[name]
unknown

[dist]
# distance from previous block
# <min> <max>
5	75

[block]
# block no. 0 follows, 37 sequences, length 71
# corresponding to MSA columns:
# 111-181
name=unknown_A
#
# <colnr> <probs for GDERKNQSTAVLIFYWHMCP>
#	G	D	E	R	K	N	Q	S	T	A	V	L	I	F	Y	W	H	M	C	P
0	0.01478	0.01396	0.02187	0.06697	0.56436	0.03885	0.01654	0.05570	0.01457	0.02014	0.01490	0.08408	0.03196	0.00710	0.00623	0.00189	0.00697	0.00666	0.00349	0.00897
1	0.57458	0.01286	0.01152	0.01168	0.08063	0.05376	0.00838	0.04335	0.02751	0.02571	0.02913	0.01260	0.00919	0.00623	0.00491	0.00188	0.03233	0.00409	0.04258	0.00707
2	0.01372	0.01296	0.02189	0.25994	0.49145	0.01379	0.01743	0.01729	0.01315	0.01823	0.01174	0.01685	0.00990	0.04757	0.00743	0.00211	0.00747	0.00564	0.00297	0.00849
3	0.03881	0.01484	0.01939	0.02325	0.33288	0.04025	0.01368	0.28527	0.01918	0.02627	0.01547	0.03836	0.03749	0.05846	0.00775	0.00212	0.00679	0.00618	0.00443	0.00912
4	0.01534	0.01353	0.02023	0.02434	0.34034	0.01480	0.03940	0.10071	0.07689	0.04038	0.03759	0.04029	0.01344	0.04459	0.00997	0.00223	0.14698	0.00635	0.00395	0.00865
5	0.02353	0.01727	0.01805	0.01395	0.01876	0.05355	0.01147	0.64687	0.02749	0.08457	0.01507	0.01493	0.01060	0.00731	0.00610	0.00183	0.00684	0.00548	0.00608	0.01025
6	0.02327	0.01715	0.01837	0.01408	0.01898	0.01898	0.01163	0.72628	0.02878	0.03858	0.01470	0.01470	0.01041	0.00735	0.00612	0.00184	0.00674	0.00551	0.00612	0.01041
7	0.01442	0.01596	0.03277	0.02385	0.02927	0.01575	0.60335	0.02023	0.07264	0.01966	0.01302	0.01675	0.00994	0.00591	0.00828	0.00212	0.07750	0.00703	0.00331	0.00823
8	0.01256	0.05151	0.36389	0.06531	0.06372	0.03544	0.14476	0.01756	0.01307	0.01825	0.01442	0.12728	0.01301	0.00777	0.00662	0.00202	0.02460	0.00697	0.00319	0.00804
9	0.01063	0.00532	0.00797	0.00797	0.00797	0.00532	0.00532	0.00797	0.00797	0.01063	0.01063	0.01861	0.01063	0.02127	0.02392	0.82190	0.00532	0.00532	0.00266	0.00266
10	0.00744	0.00538	0.00704	0.00837	0.00884	0.00498	0.00562	0.00854	0.01186	0.01569	0.03557	0.73412	0.08607	0.01894	0.00778	0.00246	0.00352	0.01711	0.00568	0.00498
11	0.01403	0.01222	0.04725	0.01353	0.07915	0.03161	0.00999	0.13088	0.17894	0.04475	0.16977	0.13150	0.05410	0.01061	0.00699	0.00205	0.02314	0.02594	0.00563	0.00794
12	0.01156	0.01088	0.01836	0.77016	0.04216	0.01360	0.01700	0.01564	0.01224	0.01564	0.01088	0.01632	0.00816	0.00612	0.00612	0.00204	0.00816	0.00544	0.00272	0.00680
13	0.01437	0.01628	0.03483	0.02508	0.03081	0.01572	0.67149	0.01924	0.01407	0.01924	0.01206	0.01628	0.00919	0.00557	0.00818	0.00211	0.06719	0.00708	0.00306	0.00814
14	0.00933	0.00776	0.00966	0.02758	0.08896	0.04226	0.00737	0.01069	0.01210	0.01571	0.03013	0.47373	0.09040	0.11663	0.01050	0.00279	0.00472	0.02924	0.00496	0.00548
15	0.01961	0.01620	0.01965	0.12162	0.23981	0.14945	0.03429	0.10929	0.03576	0.17255	0.01444	0.01592	0.01061	0.00644	0.00604	0.00184	0.00760	0.00542	0.00442	0.00903
16	0.01637	0.78856	0.03208	0.01047	0.01571	0.02422	0.01047	0.01833	0.01244	0.01440	0.00851	0.00982	0.00786	0.00524	0.00393	0.00131	0.00655	0.00327	0.00262	0.00786
17	0.01300	0.01099	0.01269	0.00920	0.01445	0.00860	0.00737	0.05333	0.01362	0.02079	0.01351	0.01500	0.04407	0.00521	0.00475	0.00101	0.00458	0.00417	0.00386	0.73981
18	0.00875	0.00652	0.00966	0.00966	0.01070	0.00756	0.00743	0.01082	0.00979	0.01408	0.01656	0.02493	0.01569	0.08667	0.72038	0.00962	0.01582	0.00669	0.00330	0.00537
19	0.00866	0.00626	0.00818	0.00770	0.00914	0.00578	0.00578	0.01155	0.01733	0.02455	0.74346	0.04572	0.05776	0.01251	0.00722	0.00193	0.00289	0.01107	0.00674	0.00578
20	0.01243	0.03074	0.71399	0.01853	0.06522	0.01423	0.02241	0.01935	0.01298	0.01942	0.01101	0.01304	0.00786	0.00580	0.00583	0.00193	0.00895	0.00457	0.00261	0.00908
21	0.01452	0.01391	0.02266	0.07092	0.61736	0.03381	0.01739	0.01795	0.01384	0.01934	0.01360	0.05671	0.01242	0.00678	0.00626	0.00191	0.00715	0.04114	0.00328	0.00904
22	0.02715	0.01092	0.01452	0.01113	0.01588	0.00975	0.00919	0.08214	0.01837	0.69743	0.02344	0.02037	0.01480	0.00756	0.00615	0.00189	0.00532	0.00611	0.00747	0.01042
23	0.01438	0.01377	0.02338	0.18497	0.58541	0.01446	0.01829	0.01805	0.01348	0.01898	0.01130	0.01534	0.00934	0.00573	0.00644	0.00189	0.02737	0.00545	0.00296	0.00903
24	0.01219	0.01015	0.01693	0.03547	0.11880	0.00987	0.14657	0.01584	0.03868	0.05838	0.06574	0.08847	0.09135	0.01179	0.00741	0.00230	0.00626	0.25185	0.00491	0.00705
25	0.03362	0.01773	0.31052	0.01466	0.03855	0.01087	0.04418	0.01617	0.01300	0.03812	0.01927	0.06273	0.01839	0.01358	0.07897	0.00297	0.02243	0.21119	0.02569	0.00736
26	0.02175	0.02691	0.01770	0.04293	0.04018	0.65126	0.01228	0.04405	0.01698	0.01583	0.00965	0.01158	0.00803	0.00654	0.00636	0.00167	0.05172	0.00416	0.00320	0.00724
27	0.00874	0.00641	0.00938	0.00946	0.01039	0.00731	0.00716	0.01056	0.00981	0.01399	0.01737	0.06444	0.01705	0.10439	0.64075	0.03234	0.01456	0.00728	0.00342	0.00522
28	0.01156	0.01088	0.01836	0.77016	0.04216	0.01360	0.01700	0.01564	0.01224	0.01564	0.01088	0.01632	0.00816	0.00612	0.00612	0.00204	0.00816	0.00544	0.00272	0.00680
29	0.01190	0.00618	0.00623	0.00605	0.00762	0.00625	0.00458	0.04367	0.01350	0.02347	0.01975	0.02249	0.01547	0.00714	0.00436	0.00144	0.00301	0.00570	0.78529	0.00590
30	0.01156	0.01088	0.01836	0.77016	0.04216	0.01360	0.01700	0.01564	0.01224	0.01564	0.01088	0.01632	0.00816	0.00612	0.00612	0.00204	0.00816	0.00544	0.00272	0.00680
31	0.02327	0.01715	0.01837	0.01408	0.01898	0.01898	0.01163	0.72628	0.02878	0.03858	0.01470	0.01470	0.01041	0.00735	0.00612	0.00184	0.00674	0.00551	0.00612	0.01041
32	0.02719	0.01086	0.01448	0.01110	0.01585	0.00966	0.00917	0.07590	0.01826	0.70381	0.02352	0.02043	0.01484	0.00756	0.00615	0.00189	0.00531	0.00611	0.00748	0.01042
33	0.00890	0.00595	0.00676	0.00676	0.00679	0.00598	0.00381	0.00895	0.00893	0.01193	0.01921	0.03965	0.02208	0.76589	0.04989	0.00603	0.00620	0.00884	0.00370	0.00375
34	0.01515	0.01454	0.02485	0.03757	0.74669	0.01454	0.01879	0.01879	0.01394	0.02000	0.01151	0.01515	0.00970	0.00545	0.00606	0.00182	0.00727	0.00545	0.00303	0.00970
35	0.00746	0.00533	0.00710	0.00852	0.00888	0.00497	0.00568	0.00852	0.01172	0.01563	0.03374	0.78088	0.04049	0.01918	0.00781	0.00249	0.00355	0.01740	0.00568	0.00497
36	0.00740	0.00554	0.00688	0.00796	0.00873	0.00502	0.00543	0.00859	0.01226	0.01585	0.04058	0.60615	0.21080	0.01829	0.00767	0.00238	0.00344	0.01632	0.00568	0.00502
37	0.01228	0.03166	0.75316	0.01745	0.02649	0.01422	0.02262	0.01939	0.01292	0.01939	0.01099	0.01292	0.00775	0.00582	0.00582	0.00194	0.00905	0.00452	0.00258	0.00905
38	0.00779	0.00631	0.00700	0.00731	0.00914	0.00553	0.00570	0.00960	0.01402	0.01719	0.08720	0.09825	0.54674	0.01581	0.00748	0.00222	0.00357	0.13815	0.00573	0.00527
39	0.01983	0.34887	0.02422	0.01389	0.01803	0.42375	0.03636	0.02170	0.01518	0.01490	0.00916	0.01072	0.00792	0.00582	0.00491	0.00148	0.00912	0.00378	0.00293	0.00746
40	0.01487	0.28205	0.34598	0.03379	0.04077	0.05525	0.08930	0.01949	0.01327	0.03724	0.01059	0.01250	0.00821	0.00563	0.00533	0.00172	0.00827	0.00444	0.00283	0.00847
41	0.01410	0.01347	0.02295	0.25168	0.54078	0.01427	0.01826	0.01787	0.01344	0.01872	0.01133	0.01549	0.00925	0.00565	0.00608	0.00188	0.00753	0.00545	0.00294	0.00885
42	0.01061	0.00822	0.01117	0.01085	0.02832	0.00968	0.00796	0.01312	0.05780	0.03425	0.01647	0.02620	0.01606	0.23153	0.36046	0.00674	0.13427	0.00697	0.00360	0.00571
43	0.05306	0.01893	0.01988	0.12404	0.30696	0.27772	0.01491	0.04000	0.01501	0.01826	0.01109	0.03153	0.00942	0.00637	0.00619	0.00180	0.02843	0.00510	0.00321	0.00809
44	0.00756	0.00600	0.00650	0.00676	0.00818	0.00526	0.00475	0.00883	0.01290	0.01592	0.06976	0.19409	0.48675	0.12618	0.01077	0.00270	0.00359	0.01315	0.00543	0.00494
45	0.00783	0.00562	0.00710	0.00802	0.00857	0.00526	0.00538	0.00893	0.01190	0.01578	0.08415	0.52273	0.09946	0.14739	0.01167	0.00300	0.00392	0.03302	0.00542	0.00485
46	0.01555	0.01509	0.04166	0.15489	0.18154	0.06316	0.10542	0.08172	0.12961	0.04161	0.01404	0.01673	0.01092	0.00811	0.03399	0.00227	0.06547	0.00584	0.00387	0.00852
47	0.01341	0.01080	0.01272	0.00939	0.01437	0.00868	0.00749	0.05368	0.01344	0.04509	0.01210	0.01447	0.01007	0.02580	0.05531	0.00170	0.00549	0.00413	0.00387	0.67800
48	0.80167	0.01193	0.00951	0.00901	0.03574	0.01376	0.00702	0.01802	0.01053	0.02722	0.00862	0.01011	0.00673	0.00567	0.00386	0.00189	0.00482	0.00338	0.00376	0.00673
49	0.01313	0.12566	0.02168	0.01530	0.01849	0.05391	0.22607	0.03749	0.01324	0.01741	0.01753	0.17759	0.01780	0.05154	0.02873	0.00249	0.07794	0.04470	0.03247	0.00684
50	0.01320	0.01059	0.01117	0.01013	0.01278	0.03291	0.00784	0.04137	0.34583	0.04218	0.16114	0.03112	0.12292	0.00988	0.00662	0.00196	0.02222	0.00818	0.10019	0.00778
51	0.00859	0.00625	0.00809	0.00763	0.00910	0.00575	0.00572	0.01142	0.01716	0.02416	0.71027	0.04637	0.09119	0.01266	0.00722	0.00193	0.00290	0.01116	0.00669	0.00575
52	0.00779	0.00605	0.00708	0.00719	0.00870	0.00535	0.00525	0.00972	0.01472	0.01922	0.30001	0.19491	0.36175	0.01515	0.00734	0.00210	0.00311	0.01313	0.00606	0.00535
53	0.01614	0.74637	0.07227	0.01086	0.01631	0.02366	0.01115	0.01839	0.01246	0.01468	0.00865	0.00999	0.00785	0.00527	0.00403	0.00134	0.00669	0.00334	0.00262	0.00792
54	0.01042	0.00571	0.00606	0.00625	0.00756	0.00557	0.00458	0.01293	0.01296	0.02143	0.05914	0.13743	0.06951	0.00971	0.00513	0.00165	0.00297	0.00815	0.60727	0.00557
55	0.82811	0.01184	0.00900	0.00805	0.01184	0.01373	0.00663	0.01799	0.01042	0.02746	0.00852	0.00994	0.00663	0.00568	0.00379	0.00189	0.00474	0.00331	0.00379	0.00663
56	0.02604	0.01000	0.01345	0.01043	0.01487	0.00870	0.00858	0.02845	0.01710	0.68617	0.02378	0.02101	0.01520	0.00754	0.00599	0.00185	0.00500	0.00612	0.07973	0.01000
57	0.02589	0.01217	0.01515	0.01165	0.01634	0.01169	0.00961	0.22328	0.02053	0.53404	0.02141	0.01918	0.01385	0.00750	0.00610	0.00187	0.00557	0.00596	0.02791	0.01029
58	0.01269	0.01088	0.01269	0.00907	0.01451	0.00816	0.00725	0.01541	0.01269	0.01995	0.01088	0.01269	0.00907	0.00453	0.00453	0.00091	0.00453	0.00363	0.00363	0.82229
59	0.82811	0.01184	0.00900	0.00805	0.01184	0.01373	0.00663	0.01799	0.01042	0.02746	0.00852	0.00994	0.00663	0.00568	0.00379	0.00189	0.00474	0.00331	0.00379	0.00663
60	0.05651	0.01693	0.01798	0.01383	0.01869	0.01877	0.01143	0.69702	0.02802	0.03812	0.01444	0.01450	0.01025	0.00728	0.00603	0.00184	0.00665	0.00542	0.00603	0.01025
61	0.01063	0.00532	0.00797	0.00797	0.00797	0.00532	0.00532	0.00797	0.00797	0.01063	0.01063	0.01861	0.01063	0.02127	0.02392	0.82190	0.00532	0.00532	0.00266	0.00266
62	0.01692	0.01399	0.01480	0.01280	0.01656	0.01602	0.01010	0.17906	0.58633	0.02835	0.02276	0.02112	0.01694	0.00810	0.00621	0.00203	0.00524	0.00662	0.00621	0.00984
63	0.01437	0.01705	0.06138	0.02551	0.03180	0.01544	0.69974	0.01960	0.01439	0.01960	0.01233	0.01639	0.00923	0.00518	0.00717	0.00206	0.01028	0.00713	0.00308	0.00828
64	0.00856	0.00625	0.00804	0.00759	0.00908	0.00573	0.00570	0.01135	0.01709	0.02397	0.69471	0.04667	0.10687	0.01273	0.00722	0.00194	0.00290	0.01120	0.00666	0.00573
65	0.02474	0.00968	0.01305	0.01035	0.01450	0.00845	0.00841	0.02703	0.01673	0.64179	0.02467	0.08400	0.01729	0.00851	0.00617	0.00191	0.00492	0.00706	0.06108	0.00965
66	0.01208	0.00748	0.00944	0.00841	0.01059	0.00696	0.00648	0.04402	0.03430	0.13215	0.52624	0.04145	0.11267	0.01175	0.00699	0.00193	0.00346	0.01019	0.00673	0.00669
67	0.01681	0.03978	0.09996	0.09126	0.21773	0.13778	0.12662	0.09742	0.01574	0.03814	0.01158	0.01441	0.00906	0.00620	0.00687	0.00189	0.05141	0.00534	0.00341	0.00859
68	0.01570	0.01160	0.01927	0.19414	0.27054	0.01179	0.06484	0.01890	0.01400	0.17137	0.01742	0.13188	0.01509	0.00809	0.00644	0.00200	0.00670	0.00752	0.00431	0.00837
69	0.01413	0.01134	0.01225	0.01092	0.01391	0.01261	0.00850	0.09444	0.44078	0.02613	0.16689	0.02783	0.05091	0.00920	0.00629	0.00197	0.00442	0.00772	0.07125	0.00851
70	0.02201	0.02771	0.01765	0.05705	0.04384	0.69589	0.01233	0.02379	0.01696	0.01518	0.00960	0.01146	0.00796	0.00627	0.00557	0.00161	0.01076	0.00407	0.00313	0.00717

[dist]
# distance from previous block
# <min> <max>
0	6

[block]
# block no. 1 follows, 37 sequences, length 76
# corresponding to MSA columns:
# 287-329,331-363
name=unknown_B
#
# <colnr> <probs for GDERKNQSTAVLIFYWHMCP>
#	G	D	E	R	K	N	Q	S	T	A	V	L	I	F	Y	W	H	M	C	P
0	0.15620	0.14470	0.05503	0.04583	0.13980	0.08538	0.03972	0.08480	0.10186	0.02192	0.01278	0.03458	0.01049	0.00643	0.00532	0.00177	0.00676	0.00505	0.00384	0.03774
1	0.10651	0.01553	0.06632	0.02415	0.35098	0.05147	0.03555	0.10529	0.03512	0.08127	0.03442	0.04090	0.01228	0.00666	0.00591	0.00187	0.00684	0.00579	0.00411	0.00902
2	0.01419	0.03243	0.01530	0.04846	0.03168	0.03041	0.04787	0.05936	0.01403	0.04231	0.01180	0.01371	0.00946	0.00508	0.00494	0.00118	0.00541	0.00421	0.03055	0.57764
3	0.01177	0.01128	0.03755	0.15037	0.29383	0.01101	0.04797	0.01513	0.01423	0.01962	0.17881	0.08088	0.08404	0.00895	0.00660	0.00196	0.00603	0.00824	0.00420	0.00753
4	0.79901	0.01203	0.00934	0.00827	0.01210	0.01392	0.00681	0.04361	0.01108	0.02787	0.00875	0.01012	0.00677	0.00574	0.00387	0.00189	0.00481	0.00339	0.00387	0.00677
5	0.01447	0.01104	0.01498	0.03576	0.12572	0.01143	0.04867	0.05498	0.21296	0.09990	0.04530	0.07968	0.09005	0.05495	0.00812	0.00232	0.00555	0.07070	0.00535	0.00808
6	0.00866	0.00626	0.00818	0.00770	0.00914	0.00578	0.00578	0.01155	0.01733	0.02455	0.74346	0.04572	0.05776	0.01251	0.00722	0.00193	0.00289	0.01107	0.00674	0.00578
7	0.00788	0.00604	0.00698	0.00712	0.00840	0.00549	0.00503	0.00939	0.01322	0.01705	0.17828	0.17275	0.34498	0.14112	0.04611	0.00309	0.00421	0.01237	0.00545	0.00503
8	0.27566	0.01279	0.01378	0.01092	0.01541	0.01333	0.00902	0.22575	0.01853	0.32140	0.01657	0.01568	0.01114	0.00692	0.00541	0.00188	0.00550	0.00509	0.00598	0.00924
9	0.00763	0.00616	0.00681	0.00687	0.00863	0.00533	0.00513	0.00946	0.01448	0.01822	0.20503	0.12096	0.51432	0.01523	0.00732	0.00209	0.00316	0.03196	0.00591	0.00529
10	0.01637	0.78856	0.03208	0.01047	0.01571	0.02422	0.01047	0.01833	0.01244	0.01440	0.00851	0.00982	0.00786	0.00524	0.00393	0.00131	0.00655	0.00327	0.00262	0.00786
11	0.01137	0.01025	0.01650	0.19295	0.30389	0.01068	0.01328	0.01416	0.01289	0.01741	0.02223	0.24855	0.07961	0.01055	0.00670	0.00209	0.00601	0.00965	0.00397	0.00724
12	0.01070	0.00921	0.01381	0.01236	0.01439	0.02755	0.13946	0.08202	0.01415	0.01866	0.02845	0.51418	0.05990	0.01493	0.00745	0.00230	0.00529	0.01381	0.00518	0.00618
13	0.01367	0.01302	0.02030	0.01569	0.04961	0.01203	0.19730	0.03807	0.01327	0.01976	0.01105	0.01395	0.00906	0.00561	0.00734	0.00150	0.10436	0.00493	0.00342	0.44608
14	0.00758	0.00616	0.00641	0.00649	0.00816	0.00534	0.00468	0.00891	0.01310	0.01583	0.05360	0.07809	0.58933	0.13646	0.01104	0.00271	0.00363	0.03217	0.00537	0.00495
15	0.01051	0.00882	0.01227	0.01139	0.01202	0.01106	0.00889	0.02717	0.01004	0.01461	0.01487	0.05537	0.01500	0.14313	0.36695	0.00648	0.25544	0.00697	0.00332	0.00568
16	0.01462	0.01114	0.01334	0.00978	0.01484	0.00912	0.00789	0.03647	0.01348	0.09922	0.01227	0.01367	0.00971	0.00527	0.00559	0.00113	0.04618	0.00405	0.00407	0.66816
17	0.00764	0.00617	0.00680	0.00675	0.00855	0.00532	0.00502	0.00954	0.01476	0.01871	0.24936	0.09691	0.51324	0.01489	0.00726	0.00205	0.00307	0.01266	0.00598	0.00532
18	0.01369	0.04358	0.49806	0.01663	0.04553	0.05932	0.04671	0.01962	0.02895	0.03702	0.01151	0.01332	0.00849	0.00570	0.00565	0.00175	0.00826	0.00455	0.00301	0.12865
19	0.77023	0.01195	0.00969	0.00862	0.01214	0.01409	0.00711	0.01776	0.01034	0.02656	0.00849	0.01019	0.00673	0.00604	0.00495	0.00195	0.05936	0.00346	0.00371	0.00663
20	0.02563	0.01001	0.01362	0.01058	0.01499	0.00868	0.00868	0.02804	0.01750	0.67988	0.09451	0.02327	0.01932	0.00806	0.00626	0.00190	0.00498	0.00664	0.00749	0.00996
21	0.01299	0.01135	0.01191	0.03244	0.01446	0.03460	0.00854	0.02460	0.46639	0.02293	0.10416	0.06333	0.14601	0.01030	0.00654	0.00206	0.00458	0.00868	0.00597	0.00816
22	0.00826	0.00657	0.00738	0.00750	0.00910	0.00607	0.00547	0.01105	0.06775	0.01812	0.16214	0.19078	0.38643	0.05960	0.00867	0.00236	0.00350	0.02797	0.00578	0.00549
23	0.00797	0.00568	0.00723	0.00818	0.00865	0.00545	0.00550	0.00898	0.01127	0.01492	0.03135	0.49070	0.07887	0.19508	0.04661	0.00359	0.00476	0.05533	0.00512	0.00476
24	0.58507	0.01435	0.01217	0.01028	0.01430	0.07238	0.02506	0.16081	0.01474	0.02855	0.00993	0.01114	0.00755	0.00605	0.00447	0.00186	0.00576	0.00390	0.00419	0.00746
25	0.21261	0.02115	0.01571	0.04660	0.04016	0.40660	0.02743	0.04364	0.01548	0.06915	0.01065	0.01210	0.00831	0.00614	0.00521	0.00169	0.00850	0.00417	0.00369	0.04100
26	0.01267	0.00899	0.01107	0.01102	0.01302	0.00949	0.00897	0.10961	0.10158	0.05004	0.02772	0.19194	0.02834	0.01395	0.00772	0.00241	0.02531	0.30451	0.05480	0.00684
27	0.01637	0.78856	0.03208	0.01047	0.01571	0.02422	0.01047	0.01833	0.01244	0.01440	0.00851	0.00982	0.00786	0.00524	0.00393	0.00131	0.00655	0.00327	0.00262	0.00786
28	0.00884	0.00591	0.00669	0.00676	0.00677	0.00589	0.00379	0.00889	0.00902	0.01203	0.01991	0.07190	0.02304	0.75196	0.03015	0.00579	0.00583	0.00927	0.00379	0.00376
29	0.01575	0.01314	0.01403	0.01250	0.01596	0.01502	0.00984	0.11602	0.59458	0.02658	0.02426	0.04299	0.01905	0.00889	0.00637	0.00209	0.00508	0.04223	0.00617	0.00946
30	0.01826	0.08236	0.01914	0.05363	0.10740	0.08601	0.03961	0.17283	0.26258	0.06946	0.01706	0.01728	0.01282	0.00703	0.00595	0.00187	0.00666	0.00575	0.00501	0.00929
31	0.01546	0.10566	0.14152	0.01613	0.11554	0.03586	0.05585	0.06816	0.06254	0.09463	0.03982	0.04444	0.07116	0.00739	0.00586	0.00175	0.00648	0.00623	0.00428	0.10124
32	0.04413	0.03962	0.33725	0.03569	0.08523	0.01351	0.02977	0.09767	0.05421	0.07755	0.05938	0.06951	0.01469	0.00753	0.00606	0.00195	0.00715	0.00626	0.00412	0.00872
33	0.07763	0.01343	0.01513	0.01210	0.01647	0.01419	0.00985	0.28578	0.16900	0.26750	0.04152	0.01899	0.01484	0.00766	0.00603	0.00191	0.00559	0.00603	0.00648	0.00986
34	0.01373	0.01491	0.03014	0.10918	0.07143	0.01515	0.48819	0.01805	0.01345	0.01843	0.01256	0.04889	0.01038	0.00655	0.00858	0.00214	0.10015	0.00714	0.00311	0.00785
35	0.03814	0.22687	0.13519	0.01749	0.10633	0.05390	0.13021	0.01997	0.03372	0.09514	0.01409	0.05653	0.01189	0.00683	0.00573	0.00181	0.00744	0.02670	0.00368	0.00835
36	0.01439	0.01473	0.06077	0.18022	0.37727	0.05656	0.03580	0.01831	0.03301	0.04169	0.01524	0.03793	0.05014	0.00686	0.00660	0.00193	0.03059	0.00614	0.00338	0.00844
37	0.00766	0.00577	0.00710	0.00784	0.00888	0.00522	0.00555	0.00919	0.01326	0.01729	0.14564	0.44143	0.24372	0.01707	0.00758	0.00230	0.00340	0.04008	0.00584	0.00517
38	0.01105	0.00960	0.01428	0.16947	0.17236	0.01030	0.01128	0.03284	0.03537	0.01850	0.11182	0.19378	0.09802	0.03450	0.00822	0.00223	0.04544	0.00969	0.00446	0.00680
39	0.07564	0.07011	0.29301	0.01864	0.17025	0.01367	0.01597	0.03812	0.03405	0.15687	0.01466	0.04777	0.01123	0.00670	0.00576	0.00189	0.00708	0.00549	0.00402	0.00906
40	0.01615	0.00941	0.01163	0.02731	0.01352	0.00941	0.00801	0.06557	0.12991	0.24115	0.11436	0.16507	0.09324	0.03669	0.00788	0.00220	0.02480	0.00954	0.00628	0.00787
41	0.00787	0.00570	0.00743	0.00870	0.00920	0.00546	0.00589	0.00960	0.04075	0.01599	0.03297	0.71372	0.03900	0.03885	0.00838	0.00257	0.00372	0.03342	0.00565	0.00514
42	0.16863	0.08450	0.04229	0.03645	0.06205	0.30998	0.11093	0.02180	0.01480	0.07873	0.01103	0.01274	0.00855	0.00598	0.00542	0.00174	0.00857	0.00456	0.00354	0.00771
43	0.60328	0.11403	0.06592	0.00986	0.01423	0.05545	0.02545	0.01852	0.01132	0.02435	0.00884	0.01035	0.00700	0.00566	0.00412	0.00181	0.00575	0.00352	0.00350	0.00702
44	0.03911	0.05432	0.08702	0.30264	0.26803	0.03494	0.03128	0.01873	0.03034	0.05887	0.01197	0.01537	0.00922	0.00593	0.00590	0.00190	0.00764	0.00526	0.00321	0.00831
45	0.01333	0.03702	0.02092	0.12983	0.39899	0.01288	0.05753	0.01685	0.03021	0.01841	0.01446	0.09845	0.01356	0.04990	0.00754	0.00209	0.00685	0.00687	0.00341	0.06087
46	0.01364	0.00745	0.00976	0.00849	0.01085	0.00667	0.00654	0.01624	0.01684	0.21303	0.49109	0.03846	0.06063	0.04208	0.00783	0.00205	0.00366	0.00955	0.00673	0.02838
47	0.01847	0.51271	0.04480	0.01244	0.01706	0.27333	0.01123	0.02043	0.01411	0.01472	0.00889	0.01031	0.00786	0.00561	0.00451	0.00142	0.00813	0.00353	0.00280	0.00763
48	0.01026	0.00624	0.00757	0.00733	0.00882	0.00582	0.00541	0.01267	0.01494	0.06546	0.35183	0.12613	0.09136	0.04283	0.00743	0.00203	0.00323	0.01020	0.21462	0.00581
49	0.00853	0.00619	0.00787	0.00754	0.00887	0.00571	0.00552	0.01101	0.01616	0.02256	0.60520	0.07783	0.10426	0.07492	0.00916	0.00228	0.00318	0.01130	0.00637	0.00553
50	0.00783	0.00561	0.00742	0.00867	0.00922	0.00528	0.00606	0.00913	0.01213	0.01611	0.05715	0.62266	0.06056	0.04930	0.00879	0.00263	0.00385	0.09692	0.00563	0.00503
51	0.02327	0.01715	0.01837	0.01408	0.01898	0.01898	0.01163	0.72628	0.02878	0.03858	0.01470	0.01470	0.01041	0.00735	0.00612	0.00184	0.00674	0.00551	0.00612	0.01041
52	0.01637	0.78856	0.03208	0.01047	0.01571	0.02422	0.01047	0.01833	0.01244	0.01440	0.00851	0.00982	0.00786	0.00524	0.00393	0.00131	0.00655	0.00327	0.00262	0.00786
53	0.00986	0.00705	0.00986	0.01127	0.01268	0.00705	0.00986	0.01268	0.01409	0.01832	0.03241	0.06905	0.03523	0.01691	0.00845	0.00282	0.00564	0.70549	0.00564	0.00564
54	0.02746	0.01042	0.01421	0.01089	0.01563	0.00900	0.00900	0.02983	0.01752	0.75093	0.02415	0.02083	0.01515	0.00758	0.00616	0.00189	0.00521	0.00616	0.00758	0.01042
55	0.01304	0.01109	0.01288	0.00923	0.01465	0.00852	0.00740	0.03876	0.01322	0.02056	0.01101	0.01276	0.00911	0.00463	0.00459	0.00094	0.00461	0.00369	0.00371	0.79563
56	0.02217	0.02615	0.01783	0.04577	0.04903	0.59529	0.01228	0.12424	0.01865	0.01858	0.01035	0.01193	0.00833	0.00642	0.00565	0.00164	0.01016	0.00429	0.00356	0.00766
57	0.02704	0.01110	0.01463	0.01121	0.01596	0.01000	0.00926	0.10007	0.01866	0.67909	0.02320	0.02022	0.01467	0.00755	0.00615	0.00189	0.00536	0.00609	0.00743	0.01042
58	0.01731	0.01408	0.01496	0.01278	0.01658	0.01601	0.01012	0.22928	0.51261	0.02927	0.04391	0.02122	0.01752	0.00816	0.00623	0.00200	0.00532	0.00665	0.00621	0.00977
59	0.82811	0.01184	0.00900	0.00805	0.01184	0.01373	0.00663	0.01799	0.01042	0.02746	0.00852	0.00994	0.00663	0.00568	0.00379	0.00189	0.00474	0.00331	0.00379	0.00663
60	0.00833	0.00626	0.00769	0.00760	0.00913	0.00569	0.00575	0.01067	0.01562	0.02102	0.43998	0.08158	0.24595	0.03689	0.00807	0.00218	0.00331	0.07257	0.00621	0.00550
61	0.01356	0.01223	0.02061	0.46507	0.30438	0.01376	0.01734	0.01740	0.01309	0.04757	0.01166	0.01607	0.00902	0.00593	0.00610	0.00195	0.00771	0.00547	0.00304	0.00803
62	0.01607	0.08059	0.31661	0.01494	0.02107	0.03221	0.03724	0.21749	0.04071	0.04247	0.01616	0.02064	0.03208	0.00769	0.00612	0.00195	0.00756	0.07528	0.00424	0.00888
63	0.00865	0.00589	0.00773	0.00881	0.00967	0.00547	0.00635	0.01008	0.01254	0.04772	0.03590	0.57158	0.10764	0.01798	0.00778	0.00247	0.00389	0.11877	0.00576	0.00532
64	0.01637	0.78856	0.03208	0.01047	0.01571	0.02422	0.01047	0.01833	0.01244	0.01440	0.00851	0.00982	0.00786	0.00524	0.00393	0.00131	0.00655	0.00327	0.00262	0.00786
65	0.01467	0.06673	0.02570	0.02057	0.07964	0.06403	0.24582	0.01749	0.01210	0.01674	0.00985	0.01417	0.00856	0.00784	0.01279	0.00225	0.36489	0.00575	0.00287	0.00755
66	0.01395	0.25015	0.49388	0.01514	0.02276	0.01732	0.01829	0.04506	0.03632	0.01883	0.01084	0.01240	0.00823	0.00578	0.00529	0.00176	0.00810	0.00427	0.00284	0.00877
67	0.04314	0.02152	0.01881	0.07722	0.07162	0.37558	0.06315	0.17358	0.01854	0.02126	0.01225	0.03403	0.01019	0.00697	0.00594	0.00179	0.00906	0.02353	0.00390	0.00795
68	0.00734	0.00623	0.00634	0.00640	0.00844	0.00524	0.00485	0.00894	0.01396	0.01661	0.06086	0.05930	0.71660	0.01556	0.00728	0.00210	0.00320	0.03988	0.00568	0.00519
69	0.01144	0.00780	0.00895	0.00850	0.01093	0.00733	0.00669	0.01551	0.11374	0.11496	0.09952	0.06887	0.38649	0.01353	0.00713	0.00214	0.00394	0.09988	0.00608	0.00658
70	0.08241	0.06659	0.04028	0.02039	0.21809	0.14131	0.05334	0.08437	0.06675	0.07418	0.01388	0.03639	0.01142	0.00699	0.00644	0.00187	0.04031	0.02239	0.00403	0.00856
71	0.00746	0.00533	0.00710	0.00852	0.00888	0.00497	0.00568	0.00852	0.01172	0.01563	0.03374	0.78088	0.04049	0.01918	0.00781	0.00249	0.00355	0.01740	0.00568	0.00497
72	0.01767	0.00853	0.00974	0.00841	0.01115	0.03805	0.00660	0.02022	0.01519	0.30343	0.08654	0.05403	0.01993	0.00823	0.00546	0.00170	0.00413	0.00676	0.36666	0.00756
73	0.00893	0.00678	0.01011	0.01008	0.01116	0.00796	0.00792	0.01112	0.01000	0.01440	0.01680	0.02558	0.01591	0.04365	0.70733	0.00933	0.03875	0.03533	0.00336	0.00551
74	0.01872	0.03546	0.08106	0.01284	0.01720	0.01323	0.04032	0.27502	0.04274	0.17058	0.02227	0.05568	0.05921	0.00933	0.00648	0.00202	0.00615	0.09791	0.02492	0.00885
75	0.01730	0.00815	0.01086	0.00911	0.01198	0.00726	0.00713	0.01979	0.01693	0.35711	0.37132	0.03397	0.03615	0.05513	0.00812	0.00214	0.00413	0.00869	0.00695	0.00779

[dist]
# distance from previous block
# <min> <max>
0	11

[block]
# block no. 2 follows, 37 sequences, length 12
# corresponding to MSA columns:
# 375-386
name=unknown_C
#
# <colnr> <probs for GDERKNQSTAVLIFYWHMCP>
#	G	D	E	R	K	N	Q	S	T	A	V	L	I	F	Y	W	H	M	C	P
0	0.00781	0.00566	0.00715	0.00807	0.00874	0.00527	0.00552	0.00903	0.01223	0.01613	0.09228	0.51026	0.12860	0.10869	0.01048	0.00281	0.00382	0.04698	0.00553	0.00494
1	0.01334	0.04300	0.02002	0.40806	0.21319	0.04930	0.03562	0.01772	0.05781	0.01717	0.01229	0.01732	0.01003	0.05140	0.00749	0.00216	0.00773	0.00563	0.00310	0.00762
2	0.00890	0.00593	0.00668	0.00668	0.00668	0.00593	0.00371	0.00890	0.00890	0.01187	0.01929	0.04006	0.02225	0.78487	0.03116	0.00593	0.00593	0.00890	0.00371	0.00371
3	0.09096	0.01134	0.01429	0.01105	0.01573	0.01058	0.00913	0.11280	0.01831	0.60726	0.02176	0.01922	0.01390	0.00740	0.00596	0.00189	0.00535	0.00585	0.00710	0.01011
4	0.01034	0.00719	0.00991	0.01160	0.09585	0.00665	0.00737	0.01230	0.01407	0.08265	0.19174	0.35261	0.14493	0.01452	0.00724	0.00217	0.00392	0.01294	0.00577	0.00621
5	0.06722	0.01695	0.16558	0.01821	0.08575	0.05576	0.20857	0.01877	0.03331	0.08395	0.03289	0.12520	0.04387	0.00824	0.00648	0.00202	0.00749	0.00772	0.00406	0.00796
6	0.01082	0.00942	0.00966	0.00946	0.01115	0.09434	0.00732	0.01401	0.05274	0.02088	0.38386	0.04585	0.08907	0.06076	0.00872	0.00234	0.00471	0.15317	0.00581	0.00593
7	0.05148	0.01561	0.01545	0.01279	0.01659	0.08480	0.01019	0.43502	0.10146	0.03083	0.01793	0.12351	0.01534	0.00896	0.00617	0.00192	0.00629	0.00712	0.02960	0.00897
8	0.03431	0.01449	0.05342	0.15323	0.22417	0.05975	0.01407	0.10091	0.03196	0.17261	0.01484	0.01656	0.01085	0.00656	0.00620	0.00187	0.02249	0.00547	0.04738	0.00889
9	0.06146	0.04243	0.04957	0.04675	0.07496	0.03086	0.03172	0.03674	0.06017	0.08314	0.07596	0.04265	0.07533	0.00875	0.02986	0.00190	0.00581	0.00630	0.00446	0.23118
10	0.27656	0.23222	0.06405	0.03320	0.05250	0.10265	0.08748	0.01962	0.01291	0.05438	0.01012	0.01184	0.00805	0.00567	0.00479	0.00172	0.00705	0.00416	0.00336	0.00767
11	0.41477	0.01158	0.01198	0.00974	0.01403	0.01200	0.00804	0.07361	0.01488	0.35006	0.01591	0.01513	0.01069	0.00664	0.00501	0.00189	0.00509	0.00473	0.00564	0.00858

[dist]
# distance from previous block
# <min> <max>
0	2

[block]
# block no. 3 follows, 37 sequences, length 11
# corresponding to MSA columns:
# 389-399
name=unknown_D
#
# <colnr> <probs for GDERKNQSTAVLIFYWHMCP>
#	G	D	E	R	K	N	Q	S	T	A	V	L	I	F	Y	W	H	M	C	P
0	0.06310	0.01495	0.01402	0.01195	0.01528	0.12041	0.00945	0.24461	0.18163	0.02757	0.10462	0.02039	0.01797	0.00801	0.00622	0.00184	0.02590	0.00617	0.09754	0.00837
1	0.00802	0.00561	0.00682	0.00762	0.00810	0.00530	0.00494	0.00891	0.01119	0.01495	0.03197	0.45701	0.10899	0.23928	0.01433	0.00339	0.00416	0.01396	0.04076	0.00466
2	0.00785	0.00573	0.00739	0.00802	0.00891	0.00527	0.00562	0.00959	0.01387	0.01879	0.28131	0.45917	0.11276	0.01653	0.00755	0.00225	0.00328	0.01479	0.00605	0.00527
3	0.00942	0.00658	0.00824	0.00828	0.00974	0.00624	0.00631	0.01224	0.04060	0.04031	0.34324	0.13162	0.12892	0.06308	0.00882	0.00239	0.00375	0.12213	0.04237	0.00572
4	0.01515	0.01454	0.02485	0.03757	0.74669	0.01454	0.01879	0.01879	0.01394	0.02000	0.01151	0.01515	0.00970	0.00545	0.00606	0.00182	0.00727	0.00545	0.00303	0.00970
5	0.00952	0.00638	0.00791	0.00790	0.00952	0.00572	0.00589	0.01152	0.01482	0.07792	0.27724	0.22999	0.24818	0.01485	0.00735	0.00215	0.00344	0.04775	0.00618	0.00577
6	0.01049	0.00537	0.00787	0.00787	0.00787	0.00537	0.00519	0.00805	0.00805	0.01073	0.01133	0.02033	0.01156	0.08246	0.02450	0.75652	0.00537	0.00560	0.00274	0.00274
7	0.01662	0.54593	0.07935	0.01359	0.01912	0.05213	0.12337	0.01943	0.01325	0.05266	0.01011	0.01168	0.00844	0.00543	0.00475	0.00151	0.00743	0.00415	0.00296	0.00810
8	0.54907	0.01473	0.01070	0.00957	0.01304	0.15354	0.00762	0.05541	0.01292	0.02520	0.01022	0.01175	0.00802	0.00604	0.00429	0.00178	0.00583	0.00380	0.08966	0.00682
9	0.36574	0.01467	0.04148	0.11215	0.10371	0.06026	0.05130	0.10047	0.01406	0.04257	0.01062	0.01284	0.00814	0.00613	0.00559	0.00192	0.03230	0.00453	0.00377	0.00774
10	0.01295	0.14258	0.24058	0.07384	0.08573	0.01474	0.07409	0.03492	0.01300	0.01791	0.01388	0.05096	0.01250	0.01093	0.07203	0.00266	0.05140	0.06427	0.00322	0.00781

[dist]
# distance from previous block
# <min> <max>
0	1

[block]
# block no. 4 follows, 37 sequences, length 39
# corresponding to MSA columns:
# 401-439
name=unknown_E
#
# <colnr> <probs for GDERKNQSTAVLIFYWHMCP>
#	G	D	E	R	K	N	Q	S	T	A	V	L	I	F	Y	W	H	M	C	P
0	0.03655	0.01481	0.07304	0.02052	0.24165	0.03298	0.07572	0.04690	0.06388	0.03916	0.01313	0.03372	0.01073	0.00586	0.00564	0.00159	0.00650	0.00528	0.00374	0.26859
1	0.01437	0.04327	0.06384	0.09708	0.20798	0.04361	0.27070	0.01897	0.04438	0.03959	0.01642	0.03821	0.05973	0.00666	0.00651	0.00195	0.00814	0.00679	0.00350	0.00829
2	0.00784	0.00558	0.00715	0.00817	0.00859	0.00533	0.00542	0.00880	0.01126	0.01494	0.03154	0.55446	0.06936	0.16987	0.04214	0.00344	0.00455	0.03158	0.00520	0.00477
3	0.01142	0.02345	0.49569	0.01507	0.02168	0.01202	0.04652	0.01752	0.03700	0.02026	0.15571	0.05250	0.01959	0.00921	0.03392	0.00226	0.00780	0.00661	0.00369	0.00809
4	0.01714	0.01885	0.05455	0.05716	0.22926	0.22516	0.10210	0.03903	0.08511	0.03937	0.01411	0.01861	0.01172	0.00686	0.00622	0.00189	0.00842	0.05230	0.00372	0.00838
5	0.01670	0.56372	0.05739	0.01151	0.01632	0.09817	0.01095	0.05819	0.03289	0.01646	0.01112	0.04276	0.01031	0.00643	0.00463	0.00150	0.00694	0.02301	0.00316	0.00784
6	0.00929	0.00624	0.00778	0.00833	0.00968	0.00566	0.00616	0.01087	0.01325	0.07142	0.06618	0.37646	0.24027	0.03485	0.00814	0.00243	0.00386	0.10779	0.00581	0.00552
7	0.01599	0.01490	0.09076	0.08779	0.15318	0.04015	0.11042	0.12656	0.01621	0.10750	0.01825	0.14065	0.03291	0.00855	0.00651	0.00200	0.00705	0.00776	0.00448	0.00840
8	0.01308	0.01411	0.08398	0.37735	0.24910	0.01394	0.06134	0.01806	0.05317	0.01826	0.01219	0.01622	0.00944	0.00598	0.00610	0.00195	0.00778	0.00557	0.02430	0.00808
9	0.00940	0.00692	0.00863	0.00828	0.00851	0.00768	0.00551	0.01002	0.00955	0.01323	0.05780	0.03501	0.02159	0.54881	0.12844	0.00586	0.09834	0.00828	0.00370	0.00442
10	0.00877	0.00648	0.00942	0.00942	0.01036	0.00742	0.00713	0.01066	0.00971	0.01390	0.01678	0.02618	0.01623	0.14422	0.66357	0.00932	0.01500	0.00687	0.00334	0.00523
11	0.01626	0.04002	0.21465	0.07646	0.16562	0.13642	0.07986	0.06814	0.04168	0.05036	0.01258	0.01478	0.00955	0.00610	0.00590	0.00183	0.00828	0.00516	0.03773	0.00862
12	0.01738	0.01718	0.01880	0.03601	0.15787	0.21329	0.07977	0.06782	0.13403	0.06058	0.01595	0.07234	0.01347	0.00947	0.04362	0.00229	0.02118	0.00643	0.00424	0.00828
13	0.00872	0.00627	0.00775	0.00750	0.00893	0.00582	0.00553	0.01148	0.02963	0.02236	0.52024	0.09911	0.13561	0.04074	0.00791	0.00210	0.00311	0.01125	0.06031	0.00564
14	0.01438	0.01395	0.02360	0.13946	0.52130	0.01499	0.04751	0.01785	0.01313	0.01868	0.01101	0.01515	0.00924	0.00622	0.00793	0.00197	0.10635	0.00551	0.00294	0.00883
15	0.01039	0.00912	0.01168	0.21364	0.01900	0.02676	0.00941	0.03031	0.04283	0.01699	0.06094	0.03658	0.27777	0.06893	0.02762	0.01942	0.05663	0.03429	0.00439	0.02328
16	0.00970	0.00670	0.00832	0.00795	0.00964	0.00617	0.00601	0.02934	0.01610	0.05917	0.44224	0.09663	0.18437	0.04173	0.00813	0.00218	0.00345	0.04998	0.00632	0.00587
17	0.01415	0.01352	0.02304	0.24160	0.55047	0.01428	0.01829	0.01791	0.01347	0.01878	0.01134	0.01548	0.00927	0.00564	0.00608	0.00188	0.00752	0.00545	0.00294	0.00889
18	0.01269	0.01088	0.01269	0.00907	0.01451	0.00816	0.00725	0.01541	0.01269	0.01995	0.01088	0.01269	0.00907	0.00453	0.00453	0.00091	0.00453	0.00363	0.00363	0.82229
19	0.03228	0.05489	0.08462	0.15865	0.10857	0.13137	0.08612	0.04717	0.01433	0.03641	0.01403	0.04528	0.02532	0.03199	0.00678	0.00195	0.00779	0.03005	0.00350	0.07889
20	0.02690	0.01132	0.01477	0.01132	0.01608	0.01034	0.00935	0.12374	0.01904	0.65488	0.02287	0.02001	0.01451	0.00755	0.00615	0.00189	0.00541	0.00607	0.00738	0.01042
21	0.02132	0.01618	0.01727	0.01369	0.01824	0.01807	0.01116	0.55835	0.19988	0.03544	0.01717	0.01667	0.01241	0.00758	0.00615	0.00189	0.00628	0.00585	0.00615	0.01024
22	0.01135	0.01056	0.01773	0.71438	0.03987	0.01316	0.01631	0.01529	0.01206	0.01553	0.01128	0.01689	0.00868	0.00904	0.06147	0.00261	0.00876	0.00552	0.00276	0.00670
23	0.10838	0.17372	0.02046	0.01688	0.15920	0.01743	0.01188	0.23915	0.09625	0.04667	0.01422	0.01655	0.01138	0.00686	0.00551	0.00180	0.00629	0.03376	0.00457	0.00905
24	0.01616	0.45608	0.23973	0.01316	0.01932	0.07495	0.01419	0.07102	0.01414	0.01767	0.00975	0.01117	0.00802	0.00564	0.00475	0.00155	0.00762	0.00385	0.00291	0.00833
25	0.02327	0.01715	0.01837	0.01408	0.01898	0.01898	0.01163	0.72628	0.02878	0.03858	0.01470	0.01470	0.01041	0.00735	0.00612	0.00184	0.00674	0.00551	0.00612	0.01041
26	0.02416	0.01356	0.01589	0.01242	0.01706	0.01394	0.01018	0.31911	0.11412	0.36255	0.02033	0.01854	0.01364	0.00757	0.00615	0.00189	0.00580	0.00599	0.00680	0.01032
27	0.01228	0.03166	0.75316	0.01745	0.02649	0.01422	0.02262	0.01939	0.01292	0.01939	0.01099	0.01292	0.00775	0.00582	0.00582	0.00194	0.00905	0.00452	0.00258	0.00905
28	0.01272	0.01188	0.01499	0.01739	0.19633	0.06584	0.02779	0.06694	0.04121	0.01930	0.04460	0.10615	0.22784	0.01114	0.00796	0.00208	0.07466	0.03938	0.00457	0.00722
29	0.00885	0.00614	0.00771	0.00771	0.00806	0.00649	0.00499	0.00956	0.00921	0.01263	0.01835	0.03484	0.01999	0.54422	0.26872	0.00721	0.00934	0.00814	0.00357	0.00428
30	0.00773	0.00579	0.00678	0.00734	0.00827	0.00527	0.00496	0.00887	0.01226	0.01575	0.08340	0.35220	0.27325	0.16515	0.01208	0.00298	0.00382	0.01388	0.00537	0.00484
31	0.00771	0.00559	0.00720	0.00810	0.00878	0.00517	0.00553	0.00909	0.01277	0.01711	0.15987	0.55974	0.10238	0.04990	0.00864	0.00250	0.00350	0.01556	0.00578	0.00508
32	0.17034	0.01086	0.01307	0.01031	0.01470	0.01033	0.00849	0.07340	0.01673	0.53267	0.02047	0.01858	0.01333	0.00720	0.00562	0.00186	0.00509	0.00558	0.05189	0.00947
33	0.01206	0.01145	0.01939	0.49958	0.15328	0.01311	0.06520	0.01630	0.03605	0.01699	0.01492	0.06060	0.04090	0.00713	0.00633	0.00203	0.00759	0.00659	0.00320	0.00730
34	0.52870	0.09508	0.06826	0.05311	0.03172	0.08258	0.02736	0.01864	0.01171	0.02338	0.00908	0.01088	0.00717	0.00571	0.00437	0.00182	0.00619	0.00372	0.00343	0.00709
35	0.00888	0.00601	0.00707	0.00707	0.00720	0.00615	0.00420	0.00915	0.00902	0.01216	0.01893	0.03807	0.02139	0.69306	0.12179	0.00642	0.00723	0.00861	0.00366	0.00393
36	0.01450	0.01383	0.02346	0.10147	0.61130	0.01408	0.03528	0.01853	0.03235	0.01996	0.04688	0.01695	0.01208	0.00592	0.00615	0.00186	0.00716	0.00580	0.00326	0.00921
37	0.76907	0.01223	0.00968	0.00849	0.01236	0.01412	0.00700	0.06996	0.01176	0.02828	0.00898	0.01029	0.00691	0.00580	0.00396	0.00189	0.00488	0.00348	0.00396	0.00691
38	0.00849	0.00660	0.00848	0.00849	0.01006	0.00595	0.03396	0.01052	0.03222	0.03177	0.09755	0.38258	0.28763	0.01590	0.00738	0.00221	0.00370	0.01406	0.00566	0.02678

[dist]
# distance from previous block
# <min> <max>
0	15

# created by:
# /home/cegg/simao/soft/augustus-3.2.1/scripts/msa2prfl.pl ./align_prep/EOG090W0FO6.fa
