[name]
unknown

[dist]
# distance from previous block
# <min> <max>
0	65

[block]
# block no. 0 follows, 31 sequences, length 20
# corresponding to MSA columns:
# 65,73-91
name=unknown_A
#
# <colnr> <probs for GDERKNQSTAVLIFYWHMCP>
#	G	D	E	R	K	N	Q	S	T	A	V	L	I	F	Y	W	H	M	C	P
0	0.01166	0.00837	0.01121	0.01234	0.01400	0.00845	0.01043	0.06136	0.01649	0.02159	0.03506	0.18001	0.03835	0.01855	0.00915	0.00301	0.00602	0.52107	0.00635	0.00656
1	0.02563	0.01460	0.01865	0.01432	0.01933	0.01463	0.05878	0.29240	0.02376	0.32987	0.05300	0.02275	0.01702	0.05233	0.00864	0.00237	0.00683	0.00711	0.00717	0.01079
2	0.01409	0.01377	0.01826	0.01611	0.01660	0.05028	0.01320	0.01584	0.01102	0.01632	0.01151	0.01798	0.01111	0.02210	0.20859	0.00504	0.52157	0.00627	0.00319	0.00714
3	0.01623	0.01715	0.02188	0.01854	0.01933	0.10076	0.05333	0.01800	0.01180	0.01681	0.00944	0.01487	0.00904	0.01107	0.01980	0.00282	0.62249	0.00593	0.00308	0.00763
4	0.01024	0.00718	0.01027	0.01027	0.01155	0.00821	0.00796	0.01281	0.01152	0.01740	0.01896	0.02666	0.01717	0.04446	0.61748	0.00951	0.01593	0.00718	0.12910	0.00615
5	0.00943	0.00704	0.00906	0.00870	0.01037	0.00667	0.00657	0.01228	0.01740	0.02409	0.49434	0.04977	0.16713	0.02045	0.12253	0.00358	0.00565	0.01193	0.00672	0.00629
6	0.00972	0.00694	0.00888	0.00843	0.00978	0.00648	0.00609	0.01244	0.01788	0.02520	0.60398	0.05010	0.05828	0.13179	0.01230	0.00286	0.00377	0.01199	0.00700	0.00609
7	0.01702	0.01470	0.01547	0.01392	0.01779	0.01702	0.01083	0.03635	0.70453	0.02862	0.02785	0.02553	0.02088	0.00928	0.00696	0.00232	0.00541	0.00773	0.00696	0.01083
8	0.03070	0.01164	0.01588	0.01217	0.01746	0.01006	0.01006	0.03334	0.01958	0.72163	0.02699	0.02329	0.01694	0.00847	0.00688	0.00212	0.00582	0.00688	0.00847	0.01164
9	0.01457	0.01501	0.02633	0.02075	0.02342	0.01769	0.25627	0.01774	0.01259	0.01832	0.01220	0.01810	0.01077	0.01597	0.12949	0.00401	0.36868	0.00695	0.00327	0.00789
10	0.01693	0.01626	0.02777	0.04199	0.71689	0.01626	0.02100	0.02100	0.01558	0.02235	0.01287	0.01693	0.01084	0.00610	0.00677	0.00203	0.00813	0.00610	0.00339	0.01084
11	0.01680	0.01208	0.01445	0.01046	0.01641	0.00927	0.00841	0.01977	0.01504	0.13279	0.01450	0.01562	0.01121	0.00560	0.00535	0.00119	0.00519	0.00450	0.00475	0.67660
12	0.01702	0.01470	0.01547	0.01392	0.01779	0.01702	0.01083	0.03635	0.70453	0.02862	0.02785	0.02553	0.02088	0.00928	0.00696	0.00232	0.00541	0.00773	0.00696	0.01083
13	0.03042	0.01208	0.01615	0.01238	0.01768	0.01071	0.01023	0.07196	0.02032	0.68197	0.02637	0.02288	0.01663	0.00845	0.00688	0.00211	0.00592	0.00684	0.00837	0.01164
14	0.00968	0.00699	0.00914	0.00861	0.01022	0.00646	0.00646	0.01291	0.01937	0.02743	0.71328	0.05110	0.06455	0.01399	0.00807	0.00215	0.00323	0.01237	0.00753	0.00646
15	0.01528	0.01355	0.01330	0.01195	0.01500	0.08743	0.00921	0.07981	0.27544	0.02714	0.25943	0.03614	0.10519	0.01137	0.00736	0.00218	0.00538	0.00950	0.00672	0.00860
16	0.15314	0.01247	0.01531	0.01194	0.01708	0.01174	0.00986	0.08165	0.01929	0.56070	0.02343	0.02084	0.01503	0.00811	0.00646	0.00211	0.00587	0.00632	0.00767	0.01097
17	0.01275	0.00638	0.00638	0.00638	0.00797	0.00638	0.00478	0.01594	0.01435	0.02551	0.02232	0.02551	0.01754	0.00797	0.00478	0.00159	0.00319	0.00638	0.79755	0.00638
18	0.01070	0.00717	0.00933	0.00880	0.01056	0.00656	0.00659	0.01367	0.01872	0.06578	0.59205	0.10464	0.09053	0.01440	0.00805	0.00221	0.00344	0.01270	0.00744	0.00665
19	0.01702	0.01470	0.01547	0.01392	0.01779	0.01702	0.01083	0.03635	0.70453	0.02862	0.02785	0.02553	0.02088	0.00928	0.00696	0.00232	0.00541	0.00773	0.00696	0.01083

[dist]
# distance from previous block
# <min> <max>
0	20

[block]
# block no. 1 follows, 31 sequences, length 42
# corresponding to MSA columns:
# 112-153
name=unknown_B
#
# <colnr> <probs for GDERKNQSTAVLIFYWHMCP>
#	G	D	E	R	K	N	Q	S	T	A	V	L	I	F	Y	W	H	M	C	P
0	0.80789	0.01323	0.01006	0.00900	0.01323	0.01535	0.00741	0.02011	0.01164	0.03070	0.00953	0.01111	0.00741	0.00635	0.00423	0.00212	0.00529	0.00370	0.00423	0.00741
1	0.02495	0.03160	0.01948	0.01764	0.02097	0.69162	0.01332	0.02670	0.01888	0.01673	0.01048	0.01249	0.00882	0.00733	0.00710	0.00183	0.05416	0.00450	0.00349	0.00791
2	0.00995	0.00663	0.00746	0.00746	0.00746	0.00663	0.00415	0.00995	0.00995	0.01327	0.02156	0.04477	0.02487	0.75957	0.03482	0.00663	0.00663	0.00995	0.00415	0.00415
3	0.01702	0.01470	0.01547	0.01392	0.01779	0.01702	0.01083	0.03635	0.70453	0.02862	0.02785	0.02553	0.02088	0.00928	0.00696	0.00232	0.00541	0.00773	0.00696	0.01083
4	0.02601	0.01916	0.02053	0.01574	0.02122	0.02122	0.01300	0.69408	0.03217	0.04312	0.01643	0.01643	0.01163	0.00821	0.00684	0.00205	0.00753	0.00616	0.00684	0.01163
5	0.01607	0.01401	0.06155	0.01126	0.01745	0.01037	0.00968	0.04626	0.03732	0.08057	0.01405	0.01540	0.01099	0.00570	0.00544	0.00126	0.00557	0.00455	0.00454	0.62796
6	0.05030	0.06548	0.01854	0.01644	0.07558	0.08439	0.01206	0.10985	0.43331	0.02798	0.02176	0.02101	0.01654	0.00835	0.00658	0.00215	0.00665	0.00668	0.00597	0.01039
7	0.01810	0.72106	0.03500	0.01206	0.01758	0.02672	0.01189	0.02026	0.01371	0.01612	0.00948	0.01120	0.00879	0.00620	0.00542	0.00155	0.04942	0.00379	0.00293	0.00871
8	0.00834	0.00595	0.00794	0.00953	0.00992	0.00556	0.00635	0.00953	0.01310	0.01746	0.03771	0.75510	0.04525	0.02143	0.00873	0.00278	0.00397	0.01945	0.00635	0.00556
9	0.02556	0.03261	0.01939	0.01763	0.02115	0.73210	0.01322	0.02732	0.01939	0.01674	0.01058	0.01234	0.00881	0.00705	0.00617	0.00176	0.01234	0.00441	0.00353	0.00793
10	0.00839	0.00599	0.00799	0.00949	0.00993	0.00559	0.00635	0.00966	0.01335	0.01786	0.06447	0.72721	0.04601	0.02114	0.00871	0.00275	0.00394	0.01917	0.00640	0.00559
11	0.00820	0.00689	0.00713	0.00717	0.00934	0.00581	0.00534	0.01001	0.01572	0.01902	0.11032	0.09874	0.63830	0.01731	0.00812	0.00232	0.00347	0.01455	0.00643	0.00581
12	0.00869	0.00654	0.00804	0.00855	0.00983	0.00589	0.00608	0.01065	0.01570	0.02082	0.25536	0.35340	0.22946	0.01803	0.00835	0.00246	0.00361	0.01592	0.00672	0.00589
13	0.03070	0.01164	0.01588	0.01217	0.01746	0.01006	0.01006	0.03334	0.01958	0.72163	0.02699	0.02329	0.01694	0.00847	0.00688	0.00212	0.00582	0.00688	0.00847	0.01164
14	0.01613	0.01543	0.02632	0.18248	0.58269	0.01604	0.02060	0.02029	0.01520	0.02137	0.01273	0.01719	0.01049	0.00624	0.00679	0.00208	0.00833	0.00609	0.00332	0.01019
15	0.02450	0.02991	0.01881	0.01694	0.02050	0.62881	0.01279	0.06630	0.04472	0.01925	0.04607	0.01496	0.01215	0.00754	0.00633	0.00182	0.01136	0.00502	0.00404	0.00818
16	0.02016	0.01749	0.01695	0.03383	0.01910	0.12073	0.01160	0.27221	0.21153	0.03138	0.11628	0.02603	0.02234	0.00960	0.00707	0.00216	0.00704	0.03834	0.00636	0.00980
17	0.01390	0.01376	0.02510	0.54156	0.10067	0.01571	0.15402	0.01866	0.01433	0.01877	0.01256	0.01817	0.00952	0.00656	0.00708	0.00226	0.00952	0.00648	0.00315	0.00820
18	0.00847	0.00611	0.00802	0.00931	0.00993	0.00566	0.00631	0.00990	0.01388	0.01858	0.11164	0.64938	0.07655	0.02045	0.00863	0.00269	0.00387	0.01847	0.00648	0.00566
19	0.01372	0.03539	0.72412	0.01950	0.02961	0.01589	0.02528	0.02167	0.01444	0.02167	0.01228	0.01444	0.00867	0.00650	0.00650	0.00217	0.01011	0.00506	0.00289	0.01011
20	0.00834	0.00701	0.00729	0.00743	0.00967	0.00596	0.00571	0.01020	0.01561	0.01866	0.06642	0.06683	0.65517	0.01746	0.00820	0.00238	0.00371	0.07178	0.00635	0.00582
21	0.04500	0.12746	0.01472	0.01073	0.01255	0.01197	0.00854	0.01366	0.01129	0.01613	0.01671	0.02618	0.01633	0.15866	0.44053	0.00805	0.04459	0.00698	0.00362	0.00632
22	0.00832	0.00603	0.00786	0.00932	0.00987	0.00557	0.00626	0.00955	0.01330	0.01755	0.04025	0.69971	0.09900	0.02110	0.00868	0.00274	0.00393	0.01905	0.00635	0.00557
23	0.00968	0.00699	0.00914	0.00861	0.01022	0.00646	0.00646	0.01291	0.01937	0.02743	0.71328	0.05110	0.06455	0.01399	0.00807	0.00215	0.00323	0.01237	0.00753	0.00646
24	0.01702	0.01470	0.01547	0.01392	0.01779	0.01702	0.01083	0.03635	0.70453	0.02862	0.02785	0.02553	0.02088	0.00928	0.00696	0.00232	0.00541	0.00773	0.00696	0.01083
25	0.01419	0.01216	0.01419	0.01013	0.01621	0.00912	0.00811	0.01723	0.01419	0.02229	0.01216	0.01419	0.01013	0.00507	0.00507	0.00101	0.00507	0.00405	0.00405	0.80139
26	0.01372	0.03539	0.72412	0.01950	0.02961	0.01589	0.02528	0.02167	0.01444	0.02167	0.01228	0.01444	0.00867	0.00650	0.00650	0.00217	0.01011	0.00506	0.00289	0.01011
27	0.80789	0.01323	0.01006	0.00900	0.01323	0.01535	0.00741	0.02011	0.01164	0.03070	0.00953	0.01111	0.00741	0.00635	0.00423	0.00212	0.00529	0.00370	0.00423	0.00741
28	0.00834	0.00595	0.00794	0.00953	0.00992	0.00556	0.00635	0.00953	0.01310	0.01746	0.03771	0.75510	0.04525	0.02143	0.00873	0.00278	0.00397	0.01945	0.00635	0.00556
29	0.01337	0.01279	0.02213	0.65612	0.09075	0.01539	0.05744	0.01796	0.01395	0.01805	0.01230	0.01817	0.00931	0.00673	0.00691	0.00227	0.00919	0.00619	0.00309	0.00791
30	0.01419	0.01216	0.01419	0.01013	0.01621	0.00912	0.00811	0.01723	0.01419	0.02229	0.01216	0.01419	0.01013	0.00507	0.00507	0.00101	0.00507	0.00405	0.00405	0.80139
31	0.00853	0.00630	0.00800	0.00915	0.01003	0.00578	0.00638	0.01006	0.01414	0.01855	0.09424	0.54691	0.16452	0.02002	0.00860	0.00267	0.00394	0.05004	0.00644	0.00570
32	0.01693	0.01626	0.02777	0.04199	0.71689	0.01626	0.02100	0.02100	0.01558	0.02235	0.01287	0.01693	0.01084	0.00610	0.00677	0.00203	0.00813	0.00610	0.00339	0.01084
33	0.01387	0.05961	0.70123	0.01924	0.02921	0.01626	0.02483	0.02163	0.01443	0.02148	0.01219	0.01433	0.00867	0.00648	0.00643	0.00214	0.01002	0.00501	0.00289	0.01007
34	0.00927	0.00698	0.00857	0.00817	0.00997	0.00628	0.00613	0.01211	0.01839	0.02512	0.54643	0.05492	0.23285	0.01485	0.00807	0.00219	0.00329	0.01291	0.00723	0.00628
35	0.58615	0.01731	0.01261	0.01115	0.01533	0.15901	0.00892	0.05154	0.01441	0.05584	0.01073	0.01207	0.00825	0.00666	0.00484	0.00204	0.00682	0.00408	0.00437	0.00787
36	0.00823	0.00673	0.00728	0.00770	0.00954	0.00579	0.00563	0.00988	0.01502	0.01830	0.06103	0.22569	0.53975	0.01832	0.00827	0.00244	0.00366	0.03463	0.00635	0.00574
37	0.01427	0.01452	0.01338	0.01288	0.01476	0.21450	0.00988	0.01652	0.01338	0.01613	0.01612	0.02274	0.01474	0.03871	0.52573	0.00837	0.01662	0.00650	0.00363	0.00663
38	0.77484	0.04464	0.01114	0.00911	0.01341	0.01584	0.00759	0.02013	0.01174	0.03008	0.00953	0.01111	0.00747	0.00633	0.00424	0.00209	0.00538	0.00370	0.00418	0.00747
39	0.01587	0.01518	0.02561	0.17636	0.46823	0.01586	0.06081	0.02126	0.06698	0.02199	0.03580	0.01900	0.01290	0.00671	0.00692	0.00212	0.00818	0.00653	0.00372	0.00996
40	0.00845	0.00694	0.00744	0.00731	0.00946	0.00593	0.00548	0.01052	0.01645	0.02052	0.21600	0.06248	0.56615	0.01657	0.00808	0.00227	0.00341	0.01397	0.00662	0.00593
41	0.02772	0.03250	0.01645	0.01250	0.01749	0.01182	0.01034	0.09655	0.06107	0.54805	0.05045	0.02512	0.01885	0.00895	0.00694	0.00214	0.00593	0.02802	0.00797	0.01116

[dist]
# distance from previous block
# <min> <max>
1	21

[block]
# block no. 2 follows, 31 sequences, length 22
# corresponding to MSA columns:
# 182-203
name=unknown_C
#
# <colnr> <probs for GDERKNQSTAVLIFYWHMCP>
#	G	D	E	R	K	N	Q	S	T	A	V	L	I	F	Y	W	H	M	C	P
0	0.01682	0.03124	0.55886	0.01845	0.02747	0.01663	0.02226	0.14917	0.01803	0.05774	0.01373	0.01522	0.00961	0.00691	0.00658	0.00214	0.00943	0.00535	0.00389	0.01047
1	0.01704	0.01727	0.02527	0.03192	0.42808	0.09437	0.08777	0.02157	0.05457	0.02155	0.01509	0.06656	0.01336	0.00749	0.00733	0.00207	0.02853	0.00700	0.00383	0.04933
2	0.01693	0.01626	0.02777	0.04199	0.71689	0.01626	0.02100	0.02100	0.01558	0.02235	0.01287	0.01693	0.01084	0.00610	0.00677	0.00203	0.00813	0.00610	0.00339	0.01084
3	0.01829	0.76368	0.03585	0.01171	0.01756	0.02707	0.01171	0.02049	0.01390	0.01610	0.00951	0.01097	0.00878	0.00585	0.00439	0.00146	0.00732	0.00366	0.00293	0.00878
4	0.00834	0.00595	0.00794	0.00953	0.00992	0.00556	0.00635	0.00953	0.01310	0.01746	0.03771	0.75510	0.04525	0.02143	0.00873	0.00278	0.00397	0.01945	0.00635	0.00556
5	0.00837	0.00620	0.00782	0.00898	0.00981	0.00565	0.00614	0.00978	0.01394	0.01824	0.08324	0.58368	0.17272	0.02022	0.00857	0.00265	0.00383	0.01809	0.00642	0.00565
6	0.00995	0.00663	0.00746	0.00746	0.00746	0.00663	0.00415	0.00995	0.00995	0.01327	0.02156	0.04477	0.02487	0.75957	0.03482	0.00663	0.00663	0.00995	0.00415	0.00415
7	0.00823	0.00670	0.00728	0.00764	0.00945	0.00576	0.00554	0.00990	0.01518	0.01868	0.09385	0.23033	0.52139	0.01814	0.00824	0.00241	0.00357	0.01554	0.00641	0.00576
8	0.00877	0.00629	0.00833	0.00923	0.01002	0.00585	0.00638	0.01062	0.01513	0.02070	0.25660	0.52699	0.05150	0.01902	0.00852	0.00258	0.00373	0.01716	0.00673	0.00585
9	0.01702	0.01470	0.01547	0.01392	0.01779	0.01702	0.01083	0.03635	0.70453	0.02862	0.02785	0.02553	0.02088	0.00928	0.00696	0.00232	0.00541	0.00773	0.00696	0.01083
10	0.01721	0.01307	0.01859	0.09624	0.04214	0.01462	0.07127	0.05459	0.16993	0.12675	0.05566	0.04766	0.01976	0.01204	0.04123	0.00282	0.12020	0.06165	0.00555	0.00904
11	0.01495	0.01262	0.02100	0.59397	0.12650	0.01488	0.01847	0.01929	0.01442	0.07911	0.01353	0.01852	0.01001	0.00689	0.00684	0.00224	0.00871	0.00615	0.00355	0.00835
12	0.00972	0.00724	0.01070	0.01077	0.01190	0.00833	0.00825	0.01199	0.01104	0.01583	0.01932	0.05937	0.01869	0.08294	0.66855	0.01043	0.01716	0.00798	0.00380	0.00599
13	0.02425	0.08058	0.02231	0.01820	0.02217	0.62269	0.07196	0.02639	0.01874	0.01715	0.01079	0.01278	0.00895	0.00686	0.00621	0.00179	0.01193	0.00467	0.00348	0.00810
14	0.02581	0.01097	0.01458	0.01162	0.01612	0.00984	0.00943	0.02969	0.06564	0.54390	0.15664	0.02869	0.02619	0.00956	0.00711	0.00214	0.00530	0.00797	0.00819	0.01061
15	0.01102	0.00787	0.01102	0.01260	0.01417	0.00787	0.01102	0.01417	0.01575	0.02047	0.03622	0.07717	0.03937	0.01890	0.00945	0.00315	0.00630	0.67084	0.00630	0.00630
16	0.00809	0.00693	0.00693	0.00693	0.00924	0.00578	0.00520	0.00982	0.01559	0.01848	0.06931	0.06584	0.71411	0.01733	0.00809	0.00231	0.00347	0.01444	0.00635	0.00578
17	0.00834	0.00595	0.00794	0.00953	0.00992	0.00556	0.00635	0.00953	0.01310	0.01746	0.03771	0.75510	0.04525	0.02143	0.00873	0.00278	0.00397	0.01945	0.00635	0.00556
18	0.01386	0.03443	0.68552	0.02003	0.02996	0.01597	0.06291	0.02168	0.01454	0.02168	0.01237	0.01467	0.00876	0.00646	0.00659	0.00217	0.01019	0.00523	0.00292	0.01006
19	0.01468	0.00693	0.00757	0.00716	0.00907	0.00676	0.00543	0.01745	0.01461	0.10144	0.02222	0.02499	0.01714	0.00895	0.00630	0.04847	0.00364	0.00641	0.66403	0.00676
20	0.01445	0.01182	0.01496	0.19424	0.08239	0.05930	0.01179	0.03420	0.01648	0.09194	0.11110	0.03775	0.23083	0.01143	0.00784	0.00224	0.02812	0.02608	0.00535	0.00770
21	0.34309	0.01191	0.01109	0.01057	0.01357	0.05087	0.00858	0.03709	0.05489	0.02626	0.08943	0.03107	0.02179	0.01377	0.06911	0.00304	0.00671	0.13140	0.05850	0.00726

[dist]
# distance from previous block
# <min> <max>
0	2

[block]
# block no. 3 follows, 31 sequences, length 54
# corresponding to MSA columns:
# 206-235,237-240,242-261
name=unknown_D
#
# <colnr> <probs for GDERKNQSTAVLIFYWHMCP>
#	G	D	E	R	K	N	Q	S	T	A	V	L	I	F	Y	W	H	M	C	P
0	0.01434	0.17775	0.27060	0.01613	0.06032	0.01531	0.05016	0.01898	0.01555	0.04905	0.13959	0.06138	0.06488	0.00912	0.00665	0.00205	0.00738	0.00764	0.00438	0.00875
1	0.57996	0.04721	0.01295	0.05670	0.01642	0.07564	0.00894	0.02120	0.01319	0.07586	0.01270	0.01407	0.02852	0.00688	0.00486	0.00207	0.00620	0.00444	0.00440	0.00777
2	0.04779	0.38650	0.32238	0.01658	0.06218	0.02131	0.01774	0.02099	0.01413	0.01936	0.01086	0.01277	0.00879	0.00616	0.00540	0.00182	0.00845	0.00438	0.00299	0.00940
3	0.01968	0.24385	0.09051	0.01802	0.05282	0.22092	0.11800	0.02370	0.04612	0.05163	0.04374	0.01606	0.01249	0.00688	0.00614	0.00186	0.00934	0.00549	0.00383	0.00894
4	0.00848	0.00667	0.00754	0.00806	0.00959	0.00589	0.00578	0.01007	0.01468	0.01835	0.08529	0.26755	0.41339	0.06567	0.01004	0.00275	0.00393	0.04434	0.00626	0.00566
5	0.01653	0.10690	0.44867	0.01735	0.02547	0.01804	0.02003	0.12687	0.10937	0.02531	0.01470	0.01586	0.01077	0.00707	0.00639	0.00210	0.00879	0.00544	0.00405	0.01030
6	0.00861	0.00695	0.00766	0.00748	0.00956	0.00600	0.00561	0.01083	0.01683	0.02141	0.28007	0.06102	0.50152	0.01623	0.00808	0.00226	0.00339	0.01376	0.00674	0.00600
7	0.00894	0.00741	0.00872	0.02887	0.03534	0.00668	0.00659	0.01114	0.01594	0.02014	0.18626	0.07759	0.48612	0.01805	0.04920	0.00278	0.00460	0.01326	0.00623	0.00615
8	0.01702	0.01470	0.01547	0.01392	0.01779	0.01702	0.01083	0.03635	0.70453	0.02862	0.02785	0.02553	0.02088	0.00928	0.00696	0.00232	0.00541	0.00773	0.00696	0.01083
9	0.01614	0.01545	0.02634	0.17986	0.58518	0.01605	0.02060	0.02030	0.01520	0.02139	0.01273	0.01719	0.01050	0.00624	0.00679	0.00208	0.00832	0.00609	0.00332	0.01020
10	0.03070	0.01164	0.01588	0.01217	0.01746	0.01006	0.01006	0.03334	0.01958	0.72163	0.02699	0.02329	0.01694	0.00847	0.00688	0.00212	0.00582	0.00688	0.00847	0.01164
11	0.01624	0.01678	0.01982	0.01718	0.01775	0.11510	0.01409	0.01788	0.01191	0.01708	0.01004	0.01529	0.00950	0.01106	0.01915	0.00274	0.60150	0.00580	0.05361	0.00747
12	0.80789	0.01323	0.01006	0.00900	0.01323	0.01535	0.00741	0.02011	0.01164	0.03070	0.00953	0.01111	0.00741	0.00635	0.00423	0.00212	0.00529	0.00370	0.00423	0.00741
13	0.02495	0.03160	0.01948	0.01764	0.02097	0.69167	0.01332	0.02670	0.01888	0.01673	0.01048	0.01249	0.00882	0.00733	0.00709	0.00183	0.05410	0.00450	0.00349	0.00791
14	0.00959	0.00699	0.00902	0.00851	0.01017	0.00642	0.00638	0.01273	0.01915	0.02693	0.67667	0.05194	0.10148	0.01418	0.00807	0.00216	0.00324	0.01249	0.00746	0.00642
15	0.02892	0.01450	0.01764	0.01353	0.01889	0.01429	0.01117	0.28414	0.02436	0.46408	0.02298	0.02068	0.01492	0.00837	0.00687	0.00209	0.00647	0.00661	0.00785	0.01164
16	0.01792	0.67917	0.03417	0.01241	0.01760	0.02638	0.01207	0.02003	0.01351	0.01614	0.00945	0.01143	0.00880	0.00654	0.00643	0.00164	0.09082	0.00392	0.00293	0.00863
17	0.01628	0.01521	0.02336	0.45215	0.10048	0.04579	0.09394	0.12847	0.01736	0.02255	0.01304	0.01761	0.00981	0.00688	0.00695	0.00220	0.00918	0.00625	0.00376	0.00874
18	0.00874	0.00699	0.00803	0.00787	0.00986	0.00629	0.00594	0.01098	0.01617	0.02078	0.24984	0.05718	0.44754	0.02020	0.08985	0.00324	0.00507	0.01304	0.00639	0.00601
19	0.68770	0.01414	0.01167	0.01003	0.01446	0.01625	0.00827	0.12371	0.01480	0.03260	0.01059	0.01193	0.00806	0.00664	0.00464	0.00211	0.00564	0.00408	0.00464	0.00806
20	0.01508	0.01417	0.02260	0.03228	0.51429	0.01362	0.01678	0.01862	0.01542	0.02167	0.02264	0.02516	0.13350	0.00794	0.00681	0.00197	0.00697	0.00732	0.00398	0.09919
21	0.01607	0.01150	0.01444	0.01106	0.01609	0.00951	0.03211	0.02006	0.05870	0.13021	0.08891	0.05590	0.03906	0.00788	0.00613	0.00154	0.00515	0.00670	0.00541	0.46357
22	0.02529	0.01741	0.01910	0.01496	0.02016	0.01900	0.01225	0.49970	0.13375	0.13667	0.01967	0.01879	0.01380	0.00841	0.00687	0.00210	0.00696	0.00650	0.00709	0.01151
23	0.01413	0.10011	0.66295	0.01881	0.02854	0.01688	0.02407	0.02156	0.01440	0.02117	0.01203	0.01414	0.00868	0.00644	0.00631	0.00210	0.00986	0.00493	0.00289	0.00999
24	0.24617	0.01712	0.01483	0.01316	0.01720	0.11739	0.01034	0.07785	0.36056	0.02859	0.01933	0.01887	0.01465	0.00805	0.00606	0.00216	0.00651	0.00599	0.00569	0.00950
25	0.80789	0.01323	0.01006	0.00900	0.01323	0.01535	0.00741	0.02011	0.01164	0.03070	0.00953	0.01111	0.00741	0.00635	0.00423	0.00212	0.00529	0.00370	0.00423	0.00741
26	0.00857	0.00691	0.00740	0.00730	0.00926	0.00599	0.00534	0.01042	0.01577	0.01968	0.18751	0.06099	0.52358	0.08846	0.01067	0.00270	0.00373	0.01361	0.00636	0.00575
27	0.01031	0.00885	0.01209	0.01575	0.16838	0.00821	0.00937	0.01253	0.01502	0.01924	0.04726	0.21545	0.35915	0.01586	0.00803	0.00241	0.00480	0.05471	0.00568	0.00689
28	0.03070	0.01164	0.01588	0.01217	0.01746	0.01006	0.01006	0.03334	0.01958	0.72163	0.02699	0.02329	0.01694	0.00847	0.00688	0.00212	0.00582	0.00688	0.00847	0.01164
29	0.01233	0.00761	0.00982	0.00892	0.01109	0.00687	0.00681	0.01533	0.01902	0.11935	0.55751	0.04885	0.12276	0.01358	0.00791	0.00216	0.00360	0.01184	0.00754	0.00708
30	0.00809	0.00693	0.00693	0.00693	0.00924	0.00578	0.00520	0.00982	0.01559	0.01848	0.06931	0.06584	0.71411	0.01733	0.00809	0.00231	0.00347	0.01444	0.00635	0.00578
31	0.01829	0.76368	0.03585	0.01171	0.01756	0.02707	0.01171	0.02049	0.01390	0.01610	0.00951	0.01097	0.00878	0.00585	0.00439	0.00146	0.00732	0.00366	0.00293	0.00878
32	0.01419	0.01216	0.01419	0.01013	0.01621	0.00912	0.00811	0.01723	0.01419	0.02229	0.01216	0.01419	0.01013	0.00507	0.00507	0.00101	0.00507	0.00405	0.00405	0.80139
33	0.01607	0.02129	0.20845	0.03565	0.51190	0.01620	0.04887	0.02121	0.01531	0.02216	0.01275	0.01635	0.01026	0.00619	0.00675	0.00208	0.00878	0.00591	0.00326	0.01058
34	0.03049	0.01197	0.01608	0.01233	0.01763	0.01054	0.01018	0.06213	0.02013	0.69206	0.02653	0.02299	0.01670	0.00846	0.00688	0.00211	0.00590	0.00685	0.00840	0.01164
35	0.01292	0.01216	0.02052	0.74312	0.04712	0.01520	0.01900	0.01748	0.01368	0.01748	0.01216	0.01824	0.00912	0.00684	0.00684	0.00228	0.00912	0.00608	0.00304	0.00760
36	0.00968	0.00699	0.00914	0.00861	0.01022	0.00646	0.00646	0.01291	0.01937	0.02743	0.71328	0.05110	0.06455	0.01399	0.00807	0.00215	0.00323	0.01237	0.00753	0.00646
37	0.00809	0.00693	0.00693	0.00693	0.00924	0.00578	0.00520	0.00982	0.01559	0.01848	0.06931	0.06584	0.71411	0.01733	0.00809	0.00231	0.00347	0.01444	0.00635	0.00578
38	0.80789	0.01323	0.01006	0.00900	0.01323	0.01535	0.00741	0.02011	0.01164	0.03070	0.00953	0.01111	0.00741	0.00635	0.00423	0.00212	0.00529	0.00370	0.00423	0.00741
39	0.00942	0.00673	0.00918	0.01076	0.01163	0.00649	0.00823	0.01140	0.01416	0.01867	0.03711	0.48247	0.04289	0.02041	0.00902	0.00293	0.00491	0.28141	0.00633	0.00586
40	0.01287	0.01050	0.01645	0.53137	0.03587	0.01266	0.01491	0.01704	0.01387	0.01979	0.01508	0.02033	0.01154	0.00716	0.00625	0.00208	0.00742	0.00617	0.23139	0.00725
41	0.00832	0.00600	0.00789	0.00941	0.00989	0.00557	0.00630	0.00954	0.01321	0.01751	0.03909	0.72486	0.07460	0.02125	0.00870	0.00276	0.00395	0.01923	0.00635	0.00557
42	0.00977	0.00733	0.01100	0.01100	0.01222	0.00855	0.00855	0.01222	0.01100	0.01588	0.01833	0.02688	0.01710	0.05131	0.73245	0.01100	0.01833	0.00733	0.00367	0.00611
43	0.01674	0.46473	0.11189	0.01511	0.02108	0.02210	0.10410	0.02123	0.05755	0.01869	0.01399	0.01932	0.01253	0.00732	0.00575	0.00186	0.00799	0.06557	0.00355	0.00889
44	0.80789	0.01323	0.01006	0.00900	0.01323	0.01535	0.00741	0.02011	0.01164	0.03070	0.00953	0.01111	0.00741	0.00635	0.00423	0.00212	0.00529	0.00370	0.00423	0.00741
45	0.00834	0.00595	0.00794	0.00953	0.00992	0.00556	0.00635	0.00953	0.01310	0.01746	0.03771	0.75510	0.04525	0.02143	0.00873	0.00278	0.00397	0.01945	0.00635	0.00556
46	0.00968	0.00652	0.00754	0.00780	0.00787	0.00646	0.00451	0.00988	0.01047	0.01395	0.02421	0.16136	0.02822	0.63841	0.03054	0.00600	0.00620	0.01151	0.00451	0.00438
47	0.01696	0.01581	0.02423	0.03392	0.51596	0.01647	0.01807	0.02541	0.21359	0.02415	0.01717	0.01940	0.01372	0.00701	0.00683	0.00211	0.00735	0.00657	0.00441	0.01083
48	0.00809	0.00693	0.00693	0.00693	0.00924	0.00578	0.00520	0.00982	0.01559	0.01848	0.06931	0.06584	0.71411	0.01733	0.00809	0.00231	0.00347	0.01444	0.00635	0.00578
49	0.00809	0.00693	0.00693	0.00693	0.00924	0.00578	0.00520	0.00982	0.01559	0.01848	0.06931	0.06584	0.71411	0.01733	0.00809	0.00231	0.00347	0.01444	0.00635	0.00578
50	0.01419	0.01216	0.01419	0.01013	0.01621	0.00912	0.00811	0.01723	0.01419	0.02229	0.01216	0.01419	0.01013	0.00507	0.00507	0.00101	0.00507	0.00405	0.00405	0.80139
51	0.00857	0.00612	0.00821	0.00979	0.01029	0.00576	0.00676	0.00993	0.01333	0.01773	0.03758	0.69583	0.04474	0.02121	0.00879	0.00281	0.00417	0.07640	0.00635	0.00562
52	0.04467	0.55146	0.21077	0.01360	0.02049	0.02381	0.01502	0.02077	0.01396	0.01803	0.01022	0.01187	0.00870	0.00604	0.00492	0.00167	0.00796	0.00402	0.00296	0.00907
53	0.01699	0.01604	0.02685	0.09957	0.63048	0.01638	0.02048	0.05003	0.01614	0.02285	0.01296	0.01702	0.01073	0.00625	0.00678	0.00205	0.00818	0.00610	0.00351	0.01060

[dist]
# distance from previous block
# <min> <max>
5	6

[block]
# block no. 4 follows, 31 sequences, length 102
# corresponding to MSA columns:
# 270-320,328-378
name=unknown_E
#
# <colnr> <probs for GDERKNQSTAVLIFYWHMCP>
#	G	D	E	R	K	N	Q	S	T	A	V	L	I	F	Y	W	H	M	C	P
0	0.03070	0.01164	0.01588	0.01217	0.01746	0.01006	0.01006	0.03334	0.01958	0.72163	0.02699	0.02329	0.01694	0.00847	0.00688	0.00212	0.00582	0.00688	0.00847	0.01164
1	0.02127	0.01596	0.01745	0.01429	0.01874	0.01776	0.01152	0.37896	0.23757	0.05945	0.06232	0.02229	0.01824	0.01191	0.05761	0.00277	0.00731	0.00713	0.00676	0.01069
2	0.02588	0.02296	0.02021	0.01627	0.02120	0.22187	0.01306	0.50587	0.02856	0.03567	0.01477	0.01527	0.01084	0.00788	0.00665	0.00197	0.00889	0.00566	0.00591	0.01059
3	0.00824	0.00656	0.00732	0.00792	0.00944	0.00572	0.00560	0.00971	0.01448	0.01794	0.05599	0.32331	0.44227	0.04186	0.00916	0.00262	0.00375	0.01618	0.00628	0.00564
4	0.01292	0.01216	0.02052	0.74312	0.04712	0.01520	0.01900	0.01748	0.01368	0.01748	0.01216	0.01824	0.00912	0.00684	0.00684	0.00228	0.00912	0.00608	0.00304	0.00760
5	0.01054	0.00768	0.01037	0.01174	0.01337	0.00751	0.01009	0.01343	0.01564	0.02010	0.04068	0.09931	0.12935	0.01878	0.00924	0.00303	0.00584	0.56079	0.00631	0.00620
6	0.01606	0.40879	0.37124	0.01550	0.02343	0.02162	0.01832	0.02106	0.01417	0.01881	0.01086	0.01267	0.00872	0.00617	0.00542	0.00181	0.00868	0.00434	0.00291	0.00943
7	0.01404	0.08623	0.67607	0.01896	0.02877	0.01667	0.02433	0.02158	0.01441	0.02128	0.01208	0.01420	0.00867	0.00645	0.00635	0.00212	0.00992	0.00496	0.00289	0.01002
8	0.01145	0.00974	0.01546	0.01377	0.01599	0.00962	0.13309	0.04142	0.05690	0.02152	0.12989	0.39985	0.03775	0.01589	0.00870	0.00256	0.02401	0.03942	0.00596	0.00700
9	0.01839	0.06701	0.08041	0.02052	0.02543	0.21535	0.24962	0.04602	0.04310	0.02039	0.01485	0.05864	0.01293	0.00818	0.00832	0.00219	0.06767	0.02849	0.00387	0.00862
10	0.00952	0.00699	0.00892	0.00844	0.01012	0.00639	0.00633	0.01260	0.01899	0.02654	0.64904	0.05257	0.12935	0.01432	0.00807	0.00217	0.00325	0.01258	0.00741	0.00639
11	0.01463	0.01571	0.03246	0.02409	0.02927	0.01555	0.49346	0.01936	0.01461	0.02020	0.01455	0.02014	0.01182	0.01650	0.17333	0.00432	0.06035	0.00777	0.00348	0.00841
12	0.01829	0.76368	0.03585	0.01171	0.01756	0.02707	0.01171	0.02049	0.01390	0.01610	0.00951	0.01097	0.00878	0.00585	0.00439	0.00146	0.00732	0.00366	0.00293	0.00878
13	0.00933	0.00679	0.00865	0.00855	0.00992	0.00626	0.00619	0.01190	0.01742	0.02413	0.50230	0.17154	0.11405	0.06032	0.00979	0.00254	0.00358	0.01360	0.00703	0.00611
14	0.01895	0.03347	0.42348	0.01851	0.02587	0.29604	0.02002	0.02429	0.01656	0.04423	0.01213	0.01393	0.00901	0.00678	0.00638	0.00201	0.01083	0.00487	0.00333	0.00931
15	0.00995	0.00663	0.00746	0.00746	0.00746	0.00663	0.00415	0.00995	0.00995	0.01327	0.02156	0.04477	0.02487	0.75957	0.03482	0.00663	0.00663	0.00995	0.00415	0.00415
16	0.00834	0.00595	0.00794	0.00953	0.00992	0.00556	0.00635	0.00953	0.01310	0.01746	0.03771	0.75510	0.04525	0.02143	0.00873	0.00278	0.00397	0.01945	0.00635	0.00556
17	0.01374	0.01317	0.01860	0.01632	0.01661	0.01803	0.01345	0.01546	0.01060	0.01633	0.01119	0.01778	0.01090	0.02126	0.18999	0.00488	0.57509	0.00630	0.00315	0.00716
18	0.80789	0.01323	0.01006	0.00900	0.01323	0.01535	0.00741	0.02011	0.01164	0.03070	0.00953	0.01111	0.00741	0.00635	0.00423	0.00212	0.00529	0.00370	0.00423	0.00741
19	0.01308	0.00702	0.00708	0.00696	0.00873	0.00720	0.00525	0.01753	0.06806	0.02575	0.02275	0.02551	0.01780	0.00807	0.00495	0.00165	0.00336	0.00648	0.73602	0.00672
20	0.01962	0.01157	0.01711	0.01374	0.01785	0.01078	0.11099	0.06187	0.06039	0.28365	0.08977	0.14446	0.08598	0.01134	0.00752	0.00225	0.00600	0.01015	0.00682	0.02814
21	0.02430	0.02933	0.01938	0.01732	0.02073	0.58870	0.01321	0.07351	0.05640	0.01920	0.01179	0.01354	0.00967	0.00763	0.00753	0.00191	0.06881	0.00483	0.00390	0.00831
22	0.01419	0.01216	0.01419	0.01013	0.01621	0.00912	0.00811	0.01723	0.01419	0.02229	0.01216	0.01419	0.01013	0.00507	0.00507	0.00101	0.00507	0.00405	0.00405	0.80139
23	0.01702	0.01470	0.01547	0.01392	0.01779	0.01702	0.01083	0.03635	0.70453	0.02862	0.02785	0.02553	0.02088	0.00928	0.00696	0.00232	0.00541	0.00773	0.00696	0.01083
24	0.00843	0.00645	0.00774	0.00846	0.00972	0.00576	0.00595	0.01009	0.01485	0.01918	0.14027	0.40990	0.29072	0.01894	0.00841	0.00252	0.00369	0.01668	0.00651	0.00576
25	0.00822	0.00694	0.00712	0.00707	0.00933	0.00583	0.00531	0.01008	0.01592	0.01925	0.12474	0.06457	0.65820	0.01704	0.00808	0.00230	0.00344	0.01426	0.00645	0.00583
26	0.00878	0.00634	0.00831	0.00912	0.01000	0.00587	0.00635	0.01069	0.01532	0.02089	0.26826	0.49165	0.07544	0.01876	0.00848	0.00255	0.00370	0.01687	0.00675	0.00587
27	0.00811	0.00683	0.00703	0.00719	0.00931	0.00575	0.00531	0.00979	0.01534	0.01838	0.06615	0.13460	0.64739	0.01774	0.00815	0.00236	0.00352	0.01494	0.00635	0.00575
28	0.01497	0.01497	0.02095	0.01796	0.01796	0.02095	0.01497	0.01646	0.01048	0.01646	0.00898	0.01497	0.00898	0.01197	0.02245	0.00299	0.74704	0.00599	0.00299	0.00748
29	0.01630	0.01803	0.03795	0.03136	0.16652	0.01710	0.56322	0.02174	0.01604	0.02200	0.01365	0.01816	0.01047	0.00583	0.00782	0.00225	0.01088	0.00769	0.00345	0.00954
30	0.01829	0.76368	0.03585	0.01171	0.01756	0.02707	0.01171	0.02049	0.01390	0.01610	0.00951	0.01097	0.00878	0.00585	0.00439	0.00146	0.00732	0.00366	0.00293	0.00878
31	0.01225	0.01178	0.01039	0.01042	0.01232	0.14017	0.00764	0.03591	0.01646	0.01975	0.12107	0.27994	0.24341	0.01614	0.00795	0.00236	0.00546	0.03419	0.00598	0.00639
32	0.02353	0.17191	0.02264	0.01651	0.02027	0.55466	0.01303	0.02536	0.01781	0.01660	0.01028	0.01223	0.00882	0.00711	0.00679	0.00178	0.05486	0.00436	0.00338	0.00807
33	0.80789	0.01323	0.01006	0.00900	0.01323	0.01535	0.00741	0.02011	0.01164	0.03070	0.00953	0.01111	0.00741	0.00635	0.00423	0.00212	0.00529	0.00370	0.00423	0.00741
34	0.01292	0.01216	0.02052	0.74312	0.04712	0.01520	0.01900	0.01748	0.01368	0.01748	0.01216	0.01824	0.00912	0.00684	0.00684	0.00228	0.00912	0.00608	0.00304	0.00760
35	0.01497	0.01497	0.02095	0.01796	0.01796	0.02095	0.01497	0.01646	0.01048	0.01646	0.00898	0.01497	0.00898	0.01197	0.02245	0.00299	0.74704	0.00599	0.00299	0.00748
36	0.00912	0.00687	0.00842	0.00824	0.00993	0.00618	0.00610	0.01173	0.01772	0.02401	0.47122	0.12533	0.23881	0.01564	0.00814	0.00226	0.00337	0.01364	0.00709	0.00618
37	0.01693	0.01626	0.02777	0.04199	0.71689	0.01626	0.02100	0.02100	0.01558	0.02235	0.01287	0.01693	0.01084	0.00610	0.00677	0.00203	0.00813	0.00610	0.00339	0.01084
38	0.01858	0.01547	0.01635	0.01424	0.01838	0.01775	0.01121	0.15045	0.58790	0.03113	0.02586	0.02395	0.01928	0.00910	0.00694	0.00227	0.00578	0.00746	0.00694	0.01097
39	0.01497	0.01497	0.02095	0.01796	0.01796	0.02095	0.01497	0.01646	0.01048	0.01646	0.00898	0.01497	0.00898	0.01197	0.02245	0.00299	0.74704	0.00599	0.00299	0.00748
40	0.01372	0.03539	0.72412	0.01950	0.02961	0.01589	0.02528	0.02167	0.01444	0.02167	0.01228	0.01444	0.00867	0.00650	0.00650	0.00217	0.01011	0.00506	0.00289	0.01011
41	0.00810	0.00687	0.00699	0.00709	0.00928	0.00576	0.00527	0.00980	0.01544	0.01842	0.06741	0.10725	0.67393	0.01757	0.00812	0.00234	0.00350	0.01474	0.00635	0.00576
42	0.02588	0.02308	0.02020	0.01629	0.02120	0.22834	0.01307	0.49980	0.02844	0.03543	0.01472	0.01523	0.01081	0.00787	0.00665	0.00197	0.00893	0.00565	0.00588	0.01056
43	0.00834	0.00595	0.00794	0.00953	0.00992	0.00556	0.00635	0.00953	0.01310	0.01746	0.03771	0.75510	0.04525	0.02143	0.00873	0.00278	0.00397	0.01945	0.00635	0.00556
44	0.01374	0.01300	0.02201	0.59922	0.18459	0.01542	0.01941	0.01820	0.01407	0.01848	0.01231	0.01797	0.00947	0.00669	0.00683	0.00223	0.00892	0.00608	0.00311	0.00826
45	0.01709	0.57214	0.21687	0.01376	0.02073	0.02413	0.01528	0.02080	0.01404	0.01756	0.01024	0.01189	0.00875	0.00602	0.00494	0.00165	0.00805	0.00403	0.00292	0.00913
46	0.01693	0.01626	0.02777	0.04199	0.71689	0.01626	0.02100	0.02100	0.01558	0.02235	0.01287	0.01693	0.01084	0.00610	0.00677	0.00203	0.00813	0.00610	0.00339	0.01084
47	0.01390	0.06449	0.69661	0.01919	0.02913	0.01634	0.02473	0.02162	0.01442	0.02144	0.01217	0.01431	0.00867	0.00647	0.00642	0.00214	0.01000	0.00500	0.00289	0.01006
48	0.00995	0.00663	0.00746	0.00746	0.00746	0.00663	0.00415	0.00995	0.00995	0.01327	0.02156	0.04477	0.02487	0.75957	0.03482	0.00663	0.00663	0.00995	0.00415	0.00415
49	0.01133	0.00837	0.01032	0.00995	0.01204	0.00825	0.00779	0.01675	0.11891	0.04266	0.42463	0.05227	0.11688	0.01427	0.00810	0.00235	0.00413	0.11670	0.00716	0.00713
50	0.01693	0.01626	0.02777	0.04199	0.71689	0.01626	0.02100	0.02100	0.01558	0.02235	0.01287	0.01693	0.01084	0.00610	0.00677	0.00203	0.00813	0.00610	0.00339	0.01084
51	0.00918	0.00750	0.00822	0.00821	0.01043	0.00677	0.00635	0.01234	0.05712	0.02070	0.16412	0.06234	0.49959	0.01649	0.00816	0.00238	0.00385	0.08345	0.00657	0.00624
52	0.01926	0.01229	0.01486	0.01105	0.01668	0.01009	0.00891	0.06856	0.01686	0.21226	0.01736	0.04298	0.01331	0.00678	0.00581	0.00145	0.00540	0.00551	0.00552	0.50505
53	0.01188	0.00594	0.00891	0.00891	0.00891	0.00594	0.00594	0.00891	0.00891	0.01188	0.01188	0.02080	0.01188	0.02377	0.02674	0.80095	0.00594	0.00594	0.00297	0.00297
54	0.01568	0.01498	0.02551	0.26044	0.50821	0.01593	0.02037	0.01990	0.01499	0.02083	0.01265	0.01734	0.01030	0.00633	0.00679	0.00211	0.00844	0.00609	0.00328	0.00983
55	0.01615	0.01845	0.04037	0.02884	0.03576	0.01730	0.69204	0.02191	0.01615	0.02191	0.01384	0.01845	0.01038	0.00577	0.00807	0.00231	0.01153	0.00807	0.00346	0.00923
56	0.01797	0.71284	0.08390	0.01225	0.01840	0.02629	0.01265	0.02057	0.01394	0.01648	0.00970	0.01122	0.00877	0.00590	0.00454	0.00151	0.00751	0.00376	0.00292	0.00887
57	0.02556	0.03261	0.01939	0.01763	0.02115	0.73210	0.01322	0.02732	0.01939	0.01674	0.01058	0.01234	0.00881	0.00705	0.00617	0.00176	0.01234	0.00441	0.00353	0.00793
58	0.00953	0.00699	0.00894	0.00845	0.01013	0.00639	0.00634	0.01262	0.01901	0.02660	0.65312	0.05248	0.12523	0.01430	0.00807	0.00217	0.00325	0.01257	0.00742	0.00639
59	0.01372	0.03539	0.72412	0.01950	0.02961	0.01589	0.02528	0.02167	0.01444	0.02167	0.01228	0.01444	0.00867	0.00650	0.00650	0.00217	0.01011	0.00506	0.00289	0.01011
60	0.01536	0.01341	0.01638	0.19964	0.02492	0.01529	0.01268	0.02848	0.42456	0.02472	0.02293	0.02575	0.01802	0.00886	0.00691	0.00224	0.00638	0.04681	0.00566	0.08101
61	0.01389	0.06192	0.69905	0.01922	0.02917	0.01630	0.02478	0.02162	0.01442	0.02146	0.01218	0.01432	0.00867	0.00648	0.00642	0.00214	0.01001	0.00500	0.00289	0.01006
62	0.03053	0.01191	0.01604	0.01230	0.01760	0.01045	0.01016	0.05669	0.02003	0.69765	0.02662	0.02304	0.01675	0.00846	0.00688	0.00211	0.00588	0.00685	0.00841	0.01164
63	0.01786	0.01344	0.01489	0.01324	0.01689	0.01477	0.01074	0.19772	0.29093	0.05421	0.02843	0.03570	0.05824	0.01127	0.00736	0.00237	0.00591	0.14210	0.05431	0.00961
64	0.01041	0.00761	0.01021	0.01154	0.01316	0.00741	0.00984	0.01322	0.01557	0.01998	0.04143	0.11614	0.14416	0.01881	0.00920	0.00300	0.00572	0.53011	0.00631	0.00617
65	0.00893	0.00659	0.00835	0.00869	0.00996	0.00601	0.00622	0.01116	0.01644	0.02232	0.36067	0.31703	0.15780	0.01729	0.00832	0.00241	0.00354	0.01534	0.00691	0.00601
66	0.00809	0.00693	0.00693	0.00693	0.00924	0.00578	0.00520	0.00982	0.01559	0.01848	0.06931	0.06584	0.71411	0.01733	0.00809	0.00231	0.00347	0.01444	0.00635	0.00578
67	0.01481	0.01214	0.01425	0.01021	0.01626	0.00916	0.00818	0.01784	0.01439	0.04877	0.01272	0.01453	0.01039	0.00520	0.00514	0.00106	0.00510	0.00416	0.00422	0.77149
68	0.00968	0.00699	0.00914	0.00861	0.01022	0.00646	0.00646	0.01291	0.01937	0.02743	0.71328	0.05110	0.06455	0.01399	0.00807	0.00215	0.00323	0.01237	0.00753	0.00646
69	0.01419	0.01216	0.01419	0.01013	0.01621	0.00912	0.00811	0.01723	0.01419	0.02229	0.01216	0.01419	0.01013	0.00507	0.00507	0.00101	0.00507	0.00405	0.00405	0.80139
70	0.02046	0.06153	0.17916	0.01590	0.02197	0.01899	0.01520	0.34973	0.15975	0.03308	0.01813	0.01979	0.01369	0.00831	0.00676	0.00214	0.00764	0.03125	0.00574	0.01077
71	0.01464	0.01243	0.01443	0.01035	0.01640	0.00958	0.00829	0.04317	0.01488	0.02309	0.01232	0.01427	0.01019	0.00519	0.00513	0.00105	0.00516	0.00413	0.00416	0.77112
72	0.00855	0.00652	0.00793	0.00894	0.01016	0.00590	0.00647	0.01016	0.01430	0.01817	0.04888	0.43056	0.28465	0.01967	0.00858	0.00265	0.00405	0.09178	0.00635	0.00572
73	0.41425	0.00984	0.00823	0.00770	0.01063	0.01091	0.00611	0.01805	0.01298	0.02813	0.01586	0.01824	0.01242	0.00715	0.00451	0.00186	0.00425	0.00503	0.39697	0.00690
74	0.80789	0.01323	0.01006	0.00900	0.01323	0.01535	0.00741	0.02011	0.01164	0.03070	0.00953	0.01111	0.00741	0.00635	0.00423	0.00212	0.00529	0.00370	0.00423	0.00741
75	0.02852	0.01116	0.01518	0.01180	0.01671	0.00968	0.00968	0.03122	0.01956	0.64967	0.09813	0.02617	0.02187	0.00904	0.00700	0.00212	0.00555	0.00745	0.00837	0.01111
76	0.00809	0.00693	0.00693	0.00693	0.00924	0.00578	0.00520	0.00982	0.01559	0.01848	0.06931	0.06584	0.71411	0.01733	0.00809	0.00231	0.00347	0.01444	0.00635	0.00578
77	0.00888	0.00696	0.00804	0.00777	0.00973	0.00612	0.00583	0.01137	0.01748	0.02296	0.39146	0.05847	0.38917	0.01566	0.00808	0.00223	0.00335	0.01341	0.00694	0.00612
78	0.00817	0.00693	0.00705	0.00702	0.00929	0.00581	0.00527	0.00998	0.01580	0.01896	0.10391	0.06505	0.67921	0.01715	0.00808	0.00230	0.00345	0.01433	0.00642	0.00581
79	0.80789	0.01323	0.01006	0.00900	0.01323	0.01535	0.00741	0.02011	0.01164	0.03070	0.00953	0.01111	0.00741	0.00635	0.00423	0.00212	0.00529	0.00370	0.00423	0.00741
80	0.01535	0.01691	0.03549	0.20435	0.03855	0.01678	0.52666	0.02082	0.01554	0.02082	0.01343	0.01840	0.01007	0.00603	0.00777	0.00230	0.01094	0.00758	0.00336	0.00883
81	0.01372	0.03539	0.72412	0.01950	0.02961	0.01589	0.02528	0.02167	0.01444	0.02167	0.01228	0.01444	0.00867	0.00650	0.00650	0.00217	0.01011	0.00506	0.00289	0.01011
82	0.02537	0.01915	0.02005	0.01559	0.02082	0.04434	0.01278	0.64793	0.03107	0.04134	0.01698	0.04213	0.01272	0.00864	0.00689	0.00207	0.00756	0.00657	0.00672	0.01130
83	0.00815	0.00693	0.00702	0.00700	0.00928	0.00580	0.00525	0.00994	0.01574	0.01884	0.09504	0.06525	0.68815	0.01719	0.00809	0.00230	0.00346	0.01436	0.00640	0.00580
84	0.00894	0.00646	0.00847	0.00914	0.01013	0.00599	0.00648	0.01102	0.01577	0.02157	0.30862	0.42795	0.07933	0.01823	0.00846	0.00252	0.00372	0.03445	0.00682	0.00594
85	0.00977	0.00733	0.01100	0.01100	0.01222	0.00855	0.00855	0.01222	0.01100	0.01588	0.01833	0.02688	0.01710	0.05131	0.73245	0.01100	0.01833	0.00733	0.00367	0.00611
86	0.01497	0.01497	0.02095	0.01796	0.01796	0.02095	0.01497	0.01646	0.01048	0.01646	0.00898	0.01497	0.00898	0.01197	0.02245	0.00299	0.74704	0.00599	0.00299	0.00748
87	0.01943	0.64939	0.03328	0.01263	0.01812	0.13729	0.01194	0.02155	0.01476	0.01620	0.00968	0.01119	0.00878	0.00604	0.00467	0.00151	0.00810	0.00378	0.00302	0.00865
88	0.80789	0.01323	0.01006	0.00900	0.01323	0.01535	0.00741	0.02011	0.01164	0.03070	0.00953	0.01111	0.00741	0.00635	0.00423	0.00212	0.00529	0.00370	0.00423	0.00741
89	0.01932	0.07489	0.01804	0.01383	0.01792	0.12192	0.03439	0.15782	0.21054	0.06983	0.10282	0.02681	0.08328	0.00956	0.00688	0.00209	0.00682	0.00771	0.00610	0.00944
90	0.09224	0.01930	0.01700	0.01467	0.01889	0.16422	0.01153	0.19136	0.34000	0.02987	0.01991	0.01934	0.01497	0.00830	0.00652	0.00212	0.00733	0.00631	0.00598	0.01012
91	0.01182	0.00891	0.01187	0.01121	0.01300	0.01000	0.00863	0.07617	0.05021	0.01902	0.01878	0.02721	0.01735	0.11420	0.53292	0.00894	0.01503	0.00740	0.00420	0.03316
92	0.01037	0.00824	0.01084	0.01002	0.01139	0.00872	0.00773	0.01314	0.01745	0.02467	0.52921	0.06790	0.10515	0.01415	0.01041	0.00232	0.12336	0.01172	0.00667	0.00654
93	0.02739	0.01168	0.01535	0.01206	0.01699	0.01053	0.00984	0.03184	0.09135	0.58240	0.07073	0.02503	0.02020	0.00880	0.00691	0.00211	0.00559	0.00723	0.00811	0.03585
94	0.01239	0.00856	0.01068	0.00962	0.01183	0.00831	0.00737	0.06297	0.06143	0.06590	0.58657	0.04565	0.05568	0.01300	0.00785	0.00215	0.00380	0.01137	0.00750	0.00736
95	0.02508	0.01086	0.01441	0.01145	0.01582	0.00974	0.00929	0.06363	0.02020	0.50796	0.20161	0.03002	0.02881	0.00986	0.00718	0.00212	0.00525	0.00824	0.00814	0.01032
96	0.01419	0.01216	0.01419	0.01013	0.01621	0.00912	0.00811	0.01723	0.01419	0.02229	0.01216	0.01419	0.01013	0.00507	0.00507	0.00101	0.00507	0.00405	0.00405	0.80139
97	0.01755	0.01204	0.01440	0.01093	0.01622	0.00998	0.00870	0.07907	0.01662	0.14755	0.01781	0.09279	0.01511	0.00764	0.00592	0.00148	0.00530	0.00634	0.00532	0.50920
98	0.01057	0.00881	0.01044	0.00963	0.01212	0.00853	0.03065	0.01626	0.14894	0.02323	0.25341	0.07348	0.33895	0.01450	0.00788	0.00228	0.00406	0.01246	0.00673	0.00707
