[name]
unknown

[dist]
# distance from previous block
# <min> <max>
1	62

[block]
# block no. 0 follows, 32 sequences, length 41
# corresponding to MSA columns:
# 65-105
name=unknown_A
#
# <colnr> <probs for GDERKNQSTAVLIFYWHMCP>
#	G	D	E	R	K	N	Q	S	T	A	V	L	I	F	Y	W	H	M	C	P
0	0.01927	0.04348	0.04811	0.01977	0.13400	0.30897	0.06544	0.06100	0.04219	0.02019	0.01599	0.01938	0.04396	0.06015	0.00827	0.00219	0.00920	0.00601	0.04500	0.02741
1	0.08651	0.04523	0.07017	0.01488	0.03758	0.16278	0.01223	0.03832	0.09570	0.04068	0.07693	0.02212	0.03740	0.01264	0.06908	0.00290	0.13991	0.02240	0.00446	0.00808
2	0.04113	0.01290	0.01397	0.01411	0.07615	0.09474	0.02930	0.09197	0.04423	0.02239	0.09371	0.19189	0.15078	0.03173	0.00840	0.00231	0.02798	0.01077	0.00545	0.03610
3	0.03331	0.04975	0.07000	0.01752	0.09710	0.01408	0.11025	0.12869	0.03728	0.05322	0.13109	0.02413	0.04517	0.02726	0.00772	0.00206	0.02297	0.00723	0.00500	0.11614
4	0.01725	0.01591	0.02492	0.11735	0.28906	0.04035	0.13595	0.09955	0.07816	0.04408	0.01706	0.02098	0.03323	0.00734	0.00700	0.00213	0.00826	0.02741	0.00431	0.00969
5	0.08661	0.01624	0.02117	0.23786	0.07471	0.09206	0.10998	0.09705	0.12968	0.02351	0.01477	0.01765	0.01128	0.00751	0.00716	0.02529	0.00836	0.00613	0.00425	0.00872
6	0.25048	0.01404	0.01389	0.03260	0.04110	0.04330	0.00962	0.22147	0.04369	0.03008	0.01655	0.01894	0.03221	0.04254	0.00735	0.00220	0.02798	0.00576	0.13782	0.00841
7	0.02091	0.02187	0.01747	0.01655	0.06452	0.33189	0.01198	0.17421	0.09709	0.02401	0.02033	0.08420	0.06735	0.00934	0.00668	0.00200	0.00866	0.00721	0.00500	0.00872
8	0.01877	0.23834	0.05231	0.02470	0.29379	0.20193	0.01571	0.02172	0.01571	0.01861	0.01270	0.01509	0.03027	0.00648	0.00584	0.00178	0.00873	0.00507	0.00329	0.00915
9	0.01567	0.01723	0.03595	0.02943	0.14568	0.01651	0.54443	0.02078	0.01548	0.02126	0.01408	0.04291	0.01137	0.00641	0.00814	0.00225	0.03189	0.00792	0.00346	0.00914
10	0.01166	0.00583	0.00874	0.00874	0.00874	0.00583	0.00583	0.00874	0.00874	0.01166	0.01166	0.02040	0.01166	0.02331	0.02622	0.80478	0.00583	0.00583	0.00291	0.00291
11	0.00919	0.00685	0.00854	0.00811	0.00983	0.00620	0.00609	0.01206	0.01826	0.02516	0.58936	0.05300	0.19384	0.01437	0.00792	0.00214	0.00321	0.01254	0.00716	0.00620
12	0.01516	0.01446	0.02461	0.30180	0.47306	0.01556	0.01987	0.01932	0.01459	0.02016	0.01236	0.01708	0.01001	0.00625	0.00667	0.00208	0.00833	0.00597	0.00320	0.00946
13	0.00818	0.00584	0.00779	0.00934	0.00973	0.00545	0.00623	0.00934	0.01285	0.01713	0.03698	0.75981	0.04438	0.02102	0.00856	0.00273	0.00389	0.01908	0.00623	0.00545
14	0.02506	0.03198	0.01901	0.01729	0.02074	0.73725	0.01296	0.02679	0.01901	0.01642	0.01037	0.01210	0.00864	0.00691	0.00605	0.00173	0.01210	0.00432	0.00346	0.00778
15	0.00936	0.00685	0.00878	0.00830	0.00994	0.00627	0.00622	0.01240	0.01867	0.02614	0.66175	0.05139	0.12083	0.01400	0.00792	0.00212	0.00319	0.01231	0.00729	0.00627
16	0.81159	0.01298	0.00986	0.00882	0.01298	0.01505	0.00727	0.01972	0.01142	0.03010	0.00934	0.01090	0.00727	0.00623	0.00415	0.00208	0.00519	0.00363	0.00415	0.00727
17	0.81159	0.01298	0.00986	0.00882	0.01298	0.01505	0.00727	0.01972	0.01142	0.03010	0.00934	0.01090	0.00727	0.00623	0.00415	0.00208	0.00519	0.00363	0.00415	0.00727
18	0.01659	0.01530	0.01538	0.01379	0.01746	0.07879	0.02771	0.03200	0.56176	0.02593	0.02876	0.02802	0.07229	0.00966	0.00693	0.00225	0.00594	0.02524	0.00638	0.00984
19	0.01001	0.00731	0.01040	0.03691	0.01250	0.00828	0.00813	0.01236	0.01196	0.01754	0.05321	0.14603	0.02287	0.03579	0.44477	0.00737	0.04181	0.00915	0.09755	0.00606
20	0.00976	0.00651	0.00732	0.00732	0.00732	0.00651	0.00407	0.00976	0.00976	0.01301	0.02114	0.04391	0.02439	0.76419	0.03415	0.00651	0.00651	0.00976	0.00407	0.00407
21	0.00914	0.00655	0.00866	0.01002	0.01075	0.00629	0.00718	0.03143	0.01385	0.01839	0.03610	0.62537	0.04242	0.02022	0.00862	0.00276	0.00437	0.12589	0.00624	0.00575
22	0.01669	0.01441	0.01517	0.01365	0.01745	0.01669	0.01062	0.03565	0.71021	0.02807	0.02731	0.02503	0.02048	0.00910	0.00683	0.00228	0.00531	0.00759	0.00683	0.01062
23	0.02136	0.01459	0.01622	0.01362	0.01802	0.01597	0.01086	0.16273	0.42649	0.18579	0.02497	0.02283	0.01788	0.00872	0.00679	0.00218	0.00580	0.00710	0.00713	0.01095
24	0.01587	0.01519	0.02590	0.17413	0.59517	0.01575	0.02022	0.01994	0.01493	0.02102	0.01249	0.01685	0.01031	0.00612	0.00666	0.00204	0.00815	0.00598	0.00326	0.01003
25	0.01616	0.01772	0.13154	0.01455	0.01934	0.01651	0.01293	0.03331	0.59681	0.02696	0.02482	0.02326	0.01853	0.00866	0.00675	0.00225	0.00606	0.00716	0.00618	0.01051
26	0.01669	0.01441	0.01517	0.01365	0.01745	0.01669	0.01062	0.03565	0.71021	0.02807	0.02731	0.02503	0.02048	0.00910	0.00683	0.00228	0.00531	0.00759	0.00683	0.01062
27	0.00818	0.00584	0.00779	0.00934	0.00973	0.00545	0.00623	0.00934	0.01285	0.01713	0.03698	0.75981	0.04438	0.02102	0.00856	0.00273	0.00389	0.01908	0.00623	0.00545
28	0.04630	0.01348	0.01576	0.01296	0.01724	0.01389	0.01063	0.29522	0.04284	0.25194	0.02354	0.08160	0.01905	0.01031	0.00702	0.00221	0.00618	0.08581	0.03399	0.01003
29	0.04484	0.01280	0.02145	0.58261	0.15474	0.01514	0.03851	0.01794	0.01371	0.01856	0.01199	0.01741	0.00919	0.00654	0.00663	0.00219	0.00871	0.00593	0.00310	0.00801
30	0.01751	0.72900	0.03390	0.01145	0.01695	0.02561	0.01132	0.01967	0.01349	0.01578	0.00977	0.01157	0.00903	0.00804	0.04210	0.00192	0.00773	0.00377	0.00291	0.00848
31	0.01400	0.01221	0.01510	0.01078	0.01678	0.00931	0.03971	0.01711	0.01400	0.02185	0.01200	0.01411	0.00995	0.00500	0.00510	0.00105	0.00526	0.00416	0.00395	0.76856
32	0.02400	0.06860	0.02052	0.01895	0.07830	0.64126	0.01352	0.02594	0.01843	0.01684	0.01050	0.01240	0.00880	0.00678	0.00601	0.00174	0.01151	0.00442	0.00342	0.00806
33	0.02551	0.01879	0.02014	0.01544	0.02081	0.02081	0.01275	0.69996	0.03155	0.04229	0.01611	0.01611	0.01141	0.00805	0.00671	0.00201	0.00738	0.00604	0.00671	0.01141
34	0.00993	0.00670	0.00789	0.00814	0.00839	0.00670	0.00516	0.01043	0.01068	0.01416	0.02349	0.04909	0.02671	0.64270	0.03010	0.00595	0.00645	0.11850	0.00441	0.00441
35	0.00818	0.00584	0.00779	0.00934	0.00973	0.00545	0.00623	0.00934	0.01285	0.01713	0.03698	0.75981	0.04438	0.02102	0.00856	0.00273	0.00389	0.01908	0.00623	0.00545
36	0.01623	0.01045	0.01291	0.01145	0.01397	0.02920	0.00893	0.13667	0.01600	0.13620	0.01929	0.02550	0.01644	0.11175	0.37303	0.00685	0.01228	0.00710	0.02806	0.00767
37	0.01267	0.01193	0.02013	0.74806	0.04621	0.01491	0.01863	0.01714	0.01342	0.01714	0.01193	0.01789	0.00894	0.00671	0.00671	0.00224	0.00894	0.00596	0.00298	0.00745
38	0.00818	0.00584	0.00779	0.00934	0.00973	0.00545	0.00623	0.00934	0.01285	0.01713	0.03698	0.75981	0.04438	0.02102	0.00856	0.00273	0.00389	0.01908	0.00623	0.00545
39	0.01035	0.00654	0.00680	0.00674	0.00858	0.00603	0.00505	0.01292	0.01516	0.02256	0.12626	0.04356	0.29700	0.01213	0.00635	0.00191	0.00324	0.01007	0.39271	0.00603
40	0.01622	0.14020	0.03823	0.02621	0.06758	0.01848	0.55121	0.02122	0.01545	0.02059	0.01283	0.01683	0.00995	0.00569	0.00726	0.00211	0.01047	0.00711	0.00330	0.00906

[dist]
# distance from previous block
# <min> <max>
0	1

[block]
# block no. 1 follows, 32 sequences, length 12
# corresponding to MSA columns:
# 107-118
name=unknown_B
#
# <colnr> <probs for GDERKNQSTAVLIFYWHMCP>
#	G	D	E	R	K	N	Q	S	T	A	V	L	I	F	Y	W	H	M	C	P
0	0.01794	0.76823	0.03516	0.01148	0.01722	0.02655	0.01148	0.02009	0.01363	0.01579	0.00933	0.01076	0.00861	0.00574	0.00431	0.00144	0.00718	0.00359	0.00287	0.00861
1	0.02370	0.01705	0.01820	0.01416	0.01900	0.01878	0.01163	0.60466	0.02911	0.03988	0.01691	0.01735	0.01222	0.00802	0.00643	0.00195	0.00679	0.00607	0.11739	0.01069
2	0.01740	0.68026	0.11842	0.01240	0.01864	0.02523	0.01308	0.02023	0.01370	0.01644	0.00965	0.01117	0.00860	0.00582	0.00455	0.00152	0.00750	0.00375	0.00287	0.00877
3	0.00818	0.00584	0.00779	0.00934	0.00973	0.00545	0.00623	0.00934	0.01285	0.01713	0.03698	0.75981	0.04438	0.02102	0.00856	0.00273	0.00389	0.01908	0.00623	0.00545
4	0.00814	0.00687	0.00709	0.00721	0.00942	0.00582	0.00552	0.00995	0.01531	0.01827	0.06558	0.06540	0.66928	0.01711	0.00803	0.00233	0.00360	0.06316	0.00623	0.00570
5	0.02551	0.01879	0.02014	0.01544	0.02081	0.02081	0.01275	0.69996	0.03155	0.04229	0.01611	0.01611	0.01141	0.00805	0.00671	0.00201	0.00738	0.00604	0.00671	0.01141
6	0.01794	0.76823	0.03516	0.01148	0.01722	0.02655	0.01148	0.02009	0.01363	0.01579	0.00933	0.01076	0.00861	0.00574	0.00431	0.00144	0.00718	0.00359	0.00287	0.00861
7	0.01364	0.01291	0.02187	0.57420	0.21251	0.01516	0.01912	0.01799	0.01387	0.01832	0.01210	0.01757	0.00936	0.00653	0.00669	0.00218	0.00871	0.00597	0.00307	0.00823
8	0.01684	0.66902	0.03175	0.01109	0.01628	0.02392	0.01081	0.01912	0.01433	0.01724	0.10177	0.01589	0.01574	0.00678	0.00478	0.00152	0.00665	0.00470	0.00346	0.00831
9	0.04458	0.06150	0.55697	0.01789	0.02661	0.04287	0.02162	0.10978	0.01649	0.02392	0.01230	0.01409	0.00884	0.00658	0.00624	0.00207	0.00938	0.00497	0.00341	0.00988
10	0.01626	0.07017	0.01715	0.01433	0.04061	0.05233	0.03631	0.02964	0.48306	0.02416	0.02331	0.02524	0.01880	0.10689	0.01020	0.00273	0.00626	0.00737	0.00576	0.00942
11	0.70818	0.11138	0.01316	0.00917	0.01353	0.01655	0.00782	0.01977	0.01171	0.02824	0.00934	0.01088	0.00744	0.00616	0.00417	0.00199	0.00545	0.00363	0.00399	0.00744

[dist]
# distance from previous block
# <min> <max>
0	5

[block]
# block no. 2 follows, 32 sequences, length 26
# corresponding to MSA columns:
# 124-128,132-152
name=unknown_C
#
# <colnr> <probs for GDERKNQSTAVLIFYWHMCP>
#	G	D	E	R	K	N	Q	S	T	A	V	L	I	F	Y	W	H	M	C	P
0	0.02860	0.01146	0.01596	0.07546	0.01964	0.01030	0.01062	0.03136	0.01871	0.66573	0.02522	0.02241	0.01595	0.00817	0.00674	0.00209	0.00599	0.00668	0.00785	0.01108
1	0.00986	0.00757	0.01146	0.07428	0.01476	0.00888	0.00911	0.01235	0.01097	0.01562	0.01757	0.02627	0.01638	0.07274	0.64873	0.00989	0.01677	0.00718	0.00356	0.00605
2	0.00882	0.00846	0.07027	0.01040	0.01170	0.00649	0.00816	0.01070	0.01315	0.01769	0.03473	0.64669	0.04087	0.01958	0.00843	0.00270	0.00458	0.06478	0.00593	0.00589
3	0.00834	0.00724	0.00795	0.07076	0.01227	0.00646	0.00627	0.01028	0.01513	0.01804	0.06314	0.06055	0.65828	0.01611	0.00782	0.00226	0.00388	0.01345	0.00595	0.00582
4	0.01794	0.76823	0.03516	0.01148	0.01722	0.02655	0.01148	0.02009	0.01363	0.01579	0.00933	0.01076	0.00861	0.00574	0.00431	0.00144	0.00718	0.00359	0.00287	0.00861
5	0.01267	0.01193	0.02013	0.74806	0.04621	0.01491	0.01863	0.01714	0.01342	0.01714	0.01193	0.01789	0.00894	0.00671	0.00671	0.00224	0.00894	0.00596	0.00298	0.00745
6	0.01794	0.76823	0.03516	0.01148	0.01722	0.02655	0.01148	0.02009	0.01363	0.01579	0.00933	0.01076	0.00861	0.00574	0.00431	0.00144	0.00718	0.00359	0.00287	0.00861
7	0.11062	0.01205	0.01342	0.00980	0.01555	0.00969	0.00787	0.01724	0.01361	0.02286	0.01161	0.01355	0.00961	0.00512	0.00487	0.00113	0.00500	0.00393	0.00400	0.70847
8	0.01689	0.01599	0.01873	0.06657	0.20441	0.08042	0.01377	0.02894	0.40073	0.02442	0.02227	0.02247	0.03819	0.00819	0.00674	0.00215	0.00678	0.00698	0.00535	0.01002
9	0.00959	0.00719	0.01078	0.01078	0.01198	0.00839	0.00839	0.01198	0.01078	0.01558	0.01797	0.02636	0.01677	0.05032	0.73760	0.01078	0.01797	0.00719	0.00359	0.00599
10	0.00976	0.00651	0.00732	0.00732	0.00732	0.00651	0.00407	0.00976	0.00976	0.01301	0.02114	0.04391	0.02439	0.76419	0.03415	0.00651	0.00651	0.00976	0.00407	0.00407
11	0.02513	0.01677	0.01974	0.01498	0.02042	0.01754	0.04604	0.48159	0.02699	0.17912	0.01779	0.01742	0.01230	0.00777	0.00666	0.00197	0.00707	0.00613	0.00668	0.06789
12	0.01391	0.01193	0.01391	0.00994	0.01590	0.00894	0.00795	0.01690	0.01391	0.02186	0.01193	0.01391	0.00994	0.00497	0.00497	0.00099	0.00497	0.00398	0.00398	0.80521
13	0.00901	0.00684	0.00830	0.00793	0.00973	0.00612	0.00595	0.01172	0.01785	0.02419	0.51720	0.05460	0.26660	0.01473	0.00792	0.00216	0.00324	0.01276	0.00703	0.00612
14	0.00818	0.00584	0.00779	0.00934	0.00973	0.00545	0.00623	0.00934	0.01285	0.01713	0.03698	0.75981	0.04438	0.02102	0.00856	0.00273	0.00389	0.01908	0.00623	0.00545
15	0.02506	0.03198	0.01901	0.01729	0.02074	0.73725	0.01296	0.02679	0.01901	0.01642	0.01037	0.01210	0.00864	0.00691	0.00605	0.00173	0.01210	0.00432	0.00346	0.00778
16	0.00960	0.00712	0.01041	0.01041	0.01148	0.00818	0.00792	0.01174	0.01067	0.01530	0.01831	0.02825	0.01760	0.12726	0.66179	0.01032	0.01674	0.00747	0.00365	0.00578
17	0.00818	0.00584	0.00779	0.00934	0.00973	0.00545	0.00623	0.00934	0.01285	0.01713	0.03698	0.75981	0.04438	0.02102	0.00856	0.00273	0.00389	0.01908	0.00623	0.00545
18	0.01267	0.01193	0.02013	0.74806	0.04621	0.01491	0.01863	0.01714	0.01342	0.01714	0.01193	0.01789	0.00894	0.00671	0.00671	0.00224	0.00894	0.00596	0.00298	0.00745
19	0.01468	0.01468	0.02055	0.01762	0.01762	0.02055	0.01468	0.01615	0.01028	0.01615	0.00881	0.01468	0.00881	0.01174	0.02202	0.00294	0.75191	0.00587	0.00294	0.00734
20	0.81159	0.01298	0.00986	0.00882	0.01298	0.01505	0.00727	0.01972	0.01142	0.03010	0.00934	0.01090	0.00727	0.00623	0.00415	0.00208	0.00519	0.00363	0.00415	0.00727
21	0.01661	0.01594	0.02724	0.04119	0.72233	0.01594	0.02059	0.02059	0.01528	0.02192	0.01262	0.01661	0.01063	0.00598	0.00664	0.00199	0.00797	0.00598	0.00332	0.01063
22	0.00818	0.00584	0.00779	0.00934	0.00973	0.00545	0.00623	0.00934	0.01285	0.01713	0.03698	0.75981	0.04438	0.02102	0.00856	0.00273	0.00389	0.01908	0.00623	0.00545
23	0.00917	0.00685	0.00852	0.00810	0.00982	0.00619	0.00608	0.01203	0.01823	0.02509	0.58381	0.05312	0.19943	0.01440	0.00792	0.00214	0.00321	0.01255	0.00715	0.00619
24	0.00802	0.00645	0.00715	0.00772	0.00930	0.00559	0.00551	0.00953	0.01441	0.01777	0.05678	0.31569	0.47572	0.01845	0.00816	0.00243	0.00358	0.01594	0.00623	0.00559
25	0.02275	0.27106	0.02426	0.01540	0.01960	0.50647	0.01248	0.02462	0.01727	0.01622	0.01003	0.01167	0.00863	0.00653	0.00548	0.00163	0.01050	0.00408	0.00327	0.00805

[dist]
# distance from previous block
# <min> <max>
0	1

[block]
# block no. 3 follows, 32 sequences, length 34
# corresponding to MSA columns:
# 154-171,174-189
name=unknown_D
#
# <colnr> <probs for GDERKNQSTAVLIFYWHMCP>
#	G	D	E	R	K	N	Q	S	T	A	V	L	I	F	Y	W	H	M	C	P
0	0.38692	0.41709	0.02340	0.01025	0.01525	0.02120	0.00952	0.01992	0.01260	0.02244	0.00934	0.01083	0.00799	0.00597	0.00423	0.00173	0.00625	0.00361	0.00347	0.00799
1	0.00850	0.00615	0.00792	0.00886	0.00962	0.00570	0.00605	0.01005	0.01411	0.01896	0.17520	0.52822	0.09905	0.05657	0.00967	0.00276	0.00384	0.01684	0.00635	0.00557
2	0.02436	0.01628	0.09052	0.01391	0.01933	0.01460	0.01228	0.19517	0.17080	0.33582	0.02263	0.02077	0.01534	0.00822	0.00672	0.00211	0.00647	0.00657	0.00703	0.01109
3	0.01476	0.03289	0.67368	0.01856	0.02811	0.01514	0.02363	0.02214	0.01456	0.07636	0.01317	0.01484	0.00913	0.00653	0.00640	0.00212	0.00959	0.00510	0.00326	0.01003
4	0.01346	0.03471	0.72942	0.01912	0.02904	0.01558	0.02479	0.02125	0.01417	0.02125	0.01204	0.01417	0.00850	0.00637	0.00637	0.00212	0.00992	0.00496	0.00283	0.00992
5	0.81159	0.01298	0.00986	0.00882	0.01298	0.01505	0.00727	0.01972	0.01142	0.03010	0.00934	0.01090	0.00727	0.00623	0.00415	0.00208	0.00519	0.00363	0.00415	0.00727
6	0.00931	0.00685	0.00871	0.00825	0.00991	0.00625	0.00619	0.01231	0.01856	0.02588	0.64229	0.05182	0.14046	0.01410	0.00792	0.00213	0.00319	0.01237	0.00725	0.00625
7	0.00818	0.00584	0.00779	0.00934	0.00973	0.00545	0.00623	0.00934	0.01285	0.01713	0.03698	0.75981	0.04438	0.02102	0.00856	0.00273	0.00389	0.01908	0.00623	0.00545
8	0.01346	0.03471	0.72942	0.01912	0.02904	0.01558	0.02479	0.02125	0.01417	0.02125	0.01204	0.01417	0.00850	0.00637	0.00637	0.00212	0.00992	0.00496	0.00283	0.00992
9	0.01346	0.03471	0.72942	0.01912	0.02904	0.01558	0.02479	0.02125	0.01417	0.02125	0.01204	0.01417	0.00850	0.00637	0.00637	0.00212	0.00992	0.00496	0.00283	0.00992
10	0.03010	0.01142	0.01557	0.01194	0.01713	0.00986	0.00986	0.03270	0.01920	0.72698	0.02647	0.02284	0.01661	0.00830	0.00675	0.00208	0.00571	0.00675	0.00830	0.01142
11	0.01346	0.03471	0.72942	0.01912	0.02904	0.01558	0.02479	0.02125	0.01417	0.02125	0.01204	0.01417	0.00850	0.00637	0.00637	0.00212	0.00992	0.00496	0.00283	0.00992
12	0.00976	0.00651	0.00732	0.00732	0.00732	0.00651	0.00407	0.00976	0.00976	0.01301	0.02114	0.04391	0.02439	0.76419	0.03415	0.00651	0.00651	0.00976	0.00407	0.00407
13	0.00959	0.00719	0.01078	0.01078	0.01198	0.00839	0.00839	0.01198	0.01078	0.01558	0.01797	0.02636	0.01677	0.05032	0.73760	0.01078	0.01797	0.00719	0.00359	0.00599
14	0.02506	0.03198	0.01901	0.01729	0.02074	0.73725	0.01296	0.02679	0.01901	0.01642	0.01037	0.01210	0.00864	0.00691	0.00605	0.00173	0.01210	0.00432	0.00346	0.00778
15	0.00841	0.00682	0.00746	0.00730	0.00936	0.00587	0.00547	0.01055	0.01642	0.02080	0.26593	0.06018	0.51999	0.01600	0.00793	0.00222	0.00333	0.01354	0.00658	0.00587
16	0.01828	0.01403	0.01516	0.01332	0.01729	0.01576	0.01045	0.06443	0.58039	0.10541	0.02806	0.02570	0.04284	0.00923	0.00685	0.00224	0.00538	0.00764	0.00697	0.01058
17	0.01421	0.02774	0.46471	0.02152	0.06669	0.01665	0.12740	0.02040	0.01384	0.02047	0.01177	0.01500	0.00893	0.00714	0.00924	0.00227	0.13402	0.00563	0.00296	0.00939
18	0.00818	0.00584	0.00779	0.00934	0.00973	0.00545	0.00623	0.00934	0.01285	0.01713	0.03698	0.75981	0.04438	0.02102	0.00856	0.00273	0.00389	0.01908	0.00623	0.00545
19	0.00793	0.00680	0.00680	0.00680	0.00906	0.00566	0.00510	0.00963	0.01529	0.01813	0.06797	0.06457	0.71961	0.01699	0.00793	0.00227	0.00340	0.01416	0.00623	0.00566
20	0.08800	0.04405	0.01998	0.32636	0.08470	0.01501	0.05269	0.02332	0.11656	0.13925	0.01642	0.01876	0.01195	0.00713	0.00647	0.00215	0.00752	0.00614	0.00458	0.00895
21	0.00850	0.00636	0.00913	0.01014	0.01080	0.00594	0.03542	0.00986	0.01297	0.01731	0.03599	0.72851	0.04294	0.02037	0.00854	0.00271	0.00421	0.01860	0.00611	0.00560
22	0.00899	0.00660	0.00842	0.00847	0.00984	0.00604	0.00616	0.01149	0.01705	0.02347	0.47453	0.22523	0.13703	0.01589	0.00807	0.00228	0.00337	0.01407	0.00697	0.00604
23	0.01737	0.01660	0.02658	0.03900	0.66135	0.03873	0.01992	0.05864	0.01630	0.02288	0.01275	0.01644	0.01061	0.00612	0.00663	0.00199	0.00807	0.00593	0.00351	0.01058
24	0.01402	0.12731	0.64177	0.01816	0.02755	0.01697	0.02311	0.02110	0.01410	0.02056	0.01170	0.01374	0.00851	0.00629	0.00611	0.00204	0.00957	0.00479	0.00284	0.00975
25	0.01483	0.01248	0.01797	0.45644	0.05455	0.04213	0.01531	0.05230	0.01472	0.05168	0.01406	0.01862	0.01072	0.00740	0.00757	0.00214	0.06593	0.00598	0.12743	0.00774
26	0.00793	0.00680	0.00680	0.00680	0.00906	0.00566	0.00510	0.00963	0.01529	0.01813	0.06797	0.06457	0.71961	0.01699	0.00793	0.00227	0.00340	0.01416	0.00623	0.00566
27	0.01515	0.01149	0.01319	0.01151	0.01434	0.07047	0.06175	0.06566	0.04788	0.08533	0.05087	0.07676	0.15526	0.01234	0.02897	0.00235	0.02770	0.04294	0.19857	0.00748
28	0.01300	0.01153	0.01603	0.13664	0.02043	0.05247	0.05429	0.01528	0.01314	0.04918	0.02191	0.28877	0.02339	0.01525	0.04116	0.00292	0.18273	0.03042	0.00456	0.00690
29	0.01267	0.01193	0.02013	0.74806	0.04621	0.01491	0.01863	0.01714	0.01342	0.01714	0.01193	0.01789	0.00894	0.00671	0.00671	0.00224	0.00894	0.00596	0.00298	0.00745
30	0.01695	0.60570	0.18899	0.01317	0.01984	0.02412	0.01443	0.02035	0.01375	0.01700	0.00993	0.01152	0.00859	0.00588	0.00476	0.00159	0.00778	0.00389	0.00286	0.00890
31	0.05022	0.01611	0.02409	0.07615	0.06445	0.05538	0.23328	0.06808	0.21185	0.06657	0.01890	0.05294	0.01481	0.00782	0.00707	0.00221	0.00813	0.00751	0.00499	0.00944
32	0.01307	0.01252	0.02128	0.57297	0.07750	0.01472	0.07072	0.01734	0.01369	0.01793	0.01408	0.01931	0.03562	0.00706	0.00727	0.00220	0.03271	0.00634	0.00319	0.04048
33	0.01477	0.01188	0.01405	0.01059	0.01581	0.00990	0.00844	0.01887	0.06857	0.06143	0.03732	0.03652	0.01374	0.00647	0.00611	0.00132	0.03566	0.00516	0.00457	0.61882

[dist]
# distance from previous block
# <min> <max>
1	8

[block]
# block no. 4 follows, 32 sequences, length 29
# corresponding to MSA columns:
# 198-226
name=unknown_E
#
# <colnr> <probs for GDERKNQSTAVLIFYWHMCP>
#	G	D	E	R	K	N	Q	S	T	A	V	L	I	F	Y	W	H	M	C	P
0	0.01867	0.44682	0.18165	0.01352	0.01991	0.04587	0.01417	0.02302	0.05316	0.10729	0.01311	0.01386	0.01025	0.00643	0.00526	0.00172	0.00765	0.00453	0.00379	0.00933
1	0.08319	0.15556	0.02185	0.01435	0.01947	0.10320	0.01206	0.43186	0.02505	0.05072	0.01397	0.01446	0.01041	0.00737	0.00601	0.00188	0.00768	0.00524	0.00549	0.01018
2	0.01661	0.01594	0.02724	0.04119	0.72233	0.01594	0.02059	0.02059	0.01528	0.02192	0.01262	0.01661	0.01063	0.00598	0.00664	0.00199	0.00797	0.00598	0.00332	0.01063
3	0.01653	0.01615	0.02840	0.03997	0.65763	0.01604	0.08436	0.02068	0.01533	0.02188	0.01271	0.01675	0.01059	0.00595	0.00676	0.00202	0.00829	0.00616	0.00333	0.01048
4	0.01366	0.01325	0.01987	0.21831	0.02525	0.01764	0.03344	0.01608	0.01131	0.01642	0.01081	0.01741	0.00993	0.03845	0.06382	0.00335	0.45458	0.00617	0.00304	0.00722
5	0.00950	0.00686	0.00897	0.00844	0.01002	0.00633	0.00633	0.01266	0.01899	0.02691	0.71879	0.05012	0.06331	0.01372	0.00791	0.00211	0.00317	0.01213	0.00739	0.00633
6	0.00959	0.00719	0.01078	0.01078	0.01198	0.00839	0.00839	0.01198	0.01078	0.01558	0.01797	0.02636	0.01677	0.05032	0.73760	0.01078	0.01797	0.00719	0.00359	0.00599
7	0.01267	0.01193	0.02013	0.74806	0.04621	0.01491	0.01863	0.01714	0.01342	0.01714	0.01193	0.01789	0.00894	0.00671	0.00671	0.00224	0.00894	0.00596	0.00298	0.00745
8	0.00942	0.00686	0.00886	0.00836	0.00998	0.00630	0.00627	0.01251	0.01881	0.02648	0.68695	0.05083	0.09542	0.01388	0.00791	0.00212	0.00318	0.01223	0.00733	0.00630
9	0.00818	0.00614	0.00749	0.00854	0.00943	0.00556	0.00581	0.00944	0.01337	0.01720	0.04480	0.53196	0.23068	0.05627	0.00964	0.00278	0.00388	0.01726	0.00612	0.00544
10	0.01578	0.01793	0.03867	0.02777	0.03422	0.01714	0.66494	0.02123	0.01557	0.02123	0.01334	0.01793	0.01011	0.00595	0.00860	0.00230	0.04711	0.00782	0.00337	0.00897
11	0.01285	0.00681	0.00693	0.00673	0.00833	0.00689	0.00499	0.04440	0.01449	0.02483	0.02158	0.02609	0.01751	0.06605	0.00704	0.00196	0.00357	0.00651	0.70613	0.00631
12	0.01487	0.01529	0.02318	0.11559	0.02398	0.03948	0.11313	0.01735	0.01173	0.01705	0.00995	0.01552	0.00902	0.01007	0.01753	0.00271	0.52676	0.00613	0.00302	0.00761
13	0.01346	0.03471	0.72942	0.01912	0.02904	0.01558	0.02479	0.02125	0.01417	0.02125	0.01204	0.01417	0.00850	0.00637	0.00637	0.00212	0.00992	0.00496	0.00283	0.00992
14	0.01834	0.50714	0.08687	0.01512	0.02099	0.12635	0.10337	0.02133	0.01474	0.01705	0.01025	0.01219	0.00881	0.00595	0.00519	0.00164	0.00864	0.00437	0.00302	0.00865
15	0.01346	0.03471	0.72942	0.01912	0.02904	0.01558	0.02479	0.02125	0.01417	0.02125	0.01204	0.01417	0.00850	0.00637	0.00637	0.00212	0.00992	0.00496	0.00283	0.00992
16	0.00820	0.00593	0.00775	0.00915	0.00970	0.00549	0.00616	0.00946	0.01319	0.01748	0.05921	0.69257	0.08986	0.02054	0.00850	0.00268	0.00384	0.01854	0.00626	0.00549
17	0.01669	0.01441	0.01517	0.01365	0.01745	0.01669	0.01062	0.03565	0.71021	0.02807	0.02731	0.02503	0.02048	0.00910	0.00683	0.00228	0.00531	0.00759	0.00683	0.01062
18	0.01573	0.01778	0.03780	0.02728	0.03342	0.01731	0.63364	0.02099	0.01531	0.02099	0.01313	0.01778	0.01005	0.00623	0.00925	0.00233	0.08103	0.00773	0.00335	0.00889
19	0.01081	0.00772	0.01081	0.01236	0.01390	0.00772	0.01081	0.01390	0.01545	0.02008	0.03553	0.07569	0.03862	0.01854	0.00927	0.00309	0.00618	0.67717	0.00618	0.00618
20	0.00913	0.00677	0.00855	0.00856	0.01009	0.00619	0.00642	0.01175	0.01723	0.02351	0.46083	0.15454	0.17315	0.01566	0.00810	0.00229	0.00352	0.06067	0.00694	0.00608
21	0.02260	0.01689	0.01802	0.01413	0.01899	0.01847	0.01157	0.57049	0.06206	0.03819	0.02397	0.02338	0.11173	0.00937	0.00689	0.00206	0.00672	0.00726	0.00665	0.01056
22	0.01783	0.01708	0.01699	0.01493	0.01883	0.11833	0.04676	0.03367	0.57655	0.02608	0.02421	0.02285	0.01828	0.00862	0.00677	0.00220	0.00658	0.00714	0.00617	0.01014
23	0.00967	0.00707	0.00941	0.01074	0.01206	0.00680	0.00874	0.01204	0.01470	0.01899	0.04051	0.26373	0.13626	0.01901	0.00888	0.00287	0.00515	0.40126	0.00620	0.00590
24	0.13637	0.01797	0.01869	0.01451	0.01970	0.02000	0.01198	0.60402	0.02871	0.04057	0.01516	0.01537	0.01083	0.00780	0.00635	0.00202	0.00707	0.00570	0.00635	0.01083
25	0.01901	0.66253	0.03304	0.01204	0.01773	0.02574	0.01166	0.11598	0.01616	0.01952	0.01028	0.01152	0.00901	0.00607	0.00464	0.00152	0.00720	0.00393	0.00341	0.00901
26	0.69936	0.01370	0.01406	0.01157	0.01609	0.01532	0.10468	0.01997	0.01204	0.02889	0.00994	0.01192	0.00768	0.00615	0.00468	0.00210	0.00605	0.00424	0.00405	0.00752
27	0.01136	0.00602	0.00903	0.00903	0.00920	0.00619	0.00619	0.00920	0.00903	0.01221	0.01255	0.02124	0.01238	0.02712	0.12655	0.69280	0.00754	0.00602	0.00301	0.00335
28	0.01653	0.01690	0.02377	0.26669	0.40447	0.11734	0.01888	0.02035	0.01520	0.01960	0.01208	0.01639	0.00980	0.00635	0.00658	0.00203	0.00887	0.00574	0.00323	0.00920

[dist]
# distance from previous block
# <min> <max>
5	19

[block]
# block no. 5 follows, 32 sequences, length 15
# corresponding to MSA columns:
# 246-260
name=unknown_F
#
# <colnr> <probs for GDERKNQSTAVLIFYWHMCP>
#	G	D	E	R	K	N	Q	S	T	A	V	L	I	F	Y	W	H	M	C	P
0	0.01888	0.02173	0.02075	0.01794	0.01961	0.30655	0.04316	0.02063	0.01400	0.01649	0.00964	0.01380	0.00880	0.00956	0.01504	0.00243	0.42492	0.00534	0.00316	0.00759
1	0.02891	0.01544	0.01650	0.01310	0.01802	0.13309	0.01060	0.08216	0.02011	0.55563	0.02298	0.02052	0.01488	0.00805	0.00663	0.00201	0.00691	0.00629	0.00737	0.01081
2	0.01346	0.03471	0.72942	0.01912	0.02904	0.01558	0.02479	0.02125	0.01417	0.02125	0.01204	0.01417	0.00850	0.00637	0.00637	0.00212	0.00992	0.00496	0.00283	0.00992
3	0.00963	0.00649	0.00753	0.00765	0.00774	0.00652	0.00445	0.00984	0.01005	0.01346	0.02219	0.09759	0.02553	0.67090	0.06830	0.00644	0.00689	0.01034	0.00421	0.00427
4	0.00818	0.00584	0.00779	0.00934	0.00973	0.00545	0.00623	0.00934	0.01285	0.01713	0.03698	0.75981	0.04438	0.02102	0.00856	0.00273	0.00389	0.01908	0.00623	0.00545
5	0.01189	0.00634	0.00661	0.00657	0.00791	0.00630	0.00473	0.01458	0.01384	0.02346	0.07491	0.02960	0.02173	0.11534	0.00911	0.00230	0.00361	0.00720	0.62803	0.00595
6	0.00950	0.00686	0.00897	0.00844	0.01002	0.00633	0.00633	0.01266	0.01899	0.02691	0.71879	0.05012	0.06331	0.01372	0.00791	0.00211	0.00317	0.01213	0.00739	0.00633
7	0.00950	0.00686	0.00897	0.00844	0.01002	0.00633	0.00633	0.01266	0.01899	0.02691	0.71879	0.05012	0.06331	0.01372	0.00791	0.00211	0.00317	0.01213	0.00739	0.00633
8	0.02551	0.01879	0.02014	0.01544	0.02081	0.02081	0.01275	0.69996	0.03155	0.04229	0.01611	0.01611	0.01141	0.00805	0.00671	0.00201	0.00738	0.00604	0.00671	0.01141
9	0.01408	0.01336	0.02267	0.49541	0.28788	0.01528	0.01933	0.01838	0.01408	0.01885	0.01217	0.01743	0.00955	0.00645	0.00668	0.00215	0.00860	0.00597	0.00310	0.00859
10	0.01346	0.03471	0.72942	0.01912	0.02904	0.01558	0.02479	0.02125	0.01417	0.02125	0.01204	0.01417	0.00850	0.00637	0.00637	0.00212	0.00992	0.00496	0.00283	0.00992
11	0.01275	0.00968	0.00967	0.00946	0.01110	0.09319	0.00722	0.01541	0.01327	0.02002	0.01888	0.02406	0.01601	0.02565	0.31421	0.00547	0.01045	0.00642	0.37075	0.00632
12	0.68890	0.01229	0.01012	0.00910	0.01303	0.01390	0.00738	0.01986	0.01212	0.08118	0.01283	0.07168	0.01093	0.00757	0.00470	0.00213	0.00513	0.00510	0.00463	0.00743
13	0.02231	0.01560	0.01616	0.01296	0.01771	0.09225	0.01038	0.18529	0.12150	0.21861	0.04416	0.02123	0.03994	0.00812	0.00645	0.00188	0.00645	0.00640	0.00634	0.14627
14	0.02032	0.01679	0.01756	0.05869	0.02048	0.06136	0.01182	0.31946	0.25273	0.03231	0.04137	0.01984	0.01564	0.00818	0.00661	0.00202	0.00675	0.00647	0.00612	0.07551

[dist]
# distance from previous block
# <min> <max>
3	8

[block]
# block no. 6 follows, 32 sequences, length 16
# corresponding to MSA columns:
# 269-284
name=unknown_G
#
# <colnr> <probs for GDERKNQSTAVLIFYWHMCP>
#	G	D	E	R	K	N	Q	S	T	A	V	L	I	F	Y	W	H	M	C	P
0	0.08430	0.01492	0.05149	0.01861	0.02339	0.02774	0.31389	0.02084	0.10056	0.04737	0.09812	0.09537	0.05439	0.00919	0.00738	0.00225	0.00782	0.00912	0.00488	0.00837
1	0.01372	0.03315	0.67102	0.02096	0.08671	0.01561	0.02444	0.02119	0.01426	0.02131	0.01209	0.01437	0.00868	0.00634	0.00640	0.00211	0.00975	0.00504	0.00287	0.00998
2	0.02007	0.01487	0.01764	0.07789	0.02062	0.01588	0.01177	0.33388	0.02202	0.08480	0.01658	0.07226	0.01354	0.00867	0.00797	0.00198	0.07792	0.00664	0.00556	0.16942
3	0.01858	0.01910	0.07874	0.01484	0.01930	0.11538	0.01243	0.11066	0.47588	0.02754	0.02236	0.02128	0.01676	0.00844	0.00667	0.00216	0.00688	0.00673	0.00600	0.01026
4	0.01762	0.71517	0.08538	0.01203	0.01808	0.02576	0.01244	0.02018	0.01367	0.01618	0.00952	0.01101	0.00860	0.00579	0.00446	0.00149	0.00737	0.00369	0.00287	0.00871
5	0.01288	0.01214	0.02050	0.71055	0.08210	0.01496	0.01874	0.01733	0.01352	0.01740	0.01196	0.01782	0.00903	0.00667	0.00670	0.00222	0.00889	0.00596	0.00300	0.00762
6	0.05408	0.00941	0.01233	0.01022	0.01372	0.00848	0.00815	0.02303	0.01878	0.37890	0.34056	0.03474	0.03745	0.01068	0.00717	0.00209	0.00453	0.00906	0.00771	0.00893
7	0.01661	0.01594	0.02724	0.04119	0.72233	0.01594	0.02059	0.02059	0.01528	0.02192	0.01262	0.01661	0.01063	0.00598	0.00664	0.00199	0.00797	0.00598	0.00332	0.01063
8	0.00940	0.00685	0.00884	0.00834	0.00997	0.00629	0.00626	0.01248	0.01877	0.02637	0.67918	0.05100	0.10326	0.01392	0.00791	0.00212	0.00318	0.01226	0.00732	0.00629
9	0.01195	0.01001	0.01332	0.01367	0.07178	0.01014	0.00941	0.04331	0.01371	0.01956	0.02395	0.37951	0.02674	0.01410	0.00960	0.00227	0.12095	0.01192	0.00498	0.18913
10	0.01382	0.01421	0.02783	0.02273	0.08332	0.01370	0.39633	0.01874	0.05119	0.02023	0.02026	0.10800	0.04933	0.05565	0.07004	0.00325	0.00977	0.00936	0.00408	0.00815
11	0.01667	0.01514	0.02529	0.01879	0.02390	0.01481	0.29191	0.09851	0.05653	0.05630	0.01517	0.01948	0.01223	0.06932	0.01034	0.00237	0.06741	0.00680	0.00434	0.17468
12	0.01564	0.01462	0.01981	0.04328	0.31611	0.07381	0.01481	0.06723	0.01560	0.02120	0.01889	0.02398	0.07145	0.01380	0.09880	0.00321	0.08438	0.03336	0.04135	0.00867
13	0.40816	0.01399	0.01325	0.01084	0.01540	0.01518	0.00888	0.21793	0.01823	0.06866	0.01728	0.01774	0.06810	0.00766	0.00542	0.00198	0.00569	0.00540	0.00528	0.07493
14	0.02338	0.02045	0.02122	0.01682	0.02155	0.14331	0.06941	0.44140	0.07519	0.03360	0.01529	0.01614	0.01133	0.00795	0.00759	0.00206	0.05134	0.00600	0.00567	0.01030
15	0.01191	0.01097	0.01745	0.37271	0.03042	0.01248	0.06999	0.01641	0.05456	0.01938	0.10572	0.08199	0.11520	0.01024	0.00793	0.00230	0.03968	0.00901	0.00443	0.00724

[dist]
# distance from previous block
# <min> <max>
0	14

# created by:
# /home/cegg/simao/soft/augustus-3.2.1/scripts/msa2prfl.pl ./align_prep/EOG090W0DFD.fa
