[name]
unknown

[dist]
# distance from previous block
# <min> <max>
0	162

[block]
# block no. 0 follows, 34 sequences, length 19
# corresponding to MSA columns:
# 206-224
name=unknown_A
#
# <colnr> <probs for GDERKNQSTAVLIFYWHMCP>
#	G	D	E	R	K	N	Q	S	T	A	V	L	I	F	Y	W	H	M	C	P
0	0.06133	0.03951	0.12233	0.05415	0.13088	0.06428	0.06385	0.13471	0.08458	0.04526	0.01629	0.03256	0.03666	0.00715	0.00619	0.00191	0.00742	0.00599	0.00437	0.08057
1	0.09497	0.06417	0.04132	0.05754	0.08136	0.08895	0.04589	0.13550	0.04222	0.09235	0.05430	0.01795	0.02832	0.00738	0.00676	0.00189	0.04578	0.00574	0.00467	0.08294
2	0.07762	0.09768	0.14788	0.06286	0.07103	0.05201	0.03283	0.04301	0.10779	0.07285	0.03313	0.03930	0.05001	0.00779	0.00638	0.00196	0.02633	0.00621	0.03220	0.03113
3	0.12642	0.17984	0.07334	0.05150	0.06868	0.13874	0.03197	0.09565	0.05521	0.07332	0.01357	0.04065	0.01099	0.00700	0.00561	0.00185	0.00759	0.00527	0.00417	0.00865
4	0.01662	0.01829	0.01630	0.01478	0.01638	0.27997	0.01155	0.01907	0.04974	0.01651	0.03469	0.06056	0.01469	0.05043	0.07288	0.00312	0.26594	0.02781	0.00370	0.00696
5	0.04375	0.01401	0.01732	0.01388	0.01834	0.01473	0.06789	0.25019	0.17269	0.19507	0.02122	0.02287	0.01573	0.00840	0.00657	0.00207	0.00626	0.04825	0.05081	0.00994
6	0.01745	0.09757	0.03616	0.08765	0.10116	0.11652	0.01223	0.08846	0.07811	0.09369	0.01981	0.09478	0.05581	0.02818	0.00772	0.00212	0.04219	0.00728	0.00468	0.00840
7	0.00923	0.00725	0.00980	0.00913	0.01092	0.00672	0.04185	0.01238	0.04136	0.02270	0.44039	0.16111	0.17395	0.01432	0.00768	0.00216	0.00367	0.01272	0.00652	0.00613
8	0.00914	0.00660	0.00864	0.00813	0.00965	0.00610	0.00610	0.01219	0.01829	0.02591	0.72921	0.04827	0.06097	0.01321	0.00762	0.00203	0.00305	0.01169	0.00711	0.00610
9	0.02649	0.01065	0.01433	0.01121	0.01580	0.00939	0.00918	0.02962	0.04397	0.63849	0.09758	0.02476	0.02074	0.00856	0.00662	0.00201	0.00523	0.00706	0.00785	0.01047
10	0.02042	0.03940	0.08535	0.01829	0.07966	0.11107	0.09418	0.19074	0.09622	0.12132	0.01573	0.01668	0.01157	0.00738	0.00749	0.00202	0.06199	0.00589	0.00495	0.00965
11	0.01414	0.01414	0.01979	0.01696	0.01696	0.01979	0.01414	0.01555	0.00990	0.01555	0.00848	0.01414	0.00848	0.01131	0.02120	0.00283	0.76110	0.00565	0.00283	0.00707
12	0.00923	0.00692	0.01038	0.01038	0.01154	0.00808	0.00808	0.01154	0.01038	0.01500	0.01731	0.02538	0.01615	0.04846	0.74732	0.01038	0.01731	0.00692	0.00346	0.00577
13	0.02414	0.03079	0.01831	0.01665	0.01998	0.74698	0.01248	0.02580	0.01831	0.01581	0.00999	0.01165	0.00832	0.00666	0.00583	0.00166	0.01165	0.00416	0.00333	0.00749
14	0.01902	0.01870	0.13715	0.01730	0.07508	0.07714	0.05009	0.15288	0.10739	0.12954	0.01751	0.05193	0.01380	0.00840	0.00794	0.00212	0.07794	0.02158	0.00504	0.00945
15	0.00822	0.00610	0.00804	0.03596	0.01074	0.00576	0.00646	0.00978	0.01336	0.01769	0.11190	0.56630	0.11746	0.01850	0.00807	0.00251	0.00387	0.03783	0.00600	0.00545
16	0.01323	0.02550	0.46310	0.02162	0.16143	0.01393	0.05464	0.01911	0.01380	0.02028	0.01388	0.08057	0.01177	0.00719	0.00637	0.00202	0.00848	0.00625	0.00319	0.05362
17	0.01442	0.07735	0.60042	0.01810	0.02668	0.08905	0.04568	0.02094	0.01413	0.01969	0.01133	0.01338	0.00826	0.00613	0.00604	0.00197	0.00965	0.00473	0.00281	0.00924
18	0.01718	0.01412	0.02232	0.12948	0.44721	0.01457	0.01689	0.07687	0.04122	0.09630	0.04920	0.01860	0.01348	0.00672	0.00649	0.00198	0.00722	0.00618	0.00422	0.00976

[dist]
# distance from previous block
# <min> <max>
0	3

[block]
# block no. 1 follows, 34 sequences, length 18
# corresponding to MSA columns:
# 228-245
name=unknown_B
#
# <colnr> <probs for GDERKNQSTAVLIFYWHMCP>
#	G	D	E	R	K	N	Q	S	T	A	V	L	I	F	Y	W	H	M	C	P
0	0.06305	0.08378	0.42117	0.01708	0.02453	0.01514	0.10746	0.04012	0.01434	0.08641	0.01324	0.01573	0.00982	0.03125	0.02762	0.00237	0.00892	0.00535	0.00352	0.00908
1	0.01220	0.01148	0.01938	0.75739	0.04450	0.01436	0.01794	0.01651	0.01292	0.01651	0.01148	0.01723	0.00861	0.00646	0.00646	0.00215	0.00861	0.00574	0.00287	0.00718
2	0.01909	0.03703	0.01659	0.01460	0.04980	0.21810	0.03069	0.17382	0.01838	0.07448	0.03469	0.08377	0.01622	0.10527	0.03325	0.00274	0.03216	0.00709	0.02430	0.00794
3	0.01714	0.01945	0.05802	0.05317	0.36924	0.17274	0.14544	0.02096	0.01549	0.01965	0.01264	0.01741	0.01062	0.00639	0.00659	0.00197	0.00918	0.03153	0.00331	0.00907
4	0.02382	0.01738	0.01860	0.01434	0.01929	0.01920	0.01182	0.66971	0.02938	0.03973	0.01584	0.01602	0.01132	0.00774	0.00635	0.00191	0.00687	0.00583	0.05415	0.01069
5	0.01362	0.01313	0.01999	0.50268	0.17260	0.04804	0.01692	0.01755	0.01357	0.01786	0.01154	0.01631	0.00902	0.00615	0.00623	0.00195	0.00815	0.00546	0.00306	0.09614
6	0.00765	0.00650	0.00660	0.00668	0.00876	0.00544	0.00497	0.00926	0.01460	0.01740	0.06387	0.09977	0.69343	0.01657	0.00767	0.00221	0.00330	0.01389	0.00600	0.00544
7	0.00900	0.00631	0.00781	0.00791	0.00857	0.00616	0.00523	0.01027	0.01262	0.01726	0.22104	0.16295	0.06138	0.35453	0.07698	0.00467	0.00572	0.01146	0.00518	0.00494
8	0.01056	0.00855	0.01178	0.01114	0.01194	0.01042	0.00853	0.01293	0.04208	0.01514	0.01657	0.02655	0.01629	0.18878	0.42045	0.00765	0.16404	0.00720	0.00357	0.00585
9	0.00931	0.00665	0.00915	0.01064	0.01165	0.00649	0.00850	0.01149	0.01379	0.01811	0.03482	0.37385	0.03959	0.01888	0.00863	0.00282	0.00500	0.39900	0.00597	0.00565
10	0.01220	0.01148	0.01938	0.75739	0.04450	0.01436	0.01794	0.01651	0.01292	0.01651	0.01148	0.01723	0.00861	0.00646	0.00646	0.00215	0.00861	0.00574	0.00287	0.00718
11	0.02414	0.03079	0.01831	0.01665	0.01998	0.74698	0.01248	0.02580	0.01831	0.01581	0.00999	0.01165	0.00832	0.00666	0.00583	0.00166	0.01165	0.00416	0.00333	0.00749
12	0.00940	0.00626	0.00705	0.00705	0.00705	0.00626	0.00392	0.00940	0.00940	0.01253	0.02036	0.04228	0.02349	0.77292	0.03289	0.00626	0.00626	0.00940	0.00392	0.00392
13	0.02270	0.02840	0.01852	0.01669	0.01954	0.64251	0.01272	0.02433	0.01710	0.01578	0.00977	0.01201	0.00835	0.00733	0.00804	0.00183	0.11932	0.00438	0.00326	0.00743
14	0.02414	0.03079	0.01831	0.01665	0.01998	0.74698	0.01248	0.02580	0.01831	0.01581	0.00999	0.01165	0.00832	0.00666	0.00583	0.00166	0.01165	0.00416	0.00333	0.00749
15	0.01122	0.00561	0.00842	0.00842	0.00842	0.00561	0.00561	0.00842	0.00842	0.01122	0.01122	0.01964	0.01122	0.02245	0.02525	0.81201	0.00561	0.00561	0.00281	0.00281
16	0.00802	0.00652	0.00710	0.00703	0.00898	0.00560	0.00524	0.00998	0.01551	0.01950	0.22757	0.08615	0.53878	0.01574	0.00766	0.00216	0.00324	0.01334	0.00627	0.00560
17	0.01599	0.01535	0.02623	0.03966	0.73262	0.01535	0.01983	0.01983	0.01471	0.02111	0.01215	0.01599	0.01023	0.00576	0.00640	0.00192	0.00768	0.00576	0.00320	0.01023

[dist]
# distance from previous block
# <min> <max>
0	4

[block]
# block no. 2 follows, 34 sequences, length 6
# corresponding to MSA columns:
# 257-262
name=unknown_C
#
# <colnr> <probs for GDERKNQSTAVLIFYWHMCP>
#	G	D	E	R	K	N	Q	S	T	A	V	L	I	F	Y	W	H	M	C	P
0	0.05139	0.10719	0.02115	0.01572	0.01996	0.35236	0.08496	0.11789	0.01856	0.09771	0.01367	0.04581	0.01108	0.00725	0.00602	0.00181	0.00918	0.00550	0.00433	0.00845
1	0.01355	0.07665	0.51881	0.05999	0.07527	0.01625	0.02127	0.01954	0.01319	0.01936	0.01109	0.01385	0.00839	0.00671	0.00785	0.00209	0.09935	0.00492	0.00278	0.00909
2	0.01164	0.00727	0.01023	0.00981	0.01118	0.00786	0.00736	0.01348	0.01115	0.10109	0.01894	0.02858	0.01770	0.19788	0.50632	0.00850	0.01354	0.00740	0.00410	0.00600
3	0.01005	0.00765	0.00921	0.00947	0.01102	0.00760	0.00706	0.03867	0.10041	0.02084	0.17413	0.29461	0.14033	0.04460	0.00878	0.00255	0.00419	0.09633	0.00622	0.00629
4	0.08449	0.17254	0.07035	0.01460	0.04283	0.10616	0.04185	0.06122	0.17001	0.08740	0.03936	0.01705	0.01344	0.00734	0.00652	0.00192	0.04383	0.00552	0.00463	0.00894
5	0.01436	0.10451	0.02299	0.11510	0.37688	0.01486	0.04246	0.01755	0.01365	0.01898	0.01460	0.08828	0.01368	0.03985	0.00791	0.00216	0.03410	0.00691	0.04265	0.00852

[dist]
# distance from previous block
# <min> <max>
0	4

[block]
# block no. 3 follows, 34 sequences, length 54
# corresponding to MSA columns:
# 268-321
name=unknown_D
#
# <colnr> <probs for GDERKNQSTAVLIFYWHMCP>
#	G	D	E	R	K	N	Q	S	T	A	V	L	I	F	Y	W	H	M	C	P
0	0.01701	0.01587	0.02455	0.05439	0.45728	0.05949	0.08937	0.03770	0.07816	0.05888	0.01475	0.01855	0.01195	0.00657	0.00659	0.00200	0.00788	0.02538	0.00391	0.00975
1	0.03800	0.09587	0.06488	0.10530	0.13534	0.09230	0.05080	0.12133	0.01701	0.05992	0.03585	0.01581	0.01138	0.00644	0.00592	0.00176	0.00758	0.00529	0.00407	0.12517
2	0.01173	0.01042	0.01481	0.07196	0.01680	0.03604	0.06142	0.01472	0.04960	0.01737	0.08115	0.09164	0.03644	0.03669	0.19923	0.04855	0.15690	0.03401	0.00411	0.00643
3	0.51586	0.01670	0.01250	0.02999	0.01536	0.19088	0.00900	0.02045	0.01302	0.04586	0.01062	0.03576	0.00885	0.00696	0.00559	0.00198	0.04511	0.00439	0.00393	0.00719
4	0.01900	0.12881	0.07196	0.16077	0.04485	0.01594	0.01317	0.18356	0.05523	0.15540	0.03494	0.05839	0.01426	0.00790	0.00623	0.00197	0.00689	0.00641	0.00511	0.00923
5	0.01733	0.01456	0.01522	0.05069	0.01812	0.09551	0.00953	0.11230	0.01664	0.08043	0.01298	0.01438	0.01008	0.00575	0.00536	0.00132	0.00615	0.00445	0.00441	0.50481
6	0.05229	0.00641	0.00771	0.00859	0.00963	0.00608	0.00609	0.01015	0.01307	0.01785	0.07626	0.45652	0.16634	0.06436	0.00944	0.00273	0.00403	0.07123	0.00582	0.00540
7	0.01346	0.01243	0.02002	0.45196	0.20315	0.01460	0.01695	0.01824	0.05617	0.01859	0.01287	0.01752	0.01010	0.00681	0.00731	0.00211	0.05684	0.00585	0.04700	0.00802
8	0.00904	0.00660	0.00850	0.00802	0.00959	0.00605	0.00602	0.01200	0.01805	0.02535	0.68514	0.04919	0.10538	0.01342	0.00762	0.00204	0.00306	0.01181	0.00704	0.00605
9	0.00852	0.00642	0.00866	0.00980	0.01020	0.00656	0.00690	0.00976	0.01230	0.01657	0.03331	0.67048	0.03963	0.01938	0.00935	0.00266	0.06601	0.05232	0.00574	0.00543
10	0.01727	0.77681	0.03386	0.01106	0.01658	0.02557	0.01106	0.01935	0.01313	0.01520	0.00898	0.01036	0.00829	0.00553	0.00415	0.00138	0.00691	0.00345	0.00276	0.00829
11	0.00962	0.00706	0.00939	0.01063	0.01209	0.00682	0.00892	0.01214	0.01453	0.01866	0.03964	0.15984	0.15436	0.01790	0.00862	0.00280	0.00522	0.49002	0.00596	0.00578
12	0.03960	0.00651	0.00662	0.00640	0.00818	0.00649	0.00487	0.01608	0.01373	0.06303	0.02092	0.02353	0.01621	0.00750	0.00461	0.00155	0.00321	0.00596	0.73867	0.00632
13	0.01204	0.00602	0.00602	0.00602	0.00753	0.00602	0.00452	0.01506	0.01355	0.02409	0.02108	0.02409	0.01656	0.00753	0.00452	0.00151	0.00301	0.00602	0.80879	0.00602
14	0.81856	0.01250	0.00950	0.00850	0.01250	0.01449	0.00700	0.01899	0.01100	0.02899	0.00900	0.01050	0.00700	0.00600	0.00400	0.00200	0.00500	0.00350	0.00400	0.00700
15	0.01576	0.01512	0.02581	0.08324	0.69084	0.01529	0.01972	0.01963	0.01460	0.02083	0.01211	0.01607	0.01014	0.00580	0.00640	0.00193	0.00773	0.00576	0.00318	0.01005
16	0.81856	0.01250	0.00950	0.00850	0.01250	0.01449	0.00700	0.01899	0.01100	0.02899	0.00900	0.01050	0.00700	0.00600	0.00400	0.00200	0.00500	0.00350	0.00400	0.00700
17	0.81856	0.01250	0.00950	0.00850	0.01250	0.01449	0.00700	0.01899	0.01100	0.02899	0.00900	0.01050	0.00700	0.00600	0.00400	0.00200	0.00500	0.00350	0.00400	0.00700
18	0.01727	0.77681	0.03386	0.01106	0.01658	0.02557	0.01106	0.01935	0.01313	0.01520	0.00898	0.01036	0.00829	0.00553	0.00415	0.00138	0.00691	0.00345	0.00276	0.00829
19	0.00786	0.00568	0.00744	0.00885	0.00933	0.00526	0.00593	0.00901	0.01251	0.01655	0.03742	0.72581	0.08446	0.02001	0.00821	0.00260	0.00372	0.01808	0.00600	0.00526
20	0.01114	0.00918	0.00959	0.00993	0.01122	0.06715	0.00705	0.08451	0.01480	0.01884	0.03295	0.47473	0.10124	0.08191	0.00994	0.00275	0.00499	0.03646	0.00565	0.00596
21	0.01599	0.01535	0.02623	0.03966	0.73262	0.01535	0.01983	0.01983	0.01471	0.02111	0.01215	0.01599	0.01023	0.00576	0.00640	0.00192	0.00768	0.00576	0.00320	0.01023
22	0.01122	0.00561	0.00842	0.00842	0.00842	0.00561	0.00561	0.00842	0.00842	0.01122	0.01122	0.01964	0.01122	0.02245	0.02525	0.81201	0.00561	0.00561	0.00281	0.00281
23	0.01478	0.04587	0.11694	0.19320	0.11088	0.03844	0.12737	0.05437	0.01473	0.04541	0.01574	0.06462	0.03069	0.00811	0.00787	0.00216	0.06787	0.02898	0.00370	0.00827
24	0.01640	0.01609	0.02661	0.05334	0.60775	0.04190	0.07953	0.04181	0.01534	0.02139	0.01225	0.01597	0.01011	0.00584	0.00649	0.00194	0.00810	0.00586	0.00330	0.00996
25	0.33531	0.01122	0.01229	0.01082	0.03095	0.01143	0.00854	0.04509	0.01527	0.30940	0.04817	0.06622	0.01674	0.00863	0.00579	0.00209	0.00522	0.04221	0.00600	0.00859
26	0.04088	0.04749	0.03619	0.13901	0.07024	0.42627	0.02720	0.05906	0.01714	0.03184	0.01193	0.02850	0.00996	0.00703	0.00606	0.00184	0.00990	0.01800	0.00358	0.00788
27	0.01005	0.00714	0.00805	0.00747	0.00988	0.00608	0.00570	0.01215	0.01586	0.08064	0.22105	0.05341	0.47762	0.01442	0.00742	0.00208	0.00347	0.01216	0.00635	0.03901
28	0.04365	0.06393	0.07113	0.10194	0.06029	0.05667	0.01311	0.13322	0.24472	0.09280	0.01784	0.01825	0.01323	0.00759	0.00671	0.00204	0.03220	0.00596	0.00517	0.00953
29	0.01328	0.01288	0.01826	0.03997	0.01698	0.01772	0.01328	0.01493	0.01007	0.01549	0.01001	0.01605	0.00973	0.01715	0.13807	0.00403	0.61644	0.00586	0.00293	0.00686
30	0.00890	0.00597	0.00795	0.00899	0.00970	0.00553	0.00615	0.01032	0.01337	0.04710	0.12349	0.64652	0.04396	0.01885	0.00810	0.00252	0.00373	0.01703	0.00622	0.00559
31	0.00802	0.00656	0.00707	0.00695	0.00896	0.00562	0.00521	0.01001	0.01563	0.01960	0.23347	0.05866	0.56065	0.01557	0.00763	0.00214	0.00322	0.01314	0.00628	0.00562
32	0.01169	0.00606	0.00616	0.00616	0.00746	0.00606	0.00444	0.01429	0.01299	0.02252	0.02098	0.02656	0.01750	0.11132	0.00836	0.00215	0.00345	0.00648	0.69964	0.00574
33	0.02136	0.01241	0.01449	0.01205	0.01615	0.01290	0.00964	0.10156	0.30423	0.30176	0.06031	0.02362	0.01930	0.00852	0.00647	0.00205	0.00525	0.00699	0.05077	0.01016
34	0.01727	0.77681	0.03386	0.01106	0.01658	0.02557	0.01106	0.01935	0.01313	0.01520	0.00898	0.01036	0.00829	0.00553	0.00415	0.00138	0.00691	0.00345	0.00276	0.00829
35	0.00766	0.00647	0.00663	0.00675	0.00878	0.00544	0.00500	0.00925	0.01453	0.01737	0.06291	0.12240	0.67142	0.01669	0.00769	0.00222	0.00331	0.01404	0.00600	0.00544
36	0.02899	0.01100	0.01499	0.01150	0.01649	0.00950	0.00950	0.03149	0.01849	0.73709	0.02549	0.02199	0.01599	0.00800	0.00650	0.00200	0.00550	0.00650	0.00800	0.01100
37	0.04067	0.10355	0.48778	0.01689	0.02499	0.01594	0.05813	0.06957	0.01506	0.06445	0.01244	0.01405	0.00896	0.00621	0.00595	0.00194	0.00864	0.00491	0.00342	0.03645
38	0.01129	0.00957	0.01162	0.01035	0.01259	0.04587	0.04527	0.01676	0.12884	0.02505	0.52405	0.04131	0.06795	0.01184	0.00737	0.00205	0.00424	0.01045	0.00659	0.00694
39	0.02411	0.01788	0.01914	0.01478	0.01987	0.01983	0.01217	0.67539	0.06679	0.04000	0.01608	0.01597	0.01145	0.00781	0.00647	0.00195	0.00700	0.00590	0.00647	0.01095
40	0.00867	0.00646	0.00809	0.00815	0.00960	0.00588	0.00606	0.01107	0.01630	0.02210	0.42879	0.18038	0.19826	0.01537	0.00780	0.00222	0.00337	0.04901	0.00662	0.00580
41	0.01389	0.12608	0.41632	0.01926	0.02707	0.01628	0.20926	0.01981	0.01407	0.01968	0.01439	0.01671	0.04534	0.00639	0.00636	0.00200	0.00925	0.00583	0.00305	0.00895
42	0.01543	0.05801	0.03464	0.02436	0.03022	0.01664	0.56984	0.05499	0.01543	0.02090	0.01308	0.01732	0.01012	0.00838	0.05274	0.00264	0.03608	0.00720	0.00340	0.00857
43	0.01291	0.00628	0.00648	0.00630	0.00798	0.00620	0.00477	0.01589	0.01380	0.06034	0.02130	0.02398	0.01653	0.00755	0.00462	0.00153	0.00314	0.00605	0.76808	0.00628
44	0.01511	0.01904	0.16050	0.10081	0.29674	0.01565	0.23341	0.04215	0.01501	0.02105	0.01238	0.01611	0.00959	0.00586	0.00674	0.00205	0.00909	0.00615	0.00321	0.00937
45	0.01888	0.05919	0.13462	0.08818	0.07563	0.09852	0.07836	0.10097	0.08084	0.13515	0.03167	0.01738	0.01235	0.00715	0.00684	0.00200	0.03251	0.00586	0.00460	0.00929
46	0.01220	0.01148	0.01938	0.75739	0.04450	0.01436	0.01794	0.01651	0.01292	0.01651	0.01148	0.01723	0.00861	0.00646	0.00646	0.00215	0.00861	0.00574	0.00287	0.00718
47	0.00925	0.00684	0.00995	0.00995	0.01096	0.00784	0.00754	0.01126	0.01026	0.01468	0.01770	0.02756	0.01710	0.14185	0.65522	0.00985	0.01588	0.00724	0.00352	0.00553
48	0.01762	0.06529	0.15961	0.04700	0.17278	0.26027	0.07378	0.02135	0.01546	0.01841	0.01242	0.01734	0.01059	0.00703	0.00677	0.00195	0.03400	0.04655	0.00328	0.00849
49	0.01682	0.51027	0.12162	0.01481	0.05736	0.06018	0.04999	0.02095	0.06193	0.01732	0.01093	0.01246	0.00924	0.00589	0.00496	0.00161	0.00762	0.00427	0.00310	0.00867
50	0.00926	0.00715	0.00870	0.00941	0.01111	0.00679	0.00754	0.01229	0.05295	0.01884	0.06857	0.17104	0.29568	0.01701	0.00817	0.00255	0.00448	0.27650	0.00605	0.00590
51	0.03256	0.04176	0.03751	0.07346	0.15286	0.03311	0.12806	0.11917	0.06664	0.02305	0.05057	0.10749	0.06269	0.00914	0.00729	0.00211	0.03126	0.00820	0.00456	0.00848
52	0.03648	0.01834	0.03879	0.15096	0.10113	0.16593	0.15980	0.09209	0.04908	0.10321	0.01420	0.01645	0.01051	0.00661	0.00652	0.00199	0.00890	0.00591	0.00422	0.00889
53	0.01370	0.01324	0.02043	0.51476	0.19107	0.05468	0.01752	0.01743	0.01337	0.01726	0.01146	0.01666	0.00904	0.00701	0.00746	0.03125	0.02734	0.00565	0.00296	0.00770

[dist]
# distance from previous block
# <min> <max>
1	17

[block]
# block no. 4 follows, 34 sequences, length 82
# corresponding to MSA columns:
# 339-363,371-376,378-428
name=unknown_E
#
# <colnr> <probs for GDERKNQSTAVLIFYWHMCP>
#	G	D	E	R	K	N	Q	S	T	A	V	L	I	F	Y	W	H	M	C	P
0	0.19963	0.03324	0.04774	0.05382	0.01800	0.04302	0.03824	0.02377	0.08415	0.24315	0.01712	0.01806	0.01246	0.02667	0.05025	0.00256	0.02638	0.00558	0.00521	0.05095
1	0.01635	0.01627	0.01857	0.15936	0.09762	0.14540	0.03101	0.07832	0.01554	0.02040	0.03049	0.01540	0.01060	0.00684	0.00775	0.00179	0.09924	0.00516	0.00367	0.22021
2	0.03292	0.01000	0.01222	0.04336	0.11376	0.02891	0.00902	0.08399	0.01598	0.04049	0.07169	0.19560	0.27109	0.01325	0.00718	0.00215	0.00495	0.01139	0.00546	0.02659
3	0.00952	0.00659	0.00788	0.00771	0.00818	0.00663	0.00480	0.01013	0.01011	0.01386	0.05191	0.03883	0.02353	0.59725	0.13917	0.00648	0.00774	0.00890	0.00399	0.03681
4	0.04001	0.01547	0.01826	0.01706	0.09888	0.01721	0.03202	0.26374	0.32351	0.05358	0.01966	0.01936	0.01461	0.00796	0.00688	0.00208	0.02701	0.00646	0.00594	0.01030
5	0.02441	0.01027	0.01352	0.01070	0.01494	0.00908	0.00866	0.05096	0.01816	0.55690	0.08833	0.02838	0.08135	0.04408	0.00790	0.00221	0.00519	0.00766	0.00751	0.00978
6	0.01296	0.03342	0.73944	0.01842	0.02797	0.01501	0.02387	0.02046	0.01364	0.02046	0.01160	0.01364	0.00818	0.00614	0.00614	0.00205	0.00955	0.00477	0.00273	0.00955
7	0.00929	0.00636	0.00746	0.00746	0.00771	0.00646	0.00451	0.00967	0.00977	0.01308	0.02202	0.04098	0.05479	0.64349	0.12531	0.00662	0.00757	0.00927	0.00395	0.00423
8	0.00841	0.00660	0.00712	0.00714	0.00843	0.00609	0.00489	0.00946	0.01269	0.01572	0.04720	0.09753	0.43516	0.26653	0.01638	0.00358	0.02454	0.01231	0.00523	0.00498
9	0.02113	0.01051	0.01334	0.01092	0.01484	0.00986	0.00873	0.04339	0.12671	0.39765	0.18354	0.04784	0.02700	0.00947	0.00673	0.00200	0.00485	0.00797	0.00730	0.04621
10	0.06790	0.01025	0.01319	0.01056	0.01477	0.00939	0.00861	0.02754	0.03703	0.54065	0.02357	0.02190	0.01570	0.00997	0.04499	0.00238	0.00573	0.00631	0.11977	0.00979
11	0.01750	0.75277	0.03336	0.01124	0.01669	0.04881	0.01110	0.01956	0.01330	0.01522	0.00902	0.01041	0.00829	0.00556	0.00420	0.00139	0.00706	0.00348	0.00278	0.00827
12	0.01569	0.00863	0.00949	0.00846	0.01088	0.00876	0.00656	0.13656	0.01689	0.10611	0.02206	0.09686	0.01815	0.00889	0.00545	0.00175	0.00407	0.00728	0.50010	0.00736
13	0.01680	0.01424	0.01502	0.01330	0.01708	0.01641	0.01040	0.09255	0.66154	0.02821	0.02537	0.02337	0.01897	0.00868	0.00657	0.00217	0.00529	0.00718	0.00657	0.01029
14	0.01334	0.01230	0.02047	0.19437	0.41224	0.01287	0.01635	0.01671	0.01383	0.01909	0.01734	0.17150	0.01717	0.00917	0.00685	0.00214	0.00704	0.02503	0.00376	0.00842
15	0.01198	0.07761	0.12805	0.01324	0.04555	0.01080	0.07242	0.01622	0.03564	0.04369	0.37525	0.03547	0.06873	0.01046	0.00702	0.00202	0.00549	0.02741	0.00549	0.00744
16	0.01324	0.01211	0.02036	0.62149	0.06358	0.01447	0.06058	0.01840	0.05632	0.03855	0.01291	0.01776	0.00963	0.00656	0.00654	0.00215	0.00842	0.00598	0.00328	0.00767
17	0.00794	0.00572	0.00752	0.00884	0.00936	0.00531	0.00596	0.00920	0.01282	0.01709	0.07756	0.69721	0.07221	0.01967	0.00819	0.00257	0.00369	0.01778	0.00606	0.00531
18	0.01219	0.01116	0.01860	0.71328	0.04233	0.01387	0.01716	0.01642	0.01296	0.01695	0.01205	0.01763	0.00908	0.00652	0.00635	0.00212	0.00828	0.00576	0.05018	0.00711
19	0.03424	0.09856	0.51696	0.01666	0.02452	0.01645	0.01984	0.05040	0.09993	0.02167	0.01314	0.01462	0.00969	0.00661	0.00641	0.00202	0.03045	0.00500	0.00339	0.00944
20	0.01453	0.01376	0.02312	0.23767	0.46852	0.01479	0.01851	0.01835	0.01402	0.01949	0.01311	0.01960	0.01129	0.00689	0.00717	0.00208	0.03897	0.04587	0.00325	0.00900
21	0.00926	0.00682	0.00984	0.00984	0.01081	0.00778	0.00740	0.01119	0.01022	0.01460	0.01780	0.02812	0.01734	0.16556	0.63183	0.00972	0.01552	0.00732	0.00353	0.00547
22	0.01614	0.01598	0.07343	0.12494	0.42117	0.01530	0.04910	0.07975	0.03492	0.04522	0.01461	0.01770	0.03093	0.00662	0.00685	0.00201	0.02593	0.00607	0.00373	0.00960
23	0.01727	0.77681	0.03386	0.01106	0.01658	0.02557	0.01106	0.01935	0.01313	0.01520	0.00898	0.01036	0.00829	0.00553	0.00415	0.00138	0.00691	0.00345	0.00276	0.00829
24	0.01503	0.01113	0.01352	0.01040	0.03184	0.00868	0.00804	0.01789	0.01444	0.10910	0.07003	0.01727	0.01444	0.00587	0.00526	0.00119	0.00480	0.00482	0.00458	0.63166
25	0.02304	0.01743	0.01922	0.01612	0.06148	0.01928	0.01248	0.58896	0.11266	0.03792	0.01662	0.01658	0.01200	0.00776	0.00647	0.00197	0.00690	0.00599	0.00629	0.01085
26	0.00901	0.00691	0.00829	0.00880	0.01046	0.00639	0.00686	0.02973	0.01509	0.01924	0.11706	0.20206	0.32853	0.01696	0.00806	0.00245	0.00414	0.18811	0.00611	0.00576
27	0.01597	0.03696	0.10338	0.05886	0.29519	0.06068	0.22740	0.05523	0.01559	0.02109	0.01314	0.04243	0.01084	0.00640	0.00672	0.00202	0.00894	0.00651	0.00342	0.00922
28	0.00827	0.00586	0.00744	0.00847	0.00885	0.00559	0.00552	0.00919	0.01169	0.01553	0.03257	0.54026	0.06564	0.20263	0.03799	0.00373	0.00477	0.01564	0.00541	0.00495
29	0.01858	0.56322	0.02952	0.01267	0.01736	0.18418	0.01157	0.02052	0.01406	0.01536	0.00917	0.01089	0.00831	0.00615	0.00562	0.00154	0.05659	0.00375	0.00289	0.00804
30	0.00802	0.00581	0.00748	0.00862	0.00922	0.00538	0.00581	0.00929	0.01289	0.01712	0.09150	0.61571	0.10319	0.05585	0.00934	0.00272	0.00377	0.01700	0.00598	0.00527
31	0.00914	0.00660	0.00864	0.00813	0.00965	0.00610	0.00610	0.01219	0.01829	0.02591	0.72921	0.04827	0.06097	0.01321	0.00762	0.00203	0.00305	0.01169	0.00711	0.00610
32	0.02456	0.01810	0.01939	0.01487	0.02004	0.02004	0.01228	0.71107	0.03038	0.04072	0.01551	0.01551	0.01099	0.00776	0.00646	0.00194	0.00711	0.00582	0.00646	0.01099
33	0.01204	0.00602	0.00602	0.00602	0.00753	0.00602	0.00452	0.01506	0.01355	0.02409	0.02108	0.02409	0.01656	0.00753	0.00452	0.00151	0.00301	0.00602	0.80879	0.00602
34	0.01525	0.01743	0.03813	0.02723	0.03377	0.01634	0.70915	0.02070	0.01525	0.02070	0.01307	0.01743	0.00980	0.00545	0.00763	0.00218	0.01089	0.00763	0.00327	0.00871
35	0.00940	0.00626	0.00705	0.00705	0.00705	0.00626	0.00392	0.00940	0.00940	0.01253	0.02036	0.04228	0.02349	0.77292	0.03289	0.00626	0.00626	0.00940	0.00392	0.00392
36	0.12509	0.01187	0.01475	0.01146	0.01635	0.01113	0.00946	0.09564	0.01873	0.58323	0.02251	0.01996	0.01441	0.00773	0.00619	0.00199	0.00559	0.00607	0.00736	0.01051
37	0.00920	0.00614	0.00710	0.00737	0.00749	0.00607	0.00432	0.00950	0.01007	0.01362	0.02318	0.17493	0.02680	0.61048	0.02746	0.00544	0.00570	0.01093	0.02995	0.00423
38	0.01414	0.01414	0.01979	0.01696	0.01696	0.01979	0.01414	0.01555	0.00990	0.01555	0.00848	0.01414	0.00848	0.01131	0.02120	0.00283	0.76110	0.00565	0.00283	0.00707
39	0.00923	0.00692	0.01038	0.01038	0.01154	0.00808	0.00808	0.01154	0.01038	0.01500	0.01731	0.02538	0.01615	0.04846	0.74732	0.01038	0.01731	0.00692	0.00346	0.00577
40	0.01924	0.01296	0.01370	0.01110	0.01472	0.01408	0.00898	0.41499	0.02322	0.03365	0.01788	0.01916	0.01336	0.00766	0.00564	0.00175	0.00537	0.00590	0.34777	0.00888
41	0.00940	0.00626	0.00705	0.00705	0.00705	0.00626	0.00392	0.00940	0.00940	0.01253	0.02036	0.04228	0.02349	0.77292	0.03289	0.00626	0.00626	0.00940	0.00392	0.00392
42	0.01296	0.03342	0.73944	0.01842	0.02797	0.01501	0.02387	0.02046	0.01364	0.02046	0.01160	0.01364	0.00818	0.00614	0.00614	0.00205	0.00955	0.00477	0.00273	0.00955
43	0.02404	0.01784	0.01910	0.01476	0.01984	0.01979	0.01216	0.66969	0.07261	0.03988	0.01617	0.01604	0.01152	0.00782	0.00647	0.00195	0.00699	0.00591	0.00647	0.01094
44	0.00831	0.00602	0.00788	0.00902	0.00971	0.00553	0.00611	0.00953	0.01237	0.01666	0.03361	0.68018	0.03997	0.04958	0.00906	0.00269	0.00396	0.03356	0.00579	0.05046
45	0.03976	0.01394	0.03734	0.03615	0.16021	0.01269	0.06844	0.07613	0.08042	0.07874	0.01500	0.01752	0.01180	0.00631	0.00592	0.00166	0.00637	0.02201	0.00445	0.30513
46	0.01525	0.01743	0.03813	0.02723	0.03377	0.01634	0.70915	0.02070	0.01525	0.02070	0.01307	0.01743	0.00980	0.00545	0.00763	0.00218	0.01089	0.00763	0.00327	0.00871
47	0.02899	0.01100	0.01499	0.01150	0.01649	0.00950	0.00950	0.03149	0.01849	0.73709	0.02549	0.02199	0.01599	0.00800	0.00650	0.00200	0.00550	0.00650	0.00800	0.01100
48	0.01354	0.14741	0.54068	0.10760	0.02820	0.01658	0.02114	0.01980	0.01347	0.01915	0.01117	0.01357	0.00825	0.00608	0.00587	0.00196	0.00902	0.00469	0.00275	0.00906
49	0.01232	0.00805	0.01007	0.09973	0.01415	0.02637	0.04618	0.01545	0.01356	0.02193	0.01991	0.02631	0.01655	0.04492	0.00659	0.00194	0.00469	0.04630	0.55874	0.00625
50	0.01033	0.00738	0.01032	0.01181	0.01326	0.00737	0.01027	0.01325	0.01479	0.01925	0.03426	0.09506	0.03736	0.01793	0.00890	0.00296	0.00588	0.66775	0.00595	0.00593
51	0.00851	0.00608	0.00798	0.00907	0.00976	0.00576	0.00643	0.01004	0.01322	0.01767	0.11571	0.50178	0.06097	0.08552	0.01043	0.00292	0.00419	0.11269	0.00594	0.00534
52	0.01387	0.01303	0.02128	0.31727	0.28307	0.01457	0.04147	0.01902	0.07732	0.01933	0.01479	0.04403	0.01263	0.00756	0.00732	0.00216	0.04166	0.03756	0.00357	0.00847
53	0.02414	0.03079	0.01831	0.01665	0.01998	0.74698	0.01248	0.02580	0.01831	0.01581	0.00999	0.01165	0.00832	0.00666	0.00583	0.00166	0.01165	0.00416	0.00333	0.00749
54	0.02355	0.00983	0.01301	0.01038	0.01456	0.00851	0.00843	0.02598	0.01791	0.54894	0.11178	0.03097	0.12725	0.00984	0.00680	0.00203	0.00489	0.00815	0.00760	0.00961
55	0.07292	0.01450	0.01666	0.01296	0.01790	0.01500	0.01067	0.34174	0.06472	0.33501	0.02000	0.01847	0.01339	0.00781	0.00634	0.00198	0.00618	0.00606	0.00698	0.01071
56	0.01321	0.07706	0.69802	0.01798	0.02730	0.01563	0.02312	0.02040	0.01361	0.02015	0.01144	0.01345	0.00819	0.00610	0.00602	0.00201	0.00939	0.00470	0.00273	0.00948
57	0.01429	0.00920	0.00864	0.00799	0.01011	0.05158	0.00613	0.08895	0.05807	0.02550	0.02016	0.02247	0.01569	0.00757	0.00492	0.00160	0.00407	0.00597	0.63020	0.00688
58	0.00787	0.00562	0.00750	0.00900	0.00937	0.00525	0.00600	0.00900	0.01237	0.01649	0.03561	0.76871	0.04274	0.02024	0.00825	0.00262	0.00375	0.01837	0.00600	0.00525
59	0.01447	0.01480	0.05348	0.25645	0.29251	0.01482	0.14022	0.04947	0.01478	0.02019	0.01361	0.06070	0.01151	0.00688	0.00673	0.00209	0.00836	0.00679	0.00340	0.00873
60	0.01451	0.01334	0.07810	0.01172	0.04587	0.00956	0.00969	0.01817	0.03230	0.07876	0.03427	0.01685	0.03228	0.00587	0.00531	0.00127	0.00530	0.00479	0.00426	0.57778
61	0.75638	0.03804	0.01069	0.00895	0.01297	0.04830	0.00738	0.01932	0.01140	0.02794	0.00904	0.01054	0.00710	0.00601	0.00409	0.00196	0.00536	0.00353	0.00393	0.00706
62	0.76448	0.01220	0.00955	0.00852	0.01239	0.01403	0.00694	0.01895	0.01114	0.04765	0.00990	0.01209	0.00791	0.03689	0.00523	0.00217	0.00506	0.00382	0.00410	0.00698
63	0.00919	0.00676	0.00973	0.00980	0.01074	0.00767	0.00734	0.01109	0.01032	0.01468	0.01862	0.06195	0.01851	0.15958	0.60272	0.00939	0.01497	0.00783	0.00365	0.00546
64	0.00940	0.00626	0.00705	0.00705	0.00705	0.00626	0.00392	0.00940	0.00940	0.01253	0.02036	0.04228	0.02349	0.77292	0.03289	0.00626	0.00626	0.00940	0.00392	0.00392
65	0.00795	0.00650	0.00667	0.00666	0.00849	0.00560	0.00478	0.00936	0.01399	0.01690	0.07488	0.05877	0.60433	0.13315	0.01154	0.00281	0.00373	0.01293	0.00571	0.00523
66	0.67994	0.01223	0.01046	0.00902	0.01320	0.01362	0.00744	0.02119	0.01231	0.15331	0.01189	0.01251	0.00858	0.00635	0.00444	0.00200	0.00509	0.00403	0.00470	0.00770
67	0.01657	0.01413	0.01489	0.01325	0.01699	0.01631	0.01035	0.07437	0.68009	0.02784	0.02566	0.02360	0.01921	0.00871	0.00657	0.00218	0.00523	0.00722	0.00657	0.01027
68	0.00804	0.00657	0.00692	0.00712	0.00914	0.00564	0.00544	0.00982	0.01460	0.01779	0.05984	0.09419	0.61299	0.01639	0.00768	0.00225	0.00353	0.07467	0.03186	0.00551
69	0.01315	0.01122	0.01313	0.00954	0.01504	0.00846	0.00758	0.01594	0.01335	0.02085	0.01257	0.04742	0.01106	0.00548	0.00494	0.00103	0.00474	0.00448	0.00393	0.77607
70	0.01941	0.54514	0.02903	0.01279	0.01764	0.24959	0.01150	0.02135	0.01474	0.01539	0.00929	0.01076	0.00830	0.00588	0.00467	0.00147	0.00838	0.00367	0.00294	0.00804
71	0.02846	0.01139	0.01518	0.01169	0.01666	0.01014	0.00964	0.06217	0.03714	0.68742	0.02506	0.02176	0.01587	0.00801	0.00650	0.00200	0.00556	0.00649	0.00789	0.01098
72	0.01481	0.01566	0.01376	0.01394	0.05454	0.26570	0.00993	0.01680	0.01331	0.01543	0.01472	0.02144	0.01369	0.09020	0.38964	0.00654	0.01390	0.00610	0.00344	0.00647
73	0.01521	0.32113	0.40910	0.01526	0.02267	0.01915	0.01798	0.02016	0.01343	0.04129	0.01089	0.01266	0.00849	0.00619	0.00605	0.00182	0.04224	0.00436	0.00292	0.00899
74	0.00772	0.00621	0.00689	0.00744	0.00896	0.00538	0.00531	0.00917	0.01387	0.01711	0.05459	0.31935	0.47984	0.01778	0.00786	0.00234	0.00345	0.01536	0.00600	0.00538
75	0.00955	0.00686	0.00878	0.00892	0.01058	0.00636	0.00706	0.01220	0.01645	0.03717	0.37313	0.08928	0.18242	0.01524	0.00797	0.00233	0.00393	0.18922	0.00656	0.00600
76	0.05424	0.01519	0.01934	0.08877	0.19014	0.03405	0.01363	0.28912	0.02136	0.15072	0.04778	0.01806	0.01346	0.00735	0.00639	0.00196	0.00695	0.00604	0.00546	0.00998
77	0.01220	0.01148	0.01938	0.75739	0.04450	0.01436	0.01794	0.01651	0.01292	0.01651	0.01148	0.01723	0.00861	0.00646	0.00646	0.00215	0.00861	0.00574	0.00287	0.00718
78	0.01502	0.00911	0.01486	0.01375	0.05666	0.00854	0.10764	0.01640	0.01334	0.17585	0.02216	0.23453	0.02135	0.01541	0.03057	0.19114	0.00614	0.00980	0.03095	0.00678
79	0.01421	0.01468	0.02835	0.31502	0.18189	0.01536	0.29718	0.01888	0.01423	0.01915	0.01226	0.01705	0.00943	0.00591	0.00692	0.00212	0.00934	0.00650	0.00310	0.00843
80	0.01869	0.01549	0.02295	0.09810	0.39762	0.08317	0.06126	0.02214	0.01560	0.15947	0.01512	0.03563	0.01180	0.00668	0.00649	0.00197	0.00783	0.00618	0.00419	0.00961
81	0.02298	0.01318	0.01576	0.01337	0.04878	0.01347	0.01034	0.26634	0.07754	0.29394	0.02225	0.02133	0.03959	0.00922	0.02634	0.00218	0.00614	0.00651	0.08065	0.01010

[dist]
# distance from previous block
# <min> <max>
0	3

[block]
# block no. 5 follows, 34 sequences, length 15
# corresponding to MSA columns:
# 432-446
name=unknown_F
#
# <colnr> <probs for GDERKNQSTAVLIFYWHMCP>
#	G	D	E	R	K	N	Q	S	T	A	V	L	I	F	Y	W	H	M	C	P
0	0.20754	0.17188	0.02058	0.01297	0.01794	0.01825	0.06146	0.23887	0.07077	0.07212	0.01372	0.01437	0.01031	0.00670	0.00544	0.00184	0.00652	0.00500	0.00490	0.03881
1	0.04283	0.15674	0.02048	0.13690	0.02270	0.42015	0.01261	0.02202	0.01581	0.01639	0.01036	0.01288	0.00866	0.00783	0.03211	0.00199	0.01003	0.00436	0.00320	0.04196
2	0.03635	0.01356	0.01726	0.07404	0.13055	0.01472	0.03105	0.22213	0.15173	0.05319	0.01797	0.02078	0.01400	0.00849	0.00723	0.04152	0.00634	0.03082	0.09914	0.00912
3	0.00911	0.00624	0.00724	0.00741	0.00764	0.00619	0.00442	0.00945	0.01010	0.01340	0.02462	0.12747	0.06660	0.60498	0.06390	0.00580	0.00634	0.01057	0.00426	0.00425
4	0.64950	0.01479	0.07969	0.01306	0.09807	0.01464	0.01007	0.01923	0.01168	0.02727	0.00961	0.01143	0.00749	0.00598	0.00448	0.00199	0.00574	0.00388	0.00379	0.00761
5	0.02414	0.03079	0.01831	0.01665	0.01998	0.74698	0.01248	0.02580	0.01831	0.01581	0.00999	0.01165	0.00832	0.00666	0.00583	0.00166	0.01165	0.00416	0.00333	0.00749
6	0.04870	0.30317	0.12239	0.21069	0.02565	0.08450	0.01442	0.01991	0.04807	0.01772	0.01105	0.01356	0.00892	0.00611	0.00532	0.00175	0.00789	0.00451	0.00312	0.04256
7	0.01091	0.00710	0.00861	0.00794	0.01011	0.00626	0.00606	0.01337	0.01701	0.10589	0.40320	0.05031	0.30145	0.01376	0.00750	0.00208	0.00342	0.01180	0.00681	0.00643
8	0.00944	0.00670	0.00926	0.00926	0.01013	0.00748	0.00678	0.01118	0.01031	0.01487	0.01832	0.02975	0.01810	0.23634	0.51715	0.00879	0.01359	0.00752	0.04974	0.00530
9	0.02040	0.01991	0.02278	0.04240	0.16726	0.18903	0.11174	0.23962	0.07649	0.02631	0.01393	0.01570	0.01067	0.00681	0.00647	0.00193	0.00871	0.00579	0.00452	0.00953
10	0.00819	0.00646	0.00738	0.00738	0.00912	0.00565	0.00545	0.01025	0.01569	0.02027	0.29194	0.13990	0.41791	0.01572	0.00770	0.00218	0.00325	0.01351	0.00639	0.00565
11	0.01519	0.06390	0.36126	0.02154	0.16006	0.01561	0.06662	0.03602	0.08188	0.05658	0.01390	0.01593	0.01044	0.00753	0.02479	0.00223	0.02786	0.00551	0.00358	0.00957
12	0.00919	0.00629	0.00769	0.00828	0.00861	0.00620	0.00544	0.00993	0.01098	0.01456	0.02622	0.22221	0.03029	0.47223	0.02316	0.00487	0.00561	0.11894	0.00474	0.00456
13	0.01170	0.11630	0.17071	0.01179	0.01554	0.01120	0.04231	0.02931	0.01370	0.01917	0.03959	0.23115	0.06104	0.04185	0.00764	0.00227	0.00590	0.04870	0.11314	0.00698
14	0.01466	0.04817	0.03407	0.01057	0.04260	0.02901	0.00785	0.15386	0.03545	0.02369	0.01947	0.02600	0.03314	0.19079	0.01197	0.00280	0.00547	0.00679	0.29660	0.00705

[dist]
# distance from previous block
# <min> <max>
0	4

[block]
# block no. 6 follows, 34 sequences, length 55
# corresponding to MSA columns:
# 451-505
name=unknown_G
#
# <colnr> <probs for GDERKNQSTAVLIFYWHMCP>
#	G	D	E	R	K	N	Q	S	T	A	V	L	I	F	Y	W	H	M	C	P
0	0.01522	0.04365	0.04980	0.02355	0.32174	0.01385	0.01411	0.02206	0.17508	0.04363	0.03493	0.04636	0.03898	0.00742	0.00625	0.00187	0.00627	0.00658	0.00445	0.12420
1	0.01658	0.25294	0.18670	0.01563	0.02146	0.13054	0.09598	0.02253	0.11350	0.01929	0.03620	0.01537	0.01180	0.00651	0.00573	0.00179	0.00827	0.00517	0.00361	0.03038
2	0.11816	0.06324	0.04136	0.03845	0.22171	0.09205	0.02986	0.06016	0.01502	0.02218	0.01133	0.01372	0.00925	0.00573	0.00547	0.00161	0.00702	0.00463	0.00364	0.23542
3	0.01111	0.00900	0.01104	0.00933	0.01269	0.00759	0.00705	0.01330	0.01242	0.01837	0.01948	0.17079	0.03835	0.07058	0.13749	0.00335	0.00683	0.00796	0.00427	0.42900
4	0.01437	0.01254	0.03948	0.01018	0.01601	0.00937	0.00849	0.04724	0.01431	0.04482	0.01211	0.01377	0.00979	0.00507	0.00496	0.00107	0.00508	0.00403	0.00404	0.72328
5	0.00788	0.00576	0.00736	0.00862	0.00922	0.00530	0.00580	0.00904	0.01260	0.01651	0.03919	0.65428	0.13414	0.04036	0.00884	0.00266	0.00375	0.01749	0.00594	0.00524
6	0.00940	0.00626	0.00705	0.00705	0.00705	0.00626	0.00392	0.00940	0.00940	0.01253	0.02036	0.04228	0.02349	0.77292	0.03289	0.00626	0.00626	0.00940	0.00392	0.00392
7	0.81856	0.01250	0.00950	0.00850	0.01250	0.01449	0.00700	0.01899	0.01100	0.02899	0.00900	0.01050	0.00700	0.00600	0.00400	0.00200	0.00500	0.00350	0.00400	0.00700
8	0.07353	0.01116	0.01467	0.01137	0.01627	0.00995	0.00937	0.03085	0.03635	0.67837	0.02457	0.02139	0.01558	0.00790	0.00636	0.00200	0.00546	0.00635	0.00773	0.01075
9	0.01600	0.01529	0.02572	0.03850	0.70137	0.01538	0.01941	0.02046	0.04554	0.02137	0.01277	0.01635	0.01065	0.00589	0.00640	0.00193	0.00756	0.00582	0.00335	0.01023
10	0.00933	0.00689	0.01023	0.01023	0.01140	0.00800	0.00795	0.01166	0.01050	0.01532	0.01744	0.02534	0.01617	0.04701	0.72096	0.01007	0.01680	0.00689	0.03204	0.00578
11	0.05125	0.14719	0.02343	0.01687	0.02081	0.41877	0.12036	0.02264	0.01613	0.01722	0.02863	0.01341	0.00986	0.00675	0.00687	0.00180	0.06210	0.00486	0.00332	0.00773
12	0.00940	0.00626	0.00705	0.00705	0.00705	0.00626	0.00392	0.00940	0.00940	0.01253	0.02036	0.04228	0.02349	0.77292	0.03289	0.00626	0.00626	0.00940	0.00392	0.00392
13	0.01387	0.01380	0.02115	0.01807	0.03808	0.01778	0.10519	0.01663	0.03825	0.01676	0.01085	0.01624	0.00998	0.01438	0.09838	0.00352	0.53049	0.00612	0.00311	0.00735
14	0.00806	0.00576	0.00771	0.00921	0.00967	0.00541	0.00632	0.00932	0.01256	0.01670	0.03551	0.71742	0.04233	0.02007	0.00830	0.00265	0.00391	0.06781	0.00599	0.00530
15	0.01475	0.23681	0.45712	0.01562	0.02319	0.01753	0.01864	0.02013	0.01375	0.05032	0.03908	0.01445	0.01061	0.00652	0.00622	0.00189	0.03642	0.00478	0.00314	0.00904
16	0.70089	0.07673	0.05839	0.00934	0.01383	0.01544	0.00842	0.01912	0.01134	0.02731	0.00916	0.01069	0.00718	0.00597	0.00415	0.00195	0.00545	0.00358	0.00382	0.00727
17	0.00981	0.00701	0.00895	0.00831	0.00997	0.00661	0.00628	0.03835	0.01859	0.02640	0.67992	0.04627	0.05768	0.01282	0.00748	0.00201	0.00320	0.01129	0.03275	0.00628
18	0.00914	0.00660	0.00864	0.00813	0.00965	0.00610	0.00610	0.01219	0.01829	0.02591	0.72921	0.04827	0.06097	0.01321	0.00762	0.00203	0.00305	0.01169	0.00711	0.00610
19	0.01907	0.58119	0.02978	0.01252	0.01747	0.21473	0.01143	0.02104	0.01449	0.01536	0.00925	0.01070	0.00830	0.00582	0.00459	0.00146	0.00815	0.00364	0.00291	0.00808
20	0.01204	0.00602	0.00602	0.00602	0.00753	0.00602	0.00452	0.01506	0.01355	0.02409	0.02108	0.02409	0.01656	0.00753	0.00452	0.00151	0.00301	0.00602	0.80879	0.00602
21	0.01340	0.01148	0.01340	0.00957	0.01531	0.00861	0.00766	0.01627	0.01340	0.02105	0.01148	0.01340	0.00957	0.00479	0.00479	0.00096	0.00479	0.00383	0.00383	0.81242
22	0.01296	0.03342	0.73944	0.01842	0.02797	0.01501	0.02387	0.02046	0.01364	0.02046	0.01160	0.01364	0.00818	0.00614	0.00614	0.00205	0.00955	0.00477	0.00273	0.00955
23	0.00939	0.00629	0.00716	0.00716	0.00719	0.00632	0.00405	0.00947	0.00943	0.01261	0.02026	0.04173	0.02325	0.74929	0.05620	0.00640	0.00662	0.00932	0.00390	0.00398
24	0.00787	0.00562	0.00750	0.00900	0.00937	0.00525	0.00600	0.00900	0.01237	0.01649	0.03561	0.76871	0.04274	0.02024	0.00825	0.00262	0.00375	0.01837	0.00600	0.00525
25	0.00909	0.00660	0.00857	0.00808	0.00962	0.00607	0.00606	0.01209	0.01817	0.02562	0.70677	0.04874	0.08358	0.01332	0.00762	0.00204	0.00306	0.01175	0.00708	0.00607
26	0.01394	0.01404	0.01748	0.01541	0.01599	0.08546	0.01258	0.01559	0.01080	0.01545	0.01066	0.01650	0.01024	0.01945	0.18749	0.00446	0.51881	0.00581	0.00302	0.00681
27	0.00903	0.00613	0.00725	0.00768	0.00782	0.00603	0.00463	0.00940	0.01031	0.01373	0.02466	0.23031	0.02882	0.55878	0.02590	0.00524	0.00561	0.02986	0.00451	0.00431
28	0.01365	0.03744	0.03764	0.01142	0.04038	0.00982	0.02943	0.01675	0.01350	0.02084	0.01148	0.01351	0.00952	0.00490	0.00494	0.00107	0.00528	0.00402	0.00372	0.71070
29	0.01564	0.01172	0.01314	0.01211	0.01521	0.01291	0.00939	0.02826	0.47550	0.09983	0.05289	0.13813	0.02523	0.01108	0.00699	0.00228	0.00493	0.04898	0.00662	0.00917
30	0.00863	0.00594	0.00727	0.00803	0.00822	0.00575	0.00496	0.00920	0.01089	0.01452	0.02803	0.40779	0.03317	0.39421	0.02049	0.00443	0.00500	0.01391	0.00496	0.00459
31	0.01067	0.01145	0.10558	0.07574	0.05751	0.00903	0.01015	0.01516	0.06180	0.02236	0.30097	0.03862	0.17461	0.01119	0.00696	0.00204	0.00482	0.00961	0.06470	0.00702
32	0.01555	0.01490	0.02542	0.12416	0.65160	0.01523	0.01961	0.01944	0.01450	0.02057	0.01207	0.01614	0.01004	0.00584	0.00640	0.00195	0.00779	0.00576	0.00316	0.00987
33	0.00787	0.00562	0.00750	0.00900	0.00937	0.00525	0.00600	0.00900	0.01237	0.01649	0.03561	0.76871	0.04274	0.02024	0.00825	0.00262	0.00375	0.01837	0.00600	0.00525
34	0.07116	0.01073	0.01406	0.01095	0.01564	0.00953	0.00901	0.02964	0.01773	0.64797	0.02427	0.02151	0.01554	0.00785	0.00622	0.00196	0.00530	0.00630	0.06419	0.01043
35	0.01627	0.01305	0.05624	0.19942	0.13971	0.01284	0.01370	0.14083	0.01683	0.11327	0.01908	0.17269	0.01734	0.01002	0.00729	0.02294	0.00676	0.00841	0.00485	0.00846
36	0.01507	0.01709	0.11558	0.13914	0.54542	0.01517	0.02007	0.01944	0.01432	0.02037	0.01199	0.01587	0.00974	0.00591	0.00637	0.00197	0.00805	0.00563	0.00309	0.00971
37	0.01014	0.00788	0.01024	0.00997	0.01077	0.02681	0.00737	0.01172	0.01036	0.01465	0.01741	0.02894	0.01746	0.25112	0.44059	0.00808	0.07385	0.00743	0.02981	0.00539
38	0.74119	0.04063	0.01090	0.00909	0.01310	0.06013	0.00748	0.01943	0.01152	0.02769	0.00906	0.01056	0.00713	0.00602	0.00412	0.00196	0.00548	0.00354	0.00391	0.00707
39	0.00787	0.00562	0.00750	0.00900	0.00937	0.00525	0.00600	0.00900	0.01237	0.01649	0.03561	0.76871	0.04274	0.02024	0.00825	0.00262	0.00375	0.01837	0.00600	0.00525
