[name]
unknown

[dist]
# distance from previous block
# <min> <max>
12	78

[block]
# block no. 0 follows, 36 sequences, length 10
# corresponding to MSA columns:
# 111-120
name=unknown_A
#
# <colnr> <probs for GDERKNQSTAVLIFYWHMCP>
#	G	D	E	R	K	N	Q	S	T	A	V	L	I	F	Y	W	H	M	C	P
0	0.08060	0.05170	0.01673	0.08582	0.08819	0.05650	0.07428	0.05234	0.01511	0.07508	0.15586	0.12637	0.02339	0.00936	0.00681	0.00197	0.02917	0.00810	0.00473	0.03789
1	0.01329	0.01405	0.06914	0.41538	0.08399	0.05264	0.06420	0.04056	0.01364	0.01807	0.01284	0.01922	0.01052	0.00701	0.00692	0.00204	0.04262	0.04731	0.03554	0.03102
2	0.08787	0.01444	0.07796	0.12257	0.09973	0.06939	0.04822	0.04083	0.07995	0.06182	0.04464	0.09630	0.01577	0.03374	0.00847	0.03385	0.04565	0.00701	0.00417	0.00762
3	0.00968	0.00752	0.00917	0.00943	0.01029	0.04141	0.00695	0.01121	0.01089	0.01453	0.02115	0.09626	0.02252	0.26076	0.32835	0.00673	0.01050	0.11355	0.00403	0.00508
4	0.11809	0.01707	0.01666	0.01338	0.01787	0.08661	0.01086	0.44815	0.11312	0.07329	0.01555	0.01542	0.01122	0.00731	0.00591	0.00189	0.00670	0.00541	0.00576	0.00973
5	0.01872	0.01501	0.01574	0.01334	0.01725	0.07820	0.03293	0.14657	0.42335	0.11000	0.04569	0.02117	0.01728	0.00807	0.00632	0.00200	0.00595	0.00661	0.00613	0.00967
6	0.01829	0.05464	0.23589	0.01480	0.04833	0.07508	0.03754	0.04502	0.06239	0.23093	0.04130	0.02088	0.07196	0.00763	0.00616	0.00192	0.00707	0.00619	0.00492	0.00906
7	0.01705	0.01636	0.11888	0.05615	0.14114	0.03764	0.01349	0.08022	0.22385	0.11426	0.01731	0.01771	0.01280	0.00683	0.00601	0.00185	0.00648	0.00569	0.00486	0.10142
8	0.01664	0.04087	0.30678	0.01628	0.04945	0.01427	0.06868	0.11707	0.09763	0.12091	0.05210	0.01759	0.01335	0.00688	0.00615	0.00192	0.00738	0.00576	0.00453	0.03575
9	0.06483	0.06711	0.23931	0.01584	0.02204	0.01412	0.15395	0.05705	0.07529	0.12110	0.01705	0.01795	0.04803	0.00672	0.00606	0.00190	0.00746	0.00587	0.00422	0.05411

[dist]
# distance from previous block
# <min> <max>
3	29

[block]
# block no. 1 follows, 36 sequences, length 86
# corresponding to MSA columns:
# 150-235
name=unknown_B
#
# <colnr> <probs for GDERKNQSTAVLIFYWHMCP>
#	G	D	E	R	K	N	Q	S	T	A	V	L	I	F	Y	W	H	M	C	P
0	0.01351	0.03346	0.10845	0.01181	0.01561	0.03529	0.03214	0.13040	0.03407	0.04045	0.07548	0.26588	0.02384	0.01101	0.00654	0.00194	0.00560	0.00955	0.00500	0.13994
1	0.04578	0.04071	0.05784	0.01440	0.07829	0.04526	0.01111	0.18950	0.17810	0.06454	0.04334	0.01770	0.01394	0.00700	0.00577	0.00174	0.00599	0.00558	0.03047	0.14294
2	0.01588	0.07216	0.40076	0.01620	0.04776	0.01474	0.03493	0.08855	0.07728	0.09759	0.01405	0.01499	0.01010	0.00632	0.00586	0.00186	0.00770	0.00504	0.00393	0.06430
3	0.02031	0.08969	0.01945	0.01560	0.05957	0.23513	0.05974	0.11552	0.13937	0.11391	0.01545	0.01590	0.01161	0.00680	0.00584	0.00176	0.00772	0.00531	0.02562	0.03570
4	0.03965	0.04552	0.38946	0.01507	0.04601	0.01234	0.03933	0.01957	0.02954	0.13090	0.02210	0.04551	0.12211	0.00812	0.00620	0.00199	0.00718	0.00667	0.00414	0.00859
5	0.01550	0.01705	0.12815	0.06388	0.38338	0.03875	0.03520	0.06291	0.06296	0.04421	0.01436	0.04356	0.01195	0.00678	0.00625	0.00192	0.00741	0.02226	0.00374	0.02979
6	0.01618	0.12243	0.11973	0.02778	0.43513	0.04042	0.01706	0.04197	0.03269	0.05036	0.01213	0.01460	0.00976	0.00580	0.00579	0.00177	0.00743	0.00509	0.00336	0.03051
7	0.01170	0.00837	0.01090	0.01060	0.03079	0.00815	0.03673	0.09167	0.03703	0.04361	0.05066	0.39246	0.05075	0.01380	0.00727	0.01999	0.00444	0.01199	0.09880	0.06026
8	0.06490	0.03856	0.01825	0.05420	0.22425	0.06243	0.01288	0.07098	0.14221	0.02217	0.07555	0.03355	0.01565	0.00776	0.00768	0.00197	0.09422	0.00616	0.00428	0.04235
9	0.06191	0.03812	0.06861	0.01655	0.12624	0.01294	0.06156	0.12099	0.06057	0.14047	0.03279	0.05030	0.01430	0.02726	0.00667	0.00193	0.00628	0.02252	0.00485	0.12515
10	0.01451	0.17069	0.38566	0.01849	0.02585	0.06209	0.19875	0.01990	0.01373	0.01855	0.01097	0.01338	0.00832	0.00567	0.00590	0.00186	0.00918	0.00503	0.00281	0.00865
11	0.00857	0.00723	0.00765	0.00809	0.00953	0.03977	0.00583	0.01050	0.03075	0.01744	0.11240	0.33180	0.33868	0.01636	0.00751	0.00225	0.00378	0.03061	0.00578	0.00545
12	0.01261	0.06793	0.69656	0.01718	0.02602	0.01476	0.02202	0.01949	0.01324	0.01961	0.02839	0.01380	0.00911	0.00605	0.00586	0.00194	0.00894	0.00470	0.00273	0.00907
13	0.03163	0.01791	0.19925	0.05600	0.12192	0.04906	0.04962	0.12663	0.03834	0.04475	0.04413	0.11859	0.03154	0.00902	0.00699	0.02758	0.00713	0.00736	0.00426	0.00831
14	0.00764	0.00557	0.00720	0.00838	0.00899	0.00513	0.00568	0.00889	0.01251	0.01655	0.07983	0.65899	0.11424	0.01873	0.00786	0.00245	0.00353	0.01685	0.00585	0.00513
15	0.07017	0.02140	0.01668	0.03225	0.05066	0.36099	0.01151	0.11944	0.19524	0.03945	0.01466	0.01518	0.01128	0.00701	0.00582	0.00182	0.00832	0.00509	0.00452	0.00849
16	0.01706	0.01666	0.04273	0.03301	0.57162	0.09575	0.03967	0.02058	0.01481	0.07032	0.01240	0.01535	0.00999	0.00580	0.00615	0.00184	0.00782	0.00546	0.00341	0.00957
17	0.01370	0.14365	0.47243	0.01628	0.02353	0.05935	0.06139	0.01971	0.04331	0.01871	0.01293	0.06408	0.01070	0.00683	0.00585	0.00190	0.00847	0.00552	0.00307	0.00861
18	0.00900	0.00653	0.00792	0.00815	0.00949	0.00608	0.00583	0.03139	0.02931	0.03565	0.22012	0.34177	0.20622	0.04267	0.00837	0.00237	0.00358	0.01386	0.00606	0.00566
19	0.01763	0.05401	0.21981	0.01588	0.04181	0.11456	0.09448	0.02288	0.07722	0.17106	0.03243	0.05373	0.01369	0.00732	0.00615	0.00192	0.00766	0.00619	0.03282	0.00877
20	0.01731	0.11128	0.20746	0.01384	0.01922	0.04485	0.03013	0.15493	0.09114	0.11353	0.03528	0.05442	0.02922	0.00817	0.00614	0.00195	0.00694	0.04039	0.00483	0.00895
21	0.01079	0.00651	0.00844	0.00884	0.01020	0.00598	0.00641	0.01230	0.01324	0.12104	0.05258	0.44399	0.13555	0.04854	0.03188	0.00277	0.00444	0.06468	0.00593	0.00592
22	0.01550	0.01408	0.01931	0.09654	0.31932	0.03025	0.01446	0.06383	0.28881	0.02294	0.01767	0.04070	0.01413	0.00726	0.00628	0.00199	0.00648	0.00645	0.00456	0.00943
23	0.01534	0.04129	0.42776	0.02059	0.15865	0.03412	0.04226	0.05780	0.01492	0.08514	0.03540	0.01543	0.01072	0.00628	0.00606	0.00192	0.00824	0.00524	0.00352	0.00932
24	0.01475	0.01714	0.09525	0.04704	0.33125	0.03136	0.27653	0.01954	0.03107	0.01986	0.01329	0.01677	0.02561	0.00593	0.00695	0.00199	0.02720	0.00629	0.00319	0.00896
25	0.01706	0.01644	0.01761	0.10151	0.18586	0.20128	0.01291	0.05253	0.06753	0.06828	0.08990	0.01982	0.01599	0.04057	0.02128	0.00222	0.05092	0.00608	0.00418	0.00803
26	0.01782	0.18363	0.03541	0.01702	0.14369	0.12348	0.03015	0.08864	0.08239	0.08708	0.04357	0.03675	0.03653	0.00749	0.00581	0.00179	0.00692	0.02097	0.02230	0.00858
27	0.01421	0.10853	0.51953	0.01682	0.02470	0.01610	0.05823	0.07930	0.06631	0.02130	0.01233	0.01390	0.00902	0.00613	0.00585	0.00191	0.00850	0.00488	0.00323	0.00920
28	0.00773	0.00565	0.00718	0.00825	0.00885	0.00528	0.00556	0.00884	0.01193	0.01566	0.03640	0.58781	0.13492	0.08214	0.04001	0.00306	0.00428	0.01593	0.00552	0.00500
29	0.01483	0.23615	0.23257	0.01338	0.01845	0.13978	0.01362	0.04023	0.01421	0.01748	0.01647	0.12495	0.03716	0.00876	0.00582	0.00186	0.00758	0.04545	0.00357	0.00767
30	0.01686	0.76131	0.03218	0.01083	0.01609	0.04739	0.01070	0.01885	0.01282	0.01468	0.00869	0.01003	0.00800	0.00536	0.00405	0.00134	0.00681	0.00335	0.00268	0.00797
31	0.01542	0.01480	0.02529	0.03824	0.74217	0.01480	0.01912	0.01912	0.01419	0.02036	0.01172	0.01542	0.00987	0.00555	0.00617	0.00185	0.00740	0.00555	0.00308	0.00987
32	0.00890	0.00668	0.01001	0.01001	0.01113	0.00779	0.00779	0.01113	0.01001	0.01446	0.01669	0.02448	0.01558	0.04673	0.75634	0.01001	0.01669	0.00668	0.00334	0.00556
33	0.01517	0.01455	0.02484	0.08818	0.69419	0.01474	0.01900	0.01890	0.01407	0.02005	0.01168	0.01550	0.00976	0.00560	0.00617	0.00187	0.00746	0.00555	0.00306	0.00967
34	0.01177	0.01107	0.01869	0.76606	0.04291	0.01384	0.01730	0.01592	0.01246	0.01592	0.01107	0.01661	0.00831	0.00623	0.00623	0.00208	0.00831	0.00554	0.00277	0.00692
35	0.02632	0.01212	0.01528	0.01181	0.01654	0.01152	0.00971	0.19840	0.02046	0.55248	0.02252	0.04179	0.01500	0.00800	0.00631	0.00193	0.00563	0.00644	0.00729	0.01044
36	0.00759	0.00542	0.00723	0.00868	0.00904	0.00506	0.00578	0.00868	0.01193	0.01591	0.03434	0.77697	0.04121	0.01952	0.00795	0.00253	0.00361	0.01771	0.00578	0.00506
37	0.02795	0.01060	0.01446	0.01109	0.01591	0.00916	0.00916	0.03036	0.01783	0.74648	0.02458	0.02121	0.01542	0.00771	0.00627	0.00193	0.00530	0.00627	0.00771	0.01060
38	0.01545	0.56721	0.23968	0.01271	0.01916	0.02171	0.01423	0.01897	0.01280	0.01613	0.00939	0.01091	0.00797	0.00550	0.00455	0.00152	0.00740	0.00370	0.00266	0.00835
39	0.38212	0.01482	0.01414	0.03344	0.01655	0.03948	0.00956	0.32186	0.01937	0.07602	0.01245	0.01311	0.00902	0.00666	0.00515	0.00190	0.00603	0.00460	0.00506	0.00866
40	0.01264	0.05852	0.72373	0.01751	0.02658	0.01483	0.02259	0.01969	0.01314	0.01955	0.01109	0.01304	0.00790	0.00590	0.00585	0.00195	0.00912	0.00456	0.00263	0.00917
41	0.02327	0.02970	0.01766	0.01605	0.01926	0.75602	0.01204	0.02488	0.01766	0.01525	0.00963	0.01124	0.00803	0.00642	0.00562	0.00161	0.01124	0.00401	0.00321	0.00722
42	0.00867	0.00625	0.00838	0.00941	0.01043	0.00596	0.00727	0.01074	0.01390	0.01852	0.15940	0.36399	0.07457	0.01733	0.00805	0.00253	0.00423	0.25896	0.00596	0.00545
43	0.01177	0.01107	0.01869	0.76606	0.04291	0.01384	0.01730	0.01592	0.01246	0.01592	0.01107	0.01661	0.00831	0.00623	0.00623	0.00208	0.00831	0.00554	0.00277	0.00692
44	0.03907	0.01299	0.01764	0.21191	0.21241	0.07224	0.03025	0.04423	0.06610	0.02068	0.13449	0.04356	0.03551	0.00814	0.00644	0.00198	0.00677	0.02357	0.00421	0.00781
45	0.01150	0.01078	0.01793	0.71959	0.04080	0.01332	0.01653	0.01549	0.01257	0.01597	0.01426	0.01926	0.05304	0.00681	0.00630	0.00208	0.00799	0.00600	0.00295	0.00682
46	0.00841	0.00622	0.00864	0.01073	0.05423	0.00594	0.00701	0.00982	0.01223	0.01633	0.03219	0.61830	0.03790	0.05018	0.00891	0.00267	0.00419	0.09519	0.00553	0.00538
47	0.01491	0.01328	0.01327	0.01263	0.01545	0.09639	0.01011	0.06717	0.36254	0.02300	0.02561	0.06707	0.02324	0.01125	0.00700	0.00228	0.00595	0.21489	0.00578	0.00817
48	0.01610	0.01446	0.02447	0.05428	0.68074	0.01444	0.01847	0.01973	0.01437	0.06466	0.01249	0.01580	0.01017	0.00570	0.00618	0.00186	0.00730	0.00559	0.00336	0.00984
49	0.01457	0.01775	0.08031	0.02574	0.03222	0.01568	0.67694	0.01994	0.01461	0.01994	0.01252	0.01658	0.00936	0.00529	0.00727	0.00209	0.01042	0.00718	0.00312	0.00845
50	0.00768	0.00632	0.00675	0.00664	0.00861	0.00539	0.00498	0.00956	0.01495	0.01861	0.21046	0.05704	0.59119	0.01512	0.00736	0.00207	0.00311	0.01274	0.00602	0.00539
51	0.01653	0.16121	0.43743	0.01536	0.02270	0.05656	0.01772	0.07882	0.01518	0.10420	0.01251	0.01357	0.00901	0.00618	0.00563	0.00183	0.00822	0.00462	0.00355	0.00916
52	0.01576	0.58819	0.17445	0.01376	0.06259	0.02203	0.01363	0.01890	0.01285	0.01601	0.00935	0.01095	0.00809	0.00546	0.00451	0.00149	0.00721	0.00372	0.00268	0.00835
53	0.02778	0.01089	0.01464	0.01122	0.01605	0.00958	0.00927	0.05920	0.01831	0.71697	0.02418	0.02095	0.01522	0.00770	0.00626	0.00193	0.00537	0.00624	0.00765	0.01060
54	0.01542	0.01480	0.02529	0.03824	0.74217	0.01480	0.01912	0.01912	0.01419	0.02036	0.01172	0.01542	0.00987	0.00555	0.00617	0.00185	0.00740	0.00555	0.00308	0.00987
55	0.01082	0.00915	0.01008	0.00966	0.01167	0.05325	0.02901	0.09270	0.01573	0.01986	0.09090	0.26930	0.27365	0.01495	0.00740	0.00222	0.00462	0.06324	0.00567	0.00611
56	0.00904	0.00610	0.00712	0.00712	0.00723	0.00621	0.00418	0.00927	0.00916	0.01232	0.01934	0.03915	0.02195	0.70779	0.10399	0.00644	0.00710	0.00882	0.00373	0.00395
57	0.68452	0.01179	0.01009	0.00870	0.01273	0.01313	0.00717	0.02044	0.01188	0.15463	0.01148	0.01208	0.00828	0.00612	0.00428	0.00193	0.00490	0.00388	0.00454	0.00743
58	0.00736	0.00631	0.00631	0.00631	0.00842	0.00526	0.00473	0.00894	0.01420	0.01683	0.06312	0.05996	0.73964	0.01578	0.00736	0.00210	0.00316	0.01315	0.00579	0.00526
59	0.01466	0.01667	0.03603	0.02585	0.03189	0.01590	0.69008	0.01975	0.01449	0.01975	0.01242	0.01667	0.00940	0.00549	0.00790	0.00213	0.04218	0.00727	0.00313	0.00834
60	0.34034	0.01638	0.03757	0.01210	0.01668	0.05346	0.01018	0.38702	0.02082	0.03300	0.01209	0.01281	0.00886	0.00671	0.00525	0.00188	0.00634	0.00461	0.00503	0.00886
61	0.00906	0.00604	0.00680	0.00680	0.00680	0.00604	0.00378	0.00906	0.00906	0.01208	0.01963	0.04077	0.02265	0.78103	0.03171	0.00604	0.00604	0.00906	0.00378	0.00378
62	0.01161	0.00581	0.00581	0.00581	0.00726	0.00581	0.00436	0.01452	0.01307	0.02323	0.02033	0.02323	0.01597	0.00726	0.00436	0.00145	0.00290	0.00581	0.81562	0.00581
63	0.01542	0.01480	0.02529	0.03824	0.74217	0.01480	0.01912	0.01912	0.01419	0.02036	0.01172	0.01542	0.00987	0.00555	0.00617	0.00185	0.00740	0.00555	0.00308	0.00987
64	0.01650	0.75655	0.05951	0.01093	0.01640	0.02427	0.01112	0.01870	0.01268	0.01485	0.00876	0.01011	0.00799	0.00535	0.00407	0.00136	0.00676	0.00338	0.00266	0.00804
65	0.00759	0.00542	0.00723	0.00868	0.00904	0.00506	0.00578	0.00868	0.01193	0.01591	0.03434	0.77697	0.04121	0.01952	0.00795	0.00253	0.00361	0.01771	0.00578	0.00506
66	0.00760	0.00553	0.00717	0.00844	0.00899	0.00510	0.00569	0.00877	0.01227	0.01621	0.05364	0.69342	0.10620	0.01901	0.00788	0.00248	0.00356	0.01714	0.00581	0.00510
67	0.01372	0.25266	0.53899	0.01568	0.02375	0.01745	0.01940	0.01942	0.01301	0.01825	0.01044	0.01223	0.00792	0.00575	0.00536	0.00179	0.00846	0.00423	0.00264	0.00885
68	0.00882	0.00637	0.00833	0.00784	0.00931	0.00588	0.00588	0.01176	0.01764	0.02499	0.73888	0.04654	0.05879	0.01274	0.00735	0.00196	0.00294	0.01127	0.00686	0.00588
69	0.02756	0.01124	0.01485	0.01139	0.01622	0.01011	0.00941	0.09482	0.01890	0.68052	0.02368	0.02062	0.01497	0.00769	0.00626	0.00192	0.00545	0.00620	0.00757	0.01060
70	0.01666	0.78478	0.03265	0.01066	0.01599	0.02465	0.01066	0.01866	0.01266	0.01466	0.00866	0.00999	0.00800	0.00533	0.00400	0.00133	0.00666	0.00333	0.00267	0.00800
71	0.00961	0.00793	0.00863	0.00818	0.01043	0.00775	0.00621	0.01520	0.17768	0.02117	0.24064	0.04794	0.38873	0.01328	0.00713	0.00207	0.00350	0.01125	0.00621	0.00647
72	0.00759	0.00542	0.00723	0.00868	0.00904	0.00506	0.00578	0.00868	0.01193	0.01591	0.03434	0.77697	0.04121	0.01952	0.00795	0.00253	0.00361	0.01771	0.00578	0.00506
73	0.58954	0.01357	0.01180	0.01005	0.01409	0.05942	0.02682	0.07113	0.04334	0.09366	0.01145	0.01228	0.00849	0.00622	0.00455	0.00192	0.00556	0.00410	0.00443	0.00758
74	0.01628	0.01390	0.02217	0.04855	0.44106	0.01530	0.01642	0.01920	0.01329	0.10237	0.01221	0.01563	0.01000	0.00728	0.01009	0.00211	0.21598	0.00561	0.00351	0.00904
75	0.02795	0.01060	0.01446	0.01109	0.01591	0.00916	0.00916	0.03036	0.01783	0.74648	0.02458	0.02121	0.01542	0.00771	0.00627	0.00193	0.00530	0.00627	0.00771	0.01060
76	0.01693	0.01306	0.01413	0.01250	0.01617	0.01477	0.00978	0.03279	0.64881	0.10901	0.02527	0.02301	0.01861	0.00837	0.00633	0.00209	0.00497	0.00695	0.00650	0.00995
77	0.01324	0.02985	0.61839	0.01929	0.04955	0.04244	0.10118	0.01993	0.01353	0.01961	0.01130	0.01357	0.00814	0.00585	0.00608	0.00197	0.00937	0.00492	0.00273	0.00906
78	0.02204	0.01337	0.01496	0.01180	0.01599	0.01408	0.00964	0.39691	0.04151	0.20287	0.01859	0.01833	0.01304	0.00751	0.00586	0.00181	0.00564	0.00584	0.17060	0.00961
79	0.00871	0.00636	0.00818	0.00773	0.00924	0.00583	0.00580	0.01155	0.01739	0.02439	0.68948	0.04752	0.10856	0.01296	0.00735	0.00197	0.00296	0.01141	0.00678	0.00583
80	0.01292	0.01107	0.01292	0.00923	0.01477	0.00831	0.00738	0.01569	0.01292	0.02030	0.01107	0.01292	0.00923	0.00461	0.00461	0.00092	0.00461	0.00369	0.00369	0.81912
81	0.01499	0.01707	0.11008	0.03433	0.56773	0.01489	0.11046	0.01930	0.01414	0.02023	0.01177	0.01534	0.00959	0.00555	0.00629	0.00190	0.00801	0.00568	0.00304	0.00960
82	0.08156	0.23175	0.42245	0.01484	0.02202	0.06743	0.01726	0.04274	0.01365	0.01939	0.01032	0.01199	0.00792	0.00584	0.00522	0.00177	0.00822	0.00415	0.00290	0.00859
83	0.01340	0.02768	0.57460	0.01940	0.08471	0.01403	0.07457	0.01982	0.01373	0.05047	0.04127	0.01530	0.01054	0.00619	0.00612	0.00197	0.00874	0.00523	0.00309	0.00912
84	0.04226	0.00737	0.03714	0.00787	0.00971	0.00609	0.00612	0.01039	0.01423	0.01916	0.21639	0.24893	0.32146	0.01524	0.00732	0.00217	0.00354	0.01318	0.00584	0.00558
85	0.07682	0.01565	0.03970	0.05062	0.11817	0.05485	0.01216	0.24131	0.19852	0.07661	0.01692	0.01727	0.01251	0.00718	0.00598	0.00192	0.00644	0.00573	0.03214	0.00949

[dist]
# distance from previous block
# <min> <max>
1	9

[block]
# block no. 2 follows, 36 sequences, length 19
# corresponding to MSA columns:
# 245-263
name=unknown_C
#
# <colnr> <probs for GDERKNQSTAVLIFYWHMCP>
#	G	D	E	R	K	N	Q	S	T	A	V	L	I	F	Y	W	H	M	C	P
0	0.10434	0.02573	0.01655	0.01466	0.01823	0.57531	0.01117	0.07536	0.01748	0.01867	0.01003	0.01151	0.00817	0.00631	0.00542	0.00161	0.00981	0.00404	0.00353	0.06206
1	0.09890	0.01107	0.01286	0.00952	0.01473	0.00906	0.00769	0.01907	0.01373	0.17524	0.01370	0.01439	0.01029	0.00539	0.00489	0.00124	0.00478	0.00421	0.00456	0.56467
2	0.01742	0.08854	0.01929	0.01451	0.01621	0.01721	0.01225	0.01910	0.01187	0.19312	0.01222	0.01512	0.00993	0.00958	0.01538	0.00240	0.50863	0.00544	0.00393	0.00785
3	0.00759	0.00542	0.00723	0.00868	0.00904	0.00506	0.00578	0.00868	0.01193	0.01591	0.03434	0.77697	0.04121	0.01952	0.00795	0.00253	0.00361	0.01771	0.00578	0.00506
4	0.01437	0.01373	0.02339	0.24717	0.54144	0.01453	0.01860	0.01820	0.01369	0.01908	0.01153	0.01576	0.00942	0.00575	0.00619	0.00192	0.00766	0.00555	0.00299	0.00902
5	0.02323	0.02224	0.01738	0.01468	0.01868	0.36865	0.01150	0.26132	0.08178	0.09881	0.01428	0.01452	0.01058	0.00708	0.00595	0.00177	0.00862	0.00504	0.00495	0.00893
6	0.00759	0.00542	0.00723	0.00868	0.00904	0.00506	0.00578	0.00868	0.01193	0.01591	0.03434	0.77697	0.04121	0.01952	0.00795	0.00253	0.00361	0.01771	0.00578	0.00506
7	0.00994	0.00813	0.01187	0.06168	0.01375	0.01001	0.00905	0.01192	0.01000	0.01441	0.01511	0.02369	0.01450	0.11239	0.50244	0.00779	0.14776	0.00663	0.00324	0.00569
8	0.01355	0.24813	0.51305	0.01532	0.02310	0.01707	0.01878	0.01911	0.01319	0.01848	0.03924	0.01356	0.00994	0.00602	0.00542	0.00179	0.00823	0.00450	0.00281	0.00873
9	0.82504	0.01205	0.00916	0.00819	0.01205	0.01398	0.00675	0.01832	0.01060	0.02795	0.00868	0.01012	0.00675	0.00578	0.00386	0.00193	0.00482	0.00337	0.00386	0.00675
10	0.00781	0.00559	0.00742	0.00853	0.00908	0.00520	0.00580	0.00922	0.01293	0.01751	0.15853	0.64822	0.04431	0.01832	0.00785	0.00243	0.00350	0.01658	0.00597	0.00520
11	0.01433	0.01250	0.01463	0.17622	0.03828	0.04559	0.01114	0.09481	0.29535	0.02380	0.12708	0.02666	0.06028	0.00893	0.00652	0.00205	0.00583	0.02237	0.00537	0.00826
12	0.00923	0.00659	0.00911	0.01055	0.01162	0.00647	0.00863	0.01150	0.01354	0.01774	0.03344	0.30473	0.03763	0.01798	0.00839	0.00276	0.00503	0.47380	0.00575	0.00551
13	0.01550	0.01338	0.01409	0.01268	0.01620	0.01550	0.00986	0.03311	0.73091	0.02606	0.02536	0.02325	0.01902	0.00845	0.00634	0.00211	0.00493	0.00704	0.00634	0.00986
14	0.01299	0.02200	0.35513	0.27949	0.11723	0.03427	0.05523	0.01849	0.01323	0.01838	0.01124	0.01475	0.00835	0.00596	0.00612	0.00199	0.00880	0.00516	0.00277	0.00840
15	0.02648	0.01199	0.01541	0.01195	0.01664	0.04335	0.03197	0.07758	0.01837	0.62164	0.02312	0.04041	0.01525	0.00788	0.00631	0.00193	0.00580	0.00646	0.00721	0.01023
16	0.01594	0.01811	0.09355	0.02234	0.02840	0.03444	0.48841	0.13947	0.01712	0.02298	0.01507	0.01796	0.04212	0.00619	0.00699	0.00204	0.00946	0.00699	0.00375	0.00868
17	0.00759	0.00542	0.00723	0.00868	0.00904	0.00506	0.00578	0.00868	0.01193	0.01591	0.03434	0.77697	0.04121	0.01952	0.00795	0.00253	0.00361	0.01771	0.00578	0.00506
18	0.09647	0.01319	0.01708	0.01488	0.03094	0.06343	0.11182	0.04423	0.11466	0.02006	0.03452	0.14031	0.01781	0.03132	0.01062	0.00239	0.18936	0.03532	0.00432	0.00727

[dist]
# distance from previous block
# <min> <max>
0	3

[block]
# block no. 3 follows, 36 sequences, length 8
# corresponding to MSA columns:
# 267-274
name=unknown_D
#
# <colnr> <probs for GDERKNQSTAVLIFYWHMCP>
#	G	D	E	R	K	N	Q	S	T	A	V	L	I	F	Y	W	H	M	C	P
0	0.01618	0.01439	0.02374	0.08953	0.53115	0.01467	0.05438	0.04860	0.06223	0.06395	0.01351	0.01643	0.01069	0.00598	0.00626	0.00190	0.00733	0.00579	0.00368	0.00964
1	0.01292	0.01225	0.02076	0.53710	0.26288	0.01415	0.01788	0.01693	0.01300	0.01731	0.01128	0.01624	0.00880	0.00602	0.00621	0.00201	0.00802	0.00554	0.00287	0.00785
2	0.01458	0.01522	0.01894	0.01633	0.01664	0.09179	0.01347	0.01597	0.01034	0.01502	0.00832	0.01340	0.00816	0.01046	0.01898	0.00262	0.69481	0.00531	0.00277	0.00686
3	0.82504	0.01205	0.00916	0.00819	0.01205	0.01398	0.00675	0.01832	0.01060	0.02795	0.00868	0.01012	0.00675	0.00578	0.00386	0.00193	0.00482	0.00337	0.00386	0.00675
4	0.00759	0.00542	0.00723	0.00868	0.00904	0.00506	0.00578	0.00868	0.01193	0.01591	0.03434	0.77697	0.04121	0.01952	0.00795	0.00253	0.00361	0.01771	0.00578	0.00506
5	0.01196	0.01742	0.29891	0.01220	0.01716	0.01024	0.01301	0.03963	0.05294	0.06596	0.19734	0.07816	0.13894	0.01027	0.00667	0.00203	0.00585	0.00865	0.00497	0.00769
6	0.01585	0.01259	0.01703	0.01350	0.03936	0.01188	0.10550	0.16251	0.06389	0.06593	0.11498	0.02005	0.01762	0.00695	0.00594	0.00160	0.00573	0.00612	0.02959	0.28340
7	0.00871	0.00616	0.00794	0.00819	0.00940	0.00575	0.00609	0.01109	0.01538	0.02150	0.41061	0.23839	0.08414	0.01474	0.00744	0.00217	0.00339	0.07712	0.05616	0.00562

[dist]
# distance from previous block
# <min> <max>
0	28

[block]
# block no. 4 follows, 36 sequences, length 49
# corresponding to MSA columns:
# 303-351
name=unknown_E
#
# <colnr> <probs for GDERKNQSTAVLIFYWHMCP>
#	G	D	E	R	K	N	Q	S	T	A	V	L	I	F	Y	W	H	M	C	P
0	0.02205	0.17335	0.02064	0.01485	0.01864	0.54224	0.01175	0.09313	0.01786	0.01753	0.00998	0.01137	0.00828	0.00632	0.00537	0.00158	0.00992	0.00404	0.00341	0.00771
1	0.01292	0.01107	0.01292	0.00923	0.01477	0.00831	0.00738	0.01569	0.01292	0.02030	0.01107	0.01292	0.00923	0.00461	0.00461	0.00092	0.00461	0.00369	0.00369	0.81912
2	0.00771	0.00588	0.00712	0.00795	0.00904	0.00529	0.00564	0.00916	0.01317	0.01688	0.08346	0.44917	0.28593	0.01772	0.00775	0.00237	0.00353	0.05121	0.00584	0.00521
3	0.01986	0.15674	0.07209	0.09108	0.05600	0.46925	0.01344	0.02228	0.01580	0.01577	0.00982	0.01189	0.00813	0.00614	0.00545	0.00164	0.00983	0.00416	0.00303	0.00759
4	0.01288	0.05439	0.64456	0.01851	0.02726	0.01494	0.10228	0.01972	0.01332	0.01960	0.01126	0.01347	0.00807	0.00582	0.00602	0.00197	0.00928	0.00488	0.00269	0.00908
5	0.01532	0.01461	0.02440	0.05693	0.67711	0.01482	0.01849	0.01991	0.05912	0.02059	0.01256	0.01594	0.01040	0.00575	0.00618	0.00187	0.00727	0.00564	0.00328	0.00979
6	0.00906	0.00604	0.00680	0.00680	0.00680	0.00604	0.00378	0.00906	0.00906	0.01208	0.01963	0.04077	0.02265	0.78103	0.03171	0.00604	0.00604	0.00906	0.00378	0.00378
7	0.01851	0.57287	0.02844	0.01217	0.01691	0.22991	0.01105	0.02040	0.01406	0.01482	0.00893	0.01034	0.00800	0.00564	0.00445	0.00141	0.00795	0.00352	0.00282	0.00778
8	0.01292	0.01107	0.01292	0.00923	0.01477	0.00831	0.00738	0.01569	0.01292	0.02030	0.01107	0.01292	0.00923	0.00461	0.00461	0.00092	0.00461	0.00369	0.00369	0.81912
9	0.02327	0.02970	0.01766	0.01605	0.01926	0.75602	0.01204	0.02488	0.01766	0.01525	0.00963	0.01124	0.00803	0.00642	0.00562	0.00161	0.01124	0.00401	0.00321	0.00722
10	0.00974	0.00896	0.03735	0.01282	0.01483	0.00813	0.15137	0.01208	0.01236	0.01668	0.02596	0.37490	0.02887	0.08732	0.08457	0.00353	0.00696	0.09297	0.00472	0.00588
11	0.01363	0.01363	0.01908	0.01636	0.01636	0.01908	0.01363	0.01499	0.00954	0.01499	0.00818	0.01363	0.00818	0.01091	0.02045	0.00273	0.76963	0.00545	0.00273	0.00682
12	0.01250	0.03223	0.74875	0.01776	0.02697	0.01447	0.02302	0.01973	0.01315	0.01973	0.01118	0.01315	0.00789	0.00592	0.00592	0.00197	0.00921	0.00460	0.00263	0.00921
13	0.02795	0.01060	0.01446	0.01109	0.01591	0.00916	0.00916	0.03036	0.01783	0.74648	0.02458	0.02121	0.01542	0.00771	0.00627	0.00193	0.00530	0.00627	0.00771	0.01060
14	0.00759	0.00542	0.00723	0.00868	0.00904	0.00506	0.00578	0.00868	0.01193	0.01591	0.03434	0.77697	0.04121	0.01952	0.00795	0.00253	0.00361	0.01771	0.00578	0.00506
15	0.00906	0.00604	0.00680	0.00680	0.00680	0.00604	0.00378	0.00906	0.00906	0.01208	0.01963	0.04077	0.02265	0.78103	0.03171	0.00604	0.00604	0.00906	0.00378	0.00378
16	0.01459	0.01768	0.08293	0.02512	0.03150	0.01566	0.64341	0.02050	0.04491	0.02020	0.01305	0.01684	0.00976	0.00543	0.00722	0.00209	0.01018	0.00716	0.00325	0.00852
17	0.01488	0.01627	0.03352	0.02783	0.16382	0.01557	0.55450	0.02045	0.04962	0.02033	0.01306	0.01686	0.01000	0.00546	0.00708	0.00205	0.00965	0.00700	0.00329	0.00875
18	0.01233	0.07841	0.63872	0.01643	0.02469	0.01432	0.02070	0.01872	0.01310	0.01911	0.01409	0.05203	0.03680	0.00691	0.00595	0.00196	0.00855	0.00548	0.00290	0.00878
19	0.01058	0.18928	0.01393	0.00842	0.01083	0.01026	0.00694	0.01322	0.01628	0.02211	0.53022	0.03869	0.08421	0.01116	0.00656	0.00182	0.00383	0.00951	0.00581	0.00634
20	0.01648	0.02278	0.33731	0.01915	0.07192	0.05012	0.16148	0.05471	0.01520	0.12684	0.01357	0.01521	0.00965	0.00605	0.00621	0.00190	0.00852	0.00544	0.00377	0.05369
21	0.53395	0.01494	0.01178	0.01038	0.01420	0.10866	0.00832	0.08103	0.12122	0.02702	0.01183	0.01264	0.00908	0.00641	0.00465	0.00191	0.00582	0.00420	0.00435	0.00760
22	0.01442	0.01156	0.01859	0.07188	0.40104	0.01144	0.01395	0.01778	0.01550	0.09389	0.23605	0.02562	0.02533	0.00801	0.00654	0.00191	0.00588	0.00738	0.00468	0.00853
23	0.03316	0.10934	0.43064	0.01585	0.05241	0.01468	0.01744	0.05283	0.02980	0.09541	0.03301	0.01488	0.01060	0.00625	0.00569	0.00182	0.00769	0.00487	0.00363	0.06000
24	0.01633	0.01150	0.01364	0.00995	0.01532	0.00933	0.00804	0.07431	0.01506	0.14530	0.01368	0.01449	0.01039	0.00537	0.00502	0.00117	0.00491	0.00428	0.00458	0.61733
25	0.48453	0.04725	0.01336	0.01127	0.01499	0.27530	0.00893	0.04578	0.01383	0.02340	0.00924	0.01068	0.00738	0.00605	0.00457	0.00179	0.00722	0.00368	0.00367	0.00710
26	0.01567	0.01324	0.01406	0.01250	0.01600	0.01517	0.00976	0.08183	0.63512	0.02696	0.06938	0.02411	0.02090	0.00865	0.00640	0.00209	0.00495	0.00720	0.00636	0.00967
27	0.03310	0.00653	0.00785	0.00746	0.00917	0.00597	0.00562	0.01125	0.01656	0.02302	0.54675	0.04882	0.22858	0.01329	0.00725	0.00199	0.00305	0.01150	0.00650	0.00575
28	0.00875	0.00637	0.00823	0.00777	0.00927	0.00585	0.00582	0.01162	0.01747	0.02460	0.70672	0.04718	0.09119	0.01288	0.00735	0.00197	0.00295	0.01136	0.00681	0.00585
29	0.01120	0.01127	0.12163	0.01060	0.01377	0.00817	0.04369	0.01529	0.03812	0.07438	0.52279	0.03760	0.04451	0.01087	0.00703	0.00197	0.00448	0.00960	0.00609	0.00695
30	0.00882	0.00637	0.00833	0.00784	0.00931	0.00588	0.00588	0.01176	0.01764	0.02499	0.73888	0.04654	0.05879	0.01274	0.00735	0.00196	0.00294	0.01127	0.00686	0.00588
31	0.02176	0.01650	0.01762	0.01395	0.01859	0.01842	0.01138	0.55966	0.19416	0.03616	0.01740	0.01691	0.01258	0.00771	0.00626	0.00193	0.00640	0.00595	0.00626	0.01042
32	0.01542	0.01480	0.02529	0.03824	0.74217	0.01480	0.01912	0.01912	0.01419	0.02036	0.01172	0.01542	0.00987	0.00555	0.00617	0.00185	0.00740	0.00555	0.00308	0.00987
33	0.00797	0.00625	0.00724	0.00754	0.00901	0.00561	0.00544	0.01013	0.03391	0.01857	0.19958	0.27547	0.35873	0.01606	0.00751	0.00220	0.00330	0.01397	0.00603	0.00546
34	0.82504	0.01205	0.00916	0.00819	0.01205	0.01398	0.00675	0.01832	0.01060	0.02795	0.00868	0.01012	0.00675	0.00578	0.00386	0.00193	0.00482	0.00337	0.00386	0.00675
35	0.00890	0.00668	0.01001	0.01001	0.01113	0.00779	0.00779	0.01113	0.01001	0.01446	0.01669	0.02448	0.01558	0.04673	0.75634	0.01001	0.01669	0.00668	0.00334	0.00556
36	0.01543	0.01466	0.02418	0.03572	0.67038	0.01487	0.01821	0.02050	0.08506	0.02092	0.01307	0.01619	0.01077	0.00584	0.00619	0.00188	0.00716	0.00570	0.00341	0.00987
37	0.00759	0.00542	0.00723	0.00868	0.00904	0.00506	0.00578	0.00868	0.01193	0.01591	0.03434	0.77697	0.04121	0.01952	0.00795	0.00253	0.00361	0.01771	0.00578	0.00506
38	0.01419	0.01463	0.01952	0.04837	0.01816	0.06501	0.03516	0.01580	0.01033	0.01520	0.00853	0.01370	0.00821	0.01025	0.01852	0.00261	0.66673	0.00542	0.00277	0.00689
39	0.09932	0.17162	0.46530	0.01633	0.05791	0.05165	0.01826	0.01959	0.01306	0.01945	0.01039	0.01226	0.00789	0.00580	0.00534	0.00182	0.00827	0.00425	0.00282	0.00866
40	0.01177	0.01107	0.01869	0.76606	0.04291	0.01384	0.01730	0.01592	0.01246	0.01592	0.01107	0.01661	0.00831	0.00623	0.00623	0.00208	0.00831	0.00554	0.00277	0.00692
41	0.00986	0.00609	0.00677	0.00660	0.00818	0.00573	0.00495	0.01253	0.01485	0.02263	0.27470	0.03811	0.16633	0.01073	0.00595	0.00175	0.00296	0.00906	0.38651	0.00573
42	0.00796	0.00634	0.00714	0.00694	0.00878	0.00551	0.00520	0.01010	0.01561	0.02018	0.34055	0.05445	0.46011	0.01453	0.00736	0.00204	0.00307	0.01238	0.00623	0.00551
43	0.01177	0.01107	0.01869	0.76606	0.04291	0.01384	0.01730	0.01592	0.01246	0.01592	0.01107	0.01661	0.00831	0.00623	0.00623	0.00208	0.00831	0.00554	0.00277	0.00692
44	0.01292	0.01107	0.01292	0.00923	0.01477	0.00831	0.00738	0.01569	0.01292	0.02030	0.01107	0.01292	0.00923	0.00461	0.00461	0.00092	0.00461	0.00369	0.00369	0.81912
45	0.02795	0.01060	0.01446	0.01109	0.01591	0.00916	0.00916	0.03036	0.01783	0.74648	0.02458	0.02121	0.01542	0.00771	0.00627	0.00193	0.00530	0.00627	0.00771	0.01060
46	0.00759	0.00542	0.00723	0.00868	0.00904	0.00506	0.00578	0.00868	0.01193	0.01591	0.03434	0.77697	0.04121	0.01952	0.00795	0.00253	0.00361	0.01771	0.00578	0.00506
47	0.00882	0.00637	0.00833	0.00784	0.00931	0.00588	0.00588	0.01176	0.01764	0.02499	0.73888	0.04654	0.05879	0.01274	0.00735	0.00196	0.00294	0.01127	0.00686	0.00588
48	0.77502	0.01196	0.00949	0.00838	0.01229	0.01367	0.00690	0.01907	0.01106	0.07304	0.00967	0.01082	0.00729	0.00590	0.00401	0.00193	0.00485	0.00356	0.00410	0.00699

[dist]
# distance from previous block
# <min> <max>
0	7

# created by:
# /home/cegg/simao/soft/augustus-3.2.1/scripts/msa2prfl.pl ./align_prep/EOG090W0F27.fa
