[name]
unknown

[dist]
# distance from previous block
# <min> <max>
0	122

[block]
# block no. 0 follows, 29 sequences, length 19
# corresponding to MSA columns:
# 135-153
name=unknown_A
#
# <colnr> <probs for GDERKNQSTAVLIFYWHMCP>
#	G	D	E	R	K	N	Q	S	T	A	V	L	I	F	Y	W	H	M	C	P
0	0.08893	0.12039	0.04573	0.07743	0.11851	0.12132	0.03192	0.07257	0.08436	0.03920	0.01563	0.02027	0.01309	0.00820	0.00738	0.00215	0.04544	0.04599	0.00446	0.03704
1	0.01840	0.10492	0.12023	0.05112	0.20086	0.07332	0.01610	0.05238	0.04223	0.06849	0.04488	0.01833	0.01385	0.00713	0.00645	0.00191	0.00795	0.00587	0.02361	0.12197
2	0.03628	0.06286	0.02229	0.03759	0.11997	0.11544	0.07287	0.12624	0.14188	0.06991	0.04860	0.05129	0.01709	0.00856	0.00701	0.00214	0.00802	0.00725	0.00544	0.03926
3	0.05547	0.08146	0.02077	0.04276	0.02142	0.24276	0.01302	0.24611	0.07660	0.02837	0.01543	0.04284	0.01257	0.00854	0.00737	0.00207	0.04266	0.00610	0.00518	0.02849
4	0.01254	0.04206	0.01300	0.01269	0.06763	0.03604	0.00854	0.05428	0.01690	0.02255	0.18417	0.21494	0.12336	0.08738	0.01067	0.00273	0.00530	0.01246	0.00600	0.06677
5	0.05501	0.02159	0.04613	0.01629	0.02179	0.10785	0.01361	0.49950	0.05823	0.06441	0.01684	0.01696	0.01209	0.00832	0.00693	0.00212	0.00831	0.00615	0.00651	0.01137
6	0.02280	0.01673	0.01946	0.08992	0.02322	0.01894	0.01340	0.31586	0.20343	0.11059	0.02041	0.02049	0.01480	0.00904	0.00846	0.00232	0.06551	0.00691	0.00661	0.01111
7	0.00868	0.00620	0.00826	0.00991	0.01033	0.00578	0.00661	0.00991	0.01363	0.01818	0.03925	0.74510	0.04710	0.02231	0.00909	0.00289	0.00413	0.02024	0.00661	0.00578
8	0.01036	0.00690	0.00777	0.00777	0.00777	0.00690	0.00431	0.01036	0.01036	0.01381	0.02244	0.04660	0.02589	0.74975	0.03624	0.00690	0.00690	0.01036	0.00431	0.00431
9	0.01615	0.01704	0.07921	0.02698	0.28393	0.01628	0.06982	0.02458	0.19152	0.02449	0.06297	0.02488	0.05760	0.00886	0.00857	0.00233	0.06193	0.00777	0.00487	0.01023
10	0.01622	0.01352	0.01555	0.01124	0.01749	0.01098	0.00904	0.09655	0.01698	0.02577	0.01318	0.01504	0.01073	0.00566	0.00549	0.00118	0.00558	0.00448	0.00456	0.70074
11	0.01164	0.01075	0.06695	0.01007	0.01281	0.03103	0.00849	0.01507	0.01912	0.05568	0.49316	0.04997	0.16000	0.01399	0.00815	0.00225	0.00441	0.01208	0.00716	0.00720
12	0.01617	0.04236	0.04986	0.01401	0.02008	0.01298	0.08339	0.08737	0.01676	0.02472	0.01425	0.04698	0.01216	0.00677	0.00662	0.00153	0.03105	0.00569	0.00442	0.50283
13	0.01136	0.00871	0.01027	0.00942	0.01195	0.00801	0.00725	0.06706	0.01921	0.02597	0.34926	0.08324	0.23965	0.01491	0.00815	0.00226	0.00413	0.04237	0.00702	0.06981
14	0.01769	0.05031	0.02807	0.10809	0.43644	0.07355	0.07868	0.02171	0.01605	0.02172	0.01289	0.01705	0.01069	0.00663	0.00751	0.00211	0.03470	0.00617	0.00350	0.04644
15	0.08081	0.01370	0.01621	0.03885	0.07912	0.04321	0.01086	0.03471	0.04488	0.09404	0.04711	0.07650	0.01687	0.00848	0.00738	0.00185	0.05218	0.00677	0.00506	0.32144
16	0.02180	0.11608	0.05049	0.04740	0.02150	0.37687	0.01329	0.07797	0.07529	0.02094	0.01825	0.01957	0.06709	0.00993	0.03172	0.00230	0.01042	0.00599	0.00436	0.00876
17	0.01650	0.01303	0.01815	0.01547	0.07313	0.01147	0.07907	0.07614	0.01827	0.08027	0.15334	0.02566	0.04332	0.00823	0.00676	0.00174	0.00608	0.00729	0.00550	0.34058
18	0.08270	0.50409	0.06834	0.01286	0.01846	0.07954	0.01239	0.02183	0.01478	0.04894	0.01169	0.01364	0.01009	0.01017	0.06228	0.00247	0.00887	0.00441	0.00352	0.00894

[dist]
# distance from previous block
# <min> <max>
0	2

[block]
# block no. 1 follows, 29 sequences, length 9
# corresponding to MSA columns:
# 156-164
name=unknown_B
#
# <colnr> <probs for GDERKNQSTAVLIFYWHMCP>
#	G	D	E	R	K	N	Q	S	T	A	V	L	I	F	Y	W	H	M	C	P
0	0.01428	0.04323	0.08548	0.01156	0.01493	0.04340	0.01012	0.01766	0.03323	0.10448	0.20523	0.09440	0.21566	0.01363	0.00890	0.00235	0.05613	0.01120	0.00630	0.00785
1	0.13027	0.17076	0.02096	0.01417	0.01884	0.21020	0.01156	0.06670	0.18677	0.02450	0.01562	0.01621	0.01239	0.00748	0.00593	0.00193	0.00808	0.00528	0.00479	0.06757
2	0.01466	0.01104	0.01264	0.01097	0.01394	0.01128	0.00857	0.18222	0.07278	0.03136	0.38741	0.04443	0.14361	0.01320	0.00800	0.00225	0.00469	0.01122	0.00743	0.00830
3	0.60633	0.01532	0.01320	0.01112	0.01585	0.01750	0.00917	0.18650	0.01747	0.03519	0.01171	0.01295	0.00881	0.00710	0.00509	0.00219	0.00609	0.00450	0.00509	0.00881
4	0.01929	0.02438	0.33369	0.01866	0.07874	0.01508	0.01853	0.12710	0.01941	0.15600	0.06096	0.02278	0.05638	0.00854	0.00712	0.00222	0.00825	0.00693	0.00529	0.01064
5	0.01407	0.03077	0.53956	0.19882	0.03539	0.01636	0.02467	0.02146	0.01483	0.02146	0.01275	0.01602	0.00914	0.00685	0.00685	0.00228	0.01027	0.00553	0.00305	0.00987
6	0.01112	0.00906	0.01351	0.01829	0.18454	0.00875	0.01048	0.01316	0.01436	0.01942	0.03336	0.46484	0.06727	0.05576	0.00999	0.00290	0.00545	0.04490	0.00572	0.00713
7	0.02074	0.01873	0.01628	0.01432	0.01809	0.19196	0.01110	0.10714	0.27428	0.07088	0.09746	0.02482	0.02197	0.00933	0.00697	0.00214	0.00729	0.00736	0.06937	0.00979
8	0.55701	0.01409	0.01253	0.05384	0.01707	0.01640	0.00932	0.02500	0.18275	0.03059	0.01486	0.01577	0.01133	0.00740	0.00528	0.00227	0.00578	0.00505	0.00504	0.00862

[dist]
# distance from previous block
# <min> <max>
0	1

[block]
# block no. 2 follows, 29 sequences, length 31
# corresponding to MSA columns:
# 166-196
name=unknown_C
#
# <colnr> <probs for GDERKNQSTAVLIFYWHMCP>
#	G	D	E	R	K	N	Q	S	T	A	V	L	I	F	Y	W	H	M	C	P
0	0.04587	0.01572	0.02048	0.06824	0.25282	0.05248	0.01492	0.08569	0.13307	0.12604	0.04671	0.02455	0.06461	0.00869	0.00713	0.00221	0.00725	0.00743	0.00564	0.01045
1	0.00884	0.00641	0.00816	0.00941	0.01006	0.00594	0.00630	0.01013	0.01393	0.01839	0.06972	0.58726	0.11665	0.07947	0.01115	0.00313	0.00426	0.01858	0.00648	0.00573
2	0.01953	0.22129	0.10142	0.04033	0.08605	0.09713	0.04262	0.11729	0.07183	0.02367	0.01352	0.01560	0.01090	0.00752	0.00775	0.00204	0.07356	0.00549	0.00415	0.03831
3	0.01686	0.01603	0.02681	0.12912	0.56659	0.01619	0.02052	0.02107	0.01585	0.02261	0.01324	0.01757	0.01099	0.00636	0.00692	0.00206	0.00834	0.00617	0.00353	0.07317
4	0.02293	0.01626	0.02134	0.12442	0.02575	0.04672	0.07739	0.17836	0.08794	0.20530	0.01911	0.01998	0.01356	0.00846	0.00862	0.00228	0.07288	0.00678	0.00604	0.03589
5	0.04617	0.40143	0.21391	0.01823	0.10766	0.02221	0.01690	0.02247	0.01510	0.05970	0.01216	0.01391	0.00981	0.00648	0.00561	0.00186	0.00833	0.00471	0.00348	0.00990
6	0.00892	0.00681	0.00824	0.00914	0.01047	0.00614	0.00660	0.01069	0.01526	0.01954	0.09619	0.39363	0.28688	0.01999	0.00886	0.00270	0.00410	0.07313	0.00669	0.00600
7	0.01078	0.00787	0.00947	0.01002	0.01164	0.00757	0.00725	0.01463	0.09478	0.04728	0.08131	0.41128	0.19414	0.01878	0.00864	0.00268	0.00432	0.04391	0.00684	0.00681
8	0.01633	0.01554	0.02617	0.11034	0.47190	0.01595	0.06598	0.02174	0.06971	0.02276	0.01693	0.08341	0.01508	0.00809	0.00735	0.00226	0.00821	0.00786	0.00406	0.01031
9	0.01152	0.00794	0.00934	0.00894	0.01128	0.00714	0.00680	0.01461	0.04381	0.08411	0.25882	0.11086	0.34323	0.01619	0.00836	0.00240	0.00397	0.03649	0.00721	0.00698
10	0.00889	0.00652	0.00840	0.00982	0.01062	0.00603	0.00687	0.01039	0.01425	0.01861	0.04376	0.59016	0.13926	0.02147	0.00906	0.00286	0.00427	0.07627	0.00661	0.00588
11	0.02276	0.02577	0.01753	0.01592	0.01929	0.46092	0.01201	0.08432	0.07400	0.02202	0.04457	0.08048	0.01674	0.00929	0.00676	0.00200	0.01000	0.00687	0.06030	0.00845
12	0.01889	0.12748	0.02753	0.07176	0.25028	0.04074	0.10964	0.04473	0.10116	0.08119	0.01725	0.04829	0.01404	0.00768	0.00697	0.00215	0.00829	0.00705	0.00459	0.01028
13	0.01036	0.00690	0.00777	0.00777	0.00777	0.00690	0.00431	0.01036	0.01036	0.01381	0.02244	0.04660	0.02589	0.74975	0.03624	0.00690	0.00690	0.01036	0.00431	0.00431
14	0.01673	0.01128	0.01364	0.01199	0.01511	0.01199	0.00950	0.14876	0.09202	0.10675	0.08826	0.03242	0.10530	0.02537	0.24588	0.00531	0.01007	0.00872	0.03221	0.00869
15	0.01848	0.02078	0.03377	0.12289	0.08291	0.14144	0.40465	0.04541	0.01758	0.02202	0.01359	0.01787	0.01042	0.00650	0.00774	0.00227	0.01142	0.00724	0.00367	0.00934
16	0.01643	0.01615	0.02534	0.27064	0.32158	0.05489	0.06994	0.02192	0.06368	0.02159	0.01508	0.02085	0.01234	0.00735	0.00726	0.00227	0.00905	0.03016	0.00379	0.00968
17	0.01716	0.01628	0.07067	0.19415	0.22432	0.01527	0.01707	0.07013	0.03699	0.05927	0.01439	0.01766	0.01118	0.00692	0.00721	0.00201	0.03148	0.00590	0.00419	0.17775
18	0.01689	0.05351	0.58296	0.01911	0.02872	0.01671	0.02360	0.07025	0.01680	0.08524	0.01437	0.01590	0.01001	0.00705	0.00676	0.00222	0.00985	0.00547	0.00382	0.01074
19	0.00909	0.00735	0.00811	0.00808	0.01017	0.00647	0.00600	0.01170	0.03437	0.02173	0.22492	0.12519	0.46696	0.01734	0.00844	0.00241	0.00364	0.01479	0.00693	0.00630
20	0.01655	0.01582	0.02696	0.22126	0.53619	0.01664	0.02132	0.02091	0.01570	0.02196	0.01320	0.01797	0.01082	0.00654	0.00707	0.00218	0.00873	0.00634	0.00343	0.01041
21	0.01807	0.02019	0.17248	0.01777	0.04801	0.07052	0.09356	0.10794	0.05741	0.09000	0.03621	0.08558	0.03636	0.07407	0.01001	0.00273	0.00840	0.03606	0.00525	0.00936
22	0.00868	0.00620	0.00826	0.00991	0.01033	0.00578	0.00661	0.00991	0.01363	0.01818	0.03925	0.74510	0.04710	0.02231	0.00909	0.00289	0.00413	0.02024	0.00661	0.00578
23	0.02387	0.01117	0.01367	0.01122	0.01522	0.01066	0.00899	0.12169	0.02014	0.35675	0.02599	0.08334	0.01944	0.00974	0.00668	0.00209	0.00536	0.00798	0.23601	0.01000
24	0.01786	0.01605	0.07909	0.01619	0.04286	0.02746	0.07416	0.16867	0.12985	0.07680	0.07849	0.16663	0.05087	0.01178	0.00775	0.00238	0.00686	0.01032	0.00632	0.00961
25	0.01512	0.06945	0.50180	0.02175	0.09663	0.01668	0.04341	0.04362	0.01591	0.02295	0.01510	0.02112	0.01226	0.00787	0.00701	0.00229	0.00976	0.06353	0.00353	0.01020
26	0.02265	0.02633	0.01985	0.01936	0.07493	0.45661	0.01396	0.06647	0.01884	0.01969	0.01335	0.01804	0.01172	0.01297	0.08073	0.00302	0.07704	0.03203	0.00396	0.00844
27	0.75774	0.01487	0.01100	0.00986	0.01422	0.05455	0.00804	0.02134	0.01256	0.03115	0.00997	0.01164	0.00779	0.00665	0.00452	0.00218	0.00591	0.00390	0.00437	0.00774
28	0.00891	0.00642	0.00825	0.00961	0.01021	0.00599	0.00649	0.01016	0.01367	0.01800	0.04054	0.59898	0.10184	0.08665	0.01148	0.00322	0.00442	0.04305	0.00640	0.00570
29	0.01964	0.69665	0.03595	0.01267	0.01857	0.08340	0.01231	0.02189	0.01492	0.01681	0.00999	0.01154	0.00914	0.00619	0.00472	0.00155	0.00803	0.00387	0.00310	0.00907
30	0.02466	0.19960	0.02431	0.01566	0.02059	0.22391	0.01303	0.23756	0.04553	0.08173	0.01461	0.01534	0.01122	0.00781	0.00689	0.00195	0.03498	0.00537	0.00514	0.01010

[dist]
# distance from previous block
# <min> <max>
0	18

[block]
# block no. 3 follows, 29 sequences, length 46
# corresponding to MSA columns:
# 215-260
name=unknown_D
#
# <colnr> <probs for GDERKNQSTAVLIFYWHMCP>
#	G	D	E	R	K	N	Q	S	T	A	V	L	I	F	Y	W	H	M	C	P
0	0.02253	0.07740	0.09851	0.01652	0.04733	0.20200	0.01383	0.13169	0.10521	0.10782	0.01742	0.01798	0.01299	0.00780	0.00651	0.00200	0.00856	0.00584	0.06142	0.03664
1	0.00868	0.00620	0.00826	0.00991	0.01033	0.00578	0.00661	0.00991	0.01363	0.01818	0.03925	0.74510	0.04710	0.02231	0.00909	0.00289	0.00413	0.02024	0.00661	0.00578
2	0.01529	0.01296	0.01504	0.01079	0.01710	0.01002	0.00865	0.04598	0.01556	0.02412	0.01284	0.01486	0.01061	0.00541	0.00535	0.00110	0.00538	0.00431	0.00434	0.76026
3	0.01768	0.01020	0.01290	0.01075	0.01434	0.00928	0.00846	0.04922	0.05383	0.21314	0.37069	0.03770	0.04210	0.01134	0.00756	0.00209	0.00463	0.00973	0.00759	0.10676
4	0.01850	0.67262	0.11400	0.01310	0.01970	0.02685	0.01379	0.02146	0.01453	0.01741	0.01023	0.01183	0.00912	0.00617	0.00482	0.00161	0.00795	0.00397	0.00304	0.00930
5	0.00867	0.00623	0.00823	0.00982	0.01030	0.00579	0.00657	0.00993	0.01372	0.01821	0.04040	0.72139	0.07007	0.02216	0.00907	0.00287	0.00411	0.02006	0.00661	0.00579
6	0.01525	0.01772	0.09991	0.01863	0.01987	0.02077	0.01657	0.01760	0.01139	0.01773	0.01007	0.01594	0.00960	0.01320	0.04514	0.00330	0.62996	0.00617	0.00313	0.00805
7	0.00897	0.00724	0.00798	0.00779	0.00996	0.00625	0.00585	0.01129	0.01754	0.02234	0.28148	0.06343	0.49116	0.01688	0.00841	0.00235	0.00352	0.01431	0.00702	0.00625
8	0.01158	0.00911	0.01069	0.01007	0.01234	0.00917	0.00760	0.01857	0.17795	0.02702	0.42159	0.08381	0.14424	0.01428	0.00816	0.00234	0.00397	0.01241	0.00747	0.00765
9	0.00886	0.00678	0.00779	0.00841	0.00966	0.00608	0.00576	0.01024	0.01451	0.01838	0.07537	0.32717	0.32648	0.12596	0.01272	0.00324	0.00428	0.01629	0.00632	0.00570
10	0.02598	0.02189	0.02007	0.01609	0.02108	0.16563	0.01297	0.49883	0.02940	0.03788	0.01627	0.01689	0.01194	0.00828	0.00682	0.00204	0.00855	0.00605	0.06241	0.01092
11	0.01904	0.75404	0.03731	0.01218	0.01828	0.02818	0.01218	0.02132	0.01447	0.01675	0.00990	0.01142	0.00914	0.00609	0.00457	0.00152	0.00761	0.00381	0.00305	0.00914
12	0.00848	0.00722	0.00730	0.00728	0.00966	0.00604	0.00546	0.01034	0.01638	0.01958	0.09535	0.06796	0.67902	0.01791	0.00842	0.00240	0.00360	0.01495	0.00666	0.00604
13	0.00922	0.00681	0.00872	0.00999	0.01094	0.00640	0.00712	0.01128	0.03026	0.01931	0.06641	0.53867	0.13333	0.02088	0.00902	0.00284	0.00435	0.09175	0.00666	0.00606
14	0.01660	0.01781	0.03035	0.02649	0.13600	0.08479	0.33778	0.02111	0.01711	0.02272	0.11167	0.02595	0.02009	0.00850	0.00905	0.00237	0.05750	0.04074	0.00431	0.00906
15	0.61282	0.03477	0.03038	0.01260	0.05015	0.08150	0.00983	0.05491	0.01427	0.03023	0.01062	0.01235	0.00831	0.00675	0.00492	0.00215	0.00662	0.00421	0.00436	0.00826
16	0.06818	0.01312	0.01650	0.01284	0.01805	0.01236	0.01056	0.13738	0.02207	0.51949	0.07361	0.02451	0.01978	0.00907	0.00710	0.00220	0.00613	0.00728	0.00825	0.01151
17	0.67297	0.01406	0.01181	0.01018	0.01478	0.01590	0.00839	0.06952	0.01442	0.09623	0.01213	0.01315	0.00895	0.00695	0.00486	0.00220	0.00573	0.00435	0.00501	0.00844
18	0.01894	0.02119	0.02131	0.01859	0.01971	0.23540	0.01502	0.02059	0.01374	0.01723	0.00985	0.01474	0.00929	0.01090	0.01819	0.00272	0.51564	0.00573	0.00328	0.00793
19	0.01065	0.00968	0.04506	0.00943	0.01239	0.00777	0.00771	0.01447	0.04549	0.02502	0.38045	0.05024	0.23863	0.01391	0.00792	0.00216	0.00410	0.01193	0.00681	0.09618
20	0.02047	0.33337	0.02575	0.01353	0.01860	0.04111	0.01178	0.12460	0.20308	0.07342	0.01897	0.05421	0.01553	0.00847	0.00614	0.00198	0.00697	0.00644	0.00540	0.01018
21	0.01958	0.70248	0.03609	0.01263	0.01854	0.07779	0.01230	0.02183	0.01488	0.01680	0.00998	0.01152	0.00914	0.00618	0.00470	0.00155	0.00799	0.00386	0.00309	0.00907
22	0.00864	0.00688	0.00775	0.00825	0.00994	0.00599	0.00591	0.01038	0.01569	0.01964	0.11216	0.29125	0.43412	0.01917	0.00864	0.00255	0.00376	0.01658	0.00671	0.00599
23	0.01023	0.00685	0.00780	0.00792	0.00795	0.00682	0.00448	0.01032	0.01059	0.01412	0.02364	0.09661	0.02741	0.69767	0.03430	0.00662	0.00670	0.01106	0.00448	0.00442
24	0.10391	0.01278	0.01428	0.01041	0.01652	0.01023	0.00836	0.01827	0.01447	0.02420	0.01235	0.01440	0.01022	0.00543	0.00518	0.00119	0.00530	0.00418	0.00424	0.70411
25	0.01094	0.00889	0.01464	0.01328	0.01513	0.00979	0.08468	0.01369	0.01197	0.01704	0.01879	0.02836	0.01761	0.09969	0.58973	0.01008	0.01737	0.00792	0.00383	0.00657
26	0.01032	0.00704	0.00848	0.00848	0.00873	0.00729	0.00521	0.01081	0.01057	0.01434	0.02178	0.04297	0.02431	0.61414	0.16971	0.00779	0.00927	0.00982	0.00422	0.00471
27	0.00913	0.00655	0.00876	0.01037	0.01103	0.00618	0.00737	0.01071	0.01415	0.01872	0.03986	0.61854	0.06329	0.02176	0.00919	0.00294	0.00451	0.12439	0.00660	0.00592
28	0.01490	0.09812	0.02442	0.56436	0.06614	0.04487	0.05189	0.01930	0.01469	0.01840	0.01239	0.01785	0.00957	0.00693	0.00686	0.00225	0.00950	0.00608	0.00320	0.00826
29	0.01475	0.01425	0.01977	0.01714	0.01720	0.01956	0.01401	0.01618	0.01087	0.01673	0.01125	0.01964	0.01159	0.09793	0.05502	0.00391	0.62284	0.00676	0.00328	0.00733
30	0.02835	0.01164	0.01558	0.01227	0.01720	0.01033	0.01001	0.03205	0.05406	0.58619	0.11700	0.02817	0.02437	0.00961	0.00733	0.00222	0.00568	0.00796	0.00861	0.01136
31	0.01568	0.01466	0.02468	0.24502	0.43186	0.01560	0.02006	0.01996	0.01565	0.02153	0.01593	0.02515	0.01412	0.00809	0.00739	0.00232	0.00855	0.08025	0.00376	0.00974
32	0.01681	0.01732	0.04590	0.02595	0.10618	0.01664	0.37517	0.07897	0.09366	0.02494	0.01922	0.11008	0.01668	0.00872	0.00806	0.00241	0.00952	0.00937	0.00467	0.00974
33	0.01281	0.00879	0.01099	0.01123	0.01361	0.00842	0.00938	0.04413	0.03155	0.07370	0.08975	0.06703	0.23496	0.01735	0.00895	0.00280	0.00547	0.33505	0.00686	0.00716
34	0.01032	0.00705	0.00849	0.00849	0.00874	0.00729	0.00521	0.01082	0.01057	0.01434	0.02178	0.04295	0.02430	0.61344	0.17039	0.00779	0.00929	0.00982	0.00422	0.00471
35	0.01477	0.01266	0.01477	0.01055	0.01687	0.00949	0.00844	0.01793	0.01477	0.02320	0.01266	0.01477	0.01055	0.00527	0.00527	0.00105	0.00527	0.00422	0.00422	0.79328
36	0.01558	0.01558	0.02181	0.01869	0.01869	0.02181	0.01558	0.01714	0.01091	0.01714	0.00935	0.01558	0.00935	0.01246	0.02337	0.00312	0.73672	0.00623	0.00312	0.00779
37	0.00862	0.00641	0.00804	0.00934	0.01018	0.00583	0.00636	0.00998	0.01418	0.01840	0.04619	0.60233	0.18539	0.02141	0.00895	0.00279	0.00402	0.01914	0.00661	0.00583
38	0.01592	0.37616	0.30998	0.01524	0.02250	0.02088	0.01732	0.02053	0.01460	0.01928	0.01441	0.09618	0.01340	0.00821	0.00598	0.00198	0.00841	0.00627	0.00343	0.00932
39	0.01290	0.00660	0.00677	0.00690	0.00846	0.00657	0.00511	0.01605	0.01483	0.02587	0.02452	0.08467	0.02058	0.00943	0.00531	0.00176	0.00338	0.00774	0.72597	0.00657
40	0.01110	0.00808	0.01133	0.09335	0.01693	0.00830	0.01057	0.01402	0.01537	0.02058	0.03502	0.22580	0.05563	0.01790	0.00892	0.00293	0.00597	0.36217	0.06950	0.00652
41	0.01919	0.55949	0.16235	0.01374	0.02062	0.02456	0.01469	0.02263	0.01505	0.07394	0.01191	0.01314	0.00980	0.00644	0.00519	0.00172	0.00803	0.00435	0.00351	0.00964
42	0.01820	0.58490	0.13862	0.01361	0.02021	0.02555	0.01426	0.02285	0.06940	0.01869	0.01188	0.01320	0.01014	0.00648	0.00512	0.00171	0.00790	0.00437	0.00338	0.00952
43	0.00865	0.00628	0.00818	0.00970	0.01027	0.00580	0.00651	0.00994	0.01384	0.01826	0.04191	0.69038	0.10011	0.02196	0.00903	0.00285	0.00409	0.01982	0.00661	0.00580
44	0.01821	0.01683	0.02690	0.09085	0.52244	0.01782	0.02024	0.09609	0.01759	0.02484	0.01343	0.01750	0.01108	0.00715	0.00838	0.00222	0.06738	0.00634	0.00387	0.01084
45	0.01747	0.01645	0.02767	0.18222	0.46804	0.01719	0.06706	0.07453	0.01725	0.02394	0.01361	0.01797	0.01095	0.00666	0.00717	0.00219	0.00887	0.00649	0.00375	0.01054

[dist]
# distance from previous block
# <min> <max>
0	39

[block]
# block no. 4 follows, 29 sequences, length 82
# corresponding to MSA columns:
# 300-381
name=unknown_E
#
# <colnr> <probs for GDERKNQSTAVLIFYWHMCP>
#	G	D	E	R	K	N	Q	S	T	A	V	L	I	F	Y	W	H	M	C	P
0	0.04933	0.00755	0.00738	0.00732	0.00983	0.00653	0.00553	0.01077	0.01602	0.01989	0.06892	0.06558	0.66654	0.01744	0.00821	0.00239	0.00371	0.01445	0.00650	0.00610
1	0.06904	0.01848	0.01952	0.01517	0.02046	0.02044	0.01249	0.58882	0.03073	0.04261	0.01721	0.01758	0.01238	0.00842	0.00679	0.00210	0.00733	0.00629	0.07272	0.01140
2	0.01850	0.71539	0.03581	0.01207	0.01787	0.02702	0.01190	0.02073	0.01443	0.01683	0.01142	0.04934	0.01110	0.00693	0.00480	0.00159	0.00743	0.00466	0.00323	0.00896
3	0.00868	0.00620	0.00826	0.00991	0.01033	0.00578	0.00661	0.00991	0.01363	0.01818	0.03925	0.74510	0.04710	0.02231	0.00909	0.00289	0.00413	0.02024	0.00661	0.00578
4	0.01427	0.05130	0.02152	0.60561	0.04364	0.01670	0.01832	0.02081	0.09906	0.01957	0.01456	0.01954	0.01100	0.00738	0.00700	0.00233	0.00891	0.00641	0.00367	0.00839
5	0.01948	0.10148	0.06080	0.01732	0.02243	0.04342	0.12652	0.18083	0.20147	0.02866	0.01874	0.02046	0.01451	0.03155	0.00853	0.00235	0.03840	0.00690	0.04592	0.01019
6	0.01477	0.01266	0.01477	0.01055	0.01687	0.00949	0.00844	0.01793	0.01477	0.02320	0.01266	0.01477	0.01055	0.00527	0.00527	0.00105	0.00527	0.00422	0.00422	0.79328
7	0.02851	0.01242	0.01627	0.01249	0.01795	0.01082	0.01023	0.06764	0.02011	0.55477	0.02574	0.04739	0.01736	0.00878	0.00697	0.00207	0.00598	0.00717	0.00801	0.11934
8	0.02528	0.02743	0.01906	0.01688	0.02074	0.49027	0.01292	0.10051	0.05170	0.07921	0.01464	0.01620	0.01153	0.01167	0.06821	0.00275	0.01192	0.00543	0.00466	0.00898
9	0.01237	0.00618	0.00928	0.00928	0.00928	0.00618	0.00618	0.00928	0.00928	0.01237	0.01237	0.02165	0.01237	0.02474	0.02783	0.79283	0.00618	0.00618	0.00309	0.00309
10	0.01017	0.00763	0.01144	0.01144	0.01272	0.00890	0.00890	0.01272	0.01144	0.01653	0.01907	0.02797	0.01780	0.05340	0.72153	0.01144	0.01907	0.00763	0.00381	0.00636
11	0.01558	0.01316	0.01520	0.01100	0.01723	0.01047	0.00882	0.05785	0.03504	0.02467	0.01338	0.01524	0.01096	0.00559	0.00544	0.00116	0.00544	0.00446	0.00448	0.72484
12	0.04492	0.02237	0.17600	0.01843	0.02427	0.10413	0.14544	0.14657	0.04761	0.02607	0.02169	0.10593	0.06523	0.00978	0.00744	0.00230	0.00897	0.00855	0.00490	0.00941
13	0.03195	0.01212	0.01652	0.01267	0.01818	0.01047	0.01047	0.03470	0.02038	0.71026	0.02809	0.02424	0.01763	0.00881	0.00716	0.00220	0.00606	0.00716	0.00881	0.01212
14	0.01345	0.01266	0.02136	0.73264	0.04904	0.01582	0.01978	0.01819	0.01424	0.01819	0.01266	0.01898	0.00949	0.00712	0.00712	0.00237	0.00949	0.00633	0.00316	0.00791
15	0.07121	0.01701	0.01866	0.01598	0.05488	0.07743	0.01228	0.24580	0.04674	0.29249	0.02095	0.03930	0.01487	0.00885	0.00746	0.00220	0.02893	0.00682	0.00700	0.01115
16	0.01164	0.00997	0.01434	0.01913	0.20784	0.00947	0.01141	0.01431	0.01581	0.02058	0.04337	0.17262	0.26980	0.01576	0.00841	0.00257	0.00563	0.13403	0.00573	0.00757
17	0.08717	0.02278	0.01925	0.04313	0.07818	0.31217	0.03811	0.02876	0.19948	0.04666	0.01899	0.01974	0.03874	0.00821	0.00672	0.00212	0.00920	0.00628	0.00495	0.00936
18	0.01345	0.01266	0.02136	0.73264	0.04904	0.01582	0.01978	0.01819	0.01424	0.01819	0.01266	0.01898	0.00949	0.00712	0.00712	0.00237	0.00949	0.00633	0.00316	0.00791
19	0.01736	0.01657	0.02783	0.08642	0.63192	0.01688	0.02124	0.02235	0.04705	0.02324	0.01406	0.01812	0.01164	0.00655	0.00706	0.00215	0.00840	0.00642	0.00367	0.01106
20	0.00854	0.00720	0.00731	0.00729	0.00958	0.00607	0.00541	0.01033	0.01614	0.01933	0.09048	0.06721	0.65656	0.04548	0.00946	0.00257	0.00372	0.01478	0.00657	0.00597
21	0.00887	0.00723	0.00784	0.00769	0.00990	0.00620	0.00577	0.01110	0.01730	0.02178	0.24364	0.06435	0.52936	0.01709	0.00841	0.00236	0.00354	0.01444	0.00695	0.00620
22	0.01020	0.00688	0.00777	0.00786	0.00797	0.00681	0.00447	0.01033	0.01075	0.01424	0.02518	0.08352	0.05247	0.68460	0.03379	0.00653	0.00664	0.01104	0.00452	0.00445
23	0.01558	0.01558	0.02181	0.01869	0.01869	0.02181	0.01558	0.01714	0.01091	0.01714	0.00935	0.01558	0.00935	0.01246	0.02337	0.00312	0.73672	0.00623	0.00312	0.00779
24	0.02877	0.01208	0.01582	0.01235	0.01736	0.01092	0.01012	0.08582	0.02115	0.56298	0.08004	0.02606	0.02111	0.00922	0.00713	0.00217	0.00584	0.00752	0.05215	0.01139
25	0.80005	0.01377	0.01047	0.00936	0.01377	0.01597	0.00771	0.02093	0.01212	0.03195	0.00991	0.01157	0.00771	0.00661	0.00441	0.00220	0.00551	0.00386	0.00441	0.00771
26	0.01477	0.01266	0.01477	0.01055	0.01687	0.00949	0.00844	0.01793	0.01477	0.02320	0.01266	0.01477	0.01055	0.00527	0.00527	0.00105	0.00527	0.00422	0.00422	0.79328
27	0.01771	0.01530	0.01610	0.01449	0.01852	0.01771	0.01127	0.03784	0.69247	0.02979	0.02898	0.02657	0.02174	0.00966	0.00725	0.00242	0.00564	0.00805	0.00725	0.01127
28	0.02660	0.03394	0.02018	0.01834	0.02201	0.72116	0.01376	0.02843	0.02018	0.01743	0.01101	0.01284	0.00917	0.00734	0.00642	0.00183	0.01284	0.00459	0.00367	0.00825
29	0.02707	0.01995	0.02137	0.01638	0.02208	0.02208	0.01353	0.68159	0.03348	0.04488	0.01710	0.01710	0.01211	0.00855	0.00712	0.00214	0.00784	0.00641	0.00712	0.01211
30	0.80005	0.01377	0.01047	0.00936	0.01377	0.01597	0.00771	0.02093	0.01212	0.03195	0.00991	0.01157	0.00771	0.00661	0.00441	0.00220	0.00551	0.00386	0.00441	0.00771
31	0.01762	0.01692	0.02890	0.04371	0.70533	0.01692	0.02185	0.02185	0.01621	0.02326	0.01339	0.01762	0.01128	0.00634	0.00705	0.00211	0.00846	0.00634	0.00352	0.01128
32	0.01771	0.01530	0.01610	0.01449	0.01852	0.01771	0.01127	0.03784	0.69247	0.02979	0.02898	0.02657	0.02174	0.00966	0.00725	0.00242	0.00564	0.00805	0.00725	0.01127
33	0.01018	0.00758	0.01121	0.01121	0.01240	0.00877	0.00861	0.01256	0.01137	0.01636	0.01929	0.02916	0.01832	0.09793	0.67772	0.01115	0.01829	0.00780	0.00385	0.00623
34	0.01654	0.01718	0.02167	0.01866	0.01898	0.08292	0.01542	0.01812	0.01172	0.01716	0.00949	0.01534	0.00933	0.01202	0.02189	0.00300	0.67347	0.00609	0.00316	0.00783
35	0.03195	0.01212	0.01652	0.01267	0.01818	0.01047	0.01047	0.03470	0.02038	0.71026	0.02809	0.02424	0.01763	0.00881	0.00716	0.00220	0.00606	0.00716	0.00881	0.01212
36	0.00984	0.00703	0.00960	0.01125	0.01217	0.00679	0.00864	0.01193	0.01478	0.01948	0.03860	0.46815	0.04455	0.02121	0.00940	0.00305	0.00514	0.28569	0.00659	0.00611
37	0.01439	0.03610	0.68487	0.02070	0.03109	0.01660	0.05356	0.02256	0.01511	0.02256	0.01285	0.01521	0.00909	0.00673	0.00683	0.00226	0.01059	0.00539	0.00303	0.01049
38	0.01508	0.01376	0.02221	0.59352	0.12111	0.01648	0.01948	0.07515	0.01610	0.02104	0.01312	0.01867	0.00992	0.00715	0.00711	0.00232	0.00923	0.00634	0.00354	0.00865
39	0.01021	0.00698	0.00842	0.00853	0.00878	0.00717	0.00525	0.01073	0.01076	0.01456	0.02299	0.09010	0.02593	0.58281	0.15090	0.00741	0.00879	0.01055	0.00438	0.00476
40	0.00958	0.00707	0.00925	0.01052	0.01170	0.00674	0.00803	0.01161	0.01480	0.01923	0.04326	0.38501	0.15546	0.02250	0.04896	0.00340	0.00562	0.21472	0.00644	0.00609
41	0.04541	0.02042	0.03992	0.01975	0.07990	0.14828	0.09631	0.16865	0.18641	0.07060	0.01923	0.04074	0.01485	0.00841	0.00715	0.00221	0.00858	0.00707	0.00567	0.01045
42	0.03160	0.01268	0.01687	0.01294	0.01846	0.01130	0.01069	0.08107	0.02132	0.66257	0.02730	0.02372	0.01723	0.00879	0.00716	0.00220	0.00619	0.00711	0.00869	0.01212
43	0.01750	0.01755	0.04818	0.04255	0.66196	0.01695	0.04642	0.02191	0.01620	0.02323	0.01341	0.01761	0.01120	0.00634	0.00709	0.00213	0.00865	0.00639	0.00351	0.01120
44	0.02651	0.01967	0.02106	0.01627	0.02187	0.02182	0.01340	0.64341	0.07256	0.04398	0.01780	0.01766	0.01268	0.00861	0.00713	0.00215	0.00771	0.00651	0.00713	0.01206
45	0.73507	0.01429	0.01138	0.00995	0.01447	0.01649	0.00820	0.07647	0.01391	0.03303	0.01052	0.01203	0.00808	0.00677	0.00463	0.00220	0.00570	0.00407	0.00463	0.00808
46	0.01013	0.00731	0.00959	0.00912	0.01079	0.00677	0.00690	0.01349	0.02001	0.02828	0.67631	0.05422	0.06619	0.01475	0.00845	0.00228	0.00348	0.03740	0.00779	0.00671
47	0.01017	0.00763	0.01144	0.01144	0.01272	0.00890	0.00890	0.01272	0.01144	0.01653	0.01907	0.02797	0.01780	0.05340	0.72153	0.01144	0.01907	0.00763	0.00381	0.00636
48	0.01327	0.00664	0.00664	0.00664	0.00830	0.00664	0.00498	0.01659	0.01493	0.02655	0.02323	0.02655	0.01825	0.00830	0.00498	0.00166	0.00332	0.00664	0.78928	0.00664
49	0.76488	0.01370	0.01074	0.00952	0.01397	0.01572	0.00784	0.02156	0.01250	0.06301	0.01075	0.01215	0.00817	0.00671	0.00453	0.00220	0.00553	0.00401	0.00461	0.00791
50	0.01477	0.01266	0.01477	0.01055	0.01687	0.00949	0.00844	0.01793	0.01477	0.02320	0.01266	0.01477	0.01055	0.00527	0.00527	0.00105	0.00527	0.00422	0.00422	0.79328
51	0.00868	0.00620	0.00826	0.00991	0.01033	0.00578	0.00661	0.00991	0.01363	0.01818	0.03925	0.74510	0.04710	0.02231	0.00909	0.00289	0.00413	0.02024	0.00661	0.00578
52	0.01762	0.01692	0.02890	0.04371	0.70533	0.01692	0.02185	0.02185	0.01621	0.02326	0.01339	0.01762	0.01128	0.00634	0.00705	0.00211	0.00846	0.00634	0.00352	0.01128
53	0.00891	0.00636	0.00853	0.01018	0.01070	0.00599	0.00702	0.01032	0.01386	0.01844	0.03912	0.68922	0.04658	0.02209	0.00915	0.00292	0.00434	0.07381	0.00661	0.00585
54	0.00868	0.00620	0.00826	0.00991	0.01033	0.00578	0.00661	0.00991	0.01363	0.01818	0.03925	0.74510	0.04710	0.02231	0.00909	0.00289	0.00413	0.02024	0.00661	0.00578
55	0.03019	0.01173	0.01596	0.01237	0.01757	0.01017	0.01017	0.03300	0.02036	0.65557	0.08213	0.02656	0.02160	0.00927	0.00726	0.00221	0.00584	0.00762	0.00874	0.01168
56	0.04850	0.01693	0.01690	0.01437	0.01869	0.08346	0.01137	0.18061	0.31373	0.10849	0.08940	0.02492	0.02184	0.00946	0.00714	0.00225	0.00664	0.00757	0.00701	0.01071
57	0.01428	0.03683	0.71286	0.02030	0.03082	0.01654	0.02631	0.02255	0.01503	0.02255	0.01278	0.01503	0.00902	0.00677	0.00677	0.00226	0.01052	0.00526	0.00301	0.01052
58	0.00984	0.00727	0.00918	0.00870	0.01049	0.00662	0.00653	0.01297	0.01959	0.02720	0.61016	0.05542	0.15945	0.01506	0.00840	0.00226	0.00340	0.01319	0.00766	0.00662
59	0.01026	0.00727	0.00961	0.00961	0.01024	0.00790	0.00661	0.01154	0.01090	0.01517	0.02075	0.03727	0.02184	0.40100	0.37946	0.00918	0.01300	0.00899	0.00406	0.00534
60	0.02160	0.02501	0.02525	0.04345	0.12733	0.34732	0.11965	0.04875	0.01789	0.02014	0.01190	0.01532	0.00989	0.00784	0.00960	0.00220	0.12837	0.00583	0.00366	0.00898
61	0.01762	0.01692	0.02890	0.04371	0.70533	0.01692	0.02185	0.02185	0.01621	0.02326	0.01339	0.01762	0.01128	0.00634	0.00705	0.00211	0.00846	0.00634	0.00352	0.01128
62	0.02253	0.01294	0.01483	0.01229	0.01635	0.01335	0.01002	0.23974	0.05750	0.20315	0.02395	0.02740	0.01818	0.00953	0.00675	0.00213	0.00587	0.06147	0.23198	0.01003
63	0.02549	0.03215	0.02028	0.07839	0.02429	0.66187	0.01426	0.02757	0.01968	0.01749	0.01115	0.01336	0.00920	0.00732	0.00648	0.00188	0.01256	0.00473	0.00363	0.00823
64	0.06232	0.22499	0.23131	0.01900	0.06331	0.02057	0.09528	0.13102	0.01823	0.05140	0.01335	0.01518	0.01015	0.00683	0.00632	0.00204	0.00890	0.00548	0.00409	0.01024
65	0.01553	0.01478	0.02325	0.43897	0.18982	0.04053	0.04413	0.05344	0.01585	0.02082	0.01407	0.04858	0.01163	0.00778	0.00771	0.00233	0.03136	0.00693	0.00363	0.00886
66	0.73439	0.07600	0.01272	0.00960	0.01415	0.01700	0.00809	0.02096	0.01232	0.03067	0.00991	0.01156	0.00783	0.00657	0.00442	0.00215	0.00569	0.00385	0.00429	0.00783
67	0.01641	0.01417	0.01486	0.01347	0.01727	0.01607	0.01045	0.03397	0.59789	0.02831	0.03502	0.03244	0.11694	0.01083	0.00741	0.00241	0.00535	0.00903	0.00716	0.01054
68	0.01663	0.01577	0.07570	0.01311	0.01975	0.01186	0.04796	0.08616	0.01697	0.04738	0.01371	0.01558	0.01082	0.00588	0.00582	0.00138	0.00637	0.00486	0.00452	0.57976
69	0.01327	0.00664	0.00664	0.00664	0.00830	0.00664	0.00498	0.01659	0.01493	0.02655	0.02323	0.02655	0.01825	0.00830	0.00498	0.00166	0.00332	0.00664	0.78928	0.00664
70	0.01904	0.75404	0.03731	0.01218	0.01828	0.02818	0.01218	0.02132	0.01447	0.01675	0.00990	0.01142	0.00914	0.00609	0.00457	0.00152	0.00761	0.00381	0.00305	0.00914
71	0.00868	0.00620	0.00826	0.00991	0.01033	0.00578	0.00661	0.00991	0.01363	0.01818	0.03925	0.74510	0.04710	0.02231	0.00909	0.00289	0.00413	0.02024	0.00661	0.00578
72	0.01147	0.00759	0.00955	0.00900	0.01104	0.00682	0.00677	0.01431	0.01887	0.08319	0.46721	0.10931	0.18717	0.01538	0.00835	0.00232	0.00370	0.01341	0.00758	0.00696
73	0.01771	0.01530	0.01610	0.01449	0.01852	0.01771	0.01127	0.03784	0.69247	0.02979	0.02898	0.02657	0.02174	0.00966	0.00725	0.00242	0.00564	0.00805	0.00725	0.01127
74	0.80005	0.01377	0.01047	0.00936	0.01377	0.01597	0.00771	0.02093	0.01212	0.03195	0.00991	0.01157	0.00771	0.00661	0.00441	0.00220	0.00551	0.00386	0.00441	0.00771
75	0.01468	0.09712	0.65607	0.01961	0.02976	0.01752	0.02512	0.02245	0.01499	0.02206	0.01254	0.01473	0.00903	0.00671	0.00658	0.00219	0.01028	0.00514	0.00301	0.01041
76	0.01468	0.09712	0.65607	0.01961	0.02976	0.01752	0.02512	0.02245	0.01499	0.02206	0.01254	0.01473	0.00903	0.00671	0.00658	0.00219	0.01028	0.00514	0.00301	0.01041
77	0.01351	0.01263	0.02103	0.63889	0.07324	0.01556	0.01899	0.01804	0.01454	0.01895	0.05102	0.02072	0.01278	0.00769	0.00775	0.00238	0.03418	0.00669	0.00344	0.00798
78	0.01803	0.01785	0.02288	0.09334	0.37165	0.11835	0.01716	0.07399	0.04129	0.02334	0.02203	0.02443	0.10791	0.00848	0.00717	0.00215	0.00836	0.00737	0.00436	0.00987
79	0.01148	0.00927	0.01138	0.01102	0.01181	0.04191	0.00799	0.01294	0.01138	0.01560	0.01910	0.03320	0.01970	0.31031	0.36785	0.00855	0.07838	0.00839	0.00393	0.00580
80	0.15429	0.01308	0.01563	0.01234	0.01738	0.01267	0.01013	0.12116	0.02085	0.44978	0.08007	0.02361	0.01940	0.00890	0.00681	0.00220	0.00599	0.00700	0.00778	0.01095
81	0.01736	0.11747	0.04452	0.01827	0.12520	0.12414	0.03729	0.11472	0.01877	0.02309	0.02890	0.11488	0.16409	0.01124	0.00721	0.00217	0.00756	0.00933	0.00503	0.00875

[dist]
# distance from previous block
# <min> <max>
0	26

[block]
# block no. 5 follows, 29 sequences, length 91
# corresponding to MSA columns:
# 408-498
name=unknown_F
#
# <colnr> <probs for GDERKNQSTAVLIFYWHMCP>
#	G	D	E	R	K	N	Q	S	T	A	V	L	I	F	Y	W	H	M	C	P
0	0.19119	0.01861	0.01602	0.01307	0.01804	0.17528	0.01037	0.12191	0.01891	0.08612	0.03884	0.01620	0.01253	0.00717	0.00590	0.00179	0.00743	0.00512	0.00510	0.23040
1	0.01629	0.02644	0.38443	0.01693	0.02432	0.03659	0.01879	0.14790	0.01893	0.02673	0.07153	0.06757	0.01730	0.01040	0.03310	0.00252	0.00905	0.00710	0.00456	0.05954
2	0.33694	0.15575	0.01864	0.01271	0.01695	0.12278	0.03702	0.03980	0.04718	0.02500	0.01539	0.08961	0.01436	0.00888	0.00579	0.00215	0.00724	0.03110	0.00452	0.00819
3	0.02021	0.06143	0.06444	0.01817	0.06305	0.20565	0.03659	0.09246	0.23790	0.02493	0.01878	0.03907	0.01509	0.01034	0.03480	0.00254	0.03279	0.00673	0.00515	0.00988
4	0.01705	0.01365	0.01884	0.05903	0.02165	0.01147	0.08942	0.04474	0.01621	0.09033	0.01453	0.01657	0.01126	0.00594	0.00601	0.00145	0.00651	0.00522	0.00463	0.54548
5	0.02897	0.01609	0.01889	0.01457	0.02011	0.01647	0.01201	0.35282	0.05404	0.35562	0.02272	0.02082	0.01508	0.00872	0.00715	0.00218	0.00692	0.00683	0.00792	0.01208
6	0.04851	0.08793	0.02251	0.01869	0.08578	0.21064	0.03427	0.19432	0.04489	0.11273	0.01551	0.01646	0.01166	0.00774	0.00712	0.00202	0.03235	0.00573	0.00527	0.03587
7	0.01544	0.01539	0.02178	0.06392	0.02062	0.02143	0.01584	0.01720	0.01112	0.01720	0.00956	0.01579	0.00936	0.01212	0.02234	0.00307	0.69065	0.00624	0.00312	0.00780
8	0.00968	0.00708	0.00909	0.00897	0.01049	0.00649	0.00658	0.01253	0.01866	0.02590	0.52929	0.17639	0.11981	0.01623	0.00852	0.00237	0.00352	0.01436	0.00751	0.00649
9	0.02944	0.01613	0.01901	0.01458	0.02018	0.01643	0.01204	0.36664	0.02710	0.36883	0.02245	0.02057	0.01480	0.00868	0.00714	0.00217	0.00697	0.00678	0.00795	0.01211
10	0.01327	0.00664	0.00664	0.00664	0.00830	0.00664	0.00498	0.01659	0.01493	0.02655	0.02323	0.02655	0.01825	0.00830	0.00498	0.00166	0.00332	0.00664	0.78928	0.00664
11	0.01919	0.01603	0.01693	0.01479	0.01908	0.01840	0.01163	0.13959	0.58830	0.03217	0.02710	0.02507	0.02021	0.00948	0.00723	0.00237	0.00598	0.00779	0.00723	0.01140
12	0.00994	0.00727	0.00932	0.00881	0.01055	0.00666	0.00661	0.01316	0.01982	0.02776	0.64757	0.05451	0.12170	0.01486	0.00840	0.00225	0.00338	0.01306	0.00773	0.00666
13	0.01428	0.03683	0.71286	0.02030	0.03082	0.01654	0.02631	0.02255	0.01503	0.02255	0.01278	0.01503	0.00902	0.00677	0.00677	0.00226	0.01052	0.00526	0.00301	0.01052
14	0.01147	0.00820	0.01147	0.01311	0.01475	0.00820	0.01147	0.01475	0.01639	0.02131	0.03770	0.08032	0.04098	0.01967	0.00984	0.00328	0.00656	0.65741	0.00656	0.00656
15	0.02002	0.01341	0.01513	0.01313	0.01714	0.01448	0.01033	0.05437	0.41466	0.17735	0.10246	0.02870	0.02537	0.00991	0.00723	0.00230	0.00542	0.00826	0.04962	0.01073
16	0.02621	0.02170	0.02076	0.01632	0.02174	0.13179	0.01325	0.53631	0.03019	0.03916	0.01585	0.01628	0.01155	0.00815	0.00690	0.00202	0.00846	0.00598	0.00639	0.06098
17	0.00920	0.00685	0.00856	0.00897	0.01031	0.00621	0.00641	0.01142	0.01683	0.02263	0.31647	0.32462	0.18885	0.01827	0.00867	0.00253	0.00371	0.01617	0.00711	0.00621
18	0.02297	0.02771	0.06192	0.02048	0.02553	0.39361	0.16157	0.09046	0.08442	0.02270	0.01415	0.01608	0.01100	0.00735	0.00702	0.00207	0.01137	0.00597	0.00429	0.00933
19	0.01991	0.06859	0.06236	0.03705	0.02047	0.21105	0.01278	0.05299	0.28578	0.04812	0.06799	0.02358	0.04069	0.00906	0.00692	0.00216	0.00805	0.00706	0.00566	0.00973
20	0.01587	0.01575	0.04343	0.01244	0.01767	0.08173	0.01017	0.02153	0.12001	0.02302	0.01875	0.04697	0.04630	0.00774	0.00671	0.00160	0.03286	0.00609	0.00475	0.46661
21	0.01031	0.00754	0.01102	0.01102	0.01222	0.00868	0.00845	0.01272	0.01152	0.01676	0.01945	0.02910	0.01833	0.09569	0.64911	0.01076	0.01766	0.00776	0.03565	0.00624
22	0.01510	0.14437	0.59015	0.01979	0.04948	0.01830	0.02404	0.02234	0.01498	0.02170	0.01236	0.01457	0.00911	0.00665	0.00644	0.00214	0.01002	0.00508	0.00303	0.01034
23	0.01008	0.00728	0.00952	0.00896	0.01064	0.00672	0.00672	0.01344	0.02016	0.02855	0.70158	0.05319	0.06719	0.01456	0.00840	0.00224	0.00336	0.01288	0.00784	0.00672
24	0.06843	0.01220	0.01624	0.01251	0.01797	0.01073	0.01033	0.03405	0.01999	0.67805	0.02723	0.02363	0.01716	0.00871	0.00703	0.00220	0.00603	0.00700	0.00860	0.01191
25	0.00970	0.00726	0.00899	0.00856	0.01040	0.00656	0.00642	0.01270	0.01926	0.02642	0.55744	0.05670	0.21266	0.01535	0.00840	0.00228	0.00342	0.01337	0.00756	0.00656
26	0.00842	0.00721	0.00721	0.00721	0.00962	0.00601	0.00541	0.01022	0.01623	0.01924	0.07213	0.06853	0.70244	0.01803	0.00842	0.00240	0.00361	0.01503	0.00661	0.00601
27	0.01904	0.75404	0.03731	0.01218	0.01828	0.02818	0.01218	0.02132	0.01447	0.01675	0.00990	0.01142	0.00914	0.00609	0.00457	0.00152	0.00761	0.00381	0.00305	0.00914
28	0.01428	0.03683	0.71286	0.02030	0.03082	0.01654	0.02631	0.02255	0.01503	0.02255	0.01278	0.01503	0.00902	0.00677	0.00677	0.00226	0.01052	0.00526	0.00301	0.01052
29	0.00847	0.00722	0.00729	0.00727	0.00965	0.00603	0.00545	0.01032	0.01636	0.01954	0.09270	0.06803	0.68169	0.01792	0.00842	0.00240	0.00360	0.01496	0.00665	0.00603
30	0.01681	0.01921	0.04202	0.03001	0.03721	0.01801	0.67947	0.02281	0.01681	0.02281	0.01441	0.01921	0.01080	0.00600	0.00840	0.00240	0.01200	0.00840	0.00360	0.00960
31	0.01131	0.00971	0.01681	0.01537	0.01766	0.00923	0.16008	0.01421	0.01514	0.02012	0.03319	0.39182	0.03715	0.01787	0.00915	0.00289	0.00660	0.19892	0.00591	0.00687
32	0.00907	0.00697	0.00839	0.00922	0.01070	0.00629	0.00683	0.01098	0.01554	0.01978	0.09804	0.32663	0.31349	0.01966	0.00888	0.00271	0.00422	0.10987	0.00669	0.00605
33	0.09422	0.01433	0.02359	0.42994	0.22111	0.01627	0.06090	0.01975	0.01472	0.02124	0.01269	0.01788	0.00988	0.00679	0.00691	0.00229	0.00897	0.00621	0.00341	0.00890
34	0.01904	0.75404	0.03731	0.01218	0.01828	0.02818	0.01218	0.02132	0.01447	0.01675	0.00990	0.01142	0.00914	0.00609	0.00457	0.00152	0.00761	0.00381	0.00305	0.00914
35	0.01518	0.01431	0.01565	0.08331	0.04273	0.09368	0.01061	0.01868	0.03734	0.02200	0.07804	0.09559	0.01959	0.00875	0.00701	0.00172	0.03142	0.00720	0.00467	0.39253
36	0.33022	0.01838	0.02473	0.01890	0.02448	0.07633	0.26246	0.11623	0.01760	0.02913	0.01272	0.01534	0.00963	0.00672	0.00647	0.00224	0.00890	0.00600	0.00443	0.00910
37	0.01345	0.01266	0.02136	0.73264	0.04904	0.01582	0.01978	0.01819	0.01424	0.01819	0.01266	0.01898	0.00949	0.00712	0.00712	0.00237	0.00949	0.00633	0.00316	0.00791
38	0.80005	0.01377	0.01047	0.00936	0.01377	0.01597	0.00771	0.02093	0.01212	0.03195	0.00991	0.01157	0.00771	0.00661	0.00441	0.00220	0.00551	0.00386	0.00441	0.00771
39	0.01237	0.00618	0.00928	0.00928	0.00928	0.00618	0.00618	0.00928	0.00928	0.01237	0.01237	0.02165	0.01237	0.02474	0.02783	0.79283	0.00618	0.00618	0.00309	0.00309
40	0.03195	0.01212	0.01652	0.01267	0.01818	0.01047	0.01047	0.03470	0.02038	0.71026	0.02809	0.02424	0.01763	0.00881	0.00716	0.00220	0.00606	0.00716	0.00881	0.01212
41	0.01237	0.00618	0.00928	0.00928	0.00928	0.00618	0.00618	0.00928	0.00928	0.01237	0.01237	0.02165	0.01237	0.02474	0.02783	0.79283	0.00618	0.00618	0.00309	0.00309
42	0.01830	0.01559	0.01643	0.01461	0.01874	0.01799	0.01141	0.07862	0.65073	0.03074	0.02823	0.02597	0.02113	0.00959	0.00724	0.00240	0.00577	0.00795	0.00724	0.01132
43	0.01345	0.01266	0.02136	0.73264	0.04904	0.01582	0.01978	0.01819	0.01424	0.01819	0.01266	0.01898	0.00949	0.00712	0.00712	0.00237	0.00949	0.00633	0.00316	0.00791
44	0.03195	0.01212	0.01652	0.01267	0.01818	0.01047	0.01047	0.03470	0.02038	0.71026	0.02809	0.02424	0.01763	0.00881	0.00716	0.00220	0.00606	0.00716	0.00881	0.01212
45	0.00930	0.00653	0.00815	0.00906	0.00950	0.00621	0.00583	0.01030	0.01309	0.01748	0.07772	0.45054	0.06549	0.25623	0.01778	0.00413	0.00496	0.01639	0.00595	0.00538
46	0.00868	0.00620	0.00826	0.00991	0.01033	0.00578	0.00661	0.00991	0.01363	0.01818	0.03925	0.74510	0.04710	0.02231	0.00909	0.00289	0.00413	0.02024	0.00661	0.00578
47	0.80005	0.01377	0.01047	0.00936	0.01377	0.01597	0.00771	0.02093	0.01212	0.03195	0.00991	0.01157	0.00771	0.00661	0.00441	0.00220	0.00551	0.00386	0.00441	0.00771
48	0.00884	0.00666	0.00818	0.00901	0.01018	0.00600	0.00630	0.01058	0.01543	0.02019	0.15846	0.44423	0.23038	0.01985	0.00879	0.00265	0.00386	0.01759	0.00681	0.00600
