[name]
unknown

[dist]
# distance from previous block
# <min> <max>
8	373

[block]
# block no. 0 follows, 30 sequences, length 63
# corresponding to MSA columns:
# 392-454
name=unknown_A
#
# <colnr> <probs for GDERKNQSTAVLIFYWHMCP>
#	G	D	E	R	K	N	Q	S	T	A	V	L	I	F	Y	W	H	M	C	P
0	0.01650	0.01413	0.01611	0.01416	0.01797	0.01595	0.04585	0.03334	0.57343	0.02856	0.07842	0.02762	0.02390	0.00957	0.00712	0.00231	0.00556	0.00819	0.05094	0.01037
1	0.01209	0.00663	0.00967	0.00950	0.00962	0.00691	0.00654	0.00957	0.00954	0.01274	0.01504	0.02330	0.04857	0.02322	0.02603	0.71078	0.04709	0.00652	0.00321	0.00344
2	0.01313	0.04611	0.00824	0.00692	0.00877	0.00762	0.00534	0.01633	0.01490	0.02562	0.06038	0.02670	0.02010	0.00836	0.00504	0.00165	0.00348	0.00670	0.70797	0.00664
3	0.02609	0.01874	0.02068	0.05381	0.02282	0.02068	0.01342	0.61614	0.03110	0.08020	0.01713	0.01724	0.01203	0.00832	0.00698	0.00211	0.00767	0.00632	0.00687	0.01165
4	0.00906	0.04657	0.00859	0.00729	0.00980	0.00707	0.00563	0.01094	0.01574	0.01912	0.06480	0.06191	0.63299	0.01652	0.00786	0.00227	0.00373	0.01369	0.05032	0.00609
5	0.71822	0.01338	0.01141	0.08827	0.01725	0.01564	0.00884	0.02022	0.01210	0.02985	0.01001	0.01212	0.00775	0.00653	0.00461	0.00218	0.00582	0.00404	0.00419	0.00758
6	0.00980	0.00713	0.00922	0.00870	0.01038	0.00655	0.00652	0.01302	0.01957	0.02756	0.67788	0.05283	0.09577	0.01442	0.00823	0.00220	0.00330	0.01272	0.00763	0.00655
7	0.00850	0.00607	0.00810	0.00972	0.01012	0.00567	0.00648	0.00972	0.01336	0.01781	0.03846	0.75020	0.04615	0.02186	0.00891	0.00283	0.00405	0.01984	0.00648	0.00567
8	0.00997	0.00748	0.01121	0.01121	0.01246	0.00872	0.00872	0.01246	0.01121	0.01620	0.01869	0.02741	0.01745	0.05234	0.72710	0.01121	0.01869	0.00748	0.00374	0.00623
9	0.01647	0.01882	0.04118	0.02941	0.03647	0.01765	0.68588	0.02235	0.01647	0.02235	0.01412	0.01882	0.01059	0.00588	0.00824	0.00235	0.01176	0.00824	0.00353	0.00941
10	0.01647	0.01882	0.04118	0.02941	0.03647	0.01765	0.68588	0.02235	0.01647	0.02235	0.01412	0.01882	0.01059	0.00588	0.00824	0.00235	0.01176	0.00824	0.00353	0.00941
11	0.01647	0.01882	0.04118	0.02941	0.03647	0.01765	0.68588	0.02235	0.01647	0.02235	0.01412	0.01882	0.01059	0.00588	0.00824	0.00235	0.01176	0.00824	0.00353	0.00941
12	0.02545	0.03062	0.02054	0.01965	0.07345	0.60219	0.01406	0.09397	0.02080	0.02022	0.01156	0.01336	0.00943	0.00724	0.00641	0.00185	0.01177	0.00480	0.00393	0.00869
13	0.01647	0.01882	0.04118	0.02941	0.03647	0.01765	0.68588	0.02235	0.01647	0.02235	0.01412	0.01882	0.01059	0.00588	0.00824	0.00235	0.01176	0.00824	0.00353	0.00941
14	0.01413	0.01203	0.01423	0.01040	0.01623	0.00926	0.00830	0.01719	0.01423	0.02225	0.01288	0.01544	0.01087	0.00872	0.05947	0.00180	0.00619	0.00439	0.00410	0.73791
15	0.01200	0.00899	0.01168	0.01262	0.01455	0.00931	0.01064	0.01778	0.12594	0.02261	0.08608	0.09952	0.03934	0.01744	0.00909	0.00298	0.00593	0.47972	0.00663	0.00714
16	0.01866	0.75896	0.03657	0.01194	0.01791	0.02761	0.01194	0.02090	0.01418	0.01642	0.00970	0.01119	0.00896	0.00597	0.00448	0.00149	0.00746	0.00373	0.00299	0.00896
17	0.03131	0.01188	0.01619	0.01242	0.01781	0.01026	0.01026	0.03401	0.01997	0.71606	0.02753	0.02375	0.01727	0.00864	0.00702	0.00216	0.00594	0.00702	0.00864	0.01188
18	0.00850	0.00607	0.00810	0.00972	0.01012	0.00567	0.00648	0.00972	0.01336	0.01781	0.03846	0.75020	0.04615	0.02186	0.00891	0.00283	0.00405	0.01984	0.00648	0.00567
19	0.01647	0.01882	0.04118	0.02941	0.03647	0.01765	0.68588	0.02235	0.01647	0.02235	0.01412	0.01882	0.01059	0.00588	0.00824	0.00235	0.01176	0.00824	0.00353	0.00941
20	0.03131	0.01188	0.01619	0.01242	0.01781	0.01026	0.01026	0.03401	0.01997	0.71606	0.02753	0.02375	0.01727	0.00864	0.00702	0.00216	0.00594	0.00702	0.00864	0.01188
21	0.00997	0.00748	0.01121	0.01121	0.01246	0.00872	0.00872	0.01246	0.01121	0.01620	0.01869	0.02741	0.01745	0.05234	0.72710	0.01121	0.01869	0.00748	0.00374	0.00623
22	0.00845	0.00708	0.00734	0.00728	0.00955	0.00598	0.00546	0.01040	0.01637	0.01996	0.14825	0.06533	0.63014	0.01726	0.00825	0.00234	0.00351	0.01447	0.00663	0.00598
23	0.01301	0.00650	0.00650	0.00650	0.00813	0.00650	0.00488	0.01626	0.01463	0.02602	0.02276	0.02602	0.01789	0.00813	0.00488	0.00163	0.00325	0.00650	0.79350	0.00650
24	0.03131	0.01188	0.01619	0.01242	0.01781	0.01026	0.01026	0.03401	0.01997	0.71606	0.02753	0.02375	0.01727	0.00864	0.00702	0.00216	0.00594	0.00702	0.00864	0.01188
25	0.00988	0.00713	0.00933	0.00878	0.01043	0.00658	0.00658	0.01317	0.01975	0.02798	0.70754	0.05213	0.06584	0.01427	0.00823	0.00219	0.00329	0.01262	0.00768	0.00658
26	0.01647	0.01882	0.04118	0.02941	0.03647	0.01765	0.68588	0.02235	0.01647	0.02235	0.01412	0.01882	0.01059	0.00588	0.00824	0.00235	0.01176	0.00824	0.00353	0.00941
27	0.00850	0.00607	0.00810	0.00972	0.01012	0.00567	0.00648	0.00972	0.01336	0.01781	0.03846	0.75020	0.04615	0.02186	0.00891	0.00283	0.00405	0.01984	0.00648	0.00567
28	0.01866	0.75896	0.03657	0.01194	0.01791	0.02761	0.01194	0.02090	0.01418	0.01642	0.00970	0.01119	0.00896	0.00597	0.00448	0.00149	0.00746	0.00373	0.00299	0.00896
29	0.01727	0.01658	0.02832	0.04283	0.71123	0.01658	0.02142	0.02142	0.01589	0.02280	0.01313	0.01727	0.01105	0.00622	0.00691	0.00207	0.00829	0.00622	0.00345	0.01105
30	0.10922	0.04036	0.04517	0.01367	0.01845	0.06305	0.01155	0.40070	0.02501	0.03582	0.01633	0.01736	0.01212	0.00790	0.00616	0.00198	0.00701	0.00581	0.15232	0.01000
31	0.01527	0.01527	0.02137	0.01832	0.01832	0.02137	0.01527	0.01679	0.01069	0.01679	0.00916	0.01527	0.00916	0.01221	0.02290	0.00305	0.74198	0.00611	0.00305	0.00763
32	0.02329	0.01804	0.02077	0.07097	0.08338	0.02007	0.01407	0.47765	0.13521	0.03787	0.01796	0.01840	0.01310	0.00826	0.00699	0.00215	0.00751	0.00653	0.00641	0.01136
33	0.03112	0.01218	0.01638	0.01256	0.01797	0.01071	0.01038	0.05997	0.02048	0.68938	0.02710	0.02347	0.01706	0.00863	0.00702	0.00216	0.00601	0.00699	0.00857	0.01188
34	0.03095	0.01245	0.01655	0.01269	0.01810	0.01111	0.01048	0.08319	0.02094	0.66551	0.02672	0.02323	0.01687	0.00862	0.00701	0.00215	0.00607	0.00696	0.00851	0.01188
35	0.01212	0.00606	0.00909	0.00909	0.00909	0.00606	0.00606	0.00909	0.00909	0.01212	0.01212	0.02121	0.01212	0.02424	0.02727	0.79697	0.00606	0.00606	0.00303	0.00303
36	0.01821	0.01405	0.01517	0.01347	0.01745	0.01571	0.01053	0.03471	0.57223	0.10436	0.03149	0.02888	0.07254	0.00999	0.00718	0.00234	0.00542	0.00831	0.00722	0.01075
37	0.02607	0.03326	0.01978	0.01798	0.02157	0.72674	0.01348	0.02787	0.01978	0.01708	0.01079	0.01258	0.00899	0.00719	0.00629	0.00180	0.01258	0.00449	0.00360	0.00809
38	0.00850	0.00607	0.00810	0.00972	0.01012	0.00567	0.00648	0.00972	0.01336	0.01781	0.03846	0.75020	0.04615	0.02186	0.00891	0.00283	0.00405	0.01984	0.00648	0.00567
39	0.80405	0.01350	0.01026	0.00918	0.01350	0.01565	0.00756	0.02051	0.01188	0.03131	0.00972	0.01134	0.00756	0.00648	0.00432	0.00216	0.00540	0.00378	0.00432	0.00756
40	0.01027	0.00845	0.00860	0.00806	0.01078	0.00763	0.00618	0.08497	0.01777	0.02163	0.06473	0.06158	0.63138	0.01665	0.00811	0.00233	0.00399	0.01379	0.00654	0.00655
41	0.00850	0.00607	0.00810	0.00972	0.01012	0.00567	0.00648	0.00972	0.01336	0.01781	0.03846	0.75020	0.04615	0.02186	0.00891	0.00283	0.00405	0.01984	0.00648	0.00567
42	0.00997	0.00748	0.01121	0.01121	0.01246	0.00872	0.00872	0.01246	0.01121	0.01620	0.01869	0.02741	0.01745	0.05234	0.72710	0.01121	0.01869	0.00748	0.00374	0.00623
43	0.01400	0.03610	0.71860	0.01989	0.03020	0.01621	0.02578	0.02210	0.01473	0.02210	0.01252	0.01473	0.00884	0.00663	0.00663	0.00221	0.01031	0.00516	0.00295	0.01031
44	0.02585	0.01976	0.02052	0.01600	0.02139	0.04945	0.01311	0.61473	0.08028	0.04184	0.01736	0.01726	0.01243	0.00841	0.00696	0.00210	0.00772	0.00633	0.00685	0.01166
45	0.01319	0.00752	0.00819	0.00777	0.00948	0.00781	0.00595	0.04261	0.01593	0.02659	0.12230	0.02897	0.02427	0.00923	0.00629	0.00179	0.03784	0.00737	0.61010	0.00678
46	0.22225	0.02008	0.01897	0.01541	0.02018	0.15616	0.06065	0.31480	0.02300	0.03292	0.01448	0.04396	0.01149	0.00802	0.00634	0.00210	0.00821	0.00598	0.00538	0.00961
47	0.01589	0.01763	0.03787	0.02758	0.03404	0.01658	0.61129	0.02148	0.01643	0.02219	0.01664	0.02545	0.01386	0.00736	0.00839	0.00245	0.01117	0.08077	0.00385	0.00908
48	0.01527	0.01122	0.01354	0.01041	0.01551	0.00877	0.00816	0.01806	0.01512	0.09825	0.04464	0.12374	0.01844	0.00832	0.00603	0.00146	0.00502	0.00706	0.00510	0.56586
49	0.01461	0.01387	0.02352	0.49456	0.28028	0.01588	0.02009	0.01909	0.01463	0.01957	0.01266	0.01814	0.00992	0.00671	0.00695	0.00224	0.00895	0.00621	0.00322	0.00891
50	0.01866	0.75896	0.03657	0.01194	0.01791	0.02761	0.01194	0.02090	0.01418	0.01642	0.00970	0.01119	0.00896	0.00597	0.00448	0.00149	0.00746	0.00373	0.00299	0.00896
51	0.03131	0.01188	0.01619	0.01242	0.01781	0.01026	0.01026	0.03401	0.01997	0.71606	0.02753	0.02375	0.01727	0.00864	0.00702	0.00216	0.00594	0.00702	0.00864	0.01188
52	0.00979	0.00685	0.00913	0.00957	0.01027	0.00724	0.00668	0.01131	0.01169	0.01645	0.02513	0.22632	0.02734	0.23333	0.30524	0.00722	0.01064	0.01147	0.04878	0.00555
53	0.02948	0.01147	0.01561	0.01211	0.01718	0.00994	0.00994	0.03223	0.01995	0.65749	0.08542	0.02617	0.02141	0.00912	0.00712	0.00216	0.00571	0.00749	0.00856	0.01143
54	0.01301	0.00650	0.00650	0.00650	0.00813	0.00650	0.00488	0.01626	0.01463	0.02602	0.02276	0.02602	0.01789	0.00813	0.00488	0.00163	0.00325	0.00650	0.79350	0.00650
55	0.00998	0.00745	0.01108	0.01108	0.01228	0.00865	0.00855	0.01237	0.01117	0.01610	0.01882	0.02810	0.01774	0.07875	0.70110	0.01105	0.01824	0.00758	0.00376	0.00616
56	0.01052	0.00849	0.01000	0.03716	0.01264	0.03441	0.00751	0.01412	0.06640	0.02282	0.30976	0.30735	0.09936	0.01645	0.00828	0.00245	0.00433	0.01456	0.00678	0.00662
57	0.02526	0.03191	0.01990	0.01800	0.02133	0.67369	0.01362	0.02703	0.01909	0.01706	0.01066	0.01279	0.00900	0.00757	0.00754	0.00189	0.06745	0.00462	0.00355	0.00806
58	0.11586	0.01348	0.01642	0.01273	0.01805	0.01297	0.01052	0.15401	0.02146	0.51548	0.02356	0.02108	0.01520	0.00835	0.00671	0.00215	0.00620	0.00652	0.00785	0.01140
59	0.10619	0.01560	0.01581	0.01346	0.01761	0.03963	0.01070	0.22572	0.30108	0.03297	0.10175	0.02558	0.04472	0.00956	0.00690	0.00222	0.00606	0.00762	0.00669	0.01012
60	0.01472	0.01370	0.02225	0.45046	0.19549	0.01551	0.03730	0.04362	0.04022	0.02069	0.01555	0.02018	0.03660	0.00725	0.00698	0.00221	0.00857	0.00657	0.00365	0.03847
61	0.42282	0.01537	0.01511	0.01250	0.01715	0.07694	0.05641	0.04467	0.05693	0.15657	0.03318	0.01649	0.01227	0.00731	0.00564	0.00212	0.00659	0.00532	0.00533	0.03129
62	0.06038	0.03690	0.05409	0.01432	0.01869	0.15188	0.03668	0.14504	0.09521	0.10220	0.02491	0.10340	0.08595	0.01029	0.00699	0.00216	0.00749	0.00831	0.00577	0.02935

[dist]
# distance from previous block
# <min> <max>
2	96

[block]
# block no. 1 follows, 30 sequences, length 25
# corresponding to MSA columns:
# 552-576
name=unknown_B
#
# <colnr> <probs for GDERKNQSTAVLIFYWHMCP>
#	G	D	E	R	K	N	Q	S	T	A	V	L	I	F	Y	W	H	M	C	P
0	0.04910	0.01148	0.01429	0.03635	0.09144	0.04087	0.01152	0.08853	0.01778	0.06267	0.06438	0.14513	0.06199	0.01470	0.00823	0.00264	0.00641	0.25858	0.00605	0.00786
1	0.04851	0.02577	0.01794	0.01565	0.01974	0.44639	0.01199	0.10885	0.05973	0.02237	0.01679	0.01778	0.05790	0.00794	0.00637	0.00183	0.00990	0.00555	0.00450	0.09448
2	0.01837	0.01478	0.02205	0.02140	0.18234	0.01351	0.10521	0.06016	0.06348	0.11060	0.01603	0.01780	0.01224	0.00642	0.00646	0.00175	0.00707	0.00592	0.00481	0.30961
3	0.12992	0.05933	0.01813	0.03033	0.01889	0.10966	0.01142	0.25359	0.04283	0.08659	0.04729	0.01797	0.01399	0.00818	0.00714	0.00204	0.04754	0.00587	0.04550	0.04378
4	0.00846	0.00625	0.00791	0.00923	0.00999	0.00571	0.00626	0.00977	0.01382	0.01800	0.04434	0.62556	0.16700	0.02110	0.00879	0.00275	0.00395	0.01891	0.00648	0.00571
5	0.01872	0.01729	0.08061	0.10794	0.02705	0.01639	0.16945	0.18550	0.11361	0.08092	0.02181	0.05584	0.05473	0.00881	0.00742	0.00228	0.00821	0.00802	0.00546	0.00991
6	0.01633	0.01839	0.03935	0.02811	0.03511	0.01708	0.63964	0.02203	0.01633	0.02238	0.01400	0.01853	0.01057	0.00583	0.00803	0.00226	0.01131	0.00796	0.00357	0.06319
7	0.01318	0.01240	0.02093	0.73798	0.04806	0.01550	0.01938	0.01783	0.01395	0.01783	0.01240	0.01860	0.00930	0.00698	0.00698	0.00233	0.00930	0.00620	0.00310	0.00775
8	0.00848	0.00695	0.00748	0.00761	0.00964	0.00595	0.00561	0.01038	0.01607	0.01988	0.14712	0.15024	0.54484	0.01776	0.00833	0.00240	0.00357	0.01510	0.00663	0.00595
9	0.02242	0.01887	0.02299	0.06269	0.28367	0.14166	0.03458	0.11823	0.05137	0.14997	0.01652	0.01806	0.01230	0.00731	0.00688	0.00208	0.00856	0.00620	0.00506	0.01058
10	0.01015	0.00677	0.00761	0.00761	0.00761	0.00677	0.00423	0.01015	0.01015	0.01353	0.02199	0.04567	0.02537	0.75476	0.03552	0.00677	0.00677	0.01015	0.00423	0.00423
11	0.00850	0.00607	0.00810	0.00972	0.01012	0.00567	0.00648	0.00972	0.01336	0.01781	0.03846	0.75020	0.04615	0.02186	0.00891	0.00283	0.00405	0.01984	0.00648	0.00567
12	0.01664	0.05558	0.13092	0.05850	0.08923	0.05361	0.44745	0.02226	0.01614	0.02162	0.01337	0.01746	0.01017	0.00613	0.00758	0.00224	0.01102	0.00716	0.00340	0.00951
13	0.05811	0.01646	0.01962	0.01580	0.02064	0.03655	0.08317	0.22018	0.27773	0.11352	0.04855	0.02230	0.01774	0.00866	0.00707	0.00223	0.00695	0.00726	0.00667	0.01079
14	0.01631	0.01751	0.02782	0.02196	0.02451	0.06208	0.23667	0.01929	0.01314	0.01865	0.01089	0.01628	0.00962	0.00982	0.01707	0.00275	0.45742	0.00671	0.00324	0.00825
15	0.00850	0.00607	0.00810	0.00972	0.01012	0.00567	0.00648	0.00972	0.01336	0.01781	0.03846	0.75020	0.04615	0.02186	0.00891	0.00283	0.00405	0.01984	0.00648	0.00567
16	0.12399	0.01459	0.01668	0.01322	0.01823	0.01498	0.01081	0.25844	0.05437	0.33037	0.02216	0.05664	0.01583	0.00899	0.00677	0.00218	0.00636	0.00705	0.00734	0.01098
17	0.01931	0.02213	0.02876	0.02367	0.06541	0.23817	0.28780	0.04445	0.01700	0.02042	0.01339	0.04701	0.01144	0.00802	0.00975	0.00228	0.12145	0.00706	0.00371	0.00875
18	0.05380	0.01212	0.01593	0.01235	0.01766	0.01079	0.01015	0.03324	0.05767	0.63437	0.02655	0.02320	0.01698	0.00851	0.00688	0.00214	0.00587	0.00688	0.00827	0.03663
19	0.01447	0.01240	0.01447	0.01034	0.01654	0.00930	0.00827	0.01757	0.01447	0.02274	0.01240	0.01447	0.01034	0.00517	0.00517	0.00103	0.00517	0.00413	0.00413	0.79742
20	0.01096	0.00783	0.01092	0.01252	0.01400	0.00778	0.01075	0.01396	0.01578	0.02056	0.03711	0.14896	0.04079	0.01955	0.00956	0.00317	0.00618	0.59684	0.00643	0.00635
21	0.01447	0.01240	0.01447	0.01034	0.01654	0.00930	0.00827	0.01757	0.01447	0.02274	0.01240	0.01447	0.01034	0.00517	0.00517	0.00103	0.00517	0.00413	0.00413	0.79742
22	0.02653	0.01955	0.02094	0.01606	0.02164	0.02164	0.01326	0.68796	0.03281	0.04398	0.01675	0.01675	0.01187	0.00838	0.00698	0.00209	0.00768	0.00628	0.00698	0.01187
23	0.00954	0.00728	0.00795	0.00767	0.00999	0.00622	0.00579	0.01169	0.01694	0.04895	0.21264	0.06202	0.53564	0.01654	0.00819	0.00231	0.00358	0.01394	0.00684	0.00629
24	0.01959	0.01497	0.01620	0.01414	0.01836	0.01687	0.01112	0.08423	0.57406	0.10716	0.02745	0.02510	0.02016	0.00929	0.00708	0.00232	0.00573	0.00767	0.00726	0.01120

[dist]
# distance from previous block
# <min> <max>
0	18

[block]
# block no. 2 follows, 30 sequences, length 10
# corresponding to MSA columns:
# 595-604
name=unknown_C
#
# <colnr> <probs for GDERKNQSTAVLIFYWHMCP>
#	G	D	E	R	K	N	Q	S	T	A	V	L	I	F	Y	W	H	M	C	P
0	0.00870	0.00709	0.00770	0.00755	0.00970	0.00608	0.00566	0.01089	0.01698	0.02140	0.24810	0.06297	0.52940	0.01672	0.00824	0.00231	0.00347	0.01414	0.00681	0.00608
1	0.02186	0.01706	0.01762	0.01417	0.01851	0.06756	0.01142	0.45307	0.02825	0.03761	0.20877	0.02631	0.02670	0.00993	0.00728	0.00210	0.00681	0.00792	0.00694	0.01013
2	0.02626	0.01627	0.01696	0.01386	0.01840	0.11382	0.01106	0.21214	0.02266	0.33909	0.02360	0.11513	0.01837	0.01009	0.00715	0.00218	0.00711	0.00813	0.00718	0.01053
3	0.01529	0.23747	0.52860	0.01768	0.02678	0.01938	0.02193	0.02176	0.01458	0.02052	0.01174	0.01375	0.00887	0.00645	0.00603	0.00201	0.00952	0.00476	0.00296	0.00993
4	0.01115	0.00730	0.01021	0.01129	0.01241	0.00721	0.00917	0.01241	0.01392	0.01812	0.03181	0.10984	0.06589	0.02076	0.01443	0.22427	0.00601	0.40291	0.00549	0.00540
5	0.02580	0.02442	0.02019	0.01667	0.02140	0.28608	0.01321	0.40093	0.06804	0.03299	0.01522	0.01575	0.01136	0.00800	0.00673	0.00200	0.00939	0.00571	0.00572	0.01040
6	0.02591	0.01924	0.02060	0.01593	0.02141	0.02135	0.01312	0.64447	0.07729	0.04299	0.01753	0.01737	0.01250	0.00845	0.00699	0.00211	0.00753	0.00639	0.00699	0.01181
7	0.01432	0.01357	0.02299	0.54433	0.23280	0.01580	0.01995	0.01883	0.01449	0.01921	0.01260	0.01823	0.00979	0.00677	0.00696	0.00226	0.00902	0.00621	0.00320	0.00867
8	0.01789	0.01701	0.03270	0.02431	0.02920	0.01781	0.41901	0.02219	0.01527	0.10300	0.01433	0.01842	0.01098	0.00797	0.01218	0.00253	0.21450	0.00750	0.00400	0.00921
9	0.01623	0.01806	0.03801	0.02715	0.03411	0.01666	0.60559	0.02179	0.01623	0.02240	0.01391	0.01831	0.01056	0.00580	0.00787	0.00220	0.01098	0.00775	0.00360	0.10278

[dist]
# distance from previous block
# <min> <max>
0	147

[block]
# block no. 3 follows, 30 sequences, length 8
# corresponding to MSA columns:
# 764-771
name=unknown_D
#
# <colnr> <probs for GDERKNQSTAVLIFYWHMCP>
#	G	D	E	R	K	N	Q	S	T	A	V	L	I	F	Y	W	H	M	C	P
0	0.01761	0.01572	0.02608	0.15154	0.14039	0.03394	0.21021	0.10397	0.01859	0.06909	0.09691	0.02222	0.01752	0.00762	0.00740	0.00218	0.00866	0.00750	0.00471	0.03814
1	0.30212	0.01278	0.01388	0.09754	0.01911	0.01453	0.01036	0.06890	0.13669	0.08797	0.03952	0.02005	0.01476	0.01461	0.11553	0.00359	0.00804	0.00611	0.00525	0.00864
2	0.01994	0.01356	0.01675	0.01309	0.01763	0.01349	0.01069	0.13986	0.01805	0.17324	0.01648	0.01813	0.01255	0.01175	0.07280	0.00268	0.11897	0.00573	0.00540	0.29923
3	0.15504	0.01260	0.01372	0.01013	0.01600	0.01043	0.00814	0.01809	0.01401	0.02426	0.01192	0.01391	0.00984	0.00540	0.00502	0.00123	0.00521	0.00407	0.00417	0.65680
4	0.13647	0.01251	0.01403	0.01041	0.01623	0.01038	0.00840	0.01997	0.01473	0.10625	0.01379	0.01509	0.01074	0.00578	0.00526	0.00134	0.00529	0.00442	0.00470	0.58423
5	0.01927	0.01324	0.01899	0.01379	0.01991	0.01083	0.11179	0.02269	0.01624	0.20778	0.01670	0.01761	0.01223	0.00620	0.00613	0.00153	0.00638	0.00553	0.00524	0.46793
6	0.01159	0.01000	0.01736	0.01453	0.01681	0.01029	0.17054	0.01416	0.01216	0.01689	0.01857	0.03076	0.01814	0.24948	0.34878	0.00776	0.01349	0.00845	0.00383	0.00640
7	0.01598	0.01532	0.02517	0.01804	0.02454	0.01328	0.26983	0.06074	0.01637	0.02390	0.01333	0.01629	0.01053	0.00564	0.00646	0.00161	0.00787	0.00585	0.00408	0.44517

[dist]
# distance from previous block
# <min> <max>
44	372

[block]
# block no. 4 follows, 30 sequences, length 17
# corresponding to MSA columns:
# 1214-1230
name=unknown_E
#
# <colnr> <probs for GDERKNQSTAVLIFYWHMCP>
#	G	D	E	R	K	N	Q	S	T	A	V	L	I	F	Y	W	H	M	C	P
0	0.02121	0.01356	0.01616	0.01458	0.05868	0.01399	0.01070	0.10052	0.26851	0.22100	0.02414	0.02536	0.01826	0.09533	0.01023	0.00268	0.00616	0.00738	0.00676	0.06479
1	0.02113	0.10365	0.07713	0.02908	0.02036	0.01819	0.01285	0.16355	0.31151	0.13521	0.02213	0.02102	0.01609	0.00843	0.00672	0.00216	0.00671	0.00669	0.00641	0.01097
2	0.02046	0.10544	0.09534	0.01522	0.02067	0.01997	0.01353	0.26850	0.30545	0.03228	0.02032	0.01975	0.01513	0.00836	0.00670	0.00215	0.00704	0.00653	0.00613	0.01102
3	0.01117	0.00969	0.00920	0.00963	0.01050	0.09228	0.00636	0.01208	0.01326	0.01630	0.03294	0.32742	0.11122	0.28505	0.01816	0.00408	0.00599	0.01390	0.00532	0.00546
4	0.02508	0.01345	0.01895	0.01469	0.01974	0.01289	0.09106	0.10681	0.09889	0.40244	0.09761	0.02565	0.02151	0.00898	0.00730	0.00220	0.00651	0.00778	0.00756	0.01092
5	0.01743	0.11672	0.47566	0.01830	0.02676	0.10082	0.02127	0.10222	0.01742	0.02348	0.01250	0.01432	0.00923	0.00683	0.00639	0.00207	0.00994	0.00505	0.00351	0.01008
6	0.01992	0.61135	0.03314	0.01293	0.01855	0.10520	0.01217	0.06218	0.03617	0.01852	0.01080	0.01212	0.00950	0.00635	0.00491	0.00159	0.00799	0.00409	0.00341	0.00909
7	0.00840	0.00647	0.00769	0.00866	0.00984	0.00576	0.00601	0.00984	0.01438	0.01823	0.05134	0.47726	0.31079	0.02019	0.00864	0.00264	0.00384	0.01780	0.00648	0.00576
8	0.01156	0.00708	0.00976	0.01037	0.01156	0.00690	0.00743	0.01323	0.01367	0.10092	0.03274	0.50186	0.03629	0.02709	0.16916	0.00463	0.00755	0.01554	0.00612	0.00654
9	0.01690	0.01653	0.02919	0.08932	0.59323	0.01662	0.09245	0.02127	0.01582	0.02241	0.01318	0.01753	0.01088	0.00623	0.00706	0.00212	0.00873	0.00643	0.00344	0.01065
10	0.01709	0.01660	0.02741	0.10909	0.08500	0.01850	0.23233	0.09403	0.11881	0.02398	0.01517	0.01875	0.01190	0.00822	0.01087	0.00245	0.16895	0.00710	0.00427	0.00947
11	0.01317	0.01172	0.01154	0.01090	0.01191	0.09328	0.00756	0.01585	0.08562	0.01659	0.02382	0.07968	0.06429	0.40995	0.02429	0.00477	0.09483	0.00963	0.00460	0.00600
12	0.25768	0.10322	0.14115	0.01295	0.01828	0.04075	0.01234	0.08185	0.03518	0.11718	0.01719	0.10282	0.01466	0.00885	0.00604	0.00216	0.00688	0.00673	0.00504	0.00905
13	0.05709	0.15964	0.08543	0.01507	0.02040	0.06285	0.03953	0.30019	0.02247	0.05415	0.01722	0.10301	0.01491	0.00913	0.00659	0.00208	0.00774	0.00720	0.00539	0.00991
14	0.08239	0.25294	0.14026	0.01259	0.01854	0.01729	0.01254	0.06713	0.01646	0.10538	0.04081	0.02173	0.09320	0.00814	0.00592	0.00187	0.00681	0.00613	0.00470	0.08516
15	0.05215	0.20055	0.09439	0.02220	0.18435	0.05418	0.07064	0.07964	0.10503	0.03651	0.02721	0.01702	0.01254	0.00702	0.00631	0.00200	0.00811	0.00584	0.00428	0.01004
16	0.06030	0.03822	0.02953	0.01469	0.08873	0.04182	0.01034	0.01544	0.01418	0.02014	0.02775	0.22163	0.12169	0.01294	0.00902	0.00225	0.09358	0.02347	0.00487	0.14940

[dist]
# distance from previous block
# <min> <max>
4	133

[block]
# block no. 5 follows, 30 sequences, length 32
# corresponding to MSA columns:
# 1374-1405
name=unknown_F
#
# <colnr> <probs for GDERKNQSTAVLIFYWHMCP>
#	G	D	E	R	K	N	Q	S	T	A	V	L	I	F	Y	W	H	M	C	P
0	0.08522	0.07400	0.33672	0.01733	0.07779	0.03338	0.01736	0.01975	0.01439	0.02189	0.01529	0.05414	0.03410	0.00808	0.00695	0.02985	0.00805	0.00594	0.00362	0.13614
1	0.04503	0.10801	0.02110	0.01468	0.03731	0.01448	0.10158	0.11577	0.01799	0.07046	0.07354	0.02334	0.04663	0.00866	0.00732	0.03370	0.00671	0.02884	0.00502	0.21983
2	0.05509	0.06904	0.06481	0.04747	0.08342	0.04415	0.01178	0.06190	0.06237	0.02459	0.23515	0.09582	0.03163	0.01155	0.00861	0.02825	0.04166	0.00915	0.00547	0.00810
3	0.01414	0.03729	0.03880	0.05093	0.10276	0.01250	0.01170	0.07882	0.04856	0.04676	0.12863	0.16970	0.07930	0.01509	0.04612	0.00287	0.06879	0.03354	0.00560	0.00811
4	0.01664	0.07968	0.08185	0.06303	0.21716	0.04523	0.01541	0.12425	0.01810	0.02448	0.08041	0.12688	0.02070	0.00998	0.00787	0.00221	0.04370	0.00843	0.00473	0.00926
5	0.01417	0.01374	0.09407	0.01292	0.01657	0.01162	0.05457	0.15974	0.01888	0.02567	0.10796	0.12506	0.13493	0.06877	0.04684	0.00310	0.00690	0.03666	0.03992	0.00791
6	0.05328	0.08264	0.23268	0.07916	0.04615	0.03756	0.01563	0.05278	0.01549	0.02177	0.02079	0.07822	0.07025	0.01177	0.04392	0.00263	0.00837	0.05021	0.00419	0.07251
7	0.11751	0.01532	0.04058	0.03261	0.09318	0.04999	0.01206	0.17425	0.01820	0.07168	0.01722	0.07890	0.01537	0.07897	0.05849	0.00321	0.06314	0.00729	0.00504	0.04701
8	0.05033	0.11264	0.07168	0.07935	0.07556	0.06015	0.03582	0.04448	0.01563	0.05645	0.04569	0.27504	0.02470	0.01233	0.00722	0.00230	0.00689	0.01071	0.00499	0.00805
9	0.06915	0.07134	0.04952	0.01081	0.01423	0.04307	0.00902	0.07062	0.10921	0.02495	0.07017	0.11194	0.11472	0.01107	0.00656	0.00208	0.00535	0.00905	0.16152	0.03562
10	0.01910	0.25705	0.26450	0.04477	0.02394	0.05187	0.01721	0.10061	0.01716	0.08664	0.01328	0.01478	0.01005	0.00712	0.00682	0.00199	0.04414	0.00507	0.00400	0.00988
11	0.05937	0.01510	0.01684	0.01585	0.09195	0.07350	0.01117	0.13495	0.06866	0.18863	0.03882	0.04700	0.03250	0.05443	0.00843	0.00228	0.00674	0.00705	0.00600	0.12072
12	0.01597	0.16506	0.07701	0.09802	0.13460	0.01660	0.11839	0.05375	0.01601	0.03694	0.03594	0.10219	0.01640	0.00853	0.00672	0.00208	0.00782	0.00770	0.05687	0.02341
13	0.05597	0.01827	0.07667	0.04442	0.07563	0.13497	0.01238	0.07832	0.01779	0.05904	0.07963	0.02089	0.04665	0.00771	0.00633	0.00177	0.00732	0.00610	0.00476	0.24537
14	0.08971	0.09331	0.27424	0.01967	0.12769	0.04509	0.01759	0.08167	0.01623	0.02409	0.01271	0.01519	0.00997	0.00886	0.04327	0.00242	0.00897	0.00513	0.00373	0.10046
15	0.08823	0.01249	0.01464	0.01230	0.01591	0.03071	0.05349	0.12737	0.07135	0.02708	0.15533	0.07499	0.07806	0.05970	0.00901	0.00243	0.00588	0.04067	0.00590	0.11446
16	0.06804	0.07643	0.34068	0.01864	0.05983	0.01657	0.06239	0.04194	0.11545	0.07029	0.01697	0.02027	0.01307	0.00775	0.00671	0.00223	0.00852	0.03978	0.00438	0.01007
17	0.01033	0.00754	0.01006	0.00978	0.01050	0.00776	0.03382	0.01183	0.03037	0.01554	0.02359	0.14479	0.02604	0.44437	0.17711	0.00683	0.00908	0.01088	0.00451	0.00527
18	0.02312	0.02160	0.02071	0.01909	0.08718	0.19542	0.01401	0.30287	0.11609	0.03047	0.01573	0.01688	0.01208	0.00842	0.00845	0.00215	0.08397	0.00603	0.00542	0.01031
19	0.00947	0.00866	0.00789	0.00778	0.01005	0.05034	0.00574	0.01112	0.01577	0.01839	0.06381	0.06239	0.62056	0.06533	0.00991	0.00261	0.00430	0.01380	0.00615	0.00592
20	0.05960	0.27043	0.21073	0.05569	0.06755	0.04343	0.10061	0.05556	0.01577	0.02143	0.01339	0.01568	0.02826	0.00671	0.00607	0.00197	0.00885	0.00541	0.00347	0.00940
21	0.01225	0.00879	0.01188	0.01306	0.01493	0.00892	0.01138	0.05860	0.01716	0.02240	0.03562	0.07465	0.03831	0.01856	0.00946	0.00314	0.00651	0.62114	0.00646	0.00678
22	0.01956	0.45034	0.06143	0.01353	0.01918	0.04364	0.01265	0.12305	0.15086	0.02328	0.01456	0.01512	0.01179	0.00707	0.00551	0.00179	0.00739	0.00501	0.00440	0.00983
23	0.02866	0.01513	0.01809	0.01398	0.01938	0.01522	0.01151	0.29809	0.06016	0.40939	0.02323	0.02105	0.01530	0.00857	0.00701	0.00214	0.00662	0.00677	0.00789	0.01183
24	0.01659	0.04779	0.09089	0.10204	0.50553	0.01698	0.07668	0.02121	0.01559	0.02199	0.01295	0.01705	0.01057	0.00629	0.00690	0.00211	0.00882	0.00619	0.00336	0.01046
25	0.01717	0.06057	0.22635	0.01898	0.02553	0.04746	0.16301	0.02704	0.21430	0.06558	0.03169	0.02160	0.01526	0.00788	0.00713	0.00226	0.00869	0.02459	0.00483	0.01008
26	0.00864	0.00688	0.00776	0.00798	0.00978	0.00599	0.00581	0.01061	0.01618	0.02055	0.19718	0.20620	0.43615	0.01783	0.00838	0.00242	0.00359	0.01535	0.00673	0.00599
27	0.01004	0.00777	0.01059	0.01072	0.01231	0.00737	0.04216	0.01270	0.04447	0.01978	0.10176	0.30887	0.17906	0.04166	0.01041	0.03973	0.00491	0.12331	0.00622	0.00618
28	0.01669	0.11460	0.38743	0.01918	0.05364	0.01669	0.08594	0.05319	0.01646	0.08210	0.04599	0.02013	0.01388	0.00760	0.00679	0.00217	0.00906	0.03444	0.00407	0.00996
29	0.02374	0.01173	0.01484	0.01249	0.01653	0.01125	0.00996	0.12513	0.06053	0.38678	0.02886	0.18667	0.02422	0.01210	0.00756	0.00236	0.00578	0.04158	0.00771	0.01018
30	0.01246	0.00725	0.00825	0.00781	0.00967	0.00701	0.00591	0.03295	0.01729	0.04470	0.29161	0.03715	0.05727	0.01083	0.00640	0.00190	0.00346	0.00915	0.42213	0.00680
31	0.01618	0.01609	0.04177	0.20884	0.50601	0.01636	0.05191	0.02061	0.01543	0.02157	0.01299	0.01761	0.01056	0.00639	0.00698	0.00215	0.00874	0.00629	0.00336	0.01017

[dist]
# distance from previous block
# <min> <max>
1	11

[block]
# block no. 6 follows, 30 sequences, length 7
# corresponding to MSA columns:
# 1417-1423
name=unknown_G
#
# <colnr> <probs for GDERKNQSTAVLIFYWHMCP>
#	G	D	E	R	K	N	Q	S	T	A	V	L	I	F	Y	W	H	M	C	P
0	0.01437	0.01149	0.01106	0.01094	0.01280	0.12200	0.00797	0.01614	0.01601	0.09916	0.11244	0.29542	0.10623	0.08370	0.01060	0.00285	0.00587	0.04796	0.00620	0.00681
1	0.03944	0.11148	0.04928	0.14522	0.23424	0.09875	0.01679	0.06839	0.01684	0.08483	0.01349	0.01637	0.01059	0.00722	0.00756	0.00209	0.05801	0.00568	0.00404	0.00968
2	0.44115	0.10087	0.18178	0.01239	0.01844	0.01648	0.01267	0.02249	0.01374	0.10633	0.01243	0.01356	0.00913	0.00671	0.00519	0.00210	0.00685	0.00447	0.00434	0.00886
3	0.01403	0.06547	0.04305	0.01262	0.05167	0.01151	0.00988	0.01697	0.01559	0.05997	0.15640	0.04642	0.10600	0.01020	0.00844	0.00193	0.08986	0.00809	0.05968	0.21222
4	0.18891	0.01206	0.01288	0.01018	0.01512	0.01089	0.00813	0.05589	0.01549	0.08264	0.02125	0.06060	0.09037	0.00823	0.00578	0.00168	0.00518	0.00645	0.00510	0.38319
5	0.06576	0.01883	0.01672	0.01418	0.01835	0.19911	0.01116	0.16503	0.10062	0.10292	0.04652	0.01976	0.01538	0.01315	0.08948	0.00302	0.00924	0.00617	0.00556	0.07905
6	0.04692	0.01174	0.01187	0.01058	0.01289	0.06584	0.00812	0.05805	0.06287	0.04589	0.06491	0.02783	0.05169	0.09521	0.01121	0.00254	0.08653	0.00736	0.26906	0.04888

[dist]
# distance from previous block
# <min> <max>
0	1

[block]
# block no. 7 follows, 30 sequences, length 14
# corresponding to MSA columns:
# 1425-1438
name=unknown_H
#
# <colnr> <probs for GDERKNQSTAVLIFYWHMCP>
#	G	D	E	R	K	N	Q	S	T	A	V	L	I	F	Y	W	H	M	C	P
0	0.02568	0.02086	0.02035	0.01614	0.02133	0.10879	0.01310	0.55022	0.08828	0.03937	0.01701	0.01703	0.01232	0.00832	0.00691	0.00208	0.00810	0.00620	0.00657	0.01133
1	0.00972	0.00764	0.00886	0.00865	0.01063	0.00709	0.00644	0.01355	0.07181	0.02364	0.34754	0.12089	0.30609	0.01589	0.00821	0.00233	0.00363	0.01372	0.00706	0.00659
2	0.00871	0.00635	0.00821	0.00931	0.01011	0.00584	0.00638	0.01032	0.01468	0.01962	0.15386	0.56745	0.11304	0.02019	0.00873	0.00268	0.00387	0.01814	0.00668	0.00584
3	0.13837	0.01732	0.01854	0.01497	0.01960	0.06084	0.04065	0.37707	0.02445	0.08008	0.01763	0.05069	0.01419	0.01068	0.03316	0.00254	0.02774	0.03533	0.00608	0.01008
4	0.01723	0.42131	0.02587	0.04240	0.01761	0.04798	0.01067	0.02004	0.03238	0.06633	0.05027	0.04718	0.10018	0.00862	0.00573	0.00176	0.00664	0.00652	0.00435	0.06694
5	0.13549	0.14379	0.02179	0.14922	0.05451	0.23120	0.01381	0.06197	0.04062	0.02144	0.01172	0.01438	0.00954	0.00728	0.00701	0.00203	0.05693	0.00498	0.00379	0.00852
6	0.05148	0.10634	0.01851	0.01266	0.01754	0.04731	0.01053	0.14323	0.02053	0.37754	0.02250	0.06474	0.01640	0.00891	0.00658	0.00206	0.00646	0.00702	0.04914	0.01053
7	0.09356	0.01429	0.06068	0.01279	0.05789	0.01103	0.01014	0.03706	0.01489	0.02400	0.01465	0.01652	0.03804	0.00605	0.00546	0.00137	0.00572	0.00477	0.00421	0.56689
8	0.01549	0.01237	0.01457	0.01046	0.01661	0.00936	0.00839	0.01857	0.01480	0.06478	0.01332	0.01503	0.01076	0.00538	0.00528	0.00110	0.00521	0.00431	0.00441	0.74978
9	0.01447	0.01240	0.01447	0.01034	0.01654	0.00930	0.00827	0.01757	0.01447	0.02274	0.01240	0.01447	0.01034	0.00517	0.00517	0.00103	0.00517	0.00413	0.00413	0.79742
10	0.02384	0.05242	0.09101	0.01594	0.02178	0.01602	0.09275	0.22044	0.06045	0.25163	0.02019	0.01991	0.01394	0.00792	0.00686	0.00211	0.00745	0.00662	0.05784	0.01089
11	0.01447	0.01240	0.01447	0.01034	0.01654	0.00930	0.00827	0.01757	0.01447	0.02274	0.01240	0.01447	0.01034	0.00517	0.00517	0.00103	0.00517	0.00413	0.00413	0.79742
12	0.01447	0.01240	0.01447	0.01034	0.01654	0.00930	0.00827	0.01757	0.01447	0.02274	0.01240	0.01447	0.01034	0.00517	0.00517	0.00103	0.00517	0.00413	0.00413	0.79742
13	0.05450	0.42272	0.20015	0.01381	0.02078	0.02187	0.01481	0.05650	0.01524	0.02070	0.01108	0.01274	0.00917	0.00620	0.00521	0.00168	0.00782	0.00427	0.00338	0.09737

[dist]
# distance from previous block
# <min> <max>
0	1

[block]
# block no. 8 follows, 30 sequences, length 52
# corresponding to MSA columns:
# 1440-1491
name=unknown_I
#
# <colnr> <probs for GDERKNQSTAVLIFYWHMCP>
#	G	D	E	R	K	N	Q	S	T	A	V	L	I	F	Y	W	H	M	C	P
0	0.01401	0.01026	0.01194	0.00929	0.01375	0.00829	0.00730	0.01716	0.01545	0.04672	0.11596	0.02290	0.02035	0.00728	0.00560	0.00138	0.00448	0.00601	0.18758	0.47429
1	0.01467	0.01258	0.01456	0.01060	0.01665	0.00985	0.00846	0.01890	0.06114	0.02318	0.01349	0.01526	0.01108	0.00546	0.00530	0.00112	0.00519	0.00439	0.00434	0.74377
2	0.01798	0.01482	0.01673	0.01258	0.01822	0.03131	0.02669	0.21659	0.02011	0.02859	0.01654	0.04364	0.03478	0.00720	0.00605	0.00151	0.00618	0.00580	0.00511	0.46958
3	0.01734	0.01601	0.02934	0.02159	0.02729	0.01536	0.37263	0.04522	0.05644	0.08495	0.06513	0.02112	0.01566	0.00734	0.00855	0.00217	0.05798	0.00762	0.00466	0.12361
4	0.01420	0.01355	0.02300	0.50364	0.20774	0.01572	0.04104	0.01859	0.01448	0.01919	0.01427	0.01963	0.03040	0.00722	0.00748	0.00229	0.02920	0.00652	0.00330	0.00855
5	0.00850	0.00607	0.00810	0.00972	0.01012	0.00567	0.00648	0.00972	0.01336	0.01781	0.03846	0.75020	0.04615	0.02186	0.00891	0.00283	0.00405	0.01984	0.00648	0.00567
6	0.01898	0.01674	0.01663	0.01467	0.01877	0.06591	0.01146	0.10978	0.57762	0.03004	0.02590	0.02408	0.01940	0.00919	0.00703	0.00230	0.00624	0.00748	0.00685	0.01094
7	0.01701	0.01433	0.02305	0.30980	0.23511	0.01587	0.03964	0.04484	0.01559	0.08894	0.01400	0.01814	0.01077	0.00735	0.00844	0.00224	0.07838	0.00625	0.00395	0.04630
8	0.01529	0.11870	0.54794	0.01973	0.02906	0.01753	0.09241	0.02232	0.01500	0.04110	0.01278	0.01500	0.00927	0.00653	0.00655	0.00214	0.01000	0.00536	0.00317	0.01010
9	0.01647	0.01882	0.04118	0.02941	0.03647	0.01765	0.68588	0.02235	0.01647	0.02235	0.01412	0.01882	0.01059	0.00588	0.00824	0.00235	0.01176	0.00824	0.00353	0.00941
10	0.00850	0.00607	0.00810	0.00972	0.01012	0.00567	0.00648	0.00972	0.01336	0.01781	0.03846	0.75020	0.04615	0.02186	0.00891	0.00283	0.00405	0.01984	0.00648	0.00567
11	0.01405	0.00989	0.01338	0.01261	0.01471	0.04292	0.07023	0.03738	0.01562	0.12025	0.03255	0.49985	0.03562	0.01726	0.00840	0.00263	0.00563	0.03337	0.00639	0.00725
12	0.01447	0.01240	0.01447	0.01034	0.01654	0.00930	0.00827	0.01757	0.01447	0.02274	0.01240	0.01447	0.01034	0.00517	0.00517	0.00103	0.00517	0.00413	0.00413	0.79742
13	0.01513	0.01263	0.01555	0.01114	0.01734	0.00965	0.03424	0.01832	0.01474	0.04662	0.01299	0.01496	0.01058	0.00531	0.00535	0.00112	0.00545	0.00439	0.00427	0.74022
14	0.01983	0.01444	0.01585	0.01388	0.01809	0.01610	0.01091	0.03654	0.57835	0.15091	0.02825	0.02563	0.02059	0.00932	0.00709	0.00233	0.00560	0.00774	0.00737	0.01119
15	0.01447	0.01240	0.01447	0.01034	0.01654	0.00930	0.00827	0.01757	0.01447	0.02274	0.01240	0.01447	0.01034	0.00517	0.00517	0.00103	0.00517	0.00413	0.00413	0.79742
16	0.02416	0.01770	0.01901	0.01483	0.01961	0.01949	0.01196	0.58980	0.02953	0.03957	0.01751	0.02094	0.01382	0.11647	0.01111	0.00277	0.00755	0.00684	0.00658	0.01076
17	0.01031	0.00759	0.00970	0.00909	0.01087	0.00721	0.00684	0.01455	0.05905	0.02805	0.66823	0.05062	0.06327	0.01399	0.00817	0.00220	0.00342	0.01235	0.00765	0.00684
18	0.01075	0.00839	0.01173	0.01130	0.01206	0.01000	0.00851	0.01249	0.01087	0.01561	0.01819	0.03029	0.01828	0.22281	0.45547	0.00896	0.11664	0.00796	0.00377	0.00592
19	0.00870	0.00623	0.00828	0.00958	0.01017	0.00580	0.00649	0.01022	0.01429	0.01929	0.13536	0.64911	0.04901	0.02076	0.00881	0.00274	0.00394	0.01879	0.00665	0.00580
20	0.01448	0.11132	0.64762	0.01906	0.02892	0.01739	0.02434	0.02197	0.01468	0.02151	0.01223	0.01436	0.00885	0.00656	0.00641	0.00214	0.01002	0.00501	0.00295	0.01017
21	0.02571	0.03039	0.01975	0.01752	0.02142	0.59029	0.01333	0.12402	0.05441	0.02156	0.01250	0.01384	0.01000	0.00747	0.00643	0.00187	0.01153	0.00492	0.00426	0.00878
22	0.01727	0.01658	0.02832	0.04283	0.71123	0.01658	0.02142	0.02142	0.01589	0.02280	0.01313	0.01727	0.01105	0.00622	0.00691	0.00207	0.00829	0.00622	0.00345	0.01105
23	0.01668	0.01598	0.02725	0.14350	0.61519	0.01642	0.02112	0.02090	0.01561	0.02208	0.01302	0.01746	0.01080	0.00633	0.00692	0.00211	0.00844	0.00622	0.00340	0.01058
24	0.01682	0.34917	0.13540	0.01541	0.01980	0.04284	0.01509	0.01973	0.01322	0.01769	0.01032	0.01358	0.00924	0.00833	0.01127	0.00216	0.26298	0.00487	0.02346	0.00862
25	0.03007	0.01160	0.01580	0.01221	0.01739	0.01004	0.01004	0.03280	0.01996	0.67623	0.06689	0.02539	0.02009	0.00896	0.00709	0.00216	0.00578	0.00734	0.00858	0.01157
26	0.01014	0.00681	0.00784	0.00784	0.00792	0.00689	0.00451	0.01030	0.01022	0.01370	0.02178	0.04451	0.02487	0.71011	0.07948	0.00705	0.00752	0.00998	0.00420	0.00436
27	0.05625	0.01931	0.02053	0.01579	0.02133	0.02141	0.01305	0.66244	0.03201	0.04349	0.01648	0.01655	0.01170	0.00830	0.00688	0.00210	0.00759	0.00619	0.00688	0.01170
28	0.01412	0.01204	0.01410	0.01030	0.01617	0.00909	0.00817	0.01712	0.01441	0.02245	0.01391	0.05706	0.01241	0.00613	0.00538	0.00114	0.00510	0.00504	0.00427	0.75158
29	0.06166	0.01788	0.03774	0.02726	0.03383	0.01694	0.61281	0.02162	0.01605	0.02265	0.01507	0.05478	0.01218	0.00671	0.00804	0.00237	0.01101	0.00855	0.00372	0.00912
30	0.00850	0.00607	0.00810	0.00972	0.01012	0.00567	0.00648	0.00972	0.01336	0.01781	0.03846	0.75020	0.04615	0.02186	0.00891	0.00283	0.00405	0.01984	0.00648	0.00567
31	0.01647	0.01882	0.04118	0.02941	0.03647	0.01765	0.68588	0.02235	0.01647	0.02235	0.01412	0.01882	0.01059	0.00588	0.00824	0.00235	0.01176	0.00824	0.00353	0.00941
32	0.01490	0.17577	0.58681	0.01835	0.02783	0.01841	0.02311	0.02187	0.01463	0.02100	0.01198	0.01405	0.00886	0.00650	0.00621	0.00207	0.00976	0.00488	0.00295	0.01005
33	0.01015	0.00677	0.00761	0.00761	0.00761	0.00677	0.00423	0.01015	0.01015	0.01353	0.02199	0.04567	0.02537	0.75476	0.03552	0.00677	0.00677	0.01015	0.00423	0.00423
34	0.01301	0.00650	0.00650	0.00650	0.00813	0.00650	0.00488	0.01626	0.01463	0.02602	0.02276	0.02602	0.01789	0.00813	0.00488	0.00163	0.00325	0.00650	0.79350	0.00650
35	0.00850	0.00607	0.00810	0.00972	0.01012	0.00567	0.00648	0.00972	0.01336	0.01781	0.03846	0.75020	0.04615	0.02186	0.00891	0.00283	0.00405	0.01984	0.00648	0.00567
36	0.01707	0.01638	0.02797	0.07648	0.67912	0.01653	0.02132	0.02124	0.01580	0.02256	0.01309	0.01734	0.01097	0.00625	0.00691	0.00208	0.00834	0.00622	0.00344	0.01089
37	0.01579	0.01614	0.02130	0.01830	0.01848	0.05552	0.01518	0.01733	0.01113	0.01681	0.00924	0.01514	0.00915	0.01197	0.02210	0.00299	0.70668	0.00603	0.00308	0.00766
38	0.01447	0.01240	0.01447	0.01034	0.01654	0.00930	0.00827	0.01757	0.01447	0.02274	0.01240	0.01447	0.01034	0.00517	0.00517	0.00103	0.00517	0.00413	0.00413	0.79742
39	0.00825	0.00707	0.00707	0.00707	0.00943	0.00589	0.00530	0.01001	0.01591	0.01885	0.07069	0.06716	0.70839	0.01767	0.00825	0.00236	0.00353	0.01473	0.00648	0.00589
40	0.03131	0.01188	0.01619	0.01242	0.01781	0.01026	0.01026	0.03401	0.01997	0.71606	0.02753	0.02375	0.01727	0.00864	0.00702	0.00216	0.00594	0.00702	0.00864	0.01188
41	0.00988	0.00713	0.00933	0.00878	0.01043	0.00658	0.00658	0.01317	0.01975	0.02798	0.70754	0.05213	0.06584	0.01427	0.00823	0.00219	0.00329	0.01262	0.00768	0.00658
42	0.00937	0.00711	0.00863	0.00825	0.01011	0.00637	0.00619	0.01219	0.01856	0.02515	0.50974	0.05679	0.26542	0.01532	0.00824	0.00224	0.00337	0.01327	0.00731	0.00637
43	0.01318	0.01240	0.02093	0.73798	0.04806	0.01550	0.01938	0.01783	0.01395	0.01783	0.01240	0.01860	0.00930	0.00698	0.00698	0.00233	0.00930	0.00620	0.00310	0.00775
44	0.67785	0.01435	0.01521	0.01242	0.01718	0.01597	0.11625	0.02081	0.01261	0.02987	0.01042	0.01254	0.00804	0.00638	0.00495	0.00219	0.00642	0.00449	0.00419	0.00785
45	0.00878	0.00631	0.00839	0.00995	0.01055	0.00592	0.00693	0.01022	0.01373	0.01817	0.03942	0.65731	0.06836	0.02145	0.00896	0.00286	0.00428	0.08622	0.00647	0.00575
46	0.10039	0.01248	0.01559	0.01238	0.01746	0.01178	0.01012	0.03321	0.11751	0.55358	0.02602	0.02294	0.01696	0.00856	0.00678	0.00219	0.00583	0.00685	0.00802	0.01136
47	0.13832	0.01342	0.01618	0.01259	0.01787	0.01297	0.01040	0.14479	0.02105	0.50471	0.02319	0.02081	0.01499	0.00829	0.00663	0.00215	0.00616	0.00644	0.00775	0.01127
48	0.03055	0.01171	0.01595	0.01229	0.01755	0.01013	0.01013	0.03327	0.01997	0.69173	0.05157	0.02475	0.01899	0.00884	0.00706	0.00216	0.00584	0.00722	0.00860	0.01169
49	0.00850	0.00607	0.00810	0.00972	0.01012	0.00567	0.00648	0.00972	0.01336	0.01781	0.03846	0.75020	0.04615	0.02186	0.00891	0.00283	0.00405	0.01984	0.00648	0.00567
50	0.01727	0.01658	0.02832	0.04283	0.71123	0.01658	0.02142	0.02142	0.01589	0.02280	0.01313	0.01727	0.01105	0.00622	0.00691	0.00207	0.00829	0.00622	0.00345	0.01105
51	0.00850	0.00607	0.00810	0.00972	0.01012	0.00567	0.00648	0.00972	0.01336	0.01781	0.03846	0.75020	0.04615	0.02186	0.00891	0.00283	0.00405	0.01984	0.00648	0.00567

[dist]
# distance from previous block
# <min> <max>
0	12

[block]
# block no. 9 follows, 30 sequences, length 70
# corresponding to MSA columns:
# 1504-1540,1542-1574
name=unknown_J
#
# <colnr> <probs for GDERKNQSTAVLIFYWHMCP>
#	G	D	E	R	K	N	Q	S	T	A	V	L	I	F	Y	W	H	M	C	P
0	0.01866	0.75896	0.03657	0.01194	0.01791	0.02761	0.01194	0.02090	0.01418	0.01642	0.00970	0.01119	0.00896	0.00597	0.00448	0.00149	0.00746	0.00373	0.00299	0.00896
