[name]
unknown

[dist]
# distance from previous block
# <min> <max>
2	451

[block]
# block no. 0 follows, 30 sequences, length 29
# corresponding to MSA columns:
# 466-494
name=unknown_A
#
# <colnr> <probs for GDERKNQSTAVLIFYWHMCP>
#	G	D	E	R	K	N	Q	S	T	A	V	L	I	F	Y	W	H	M	C	P
0	0.15401	0.28182	0.16539	0.05556	0.02160	0.01958	0.01422	0.06762	0.01585	0.10590	0.01312	0.01433	0.00994	0.00671	0.00552	0.00191	0.00756	0.00475	0.00419	0.03042
1	0.02326	0.14226	0.02230	0.01481	0.01999	0.02127	0.01242	0.47489	0.08962	0.03640	0.01797	0.06155	0.01434	0.00890	0.00669	0.00206	0.00722	0.00683	0.00629	0.01092
2	0.01253	0.05559	0.01321	0.00993	0.01367	0.00919	0.00751	0.01466	0.01343	0.01960	0.01993	0.18988	0.02104	0.12053	0.03942	0.00273	0.00583	0.00876	0.00461	0.41796
3	0.01812	0.19577	0.31096	0.01567	0.02271	0.01711	0.01738	0.06130	0.01666	0.12998	0.01786	0.02437	0.01473	0.00866	0.00663	0.00217	0.00827	0.09729	0.00456	0.00979
4	0.02397	0.04351	0.06326	0.01585	0.02146	0.02078	0.01362	0.51671	0.14272	0.03928	0.01822	0.01801	0.01317	0.00838	0.00690	0.00213	0.00747	0.00640	0.00663	0.01154
5	0.01023	0.00756	0.00916	0.00917	0.01061	0.00682	0.00628	0.01152	0.01280	0.01747	0.03033	0.30512	0.07125	0.26468	0.01722	0.00385	0.00528	0.05736	0.00533	0.13798
6	0.01585	0.04132	0.20270	0.01334	0.02056	0.01244	0.01340	0.05849	0.01582	0.05146	0.01321	0.01495	0.01026	0.00591	0.00572	0.00147	0.00678	0.00463	0.00413	0.48756
7	0.01641	0.08235	0.55539	0.01871	0.02793	0.01789	0.02275	0.13364	0.01773	0.02538	0.01304	0.01483	0.00936	0.00688	0.00654	0.00214	0.00968	0.00525	0.00363	0.01048
8	0.01209	0.01030	0.01204	0.00966	0.01388	0.00858	0.00761	0.01470	0.01483	0.02121	0.07032	0.03314	0.22030	0.01287	0.05593	0.00226	0.03509	0.00806	0.00496	0.43216
9	0.01577	0.14992	0.55958	0.01832	0.02751	0.04797	0.02260	0.02251	0.01502	0.04192	0.01245	0.01435	0.00912	0.00661	0.00629	0.00208	0.00983	0.00496	0.00315	0.01005
10	0.01327	0.01240	0.02049	0.68864	0.04592	0.01508	0.01863	0.01781	0.01399	0.01816	0.01240	0.01832	0.00937	0.00685	0.00685	0.00224	0.00902	0.00606	0.00317	0.06131
11	0.01447	0.01240	0.01447	0.01034	0.01654	0.00930	0.00827	0.01757	0.01447	0.02274	0.01240	0.01447	0.01034	0.00517	0.00517	0.00103	0.00517	0.00413	0.00413	0.79742
12	0.01447	0.01240	0.01447	0.01034	0.01654	0.00930	0.00827	0.01757	0.01447	0.02274	0.01240	0.01447	0.01034	0.00517	0.00517	0.00103	0.00517	0.00413	0.00413	0.79742
13	0.00969	0.00734	0.00937	0.00984	0.01140	0.00639	0.00684	0.01129	0.01358	0.01880	0.03326	0.60326	0.03900	0.01853	0.00816	0.00247	0.00427	0.01670	0.00601	0.16380
14	0.01318	0.01240	0.02093	0.73798	0.04806	0.01550	0.01938	0.01783	0.01395	0.01783	0.01240	0.01860	0.00930	0.00698	0.00698	0.00233	0.00930	0.00620	0.00310	0.00775
15	0.01518	0.01489	0.02240	0.02164	0.12689	0.01824	0.06303	0.01755	0.01244	0.01876	0.01224	0.06072	0.01193	0.01074	0.01680	0.00264	0.45950	0.00693	0.00346	0.08403
16	0.00833	0.00707	0.00718	0.00715	0.00948	0.00593	0.00537	0.01017	0.01610	0.01931	0.10243	0.06641	0.67637	0.01750	0.00825	0.00235	0.00352	0.01462	0.00654	0.00593
17	0.01866	0.75896	0.03657	0.01194	0.01791	0.02761	0.01194	0.02090	0.01418	0.01642	0.00970	0.01119	0.00896	0.00597	0.00448	0.00149	0.00746	0.00373	0.00299	0.00896
18	0.01704	0.01593	0.02473	0.07819	0.49707	0.01671	0.01869	0.02512	0.18677	0.02410	0.01691	0.01955	0.01351	0.00708	0.00696	0.00216	0.00766	0.00664	0.00435	0.01085
19	0.00997	0.00748	0.01121	0.01121	0.01246	0.00872	0.00872	0.01246	0.01121	0.01620	0.01869	0.02741	0.01745	0.05234	0.72710	0.01121	0.01869	0.00748	0.00374	0.00623
20	0.01143	0.00723	0.00797	0.00767	0.00968	0.00676	0.00579	0.01471	0.03594	0.04413	0.22146	0.04491	0.23103	0.01260	0.00688	0.00203	0.00349	0.01059	0.30908	0.00663
21	0.01587	0.01372	0.02277	0.27397	0.34982	0.01468	0.01869	0.01998	0.01549	0.06113	0.01697	0.02648	0.01479	0.00840	0.00731	0.00232	0.00824	0.09601	0.00404	0.00934
22	0.02267	0.01215	0.01531	0.01135	0.01716	0.00977	0.00924	0.02558	0.01715	0.36051	0.01977	0.01899	0.01372	0.00686	0.00607	0.00158	0.00554	0.00554	0.00633	0.41471
23	0.01413	0.03517	0.68226	0.02040	0.03054	0.01628	0.06119	0.02211	0.01483	0.02211	0.01261	0.01495	0.00893	0.00659	0.00672	0.00222	0.01039	0.00532	0.00298	0.01026
24	0.01282	0.00653	0.00653	0.00653	0.00818	0.00648	0.00489	0.01601	0.01468	0.02573	0.02466	0.02764	0.04518	0.00851	0.00501	0.00165	0.00326	0.00683	0.76239	0.00648
25	0.01447	0.01240	0.01447	0.01034	0.01654	0.00930	0.00827	0.01757	0.01447	0.02274	0.01240	0.01447	0.01034	0.00517	0.00517	0.00103	0.00517	0.00413	0.00413	0.79742
26	0.01301	0.00650	0.00650	0.00650	0.00813	0.00650	0.00488	0.01626	0.01463	0.02602	0.02276	0.02602	0.01789	0.00813	0.00488	0.00163	0.00325	0.00650	0.79350	0.00650
27	0.00884	0.00641	0.00843	0.00991	0.01063	0.00600	0.00701	0.01037	0.01393	0.01830	0.04094	0.60517	0.10035	0.02117	0.00895	0.00284	0.00432	0.10418	0.00647	0.00579
28	0.02452	0.01857	0.02089	0.01769	0.07837	0.01996	0.01343	0.56400	0.02953	0.04005	0.01601	0.01656	0.01164	0.00787	0.00679	0.00198	0.00747	0.00606	0.00640	0.09221

[dist]
# distance from previous block
# <min> <max>
0	1

[block]
# block no. 1 follows, 30 sequences, length 32
# corresponding to MSA columns:
# 496-506,526-546
name=unknown_B
#
# <colnr> <probs for GDERKNQSTAVLIFYWHMCP>
#	G	D	E	R	K	N	Q	S	T	A	V	L	I	F	Y	W	H	M	C	P
0	0.02128	0.01522	0.02443	0.02975	0.37899	0.01492	0.06998	0.02689	0.09384	0.22401	0.01909	0.02025	0.01397	0.00726	0.00707	0.00215	0.00758	0.00680	0.00537	0.01116
1	0.01318	0.01240	0.02093	0.73798	0.04806	0.01550	0.01938	0.01783	0.01395	0.01783	0.01240	0.01860	0.00930	0.00698	0.00698	0.00233	0.00930	0.00620	0.00310	0.00775
2	0.01223	0.00782	0.01116	0.01076	0.01224	0.00857	0.00816	0.01435	0.01196	0.08900	0.02014	0.02996	0.01870	0.16030	0.54095	0.00955	0.01545	0.00786	0.00433	0.00650
3	0.01736	0.01499	0.01578	0.01420	0.01815	0.01736	0.01105	0.03708	0.69862	0.02919	0.02840	0.02604	0.02130	0.00947	0.00710	0.00237	0.00552	0.00789	0.00710	0.01105
4	0.00905	0.00713	0.00818	0.00802	0.01005	0.00627	0.00608	0.01151	0.01752	0.02274	0.33493	0.06136	0.41346	0.01632	0.00830	0.00232	0.00355	0.04006	0.00698	0.00620
5	0.03111	0.01219	0.01639	0.01257	0.01797	0.01073	0.01038	0.06098	0.02050	0.68834	0.02709	0.02346	0.01705	0.00863	0.00702	0.00216	0.00601	0.00699	0.00857	0.01188
6	0.01120	0.00870	0.01045	0.01062	0.01230	0.00898	0.00770	0.01783	0.19409	0.02364	0.22398	0.36481	0.04520	0.01649	0.00825	0.00253	0.00422	0.01469	0.00698	0.00733
7	0.00946	0.00671	0.00895	0.01040	0.01110	0.00646	0.00761	0.01112	0.01380	0.01825	0.03630	0.48368	0.04226	0.09781	0.01190	0.00335	0.00502	0.20385	0.00623	0.00573
8	0.02772	0.01337	0.01660	0.01319	0.01829	0.01302	0.01075	0.10312	0.17179	0.49343	0.02660	0.02353	0.01760	0.00879	0.00703	0.00220	0.00603	0.00713	0.00812	0.01169
9	0.01301	0.00650	0.00650	0.00650	0.00813	0.00650	0.00488	0.01626	0.01463	0.02602	0.02276	0.02602	0.01789	0.00813	0.00488	0.00163	0.00325	0.00650	0.79350	0.00650
10	0.00936	0.00686	0.00854	0.00894	0.01016	0.00635	0.00643	0.01140	0.01581	0.02119	0.27010	0.25075	0.16400	0.10908	0.01192	0.00305	0.00424	0.06931	0.00661	0.00590
11	0.80405	0.01350	0.01026	0.00918	0.01350	0.01565	0.00756	0.02051	0.01188	0.03131	0.00972	0.01134	0.00756	0.00648	0.00432	0.00216	0.00540	0.00378	0.00432	0.00756
12	0.01015	0.00677	0.00761	0.00761	0.00761	0.00677	0.00423	0.01015	0.01015	0.01353	0.02199	0.04567	0.02537	0.75476	0.03552	0.00677	0.00677	0.01015	0.00423	0.00423
13	0.01135	0.00882	0.00996	0.00961	0.01211	0.00838	0.00769	0.09531	0.01857	0.02365	0.14571	0.06120	0.39521	0.01638	0.00837	0.00248	0.00461	0.14705	0.00670	0.00684
14	0.00834	0.00707	0.00720	0.00717	0.00948	0.00593	0.00538	0.01020	0.01613	0.01938	0.10748	0.06629	0.67128	0.01748	0.00825	0.00235	0.00352	0.01461	0.00655	0.00593
15	0.02279	0.01522	0.01753	0.01465	0.01907	0.01622	0.01228	0.40749	0.02630	0.12750	0.02398	0.03543	0.02069	0.01153	0.00775	0.00242	0.00709	0.19471	0.00704	0.01031
16	0.01015	0.00677	0.00761	0.00761	0.00761	0.00677	0.00423	0.01015	0.01015	0.01353	0.02199	0.04567	0.02537	0.75476	0.03552	0.00677	0.00677	0.01015	0.00423	0.00423
17	0.80405	0.01350	0.01026	0.00918	0.01350	0.01565	0.00756	0.02051	0.01188	0.03131	0.00972	0.01134	0.00756	0.00648	0.00432	0.00216	0.00540	0.00378	0.00432	0.00756
18	0.01124	0.00803	0.01124	0.01285	0.01446	0.00803	0.01124	0.01446	0.01606	0.02088	0.03695	0.07871	0.04016	0.01928	0.00964	0.00321	0.00643	0.66426	0.00643	0.00643
19	0.01318	0.01240	0.02093	0.73798	0.04806	0.01550	0.01938	0.01783	0.01395	0.01783	0.01240	0.01860	0.00930	0.00698	0.00698	0.00233	0.00930	0.00620	0.00310	0.00775
20	0.01425	0.00762	0.00789	0.00756	0.00959	0.00780	0.00575	0.01920	0.08643	0.05587	0.02356	0.02592	0.01822	0.00829	0.00520	0.00173	0.00360	0.00667	0.67763	0.00721
21	0.02612	0.03182	0.01990	0.01778	0.02158	0.65296	0.01346	0.09694	0.02114	0.01989	0.01141	0.01302	0.00929	0.00732	0.00636	0.00183	0.01207	0.00468	0.00395	0.00849
22	0.01124	0.00803	0.01124	0.01285	0.01446	0.00803	0.01124	0.01446	0.01606	0.02088	0.03695	0.07871	0.04016	0.01928	0.00964	0.00321	0.00643	0.66426	0.00643	0.00643
23	0.54499	0.01531	0.01359	0.01138	0.01605	0.01746	0.00936	0.21429	0.04775	0.03488	0.01256	0.01354	0.00940	0.00716	0.00521	0.00215	0.00606	0.00468	0.00521	0.00896
24	0.01426	0.00846	0.01168	0.01217	0.01434	0.00811	0.01032	0.01728	0.01694	0.13645	0.10565	0.10563	0.03941	0.01714	0.00902	0.00291	0.00588	0.45012	0.00693	0.00730
25	0.02907	0.01138	0.01548	0.01204	0.01704	0.00987	0.00987	0.03183	0.01995	0.64406	0.09869	0.02672	0.02236	0.00923	0.00714	0.00216	0.00566	0.00760	0.00854	0.01132
26	0.01727	0.01658	0.02832	0.04283	0.71123	0.01658	0.02142	0.02142	0.01589	0.02280	0.01313	0.01727	0.01105	0.00622	0.00691	0.00207	0.00829	0.00622	0.00345	0.01105
27	0.00898	0.00653	0.00854	0.01002	0.01062	0.00626	0.00684	0.01107	0.04320	0.01841	0.03797	0.69591	0.04487	0.02124	0.00885	0.00283	0.00419	0.04124	0.00650	0.00593
28	0.01745	0.01760	0.09046	0.02954	0.28701	0.01532	0.22275	0.02272	0.03731	0.09282	0.08077	0.02172	0.01681	0.00725	0.00743	0.00220	0.00875	0.00748	0.00446	0.01014
29	0.14192	0.00893	0.01079	0.01085	0.01251	0.00938	0.02762	0.01385	0.01334	0.02012	0.02931	0.12774	0.07568	0.20570	0.01573	0.00382	0.03571	0.22563	0.00530	0.00606
30	0.04873	0.02302	0.25914	0.02426	0.18922	0.03738	0.08900	0.05656	0.07897	0.05408	0.03734	0.02035	0.01395	0.00755	0.00699	0.00222	0.00875	0.02801	0.00429	0.01018
31	0.06844	0.04832	0.04418	0.01908	0.06068	0.38598	0.03535	0.02413	0.03782	0.01889	0.01115	0.01406	0.00949	0.00826	0.01020	0.00217	0.18469	0.00516	0.00357	0.00836

[dist]
# distance from previous block
# <min> <max>
1	78

[block]
# block no. 2 follows, 30 sequences, length 52
# corresponding to MSA columns:
# 625-676
name=unknown_C
#
# <colnr> <probs for GDERKNQSTAVLIFYWHMCP>
#	G	D	E	R	K	N	Q	S	T	A	V	L	I	F	Y	W	H	M	C	P
0	0.21044	0.01710	0.13128	0.01332	0.01904	0.01417	0.01244	0.05526	0.13115	0.29606	0.02051	0.01940	0.01402	0.00792	0.00632	0.00220	0.00653	0.00605	0.00634	0.01045
1	0.01386	0.01083	0.01256	0.01177	0.01453	0.01144	0.00940	0.09004	0.21196	0.02769	0.24720	0.04796	0.09941	0.01365	0.00808	0.00246	0.00505	0.14676	0.00708	0.00830
2	0.01413	0.03108	0.56452	0.01916	0.02801	0.01574	0.05819	0.02289	0.08581	0.02258	0.01590	0.06267	0.01259	0.00785	0.00691	0.00227	0.00950	0.00653	0.00363	0.01005
3	0.02630	0.01825	0.01990	0.01532	0.02076	0.01983	0.01264	0.59312	0.03081	0.11282	0.02001	0.01948	0.04005	0.00877	0.00703	0.00211	0.00733	0.00669	0.00713	0.01163
4	0.10719	0.01451	0.01760	0.01404	0.01834	0.01565	0.01160	0.17930	0.03983	0.34392	0.01989	0.01938	0.01366	0.00903	0.00962	0.00231	0.14037	0.00637	0.00675	0.01063
5	0.00950	0.00703	0.00890	0.00886	0.01046	0.00643	0.00663	0.01226	0.01805	0.02469	0.47308	0.14918	0.16817	0.01614	0.00841	0.00237	0.00362	0.05262	0.00725	0.00634
6	0.01866	0.75896	0.03657	0.01194	0.01791	0.02761	0.01194	0.02090	0.01418	0.01642	0.00970	0.01119	0.00896	0.00597	0.00448	0.00149	0.00746	0.00373	0.00299	0.00896
7	0.02702	0.01875	0.02045	0.01568	0.02124	0.02046	0.01295	0.62000	0.03148	0.11382	0.01787	0.01748	0.01243	0.00840	0.00698	0.00210	0.00750	0.00636	0.00715	0.01187
8	0.02702	0.01875	0.02045	0.01568	0.02124	0.02046	0.01295	0.62000	0.03148	0.11382	0.01787	0.01748	0.01243	0.00840	0.00698	0.00210	0.00750	0.00636	0.00715	0.01187
9	0.00980	0.00693	0.00812	0.00812	0.00872	0.00694	0.00515	0.01051	0.01129	0.01486	0.02958	0.04624	0.13826	0.51512	0.14555	0.00677	0.00820	0.01047	0.00452	0.00484
10	0.01015	0.00677	0.00761	0.00761	0.00761	0.00677	0.00423	0.01015	0.01015	0.01353	0.02199	0.04567	0.02537	0.75476	0.03552	0.00677	0.00677	0.01015	0.00423	0.00423
11	0.01518	0.00702	0.01023	0.00966	0.01057	0.00674	0.00677	0.01324	0.01104	0.12896	0.01557	0.04645	0.01413	0.02158	0.02329	0.63823	0.00597	0.00669	0.00408	0.00459
12	0.80405	0.01350	0.01026	0.00918	0.01350	0.01565	0.00756	0.02051	0.01188	0.03131	0.00972	0.01134	0.00756	0.00648	0.00432	0.00216	0.00540	0.00378	0.00432	0.00756
13	0.00997	0.00748	0.01121	0.01121	0.01246	0.00872	0.00872	0.01246	0.01121	0.01620	0.01869	0.02741	0.01745	0.05234	0.72710	0.01121	0.01869	0.00748	0.00374	0.00623
14	0.00867	0.00614	0.00805	0.00950	0.00986	0.00578	0.00624	0.00976	0.01303	0.01737	0.03675	0.67699	0.04399	0.09802	0.01167	0.00324	0.00433	0.01883	0.00624	0.00552
15	0.00917	0.00707	0.00836	0.00811	0.01001	0.00627	0.00606	0.01177	0.01797	0.02392	0.42537	0.08061	0.32832	0.01590	0.00826	0.00228	0.00342	0.01371	0.00715	0.00627
16	0.01736	0.01499	0.01578	0.01420	0.01815	0.01736	0.01105	0.03708	0.69862	0.02919	0.02840	0.02604	0.02130	0.00947	0.00710	0.00237	0.00552	0.00789	0.00710	0.01105
17	0.01647	0.01882	0.04118	0.02941	0.03647	0.01765	0.68588	0.02235	0.01647	0.02235	0.01412	0.01882	0.01059	0.00588	0.00824	0.00235	0.01176	0.00824	0.00353	0.00941
18	0.00932	0.00711	0.00856	0.00820	0.01009	0.00635	0.00615	0.01210	0.01845	0.02488	0.49134	0.05723	0.28399	0.01542	0.00824	0.00225	0.00337	0.01334	0.00727	0.00635
19	0.01447	0.01240	0.01447	0.01034	0.01654	0.00930	0.00827	0.01757	0.01447	0.02274	0.01240	0.01447	0.01034	0.00517	0.00517	0.00103	0.00517	0.00413	0.00413	0.79742
20	0.80405	0.01350	0.01026	0.00918	0.01350	0.01565	0.00756	0.02051	0.01188	0.03131	0.00972	0.01134	0.00756	0.00648	0.00432	0.00216	0.00540	0.00378	0.00432	0.00756
21	0.80405	0.01350	0.01026	0.00918	0.01350	0.01565	0.00756	0.02051	0.01188	0.03131	0.00972	0.01134	0.00756	0.00648	0.00432	0.00216	0.00540	0.00378	0.00432	0.00756
22	0.00997	0.00672	0.00781	0.00798	0.00808	0.00673	0.00465	0.01020	0.01053	0.01409	0.02356	0.11811	0.02719	0.64889	0.06200	0.00654	0.00699	0.01104	0.00444	0.00446
23	0.00851	0.00639	0.00778	0.00886	0.00981	0.00578	0.00604	0.00982	0.01394	0.01791	0.04692	0.52193	0.23466	0.05483	0.00996	0.00288	0.00403	0.01792	0.00637	0.00566
24	0.03131	0.01188	0.01619	0.01242	0.01781	0.01026	0.01026	0.03401	0.01997	0.71606	0.02753	0.02375	0.01727	0.00864	0.00702	0.00216	0.00594	0.00702	0.00864	0.01188
25	0.02644	0.01846	0.02012	0.01556	0.02102	0.02019	0.01281	0.57881	0.07361	0.11288	0.01861	0.01807	0.01303	0.00847	0.00699	0.00212	0.00736	0.00646	0.00716	0.01182
26	0.01434	0.01053	0.01600	0.04650	0.21441	0.01032	0.01281	0.01721	0.01559	0.09259	0.03000	0.19967	0.06493	0.03325	0.00891	0.00271	0.00634	0.19014	0.00564	0.00812
27	0.01001	0.00731	0.01039	0.01039	0.01136	0.00828	0.00770	0.01193	0.01097	0.01559	0.01944	0.03158	0.01925	0.21251	0.56940	0.01020	0.01597	0.00809	0.00385	0.00577
28	0.01447	0.01240	0.01447	0.01034	0.01654	0.00930	0.00827	0.01757	0.01447	0.02274	0.01240	0.01447	0.01034	0.00517	0.00517	0.00103	0.00517	0.00413	0.00413	0.79742
29	0.03131	0.01188	0.01619	0.01242	0.01781	0.01026	0.01026	0.03401	0.01997	0.71606	0.02753	0.02375	0.01727	0.00864	0.00702	0.00216	0.00594	0.00702	0.00864	0.01188
30	0.02607	0.03326	0.01978	0.01798	0.02157	0.72674	0.01348	0.02787	0.01978	0.01708	0.01079	0.01258	0.00899	0.00719	0.00629	0.00180	0.01258	0.00449	0.00360	0.00809
31	0.01540	0.01458	0.02470	0.31889	0.41911	0.01581	0.02020	0.01971	0.01512	0.02074	0.01378	0.02024	0.01151	0.00704	0.00704	0.00222	0.00862	0.03230	0.00343	0.00955
32	0.00840	0.00691	0.00739	0.00762	0.00961	0.00590	0.00558	0.01017	0.01573	0.01927	0.10693	0.18038	0.55566	0.01815	0.00836	0.00243	0.00360	0.01544	0.00656	0.00590
33	0.01015	0.00677	0.00761	0.00761	0.00761	0.00677	0.00423	0.01015	0.01015	0.01353	0.02199	0.04567	0.02537	0.75476	0.03552	0.00677	0.00677	0.01015	0.00423	0.00423
34	0.80405	0.01350	0.01026	0.00918	0.01350	0.01565	0.00756	0.02051	0.01188	0.03131	0.00972	0.01134	0.00756	0.00648	0.00432	0.00216	0.00540	0.00378	0.00432	0.00756
35	0.06436	0.00963	0.01121	0.01096	0.01340	0.00978	0.00820	0.02052	0.17274	0.12560	0.03578	0.34012	0.09785	0.01557	0.00788	0.00255	0.00478	0.03427	0.00681	0.00800
36	0.03044	0.01327	0.01706	0.01308	0.01851	0.01233	0.01080	0.15316	0.02231	0.59361	0.02557	0.02248	0.01629	0.00859	0.00701	0.00215	0.00626	0.00688	0.00834	0.01187
37	0.00825	0.00707	0.00707	0.00707	0.00943	0.00589	0.00530	0.01001	0.01591	0.01885	0.07069	0.06716	0.70839	0.01767	0.00825	0.00236	0.00353	0.01473	0.00648	0.00589
38	0.17528	0.01056	0.01267	0.01053	0.01443	0.01005	0.00846	0.02419	0.01831	0.34513	0.25808	0.03109	0.03209	0.01015	0.00691	0.00217	0.00492	0.00831	0.00746	0.00921
39	0.01512	0.01049	0.01156	0.01044	0.01349	0.01069	0.00817	0.09839	0.15948	0.08346	0.09221	0.07151	0.22449	0.01276	0.00737	0.00225	0.00471	0.03693	0.11818	0.00831
40	0.02653	0.01955	0.02094	0.01606	0.02164	0.02164	0.01326	0.68796	0.03281	0.04398	0.01675	0.01675	0.01187	0.00838	0.00698	0.00209	0.00768	0.00628	0.00698	0.01187
41	0.02719	0.01467	0.01722	0.01337	0.01844	0.01486	0.01099	0.32044	0.02505	0.34384	0.02225	0.02091	0.01496	0.00847	0.00677	0.00207	0.00641	0.00664	0.09417	0.01128
42	0.01143	0.00829	0.00942	0.00931	0.01023	0.00862	0.00606	0.03571	0.11550	0.01825	0.05370	0.17480	0.02989	0.45080	0.02422	0.00503	0.00595	0.01161	0.00531	0.00586
43	0.00871	0.00616	0.00804	0.00946	0.00981	0.00580	0.00620	0.00977	0.01296	0.01729	0.03643	0.66326	0.04359	0.11231	0.01219	0.00332	0.00438	0.01864	0.00620	0.00549
44	0.02410	0.02998	0.02007	0.01804	0.02098	0.59823	0.01381	0.02585	0.01812	0.01703	0.01049	0.01307	0.00902	0.00811	0.00932	0.00203	0.14548	0.00479	0.00350	0.00801
45	0.00906	0.00644	0.00859	0.01010	0.01068	0.00613	0.00713	0.01053	0.01361	0.01805	0.03717	0.59435	0.04385	0.06782	0.01071	0.00315	0.00461	0.12600	0.00633	0.00570
46	0.01288	0.00729	0.00926	0.00939	0.01048	0.00683	0.00628	0.01390	0.01328	0.13194	0.03061	0.37154	0.03375	0.28836	0.01835	0.00416	0.00536	0.01416	0.00601	0.00617
47	0.00944	0.00699	0.00880	0.00861	0.01022	0.00636	0.00636	0.01222	0.01832	0.02521	0.51882	0.14142	0.16987	0.01578	0.00832	0.00230	0.00343	0.01387	0.00733	0.00636
48	0.01447	0.01240	0.01447	0.01034	0.01654	0.00930	0.00827	0.01757	0.01447	0.02274	0.01240	0.01447	0.01034	0.00517	0.00517	0.00103	0.00517	0.00413	0.00413	0.79742
49	0.48257	0.01201	0.01099	0.00952	0.01330	0.01295	0.00749	0.03833	0.01374	0.09946	0.06082	0.02074	0.01540	0.11647	0.00955	0.00276	0.00556	0.00573	0.00504	0.05756
50	0.02725	0.01140	0.01497	0.01184	0.01670	0.01012	0.00966	0.03096	0.06249	0.57525	0.05667	0.02943	0.09111	0.00983	0.00719	0.00219	0.00557	0.00808	0.00828	0.01101
51	0.01127	0.00808	0.01043	0.01117	0.01279	0.00814	0.00885	0.01502	0.07311	0.04158	0.03729	0.21306	0.10975	0.06120	0.08496	0.00395	0.00678	0.26977	0.00617	0.00663

[dist]
# distance from previous block
# <min> <max>
2	4

[block]
# block no. 3 follows, 30 sequences, length 15
# corresponding to MSA columns:
# 681-695
name=unknown_D
#
# <colnr> <probs for GDERKNQSTAVLIFYWHMCP>
#	G	D	E	R	K	N	Q	S	T	A	V	L	I	F	Y	W	H	M	C	P
0	0.15881	0.01260	0.01370	0.01012	0.01598	0.01046	0.00814	0.01811	0.01400	0.02431	0.01191	0.01390	0.00983	0.00541	0.00501	0.00124	0.00521	0.00407	0.00417	0.65302
1	0.06726	0.01172	0.01297	0.01161	0.01422	0.04417	0.00919	0.01966	0.10784	0.10687	0.08217	0.03740	0.23867	0.01592	0.06820	0.00311	0.12573	0.00953	0.00586	0.00789
2	0.01368	0.04616	0.01153	0.00970	0.01208	0.00823	0.00757	0.01626	0.01764	0.13798	0.32633	0.11067	0.13060	0.05276	0.00943	0.00255	0.00449	0.06799	0.00706	0.00728
3	0.01219	0.21201	0.01671	0.01001	0.01272	0.01260	0.00821	0.01527	0.04053	0.02188	0.29845	0.16250	0.08543	0.01534	0.04389	0.00259	0.00544	0.01118	0.00589	0.00716
4	0.00947	0.00738	0.00877	0.00918	0.01118	0.00668	0.00740	0.01194	0.01659	0.02101	0.16552	0.06833	0.39030	0.01762	0.00869	0.00260	0.00441	0.22009	0.00666	0.00618
5	0.04946	0.00718	0.00777	0.00807	0.00974	0.00687	0.00602	0.01288	0.01461	0.02138	0.06294	0.13199	0.23527	0.08926	0.01007	0.00273	0.00424	0.08303	0.23046	0.00604
6	0.00941	0.00695	0.00879	0.00868	0.01023	0.00633	0.00638	0.01214	0.01813	0.02496	0.50367	0.16998	0.15643	0.01602	0.00835	0.00232	0.00345	0.01412	0.00731	0.00633
7	0.01511	0.01536	0.02904	0.36215	0.18432	0.01642	0.23529	0.02005	0.01518	0.02034	0.01311	0.01839	0.01009	0.00646	0.00737	0.00228	0.00988	0.00686	0.00331	0.00899
8	0.01043	0.00734	0.00901	0.00846	0.01049	0.00656	0.00639	0.01325	0.01866	0.05819	0.49168	0.05510	0.24858	0.01498	0.00818	0.00224	0.00349	0.01296	0.00738	0.00664
9	0.01380	0.00769	0.00958	0.00975	0.01154	0.00730	0.00716	0.01672	0.04874	0.13599	0.03383	0.38505	0.05661	0.01586	0.00765	0.00244	0.00435	0.04337	0.17537	0.00718
10	0.01673	0.01810	0.03702	0.03375	0.25461	0.01730	0.47106	0.02205	0.01628	0.02250	0.01380	0.01832	0.01074	0.00599	0.00781	0.00226	0.01064	0.00758	0.00351	0.00994
11	0.80405	0.01350	0.01026	0.00918	0.01350	0.01565	0.00756	0.02051	0.01188	0.03131	0.00972	0.01134	0.00756	0.00648	0.00432	0.00216	0.00540	0.00378	0.00432	0.00756
12	0.00903	0.00629	0.00794	0.00905	0.00932	0.00602	0.00576	0.00985	0.01234	0.01645	0.03322	0.52613	0.03954	0.25496	0.01737	0.00408	0.00491	0.01676	0.00576	0.00521
13	0.01155	0.00743	0.00954	0.00884	0.01047	0.00690	0.00643	0.01420	0.01801	0.07757	0.53060	0.04879	0.05476	0.14921	0.01313	0.00303	0.00413	0.01174	0.00712	0.00656
14	0.01400	0.03610	0.71860	0.01989	0.03020	0.01621	0.02578	0.02210	0.01473	0.02210	0.01252	0.01473	0.00884	0.00663	0.00663	0.00221	0.01031	0.00516	0.00295	0.01031

[dist]
# distance from previous block
# <min> <max>
0	8

[block]
# block no. 4 follows, 30 sequences, length 50
# corresponding to MSA columns:
# 718-767
name=unknown_E
#
# <colnr> <probs for GDERKNQSTAVLIFYWHMCP>
#	G	D	E	R	K	N	Q	S	T	A	V	L	I	F	Y	W	H	M	C	P
0	0.80405	0.01350	0.01026	0.00918	0.01350	0.01565	0.00756	0.02051	0.01188	0.03131	0.00972	0.01134	0.00756	0.00648	0.00432	0.00216	0.00540	0.00378	0.00432	0.00756
1	0.00825	0.00707	0.00707	0.00707	0.00943	0.00589	0.00530	0.01001	0.01591	0.01885	0.07069	0.06716	0.70839	0.01767	0.00825	0.00236	0.00353	0.01473	0.00648	0.00589
2	0.01205	0.00623	0.00928	0.00941	0.00955	0.00623	0.00650	0.00955	0.00969	0.01287	0.01424	0.02613	0.01452	0.02382	0.02577	0.72913	0.00609	0.06232	0.00332	0.00332
3	0.01436	0.01361	0.02306	0.53782	0.23901	0.01581	0.01997	0.01886	0.01451	0.01926	0.01261	0.01822	0.00981	0.00676	0.00696	0.00225	0.00901	0.00621	0.00320	0.00870
4	0.01105	0.00855	0.00971	0.00973	0.01049	0.04688	0.00674	0.01227	0.01181	0.01562	0.04471	0.04140	0.02471	0.41796	0.23700	0.00737	0.01049	0.06386	0.00435	0.00530
5	0.01212	0.00606	0.00909	0.00909	0.00909	0.00606	0.00606	0.00909	0.00909	0.01212	0.01212	0.02121	0.01212	0.02424	0.02727	0.79697	0.00606	0.00606	0.00303	0.00303
6	0.03131	0.01188	0.01619	0.01242	0.01781	0.01026	0.01026	0.03401	0.01997	0.71606	0.02753	0.02375	0.01727	0.00864	0.00702	0.00216	0.00594	0.00702	0.00864	0.01188
7	0.01447	0.01240	0.01447	0.01034	0.01654	0.00930	0.00827	0.01757	0.01447	0.02274	0.01240	0.01447	0.01034	0.00517	0.00517	0.00103	0.00517	0.00413	0.00413	0.79742
8	0.01447	0.01240	0.01447	0.01034	0.01654	0.00930	0.00827	0.01757	0.01447	0.02274	0.01240	0.01447	0.01034	0.00517	0.00517	0.00103	0.00517	0.00413	0.00413	0.79742
9	0.00905	0.00646	0.00873	0.01034	0.01099	0.00614	0.00743	0.01066	0.01390	0.01843	0.03816	0.61597	0.04496	0.02135	0.00905	0.00291	0.00452	0.14866	0.00647	0.00582
10	0.01400	0.03610	0.71860	0.01989	0.03020	0.01621	0.02578	0.02210	0.01473	0.02210	0.01252	0.01473	0.00884	0.00663	0.00663	0.00221	0.01031	0.00516	0.00295	0.01031
11	0.01318	0.01240	0.02093	0.73798	0.04806	0.01550	0.01938	0.01783	0.01395	0.01783	0.01240	0.01860	0.00930	0.00698	0.00698	0.00233	0.00930	0.00620	0.00310	0.00775
12	0.02653	0.01955	0.02094	0.01606	0.02164	0.02164	0.01326	0.68796	0.03281	0.04398	0.01675	0.01675	0.01187	0.00838	0.00698	0.00209	0.00768	0.00628	0.00698	0.01187
13	0.01345	0.01268	0.02142	0.69239	0.09156	0.01557	0.01951	0.01806	0.01408	0.01816	0.01245	0.01852	0.00942	0.00693	0.00697	0.00231	0.00924	0.00620	0.00312	0.00797
14	0.00850	0.00607	0.00810	0.00972	0.01012	0.00567	0.00648	0.00972	0.01336	0.01781	0.03846	0.75020	0.04615	0.02186	0.00891	0.00283	0.00405	0.01984	0.00648	0.00567
15	0.03131	0.01188	0.01619	0.01242	0.01781	0.01026	0.01026	0.03401	0.01997	0.71606	0.02753	0.02375	0.01727	0.00864	0.00702	0.00216	0.00594	0.00702	0.00864	0.01188
16	0.01736	0.01499	0.01578	0.01420	0.01815	0.01736	0.01105	0.03708	0.69862	0.02919	0.02840	0.02604	0.02130	0.00947	0.00710	0.00237	0.00552	0.00789	0.00710	0.01105
17	0.00889	0.00635	0.00854	0.01016	0.01073	0.00600	0.00715	0.01038	0.01374	0.01824	0.03825	0.65609	0.04531	0.02150	0.00901	0.00289	0.00438	0.11015	0.00647	0.00577
18	0.03131	0.01188	0.01619	0.01242	0.01781	0.01026	0.01026	0.03401	0.01997	0.71606	0.02753	0.02375	0.01727	0.00864	0.00702	0.00216	0.00594	0.00702	0.00864	0.01188
19	0.01015	0.00677	0.00761	0.00761	0.00761	0.00677	0.00423	0.01015	0.01015	0.01353	0.02199	0.04567	0.02537	0.75476	0.03552	0.00677	0.00677	0.01015	0.00423	0.00423
20	0.01878	0.01207	0.01267	0.01058	0.01390	0.01297	0.00846	0.30315	0.02240	0.03369	0.02020	0.02206	0.01532	0.00824	0.00578	0.00183	0.00514	0.00641	0.45757	0.00879
21	0.80405	0.01350	0.01026	0.00918	0.01350	0.01565	0.00756	0.02051	0.01188	0.03131	0.00972	0.01134	0.00756	0.00648	0.00432	0.00216	0.00540	0.00378	0.00432	0.00756
22	0.02341	0.01704	0.01816	0.01440	0.01919	0.01885	0.01174	0.51013	0.10818	0.03953	0.01903	0.01924	0.01388	0.00847	0.00668	0.00206	0.00676	0.00650	0.12580	0.01096
23	0.00997	0.00748	0.01121	0.01121	0.01246	0.00872	0.00872	0.01246	0.01121	0.01620	0.01869	0.02741	0.01745	0.05234	0.72710	0.01121	0.01869	0.00748	0.00374	0.00623
24	0.03131	0.01188	0.01619	0.01242	0.01781	0.01026	0.01026	0.03401	0.01997	0.71606	0.02753	0.02375	0.01727	0.00864	0.00702	0.00216	0.00594	0.00702	0.00864	0.01188
25	0.58154	0.01303	0.01197	0.01011	0.01474	0.01410	0.00833	0.02440	0.01421	0.22848	0.01485	0.01491	0.01036	0.00710	0.00510	0.00216	0.00555	0.00471	0.00556	0.00880
26	0.00967	0.00718	0.00907	0.00895	0.01068	0.00658	0.00687	0.01259	0.01838	0.02508	0.48673	0.08325	0.18388	0.01575	0.00842	0.00236	0.00372	0.08715	0.00727	0.00640
27	0.01008	0.00727	0.00962	0.00939	0.01103	0.00680	0.00729	0.01336	0.01920	0.02691	0.60625	0.05614	0.06196	0.01502	0.00844	0.00235	0.00377	0.11105	0.00749	0.00656
28	0.00885	0.00691	0.00768	0.00779	0.00942	0.00612	0.00552	0.01055	0.01538	0.01950	0.17010	0.14963	0.40764	0.12896	0.01245	0.00306	0.00405	0.01433	0.00635	0.00573
29	0.73759	0.01401	0.01117	0.00976	0.01419	0.01617	0.00805	0.07756	0.01367	0.03239	0.01032	0.01180	0.00793	0.00664	0.00455	0.00215	0.00559	0.00399	0.00455	0.00793
30	0.01059	0.00756	0.01049	0.01210	0.01342	0.00747	0.01010	0.01332	0.01542	0.02015	0.03731	0.23972	0.04160	0.01990	0.00946	0.00312	0.00586	0.50974	0.00644	0.00624
31	0.01447	0.01240	0.01447	0.01034	0.01654	0.00930	0.00827	0.01757	0.01447	0.02274	0.01240	0.01447	0.01034	0.00517	0.00517	0.00103	0.00517	0.00413	0.00413	0.79742
32	0.00865	0.00636	0.00816	0.00953	0.01031	0.00586	0.00662	0.01008	0.01393	0.01818	0.04323	0.60126	0.14578	0.02105	0.00886	0.00279	0.00413	0.06298	0.00647	0.00575
33	0.07655	0.01821	0.01920	0.01492	0.02013	0.02016	0.01229	0.59582	0.03013	0.04185	0.01673	0.01707	0.01202	0.00823	0.00665	0.00206	0.00721	0.00613	0.06344	0.01120
34	0.73759	0.01401	0.01117	0.00976	0.01419	0.01617	0.00805	0.07756	0.01367	0.03239	0.01032	0.01180	0.00793	0.00664	0.00455	0.00215	0.00559	0.00399	0.00455	0.00793
35	0.00946	0.00912	0.06884	0.00977	0.01170	0.00704	0.00788	0.01173	0.01436	0.01941	0.09562	0.34637	0.19268	0.04730	0.06962	0.00340	0.00569	0.01469	0.04907	0.00623
36	0.00850	0.00607	0.00810	0.00972	0.01012	0.00567	0.00648	0.00972	0.01336	0.01781	0.03846	0.75020	0.04615	0.02186	0.00891	0.00283	0.00405	0.01984	0.00648	0.00567
37	0.02063	0.01441	0.01539	0.01307	0.01708	0.05316	0.01034	0.13936	0.26794	0.16864	0.12886	0.02835	0.04360	0.00989	0.00714	0.00220	0.00588	0.00811	0.03573	0.01021
38	0.15511	0.23353	0.02527	0.06413	0.08047	0.06025	0.05569	0.14499	0.01804	0.06343	0.01278	0.01461	0.01002	0.00697	0.00626	0.00197	0.02747	0.00516	0.00438	0.00946
39	0.11776	0.01021	0.01299	0.07320	0.01605	0.01135	0.00932	0.03974	0.07263	0.10038	0.01590	0.02124	0.01338	0.04298	0.07633	0.29355	0.05559	0.00632	0.00444	0.00665
40	0.01007	0.00765	0.00848	0.00839	0.01001	0.00715	0.00589	0.05474	0.01558	0.01989	0.10639	0.17424	0.33475	0.18830	0.01460	0.00343	0.00462	0.01380	0.00610	0.00592
41	0.52211	0.01644	0.01407	0.01178	0.01644	0.05644	0.00964	0.22637	0.01875	0.03443	0.01194	0.01307	0.00896	0.00710	0.00525	0.00212	0.00649	0.00459	0.00510	0.00891
42	0.01195	0.00685	0.00992	0.00957	0.01031	0.00680	0.00671	0.01040	0.00992	0.01374	0.01329	0.02172	0.01290	0.02751	0.14729	0.59207	0.00818	0.00614	0.00325	0.07148
43	0.01701	0.01618	0.02789	0.02483	0.13775	0.01664	0.27971	0.06054	0.15533	0.04503	0.01915	0.08234	0.01605	0.00868	0.00874	0.00238	0.05863	0.00854	0.00480	0.00978
44	0.02853	0.01297	0.01651	0.01288	0.01801	0.01222	0.01056	0.13184	0.06476	0.53348	0.06320	0.02439	0.01937	0.00896	0.00708	0.00216	0.00603	0.00727	0.00824	0.01153
45	0.01872	0.01416	0.01622	0.01193	0.01791	0.01248	0.00967	0.18753	0.01948	0.07801	0.01459	0.01571	0.01122	0.00623	0.00576	0.00138	0.00586	0.00488	0.00518	0.54309
46	0.01186	0.00802	0.00886	0.00879	0.00896	0.00778	0.00503	0.01141	0.01123	0.01515	0.02335	0.04709	0.02651	0.73583	0.03543	0.00694	0.00729	0.01054	0.00477	0.00515
47	0.01170	0.00866	0.01210	0.01203	0.01332	0.00954	0.00907	0.01349	0.01219	0.01755	0.02039	0.03067	0.01938	0.10397	0.65754	0.01094	0.01801	0.00814	0.00433	0.00695
48	0.01553	0.00893	0.01045	0.00969	0.01089	0.00837	0.00621	0.01573	0.01347	0.13832	0.06186	0.04363	0.02732	0.56531	0.02897	0.00589	0.00695	0.01013	0.00573	0.00661
49	0.01169	0.00871	0.01237	0.01230	0.01368	0.00968	0.00940	0.01366	0.01227	0.01775	0.02014	0.02933	0.01880	0.05220	0.70851	0.01127	0.01889	0.00794	0.00430	0.00710

[dist]
# distance from previous block
# <min> <max>
0	22

[block]
# block no. 5 follows, 30 sequences, length 40
# corresponding to MSA columns:
# 790-829
name=unknown_F
#
# <colnr> <probs for GDERKNQSTAVLIFYWHMCP>
#	G	D	E	R	K	N	Q	S	T	A	V	L	I	F	Y	W	H	M	C	P
0	0.78629	0.01447	0.01133	0.01021	0.01458	0.01636	0.00820	0.02141	0.01282	0.03235	0.01126	0.01347	0.00903	0.00747	0.00500	0.00243	0.00591	0.00429	0.00481	0.00832
1	0.01052	0.00750	0.00917	0.00879	0.01057	0.00697	0.00651	0.01365	0.04113	0.04625	0.42309	0.07872	0.18508	0.08797	0.01091	0.00274	0.00397	0.03296	0.00703	0.00650
2	0.01512	0.00913	0.01083	0.00992	0.01192	0.00912	0.00734	0.10385	0.01700	0.10411	0.12069	0.08678	0.03004	0.24627	0.01624	0.00368	0.00561	0.07086	0.11441	0.00707
3	0.80405	0.01350	0.01026	0.00918	0.01350	0.01565	0.00756	0.02051	0.01188	0.03131	0.00972	0.01134	0.00756	0.00648	0.00432	0.00216	0.00540	0.00378	0.00432	0.00756
4	0.00881	0.00672	0.00811	0.00868	0.01008	0.00602	0.00623	0.01074	0.01577	0.02056	0.20059	0.33448	0.28133	0.01861	0.00855	0.00253	0.00377	0.03570	0.00675	0.00598
5	0.01008	0.00834	0.00891	0.00863	0.01099	0.00792	0.00646	0.01497	0.12932	0.02173	0.15742	0.08293	0.44889	0.04116	0.00901	0.00250	0.00396	0.01331	0.00669	0.00679
6	0.01212	0.00606	0.00909	0.00909	0.00909	0.00606	0.00606	0.00909	0.00909	0.01212	0.01212	0.02121	0.01212	0.02424	0.02727	0.79697	0.00606	0.00606	0.00303	0.00303
7	0.00997	0.00748	0.01121	0.01121	0.01246	0.00872	0.00872	0.01246	0.01121	0.01620	0.01869	0.02741	0.01745	0.05234	0.72710	0.01121	0.01869	0.00748	0.00374	0.00623
8	0.05676	0.00760	0.00914	0.00938	0.01108	0.00741	0.00719	0.01487	0.01538	0.06815	0.13715	0.18549	0.05989	0.06791	0.00957	0.00273	0.00460	0.14013	0.17900	0.00656
9	0.01256	0.00734	0.00876	0.00848	0.00936	0.00710	0.00550	0.01348	0.01255	0.09184	0.06713	0.08599	0.02840	0.50378	0.02603	0.00526	0.00605	0.03769	0.05721	0.00553
10	0.01212	0.00606	0.00909	0.00909	0.00909	0.00606	0.00606	0.00909	0.00909	0.01212	0.01212	0.02121	0.01212	0.02424	0.02727	0.79697	0.00606	0.00606	0.00303	0.00303
11	0.00846	0.00623	0.00794	0.00931	0.01001	0.00570	0.00630	0.00976	0.01375	0.01797	0.04345	0.64451	0.14863	0.02121	0.00880	0.00276	0.00397	0.01905	0.00648	0.00570
12	0.01212	0.00606	0.00909	0.00909	0.00909	0.00606	0.00606	0.00909	0.00909	0.01212	0.01212	0.02121	0.01212	0.02424	0.02727	0.79697	0.00606	0.00606	0.00303	0.00303
13	0.00850	0.00607	0.00810	0.00972	0.01012	0.00567	0.00648	0.00972	0.01336	0.01781	0.03846	0.75020	0.04615	0.02186	0.00891	0.00283	0.00405	0.01984	0.00648	0.00567
14	0.01852	0.01146	0.01326	0.01122	0.01463	0.01177	0.00889	0.16134	0.11203	0.14699	0.23536	0.03180	0.03185	0.01035	0.00701	0.00209	0.00494	0.00862	0.14870	0.00916
15	0.01015	0.00677	0.00761	0.00761	0.00761	0.00677	0.00423	0.01015	0.01015	0.01353	0.02199	0.04567	0.02537	0.75476	0.03552	0.00677	0.00677	0.01015	0.00423	0.00423
16	0.01400	0.03610	0.71860	0.01989	0.03020	0.01621	0.02578	0.02210	0.01473	0.02210	0.01252	0.01473	0.00884	0.00663	0.00663	0.00221	0.01031	0.00516	0.00295	0.01031
17	0.01832	0.01857	0.02585	0.13070	0.49927	0.12088	0.01971	0.04368	0.01676	0.02199	0.01281	0.01674	0.01054	0.00653	0.00683	0.00207	0.00904	0.00596	0.00354	0.01021
18	0.01447	0.01240	0.01447	0.01034	0.01654	0.00930	0.00827	0.01757	0.01447	0.02274	0.01240	0.01447	0.01034	0.00517	0.00517	0.00103	0.00517	0.00413	0.00413	0.79742
19	0.02234	0.01613	0.01995	0.23849	0.02894	0.01811	0.01456	0.39458	0.02510	0.09799	0.01664	0.01833	0.01181	0.00796	0.00690	0.00215	0.00785	0.00633	0.03542	0.01040
20	0.01700	0.01678	0.02825	0.06395	0.56446	0.04008	0.08658	0.02118	0.01579	0.02207	0.01338	0.01779	0.01118	0.00842	0.04094	0.00253	0.00931	0.00642	0.00347	0.01045
21	0.01527	0.01527	0.02137	0.01832	0.01832	0.02137	0.01527	0.01679	0.01069	0.01679	0.00916	0.01527	0.00916	0.01221	0.02290	0.00305	0.74198	0.00611	0.00305	0.00763
22	0.01447	0.01240	0.01447	0.01034	0.01654	0.00930	0.00827	0.01757	0.01447	0.02274	0.01240	0.01447	0.01034	0.00517	0.00517	0.00103	0.00517	0.00413	0.00413	0.79742
23	0.02134	0.01313	0.01503	0.01254	0.01644	0.01402	0.01005	0.16341	0.20098	0.19848	0.05587	0.02435	0.01930	0.00912	0.00733	0.00213	0.03634	0.00722	0.16274	0.01017
24	0.00825	0.00707	0.00707	0.00707	0.00943	0.00589	0.00530	0.01001	0.01591	0.01885	0.07069	0.06716	0.70839	0.01767	0.00825	0.00236	0.00353	0.01473	0.00648	0.00589
25	0.02418	0.05488	0.06676	0.01588	0.02159	0.02103	0.01374	0.53117	0.11435	0.03939	0.01761	0.01753	0.01272	0.00829	0.00685	0.00211	0.00757	0.00629	0.00654	0.01153
26	0.10480	0.01203	0.01302	0.01098	0.01504	0.05665	0.00870	0.02416	0.04073	0.32599	0.05354	0.08133	0.16481	0.01116	0.00702	0.00218	0.00555	0.00908	0.00695	0.04628
27	0.01527	0.01450	0.02405	0.28147	0.30909	0.01496	0.06105	0.01952	0.01499	0.02101	0.01280	0.01734	0.01028	0.00628	0.00671	0.00199	0.00831	0.00597	0.00346	0.15096
28	0.01400	0.03610	0.71860	0.01989	0.03020	0.01621	0.02578	0.02210	0.01473	0.02210	0.01252	0.01473	0.00884	0.00663	0.00663	0.00221	0.01031	0.00516	0.00295	0.01031
29	0.00867	0.00619	0.00829	0.00990	0.01038	0.00581	0.00676	0.01000	0.01352	0.01800	0.03837	0.70998	0.04579	0.02171	0.00895	0.00286	0.00419	0.05844	0.00647	0.00571
30	0.01471	0.01331	0.02031	0.20011	0.23868	0.01501	0.01632	0.02111	0.12804	0.02129	0.01819	0.02606	0.01577	0.01402	0.09291	0.00343	0.05722	0.07025	0.00427	0.00901
31	0.00997	0.00748	0.01121	0.01121	0.01246	0.00872	0.00872	0.01246	0.01121	0.01620	0.01869	0.02741	0.01745	0.05234	0.72710	0.01121	0.01869	0.00748	0.00374	0.00623
32	0.00825	0.00707	0.00707	0.00707	0.00943	0.00589	0.00530	0.01001	0.01591	0.01885	0.07069	0.06716	0.70839	0.01767	0.00825	0.00236	0.00353	0.01473	0.00648	0.00589
33	0.01416	0.03496	0.67419	0.02051	0.03061	0.01630	0.06905	0.02212	0.01485	0.02212	0.01263	0.01500	0.00895	0.00658	0.00674	0.00222	0.01041	0.00536	0.00298	0.01025
34	0.01868	0.20061	0.03304	0.02749	0.23832	0.07678	0.21753	0.06578	0.01707	0.02203	0.01264	0.01584	0.01029	0.00628	0.00667	0.00199	0.00943	0.00608	0.00360	0.00986
35	0.02653	0.01955	0.02094	0.01606	0.02164	0.02164	0.01326	0.68796	0.03281	0.04398	0.01675	0.01675	0.01187	0.00838	0.00698	0.00209	0.00768	0.00628	0.00698	0.01187
36	0.00849	0.00613	0.00804	0.00956	0.01008	0.00568	0.00641	0.00973	0.01351	0.01788	0.04039	0.70929	0.08582	0.02161	0.00887	0.00281	0.00402	0.01953	0.00648	0.00568
37	0.80405	0.01350	0.01026	0.00918	0.01350	0.01565	0.00756	0.02051	0.01188	0.03131	0.00972	0.01134	0.00756	0.00648	0.00432	0.00216	0.00540	0.00378	0.00432	0.00756
38	0.01741	0.05076	0.26220	0.02050	0.02778	0.01807	0.20165	0.12609	0.15415	0.02669	0.01666	0.01829	0.01227	0.00723	0.00714	0.00224	0.00925	0.00667	0.00455	0.01040
39	0.16883	0.01698	0.01799	0.01442	0.01943	0.06349	0.03942	0.26008	0.11609	0.18552	0.01894	0.01839	0.01332	0.00805	0.00652	0.00215	0.00707	0.00617	0.00651	0.01061

[dist]
# distance from previous block
# <min> <max>
4	7

[block]
# block no. 6 follows, 30 sequences, length 44
# corresponding to MSA columns:
# 837-880
name=unknown_G
#
# <colnr> <probs for GDERKNQSTAVLIFYWHMCP>
#	G	D	E	R	K	N	Q	S	T	A	V	L	I	F	Y	W	H	M	C	P
0	0.01169	0.00894	0.01225	0.01261	0.01489	0.00871	0.03107	0.01583	0.05466	0.02193	0.08593	0.06673	0.07811	0.01685	0.00895	0.00286	0.00604	0.47334	0.00631	0.06231
1	0.01467	0.01258	0.01456	0.01061	0.01665	0.00987	0.00846	0.01894	0.06252	0.02319	0.01353	0.01528	0.01111	0.00547	0.00530	0.00113	0.00519	0.00440	0.00434	0.74219
2	0.17784	0.01684	0.01604	0.01458	0.03831	0.07591	0.01114	0.11839	0.39647	0.03038	0.02120	0.02048	0.01597	0.00844	0.00645	0.00223	0.00644	0.00652	0.00613	0.01021
3	0.00939	0.00680	0.00778	0.00817	0.00899	0.00640	0.00537	0.01030	0.01268	0.01622	0.03927	0.18198	0.21740	0.37367	0.02159	0.00462	0.00536	0.05353	0.00539	0.00508
4	0.02327	0.01433	0.01784	0.01715	0.10998	0.03583	0.01202	0.22614	0.02126	0.23755	0.01998	0.02355	0.01530	0.04442	0.02932	0.09348	0.00739	0.03503	0.00623	0.00992
5	0.02094	0.02044	0.01720	0.01532	0.01929	0.22662	0.01183	0.06233	0.43962	0.05650	0.02266	0.02156	0.01708	0.00871	0.00685	0.00218	0.00772	0.00678	0.00613	0.01025
6	0.01672	0.01443	0.01517	0.01370	0.01753	0.01655	0.01064	0.03518	0.65067	0.02847	0.03137	0.02892	0.06955	0.01004	0.00718	0.00237	0.00538	0.00837	0.00706	0.01068
7	0.01447	0.01240	0.01447	0.01034	0.01654	0.00930	0.00827	0.01757	0.01447	0.02274	0.01240	0.01447	0.01034	0.00517	0.00517	0.00103	0.00517	0.00413	0.00413	0.79742
8	0.01212	0.00606	0.00909	0.00909	0.00909	0.00606	0.00606	0.00909	0.00909	0.01212	0.01212	0.02121	0.01212	0.02424	0.02727	0.79697	0.00606	0.00606	0.00303	0.00303
9	0.01582	0.01538	0.02471	0.30926	0.38471	0.03825	0.01995	0.01990	0.01489	0.02028	0.01250	0.01750	0.01018	0.00696	0.00804	0.00223	0.06054	0.00615	0.00329	0.00944
10	0.01976	0.02017	0.18832	0.02293	0.20138	0.04404	0.03484	0.04229	0.05518	0.17667	0.01750	0.01892	0.01277	0.00761	0.00768	0.00216	0.05092	0.00623	0.06024	0.01039
11	0.01022	0.00702	0.00825	0.00855	0.00902	0.00694	0.00562	0.01095	0.01166	0.01528	0.02822	0.05337	0.07629	0.56507	0.02875	0.00579	0.00647	0.13296	0.00480	0.00476
12	0.01666	0.00889	0.01120	0.01040	0.01248	0.00850	0.00757	0.04282	0.03831	0.21431	0.02855	0.20122	0.02841	0.26536	0.01732	0.00396	0.00588	0.06443	0.00636	0.00740
13	0.01671	0.01455	0.01713	0.17957	0.02510	0.01708	0.01302	0.05448	0.51996	0.02709	0.02436	0.02403	0.01825	0.00886	0.00707	0.00235	0.00646	0.00745	0.00618	0.01032
14	0.02653	0.01955	0.02094	0.01606	0.02164	0.02164	0.01326	0.68796	0.03281	0.04398	0.01675	0.01675	0.01187	0.00838	0.00698	0.00209	0.00768	0.00628	0.00698	0.01187
15	0.01190	0.00911	0.01221	0.01323	0.04070	0.00865	0.01053	0.01556	0.04350	0.02121	0.03187	0.14867	0.03416	0.01640	0.00861	0.00273	0.00595	0.42278	0.00597	0.13627
