[name]
unknown

[dist]
# distance from previous block
# <min> <max>
0	315

[block]
# block no. 0 follows, 27 sequences, length 6
# corresponding to MSA columns:
# 327-332
name=unknown_A
#
# <colnr> <probs for GDERKNQSTAVLIFYWHMCP>
#	G	D	E	R	K	N	Q	S	T	A	V	L	I	F	Y	W	H	M	C	P
0	0.01214	0.03615	0.01196	0.01230	0.04856	0.00862	0.00895	0.01448	0.01647	0.05834	0.08571	0.19743	0.22204	0.06245	0.01076	0.00305	0.00540	0.17149	0.00663	0.00707
1	0.07508	0.01518	0.02545	0.15052	0.16813	0.01570	0.17708	0.04560	0.05241	0.02495	0.07169	0.06498	0.06197	0.00933	0.00783	0.00243	0.00853	0.00895	0.00478	0.00941
2	0.02194	0.09245	0.08456	0.01730	0.02214	0.25141	0.06612	0.08744	0.04377	0.06945	0.06800	0.05722	0.01808	0.00926	0.00764	0.00217	0.03109	0.00723	0.03327	0.00946
3	0.01715	0.01442	0.02012	0.05234	0.07334	0.01242	0.08118	0.02210	0.06094	0.06790	0.01564	0.01781	0.01229	0.00631	0.00635	0.00158	0.00681	0.00561	0.00474	0.50095
4	0.02097	0.04834	0.08936	0.12696	0.05715	0.09120	0.01579	0.22417	0.14599	0.03008	0.01819	0.02099	0.01417	0.05332	0.00910	0.00258	0.00879	0.00682	0.00549	0.01054
5	0.01803	0.06288	0.06672	0.08480	0.12224	0.12755	0.04441	0.02171	0.01802	0.07379	0.12067	0.02832	0.08891	0.00946	0.00732	0.00212	0.00813	0.00796	0.00508	0.08188

[dist]
# distance from previous block
# <min> <max>
0	11

[block]
# block no. 1 follows, 27 sequences, length 25
# corresponding to MSA columns:
# 344-368
name=unknown_B
#
# <colnr> <probs for GDERKNQSTAVLIFYWHMCP>
#	G	D	E	R	K	N	Q	S	T	A	V	L	I	F	Y	W	H	M	C	P
0	0.01854	0.18086	0.26948	0.01969	0.07399	0.01869	0.07298	0.06822	0.01764	0.08861	0.01896	0.06181	0.04169	0.00860	0.00701	0.00222	0.00894	0.00715	0.00450	0.01042
1	0.02274	0.06766	0.06329	0.02090	0.10411	0.24742	0.01561	0.14287	0.09300	0.02608	0.01529	0.01722	0.01216	0.00849	0.00867	0.00221	0.08361	0.00599	0.03252	0.01015
2	0.01667	0.00875	0.01108	0.01034	0.01297	0.00781	0.00780	0.01888	0.01752	0.21965	0.11355	0.22391	0.16946	0.05945	0.01021	0.00284	0.00493	0.03637	0.03971	0.00810
3	0.01859	0.01962	0.10513	0.16281	0.19990	0.08201	0.04241	0.04935	0.06660	0.07143	0.01884	0.05115	0.01586	0.00908	0.00764	0.00241	0.00913	0.05319	0.00473	0.01013
4	0.04884	0.05086	0.13896	0.09752	0.19329	0.04039	0.11536	0.04725	0.06513	0.04990	0.04233	0.02032	0.01440	0.00759	0.00728	0.00228	0.00911	0.00691	0.03193	0.01037
5	0.00956	0.00697	0.00863	0.00935	0.01032	0.00644	0.00636	0.01121	0.01553	0.02067	0.17659	0.38625	0.15319	0.12765	0.01344	0.00342	0.00449	0.01712	0.00680	0.00604
6	0.02168	0.02017	0.06927	0.06148	0.04358	0.18275	0.07944	0.05239	0.04301	0.15646	0.04804	0.11542	0.02019	0.01027	0.00759	0.00231	0.00886	0.00874	0.03875	0.00959
7	0.02081	0.07855	0.12442	0.07258	0.13773	0.11777	0.04084	0.05257	0.06199	0.12081	0.04096	0.02046	0.01495	0.01086	0.05012	0.00280	0.00986	0.00662	0.00494	0.01037
8	0.01530	0.01607	0.13501	0.01448	0.01871	0.05212	0.06999	0.01905	0.01692	0.09935	0.07911	0.19488	0.10625	0.01510	0.03003	0.00280	0.00738	0.03673	0.06235	0.00837
9	0.01060	0.00730	0.00888	0.00937	0.01088	0.00663	0.00673	0.01265	0.01643	0.04721	0.16071	0.32396	0.21619	0.04653	0.00994	0.00283	0.00425	0.03900	0.05337	0.00653
10	0.07275	0.02151	0.14444	0.02116	0.12488	0.09420	0.05759	0.08384	0.07901	0.05463	0.04517	0.06004	0.04171	0.00950	0.00740	0.00232	0.00853	0.03018	0.00518	0.03598
11	0.10962	0.04801	0.07613	0.09238	0.08840	0.16303	0.09423	0.09189	0.04427	0.07468	0.01489	0.01724	0.01128	0.00771	0.00760	0.00227	0.03559	0.00614	0.00465	0.00999
12	0.01346	0.01156	0.05338	0.01202	0.01480	0.01014	0.03325	0.08896	0.04388	0.04617	0.06454	0.23549	0.17494	0.11604	0.01268	0.00328	0.00595	0.04541	0.00643	0.00759
13	0.02236	0.12445	0.07630	0.01862	0.07110	0.18452	0.03596	0.18221	0.02170	0.02731	0.01365	0.01542	0.01079	0.00720	0.00652	0.00186	0.00927	0.00538	0.00466	0.16073
14	0.09375	0.04344	0.01945	0.04966	0.14624	0.08998	0.03610	0.05427	0.07618	0.04254	0.01948	0.02580	0.04191	0.08343	0.01180	0.06422	0.00795	0.03043	0.00478	0.05856
15	0.09948	0.04790	0.09644	0.01767	0.08954	0.07239	0.01401	0.14056	0.06708	0.09153	0.11193	0.02763	0.04984	0.00985	0.00727	0.00229	0.00752	0.03092	0.00602	0.01012
16	0.01490	0.01443	0.06475	0.01388	0.01734	0.03819	0.05332	0.10463	0.07725	0.02599	0.14095	0.08873	0.14417	0.07004	0.04054	0.00326	0.03579	0.03726	0.00619	0.00835
17	0.01160	0.00820	0.01015	0.01048	0.01234	0.00776	0.00792	0.01525	0.06324	0.05692	0.18866	0.26903	0.18375	0.01854	0.00905	0.00275	0.00459	0.10532	0.00733	0.00714
18	0.01879	0.02067	0.06154	0.08039	0.17606	0.08474	0.30306	0.07685	0.01874	0.02466	0.01578	0.05447	0.01304	0.00766	0.00801	0.00238	0.01077	0.00806	0.00415	0.01018
19	0.01640	0.08341	0.09571	0.01807	0.10958	0.08947	0.04028	0.04389	0.04028	0.04702	0.09833	0.06400	0.16255	0.04791	0.00914	0.00252	0.00754	0.00965	0.00537	0.00887
20	0.01047	0.00799	0.01064	0.01197	0.04526	0.00797	0.00797	0.01229	0.01489	0.02013	0.12921	0.32999	0.10652	0.12905	0.06466	0.00412	0.03618	0.03807	0.00619	0.00641
21	0.01866	0.04947	0.05577	0.02503	0.05735	0.04392	0.34626	0.07391	0.01786	0.05261	0.01604	0.02209	0.01309	0.03431	0.03875	0.00304	0.09087	0.02692	0.00430	0.00974
22	0.01919	0.04955	0.09133	0.01746	0.04961	0.08218	0.08635	0.08681	0.01954	0.09859	0.12451	0.06644	0.02329	0.00963	0.00797	0.00216	0.03144	0.00818	0.00559	0.12019
23	0.01498	0.01483	0.01846	0.01726	0.05848	0.10447	0.08296	0.01918	0.06318	0.02070	0.06510	0.03152	0.11369	0.02558	0.23448	0.00550	0.08798	0.00884	0.00476	0.00806
24	0.01014	0.00786	0.00885	0.00918	0.01099	0.00732	0.00665	0.01337	0.06399	0.02137	0.10828	0.23179	0.33197	0.06867	0.01079	0.00295	0.00437	0.03881	0.03607	0.00659

[dist]
# distance from previous block
# <min> <max>
12	19

[block]
# block no. 2 follows, 27 sequences, length 25
# corresponding to MSA columns:
# 391-415
name=unknown_C
#
# <colnr> <probs for GDERKNQSTAVLIFYWHMCP>
#	G	D	E	R	K	N	Q	S	T	A	V	L	I	F	Y	W	H	M	C	P
0	0.07236	0.04524	0.02439	0.07496	0.27724	0.11696	0.01712	0.19700	0.02203	0.02970	0.04272	0.01854	0.01369	0.00781	0.00707	0.00218	0.00891	0.00640	0.00491	0.01079
1	0.01931	0.08037	0.07376	0.05487	0.11256	0.10573	0.12660	0.11416	0.04407	0.02505	0.01591	0.04429	0.01331	0.01190	0.06479	0.00300	0.03080	0.00705	0.00445	0.04801
2	0.01809	0.26203	0.30876	0.01889	0.06790	0.07215	0.01932	0.04798	0.04097	0.02267	0.04622	0.01693	0.01319	0.00742	0.00642	0.00206	0.00937	0.00556	0.00380	0.01028
3	0.01287	0.08785	0.06212	0.01272	0.01563	0.04192	0.03651	0.01688	0.06537	0.02147	0.10163	0.27971	0.10001	0.04676	0.00965	0.00281	0.00619	0.06629	0.00606	0.00756
4	0.01733	0.01761	0.02689	0.23233	0.29642	0.08778	0.09986	0.02178	0.01701	0.02221	0.04586	0.02310	0.01501	0.00792	0.00767	0.00235	0.00972	0.03543	0.00394	0.00977
5	0.04714	0.01628	0.10264	0.04744	0.04932	0.01417	0.10488	0.02447	0.18916	0.04819	0.02914	0.09774	0.08683	0.01120	0.00775	0.00248	0.00723	0.03631	0.06818	0.00945
6	0.10613	0.01940	0.15571	0.01677	0.04383	0.04911	0.03821	0.08004	0.01756	0.09779	0.04904	0.13400	0.04860	0.01154	0.00957	0.00253	0.09632	0.00911	0.00539	0.00935
7	0.00949	0.00682	0.00840	0.00943	0.01049	0.00624	0.00653	0.01128	0.01552	0.02088	0.11019	0.48371	0.17564	0.02049	0.00895	0.00275	0.00406	0.01822	0.06468	0.00624
8	0.01038	0.00793	0.00967	0.01003	0.01177	0.00749	0.00752	0.01402	0.06014	0.02374	0.24915	0.23779	0.21227	0.01848	0.00905	0.00269	0.00432	0.08941	0.00732	0.00685
9	0.01852	0.26905	0.19572	0.04601	0.07242	0.10285	0.06727	0.02400	0.05878	0.02078	0.01384	0.01720	0.01151	0.04296	0.00795	0.00230	0.00965	0.00571	0.00367	0.00982
10	0.05170	0.01285	0.01271	0.01134	0.01468	0.04678	0.00884	0.08201	0.20583	0.08019	0.02637	0.02686	0.04285	0.00936	0.00640	0.00210	0.00536	0.00745	0.33700	0.00932
11	0.01046	0.00776	0.00980	0.01074	0.01214	0.00744	0.00818	0.01333	0.04007	0.02135	0.11257	0.28718	0.15706	0.06952	0.01138	0.00324	0.00512	0.19929	0.00687	0.00651
12	0.04030	0.05207	0.06659	0.22752	0.10948	0.01717	0.07014	0.06581	0.11068	0.02463	0.02088	0.02552	0.05374	0.00899	0.00785	0.00242	0.02618	0.03308	0.02735	0.00961
13	0.02209	0.01737	0.04374	0.01406	0.01814	0.13389	0.01138	0.10031	0.09916	0.18822	0.11087	0.05995	0.05554	0.05803	0.00967	0.00265	0.00742	0.03085	0.00690	0.00977
14	0.00956	0.00733	0.00875	0.00886	0.01062	0.00653	0.00647	0.01200	0.01809	0.02390	0.32560	0.19958	0.29953	0.01819	0.00891	0.00254	0.00376	0.01583	0.00743	0.00653
15	0.00998	0.00734	0.00906	0.00983	0.01087	0.00698	0.00681	0.01236	0.04171	0.02062	0.13581	0.39147	0.13176	0.12579	0.01339	0.00346	0.00472	0.04505	0.00675	0.00624
16	0.07876	0.07524	0.17789	0.04444	0.02533	0.04212	0.09287	0.19823	0.02113	0.02970	0.01910	0.04056	0.03747	0.00916	0.00726	0.00233	0.00887	0.04780	0.03163	0.01011
17	0.01682	0.01769	0.06911	0.14305	0.42179	0.04011	0.02069	0.02123	0.01648	0.02264	0.01795	0.02583	0.03731	0.00867	0.00818	0.00240	0.03238	0.06339	0.00396	0.01031
18	0.10943	0.01304	0.01390	0.01232	0.01595	0.01402	0.00971	0.13547	0.19766	0.05028	0.15828	0.06899	0.12521	0.01261	0.00775	0.00245	0.00548	0.03087	0.00719	0.00938
19	0.01523	0.01635	0.09851	0.18044	0.14578	0.01498	0.06528	0.04561	0.06539	0.02297	0.01784	0.05436	0.01507	0.01663	0.13132	0.00402	0.01075	0.00762	0.03578	0.03606
20	0.00970	0.00763	0.00881	0.00905	0.01089	0.00692	0.00657	0.01266	0.04630	0.02263	0.21452	0.24109	0.33900	0.01871	0.00890	0.00260	0.00393	0.01624	0.00724	0.00663
21	0.02065	0.17439	0.12408	0.06289	0.11667	0.07732	0.04037	0.08596	0.08704	0.08443	0.01736	0.02063	0.01374	0.00813	0.00692	0.00219	0.00885	0.03293	0.00486	0.01059
22	0.01987	0.14619	0.08771	0.02717	0.22826	0.12598	0.10641	0.07705	0.01854	0.02357	0.01510	0.06252	0.01324	0.00798	0.00712	0.00216	0.00972	0.00701	0.00410	0.01029
23	0.01418	0.01385	0.12426	0.01328	0.04173	0.00989	0.01123	0.04666	0.01733	0.09646	0.11918	0.21805	0.15080	0.07577	0.01083	0.00293	0.00601	0.01304	0.00639	0.00812
24	0.05252	0.08560	0.15419	0.02092	0.13306	0.07432	0.04518	0.07498	0.04512	0.06505	0.10011	0.07669	0.02165	0.00956	0.00731	0.00227	0.00826	0.00806	0.00516	0.01000

[dist]
# distance from previous block
# <min> <max>
0	1

[block]
# block no. 3 follows, 27 sequences, length 19
# corresponding to MSA columns:
# 417-435
name=unknown_D
#
# <colnr> <probs for GDERKNQSTAVLIFYWHMCP>
#	G	D	E	R	K	N	Q	S	T	A	V	L	I	F	Y	W	H	M	C	P
0	0.05474	0.01110	0.03688	0.01290	0.01572	0.01046	0.04288	0.01845	0.01708	0.13990	0.16697	0.17751	0.09472	0.01660	0.03559	0.00300	0.07074	0.05991	0.00671	0.00813
1	0.01074	0.00713	0.00874	0.00935	0.00992	0.00713	0.00624	0.01200	0.01288	0.01806	0.02923	0.23722	0.03261	0.33925	0.08491	0.00554	0.00708	0.06055	0.09587	0.00557
2	0.01427	0.05387	0.01816	0.17237	0.13372	0.01334	0.01333	0.03924	0.01525	0.02070	0.05858	0.08097	0.02278	0.14977	0.01514	0.04543	0.03343	0.05897	0.03299	0.00769
3	0.02105	0.04183	0.04861	0.06172	0.16666	0.16316	0.05382	0.09920	0.21462	0.02691	0.01855	0.01991	0.01433	0.00813	0.00728	0.00226	0.00916	0.00677	0.00521	0.01081
4	0.01032	0.00841	0.00929	0.00951	0.01173	0.00789	0.00714	0.01458	0.09638	0.02185	0.09428	0.19327	0.40645	0.01853	0.00887	0.00266	0.00433	0.06051	0.00704	0.00696
5	0.01157	0.01022	0.06537	0.01204	0.01388	0.00892	0.00980	0.01404	0.01391	0.04608	0.05339	0.27675	0.03221	0.09473	0.23799	0.00619	0.03094	0.04959	0.00547	0.00689
6	0.14755	0.01363	0.01402	0.03479	0.01664	0.05344	0.00990	0.15644	0.04565	0.04805	0.18845	0.12863	0.03318	0.04249	0.00888	0.00263	0.00620	0.03421	0.00663	0.00859
7	0.07282	0.00929	0.01037	0.00974	0.01222	0.00930	0.00735	0.03581	0.06653	0.08314	0.12819	0.10168	0.15456	0.06540	0.05660	0.00329	0.00568	0.01099	0.14939	0.00764
8	0.01083	0.00750	0.00953	0.01034	0.01158	0.00708	0.00724	0.01362	0.05214	0.05177	0.13008	0.51312	0.10621	0.02042	0.00912	0.00282	0.00433	0.01827	0.00720	0.00679
9	0.01011	0.00756	0.01038	0.07419	0.01494	0.00748	0.00870	0.01225	0.01543	0.02048	0.10942	0.44841	0.07861	0.04465	0.01025	0.00307	0.00515	0.10590	0.00662	0.00641
10	0.01765	0.01536	0.02145	0.02271	0.18307	0.03694	0.07344	0.14197	0.01900	0.02619	0.02192	0.07951	0.05992	0.07391	0.03692	0.00311	0.06971	0.00878	0.04987	0.03857
11	0.01570	0.02111	0.16083	0.02492	0.03184	0.01641	0.40029	0.02248	0.05522	0.02342	0.02118	0.10797	0.04403	0.00920	0.00845	0.00254	0.01049	0.00989	0.00437	0.00966
12	0.00935	0.00740	0.00845	0.00876	0.01069	0.00650	0.00651	0.01153	0.01723	0.02188	0.18707	0.19299	0.41079	0.01902	0.00899	0.00262	0.00399	0.05270	0.00714	0.00640
13	0.01271	0.04873	0.01440	0.15454	0.01990	0.01147	0.01038	0.03559	0.01399	0.01959	0.05295	0.03130	0.02058	0.18087	0.25934	0.00666	0.01170	0.00821	0.08021	0.00690
14	0.01882	0.56267	0.13136	0.01534	0.02206	0.02669	0.05276	0.02226	0.01510	0.01870	0.01098	0.01315	0.00962	0.00681	0.00639	0.00184	0.04795	0.00460	0.00321	0.00968
15	0.04539	0.01679	0.05976	0.05396	0.18793	0.03957	0.01530	0.11023	0.01866	0.07939	0.04236	0.04868	0.01650	0.01002	0.00957	0.04508	0.05629	0.02946	0.00506	0.11001
16	0.07536	0.10224	0.12139	0.04370	0.19105	0.06171	0.04145	0.07061	0.06976	0.02567	0.03206	0.01793	0.01302	0.00744	0.00710	0.00211	0.02466	0.00605	0.00436	0.08232
17	0.04932	0.01799	0.02741	0.05522	0.21103	0.04249	0.16632	0.11918	0.07891	0.06795	0.03776	0.02054	0.01461	0.00761	0.00753	0.00226	0.00892	0.00726	0.00512	0.05257
18	0.08400	0.08959	0.05772	0.01686	0.06466	0.07792	0.03686	0.06716	0.09220	0.08337	0.01809	0.01930	0.03505	0.00808	0.00770	0.00204	0.05621	0.00611	0.00508	0.17202

[dist]
# distance from previous block
# <min> <max>
1	20

[block]
# block no. 4 follows, 27 sequences, length 33
# corresponding to MSA columns:
# 491-523
name=unknown_E
#
# <colnr> <probs for GDERKNQSTAVLIFYWHMCP>
#	G	D	E	R	K	N	Q	S	T	A	V	L	I	F	Y	W	H	M	C	P
0	0.04787	0.01131	0.01388	0.01247	0.04517	0.01004	0.00923	0.05465	0.01848	0.22222	0.05527	0.11893	0.18594	0.01251	0.00759	0.00221	0.00541	0.01051	0.00695	0.14936
1	0.01924	0.25555	0.12851	0.01509	0.02104	0.09877	0.03949	0.05376	0.01779	0.06841	0.07087	0.07276	0.01842	0.00884	0.00656	0.00198	0.00824	0.00697	0.00469	0.08302
2	0.07874	0.01130	0.03933	0.01167	0.01452	0.02536	0.03759	0.04245	0.03462	0.07655	0.14548	0.23608	0.12513	0.04200	0.00923	0.00270	0.00547	0.01316	0.04090	0.00772
3	0.02106	0.01735	0.02059	0.01621	0.02047	0.01944	0.01336	0.29194	0.02235	0.03173	0.01407	0.01668	0.01129	0.00928	0.01221	0.00225	0.23177	0.00602	0.00531	0.21662
4	0.01489	0.03840	0.70064	0.02116	0.03213	0.01724	0.02743	0.02351	0.01567	0.02351	0.01332	0.01567	0.00940	0.00705	0.00705	0.00235	0.01097	0.00549	0.00313	0.01097
5	0.01509	0.06675	0.67404	0.02082	0.03160	0.01773	0.02684	0.02346	0.01565	0.02327	0.01320	0.01552	0.00941	0.00702	0.00696	0.00232	0.01085	0.00542	0.00314	0.01091
6	0.00943	0.00695	0.00921	0.01027	0.01114	0.00683	0.00719	0.01105	0.01390	0.01853	0.03968	0.47084	0.11855	0.05668	0.16743	0.00511	0.00784	0.01712	0.00615	0.00614
7	0.01823	0.01754	0.02963	0.04378	0.64677	0.01799	0.02234	0.02245	0.01653	0.02382	0.01368	0.01823	0.01162	0.00705	0.00851	0.00228	0.05780	0.00661	0.00365	0.01151
8	0.01028	0.01312	0.15117	0.01241	0.01515	0.00838	0.01107	0.01319	0.01486	0.02029	0.05805	0.53452	0.07002	0.01946	0.00892	0.00283	0.00563	0.01739	0.00616	0.00709
9	0.10736	0.01670	0.01674	0.01387	0.01858	0.10466	0.01116	0.17104	0.02262	0.27319	0.04517	0.05455	0.06735	0.01052	0.00737	0.00232	0.00727	0.03178	0.00723	0.01052
10	0.01564	0.00953	0.01153	0.01033	0.01321	0.00904	0.00797	0.03823	0.08131	0.14613	0.31467	0.07368	0.15864	0.01397	0.00817	0.00236	0.00442	0.01196	0.06078	0.00843
11	0.01126	0.00797	0.01009	0.01042	0.01219	0.00751	0.00793	0.01461	0.04507	0.04887	0.26129	0.23862	0.15425	0.01833	0.00910	0.00273	0.00451	0.12081	0.00742	0.00701
12	0.01786	0.02068	0.11028	0.09961	0.16851	0.09299	0.09846	0.08230	0.01789	0.02370	0.01732	0.11540	0.01596	0.00990	0.00927	0.00246	0.07485	0.00851	0.00435	0.00969
13	0.06538	0.00807	0.00820	0.00783	0.01005	0.00821	0.00599	0.01933	0.04196	0.06294	0.04514	0.02743	0.02006	0.00883	0.00548	0.00185	0.00385	0.00703	0.63490	0.00748
14	0.01069	0.00805	0.00965	0.01024	0.01179	0.00768	0.00745	0.04604	0.03552	0.02186	0.09164	0.36835	0.21186	0.05192	0.01041	0.00301	0.00472	0.07556	0.00691	0.00667
15	0.02168	0.01702	0.04966	0.06732	0.11884	0.04234	0.01439	0.10971	0.22629	0.15641	0.04154	0.02566	0.04030	0.02531	0.00816	0.00246	0.00735	0.00778	0.00659	0.01118
16	0.01788	0.11560	0.09804	0.05077	0.02039	0.01637	0.01317	0.12835	0.09176	0.07536	0.11939	0.14233	0.02747	0.01186	0.00824	0.00239	0.03514	0.00977	0.00613	0.00960
17	0.01443	0.00818	0.01056	0.01084	0.01259	0.00769	0.00777	0.01729	0.05136	0.14601	0.05776	0.49214	0.04049	0.01863	0.00867	0.00274	0.00467	0.01662	0.06390	0.00765
18	0.01392	0.00945	0.01164	0.01142	0.01346	0.00950	0.00874	0.06552	0.04333	0.07902	0.09542	0.26133	0.13591	0.04598	0.01064	0.00293	0.03701	0.10135	0.03583	0.00759
19	0.04893	0.01619	0.08869	0.27680	0.10924	0.04103	0.04871	0.01892	0.01511	0.02114	0.01844	0.14865	0.01751	0.01052	0.00871	0.00252	0.05664	0.00905	0.03464	0.00855
20	0.05305	0.02053	0.02292	0.16232	0.05371	0.18429	0.08373	0.12099	0.01954	0.05150	0.01454	0.01793	0.01128	0.00832	0.00909	0.00232	0.09284	0.00634	0.05539	0.00938
21	0.04613	0.01118	0.01222	0.01104	0.01408	0.01144	0.00850	0.14710	0.08072	0.05551	0.11767	0.15233	0.18535	0.01429	0.00787	0.00241	0.00503	0.01202	0.09661	0.00848
22	0.01987	0.15234	0.06107	0.01808	0.06738	0.01984	0.07664	0.19474	0.14152	0.02995	0.04566	0.02373	0.04627	0.03074	0.00799	0.00234	0.00774	0.00740	0.03614	0.01053
23	0.01962	0.04811	0.02051	0.01827	0.09092	0.01755	0.04380	0.21522	0.20305	0.03181	0.05989	0.06009	0.05491	0.01080	0.00840	0.03260	0.00697	0.00855	0.00640	0.04253
24	0.05151	0.31968	0.12575	0.01789	0.05860	0.05359	0.05994	0.09194	0.04254	0.02377	0.01297	0.01501	0.01059	0.00723	0.00695	0.00200	0.04356	0.00529	0.00400	0.04718
25	0.01294	0.01034	0.01155	0.01105	0.01294	0.05631	0.00826	0.01645	0.05026	0.05501	0.36196	0.18796	0.10546	0.01599	0.00948	0.00252	0.04317	0.01372	0.00726	0.00739
26	0.01076	0.00877	0.01176	0.15934	0.01934	0.00901	0.00956	0.01409	0.04085	0.02169	0.17644	0.21759	0.20383	0.05141	0.01002	0.00282	0.00538	0.01412	0.00631	0.00690
27	0.01421	0.06634	0.46265	0.04875	0.02708	0.01567	0.02118	0.02143	0.04162	0.02310	0.07874	0.02530	0.06282	0.04921	0.00894	0.00260	0.00920	0.00727	0.00410	0.00977
28	0.07142	0.04840	0.15221	0.08070	0.09275	0.07389	0.08285	0.09205	0.01838	0.06117	0.01907	0.05121	0.03486	0.01136	0.04151	0.00283	0.00973	0.04113	0.00471	0.00977
29	0.01082	0.00772	0.00946	0.00987	0.01089	0.00747	0.00679	0.04332	0.01587	0.02128	0.15340	0.32202	0.08952	0.20743	0.01662	0.00393	0.00519	0.04569	0.00652	0.00618
30	0.04850	0.00802	0.01083	0.01082	0.01201	0.00893	0.00800	0.01307	0.01233	0.01818	0.05688	0.06744	0.02399	0.19015	0.46633	0.00955	0.01497	0.00927	0.00448	0.00625
31	0.03734	0.01532	0.05002	0.05512	0.10108	0.01542	0.01306	0.15984	0.16801	0.03102	0.15611	0.02967	0.04556	0.01102	0.00862	0.04029	0.00657	0.00854	0.03750	0.00990
32	0.01885	0.01829	0.02616	0.19056	0.28927	0.07906	0.07061	0.08309	0.05380	0.02491	0.01482	0.01863	0.01171	0.00719	0.00731	0.00221	0.00932	0.00657	0.00421	0.06343

[dist]
# distance from previous block
# <min> <max>
4	19

[block]
# block no. 5 follows, 27 sequences, length 23
# corresponding to MSA columns:
# 548-556,579-592
name=unknown_F
#
# <colnr> <probs for GDERKNQSTAVLIFYWHMCP>
#	G	D	E	R	K	N	Q	S	T	A	V	L	I	F	Y	W	H	M	C	P
0	0.06279	0.01568	0.04719	0.03444	0.04321	0.06719	0.06792	0.06954	0.15456	0.02527	0.05068	0.19942	0.02576	0.03831	0.04257	0.00315	0.02673	0.01087	0.00579	0.00890
1	0.01558	0.05346	0.55703	0.02003	0.02954	0.01656	0.04881	0.02308	0.01562	0.05467	0.01470	0.01751	0.01080	0.01187	0.07589	0.00327	0.01160	0.00590	0.00353	0.01055
2	0.01677	0.01633	0.02831	0.18275	0.43513	0.01704	0.08337	0.02124	0.01635	0.02266	0.01718	0.02172	0.04902	0.00764	0.00814	0.00234	0.03250	0.00732	0.00377	0.01043
3	0.01612	0.01081	0.01334	0.01225	0.01457	0.01146	0.00921	0.16500	0.01836	0.07816	0.02586	0.20256	0.02596	0.13681	0.21788	0.00602	0.01035	0.01129	0.00598	0.00802
4	0.04018	0.01380	0.02039	0.31440	0.14258	0.04146	0.03937	0.04635	0.01609	0.02136	0.02197	0.06494	0.08648	0.01271	0.04197	0.04591	0.00905	0.00837	0.00424	0.00840
5	0.02242	0.01802	0.02449	0.02697	0.25957	0.01903	0.04712	0.27818	0.09503	0.06173	0.01845	0.02121	0.01438	0.04878	0.00917	0.00254	0.00823	0.00720	0.00585	0.01165
6	0.00955	0.00716	0.00945	0.01061	0.01124	0.00705	0.00735	0.01108	0.01476	0.01984	0.09446	0.60184	0.08392	0.02177	0.01021	0.00294	0.04438	0.01936	0.00679	0.00624
7	0.01363	0.01246	0.02057	0.57403	0.07241	0.01497	0.01846	0.01831	0.01595	0.02099	0.12507	0.02563	0.01993	0.00867	0.00764	0.00244	0.00879	0.00773	0.00412	0.00819
8	0.01011	0.00833	0.01139	0.01222	0.04946	0.00759	0.04454	0.01205	0.01551	0.01992	0.06868	0.33740	0.28274	0.07135	0.01109	0.00303	0.00500	0.01660	0.00640	0.00658
9	0.02598	0.01759	0.07740	0.01815	0.05939	0.03733	0.07938	0.10925	0.06533	0.34108	0.02544	0.02439	0.04742	0.00910	0.00802	0.00235	0.02610	0.00763	0.00708	0.01158
10	0.06848	0.01376	0.01758	0.01354	0.01926	0.01274	0.01119	0.11670	0.02260	0.58286	0.02692	0.02369	0.01715	0.00904	0.00732	0.00229	0.00653	0.00720	0.00874	0.01242
11	0.00946	0.00737	0.00866	0.00914	0.01091	0.00656	0.00680	0.01164	0.01702	0.02177	0.17603	0.23465	0.35508	0.01941	0.00909	0.00269	0.00414	0.07608	0.00712	0.00640
12	0.01786	0.13919	0.32210	0.02340	0.12968	0.10109	0.06377	0.02423	0.04232	0.02260	0.03725	0.01739	0.01257	0.00730	0.00690	0.00218	0.01011	0.00595	0.00369	0.01042
13	0.01936	0.01111	0.01160	0.01029	0.01333	0.04089	0.00795	0.05067	0.10850	0.15989	0.02518	0.02717	0.01910	0.04362	0.00767	0.00224	0.00516	0.00731	0.42008	0.00890
14	0.01037	0.00729	0.00899	0.00958	0.01100	0.00661	0.00683	0.01225	0.01620	0.04728	0.14997	0.36012	0.21760	0.05958	0.01069	0.00300	0.00439	0.04476	0.00705	0.00645
15	0.01150	0.00827	0.01099	0.01233	0.01390	0.00821	0.01013	0.01516	0.04571	0.02231	0.06630	0.22321	0.06656	0.01993	0.00965	0.00315	0.00585	0.40321	0.03677	0.00686
16	0.02430	0.01348	0.01664	0.01457	0.04424	0.01340	0.01121	0.09728	0.17307	0.32083	0.09598	0.03255	0.06760	0.01082	0.00778	0.00239	0.00608	0.02842	0.00810	0.01125
17	0.01166	0.00826	0.01032	0.01042	0.01164	0.00836	0.00745	0.01396	0.03642	0.05282	0.12532	0.32136	0.12872	0.11511	0.01396	0.00334	0.06292	0.01519	0.03609	0.00669
18	0.01888	0.01159	0.01341	0.01176	0.01492	0.01176	0.00899	0.12891	0.10230	0.15634	0.06841	0.10298	0.08646	0.13292	0.01278	0.00320	0.00593	0.03061	0.06882	0.00902
19	0.07877	0.01548	0.02872	0.06112	0.05574	0.01595	0.31205	0.02074	0.01536	0.05201	0.01667	0.04665	0.01402	0.01797	0.15596	0.00451	0.06698	0.00821	0.00415	0.00895
20	0.01205	0.00842	0.01004	0.00953	0.01168	0.00804	0.00722	0.01654	0.07486	0.05026	0.37745	0.05321	0.16861	0.04920	0.00972	0.00260	0.00416	0.03905	0.08000	0.00734
21	0.01556	0.07343	0.04406	0.01862	0.05052	0.02005	0.01501	0.01841	0.03994	0.01896	0.01512	0.10211	0.01542	0.01508	0.05143	0.00339	0.46250	0.00815	0.00390	0.00833
22	0.01838	0.51755	0.16494	0.01449	0.02149	0.02517	0.01539	0.02201	0.01507	0.01920	0.01111	0.01310	0.00963	0.00669	0.00607	0.00177	0.03788	0.00440	0.00327	0.07238

[dist]
# distance from previous block
# <min> <max>
1	10

[block]
# block no. 6 follows, 27 sequences, length 29
# corresponding to MSA columns:
# 603-618,620-632
name=unknown_G
#
# <colnr> <probs for GDERKNQSTAVLIFYWHMCP>
#	G	D	E	R	K	N	Q	S	T	A	V	L	I	F	Y	W	H	M	C	P
0	0.02071	0.66616	0.03695	0.01340	0.01948	0.10370	0.01288	0.02304	0.01573	0.01754	0.01045	0.01207	0.00953	0.00649	0.00497	0.00162	0.00853	0.00406	0.00325	0.00943
1	0.01602	0.01230	0.01564	0.01330	0.03753	0.01126	0.04146	0.07523	0.07623	0.07253	0.17287	0.07121	0.10236	0.01105	0.00748	0.00203	0.00557	0.00955	0.00643	0.23998
2	0.08674	0.09865	0.03767	0.01265	0.04357	0.01322	0.00997	0.05847	0.06381	0.06351	0.34465	0.03860	0.07608	0.01191	0.00756	0.00225	0.00530	0.00996	0.00680	0.00864
3	0.00930	0.00690	0.00852	0.00969	0.01066	0.00633	0.00672	0.01076	0.01478	0.01906	0.04771	0.48035	0.20149	0.07821	0.01158	0.00325	0.00456	0.05743	0.00670	0.00602
4	0.01442	0.01755	0.12898	0.39493	0.09253	0.01592	0.09772	0.01969	0.01527	0.02058	0.01567	0.06727	0.01317	0.01059	0.04209	0.00294	0.01041	0.00772	0.00363	0.00893
5	0.02213	0.09085	0.11194	0.02014	0.12168	0.11759	0.01561	0.14945	0.08195	0.08764	0.01787	0.01905	0.01346	0.00800	0.00678	0.00211	0.00849	0.00624	0.08832	0.01071
6	0.01732	0.01693	0.03322	0.08055	0.05954	0.01630	0.41151	0.05372	0.01865	0.05993	0.08896	0.02718	0.06299	0.00840	0.00847	0.00245	0.01012	0.00928	0.00484	0.00965
7	0.01333	0.00927	0.01149	0.01045	0.01288	0.00892	0.00812	0.08482	0.02194	0.05914	0.49941	0.05313	0.11055	0.01486	0.00865	0.00240	0.00435	0.05056	0.00795	0.00778
8	0.02943	0.01223	0.01630	0.01287	0.01794	0.01091	0.01047	0.06649	0.02159	0.55906	0.09704	0.06480	0.02497	0.01052	0.00770	0.00233	0.00602	0.00874	0.00887	0.01171
9	0.06101	0.34436	0.15949	0.01746	0.05853	0.15022	0.01624	0.07455	0.01782	0.02225	0.01189	0.01372	0.00980	0.00697	0.00590	0.00191	0.00947	0.00477	0.00372	0.00992
10	0.01127	0.00908	0.01195	0.01155	0.01366	0.00885	0.04304	0.01630	0.10731	0.02396	0.20614	0.26982	0.16535	0.01755	0.00891	0.00268	0.00481	0.05327	0.00713	0.00736
11	0.00962	0.00715	0.00832	0.00888	0.01000	0.00657	0.00604	0.01098	0.01474	0.01893	0.08969	0.26820	0.25392	0.21103	0.01674	0.00393	0.00493	0.03822	0.00634	0.00579
12	0.01438	0.00893	0.01146	0.01169	0.01344	0.00876	0.00915	0.04353	0.01621	0.09645	0.03359	0.11901	0.05023	0.23049	0.01782	0.00430	0.00665	0.29049	0.00644	0.00696
13	0.01362	0.01046	0.01189	0.01268	0.05778	0.03732	0.00848	0.08102	0.01773	0.04458	0.07546	0.25369	0.19165	0.09542	0.01160	0.00304	0.00553	0.01398	0.04666	0.00739
14	0.01081	0.00786	0.00931	0.00929	0.01053	0.00778	0.00652	0.01319	0.04139	0.01964	0.12897	0.05325	0.16406	0.31191	0.10051	0.00550	0.00727	0.06123	0.02498	0.00598
15	0.01023	0.00727	0.00923	0.01024	0.01095	0.00700	0.00688	0.03903	0.01517	0.02037	0.08837	0.55539	0.04612	0.12088	0.01324	0.00351	0.00481	0.01846	0.00668	0.00618
16	0.01539	0.01319	0.01539	0.01100	0.01759	0.00990	0.00880	0.01869	0.01539	0.02419	0.01319	0.01539	0.01100	0.00550	0.00550	0.00110	0.00550	0.00440	0.00440	0.78449
17	0.51164	0.01480	0.01642	0.02034	0.21385	0.01623	0.01230	0.02134	0.01400	0.02968	0.01345	0.06217	0.01188	0.00790	0.00573	0.00232	0.00655	0.00593	0.00448	0.00900
18	0.00939	0.00743	0.00845	0.00844	0.01047	0.00649	0.00623	0.01175	0.01801	0.02321	0.27861	0.13704	0.41204	0.01806	0.00884	0.00250	0.00373	0.01549	0.00732	0.00649
19	0.01577	0.00977	0.01204	0.01142	0.01403	0.00943	0.00873	0.07000	0.06316	0.14005	0.14362	0.26299	0.12630	0.01675	0.00870	0.00265	0.00506	0.06365	0.00757	0.00831
20	0.02324	0.01654	0.01964	0.04556	0.08273	0.01779	0.01336	0.29023	0.16357	0.12459	0.08395	0.02592	0.03943	0.00977	0.00761	0.00232	0.00702	0.00800	0.00723	0.01150
21	0.25363	0.01292	0.01429	0.02711	0.01686	0.01354	0.02956	0.06241	0.10113	0.11792	0.18733	0.02923	0.04726	0.01005	0.00690	0.00229	0.00565	0.00809	0.00663	0.04721
22	0.00960	0.00664	0.00875	0.01026	0.01088	0.00633	0.00705	0.01120	0.01434	0.01969	0.03869	0.62446	0.04525	0.02332	0.03766	0.00329	0.00497	0.04397	0.06749	0.00616
23	0.01495	0.01347	0.02351	0.02017	0.07406	0.01291	0.23243	0.06116	0.01780	0.04505	0.08097	0.12832	0.13303	0.05283	0.05171	0.00332	0.00869	0.01160	0.00549	0.00854
24	0.01908	0.26348	0.19826	0.04446	0.15009	0.02245	0.01893	0.11141	0.01807	0.02436	0.01284	0.01539	0.01037	0.00738	0.00750	0.00211	0.05389	0.00546	0.00385	0.01060
25	0.01113	0.00889	0.00996	0.00945	0.01191	0.00846	0.00715	0.03456	0.09665	0.02569	0.29422	0.07868	0.34315	0.01628	0.00861	0.00245	0.00406	0.01388	0.00746	0.00736
26	0.02440	0.01176	0.01470	0.01198	0.01642	0.01093	0.00965	0.07579	0.06533	0.38405	0.12979	0.03538	0.11304	0.01132	0.00770	0.00231	0.00553	0.00937	0.04991	0.01062
27	0.04467	0.01242	0.01375	0.01367	0.01589	0.08474	0.03822	0.04384	0.06929	0.02327	0.07228	0.29188	0.03756	0.01734	0.00889	0.00285	0.00662	0.18879	0.00647	0.00755
28	0.27277	0.05244	0.15363	0.06916	0.05836	0.07200	0.01524	0.11453	0.01814	0.06524	0.01551	0.01715	0.03111	0.00776	0.00630	0.00225	0.00826	0.00562	0.00476	0.00978

[dist]
# distance from previous block
# <min> <max>
0	1

[block]
# block no. 7 follows, 27 sequences, length 7
# corresponding to MSA columns:
# 634-640
name=unknown_H
#
# <colnr> <probs for GDERKNQSTAVLIFYWHMCP>
#	G	D	E	R	K	N	Q	S	T	A	V	L	I	F	Y	W	H	M	C	P
0	0.01656	0.20949	0.33820	0.01848	0.02633	0.02035	0.07286	0.02420	0.09180	0.02245	0.01720	0.01895	0.04108	0.00796	0.00759	0.00224	0.04391	0.00620	0.00387	0.01027
1	0.01690	0.01644	0.02081	0.02727	0.31359	0.09316	0.01541	0.02314	0.12941	0.02388	0.05850	0.10951	0.09838	0.01104	0.00778	0.00236	0.00749	0.00974	0.00530	0.00988
2	0.01595	0.01544	0.02792	0.10184	0.02972	0.01496	0.30351	0.07276	0.01815	0.02476	0.07141	0.07097	0.04316	0.03981	0.00943	0.00256	0.00918	0.02661	0.00484	0.09702
3	0.54206	0.01901	0.01440	0.01270	0.01694	0.15244	0.01020	0.06640	0.01568	0.03027	0.01102	0.01297	0.00875	0.00756	0.00645	0.00228	0.05334	0.00450	0.00455	0.00846
4	0.01615	0.01944	0.12845	0.02008	0.05967	0.01993	0.01732	0.02005	0.04143	0.02041	0.01182	0.01667	0.01050	0.01071	0.01779	0.00277	0.45892	0.00618	0.00357	0.09815
5	0.04931	0.01447	0.02061	0.07061	0.22140	0.01539	0.01513	0.04778	0.08486	0.15758	0.02481	0.07029	0.07117	0.01041	0.00950	0.00247	0.08962	0.00851	0.00572	0.01036
6	0.01124	0.00763	0.00916	0.00924	0.01121	0.00673	0.00675	0.01336	0.01731	0.07746	0.19066	0.26918	0.30544	0.01862	0.00888	0.00261	0.00408	0.01620	0.00735	0.00687

[dist]
# distance from previous block
# <min> <max>
0	3

[block]
# block no. 8 follows, 27 sequences, length 17
# corresponding to MSA columns:
# 644-660
name=unknown_I
#
# <colnr> <probs for GDERKNQSTAVLIFYWHMCP>
#	G	D	E	R	K	N	Q	S	T	A	V	L	I	F	Y	W	H	M	C	P
0	0.08416	0.01375	0.01729	0.01346	0.01907	0.01291	0.01108	0.09959	0.05467	0.55300	0.02687	0.02372	0.01729	0.00905	0.00727	0.00230	0.00644	0.00720	0.00861	0.01227
1	0.00938	0.00719	0.00860	0.00900	0.01059	0.00641	0.00646	0.01155	0.01725	0.02260	0.24755	0.28562	0.29265	0.01919	0.00900	0.00262	0.00386	0.01679	0.00728	0.00641
2	0.01887	0.05932	0.02858	0.18872	0.30967	0.12817	0.09451	0.02360	0.03679	0.02188	0.01380	0.01801	0.01114	0.00701	0.00729	0.00223	0.01008	0.00648	0.00371	0.01014
3	0.05713	0.01209	0.01536	0.01227	0.01724	0.01109	0.00999	0.03270	0.07393	0.51297	0.02977	0.02699	0.04353	0.00947	0.00714	0.00226	0.00582	0.00765	0.10113	0.01147
4	0.01197	0.00788	0.01019	0.01068	0.01147	0.00806	0.00732	0.01436	0.10960	0.01821	0.02790	0.32855	0.03046	0.05626	0.01795	0.29926	0.00549	0.01320	0.00548	0.00573
5	0.58100	0.01594	0.01405	0.01219	0.01621	0.04155	0.01002	0.08192	0.01481	0.03180	0.01099	0.01325	0.00877	0.00800	0.00782	0.00242	0.11148	0.00466	0.00464	0.00850
6	0.01506	0.01485	0.02221	0.63720	0.04757	0.06351	0.01997	0.01963	0.01508	0.01886	0.01290	0.01917	0.00987	0.00773	0.00826	0.00248	0.04759	0.00647	0.00333	0.00826
7	0.01124	0.00815	0.00932	0.00904	0.01112	0.00749	0.00659	0.01443	0.05631	0.05530	0.21638	0.12222	0.32316	0.10157	0.01209	0.00305	0.00440	0.01421	0.00709	0.00686
8	0.00985	0.00742	0.00903	0.00981	0.01107	0.00696	0.00693	0.01245	0.04547	0.02094	0.12765	0.39164	0.19221	0.06877	0.01109	0.00310	0.00447	0.04784	0.00692	0.00640
9	0.10113	0.01254	0.01314	0.01150	0.01512	0.01358	0.00907	0.10717	0.20434	0.09438	0.05705	0.02594	0.02054	0.00927	0.00646	0.00216	0.00524	0.00737	0.27435	0.00964
10	0.01088	0.00766	0.01074	0.01106	0.01247	0.00701	0.03767	0.01278	0.01573	0.05746	0.10839	0.52193	0.11702	0.02040	0.00918	0.00283	0.00466	0.01842	0.00700	0.00670
11	0.01180	0.00852	0.01019	0.00996	0.01217	0.00804	0.00754	0.01615	0.08174	0.05879	0.28605	0.15564	0.23533	0.01690	0.00877	0.00256	0.00425	0.05069	0.00754	0.00738
12	0.01127	0.00793	0.01055	0.01168	0.01280	0.00792	0.00925	0.01356	0.01509	0.01990	0.05538	0.13594	0.03921	0.20985	0.04345	0.00465	0.00706	0.37217	0.00617	0.00614
13	0.03922	0.10350	0.20878	0.05258	0.07249	0.05261	0.12505	0.02329	0.01613	0.08183	0.01518	0.01832	0.01165	0.00997	0.04307	0.00277	0.06266	0.00636	0.04463	0.00990
14	0.02019	0.53390	0.11669	0.01486	0.02120	0.12056	0.01486	0.02324	0.01583	0.01831	0.01082	0.01273	0.00952	0.00686	0.00603	0.00179	0.03546	0.00436	0.00326	0.00953
15	0.01611	0.01532	0.04913	0.05708	0.11671	0.06050	0.01362	0.08609	0.09838	0.02432	0.02414	0.08977	0.05005	0.02093	0.16021	0.00447	0.01036	0.05170	0.00523	0.04589
16	0.01843	0.10464	0.06742	0.01504	0.03796	0.06924	0.01252	0.08975	0.08855	0.05624	0.02057	0.12189	0.01893	0.01032	0.00770	0.00211	0.03681	0.03163	0.00537	0.18487

[dist]
# distance from previous block
# <min> <max>
0	110

[block]
# block no. 9 follows, 27 sequences, length 17
# corresponding to MSA columns:
# 775-791
name=unknown_J
#
# <colnr> <probs for GDERKNQSTAVLIFYWHMCP>
#	G	D	E	R	K	N	Q	S	T	A	V	L	I	F	Y	W	H	M	C	P
0	0.01945	0.01897	0.12359	0.01751	0.05180	0.04139	0.04167	0.10071	0.20918	0.10255	0.04590	0.07603	0.02213	0.01074	0.00779	0.00246	0.00755	0.06011	0.00639	0.03409
1	0.09949	0.01715	0.05880	0.05014	0.29394	0.01666	0.06071	0.10187	0.06625	0.02783	0.03799	0.07481	0.04392	0.00917	0.00742	0.00235	0.00791	0.00819	0.00497	0.01042
2	0.01409	0.01319	0.02218	0.64363	0.09270	0.01610	0.02015	0.01884	0.01496	0.01932	0.01449	0.05180	0.01178	0.00808	0.00751	0.00248	0.00957	0.00725	0.00349	0.00838
3	0.02289	0.13340	0.02251	0.01582	0.02088	0.09807	0.01296	0.24114	0.29208	0.03265	0.02098	0.02042	0.01588	0.00884	0.00698	0.00221	0.00778	0.00674	0.00642	0.01134
4	0.01799	0.06599	0.06499	0.09177	0.12463	0.01643	0.08298	0.11184	0.01902	0.04975	0.06117	0.02286	0.05163	0.00834	0.00784	0.00210	0.03682	0.00714	0.00488	0.15184
5	0.01790	0.05581	0.30192	0.02243	0.09086	0.08316	0.10710	0.05240	0.01792	0.04701	0.07161	0.01997	0.01559	0.00788	0.00775	0.00225	0.02839	0.00669	0.00421	0.03916
6	0.01277	0.00649	0.00958	0.00958	0.00958	0.00649	0.00633	0.00974	0.00974	0.01299	0.01353	0.02415	0.01375	0.06909	0.02955	0.73686	0.00649	0.00671	0.00330	0.00330
7	0.01002	0.00721	0.00930	0.00980	0.01059	0.00726	0.00671	0.01149	0.01340	0.01812	0.08171	0.26065	0.08786	0.23408	0.19127	0.00633	0.00889	0.01390	0.00558	0.00583
8	0.01998	0.03949	0.07787	0.05298	0.13931	0.03622	0.06689	0.09097	0.11872	0.12913	0.02498	0.09563	0.05435	0.01017	0.00769	0.00239	0.00783	0.00891	0.00591	0.01058
9	0.02338	0.07847	0.12110	0.01590	0.02159	0.05289	0.04003	0.07202	0.08477	0.26044	0.05286	0.02753	0.01964	0.00984	0.00806	0.00238	0.03195	0.05974	0.00657	0.01084
10	0.02344	0.01433	0.01656	0.01383	0.01839	0.01503	0.01104	0.12728	0.27875	0.24069	0.10176	0.02860	0.02502	0.01014	0.00755	0.00235	0.00599	0.00836	0.03948	0.01143
11	0.10452	0.20271	0.09229	0.01446	0.02069	0.02029	0.01349	0.21702	0.02210	0.17229	0.01733	0.01741	0.01247	0.00792	0.00635	0.00208	0.00759	0.00577	0.03220	0.01101
12	0.01848	0.04216	0.09594	0.08485	0.20498	0.08034	0.06158	0.09215	0.10479	0.02610	0.04808	0.02433	0.06608	0.00875	0.00748	0.00229	0.00873	0.00759	0.00491	0.01039
13	0.01830	0.01814	0.02803	0.08758	0.48064	0.06424	0.05549	0.02327	0.04676	0.02340	0.01542	0.02129	0.01315	0.00772	0.00820	0.00233	0.03802	0.03322	0.00395	0.01085
14	0.00942	0.00669	0.00876	0.00999	0.01057	0.00628	0.00669	0.01092	0.01490	0.02012	0.13407	0.57280	0.05016	0.08701	0.01194	0.00329	0.00445	0.01905	0.00686	0.00603
15	0.05075	0.02008	0.10088	0.11643	0.09830	0.08615	0.09503	0.10712	0.03716	0.06776	0.05275	0.02292	0.01605	0.01072	0.03949	0.00280	0.03239	0.02838	0.00491	0.00992
16	0.06471	0.01091	0.01455	0.03585	0.08044	0.01032	0.03583	0.01784	0.03954	0.07354	0.08141	0.13907	0.15447	0.04613	0.00931	0.00263	0.00587	0.06833	0.00607	0.10320

[dist]
# distance from previous block
# <min> <max>
0	60

[block]
# block no. 10 follows, 27 sequences, length 11
# corresponding to MSA columns:
# 852-862
name=unknown_K
#
# <colnr> <probs for GDERKNQSTAVLIFYWHMCP>
#	G	D	E	R	K	N	Q	S	T	A	V	L	I	F	Y	W	H	M	C	P
0	0.01322	0.01206	0.06641	0.10417	0.06067	0.01070	0.01187	0.01729	0.05068	0.06119	0.05292	0.16323	0.13131	0.05141	0.12769	0.00429	0.00869	0.01132	0.00548	0.03541
1	0.02247	0.01178	0.01341	0.01113	0.01496	0.01187	0.00892	0.15973	0.04807	0.21873	0.02454	0.02494	0.01765	0.00891	0.00639	0.00202	0.00534	0.00708	0.37215	0.00990
2	0.01778	0.08307	0.13868	0.15807	0.16458	0.05521	0.01850	0.05085	0.08413	0.04631	0.04502	0.02049	0.01480	0.00998	0.03624	0.00268	0.03243	0.00665	0.00441	0.01012
3	0.04855	0.08867	0.11587	0.15184	0.12176	0.12867	0.10195	0.05359	0.04628	0.05255	0.01455	0.01755	0.01115	0.00729	0.00708	0.00223	0.01005	0.00623	0.00413	0.01002
4	0.02149	0.01188	0.01459	0.01300	0.04040	0.01159	0.00985	0.07476	0.11998	0.26398	0.14625	0.03515	0.09770	0.01119	0.00758	0.00229	0.00541	0.00934	0.09337	0.01020
5	0.00965	0.00755	0.01091	0.01136	0.01257	0.00696	0.05090	0.01145	0.01508	0.01993	0.07444	0.57567	0.12300	0.02120	0.00931	0.00289	0.00475	0.01927	0.00674	0.00637
6	0.01884	0.14503	0.10843	0.05619	0.18973	0.10718	0.07335	0.04789	0.08375	0.02313	0.01773	0.04576	0.03483	0.00820	0.00706	0.00219	0.00923	0.00699	0.00428	0.01022
7	0.02011	0.04655	0.16281	0.02277	0.14105	0.01585	0.11038	0.09412	0.01910	0.15005	0.02280	0.05059	0.06223	0.03751	0.00880	0.00252	0.00864	0.00810	0.00537	0.01064
8	0.01118	0.00871	0.01149	0.01127	0.01311	0.00851	0.03632	0.03793	0.04491	0.02205	0.12223	0.25923	0.17154	0.07639	0.07446	0.00391	0.00650	0.06689	0.00651	0.00687
9	0.02127	0.01927	0.05206	0.01898	0.02434	0.08328	0.18093	0.21383	0.02203	0.07436	0.01842	0.05037	0.01548	0.10612	0.01170	0.00290	0.00932	0.00800	0.00546	0.06186
10	0.01652	0.08539	0.11435	0.05220	0.02287	0.04321	0.08262	0.05012	0.08916	0.05215	0.04372	0.05500	0.08229	0.01415	0.05601	0.00313	0.06108	0.06173	0.00517	0.00917

[dist]
# distance from previous block
# <min> <max>
4	11

[block]
# block no. 11 follows, 27 sequences, length 27
# corresponding to MSA columns:
# 874-900
name=unknown_L
#
# <colnr> <probs for GDERKNQSTAVLIFYWHMCP>
#	G	D	E	R	K	N	Q	S	T	A	V	L	I	F	Y	W	H	M	C	P
0	0.07524	0.00887	0.01025	0.01036	0.01219	0.00892	0.00750	0.01626	0.07676	0.06356	0.05916	0.26297	0.12723	0.14063	0.05085	0.00397	0.00604	0.04582	0.00639	0.00702
1	0.04438	0.17744	0.07407	0.01246	0.01615	0.01507	0.01103	0.05309	0.07161	0.02301	0.08928	0.15400	0.05133	0.08901	0.01071	0.00293	0.00656	0.08410	0.00561	0.00816
2	0.01827	0.19937	0.36127	0.01743	0.02554	0.04672	0.01973	0.10177	0.05008	0.02531	0.01457	0.01627	0.01106	0.00738	0.00646	0.00211	0.00931	0.00547	0.05134	0.01053
3	0.01862	0.04544	0.04157	0.09963	0.02284	0.14562	0.01379	0.12836	0.05972	0.02504	0.05816	0.06213	0.06161	0.01323	0.03461	0.00282	0.08367	0.06892	0.00533	0.00889
4	0.04088	0.00866	0.01128	0.01260	0.04545	0.00825	0.00877	0.03223	0.01618	0.09246	0.03994	0.43898	0.10531	0.01924	0.00895	0.00285	0.00513	0.08859	0.00690	0.00737
5	0.01534	0.16541	0.45131	0.01721	0.02557	0.01761	0.02076	0.02173	0.01546	0.02259	0.01574	0.06025	0.01300	0.00810	0.00655	0.00217	0.00910	0.00632	0.09587	0.00992
6	0.01527	0.13621	0.45084	0.01806	0.02640	0.01775	0.02133	0.02319	0.07471	0.02281	0.01797	0.08770	0.01562	0.00926	0.00711	0.00236	0.00928	0.02990	0.00403	0.01020
7	0.06515	0.01976	0.01647	0.01689	0.07050	0.25530	0.01168	0.10341	0.01942	0.02384	0.02313	0.26563	0.02414	0.01315	0.00763	0.00238	0.00838	0.01088	0.03388	0.00838
8	0.01048	0.00706	0.00819	0.00850	0.00858	0.00699	0.00493	0.01071	0.01141	0.01521	0.02654	0.17172	0.03096	0.61054	0.03270	0.00645	0.00668	0.01265	0.00493	0.00477
9	0.01303	0.10940	0.03814	0.01195	0.01413	0.05445	0.00960	0.01521	0.01288	0.01701	0.01924	0.05157	0.01917	0.18278	0.38958	0.00836	0.01451	0.00814	0.00403	0.00683
10	0.02100	0.08381	0.19897	0.04216	0.02521	0.06257	0.05628	0.12373	0.12422	0.11807	0.02002	0.05752	0.01546	0.00891	0.00728	0.00231	0.00872	0.00729	0.00558	0.01088
11	0.03701	0.01119	0.01427	0.01338	0.01532	0.01255	0.01038	0.04089	0.09991	0.10260	0.07904	0.27260	0.03242	0.01746	0.03696	0.00316	0.14449	0.04154	0.00649	0.00834
12	0.00970	0.00725	0.00910	0.01021	0.01129	0.00684	0.00718	0.01228	0.04582	0.02080	0.10402	0.51339	0.14304	0.02114	0.00926	0.00288	0.00434	0.04797	0.00704	0.00645
13	0.02365	0.02416	0.05451	0.01925	0.07589	0.26630	0.01442	0.06971	0.25259	0.09281	0.02050	0.02037	0.01539	0.00861	0.00719	0.00223	0.00925	0.00661	0.00583	0.01072
