[name]
unknown

[dist]
# distance from previous block
# <min> <max>
7	59

[block]
# block no. 0 follows, 35 sequences, length 9
# corresponding to MSA columns:
# 93-101
name=unknown_A
#
# <colnr> <probs for GDERKNQSTAVLIFYWHMCP>
#	G	D	E	R	K	N	Q	S	T	A	V	L	I	F	Y	W	H	M	C	P
0	0.05937	0.01080	0.01215	0.06655	0.01540	0.05605	0.00870	0.07347	0.05634	0.18185	0.12817	0.09564	0.07081	0.05839	0.02253	0.00247	0.00565	0.03814	0.02991	0.00761
1	0.01291	0.00802	0.00986	0.00904	0.01116	0.00760	0.00679	0.08403	0.01701	0.12833	0.28306	0.19300	0.13250	0.05658	0.00873	0.00236	0.00410	0.01164	0.00650	0.00679
2	0.06411	0.06753	0.01334	0.00996	0.01341	0.01064	0.00796	0.05296	0.08402	0.29621	0.09859	0.04748	0.07663	0.08833	0.00892	0.00238	0.00503	0.00769	0.03647	0.00834
3	0.01797	0.01219	0.01430	0.01218	0.01547	0.03975	0.02979	0.13934	0.18543	0.17681	0.10168	0.11687	0.02317	0.01170	0.03170	0.02607	0.02226	0.00839	0.00622	0.00870
4	0.14357	0.01267	0.07044	0.06746	0.01814	0.01104	0.01051	0.02613	0.06056	0.43481	0.06451	0.02063	0.01620	0.00767	0.00605	0.00199	0.00569	0.00611	0.00634	0.00947
5	0.00838	0.00668	0.00811	0.00881	0.04195	0.00596	0.00604	0.01043	0.01517	0.01976	0.26884	0.17794	0.36846	0.01527	0.00754	0.00216	0.00342	0.01324	0.00611	0.00573
6	0.01483	0.01305	0.01362	0.01062	0.01537	0.06563	0.00837	0.09910	0.07080	0.02255	0.01669	0.06385	0.04581	0.00696	0.00545	0.00136	0.00536	0.00561	0.00447	0.51051
7	0.06626	0.04000	0.02208	0.02933	0.48118	0.04285	0.01592	0.09029	0.04642	0.02268	0.01428	0.07410	0.01267	0.00712	0.00620	0.00193	0.00703	0.00641	0.00386	0.00938
8	0.10528	0.01628	0.07424	0.03524	0.01929	0.10433	0.08957	0.06111	0.03875	0.06652	0.01367	0.04931	0.01117	0.00649	0.00563	0.00163	0.00686	0.00536	0.00414	0.28513

[dist]
# distance from previous block
# <min> <max>
6	23

[block]
# block no. 1 follows, 35 sequences, length 6
# corresponding to MSA columns:
# 126-131
name=unknown_B
#
# <colnr> <probs for GDERKNQSTAVLIFYWHMCP>
#	G	D	E	R	K	N	Q	S	T	A	V	L	I	F	Y	W	H	M	C	P
0	0.05075	0.01527	0.10418	0.02114	0.19616	0.01275	0.13560	0.02114	0.01505	0.18965	0.05354	0.02016	0.04442	0.00715	0.00700	0.00196	0.03809	0.00645	0.00457	0.05496
1	0.05445	0.09370	0.31782	0.06228	0.09526	0.01543	0.16413	0.02006	0.01384	0.05578	0.01204	0.01454	0.00897	0.00584	0.00605	0.00192	0.00858	0.00529	0.00321	0.04081
2	0.01388	0.01388	0.01943	0.01666	0.01666	0.01943	0.01388	0.01527	0.00972	0.01527	0.00833	0.01388	0.00833	0.01110	0.02082	0.00278	0.76544	0.00555	0.00278	0.00694
3	0.00926	0.00651	0.00848	0.00862	0.00919	0.00693	0.00601	0.01040	0.01012	0.01387	0.02019	0.03820	0.02166	0.42723	0.30156	0.00736	0.01021	0.07558	0.00387	0.00473
4	0.09342	0.14895	0.11309	0.05573	0.01950	0.04419	0.11260	0.01781	0.01442	0.06601	0.10405	0.02460	0.12023	0.00820	0.00606	0.00188	0.00667	0.00691	0.00425	0.03141
5	0.17509	0.13520	0.08483	0.01516	0.04927	0.31049	0.01253	0.02111	0.01423	0.01856	0.00952	0.01170	0.00800	0.00674	0.00707	0.00185	0.10367	0.00416	0.00319	0.00762

[dist]
# distance from previous block
# <min> <max>
1	2

[block]
# block no. 2 follows, 35 sequences, length 14
# corresponding to MSA columns:
# 134-136,143-149,179-182
name=unknown_C
#
# <colnr> <probs for GDERKNQSTAVLIFYWHMCP>
#	G	D	E	R	K	N	Q	S	T	A	V	L	I	F	Y	W	H	M	C	P
0	0.01465	0.02137	0.22866	0.02167	0.06774	0.06373	0.24807	0.01918	0.01329	0.01862	0.01098	0.01476	0.00877	0.00717	0.01045	0.00223	0.21149	0.00586	0.00294	0.00837
1	0.01388	0.01388	0.01943	0.01666	0.01666	0.01943	0.01388	0.01527	0.00972	0.01527	0.00833	0.01388	0.00833	0.01110	0.02082	0.00278	0.76544	0.00555	0.00278	0.00694
2	0.02323	0.02874	0.01811	0.01626	0.01947	0.67503	0.01233	0.06262	0.01821	0.01685	0.01003	0.01177	0.00832	0.00682	0.00651	0.00171	0.04882	0.00425	0.00341	0.00752
3	0.01645	0.01234	0.01632	0.01701	0.17908	0.01140	0.01093	0.02231	0.14988	0.13352	0.04120	0.01821	0.01415	0.00643	0.00575	0.00158	0.00545	0.00551	0.00488	0.32759
4	0.01672	0.02050	0.22310	0.02162	0.02855	0.01497	0.39328	0.06040	0.01581	0.12014	0.01425	0.01662	0.01010	0.00600	0.00688	0.00207	0.00941	0.00648	0.00388	0.00921
5	0.00910	0.00667	0.00953	0.00953	0.01044	0.00757	0.00710	0.01090	0.01000	0.01424	0.01760	0.02827	0.01731	0.19489	0.60659	0.00938	0.01480	0.00729	0.00349	0.00530
6	0.01696	0.78087	0.03324	0.01085	0.01628	0.02510	0.01085	0.01900	0.01289	0.01493	0.00882	0.01018	0.00814	0.00543	0.00407	0.00136	0.00678	0.00339	0.00271	0.00814
7	0.01388	0.01388	0.01943	0.01666	0.01666	0.01943	0.01388	0.01527	0.00972	0.01527	0.00833	0.01388	0.00833	0.01110	0.02082	0.00278	0.76544	0.00555	0.00278	0.00694
8	0.01411	0.16361	0.57700	0.01671	0.02504	0.05991	0.02058	0.02021	0.01358	0.01892	0.01084	0.01272	0.00806	0.00595	0.00567	0.00187	0.00904	0.00443	0.00272	0.00904
9	0.02678	0.01158	0.01755	0.01321	0.01831	0.01016	0.09715	0.02960	0.01776	0.65200	0.02351	0.02103	0.01495	0.00754	0.00652	0.00198	0.00606	0.00652	0.00727	0.01052
10	0.00923	0.00615	0.00692	0.00692	0.00692	0.00615	0.00384	0.00923	0.00923	0.01230	0.01999	0.04151	0.02306	0.77705	0.03229	0.00615	0.00615	0.00923	0.00384	0.00384
11	0.00773	0.00552	0.00736	0.00883	0.00920	0.00515	0.00589	0.00883	0.01215	0.01619	0.03497	0.77291	0.04196	0.01987	0.00810	0.00258	0.00368	0.01803	0.00589	0.00515
12	0.82186	0.01227	0.00932	0.00834	0.01227	0.01423	0.00687	0.01865	0.01080	0.02846	0.00883	0.01031	0.00687	0.00589	0.00393	0.00196	0.00491	0.00344	0.00393	0.00687
13	0.01443	0.05955	0.61300	0.01675	0.02537	0.01435	0.02087	0.02090	0.01382	0.08934	0.01259	0.01404	0.00884	0.00612	0.00592	0.00193	0.00868	0.00476	0.00323	0.04552

[dist]
# distance from previous block
# <min> <max>
1	2

[block]
# block no. 3 follows, 35 sequences, length 57
# corresponding to MSA columns:
# 185-241
name=unknown_D
#
# <colnr> <probs for GDERKNQSTAVLIFYWHMCP>
#	G	D	E	R	K	N	Q	S	T	A	V	L	I	F	Y	W	H	M	C	P
0	0.02814	0.01131	0.01504	0.01153	0.01645	0.01008	0.00952	0.08116	0.01901	0.69042	0.02431	0.02113	0.01534	0.00783	0.00638	0.00196	0.00551	0.00633	0.00774	0.01080
1	0.01555	0.01492	0.02548	0.06776	0.70982	0.01503	0.01940	0.01934	0.01437	0.02055	0.01191	0.01575	0.00999	0.00568	0.00628	0.00189	0.00757	0.00565	0.00313	0.00993
2	0.01666	0.01422	0.01603	0.01580	0.09180	0.01612	0.01124	0.10526	0.57755	0.02737	0.02324	0.02194	0.01748	0.00819	0.00643	0.00210	0.00549	0.00686	0.00610	0.01012
3	0.00922	0.00617	0.00704	0.00704	0.00708	0.00621	0.00399	0.00930	0.00926	0.01239	0.01988	0.04093	0.02281	0.75114	0.05785	0.00629	0.00654	0.00914	0.00383	0.00391
4	0.01653	0.70827	0.07763	0.03610	0.01789	0.02408	0.01187	0.01897	0.01292	0.01529	0.00906	0.01060	0.00814	0.00550	0.00427	0.00142	0.00700	0.00355	0.00271	0.00818
5	0.01515	0.01847	0.09654	0.02552	0.03213	0.01608	0.62760	0.04837	0.01544	0.02109	0.01281	0.01672	0.00954	0.00550	0.00732	0.00212	0.01043	0.00718	0.00329	0.00872
6	0.00773	0.00552	0.00736	0.00883	0.00920	0.00515	0.00589	0.00883	0.01215	0.01619	0.03497	0.77291	0.04196	0.01987	0.00810	0.00258	0.00368	0.01803	0.00589	0.00515
7	0.01813	0.01606	0.07849	0.01307	0.01818	0.01513	0.01128	0.26162	0.24044	0.05044	0.01756	0.01740	0.01304	0.00712	0.00597	0.00177	0.00600	0.00564	0.00551	0.19716
8	0.01371	0.01126	0.01321	0.00946	0.01508	0.00849	0.00758	0.01651	0.01334	0.04675	0.01177	0.01346	0.00962	0.00481	0.00476	0.00098	0.00472	0.00385	0.00391	0.78672
9	0.01298	0.07890	0.70038	0.01764	0.02677	0.01537	0.02266	0.02002	0.01336	0.01977	0.01123	0.01320	0.00804	0.00599	0.00591	0.00197	0.00922	0.00461	0.00268	0.00930
10	0.01272	0.03281	0.74418	0.01808	0.02746	0.01473	0.02344	0.02009	0.01339	0.02009	0.01138	0.01339	0.00804	0.00603	0.00603	0.00201	0.00938	0.00469	0.00268	0.00938
11	0.02412	0.01777	0.01904	0.01460	0.01967	0.01967	0.01206	0.71633	0.02983	0.03998	0.01523	0.01523	0.01079	0.00762	0.00635	0.00190	0.00698	0.00571	0.00635	0.01079
12	0.01441	0.01281	0.02006	0.26594	0.31271	0.01402	0.01625	0.02047	0.12768	0.04137	0.01622	0.02242	0.01350	0.00745	0.00655	0.00209	0.00722	0.06615	0.00394	0.00873
13	0.01248	0.01201	0.01919	0.71584	0.06342	0.03844	0.01750	0.01661	0.01291	0.01632	0.01125	0.01670	0.00849	0.00633	0.00632	0.00209	0.00853	0.00559	0.00284	0.00715
14	0.01198	0.01128	0.01903	0.76180	0.04369	0.01409	0.01762	0.01621	0.01268	0.01621	0.01128	0.01691	0.00846	0.00634	0.00634	0.00211	0.00846	0.00564	0.00282	0.00705
15	0.00773	0.00552	0.00736	0.00883	0.00920	0.00515	0.00589	0.00883	0.01215	0.01619	0.03497	0.77291	0.04196	0.01987	0.00810	0.00258	0.00368	0.01803	0.00589	0.00515
16	0.82186	0.01227	0.00932	0.00834	0.01227	0.01423	0.00687	0.01865	0.01080	0.02846	0.00883	0.01031	0.00687	0.00589	0.00393	0.00196	0.00491	0.00344	0.00393	0.00687
17	0.00799	0.00686	0.02969	0.00805	0.00956	0.00565	0.00603	0.00977	0.01399	0.01813	0.15509	0.35984	0.31264	0.01689	0.00770	0.00230	0.00357	0.01480	0.00596	0.00549
18	0.00751	0.00638	0.00647	0.00654	0.00860	0.00535	0.00487	0.00909	0.01435	0.01709	0.06287	0.09490	0.70196	0.01625	0.00753	0.00216	0.00324	0.01361	0.00589	0.00535
19	0.00959	0.00659	0.00857	0.00801	0.00952	0.00610	0.00595	0.01237	0.01740	0.04650	0.66673	0.04622	0.05615	0.06174	0.00904	0.00226	0.00327	0.01117	0.00681	0.00600
20	0.01696	0.78087	0.03324	0.01085	0.01628	0.02510	0.01085	0.01900	0.01289	0.01493	0.00882	0.01018	0.00814	0.00543	0.00407	0.00136	0.00678	0.00339	0.00271	0.00814
21	0.01514	0.01450	0.02474	0.14797	0.63283	0.01493	0.01919	0.01898	0.01418	0.02004	0.01183	0.01588	0.00981	0.00576	0.00629	0.00192	0.00768	0.00565	0.00309	0.00960
22	0.00763	0.00647	0.00661	0.00668	0.00879	0.00545	0.00508	0.00930	0.01447	0.01723	0.06281	0.06155	0.70170	0.01614	0.00756	0.00218	0.00334	0.04579	0.00589	0.00538
23	0.01696	0.78087	0.03324	0.01085	0.01628	0.02510	0.01085	0.01900	0.01289	0.01493	0.00882	0.01018	0.00814	0.00543	0.00407	0.00136	0.00678	0.00339	0.00271	0.00814
24	0.01608	0.03683	0.13675	0.05141	0.31180	0.03270	0.01645	0.11802	0.12341	0.02369	0.03510	0.01748	0.01270	0.00803	0.03018	0.00221	0.00765	0.00585	0.00411	0.00957
25	0.01862	0.59626	0.02949	0.01220	0.01710	0.20377	0.01120	0.02055	0.01414	0.01507	0.00906	0.01049	0.00815	0.00570	0.00448	0.00143	0.00793	0.00356	0.00285	0.00795
26	0.01814	0.01729	0.02406	0.03006	0.44484	0.11470	0.07373	0.09084	0.03214	0.05684	0.01291	0.01561	0.01027	0.00623	0.00664	0.00190	0.02473	0.00566	0.00378	0.00961
27	0.01696	0.78087	0.03324	0.01085	0.01628	0.02510	0.01085	0.01900	0.01289	0.01493	0.00882	0.01018	0.00814	0.00543	0.00407	0.00136	0.00678	0.00339	0.00271	0.00814
28	0.77762	0.01257	0.00986	0.00869	0.01268	0.01453	0.00716	0.05734	0.01185	0.02910	0.00919	0.01058	0.00709	0.00598	0.00406	0.00196	0.00502	0.00356	0.00406	0.00709
29	0.01060	0.00756	0.00911	0.00869	0.00972	0.00796	0.00601	0.08570	0.01242	0.01680	0.04497	0.07208	0.06380	0.39822	0.21290	0.00620	0.00866	0.00897	0.00432	0.00528
30	0.00866	0.00647	0.00804	0.00765	0.00928	0.00585	0.00574	0.01136	0.01721	0.02366	0.59061	0.05032	0.20449	0.01363	0.00749	0.00203	0.00304	0.01188	0.00675	0.00585
31	0.05111	0.04050	0.01649	0.01372	0.01766	0.15920	0.01083	0.18819	0.37941	0.02723	0.01911	0.01843	0.01440	0.00778	0.00612	0.00196	0.00676	0.00598	0.00560	0.00951
32	0.06693	0.01250	0.04927	0.09277	0.04289	0.01238	0.22516	0.01551	0.01299	0.01866	0.01942	0.22963	0.01998	0.01104	0.00876	0.00236	0.09084	0.05776	0.00408	0.00705
33	0.04012	0.09520	0.37568	0.01443	0.02123	0.01418	0.01622	0.07837	0.01558	0.13278	0.06611	0.01726	0.01350	0.00824	0.03124	0.00217	0.00780	0.00540	0.00420	0.04029
34	0.01272	0.03281	0.74418	0.01808	0.02746	0.01473	0.02344	0.02009	0.01339	0.02009	0.01138	0.01339	0.00804	0.00603	0.00603	0.00201	0.00938	0.00469	0.00268	0.00938
35	0.00773	0.00552	0.00736	0.00883	0.00920	0.00515	0.00589	0.00883	0.01215	0.01619	0.03497	0.77291	0.04196	0.01987	0.00810	0.00258	0.00368	0.01803	0.00589	0.00515
36	0.01548	0.01485	0.02535	0.08218	0.69598	0.01501	0.01936	0.01927	0.01434	0.02046	0.01189	0.01577	0.00995	0.00569	0.00628	0.00190	0.00759	0.00565	0.00312	0.00987
37	0.01861	0.45080	0.10279	0.04794	0.01962	0.09180	0.03629	0.02145	0.01430	0.12571	0.01189	0.01291	0.00934	0.00601	0.00501	0.00161	0.00751	0.00429	0.00356	0.00856
38	0.01102	0.00551	0.00826	0.00826	0.00826	0.00551	0.00551	0.00826	0.00826	0.01102	0.01102	0.01928	0.01102	0.02204	0.02479	0.81543	0.00551	0.00551	0.00275	0.00275
39	0.00750	0.00643	0.00643	0.00643	0.00857	0.00536	0.00482	0.00910	0.01446	0.01714	0.06427	0.06105	0.73490	0.01607	0.00750	0.00214	0.00321	0.01339	0.00589	0.00536
40	0.01358	0.01393	0.07679	0.26779	0.08645	0.01344	0.16923	0.04480	0.01418	0.04805	0.01629	0.11754	0.01472	0.00857	0.00746	0.00220	0.03726	0.03616	0.00379	0.00779
41	0.00909	0.00667	0.00957	0.00957	0.01049	0.00759	0.00715	0.01093	0.01001	0.01427	0.01756	0.02808	0.01723	0.18636	0.61501	0.00943	0.01493	0.00726	0.00348	0.00532
42	0.01578	0.01363	0.01434	0.01291	0.01650	0.01578	0.01004	0.03371	0.72602	0.02654	0.02582	0.02367	0.01937	0.00861	0.00646	0.00215	0.00502	0.00717	0.00646	0.01004
43	0.01471	0.01659	0.03585	0.02644	0.05613	0.01558	0.66284	0.01984	0.01484	0.02017	0.01368	0.04693	0.01092	0.00593	0.00747	0.00215	0.01031	0.00784	0.00331	0.00847
44	0.01472	0.01429	0.02537	0.30222	0.27945	0.01523	0.17013	0.06443	0.01492	0.02024	0.01210	0.01643	0.00942	0.00597	0.00657	0.00203	0.00853	0.00605	0.00325	0.00866
45	0.01223	0.01153	0.01948	0.71273	0.09079	0.01416	0.01774	0.01643	0.01280	0.01652	0.01132	0.01683	0.00856	0.00630	0.00634	0.00210	0.00839	0.00564	0.00284	0.00725
46	0.00906	0.00680	0.01020	0.01020	0.01133	0.00793	0.00793	0.01133	0.01020	0.01473	0.01699	0.02492	0.01586	0.04758	0.75191	0.01020	0.01699	0.00680	0.00340	0.00566
47	0.00814	0.00671	0.00703	0.00701	0.00904	0.00584	0.00522	0.03289	0.01487	0.01812	0.08540	0.13409	0.61147	0.01607	0.00752	0.00217	0.00338	0.01355	0.00595	0.00554
48	0.01428	0.19566	0.10098	0.22872	0.02681	0.01664	0.09059	0.05610	0.09252	0.01926	0.01497	0.06726	0.01290	0.00755	0.00610	0.00198	0.00755	0.02833	0.00371	0.00808
49	0.01571	0.46723	0.29668	0.01380	0.02059	0.05579	0.01560	0.01970	0.01332	0.01687	0.00982	0.01143	0.00810	0.00570	0.00488	0.00161	0.00797	0.00391	0.00273	0.00856
50	0.01749	0.72223	0.03205	0.01128	0.01654	0.08186	0.01096	0.01949	0.01329	0.01497	0.00890	0.01028	0.00814	0.00551	0.00420	0.00138	0.00715	0.00345	0.00276	0.00808
51	0.00982	0.00726	0.00904	0.00835	0.01014	0.00692	0.00633	0.04599	0.04201	0.02560	0.63031	0.04600	0.10243	0.01278	0.00739	0.00201	0.00327	0.01119	0.00686	0.00631
52	0.12500	0.25369	0.32856	0.01435	0.02094	0.12259	0.01584	0.02031	0.01354	0.01903	0.01005	0.01173	0.00793	0.00590	0.00511	0.00175	0.00829	0.00404	0.00294	0.00838
53	0.01262	0.01180	0.01932	0.65940	0.06878	0.01467	0.01727	0.03677	0.01305	0.01702	0.01121	0.01661	0.00858	0.00668	0.00734	0.00214	0.06091	0.00563	0.00293	0.00727
54	0.01423	0.01522	0.02995	0.02228	0.02710	0.01530	0.48944	0.02006	0.08757	0.02034	0.04416	0.06675	0.01457	0.00756	0.00892	0.00223	0.09421	0.00807	0.00382	0.00821
55	0.01102	0.00551	0.00826	0.00826	0.00826	0.00551	0.00551	0.00826	0.00826	0.01102	0.01102	0.01928	0.01102	0.02204	0.02479	0.81543	0.00551	0.00551	0.00275	0.00275
56	0.01507	0.04415	0.02365	0.23487	0.43440	0.01510	0.04111	0.01967	0.05223	0.04021	0.01278	0.01646	0.01018	0.00605	0.00626	0.00195	0.00767	0.00572	0.00335	0.00912

[dist]
# distance from previous block
# <min> <max>
0	1

[block]
# block no. 4 follows, 35 sequences, length 28
# corresponding to MSA columns:
# 243-270
name=unknown_E
#
# <colnr> <probs for GDERKNQSTAVLIFYWHMCP>
#	G	D	E	R	K	N	Q	S	T	A	V	L	I	F	Y	W	H	M	C	P
0	0.01320	0.01297	0.01932	0.01632	0.01700	0.01719	0.07265	0.01496	0.01020	0.01550	0.01026	0.01669	0.00999	0.04903	0.10669	0.00375	0.57853	0.00603	0.00293	0.00679
1	0.02274	0.02719	0.01724	0.01552	0.01883	0.63068	0.01172	0.04823	0.04976	0.04141	0.04938	0.01434	0.01173	0.00705	0.00589	0.00170	0.01036	0.00474	0.00386	0.00763
2	0.01377	0.01179	0.01467	0.01100	0.01609	0.00996	0.05133	0.06264	0.06910	0.02221	0.03138	0.05929	0.01336	0.00631	0.00538	0.00129	0.00514	0.00539	0.00430	0.58559
3	0.01520	0.18301	0.30325	0.01635	0.06293	0.12718	0.03581	0.01949	0.01388	0.01804	0.01175	0.03962	0.00989	0.00816	0.03879	0.00211	0.00882	0.00494	0.00305	0.07774
4	0.20596	0.10114	0.07642	0.01385	0.01787	0.33189	0.03276	0.02148	0.01475	0.04045	0.01158	0.04242	0.01004	0.00714	0.00589	0.00184	0.03380	0.01963	0.00359	0.00749
5	0.01719	0.06065	0.08100	0.02988	0.46263	0.13365	0.01741	0.05215	0.04761	0.02065	0.01215	0.01487	0.00994	0.00603	0.00606	0.00184	0.00813	0.00527	0.00339	0.00949
6	0.03071	0.33013	0.32986	0.01474	0.03709	0.05740	0.01614	0.02000	0.03186	0.01815	0.01060	0.01225	0.00848	0.00579	0.00513	0.00167	0.00794	0.00414	0.00292	0.05502
7	0.01556	0.01571	0.05329	0.02618	0.35890	0.05347	0.06016	0.04017	0.19801	0.02189	0.01699	0.05946	0.01436	0.02900	0.00720	0.00212	0.00712	0.00681	0.00423	0.00936
8	0.00782	0.00611	0.00710	0.00755	0.00895	0.00538	0.00540	0.00947	0.01418	0.01813	0.16123	0.31820	0.37398	0.01696	0.00771	0.00228	0.00335	0.01477	0.00607	0.00538
9	0.01781	0.01530	0.05471	0.01359	0.03329	0.01505	0.01121	0.24844	0.16451	0.04904	0.01572	0.01636	0.01193	0.00718	0.00714	0.00177	0.07128	0.00542	0.00512	0.23513
10	0.01102	0.00551	0.00826	0.00826	0.00826	0.00551	0.00551	0.00826	0.00826	0.01102	0.01102	0.01928	0.01102	0.02204	0.02479	0.81543	0.00551	0.00551	0.00275	0.00275
11	0.01473	0.14880	0.39629	0.01747	0.08161	0.01606	0.03766	0.04155	0.07313	0.04551	0.01433	0.01570	0.03020	0.00644	0.00582	0.00187	0.00794	0.00515	0.00347	0.03628
12	0.01534	0.07381	0.36391	0.03406	0.02246	0.03858	0.01673	0.08266	0.19133	0.04334	0.04479	0.01752	0.01341	0.00712	0.00610	0.00198	0.00759	0.00563	0.00427	0.00936
13	0.00906	0.00680	0.01020	0.01020	0.01133	0.00793	0.00793	0.01133	0.01020	0.01473	0.01699	0.02492	0.01586	0.04758	0.75191	0.01020	0.01699	0.00680	0.00340	0.00566
14	0.01401	0.01317	0.02240	0.32685	0.31040	0.01429	0.07487	0.04862	0.01440	0.01950	0.01362	0.04193	0.01163	0.00699	0.00658	0.00207	0.00795	0.03896	0.00337	0.00840
15	0.04103	0.13554	0.02510	0.02713	0.39449	0.07954	0.05591	0.06848	0.01579	0.07982	0.01253	0.01485	0.00999	0.00600	0.00590	0.00181	0.00765	0.00527	0.00372	0.00946
16	0.01401	0.02958	0.01589	0.03722	0.09633	0.16394	0.06532	0.03479	0.03279	0.01880	0.05595	0.16905	0.06642	0.01208	0.00722	0.00223	0.00700	0.15965	0.00474	0.00700
17	0.00865	0.00637	0.00800	0.00789	0.00928	0.00584	0.00581	0.01105	0.01617	0.02218	0.48971	0.13574	0.15935	0.05468	0.00890	0.00233	0.00336	0.03254	0.00649	0.00567
18	0.00906	0.00680	0.01020	0.01020	0.01133	0.00793	0.00793	0.01133	0.01020	0.01473	0.01699	0.02492	0.01586	0.04758	0.75191	0.01020	0.01699	0.00680	0.00340	0.00566
19	0.79110	0.01248	0.00970	0.00858	0.01255	0.01444	0.00707	0.04555	0.01153	0.02891	0.00908	0.01050	0.00702	0.00596	0.00402	0.00196	0.00499	0.00352	0.00402	0.00702
20	0.01113	0.07114	0.01059	0.00839	0.00912	0.03489	0.00557	0.03465	0.01055	0.01373	0.01788	0.03542	0.02006	0.61686	0.02752	0.00526	0.05052	0.00824	0.00375	0.00473
21	0.00916	0.00661	0.00894	0.01016	0.01131	0.00639	0.00817	0.01143	0.01409	0.01852	0.09349	0.29334	0.08074	0.01782	0.00837	0.00269	0.00476	0.38243	0.00595	0.00560
22	0.01656	0.50934	0.19210	0.01424	0.05122	0.08858	0.01421	0.01984	0.01354	0.01641	0.00963	0.01126	0.00821	0.00567	0.00476	0.00155	0.00783	0.00385	0.00278	0.00843
23	0.01603	0.32934	0.28909	0.01439	0.02079	0.04262	0.01567	0.08171	0.06477	0.01986	0.01152	0.01295	0.00913	0.00635	0.00595	0.00177	0.04139	0.00445	0.00330	0.00888
24	0.01176	0.01016	0.01299	0.01389	0.05954	0.05250	0.03464	0.02969	0.05150	0.01883	0.02914	0.19350	0.06641	0.01490	0.00900	0.00257	0.06793	0.30928	0.00523	0.00654
25	0.01674	0.42152	0.21228	0.01328	0.01950	0.02060	0.01408	0.08741	0.08373	0.03888	0.01216	0.01309	0.00965	0.00616	0.00508	0.00167	0.00726	0.00439	0.00355	0.00896
26	0.01713	0.06630	0.05401	0.01603	0.12306	0.03720	0.04248	0.09127	0.03315	0.12241	0.03905	0.03992	0.01354	0.02310	0.00634	0.00170	0.00626	0.00569	0.00458	0.25677
27	0.01781	0.07527	0.23569	0.03564	0.13510	0.12737	0.06493	0.10178	0.03762	0.07618	0.02538	0.01528	0.01061	0.00648	0.00609	0.00189	0.00848	0.00531	0.00388	0.00922

[dist]
# distance from previous block
# <min> <max>
1	5

[block]
# block no. 5 follows, 35 sequences, length 73
# corresponding to MSA columns:
# 276-348
name=unknown_F
#
# <colnr> <probs for GDERKNQSTAVLIFYWHMCP>
#	G	D	E	R	K	N	Q	S	T	A	V	L	I	F	Y	W	H	M	C	P
0	0.05484	0.19454	0.27074	0.01725	0.07618	0.13807	0.05045	0.05150	0.03120	0.04303	0.01148	0.01315	0.00888	0.00610	0.00557	0.00179	0.00852	0.00461	0.00332	0.00878
1	0.01708	0.41138	0.24924	0.01377	0.02023	0.06762	0.01487	0.08066	0.01501	0.04210	0.01075	0.01205	0.00858	0.00595	0.00505	0.00164	0.00785	0.00413	0.00322	0.00879
2	0.04008	0.14204	0.32479	0.01591	0.02183	0.22380	0.01666	0.02119	0.01431	0.03650	0.01055	0.01253	0.00828	0.00660	0.00698	0.00187	0.08029	0.00441	0.00303	0.00836
3	0.52303	0.01521	0.01261	0.01092	0.01464	0.09715	0.00885	0.11693	0.05204	0.02760	0.01069	0.01207	0.00832	0.00671	0.00578	0.00199	0.05939	0.00417	0.00424	0.00764
4	0.01045	0.00722	0.00870	0.00840	0.00968	0.00707	0.00594	0.04003	0.01233	0.03952	0.05496	0.06946	0.12360	0.34560	0.10651	0.02220	0.00670	0.07309	0.00467	0.04387
5	0.02332	0.01738	0.01859	0.01444	0.01937	0.01930	0.01187	0.65152	0.09592	0.03870	0.01624	0.01603	0.01160	0.00771	0.00636	0.00193	0.00679	0.00585	0.00636	0.01072
6	0.00933	0.00716	0.01057	0.01042	0.01145	0.00849	0.00810	0.01146	0.01013	0.01466	0.01664	0.02495	0.01572	0.07322	0.68496	0.00964	0.05722	0.00682	0.00338	0.00566
7	0.01638	0.01408	0.03850	0.10265	0.35337	0.01400	0.06193	0.08416	0.05756	0.08713	0.07490	0.03645	0.01579	0.00719	0.00653	0.00198	0.00703	0.00667	0.00439	0.00931
8	0.02065	0.09048	0.01981	0.04410	0.06094	0.21699	0.05134	0.15443	0.08621	0.11858	0.03137	0.01740	0.02690	0.00815	0.02310	0.00203	0.00815	0.00567	0.00482	0.00889
9	0.00967	0.00691	0.00958	0.01097	0.01221	0.00682	0.00919	0.01223	0.01424	0.01867	0.06095	0.21198	0.03851	0.01782	0.00858	0.00282	0.00530	0.53197	0.00590	0.00571
10	0.00877	0.00678	0.01009	0.01024	0.01124	0.00640	0.06538	0.01033	0.01251	0.01668	0.06058	0.51463	0.05299	0.11300	0.01109	0.00298	0.00472	0.07077	0.00545	0.00537
11	0.03989	0.05753	0.05174	0.07865	0.44359	0.04929	0.05029	0.02130	0.08575	0.04157	0.01333	0.01607	0.01066	0.00609	0.00614	0.00191	0.00757	0.00562	0.00358	0.00945
12	0.01226	0.01156	0.01954	0.70693	0.09636	0.01417	0.01776	0.01646	0.01282	0.01655	0.01133	0.01682	0.00858	0.00629	0.00634	0.00210	0.00839	0.00564	0.00284	0.00728
13	0.01666	0.72747	0.08399	0.01137	0.01708	0.02436	0.01175	0.01907	0.01293	0.01529	0.00900	0.01041	0.00813	0.00547	0.00421	0.00140	0.00697	0.00348	0.00271	0.00823
14	0.01187	0.01120	0.01915	0.69065	0.04139	0.01369	0.04568	0.01598	0.01275	0.01638	0.01263	0.05797	0.01032	0.00704	0.00648	0.00214	0.00829	0.00639	0.00300	0.00701
15	0.01187	0.01110	0.01868	0.73239	0.04243	0.01385	0.01724	0.01602	0.01259	0.01615	0.01150	0.01723	0.00875	0.00796	0.03552	0.00243	0.00879	0.00568	0.00284	0.00699
16	0.01198	0.01128	0.01903	0.76180	0.04369	0.01409	0.01762	0.01621	0.01268	0.01621	0.01128	0.01691	0.00846	0.00634	0.00634	0.00211	0.00846	0.00564	0.00282	0.00705
17	0.01102	0.00551	0.00826	0.00826	0.00826	0.00551	0.00551	0.00826	0.00826	0.01102	0.01102	0.01928	0.01102	0.02204	0.02479	0.81543	0.00551	0.00551	0.00275	0.00275
18	0.08572	0.01513	0.01678	0.01342	0.01783	0.03434	0.02756	0.34247	0.13270	0.17363	0.01846	0.03864	0.01349	0.00806	0.00670	0.00200	0.03069	0.00624	0.00619	0.00994
19	0.01301	0.00875	0.01126	0.00994	0.01237	0.00865	0.02811	0.07077	0.07629	0.10813	0.33178	0.07730	0.09961	0.03372	0.07849	0.00292	0.00545	0.00998	0.00631	0.00716
20	0.02846	0.01080	0.01472	0.01129	0.01619	0.00932	0.00932	0.03092	0.01816	0.74187	0.02503	0.02159	0.01570	0.00785	0.00638	0.00196	0.00540	0.00638	0.00785	0.01080
21	0.01696	0.78087	0.03324	0.01085	0.01628	0.02510	0.01085	0.01900	0.01289	0.01493	0.00882	0.01018	0.00814	0.00543	0.00407	0.00136	0.00678	0.00339	0.00271	0.00814
22	0.07541	0.01295	0.07034	0.12636	0.11708	0.01189	0.15447	0.03439	0.01399	0.04500	0.04826	0.22235	0.02026	0.01002	0.00688	0.00218	0.00692	0.00941	0.00429	0.00757
23	0.01788	0.67863	0.03116	0.01160	0.01674	0.12405	0.01105	0.01986	0.01358	0.01501	0.00895	0.01035	0.00815	0.00558	0.00430	0.00139	0.00742	0.00349	0.00279	0.00803
24	0.50592	0.01214	0.01261	0.03044	0.01507	0.03074	0.07455	0.05491	0.01271	0.02534	0.01464	0.15714	0.01412	0.00863	0.00530	0.00209	0.00559	0.00681	0.00432	0.00693
25	0.01719	0.75485	0.03271	0.01105	0.01640	0.05028	0.01090	0.01922	0.01307	0.01495	0.00885	0.01022	0.00814	0.00547	0.00413	0.00137	0.00695	0.00342	0.00273	0.00811
26	0.05011	0.74922	0.03226	0.01075	0.01612	0.02465	0.01069	0.01898	0.01280	0.01548	0.00882	0.01018	0.00809	0.00545	0.00406	0.00138	0.00671	0.00339	0.00276	0.00809
27	0.02534	0.01392	0.03502	0.01563	0.08124	0.06372	0.06763	0.06251	0.01803	0.51744	0.02102	0.01949	0.01376	0.00731	0.00640	0.00195	0.00661	0.00617	0.00655	0.01027
28	0.00777	0.00555	0.00740	0.00881	0.00921	0.00518	0.00589	0.00893	0.01233	0.01649	0.05761	0.74942	0.04254	0.01965	0.00808	0.00256	0.00366	0.01782	0.00592	0.00518
29	0.01719	0.01591	0.01504	0.01342	0.01705	0.10753	0.01042	0.06757	0.60233	0.02585	0.02329	0.02172	0.01753	0.00830	0.00636	0.00207	0.00592	0.00671	0.00605	0.00975
30	0.01415	0.01349	0.02296	0.33934	0.44916	0.01467	0.01870	0.01811	0.01371	0.01885	0.01166	0.01620	0.00939	0.00594	0.00631	0.00198	0.00792	0.00565	0.00301	0.00880
31	0.04694	0.09878	0.52829	0.01740	0.05843	0.01582	0.01983	0.02148	0.09618	0.02073	0.01275	0.01427	0.00941	0.00625	0.00582	0.00196	0.00836	0.00485	0.00319	0.00927
32	0.01272	0.03281	0.74418	0.01808	0.02746	0.01473	0.02344	0.02009	0.01339	0.02009	0.01138	0.01339	0.00804	0.00603	0.00603	0.00201	0.00938	0.00469	0.00268	0.00938
33	0.00917	0.00613	0.00694	0.00699	0.00701	0.00611	0.00392	0.00921	0.00934	0.01245	0.02057	0.06979	0.02379	0.74778	0.03135	0.00601	0.00605	0.00957	0.00392	0.00389
34	0.06640	0.01281	0.01439	0.01230	0.01623	0.01379	0.00989	0.13873	0.32599	0.20513	0.02378	0.04665	0.01827	0.00908	0.00649	0.00212	0.00544	0.05622	0.00658	0.00972
35	0.16813	0.06309	0.03382	0.01109	0.01531	0.05661	0.00931	0.05120	0.01601	0.38043	0.05122	0.01922	0.01469	0.02961	0.00745	0.02820	0.02411	0.00571	0.00589	0.00890
36	0.00923	0.00615	0.00692	0.00692	0.00692	0.00615	0.00384	0.00923	0.00923	0.01230	0.01999	0.04151	0.02306	0.77705	0.03229	0.00615	0.00615	0.00923	0.00384	0.00384
37	0.00773	0.00552	0.00736	0.00883	0.00920	0.00515	0.00589	0.00883	0.01215	0.01619	0.03497	0.77291	0.04196	0.01987	0.00810	0.00258	0.00368	0.01803	0.00589	0.00515
38	0.01388	0.01388	0.01943	0.01666	0.01666	0.01943	0.01388	0.01527	0.00972	0.01527	0.00833	0.01388	0.00833	0.01110	0.02082	0.00278	0.76544	0.00555	0.00278	0.00694
39	0.01551	0.01120	0.01340	0.00969	0.01521	0.00859	0.00780	0.01828	0.01393	0.13180	0.01339	0.01445	0.01037	0.00518	0.00496	0.00110	0.00481	0.00416	0.00439	0.69178
40	0.01280	0.06661	0.68773	0.01742	0.02636	0.01493	0.02230	0.01978	0.01352	0.02002	0.03439	0.01433	0.00970	0.00622	0.00598	0.00198	0.00905	0.00484	0.00282	0.00921
41	0.01395	0.23057	0.52282	0.01656	0.02476	0.01754	0.05209	0.01981	0.01333	0.01873	0.01077	0.01271	0.00814	0.00584	0.00558	0.00184	0.00875	0.00447	0.00271	0.00901
42	0.01758	0.01339	0.01595	0.01365	0.01644	0.01572	0.01105	0.15813	0.24972	0.10219	0.01952	0.02353	0.01589	0.04518	0.01143	0.00248	0.19872	0.05503	0.00549	0.00890
43	0.12216	0.20866	0.10814	0.01166	0.01734	0.03328	0.01104	0.12775	0.01554	0.02309	0.01094	0.01235	0.00877	0.00570	0.00488	0.00148	0.00634	0.00405	0.00378	0.26304
44	0.07863	0.01250	0.01573	0.05429	0.01665	0.03222	0.01145	0.06822	0.07687	0.01948	0.03620	0.04011	0.01337	0.01665	0.14525	0.00382	0.34125	0.00629	0.00382	0.00720
45	0.01022	0.00730	0.01022	0.01168	0.01314	0.00730	0.01022	0.01314	0.01460	0.01899	0.03359	0.07156	0.03651	0.01752	0.00876	0.00292	0.00584	0.69478	0.00584	0.00584
46	0.03926	0.01259	0.02090	0.41134	0.31517	0.01412	0.01760	0.01741	0.01342	0.01854	0.01267	0.01919	0.01056	0.00666	0.00637	0.00206	0.00784	0.04299	0.00315	0.00816
47	0.07448	0.68553	0.03072	0.01097	0.01618	0.06378	0.01065	0.01932	0.01302	0.01592	0.00887	0.01025	0.00805	0.00552	0.00415	0.00141	0.00690	0.00343	0.00283	0.00801
48	0.00838	0.00640	0.00770	0.00763	0.00925	0.00573	0.00570	0.01070	0.01607	0.02142	0.40870	0.12046	0.29739	0.01486	0.00759	0.00213	0.00323	0.03455	0.00646	0.00568
49	0.00876	0.00643	0.00821	0.00787	0.00937	0.00588	0.00586	0.01151	0.01729	0.02410	0.62842	0.08816	0.12715	0.01366	0.00752	0.00204	0.00305	0.01202	0.00681	0.00588
50	0.00869	0.00630	0.00820	0.00809	0.00940	0.00581	0.00593	0.01128	0.01674	0.02341	0.57917	0.18646	0.07796	0.01439	0.00760	0.00211	0.00313	0.01279	0.00674	0.00581
51	0.01053	0.03165	0.02858	0.04130	0.03543	0.00884	0.07471	0.01425	0.08004	0.03420	0.09212	0.37394	0.10367	0.01449	0.00747	0.00231	0.00496	0.02950	0.00546	0.00655
52	0.01272	0.03281	0.74418	0.01808	0.02746	0.01473	0.02344	0.02009	0.01339	0.02009	0.01138	0.01339	0.00804	0.00603	0.00603	0.00201	0.00938	0.00469	0.00268	0.00938
53	0.01578	0.01363	0.01434	0.01291	0.01650	0.01578	0.01004	0.03371	0.72602	0.02654	0.02582	0.02367	0.01937	0.00861	0.00646	0.00215	0.00502	0.00717	0.00646	0.01004
54	0.00901	0.00686	0.00853	0.00929	0.01088	0.00646	0.00751	0.01161	0.03126	0.01866	0.09683	0.16038	0.27138	0.01680	0.00810	0.00253	0.00444	0.30780	0.00597	0.00570
55	0.01297	0.05377	0.69499	0.01767	0.02670	0.01507	0.02255	0.02059	0.04126	0.02019	0.01187	0.01370	0.00848	0.00611	0.00599	0.00200	0.00913	0.00475	0.00283	0.00937
56	0.01696	0.78087	0.03324	0.01085	0.01628	0.02510	0.01085	0.01900	0.01289	0.01493	0.00882	0.01018	0.00814	0.00543	0.00407	0.00136	0.00678	0.00339	0.00271	0.00814
57	0.00764	0.00635	0.00668	0.00678	0.00870	0.00539	0.00502	0.00932	0.01454	0.01775	0.11778	0.12521	0.61470	0.01616	0.00755	0.00217	0.00324	0.01365	0.00598	0.00539
58	0.01696	0.78087	0.03324	0.01085	0.01628	0.02510	0.01085	0.01900	0.01289	0.01493	0.00882	0.01018	0.00814	0.00543	0.00407	0.00136	0.00678	0.00339	0.00271	0.00814
59	0.01603	0.01507	0.02468	0.03616	0.65883	0.01530	0.01852	0.04688	0.06582	0.02187	0.01305	0.01625	0.01074	0.00594	0.00630	0.00190	0.00734	0.00576	0.00350	0.01008
60	0.01763	0.70629	0.03173	0.01140	0.01661	0.09728	0.01099	0.01963	0.01340	0.01499	0.00892	0.01030	0.00814	0.00554	0.00423	0.00138	0.00725	0.00346	0.00277	0.00806
61	0.20443	0.01529	0.02118	0.02631	0.37754	0.05201	0.05908	0.05259	0.02851	0.02281	0.01129	0.01430	0.00926	0.00635	0.00704	0.00199	0.07245	0.00520	0.00352	0.00885
62	0.01696	0.78087	0.03324	0.01085	0.01628	0.02510	0.01085	0.01900	0.01289	0.01493	0.00882	0.01018	0.00814	0.00543	0.00407	0.00136	0.00678	0.00339	0.00271	0.00814
63	0.79884	0.01235	0.00979	0.00922	0.03298	0.01426	0.00723	0.01867	0.01090	0.02824	0.00892	0.01046	0.00696	0.00588	0.00399	0.00196	0.00498	0.00350	0.00390	0.00696
64	0.01545	0.01482	0.02530	0.08691	0.69144	0.01501	0.01935	0.01925	0.01433	0.02043	0.01189	0.01578	0.00994	0.00570	0.00628	0.00190	0.00760	0.00565	0.00312	0.00985
65	0.00810	0.00645	0.00726	0.00706	0.00894	0.00561	0.00529	0.01026	0.01587	0.02050	0.33524	0.05552	0.46184	0.01481	0.00749	0.00208	0.00312	0.01261	0.00633	0.00561
66	0.02412	0.01777	0.01904	0.01460	0.01967	0.01967	0.01206	0.71633	0.02983	0.03998	0.01523	0.01523	0.01079	0.00762	0.00635	0.00190	0.00698	0.00571	0.00635	0.01079
67	0.00905	0.00650	0.00930	0.00948	0.01060	0.00603	0.03883	0.01095	0.01418	0.04053	0.24107	0.50052	0.04500	0.01680	0.00784	0.00237	0.00385	0.01526	0.00615	0.00572
68	0.01806	0.22117	0.26863	0.01666	0.07768	0.03588	0.03818	0.10518	0.01618	0.12550	0.01320	0.01421	0.00972	0.00629	0.00566	0.00180	0.00779	0.00487	0.00395	0.00940
69	0.01272	0.03281	0.74418	0.01808	0.02746	0.01473	0.02344	0.02009	0.01339	0.02009	0.01138	0.01339	0.00804	0.00603	0.00603	0.00201	0.00938	0.00469	0.00268	0.00938
70	0.00906	0.00680	0.01020	0.01020	0.01133	0.00793	0.00793	0.01133	0.01020	0.01473	0.01699	0.02492	0.01586	0.04758	0.75191	0.01020	0.01699	0.00680	0.00340	0.00566
71	0.00750	0.00643	0.00643	0.00643	0.00857	0.00536	0.00482	0.00910	0.01446	0.01714	0.06427	0.06105	0.73490	0.01607	0.00750	0.00214	0.00321	0.01339	0.00589	0.00536
72	0.74052	0.01214	0.01004	0.03766	0.01373	0.01392	0.00744	0.01933	0.01133	0.07298	0.00995	0.01127	0.00749	0.00603	0.00417	0.00197	0.00508	0.00371	0.00413	0.00712

[dist]
# distance from previous block
# <min> <max>
0	4

[block]
# block no. 6 follows, 35 sequences, length 6
# corresponding to MSA columns:
# 353-358
name=unknown_G
#
# <colnr> <probs for GDERKNQSTAVLIFYWHMCP>
#	G	D	E	R	K	N	Q	S	T	A	V	L	I	F	Y	W	H	M	C	P
0	0.01696	0.78087	0.03324	0.01085	0.01628	0.02510	0.01085	0.01900	0.01289	0.01493	0.00882	0.01018	0.00814	0.00543	0.00407	0.00136	0.00678	0.00339	0.00271	0.00814
1	0.01127	0.00724	0.00999	0.01084	0.01243	0.00701	0.00905	0.01387	0.01484	0.08090	0.10006	0.17602	0.03783	0.01663	0.00833	0.00270	0.00519	0.46351	0.00613	0.00617
2	0.00959	0.00747	0.01082	0.01053	0.01142	0.00895	0.00812	0.01152	0.01004	0.01453	0.01640	0.02553	0.01583	0.12133	0.59857	0.00899	0.09447	0.00692	0.00338	0.00560
3	0.01405	0.05997	0.02426	0.35187	0.25259	0.01542	0.11400	0.01889	0.05177	0.01864	0.01232	0.01652	0.00967	0.00606	0.00635	0.00200	0.00820	0.00584	0.00316	0.00841
4	0.31221	0.03786	0.01500	0.01319	0.07677	0.03730	0.03173	0.14309	0.01625	0.05071	0.08746	0.01655	0.01421	0.00681	0.00529	0.00179	0.00574	0.00516	0.00464	0.11823
5	0.12971	0.10747	0.24483	0.01413	0.04018	0.03790	0.01404	0.08666	0.08336	0.10318	0.06704	0.01715	0.01394	0.00705	0.00572	0.00191	0.00692	0.00539	0.00448	0.00894

[dist]
# distance from previous block
# <min> <max>
0	4

[block]
# block no. 7 follows, 35 sequences, length 93
# corresponding to MSA columns:
# 363-455
name=unknown_H
#
# <colnr> <probs for GDERKNQSTAVLIFYWHMCP>
#	G	D	E	R	K	N	Q	S	T	A	V	L	I	F	Y	W	H	M	C	P
0	0.31806	0.15344	0.12033	0.01235	0.01721	0.20782	0.01140	0.02092	0.01365	0.04059	0.00994	0.01139	0.00790	0.00602	0.00480	0.00175	0.00758	0.00386	0.00347	0.02752
1	0.01385	0.16697	0.57527	0.01699	0.02540	0.03652	0.04170	0.02004	0.01347	0.01904	0.01092	0.01287	0.00811	0.00591	0.00571	0.00189	0.00900	0.00452	0.00272	0.00907
2	0.01410	0.11204	0.49562	0.01592	0.02371	0.01484	0.03689	0.02033	0.03867	0.05981	0.01322	0.04066	0.01022	0.00652	0.00585	0.00188	0.00817	0.00519	0.00332	0.07305
3	0.01215	0.02965	0.65642	0.01681	0.02525	0.01363	0.02129	0.01886	0.01355	0.01995	0.03629	0.04012	0.05407	0.00725	0.00622	0.00203	0.00865	0.00581	0.00309	0.00891
4	0.01315	0.01128	0.01315	0.00940	0.01503	0.00846	0.00752	0.01597	0.01315	0.02067	0.01128	0.01315	0.00940	0.00470	0.00470	0.00094	0.00470	0.00376	0.00376	0.81583
5	0.01409	0.27441	0.51457	0.01575	0.02385	0.01808	0.01937	0.01974	0.01323	0.01842	0.01056	0.01235	0.00807	0.00583	0.00540	0.00180	0.00854	0.00427	0.00269	0.00898
6	0.01102	0.00551	0.00826	0.00826	0.00826	0.00551	0.00551	0.00826	0.00826	0.01102	0.01102	0.01928	0.01102	0.02204	0.02479	0.81543	0.00551	0.00551	0.00275	0.00275
7	0.00892	0.00648	0.00839	0.00792	0.00944	0.00596	0.00594	0.01185	0.01781	0.02509	0.70585	0.04796	0.08835	0.01310	0.00748	0.00200	0.00300	0.01155	0.00694	0.00596
8	0.01475	0.01373	0.02243	0.05373	0.47570	0.02866	0.07063	0.01874	0.04277	0.04139	0.01852	0.09499	0.05986	0.00794	0.00663	0.00201	0.00707	0.00758	0.00386	0.00901
9	0.02174	0.02252	0.02004	0.04862	0.02144	0.33880	0.06702	0.26456	0.02087	0.02443	0.01186	0.01367	0.00922	0.00724	0.00752	0.00190	0.08057	0.00512	0.00427	0.00859
10	0.01272	0.03281	0.74418	0.01808	0.02746	0.01473	0.02344	0.02009	0.01339	0.02009	0.01138	0.01339	0.00804	0.00603	0.00603	0.00201	0.00938	0.00469	0.00268	0.00938
11	0.01288	0.01235	0.02116	0.47995	0.22630	0.01395	0.05862	0.01690	0.01340	0.01771	0.01471	0.01924	0.05243	0.00668	0.00646	0.00206	0.00803	0.00622	0.00311	0.00784
12	0.01379	0.08435	0.62345	0.01683	0.02534	0.01482	0.02107	0.02026	0.01360	0.06278	0.01285	0.04039	0.00970	0.00658	0.00598	0.00198	0.00875	0.00517	0.00310	0.00922
13	0.04003	0.01542	0.02857	0.02126	0.02635	0.01560	0.43276	0.02321	0.13988	0.09311	0.01579	0.01821	0.01174	0.00673	0.00836	0.00218	0.08073	0.00702	0.00422	0.00884
14	0.00923	0.00615	0.00692	0.00692	0.00692	0.00615	0.00384	0.00923	0.00923	0.01230	0.01999	0.04151	0.02306	0.77705	0.03229	0.00615	0.00615	0.00923	0.00384	0.00384
15	0.02119	0.01621	0.01707	0.01496	0.06023	0.08008	0.01139	0.36504	0.13575	0.10604	0.04075	0.02140	0.04349	0.00838	0.00646	0.00197	0.00662	0.02711	0.00605	0.00982
16	0.07904	0.03347	0.01940	0.02127	0.23212	0.07967	0.05591	0.09568	0.18507	0.02374	0.01758	0.06882	0.01509	0.00808	0.00634	0.00203	0.00687	0.03618	0.00463	0.00900
17	0.01035	0.05406	0.01211	0.01033	0.01121	0.01028	0.00789	0.01181	0.01000	0.01413	0.01598	0.02701	0.01625	0.24721	0.38582	0.00733	0.13224	0.00709	0.00339	0.00550
18	0.01198	0.01128	0.01903	0.76180	0.04369	0.01409	0.01762	0.01621	0.01268	0.01621	0.01128	0.01691	0.00846	0.00634	0.00634	0.00211	0.00846	0.00564	0.00282	0.00705
19	0.01696	0.78087	0.03324	0.01085	0.01628	0.02510	0.01085	0.01900	0.01289	0.01493	0.00882	0.01018	0.00814	0.00543	0.00407	0.00136	0.00678	0.00339	0.00271	0.00814
20	0.01445	0.03416	0.02144	0.02983	0.50839	0.01380	0.01570	0.01939	0.09918	0.02037	0.01766	0.09435	0.03608	0.03850	0.00750	0.00215	0.00665	0.00738	0.00391	0.00912
21	0.01837	0.62416	0.03006	0.01200	0.01698	0.17676	0.01115	0.02032	0.01395	0.01505	0.00903	0.01044	0.00815	0.00566	0.00441	0.00141	0.00776	0.00354	0.00283	0.00798
22	0.51908	0.01420	0.01518	0.04029	0.17797	0.05601	0.03937	0.03495	0.01268	0.02554	0.00997	0.01218	0.00791	0.00590	0.00483	0.00194	0.00626	0.00426	0.00370	0.00778
23	0.01720	0.75445	0.03271	0.01105	0.01640	0.05067	0.01090	0.01922	0.01307	0.01495	0.00885	0.01022	0.00814	0.00547	0.00413	0.00137	0.00695	0.00342	0.00273	0.00811
24	0.82186	0.01227	0.00932	0.00834	0.01227	0.01423	0.00687	0.01865	0.01080	0.02846	0.00883	0.01031	0.00687	0.00589	0.00393	0.00196	0.00491	0.00344	0.00393	0.00687
25	0.00945	0.00654	0.00800	0.00791	0.00836	0.00679	0.00509	0.02451	0.01045	0.01428	0.06158	0.05525	0.02383	0.53667	0.18880	0.00663	0.00832	0.00896	0.00403	0.00455
26	0.00921	0.00658	0.00906	0.01052	0.01154	0.00643	0.00846	0.01139	0.01360	0.01785	0.03415	0.35713	0.03873	0.01848	0.00849	0.00278	0.00496	0.41923	0.00586	0.00556
27	0.01881	0.51527	0.02770	0.01244	0.01724	0.18647	0.01118	0.06315	0.06357	0.01735	0.01058	0.01168	0.00907	0.00602	0.00474	0.00151	0.00772	0.00394	0.00331	0.00825
28	0.01594	0.02177	0.25896	0.10183	0.10998	0.13491	0.04126	0.02010	0.01420	0.08195	0.01373	0.04874	0.01134	0.04722	0.00838	0.00223	0.04966	0.00592	0.00353	0.00836
29	0.01463	0.10994	0.48115	0.03764	0.02596	0.01576	0.09634	0.02089	0.03231	0.07003	0.01252	0.01440	0.00907	0.00621	0.00638	0.00197	0.02736	0.00508	0.00321	0.00914
30	0.01272	0.03281	0.74418	0.01808	0.02746	0.01473	0.02344	0.02009	0.01339	0.02009	0.01138	0.01339	0.00804	0.00603	0.00603	0.00201	0.00938	0.00469	0.00268	0.00938
31	0.00892	0.00648	0.00840	0.00792	0.00944	0.00596	0.00594	0.01185	0.01781	0.02510	0.70677	0.04795	0.08744	0.01310	0.00748	0.00200	0.00300	0.01155	0.00694	0.00596
32	0.01493	0.01428	0.02435	0.18962	0.59286	0.01487	0.01908	0.01879	0.01408	0.01978	0.01180	0.01595	0.00972	0.00580	0.00629	0.00193	0.00773	0.00565	0.00307	0.00942
33	0.02119	0.15911	0.04165	0.01540	0.01993	0.30938	0.08177	0.09175	0.08025	0.10030	0.01361	0.01441	0.01039	0.00664	0.00581	0.00175	0.00880	0.00500	0.00424	0.00862
34	0.01102	0.00551	0.00826	0.00826	0.00826	0.00551	0.00551	0.00826	0.00826	0.01102	0.01102	0.01928	0.01102	0.02204	0.02479	0.81543	0.00551	0.00551	0.00275	0.00275
35	0.00756	0.00643	0.00651	0.00649	0.00861	0.00538	0.00487	0.00922	0.01460	0.01747	0.09099	0.06051	0.70798	0.01594	0.00750	0.00214	0.00320	0.01331	0.00593	0.00538
36	0.01205	0.00811	0.00946	0.00878	0.01112	0.00763	0.00672	0.08537	0.03261	0.09899	0.18517	0.16357	0.29905	0.01417	0.00736	0.00216	0.00398	0.03060	0.00638	0.00671
37	0.01315	0.01128	0.01315	0.00940	0.01503	0.00846	0.00752	0.01597	0.01315	0.02067	0.01128	0.01315	0.00940	0.00470	0.00470	0.00094	0.00470	0.00376	0.00376	0.81583
38	0.01788	0.03653	0.05360	0.01610	0.09840	0.04226	0.07704	0.02193	0.05743	0.19171	0.03053	0.01706	0.01243	0.00655	0.00670	0.00169	0.04939	0.00546	0.00468	0.25265
39	0.04855	0.65836	0.11958	0.01164	0.01749	0.02340	0.01224	0.01912	0.01287	0.01610	0.00914	0.01058	0.00808	0.00552	0.00431	0.00146	0.00703	0.00355	0.00276	0.00824
