[name]
unknown

[dist]
# distance from previous block
# <min> <max>
0	5

[block]
# block no. 0 follows, 31 sequences, length 18
# corresponding to MSA columns:
# 29-46
name=unknown_A
#
# <colnr> <probs for GDERKNQSTAVLIFYWHMCP>
#	G	D	E	R	K	N	Q	S	T	A	V	L	I	F	Y	W	H	M	C	P
0	0.03927	0.15628	0.02182	0.01946	0.17508	0.05670	0.03762	0.05462	0.11506	0.02236	0.02319	0.02880	0.09174	0.00932	0.00667	0.00208	0.00698	0.08317	0.00471	0.04510
1	0.06729	0.05013	0.09421	0.02264	0.05294	0.01707	0.35800	0.04352	0.05226	0.04546	0.01671	0.01969	0.04488	0.00737	0.00865	0.00228	0.07651	0.00726	0.00399	0.00915
2	0.01551	0.04700	0.26277	0.01890	0.04585	0.01525	0.15253	0.02291	0.11097	0.07003	0.08967	0.02294	0.04188	0.00825	0.00783	0.00223	0.04418	0.00727	0.00457	0.00946
3	0.01609	0.01135	0.04749	0.10376	0.01828	0.01027	0.00994	0.04200	0.07420	0.17338	0.13226	0.03467	0.12002	0.11380	0.01095	0.00274	0.00582	0.00886	0.00602	0.05811
4	0.01497	0.01497	0.02095	0.01796	0.01796	0.02095	0.01497	0.01646	0.01048	0.01646	0.00898	0.01497	0.00898	0.01197	0.02245	0.00299	0.74704	0.00599	0.00299	0.00748
5	0.01325	0.01250	0.02112	0.68495	0.10269	0.01529	0.01917	0.01777	0.01384	0.01788	0.01222	0.01813	0.00926	0.00678	0.00683	0.00226	0.00904	0.00608	0.00307	0.00787
6	0.01879	0.01296	0.01532	0.01124	0.01709	0.01085	0.00910	0.10733	0.01751	0.15551	0.01548	0.01617	0.01160	0.00611	0.00563	0.00135	0.00552	0.00485	0.00524	0.55236
7	0.73025	0.01358	0.01082	0.00957	0.01384	0.01570	0.00785	0.05167	0.04940	0.03115	0.01081	0.01212	0.00832	0.00659	0.00450	0.00212	0.00540	0.00403	0.00450	0.00778
8	0.06146	0.01228	0.01385	0.01146	0.01541	0.04816	0.00907	0.07427	0.03957	0.23360	0.12615	0.09321	0.05411	0.01022	0.00729	0.00201	0.02895	0.00834	0.00646	0.14414
9	0.00895	0.00621	0.00776	0.00875	0.00899	0.00596	0.00552	0.00969	0.01191	0.01588	0.03160	0.48658	0.03755	0.30046	0.01859	0.00424	0.00498	0.01586	0.00552	0.00502
10	0.01693	0.01626	0.02777	0.04199	0.71689	0.01626	0.02100	0.02100	0.01558	0.02235	0.01287	0.01693	0.01084	0.00610	0.00677	0.00203	0.00813	0.00610	0.00339	0.01084
11	0.01623	0.01821	0.03900	0.03027	0.10999	0.01719	0.61891	0.02181	0.01609	0.02196	0.01373	0.01829	0.01043	0.00580	0.00793	0.00228	0.01116	0.00786	0.00345	0.00940
12	0.01931	0.01505	0.01855	0.01473	0.01961	0.01563	0.07904	0.20287	0.25397	0.08435	0.04332	0.02336	0.05055	0.00852	0.00686	0.00204	0.00641	0.00723	0.00627	0.12234
13	0.02481	0.03126	0.01905	0.01713	0.02083	0.68454	0.01288	0.02665	0.01905	0.01711	0.01068	0.01246	0.00890	0.00692	0.00610	0.00171	0.01186	0.00438	0.00356	0.06013
14	0.01693	0.01626	0.02777	0.04199	0.71689	0.01626	0.02100	0.02100	0.01558	0.02235	0.01287	0.01693	0.01084	0.00610	0.00677	0.00203	0.00813	0.00610	0.00339	0.01084
15	0.02213	0.01345	0.04205	0.01366	0.01864	0.01195	0.06745	0.11076	0.05914	0.31864	0.07041	0.08329	0.02043	0.00922	0.00698	0.00206	0.00622	0.00794	0.00677	0.10880
16	0.01497	0.01497	0.02095	0.01796	0.01796	0.02095	0.01497	0.01646	0.01048	0.01646	0.00898	0.01497	0.00898	0.01197	0.02245	0.00299	0.74704	0.00599	0.00299	0.00748
17	0.01693	0.01626	0.02777	0.04199	0.71689	0.01626	0.02100	0.02100	0.01558	0.02235	0.01287	0.01693	0.01084	0.00610	0.00677	0.00203	0.00813	0.00610	0.00339	0.01084

[dist]
# distance from previous block
# <min> <max>
1	2

[block]
# block no. 1 follows, 31 sequences, length 17
# corresponding to MSA columns:
# 49-65
name=unknown_B
#
# <colnr> <probs for GDERKNQSTAVLIFYWHMCP>
#	G	D	E	R	K	N	Q	S	T	A	V	L	I	F	Y	W	H	M	C	P
0	0.01379	0.01285	0.02213	0.52119	0.17365	0.01488	0.05243	0.01780	0.01385	0.01826	0.01236	0.01817	0.00970	0.00780	0.00825	0.05677	0.00883	0.00617	0.00312	0.00799
1	0.01497	0.01497	0.02095	0.01796	0.01796	0.02095	0.01497	0.01646	0.01048	0.01646	0.00898	0.01497	0.00898	0.01197	0.02245	0.00299	0.74704	0.00599	0.00299	0.00748
2	0.01551	0.01253	0.02073	0.57952	0.11479	0.01469	0.01812	0.01979	0.01460	0.10372	0.01404	0.01872	0.01025	0.00696	0.00684	0.00223	0.00861	0.00618	0.00374	0.00844
3	0.02601	0.01916	0.02053	0.01574	0.02122	0.02122	0.01300	0.69408	0.03217	0.04312	0.01643	0.01643	0.01163	0.00821	0.00684	0.00205	0.00753	0.00616	0.00684	0.01163
4	0.01693	0.01626	0.02777	0.04199	0.71689	0.01626	0.02100	0.02100	0.01558	0.02235	0.01287	0.01693	0.01084	0.00610	0.00677	0.00203	0.00813	0.00610	0.00339	0.01084
5	0.59436	0.01294	0.01287	0.20618	0.02233	0.01531	0.01052	0.01940	0.01219	0.02715	0.01023	0.01303	0.00787	0.00648	0.00493	0.00216	0.00632	0.00434	0.00391	0.00746
6	0.08311	0.01524	0.04870	0.01323	0.01833	0.01469	0.01125	0.26363	0.06206	0.29310	0.06153	0.02287	0.04347	0.00883	0.00677	0.00212	0.00632	0.00695	0.00711	0.01069
7	0.00825	0.00676	0.00727	0.00752	0.00943	0.00579	0.00549	0.00999	0.01542	0.01894	0.10998	0.18796	0.54786	0.01782	0.00820	0.00238	0.00354	0.01519	0.00644	0.00579
8	0.02086	0.27140	0.16142	0.01524	0.02118	0.13193	0.01484	0.15424	0.01872	0.07731	0.01290	0.01406	0.00996	0.00710	0.00656	0.00188	0.04167	0.00489	0.00421	0.00963
9	0.01991	0.02056	0.06908	0.19570	0.04376	0.23475	0.01456	0.09606	0.05329	0.08941	0.04859	0.02061	0.04801	0.00813	0.00673	0.00206	0.00893	0.00636	0.00468	0.00881
10	0.02094	0.06569	0.14855	0.01285	0.01817	0.01217	0.01227	0.07628	0.01855	0.31775	0.10929	0.06825	0.06944	0.00992	0.00697	0.00213	0.00628	0.00817	0.00655	0.00978
11	0.01945	0.01624	0.04735	0.01371	0.01749	0.15329	0.04482	0.07126	0.06420	0.17583	0.16341	0.09080	0.04686	0.01084	0.00731	0.00217	0.00695	0.03300	0.00627	0.00874
12	0.05666	0.01626	0.02778	0.03939	0.63250	0.01628	0.06858	0.02102	0.01542	0.02274	0.01277	0.01675	0.01063	0.00608	0.00674	0.00206	0.00823	0.00612	0.00343	0.01055
13	0.80789	0.01323	0.01006	0.00900	0.01323	0.01535	0.00741	0.02011	0.01164	0.03070	0.00953	0.01111	0.00741	0.00635	0.00423	0.00212	0.00529	0.00370	0.00423	0.00741
14	0.01575	0.01505	0.02563	0.24895	0.51919	0.01594	0.02041	0.01996	0.01502	0.02091	0.01266	0.01732	0.01033	0.00632	0.00679	0.00211	0.00842	0.00609	0.00328	0.00988
15	0.01318	0.00990	0.01263	0.01104	0.01389	0.00977	0.04621	0.06401	0.12111	0.06588	0.33235	0.04540	0.17713	0.01296	0.00781	0.00224	0.00462	0.03515	0.00694	0.00777
16	0.11866	0.01826	0.01605	0.01350	0.01768	0.17155	0.01066	0.24440	0.05625	0.07489	0.04561	0.06239	0.06305	0.00923	0.00653	0.00203	0.00732	0.00704	0.00573	0.04915

[dist]
# distance from previous block
# <min> <max>
0	1

[block]
# block no. 2 follows, 31 sequences, length 40
# corresponding to MSA columns:
# 67-106
name=unknown_C
#
# <colnr> <probs for GDERKNQSTAVLIFYWHMCP>
#	G	D	E	R	K	N	Q	S	T	A	V	L	I	F	Y	W	H	M	C	P
0	0.01409	0.01010	0.03126	0.01057	0.01311	0.02896	0.00839	0.08011	0.01882	0.11086	0.31265	0.17798	0.09065	0.01427	0.00791	0.00231	0.00474	0.04877	0.00696	0.00750
1	0.01618	0.05034	0.02607	0.05343	0.54224	0.01581	0.04123	0.02055	0.03498	0.02188	0.01590	0.02407	0.01432	0.00769	0.00703	0.00216	0.00794	0.08433	0.00380	0.01007
2	0.01927	0.01508	0.06054	0.01763	0.10125	0.01414	0.06601	0.13254	0.15157	0.15602	0.14775	0.02585	0.02371	0.00890	0.00712	0.00213	0.00650	0.00776	0.00631	0.02992
3	0.01121	0.00814	0.01032	0.01144	0.06637	0.00758	0.00759	0.03755	0.01595	0.05876	0.14460	0.22801	0.25671	0.07021	0.01002	0.00270	0.00453	0.03539	0.00627	0.00665
4	0.02007	0.01640	0.01674	0.01393	0.01814	0.06124	0.01101	0.30441	0.24822	0.03239	0.06178	0.04683	0.01927	0.04443	0.00819	0.00231	0.00658	0.00744	0.00642	0.05419
5	0.05980	0.01498	0.02379	0.15002	0.42606	0.01625	0.01827	0.01950	0.01424	0.02118	0.01198	0.01638	0.01006	0.00699	0.00874	0.00215	0.11169	0.00582	0.00336	0.05874
6	0.01533	0.01388	0.02311	0.33565	0.28293	0.01569	0.04124	0.01931	0.01437	0.04536	0.01311	0.01792	0.01040	0.00716	0.00836	0.00223	0.08322	0.00619	0.03564	0.00891
7	0.01644	0.01393	0.01502	0.05347	0.01711	0.10324	0.01054	0.06256	0.05914	0.08940	0.11078	0.08808	0.08341	0.04829	0.01145	0.00249	0.14794	0.00875	0.00536	0.05261
8	0.01692	0.01717	0.02314	0.21630	0.35173	0.12233	0.01810	0.02106	0.03678	0.02019	0.01288	0.01702	0.01051	0.00695	0.00761	0.00211	0.05443	0.00589	0.02966	0.00921
9	0.01552	0.01559	0.02558	0.18603	0.28746	0.05112	0.13530	0.01930	0.01453	0.01967	0.01349	0.03573	0.01176	0.05398	0.01034	0.00252	0.08295	0.00689	0.00341	0.00883
10	0.03589	0.10468	0.34354	0.01706	0.02426	0.05892	0.08596	0.05481	0.04406	0.05492	0.01996	0.02105	0.08975	0.00790	0.00659	0.00209	0.00870	0.00645	0.00404	0.00937
11	0.01014	0.00867	0.01463	0.01353	0.01544	0.00813	0.14285	0.01246	0.01409	0.01869	0.03438	0.50802	0.07072	0.01787	0.00864	0.00270	0.00568	0.08122	0.00577	0.00637
12	0.19315	0.01730	0.01880	0.18584	0.12156	0.10773	0.01417	0.17546	0.05685	0.02745	0.01332	0.01573	0.01017	0.00711	0.00618	0.00209	0.00798	0.00546	0.00450	0.00915
13	0.01571	0.01500	0.02555	0.25637	0.51210	0.01593	0.02039	0.01992	0.01500	0.02086	0.01265	0.01733	0.01031	0.00632	0.00679	0.00211	0.00843	0.00609	0.00328	0.00985
14	0.01450	0.18543	0.46633	0.01640	0.02434	0.01719	0.01964	0.04112	0.01521	0.02141	0.06838	0.05150	0.01492	0.00771	0.00629	0.00204	0.00861	0.00605	0.00355	0.00937
15	0.01881	0.13882	0.29679	0.01886	0.02647	0.01664	0.17746	0.02416	0.01592	0.17804	0.01552	0.01684	0.01095	0.00667	0.00663	0.00208	0.00905	0.00596	0.00428	0.01004
16	0.01324	0.01248	0.02109	0.68775	0.10002	0.01528	0.01916	0.01776	0.01383	0.01786	0.01222	0.01814	0.00926	0.00678	0.00683	0.00226	0.00904	0.00608	0.00307	0.00786
17	0.01292	0.01216	0.02052	0.74312	0.04712	0.01520	0.01900	0.01748	0.01368	0.01748	0.01216	0.01824	0.00912	0.00684	0.00684	0.00228	0.00912	0.00608	0.00304	0.00760
18	0.01894	0.02179	0.01996	0.05707	0.02089	0.32133	0.03406	0.02082	0.01478	0.01687	0.01192	0.06428	0.01142	0.01006	0.01333	0.00240	0.32272	0.00630	0.00346	0.00760
19	0.01608	0.01820	0.03938	0.04986	0.05854	0.01721	0.65052	0.02176	0.01606	0.02180	0.01376	0.01840	0.01036	0.00581	0.00800	0.00230	0.01135	0.00795	0.00345	0.00923
20	0.02104	0.01214	0.03483	0.01278	0.01671	0.01139	0.01078	0.12469	0.07323	0.29315	0.02944	0.09976	0.04388	0.01236	0.00769	0.00244	0.00606	0.17091	0.00717	0.00953
21	0.03420	0.04559	0.02170	0.01723	0.02135	0.17591	0.16171	0.15929	0.01959	0.02424	0.02170	0.11082	0.05253	0.01061	0.00743	0.00226	0.00868	0.09174	0.00500	0.00842
22	0.01575	0.01789	0.03872	0.02776	0.03445	0.01673	0.65819	0.02132	0.01612	0.02175	0.01657	0.02079	0.04507	0.00634	0.00807	0.00231	0.01114	0.00839	0.00360	0.00906
23	0.01058	0.01002	0.00906	0.00936	0.01126	0.09901	0.00690	0.01225	0.01541	0.01810	0.05107	0.24836	0.39865	0.01723	0.00810	0.00242	0.00492	0.05529	0.00599	0.00602
24	0.01292	0.01216	0.02052	0.74312	0.04712	0.01520	0.01900	0.01748	0.01368	0.01748	0.01216	0.01824	0.00912	0.00684	0.00684	0.00228	0.00912	0.00608	0.00304	0.00760
25	0.01720	0.01613	0.02705	0.05139	0.49941	0.01664	0.08860	0.03727	0.07016	0.04070	0.01434	0.01783	0.01160	0.00680	0.00790	0.00215	0.05410	0.00644	0.00385	0.01043
26	0.02124	0.02381	0.02281	0.08035	0.30841	0.36573	0.01674	0.02418	0.01741	0.03901	0.01210	0.01496	0.00989	0.00668	0.00649	0.00192	0.01019	0.00529	0.00357	0.00920
27	0.01693	0.05158	0.02914	0.03953	0.63021	0.01685	0.07356	0.02104	0.01554	0.02202	0.01279	0.01677	0.01070	0.00606	0.00676	0.00203	0.00836	0.00614	0.00337	0.01061
28	0.01285	0.01178	0.01962	0.68842	0.04441	0.01459	0.01815	0.01731	0.01378	0.01791	0.01339	0.02053	0.01049	0.00729	0.00684	0.00228	0.00878	0.02864	0.03542	0.00751
29	0.01676	0.17675	0.30310	0.01693	0.02341	0.15982	0.07387	0.02120	0.01493	0.01860	0.01260	0.01723	0.01077	0.09505	0.00947	0.00248	0.00970	0.00548	0.00322	0.00863
30	0.01431	0.08793	0.61804	0.02070	0.08299	0.01675	0.02393	0.02153	0.01449	0.02131	0.01212	0.01438	0.00885	0.00642	0.00636	0.00210	0.00975	0.00503	0.00293	0.01007
31	0.01342	0.00788	0.01011	0.00917	0.01144	0.00728	0.00698	0.01592	0.01700	0.15519	0.33103	0.04511	0.16328	0.07681	0.09522	0.00357	0.00581	0.01092	0.00678	0.00710
32	0.00849	0.00632	0.00833	0.03911	0.01136	0.00598	0.00673	0.00989	0.01342	0.01759	0.04049	0.64176	0.12463	0.02034	0.00858	0.00270	0.00412	0.01830	0.00622	0.00567
33	0.01979	0.10357	0.12441	0.01769	0.06540	0.03260	0.12331	0.05060	0.03971	0.21426	0.03728	0.06598	0.01678	0.03320	0.00783	0.00228	0.00776	0.02257	0.00531	0.00966
34	0.01559	0.01790	0.12633	0.05377	0.34331	0.01503	0.13962	0.02090	0.04812	0.03967	0.01681	0.10058	0.01490	0.00806	0.00720	0.00221	0.00840	0.00790	0.00395	0.00976
35	0.01646	0.01577	0.02692	0.12451	0.63806	0.01613	0.02076	0.02058	0.01535	0.02178	0.01279	0.01709	0.01063	0.00618	0.00678	0.00206	0.00824	0.00609	0.00335	0.01046
36	0.01273	0.01191	0.02001	0.71323	0.04560	0.01481	0.01848	0.01716	0.01366	0.01748	0.01320	0.04827	0.01059	0.00743	0.00692	0.00230	0.00891	0.00662	0.00317	0.00752
37	0.11538	0.03729	0.02356	0.02116	0.13624	0.11012	0.14345	0.13124	0.01915	0.17281	0.01581	0.01704	0.01144	0.00702	0.00662	0.00207	0.00840	0.00608	0.00512	0.00999
38	0.00914	0.00722	0.00823	0.00933	0.01008	0.03519	0.00629	0.01032	0.01341	0.01720	0.03935	0.57277	0.12985	0.08437	0.01081	0.00301	0.00447	0.01736	0.00604	0.00556
39	0.65255	0.01289	0.01045	0.00922	0.01324	0.01476	0.00754	0.07285	0.01358	0.03107	0.01158	0.01323	0.00893	0.00669	0.00450	0.00205	0.00522	0.00421	0.09781	0.00762

[dist]
# distance from previous block
# <min> <max>
0	4

[block]
# block no. 3 follows, 31 sequences, length 38
# corresponding to MSA columns:
# 111-148
name=unknown_D
#
# <colnr> <probs for GDERKNQSTAVLIFYWHMCP>
#	G	D	E	R	K	N	Q	S	T	A	V	L	I	F	Y	W	H	M	C	P
0	0.02065	0.01782	0.05914	0.01548	0.02025	0.06407	0.06095	0.24415	0.23926	0.08075	0.02041	0.02114	0.01530	0.03647	0.02682	0.00253	0.00761	0.00684	0.03006	0.01030
1	0.02682	0.01225	0.01577	0.01208	0.01743	0.01079	0.00989	0.06040	0.05849	0.52935	0.02398	0.02152	0.01574	0.00791	0.00657	0.00193	0.00574	0.00640	0.00754	0.14941
2	0.01419	0.01216	0.01419	0.01013	0.01621	0.00912	0.00811	0.01723	0.01419	0.02229	0.01216	0.01419	0.01013	0.00507	0.00507	0.00101	0.00507	0.00405	0.00405	0.80139
3	0.01007	0.00735	0.00865	0.00853	0.00898	0.00761	0.00557	0.01071	0.01146	0.01521	0.05508	0.07132	0.11640	0.51886	0.02733	0.00533	0.06169	0.04036	0.00465	0.00484
4	0.00901	0.00646	0.00842	0.00976	0.01036	0.00616	0.00661	0.03583	0.01383	0.01845	0.03689	0.72672	0.04396	0.02093	0.00866	0.00275	0.00411	0.01894	0.00637	0.00579
5	0.01015	0.00796	0.00930	0.00879	0.01090	0.00760	0.00664	0.01499	0.10577	0.02495	0.43592	0.05218	0.25043	0.01437	0.00793	0.00222	0.00358	0.01239	0.00711	0.00681
6	0.05172	0.00979	0.01106	0.00940	0.01265	0.00971	0.00748	0.09033	0.04378	0.22971	0.02277	0.02336	0.01648	0.00812	0.00566	0.00184	0.00456	0.00644	0.42649	0.00865
7	0.00920	0.00689	0.00842	0.00819	0.00983	0.00623	0.00602	0.01176	0.01754	0.02382	0.47144	0.10346	0.22620	0.04933	0.00934	0.00244	0.00349	0.01328	0.00700	0.00612
8	0.00853	0.00673	0.00769	0.00792	0.00963	0.00589	0.00576	0.01050	0.01594	0.02041	0.21731	0.21756	0.40697	0.01745	0.00823	0.00238	0.00352	0.01507	0.00664	0.00589
9	0.01743	0.01277	0.01496	0.01105	0.01685	0.01061	0.00889	0.07167	0.05585	0.11688	0.01535	0.01621	0.01176	0.00600	0.00555	0.00131	0.00537	0.00480	0.00502	0.59166
10	0.00870	0.00622	0.00836	0.00995	0.01051	0.00588	0.00699	0.01016	0.01346	0.01788	0.03750	0.66205	0.04444	0.02109	0.00883	0.00283	0.00429	0.10886	0.00634	0.00566
11	0.02064	0.02384	0.02450	0.01991	0.02374	0.35113	0.19203	0.05623	0.01741	0.01985	0.01212	0.01532	0.00988	0.00763	0.00930	0.00211	0.13199	0.00583	0.04823	0.00829
12	0.05739	0.10122	0.24395	0.01920	0.10861	0.04478	0.06710	0.05497	0.01588	0.10001	0.01497	0.03719	0.01199	0.04576	0.00781	0.00225	0.00832	0.00602	0.00412	0.04845
13	0.01801	0.28034	0.06476	0.01905	0.06309	0.07556	0.18510	0.07984	0.05776	0.02151	0.01455	0.04373	0.01253	0.00734	0.00638	0.00197	0.00871	0.02665	0.00394	0.00919
14	0.03779	0.00716	0.00819	0.00863	0.01015	0.00672	0.00615	0.01183	0.04881	0.02011	0.14197	0.33049	0.27563	0.04312	0.00906	0.00261	0.00390	0.01525	0.00640	0.00604
15	0.02002	0.59135	0.03204	0.01300	0.01841	0.15771	0.01205	0.05484	0.01582	0.01754	0.01005	0.01150	0.00893	0.00619	0.00484	0.00155	0.00826	0.00392	0.00323	0.00876
16	0.01545	0.00991	0.01180	0.00989	0.01364	0.00874	0.00771	0.01976	0.08561	0.15559	0.13450	0.08368	0.13489	0.01076	0.00677	0.00189	0.00452	0.00909	0.05562	0.22017
17	0.03485	0.14287	0.08901	0.06814	0.09441	0.10956	0.13348	0.02208	0.05779	0.05439	0.01574	0.06963	0.01368	0.00816	0.00737	0.00212	0.04191	0.02187	0.00402	0.00889
18	0.07428	0.09946	0.05676	0.04640	0.11689	0.08625	0.01437	0.34403	0.04488	0.03163	0.01419	0.01544	0.01073	0.00734	0.00632	0.00199	0.00801	0.00555	0.00514	0.01034
19	0.01988	0.00929	0.01208	0.01023	0.01376	0.00812	0.00814	0.02242	0.01830	0.37321	0.18789	0.07706	0.16650	0.01240	0.00755	0.00223	0.00470	0.02969	0.00767	0.00887
20	0.00880	0.00642	0.00814	0.00894	0.00987	0.00593	0.00622	0.01050	0.01472	0.01968	0.19387	0.43810	0.13582	0.06709	0.01021	0.00284	0.00398	0.03666	0.00647	0.00572
21	0.02094	0.12703	0.13931	0.01620	0.05606	0.10871	0.01422	0.11703	0.06866	0.15652	0.04374	0.04118	0.01498	0.00824	0.00708	0.00204	0.03673	0.00629	0.00519	0.00985
22	0.01078	0.00890	0.00977	0.01036	0.03866	0.03501	0.00742	0.05094	0.01602	0.02026	0.06748	0.16321	0.35885	0.04004	0.03819	0.00287	0.00524	0.07500	0.03458	0.00641
23	0.00840	0.00618	0.00787	0.00907	0.00984	0.00565	0.00619	0.00982	0.01393	0.01834	0.09140	0.60079	0.14688	0.02028	0.00859	0.00266	0.00384	0.01819	0.00644	0.00565
24	0.01726	0.02028	0.17475	0.04349	0.26753	0.03846	0.05141	0.07453	0.13023	0.04963	0.01716	0.02110	0.01366	0.00765	0.00694	0.00218	0.00821	0.04080	0.00446	0.01028
25	0.14277	0.01930	0.04840	0.05417	0.09524	0.14434	0.07188	0.15565	0.10870	0.02753	0.05478	0.01828	0.01427	0.00761	0.00649	0.00209	0.00811	0.00614	0.00489	0.00936
26	0.01938	0.00953	0.01109	0.00956	0.01270	0.00935	0.00765	0.08806	0.04135	0.23144	0.02399	0.02652	0.01797	0.00872	0.00591	0.00189	0.00462	0.03935	0.42233	0.00859
27	0.01866	0.59248	0.06383	0.01266	0.01832	0.05991	0.01235	0.07743	0.01559	0.01866	0.01073	0.01248	0.00945	0.00848	0.04227	0.00205	0.00828	0.00416	0.00332	0.00890
28	0.01624	0.10965	0.39120	0.01752	0.06005	0.01636	0.01877	0.09202	0.01641	0.04247	0.01281	0.01459	0.00959	0.00639	0.00607	0.00186	0.00841	0.00494	0.00369	0.15096
29	0.06905	0.02882	0.44368	0.01735	0.02516	0.07607	0.01966	0.07560	0.11032	0.04842	0.01490	0.01601	0.01077	0.00711	0.00642	0.00214	0.00900	0.00542	0.00408	0.01002
30	0.02656	0.01283	0.05127	0.01212	0.01710	0.03237	0.01032	0.02929	0.01864	0.56652	0.03002	0.06187	0.07985	0.00974	0.00704	0.00216	0.00595	0.00799	0.00773	0.01063
31	0.01402	0.01481	0.04056	0.01246	0.01549	0.14953	0.04822	0.01936	0.12292	0.02273	0.24367	0.07548	0.16884	0.01221	0.00751	0.00218	0.00615	0.01036	0.00596	0.00753
32	0.01079	0.00815	0.00959	0.00880	0.01099	0.00768	0.00672	0.07769	0.01949	0.02631	0.45642	0.05210	0.25075	0.01441	0.00796	0.00219	0.00371	0.01238	0.00712	0.00675
33	0.02039	0.06859	0.08605	0.01626	0.05115	0.12745	0.04445	0.13590	0.11088	0.12208	0.05816	0.02255	0.01706	0.03024	0.03588	0.00255	0.00832	0.02702	0.00545	0.00959
34	0.01644	0.01855	0.06313	0.10593	0.18232	0.16177	0.07753	0.02099	0.06962	0.01963	0.01939	0.02390	0.07586	0.08159	0.01012	0.00257	0.03112	0.00713	0.00396	0.00846
35	0.05876	0.01686	0.01815	0.01440	0.01927	0.01855	0.01175	0.47878	0.12614	0.07466	0.07556	0.02070	0.01740	0.00877	0.00685	0.00211	0.00668	0.00682	0.00688	0.01090
36	0.01784	0.06764	0.10651	0.03585	0.04127	0.04666	0.01240	0.13707	0.01786	0.05954	0.01342	0.01496	0.01039	0.00619	0.00575	0.00153	0.00686	0.00480	0.00446	0.38901
37	0.01869	0.04407	0.14352	0.01562	0.02083	0.14817	0.07787	0.11706	0.10059	0.04343	0.01666	0.01815	0.01262	0.00734	0.00626	0.00193	0.00806	0.00589	0.14794	0.04530

[dist]
# distance from previous block
# <min> <max>
4	24

[block]
# block no. 4 follows, 31 sequences, length 16
# corresponding to MSA columns:
# 173-188
name=unknown_E
#
# <colnr> <probs for GDERKNQSTAVLIFYWHMCP>
#	G	D	E	R	K	N	Q	S	T	A	V	L	I	F	Y	W	H	M	C	P
0	0.16452	0.01947	0.01896	0.04211	0.10997	0.16675	0.01322	0.24525	0.02055	0.02874	0.01289	0.01507	0.01013	0.00941	0.03798	0.00246	0.06313	0.00538	0.00469	0.00932
1	0.01367	0.00945	0.01088	0.00998	0.01248	0.00937	0.00771	0.15112	0.01942	0.05572	0.18666	0.16419	0.18536	0.01425	0.00764	0.00227	0.00454	0.04511	0.08279	0.00741
2	0.01424	0.01230	0.01514	0.01343	0.08318	0.01013	0.00942	0.01845	0.06505	0.02242	0.01519	0.06766	0.01347	0.00663	0.00563	0.00133	0.00531	0.00561	0.00437	0.61102
3	0.01396	0.01326	0.01961	0.56099	0.06120	0.05406	0.01719	0.04200	0.01516	0.01944	0.07949	0.02086	0.01457	0.00773	0.00743	0.00225	0.03283	0.00659	0.00364	0.00775
4	0.01040	0.00733	0.00842	0.00859	0.00907	0.00749	0.00537	0.01255	0.07737	0.01566	0.02530	0.16140	0.02832	0.54188	0.02702	0.00547	0.00606	0.03235	0.00485	0.00509
5	0.01661	0.01593	0.02719	0.09768	0.66369	0.01617	0.02084	0.02072	0.01543	0.02196	0.01281	0.01704	0.01070	0.00615	0.00678	0.00205	0.00821	0.00609	0.00336	0.01058
6	0.01615	0.01845	0.04037	0.02884	0.03576	0.01730	0.69204	0.02191	0.01615	0.02191	0.01384	0.01845	0.01038	0.00577	0.00807	0.00231	0.01153	0.00807	0.00346	0.00923
7	0.01401	0.01312	0.02130	0.55077	0.16115	0.01556	0.01856	0.01991	0.08037	0.01940	0.01379	0.01871	0.01055	0.00694	0.00684	0.00224	0.00859	0.00624	0.00348	0.00847
8	0.00994	0.00669	0.00773	0.00773	0.00782	0.00678	0.00448	0.01012	0.01003	0.01346	0.02131	0.04341	0.02428	0.70565	0.08792	0.00696	0.00752	0.00975	0.00411	0.00429
9	0.02415	0.01815	0.05135	0.01514	0.02048	0.01885	0.01279	0.45435	0.16637	0.11652	0.01976	0.01896	0.01398	0.00838	0.00686	0.00212	0.00702	0.00651	0.00687	0.01140
10	0.00962	0.00668	0.00749	0.00750	0.00793	0.00647	0.00448	0.01007	0.01135	0.01488	0.06512	0.06826	0.12755	0.59196	0.02880	0.00566	0.00592	0.01100	0.00471	0.00454
11	0.01185	0.00756	0.00923	0.00874	0.01100	0.00669	0.00670	0.01429	0.01736	0.11486	0.30054	0.10528	0.29516	0.01529	0.00804	0.00230	0.00387	0.04736	0.00707	0.00682
12	0.01196	0.01041	0.04158	0.01268	0.06273	0.00965	0.03015	0.01796	0.14101	0.02399	0.22503	0.10835	0.12343	0.03361	0.00817	0.00234	0.00477	0.02459	0.10003	0.00755
13	0.01520	0.01247	0.01443	0.01068	0.01617	0.01038	0.00855	0.10428	0.01711	0.02558	0.09347	0.01873	0.01660	0.00650	0.00564	0.00128	0.00517	0.00528	0.00481	0.60767
14	0.01668	0.01647	0.11583	0.05990	0.07185	0.01317	0.09365	0.04867	0.01559	0.10498	0.01546	0.05514	0.01257	0.00742	0.00760	0.00188	0.06171	0.00630	0.00440	0.27072
15	0.11788	0.01090	0.01362	0.01374	0.08103	0.01143	0.03364	0.01895	0.12547	0.02551	0.23751	0.05302	0.08150	0.01073	0.00768	0.00215	0.04363	0.00898	0.06180	0.04083

[dist]
# distance from previous block
# <min> <max>
0	2

[block]
# block no. 5 follows, 31 sequences, length 22
# corresponding to MSA columns:
# 191-212
name=unknown_F
#
# <colnr> <probs for GDERKNQSTAVLIFYWHMCP>
#	G	D	E	R	K	N	Q	S	T	A	V	L	I	F	Y	W	H	M	C	P
0	0.59605	0.13819	0.08871	0.01053	0.01565	0.01732	0.00997	0.02033	0.01230	0.02737	0.00981	0.01144	0.00776	0.00628	0.00450	0.00202	0.00613	0.00384	0.00388	0.00791
1	0.02221	0.15605	0.02222	0.06699	0.02184	0.45407	0.01331	0.05595	0.01777	0.01789	0.01092	0.01336	0.00924	0.00865	0.03065	0.00214	0.06039	0.00468	0.00351	0.00814
2	0.01281	0.08862	0.32093	0.01505	0.02090	0.01354	0.04181	0.01898	0.07089	0.02150	0.09898	0.15055	0.04839	0.01093	0.00714	0.00227	0.00732	0.03626	0.00462	0.00852
3	0.00950	0.00658	0.00819	0.00870	0.00908	0.00655	0.00565	0.01038	0.01167	0.01573	0.05794	0.25334	0.03259	0.40618	0.09157	0.00555	0.00680	0.04405	0.00500	0.00495
4	0.09507	0.07488	0.04963	0.01396	0.05098	0.04034	0.01135	0.12349	0.03664	0.34339	0.02381	0.02242	0.06705	0.00847	0.00648	0.00206	0.00649	0.00662	0.00654	0.01032
5	0.01424	0.01129	0.01296	0.01335	0.06979	0.04603	0.00925	0.02137	0.20297	0.07585	0.23599	0.12203	0.11172	0.01258	0.00756	0.00226	0.00497	0.01088	0.00665	0.00826
6	0.00834	0.00595	0.00794	0.00953	0.00992	0.00556	0.00635	0.00953	0.01310	0.01746	0.03771	0.75510	0.04525	0.02143	0.00873	0.00278	0.00397	0.01945	0.00635	0.00556
7	0.01829	0.76368	0.03585	0.01171	0.01756	0.02707	0.01171	0.02049	0.01390	0.01610	0.00951	0.01097	0.00878	0.00585	0.00439	0.00146	0.00732	0.00366	0.00293	0.00878
8	0.01934	0.01010	0.01314	0.01149	0.01463	0.01005	0.00904	0.04545	0.08297	0.30030	0.05083	0.13704	0.04535	0.01906	0.14320	0.00391	0.02880	0.00931	0.03705	0.00892
9	0.01251	0.00750	0.00969	0.01016	0.01164	0.00706	0.00721	0.01518	0.06105	0.13145	0.03646	0.56310	0.06327	0.01838	0.00829	0.00262	0.00435	0.01645	0.00673	0.00690
10	0.01693	0.01626	0.02777	0.04199	0.71689	0.01626	0.02100	0.02100	0.01558	0.02235	0.01287	0.01693	0.01084	0.00610	0.00677	0.00203	0.00813	0.00610	0.00339	0.01084
11	0.01025	0.00719	0.00892	0.00837	0.01032	0.00646	0.00632	0.01310	0.01848	0.05667	0.52939	0.05335	0.21661	0.01453	0.00802	0.00219	0.00340	0.01261	0.00729	0.00653
12	0.02150	0.00989	0.01199	0.00991	0.01346	0.00936	0.00794	0.08693	0.01863	0.32703	0.07317	0.02553	0.02008	0.00864	0.00611	0.00190	0.00473	0.00700	0.32703	0.00914
13	0.01939	0.49776	0.02924	0.01318	0.01826	0.15424	0.01183	0.02454	0.13682	0.01843	0.01294	0.01379	0.01092	0.00668	0.00517	0.00167	0.00790	0.00451	0.00375	0.00899
14	0.01920	0.01578	0.01670	0.01436	0.01862	0.01803	0.01136	0.19576	0.54157	0.03213	0.02508	0.02332	0.01864	0.00902	0.00693	0.00226	0.00593	0.00735	0.00693	0.01102
15	0.01322	0.00927	0.01102	0.01013	0.01266	0.00929	0.00773	0.02010	0.18896	0.09172	0.35931	0.08954	0.12325	0.01317	0.00773	0.00225	0.00409	0.01140	0.00726	0.00790
16	0.00857	0.00624	0.00810	0.00930	0.01006	0.00577	0.00644	0.01012	0.01414	0.01879	0.11517	0.58181	0.11299	0.02010	0.00863	0.00268	0.00393	0.04497	0.00648	0.00571
17	0.00949	0.00654	0.00809	0.00872	0.00903	0.00649	0.00562	0.01025	0.01144	0.01529	0.02759	0.27692	0.03197	0.42228	0.07069	0.00543	0.00652	0.05777	0.00498	0.00488
18	0.00890	0.00645	0.00841	0.00901	0.01002	0.00595	0.00634	0.01099	0.01590	0.02179	0.32900	0.42076	0.08491	0.01805	0.00842	0.00249	0.00363	0.01618	0.00686	0.00595
19	0.01503	0.01242	0.03570	0.01214	0.01538	0.01267	0.00971	0.10267	0.29239	0.04941	0.13148	0.13985	0.09486	0.01258	0.00754	0.00235	0.00514	0.03300	0.00678	0.00889
20	0.02457	0.01839	0.01974	0.01529	0.02064	0.02022	0.01256	0.59839	0.09491	0.04072	0.01730	0.01718	0.01244	0.00816	0.00677	0.00203	0.00721	0.00620	0.00672	0.05058
21	0.02627	0.01103	0.01470	0.01167	0.01624	0.00986	0.00949	0.03002	0.06086	0.56092	0.14459	0.02819	0.02533	0.00946	0.00709	0.00214	0.00535	0.00787	0.00822	0.01071

[dist]
# distance from previous block
# <min> <max>
0	10

[block]
# block no. 6 follows, 31 sequences, length 54
# corresponding to MSA columns:
# 223-257,363-381
name=unknown_G
#
# <colnr> <probs for GDERKNQSTAVLIFYWHMCP>
#	G	D	E	R	K	N	Q	S	T	A	V	L	I	F	Y	W	H	M	C	P
0	0.01592	0.19535	0.43884	0.01738	0.02541	0.04131	0.04794	0.03915	0.01508	0.04063	0.01368	0.01551	0.02861	0.00691	0.00663	0.00203	0.03153	0.00522	0.00330	0.00959
1	0.15810	0.00906	0.01005	0.00902	0.01192	0.00860	0.00692	0.01573	0.01566	0.08982	0.23210	0.09909	0.14610	0.03860	0.02797	0.00249	0.00470	0.01004	0.00610	0.09791
2	0.00880	0.00682	0.00769	0.00788	0.00945	0.00609	0.00566	0.01052	0.01506	0.01915	0.16343	0.14797	0.38696	0.12882	0.01224	0.00303	0.00410	0.04448	0.00621	0.00564
3	0.01781	0.72059	0.03443	0.01167	0.01725	0.02602	0.01153	0.02001	0.01374	0.01608	0.01001	0.01188	0.00925	0.00844	0.04587	0.00201	0.00794	0.00387	0.00297	0.00863
4	0.01753	0.17569	0.14926	0.10138	0.15503	0.05817	0.03529	0.09093	0.01672	0.04317	0.01361	0.04412	0.01128	0.00708	0.00623	0.00193	0.00828	0.00580	0.00384	0.05465
5	0.01482	0.04926	0.08227	0.01113	0.01320	0.06269	0.00914	0.03559	0.01213	0.05393	0.03390	0.01997	0.01305	0.01830	0.01981	0.52932	0.00686	0.00588	0.00357	0.00519
6	0.69509	0.01331	0.01109	0.00961	0.01400	0.01504	0.00792	0.04949	0.01332	0.10259	0.01162	0.01259	0.00857	0.00665	0.00462	0.00211	0.00544	0.00413	0.00478	0.00802
7	0.01684	0.05905	0.30013	0.02028	0.08719	0.08674	0.08682	0.02179	0.01545	0.07874	0.04940	0.01867	0.03113	0.00783	0.00845	0.00219	0.08989	0.00619	0.00385	0.00935
8	0.01469	0.02023	0.20759	0.13342	0.23653	0.05633	0.04813	0.01991	0.03435	0.02106	0.05178	0.06252	0.04737	0.00823	0.00697	0.00217	0.00842	0.00731	0.00383	0.00917
9	0.00993	0.00745	0.00832	0.00824	0.01035	0.00669	0.00616	0.01270	0.05005	0.05074	0.14452	0.13687	0.44058	0.04183	0.00900	0.00251	0.00390	0.03730	0.00656	0.00631
10	0.00866	0.00638	0.00792	0.00885	0.00972	0.00594	0.00608	0.01001	0.01353	0.01766	0.07121	0.45438	0.18159	0.10578	0.03737	0.00340	0.00472	0.03523	0.00605	0.00552
11	0.01912	0.01841	0.04239	0.01658	0.04976	0.18119	0.06832	0.07917	0.16959	0.08396	0.06442	0.04833	0.04906	0.00991	0.00722	0.00221	0.00785	0.06780	0.00563	0.00910
12	0.02006	0.01373	0.01588	0.01359	0.01749	0.01449	0.01117	0.32653	0.06271	0.10455	0.04817	0.09641	0.02382	0.01203	0.00761	0.00236	0.00642	0.16260	0.00679	0.03360
13	0.01924	0.01088	0.01274	0.01082	0.01435	0.01075	0.00875	0.16232	0.03574	0.20909	0.08756	0.03529	0.12047	0.01094	0.00695	0.00212	0.00515	0.06525	0.16271	0.00887
14	0.01248	0.00876	0.01046	0.01032	0.01229	0.00860	0.00783	0.11431	0.01730	0.05305	0.07884	0.29500	0.17041	0.06146	0.00987	0.00279	0.00493	0.10801	0.00645	0.00685
15	0.02773	0.01293	0.01628	0.01281	0.01780	0.01235	0.01046	0.14390	0.08159	0.51581	0.02575	0.05415	0.01762	0.00906	0.00696	0.00215	0.00599	0.00738	0.00797	0.01131
16	0.01615	0.01845	0.04037	0.02884	0.03576	0.01730	0.69204	0.02191	0.01615	0.02191	0.01384	0.01845	0.01038	0.00577	0.00807	0.00231	0.01153	0.00807	0.00346	0.00923
17	0.78421	0.01341	0.01037	0.00920	0.01347	0.01553	0.00758	0.04052	0.01226	0.03107	0.00974	0.01127	0.00754	0.00641	0.00431	0.00211	0.00536	0.00378	0.00431	0.00754
18	0.00845	0.00628	0.00793	0.00918	0.01005	0.00575	0.00641	0.00988	0.01378	0.01787	0.04414	0.56967	0.18313	0.02042	0.00864	0.00271	0.00401	0.05969	0.00635	0.00565
19	0.01571	0.01271	0.01471	0.01077	0.01666	0.01035	0.00864	0.05964	0.05607	0.05135	0.01392	0.01534	0.01112	0.00564	0.00536	0.00120	0.00526	0.00451	0.00457	0.67648
20	0.01874	0.01496	0.01600	0.01400	0.01811	0.01702	0.01100	0.10224	0.59584	0.07171	0.02665	0.02448	0.01972	0.00913	0.00694	0.00228	0.00565	0.00753	0.00704	0.01096
21	0.01729	0.01299	0.01498	0.01141	0.01674	0.01159	0.00915	0.11657	0.09418	0.08828	0.07075	0.01946	0.01640	0.00698	0.00592	0.00149	0.00538	0.00566	0.00544	0.46935
22	0.01006	0.00799	0.00919	0.00892	0.01109	0.00761	0.00687	0.01467	0.10236	0.02339	0.31198	0.05606	0.31956	0.01516	0.00805	0.00232	0.00385	0.06729	0.00688	0.00671
23	0.01017	0.00708	0.00893	0.00848	0.01017	0.00646	0.00627	0.01289	0.01802	0.04967	0.53017	0.08250	0.14796	0.05936	0.00967	0.00247	0.00359	0.01262	0.00715	0.00637
24	0.02330	0.00992	0.01325	0.01073	0.01465	0.00876	0.00860	0.02606	0.01896	0.47101	0.21688	0.03172	0.03039	0.03100	0.00788	0.00222	0.00498	0.00846	0.05149	0.00970
25	0.04577	0.00769	0.00966	0.00933	0.01135	0.00705	0.00692	0.01517	0.01656	0.14029	0.26870	0.27887	0.12503	0.01559	0.00793	0.00237	0.00402	0.01367	0.00702	0.00699
26	0.01502	0.01142	0.01387	0.01340	0.01605	0.01258	0.01113	0.07528	0.23173	0.05235	0.05820	0.04937	0.02977	0.01403	0.00909	0.00271	0.05047	0.31861	0.00649	0.00842
27	0.02007	0.58436	0.03181	0.01316	0.01844	0.20001	0.01208	0.02216	0.01525	0.01625	0.00977	0.01131	0.00879	0.00615	0.00483	0.00154	0.00855	0.00384	0.00307	0.00857
28	0.00874	0.00635	0.00831	0.00958	0.01038	0.00592	0.00680	0.01037	0.01414	0.01873	0.09613	0.55911	0.10364	0.02017	0.00870	0.00273	0.00413	0.09389	0.00644	0.00574
29	0.01575	0.10521	0.49234	0.01976	0.05737	0.04008	0.06215	0.02205	0.01477	0.05554	0.01264	0.01484	0.00931	0.00674	0.00714	0.00212	0.04384	0.00525	0.00325	0.00984
30	0.09027	0.01868	0.01890	0.01744	0.09151	0.09982	0.01271	0.36087	0.13197	0.03393	0.01682	0.01734	0.01255	0.00786	0.00647	0.00205	0.00744	0.00600	0.03692	0.01044
31	0.00888	0.00707	0.00944	0.00950	0.01104	0.00637	0.04009	0.01083	0.01515	0.01977	0.16606	0.37470	0.25970	0.01803	0.00838	0.00250	0.00405	0.01604	0.00642	0.00597
32	0.01959	0.01680	0.01699	0.01375	0.01783	0.15589	0.01100	0.02243	0.03448	0.14279	0.01420	0.01589	0.01112	0.00764	0.00935	0.00181	0.16423	0.00513	0.00458	0.31449
33	0.01332	0.01300	0.04780	0.01425	0.05769	0.01020	0.09676	0.01666	0.01462	0.02117	0.02258	0.02676	0.11983	0.04054	0.00755	0.00182	0.00616	0.03429	0.00434	0.43064
34	0.01714	0.01658	0.02703	0.04018	0.66958	0.03353	0.02036	0.02182	0.04578	0.02249	0.01347	0.01720	0.01123	0.00626	0.00677	0.00204	0.00811	0.00613	0.00355	0.01077
35	0.01704	0.01570	0.02666	0.10766	0.62822	0.01593	0.02042	0.02110	0.01554	0.04681	0.01330	0.01728	0.01089	0.00625	0.00678	0.00206	0.00814	0.00612	0.00353	0.01056
36	0.01310	0.01191	0.02023	0.56732	0.03996	0.01451	0.05547	0.01660	0.01303	0.01697	0.01203	0.01837	0.00953	0.00920	0.01033	0.10191	0.05319	0.00617	0.00305	0.00711
37	0.07663	0.01743	0.02621	0.02024	0.02485	0.05657	0.27240	0.09089	0.15339	0.02483	0.01553	0.01810	0.01205	0.00785	0.00970	0.00233	0.13320	0.00685	0.00449	0.02647
38	0.01824	0.20766	0.24325	0.01763	0.02469	0.06345	0.12963	0.05875	0.04536	0.08061	0.01386	0.01544	0.01041	0.00657	0.00624	0.00195	0.00892	0.00546	0.00393	0.03794
39	0.03993	0.01283	0.07487	0.01269	0.01596	0.03008	0.02941	0.03893	0.04781	0.15342	0.17179	0.02871	0.02578	0.04289	0.18674	0.00451	0.06195	0.00796	0.00557	0.00816
40	0.01693	0.01626	0.02777	0.04199	0.71689	0.01626	0.02100	0.02100	0.01558	0.02235	0.01287	0.01693	0.01084	0.00610	0.00677	0.00203	0.00813	0.00610	0.00339	0.01084
41	0.01944	0.01979	0.02976	0.02236	0.02800	0.14505	0.38049	0.09625	0.05109	0.06953	0.01822	0.02049	0.05125	0.00726	0.00747	0.00217	0.01012	0.00748	0.00450	0.00929
42	0.02134	0.06471	0.05093	0.06889	0.02289	0.15509	0.08582	0.11558	0.04194	0.15291	0.01636	0.03818	0.01276	0.02807	0.00925	0.00228	0.09234	0.00646	0.00495	0.00927
43	0.01289	0.00795	0.00961	0.00888	0.01135	0.00711	0.00676	0.01583	0.04095	0.14422	0.27208	0.11439	0.29218	0.01477	0.00789	0.00227	0.00391	0.01266	0.00713	0.00718
44	0.01666	0.01900	0.07329	0.02765	0.03465	0.01692	0.62924	0.02240	0.01621	0.05233	0.01433	0.01847	0.01058	0.00592	0.00794	0.00229	0.01121	0.00787	0.00365	0.00938
45	0.01800	0.01714	0.05121	0.03743	0.58089	0.01656	0.04929	0.08226	0.01718	0.04410	0.01361	0.01705	0.01099	0.00635	0.00683	0.00205	0.00822	0.00617	0.00383	0.01084
46	0.01512	0.04737	0.08962	0.03827	0.06459	0.01097	0.01088	0.07439	0.01629	0.12037	0.06676	0.17862	0.09688	0.10851	0.01094	0.00285	0.00612	0.02790	0.00563	0.00792
47	0.00877	0.00678	0.00797	0.00840	0.00997	0.00607	0.00620	0.01072	0.01552	0.01990	0.17648	0.22853	0.34845	0.04330	0.00928	0.00262	0.00391	0.07480	0.00649	0.00584
48	0.06761	0.01980	0.07209	0.01561	0.02075	0.08117	0.04649	0.41744	0.04717	0.05297	0.01616	0.01855	0.01240	0.07011	0.00900	0.00244	0.00803	0.00626	0.00576	0.01019
49	0.01671	0.03667	0.02658	0.03558	0.54230	0.01636	0.05720	0.03916	0.03500	0.02289	0.03724	0.01841	0.01300	0.00681	0.00750	0.00208	0.04214	0.00640	0.02771	0.01027
50	0.01105	0.00617	0.00877	0.00892	0.00928	0.00614	0.00609	0.00993	0.01092	0.01507	0.08820	0.12132	0.02262	0.04834	0.06200	0.50803	0.00602	0.00860	0.03851	0.00403
51	0.00852	0.00614	0.00778	0.00900	0.00954	0.00572	0.00595	0.00961	0.01294	0.01703	0.03878	0.59563	0.10906	0.11561	0.01201	0.00323	0.00426	0.01773	0.00607	0.00540
52	0.01419	0.01216	0.01419	0.01013	0.01621	0.00912	0.00811	0.01723	0.01419	0.02229	0.01216	0.01419	0.01013	0.00507	0.00507	0.00101	0.00507	0.00405	0.00405	0.80139
53	0.01593	0.28336	0.31458	0.01741	0.08181	0.01915	0.01764	0.05161	0.01546	0.02116	0.05366	0.01573	0.01246	0.00670	0.00583	0.00185	0.00819	0.00510	0.00346	0.04890

[dist]
# distance from previous block
# <min> <max>
0	1

[block]
# block no. 7 follows, 31 sequences, length 8
# corresponding to MSA columns:
# 383-390
name=unknown_H
#
# <colnr> <probs for GDERKNQSTAVLIFYWHMCP>
#	G	D	E	R	K	N	Q	S	T	A	V	L	I	F	Y	W	H	M	C	P
0	0.01436	0.13735	0.62776	0.01841	0.02792	0.01745	0.02338	0.02150	0.01437	0.02089	0.01189	0.01396	0.00868	0.00641	0.00620	0.00207	0.00972	0.00486	0.00289	0.00992
1	0.01693	0.01626	0.02777	0.04199	0.71689	0.01626	0.02100	0.02100	0.01558	0.02235	0.01287	0.01693	0.01084	0.00610	0.00677	0.00203	0.00813	0.00610	0.00339	0.01084
2	0.00895	0.00685	0.00821	0.00811	0.00983	0.00611	0.00599	0.01140	0.01728	0.02305	0.40253	0.13836	0.29643	0.01606	0.00815	0.00228	0.00340	0.01394	0.00697	0.00611
3	0.01069	0.00776	0.01050	0.01144	0.01262	0.00794	0.00935	0.01315	0.01480	0.01968	0.09988	0.12326	0.03887	0.12689	0.01355	0.00352	0.03881	0.42533	0.00596	0.00599
4	0.01607	0.06791	0.04490	0.01794	0.05280	0.05227	0.16691	0.02571	0.27025	0.02334	0.04638	0.02238	0.01703	0.03415	0.05281	0.00279	0.00830	0.00717	0.00494	0.06596
5	0.00859	0.00625	0.00815	0.00945	0.01019	0.00581	0.00659	0.01011	0.01392	0.01840	0.08255	0.59544	0.10974	0.02039	0.00868	0.00272	0.00405	0.06684	0.00642	0.00569
6	0.05890	0.49117	0.14509	0.01361	0.01988	0.07301	0.01393	0.07909	0.01583	0.02012	0.01063	0.01211	0.00894	0.00627	0.00506	0.00168	0.00804	0.00416	0.00337	0.00912
7	0.01837	0.06920	0.02473	0.02854	0.35935	0.06876	0.04814	0.08055	0.18487	0.02473	0.01646	0.01831	0.01304	0.00708	0.00668	0.00206	0.00782	0.00630	0.00452	0.01047

[dist]
# distance from previous block
# <min> <max>
0	1

[block]
# block no. 8 follows, 31 sequences, length 33
# corresponding to MSA columns:
# 392-424
name=unknown_I
#
# <colnr> <probs for GDERKNQSTAVLIFYWHMCP>
#	G	D	E	R	K	N	Q	S	T	A	V	L	I	F	Y	W	H	M	C	P
0	0.07756	0.01402	0.01537	0.01287	0.01704	0.01510	0.01033	0.21532	0.23560	0.10495	0.12795	0.02683	0.02374	0.00955	0.00689	0.00216	0.00572	0.02944	0.00683	0.04272
1	0.01792	0.60826	0.14648	0.01327	0.01970	0.06139	0.01398	0.02103	0.01427	0.01703	0.01001	0.01161	0.00876	0.00602	0.00482	0.00159	0.00803	0.00392	0.00295	0.00895
2	0.47060	0.01280	0.01234	0.01030	0.01474	0.01371	0.00846	0.07870	0.01587	0.22300	0.03542	0.01669	0.01246	0.00738	0.00531	0.00209	0.00547	0.00515	0.04063	0.00886
3	0.00838	0.00616	0.00779	0.00901	0.00974	0.00565	0.00609	0.00967	0.01356	0.01775	0.05961	0.60083	0.15472	0.04479	0.00947	0.00281	0.00396	0.01814	0.00631	0.00557
4	0.02505	0.03039	0.01871	0.01700	0.02047	0.66405	0.01276	0.02684	0.01912	0.05198	0.01259	0.04559	0.01082	0.00775	0.00632	0.00182	0.01164	0.00519	0.00390	0.00801
5	0.00876	0.00664	0.00808	0.00839	0.00983	0.00596	0.00604	0.01088	0.01621	0.02152	0.30079	0.28089	0.25637	0.01739	0.00829	0.00240	0.00354	0.01527	0.00679	0.00596
6	0.00876	0.00630	0.00840	0.00994	0.01059	0.00594	0.00707	0.01029	0.01361	0.01799	0.03854	0.62181	0.06710	0.02088	0.00883	0.00282	0.00433	0.12478	0.00634	0.00568
7	0.01305	0.01205	0.02015	0.68649	0.06852	0.01485	0.01844	0.01753	0.01377	0.01800	0.01263	0.01851	0.00955	0.00686	0.00675	0.00224	0.00882	0.00609	0.03802	0.00766
8	0.01414	0.01333	0.02209	0.52841	0.21502	0.01556	0.01909	0.01934	0.04956	0.01928	0.01314	0.01828	0.01016	0.00678	0.00683	0.00222	0.00868	0.00617	0.00333	0.00858
9	0.01225	0.00800	0.00907	0.00845	0.01110	0.00707	0.00645	0.01513	0.05089	0.12931	0.13175	0.10014	0.45399	0.01543	0.00788	0.00229	0.00393	0.01302	0.00685	0.00700
10	0.70860	0.01331	0.01097	0.00954	0.01391	0.01510	0.00786	0.04693	0.01313	0.09300	0.01135	0.01241	0.00842	0.00661	0.00457	0.00211	0.00542	0.00408	0.00471	0.00795
11	0.25861	0.01796	0.01533	0.01302	0.01709	0.14734	0.01026	0.23033	0.06868	0.05342	0.01545	0.03890	0.01265	0.06303	0.00805	0.00240	0.00736	0.00591	0.00530	0.00890
12	0.01615	0.01845	0.04037	0.02884	0.03576	0.01730	0.69204	0.02191	0.01615	0.02191	0.01384	0.01845	0.01038	0.00577	0.00807	0.00231	0.01153	0.00807	0.00346	0.00923
13	0.01693	0.01626	0.02777	0.04199	0.71689	0.01626	0.02100	0.02100	0.01558	0.02235	0.01287	0.01693	0.01084	0.00610	0.00677	0.00203	0.00813	0.00610	0.00339	0.01084
14	0.01525	0.01593	0.03096	0.25386	0.17216	0.01658	0.32459	0.02014	0.01505	0.02041	0.01294	0.01796	0.01002	0.00640	0.00798	0.00227	0.03824	0.00698	0.00330	0.00897
15	0.01649	0.01725	0.02237	0.40433	0.23276	0.15309	0.01846	0.02037	0.01532	0.01872	0.01206	0.01673	0.00955	0.00667	0.00669	0.00211	0.00946	0.00576	0.00323	0.00858
16	0.01841	0.01560	0.01497	0.01287	0.01653	0.11059	0.01005	0.21611	0.14688	0.05201	0.11187	0.08349	0.11534	0.01106	0.00718	0.00213	0.00633	0.00902	0.00637	0.03319
17	0.00905	0.00688	0.00837	0.00866	0.01012	0.00632	0.00624	0.01173	0.03868	0.02179	0.29589	0.29297	0.22372	0.01722	0.00826	0.00241	0.00361	0.01515	0.00681	0.00612
