[name]
unknown

[dist]
# distance from previous block
# <min> <max>
2	9

[block]
# block no. 0 follows, 29 sequences, length 18
# corresponding to MSA columns:
# 9-26
name=unknown_A
#
# <colnr> <probs for GDERKNQSTAVLIFYWHMCP>
#	G	D	E	R	K	N	Q	S	T	A	V	L	I	F	Y	W	H	M	C	P
0	0.01728	0.01636	0.02657	0.03889	0.59844	0.01659	0.01999	0.02327	0.09504	0.02387	0.01748	0.02063	0.03915	0.00718	0.00712	0.00216	0.00794	0.00688	0.00408	0.01107
1	0.02384	0.14510	0.02447	0.02172	0.14077	0.46238	0.01491	0.04993	0.01906	0.01934	0.01147	0.01361	0.00964	0.00701	0.00626	0.00184	0.01106	0.00484	0.00367	0.00906
2	0.01794	0.14433	0.01981	0.01409	0.01847	0.01954	0.01143	0.03495	0.57405	0.02751	0.02565	0.02392	0.01954	0.00904	0.00678	0.00226	0.00598	0.00731	0.00651	0.01090
3	0.02261	0.01596	0.01783	0.01470	0.01905	0.01724	0.01195	0.46001	0.02747	0.07409	0.02314	0.11824	0.02074	0.03493	0.00861	0.00252	0.00709	0.08642	0.00699	0.01040
4	0.23540	0.01863	0.01805	0.01437	0.01959	0.06227	0.01178	0.42212	0.02607	0.08279	0.01550	0.01581	0.01110	0.00797	0.00635	0.00214	0.00740	0.00566	0.00629	0.01069
5	0.02523	0.01939	0.01998	0.01593	0.02116	0.05869	0.01294	0.48198	0.17355	0.06694	0.01976	0.01918	0.01424	0.00873	0.00711	0.00218	0.00756	0.00669	0.00703	0.01172
6	0.19667	0.01247	0.01523	0.01196	0.01723	0.01165	0.00988	0.03175	0.01861	0.56480	0.02419	0.02152	0.01550	0.00834	0.00657	0.00220	0.00594	0.00645	0.00787	0.01117
7	0.01036	0.00690	0.00777	0.00777	0.00777	0.00690	0.00431	0.01036	0.01036	0.01381	0.02244	0.04660	0.02589	0.74975	0.03624	0.00690	0.00690	0.01036	0.00431	0.00431
8	0.01345	0.01266	0.02136	0.73264	0.04904	0.01582	0.01978	0.01819	0.01424	0.01819	0.01266	0.01898	0.00949	0.00712	0.00712	0.00237	0.00949	0.00633	0.00316	0.00791
9	0.01762	0.01692	0.02890	0.04371	0.70533	0.01692	0.02185	0.02185	0.01621	0.02326	0.01339	0.01762	0.01128	0.00634	0.00705	0.00211	0.00846	0.00634	0.00352	0.01128
10	0.00842	0.00721	0.00721	0.00721	0.00962	0.00601	0.00541	0.01022	0.01623	0.01924	0.07213	0.06853	0.70244	0.01803	0.00842	0.00240	0.00361	0.01503	0.00661	0.00601
11	0.01904	0.75404	0.03731	0.01218	0.01828	0.02818	0.01218	0.02132	0.01447	0.01675	0.00990	0.01142	0.00914	0.00609	0.00457	0.00152	0.00761	0.00381	0.00305	0.00914
12	0.00998	0.00727	0.00938	0.00885	0.01058	0.00668	0.00664	0.01324	0.01992	0.02799	0.66323	0.05412	0.10588	0.01477	0.00840	0.00225	0.00337	0.01301	0.00776	0.00668
13	0.01904	0.75404	0.03731	0.01218	0.01828	0.02818	0.01218	0.02132	0.01447	0.01675	0.00990	0.01142	0.00914	0.00609	0.00457	0.00152	0.00761	0.00381	0.00305	0.00914
14	0.01650	0.02132	0.12249	0.02885	0.03645	0.01783	0.60112	0.02278	0.01659	0.02278	0.01421	0.01871	0.01059	0.00609	0.00821	0.00238	0.01183	0.00803	0.00353	0.00971
15	0.01021	0.00747	0.01066	0.01066	0.01165	0.00847	0.00792	0.01221	0.01121	0.01595	0.01979	0.03197	0.01954	0.20274	0.57457	0.01047	0.01646	0.00821	0.00392	0.00592
16	0.02507	0.03069	0.08539	0.01777	0.02239	0.50108	0.01460	0.14810	0.02197	0.02329	0.01272	0.01430	0.01001	0.00754	0.00653	0.00192	0.01137	0.00506	0.03107	0.00913
17	0.01575	0.08297	0.60369	0.01959	0.02918	0.08387	0.02421	0.02303	0.01548	0.02169	0.01242	0.01459	0.00904	0.00678	0.00659	0.00217	0.01055	0.00510	0.00307	0.01022

[dist]
# distance from previous block
# <min> <max>
0	1

[block]
# block no. 1 follows, 29 sequences, length 8
# corresponding to MSA columns:
# 28-35
name=unknown_B
#
# <colnr> <probs for GDERKNQSTAVLIFYWHMCP>
#	G	D	E	R	K	N	Q	S	T	A	V	L	I	F	Y	W	H	M	C	P
0	0.02507	0.03152	0.02198	0.01927	0.02296	0.61803	0.06540	0.02721	0.01927	0.01782	0.01115	0.01352	0.00931	0.00759	0.00775	0.00197	0.06321	0.00500	0.00363	0.00833
1	0.01030	0.00711	0.00879	0.00879	0.00914	0.00746	0.00559	0.01101	0.01066	0.01457	0.02150	0.04141	0.02364	0.55584	0.22708	0.00817	0.01029	0.00960	0.00418	0.00488
2	0.09083	0.01490	0.02411	0.31734	0.37534	0.01639	0.01966	0.02029	0.01503	0.02206	0.01276	0.01759	0.01022	0.00668	0.00682	0.00223	0.00859	0.00610	0.00346	0.00958
3	0.01500	0.14543	0.61057	0.01907	0.02892	0.01830	0.02417	0.02236	0.01495	0.02167	0.01234	0.01449	0.00904	0.00666	0.00643	0.00214	0.01008	0.00504	0.00301	0.01031
4	0.01715	0.46876	0.30602	0.01541	0.02327	0.02355	0.01780	0.02181	0.01469	0.01906	0.01104	0.01286	0.00909	0.00636	0.00544	0.00181	0.00877	0.00439	0.00303	0.00969
5	0.01695	0.43979	0.33331	0.01574	0.02377	0.02308	0.01837	0.02186	0.01472	0.01929	0.01116	0.01300	0.00909	0.00639	0.00553	0.00184	0.00889	0.00444	0.00303	0.00975
6	0.15566	0.01556	0.02515	0.01853	0.02465	0.01464	0.26621	0.05297	0.01716	0.17900	0.01649	0.01813	0.01181	0.00672	0.00683	0.00207	0.00818	0.00651	0.00517	0.14857
7	0.16923	0.30413	0.09985	0.01260	0.01828	0.04744	0.01217	0.02345	0.01589	0.14869	0.07324	0.01786	0.01542	0.00754	0.00566	0.00193	0.00709	0.00541	0.00480	0.00932

[dist]
# distance from previous block
# <min> <max>
3	52

[block]
# block no. 2 follows, 29 sequences, length 13
# corresponding to MSA columns:
# 91-103
name=unknown_C
#
# <colnr> <probs for GDERKNQSTAVLIFYWHMCP>
#	G	D	E	R	K	N	Q	S	T	A	V	L	I	F	Y	W	H	M	C	P
0	0.04067	0.01873	0.01853	0.16146	0.04103	0.21306	0.01394	0.07815	0.03214	0.04022	0.01475	0.03488	0.01245	0.01549	0.11776	0.00366	0.10440	0.00635	0.02402	0.00830
1	0.01308	0.00889	0.00989	0.00916	0.01152	0.03645	0.00690	0.01560	0.01814	0.10999	0.31357	0.07546	0.25502	0.04249	0.00911	0.00245	0.00433	0.01241	0.03844	0.00711
2	0.01582	0.26891	0.49426	0.01767	0.02676	0.02030	0.02174	0.02215	0.01485	0.02067	0.01185	0.01387	0.00906	0.00655	0.00605	0.00202	0.00958	0.00479	0.00302	0.01008
3	0.02905	0.01309	0.01903	0.01896	0.15735	0.01177	0.01277	0.03210	0.01954	0.57112	0.02512	0.02290	0.01634	0.00831	0.00714	0.00219	0.00655	0.00700	0.00774	0.01195
4	0.00961	0.00629	0.00793	0.00925	0.00992	0.00596	0.00628	0.01127	0.01390	0.01987	0.03600	0.59957	0.04125	0.01947	0.00826	0.00264	0.00397	0.01749	0.16513	0.00596
5	0.01802	0.01470	0.02120	0.07335	0.31202	0.01516	0.01561	0.15390	0.04040	0.06156	0.05917	0.08203	0.08204	0.00984	0.00744	0.00224	0.00713	0.00870	0.00537	0.01010
6	0.02024	0.01490	0.01735	0.01644	0.07382	0.03507	0.01199	0.12786	0.29211	0.13332	0.05997	0.04282	0.02087	0.01317	0.06471	0.00304	0.02714	0.00791	0.00670	0.01058
7	0.01338	0.00884	0.01244	0.15574	0.01904	0.00896	0.00963	0.01696	0.01856	0.10001	0.43410	0.04097	0.04617	0.01192	0.00773	0.00222	0.00489	0.01043	0.07049	0.00754
8	0.00865	0.00629	0.00817	0.00968	0.01027	0.00580	0.00651	0.00994	0.01386	0.01827	0.04212	0.68594	0.10441	0.02193	0.00903	0.00285	0.00409	0.01979	0.00661	0.00580
9	0.01865	0.02021	0.08547	0.12072	0.09607	0.09719	0.28232	0.04864	0.03672	0.07391	0.03897	0.01964	0.01317	0.00711	0.00757	0.00226	0.01023	0.00722	0.00427	0.00968
10	0.02443	0.02684	0.02197	0.02291	0.16025	0.40785	0.01523	0.15399	0.05576	0.02454	0.01357	0.01532	0.01080	0.00749	0.00673	0.00198	0.01062	0.00547	0.00449	0.00977
11	0.02804	0.01291	0.01659	0.01256	0.01826	0.01128	0.01032	0.08788	0.02039	0.51292	0.02400	0.02169	0.01571	0.00807	0.00678	0.00196	0.00606	0.00650	0.00773	0.17033
12	0.01536	0.01319	0.01504	0.01135	0.01721	0.01116	0.00901	0.02196	0.15203	0.02454	0.01596	0.01716	0.01281	0.00616	0.00567	0.00133	0.00535	0.00499	0.00483	0.63490

[dist]
# distance from previous block
# <min> <max>
0	7

[block]
# block no. 3 follows, 29 sequences, length 36
# corresponding to MSA columns:
# 111-146
name=unknown_D
#
# <colnr> <probs for GDERKNQSTAVLIFYWHMCP>
#	G	D	E	R	K	N	Q	S	T	A	V	L	I	F	Y	W	H	M	C	P
0	0.00944	0.06296	0.01037	0.00985	0.01087	0.00750	0.00693	0.01081	0.01392	0.01816	0.03990	0.63030	0.10156	0.02071	0.00869	0.00275	0.00435	0.01854	0.00634	0.00606
1	0.31502	0.04594	0.03489	0.14466	0.02121	0.01390	0.01086	0.02062	0.01402	0.11699	0.01605	0.04844	0.01359	0.07282	0.00852	0.00258	0.00664	0.02086	0.00478	0.06763
2	0.02181	0.01413	0.01522	0.01235	0.01644	0.01519	0.00998	0.35220	0.05696	0.08770	0.02080	0.02164	0.01529	0.00853	0.00633	0.00198	0.00590	0.00663	0.30089	0.01002
3	0.01738	0.01633	0.02690	0.03964	0.62001	0.01634	0.02021	0.05245	0.01704	0.02399	0.01802	0.02146	0.06370	0.00734	0.00716	0.00214	0.00806	0.00701	0.00393	0.01092
4	0.02382	0.06398	0.02157	0.01797	0.02187	0.53777	0.06014	0.05118	0.01941	0.01882	0.01372	0.01607	0.02914	0.01102	0.06075	0.00262	0.01256	0.00541	0.00386	0.00834
5	0.01645	0.02002	0.09070	0.02773	0.03512	0.01722	0.57676	0.02240	0.01651	0.02282	0.01414	0.01854	0.01065	0.00600	0.00803	0.00228	0.01136	0.00783	0.00361	0.07182
6	0.01583	0.01684	0.03090	0.02331	0.02794	0.03588	0.38373	0.02081	0.04207	0.02218	0.08527	0.04524	0.01784	0.00894	0.01144	0.00250	0.16534	0.00854	0.00419	0.03122
7	0.01019	0.00769	0.00923	0.00894	0.01083	0.00709	0.00664	0.04281	0.01872	0.02517	0.39633	0.15389	0.24338	0.01637	0.00844	0.00237	0.00375	0.01424	0.00728	0.00663
8	0.01740	0.01693	0.02960	0.06943	0.62920	0.01696	0.07161	0.02178	0.01618	0.02303	0.01344	0.01780	0.01117	0.00635	0.00715	0.00215	0.00877	0.00650	0.00352	0.01102
9	0.01849	0.67187	0.11471	0.01311	0.01971	0.02684	0.01380	0.02146	0.01453	0.01742	0.01023	0.01184	0.00912	0.00617	0.00482	0.00161	0.00795	0.00397	0.00304	0.00930
10	0.02334	0.02547	0.02508	0.02038	0.02467	0.35229	0.15728	0.11031	0.01994	0.05532	0.01312	0.01567	0.01033	0.00796	0.00923	0.00218	0.10799	0.00599	0.00427	0.00917
11	0.03195	0.01212	0.01652	0.01267	0.01818	0.01047	0.01047	0.03470	0.02038	0.71026	0.02809	0.02424	0.01763	0.00881	0.00716	0.00220	0.00606	0.00716	0.00881	0.01212
12	0.00948	0.00714	0.00999	0.10461	0.01522	0.00722	0.00817	0.01116	0.01369	0.01821	0.05778	0.57159	0.04123	0.07608	0.01090	0.00311	0.00502	0.01739	0.00602	0.00598
13	0.02615	0.02754	0.02154	0.01824	0.02268	0.46554	0.07143	0.09237	0.04938	0.11562	0.01498	0.01594	0.01128	0.00764	0.00680	0.00199	0.01106	0.00559	0.00485	0.00940
14	0.00908	0.00679	0.00847	0.00938	0.01045	0.00628	0.00652	0.01124	0.03226	0.02033	0.15159	0.49171	0.16976	0.01996	0.00881	0.00269	0.00395	0.01780	0.00682	0.00611
15	0.01690	0.01459	0.01532	0.01385	0.01774	0.01669	0.01076	0.03542	0.63330	0.02886	0.03276	0.03024	0.08130	0.01039	0.00735	0.00241	0.00546	0.00866	0.00719	0.01081
16	0.01038	0.00841	0.01339	0.01318	0.01485	0.00796	0.09603	0.01274	0.01480	0.01956	0.03701	0.46746	0.06839	0.01938	0.00914	0.00290	0.00570	0.16605	0.00620	0.00647
17	0.01630	0.01590	0.02547	0.32293	0.40968	0.04599	0.02067	0.02064	0.01558	0.02096	0.01299	0.01798	0.01046	0.00670	0.00705	0.00221	0.00906	0.00626	0.00338	0.00978
18	0.01000	0.00728	0.00942	0.00888	0.01059	0.00669	0.00666	0.01329	0.01998	0.02814	0.67349	0.05387	0.09554	0.01471	0.00840	0.00225	0.00337	0.01297	0.00778	0.00669
19	0.00868	0.00620	0.00826	0.00991	0.01033	0.00578	0.00661	0.00991	0.01363	0.01818	0.03925	0.74510	0.04710	0.02231	0.00909	0.00289	0.00413	0.02024	0.00661	0.00578
20	0.00927	0.00662	0.00894	0.01059	0.01126	0.00629	0.00764	0.01094	0.01421	0.01884	0.03892	0.60493	0.04581	0.02175	0.00925	0.00297	0.00464	0.15459	0.00660	0.00595
21	0.02613	0.01705	0.01902	0.01487	0.02006	0.01833	0.01220	0.46691	0.06076	0.16715	0.02015	0.01983	0.01416	0.01036	0.03452	0.00249	0.00758	0.00669	0.05019	0.01155
22	0.00888	0.00717	0.00749	0.00744	0.00938	0.00622	0.00532	0.01049	0.01552	0.01902	0.11188	0.06357	0.53712	0.14385	0.01321	0.00317	0.00416	0.01406	0.00631	0.00577
23	0.01739	0.01669	0.02849	0.08147	0.66936	0.01686	0.02174	0.02165	0.01611	0.02299	0.01335	0.01770	0.01118	0.00639	0.00705	0.00213	0.00852	0.00634	0.00350	0.01109
24	0.05369	0.01625	0.01800	0.01407	0.01938	0.01692	0.01146	0.35249	0.10123	0.13552	0.05660	0.02061	0.01661	0.00847	0.00683	0.00202	0.00661	0.00663	0.00688	0.12974
25	0.02487	0.02035	0.01959	0.01569	0.02076	0.12693	0.01264	0.42900	0.08846	0.06450	0.05009	0.01918	0.01529	0.00858	0.00699	0.00206	0.00798	0.00650	0.00655	0.05400
26	0.01681	0.01921	0.04202	0.03001	0.03721	0.01801	0.67947	0.02281	0.01681	0.02281	0.01441	0.01921	0.01080	0.00600	0.00840	0.00240	0.01200	0.00840	0.00360	0.00960
27	0.00982	0.00761	0.00917	0.00974	0.01175	0.00695	0.00794	0.01240	0.01679	0.02123	0.13879	0.07118	0.36329	0.01823	0.00897	0.00272	0.00473	0.26561	0.00675	0.00631
28	0.01714	0.46719	0.30750	0.01543	0.02329	0.02352	0.01783	0.02181	0.01469	0.01907	0.01105	0.01287	0.00909	0.00636	0.00545	0.00182	0.00878	0.00439	0.00303	0.00969
29	0.01752	0.11800	0.40272	0.02038	0.02894	0.04728	0.14383	0.05382	0.01669	0.06533	0.01381	0.01595	0.01005	0.00677	0.00683	0.00217	0.01014	0.00581	0.00370	0.01026
30	0.02732	0.01100	0.01456	0.01151	0.01625	0.00958	0.00939	0.03008	0.01955	0.56084	0.06363	0.02951	0.07702	0.00981	0.00714	0.00217	0.00549	0.00804	0.07623	0.01088
31	0.00944	0.00710	0.00873	0.00864	0.01033	0.00640	0.00636	0.01208	0.01817	0.02459	0.43919	0.15902	0.23068	0.01661	0.00850	0.00238	0.00354	0.01452	0.00734	0.00640
32	0.07551	0.10204	0.17843	0.01644	0.02301	0.06050	0.07716	0.10823	0.01925	0.22050	0.03933	0.01875	0.01382	0.00770	0.00671	0.00213	0.00831	0.00619	0.00552	0.01048
33	0.02353	0.01408	0.01955	0.01572	0.03513	0.01371	0.09843	0.17036	0.05803	0.29623	0.02947	0.07477	0.09718	0.01034	0.00759	0.00229	0.00685	0.00897	0.00716	0.01059
34	0.00867	0.00623	0.00823	0.00982	0.01030	0.00579	0.00657	0.00993	0.01373	0.01821	0.04041	0.72109	0.07036	0.02216	0.00906	0.00287	0.00411	0.02006	0.00661	0.00579
35	0.01970	0.44665	0.14868	0.01468	0.02119	0.07618	0.01484	0.10451	0.05450	0.02198	0.01241	0.01368	0.01018	0.00680	0.00554	0.00180	0.00842	0.00467	0.00382	0.00979

[dist]
# distance from previous block
# <min> <max>
0	1

[block]
# block no. 4 follows, 29 sequences, length 50
# corresponding to MSA columns:
# 150-199
name=unknown_E
#
# <colnr> <probs for GDERKNQSTAVLIFYWHMCP>
#	G	D	E	R	K	N	Q	S	T	A	V	L	I	F	Y	W	H	M	C	P
0	0.01916	0.01719	0.01937	0.19590	0.02733	0.12562	0.04738	0.12108	0.08820	0.06848	0.01888	0.05084	0.03603	0.00841	0.00694	0.00207	0.00823	0.00696	0.00505	0.12686
1	0.01782	0.47601	0.26370	0.01523	0.02269	0.05963	0.01702	0.02210	0.01495	0.01874	0.01092	0.01271	0.00910	0.00638	0.00540	0.00179	0.00886	0.00434	0.00306	0.00956
2	0.00940	0.03968	0.04532	0.01054	0.01171	0.00729	0.00785	0.01104	0.01374	0.01834	0.03665	0.67667	0.04354	0.02083	0.00878	0.00280	0.00460	0.01878	0.00627	0.00617
3	0.01095	0.00737	0.00907	0.00913	0.01096	0.00670	0.00691	0.01325	0.01694	0.06006	0.24704	0.16968	0.23842	0.01705	0.00906	0.02844	0.00413	0.08039	0.04794	0.00652
4	0.01904	0.75404	0.03731	0.01218	0.01828	0.02818	0.01218	0.02132	0.01447	0.01675	0.00990	0.01142	0.00914	0.00609	0.00457	0.00152	0.00761	0.00381	0.00305	0.00914
5	0.01138	0.00897	0.01047	0.00979	0.01211	0.00892	0.00743	0.01800	0.16245	0.02699	0.43506	0.05053	0.18205	0.01420	0.00816	0.00231	0.00389	0.01227	0.00747	0.00755
6	0.00868	0.00620	0.00826	0.00991	0.01033	0.00578	0.00661	0.00991	0.01363	0.01818	0.03925	0.74510	0.04710	0.02231	0.00909	0.00289	0.00413	0.02024	0.00661	0.00578
7	0.01147	0.00820	0.01147	0.01311	0.01475	0.00820	0.01147	0.01475	0.01639	0.02131	0.03770	0.08032	0.04098	0.01967	0.00984	0.00328	0.00656	0.65741	0.00656	0.00656
8	0.01762	0.01692	0.02890	0.04371	0.70533	0.01692	0.02185	0.02185	0.01621	0.02326	0.01339	0.01762	0.01128	0.00634	0.00705	0.00211	0.00846	0.00634	0.00352	0.01128
9	0.01017	0.00763	0.01144	0.01144	0.01272	0.00890	0.00890	0.01272	0.01144	0.01653	0.01907	0.02797	0.01780	0.05340	0.72153	0.01144	0.01907	0.00763	0.00381	0.00636
10	0.00877	0.00723	0.00770	0.00758	0.00983	0.00616	0.00569	0.01090	0.01706	0.02121	0.20560	0.06528	0.56774	0.01730	0.00841	0.00237	0.00355	0.01457	0.00687	0.00616
11	0.01017	0.00763	0.01144	0.01144	0.01272	0.00890	0.00890	0.01272	0.01144	0.01653	0.01907	0.02797	0.01780	0.05340	0.72153	0.01144	0.01907	0.00763	0.00381	0.00636
12	0.01374	0.01295	0.02188	0.68468	0.09473	0.01590	0.01992	0.01845	0.01438	0.01855	0.01271	0.01889	0.00962	0.00707	0.00711	0.00236	0.00942	0.00633	0.00319	0.00814
13	0.80005	0.01377	0.01047	0.00936	0.01377	0.01597	0.00771	0.02093	0.01212	0.03195	0.00991	0.01157	0.00771	0.00661	0.00441	0.00220	0.00551	0.00386	0.00441	0.00771
14	0.01036	0.00690	0.00777	0.00777	0.00777	0.00690	0.00431	0.01036	0.01036	0.01381	0.02244	0.04660	0.02589	0.74975	0.03624	0.00690	0.00690	0.01036	0.00431	0.00431
15	0.01428	0.03683	0.71286	0.02030	0.03082	0.01654	0.02631	0.02255	0.01503	0.02255	0.01278	0.01503	0.00902	0.00677	0.00677	0.00226	0.01052	0.00526	0.00301	0.01052
16	0.01213	0.00967	0.01028	0.01004	0.01210	0.04444	0.00754	0.03531	0.05813	0.04147	0.06657	0.08736	0.27424	0.13882	0.08989	0.00417	0.00694	0.07829	0.00595	0.00667
17	0.01450	0.01238	0.01449	0.01052	0.01659	0.00933	0.00836	0.01758	0.01472	0.02299	0.01380	0.04627	0.01212	0.00601	0.00544	0.00113	0.00522	0.00491	0.00432	0.75931
18	0.02548	0.01993	0.02027	0.01598	0.02127	0.06574	0.01303	0.55717	0.08916	0.04079	0.01993	0.01970	0.04030	0.00895	0.00714	0.00215	0.00780	0.00678	0.00689	0.01155
19	0.01446	0.03579	0.67716	0.02152	0.06602	0.01656	0.02608	0.02251	0.01510	0.02259	0.01281	0.01517	0.00914	0.00674	0.00678	0.00225	0.01042	0.00532	0.00303	0.01056
20	0.62554	0.05294	0.01502	0.01538	0.13222	0.01677	0.01036	0.02111	0.01294	0.02967	0.01051	0.01260	0.00840	0.00654	0.00487	0.00215	0.00612	0.00428	0.00418	0.00840
21	0.05434	0.01874	0.02096	0.11160	0.02536	0.02102	0.01415	0.56829	0.03011	0.04083	0.01623	0.01714	0.01160	0.00828	0.00702	0.00217	0.00797	0.00630	0.00649	0.01138
22	0.02631	0.01922	0.02056	0.01585	0.02133	0.02124	0.01307	0.64521	0.03246	0.04387	0.01743	0.01761	0.01245	0.00853	0.00701	0.00211	0.00759	0.00642	0.04991	0.01181
23	0.70125	0.01425	0.01167	0.01011	0.01468	0.01629	0.00833	0.07973	0.01433	0.06015	0.01127	0.01256	0.00849	0.00687	0.00476	0.00220	0.00574	0.00421	0.00482	0.00828
24	0.01579	0.01620	0.02530	0.02065	0.02189	0.02115	0.13008	0.01811	0.01192	0.01811	0.01022	0.01620	0.00960	0.01135	0.02079	0.00299	0.61173	0.00661	0.00320	0.00810
25	0.00868	0.00620	0.00826	0.00991	0.01033	0.00578	0.00661	0.00991	0.01363	0.01818	0.03925	0.74510	0.04710	0.02231	0.00909	0.00289	0.00413	0.02024	0.00661	0.00578
26	0.00868	0.00620	0.00826	0.00991	0.01033	0.00578	0.00661	0.00991	0.01363	0.01818	0.03925	0.74510	0.04710	0.02231	0.00909	0.00289	0.00413	0.02024	0.00661	0.00578
27	0.01235	0.01106	0.01770	0.01512	0.01785	0.01114	0.15619	0.01771	0.10892	0.02295	0.17055	0.27750	0.06403	0.01468	0.00924	0.00257	0.04314	0.01350	0.00611	0.00769
28	0.01237	0.00618	0.00928	0.00928	0.00928	0.00618	0.00618	0.00928	0.00928	0.01237	0.01237	0.02165	0.01237	0.02474	0.02783	0.79283	0.00618	0.00618	0.00309	0.00309
29	0.01558	0.01558	0.02181	0.01869	0.01869	0.02181	0.01558	0.01714	0.01091	0.01714	0.00935	0.01558	0.00935	0.01246	0.02337	0.00312	0.73672	0.00623	0.00312	0.00779
30	0.01428	0.03683	0.71286	0.02030	0.03082	0.01654	0.02631	0.02255	0.01503	0.02255	0.01278	0.01503	0.00902	0.00677	0.00677	0.00226	0.01052	0.00526	0.00301	0.01052
31	0.01747	0.01676	0.02862	0.06974	0.68054	0.01688	0.02177	0.02172	0.01614	0.02307	0.01337	0.01768	0.01121	0.00637	0.00705	0.00212	0.00850	0.00634	0.00351	0.01115
32	0.01722	0.00884	0.01168	0.01016	0.01309	0.00789	0.00790	0.02019	0.01970	0.25518	0.41089	0.07962	0.08191	0.01321	0.00802	0.00227	0.00431	0.01145	0.00804	0.00844
33	0.01025	0.00732	0.00989	0.00989	0.01063	0.00806	0.00697	0.01172	0.01098	0.01538	0.02049	0.03583	0.02121	0.34705	0.43255	0.00953	0.01394	0.00878	0.00403	0.00550
34	0.06751	0.01927	0.01731	0.01438	0.01901	0.22899	0.01138	0.09048	0.02089	0.35956	0.04215	0.04282	0.01648	0.00882	0.00689	0.00211	0.00813	0.00672	0.00676	0.01035
35	0.01352	0.01054	0.01547	0.01950	0.22345	0.00995	0.01134	0.01680	0.01820	0.07040	0.32424	0.04336	0.17002	0.01234	0.00791	0.00223	0.00515	0.01092	0.00635	0.00834
36	0.54806	0.01505	0.01306	0.01106	0.01575	0.05228	0.00905	0.08141	0.01595	0.15979	0.01401	0.01450	0.01003	0.00723	0.00527	0.00218	0.00620	0.00474	0.00543	0.00895
37	0.80005	0.01377	0.01047	0.00936	0.01377	0.01597	0.00771	0.02093	0.01212	0.03195	0.00991	0.01157	0.00771	0.00661	0.00441	0.00220	0.00551	0.00386	0.00441	0.00771
38	0.01060	0.00728	0.00937	0.00914	0.01081	0.00664	0.00674	0.01339	0.01858	0.05486	0.49115	0.18396	0.11844	0.01609	0.00848	0.00238	0.00364	0.01422	0.00754	0.00671
39	0.80005	0.01377	0.01047	0.00936	0.01377	0.01597	0.00771	0.02093	0.01212	0.03195	0.00991	0.01157	0.00771	0.00661	0.00441	0.00220	0.00551	0.00386	0.00441	0.00771
40	0.02236	0.01565	0.01660	0.01332	0.01770	0.01715	0.01081	0.44425	0.06389	0.03848	0.01961	0.02049	0.01450	0.00853	0.00648	0.00201	0.00634	0.00657	0.24487	0.01040
41	0.00842	0.00721	0.00721	0.00721	0.00962	0.00601	0.00541	0.01022	0.01623	0.01924	0.07213	0.06853	0.70244	0.01803	0.00842	0.00240	0.00361	0.01503	0.00661	0.00601
42	0.01018	0.00734	0.00942	0.00914	0.01088	0.00680	0.00702	0.01340	0.01927	0.02696	0.55882	0.05632	0.11779	0.01516	0.00843	0.00234	0.00370	0.07678	0.03362	0.00664
43	0.01345	0.01266	0.02136	0.73264	0.04904	0.01582	0.01978	0.01819	0.01424	0.01819	0.01266	0.01898	0.00949	0.00712	0.00712	0.00237	0.00949	0.00633	0.00316	0.00791
44	0.01008	0.00728	0.00952	0.00896	0.01064	0.00672	0.00672	0.01344	0.02016	0.02855	0.70158	0.05319	0.06719	0.01456	0.00840	0.00224	0.00336	0.01288	0.00784	0.00672
45	0.00882	0.00626	0.00822	0.00973	0.01011	0.00588	0.00641	0.00995	0.01335	0.01780	0.03778	0.68432	0.04525	0.08562	0.01145	0.00324	0.00437	0.01938	0.00641	0.00566
46	0.02382	0.01747	0.01890	0.01533	0.02036	0.01939	0.01239	0.37517	0.29019	0.09509	0.02267	0.02140	0.01634	0.00901	0.00717	0.00225	0.00682	0.00712	0.00731	0.01178
47	0.01832	0.64635	0.13875	0.01340	0.02016	0.02643	0.01430	0.02151	0.01455	0.01762	0.01033	0.01196	0.00912	0.00619	0.00490	0.00163	0.00805	0.00403	0.00304	0.00935
48	0.02179	0.01768	0.01919	0.06465	0.02216	0.04262	0.01309	0.34046	0.25046	0.03503	0.04336	0.02139	0.01677	0.00920	0.00807	0.00229	0.04710	0.00710	0.00659	0.01100
49	0.02014	0.01880	0.02532	0.05407	0.47150	0.12658	0.01887	0.04521	0.01770	0.07940	0.01537	0.02011	0.01272	0.00737	0.00708	0.00214	0.00888	0.03393	0.00422	0.01061

[dist]
# distance from previous block
# <min> <max>
0	17

# created by:
# /home/cegg/simao/soft/augustus-3.2.1/scripts/msa2prfl.pl ./align_prep/EOG090W0HIX.fa
