[name]
unknown

[dist]
# distance from previous block
# <min> <max>
0	663

[block]
# block no. 0 follows, 30 sequences, length 39
# corresponding to MSA columns:
# 674-712
name=unknown_A
#
# <colnr> <probs for GDERKNQSTAVLIFYWHMCP>
#	G	D	E	R	K	N	Q	S	T	A	V	L	I	F	Y	W	H	M	C	P
0	0.02089	0.12906	0.06867	0.07983	0.06394	0.17368	0.03884	0.11437	0.05659	0.08160	0.01514	0.01834	0.01207	0.00808	0.00783	0.00211	0.06618	0.02878	0.00455	0.00946
1	0.01995	0.04290	0.02286	0.18723	0.22734	0.26037	0.01693	0.06281	0.05445	0.02112	0.01310	0.01623	0.01049	0.00702	0.00666	0.00204	0.00978	0.00565	0.00381	0.00928
2	0.00948	0.00765	0.00869	0.00992	0.01069	0.04450	0.00677	0.01084	0.01414	0.01822	0.06359	0.63137	0.09727	0.02047	0.00869	0.00272	0.00444	0.01835	0.00637	0.00585
3	0.05553	0.00997	0.01101	0.01101	0.01328	0.03239	0.00841	0.01881	0.15094	0.06760	0.08231	0.26019	0.13064	0.01579	0.00806	0.00257	0.00501	0.10237	0.00661	0.00752
4	0.01656	0.04455	0.10249	0.02882	0.24932	0.06583	0.23573	0.02204	0.05267	0.02187	0.01615	0.08172	0.01408	0.00776	0.00737	0.00222	0.00939	0.00784	0.00388	0.00969
5	0.01245	0.00665	0.00997	0.01075	0.04680	0.00665	0.00682	0.01018	0.00978	0.01351	0.01280	0.02128	0.01240	0.02233	0.02486	0.70748	0.00602	0.00610	0.04951	0.00367
6	0.01720	0.25918	0.32678	0.01847	0.02630	0.06204	0.11686	0.05791	0.01608	0.02124	0.01200	0.01421	0.00930	0.00644	0.00619	0.00198	0.00962	0.00518	0.00330	0.00971
7	0.01997	0.05846	0.02245	0.04121	0.02243	0.07506	0.13258	0.21147	0.09987	0.07448	0.02226	0.08853	0.05662	0.00970	0.00778	0.00224	0.03125	0.00832	0.00566	0.00967
8	0.04300	0.01352	0.01772	0.01978	0.19415	0.01350	0.01238	0.16341	0.04369	0.08571	0.02330	0.14789	0.05576	0.01029	0.00701	0.00211	0.00625	0.00888	0.03094	0.10072
9	0.01801	0.21379	0.26544	0.01785	0.05547	0.06296	0.03996	0.09582	0.12141	0.02382	0.01466	0.01590	0.01127	0.00707	0.00624	0.00201	0.00866	0.00544	0.00411	0.01011
10	0.04970	0.30494	0.02571	0.03990	0.02062	0.31662	0.01274	0.07611	0.05737	0.02013	0.01187	0.01332	0.00987	0.00692	0.00566	0.00177	0.00949	0.00457	0.00384	0.00885
11	0.04029	0.01337	0.01522	0.01136	0.01710	0.01166	0.00915	0.11317	0.05755	0.07584	0.01525	0.01637	0.01183	0.00624	0.00563	0.00139	0.00554	0.00492	0.02784	0.54027
12	0.00948	0.00712	0.00953	0.01144	0.04299	0.00688	0.00743	0.01199	0.05215	0.01928	0.07605	0.63484	0.04430	0.02000	0.00867	0.00274	0.00428	0.01812	0.00644	0.00627
13	0.03131	0.01188	0.01619	0.01242	0.01781	0.01026	0.01026	0.03401	0.01997	0.71606	0.02753	0.02375	0.01727	0.00864	0.00702	0.00216	0.00594	0.00702	0.00864	0.01188
14	0.01660	0.01257	0.01545	0.01240	0.05551	0.00982	0.00924	0.01971	0.01519	0.10388	0.01421	0.01571	0.01119	0.00563	0.00548	0.00122	0.00543	0.00459	0.00462	0.66154
15	0.00850	0.00607	0.00810	0.00972	0.01012	0.00567	0.00648	0.00972	0.01336	0.01781	0.03846	0.75020	0.04615	0.02186	0.00891	0.00283	0.00405	0.01984	0.00648	0.00567
16	0.02212	0.06057	0.01933	0.01507	0.01965	0.11673	0.01212	0.31283	0.24135	0.03309	0.05985	0.02091	0.01749	0.00877	0.00686	0.00211	0.00740	0.00678	0.00637	0.01061
17	0.01925	0.17779	0.20825	0.01449	0.02062	0.04213	0.01468	0.12629	0.04207	0.12440	0.04615	0.03926	0.05069	0.03504	0.00752	0.00221	0.00768	0.00669	0.00507	0.00974
18	0.01700	0.10004	0.11657	0.05829	0.05272	0.03219	0.04906	0.12118	0.03857	0.06088	0.06410	0.07002	0.01843	0.05188	0.02752	0.00264	0.04722	0.00756	0.05523	0.00890
19	0.01636	0.01961	0.07194	0.02898	0.03619	0.01758	0.65590	0.02234	0.01639	0.02234	0.01405	0.01864	0.01051	0.00592	0.00816	0.00235	0.01170	0.00810	0.00350	0.00945
20	0.01433	0.03504	0.10747	0.15441	0.23285	0.05132	0.01672	0.01868	0.03596	0.02034	0.02020	0.17940	0.02009	0.01078	0.00741	0.00235	0.00781	0.05188	0.00428	0.00868
21	0.01637	0.29341	0.33339	0.01677	0.04757	0.07669	0.01798	0.02110	0.01475	0.01916	0.01293	0.04848	0.01129	0.03406	0.00698	0.00211	0.00898	0.00549	0.00324	0.00924
22	0.01631	0.00926	0.01148	0.01096	0.03721	0.00923	0.00793	0.06185	0.01636	0.15681	0.06590	0.12020	0.07947	0.07422	0.01077	0.03049	0.04391	0.00951	0.22048	0.00766
23	0.00854	0.00666	0.00775	0.00836	0.00983	0.00588	0.00593	0.01024	0.01528	0.01944	0.12832	0.34983	0.36103	0.01904	0.00852	0.00254	0.00372	0.01662	0.00661	0.00588
24	0.01600	0.13214	0.06941	0.01310	0.01668	0.11264	0.03028	0.04028	0.03738	0.06916	0.04634	0.15336	0.06157	0.03571	0.13096	0.00381	0.00928	0.00913	0.00489	0.00789
25	0.01834	0.13528	0.08854	0.05883	0.07617	0.05799	0.15176	0.07981	0.06480	0.08181	0.07543	0.04668	0.01746	0.00811	0.00695	0.00212	0.00833	0.00727	0.00480	0.00953
26	0.00862	0.00645	0.00803	0.00911	0.01011	0.00586	0.00635	0.01018	0.01451	0.01887	0.09288	0.51411	0.20853	0.02023	0.00872	0.00269	0.00395	0.03843	0.00656	0.00581
27	0.07287	0.02474	0.30520	0.01696	0.02411	0.04405	0.04123	0.14049	0.11537	0.12110	0.01733	0.01773	0.01224	0.00759	0.00670	0.00219	0.00840	0.00598	0.00514	0.01059
28	0.01855	0.23606	0.24964	0.01655	0.02317	0.14011	0.03981	0.08161	0.06072	0.02185	0.01387	0.04291	0.01147	0.00744	0.00617	0.00197	0.00916	0.00559	0.00384	0.00952
29	0.01281	0.01613	0.19761	0.03994	0.04346	0.01073	0.03506	0.05149	0.01616	0.05407	0.09999	0.27661	0.08985	0.01379	0.00783	0.00243	0.00643	0.01214	0.00548	0.00800
30	0.01038	0.00695	0.00872	0.00866	0.01003	0.00649	0.00620	0.01196	0.01529	0.04184	0.25274	0.14777	0.18492	0.08379	0.05297	0.09621	0.00502	0.01246	0.03178	0.00582
31	0.04366	0.01590	0.01844	0.10342	0.08521	0.06232	0.01305	0.24919	0.06003	0.11306	0.03592	0.06927	0.04115	0.02838	0.00821	0.00233	0.02704	0.00768	0.00589	0.00984
32	0.13850	0.05859	0.05143	0.01664	0.06729	0.12049	0.03869	0.24339	0.02136	0.05454	0.03315	0.01837	0.03623	0.00989	0.03969	0.00245	0.00849	0.00601	0.00516	0.02965
33	0.03846	0.07279	0.10132	0.08077	0.02044	0.03545	0.04317	0.07422	0.07671	0.06350	0.04981	0.11787	0.03590	0.06025	0.03315	0.04950	0.00750	0.00855	0.00497	0.02567
34	0.07938	0.12223	0.05385	0.01311	0.03876	0.02883	0.01072	0.09171	0.07239	0.06520	0.06999	0.08819	0.02021	0.03921	0.11024	0.00348	0.00812	0.00762	0.00513	0.07162
35	0.09369	0.08068	0.05449	0.01330	0.05468	0.03176	0.01047	0.08833	0.07187	0.04927	0.10162	0.02639	0.06358	0.07028	0.04141	0.00273	0.00677	0.00718	0.00518	0.12630
36	0.04037	0.04964	0.11960	0.01501	0.06311	0.03893	0.01250	0.11328	0.08395	0.05057	0.08800	0.12292	0.06067	0.01043	0.00696	0.00210	0.00649	0.00871	0.00548	0.10128
37	0.07691	0.05953	0.01949	0.04192	0.10050	0.12131	0.03427	0.07805	0.13792	0.08230	0.04063	0.04509	0.01571	0.00888	0.00780	0.02760	0.03287	0.00664	0.00513	0.05745
38	0.15398	0.06184	0.08250	0.01636	0.05840	0.12412	0.04387	0.12203	0.12500	0.04374	0.04306	0.04416	0.01504	0.00815	0.00639	0.00209	0.00773	0.00637	0.00506	0.03010

[dist]
# distance from previous block
# <min> <max>
4	33

[block]
# block no. 1 follows, 30 sequences, length 191
# corresponding to MSA columns:
# 746-883,893-945
name=unknown_B
#
# <colnr> <probs for GDERKNQSTAVLIFYWHMCP>
#	G	D	E	R	K	N	Q	S	T	A	V	L	I	F	Y	W	H	M	C	P
0	0.01691	0.15276	0.11657	0.01554	0.04802	0.03681	0.05349	0.11662	0.09319	0.04206	0.10541	0.10091	0.02263	0.00974	0.00683	0.00211	0.00702	0.00819	0.03600	0.00920
1	0.01805	0.18554	0.13866	0.01678	0.05529	0.09943	0.07078	0.04116	0.06930	0.07879	0.08017	0.06312	0.01870	0.02573	0.00728	0.00215	0.00806	0.00713	0.00468	0.00918
2	0.01549	0.05236	0.12272	0.01623	0.07425	0.05497	0.05199	0.08240	0.07725	0.04103	0.05987	0.08377	0.08348	0.08495	0.04598	0.00309	0.00786	0.00876	0.02503	0.00852
3	0.05580	0.10840	0.10981	0.05371	0.05942	0.03351	0.08126	0.09410	0.03312	0.04313	0.04214	0.09989	0.01695	0.01077	0.03546	0.00250	0.03855	0.00760	0.03125	0.04264
4	0.03998	0.11247	0.07508	0.01857	0.12258	0.05283	0.03443	0.16014	0.03493	0.02513	0.01925	0.18442	0.01879	0.01058	0.00752	0.00220	0.03407	0.00884	0.00492	0.03326
5	0.07808	0.03607	0.07911	0.04942	0.14520	0.03249	0.01371	0.12481	0.03437	0.04560	0.06767	0.01959	0.01552	0.00892	0.02764	0.00222	0.03592	0.00612	0.04601	0.13154
6	0.03730	0.08956	0.05355	0.04329	0.04393	0.06588	0.01169	0.11648	0.01863	0.12255	0.05640	0.07071	0.05822	0.00983	0.00679	0.00203	0.00680	0.05733	0.00553	0.12349
7	0.06528	0.07264	0.07287	0.04382	0.04831	0.01282	0.04481	0.05123	0.03701	0.03978	0.08140	0.04592	0.06743	0.00900	0.00651	0.00191	0.00626	0.04533	0.02950	0.21817
8	0.12204	0.01446	0.03415	0.09087	0.09685	0.07854	0.06712	0.03420	0.01661	0.04017	0.20065	0.02722	0.02584	0.05227	0.00851	0.00234	0.00699	0.00768	0.00498	0.06852
9	0.00847	0.00700	0.00743	0.00749	0.00961	0.00596	0.00555	0.01039	0.01620	0.01993	0.14880	0.11775	0.57620	0.01756	0.00830	0.00237	0.00354	0.01485	0.00663	0.00596
10	0.01635	0.24625	0.29922	0.01665	0.02347	0.03948	0.05156	0.06645	0.01545	0.02086	0.01249	0.01536	0.01012	0.01177	0.08495	0.00300	0.04861	0.00525	0.00338	0.00932
11	0.02107	0.01908	0.02002	0.11516	0.09468	0.12751	0.01431	0.24016	0.21930	0.02989	0.01826	0.01910	0.01373	0.00810	0.00690	0.00216	0.00809	0.00646	0.00561	0.01041
12	0.01627	0.01412	0.01398	0.01293	0.01596	0.09185	0.01015	0.07535	0.28579	0.02565	0.06017	0.03223	0.04764	0.01621	0.10238	0.00346	0.00789	0.07482	0.08435	0.00881
13	0.01625	0.04628	0.02992	0.07983	0.02909	0.07151	0.34754	0.02133	0.05493	0.02040	0.01436	0.01961	0.01180	0.04584	0.04513	0.00295	0.09486	0.00725	0.00370	0.03743
14	0.01822	0.42107	0.18159	0.01721	0.04834	0.04441	0.10095	0.02226	0.01513	0.05506	0.01196	0.01384	0.00965	0.00629	0.00569	0.00182	0.00873	0.00490	0.00338	0.00951
15	0.00972	0.00672	0.00834	0.00871	0.00905	0.00680	0.00553	0.01051	0.01140	0.01545	0.04858	0.20990	0.03044	0.44775	0.13502	0.00637	0.00784	0.01211	0.00480	0.00496
16	0.00845	0.00628	0.00788	0.00915	0.00997	0.00572	0.00623	0.00978	0.01390	0.01803	0.04532	0.60495	0.18699	0.02097	0.00877	0.00273	0.00394	0.01875	0.00648	0.00572
17	0.01626	0.01996	0.16068	0.05178	0.17137	0.05859	0.13215	0.09872	0.01766	0.02393	0.04293	0.13753	0.01816	0.00943	0.00743	0.00227	0.00864	0.00871	0.00443	0.00937
18	0.01442	0.01038	0.01268	0.01287	0.05253	0.06575	0.00877	0.04086	0.01192	0.01599	0.01290	0.02005	0.01207	0.01986	0.04534	0.49600	0.08059	0.00604	0.05590	0.00506
19	0.01019	0.00762	0.01082	0.01103	0.01199	0.00859	0.00840	0.01224	0.01178	0.01652	0.02279	0.11305	0.02367	0.14133	0.44834	0.00851	0.04513	0.07768	0.00435	0.00597
20	0.04910	0.10522	0.06770	0.01281	0.01713	0.07041	0.01103	0.14511	0.09613	0.08938	0.09968	0.06537	0.09335	0.03748	0.00792	0.00229	0.00660	0.00833	0.00591	0.00905
21	0.04978	0.03913	0.10772	0.07702	0.08003	0.09479	0.01514	0.22075	0.02080	0.10270	0.01661	0.06566	0.01337	0.00878	0.00786	0.00220	0.05579	0.00675	0.00519	0.00993
22	0.01036	0.00779	0.00945	0.00950	0.01114	0.00748	0.00692	0.04775	0.05298	0.02364	0.28545	0.30793	0.15912	0.01706	0.00836	0.00246	0.00396	0.01504	0.00697	0.00664
23	0.01591	0.08900	0.50264	0.03562	0.02714	0.09075	0.02163	0.03923	0.01553	0.02162	0.01262	0.01494	0.00940	0.00693	0.00686	0.00211	0.03225	0.00512	0.04102	0.00969
24	0.02046	0.07860	0.18529	0.10919	0.07956	0.16839	0.03575	0.11660	0.03587	0.08411	0.01432	0.01616	0.01063	0.00718	0.00660	0.00206	0.00948	0.00560	0.00432	0.00982
25	0.01593	0.15767	0.35195	0.10041	0.11824	0.03599	0.06606	0.03757	0.01538	0.02114	0.01225	0.01513	0.00939	0.00650	0.00643	0.00207	0.00953	0.00537	0.00319	0.00981
26	0.01094	0.00907	0.00968	0.00944	0.01131	0.04220	0.00704	0.04506	0.01544	0.01983	0.07730	0.13182	0.31736	0.07028	0.12976	0.00411	0.02730	0.01219	0.04354	0.00632
27	0.01255	0.01536	0.15475	0.01983	0.16495	0.01127	0.03513	0.01700	0.03477	0.02187	0.10306	0.19272	0.05315	0.01326	0.00798	0.00250	0.00676	0.11967	0.00519	0.00823
28	0.01756	0.08721	0.13413	0.03877	0.11705	0.06119	0.07803	0.14228	0.01780	0.02398	0.01489	0.05959	0.01288	0.01243	0.07406	0.00304	0.08477	0.00681	0.00415	0.00938
29	0.04873	0.05733	0.19528	0.09036	0.04199	0.03803	0.06961	0.04631	0.07840	0.12104	0.03628	0.02027	0.01394	0.00831	0.00855	0.00230	0.08605	0.02298	0.00465	0.00961
30	0.11939	0.05890	0.18184	0.01625	0.05350	0.16835	0.01457	0.04803	0.04552	0.10332	0.01525	0.01804	0.01200	0.05113	0.06222	0.00300	0.00957	0.00564	0.00441	0.00909
31	0.01663	0.47481	0.02776	0.01345	0.05104	0.07519	0.01124	0.01873	0.01440	0.01708	0.01645	0.16944	0.01733	0.01138	0.03571	0.00223	0.00764	0.00750	0.00383	0.00818
32	0.01733	0.09792	0.03670	0.01959	0.19231	0.01364	0.01286	0.02238	0.09441	0.14193	0.11229	0.07631	0.06250	0.01061	0.00724	0.00222	0.00622	0.05833	0.00581	0.00939
33	0.01526	0.03547	0.09897	0.08115	0.18118	0.03140	0.10242	0.03673	0.01696	0.04461	0.15945	0.02598	0.04742	0.00841	0.00714	0.00206	0.00754	0.00772	0.00467	0.08544
34	0.01040	0.00770	0.01103	0.01097	0.01220	0.00878	0.00836	0.03275	0.01191	0.01692	0.02006	0.07078	0.01961	0.10784	0.60548	0.01008	0.01651	0.00838	0.00404	0.00620
35	0.01464	0.01516	0.07848	0.01601	0.01966	0.05748	0.14816	0.03577	0.06287	0.04815	0.04235	0.13959	0.08627	0.05626	0.03080	0.00292	0.06754	0.03215	0.03778	0.00795
36	0.01795	0.07996	0.07669	0.06105	0.13303	0.01450	0.03238	0.12608	0.01821	0.11142	0.02210	0.14617	0.04665	0.01008	0.00699	0.00214	0.00692	0.00867	0.02359	0.05543
37	0.01094	0.00814	0.01158	0.01127	0.01274	0.00932	0.00874	0.05181	0.01277	0.01818	0.04556	0.02842	0.01930	0.07394	0.63180	0.01017	0.01701	0.00771	0.00410	0.00650
38	0.00998	0.00739	0.01111	0.01111	0.01225	0.00756	0.04862	0.01180	0.01256	0.01757	0.02742	0.35196	0.03012	0.06728	0.25542	0.03807	0.00968	0.01309	0.05103	0.00596
39	0.05768	0.11229	0.18264	0.02539	0.18107	0.07139	0.17244	0.04631	0.01605	0.02231	0.01243	0.01558	0.00982	0.00661	0.00733	0.00212	0.03942	0.00589	0.00347	0.00975
40	0.01597	0.04538	0.13316	0.02638	0.07193	0.01716	0.46171	0.02237	0.05130	0.02206	0.01482	0.01961	0.01161	0.04360	0.00911	0.00251	0.01064	0.00761	0.00364	0.00945
41	0.00867	0.00627	0.00823	0.00965	0.01028	0.00583	0.00662	0.01011	0.01394	0.01851	0.07369	0.64675	0.08552	0.02113	0.00887	0.00279	0.00408	0.04676	0.00654	0.00576
42	0.01715	0.02232	0.25304	0.06015	0.13868	0.04495	0.05008	0.09095	0.07332	0.05340	0.03725	0.01926	0.01366	0.00745	0.00672	0.00212	0.00831	0.00629	0.08497	0.00994
43	0.01900	0.09104	0.12949	0.01979	0.09348	0.03406	0.12550	0.15011	0.06312	0.08279	0.01952	0.05122	0.04246	0.00826	0.00693	0.00213	0.00813	0.00724	0.03574	0.01000
44	0.01303	0.01215	0.02123	0.46684	0.03767	0.01425	0.10285	0.01692	0.01360	0.01792	0.01466	0.06222	0.01259	0.01340	0.08250	0.04310	0.03683	0.00738	0.00341	0.00745
45	0.01714	0.03612	0.02345	0.33394	0.15854	0.01772	0.05250	0.14574	0.06419	0.02455	0.01429	0.01816	0.01096	0.00745	0.00776	0.00225	0.04523	0.00637	0.00418	0.00946
46	0.02364	0.14366	0.02507	0.01753	0.04698	0.12835	0.11527	0.11927	0.03787	0.21211	0.03344	0.01844	0.01363	0.00766	0.00707	0.00204	0.02609	0.00626	0.00550	0.01013
47	0.01537	0.06250	0.51654	0.01917	0.02742	0.08911	0.04656	0.02183	0.01487	0.02074	0.01241	0.01521	0.00939	0.00935	0.04522	0.00266	0.05360	0.00532	0.00308	0.00963
48	0.01288	0.00693	0.00710	0.00708	0.00868	0.00703	0.00521	0.01669	0.04858	0.02513	0.02361	0.05540	0.01960	0.05229	0.00693	0.00201	0.00360	0.00731	0.67737	0.00657
49	0.04161	0.19899	0.04341	0.05342	0.08066	0.04782	0.06949	0.08075	0.01719	0.12502	0.05086	0.02035	0.04710	0.00834	0.00814	0.00210	0.08424	0.00644	0.00473	0.00936
50	0.06455	0.06211	0.24742	0.01868	0.07489	0.10552	0.03795	0.08173	0.01743	0.08343	0.06709	0.01829	0.01443	0.00797	0.00792	0.00217	0.06842	0.00601	0.00439	0.00960
51	0.00892	0.00645	0.00850	0.00980	0.01058	0.00603	0.00693	0.01060	0.01445	0.01924	0.10845	0.56637	0.08635	0.02056	0.00888	0.00278	0.00420	0.08843	0.00660	0.00586
52	0.01113	0.00771	0.00879	0.00927	0.01042	0.02392	0.00653	0.01434	0.06398	0.02058	0.05015	0.32137	0.03157	0.09430	0.07864	0.00363	0.00579	0.01260	0.21901	0.00628
53	0.10499	0.09452	0.15720	0.01505	0.02030	0.08945	0.05209	0.11581	0.05381	0.02559	0.07324	0.05964	0.04563	0.00960	0.00679	0.00219	0.00778	0.05250	0.00492	0.00889
54	0.01515	0.13171	0.14845	0.06628	0.02821	0.01664	0.30173	0.02012	0.01522	0.02111	0.01599	0.07907	0.01369	0.00766	0.00702	0.00216	0.00919	0.00769	0.08413	0.00878
55	0.01206	0.00907	0.00977	0.00891	0.01175	0.00849	0.00688	0.08259	0.05818	0.05952	0.14445	0.05536	0.47636	0.01532	0.00798	0.00230	0.00417	0.01279	0.00684	0.00721
56	0.03753	0.21878	0.34277	0.01662	0.02408	0.10886	0.01832	0.05765	0.05587	0.03965	0.01303	0.01446	0.00995	0.00683	0.00603	0.00197	0.00922	0.00494	0.00367	0.00978
57	0.06903	0.07955	0.14126	0.03640	0.08319	0.03479	0.03420	0.04987	0.06666	0.14069	0.10687	0.04433	0.02085	0.05220	0.00844	0.00241	0.00717	0.00737	0.00534	0.00934
58	0.06365	0.01285	0.01528	0.01253	0.01708	0.01293	0.01009	0.08291	0.20448	0.36774	0.07109	0.02519	0.02072	0.00909	0.00689	0.00219	0.00564	0.00739	0.04140	0.01085
59	0.01009	0.00731	0.00947	0.01060	0.01169	0.00708	0.00787	0.04622	0.01531	0.02020	0.05540	0.49935	0.08210	0.02013	0.00892	0.00284	0.00474	0.16796	0.00652	0.00620
60	0.06280	0.08724	0.23959	0.02132	0.12194	0.11074	0.07016	0.09553	0.06202	0.02434	0.01425	0.03382	0.01131	0.00727	0.00656	0.00210	0.00917	0.00593	0.00403	0.00989
61	0.02001	0.35068	0.05482	0.09191	0.02281	0.05741	0.03225	0.17995	0.01913	0.04919	0.01411	0.05266	0.01197	0.00766	0.00595	0.00189	0.00797	0.00578	0.00438	0.00948
62	0.00888	0.00627	0.00815	0.00950	0.00989	0.00594	0.00631	0.00998	0.01295	0.01725	0.03572	0.60779	0.04253	0.14087	0.01326	0.00349	0.00459	0.04505	0.00611	0.00547
63	0.08958	0.08452	0.06153	0.04194	0.06128	0.12697	0.14076	0.18986	0.05299	0.04642	0.01426	0.01614	0.01082	0.00725	0.00702	0.00210	0.02609	0.00597	0.00468	0.00981
64	0.01739	0.09189	0.09805	0.01929	0.14363	0.03439	0.06336	0.02305	0.09966	0.12169	0.02592	0.06413	0.09947	0.00960	0.00700	0.00218	0.00709	0.02548	0.03727	0.00946
65	0.00857	0.00610	0.00808	0.00963	0.01002	0.00571	0.00639	0.00973	0.01324	0.01765	0.03782	0.72273	0.04534	0.05044	0.00994	0.00299	0.00415	0.01946	0.00639	0.00561
66	0.01719	0.01569	0.05835	0.07736	0.11056	0.04102	0.01350	0.18156	0.12988	0.02690	0.02189	0.06172	0.04400	0.03914	0.08011	0.00330	0.00844	0.03441	0.02566	0.00933
67	0.01795	0.12102	0.18933	0.06095	0.18523	0.10959	0.06490	0.04164	0.04472	0.03911	0.01386	0.01641	0.01082	0.00678	0.00644	0.00202	0.00906	0.00566	0.04478	0.00973
68	0.01585	0.04991	0.21654	0.05527	0.10342	0.01744	0.39442	0.02196	0.01577	0.02194	0.01337	0.01731	0.01007	0.00616	0.00749	0.00225	0.01078	0.00698	0.00333	0.00973
69	0.01021	0.00777	0.01145	0.01132	0.01244	0.00916	0.00875	0.01252	0.01113	0.01608	0.01847	0.02790	0.01753	0.08938	0.65880	0.01062	0.04899	0.00757	0.00374	0.00618
70	0.05308	0.04163	0.07871	0.01930	0.04006	0.22665	0.16282	0.05807	0.11831	0.06748	0.01705	0.05545	0.01374	0.00802	0.00697	0.00214	0.00954	0.00692	0.00469	0.00936
71	0.01361	0.05341	0.14968	0.01332	0.01708	0.04955	0.04636	0.03702	0.10916	0.02036	0.05143	0.12796	0.05166	0.21161	0.01489	0.00350	0.00726	0.00966	0.00486	0.00762
72	0.00988	0.00713	0.00933	0.00878	0.01043	0.00658	0.00658	0.01317	0.01975	0.02798	0.70754	0.05213	0.06584	0.01427	0.00823	0.00219	0.00329	0.01262	0.00768	0.00658
73	0.02395	0.01812	0.01916	0.01537	0.02018	0.04531	0.01246	0.47835	0.13282	0.06725	0.01986	0.06108	0.01538	0.00940	0.00750	0.00220	0.02638	0.00728	0.00681	0.01113
74	0.06046	0.13678	0.16806	0.01710	0.02284	0.21061	0.08529	0.04353	0.06668	0.05739	0.01522	0.05813	0.01263	0.00785	0.00646	0.00204	0.00938	0.00620	0.00418	0.00917
75	0.01761	0.01769	0.04666	0.10860	0.56197	0.05225	0.02059	0.04993	0.01658	0.02291	0.01308	0.01707	0.01075	0.00645	0.00688	0.00209	0.00864	0.00610	0.00356	0.01059
76	0.01736	0.01499	0.01578	0.01420	0.01815	0.01736	0.01105	0.03708	0.69862	0.02919	0.02840	0.02604	0.02130	0.00947	0.00710	0.00237	0.00552	0.00789	0.00710	0.01105
77	0.02267	0.08365	0.01931	0.01520	0.01931	0.29985	0.01207	0.17362	0.11845	0.04725	0.01828	0.02050	0.03022	0.00853	0.00654	0.00199	0.00884	0.03317	0.05122	0.00932
78	0.02513	0.01633	0.01858	0.01454	0.01962	0.01737	0.01193	0.44087	0.04368	0.17948	0.01931	0.01944	0.01373	0.01283	0.08057	0.00301	0.00829	0.00651	0.00689	0.04190
79	0.00850	0.00607	0.00810	0.00972	0.01012	0.00567	0.00648	0.00972	0.01336	0.01781	0.03846	0.75020	0.04615	0.02186	0.00891	0.00283	0.00405	0.01984	0.00648	0.00567
80	0.01639	0.01728	0.01969	0.01727	0.01807	0.14095	0.01405	0.01810	0.01232	0.01676	0.01076	0.01649	0.01028	0.01693	0.11791	0.00397	0.51599	0.00602	0.00324	0.00752
81	0.01890	0.11690	0.13129	0.01799	0.02350	0.18943	0.12277	0.05369	0.16211	0.02282	0.04325	0.01995	0.01494	0.00785	0.00679	0.00210	0.00924	0.02252	0.00452	0.00944
82	0.02203	0.00976	0.01324	0.01139	0.01498	0.00868	0.00911	0.02465	0.01853	0.41832	0.15135	0.14624	0.03261	0.01271	0.00778	0.00237	0.00522	0.07364	0.00792	0.00945
83	0.02547	0.01870	0.02000	0.01550	0.02082	0.02070	0.01275	0.62726	0.05957	0.04246	0.01754	0.01760	0.01256	0.00841	0.00688	0.00208	0.00737	0.00636	0.04638	0.01156
84	0.01412	0.03523	0.68467	0.02037	0.03052	0.01628	0.05885	0.02211	0.01482	0.02211	0.01260	0.01494	0.00893	0.00659	0.00671	0.00222	0.01039	0.00531	0.00298	0.01027
85	0.01748	0.02043	0.06058	0.02773	0.05451	0.07678	0.54190	0.04334	0.01697	0.02239	0.01366	0.01792	0.01040	0.00634	0.00847	0.00231	0.03818	0.00762	0.00360	0.00939
86	0.00849	0.00612	0.00805	0.00958	0.01009	0.00568	0.00642	0.00973	0.01349	0.01787	0.04008	0.71599	0.07933	0.02165	0.00887	0.00281	0.00402	0.01958	0.00648	0.00568
87	0.01099	0.04486	0.01094	0.01032	0.01229	0.03483	0.00790	0.01486	0.09294	0.01980	0.04444	0.29500	0.23954	0.01748	0.00831	0.00259	0.00490	0.11504	0.00627	0.00671
88	0.02329	0.05532	0.08163	0.04441	0.06358	0.01645	0.09974	0.20233	0.05680	0.23542	0.01929	0.01997	0.01361	0.02669	0.00772	0.00227	0.00785	0.00670	0.00608	0.01084
89	0.01773	0.38583	0.23786	0.01565	0.02205	0.10093	0.01660	0.02161	0.01461	0.01823	0.01061	0.01283	0.00895	0.00694	0.00720	0.00190	0.08380	0.00449	0.00305	0.00913
90	0.01647	0.01882	0.04118	0.02941	0.03647	0.01765	0.68588	0.02235	0.01647	0.02235	0.01412	0.01882	0.01059	0.00588	0.00824	0.00235	0.01176	0.00824	0.00353	0.00941
91	0.01615	0.01867	0.12702	0.23553	0.13614	0.07535	0.05337	0.02293	0.10858	0.04303	0.01742	0.02407	0.01429	0.00830	0.00719	0.00231	0.00882	0.06739	0.00422	0.00922
92	0.01450	0.01380	0.02327	0.13148	0.38088	0.01390	0.07597	0.01841	0.01602	0.02189	0.08576	0.02878	0.12757	0.00887	0.00737	0.00219	0.00752	0.00834	0.00428	0.00920
93	0.00850	0.00607	0.00810	0.00972	0.01012	0.00567	0.00648	0.00972	0.01336	0.01781	0.03846	0.75020	0.04615	0.02186	0.00891	0.00283	0.00405	0.01984	0.00648	0.00567
94	0.02034	0.02050	0.02301	0.02247	0.15522	0.19484	0.10508	0.17707	0.03758	0.02566	0.02078	0.02243	0.09618	0.00864	0.00777	0.00213	0.03888	0.00715	0.00476	0.00951
95	0.03686	0.11664	0.31043	0.01945	0.09868	0.08126	0.01850	0.10619	0.03655	0.06036	0.01417	0.01578	0.01059	0.00701	0.00632	0.00203	0.00887	0.00537	0.03483	0.01011
96	0.01302	0.01167	0.01347	0.01557	0.12060	0.05225	0.00994	0.01906	0.16705	0.02163	0.06668	0.16487	0.20339	0.05558	0.00937	0.00264	0.00560	0.03382	0.00591	0.00788
97	0.23257	0.01308	0.01523	0.01727	0.16192	0.03383	0.01107	0.07002	0.01618	0.05167	0.08926	0.02529	0.08631	0.01124	0.04306	0.00260	0.03804	0.00711	0.06586	0.00840
98	0.01790	0.17514	0.29847	0.02109	0.10142	0.12769	0.07160	0.05105	0.01633	0.02109	0.01198	0.01440	0.00940	0.00670	0.00674	0.00202	0.02874	0.00520	0.00333	0.00971
99	0.06978	0.18361	0.30096	0.01699	0.04262	0.05378	0.01774	0.16931	0.01885	0.04600	0.01304	0.01443	0.00976	0.00694	0.00610	0.00200	0.00874	0.00506	0.00414	0.01015
100	0.00850	0.00686	0.00756	0.00784	0.00969	0.00593	0.00571	0.01033	0.01583	0.01973	0.14021	0.21061	0.49050	0.01816	0.00839	0.00244	0.00361	0.01556	0.00662	0.00593
101	0.05119	0.04601	0.05336	0.05771	0.21128	0.12602	0.08591	0.02547	0.12331	0.08194	0.03597	0.01907	0.01394	0.00752	0.00732	0.00215	0.03094	0.00644	0.00459	0.00986
102	0.01537	0.02180	0.24163	0.17791	0.16708	0.01652	0.11601	0.05364	0.01558	0.02188	0.01323	0.01790	0.01039	0.03421	0.00888	0.00243	0.04630	0.00631	0.00342	0.00951
103	0.01366	0.01264	0.02092	0.41312	0.18983	0.01489	0.01774	0.01764	0.01373	0.01861	0.01349	0.01966	0.01112	0.01506	0.13416	0.00387	0.05195	0.00642	0.00329	0.00822
104	0.00879	0.00633	0.00833	0.00944	0.01017	0.00587	0.00647	0.01046	0.01480	0.02002	0.18279	0.58172	0.06863	0.02012	0.00874	0.00268	0.00387	0.01815	0.00674	0.00587
105	0.01617	0.01714	0.06114	0.04973	0.34044	0.01844	0.07471	0.01968	0.01386	0.02032	0.01166	0.01655	0.01014	0.00850	0.01307	0.00248	0.28692	0.00629	0.00327	0.00949
106	0.01110	0.00920	0.01238	0.01203	0.01323	0.03899	0.00939	0.01341	0.01149	0.01622	0.01761	0.02619	0.01656	0.06450	0.61793	0.01000	0.08242	0.00730	0.00368	0.00638
107	0.01015	0.00677	0.00761	0.00761	0.00761	0.00677	0.00423	0.01015	0.01015	0.01353	0.02199	0.04567	0.02537	0.75476	0.03552	0.00677	0.00677	0.01015	0.00423	0.00423
108	0.01790	0.01529	0.01963	0.05294	0.20699	0.01676	0.01433	0.13321	0.31521	0.02840	0.02260	0.06170	0.01857	0.00935	0.00722	0.00230	0.00674	0.03442	0.00586	0.01057
109	0.01543	0.05474	0.17884	0.01939	0.02541	0.01508	0.24737	0.04923	0.04358	0.04928	0.01888	0.02221	0.04866	0.01460	0.12285	0.00365	0.01084	0.00733	0.04363	0.00902
110	0.01293	0.00765	0.00964	0.00905	0.01084	0.00700	0.00651	0.01500	0.01651	0.12991	0.30271	0.14106	0.11128	0.17222	0.01394	0.00326	0.00457	0.01240	0.00682	0.00672
111	0.01792	0.42118	0.24602	0.01653	0.05819	0.05810	0.01687	0.05655	0.01569	0.01999	0.01118	0.01297	0.00918	0.00637	0.00549	0.00179	0.00866	0.00447	0.00324	0.00959
112	0.01471	0.01244	0.01717	0.09609	0.13036	0.01401	0.01298	0.09721	0.08628	0.02358	0.08017	0.15487	0.02471	0.03421	0.03855	0.00295	0.10499	0.04111	0.00523	0.00840
113	0.00947	0.00702	0.00813	0.00886	0.01030	0.00655	0.00638	0.01214	0.05016	0.01975	0.04732	0.37175	0.26897	0.01825	0.00821	0.00254	0.00398	0.04706	0.08700	0.00615
114	0.01854	0.01700	0.02110	0.01751	0.02158	0.12007	0.14960	0.17208	0.03846	0.04296	0.02423	0.03612	0.06196	0.01223	0.02532	0.00266	0.02945	0.17492	0.00546	0.00877
115	0.01663	0.11993	0.28003	0.02284	0.03073	0.04738	0.31322	0.04657	0.01629	0.02208	0.01295	0.01607	0.00974	0.00630	0.00706	0.00216	0.01058	0.00634	0.00338	0.00971
116	0.01685	0.05908	0.02416	0.36135	0.25492	0.05272	0.01867	0.08961	0.01685	0.02203	0.01285	0.01725	0.01010	0.00683	0.00678	0.00215	0.00886	0.00599	0.00364	0.00933
117	0.00855	0.00623	0.00806	0.00940	0.01007	0.00574	0.00636	0.00993	0.01395	0.01845	0.07676	0.64401	0.11472	0.02104	0.00880	0.00275	0.00396	0.01894	0.00654	0.00574
118	0.01859	0.08667	0.29471	0.02008	0.02706	0.15570	0.14454	0.05668	0.01686	0.04970	0.01288	0.01530	0.00972	0.00706	0.00773	0.00214	0.05568	0.00568	0.00363	0.00958
119	0.02546	0.01974	0.01959	0.12706	0.02483	0.17516	0.01357	0.28768	0.02406	0.18791	0.01722	0.01771	0.01207	0.00796	0.00684	0.00208	0.00862	0.00604	0.00601	0.01039
120	0.01523	0.01185	0.01403	0.01089	0.01586	0.00995	0.00863	0.07330	0.01585	0.05212	0.01687	0.05765	0.01535	0.05334	0.04516	0.00224	0.00622	0.04029	0.00478	0.53040
121	0.06026	0.01639	0.01597	0.01424	0.01824	0.08168	0.01117	0.06821	0.50530	0.06305	0.02550	0.02549	0.01950	0.00939	0.00697	0.00231	0.00633	0.03283	0.00668	0.01050
122	0.01095	0.01063	0.05275	0.01224	0.01377	0.04579	0.04256	0.01290	0.01369	0.01801	0.03073	0.44833	0.03537	0.10246	0.01245	0.00322	0.04419	0.07818	0.00553	0.00626
123	0.02375	0.01830	0.02229	0.05696	0.09367	0.01995	0.05331	0.51877	0.02841	0.03846	0.01625	0.01740	0.01182	0.00793	0.00696	0.00210	0.00788	0.00639	0.03819	0.01121
124	0.00977	0.00745	0.00912	0.00855	0.01063	0.00658	0.00641	0.01258	0.01815	0.02497	0.47551	0.08936	0.20835	0.01478	0.00805	0.00218	0.00352	0.01286	0.00708	0.06410
125	0.02610	0.02487	0.01926	0.04635	0.02187	0.38801	0.01300	0.16975	0.05635	0.14369	0.01589	0.01632	0.01166	0.00780	0.00663	0.00197	0.00990	0.00555	0.00534	0.00968
126	0.06617	0.01979	0.01972	0.01564	0.02082	0.07572	0.01274	0.52982	0.10420	0.03959	0.01721	0.01717	0.01246	0.00831	0.00680	0.00210	0.00770	0.00619	0.00659	0.01126
127	0.01562	0.23869	0.42413	0.01740	0.02583	0.01923	0.05470	0.02219	0.04392	0.02083	0.01248	0.01441	0.00957	0.00645	0.00605	0.00196	0.00912	0.00498	0.00322	0.04922
128	0.01888	0.05377	0.08959	0.01468	0.01951	0.01336	0.07582	0.04591	0.15024	0.20037	0.08294	0.03406	0.06188	0.01058	0.00749	0.00234	0.00670	0.09577	0.00643	0.00967
129	0.01043	0.00678	0.00769	0.00769	0.00792	0.00684	0.00453	0.01089	0.01066	0.01495	0.02190	0.04271	0.02419	0.64184	0.06838	0.00647	0.00703	0.00964	0.08492	0.00457
130	0.01027	0.00808	0.01064	0.10842	0.04445	0.00817	0.00798	0.01220	0.01400	0.01838	0.13895	0.08123	0.19393	0.25739	0.05295	0.00422	0.00632	0.01128	0.00521	0.00594
131	0.05776	0.15645	0.26664	0.04409	0.02558	0.16610	0.08030	0.02413	0.05938	0.03845	0.01307	0.01497	0.01002	0.00680	0.00627	0.00202	0.00972	0.00525	0.00363	0.00938
132	0.01050	0.00843	0.00828	0.00832	0.01028	0.04820	0.00620	0.01274	0.01620	0.02132	0.14768	0.12877	0.35748	0.01536	0.00764	0.00225	0.00412	0.03318	0.14681	0.00622
133	0.00899	0.00657	0.00851	0.00986	0.01056	0.00626	0.00677	0.01112	0.04223	0.01876	0.06182	0.65226	0.06981	0.02086	0.00881	0.00279	0.00413	0.03740	0.00654	0.00595
134	0.02256	0.37300	0.05110	0.01475	0.01987	0.30457	0.01294	0.04118	0.01731	0.06798	0.01169	0.01291	0.00964	0.00673	0.00552	0.00170	0.00950	0.00438	0.00373	0.00894
135	0.01865	0.04692	0.02527	0.11187	0.42053	0.08986	0.01843	0.08611	0.07073	0.02392	0.01421	0.01734	0.01144	0.00685	0.00678	0.00208	0.00854	0.00608	0.00403	0.01038
136	0.00835	0.00690	0.00732	0.00758	0.00958	0.00588	0.00555	0.01007	0.01560	0.01898	0.08676	0.18278	0.57406	0.01827	0.00836	0.00243	0.00361	0.01553	0.00652	0.00588
137	0.01827	0.68553	0.06403	0.01264	0.01845	0.02677	0.01271	0.02071	0.01400	0.01668	0.00979	0.01158	0.00896	0.00636	0.00564	0.00161	0.05043	0.00393	0.00299	0.00893
138	0.01762	0.12665	0.33154	0.01694	0.02427	0.03726	0.04514	0.06446	0.14877	0.07614	0.01801	0.01860	0.02899	0.00759	0.00657	0.00213	0.00847	0.00603	0.00455	0.01027
139	0.01995	0.01567	0.01264	0.01124	0.01422	0.20339	0.00866	0.09006	0.01847	0.10161	0.01943	0.02118	0.01479	0.00796	0.00571	0.00178	0.00653	0.00599	0.41264	0.00807
140	0.00904	0.00690	0.00843	0.00933	0.01077	0.00629	0.00703	0.01099	0.01520	0.01937	0.08518	0.32045	0.29289	0.01937	0.00878	0.00270	0.00431	0.15049	0.00653	0.00596
141	0.01971	0.33101	0.23439	0.01526	0.02213	0.09409	0.01608	0.05715	0.03737	0.09297	0.01344	0.01443	0.01032	0.00680	0.00578	0.00186	0.00863	0.00483	0.00395	0.00978
142	0.01073	0.00746	0.01053	0.01040	0.01149	0.00831	0.00771	0.01264	0.01126	0.03925	0.01977	0.03161	0.01932	0.21719	0.53897	0.00985	0.01544	0.00809	0.00402	0.00595
143	0.00962	0.00712	0.00921	0.01038	0.01174	0.00671	0.00816	0.01186	0.01529	0.01976	0.07678	0.30236	0.18395	0.01957	0.00903	0.00286	0.00486	0.27817	0.00652	0.00606
144	0.12021	0.01996	0.09767	0.14918	0.09176	0.12432	0.14342	0.02281	0.01569	0.08671	0.01345	0.01654	0.01013	0.00709	0.00766	0.00222	0.05221	0.00598	0.00395	0.00905
145	0.02114	0.11763	0.15726	0.01845	0.09044	0.17433	0.01551	0.06691	0.10811	0.12077	0.03270	0.01783	0.01347	0.00757	0.00648	0.00202	0.00868	0.00580	0.00485	0.01005
146	0.02122	0.02518	0.02049	0.01813	0.02011	0.41016	0.01428	0.02290	0.01570	0.01695	0.01006	0.01379	0.00907	0.00945	0.01375	0.00236	0.33995	0.00522	0.00335	0.00789
147	0.03492	0.04479	0.04478	0.01160	0.01627	0.03617	0.00962	0.12816	0.04454	0.04488	0.02660	0.11664	0.12753	0.01028	0.00661	0.00186	0.00579	0.00843	0.00541	0.27514
148	0.05977	0.02217	0.02253	0.02426	0.21414	0.24093	0.04867	0.15280	0.09991	0.02619	0.01475	0.01651	0.01156	0.00731	0.00669	0.00204	0.00923	0.00587	0.00464	0.01003
149	0.01018	0.00694	0.00869	0.00869	0.00905	0.00729	0.00558	0.01076	0.01041	0.01423	0.02065	0.03950	0.02258	0.52590	0.23127	0.04015	0.01012	0.00922	0.00404	0.00475
150	0.01813	0.01700	0.02675	0.09478	0.56893	0.03588	0.02020	0.09008	0.01758	0.02444	0.01338	0.01720	0.01094	0.00653	0.00690	0.00209	0.00842	0.00618	0.00379	0.01080
151	0.01463	0.13404	0.62619	0.01881	0.02854	0.01775	0.02391	0.02194	0.01466	0.02133	0.01214	0.01425	0.00886	0.00654	0.00634	0.00211	0.00993	0.00496	0.00295	0.01013
152	0.02751	0.01797	0.01997	0.01531	0.02085	0.01930	0.01265	0.55350	0.03017	0.18216	0.01897	0.01819	0.01298	0.00843	0.00699	0.00211	0.00732	0.00643	0.00732	0.01187
153	0.08879	0.01650	0.01907	0.15883	0.06485	0.09737	0.03017	0.12956	0.03928	0.07812	0.03427	0.01841	0.01273	0.02553	0.00888	0.00224	0.08328	0.00605	0.00472	0.08134
154	0.04737	0.01237	0.01396	0.01173	0.01566	0.01262	0.00932	0.14776	0.16159	0.15713	0.15928	0.03442	0.13643	0.01106	0.00729	0.00219	0.00525	0.00913	0.00716	0.03828
155	0.00997	0.00746	0.01112	0.01112	0.01233	0.00867	0.00861	0.01240	0.01119	0.01613	0.01878	0.02789	0.01765	0.07065	0.70908	0.01110	0.01838	0.00755	0.00375	0.00618
156	0.08984	0.01161	0.01327	0.01571	0.12042	0.06500	0.00986	0.03315	0.05504	0.04289	0.02966	0.36880	0.06907	0.03281	0.00835	0.00257	0.00576	0.01304	0.00564	0.00751
157	0.01421	0.00846	0.01084	0.01006	0.01255	0.00785	0.00795	0.01777	0.04610	0.15456	0.35018	0.05161	0.13232	0.03257	0.00885	0.00249	0.00448	0.11215	0.00740	0.00759
158	0.01689	0.01619	0.02764	0.10720	0.64982	0.01648	0.02123	0.02108	0.01571	0.02234	0.01306	0.01739	0.01089	0.00629	0.00691	0.00210	0.00838	0.00622	0.00342	0.01075
159	0.00992	0.00735	0.01075	0.01082	0.01192	0.00841	0.00822	0.01213	0.01121	0.01603	0.01984	0.06001	0.01939	0.11478	0.63360	0.01045	0.01698	0.00825	0.00390	0.00602
160	0.01460	0.01874	0.17141	0.35801	0.23041	0.01621	0.02114	0.01971	0.01453	0.02010	0.01249	0.01726	0.00969	0.00691	0.00757	0.00226	0.04059	0.00598	0.00317	0.00922
161	0.01851	0.01772	0.02271	0.01865	0.02092	0.09404	0.09032	0.12248	0.01603	0.04344	0.01212	0.01649	0.01039	0.01227	0.05182	0.00308	0.41012	0.00630	0.00398	0.00860
162	0.01227	0.00662	0.00730	0.00758	0.00906	0.00639	0.00551	0.01490	0.01457	0.04870	0.02948	0.21433	0.06127	0.01218	0.00617	0.00199	0.00357	0.01038	0.52129	0.00645
163	0.01177	0.01130	0.02167	0.01780	0.02093	0.01058	0.28523	0.01490	0.01464	0.01968	0.02847	0.45013	0.03156	0.01531	0.00863	0.00264	0.00721	0.01508	0.00527	0.00720
164	0.05287	0.01916	0.01821	0.01490	0.01947	0.14118	0.01192	0.36436	0.05970	0.10976	0.05403	0.04601	0.01650	0.01024	0.02757	0.00236	0.00811	0.00690	0.00641	0.01035
165	0.01731	0.01734	0.02520	0.18950	0.46087	0.09051	0.01963	0.02209	0.04997	0.02144	0.01349	0.01751	0.01097	0.00665	0.00687	0.00211	0.00882	0.00612	0.00357	0.01003
166	0.04475	0.01121	0.01453	0.01172	0.01621	0.01010	0.00946	0.06670	0.01954	0.50837	0.05907	0.10175	0.07318	0.01083	0.00729	0.00224	0.00554	0.00901	0.00801	0.01047
167	0.01030	0.00827	0.00922	0.00902	0.01120	0.00790	0.00672	0.03166	0.10482	0.02276	0.20450	0.16253	0.35276	0.01624	0.00816	0.00239	0.00392	0.01394	0.00685	0.00683
168	0.11562	0.01827	0.01893	0.01549	0.02014	0.16037	0.08800	0.09180	0.14698	0.17861	0.02211	0.02172	0.05422	0.00843	0.00677	0.00215	0.00785	0.00680	0.00594	0.00980
169	0.01070	0.00830	0.01217	0.01573	0.11960	0.00807	0.01019	0.01300	0.01470	0.01972	0.04964	0.42301	0.03943	0.01851	0.00880	0.00281	0.00539	0.20748	0.00602	0.00674
170	0.00995	0.00747	0.00860	0.00875	0.01097	0.00661	0.00696	0.01225	0.01655	0.04582	0.13782	0.06634	0.45787	0.01729	0.00851	0.00252	0.00424	0.15848	0.00669	0.00631
171	0.01414	0.01382	0.02500	0.33038	0.14692	0.01534	0.16110	0.01851	0.01425	0.01932	0.01372	0.01966	0.01111	0.01384	0.11903	0.00369	0.04157	0.00683	0.00335	0.00841
172	0.05531	0.06153	0.02249	0.05529	0.02348	0.34296	0.07507	0.16404	0.02069	0.04558	0.01274	0.01475	0.00997	0.00760	0.00763	0.00203	0.05993	0.00542	0.00439	0.00909
173	0.01141	0.00785	0.01122	0.01090	0.01206	0.00889	0.00824	0.01325	0.01139	0.05205	0.01902	0.02940	0.01815	0.16008	0.52083	0.04235	0.04499	0.00777	0.00401	0.00613
174	0.00959	0.00728	0.00878	0.00846	0.01027	0.00666	0.00628	0.01274	0.03721	0.02465	0.46490	0.08258	0.24070	0.03800	0.00906	0.00241	0.00356	0.01328	0.00718	0.00641
175	0.01833	0.01550	0.01492	0.01303	0.01612	0.10553	0.00993	0.22909	0.12711	0.02774	0.07551	0.07130	0.03980	0.16233	0.01307	0.00315	0.00709	0.03589	0.00599	0.00857
176	0.04586	0.05418	0.02333	0.01925	0.04148	0.33893	0.11652	0.06642	0.07446	0.02141	0.03248	0.01638	0.01206	0.00796	0.00866	0.00212	0.09970	0.00588	0.00413	0.00877
177	0.01081	0.00800	0.01029	0.00995	0.01185	0.00758	0.02634	0.01469	0.07587	0.04846	0.29529	0.25595	0.16567	0.01624	0.00829	0.00243	0.00409	0.01437	0.00698	0.00685
178	0.00917	0.00664	0.00809	0.00898	0.00976	0.00624	0.00614	0.01037	0.01326	0.01718	0.03997	0.36710	0.16402	0.21544	0.01592	0.00383	0.00491	0.08168	0.00588	0.00540
179	0.01891	0.06591	0.07180	0.01415	0.01856	0.12156	0.04037	0.14848	0.08182	0.08543	0.12120	0.06421	0.09711	0.01043	0.00717	0.00214	0.00719	0.00854	0.00593	0.00911
180	0.01723	0.02160	0.16004	0.06571	0.09463	0.09973	0.12379	0.08513	0.06593	0.02334	0.04047	0.05489	0.01455	0.00860	0.00898	0.00230	0.09232	0.00716	0.00422	0.00935
181	0.02676	0.01233	0.01570	0.01263	0.01746	0.01172	0.01023	0.03352	0.18019	0.51375	0.06741	0.02595	0.02106	0.00916	0.00711	0.00221	0.00569	0.00755	0.00822	0.01137
182	0.01703	0.01471	0.01617	0.01556	0.05267	0.01683	0.01158	0.03511	0.62870	0.02844	0.02808	0.02835	0.02178	0.00982	0.00722	0.00240	0.00571	0.04216	0.00688	0.01080
183	0.01750	0.05698	0.35209	0.05053	0.17395	0.05182	0.07688	0.02332	0.01588	0.09512	0.01417	0.01646	0.01038	0.00671	0.00677	0.00214	0.00950	0.00578	0.00375	0.01030
184	0.02106	0.01909	0.07184	0.02294	0.02956	0.01764	0.37379	0.20406	0.02127	0.12218	0.01656	0.01869	0.01174	0.00697	0.00764	0.00225	0.00978	0.00736	0.00512	0.01046
185	0.01121	0.00832	0.00950	0.00892	0.01128	0.00792	0.00678	0.01614	0.11011	0.04981	0.32786	0.05195	0.29164	0.01440	0.00790	0.00225	0.00378	0.01229	0.04083	0.00712
186	0.00945	0.00717	0.00988	0.01060	0.01158	0.00688	0.03153	0.01213	0.05411	0.01968	0.10542	0.60989	0.04542	0.01978	0.00871	0.00272	0.00434	0.01798	0.00653	0.00621
187	0.05760	0.17734	0.04767	0.03690	0.02007	0.15948	0.01289	0.07141	0.08838	0.09565	0.01451	0.01587	0.01139	0.00797	0.00839	0.00204	0.11379	0.00534	0.00455	0.04877
188	0.01659	0.01236	0.01475	0.01171	0.03224	0.01038	0.00895	0.08703	0.01664	0.08852	0.01720	0.09025	0.01524	0.03288	0.00697	0.00165	0.00551	0.00644	0.00507	0.51962
189	0.01697	0.18887	0.06211	0.09818	0.21724	0.04163	0.04691	0.02181	0.06542	0.04925	0.04970	0.04877	0.01535	0.00762	0.00647	0.00199	0.00776	0.00657	0.00413	0.04325
190	0.04184	0.11553	0.15901	0.05870	0.02243	0.11551	0.05051	0.05749	0.10342	0.03843	0.04776	0.02196	0.05083	0.04530	0.00797	0.00227	0.00824	0.00655	0.00450	0.04177

[dist]
# distance from previous block
# <min> <max>
3	21

[block]
# block no. 2 follows, 30 sequences, length 33
# corresponding to MSA columns:
# 979-1011
name=unknown_C
#
# <colnr> <probs for GDERKNQSTAVLIFYWHMCP>
#	G	D	E	R	K	N	Q	S	T	A	V	L	I	F	Y	W	H	M	C	P
0	0.06706	0.01896	0.01826	0.01521	0.01972	0.17861	0.04479	0.16888	0.12187	0.14256	0.01987	0.04730	0.01568	0.00890	0.00686	0.00212	0.00795	0.03742	0.00598	0.05201
1	0.04147	0.08188	0.01729	0.01266	0.01687	0.01444	0.01058	0.17597	0.04308	0.11824	0.12307	0.03052	0.02404	0.01021	0.00770	0.00211	0.04053	0.09504	0.00617	0.12814
2	0.02026	0.54258	0.07044	0.01300	0.01894	0.05557	0.01264	0.05462	0.04926	0.08662	0.01288	0.01366	0.01050	0.00660	0.00517	0.00168	0.00762	0.00449	0.00395	0.00952
3	0.02566	0.01478	0.01896	0.01604	0.05665	0.01495	0.04460	0.17000	0.17691	0.34836	0.02406	0.02222	0.01640	0.00851	0.00708	0.00220	0.00662	0.00708	0.00742	0.01152
4	0.06385	0.04896	0.01666	0.01254	0.01746	0.04338	0.01027	0.03184	0.10709	0.49692	0.05882	0.02378	0.01898	0.00873	0.00681	0.00214	0.00609	0.00699	0.00770	0.01100
5	0.00960	0.00670	0.00821	0.00863	0.00902	0.00670	0.00548	0.01035	0.01142	0.01528	0.02823	0.22783	0.06345	0.43091	0.12219	0.00613	0.00754	0.01253	0.00486	0.00496
6	0.02993	0.01270	0.01657	0.01276	0.01805	0.01160	0.01052	0.11816	0.02163	0.60446	0.05020	0.02385	0.01829	0.00880	0.00706	0.00215	0.00607	0.00712	0.00839	0.01169
7	0.00892	0.00652	0.00888	0.04459	0.01199	0.00627	0.00711	0.01058	0.01427	0.01921	0.12907	0.61920	0.04709	0.02010	0.00872	0.00272	0.00420	0.01819	0.00648	0.00589
8	0.01017	0.00699	0.00920	0.00936	0.01012	0.00752	0.00656	0.01174	0.01139	0.01637	0.02224	0.10748	0.02318	0.28938	0.34455	0.00790	0.01158	0.00958	0.07919	0.00550
9	0.00999	0.00738	0.01072	0.01072	0.01180	0.00845	0.00811	0.01214	0.01107	0.01583	0.01914	0.02992	0.01853	0.14878	0.63215	0.01060	0.01705	0.00784	0.00381	0.00596
