[name]
unknown

[dist]
# distance from previous block
# <min> <max>
0	15

[block]
# block no. 0 follows, 34 sequences, length 9
# corresponding to MSA columns:
# 16-24
name=unknown_A
#
# <colnr> <probs for GDERKNQSTAVLIFYWHMCP>
#	G	D	E	R	K	N	Q	S	T	A	V	L	I	F	Y	W	H	M	C	P
0	0.01437	0.01078	0.04879	0.14907	0.02075	0.01039	0.01249	0.07542	0.01622	0.11016	0.02628	0.04862	0.02569	0.01311	0.00783	0.00257	0.00665	0.38787	0.00553	0.00740
1	0.02168	0.01659	0.07759	0.01348	0.01816	0.01606	0.01155	0.45428	0.02408	0.12126	0.01721	0.02050	0.01340	0.13175	0.01073	0.00266	0.00698	0.00639	0.00593	0.00972
2	0.08286	0.44718	0.02425	0.01046	0.01519	0.01869	0.00961	0.01749	0.01255	0.01741	0.01079	0.01337	0.00969	0.01239	0.12478	0.00282	0.00805	0.00409	0.00318	0.15517
3	0.01071	0.00657	0.00931	0.10132	0.01244	0.00693	0.00656	0.00976	0.00932	0.01233	0.01441	0.02716	0.01514	0.27974	0.02555	0.43266	0.00621	0.00694	0.00320	0.00373
4	0.01563	0.36173	0.14466	0.01620	0.13307	0.04400	0.01347	0.01905	0.01373	0.01869	0.01219	0.01439	0.01011	0.00607	0.00497	0.00161	0.00693	0.00454	0.15060	0.00837
5	0.01754	0.01743	0.01970	0.01636	0.02054	0.13481	0.13878	0.05512	0.45245	0.02455	0.02084	0.02055	0.01574	0.00778	0.00664	0.00209	0.00731	0.00680	0.00544	0.00953
6	0.01128	0.00679	0.00886	0.00873	0.01011	0.00626	0.00623	0.01321	0.01516	0.11219	0.31096	0.29306	0.04423	0.10969	0.01084	0.00276	0.00401	0.01304	0.00644	0.00616
7	0.01478	0.01677	0.14702	0.01335	0.01830	0.01430	0.01215	0.02807	0.45292	0.02488	0.05339	0.02168	0.01796	0.00789	0.00627	0.00197	0.00578	0.00652	0.00548	0.13051
8	0.01088	0.01304	0.12995	0.01528	0.14526	0.00967	0.01130	0.01527	0.06405	0.02076	0.16101	0.04076	0.31414	0.01168	0.00709	0.00209	0.00519	0.00997	0.00519	0.00744

[dist]
# distance from previous block
# <min> <max>
0	7

[block]
# block no. 1 follows, 34 sequences, length 7
# corresponding to MSA columns:
# 32-38
name=unknown_B
#
# <colnr> <probs for GDERKNQSTAVLIFYWHMCP>
#	G	D	E	R	K	N	Q	S	T	A	V	L	I	F	Y	W	H	M	C	P
0	0.00828	0.00602	0.00781	0.00852	0.00942	0.00555	0.00595	0.01010	0.01454	0.01974	0.27191	0.47325	0.09978	0.01758	0.00799	0.00239	0.00348	0.01576	0.00637	0.00555
1	0.01255	0.01155	0.01920	0.37586	0.25899	0.01285	0.01615	0.01607	0.01339	0.01799	0.01655	0.16790	0.01599	0.00900	0.00680	0.00217	0.00733	0.00829	0.00361	0.00777
2	0.01599	0.01535	0.02623	0.03966	0.73262	0.01535	0.01983	0.01983	0.01471	0.02111	0.01215	0.01599	0.01023	0.00576	0.00640	0.00192	0.00768	0.00576	0.00320	0.01023
3	0.01441	0.01387	0.02274	0.26454	0.36877	0.01593	0.01808	0.01791	0.01317	0.01852	0.01120	0.01601	0.00936	0.00710	0.00939	0.00218	0.15943	0.00573	0.00302	0.00862
4	0.02030	0.01146	0.01540	0.01447	0.11325	0.00996	0.01004	0.02368	0.04259	0.33710	0.05630	0.02151	0.04240	0.00734	0.00608	0.00169	0.00536	0.00616	0.00593	0.24898
5	0.01439	0.01413	0.01649	0.16197	0.02263	0.11082	0.05541	0.01744	0.01403	0.01911	0.01291	0.06211	0.01133	0.00640	0.00567	0.00148	0.00682	0.00543	0.00367	0.43778
6	0.01390	0.01605	0.11960	0.03010	0.49093	0.01332	0.01738	0.01779	0.01457	0.02029	0.02279	0.02496	0.15465	0.00794	0.00661	0.00199	0.00705	0.00721	0.00370	0.00918

[dist]
# distance from previous block
# <min> <max>
0	10

[block]
# block no. 2 follows, 34 sequences, length 26
# corresponding to MSA columns:
# 56-81
name=unknown_C
#
# <colnr> <probs for GDERKNQSTAVLIFYWHMCP>
#	G	D	E	R	K	N	Q	S	T	A	V	L	I	F	Y	W	H	M	C	P
0	0.07684	0.01594	0.01502	0.01237	0.01657	0.19137	0.00984	0.06597	0.01850	0.38383	0.09105	0.02078	0.01764	0.00797	0.00624	0.00189	0.00681	0.00615	0.00631	0.02894
1	0.05277	0.01327	0.01500	0.01232	0.01616	0.01409	0.01008	0.37422	0.02388	0.10156	0.19356	0.02980	0.02625	0.01007	0.00690	0.00208	0.00575	0.07652	0.00662	0.00911
2	0.01901	0.01225	0.01580	0.01316	0.01709	0.01282	0.06104	0.04468	0.32876	0.23943	0.06446	0.02430	0.01968	0.01255	0.08180	0.00295	0.00682	0.00726	0.00647	0.00967
3	0.01030	0.00735	0.00899	0.00955	0.01118	0.00708	0.00726	0.01374	0.08565	0.05663	0.04118	0.33487	0.20678	0.01698	0.00798	0.00251	0.00432	0.15524	0.00615	0.00626
4	0.01561	0.01595	0.03014	0.05833	0.46791	0.01566	0.25914	0.02002	0.01484	0.02082	0.01245	0.01653	0.01003	0.00567	0.00683	0.00202	0.00882	0.00641	0.00321	0.00961
5	0.01729	0.01477	0.01460	0.01297	0.01622	0.08866	0.01000	0.22002	0.27878	0.02720	0.02386	0.20345	0.02174	0.01109	0.00688	0.00217	0.00601	0.00928	0.00607	0.00894
6	0.01434	0.21420	0.49248	0.01607	0.02404	0.01771	0.01934	0.02160	0.08524	0.01984	0.01244	0.01390	0.00938	0.00626	0.00569	0.00190	0.00845	0.00471	0.00313	0.00931
7	0.01905	0.01674	0.02582	0.09595	0.07761	0.01764	0.24575	0.31807	0.06638	0.02932	0.01474	0.01691	0.01085	0.00678	0.00685	0.00206	0.00844	0.00650	0.00481	0.00974
8	0.02624	0.01039	0.01411	0.01103	0.01555	0.00903	0.00903	0.02881	0.01847	0.63852	0.12303	0.02563	0.02223	0.00872	0.00665	0.00200	0.00516	0.00722	0.00787	0.01032
9	0.01255	0.01254	0.01063	0.00993	0.01202	0.18812	0.00745	0.01499	0.01763	0.02185	0.42861	0.04186	0.17280	0.01219	0.00718	0.00197	0.00521	0.01020	0.00598	0.00632
10	0.02047	0.02493	0.01636	0.01511	0.01790	0.56533	0.01140	0.02229	0.01636	0.01561	0.01179	0.01503	0.01025	0.01693	0.18812	0.00381	0.01304	0.00484	0.00336	0.00707
11	0.02050	0.04932	0.02505	0.03950	0.04169	0.11876	0.26153	0.04050	0.03649	0.22626	0.01682	0.03745	0.01242	0.00715	0.00730	0.00204	0.03659	0.00669	0.00483	0.00912
12	0.02790	0.01274	0.01608	0.01232	0.01737	0.01209	0.01018	0.19856	0.02142	0.56589	0.02304	0.02040	0.01476	0.00794	0.00649	0.00198	0.00589	0.00633	0.00762	0.01099
13	0.01114	0.01004	0.01646	0.57341	0.03587	0.01212	0.01501	0.01466	0.01278	0.01651	0.01742	0.20197	0.01700	0.00985	0.00690	0.00227	0.00742	0.00885	0.00364	0.00670
14	0.01295	0.01295	0.02399	0.57789	0.04186	0.01484	0.18787	0.01754	0.01349	0.01754	0.01187	0.01728	0.00891	0.00621	0.00675	0.00216	0.00917	0.00621	0.00297	0.00756
15	0.01514	0.01898	0.12577	0.02915	0.20483	0.01592	0.45119	0.02045	0.01491	0.02077	0.01266	0.01659	0.00970	0.00561	0.00713	0.00210	0.00993	0.00680	0.00318	0.00920
16	0.61957	0.01105	0.00929	0.00841	0.01180	0.01243	0.00678	0.01732	0.01279	0.02823	0.18605	0.01978	0.02027	0.00777	0.00489	0.00201	0.00452	0.00551	0.00476	0.00678
17	0.01080	0.00815	0.01194	0.19290	0.01890	0.00846	0.02546	0.01365	0.01522	0.05631	0.31095	0.11503	0.09139	0.06357	0.02693	0.00262	0.00537	0.01046	0.00552	0.00638
18	0.01981	0.03406	0.03731	0.01217	0.01730	0.01274	0.02696	0.19179	0.06223	0.19461	0.06625	0.01902	0.01553	0.00717	0.00600	0.00167	0.00577	0.00581	0.00578	0.25803
19	0.00848	0.00658	0.00772	0.00743	0.00925	0.00581	0.00557	0.01091	0.01672	0.02219	0.43719	0.05439	0.35530	0.01460	0.00763	0.00210	0.00315	0.01254	0.00662	0.00581
20	0.01493	0.18333	0.34222	0.02156	0.19767	0.01742	0.01880	0.02148	0.08552	0.02018	0.01267	0.01459	0.00988	0.00618	0.00583	0.00189	0.00808	0.00500	0.00324	0.00952
21	0.01437	0.01209	0.01314	0.01192	0.01504	0.01362	0.00921	0.02889	0.54820	0.02675	0.19910	0.03005	0.02986	0.00986	0.00683	0.00215	0.00461	0.00838	0.00671	0.00921
22	0.01422	0.01431	0.02691	0.02014	0.02477	0.01418	0.40303	0.05384	0.07679	0.02323	0.19012	0.02530	0.02321	0.00808	0.00824	0.00217	0.05021	0.00840	0.00463	0.00822
23	0.01515	0.01258	0.02284	0.01769	0.02182	0.01193	0.31448	0.07779	0.01617	0.10851	0.04322	0.24392	0.04190	0.01089	0.00757	0.00226	0.00734	0.01082	0.00512	0.00799
24	0.01810	0.01603	0.02455	0.03356	0.55744	0.01650	0.01797	0.18977	0.01856	0.02593	0.01298	0.01587	0.01042	0.00625	0.00641	0.00192	0.00754	0.00577	0.00400	0.01042
25	0.01049	0.00600	0.00878	0.00882	0.00912	0.00628	0.00611	0.00930	0.00909	0.01241	0.01406	0.04034	0.01419	0.08934	0.20818	0.52553	0.00858	0.00654	0.00314	0.00370

[dist]
# distance from previous block
# <min> <max>
0	9

[block]
# block no. 3 follows, 34 sequences, length 85
# corresponding to MSA columns:
# 91-151,153-176
name=unknown_D
#
# <colnr> <probs for GDERKNQSTAVLIFYWHMCP>
#	G	D	E	R	K	N	Q	S	T	A	V	L	I	F	Y	W	H	M	C	P
0	0.66959	0.01593	0.01115	0.01003	0.01390	0.15185	0.00803	0.02027	0.01237	0.02652	0.00918	0.01071	0.00725	0.00612	0.00434	0.00194	0.00625	0.00362	0.00387	0.00709
1	0.35696	0.01162	0.01271	0.01025	0.01483	0.01157	0.00846	0.02630	0.01538	0.44296	0.01864	0.01722	0.01226	0.00717	0.00546	0.00200	0.00529	0.00525	0.00634	0.00934
2	0.79006	0.01244	0.00970	0.00861	0.01264	0.01431	0.00709	0.01944	0.01127	0.05455	0.00959	0.01091	0.00732	0.00607	0.00409	0.00200	0.00502	0.00361	0.00414	0.00714
3	0.04277	0.01437	0.02006	0.01588	0.02057	0.01505	0.16214	0.08715	0.34305	0.17412	0.02184	0.02110	0.01569	0.00772	0.00670	0.00212	0.00661	0.00697	0.00607	0.01003
4	0.02414	0.03079	0.01831	0.01665	0.01998	0.74698	0.01248	0.02580	0.01831	0.01581	0.00999	0.01165	0.00832	0.00666	0.00583	0.00166	0.01165	0.00416	0.00333	0.00749
5	0.01561	0.01496	0.02553	0.11260	0.66269	0.01525	0.01964	0.01949	0.01453	0.02064	0.01209	0.01612	0.01007	0.00583	0.00640	0.00194	0.00777	0.00576	0.00317	0.00992
6	0.01521	0.01731	0.03744	0.02685	0.03314	0.01647	0.68322	0.02051	0.01505	0.02051	0.01290	0.01731	0.00975	0.00567	0.00813	0.00220	0.03888	0.00755	0.00325	0.00865
7	0.01421	0.01413	0.01960	0.01682	0.01696	0.01965	0.01399	0.01625	0.03643	0.01598	0.00915	0.01451	0.00890	0.01121	0.02066	0.00280	0.73289	0.00572	0.00297	0.00719
8	0.03239	0.00794	0.01059	0.00934	0.01154	0.00748	0.02937	0.01588	0.04546	0.11744	0.53215	0.04165	0.04855	0.05127	0.00865	0.00226	0.00392	0.01038	0.00684	0.00689
9	0.01811	0.01266	0.01424	0.01206	0.01616	0.01329	0.00953	0.05164	0.42446	0.16922	0.05209	0.02408	0.03866	0.00847	0.00641	0.00199	0.00508	0.00701	0.00653	0.10833
10	0.01649	0.01311	0.01424	0.01250	0.01630	0.01451	0.00977	0.03165	0.57958	0.08028	0.06155	0.02441	0.02083	0.00865	0.00649	0.00208	0.00501	0.00722	0.00651	0.06881
11	0.01599	0.01535	0.02623	0.03966	0.73262	0.01535	0.01983	0.01983	0.01471	0.02111	0.01215	0.01599	0.01023	0.00576	0.00640	0.00192	0.00768	0.00576	0.00320	0.01023
12	0.02414	0.03079	0.01831	0.01665	0.01998	0.74698	0.01248	0.02580	0.01831	0.01581	0.00999	0.01165	0.00832	0.00666	0.00583	0.00166	0.01165	0.00416	0.00333	0.00749
13	0.01575	0.01360	0.01430	0.01290	0.01649	0.01566	0.01002	0.03337	0.69378	0.02666	0.02780	0.02557	0.04704	0.00906	0.00662	0.00219	0.00504	0.00755	0.00655	0.01004
14	0.02899	0.01100	0.01499	0.01150	0.01649	0.00950	0.00950	0.03149	0.01849	0.73709	0.02549	0.02199	0.01599	0.00800	0.00650	0.00200	0.00550	0.00650	0.00800	0.01100
15	0.01599	0.01535	0.02623	0.03966	0.73262	0.01535	0.01983	0.01983	0.01471	0.02111	0.01215	0.01599	0.01023	0.00576	0.00640	0.00192	0.00768	0.00576	0.00320	0.01023
16	0.00787	0.00562	0.00750	0.00900	0.00937	0.00525	0.00600	0.00900	0.01237	0.01649	0.03561	0.76871	0.04274	0.02024	0.00825	0.00262	0.00375	0.01837	0.00600	0.00525
17	0.01727	0.77681	0.03386	0.01106	0.01658	0.02557	0.01106	0.01935	0.01313	0.01520	0.00898	0.01036	0.00829	0.00553	0.00415	0.00138	0.00691	0.00345	0.00276	0.00829
18	0.01236	0.01179	0.02035	0.71958	0.04395	0.01446	0.05374	0.01673	0.01304	0.01673	0.01157	0.01724	0.00867	0.00641	0.00652	0.00215	0.00873	0.00584	0.00289	0.00726
19	0.01296	0.03342	0.73944	0.01842	0.02797	0.01501	0.02387	0.02046	0.01364	0.02046	0.01160	0.01364	0.00818	0.00614	0.00614	0.00205	0.00955	0.00477	0.00273	0.00955
20	0.01599	0.01389	0.01482	0.01330	0.01681	0.01622	0.01038	0.03359	0.69272	0.02657	0.02559	0.02371	0.01928	0.00887	0.00716	0.00222	0.03512	0.00724	0.00643	0.01010
21	0.01329	0.09080	0.68498	0.01785	0.02709	0.01582	0.02288	0.02038	0.01360	0.02006	0.01139	0.01339	0.00819	0.00609	0.00598	0.00199	0.00935	0.00467	0.00273	0.00945
22	0.01296	0.03342	0.73944	0.01842	0.02797	0.01501	0.02387	0.02046	0.01364	0.02046	0.01160	0.01364	0.00818	0.00614	0.00614	0.00205	0.00955	0.00477	0.00273	0.00955
23	0.00787	0.00562	0.00750	0.00900	0.00937	0.00525	0.00600	0.00900	0.01237	0.01649	0.03561	0.76871	0.04274	0.02024	0.00825	0.00262	0.00375	0.01837	0.00600	0.00525
24	0.01507	0.01441	0.02456	0.21403	0.56544	0.01511	0.01937	0.01902	0.01428	0.01999	0.01199	0.01629	0.00984	0.00593	0.00641	0.00198	0.00790	0.00575	0.00312	0.00949
25	0.01414	0.01414	0.01979	0.01696	0.01696	0.01979	0.01414	0.01555	0.00990	0.01555	0.00848	0.01414	0.00848	0.01131	0.02120	0.00283	0.76110	0.00565	0.00283	0.00707
26	0.01518	0.32433	0.26937	0.04438	0.16853	0.01904	0.01730	0.01955	0.01375	0.01850	0.02853	0.01380	0.00998	0.00600	0.00545	0.00176	0.00792	0.00466	0.00295	0.00902
27	0.01615	0.01505	0.02274	0.02841	0.39811	0.01612	0.05786	0.04895	0.22730	0.02318	0.01632	0.01837	0.01296	0.00711	0.00759	0.00208	0.06112	0.00633	0.00431	0.00994
28	0.00820	0.00653	0.00736	0.00724	0.00910	0.00568	0.00539	0.01034	0.01594	0.02053	0.30866	0.08790	0.45355	0.01537	0.00766	0.00215	0.00321	0.01312	0.00641	0.00568
29	0.01624	0.06671	0.01591	0.01082	0.01628	0.01212	0.00886	0.12429	0.06631	0.05532	0.01358	0.01464	0.01070	0.00571	0.00520	0.00127	0.00534	0.00447	0.00453	0.54171
30	0.00944	0.00770	0.00929	0.01003	0.01083	0.03368	0.00705	0.01128	0.03686	0.01696	0.03132	0.62743	0.03674	0.01803	0.00890	0.00252	0.05959	0.01591	0.00559	0.04087
31	0.01825	0.51901	0.10401	0.01274	0.01848	0.04932	0.01262	0.13579	0.04064	0.02045	0.01098	0.01209	0.00913	0.00612	0.00489	0.00158	0.00733	0.00415	0.00353	0.00891
32	0.00879	0.00644	0.00830	0.00878	0.00986	0.00609	0.00628	0.01146	0.04230	0.02103	0.33182	0.38756	0.07511	0.01659	0.00791	0.00235	0.00355	0.03345	0.00649	0.00583
33	0.67033	0.01250	0.01070	0.00919	0.01339	0.01398	0.00758	0.04831	0.01287	0.13414	0.01169	0.01239	0.00849	0.00636	0.00447	0.00200	0.00516	0.00403	0.00469	0.00775
34	0.01548	0.01483	0.02530	0.13728	0.63903	0.01522	0.01957	0.01938	0.01447	0.02048	0.01206	0.01616	0.01001	0.00585	0.00641	0.00195	0.00780	0.00576	0.00315	0.00982
35	0.00823	0.00598	0.00779	0.00896	0.00960	0.00565	0.00610	0.01005	0.03358	0.01773	0.10295	0.65710	0.06393	0.01912	0.00812	0.00254	0.00371	0.01727	0.00612	0.00548
36	0.00764	0.00655	0.00655	0.00655	0.00873	0.00545	0.00491	0.00927	0.01473	0.01745	0.06546	0.06218	0.73000	0.01636	0.00764	0.00218	0.00327	0.01364	0.00600	0.00545
37	0.01370	0.01423	0.02924	0.02232	0.02723	0.01349	0.48513	0.01835	0.01513	0.02026	0.01985	0.03521	0.01858	0.00942	0.00804	0.00243	0.00931	0.22612	0.00413	0.00783
38	0.01531	0.01726	0.03713	0.02827	0.09235	0.01626	0.65137	0.02062	0.01521	0.02073	0.01299	0.01731	0.00984	0.00547	0.00752	0.00216	0.01062	0.00747	0.00326	0.00884
39	0.77685	0.01358	0.04730	0.00901	0.01330	0.01452	0.00787	0.01907	0.01113	0.02855	0.00913	0.01066	0.00706	0.00601	0.00411	0.00200	0.00523	0.00356	0.00393	0.00713
40	0.01220	0.01148	0.01938	0.75739	0.04450	0.01436	0.01794	0.01651	0.01292	0.01651	0.01148	0.01723	0.00861	0.00646	0.00646	0.00215	0.00861	0.00574	0.00287	0.00718
41	0.01544	0.01671	0.03596	0.02594	0.03217	0.01566	0.65079	0.02066	0.01533	0.04334	0.01456	0.02045	0.01142	0.00617	0.00766	0.00221	0.01047	0.04288	0.00356	0.00864
42	0.11687	0.01387	0.01554	0.01220	0.01703	0.05428	0.01000	0.18096	0.02028	0.46126	0.02053	0.01867	0.01343	0.00764	0.00617	0.00197	0.00615	0.00588	0.00694	0.01034
43	0.01586	0.01521	0.02598	0.06557	0.70778	0.01532	0.01976	0.01971	0.01465	0.02094	0.01213	0.01604	0.01018	0.00578	0.00640	0.00193	0.00771	0.00576	0.00319	0.01012
44	0.74756	0.01413	0.01028	0.00923	0.01316	0.07996	0.00749	0.01960	0.01165	0.02781	0.00909	0.01060	0.00712	0.00606	0.00416	0.00197	0.00559	0.00356	0.00394	0.00704
45	0.00935	0.00606	0.00839	0.00946	0.00999	0.00587	0.00686	0.00987	0.01186	0.01570	0.02866	0.39741	0.03291	0.04210	0.01343	0.20804	0.00480	0.16938	0.00512	0.00475
46	0.02456	0.01810	0.01939	0.01487	0.02004	0.02004	0.01228	0.71107	0.03038	0.04072	0.01551	0.01551	0.01099	0.00776	0.00646	0.00194	0.00711	0.00582	0.00646	0.01099
47	0.01525	0.01743	0.03813	0.02723	0.03377	0.01634	0.70915	0.02070	0.01525	0.02070	0.01307	0.01743	0.00980	0.00545	0.00763	0.00218	0.01089	0.00763	0.00327	0.00871
48	0.01599	0.01535	0.02623	0.03966	0.73262	0.01535	0.01983	0.01983	0.01471	0.02111	0.01215	0.01599	0.01023	0.00576	0.00640	0.00192	0.00768	0.00576	0.00320	0.01023
49	0.01635	0.61725	0.18530	0.01264	0.01903	0.02330	0.01381	0.01959	0.01324	0.01633	0.00954	0.01107	0.00827	0.00566	0.00457	0.00152	0.00748	0.00374	0.00276	0.00856
50	0.00800	0.00568	0.00746	0.00883	0.00918	0.00533	0.00582	0.00903	0.01212	0.01616	0.03434	0.70787	0.04112	0.08328	0.01031	0.00293	0.00396	0.01762	0.00582	0.00514
51	0.02899	0.01100	0.01499	0.01150	0.01649	0.00950	0.00950	0.03149	0.01849	0.73709	0.02549	0.02199	0.01599	0.00800	0.00650	0.00200	0.00550	0.00650	0.00800	0.01100
52	0.01607	0.01388	0.01461	0.01315	0.01680	0.01607	0.01023	0.03433	0.72094	0.02703	0.02630	0.02411	0.01972	0.00877	0.00657	0.00219	0.00511	0.00731	0.00657	0.01023
53	0.01572	0.01519	0.02631	0.08529	0.65784	0.01533	0.04980	0.01965	0.01462	0.02080	0.01215	0.01613	0.01011	0.00579	0.00645	0.00195	0.00788	0.00584	0.00318	0.00997
54	0.00858	0.00651	0.00713	0.00697	0.00888	0.00571	0.00523	0.01080	0.01569	0.02078	0.26441	0.05375	0.44658	0.01443	0.00729	0.00206	0.00318	0.01221	0.09409	0.00571
55	0.01967	0.02164	0.01377	0.01272	0.01537	0.47313	0.00954	0.02183	0.01655	0.01887	0.01409	0.01625	0.01137	0.00698	0.00534	0.00161	0.00846	0.00485	0.30102	0.00695
56	0.01296	0.03342	0.73944	0.01842	0.02797	0.01501	0.02387	0.02046	0.01364	0.02046	0.01160	0.01364	0.00818	0.00614	0.00614	0.00205	0.00955	0.00477	0.00273	0.00955
57	0.01599	0.01535	0.02623	0.03966	0.73262	0.01535	0.01983	0.01983	0.01471	0.02111	0.01215	0.01599	0.01023	0.00576	0.00640	0.00192	0.00768	0.00576	0.00320	0.01023
58	0.01565	0.01254	0.01824	0.01333	0.01889	0.01053	0.14208	0.01983	0.05406	0.10783	0.03706	0.01691	0.01259	0.00579	0.00572	0.00142	0.00600	0.00532	0.00448	0.49173
59	0.01525	0.01743	0.03813	0.02723	0.03377	0.01634	0.70915	0.02070	0.01525	0.02070	0.01307	0.01743	0.00980	0.00545	0.00763	0.00218	0.01089	0.00763	0.00327	0.00871
60	0.00864	0.00658	0.00793	0.00760	0.00934	0.00588	0.00570	0.01121	0.01709	0.02307	0.50612	0.05294	0.28583	0.01427	0.00763	0.00208	0.00312	0.01234	0.00674	0.00588
61	0.00843	0.00658	0.00764	0.00738	0.00921	0.00579	0.00553	0.01080	0.01659	0.02189	0.41325	0.05489	0.37944	0.01471	0.00763	0.00210	0.00316	0.01261	0.00658	0.00579
62	0.02173	0.02574	0.01720	0.01560	0.01903	0.52845	0.01181	0.02835	0.22838	0.01917	0.01486	0.01538	0.01173	0.00729	0.00605	0.00182	0.00970	0.00510	0.00430	0.00831
63	0.01727	0.77681	0.03386	0.01106	0.01658	0.02557	0.01106	0.01935	0.01313	0.01520	0.00898	0.01036	0.00829	0.00553	0.00415	0.00138	0.00691	0.00345	0.00276	0.00829
64	0.00923	0.00692	0.01038	0.01038	0.01154	0.00808	0.00808	0.01154	0.01038	0.01500	0.01731	0.02538	0.01615	0.04846	0.74732	0.01038	0.01731	0.00692	0.00346	0.00577
65	0.01296	0.03342	0.73944	0.01842	0.02797	0.01501	0.02387	0.02046	0.01364	0.02046	0.01160	0.01364	0.00818	0.00614	0.00614	0.00205	0.00955	0.00477	0.00273	0.00955
66	0.02899	0.01100	0.01499	0.01150	0.01649	0.00950	0.00950	0.03149	0.01849	0.73709	0.02549	0.02199	0.01599	0.00800	0.00650	0.00200	0.00550	0.00650	0.00800	0.01100
67	0.81856	0.01250	0.00950	0.00850	0.01250	0.01449	0.00700	0.01899	0.01100	0.02899	0.00900	0.01050	0.00700	0.00600	0.00400	0.00200	0.00500	0.00350	0.00400	0.00700
68	0.01220	0.01148	0.01938	0.75739	0.04450	0.01436	0.01794	0.01651	0.01292	0.01651	0.01148	0.01723	0.00861	0.00646	0.00646	0.00215	0.00861	0.00574	0.00287	0.00718
69	0.76263	0.01239	0.00989	0.00871	0.01278	0.01414	0.00717	0.01988	0.01153	0.07915	0.01017	0.01131	0.00763	0.00614	0.00418	0.00200	0.00503	0.00371	0.00428	0.00728
70	0.00764	0.00655	0.00655	0.00655	0.00873	0.00545	0.00491	0.00927	0.01473	0.01745	0.06546	0.06218	0.73000	0.01636	0.00764	0.00218	0.00327	0.01364	0.00600	0.00545
71	0.01340	0.01148	0.01340	0.00957	0.01531	0.00861	0.00766	0.01627	0.01340	0.02105	0.01148	0.01340	0.00957	0.00479	0.00479	0.00096	0.00479	0.00383	0.00383	0.81242
72	0.02414	0.03079	0.01831	0.01665	0.01998	0.74698	0.01248	0.02580	0.01831	0.01581	0.00999	0.01165	0.00832	0.00666	0.00583	0.00166	0.01165	0.00416	0.00333	0.00749
73	0.01981	0.02429	0.02796	0.02180	0.02669	0.39126	0.35166	0.02332	0.01682	0.01819	0.01149	0.01446	0.00904	0.00607	0.00670	0.00191	0.01128	0.00585	0.00330	0.00809
74	0.01231	0.00794	0.00972	0.00978	0.01163	0.03057	0.00758	0.01453	0.01553	0.12566	0.18197	0.24734	0.12099	0.01554	0.00786	0.00240	0.00454	0.16113	0.00643	0.00653
75	0.00833	0.00657	0.00751	0.00728	0.00916	0.00575	0.00546	0.01062	0.01638	0.02137	0.37251	0.05574	0.42050	0.01490	0.00763	0.00211	0.00317	0.01273	0.00651	0.00575
76	0.00776	0.00608	0.00703	0.00779	0.00905	0.00535	0.00546	0.00913	0.01353	0.01697	0.05030	0.42090	0.38106	0.01833	0.00795	0.00241	0.00351	0.01604	0.00600	0.00535
77	0.81856	0.01250	0.00950	0.00850	0.01250	0.01449	0.00700	0.01899	0.01100	0.02899	0.00900	0.01050	0.00700	0.00600	0.00400	0.00200	0.00500	0.00350	0.00400	0.00700
78	0.01599	0.01535	0.02623	0.03966	0.73262	0.01535	0.01983	0.01983	0.01471	0.02111	0.01215	0.01599	0.01023	0.00576	0.00640	0.00192	0.00768	0.00576	0.00320	0.01023
79	0.00840	0.00679	0.00761	0.00802	0.01001	0.00600	0.00642	0.01041	0.01477	0.01797	0.05685	0.06513	0.53922	0.01677	0.00799	0.00240	0.00401	0.19964	0.00599	0.00559
80	0.01296	0.03342	0.73944	0.01842	0.02797	0.01501	0.02387	0.02046	0.01364	0.02046	0.01160	0.01364	0.00818	0.00614	0.00614	0.00205	0.00955	0.00477	0.00273	0.00955
81	0.01346	0.01276	0.02164	0.52008	0.27202	0.01468	0.01857	0.01761	0.01351	0.01803	0.01171	0.01682	0.00915	0.00623	0.00644	0.00208	0.00830	0.00575	0.00298	0.00819
82	0.01484	0.00788	0.01035	0.00900	0.01159	0.00705	0.00701	0.01763	0.01810	0.23319	0.47672	0.04157	0.09498	0.01191	0.00729	0.00203	0.00378	0.01031	0.00729	0.00748
83	0.00775	0.00609	0.00702	0.00777	0.00905	0.00535	0.00545	0.00914	0.01355	0.01698	0.05060	0.41381	0.38795	0.01829	0.00794	0.00240	0.00351	0.01599	0.00600	0.00535
84	0.81856	0.01250	0.00950	0.00850	0.01250	0.01449	0.00700	0.01899	0.01100	0.02899	0.00900	0.01050	0.00700	0.00600	0.00400	0.00200	0.00500	0.00350	0.00400	0.00700

[dist]
# distance from previous block
# <min> <max>
0	15

[block]
# block no. 4 follows, 34 sequences, length 18
# corresponding to MSA columns:
# 194-202,209-211,214-219
name=unknown_E
#
# <colnr> <probs for GDERKNQSTAVLIFYWHMCP>
#	G	D	E	R	K	N	Q	S	T	A	V	L	I	F	Y	W	H	M	C	P
0	0.01022	0.00890	0.01197	0.01531	0.18083	0.00833	0.00926	0.01303	0.03537	0.01910	0.07441	0.08355	0.40803	0.01384	0.00747	0.00222	0.00466	0.08133	0.00539	0.00679
1	0.01389	0.01314	0.02135	0.05490	0.53918	0.01298	0.01624	0.01722	0.01466	0.02010	0.02475	0.02696	0.18052	0.00829	0.00669	0.00199	0.00666	0.00762	0.00385	0.00901
2	0.00890	0.00701	0.01031	0.18611	0.01769	0.00740	0.00883	0.01077	0.01250	0.01650	0.02990	0.59086	0.03466	0.01698	0.00782	0.00251	0.00490	0.01538	0.00526	0.00570
3	0.01220	0.01148	0.01938	0.75739	0.04450	0.01436	0.01794	0.01651	0.01292	0.01651	0.01148	0.01723	0.00861	0.00646	0.00646	0.00215	0.00861	0.00574	0.00287	0.00718
4	0.63055	0.01683	0.01158	0.01043	0.01427	0.18785	0.00830	0.02060	0.01273	0.02587	0.00923	0.01077	0.00731	0.00615	0.00443	0.00192	0.00657	0.00366	0.00384	0.00711
5	0.01437	0.01328	0.02206	0.03220	0.56152	0.01316	0.01658	0.01802	0.01556	0.02225	0.18185	0.02363	0.02224	0.00752	0.00669	0.00195	0.00658	0.00716	0.00412	0.00926
6	0.01635	0.48515	0.13475	0.01265	0.01834	0.02174	0.01278	0.02306	0.18072	0.01879	0.01347	0.01411	0.01098	0.00639	0.00502	0.00167	0.00688	0.00456	0.00366	0.00894
7	0.01222	0.01202	0.02172	0.45332	0.03586	0.01332	0.17945	0.01635	0.01371	0.01769	0.01929	0.05116	0.08955	0.00814	0.00700	0.00220	0.00831	0.02793	0.00351	0.00725
8	0.63170	0.01214	0.01080	0.00921	0.01344	0.01331	0.00759	0.02195	0.01277	0.19657	0.01290	0.01322	0.00913	0.00647	0.00459	0.00200	0.00512	0.00421	0.00494	0.00794
9	0.01579	0.01992	0.19707	0.02655	0.23607	0.01533	0.23891	0.04215	0.05529	0.05309	0.01397	0.01676	0.01055	0.00611	0.00671	0.00204	0.00880	0.00625	0.01909	0.00956
10	0.20484	0.01301	0.03266	0.00990	0.01508	0.04240	0.00818	0.01787	0.01338	0.04833	0.03227	0.01397	0.01060	0.00555	0.00483	0.00133	0.00524	0.00412	0.00406	0.51240
11	0.00974	0.00615	0.00756	0.00827	0.00929	0.00583	0.00591	0.01160	0.01340	0.03726	0.07865	0.38791	0.08166	0.05342	0.00852	0.00248	0.00384	0.06686	0.19600	0.00564
12	0.01429	0.01219	0.04904	0.18992	0.02427	0.01165	0.11132	0.04121	0.07809	0.09934	0.05937	0.16356	0.03390	0.00977	0.00692	0.00212	0.00664	0.00892	0.00490	0.07260
13	0.01643	0.01566	0.01425	0.01133	0.01605	0.18333	0.00882	0.01927	0.03001	0.05739	0.04679	0.03977	0.01332	0.00638	0.00540	0.00131	0.00634	0.00496	0.00421	0.49896
14	0.01267	0.01052	0.01294	0.04257	0.01563	0.00918	0.00832	0.05110	0.01361	0.02028	0.01562	0.01881	0.04512	0.01590	0.18081	0.00335	0.00797	0.00521	0.00394	0.50645
15	0.53074	0.01389	0.01701	0.01347	0.01806	0.01510	0.17358	0.05610	0.04665	0.02748	0.02752	0.01390	0.00970	0.00625	0.00519	0.00205	0.00646	0.00496	0.00415	0.00774
16	0.10613	0.01537	0.01837	0.01749	0.12223	0.03952	0.04433	0.21894	0.17821	0.14608	0.01810	0.01801	0.01310	0.00740	0.00626	0.00201	0.00658	0.00604	0.00575	0.01007
17	0.04513	0.01505	0.02493	0.03585	0.62697	0.01512	0.03570	0.02096	0.04562	0.05292	0.01327	0.01645	0.01077	0.00599	0.00635	0.00194	0.00745	0.00582	0.00359	0.01011

[dist]
# distance from previous block
# <min> <max>
0	43

# created by:
# /home/cegg/simao/soft/augustus-3.2.1/scripts/msa2prfl.pl ./align_prep/EOG090W0HTD.fa
