[name]
unknown

[dist]
# distance from previous block
# <min> <max>
0	22

[block]
# block no. 0 follows, 27 sequences, length 33
# corresponding to MSA columns:
# 22-54
name=unknown_A
#
# <colnr> <probs for GDERKNQSTAVLIFYWHMCP>
#	G	D	E	R	K	N	Q	S	T	A	V	L	I	F	Y	W	H	M	C	P
0	0.01196	0.00854	0.01196	0.01367	0.01538	0.00854	0.01196	0.01538	0.01709	0.02222	0.03931	0.08374	0.04272	0.02051	0.01025	0.00342	0.00684	0.64283	0.00684	0.00684
1	0.03331	0.01263	0.01723	0.01321	0.01895	0.01091	0.01091	0.03618	0.02125	0.69794	0.02929	0.02527	0.01838	0.00919	0.00747	0.00230	0.00632	0.00747	0.00919	0.01263
2	0.01315	0.01047	0.01205	0.01225	0.01423	0.01130	0.00890	0.02244	0.28457	0.02365	0.03506	0.36114	0.03625	0.07628	0.01104	0.00317	0.00530	0.04352	0.00696	0.00827
3	0.01061	0.00792	0.01174	0.01174	0.01300	0.00918	0.00904	0.01313	0.01187	0.01709	0.02006	0.03012	0.01898	0.08947	0.67646	0.01170	0.01926	0.00809	0.00400	0.00652
4	0.02177	0.53774	0.03352	0.01395	0.01977	0.12091	0.01288	0.10173	0.01832	0.02142	0.01179	0.01328	0.01018	0.00691	0.00536	0.00171	0.00858	0.00450	0.02596	0.00970
5	0.02773	0.03538	0.02104	0.01913	0.02295	0.70930	0.01434	0.02964	0.02104	0.01817	0.01148	0.01339	0.00956	0.00765	0.00669	0.00191	0.01339	0.00478	0.00383	0.00861
6	0.01810	0.04579	0.05211	0.08351	0.25426	0.01644	0.18973	0.02280	0.01678	0.06431	0.01481	0.01844	0.01158	0.00653	0.00728	0.00208	0.00915	0.00668	0.00410	0.15552
7	0.01681	0.01548	0.02161	0.01849	0.01892	0.02107	0.01535	0.01863	0.01254	0.05612	0.05467	0.01927	0.01411	0.01292	0.02242	0.00314	0.63926	0.00700	0.00389	0.00830
8	0.01289	0.00645	0.00967	0.00967	0.00967	0.00645	0.00645	0.00967	0.00967	0.01289	0.01289	0.02257	0.01289	0.02579	0.02901	0.78401	0.00645	0.00645	0.00322	0.00322
9	0.00936	0.00668	0.00897	0.01069	0.01126	0.00630	0.00744	0.01088	0.01452	0.01930	0.04074	0.66443	0.04842	0.02296	0.00956	0.00306	0.00458	0.08784	0.00689	0.00612
10	0.00903	0.00651	0.00856	0.01020	0.01073	0.00604	0.00683	0.01035	0.01434	0.01900	0.04259	0.70199	0.08029	0.02304	0.00944	0.00299	0.00428	0.02084	0.00689	0.00604
11	0.02404	0.01793	0.02071	0.01888	0.10080	0.01942	0.01370	0.47071	0.02978	0.04080	0.08988	0.02268	0.01918	0.00929	0.00739	0.00220	0.00738	0.00742	0.06633	0.01148
12	0.01701	0.01764	0.02137	0.01863	0.01924	0.10346	0.01527	0.01878	0.01259	0.01783	0.01104	0.01729	0.01067	0.01694	0.09581	0.00402	0.56455	0.00645	0.00340	0.00802
13	0.00907	0.00753	0.00793	0.00783	0.01021	0.00639	0.00587	0.01123	0.01762	0.02172	0.18032	0.06871	0.58363	0.01818	0.00877	0.00248	0.00372	0.01528	0.00711	0.00639
14	0.01465	0.01398	0.02410	0.61718	0.11944	0.01672	0.05035	0.01960	0.01519	0.01975	0.01336	0.01965	0.01016	0.00728	0.00748	0.00245	0.00990	0.00670	0.00336	0.00870
15	0.02319	0.32779	0.07237	0.01661	0.02180	0.35669	0.01458	0.02572	0.01785	0.01821	0.01105	0.01303	0.00954	0.00728	0.00660	0.00186	0.03863	0.00456	0.00349	0.00912
16	0.02883	0.01982	0.02167	0.01662	0.02253	0.02157	0.01373	0.59242	0.03327	0.12471	0.01920	0.01871	0.01331	0.00894	0.00743	0.00224	0.00795	0.00678	0.00764	0.01263
17	0.01080	0.00720	0.00810	0.00810	0.00810	0.00720	0.00450	0.01080	0.01080	0.01439	0.02339	0.04858	0.02699	0.73910	0.03779	0.00720	0.00720	0.01080	0.00450	0.00450
18	0.00932	0.00747	0.00839	0.00879	0.01082	0.00654	0.00664	0.01143	0.01690	0.02103	0.12395	0.17444	0.46208	0.01934	0.00904	0.00267	0.00415	0.08362	0.00701	0.00636
19	0.02650	0.01738	0.01972	0.01556	0.02076	0.01869	0.01273	0.45767	0.02916	0.16045	0.02102	0.04833	0.01573	0.01454	0.08289	0.00331	0.00894	0.00752	0.00735	0.01173
20	0.02180	0.01761	0.01867	0.01578	0.02058	0.02002	0.01256	0.25450	0.45890	0.03644	0.02598	0.02432	0.01923	0.00967	0.00751	0.00242	0.00666	0.00781	0.00751	0.01205
21	0.01985	0.74357	0.03890	0.01270	0.01905	0.02937	0.01270	0.02223	0.01508	0.01747	0.01032	0.01191	0.00953	0.00635	0.00476	0.00159	0.00794	0.00397	0.00318	0.00953
22	0.02023	0.52772	0.08703	0.01764	0.09284	0.10725	0.01512	0.02326	0.01603	0.01874	0.01108	0.01307	0.00976	0.00659	0.00545	0.00175	0.00891	0.00447	0.00330	0.00977
23	0.01846	0.01595	0.01679	0.01511	0.01930	0.01846	0.01175	0.03945	0.67938	0.03105	0.03022	0.02770	0.02266	0.01007	0.00755	0.00252	0.00588	0.00839	0.00755	0.01175
24	0.79154	0.01436	0.01091	0.00976	0.01436	0.01665	0.00804	0.02182	0.01263	0.03331	0.01034	0.01206	0.00804	0.00689	0.00459	0.00230	0.00574	0.00402	0.00459	0.00804
25	0.01253	0.00986	0.01491	0.01655	0.08789	0.00946	0.05799	0.01553	0.01656	0.03824	0.06075	0.17979	0.12856	0.04568	0.01044	0.00311	0.00648	0.27194	0.00630	0.00743
26	0.01838	0.00993	0.01093	0.00959	0.01236	0.01014	0.00747	0.13296	0.01912	0.10183	0.02276	0.02529	0.01736	0.01008	0.00767	0.06237	0.00482	0.00690	0.50178	0.00825
27	0.01540	0.11050	0.63298	0.02029	0.03079	0.01848	0.02592	0.02338	0.01561	0.02289	0.01302	0.01529	0.00942	0.00698	0.00682	0.00227	0.01066	0.00533	0.00314	0.01082
28	0.01618	0.01162	0.01367	0.01312	0.01622	0.01209	0.01069	0.09164	0.17641	0.07862	0.03988	0.10418	0.13598	0.01584	0.00880	0.00282	0.00604	0.22998	0.00726	0.00892
29	0.01037	0.00758	0.00974	0.00920	0.01101	0.00695	0.00690	0.01375	0.02070	0.02902	0.64142	0.05669	0.11797	0.01546	0.00876	0.00235	0.00352	0.01360	0.00807	0.00695
30	0.01160	0.00843	0.01145	0.01296	0.01476	0.00828	0.01124	0.01484	0.01707	0.02197	0.04343	0.08233	0.11714	0.02031	0.01008	0.00331	0.00648	0.57070	0.00684	0.00677
31	0.01407	0.00908	0.01224	0.01143	0.01383	0.00838	0.03969	0.04785	0.01794	0.12010	0.14143	0.33671	0.16252	0.01765	0.00881	0.00265	0.00496	0.01566	0.00729	0.00769
32	0.40846	0.03606	0.01667	0.03429	0.09026	0.07091	0.01168	0.13363	0.01796	0.03157	0.01480	0.05555	0.01281	0.00861	0.00607	0.00231	0.00721	0.02692	0.00505	0.00917

[dist]
# distance from previous block
# <min> <max>
6	67

[block]
# block no. 1 follows, 27 sequences, length 12
# corresponding to MSA columns:
# 126-137
name=unknown_B
#
# <colnr> <probs for GDERKNQSTAVLIFYWHMCP>
#	G	D	E	R	K	N	Q	S	T	A	V	L	I	F	Y	W	H	M	C	P
0	0.13509	0.11599	0.02340	0.02111	0.15712	0.01865	0.05740	0.10429	0.12978	0.02822	0.03564	0.02411	0.01677	0.01129	0.04509	0.00282	0.00824	0.04963	0.00522	0.01015
1	0.01233	0.00922	0.04539	0.01074	0.01214	0.00787	0.00811	0.01394	0.01387	0.06727	0.03110	0.25108	0.03456	0.31802	0.02108	0.00473	0.00642	0.12000	0.00586	0.00627
2	0.01503	0.21517	0.15656	0.01555	0.02098	0.01736	0.08052	0.01903	0.01511	0.02052	0.06951	0.02468	0.04658	0.05596	0.12657	0.00400	0.03688	0.00715	0.00405	0.04880
3	0.01676	0.01034	0.01178	0.01026	0.01347	0.01012	0.00816	0.11288	0.01927	0.07190	0.09254	0.03154	0.02405	0.01163	0.03298	0.00233	0.00546	0.05360	0.35232	0.10863
4	0.01046	0.00775	0.01133	0.01150	0.01265	0.00881	0.00871	0.01280	0.01208	0.01720	0.02221	0.10020	0.02217	0.10033	0.59344	0.01072	0.01746	0.00945	0.00430	0.00642
5	0.01539	0.01319	0.01539	0.01100	0.01759	0.00990	0.00880	0.01869	0.01539	0.02419	0.01319	0.01539	0.01100	0.00550	0.00550	0.00110	0.00550	0.00440	0.00440	0.78449
6	0.52612	0.14183	0.08472	0.01210	0.01729	0.01933	0.01135	0.02177	0.01326	0.02850	0.01059	0.01270	0.00855	0.00726	0.00631	0.00225	0.05903	0.00434	0.00411	0.00859
7	0.01379	0.04725	0.03460	0.03156	0.01521	0.00922	0.01000	0.01636	0.01643	0.10573	0.06270	0.31799	0.08656	0.01830	0.00897	0.00286	0.00572	0.18242	0.00680	0.00753
8	0.01588	0.29369	0.27177	0.01693	0.06382	0.01963	0.01736	0.02071	0.01619	0.02156	0.08546	0.02419	0.08665	0.00879	0.00657	0.00207	0.00822	0.00684	0.00407	0.00960
9	0.01857	0.32512	0.24976	0.01727	0.02455	0.09415	0.05703	0.04671	0.01673	0.02106	0.01384	0.05787	0.01211	0.00783	0.00634	0.00204	0.00956	0.00598	0.00365	0.00983
10	0.02653	0.11747	0.02405	0.01661	0.02229	0.09529	0.01382	0.48197	0.06584	0.03907	0.01684	0.01712	0.01244	0.00850	0.00701	0.00213	0.00856	0.00622	0.00650	0.01175
11	0.01941	0.52638	0.12683	0.01434	0.02078	0.09732	0.01456	0.02267	0.01616	0.01914	0.05292	0.01528	0.01326	0.00713	0.00553	0.00177	0.00865	0.00485	0.00355	0.00947

[dist]
# distance from previous block
# <min> <max>
1	6

[block]
# block no. 2 follows, 27 sequences, length 6
# corresponding to MSA columns:
# 144-149
name=unknown_C
#
# <colnr> <probs for GDERKNQSTAVLIFYWHMCP>
#	G	D	E	R	K	N	Q	S	T	A	V	L	I	F	Y	W	H	M	C	P
0	0.01914	0.64293	0.13334	0.01391	0.02092	0.02764	0.01480	0.02241	0.01517	0.01833	0.01075	0.01245	0.00951	0.00645	0.00509	0.00170	0.00837	0.00419	0.00317	0.00973
1	0.05203	0.01450	0.09554	0.01358	0.01817	0.01161	0.01207	0.04967	0.07426	0.27918	0.07879	0.15206	0.02855	0.01287	0.00802	0.00256	0.00638	0.07270	0.00739	0.01006
2	0.01350	0.01012	0.01248	0.01225	0.01467	0.01008	0.00965	0.08931	0.07037	0.02636	0.15648	0.23651	0.04216	0.01697	0.00887	0.00272	0.00550	0.18689	0.00703	0.06809
3	0.11067	0.01291	0.01416	0.01185	0.01615	0.01321	0.00951	0.12712	0.11362	0.21962	0.03118	0.02991	0.11282	0.01029	0.00696	0.00225	0.00565	0.00816	0.13381	0.01014
4	0.16257	0.05239	0.20330	0.02011	0.02676	0.06646	0.17979	0.02263	0.01541	0.02422	0.01253	0.01582	0.00979	0.00738	0.00873	0.00232	0.09038	0.00595	0.00372	0.06972
5	0.02817	0.02223	0.02216	0.01728	0.02301	0.09074	0.01413	0.60505	0.03354	0.04396	0.01720	0.01739	0.01232	0.00879	0.00735	0.00220	0.00868	0.00650	0.00707	0.01223

[dist]
# distance from previous block
# <min> <max>
7	16

[block]
# block no. 3 follows, 27 sequences, length 24
# corresponding to MSA columns:
# 169,171-193
name=unknown_D
#
# <colnr> <probs for GDERKNQSTAVLIFYWHMCP>
#	G	D	E	R	K	N	Q	S	T	A	V	L	I	F	Y	W	H	M	C	P
0	0.01578	0.01554	0.02225	0.01891	0.01923	0.02108	0.04311	0.01745	0.01158	0.01779	0.01128	0.01950	0.01146	0.08209	0.02497	0.00359	0.62615	0.00701	0.00339	0.00786
1	0.01402	0.01319	0.02227	0.72126	0.05113	0.01649	0.02062	0.01897	0.01484	0.01897	0.01319	0.01979	0.00990	0.00742	0.00742	0.00247	0.00990	0.00660	0.00330	0.00825
2	0.01554	0.01619	0.07430	0.02061	0.02540	0.01421	0.30829	0.01942	0.01505	0.04908	0.01862	0.05757	0.01744	0.21787	0.01758	0.00382	0.04640	0.00923	0.00429	0.04906
3	0.01402	0.01319	0.02227	0.72126	0.05113	0.01649	0.02062	0.01897	0.01484	0.01897	0.01319	0.01979	0.00990	0.00742	0.00742	0.00247	0.00990	0.00660	0.00330	0.00825
4	0.02579	0.01959	0.02091	0.01659	0.02210	0.02189	0.01352	0.51164	0.19526	0.04287	0.02091	0.02028	0.01512	0.00920	0.00746	0.00230	0.00760	0.00711	0.00746	0.01241
5	0.02747	0.06203	0.02190	0.01863	0.02280	0.60248	0.01425	0.10340	0.02241	0.02146	0.01217	0.01384	0.00992	0.00774	0.00670	0.00194	0.01256	0.00497	0.00422	0.00911
6	0.01846	0.01595	0.01679	0.01511	0.01930	0.01846	0.01175	0.03945	0.67938	0.03105	0.03022	0.02770	0.02266	0.01007	0.00755	0.00252	0.00588	0.00839	0.00755	0.01175
7	0.03216	0.01289	0.01719	0.01336	0.01898	0.01150	0.01098	0.03643	0.07217	0.64634	0.02936	0.02546	0.01871	0.00926	0.00747	0.00231	0.00628	0.00754	0.00906	0.01257
8	0.01930	0.01804	0.03721	0.02792	0.05644	0.01686	0.50316	0.02481	0.01798	0.11659	0.01883	0.02562	0.01470	0.00778	0.00865	0.00254	0.01110	0.05757	0.00474	0.01019
9	0.01547	0.01399	0.02359	0.38596	0.28079	0.01567	0.01966	0.01921	0.01496	0.02015	0.01344	0.01962	0.01095	0.00940	0.01007	0.09909	0.00908	0.00659	0.00343	0.00891
10	0.00904	0.00646	0.00861	0.01034	0.01077	0.00603	0.00689	0.01034	0.01421	0.01895	0.04092	0.73426	0.04910	0.02326	0.00948	0.00301	0.00431	0.02110	0.00689	0.00603
11	0.01550	0.12567	0.61875	0.02011	0.03051	0.01874	0.02561	0.02335	0.01560	0.02276	0.01295	0.01521	0.00942	0.00697	0.00677	0.00226	0.01060	0.00530	0.00314	0.01079
12	0.01773	0.01822	0.06018	0.11341	0.56956	0.01755	0.04966	0.02247	0.01666	0.02366	0.01390	0.01847	0.01144	0.00670	0.00740	0.00225	0.00918	0.00665	0.00361	0.01129
13	0.01172	0.00905	0.01295	0.01619	0.09754	0.00882	0.01142	0.01458	0.01633	0.02144	0.04001	0.23790	0.10233	0.01932	0.00956	0.00308	0.00615	0.34797	0.00646	0.00719
14	0.01928	0.48014	0.21970	0.01545	0.02304	0.02542	0.01690	0.08430	0.01714	0.02193	0.01187	0.01351	0.00979	0.00679	0.00565	0.00186	0.00880	0.00465	0.00357	0.01022
15	0.01261	0.01508	0.11359	0.10188	0.05247	0.01195	0.13232	0.01674	0.01611	0.02126	0.03561	0.17320	0.17637	0.01403	0.00859	0.00265	0.00771	0.07451	0.00523	0.00808
16	0.02219	0.07110	0.32260	0.01676	0.02449	0.01470	0.01849	0.02764	0.01797	0.28878	0.02190	0.02572	0.01613	0.00913	0.00737	0.00238	0.00855	0.06708	0.00588	0.01114
17	0.01463	0.01343	0.02245	0.41490	0.23041	0.01521	0.01909	0.01870	0.01520	0.02030	0.01684	0.10789	0.01538	0.00974	0.00835	0.02764	0.00878	0.00839	0.00385	0.00883
18	0.01719	0.01773	0.05102	0.28131	0.40875	0.05262	0.02176	0.02182	0.01635	0.02205	0.01354	0.01852	0.01091	0.00697	0.00733	0.00229	0.00951	0.00647	0.00353	0.01033
19	0.01888	0.01888	0.02876	0.09210	0.58727	0.07860	0.02188	0.02311	0.01712	0.02333	0.01369	0.01804	0.01143	0.00676	0.00730	0.00220	0.00930	0.00645	0.00366	0.01123
20	0.03084	0.01355	0.01974	0.01506	0.02087	0.01215	0.07355	0.03521	0.06355	0.59029	0.02798	0.02492	0.01797	0.00897	0.00760	0.00233	0.00688	0.00765	0.00856	0.01233
21	0.03168	0.01614	0.01873	0.01456	0.02023	0.05920	0.01193	0.19331	0.02464	0.49151	0.02527	0.02264	0.01637	0.00902	0.00741	0.00225	0.00724	0.00710	0.00840	0.01237
22	0.01722	0.01828	0.06609	0.17079	0.42601	0.01759	0.13051	0.02226	0.01655	0.02313	0.01396	0.01878	0.01120	0.00673	0.00758	0.00231	0.00976	0.00691	0.00359	0.01075
23	0.01037	0.00849	0.00926	0.00890	0.01138	0.00786	0.00672	0.01488	0.09312	0.02408	0.24590	0.06191	0.43670	0.01677	0.00863	0.00246	0.00393	0.01420	0.00733	0.00710

[dist]
# distance from previous block
# <min> <max>
0	1

[block]
# block no. 4 follows, 27 sequences, length 9
# corresponding to MSA columns:
# 195-203
name=unknown_E
#
# <colnr> <probs for GDERKNQSTAVLIFYWHMCP>
#	G	D	E	R	K	N	Q	S	T	A	V	L	I	F	Y	W	H	M	C	P
0	0.01978	0.01712	0.01970	0.07147	0.02162	0.06777	0.01382	0.22117	0.04399	0.02953	0.10672	0.02312	0.01977	0.01089	0.01286	0.00255	0.23698	0.00747	0.04419	0.00948
1	0.00980	0.00756	0.00895	0.00860	0.01066	0.00670	0.00645	0.01264	0.01935	0.02581	0.43905	0.06196	0.32234	0.01665	0.00876	0.00240	0.00361	0.01434	0.00765	0.00670
2	0.02108	0.02278	0.02750	0.03791	0.49883	0.21792	0.02034	0.02477	0.01810	0.02249	0.01324	0.01693	0.01112	0.00691	0.00716	0.00212	0.01014	0.00608	0.00372	0.01085
3	0.01156	0.00706	0.01027	0.01038	0.01105	0.00743	0.00744	0.01107	0.01125	0.01531	0.02135	0.07135	0.06324	0.03593	0.27166	0.40536	0.01098	0.00851	0.00397	0.00483
4	0.01723	0.16179	0.44270	0.05469	0.03011	0.09280	0.05621	0.02372	0.01619	0.02165	0.01267	0.01519	0.00956	0.00697	0.00671	0.00218	0.01071	0.00537	0.00326	0.01028
5	0.01906	0.22560	0.16526	0.01574	0.02125	0.14214	0.01530	0.06261	0.01692	0.02154	0.01345	0.01643	0.01120	0.01152	0.05761	0.02415	0.06113	0.00536	0.06177	0.03196
6	0.02218	0.09084	0.19219	0.01800	0.04522	0.19571	0.01663	0.09122	0.06470	0.09073	0.01576	0.01679	0.01180	0.00757	0.00672	0.00203	0.00960	0.00560	0.00479	0.09192
7	0.01661	0.01257	0.01548	0.01225	0.01686	0.01148	0.03327	0.11595	0.04783	0.06677	0.24124	0.03261	0.06079	0.01019	0.00732	0.00191	0.00548	0.00870	0.00657	0.27612
8	0.04006	0.01455	0.01916	0.01561	0.01952	0.08906	0.14972	0.03822	0.03829	0.08498	0.20972	0.07455	0.15044	0.01237	0.00825	0.00239	0.00714	0.01110	0.00639	0.00847

[dist]
# distance from previous block
# <min> <max>
19	44

[block]
# block no. 5 follows, 27 sequences, length 51
# corresponding to MSA columns:
# 254-304
name=unknown_F
#
# <colnr> <probs for GDERKNQSTAVLIFYWHMCP>
#	G	D	E	R	K	N	Q	S	T	A	V	L	I	F	Y	W	H	M	C	P
0	0.01906	0.09799	0.18271	0.02238	0.17150	0.01780	0.01762	0.12600	0.06725	0.06534	0.06865	0.02262	0.04142	0.00849	0.00712	0.00218	0.00806	0.00701	0.00516	0.04164
1	0.09025	0.04429	0.02222	0.08880	0.23708	0.01656	0.03916	0.06063	0.13330	0.05637	0.11533	0.02500	0.02184	0.00878	0.00730	0.00230	0.00730	0.00768	0.00548	0.01033
2	0.10656	0.01176	0.01699	0.19284	0.16428	0.01262	0.01366	0.01770	0.01661	0.02493	0.18757	0.09523	0.05350	0.01105	0.00754	0.00238	0.00655	0.00967	0.04025	0.00831
3	0.01672	0.01568	0.02601	0.09931	0.30642	0.01668	0.09871	0.05201	0.04348	0.02403	0.04906	0.05058	0.01745	0.01187	0.05062	0.00303	0.07484	0.02911	0.00440	0.00999
4	0.02822	0.02079	0.02228	0.01708	0.02302	0.02302	0.01411	0.66804	0.03490	0.04679	0.01782	0.01782	0.01262	0.00891	0.00743	0.00223	0.00817	0.00668	0.00743	0.01262
5	0.01222	0.01015	0.01522	0.01928	0.16517	0.00995	0.03136	0.01554	0.04720	0.02116	0.03452	0.39104	0.06766	0.03886	0.00977	0.00294	0.00600	0.08816	0.00603	0.00777
6	0.00911	0.00649	0.00860	0.01025	0.01067	0.00607	0.00680	0.01035	0.01409	0.01878	0.04027	0.70914	0.04829	0.04949	0.01051	0.00317	0.00441	0.02073	0.00680	0.00597
7	0.02716	0.01800	0.02000	0.01583	0.02134	0.01945	0.01291	0.39615	0.17337	0.18143	0.02297	0.02157	0.01605	0.00922	0.00746	0.00231	0.00727	0.00722	0.00783	0.01243
8	0.01565	0.06034	0.43165	0.02200	0.05629	0.01705	0.12548	0.05293	0.01675	0.02394	0.01676	0.09601	0.01435	0.00876	0.00753	0.00240	0.01013	0.00778	0.00388	0.01032
9	0.01726	0.02031	0.07014	0.03088	0.06630	0.01831	0.58800	0.02344	0.01740	0.02374	0.01574	0.02196	0.01229	0.00680	0.00868	0.00252	0.01209	0.03033	0.00383	0.01002
10	0.00914	0.00662	0.00866	0.01026	0.01089	0.00614	0.00699	0.01055	0.01452	0.01915	0.04333	0.66188	0.09500	0.02283	0.00945	0.00299	0.00436	0.04426	0.00689	0.00608
11	0.04208	0.02937	0.44876	0.01971	0.05934	0.01582	0.02182	0.05656	0.01792	0.16286	0.04355	0.01934	0.01387	0.00787	0.00716	0.00232	0.00933	0.00627	0.00484	0.01118
12	0.01973	0.02031	0.02515	0.09436	0.36905	0.15070	0.01886	0.02645	0.13085	0.02357	0.01606	0.01907	0.01297	0.00769	0.00784	0.00226	0.03348	0.00656	0.00432	0.01072
13	0.01794	0.01166	0.01252	0.01096	0.01384	0.01238	0.00844	0.24029	0.02171	0.03215	0.02414	0.11859	0.02135	0.06427	0.00892	0.00247	0.00547	0.00899	0.35532	0.00859
14	0.01556	0.01344	0.01622	0.01293	0.05534	0.01033	0.00958	0.01892	0.01548	0.02419	0.01324	0.01556	0.01104	0.00556	0.00560	0.00116	0.00568	0.00452	0.00436	0.74129
15	0.02099	0.07038	0.04785	0.02524	0.23571	0.19295	0.01599	0.02589	0.08130	0.08479	0.01855	0.07757	0.01602	0.01117	0.04089	0.00267	0.00965	0.00743	0.00482	0.01014
16	0.01155	0.00992	0.01560	0.01434	0.01646	0.00978	0.11358	0.01511	0.05269	0.02138	0.07775	0.39855	0.09400	0.01825	0.00986	0.00286	0.03735	0.06740	0.00634	0.00723
17	0.01655	0.01326	0.01639	0.01414	0.07353	0.01091	0.01014	0.02104	0.05795	0.06677	0.06907	0.02021	0.01694	0.00688	0.00616	0.00145	0.00569	0.00574	0.00513	0.56205
18	0.01598	0.01814	0.06405	0.05463	0.06116	0.01685	0.43286	0.02114	0.01638	0.02253	0.01803	0.11883	0.01631	0.00916	0.00966	0.00257	0.05946	0.00990	0.00412	0.02825
19	0.02682	0.03321	0.02118	0.06688	0.02487	0.63115	0.01476	0.05770	0.02124	0.01951	0.01188	0.01402	0.00972	0.00769	0.00678	0.00196	0.01291	0.00499	0.00395	0.00876
20	0.01697	0.01516	0.02334	0.08899	0.20384	0.01365	0.09002	0.02105	0.01621	0.04844	0.01420	0.01750	0.01140	0.00620	0.00662	0.00173	0.00764	0.00582	0.00420	0.38702
21	0.01077	0.00731	0.00868	0.00868	0.00888	0.00751	0.00522	0.01117	0.01097	0.01482	0.02286	0.04564	0.02571	0.63559	0.13955	0.00791	0.00912	0.01037	0.00442	0.00482
22	0.01328	0.01148	0.01684	0.07420	0.04925	0.01164	0.09043	0.04591	0.10240	0.02425	0.11545	0.18497	0.15192	0.01485	0.00864	0.00263	0.00634	0.06099	0.00632	0.00819
23	0.01619	0.09693	0.54482	0.05025	0.03035	0.01756	0.02424	0.02356	0.01596	0.06043	0.01505	0.01897	0.01136	0.00770	0.00703	0.00233	0.01022	0.03276	0.00364	0.01064
24	0.01065	0.00778	0.01105	0.01105	0.01207	0.00880	0.00818	0.01269	0.01167	0.01658	0.02069	0.03361	0.02049	0.21232	0.55569	0.01085	0.01698	0.00861	0.00410	0.00614
25	0.03167	0.01350	0.01751	0.01349	0.01913	0.01232	0.01112	0.11812	0.02287	0.58554	0.02960	0.02612	0.04427	0.00953	0.00751	0.00230	0.00646	0.00769	0.00887	0.01238
26	0.01677	0.01689	0.05632	0.16547	0.48936	0.01653	0.02127	0.02138	0.01681	0.02371	0.07003	0.02161	0.01617	0.00750	0.00747	0.00227	0.00867	0.00713	0.00396	0.01068
27	0.01089	0.00731	0.00869	0.00869	0.00898	0.00753	0.00533	0.01149	0.01119	0.01544	0.02284	0.04444	0.02524	0.59362	0.14872	0.00775	0.00916	0.01015	0.03758	0.00496
28	0.01967	0.71765	0.06323	0.01301	0.01953	0.02893	0.01324	0.02228	0.01511	0.01769	0.01043	0.01205	0.00952	0.00638	0.00485	0.00162	0.00805	0.00403	0.00317	0.00958
29	0.79154	0.01436	0.01091	0.00976	0.01436	0.01665	0.00804	0.02182	0.01263	0.03331	0.01034	0.01206	0.00804	0.00689	0.00459	0.00230	0.00574	0.00402	0.00459	0.00804
30	0.02467	0.06381	0.02140	0.01751	0.02217	0.20018	0.01364	0.17066	0.31527	0.03157	0.02285	0.02308	0.01771	0.01008	0.00787	0.00256	0.00903	0.00733	0.00682	0.01179
31	0.06662	0.01516	0.01807	0.01402	0.01959	0.01498	0.01155	0.24561	0.02516	0.41014	0.02711	0.02472	0.05349	0.00952	0.00739	0.00229	0.00677	0.00750	0.00825	0.01205
32	0.01676	0.01846	0.03806	0.02795	0.03384	0.01856	0.51587	0.02204	0.01615	0.02237	0.01465	0.02023	0.01165	0.01136	0.06945	0.00340	0.11769	0.00836	0.00370	0.00945
33	0.01177	0.00926	0.01111	0.03218	0.01379	0.00877	0.00803	0.03883	0.06755	0.02626	0.31924	0.09888	0.20785	0.01517	0.00842	0.00238	0.00445	0.03676	0.00718	0.07212
34	0.54905	0.04975	0.09689	0.01221	0.01750	0.07472	0.01122	0.03811	0.01471	0.03036	0.03993	0.01459	0.01115	0.00735	0.00532	0.00224	0.00707	0.00473	0.00451	0.00857
35	0.04164	0.01068	0.01127	0.01103	0.01325	0.06651	0.00850	0.01683	0.04632	0.04999	0.31607	0.12926	0.13162	0.01591	0.00862	0.00255	0.00519	0.10021	0.00720	0.00735
36	0.01808	0.01701	0.07696	0.01649	0.05045	0.01379	0.07617	0.07751	0.04751	0.06834	0.01545	0.01741	0.01200	0.00678	0.00716	0.00171	0.03566	0.00566	0.00486	0.43100
37	0.01585	0.01189	0.01343	0.01196	0.01526	0.01246	0.00928	0.07820	0.25118	0.06968	0.27527	0.04318	0.13563	0.01305	0.00815	0.00241	0.00492	0.01108	0.00777	0.00935
38	0.01641	0.01564	0.02659	0.34967	0.40400	0.01712	0.02181	0.02107	0.01598	0.02187	0.01362	0.01901	0.01092	0.00698	0.00738	0.00233	0.00930	0.00661	0.00351	0.01018
39	0.01807	0.01621	0.02458	0.17489	0.28780	0.01753	0.04764	0.09657	0.13378	0.02668	0.01897	0.02510	0.01561	0.00864	0.00769	0.00242	0.00848	0.05372	0.00493	0.01068
40	0.01001	0.00766	0.00969	0.00969	0.01117	0.00785	0.00712	0.01190	0.01343	0.01766	0.03954	0.04736	0.25062	0.17254	0.34169	0.00780	0.01194	0.01114	0.00508	0.00610
41	0.10548	0.01801	0.02386	0.23651	0.30821	0.10622	0.01883	0.02308	0.01656	0.05523	0.01374	0.01777	0.01083	0.00714	0.00698	0.00226	0.00926	0.00612	0.00395	0.00994
42	0.00922	0.00754	0.00814	0.00799	0.01030	0.00646	0.00599	0.01151	0.01797	0.02254	0.23223	0.06735	0.53121	0.01787	0.00877	0.00246	0.00369	0.01509	0.00722	0.00646
43	0.01078	0.00727	0.00849	0.00849	0.00862	0.00741	0.00499	0.01105	0.01091	0.01468	0.02303	0.04659	0.02613	0.66914	0.10657	0.00768	0.00850	0.01050	0.00444	0.00472
44	0.01020	0.00757	0.00973	0.01089	0.01236	0.00710	0.00853	0.01259	0.01644	0.02129	0.10023	0.28967	0.18942	0.02059	0.00955	0.00300	0.00507	0.25233	0.00697	0.00646
45	0.01930	0.01589	0.01535	0.01337	0.01732	0.08382	0.01051	0.13311	0.25724	0.03054	0.02366	0.02578	0.01856	0.00929	0.00678	0.00212	0.00640	0.03244	0.19821	0.08030
46	0.01288	0.00891	0.01201	0.01286	0.01510	0.00845	0.01093	0.01601	0.01690	0.05443	0.03851	0.12852	0.07048	0.01886	0.00959	0.00309	0.00634	0.47758	0.00675	0.07182
47	0.01012	0.00683	0.00891	0.01023	0.01107	0.00627	0.00697	0.01153	0.01476	0.04966	0.04325	0.64706	0.10110	0.02225	0.00933	0.00294	0.00435	0.02004	0.00699	0.00635
48	0.01720	0.01549	0.04341	0.01511	0.07509	0.01263	0.01138	0.09438	0.04156	0.02701	0.01440	0.01637	0.01160	0.00620	0.00601	0.00142	0.00630	0.00503	0.00475	0.57465
49	0.01725	0.11319	0.26752	0.02332	0.16619	0.01755	0.04272	0.02423	0.07832	0.05234	0.01658	0.04811	0.01345	0.00777	0.00692	0.00216	0.00873	0.00658	0.00423	0.08284
50	0.05489	0.11547	0.18753	0.04166	0.12196	0.05490	0.01670	0.05094	0.01681	0.04920	0.01586	0.07570	0.01380	0.00817	0.00663	0.00203	0.00827	0.00662	0.00429	0.14856

[dist]
# distance from previous block
# <min> <max>
0	3

[block]
# block no. 6 follows, 27 sequences, length 34
# corresponding to MSA columns:
# 308-328,337-349
name=unknown_G
#
# <colnr> <probs for GDERKNQSTAVLIFYWHMCP>
#	G	D	E	R	K	N	Q	S	T	A	V	L	I	F	Y	W	H	M	C	P
0	0.01459	0.01376	0.02376	0.58975	0.09719	0.01634	0.06653	0.01953	0.01522	0.02009	0.01386	0.02004	0.01053	0.00733	0.00742	0.00242	0.00973	0.00677	0.03657	0.00858
1	0.02392	0.15758	0.06134	0.03392	0.02221	0.25828	0.01419	0.11800	0.06877	0.08981	0.01758	0.02174	0.01439	0.00888	0.00690	0.00214	0.00968	0.05553	0.00519	0.00995
2	0.01062	0.00788	0.01158	0.01158	0.01278	0.00909	0.00884	0.01303	0.01183	0.01697	0.02021	0.03094	0.01933	0.11816	0.64826	0.01150	0.01872	0.00821	0.00402	0.00643
3	0.01539	0.01319	0.01539	0.01100	0.01759	0.00990	0.00880	0.01869	0.01539	0.02419	0.01319	0.01539	0.01100	0.00550	0.00550	0.00110	0.00550	0.00440	0.00440	0.78449
4	0.00944	0.00689	0.00897	0.01049	0.01135	0.00642	0.00748	0.01111	0.01495	0.01955	0.04468	0.56243	0.12284	0.02234	0.00951	0.00301	0.00461	0.11087	0.00688	0.00617
5	0.01657	0.01765	0.06077	0.02742	0.20246	0.01801	0.15497	0.02129	0.04374	0.02262	0.04026	0.02140	0.03765	0.00920	0.01249	0.00252	0.21447	0.00747	0.00404	0.06497
6	0.01030	0.00776	0.00899	0.00864	0.01076	0.00705	0.00649	0.01370	0.03846	0.02593	0.38769	0.05887	0.30344	0.01597	0.00848	0.00236	0.00367	0.01369	0.06087	0.00685
7	0.01506	0.00881	0.00982	0.00916	0.01159	0.00874	0.00706	0.05076	0.06174	0.07659	0.14059	0.05535	0.09188	0.01155	0.00681	0.00210	0.00421	0.02787	0.39243	0.00786
8	0.01051	0.00759	0.00992	0.00934	0.01109	0.00700	0.00700	0.01401	0.02101	0.02977	0.68888	0.05545	0.07005	0.01518	0.00876	0.00233	0.00350	0.01343	0.00817	0.00700
9	0.01122	0.00896	0.01093	0.01121	0.01268	0.00935	0.00816	0.01609	0.12214	0.02248	0.13229	0.38534	0.13318	0.01869	0.01000	0.00279	0.05407	0.01624	0.00693	0.00726
10	0.14150	0.01426	0.01673	0.01329	0.01856	0.01419	0.01088	0.14306	0.06997	0.40061	0.06208	0.02392	0.01910	0.00921	0.00712	0.00230	0.00636	0.00723	0.00803	0.01157
11	0.02120	0.01842	0.01946	0.01738	0.04479	0.09108	0.03498	0.14965	0.35135	0.05934	0.02455	0.06290	0.01941	0.01018	0.00831	0.00244	0.03854	0.00824	0.00672	0.01108
12	0.03331	0.01263	0.01723	0.01321	0.01895	0.01091	0.01091	0.03618	0.02125	0.69794	0.02929	0.02527	0.01838	0.00919	0.00747	0.00230	0.00632	0.00747	0.00919	0.01263
13	0.01911	0.01909	0.02783	0.07593	0.54228	0.08815	0.02101	0.02449	0.06516	0.02385	0.01485	0.01861	0.01223	0.00701	0.00730	0.00221	0.00913	0.00656	0.00395	0.01125
14	0.00974	0.00756	0.00886	0.00854	0.01062	0.00668	0.00640	0.01253	0.01921	0.02548	0.41782	0.06252	0.34378	0.01678	0.00876	0.00241	0.00362	0.01442	0.00761	0.00668
15	0.01519	0.01804	0.12163	0.12375	0.07794	0.01541	0.20965	0.05570	0.01673	0.02280	0.02178	0.11029	0.05826	0.03494	0.04000	0.00308	0.03174	0.00960	0.00439	0.00907
16	0.01667	0.26178	0.43970	0.01923	0.02847	0.02123	0.07133	0.02312	0.01563	0.02160	0.01249	0.01480	0.00958	0.00677	0.00645	0.00212	0.01012	0.00525	0.00319	0.01044
17	0.01017	0.00705	0.00868	0.00910	0.00964	0.00678	0.00584	0.01139	0.01424	0.01939	0.18191	0.26961	0.04396	0.34366	0.02205	0.00474	0.00542	0.01470	0.00611	0.00556
18	0.00897	0.00753	0.00780	0.00773	0.01015	0.00635	0.00580	0.01104	0.01739	0.02117	0.14588	0.06960	0.61840	0.01838	0.00877	0.00249	0.00373	0.01541	0.00704	0.00635
19	0.79154	0.01436	0.01091	0.00976	0.01436	0.01665	0.00804	0.02182	0.01263	0.03331	0.01034	0.01206	0.00804	0.00689	0.00459	0.00230	0.00574	0.00402	0.00459	0.00804
20	0.00954	0.00673	0.00873	0.00995	0.01035	0.00651	0.00653	0.01064	0.01330	0.01782	0.03559	0.53384	0.04210	0.18400	0.06400	0.00456	0.00602	0.01792	0.00616	0.00573
21	0.01011	0.00815	0.00907	0.00874	0.01109	0.00742	0.00658	0.01396	0.06608	0.02442	0.29803	0.06241	0.41350	0.01684	0.00868	0.00244	0.00382	0.01432	0.00741	0.00693
22	0.01277	0.00686	0.00731	0.00761	0.00899	0.00678	0.00544	0.01559	0.01498	0.02517	0.02712	0.15467	0.02494	0.06410	0.00831	0.00235	0.00388	0.00972	0.58682	0.00659
23	0.01109	0.00759	0.01120	0.01120	0.01216	0.00855	0.00837	0.01235	0.01139	0.01615	0.01869	0.02915	0.01798	0.09663	0.52358	0.17018	0.01625	0.00784	0.00386	0.00578
24	0.01764	0.01689	0.02881	0.15921	0.58488	0.01745	0.02242	0.02214	0.01656	0.02336	0.01383	0.01861	0.01145	0.00675	0.00736	0.00225	0.00900	0.00661	0.00361	0.01117
25	0.01463	0.00889	0.01152	0.01095	0.01311	0.00963	0.00853	0.01921	0.07517	0.09308	0.02304	0.02820	0.01905	0.03336	0.37308	0.00718	0.01255	0.00765	0.22336	0.00781
26	0.02362	0.01539	0.01740	0.01446	0.01905	0.01642	0.01159	0.23089	0.22241	0.18401	0.02762	0.03016	0.04187	0.06314	0.00987	0.00277	0.00677	0.04372	0.00760	0.01124
27	0.01764	0.01711	0.03717	0.01348	0.01693	0.14374	0.01063	0.15573	0.07777	0.02681	0.07911	0.16980	0.17571	0.01410	0.00807	0.00242	0.00701	0.01166	0.00644	0.00867
28	0.01675	0.02665	0.36607	0.02129	0.02945	0.01546	0.18408	0.02330	0.01701	0.09377	0.06620	0.07017	0.01793	0.00878	0.00782	0.00243	0.00988	0.00817	0.00454	0.01027
29	0.01739	0.01838	0.02004	0.06402	0.02084	0.16345	0.01455	0.01939	0.01369	0.01775	0.01250	0.01928	0.01183	0.04959	0.12626	0.00443	0.38868	0.00656	0.00354	0.00784
30	0.09421	0.01423	0.01625	0.01325	0.05100	0.01238	0.00996	0.06736	0.05393	0.02713	0.01424	0.01607	0.01151	0.00620	0.00575	0.00144	0.00590	0.00486	0.00478	0.56955
31	0.05778	0.35022	0.17167	0.01667	0.04352	0.08380	0.03807	0.02371	0.01631	0.06669	0.01453	0.01897	0.01235	0.00777	0.00617	0.00203	0.00896	0.04697	0.00398	0.00980
32	0.01506	0.01214	0.01789	0.01519	0.01779	0.01316	0.08182	0.03653	0.01657	0.07543	0.13739	0.08837	0.09698	0.01663	0.06068	0.00331	0.18158	0.05604	0.00573	0.05172
33	0.04495	0.01874	0.04353	0.06566	0.12209	0.12252	0.01404	0.04823	0.09797	0.07122	0.03572	0.01916	0.01431	0.00768	0.00728	0.00197	0.03145	0.00607	0.00498	0.22243

[dist]
# distance from previous block
# <min> <max>
0	3

[block]
# block no. 7 follows, 27 sequences, length 19
# corresponding to MSA columns:
# 358-376
name=unknown_H
#
# <colnr> <probs for GDERKNQSTAVLIFYWHMCP>
#	G	D	E	R	K	N	Q	S	T	A	V	L	I	F	Y	W	H	M	C	P
0	0.01325	0.01184	0.01737	0.04789	0.19387	0.03375	0.03688	0.01586	0.01530	0.02084	0.02807	0.39908	0.03136	0.01562	0.00884	0.00260	0.02569	0.01419	0.00542	0.06229
1	0.06954	0.15953	0.20048	0.07216	0.20453	0.01943	0.04360	0.06002	0.01685	0.02423	0.01459	0.01740	0.02737	0.00714	0.00664	0.00213	0.00893	0.00589	0.00381	0.03573
2	0.06823	0.25254	0.09347	0.01651	0.04381	0.07195	0.01472	0.27159	0.02313	0.03080	0.01381	0.01501	0.01075	0.00751	0.00625	0.00198	0.00852	0.00533	0.00500	0.03908
3	0.00972	0.00740	0.00894	0.00889	0.01069	0.00662	0.00654	0.01236	0.01865	0.02496	0.39041	0.16178	0.27092	0.01757	0.00887	0.00249	0.00371	0.01531	0.00756	0.00662
4	0.01912	0.10387	0.06668	0.15315	0.11950	0.06830	0.08993	0.10046	0.10990	0.02512	0.01572	0.01865	0.01228	0.00797	0.00834	0.00232	0.05738	0.00660	0.00448	0.01024
5	0.01837	0.06178	0.05359	0.09814	0.14256	0.08795	0.06275	0.05904	0.01602	0.02182	0.01259	0.01722	0.01070	0.00925	0.01319	0.00255	0.26368	0.00635	0.03308	0.00937
6	0.01062	0.00790	0.01166	0.01166	0.01290	0.00913	0.00895	0.01308	0.01185	0.01704	0.02013	0.03052	0.01915	0.10342	0.66275	0.01160	0.01900	0.00815	0.00401	0.00648
7	0.57121	0.01386	0.01275	0.01076	0.01569	0.01499	0.00887	0.02599	0.01514	0.22644	0.01584	0.01590	0.01104	0.00756	0.00543	0.00230	0.00591	0.00502	0.00593	0.00937
8	0.00904	0.00646	0.00861	0.01034	0.01077	0.00603	0.00689	0.01034	0.01421	0.01895	0.04092	0.73426	0.04910	0.02326	0.00948	0.00301	0.00431	0.02110	0.00689	0.00603
9	0.01111	0.00824	0.01158	0.01139	0.01238	0.00955	0.00855	0.01319	0.01182	0.01712	0.02018	0.03230	0.01978	0.19043	0.50353	0.01004	0.05804	0.00840	0.03608	0.00629
10	0.00992	0.00778	0.00903	0.00966	0.01168	0.00704	0.00767	0.01217	0.01653	0.02040	0.05935	0.10474	0.41729	0.05744	0.01081	0.00307	0.00496	0.21737	0.00675	0.00635
11	0.02438	0.01511	0.01721	0.01438	0.01920	0.01610	0.01149	0.12199	0.34873	0.24915	0.02797	0.02558	0.01975	0.00956	0.00740	0.00237	0.00622	0.00779	0.04367	0.01193
12	0.01538	0.10769	0.63561	0.02033	0.03085	0.01843	0.02598	0.02338	0.01562	0.02292	0.01303	0.01530	0.00942	0.00698	0.00683	0.00228	0.01067	0.00534	0.00314	0.01083
13	0.01884	0.60090	0.17278	0.01441	0.02170	0.02692	0.01568	0.02249	0.01520	0.01869	0.01093	0.01267	0.00950	0.00649	0.00523	0.00174	0.00855	0.00428	0.00317	0.00982
14	0.02153	0.50906	0.03262	0.01442	0.01998	0.18481	0.01299	0.02563	0.08173	0.01896	0.01254	0.01380	0.01083	0.00702	0.00548	0.00175	0.00899	0.00459	0.00376	0.00953
15	0.61392	0.18220	0.01735	0.01044	0.01544	0.01958	0.00911	0.02192	0.01320	0.02966	0.01033	0.01202	0.00838	0.00677	0.00463	0.00213	0.00625	0.00401	0.00427	0.00838
16	0.01670	0.16415	0.54724	0.01924	0.02912	0.01911	0.02395	0.02391	0.01585	0.05616	0.01358	0.01548	0.00987	0.00703	0.00666	0.00221	0.01019	0.00531	0.00344	0.01079
17	0.01071	0.00816	0.01016	0.00994	0.01217	0.00728	0.00769	0.01362	0.01827	0.02487	0.32354	0.13042	0.18475	0.01668	0.00876	0.00250	0.00438	0.11578	0.00719	0.08312
18	0.01887	0.60456	0.16935	0.01437	0.02163	0.02698	0.01561	0.02248	0.01520	0.01866	0.01091	0.01265	0.00950	0.00649	0.00521	0.00174	0.00854	0.00427	0.00317	0.00981

[dist]
# distance from previous block
# <min> <max>
0	1

[block]
# block no. 8 follows, 27 sequences, length 29
# corresponding to MSA columns:
# 378-406
name=unknown_I
#
# <colnr> <probs for GDERKNQSTAVLIFYWHMCP>
#	G	D	E	R	K	N	Q	S	T	A	V	L	I	F	Y	W	H	M	C	P
0	0.02138	0.58683	0.08564	0.01341	0.02002	0.02584	0.01356	0.02430	0.01600	0.11442	0.01324	0.01409	0.01077	0.00681	0.00532	0.00175	0.00794	0.00458	0.00403	0.01008
1	0.01064	0.00713	0.00814	0.00830	0.00833	0.00709	0.00471	0.01075	0.01110	0.01480	0.02495	0.10971	0.02896	0.67529	0.03526	0.00682	0.00694	0.01171	0.00471	0.00463
2	0.01640	0.01379	0.01593	0.01147	0.01802	0.01092	0.00921	0.06957	0.01692	0.02596	0.01356	0.01558	0.01112	0.00577	0.00565	0.00119	0.00571	0.00458	0.00464	0.72400
3	0.01633	0.00913	0.01019	0.00863	0.01204	0.00811	0.00672	0.01968	0.01613	0.09877	0.02195	0.02429	0.01691	0.00790	0.00551	0.00163	0.00429	0.00634	0.49968	0.20577
4	0.00904	0.00646	0.00861	0.01034	0.01077	0.00603	0.00689	0.01034	0.01421	0.01895	0.04092	0.73426	0.04910	0.02326	0.00948	0.00301	0.00431	0.02110	0.00689	0.00603
5	0.01985	0.74357	0.03890	0.01270	0.01905	0.02937	0.01270	0.02223	0.01508	0.01747	0.01032	0.01191	0.00953	0.00635	0.00476	0.00159	0.00794	0.00397	0.00318	0.00953
6	0.01730	0.03964	0.01627	0.04367	0.01874	0.14267	0.01018	0.02017	0.01715	0.04889	0.09072	0.09647	0.02147	0.00912	0.00664	0.00172	0.00695	0.00745	0.00507	0.37972
7	0.06863	0.04882	0.02440	0.32275	0.19255	0.10746	0.04907	0.02230	0.03343	0.02177	0.01367	0.01820	0.01080	0.00723	0.00702	0.00227	0.00959	0.00624	0.02451	0.00930
8	0.01489	0.03840	0.70064	0.02116	0.03213	0.01724	0.02743	0.02351	0.01567	0.02351	0.01332	0.01567	0.00940	0.00705	0.00705	0.00235	0.01097	0.00549	0.00313	0.01097
9	0.01639	0.01433	0.01860	0.01488	0.01995	0.01391	0.08838	0.05595	0.23429	0.02766	0.08091	0.02911	0.05128	0.00935	0.00729	0.00206	0.00640	0.03685	0.00604	0.26637
10	0.01124	0.00738	0.00834	0.00823	0.01009	0.00687	0.00618	0.01415	0.01756	0.02559	0.25575	0.05144	0.20865	0.04532	0.00891	0.00244	0.00387	0.04059	0.26076	0.00667
11	0.14912	0.01789	0.01932	0.01503	0.02072	0.01921	0.01242	0.42004	0.02824	0.19579	0.01931	0.01865	0.01324	0.00866	0.00699	0.00225	0.00736	0.00645	0.00739	0.01191
12	0.01837	0.01764	0.03013	0.04557	0.69279	0.01764	0.02278	0.02278	0.01690	0.02425	0.01396	0.01837	0.01176	0.00661	0.00735	0.00220	0.00882	0.00661	0.00367	0.01176
13	0.01078	0.00726	0.00840	0.00840	0.00851	0.00736	0.00488	0.01099	0.01089	0.01462	0.02311	0.04704	0.02632	0.68474	0.09123	0.00757	0.00821	0.01057	0.00446	0.00467
14	0.43657	0.05244	0.15006	0.04467	0.03956	0.01688	0.06509	0.02192	0.01414	0.02868	0.01245	0.01495	0.00955	0.00698	0.00565	0.00226	0.00751	0.00506	0.05670	0.00887
15	0.01066	0.00714	0.00814	0.00827	0.00831	0.00711	0.00469	0.01076	0.01106	0.01475	0.02476	0.10231	0.02872	0.68301	0.03557	0.00687	0.00697	0.01160	0.00469	0.00462
16	0.02386	0.01903	0.01965	0.04808	0.05027	0.09864	0.01336	0.21536	0.25490	0.11579	0.02231	0.02171	0.01628	0.00892	0.00731	0.00227	0.00774	0.00707	0.00682	0.04061
17	0.01568	0.01278	0.01639	0.01444	0.01650	0.01536	0.02761	0.04562	0.14650	0.04440	0.02405	0.02819	0.07010	0.04922	0.12772	0.00435	0.22511	0.00817	0.09930	0.00851
18	0.00904	0.00646	0.00861	0.01034	0.01077	0.00603	0.00689	0.01034	0.01421	0.01895	0.04092	0.73426	0.04910	0.02326	0.00948	0.00301	0.00431	0.02110	0.00689	0.00603
19	0.27528	0.01334	0.01440	0.01202	0.01680	0.01377	0.00974	0.03044	0.13192	0.31350	0.05097	0.02276	0.01797	0.00883	0.00652	0.00232	0.00583	0.00674	0.03633	0.01054
20	0.00939	0.00675	0.00897	0.01063	0.01129	0.00634	0.00745	0.01096	0.01467	0.01939	0.04209	0.62932	0.07393	0.02275	0.00954	0.00304	0.00459	0.09587	0.00688	0.00614
21	0.01988	0.04713	0.01559	0.01281	0.03804	0.01165	0.00985	0.07413	0.04199	0.23415	0.28103	0.03936	0.09905	0.01224	0.00840	0.00232	0.02483	0.01023	0.00776	0.00957
22	0.01553	0.11684	0.50362	0.02150	0.08150	0.01841	0.02379	0.02239	0.01543	0.02237	0.01421	0.05073	0.01157	0.00801	0.00775	0.00232	0.04397	0.00621	0.00337	0.01049
23	0.01348	0.01121	0.01723	0.33563	0.06416	0.01273	0.01543	0.04393	0.01628	0.02154	0.02503	0.15281	0.02522	0.01342	0.00840	0.00275	0.00784	0.17162	0.03344	0.00783
24	0.07746	0.01501	0.02400	0.22807	0.26341	0.01579	0.07111	0.02174	0.03833	0.05522	0.01965	0.02315	0.06547	0.00800	0.00731	0.00230	0.00843	0.00731	0.00432	0.04391
25	0.05149	0.07242	0.04832	0.01522	0.07585	0.04317	0.01160	0.04147	0.04304	0.12964	0.02227	0.05208	0.06795	0.00854	0.00655	0.00184	0.00660	0.00691	0.00543	0.28961
26	0.05802	0.01774	0.05338	0.01964	0.12356	0.04794	0.03264	0.23914	0.02298	0.08393	0.04821	0.09201	0.01864	0.00969	0.00730	0.00221	0.00753	0.00809	0.03513	0.07221
27	0.02032	0.28290	0.08455	0.01454	0.02063	0.05363	0.04378	0.10035	0.01868	0.09154	0.01971	0.04945	0.05886	0.00851	0.00640	0.00192	0.00781	0.00661	0.00491	0.10489
28	0.01626	0.01524	0.04421	0.14172	0.09079	0.04806	0.05300	0.11937	0.01967	0.02638	0.13487	0.04875	0.07622	0.01385	0.06356	0.00303	0.00866	0.00884	0.00536	0.06215

[dist]
# distance from previous block
# <min> <max>
22	80

[block]
# block no. 9 follows, 27 sequences, length 24
# corresponding to MSA columns:
# 488-511
name=unknown_J
#
# <colnr> <probs for GDERKNQSTAVLIFYWHMCP>
#	G	D	E	R	K	N	Q	S	T	A	V	L	I	F	Y	W	H	M	C	P
0	0.02098	0.05287	0.11669	0.09021	0.11074	0.15486	0.09916	0.04983	0.01800	0.10060	0.01621	0.01889	0.02694	0.00822	0.00905	0.00233	0.08344	0.00656	0.00440	0.01002
1	0.06207	0.10117	0.13358	0.01482	0.01956	0.03930	0.09052	0.01842	0.01754	0.02458	0.23633	0.06205	0.07941	0.02845	0.00844	0.00245	0.00715	0.04029	0.00555	0.00830
2	0.16698	0.11280	0.05125	0.11572	0.11600	0.01776	0.05269	0.08055	0.01788	0.15380	0.01675	0.03847	0.01279	0.00791	0.00666	0.00224	0.00791	0.00644	0.00518	0.01022
3	0.01842	0.18176	0.31552	0.01980	0.05040	0.12908	0.06437	0.04798	0.01721	0.02204	0.01442	0.05949	0.01225	0.00800	0.00681	0.00216	0.01023	0.00633	0.00371	0.01001
4	0.01865	0.33933	0.02639	0.10286	0.02186	0.11062	0.01265	0.02120	0.01549	0.05742	0.01540	0.05246	0.01412	0.05009	0.10863	0.00361	0.01031	0.00633	0.00398	0.00860
5	0.11063	0.01974	0.26431	0.01510	0.02022	0.01201	0.04171	0.01718	0.01469	0.02264	0.02585	0.34969	0.02777	0.01454	0.00794	0.00266	0.00727	0.01270	0.00509	0.00826
6	0.01949	0.11147	0.08396	0.02515	0.21518	0.01616	0.11029	0.02354	0.01731	0.15044	0.04094	0.09674	0.03771	0.00941	0.00752	0.00230	0.00817	0.00863	0.00518	0.01041
7	0.01631	0.01421	0.02439	0.32307	0.23181	0.01532	0.07512	0.02061	0.01605	0.06780	0.01820	0.11025	0.01611	0.00921	0.00778	0.00245	0.00885	0.00869	0.00431	0.00946
8	0.10997	0.00893	0.01091	0.01204	0.01408	0.00901	0.01012	0.01506	0.01620	0.02300	0.04037	0.14252	0.12123	0.01886	0.00927	0.00312	0.00604	0.41589	0.00657	0.00683
9	0.01555	0.01685	0.09498	0.05178	0.18039	0.06082	0.08628	0.01915	0.01602	0.04672	0.02544	0.13902	0.07296	0.10362	0.01183	0.00307	0.00836	0.03363	0.00480	0.00874
10	0.25519	0.07121	0.02016	0.01514	0.01976	0.12426	0.09335	0.11642	0.01962	0.02988	0.14410	0.02254	0.02152	0.00880	0.00668	0.00221	0.00787	0.00695	0.00538	0.00896
11	0.01820	0.08061	0.02611	0.01972	0.02175	0.02297	0.07789	0.10115	0.01526	0.02206	0.01132	0.01643	0.01024	0.01125	0.01901	0.00290	0.50379	0.00652	0.00382	0.00900
12	0.11493	0.13507	0.01787	0.01309	0.01683	0.08888	0.01070	0.02482	0.20652	0.02445	0.02909	0.09485	0.08939	0.01217	0.00727	0.00243	0.00676	0.09014	0.00585	0.00890
