[name]
unknown

[dist]
# distance from previous block
# <min> <max>
0	22

[block]
# block no. 0 follows, 33 sequences, length 76
# corresponding to MSA columns:
# 22-97
name=unknown_A
#
# <colnr> <probs for GDERKNQSTAVLIFYWHMCP>
#	G	D	E	R	K	N	Q	S	T	A	V	L	I	F	Y	W	H	M	C	P
0	0.01141	0.00773	0.01081	0.01211	0.01377	0.00767	0.01057	0.01442	0.01531	0.04975	0.03448	0.07207	0.03698	0.01776	0.00899	0.00299	0.00604	0.65472	0.00615	0.00628
1	0.05918	0.01473	0.01693	0.01326	0.01823	0.01531	0.01088	0.32222	0.10588	0.32174	0.02098	0.01932	0.01416	0.00805	0.00651	0.00203	0.00624	0.00629	0.00713	0.01094
2	0.52010	0.01280	0.01217	0.01011	0.01458	0.01381	0.00834	0.08367	0.01514	0.23199	0.01457	0.01450	0.01012	0.00685	0.00503	0.00203	0.00543	0.00465	0.00546	0.00866
3	0.00957	0.00638	0.00718	0.00718	0.00718	0.00638	0.00399	0.00957	0.00957	0.01276	0.02074	0.04308	0.02393	0.76864	0.03351	0.00638	0.00638	0.00957	0.00399	0.00399
4	0.01696	0.01443	0.01522	0.01352	0.01734	0.01665	0.01056	0.08065	0.66905	0.02849	0.02605	0.02397	0.01949	0.00886	0.00669	0.00222	0.00535	0.00734	0.00669	0.01047
5	0.01357	0.09557	0.67622	0.01814	0.02753	0.01619	0.02324	0.02075	0.01386	0.02040	0.01159	0.01362	0.00835	0.00620	0.00609	0.00203	0.00951	0.00475	0.00278	0.00962
6	0.09221	0.01799	0.01705	0.01405	0.01855	0.12157	0.01126	0.31223	0.19646	0.10422	0.01819	0.01765	0.01319	0.00787	0.00630	0.00201	0.00705	0.00593	0.00610	0.01014
7	0.12735	0.01083	0.01374	0.01089	0.01540	0.00989	0.00891	0.02796	0.01784	0.55287	0.11235	0.02430	0.02093	0.00856	0.00644	0.00204	0.00522	0.00690	0.00751	0.01005
8	0.00819	0.00580	0.00759	0.00895	0.00929	0.00546	0.00588	0.00921	0.01227	0.01636	0.03457	0.68480	0.04138	0.10312	0.01117	0.00308	0.00410	0.01771	0.00588	0.00520
9	0.01069	0.00837	0.01162	0.01031	0.01261	0.00779	0.07081	0.05403	0.01704	0.04028	0.29877	0.17671	0.22649	0.01441	0.00779	0.00223	0.00435	0.01279	0.00636	0.00655
10	0.01606	0.01541	0.02630	0.08318	0.68661	0.01558	0.02009	0.02000	0.01488	0.02123	0.01234	0.01637	0.01033	0.00591	0.00652	0.00197	0.00788	0.00586	0.00324	0.01024
11	0.01558	0.01491	0.02543	0.17212	0.60144	0.01545	0.01985	0.01958	0.01465	0.02064	0.01226	0.01653	0.01012	0.00600	0.00653	0.00200	0.00800	0.00586	0.00320	0.00985
12	0.00802	0.00573	0.00764	0.00917	0.00955	0.00535	0.00611	0.00917	0.01260	0.01681	0.03628	0.76434	0.04354	0.02062	0.00840	0.00267	0.00382	0.01872	0.00611	0.00535
13	0.15094	0.07103	0.05408	0.01266	0.01672	0.04176	0.05174	0.06093	0.06065	0.17413	0.03791	0.08307	0.01944	0.03377	0.00739	0.00232	0.00639	0.10114	0.00552	0.00840
14	0.01572	0.45709	0.33356	0.01447	0.02185	0.02145	0.01684	0.02020	0.01360	0.01778	0.01029	0.01199	0.00840	0.00590	0.00509	0.00170	0.00819	0.00409	0.00280	0.00900
15	0.00802	0.00573	0.00764	0.00917	0.00955	0.00535	0.00611	0.00917	0.01260	0.01681	0.03628	0.76434	0.04354	0.02062	0.00840	0.00267	0.00382	0.01872	0.00611	0.00535
16	0.02459	0.03138	0.01866	0.01696	0.02035	0.74221	0.01272	0.02629	0.01866	0.01611	0.01018	0.01187	0.00848	0.00678	0.00594	0.00170	0.01187	0.00424	0.00339	0.00763
17	0.01914	0.01851	0.08364	0.01400	0.01955	0.10265	0.03352	0.22123	0.08393	0.05301	0.01468	0.01553	0.01108	0.00663	0.00595	0.00165	0.00712	0.00517	0.00491	0.27810
18	0.02468	0.01827	0.01956	0.01508	0.02029	0.02026	0.01243	0.67918	0.05795	0.04094	0.01624	0.01615	0.01155	0.00794	0.00659	0.00199	0.00716	0.00599	0.00659	0.01117
19	0.01750	0.01760	0.03507	0.02524	0.03163	0.01693	0.57338	0.12349	0.01796	0.05213	0.01419	0.01765	0.01042	0.00600	0.00755	0.00218	0.01031	0.00745	0.00400	0.00932
20	0.01554	0.01776	0.03885	0.02775	0.03441	0.01665	0.70366	0.02109	0.01554	0.02109	0.01332	0.01776	0.00999	0.00555	0.00777	0.00222	0.01110	0.00777	0.00333	0.00888
21	0.02503	0.01844	0.01976	0.01515	0.02042	0.02042	0.01251	0.70562	0.03095	0.04149	0.01581	0.01581	0.01120	0.00790	0.00659	0.00198	0.00724	0.00593	0.00659	0.01120
22	0.00778	0.00667	0.00667	0.00667	0.00889	0.00556	0.00500	0.00945	0.01501	0.01778	0.06669	0.06336	0.72490	0.01667	0.00778	0.00222	0.00333	0.01389	0.00611	0.00556
23	0.01554	0.01776	0.03885	0.02775	0.03441	0.01665	0.70366	0.02109	0.01554	0.02109	0.01332	0.01776	0.00999	0.00555	0.00777	0.00222	0.01110	0.00777	0.00333	0.00888
24	0.01637	0.01414	0.01489	0.01340	0.01712	0.01637	0.01042	0.03498	0.71568	0.02754	0.02679	0.02456	0.02010	0.00893	0.00670	0.00223	0.00521	0.00744	0.00670	0.01042
25	0.00802	0.00573	0.00764	0.00917	0.00955	0.00535	0.00611	0.00917	0.01260	0.01681	0.03628	0.76434	0.04354	0.02062	0.00840	0.00267	0.00382	0.01872	0.00611	0.00535
26	0.02503	0.01844	0.01976	0.01515	0.02042	0.02042	0.01251	0.70562	0.03095	0.04149	0.01581	0.01581	0.01120	0.00790	0.00659	0.00198	0.00724	0.00593	0.00659	0.01120
27	0.00807	0.00579	0.00758	0.00899	0.00943	0.00540	0.00598	0.00919	0.01258	0.01668	0.03687	0.70814	0.06960	0.05013	0.00937	0.00280	0.00390	0.01816	0.00603	0.00530
28	0.01144	0.00572	0.00858	0.00858	0.00858	0.00572	0.00572	0.00858	0.00858	0.01144	0.01144	0.02001	0.01144	0.02287	0.02573	0.80846	0.00572	0.00572	0.00286	0.00286
29	0.00802	0.00573	0.00764	0.00917	0.00955	0.00535	0.00611	0.00917	0.01260	0.01681	0.03628	0.76434	0.04354	0.02062	0.00840	0.00267	0.00382	0.01872	0.00611	0.00535
30	0.00778	0.00667	0.00667	0.00667	0.00889	0.00556	0.00500	0.00945	0.01501	0.01778	0.06669	0.06336	0.72490	0.01667	0.00778	0.00222	0.00333	0.01389	0.00611	0.00556
31	0.01440	0.01440	0.02016	0.01728	0.01728	0.02016	0.01440	0.01584	0.01008	0.01584	0.00864	0.01440	0.00864	0.01152	0.02160	0.00288	0.75659	0.00576	0.00288	0.00720
32	0.01440	0.01440	0.02016	0.01728	0.01728	0.02016	0.01440	0.01584	0.01008	0.01584	0.00864	0.01440	0.00864	0.01152	0.02160	0.00288	0.75659	0.00576	0.00288	0.00720
33	0.01243	0.01170	0.01975	0.75282	0.04534	0.01463	0.01828	0.01682	0.01316	0.01682	0.01170	0.01755	0.00878	0.00658	0.00658	0.00219	0.00878	0.00585	0.00293	0.00731
34	0.01629	0.01564	0.02672	0.04041	0.72757	0.01564	0.02020	0.02020	0.01499	0.02151	0.01238	0.01629	0.01043	0.00587	0.00652	0.00196	0.00782	0.00587	0.00326	0.01043
35	0.01440	0.01440	0.02016	0.01728	0.01728	0.02016	0.01440	0.01584	0.01008	0.01584	0.00864	0.01440	0.00864	0.01152	0.02160	0.00288	0.75659	0.00576	0.00288	0.00720
36	0.01464	0.01423	0.01799	0.01572	0.01647	0.06612	0.01285	0.05558	0.01203	0.01728	0.01157	0.03918	0.01121	0.01787	0.14493	0.00408	0.51146	0.00629	0.00334	0.00717
37	0.04219	0.01622	0.09342	0.01496	0.02083	0.01369	0.10295	0.17361	0.03945	0.26057	0.01790	0.01781	0.01234	0.00699	0.00638	0.00189	0.00697	0.00594	0.00578	0.14010
38	0.04684	0.01305	0.01451	0.01388	0.06328	0.04174	0.01007	0.10985	0.25732	0.13230	0.04770	0.11667	0.08323	0.01054	0.00687	0.00217	0.00556	0.00884	0.00634	0.00923
39	0.00801	0.00668	0.00699	0.00691	0.00903	0.00566	0.00518	0.00989	0.01555	0.01907	0.16512	0.06123	0.62566	0.01619	0.00778	0.00220	0.00330	0.01360	0.00628	0.00566
40	0.00926	0.00673	0.00872	0.00822	0.00980	0.00619	0.00617	0.01231	0.01850	0.02609	0.70016	0.04969	0.08625	0.01358	0.00777	0.00208	0.00311	0.01198	0.00721	0.00619
41	0.01661	0.01572	0.02653	0.07958	0.60127	0.01596	0.05804	0.06607	0.01599	0.02255	0.01263	0.01642	0.01036	0.00603	0.00660	0.00199	0.00802	0.00598	0.00347	0.01021
42	0.01233	0.01013	0.01129	0.01056	0.01317	0.01081	0.00812	0.02228	0.33911	0.02496	0.24769	0.06931	0.14447	0.01233	0.00735	0.00223	0.00425	0.03488	0.00673	0.00801
43	0.01144	0.00572	0.00858	0.00858	0.00858	0.00572	0.00572	0.00858	0.00858	0.01144	0.01144	0.02001	0.01144	0.02287	0.02573	0.80846	0.00572	0.00572	0.00286	0.00286
44	0.04383	0.00894	0.01215	0.01092	0.01271	0.00911	0.06693	0.07649	0.01357	0.04454	0.02412	0.16733	0.05307	0.27588	0.12591	0.00495	0.00786	0.03075	0.00480	0.00612
45	0.01480	0.01412	0.02403	0.31532	0.46431	0.01525	0.01946	0.01890	0.01429	0.01970	0.01212	0.01678	0.00979	0.00614	0.00654	0.00205	0.00819	0.00586	0.00313	0.00923
46	0.01320	0.03405	0.73453	0.01876	0.02849	0.01529	0.02432	0.02085	0.01390	0.02085	0.01181	0.01390	0.00834	0.00625	0.00625	0.00208	0.00973	0.00486	0.00278	0.00973
47	0.00854	0.00618	0.00817	0.00947	0.01026	0.00581	0.00685	0.01017	0.01356	0.01791	0.07471	0.55063	0.09313	0.01952	0.00845	0.00267	0.00415	0.13813	0.00616	0.00554
48	0.01329	0.01134	0.06355	0.01330	0.01655	0.00983	0.15168	0.01650	0.01449	0.08627	0.04852	0.16785	0.10614	0.01113	0.00773	0.00215	0.04874	0.00992	0.19379	0.00725
49	0.03981	0.01721	0.02448	0.07880	0.55822	0.10492	0.01851	0.02116	0.03584	0.02097	0.01240	0.01591	0.01028	0.00612	0.00639	0.00195	0.00822	0.00565	0.00338	0.00980
50	0.12353	0.01039	0.01265	0.01043	0.01420	0.00995	0.00838	0.05639	0.04231	0.35486	0.25035	0.02936	0.02990	0.00963	0.00667	0.00205	0.00479	0.00794	0.00721	0.00903
51	0.01751	0.01749	0.04718	0.02585	0.34856	0.10380	0.01531	0.10983	0.01721	0.02331	0.01418	0.01658	0.03349	0.00641	0.00614	0.00173	0.00754	0.00549	0.00392	0.17847
52	0.01617	0.30779	0.33824	0.01481	0.02211	0.04105	0.01677	0.04079	0.03419	0.04192	0.01174	0.01319	0.00914	0.00613	0.00542	0.00174	0.00813	0.00443	0.00328	0.06294
53	0.07294	0.01837	0.01711	0.01489	0.04528	0.18116	0.01137	0.24689	0.03850	0.04959	0.05192	0.04596	0.01429	0.00820	0.00731	0.00191	0.06221	0.00602	0.00505	0.10102
54	0.01445	0.01392	0.02411	0.37172	0.37290	0.01522	0.05554	0.01867	0.01417	0.01930	0.01211	0.01696	0.00963	0.00618	0.00661	0.00208	0.00844	0.00596	0.00311	0.00889
55	0.01602	0.01564	0.02752	0.07696	0.62454	0.01569	0.08602	0.02011	0.01495	0.02122	0.01244	0.01650	0.01030	0.00587	0.00664	0.00199	0.00819	0.00605	0.00325	0.01011
56	0.00805	0.00580	0.00764	0.00904	0.00953	0.00538	0.00607	0.00928	0.01289	0.01715	0.05918	0.71465	0.07048	0.02025	0.00836	0.00264	0.00378	0.01831	0.00615	0.00538
57	0.01436	0.01197	0.01326	0.01254	0.01559	0.01342	0.00998	0.02798	0.49378	0.02543	0.07678	0.03824	0.05238	0.01149	0.00732	0.00239	0.00518	0.15229	0.00658	0.00903
58	0.00937	0.00632	0.00737	0.00757	0.00767	0.00632	0.00443	0.00961	0.01000	0.01338	0.02262	0.13535	0.02617	0.64392	0.05819	0.00607	0.00650	0.01065	0.00424	0.00424
59	0.01050	0.00754	0.01046	0.01191	0.01346	0.00750	0.01039	0.01348	0.01515	0.01963	0.03609	0.07384	0.06446	0.01813	0.00904	0.00300	0.00596	0.65737	0.00606	0.00604
60	0.00940	0.00705	0.01058	0.01058	0.01176	0.00823	0.00823	0.01176	0.01058	0.01528	0.01763	0.02586	0.01646	0.04937	0.74255	0.01058	0.01763	0.00705	0.00353	0.00588
61	0.00802	0.00573	0.00764	0.00917	0.00955	0.00535	0.00611	0.00917	0.01260	0.01681	0.03628	0.76434	0.04354	0.02062	0.00840	0.00267	0.00382	0.01872	0.00611	0.00535
62	0.02954	0.01120	0.01528	0.01171	0.01681	0.00968	0.00968	0.03208	0.01884	0.73213	0.02597	0.02241	0.01630	0.00815	0.00662	0.00204	0.00560	0.00662	0.00815	0.01120
63	0.02459	0.03138	0.01866	0.01696	0.02035	0.74221	0.01272	0.02629	0.01866	0.01611	0.01018	0.01187	0.00848	0.00678	0.00594	0.00170	0.01187	0.00424	0.00339	0.00763
64	0.01760	0.77260	0.03450	0.01126	0.01690	0.02605	0.01126	0.01971	0.01338	0.01549	0.00915	0.01056	0.00845	0.00563	0.00422	0.00141	0.00704	0.00352	0.00282	0.00845
65	0.00932	0.00673	0.00880	0.00828	0.00984	0.00621	0.00621	0.01242	0.01863	0.02640	0.72410	0.04918	0.06212	0.01346	0.00776	0.00207	0.00311	0.01191	0.00725	0.00621
66	0.00778	0.00667	0.00667	0.00667	0.00889	0.00556	0.00500	0.00945	0.01501	0.01778	0.06669	0.06336	0.72490	0.01667	0.00778	0.00222	0.00333	0.01389	0.00611	0.00556
67	0.01554	0.01776	0.03885	0.02775	0.03441	0.01665	0.70366	0.02109	0.01554	0.02109	0.01332	0.01776	0.00999	0.00555	0.00777	0.00222	0.01110	0.00777	0.00333	0.00888
68	0.02459	0.03138	0.01866	0.01696	0.02035	0.74221	0.01272	0.02629	0.01866	0.01611	0.01018	0.01187	0.00848	0.00678	0.00594	0.00170	0.01187	0.00424	0.00339	0.00763
69	0.02503	0.01844	0.01976	0.01515	0.02042	0.02042	0.01251	0.70562	0.03095	0.04149	0.01581	0.01581	0.01120	0.00790	0.00659	0.00198	0.00724	0.00593	0.00659	0.01120
70	0.01598	0.01532	0.02615	0.09871	0.67174	0.01556	0.02005	0.01993	0.01484	0.02112	0.01233	0.01640	0.01029	0.00592	0.00652	0.00197	0.00790	0.00586	0.00323	0.01017
71	0.01609	0.01543	0.02635	0.07818	0.69140	0.01559	0.02010	0.02002	0.01489	0.02126	0.01235	0.01636	0.01034	0.00590	0.00652	0.00197	0.00787	0.00586	0.00324	0.01026
72	0.01629	0.01564	0.02672	0.04041	0.72757	0.01564	0.02020	0.02020	0.01499	0.02151	0.01238	0.01629	0.01043	0.00587	0.00652	0.00196	0.00782	0.00587	0.00326	0.01043
73	0.81514	0.01273	0.00968	0.00866	0.01273	0.01477	0.00713	0.01935	0.01120	0.02954	0.00917	0.01069	0.00713	0.00611	0.00407	0.00204	0.00509	0.00356	0.00407	0.00713
74	0.01365	0.01170	0.01365	0.00975	0.01560	0.00878	0.00780	0.01658	0.01365	0.02145	0.01170	0.01365	0.00975	0.00488	0.00488	0.00098	0.00488	0.00390	0.00390	0.80888
75	0.01320	0.03405	0.73453	0.01876	0.02849	0.01529	0.02432	0.02085	0.01390	0.02085	0.01181	0.01390	0.00834	0.00625	0.00625	0.00208	0.00973	0.00486	0.00278	0.00973

[dist]
# distance from previous block
# <min> <max>
2	18

[block]
# block no. 1 follows, 33 sequences, length 15
# corresponding to MSA columns:
# 116-130
name=unknown_B
#
# <colnr> <probs for GDERKNQSTAVLIFYWHMCP>
#	G	D	E	R	K	N	Q	S	T	A	V	L	I	F	Y	W	H	M	C	P
0	0.01438	0.03250	0.66348	0.01840	0.02769	0.01580	0.02315	0.08892	0.01559	0.02290	0.01221	0.01409	0.00862	0.00642	0.00629	0.00207	0.00948	0.00497	0.00316	0.00988
1	0.00955	0.00649	0.00771	0.00771	0.00789	0.00667	0.00464	0.00991	0.00973	0.01315	0.02026	0.04042	0.02278	0.65761	0.14296	0.00703	0.00812	0.00918	0.00392	0.00428
2	0.31266	0.01852	0.19552	0.01270	0.01826	0.01474	0.01270	0.15678	0.01675	0.07135	0.01754	0.01978	0.06371	0.00791	0.00577	0.00209	0.00664	0.03317	0.00473	0.00869
3	0.08779	0.01905	0.06192	0.01428	0.01845	0.20145	0.03631	0.07186	0.10740	0.08647	0.01606	0.06382	0.01325	0.00812	0.00724	0.00195	0.06243	0.00610	0.00470	0.11134
4	0.01083	0.00801	0.01004	0.00928	0.01115	0.00807	0.00713	0.01490	0.07718	0.05292	0.45871	0.04473	0.14834	0.01513	0.04782	0.00261	0.04882	0.01097	0.00661	0.00672
5	0.00824	0.00589	0.00789	0.00942	0.00990	0.00554	0.00650	0.00955	0.01282	0.01705	0.03616	0.70494	0.04305	0.02041	0.00846	0.00270	0.00401	0.07592	0.00611	0.00541
6	0.04110	0.01184	0.01625	0.11428	0.16444	0.01123	0.01165	0.05391	0.01543	0.05475	0.08150	0.05723	0.06083	0.00792	0.00619	0.00173	0.00586	0.00683	0.00453	0.27252
7	0.01597	0.06220	0.02595	0.08004	0.59684	0.01579	0.01875	0.01974	0.01469	0.02084	0.01210	0.01585	0.01016	0.00583	0.00627	0.00187	0.00764	0.00559	0.00325	0.06061
8	0.02573	0.01113	0.01459	0.01152	0.01605	0.01015	0.00939	0.06247	0.06347	0.55771	0.12064	0.02587	0.02253	0.00891	0.00678	0.00205	0.00532	0.00736	0.00786	0.01047
9	0.00946	0.00640	0.00750	0.00760	0.00772	0.00648	0.00449	0.00974	0.00985	0.01323	0.02144	0.08642	0.02451	0.66024	0.09298	0.00651	0.00719	0.00992	0.00408	0.00424
10	0.01666	0.07782	0.29059	0.07764	0.19245	0.01573	0.06240	0.04013	0.04044	0.10309	0.01411	0.01615	0.01039	0.00645	0.00635	0.00202	0.00839	0.00558	0.00380	0.00980
11	0.01508	0.08927	0.01946	0.01508	0.01623	0.05392	0.01253	0.01672	0.01199	0.05139	0.04554	0.06550	0.04038	0.01140	0.01639	0.00256	0.49864	0.00691	0.00368	0.00732
12	0.00928	0.00708	0.00877	0.00948	0.01125	0.00657	0.00781	0.01172	0.01537	0.01952	0.11602	0.08680	0.31482	0.01718	0.00842	0.00260	0.00462	0.33064	0.00620	0.00586
13	0.25231	0.01321	0.01611	0.01608	0.13640	0.01336	0.01105	0.10257	0.01737	0.33202	0.01770	0.01726	0.01209	0.00715	0.00587	0.00202	0.00602	0.00554	0.00597	0.00990
14	0.11263	0.04088	0.14894	0.05332	0.11209	0.07037	0.13304	0.06506	0.09219	0.02317	0.02961	0.01677	0.01165	0.00783	0.02335	0.00227	0.03806	0.00588	0.00394	0.00896

[dist]
# distance from previous block
# <min> <max>
0	3

[block]
# block no. 2 follows, 33 sequences, length 38
# corresponding to MSA columns:
# 134-171
name=unknown_C
#
# <colnr> <probs for GDERKNQSTAVLIFYWHMCP>
#	G	D	E	R	K	N	Q	S	T	A	V	L	I	F	Y	W	H	M	C	P
0	0.04044	0.01289	0.05352	0.01114	0.01451	0.04761	0.03921	0.10178	0.06978	0.05019	0.02354	0.02987	0.10159	0.21952	0.01382	0.00311	0.00627	0.00767	0.04626	0.10728
1	0.05424	0.39641	0.11662	0.01338	0.01907	0.07900	0.01299	0.13886	0.07367	0.02226	0.01214	0.01312	0.00979	0.00648	0.00521	0.00171	0.00756	0.00448	0.00387	0.00912
2	0.01554	0.21539	0.44762	0.01574	0.02362	0.01700	0.01875	0.02104	0.01420	0.07682	0.01313	0.01596	0.01015	0.00664	0.00583	0.00190	0.00841	0.02962	0.00338	0.03924
3	0.01609	0.01544	0.02636	0.07727	0.69227	0.01559	0.02010	0.02003	0.01490	0.02126	0.01235	0.01636	0.01034	0.00590	0.00652	0.00197	0.00787	0.00586	0.00324	0.01027
4	0.01536	0.01296	0.01391	0.01279	0.01604	0.01477	0.00981	0.05475	0.58006	0.02634	0.02791	0.14132	0.02349	0.01075	0.00696	0.00229	0.00506	0.00917	0.00660	0.00964
5	0.01205	0.01056	0.01618	0.29560	0.16467	0.01153	0.01326	0.03678	0.01377	0.01811	0.02337	0.12423	0.10641	0.11297	0.01061	0.00277	0.00688	0.00906	0.00407	0.00712
6	0.14348	0.06634	0.12772	0.07695	0.08821	0.09542	0.13148	0.08654	0.01557	0.02271	0.01145	0.01435	0.00898	0.00676	0.00749	0.00208	0.07690	0.00535	0.00358	0.00865
7	0.07401	0.01704	0.02063	0.12097	0.13967	0.05635	0.03745	0.36504	0.02289	0.06109	0.01428	0.01592	0.01050	0.00714	0.00641	0.00200	0.00772	0.00575	0.00515	0.01000
8	0.00888	0.00609	0.00782	0.00892	0.00976	0.00556	0.00610	0.01015	0.01320	0.04651	0.04013	0.63511	0.13822	0.01955	0.00824	0.00258	0.00382	0.01754	0.00620	0.00562
9	0.20551	0.11490	0.12192	0.01406	0.01857	0.25097	0.01270	0.06030	0.01540	0.02162	0.01072	0.01268	0.00865	0.00688	0.00656	0.00190	0.06758	0.00438	0.03667	0.00802
10	0.01243	0.01170	0.01975	0.75282	0.04534	0.01463	0.01828	0.01682	0.01316	0.01682	0.01170	0.01755	0.00878	0.00658	0.00658	0.00219	0.00878	0.00585	0.00293	0.00731
11	0.00805	0.00634	0.00729	0.00794	0.00938	0.00558	0.00572	0.00962	0.01420	0.01779	0.07680	0.33856	0.40494	0.01817	0.00808	0.00243	0.00363	0.04382	0.00615	0.00552
12	0.00800	0.00580	0.00757	0.00899	0.00950	0.00536	0.00603	0.00919	0.01277	0.01687	0.03842	0.71505	0.09145	0.02035	0.00836	0.00264	0.00379	0.01838	0.00611	0.00536
13	0.04869	0.05394	0.02409	0.01969	0.06241	0.22563	0.18427	0.07664	0.09430	0.02160	0.03088	0.01641	0.01176	0.00737	0.00822	0.00206	0.09340	0.00600	0.00402	0.00862
14	0.00791	0.00667	0.00685	0.00680	0.00897	0.00561	0.00510	0.00969	0.01531	0.01850	0.12122	0.06218	0.66993	0.01641	0.00778	0.00221	0.00332	0.01373	0.00621	0.00561
15	0.01144	0.00572	0.00858	0.00858	0.00858	0.00572	0.00572	0.00858	0.00858	0.01144	0.01144	0.02001	0.01144	0.02287	0.02573	0.80846	0.00572	0.00572	0.00286	0.00286
16	0.07728	0.14141	0.40498	0.01624	0.02350	0.04416	0.06285	0.04749	0.01451	0.02130	0.01299	0.05170	0.01059	0.00697	0.00592	0.00198	0.00848	0.00551	0.03324	0.00890
17	0.01369	0.11484	0.65795	0.01794	0.02722	0.01647	0.02289	0.02072	0.01384	0.02026	0.01152	0.01353	0.00835	0.00619	0.00603	0.00201	0.00944	0.00472	0.00278	0.00959
18	0.01243	0.01170	0.01975	0.75282	0.04534	0.01463	0.01828	0.01682	0.01316	0.01682	0.01170	0.01755	0.00878	0.00658	0.00658	0.00219	0.00878	0.00585	0.00293	0.00731
19	0.68811	0.01446	0.03833	0.00980	0.01398	0.05228	0.00837	0.03821	0.01240	0.02842	0.01058	0.01369	0.00865	0.00671	0.00453	0.00206	0.00572	0.03225	0.00414	0.00732
20	0.00920	0.00672	0.00863	0.00816	0.00976	0.00616	0.00612	0.01219	0.01835	0.02572	0.67254	0.05029	0.11410	0.01371	0.00777	0.00208	0.00312	0.01206	0.00716	0.00616
21	0.00940	0.00705	0.01058	0.01058	0.01176	0.00823	0.00823	0.01176	0.01058	0.01528	0.01763	0.02586	0.01646	0.04937	0.74255	0.01058	0.01763	0.00705	0.00353	0.00588
22	0.01695	0.49798	0.23349	0.01381	0.02051	0.05149	0.01511	0.05081	0.01452	0.01820	0.01025	0.01180	0.00854	0.00596	0.00498	0.00164	0.00801	0.00404	0.00300	0.00890
23	0.04843	0.01688	0.11019	0.06931	0.23064	0.01446	0.01525	0.13613	0.03383	0.09147	0.01420	0.01604	0.01071	0.00641	0.00611	0.00182	0.00710	0.00540	0.00443	0.16119
24	0.01777	0.05795	0.05167	0.02357	0.28851	0.01490	0.03988	0.10059	0.08637	0.09772	0.04325	0.02007	0.04101	0.00723	0.00640	0.00190	0.00681	0.00635	0.00476	0.08328
25	0.01448	0.01412	0.02669	0.05584	0.17940	0.01375	0.31539	0.01934	0.05035	0.04090	0.02002	0.12350	0.03783	0.00901	0.00752	0.00227	0.00832	0.04848	0.00422	0.00856
26	0.00792	0.00667	0.00687	0.00682	0.00898	0.00562	0.00512	0.00973	0.01535	0.01859	0.12831	0.06203	0.66278	0.01637	0.00778	0.00221	0.00331	0.01371	0.00622	0.00562
27	0.04974	0.06869	0.05776	0.01904	0.15920	0.01419	0.06742	0.09402	0.04836	0.27834	0.04031	0.02065	0.03716	0.00758	0.00648	0.00200	0.00678	0.00649	0.00568	0.01009
28	0.01446	0.24502	0.53456	0.01662	0.02518	0.01836	0.02059	0.02052	0.01375	0.01932	0.01105	0.01295	0.00837	0.00608	0.00567	0.00189	0.00896	0.00448	0.00279	0.00936
29	0.00964	0.00646	0.00794	0.00804	0.00828	0.00664	0.00506	0.00997	0.00993	0.01342	0.02054	0.06397	0.02294	0.55556	0.14851	0.05879	0.00810	0.02790	0.00397	0.00433
30	0.01546	0.01497	0.04437	0.30950	0.36643	0.01568	0.03767	0.07816	0.01565	0.02141	0.01243	0.01670	0.00979	0.00632	0.00657	0.00206	0.00828	0.00589	0.00341	0.00924
31	0.06022	0.08443	0.01833	0.19103	0.07334	0.01438	0.01248	0.06908	0.10953	0.20445	0.06089	0.04112	0.01654	0.00802	0.00637	0.00205	0.00649	0.00665	0.00543	0.00918
32	0.07034	0.01236	0.01518	0.10988	0.03843	0.05217	0.01067	0.05749	0.01773	0.41021	0.05203	0.02487	0.08210	0.00867	0.00657	0.00205	0.00617	0.00704	0.00652	0.00950
33	0.00889	0.00617	0.00769	0.00849	0.00884	0.00596	0.00552	0.00977	0.01176	0.01571	0.05868	0.38711	0.03575	0.33330	0.01893	0.00422	0.00501	0.05808	0.00527	0.00486
34	0.07694	0.06588	0.09235	0.04940	0.07087	0.19545	0.01357	0.04145	0.06222	0.05540	0.02754	0.02969	0.01214	0.03946	0.00983	0.00227	0.13770	0.00568	0.00393	0.00823
35	0.04654	0.10511	0.06684	0.05997	0.21568	0.04821	0.04802	0.11920	0.03313	0.02388	0.05588	0.01845	0.03103	0.00699	0.00611	0.00185	0.00723	0.00591	0.02760	0.07235
36	0.08353	0.09266	0.16485	0.08361	0.06326	0.07276	0.06828	0.03618	0.09743	0.07410	0.03279	0.04205	0.01316	0.00727	0.00615	0.00198	0.00771	0.00601	0.00423	0.04199
37	0.11201	0.11620	0.14634	0.01333	0.03828	0.05491	0.01225	0.07333	0.05377	0.10187	0.10520	0.02275	0.07046	0.00841	0.00644	0.00196	0.02413	0.00648	0.00491	0.02696

[dist]
# distance from previous block
# <min> <max>
36	90

[block]
# block no. 3 follows, 33 sequences, length 12
# corresponding to MSA columns:
# 287-298
name=unknown_D
#
# <colnr> <probs for GDERKNQSTAVLIFYWHMCP>
#	G	D	E	R	K	N	Q	S	T	A	V	L	I	F	Y	W	H	M	C	P
0	0.01692	0.01374	0.01834	0.01506	0.01901	0.03543	0.13476	0.09136	0.28470	0.09565	0.07385	0.10750	0.04380	0.00994	0.00715	0.00221	0.00635	0.00895	0.00608	0.00920
1	0.01553	0.01233	0.01432	0.01037	0.01612	0.00994	0.00835	0.08379	0.01557	0.05829	0.01280	0.01429	0.01021	0.00533	0.00513	0.00112	0.00514	0.00423	0.00437	0.69277
2	0.12037	0.05687	0.03423	0.01058	0.01414	0.01091	0.00863	0.08463	0.01645	0.17651	0.10752	0.21326	0.02592	0.01123	0.00657	0.00207	0.00507	0.00944	0.00598	0.07964
3	0.75482	0.01415	0.01036	0.00929	0.01331	0.07027	0.00756	0.01988	0.01177	0.02851	0.00924	0.01078	0.00723	0.00616	0.00422	0.00201	0.00561	0.00362	0.00402	0.00717
4	0.01660	0.60516	0.19320	0.01296	0.01953	0.02361	0.01422	0.01997	0.01349	0.01670	0.00976	0.01132	0.00842	0.00577	0.00468	0.00156	0.00765	0.00382	0.00281	0.00874
5	0.01365	0.01170	0.01365	0.00975	0.01560	0.00878	0.00780	0.01658	0.01365	0.02145	0.01170	0.01365	0.00975	0.00488	0.00488	0.00098	0.00488	0.00390	0.00390	0.80888
6	0.01365	0.01170	0.01365	0.00975	0.01560	0.00878	0.00780	0.01658	0.01365	0.02145	0.01170	0.01365	0.00975	0.00488	0.00488	0.00098	0.00488	0.00390	0.00390	0.80888
7	0.01320	0.03405	0.73453	0.01876	0.02849	0.01529	0.02432	0.02085	0.01390	0.02085	0.01181	0.01390	0.00834	0.00625	0.00625	0.00208	0.00973	0.00486	0.00278	0.00973
8	0.01345	0.01133	0.01306	0.01023	0.01491	0.00987	0.00805	0.01957	0.15623	0.02354	0.13781	0.02199	0.02089	0.00718	0.00574	0.00142	0.00464	0.00600	0.00504	0.50904
9	0.01381	0.13609	0.63781	0.01773	0.02689	0.01678	0.02252	0.02069	0.01383	0.02011	0.01145	0.01344	0.00835	0.00617	0.00597	0.00199	0.00936	0.00468	0.00278	0.00955
10	0.01372	0.12003	0.65304	0.01789	0.02714	0.01654	0.02280	0.02072	0.01384	0.02022	0.01150	0.01351	0.00835	0.00618	0.00602	0.00201	0.00942	0.00471	0.00278	0.00958
11	0.00801	0.00579	0.00758	0.00900	0.00951	0.00536	0.00604	0.00919	0.01276	0.01687	0.03828	0.71832	0.08828	0.02037	0.00836	0.00264	0.00379	0.01840	0.00611	0.00536

[dist]
# distance from previous block
# <min> <max>
3	31

[block]
# block no. 4 follows, 33 sequences, length 118
# corresponding to MSA columns:
# 331-363,407-491
name=unknown_E
#
# <colnr> <probs for GDERKNQSTAVLIFYWHMCP>
#	G	D	E	R	K	N	Q	S	T	A	V	L	I	F	Y	W	H	M	C	P
0	0.02330	0.02961	0.07970	0.01797	0.05248	0.57650	0.01401	0.09323	0.01932	0.01928	0.01097	0.01263	0.00883	0.00681	0.00605	0.00177	0.01105	0.00453	0.00365	0.00829
1	0.02168	0.01644	0.05284	0.01379	0.01868	0.01672	0.01166	0.39658	0.16052	0.11715	0.02367	0.02261	0.07961	0.00886	0.00671	0.00206	0.00642	0.00699	0.00656	0.01045
2	0.02940	0.01143	0.01542	0.01182	0.01692	0.01001	0.00976	0.05291	0.01922	0.71077	0.02566	0.02220	0.01614	0.00814	0.00662	0.00204	0.00565	0.00660	0.00810	0.01120
3	0.02503	0.01844	0.01976	0.01515	0.02042	0.02042	0.01251	0.70562	0.03095	0.04149	0.01581	0.01581	0.01120	0.00790	0.00659	0.00198	0.00724	0.00593	0.00659	0.01120
4	0.02355	0.01631	0.01798	0.01404	0.01881	0.01766	0.01149	0.55862	0.02806	0.10595	0.06983	0.05217	0.01687	0.00890	0.00676	0.00202	0.00663	0.00700	0.00676	0.01057
5	0.01760	0.77260	0.03450	0.01126	0.01690	0.02605	0.01126	0.01971	0.01338	0.01549	0.00915	0.01056	0.00845	0.00563	0.00422	0.00141	0.00704	0.00352	0.00282	0.00845
6	0.02340	0.01422	0.13308	0.01230	0.01755	0.01001	0.01151	0.02688	0.01799	0.49455	0.14234	0.02555	0.02277	0.00874	0.00675	0.00205	0.00586	0.00723	0.00711	0.01011
7	0.16081	0.01095	0.04767	0.01017	0.01405	0.00950	0.00858	0.02171	0.01648	0.31627	0.17115	0.06847	0.09670	0.01030	0.00660	0.00210	0.00488	0.00845	0.00666	0.00850
8	0.00991	0.00736	0.00931	0.00872	0.01045	0.00707	0.00657	0.01433	0.07762	0.02650	0.66509	0.04709	0.05856	0.01308	0.00767	0.00208	0.00328	0.01153	0.00720	0.00657
9	0.01243	0.01170	0.01975	0.75282	0.04534	0.01463	0.01828	0.01682	0.01316	0.01682	0.01170	0.01755	0.00878	0.00658	0.00658	0.00219	0.00878	0.00585	0.00293	0.00731
10	0.01342	0.03258	0.67159	0.01958	0.02903	0.01541	0.08578	0.02087	0.01405	0.02087	0.01195	0.01425	0.00849	0.00619	0.00639	0.00210	0.00985	0.00513	0.00283	0.00965
11	0.01406	0.01252	0.02104	0.56543	0.19054	0.01461	0.01830	0.01826	0.01382	0.05101	0.01251	0.01751	0.00948	0.00650	0.00657	0.00214	0.00842	0.00589	0.00324	0.00816
12	0.00778	0.00667	0.00667	0.00667	0.00889	0.00556	0.00500	0.00945	0.01501	0.01778	0.06669	0.06336	0.72490	0.01667	0.00778	0.00222	0.00333	0.01389	0.00611	0.00556
13	0.02824	0.01174	0.01542	0.01199	0.01698	0.01067	0.00985	0.05931	0.07829	0.64485	0.02563	0.02233	0.01641	0.00820	0.00663	0.00205	0.00563	0.00666	0.00796	0.01114
14	0.02117	0.01952	0.02279	0.08436	0.17207	0.14681	0.07878	0.31943	0.02249	0.02881	0.01351	0.01554	0.01024	0.00695	0.00657	0.00196	0.00867	0.00578	0.00471	0.00986
15	0.00806	0.00575	0.00763	0.00912	0.00949	0.00537	0.00606	0.00918	0.01253	0.01671	0.03590	0.74666	0.04306	0.03896	0.00902	0.00276	0.00388	0.01849	0.00606	0.00531
16	0.01375	0.01185	0.01415	0.01092	0.04267	0.00904	0.00827	0.01671	0.01370	0.02145	0.01173	0.01375	0.00978	0.00491	0.00494	0.00101	0.00499	0.00398	0.00388	0.77853
17	0.01364	0.01206	0.01572	0.08240	0.01957	0.00980	0.04978	0.01687	0.01372	0.02098	0.01180	0.01427	0.00967	0.00508	0.00521	0.00117	0.00562	0.00432	0.00377	0.68455
18	0.01375	0.03333	0.70130	0.01860	0.02812	0.01553	0.02377	0.05268	0.01469	0.02181	0.01200	0.01399	0.00847	0.00633	0.00627	0.00208	0.00961	0.00491	0.00296	0.00980
19	0.00907	0.00672	0.00845	0.00802	0.00968	0.00611	0.00601	0.01194	0.01804	0.02500	0.61706	0.05148	0.17003	0.01398	0.00777	0.00210	0.00314	0.01223	0.00706	0.00611
20	0.02462	0.01824	0.01953	0.01507	0.02026	0.02023	0.01242	0.67445	0.06278	0.04084	0.01632	0.01621	0.01161	0.00795	0.00659	0.00199	0.00715	0.00600	0.00659	0.01116
21	0.01451	0.06627	0.61065	0.01851	0.02753	0.01628	0.05292	0.07875	0.01539	0.02236	0.01210	0.01408	0.00866	0.00633	0.00626	0.00205	0.00946	0.00502	0.00313	0.00976
22	0.00868	0.00661	0.00797	0.00782	0.00949	0.00591	0.00580	0.01112	0.01685	0.02260	0.43830	0.12146	0.28303	0.01521	0.00783	0.00218	0.00325	0.01322	0.00676	0.00591
23	0.04243	0.01946	0.08253	0.01855	0.07445	0.04118	0.09469	0.45295	0.02519	0.06104	0.01497	0.01591	0.01076	0.00727	0.00661	0.00201	0.00798	0.00596	0.00553	0.01053
24	0.01336	0.00737	0.00933	0.00941	0.01105	0.00695	0.00680	0.04665	0.01477	0.14728	0.03108	0.47627	0.03282	0.01569	0.00738	0.00234	0.00418	0.01391	0.13660	0.00680
25	0.00798	0.00590	0.00747	0.00872	0.00943	0.00538	0.00591	0.00922	0.01303	0.01698	0.04172	0.63902	0.16536	0.01992	0.00829	0.00259	0.00373	0.01785	0.00611	0.00538
26	0.02515	0.04425	0.05329	0.01322	0.01842	0.03161	0.01137	0.27343	0.04148	0.35061	0.02249	0.02086	0.04655	0.00825	0.00654	0.00200	0.00649	0.00647	0.00687	0.01066
27	0.01812	0.01864	0.02448	0.07032	0.52285	0.15729	0.01829	0.05308	0.01635	0.02115	0.01208	0.01547	0.01000	0.00618	0.00641	0.00192	0.00863	0.00555	0.00342	0.00976
28	0.00799	0.00585	0.00751	0.00884	0.00946	0.00537	0.00597	0.00920	0.01292	0.01693	0.04027	0.67257	0.13274	0.02011	0.00832	0.00261	0.00376	0.01808	0.00611	0.00537
29	0.01805	0.02425	0.37801	0.01845	0.02609	0.01452	0.14716	0.05417	0.04461	0.18573	0.01614	0.01710	0.01108	0.00674	0.00666	0.00210	0.00874	0.00596	0.00444	0.01000
30	0.01760	0.77260	0.03450	0.01126	0.01690	0.02605	0.01126	0.01971	0.01338	0.01549	0.00915	0.01056	0.00845	0.00563	0.00422	0.00141	0.00704	0.00352	0.00282	0.00845
31	0.01507	0.01439	0.02451	0.26610	0.51144	0.01532	0.01960	0.01913	0.01441	0.02002	0.01217	0.01669	0.00990	0.00609	0.00654	0.00203	0.00812	0.00586	0.00315	0.00944
32	0.04262	0.18708	0.27877	0.01425	0.02070	0.01634	0.01535	0.07099	0.05643	0.13943	0.05130	0.01967	0.01452	0.00759	0.00605	0.00197	0.00738	0.03555	0.00458	0.00941
33	0.02605	0.01373	0.04975	0.01564	0.07963	0.01208	0.04380	0.09607	0.04723	0.51055	0.02262	0.02073	0.01480	0.00775	0.00665	0.00204	0.00638	0.00650	0.00705	0.01093
34	0.02954	0.01120	0.01528	0.01171	0.01681	0.00968	0.00968	0.03208	0.01884	0.73213	0.02597	0.02241	0.01630	0.00815	0.00662	0.00204	0.00560	0.00662	0.00815	0.01120
35	0.01545	0.18705	0.22916	0.01779	0.11556	0.03657	0.03457	0.01945	0.01443	0.07914	0.01757	0.12785	0.01644	0.00910	0.00640	0.00205	0.00752	0.05116	0.00404	0.00870
36	0.01753	0.01757	0.05852	0.12776	0.26774	0.09478	0.15153	0.04671	0.01608	0.07776	0.03263	0.01747	0.01166	0.00662	0.00711	0.00205	0.02715	0.00624	0.00383	0.00925
37	0.00802	0.00573	0.00764	0.00917	0.00955	0.00535	0.00611	0.00917	0.01260	0.01681	0.03628	0.76434	0.04354	0.02062	0.00840	0.00267	0.00382	0.01872	0.00611	0.00535
38	0.02608	0.01540	0.01953	0.01480	0.02011	0.01567	0.06983	0.37013	0.02466	0.32438	0.01978	0.01869	0.01320	0.00780	0.00670	0.00202	0.00689	0.00637	0.00695	0.01100
39	0.01550	0.01345	0.06957	0.01875	0.18821	0.02835	0.04429	0.07298	0.01764	0.11243	0.20371	0.05292	0.11399	0.01006	0.00709	0.00207	0.00601	0.00886	0.00556	0.00857
40	0.01772	0.04377	0.02968	0.08471	0.06868	0.01471	0.39532	0.02218	0.01597	0.15914	0.04261	0.02146	0.01400	0.00690	0.00729	0.00216	0.00902	0.03116	0.00445	0.00907
41	0.00932	0.00673	0.00880	0.00828	0.00984	0.00621	0.00621	0.01242	0.01863	0.02640	0.72410	0.04918	0.06212	0.01346	0.00776	0.00207	0.00311	0.01191	0.00725	0.00621
42	0.09633	0.02968	0.01784	0.01621	0.01966	0.67619	0.01221	0.02566	0.01798	0.01733	0.01008	0.01177	0.00836	0.00672	0.00577	0.00173	0.01126	0.00418	0.00345	0.00759
43	0.01719	0.22661	0.41020	0.01566	0.02342	0.01785	0.01824	0.07156	0.01559	0.10627	0.01309	0.01417	0.00953	0.00644	0.00578	0.00189	0.00834	0.00479	0.00371	0.00967
44	0.02954	0.01120	0.01528	0.01171	0.01681	0.00968	0.00968	0.03208	0.01884	0.73213	0.02597	0.02241	0.01630	0.00815	0.00662	0.00204	0.00560	0.00662	0.00815	0.01120
45	0.01392	0.00770	0.01004	0.00905	0.01140	0.00690	0.00692	0.01655	0.01774	0.19478	0.42446	0.11607	0.11177	0.01320	0.00755	0.00214	0.00380	0.01150	0.00724	0.00727
46	0.01869	0.08562	0.13664	0.01892	0.08856	0.04838	0.10739	0.05489	0.11906	0.14610	0.01627	0.01746	0.01206	0.00748	0.00816	0.00211	0.09193	0.00604	0.00463	0.00962
47	0.00800	0.00582	0.00755	0.00893	0.00949	0.00537	0.00601	0.00919	0.01283	0.01690	0.03916	0.69816	0.10787	0.02025	0.00834	0.00263	0.00377	0.01826	0.00611	0.00537
48	0.00808	0.00578	0.00769	0.00913	0.00956	0.00539	0.00612	0.00932	0.01288	0.01725	0.06819	0.73117	0.04440	0.02029	0.00837	0.00265	0.00379	0.01840	0.00616	0.00539
49	0.02350	0.01960	0.01767	0.01654	0.07845	0.25952	0.01197	0.11243	0.13119	0.21291	0.01865	0.03796	0.01388	0.00793	0.00644	0.00196	0.00800	0.00613	0.00565	0.00965
50	0.01650	0.41382	0.28347	0.01517	0.02213	0.07976	0.04810	0.02071	0.01409	0.01771	0.01038	0.01219	0.00848	0.00594	0.00525	0.00171	0.00858	0.00426	0.00287	0.00886
51	0.00940	0.00705	0.01058	0.01058	0.01176	0.00823	0.00823	0.01176	0.01058	0.01528	0.01763	0.02586	0.01646	0.04937	0.74255	0.01058	0.01763	0.00705	0.00353	0.00588
52	0.02375	0.03014	0.01806	0.01644	0.01978	0.70534	0.01233	0.02545	0.01847	0.01620	0.01300	0.01445	0.04433	0.00728	0.00603	0.00172	0.01144	0.00472	0.00353	0.00753
53	0.17827	0.01329	0.01438	0.01191	0.01619	0.04203	0.00967	0.15544	0.05869	0.30999	0.02133	0.07478	0.01642	0.00906	0.00634	0.00212	0.00594	0.03805	0.00654	0.00956
54	0.01243	0.01170	0.01975	0.75282	0.04534	0.01463	0.01828	0.01682	0.01316	0.01682	0.01170	0.01755	0.00878	0.00658	0.00658	0.00219	0.00878	0.00585	0.00293	0.00731
55	0.00802	0.00573	0.00764	0.00917	0.00955	0.00535	0.00611	0.00917	0.01260	0.01681	0.03628	0.76434	0.04354	0.02062	0.00840	0.00267	0.00382	0.01872	0.00611	0.00535
56	0.05612	0.01376	0.02014	0.01531	0.02047	0.01329	0.14512	0.14541	0.05465	0.38671	0.02146	0.04489	0.01492	0.00798	0.00680	0.00209	0.00686	0.00705	0.00664	0.01035
57	0.02339	0.01401	0.06838	0.01439	0.05342	0.03418	0.03459	0.06330	0.06998	0.42243	0.08222	0.02515	0.01972	0.00866	0.00681	0.00209	0.00626	0.03399	0.00686	0.01018
58	0.01320	0.03405	0.73453	0.01876	0.02849	0.01529	0.02432	0.02085	0.01390	0.02085	0.01181	0.01390	0.00834	0.00625	0.00625	0.00208	0.00973	0.00486	0.00278	0.00973
59	0.01030	0.00736	0.01026	0.01177	0.01315	0.00731	0.01007	0.01311	0.01485	0.01936	0.03503	0.15632	0.03856	0.01848	0.00901	0.00299	0.00580	0.60424	0.00607	0.00598
60	0.01491	0.15791	0.55634	0.01735	0.02586	0.07861	0.02115	0.02112	0.01421	0.01955	0.01123	0.01317	0.00837	0.00619	0.00589	0.00194	0.00946	0.00459	0.00284	0.00934
61	0.01566	0.38276	0.22883	0.01685	0.07248	0.02080	0.05045	0.01958	0.01337	0.01774	0.01051	0.01302	0.00886	0.00747	0.02544	0.00205	0.07787	0.00458	0.00289	0.00879
62	0.01243	0.01170	0.01975	0.75282	0.04534	0.01463	0.01828	0.01682	0.01316	0.01682	0.01170	0.01755	0.00878	0.00658	0.00658	0.00219	0.00878	0.00585	0.00293	0.00731
63	0.01581	0.01538	0.02165	0.29915	0.29830	0.07698	0.01732	0.04061	0.10957	0.02068	0.01398	0.01749	0.01097	0.00668	0.00652	0.00206	0.00815	0.00594	0.00370	0.00905
64	0.01562	0.01532	0.02435	0.24017	0.49975	0.05172	0.01929	0.01955	0.01466	0.01992	0.01208	0.01643	0.00986	0.00611	0.00651	0.00201	0.00829	0.00578	0.00317	0.00941
65	0.00853	0.00612	0.00810	0.00882	0.00966	0.00569	0.00615	0.01045	0.01498	0.02058	0.30705	0.48280	0.05085	0.01780	0.00815	0.00244	0.00354	0.01603	0.00656	0.00569
66	0.06084	0.01194	0.01538	0.01363	0.04793	0.01190	0.03755	0.09864	0.13399	0.30659	0.02508	0.16548	0.02071	0.01037	0.00689	0.00219	0.00566	0.00890	0.00673	0.00960
67	0.04628	0.01434	0.01792	0.01461	0.01878	0.05055	0.11329	0.09192	0.28352	0.11950	0.10236	0.02586	0.05355	0.00889	0.00688	0.00213	0.00634	0.00774	0.00615	0.00941
68	0.01049	0.00749	0.01047	0.01199	0.01345	0.00747	0.01040	0.01343	0.01504	0.01957	0.03492	0.10627	0.03815	0.01830	0.00906	0.00301	0.00596	0.65243	0.00606	0.00603
69	0.00813	0.00586	0.00773	0.00919	0.00971	0.00546	0.00627	0.00939	0.01283	0.01699	0.03763	0.69981	0.07495	0.02033	0.00841	0.00267	0.00390	0.04926	0.00611	0.00539
70	0.01337	0.01281	0.02191	0.55823	0.17100	0.01513	0.04895	0.01760	0.01349	0.01785	0.01178	0.01720	0.00913	0.00660	0.00722	0.00218	0.03865	0.00594	0.00300	0.00796
71	0.01740	0.73841	0.06691	0.01161	0.01743	0.02555	0.01187	0.01977	0.01340	0.01574	0.00928	0.01071	0.00844	0.00566	0.00432	0.00144	0.00716	0.00358	0.00281	0.00851
72	0.00951	0.00663	0.00842	0.00842	0.00885	0.00706	0.00554	0.01037	0.00994	0.01368	0.01961	0.03680	0.02121	0.50635	0.29207	0.00791	0.01049	0.00865	0.00382	0.00468
73	0.01403	0.01341	0.04683	0.01670	0.02061	0.01294	0.22035	0.02254	0.24320	0.04711	0.02491	0.22843	0.02331	0.01121	0.00752	0.00235	0.00681	0.02385	0.00540	0.00846
74	0.01505	0.01291	0.05376	0.14842	0.02497	0.01241	0.18667	0.01852	0.01459	0.13475	0.03945	0.15855	0.06112	0.01036	0.00867	0.00232	0.07538	0.00940	0.00475	0.00795
75	0.02099	0.01935	0.26091	0.01412	0.02040	0.01247	0.01461	0.10671	0.01858	0.32152	0.10359	0.02192	0.01846	0.00811	0.00663	0.00205	0.00691	0.00657	0.00602	0.01010
76	0.01554	0.01776	0.03885	0.02775	0.03441	0.01665	0.70366	0.02109	0.01554	0.02109	0.01332	0.01776	0.00999	0.00555	0.00777	0.00222	0.01110	0.00777	0.00333	0.00888
77	0.01539	0.01686	0.06077	0.20695	0.30656	0.04936	0.20792	0.01994	0.01482	0.01998	0.01235	0.01669	0.00972	0.00601	0.00684	0.00208	0.00923	0.00626	0.00318	0.00909
78	0.01457	0.15453	0.42952	0.01991	0.02812	0.01747	0.20440	0.02072	0.01425	0.02001	0.01177	0.01437	0.00880	0.00596	0.00632	0.00201	0.00964	0.00542	0.00293	0.00928
79	0.00802	0.00573	0.00764	0.00917	0.00955	0.00535	0.00611	0.00917	0.01260	0.01681	0.03628	0.76434	0.04354	0.02062	0.00840	0.00267	0.00382	0.01872	0.00611	0.00535
80	0.00990	0.00662	0.00946	0.01010	0.01108	0.00617	0.03294	0.01135	0.01311	0.06881	0.03416	0.66215	0.03956	0.01993	0.02813	0.00282	0.00460	0.01711	0.00608	0.00592
81	0.01800	0.01481	0.05847	0.01900	0.07347	0.01358	0.22349	0.07431	0.10841	0.16622	0.10558	0.05616	0.02047	0.00838	0.00717	0.00214	0.00734	0.00807	0.00554	0.00939
82	0.01551	0.01752	0.03753	0.02773	0.05937	0.01677	0.64629	0.02081	0.01526	0.02086	0.01307	0.01755	0.00994	0.00584	0.00836	0.00224	0.04556	0.00761	0.00331	0.00886
83	0.02954	0.01120	0.01528	0.01171	0.01681	0.00968	0.00968	0.03208	0.01884	0.73213	0.02597	0.02241	0.01630	0.00815	0.00662	0.00204	0.00560	0.00662	0.00815	0.01120
84	0.01380	0.03003	0.56623	0.02152	0.06207	0.01557	0.15641	0.02087	0.01427	0.02093	0.01213	0.01476	0.00876	0.00610	0.00656	0.00211	0.00991	0.00548	0.00291	0.00960
85	0.01937	0.01746	0.07622	0.09178	0.08109	0.06534	0.23491	0.09055	0.03083	0.16648	0.01618	0.03283	0.01192	0.00709	0.00732	0.00212	0.02770	0.00674	0.00466	0.00944
86	0.01460	0.01417	0.01837	0.48999	0.03560	0.08259	0.01570	0.02248	0.19852	0.01957	0.01553	0.01887	0.01173	0.00722	0.00655	0.00216	0.00812	0.00612	0.00396	0.00816
87	0.00830	0.00611	0.00820	0.00953	0.00989	0.00601	0.00648	0.00946	0.01249	0.01676	0.03506	0.73101	0.04199	0.02022	0.00899	0.00268	0.03728	0.01814	0.00597	0.00543
88	0.01438	0.10746	0.52242	0.01827	0.02668	0.01595	0.09893	0.02081	0.01443	0.04760	0.04391	0.01588	0.01123	0.00650	0.00630	0.00203	0.00915	0.00543	0.00325	0.00940
89	0.01406	0.17786	0.59822	0.01730	0.02623	0.01738	0.02178	0.02063	0.01380	0.01980	0.01130	0.01325	0.00836	0.00613	0.00586	0.00195	0.00921	0.00460	0.00279	0.00948
90	0.01028	0.00797	0.01149	0.01111	0.01224	0.00950	0.00867	0.03124	0.01105	0.01593	0.01697	0.02546	0.01601	0.08097	0.62466	0.00947	0.08033	0.00704	0.00358	0.00604
91	0.01627	0.05416	0.02573	0.02793	0.32677	0.06848	0.15775	0.02253	0.13024	0.02145	0.01639	0.05241	0.01401	0.00740	0.00681	0.00207	0.00809	0.02801	0.00404	0.00944
92	0.01483	0.11757	0.35261	0.01989	0.12039	0.04357	0.06621	0.05816	0.01527	0.02089	0.01681	0.04820	0.06232	0.00753	0.00635	0.00201	0.00847	0.00629	0.00350	0.00913
93	0.01629	0.01564	0.02672	0.04041	0.72757	0.01564	0.02020	0.02020	0.01499	0.02151	0.01238	0.01629	0.01043	0.00587	0.00652	0.00196	0.00782	0.00587	0.00326	0.01043
94	0.00825	0.00600	0.00817	0.01003	0.02946	0.00563	0.00650	0.00947	0.01267	0.01694	0.03562	0.74360	0.04262	0.02022	0.00835	0.00265	0.00393	0.01836	0.00603	0.00549
95	0.01650	0.01704	0.10434	0.02258	0.16084	0.03282	0.21662	0.08502	0.03583	0.08367	0.02205	0.05733	0.09819	0.00829	0.00710	0.00212	0.00806	0.00794	0.00453	0.00914
