[name]
unknown

[dist]
# distance from previous block
# <min> <max>
0	204

[block]
# block no. 0 follows, 29 sequences, length 61
# corresponding to MSA columns:
# 328-388
name=unknown_A
#
# <colnr> <probs for GDERKNQSTAVLIFYWHMCP>
#	G	D	E	R	K	N	Q	S	T	A	V	L	I	F	Y	W	H	M	C	P
0	0.12827	0.15544	0.07703	0.01726	0.10353	0.01784	0.01369	0.13783	0.03541	0.17199	0.01794	0.02111	0.01392	0.00823	0.00643	0.00213	0.00726	0.04882	0.00554	0.01034
1	0.02218	0.10493	0.02133	0.01726	0.09562	0.04325	0.01273	0.30897	0.04385	0.09628	0.12177	0.02402	0.03827	0.00917	0.00702	0.00209	0.00705	0.00734	0.00636	0.01053
2	0.01616	0.14583	0.20964	0.01504	0.04933	0.01558	0.01450	0.07715	0.01654	0.03941	0.04607	0.02113	0.03995	0.06831	0.00864	0.00221	0.00747	0.00607	0.00428	0.19669
3	0.02054	0.35295	0.11885	0.01891	0.10550	0.21441	0.01567	0.04207	0.01685	0.01928	0.01121	0.01320	0.00948	0.00662	0.00574	0.00179	0.00953	0.00459	0.00338	0.00942
4	0.01024	0.00686	0.00780	0.00791	0.00794	0.00683	0.00447	0.01033	0.01057	0.01410	0.02355	0.09289	0.02729	0.70154	0.03444	0.00664	0.00672	0.01101	0.00447	0.00441
5	0.02251	0.05588	0.01852	0.01545	0.01922	0.40030	0.01195	0.14717	0.02206	0.02417	0.10722	0.02407	0.08288	0.00946	0.00692	0.00198	0.00958	0.00696	0.00511	0.00861
6	0.01808	0.01319	0.06066	0.01163	0.01699	0.01000	0.00998	0.02148	0.01707	0.19229	0.14577	0.02434	0.02279	0.00817	0.00690	0.00169	0.02475	0.00669	0.00591	0.38158
7	0.04949	0.28321	0.40349	0.01857	0.07045	0.02057	0.02033	0.02201	0.01479	0.02099	0.01170	0.01381	0.00916	0.00650	0.00592	0.00199	0.00917	0.00477	0.00311	0.00997
8	0.01653	0.06435	0.06720	0.12093	0.49630	0.01682	0.02008	0.02066	0.01541	0.02156	0.01364	0.01916	0.01176	0.05572	0.00882	0.00243	0.00855	0.00638	0.00347	0.01023
9	0.01129	0.00925	0.01138	0.01126	0.01246	0.05576	0.00842	0.01334	0.01183	0.01611	0.01913	0.03024	0.01865	0.17257	0.55386	0.01001	0.01652	0.00791	0.00389	0.00612
10	0.01151	0.00878	0.01075	0.01000	0.01212	0.00878	0.00757	0.01802	0.14645	0.02879	0.57523	0.04819	0.05865	0.01364	0.00818	0.00227	0.00379	0.01197	0.00773	0.00757
11	0.01673	0.01600	0.02728	0.19178	0.56427	0.01668	0.02141	0.02107	0.01579	0.02217	0.01324	0.01792	0.01090	0.00651	0.00706	0.00217	0.00868	0.00634	0.00345	0.01056
12	0.01624	0.13367	0.47019	0.01956	0.02799	0.07825	0.06707	0.02255	0.01525	0.02098	0.01212	0.01467	0.00919	0.00703	0.00761	0.00218	0.05715	0.00528	0.00312	0.00990
13	0.00873	0.00629	0.00827	0.00975	0.01031	0.00583	0.00656	0.01008	0.01403	0.01868	0.06958	0.68480	0.07717	0.02178	0.00903	0.00284	0.00407	0.01969	0.00666	0.00583
14	0.02136	0.01539	0.01711	0.01388	0.01824	0.01662	0.01118	0.36893	0.12691	0.07561	0.20470	0.02867	0.02875	0.01035	0.00749	0.00221	0.00620	0.00845	0.00743	0.01053
15	0.01905	0.01662	0.03136	0.13473	0.20086	0.01638	0.30167	0.04015	0.01723	0.12626	0.01602	0.01949	0.01179	0.00674	0.00766	0.00229	0.00976	0.00735	0.00439	0.01021
16	0.01744	0.08264	0.24053	0.07664	0.07352	0.07019	0.13473	0.10559	0.01850	0.02483	0.07400	0.01942	0.01506	0.00753	0.00709	0.00217	0.00953	0.00662	0.00416	0.00980
17	0.01305	0.00683	0.00723	0.00743	0.00909	0.00683	0.00578	0.01637	0.01511	0.02590	0.02501	0.03316	0.02105	0.00969	0.00557	0.00186	0.00372	0.08664	0.69306	0.00663
18	0.00994	0.00727	0.00932	0.00881	0.01055	0.00666	0.00661	0.01316	0.01982	0.02775	0.64741	0.05451	0.12186	0.01486	0.00840	0.00225	0.00338	0.01306	0.00773	0.00666
19	0.70562	0.01357	0.01121	0.00977	0.01431	0.01530	0.00805	0.02262	0.01313	0.11534	0.01215	0.01312	0.00893	0.00688	0.00475	0.00220	0.00558	0.00426	0.00495	0.00825
20	0.66523	0.01348	0.01153	0.00994	0.01454	0.01501	0.00819	0.02335	0.01357	0.15100	0.01311	0.01379	0.00945	0.00700	0.00489	0.00220	0.00560	0.00444	0.00518	0.00849
21	0.01905	0.14753	0.08510	0.01749	0.02367	0.01810	0.15876	0.18110	0.01993	0.04914	0.01642	0.05145	0.01379	0.00800	0.00684	0.00201	0.00825	0.03496	0.00484	0.13357
22	0.01518	0.17156	0.58595	0.01877	0.02846	0.01872	0.02366	0.02232	0.01493	0.02146	0.01224	0.01436	0.00904	0.00664	0.00635	0.00212	0.00998	0.00499	0.00301	0.01026
23	0.00868	0.00620	0.00826	0.00991	0.01033	0.00578	0.00661	0.00991	0.01363	0.01818	0.03925	0.74510	0.04710	0.02231	0.00909	0.00289	0.00413	0.02024	0.00661	0.00578
24	0.01803	0.01720	0.03225	0.17966	0.03583	0.01746	0.38465	0.12182	0.01903	0.05387	0.03784	0.02018	0.01287	0.00703	0.00788	0.00234	0.01029	0.00775	0.00440	0.00962
25	0.01619	0.02016	0.11952	0.11287	0.13765	0.01751	0.40423	0.02193	0.01603	0.02214	0.01371	0.01833	0.01046	0.00646	0.00827	0.00236	0.03159	0.00740	0.00345	0.00972
26	0.01454	0.01446	0.02640	0.13009	0.05297	0.01515	0.28210	0.01973	0.06847	0.02053	0.01872	0.10780	0.01747	0.10039	0.01289	0.00306	0.07332	0.00942	0.00422	0.00828
27	0.01518	0.01437	0.02437	0.40654	0.33690	0.01609	0.02035	0.01963	0.01502	0.02037	0.01318	0.01867	0.01054	0.00824	0.02959	0.00255	0.00934	0.00638	0.00334	0.00934
28	0.02227	0.01716	0.08392	0.02942	0.33800	0.01474	0.08652	0.02651	0.01764	0.26387	0.01860	0.01989	0.01326	0.00721	0.00720	0.00219	0.00816	0.00675	0.00534	0.01134
29	0.01810	0.01995	0.15640	0.09670	0.33111	0.01620	0.10164	0.02385	0.04441	0.09902	0.01561	0.01856	0.01177	0.00686	0.00719	0.00222	0.00900	0.00655	0.00414	0.01071
30	0.00852	0.00709	0.00745	0.00762	0.00975	0.00601	0.00562	0.01033	0.01609	0.01952	0.09614	0.15102	0.59357	0.01840	0.00850	0.00246	0.00366	0.01557	0.00667	0.00601
31	0.01644	0.02028	0.11700	0.02563	0.03250	0.01748	0.46704	0.02496	0.12959	0.02374	0.01681	0.02023	0.01265	0.00828	0.03171	0.00269	0.01100	0.00794	0.00415	0.00989
32	0.05831	0.03877	0.10493	0.01500	0.02053	0.10481	0.01334	0.17452	0.09582	0.22770	0.05908	0.02110	0.01690	0.00857	0.00690	0.00216	0.00768	0.00663	0.00649	0.01076
33	0.01015	0.00977	0.05684	0.01234	0.01407	0.00865	0.04812	0.01242	0.01352	0.01844	0.03288	0.43702	0.07843	0.02538	0.14345	0.00441	0.04696	0.01512	0.00549	0.00654
34	0.05191	0.01831	0.02011	0.01846	0.10444	0.10091	0.01333	0.27495	0.02450	0.27150	0.01954	0.01898	0.01345	0.00816	0.00696	0.00212	0.00782	0.00637	0.00677	0.01141
35	0.01683	0.23406	0.45729	0.01787	0.02648	0.09047	0.02116	0.02280	0.01539	0.02044	0.01181	0.01382	0.00907	0.00664	0.00613	0.00201	0.00996	0.00479	0.00308	0.00991
36	0.11494	0.15095	0.14599	0.01834	0.04794	0.08989	0.11776	0.08455	0.09955	0.02530	0.03075	0.01699	0.01246	0.00725	0.00645	0.00210	0.00878	0.00592	0.00437	0.00974
37	0.01589	0.01336	0.01457	0.01331	0.01676	0.01507	0.01036	0.03189	0.52685	0.02917	0.16557	0.03430	0.03178	0.01109	0.00759	0.00242	0.00521	0.03733	0.00734	0.01014
38	0.02759	0.02186	0.02051	0.01632	0.02157	0.16600	0.01319	0.46376	0.02905	0.12351	0.01722	0.01712	0.01220	0.00833	0.00698	0.00208	0.00865	0.00613	0.00662	0.01131
39	0.05720	0.01542	0.01743	0.01394	0.01857	0.08266	0.03977	0.17299	0.02274	0.30018	0.15657	0.02654	0.02472	0.00954	0.00727	0.00217	0.00682	0.00779	0.00733	0.01037
40	0.01785	0.01448	0.02054	0.01684	0.02097	0.04385	0.16357	0.05329	0.22072	0.11378	0.05576	0.17775	0.02514	0.01147	0.00790	0.00244	0.00713	0.01061	0.00635	0.00954
41	0.00868	0.00620	0.00826	0.00991	0.01033	0.00578	0.00661	0.00991	0.01363	0.01818	0.03925	0.74510	0.04710	0.02231	0.00909	0.00289	0.00413	0.02024	0.00661	0.00578
42	0.01762	0.01692	0.02890	0.04371	0.70533	0.01692	0.02185	0.02185	0.01621	0.02326	0.01339	0.01762	0.01128	0.00634	0.00705	0.00211	0.00846	0.00634	0.00352	0.01128
43	0.01631	0.01609	0.02890	0.23581	0.41186	0.01679	0.12793	0.02098	0.01575	0.02176	0.01335	0.01826	0.01070	0.00651	0.00729	0.00223	0.00933	0.00667	0.00344	0.01006
44	0.02359	0.02720	0.02097	0.02090	0.10534	0.44709	0.01459	0.07233	0.10037	0.02147	0.01374	0.01558	0.01115	0.00798	0.00799	0.00206	0.06870	0.00547	0.00427	0.00921
45	0.01046	0.00720	0.00917	0.00868	0.01036	0.00671	0.00651	0.01382	0.01953	0.02831	0.62034	0.05000	0.06133	0.01381	0.00799	0.00217	0.00335	0.01213	0.10143	0.00671
46	0.01109	0.00865	0.01308	0.01486	0.09506	0.00962	0.00989	0.01352	0.01188	0.01700	0.01881	0.02902	0.01801	0.13337	0.55172	0.00977	0.01631	0.00781	0.00384	0.00670
47	0.01729	0.05338	0.22835	0.05887	0.21698	0.01710	0.21027	0.02303	0.01617	0.06922	0.01433	0.01758	0.01076	0.00656	0.00726	0.00223	0.00991	0.00657	0.00372	0.01041
48	0.02660	0.03394	0.02018	0.01834	0.02201	0.72116	0.01376	0.02843	0.02018	0.01743	0.01101	0.01284	0.00917	0.00734	0.00642	0.00183	0.01284	0.00459	0.00367	0.00825
49	0.01017	0.00763	0.01144	0.01144	0.01272	0.00890	0.00890	0.01272	0.01144	0.01653	0.01907	0.02797	0.01780	0.05340	0.72153	0.01144	0.01907	0.00763	0.00381	0.00636
50	0.01305	0.00980	0.01241	0.01310	0.01536	0.01018	0.01117	0.05670	0.11087	0.02373	0.03757	0.06840	0.08047	0.01753	0.00922	0.00303	0.00631	0.48690	0.00669	0.00750
51	0.01660	0.02066	0.09715	0.02921	0.03669	0.01789	0.62579	0.02279	0.01666	0.02279	0.01427	0.01886	0.01066	0.00607	0.00827	0.00239	0.01188	0.00815	0.00355	0.00968
52	0.01036	0.00690	0.00777	0.00777	0.00777	0.00690	0.00431	0.01036	0.01036	0.01381	0.02244	0.04660	0.02589	0.74975	0.03624	0.00690	0.00690	0.01036	0.00431	0.00431
53	0.00852	0.00722	0.00736	0.00733	0.00968	0.00606	0.00549	0.01043	0.01648	0.01984	0.11265	0.06754	0.66156	0.01781	0.00841	0.00239	0.00359	0.01489	0.00669	0.00606
54	0.01514	0.11875	0.55337	0.02051	0.03012	0.01808	0.10288	0.02244	0.01518	0.02190	0.01264	0.01511	0.00925	0.00659	0.00670	0.00219	0.01036	0.00547	0.00308	0.01025
55	0.01771	0.01530	0.01610	0.01449	0.01852	0.01771	0.01127	0.03784	0.69247	0.02979	0.02898	0.02657	0.02174	0.00966	0.00725	0.00242	0.00564	0.00805	0.00725	0.01127
56	0.03195	0.01212	0.01652	0.01267	0.01818	0.01047	0.01047	0.03470	0.02038	0.71026	0.02809	0.02424	0.01763	0.00881	0.00716	0.00220	0.00606	0.00716	0.00881	0.01212
57	0.01702	0.01616	0.02671	0.14231	0.55081	0.01682	0.02065	0.02267	0.07327	0.02307	0.01461	0.01858	0.01190	0.00674	0.00708	0.00218	0.00837	0.00649	0.00379	0.01078
58	0.01428	0.03683	0.71286	0.02030	0.03082	0.01654	0.02631	0.02255	0.01503	0.02255	0.01278	0.01503	0.00902	0.00677	0.00677	0.00226	0.01052	0.00526	0.00301	0.01052
59	0.00842	0.00721	0.00721	0.00721	0.00962	0.00601	0.00541	0.01022	0.01623	0.01924	0.07213	0.06853	0.70244	0.01803	0.00842	0.00240	0.00361	0.01503	0.00661	0.00601
60	0.02645	0.01964	0.02102	0.01626	0.02185	0.02179	0.01338	0.63892	0.07716	0.04388	0.01788	0.01772	0.01275	0.00862	0.00713	0.00216	0.00769	0.00652	0.00713	0.01205

[dist]
# distance from previous block
# <min> <max>
1	25

[block]
# block no. 1 follows, 29 sequences, length 27
# corresponding to MSA columns:
# 415-441
name=unknown_B
#
# <colnr> <probs for GDERKNQSTAVLIFYWHMCP>
#	G	D	E	R	K	N	Q	S	T	A	V	L	I	F	Y	W	H	M	C	P
0	0.00868	0.00620	0.00826	0.00991	0.01033	0.00578	0.00661	0.00991	0.01363	0.01818	0.03925	0.74510	0.04710	0.02231	0.00909	0.00289	0.00413	0.02024	0.00661	0.00578
1	0.01428	0.03683	0.71286	0.02030	0.03082	0.01654	0.02631	0.02255	0.01503	0.02255	0.01278	0.01503	0.00902	0.00677	0.00677	0.00226	0.01052	0.00526	0.00301	0.01052
2	0.08381	0.01869	0.01996	0.01550	0.02102	0.02056	0.01277	0.55511	0.06111	0.09306	0.01794	0.01766	0.01264	0.00848	0.00693	0.00216	0.00743	0.00635	0.00706	0.01175
3	0.01428	0.03683	0.71286	0.02030	0.03082	0.01654	0.02631	0.02255	0.01503	0.02255	0.01278	0.01503	0.00902	0.00677	0.00677	0.00226	0.01052	0.00526	0.00301	0.01052
4	0.01179	0.00855	0.01171	0.01318	0.01494	0.00868	0.01146	0.01592	0.05045	0.02174	0.03726	0.07761	0.04001	0.01917	0.00970	0.00323	0.00651	0.62469	0.00659	0.00679
5	0.01072	0.00818	0.01178	0.01166	0.01313	0.00954	0.00907	0.01453	0.06070	0.01749	0.01979	0.02787	0.01809	0.05024	0.66987	0.01079	0.01810	0.00766	0.00406	0.00671
6	0.01691	0.01893	0.04043	0.03166	0.11785	0.01788	0.60011	0.02269	0.01674	0.02286	0.01428	0.01902	0.01086	0.00604	0.00824	0.00237	0.01158	0.00815	0.00359	0.00981
7	0.00868	0.00620	0.00826	0.00991	0.01033	0.00578	0.00661	0.00991	0.01363	0.01818	0.03925	0.74510	0.04710	0.02231	0.00909	0.00289	0.00413	0.02024	0.00661	0.00578
8	0.02704	0.02065	0.02131	0.01648	0.02208	0.05732	0.01355	0.64866	0.03281	0.04349	0.01679	0.01688	0.01196	0.00849	0.00709	0.00212	0.00809	0.00632	0.00695	0.01192
9	0.01532	0.01560	0.02475	0.02026	0.02169	0.01991	0.14385	0.01772	0.01225	0.01831	0.01249	0.06905	0.01236	0.01192	0.01943	0.00296	0.54301	0.00767	0.00346	0.00800
10	0.00883	0.00652	0.00831	0.00967	0.01052	0.00599	0.00674	0.01031	0.01429	0.01859	0.04493	0.57869	0.16216	0.02137	0.00902	0.00283	0.00421	0.06454	0.00661	0.00588
11	0.00868	0.00620	0.00826	0.00991	0.01033	0.00578	0.00661	0.00991	0.01363	0.01818	0.03925	0.74510	0.04710	0.02231	0.00909	0.00289	0.00413	0.02024	0.00661	0.00578
12	0.06363	0.01449	0.01586	0.01314	0.01698	0.01588	0.01054	0.28953	0.09921	0.06116	0.09276	0.03163	0.14038	0.03886	0.00960	0.00248	0.05889	0.00875	0.00664	0.00958
13	0.01473	0.10487	0.64877	0.01953	0.02963	0.01764	0.02497	0.02243	0.01498	0.02200	0.01251	0.01469	0.00903	0.00670	0.00656	0.00219	0.01025	0.00512	0.00301	0.01039
14	0.01673	0.01899	0.04081	0.02934	0.03611	0.01823	0.63979	0.02247	0.01645	0.02247	0.01410	0.01899	0.01072	0.00639	0.00930	0.00244	0.05532	0.00827	0.00357	0.00950
15	0.01432	0.01361	0.02270	0.56170	0.16050	0.01644	0.01983	0.01875	0.01434	0.01899	0.01254	0.01850	0.00979	0.00737	0.00828	0.00238	0.06191	0.00632	0.00322	0.00848
16	0.02748	0.02399	0.02037	0.01664	0.02159	0.26955	0.01325	0.37189	0.02718	0.11451	0.01624	0.01643	0.01172	0.00815	0.00688	0.00204	0.00941	0.00585	0.00610	0.01074
17	0.00879	0.00654	0.00819	0.00923	0.01021	0.00594	0.00637	0.01040	0.01497	0.01965	0.12616	0.51794	0.18868	0.02047	0.00886	0.00271	0.00393	0.01825	0.00676	0.00594
18	0.00881	0.00636	0.00812	0.00946	0.01002	0.00591	0.00628	0.00998	0.01358	0.01787	0.04081	0.61638	0.10730	0.08912	0.01153	0.00322	0.00434	0.01883	0.00640	0.00567
19	0.15830	0.01991	0.10931	0.01488	0.02060	0.05942	0.01337	0.23517	0.11940	0.15229	0.01856	0.01823	0.01312	0.00811	0.00659	0.00220	0.00746	0.00608	0.00622	0.01079
20	0.05236	0.01614	0.01917	0.01649	0.05239	0.01742	0.04386	0.23978	0.25993	0.13634	0.05370	0.02306	0.01857	0.00895	0.00718	0.00226	0.00673	0.00739	0.00701	0.01124
21	0.00915	0.00670	0.00868	0.00997	0.01092	0.00624	0.00719	0.01090	0.01480	0.01942	0.08310	0.51007	0.13707	0.02086	0.00907	0.00284	0.00438	0.11596	0.00668	0.00599
22	0.18935	0.01510	0.01753	0.06685	0.11369	0.01673	0.01262	0.16076	0.17418	0.06670	0.02020	0.02113	0.03951	0.01061	0.04262	0.00271	0.00734	0.00664	0.00570	0.01004
23	0.02138	0.23243	0.12077	0.01632	0.02210	0.08404	0.04051	0.19699	0.05708	0.06092	0.01437	0.01565	0.01110	0.00779	0.00767	0.00206	0.06837	0.00554	0.00471	0.01020
24	0.13711	0.01807	0.14892	0.01385	0.01932	0.01496	0.01301	0.09042	0.19818	0.13746	0.06513	0.02553	0.06927	0.00932	0.00686	0.00228	0.00655	0.00739	0.00623	0.01014
25	0.04792	0.01626	0.01977	0.09732	0.09651	0.01748	0.01376	0.26980	0.14621	0.11649	0.01917	0.01962	0.01391	0.00808	0.00692	0.00214	0.00720	0.00654	0.00623	0.06866
26	0.01537	0.01157	0.01253	0.01172	0.01483	0.03741	0.00914	0.04131	0.20923	0.09583	0.04077	0.13808	0.20038	0.01433	0.00799	0.00248	0.00539	0.08863	0.00684	0.03619

[dist]
# distance from previous block
# <min> <max>
6	25

[block]
# block no. 2 follows, 29 sequences, length 28
# corresponding to MSA columns:
# 467-494
name=unknown_C
#
# <colnr> <probs for GDERKNQSTAVLIFYWHMCP>
#	G	D	E	R	K	N	Q	S	T	A	V	L	I	F	Y	W	H	M	C	P
0	0.01965	0.02122	0.16112	0.02014	0.13858	0.11273	0.01572	0.05657	0.06587	0.12251	0.01860	0.02119	0.03216	0.05497	0.00923	0.00240	0.03372	0.00647	0.02379	0.06339
1	0.05998	0.04657	0.20121	0.06072	0.04917	0.08166	0.07223	0.02417	0.07011	0.11781	0.10875	0.02406	0.01997	0.00859	0.00709	0.00223	0.00831	0.02269	0.00509	0.00957
2	0.09002	0.04617	0.10028	0.10163	0.11028	0.08092	0.01535	0.10137	0.10945	0.09318	0.01896	0.02019	0.04197	0.00823	0.00726	0.00222	0.03105	0.00643	0.00506	0.00997
3	0.01725	0.07025	0.32062	0.02635	0.23016	0.01711	0.06300	0.06233	0.01705	0.05932	0.04000	0.01789	0.01265	0.00706	0.00692	0.00217	0.00916	0.00615	0.00393	0.01064
4	0.04425	0.16303	0.46940	0.01982	0.02884	0.01883	0.11628	0.02231	0.01508	0.02188	0.01239	0.01485	0.00925	0.00653	0.00652	0.00214	0.01003	0.00540	0.00315	0.01004
5	0.01587	0.19476	0.35002	0.01746	0.02502	0.01804	0.07881	0.02240	0.05619	0.04575	0.05501	0.05875	0.01577	0.00811	0.00668	0.00214	0.00877	0.00673	0.00401	0.00974
6	0.01518	0.05674	0.34963	0.02357	0.10249	0.01658	0.17770	0.02234	0.05616	0.02251	0.01632	0.07856	0.01368	0.00800	0.00732	0.00231	0.00969	0.00750	0.00377	0.00997
7	0.01963	0.04222	0.02419	0.29714	0.03445	0.31212	0.10929	0.02318	0.01700	0.01845	0.01205	0.01615	0.00953	0.00717	0.00737	0.00215	0.03034	0.00582	0.00343	0.00832
8	0.01653	0.01477	0.02315	0.14210	0.39619	0.01541	0.01787	0.09448	0.01789	0.02458	0.04785	0.06780	0.04989	0.00905	0.00741	0.00226	0.00777	0.03058	0.00450	0.00991
9	0.01800	0.01714	0.02571	0.09967	0.14503	0.07937	0.17353	0.06855	0.01714	0.06372	0.01957	0.04202	0.07035	0.00908	0.00993	0.00239	0.11736	0.00783	0.00438	0.00925
10	0.02262	0.01464	0.02273	0.02899	0.38020	0.01415	0.01636	0.02722	0.05873	0.27832	0.04869	0.02211	0.01661	0.00780	0.00716	0.00217	0.00719	0.00702	0.00589	0.01140
11	0.01022	0.00787	0.00954	0.01046	0.01181	0.00780	0.00753	0.01452	0.11518	0.02033	0.04256	0.47985	0.14184	0.01956	0.00878	0.00278	0.00448	0.07150	0.00670	0.00670
12	0.01970	0.01453	0.01843	0.12171	0.02361	0.07617	0.07281	0.06446	0.10853	0.17999	0.07427	0.05165	0.05390	0.01062	0.00769	0.00238	0.00746	0.07645	0.00626	0.00938
13	0.02119	0.01322	0.02018	0.01584	0.02054	0.01254	0.15312	0.09386	0.05993	0.27027	0.03095	0.13051	0.10250	0.01127	0.00785	0.00237	0.00693	0.01021	0.00685	0.00989
14	0.00974	0.00718	0.00822	0.00838	0.01032	0.00625	0.00612	0.01167	0.01634	0.05003	0.15557	0.23406	0.41421	0.01819	0.00853	0.00249	0.00381	0.01568	0.00689	0.00632
15	0.01446	0.01245	0.01849	0.08202	0.20716	0.01277	0.04538	0.08900	0.05194	0.02352	0.02915	0.23792	0.09524	0.01318	0.00798	0.00247	0.00667	0.03613	0.00541	0.00867
16	0.01510	0.07119	0.64698	0.01981	0.02979	0.05106	0.02502	0.02277	0.01525	0.02202	0.01255	0.01475	0.00903	0.00676	0.00664	0.00220	0.01050	0.00516	0.00304	0.01035
17	0.01999	0.01807	0.02270	0.07146	0.33049	0.13262	0.01714	0.08277	0.01870	0.08040	0.01812	0.02673	0.01584	0.00894	0.00738	0.00227	0.00871	0.10292	0.00474	0.01002
18	0.00969	0.00709	0.00911	0.00898	0.01050	0.00650	0.00659	0.01255	0.01869	0.02597	0.53339	0.17460	0.11740	0.01620	0.00852	0.00237	0.00351	0.01434	0.00752	0.00650
19	0.01391	0.05307	0.36617	0.08005	0.02956	0.01539	0.15815	0.02004	0.01544	0.02141	0.02221	0.04782	0.10808	0.00871	0.00736	0.00231	0.00945	0.00782	0.00377	0.00927
20	0.61907	0.01640	0.01292	0.01117	0.01571	0.07650	0.00909	0.12037	0.01599	0.03265	0.01108	0.01250	0.00849	0.00696	0.00498	0.00216	0.00648	0.00430	0.00475	0.00842
21	0.01541	0.00776	0.00928	0.00864	0.01063	0.00771	0.00647	0.01800	0.01455	0.13662	0.02320	0.02939	0.01920	0.12644	0.13438	0.00423	0.00704	0.00745	0.40643	0.00715
22	0.01554	0.01489	0.01518	0.01634	0.10332	0.14035	0.01123	0.05047	0.04658	0.02315	0.13134	0.07255	0.12758	0.01265	0.00777	0.00229	0.00684	0.12186	0.00570	0.07435
23	0.24105	0.05290	0.10250	0.01685	0.07643	0.12308	0.01373	0.18958	0.03426	0.03034	0.04620	0.01639	0.01271	0.00763	0.00616	0.00211	0.00803	0.00551	0.00491	0.00963
24	0.01453	0.01526	0.01198	0.01227	0.01388	0.23641	0.00867	0.01593	0.01577	0.01776	0.03192	0.40995	0.08900	0.06085	0.00980	0.00275	0.00706	0.01416	0.00552	0.00651
25	0.01283	0.00873	0.01101	0.01102	0.01261	0.00882	0.00806	0.05461	0.04862	0.08402	0.08713	0.45275	0.09101	0.01814	0.00946	0.00269	0.04871	0.01583	0.00675	0.00721
26	0.01583	0.26999	0.49325	0.01766	0.02674	0.02032	0.02172	0.02215	0.01485	0.02067	0.01184	0.01386	0.00906	0.00655	0.00605	0.00202	0.00958	0.00479	0.00302	0.01007
27	0.13245	0.20503	0.06102	0.01203	0.01646	0.01723	0.01072	0.05104	0.16157	0.02662	0.20555	0.02668	0.02778	0.00942	0.00642	0.00208	0.00589	0.00743	0.00564	0.00892

[dist]
# distance from previous block
# <min> <max>
0	2

[block]
# block no. 3 follows, 29 sequences, length 39
# corresponding to MSA columns:
# 587-625
name=unknown_D
#
# <colnr> <probs for GDERKNQSTAVLIFYWHMCP>
#	G	D	E	R	K	N	Q	S	T	A	V	L	I	F	Y	W	H	M	C	P
0	0.01506	0.01420	0.02359	0.42976	0.28390	0.01575	0.01968	0.01950	0.01499	0.02040	0.01292	0.01818	0.01022	0.00670	0.00696	0.00218	0.00880	0.00618	0.00337	0.06767
1	0.01422	0.03608	0.04291	0.01259	0.01606	0.03741	0.03653	0.05139	0.24171	0.02587	0.17604	0.09171	0.16293	0.01275	0.00776	0.00234	0.00552	0.01090	0.00662	0.00866
2	0.01016	0.00671	0.00807	0.00859	0.00924	0.00659	0.00565	0.01147	0.01287	0.01826	0.05943	0.27392	0.05794	0.28595	0.06896	0.00472	0.00602	0.01313	0.12683	0.00547
3	0.00880	0.00670	0.00838	0.00951	0.01039	0.00628	0.00657	0.01019	0.01418	0.01840	0.04630	0.56314	0.20300	0.02102	0.00932	0.00278	0.02404	0.01861	0.00651	0.00589
4	0.01556	0.01556	0.01902	0.01677	0.01746	0.09053	0.01367	0.01741	0.01212	0.01741	0.01196	0.01816	0.01133	0.01983	0.15830	0.00457	0.49315	0.00635	0.03333	0.00751
5	0.01483	0.11913	0.63534	0.01936	0.02938	0.01787	0.02469	0.02241	0.01497	0.02189	0.01245	0.01462	0.00903	0.00669	0.00651	0.00217	0.01019	0.00509	0.00301	0.01036
6	0.74184	0.06895	0.01247	0.00957	0.01411	0.01688	0.00804	0.02096	0.01229	0.03082	0.00991	0.01156	0.00782	0.00657	0.00442	0.00215	0.00567	0.00385	0.00431	0.00782
7	0.09380	0.37241	0.02667	0.01282	0.01824	0.02187	0.01157	0.16146	0.01886	0.12177	0.01465	0.01564	0.01146	0.01049	0.05779	0.00253	0.00808	0.00511	0.00490	0.00985
8	0.00864	0.00633	0.00813	0.00957	0.01024	0.00581	0.00646	0.00995	0.01396	0.01831	0.04344	0.65875	0.13074	0.02176	0.00900	0.00283	0.00406	0.01958	0.00661	0.00581
9	0.00972	0.00754	0.00896	0.00968	0.01108	0.00723	0.00684	0.01335	0.09022	0.02048	0.09382	0.44625	0.20977	0.01928	0.00867	0.00267	0.00411	0.01705	0.00677	0.00652
10	0.01428	0.03683	0.71286	0.02030	0.03082	0.01654	0.02631	0.02255	0.01503	0.02255	0.01278	0.01503	0.00902	0.00677	0.00677	0.00226	0.01052	0.00526	0.00301	0.01052
11	0.00873	0.00644	0.00818	0.00940	0.01023	0.00589	0.00642	0.01022	0.01453	0.01909	0.09187	0.58304	0.15781	0.02104	0.00893	0.00276	0.00399	0.01885	0.00670	0.00589
12	0.01904	0.75404	0.03731	0.01218	0.01828	0.02818	0.01218	0.02132	0.01447	0.01675	0.00990	0.01142	0.00914	0.00609	0.00457	0.00152	0.00761	0.00381	0.00305	0.00914
13	0.06078	0.01426	0.01607	0.01232	0.01783	0.01330	0.00992	0.19829	0.04035	0.09270	0.01747	0.06729	0.01435	0.00787	0.00622	0.00168	0.00598	0.00629	0.00569	0.39135
14	0.01554	0.01815	0.07750	0.01341	0.01636	0.21442	0.01084	0.04488	0.04679	0.02061	0.06615	0.29362	0.10426	0.01456	0.00783	0.00239	0.00735	0.01228	0.00554	0.00750
15	0.01612	0.31441	0.45140	0.01716	0.02596	0.02104	0.02084	0.02207	0.01481	0.02031	0.01166	0.01364	0.00907	0.00650	0.00592	0.00197	0.00940	0.00470	0.00302	0.00999
16	0.17464	0.01990	0.01535	0.01406	0.01721	0.28568	0.01088	0.07026	0.01659	0.02205	0.01400	0.01807	0.01205	0.02302	0.25036	0.00521	0.01314	0.00562	0.00412	0.00779
17	0.04632	0.01462	0.01811	0.22182	0.02734	0.01733	0.01399	0.06412	0.36073	0.05419	0.02150	0.02244	0.01612	0.00892	0.00824	0.00242	0.05891	0.00715	0.00573	0.01000
18	0.01887	0.01183	0.01433	0.01074	0.01634	0.00934	0.00864	0.02175	0.01655	0.21841	0.02444	0.02414	0.09854	0.00787	0.00620	0.00155	0.00529	0.00640	0.00582	0.47294
19	0.00872	0.00682	0.00794	0.00870	0.01019	0.00604	0.00624	0.01041	0.01527	0.01923	0.08053	0.35916	0.36766	0.01981	0.00877	0.00265	0.00395	0.04530	0.00666	0.00596
20	0.01607	0.01589	0.02977	0.08062	0.18253	0.01639	0.29926	0.02062	0.01547	0.02241	0.01472	0.01946	0.01173	0.00731	0.00936	0.00231	0.10017	0.00725	0.11946	0.00919
21	0.01497	0.01360	0.02138	0.59267	0.07975	0.01647	0.01882	0.06821	0.06402	0.02124	0.01418	0.01931	0.01065	0.00736	0.00712	0.00235	0.00904	0.00646	0.00376	0.00863
22	0.01153	0.00824	0.00981	0.00947	0.01169	0.00782	0.00741	0.03272	0.05424	0.04498	0.31478	0.05601	0.23088	0.01518	0.00822	0.00239	0.00418	0.10008	0.06332	0.00704
23	0.01445	0.01378	0.01907	0.01663	0.01672	0.01877	0.01350	0.01586	0.01087	0.01662	0.01190	0.02085	0.01230	0.11934	0.07614	0.00426	0.58150	0.00691	0.00334	0.00720
24	0.11041	0.01025	0.01274	0.01086	0.01436	0.00955	0.00837	0.02409	0.01702	0.37032	0.08899	0.13503	0.02659	0.11549	0.01135	0.00297	0.00558	0.00969	0.00727	0.00909
25	0.01024	0.00731	0.00982	0.00978	0.01056	0.00793	0.00689	0.01181	0.01164	0.01631	0.07025	0.03734	0.02467	0.33187	0.39265	0.00894	0.01301	0.00911	0.00431	0.00556
26	0.00868	0.00620	0.00826	0.00991	0.01033	0.00578	0.00661	0.00991	0.01363	0.01818	0.03925	0.74510	0.04710	0.02231	0.00909	0.00289	0.00413	0.02024	0.00661	0.00578
27	0.01017	0.00683	0.00782	0.00800	0.00804	0.00678	0.00456	0.01031	0.01071	0.01428	0.02424	0.12168	0.02817	0.67156	0.03332	0.00647	0.00661	0.01142	0.00456	0.00447
28	0.02517	0.02685	0.01979	0.01713	0.02142	0.40720	0.01326	0.20836	0.14149	0.02708	0.01582	0.01641	0.01217	0.00807	0.00676	0.00202	0.01021	0.00569	0.00524	0.00984
29	0.01839	0.65598	0.12967	0.01329	0.01999	0.02658	0.01412	0.02149	0.01455	0.01755	0.01029	0.01192	0.00912	0.00618	0.00487	0.00162	0.00801	0.00401	0.00304	0.00933
30	0.28010	0.01091	0.01066	0.00954	0.01275	0.01149	0.00753	0.09263	0.01802	0.02967	0.24138	0.03716	0.16634	0.01167	0.00680	0.00223	0.00465	0.00931	0.02961	0.00753
31	0.00890	0.00634	0.00839	0.00978	0.01024	0.00601	0.00654	0.01017	0.01355	0.01817	0.06054	0.64461	0.04521	0.07496	0.03733	0.00347	0.00485	0.01881	0.00639	0.00573
32	0.01029	0.00765	0.00991	0.01096	0.01264	0.00726	0.00903	0.01299	0.01638	0.02112	0.10717	0.15264	0.20104	0.01912	0.00928	0.00293	0.00528	0.37127	0.00669	0.00635
33	0.00952	0.00748	0.00868	0.00897	0.01070	0.00692	0.00649	0.01278	0.06436	0.02164	0.19313	0.27968	0.30752	0.01807	0.00854	0.00253	0.00387	0.01575	0.00692	0.00646
34	0.02403	0.01270	0.01510	0.01257	0.01701	0.01285	0.01006	0.04955	0.26371	0.35038	0.02745	0.02523	0.01907	0.00904	0.00688	0.00220	0.00556	0.00739	0.11817	0.01104
35	0.01972	0.01601	0.02019	0.02230	0.21642	0.01695	0.01409	0.24585	0.14796	0.03170	0.02250	0.02334	0.06442	0.00865	0.00699	0.00212	0.00686	0.00725	0.06161	0.04507
36	0.01277	0.00796	0.01096	0.06109	0.01338	0.00815	0.00777	0.06001	0.01432	0.01931	0.17661	0.03108	0.06325	0.01956	0.01924	0.45077	0.00574	0.00826	0.00469	0.00510
37	0.01443	0.06815	0.01750	0.04319	0.19091	0.11493	0.01198	0.01696	0.01638	0.01989	0.05415	0.12806	0.25040	0.01271	0.00754	0.00224	0.00674	0.01079	0.00505	0.00796
38	0.02200	0.01642	0.01817	0.01489	0.01845	0.08965	0.01197	0.13196	0.05436	0.18187	0.01749	0.02028	0.01369	0.06325	0.01311	0.00260	0.19334	0.00646	0.00558	0.10446

[dist]
# distance from previous block
# <min> <max>
0	6

[block]
# block no. 4 follows, 29 sequences, length 26
# corresponding to MSA columns:
# 633-658
name=unknown_E
#
# <colnr> <probs for GDERKNQSTAVLIFYWHMCP>
#	G	D	E	R	K	N	Q	S	T	A	V	L	I	F	Y	W	H	M	C	P
0	0.01628	0.21590	0.04260	0.01176	0.01764	0.01566	0.01031	0.04810	0.05851	0.02248	0.01467	0.05681	0.01300	0.00694	0.00555	0.00146	0.00614	0.00540	0.00432	0.42648
1	0.01897	0.01312	0.01887	0.02175	0.22596	0.01231	0.01364	0.06382	0.01823	0.16388	0.07348	0.03198	0.02191	0.00973	0.00734	0.00215	0.00664	0.11917	0.00581	0.15123
2	0.01590	0.01474	0.02422	0.42547	0.29656	0.01664	0.02017	0.06176	0.01621	0.02182	0.01322	0.01835	0.01034	0.00692	0.00709	0.00226	0.00899	0.00634	0.00355	0.00946
3	0.00974	0.00712	0.01008	0.01058	0.01146	0.00774	0.00771	0.01161	0.01199	0.01674	0.02557	0.24803	0.02758	0.11909	0.43096	0.00835	0.01322	0.01176	0.00472	0.00596
4	0.01645	0.06387	0.19670	0.03412	0.45948	0.01689	0.02152	0.02151	0.01605	0.02302	0.05271	0.01868	0.01382	0.00691	0.00691	0.00212	0.00862	0.00631	0.00362	0.01071
5	0.01060	0.00727	0.00895	0.00933	0.00983	0.00738	0.00638	0.01159	0.01186	0.01579	0.02571	0.05285	0.02871	0.51879	0.08968	0.00645	0.00788	0.16114	0.00479	0.00502
6	0.01407	0.06548	0.16559	0.02060	0.02639	0.01473	0.28702	0.01898	0.01546	0.02105	0.02193	0.14102	0.04454	0.01278	0.04601	0.00294	0.00982	0.05870	0.00428	0.00861
7	0.02128	0.01336	0.01499	0.01273	0.01672	0.04080	0.01006	0.07777	0.24389	0.23617	0.16694	0.03017	0.02860	0.01019	0.00732	0.00224	0.00563	0.00847	0.04236	0.01032
8	0.01297	0.01745	0.22439	0.01352	0.01806	0.01124	0.01367	0.07712	0.01788	0.02491	0.21178	0.08520	0.06424	0.07689	0.01044	0.00283	0.00675	0.09691	0.00569	0.00805
9	0.01030	0.00795	0.01164	0.01150	0.01279	0.00929	0.00898	0.01276	0.01172	0.01673	0.02195	0.02996	0.06015	0.04939	0.64618	0.01051	0.04983	0.00803	0.00396	0.00640
10	0.01801	0.26248	0.31181	0.01647	0.02400	0.14351	0.01796	0.02277	0.01573	0.01986	0.01154	0.01347	0.00922	0.00651	0.00587	0.00184	0.00952	0.00458	0.00325	0.08158
11	0.01096	0.00870	0.01033	0.01042	0.01250	0.00824	0.00748	0.01554	0.12168	0.02087	0.03754	0.44695	0.11327	0.01733	0.00816	0.00249	0.00448	0.01538	0.00636	0.12133
12	0.30865	0.01948	0.08781	0.02421	0.25140	0.07953	0.04705	0.06050	0.01596	0.02713	0.01210	0.01475	0.00958	0.00668	0.00605	0.00215	0.00809	0.00526	0.00403	0.00958
13	0.02304	0.01893	0.02298	0.02453	0.22939	0.04361	0.01580	0.38062	0.10793	0.03554	0.01721	0.01826	0.01293	0.00797	0.00709	0.00215	0.00793	0.00653	0.00593	0.01162
14	0.00885	0.00664	0.00810	0.00916	0.01020	0.00605	0.00638	0.01029	0.01433	0.01838	0.04772	0.46860	0.23678	0.06631	0.01063	0.00302	0.00428	0.05202	0.00646	0.00580
15	0.03195	0.01212	0.01652	0.01267	0.01818	0.01047	0.01047	0.03470	0.02038	0.71026	0.02809	0.02424	0.01763	0.00881	0.00716	0.00220	0.00606	0.00716	0.00881	0.01212
16	0.01117	0.00757	0.00957	0.00890	0.01094	0.00684	0.00674	0.01423	0.01952	0.06955	0.55548	0.05392	0.16913	0.01477	0.00832	0.00226	0.00357	0.01288	0.00770	0.00694
17	0.00964	0.00726	0.00891	0.00850	0.01037	0.00653	0.00637	0.01259	0.01912	0.02609	0.53534	0.05724	0.23496	0.01548	0.00840	0.00228	0.00342	0.01345	0.00751	0.00653
18	0.02660	0.03394	0.02018	0.01834	0.02201	0.72116	0.01376	0.02843	0.02018	0.01743	0.01101	0.01284	0.00917	0.00734	0.00642	0.00183	0.01284	0.00459	0.00367	0.00825
19	0.00957	0.00726	0.00882	0.00843	0.01033	0.00650	0.00632	0.01246	0.01896	0.02572	0.51019	0.05785	0.26034	0.01561	0.00840	0.00229	0.00343	0.01353	0.00747	0.00650
20	0.01498	0.01422	0.02413	0.47936	0.29032	0.01622	0.02054	0.01954	0.01496	0.02006	0.01293	0.01848	0.01015	0.00683	0.00709	0.00228	0.00911	0.00633	0.00330	0.00915
21	0.01840	0.65842	0.12738	0.01327	0.01995	0.02662	0.01407	0.02149	0.01454	0.01753	0.01028	0.01190	0.00912	0.00618	0.00486	0.00162	0.00800	0.00400	0.00304	0.00932
22	0.00943	0.00704	0.00914	0.01024	0.01090	0.00698	0.00723	0.01082	0.01371	0.01814	0.03913	0.51973	0.10387	0.08431	0.01221	0.00324	0.04316	0.07864	0.00622	0.00586
23	0.46201	0.15645	0.01799	0.01283	0.05258	0.04468	0.01012	0.04471	0.06564	0.05828	0.01262	0.01378	0.00987	0.00692	0.00508	0.00207	0.00645	0.00455	0.00457	0.00880
24	0.25856	0.01885	0.01704	0.01454	0.01904	0.13437	0.03947	0.13657	0.23692	0.03059	0.01763	0.01786	0.01334	0.00801	0.00627	0.00221	0.00742	0.00595	0.00561	0.00976
25	0.01095	0.00880	0.00995	0.00936	0.01114	0.04787	0.00697	0.01402	0.01960	0.02689	0.60401	0.05145	0.09618	0.04059	0.00928	0.00239	0.00405	0.01242	0.00741	0.00668

[dist]
# distance from previous block
# <min> <max>
0	1

[block]
# block no. 5 follows, 29 sequences, length 13
# corresponding to MSA columns:
# 660-672
name=unknown_F
#
# <colnr> <probs for GDERKNQSTAVLIFYWHMCP>
#	G	D	E	R	K	N	Q	S	T	A	V	L	I	F	Y	W	H	M	C	P
0	0.01703	0.01789	0.07434	0.10257	0.60229	0.01680	0.02197	0.02158	0.01596	0.02277	0.01329	0.01757	0.01097	0.00644	0.00704	0.00215	0.00869	0.00627	0.00346	0.01093
1	0.01912	0.02193	0.01974	0.06566	0.02212	0.33273	0.07000	0.02192	0.03465	0.01843	0.01737	0.13995	0.01719	0.01232	0.03239	0.00264	0.11425	0.02553	0.00422	0.00784
2	0.03078	0.01292	0.01834	0.01392	0.01954	0.01148	0.05218	0.06417	0.02077	0.63647	0.02673	0.02359	0.01694	0.00863	0.00724	0.00221	0.00651	0.00720	0.00841	0.01196
3	0.00948	0.00704	0.00752	0.00752	0.00860	0.00650	0.00481	0.01029	0.01300	0.01625	0.04484	0.05648	0.33084	0.41993	0.02370	0.00488	0.00542	0.01246	0.00535	0.00508
4	0.02167	0.02459	0.02497	0.03227	0.39733	0.33435	0.01820	0.02482	0.01800	0.02063	0.01232	0.01547	0.01033	0.00679	0.00677	0.00199	0.01043	0.00555	0.00359	0.00992
5	0.00886	0.00680	0.00812	0.00869	0.01012	0.00606	0.00617	0.01074	0.01594	0.02068	0.18576	0.34665	0.30158	0.01911	0.00869	0.00257	0.00377	0.01676	0.00686	0.00606
6	0.00868	0.00664	0.00782	0.00873	0.00990	0.00594	0.00600	0.01006	0.01445	0.01833	0.05106	0.43881	0.30153	0.06468	0.01047	0.00294	0.00409	0.01761	0.00647	0.00578
7	0.02204	0.01280	0.01510	0.01281	0.01710	0.01311	0.01017	0.03262	0.32304	0.29724	0.09383	0.03073	0.06664	0.01030	0.00739	0.00231	0.00546	0.00858	0.00788	0.01085
8	0.01528	0.01213	0.01270	0.01079	0.01346	0.05224	0.00773	0.13607	0.01616	0.02186	0.01852	0.03131	0.01863	0.36797	0.06888	0.00482	0.00790	0.00783	0.00474	0.17100
9	0.01757	0.27182	0.09709	0.01280	0.01942	0.01810	0.01219	0.09438	0.01680	0.02335	0.01222	0.01390	0.01008	0.00608	0.00540	0.00147	0.00693	0.00443	0.00401	0.35195
10	0.37107	0.42037	0.02521	0.01091	0.01625	0.02268	0.01017	0.02115	0.01341	0.02360	0.00991	0.01149	0.00850	0.00633	0.00450	0.00183	0.00667	0.00383	0.00366	0.00850
11	0.02254	0.01781	0.01769	0.01505	0.01959	0.09201	0.01190	0.17096	0.39225	0.12420	0.02448	0.02282	0.01784	0.00907	0.00712	0.00227	0.00691	0.00722	0.00706	0.01124
12	0.01432	0.01355	0.02293	0.58865	0.18620	0.01605	0.02021	0.01896	0.01465	0.01925	0.01281	0.01870	0.00987	0.00696	0.00710	0.00232	0.00928	0.00633	0.00324	0.00861

[dist]
# distance from previous block
# <min> <max>
0	10

[block]
# block no. 6 follows, 29 sequences, length 17
# corresponding to MSA columns:
# 683-699
name=unknown_G
#
# <colnr> <probs for GDERKNQSTAVLIFYWHMCP>
#	G	D	E	R	K	N	Q	S	T	A	V	L	I	F	Y	W	H	M	C	P
0	0.01666	0.01856	0.12287	0.03008	0.37496	0.01617	0.01856	0.04855	0.15632	0.02483	0.01910	0.08769	0.01652	0.00868	0.00724	0.00227	0.00774	0.00785	0.00464	0.01068
1	0.01655	0.13991	0.55175	0.01843	0.02785	0.01771	0.02283	0.02345	0.01543	0.08288	0.01372	0.01532	0.00980	0.00685	0.00648	0.00214	0.00970	0.00522	0.00353	0.01046
2	0.01237	0.00618	0.00928	0.00928	0.00928	0.00618	0.00618	0.00928	0.00928	0.01237	0.01237	0.02165	0.01237	0.02474	0.02783	0.79283	0.00618	0.00618	0.00309	0.00309
3	0.00859	0.00654	0.00791	0.00900	0.01009	0.00586	0.00620	0.01002	0.01451	0.01854	0.05037	0.51631	0.26871	0.02086	0.00886	0.00273	0.00395	0.01848	0.00661	0.00586
4	0.01806	0.40508	0.26403	0.01705	0.06103	0.02307	0.01762	0.08050	0.01645	0.02158	0.01171	0.01349	0.00948	0.00655	0.00568	0.00186	0.00867	0.00467	0.00342	0.00999
5	0.01789	0.01709	0.02890	0.04084	0.61585	0.01740	0.05204	0.04911	0.01673	0.02387	0.01342	0.01759	0.01121	0.00669	0.00782	0.00217	0.04021	0.00644	0.00366	0.01108
6	0.01029	0.00665	0.00786	0.00841	0.00888	0.00655	0.00535	0.01137	0.01228	0.01758	0.02809	0.27628	0.03139	0.35385	0.04486	0.00480	0.00576	0.01293	0.14153	0.00528
7	0.01554	0.22707	0.53367	0.01814	0.02749	0.01962	0.02256	0.02222	0.01488	0.02101	0.01201	0.01408	0.00905	0.00659	0.00618	0.00206	0.00975	0.00488	0.00302	0.01016
8	0.01628	0.05925	0.15038	0.02025	0.05323	0.01494	0.22568	0.02103	0.01676	0.09433	0.13127	0.05125	0.04959	0.00931	0.00864	0.00233	0.05271	0.00865	0.00490	0.00921
9	0.02818	0.01252	0.01613	0.01286	0.01790	0.01171	0.01045	0.03435	0.15162	0.54656	0.05871	0.02600	0.02067	0.00924	0.00723	0.00225	0.00585	0.00759	0.00846	0.01171
10	0.01485	0.01351	0.02174	0.03167	0.46982	0.01336	0.01621	0.01792	0.01504	0.02092	0.02246	0.08449	0.08170	0.13145	0.01216	0.00299	0.00740	0.00892	0.00419	0.00920
11	0.01600	0.01526	0.02596	0.31229	0.44947	0.01649	0.02104	0.02043	0.01544	0.02129	0.01311	0.01815	0.01058	0.00665	0.00708	0.00222	0.00886	0.00634	0.00338	0.00997
12	0.02025	0.03086	0.01322	0.01099	0.01389	0.00949	0.00845	0.04001	0.01639	0.30760	0.04759	0.06663	0.02483	0.22730	0.01695	0.04074	0.00630	0.08358	0.00664	0.00827
13	0.01684	0.13780	0.02391	0.20075	0.18868	0.09389	0.01609	0.02012	0.01513	0.03646	0.01563	0.01976	0.04097	0.01252	0.08289	0.00311	0.05676	0.00626	0.00364	0.00880
14	0.01165	0.01088	0.01985	0.01671	0.01974	0.01016	0.23445	0.01474	0.01522	0.02013	0.03417	0.36930	0.10324	0.01611	0.00885	0.00271	0.00695	0.07237	0.00559	0.00717
15	0.02143	0.01876	0.09336	0.01687	0.02220	0.11534	0.12257	0.02717	0.10158	0.22508	0.02354	0.08996	0.03737	0.00942	0.00737	0.00224	0.00815	0.00824	0.00594	0.04340
16	0.05344	0.01834	0.08541	0.02750	0.24222	0.01632	0.18564	0.10228	0.01841	0.04798	0.05253	0.01940	0.01415	0.00701	0.00718	0.00212	0.00868	0.00687	0.00445	0.08007

[dist]
# distance from previous block
# <min> <max>
7	19

[block]
# block no. 7 follows, 29 sequences, length 7
# corresponding to MSA columns:
# 723-729
name=unknown_H
#
# <colnr> <probs for GDERKNQSTAVLIFYWHMCP>
#	G	D	E	R	K	N	Q	S	T	A	V	L	I	F	Y	W	H	M	C	P
0	0.01831	0.01987	0.14393	0.01961	0.02634	0.01578	0.22602	0.15696	0.01984	0.06305	0.05219	0.04174	0.01518	0.00763	0.00729	0.00209	0.00874	0.00728	0.00491	0.14322
1	0.01652	0.01579	0.01812	0.01724	0.12625	0.08616	0.01167	0.01959	0.01526	0.02213	0.01234	0.01508	0.01042	0.00622	0.00709	0.00147	0.06394	0.00475	0.00397	0.52600
2	0.01889	0.01686	0.08938	0.01355	0.01943	0.01417	0.01192	0.19994	0.08374	0.07134	0.04163	0.05552	0.01611	0.00813	0.00653	0.00180	0.00647	0.00657	0.00569	0.31233
3	0.01728	0.01869	0.09557	0.20632	0.27601	0.05522	0.01894	0.07420	0.07398	0.02383	0.01457	0.01796	0.01138	0.00702	0.00691	0.00214	0.00868	0.00614	0.00403	0.06116
4	0.01929	0.01500	0.01849	0.06938	0.02182	0.01464	0.04527	0.21121	0.07964	0.06931	0.01753	0.05008	0.01394	0.00774	0.00656	0.00180	0.00670	0.00644	0.00558	0.31957
5	0.01685	0.01541	0.08013	0.01531	0.05747	0.07549	0.04149	0.08644	0.01911	0.10674	0.12522	0.09635	0.13346	0.01278	0.00794	0.00239	0.00682	0.08581	0.00618	0.00860
6	0.01913	0.01773	0.02202	0.14485	0.15121	0.10854	0.05412	0.18667	0.02062	0.02672	0.05795	0.05895	0.01724	0.00932	0.00821	0.00229	0.04562	0.03440	0.00492	0.00949

[dist]
# distance from previous block
# <min> <max>
4	29

[block]
# block no. 8 follows, 29 sequences, length 43
# corresponding to MSA columns:
# 767-809
name=unknown_I
#
# <colnr> <probs for GDERKNQSTAVLIFYWHMCP>
#	G	D	E	R	K	N	Q	S	T	A	V	L	I	F	Y	W	H	M	C	P
0	0.01648	0.09719	0.21538	0.01550	0.04859	0.04659	0.01493	0.07888	0.01713	0.05465	0.02230	0.02715	0.09073	0.04194	0.00805	0.00224	0.00772	0.05162	0.00460	0.13833
1	0.06511	0.06736	0.09896	0.01496	0.01952	0.04584	0.09798	0.06448	0.06393	0.02476	0.14307	0.10844	0.02605	0.01354	0.06024	0.00288	0.00801	0.00895	0.00522	0.06070
2	0.08176	0.02129	0.29369	0.01425	0.01976	0.04395	0.01523	0.01773	0.01520	0.02215	0.09736	0.06181	0.15013	0.03281	0.04575	0.00293	0.04269	0.00872	0.00459	0.00820
3	0.01980	0.10459	0.14626	0.01751	0.06863	0.16664	0.03128	0.05182	0.07688	0.09012	0.01724	0.05147	0.01449	0.06716	0.00899	0.00243	0.00879	0.00662	0.00465	0.04464
4	0.01474	0.04416	0.11925	0.01468	0.01965	0.04410	0.06429	0.04713	0.04109	0.02270	0.05092	0.11582	0.02077	0.01221	0.04051	0.00250	0.03277	0.06149	0.00477	0.22647
5	0.05133	0.01079	0.01311	0.01179	0.01455	0.01101	0.00900	0.01965	0.10318	0.11504	0.02790	0.25236	0.05629	0.04496	0.01055	0.00258	0.09118	0.01116	0.00599	0.13759
6	0.01477	0.01266	0.01477	0.01055	0.01687	0.00949	0.00844	0.01793	0.01477	0.02320	0.01266	0.01477	0.01055	0.00527	0.00527	0.00105	0.00527	0.00422	0.00422	0.79328
7	0.01599	0.29463	0.47004	0.01738	0.02631	0.02072	0.02123	0.02211	0.01483	0.02047	0.01174	0.01374	0.00906	0.00652	0.00598	0.00199	0.00948	0.00474	0.00302	0.01003
8	0.01237	0.00618	0.00928	0.00928	0.00928	0.00618	0.00618	0.00928	0.00928	0.01237	0.01237	0.02165	0.01237	0.02474	0.02783	0.79283	0.00618	0.00618	0.00309	0.00309
9	0.00910	0.00663	0.00828	0.00920	0.01005	0.00614	0.00628	0.01059	0.01452	0.01920	0.12683	0.45055	0.14557	0.11165	0.01232	0.00325	0.00436	0.03325	0.00648	0.00577
10	0.03927	0.00950	0.01156	0.01102	0.01327	0.00964	0.00829	0.05621	0.07232	0.12483	0.07156	0.31249	0.10229	0.01754	0.04149	0.00295	0.03538	0.01331	0.03925	0.00783
11	0.01688	0.15250	0.36362	0.01699	0.02462	0.01894	0.01891	0.09250	0.15044	0.02512	0.01687	0.04304	0.01323	0.00796	0.00660	0.00217	0.00856	0.00622	0.00440	0.01043
12	0.01973	0.01079	0.01348	0.01132	0.01488	0.01030	0.00896	0.10368	0.05195	0.25866	0.30841	0.06276	0.07039	0.01210	0.00780	0.00225	0.00496	0.01030	0.00795	0.00934
