[name]
unknown

[dist]
# distance from previous block
# <min> <max>
0	32

[block]
# block no. 0 follows, 33 sequences, length 32
# corresponding to MSA columns:
# 34-65
name=unknown_A
#
# <colnr> <probs for GDERKNQSTAVLIFYWHMCP>
#	G	D	E	R	K	N	Q	S	T	A	V	L	I	F	Y	W	H	M	C	P
0	0.04682	0.14016	0.15412	0.01742	0.12425	0.05805	0.01428	0.08062	0.03851	0.10205	0.03478	0.02105	0.03792	0.00772	0.00613	0.00192	0.00726	0.04538	0.00448	0.05708
1	0.03606	0.09025	0.10675	0.01689	0.10980	0.05385	0.04419	0.07854	0.05861	0.08732	0.09919	0.04557	0.01902	0.00821	0.00638	0.00192	0.00682	0.03207	0.00485	0.09373
2	0.07912	0.03997	0.06396	0.02194	0.20009	0.05728	0.09730	0.14628	0.07959	0.06339	0.04045	0.01752	0.01298	0.00690	0.00637	0.00196	0.00757	0.00602	0.00463	0.04668
3	0.03747	0.10282	0.12254	0.04764	0.18329	0.08077	0.11842	0.04493	0.10770	0.04285	0.01407	0.01625	0.01096	0.00670	0.00688	0.00201	0.03566	0.00578	0.00387	0.00938
4	0.06042	0.04649	0.12811	0.02080	0.14053	0.14980	0.12368	0.07247	0.01705	0.06648	0.07517	0.01800	0.01437	0.00698	0.00643	0.00194	0.00852	0.00604	0.00417	0.03256
5	0.05381	0.09319	0.12473	0.01766	0.09624	0.03903	0.09490	0.09985	0.06040	0.09800	0.04993	0.03752	0.04104	0.00762	0.00635	0.00195	0.00729	0.00651	0.00470	0.05928
6	0.01762	0.15646	0.14458	0.03932	0.07593	0.12132	0.07780	0.02188	0.04110	0.09828	0.07772	0.02006	0.01577	0.00765	0.00685	0.00197	0.03540	0.02732	0.00421	0.00876
7	0.10066	0.60088	0.06876	0.01257	0.04054	0.05095	0.01189	0.02000	0.01343	0.01746	0.00944	0.01099	0.00837	0.00577	0.00446	0.00154	0.00719	0.00370	0.00298	0.00841
8	0.01726	0.11755	0.23079	0.02062	0.18126	0.04044	0.03587	0.03752	0.01525	0.10752	0.01339	0.01510	0.01012	0.00615	0.00594	0.00179	0.00779	0.00508	0.00384	0.12674
9	0.01340	0.06758	0.70275	0.01842	0.02797	0.01578	0.02373	0.02080	0.01388	0.02061	0.01169	0.01375	0.00834	0.00623	0.00616	0.00205	0.00961	0.00480	0.00278	0.00967
10	0.00802	0.00573	0.00764	0.00917	0.00955	0.00535	0.00611	0.00917	0.01260	0.01681	0.03628	0.76434	0.04354	0.02062	0.00840	0.00267	0.00382	0.01872	0.00611	0.00535
11	0.05229	0.25378	0.04575	0.01448	0.01915	0.32741	0.01229	0.13649	0.01866	0.04681	0.01138	0.01253	0.00915	0.00663	0.00549	0.00169	0.00908	0.00438	0.00392	0.00865
12	0.01711	0.35641	0.30000	0.01525	0.02238	0.04456	0.05345	0.02155	0.01436	0.08172	0.01193	0.01332	0.00919	0.00613	0.00546	0.00178	0.00832	0.00456	0.00332	0.00918
13	0.00802	0.00573	0.00764	0.00917	0.00955	0.00535	0.00611	0.00917	0.01260	0.01681	0.03628	0.76434	0.04354	0.02062	0.00840	0.00267	0.00382	0.01872	0.00611	0.00535
14	0.00802	0.00573	0.00764	0.00917	0.00955	0.00535	0.00611	0.00917	0.01260	0.01681	0.03628	0.76434	0.04354	0.02062	0.00840	0.00267	0.00382	0.01872	0.00611	0.00535
15	0.01887	0.65474	0.03188	0.01199	0.01732	0.11434	0.01139	0.02095	0.01422	0.03994	0.00985	0.01113	0.00872	0.00586	0.00452	0.00147	0.00759	0.00371	0.00307	0.00844
16	0.02458	0.06052	0.02043	0.01514	0.02022	0.10218	0.01247	0.59202	0.02862	0.03723	0.01481	0.01508	0.01074	0.00765	0.00639	0.00191	0.00776	0.00561	0.00602	0.01065
17	0.02954	0.01120	0.01528	0.01171	0.01681	0.00968	0.00968	0.03208	0.01884	0.73213	0.02597	0.02241	0.01630	0.00815	0.00662	0.00204	0.00560	0.00662	0.00815	0.01120
18	0.00802	0.00573	0.00764	0.00917	0.00955	0.00535	0.00611	0.00917	0.01260	0.01681	0.03628	0.76434	0.04354	0.02062	0.00840	0.00267	0.00382	0.01872	0.00611	0.00535
19	0.01531	0.07380	0.32572	0.02365	0.10292	0.01633	0.27759	0.02122	0.01478	0.04747	0.01280	0.01570	0.00949	0.00598	0.00673	0.00208	0.00971	0.00604	0.00324	0.00945
20	0.01760	0.77260	0.03450	0.01126	0.01690	0.02605	0.01126	0.01971	0.01338	0.01549	0.00915	0.01056	0.00845	0.00563	0.00422	0.00141	0.00704	0.00352	0.00282	0.00845
21	0.00968	0.00650	0.00752	0.00767	0.00783	0.00650	0.00465	0.00998	0.01013	0.01346	0.02215	0.04620	0.02533	0.69356	0.03107	0.00605	0.00635	0.07697	0.00420	0.00420
22	0.07951	0.32130	0.05636	0.01422	0.05664	0.13849	0.01189	0.08307	0.08378	0.02120	0.03886	0.01641	0.03881	0.00711	0.00542	0.00175	0.00741	0.00511	0.00402	0.00863
23	0.01635	0.04313	0.02684	0.07526	0.57535	0.01620	0.06416	0.04113	0.03786	0.02180	0.01286	0.01650	0.01057	0.00603	0.00653	0.00198	0.00796	0.00596	0.00344	0.01011
24	0.03961	0.04239	0.10409	0.01574	0.08843	0.05246	0.02882	0.10262	0.04079	0.04045	0.10827	0.06837	0.01920	0.00842	0.00709	0.00187	0.04592	0.00686	0.00468	0.17394
25	0.04159	0.13877	0.04415	0.01832	0.15623	0.06456	0.03203	0.09253	0.04303	0.10402	0.01474	0.04261	0.01197	0.00702	0.00630	0.00177	0.02786	0.00562	0.00444	0.14242
26	0.01652	0.11029	0.08120	0.01794	0.15573	0.05343	0.03182	0.10479	0.01698	0.06405	0.04694	0.06115	0.09115	0.00841	0.00630	0.00184	0.00674	0.00703	0.00457	0.11313
27	0.10016	0.06226	0.08948	0.01885	0.15147	0.01586	0.05648	0.14843	0.11043	0.02668	0.05604	0.01786	0.01411	0.00701	0.00610	0.00190	0.00682	0.00586	0.00465	0.09954
28	0.03963	0.11816	0.08337	0.01967	0.17002	0.08530	0.03575	0.12168	0.03591	0.15964	0.03477	0.01696	0.01260	0.00694	0.00614	0.00188	0.00751	0.00562	0.00483	0.03362
29	0.12858	0.04290	0.06833	0.01927	0.17041	0.07252	0.03321	0.12208	0.07146	0.13301	0.01527	0.01618	0.01130	0.00679	0.00601	0.00191	0.00715	0.00544	0.00486	0.06331
30	0.10162	0.03707	0.07636	0.02075	0.20199	0.11473	0.03318	0.07008	0.09357	0.10389	0.03784	0.01732	0.01300	0.00697	0.00614	0.00193	0.00746	0.00569	0.00463	0.04581
31	0.04618	0.10711	0.11776	0.04263	0.12428	0.09167	0.08148	0.04342	0.05428	0.12306	0.01499	0.01733	0.01151	0.00676	0.00615	0.00189	0.00790	0.02187	0.00429	0.07546

[dist]
# distance from previous block
# <min> <max>
0	18

[block]
# block no. 1 follows, 33 sequences, length 32
# corresponding to MSA columns:
# 84-100,121-135
name=unknown_B
#
# <colnr> <probs for GDERKNQSTAVLIFYWHMCP>
#	G	D	E	R	K	N	Q	S	T	A	V	L	I	F	Y	W	H	M	C	P
0	0.01763	0.11458	0.21214	0.01641	0.06212	0.08607	0.01518	0.11169	0.06927	0.06258	0.05064	0.01681	0.01310	0.00739	0.00719	0.00193	0.06247	0.00550	0.00428	0.06301
1	0.13360	0.09345	0.16594	0.04112	0.03717	0.06630	0.04294	0.05165	0.10684	0.04505	0.05970	0.05517	0.03423	0.00804	0.00607	0.00200	0.00707	0.00644	0.00446	0.03275
2	0.09167	0.19767	0.07138	0.01172	0.01625	0.03563	0.01056	0.09104	0.06395	0.11435	0.07587	0.05467	0.07437	0.00883	0.00633	0.00191	0.02433	0.00680	0.00509	0.03758
3	0.09662	0.14074	0.15653	0.01469	0.05068	0.05745	0.04481	0.03679	0.07781	0.04573	0.03186	0.01537	0.01154	0.00634	0.00556	0.00171	0.00706	0.00494	0.00399	0.18980
4	0.08262	0.06804	0.05450	0.01147	0.01570	0.04879	0.00968	0.10935	0.06016	0.07840	0.02234	0.14647	0.06634	0.00991	0.00627	0.00191	0.00580	0.02436	0.00519	0.17270
5	0.06193	0.08442	0.13894	0.01242	0.01679	0.04941	0.01153	0.06919	0.08977	0.05994	0.08257	0.08020	0.02122	0.07108	0.00863	0.00238	0.00649	0.05874	0.00495	0.06941
6	0.14757	0.21060	0.25716	0.01417	0.02046	0.01726	0.04685	0.03454	0.06677	0.05475	0.03502	0.04219	0.01245	0.00710	0.00564	0.00194	0.00736	0.00546	0.00390	0.00882
7	0.04507	0.13148	0.14163	0.01578	0.05552	0.08004	0.06365	0.08094	0.07249	0.11562	0.03214	0.01865	0.04511	0.00726	0.00609	0.00187	0.00746	0.00585	0.00462	0.06873
8	0.01364	0.07846	0.16664	0.01504	0.05512	0.01181	0.07260	0.01783	0.03429	0.07669	0.10825	0.17420	0.02549	0.01088	0.00700	0.00214	0.00648	0.05726	0.00492	0.06125
9	0.01279	0.11282	0.01230	0.00903	0.01004	0.03274	0.00663	0.01125	0.01000	0.01321	0.01189	0.01880	0.01137	0.01872	0.02039	0.60472	0.00589	0.00540	0.06797	0.00406
10	0.03976	0.01865	0.01693	0.01413	0.01854	0.16229	0.01117	0.24509	0.25847	0.02905	0.01777	0.01762	0.01341	0.00763	0.00623	0.00189	0.00715	0.00581	0.00561	0.10280
11	0.01619	0.28568	0.33957	0.01636	0.02369	0.04087	0.08025	0.02184	0.04795	0.05208	0.01236	0.01394	0.00946	0.00621	0.00572	0.00186	0.00858	0.00485	0.00330	0.00925
12	0.01673	0.28378	0.37472	0.01584	0.02347	0.01840	0.05351	0.02178	0.01438	0.10166	0.01262	0.01394	0.00939	0.00622	0.00568	0.00185	0.00840	0.00476	0.00344	0.00942
13	0.00972	0.00633	0.00712	0.00719	0.00733	0.00631	0.00414	0.01002	0.01006	0.01391	0.02152	0.07492	0.02427	0.67232	0.03000	0.00582	0.00599	0.00972	0.06909	0.00423
14	0.00907	0.00706	0.00784	0.00803	0.00948	0.00666	0.00564	0.01175	0.07037	0.01774	0.07816	0.19075	0.33111	0.18313	0.01354	0.00325	0.00432	0.03077	0.00574	0.00561
15	0.01496	0.03351	0.02312	0.08857	0.27649	0.03086	0.14788	0.03393	0.01527	0.05720	0.02231	0.11127	0.09738	0.00906	0.00707	0.00213	0.00749	0.00864	0.00424	0.00863
16	0.01482	0.02459	0.33947	0.05677	0.03169	0.01614	0.34429	0.05286	0.01544	0.02174	0.01271	0.01598	0.00927	0.00601	0.00700	0.00215	0.01022	0.00633	0.00322	0.00928
17	0.02142	0.01339	0.02181	0.01681	0.02182	0.01281	0.21561	0.02786	0.14613	0.33355	0.02309	0.02563	0.01688	0.00834	0.00718	0.00221	0.00720	0.06201	0.00628	0.00995
18	0.02507	0.01230	0.01741	0.01510	0.07536	0.01142	0.05482	0.05395	0.08459	0.50154	0.02581	0.02363	0.05102	0.00829	0.00675	0.00207	0.00604	0.00705	0.00715	0.01064
19	0.01954	0.20205	0.05973	0.02311	0.27373	0.03929	0.04665	0.03945	0.01591	0.17456	0.01607	0.01732	0.03080	0.00669	0.00604	0.00186	0.00738	0.00567	0.00436	0.00980
20	0.01328	0.01358	0.02658	0.10676	0.02787	0.01330	0.38618	0.01828	0.04605	0.02065	0.07838	0.10481	0.04410	0.00938	0.00775	0.00231	0.00850	0.06005	0.00435	0.00785
21	0.00934	0.00636	0.00756	0.00786	0.00812	0.00625	0.00486	0.00994	0.01111	0.01491	0.08118	0.16871	0.03109	0.54168	0.02590	0.00523	0.00566	0.04501	0.00472	0.00451
22	0.01589	0.06239	0.42078	0.01705	0.02446	0.01428	0.07987	0.04386	0.01559	0.11998	0.04999	0.02191	0.01467	0.00779	0.00665	0.00213	0.00845	0.06071	0.00418	0.00938
23	0.01642	0.08579	0.20926	0.06981	0.19207	0.04907	0.12496	0.08388	0.06441	0.02246	0.01327	0.01583	0.01020	0.00638	0.00645	0.00201	0.00876	0.00575	0.00363	0.00959
24	0.01985	0.05777	0.02044	0.14384	0.05757	0.39951	0.04960	0.05499	0.01685	0.01786	0.01149	0.01469	0.00948	0.01022	0.06630	0.00257	0.03062	0.00509	0.00343	0.00783
25	0.00931	0.00667	0.00854	0.00951	0.01045	0.00643	0.00716	0.01100	0.01329	0.01734	0.05467	0.25973	0.11189	0.18323	0.01408	0.00355	0.00512	0.25701	0.00566	0.00536
26	0.02128	0.01881	0.11241	0.05506	0.07033	0.09243	0.19512	0.07892	0.01778	0.24603	0.01684	0.01785	0.01167	0.00684	0.00679	0.00205	0.00865	0.00631	0.00502	0.00979
27	0.02162	0.05673	0.04854	0.04843	0.03839	0.13308	0.01188	0.10250	0.17047	0.20873	0.01880	0.01835	0.01350	0.00746	0.00624	0.00191	0.00712	0.00582	0.00566	0.07476
28	0.00851	0.00616	0.00784	0.00900	0.00971	0.00578	0.00629	0.00982	0.01286	0.01681	0.03800	0.50398	0.12458	0.10899	0.01141	0.00311	0.00435	0.10165	0.00585	0.00530
29	0.01022	0.00658	0.00792	0.00828	0.00906	0.00630	0.00556	0.01123	0.01205	0.05144	0.03074	0.23178	0.09643	0.36132	0.01964	0.00428	0.00521	0.07467	0.04216	0.00514
30	0.37639	0.01600	0.09128	0.04637	0.02009	0.01523	0.10442	0.06433	0.10547	0.08108	0.01409	0.01529	0.01035	0.00670	0.00560	0.00210	0.00673	0.00525	0.00459	0.00863
31	0.35608	0.01727	0.01531	0.01334	0.03661	0.16075	0.04353	0.08581	0.06930	0.06309	0.01270	0.01381	0.00969	0.00660	0.00533	0.00190	0.00704	0.00467	0.00451	0.07266

[dist]
# distance from previous block
# <min> <max>
2	15

[block]
# block no. 2 follows, 33 sequences, length 20
# corresponding to MSA columns:
# 151-170
name=unknown_C
#
# <colnr> <probs for GDERKNQSTAVLIFYWHMCP>
#	G	D	E	R	K	N	Q	S	T	A	V	L	I	F	Y	W	H	M	C	P
0	0.03751	0.18062	0.30047	0.01627	0.02309	0.08892	0.05174	0.12914	0.07081	0.02325	0.01289	0.01425	0.00978	0.00660	0.00591	0.00191	0.00860	0.00501	0.00380	0.00944
1	0.03927	0.10842	0.21484	0.02017	0.02678	0.01593	0.31824	0.02056	0.01460	0.06850	0.01460	0.05488	0.01191	0.03279	0.00768	0.00224	0.00918	0.00693	0.00364	0.00881
2	0.00866	0.00833	0.06325	0.00893	0.01060	0.00637	0.00699	0.01052	0.01363	0.01792	0.11168	0.36853	0.22045	0.10008	0.01077	0.00286	0.00435	0.01467	0.00574	0.00568
3	0.31226	0.01634	0.12519	0.01603	0.06909	0.01408	0.10874	0.04948	0.02883	0.09270	0.01553	0.04392	0.01287	0.00779	0.00603	0.00216	0.00700	0.05901	0.00449	0.00848
4	0.05037	0.06682	0.14405	0.01522	0.05471	0.01339	0.07123	0.06918	0.06724	0.13722	0.04743	0.11871	0.01837	0.00918	0.00687	0.00209	0.02473	0.00781	0.06655	0.00883
5	0.16810	0.01600	0.01871	0.01695	0.09368	0.08056	0.09013	0.15917	0.08998	0.06546	0.06449	0.01820	0.01462	0.00726	0.00615	0.00195	0.00699	0.00599	0.00504	0.07058
6	0.00914	0.00639	0.00757	0.00793	0.00838	0.00609	0.00490	0.00971	0.01098	0.01468	0.02756	0.28497	0.05984	0.45521	0.02285	0.00475	0.00533	0.01260	0.00479	0.03634
7	0.01638	0.01797	0.03565	0.02852	0.12717	0.04147	0.55606	0.05227	0.01627	0.02190	0.01320	0.01727	0.01005	0.00574	0.00748	0.00215	0.01051	0.00731	0.00347	0.00915
8	0.01519	0.01483	0.02589	0.22004	0.39965	0.01558	0.12000	0.02050	0.06379	0.02066	0.01336	0.01741	0.01062	0.00622	0.00673	0.00208	0.00837	0.00625	0.00342	0.00940
9	0.01102	0.00735	0.00962	0.01042	0.01218	0.00693	0.00858	0.01341	0.01498	0.07350	0.04128	0.18272	0.18542	0.01749	0.00851	0.00272	0.00507	0.37633	0.00624	0.00623
10	0.06888	0.01255	0.06497	0.01178	0.01687	0.01008	0.01030	0.02910	0.01807	0.59042	0.07767	0.02324	0.01876	0.00831	0.00655	0.00204	0.00567	0.00674	0.00748	0.01050
11	0.01460	0.08924	0.36268	0.02239	0.08219	0.01697	0.22665	0.02043	0.01417	0.02017	0.01187	0.01499	0.00903	0.00632	0.00760	0.00211	0.06058	0.00576	0.00299	0.00925
12	0.02365	0.01471	0.09733	0.01303	0.01824	0.01236	0.01158	0.03168	0.23106	0.43572	0.02461	0.02209	0.01655	0.00817	0.00660	0.00210	0.00595	0.00667	0.00709	0.01080
13	0.02394	0.01115	0.01432	0.01139	0.01565	0.01039	0.00925	0.11094	0.03961	0.46398	0.18615	0.02784	0.02636	0.00937	0.00688	0.00204	0.00522	0.00778	0.00771	0.01003
14	0.04349	0.01343	0.01763	0.06404	0.02024	0.04618	0.05990	0.05222	0.10120	0.43901	0.02184	0.02060	0.01465	0.00800	0.00738	0.00211	0.04471	0.00650	0.00664	0.01021
15	0.15915	0.01590	0.02054	0.05233	0.08137	0.09497	0.15474	0.12230	0.01669	0.02418	0.01606	0.09058	0.01475	0.00893	0.00744	0.00221	0.04601	0.05925	0.00439	0.00820
16	0.01924	0.01230	0.01293	0.01111	0.01434	0.09980	0.00860	0.02374	0.10878	0.27346	0.23090	0.03190	0.05089	0.06164	0.00875	0.00233	0.00558	0.00841	0.00676	0.00853
17	0.01274	0.00737	0.00937	0.00929	0.01110	0.00674	0.00681	0.01484	0.03052	0.15824	0.10618	0.34123	0.14352	0.06737	0.00960	0.00268	0.00433	0.04491	0.00649	0.00667
18	0.05382	0.04750	0.09552	0.06150	0.07812	0.04547	0.04665	0.19236	0.13965	0.11309	0.01678	0.01751	0.01228	0.00754	0.00709	0.00207	0.04199	0.00597	0.00520	0.00990
19	0.13787	0.16559	0.07077	0.01449	0.01941	0.21099	0.08207	0.05040	0.01560	0.05651	0.01188	0.01437	0.00969	0.03874	0.00669	0.00194	0.00837	0.00480	0.00378	0.07605

[dist]
# distance from previous block
# <min> <max>
2	18

[block]
# block no. 3 follows, 33 sequences, length 24
# corresponding to MSA columns:
# 189-212
name=unknown_D
#
# <colnr> <probs for GDERKNQSTAVLIFYWHMCP>
#	G	D	E	R	K	N	Q	S	T	A	V	L	I	F	Y	W	H	M	C	P
0	0.06897	0.08930	0.11388	0.01506	0.09279	0.03740	0.01212	0.08375	0.07355	0.07274	0.10039	0.05487	0.07498	0.00881	0.00629	0.00193	0.00623	0.00719	0.00499	0.07475
1	0.06558	0.20897	0.04140	0.01241	0.01673	0.08676	0.01075	0.19887	0.04041	0.04977	0.11215	0.02212	0.06910	0.00859	0.00644	0.00188	0.02792	0.00643	0.00506	0.00866
2	0.08801	0.04159	0.03937	0.03538	0.01842	0.07305	0.01068	0.18824	0.05814	0.14907	0.03439	0.01686	0.01274	0.00701	0.00586	0.00174	0.00648	0.00535	0.00540	0.20223
3	0.01694	0.18937	0.23971	0.01913	0.10597	0.04030	0.06223	0.07853	0.06986	0.04752	0.01314	0.01496	0.01018	0.00680	0.00702	0.00197	0.05791	0.00527	0.00372	0.00947
4	0.01064	0.00682	0.00826	0.00803	0.00888	0.00669	0.00527	0.01160	0.01187	0.06284	0.10058	0.06843	0.08943	0.45851	0.10957	0.00563	0.00695	0.01005	0.00482	0.00512
5	0.02193	0.01899	0.10138	0.01723	0.02310	0.01780	0.13215	0.39409	0.07426	0.10644	0.01678	0.01724	0.01184	0.00742	0.00676	0.00205	0.00787	0.00631	0.00578	0.01058
6	0.02222	0.10707	0.07562	0.01611	0.02177	0.04233	0.12322	0.23822	0.06805	0.19340	0.01725	0.01736	0.01217	0.00722	0.00647	0.00198	0.00766	0.00607	0.00560	0.01022
7	0.02435	0.01424	0.01649	0.01313	0.01789	0.01479	0.01069	0.26619	0.17984	0.31180	0.02385	0.02184	0.03680	0.00850	0.00666	0.00207	0.00602	0.00678	0.00722	0.01085
8	0.00778	0.00667	0.00667	0.00667	0.00889	0.00556	0.00500	0.00945	0.01501	0.01778	0.06669	0.06336	0.72490	0.01667	0.00778	0.00222	0.00333	0.01389	0.00611	0.00556
9	0.02464	0.01522	0.01807	0.01557	0.06945	0.01593	0.01182	0.33619	0.12478	0.26704	0.02052	0.01930	0.01412	0.00799	0.00661	0.00203	0.00645	0.00637	0.00688	0.01103
10	0.01539	0.13991	0.10689	0.08209	0.03188	0.01786	0.46933	0.02050	0.01484	0.01983	0.01237	0.01620	0.00948	0.00572	0.00695	0.00207	0.01012	0.00664	0.00316	0.00877
11	0.02179	0.01165	0.01421	0.01185	0.01593	0.01166	0.00946	0.03035	0.27648	0.37101	0.12577	0.02702	0.02423	0.00919	0.00681	0.00211	0.00510	0.00768	0.00748	0.01020
12	0.00805	0.00584	0.00761	0.00895	0.00951	0.00540	0.00603	0.00931	0.01302	0.01725	0.06535	0.68419	0.09509	0.02005	0.00833	0.00262	0.00376	0.01809	0.00616	0.00540
13	0.01594	0.01603	0.02736	0.10039	0.47776	0.03852	0.13220	0.01991	0.01467	0.02043	0.01213	0.01637	0.01002	0.00632	0.00781	0.00208	0.06313	0.00612	0.00322	0.00957
14	0.27264	0.20625	0.06673	0.01231	0.01704	0.17630	0.01093	0.07219	0.01542	0.05300	0.01119	0.01248	0.00886	0.00642	0.00497	0.00179	0.00747	0.00418	0.03165	0.00818
15	0.00812	0.00585	0.00773	0.00919	0.00970	0.00545	0.00626	0.00937	0.01281	0.01697	0.03745	0.70697	0.07068	0.02036	0.00841	0.00267	0.00389	0.04665	0.00611	0.00539
16	0.02362	0.01939	0.02127	0.01655	0.02162	0.11800	0.09391	0.44591	0.06846	0.08057	0.01609	0.01647	0.01156	0.00755	0.00665	0.00199	0.00810	0.00605	0.00587	0.01039
17	0.01808	0.04456	0.36196	0.01621	0.02335	0.01417	0.05967	0.04806	0.08884	0.19875	0.04866	0.01889	0.01412	0.00732	0.00651	0.00207	0.00787	0.00606	0.00488	0.00997
18	0.42720	0.04710	0.01327	0.01105	0.01492	0.15277	0.00881	0.02237	0.11576	0.02556	0.05947	0.01561	0.01309	0.00706	0.00510	0.00193	0.00634	0.00482	0.00448	0.04329
19	0.02234	0.01589	0.01954	0.08054	0.02246	0.01723	0.06176	0.36856	0.15204	0.14182	0.01885	0.01873	0.01331	0.00784	0.00670	0.00207	0.00703	0.00644	0.00629	0.01054
20	0.01365	0.05219	0.62413	0.01930	0.02843	0.01575	0.09157	0.02126	0.03496	0.02092	0.01234	0.01451	0.00886	0.00625	0.00636	0.00208	0.00966	0.00520	0.00295	0.00963
21	0.06780	0.02824	0.01811	0.04019	0.02062	0.60589	0.01249	0.06649	0.04681	0.01885	0.01117	0.01274	0.00904	0.00689	0.00592	0.00177	0.01085	0.00448	0.00374	0.00792
22	0.00859	0.00642	0.00805	0.00915	0.00999	0.00613	0.00628	0.01101	0.05969	0.01791	0.05922	0.61902	0.11555	0.01921	0.00820	0.00258	0.00384	0.01725	0.00618	0.00573
23	0.04091	0.01729	0.05236	0.05162	0.03205	0.01605	0.55850	0.04684	0.01611	0.07992	0.01422	0.01775	0.01038	0.00592	0.00744	0.00219	0.01021	0.00734	0.00384	0.00907

[dist]
# distance from previous block
# <min> <max>
4	12

[block]
# block no. 4 follows, 33 sequences, length 9
# corresponding to MSA columns:
# 226-234
name=unknown_E
#
# <colnr> <probs for GDERKNQSTAVLIFYWHMCP>
#	G	D	E	R	K	N	Q	S	T	A	V	L	I	F	Y	W	H	M	C	P
0	0.00823	0.00614	0.00752	0.00830	0.00927	0.00558	0.00571	0.00969	0.01380	0.01805	0.13302	0.45024	0.21496	0.06566	0.00974	0.00271	0.00377	0.01604	0.00613	0.00543
1	0.02230	0.01086	0.01412	0.01213	0.01595	0.01032	0.01008	0.12052	0.01912	0.39291	0.02765	0.08754	0.02330	0.01169	0.00741	0.00234	0.00583	0.18930	0.00722	0.00941
2	0.10410	0.02154	0.05558	0.01896	0.13780	0.27220	0.01345	0.13134	0.01899	0.14386	0.01408	0.01500	0.01041	0.00694	0.00608	0.00190	0.00861	0.00514	0.00471	0.00932
3	0.01005	0.00726	0.00991	0.01132	0.01273	0.00713	0.00958	0.01272	0.01480	0.01917	0.03743	0.16630	0.08998	0.01840	0.00890	0.00292	0.00556	0.54383	0.00607	0.00593
4	0.00934	0.00628	0.00725	0.00748	0.00754	0.00623	0.00431	0.00951	0.01003	0.01338	0.02310	0.15256	0.02691	0.65509	0.02970	0.00582	0.00599	0.01096	0.00431	0.00420
5	0.57732	0.01438	0.01180	0.01030	0.01444	0.06564	0.00834	0.06069	0.08522	0.08009	0.01263	0.01333	0.00944	0.00669	0.00480	0.00203	0.00573	0.00436	0.00473	0.00802
6	0.29308	0.01736	0.01735	0.03718	0.01937	0.15990	0.10562	0.09335	0.05456	0.02518	0.01328	0.05248	0.01106	0.00718	0.00573	0.00196	0.00754	0.00562	0.00430	0.06790
7	0.15455	0.00959	0.01191	0.01076	0.01335	0.00970	0.06086	0.01714	0.08190	0.09278	0.04977	0.19266	0.10946	0.10853	0.01037	0.00284	0.00529	0.04607	0.00556	0.00694
8	0.29142	0.07871	0.01725	0.01307	0.01753	0.18829	0.01064	0.26046	0.02001	0.02946	0.01172	0.01274	0.00897	0.00686	0.00540	0.00189	0.00759	0.00454	0.00469	0.00877

[dist]
# distance from previous block
# <min> <max>
28	348

[block]
# block no. 5 follows, 33 sequences, length 32
# corresponding to MSA columns:
# 613-635,656-664
name=unknown_F
#
# <colnr> <probs for GDERKNQSTAVLIFYWHMCP>
#	G	D	E	R	K	N	Q	S	T	A	V	L	I	F	Y	W	H	M	C	P
0	0.00829	0.00609	0.00731	0.00817	0.00911	0.00555	0.00557	0.00961	0.01323	0.01732	0.06364	0.46195	0.22783	0.08208	0.01019	0.00280	0.00385	0.01594	0.03611	0.00535
1	0.01207	0.00875	0.01062	0.01019	0.01222	0.00886	0.00777	0.07205	0.11903	0.04845	0.30904	0.21035	0.05986	0.01431	0.00773	0.00231	0.00425	0.06824	0.00675	0.00717
2	0.06415	0.24535	0.36665	0.01606	0.02341	0.01843	0.07262	0.05434	0.01440	0.02056	0.01153	0.01423	0.00916	0.03485	0.00669	0.00205	0.00852	0.00486	0.00315	0.00898
3	0.01591	0.01546	0.02702	0.10058	0.61771	0.01563	0.07065	0.01998	0.01487	0.02107	0.01239	0.01651	0.01025	0.00590	0.00662	0.00200	0.00815	0.00601	0.00324	0.01005
4	0.00930	0.00688	0.01004	0.01017	0.01118	0.00783	0.00769	0.01135	0.01067	0.01520	0.01947	0.08976	0.01938	0.10807	0.62022	0.00955	0.01551	0.00825	0.00378	0.00567
5	0.01365	0.01170	0.01365	0.00975	0.01560	0.00878	0.00780	0.01658	0.01365	0.02145	0.01170	0.01365	0.00975	0.00488	0.00488	0.00098	0.00488	0.00390	0.00390	0.80888
6	0.14895	0.08421	0.11421	0.01724	0.12205	0.05927	0.03227	0.06327	0.05337	0.18052	0.01653	0.05252	0.01278	0.00749	0.00601	0.00200	0.00704	0.00599	0.00490	0.00938
7	0.01097	0.00603	0.00904	0.00904	0.00931	0.00630	0.00630	0.00931	0.00904	0.01232	0.01286	0.02136	0.01259	0.02898	0.19099	0.62452	0.00846	0.00603	0.00301	0.00355
8	0.00805	0.00583	0.00754	0.00889	0.00941	0.00540	0.00594	0.00920	0.01270	0.01675	0.03832	0.68010	0.10047	0.04619	0.00922	0.00276	0.00387	0.01799	0.00604	0.00532
9	0.01600	0.10627	0.38557	0.05391	0.02567	0.03390	0.06879	0.07310	0.07260	0.06067	0.03301	0.01637	0.01154	0.00680	0.00628	0.00202	0.00859	0.00554	0.00386	0.00951
10	0.06324	0.06616	0.44357	0.02043	0.11958	0.04932	0.04394	0.04522	0.01497	0.05631	0.01240	0.01438	0.00910	0.00631	0.00612	0.00201	0.00892	0.00505	0.00336	0.00960
11	0.02109	0.02511	0.02072	0.02231	0.17966	0.46272	0.01468	0.02325	0.01646	0.01729	0.01043	0.01328	0.00895	0.00733	0.00857	0.00194	0.12989	0.00485	0.00328	0.00819
12	0.14519	0.06177	0.02244	0.11739	0.38960	0.01610	0.01613	0.07640	0.01557	0.06112	0.01258	0.01548	0.00995	0.00627	0.00600	0.00197	0.00729	0.00539	0.00385	0.00950
13	0.10258	0.13835	0.11357	0.01335	0.01907	0.01735	0.01245	0.24779	0.05441	0.14949	0.01558	0.01563	0.01119	0.00706	0.00582	0.00187	0.00680	0.00524	0.00534	0.05708
14	0.01710	0.01580	0.02094	0.02669	0.36578	0.05879	0.01527	0.08095	0.23141	0.02498	0.06063	0.02054	0.01651	0.00749	0.00662	0.00203	0.00692	0.00663	0.00484	0.01006
15	0.00801	0.00597	0.00746	0.00859	0.00941	0.00542	0.00587	0.00932	0.01331	0.01730	0.06317	0.58761	0.19552	0.01954	0.00825	0.00256	0.00369	0.01744	0.00614	0.00542
16	0.02036	0.05401	0.11983	0.01454	0.02046	0.05590	0.03506	0.30343	0.04325	0.08126	0.01477	0.01544	0.01082	0.00684	0.00608	0.00176	0.00728	0.00530	0.00515	0.17845
17	0.01785	0.01648	0.09764	0.02023	0.13669	0.01381	0.14958	0.08730	0.06569	0.12736	0.03772	0.01826	0.01319	0.00663	0.00649	0.00187	0.00739	0.00617	0.00474	0.16493
18	0.01853	0.02538	0.38648	0.01756	0.05629	0.04180	0.01834	0.18174	0.01872	0.12107	0.01549	0.04239	0.01144	0.00741	0.00646	0.00205	0.00837	0.00587	0.00455	0.01007
19	0.01585	0.45933	0.29681	0.01487	0.02209	0.02156	0.04986	0.02020	0.01368	0.01777	0.01035	0.01216	0.00848	0.00586	0.00516	0.00170	0.00824	0.00423	0.00283	0.00895
20	0.01167	0.01074	0.05682	0.06865	0.18506	0.00979	0.01152	0.01437	0.01345	0.03675	0.08887	0.17888	0.05201	0.10938	0.11870	0.00396	0.00778	0.00996	0.00453	0.00711
21	0.01486	0.07495	0.49747	0.01827	0.02644	0.01544	0.10190	0.02187	0.04879	0.07003	0.01439	0.04135	0.01089	0.00689	0.00643	0.00208	0.00901	0.00585	0.00353	0.00953
22	0.01446	0.01473	0.02038	0.57686	0.11792	0.11039	0.01777	0.01844	0.01409	0.01725	0.01158	0.01667	0.00892	0.00653	0.00649	0.00210	0.00908	0.00564	0.00302	0.00770
23	0.00946	0.00682	0.00940	0.00940	0.01017	0.00759	0.00676	0.01100	0.01023	0.01441	0.01871	0.03183	0.01905	0.29856	0.49690	0.00913	0.01374	0.00793	0.00369	0.00522
24	0.06012	0.02601	0.40058	0.08045	0.05089	0.06891	0.06193	0.02303	0.12391	0.02174	0.01399	0.01587	0.01033	0.00667	0.00631	0.00209	0.00886	0.00545	0.00357	0.00930
25	0.01733	0.01843	0.04355	0.05552	0.45917	0.11975	0.08541	0.03915	0.01562	0.02073	0.01199	0.01566	0.00992	0.00639	0.00745	0.00201	0.05321	0.00579	0.00333	0.00959
26	0.01554	0.01776	0.03885	0.02775	0.03441	0.01665	0.70366	0.02109	0.01554	0.02109	0.01332	0.01776	0.00999	0.00555	0.00777	0.00222	0.01110	0.00777	0.00333	0.00888
27	0.01145	0.01049	0.03564	0.03555	0.10326	0.00999	0.12036	0.03525	0.01341	0.01834	0.02319	0.28458	0.02488	0.09968	0.12393	0.00409	0.00832	0.02621	0.00453	0.00684
28	0.01555	0.09000	0.26323	0.09181	0.19970	0.03441	0.06021	0.02238	0.09939	0.04050	0.01396	0.01624	0.01065	0.00648	0.00631	0.00202	0.00840	0.00560	0.00359	0.00958
29	0.00812	0.00587	0.00768	0.00894	0.00953	0.00543	0.00605	0.00946	0.01326	0.01767	0.09620	0.66233	0.08554	0.01978	0.00831	0.00260	0.00373	0.01785	0.00621	0.00543
30	0.01011	0.00727	0.01024	0.01153	0.01286	0.00740	0.00970	0.01281	0.01417	0.01870	0.03252	0.15269	0.03546	0.02304	0.11609	0.00409	0.00747	0.50221	0.00570	0.00595
31	0.01484	0.03940	0.21045	0.04914	0.24928	0.01541	0.16696	0.02116	0.07381	0.02139	0.01466	0.04240	0.01184	0.00674	0.00668	0.00207	0.00852	0.00654	0.02927	0.00945

[dist]
# distance from previous block
# <min> <max>
0	2

[block]
# block no. 6 follows, 33 sequences, length 45
# corresponding to MSA columns:
# 667-711
name=unknown_G
#
# <colnr> <probs for GDERKNQSTAVLIFYWHMCP>
#	G	D	E	R	K	N	Q	S	T	A	V	L	I	F	Y	W	H	M	C	P
0	0.01389	0.06667	0.18223	0.03985	0.20348	0.01448	0.17934	0.01862	0.01516	0.02103	0.10027	0.02364	0.07668	0.00769	0.00686	0.00205	0.00805	0.00734	0.00384	0.00880
1	0.00876	0.00663	0.00808	0.00789	0.00954	0.00595	0.00585	0.01128	0.01707	0.02307	0.47415	0.11385	0.25383	0.01500	0.00782	0.00217	0.00323	0.01306	0.00682	0.00595
2	0.01286	0.01089	0.12623	0.00858	0.01154	0.00773	0.00811	0.01656	0.01395	0.05052	0.02084	0.06154	0.01685	0.00814	0.00515	0.00170	0.00430	0.00661	0.60102	0.00688
3	0.15154	0.04697	0.07473	0.04783	0.08234	0.03389	0.01216	0.08440	0.11446	0.13979	0.05291	0.04773	0.01668	0.00854	0.00671	0.00212	0.02874	0.03410	0.00530	0.00905
4	0.01350	0.03024	0.59083	0.01897	0.02706	0.01610	0.05595	0.02009	0.01339	0.02009	0.01140	0.01416	0.00847	0.00703	0.00869	0.00221	0.12453	0.00514	0.00282	0.00930
5	0.00830	0.00591	0.00784	0.00916	0.00958	0.00565	0.00617	0.00946	0.01232	0.01647	0.03397	0.64531	0.04032	0.08543	0.04834	0.00341	0.00481	0.03649	0.00580	0.00528
6	0.01425	0.06235	0.59328	0.01962	0.04442	0.05400	0.08020	0.02109	0.01429	0.02042	0.01176	0.01404	0.00854	0.00619	0.00629	0.00205	0.00980	0.00504	0.00287	0.00951
7	0.01792	0.01829	0.11831	0.04436	0.39297	0.05760	0.01760	0.08089	0.01664	0.09019	0.01447	0.03966	0.01163	0.00680	0.00645	0.00195	0.00782	0.00603	0.00407	0.04634
8	0.01320	0.03405	0.73453	0.01876	0.02849	0.01529	0.02432	0.02085	0.01390	0.02085	0.01181	0.01390	0.00834	0.00625	0.00625	0.00208	0.00973	0.00486	0.00278	0.00973
9	0.01778	0.01688	0.02444	0.03112	0.44894	0.06673	0.06435	0.11039	0.09193	0.02422	0.01477	0.03246	0.01208	0.00680	0.00663	0.00200	0.00789	0.00633	0.00413	0.01012
10	0.01585	0.09675	0.34255	0.01456	0.02194	0.03225	0.01609	0.03604	0.03591	0.08424	0.01328	0.01457	0.00988	0.00610	0.00571	0.00169	0.00759	0.00470	0.00380	0.23650
11	0.01934	0.38578	0.09754	0.01335	0.01891	0.07177	0.01269	0.13683	0.10666	0.05881	0.01371	0.01425	0.01079	0.00670	0.00538	0.00173	0.00737	0.00477	0.00425	0.00937
12	0.01760	0.77260	0.03450	0.01126	0.01690	0.02605	0.01126	0.01971	0.01338	0.01549	0.00915	0.01056	0.00845	0.00563	0.00422	0.00141	0.00704	0.00352	0.00282	0.00845
13	0.02194	0.01645	0.01776	0.01414	0.01899	0.01803	0.01148	0.43812	0.22771	0.06383	0.01912	0.01846	0.01388	0.00801	0.00651	0.00199	0.00643	0.00626	0.00650	0.06439
14	0.01933	0.04233	0.29835	0.01775	0.06000	0.03394	0.08811	0.05522	0.01643	0.22732	0.01615	0.01681	0.01115	0.00669	0.00639	0.00197	0.00813	0.00566	0.00468	0.06359
15	0.01763	0.19593	0.32277	0.01668	0.07130	0.01686	0.01699	0.05592	0.03444	0.13035	0.01402	0.01498	0.01026	0.00646	0.00582	0.00186	0.00785	0.00497	0.00400	0.05094
16	0.01015	0.01071	0.09300	0.01036	0.01330	0.00812	0.04020	0.01441	0.05146	0.02421	0.47201	0.04475	0.15654	0.01256	0.00754	0.00211	0.00437	0.01101	0.00635	0.00684
17	0.01629	0.01564	0.02672	0.04041	0.72757	0.01564	0.02020	0.02020	0.01499	0.02151	0.01238	0.01629	0.01043	0.00587	0.00652	0.00196	0.00782	0.00587	0.00326	0.01043
18	0.01515	0.01512	0.02579	0.27960	0.37518	0.03950	0.11540	0.01938	0.01457	0.01968	0.01221	0.01678	0.00974	0.00609	0.00670	0.00206	0.00874	0.00607	0.00316	0.00906
19	0.03357	0.07461	0.29151	0.10513	0.12461	0.01592	0.13882	0.02115	0.05278	0.04248	0.02939	0.01666	0.01105	0.00644	0.00647	0.00206	0.00878	0.00585	0.00347	0.00925
20	0.01336	0.01279	0.02208	0.57374	0.18292	0.01493	0.05163	0.01771	0.01365	0.01797	0.01192	0.01731	0.00917	0.00639	0.00663	0.00215	0.00869	0.00595	0.00301	0.00802
21	0.00950	0.00635	0.00720	0.00728	0.00730	0.00633	0.00409	0.00955	0.00972	0.01296	0.02150	0.07835	0.02489	0.73206	0.03228	0.00620	0.00626	0.01002	0.00409	0.00406
22	0.01604	0.15541	0.29235	0.10403	0.08791	0.04822	0.06300	0.09704	0.01607	0.02160	0.01250	0.01599	0.00984	0.00664	0.00616	0.00197	0.00878	0.02381	0.00342	0.00921
23	0.01493	0.01249	0.01819	0.02252	0.29326	0.01263	0.03570	0.04129	0.14593	0.05822	0.12420	0.02926	0.11286	0.00915	0.00686	0.00205	0.00588	0.00817	0.03737	0.00903
24	0.00973	0.00770	0.00950	0.00983	0.04467	0.00727	0.00688	0.01364	0.07448	0.02331	0.41013	0.08641	0.24370	0.01400	0.00765	0.00215	0.00361	0.01216	0.00663	0.00653
25	0.00827	0.00592	0.00771	0.00905	0.00953	0.00556	0.00612	0.00944	0.01258	0.01666	0.03615	0.63952	0.06950	0.08312	0.01052	0.00298	0.00413	0.05201	0.00593	0.00528
26	0.06888	0.23020	0.12513	0.01458	0.04770	0.03775	0.01325	0.17311	0.07083	0.13555	0.01509	0.01535	0.01113	0.00693	0.00572	0.00186	0.00715	0.00513	0.00487	0.00979
27	0.01039	0.12457	0.01345	0.04199	0.02760	0.01004	0.00831	0.01197	0.01271	0.01667	0.02851	0.49134	0.03313	0.04745	0.00936	0.00263	0.04159	0.05703	0.00516	0.00609
28	0.01061	0.00758	0.01061	0.01212	0.01364	0.00758	0.01061	0.01364	0.01515	0.01970	0.03486	0.07426	0.03789	0.01819	0.00909	0.00303	0.00606	0.68326	0.00606	0.00606
29	0.01501	0.01822	0.09415	0.17283	0.03498	0.03818	0.45675	0.02092	0.04312	0.02031	0.01331	0.01747	0.00996	0.00599	0.00730	0.00219	0.01030	0.00701	0.00334	0.00866
30	0.01540	0.02236	0.28710	0.08689	0.35140	0.01577	0.03907	0.06480	0.01550	0.02218	0.01237	0.01552	0.00957	0.00619	0.00646	0.00203	0.00865	0.00555	0.00327	0.00993
31	0.00935	0.00678	0.00910	0.01041	0.01156	0.00652	0.00828	0.01157	0.01434	0.01874	0.06630	0.32878	0.09916	0.01877	0.00867	0.00279	0.00488	0.35211	0.00613	0.00576
32	0.01536	0.01844	0.07382	0.02678	0.03328	0.01675	0.63549	0.02082	0.01519	0.02082	0.01302	0.01740	0.00984	0.00587	0.00836	0.00224	0.04688	0.00752	0.00328	0.00884
33	0.04241	0.35411	0.14117	0.01742	0.11791	0.14151	0.01462	0.02183	0.01485	0.06286	0.01126	0.01286	0.00917	0.00613	0.00530	0.00170	0.00824	0.00438	0.00334	0.00893
34	0.01181	0.00723	0.00912	0.00903	0.01050	0.00756	0.00675	0.04719	0.01337	0.05651	0.02321	0.18018	0.02235	0.06147	0.25318	0.00507	0.00858	0.00926	0.25135	0.00629
35	0.81514	0.01273	0.00968	0.00866	0.01273	0.01477	0.00713	0.01935	0.01120	0.02954	0.00917	0.01069	0.00713	0.00611	0.00407	0.00204	0.00509	0.00356	0.00407	0.00713
36	0.01596	0.01815	0.03632	0.02736	0.06856	0.05218	0.60106	0.02104	0.01540	0.02061	0.01289	0.01723	0.00987	0.00592	0.00829	0.00221	0.04742	0.00740	0.00331	0.00882
37	0.01348	0.01082	0.01285	0.00975	0.01478	0.00832	0.00763	0.01613	0.01371	0.04931	0.01581	0.12208	0.01488	0.00727	0.00545	0.00126	0.00475	0.00614	0.00439	0.66117
38	0.01365	0.01170	0.01365	0.00975	0.01560	0.00878	0.00780	0.01658	0.01365	0.02145	0.01170	0.01365	0.00975	0.00488	0.00488	0.00098	0.00488	0.00390	0.00390	0.80888
39	0.01867	0.08974	0.22741	0.01953	0.11931	0.01543	0.08712	0.06009	0.07585	0.17418	0.01631	0.01714	0.01170	0.00675	0.00635	0.00198	0.00782	0.00580	0.00462	0.03421
40	0.01491	0.32019	0.46332	0.01586	0.02400	0.01946	0.01926	0.02041	0.01370	0.01877	0.01078	0.01261	0.00838	0.00601	0.00547	0.00182	0.00869	0.00434	0.00279	0.00923
41	0.00802	0.00604	0.00733	0.00833	0.00924	0.00546	0.00568	0.00927	0.01317	0.01690	0.04454	0.52213	0.24432	0.05542	0.00943	0.00272	0.00380	0.01685	0.00601	0.00534
42	0.01041	0.00705	0.00886	0.00868	0.01017	0.00658	0.00628	0.03503	0.01641	0.05886	0.36473	0.23649	0.11490	0.07329	0.00982	0.00257	0.00383	0.01325	0.00661	0.00617
43	0.49989	0.01420	0.06815	0.01049	0.01512	0.01382	0.00925	0.05755	0.03492	0.17104	0.01406	0.01515	0.01028	0.03405	0.00602	0.00220	0.00572	0.00474	0.00500	0.00835
44	0.03939	0.32232	0.33613	0.01492	0.02204	0.06297	0.01683	0.02175	0.05024	0.04069	0.01179	0.01318	0.00920	0.00623	0.00541	0.00180	0.00831	0.00445	0.00323	0.00910

[dist]
# distance from previous block
# <min> <max>
12	28

[block]
# block no. 7 follows, 33 sequences, length 7
# corresponding to MSA columns:
# 741-747
name=unknown_H
#
# <colnr> <probs for GDERKNQSTAVLIFYWHMCP>
#	G	D	E	R	K	N	Q	S	T	A	V	L	I	F	Y	W	H	M	C	P
0	0.06860	0.05327	0.02047	0.01671	0.07290	0.13821	0.10287	0.12271	0.03857	0.04790	0.01364	0.01645	0.01095	0.00654	0.00597	0.00170	0.00765	0.02466	0.00434	0.22588
1	0.05629	0.07586	0.08355	0.01544	0.02061	0.14505	0.11315	0.14986	0.01867	0.04388	0.09119	0.01815	0.01545	0.00716	0.00621	0.00181	0.00791	0.00591	0.00455	0.11932
2	0.01611	0.05780	0.05713	0.02185	0.02738	0.10611	0.42104	0.04484	0.01590	0.02045	0.01520	0.09868	0.01340	0.00745	0.00719	0.00209	0.00970	0.00796	0.00374	0.04598
3	0.01227	0.00614	0.00614	0.00614	0.00767	0.00614	0.00460	0.01534	0.01381	0.02454	0.02148	0.02454	0.01687	0.00767	0.00460	0.00153	0.00307	0.00614	0.80518	0.00614
4	0.01827	0.01428	0.01569	0.12897	0.02092	0.07020	0.01095	0.20279	0.07176	0.07499	0.04479	0.01892	0.01411	0.00732	0.00602	0.00177	0.00644	0.00583	0.10556	0.16040
5	0.01169	0.01108	0.01207	0.01102	0.01355	0.08922	0.05951	0.01593	0.09826	0.02053	0.16263	0.11485	0.28716	0.01374	0.00758	0.00223	0.00525	0.05112	0.00587	0.00673
6	0.01257	0.00987	0.01158	0.01210	0.01419	0.04611	0.01030	0.08889	0.01703	0.02167	0.03505	0.06354	0.10936	0.01632	0.00852	0.00276	0.00618	0.50134	0.00599	0.00664

[dist]
# distance from previous block
# <min> <max>
0	0

# created by:
# /home/cegg/simao/soft/augustus-3.2.1/scripts/msa2prfl.pl ./align_prep/EOG090W0F8A.fa
