[name]
unknown

[dist]
# distance from previous block
# <min> <max>
0	67

[block]
# block no. 0 follows, 32 sequences, length 17
# corresponding to MSA columns:
# 67-83
name=unknown_A
#
# <colnr> <probs for GDERKNQSTAVLIFYWHMCP>
#	G	D	E	R	K	N	Q	S	T	A	V	L	I	F	Y	W	H	M	C	P
0	0.02346	0.01166	0.01547	0.08506	0.01942	0.01134	0.01085	0.12400	0.02003	0.40764	0.10278	0.02971	0.02257	0.00974	0.00712	0.00219	0.00603	0.07378	0.00723	0.00993
1	0.13587	0.01480	0.01554	0.01275	0.01674	0.01627	0.01012	0.39616	0.06337	0.05417	0.01872	0.09294	0.01623	0.09472	0.00964	0.00262	0.00645	0.00751	0.00605	0.00934
2	0.48105	0.03743	0.01360	0.01119	0.01480	0.01626	0.00924	0.11785	0.03307	0.02835	0.01161	0.01399	0.00938	0.01155	0.07933	0.00301	0.09136	0.00469	0.00436	0.00788
3	0.00886	0.00603	0.00778	0.00886	0.00956	0.00567	0.00607	0.01054	0.01388	0.01944	0.13436	0.57351	0.04405	0.01847	0.00803	0.00250	0.00370	0.01662	0.09640	0.00567
4	0.01461	0.09933	0.51284	0.01690	0.02466	0.08711	0.02004	0.02039	0.01410	0.01933	0.01265	0.01701	0.01032	0.09214	0.00929	0.00252	0.00949	0.00531	0.00304	0.00892
5	0.05586	0.01897	0.02283	0.01951	0.09184	0.08091	0.10922	0.41989	0.02524	0.06690	0.01512	0.01619	0.01100	0.00735	0.00671	0.00203	0.00823	0.00608	0.00560	0.01052
6	0.01074	0.00862	0.01303	0.01145	0.01341	0.00878	0.07549	0.01286	0.01135	0.01616	0.01774	0.02904	0.01748	0.24020	0.38582	0.00764	0.01264	0.00762	0.00375	0.09621
7	0.00897	0.00684	0.00824	0.00789	0.00970	0.00611	0.00591	0.01164	0.01774	0.02394	0.49912	0.05500	0.28483	0.01482	0.00792	0.00216	0.00324	0.01282	0.00700	0.00611
8	0.13750	0.02495	0.01652	0.01497	0.01837	0.47845	0.01135	0.09052	0.01846	0.02105	0.01380	0.09695	0.01276	0.00852	0.00612	0.00192	0.00970	0.00606	0.00419	0.00780
9	0.01571	0.17556	0.02756	0.13127	0.02584	0.04441	0.16303	0.01909	0.02828	0.01766	0.01089	0.01523	0.00934	0.00815	0.01196	0.00231	0.27668	0.00583	0.00313	0.00809
10	0.01662	0.01387	0.01460	0.01286	0.01664	0.01559	0.01008	0.12818	0.50433	0.02860	0.03196	0.02984	0.12706	0.01017	0.00698	0.00224	0.00532	0.00838	0.00672	0.00997
11	0.00929	0.00670	0.00879	0.00858	0.00998	0.00620	0.00632	0.01215	0.01804	0.02540	0.61357	0.15965	0.06039	0.01484	0.00801	0.00221	0.00328	0.01321	0.00721	0.00620
12	0.02052	0.01515	0.01622	0.01293	0.01702	0.01640	0.01030	0.49311	0.02582	0.03426	0.02442	0.02744	0.11634	0.12605	0.01112	0.00274	0.00667	0.00779	0.00623	0.00944
13	0.00899	0.00759	0.00808	0.00742	0.01020	0.00623	0.00564	0.01101	0.01540	0.01946	0.11533	0.05551	0.55361	0.01486	0.00747	0.00206	0.00362	0.01241	0.00598	0.12912
14	0.01071	0.00865	0.00895	0.00820	0.01092	0.00803	0.00633	0.11630	0.01796	0.02222	0.08680	0.05650	0.58325	0.01548	0.00774	0.00222	0.00400	0.01282	0.00635	0.00658
15	0.01796	0.01529	0.01776	0.01816	0.12672	0.01717	0.01247	0.12988	0.50433	0.02919	0.02342	0.02244	0.01764	0.00847	0.00678	0.00219	0.00602	0.00711	0.00627	0.01074
16	0.02169	0.01343	0.01554	0.01231	0.01665	0.01377	0.02783	0.32461	0.02328	0.19090	0.02724	0.02646	0.12270	0.00939	0.00665	0.00201	0.00587	0.00754	0.12241	0.00971

[dist]
# distance from previous block
# <min> <max>
0	9

[block]
# block no. 1 follows, 32 sequences, length 78
# corresponding to MSA columns:
# 93-170
name=unknown_B
#
# <colnr> <probs for GDERKNQSTAVLIFYWHMCP>
#	G	D	E	R	K	N	Q	S	T	A	V	L	I	F	Y	W	H	M	C	P
0	0.01786	0.72001	0.03388	0.01162	0.01724	0.02592	0.01143	0.02109	0.05819	0.01657	0.01048	0.01168	0.00937	0.00596	0.00447	0.00149	0.00706	0.00384	0.00312	0.00874
1	0.76062	0.01309	0.01055	0.00939	0.01327	0.01540	0.00774	0.01950	0.01135	0.02921	0.00931	0.01114	0.00737	0.00658	0.00530	0.00213	0.05295	0.00378	0.00407	0.00727
2	0.01349	0.01237	0.02013	0.70120	0.04459	0.01528	0.01826	0.06082	0.01458	0.01875	0.01219	0.01778	0.00910	0.00679	0.00671	0.00222	0.00884	0.00597	0.00322	0.00771
3	0.02404	0.02899	0.01802	0.01625	0.01967	0.63038	0.01226	0.06892	0.01940	0.01879	0.01170	0.01344	0.00953	0.00706	0.00598	0.00173	0.01105	0.00459	0.07031	0.00788
4	0.01007	0.00703	0.00816	0.00798	0.00798	0.00740	0.00474	0.01017	0.00979	0.01321	0.02035	0.04204	0.02340	0.71606	0.03338	0.00628	0.05418	0.00951	0.00399	0.00428
5	0.01024	0.00832	0.00936	0.00864	0.01084	0.00805	0.00667	0.06849	0.01729	0.02230	0.22891	0.05358	0.44452	0.01506	0.00873	0.00225	0.05154	0.01243	0.00636	0.00642
6	0.81159	0.01298	0.00986	0.00882	0.01298	0.01505	0.00727	0.01972	0.01142	0.03010	0.00934	0.01090	0.00727	0.00623	0.00415	0.00208	0.00519	0.00363	0.00415	0.00727
7	0.01669	0.01441	0.01517	0.01365	0.01745	0.01669	0.01062	0.03565	0.71021	0.02807	0.02731	0.02503	0.02048	0.00910	0.00683	0.00228	0.00531	0.00759	0.00683	0.01062
8	0.00829	0.00592	0.00792	0.00947	0.00991	0.00555	0.00643	0.00954	0.01296	0.01726	0.03692	0.73030	0.04413	0.02091	0.00859	0.00274	0.00399	0.04746	0.00623	0.00548
9	0.01646	0.01580	0.02698	0.06702	0.69762	0.01590	0.02052	0.02047	0.01521	0.02175	0.01260	0.01665	0.01057	0.00601	0.00665	0.00200	0.00801	0.00598	0.00331	0.01051
10	0.81159	0.01298	0.00986	0.00882	0.01298	0.01505	0.00727	0.01972	0.01142	0.03010	0.00934	0.01090	0.00727	0.00623	0.00415	0.00208	0.00519	0.00363	0.00415	0.00727
11	0.00976	0.00651	0.00732	0.00732	0.00732	0.00651	0.00407	0.00976	0.00976	0.01301	0.02114	0.04391	0.02439	0.76419	0.03415	0.00651	0.00651	0.00976	0.00407	0.00407
12	0.01794	0.76823	0.03516	0.01148	0.01722	0.02655	0.01148	0.02009	0.01363	0.01579	0.00933	0.01076	0.00861	0.00574	0.00431	0.00144	0.00718	0.00359	0.00287	0.00861
13	0.01584	0.01810	0.03959	0.02828	0.03507	0.01697	0.69796	0.02149	0.01584	0.02149	0.01357	0.01810	0.01018	0.00566	0.00792	0.00226	0.01131	0.00792	0.00339	0.00905
14	0.01598	0.01370	0.01456	0.01329	0.01680	0.01575	0.01025	0.03346	0.65197	0.02715	0.02812	0.08640	0.02248	0.01010	0.00697	0.00231	0.00519	0.00855	0.00678	0.01019
15	0.00803	0.00680	0.00693	0.00690	0.00912	0.00571	0.00517	0.00982	0.01552	0.01867	0.10838	0.06368	0.67887	0.01679	0.00793	0.00226	0.00338	0.01404	0.00630	0.00571
16	0.02506	0.03198	0.01901	0.01729	0.02074	0.73725	0.01296	0.02679	0.01901	0.01642	0.01037	0.01210	0.00864	0.00691	0.00605	0.00173	0.01210	0.00432	0.00346	0.00778
17	0.00814	0.00649	0.00731	0.00778	0.00937	0.00565	0.00558	0.00979	0.01480	0.01854	0.11302	0.29289	0.44093	0.01805	0.00814	0.00240	0.00354	0.01561	0.00633	0.00565
18	0.00793	0.00680	0.00680	0.00680	0.00906	0.00566	0.00510	0.00963	0.01529	0.01813	0.06797	0.06457	0.71961	0.01699	0.00793	0.00227	0.00340	0.01416	0.00623	0.00566
19	0.00813	0.00602	0.00760	0.00887	0.00961	0.00549	0.00602	0.00940	0.01330	0.01731	0.04276	0.63017	0.17029	0.02027	0.00845	0.00264	0.00380	0.01816	0.00623	0.00549
20	0.01707	0.67732	0.05883	0.01151	0.01706	0.02445	0.01155	0.01951	0.01410	0.01692	0.06868	0.01418	0.01318	0.00643	0.00468	0.00152	0.00694	0.00435	0.00325	0.00847
21	0.01431	0.17452	0.59709	0.01767	0.02679	0.01767	0.02225	0.02103	0.01406	0.02021	0.01152	0.01352	0.00852	0.00625	0.00598	0.00199	0.00939	0.00470	0.00284	0.00967
22	0.02368	0.01737	0.01855	0.01452	0.01943	0.01924	0.01190	0.58684	0.08676	0.03965	0.01753	0.01761	0.01266	0.00812	0.00655	0.00200	0.00685	0.00619	0.07366	0.01091
23	0.01468	0.01468	0.02055	0.01762	0.01762	0.02055	0.01468	0.01615	0.01028	0.01615	0.00881	0.01468	0.00881	0.01174	0.02202	0.00294	0.75191	0.00587	0.00294	0.00734
24	0.01346	0.03471	0.72942	0.01912	0.02904	0.01558	0.02479	0.02125	0.01417	0.02125	0.01204	0.01417	0.00850	0.00637	0.00637	0.00212	0.00992	0.00496	0.00283	0.00992
25	0.01267	0.01193	0.02013	0.74806	0.04621	0.01491	0.01863	0.01714	0.01342	0.01714	0.01193	0.01789	0.00894	0.00671	0.00671	0.00224	0.00894	0.00596	0.00298	0.00745
26	0.00937	0.00685	0.00879	0.00830	0.00994	0.00628	0.00623	0.01241	0.01868	0.02617	0.66444	0.05133	0.11812	0.01399	0.00792	0.00212	0.00319	0.01230	0.00729	0.00628
27	0.00964	0.00697	0.00966	0.00966	0.01047	0.00778	0.00699	0.01126	0.01045	0.01475	0.01900	0.03205	0.01924	0.28158	0.50972	0.00940	0.01426	0.00802	0.00375	0.00537
28	0.02551	0.01879	0.02014	0.01544	0.02081	0.02081	0.01275	0.69996	0.03155	0.04229	0.01611	0.01611	0.01141	0.00805	0.00671	0.00201	0.00738	0.00604	0.00671	0.01141
29	0.01687	0.01411	0.01601	0.01400	0.01787	0.01569	0.03577	0.12008	0.47561	0.02834	0.02575	0.05384	0.02095	0.00995	0.00706	0.00228	0.00582	0.06917	0.00648	0.04435
30	0.04065	0.01645	0.01593	0.01405	0.01800	0.08201	0.01098	0.10980	0.55143	0.02869	0.02401	0.02246	0.01802	0.00871	0.00667	0.00219	0.00615	0.00701	0.00644	0.01036
31	0.02100	0.01612	0.02558	0.01923	0.02478	0.01625	0.27209	0.16955	0.16059	0.17306	0.01956	0.02007	0.01386	0.00741	0.00720	0.00217	0.00811	0.00721	0.00580	0.01036
32	0.81159	0.01298	0.00986	0.00882	0.01298	0.01505	0.00727	0.01972	0.01142	0.03010	0.00934	0.01090	0.00727	0.00623	0.00415	0.00208	0.00519	0.00363	0.00415	0.00727
33	0.00942	0.00715	0.00874	0.00850	0.01033	0.00660	0.00651	0.01268	0.03938	0.02404	0.46746	0.05530	0.23395	0.01484	0.00800	0.00224	0.00355	0.06807	0.00696	0.00628
34	0.01521	0.03226	0.65449	0.01837	0.02779	0.01498	0.02322	0.02245	0.01470	0.09533	0.01356	0.01508	0.00935	0.00658	0.00641	0.00212	0.00947	0.00515	0.00341	0.01007
35	0.01584	0.01810	0.03959	0.02828	0.03507	0.01697	0.69796	0.02149	0.01584	0.02149	0.01357	0.01810	0.01018	0.00566	0.00792	0.00226	0.01131	0.00792	0.00339	0.00905
36	0.00915	0.00685	0.00849	0.00808	0.00981	0.00619	0.00606	0.01200	0.01818	0.02498	0.57628	0.05329	0.20703	0.01443	0.00792	0.00214	0.00322	0.01258	0.00713	0.00619
37	0.01093	0.00795	0.01004	0.00941	0.01133	0.00767	0.00733	0.07011	0.01954	0.02719	0.56606	0.05052	0.07497	0.01387	0.00796	0.00221	0.00386	0.08515	0.00716	0.00672
38	0.00818	0.00584	0.00779	0.00934	0.00973	0.00545	0.00623	0.00934	0.01285	0.01713	0.03698	0.75981	0.04438	0.02102	0.00856	0.00273	0.00389	0.01908	0.00623	0.00545
39	0.81159	0.01298	0.00986	0.00882	0.01298	0.01505	0.00727	0.01972	0.01142	0.03010	0.00934	0.01090	0.00727	0.00623	0.00415	0.00208	0.00519	0.00363	0.00415	0.00727
40	0.00818	0.00584	0.00779	0.00934	0.00973	0.00545	0.00623	0.00934	0.01285	0.01713	0.03698	0.75981	0.04438	0.02102	0.00856	0.00273	0.00389	0.01908	0.00623	0.00545
41	0.01489	0.01493	0.02193	0.02004	0.07722	0.02001	0.04465	0.01675	0.01093	0.01686	0.00933	0.01499	0.00902	0.01100	0.02013	0.00283	0.65783	0.00597	0.00299	0.00769
42	0.00793	0.00680	0.00680	0.00680	0.00906	0.00566	0.00510	0.00963	0.01529	0.01813	0.06797	0.06457	0.71961	0.01699	0.00793	0.00227	0.00340	0.01416	0.00623	0.00566
43	0.00793	0.00680	0.00680	0.00680	0.00906	0.00566	0.00510	0.00963	0.01529	0.01813	0.06797	0.06457	0.71961	0.01699	0.00793	0.00227	0.00340	0.01416	0.00623	0.00566
44	0.01267	0.01193	0.02013	0.74806	0.04621	0.01491	0.01863	0.01714	0.01342	0.01714	0.01193	0.01789	0.00894	0.00671	0.00671	0.00224	0.00894	0.00596	0.00298	0.00745
45	0.81159	0.01298	0.00986	0.00882	0.01298	0.01505	0.00727	0.01972	0.01142	0.03010	0.00934	0.01090	0.00727	0.00623	0.00415	0.00208	0.00519	0.00363	0.00415	0.00727
46	0.01794	0.76823	0.03516	0.01148	0.01722	0.02655	0.01148	0.02009	0.01363	0.01579	0.00933	0.01076	0.00861	0.00574	0.00431	0.00144	0.00718	0.00359	0.00287	0.00861
47	0.02506	0.03198	0.01901	0.01729	0.02074	0.73725	0.01296	0.02679	0.01901	0.01642	0.01037	0.01210	0.00864	0.00691	0.00605	0.00173	0.01210	0.00432	0.00346	0.00778
48	0.00901	0.00684	0.00829	0.00793	0.00972	0.00612	0.00595	0.01172	0.01784	0.02417	0.51575	0.05463	0.26806	0.01474	0.00792	0.00216	0.00324	0.01277	0.00703	0.00612
49	0.02946	0.01128	0.01536	0.01183	0.01691	0.00975	0.00975	0.03207	0.01920	0.70499	0.04822	0.02370	0.01808	0.00847	0.00678	0.00208	0.00563	0.00692	0.00828	0.01126
50	0.00836	0.00676	0.00742	0.00736	0.00935	0.00583	0.00548	0.01042	0.01615	0.02039	0.23828	0.09647	0.51158	0.01634	0.00796	0.00225	0.00336	0.01388	0.00654	0.00583
51	0.00863	0.00682	0.00776	0.00753	0.00949	0.00596	0.00565	0.01098	0.01694	0.02202	0.35688	0.05816	0.42827	0.01554	0.00792	0.00220	0.00330	0.01326	0.00674	0.00596
52	0.81159	0.01298	0.00986	0.00882	0.01298	0.01505	0.00727	0.01972	0.01142	0.03010	0.00934	0.01090	0.00727	0.00623	0.00415	0.00208	0.00519	0.00363	0.00415	0.00727
53	0.01242	0.02172	0.33690	0.01838	0.02459	0.01281	0.18559	0.01765	0.01417	0.02004	0.02009	0.24442	0.01995	0.01070	0.00743	0.00234	0.00841	0.01003	0.00402	0.00833
54	0.00852	0.00655	0.00788	0.00868	0.01006	0.00590	0.00641	0.01029	0.01456	0.01853	0.09094	0.34282	0.31604	0.01861	0.00837	0.00255	0.00396	0.10733	0.00629	0.00569
55	0.01779	0.74428	0.05782	0.01173	0.01761	0.02619	0.01192	0.02013	0.01365	0.01596	0.00942	0.01087	0.00861	0.00576	0.00437	0.00146	0.00727	0.00363	0.00287	0.00865
56	0.01518	0.31658	0.46264	0.01619	0.02450	0.01980	0.01968	0.02080	0.01396	0.01915	0.01100	0.01286	0.00854	0.00613	0.00558	0.00186	0.00886	0.00443	0.00285	0.00941
57	0.04883	0.05109	0.26363	0.01601	0.02269	0.05981	0.03416	0.18754	0.07347	0.15285	0.01653	0.01676	0.01159	0.00732	0.00642	0.00205	0.00810	0.00568	0.00515	0.01030
58	0.00899	0.00704	0.00826	0.00863	0.01041	0.00642	0.00664	0.01159	0.03501	0.02011	0.16871	0.16575	0.36719	0.01708	0.00823	0.00245	0.00397	0.13110	0.00644	0.00598
59	0.01794	0.76823	0.03516	0.01148	0.01722	0.02655	0.01148	0.02009	0.01363	0.01579	0.00933	0.01076	0.00861	0.00574	0.00431	0.00144	0.00718	0.00359	0.00287	0.00861
60	0.02543	0.01930	0.02082	0.01617	0.02136	0.11819	0.06951	0.43500	0.02637	0.15468	0.01688	0.01688	0.01182	0.00774	0.00673	0.00201	0.00808	0.00608	0.00626	0.01071
61	0.01322	0.01443	0.08074	0.59543	0.10649	0.01514	0.04463	0.01797	0.01374	0.01809	0.01206	0.01747	0.00911	0.00657	0.00672	0.00221	0.00902	0.00595	0.00302	0.00801
62	0.00813	0.00600	0.00762	0.00893	0.00962	0.00549	0.00604	0.00939	0.01325	0.01729	0.04206	0.64586	0.15505	0.02036	0.00846	0.00265	0.00381	0.01827	0.00623	0.00549
63	0.01920	0.63847	0.03232	0.01250	0.01784	0.15181	0.01174	0.02127	0.01458	0.01590	0.00951	0.01100	0.00862	0.00595	0.00461	0.00149	0.00804	0.00372	0.00297	0.00846
64	0.00857	0.00610	0.00809	0.00934	0.00979	0.00590	0.00632	0.00978	0.01241	0.01663	0.03349	0.59008	0.03953	0.11003	0.07246	0.00385	0.00546	0.04105	0.00575	0.00536
65	0.15690	0.01646	0.01708	0.01347	0.01848	0.04335	0.01104	0.38158	0.05404	0.17158	0.01714	0.01672	0.01198	0.00771	0.00622	0.00201	0.00670	0.00572	0.00640	0.03543
66	0.02356	0.02196	0.01920	0.01764	0.07849	0.27355	0.01289	0.26870	0.09862	0.07614	0.03332	0.01701	0.01301	0.00775	0.00652	0.00195	0.00866	0.00579	0.00541	0.00984
67	0.00806	0.00674	0.00701	0.00708	0.00917	0.00570	0.00526	0.00983	0.01540	0.01869	0.11214	0.10802	0.62988	0.01702	0.00797	0.00228	0.00341	0.01433	0.00631	0.00570
68	0.01363	0.01291	0.02186	0.57560	0.21117	0.01516	0.01911	0.01799	0.01387	0.01831	0.01210	0.01758	0.00936	0.00653	0.00669	0.00218	0.00871	0.00597	0.00306	0.00823
69	0.27304	0.01190	0.01380	0.01097	0.01584	0.01148	0.00906	0.02867	0.01678	0.51035	0.02115	0.01913	0.01371	0.00766	0.00594	0.00208	0.00555	0.00578	0.00701	0.01013
70	0.01399	0.17127	0.53165	0.01696	0.02528	0.01687	0.02085	0.02022	0.01411	0.02002	0.01373	0.03956	0.01146	0.00745	0.00623	0.00207	0.00899	0.04685	0.00315	0.00930
71	0.01407	0.01244	0.01606	0.01147	0.01750	0.00961	0.06558	0.01728	0.01407	0.02183	0.01206	0.01426	0.00996	0.00503	0.00522	0.00110	0.00550	0.00430	0.00393	0.73871
72	0.00817	0.00587	0.00775	0.00925	0.00971	0.00546	0.00619	0.00935	0.01293	0.01716	0.03808	0.73514	0.06834	0.02088	0.00854	0.00271	0.00388	0.01890	0.00623	0.00546
73	0.31393	0.02168	0.08102	0.01380	0.01854	0.22065	0.01182	0.17275	0.04306	0.02804	0.01201	0.01319	0.00915	0.00694	0.00555	0.00198	0.00807	0.00462	0.00450	0.00869
74	0.01784	0.01422	0.01722	0.01311	0.01801	0.01401	0.03015	0.18477	0.04397	0.06286	0.01389	0.01555	0.01089	0.00701	0.00800	0.00165	0.10925	0.00513	0.00481	0.40765
75	0.01048	0.00716	0.00892	0.00838	0.01035	0.00644	0.00638	0.01326	0.01803	0.06941	0.50114	0.05251	0.21590	0.01428	0.00788	0.00217	0.00347	0.03022	0.00714	0.00649
76	0.01155	0.00752	0.00956	0.00876	0.01083	0.00690	0.00667	0.01496	0.03855	0.09447	0.56170	0.04827	0.12754	0.01340	0.00777	0.00213	0.00350	0.01169	0.00734	0.00688
77	0.01468	0.01468	0.02055	0.01762	0.01762	0.02055	0.01468	0.01615	0.01028	0.01615	0.00881	0.01468	0.00881	0.01174	0.02202	0.00294	0.75191	0.00587	0.00294	0.00734

[dist]
# distance from previous block
# <min> <max>
0	0

# created by:
# /home/cegg/simao/soft/augustus-3.2.1/scripts/msa2prfl.pl ./align_prep/EOG090W0NCE.fa
