[name]
unknown

[dist]
# distance from previous block
# <min> <max>
0	16

[block]
# block no. 0 follows, 31 sequences, length 140
# corresponding to MSA columns:
# 16-63,65-69,71-157
name=unknown_A
#
# <colnr> <probs for GDERKNQSTAVLIFYWHMCP>
#	G	D	E	R	K	N	Q	S	T	A	V	L	I	F	Y	W	H	M	C	P
0	0.01102	0.00787	0.01102	0.01260	0.01417	0.00787	0.01102	0.01417	0.01575	0.02047	0.03622	0.07717	0.03937	0.01890	0.00945	0.00315	0.00630	0.67084	0.00630	0.00630
1	0.00995	0.00663	0.00746	0.00746	0.00746	0.00663	0.00415	0.00995	0.00995	0.01327	0.02156	0.04477	0.02487	0.75957	0.03482	0.00663	0.00663	0.00995	0.00415	0.00415
2	0.02540	0.01884	0.02191	0.01664	0.02222	0.02051	0.06584	0.61817	0.03047	0.06559	0.01660	0.01683	0.01173	0.00803	0.00694	0.00208	0.00778	0.00633	0.00664	0.01145
3	0.02482	0.01865	0.02042	0.01675	0.05187	0.02063	0.01317	0.60714	0.08968	0.04094	0.01726	0.01724	0.01240	0.00821	0.00685	0.00208	0.00737	0.00629	0.00670	0.01153
4	0.56578	0.01567	0.01316	0.01191	0.03888	0.07790	0.00925	0.10771	0.01556	0.07327	0.01168	0.01284	0.00877	0.00677	0.00498	0.00208	0.00632	0.00435	0.00474	0.00837
5	0.01484	0.01165	0.01353	0.01018	0.01548	0.00946	0.00809	0.01920	0.07068	0.05539	0.05066	0.01825	0.01464	0.00623	0.00544	0.00127	0.00490	0.00508	0.06339	0.60165
6	0.02514	0.03198	0.02032	0.01812	0.02180	0.70029	0.04342	0.02708	0.01924	0.01697	0.01072	0.01261	0.00888	0.00699	0.00625	0.00179	0.01230	0.00457	0.00352	0.00799
7	0.00977	0.00733	0.01100	0.01100	0.01222	0.00855	0.00855	0.01222	0.01100	0.01588	0.01833	0.02688	0.01710	0.05131	0.73245	0.01100	0.01833	0.00733	0.00367	0.00611
8	0.01899	0.01718	0.01680	0.01543	0.04944	0.11316	0.01150	0.07749	0.45619	0.04979	0.02274	0.02173	0.01716	0.00839	0.00668	0.00210	0.00660	0.00677	0.00614	0.07570
9	0.01679	0.01604	0.02696	0.06639	0.66129	0.01625	0.02047	0.02155	0.04616	0.02245	0.01351	0.01736	0.01122	0.00626	0.00678	0.00205	0.00804	0.00617	0.00353	0.01072
10	0.00834	0.00595	0.00794	0.00953	0.00992	0.00556	0.00635	0.00953	0.01310	0.01746	0.03771	0.75510	0.04525	0.02143	0.00873	0.00278	0.00397	0.01945	0.00635	0.00556
11	0.01693	0.01626	0.02777	0.04199	0.71689	0.01626	0.02100	0.02100	0.01558	0.02235	0.01287	0.01693	0.01084	0.00610	0.00677	0.00203	0.00813	0.00610	0.00339	0.01084
12	0.01702	0.01470	0.01547	0.01392	0.01779	0.01702	0.01083	0.03635	0.70453	0.02862	0.02785	0.02553	0.02088	0.00928	0.00696	0.00232	0.00541	0.00773	0.00696	0.01083
13	0.02038	0.02398	0.01943	0.01725	0.01913	0.40083	0.01348	0.02194	0.01522	0.01645	0.01048	0.01508	0.00970	0.04751	0.01437	0.00252	0.31602	0.00534	0.00334	0.00755
14	0.00834	0.00595	0.00794	0.00953	0.00992	0.00556	0.00635	0.00953	0.01310	0.01746	0.03771	0.75510	0.04525	0.02143	0.00873	0.00278	0.00397	0.01945	0.00635	0.00556
15	0.01330	0.01255	0.02121	0.67673	0.11054	0.01530	0.01919	0.01781	0.01386	0.01794	0.01223	0.01812	0.00928	0.00677	0.00683	0.00226	0.00903	0.00608	0.00307	0.00791
16	0.00834	0.00595	0.00794	0.00953	0.00992	0.00556	0.00635	0.00953	0.01310	0.01746	0.03771	0.75510	0.04525	0.02143	0.00873	0.00278	0.00397	0.01945	0.00635	0.00556
17	0.02859	0.01137	0.01533	0.01194	0.01690	0.00998	0.00979	0.03180	0.04080	0.64464	0.08189	0.02558	0.02087	0.00893	0.00698	0.00213	0.00560	0.00735	0.00835	0.01120
18	0.00886	0.00742	0.00942	0.00896	0.01106	0.00651	0.04518	0.01098	0.01579	0.01998	0.16764	0.19015	0.43952	0.01688	0.00820	0.00237	0.00398	0.01467	0.00638	0.00605
19	0.02505	0.03020	0.01894	0.01707	0.02063	0.64556	0.01289	0.05474	0.01956	0.04184	0.01172	0.01353	0.00958	0.00912	0.03854	0.00220	0.01218	0.00469	0.00384	0.00813
20	0.01292	0.01216	0.02052	0.74312	0.04712	0.01520	0.01900	0.01748	0.01368	0.01748	0.01216	0.01824	0.00912	0.00684	0.00684	0.00228	0.00912	0.00608	0.00304	0.00760
21	0.00845	0.00604	0.00808	0.00966	0.01011	0.00566	0.00656	0.00973	0.01322	0.01760	0.03764	0.72494	0.04499	0.02132	0.00876	0.00279	0.00407	0.04843	0.00635	0.00559
22	0.01675	0.01621	0.02807	0.06634	0.66276	0.01626	0.05078	0.02091	0.01554	0.02216	0.01289	0.01705	0.01076	0.00611	0.00683	0.00205	0.00831	0.00618	0.00338	0.01065
23	0.00834	0.00595	0.00794	0.00953	0.00992	0.00556	0.00635	0.00953	0.01310	0.01746	0.03771	0.75510	0.04525	0.02143	0.00873	0.00278	0.00397	0.01945	0.00635	0.00556
24	0.00834	0.00595	0.00794	0.00953	0.00992	0.00556	0.00635	0.00953	0.01310	0.01746	0.03771	0.75510	0.04525	0.02143	0.00873	0.00278	0.00397	0.01945	0.00635	0.00556
25	0.01390	0.03415	0.67433	0.02018	0.03006	0.01599	0.07383	0.02168	0.01457	0.02168	0.01239	0.01474	0.00879	0.00645	0.00661	0.00218	0.01021	0.00528	0.00293	0.01005
26	0.01693	0.01626	0.02777	0.04199	0.71689	0.01626	0.02100	0.02100	0.01558	0.02235	0.01287	0.01693	0.01084	0.00610	0.00677	0.00203	0.00813	0.00610	0.00339	0.01084
27	0.01693	0.01626	0.02777	0.04199	0.71689	0.01626	0.02100	0.02100	0.01558	0.02235	0.01287	0.01693	0.01084	0.00610	0.00677	0.00203	0.00813	0.00610	0.00339	0.01084
28	0.01693	0.01626	0.02777	0.04199	0.71689	0.01626	0.02100	0.02100	0.01558	0.02235	0.01287	0.01693	0.01084	0.00610	0.00677	0.00203	0.00813	0.00610	0.00339	0.01084
29	0.01910	0.01450	0.01586	0.01376	0.01781	0.01618	0.01094	0.15078	0.45722	0.08962	0.06052	0.02764	0.02204	0.00975	0.00712	0.00229	0.00576	0.04147	0.00706	0.01059
30	0.01372	0.03539	0.72412	0.01950	0.02961	0.01589	0.02528	0.02167	0.01444	0.02167	0.01228	0.01444	0.00867	0.00650	0.00650	0.00217	0.01011	0.00506	0.00289	0.01011
31	0.00875	0.00645	0.00825	0.00958	0.01027	0.00615	0.00650	0.01089	0.04791	0.01809	0.03923	0.67464	0.08663	0.02056	0.00860	0.00273	0.00401	0.01854	0.00638	0.00583
32	0.06345	0.01336	0.01571	0.01264	0.01752	0.04782	0.01024	0.03301	0.15132	0.52094	0.02553	0.02261	0.01685	0.00846	0.00674	0.00214	0.00605	0.00678	0.00774	0.01111
33	0.01571	0.01933	0.09120	0.02749	0.03444	0.01681	0.61877	0.02149	0.01592	0.02175	0.01451	0.04249	0.01140	0.00634	0.00798	0.00231	0.01118	0.00822	0.00351	0.00917
34	0.01693	0.01626	0.02777	0.04199	0.71689	0.01626	0.02100	0.02100	0.01558	0.02235	0.01287	0.01693	0.01084	0.00610	0.00677	0.00203	0.00813	0.00610	0.00339	0.01084
35	0.02927	0.01392	0.01729	0.01325	0.01860	0.01344	0.01095	0.23362	0.02340	0.51596	0.02379	0.02121	0.01533	0.00839	0.00687	0.00210	0.00634	0.00666	0.00798	0.01164
36	0.01301	0.01233	0.02107	0.72339	0.04681	0.01526	0.03759	0.01760	0.01375	0.01760	0.01221	0.01825	0.00915	0.00681	0.00687	0.00228	0.00919	0.00614	0.00305	0.00764
37	0.01622	0.01553	0.02648	0.16639	0.59805	0.01607	0.02064	0.02037	0.01524	0.02149	0.01274	0.01716	0.01053	0.00623	0.00678	0.00208	0.00830	0.00609	0.00333	0.01026
38	0.01372	0.03539	0.72412	0.01950	0.02961	0.01589	0.02528	0.02167	0.01444	0.02167	0.01228	0.01444	0.00867	0.00650	0.00650	0.00217	0.01011	0.00506	0.00289	0.01011
39	0.00809	0.00693	0.00693	0.00693	0.00924	0.00578	0.00520	0.00982	0.01559	0.01848	0.06931	0.06584	0.71411	0.01733	0.00809	0.00231	0.00347	0.01444	0.00635	0.00578
40	0.03070	0.01164	0.01588	0.01217	0.01746	0.01006	0.01006	0.03334	0.01958	0.72163	0.02699	0.02329	0.01694	0.00847	0.00688	0.00212	0.00582	0.00688	0.00847	0.01164
41	0.01790	0.70058	0.09548	0.01238	0.01860	0.02610	0.01288	0.02059	0.01395	0.01658	0.00975	0.01128	0.00877	0.00591	0.00457	0.00152	0.00756	0.00378	0.00292	0.00889
42	0.00981	0.00718	0.01022	0.01022	0.01117	0.00813	0.00759	0.01172	0.01077	0.01531	0.01903	0.03080	0.01881	0.20669	0.57941	0.01004	0.01576	0.00790	0.00377	0.00568
43	0.00818	0.00657	0.00730	0.00788	0.00949	0.00570	0.00562	0.00971	0.01468	0.01811	0.05770	0.31893	0.46851	0.01883	0.00832	0.00248	0.00365	0.01628	0.00635	0.00570
44	0.02547	0.01481	0.08808	0.01350	0.01901	0.01205	0.03322	0.10163	0.05150	0.46260	0.04528	0.02488	0.05807	0.00887	0.00698	0.00214	0.00639	0.00729	0.00735	0.01088
45	0.05638	0.07925	0.04300	0.01269	0.01764	0.01432	0.01079	0.07069	0.20436	0.34202	0.02591	0.02370	0.05121	0.00873	0.00662	0.00212	0.00596	0.00697	0.00699	0.01065
46	0.76869	0.01420	0.01052	0.00943	0.01363	0.05127	0.00770	0.02047	0.01203	0.03000	0.00958	0.01118	0.00748	0.00639	0.00433	0.00210	0.00565	0.00374	0.00420	0.00744
47	0.01693	0.01626	0.02777	0.04199	0.71689	0.01626	0.02100	0.02100	0.01558	0.02235	0.01287	0.01693	0.01084	0.00610	0.00677	0.00203	0.00813	0.00610	0.00339	0.01084
48	0.01529	0.01046	0.01241	0.01090	0.01402	0.01067	0.00848	0.05737	0.17520	0.11154	0.12966	0.03239	0.08957	0.04853	0.13448	0.00380	0.00724	0.00850	0.04250	0.07699
49	0.01395	0.07189	0.68963	0.01911	0.02901	0.01645	0.02460	0.02161	0.01442	0.02139	0.01214	0.01427	0.00867	0.00647	0.00639	0.00213	0.00997	0.00499	0.00289	0.01004
50	0.01292	0.01216	0.02052	0.74312	0.04712	0.01520	0.01900	0.01748	0.01368	0.01748	0.01216	0.01824	0.00912	0.00684	0.00684	0.00228	0.00912	0.00608	0.00304	0.00760
51	0.03070	0.01164	0.01588	0.01217	0.01746	0.01006	0.01006	0.03334	0.01958	0.72163	0.02699	0.02329	0.01694	0.00847	0.00688	0.00212	0.00582	0.00688	0.00847	0.01164
52	0.01570	0.01500	0.02555	0.25686	0.51163	0.01593	0.02038	0.01992	0.01500	0.02086	0.01265	0.01733	0.01031	0.00632	0.00679	0.00211	0.00843	0.00609	0.00328	0.00984
53	0.00815	0.00693	0.00702	0.00700	0.00928	0.00580	0.00525	0.00995	0.01575	0.01886	0.09624	0.06522	0.68695	0.01719	0.00809	0.00230	0.00346	0.01435	0.00640	0.00580
54	0.01310	0.01235	0.02085	0.71096	0.07784	0.01525	0.01909	0.01764	0.01377	0.01770	0.01219	0.01818	0.00920	0.00681	0.00684	0.00227	0.00907	0.00608	0.00306	0.00775
55	0.00968	0.00699	0.00914	0.00861	0.01022	0.00646	0.00646	0.01291	0.01937	0.02743	0.71328	0.05110	0.06455	0.01399	0.00807	0.00215	0.00323	0.01237	0.00753	0.00646
56	0.01372	0.03539	0.72412	0.01950	0.02961	0.01589	0.02528	0.02167	0.01444	0.02167	0.01228	0.01444	0.00867	0.00650	0.00650	0.00217	0.01011	0.00506	0.00289	0.01011
57	0.01453	0.01446	0.02146	0.01810	0.01877	0.01940	0.06745	0.01646	0.01098	0.01683	0.01032	0.01646	0.00992	0.01551	0.09394	0.00376	0.61479	0.00629	0.00310	0.00748
58	0.00809	0.00693	0.00693	0.00693	0.00924	0.00578	0.00520	0.00982	0.01559	0.01848	0.06931	0.06584	0.71411	0.01733	0.00809	0.00231	0.00347	0.01444	0.00635	0.00578
59	0.00809	0.00693	0.00693	0.00693	0.00924	0.00578	0.00520	0.00982	0.01559	0.01848	0.06931	0.06584	0.71411	0.01733	0.00809	0.00231	0.00347	0.01444	0.00635	0.00578
60	0.01292	0.01216	0.02052	0.74312	0.04712	0.01520	0.01900	0.01748	0.01368	0.01748	0.01216	0.01824	0.00912	0.00684	0.00684	0.00228	0.00912	0.00608	0.00304	0.00760
61	0.01372	0.03539	0.72412	0.01950	0.02961	0.01589	0.02528	0.02167	0.01444	0.02167	0.01228	0.01444	0.00867	0.00650	0.00650	0.00217	0.01011	0.00506	0.00289	0.01011
62	0.01829	0.76368	0.03585	0.01171	0.01756	0.02707	0.01171	0.02049	0.01390	0.01610	0.00951	0.01097	0.00878	0.00585	0.00439	0.00146	0.00732	0.00366	0.00293	0.00878
63	0.00978	0.00731	0.01089	0.01089	0.01207	0.00849	0.00842	0.01215	0.01096	0.01580	0.01842	0.02742	0.01734	0.07294	0.71115	0.01086	0.01797	0.00741	0.00368	0.00605
64	0.00961	0.00691	0.00938	0.01091	0.01193	0.00667	0.00855	0.01176	0.01445	0.01894	0.03804	0.40790	0.06453	0.02009	0.00905	0.00294	0.00507	0.33101	0.00633	0.00592
65	0.00968	0.00699	0.00914	0.00861	0.01022	0.00646	0.00646	0.01291	0.01937	0.02743	0.71328	0.05110	0.06455	0.01399	0.00807	0.00215	0.00323	0.01237	0.00753	0.00646
66	0.01372	0.03539	0.72412	0.01950	0.02961	0.01589	0.02528	0.02167	0.01444	0.02167	0.01228	0.01444	0.00867	0.00650	0.00650	0.00217	0.01011	0.00506	0.00289	0.01011
67	0.03070	0.01164	0.01588	0.01217	0.01746	0.01006	0.01006	0.03334	0.01958	0.72163	0.02699	0.02329	0.01694	0.00847	0.00688	0.00212	0.00582	0.00688	0.00847	0.01164
68	0.01091	0.00779	0.01090	0.01247	0.01400	0.00778	0.01083	0.01398	0.01564	0.02035	0.03629	0.10552	0.03962	0.01901	0.00942	0.00313	0.00620	0.64360	0.00630	0.00627
69	0.01372	0.03539	0.72412	0.01950	0.02961	0.01589	0.02528	0.02167	0.01444	0.02167	0.01228	0.01444	0.00867	0.00650	0.00650	0.00217	0.01011	0.00506	0.00289	0.01011
70	0.00862	0.00669	0.00789	0.00848	0.01000	0.00596	0.00623	0.01049	0.01527	0.01948	0.14040	0.29471	0.35026	0.01839	0.00841	0.00251	0.00384	0.07001	0.00650	0.00583
71	0.00912	0.00666	0.00859	0.00887	0.01014	0.00613	0.00643	0.01153	0.01683	0.02311	0.41142	0.28841	0.11600	0.01691	0.00833	0.00240	0.00358	0.03244	0.00700	0.00609
72	0.01372	0.03539	0.72412	0.01950	0.02961	0.01589	0.02528	0.02167	0.01444	0.02167	0.01228	0.01444	0.00867	0.00650	0.00650	0.00217	0.01011	0.00506	0.00289	0.01011
73	0.01108	0.00799	0.01101	0.01249	0.01407	0.00804	0.01078	0.01463	0.03697	0.02058	0.03604	0.10954	0.03909	0.01873	0.00934	0.00311	0.00616	0.61764	0.00632	0.00640
74	0.00978	0.00729	0.01081	0.01081	0.01197	0.00845	0.00833	0.01210	0.01094	0.01575	0.01849	0.02779	0.01750	0.08748	0.69683	0.01077	0.01773	0.00746	0.00369	0.00601
75	0.01275	0.00638	0.00638	0.00638	0.00797	0.00638	0.00478	0.01594	0.01435	0.02551	0.02232	0.02551	0.01754	0.00797	0.00478	0.00159	0.00319	0.00638	0.79755	0.00638
76	0.01829	0.76368	0.03585	0.01171	0.01756	0.02707	0.01171	0.02049	0.01390	0.01610	0.00951	0.01097	0.00878	0.00585	0.00439	0.00146	0.00732	0.00366	0.00293	0.00878
77	0.00834	0.00595	0.00794	0.00953	0.00992	0.00556	0.00635	0.00953	0.01310	0.01746	0.03771	0.75510	0.04525	0.02143	0.00873	0.00278	0.00397	0.01945	0.00635	0.00556
78	0.00840	0.00626	0.00782	0.00887	0.00980	0.00568	0.00610	0.00989	0.01421	0.01857	0.10437	0.53938	0.19599	0.01986	0.00853	0.00262	0.00379	0.01771	0.00646	0.00568
79	0.00834	0.00595	0.00794	0.00953	0.00992	0.00556	0.00635	0.00953	0.01310	0.01746	0.03771	0.75510	0.04525	0.02143	0.00873	0.00278	0.00397	0.01945	0.00635	0.00556
80	0.03011	0.01257	0.01645	0.01261	0.01793	0.01144	0.01042	0.11517	0.02114	0.63760	0.02568	0.02244	0.01628	0.00844	0.00688	0.00211	0.00603	0.00679	0.00827	0.01164
81	0.01292	0.01216	0.02052	0.74312	0.04712	0.01520	0.01900	0.01748	0.01368	0.01748	0.01216	0.01824	0.00912	0.00684	0.00684	0.00228	0.00912	0.00608	0.00304	0.00760
82	0.00994	0.00668	0.00770	0.00770	0.00779	0.00676	0.00445	0.01010	0.01002	0.01344	0.02134	0.04355	0.02434	0.71129	0.08238	0.00693	0.00743	0.00977	0.00411	0.00428
83	0.80789	0.01323	0.01006	0.00900	0.01323	0.01535	0.00741	0.02011	0.01164	0.03070	0.00953	0.01111	0.00741	0.00635	0.00423	0.00212	0.00529	0.00370	0.00423	0.00741
84	0.00834	0.00595	0.00794	0.00953	0.00992	0.00556	0.00635	0.00953	0.01310	0.01746	0.03771	0.75510	0.04525	0.02143	0.00873	0.00278	0.00397	0.01945	0.00635	0.00556
85	0.00851	0.00677	0.00763	0.00778	0.00959	0.00590	0.00570	0.01050	0.01605	0.02042	0.21635	0.18290	0.44323	0.01725	0.00819	0.00235	0.00350	0.01483	0.00663	0.00590
86	0.01671	0.01637	0.02737	0.02106	0.02635	0.01692	0.33599	0.05598	0.31728	0.02566	0.02106	0.02407	0.01631	0.00799	0.00760	0.00234	0.00846	0.03734	0.00526	0.00990
87	0.01656	0.02163	0.12345	0.02683	0.03389	0.07139	0.55794	0.02229	0.01618	0.02149	0.01340	0.01749	0.01005	0.00596	0.00773	0.00225	0.01142	0.00742	0.00339	0.00924
88	0.01089	0.00778	0.01087	0.01245	0.01396	0.00776	0.01079	0.01394	0.01562	0.02032	0.03630	0.11114	0.03967	0.01903	0.00941	0.00313	0.00618	0.63820	0.00630	0.00626
89	0.01721	0.01677	0.02750	0.04122	0.69480	0.03898	0.02075	0.02120	0.01570	0.02217	0.01280	0.01679	0.01077	0.00613	0.00675	0.00202	0.00826	0.00604	0.00339	0.01074
90	0.01699	0.06283	0.41162	0.01763	0.02504	0.14363	0.01939	0.04322	0.15061	0.02247	0.01500	0.01613	0.01116	0.00716	0.00645	0.00209	0.00940	0.00543	0.00390	0.00985
91	0.00840	0.00603	0.00797	0.00940	0.00992	0.00561	0.00632	0.00971	0.01349	0.01800	0.07311	0.69940	0.06540	0.02094	0.00868	0.00273	0.00392	0.01894	0.00641	0.00561
92	0.01829	0.76368	0.03585	0.01171	0.01756	0.02707	0.01171	0.02049	0.01390	0.01610	0.00951	0.01097	0.00878	0.00585	0.00439	0.00146	0.00732	0.00366	0.00293	0.00878
93	0.01680	0.17044	0.37489	0.01587	0.02376	0.01739	0.01804	0.08272	0.03790	0.06044	0.01338	0.01474	0.00997	0.00654	0.00597	0.00187	0.00831	0.00494	0.00383	0.11220
94	0.71106	0.01397	0.01135	0.00983	0.01422	0.01607	0.00810	0.10358	0.01418	0.03223	0.01038	0.01177	0.00793	0.00658	0.00456	0.00211	0.00557	0.00401	0.00456	0.00793
95	0.00823	0.00636	0.00752	0.00844	0.00964	0.00565	0.00587	0.00965	0.01414	0.01789	0.05095	0.46614	0.32566	0.01971	0.00846	0.00258	0.00376	0.01735	0.00635	0.00565
96	0.02557	0.01574	0.11343	0.01357	0.01918	0.01249	0.01245	0.12378	0.04864	0.44303	0.02376	0.02374	0.01626	0.00865	0.00687	0.00215	0.00656	0.03700	0.03617	0.01096
97	0.01372	0.03539	0.72412	0.01950	0.02961	0.01589	0.02528	0.02167	0.01444	0.02167	0.01228	0.01444	0.00867	0.00650	0.00650	0.00217	0.01011	0.00506	0.00289	0.01011
98	0.02841	0.01215	0.01595	0.01214	0.01754	0.01060	0.00999	0.07065	0.01967	0.59612	0.02456	0.02177	0.01579	0.00804	0.00666	0.00198	0.00583	0.00649	0.00783	0.10783
99	0.00889	0.00696	0.00805	0.00778	0.00974	0.00612	0.00583	0.01138	0.01750	0.02302	0.39548	0.05838	0.38511	0.01563	0.00808	0.00223	0.00334	0.01339	0.00695	0.00612
100	0.02615	0.01893	0.02039	0.01563	0.02110	0.02086	0.01291	0.67328	0.03177	0.06447	0.01676	0.01664	0.01180	0.00822	0.00685	0.00206	0.00747	0.00618	0.00690	0.01163
101	0.02327	0.01780	0.01899	0.01519	0.02017	0.01994	0.01234	0.49369	0.23701	0.03870	0.01990	0.01920	0.01445	0.00854	0.00688	0.00213	0.00688	0.00664	0.00688	0.01139
102	0.00830	0.00646	0.00755	0.00828	0.00963	0.00571	0.00583	0.00986	0.01462	0.01853	0.09289	0.39694	0.35281	0.01910	0.00840	0.00253	0.00369	0.01673	0.00642	0.00571
103	0.00857	0.00673	0.00777	0.00811	0.00977	0.00593	0.00593	0.01052	0.01575	0.02013	0.19264	0.23497	0.39198	0.01772	0.00829	0.00242	0.00363	0.03666	0.00659	0.00588
104	0.01188	0.00594	0.00891	0.00891	0.00891	0.00594	0.00594	0.00891	0.00891	0.01188	0.01188	0.02080	0.01188	0.02377	0.02674	0.80095	0.00594	0.00594	0.00297	0.00297
105	0.01588	0.00839	0.01098	0.00953	0.01232	0.00748	0.00743	0.01880	0.01909	0.23634	0.44701	0.04405	0.10961	0.01262	0.00771	0.00216	0.00403	0.01090	0.00771	0.00796
106	0.06709	0.01104	0.01407	0.01111	0.01571	0.01004	0.00909	0.05060	0.01866	0.54307	0.02495	0.02283	0.01639	0.00826	0.00638	0.00202	0.00539	0.00661	0.14619	0.01051
107	0.01419	0.01216	0.01419	0.01013	0.01621	0.00912	0.00811	0.01723	0.01419	0.02229	0.01216	0.01419	0.01013	0.00507	0.00507	0.00101	0.00507	0.00405	0.00405	0.80139
108	0.01292	0.01216	0.02052	0.74312	0.04712	0.01520	0.01900	0.01748	0.01368	0.01748	0.01216	0.01824	0.00912	0.00684	0.00684	0.00228	0.00912	0.00608	0.00304	0.00760
109	0.00877	0.00647	0.00819	0.00940	0.01033	0.00600	0.00674	0.01031	0.01384	0.01793	0.04285	0.48597	0.17282	0.05411	0.00991	0.00292	0.00435	0.11721	0.00624	0.00565
110	0.07865	0.01686	0.03260	0.02388	0.02958	0.01673	0.47967	0.05227	0.01638	0.05911	0.04892	0.01937	0.01313	0.00701	0.00890	0.00232	0.07388	0.00762	0.00410	0.00903
111	0.02390	0.01667	0.01782	0.01447	0.01928	0.04694	0.01167	0.30838	0.25720	0.17566	0.02222	0.02074	0.01574	0.00858	0.00686	0.00214	0.00666	0.00677	0.00708	0.01121
112	0.01735	0.63489	0.11982	0.01272	0.01888	0.02471	0.01335	0.02031	0.01406	0.01701	0.01122	0.01478	0.01033	0.00660	0.00491	0.00164	0.00761	0.03790	0.00309	0.00882
113	0.01008	0.00711	0.00871	0.00822	0.01014	0.00640	0.00620	0.01291	0.01825	0.04804	0.50419	0.05304	0.22565	0.01444	0.00792	0.00217	0.00337	0.01251	0.03419	0.00645
114	0.07609	0.01460	0.02533	0.05108	0.02567	0.01371	0.28341	0.04463	0.01731	0.28858	0.01908	0.03892	0.01355	0.00733	0.00713	0.00216	0.00818	0.00727	0.00560	0.05037
115	0.01372	0.03539	0.72412	0.01950	0.02961	0.01589	0.02528	0.02167	0.01444	0.02167	0.01228	0.01444	0.00867	0.00650	0.00650	0.00217	0.01011	0.00506	0.00289	0.01011
116	0.00871	0.00632	0.00819	0.00954	0.01026	0.00591	0.00670	0.01014	0.01353	0.01774	0.04001	0.56920	0.11181	0.05456	0.00995	0.00295	0.00433	0.09827	0.00624	0.00561
117	0.01686	0.01621	0.02753	0.04114	0.69203	0.01642	0.02078	0.02084	0.01540	0.02214	0.01273	0.01686	0.01077	0.00630	0.00733	0.00207	0.03441	0.00609	0.00337	0.01072
118	0.01102	0.00777	0.00953	0.00896	0.01100	0.00721	0.00683	0.04773	0.01873	0.05424	0.44883	0.09304	0.19559	0.01478	0.00805	0.00225	0.00376	0.03676	0.00717	0.00673
119	0.00857	0.00689	0.00699	0.00697	0.00918	0.00586	0.00522	0.01050	0.01567	0.01954	0.09751	0.06161	0.62125	0.01635	0.00780	0.00224	0.00343	0.01364	0.07491	0.00586
120	0.02648	0.01565	0.01785	0.01380	0.01890	0.01633	0.01136	0.42120	0.02657	0.26543	0.02039	0.01942	0.01386	0.00828	0.00669	0.00204	0.00661	0.00641	0.07150	0.01121
121	0.01791	0.70275	0.09343	0.01236	0.01857	0.02613	0.01284	0.02058	0.01395	0.01656	0.00974	0.01126	0.00877	0.00591	0.00457	0.00152	0.00755	0.00378	0.00292	0.00889
122	0.01050	0.01012	0.01693	0.01386	0.01715	0.00911	0.20679	0.01331	0.01527	0.01929	0.04690	0.18587	0.37783	0.01474	0.00821	0.00240	0.00593	0.01355	0.00550	0.00675
123	0.00876	0.00613	0.00781	0.00899	0.00928	0.00584	0.00577	0.00964	0.01227	0.01637	0.03348	0.56938	0.03992	0.21442	0.01555	0.00379	0.00467	0.01697	0.00577	0.00519
124	0.01781	0.01354	0.01479	0.01292	0.01674	0.01489	0.01019	0.12094	0.41947	0.08682	0.09102	0.03107	0.08312	0.01041	0.00719	0.00227	0.00540	0.02429	0.00705	0.01007
125	0.02287	0.01243	0.01616	0.01316	0.01716	0.01247	0.03310	0.12993	0.05888	0.35235	0.02786	0.11863	0.06924	0.01098	0.00855	0.00230	0.06795	0.00894	0.00708	0.00996
126	0.01693	0.01626	0.02777	0.04199	0.71689	0.01626	0.02100	0.02100	0.01558	0.02235	0.01287	0.01693	0.01084	0.00610	0.00677	0.00203	0.00813	0.00610	0.00339	0.01084
127	0.00978	0.00730	0.01085	0.01085	0.01202	0.00847	0.00837	0.01212	0.01095	0.01577	0.01846	0.02762	0.01743	0.08063	0.70358	0.01081	0.01784	0.00744	0.00368	0.00603
128	0.80789	0.01323	0.01006	0.00900	0.01323	0.01535	0.00741	0.02011	0.01164	0.03070	0.00953	0.01111	0.00741	0.00635	0.00423	0.00212	0.00529	0.00370	0.00423	0.00741
129	0.01568	0.01480	0.02412	0.14421	0.43716	0.01458	0.04077	0.01966	0.01500	0.02156	0.01264	0.01659	0.01040	0.00598	0.00646	0.00186	0.00774	0.00572	0.00348	0.18159
130	0.01611	0.05556	0.05406	0.02424	0.11324	0.04019	0.35840	0.04849	0.01650	0.02237	0.03558	0.02065	0.05355	0.00681	0.00719	0.00204	0.00922	0.00731	0.00390	0.10458
131	0.00982	0.00716	0.01012	0.01012	0.01104	0.00808	0.00746	0.01166	0.01074	0.01523	0.01912	0.03130	0.01902	0.22642	0.55997	0.00992	0.01543	0.00798	0.00378	0.00562
132	0.05122	0.01277	0.01566	0.01258	0.01735	0.01251	0.01017	0.08068	0.17678	0.46877	0.02569	0.02362	0.01741	0.03306	0.00772	0.00231	0.00586	0.00702	0.00773	0.01108
133	0.01530	0.25890	0.46519	0.01773	0.02631	0.01943	0.06654	0.02132	0.01439	0.01996	0.01153	0.01365	0.00882	0.00625	0.00596	0.00196	0.00935	0.00483	0.00294	0.00964
134	0.02640	0.01459	0.05183	0.01583	0.04362	0.01328	0.07152	0.10381	0.01959	0.47279	0.02207	0.02081	0.01455	0.00831	0.00820	0.00220	0.06587	0.00672	0.00698	0.01100
135	0.01528	0.00843	0.00899	0.00815	0.01048	0.00861	0.00631	0.09291	0.04016	0.06985	0.06085	0.02580	0.01959	0.00841	0.00540	0.00173	0.00391	0.00676	0.59095	0.00743
136	0.01338	0.01263	0.02135	0.66302	0.12364	0.01532	0.01923	0.01788	0.01390	0.01804	0.01224	0.01809	0.00932	0.00675	0.00683	0.00225	0.00901	0.00608	0.00308	0.00797
137	0.05961	0.04009	0.25829	0.01428	0.02039	0.01407	0.01476	0.04728	0.16840	0.14203	0.05382	0.02547	0.09418	0.00900	0.00674	0.00218	0.00690	0.00724	0.00551	0.00976
138	0.11736	0.06281	0.38011	0.01570	0.02337	0.01513	0.01778	0.05816	0.01630	0.20658	0.01585	0.01627	0.01083	0.00705	0.00623	0.00211	0.00812	0.00535	0.00471	0.01019
139	0.04737	0.03937	0.04584	0.04765	0.05437	0.05180	0.01155	0.07794	0.13882	0.27266	0.06036	0.02592	0.07794	0.00913	0.00683	0.00213	0.00637	0.00741	0.00653	0.01001

[dist]
# distance from previous block
# <min> <max>
0	1

[block]
# block no. 1 follows, 31 sequences, length 47
# corresponding to MSA columns:
# 159-205
name=unknown_B
#
# <colnr> <probs for GDERKNQSTAVLIFYWHMCP>
#	G	D	E	R	K	N	Q	S	T	A	V	L	I	F	Y	W	H	M	C	P
0	0.01182	0.06369	0.10074	0.01266	0.05252	0.01007	0.01075	0.01536	0.01633	0.02266	0.25028	0.05944	0.10599	0.01213	0.00737	0.00213	0.00541	0.11501	0.00558	0.12008
1	0.01890	0.12064	0.07758	0.01847	0.02288	0.08563	0.15394	0.07304	0.01589	0.08835	0.01285	0.01575	0.01021	0.00817	0.01112	0.00225	0.22160	0.00593	0.00398	0.03284
2	0.01795	0.01521	0.01738	0.06660	0.08686	0.04907	0.01240	0.10354	0.37285	0.05310	0.02190	0.02322	0.01704	0.05173	0.03123	0.00276	0.03422	0.00715	0.00583	0.00996
3	0.00862	0.00695	0.00767	0.00749	0.00957	0.00600	0.00562	0.01085	0.01685	0.02147	0.28416	0.06092	0.49739	0.01621	0.00808	0.00226	0.00339	0.01375	0.00675	0.00600
4	0.02601	0.01916	0.02053	0.01574	0.02122	0.02122	0.01300	0.69408	0.03217	0.04312	0.01643	0.01643	0.01163	0.00821	0.00684	0.00205	0.00753	0.00616	0.00684	0.01163
5	0.04364	0.14680	0.56386	0.01755	0.02662	0.01735	0.02186	0.02126	0.01425	0.02116	0.01174	0.01377	0.00869	0.00634	0.00603	0.00201	0.00931	0.00475	0.00299	0.04002
6	0.01693	0.01626	0.02777	0.04199	0.71689	0.01626	0.02100	0.02100	0.01558	0.02235	0.01287	0.01693	0.01084	0.00610	0.00677	0.00203	0.00813	0.00610	0.00339	0.01084
7	0.00834	0.00595	0.00794	0.00953	0.00992	0.00556	0.00635	0.00953	0.01310	0.01746	0.03771	0.75510	0.04525	0.02143	0.00873	0.00278	0.00397	0.01945	0.00635	0.00556
8	0.01484	0.01358	0.02288	0.09522	0.42391	0.01380	0.04868	0.01876	0.01548	0.02136	0.01957	0.03446	0.01888	0.00983	0.00761	0.00239	0.00785	0.19753	0.00420	0.00917
9	0.01539	0.01572	0.02146	0.01827	0.01860	0.04699	0.03464	0.01702	0.01097	0.01663	0.00918	0.01497	0.00902	0.01161	0.02143	0.00293	0.69860	0.00599	0.00303	0.00755
10	0.01672	0.01603	0.02738	0.07973	0.68084	0.01620	0.02089	0.02081	0.01548	0.02209	0.01283	0.01700	0.01074	0.00614	0.00678	0.00205	0.00818	0.00609	0.00337	0.01066
11	0.00929	0.00663	0.00903	0.01061	0.01142	0.00638	0.00800	0.01117	0.01403	0.01853	0.03718	0.51561	0.04317	0.02054	0.00899	0.00291	0.00479	0.24957	0.00633	0.00582
12	0.11773	0.01782	0.04269	0.01551	0.02094	0.01862	0.06171	0.42263	0.08482	0.10344	0.01728	0.01732	0.01225	0.00787	0.00662	0.00211	0.00729	0.00618	0.00632	0.01084
13	0.00971	0.00728	0.00885	0.00867	0.01038	0.00673	0.00640	0.03965	0.01778	0.02400	0.39902	0.18814	0.21604	0.01598	0.00815	0.00231	0.00360	0.01397	0.00699	0.00633
14	0.01593	0.01911	0.07575	0.02753	0.03412	0.01749	0.60632	0.02150	0.01564	0.02150	0.01340	0.01798	0.01019	0.00626	0.00905	0.00235	0.06559	0.00776	0.00340	0.00915
15	0.02805	0.01538	0.01813	0.01395	0.01930	0.01566	0.01151	0.35430	0.04423	0.37335	0.02188	0.02001	0.01447	0.00837	0.00686	0.00209	0.00664	0.00655	0.00764	0.01162
16	0.01419	0.01216	0.01419	0.01013	0.01621	0.00912	0.00811	0.01723	0.01419	0.02229	0.01216	0.01419	0.01013	0.00507	0.00507	0.00101	0.00507	0.00405	0.00405	0.80139
17	0.01744	0.01378	0.01567	0.01161	0.01741	0.01216	0.00937	0.16352	0.05538	0.05156	0.01444	0.01559	0.01127	0.00609	0.00561	0.00134	0.00564	0.00480	0.00496	0.56235
18	0.01677	0.01609	0.02748	0.06992	0.69021	0.01621	0.02092	0.02086	0.01550	0.02216	0.01284	0.01698	0.01077	0.00613	0.00678	0.00204	0.00817	0.00610	0.00337	0.01071
19	0.00827	0.00620	0.00768	0.00887	0.00975	0.00561	0.00606	0.00960	0.01373	0.01772	0.04571	0.58060	0.21459	0.02039	0.00857	0.00266	0.00384	0.01818	0.00635	0.00561
20	0.00834	0.00595	0.00794	0.00953	0.00992	0.00556	0.00635	0.00953	0.01310	0.01746	0.03771	0.75510	0.04525	0.02143	0.00873	0.00278	0.00397	0.01945	0.00635	0.00556
21	0.00954	0.00699	0.00895	0.00846	0.01013	0.00639	0.00634	0.01264	0.01903	0.02664	0.65606	0.05241	0.12226	0.01428	0.00807	0.00217	0.00325	0.01256	0.00743	0.00639
22	0.01372	0.03539	0.72412	0.01950	0.02961	0.01589	0.02528	0.02167	0.01444	0.02167	0.01228	0.01444	0.00867	0.00650	0.00650	0.00217	0.01011	0.00506	0.00289	0.01011
23	0.01731	0.01710	0.02702	0.06452	0.65214	0.05926	0.02046	0.02126	0.01574	0.02185	0.01271	0.01670	0.01066	0.00618	0.00674	0.00202	0.00841	0.00599	0.00338	0.01055
24	0.00977	0.00733	0.01100	0.01100	0.01222	0.00855	0.00855	0.01222	0.01100	0.01588	0.01833	0.02688	0.01710	0.05131	0.73245	0.01100	0.01833	0.00733	0.00367	0.00611
25	0.00850	0.00613	0.00807	0.00944	0.01004	0.00570	0.00645	0.00992	0.01374	0.01832	0.08840	0.65569	0.07389	0.02065	0.00868	0.00272	0.00396	0.03761	0.00644	0.00565
26	0.00824	0.00696	0.00714	0.00717	0.00943	0.00587	0.00542	0.01008	0.01575	0.01891	0.09484	0.06557	0.66707	0.01724	0.00813	0.00233	0.00354	0.03408	0.00640	0.00582
27	0.01519	0.03334	0.66297	0.01887	0.02856	0.01538	0.02396	0.02267	0.01489	0.08210	0.01355	0.01521	0.00938	0.00667	0.00653	0.00216	0.00974	0.00521	0.00337	0.01024
28	0.00809	0.00693	0.00693	0.00693	0.00924	0.00578	0.00520	0.00982	0.01559	0.01848	0.06931	0.06584	0.71411	0.01733	0.00809	0.00231	0.00347	0.01444	0.00635	0.00578
29	0.03047	0.01200	0.01610	0.01234	0.01764	0.01059	0.01020	0.06475	0.02018	0.68937	0.02649	0.02296	0.01668	0.00846	0.00688	0.00211	0.00590	0.00685	0.00839	0.01164
30	0.01729	0.01693	0.02742	0.04099	0.68823	0.04574	0.02068	0.02126	0.01573	0.02212	0.01277	0.01674	0.01075	0.00614	0.00675	0.00202	0.00830	0.00603	0.00339	0.01072
31	0.01965	0.02277	0.01573	0.01487	0.04111	0.42095	0.01088	0.07025	0.01897	0.01943	0.03005	0.03008	0.23692	0.01042	0.00686	0.00197	0.00898	0.00783	0.00468	0.00761
32	0.00980	0.00723	0.01046	0.01046	0.01150	0.00826	0.00789	0.01188	0.01084	0.01549	0.01881	0.02956	0.01827	0.15759	0.62777	0.01034	0.01657	0.00772	0.00374	0.00581
33	0.02453	0.08541	0.02073	0.01713	0.02073	0.61691	0.01318	0.05361	0.01908	0.01776	0.01066	0.01253	0.00893	0.00724	0.00684	0.00181	0.04670	0.00450	0.00359	0.00812
34	0.00896	0.00696	0.00814	0.00784	0.00977	0.00615	0.00588	0.01150	0.01765	0.02336	0.42026	0.05781	0.36011	0.01551	0.00808	0.00222	0.00334	0.01331	0.00700	0.00615
35	0.01593	0.13377	0.41608	0.01653	0.02454	0.06790	0.01893	0.04964	0.04384	0.02179	0.01256	0.01430	0.00953	0.00643	0.00600	0.00187	0.00885	0.00482	0.00344	0.12325
36	0.00977	0.00733	0.01100	0.01100	0.01222	0.00855	0.00855	0.01222	0.01100	0.01588	0.01833	0.02688	0.01710	0.05131	0.73245	0.01100	0.01833	0.00733	0.00367	0.00611
37	0.01442	0.11519	0.60567	0.01830	0.02757	0.01720	0.02291	0.02240	0.05516	0.02146	0.01289	0.01471	0.00940	0.00659	0.00629	0.00210	0.00952	0.00506	0.00313	0.01001
38	0.01512	0.01213	0.01428	0.01025	0.01628	0.00917	0.00822	0.01814	0.01449	0.06179	0.01300	0.01470	0.01052	0.00526	0.00517	0.00108	0.00511	0.00421	0.00430	0.75679
39	0.01829	0.76368	0.03585	0.01171	0.01756	0.02707	0.01171	0.02049	0.01390	0.01610	0.00951	0.01097	0.00878	0.00585	0.00439	0.00146	0.00732	0.00366	0.00293	0.00878
40	0.01421	0.01587	0.11984	0.01237	0.01908	0.01049	0.04195	0.01809	0.01431	0.02218	0.01225	0.01442	0.00993	0.00531	0.00542	0.00124	0.00610	0.00438	0.00385	0.64869
41	0.01589	0.01717	0.03566	0.02709	0.06927	0.01629	0.55884	0.05145	0.01656	0.02248	0.01620	0.08917	0.01382	0.00740	0.00801	0.00233	0.01044	0.00897	0.00389	0.00907
42	0.00939	0.00698	0.00874	0.00830	0.01004	0.00633	0.00622	0.01234	0.01867	0.02579	0.59497	0.05381	0.18389	0.01460	0.00807	0.00218	0.00327	0.01275	0.00731	0.00633
43	0.01092	0.00784	0.01088	0.01239	0.01400	0.00780	0.01081	0.01402	0.01574	0.02040	0.03742	0.07676	0.06371	0.01884	0.00940	0.00312	0.00620	0.64717	0.00630	0.00628
44	0.01918	0.01723	0.07613	0.19087	0.19810	0.06390	0.13381	0.02347	0.01628	0.17028	0.01569	0.01836	0.01137	0.00681	0.00697	0.00215	0.00888	0.00641	0.00438	0.00974
45	0.03436	0.17237	0.46611	0.01672	0.02483	0.01743	0.01996	0.05186	0.01525	0.04443	0.01415	0.04239	0.01152	0.00751	0.00626	0.00208	0.00884	0.03079	0.00354	0.00960
46	0.25313	0.24316	0.19542	0.01303	0.01879	0.01850	0.01360	0.02006	0.01309	0.03807	0.01136	0.01374	0.00928	0.01051	0.07035	0.00276	0.03865	0.00451	0.00350	0.00847

[dist]
# distance from previous block
# <min> <max>
1	16

[block]
# block no. 2 follows, 31 sequences, length 8
# corresponding to MSA columns:
# 222-229
name=unknown_C
#
# <colnr> <probs for GDERKNQSTAVLIFYWHMCP>
#	G	D	E	R	K	N	Q	S	T	A	V	L	I	F	Y	W	H	M	C	P
0	0.08018	0.44831	0.07585	0.01460	0.02037	0.07586	0.08990	0.02268	0.07875	0.01948	0.01197	0.01352	0.00998	0.00633	0.00531	0.00176	0.00802	0.00469	0.00351	0.00894
1	0.13757	0.08329	0.01909	0.01337	0.01844	0.01454	0.05872	0.07763	0.06123	0.36246	0.02001	0.01905	0.01367	0.00776	0.00685	0.00207	0.03299	0.00608	0.00642	0.03877
2	0.01040	0.00801	0.01047	0.01086	0.01183	0.00851	0.00819	0.03583	0.01431	0.01928	0.08710	0.35580	0.08795	0.06751	0.03768	0.00330	0.08984	0.12118	0.00583	0.00613
3	0.00834	0.00595	0.00794	0.00953	0.00992	0.00556	0.00635	0.00953	0.01310	0.01746	0.03771	0.75510	0.04525	0.02143	0.00873	0.00278	0.00397	0.01945	0.00635	0.00556
4	0.00844	0.00679	0.00712	0.00727	0.00899	0.00591	0.00512	0.00981	0.01435	0.01746	0.05785	0.12628	0.52889	0.15009	0.01291	0.00312	0.00408	0.01410	0.00596	0.00546
5	0.10193	0.68419	0.03312	0.01142	0.01710	0.02583	0.01125	0.02045	0.01366	0.01764	0.00951	0.01099	0.00863	0.00591	0.00437	0.00153	0.00710	0.00366	0.00307	0.00863
6	0.09449	0.00800	0.00892	0.00918	0.01076	0.00793	0.00653	0.06054	0.01493	0.02119	0.08208	0.38120	0.16595	0.08392	0.01030	0.00287	0.00446	0.01454	0.00604	0.00617
7	0.20324	0.02069	0.04392	0.01447	0.01941	0.16982	0.01201	0.32241	0.02314	0.08718	0.01429	0.01482	0.01038	0.00750	0.00610	0.00202	0.00801	0.00525	0.00553	0.00983

[dist]
# distance from previous block
# <min> <max>
1	37

[block]
# block no. 3 follows, 31 sequences, length 11
# corresponding to MSA columns:
# 272-282
name=unknown_D
#
# <colnr> <probs for GDERKNQSTAVLIFYWHMCP>
#	G	D	E	R	K	N	Q	S	T	A	V	L	I	F	Y	W	H	M	C	P
0	0.06880	0.01099	0.03449	0.01161	0.01511	0.00991	0.03199	0.05798	0.03757	0.08923	0.13898	0.11333	0.05548	0.01371	0.03733	0.00256	0.00595	0.11662	0.00593	0.14243
1	0.01447	0.01216	0.01417	0.01031	0.01606	0.00954	0.00824	0.05042	0.01542	0.02366	0.05878	0.01674	0.01381	0.00581	0.00535	0.00114	0.00507	0.00471	0.00442	0.70971
2	0.01667	0.04363	0.04593	0.09624	0.02464	0.03355	0.15657	0.05360	0.01560	0.08110	0.01540	0.04366	0.01295	0.00805	0.00876	0.00206	0.10330	0.03689	0.00428	0.19714
3	0.01572	0.01534	0.01876	0.01381	0.01974	0.08887	0.11329	0.01904	0.01505	0.02163	0.01224	0.01464	0.01003	0.00539	0.00565	0.00129	0.00685	0.00471	0.00391	0.59405
4	0.01400	0.00984	0.01224	0.01041	0.01430	0.00816	0.00833	0.01680	0.01566	0.09773	0.11455	0.11090	0.05116	0.01118	0.00692	0.00189	0.00495	0.12445	0.00570	0.36082
5	0.80789	0.01323	0.01006	0.00900	0.01323	0.01535	0.00741	0.02011	0.01164	0.03070	0.00953	0.01111	0.00741	0.00635	0.00423	0.00212	0.00529	0.00370	0.00423	0.00741
6	0.00995	0.00663	0.00746	0.00746	0.00746	0.00663	0.00415	0.00995	0.00995	0.01327	0.02156	0.04477	0.02487	0.75957	0.03482	0.00663	0.00663	0.00995	0.00415	0.00415
7	0.00890	0.00734	0.00853	0.00924	0.04497	0.00643	0.00635	0.01104	0.01624	0.02057	0.20548	0.10904	0.48896	0.01632	0.00806	0.00229	0.00368	0.01392	0.00646	0.00616
8	0.63731	0.09498	0.01350	0.00964	0.01416	0.01605	0.00817	0.02159	0.01275	0.10412	0.01142	0.01242	0.00859	0.00653	0.00454	0.00205	0.00557	0.00404	0.00455	0.00802
9	0.00984	0.00706	0.00963	0.00963	0.01039	0.00781	0.00686	0.01134	0.01059	0.01487	0.01957	0.03377	0.02009	0.32402	0.46383	0.00932	0.01382	0.00834	0.00385	0.00535
10	0.01419	0.01216	0.01419	0.01013	0.01621	0.00912	0.00811	0.01723	0.01419	0.02229	0.01216	0.01419	0.01013	0.00507	0.00507	0.00101	0.00507	0.00405	0.00405	0.80139

[dist]
# distance from previous block
# <min> <max>
27	52

[block]
# block no. 4 follows, 31 sequences, length 13
# corresponding to MSA columns:
# 363-375
name=unknown_E
#
# <colnr> <probs for GDERKNQSTAVLIFYWHMCP>
#	G	D	E	R	K	N	Q	S	T	A	V	L	I	F	Y	W	H	M	C	P
0	0.03758	0.02181	0.04951	0.01469	0.01909	0.30973	0.03642	0.08691	0.01831	0.05266	0.03683	0.01935	0.04858	0.03291	0.03463	0.00225	0.00923	0.00581	0.00444	0.15925
1	0.11766	0.01369	0.01879	0.01414	0.01952	0.01274	0.12586	0.05560	0.05151	0.11698	0.04050	0.01780	0.01330	0.00672	0.00658	0.00175	0.03057	0.00573	0.00494	0.32563
2	0.01790	0.01428	0.01610	0.01230	0.01771	0.05936	0.03443	0.07121	0.08814	0.10458	0.04227	0.01800	0.01412	0.00662	0.00590	0.00149	0.00602	0.00540	0.00514	0.45904
3	0.01975	0.01448	0.01614	0.01321	0.04938	0.06545	0.01002	0.07964	0.04554	0.17051	0.01619	0.01673	0.01206	0.00642	0.00584	0.00149	0.00614	0.00509	0.00526	0.44066
4	0.01051	0.00776	0.00904	0.00889	0.00965	0.00806	0.00597	0.01267	0.06301	0.01677	0.08008	0.07546	0.10212	0.45761	0.02474	0.00497	0.04403	0.04835	0.00500	0.00534
5	0.10832	0.02002	0.01759	0.01462	0.01900	0.19429	0.01160	0.33807	0.02400	0.09126	0.01707	0.08232	0.01398	0.00894	0.00657	0.00206	0.00801	0.00673	0.00584	0.00972
6	0.00977	0.00733	0.01100	0.01100	0.01222	0.00855	0.00855	0.01222	0.01100	0.01588	0.01833	0.02688	0.01710	0.05131	0.73245	0.01100	0.01833	0.00733	0.00367	0.00611
7	0.02611	0.03036	0.01901	0.01704	0.02076	0.65488	0.01288	0.02796	0.01941	0.09213	0.01233	0.01351	0.00968	0.00720	0.00624	0.00180	0.01164	0.00467	0.00405	0.00833
8	0.00841	0.00698	0.00743	0.00768	0.00981	0.00599	0.00589	0.01027	0.01547	0.01864	0.06396	0.10639	0.60378	0.01773	0.00827	0.00243	0.00380	0.08492	0.00635	0.00582
9	0.01419	0.01216	0.01419	0.01013	0.01621	0.00912	0.00811	0.01723	0.01419	0.02229	0.01216	0.01419	0.01013	0.00507	0.00507	0.00101	0.00507	0.00405	0.00405	0.80139
10	0.01293	0.01077	0.01273	0.00989	0.01465	0.00836	0.00759	0.01548	0.01378	0.02097	0.01720	0.14821	0.01716	0.04620	0.00723	0.00161	0.00495	0.00710	0.00447	0.61872
11	0.22981	0.21016	0.02020	0.01276	0.01722	0.15020	0.01077	0.08427	0.09618	0.04363	0.01454	0.01774	0.01214	0.00767	0.00557	0.00196	0.00740	0.04455	0.00456	0.00868
12	0.01829	0.07767	0.02029	0.03635	0.03736	0.21219	0.07605	0.03890	0.10951	0.04358	0.10304	0.04042	0.01981	0.00896	0.00784	0.00206	0.05913	0.02654	0.00480	0.05721

[dist]
# distance from previous block
# <min> <max>
0	71

[block]
# block no. 5 follows, 31 sequences, length 12
# corresponding to MSA columns:
# 477-488
name=unknown_F
#
# <colnr> <probs for GDERKNQSTAVLIFYWHMCP>
#	G	D	E	R	K	N	Q	S	T	A	V	L	I	F	Y	W	H	M	C	P
0	0.05755	0.31050	0.02394	0.01275	0.01755	0.07704	0.03202	0.07221	0.01737	0.17839	0.06592	0.04559	0.01729	0.00839	0.00601	0.00190	0.00700	0.03428	0.00517	0.00913
1	0.01840	0.04887	0.15257	0.01749	0.02199	0.21767	0.08212	0.03898	0.05031	0.05047	0.08970	0.01921	0.01609	0.00859	0.00946	0.00219	0.13673	0.00632	0.00419	0.00865
2	0.01462	0.01491	0.06798	0.02922	0.41585	0.01320	0.03851	0.01856	0.01588	0.02284	0.13534	0.07206	0.02220	0.00841	0.00700	0.00203	0.00696	0.00789	0.00433	0.08223
3	0.01539	0.01316	0.01816	0.01544	0.09495	0.01070	0.07242	0.01878	0.01476	0.05304	0.01304	0.01528	0.01053	0.00539	0.00561	0.00129	0.00603	0.00477	0.00412	0.60713
4	0.01665	0.01554	0.02416	0.03365	0.51935	0.01560	0.01783	0.02323	0.13432	0.02343	0.01538	0.01811	0.01249	0.00653	0.00662	0.00197	0.00732	0.00615	0.00408	0.09759
5	0.01419	0.01216	0.01419	0.01013	0.01621	0.00912	0.00811	0.01723	0.01419	0.02229	0.01216	0.01419	0.01013	0.00507	0.00507	0.00101	0.00507	0.00405	0.00405	0.80139
6	0.01696	0.01406	0.02574	0.01980	0.02456	0.01347	0.33236	0.04509	0.07978	0.12953	0.02308	0.17866	0.02081	0.01037	0.00793	0.00240	0.00817	0.03291	0.00538	0.00895
7	0.01535	0.01212	0.01431	0.01028	0.01630	0.00919	0.00824	0.01836	0.01457	0.07164	0.01321	0.01483	0.01061	0.00531	0.00519	0.00109	0.00512	0.00425	0.00436	0.74567
8	0.01517	0.01268	0.02183	0.59731	0.04282	0.01483	0.07983	0.01963	0.01455	0.09516	0.01394	0.01881	0.01009	0.00692	0.00696	0.00226	0.00898	0.00635	0.00367	0.00819
9	0.09468	0.01870	0.02107	0.07199	0.02356	0.09676	0.08972	0.37893	0.02445	0.06370	0.01573	0.04153	0.01199	0.00800	0.00674	0.00210	0.00823	0.00644	0.00562	0.01005
10	0.01599	0.01515	0.02565	0.10690	0.59849	0.01541	0.01969	0.02004	0.01568	0.02227	0.06628	0.01967	0.01477	0.00677	0.00688	0.00206	0.00785	0.00657	0.00367	0.01019
11	0.01082	0.00785	0.01151	0.01142	0.01313	0.00734	0.05978	0.01308	0.01498	0.05531	0.09702	0.35380	0.11047	0.03952	0.00939	0.00280	0.00513	0.16401	0.00627	0.00638

[dist]
# distance from previous block
# <min> <max>
2	17

[block]
# block no. 6 follows, 31 sequences, length 11
# corresponding to MSA columns:
# 509-519
name=unknown_G
#
# <colnr> <probs for GDERKNQSTAVLIFYWHMCP>
#	G	D	E	R	K	N	Q	S	T	A	V	L	I	F	Y	W	H	M	C	P
0	0.01668	0.29415	0.27798	0.01578	0.02282	0.05577	0.05645	0.06860	0.01606	0.02105	0.03702	0.01641	0.03463	0.00694	0.00590	0.00186	0.00850	0.00530	0.00356	0.03453
1	0.00834	0.00595	0.00794	0.00953	0.00992	0.00556	0.00635	0.00953	0.01310	0.01746	0.03771	0.75510	0.04525	0.02143	0.00873	0.00278	0.00397	0.01945	0.00635	0.00556
2	0.01419	0.01216	0.01419	0.01013	0.01621	0.00912	0.00811	0.01723	0.01419	0.02229	0.01216	0.01419	0.01013	0.00507	0.00507	0.00101	0.00507	0.00405	0.00405	0.80139
