[name]
unknown

[dist]
# distance from previous block
# <min> <max>
0	89

[block]
# block no. 0 follows, 34 sequences, length 30
# corresponding to MSA columns:
# 89-118
name=unknown_A
#
# <colnr> <probs for GDERKNQSTAVLIFYWHMCP>
#	G	D	E	R	K	N	Q	S	T	A	V	L	I	F	Y	W	H	M	C	P
0	0.01110	0.00829	0.01043	0.01137	0.01291	0.02669	0.00957	0.04118	0.01496	0.01925	0.03254	0.06507	0.06239	0.10328	0.01143	0.00324	0.00607	0.53860	0.00567	0.00594
1	0.02539	0.01401	0.01652	0.01297	0.01782	0.01432	0.01061	0.27702	0.13192	0.37563	0.02202	0.01998	0.01477	0.00803	0.00650	0.00201	0.00602	0.00638	0.00722	0.01087
2	0.01571	0.01706	0.01632	0.01439	0.01702	0.28064	0.08735	0.03502	0.01491	0.01730	0.06344	0.04362	0.01648	0.04065	0.28497	0.00516	0.01263	0.00669	0.00380	0.00682
3	0.11185	0.01722	0.01806	0.01395	0.01902	0.01897	0.01151	0.60706	0.02756	0.03865	0.01463	0.01487	0.01049	0.00744	0.00612	0.00191	0.00678	0.00548	0.00609	0.04232
4	0.01062	0.00714	0.00925	0.00852	0.01034	0.00668	0.00646	0.01420	0.04430	0.06980	0.65982	0.04575	0.05667	0.01272	0.00751	0.00204	0.00328	0.01120	0.00715	0.00655
5	0.02400	0.05106	0.01894	0.01620	0.01988	0.61213	0.01241	0.13245	0.02004	0.01968	0.01082	0.01222	0.00874	0.00680	0.00588	0.00170	0.01080	0.00440	0.00380	0.00806
6	0.00813	0.00656	0.00722	0.00706	0.00903	0.00566	0.00529	0.01022	0.01588	0.02020	0.28080	0.05767	0.51294	0.01534	0.00763	0.00213	0.00320	0.01300	0.00636	0.00566
7	0.02487	0.01761	0.01909	0.01463	0.01979	0.01931	0.01209	0.66392	0.02955	0.08903	0.01621	0.01596	0.01134	0.00777	0.00647	0.00194	0.00700	0.00586	0.00657	0.01099
8	0.00884	0.00659	0.00821	0.00781	0.00946	0.00597	0.00585	0.01160	0.01756	0.02419	0.59403	0.05110	0.19722	0.01385	0.00762	0.00206	0.00309	0.01208	0.00689	0.00597
9	0.01296	0.03342	0.73944	0.01842	0.02797	0.01501	0.02387	0.02046	0.01364	0.02046	0.01160	0.01364	0.00818	0.00614	0.00614	0.00205	0.00955	0.00477	0.00273	0.00955
10	0.02561	0.01175	0.01489	0.01193	0.01657	0.01122	0.00969	0.03223	0.20241	0.55119	0.02570	0.02255	0.01697	0.00820	0.00652	0.00205	0.00540	0.00671	0.00762	0.01079
11	0.01410	0.01211	0.01372	0.01051	0.01570	0.01057	0.00833	0.02100	0.19864	0.02262	0.01536	0.01620	0.01223	0.00583	0.00525	0.00128	0.00487	0.00474	0.00455	0.60240
12	0.00894	0.00641	0.00661	0.00656	0.00850	0.00567	0.00492	0.01107	0.01476	0.02001	0.11776	0.05087	0.47878	0.01375	0.00682	0.00199	0.00318	0.01146	0.21629	0.00567
13	0.01296	0.03342	0.73944	0.01842	0.02797	0.01501	0.02387	0.02046	0.01364	0.02046	0.01160	0.01364	0.00818	0.00614	0.00614	0.00205	0.00955	0.00477	0.00273	0.00955
14	0.02421	0.02848	0.01851	0.01632	0.01999	0.61426	0.01245	0.15092	0.02051	0.02036	0.01100	0.01236	0.00881	0.00686	0.00594	0.00171	0.01082	0.00446	0.00390	0.00813
15	0.01530	0.01729	0.03730	0.02809	0.08217	0.01627	0.66141	0.02064	0.01521	0.02073	0.01301	0.01733	0.00983	0.00547	0.00754	0.00216	0.01067	0.00750	0.00326	0.00882
16	0.00764	0.00655	0.00655	0.00655	0.00873	0.00545	0.00491	0.00927	0.01473	0.01745	0.06546	0.06218	0.73000	0.01636	0.00764	0.00218	0.00327	0.01364	0.00600	0.00545
17	0.01411	0.01549	0.03273	0.10293	0.03220	0.01490	0.55751	0.01895	0.01468	0.01978	0.01541	0.10082	0.01333	0.00720	0.00757	0.00223	0.00986	0.00862	0.00353	0.00817
18	0.01425	0.03172	0.65950	0.01802	0.02709	0.01556	0.02259	0.09714	0.01550	0.02271	0.01203	0.01385	0.00850	0.00632	0.00617	0.00203	0.00928	0.00489	0.00314	0.00971
19	0.00764	0.00655	0.00655	0.00655	0.00873	0.00545	0.00491	0.00927	0.01473	0.01745	0.06546	0.06218	0.73000	0.01636	0.00764	0.00218	0.00327	0.01364	0.00600	0.00545
20	0.08009	0.09837	0.01805	0.01297	0.01750	0.01577	0.04149	0.10493	0.30110	0.20957	0.02110	0.01978	0.01514	0.00774	0.00613	0.00201	0.00588	0.00624	0.00616	0.00999
21	0.00923	0.00692	0.01038	0.01038	0.01154	0.00808	0.00808	0.01154	0.01038	0.01500	0.01731	0.02538	0.01615	0.04846	0.74732	0.01038	0.01731	0.00692	0.00346	0.00577
22	0.01727	0.77681	0.03386	0.01106	0.01658	0.02557	0.01106	0.01935	0.01313	0.01520	0.00898	0.01036	0.00829	0.00553	0.00415	0.00138	0.00691	0.00345	0.00276	0.00829
23	0.81856	0.01250	0.00950	0.00850	0.01250	0.01449	0.00700	0.01899	0.01100	0.02899	0.00900	0.01050	0.00700	0.00600	0.00400	0.00200	0.00500	0.00350	0.00400	0.00700
24	0.01524	0.01482	0.02333	0.01826	0.02295	0.01553	0.28349	0.02747	0.40184	0.02397	0.02350	0.02380	0.05895	0.00793	0.00705	0.00219	0.00726	0.00781	0.00525	0.00935
25	0.01296	0.03342	0.73944	0.01842	0.02797	0.01501	0.02387	0.02046	0.01364	0.02046	0.01160	0.01364	0.00818	0.00614	0.00614	0.00205	0.00955	0.00477	0.00273	0.00955
26	0.00789	0.00646	0.00696	0.00704	0.00893	0.00553	0.00520	0.00968	0.01501	0.01861	0.16107	0.13532	0.55726	0.01631	0.00770	0.00221	0.00329	0.01385	0.00617	0.00553
27	0.00923	0.00692	0.01038	0.01038	0.01154	0.00808	0.00808	0.01154	0.01038	0.01500	0.01731	0.02538	0.01615	0.04846	0.74732	0.01038	0.01731	0.00692	0.00346	0.00577
28	0.01662	0.01782	0.08413	0.02488	0.03145	0.01549	0.58401	0.02188	0.01550	0.10022	0.01435	0.01767	0.01038	0.00578	0.00740	0.00215	0.01020	0.00730	0.00376	0.00903
29	0.01828	0.01173	0.01466	0.01190	0.01626	0.01108	0.03546	0.06012	0.17852	0.21957	0.02229	0.09535	0.01812	0.00881	0.00637	0.00187	0.00535	0.03421	0.00602	0.22401

[dist]
# distance from previous block
# <min> <max>
0	8

[block]
# block no. 1 follows, 34 sequences, length 23
# corresponding to MSA columns:
# 127-149
name=unknown_B
#
# <colnr> <probs for GDERKNQSTAVLIFYWHMCP>
#	G	D	E	R	K	N	Q	S	T	A	V	L	I	F	Y	W	H	M	C	P
0	0.01340	0.01148	0.01340	0.00957	0.01531	0.00861	0.00766	0.01627	0.01340	0.02105	0.01148	0.01340	0.00957	0.00479	0.00479	0.00096	0.00479	0.00383	0.00383	0.81242
1	0.00928	0.00712	0.00900	0.00914	0.01089	0.00611	0.00642	0.01085	0.01263	0.01766	0.02946	0.57599	0.03427	0.01630	0.00736	0.00220	0.00401	0.01466	0.00544	0.21120
2	0.01837	0.01502	0.01591	0.01361	0.01768	0.01715	0.01078	0.21764	0.53389	0.03074	0.02338	0.02178	0.01736	0.00849	0.00654	0.00212	0.00565	0.00690	0.00654	0.01043
3	0.00960	0.00766	0.01222	0.01218	0.01367	0.00732	0.09437	0.01185	0.01353	0.01792	0.03238	0.45308	0.03689	0.01765	0.00839	0.00268	0.00534	0.23173	0.00564	0.00590
4	0.02456	0.01810	0.01939	0.01487	0.02004	0.02004	0.01228	0.71107	0.03038	0.04072	0.01551	0.01551	0.01099	0.00776	0.00646	0.00194	0.00711	0.00582	0.00646	0.01099
5	0.01296	0.03342	0.73944	0.01842	0.02797	0.01501	0.02387	0.02046	0.01364	0.02046	0.01160	0.01364	0.00818	0.00614	0.00614	0.00205	0.00955	0.00477	0.00273	0.00955
6	0.02077	0.02099	0.01749	0.01508	0.01839	0.30560	0.01185	0.22878	0.07926	0.02408	0.01377	0.01580	0.01106	0.01279	0.09928	0.00298	0.08360	0.00541	0.00451	0.00851
7	0.00787	0.00562	0.00750	0.00900	0.00937	0.00525	0.00600	0.00900	0.01237	0.01649	0.03561	0.76871	0.04274	0.02024	0.00825	0.00262	0.00375	0.01837	0.00600	0.00525
8	0.02582	0.01228	0.01533	0.01217	0.01689	0.01189	0.00992	0.09633	0.16931	0.51995	0.02472	0.02183	0.01632	0.00814	0.00651	0.00203	0.00557	0.00661	0.00755	0.01083
9	0.01501	0.01435	0.02446	0.22503	0.55490	0.01509	0.01934	0.01897	0.01425	0.01992	0.01198	0.01631	0.00982	0.00594	0.00641	0.00198	0.00792	0.00575	0.00311	0.00945
10	0.01108	0.00914	0.00852	0.00880	0.01020	0.09750	0.00634	0.01291	0.01355	0.01825	0.03193	0.26844	0.15149	0.04371	0.07222	0.00295	0.00572	0.01130	0.21021	0.00576
11	0.02899	0.01100	0.01499	0.01150	0.01649	0.00950	0.00950	0.03149	0.01849	0.73709	0.02549	0.02199	0.01599	0.00800	0.00650	0.00200	0.00550	0.00650	0.00800	0.01100
12	0.02061	0.01479	0.02820	0.02056	0.02638	0.01368	0.40939	0.02544	0.04546	0.29852	0.01843	0.01947	0.01261	0.00657	0.00715	0.00211	0.00857	0.00718	0.00524	0.00966
13	0.01502	0.01436	0.02447	0.22410	0.55579	0.01510	0.01935	0.01898	0.01425	0.01993	0.01198	0.01631	0.00982	0.00594	0.00641	0.00198	0.00792	0.00575	0.00311	0.00945
14	0.00764	0.00655	0.00655	0.00655	0.00873	0.00545	0.00491	0.00927	0.01473	0.01745	0.06546	0.06218	0.73000	0.01636	0.00764	0.00218	0.00327	0.01364	0.00600	0.00545
15	0.01812	0.68455	0.03194	0.01175	0.01700	0.11479	0.01123	0.02015	0.01377	0.01528	0.00911	0.01052	0.00830	0.00567	0.00435	0.00142	0.00750	0.00354	0.00283	0.00819
16	0.00940	0.00626	0.00705	0.00705	0.00705	0.00626	0.00392	0.00940	0.00940	0.01253	0.02036	0.04228	0.02349	0.77292	0.03289	0.00626	0.00626	0.00940	0.00392	0.00392
17	0.06305	0.01794	0.01833	0.01445	0.01931	0.05271	0.01180	0.57165	0.10395	0.03751	0.01611	0.01602	0.01162	0.00773	0.00632	0.00196	0.00700	0.00579	0.00621	0.01055
18	0.01599	0.01535	0.02623	0.03966	0.73262	0.01535	0.01983	0.01983	0.01471	0.02111	0.01215	0.01599	0.01023	0.00576	0.00640	0.00192	0.00768	0.00576	0.00320	0.01023
19	0.05798	0.01324	0.01526	0.01299	0.01695	0.01444	0.04109	0.08303	0.43365	0.14110	0.02596	0.04666	0.05069	0.00898	0.00657	0.00214	0.00546	0.00751	0.00647	0.00981
20	0.04163	0.05916	0.05559	0.01440	0.01885	0.21857	0.04606	0.23141	0.02044	0.06664	0.03832	0.05186	0.05591	0.00820	0.00625	0.00186	0.00792	0.00636	0.00492	0.04565
21	0.15925	0.22004	0.08934	0.01111	0.01537	0.05658	0.01019	0.04716	0.03331	0.07481	0.01867	0.13477	0.04803	0.00902	0.00558	0.00190	0.00610	0.00701	0.04398	0.00779
22	0.01487	0.27990	0.34439	0.01442	0.02121	0.01807	0.01630	0.06131	0.05976	0.02023	0.03379	0.04239	0.03306	0.00719	0.00567	0.00185	0.00766	0.00548	0.00354	0.00889

[dist]
# distance from previous block
# <min> <max>
4	29

[block]
# block no. 2 follows, 34 sequences, length 52
# corresponding to MSA columns:
# 179-230
name=unknown_C
#
# <colnr> <probs for GDERKNQSTAVLIFYWHMCP>
#	G	D	E	R	K	N	Q	S	T	A	V	L	I	F	Y	W	H	M	C	P
0	0.02008	0.14160	0.05900	0.01933	0.18434	0.04240	0.01360	0.17505	0.09000	0.13340	0.01569	0.01631	0.01171	0.00681	0.00597	0.00183	0.00694	0.00547	0.00492	0.04553
1	0.01647	0.23264	0.13258	0.04544	0.32643	0.05596	0.01680	0.02018	0.01447	0.04290	0.03132	0.01496	0.01083	0.00610	0.00573	0.00179	0.00777	0.00507	0.00327	0.00927
2	0.01733	0.30298	0.19384	0.01878	0.15674	0.01942	0.01577	0.12225	0.01626	0.04220	0.01171	0.01338	0.00929	0.00609	0.00547	0.00173	0.00760	0.00465	0.00356	0.03094
3	0.04313	0.09936	0.18727	0.01725	0.12341	0.01502	0.01449	0.10300	0.04762	0.10995	0.04037	0.01767	0.03074	0.00705	0.00636	0.00185	0.02807	0.00557	0.00445	0.09737
4	0.02102	0.12841	0.04107	0.01460	0.01973	0.06311	0.13206	0.04396	0.05737	0.28683	0.03818	0.03585	0.01452	0.00727	0.00624	0.00186	0.00703	0.00629	0.00543	0.06918
5	0.08022	0.01425	0.01941	0.01520	0.01970	0.03019	0.13698	0.13785	0.12581	0.22603	0.01937	0.05366	0.01447	0.00813	0.00740	0.00210	0.05005	0.00689	0.00579	0.02651
6	0.00910	0.00644	0.00764	0.00764	0.00819	0.00651	0.00489	0.00980	0.01038	0.01375	0.02643	0.04187	0.12671	0.51657	0.17141	0.00648	0.00802	0.00953	0.00413	0.00451
7	0.01525	0.01743	0.03813	0.02723	0.03377	0.01634	0.70915	0.02070	0.01525	0.02070	0.01307	0.01743	0.00980	0.00545	0.00763	0.00218	0.01089	0.00763	0.00327	0.00871
8	0.02109	0.01766	0.08760	0.01380	0.01952	0.01633	0.01218	0.44603	0.02417	0.07232	0.01475	0.01520	0.01066	0.00692	0.00605	0.00173	0.00672	0.00529	0.00558	0.19641
9	0.02274	0.01723	0.01818	0.01426	0.01898	0.03819	0.01165	0.59061	0.07613	0.03793	0.07323	0.01862	0.01551	0.00823	0.00655	0.00196	0.00677	0.00634	0.00644	0.01045
10	0.01037	0.00753	0.00926	0.00976	0.01094	0.00747	0.00690	0.11312	0.01528	0.02038	0.05281	0.61368	0.06140	0.01807	0.00795	0.00249	0.00421	0.01617	0.00610	0.00613
11	0.01317	0.00833	0.00997	0.00949	0.01013	0.05727	0.00661	0.06585	0.01085	0.01390	0.01148	0.01877	0.01101	0.02020	0.02243	0.69196	0.00614	0.00553	0.00313	0.00378
12	0.01340	0.01148	0.01340	0.00957	0.01531	0.00861	0.00766	0.01627	0.01340	0.02105	0.01148	0.01340	0.00957	0.00479	0.00479	0.00096	0.00479	0.00383	0.00383	0.81242
13	0.01095	0.00571	0.00821	0.00821	0.00821	0.00571	0.00536	0.00856	0.00856	0.01142	0.01258	0.02300	0.01304	0.13364	0.02638	0.69262	0.00571	0.00617	0.00297	0.00297
14	0.01664	0.66667	0.13840	0.01215	0.01827	0.02400	0.01295	0.01951	0.01320	0.01598	0.00937	0.01085	0.00828	0.00562	0.00444	0.00148	0.00730	0.00365	0.00276	0.00848
15	0.02392	0.01827	0.01918	0.01504	0.01995	0.08833	0.03814	0.49919	0.08278	0.10401	0.01672	0.01653	0.01187	0.00767	0.00646	0.00195	0.00737	0.00591	0.00620	0.01051
16	0.00947	0.00672	0.00846	0.00796	0.00969	0.00609	0.00599	0.01226	0.01769	0.04521	0.59499	0.04988	0.17424	0.01360	0.00759	0.00206	0.00316	0.01187	0.00695	0.00613
17	0.01156	0.01062	0.01762	0.64651	0.03930	0.01301	0.01617	0.01540	0.01284	0.01651	0.01506	0.12857	0.01367	0.00850	0.00672	0.00222	0.00789	0.00761	0.00333	0.00689
18	0.02417	0.02985	0.01839	0.01651	0.01998	0.69261	0.01247	0.07706	0.01921	0.01768	0.01040	0.01194	0.00852	0.00674	0.00587	0.00169	0.01131	0.00429	0.00356	0.00775
19	0.01599	0.01535	0.02623	0.03966	0.73262	0.01535	0.01983	0.01983	0.01471	0.02111	0.01215	0.01599	0.01023	0.00576	0.00640	0.00192	0.00768	0.00576	0.00320	0.01023
20	0.00787	0.00562	0.00750	0.00900	0.00937	0.00525	0.00600	0.00900	0.01237	0.01649	0.03561	0.76871	0.04274	0.02024	0.00825	0.00262	0.00375	0.01837	0.00600	0.00525
21	0.01452	0.01444	0.02168	0.44506	0.28269	0.07578	0.01815	0.01844	0.01400	0.01806	0.01159	0.01633	0.00916	0.00623	0.00639	0.00203	0.00854	0.00562	0.00302	0.00827
22	0.02083	0.24501	0.11207	0.01500	0.01999	0.34679	0.01345	0.11866	0.01792	0.01968	0.01066	0.01206	0.00867	0.00642	0.00547	0.00167	0.00939	0.00426	0.00353	0.00846
23	0.02850	0.01110	0.01498	0.01156	0.01651	0.00974	0.00952	0.03160	0.04498	0.71032	0.02552	0.02207	0.01614	0.00803	0.00650	0.00201	0.00548	0.00653	0.00794	0.01097
24	0.00842	0.00601	0.00805	0.00897	0.00945	0.00603	0.00610	0.00961	0.01145	0.01551	0.02912	0.48706	0.03378	0.15162	0.17217	0.00491	0.00710	0.01440	0.00510	0.00514
25	0.01600	0.01421	0.01678	0.01445	0.01837	0.01610	0.07472	0.03308	0.65582	0.02644	0.02508	0.02349	0.01881	0.00846	0.00667	0.00219	0.00565	0.00733	0.00627	0.01009
26	0.01296	0.03342	0.73944	0.01842	0.02797	0.01501	0.02387	0.02046	0.01364	0.02046	0.01160	0.01364	0.00818	0.00614	0.00614	0.00205	0.00955	0.00477	0.00273	0.00955
27	0.00876	0.00659	0.00810	0.00772	0.00941	0.00593	0.00579	0.01144	0.01737	0.02373	0.55792	0.05186	0.23362	0.01402	0.00762	0.00207	0.00311	0.01219	0.00683	0.00593
28	0.01361	0.00812	0.00833	0.00776	0.00987	0.00860	0.00597	0.07195	0.11967	0.02582	0.02142	0.02343	0.01660	0.00773	0.00497	0.00164	0.00364	0.00620	0.62764	0.00703
29	0.00914	0.00660	0.00864	0.00813	0.00965	0.00610	0.00610	0.01219	0.01829	0.02591	0.72921	0.04827	0.06097	0.01321	0.00762	0.00203	0.00305	0.01169	0.00711	0.00610
30	0.00787	0.00562	0.00750	0.00900	0.00937	0.00525	0.00600	0.00900	0.01237	0.01649	0.03561	0.76871	0.04274	0.02024	0.00825	0.00262	0.00375	0.01837	0.00600	0.00525
31	0.02542	0.01366	0.01707	0.01335	0.01766	0.01429	0.01105	0.23973	0.02090	0.41438	0.01988	0.01882	0.01333	0.00841	0.00867	0.00210	0.11795	0.00616	0.00676	0.01041
32	0.01727	0.77681	0.03386	0.01106	0.01658	0.02557	0.01106	0.01935	0.01313	0.01520	0.00898	0.01036	0.00829	0.00553	0.00415	0.00138	0.00691	0.00345	0.00276	0.00829
33	0.00914	0.00660	0.00864	0.00813	0.00965	0.00610	0.00610	0.01219	0.01829	0.02591	0.72921	0.04827	0.06097	0.01321	0.00762	0.00203	0.00305	0.01169	0.00711	0.00610
34	0.00793	0.00580	0.00748	0.00879	0.00942	0.00535	0.00601	0.00918	0.01275	0.01671	0.03929	0.65742	0.12828	0.01968	0.00819	0.00258	0.00376	0.04010	0.00600	0.00530
35	0.02612	0.01412	0.01601	0.01257	0.01726	0.06793	0.01025	0.21328	0.02168	0.44770	0.06792	0.02119	0.01702	0.00817	0.00651	0.00196	0.00624	0.00648	0.00717	0.01041
36	0.00790	0.00656	0.00691	0.00682	0.00889	0.00557	0.00511	0.00978	0.01534	0.01892	0.18014	0.05978	0.61440	0.01582	0.00763	0.00216	0.00323	0.01330	0.00619	0.00557
37	0.02845	0.01088	0.01482	0.01140	0.01631	0.00940	0.00940	0.03097	0.01849	0.71779	0.04459	0.02271	0.01722	0.00814	0.00653	0.00200	0.00543	0.00664	0.00797	0.01086
38	0.01599	0.01535	0.02623	0.03966	0.73262	0.01535	0.01983	0.01983	0.01471	0.02111	0.01215	0.01599	0.01023	0.00576	0.00640	0.00192	0.00768	0.00576	0.00320	0.01023
39	0.07847	0.20748	0.51421	0.01588	0.02404	0.01746	0.01949	0.02008	0.01331	0.01990	0.01077	0.01262	0.00812	0.00598	0.00550	0.00189	0.00856	0.00436	0.00284	0.00905
40	0.01599	0.01535	0.02623	0.03966	0.73262	0.01535	0.01983	0.01983	0.01471	0.02111	0.01215	0.01599	0.01023	0.00576	0.00640	0.00192	0.00768	0.00576	0.00320	0.01023
41	0.01408	0.01332	0.01958	0.54897	0.05721	0.04799	0.01681	0.07249	0.01421	0.01842	0.01137	0.01641	0.00882	0.00718	0.00834	0.00220	0.10619	0.00567	0.00318	0.00757
42	0.00924	0.00689	0.01019	0.01019	0.01128	0.00797	0.00784	0.01142	0.01033	0.01486	0.01748	0.02635	0.01657	0.09004	0.70631	0.01015	0.01667	0.00706	0.00349	0.00566
43	0.00916	0.00658	0.00895	0.01039	0.01140	0.00637	0.00821	0.01124	0.01373	0.01798	0.03591	0.38988	0.06329	0.01889	0.00857	0.00279	0.00485	0.36022	0.00597	0.00561
44	0.00914	0.00660	0.00864	0.00813	0.00965	0.00610	0.00610	0.01219	0.01829	0.02591	0.72921	0.04827	0.06097	0.01321	0.00762	0.00203	0.00305	0.01169	0.00711	0.00610
45	0.00787	0.00562	0.00750	0.00900	0.00937	0.00525	0.00600	0.00900	0.01237	0.01649	0.03561	0.76871	0.04274	0.02024	0.00825	0.00262	0.00375	0.01837	0.00600	0.00525
46	0.01727	0.77681	0.03386	0.01106	0.01658	0.02557	0.01106	0.01935	0.01313	0.01520	0.00898	0.01036	0.00829	0.00553	0.00415	0.00138	0.00691	0.00345	0.00276	0.00829
47	0.01346	0.01169	0.01424	0.01017	0.01594	0.00888	0.03152	0.01642	0.01346	0.02104	0.01154	0.01354	0.00958	0.00481	0.00488	0.00100	0.00499	0.00396	0.00381	0.78508
48	0.00872	0.00650	0.00812	0.00790	0.00944	0.00589	0.00585	0.01131	0.01702	0.02334	0.53145	0.12087	0.19073	0.01451	0.00768	0.00212	0.00316	0.01272	0.00679	0.00589
49	0.01331	0.01235	0.01879	0.01378	0.01919	0.01015	0.17674	0.01663	0.01375	0.02053	0.01421	0.08762	0.01284	0.00644	0.00581	0.00141	0.00616	0.00615	0.00390	0.54024
50	0.01446	0.04037	0.13637	0.02068	0.02688	0.01407	0.41046	0.01927	0.01494	0.05695	0.02105	0.02332	0.11653	0.00727	0.00710	0.00207	0.00887	0.00772	0.00385	0.04778
51	0.01426	0.22225	0.42848	0.01603	0.02301	0.01826	0.01863	0.01932	0.01295	0.01839	0.01045	0.01286	0.00830	0.00671	0.00781	0.00196	0.12008	0.00454	0.00279	0.03293

[dist]
# distance from previous block
# <min> <max>
1	2

[block]
# block no. 3 follows, 34 sequences, length 35
# corresponding to MSA columns:
# 234-268
name=unknown_D
#
# <colnr> <probs for GDERKNQSTAVLIFYWHMCP>
#	G	D	E	R	K	N	Q	S	T	A	V	L	I	F	Y	W	H	M	C	P
0	0.01253	0.11432	0.03298	0.00987	0.01343	0.01017	0.03019	0.01506	0.01494	0.07173	0.17576	0.09338	0.17966	0.01086	0.00681	0.00183	0.02179	0.00912	0.00525	0.17033
1	0.01374	0.16722	0.61245	0.01709	0.02592	0.01691	0.02157	0.02026	0.01355	0.01952	0.01113	0.01305	0.00820	0.00603	0.00578	0.00193	0.00907	0.00454	0.00273	0.00932
2	0.01387	0.01133	0.01232	0.01091	0.01373	0.03762	0.00845	0.10262	0.24969	0.02755	0.37180	0.03434	0.03844	0.01067	0.00701	0.00203	0.00455	0.00910	0.00665	0.02731
3	0.01549	0.01484	0.02533	0.13395	0.64222	0.01522	0.01958	0.01939	0.01448	0.02050	0.01207	0.01615	0.01002	0.00585	0.00641	0.00195	0.00780	0.00576	0.00316	0.00983
4	0.01468	0.01217	0.01649	0.01183	0.01762	0.00960	0.09232	0.01783	0.01397	0.06948	0.01262	0.01447	0.01003	0.00508	0.00524	0.00117	0.00557	0.00447	0.00404	0.66131
5	0.00977	0.00719	0.00954	0.01074	0.01232	0.00696	0.00916	0.01241	0.01474	0.01885	0.04032	0.09953	0.17161	0.01766	0.00865	0.00281	0.00534	0.53060	0.00596	0.00582
6	0.01143	0.00741	0.00948	0.00885	0.01084	0.00691	0.00681	0.01495	0.05029	0.09808	0.50493	0.07204	0.10514	0.01324	0.00756	0.00213	0.00362	0.05263	0.00698	0.00671
7	0.01458	0.01612	0.03414	0.02475	0.03061	0.01521	0.61046	0.02014	0.03943	0.02112	0.06433	0.04735	0.01492	0.00664	0.00761	0.00219	0.00989	0.00829	0.00375	0.00846
8	0.00899	0.00659	0.00844	0.00811	0.00966	0.00604	0.00611	0.01182	0.01761	0.02451	0.61522	0.07548	0.12833	0.01392	0.00768	0.00210	0.00319	0.03327	0.00692	0.00600
9	0.00959	0.00742	0.01096	0.01075	0.01179	0.00887	0.00838	0.01176	0.01032	0.01496	0.01676	0.02511	0.01583	0.06893	0.67183	0.00970	0.07089	0.00691	0.00343	0.00580
10	0.13200	0.01235	0.01499	0.01165	0.01654	0.01187	0.00962	0.14025	0.01944	0.53093	0.02170	0.01943	0.01400	0.00770	0.00616	0.00199	0.00569	0.00599	0.00722	0.01047
11	0.01220	0.01148	0.01938	0.75739	0.04450	0.01436	0.01794	0.01651	0.01292	0.01651	0.01148	0.01723	0.00861	0.00646	0.00646	0.00215	0.00861	0.00574	0.00287	0.00718
12	0.01599	0.01535	0.02623	0.03966	0.73262	0.01535	0.01983	0.01983	0.01471	0.02111	0.01215	0.01599	0.01023	0.00576	0.00640	0.00192	0.00768	0.00576	0.00320	0.01023
13	0.01599	0.01535	0.02623	0.03966	0.73262	0.01535	0.01983	0.01983	0.01471	0.02111	0.01215	0.01599	0.01023	0.00576	0.00640	0.00192	0.00768	0.00576	0.00320	0.01023
14	0.02899	0.01100	0.01499	0.01150	0.01649	0.00950	0.00950	0.03149	0.01849	0.73709	0.02549	0.02199	0.01599	0.00800	0.00650	0.00200	0.00550	0.00650	0.00800	0.01100
15	0.00785	0.00570	0.00742	0.00879	0.00932	0.00527	0.00591	0.00902	0.01257	0.01658	0.03815	0.70867	0.10114	0.01991	0.00820	0.00259	0.00371	0.01797	0.00600	0.00527
16	0.14530	0.01381	0.01529	0.01217	0.01688	0.03627	0.00995	0.19274	0.08662	0.37405	0.02021	0.01859	0.01356	0.00767	0.00610	0.00199	0.00596	0.00589	0.00675	0.01021
17	0.45383	0.01327	0.01586	0.01277	0.01724	0.01416	0.12213	0.08510	0.01475	0.12109	0.01419	0.01796	0.01111	0.00716	0.00549	0.00209	0.00629	0.05263	0.00477	0.00810
18	0.02899	0.01100	0.01499	0.01150	0.01649	0.00950	0.00950	0.03149	0.01849	0.73709	0.02549	0.02199	0.01599	0.00800	0.00650	0.00200	0.00550	0.00650	0.00800	0.01100
19	0.13649	0.01141	0.01437	0.01118	0.01605	0.01048	0.00924	0.04948	0.01782	0.62039	0.02295	0.02024	0.01462	0.00772	0.00616	0.00200	0.00548	0.00607	0.00741	0.01045
20	0.02329	0.02068	0.02129	0.01686	0.02161	0.24052	0.12507	0.26456	0.04601	0.13312	0.01528	0.01590	0.01102	0.00711	0.00647	0.00191	0.00881	0.00576	0.00522	0.00952
21	0.00874	0.00653	0.00811	0.00783	0.00943	0.00590	0.00583	0.01136	0.01715	0.02348	0.54099	0.09524	0.20695	0.01433	0.00766	0.00210	0.00314	0.01252	0.00680	0.00590
22	0.00784	0.00573	0.00738	0.00870	0.00929	0.00527	0.00587	0.00903	0.01266	0.01661	0.03922	0.68325	0.12586	0.01977	0.00817	0.00257	0.00369	0.01780	0.00600	0.00527
23	0.00884	0.00710	0.00999	0.01017	0.01160	0.00662	0.05711	0.01105	0.03315	0.01759	0.04029	0.46485	0.19359	0.01774	0.00809	0.00252	0.00442	0.08373	0.00581	0.00575
24	0.04385	0.01417	0.01536	0.01332	0.01685	0.06018	0.01087	0.21117	0.16393	0.13503	0.02237	0.05044	0.01896	0.01036	0.00779	0.00225	0.05232	0.13552	0.00611	0.00914
25	0.81856	0.01250	0.00950	0.00850	0.01250	0.01449	0.00700	0.01899	0.01100	0.02899	0.00900	0.01050	0.00700	0.00600	0.00400	0.00200	0.00500	0.00350	0.00400	0.00700
26	0.02539	0.01036	0.01398	0.01110	0.01548	0.00913	0.00910	0.02836	0.03504	0.60048	0.11903	0.02733	0.02279	0.00906	0.00673	0.00204	0.00518	0.03149	0.00777	0.01015
27	0.01377	0.14723	0.58775	0.01782	0.02656	0.01672	0.06367	0.02030	0.01366	0.01966	0.01128	0.01337	0.00830	0.00600	0.00592	0.00195	0.00922	0.00474	0.00277	0.00930
28	0.01233	0.01161	0.01961	0.73377	0.06715	0.01439	0.01801	0.01662	0.01298	0.01666	0.01151	0.01719	0.00867	0.00644	0.00646	0.00215	0.00858	0.00574	0.00288	0.00728
29	0.00806	0.00576	0.00772	0.00921	0.00967	0.00541	0.00633	0.00933	0.01256	0.01671	0.03551	0.71662	0.04232	0.02006	0.00830	0.00265	0.00391	0.06858	0.00599	0.00530
30	0.01407	0.01356	0.02356	0.39432	0.34927	0.01492	0.06092	0.01824	0.01386	0.01881	0.01188	0.01669	0.00941	0.00609	0.00650	0.00205	0.00834	0.00586	0.00304	0.00863
31	0.02335	0.02056	0.01700	0.06629	0.02027	0.32975	0.01170	0.07963	0.12981	0.21117	0.01720	0.01705	0.01238	0.00742	0.00621	0.00189	0.00843	0.00551	0.00529	0.00910
32	0.02069	0.01326	0.01472	0.01191	0.01581	0.01408	0.00961	0.38007	0.04504	0.13336	0.04594	0.07218	0.01713	0.00885	0.00625	0.00192	0.00562	0.00709	0.16708	0.00939
33	0.01515	0.07227	0.12531	0.02236	0.02769	0.04243	0.39584	0.01963	0.01383	0.01900	0.01149	0.01553	0.00915	0.00686	0.01007	0.00223	0.17329	0.00641	0.00307	0.00840
34	0.02249	0.02157	0.01809	0.01530	0.01941	0.31057	0.03536	0.19347	0.18512	0.08872	0.01661	0.01661	0.01236	0.00749	0.00628	0.00190	0.00846	0.00562	0.00526	0.00933

[dist]
# distance from previous block
# <min> <max>
1	9

[block]
# block no. 4 follows, 34 sequences, length 21
# corresponding to MSA columns:
# 278-293,295-299
name=unknown_E
#
# <colnr> <probs for GDERKNQSTAVLIFYWHMCP>
#	G	D	E	R	K	N	Q	S	T	A	V	L	I	F	Y	W	H	M	C	P
0	0.01679	0.01302	0.01478	0.01121	0.01636	0.01190	0.00900	0.19940	0.05968	0.05443	0.01527	0.05583	0.01259	0.00676	0.00558	0.00142	0.00538	0.00545	0.00496	0.48018
1	0.01778	0.72176	0.03271	0.01147	0.01683	0.07881	0.01116	0.01982	0.01351	0.01525	0.00906	0.01046	0.00829	0.00561	0.00427	0.00140	0.00726	0.00351	0.00281	0.00823
2	0.00940	0.00626	0.00705	0.00705	0.00705	0.00626	0.00392	0.00940	0.00940	0.01253	0.02036	0.04228	0.02349	0.77292	0.03289	0.00626	0.00626	0.00940	0.00392	0.00392
3	0.01424	0.01443	0.02144	0.01789	0.01848	0.01948	0.07679	0.01601	0.01038	0.01601	0.00890	0.01443	0.00860	0.01078	0.01998	0.00277	0.69346	0.00583	0.00287	0.00722
4	0.00777	0.00652	0.00658	0.00658	0.00860	0.00551	0.00484	0.00928	0.01433	0.01709	0.06213	0.06071	0.67786	0.07220	0.00950	0.00248	0.00349	0.01332	0.00585	0.00534
5	0.01374	0.16766	0.61203	0.01709	0.02591	0.01691	0.02156	0.02026	0.01355	0.01951	0.01112	0.01305	0.00820	0.00603	0.00578	0.00193	0.00907	0.00454	0.00273	0.00932
6	0.00787	0.00562	0.00750	0.00900	0.00937	0.00525	0.00600	0.00900	0.01237	0.01649	0.03561	0.76871	0.04274	0.02024	0.00825	0.00262	0.00375	0.01837	0.00600	0.00525
7	0.00787	0.00562	0.00750	0.00900	0.00937	0.00525	0.00600	0.00900	0.01237	0.01649	0.03561	0.76871	0.04274	0.02024	0.00825	0.00262	0.00375	0.01837	0.00600	0.00525
8	0.01337	0.01145	0.01907	0.70552	0.04255	0.01402	0.01736	0.01755	0.01331	0.06662	0.01246	0.01756	0.00913	0.00657	0.00646	0.00214	0.00840	0.00579	0.00323	0.00744
9	0.00787	0.00562	0.00750	0.00900	0.00937	0.00525	0.00600	0.00900	0.01237	0.01649	0.03561	0.76871	0.04274	0.02024	0.00825	0.00262	0.00375	0.01837	0.00600	0.00525
10	0.01220	0.01148	0.01938	0.75739	0.04450	0.01436	0.01794	0.01651	0.01292	0.01651	0.01148	0.01723	0.00861	0.00646	0.00646	0.00215	0.00861	0.00574	0.00287	0.00718
11	0.01504	0.01677	0.03567	0.09153	0.08330	0.01610	0.60117	0.02027	0.01501	0.02036	0.01287	0.01731	0.00973	0.00556	0.00744	0.00216	0.01047	0.00733	0.00323	0.00869
12	0.02414	0.03079	0.01831	0.01665	0.01998	0.74698	0.01248	0.02580	0.01831	0.01581	0.00999	0.01165	0.00832	0.00666	0.00583	0.00166	0.01165	0.00416	0.00333	0.00749
13	0.01122	0.00561	0.00842	0.00842	0.00842	0.00561	0.00561	0.00842	0.00842	0.01122	0.01122	0.01964	0.01122	0.02245	0.02525	0.81201	0.00561	0.00561	0.00281	0.00281
14	0.01220	0.01148	0.01938	0.75739	0.04450	0.01436	0.01794	0.01651	0.01292	0.01651	0.01148	0.01723	0.00861	0.00646	0.00646	0.00215	0.00861	0.00574	0.00287	0.00718
15	0.00787	0.00562	0.00750	0.00900	0.00937	0.00525	0.00600	0.00900	0.01237	0.01649	0.03561	0.76871	0.04274	0.02024	0.00825	0.00262	0.00375	0.01837	0.00600	0.00525
16	0.01599	0.01535	0.02623	0.03966	0.73262	0.01535	0.01983	0.01983	0.01471	0.02111	0.01215	0.01599	0.01023	0.00576	0.00640	0.00192	0.00768	0.00576	0.00320	0.01023
17	0.01599	0.01535	0.02623	0.03966	0.73262	0.01535	0.01983	0.01983	0.01471	0.02111	0.01215	0.01599	0.01023	0.00576	0.00640	0.00192	0.00768	0.00576	0.00320	0.01023
18	0.00914	0.00660	0.00864	0.00813	0.00965	0.00610	0.00610	0.01219	0.01829	0.02591	0.72921	0.04827	0.06097	0.01321	0.00762	0.00203	0.00305	0.01169	0.00711	0.00610
19	0.11112	0.01722	0.01815	0.01405	0.01908	0.01903	0.01160	0.60987	0.02782	0.06599	0.01518	0.01521	0.01074	0.00757	0.00620	0.00195	0.00682	0.00559	0.00625	0.01055
20	0.02352	0.09805	0.01971	0.01614	0.01967	0.68195	0.01236	0.02522	0.01784	0.01576	0.00990	0.01154	0.00832	0.00656	0.00567	0.00164	0.01122	0.00410	0.00328	0.00756

[dist]
# distance from previous block
# <min> <max>
0	1

[block]
# block no. 5 follows, 34 sequences, length 32
# corresponding to MSA columns:
# 301-332
name=unknown_F
#
# <colnr> <probs for GDERKNQSTAVLIFYWHMCP>
#	G	D	E	R	K	N	Q	S	T	A	V	L	I	F	Y	W	H	M	C	P
0	0.02235	0.01665	0.01686	0.01386	0.01829	0.08855	0.01111	0.29094	0.26612	0.15476	0.02044	0.01923	0.01462	0.00804	0.00645	0.00201	0.00659	0.00629	0.00646	0.01038
1	0.00764	0.00655	0.00655	0.00655	0.00873	0.00545	0.00491	0.00927	0.01473	0.01745	0.06546	0.06218	0.73000	0.01636	0.00764	0.00218	0.00327	0.01364	0.00600	0.00545
2	0.00777	0.00655	0.00673	0.00669	0.00881	0.00551	0.00501	0.00953	0.01504	0.01820	0.12407	0.06095	0.67092	0.01609	0.00764	0.00217	0.00325	0.01346	0.00610	0.00551
3	0.81856	0.01250	0.00950	0.00850	0.01250	0.01449	0.00700	0.01899	0.01100	0.02899	0.00900	0.01050	0.00700	0.00600	0.00400	0.00200	0.00500	0.00350	0.00400	0.00700
4	0.01727	0.77681	0.03386	0.01106	0.01658	0.02557	0.01106	0.01935	0.01313	0.01520	0.00898	0.01036	0.00829	0.00553	0.00415	0.00138	0.00691	0.00345	0.00276	0.00829
5	0.00791	0.00574	0.00747	0.00876	0.00933	0.00530	0.00591	0.00915	0.01281	0.01697	0.06712	0.67983	0.10062	0.01963	0.00817	0.00256	0.00368	0.01770	0.00604	0.00530
6	0.02456	0.01810	0.01939	0.01487	0.02004	0.02004	0.01228	0.71107	0.03038	0.04072	0.01551	0.01551	0.01099	0.00776	0.00646	0.00194	0.00711	0.00582	0.00646	0.01099
7	0.00925	0.00686	0.01005	0.01005	0.01109	0.00790	0.00767	0.01133	0.01029	0.01476	0.01761	0.02705	0.01688	0.11993	0.67683	0.00998	0.01622	0.00717	0.00351	0.00559
8	0.01220	0.01148	0.01938	0.75739	0.04450	0.01436	0.01794	0.01651	0.01292	0.01651	0.01148	0.01723	0.00861	0.00646	0.00646	0.00215	0.00861	0.00574	0.00287	0.00718
9	0.01607	0.01388	0.01461	0.01315	0.01680	0.01607	0.01023	0.03433	0.72094	0.02703	0.02630	0.02411	0.01972	0.00877	0.00657	0.00219	0.00511	0.00731	0.00657	0.01023
10	0.02899	0.01100	0.01499	0.01150	0.01649	0.00950	0.00950	0.03149	0.01849	0.73709	0.02549	0.02199	0.01599	0.00800	0.00650	0.00200	0.00550	0.00650	0.00800	0.01100
11	0.81856	0.01250	0.00950	0.00850	0.01250	0.01449	0.00700	0.01899	0.01100	0.02899	0.00900	0.01050	0.00700	0.00600	0.00400	0.00200	0.00500	0.00350	0.00400	0.00700
12	0.02456	0.01810	0.01939	0.01487	0.02004	0.02004	0.01228	0.71107	0.03038	0.04072	0.01551	0.01551	0.01099	0.00776	0.00646	0.00194	0.00711	0.00582	0.00646	0.01099
13	0.01599	0.01535	0.02623	0.03966	0.73262	0.01535	0.01983	0.01983	0.01471	0.02111	0.01215	0.01599	0.01023	0.00576	0.00640	0.00192	0.00768	0.00576	0.00320	0.01023
14	0.00932	0.00657	0.00858	0.00858	0.00912	0.00710	0.00583	0.01038	0.00985	0.01367	0.01895	0.03450	0.02011	0.43908	0.36211	0.00816	0.01135	0.00826	0.00371	0.00477
15	0.13875	0.01332	0.01360	0.01193	0.01560	0.07808	0.00965	0.09630	0.12405	0.18882	0.02179	0.04828	0.01839	0.02828	0.00712	0.00224	0.00611	0.12756	0.00590	0.04424
16	0.01449	0.01482	0.02764	0.02131	0.02519	0.01581	0.37459	0.04695	0.01442	0.01995	0.01573	0.02633	0.01437	0.00927	0.01135	0.00248	0.20563	0.12800	0.00376	0.00789
17	0.01767	0.01448	0.01556	0.01293	0.01733	0.01571	0.01027	0.19608	0.42679	0.02930	0.02103	0.02011	0.01579	0.00781	0.00623	0.00191	0.00554	0.00632	0.00606	0.15307
18	0.81856	0.01250	0.00950	0.00850	0.01250	0.01449	0.00700	0.01899	0.01100	0.02899	0.00900	0.01050	0.00700	0.00600	0.00400	0.00200	0.00500	0.00350	0.00400	0.00700
19	0.01282	0.01119	0.01173	0.01183	0.01410	0.08225	0.00965	0.01939	0.19237	0.02147	0.10766	0.05108	0.09012	0.01385	0.00778	0.00248	0.00577	0.32136	0.00598	0.00715
20	0.00940	0.00626	0.00705	0.00705	0.00705	0.00626	0.00392	0.00940	0.00940	0.01253	0.02036	0.04228	0.02349	0.77292	0.03289	0.00626	0.00626	0.00940	0.00392	0.00392
21	0.01296	0.03342	0.73944	0.01842	0.02797	0.01501	0.02387	0.02046	0.01364	0.02046	0.01160	0.01364	0.00818	0.00614	0.00614	0.00205	0.00955	0.00477	0.00273	0.00955
22	0.00909	0.00660	0.00856	0.00807	0.00962	0.00607	0.00605	0.01209	0.01816	0.02560	0.70495	0.04877	0.08541	0.01332	0.00762	0.00204	0.00306	0.01176	0.00707	0.00607
23	0.01633	0.01369	0.01459	0.01290	0.01653	0.01563	0.01009	0.09926	0.59441	0.02829	0.08366	0.02527	0.02229	0.00904	0.00665	0.00215	0.00514	0.00752	0.00661	0.00996
24	0.01599	0.01535	0.02623	0.03966	0.73262	0.01535	0.01983	0.01983	0.01471	0.02111	0.01215	0.01599	0.01023	0.00576	0.00640	0.00192	0.00768	0.00576	0.00320	0.01023
25	0.02776	0.01126	0.01539	0.01195	0.01653	0.01035	0.00988	0.03016	0.01778	0.67712	0.02408	0.02134	0.01537	0.00827	0.00772	0.00207	0.06830	0.00643	0.00757	0.01067
26	0.01436	0.10417	0.53132	0.01659	0.02481	0.07619	0.01991	0.02034	0.01395	0.01962	0.01119	0.01313	0.00836	0.00598	0.00577	0.00183	0.00895	0.00449	0.00290	0.09615
27	0.01440	0.24826	0.47598	0.01701	0.02514	0.01819	0.07710	0.02016	0.01363	0.01895	0.01096	0.01300	0.00835	0.00590	0.00568	0.00186	0.00889	0.00463	0.00278	0.00911
28	0.01490	0.12469	0.44699	0.01567	0.02303	0.01591	0.01820	0.08859	0.05552	0.04496	0.01598	0.05906	0.03380	0.00755	0.00611	0.00199	0.00805	0.00596	0.00378	0.00924
29	0.03834	0.09517	0.35873	0.01626	0.02323	0.01446	0.11018	0.03695	0.01464	0.06216	0.05523	0.04093	0.01341	0.00694	0.00613	0.00192	0.00797	0.00593	0.02511	0.06632
30	0.01441	0.10472	0.08095	0.05675	0.21871	0.05281	0.03214	0.06464	0.03655	0.02039	0.02613	0.02915	0.18363	0.00921	0.00655	0.00200	0.00683	0.04190	0.00423	0.00830
31	0.06100	0.08217	0.08312	0.01574	0.10544	0.06626	0.01196	0.09689	0.10929	0.13828	0.01675	0.01941	0.01325	0.09120	0.00887	0.00234	0.00683	0.00584	0.00486	0.06049

[dist]
# distance from previous block
# <min> <max>
0	29

[block]
# block no. 6 follows, 34 sequences, length 28
# corresponding to MSA columns:
# 362-389
name=unknown_G
#
# <colnr> <probs for GDERKNQSTAVLIFYWHMCP>
#	G	D	E	R	K	N	Q	S	T	A	V	L	I	F	Y	W	H	M	C	P
0	0.16383	0.01748	0.05288	0.01349	0.04585	0.13587	0.01075	0.19345	0.01838	0.04454	0.03189	0.03107	0.02617	0.00703	0.00562	0.00172	0.00684	0.00522	0.00463	0.18331
1	0.01633	0.01426	0.02175	0.02862	0.45912	0.01365	0.01557	0.07316	0.01583	0.04798	0.02919	0.01627	0.01150	0.00592	0.00604	0.00169	0.00674	0.00545	0.00387	0.20707
2	0.01743	0.01477	0.01545	0.01640	0.13035	0.14956	0.01081	0.05596	0.09199	0.12143	0.02273	0.18266	0.05069	0.01021	0.00664	0.00199	0.00650	0.00865	0.00522	0.08056
3	0.03526	0.01573	0.01512	0.01259	0.01687	0.13692	0.00990	0.10158	0.20112	0.15785	0.01936	0.05688	0.01503	0.00789	0.00610	0.00181	0.00637	0.00626	0.00564	0.17172
4	0.02412	0.01788	0.01914	0.01478	0.01987	0.01983	0.01217	0.67594	0.06623	0.04001	0.01607	0.01596	0.01144	0.00781	0.00647	0.00195	0.00701	0.00589	0.00647	0.01095
5	0.02736	0.01226	0.01561	0.01212	0.01704	0.01154	0.00996	0.13177	0.07325	0.58098	0.02408	0.02120	0.01554	0.00802	0.00650	0.00200	0.00571	0.00646	0.00766	0.01094
6	0.00787	0.00562	0.00750	0.00900	0.00937	0.00525	0.00600	0.00900	0.01237	0.01649	0.03561	0.76871	0.04274	0.02024	0.00825	0.00262	0.00375	0.01837	0.00600	0.00525
7	0.01386	0.01301	0.02182	0.50815	0.22871	0.01494	0.04024	0.04780	0.01424	0.01894	0.01189	0.01683	0.00919	0.00629	0.00648	0.00208	0.00837	0.00581	0.00313	0.00822
8	0.00887	0.00639	0.00839	0.00832	0.00959	0.00591	0.00608	0.01150	0.01700	0.02386	0.57811	0.20521	0.05699	0.01474	0.00776	0.00216	0.00320	0.01314	0.00687	0.00591
9	0.01577	0.01447	0.01387	0.01258	0.01597	0.08489	0.00971	0.04672	0.52762	0.02480	0.02971	0.04633	0.10994	0.00980	0.00668	0.00214	0.00552	0.00805	0.00617	0.00925
10	0.00838	0.00634	0.00773	0.00787	0.00931	0.00569	0.00572	0.01053	0.01576	0.02105	0.35858	0.23097	0.25677	0.01590	0.00778	0.00222	0.00329	0.01393	0.00650	0.00569
11	0.01340	0.01148	0.01340	0.00957	0.01531	0.00861	0.00766	0.01627	0.01340	0.02105	0.01148	0.01340	0.00957	0.00479	0.00479	0.00096	0.00479	0.00383	0.00383	0.81242
12	0.02287	0.01595	0.01759	0.01366	0.01867	0.01698	0.01117	0.46429	0.11530	0.12607	0.01774	0.01722	0.01260	0.00760	0.00631	0.00188	0.00640	0.00588	0.00640	0.09544
13	0.01324	0.06104	0.55053	0.01617	0.02471	0.01407	0.01978	0.01950	0.01357	0.02036	0.01146	0.01345	0.00849	0.00582	0.00576	0.00178	0.00840	0.00451	0.00297	0.18439
14	0.00782	0.00582	0.00729	0.00846	0.00923	0.00529	0.00576	0.00906	0.01288	0.01670	0.04211	0.61480	0.19245	0.01940	0.00811	0.00253	0.00365	0.01734	0.00600	0.00529
15	0.01350	0.01573	0.06066	0.02236	0.02807	0.01391	0.52700	0.01820	0.01507	0.01998	0.02442	0.02702	0.16662	0.00785	0.00757	0.00217	0.00918	0.00882	0.00384	0.00804
16	0.64290	0.01228	0.01165	0.17164	0.01947	0.01446	0.00938	0.01845	0.01142	0.02627	0.00954	0.01196	0.00735	0.00610	0.00453	0.00203	0.00579	0.00399	0.00375	0.00704
17	0.01001	0.00767	0.00959	0.00838	0.01085	0.00662	0.00639	0.01296	0.01707	0.02450	0.54502	0.04125	0.07783	0.01151	0.00700	0.00180	0.00344	0.01006	0.00635	0.18172
18	0.02530	0.00991	0.01304	0.01030	0.01454	0.00874	0.00841	0.02791	0.01742	0.58177	0.02453	0.02245	0.01612	0.00789	0.00607	0.00189	0.00496	0.00639	0.18244	0.00991
19	0.01017	0.00778	0.01037	0.00953	0.01145	0.00783	0.00715	0.01214	0.01084	0.01582	0.01665	0.02618	0.01620	0.18511	0.44142	0.00750	0.01235	0.00675	0.00363	0.18112
20	0.00777	0.00633	0.00678	0.00710	0.00879	0.00545	0.00510	0.00922	0.01396	0.01701	0.05678	0.21513	0.54622	0.05369	0.00899	0.00248	0.00352	0.01446	0.00590	0.00534
21	0.01769	0.02255	0.27073	0.02391	0.23681	0.01678	0.04050	0.24358	0.01943	0.02721	0.01308	0.01507	0.00976	0.00653	0.00637	0.00198	0.00824	0.00550	0.00409	0.01019
22	0.01250	0.00911	0.01098	0.00960	0.01192	0.00913	0.00744	0.16444	0.02092	0.02914	0.57374	0.04113	0.05008	0.01202	0.00737	0.00201	0.00393	0.01041	0.00697	0.00716
23	0.00861	0.00656	0.00805	0.03449	0.01019	0.00636	0.00594	0.00993	0.01285	0.01676	0.10561	0.31065	0.21389	0.18178	0.01372	0.00324	0.02698	0.01373	0.00545	0.00522
24	0.01589	0.01377	0.01127	0.01047	0.01302	0.17045	0.00796	0.02318	0.22664	0.02317	0.02023	0.02139	0.01571	0.00771	0.00542	0.00175	0.00552	0.00600	0.39285	0.00760
25	0.01387	0.01454	0.02951	0.06144	0.07983	0.01397	0.46921	0.01796	0.01382	0.01873	0.01451	0.02273	0.01276	0.17271	0.01298	0.00305	0.00953	0.00778	0.00338	0.00770
26	0.01417	0.01343	0.02194	0.03245	0.57492	0.01320	0.01658	0.01753	0.01472	0.02031	0.02377	0.02605	0.16703	0.00807	0.00667	0.00198	0.00672	0.00747	0.00381	0.00919
27	0.01682	0.69838	0.10830	0.01183	0.01778	0.02445	0.01241	0.01947	0.01318	0.01576	0.00926	0.01071	0.00828	0.00559	0.00436	0.00145	0.00719	0.00359	0.00276	0.00842

[dist]
# distance from previous block
# <min> <max>
0	8

[block]
# block no. 7 follows, 34 sequences, length 14
# corresponding to MSA columns:
# 398-411
name=unknown_H
#
# <colnr> <probs for GDERKNQSTAVLIFYWHMCP>
#	G	D	E	R	K	N	Q	S	T	A	V	L	I	F	Y	W	H	M	C	P
0	0.01503	0.10927	0.07293	0.02385	0.03011	0.01691	0.54861	0.02000	0.01463	0.01969	0.01274	0.01683	0.00990	0.00796	0.04962	0.00255	0.01071	0.00693	0.00319	0.00854
1	0.07160	0.03190	0.68631	0.01769	0.02684	0.01497	0.02264	0.02036	0.01345	0.02108	0.01141	0.01341	0.00810	0.00613	0.00598	0.00204	0.00922	0.00468	0.00282	0.00936
2	0.01901	0.59315	0.07898	0.01164	0.01735	0.02206	0.01166	0.02153	0.01409	0.14063	0.01202	0.01260	0.00962	0.00600	0.00469	0.00153	0.00685	0.00407	0.00367	0.00885
3	0.00811	0.00580	0.00771	0.00884	0.00942	0.00540	0.00602	0.00958	0.01346	0.01822	0.16303	0.63636	0.04608	0.01895	0.00813	0.00252	0.00362	0.01714	0.00620	0.00540
4	0.01119	0.00616	0.00663	0.00653	0.00786	0.00607	0.00473	0.01385	0.01392	0.02303	0.15108	0.03072	0.02555	0.10090	0.00851	0.00218	0.00341	0.00747	0.56443	0.00578
5	0.02139	0.01757	0.01754	0.01438	0.01884	0.07790	0.01154	0.40492	0.28473	0.03363	0.01905	0.01838	0.01400	0.00804	0.00645	0.00201	0.00674	0.00623	0.00625	0.01042
6	0.02630	0.01157	0.01493	0.01175	0.01644	0.01076	0.00960	0.07105	0.10392	0.57912	0.05594	0.02302	0.01813	0.00830	0.00655	0.00202	0.00544	0.00678	0.00770	0.01069
7	0.01930	0.02119	0.01753	0.01550	0.01911	0.33263	0.05490	0.02899	0.34563	0.02148	0.01870	0.02013	0.01482	0.00799	0.00640	0.00199	0.00834	0.03164	0.00494	0.00879
8	0.00819	0.00629	0.00750	0.00779	0.00922	0.00560	0.00562	0.01013	0.01516	0.01988	0.26935	0.26987	0.30908	0.01652	0.00781	0.00227	0.00334	0.01443	0.00636	0.00560
9	0.02332	0.02413	0.01826	0.01558	0.01961	0.39423	0.01214	0.27625	0.10746	0.02623	0.01397	0.01456	0.01067	0.00731	0.00615	0.00183	0.00921	0.00514	0.00486	0.00909
10	0.01417	0.00961	0.01157	0.01104	0.01315	0.00991	0.00836	0.17799	0.06074	0.07225	0.02819	0.39070	0.02983	0.01565	0.00856	0.04502	0.00505	0.07486	0.00611	0.00724
11	0.01367	0.01025	0.01266	0.01177	0.01418	0.01057	0.03343	0.22391	0.01861	0.02462	0.03086	0.32580	0.08658	0.01516	0.00776	0.00243	0.00540	0.13905	0.00603	0.00726
