[name]
unknown

[dist]
# distance from previous block
# <min> <max>
0	277

[block]
# block no. 0 follows, 32 sequences, length 54
# corresponding to MSA columns:
# 280-333
name=unknown_A
#
# <colnr> <probs for GDERKNQSTAVLIFYWHMCP>
#	G	D	E	R	K	N	Q	S	T	A	V	L	I	F	Y	W	H	M	C	P
0	0.01131	0.00701	0.00930	0.01011	0.01150	0.00651	0.00761	0.01313	0.01441	0.10017	0.03822	0.45314	0.10074	0.01861	0.00846	0.00269	0.00459	0.16971	0.00646	0.00633
1	0.76833	0.01330	0.01043	0.00919	0.01341	0.01537	0.00757	0.05716	0.01253	0.03078	0.00972	0.01119	0.00749	0.00633	0.00429	0.00207	0.00531	0.00377	0.00429	0.00749
2	0.01391	0.01193	0.01391	0.00994	0.01590	0.00894	0.00795	0.01690	0.01391	0.02186	0.01193	0.01391	0.00994	0.00497	0.00497	0.00099	0.00497	0.00398	0.00398	0.80521
3	0.01452	0.14026	0.02359	0.29964	0.12461	0.01635	0.07608	0.05519	0.01511	0.01970	0.04018	0.06039	0.05223	0.00813	0.00698	0.00210	0.02588	0.00711	0.00375	0.00819
4	0.01520	0.07660	0.31353	0.01704	0.06173	0.01483	0.05329	0.07084	0.03161	0.02283	0.01258	0.01459	0.00965	0.00602	0.00593	0.00172	0.00786	0.00491	0.00363	0.25560
5	0.54771	0.07648	0.05240	0.05144	0.01713	0.10010	0.00999	0.04007	0.01331	0.02654	0.00994	0.01174	0.00781	0.00636	0.00472	0.00199	0.00667	0.00398	0.00391	0.00770
6	0.00959	0.00837	0.04838	0.00885	0.01090	0.00679	0.00717	0.01278	0.01810	0.02538	0.60162	0.04912	0.11313	0.03997	0.00875	0.00228	0.00367	0.01182	0.00692	0.00639
7	0.01978	0.05850	0.01900	0.01553	0.03918	0.09232	0.03582	0.17729	0.32967	0.05705	0.04222	0.02076	0.01670	0.00846	0.00723	0.00212	0.03562	0.00670	0.00594	0.01011
8	0.00959	0.00719	0.01078	0.01078	0.01198	0.00839	0.00839	0.01198	0.01078	0.01558	0.01797	0.02636	0.01677	0.05032	0.73760	0.01078	0.01797	0.00719	0.00359	0.00599
9	0.01391	0.01193	0.01391	0.00994	0.01590	0.00894	0.00795	0.01690	0.01391	0.02186	0.01193	0.01391	0.00994	0.00497	0.00497	0.00099	0.00497	0.00398	0.00398	0.80521
10	0.00818	0.00644	0.00740	0.00807	0.00953	0.00567	0.00579	0.00975	0.01442	0.01806	0.07479	0.34670	0.40189	0.01858	0.00823	0.00248	0.00369	0.03846	0.00626	0.00562
11	0.01534	0.01493	0.04027	0.16389	0.14252	0.03742	0.13236	0.09919	0.06836	0.02330	0.07095	0.04618	0.07986	0.00872	0.00751	0.00218	0.02581	0.00793	0.00455	0.00872
12	0.00963	0.00695	0.00916	0.00884	0.01042	0.00647	0.00678	0.01279	0.01864	0.02622	0.64984	0.05270	0.06082	0.01420	0.00805	0.00221	0.00347	0.07925	0.00726	0.00632
13	0.01346	0.01217	0.02115	0.01935	0.11139	0.01161	0.21728	0.04269	0.01583	0.04613	0.08694	0.19264	0.11205	0.01156	0.00802	0.00227	0.02348	0.01102	0.00503	0.03592
14	0.00971	0.00715	0.01060	0.01060	0.01181	0.00830	0.00824	0.01213	0.01092	0.01596	0.01813	0.02630	0.01679	0.04858	0.70756	0.01041	0.01736	0.00715	0.03629	0.00600
15	0.01251	0.00625	0.00625	0.00625	0.00782	0.00625	0.00469	0.01563	0.01407	0.02502	0.02189	0.02502	0.01720	0.00782	0.00469	0.00156	0.00313	0.00625	0.80144	0.00625
16	0.81159	0.01298	0.00986	0.00882	0.01298	0.01505	0.00727	0.01972	0.01142	0.03010	0.00934	0.01090	0.00727	0.00623	0.00415	0.00208	0.00519	0.00363	0.00415	0.00727
17	0.02311	0.02873	0.01930	0.01735	0.02016	0.60249	0.01329	0.02479	0.01737	0.01637	0.01008	0.01259	0.00867	0.00782	0.00905	0.00196	0.15121	0.00461	0.00336	0.00770
18	0.01251	0.00625	0.00625	0.00625	0.00782	0.00625	0.00469	0.01563	0.01407	0.02502	0.02189	0.02502	0.01720	0.00782	0.00469	0.00156	0.00313	0.00625	0.80144	0.00625
19	0.02346	0.01778	0.01899	0.01502	0.02003	0.01985	0.01226	0.54594	0.18889	0.03899	0.01871	0.01818	0.01351	0.00830	0.00674	0.00207	0.00690	0.00640	0.00674	0.01123
20	0.00951	0.00679	0.00932	0.01087	0.01185	0.00660	0.00855	0.01166	0.01417	0.01863	0.03624	0.41284	0.04146	0.01976	0.00892	0.00291	0.00505	0.35285	0.00620	0.00582
21	0.01391	0.01193	0.01391	0.00994	0.01590	0.00894	0.00795	0.01690	0.01391	0.02186	0.01193	0.01391	0.00994	0.00497	0.00497	0.00099	0.00497	0.00398	0.00398	0.80521
22	0.00808	0.00655	0.00717	0.00755	0.00929	0.00564	0.00546	0.00972	0.01485	0.01834	0.09476	0.24604	0.50740	0.01787	0.00810	0.00238	0.00352	0.01534	0.00629	0.00564
23	0.01346	0.03471	0.72942	0.01912	0.02904	0.01558	0.02479	0.02125	0.01417	0.02125	0.01204	0.01417	0.00850	0.00637	0.00637	0.00212	0.00992	0.00496	0.00283	0.00992
24	0.00959	0.00719	0.01078	0.01078	0.01198	0.00839	0.00839	0.01198	0.01078	0.01558	0.01797	0.02636	0.01677	0.05032	0.73760	0.01078	0.01797	0.00719	0.00359	0.00599
25	0.01251	0.00625	0.00625	0.00625	0.00782	0.00625	0.00469	0.01563	0.01407	0.02502	0.02189	0.02502	0.01720	0.00782	0.00469	0.00156	0.00313	0.00625	0.80144	0.00625
26	0.01346	0.03471	0.72942	0.01912	0.02904	0.01558	0.02479	0.02125	0.01417	0.02125	0.01204	0.01417	0.00850	0.00637	0.00637	0.00212	0.00992	0.00496	0.00283	0.00992
27	0.01011	0.00799	0.01093	0.01088	0.01211	0.03271	0.00838	0.01240	0.01102	0.01551	0.01783	0.02651	0.01678	0.07457	0.68780	0.01033	0.01736	0.00719	0.00361	0.00598
28	0.01110	0.00936	0.01201	0.01167	0.01307	0.04975	0.00911	0.01430	0.04873	0.01632	0.01755	0.02486	0.01609	0.04359	0.61862	0.00940	0.05736	0.00698	0.00372	0.00641
29	0.01402	0.01227	0.01533	0.01095	0.01696	0.00939	0.04605	0.01715	0.01402	0.02184	0.01202	0.01414	0.00995	0.00501	0.00513	0.00106	0.00532	0.00419	0.00394	0.76125
30	0.01411	0.14138	0.62846	0.01801	0.02732	0.01718	0.02286	0.02108	0.01409	0.02045	0.01165	0.01367	0.00852	0.00628	0.00607	0.00202	0.00952	0.00476	0.00284	0.00973
31	0.01098	0.00777	0.01130	0.01094	0.01219	0.00899	0.00846	0.01314	0.01112	0.05356	0.01818	0.02695	0.01694	0.10393	0.60173	0.00954	0.05691	0.00730	0.00385	0.00620
32	0.01564	0.31334	0.44477	0.01601	0.02420	0.01960	0.01930	0.02113	0.01411	0.03925	0.01142	0.01312	0.00877	0.00619	0.00560	0.00186	0.00875	0.00449	0.00300	0.00946
33	0.01661	0.01594	0.02724	0.04119	0.72233	0.01594	0.02059	0.02059	0.01528	0.02192	0.01262	0.01661	0.01063	0.00598	0.00664	0.00199	0.00797	0.00598	0.00332	0.01063
34	0.01251	0.00625	0.00625	0.00625	0.00782	0.00625	0.00469	0.01563	0.01407	0.02502	0.02189	0.02502	0.01720	0.00782	0.00469	0.00156	0.00313	0.00625	0.80144	0.00625
35	0.01644	0.01577	0.02693	0.07133	0.69350	0.01590	0.02051	0.02045	0.01520	0.02172	0.01259	0.01666	0.01056	0.00601	0.00665	0.00200	0.00801	0.00598	0.00331	0.01049
36	0.01960	0.06321	0.05572	0.02198	0.07760	0.01498	0.33110	0.02379	0.01625	0.22139	0.01782	0.05380	0.01346	0.00737	0.00764	0.00217	0.03012	0.00753	0.00485	0.00963
37	0.01166	0.00583	0.00874	0.00874	0.00874	0.00583	0.00583	0.00874	0.00874	0.01166	0.01166	0.02040	0.01166	0.02331	0.02622	0.80478	0.00583	0.00583	0.00291	0.00291
38	0.00818	0.00584	0.00779	0.00934	0.00973	0.00545	0.00623	0.00934	0.01285	0.01713	0.03698	0.75981	0.04438	0.02102	0.00856	0.00273	0.00389	0.01908	0.00623	0.00545
39	0.01414	0.03375	0.70017	0.01883	0.02855	0.01535	0.02418	0.02172	0.01437	0.05017	0.01263	0.01452	0.00883	0.00645	0.00639	0.00212	0.00974	0.00503	0.00306	0.00998
40	0.01478	0.01402	0.02377	0.31108	0.43596	0.01515	0.01930	0.01884	0.01447	0.01991	0.01328	0.04533	0.01126	0.00683	0.00674	0.00211	0.00819	0.00647	0.00330	0.00921
41	0.02322	0.02891	0.01929	0.01734	0.02019	0.61022	0.01327	0.02491	0.01747	0.01637	0.01009	0.01256	0.00867	0.00777	0.00888	0.00194	0.14323	0.00460	0.00336	0.00770
42	0.00874	0.00626	0.00828	0.00969	0.01035	0.00593	0.00691	0.01022	0.01325	0.01749	0.03706	0.56854	0.06831	0.06028	0.01004	0.00298	0.00444	0.13963	0.00610	0.00552
43	0.01391	0.01193	0.01391	0.00994	0.01590	0.00894	0.00795	0.01690	0.01391	0.02186	0.01193	0.01391	0.00994	0.00497	0.00497	0.00099	0.00497	0.00398	0.00398	0.80521
44	0.02049	0.19738	0.10444	0.01428	0.01972	0.08134	0.01307	0.21760	0.14542	0.07422	0.01775	0.01773	0.03252	0.00768	0.00611	0.00192	0.00743	0.00575	0.00519	0.00995
45	0.01398	0.10824	0.63895	0.01862	0.02803	0.01673	0.04336	0.02114	0.01416	0.02071	0.01181	0.01394	0.00856	0.00629	0.00621	0.00206	0.00968	0.00491	0.00285	0.00976
46	0.00976	0.00651	0.00732	0.00732	0.00732	0.00651	0.00407	0.00976	0.00976	0.01301	0.02114	0.04391	0.02439	0.76419	0.03415	0.00651	0.00651	0.00976	0.00407	0.00407
47	0.01537	0.03129	0.61480	0.01886	0.02810	0.01505	0.06036	0.02249	0.01480	0.09693	0.01367	0.01531	0.00946	0.00654	0.00650	0.00213	0.00954	0.00531	0.00345	0.01003
48	0.01517	0.01460	0.02522	0.29359	0.45108	0.01562	0.04878	0.01940	0.01464	0.02019	0.01241	0.01713	0.01001	0.00623	0.00672	0.00209	0.00846	0.00606	0.00320	0.00943
49	0.00966	0.00718	0.00905	0.00930	0.01078	0.00686	0.00704	0.01297	0.05350	0.02237	0.33296	0.19673	0.12890	0.04312	0.00915	0.00258	0.00406	0.12093	0.00667	0.00620
50	0.01477	0.01400	0.02039	0.02844	0.42759	0.06586	0.01532	0.01819	0.01634	0.02240	0.18919	0.06995	0.02647	0.00929	0.00712	0.00208	0.00679	0.03230	0.00461	0.00889
51	0.09729	0.00886	0.01140	0.01421	0.13650	0.00859	0.00873	0.01304	0.01454	0.02076	0.10661	0.24816	0.23365	0.01475	0.00752	0.00234	0.00462	0.03609	0.00560	0.00674
52	0.16531	0.04750	0.16034	0.01351	0.04684	0.03162	0.01206	0.02062	0.11794	0.06099	0.08642	0.14268	0.04716	0.01029	0.00652	0.00219	0.00612	0.00847	0.00511	0.00830
53	0.14682	0.22257	0.25335	0.01459	0.02124	0.01872	0.03823	0.10429	0.03607	0.04898	0.02973	0.01460	0.01072	0.00669	0.00562	0.00193	0.00771	0.00492	0.00397	0.00927

[dist]
# distance from previous block
# <min> <max>
2	26

[block]
# block no. 1 follows, 32 sequences, length 23
# corresponding to MSA columns:
# 360-382
name=unknown_B
#
# <colnr> <probs for GDERKNQSTAVLIFYWHMCP>
#	G	D	E	R	K	N	Q	S	T	A	V	L	I	F	Y	W	H	M	C	P
0	0.24594	0.16769	0.11579	0.01242	0.01780	0.06822	0.01175	0.05262	0.03572	0.16788	0.03634	0.01571	0.01203	0.00702	0.00546	0.00193	0.00687	0.00498	0.00480	0.00903
1	0.35113	0.24790	0.07630	0.01141	0.01663	0.04102	0.01069	0.04710	0.03296	0.09392	0.01202	0.01291	0.00926	0.00646	0.00486	0.00187	0.00653	0.00425	0.00421	0.00856
2	0.51083	0.01593	0.10415	0.01220	0.01743	0.01455	0.06206	0.02246	0.03504	0.13079	0.01308	0.01405	0.00943	0.00660	0.00518	0.00210	0.00633	0.00471	0.00462	0.00845
3	0.36837	0.01649	0.11903	0.01231	0.01747	0.03372	0.02964	0.02456	0.09440	0.17599	0.03746	0.01698	0.01280	0.00726	0.00561	0.00210	0.00631	0.00534	0.00521	0.00896
4	0.05395	0.27017	0.35794	0.01516	0.02260	0.01877	0.01736	0.02280	0.06676	0.07656	0.01333	0.01441	0.01003	0.00652	0.00566	0.00190	0.00812	0.00479	0.00364	0.00954
5	0.07940	0.42867	0.29764	0.01418	0.02139	0.02146	0.01622	0.02050	0.01366	0.01901	0.01036	0.01207	0.00846	0.00602	0.00508	0.00175	0.00806	0.00411	0.00296	0.00900
6	0.01543	0.20355	0.52822	0.01695	0.02563	0.01781	0.02086	0.02163	0.01433	0.05968	0.01222	0.01386	0.00898	0.00634	0.00592	0.00196	0.00904	0.00474	0.00315	0.00970
7	0.01661	0.01594	0.02724	0.04119	0.72233	0.01594	0.02059	0.02059	0.01528	0.02192	0.01262	0.01661	0.01063	0.00598	0.00664	0.00199	0.00797	0.00598	0.00332	0.01063
8	0.01615	0.01548	0.02641	0.12289	0.64418	0.01582	0.02037	0.02019	0.01506	0.02137	0.01254	0.01676	0.01043	0.00606	0.00665	0.00202	0.00808	0.00598	0.00328	0.01026
9	0.01274	0.01193	0.01978	0.70654	0.04451	0.01457	0.01803	0.01713	0.01344	0.01741	0.01193	0.01767	0.00900	0.00661	0.00661	0.00217	0.00872	0.00585	0.00304	0.05233
10	0.01584	0.01810	0.03959	0.02828	0.03507	0.01697	0.69796	0.02149	0.01584	0.02149	0.01357	0.01810	0.01018	0.00566	0.00792	0.00226	0.01131	0.00792	0.00339	0.00905
11	0.01661	0.01594	0.02724	0.04119	0.72233	0.01594	0.02059	0.02059	0.01528	0.02192	0.01262	0.01661	0.01063	0.00598	0.00664	0.00199	0.00797	0.00598	0.00332	0.01063
12	0.01267	0.01193	0.02013	0.74806	0.04621	0.01491	0.01863	0.01714	0.01342	0.01714	0.01193	0.01789	0.00894	0.00671	0.00671	0.00224	0.00894	0.00596	0.00298	0.00745
13	0.81159	0.01298	0.00986	0.00882	0.01298	0.01505	0.00727	0.01972	0.01142	0.03010	0.00934	0.01090	0.00727	0.00623	0.00415	0.00208	0.00519	0.00363	0.00415	0.00727
14	0.81159	0.01298	0.00986	0.00882	0.01298	0.01505	0.00727	0.01972	0.01142	0.03010	0.00934	0.01090	0.00727	0.00623	0.00415	0.00208	0.00519	0.00363	0.00415	0.00727
15	0.01661	0.01594	0.02724	0.04119	0.72233	0.01594	0.02059	0.02059	0.01528	0.02192	0.01262	0.01661	0.01063	0.00598	0.00664	0.00199	0.00797	0.00598	0.00332	0.01063
16	0.81159	0.01298	0.00986	0.00882	0.01298	0.01505	0.00727	0.01972	0.01142	0.03010	0.00934	0.01090	0.00727	0.00623	0.00415	0.00208	0.00519	0.00363	0.00415	0.00727
17	0.00981	0.00717	0.00952	0.01054	0.01201	0.00688	0.00864	0.01243	0.01557	0.02042	0.14595	0.17781	0.13327	0.01798	0.00877	0.00277	0.00499	0.38308	0.00638	0.00602
18	0.06966	0.00716	0.00885	0.00978	0.01115	0.00697	0.00753	0.01187	0.01449	0.02019	0.11480	0.33799	0.12399	0.01787	0.00829	0.00266	0.00452	0.21011	0.00619	0.00593
19	0.07621	0.01536	0.02528	0.10264	0.60772	0.01578	0.01941	0.02022	0.01482	0.02211	0.01231	0.01629	0.01022	0.00606	0.00646	0.00202	0.00785	0.00580	0.00335	0.01009
20	0.02122	0.01253	0.01467	0.01208	0.01634	0.01266	0.00968	0.12693	0.21563	0.27805	0.09109	0.02846	0.08522	0.00967	0.00692	0.00211	0.00538	0.00795	0.00724	0.03617
21	0.01667	0.01651	0.02575	0.13171	0.58637	0.06498	0.01982	0.02057	0.01529	0.02092	0.01238	0.01647	0.01027	0.00614	0.00661	0.00201	0.00838	0.00586	0.00329	0.01002
22	0.01663	0.01511	0.02559	0.14938	0.58444	0.01550	0.01979	0.02063	0.01517	0.05427	0.01316	0.01710	0.01065	0.00620	0.00666	0.00203	0.00802	0.00601	0.00350	0.01017

[dist]
# distance from previous block
# <min> <max>
3	6

[block]
# block no. 2 follows, 32 sequences, length 24
# corresponding to MSA columns:
# 389-412
name=unknown_C
#
# <colnr> <probs for GDERKNQSTAVLIFYWHMCP>
#	G	D	E	R	K	N	Q	S	T	A	V	L	I	F	Y	W	H	M	C	P
0	0.18977	0.00976	0.01157	0.01149	0.06166	0.00975	0.00818	0.01848	0.03736	0.13955	0.33794	0.05539	0.06158	0.01085	0.00680	0.00212	0.00445	0.00911	0.00645	0.00773
1	0.01658	0.01486	0.06437	0.01141	0.01733	0.05784	0.00976	0.02028	0.03736	0.10304	0.01401	0.01520	0.01086	0.00571	0.00540	0.00129	0.00588	0.00450	0.00445	0.57985
2	0.01590	0.01522	0.02596	0.16768	0.60134	0.01576	0.02024	0.01998	0.01495	0.02107	0.01250	0.01684	0.01033	0.00611	0.00665	0.00204	0.00815	0.00598	0.00326	0.01006
3	0.01352	0.01320	0.02417	0.21069	0.21820	0.01358	0.18677	0.01742	0.01440	0.01952	0.01814	0.18387	0.01765	0.00945	0.00741	0.00229	0.00814	0.00940	0.00390	0.00826
4	0.00890	0.00684	0.00815	0.00782	0.00966	0.00608	0.00587	0.01152	0.01760	0.02359	0.47292	0.05558	0.31125	0.01496	0.00792	0.00217	0.00325	0.01290	0.00695	0.00608
5	0.01532	0.01256	0.01714	0.01417	0.01782	0.01345	0.13989	0.04698	0.32431	0.02596	0.02242	0.02347	0.01713	0.00924	0.02794	0.00230	0.00623	0.00718	0.24760	0.00888
6	0.00902	0.00663	0.00846	0.00845	0.00985	0.00606	0.00617	0.01158	0.01720	0.02373	0.49269	0.20905	0.13477	0.01571	0.00806	0.00226	0.00335	0.01391	0.00700	0.00606
7	0.02391	0.01730	0.01882	0.01467	0.01942	0.01908	0.01195	0.62018	0.02892	0.03875	0.01560	0.01660	0.01144	0.00982	0.00896	0.09466	0.00720	0.00602	0.00627	0.01043
8	0.01267	0.01193	0.02013	0.74806	0.04621	0.01491	0.01863	0.01714	0.01342	0.01714	0.01193	0.01789	0.00894	0.00671	0.00671	0.00224	0.00894	0.00596	0.00298	0.00745
9	0.02972	0.01203	0.01595	0.01223	0.01743	0.01077	0.01010	0.08795	0.02023	0.67029	0.02561	0.02228	0.01618	0.00828	0.00674	0.00207	0.00585	0.00669	0.00817	0.01142
10	0.01835	0.01179	0.01437	0.01049	0.01624	0.00920	0.00847	0.02123	0.01536	0.21519	0.01591	0.01636	0.01177	0.00588	0.00546	0.00129	0.00517	0.00474	0.00516	0.58757
11	0.01267	0.01193	0.02013	0.74806	0.04621	0.01491	0.01863	0.01714	0.01342	0.01714	0.01193	0.01789	0.00894	0.00671	0.00671	0.00224	0.00894	0.00596	0.00298	0.00745
12	0.81159	0.01298	0.00986	0.00882	0.01298	0.01505	0.00727	0.01972	0.01142	0.03010	0.00934	0.01090	0.00727	0.00623	0.00415	0.00208	0.00519	0.00363	0.00415	0.00727
13	0.01615	0.01548	0.02641	0.12277	0.64430	0.01582	0.02037	0.02019	0.01506	0.02137	0.01254	0.01675	0.01043	0.00606	0.00665	0.00202	0.00808	0.00598	0.00328	0.01026
14	0.01597	0.01529	0.02609	0.15526	0.61322	0.01578	0.02028	0.02004	0.01498	0.02115	0.01251	0.01681	0.01036	0.00610	0.00665	0.00203	0.00813	0.00598	0.00327	0.01012
15	0.01661	0.01594	0.02724	0.04119	0.72233	0.01594	0.02059	0.02059	0.01528	0.02192	0.01262	0.01661	0.01063	0.00598	0.00664	0.00199	0.00797	0.00598	0.00332	0.01063
16	0.02479	0.01823	0.01955	0.01507	0.02019	0.02015	0.01236	0.66835	0.03055	0.04095	0.01634	0.01738	0.01201	0.04268	0.00797	0.00222	0.00734	0.00621	0.00659	0.01107
17	0.00950	0.00686	0.00897	0.00844	0.01002	0.00633	0.00633	0.01266	0.01899	0.02691	0.71879	0.05012	0.06331	0.01372	0.00791	0.00211	0.00317	0.01213	0.00739	0.00633
18	0.01669	0.01441	0.01517	0.01365	0.01745	0.01669	0.01062	0.03565	0.71021	0.02807	0.02731	0.02503	0.02048	0.00910	0.00683	0.00228	0.00531	0.00759	0.00683	0.01062
19	0.00950	0.00686	0.00897	0.00844	0.01002	0.00633	0.00633	0.01266	0.01899	0.02691	0.71879	0.05012	0.06331	0.01372	0.00791	0.00211	0.00317	0.01213	0.00739	0.00633
20	0.00932	0.00685	0.00872	0.00825	0.00991	0.00625	0.00619	0.01231	0.01857	0.02589	0.64368	0.05179	0.13906	0.01410	0.00792	0.00213	0.00319	0.01237	0.00725	0.00625
21	0.01829	0.01505	0.01599	0.01383	0.01787	0.01716	0.01091	0.17708	0.53745	0.03107	0.05227	0.02411	0.02023	0.00906	0.00685	0.00221	0.00567	0.00744	0.00682	0.01062
22	0.81159	0.01298	0.00986	0.00882	0.01298	0.01505	0.00727	0.01972	0.01142	0.03010	0.00934	0.01090	0.00727	0.00623	0.00415	0.00208	0.00519	0.00363	0.00415	0.00727
23	0.00843	0.00602	0.00808	0.00964	0.01014	0.00567	0.00668	0.00979	0.01310	0.01742	0.03684	0.69238	0.04381	0.02078	0.00863	0.00276	0.00412	0.08394	0.00622	0.00552

[dist]
# distance from previous block
# <min> <max>
0	3

[block]
# block no. 3 follows, 32 sequences, length 61
# corresponding to MSA columns:
# 423-483
name=unknown_D
#
# <colnr> <probs for GDERKNQSTAVLIFYWHMCP>
#	G	D	E	R	K	N	Q	S	T	A	V	L	I	F	Y	W	H	M	C	P
0	0.10182	0.57572	0.05295	0.01380	0.06623	0.06051	0.01216	0.02047	0.01381	0.01793	0.00970	0.01136	0.00861	0.00589	0.00461	0.00158	0.00736	0.00384	0.00307	0.00861
1	0.00809	0.00680	0.00702	0.00697	0.00916	0.00573	0.00523	0.00994	0.01568	0.01904	0.13560	0.06307	0.65141	0.01665	0.00793	0.00225	0.00337	0.01395	0.00635	0.00573
2	0.01794	0.76823	0.03516	0.01148	0.01722	0.02655	0.01148	0.02009	0.01363	0.01579	0.00933	0.01076	0.00861	0.00574	0.00431	0.00144	0.00718	0.00359	0.00287	0.00861
3	0.00818	0.00584	0.00779	0.00934	0.00973	0.00545	0.00623	0.00934	0.01285	0.01713	0.03698	0.75981	0.04438	0.02102	0.00856	0.00273	0.00389	0.01908	0.00623	0.00545
4	0.01633	0.01566	0.02674	0.09021	0.67544	0.01587	0.02046	0.02035	0.01515	0.02159	0.01257	0.01670	0.01051	0.00603	0.00665	0.00201	0.00804	0.00598	0.00330	0.01041
5	0.01399	0.00804	0.01052	0.00937	0.01175	0.00740	0.00721	0.01753	0.04277	0.17190	0.53346	0.06216	0.05165	0.01263	0.00765	0.00213	0.00379	0.01104	0.00753	0.00751
6	0.03010	0.01142	0.01557	0.01194	0.01713	0.00986	0.00986	0.03270	0.01920	0.72698	0.02647	0.02284	0.01661	0.00830	0.00675	0.00208	0.00571	0.00675	0.00830	0.01142
7	0.02831	0.01333	0.01663	0.01286	0.01802	0.01282	0.01059	0.19133	0.05836	0.52773	0.02405	0.02136	0.01558	0.00829	0.00674	0.00207	0.00609	0.00662	0.00785	0.01138
8	0.01661	0.01594	0.02724	0.04119	0.72233	0.01594	0.02059	0.02059	0.01528	0.02192	0.01262	0.01661	0.01063	0.00598	0.00664	0.00199	0.00797	0.00598	0.00332	0.01063
9	0.00991	0.00660	0.00763	0.00773	0.00792	0.00664	0.00467	0.01028	0.01031	0.01393	0.02207	0.04506	0.02495	0.66985	0.05143	0.00624	0.00671	0.05587	0.02787	0.00433
10	0.00976	0.00651	0.00732	0.00732	0.00732	0.00651	0.00407	0.00976	0.00976	0.01301	0.02114	0.04391	0.02439	0.76419	0.03415	0.00651	0.00651	0.00976	0.00407	0.00407
11	0.75555	0.01286	0.01027	0.00905	0.01327	0.01468	0.00745	0.02065	0.01198	0.08007	0.01057	0.01176	0.00794	0.00638	0.00434	0.00208	0.00523	0.00386	0.00445	0.00756
12	0.01899	0.01568	0.01722	0.01457	0.01886	0.01778	0.03188	0.21029	0.51045	0.03162	0.02394	0.02247	0.01778	0.00872	0.00683	0.00221	0.00604	0.00719	0.00669	0.01078
13	0.01576	0.01508	0.02571	0.19284	0.57727	0.01572	0.02017	0.01985	0.01488	0.02090	0.01247	0.01688	0.01027	0.00614	0.00666	0.00205	0.00818	0.00598	0.00325	0.00995
14	0.00976	0.00651	0.00732	0.00732	0.00732	0.00651	0.00407	0.00976	0.00976	0.01301	0.02114	0.04391	0.02439	0.76419	0.03415	0.00651	0.00651	0.00976	0.00407	0.00407
15	0.02978	0.01195	0.01590	0.01219	0.01739	0.01065	0.01007	0.08054	0.02009	0.67789	0.02573	0.02236	0.01624	0.00829	0.00675	0.00207	0.00583	0.00670	0.00819	0.01142
16	0.01251	0.00625	0.00625	0.00625	0.00782	0.00625	0.00469	0.01563	0.01407	0.02502	0.02189	0.02502	0.01720	0.00782	0.00469	0.00156	0.00313	0.00625	0.80144	0.00625
17	0.81159	0.01298	0.00986	0.00882	0.01298	0.01505	0.00727	0.01972	0.01142	0.03010	0.00934	0.01090	0.00727	0.00623	0.00415	0.00208	0.00519	0.00363	0.00415	0.00727
18	0.02583	0.01828	0.01982	0.01520	0.02055	0.02005	0.01255	0.65368	0.03069	0.08977	0.01683	0.01658	0.01177	0.00807	0.00671	0.00202	0.00727	0.00609	0.00682	0.01141
19	0.02551	0.01879	0.02014	0.01544	0.02081	0.02081	0.01275	0.69996	0.03155	0.04229	0.01611	0.01611	0.01141	0.00805	0.00671	0.00201	0.00738	0.00604	0.00671	0.01141
20	0.00950	0.00686	0.00897	0.00844	0.01002	0.00633	0.00633	0.01266	0.01899	0.02691	0.71879	0.05012	0.06331	0.01372	0.00791	0.00211	0.00317	0.01213	0.00739	0.00633
21	0.01669	0.01441	0.01517	0.01365	0.01745	0.01669	0.01062	0.03565	0.71021	0.02807	0.02731	0.02503	0.02048	0.00910	0.00683	0.00228	0.00531	0.00759	0.00683	0.01062
22	0.81159	0.01298	0.00986	0.00882	0.01298	0.01505	0.00727	0.01972	0.01142	0.03010	0.00934	0.01090	0.00727	0.00623	0.00415	0.00208	0.00519	0.00363	0.00415	0.00727
23	0.01720	0.64645	0.15042	0.01275	0.01918	0.02473	0.01369	0.02028	0.01372	0.01669	0.00978	0.01133	0.00859	0.00585	0.00465	0.00155	0.00763	0.00382	0.00286	0.00883
24	0.01794	0.76823	0.03516	0.01148	0.01722	0.02655	0.01148	0.02009	0.01363	0.01579	0.00933	0.01076	0.00861	0.00574	0.00431	0.00144	0.00718	0.00359	0.00287	0.00861
25	0.01346	0.03471	0.72942	0.01912	0.02904	0.01558	0.02479	0.02125	0.01417	0.02125	0.01204	0.01417	0.00850	0.00637	0.00637	0.00212	0.00992	0.00496	0.00283	0.00992
26	0.00793	0.00680	0.00680	0.00680	0.00906	0.00566	0.00510	0.00963	0.01529	0.01813	0.06797	0.06457	0.71961	0.01699	0.00793	0.00227	0.00340	0.01416	0.00623	0.00566
27	0.00950	0.00686	0.00897	0.00844	0.01002	0.00633	0.00633	0.01266	0.01899	0.02691	0.71879	0.05012	0.06331	0.01372	0.00791	0.00211	0.00317	0.01213	0.00739	0.00633
28	0.00804	0.00680	0.00695	0.00691	0.00913	0.00571	0.00518	0.00984	0.01555	0.01874	0.11311	0.06357	0.67409	0.01677	0.00793	0.00225	0.00338	0.01402	0.00631	0.00571
29	0.01584	0.01810	0.03959	0.02828	0.03507	0.01697	0.69796	0.02149	0.01584	0.02149	0.01357	0.01810	0.01018	0.00566	0.00792	0.00226	0.01131	0.00792	0.00339	0.00905
30	0.81159	0.01298	0.00986	0.00882	0.01298	0.01505	0.00727	0.01972	0.01142	0.03010	0.00934	0.01090	0.00727	0.00623	0.00415	0.00208	0.00519	0.00363	0.00415	0.00727
31	0.01794	0.76823	0.03516	0.01148	0.01722	0.02655	0.01148	0.02009	0.01363	0.01579	0.00933	0.01076	0.00861	0.00574	0.00431	0.00144	0.00718	0.00359	0.00287	0.00861
32	0.00945	0.00686	0.00890	0.00839	0.00999	0.00631	0.00629	0.01257	0.01888	0.02663	0.69843	0.05057	0.08384	0.01382	0.00791	0.00212	0.00317	0.01220	0.00735	0.00631
33	0.01661	0.01594	0.02724	0.04119	0.72233	0.01594	0.02059	0.02059	0.01528	0.02192	0.01262	0.01661	0.01063	0.00598	0.00664	0.00199	0.00797	0.00598	0.00332	0.01063
34	0.01794	0.76823	0.03516	0.01148	0.01722	0.02655	0.01148	0.02009	0.01363	0.01579	0.00933	0.01076	0.00861	0.00574	0.00431	0.00144	0.00718	0.00359	0.00287	0.00861
35	0.01678	0.57918	0.21409	0.01345	0.02027	0.02372	0.01491	0.02039	0.01377	0.01719	0.01003	0.01164	0.00858	0.00590	0.00484	0.00161	0.00788	0.00394	0.00286	0.00895
36	0.00818	0.00584	0.00779	0.00934	0.00973	0.00545	0.00623	0.00934	0.01285	0.01713	0.03698	0.75981	0.04438	0.02102	0.00856	0.00273	0.00389	0.01908	0.00623	0.00545
37	0.00949	0.00649	0.00742	0.00755	0.00778	0.00641	0.00444	0.00978	0.01043	0.01379	0.02566	0.10617	0.07411	0.62878	0.04979	0.00601	0.00639	0.01079	0.00439	0.00435
38	0.01686	0.61365	0.15500	0.01279	0.01909	0.02400	0.01369	0.02000	0.01363	0.01673	0.01011	0.01191	0.00888	0.00744	0.03073	0.00189	0.00804	0.00395	0.00289	0.00874
39	0.00881	0.00675	0.00800	0.00783	0.00955	0.00602	0.00578	0.01117	0.01686	0.02241	0.39838	0.10476	0.31539	0.03777	0.00874	0.00234	0.00341	0.01333	0.00676	0.00594
40	0.00793	0.00680	0.00680	0.00680	0.00906	0.00566	0.00510	0.00963	0.01529	0.01813	0.06797	0.06457	0.71961	0.01699	0.00793	0.00227	0.00340	0.01416	0.00623	0.00566
41	0.01391	0.01193	0.01391	0.00994	0.01590	0.00894	0.00795	0.01690	0.01391	0.02186	0.01193	0.01391	0.00994	0.00497	0.00497	0.00099	0.00497	0.00398	0.00398	0.80521
42	0.01372	0.07774	0.68869	0.01868	0.02835	0.01623	0.02401	0.02118	0.01414	0.02093	0.01188	0.01397	0.00851	0.00634	0.00625	0.00208	0.00976	0.00488	0.00284	0.00984
43	0.01661	0.01594	0.02724	0.04119	0.72233	0.01594	0.02059	0.02059	0.01528	0.02192	0.01262	0.01661	0.01063	0.00598	0.00664	0.00199	0.00797	0.00598	0.00332	0.01063
44	0.01166	0.00583	0.00874	0.00874	0.00874	0.00583	0.00583	0.00874	0.00874	0.01166	0.01166	0.02040	0.01166	0.02331	0.02622	0.80478	0.00583	0.00583	0.00291	0.00291
45	0.01558	0.01187	0.01408	0.01014	0.01603	0.00904	0.00815	0.01852	0.01446	0.09436	0.01342	0.01483	0.01062	0.00531	0.00515	0.00111	0.00505	0.00426	0.00442	0.72360
46	0.01399	0.05866	0.59747	0.02027	0.02955	0.01619	0.12858	0.02125	0.01441	0.02109	0.01218	0.01465	0.00876	0.00624	0.00654	0.00212	0.01003	0.00537	0.00292	0.00973
47	0.00820	0.00681	0.00717	0.00708	0.00923	0.00578	0.00531	0.01015	0.01593	0.01962	0.17905	0.06211	0.60760	0.01643	0.00793	0.00224	0.00336	0.01382	0.00643	0.00578
48	0.01847	0.64007	0.03320	0.01436	0.07792	0.02515	0.01237	0.07794	0.01530	0.01857	0.01019	0.01172	0.00902	0.00596	0.00471	0.00153	0.00726	0.00400	0.00324	0.00902
49	0.01264	0.04823	0.47596	0.01586	0.02325	0.01327	0.01874	0.01851	0.01399	0.02062	0.05363	0.08092	0.01545	0.01162	0.06862	0.00278	0.00915	0.00662	0.00355	0.08659
50	0.01696	0.63892	0.03153	0.01165	0.01641	0.02432	0.01112	0.01887	0.01302	0.01558	0.01030	0.01394	0.00998	0.07121	0.00837	0.00200	0.07044	0.00431	0.00298	0.00811
51	0.01550	0.01125	0.01292	0.01130	0.01380	0.01197	0.00855	0.27685	0.02029	0.02750	0.13353	0.16079	0.02853	0.15707	0.07577	0.00376	0.00684	0.01015	0.00597	0.00768
52	0.01014	0.00959	0.00855	0.00828	0.01077	0.06881	0.00624	0.01332	0.07513	0.01883	0.05959	0.05673	0.59928	0.01546	0.00768	0.00222	0.00430	0.01276	0.00605	0.00627
53	0.01649	0.19928	0.45101	0.01692	0.02495	0.08032	0.01974	0.07917	0.01594	0.02139	0.01163	0.01338	0.00878	0.00642	0.00591	0.00193	0.00927	0.00469	0.00322	0.00956
54	0.01843	0.64120	0.03311	0.01452	0.07791	0.08607	0.01239	0.02070	0.01423	0.01637	0.00970	0.01138	0.00879	0.00586	0.00465	0.00151	0.00766	0.00385	0.00296	0.00871
55	0.00914	0.07072	0.01007	0.00935	0.01016	0.00733	0.00649	0.01029	0.01265	0.01666	0.03327	0.63481	0.03963	0.08337	0.01039	0.00294	0.00440	0.01696	0.00576	0.00560
56	0.67470	0.01196	0.00986	0.00896	0.01264	0.01374	0.00728	0.01846	0.01201	0.02859	0.07040	0.01556	0.01285	0.01064	0.06729	0.00282	0.00611	0.00466	0.00438	0.00708
57	0.01755	0.63972	0.03324	0.01455	0.07765	0.02513	0.01253	0.01980	0.01349	0.01634	0.00957	0.01160	0.00880	0.00627	0.00601	0.00161	0.07057	0.00399	0.00291	0.00868
58	0.01420	0.01427	0.02832	0.02122	0.02595	0.01369	0.43711	0.04178	0.01591	0.02220	0.07762	0.12941	0.02029	0.00901	0.00807	0.00227	0.02834	0.00964	0.07260	0.00809
59	0.01611	0.01721	0.08624	0.03664	0.60289	0.01532	0.01988	0.02033	0.01507	0.02186	0.01251	0.01617	0.01039	0.00593	0.00648	0.00192	0.00788	0.00572	0.00334	0.07813
60	0.01373	0.01363	0.02003	0.68593	0.04405	0.07633	0.01815	0.01796	0.01389	0.01708	0.01179	0.01740	0.00892	0.00673	0.00665	0.00219	0.00921	0.00582	0.00302	0.00748

[dist]
# distance from previous block
# <min> <max>
0	19

# created by:
# /home/cegg/simao/soft/augustus-3.2.1/scripts/msa2prfl.pl ./align_prep/EOG090W0FSZ.fa
