[name]
unknown

[dist]
# distance from previous block
# <min> <max>
0	13

[block]
# block no. 0 follows, 35 sequences, length 109
# corresponding to MSA columns:
# 13-93,118-145
name=unknown_A
#
# <colnr> <probs for GDERKNQSTAVLIFYWHMCP>
#	G	D	E	R	K	N	Q	S	T	A	V	L	I	F	Y	W	H	M	C	P
0	0.02370	0.01693	0.01841	0.01429	0.01919	0.01857	0.01183	0.64853	0.02852	0.07514	0.01658	0.01816	0.01223	0.00809	0.00646	0.00195	0.00685	0.03760	0.00640	0.01056
1	0.02298	0.02757	0.01749	0.01580	0.01895	0.65310	0.01195	0.02468	0.01737	0.05559	0.01092	0.01269	0.00894	0.00861	0.03998	0.00208	0.03594	0.00438	0.00351	0.00745
2	0.02053	0.01662	0.01982	0.08099	0.11996	0.03773	0.01368	0.44444	0.04635	0.03155	0.01389	0.01546	0.01043	0.00762	0.00791	0.00202	0.09033	0.00568	0.00514	0.00984
3	0.01606	0.01677	0.02162	0.01774	0.01961	0.12261	0.12022	0.06922	0.01342	0.01820	0.03088	0.01510	0.01019	0.00937	0.01518	0.00243	0.46475	0.00582	0.00330	0.00750
4	0.00804	0.00614	0.00866	0.00943	0.01025	0.00568	0.03855	0.00939	0.01250	0.01648	0.03675	0.66962	0.10699	0.01884	0.00801	0.00251	0.00396	0.01710	0.00577	0.00533
5	0.04583	0.00642	0.00713	0.00716	0.00744	0.00649	0.00422	0.00968	0.00962	0.01343	0.02140	0.07785	0.04285	0.66232	0.04860	0.00578	0.00618	0.00947	0.00400	0.00414
6	0.00861	0.00639	0.00907	0.01010	0.01100	0.00608	0.03056	0.01034	0.01294	0.01708	0.03469	0.54688	0.05869	0.01868	0.00823	0.00264	0.00446	0.19234	0.00579	0.00545
7	0.01478	0.01387	0.02083	0.02833	0.47010	0.03415	0.01519	0.01897	0.05567	0.02092	0.04696	0.05051	0.01412	0.00663	0.00611	0.00175	0.00658	0.00615	0.00375	0.16461
8	0.02252	0.01568	0.01728	0.01339	0.01805	0.01685	0.01092	0.54508	0.02588	0.10380	0.01628	0.01755	0.01206	0.05244	0.03426	0.00239	0.00701	0.00590	0.00610	0.05655
9	0.71884	0.01186	0.00967	0.00852	0.01241	0.01344	0.00700	0.01937	0.01164	0.08583	0.03121	0.01254	0.00929	0.00628	0.00424	0.00195	0.00485	0.00395	0.01996	0.00714
10	0.00921	0.00620	0.00718	0.00718	0.00727	0.00629	0.00417	0.00939	0.00930	0.01249	0.01975	0.04019	0.02249	0.71882	0.08974	0.00647	0.00702	0.00903	0.00381	0.00399
11	0.01098	0.00904	0.01070	0.00869	0.01244	0.00719	0.00669	0.01346	0.01410	0.02057	0.15732	0.12139	0.11371	0.00959	0.00600	0.00150	0.00406	0.00822	0.00490	0.45946
12	0.01295	0.01225	0.01914	0.66256	0.07212	0.03561	0.01714	0.03730	0.03656	0.01741	0.01185	0.01687	0.00894	0.00643	0.00633	0.00209	0.00835	0.00565	0.00307	0.00739
13	0.02545	0.01073	0.01418	0.01111	0.01569	0.00958	0.00907	0.02923	0.07630	0.60491	0.07641	0.02335	0.01901	0.00818	0.00641	0.00194	0.00517	0.00672	0.00753	0.03904
14	0.01401	0.01200	0.01331	0.00974	0.01514	0.04202	0.00775	0.01677	0.01364	0.04307	0.02891	0.01416	0.01074	0.00508	0.00486	0.00103	0.00498	0.00404	0.00394	0.73480
15	0.03482	0.00642	0.00798	0.00882	0.00956	0.00633	0.00608	0.02449	0.01254	0.01710	0.05052	0.57522	0.10154	0.07052	0.00994	0.00274	0.02874	0.01571	0.00562	0.00533
16	0.20331	0.01478	0.02247	0.04398	0.09256	0.06821	0.26731	0.01991	0.01388	0.07465	0.01312	0.01621	0.01012	0.00922	0.06474	0.00263	0.00878	0.00585	0.04029	0.00799
17	0.02124	0.02647	0.01632	0.01511	0.01799	0.63697	0.01124	0.02281	0.01716	0.01566	0.01464	0.10468	0.03642	0.00846	0.00607	0.00176	0.01023	0.00607	0.00367	0.00702
18	0.82186	0.01227	0.00932	0.00834	0.01227	0.01423	0.00687	0.01865	0.01080	0.02846	0.00883	0.01031	0.00687	0.00589	0.00393	0.00196	0.00491	0.00344	0.00393	0.00687
19	0.00802	0.00627	0.00728	0.00740	0.00899	0.00552	0.00541	0.00998	0.01515	0.01965	0.27641	0.19485	0.38082	0.01580	0.00761	0.00218	0.00323	0.01367	0.00625	0.00552
20	0.82186	0.01227	0.00932	0.00834	0.01227	0.01423	0.00687	0.01865	0.01080	0.02846	0.00883	0.01031	0.00687	0.00589	0.00393	0.00196	0.00491	0.00344	0.00393	0.00687
21	0.01198	0.01128	0.01903	0.76180	0.04369	0.01409	0.01762	0.01621	0.01268	0.01621	0.01128	0.01691	0.00846	0.00634	0.00634	0.00211	0.00846	0.00564	0.00282	0.00705
22	0.00935	0.00722	0.01119	0.01069	0.01198	0.00816	0.04026	0.01157	0.01034	0.01479	0.01704	0.02592	0.01616	0.10522	0.65871	0.00949	0.01582	0.00703	0.00343	0.00565
23	0.00856	0.00648	0.00793	0.00774	0.00939	0.00584	0.00586	0.01108	0.01656	0.02235	0.47699	0.07681	0.25739	0.01435	0.00757	0.00211	0.00323	0.04743	0.00657	0.00576
24	0.11586	0.00820	0.00730	0.00697	0.00896	0.04183	0.00534	0.03576	0.01371	0.02417	0.01978	0.02222	0.03525	0.00742	0.00457	0.00158	0.00372	0.00572	0.62543	0.00623
25	0.01497	0.01711	0.03743	0.02674	0.03316	0.01604	0.71444	0.02032	0.01497	0.02032	0.01283	0.01711	0.00963	0.00535	0.00749	0.00214	0.01070	0.00749	0.00321	0.00856
26	0.00773	0.00552	0.00736	0.00883	0.00920	0.00515	0.00589	0.00883	0.01215	0.01619	0.03497	0.77291	0.04196	0.01987	0.00810	0.00258	0.00368	0.01803	0.00589	0.00515
27	0.01508	0.01682	0.03576	0.02848	0.13375	0.01590	0.61518	0.02020	0.01490	0.02038	0.01271	0.01691	0.00969	0.00539	0.00731	0.00210	0.01024	0.00722	0.00320	0.00877
28	0.01198	0.01128	0.01903	0.76180	0.04369	0.01409	0.01762	0.01621	0.01268	0.01621	0.01128	0.01691	0.00846	0.00634	0.00634	0.00211	0.00846	0.00564	0.00282	0.00705
29	0.00841	0.00644	0.00771	0.00743	0.00914	0.00574	0.00556	0.01086	0.01657	0.02223	0.47622	0.06753	0.30465	0.01424	0.00750	0.00206	0.00309	0.01231	0.00656	0.00574
30	0.01465	0.01244	0.01337	0.01209	0.01533	0.01416	0.00937	0.03011	0.60875	0.02636	0.14313	0.02760	0.02607	0.00933	0.00663	0.00213	0.00468	0.00788	0.00654	0.00937
31	0.00775	0.00581	0.00708	0.00806	0.00890	0.00526	0.00548	0.00893	0.01263	0.01624	0.04225	0.53539	0.23282	0.06063	0.00927	0.00265	0.00369	0.01626	0.00578	0.00514
32	0.01570	0.01507	0.02575	0.03894	0.73748	0.01507	0.01947	0.01947	0.01444	0.02073	0.01193	0.01570	0.01005	0.00565	0.00628	0.00188	0.00754	0.00565	0.00314	0.01005
33	0.00921	0.00620	0.00717	0.00717	0.00725	0.00628	0.00415	0.00938	0.00930	0.01248	0.01976	0.04027	0.02252	0.72224	0.08636	0.00645	0.00696	0.00904	0.00381	0.00398
34	0.01183	0.00591	0.00591	0.00591	0.00739	0.00591	0.00443	0.01478	0.01330	0.02365	0.02069	0.02365	0.01626	0.00739	0.00443	0.00148	0.00296	0.00591	0.81227	0.00591
35	0.01570	0.01507	0.02575	0.03894	0.73748	0.01507	0.01947	0.01947	0.01444	0.02073	0.01193	0.01570	0.01005	0.00565	0.00628	0.00188	0.00754	0.00565	0.00314	0.01005
36	0.02155	0.02205	0.05559	0.01543	0.01944	0.27124	0.01270	0.30626	0.08929	0.02675	0.01348	0.01450	0.01031	0.00761	0.00759	0.00193	0.08523	0.00522	0.00475	0.00907
37	0.01795	0.01953	0.01854	0.05455	0.01921	0.27332	0.01322	0.07904	0.01465	0.01766	0.01049	0.01536	0.00949	0.00920	0.01315	0.00228	0.37202	0.02959	0.00337	0.00738
38	0.82186	0.01227	0.00932	0.00834	0.01227	0.01423	0.00687	0.01865	0.01080	0.02846	0.00883	0.01031	0.00687	0.00589	0.00393	0.00196	0.00491	0.00344	0.00393	0.00687
39	0.11344	0.14928	0.01992	0.01292	0.01787	0.01907	0.01098	0.44050	0.04652	0.08821	0.01449	0.01456	0.01054	0.00709	0.00568	0.00183	0.00652	0.00515	0.00556	0.00986
40	0.02410	0.01813	0.01901	0.01465	0.01967	0.04099	0.01206	0.69620	0.02948	0.03927	0.01507	0.01512	0.01071	0.00758	0.00633	0.00190	0.00711	0.00566	0.00626	0.01069
41	0.01332	0.01245	0.01939	0.53970	0.14848	0.03661	0.01683	0.04912	0.01417	0.01841	0.03797	0.01934	0.01155	0.00690	0.00643	0.00208	0.00806	0.02828	0.00329	0.00762
42	0.82186	0.01227	0.00932	0.00834	0.01227	0.01423	0.00687	0.01865	0.01080	0.02846	0.00883	0.01031	0.00687	0.00589	0.00393	0.00196	0.00491	0.00344	0.00393	0.00687
43	0.00947	0.00689	0.00920	0.00997	0.01145	0.00662	0.00826	0.01217	0.01538	0.02043	0.23101	0.10348	0.11281	0.01625	0.00824	0.00257	0.00467	0.39917	0.00617	0.00579
44	0.01198	0.01128	0.01903	0.76180	0.04369	0.01409	0.01762	0.01621	0.01268	0.01621	0.01128	0.01691	0.00846	0.00634	0.00634	0.00211	0.00846	0.00564	0.00282	0.00705
45	0.03466	0.34163	0.27600	0.01542	0.04648	0.08928	0.02863	0.04309	0.01405	0.01823	0.01018	0.01202	0.00827	0.00602	0.00566	0.00172	0.03292	0.00421	0.00293	0.00859
46	0.00922	0.00617	0.00700	0.00700	0.00703	0.00619	0.00394	0.00928	0.00925	0.01236	0.01991	0.04110	0.02289	0.75903	0.05007	0.00625	0.00642	0.00917	0.00383	0.00389
47	0.00762	0.00613	0.00680	0.00728	0.00881	0.00531	0.00521	0.00911	0.01381	0.01709	0.07630	0.29666	0.48322	0.01723	0.00770	0.00228	0.00336	0.01487	0.00593	0.00531
48	0.01272	0.03281	0.74418	0.01808	0.02746	0.01473	0.02344	0.02009	0.01339	0.02009	0.01138	0.01339	0.00804	0.00603	0.00603	0.00201	0.00938	0.00469	0.00268	0.00938
49	0.01880	0.02006	0.02057	0.01825	0.06483	0.26796	0.09165	0.12664	0.04035	0.02037	0.01172	0.01472	0.00972	0.01013	0.05447	0.00255	0.18998	0.00543	0.00372	0.00807
50	0.08338	0.40993	0.11276	0.01313	0.01785	0.13242	0.01266	0.01956	0.01312	0.01680	0.00921	0.01127	0.00805	0.00647	0.00681	0.00172	0.11009	0.00395	0.00290	0.00790
51	0.00779	0.00556	0.00741	0.00879	0.00921	0.00519	0.00589	0.00898	0.01241	0.01661	0.06657	0.74011	0.04277	0.01956	0.00807	0.00255	0.00365	0.01774	0.00594	0.00519
52	0.00843	0.00634	0.00782	0.00783	0.00931	0.00573	0.00579	0.01076	0.01601	0.02161	0.42800	0.17072	0.22869	0.01503	0.00762	0.00215	0.00324	0.03273	0.00649	0.00568
53	0.01828	0.56226	0.04979	0.01251	0.01738	0.19111	0.01164	0.02036	0.01397	0.01522	0.00910	0.01068	0.00815	0.00588	0.00505	0.00149	0.03267	0.00366	0.00284	0.00796
54	0.00918	0.00635	0.00792	0.00792	0.00827	0.00670	0.00510	0.00987	0.00952	0.01304	0.01907	0.03642	0.02085	0.55323	0.25308	0.00739	0.00948	0.00848	0.00371	0.00440
55	0.02738	0.01156	0.01502	0.01155	0.01638	0.01057	0.00953	0.11997	0.01953	0.62815	0.02361	0.02082	0.01508	0.00781	0.00632	0.00194	0.00553	0.00628	0.03232	0.01065
56	0.01481	0.01498	0.04630	0.22544	0.45242	0.03643	0.01825	0.01941	0.05054	0.01950	0.01229	0.01618	0.00994	0.00619	0.00672	0.00198	0.03072	0.00565	0.00320	0.00907
57	0.01654	0.06577	0.34114	0.05187	0.10057	0.09115	0.03830	0.06739	0.04823	0.07492	0.01302	0.01476	0.00963	0.00653	0.00653	0.00195	0.03375	0.00512	0.00362	0.00920
58	0.02195	0.02735	0.01794	0.01620	0.01897	0.63147	0.01234	0.02357	0.01664	0.01547	0.00983	0.01217	0.00842	0.00839	0.03028	0.00205	0.11217	0.00436	0.00321	0.00725
59	0.01333	0.04686	0.01408	0.00946	0.01509	0.00923	0.00767	0.01611	0.01314	0.02041	0.01116	0.01302	0.00934	0.00473	0.00467	0.00096	0.00479	0.00374	0.00371	0.77849
60	0.69501	0.01314	0.01087	0.00934	0.01345	0.01510	0.00770	0.12958	0.01382	0.03029	0.00985	0.01109	0.00749	0.00616	0.00431	0.00195	0.00524	0.00380	0.00431	0.00749
61	0.00857	0.00647	0.00792	0.00755	0.00923	0.00581	0.00567	0.01118	0.01700	0.02316	0.55022	0.05114	0.24519	0.01382	0.00749	0.00204	0.00305	0.01200	0.00668	0.00581
62	0.01072	0.00687	0.00904	0.00828	0.01008	0.00628	0.00628	0.01367	0.01798	0.08952	0.67070	0.04508	0.05591	0.01251	0.00738	0.00199	0.00321	0.01102	0.00706	0.00642
63	0.00899	0.00647	0.00841	0.00793	0.00936	0.00599	0.00589	0.01185	0.01757	0.02486	0.70254	0.04713	0.05823	0.04677	0.00858	0.00218	0.00313	0.01137	0.00684	0.00589
64	0.00906	0.00680	0.01020	0.01020	0.01133	0.00793	0.00793	0.01133	0.01020	0.01473	0.01699	0.02492	0.01586	0.04758	0.75191	0.01020	0.01699	0.00680	0.00340	0.00566
65	0.00876	0.00624	0.00816	0.00826	0.00945	0.00580	0.00604	0.01124	0.01618	0.02274	0.50787	0.24119	0.05322	0.01479	0.00760	0.00216	0.00326	0.03278	0.02851	0.00576
66	0.01570	0.01507	0.02575	0.03894	0.73748	0.01507	0.01947	0.01947	0.01444	0.02073	0.01193	0.01570	0.01005	0.00565	0.00628	0.00188	0.00754	0.00565	0.00314	0.01005
67	0.01315	0.01128	0.01315	0.00940	0.01503	0.00846	0.00752	0.01597	0.01315	0.02067	0.01128	0.01315	0.00940	0.00470	0.00470	0.00094	0.00470	0.00376	0.00376	0.81583
68	0.01198	0.01128	0.01903	0.76180	0.04369	0.01409	0.01762	0.01621	0.01268	0.01621	0.01128	0.01691	0.00846	0.00634	0.00634	0.00211	0.00846	0.00564	0.00282	0.00705
69	0.01198	0.01128	0.01903	0.76180	0.04369	0.01409	0.01762	0.01621	0.01268	0.01621	0.01128	0.01691	0.00846	0.00634	0.00634	0.00211	0.00846	0.00564	0.00282	0.00705
70	0.01388	0.01388	0.01943	0.01666	0.01666	0.01943	0.01388	0.01527	0.00972	0.01527	0.00833	0.01388	0.00833	0.01110	0.02082	0.00278	0.76544	0.00555	0.00278	0.00694
71	0.01215	0.01147	0.01925	0.71673	0.06453	0.01429	0.01756	0.01628	0.01265	0.01632	0.01121	0.01678	0.00850	0.00646	0.00678	0.00213	0.03130	0.00564	0.00283	0.00714
72	0.10022	0.01631	0.01638	0.01351	0.01762	0.07567	0.01089	0.31085	0.21749	0.08689	0.01748	0.01720	0.01281	0.00785	0.00689	0.00201	0.04860	0.00580	0.00581	0.00971
73	0.01564	0.01155	0.01365	0.00990	0.01542	0.00914	0.00798	0.05390	0.01464	0.11194	0.01320	0.01432	0.01026	0.00524	0.00499	0.00112	0.00490	0.00419	0.00440	0.67363
74	0.00941	0.00660	0.00808	0.00767	0.00929	0.00618	0.00576	0.01266	0.03636	0.02438	0.54779	0.04484	0.12144	0.01239	0.00703	0.00194	0.00307	0.01078	0.11830	0.00602
75	0.00793	0.00621	0.00724	0.00787	0.00931	0.00552	0.00580	0.00958	0.01387	0.01743	0.08527	0.30294	0.39283	0.01735	0.00783	0.00236	0.00363	0.08571	0.00594	0.00537
76	0.01434	0.01206	0.01513	0.01732	0.19401	0.05116	0.01072	0.13845	0.03801	0.02554	0.30118	0.03074	0.05423	0.03509	0.00759	0.00206	0.00545	0.00830	0.03069	0.00793
77	0.20049	0.01112	0.01355	0.01065	0.01534	0.01039	0.00879	0.02826	0.01656	0.58719	0.02152	0.01915	0.01379	0.00743	0.00585	0.00196	0.00529	0.00574	0.00700	0.00995
78	0.01272	0.03281	0.74418	0.01808	0.02746	0.01473	0.02344	0.02009	0.01339	0.02009	0.01138	0.01339	0.00804	0.00603	0.00603	0.00201	0.00938	0.00469	0.00268	0.00938
79	0.00907	0.00678	0.01010	0.01010	0.01120	0.00788	0.00781	0.01127	0.01017	0.01466	0.01708	0.02541	0.01607	0.06885	0.73093	0.01008	0.01668	0.00687	0.00341	0.00561
80	0.00794	0.00554	0.00729	0.00868	0.00911	0.00519	0.00581	0.00914	0.01221	0.01658	0.03423	0.73434	0.04064	0.01923	0.00791	0.00252	0.00364	0.01741	0.04740	0.00519
81	0.05961	0.04852	0.01797	0.01584	0.01920	0.69976	0.01198	0.02487	0.01752	0.01610	0.00974	0.01136	0.00811	0.00648	0.00560	0.00164	0.01103	0.00404	0.00328	0.00735
82	0.82186	0.01227	0.00932	0.00834	0.01227	0.01423	0.00687	0.01865	0.01080	0.02846	0.00883	0.01031	0.00687	0.00589	0.00393	0.00196	0.00491	0.00344	0.00393	0.00687
83	0.08386	0.30727	0.32165	0.01574	0.05826	0.03882	0.03771	0.02000	0.02983	0.01895	0.01058	0.01235	0.00840	0.00583	0.00518	0.00175	0.00793	0.00428	0.00294	0.00867
84	0.01363	0.05214	0.01962	0.37717	0.14062	0.03174	0.03522	0.02005	0.14397	0.01955	0.07066	0.01988	0.01474	0.00710	0.00634	0.00203	0.00731	0.00628	0.00388	0.00808
85	0.01354	0.05657	0.15132	0.05354	0.02487	0.01545	0.27814	0.01811	0.03403	0.01881	0.05379	0.03860	0.01366	0.04724	0.01077	0.00241	0.15094	0.00693	0.00340	0.00787
86	0.01106	0.00647	0.00942	0.00919	0.00961	0.00697	0.00656	0.03132	0.00944	0.01293	0.01247	0.02031	0.01207	0.02725	0.19541	0.57393	0.03293	0.00582	0.00302	0.00383
87	0.00842	0.00649	0.00783	0.00846	0.01001	0.00590	0.00659	0.01043	0.01441	0.01831	0.12025	0.20053	0.34386	0.01687	0.00795	0.00242	0.00398	0.19579	0.00599	0.00551
88	0.02019	0.04304	0.01683	0.01334	0.01730	0.19160	0.01068	0.31626	0.04162	0.02741	0.01407	0.01552	0.01093	0.00946	0.04990	0.00221	0.02901	0.00518	0.07974	0.08571
89	0.01196	0.00634	0.00709	0.00684	0.00850	0.00614	0.00522	0.01490	0.01469	0.06092	0.19001	0.03050	0.02711	0.00902	0.00538	0.00167	0.00317	0.02655	0.55782	0.00618
90	0.03587	0.01320	0.02075	0.30796	0.07136	0.01574	0.08527	0.06324	0.01376	0.08295	0.01208	0.01617	0.00939	0.00771	0.01034	0.00225	0.21466	0.00582	0.00357	0.00792
91	0.05784	0.10618	0.02008	0.04074	0.09851	0.53829	0.01282	0.02344	0.01657	0.01664	0.00994	0.01189	0.00832	0.00629	0.00555	0.00166	0.01013	0.00420	0.00321	0.00770
92	0.01282	0.01043	0.01241	0.04726	0.07335	0.06023	0.00884	0.08305	0.01319	0.03012	0.01788	0.04738	0.01806	0.29623	0.17828	0.00533	0.03202	0.04287	0.00404	0.00618
93	0.01977	0.01670	0.01617	0.01352	0.01774	0.11052	0.01072	0.23869	0.33516	0.06478	0.01943	0.01865	0.01440	0.00771	0.00619	0.00191	0.00644	0.00604	0.00588	0.06956
94	0.04957	0.01434	0.06298	0.28738	0.16946	0.01505	0.09732	0.04967	0.01395	0.01982	0.05113	0.01742	0.01173	0.00709	0.00826	0.00213	0.10529	0.00602	0.00336	0.00804
95	0.01404	0.17312	0.51667	0.01634	0.02425	0.01636	0.04264	0.03912	0.01385	0.03459	0.01238	0.04673	0.00985	0.00659	0.00581	0.00191	0.00852	0.00519	0.00306	0.00899
96	0.01430	0.22278	0.53070	0.01617	0.02426	0.05068	0.01974	0.02005	0.01347	0.01857	0.01066	0.01249	0.00807	0.00590	0.00552	0.00183	0.00881	0.00433	0.00271	0.00897
97	0.00800	0.00645	0.00713	0.00696	0.00888	0.00557	0.00522	0.01008	0.01565	0.01997	0.29256	0.05640	0.50484	0.01501	0.00749	0.00209	0.00314	0.01274	0.00626	0.00557
98	0.01264	0.01039	0.01248	0.06333	0.01539	0.05518	0.04465	0.07179	0.07100	0.05249	0.12187	0.14350	0.16200	0.04016	0.05496	0.00281	0.00616	0.04691	0.00546	0.00685
99	0.01562	0.01530	0.02707	0.03756	0.65781	0.01518	0.09808	0.01957	0.01450	0.02068	0.01203	0.01586	0.01000	0.00562	0.00642	0.00191	0.00789	0.00586	0.00315	0.00988
100	0.01088	0.00560	0.00840	0.00840	0.00849	0.00568	0.00568	0.00849	0.00840	0.01129	0.01145	0.01969	0.01137	0.02389	0.07739	0.75718	0.00634	0.00560	0.00280	0.00297
101	0.00864	0.00638	0.00824	0.00916	0.01036	0.00598	0.00707	0.01066	0.01413	0.01847	0.13197	0.32044	0.17435	0.01750	0.00811	0.00253	0.00418	0.23028	0.00602	0.00552
102	0.04214	0.09715	0.31866	0.01657	0.02270	0.15637	0.06229	0.05945	0.03555	0.05327	0.01187	0.01368	0.00899	0.00666	0.00703	0.00194	0.06867	0.00487	0.00342	0.00871
103	0.00843	0.00641	0.00788	0.00887	0.00955	0.02623	0.00609	0.00993	0.01348	0.01804	0.17496	0.60558	0.04461	0.01811	0.00791	0.00243	0.00376	0.01632	0.00604	0.00538
104	0.00940	0.00622	0.00834	0.00923	0.01010	0.00592	0.00665	0.01100	0.01310	0.05454	0.09952	0.49410	0.03937	0.06129	0.04228	0.00307	0.00473	0.10967	0.00586	0.00557
105	0.01396	0.01275	0.02000	0.33193	0.28162	0.01422	0.01629	0.05114	0.09407	0.02006	0.01510	0.07379	0.01286	0.00743	0.00646	0.00206	0.00732	0.00675	0.00373	0.00847
106	0.01602	0.01439	0.01661	0.01507	0.04953	0.04005	0.06350	0.05229	0.57178	0.02539	0.02317	0.02275	0.01770	0.03371	0.00736	0.00225	0.00587	0.00705	0.00587	0.00966
107	0.01469	0.01664	0.05536	0.09260	0.03267	0.01554	0.57827	0.03992	0.01513	0.02045	0.01364	0.01934	0.01069	0.00606	0.00736	0.00216	0.01013	0.03759	0.00336	0.00839
108	0.02072	0.01751	0.01964	0.01553	0.01982	0.15554	0.12368	0.28506	0.02091	0.10932	0.01691	0.01908	0.03527	0.05017	0.05915	0.00270	0.00877	0.00627	0.00508	0.00888

[dist]
# distance from previous block
# <min> <max>
2	4

[block]
# block no. 1 follows, 35 sequences, length 43
# corresponding to MSA columns:
# 150-192
name=unknown_B
#
# <colnr> <probs for GDERKNQSTAVLIFYWHMCP>
#	G	D	E	R	K	N	Q	S	T	A	V	L	I	F	Y	W	H	M	C	P
0	0.01795	0.04173	0.15999	0.01446	0.02001	0.01554	0.05490	0.28451	0.09797	0.04749	0.01505	0.01665	0.01139	0.03129	0.00763	0.03442	0.00703	0.00558	0.00484	0.11157
1	0.12593	0.09351	0.10002	0.01351	0.03811	0.04475	0.03887	0.18764	0.07609	0.06179	0.04233	0.01953	0.05680	0.03351	0.00670	0.00201	0.00656	0.00592	0.00479	0.04165
2	0.01116	0.03250	0.01023	0.00959	0.01133	0.00850	0.00721	0.05913	0.09186	0.04388	0.07025	0.28811	0.12750	0.09208	0.02699	0.00291	0.00489	0.08978	0.00574	0.00637
3	0.01198	0.01128	0.01903	0.76180	0.04369	0.01409	0.01762	0.01621	0.01268	0.01621	0.01128	0.01691	0.00846	0.00634	0.00634	0.00211	0.00846	0.00564	0.00282	0.00705
4	0.00821	0.00596	0.00818	0.00923	0.00991	0.00593	0.00659	0.00975	0.01207	0.01632	0.05144	0.52620	0.05198	0.02566	0.17483	0.00428	0.00676	0.05600	0.00536	0.00534
5	0.01148	0.01067	0.01763	0.67489	0.03968	0.01308	0.01620	0.01537	0.01276	0.01626	0.01577	0.06114	0.05407	0.00767	0.00651	0.00214	0.00788	0.00679	0.00317	0.00684
6	0.01621	0.01524	0.02535	0.03747	0.69423	0.01535	0.01902	0.06146	0.01537	0.02189	0.01213	0.01567	0.01009	0.00577	0.00628	0.00189	0.00750	0.00566	0.00333	0.01009
7	0.00980	0.00744	0.01020	0.01138	0.03211	0.00786	0.00859	0.01222	0.03472	0.01720	0.02894	0.28614	0.03223	0.08220	0.07529	0.00364	0.05691	0.27214	0.00522	0.00576
8	0.01189	0.00736	0.01134	0.01023	0.01113	0.00737	0.06709	0.05220	0.01049	0.01402	0.01342	0.04006	0.01340	0.08770	0.02203	0.58179	0.00607	0.02516	0.00327	0.00398
9	0.01325	0.01296	0.01833	0.03984	0.01689	0.01790	0.01330	0.01483	0.00987	0.01523	0.00945	0.01528	0.00922	0.01526	0.10672	0.00363	0.65270	0.00570	0.00285	0.00679
10	0.01604	0.01376	0.01449	0.01296	0.01660	0.01590	0.01011	0.05542	0.70387	0.02697	0.02548	0.02340	0.01909	0.00858	0.00645	0.00214	0.00508	0.00713	0.00645	0.01007
11	0.01629	0.58576	0.18960	0.01267	0.01888	0.05180	0.01369	0.01949	0.01320	0.01609	0.00943	0.01094	0.00812	0.00560	0.00457	0.00151	0.00754	0.00371	0.00273	0.00838
12	0.01304	0.01078	0.01304	0.01153	0.01272	0.03232	0.00894	0.10464	0.01457	0.02041	0.17292	0.03091	0.02503	0.20037	0.01742	0.00326	0.23559	0.03686	0.02926	0.00640
13	0.01315	0.01128	0.01315	0.00940	0.01503	0.00846	0.00752	0.01597	0.01315	0.02067	0.01128	0.01315	0.00940	0.00470	0.00470	0.00094	0.00470	0.00376	0.00376	0.81583
14	0.02379	0.01761	0.01885	0.01453	0.01955	0.01952	0.01198	0.68956	0.05712	0.03945	0.01565	0.01556	0.01112	0.00765	0.00635	0.00191	0.00690	0.00577	0.00635	0.01076
15	0.00772	0.00644	0.00673	0.00665	0.00870	0.00545	0.00499	0.00953	0.01497	0.01836	0.16262	0.05905	0.63579	0.01561	0.00750	0.00212	0.00318	0.01311	0.00605	0.00545
16	0.01497	0.01711	0.03743	0.02674	0.03316	0.01604	0.71444	0.02032	0.01497	0.02032	0.01283	0.01711	0.00963	0.00535	0.00749	0.00214	0.01070	0.00749	0.00321	0.00856
17	0.82186	0.01227	0.00932	0.00834	0.01227	0.01423	0.00687	0.01865	0.01080	0.02846	0.00883	0.01031	0.00687	0.00589	0.00393	0.00196	0.00491	0.00344	0.00393	0.00687
18	0.01352	0.01018	0.01219	0.00920	0.01388	0.00797	0.00730	0.01629	0.01452	0.08418	0.14813	0.02190	0.04461	0.00690	0.00546	0.00127	0.00439	0.00575	0.00479	0.56760
19	0.01102	0.00551	0.00826	0.00826	0.00826	0.00551	0.00551	0.00826	0.00826	0.01102	0.01102	0.01928	0.01102	0.02204	0.02479	0.81543	0.00551	0.00551	0.00275	0.00275
20	0.01656	0.01402	0.01478	0.01307	0.01679	0.01614	0.01023	0.09767	0.66079	0.02780	0.02483	0.02288	0.01856	0.00851	0.00644	0.00213	0.00520	0.00704	0.00644	0.01011
21	0.01378	0.01126	0.01322	0.00947	0.01508	0.00849	0.00759	0.01658	0.01336	0.05011	0.01184	0.01350	0.00965	0.00483	0.00477	0.00098	0.00473	0.00387	0.00393	0.78298
22	0.00919	0.00627	0.00756	0.00765	0.00788	0.00644	0.00475	0.00967	0.00963	0.01301	0.02036	0.06063	0.02287	0.61510	0.14610	0.00660	0.00781	0.03035	0.00389	0.00423
23	0.01468	0.01246	0.01338	0.01231	0.01546	0.01423	0.00953	0.03003	0.61175	0.02519	0.04814	0.06854	0.02276	0.03088	0.00740	0.00232	0.00495	0.04038	0.00634	0.00928
24	0.01229	0.01152	0.01109	0.01053	0.01114	0.13477	0.00736	0.01298	0.01122	0.01394	0.01835	0.13728	0.02064	0.40033	0.02224	0.00427	0.14205	0.00897	0.00385	0.00518
25	0.01352	0.01298	0.02246	0.45553	0.30164	0.01456	0.05335	0.01763	0.01346	0.01810	0.01160	0.01647	0.00911	0.00604	0.00638	0.00203	0.00823	0.00574	0.00296	0.00824
26	0.01886	0.34098	0.07102	0.01335	0.01802	0.17397	0.01210	0.12799	0.01652	0.03466	0.01193	0.01330	0.02673	0.00676	0.00632	0.00167	0.06566	0.00447	0.00361	0.03207
27	0.01314	0.01197	0.03682	0.00968	0.01544	0.00866	0.00803	0.01611	0.01316	0.02065	0.01128	0.01316	0.00935	0.00474	0.00474	0.00097	0.00485	0.00379	0.00372	0.78972
28	0.04368	0.09418	0.11219	0.03929	0.07700	0.01578	0.01326	0.19427	0.04692	0.09427	0.03787	0.02236	0.03927	0.00857	0.00758	0.00206	0.07565	0.06204	0.00484	0.00892
29	0.03342	0.00943	0.04833	0.01044	0.01246	0.00872	0.00832	0.01582	0.08844	0.11015	0.03005	0.32845	0.09067	0.04150	0.00985	0.03439	0.05740	0.04989	0.00557	0.00669
30	0.02218	0.02783	0.01792	0.01612	0.01924	0.66167	0.03201	0.02396	0.01752	0.01608	0.04005	0.03245	0.01118	0.00723	0.00630	0.00172	0.03093	0.00488	0.00347	0.00727
31	0.03501	0.00951	0.01174	0.01081	0.01303	0.02928	0.05222	0.05243	0.12833	0.04509	0.18523	0.28202	0.09268	0.01354	0.00728	0.00222	0.00462	0.01200	0.00601	0.00693
32	0.01995	0.01210	0.03745	0.01407	0.06015	0.01115	0.06672	0.06535	0.11693	0.32625	0.15352	0.02640	0.04340	0.00873	0.00670	0.00201	0.00561	0.00758	0.00654	0.00939
33	0.01629	0.08515	0.16642	0.02039	0.12549	0.03921	0.15189	0.08716	0.14068	0.04329	0.03104	0.01710	0.01229	0.00675	0.00672	0.00198	0.02872	0.00600	0.00412	0.00929
34	0.00900	0.00622	0.00752	0.00762	0.00798	0.00629	0.00479	0.00967	0.01033	0.01396	0.06542	0.10322	0.05088	0.53026	0.13499	0.00605	0.00726	0.00991	0.00422	0.00441
35	0.01330	0.01120	0.01299	0.00943	0.01471	0.00871	0.00746	0.04021	0.01350	0.02085	0.01194	0.01494	0.01027	0.05134	0.00642	0.00129	0.00487	0.00416	0.00385	0.73858
36	0.01953	0.23215	0.02237	0.01413	0.01829	0.27287	0.05749	0.15355	0.01804	0.02065	0.01429	0.06142	0.03334	0.00750	0.00567	0.00171	0.00829	0.00563	0.02499	0.00807
37	0.01680	0.13050	0.20384	0.03948	0.18391	0.06181	0.03239	0.06577	0.03447	0.08393	0.04173	0.01596	0.01185	0.00643	0.00588	0.00181	0.00763	0.00528	0.00385	0.04668
38	0.01505	0.08261	0.38564	0.05023	0.14017	0.07706	0.04273	0.04244	0.06724	0.02036	0.01238	0.01445	0.00937	0.00619	0.00600	0.00192	0.00867	0.00504	0.00322	0.00920
39	0.01052	0.02318	0.00908	0.00891	0.01004	0.00682	0.00632	0.01178	0.01234	0.08915	0.03195	0.40296	0.10793	0.13539	0.07914	0.00368	0.02637	0.01333	0.00540	0.00571
40	0.28689	0.01530	0.01511	0.03850	0.01738	0.03921	0.01017	0.39091	0.02114	0.03272	0.01272	0.01401	0.00951	0.00882	0.03139	0.03060	0.00677	0.00493	0.00510	0.00880
41	0.14669	0.01560	0.09000	0.12174	0.11494	0.04266	0.06930	0.07030	0.05613	0.16361	0.03824	0.01732	0.01231	0.00680	0.00604	0.00199	0.00709	0.00571	0.00464	0.00890
42	0.01506	0.01208	0.02484	0.01045	0.01457	0.07261	0.00839	0.01761	0.01409	0.10847	0.03400	0.08752	0.01586	0.00894	0.02729	0.00175	0.03006	0.03408	0.04786	0.41447

[dist]
# distance from previous block
# <min> <max>
0	1

[block]
# block no. 2 follows, 35 sequences, length 20
# corresponding to MSA columns:
# 194-213
name=unknown_C
#
# <colnr> <probs for GDERKNQSTAVLIFYWHMCP>
#	G	D	E	R	K	N	Q	S	T	A	V	L	I	F	Y	W	H	M	C	P
0	0.04263	0.10373	0.01966	0.09574	0.15811	0.19789	0.01304	0.01985	0.05870	0.01783	0.01275	0.04264	0.01130	0.02896	0.03113	0.00227	0.09038	0.00556	0.02167	0.02617
1	0.01086	0.03480	0.06263	0.05933	0.01539	0.00906	0.03177	0.01467	0.07352	0.03257	0.06757	0.31778	0.05851	0.01498	0.05364	0.00260	0.00577	0.01108	0.00498	0.11848
2	0.11861	0.06729	0.23005	0.02931	0.05161	0.01267	0.01326	0.01847	0.02747	0.03625	0.01213	0.01505	0.00977	0.00591	0.00525	0.00159	0.00650	0.02552	0.00355	0.30972
3	0.01438	0.01447	0.06805	0.02025	0.18970	0.01221	0.13286	0.01933	0.07163	0.04023	0.01574	0.01913	0.03472	0.00634	0.00606	0.00167	0.00674	0.02996	0.00392	0.29264
4	0.01981	0.01563	0.01661	0.01373	0.01803	0.01766	0.01102	0.36365	0.38952	0.03304	0.02070	0.01959	0.01522	0.00813	0.00640	0.00203	0.00597	0.00647	0.00640	0.01040
5	0.02809	0.01140	0.01510	0.01157	0.01650	0.01022	0.00956	0.09043	0.01917	0.68093	0.02418	0.02104	0.01528	0.00783	0.00638	0.00196	0.00554	0.00632	0.00772	0.01080
6	0.01575	0.01433	0.04543	0.01299	0.01681	0.01549	0.01053	0.06534	0.63051	0.02687	0.05599	0.02387	0.02025	0.00864	0.00648	0.00213	0.00521	0.00719	0.00631	0.00987
7	0.01443	0.11968	0.45175	0.01908	0.02692	0.06160	0.17928	0.02033	0.01398	0.01924	0.01131	0.01373	0.00842	0.00583	0.00611	0.00194	0.00949	0.00513	0.00284	0.00891
8	0.01394	0.01924	0.20779	0.05299	0.24612	0.01443	0.24169	0.01896	0.01428	0.02018	0.03677	0.05769	0.01270	0.00668	0.00674	0.00205	0.00868	0.00686	0.00331	0.00890
9	0.00777	0.00563	0.00734	0.00861	0.00917	0.00521	0.00581	0.00900	0.01259	0.01669	0.06948	0.68558	0.09517	0.01927	0.00802	0.00252	0.00361	0.01738	0.00594	0.00521
10	0.00837	0.00680	0.00863	0.07191	0.03436	0.00639	0.00684	0.01026	0.01392	0.01780	0.12448	0.29548	0.33997	0.01586	0.00756	0.00226	0.00392	0.01385	0.00567	0.00565
11	0.01326	0.09087	0.44141	0.06331	0.13431	0.01497	0.04751	0.01889	0.01351	0.01930	0.01323	0.05289	0.01110	0.00699	0.00617	0.00200	0.00847	0.02990	0.00305	0.00887
12	0.00887	0.00627	0.00796	0.00892	0.01008	0.00578	0.00663	0.01050	0.01340	0.04104	0.04136	0.43549	0.20573	0.01809	0.00803	0.00252	0.00406	0.15380	0.00594	0.00553
13	0.01038	0.00653	0.00789	0.00768	0.00815	0.00661	0.00479	0.01087	0.00992	0.05753	0.01985	0.03781	0.02153	0.62057	0.13840	0.00650	0.00773	0.00869	0.00402	0.00454
14	0.01505	0.01894	0.15222	0.06398	0.39688	0.08739	0.06516	0.01918	0.01448	0.01951	0.01503	0.04450	0.04577	0.00684	0.00639	0.00195	0.00816	0.00627	0.00329	0.00901
15	0.01804	0.01850	0.18473	0.07541	0.27040	0.03995	0.07943	0.02239	0.01514	0.19171	0.01489	0.01664	0.01073	0.00631	0.00634	0.00196	0.00792	0.00572	0.00415	0.00964
16	0.01565	0.01922	0.09321	0.02496	0.03138	0.06130	0.58996	0.04533	0.01556	0.02071	0.01261	0.01639	0.00945	0.00556	0.00722	0.00209	0.01050	0.00699	0.00328	0.00863
17	0.01583	0.01546	0.02783	0.10656	0.21973	0.01555	0.30726	0.12510	0.01682	0.02281	0.01558	0.01881	0.04910	0.00646	0.00687	0.00203	0.00863	0.00684	0.00377	0.00896
18	0.01162	0.01348	0.14952	0.03410	0.07069	0.03576	0.05221	0.01460	0.01352	0.06003	0.02767	0.36916	0.08158	0.01348	0.00727	0.00228	0.00596	0.02521	0.00486	0.00700
19	0.07348	0.09269	0.15802	0.01630	0.05890	0.12471	0.08483	0.04896	0.11594	0.04978	0.03039	0.06774	0.01444	0.00786	0.00615	0.00197	0.00767	0.02748	0.00422	0.00848

[dist]
# distance from previous block
# <min> <max>
0	24

# created by:
# /home/cegg/simao/soft/augustus-3.2.1/scripts/msa2prfl.pl ./align_prep/EOG090W0FS4.fa
