[name]
unknown

[dist]
# distance from previous block
# <min> <max>
3	526

[block]
# block no. 0 follows, 38 sequences, length 54
# corresponding to MSA columns:
# 839-868,886-909
name=unknown_A
#
# <colnr> <probs for GDERKNQSTAVLIFYWHMCP>
#	G	D	E	R	K	N	Q	S	T	A	V	L	I	F	Y	W	H	M	C	P
0	0.06285	0.09322	0.12386	0.01323	0.04653	0.01403	0.02799	0.17218	0.07412	0.07762	0.05513	0.07230	0.01482	0.00758	0.00605	0.00177	0.02733	0.00607	0.00460	0.09873
1	0.04984	0.01090	0.01252	0.01150	0.04215	0.06860	0.04401	0.06969	0.01285	0.01769	0.03763	0.08948	0.08737	0.22364	0.01444	0.00299	0.09926	0.00782	0.02117	0.07646
2	0.09383	0.01715	0.01489	0.01458	0.08872	0.26790	0.01031	0.07448	0.05174	0.08929	0.05208	0.03710	0.05660	0.00769	0.00636	0.00177	0.04666	0.00574	0.02748	0.03564
3	0.06828	0.19968	0.44603	0.01420	0.02111	0.03673	0.01669	0.05427	0.01325	0.01903	0.01168	0.01371	0.02614	0.02806	0.00591	0.00186	0.00776	0.00444	0.00292	0.00824
4	0.03859	0.65280	0.08112	0.01079	0.01596	0.02187	0.01092	0.01856	0.04888	0.01542	0.00958	0.01094	0.00844	0.00655	0.02699	0.00164	0.00676	0.00358	0.00280	0.00779
5	0.01324	0.01002	0.01020	0.00930	0.01116	0.07253	0.00727	0.08679	0.06303	0.02130	0.01816	0.02102	0.03573	0.01328	0.11908	0.00286	0.08082	0.00583	0.39189	0.00649
6	0.01189	0.01123	0.01899	0.66416	0.14728	0.01350	0.01697	0.01583	0.01228	0.01601	0.01079	0.01587	0.00824	0.00592	0.00601	0.00197	0.00789	0.00535	0.00272	0.00711
7	0.00875	0.00583	0.00656	0.00656	0.00656	0.00583	0.00365	0.00875	0.00875	0.01166	0.01895	0.03937	0.02187	0.78858	0.03062	0.00583	0.00583	0.00875	0.00365	0.00365
8	0.01420	0.01623	0.03550	0.02535	0.03144	0.01521	0.72921	0.01927	0.01420	0.01927	0.01217	0.01623	0.00913	0.00507	0.00710	0.00203	0.01014	0.00710	0.00304	0.00811
9	0.00859	0.00645	0.00967	0.00967	0.01074	0.00752	0.00752	0.01074	0.00967	0.01396	0.01611	0.02363	0.01504	0.04512	0.76474	0.00967	0.01611	0.00645	0.00322	0.00537
10	0.00827	0.00614	0.00770	0.00731	0.00884	0.00557	0.00548	0.01088	0.01645	0.02276	0.62869	0.04718	0.17681	0.01281	0.00710	0.00192	0.00287	0.01119	0.00644	0.00557
11	0.00733	0.00524	0.00698	0.00838	0.00873	0.00489	0.00558	0.00838	0.01152	0.01536	0.03316	0.78466	0.03979	0.01885	0.00768	0.00244	0.00349	0.01710	0.00558	0.00489
12	0.02699	0.01024	0.01396	0.01070	0.01536	0.00884	0.00884	0.02932	0.01722	0.75522	0.02373	0.02048	0.01489	0.00745	0.00605	0.00186	0.00512	0.00605	0.00745	0.01024
13	0.02699	0.01024	0.01396	0.01070	0.01536	0.00884	0.00884	0.02932	0.01722	0.75522	0.02373	0.02048	0.01489	0.00745	0.00605	0.00186	0.00512	0.00605	0.00745	0.01024
14	0.02626	0.01026	0.01389	0.01061	0.01530	0.00880	0.00876	0.02860	0.01698	0.71808	0.02307	0.02007	0.01459	0.00729	0.00597	0.00181	0.00509	0.00592	0.00725	0.05140
15	0.01535	0.01311	0.01382	0.01232	0.01579	0.01514	0.00962	0.06615	0.70538	0.02579	0.02399	0.02205	0.01797	0.00812	0.00612	0.00203	0.00485	0.00673	0.00612	0.00956
16	0.02287	0.01685	0.01805	0.01384	0.01866	0.01866	0.01143	0.73100	0.02828	0.03791	0.01444	0.01444	0.01023	0.00722	0.00602	0.00181	0.00662	0.00542	0.00602	0.01023
17	0.00711	0.00609	0.00609	0.00609	0.00813	0.00508	0.00457	0.00863	0.01371	0.01625	0.06094	0.05789	0.74862	0.01524	0.00711	0.00203	0.00305	0.01270	0.00559	0.00508
18	0.02699	0.01024	0.01396	0.01070	0.01536	0.00884	0.00884	0.02932	0.01722	0.75522	0.02373	0.02048	0.01489	0.00745	0.00605	0.00186	0.00512	0.00605	0.00745	0.01024
19	0.01496	0.01292	0.01360	0.01224	0.01564	0.01496	0.00952	0.03197	0.74019	0.02516	0.02448	0.02244	0.01836	0.00816	0.00612	0.00204	0.00476	0.00680	0.00612	0.00952
20	0.01489	0.01423	0.02389	0.03572	0.71510	0.01433	0.01803	0.01912	0.04922	0.01992	0.01196	0.01526	0.00996	0.00550	0.00596	0.00180	0.00703	0.00543	0.00313	0.00953
21	0.01306	0.01368	0.01386	0.01197	0.01441	0.22005	0.09596	0.01572	0.01642	0.02041	0.41004	0.05750	0.05231	0.00999	0.00665	0.00183	0.00601	0.00870	0.00513	0.00630
22	0.06308	0.02561	0.01664	0.01477	0.01815	0.59666	0.01126	0.12102	0.04478	0.01891	0.01052	0.01171	0.00842	0.00638	0.00545	0.00162	0.00973	0.00416	0.00364	0.00749
23	0.01227	0.06955	0.72076	0.01680	0.02550	0.01447	0.02162	0.01900	0.01268	0.01880	0.01067	0.01255	0.00763	0.00569	0.00562	0.00187	0.00877	0.00438	0.00254	0.00883
24	0.01267	0.14619	0.64766	0.01611	0.02443	0.01546	0.02042	0.01889	0.01263	0.01831	0.01043	0.01224	0.00764	0.00563	0.00543	0.00181	0.00852	0.00426	0.00255	0.00871
25	0.01561	0.01324	0.01397	0.01237	0.01589	0.01526	0.00968	0.08892	0.68219	0.02620	0.02367	0.02179	0.01770	0.00809	0.00611	0.00202	0.00491	0.00669	0.00611	0.00958
26	0.00732	0.00527	0.00694	0.00828	0.00870	0.00489	0.00554	0.00839	0.01161	0.01539	0.03428	0.75535	0.06837	0.01870	0.00766	0.00243	0.00347	0.01692	0.00558	0.00489
27	0.01496	0.01292	0.01360	0.01224	0.01564	0.01496	0.00952	0.03197	0.74019	0.02516	0.02448	0.02244	0.01836	0.00816	0.00612	0.00204	0.00476	0.00680	0.00612	0.00952
28	0.00859	0.00645	0.00967	0.00967	0.01074	0.00752	0.00752	0.01074	0.00967	0.01396	0.01611	0.02363	0.01504	0.04512	0.76474	0.00967	0.01611	0.00645	0.00322	0.00537
29	0.00733	0.00524	0.00698	0.00838	0.00873	0.00489	0.00558	0.00838	0.01152	0.01536	0.03316	0.78466	0.03979	0.01885	0.00768	0.00244	0.00349	0.01710	0.00558	0.00489
30	0.02247	0.02867	0.01705	0.01550	0.01860	0.76443	0.01162	0.02402	0.01705	0.01472	0.00930	0.01085	0.00775	0.00620	0.00542	0.00155	0.01085	0.00387	0.00310	0.00697
31	0.01420	0.01623	0.03550	0.02535	0.03144	0.01521	0.72921	0.01927	0.01420	0.01927	0.01217	0.01623	0.00913	0.00507	0.00710	0.00203	0.01014	0.00710	0.00304	0.00811
32	0.79099	0.01159	0.00929	0.04538	0.01309	0.01349	0.00701	0.01757	0.01033	0.02642	0.00849	0.01008	0.00659	0.00561	0.00383	0.00187	0.00482	0.00336	0.00367	0.00652
33	0.01420	0.01623	0.03550	0.02535	0.03144	0.01521	0.72921	0.01927	0.01420	0.01927	0.01217	0.01623	0.00913	0.00507	0.00710	0.00203	0.01014	0.00710	0.00304	0.00811
34	0.02079	0.01562	0.01694	0.01285	0.01777	0.01652	0.01057	0.58753	0.02512	0.03424	0.01369	0.01405	0.00997	0.00667	0.00570	0.00162	0.00619	0.00504	0.00553	0.17360
35	0.00859	0.00645	0.00967	0.00967	0.01074	0.00752	0.00752	0.01074	0.00967	0.01396	0.01611	0.02363	0.01504	0.04512	0.76474	0.00967	0.01611	0.00645	0.00322	0.00537
36	0.01207	0.03112	0.75741	0.01715	0.02604	0.01397	0.02223	0.01905	0.01270	0.01905	0.01080	0.01270	0.00762	0.00572	0.00572	0.00191	0.00889	0.00445	0.00254	0.00889
37	0.00719	0.00610	0.00621	0.00618	0.00818	0.00511	0.00464	0.00879	0.01391	0.01672	0.10143	0.05713	0.70784	0.01506	0.00711	0.00202	0.00303	0.01259	0.00565	0.00511
38	0.01489	0.01429	0.02442	0.03692	0.75106	0.01429	0.01846	0.01846	0.01370	0.01965	0.01132	0.01489	0.00953	0.00536	0.00596	0.00179	0.00715	0.00536	0.00298	0.00953
39	0.00800	0.00541	0.00722	0.00846	0.00895	0.00502	0.00570	0.00909	0.01171	0.04072	0.03283	0.75846	0.03893	0.01846	0.00762	0.00242	0.00355	0.01672	0.00565	0.00507
40	0.01489	0.01429	0.02442	0.03692	0.75106	0.01429	0.01846	0.01846	0.01370	0.01965	0.01132	0.01489	0.00953	0.00536	0.00596	0.00179	0.00715	0.00536	0.00298	0.00953
41	0.01489	0.01429	0.02442	0.03692	0.75106	0.01429	0.01846	0.01846	0.01370	0.01965	0.01132	0.01489	0.00953	0.00536	0.00596	0.00179	0.00715	0.00536	0.00298	0.00953
42	0.00734	0.00540	0.00689	0.00800	0.00865	0.00495	0.00544	0.00853	0.01207	0.01584	0.06613	0.64642	0.14620	0.01804	0.00757	0.00236	0.00340	0.01619	0.00563	0.00495
43	0.83108	0.01163	0.00884	0.00791	0.01163	0.01350	0.00651	0.01768	0.01024	0.02699	0.00838	0.00977	0.00651	0.00558	0.00372	0.00186	0.00465	0.00326	0.00372	0.00651
44	0.01556	0.69351	0.12566	0.01118	0.01681	0.02253	0.01184	0.01815	0.01229	0.01479	0.00868	0.01005	0.00771	0.00522	0.00410	0.00137	0.00675	0.00338	0.00257	0.00787
45	0.00733	0.00524	0.00698	0.00838	0.00873	0.00489	0.00558	0.00838	0.01152	0.01536	0.03316	0.78466	0.03979	0.01885	0.00768	0.00244	0.00349	0.01710	0.00558	0.00489
46	0.02202	0.01596	0.01726	0.01343	0.01798	0.01756	0.01101	0.65399	0.04637	0.05960	0.01593	0.05265	0.01205	0.00782	0.00610	0.00184	0.00637	0.00605	0.00605	0.00995
47	0.01704	0.01451	0.12283	0.01209	0.01590	0.06874	0.01081	0.02122	0.09047	0.23597	0.01884	0.07517	0.01566	0.06687	0.00926	0.00224	0.08316	0.03961	0.00495	0.07466
48	0.00878	0.00626	0.00884	0.00887	0.00980	0.00706	0.00665	0.01063	0.00981	0.01430	0.01725	0.04643	0.01674	0.15020	0.57972	0.00829	0.01327	0.00701	0.06497	0.00512
49	0.01180	0.01114	0.01884	0.68215	0.12996	0.01348	0.01693	0.01576	0.01224	0.01590	0.01077	0.01590	0.00821	0.00593	0.00601	0.00198	0.00791	0.00535	0.00271	0.00704
50	0.70951	0.12807	0.01222	0.00827	0.01220	0.01503	0.00708	0.01773	0.01053	0.02508	0.00837	0.00975	0.00669	0.00552	0.00374	0.00178	0.00492	0.00325	0.00355	0.00669
51	0.01467	0.01407	0.02401	0.08364	0.70609	0.01423	0.01835	0.01827	0.01359	0.01938	0.01128	0.01496	0.00943	0.00540	0.00596	0.00180	0.00720	0.00536	0.00296	0.00935
52	0.00739	0.00612	0.00650	0.00668	0.00844	0.00531	0.00490	0.00926	0.03116	0.01661	0.08064	0.17755	0.58743	0.01556	0.00718	0.00210	0.00315	0.01322	0.00564	0.00518
53	0.00752	0.00535	0.00710	0.00842	0.00881	0.00504	0.00570	0.00860	0.01150	0.01531	0.03239	0.71195	0.03865	0.05650	0.00884	0.00263	0.00371	0.05165	0.00549	0.00486

[dist]
# distance from previous block
# <min> <max>
1	278

[block]
# block no. 1 follows, 38 sequences, length 47
# corresponding to MSA columns:
# 1188-1191,1193-1221,1226-1233,1249-1254
name=unknown_B
#
# <colnr> <probs for GDERKNQSTAVLIFYWHMCP>
#	G	D	E	R	K	N	Q	S	T	A	V	L	I	F	Y	W	H	M	C	P
0	0.02283	0.01804	0.01795	0.01401	0.01865	0.09393	0.01145	0.65964	0.02715	0.03557	0.01392	0.01408	0.00998	0.00712	0.00596	0.00178	0.00705	0.00526	0.00572	0.00990
1	0.00960	0.00741	0.00908	0.00886	0.02774	0.00723	0.00651	0.03426	0.09817	0.02302	0.49213	0.05877	0.15283	0.01220	0.00697	0.00196	0.00338	0.02740	0.00626	0.00622
2	0.00724	0.00601	0.00633	0.00643	0.00825	0.00510	0.00475	0.00881	0.01373	0.01674	0.10863	0.13030	0.62622	0.01538	0.00717	0.00206	0.00308	0.01301	0.00566	0.00510
3	0.01260	0.01196	0.02029	0.51413	0.29170	0.01369	0.01733	0.01646	0.01262	0.01688	0.01091	0.01563	0.00855	0.00578	0.00599	0.00193	0.00771	0.00535	0.00278	0.00769
4	0.00732	0.00595	0.00651	0.00685	0.00848	0.00514	0.00506	0.00884	0.01335	0.01638	0.07439	0.21307	0.54370	0.01598	0.00729	0.00215	0.00325	0.04561	0.00561	0.00508
5	0.01182	0.00633	0.00641	0.00619	0.00780	0.00648	0.00470	0.04268	0.04171	0.02314	0.01961	0.02212	0.01533	0.00706	0.00435	0.00144	0.00303	0.00565	0.75822	0.00594
6	0.00875	0.00583	0.00656	0.00656	0.00656	0.00583	0.00365	0.00875	0.00875	0.01166	0.01895	0.03937	0.02187	0.78858	0.03062	0.00583	0.00583	0.00875	0.00365	0.00365
7	0.01257	0.01236	0.01727	0.01504	0.01508	0.01706	0.01240	0.01386	0.00945	0.01457	0.01045	0.09103	0.01112	0.01137	0.01852	0.00261	0.69944	0.00646	0.00293	0.00641
8	0.01219	0.05435	0.73525	0.01694	0.02571	0.01427	0.02186	0.01902	0.01269	0.01890	0.01072	0.01261	0.00762	0.00570	0.00566	0.00189	0.00882	0.00441	0.00254	0.00885
9	0.01136	0.01069	0.01804	0.77412	0.04143	0.01337	0.01671	0.01537	0.01203	0.01537	0.01069	0.01604	0.00802	0.00601	0.00601	0.00200	0.00802	0.00535	0.00267	0.00668
10	0.01172	0.01106	0.01869	0.69971	0.11306	0.01346	0.01688	0.01568	0.01220	0.01580	0.01076	0.01592	0.00817	0.00595	0.00601	0.00198	0.00793	0.00535	0.00270	0.00697
11	0.00733	0.00524	0.00698	0.00838	0.00873	0.00489	0.00558	0.00838	0.01152	0.01536	0.03316	0.78466	0.03979	0.01885	0.00768	0.00244	0.00349	0.01710	0.00558	0.00489
12	0.01420	0.01623	0.03550	0.02535	0.03144	0.01521	0.72921	0.01927	0.01420	0.01927	0.01217	0.01623	0.00913	0.00507	0.00710	0.00203	0.01014	0.00710	0.00304	0.00811
13	0.00861	0.00631	0.00898	0.00893	0.00986	0.00705	0.00668	0.01047	0.01026	0.01460	0.09046	0.02843	0.02040	0.16699	0.56466	0.00824	0.01304	0.00728	0.00364	0.00511
14	0.01167	0.00830	0.01070	0.01129	0.01325	0.00863	0.00961	0.01726	0.15936	0.05867	0.02995	0.05625	0.03032	0.01444	0.00775	0.00258	0.00536	0.53226	0.00576	0.00659
15	0.01207	0.03112	0.75741	0.01715	0.02604	0.01397	0.02223	0.01905	0.01270	0.01905	0.01080	0.01270	0.00762	0.00572	0.00572	0.00191	0.00889	0.00445	0.00254	0.00889
16	0.01221	0.01155	0.01957	0.59763	0.21132	0.01359	0.01713	0.01611	0.01243	0.01640	0.01084	0.01576	0.00838	0.00586	0.00600	0.00195	0.00781	0.00535	0.00275	0.00736
17	0.01207	0.03112	0.75741	0.01715	0.02604	0.01397	0.02223	0.01905	0.01270	0.01905	0.01080	0.01270	0.00762	0.00572	0.00572	0.00191	0.00889	0.00445	0.00254	0.00889
18	0.01353	0.01505	0.03222	0.02406	0.05489	0.01414	0.63075	0.01814	0.01391	0.01889	0.01426	0.09374	0.01224	0.00647	0.00712	0.00206	0.00936	0.00805	0.00330	0.00784
19	0.00889	0.00655	0.00865	0.00976	0.01114	0.00631	0.00817	0.01120	0.01353	0.01733	0.03778	0.15428	0.17684	0.01662	0.00799	0.00258	0.00479	0.48666	0.00555	0.00537
20	0.01767	0.01176	0.03777	0.01482	0.06191	0.01094	0.13589	0.09209	0.03796	0.26049	0.02171	0.13664	0.03845	0.03079	0.00752	0.00212	0.02513	0.02199	0.02605	0.00832
21	0.01952	0.01078	0.01698	0.01320	0.01734	0.00985	0.15824	0.04238	0.04406	0.39550	0.02558	0.11798	0.08219	0.00909	0.00657	0.00199	0.00581	0.00825	0.00604	0.00864
22	0.01045	0.00522	0.00784	0.00784	0.00784	0.00522	0.00522	0.00784	0.00784	0.01045	0.01045	0.01829	0.01045	0.02090	0.02351	0.82497	0.00522	0.00522	0.00261	0.00261
23	0.01304	0.01541	0.08233	0.04812	0.02675	0.01403	0.48159	0.01754	0.01393	0.01933	0.11467	0.01969	0.01553	0.00669	0.00818	0.00206	0.08283	0.00719	0.00345	0.00763
24	0.02050	0.01340	0.01791	0.15762	0.06487	0.07247	0.07709	0.12988	0.01722	0.31255	0.01729	0.04458	0.01238	0.00711	0.00614	0.00189	0.00687	0.00610	0.00526	0.00888
25	0.02135	0.03554	0.06877	0.01300	0.01777	0.01544	0.01129	0.39451	0.11637	0.18946	0.01795	0.01838	0.01289	0.00756	0.00604	0.00187	0.00617	0.02983	0.00599	0.00982
26	0.01174	0.01122	0.01812	0.61228	0.03596	0.01445	0.01595	0.01518	0.01143	0.01518	0.01010	0.01542	0.00799	0.00698	0.00894	0.00214	0.17226	0.00533	0.00266	0.00666
27	0.01247	0.01069	0.01247	0.00891	0.01426	0.00802	0.00713	0.01515	0.01247	0.01960	0.01069	0.01247	0.00891	0.00446	0.00446	0.00089	0.00446	0.00356	0.00356	0.82536
28	0.83108	0.01163	0.00884	0.00791	0.01163	0.01350	0.00651	0.01768	0.01024	0.02699	0.00838	0.00977	0.00651	0.00558	0.00372	0.00186	0.00465	0.00326	0.00372	0.00651
29	0.01404	0.40530	0.40053	0.01378	0.02083	0.01880	0.01636	0.01854	0.01247	0.01664	0.00960	0.01120	0.00767	0.00544	0.00480	0.00160	0.00768	0.00384	0.00256	0.00832
30	0.01393	0.01212	0.01824	0.58920	0.05839	0.01452	0.01564	0.16820	0.01555	0.02031	0.01151	0.01566	0.00854	0.00625	0.00601	0.00196	0.00769	0.00536	0.00340	0.00753
31	0.00722	0.00595	0.00634	0.00655	0.00827	0.00508	0.00480	0.00874	0.01352	0.01652	0.09289	0.17766	0.59432	0.01568	0.00720	0.00209	0.00311	0.01333	0.00564	0.00508
32	0.00755	0.00552	0.00710	0.00795	0.00871	0.00507	0.00549	0.00902	0.01290	0.01726	0.18318	0.55115	0.12273	0.01710	0.00749	0.00228	0.00331	0.01533	0.00580	0.00507
33	0.01252	0.11757	0.67496	0.01637	0.02483	0.01509	0.02087	0.01893	0.01265	0.01849	0.01052	0.01235	0.00763	0.00565	0.00550	0.00183	0.00861	0.00431	0.00254	0.00876
34	0.00837	0.00612	0.00786	0.00747	0.00891	0.00561	0.00559	0.01105	0.01661	0.02325	0.67294	0.06656	0.11173	0.01272	0.00711	0.00192	0.00287	0.01120	0.00651	0.00561
35	0.01608	0.79220	0.03152	0.01029	0.01544	0.02380	0.01029	0.01801	0.01222	0.01415	0.00836	0.00965	0.00772	0.00515	0.00386	0.00129	0.00643	0.00322	0.00257	0.00772
36	0.00848	0.00672	0.00846	0.00814	0.00942	0.00671	0.00614	0.01060	0.01469	0.02003	0.40774	0.14196	0.22256	0.01371	0.00845	0.00207	0.08118	0.01158	0.00582	0.00551
37	0.01352	0.01131	0.01304	0.00941	0.01470	0.00909	0.00756	0.08740	0.01407	0.02145	0.01107	0.01267	0.00904	0.00473	0.00461	0.00098	0.00467	0.00375	0.00381	0.74308
38	0.00733	0.00524	0.00698	0.00838	0.00873	0.00489	0.00558	0.00838	0.01152	0.01536	0.03316	0.78466	0.03979	0.01885	0.00768	0.00244	0.00349	0.01710	0.00558	0.00489
39	0.02287	0.01685	0.01805	0.01384	0.01866	0.01866	0.01143	0.73100	0.02828	0.03791	0.01444	0.01444	0.01023	0.00722	0.00602	0.00181	0.00662	0.00542	0.00602	0.01023
40	0.00859	0.00645	0.00967	0.00967	0.01074	0.00752	0.00752	0.01074	0.00967	0.01396	0.01611	0.02363	0.01504	0.04512	0.76474	0.00967	0.01611	0.00645	0.00322	0.00537
41	0.83108	0.01163	0.00884	0.00791	0.01163	0.01350	0.00651	0.01768	0.01024	0.02699	0.00838	0.00977	0.00651	0.00558	0.00372	0.00186	0.00465	0.00326	0.00372	0.00651
42	0.01059	0.00672	0.00836	0.00842	0.01019	0.00614	0.00642	0.01287	0.03505	0.11614	0.13168	0.26209	0.23711	0.01485	0.00727	0.00221	0.00382	0.10812	0.00598	0.00598
43	0.00964	0.00633	0.00738	0.00725	0.00833	0.00631	0.00510	0.02973	0.02960	0.01817	0.15472	0.06945	0.09056	0.23464	0.06577	0.03293	0.00493	0.02444	0.18964	0.00507
44	0.09745	0.41623	0.04766	0.06901	0.03521	0.04283	0.05716	0.01752	0.01184	0.01621	0.00887	0.01137	0.00778	0.00618	0.00694	0.00170	0.13181	0.00406	0.00276	0.00742
45	0.00802	0.00597	0.00746	0.00742	0.00877	0.00542	0.00544	0.01028	0.01538	0.02099	0.48349	0.17998	0.19110	0.01405	0.00720	0.00202	0.00300	0.01235	0.00623	0.00542
46	0.01517	0.01535	0.10650	0.03449	0.01683	0.09304	0.05615	0.19835	0.01772	0.02430	0.13444	0.02198	0.03862	0.02352	0.00691	0.00187	0.03630	0.00642	0.14451	0.00753

[dist]
# distance from previous block
# <min> <max>
2	6

[block]
# block no. 2 follows, 38 sequences, length 20
# corresponding to MSA columns:
# 1271-1290
name=unknown_C
#
# <colnr> <probs for GDERKNQSTAVLIFYWHMCP>
#	G	D	E	R	K	N	Q	S	T	A	V	L	I	F	Y	W	H	M	C	P
0	0.03521	0.01126	0.01377	0.01227	0.03432	0.02659	0.02636	0.20101	0.04954	0.17035	0.02142	0.20308	0.01982	0.03062	0.04130	0.00251	0.04823	0.03886	0.00556	0.00793
1	0.01067	0.00977	0.00941	0.02988	0.01158	0.12856	0.00705	0.04471	0.01336	0.01651	0.05133	0.54094	0.05058	0.03637	0.00778	0.00232	0.00497	0.01357	0.00511	0.00552
2	0.02247	0.02867	0.01705	0.01550	0.01860	0.76443	0.01162	0.02402	0.01705	0.01472	0.00930	0.01085	0.00775	0.00620	0.00542	0.00155	0.01085	0.00387	0.00310	0.00697
3	0.01806	0.01356	0.04723	0.01215	0.01614	0.01387	0.01004	0.18883	0.35899	0.15167	0.04181	0.04612	0.03735	0.00837	0.00617	0.00196	0.00529	0.00686	0.00614	0.00940
4	0.00882	0.00614	0.00791	0.00778	0.00918	0.00562	0.00578	0.01120	0.01565	0.04605	0.50912	0.17553	0.11965	0.01370	0.00720	0.00203	0.00313	0.03354	0.00633	0.00563
5	0.01297	0.07060	0.49395	0.01584	0.02213	0.01537	0.01839	0.04849	0.01259	0.01873	0.01054	0.01309	0.00811	0.00683	0.00856	0.00200	0.17315	0.00464	0.03575	0.00825
6	0.00839	0.00596	0.00683	0.00672	0.00743	0.00566	0.00430	0.00935	0.01165	0.01549	0.20112	0.04412	0.16432	0.46014	0.02065	0.00419	0.00460	0.00999	0.00472	0.00440
7	0.01103	0.00922	0.01008	0.01015	0.01137	0.07036	0.00757	0.05987	0.05575	0.01700	0.02400	0.28286	0.02618	0.13738	0.09722	0.00370	0.04094	0.11485	0.00474	0.00572
8	0.01045	0.00522	0.00784	0.00784	0.00784	0.00522	0.00522	0.00784	0.00784	0.01045	0.01045	0.01829	0.01045	0.02090	0.02351	0.82497	0.00522	0.00522	0.00261	0.00261
9	0.01608	0.79220	0.03152	0.01029	0.01544	0.02380	0.01029	0.01801	0.01222	0.01415	0.00836	0.00965	0.00772	0.00515	0.00386	0.00129	0.00643	0.00322	0.00257	0.00772
10	0.01451	0.01063	0.01268	0.00916	0.01441	0.00813	0.00737	0.01714	0.01314	0.12281	0.01252	0.01360	0.00975	0.00487	0.00468	0.00103	0.00455	0.00391	0.00411	0.71100
11	0.01323	0.01109	0.01218	0.01155	0.01427	0.01254	0.00899	0.02621	0.54703	0.02289	0.02662	0.13513	0.02341	0.01072	0.00661	0.00219	0.00468	0.09629	0.00597	0.00837
12	0.01489	0.01429	0.02442	0.03692	0.75106	0.01429	0.01846	0.01846	0.01370	0.01965	0.01132	0.01489	0.00953	0.00536	0.00596	0.00179	0.00715	0.00536	0.00298	0.00953
13	0.01249	0.11163	0.68062	0.01642	0.02492	0.01501	0.02096	0.01894	0.01265	0.01853	0.01054	0.01238	0.00763	0.00566	0.00552	0.00184	0.00863	0.00432	0.00254	0.00877
14	0.03676	0.00633	0.00795	0.00749	0.00903	0.00591	0.00564	0.01141	0.01660	0.02376	0.68182	0.04449	0.09592	0.01224	0.00698	0.00190	0.00291	0.01072	0.00646	0.00567
15	0.83108	0.01163	0.00884	0.00791	0.01163	0.01350	0.00651	0.01768	0.01024	0.02699	0.00838	0.00977	0.00651	0.00558	0.00372	0.00186	0.00465	0.00326	0.00372	0.00651
16	0.00949	0.00628	0.00801	0.00747	0.00906	0.00578	0.00564	0.01225	0.01652	0.05517	0.62572	0.04245	0.07926	0.01175	0.00680	0.00185	0.00294	0.01029	0.07743	0.00584
17	0.00859	0.00645	0.00967	0.00967	0.01074	0.00752	0.00752	0.01074	0.00967	0.01396	0.01611	0.02363	0.01504	0.04512	0.76474	0.00967	0.01611	0.00645	0.00322	0.00537
18	0.00736	0.00610	0.00644	0.00636	0.00828	0.00519	0.00477	0.00912	0.01431	0.01767	0.18467	0.05556	0.62400	0.01471	0.00711	0.00201	0.00301	0.01237	0.00577	0.00519
19	0.01489	0.01429	0.02442	0.03692	0.75106	0.01429	0.01846	0.01846	0.01370	0.01965	0.01132	0.01489	0.00953	0.00536	0.00596	0.00179	0.00715	0.00536	0.00298	0.00953

[dist]
# distance from previous block
# <min> <max>
0	11

[block]
# block no. 3 follows, 38 sequences, length 19
# corresponding to MSA columns:
# 1302-1320
name=unknown_D
#
# <colnr> <probs for GDERKNQSTAVLIFYWHMCP>
#	G	D	E	R	K	N	Q	S	T	A	V	L	I	F	Y	W	H	M	C	P
0	0.01489	0.01429	0.02442	0.03692	0.75106	0.01429	0.01846	0.01846	0.01370	0.01965	0.01132	0.01489	0.00953	0.00536	0.00596	0.00179	0.00715	0.00536	0.00298	0.00953
1	0.01316	0.01316	0.01843	0.01579	0.01579	0.01843	0.01316	0.01448	0.00921	0.01448	0.00790	0.01316	0.00790	0.01053	0.01974	0.00263	0.77757	0.00526	0.00263	0.00658
2	0.83108	0.01163	0.00884	0.00791	0.01163	0.01350	0.00651	0.01768	0.01024	0.02699	0.00838	0.00977	0.00651	0.00558	0.00372	0.00186	0.00465	0.00326	0.00372	0.00651
3	0.83108	0.01163	0.00884	0.00791	0.01163	0.01350	0.00651	0.01768	0.01024	0.02699	0.00838	0.00977	0.00651	0.00558	0.00372	0.00186	0.00465	0.00326	0.00372	0.00651
4	0.01207	0.03112	0.75741	0.01715	0.02604	0.01397	0.02223	0.01905	0.01270	0.01905	0.01080	0.01270	0.00762	0.00572	0.00572	0.00191	0.00889	0.00445	0.00254	0.00889
5	0.01489	0.01429	0.02442	0.03692	0.75106	0.01429	0.01846	0.01846	0.01370	0.01965	0.01132	0.01489	0.00953	0.00536	0.00596	0.00179	0.00715	0.00536	0.00298	0.00953
6	0.83108	0.01163	0.00884	0.00791	0.01163	0.01350	0.00651	0.01768	0.01024	0.02699	0.00838	0.00977	0.00651	0.00558	0.00372	0.00186	0.00465	0.00326	0.00372	0.00651
7	0.00851	0.00615	0.00804	0.00757	0.00899	0.00568	0.00568	0.01135	0.01703	0.02412	0.74788	0.04494	0.05676	0.01230	0.00710	0.00189	0.00284	0.01088	0.00662	0.00568
8	0.01247	0.01069	0.01247	0.00891	0.01426	0.00802	0.00713	0.01515	0.01247	0.01960	0.01069	0.01247	0.00891	0.00446	0.00446	0.00089	0.00446	0.00356	0.00356	0.82536
9	0.00875	0.00583	0.00656	0.00656	0.00656	0.00583	0.00365	0.00875	0.00875	0.01166	0.01895	0.03937	0.02187	0.78858	0.03062	0.00583	0.00583	0.00875	0.00365	0.00365
10	0.01136	0.01069	0.01804	0.77412	0.04143	0.01337	0.01671	0.01537	0.01203	0.01537	0.01069	0.01604	0.00802	0.00601	0.00601	0.00200	0.00802	0.00535	0.00267	0.00668
11	0.00721	0.00594	0.00634	0.00658	0.00827	0.00507	0.00481	0.00871	0.01345	0.01643	0.08588	0.19079	0.58820	0.01577	0.00721	0.00210	0.00312	0.01343	0.00563	0.00507
12	0.01420	0.01623	0.03550	0.02535	0.03144	0.01521	0.72921	0.01927	0.01420	0.01927	0.01217	0.01623	0.00913	0.00507	0.00710	0.00203	0.01014	0.00710	0.00304	0.00811
13	0.00816	0.00614	0.00754	0.00719	0.00877	0.00552	0.00539	0.01066	0.01618	0.02212	0.57273	0.04824	0.23317	0.01305	0.00710	0.00193	0.00289	0.01134	0.00636	0.00552
14	0.01226	0.06730	0.72290	0.01682	0.02553	0.01444	0.02166	0.01900	0.01268	0.01882	0.01068	0.01256	0.00763	0.00569	0.00563	0.00188	0.00877	0.00439	0.00254	0.00883
15	0.01496	0.01292	0.01360	0.01224	0.01564	0.01496	0.00952	0.03197	0.74019	0.02516	0.02448	0.02244	0.01836	0.00816	0.00612	0.00204	0.00476	0.00680	0.00612	0.00952
16	0.01009	0.00750	0.01099	0.13373	0.01560	0.00860	0.00871	0.03369	0.01086	0.03722	0.01633	0.02565	0.01534	0.13743	0.46952	0.00719	0.01241	0.03001	0.00348	0.00565
17	0.00931	0.00752	0.01041	0.00988	0.01144	0.00740	0.06430	0.06456	0.01324	0.01736	0.03409	0.40743	0.19222	0.04133	0.05478	0.00282	0.02800	0.01315	0.00512	0.00564
18	0.08315	0.11375	0.17636	0.01381	0.01912	0.03491	0.09493	0.03879	0.03377	0.13127	0.01280	0.01424	0.00960	0.00719	0.02747	0.00195	0.05887	0.00481	0.00382	0.11940

[dist]
# distance from previous block
# <min> <max>
2	100

[block]
# block no. 4 follows, 38 sequences, length 11
# corresponding to MSA columns:
# 1429-1439
name=unknown_E
#
# <colnr> <probs for GDERKNQSTAVLIFYWHMCP>
#	G	D	E	R	K	N	Q	S	T	A	V	L	I	F	Y	W	H	M	C	P
0	0.01279	0.01052	0.01637	0.48011	0.07450	0.01154	0.01372	0.01620	0.01260	0.07667	0.01324	0.06530	0.01088	0.00664	0.00584	0.00181	0.00679	0.00584	0.00343	0.15523
1	0.00751	0.00544	0.00710	0.00809	0.00873	0.00503	0.00553	0.00888	0.01257	0.01686	0.15246	0.61495	0.08953	0.01753	0.00754	0.00233	0.00335	0.01579	0.00575	0.00503
2	0.01373	0.01411	0.01834	0.01578	0.01596	0.06391	0.01307	0.01506	0.00969	0.01449	0.00798	0.01302	0.00789	0.01027	0.01887	0.00257	0.73083	0.00518	0.00266	0.00660
3	0.05542	0.01063	0.01380	0.01073	0.01521	0.00970	0.00882	0.07011	0.04247	0.63538	0.04754	0.02063	0.01586	0.00756	0.00600	0.00187	0.00510	0.00610	0.00715	0.00992
4	0.02699	0.01024	0.01396	0.01070	0.01536	0.00884	0.00884	0.02932	0.01722	0.75522	0.02373	0.02048	0.01489	0.00745	0.00605	0.00186	0.00512	0.00605	0.00745	0.01024
5	0.02448	0.01220	0.01497	0.01156	0.01607	0.01193	0.00952	0.26318	0.02091	0.47024	0.06498	0.01995	0.01590	0.00767	0.00610	0.00184	0.00548	0.00613	0.00692	0.00996
6	0.01121	0.00561	0.00561	0.00561	0.00701	0.00561	0.00421	0.01402	0.01262	0.02243	0.01962	0.02243	0.01542	0.00701	0.00421	0.00140	0.00280	0.00561	0.82198	0.00561
7	0.01420	0.01623	0.03550	0.02535	0.03144	0.01521	0.72921	0.01927	0.01420	0.01927	0.01217	0.01623	0.00913	0.00507	0.00710	0.00203	0.01014	0.00710	0.00304	0.00811
8	0.00882	0.00638	0.00719	0.00684	0.00885	0.00550	0.00518	0.01080	0.01495	0.06634	0.26743	0.05154	0.49087	0.01384	0.00704	0.00198	0.00312	0.01171	0.00602	0.00559
9	0.01489	0.01429	0.02442	0.03692	0.75106	0.01429	0.01846	0.01846	0.01370	0.01965	0.01132	0.01489	0.00953	0.00536	0.00596	0.00179	0.00715	0.00536	0.00298	0.00953
10	0.00844	0.00609	0.00798	0.00762	0.00897	0.00563	0.00567	0.01117	0.01669	0.02359	0.70431	0.09003	0.05573	0.01270	0.00713	0.00193	0.00288	0.01126	0.00656	0.00563

[dist]
# distance from previous block
# <min> <max>
0	12

[block]
# block no. 5 follows, 38 sequences, length 44
# corresponding to MSA columns:
# 1452-1495
name=unknown_F
#
# <colnr> <probs for GDERKNQSTAVLIFYWHMCP>
#	G	D	E	R	K	N	Q	S	T	A	V	L	I	F	Y	W	H	M	C	P
0	0.01489	0.01429	0.02442	0.03692	0.75106	0.01429	0.01846	0.01846	0.01370	0.01965	0.01132	0.01489	0.00953	0.00536	0.00596	0.00179	0.00715	0.00536	0.00298	0.00953
1	0.83108	0.01163	0.00884	0.00791	0.01163	0.01350	0.00651	0.01768	0.01024	0.02699	0.00838	0.00977	0.00651	0.00558	0.00372	0.00186	0.00465	0.00326	0.00372	0.00651
2	0.02699	0.01024	0.01396	0.01070	0.01536	0.00884	0.00884	0.02932	0.01722	0.75522	0.02373	0.02048	0.01489	0.00745	0.00605	0.00186	0.00512	0.00605	0.00745	0.01024
3	0.01584	0.74704	0.07460	0.01070	0.01607	0.02322	0.01100	0.01807	0.01225	0.01444	0.00851	0.00983	0.00771	0.00518	0.00397	0.00132	0.00658	0.00329	0.00257	0.00779
4	0.01136	0.01069	0.01804	0.77412	0.04143	0.01337	0.01671	0.01537	0.01203	0.01537	0.01069	0.01604	0.00802	0.00601	0.00601	0.00200	0.00802	0.00535	0.00267	0.00668
5	0.01489	0.01429	0.02442	0.03692	0.75106	0.01429	0.01846	0.01846	0.01370	0.01965	0.01132	0.01489	0.00953	0.00536	0.00596	0.00179	0.00715	0.00536	0.00298	0.00953
6	0.01316	0.01316	0.01843	0.01579	0.01579	0.01843	0.01316	0.01448	0.00921	0.01448	0.00790	0.01316	0.00790	0.01053	0.01974	0.00263	0.77757	0.00526	0.00263	0.00658
7	0.01489	0.01429	0.02442	0.03692	0.75106	0.01429	0.01846	0.01846	0.01370	0.01965	0.01132	0.01489	0.00953	0.00536	0.00596	0.00179	0.00715	0.00536	0.00298	0.00953
8	0.01420	0.01623	0.03550	0.02535	0.03144	0.01521	0.72921	0.01927	0.01420	0.01927	0.01217	0.01623	0.00913	0.00507	0.00710	0.00203	0.01014	0.00710	0.00304	0.00811
9	0.01608	0.79220	0.03152	0.01029	0.01544	0.02380	0.01029	0.01801	0.01222	0.01415	0.00836	0.00965	0.00772	0.00515	0.00386	0.00129	0.00643	0.00322	0.00257	0.00772
10	0.01136	0.01069	0.01804	0.77412	0.04143	0.01337	0.01671	0.01537	0.01203	0.01537	0.01069	0.01604	0.00802	0.00601	0.00601	0.00200	0.00802	0.00535	0.00267	0.00668
11	0.01292	0.19266	0.60334	0.01569	0.02379	0.01606	0.01969	0.01883	0.01260	0.01801	0.01028	0.01205	0.00764	0.00559	0.00532	0.00177	0.00837	0.00418	0.00255	0.00864
12	0.01457	0.01397	0.02384	0.10340	0.68706	0.01421	0.01830	0.01818	0.01355	0.01927	0.01126	0.01499	0.00939	0.00542	0.00596	0.00181	0.00723	0.00536	0.00295	0.00927
13	0.00751	0.00609	0.00655	0.00644	0.00822	0.00525	0.00476	0.00923	0.01414	0.01770	0.20856	0.05396	0.55431	0.06048	0.00850	0.00223	0.00317	0.01206	0.00570	0.00512
14	0.01020	0.00950	0.01776	0.01497	0.01757	0.00896	0.26867	0.01299	0.01287	0.01721	0.02533	0.38954	0.02783	0.01349	0.00757	0.00235	0.00624	0.12613	0.00466	0.00616
15	0.01354	0.01292	0.02198	0.31866	0.47986	0.01394	0.01779	0.01728	0.01306	0.01802	0.01108	0.01533	0.00895	0.00561	0.00598	0.00187	0.00748	0.00535	0.00286	0.00844
16	0.01136	0.01069	0.01804	0.77412	0.04143	0.01337	0.01671	0.01537	0.01203	0.01537	0.01069	0.01604	0.00802	0.00601	0.00601	0.00200	0.00802	0.00535	0.00267	0.00668
17	0.01316	0.01112	0.01284	0.00930	0.01456	0.00885	0.00745	0.05811	0.03419	0.02085	0.01131	0.01288	0.00926	0.00473	0.00460	0.00098	0.00459	0.00377	0.00378	0.75370
18	0.01175	0.00996	0.01524	0.16782	0.02064	0.00930	0.10335	0.01471	0.01301	0.04965	0.06634	0.15215	0.03437	0.00853	0.00607	0.00172	0.00568	0.02437	0.00413	0.28123
19	0.01951	0.01315	0.01587	0.01288	0.01625	0.03403	0.02741	0.24691	0.04772	0.21334	0.01904	0.05507	0.04359	0.00897	0.00880	0.00203	0.15213	0.02906	0.00548	0.02877
20	0.01255	0.12340	0.66940	0.01632	0.02475	0.01516	0.02078	0.01893	0.01264	0.01846	0.01050	0.01233	0.00763	0.00565	0.00549	0.00183	0.00859	0.00430	0.00254	0.00875
21	0.01336	0.01478	0.03133	0.02283	0.02801	0.01410	0.61082	0.01786	0.01390	0.01897	0.04517	0.07947	0.01360	0.00671	0.00766	0.00208	0.04029	0.00800	0.00338	0.00769
22	0.01384	0.31632	0.46595	0.01453	0.02187	0.03731	0.01748	0.01879	0.01264	0.01710	0.00984	0.01151	0.00766	0.00551	0.00501	0.00166	0.00802	0.00397	0.00257	0.00840
23	0.01428	0.01365	0.02306	0.06664	0.67661	0.01371	0.01756	0.01775	0.01363	0.01927	0.01423	0.01749	0.05332	0.00597	0.00603	0.00181	0.00694	0.00579	0.00312	0.00914
24	0.00864	0.00626	0.00874	0.00874	0.00949	0.00702	0.00636	0.01015	0.00939	0.01328	0.01696	0.02833	0.01708	0.26704	0.54561	0.00852	0.01304	0.00713	0.00335	0.00486
25	0.01420	0.01623	0.03550	0.02535	0.03144	0.01521	0.72921	0.01927	0.01420	0.01927	0.01217	0.01623	0.00913	0.00507	0.00710	0.00203	0.01014	0.00710	0.00304	0.00811
26	0.01216	0.01018	0.01275	0.14056	0.01822	0.00870	0.00849	0.01507	0.01241	0.01915	0.01158	0.01408	0.00941	0.00498	0.00470	0.00113	0.00490	0.00408	0.08518	0.60225
27	0.13460	0.01582	0.01659	0.01287	0.01753	0.01748	0.01063	0.59924	0.02527	0.07047	0.01405	0.01408	0.00994	0.00701	0.00570	0.00182	0.00628	0.00515	0.00577	0.00972
28	0.00928	0.00623	0.00860	0.00860	0.00976	0.00702	0.00665	0.01160	0.01044	0.01618	0.01703	0.02332	0.01514	0.03514	0.56555	0.00750	0.01263	0.00623	0.21767	0.00543
29	0.01375	0.35014	0.45315	0.01427	0.02159	0.01809	0.01722	0.01862	0.01250	0.01700	0.00978	0.01142	0.00766	0.00548	0.00494	0.00165	0.00786	0.00393	0.00255	0.00840
30	0.01369	0.00639	0.00708	0.00652	0.00846	0.00614	0.00503	0.01642	0.01355	0.14270	0.05013	0.02303	0.01703	0.00730	0.00463	0.00150	0.00318	0.00590	0.65496	0.00637
31	0.01496	0.01292	0.01360	0.01224	0.01564	0.01496	0.00952	0.03197	0.74019	0.02516	0.02448	0.02244	0.01836	0.00816	0.00612	0.00204	0.00476	0.00680	0.00612	0.00952
32	0.00796	0.00613	0.00727	0.00698	0.00865	0.00544	0.00524	0.01027	0.01571	0.02100	0.47555	0.05007	0.33104	0.01346	0.00710	0.00195	0.00292	0.01160	0.00621	0.00544
33	0.00764	0.00546	0.00734	0.00873	0.00921	0.00515	0.00612	0.00891	0.01182	0.01570	0.03299	0.69080	0.03911	0.01856	0.00776	0.00249	0.00376	0.10790	0.00558	0.00497
34	0.01886	0.01858	0.01556	0.01357	0.01716	0.24752	0.01055	0.16899	0.37446	0.02448	0.01778	0.01726	0.01346	0.00737	0.00589	0.00184	0.00701	0.00562	0.00517	0.00888
35	0.01590	0.66437	0.02858	0.01061	0.01547	0.02235	0.01017	0.02030	0.13164	0.01596	0.01101	0.01175	0.00947	0.00564	0.00423	0.00141	0.00616	0.00380	0.00316	0.00802
36	0.00994	0.00675	0.00784	0.00762	0.00961	0.00602	0.00579	0.03319	0.01460	0.09203	0.14105	0.16786	0.40908	0.01447	0.00712	0.00209	0.00354	0.04965	0.00592	0.00583
37	0.01711	0.01470	0.04561	0.01223	0.01667	0.06308	0.03170	0.26269	0.08065	0.06084	0.01732	0.03404	0.05506	0.00838	0.02952	0.00188	0.02214	0.00572	0.00486	0.21580
38	0.01284	0.01137	0.01174	0.07905	0.01503	0.11646	0.00863	0.07653	0.06185	0.03640	0.04157	0.28735	0.04617	0.03753	0.04382	0.00252	0.03727	0.00983	0.02326	0.04077
39	0.01552	0.38301	0.19965	0.01357	0.04810	0.10692	0.01327	0.05874	0.01393	0.01710	0.01278	0.03733	0.04409	0.00644	0.00497	0.00159	0.00733	0.00468	0.00308	0.00791
40	0.04554	0.01269	0.01365	0.01211	0.04458	0.08260	0.00908	0.20430	0.03575	0.22820	0.02087	0.10492	0.05191	0.03021	0.00778	0.05083	0.00580	0.00716	0.02384	0.00818
41	0.00936	0.05387	0.03315	0.04631	0.04219	0.00799	0.00782	0.01221	0.05336	0.01772	0.15116	0.32161	0.09471	0.05196	0.00819	0.00235	0.00440	0.07059	0.00518	0.00585
42	0.01439	0.01066	0.01309	0.01254	0.05889	0.04199	0.02799	0.10881	0.06154	0.10298	0.07503	0.11000	0.05483	0.05379	0.03830	0.00254	0.02658	0.11797	0.00520	0.06288
43	0.03263	0.03624	0.01384	0.01070	0.01463	0.02588	0.04584	0.09738	0.11013	0.07355	0.02184	0.09645	0.09744	0.00948	0.02928	0.00188	0.00539	0.00701	0.00480	0.26561

[dist]
# distance from previous block
# <min> <max>
0	402

# created by:
# /home/cegg/simao/soft/augustus-3.2.1/scripts/msa2prfl.pl ./align_prep/EOG090W0AMG.fa
