[name]
unknown

[dist]
# distance from previous block
# <min> <max>
0	575

[block]
# block no. 0 follows, 29 sequences, length 65
# corresponding to MSA columns:
# 596-608,611-620,624-665
name=unknown_A
#
# <colnr> <probs for GDERKNQSTAVLIFYWHMCP>
#	G	D	E	R	K	N	Q	S	T	A	V	L	I	F	Y	W	H	M	C	P
0	0.01615	0.01499	0.01949	0.44262	0.03673	0.09480	0.01682	0.04021	0.06359	0.04573	0.01726	0.02631	0.01452	0.00913	0.00792	0.00244	0.03333	0.08543	0.00424	0.00830
1	0.01116	0.09766	0.01139	0.00850	0.00938	0.00934	0.00555	0.01164	0.01142	0.01483	0.02458	0.11495	0.05250	0.55599	0.02851	0.00566	0.00658	0.01076	0.00449	0.00512
2	0.02464	0.06882	0.02322	0.03524	0.05197	0.06720	0.03543	0.48068	0.04565	0.03720	0.01580	0.01675	0.01170	0.00832	0.00775	0.00215	0.04400	0.00621	0.00607	0.01121
3	0.02349	0.04652	0.10839	0.01978	0.02584	0.20197	0.15910	0.19748	0.02215	0.10347	0.01541	0.01682	0.01121	0.00742	0.00710	0.00212	0.01016	0.00623	0.00503	0.01028
4	0.01237	0.00618	0.00928	0.00928	0.00928	0.00618	0.00618	0.00928	0.00928	0.01237	0.01237	0.02165	0.01237	0.02474	0.02783	0.79283	0.00618	0.00618	0.00309	0.00309
5	0.00975	0.00716	0.00865	0.00893	0.01065	0.00641	0.00662	0.01197	0.01678	0.03933	0.23740	0.23855	0.29302	0.01803	0.00865	0.00254	0.00393	0.05826	0.00701	0.00634
6	0.01567	0.01583	0.02323	0.01949	0.02000	0.02154	0.06231	0.01754	0.01132	0.01754	0.00970	0.01583	0.00945	0.01201	0.02231	0.00307	0.68570	0.00638	0.00315	0.00792
7	0.01645	0.00899	0.00951	0.00857	0.01109	0.00923	0.00666	0.09957	0.04500	0.07733	0.02306	0.02524	0.01760	0.00842	0.00548	0.00179	0.00416	0.00670	0.60727	0.00788
8	0.00905	0.00729	0.00788	0.00802	0.01005	0.00638	0.00604	0.01094	0.01593	0.01955	0.10625	0.06657	0.52099	0.09071	0.01133	0.00293	0.00423	0.08343	0.00646	0.00595
9	0.01289	0.00671	0.00699	0.00692	0.00858	0.00665	0.00519	0.01621	0.01557	0.02679	0.10569	0.02979	0.02420	0.00906	0.00539	0.00173	0.00332	0.00740	0.69429	0.00665
10	0.00921	0.00724	0.00831	0.00805	0.01011	0.00635	0.00604	0.01176	0.01811	0.02369	0.37287	0.06120	0.39893	0.01637	0.00841	0.00233	0.00349	0.01400	0.00720	0.00635
11	0.01000	0.00728	0.00941	0.00888	0.01059	0.00669	0.00666	0.01329	0.01997	0.02812	0.67200	0.05391	0.09703	0.01472	0.00840	0.00225	0.00337	0.01298	0.00778	0.00669
12	0.01787	0.10510	0.01868	0.01421	0.01849	0.01898	0.01138	0.03583	0.61005	0.02820	0.02666	0.02473	0.02021	0.00923	0.00692	0.00231	0.00588	0.00753	0.00674	0.01101
13	0.01036	0.00690	0.00777	0.00777	0.00777	0.00690	0.00431	0.01036	0.01036	0.01381	0.02244	0.04660	0.02589	0.74975	0.03624	0.00690	0.00690	0.01036	0.00431	0.00431
14	0.01846	0.66685	0.11943	0.01317	0.01980	0.02676	0.01390	0.02147	0.01454	0.01746	0.01025	0.01186	0.00912	0.00617	0.00484	0.00161	0.00797	0.00398	0.00304	0.00931
15	0.00864	0.00632	0.00813	0.00959	0.01024	0.00581	0.00646	0.00995	0.01395	0.01831	0.04324	0.66286	0.12676	0.02179	0.00901	0.00283	0.00407	0.01961	0.00661	0.00581
16	0.01695	0.03620	0.56270	0.01987	0.02891	0.16928	0.02359	0.02383	0.01615	0.02144	0.01239	0.01456	0.00905	0.00689	0.00669	0.00216	0.01103	0.00512	0.00315	0.01003
17	0.00976	0.00750	0.01077	0.01402	0.09481	0.00714	0.00846	0.01137	0.01395	0.01880	0.03610	0.65667	0.04274	0.02037	0.00884	0.00280	0.00466	0.01855	0.00623	0.00645
18	0.80005	0.01377	0.01047	0.00936	0.01377	0.01597	0.00771	0.02093	0.01212	0.03195	0.00991	0.01157	0.00771	0.00661	0.00441	0.00220	0.00551	0.00386	0.00441	0.00771
19	0.01681	0.01921	0.04202	0.03001	0.03721	0.01801	0.67947	0.02281	0.01681	0.02281	0.01441	0.01921	0.01080	0.00600	0.00840	0.00240	0.01200	0.00840	0.00360	0.00960
20	0.02848	0.01135	0.01541	0.01208	0.01698	0.00987	0.00987	0.03133	0.02035	0.60209	0.13496	0.02883	0.02549	0.00972	0.00736	0.00221	0.00563	0.00807	0.00866	0.01126
21	0.00910	0.00698	0.00844	0.00936	0.01082	0.00632	0.00698	0.01099	0.01536	0.01948	0.07343	0.33717	0.30856	0.01989	0.00893	0.00274	0.00432	0.12844	0.00664	0.00604
22	0.01428	0.03683	0.71286	0.02030	0.03082	0.01654	0.02631	0.02255	0.01503	0.02255	0.01278	0.01503	0.00902	0.00677	0.00677	0.00226	0.01052	0.00526	0.00301	0.01052
23	0.01959	0.01339	0.01442	0.01266	0.01556	0.09703	0.00986	0.07915	0.01856	0.20244	0.13320	0.09349	0.04407	0.07583	0.05900	0.00334	0.05634	0.03709	0.00646	0.00853
24	0.00938	0.00724	0.00847	0.00817	0.01010	0.00643	0.00607	0.01195	0.01812	0.02403	0.40832	0.05946	0.33550	0.04401	0.00947	0.00249	0.00360	0.01370	0.00718	0.00633
25	0.01040	0.00781	0.01127	0.01115	0.01218	0.00908	0.00845	0.01252	0.01126	0.01614	0.01922	0.03035	0.01872	0.15782	0.59137	0.01044	0.04386	0.00799	0.00386	0.00610
26	0.01477	0.01266	0.01477	0.01055	0.01687	0.00949	0.00844	0.01793	0.01477	0.02320	0.01266	0.01477	0.01055	0.00527	0.00527	0.00105	0.00527	0.00422	0.00422	0.79328
27	0.09596	0.02074	0.12306	0.01751	0.08765	0.08796	0.01426	0.16872	0.05789	0.05076	0.01472	0.01607	0.01118	0.00703	0.00629	0.00188	0.00778	0.00538	0.00489	0.20025
28	0.08675	0.15635	0.09631	0.01728	0.02146	0.02015	0.09632	0.04608	0.01453	0.07238	0.01262	0.01590	0.01032	0.00881	0.01220	0.00241	0.26570	0.00582	0.02961	0.00899
29	0.01345	0.00993	0.01092	0.01008	0.01221	0.03768	0.00737	0.01858	0.12819	0.07249	0.30693	0.04519	0.10668	0.17276	0.01408	0.00328	0.00510	0.01101	0.00676	0.00732
30	0.01524	0.01615	0.09399	0.02466	0.25679	0.03307	0.03336	0.04096	0.06612	0.02347	0.07430	0.03169	0.02165	0.01514	0.09439	0.00345	0.00915	0.10837	0.00474	0.03330
31	0.01038	0.00779	0.00973	0.00985	0.01153	0.00687	0.00685	0.01193	0.01348	0.01871	0.03075	0.44747	0.03555	0.13393	0.01260	0.00315	0.00492	0.04249	0.00573	0.17629
32	0.02485	0.01884	0.02012	0.01593	0.02124	0.02105	0.01300	0.52886	0.18983	0.04130	0.01992	0.01934	0.01439	0.00881	0.00715	0.00220	0.00731	0.00680	0.00715	0.01191
33	0.01538	0.20186	0.55741	0.01843	0.02793	0.01922	0.02306	0.02227	0.01490	0.02122	0.01212	0.01420	0.00905	0.00661	0.00626	0.00209	0.00985	0.00493	0.00302	0.01020
34	0.01657	0.02015	0.11123	0.02553	0.03245	0.01738	0.47246	0.04521	0.09925	0.02417	0.01880	0.02189	0.04447	0.00718	0.00804	0.00238	0.01054	0.00826	0.00423	0.00982
35	0.01501	0.14738	0.60873	0.01905	0.02889	0.01833	0.02413	0.02236	0.01495	0.02166	0.01233	0.01448	0.00904	0.00666	0.00643	0.00214	0.01008	0.00504	0.00301	0.01031
36	0.01459	0.01347	0.02186	0.31628	0.28843	0.01475	0.01790	0.01958	0.04772	0.02208	0.10881	0.02517	0.04261	0.00833	0.00732	0.00226	0.00789	0.00760	0.00424	0.00911
37	0.02274	0.01823	0.01778	0.01492	0.01934	0.10321	0.01198	0.31230	0.19212	0.06599	0.02164	0.02401	0.01673	0.00936	0.00705	0.00220	0.00734	0.04695	0.07551	0.01061
38	0.02662	0.03334	0.02023	0.01826	0.02202	0.69122	0.01375	0.05641	0.02075	0.01860	0.01127	0.01302	0.00930	0.00739	0.00645	0.00185	0.01263	0.00466	0.00382	0.00842
39	0.00881	0.00710	0.00785	0.00793	0.00993	0.00614	0.00584	0.01089	0.01678	0.02116	0.20652	0.14740	0.48312	0.01779	0.00849	0.00243	0.00362	0.01519	0.00688	0.00614
40	0.01554	0.00730	0.00784	0.00737	0.00950	0.00710	0.00564	0.01879	0.01560	0.10966	0.02382	0.02627	0.01818	0.00836	0.00524	0.00173	0.00365	0.00670	0.69441	0.00730
41	0.01017	0.00763	0.01144	0.01144	0.01272	0.00890	0.00890	0.01272	0.01144	0.01653	0.01907	0.02797	0.01780	0.05340	0.72153	0.01144	0.01907	0.00763	0.00381	0.00636
42	0.00953	0.00680	0.00924	0.01089	0.01167	0.00652	0.00809	0.01138	0.01447	0.01913	0.03878	0.54329	0.04524	0.02151	0.00932	0.00301	0.00487	0.21368	0.00659	0.00602
43	0.03195	0.01212	0.01652	0.01267	0.01818	0.01047	0.01047	0.03470	0.02038	0.71026	0.02809	0.02424	0.01763	0.00881	0.00716	0.00220	0.00606	0.00716	0.00881	0.01212
44	0.01036	0.00690	0.00777	0.00777	0.00777	0.00690	0.00431	0.01036	0.01036	0.01381	0.02244	0.04660	0.02589	0.74975	0.03624	0.00690	0.00690	0.01036	0.00431	0.00431
45	0.01477	0.01266	0.01477	0.01055	0.01687	0.00949	0.00844	0.01793	0.01477	0.02320	0.01266	0.01477	0.01055	0.00527	0.00527	0.00105	0.00527	0.00422	0.00422	0.79328
46	0.01904	0.75404	0.03731	0.01218	0.01828	0.02818	0.01218	0.02132	0.01447	0.01675	0.00990	0.01142	0.00914	0.00609	0.00457	0.00152	0.00761	0.00381	0.00305	0.00914
47	0.02707	0.01995	0.02137	0.01638	0.02208	0.02208	0.01353	0.68159	0.03348	0.04488	0.01710	0.01710	0.01211	0.00855	0.00712	0.00214	0.00784	0.00641	0.00712	0.01211
48	0.02660	0.03394	0.02018	0.01834	0.02201	0.72116	0.01376	0.02843	0.02018	0.01743	0.01101	0.01284	0.00917	0.00734	0.00642	0.00183	0.01284	0.00459	0.00367	0.00825
49	0.02707	0.01995	0.02137	0.01638	0.02208	0.02208	0.01353	0.68159	0.03348	0.04488	0.01710	0.01710	0.01211	0.00855	0.00712	0.00214	0.00784	0.00641	0.00712	0.01211
50	0.70603	0.01622	0.01165	0.01046	0.01477	0.10169	0.00845	0.02184	0.01310	0.03018	0.01005	0.01172	0.00789	0.00670	0.00465	0.00216	0.00640	0.00394	0.00432	0.00778
51	0.01327	0.00664	0.00664	0.00664	0.00830	0.00664	0.00498	0.01659	0.01493	0.02655	0.02323	0.02655	0.01825	0.00830	0.00498	0.00166	0.00332	0.00664	0.78928	0.00664
52	0.01099	0.00800	0.01083	0.01227	0.01395	0.00783	0.01054	0.01401	0.01626	0.02093	0.04195	0.10579	0.12163	0.01958	0.00963	0.00316	0.00610	0.55353	0.00657	0.00646
53	0.80005	0.01377	0.01047	0.00936	0.01377	0.01597	0.00771	0.02093	0.01212	0.03195	0.00991	0.01157	0.00771	0.00661	0.00441	0.00220	0.00551	0.00386	0.00441	0.00771
54	0.01904	0.75404	0.03731	0.01218	0.01828	0.02818	0.01218	0.02132	0.01447	0.01675	0.00990	0.01142	0.00914	0.00609	0.00457	0.00152	0.00761	0.00381	0.00305	0.00914
55	0.01829	0.01558	0.01643	0.01461	0.01874	0.01798	0.01141	0.07769	0.65167	0.03072	0.02825	0.02598	0.02114	0.00959	0.00724	0.00240	0.00577	0.00795	0.00724	0.01132
56	0.01699	0.01808	0.03621	0.06272	0.29234	0.01751	0.40301	0.02226	0.01648	0.02280	0.01395	0.01860	0.01093	0.00618	0.00784	0.00229	0.01056	0.00754	0.00356	0.01018
57	0.01030	0.00711	0.00881	0.00881	0.00918	0.00747	0.00562	0.01103	0.01067	0.01458	0.02148	0.04130	0.02359	0.55148	0.23137	0.00820	0.01037	0.00958	0.00417	0.00490
58	0.01537	0.01527	0.02140	0.01841	0.01846	0.02131	0.01532	0.01696	0.01093	0.01711	0.00973	0.01606	0.00968	0.01406	0.05068	0.00344	0.70865	0.00629	0.00314	0.00773
59	0.01010	0.00740	0.00923	0.00931	0.01085	0.00692	0.00709	0.01264	0.01715	0.02308	0.34485	0.06057	0.17198	0.12957	0.01299	0.00320	0.00461	0.14547	0.00681	0.00619
60	0.01510	0.01354	0.02136	0.64557	0.04577	0.01658	0.01902	0.09883	0.01658	0.02144	0.01320	0.01875	0.00981	0.00729	0.00712	0.00234	0.00929	0.00634	0.00365	0.00842
61	0.00892	0.00663	0.00786	0.00871	0.00963	0.00607	0.00582	0.01009	0.01376	0.01764	0.04562	0.41214	0.23477	0.16164	0.01414	0.00352	0.00451	0.01681	0.00617	0.00557
62	0.01345	0.01266	0.02136	0.73264	0.04904	0.01582	0.01978	0.01819	0.01424	0.01819	0.01266	0.01898	0.00949	0.00712	0.00712	0.00237	0.00949	0.00633	0.00316	0.00791
63	0.01832	0.01581	0.02521	0.05463	0.07039	0.01681	0.20739	0.11006	0.12414	0.07157	0.06089	0.02442	0.01776	0.00898	0.00942	0.00241	0.08936	0.03088	0.03172	0.00980
64	0.04406	0.01930	0.01697	0.05555	0.02009	0.20327	0.01178	0.22599	0.04511	0.06122	0.02573	0.05213	0.11376	0.03314	0.00813	0.00235	0.00822	0.03834	0.00578	0.00910

[dist]
# distance from previous block
# <min> <max>
2	9

[block]
# block no. 1 follows, 29 sequences, length 84
# corresponding to MSA columns:
# 675-758
name=unknown_B
#
# <colnr> <probs for GDERKNQSTAVLIFYWHMCP>
#	G	D	E	R	K	N	Q	S	T	A	V	L	I	F	Y	W	H	M	C	P
0	0.01704	0.01369	0.01660	0.10256	0.05152	0.01486	0.01200	0.11134	0.27457	0.05120	0.02390	0.12055	0.02043	0.01205	0.03634	0.00263	0.00684	0.00874	0.00606	0.09710
1	0.01943	0.04373	0.02378	0.09561	0.14197	0.07592	0.11230	0.07785	0.04530	0.10740	0.01748	0.06935	0.01442	0.00829	0.00766	0.00214	0.03329	0.00733	0.00487	0.09190
2	0.05799	0.01896	0.14130	0.03655	0.02490	0.01518	0.14605	0.12490	0.04460	0.22241	0.02120	0.02152	0.04342	0.00801	0.00719	0.00222	0.00818	0.00705	0.00583	0.04255
3	0.01225	0.01118	0.01735	0.01523	0.01665	0.01267	0.10898	0.01426	0.01315	0.01821	0.02654	0.26612	0.06895	0.10407	0.01654	0.00335	0.22655	0.03628	0.00483	0.00682
4	0.01669	0.01468	0.02293	0.21689	0.13531	0.04086	0.11774	0.04424	0.04384	0.07669	0.01986	0.09917	0.03975	0.00932	0.00820	0.00234	0.04055	0.00846	0.00460	0.03790
5	0.04538	0.09033	0.19921	0.09525	0.02449	0.03706	0.06680	0.04998	0.01698	0.09165	0.08855	0.04886	0.06690	0.00914	0.00697	0.00219	0.00786	0.00766	0.03567	0.00907
6	0.01019	0.00757	0.01113	0.01113	0.01229	0.00873	0.00851	0.01251	0.01135	0.01630	0.01936	0.02957	0.01849	0.11311	0.66278	0.01105	0.01803	0.00786	0.00386	0.00618
7	0.02495	0.19103	0.02392	0.01700	0.02120	0.56998	0.01341	0.02688	0.01893	0.01728	0.01077	0.01253	0.00916	0.00707	0.00602	0.00177	0.01170	0.00442	0.00353	0.00845
8	0.07852	0.01870	0.11095	0.23111	0.05410	0.07038	0.08655	0.09972	0.01757	0.04994	0.01454	0.01786	0.01087	0.00717	0.00670	0.00215	0.00881	0.00608	0.07146	0.03681
9	0.05001	0.18728	0.13625	0.04222	0.26323	0.07616	0.01828	0.04521	0.01590	0.02169	0.01194	0.01503	0.00995	0.00706	0.00769	0.00208	0.07127	0.00535	0.00347	0.00994
10	0.01916	0.01290	0.01289	0.01089	0.01419	0.04167	0.00865	0.27464	0.02233	0.03328	0.02036	0.02233	0.01550	0.00835	0.00587	0.00185	0.00546	0.00647	0.45439	0.00882
11	0.04370	0.01213	0.01472	0.01314	0.05930	0.01077	0.00962	0.07013	0.04115	0.07858	0.07947	0.08620	0.05144	0.00952	0.00665	0.00180	0.00548	0.03768	0.00559	0.36291
12	0.01650	0.01282	0.01616	0.01259	0.01747	0.01159	0.05150	0.13937	0.01973	0.05935	0.14068	0.03002	0.06980	0.00940	0.00692	0.00182	0.00583	0.04434	0.00586	0.32827
13	0.01689	0.01202	0.05669	0.01156	0.01468	0.01091	0.00933	0.07102	0.10445	0.15628	0.10976	0.03508	0.05085	0.21392	0.09099	0.00449	0.00760	0.00901	0.00617	0.00830
14	0.01019	0.00768	0.01019	0.01111	0.01182	0.00796	0.00801	0.03483	0.01456	0.01967	0.06073	0.57906	0.04290	0.02048	0.01028	0.00289	0.06723	0.06778	0.00637	0.00627
15	0.01467	0.01493	0.02870	0.30526	0.11261	0.01567	0.27284	0.01945	0.01538	0.02053	0.01637	0.09978	0.01438	0.00829	0.00783	0.00241	0.00975	0.00868	0.00376	0.00870
16	0.02202	0.01186	0.01609	0.01300	0.01727	0.01133	0.06117	0.05185	0.10993	0.32864	0.08613	0.03125	0.08390	0.03242	0.03455	0.00270	0.00640	0.00861	0.06090	0.01000
17	0.02013	0.60731	0.03491	0.01388	0.01973	0.10461	0.04314	0.05160	0.01606	0.01836	0.01055	0.01219	0.00935	0.00634	0.00507	0.00163	0.00841	0.00422	0.00332	0.00919
18	0.04795	0.01624	0.05287	0.13480	0.17827	0.01552	0.06610	0.13589	0.01887	0.09768	0.01596	0.03764	0.01240	0.00737	0.00685	0.00205	0.00789	0.00650	0.00485	0.13430
19	0.22100	0.19003	0.04775	0.01383	0.01910	0.09920	0.01205	0.20790	0.07763	0.02989	0.01377	0.01463	0.01068	0.00738	0.00576	0.00201	0.00766	0.00505	0.00496	0.00974
20	0.01290	0.01158	0.01642	0.01485	0.01541	0.01526	0.01197	0.01479	0.01110	0.01666	0.01440	0.02293	0.01407	0.07694	0.32730	0.00697	0.37892	0.00710	0.00350	0.00695
21	0.01005	0.00731	0.01029	0.01048	0.01138	0.00812	0.00765	0.01189	0.01145	0.01612	0.02205	0.11187	0.02282	0.20110	0.49344	0.00951	0.01477	0.00963	0.00423	0.00585
22	0.01190	0.00653	0.00968	0.00968	0.01003	0.00682	0.00676	0.01031	0.00996	0.01380	0.01427	0.02326	0.01381	0.03073	0.18553	0.58774	0.00903	0.00653	0.02968	0.00396
23	0.80005	0.01377	0.01047	0.00936	0.01377	0.01597	0.00771	0.02093	0.01212	0.03195	0.00991	0.01157	0.00771	0.00661	0.00441	0.00220	0.00551	0.00386	0.00441	0.00771
24	0.01077	0.00766	0.00999	0.00984	0.01064	0.00835	0.00686	0.03199	0.01160	0.01610	0.02062	0.03652	0.02148	0.38388	0.37317	0.00900	0.01293	0.00889	0.00415	0.00556
25	0.01008	0.00728	0.00952	0.00896	0.01064	0.00672	0.00672	0.01344	0.02016	0.02855	0.70158	0.05319	0.06719	0.01456	0.00840	0.00224	0.00336	0.01288	0.00784	0.00672
26	0.01018	0.00760	0.01128	0.01128	0.01249	0.00881	0.00870	0.01261	0.01140	0.01641	0.01922	0.02880	0.01816	0.08443	0.69100	0.01124	0.01853	0.00775	0.00384	0.00627
27	0.01036	0.00690	0.00777	0.00777	0.00777	0.00690	0.00431	0.01036	0.01036	0.01381	0.02244	0.04660	0.02589	0.74975	0.03624	0.00690	0.00690	0.01036	0.00431	0.00431
28	0.01345	0.01266	0.02136	0.73264	0.04904	0.01582	0.01978	0.01819	0.01424	0.01819	0.01266	0.01898	0.00949	0.00712	0.00712	0.00237	0.00949	0.00633	0.00316	0.00791
29	0.01681	0.01921	0.04202	0.03001	0.03721	0.01801	0.67947	0.02281	0.01681	0.02281	0.01441	0.01921	0.01080	0.00600	0.00840	0.00240	0.01200	0.00840	0.00360	0.00960
30	0.01171	0.00954	0.01387	0.01697	0.17364	0.00905	0.01016	0.01514	0.01889	0.02651	0.48605	0.04616	0.10853	0.01293	0.00808	0.00222	0.00458	0.01153	0.00672	0.00773
31	0.01664	0.01592	0.02713	0.20544	0.55126	0.01666	0.02137	0.02099	0.01575	0.02207	0.01322	0.01794	0.01086	0.00653	0.00707	0.00218	0.00870	0.00634	0.00344	0.01049
32	0.01904	0.75404	0.03731	0.01218	0.01828	0.02818	0.01218	0.02132	0.01447	0.01675	0.00990	0.01142	0.00914	0.00609	0.00457	0.00152	0.00761	0.00381	0.00305	0.00914
33	0.02167	0.01483	0.02159	0.02571	0.30651	0.01421	0.01513	0.08471	0.04611	0.21291	0.01923	0.04614	0.01473	0.00779	0.00692	0.00203	0.00703	0.00686	0.00566	0.12023
34	0.02434	0.02326	0.02090	0.01734	0.02206	0.25534	0.05503	0.25085	0.17616	0.05592	0.01798	0.01821	0.01342	0.00824	0.00700	0.00212	0.00922	0.00632	0.00583	0.01047
35	0.00982	0.00711	0.00904	0.01020	0.01104	0.00682	0.00699	0.05234	0.01501	0.01991	0.03936	0.66799	0.07505	0.02124	0.00893	0.00282	0.00434	0.01913	0.00664	0.00619
36	0.01519	0.01329	0.01687	0.01548	0.11938	0.01060	0.01043	0.01851	0.01498	0.02321	0.01277	0.01519	0.01066	0.00543	0.00554	0.00121	0.00575	0.00454	0.00412	0.67685
37	0.01345	0.01266	0.02136	0.73264	0.04904	0.01582	0.01978	0.01819	0.01424	0.01819	0.01266	0.01898	0.00949	0.00712	0.00712	0.00237	0.00949	0.00633	0.00316	0.00791
38	0.76525	0.04675	0.01166	0.00949	0.01397	0.01652	0.00791	0.02095	0.01222	0.03127	0.00991	0.01156	0.00778	0.00659	0.00441	0.00217	0.00560	0.00385	0.00435	0.00778
39	0.01017	0.00763	0.01144	0.01144	0.01272	0.00890	0.00890	0.01272	0.01144	0.01653	0.01907	0.02797	0.01780	0.05340	0.72153	0.01144	0.01907	0.00763	0.00381	0.00636
40	0.01030	0.00688	0.00778	0.00784	0.00785	0.00687	0.00439	0.01034	0.01047	0.01396	0.02301	0.07053	0.02661	0.72483	0.03531	0.00677	0.00681	0.01069	0.00439	0.00436
41	0.01681	0.01921	0.04202	0.03001	0.03721	0.01801	0.67947	0.02281	0.01681	0.02281	0.01441	0.01921	0.01080	0.00600	0.00840	0.00240	0.01200	0.00840	0.00360	0.00960
42	0.01762	0.01692	0.02890	0.04371	0.70533	0.01692	0.02185	0.02185	0.01621	0.02326	0.01339	0.01762	0.01128	0.00634	0.00705	0.00211	0.00846	0.00634	0.00352	0.01128
43	0.02707	0.01995	0.02137	0.01638	0.02208	0.02208	0.01353	0.68159	0.03348	0.04488	0.01710	0.01710	0.01211	0.00855	0.00712	0.00214	0.00784	0.00641	0.00712	0.01211
44	0.00957	0.00703	0.00834	0.00834	0.00960	0.00648	0.00576	0.01141	0.01584	0.02115	0.28912	0.14011	0.20933	0.20822	0.01575	0.00358	0.00444	0.01365	0.00647	0.00580
45	0.00921	0.00724	0.00831	0.00804	0.01010	0.00635	0.00603	0.01175	0.01810	0.02366	0.37122	0.06124	0.40059	0.01638	0.00841	0.00233	0.00349	0.01401	0.00719	0.00635
46	0.00869	0.00685	0.00785	0.00839	0.00999	0.00601	0.00599	0.01046	0.01572	0.01987	0.12923	0.31253	0.39480	0.01920	0.00866	0.00256	0.00377	0.01669	0.00675	0.00601
47	0.00897	0.00700	0.00818	0.00865	0.01032	0.00621	0.00636	0.01098	0.01619	0.02069	0.17051	0.25762	0.36480	0.01874	0.00869	0.00257	0.00390	0.05669	0.00682	0.00610
48	0.02039	0.01662	0.01761	0.01503	0.01954	0.01896	0.01192	0.22183	0.50412	0.03410	0.02558	0.02386	0.01898	0.00934	0.00721	0.00234	0.00626	0.00758	0.00721	0.01151
49	0.01489	0.01417	0.02382	0.47810	0.26013	0.01644	0.02026	0.01933	0.01473	0.01979	0.01275	0.01839	0.01006	0.00710	0.00781	0.00232	0.04129	0.00633	0.00328	0.00900
50	0.00890	0.00638	0.00860	0.01001	0.01051	0.00617	0.00679	0.01024	0.01328	0.01785	0.03644	0.64177	0.04312	0.05022	0.08934	0.00398	0.00589	0.01851	0.00622	0.00580
51	0.01477	0.01266	0.01477	0.01055	0.01687	0.00949	0.00844	0.01793	0.01477	0.02320	0.01266	0.01477	0.01055	0.00527	0.00527	0.00105	0.00527	0.00422	0.00422	0.79328
52	0.01029	0.00688	0.00779	0.00785	0.00786	0.00686	0.00440	0.01034	0.01048	0.01397	0.02307	0.07292	0.02669	0.72234	0.03522	0.00675	0.00680	0.01073	0.00440	0.00437
53	0.01035	0.00769	0.00946	0.00896	0.01033	0.00759	0.00653	0.01270	0.01683	0.02341	0.39520	0.05090	0.15772	0.15483	0.01450	0.00319	0.05038	0.01205	0.04120	0.00621
54	0.02624	0.03209	0.02008	0.01803	0.02186	0.63912	0.01363	0.07622	0.05110	0.01997	0.01225	0.01376	0.00995	0.00753	0.00651	0.00188	0.01216	0.00487	0.00408	0.00867
55	0.00883	0.00626	0.00822	0.00972	0.01010	0.00588	0.00640	0.00995	0.01334	0.01779	0.03774	0.68249	0.04519	0.08752	0.01152	0.00325	0.00438	0.01936	0.00640	0.00565
56	0.01033	0.00699	0.00819	0.00819	0.00833	0.00713	0.00484	0.01063	0.01048	0.01412	0.02205	0.04447	0.02496	0.67005	0.11468	0.00742	0.00830	0.01004	0.00426	0.00455
57	0.11189	0.01152	0.01316	0.01211	0.01483	0.01299	0.00941	0.12773	0.13248	0.02569	0.02178	0.10442	0.01986	0.05387	0.27161	0.00588	0.01077	0.00852	0.02329	0.00818
58	0.01619	0.11378	0.43755	0.02171	0.11617	0.04919	0.02188	0.02428	0.09079	0.02256	0.01426	0.01615	0.01075	0.00698	0.00659	0.00215	0.00948	0.00552	0.00358	0.01045
59	0.00925	0.00701	0.00858	0.00902	0.01055	0.00634	0.00665	0.01149	0.01669	0.02197	0.25448	0.26412	0.25977	0.01835	0.00872	0.00257	0.00392	0.06731	0.00699	0.00621
60	0.01206	0.00731	0.00801	0.00803	0.00974	0.00711	0.00593	0.04476	0.01627	0.02506	0.10516	0.17136	0.11752	0.01291	0.00667	0.00208	0.00372	0.01098	0.41866	0.00665
61	0.02534	0.04840	0.02025	0.09566	0.04479	0.08487	0.04838	0.10189	0.04666	0.34174	0.02198	0.05394	0.01584	0.00875	0.00712	0.00220	0.00768	0.00726	0.00662	0.01064
62	0.01105	0.00959	0.01630	0.05974	0.01867	0.00931	0.14121	0.01393	0.01517	0.02027	0.08656	0.36924	0.06660	0.01816	0.03506	0.00305	0.00676	0.08668	0.00579	0.00687
63	0.00879	0.00688	0.00769	0.00811	0.00982	0.00598	0.00582	0.01018	0.01523	0.01882	0.07958	0.24291	0.46658	0.01947	0.00982	0.05244	0.00390	0.01577	0.00643	0.00579
64	0.03172	0.01248	0.01675	0.01284	0.01836	0.01100	0.01061	0.06448	0.02098	0.67964	0.02759	0.02391	0.01737	0.00880	0.00716	0.00220	0.00614	0.00713	0.00874	0.01212
65	0.01485	0.01291	0.01584	0.01131	0.01767	0.00983	0.03481	0.01812	0.01485	0.02319	0.01272	0.01494	0.01056	0.00530	0.00540	0.00111	0.00554	0.00438	0.00419	0.76249
66	0.04226	0.02604	0.36610	0.07977	0.19320	0.01641	0.02176	0.07792	0.01707	0.02499	0.05669	0.01844	0.01350	0.00733	0.00692	0.00222	0.00909	0.00614	0.00385	0.01031
67	0.01072	0.00798	0.01065	0.01039	0.01097	0.00909	0.00738	0.01202	0.01090	0.01534	0.01978	0.03540	0.02076	0.36710	0.34988	0.00867	0.07470	0.00875	0.00398	0.00555
68	0.01036	0.00690	0.00777	0.00777	0.00777	0.00690	0.00431	0.01036	0.01036	0.01381	0.02244	0.04660	0.02589	0.74975	0.03624	0.00690	0.00690	0.01036	0.00431	0.00431
69	0.01858	0.30063	0.30036	0.01626	0.02374	0.07934	0.01784	0.05454	0.05909	0.04858	0.01339	0.01469	0.01036	0.00691	0.00598	0.00195	0.00902	0.00497	0.00376	0.01000
70	0.02181	0.08679	0.13313	0.03347	0.02290	0.21541	0.03976	0.08889	0.05649	0.10865	0.03141	0.01874	0.01332	0.00842	0.00827	0.00217	0.07540	0.02054	0.00478	0.00964
71	0.80005	0.01377	0.01047	0.00936	0.01377	0.01597	0.00771	0.02093	0.01212	0.03195	0.00991	0.01157	0.00771	0.00661	0.00441	0.00220	0.00551	0.00386	0.00441	0.00771
72	0.01740	0.02541	0.26782	0.01727	0.04781	0.15474	0.01676	0.02428	0.10386	0.04839	0.04087	0.02370	0.05811	0.00864	0.00691	0.00211	0.00876	0.03291	0.00457	0.08969
73	0.01894	0.07193	0.07017	0.03579	0.01897	0.01380	0.01168	0.15147	0.03847	0.13507	0.04776	0.13599	0.02159	0.01066	0.00708	0.00212	0.00645	0.04523	0.00603	0.15079
74	0.01955	0.01289	0.01473	0.01235	0.01608	0.01338	0.00979	0.25013	0.08138	0.12486	0.18230	0.08992	0.07428	0.01177	0.00755	0.00224	0.00555	0.00983	0.05184	0.00958
75	0.00915	0.00690	0.00858	0.00973	0.01099	0.00633	0.00721	0.01096	0.01496	0.01911	0.04889	0.40945	0.24408	0.02050	0.00903	0.00282	0.00445	0.14427	0.00660	0.00600
76	0.01465	0.07111	0.53901	0.07288	0.06015	0.01684	0.02367	0.02241	0.04167	0.02218	0.01429	0.01836	0.01096	0.00738	0.00683	0.00227	0.00984	0.03199	0.00335	0.01016
77	0.02353	0.01440	0.07526	0.11567	0.07178	0.01217	0.05566	0.02730	0.01832	0.39159	0.07314	0.05064	0.01969	0.00899	0.00736	0.00227	0.00717	0.00782	0.00671	0.01056
78	0.07384	0.01114	0.01418	0.01144	0.01582	0.01016	0.00926	0.05380	0.02010	0.44279	0.18544	0.03239	0.06718	0.01052	0.00734	0.00222	0.00533	0.00870	0.00811	0.01024
79	0.01421	0.00879	0.00956	0.00875	0.01105	0.00900	0.00676	0.11290	0.01828	0.02820	0.12060	0.03284	0.08761	0.01295	0.05133	0.00250	0.00501	0.00831	0.44398	0.00738
80	0.04685	0.14159	0.07857	0.12004	0.08722	0.06483	0.04243	0.05126	0.03977	0.02074	0.01194	0.01580	0.01005	0.00857	0.01146	0.00237	0.22819	0.00574	0.00358	0.00899
81	0.01728	0.19330	0.27695	0.02142	0.02934	0.04772	0.23897	0.05310	0.01655	0.02215	0.01279	0.01561	0.00979	0.00646	0.00681	0.00211	0.01032	0.00600	0.00343	0.00989
82	0.00849	0.00722	0.00732	0.00729	0.00967	0.00604	0.00547	0.01037	0.01641	0.01967	0.10128	0.06782	0.67303	0.01787	0.00841	0.00240	0.00360	0.01493	0.00667	0.00604
83	0.02109	0.33862	0.02563	0.01388	0.01845	0.27722	0.01179	0.06028	0.01778	0.01959	0.01578	0.01716	0.05388	0.00763	0.00567	0.00174	0.00891	0.00519	0.07114	0.00857

[dist]
# distance from previous block
# <min> <max>
5	6

[block]
# block no. 2 follows, 29 sequences, length 30
# corresponding to MSA columns:
# 766-795
name=unknown_C
#
# <colnr> <probs for GDERKNQSTAVLIFYWHMCP>
#	G	D	E	R	K	N	Q	S	T	A	V	L	I	F	Y	W	H	M	C	P
0	0.03232	0.03424	0.04522	0.07631	0.04075	0.01160	0.12296	0.01900	0.03565	0.10503	0.14446	0.11137	0.11059	0.01236	0.00800	0.00243	0.00670	0.06682	0.00592	0.00825
1	0.01816	0.01255	0.01440	0.01165	0.01619	0.03341	0.00920	0.03819	0.13659	0.16052	0.18441	0.02793	0.02752	0.00911	0.00682	0.00185	0.00533	0.00761	0.00657	0.27201
2	0.70584	0.05557	0.01258	0.01012	0.01457	0.06362	0.00836	0.02145	0.01278	0.03015	0.00999	0.01164	0.00789	0.00663	0.00455	0.00214	0.00611	0.00390	0.00428	0.00783
3	0.06904	0.02234	0.21073	0.02471	0.11585	0.01691	0.24033	0.06302	0.01712	0.10018	0.01503	0.01770	0.01097	0.00700	0.00790	0.00230	0.03766	0.00668	0.00425	0.01030
4	0.01652	0.01515	0.01429	0.01268	0.01634	0.10893	0.00984	0.09146	0.21777	0.02589	0.08097	0.06942	0.15515	0.01171	0.00740	0.00220	0.00621	0.03420	0.00627	0.09761
5	0.00947	0.00678	0.00867	0.00912	0.01009	0.00633	0.00630	0.01145	0.01602	0.02195	0.31291	0.33721	0.08128	0.11433	0.01234	0.00313	0.00415	0.01567	0.00682	0.00599
6	0.01951	0.06385	0.02451	0.01993	0.05496	0.15835	0.12532	0.12574	0.04740	0.02343	0.01572	0.08693	0.01427	0.00991	0.01095	0.00239	0.17570	0.00759	0.00447	0.00907
7	0.00868	0.00620	0.00826	0.00991	0.01033	0.00578	0.00661	0.00991	0.01363	0.01818	0.03925	0.74510	0.04710	0.02231	0.00909	0.00289	0.00413	0.02024	0.00661	0.00578
8	0.01504	0.01339	0.01709	0.01258	0.01831	0.01138	0.04934	0.01869	0.03285	0.02279	0.01289	0.01543	0.01075	0.00611	0.00721	0.00137	0.07426	0.00476	0.00416	0.65159
9	0.00892	0.00635	0.00835	0.00968	0.01019	0.00595	0.00647	0.01029	0.01405	0.01889	0.10234	0.63149	0.04763	0.07002	0.01083	0.00310	0.00424	0.01887	0.00658	0.00578
10	0.00922	0.00662	0.00827	0.00937	0.01002	0.00623	0.00633	0.01041	0.01344	0.01760	0.03945	0.46373	0.12056	0.17848	0.01492	0.00373	0.00485	0.06511	0.00611	0.00555
11	0.59487	0.14238	0.07915	0.01084	0.01610	0.01811	0.01017	0.02115	0.01279	0.02849	0.01017	0.01186	0.00807	0.00654	0.00465	0.00209	0.00633	0.00398	0.00405	0.00821
12	0.01713	0.01354	0.01621	0.01383	0.01730	0.04425	0.05325	0.14911	0.16045	0.05522	0.17725	0.03163	0.02875	0.01685	0.11180	0.00360	0.00816	0.02969	0.04286	0.00910
13	0.01360	0.01063	0.01097	0.01039	0.01259	0.06950	0.00776	0.07465	0.01892	0.05447	0.25682	0.20408	0.14772	0.01506	0.00800	0.00233	0.00491	0.01296	0.05743	0.00724
14	0.00989	0.00719	0.00946	0.00965	0.01052	0.00761	0.00680	0.01138	0.01182	0.01610	0.02780	0.11879	0.09294	0.27301	0.34624	0.00809	0.01187	0.01068	0.00457	0.00559
15	0.01657	0.02086	0.10491	0.02910	0.03662	0.01787	0.61824	0.02278	0.01664	0.02278	0.01425	0.01882	0.01064	0.00607	0.00825	0.00239	0.01187	0.00811	0.00355	0.00969
16	0.01532	0.01086	0.01218	0.01097	0.01418	0.01095	0.00854	0.08502	0.17806	0.10182	0.12737	0.09221	0.25941	0.01401	0.00795	0.00239	0.00485	0.02811	0.00721	0.00860
17	0.01418	0.01120	0.01482	0.01329	0.01557	0.05303	0.06660	0.04295	0.04043	0.05768	0.02138	0.10337	0.01988	0.06176	0.32624	0.00656	0.03617	0.00880	0.07867	0.00740
18	0.00852	0.00722	0.00736	0.00733	0.00968	0.00606	0.00549	0.01043	0.01648	0.01984	0.11277	0.06754	0.66143	0.01781	0.00841	0.00239	0.00359	0.01489	0.00669	0.00606
19	0.01477	0.01266	0.01477	0.01055	0.01687	0.00949	0.00844	0.01793	0.01477	0.02320	0.01266	0.01477	0.01055	0.00527	0.00527	0.00105	0.00527	0.00422	0.00422	0.79328
20	0.08876	0.02095	0.02016	0.12773	0.15072	0.24553	0.01487	0.08069	0.05901	0.06948	0.01486	0.01707	0.01144	0.00744	0.00656	0.00208	0.00918	0.00573	0.03833	0.00941
21	0.02042	0.08125	0.02776	0.01987	0.02509	0.10579	0.26000	0.02531	0.06424	0.15485	0.02063	0.02232	0.05413	0.00986	0.03571	0.00260	0.04811	0.00751	0.00499	0.00956
22	0.02205	0.02179	0.02199	0.01776	0.02248	0.24621	0.13092	0.18276	0.05431	0.06327	0.02419	0.02477	0.11702	0.00921	0.00733	0.00214	0.00937	0.00760	0.00539	0.00943
23	0.14339	0.01592	0.01621	0.01366	0.01770	0.05333	0.01095	0.30198	0.08752	0.03237	0.01889	0.02145	0.03294	0.03758	0.16013	0.00428	0.00977	0.00668	0.00573	0.00953
24	0.09351	0.01563	0.02353	0.10827	0.41699	0.01644	0.01784	0.10787	0.01767	0.02599	0.01569	0.07966	0.01393	0.00812	0.00699	0.00222	0.00783	0.00731	0.00431	0.01021
25	0.08728	0.01449	0.01912	0.05431	0.20072	0.01514	0.01371	0.14789	0.07815	0.13389	0.05733	0.02466	0.06223	0.01126	0.04609	0.00271	0.00751	0.00740	0.00585	0.01024
26	0.10825	0.01566	0.01788	0.07730	0.05293	0.09741	0.05600	0.08871	0.06309	0.17831	0.06572	0.05352	0.07549	0.00963	0.00710	0.00224	0.00730	0.00797	0.00603	0.00945
27	0.09096	0.01332	0.04445	0.01346	0.04896	0.01270	0.01052	0.10486	0.12186	0.16185	0.20360	0.03326	0.08877	0.01080	0.00733	0.00225	0.00555	0.00896	0.00701	0.00953
28	0.01827	0.06264	0.01900	0.08320	0.02133	0.01398	0.05409	0.11252	0.04955	0.11853	0.02225	0.09546	0.05719	0.00944	0.00738	0.00201	0.03035	0.00790	0.00552	0.20940
29	0.02001	0.01547	0.01872	0.01508	0.01961	0.05291	0.08567	0.19223	0.14016	0.10683	0.10335	0.02984	0.08057	0.01006	0.00745	0.00221	0.00687	0.02487	0.02405	0.04403

[dist]
# distance from previous block
# <min> <max>
2	29

[block]
# block no. 3 follows, 29 sequences, length 26
# corresponding to MSA columns:
# 826-851
name=unknown_D
#
# <colnr> <probs for GDERKNQSTAVLIFYWHMCP>
#	G	D	E	R	K	N	Q	S	T	A	V	L	I	F	Y	W	H	M	C	P
0	0.02298	0.01818	0.01985	0.05435	0.02198	0.10015	0.02940	0.26986	0.02277	0.11912	0.01660	0.01918	0.01268	0.00862	0.00879	0.00212	0.09320	0.02686	0.00571	0.12759
1	0.05131	0.01543	0.03423	0.01306	0.01764	0.05550	0.01073	0.18502	0.05824	0.13635	0.04872	0.05164	0.06826	0.00954	0.00754	0.00204	0.04040	0.00744	0.04417	0.14274
2	0.04995	0.01343	0.01287	0.01177	0.01483	0.09891	0.00904	0.06055	0.10784	0.05628	0.02675	0.11356	0.06292	0.07502	0.00957	0.00260	0.00629	0.07654	0.09419	0.09710
3	0.01804	0.01433	0.01961	0.18897	0.02673	0.01554	0.06910	0.21509	0.04345	0.06170	0.08388	0.02887	0.08773	0.00992	0.00803	0.00229	0.03097	0.03035	0.00571	0.03968
4	0.01708	0.01486	0.01669	0.13791	0.03798	0.08163	0.01211	0.05466	0.14806	0.05779	0.08525	0.02583	0.02014	0.00874	0.00688	0.00200	0.00692	0.04498	0.00540	0.21508
5	0.01443	0.01286	0.01798	0.05165	0.15467	0.01407	0.03890	0.04651	0.15744	0.02287	0.02933	0.18594	0.10718	0.01287	0.00977	0.00253	0.09583	0.01091	0.00545	0.00880
6	0.01108	0.00850	0.00981	0.00924	0.01145	0.00809	0.00702	0.05890	0.04894	0.02526	0.33385	0.05580	0.27859	0.05870	0.00998	0.00262	0.00422	0.04399	0.00707	0.00689
7	0.00870	0.00665	0.00799	0.00887	0.01010	0.00594	0.00619	0.01031	0.01509	0.01939	0.10429	0.44746	0.28310	0.02016	0.00879	0.00267	0.00388	0.01779	0.00671	0.00594
8	0.02163	0.01367	0.01601	0.01282	0.01777	0.01338	0.01028	0.12172	0.19317	0.22197	0.09217	0.02471	0.02141	0.00881	0.00689	0.00200	0.00576	0.00722	0.00707	0.18155
9	0.02476	0.01807	0.01928	0.01513	0.02024	0.01999	0.01239	0.55454	0.08465	0.04159	0.01875	0.01893	0.01358	0.00861	0.00689	0.00211	0.00715	0.00657	0.09537	0.01142
10	0.01562	0.00896	0.01145	0.00987	0.01299	0.00780	0.00765	0.01853	0.01888	0.19160	0.36173	0.07612	0.12155	0.01294	0.00780	0.00215	0.00428	0.01116	0.00749	0.09140
11	0.01804	0.02011	0.02140	0.01832	0.02067	0.24305	0.09493	0.02045	0.01473	0.01779	0.01272	0.01797	0.01140	0.01935	0.17516	0.00451	0.25176	0.00629	0.00351	0.00784
12	0.01459	0.17480	0.50016	0.01752	0.02603	0.01762	0.02130	0.02088	0.01476	0.02091	0.01520	0.09668	0.01334	0.00839	0.00659	0.00218	0.00923	0.00667	0.00342	0.00972
13	0.17658	0.01192	0.01055	0.01000	0.01265	0.08946	0.00759	0.03800	0.01708	0.02478	0.20610	0.12812	0.21406	0.01377	0.00739	0.00231	0.00519	0.01133	0.00615	0.00698
14	0.02047	0.38530	0.14502	0.01612	0.02225	0.23808	0.04087	0.02376	0.01640	0.01816	0.01089	0.01276	0.00919	0.00658	0.00565	0.00177	0.00987	0.00447	0.00325	0.00912
15	0.00959	0.00708	0.00913	0.01020	0.01148	0.00662	0.00777	0.01176	0.01569	0.02053	0.12617	0.34816	0.16914	0.01982	0.00909	0.00283	0.00462	0.19744	0.00675	0.00616
16	0.01036	0.00690	0.00777	0.00777	0.00777	0.00690	0.00431	0.01036	0.01036	0.01381	0.02244	0.04660	0.02589	0.74975	0.03624	0.00690	0.00690	0.01036	0.00431	0.00431
17	0.07104	0.10691	0.02555	0.23290	0.12491	0.04592	0.07801	0.09479	0.01660	0.02293	0.01240	0.01649	0.00996	0.00761	0.00883	0.00227	0.10397	0.00598	0.00378	0.00914
18	0.02234	0.01427	0.01565	0.01248	0.01691	0.01493	0.01012	0.33581	0.04142	0.11901	0.02033	0.02096	0.01481	0.00831	0.00634	0.00193	0.00600	0.00646	0.24818	0.06373
19	0.00908	0.00644	0.00807	0.00919	0.00964	0.00608	0.00596	0.01005	0.01299	0.01716	0.03730	0.52480	0.08655	0.20335	0.01581	0.00386	0.00479	0.01742	0.00604	0.00543
20	0.04872	0.05259	0.02153	0.01592	0.02083	0.01881	0.06816	0.37806	0.02533	0.11083	0.03436	0.01932	0.01405	0.01006	0.03151	0.00249	0.05765	0.00665	0.05244	0.01067
21	0.04942	0.01682	0.01590	0.01352	0.01711	0.11840	0.01040	0.25642	0.06741	0.02846	0.01929	0.05784	0.01764	0.16360	0.03589	0.00339	0.00811	0.02981	0.00559	0.06498
22	0.01037	0.00751	0.00877	0.00864	0.01033	0.00710	0.00628	0.01384	0.05670	0.02385	0.30920	0.13214	0.19653	0.07698	0.01037	0.00269	0.00393	0.01302	0.09524	0.00651
23	0.00923	0.00710	0.00847	0.00863	0.01037	0.00634	0.00641	0.01159	0.01724	0.02263	0.30008	0.18386	0.31603	0.01757	0.00860	0.00247	0.00375	0.04628	0.00707	0.00626
24	0.02158	0.06528	0.14161	0.01702	0.02268	0.01919	0.01538	0.27048	0.06315	0.03205	0.01799	0.02100	0.01442	0.01463	0.08938	0.00356	0.05961	0.00675	0.00588	0.09834
25	0.01812	0.01773	0.02372	0.02024	0.02141	0.06243	0.07054	0.01944	0.01353	0.01978	0.01320	0.02005	0.01248	0.01662	0.08364	0.00411	0.54266	0.00716	0.00408	0.00904

[dist]
# distance from previous block
# <min> <max>
0	8

[block]
# block no. 4 follows, 29 sequences, length 54
# corresponding to MSA columns:
# 860-883,940-969
name=unknown_E
#
# <colnr> <probs for GDERKNQSTAVLIFYWHMCP>
#	G	D	E	R	K	N	Q	S	T	A	V	L	I	F	Y	W	H	M	C	P
0	0.01035	0.00753	0.00936	0.01074	0.01150	0.00681	0.00721	0.01118	0.01485	0.01973	0.04332	0.66262	0.11128	0.02254	0.00962	0.00311	0.00465	0.01986	0.00708	0.00666
1	0.01454	0.01173	0.01299	0.01270	0.01521	0.01227	0.00931	0.02407	0.32182	0.02583	0.09309	0.27594	0.10710	0.01616	0.00873	0.00284	0.00527	0.01371	0.00747	0.00922
2	0.19131	0.01527	0.01732	0.01382	0.01916	0.01507	0.01119	0.17565	0.02236	0.40572	0.02305	0.02197	0.01566	0.00930	0.00723	0.00247	0.00686	0.00677	0.00794	0.01189
3	0.01439	0.03607	0.68391	0.02071	0.03109	0.01660	0.05449	0.02256	0.01511	0.02256	0.01285	0.01521	0.00910	0.00673	0.00684	0.00226	0.01059	0.00540	0.00303	0.01048
4	0.01477	0.01266	0.01477	0.01055	0.01687	0.00949	0.00844	0.01793	0.01477	0.02320	0.01266	0.01477	0.01055	0.00527	0.00527	0.00105	0.00527	0.00422	0.00422	0.79328
5	0.00844	0.00712	0.00731	0.00747	0.00969	0.00599	0.00553	0.01019	0.01598	0.01913	0.06898	0.13336	0.63964	0.01844	0.00848	0.00245	0.00366	0.01553	0.00661	0.00599
6	0.01000	0.00728	0.00941	0.00888	0.01059	0.00669	0.00666	0.01329	0.01998	0.02814	0.67337	0.05388	0.09565	0.01471	0.00840	0.00225	0.00337	0.01297	0.00778	0.00669
7	0.00994	0.00727	0.00932	0.00881	0.01055	0.00666	0.00661	0.01316	0.01982	0.02775	0.64752	0.05451	0.12175	0.01486	0.00840	0.00225	0.00338	0.01306	0.00773	0.00666
8	0.01128	0.00848	0.01087	0.01162	0.01359	0.00840	0.00973	0.01574	0.07305	0.02285	0.14941	0.06962	0.14852	0.01776	0.00916	0.00290	0.00550	0.39780	0.00683	0.00689
9	0.21547	0.01305	0.01533	0.01214	0.01735	0.01266	0.01000	0.06763	0.04018	0.48908	0.02315	0.02087	0.01507	0.00830	0.00650	0.00221	0.00601	0.00635	0.00761	0.01103
10	0.14056	0.01711	0.01771	0.01430	0.01940	0.01888	0.01159	0.34833	0.20897	0.03693	0.01888	0.01865	0.01394	0.00828	0.00659	0.00213	0.00666	0.00628	0.00650	0.07831
11	0.02576	0.01935	0.02200	0.01689	0.02246	0.02120	0.05045	0.61794	0.03175	0.04258	0.01783	0.04632	0.01344	0.00896	0.00727	0.00218	0.00792	0.00708	0.00691	0.01172
12	0.01477	0.01266	0.01477	0.01055	0.01687	0.00949	0.00844	0.01793	0.01477	0.02320	0.01266	0.01477	0.01055	0.00527	0.00527	0.00105	0.00527	0.00422	0.00422	0.79328
13	0.02139	0.01778	0.08695	0.01589	0.02127	0.01697	0.05028	0.13569	0.36207	0.15549	0.02455	0.02311	0.01762	0.00884	0.00723	0.00232	0.00689	0.00738	0.00689	0.01139
14	0.05703	0.28269	0.09837	0.01361	0.01901	0.02058	0.01271	0.02779	0.30169	0.02382	0.02189	0.02154	0.05446	0.00839	0.00615	0.00207	0.00675	0.00641	0.00510	0.00994
15	0.01494	0.00824	0.00841	0.00781	0.00996	0.00850	0.00601	0.09677	0.01717	0.02876	0.02249	0.02541	0.01751	0.00833	0.00524	0.00172	0.00386	0.00661	0.69498	0.00730
16	0.02774	0.01887	0.02071	0.01588	0.02155	0.02049	0.01311	0.59311	0.03169	0.13589	0.01860	0.01807	0.01286	0.00858	0.00713	0.00215	0.00759	0.00651	0.00735	0.01211
17	0.01675	0.11481	0.23775	0.01866	0.02429	0.01837	0.10781	0.04930	0.01526	0.06596	0.01529	0.07867	0.01332	0.00946	0.01086	0.00243	0.18048	0.00720	0.00398	0.00934
18	0.01093	0.00789	0.01080	0.01226	0.01382	0.00775	0.01041	0.01390	0.01621	0.02109	0.06301	0.15064	0.08322	0.01968	0.00962	0.00315	0.00600	0.52656	0.00661	0.00645
19	0.01008	0.00728	0.00952	0.00896	0.01064	0.00672	0.00672	0.01344	0.02016	0.02855	0.70158	0.05319	0.06719	0.01456	0.00840	0.00224	0.00336	0.01288	0.00784	0.00672
20	0.01653	0.01840	0.03750	0.02748	0.03307	0.01886	0.53103	0.02154	0.01549	0.02154	0.01327	0.01840	0.01048	0.00745	0.01175	0.00256	0.17404	0.00792	0.00349	0.00920
21	0.02907	0.01380	0.01721	0.01352	0.01883	0.01334	0.01106	0.13533	0.12264	0.50576	0.02652	0.02348	0.01739	0.00890	0.00717	0.00222	0.00627	0.00718	0.00832	0.01199
22	0.00868	0.00620	0.00826	0.00991	0.01033	0.00578	0.00661	0.00991	0.01363	0.01818	0.03925	0.74510	0.04710	0.02231	0.00909	0.00289	0.00413	0.02024	0.00661	0.00578
23	0.01251	0.01014	0.01148	0.01087	0.01345	0.01057	0.00831	0.02152	0.26278	0.02635	0.27460	0.09297	0.16340	0.01412	0.00808	0.00242	0.00440	0.03659	0.00727	0.00817
24	0.02675	0.01716	0.01806	0.01460	0.01949	0.09959	0.01179	0.23598	0.08988	0.29960	0.02201	0.02114	0.01530	0.01197	0.06046	0.00285	0.00836	0.00674	0.00714	0.01114
25	0.01101	0.00831	0.01054	0.01156	0.01312	0.00838	0.00905	0.01571	0.10700	0.02136	0.06019	0.32062	0.08750	0.01903	0.00906	0.00292	0.00522	0.26582	0.00671	0.00687
26	0.00842	0.00721	0.00721	0.00721	0.00962	0.00601	0.00541	0.01022	0.01623	0.01924	0.07213	0.06853	0.70244	0.01803	0.00842	0.00240	0.00361	0.01503	0.00661	0.00601
27	0.02683	0.01356	0.01929	0.01512	0.02035	0.01280	0.08339	0.10206	0.06534	0.45082	0.02642	0.02858	0.01885	0.00960	0.00756	0.00234	0.00692	0.07120	0.00774	0.01124
28	0.01477	0.01266	0.01477	0.01055	0.01687	0.00949	0.00844	0.01793	0.01477	0.02320	0.01266	0.01477	0.01055	0.00527	0.00527	0.00105	0.00527	0.00422	0.00422	0.79328
29	0.00867	0.00624	0.00822	0.00981	0.01030	0.00579	0.00656	0.00993	0.01373	0.01822	0.04050	0.71934	0.07205	0.02215	0.00906	0.00287	0.00411	0.02004	0.00661	0.00579
30	0.01689	0.02123	0.21171	0.02348	0.21018	0.05377	0.01806	0.06706	0.01753	0.05478	0.04047	0.02803	0.04162	0.00916	0.00727	0.00223	0.00829	0.09364	0.00458	0.07000
31	0.01019	0.00756	0.01110	0.01110	0.01226	0.00872	0.00848	0.01250	0.01134	0.01628	0.01938	0.02970	0.01855	0.11796	0.65800	0.01102	0.01794	0.00788	0.00386	0.00617
