[name]
unknown

[dist]
# distance from previous block
# <min> <max>
0	19

[block]
# block no. 0 follows, 33 sequences, length 31
# corresponding to MSA columns:
# 28-58
name=unknown_A
#
# <colnr> <probs for GDERKNQSTAVLIFYWHMCP>
#	G	D	E	R	K	N	Q	S	T	A	V	L	I	F	Y	W	H	M	C	P
0	0.01710	0.01640	0.02043	0.25677	0.02915	0.16472	0.11692	0.07048	0.01669	0.06521	0.01702	0.02683	0.01481	0.00876	0.00708	0.00222	0.00896	0.12827	0.00425	0.00792
1	0.01708	0.04957	0.15239	0.13314	0.02932	0.01447	0.25555	0.02188	0.01520	0.14868	0.01476	0.01718	0.01056	0.00624	0.00668	0.00200	0.00873	0.00620	0.00407	0.08629
2	0.01859	0.09229	0.11749	0.02026	0.02600	0.14528	0.28477	0.05340	0.04106	0.07941	0.01359	0.01593	0.01024	0.00660	0.00742	0.00204	0.04669	0.00610	0.00386	0.00899
3	0.20456	0.24606	0.02522	0.01507	0.02012	0.11572	0.15101	0.05620	0.04869	0.04399	0.01183	0.01353	0.00940	0.00623	0.00545	0.00184	0.00793	0.00489	0.00383	0.00844
4	0.01622	0.24823	0.18193	0.01555	0.07779	0.01763	0.01418	0.05538	0.10301	0.05670	0.04623	0.01879	0.04721	0.00740	0.00619	0.00185	0.02505	0.00570	0.00419	0.05079
5	0.01441	0.10563	0.01445	0.01062	0.01344	0.13327	0.00838	0.08587	0.03300	0.02310	0.30706	0.03615	0.13584	0.04116	0.00791	0.00211	0.00568	0.00910	0.00569	0.00713
6	0.02004	0.40949	0.02676	0.01268	0.01812	0.05083	0.01141	0.25543	0.01965	0.02503	0.01173	0.01272	0.00952	0.00638	0.00517	0.00157	0.00709	0.00441	0.00424	0.08772
7	0.01428	0.05145	0.34106	0.01539	0.02180	0.01315	0.07295	0.02084	0.07947	0.08683	0.13160	0.02562	0.07987	0.00861	0.00674	0.00209	0.00736	0.00733	0.00466	0.00889
8	0.00815	0.00578	0.00760	0.00900	0.00935	0.00543	0.00594	0.00920	0.01235	0.01647	0.03500	0.70461	0.04192	0.08257	0.01048	0.00298	0.00403	0.01796	0.00594	0.00523
9	0.00933	0.00638	0.00710	0.00718	0.00755	0.00621	0.00425	0.00971	0.01061	0.01401	0.02795	0.08101	0.12253	0.60439	0.02783	0.00548	0.00573	0.01053	0.02791	0.00434
10	0.08252	0.50014	0.13402	0.01233	0.01795	0.05029	0.01265	0.01939	0.01323	0.01746	0.01037	0.01252	0.00906	0.00981	0.07208	0.00241	0.00844	0.00408	0.00300	0.00826
11	0.01332	0.00769	0.00962	0.00858	0.01110	0.00679	0.00663	0.01590	0.01766	0.17869	0.38581	0.04730	0.23882	0.01320	0.00752	0.00211	0.00372	0.01131	0.00713	0.00712
12	0.01565	0.01528	0.05306	0.29008	0.38688	0.01573	0.01894	0.08613	0.01586	0.02177	0.01245	0.01659	0.00983	0.00634	0.00654	0.00205	0.00818	0.00582	0.00345	0.00937
13	0.02401	0.09276	0.01997	0.01649	0.02007	0.68290	0.01260	0.02574	0.01822	0.01606	0.01009	0.01176	0.00848	0.00669	0.00579	0.00167	0.01147	0.00418	0.00334	0.00770
14	0.02098	0.02086	0.17406	0.01494	0.01985	0.14516	0.01391	0.13554	0.01804	0.19840	0.01618	0.01828	0.01211	0.05744	0.03619	0.00264	0.07542	0.00582	0.00496	0.00923
15	0.00952	0.00661	0.00831	0.00831	0.00870	0.00700	0.00540	0.01030	0.00991	0.01360	0.01971	0.03736	0.02145	0.52957	0.26918	0.00778	0.01012	0.00874	0.00384	0.00462
16	0.00938	0.00686	0.00991	0.01004	0.01105	0.00777	0.00758	0.01144	0.01074	0.01542	0.01956	0.08854	0.01939	0.11109	0.59848	0.00931	0.01509	0.00822	0.02446	0.00567
17	0.00870	0.00740	0.00758	0.00741	0.00975	0.00665	0.00560	0.01210	0.08379	0.01919	0.09698	0.05882	0.62143	0.01575	0.00767	0.00222	0.00351	0.01316	0.00623	0.00607
18	0.78546	0.01279	0.01006	0.00898	0.01290	0.01497	0.00740	0.01922	0.01116	0.02903	0.00915	0.01083	0.00719	0.00631	0.00472	0.00207	0.03295	0.00365	0.00403	0.00713
19	0.02459	0.03138	0.01866	0.01696	0.02035	0.74221	0.01272	0.02629	0.01866	0.01611	0.01018	0.01187	0.00848	0.00678	0.00594	0.00170	0.01187	0.00424	0.00339	0.00763
20	0.00945	0.00686	0.00961	0.00961	0.01045	0.00770	0.00702	0.01113	0.01029	0.01456	0.01852	0.03078	0.01859	0.25484	0.54001	0.00938	0.01442	0.00777	0.00366	0.00534
21	0.01449	0.01539	0.03173	0.02377	0.02919	0.01465	0.52497	0.01999	0.04247	0.02103	0.01856	0.03041	0.01650	0.00845	0.00802	0.00240	0.00977	0.15585	0.00406	0.00832
22	0.19029	0.01700	0.08589	0.02030	0.02563	0.01591	0.37199	0.02025	0.04287	0.02233	0.01281	0.01714	0.01022	0.04409	0.00925	0.00243	0.07327	0.00651	0.00358	0.00824
23	0.01568	0.00901	0.00944	0.00831	0.01079	0.00939	0.00652	0.16726	0.01774	0.05321	0.02039	0.02255	0.01561	0.00774	0.00511	0.00165	0.00407	0.00611	0.60199	0.00742
24	0.00786	0.00667	0.00678	0.00676	0.00894	0.00559	0.00507	0.00961	0.01520	0.01824	0.10182	0.06260	0.68948	0.01650	0.00778	0.00221	0.00332	0.01379	0.00617	0.00559
25	0.02264	0.02753	0.01949	0.02006	0.12338	0.57074	0.01361	0.02618	0.08085	0.01793	0.01199	0.01366	0.00981	0.00684	0.00609	0.00178	0.01068	0.00477	0.00367	0.00829
26	0.01210	0.05910	0.47179	0.01494	0.02143	0.01286	0.01748	0.01718	0.01280	0.01843	0.01604	0.09361	0.01521	0.17477	0.01235	0.00305	0.00829	0.00719	0.00337	0.00798
27	0.02398	0.01028	0.01360	0.01086	0.01501	0.00922	0.00880	0.04691	0.03315	0.51328	0.17856	0.02822	0.02629	0.00930	0.00679	0.00203	0.00499	0.00776	0.04109	0.00988
28	0.01413	0.01819	0.12570	0.02178	0.02728	0.05902	0.41513	0.01876	0.01486	0.01981	0.01795	0.18054	0.01703	0.00903	0.00759	0.00227	0.00936	0.00955	0.00387	0.00814
29	0.01647	0.01705	0.03975	0.08155	0.41018	0.11134	0.01645	0.01999	0.01503	0.02042	0.01187	0.01515	0.00985	0.00583	0.00608	0.00173	0.00783	0.00519	0.00338	0.18486
30	0.01135	0.01377	0.16772	0.01071	0.01441	0.03644	0.01020	0.01446	0.01514	0.06885	0.11929	0.17518	0.28954	0.01377	0.00741	0.00223	0.00529	0.01170	0.00555	0.00698

[dist]
# distance from previous block
# <min> <max>
4	9

[block]
# block no. 1 follows, 33 sequences, length 28
# corresponding to MSA columns:
# 70-97
name=unknown_B
#
# <colnr> <probs for GDERKNQSTAVLIFYWHMCP>
#	G	D	E	R	K	N	Q	S	T	A	V	L	I	F	Y	W	H	M	C	P
0	0.01153	0.00825	0.00989	0.00979	0.01170	0.00798	0.00729	0.07713	0.05246	0.05148	0.08530	0.34039	0.14753	0.04517	0.00880	0.00255	0.00450	0.07173	0.00617	0.04037
1	0.01352	0.03185	0.64035	0.01998	0.02929	0.01547	0.11628	0.02088	0.01412	0.02088	0.01202	0.01442	0.00856	0.00616	0.00646	0.00210	0.00991	0.00526	0.00285	0.00961
2	0.01158	0.01047	0.01682	0.40092	0.13987	0.01180	0.01454	0.01490	0.01349	0.01764	0.02261	0.19366	0.08396	0.01065	0.00710	0.00227	0.00698	0.00957	0.00401	0.00718
3	0.01484	0.51656	0.02580	0.01077	0.01473	0.03909	0.00972	0.01665	0.01328	0.01591	0.01753	0.24252	0.01925	0.01028	0.00556	0.00181	0.00618	0.00821	0.00385	0.00747
4	0.06206	0.01096	0.01196	0.01020	0.01336	0.01123	0.00806	0.23710	0.02097	0.05154	0.22440	0.05890	0.21270	0.01198	0.00709	0.00208	0.00472	0.00991	0.02294	0.00784
5	0.00950	0.00666	0.00856	0.00856	0.00904	0.00713	0.00572	0.01046	0.00998	0.01379	0.01948	0.03607	0.02089	0.47582	0.32216	0.00809	0.01096	0.00855	0.00380	0.00476
6	0.01004	0.00741	0.00973	0.01095	0.01219	0.00747	0.00861	0.01379	0.08341	0.01920	0.03469	0.37280	0.03861	0.01834	0.00855	0.00279	0.00499	0.32410	0.00615	0.00618
7	0.00940	0.00705	0.01058	0.01058	0.01176	0.00823	0.00823	0.01176	0.01058	0.01528	0.01763	0.02586	0.01646	0.04937	0.74255	0.01058	0.01763	0.00705	0.00353	0.00588
8	0.01196	0.01021	0.01659	0.54230	0.03547	0.01216	0.01497	0.01549	0.01323	0.04281	0.01829	0.20209	0.01763	0.01011	0.00703	0.00231	0.00744	0.00905	0.00390	0.00697
9	0.02614	0.01572	0.01798	0.01382	0.01894	0.01645	0.01140	0.46216	0.02658	0.27260	0.03729	0.01887	0.01421	0.00813	0.00663	0.00200	0.00659	0.00631	0.00713	0.01107
10	0.00941	0.00703	0.01045	0.01045	0.01158	0.00816	0.00806	0.01167	0.01054	0.01518	0.01775	0.02653	0.01675	0.07721	0.71511	0.01042	0.01720	0.00715	0.00354	0.00580
11	0.00821	0.00651	0.00745	0.00808	0.00968	0.00575	0.00603	0.00989	0.01433	0.01774	0.05384	0.26853	0.44035	0.01801	0.00813	0.00246	0.00382	0.09953	0.00611	0.00556
12	0.02935	0.01150	0.01546	0.01185	0.01695	0.01012	0.00979	0.05983	0.01934	0.70368	0.02555	0.02214	0.01609	0.00814	0.00662	0.00203	0.00567	0.00659	0.00808	0.01120
13	0.01310	0.01386	0.02707	0.02029	0.02516	0.01302	0.43568	0.01813	0.05742	0.02032	0.02857	0.09843	0.17841	0.00972	0.00777	0.00226	0.00827	0.01018	0.00443	0.00788
14	0.01712	0.19211	0.02543	0.24941	0.09931	0.16206	0.07950	0.03853	0.01506	0.01786	0.01102	0.01454	0.00898	0.00646	0.00659	0.00191	0.03757	0.00517	0.00316	0.00820
15	0.01771	0.01568	0.02404	0.14418	0.45973	0.01659	0.01814	0.17757	0.01839	0.02539	0.01307	0.01637	0.01035	0.00645	0.00654	0.00200	0.00783	0.00588	0.00397	0.01013
16	0.19507	0.00809	0.00898	0.00875	0.01011	0.00898	0.00624	0.01261	0.01031	0.01754	0.01695	0.02940	0.01736	0.33321	0.28282	0.00690	0.01015	0.00728	0.00384	0.00539
17	0.01207	0.01095	0.01730	0.56136	0.03681	0.01326	0.01555	0.01726	0.07871	0.01782	0.01716	0.14109	0.01555	0.00911	0.00689	0.00228	0.00763	0.00812	0.00380	0.00728
18	0.00873	0.00661	0.00804	0.00788	0.00952	0.00593	0.00584	0.01120	0.01695	0.02285	0.45777	0.12333	0.26107	0.01513	0.00783	0.00218	0.00324	0.01317	0.00679	0.00593
19	0.00990	0.00691	0.00868	0.00813	0.00996	0.00624	0.00613	0.01272	0.01796	0.05536	0.57011	0.05068	0.18488	0.01383	0.00772	0.00210	0.00326	0.01205	0.00707	0.00630
20	0.01337	0.00761	0.01047	0.07908	0.01452	0.00722	0.00800	0.01518	0.01424	0.18164	0.03351	0.47996	0.07649	0.01619	0.00778	0.00245	0.00466	0.01443	0.00628	0.00689
21	0.01917	0.47247	0.08332	0.01318	0.01875	0.09063	0.01258	0.14320	0.05391	0.02122	0.01156	0.01261	0.00954	0.00636	0.00509	0.00163	0.00764	0.00433	0.00374	0.00906
22	0.01422	0.20418	0.57328	0.01704	0.02582	0.01777	0.02132	0.02059	0.01378	0.01961	0.01120	0.01313	0.00836	0.00611	0.00579	0.00193	0.00911	0.00455	0.00279	0.00943
23	0.00786	0.00658	0.00684	0.00696	0.00899	0.00556	0.00515	0.00954	0.01492	0.01803	0.08925	0.12831	0.63563	0.01692	0.00784	0.00226	0.00337	0.01427	0.00616	0.00556
24	0.04417	0.01870	0.02218	0.02684	0.33408	0.16127	0.01605	0.09508	0.04532	0.02210	0.01215	0.01519	0.01010	0.00739	0.00899	0.00208	0.13976	0.00552	0.00375	0.00928
25	0.17693	0.04724	0.18101	0.01335	0.01915	0.10625	0.01290	0.10286	0.01655	0.09098	0.03561	0.01500	0.01116	0.00665	0.00560	0.00180	0.00729	0.00484	0.00440	0.14042
26	0.08883	0.01911	0.01730	0.01417	0.01872	0.18628	0.01134	0.28820	0.09020	0.17491	0.01710	0.01667	0.01214	0.00765	0.00625	0.00195	0.00762	0.00563	0.00597	0.00996
27	0.02524	0.05708	0.01973	0.01552	0.02001	0.19805	0.01227	0.37581	0.02532	0.07828	0.01712	0.01849	0.01308	0.00878	0.00695	0.00220	0.00849	0.00607	0.08092	0.01059

[dist]
# distance from previous block
# <min> <max>
8	19

[block]
# block no. 2 follows, 33 sequences, length 11
# corresponding to MSA columns:
# 117-127
name=unknown_C
#
# <colnr> <probs for GDERKNQSTAVLIFYWHMCP>
#	G	D	E	R	K	N	Q	S	T	A	V	L	I	F	Y	W	H	M	C	P
0	0.01283	0.01150	0.01817	0.39242	0.18119	0.01304	0.01531	0.01714	0.04963	0.01832	0.01764	0.02497	0.05108	0.09122	0.00961	0.00261	0.00756	0.02864	0.02951	0.00760
1	0.01653	0.19567	0.37213	0.01594	0.04277	0.06792	0.01742	0.02143	0.01488	0.09750	0.03645	0.01726	0.04270	0.00703	0.00593	0.00190	0.00828	0.00535	0.00372	0.00918
2	0.09273	0.12086	0.19409	0.01437	0.04474	0.01535	0.01372	0.08843	0.08252	0.18916	0.06678	0.01889	0.01535	0.00750	0.00605	0.00198	0.00678	0.00585	0.00521	0.00964
3	0.00798	0.00642	0.00712	0.00748	0.00915	0.00556	0.00541	0.00964	0.01470	0.01831	0.11839	0.24880	0.48310	0.01743	0.00794	0.00233	0.00344	0.01500	0.00622	0.00556
4	0.00862	0.00639	0.00804	0.00829	0.00957	0.00581	0.00596	0.01083	0.01602	0.02174	0.38288	0.28548	0.17336	0.01637	0.00798	0.00229	0.00338	0.01448	0.00667	0.00581
5	0.02017	0.02115	0.17941	0.01848	0.07132	0.10723	0.09456	0.13734	0.07140	0.15349	0.01721	0.01962	0.01282	0.00757	0.00669	0.00207	0.00836	0.03629	0.00500	0.00981
6	0.01580	0.01942	0.15608	0.02428	0.21553	0.07633	0.16492	0.05676	0.01634	0.04000	0.06218	0.04219	0.06464	0.00777	0.00692	0.00206	0.00841	0.00728	0.00403	0.00903
7	0.00841	0.00614	0.00759	0.00859	0.00933	0.00571	0.00588	0.00960	0.01275	0.01654	0.03938	0.46730	0.16788	0.14058	0.01239	0.00321	0.00430	0.06343	0.00577	0.00522
8	0.01670	0.45101	0.16343	0.01431	0.02044	0.04688	0.06160	0.02235	0.11054	0.01857	0.01241	0.01366	0.01014	0.00624	0.00525	0.00172	0.00774	0.00463	0.00340	0.00896
9	0.01635	0.21806	0.13056	0.04402	0.16035	0.06450	0.21300	0.02058	0.01460	0.01908	0.01145	0.01457	0.00927	0.00601	0.00665	0.00192	0.03138	0.00555	0.00308	0.00901
10	0.05213	0.01552	0.05699	0.02707	0.32040	0.03140	0.15481	0.02078	0.04045	0.08302	0.01942	0.03936	0.06349	0.00780	0.00690	0.00211	0.00778	0.03708	0.00423	0.00928

[dist]
# distance from previous block
# <min> <max>
1	6

[block]
# block no. 3 follows, 33 sequences, length 26
# corresponding to MSA columns:
# 134-159
name=unknown_D
#
# <colnr> <probs for GDERKNQSTAVLIFYWHMCP>
#	G	D	E	R	K	N	Q	S	T	A	V	L	I	F	Y	W	H	M	C	P
0	0.08888	0.13860	0.08881	0.01129	0.01544	0.01362	0.01021	0.08402	0.05424	0.09792	0.14210	0.05081	0.05328	0.03863	0.06179	0.00274	0.00665	0.00735	0.00521	0.02839
1	0.10061	0.09592	0.18019	0.01451	0.04876	0.05709	0.01332	0.14750	0.06455	0.02448	0.02031	0.08359	0.07909	0.01025	0.02981	0.00231	0.00739	0.00706	0.00457	0.00867
2	0.02082	0.13515	0.02086	0.01607	0.04160	0.33635	0.01248	0.09391	0.14313	0.02077	0.01349	0.01475	0.01091	0.00756	0.00749	0.00191	0.08486	0.00508	0.00416	0.00866
3	0.01553	0.07204	0.15507	0.01565	0.01872	0.14460	0.01448	0.01848	0.01346	0.01810	0.07171	0.01732	0.01370	0.01023	0.03101	0.00248	0.31462	0.00575	0.03937	0.00768
4	0.01329	0.01319	0.01131	0.01076	0.01327	0.15814	0.00816	0.01859	0.15650	0.02064	0.13724	0.09356	0.26432	0.01300	0.00729	0.00216	0.00557	0.04012	0.00583	0.00706
5	0.04750	0.00628	0.00787	0.00827	0.00857	0.00626	0.00530	0.00960	0.01023	0.01432	0.02183	0.24591	0.02496	0.27866	0.02231	0.25755	0.00536	0.01076	0.00426	0.00418
6	0.01144	0.00884	0.01201	0.01335	0.08995	0.00912	0.00905	0.01343	0.01410	0.06178	0.09384	0.21367	0.20122	0.04464	0.01073	0.00260	0.10737	0.07072	0.00549	0.00665
7	0.00795	0.00633	0.00713	0.00765	0.00918	0.00552	0.00546	0.00950	0.01433	0.01787	0.08949	0.31408	0.44651	0.01793	0.00800	0.00238	0.00350	0.01552	0.00617	0.00552
8	0.01488	0.00955	0.01147	0.01010	0.01295	0.00949	0.00786	0.04445	0.17141	0.15269	0.36137	0.03916	0.10416	0.01162	0.00729	0.00211	0.00418	0.00996	0.00716	0.00814
9	0.09510	0.01174	0.01474	0.01168	0.01650	0.01103	0.00956	0.03139	0.11343	0.57558	0.02464	0.02170	0.01603	0.00808	0.00641	0.00206	0.00550	0.00647	0.00760	0.01075
10	0.02920	0.01175	0.01562	0.01197	0.01708	0.01049	0.00989	0.08291	0.01976	0.68002	0.02520	0.02191	0.01591	0.00813	0.00662	0.00203	0.00573	0.00657	0.00803	0.01120
11	0.01490	0.01194	0.01261	0.01118	0.01462	0.01283	0.00874	0.11183	0.35545	0.05047	0.03948	0.03710	0.26839	0.01151	0.00706	0.00219	0.00482	0.00950	0.00653	0.00883
12	0.00849	0.00680	0.00766	0.00773	0.00971	0.00596	0.00599	0.01067	0.01586	0.02001	0.21373	0.06148	0.48516	0.01613	0.00794	0.00229	0.00363	0.09861	0.00637	0.00577
13	0.00942	0.00701	0.01035	0.01035	0.01145	0.00810	0.00794	0.01161	0.01051	0.01511	0.01784	0.02703	0.01696	0.09815	0.69447	0.01030	0.01687	0.00722	0.00356	0.00575
14	0.01061	0.00819	0.03650	0.00990	0.01184	0.00787	0.03799	0.01357	0.01305	0.01990	0.09357	0.03020	0.05754	0.02723	0.33071	0.00570	0.01018	0.02463	0.24456	0.00625
15	0.01521	0.01610	0.01935	0.04906	0.01914	0.14178	0.06031	0.01719	0.01227	0.01629	0.01202	0.06090	0.01168	0.01480	0.09589	0.00344	0.41759	0.00657	0.00327	0.00714
16	0.01404	0.13337	0.56921	0.01864	0.02750	0.01690	0.09054	0.02072	0.01399	0.02014	0.01160	0.01383	0.00852	0.00610	0.00613	0.00201	0.00950	0.00497	0.00284	0.00947
17	0.15787	0.06701	0.07681	0.12280	0.12917	0.22270	0.06209	0.02096	0.01487	0.02008	0.01185	0.04321	0.01005	0.00685	0.00593	0.00195	0.00880	0.00541	0.00344	0.00813
18	0.02181	0.02678	0.02296	0.01912	0.02329	0.51381	0.17076	0.02584	0.07771	0.01823	0.01232	0.01431	0.00982	0.00669	0.00642	0.00186	0.01112	0.00532	0.00366	0.00816
19	0.00905	0.00657	0.00879	0.00926	0.01007	0.00667	0.00646	0.01044	0.01136	0.01568	0.02580	0.33768	0.02901	0.18244	0.25739	0.00598	0.00898	0.01230	0.00472	0.04134
20	0.01347	0.07867	0.69224	0.01831	0.02779	0.01594	0.02353	0.02078	0.01387	0.02052	0.01165	0.01370	0.00835	0.00622	0.00613	0.00204	0.00957	0.00478	0.00278	0.00965
21	0.02344	0.01874	0.08338	0.01438	0.01940	0.11469	0.01239	0.26430	0.10460	0.21885	0.01944	0.04519	0.01416	0.00825	0.00656	0.00202	0.00730	0.00643	0.00621	0.01027
22	0.02864	0.01140	0.01525	0.01183	0.01683	0.01013	0.00973	0.03228	0.06610	0.68435	0.02603	0.02255	0.01655	0.00820	0.00663	0.00205	0.00558	0.00668	0.00805	0.01115
23	0.00854	0.00626	0.00860	0.00976	0.01032	0.00631	0.00690	0.00999	0.01233	0.01667	0.03240	0.58757	0.03786	0.02507	0.13126	0.00402	0.02530	0.04974	0.00560	0.00552
24	0.01342	0.01276	0.02188	0.49421	0.23166	0.01457	0.04522	0.01758	0.01374	0.01828	0.01306	0.05075	0.01084	0.00697	0.00669	0.00215	0.00838	0.00651	0.00318	0.00815
25	0.00953	0.00704	0.00840	0.00814	0.01005	0.00638	0.00618	0.01244	0.03702	0.04258	0.37851	0.08554	0.30407	0.01490	0.00779	0.00220	0.00349	0.04282	0.00673	0.00619

[dist]
# distance from previous block
# <min> <max>
0	9

[block]
# block no. 4 follows, 33 sequences, length 44
# corresponding to MSA columns:
# 169-174,183-220
name=unknown_E
#
# <colnr> <probs for GDERKNQSTAVLIFYWHMCP>
#	G	D	E	R	K	N	Q	S	T	A	V	L	I	F	Y	W	H	M	C	P
0	0.01267	0.01000	0.01241	0.01189	0.01397	0.03501	0.04112	0.12164	0.01633	0.02155	0.02845	0.32573	0.03123	0.06705	0.00971	0.00277	0.00577	0.18134	0.00570	0.04566
1	0.02915	0.01182	0.01566	0.01201	0.01711	0.01060	0.00992	0.08982	0.01988	0.67293	0.02510	0.02184	0.01586	0.00813	0.00662	0.00203	0.00574	0.00656	0.00801	0.01120
2	0.00856	0.00615	0.00783	0.00890	0.00955	0.00580	0.00614	0.00984	0.01281	0.01688	0.05970	0.48730	0.10342	0.13975	0.01242	0.00324	0.00440	0.08626	0.00580	0.00525
3	0.01792	0.01640	0.01986	0.01709	0.06395	0.09232	0.12080	0.22215	0.11170	0.02665	0.02498	0.02555	0.14055	0.00917	0.00762	0.00210	0.04375	0.00767	0.02077	0.00899
4	0.00855	0.00630	0.00802	0.00862	0.00974	0.00578	0.00619	0.01053	0.01515	0.02035	0.27392	0.37885	0.15622	0.01746	0.00812	0.00242	0.00361	0.04796	0.00649	0.00571
5	0.01594	0.15190	0.03154	0.02075	0.02591	0.01712	0.39317	0.01998	0.01453	0.06374	0.03386	0.01812	0.01209	0.01051	0.07615	0.00289	0.07290	0.00682	0.00363	0.00845
6	0.00919	0.00670	0.00679	0.00674	0.00880	0.00598	0.00506	0.01165	0.03076	0.02005	0.07630	0.05195	0.50331	0.01406	0.00693	0.00204	0.00330	0.01167	0.21287	0.00584
7	0.00887	0.00645	0.00902	0.00964	0.01037	0.00687	0.00691	0.01048	0.01128	0.01562	0.02548	0.32489	0.02817	0.11651	0.36956	0.00694	0.01084	0.01202	0.00462	0.00546
8	0.00801	0.00576	0.00760	0.00908	0.00952	0.00535	0.00607	0.00918	0.01269	0.01684	0.03740	0.73863	0.06853	0.02048	0.00838	0.00266	0.00380	0.01854	0.00611	0.00535
9	0.01531	0.01491	0.02409	0.27780	0.47316	0.04227	0.01928	0.01930	0.01452	0.01974	0.01207	0.01655	0.00980	0.00614	0.00652	0.00203	0.00829	0.00580	0.00315	0.00928
10	0.00970	0.00706	0.00948	0.01082	0.01217	0.00684	0.00894	0.01215	0.01457	0.01883	0.03896	0.22613	0.12093	0.01855	0.00878	0.00286	0.00524	0.45607	0.00608	0.00584
11	0.01853	0.40945	0.02745	0.01371	0.01830	0.14011	0.06495	0.07905	0.01575	0.01911	0.01132	0.01332	0.00960	0.00657	0.00610	0.00167	0.05469	0.00456	0.07746	0.00829
12	0.01243	0.01170	0.01975	0.75282	0.04534	0.01463	0.01828	0.01682	0.01316	0.01682	0.01170	0.01755	0.00878	0.00658	0.00658	0.00219	0.00878	0.00585	0.00293	0.00731
13	0.00895	0.00672	0.00878	0.00949	0.03491	0.00618	0.00652	0.01127	0.01611	0.02205	0.39428	0.27790	0.14050	0.01589	0.00793	0.00228	0.00353	0.01412	0.00660	0.00600
14	0.01760	0.77260	0.03450	0.01126	0.01690	0.02605	0.01126	0.01971	0.01338	0.01549	0.00915	0.01056	0.00845	0.00563	0.00422	0.00141	0.00704	0.00352	0.00282	0.00845
15	0.00813	0.00585	0.00774	0.00921	0.00971	0.00546	0.00627	0.00938	0.01281	0.01697	0.03735	0.70679	0.06864	0.02037	0.00841	0.00267	0.00390	0.04883	0.00611	0.00539
16	0.02954	0.01120	0.01528	0.01171	0.01681	0.00968	0.00968	0.03208	0.01884	0.73213	0.02597	0.02241	0.01630	0.00815	0.00662	0.00204	0.00560	0.00662	0.00815	0.01120
17	0.01580	0.01483	0.02246	0.26704	0.38634	0.06427	0.01786	0.01978	0.03355	0.04073	0.01277	0.01697	0.01024	0.00704	0.00733	0.03669	0.00818	0.00581	0.00338	0.00892
18	0.01653	0.01745	0.07322	0.03452	0.48173	0.01617	0.17167	0.06718	0.01613	0.02274	0.01279	0.01644	0.01025	0.00596	0.00678	0.00202	0.00863	0.00623	0.00347	0.01009
19	0.01202	0.02029	0.33296	0.01874	0.14745	0.01177	0.01666	0.01693	0.01483	0.02121	0.14560	0.12599	0.06792	0.01008	0.00696	0.00215	0.00700	0.00875	0.00432	0.00837
20	0.00931	0.00623	0.00819	0.00900	0.00993	0.00573	0.00625	0.01092	0.01419	0.05348	0.17035	0.55698	0.07775	0.01845	0.00816	0.00250	0.00375	0.01658	0.00643	0.00581
21	0.01904	0.01420	0.02185	0.02900	0.43963	0.01422	0.01598	0.02497	0.12956	0.17891	0.01825	0.03567	0.01403	0.00720	0.00661	0.00203	0.00682	0.00657	0.00496	0.01048
22	0.01837	0.01988	0.14684	0.01812	0.11617	0.11025	0.01437	0.10861	0.20565	0.08293	0.05174	0.02110	0.04049	0.00804	0.00656	0.00204	0.00737	0.00652	0.00520	0.00973
23	0.01061	0.00758	0.01061	0.01212	0.01364	0.00758	0.01061	0.01364	0.01515	0.01970	0.03486	0.07426	0.03789	0.01819	0.00909	0.00303	0.00606	0.68326	0.00606	0.00606
24	0.01567	0.01728	0.03580	0.02728	0.08007	0.01655	0.59297	0.02231	0.08023	0.02171	0.01450	0.01829	0.01095	0.00588	0.00758	0.00220	0.01033	0.00761	0.00364	0.00913
25	0.01408	0.14662	0.58163	0.01727	0.02599	0.01701	0.02144	0.02156	0.05772	0.02044	0.01234	0.01405	0.00909	0.00633	0.00597	0.00199	0.00903	0.00482	0.00303	0.00958
26	0.01435	0.01360	0.02228	0.08023	0.54010	0.01357	0.01706	0.01784	0.01487	0.02046	0.02314	0.02573	0.15239	0.00806	0.00677	0.00202	0.00699	0.00746	0.00380	0.00926
27	0.01926	0.60129	0.03102	0.01232	0.01770	0.09149	0.01157	0.11380	0.01626	0.01909	0.01015	0.01140	0.00883	0.00605	0.00470	0.00151	0.00751	0.00391	0.00338	0.00875
28	0.01686	0.64878	0.15186	0.01252	0.01884	0.02424	0.01345	0.01990	0.01346	0.01639	0.00960	0.01112	0.00843	0.00574	0.00456	0.00152	0.00749	0.00375	0.00281	0.00866
29	0.01760	0.77260	0.03450	0.01126	0.01690	0.02605	0.01126	0.01971	0.01338	0.01549	0.00915	0.01056	0.00845	0.00563	0.00422	0.00141	0.00704	0.00352	0.00282	0.00845
30	0.02710	0.09831	0.01810	0.01242	0.01731	0.06413	0.01039	0.07192	0.01870	0.53604	0.02180	0.01968	0.01431	0.00786	0.00677	0.00197	0.02968	0.00604	0.00696	0.01052
31	0.01608	0.01388	0.01460	0.01316	0.01683	0.01600	0.01023	0.03410	0.69141	0.02720	0.02818	0.02591	0.04450	0.00920	0.00674	0.00223	0.00515	0.00767	0.00668	0.01025
32	0.00809	0.00582	0.00768	0.00904	0.00955	0.00541	0.00609	0.00938	0.01305	0.01743	0.08019	0.69939	0.06435	0.02006	0.00834	0.00262	0.00376	0.01815	0.00618	0.00541
33	0.01637	0.01414	0.01489	0.01340	0.01712	0.01637	0.01042	0.03498	0.71568	0.02754	0.02679	0.02456	0.02010	0.00893	0.00670	0.00223	0.00521	0.00744	0.00670	0.01042
34	0.01554	0.01776	0.03885	0.02775	0.03441	0.01665	0.70366	0.02109	0.01554	0.02109	0.01332	0.01776	0.00999	0.00555	0.00777	0.00222	0.01110	0.00777	0.00333	0.00888
35	0.00802	0.00573	0.00764	0.00917	0.00955	0.00535	0.00611	0.00917	0.01260	0.01681	0.03628	0.76434	0.04354	0.02062	0.00840	0.00267	0.00382	0.01872	0.00611	0.00535
36	0.02835	0.01244	0.01596	0.01231	0.01738	0.01160	0.01014	0.13699	0.04666	0.59845	0.02442	0.02146	0.01564	0.00814	0.00662	0.00203	0.00584	0.00654	0.00785	0.01117
37	0.01511	0.01707	0.03706	0.02668	0.03298	0.01600	0.66370	0.02040	0.01537	0.02084	0.01463	0.06053	0.01191	0.00641	0.00781	0.00225	0.01068	0.00840	0.00349	0.00868
38	0.02923	0.01170	0.01558	0.01195	0.01705	0.01041	0.00987	0.07801	0.01967	0.68504	0.02528	0.02196	0.01595	0.00813	0.00662	0.00203	0.00571	0.00657	0.00804	0.01120
39	0.01144	0.00572	0.00858	0.00858	0.00858	0.00572	0.00572	0.00858	0.00858	0.01144	0.01144	0.02001	0.01144	0.02287	0.02573	0.80846	0.00572	0.00572	0.00286	0.00286
40	0.00856	0.00630	0.00802	0.00844	0.00959	0.00576	0.00601	0.01064	0.01559	0.02117	0.34379	0.35384	0.14413	0.01693	0.00804	0.00235	0.00344	0.01506	0.00661	0.00576
41	0.02457	0.02747	0.01830	0.01627	0.01966	0.59314	0.01242	0.02637	0.01810	0.11368	0.01222	0.01348	0.00956	0.00729	0.00710	0.00182	0.06180	0.00467	0.00401	0.00809
42	0.00865	0.00711	0.00724	0.00747	0.00929	0.02511	0.00545	0.01039	0.01473	0.01843	0.08808	0.19435	0.49363	0.01641	0.00763	0.00224	0.00363	0.01395	0.06058	0.00564
43	0.02493	0.01571	0.08483	0.01467	0.02025	0.01365	0.07129	0.20309	0.03562	0.39563	0.02120	0.02083	0.01431	0.00795	0.00674	0.00207	0.00688	0.02288	0.00676	0.01072

[dist]
# distance from previous block
# <min> <max>
0	17

[block]
# block no. 5 follows, 33 sequences, length 44
# corresponding to MSA columns:
# 238-261,263-282
name=unknown_F
#
# <colnr> <probs for GDERKNQSTAVLIFYWHMCP>
#	G	D	E	R	K	N	Q	S	T	A	V	L	I	F	Y	W	H	M	C	P
0	0.81514	0.01273	0.00968	0.00866	0.01273	0.01477	0.00713	0.01935	0.01120	0.02954	0.00917	0.01069	0.00713	0.00611	0.00407	0.00204	0.00509	0.00356	0.00407	0.00713
1	0.50698	0.01474	0.04980	0.03903	0.04702	0.04170	0.00987	0.02286	0.12254	0.07069	0.01337	0.01429	0.01004	0.00672	0.00502	0.00206	0.00589	0.00464	0.00457	0.00820
2	0.01509	0.27831	0.44883	0.01735	0.06064	0.03572	0.01950	0.02056	0.01389	0.01899	0.01092	0.01287	0.00849	0.00604	0.00559	0.00184	0.00879	0.00446	0.00283	0.00929
3	0.01603	0.04826	0.02719	0.07153	0.51619	0.01590	0.10514	0.04062	0.01539	0.02147	0.01359	0.01928	0.01165	0.00655	0.00671	0.00203	0.00814	0.04107	0.00348	0.00979
4	0.00856	0.00619	0.00837	0.00959	0.01028	0.00606	0.00687	0.01010	0.01264	0.01688	0.03412	0.53459	0.06114	0.04346	0.11137	0.00390	0.00607	0.09865	0.00569	0.00548
5	0.01540	0.04310	0.03672	0.05804	0.03323	0.01710	0.60780	0.02053	0.01503	0.02039	0.01282	0.01730	0.00980	0.00596	0.00845	0.00223	0.05673	0.00742	0.00327	0.00869
6	0.01700	0.58872	0.17757	0.01305	0.01943	0.05495	0.01401	0.02023	0.01371	0.01662	0.00974	0.01130	0.00843	0.00581	0.00472	0.00156	0.00780	0.00383	0.00283	0.00868
7	0.06947	0.01128	0.01499	0.01156	0.01660	0.00993	0.00955	0.03144	0.01845	0.69642	0.02512	0.02181	0.01583	0.00804	0.00649	0.00204	0.00558	0.00647	0.00794	0.01100
8	0.01009	0.00775	0.01062	0.01026	0.01089	0.00909	0.00756	0.01152	0.01017	0.01449	0.01757	0.03030	0.01803	0.28982	0.41053	0.00818	0.10637	0.00775	0.00360	0.00540
9	0.01020	0.00816	0.01186	0.01140	0.01232	0.00997	0.00891	0.01225	0.01044	0.01520	0.01643	0.02521	0.01573	0.09094	0.58294	0.00910	0.13250	0.00702	0.00346	0.00596
10	0.00778	0.00667	0.00667	0.00667	0.00889	0.00556	0.00500	0.00945	0.01501	0.01778	0.06669	0.06336	0.72490	0.01667	0.00778	0.00222	0.00333	0.01389	0.00611	0.00556
11	0.00943	0.00654	0.00819	0.00828	0.00865	0.00685	0.00534	0.01018	0.01005	0.01374	0.02080	0.08249	0.02298	0.51507	0.23656	0.00737	0.00947	0.00941	0.00399	0.00462
12	0.01551	0.06382	0.08427	0.02617	0.03297	0.01712	0.61778	0.02099	0.01530	0.02074	0.01297	0.01708	0.00979	0.00560	0.00746	0.00216	0.01077	0.00733	0.00326	0.00891
13	0.01432	0.22147	0.55689	0.01686	0.02555	0.01802	0.02101	0.02056	0.01377	0.01949	0.01114	0.01305	0.00837	0.00610	0.00574	0.00191	0.00905	0.00452	0.00279	0.00940
14	0.00962	0.00677	0.00874	0.00973	0.01054	0.00665	0.00734	0.01124	0.01283	0.01681	0.03178	0.21341	0.05817	0.25671	0.01664	0.00399	0.00558	0.30279	0.00542	0.00523
15	0.01187	0.00937	0.01081	0.01209	0.10015	0.02776	0.00788	0.04897	0.05921	0.02262	0.13000	0.04087	0.29306	0.01172	0.00674	0.00199	0.00434	0.00986	0.18367	0.00702
16	0.01662	0.60835	0.19018	0.01293	0.01948	0.02366	0.01417	0.01997	0.01349	0.01668	0.00974	0.01130	0.00842	0.00577	0.00468	0.00156	0.00764	0.00382	0.00281	0.00873
17	0.01629	0.01564	0.02672	0.04041	0.72757	0.01564	0.02020	0.02020	0.01499	0.02151	0.01238	0.01629	0.01043	0.00587	0.00652	0.00196	0.00782	0.00587	0.00326	0.01043
18	0.01060	0.00865	0.01203	0.01142	0.01199	0.01061	0.00870	0.01213	0.01037	0.01497	0.01730	0.07526	0.01792	0.19524	0.35959	0.00722	0.19854	0.00805	0.00364	0.00576
19	0.23754	0.01598	0.01682	0.01606	0.10475	0.04112	0.01150	0.29581	0.10831	0.05061	0.01515	0.01580	0.01127	0.00726	0.00585	0.00200	0.00650	0.00543	0.02257	0.00967
20	0.02043	0.01547	0.01750	0.05856	0.02017	0.01570	0.01115	0.40385	0.02349	0.05328	0.01442	0.01536	0.01069	0.00678	0.00599	0.00164	0.00647	0.00524	0.00547	0.28835
21	0.01816	0.01503	0.01589	0.01376	0.01780	0.01721	0.01085	0.17339	0.57436	0.03042	0.02453	0.02275	0.01826	0.00872	0.00668	0.00218	0.00563	0.00713	0.00668	0.01058
22	0.01630	0.01258	0.01431	0.01132	0.01580	0.01200	0.00900	0.19901	0.08694	0.04529	0.12037	0.07025	0.02118	0.00844	0.00620	0.00166	0.00522	0.00699	0.00562	0.33153
23	0.01151	0.00780	0.00970	0.01040	0.01177	0.02524	0.00776	0.01434	0.05737	0.08492	0.06520	0.46335	0.03843	0.01760	0.00818	0.00261	0.00468	0.14639	0.00631	0.00644
24	0.00818	0.00584	0.00782	0.00935	0.00980	0.00548	0.00639	0.00944	0.01276	0.01698	0.03620	0.72188	0.04319	0.02047	0.00845	0.00270	0.00396	0.05960	0.00611	0.00539
25	0.00802	0.00573	0.00764	0.00917	0.00955	0.00535	0.00611	0.00917	0.01260	0.01681	0.03628	0.76434	0.04354	0.02062	0.00840	0.00267	0.00382	0.01872	0.00611	0.00535
26	0.02459	0.03138	0.01866	0.01696	0.02035	0.74221	0.01272	0.02629	0.01866	0.01611	0.01018	0.01187	0.00848	0.00678	0.00594	0.00170	0.01187	0.00424	0.00339	0.00763
27	0.71610	0.01507	0.01080	0.00970	0.01369	0.10590	0.00783	0.02022	0.01214	0.02786	0.00929	0.01084	0.00730	0.00620	0.00431	0.00199	0.00594	0.00365	0.00399	0.00719
28	0.01465	0.01610	0.03404	0.02635	0.08232	0.01516	0.56597	0.01953	0.01513	0.02058	0.01613	0.11118	0.01422	0.00746	0.00776	0.00226	0.00995	0.00900	0.00367	0.00855
29	0.02896	0.01108	0.01509	0.01162	0.01661	0.00958	0.00958	0.03152	0.01884	0.71202	0.04587	0.02317	0.01760	0.00830	0.00665	0.00204	0.00553	0.00677	0.00812	0.01106
30	0.01340	0.00986	0.01160	0.01039	0.01299	0.01025	0.00802	0.06272	0.22427	0.06419	0.43944	0.03850	0.04426	0.01151	0.00732	0.00211	0.00411	0.00995	0.00709	0.00801
31	0.01390	0.00854	0.00919	0.00844	0.01069	0.00891	0.00650	0.06926	0.12590	0.04732	0.13195	0.02769	0.02402	0.00880	0.00563	0.00177	0.00379	0.00724	0.47310	0.00734
32	0.05948	0.00834	0.01031	0.00972	0.01047	0.00935	0.00686	0.01281	0.01078	0.06218	0.01976	0.10769	0.02124	0.39904	0.10316	0.00537	0.12459	0.00909	0.00426	0.00550
33	0.00799	0.00646	0.00714	0.00763	0.00932	0.00560	0.00560	0.00959	0.01436	0.01762	0.05672	0.25575	0.50288	0.01783	0.00802	0.00239	0.00361	0.04986	0.00611	0.00553
34	0.67681	0.01217	0.01025	0.00919	0.01292	0.01393	0.00747	0.01932	0.01177	0.07423	0.01225	0.06707	0.01046	0.00750	0.00516	0.00211	0.03073	0.00496	0.00445	0.00727
35	0.01422	0.01565	0.03337	0.02449	0.03004	0.01467	0.58127	0.01900	0.01502	0.02034	0.01735	0.14876	0.01588	0.00819	0.00788	0.00230	0.00982	0.00969	0.00382	0.00826
36	0.26303	0.01716	0.15352	0.01451	0.01944	0.01463	0.08450	0.05494	0.01435	0.14133	0.01471	0.05814	0.01166	0.00802	0.00787	0.00220	0.10086	0.00602	0.00452	0.00859
37	0.01569	0.01503	0.02563	0.15187	0.62084	0.01548	0.01990	0.01967	0.01470	0.02077	0.01228	0.01649	0.01017	0.00598	0.00653	0.00199	0.00797	0.00586	0.00321	0.00994
38	0.00944	0.00690	0.00981	0.00981	0.01071	0.00781	0.00726	0.01126	0.01035	0.01471	0.01834	0.02978	0.01816	0.21322	0.58103	0.00962	0.01507	0.00763	0.00363	0.00545
39	0.01475	0.24641	0.46221	0.01808	0.05843	0.01849	0.05551	0.02050	0.01388	0.01934	0.01115	0.01324	0.00855	0.00602	0.00576	0.00189	0.00893	0.00467	0.00284	0.00935
40	0.01366	0.11016	0.66239	0.01799	0.02730	0.01640	0.02298	0.02073	0.01385	0.02030	0.01154	0.01355	0.00835	0.00619	0.00605	0.00202	0.00945	0.00473	0.00278	0.00960
41	0.02804	0.10659	0.01769	0.01166	0.01682	0.01173	0.00987	0.03053	0.01816	0.64235	0.02386	0.02092	0.01531	0.00783	0.00632	0.00196	0.00578	0.00623	0.00748	0.01086
42	0.01387	0.05625	0.58416	0.01830	0.02697	0.01587	0.05729	0.02259	0.10188	0.02151	0.01368	0.01532	0.00990	0.00653	0.00632	0.00209	0.00914	0.00529	0.00330	0.00973
43	0.02282	0.04365	0.02112	0.01579	0.02088	0.04202	0.11902	0.24378	0.15387	0.21739	0.01976	0.01919	0.01385	0.00767	0.00669	0.00205	0.00718	0.00654	0.00626	0.01046

[dist]
# distance from previous block
# <min> <max>
0	1

[block]
# block no. 6 follows, 33 sequences, length 31
# corresponding to MSA columns:
# 284-314
name=unknown_G
#
# <colnr> <probs for GDERKNQSTAVLIFYWHMCP>
#	G	D	E	R	K	N	Q	S	T	A	V	L	I	F	Y	W	H	M	C	P
0	0.02042	0.00932	0.01250	0.01038	0.01382	0.00853	0.00831	0.03636	0.01788	0.39706	0.23305	0.03075	0.02992	0.01423	0.08755	0.00296	0.00609	0.00821	0.04376	0.00890
1	0.00801	0.00577	0.00759	0.00905	0.00952	0.00536	0.00606	0.00918	0.01271	0.01685	0.03767	0.73231	0.07468	0.02044	0.00837	0.00265	0.00380	0.01849	0.00611	0.00536
2	0.01418	0.01484	0.02924	0.30342	0.03690	0.01547	0.38040	0.01977	0.04657	0.01969	0.01424	0.02042	0.01119	0.00664	0.00732	0.00225	0.00973	0.03606	0.00345	0.00823
3	0.01399	0.13612	0.58675	0.01836	0.02730	0.01689	0.07125	0.02071	0.01394	0.02012	0.01155	0.01371	0.00847	0.00612	0.00608	0.00200	0.00945	0.00489	0.00282	0.00949
4	0.11242	0.01314	0.01513	0.01188	0.01655	0.01327	0.00976	0.24295	0.02132	0.36126	0.02043	0.01925	0.01373	0.00780	0.00612	0.00196	0.00580	0.00601	0.09100	0.01022
5	0.00821	0.00597	0.00779	0.00917	0.00982	0.00555	0.00637	0.00956	0.01304	0.01714	0.03909	0.64054	0.10847	0.02005	0.00840	0.00266	0.00396	0.07268	0.00611	0.00543
6	0.01778	0.45017	0.07352	0.01269	0.01771	0.09753	0.01187	0.08298	0.07086	0.01933	0.01383	0.07915	0.01272	0.00759	0.00532	0.00171	0.00731	0.00556	0.00381	0.00858
7	0.01589	0.01523	0.02599	0.11530	0.65585	0.01554	0.02000	0.01985	0.01480	0.02101	0.01231	0.01643	0.01025	0.00594	0.00652	0.00198	0.00792	0.00586	0.00322	0.01010
8	0.01690	0.56502	0.10994	0.01696	0.13704	0.02313	0.01419	0.01992	0.01370	0.01708	0.00998	0.01189	0.00877	0.00574	0.00483	0.00157	0.00747	0.00406	0.00289	0.00892
9	0.02160	0.01675	0.01846	0.01445	0.01884	0.05066	0.01186	0.39958	0.02320	0.07694	0.01431	0.01545	0.01073	0.00796	0.00878	0.00195	0.13229	0.00552	0.00547	0.14520
10	0.02409	0.08457	0.01979	0.01655	0.02010	0.69082	0.01262	0.02582	0.01828	0.01607	0.01010	0.01178	0.00848	0.00670	0.00581	0.00168	0.01153	0.00419	0.00335	0.00769
11	0.02182	0.16990	0.02069	0.01498	0.01863	0.49753	0.01184	0.02370	0.01679	0.04418	0.01140	0.01354	0.00964	0.01118	0.08454	0.00261	0.01132	0.00450	0.00348	0.00774
12	0.01294	0.01050	0.01296	0.01059	0.01453	0.00968	0.00840	0.06485	0.03918	0.02075	0.01481	0.01887	0.01279	0.02224	0.28687	0.00476	0.00993	0.00538	0.00405	0.41591
13	0.01764	0.71508	0.03302	0.01133	0.01681	0.02515	0.01115	0.04858	0.01430	0.01696	0.03325	0.01207	0.01035	0.00599	0.00444	0.00145	0.00692	0.00390	0.00312	0.00849
14	0.01636	0.01347	0.01445	0.01302	0.01652	0.01531	0.01008	0.08022	0.57476	0.04223	0.02703	0.10499	0.02195	0.01012	0.00688	0.00226	0.00521	0.00855	0.00666	0.00994
15	0.00802	0.00573	0.00764	0.00917	0.00955	0.00535	0.00611	0.00917	0.01260	0.01681	0.03628	0.76434	0.04354	0.02062	0.00840	0.00267	0.00382	0.01872	0.00611	0.00535
16	0.00814	0.00661	0.00722	0.00723	0.00915	0.00569	0.00536	0.01008	0.01561	0.01961	0.20985	0.11763	0.52225	0.01628	0.00783	0.00223	0.00332	0.01385	0.00636	0.00569
17	0.02459	0.03138	0.01866	0.01696	0.02035	0.74221	0.01272	0.02629	0.01866	0.01611	0.01018	0.01187	0.00848	0.00678	0.00594	0.00170	0.01187	0.00424	0.00339	0.00763
18	0.00975	0.00700	0.00977	0.01112	0.01228	0.00702	0.00908	0.01217	0.01393	0.01840	0.03337	0.26398	0.03714	0.02229	0.08931	0.00376	0.00670	0.42131	0.00580	0.00584
19	0.00907	0.00710	0.00840	0.00888	0.01068	0.00657	0.00699	0.01186	0.04279	0.01945	0.12012	0.15031	0.35903	0.01694	0.00817	0.00248	0.00418	0.19482	0.00624	0.00593
20	0.01288	0.00763	0.00985	0.00886	0.01089	0.00707	0.00665	0.01596	0.03593	0.14176	0.51316	0.04343	0.04924	0.09525	0.01037	0.00254	0.00393	0.01066	0.00702	0.00690
21	0.00829	0.00610	0.00817	0.00951	0.00988	0.00598	0.00647	0.00945	0.01250	0.01676	0.03510	0.73230	0.04205	0.02024	0.00897	0.00268	0.03599	0.01816	0.00597	0.00543
22	0.02509	0.01676	0.01980	0.01514	0.02025	0.01799	0.04653	0.50658	0.02691	0.18252	0.01752	0.01722	0.01210	0.00797	0.00720	0.00203	0.03467	0.00616	0.00661	0.01093
23	0.01490	0.01609	0.03133	0.11381	0.05690	0.01726	0.42001	0.01920	0.01384	0.01925	0.01190	0.01683	0.00952	0.00720	0.01109	0.00237	0.20005	0.00696	0.00316	0.00832
24	0.01292	0.01276	0.02080	0.01733	0.01889	0.01540	0.16021	0.01521	0.01188	0.01718	0.01661	0.19483	0.01758	0.01391	0.04395	0.00299	0.38737	0.00934	0.00377	0.00707
25	0.01371	0.01115	0.01362	0.05043	0.05589	0.01219	0.01067	0.07101	0.28078	0.02363	0.02896	0.16738	0.04164	0.01309	0.00759	0.00247	0.00560	0.17588	0.00604	0.00825
26	0.54514	0.13523	0.05499	0.01029	0.01507	0.01681	0.00929	0.07447	0.01361	0.05983	0.01060	0.01179	0.00815	0.00628	0.00453	0.00193	0.00585	0.00396	0.00419	0.00799
27	0.01629	0.01564	0.02672	0.04041	0.72757	0.01564	0.02020	0.02020	0.01499	0.02151	0.01238	0.01629	0.01043	0.00587	0.00652	0.00196	0.00782	0.00587	0.00326	0.01043
28	0.01900	0.01552	0.01642	0.01271	0.01789	0.09612	0.03284	0.13939	0.09303	0.10493	0.01551	0.01611	0.01171	0.00644	0.00578	0.00152	0.00641	0.00510	0.00506	0.37851
29	0.01642	0.04597	0.01800	0.01332	0.01795	0.05239	0.09828	0.05399	0.06277	0.10007	0.07456	0.07260	0.01782	0.00792	0.00667	0.00171	0.02882	0.00681	0.00494	0.29898
30	0.04918	0.07519	0.58681	0.01751	0.02628	0.01644	0.02157	0.09271	0.01555	0.02307	0.01196	0.01376	0.00859	0.00638	0.00608	0.00203	0.00911	0.00484	0.00324	0.00970

[dist]
# distance from previous block
# <min> <max>
0	65

# created by:
# /home/cegg/simao/soft/augustus-3.2.1/scripts/msa2prfl.pl ./align_prep/EOG090W0AC2.fa
