[name]
unknown

[dist]
# distance from previous block
# <min> <max>
0	62

[block]
# block no. 0 follows, 34 sequences, length 21
# corresponding to MSA columns:
# 62-82
name=unknown_A
#
# <colnr> <probs for GDERKNQSTAVLIFYWHMCP>
#	G	D	E	R	K	N	Q	S	T	A	V	L	I	F	Y	W	H	M	C	P
0	0.04048	0.01249	0.01917	0.19742	0.26839	0.01273	0.01488	0.02061	0.03521	0.14726	0.01644	0.02189	0.01323	0.00732	0.00641	0.00199	0.00692	0.06248	0.00439	0.09030
1	0.01481	0.24257	0.27712	0.01608	0.07512	0.01680	0.03347	0.05569	0.01413	0.01938	0.01233	0.05209	0.01064	0.00756	0.00674	0.04935	0.00759	0.00526	0.00326	0.08003
2	0.06228	0.01432	0.01305	0.01343	0.05302	0.17113	0.00941	0.02103	0.19368	0.04467	0.02448	0.30385	0.02462	0.01233	0.00689	0.00221	0.00617	0.01050	0.00536	0.00757
3	0.01371	0.01598	0.14436	0.11849	0.04523	0.01398	0.14626	0.01748	0.01345	0.06065	0.06620	0.02302	0.05684	0.06732	0.01186	0.00257	0.16392	0.00713	0.00379	0.00774
4	0.00786	0.00567	0.00745	0.00886	0.00934	0.00526	0.00594	0.00901	0.01250	0.01655	0.03722	0.73069	0.07971	0.02003	0.00821	0.00260	0.00372	0.01811	0.00600	0.00526
5	0.01439	0.01207	0.01393	0.01004	0.01573	0.00963	0.00807	0.07802	0.01491	0.02280	0.01184	0.01359	0.00970	0.00505	0.00493	0.00104	0.00499	0.00400	0.00406	0.74120
6	0.01047	0.00721	0.00940	0.00980	0.01121	0.00704	0.00760	0.01246	0.01436	0.07026	0.11664	0.29700	0.16109	0.01679	0.00884	0.00253	0.04716	0.17798	0.00608	0.00607
7	0.02344	0.01685	0.01756	0.01393	0.01858	0.06860	0.01132	0.45411	0.09545	0.13972	0.05959	0.01897	0.01534	0.00813	0.00650	0.00196	0.00676	0.00629	0.00652	0.01038
8	0.01220	0.01148	0.01938	0.75739	0.04450	0.01436	0.01794	0.01651	0.01292	0.01651	0.01148	0.01723	0.00861	0.00646	0.00646	0.00215	0.00861	0.00574	0.00287	0.00718
9	0.00826	0.00657	0.00741	0.00720	0.00911	0.00572	0.00540	0.01047	0.01619	0.02093	0.33846	0.05646	0.45482	0.01507	0.00763	0.00212	0.00318	0.01283	0.00646	0.00572
10	0.01578	0.01554	0.02279	0.28927	0.39381	0.08322	0.01816	0.04850	0.01508	0.01983	0.01186	0.01600	0.00952	0.00617	0.00637	0.00198	0.00835	0.00561	0.00323	0.00893
11	0.01679	0.01391	0.01614	0.01649	0.10942	0.01561	0.01143	0.03230	0.58974	0.06650	0.02442	0.02294	0.01828	0.00833	0.00655	0.00215	0.00547	0.00706	0.00622	0.01027
12	0.00780	0.00655	0.00677	0.00671	0.00882	0.00552	0.00503	0.00958	0.01510	0.01834	0.13529	0.06072	0.65961	0.01603	0.00763	0.00217	0.00325	0.01343	0.00612	0.00552
13	0.01041	0.00744	0.01041	0.01190	0.01339	0.00744	0.01041	0.01339	0.01487	0.01934	0.03421	0.07288	0.03719	0.01785	0.00892	0.00297	0.00595	0.68913	0.00595	0.00595
14	0.01582	0.01518	0.02592	0.07180	0.70180	0.01531	0.01975	0.01968	0.01463	0.02090	0.01212	0.01605	0.01016	0.00579	0.00640	0.00193	0.00772	0.00576	0.00318	0.01010
15	0.02184	0.01627	0.01773	0.01430	0.01884	0.01799	0.01182	0.54959	0.10102	0.03651	0.01907	0.02384	0.01530	0.00917	0.00679	0.00210	0.00675	0.09440	0.00641	0.01026
16	0.02362	0.11628	0.02126	0.01437	0.01959	0.02075	0.01212	0.62156	0.02815	0.03742	0.01467	0.01485	0.01064	0.00747	0.00616	0.00187	0.00708	0.00551	0.00598	0.01064
17	0.01446	0.01235	0.01667	0.01257	0.01760	0.01077	0.09901	0.11010	0.01623	0.02361	0.05534	0.06093	0.01587	0.00723	0.00593	0.00150	0.00579	0.03870	0.00452	0.47082
18	0.01826	0.34726	0.09116	0.01407	0.01888	0.20688	0.03703	0.06996	0.01549	0.01785	0.01087	0.01312	0.00929	0.01023	0.07602	0.00247	0.02531	0.00445	0.00326	0.00814
19	0.01190	0.00821	0.00990	0.00915	0.01146	0.00796	0.00708	0.01707	0.12996	0.09091	0.39335	0.04575	0.17160	0.01283	0.00742	0.00213	0.00380	0.04558	0.00685	0.00709
20	0.27607	0.15940	0.32500	0.01362	0.02034	0.01709	0.01527	0.06817	0.01386	0.02370	0.01056	0.01216	0.00802	0.00610	0.00511	0.00190	0.00743	0.00420	0.00341	0.00860

[dist]
# distance from previous block
# <min> <max>
0	2

[block]
# block no. 1 follows, 34 sequences, length 29
# corresponding to MSA columns:
# 85-113
name=unknown_B
#
# <colnr> <probs for GDERKNQSTAVLIFYWHMCP>
#	G	D	E	R	K	N	Q	S	T	A	V	L	I	F	Y	W	H	M	C	P
0	0.01928	0.01743	0.01808	0.01531	0.01900	0.19889	0.09446	0.06237	0.20663	0.12286	0.02037	0.08491	0.01695	0.00913	0.00727	0.00211	0.03533	0.03549	0.00534	0.00878
1	0.00825	0.00657	0.00740	0.00719	0.00911	0.00572	0.00539	0.01047	0.01618	0.02091	0.33660	0.05650	0.45669	0.01508	0.00763	0.00212	0.00318	0.01284	0.00645	0.00572
2	0.42701	0.04676	0.01398	0.01127	0.01546	0.10063	0.00914	0.13895	0.10792	0.02836	0.01256	0.01335	0.00963	0.00667	0.00500	0.00191	0.00621	0.00447	0.00462	0.03609
3	0.01570	0.01709	0.02590	0.07769	0.05591	0.13182	0.32489	0.02044	0.05280	0.02007	0.04712	0.04710	0.01366	0.00676	0.00679	0.00193	0.00895	0.00694	0.00378	0.11465
4	0.01449	0.29716	0.48911	0.01580	0.02393	0.01875	0.01933	0.02007	0.01346	0.01860	0.01067	0.01248	0.00822	0.00592	0.00543	0.00181	0.00861	0.00431	0.00274	0.00910
5	0.11900	0.01216	0.01374	0.01096	0.01515	0.01218	0.00890	0.21431	0.02003	0.22281	0.13232	0.02233	0.02016	0.00819	0.00606	0.00185	0.00525	0.00649	0.06272	0.08539
6	0.01049	0.00773	0.00940	0.00980	0.01110	0.00774	0.00697	0.10182	0.04813	0.02072	0.07374	0.56517	0.06705	0.01752	0.00788	0.00246	0.00419	0.01564	0.00615	0.00629
7	0.01029	0.00716	0.00943	0.00926	0.00991	0.00785	0.00655	0.01144	0.01042	0.03910	0.01985	0.06164	0.02097	0.38452	0.28346	0.00711	0.05576	0.03614	0.00399	0.00514
8	0.00936	0.00641	0.00846	0.00945	0.01032	0.00608	0.00674	0.02909	0.01388	0.04090	0.10275	0.58263	0.04227	0.01859	0.00815	0.00256	0.00405	0.08638	0.00618	0.00574
9	0.00938	0.00688	0.00896	0.00919	0.01079	0.00646	0.00739	0.01222	0.01668	0.02261	0.41014	0.05833	0.13952	0.01517	0.00806	0.00237	0.00405	0.23926	0.00658	0.00596
10	0.01653	0.01237	0.01261	0.01134	0.01454	0.04565	0.00880	0.02877	0.44699	0.08786	0.02416	0.02336	0.01808	0.00829	0.00601	0.00198	0.00490	0.00677	0.21190	0.00910
11	0.01571	0.01467	0.02399	0.17713	0.52722	0.01544	0.01861	0.05656	0.04807	0.02153	0.01286	0.01658	0.01040	0.00614	0.00642	0.00198	0.00771	0.00583	0.00347	0.00968
12	0.02359	0.01076	0.01350	0.01073	0.01483	0.01010	0.00873	0.12474	0.01935	0.44836	0.09006	0.02391	0.01964	0.00838	0.00626	0.00191	0.00508	0.00681	0.14357	0.00969
13	0.01902	0.01322	0.01470	0.01277	0.01673	0.01457	0.01006	0.03368	0.56059	0.18912	0.02611	0.02362	0.01887	0.00859	0.00656	0.00215	0.00520	0.00712	0.00690	0.01040
14	0.01296	0.03342	0.73944	0.01842	0.02797	0.01501	0.02387	0.02046	0.01364	0.02046	0.01160	0.01364	0.00818	0.00614	0.00614	0.00205	0.00955	0.00477	0.00273	0.00955
15	0.00883	0.00652	0.00887	0.01014	0.01077	0.00656	0.00752	0.01043	0.01286	0.01715	0.03383	0.55691	0.03955	0.01918	0.00910	0.00272	0.04451	0.18324	0.00582	0.00552
16	0.00940	0.00626	0.00705	0.00705	0.00705	0.00626	0.00392	0.00940	0.00940	0.01253	0.02036	0.04228	0.02349	0.77292	0.03289	0.00626	0.00626	0.00940	0.00392	0.00392
17	0.00808	0.00652	0.00718	0.00711	0.00902	0.00563	0.00530	0.01009	0.01564	0.01982	0.25343	0.08980	0.50845	0.01564	0.00766	0.00216	0.00323	0.01329	0.00632	0.00563
18	0.01440	0.01537	0.05290	0.13392	0.18726	0.01594	0.22568	0.01905	0.04605	0.01935	0.01412	0.01905	0.02864	0.00755	0.00973	0.00226	0.15411	0.02280	0.00337	0.00846
19	0.01216	0.08232	0.01502	0.01257	0.03484	0.01290	0.00960	0.01460	0.06408	0.01579	0.01626	0.06788	0.01635	0.12257	0.17287	0.08530	0.20289	0.03206	0.00369	0.00625
20	0.00851	0.00610	0.00809	0.00941	0.01010	0.00579	0.00680	0.01005	0.01303	0.01723	0.05633	0.54170	0.06651	0.05304	0.00945	0.00283	0.00429	0.15944	0.00593	0.00537
21	0.02497	0.01269	0.01551	0.01227	0.01690	0.01254	0.01001	0.17624	0.12569	0.44131	0.06401	0.02243	0.01807	0.00836	0.00657	0.00202	0.00564	0.00677	0.00741	0.01060
22	0.04379	0.01855	0.18131	0.06191	0.27169	0.01483	0.12306	0.03622	0.05829	0.02131	0.01592	0.04839	0.03958	0.00723	0.00700	0.00208	0.02944	0.00666	0.00362	0.00912
23	0.04450	0.02889	0.54121	0.10971	0.02842	0.07028	0.02111	0.02072	0.01398	0.04607	0.01187	0.01412	0.00849	0.00628	0.00609	0.00203	0.00927	0.00486	0.00303	0.00905
24	0.11082	0.01177	0.01443	0.01134	0.01591	0.01126	0.00930	0.12904	0.01943	0.48718	0.09237	0.02242	0.01877	0.00827	0.00634	0.00199	0.00544	0.00659	0.00725	0.01008
25	0.01037	0.00865	0.01237	0.01181	0.01251	0.01076	0.00924	0.01219	0.01046	0.01522	0.01741	0.11714	0.01780	0.06743	0.42850	0.00721	0.21319	0.00814	0.00363	0.00597
26	0.04054	0.01731	0.09369	0.07255	0.28828	0.07475	0.08163	0.04832	0.05714	0.04198	0.01512	0.06775	0.01306	0.00766	0.00714	0.00208	0.03744	0.02068	0.00388	0.00901
27	0.03927	0.01577	0.04636	0.08028	0.10214	0.08376	0.12450	0.06420	0.14401	0.06640	0.01982	0.06650	0.04671	0.00863	0.00741	0.00214	0.04121	0.02754	0.00467	0.00867
28	0.14928	0.09100	0.04275	0.01203	0.01640	0.04336	0.01025	0.24582	0.09243	0.08993	0.03778	0.01749	0.01339	0.00849	0.02512	0.00210	0.00642	0.00555	0.08137	0.00906

[dist]
# distance from previous block
# <min> <max>
1	14

[block]
# block no. 2 follows, 34 sequences, length 47
# corresponding to MSA columns:
# 129-175
name=unknown_C
#
# <colnr> <probs for GDERKNQSTAVLIFYWHMCP>
#	G	D	E	R	K	N	Q	S	T	A	V	L	I	F	Y	W	H	M	C	P
0	0.01821	0.15888	0.04390	0.02177	0.21888	0.15993	0.03988	0.11048	0.01671	0.02081	0.01404	0.01627	0.04693	0.00723	0.00737	0.00189	0.07885	0.00547	0.00367	0.00882
1	0.01803	0.01676	0.08194	0.02130	0.23079	0.07651	0.01413	0.09336	0.16308	0.10461	0.01840	0.04775	0.01497	0.04758	0.00787	0.00225	0.00709	0.01914	0.00493	0.00951
2	0.00787	0.00562	0.00750	0.00900	0.00937	0.00525	0.00600	0.00900	0.01237	0.01649	0.03561	0.76871	0.04274	0.02024	0.00825	0.00262	0.00375	0.01837	0.00600	0.00525
3	0.01686	0.30926	0.25400	0.01749	0.10233	0.08446	0.01631	0.07070	0.03720	0.01981	0.01127	0.01296	0.00903	0.00611	0.00543	0.00174	0.00822	0.00449	0.00324	0.00910
4	0.00923	0.00692	0.01038	0.01038	0.01154	0.00808	0.00808	0.01154	0.01038	0.01500	0.01731	0.02538	0.01615	0.04846	0.74732	0.01038	0.01731	0.00692	0.00346	0.00577
5	0.01687	0.07298	0.08932	0.03258	0.51984	0.03879	0.04041	0.04469	0.01533	0.05017	0.01249	0.01551	0.01010	0.00595	0.00624	0.00190	0.00790	0.00554	0.00344	0.00996
6	0.08917	0.06460	0.01998	0.01562	0.01747	0.05395	0.03761	0.06813	0.01291	0.07140	0.01055	0.01423	0.00910	0.00952	0.01518	0.00245	0.47134	0.00539	0.00361	0.00779
7	0.00816	0.00604	0.00755	0.00826	0.00923	0.00551	0.00573	0.00977	0.01403	0.01862	0.19444	0.44600	0.17954	0.04486	0.00887	0.00254	0.00359	0.01565	0.00617	0.00543
8	0.02764	0.01316	0.01634	0.01252	0.01757	0.01271	0.01035	0.23875	0.02212	0.52471	0.02245	0.02002	0.01447	0.00792	0.00649	0.00198	0.00599	0.00629	0.00753	0.01099
9	0.01524	0.06223	0.39265	0.04456	0.12384	0.01630	0.09587	0.09662	0.05061	0.02274	0.01286	0.01505	0.00954	0.00630	0.00631	0.00201	0.00880	0.00543	0.00346	0.00961
10	0.00904	0.00697	0.02267	0.00862	0.00996	0.00645	0.00648	0.01138	0.01474	0.02065	0.35445	0.16371	0.08604	0.08190	0.13957	0.00393	0.00607	0.01160	0.03002	0.00575
11	0.01125	0.00752	0.00939	0.00860	0.01068	0.00705	0.00656	0.01518	0.06913	0.08901	0.53199	0.04587	0.13709	0.01281	0.00745	0.00206	0.00345	0.01114	0.00701	0.00676
12	0.01664	0.02073	0.08034	0.02415	0.02993	0.14877	0.49786	0.02131	0.01539	0.01951	0.01215	0.01594	0.00935	0.00604	0.00797	0.00211	0.05341	0.00670	0.00322	0.00846
13	0.01780	0.01713	0.09994	0.05087	0.13087	0.01662	0.02661	0.18096	0.27387	0.05214	0.01825	0.01876	0.01365	0.00772	0.00720	0.00210	0.04398	0.00627	0.00524	0.01004
14	0.01838	0.21366	0.15681	0.04859	0.06459	0.19872	0.06559	0.08852	0.05044	0.02015	0.01176	0.01358	0.00933	0.00634	0.00575	0.00179	0.00891	0.00482	0.00350	0.00878
15	0.04663	0.24603	0.26430	0.01777	0.10275	0.05455	0.03317	0.09525	0.01579	0.05051	0.01174	0.01337	0.00907	0.00617	0.00557	0.00181	0.00810	0.00467	0.00350	0.00926
16	0.01797	0.02068	0.11003	0.09319	0.10762	0.22449	0.01444	0.04959	0.16416	0.05244	0.01546	0.01721	0.01197	0.01006	0.06031	0.00257	0.00920	0.00562	0.00420	0.00878
17	0.00818	0.00585	0.00787	0.00914	0.00961	0.00566	0.00625	0.00943	0.01211	0.01624	0.03294	0.63159	0.03887	0.06226	0.08344	0.00360	0.00531	0.04075	0.00563	0.00526
18	0.05648	0.14726	0.35721	0.01498	0.02175	0.06711	0.01661	0.07151	0.01539	0.09730	0.01381	0.01696	0.01076	0.03360	0.00678	0.00208	0.00819	0.02936	0.00383	0.00901
19	0.00940	0.00626	0.00705	0.00705	0.00705	0.00626	0.00392	0.00940	0.00940	0.01253	0.02036	0.04228	0.02349	0.77292	0.03289	0.00626	0.00626	0.00940	0.00392	0.00392
20	0.00847	0.00623	0.00802	0.00930	0.00991	0.00604	0.00631	0.01085	0.06407	0.01726	0.03493	0.71438	0.04106	0.01941	0.00813	0.00259	0.00385	0.01756	0.00604	0.00561
21	0.01382	0.01222	0.04438	0.41919	0.05900	0.01315	0.04499	0.03949	0.07775	0.07126	0.01756	0.12696	0.01527	0.00874	0.00677	0.00220	0.00742	0.00782	0.00416	0.00783
22	0.01408	0.10293	0.45811	0.02033	0.02857	0.01646	0.22857	0.02042	0.01407	0.02001	0.01178	0.01445	0.00868	0.00587	0.00639	0.00202	0.00969	0.00550	0.00289	0.00917
23	0.00785	0.00673	0.00675	0.00671	0.00893	0.00572	0.00504	0.00990	0.03240	0.01769	0.06448	0.06123	0.71222	0.01617	0.00761	0.00218	0.00332	0.01348	0.00601	0.00557
24	0.00968	0.00666	0.00874	0.00939	0.01073	0.00623	0.00722	0.01187	0.01496	0.04884	0.20419	0.30229	0.12085	0.01699	0.00814	0.00250	0.00418	0.19429	0.00633	0.00589
25	0.01340	0.01148	0.01340	0.00957	0.01531	0.00861	0.00766	0.01627	0.01340	0.02105	0.01148	0.01340	0.00957	0.00479	0.00479	0.00096	0.00479	0.00383	0.00383	0.81242
26	0.01493	0.03994	0.07260	0.31125	0.19958	0.06326	0.05834	0.01878	0.01366	0.03626	0.01156	0.01586	0.00918	0.00683	0.00818	0.00211	0.10064	0.00562	0.00311	0.00830
27	0.01599	0.01535	0.02623	0.03966	0.73262	0.01535	0.01983	0.01983	0.01471	0.02111	0.01215	0.01599	0.01023	0.00576	0.00640	0.00192	0.00768	0.00576	0.00320	0.01023
28	0.00876	0.00696	0.00744	0.00761	0.00965	0.00629	0.00587	0.01151	0.05142	0.01865	0.05502	0.08746	0.52629	0.01564	0.00753	0.00225	0.00370	0.09550	0.06667	0.00580
29	0.01634	0.01421	0.01722	0.08331	0.13261	0.01610	0.01258	0.07984	0.49631	0.02616	0.02197	0.02159	0.01660	0.00801	0.00653	0.00213	0.00597	0.00681	0.00571	0.01001
30	0.00899	0.00654	0.00854	0.00823	0.00968	0.00609	0.00613	0.01180	0.01736	0.02438	0.61902	0.10227	0.08478	0.01540	0.03974	0.00245	0.00373	0.01206	0.00683	0.00599
31	0.01578	0.01345	0.02130	0.34855	0.25930	0.01525	0.01715	0.07332	0.01501	0.07207	0.01277	0.01677	0.00985	0.00688	0.00775	0.00211	0.07454	0.00580	0.00363	0.00873
32	0.01426	0.15449	0.42340	0.03726	0.02792	0.01712	0.19684	0.02024	0.01395	0.01954	0.01153	0.01414	0.00863	0.00587	0.00619	0.00197	0.00942	0.00530	0.00288	0.00907
33	0.00935	0.00644	0.00789	0.00797	0.00878	0.00663	0.00547	0.01065	0.01099	0.01541	0.02595	0.07553	0.10969	0.33439	0.23993	0.00626	0.00871	0.00927	0.09572	0.00497
34	0.01442	0.01480	0.05478	0.09807	0.46523	0.01410	0.10211	0.01831	0.01428	0.02004	0.01512	0.11039	0.01402	0.00761	0.00677	0.00207	0.00774	0.00752	0.00351	0.00912
35	0.01572	0.07754	0.33248	0.07160	0.17167	0.01483	0.03338	0.02131	0.03575	0.10333	0.01478	0.01859	0.01145	0.00693	0.00630	0.00203	0.00814	0.04100	0.00375	0.00942
36	0.01024	0.00766	0.01006	0.01138	0.04901	0.00744	0.00851	0.04102	0.01449	0.01870	0.03818	0.16161	0.20908	0.01812	0.03411	0.06190	0.00544	0.28160	0.00554	0.00592
37	0.01098	0.00801	0.01174	0.01176	0.01361	0.00774	0.06215	0.01407	0.04318	0.05631	0.04594	0.27753	0.08592	0.01657	0.00828	0.00265	0.00535	0.30595	0.00591	0.00635
38	0.02105	0.01720	0.18384	0.11467	0.12417	0.01277	0.01551	0.06082	0.01674	0.34078	0.01806	0.01826	0.01216	0.00704	0.00639	0.00202	0.00723	0.00586	0.00536	0.01006
39	0.05085	0.06294	0.09690	0.11536	0.25847	0.05014	0.06263	0.01975	0.01446	0.09399	0.01569	0.10157	0.01374	0.00779	0.00641	0.00203	0.00757	0.00697	0.00394	0.00879
40	0.06341	0.05119	0.09997	0.05708	0.31505	0.14535	0.04677	0.10528	0.01682	0.02250	0.01183	0.01449	0.00942	0.00622	0.00611	0.00189	0.00851	0.00524	0.00359	0.00931
41	0.10535	0.06115	0.10764	0.17215	0.09886	0.13456	0.05378	0.03683	0.01501	0.06961	0.04222	0.04875	0.01272	0.00723	0.00610	0.00198	0.00807	0.00594	0.00385	0.00820
42	0.04195	0.04426	0.25062	0.01440	0.02021	0.09558	0.01446	0.12633	0.05222	0.14725	0.01868	0.07421	0.03838	0.00826	0.00630	0.00199	0.00753	0.00653	0.00488	0.02597
43	0.05426	0.04978	0.06950	0.06308	0.15803	0.09428	0.01415	0.16160	0.08091	0.10293	0.01472	0.01607	0.01107	0.00718	0.00710	0.00197	0.05697	0.00551	0.00465	0.02624
44	0.13409	0.06364	0.04980	0.02615	0.01605	0.05785	0.01008	0.18535	0.01873	0.09080	0.11749	0.05786	0.07365	0.00988	0.00641	0.00205	0.00600	0.06037	0.00556	0.00817
45	0.09648	0.12748	0.10388	0.03427	0.16024	0.07712	0.01395	0.20689	0.01812	0.02513	0.01264	0.01582	0.01037	0.06177	0.00769	0.00217	0.00761	0.00524	0.00410	0.00902
46	0.06645	0.16234	0.04326	0.09490	0.04165	0.06373	0.01232	0.27345	0.02000	0.04744	0.01538	0.01790	0.03584	0.00743	0.00587	0.00184	0.00715	0.02972	0.00469	0.04865

[dist]
# distance from previous block
# <min> <max>
3	198

# created by:
# /home/cegg/simao/soft/augustus-3.2.1/scripts/msa2prfl.pl ./align_prep/EOG090W0LWB.fa
