[name]
unknown

[dist]
# distance from previous block
# <min> <max>
3	130

[block]
# block no. 0 follows, 36 sequences, length 16
# corresponding to MSA columns:
# 130-145
name=unknown_A
#
# <colnr> <probs for GDERKNQSTAVLIFYWHMCP>
#	G	D	E	R	K	N	Q	S	T	A	V	L	I	F	Y	W	H	M	C	P
0	0.06800	0.05376	0.01671	0.06204	0.12520	0.03015	0.04699	0.10950	0.03571	0.08438	0.04769	0.04366	0.09160	0.00832	0.00671	0.00190	0.04531	0.00682	0.09209	0.02346
1	0.08893	0.01354	0.05254	0.01389	0.07511	0.03182	0.03683	0.16455	0.09061	0.04766	0.04474	0.08307	0.13202	0.00940	0.00665	0.00195	0.02622	0.00772	0.00507	0.06769
2	0.12804	0.05850	0.11447	0.01337	0.04406	0.03379	0.01164	0.21135	0.01776	0.09862	0.07262	0.01919	0.03518	0.03371	0.03220	0.00233	0.05400	0.00587	0.00482	0.00848
3	0.01835	0.01474	0.01938	0.11436	0.12186	0.05448	0.07670	0.23572	0.04592	0.09591	0.01584	0.06746	0.01271	0.00744	0.00629	0.00189	0.00707	0.00645	0.00483	0.07262
4	0.06130	0.01456	0.01401	0.01297	0.05066	0.14891	0.00950	0.13030	0.07574	0.11306	0.02059	0.17725	0.03848	0.00968	0.00622	0.00189	0.00620	0.00795	0.00520	0.09552
5	0.05141	0.00921	0.01169	0.02993	0.01338	0.00951	0.04237	0.08988	0.04874	0.06543	0.08330	0.25709	0.17353	0.02827	0.00839	0.00229	0.05201	0.01135	0.00553	0.00670
6	0.01366	0.01268	0.01511	0.01610	0.13296	0.11995	0.06375	0.04693	0.01455	0.04354	0.02436	0.24309	0.08530	0.05124	0.00812	0.00225	0.00632	0.03589	0.00461	0.05960
7	0.05121	0.01305	0.02204	0.14590	0.20528	0.01332	0.18633	0.03895	0.05323	0.01972	0.01409	0.04350	0.01225	0.08982	0.00908	0.00238	0.00758	0.00662	0.00356	0.06209
8	0.01425	0.01239	0.01476	0.01164	0.01557	0.04938	0.05429	0.11834	0.05637	0.02399	0.19922	0.02262	0.02259	0.00780	0.00673	0.00160	0.04655	0.00645	0.00491	0.31056
9	0.01837	0.01606	0.03993	0.02080	0.25306	0.13936	0.01302	0.04931	0.09485	0.14097	0.06014	0.01844	0.01461	0.00689	0.00602	0.00179	0.00687	0.00578	0.03056	0.06318
10	0.15012	0.01902	0.01541	0.01385	0.03492	0.30443	0.03310	0.07054	0.09851	0.06927	0.01385	0.01691	0.01144	0.09029	0.00882	0.00229	0.03013	0.00525	0.00423	0.00763
11	0.00764	0.00555	0.00711	0.00833	0.00886	0.00513	0.00557	0.00872	0.01203	0.01582	0.03672	0.66362	0.11560	0.05641	0.00905	0.00266	0.00368	0.01680	0.00569	0.00502
12	0.01340	0.01971	0.23138	0.06813	0.02952	0.01435	0.40524	0.01888	0.01409	0.01950	0.01431	0.02154	0.01179	0.00679	0.00702	0.00215	0.00949	0.08117	0.00326	0.00825
13	0.01258	0.00674	0.00684	0.00649	0.00822	0.00689	0.00495	0.07104	0.01436	0.02451	0.01990	0.02257	0.01554	0.00728	0.00451	0.00149	0.00322	0.00579	0.75091	0.00619
14	0.01573	0.01412	0.02292	0.03212	0.56060	0.01475	0.01718	0.01985	0.05351	0.05923	0.01349	0.01778	0.01135	0.00679	0.00780	0.00200	0.08927	0.02850	0.00356	0.00944
15	0.01921	0.19168	0.01925	0.01344	0.01687	0.46801	0.01068	0.02094	0.01571	0.01524	0.01562	0.01704	0.08736	0.00969	0.05196	0.00212	0.00970	0.00501	0.00338	0.00708

[dist]
# distance from previous block
# <min> <max>
0	4

[block]
# block no. 1 follows, 36 sequences, length 8
# corresponding to MSA columns:
# 150-157
name=unknown_B
#
# <colnr> <probs for GDERKNQSTAVLIFYWHMCP>
#	G	D	E	R	K	N	Q	S	T	A	V	L	I	F	Y	W	H	M	C	P
0	0.00780	0.00551	0.00717	0.00841	0.00872	0.00520	0.00550	0.00873	0.01152	0.01536	0.03224	0.67165	0.03855	0.12846	0.01135	0.00303	0.00396	0.01647	0.00550	0.00488
1	0.01270	0.01294	0.05851	0.01627	0.01824	0.01425	0.16255	0.01458	0.01064	0.01549	0.01084	0.01661	0.00985	0.01590	0.11098	0.14943	0.33497	0.00596	0.00289	0.00639
2	0.01491	0.28537	0.44126	0.01505	0.02257	0.01835	0.01784	0.08218	0.01443	0.01977	0.01067	0.01225	0.00817	0.00586	0.00530	0.00175	0.00814	0.00426	0.00296	0.00892
3	0.01155	0.00860	0.01157	0.01079	0.01259	0.00985	0.00851	0.13817	0.01346	0.01890	0.01638	0.02277	0.01469	0.03971	0.62217	0.00856	0.01493	0.00648	0.00386	0.00646
4	0.00759	0.00542	0.00723	0.00868	0.00904	0.00506	0.00578	0.00868	0.01193	0.01591	0.03434	0.77697	0.04121	0.01952	0.00795	0.00253	0.00361	0.01771	0.00578	0.00506
5	0.01315	0.01232	0.02078	0.16833	0.40820	0.01265	0.05343	0.01679	0.01451	0.02017	0.14399	0.02326	0.05067	0.00740	0.00651	0.00194	0.00675	0.00701	0.00382	0.00831
6	0.16299	0.01431	0.01462	0.01232	0.01630	0.01619	0.00986	0.28472	0.31052	0.03086	0.01891	0.05062	0.01467	0.00810	0.00593	0.00201	0.00557	0.00632	0.00583	0.00937
7	0.04518	0.01056	0.01721	0.40501	0.03012	0.01166	0.07632	0.01770	0.01346	0.14741	0.01756	0.14863	0.01531	0.00869	0.00654	0.00212	0.00702	0.00785	0.00425	0.00738

[dist]
# distance from previous block
# <min> <max>
0	4

[block]
# block no. 2 follows, 36 sequences, length 7
# corresponding to MSA columns:
# 162-168
name=unknown_C
#
# <colnr> <probs for GDERKNQSTAVLIFYWHMCP>
#	G	D	E	R	K	N	Q	S	T	A	V	L	I	F	Y	W	H	M	C	P
0	0.01430	0.01154	0.03781	0.01100	0.03967	0.00969	0.00860	0.05240	0.10439	0.09203	0.02209	0.07020	0.10001	0.00790	0.00571	0.00153	0.00484	0.00658	0.00487	0.39484
1	0.04197	0.12049	0.24591	0.01930	0.10879	0.05709	0.14063	0.05083	0.01500	0.12262	0.01306	0.01467	0.00957	0.00602	0.00594	0.00187	0.00822	0.00524	0.00372	0.00906
2	0.01203	0.00923	0.01055	0.00941	0.01209	0.00916	0.00721	0.03669	0.20452	0.04950	0.23684	0.03694	0.13297	0.07345	0.00872	0.00226	0.00424	0.03462	0.00591	0.10365
3	0.00829	0.00648	0.00855	0.00936	0.00985	0.00675	0.00662	0.00945	0.01186	0.01589	0.03398	0.61773	0.10400	0.01814	0.00938	0.00251	0.09464	0.01582	0.00542	0.00529
4	0.01695	0.15089	0.30301	0.01884	0.12688	0.14904	0.01705	0.10935	0.01607	0.02067	0.01105	0.01285	0.00856	0.00606	0.00563	0.00177	0.00859	0.00456	0.00326	0.00893
5	0.01491	0.01429	0.02388	0.12900	0.52173	0.01482	0.06310	0.02037	0.09672	0.02041	0.01327	0.01657	0.01070	0.00595	0.00627	0.00193	0.00743	0.00584	0.00342	0.00939
6	0.00771	0.00547	0.00719	0.00852	0.00885	0.00514	0.00562	0.00871	0.01169	0.01559	0.03313	0.71612	0.03968	0.08246	0.00992	0.00282	0.00382	0.01700	0.00562	0.00495

[dist]
# distance from previous block
# <min> <max>
0	12

[block]
# block no. 3 follows, 36 sequences, length 79
# corresponding to MSA columns:
# 181-259
name=unknown_D
#
# <colnr> <probs for GDERKNQSTAVLIFYWHMCP>
#	G	D	E	R	K	N	Q	S	T	A	V	L	I	F	Y	W	H	M	C	P
0	0.01348	0.21008	0.57952	0.01608	0.02437	0.01688	0.02010	0.01948	0.01304	0.01853	0.01059	0.01241	0.00792	0.00578	0.00547	0.00182	0.00861	0.00430	0.00264	0.00892
1	0.00759	0.00542	0.00723	0.00868	0.00904	0.00506	0.00578	0.00868	0.01193	0.01591	0.03434	0.77697	0.04121	0.01952	0.00795	0.00253	0.00361	0.01771	0.00578	0.00506
2	0.01292	0.01107	0.01292	0.00923	0.01477	0.00831	0.00738	0.01569	0.01292	0.02030	0.01107	0.01292	0.00923	0.00461	0.00461	0.00092	0.00461	0.00369	0.00369	0.81912
3	0.01239	0.09572	0.56400	0.01595	0.02368	0.01422	0.03789	0.01848	0.01369	0.01983	0.09644	0.01785	0.02961	0.00685	0.00598	0.00192	0.00816	0.00552	0.00321	0.00861
4	0.00754	0.00612	0.00670	0.00698	0.00863	0.00527	0.00507	0.00913	0.01399	0.01733	0.11563	0.22136	0.52179	0.01636	0.00750	0.00219	0.00324	0.01402	0.00588	0.00527
5	0.09274	0.01072	0.01403	0.01085	0.01559	0.00955	0.00896	0.02938	0.01725	0.68808	0.02329	0.02031	0.01472	0.00755	0.00607	0.00193	0.00526	0.00603	0.00740	0.01029
6	0.01312	0.01254	0.02153	0.49119	0.28477	0.01423	0.03957	0.01715	0.01313	0.01758	0.01134	0.01620	0.00888	0.00596	0.00624	0.00200	0.00806	0.00560	0.00289	0.00799
7	0.01406	0.01489	0.02610	0.02029	0.02279	0.01776	0.29368	0.01696	0.01159	0.01696	0.00993	0.01489	0.00868	0.00866	0.01525	0.00248	0.46847	0.00621	0.00289	0.00745
8	0.00913	0.00670	0.00904	0.00897	0.00955	0.00751	0.00638	0.01038	0.00970	0.01360	0.01826	0.06505	0.01922	0.33676	0.39729	0.00773	0.04816	0.00808	0.00360	0.00489
9	0.00867	0.00636	0.00813	0.00769	0.00922	0.00582	0.00577	0.01148	0.01730	0.02418	0.67218	0.04787	0.12599	0.01304	0.00735	0.00197	0.00296	0.01145	0.00675	0.00582
10	0.00864	0.00683	0.00783	0.00815	0.01006	0.00621	0.00653	0.02899	0.01474	0.01830	0.08347	0.07988	0.46777	0.01593	0.00771	0.00232	0.00400	0.21125	0.00583	0.00556
11	0.01177	0.01107	0.01869	0.76606	0.04291	0.01384	0.01730	0.01592	0.01246	0.01592	0.01107	0.01661	0.00831	0.00623	0.00623	0.00208	0.00831	0.00554	0.00277	0.00692
12	0.00764	0.00597	0.00697	0.00771	0.00899	0.00530	0.00556	0.00909	0.01320	0.01654	0.04831	0.37934	0.38218	0.01754	0.00771	0.00234	0.00353	0.06109	0.00578	0.00520
13	0.00759	0.00542	0.00723	0.00868	0.00904	0.00506	0.00578	0.00868	0.01193	0.01591	0.03434	0.77697	0.04121	0.01952	0.00795	0.00253	0.00361	0.01771	0.00578	0.00506
14	0.00923	0.00602	0.00673	0.00673	0.00683	0.00602	0.00381	0.00943	0.00933	0.01283	0.01968	0.03960	0.02221	0.72933	0.02988	0.00573	0.00583	0.00884	0.05802	0.00391
15	0.00876	0.00637	0.00825	0.00778	0.00927	0.00586	0.00584	0.01165	0.01751	0.02468	0.71340	0.04705	0.08446	0.01285	0.00735	0.00197	0.00295	0.01134	0.00682	0.00586
16	0.01292	0.10879	0.67590	0.01704	0.02585	0.01551	0.02176	0.01962	0.01310	0.01922	0.01092	0.01283	0.00790	0.00586	0.00572	0.00191	0.00895	0.00447	0.00263	0.00908
17	0.01471	0.01681	0.03676	0.02626	0.03256	0.01576	0.71954	0.01996	0.01471	0.01996	0.01261	0.01681	0.00945	0.00525	0.00735	0.00210	0.01050	0.00735	0.00315	0.00840
18	0.01504	0.01101	0.01314	0.00949	0.01493	0.00843	0.00763	0.01776	0.01361	0.12257	0.01298	0.01409	0.01010	0.00505	0.00485	0.00106	0.00471	0.00405	0.00426	0.70526
19	0.00872	0.00636	0.00819	0.00773	0.00925	0.00584	0.00580	0.01156	0.01739	0.02441	0.69127	0.04749	0.10676	0.01295	0.00735	0.00197	0.00295	0.01140	0.00678	0.00584
20	0.01292	0.01107	0.01292	0.00923	0.01477	0.00831	0.00738	0.01569	0.01292	0.02030	0.01107	0.01292	0.00923	0.00461	0.00461	0.00092	0.00461	0.00369	0.00369	0.81912
21	0.01466	0.01668	0.03608	0.02588	0.03194	0.01589	0.69223	0.01977	0.01451	0.01977	0.01243	0.01668	0.00940	0.00547	0.00786	0.00213	0.03987	0.00728	0.00313	0.00834
22	0.02795	0.01060	0.01446	0.01109	0.01591	0.00916	0.00916	0.03036	0.01783	0.74648	0.02458	0.02121	0.01542	0.00771	0.00627	0.00193	0.00530	0.00627	0.00771	0.01060
23	0.00882	0.00637	0.00833	0.00784	0.00931	0.00588	0.00588	0.01176	0.01764	0.02499	0.73888	0.04654	0.05879	0.01274	0.00735	0.00196	0.00294	0.01127	0.00686	0.00588
24	0.00819	0.00634	0.00746	0.00718	0.00893	0.00561	0.00539	0.01055	0.01616	0.02149	0.44892	0.05230	0.35093	0.01404	0.00736	0.00202	0.00303	0.01208	0.00640	0.00561
25	0.02479	0.01230	0.01645	0.01274	0.01751	0.01180	0.05707	0.12024	0.11798	0.50576	0.02263	0.02038	0.01489	0.00762	0.00634	0.00196	0.00580	0.00636	0.00702	0.01035
26	0.02368	0.01745	0.01870	0.01434	0.01932	0.01932	0.01184	0.72139	0.02929	0.03927	0.01496	0.01496	0.01060	0.00748	0.00623	0.00187	0.00686	0.00561	0.00623	0.01060
27	0.01082	0.00541	0.00812	0.00812	0.00812	0.00541	0.00541	0.00812	0.00812	0.01082	0.01082	0.01894	0.01082	0.02165	0.02435	0.81872	0.00541	0.00541	0.00271	0.00271
28	0.33310	0.00841	0.00782	0.00744	0.00982	0.00897	0.00577	0.01459	0.01307	0.02448	0.17518	0.08183	0.07579	0.00939	0.00529	0.00188	0.00374	0.00744	0.19988	0.00610
29	0.09852	0.01541	0.01674	0.01323	0.01775	0.01691	0.01093	0.49400	0.05424	0.12233	0.01654	0.01786	0.01215	0.00788	0.00650	0.00196	0.02678	0.03429	0.00608	0.00990
30	0.01488	0.01633	0.03401	0.02914	0.20310	0.01553	0.55121	0.01976	0.01458	0.02005	0.01239	0.01647	0.00955	0.00532	0.00707	0.00204	0.00976	0.00692	0.00314	0.00876
31	0.05076	0.01196	0.07213	0.08857	0.03632	0.04116	0.01034	0.01828	0.11227	0.10551	0.09387	0.20467	0.05190	0.01212	0.02693	0.00236	0.03891	0.00940	0.00517	0.00738
32	0.01065	0.00892	0.01176	0.01106	0.01192	0.03478	0.00865	0.01254	0.01056	0.01537	0.04220	0.02366	0.01587	0.09548	0.42368	0.00686	0.18826	0.00662	0.05537	0.00578
33	0.02210	0.01261	0.01575	0.01236	0.01652	0.01267	0.04204	0.27476	0.03807	0.31226	0.06292	0.04814	0.01757	0.07250	0.00854	0.00228	0.00595	0.00702	0.00649	0.00944
34	0.01529	0.05868	0.16169	0.03193	0.53648	0.04933	0.01909	0.01948	0.01407	0.01971	0.01136	0.01452	0.00931	0.00565	0.00598	0.00184	0.00788	0.00519	0.00298	0.00953
35	0.01330	0.11531	0.64648	0.01692	0.02551	0.03907	0.02131	0.01978	0.01324	0.01903	0.01085	0.01274	0.00791	0.00587	0.00570	0.00189	0.00899	0.00444	0.00265	0.00901
36	0.01524	0.01667	0.02352	0.01891	0.02100	0.11938	0.19818	0.01765	0.01201	0.01633	0.00954	0.01413	0.00849	0.00881	0.01498	0.00241	0.46682	0.00575	0.00290	0.00729
37	0.01581	0.01414	0.05155	0.01480	0.01846	0.08960	0.16211	0.08574	0.04425	0.11332	0.12153	0.15443	0.02390	0.01015	0.00725	0.00210	0.02288	0.03499	0.00520	0.00779
38	0.05001	0.01874	0.20776	0.03491	0.20182	0.06745	0.01557	0.03956	0.05213	0.13346	0.01502	0.04034	0.01173	0.00939	0.05242	0.00244	0.02846	0.00575	0.00407	0.00895
39	0.01628	0.00840	0.01099	0.00930	0.01212	0.00769	0.00732	0.05306	0.01828	0.27960	0.45204	0.03608	0.04117	0.01071	0.00691	0.00194	0.00396	0.00923	0.00713	0.00777
40	0.01512	0.01028	0.01161	0.01002	0.01287	0.01083	0.00787	0.16195	0.16752	0.07988	0.25989	0.02917	0.02973	0.00941	0.00628	0.00188	0.00431	0.00788	0.15551	0.00799
41	0.01644	0.03847	0.11827	0.08060	0.19137	0.08510	0.15002	0.12108	0.03574	0.03843	0.01485	0.03203	0.03560	0.00671	0.00635	0.00193	0.00823	0.00614	0.00381	0.00884
42	0.01206	0.00713	0.00857	0.00780	0.01001	0.00649	0.00599	0.01495	0.03525	0.13675	0.32929	0.04197	0.21918	0.01181	0.00672	0.00192	0.00342	0.01005	0.12408	0.00656
43	0.00767	0.00548	0.00732	0.00876	0.00916	0.00513	0.00592	0.00881	0.01201	0.01599	0.03430	0.75460	0.04104	0.01945	0.00797	0.00254	0.00368	0.03932	0.00578	0.00508
44	0.02007	0.01832	0.01726	0.01571	0.06713	0.16913	0.01166	0.28108	0.28022	0.02826	0.01741	0.01723	0.01307	0.00748	0.00614	0.00190	0.00710	0.00580	0.00544	0.00959
45	0.01488	0.11455	0.53536	0.01727	0.05897	0.01560	0.01976	0.06571	0.01451	0.06974	0.01207	0.01357	0.00869	0.00606	0.00576	0.00188	0.00841	0.00468	0.00323	0.00929
46	0.00759	0.00542	0.00723	0.00868	0.00904	0.00506	0.00578	0.00868	0.01193	0.01591	0.03434	0.77697	0.04121	0.01952	0.00795	0.00253	0.00361	0.01771	0.00578	0.00506
47	0.07543	0.01841	0.01810	0.14499	0.09044	0.24130	0.03617	0.16445	0.01742	0.02211	0.01184	0.01452	0.00935	0.00831	0.03724	0.00219	0.04030	0.00505	0.03441	0.00798
48	0.00845	0.00635	0.00782	0.00746	0.00908	0.00572	0.00559	0.01105	0.01678	0.02294	0.56953	0.04990	0.22942	0.01350	0.00735	0.00200	0.00299	0.01174	0.00659	0.00572
49	0.01082	0.00541	0.00812	0.00812	0.00812	0.00541	0.00541	0.00812	0.00812	0.01082	0.01082	0.01894	0.01082	0.02165	0.02435	0.81872	0.00541	0.00541	0.00271	0.00271
50	0.01395	0.01434	0.02688	0.24944	0.16261	0.01515	0.29983	0.01923	0.06154	0.01898	0.01262	0.01677	0.00976	0.00609	0.00736	0.00208	0.04552	0.00637	0.00322	0.00824
51	0.01257	0.02681	0.57045	0.01589	0.02348	0.01347	0.01934	0.04649	0.05605	0.02162	0.11776	0.01865	0.01603	0.00712	0.00616	0.00198	0.00796	0.00575	0.00360	0.00882
52	0.02345	0.01107	0.01397	0.01130	0.01557	0.01062	0.00914	0.02991	0.20615	0.51049	0.07005	0.02335	0.01912	0.00823	0.00635	0.00198	0.00505	0.00679	0.00730	0.01011
53	0.08022	0.01359	0.01559	0.01200	0.01687	0.01364	0.00987	0.30532	0.04001	0.30327	0.01795	0.01695	0.01220	0.00712	0.00588	0.00179	0.00580	0.00550	0.00631	0.11012
54	0.00739	0.00620	0.00643	0.00662	0.00850	0.00523	0.00487	0.00891	0.01390	0.01671	0.05934	0.15409	0.64795	0.01627	0.00744	0.00216	0.00322	0.01375	0.00579	0.00523
55	0.01379	0.01166	0.01354	0.03009	0.01593	0.00970	0.00812	0.06408	0.06459	0.02186	0.01234	0.01388	0.00998	0.00512	0.00489	0.00110	0.00489	0.00411	0.00402	0.68632
56	0.82504	0.01205	0.00916	0.00819	0.01205	0.01398	0.00675	0.01832	0.01060	0.02795	0.00868	0.01012	0.00675	0.00578	0.00386	0.00193	0.00482	0.00337	0.00386	0.00675
57	0.82504	0.01205	0.00916	0.00819	0.01205	0.01398	0.00675	0.01832	0.01060	0.02795	0.00868	0.01012	0.00675	0.00578	0.00386	0.00193	0.00482	0.00337	0.00386	0.00675
58	0.00771	0.00551	0.00737	0.00882	0.00923	0.00517	0.00600	0.00889	0.01205	0.01604	0.03427	0.74151	0.04094	0.01940	0.00799	0.00255	0.00372	0.05196	0.00578	0.00509
59	0.01605	0.01300	0.06532	0.01089	0.01603	0.01043	0.00932	0.08966	0.08196	0.12726	0.01617	0.06214	0.01304	0.00671	0.00547	0.00145	0.00523	0.00549	0.00483	0.43955
60	0.53844	0.01153	0.01106	0.00923	0.01344	0.01224	0.00761	0.02265	0.01320	0.28631	0.01439	0.01411	0.00987	0.00648	0.00472	0.00193	0.00499	0.00441	0.00524	0.00813
61	0.01082	0.00541	0.00812	0.00812	0.00812	0.00541	0.00541	0.00812	0.00812	0.01082	0.01082	0.01894	0.01082	0.02165	0.02435	0.81872	0.00541	0.00541	0.00271	0.00271
62	0.01088	0.06568	0.18907	0.01068	0.01478	0.01038	0.01064	0.04863	0.06712	0.01906	0.03710	0.05958	0.32700	0.04363	0.00777	0.00224	0.00548	0.05855	0.00479	0.00696
63	0.00771	0.00551	0.00735	0.00873	0.00917	0.00515	0.00592	0.00891	0.01220	0.01630	0.05873	0.72986	0.04165	0.01921	0.00795	0.00252	0.00366	0.03852	0.00582	0.00511
64	0.02130	0.02104	0.01607	0.01424	0.03119	0.37847	0.01084	0.17055	0.04356	0.07257	0.01382	0.01497	0.01061	0.00706	0.00617	0.00172	0.03474	0.00494	0.11804	0.00810
65	0.01672	0.01339	0.01667	0.01262	0.01739	0.04239	0.07332	0.11684	0.04610	0.10162	0.02820	0.01555	0.01139	0.00628	0.00664	0.00151	0.06388	0.00501	0.00452	0.39997
66	0.01720	0.01353	0.01456	0.01243	0.01616	0.01513	0.00984	0.21314	0.43591	0.05137	0.08685	0.02425	0.04400	0.00879	0.00643	0.00203	0.00522	0.00721	0.00638	0.00958
67	0.00898	0.00601	0.00682	0.00689	0.00691	0.00599	0.00388	0.00904	0.00921	0.01228	0.02039	0.07893	0.02361	0.74156	0.03048	0.00586	0.00591	0.00951	0.00388	0.00384
68	0.01504	0.01441	0.02459	0.11491	0.66851	0.01470	0.01893	0.01878	0.01400	0.01989	0.01165	0.01555	0.00970	0.00562	0.00617	0.00187	0.00750	0.00555	0.00305	0.00956
69	0.01478	0.01428	0.02475	0.15818	0.59215	0.01469	0.05261	0.01863	0.01393	0.01960	0.01166	0.01568	0.00959	0.00565	0.00624	0.00190	0.00770	0.00564	0.00304	0.00931
70	0.02275	0.02745	0.01855	0.01717	0.05443	0.62903	0.02794	0.09535	0.01861	0.01804	0.01034	0.01194	0.00841	0.00646	0.00575	0.00165	0.01059	0.00432	0.00351	0.00772
71	0.00846	0.00588	0.00759	0.00860	0.00930	0.00563	0.00604	0.01032	0.02748	0.01769	0.10400	0.53824	0.03933	0.04896	0.00861	0.00255	0.00379	0.07240	0.06981	0.00530
72	0.01493	0.01430	0.02440	0.13633	0.64792	0.01467	0.01888	0.01869	0.01395	0.01976	0.01163	0.01558	0.00966	0.00564	0.00618	0.00188	0.00752	0.00555	0.00304	0.00947
73	0.00872	0.00740	0.00999	0.00886	0.01119	0.00656	0.07788	0.01110	0.01503	0.01942	0.21646	0.05119	0.44969	0.01368	0.00728	0.00207	0.00393	0.03451	0.03929	0.00577
74	0.02094	0.00983	0.01271	0.01025	0.01396	0.00902	0.00826	0.09242	0.01879	0.42929	0.24504	0.02971	0.05286	0.00951	0.00663	0.00194	0.00466	0.00798	0.00724	0.00897
75	0.00791	0.00555	0.00738	0.00866	0.00913	0.00520	0.00592	0.00885	0.01190	0.01574	0.03403	0.65927	0.07103	0.01938	0.00905	0.05706	0.00382	0.04960	0.00558	0.00495
76	0.00778	0.00552	0.00723	0.00846	0.00884	0.00519	0.00560	0.00884	0.01189	0.01592	0.06212	0.67738	0.04019	0.09098	0.01017	0.00284	0.00382	0.01663	0.00564	0.00497
77	0.82504	0.01205	0.00916	0.00819	0.01205	0.01398	0.00675	0.01832	0.01060	0.02795	0.00868	0.01012	0.00675	0.00578	0.00386	0.00193	0.00482	0.00337	0.00386	0.00675
78	0.82504	0.01205	0.00916	0.00819	0.01205	0.01398	0.00675	0.01832	0.01060	0.02795	0.00868	0.01012	0.00675	0.00578	0.00386	0.00193	0.00482	0.00337	0.00386	0.00675

[dist]
# distance from previous block
# <min> <max>
0	45

[block]
# block no. 4 follows, 36 sequences, length 8
# corresponding to MSA columns:
# 305-312
name=unknown_E
#
# <colnr> <probs for GDERKNQSTAVLIFYWHMCP>
#	G	D	E	R	K	N	Q	S	T	A	V	L	I	F	Y	W	H	M	C	P
0	0.82504	0.01205	0.00916	0.00819	0.01205	0.01398	0.00675	0.01832	0.01060	0.02795	0.00868	0.01012	0.00675	0.00578	0.00386	0.00193	0.00482	0.00337	0.00386	0.00675
1	0.01582	0.01364	0.02112	0.22893	0.31291	0.01537	0.01635	0.09557	0.01487	0.06480	0.01213	0.01577	0.00960	0.00693	0.00845	0.00206	0.12784	0.00558	0.00357	0.00871
2	0.01925	0.01498	0.01492	0.01151	0.01645	0.12839	0.00920	0.13703	0.01734	0.16341	0.01411	0.01460	0.01047	0.00598	0.00536	0.00138	0.00617	0.00456	0.00482	0.40007
3	0.01278	0.00905	0.01000	0.00962	0.01049	0.08071	0.00676	0.01371	0.12321	0.01366	0.01300	0.01886	0.01184	0.01807	0.01967	0.60952	0.00591	0.00553	0.00333	0.00428
4	0.10574	0.01215	0.01303	0.01101	0.01452	0.01309	0.00887	0.24732	0.14520	0.05092	0.13215	0.02509	0.02139	0.00874	0.00605	0.00191	0.00507	0.04807	0.08546	0.04420
5	0.01068	0.00805	0.01007	0.05714	0.01383	0.00838	0.00886	0.01569	0.12715	0.01977	0.03383	0.07664	0.14073	0.01390	0.00741	0.00241	0.00498	0.33931	0.09479	0.00637
6	0.01852	0.01625	0.01973	0.06356	0.13456	0.09712	0.08183	0.28760	0.07264	0.02608	0.01417	0.01720	0.01126	0.05088	0.00882	0.05301	0.00759	0.00588	0.00454	0.00875
7	0.07268	0.01712	0.01637	0.01394	0.04533	0.18428	0.01073	0.19540	0.01909	0.21768	0.01504	0.01520	0.01076	0.00696	0.00643	0.00176	0.04258	0.00506	0.00522	0.09836

[dist]
# distance from previous block
# <min> <max>
4	6

[block]
# block no. 5 follows, 36 sequences, length 26
# corresponding to MSA columns:
# 320-345
name=unknown_F
#
# <colnr> <probs for GDERKNQSTAVLIFYWHMCP>
#	G	D	E	R	K	N	Q	S	T	A	V	L	I	F	Y	W	H	M	C	P
0	0.01640	0.73786	0.07729	0.01110	0.01668	0.02402	0.01143	0.01872	0.01269	0.01498	0.00882	0.01019	0.00799	0.00537	0.00412	0.00137	0.00682	0.00341	0.00266	0.00807
1	0.09680	0.01655	0.01793	0.01400	0.01874	0.07753	0.05424	0.40815	0.04615	0.16395	0.01589	0.01573	0.01111	0.00717	0.00604	0.00189	0.00691	0.00555	0.00585	0.00981
2	0.01542	0.01480	0.02529	0.03824	0.74217	0.01480	0.01912	0.01912	0.01419	0.02036	0.01172	0.01542	0.00987	0.00555	0.00617	0.00185	0.00740	0.00555	0.00308	0.00987
3	0.01982	0.01198	0.01441	0.01071	0.01591	0.01044	0.00873	0.13876	0.01733	0.26995	0.01631	0.01607	0.01156	0.00614	0.00545	0.00142	0.00522	0.00489	0.00548	0.40941
4	0.01194	0.01125	0.01900	0.73142	0.07619	0.01389	0.01739	0.01607	0.01254	0.01613	0.01110	0.01655	0.00838	0.00620	0.00623	0.00207	0.00826	0.00554	0.00278	0.00706
5	0.01666	0.78478	0.03265	0.01066	0.01599	0.02465	0.01066	0.01866	0.01266	0.01466	0.00866	0.00999	0.00800	0.00533	0.00400	0.00133	0.00666	0.00333	0.00267	0.00800
6	0.00804	0.00634	0.00724	0.00702	0.00883	0.00555	0.00526	0.01024	0.01579	0.02060	0.37575	0.05375	0.42466	0.01437	0.00736	0.00204	0.00306	0.01228	0.00628	0.00555
7	0.02164	0.03786	0.09892	0.01226	0.01762	0.01246	0.01104	0.15036	0.08007	0.33804	0.01879	0.01770	0.01281	0.00697	0.00590	0.00176	0.00592	0.00553	0.00596	0.13839
8	0.00903	0.00618	0.00749	0.00749	0.00773	0.00642	0.00464	0.00950	0.00927	0.01259	0.01900	0.03727	0.02113	0.62321	0.18745	0.00689	0.00833	0.00855	0.00368	0.00416
9	0.00759	0.00542	0.00723	0.00868	0.00904	0.00506	0.00578	0.00868	0.01193	0.01591	0.03434	0.77697	0.04121	0.01952	0.00795	0.00253	0.00361	0.01771	0.00578	0.00506
10	0.01666	0.78478	0.03265	0.01066	0.01599	0.02465	0.01066	0.01866	0.01266	0.01466	0.00866	0.00999	0.00800	0.00533	0.00400	0.00133	0.00666	0.00333	0.00267	0.00800
11	0.06580	0.01555	0.01942	0.01719	0.09995	0.07090	0.09421	0.22709	0.08226	0.21832	0.01703	0.01706	0.01199	0.00698	0.00620	0.00191	0.00698	0.00586	0.00556	0.00973
12	0.00890	0.00668	0.01001	0.01001	0.01113	0.00779	0.00779	0.01113	0.01001	0.01446	0.01669	0.02448	0.01558	0.04673	0.75634	0.01001	0.01669	0.00668	0.00334	0.00556
13	0.02745	0.01141	0.01496	0.01147	0.01631	0.01036	0.00947	0.11201	0.01919	0.66292	0.02344	0.02047	0.01485	0.00768	0.00626	0.00192	0.00549	0.00619	0.00754	0.01060
14	0.01103	0.00749	0.01052	0.01102	0.01262	0.00733	0.03278	0.01412	0.05325	0.07498	0.03169	0.31408	0.03434	0.01640	0.00802	0.00261	0.00507	0.34062	0.00585	0.00619
15	0.01642	0.02700	0.50205	0.01649	0.02427	0.01576	0.01915	0.23315	0.01821	0.05043	0.01278	0.01398	0.00897	0.00645	0.00603	0.00194	0.00836	0.00497	0.00390	0.00968
16	0.01177	0.01107	0.01869	0.76606	0.04291	0.01384	0.01730	0.01592	0.01246	0.01592	0.01107	0.01661	0.00831	0.00623	0.00623	0.00208	0.00831	0.00554	0.00277	0.00692
17	0.01082	0.00541	0.00812	0.00812	0.00812	0.00541	0.00541	0.00812	0.00812	0.01082	0.01082	0.01894	0.01082	0.02165	0.02435	0.81872	0.00541	0.00541	0.00271	0.00271
18	0.01347	0.02706	0.50208	0.19097	0.02984	0.09294	0.02053	0.01939	0.01347	0.01837	0.01099	0.01375	0.00800	0.00604	0.00596	0.00196	0.00921	0.00476	0.00272	0.00847
19	0.01161	0.00581	0.00581	0.00581	0.00726	0.00581	0.00436	0.01452	0.01307	0.02323	0.02033	0.02323	0.01597	0.00726	0.00436	0.00145	0.00290	0.00581	0.81562	0.00581
20	0.00869	0.00627	0.00821	0.00793	0.00928	0.00579	0.00587	0.01143	0.01703	0.02402	0.66419	0.12397	0.05693	0.01346	0.00741	0.00202	0.00301	0.01195	0.00674	0.00579
21	0.00759	0.00542	0.00723	0.00868	0.00904	0.00506	0.00578	0.00868	0.01193	0.01591	0.03434	0.77697	0.04121	0.01952	0.00795	0.00253	0.00361	0.01771	0.00578	0.00506
22	0.01343	0.01334	0.01870	0.01609	0.01614	0.01861	0.01338	0.01483	0.00956	0.01497	0.00854	0.01409	0.00849	0.01242	0.05159	0.00303	0.73777	0.00550	0.00275	0.00676
23	0.00890	0.00668	0.01001	0.01001	0.01113	0.00779	0.00779	0.01113	0.01001	0.01446	0.01669	0.02448	0.01558	0.04673	0.75634	0.01001	0.01669	0.00668	0.00334	0.00556
24	0.01004	0.00717	0.01004	0.01147	0.01291	0.00717	0.01004	0.01291	0.01434	0.01865	0.03299	0.07028	0.03586	0.01721	0.00861	0.00287	0.00574	0.70023	0.00574	0.00574
25	0.00882	0.00637	0.00833	0.00784	0.00931	0.00588	0.00588	0.01176	0.01764	0.02499	0.73888	0.04654	0.05879	0.01274	0.00735	0.00196	0.00294	0.01127	0.00686	0.00588

[dist]
# distance from previous block
# <min> <max>
1	11

[block]
# block no. 6 follows, 36 sequences, length 22
# corresponding to MSA columns:
# 357-378
name=unknown_G
#
# <colnr> <probs for GDERKNQSTAVLIFYWHMCP>
#	G	D	E	R	K	N	Q	S	T	A	V	L	I	F	Y	W	H	M	C	P
0	0.32878	0.01513	0.01573	0.01242	0.01703	0.01677	0.04174	0.39802	0.02112	0.05846	0.01279	0.01341	0.00924	0.00674	0.00538	0.00190	0.00619	0.00486	0.00524	0.00903
1	0.01612	0.01556	0.02746	0.02063	0.02570	0.05211	0.43054	0.05751	0.11146	0.07481	0.01722	0.05323	0.01398	0.00731	0.00709	0.00211	0.00867	0.04566	0.00433	0.00852
2	0.04527	0.15559	0.14506	0.02034	0.02677	0.01658	0.40818	0.01972	0.01395	0.03817	0.01178	0.01472	0.00899	0.00543	0.00625	0.00188	0.00902	0.00587	0.00315	0.04328
3	0.06123	0.01608	0.05761	0.01899	0.02406	0.05601	0.33876	0.07230	0.10166	0.08577	0.01697	0.02242	0.01359	0.00735	0.00683	0.00211	0.00830	0.07699	0.00444	0.00854
4	0.08407	0.03045	0.68360	0.01692	0.02565	0.01443	0.02159	0.01961	0.01293	0.02046	0.01096	0.01289	0.00779	0.00591	0.00574	0.00197	0.00882	0.00450	0.00274	0.00899
5	0.67878	0.01139	0.00954	0.00841	0.01213	0.01280	0.00688	0.01876	0.01190	0.09063	0.07844	0.01450	0.01238	0.00660	0.00439	0.00193	0.00469	0.00437	0.00447	0.00700
6	0.00736	0.00631	0.00631	0.00631	0.00842	0.00526	0.00473	0.00894	0.01420	0.01683	0.06312	0.05996	0.73964	0.01578	0.00736	0.00210	0.00316	0.01315	0.00579	0.00526
7	0.02368	0.01745	0.01870	0.01434	0.01932	0.01932	0.01184	0.72139	0.02929	0.03927	0.01496	0.01496	0.01060	0.00748	0.00623	0.00187	0.00686	0.00561	0.00623	0.01060
8	0.02165	0.01031	0.01339	0.01022	0.01490	0.00858	0.00831	0.02422	0.01639	0.46248	0.09327	0.02138	0.01803	0.00732	0.00590	0.00164	0.00486	0.00603	0.00646	0.24468
9	0.01666	0.78478	0.03265	0.01066	0.01599	0.02465	0.01066	0.01866	0.01266	0.01466	0.00866	0.00999	0.00800	0.00533	0.00400	0.00133	0.00666	0.00333	0.00267	0.00800
10	0.02795	0.01060	0.01446	0.01109	0.01591	0.00916	0.00916	0.03036	0.01783	0.74648	0.02458	0.02121	0.01542	0.00771	0.00627	0.00193	0.00530	0.00627	0.00771	0.01060
11	0.00882	0.00637	0.00833	0.00784	0.00931	0.00588	0.00588	0.01176	0.01764	0.02499	0.73888	0.04654	0.05879	0.01274	0.00735	0.00196	0.00294	0.01127	0.00686	0.00588
12	0.01152	0.01081	0.01799	0.72333	0.04097	0.01336	0.01660	0.01553	0.01256	0.01597	0.01400	0.01905	0.04944	0.00677	0.00629	0.00208	0.00802	0.00597	0.00294	0.00683
13	0.00738	0.00626	0.00636	0.00644	0.00845	0.00525	0.00479	0.00893	0.01408	0.01678	0.06154	0.09918	0.70144	0.01598	0.00740	0.00213	0.00318	0.01340	0.00579	0.00525
14	0.00757	0.00551	0.00714	0.00844	0.00897	0.00508	0.00568	0.00870	0.01216	0.01600	0.03727	0.70409	0.11220	0.01914	0.00789	0.00249	0.00357	0.01725	0.00578	0.00508
15	0.00759	0.00542	0.00723	0.00868	0.00904	0.00506	0.00578	0.00868	0.01193	0.01591	0.03434	0.77697	0.04121	0.01952	0.00795	0.00253	0.00361	0.01771	0.00578	0.00506
16	0.01368	0.01378	0.01990	0.01681	0.01710	0.01893	0.04617	0.01522	0.00978	0.01522	0.00838	0.01378	0.00824	0.01064	0.01984	0.00270	0.73463	0.00554	0.00275	0.00689
17	0.02795	0.01060	0.01446	0.01109	0.01591	0.00916	0.00916	0.03036	0.01783	0.74648	0.02458	0.02121	0.01542	0.00771	0.00627	0.00193	0.00530	0.00627	0.00771	0.01060
18	0.44601	0.01936	0.01323	0.05292	0.01675	0.32360	0.00953	0.02092	0.01365	0.02199	0.00921	0.01094	0.00737	0.00607	0.00472	0.00180	0.00769	0.00376	0.00353	0.00696
19	0.00759	0.00542	0.00723	0.00868	0.00904	0.00506	0.00578	0.00868	0.01193	0.01591	0.03434	0.77697	0.04121	0.01952	0.00795	0.00253	0.00361	0.01771	0.00578	0.00506
20	0.01004	0.00717	0.01004	0.01147	0.01291	0.00717	0.01004	0.01291	0.01434	0.01865	0.03299	0.07028	0.03586	0.01721	0.00861	0.00287	0.00574	0.70023	0.00574	0.00574
21	0.01648	0.01679	0.02314	0.05426	0.56151	0.12434	0.01734	0.02091	0.06747	0.01989	0.01240	0.01541	0.01023	0.00591	0.00610	0.00184	0.00781	0.00543	0.00333	0.00939

[dist]
# distance from previous block
# <min> <max>
6	39

[block]
# block no. 7 follows, 36 sequences, length 84
# corresponding to MSA columns:
# 422-505
name=unknown_H
#
# <colnr> <probs for GDERKNQSTAVLIFYWHMCP>
#	G	D	E	R	K	N	Q	S	T	A	V	L	I	F	Y	W	H	M	C	P
0	0.01014	0.00756	0.00908	0.00865	0.01050	0.00754	0.00665	0.01544	0.13677	0.02398	0.46453	0.04353	0.09690	0.01214	0.00704	0.00202	0.00349	0.05957	0.06798	0.00649
1	0.00738	0.00625	0.00638	0.00648	0.00846	0.00525	0.00481	0.00892	0.01404	0.01677	0.06106	0.11126	0.68967	0.01605	0.00741	0.00213	0.00319	0.01348	0.00579	0.00525
2	0.01550	0.01338	0.01409	0.01268	0.01620	0.01550	0.00986	0.03311	0.73091	0.02606	0.02536	0.02325	0.01902	0.00845	0.00634	0.00211	0.00493	0.00704	0.00634	0.00986
3	0.01340	0.01295	0.02301	0.52075	0.06100	0.01470	0.17691	0.06741	0.01423	0.01865	0.01172	0.01650	0.00878	0.00607	0.00648	0.00206	0.00867	0.00596	0.00311	0.00762
4	0.01883	0.04414	0.20250	0.01840	0.02487	0.01345	0.27962	0.02347	0.01534	0.27166	0.01628	0.01721	0.01109	0.00627	0.00651	0.00198	0.00826	0.00617	0.00459	0.00935
5	0.82504	0.01205	0.00916	0.00819	0.01205	0.01398	0.00675	0.01832	0.01060	0.02795	0.00868	0.01012	0.00675	0.00578	0.00386	0.00193	0.00482	0.00337	0.00386	0.00675
6	0.00906	0.00604	0.00680	0.00680	0.00680	0.00604	0.00378	0.00906	0.00906	0.01208	0.01963	0.04077	0.02265	0.78103	0.03171	0.00604	0.00604	0.00906	0.00378	0.00378
7	0.01471	0.01681	0.03676	0.02626	0.03256	0.01576	0.71954	0.01996	0.01471	0.01996	0.01261	0.01681	0.00945	0.00525	0.00735	0.00210	0.01050	0.00735	0.00315	0.00840
8	0.00906	0.00604	0.00680	0.00680	0.00680	0.00604	0.00378	0.00906	0.00906	0.01208	0.01963	0.04077	0.02265	0.78103	0.03171	0.00604	0.00604	0.00906	0.00378	0.00378
9	0.00759	0.00542	0.00723	0.00868	0.00904	0.00506	0.00578	0.00868	0.01193	0.01591	0.03434	0.77697	0.04121	0.01952	0.00795	0.00253	0.00361	0.01771	0.00578	0.00506
10	0.00759	0.00542	0.00723	0.00868	0.00904	0.00506	0.00578	0.00868	0.01193	0.01591	0.03434	0.77697	0.04121	0.01952	0.00795	0.00253	0.00361	0.01771	0.00578	0.00506
11	0.00797	0.00570	0.00767	0.00911	0.00964	0.00539	0.00645	0.00934	0.01231	0.01633	0.03413	0.66620	0.04037	0.01916	0.00805	0.00258	0.00395	0.12469	0.00578	0.00517
12	0.01730	0.65851	0.06424	0.01143	0.01690	0.02355	0.01138	0.10235	0.01466	0.01782	0.00953	0.01073	0.00830	0.00561	0.00435	0.00143	0.00680	0.00366	0.00309	0.00836
13	0.01540	0.01330	0.01464	0.08034	0.01869	0.01546	0.01059	0.05181	0.64580	0.02554	0.02377	0.02241	0.01781	0.00822	0.00633	0.00210	0.00529	0.00687	0.00602	0.00962
14	0.01945	0.01285	0.02111	0.08351	0.02304	0.01180	0.21242	0.05754	0.01603	0.29073	0.01673	0.01755	0.01158	0.00624	0.00624	0.00178	0.00700	0.00596	0.00507	0.17338
15	0.02395	0.01455	0.01859	0.01643	0.10459	0.01484	0.03911	0.35178	0.02264	0.30119	0.01809	0.01743	0.01227	0.00725	0.00628	0.00190	0.00648	0.00592	0.00629	0.01043
16	0.01471	0.01681	0.03676	0.02626	0.03256	0.01576	0.71954	0.01996	0.01471	0.01996	0.01261	0.01681	0.00945	0.00525	0.00735	0.00210	0.01050	0.00735	0.00315	0.00840
17	0.00882	0.00637	0.00833	0.00784	0.00931	0.00588	0.00588	0.01176	0.01764	0.02499	0.73888	0.04654	0.05879	0.01274	0.00735	0.00196	0.00294	0.01127	0.00686	0.00588
18	0.01082	0.00541	0.00812	0.00812	0.00812	0.00541	0.00541	0.00812	0.00812	0.01082	0.01082	0.01894	0.01082	0.02165	0.02435	0.81872	0.00541	0.00541	0.00271	0.00271
19	0.01093	0.00973	0.01386	0.01278	0.01329	0.01267	0.01024	0.01262	0.01002	0.01488	0.01487	0.10904	0.01522	0.02697	0.32796	0.00576	0.36230	0.00743	0.00335	0.00608
20	0.00906	0.00604	0.00680	0.00680	0.00680	0.00604	0.00378	0.00906	0.00906	0.01208	0.01963	0.04077	0.02265	0.78103	0.03171	0.00604	0.00604	0.00906	0.00378	0.00378
21	0.00867	0.00652	0.00825	0.00924	0.01065	0.00611	0.00744	0.01074	0.01378	0.01748	0.04282	0.21912	0.25986	0.01726	0.00807	0.00255	0.00446	0.33576	0.00576	0.00544
22	0.00851	0.00683	0.01083	0.01086	0.01196	0.00640	0.09087	0.01015	0.01234	0.01647	0.03171	0.66432	0.03726	0.01775	0.00790	0.00249	0.00450	0.03789	0.00547	0.00548
23	0.01444	0.01614	0.03387	0.02464	0.03005	0.01590	0.61450	0.01916	0.01408	0.01933	0.01268	0.01801	0.01008	0.00628	0.00895	0.00220	0.10071	0.02765	0.00318	0.00814
24	0.00890	0.00668	0.01001	0.01001	0.01113	0.00779	0.00779	0.01113	0.01001	0.01446	0.01669	0.02448	0.01558	0.04673	0.75634	0.01001	0.01669	0.00668	0.00334	0.00556
25	0.00759	0.00542	0.00723	0.00868	0.00904	0.00506	0.00578	0.00868	0.01193	0.01591	0.03434	0.77697	0.04121	0.01952	0.00795	0.00253	0.00361	0.01771	0.00578	0.00506
26	0.07978	0.55494	0.05066	0.01176	0.01631	0.07516	0.01120	0.01867	0.01250	0.01594	0.00875	0.01063	0.00792	0.00613	0.00612	0.00158	0.09773	0.00368	0.00280	0.00774
27	0.01608	0.01325	0.01411	0.01261	0.01619	0.01520	0.00983	0.03298	0.69778	0.05953	0.02532	0.02315	0.01885	0.00842	0.00634	0.00210	0.00495	0.00701	0.00640	0.00990
28	0.01253	0.00690	0.00826	0.00752	0.00965	0.00629	0.00578	0.01513	0.01575	0.14242	0.29482	0.03807	0.16051	0.01088	0.00632	0.00183	0.00336	0.00921	0.23824	0.00653
29	0.01300	0.02938	0.63001	0.01817	0.02668	0.01455	0.08737	0.04566	0.01380	0.02031	0.01164	0.01394	0.00840	0.00728	0.03120	0.00225	0.00949	0.00497	0.00284	0.00906
30	0.01997	0.01848	0.20346	0.04059	0.08605	0.03767	0.09688	0.08596	0.04070	0.28163	0.01695	0.01720	0.01157	0.00670	0.00627	0.00195	0.00749	0.00578	0.00502	0.00968
31	0.01184	0.01117	0.01870	0.73702	0.04188	0.01405	0.01716	0.01588	0.01235	0.01588	0.01096	0.01650	0.00830	0.00641	0.00678	0.00210	0.03779	0.00553	0.00277	0.00692
32	0.65106	0.01415	0.01115	0.00966	0.01362	0.07118	0.00787	0.11795	0.01378	0.02858	0.00963	0.01089	0.00739	0.00607	0.00433	0.00190	0.00559	0.00374	0.00414	0.00733
33	0.00806	0.00614	0.00870	0.00945	0.01032	0.00571	0.03912	0.00949	0.01242	0.01635	0.03585	0.63232	0.10259	0.01837	0.00791	0.00249	0.00403	0.05976	0.00566	0.00528
34	0.01911	0.47415	0.02657	0.01192	0.01696	0.03972	0.01091	0.26414	0.01860	0.02354	0.01125	0.01217	0.00916	0.00617	0.00483	0.00153	0.00672	0.00422	0.02951	0.00882
35	0.01001	0.00604	0.00809	0.00896	0.00985	0.00555	0.00619	0.01126	0.01263	0.10286	0.03318	0.68702	0.03814	0.01811	0.00775	0.00246	0.00382	0.01635	0.00601	0.00572
36	0.01328	0.00800	0.01027	0.00868	0.01152	0.00692	0.00676	0.01605	0.01680	0.16753	0.45818	0.03617	0.05814	0.01044	0.00667	0.00178	0.00370	0.00904	0.00647	0.14359
37	0.01351	0.15691	0.53556	0.01671	0.02466	0.01610	0.06541	0.03984	0.01361	0.01934	0.01172	0.03813	0.00919	0.00627	0.00576	0.00189	0.00861	0.00503	0.00288	0.00885
38	0.01161	0.00581	0.00581	0.00581	0.00726	0.00581	0.00436	0.01452	0.01307	0.02323	0.02033	0.02323	0.01597	0.00726	0.00436	0.00145	0.00290	0.00581	0.81562	0.00581
39	0.00759	0.00542	0.00723	0.00868	0.00904	0.00506	0.00578	0.00868	0.01193	0.01591	0.03434	0.77697	0.04121	0.01952	0.00795	0.00253	0.00361	0.01771	0.00578	0.00506
40	0.02076	0.01449	0.01560	0.01292	0.01713	0.03968	0.01035	0.22920	0.35430	0.18335	0.02170	0.02004	0.01548	0.00795	0.00627	0.00199	0.00577	0.00637	0.00650	0.01014
41	0.00934	0.00636	0.00772	0.00813	0.00854	0.00636	0.00557	0.01016	0.01057	0.01396	0.02345	0.04922	0.02643	0.56246	0.02510	0.00513	0.00595	0.20684	0.00434	0.00434
42	0.00759	0.00542	0.00723	0.00868	0.00904	0.00506	0.00578	0.00868	0.01193	0.01591	0.03434	0.77697	0.04121	0.01952	0.00795	0.00253	0.00361	0.01771	0.00578	0.00506
43	0.00897	0.00609	0.00720	0.00727	0.00742	0.00620	0.00435	0.00929	0.00931	0.01254	0.01996	0.07304	0.02267	0.65826	0.11685	0.00635	0.00720	0.00918	0.00382	0.00405
44	0.01471	0.01681	0.03676	0.02626	0.03256	0.01576	0.71954	0.01996	0.01471	0.01996	0.01261	0.01681	0.00945	0.00525	0.00735	0.00210	0.01050	0.00735	0.00315	0.00840
45	0.00759	0.00542	0.00723	0.00868	0.00904	0.00506	0.00578	0.00868	0.01193	0.01591	0.03434	0.77697	0.04121	0.01952	0.00795	0.00253	0.00361	0.01771	0.00578	0.00506
46	0.02359	0.02024	0.01846	0.01473	0.01931	0.18711	0.01189	0.56276	0.02664	0.03380	0.01375	0.01411	0.01001	0.00724	0.00609	0.00181	0.00785	0.00525	0.00554	0.00983
47	0.00906	0.00604	0.00680	0.00680	0.00680	0.00604	0.00378	0.00906	0.00906	0.01208	0.01963	0.04077	0.02265	0.78103	0.03171	0.00604	0.00604	0.00906	0.00378	0.00378
48	0.02368	0.01745	0.01870	0.01434	0.01932	0.01932	0.01184	0.72139	0.02929	0.03927	0.01496	0.01496	0.01060	0.00748	0.00623	0.00187	0.00686	0.00561	0.00623	0.01060
49	0.01475	0.01269	0.01339	0.01210	0.01547	0.01451	0.00940	0.03083	0.66067	0.02543	0.05137	0.02641	0.06728	0.00907	0.00644	0.00211	0.00475	0.00758	0.00632	0.00943
50	0.00766	0.00547	0.00731	0.00875	0.00914	0.00512	0.00590	0.00879	0.01199	0.01598	0.03430	0.75772	0.04106	0.01946	0.00797	0.00254	0.00367	0.03630	0.00578	0.00508
51	0.82504	0.01205	0.00916	0.00819	0.01205	0.01398	0.00675	0.01832	0.01060	0.02795	0.00868	0.01012	0.00675	0.00578	0.00386	0.00193	0.00482	0.00337	0.00386	0.00675
52	0.01437	0.01374	0.02340	0.24651	0.54207	0.01453	0.01860	0.01821	0.01369	0.01909	0.01153	0.01576	0.00942	0.00575	0.00619	0.00192	0.00766	0.00555	0.00299	0.00903
53	0.01666	0.78478	0.03265	0.01066	0.01599	0.02465	0.01066	0.01866	0.01266	0.01466	0.00866	0.00999	0.00800	0.00533	0.00400	0.00133	0.00666	0.00333	0.00267	0.00800
54	0.00890	0.00668	0.01001	0.01001	0.01113	0.00779	0.00779	0.01113	0.01001	0.01446	0.01669	0.02448	0.01558	0.04673	0.75634	0.01001	0.01669	0.00668	0.00334	0.00556
55	0.02368	0.01745	0.01870	0.01434	0.01932	0.01932	0.01184	0.72139	0.02929	0.03927	0.01496	0.01496	0.01060	0.00748	0.00623	0.00187	0.00686	0.00561	0.00623	0.01060
56	0.01784	0.01455	0.01541	0.01315	0.01709	0.01659	0.01043	0.23006	0.53014	0.02984	0.02238	0.02087	0.01661	0.00817	0.00631	0.00204	0.00548	0.00663	0.00631	0.01007
57	0.01256	0.05357	0.63487	0.03639	0.02668	0.01451	0.06602	0.01921	0.01326	0.01938	0.01313	0.01512	0.03533	0.00623	0.00601	0.00197	0.00896	0.00508	0.00279	0.00891
58	0.82504	0.01205	0.00916	0.00819	0.01205	0.01398	0.00675	0.01832	0.01060	0.02795	0.00868	0.01012	0.00675	0.00578	0.00386	0.00193	0.00482	0.00337	0.00386	0.00675
59	0.00967	0.00691	0.00961	0.01105	0.01232	0.00685	0.00940	0.01227	0.01398	0.01823	0.03319	0.17731	0.03667	0.01756	0.00851	0.00282	0.00542	0.59686	0.00574	0.00563
60	0.02362	0.01933	0.01854	0.01460	0.01931	0.13233	0.01187	0.61455	0.02751	0.03558	0.01414	0.01439	0.01020	0.00732	0.00614	0.00183	0.00753	0.00536	0.00577	0.01008
61	0.01530	0.08457	0.38426	0.01582	0.02266	0.12617	0.04956	0.03934	0.01427	0.03582	0.01112	0.01301	0.00844	0.00597	0.00608	0.00174	0.03242	0.00451	0.00312	0.12582
62	0.50514	0.01600	0.01473	0.01377	0.07217	0.15542	0.07331	0.02024	0.01288	0.05205	0.01007	0.01178	0.00781	0.00591	0.00478	0.00188	0.00678	0.00414	0.00376	0.00738
63	0.00856	0.00612	0.00835	0.00979	0.01058	0.00590	0.00748	0.01036	0.01289	0.01699	0.03380	0.49606	0.03908	0.01860	0.00821	0.00266	0.00446	0.28901	0.00577	0.00533
64	0.00862	0.00642	0.00889	0.00961	0.01041	0.00614	0.03298	0.04280	0.01285	0.01716	0.03260	0.71229	0.03856	0.01841	0.00785	0.00248	0.00403	0.01675	0.00571	0.00545
65	0.01389	0.01087	0.01247	0.01189	0.04195	0.01176	0.00883	0.02488	0.41358	0.06872	0.20814	0.03233	0.07693	0.01009	0.00671	0.00207	0.00445	0.02558	0.00638	0.00849
66	0.00906	0.00604	0.00680	0.00680	0.00680	0.00604	0.00378	0.00906	0.00906	0.01208	0.01963	0.04077	0.02265	0.78103	0.03171	0.00604	0.00604	0.00906	0.00378	0.00378
