[name]
unknown

[dist]
# distance from previous block
# <min> <max>
0	185

[block]
# block no. 0 follows, 32 sequences, length 7
# corresponding to MSA columns:
# 191-197
name=unknown_A
#
# <colnr> <probs for GDERKNQSTAVLIFYWHMCP>
#	G	D	E	R	K	N	Q	S	T	A	V	L	I	F	Y	W	H	M	C	P
0	0.03882	0.00933	0.01227	0.01280	0.06107	0.00894	0.00943	0.04192	0.01541	0.14074	0.02979	0.11510	0.07634	0.09700	0.03504	0.00318	0.00617	0.22442	0.00586	0.05637
1	0.01420	0.02166	0.29566	0.01949	0.07557	0.01451	0.12750	0.07409	0.01637	0.02311	0.09885	0.02561	0.06079	0.00886	0.00815	0.00224	0.05848	0.04177	0.00419	0.00891
2	0.00823	0.00609	0.00770	0.00881	0.00963	0.00556	0.00603	0.00965	0.01377	0.01806	0.09505	0.57814	0.16930	0.01972	0.00840	0.00259	0.00375	0.01764	0.00632	0.00556
3	0.06831	0.25688	0.04212	0.05699	0.01695	0.06605	0.01072	0.01750	0.03281	0.01753	0.04074	0.02028	0.01436	0.09206	0.16759	0.00425	0.05818	0.00582	0.00357	0.00730
4	0.00882	0.00677	0.00808	0.00789	0.00964	0.00602	0.00586	0.01130	0.01719	0.02296	0.42901	0.10335	0.30794	0.01544	0.00796	0.00221	0.00330	0.01336	0.00688	0.00602
5	0.01051	0.00646	0.00941	0.00941	0.01008	0.00685	0.00681	0.01013	0.01010	0.01377	0.01881	0.02642	0.07140	0.03377	0.31366	0.41693	0.01056	0.00706	0.00346	0.00439
6	0.08388	0.06708	0.13745	0.13945	0.31330	0.01593	0.05082	0.02103	0.01471	0.07554	0.01304	0.01610	0.01005	0.00632	0.00632	0.00204	0.00813	0.00561	0.00362	0.00959

[dist]
# distance from previous block
# <min> <max>
3	14

[block]
# block no. 1 follows, 32 sequences, length 33
# corresponding to MSA columns:
# 212-232,234-245
name=unknown_B
#
# <colnr> <probs for GDERKNQSTAVLIFYWHMCP>
#	G	D	E	R	K	N	Q	S	T	A	V	L	I	F	Y	W	H	M	C	P
0	0.63486	0.03931	0.01226	0.01002	0.01433	0.01619	0.00827	0.09393	0.07133	0.03076	0.01155	0.01262	0.00885	0.00664	0.00465	0.00206	0.00550	0.00422	0.00460	0.00803
1	0.00968	0.00697	0.00888	0.00979	0.01066	0.00677	0.00677	0.06654	0.01475	0.01978	0.07566	0.65638	0.04278	0.01952	0.00837	0.00263	0.00414	0.01759	0.00634	0.00599
2	0.01518	0.01106	0.01312	0.00974	0.01497	0.00864	0.00777	0.01815	0.01482	0.09573	0.06190	0.01820	0.01483	0.00614	0.00533	0.00123	0.00477	0.00500	0.07047	0.60295
3	0.02420	0.01814	0.01940	0.01517	0.02031	0.02020	0.01244	0.60132	0.13232	0.04018	0.01777	0.01743	0.01276	0.00821	0.00673	0.00205	0.00708	0.00627	0.00673	0.01129
4	0.00926	0.06954	0.00992	0.00800	0.01011	0.00756	0.00614	0.01138	0.01598	0.02047	0.25686	0.14208	0.37785	0.01557	0.00770	0.00221	0.00370	0.01328	0.00630	0.00608
5	0.01856	0.70637	0.03392	0.01181	0.01752	0.02608	0.01159	0.07620	0.01511	0.01797	0.00989	0.01120	0.00884	0.00593	0.00450	0.00148	0.00719	0.00379	0.00319	0.00884
6	0.00960	0.00748	0.00983	0.00961	0.01120	0.00708	0.02980	0.01217	0.04241	0.01918	0.14634	0.29483	0.14090	0.09427	0.08363	0.00360	0.00574	0.01334	0.00573	0.05326
7	0.06935	0.18327	0.34912	0.01709	0.05560	0.01793	0.04086	0.07684	0.03752	0.02243	0.01246	0.01454	0.00963	0.00843	0.03983	0.00235	0.00889	0.00498	0.00348	0.02539
8	0.01477	0.00843	0.00867	0.00785	0.01007	0.00878	0.00609	0.13455	0.01711	0.02802	0.02088	0.02347	0.01619	0.00786	0.00504	0.00164	0.00387	0.00622	0.66333	0.00715
9	0.01130	0.00763	0.00954	0.01005	0.01139	0.00739	0.00718	0.08276	0.01540	0.06054	0.03625	0.57271	0.08469	0.01860	0.00825	0.00259	0.00440	0.03650	0.00640	0.00645
10	0.01543	0.01929	0.13027	0.28923	0.17547	0.08867	0.14596	0.02024	0.01492	0.01945	0.01223	0.01653	0.00942	0.00634	0.00680	0.00212	0.00965	0.00602	0.00315	0.00879
11	0.01620	0.01045	0.01219	0.01047	0.01344	0.01037	0.00811	0.19119	0.02040	0.12821	0.21359	0.10708	0.15332	0.06283	0.00925	0.00246	0.00495	0.01065	0.00681	0.00802
12	0.00924	0.00681	0.00865	0.00930	0.01066	0.00615	0.00680	0.01076	0.01374	0.01819	0.06687	0.40797	0.15743	0.01848	0.00927	0.05005	0.00430	0.10798	0.00589	0.07148
13	0.01767	0.01053	0.01227	0.01084	0.01394	0.01087	0.00835	0.02599	0.26349	0.20316	0.10799	0.07043	0.02569	0.06082	0.00856	0.00241	0.00484	0.00851	0.12471	0.00894
14	0.00964	0.00713	0.01019	0.01044	0.01158	0.00801	0.00791	0.01236	0.03383	0.01661	0.02210	0.16877	0.02227	0.04183	0.54695	0.00862	0.01431	0.00948	0.03193	0.00604
15	0.01660	0.00913	0.01150	0.01073	0.01346	0.00881	0.00842	0.02132	0.11477	0.22874	0.09082	0.19220	0.06738	0.01349	0.00753	0.00237	0.00482	0.10752	0.06221	0.00818
16	0.01661	0.01483	0.02458	0.17599	0.51494	0.01543	0.01910	0.02137	0.05014	0.06133	0.01401	0.01764	0.01114	0.00641	0.00667	0.00206	0.00790	0.00610	0.00371	0.01005
17	0.00931	0.00651	0.00738	0.00749	0.00797	0.00626	0.00456	0.00986	0.01144	0.01499	0.06956	0.11576	0.13684	0.53426	0.02614	0.00523	0.00558	0.01147	0.00480	0.00458
18	0.02121	0.01591	0.01642	0.01489	0.06471	0.09908	0.01104	0.21974	0.13792	0.15511	0.02667	0.02572	0.11639	0.00929	0.00676	0.00206	0.00660	0.00741	0.03327	0.00979
19	0.41947	0.03342	0.09701	0.13973	0.11075	0.04069	0.01336	0.01974	0.01284	0.02472	0.01052	0.01331	0.00823	0.00645	0.00567	0.00209	0.02576	0.00455	0.00361	0.00808
20	0.01367	0.00756	0.00941	0.00873	0.01095	0.00681	0.00658	0.01607	0.01662	0.16843	0.25720	0.15186	0.15604	0.03390	0.00810	0.00228	0.00393	0.01165	0.10316	0.00707
21	0.01479	0.04038	0.10115	0.01394	0.07348	0.04952	0.01133	0.01833	0.01431	0.02131	0.01183	0.01396	0.00971	0.00534	0.00530	0.00126	0.00624	0.00426	0.00372	0.57982
22	0.00919	0.00667	0.00843	0.00860	0.00981	0.00621	0.00623	0.01140	0.01593	0.02174	0.37312	0.19518	0.12325	0.11060	0.01146	0.00288	0.00398	0.06301	0.00652	0.00579
23	0.01615	0.14498	0.09877	0.08368	0.16706	0.04744	0.19345	0.03514	0.07025	0.02098	0.02953	0.01834	0.03085	0.00674	0.00661	0.00202	0.00871	0.00639	0.00370	0.00922
24	0.00918	0.00699	0.00847	0.00818	0.00995	0.00638	0.00610	0.01226	0.03683	0.02390	0.47713	0.09609	0.24396	0.01494	0.00793	0.00220	0.00333	0.01299	0.00698	0.00621
25	0.01777	0.02357	0.15177	0.18619	0.15464	0.25502	0.03346	0.02176	0.01574	0.01882	0.01179	0.01517	0.00932	0.00673	0.00681	0.00200	0.03020	0.00529	0.02540	0.00859
26	0.01308	0.01327	0.11650	0.01439	0.08488	0.01037	0.01116	0.01865	0.11803	0.06300	0.17025	0.17251	0.03092	0.07095	0.00935	0.00252	0.00561	0.01015	0.00559	0.05883
27	0.01880	0.01682	0.01770	0.01641	0.06711	0.14225	0.05747	0.13214	0.21738	0.05972	0.02103	0.09894	0.01766	0.01038	0.02660	0.00234	0.00751	0.00778	0.05274	0.00924
28	0.10815	0.06244	0.01885	0.01530	0.01949	0.40013	0.01202	0.18501	0.04172	0.05763	0.01283	0.01374	0.00988	0.00718	0.00597	0.00185	0.00950	0.00483	0.00460	0.00888
29	0.07676	0.02781	0.01783	0.01605	0.01930	0.57951	0.01211	0.05877	0.01822	0.01843	0.01116	0.01421	0.00963	0.05199	0.00828	0.00210	0.04171	0.00475	0.00368	0.00769
30	0.01315	0.01099	0.01288	0.00975	0.01465	0.00874	0.00761	0.01661	0.04310	0.02211	0.09686	0.03626	0.01822	0.04962	0.00713	0.00153	0.00484	0.00574	0.00455	0.61566
31	0.01060	0.00805	0.01097	0.01370	0.13275	0.00798	0.00751	0.01163	0.01148	0.01556	0.02381	0.17655	0.04343	0.45061	0.04300	0.00500	0.00649	0.01093	0.00439	0.00557
32	0.01502	0.01276	0.01765	0.19247	0.09754	0.04202	0.04703	0.11582	0.03476	0.02046	0.01567	0.06535	0.01454	0.11996	0.01421	0.10611	0.04989	0.00736	0.00405	0.00735

[dist]
# distance from previous block
# <min> <max>
2	5

[block]
# block no. 2 follows, 32 sequences, length 7
# corresponding to MSA columns:
# 251-257
name=unknown_C
#
# <colnr> <probs for GDERKNQSTAVLIFYWHMCP>
#	G	D	E	R	K	N	Q	S	T	A	V	L	I	F	Y	W	H	M	C	P
0	0.01110	0.00667	0.00875	0.00949	0.01067	0.00606	0.00662	0.01250	0.01390	0.11242	0.03807	0.60484	0.09517	0.01899	0.00827	0.00260	0.00410	0.01702	0.00651	0.00627
1	0.01391	0.01193	0.01391	0.00994	0.01590	0.00894	0.00795	0.01690	0.01391	0.02186	0.01193	0.01391	0.00994	0.00497	0.00497	0.00099	0.00497	0.00398	0.00398	0.80521
2	0.01257	0.00944	0.01156	0.01051	0.01278	0.00993	0.00815	0.12668	0.07252	0.02595	0.32062	0.06815	0.07173	0.02167	0.18235	0.00422	0.00761	0.01000	0.00622	0.00735
3	0.01005	0.00660	0.00845	0.00921	0.01002	0.00626	0.00641	0.01135	0.01311	0.05294	0.06458	0.40201	0.06541	0.20208	0.01479	0.00362	0.00486	0.09686	0.00585	0.00555
4	0.01284	0.01216	0.02034	0.19168	0.16680	0.01310	0.10610	0.01643	0.01481	0.02020	0.13151	0.02869	0.10683	0.01145	0.04477	0.00266	0.07929	0.00828	0.00424	0.00783
5	0.01488	0.07169	0.01520	0.01198	0.01430	0.03506	0.00972	0.01976	0.12481	0.08180	0.09571	0.02813	0.09830	0.01465	0.08319	0.00308	0.17543	0.00774	0.08677	0.00779
6	0.50234	0.07224	0.07203	0.01446	0.10050	0.07038	0.01106	0.02021	0.01282	0.02575	0.01037	0.01254	0.00835	0.00796	0.03365	0.00234	0.00707	0.00421	0.00378	0.00797

[dist]
# distance from previous block
# <min> <max>
0	1

[block]
# block no. 3 follows, 32 sequences, length 15
# corresponding to MSA columns:
# 260-274
name=unknown_D
#
# <colnr> <probs for GDERKNQSTAVLIFYWHMCP>
#	G	D	E	R	K	N	Q	S	T	A	V	L	I	F	Y	W	H	M	C	P
0	0.09602	0.07099	0.02069	0.07424	0.14586	0.24285	0.03646	0.08507	0.01722	0.04773	0.01449	0.05024	0.02783	0.00777	0.00678	0.00199	0.03510	0.00597	0.00408	0.00861
1	0.05107	0.07746	0.08304	0.13016	0.13644	0.01510	0.04861	0.06318	0.10250	0.02317	0.10675	0.07917	0.02048	0.00892	0.00707	0.00214	0.02372	0.00769	0.00462	0.00870
2	0.01472	0.04501	0.01861	0.03874	0.22699	0.03607	0.03859	0.04596	0.15155	0.02386	0.15096	0.05759	0.07577	0.00959	0.00695	0.00209	0.00612	0.00848	0.03351	0.00882
3	0.00893	0.00649	0.00773	0.00821	0.00904	0.00613	0.00553	0.01008	0.01276	0.01664	0.08230	0.25224	0.18662	0.27891	0.04383	0.00421	0.00526	0.04451	0.00546	0.00513
4	0.04583	0.17751	0.01952	0.01443	0.07117	0.08598	0.01087	0.04420	0.20976	0.08129	0.06499	0.03775	0.01802	0.00961	0.03054	0.00223	0.00678	0.00650	0.05396	0.00906
5	0.24406	0.08529	0.05199	0.01584	0.06749	0.05561	0.05684	0.19529	0.11622	0.02937	0.01427	0.01528	0.01085	0.00704	0.00581	0.00202	0.00711	0.00534	0.00486	0.00941
6	0.00968	0.00708	0.00893	0.00893	0.00991	0.00734	0.00625	0.01194	0.04404	0.01712	0.11756	0.10585	0.09004	0.28367	0.23560	0.00630	0.00894	0.01044	0.00487	0.00551
7	0.04316	0.05189	0.15142	0.08855	0.17483	0.06887	0.13535	0.04495	0.03413	0.02157	0.01251	0.01565	0.00983	0.00642	0.00706	0.00200	0.03847	0.00568	0.00350	0.08416
8	0.01627	0.23117	0.27919	0.06947	0.09046	0.01873	0.07803	0.04119	0.05033	0.04628	0.01289	0.01498	0.00990	0.00638	0.00603	0.00194	0.00857	0.00523	0.00346	0.00951
9	0.00910	0.00726	0.00805	0.00799	0.01007	0.00649	0.00609	0.03675	0.01641	0.02070	0.17930	0.11214	0.47737	0.01646	0.00802	0.00232	0.00374	0.05929	0.00645	0.00602
10	0.01334	0.01044	0.01483	0.01589	0.12571	0.01057	0.03914	0.06009	0.04105	0.05657	0.21335	0.09720	0.13186	0.01299	0.00951	0.04312	0.05422	0.03685	0.00572	0.00757
11	0.01754	0.07364	0.14747	0.06559	0.05665	0.03818	0.11238	0.12498	0.03791	0.08927	0.01719	0.10083	0.01459	0.00850	0.00717	0.00210	0.02766	0.00737	0.00463	0.04636
12	0.01068	0.00872	0.01249	0.01286	0.04822	0.01024	0.00926	0.01260	0.01166	0.01671	0.06507	0.13704	0.02297	0.10859	0.33821	0.00667	0.14837	0.00926	0.00415	0.00622
13	0.00870	0.00596	0.00776	0.00893	0.00922	0.00567	0.00580	0.00938	0.01200	0.01601	0.03238	0.57862	0.03853	0.15891	0.01447	0.05605	0.00450	0.01648	0.00561	0.00503
14	0.01507	0.13821	0.02657	0.22740	0.24198	0.01688	0.11637	0.01957	0.04010	0.01978	0.03851	0.01941	0.03770	0.00687	0.00656	0.00203	0.00817	0.00643	0.00354	0.00886

[dist]
# distance from previous block
# <min> <max>
0	1

[block]
# block no. 4 follows, 32 sequences, length 7
# corresponding to MSA columns:
# 276-282
name=unknown_E
#
# <colnr> <probs for GDERKNQSTAVLIFYWHMCP>
#	G	D	E	R	K	N	Q	S	T	A	V	L	I	F	Y	W	H	M	C	P
0	0.04837	0.01395	0.01897	0.05902	0.16427	0.01467	0.04837	0.19415	0.08422	0.09656	0.02039	0.09687	0.01782	0.03887	0.00810	0.00238	0.00689	0.05113	0.00553	0.00947
1	0.01625	0.01688	0.11865	0.12898	0.26103	0.05267	0.01658	0.02153	0.07687	0.09052	0.01831	0.11885	0.01605	0.00875	0.00687	0.00217	0.00759	0.00775	0.00441	0.00929
2	0.24457	0.02299	0.01702	0.01574	0.04505	0.36991	0.01186	0.06680	0.01645	0.02212	0.01034	0.01252	0.00853	0.00737	0.00759	0.00201	0.10291	0.00450	0.00379	0.00792
3	0.04146	0.00784	0.00986	0.00960	0.01103	0.00841	0.00718	0.05622	0.01294	0.01850	0.04346	0.05298	0.08942	0.15317	0.31457	0.06192	0.01052	0.03445	0.05064	0.00585
4	0.09953	0.09738	0.08239	0.01525	0.04295	0.22190	0.01272	0.15567	0.04092	0.05933	0.01319	0.01445	0.01020	0.00800	0.02544	0.00204	0.00865	0.00490	0.00444	0.08064
5	0.01862	0.01366	0.01423	0.01176	0.01600	0.07579	0.00926	0.10062	0.13270	0.16072	0.04979	0.06872	0.10197	0.00951	0.00658	0.00189	0.00577	0.00776	0.00607	0.18858
6	0.01854	0.50512	0.08103	0.01278	0.01860	0.08912	0.01236	0.08089	0.01579	0.01920	0.01048	0.01192	0.00899	0.00602	0.00490	0.00152	0.00763	0.00401	0.00337	0.08773

[dist]
# distance from previous block
# <min> <max>
0	10

[block]
# block no. 5 follows, 32 sequences, length 26
# corresponding to MSA columns:
# 293-318
name=unknown_F
#
# <colnr> <probs for GDERKNQSTAVLIFYWHMCP>
#	G	D	E	R	K	N	Q	S	T	A	V	L	I	F	Y	W	H	M	C	P
0	0.11839	0.05540	0.12704	0.04590	0.16152	0.08656	0.06718	0.06286	0.01522	0.03707	0.01362	0.01641	0.03376	0.00759	0.00863	0.00216	0.12243	0.00568	0.00370	0.00889
1	0.00920	0.00836	0.04286	0.01022	0.01124	0.03588	0.00752	0.01078	0.01303	0.01720	0.03353	0.64819	0.03950	0.02157	0.05371	0.00316	0.00539	0.01706	0.00579	0.00579
2	0.05338	0.01986	0.07166	0.05160	0.02139	0.11444	0.01300	0.32535	0.14317	0.03133	0.01615	0.01667	0.01198	0.00756	0.00637	0.00196	0.00764	0.00573	0.00549	0.07526
3	0.05010	0.03092	0.04803	0.03454	0.06186	0.01456	0.08264	0.16927	0.11194	0.09989	0.08936	0.02263	0.04108	0.00811	0.00663	0.00197	0.00658	0.00694	0.00562	0.10733
4	0.01613	0.01604	0.02494	0.05662	0.43115	0.06951	0.10122	0.02080	0.05376	0.02143	0.03273	0.05308	0.01535	0.00781	0.00704	0.00213	0.00818	0.04864	0.00392	0.00951
5	0.01700	0.08924	0.18549	0.02196	0.02831	0.09658	0.32561	0.02188	0.01527	0.04878	0.01262	0.01582	0.00965	0.00661	0.00826	0.00215	0.07612	0.00626	0.00339	0.00901
6	0.01608	0.01238	0.03520	0.05615	0.18834	0.01202	0.08090	0.07460	0.01605	0.09173	0.01957	0.03664	0.03861	0.03790	0.06633	0.00284	0.00752	0.00705	0.19155	0.00853
7	0.05253	0.01331	0.01586	0.01292	0.01675	0.01426	0.01052	0.20480	0.06653	0.26243	0.02406	0.05299	0.06821	0.00984	0.00881	0.00221	0.10770	0.00742	0.03911	0.00976
8	0.01263	0.11834	0.31840	0.06135	0.04053	0.01393	0.04889	0.01736	0.01421	0.01976	0.07097	0.19419	0.02134	0.01030	0.00684	0.00219	0.00758	0.00891	0.00404	0.00824
9	0.01617	0.01098	0.01226	0.01048	0.01371	0.01109	0.00821	0.19970	0.06814	0.10375	0.13738	0.06631	0.22455	0.04278	0.00835	0.00232	0.00495	0.01010	0.04056	0.00822
10	0.01466	0.01479	0.06425	0.01451	0.04387	0.10019	0.06235	0.06430	0.07682	0.03790	0.09078	0.12759	0.08540	0.04399	0.00858	0.00244	0.00677	0.09512	0.00538	0.04033
11	0.12382	0.01192	0.01451	0.01157	0.01631	0.01142	0.00946	0.05265	0.09289	0.50805	0.02388	0.02149	0.01573	0.00810	0.00633	0.00207	0.00553	0.00641	0.04728	0.01056
12	0.00963	0.00687	0.00930	0.00940	0.01043	0.00748	0.00691	0.01149	0.01130	0.01609	0.02373	0.07957	0.07120	0.17814	0.44894	0.00814	0.01271	0.00888	0.06419	0.00559
13	0.01779	0.09588	0.03945	0.01202	0.01601	0.06271	0.01007	0.04740	0.21957	0.15170	0.07359	0.03234	0.14101	0.01041	0.00684	0.00212	0.00585	0.04001	0.00620	0.00902
14	0.01990	0.04704	0.06146	0.01941	0.05279	0.24664	0.15932	0.06648	0.08258	0.06492	0.01510	0.01836	0.01204	0.00896	0.03178	0.00236	0.05082	0.02686	0.00427	0.00890
15	0.00993	0.00662	0.00942	0.01019	0.01095	0.00682	0.00765	0.01092	0.01192	0.01608	0.02582	0.23688	0.02834	0.05150	0.19766	0.18016	0.00847	0.16076	0.00476	0.00515
16	0.00887	0.00638	0.00841	0.00887	0.00989	0.00591	0.00628	0.01109	0.01608	0.02227	0.39568	0.38645	0.05434	0.01718	0.00822	0.00240	0.00351	0.01542	0.00684	0.00591
17	0.01334	0.01347	0.06692	0.07167	0.23898	0.01233	0.10100	0.01690	0.03999	0.01842	0.01700	0.04924	0.01662	0.27654	0.01665	0.00369	0.00785	0.00796	0.00376	0.00767
18	0.04948	0.09431	0.41236	0.01640	0.02384	0.01696	0.01861	0.08909	0.13929	0.02433	0.01569	0.01821	0.01203	0.00743	0.00632	0.00211	0.00826	0.03135	0.00411	0.00981
19	0.01824	0.01877	0.02341	0.03051	0.42826	0.17742	0.03936	0.04371	0.01626	0.02107	0.01298	0.01694	0.01097	0.03016	0.00781	0.00209	0.03373	0.00580	0.05313	0.00937
20	0.00826	0.00593	0.00786	0.00937	0.00985	0.00553	0.00635	0.00951	0.01300	0.01726	0.03779	0.71739	0.06291	0.02083	0.00857	0.00272	0.00396	0.04120	0.00623	0.00548
21	0.01375	0.01374	0.05987	0.01538	0.05496	0.07082	0.01205	0.01598	0.01215	0.04374	0.01576	0.07574	0.01531	0.07249	0.23983	0.00535	0.24488	0.00737	0.00372	0.00710
22	0.01627	0.01191	0.01407	0.01056	0.01592	0.00982	0.00844	0.04762	0.05886	0.11314	0.05085	0.03449	0.01495	0.00658	0.00561	0.00135	0.00507	0.00539	0.00504	0.56406
23	0.04634	0.00946	0.01274	0.01098	0.01418	0.00927	0.00877	0.02229	0.04251	0.32857	0.12656	0.02780	0.02348	0.02342	0.25645	0.00506	0.00948	0.00763	0.00636	0.00863
24	0.00994	0.00766	0.00971	0.00994	0.01100	0.00819	0.00722	0.01291	0.07337	0.01718	0.03097	0.24924	0.10874	0.15771	0.18553	0.00523	0.04528	0.03914	0.00511	0.00594
25	0.01428	0.01738	0.10258	0.01912	0.02332	0.09456	0.25503	0.01814	0.01458	0.01910	0.01881	0.14568	0.01842	0.01374	0.06869	0.00309	0.07422	0.06749	0.00403	0.00776

[dist]
# distance from previous block
# <min> <max>
0	3

[block]
# block no. 6 follows, 32 sequences, length 9
# corresponding to MSA columns:
# 322-330
name=unknown_G
#
# <colnr> <probs for GDERKNQSTAVLIFYWHMCP>
#	G	D	E	R	K	N	Q	S	T	A	V	L	I	F	Y	W	H	M	C	P
0	0.01118	0.00607	0.00883	0.00883	0.00898	0.00622	0.00594	0.00925	0.00911	0.01229	0.01351	0.02381	0.01374	0.11126	0.11422	0.61638	0.00739	0.00644	0.00313	0.00342
1	0.24355	0.00853	0.00869	0.00834	0.01067	0.00866	0.00636	0.01380	0.01542	0.02513	0.31537	0.11787	0.16844	0.01293	0.00689	0.00220	0.00388	0.01078	0.00610	0.00638
2	0.01749	0.57846	0.17116	0.01334	0.01977	0.06786	0.01420	0.02073	0.01407	0.01690	0.00993	0.01152	0.00859	0.00594	0.00482	0.00159	0.00802	0.00390	0.00290	0.00882
3	0.01537	0.02139	0.25580	0.01785	0.05747	0.04611	0.12226	0.02091	0.03962	0.05507	0.04436	0.01710	0.01250	0.00637	0.00630	0.00179	0.00804	0.00564	0.00391	0.24216
4	0.05233	0.01712	0.02225	0.17969	0.32896	0.12805	0.01713	0.02148	0.03912	0.05045	0.01278	0.01633	0.01027	0.00696	0.00771	0.00210	0.06883	0.00569	0.00361	0.00914
5	0.02506	0.03198	0.01901	0.01729	0.02074	0.73725	0.01296	0.02679	0.01901	0.01642	0.01037	0.01210	0.00864	0.00691	0.00605	0.00173	0.01210	0.00432	0.00346	0.00778
6	0.01133	0.00880	0.01104	0.03590	0.01275	0.03227	0.00806	0.05049	0.01306	0.01815	0.07570	0.09345	0.02320	0.17207	0.32790	0.00674	0.04352	0.00881	0.04068	0.00608
7	0.04126	0.26671	0.09034	0.01265	0.01736	0.10954	0.01160	0.06713	0.11143	0.02180	0.09922	0.02322	0.08472	0.00857	0.00599	0.00187	0.00695	0.00652	0.00462	0.00851
8	0.01627	0.08250	0.29765	0.01684	0.05252	0.11806	0.01663	0.04729	0.17509	0.02220	0.01987	0.02043	0.07009	0.00794	0.00642	0.00205	0.00825	0.00620	0.00427	0.00941

[dist]
# distance from previous block
# <min> <max>
0	1

[block]
# block no. 7 follows, 32 sequences, length 35
# corresponding to MSA columns:
# 332-366
name=unknown_H
#
# <colnr> <probs for GDERKNQSTAVLIFYWHMCP>
#	G	D	E	R	K	N	Q	S	T	A	V	L	I	F	Y	W	H	M	C	P
0	0.01454	0.01251	0.01314	0.01199	0.01538	0.01395	0.00927	0.02922	0.53614	0.02584	0.05698	0.03451	0.17608	0.01098	0.00710	0.00227	0.00482	0.00917	0.00671	0.00940
1	0.01472	0.01384	0.02050	0.60054	0.08365	0.05344	0.01792	0.07957	0.01546	0.01967	0.01226	0.01735	0.00925	0.00680	0.00667	0.00217	0.00891	0.00588	0.00336	0.00802
2	0.06446	0.01252	0.01492	0.04880	0.06151	0.01178	0.00994	0.07971	0.10191	0.06134	0.04781	0.02213	0.05189	0.00755	0.00599	0.00166	0.00554	0.02591	0.00504	0.35960
3	0.01202	0.00655	0.00920	0.00924	0.00980	0.00650	0.00635	0.01146	0.04496	0.04785	0.04388	0.16444	0.02053	0.02111	0.02027	0.54329	0.00533	0.00874	0.00416	0.00431
4	0.00963	0.00700	0.00985	0.00985	0.01072	0.00788	0.00722	0.01138	0.01051	0.01488	0.01883	0.03109	0.01883	0.24286	0.54787	0.00963	0.01488	0.00788	0.00372	0.00547
5	0.05180	0.01061	0.01414	0.07525	0.01808	0.01009	0.01015	0.04573	0.01765	0.43839	0.02506	0.02958	0.01867	0.00949	0.00677	0.00217	0.00579	0.10229	0.09870	0.00958
6	0.01738	0.01606	0.02558	0.03658	0.60079	0.01643	0.01905	0.08033	0.07702	0.02421	0.01420	0.01730	0.01155	0.00643	0.00666	0.00202	0.00769	0.00612	0.00392	0.01070
7	0.02222	0.01187	0.01653	0.18188	0.04998	0.01204	0.01210	0.06202	0.07666	0.37169	0.07365	0.02339	0.01818	0.00830	0.00677	0.00211	0.00633	0.00696	0.02742	0.00990
8	0.00930	0.00725	0.00858	0.00930	0.01062	0.00704	0.00655	0.01304	0.10746	0.01909	0.06072	0.47728	0.20212	0.01827	0.00816	0.00254	0.00395	0.01618	0.00634	0.00622
9	0.01382	0.01173	0.01452	0.06423	0.03520	0.01002	0.00939	0.03742	0.03345	0.02170	0.01391	0.01806	0.01190	0.00978	0.06902	0.00210	0.00659	0.03013	0.00410	0.58294
10	0.00926	0.00653	0.00723	0.00733	0.00785	0.00626	0.00443	0.00970	0.01116	0.01439	0.03239	0.09259	0.17808	0.55451	0.02682	0.00534	0.00566	0.01130	0.00467	0.00450
11	0.01391	0.01193	0.01391	0.00994	0.01590	0.00894	0.00795	0.01690	0.01391	0.02186	0.01193	0.01391	0.00994	0.00497	0.00497	0.00099	0.00497	0.00398	0.00398	0.80521
12	0.00934	0.00635	0.00755	0.00795	0.00809	0.00629	0.00476	0.00972	0.01059	0.01416	0.02514	0.22860	0.02932	0.54882	0.05025	0.00567	0.00620	0.01209	0.00461	0.00449
13	0.02509	0.03115	0.01909	0.01717	0.02075	0.69234	0.01295	0.06899	0.01980	0.01804	0.01073	0.01235	0.00882	0.00699	0.00609	0.00175	0.01180	0.00443	0.00366	0.00801
14	0.00976	0.00683	0.00879	0.00889	0.00941	0.00726	0.00605	0.01082	0.01048	0.01438	0.02090	0.03957	0.02253	0.45970	0.28658	0.00784	0.01063	0.05067	0.00403	0.00489
15	0.01025	0.00761	0.01037	0.01028	0.01162	0.00838	0.00785	0.04514	0.01240	0.01711	0.02430	0.06424	0.08072	0.12567	0.48804	0.00838	0.01365	0.04372	0.00428	0.00599
16	0.01068	0.00831	0.01210	0.04995	0.01411	0.01009	0.00938	0.01313	0.01117	0.01663	0.01685	0.02429	0.01538	0.03905	0.53788	0.00845	0.11027	0.00687	0.07915	0.00627
17	0.01387	0.01191	0.01351	0.01031	0.01557	0.00999	0.00816	0.01949	0.13387	0.02261	0.01944	0.02023	0.07338	0.00672	0.00555	0.00132	0.00489	0.00548	0.00466	0.59902
18	0.23340	0.06200	0.01898	0.17175	0.11883	0.01712	0.01330	0.20221	0.01815	0.04353	0.01260	0.01489	0.00956	0.00676	0.00581	0.00201	0.00708	0.00517	0.00448	0.03237
19	0.01596	0.01446	0.02295	0.19355	0.40427	0.01564	0.01781	0.06711	0.06063	0.02180	0.01346	0.01757	0.01094	0.00780	0.00848	0.05243	0.03604	0.00607	0.00367	0.00936
20	0.00982	0.00743	0.01044	0.01112	0.04538	0.00809	0.00770	0.01169	0.01116	0.01552	0.02278	0.03325	0.07926	0.20985	0.47632	0.00863	0.01357	0.00833	0.00392	0.00575
21	0.01444	0.02077	0.23297	0.02576	0.20267	0.01518	0.20159	0.01967	0.01507	0.02158	0.08016	0.04107	0.01576	0.00754	0.00805	0.00220	0.05550	0.00716	0.00364	0.00923
22	0.03427	0.12055	0.05185	0.23603	0.15980	0.07024	0.03754	0.05295	0.03138	0.04679	0.01507	0.08655	0.01321	0.00793	0.00646	0.00206	0.00802	0.00680	0.00388	0.00862
23	0.01669	0.12124	0.18264	0.11063	0.09688	0.01683	0.14192	0.02161	0.03083	0.10009	0.02975	0.01722	0.01155	0.00702	0.00774	0.00212	0.06612	0.00604	0.00383	0.00925
24	0.02669	0.01188	0.01531	0.01207	0.01683	0.01105	0.00985	0.08294	0.08568	0.54685	0.08587	0.02489	0.02063	0.00883	0.00685	0.00209	0.00558	0.00724	0.00796	0.01090
25	0.01582	0.08200	0.05077	0.05335	0.22009	0.09993	0.13770	0.01967	0.02885	0.01994	0.01677	0.10274	0.01571	0.00869	0.00722	0.00212	0.02583	0.04265	0.04159	0.00858
26	0.01888	0.16717	0.16068	0.04614	0.10612	0.08200	0.06872	0.05137	0.04148	0.12882	0.04114	0.01834	0.01333	0.00717	0.00630	0.00196	0.00818	0.01831	0.00438	0.00951
27	0.01114	0.00871	0.01120	0.01124	0.01263	0.00938	0.00881	0.05600	0.04136	0.02098	0.12468	0.26522	0.09575	0.01788	0.03706	0.00295	0.09416	0.15837	0.00594	0.00656
28	0.00954	0.00758	0.00863	0.00864	0.01063	0.00713	0.00661	0.01328	0.08172	0.02103	0.20265	0.09585	0.36271	0.04280	0.00896	0.00251	0.00400	0.09298	0.00646	0.00628
29	0.01572	0.09733	0.39104	0.03969	0.02613	0.01576	0.10586	0.03790	0.04168	0.08271	0.03519	0.03492	0.01315	0.00741	0.00661	0.00212	0.00877	0.02459	0.00393	0.00949
30	0.05000	0.01166	0.01357	0.01124	0.01497	0.01176	0.00889	0.14666	0.11230	0.25137	0.11958	0.03001	0.07275	0.07525	0.00920	0.00248	0.00541	0.00811	0.03557	0.00924
31	0.00861	0.00619	0.00826	0.00975	0.01041	0.00584	0.00696	0.01012	0.01337	0.01766	0.03790	0.61899	0.06871	0.02045	0.00866	0.00277	0.00426	0.12930	0.00622	0.00558
32	0.10514	0.00843	0.01087	0.01013	0.01216	0.00903	0.00776	0.01597	0.01239	0.13451	0.04451	0.02757	0.01853	0.14653	0.39824	0.00737	0.01218	0.00728	0.00465	0.00675
33	0.32765	0.11053	0.01540	0.07377	0.01733	0.01402	0.00901	0.01816	0.01281	0.02373	0.01150	0.04035	0.00991	0.00631	0.00485	0.00165	0.00565	0.00452	0.00390	0.28895
34	0.01386	0.08003	0.11037	0.01256	0.01604	0.03899	0.03274	0.06046	0.14954	0.02078	0.04980	0.08651	0.03443	0.18556	0.05889	0.00370	0.00751	0.02573	0.00482	0.00766

[dist]
# distance from previous block
# <min> <max>
0	2

[block]
# block no. 8 follows, 32 sequences, length 6
# corresponding to MSA columns:
# 369-374
name=unknown_I
#
# <colnr> <probs for GDERKNQSTAVLIFYWHMCP>
#	G	D	E	R	K	N	Q	S	T	A	V	L	I	F	Y	W	H	M	C	P
0	0.06914	0.20464	0.18168	0.04268	0.02027	0.09553	0.01380	0.05400	0.10391	0.02171	0.05550	0.02074	0.07397	0.00801	0.00599	0.00194	0.00751	0.00606	0.00423	0.00870
1	0.02022	0.39612	0.05980	0.01369	0.01882	0.18794	0.01239	0.13739	0.01824	0.02130	0.04827	0.01422	0.01198	0.00686	0.00541	0.00167	0.00826	0.00469	0.00390	0.00884
2	0.01312	0.01233	0.05095	0.01753	0.13689	0.01096	0.07231	0.08465	0.01636	0.02207	0.03062	0.17663	0.14981	0.01257	0.00753	0.00226	0.00619	0.09275	0.00516	0.07931
3	0.01624	0.10923	0.08974	0.03892	0.04285	0.05302	0.04481	0.07849	0.06916	0.09300	0.04424	0.15907	0.08474	0.01068	0.00684	0.00210	0.00659	0.00906	0.00522	0.03602
4	0.01411	0.14164	0.23828	0.01317	0.01826	0.06159	0.01356	0.01885	0.04268	0.04689	0.23260	0.05688	0.02826	0.03586	0.00758	0.00216	0.00683	0.00782	0.00482	0.00815
5	0.01078	0.00905	0.00973	0.01062	0.06073	0.05244	0.00706	0.01262	0.01528	0.04523	0.11538	0.14392	0.39022	0.07494	0.00985	0.00259	0.00464	0.01278	0.00587	0.00628

[dist]
# distance from previous block
# <min> <max>
0	2

[block]
# block no. 9 follows, 32 sequences, length 27
# corresponding to MSA columns:
# 377-403
name=unknown_J
#
# <colnr> <probs for GDERKNQSTAVLIFYWHMCP>
#	G	D	E	R	K	N	Q	S	T	A	V	L	I	F	Y	W	H	M	C	P
0	0.06930	0.02281	0.35312	0.01783	0.09488	0.01385	0.01746	0.07989	0.01693	0.08294	0.14468	0.02176	0.01974	0.00799	0.00660	0.00209	0.00757	0.00655	0.00461	0.00940
1	0.02061	0.10333	0.15346	0.01935	0.13343	0.14359	0.01541	0.08014	0.10285	0.13917	0.01613	0.01675	0.01193	0.00713	0.00628	0.00196	0.00823	0.00557	0.00473	0.00997
2	0.03076	0.08791	0.10848	0.03288	0.11641	0.01352	0.02555	0.03579	0.06577	0.04829	0.05541	0.06233	0.01805	0.07483	0.16942	0.00433	0.03057	0.00734	0.00426	0.00810
3	0.00899	0.00794	0.04674	0.00932	0.01085	0.00644	0.00723	0.01111	0.01471	0.01969	0.19516	0.35546	0.15683	0.06215	0.00977	0.00273	0.00427	0.05855	0.00618	0.00589
4	0.01175	0.01052	0.01511	0.01322	0.01555	0.04481	0.11589	0.01584	0.07821	0.01862	0.07536	0.09900	0.06625	0.09732	0.28491	0.00588	0.01104	0.00937	0.00460	0.00676
5	0.03932	0.03285	0.09077	0.06333	0.04881	0.04959	0.02925	0.28630	0.04086	0.04712	0.05002	0.09204	0.01725	0.00960	0.00779	0.00219	0.05183	0.02637	0.00536	0.00935
6	0.01844	0.10126	0.21836	0.06064	0.14694	0.17604	0.01746	0.06732	0.04411	0.04668	0.01355	0.01662	0.01076	0.00701	0.00629	0.00197	0.00912	0.02431	0.00377	0.00938
7	0.03010	0.01142	0.01557	0.01194	0.01713	0.00986	0.00986	0.03270	0.01920	0.72698	0.02647	0.02284	0.01661	0.00830	0.00675	0.00208	0.00571	0.00675	0.00830	0.01142
8	0.01521	0.02075	0.22612	0.04451	0.26952	0.01541	0.12666	0.04377	0.06264	0.02238	0.01569	0.04648	0.01318	0.00749	0.00698	0.00218	0.00864	0.03888	0.00378	0.00973
9	0.01564	0.01625	0.07024	0.03325	0.50714	0.01511	0.05108	0.02130	0.08433	0.02259	0.05480	0.02110	0.04270	0.00716	0.00683	0.00206	0.00755	0.00683	0.00398	0.01007
10	0.01237	0.00628	0.00638	0.00636	0.00792	0.00626	0.00477	0.01550	0.01430	0.02510	0.05425	0.02618	0.01934	0.00809	0.00484	0.00159	0.00313	0.00653	0.76456	0.00626
11	0.00854	0.00633	0.00802	0.00893	0.00996	0.00580	0.00637	0.01028	0.01451	0.01913	0.15382	0.46024	0.17618	0.01888	0.00839	0.00256	0.00385	0.06610	0.00641	0.00569
12	0.06483	0.02157	0.01773	0.01640	0.05530	0.28492	0.01214	0.13539	0.25646	0.04184	0.01749	0.01756	0.01333	0.00779	0.00636	0.00200	0.00830	0.00581	0.00526	0.00952
13	0.01765	0.05086	0.01383	0.01127	0.01413	0.01120	0.00871	0.11990	0.09617	0.17723	0.06172	0.21013	0.02466	0.01411	0.01022	0.12873	0.00541	0.00985	0.00618	0.00804
14	0.00832	0.00604	0.00785	0.00903	0.00972	0.00558	0.00615	0.00978	0.01381	0.01843	0.12495	0.61497	0.10102	0.01978	0.00843	0.00261	0.00376	0.01781	0.00637	0.00558
15	0.02608	0.01787	0.01956	0.01500	0.02035	0.01944	0.01239	0.61631	0.03000	0.12812	0.01741	0.01695	0.01206	0.00809	0.00672	0.00202	0.00717	0.00613	0.00691	0.01141
16	0.01548	0.07128	0.08679	0.06839	0.08254	0.04367	0.01264	0.04153	0.17744	0.06513	0.13553	0.02801	0.08818	0.00958	0.00754	0.00213	0.04217	0.00781	0.00534	0.00881
17	0.01365	0.01268	0.02108	0.52984	0.19687	0.01478	0.01827	0.03466	0.01426	0.01886	0.01353	0.05731	0.01129	0.00734	0.00679	0.00220	0.00841	0.00667	0.00333	0.00817
18	0.00818	0.00584	0.00779	0.00934	0.00973	0.00545	0.00623	0.00934	0.01285	0.01713	0.03698	0.75981	0.04438	0.02102	0.00856	0.00273	0.00389	0.01908	0.00623	0.00545
19	0.69137	0.06566	0.07176	0.00986	0.01461	0.01587	0.00902	0.01988	0.01180	0.02840	0.00957	0.01116	0.00746	0.00621	0.00435	0.00204	0.00572	0.00374	0.00396	0.00758
20	0.01703	0.30227	0.17191	0.11068	0.07154	0.08573	0.01585	0.04479	0.08367	0.01966	0.01254	0.01449	0.01004	0.00653	0.00569	0.00185	0.00829	0.00488	0.00348	0.00908
21	0.02279	0.01989	0.04268	0.02249	0.18739	0.13690	0.06529	0.28423	0.02260	0.10714	0.01518	0.01640	0.01117	0.00718	0.00667	0.00199	0.00848	0.00593	0.00519	0.01041
22	0.01446	0.19198	0.17193	0.08460	0.09466	0.03667	0.05976	0.01943	0.05238	0.02057	0.12373	0.04293	0.04318	0.00823	0.00642	0.00199	0.00747	0.00697	0.00409	0.00856
23	0.01016	0.00664	0.00921	0.00921	0.00974	0.00717	0.00642	0.01049	0.00996	0.01381	0.01736	0.03023	0.01782	0.26172	0.34432	0.20848	0.01142	0.00763	0.00357	0.00463
24	0.00978	0.00661	0.00778	0.00808	0.00829	0.00659	0.00504	0.01024	0.01067	0.01416	0.02396	0.09482	0.02747	0.62305	0.02939	0.00583	0.00629	0.09305	0.00447	0.00442
25	0.01124	0.00800	0.00929	0.00899	0.00969	0.00849	0.00596	0.04957	0.05339	0.01653	0.02218	0.07386	0.02413	0.53329	0.05519	0.00559	0.03371	0.04531	0.02032	0.00527
26	0.73681	0.01286	0.01031	0.00901	0.01330	0.01451	0.00741	0.02009	0.01187	0.05756	0.01017	0.01154	0.00779	0.00624	0.00430	0.00202	0.00520	0.00378	0.00431	0.05093

[dist]
# distance from previous block
# <min> <max>
0	1

[block]
# block no. 10 follows, 32 sequences, length 55
# corresponding to MSA columns:
# 405-459
name=unknown_K
#
# <colnr> <probs for GDERKNQSTAVLIFYWHMCP>
#	G	D	E	R	K	N	Q	S	T	A	V	L	I	F	Y	W	H	M	C	P
0	0.01550	0.08348	0.03997	0.11942	0.11582	0.01693	0.08289	0.06608	0.10521	0.02171	0.03158	0.01887	0.01310	0.01038	0.04994	0.00268	0.14248	0.00635	0.04893	0.00868
1	0.01376	0.01126	0.01353	0.01020	0.01515	0.00918	0.00806	0.01646	0.01341	0.04080	0.01332	0.01704	0.01154	0.05168	0.07679	0.00233	0.03204	0.00475	0.00403	0.63468
2	0.01992	0.01581	0.01693	0.01430	0.01861	0.01785	0.01149	0.30286	0.39683	0.03336	0.02325	0.02428	0.01784	0.00921	0.00692	0.00222	0.00620	0.04469	0.00674	0.01069
3	0.01994	0.02085	0.19276	0.01561	0.02149	0.01747	0.01497	0.35098	0.13764	0.05070	0.01846	0.03811	0.01420	0.00937	0.02173	0.00232	0.00771	0.02952	0.00573	0.01047
4	0.00858	0.00624	0.00763	0.00840	0.00914	0.00579	0.00560	0.00978	0.01319	0.01735	0.10203	0.42673	0.15747	0.17389	0.01371	0.00337	0.00428	0.01566	0.00589	0.00528
5	0.01794	0.76823	0.03516	0.01148	0.01722	0.02655	0.01148	0.02009	0.01363	0.01579	0.00933	0.01076	0.00861	0.00574	0.00431	0.00144	0.00718	0.00359	0.00287	0.00861
6	0.02687	0.01072	0.01443	0.01131	0.01599	0.00928	0.00925	0.02946	0.01895	0.61977	0.09277	0.02787	0.06325	0.00933	0.00693	0.00209	0.00534	0.00769	0.00810	0.01060
7	0.01081	0.00834	0.00931	0.00885	0.01125	0.00807	0.00673	0.01590	0.13923	0.05112	0.17457	0.07611	0.38195	0.01662	0.04828	0.00272	0.00462	0.01210	0.00649	0.00692
8	0.00993	0.00685	0.00877	0.00857	0.01016	0.00624	0.00632	0.01252	0.01741	0.05346	0.48531	0.18525	0.13346	0.01525	0.00799	0.00224	0.00344	0.01346	0.00707	0.00630
9	0.00964	0.00696	0.00963	0.00963	0.01043	0.00776	0.00695	0.01124	0.01044	0.01472	0.01903	0.03221	0.01931	0.28817	0.50322	0.00936	0.01415	0.00804	0.00375	0.00535
10	0.16469	0.01475	0.01647	0.01284	0.01793	0.01530	0.01061	0.30696	0.02296	0.32152	0.01919	0.01796	0.01282	0.00784	0.00628	0.00205	0.00631	0.00591	0.00692	0.01069
11	0.01009	0.00791	0.01164	0.01135	0.01240	0.00953	0.00888	0.01233	0.01070	0.01556	0.01717	0.02573	0.01622	0.06769	0.64635	0.00988	0.08983	0.00714	0.00354	0.00607
12	0.00831	0.00592	0.00784	0.00922	0.00967	0.00554	0.00616	0.00956	0.01311	0.01758	0.07752	0.69341	0.04486	0.04514	0.00937	0.00281	0.00394	0.01835	0.00623	0.00546
13	0.02830	0.01246	0.01587	0.01225	0.01727	0.01163	0.01009	0.15171	0.02114	0.56485	0.02435	0.02175	0.01571	0.00823	0.00663	0.00204	0.00587	0.00659	0.05213	0.01113
14	0.01231	0.01033	0.01208	0.00933	0.01399	0.00802	0.00730	0.01505	0.01464	0.02173	0.10491	0.06612	0.10787	0.00843	0.00590	0.00138	0.00450	0.00708	0.00479	0.56424
15	0.00824	0.00598	0.00765	0.00895	0.00952	0.00554	0.00598	0.00940	0.01292	0.01698	0.03927	0.64399	0.11380	0.06535	0.01004	0.00290	0.00400	0.01800	0.00610	0.00539
16	0.00886	0.00635	0.00833	0.00912	0.00992	0.00606	0.00640	0.01057	0.01409	0.01911	0.19236	0.42502	0.06588	0.09243	0.05011	0.00339	0.00486	0.05542	0.00614	0.00560
17	0.01700	0.01699	0.02547	0.05772	0.60183	0.08599	0.01923	0.02070	0.01538	0.02096	0.01263	0.01665	0.01067	0.00813	0.04015	0.00238	0.00886	0.00587	0.00334	0.01005
18	0.01668	0.00911	0.01129	0.01023	0.01308	0.00863	0.00783	0.02123	0.11549	0.24743	0.11850	0.21481	0.12417	0.01338	0.00744	0.00228	0.00450	0.01155	0.03413	0.00826
19	0.01522	0.01301	0.01435	0.01092	0.01638	0.03325	0.00866	0.02115	0.14484	0.04183	0.01515	0.01618	0.01206	0.00590	0.00540	0.00129	0.00528	0.00474	0.00461	0.60979
20	0.00908	0.00622	0.00752	0.00819	0.00836	0.00605	0.00500	0.00958	0.01109	0.01478	0.02796	0.35191	0.03299	0.44445	0.02314	0.00488	0.00538	0.01377	0.00500	0.00466
21	0.01397	0.01217	0.01531	0.01219	0.05477	0.00950	0.03122	0.01710	0.01423	0.02203	0.03637	0.01544	0.01182	0.00535	0.00526	0.00113	0.00528	0.00449	0.00404	0.70832
22	0.02299	0.06724	0.01994	0.01618	0.02023	0.43788	0.03476	0.16193	0.07674	0.02279	0.01559	0.01648	0.04285	0.00768	0.00630	0.00186	0.00990	0.00546	0.00448	0.00873
23	0.08561	0.02138	0.01655	0.01496	0.05030	0.34101	0.01102	0.03679	0.06307	0.05941	0.01326	0.01460	0.01050	0.00661	0.00571	0.00164	0.00841	0.00470	0.03036	0.20410
24	0.01739	0.10081	0.04223	0.01270	0.04113	0.01347	0.01022	0.06088	0.17740	0.14079	0.11871	0.04915	0.04976	0.00903	0.00646	0.00191	0.00550	0.00746	0.00594	0.12906
25	0.00813	0.00601	0.00761	0.00889	0.00961	0.00549	0.00603	0.00939	0.01328	0.01730	0.04246	0.63695	0.16370	0.02031	0.00845	0.00264	0.00381	0.01821	0.00623	0.00549
26	0.03466	0.01763	0.03211	0.02430	0.05418	0.06416	0.47809	0.05826	0.01658	0.03888	0.01499	0.06191	0.01229	0.00685	0.00744	0.00215	0.00996	0.00783	0.00391	0.05381
27	0.02425	0.02826	0.01919	0.01695	0.02071	0.58067	0.03583	0.04863	0.08545	0.05855	0.01319	0.01427	0.01036	0.00719	0.00625	0.00183	0.01092	0.00495	0.00415	0.00841
28	0.01305	0.01241	0.01686	0.01483	0.01530	0.01648	0.01214	0.01463	0.01136	0.01686	0.02019	0.06502	0.11919	0.01404	0.03961	0.00300	0.54302	0.00793	0.03720	0.00689
29	0.00834	0.00622	0.00776	0.00863	0.00963	0.00564	0.00599	0.00995	0.01439	0.01894	0.15478	0.48983	0.19755	0.01894	0.00832	0.00252	0.00366	0.01685	0.00642	0.00564
30	0.01674	0.01582	0.02387	0.10086	0.49432	0.04166	0.01809	0.05999	0.08992	0.02294	0.01619	0.01913	0.03664	0.00692	0.00670	0.00205	0.00773	0.00638	0.00396	0.01010
31	0.26428	0.01550	0.03925	0.01362	0.01804	0.10106	0.07588	0.04736	0.01617	0.20414	0.01856	0.02495	0.01506	0.00873	0.00635	0.00221	0.00713	0.10768	0.00541	0.00863
32	0.01260	0.00727	0.00804	0.00770	0.00915	0.00753	0.00570	0.04305	0.03034	0.02227	0.02326	0.02767	0.07036	0.05313	0.01061	0.12437	0.03054	0.00700	0.49350	0.00594
33	0.04320	0.01570	0.01837	0.01453	0.01940	0.08467	0.09212	0.05764	0.20304	0.09512	0.01759	0.01816	0.01330	0.00710	0.00672	0.00182	0.03107	0.00588	0.00516	0.24941
34	0.02426	0.03041	0.01948	0.01884	0.06917	0.66857	0.01343	0.02660	0.03680	0.01711	0.01097	0.01275	0.00909	0.00691	0.00611	0.00176	0.01164	0.00452	0.00354	0.00805
35	0.00818	0.00584	0.00779	0.00934	0.00973	0.00545	0.00623	0.00934	0.01285	0.01713	0.03698	0.75981	0.04438	0.02102	0.00856	0.00273	0.00389	0.01908	0.00623	0.00545
36	0.01223	0.00941	0.01293	0.04629	0.05710	0.00946	0.03150	0.05326	0.07272	0.04209	0.38456	0.06867	0.06808	0.01349	0.02367	0.00243	0.00509	0.07316	0.00647	0.00739
37	0.02015	0.02082	0.06303	0.12214	0.21830	0.21806	0.07896	0.05975	0.01737	0.09746	0.01365	0.01616	0.01038	0.00670	0.00660	0.00199	0.00940	0.00572	0.00402	0.00935
38	0.00962	0.00662	0.00813	0.00823	0.00852	0.00687	0.00518	0.01024	0.01018	0.01384	0.02138	0.08304	0.02387	0.55766	0.19203	0.00725	0.00895	0.00974	0.00409	0.00459
39	0.00908	0.00684	0.00839	0.00801	0.00977	0.00615	0.00600	0.01186	0.01801	0.02458	0.54615	0.05396	0.23741	0.01459	0.00792	0.00215	0.00323	0.01267	0.00708	0.00615
40	0.01950	0.06954	0.03863	0.04918	0.12661	0.12485	0.01346	0.12585	0.09797	0.09469	0.03957	0.02077	0.05674	0.00854	0.00811	0.00209	0.08312	0.00648	0.00496	0.00934
41	0.01257	0.01176	0.01962	0.68190	0.04332	0.01474	0.01793	0.01682	0.01316	0.01702	0.01215	0.01825	0.00938	0.00931	0.04788	0.00274	0.03504	0.00603	0.00301	0.00737
42	0.00855	0.00715	0.00753	0.00756	0.00979	0.00626	0.00580	0.01106	0.04059	0.01912	0.10023	0.06319	0.60613	0.01664	0.00799	0.00232	0.00367	0.06420	0.00631	0.00592
43	0.02181	0.13282	0.02083	0.01441	0.01916	0.08599	0.01190	0.36606	0.17624	0.03193	0.01769	0.04114	0.01380	0.00825	0.00637	0.00198	0.00721	0.00627	0.00584	0.01028
44	0.01733	0.01549	0.04521	0.19885	0.08364	0.01525	0.29698	0.02343	0.08179	0.12880	0.01634	0.01922	0.01184	0.00668	0.00721	0.00221	0.00903	0.00702	0.00435	0.00931
45	0.04107	0.12682	0.02254	0.19498	0.26896	0.01627	0.01547	0.02043	0.10297	0.02048	0.01813	0.05389	0.05473	0.00787	0.00641	0.00205	0.00719	0.00683	0.00395	0.00893
46	0.01091	0.00960	0.01086	0.01068	0.01221	0.08141	0.00816	0.01302	0.01224	0.01593	0.02487	0.03147	0.12199	0.07371	0.52179	0.00839	0.01466	0.00807	0.00400	0.00603
47	0.00975	0.00654	0.00748	0.00748	0.00753	0.00659	0.00426	0.00986	0.00980	0.01313	0.02100	0.04310	0.02404	0.73141	0.06645	0.00670	0.00703	0.00964	0.00404	0.00415
48	0.01741	0.02890	0.06422	0.21005	0.06041	0.01350	0.03504	0.10621	0.01685	0.11537	0.01440	0.01664	0.01066	0.00643	0.00614	0.00176	0.00713	0.00541	0.00448	0.25898
49	0.01900	0.12994	0.07630	0.04040	0.19030	0.18520	0.01493	0.04275	0.01605	0.07898	0.01501	0.04089	0.03044	0.00898	0.02900	0.00223	0.06084	0.00591	0.00392	0.00895
50	0.01262	0.10954	0.28892	0.01301	0.01825	0.01240	0.01404	0.01706	0.01503	0.04206	0.18215	0.09725	0.04653	0.03479	0.03238	0.00250	0.00700	0.00842	0.03811	0.00795
51	0.16466	0.01219	0.01400	0.01397	0.09352	0.01275	0.00978	0.11400	0.08950	0.06498	0.02197	0.02336	0.08757	0.01332	0.09394	0.00300	0.00701	0.00660	0.06885	0.08502
52	0.01328	0.11448	0.08161	0.10280	0.09466	0.01388	0.13611	0.01673	0.01382	0.01873	0.06990	0.02592	0.04134	0.14302	0.06308	0.00343	0.00855	0.00743	0.02368	0.00756
53	0.06593	0.04975	0.31068	0.01763	0.03825	0.09980	0.06524	0.09932	0.04733	0.07178	0.01372	0.01524	0.01007	0.00692	0.00680	0.00204	0.03343	0.00534	0.00406	0.03665
54	0.01583	0.01270	0.01416	0.01212	0.01529	0.05261	0.00952	0.21217	0.04097	0.02501	0.05623	0.02342	0.01712	0.07222	0.28105	0.00544	0.01092	0.00674	0.00488	0.11159

[dist]
# distance from previous block
# <min> <max>
13	56

[block]
# block no. 11 follows, 32 sequences, length 29
# corresponding to MSA columns:
# 517-545
name=unknown_L
#
# <colnr> <probs for GDERKNQSTAVLIFYWHMCP>
