[name]
unknown

[dist]
# distance from previous block
# <min> <max>
0	777

[block]
# block no. 0 follows, 27 sequences, length 38
# corresponding to MSA columns:
# 1358-1395
name=unknown_A
#
# <colnr> <probs for GDERKNQSTAVLIFYWHMCP>
#	G	D	E	R	K	N	Q	S	T	A	V	L	I	F	Y	W	H	M	C	P
0	0.01477	0.01441	0.07000	0.01464	0.01773	0.03631	0.09432	0.07200	0.09174	0.02204	0.02437	0.11414	0.02473	0.29352	0.01972	0.00438	0.00798	0.05024	0.00528	0.00768
1	0.01492	0.01267	0.01527	0.01214	0.04231	0.00993	0.00907	0.01810	0.01533	0.02370	0.04030	0.01912	0.01435	0.04188	0.03346	0.00188	0.00616	0.00526	0.00451	0.65964
2	0.01539	0.01319	0.01539	0.01100	0.01759	0.00990	0.00880	0.01869	0.01539	0.02419	0.01319	0.01539	0.01100	0.00550	0.00550	0.00110	0.00550	0.00440	0.00440	0.78449
3	0.01348	0.01309	0.04983	0.20978	0.09561	0.01312	0.01433	0.02007	0.12191	0.02252	0.06053	0.03997	0.17892	0.01454	0.04807	0.00306	0.00781	0.05940	0.00538	0.00858
4	0.01091	0.00958	0.01372	0.05143	0.06495	0.00887	0.06523	0.01383	0.01753	0.02265	0.19315	0.11010	0.35833	0.01578	0.00865	0.00249	0.00521	0.01387	0.00647	0.00724
5	0.01792	0.16901	0.08396	0.13451	0.19318	0.06889	0.03984	0.02196	0.01682	0.04737	0.09049	0.02114	0.01746	0.00813	0.00768	0.00218	0.03884	0.00672	0.00419	0.00972
6	0.01898	0.01962	0.02197	0.16326	0.12515	0.17192	0.01686	0.04880	0.07169	0.02168	0.01585	0.02311	0.01388	0.00996	0.01133	0.00256	0.17214	0.05782	0.00426	0.00916
7	0.01420	0.01337	0.02167	0.61846	0.04623	0.01676	0.01950	0.01936	0.03826	0.01934	0.01537	0.02133	0.03063	0.00830	0.00883	0.00254	0.06707	0.00692	0.00355	0.00830
8	0.00921	0.00689	0.00862	0.00992	0.01096	0.00629	0.00699	0.01082	0.01510	0.01948	0.04915	0.52035	0.20483	0.02195	0.00937	0.00292	0.00438	0.06973	0.00689	0.00615
9	0.01741	0.01731	0.03107	0.09422	0.38571	0.01684	0.18480	0.02219	0.01670	0.02368	0.01407	0.01853	0.01138	0.00645	0.00748	0.00216	0.00943	0.00688	0.00376	0.10996
10	0.01832	0.01777	0.03091	0.04475	0.65549	0.01770	0.05946	0.02284	0.01694	0.02423	0.01402	0.01847	0.01173	0.00659	0.00743	0.00222	0.00903	0.00674	0.00368	0.01166
11	0.01057	0.00921	0.01399	0.01262	0.01509	0.00837	0.11112	0.01303	0.01607	0.02055	0.07268	0.27336	0.29337	0.04630	0.01021	0.00290	0.00562	0.05181	0.00634	0.00678
12	0.02483	0.01414	0.02045	0.07140	0.02365	0.01267	0.08602	0.06470	0.01951	0.34725	0.02136	0.02113	0.01456	0.00770	0.00707	0.00201	0.00719	0.00667	0.00670	0.22099
13	0.01378	0.00858	0.01053	0.00957	0.01212	0.00777	0.00727	0.01713	0.03971	0.12808	0.37715	0.05382	0.21909	0.05028	0.00994	0.00262	0.00425	0.01282	0.00780	0.00769
14	0.01639	0.01405	0.01496	0.01339	0.01737	0.01542	0.01038	0.03233	0.49764	0.02893	0.07606	0.03469	0.11869	0.01129	0.00765	0.00240	0.00540	0.00944	0.00727	0.06624
15	0.03151	0.01441	0.01969	0.01495	0.02084	0.01335	0.05195	0.13739	0.02322	0.55113	0.02655	0.02374	0.01701	0.00896	0.00754	0.00230	0.00700	0.00742	0.00857	0.01247
16	0.79154	0.01436	0.01091	0.00976	0.01436	0.01665	0.00804	0.02182	0.01263	0.03331	0.01034	0.01206	0.00804	0.00689	0.00459	0.00230	0.00574	0.00402	0.00459	0.00804
17	0.01877	0.01838	0.02975	0.04446	0.66467	0.04668	0.02243	0.02307	0.01708	0.02400	0.01386	0.01816	0.01167	0.00666	0.00732	0.00219	0.00901	0.00654	0.00368	0.01163
18	0.01800	0.01129	0.01355	0.01116	0.01549	0.01000	0.00878	0.04751	0.07080	0.18238	0.14247	0.07614	0.14286	0.01176	0.00753	0.00209	0.00513	0.00991	0.00708	0.20607
19	0.01006	0.00691	0.00839	0.00908	0.00933	0.00670	0.00560	0.01074	0.01264	0.01693	0.05858	0.33370	0.03798	0.41137	0.02481	0.00526	0.00584	0.01519	0.00565	0.00524
20	0.01977	0.01788	0.02232	0.21829	0.11461	0.08484	0.04203	0.19876	0.05028	0.02781	0.01995	0.02280	0.06492	0.00935	0.00863	0.02112	0.03444	0.00732	0.00501	0.00987
21	0.01053	0.00759	0.01047	0.01061	0.01145	0.00836	0.00760	0.01225	0.01177	0.01650	0.02273	0.09424	0.02373	0.26450	0.44306	0.00972	0.01465	0.00994	0.00438	0.00592
22	0.01673	0.01434	0.01805	0.01586	0.04388	0.06728	0.08718	0.04737	0.11459	0.07250	0.18186	0.03821	0.11416	0.03445	0.00971	0.00253	0.03818	0.03178	0.00638	0.04496
23	0.00946	0.00746	0.00853	0.00844	0.01050	0.00653	0.00627	0.01192	0.01829	0.02372	0.30943	0.11732	0.40021	0.01775	0.00882	0.00248	0.00370	0.01523	0.00739	0.00653
24	0.01591	0.01485	0.06899	0.01187	0.01850	0.01035	0.01027	0.01952	0.01564	0.05522	0.01516	0.04730	0.01288	0.00657	0.00589	0.00134	0.00591	0.00536	0.00463	0.65384
25	0.08083	0.13782	0.14096	0.01683	0.05939	0.04131	0.03982	0.04178	0.06980	0.14908	0.02027	0.10163	0.01703	0.00940	0.00690	0.00223	0.00773	0.00769	0.00541	0.04408
26	0.02052	0.37319	0.15971	0.01580	0.02243	0.19597	0.01564	0.02406	0.01671	0.01933	0.01141	0.01328	0.00963	0.00674	0.00574	0.00178	0.00970	0.00450	0.00343	0.07043
27	0.01607	0.01376	0.01456	0.01344	0.01705	0.01540	0.01033	0.03224	0.51386	0.02822	0.03869	0.09187	0.13766	0.01261	0.00791	0.00256	0.00539	0.01065	0.00739	0.01036
28	0.01080	0.00720	0.00810	0.00810	0.00810	0.00720	0.00450	0.01080	0.01080	0.01439	0.02339	0.04858	0.02699	0.73910	0.03779	0.00720	0.00720	0.01080	0.00450	0.00450
29	0.01668	0.01624	0.07069	0.04047	0.04786	0.05403	0.03701	0.13152	0.10017	0.02621	0.06870	0.06448	0.06222	0.08061	0.09697	0.00404	0.03279	0.03471	0.00562	0.00898
30	0.01985	0.74357	0.03890	0.01270	0.01905	0.02937	0.01270	0.02223	0.01508	0.01747	0.01032	0.01191	0.00953	0.00635	0.00476	0.00159	0.00794	0.00397	0.00318	0.00953
31	0.01598	0.03783	0.01707	0.05029	0.07104	0.03570	0.03766	0.02215	0.14456	0.07875	0.07117	0.19234	0.04580	0.05470	0.01034	0.00279	0.03225	0.03374	0.00614	0.03969
32	0.01489	0.03840	0.70064	0.02116	0.03213	0.01724	0.02743	0.02351	0.01567	0.02351	0.01332	0.01567	0.00940	0.00705	0.00705	0.00235	0.01097	0.00549	0.00313	0.01097
33	0.08004	0.62865	0.09081	0.01316	0.01975	0.02738	0.01354	0.02230	0.01494	0.01920	0.01057	0.01223	0.00940	0.00645	0.00494	0.00171	0.00801	0.00410	0.00328	0.00953
34	0.60535	0.01454	0.01509	0.01453	0.06956	0.01617	0.06372	0.02136	0.01361	0.03081	0.01335	0.04424	0.01158	0.00800	0.00557	0.00238	0.00653	0.03062	0.00463	0.00837
35	0.08126	0.11090	0.02194	0.01648	0.02094	0.26276	0.01323	0.15848	0.15112	0.02751	0.01611	0.01698	0.01264	0.00847	0.00763	0.00216	0.05026	0.00582	0.00523	0.01008
36	0.02405	0.02566	0.01917	0.01712	0.02127	0.35967	0.01312	0.06508	0.29921	0.04936	0.02032	0.02006	0.01555	0.00879	0.00712	0.00220	0.00971	0.00649	0.00576	0.01027
37	0.01245	0.01051	0.01615	0.28949	0.08134	0.01166	0.01376	0.03959	0.01546	0.02043	0.02713	0.37254	0.02951	0.01524	0.00843	0.00271	0.00698	0.01377	0.00526	0.00760

[dist]
# distance from previous block
# <min> <max>
7	9

[block]
# block no. 1 follows, 27 sequences, length 74
# corresponding to MSA columns:
# 1405-1427,1448-1498
name=unknown_B
#
# <colnr> <probs for GDERKNQSTAVLIFYWHMCP>
#	G	D	E	R	K	N	Q	S	T	A	V	L	I	F	Y	W	H	M	C	P
0	0.01826	0.20129	0.17832	0.07491	0.10878	0.08648	0.14369	0.02308	0.01623	0.02100	0.01260	0.01603	0.01014	0.00711	0.00787	0.00220	0.05271	0.00595	0.00341	0.00994
1	0.48230	0.09925	0.06793	0.01474	0.05091	0.08440	0.03852	0.02273	0.01429	0.02806	0.01101	0.01320	0.00882	0.00708	0.00594	0.00222	0.03113	0.00459	0.00413	0.00874
2	0.05727	0.02128	0.13960	0.06320	0.02335	0.13036	0.03393	0.04675	0.08731	0.12074	0.11523	0.02443	0.02132	0.01084	0.03002	0.00264	0.04906	0.00738	0.00558	0.00973
3	0.01819	0.05368	0.10202	0.01449	0.04776	0.01344	0.01252	0.08405	0.01779	0.07338	0.01468	0.01631	0.01144	0.00637	0.00605	0.00152	0.00674	0.00504	0.00478	0.48977
4	0.00910	0.00683	0.00844	0.00952	0.01060	0.00618	0.00658	0.01074	0.01550	0.02017	0.10576	0.50420	0.21661	0.02141	0.00923	0.00282	0.00410	0.01903	0.00700	0.00618
5	0.01972	0.05326	0.02463	0.06219	0.34182	0.04533	0.01702	0.11062	0.01902	0.05965	0.01614	0.04157	0.01373	0.04287	0.00853	0.00232	0.00819	0.00685	0.00465	0.10188
6	0.02003	0.05295	0.05635	0.03717	0.11569	0.03637	0.04678	0.12951	0.10423	0.06927	0.01702	0.01854	0.01307	0.00753	0.00736	0.00198	0.03119	0.00616	0.00525	0.22355
7	0.02459	0.05634	0.02075	0.01695	0.02153	0.27525	0.01333	0.21976	0.20031	0.03004	0.01903	0.03631	0.01494	0.00900	0.00712	0.00218	0.00938	0.00667	0.00593	0.01061
8	0.02415	0.01897	0.02115	0.01697	0.02131	0.04081	0.01394	0.46414	0.02787	0.03766	0.01649	0.01871	0.01271	0.01487	0.08976	0.00349	0.13299	0.00674	0.00622	0.01106
9	0.01289	0.00645	0.00967	0.00967	0.00967	0.00645	0.00645	0.00967	0.00967	0.01289	0.01289	0.02257	0.01289	0.02579	0.02901	0.78401	0.00645	0.00645	0.00322	0.00322
10	0.00919	0.00700	0.00810	0.00888	0.01035	0.00621	0.00626	0.01093	0.01576	0.02026	0.08103	0.37836	0.33682	0.02029	0.00894	0.00270	0.00399	0.01773	0.04098	0.00621
11	0.01737	0.01938	0.04092	0.06267	0.08619	0.01876	0.56151	0.02323	0.01709	0.02334	0.01463	0.01973	0.01117	0.00663	0.00928	0.00251	0.04350	0.00841	0.00371	0.00998
12	0.01064	0.00713	0.00814	0.00830	0.00834	0.00709	0.00472	0.01075	0.01111	0.01481	0.02499	0.11109	0.02901	0.67384	0.03520	0.00682	0.00693	0.01174	0.00472	0.00464
13	0.02429	0.18055	0.02353	0.01680	0.02094	0.50037	0.01322	0.02627	0.01929	0.01816	0.01589	0.04595	0.04790	0.00862	0.00652	0.00192	0.01136	0.00587	0.00398	0.00857
14	0.01936	0.05351	0.15683	0.10681	0.05395	0.01498	0.04536	0.07563	0.01823	0.13488	0.03709	0.01922	0.01367	0.00735	0.00682	0.00198	0.00801	0.00613	0.00503	0.21513
15	0.01910	0.11170	0.17960	0.09277	0.13450	0.03561	0.01845	0.08419	0.01803	0.08804	0.04908	0.03482	0.01495	0.00866	0.00873	0.00232	0.07784	0.00671	0.00459	0.01032
16	0.04358	0.05746	0.04867	0.08543	0.10557	0.06882	0.01475	0.05310	0.35096	0.05987	0.02242	0.02250	0.01693	0.00872	0.00718	0.00235	0.00758	0.00715	0.00597	0.01100
17	0.01620	0.01731	0.03496	0.20351	0.08105	0.01757	0.40684	0.02159	0.01643	0.02215	0.01572	0.05829	0.01295	0.00771	0.00888	0.00253	0.03445	0.00868	0.00379	0.00940
18	0.01531	0.03609	0.63961	0.02138	0.05280	0.01677	0.02621	0.02348	0.01602	0.04002	0.03577	0.01729	0.01168	0.00736	0.00713	0.00234	0.01054	0.00583	0.00346	0.01091
19	0.00959	0.00738	0.00876	0.00878	0.01062	0.00656	0.00645	0.01209	0.01830	0.02418	0.34173	0.17147	0.31149	0.01791	0.00888	0.00251	0.00373	0.01555	0.00746	0.00656
20	0.01053	0.00769	0.01141	0.01162	0.01277	0.00874	0.00884	0.01272	0.01210	0.01723	0.02212	0.11549	0.02203	0.05019	0.58948	0.04956	0.01730	0.00949	0.00430	0.00638
21	0.60576	0.01363	0.01202	0.01046	0.01507	0.01501	0.00854	0.02403	0.01438	0.16115	0.01553	0.05071	0.01209	0.00815	0.00539	0.00233	0.00578	0.00554	0.00560	0.00883
22	0.00902	0.00654	0.00853	0.01013	0.01071	0.00605	0.00680	0.01036	0.01441	0.01903	0.04342	0.68593	0.09582	0.02293	0.00942	0.00298	0.00427	0.02071	0.00689	0.00605
23	0.01539	0.01319	0.01539	0.01100	0.01759	0.00990	0.00880	0.01869	0.01539	0.02419	0.01319	0.01539	0.01100	0.00550	0.00550	0.00110	0.00550	0.00440	0.00440	0.78449
24	0.00904	0.00646	0.00861	0.01034	0.01077	0.00603	0.00689	0.01034	0.01421	0.01895	0.04092	0.73426	0.04910	0.02326	0.00948	0.00301	0.00431	0.02110	0.00689	0.00603
25	0.01574	0.15893	0.58754	0.01971	0.02990	0.01931	0.02491	0.02329	0.01557	0.02248	0.01281	0.01503	0.00943	0.00693	0.00666	0.00222	0.01045	0.00523	0.00314	0.01072
26	0.02054	0.17757	0.24565	0.02336	0.16332	0.13509	0.01965	0.02533	0.01723	0.08574	0.01404	0.01598	0.01080	0.00712	0.00662	0.00208	0.00986	0.00548	0.00395	0.01060
27	0.01889	0.29108	0.03115	0.01784	0.02212	0.02357	0.11253	0.06467	0.03519	0.03993	0.04027	0.01747	0.01316	0.00910	0.01189	0.00236	0.22904	0.00626	0.00406	0.00942
28	0.01017	0.00760	0.00959	0.00916	0.01103	0.00702	0.00690	0.01328	0.01954	0.02692	0.51777	0.05676	0.19041	0.01882	0.05931	0.00306	0.00474	0.01348	0.00761	0.00683
29	0.08327	0.02033	0.02146	0.01655	0.02240	0.02256	0.01367	0.62144	0.03330	0.04581	0.01728	0.01741	0.01229	0.00877	0.00722	0.00223	0.00799	0.00649	0.00722	0.01229
30	0.01748	0.01631	0.02579	0.22404	0.33385	0.01771	0.05010	0.04615	0.14440	0.02482	0.01705	0.02062	0.01335	0.00756	0.00748	0.00235	0.00870	0.00706	0.00444	0.01074
31	0.01288	0.00699	0.01042	0.01027	0.01037	0.00738	0.00709	0.01030	0.00991	0.01343	0.01326	0.02276	0.01316	0.02737	0.07789	0.69342	0.03957	0.00656	0.00328	0.00369
32	0.01905	0.14347	0.16720	0.01834	0.02441	0.17121	0.09558	0.02441	0.06579	0.02122	0.01417	0.01763	0.01173	0.04398	0.00925	0.00233	0.05237	0.00592	0.00390	0.08803
33	0.01070	0.00757	0.01000	0.01000	0.01066	0.00823	0.00687	0.01202	0.01136	0.01580	0.02165	0.03895	0.02281	0.39996	0.37121	0.00955	0.01349	0.00939	0.00424	0.00556
34	0.01384	0.09990	0.17586	0.10217	0.07237	0.01438	0.01507	0.04986	0.01725	0.02250	0.06555	0.03817	0.26082	0.01172	0.00758	0.00232	0.00724	0.00966	0.00501	0.00872
35	0.00936	0.00691	0.00876	0.00963	0.01073	0.00631	0.00672	0.01129	0.01632	0.02179	0.20563	0.45995	0.15823	0.02055	0.00918	0.00277	0.00402	0.01834	0.00721	0.00631
36	0.01493	0.01973	0.21392	0.09078	0.05388	0.01411	0.03464	0.08756	0.06335	0.02739	0.20631	0.06645	0.05376	0.01093	0.00788	0.00239	0.00751	0.00941	0.00566	0.00940
37	0.03331	0.01263	0.01723	0.01321	0.01895	0.01091	0.01091	0.03618	0.02125	0.69794	0.02929	0.02527	0.01838	0.00919	0.00747	0.00230	0.00632	0.00747	0.00919	0.01263
38	0.03490	0.01649	0.04789	0.01871	0.07022	0.01695	0.07538	0.07733	0.36448	0.05165	0.05233	0.03155	0.02299	0.01043	0.00788	0.00254	0.00711	0.07363	0.00666	0.01087
39	0.02027	0.70535	0.03794	0.01305	0.01926	0.06607	0.01279	0.02263	0.01541	0.01750	0.01038	0.01199	0.00953	0.00642	0.00487	0.00161	0.00823	0.00401	0.00321	0.00948
40	0.02357	0.01872	0.02384	0.15648	0.16147	0.02071	0.01707	0.41653	0.02752	0.03702	0.01618	0.01831	0.01193	0.00817	0.00741	0.00227	0.00863	0.00665	0.00590	0.01162
41	0.24200	0.11148	0.32941	0.01661	0.02454	0.01849	0.04200	0.05467	0.01602	0.06317	0.01325	0.01497	0.00973	0.00710	0.00617	0.00224	0.00877	0.00517	0.00412	0.01009
42	0.62973	0.03890	0.03457	0.01162	0.01634	0.12221	0.00973	0.02307	0.01407	0.03026	0.01060	0.01237	0.00836	0.00700	0.00499	0.00222	0.00713	0.00418	0.00439	0.00826
43	0.01783	0.06515	0.06168	0.01477	0.05646	0.01093	0.03113	0.02047	0.01661	0.20968	0.03119	0.37067	0.03158	0.01549	0.00826	0.00260	0.00610	0.01375	0.00673	0.00893
44	0.02290	0.02056	0.01990	0.01849	0.08045	0.15256	0.01346	0.29165	0.12063	0.03298	0.05000	0.02441	0.06541	0.01170	0.03885	0.00267	0.00892	0.00754	0.00625	0.01068
45	0.01564	0.00924	0.01166	0.01035	0.01320	0.00856	0.00800	0.02008	0.06805	0.16844	0.42947	0.04907	0.13051	0.01399	0.00840	0.00236	0.00429	0.01209	0.00819	0.00844
46	0.02207	0.05331	0.08790	0.08370	0.02506	0.06103	0.01515	0.29432	0.19255	0.03427	0.04217	0.02106	0.01623	0.00891	0.00730	0.00229	0.00817	0.00699	0.00627	0.01126
47	0.09311	0.43696	0.20379	0.01462	0.02194	0.02362	0.01589	0.02360	0.01548	0.07341	0.01256	0.01392	0.01004	0.00680	0.00554	0.00191	0.00838	0.00463	0.00377	0.01000
48	0.01764	0.04769	0.01995	0.16192	0.07876	0.01738	0.01416	0.09315	0.26923	0.02773	0.05146	0.02465	0.03710	0.00907	0.00763	0.00229	0.02274	0.00752	0.00578	0.08417
49	0.00957	0.00684	0.00873	0.00967	0.01039	0.00640	0.00649	0.01112	0.01511	0.02036	0.16250	0.47041	0.08065	0.12952	0.01358	0.00349	0.00456	0.01783	0.00677	0.00599
50	0.01892	0.45452	0.22937	0.01574	0.02316	0.07494	0.01707	0.02390	0.04492	0.01988	0.01215	0.01381	0.01007	0.00681	0.00569	0.00187	0.00913	0.00466	0.00340	0.00998
51	0.00917	0.00737	0.00818	0.00832	0.01036	0.00638	0.00611	0.01129	0.01734	0.02186	0.19461	0.17040	0.46506	0.01875	0.00888	0.00255	0.00379	0.01605	0.00715	0.00638
52	0.02097	0.01630	0.02231	0.01779	0.02204	0.01802	0.10802	0.21346	0.11446	0.09690	0.07365	0.02407	0.01914	0.01397	0.07225	0.00334	0.11875	0.00793	0.00620	0.01045
53	0.01038	0.00758	0.00975	0.00921	0.01101	0.00695	0.00691	0.01376	0.02072	0.02906	0.64413	0.05662	0.11523	0.01544	0.00876	0.00235	0.00352	0.01359	0.00808	0.00695
54	0.01752	0.02003	0.04380	0.03129	0.03880	0.01877	0.66583	0.02378	0.01752	0.02378	0.01502	0.02003	0.01126	0.00626	0.00876	0.00250	0.01252	0.00876	0.00375	0.01001
55	0.01716	0.01896	0.03785	0.02796	0.03334	0.01989	0.48230	0.02211	0.01578	0.02211	0.01353	0.01896	0.01083	0.00816	0.01317	0.00271	0.21396	0.00812	0.00361	0.00948
56	0.01630	0.01642	0.02373	0.02005	0.02040	0.02255	0.04687	0.01814	0.01166	0.01814	0.00999	0.01642	0.00982	0.01268	0.02363	0.00321	0.69190	0.00660	0.00327	0.00821
57	0.01750	0.01691	0.02931	0.17452	0.53696	0.01748	0.05451	0.02210	0.01654	0.02322	0.01387	0.01873	0.01138	0.00675	0.00743	0.00227	0.00921	0.00672	0.00361	0.01100
58	0.23367	0.01477	0.01794	0.01481	0.01888	0.01599	0.08420	0.18753	0.01961	0.06849	0.02048	0.15944	0.01924	0.04553	0.00948	0.00272	0.04294	0.00925	0.00587	0.00915
59	0.09015	0.01393	0.01812	0.14709	0.02378	0.01616	0.04142	0.11856	0.07641	0.02670	0.10245	0.02836	0.06856	0.04374	0.01225	0.02707	0.12297	0.00828	0.00535	0.00864
60	0.01422	0.01340	0.02264	0.68940	0.08139	0.01655	0.02072	0.01915	0.01494	0.01922	0.01323	0.01973	0.00998	0.00738	0.00742	0.00246	0.00985	0.00660	0.00332	0.00841
61	0.02446	0.01685	0.01804	0.01493	0.01979	0.05173	0.01194	0.20739	0.26788	0.19172	0.05594	0.02618	0.03919	0.00990	0.00754	0.00235	0.00682	0.00795	0.00773	0.01168
62	0.01008	0.00751	0.00918	0.00885	0.01059	0.00682	0.00648	0.01286	0.01904	0.02596	0.47394	0.07844	0.21001	0.07434	0.01111	0.00278	0.00388	0.01396	0.00754	0.00660
63	0.02683	0.03369	0.02090	0.01895	0.02264	0.64902	0.01429	0.02965	0.05243	0.01878	0.01231	0.01419	0.01020	0.00798	0.00743	0.00199	0.04096	0.00502	0.00398	0.00874
64	0.01584	0.01558	0.02167	0.01866	0.01866	0.02161	0.01539	0.01735	0.01133	0.01761	0.01074	0.01860	0.01100	0.06594	0.02534	0.00354	0.67314	0.00681	0.00334	0.00786
65	0.01676	0.03375	0.56966	0.05858	0.03213	0.01664	0.05177	0.02452	0.01625	0.08966	0.01496	0.01702	0.01039	0.00725	0.00718	0.00236	0.01052	0.00588	0.00376	0.01095
66	0.00995	0.00734	0.00792	0.00790	0.00900	0.00681	0.00506	0.01085	0.01368	0.01726	0.06745	0.05828	0.30298	0.41616	0.02478	0.00509	0.00565	0.01290	0.00562	0.00532
67	0.02199	0.01819	0.01837	0.01515	0.01942	0.07531	0.01212	0.34621	0.11257	0.03434	0.02824	0.02903	0.12799	0.04357	0.01019	0.00258	0.05924	0.00843	0.00663	0.01042
68	0.00983	0.00770	0.00901	0.00959	0.01135	0.00709	0.00709	0.01278	0.04970	0.02143	0.12031	0.28465	0.32351	0.01961	0.00908	0.00274	0.00431	0.07657	0.00705	0.00659
69	0.01690	0.01575	0.10062	0.01773	0.07711	0.04707	0.06854	0.02121	0.03764	0.12239	0.07943	0.02816	0.02111	0.07667	0.22983	0.00568	0.01203	0.00809	0.00513	0.00893
70	0.00998	0.00721	0.00941	0.01041	0.01149	0.00679	0.00764	0.01211	0.01623	0.02172	0.18190	0.38193	0.09796	0.05932	0.01094	0.00313	0.00472	0.13377	0.00703	0.00632
71	0.01704	0.01846	0.12378	0.24788	0.21845	0.01645	0.04531	0.05148	0.05316	0.05675	0.06467	0.02200	0.01600	0.00796	0.00751	0.00236	0.00893	0.00716	0.00445	0.01020
72	0.01060	0.00921	0.00940	0.00959	0.01175	0.04091	0.00695	0.01331	0.04935	0.02035	0.05510	0.28932	0.37142	0.01868	0.00869	0.00258	0.00460	0.01607	0.00665	0.04547
73	0.01677	0.09429	0.19342	0.01732	0.02294	0.12101	0.08080	0.02344	0.09890	0.02352	0.11680	0.08781	0.02490	0.01051	0.00760	0.00234	0.00873	0.03456	0.00506	0.00929

[dist]
# distance from previous block
# <min> <max>
1	4

[block]
# block no. 2 follows, 27 sequences, length 22
# corresponding to MSA columns:
# 1503-1524
name=unknown_C
#
# <colnr> <probs for GDERKNQSTAVLIFYWHMCP>
#	G	D	E	R	K	N	Q	S	T	A	V	L	I	F	Y	W	H	M	C	P
0	0.01483	0.01273	0.01539	0.01427	0.04556	0.07166	0.06036	0.05744	0.01430	0.01872	0.01895	0.03395	0.01965	0.37658	0.08172	0.04847	0.04518	0.00872	0.00435	0.03716
1	0.17344	0.01813	0.09594	0.01311	0.01909	0.06967	0.01178	0.05750	0.01706	0.08488	0.01795	0.02100	0.04115	0.00788	0.00623	0.00188	0.00704	0.03366	0.00504	0.29757
2	0.01953	0.01808	0.02105	0.05810	0.07508	0.07565	0.01475	0.12944	0.15460	0.02657	0.01632	0.01890	0.01316	0.00965	0.01234	0.00246	0.22692	0.00656	0.00502	0.09580
3	0.02239	0.15320	0.03547	0.01550	0.01990	0.23517	0.04193	0.05114	0.06179	0.11368	0.07017	0.02281	0.01827	0.06449	0.04026	0.00286	0.00970	0.00677	0.00521	0.00928
4	0.01003	0.00746	0.00920	0.00895	0.01067	0.00678	0.00656	0.01281	0.01902	0.02595	0.46730	0.11223	0.20110	0.05640	0.01041	0.00269	0.00383	0.01438	0.00759	0.00663
5	0.02134	0.64017	0.03608	0.01324	0.01936	0.08194	0.01272	0.02372	0.01595	0.06165	0.01164	0.01289	0.01010	0.00664	0.00509	0.00166	0.00826	0.00426	0.00362	0.00966
6	0.01289	0.00645	0.00967	0.00967	0.00967	0.00645	0.00645	0.00967	0.00967	0.01289	0.01289	0.02257	0.01289	0.02579	0.02901	0.78401	0.00645	0.00645	0.00322	0.00322
7	0.01645	0.02424	0.23688	0.02682	0.07846	0.01756	0.34767	0.02285	0.01647	0.02372	0.01485	0.01897	0.01123	0.00704	0.00868	0.00242	0.04734	0.00738	0.06088	0.01010
8	0.00957	0.00874	0.04656	0.01007	0.01188	0.00694	0.00781	0.01168	0.01572	0.02044	0.10082	0.38998	0.24715	0.03692	0.00976	0.00288	0.00462	0.04527	0.00673	0.00645
9	0.01837	0.01906	0.11824	0.13810	0.31687	0.01664	0.05205	0.07738	0.01859	0.06936	0.06850	0.02164	0.01624	0.00782	0.00751	0.00230	0.00882	0.00716	0.00458	0.01078
10	0.01281	0.00879	0.01080	0.01076	0.01274	0.00858	0.00786	0.01784	0.11670	0.07911	0.21802	0.32528	0.10660	0.01753	0.00876	0.00265	0.00444	0.01550	0.00753	0.00771
11	0.01137	0.00817	0.00981	0.01007	0.01207	0.00761	0.00759	0.01481	0.06003	0.05670	0.15430	0.24652	0.26393	0.01858	0.00899	0.00271	0.00449	0.08796	0.00725	0.00706
12	0.04005	0.04793	0.19174	0.27055	0.09975	0.11005	0.09285	0.02260	0.01631	0.02138	0.01309	0.01733	0.00999	0.00710	0.00720	0.00231	0.01063	0.00616	0.00345	0.00953
13	0.28443	0.04661	0.01748	0.04478	0.03438	0.01757	0.01147	0.15818	0.11519	0.17222	0.01885	0.01869	0.01345	0.00823	0.00638	0.00229	0.00672	0.00607	0.00641	0.01061
14	0.00913	0.00705	0.00833	0.00903	0.01050	0.00626	0.00639	0.01095	0.01624	0.02084	0.14074	0.36891	0.31837	0.02034	0.00909	0.00271	0.00397	0.01783	0.00706	0.00626
15	0.08345	0.01386	0.01675	0.06910	0.02062	0.03988	0.01139	0.08750	0.04497	0.39482	0.11490	0.02693	0.02328	0.00964	0.00740	0.00230	0.00660	0.00781	0.00782	0.01099
16	0.01799	0.02205	0.16764	0.15771	0.13287	0.07352	0.07775	0.05167	0.07719	0.05039	0.04987	0.02068	0.01482	0.00818	0.00832	0.00238	0.04541	0.00695	0.00444	0.01015
17	0.01111	0.00852	0.01028	0.01064	0.01219	0.00853	0.00759	0.01642	0.13328	0.02365	0.20019	0.36686	0.09603	0.04672	0.01002	0.00289	0.00446	0.01617	0.00723	0.00724
18	0.01008	0.00723	0.00982	0.01045	0.01114	0.00760	0.00729	0.01161	0.01250	0.01720	0.02843	0.29266	0.03174	0.20310	0.29586	0.00755	0.01121	0.01345	0.00517	0.00591
19	0.51762	0.04725	0.04976	0.07133	0.05066	0.11328	0.01177	0.02282	0.01442	0.02851	0.01104	0.01334	0.00870	0.00701	0.00537	0.00223	0.00763	0.00453	0.00421	0.00851
20	0.01975	0.68984	0.03727	0.01288	0.01907	0.02857	0.01263	0.02350	0.06414	0.01847	0.01179	0.01307	0.01050	0.00663	0.00497	0.00166	0.00779	0.00430	0.00350	0.00969
21	0.05975	0.04494	0.10524	0.01501	0.02104	0.09444	0.01339	0.16362	0.09173	0.07369	0.05097	0.01944	0.01551	0.00799	0.00669	0.00196	0.00775	0.00612	0.00564	0.19507

[dist]
# distance from previous block
# <min> <max>
0	1

[block]
# block no. 3 follows, 27 sequences, length 10
# corresponding to MSA columns:
# 1526-1535
name=unknown_D
#
# <colnr> <probs for GDERKNQSTAVLIFYWHMCP>
#	G	D	E	R	K	N	Q	S	T	A	V	L	I	F	Y	W	H	M	C	P
0	0.03711	0.01539	0.08253	0.01354	0.01749	0.03785	0.01170	0.09241	0.17206	0.02679	0.05815	0.13637	0.13218	0.01404	0.00816	0.00257	0.00638	0.09339	0.00651	0.03538
1	0.06251	0.08397	0.02224	0.06361	0.02318	0.11324	0.04768	0.29854	0.05295	0.03357	0.10645	0.02214	0.01961	0.00906	0.00720	0.00219	0.00835	0.00713	0.00605	0.01034
2	0.01887	0.01862	0.05290	0.04058	0.05013	0.09606	0.15521	0.08247	0.01849	0.06776	0.10577	0.02378	0.01967	0.01280	0.05824	0.00314	0.15344	0.00787	0.00493	0.00931
3	0.01029	0.00851	0.00916	0.00912	0.01149	0.00795	0.00677	0.01481	0.10625	0.02231	0.12297	0.15923	0.44845	0.01792	0.00871	0.00256	0.00410	0.01525	0.00710	0.00704
4	0.01797	0.01302	0.01472	0.01313	0.01684	0.01409	0.01024	0.03113	0.39372	0.11920	0.14430	0.03552	0.08148	0.01385	0.04410	0.00294	0.00609	0.00966	0.00764	0.01038
5	0.01037	0.00758	0.00973	0.00919	0.01100	0.00695	0.00689	0.01374	0.02068	0.02899	0.63940	0.05674	0.12001	0.01547	0.00876	0.00235	0.00352	0.01361	0.00807	0.00695
6	0.11771	0.01187	0.01757	0.46346	0.03695	0.01415	0.01574	0.01741	0.01454	0.02095	0.02086	0.14757	0.05114	0.01073	0.00747	0.00255	0.00804	0.00927	0.00429	0.00773
7	0.02219	0.10338	0.13751	0.01768	0.02276	0.18378	0.01612	0.14341	0.05284	0.06296	0.01530	0.03667	0.01239	0.00919	0.00983	0.00232	0.13058	0.00624	0.00477	0.01007
8	0.01315	0.01006	0.01446	0.01222	0.01549	0.00917	0.09586	0.01708	0.05058	0.08548	0.23256	0.07616	0.30841	0.01494	0.00861	0.00246	0.00522	0.01319	0.00707	0.00782
9	0.04865	0.17531	0.05796	0.15358	0.02638	0.08266	0.01439	0.07720	0.14412	0.02461	0.01594	0.01776	0.01250	0.00754	0.00642	0.00202	0.00819	0.00576	0.00466	0.11438

[dist]
# distance from previous block
# <min> <max>
0	7

[block]
# block no. 4 follows, 27 sequences, length 16
# corresponding to MSA columns:
# 1543-1558
name=unknown_E
#
# <colnr> <probs for GDERKNQSTAVLIFYWHMCP>
#	G	D	E	R	K	N	Q	S	T	A	V	L	I	F	Y	W	H	M	C	P
0	0.10154	0.05265	0.03726	0.06115	0.02240	0.08442	0.06812	0.05002	0.05055	0.05644	0.04306	0.01869	0.01395	0.00919	0.02578	0.00232	0.09119	0.00608	0.00468	0.20051
1	0.05619	0.30819	0.07360	0.01585	0.02106	0.11723	0.05321	0.07056	0.04945	0.02212	0.01622	0.05340	0.03571	0.00881	0.00776	0.00211	0.06853	0.00638	0.00421	0.00939
2	0.01640	0.01501	0.02400	0.05379	0.05339	0.01457	0.20180	0.09542	0.07547	0.02594	0.02385	0.13640	0.05069	0.01055	0.00795	0.00232	0.00801	0.03068	0.00534	0.14841
3	0.02360	0.01043	0.01415	0.01186	0.01567	0.00956	0.00940	0.02632	0.01863	0.40778	0.11515	0.06478	0.02717	0.05563	0.12302	0.00413	0.00799	0.00913	0.03559	0.00998
4	0.01477	0.01381	0.05704	0.01233	0.01611	0.01314	0.01019	0.07773	0.27041	0.02766	0.12338	0.04380	0.23086	0.04408	0.00932	0.00266	0.00551	0.01101	0.00701	0.00920
5	0.01062	0.00720	0.00849	0.00865	0.00881	0.00727	0.00515	0.01097	0.01122	0.01507	0.02472	0.11093	0.02831	0.61138	0.09494	0.00723	0.00806	0.01151	0.00468	0.00483
6	0.01821	0.01445	0.01590	0.01376	0.01760	0.01594	0.01081	0.17430	0.32838	0.03423	0.23213	0.03408	0.03511	0.01140	0.00790	0.00240	0.00566	0.00957	0.00772	0.01047
7	0.01191	0.00699	0.01018	0.01018	0.01071	0.00733	0.00719	0.01085	0.01077	0.01463	0.01861	0.02810	0.04978	0.06279	0.23447	0.47940	0.01041	0.00755	0.00369	0.00446
8	0.01746	0.01452	0.01551	0.01406	0.01759	0.01654	0.01075	0.06242	0.52089	0.02885	0.02898	0.03273	0.02369	0.12231	0.01230	0.00326	0.00622	0.03439	0.00705	0.01048
9	0.02773	0.03538	0.02104	0.01913	0.02295	0.70930	0.01434	0.02964	0.02104	0.01817	0.01148	0.01339	0.00956	0.00765	0.00669	0.00191	0.01339	0.00478	0.00383	0.00861
10	0.01862	0.56960	0.20216	0.01479	0.02228	0.02638	0.01634	0.02255	0.01523	0.01896	0.01106	0.01284	0.00950	0.00652	0.00533	0.00178	0.00869	0.00434	0.00317	0.00988
11	0.02310	0.01825	0.01940	0.01605	0.02107	0.02063	0.01287	0.33831	0.37297	0.03853	0.02432	0.02300	0.01789	0.00952	0.00749	0.00238	0.00697	0.00758	0.00749	0.01217
12	0.00928	0.00668	0.00860	0.00988	0.01053	0.00622	0.00662	0.01068	0.01467	0.01951	0.09258	0.57912	0.09516	0.07907	0.01161	0.00326	0.00443	0.01930	0.00680	0.00600
13	0.01660	0.01330	0.01558	0.01133	0.01763	0.01048	0.00908	0.05256	0.01691	0.05472	0.04506	0.01778	0.01410	0.00628	0.00583	0.00127	0.00558	0.00506	0.00493	0.67591
14	0.01616	0.01503	0.02348	0.38593	0.23181	0.01721	0.01951	0.02410	0.14578	0.02288	0.01676	0.02093	0.01294	0.00771	0.00743	0.00240	0.00879	0.00695	0.00424	0.00996
15	0.08309	0.13587	0.05611	0.01585	0.02161	0.11542	0.01369	0.30785	0.05650	0.09954	0.01672	0.01696	0.01226	0.00818	0.00669	0.00212	0.00851	0.00590	0.00603	0.01113

[dist]
# distance from previous block
# <min> <max>
0	1

[block]
# block no. 5 follows, 27 sequences, length 15
# corresponding to MSA columns:
# 1560-1574
name=unknown_F
#
# <colnr> <probs for GDERKNQSTAVLIFYWHMCP>
#	G	D	E	R	K	N	Q	S	T	A	V	L	I	F	Y	W	H	M	C	P
0	0.05496	0.09388	0.26590	0.08387	0.02591	0.01676	0.01776	0.04237	0.05603	0.08357	0.01795	0.02017	0.03535	0.01187	0.06361	0.00302	0.03833	0.00628	0.00444	0.05798
1	0.01384	0.00692	0.00692	0.00692	0.00865	0.00692	0.00519	0.01730	0.01557	0.02768	0.02422	0.02768	0.01903	0.00865	0.00519	0.00173	0.00346	0.00692	0.78031	0.00692
2	0.01573	0.01350	0.01555	0.01145	0.01778	0.01084	0.00912	0.02099	0.08883	0.02495	0.01508	0.01675	0.01229	0.00600	0.00573	0.00126	0.00554	0.00484	0.00475	0.69902
3	0.01674	0.02272	0.18323	0.16697	0.14192	0.09341	0.08263	0.02180	0.01637	0.02177	0.03780	0.02305	0.01440	0.00875	0.00913	0.00247	0.07465	0.04885	0.00382	0.00953
4	0.01805	0.14897	0.30301	0.01988	0.09289	0.07427	0.01913	0.02444	0.05693	0.06680	0.08949	0.02087	0.01776	0.00816	0.00691	0.00218	0.00900	0.00647	0.00447	0.01033
5	0.06331	0.14999	0.31629	0.01859	0.04868	0.04187	0.03550	0.02406	0.08873	0.02313	0.01561	0.01943	0.01263	0.01053	0.04417	0.00280	0.04222	0.02846	0.00396	0.01006
6	0.00888	0.00711	0.00794	0.00860	0.01031	0.00618	0.00612	0.01053	0.01588	0.01963	0.06201	0.32651	0.44323	0.02052	0.00904	0.00270	0.00397	0.01776	0.00689	0.00618
7	0.02135	0.21725	0.12839	0.02360	0.15420	0.25372	0.05675	0.02512	0.01768	0.02029	0.01214	0.01470	0.01006	0.00694	0.00649	0.00198	0.01067	0.00527	0.00352	0.00989
8	0.01865	0.16348	0.11641	0.13967	0.16864	0.11147	0.09038	0.02420	0.05772	0.02153	0.01384	0.01710	0.01105	0.00706	0.00690	0.00216	0.00993	0.00606	0.00372	0.01004
9	0.01103	0.00726	0.00966	0.01093	0.01202	0.00677	0.00794	0.01282	0.01529	0.06164	0.04176	0.54359	0.08048	0.02168	0.00945	0.00301	0.00483	0.12622	0.00702	0.00659
10	0.01098	0.00800	0.01056	0.01078	0.01217	0.00813	0.00812	0.03444	0.01612	0.02206	0.19159	0.17264	0.07634	0.10332	0.19267	0.00558	0.00885	0.09485	0.00621	0.00660
11	0.02017	0.09668	0.02646	0.12583	0.27455	0.03788	0.03946	0.04568	0.01721	0.12336	0.01654	0.04734	0.01351	0.00843	0.00875	0.00232	0.07370	0.00704	0.00462	0.01047
12	0.01449	0.05560	0.01627	0.11121	0.06307	0.01111	0.03407	0.01779	0.01820	0.09817	0.23919	0.06934	0.17435	0.01325	0.00817	0.00240	0.00583	0.03283	0.00649	0.00818
13	0.01073	0.00718	0.00958	0.01094	0.01195	0.00672	0.00793	0.01250	0.01519	0.05269	0.04163	0.55416	0.07581	0.02188	0.00948	0.00303	0.00483	0.13027	0.00699	0.00651
14	0.01780	0.11527	0.04387	0.05593	0.01971	0.01682	0.01179	0.12573	0.20625	0.05300	0.14804	0.03284	0.10042	0.01097	0.00747	0.00229	0.00630	0.00898	0.00661	0.00991

[dist]
# distance from previous block
# <min> <max>
1	10

[block]
# block no. 6 follows, 27 sequences, length 6
# corresponding to MSA columns:
# 1585-1590
name=unknown_G
#
# <colnr> <probs for GDERKNQSTAVLIFYWHMCP>
#	G	D	E	R	K	N	Q	S	T	A	V	L	I	F	Y	W	H	M	C	P
0	0.10674	0.01385	0.05058	0.10536	0.04992	0.01307	0.01248	0.09461	0.01975	0.22371	0.13181	0.09862	0.02638	0.01087	0.00753	0.00239	0.00659	0.00912	0.00679	0.00984
1	0.00929	0.00656	0.00854	0.01003	0.01040	0.00619	0.00656	0.01040	0.01374	0.01832	0.03848	0.63905	0.04603	0.12266	0.01341	0.00360	0.00471	0.01967	0.00656	0.00582
2	0.02062	0.02060	0.02727	0.09860	0.13474	0.14010	0.17387	0.14192	0.05788	0.02658	0.01676	0.02239	0.01372	0.03366	0.00880	0.00250	0.01021	0.03493	0.00475	0.01010
3	0.07079	0.16421	0.06384	0.09569	0.02426	0.06185	0.04523	0.07479	0.03855	0.04335	0.01436	0.05237	0.01256	0.00962	0.01120	0.00245	0.19481	0.00662	0.00424	0.00922
4	0.01979	0.01167	0.05162	0.01190	0.01575	0.00966	0.00986	0.02404	0.06376	0.28684	0.20208	0.14414	0.09023	0.01357	0.00819	0.00245	0.00532	0.01167	0.00794	0.00953
5	0.00973	0.00716	0.00929	0.01020	0.01139	0.00672	0.00745	0.01189	0.01625	0.02169	0.18129	0.38866	0.14026	0.02218	0.04320	0.00328	0.00511	0.09084	0.00701	0.00639

[dist]
# distance from previous block
# <min> <max>
0	3

[block]
# block no. 7 follows, 27 sequences, length 20
# corresponding to MSA columns:
# 1594-1613
name=unknown_H
#
# <colnr> <probs for GDERKNQSTAVLIFYWHMCP>
#	G	D	E	R	K	N	Q	S	T	A	V	L	I	F	Y	W	H	M	C	P
0	0.15497	0.06350	0.04128	0.06896	0.02247	0.06482	0.08863	0.11422	0.04126	0.07970	0.01845	0.07747	0.01598	0.05962	0.05429	0.00326	0.00898	0.00773	0.00522	0.00918
1	0.01696	0.08020	0.02028	0.06949	0.10098	0.01401	0.01209	0.06588	0.01690	0.02481	0.01336	0.01594	0.01099	0.00610	0.00594	0.00146	0.00664	0.00495	0.00433	0.50870
2	0.08293	0.14897	0.31872	0.01750	0.02489	0.01905	0.04487	0.02506	0.10099	0.05732	0.01641	0.04322	0.01301	0.00830	0.00764	0.00231	0.04787	0.00634	0.00430	0.01029
3	0.00930	0.00715	0.00829	0.00906	0.01045	0.00642	0.00641	0.01086	0.01525	0.01917	0.05427	0.32236	0.33281	0.09744	0.01223	0.00326	0.00454	0.05808	0.00663	0.00603
4	0.10970	0.01597	0.02115	0.18239	0.18723	0.05379	0.03193	0.09146	0.04305	0.07699	0.02005	0.05207	0.04413	0.00911	0.00731	0.00238	0.00820	0.02820	0.00505	0.00983
5	0.01042	0.00794	0.00972	0.00903	0.01127	0.00702	0.00681	0.01354	0.01970	0.02716	0.50339	0.05655	0.20937	0.01539	0.00855	0.00229	0.00369	0.01336	0.00763	0.05717
6	0.06831	0.01698	0.02612	0.10232	0.44518	0.01826	0.01979	0.06520	0.06387	0.02579	0.01473	0.01856	0.01201	0.00759	0.00849	0.00234	0.06276	0.00657	0.00418	0.01096
7	0.05281	0.02081	0.09679	0.21623	0.11840	0.07158	0.01836	0.22632	0.02176	0.02944	0.01435	0.01755	0.01084	0.00802	0.00804	0.00234	0.04496	0.00626	0.00473	0.01040
8	0.01008	0.00757	0.00933	0.00889	0.01083	0.00682	0.00667	0.01319	0.02001	0.02739	0.53844	0.05937	0.22197	0.01607	0.00876	0.00238	0.00357	0.01398	0.00786	0.00682
9	0.01650	0.01586	0.07160	0.09346	0.06727	0.01503	0.08594	0.12934	0.11292	0.02898	0.16651	0.08883	0.02984	0.01129	0.00812	0.00246	0.00739	0.03294	0.00613	0.00959
10	0.20904	0.01057	0.01303	0.01435	0.08761	0.01163	0.00951	0.01601	0.02568	0.02131	0.01785	0.02522	0.04190	0.08307	0.19686	0.17362	0.02481	0.00701	0.00415	0.00677
11	0.01663	0.01904	0.11012	0.12541	0.09132	0.01670	0.29575	0.02278	0.04602	0.05078	0.06005	0.05118	0.01697	0.00834	0.00871	0.00248	0.03502	0.00854	0.00439	0.00979
12	0.53595	0.01327	0.01405	0.01227	0.01628	0.01458	0.08057	0.01954	0.01352	0.02914	0.01750	0.16980	0.01731	0.01038	0.00612	0.00248	0.00618	0.00826	0.00500	0.00782
13	0.01331	0.01001	0.01149	0.01218	0.05625	0.03120	0.00840	0.01617	0.04596	0.09295	0.05358	0.19284	0.37435	0.01700	0.00898	0.00257	0.02399	0.01440	0.00676	0.00762
14	0.59263	0.01684	0.03607	0.01284	0.03545	0.06870	0.03121	0.02388	0.01444	0.09230	0.01251	0.01392	0.00936	0.00714	0.00531	0.00227	0.00685	0.00467	0.00486	0.00877
15	0.01944	0.01858	0.03196	0.06958	0.03148	0.05526	0.35399	0.09813	0.01960	0.07041	0.06720	0.02205	0.01611	0.00800	0.00921	0.00241	0.05653	0.00813	0.00484	0.03710
16	0.01384	0.00692	0.00692	0.00692	0.00865	0.00692	0.00519	0.01730	0.01557	0.02768	0.02422	0.02768	0.01903	0.00865	0.00519	0.00173	0.00346	0.00692	0.78031	0.00692
17	0.01726	0.04804	0.34349	0.02037	0.02829	0.01582	0.15341	0.02419	0.04180	0.10310	0.06207	0.05202	0.01799	0.00886	0.00772	0.00242	0.00957	0.02846	0.00474	0.01036
18	0.04444	0.09216	0.09880	0.02645	0.24298	0.01735	0.08771	0.05077	0.05810	0.09639	0.01759	0.05405	0.01432	0.00794	0.00713	0.00219	0.00835	0.00715	0.00479	0.06133
19	0.01643	0.04231	0.01550	0.01230	0.01648	0.01319	0.00990	0.14500	0.10063	0.02875	0.11918	0.03810	0.09834	0.04764	0.00903	0.00240	0.00593	0.07981	0.00639	0.19268

[dist]
# distance from previous block
# <min> <max>
2	34

[block]
# block no. 8 follows, 27 sequences, length 37
# corresponding to MSA columns:
# 1650-1686
name=unknown_I
#
# <colnr> <probs for GDERKNQSTAVLIFYWHMCP>
#	G	D	E	R	K	N	Q	S	T	A	V	L	I	F	Y	W	H	M	C	P
0	0.01877	0.01507	0.04985	0.01431	0.04065	0.01317	0.01165	0.11332	0.10367	0.09812	0.04309	0.02865	0.04359	0.00936	0.00707	0.00198	0.00639	0.07102	0.00609	0.30419
1	0.01782	0.01514	0.02350	0.06661	0.19045	0.01549	0.10099	0.02417	0.11303	0.08590	0.05330	0.04670	0.04163	0.00918	0.00907	0.00232	0.07157	0.00808	0.00521	0.09984
2	0.01923	0.07221	0.02242	0.04782	0.16960	0.01767	0.03529	0.15483	0.16213	0.04692	0.11532	0.02860	0.02400	0.00980	0.00761	0.00233	0.00723	0.04017	0.00614	0.01067
3	0.02701	0.03387	0.02071	0.01881	0.02267	0.65563	0.01414	0.03041	0.07218	0.01917	0.01293	0.01450	0.01058	0.00784	0.00676	0.00196	0.01280	0.00506	0.00411	0.00885
4	0.01360	0.01057	0.01484	0.01574	0.09831	0.01089	0.04122	0.07819	0.01544	0.02120	0.06872	0.08964	0.02613	0.31456	0.14305	0.00602	0.00950	0.01024	0.00500	0.00714
5	0.01947	0.01317	0.01580	0.01215	0.01760	0.01157	0.00969	0.08352	0.05022	0.15246	0.01859	0.02089	0.01455	0.04459	0.07470	0.00281	0.00737	0.00601	0.00571	0.41912
6	0.01539	0.01319	0.01539	0.01100	0.01759	0.00990	0.00880	0.01869	0.01539	0.02419	0.01319	0.01539	0.01100	0.00550	0.00550	0.00110	0.00550	0.00440	0.00440	0.78449
7	0.01178	0.00907	0.01206	0.01148	0.01357	0.00894	0.03261	0.01705	0.09632	0.02674	0.38918	0.10665	0.07244	0.04747	0.01018	0.00280	0.00487	0.11194	0.00743	0.00744
8	0.01549	0.01307	0.01552	0.01341	0.04990	0.01156	0.00984	0.04133	0.13009	0.02585	0.06012	0.09629	0.02069	0.00891	0.00662	0.00171	0.00556	0.00758	0.00549	0.46098
9	0.01402	0.01319	0.02227	0.72126	0.05113	0.01649	0.02062	0.01897	0.01484	0.01897	0.01319	0.01979	0.00990	0.00742	0.00742	0.00247	0.00990	0.00660	0.00330	0.00825
10	0.02773	0.03538	0.02104	0.01913	0.02295	0.70930	0.01434	0.02964	0.02104	0.01817	0.01148	0.01339	0.00956	0.00765	0.00669	0.00191	0.01339	0.00478	0.00383	0.00861
11	0.01725	0.01916	0.03990	0.02870	0.03567	0.01819	0.56569	0.02295	0.01695	0.02346	0.01453	0.01937	0.01115	0.00660	0.00940	0.00242	0.05502	0.00822	0.00378	0.08159
12	0.01025	0.00758	0.00957	0.00907	0.01094	0.00690	0.00681	0.01352	0.02042	0.02835	0.59924	0.05779	0.16057	0.01571	0.00876	0.00236	0.00354	0.01375	0.00799	0.00690
13	0.01985	0.74357	0.03890	0.01270	0.01905	0.02937	0.01270	0.02223	0.01508	0.01747	0.01032	0.01191	0.00953	0.00635	0.00476	0.00159	0.00794	0.00397	0.00318	0.00953
14	0.01569	0.01557	0.02634	0.16766	0.07017	0.01854	0.16474	0.01930	0.01419	0.02038	0.01433	0.05753	0.01284	0.01026	0.01451	0.00277	0.29655	0.00786	0.04214	0.00863
15	0.00952	0.00729	0.00873	0.00892	0.01062	0.00650	0.00648	0.01188	0.01785	0.02356	0.30569	0.22880	0.29035	0.01849	0.00894	0.00257	0.00379	0.01614	0.00739	0.00650
16	0.02539	0.03270	0.06130	0.01846	0.02264	0.57951	0.01458	0.02927	0.07186	0.02006	0.04606	0.01669	0.01352	0.00817	0.00688	0.00201	0.01218	0.00553	0.00428	0.00892
17	0.03331	0.01263	0.01723	0.01321	0.01895	0.01091	0.01091	0.03618	0.02125	0.69794	0.02929	0.02527	0.01838	0.00919	0.00747	0.00230	0.00632	0.00747	0.00919	0.01263
18	0.01905	0.01612	0.01744	0.01533	0.01936	0.01871	0.01207	0.10640	0.53812	0.03194	0.05730	0.02717	0.02291	0.01035	0.00861	0.00252	0.04957	0.00832	0.00731	0.01141
19	0.01362	0.00824	0.01089	0.00992	0.01217	0.00751	0.00754	0.01694	0.02077	0.12219	0.57133	0.07838	0.06203	0.01467	0.00861	0.00236	0.00393	0.01290	0.00826	0.00775
20	0.79154	0.01436	0.01091	0.00976	0.01436	0.01665	0.00804	0.02182	0.01263	0.03331	0.01034	0.01206	0.00804	0.00689	0.00459	0.00230	0.00574	0.00402	0.00459	0.00804
21	0.01673	0.01874	0.06385	0.02646	0.05107	0.01870	0.39901	0.02163	0.01577	0.02244	0.01492	0.02149	0.01233	0.00862	0.01242	0.00267	0.19023	0.03042	0.04315	0.00936
22	0.00904	0.00646	0.00861	0.01034	0.01077	0.00603	0.00689	0.01034	0.01421	0.01895	0.04092	0.73426	0.04910	0.02326	0.00948	0.00301	0.00431	0.02110	0.00689	0.00603
23	0.00921	0.00653	0.00856	0.01012	0.01051	0.00614	0.00666	0.01038	0.01389	0.01852	0.03925	0.66892	0.04699	0.09147	0.01217	0.00341	0.00458	0.02012	0.00666	0.00588
24	0.01124	0.00833	0.01038	0.00983	0.01178	0.00795	0.00736	0.03783	0.05030	0.02878	0.53437	0.11314	0.10903	0.01569	0.00872	0.00241	0.00386	0.01379	0.00791	0.00728
25	0.01070	0.00756	0.00995	0.00995	0.01059	0.00820	0.00681	0.01198	0.01134	0.01577	0.02170	0.03920	0.02292	0.40882	0.36250	0.00948	0.01333	0.00942	0.00425	0.00553
26	0.01891	0.01656	0.02652	0.14840	0.46073	0.01730	0.02035	0.04558	0.08262	0.06558	0.01649	0.01992	0.01296	0.00732	0.00739	0.00229	0.00853	0.00684	0.00445	0.01127
27	0.01041	0.00758	0.00979	0.00924	0.01103	0.00696	0.00693	0.01382	0.02079	0.02924	0.65511	0.05633	0.10415	0.01538	0.00876	0.00234	0.00352	0.01355	0.00810	0.00696
28	0.01539	0.01319	0.01539	0.01100	0.01759	0.00990	0.00880	0.01869	0.01539	0.02419	0.01319	0.01539	0.01100	0.00550	0.00550	0.00110	0.00550	0.00440	0.00440	0.78449
29	0.01852	0.06171	0.44152	0.02146	0.09145	0.01745	0.02252	0.09519	0.01862	0.09125	0.04034	0.01840	0.01310	0.00769	0.00713	0.00228	0.00960	0.00614	0.00443	0.01118
