[name]
unknown

[dist]
# distance from previous block
# <min> <max>
0	416

[block]
# block no. 0 follows, 34 sequences, length 19
# corresponding to MSA columns:
# 428-446
name=unknown_A
#
# <colnr> <probs for GDERKNQSTAVLIFYWHMCP>
#	G	D	E	R	K	N	Q	S	T	A	V	L	I	F	Y	W	H	M	C	P
0	0.00975	0.00697	0.00966	0.01115	0.01234	0.00687	0.00927	0.01225	0.01422	0.01860	0.03457	0.25348	0.03863	0.01847	0.00875	0.00288	0.00538	0.51504	0.00596	0.00577
1	0.00994	0.00787	0.01143	0.20259	0.01870	0.00824	0.00917	0.01331	0.01690	0.02347	0.54293	0.04021	0.04738	0.01146	0.00732	0.00206	0.00449	0.01014	0.00601	0.00638
2	0.00890	0.00648	0.00759	0.00737	0.00865	0.00597	0.00516	0.01076	0.01485	0.02007	0.34684	0.04960	0.22330	0.21781	0.01432	0.00319	0.00397	0.01142	0.02840	0.00534
3	0.01113	0.00824	0.00901	0.00863	0.00958	0.00881	0.00555	0.01587	0.19407	0.01629	0.02190	0.03757	0.02251	0.57459	0.02606	0.00521	0.00597	0.00885	0.00461	0.00555
4	0.01760	0.01778	0.01504	0.01362	0.01709	0.20507	0.01046	0.03046	0.49169	0.02348	0.02467	0.02340	0.06392	0.00872	0.00645	0.00205	0.00669	0.00691	0.00569	0.00920
5	0.01204	0.00602	0.00602	0.00602	0.00753	0.00602	0.00452	0.01506	0.01355	0.02409	0.02108	0.02409	0.01656	0.00753	0.00452	0.00151	0.00301	0.00602	0.80879	0.00602
6	0.05143	0.02650	0.02029	0.01733	0.02115	0.54907	0.10594	0.05379	0.01797	0.03626	0.01179	0.03636	0.00985	0.00697	0.00612	0.00180	0.01071	0.00518	0.00368	0.00781
7	0.01501	0.02118	0.20593	0.01893	0.09927	0.12800	0.01626	0.01834	0.01310	0.01765	0.01477	0.01792	0.06989	0.00907	0.01214	0.00229	0.30318	0.00589	0.00319	0.00799
8	0.01209	0.00744	0.00949	0.20103	0.01712	0.00819	0.00800	0.01543	0.01339	0.02212	0.01859	0.02231	0.01450	0.00725	0.00502	0.00167	0.00447	0.00595	0.59962	0.00632
9	0.52906	0.01564	0.01783	0.01419	0.01878	0.08967	0.18979	0.02013	0.01285	0.02549	0.01016	0.01241	0.00786	0.00592	0.00513	0.00201	0.00721	0.00464	0.00374	0.00749
10	0.01569	0.14119	0.36665	0.02241	0.20823	0.01727	0.01958	0.09623	0.01569	0.02205	0.01177	0.01395	0.00904	0.00612	0.00594	0.00190	0.00839	0.00494	0.00327	0.00969
11	0.01822	0.01307	0.01453	0.01231	0.01577	0.01404	0.00974	0.38106	0.06852	0.04903	0.02257	0.21406	0.02110	0.01130	0.00684	0.00211	0.00569	0.03041	0.06275	0.02687
12	0.00815	0.00587	0.00772	0.00872	0.00941	0.00544	0.00598	0.00972	0.01377	0.01862	0.19112	0.58498	0.06938	0.01855	0.00809	0.00248	0.00358	0.01672	0.00625	0.00544
13	0.01573	0.01588	0.02927	0.03558	0.52018	0.01576	0.20751	0.01993	0.01471	0.02083	0.01229	0.01633	0.01006	0.00584	0.00719	0.00202	0.03169	0.00626	0.00321	0.00972
14	0.01580	0.01589	0.02932	0.03643	0.55124	0.01561	0.19874	0.02005	0.01485	0.02100	0.01239	0.01636	0.01012	0.00568	0.00672	0.00199	0.00851	0.00624	0.00322	0.00984
15	0.22455	0.01421	0.01557	0.01328	0.05817	0.07590	0.06158	0.02014	0.05347	0.05977	0.01242	0.01399	0.00975	0.00576	0.00517	0.00156	0.00612	0.00450	0.00412	0.33995
16	0.01908	0.03431	0.02202	0.05729	0.43835	0.01363	0.01581	0.03927	0.01619	0.20882	0.05813	0.01936	0.01465	0.00686	0.00644	0.00194	0.00683	0.00624	0.00474	0.01003
17	0.00881	0.00635	0.00834	0.00835	0.00958	0.00588	0.00607	0.01136	0.01675	0.02347	0.54919	0.23525	0.05623	0.01503	0.00778	0.00219	0.00323	0.01342	0.00682	0.00588
18	0.04861	0.02350	0.37410	0.01870	0.02615	0.01403	0.19787	0.02204	0.01497	0.14483	0.04259	0.01731	0.01199	0.00655	0.00656	0.00207	0.00876	0.00603	0.00400	0.00934

[dist]
# distance from previous block
# <min> <max>
6	64

[block]
# block no. 1 follows, 34 sequences, length 6
# corresponding to MSA columns:
# 511-516
name=unknown_B
#
# <colnr> <probs for GDERKNQSTAVLIFYWHMCP>
#	G	D	E	R	K	N	Q	S	T	A	V	L	I	F	Y	W	H	M	C	P
0	0.06136	0.08181	0.04831	0.01521	0.02032	0.10430	0.16585	0.02162	0.04574	0.12264	0.03633	0.01701	0.01242	0.00831	0.04120	0.00214	0.00803	0.00562	0.00432	0.17747
1	0.01150	0.00973	0.01388	0.01711	0.20892	0.00891	0.00989	0.01386	0.01373	0.01939	0.09641	0.22058	0.07203	0.07842	0.00909	0.00232	0.00516	0.01010	0.00471	0.17426
2	0.01767	0.05286	0.01514	0.01241	0.01491	0.24778	0.03231	0.10380	0.01571	0.05452	0.01536	0.02397	0.01463	0.26507	0.04849	0.03935	0.00871	0.00650	0.00411	0.00671
3	0.00827	0.00615	0.00770	0.00820	0.00934	0.00559	0.00581	0.01017	0.01491	0.01997	0.28375	0.37555	0.18687	0.01701	0.00791	0.00233	0.00341	0.01509	0.00639	0.00559
4	0.02006	0.01812	0.01634	0.01398	0.01791	0.16325	0.01099	0.23815	0.33010	0.02880	0.01945	0.01899	0.01460	0.00797	0.00628	0.00197	0.00692	0.00615	0.05031	0.00968
5	0.01172	0.00631	0.00690	0.00720	0.00870	0.00631	0.00570	0.01472	0.01382	0.02314	0.02371	0.03387	0.02070	0.00960	0.00540	0.00180	0.00360	0.14296	0.64785	0.00601

[dist]
# distance from previous block
# <min> <max>
0	10

[block]
# block no. 2 follows, 34 sequences, length 8
# corresponding to MSA columns:
# 527-534
name=unknown_C
#
# <colnr> <probs for GDERKNQSTAVLIFYWHMCP>
#	G	D	E	R	K	N	Q	S	T	A	V	L	I	F	Y	W	H	M	C	P
0	0.01459	0.01496	0.01242	0.01199	0.01427	0.24062	0.00937	0.01821	0.06908	0.02069	0.24142	0.04174	0.07858	0.01213	0.00729	0.00216	0.00662	0.17155	0.00553	0.00676
1	0.01944	0.54168	0.02896	0.01282	0.01765	0.25294	0.01151	0.02138	0.01476	0.01539	0.00930	0.01077	0.00830	0.00588	0.00468	0.00147	0.00840	0.00368	0.00294	0.00804
2	0.01369	0.24896	0.01480	0.00761	0.01038	0.01218	0.00658	0.01641	0.01342	0.02129	0.01727	0.01976	0.01395	0.00690	0.00440	0.00147	0.00424	0.00521	0.55475	0.00674
3	0.01186	0.00972	0.01267	0.01156	0.01345	0.01039	0.06942	0.01857	0.23517	0.01945	0.02537	0.22933	0.02555	0.20611	0.01420	0.00334	0.02917	0.01076	0.03705	0.00687
4	0.01405	0.01255	0.02004	0.06524	0.41834	0.01286	0.01606	0.01870	0.06677	0.02075	0.02012	0.03458	0.01935	0.00983	0.00721	0.00228	0.00699	0.22125	0.00430	0.00873
5	0.01664	0.53747	0.03520	0.01615	0.02200	0.02266	0.23108	0.01977	0.01380	0.01693	0.01027	0.01259	0.00877	0.00550	0.00524	0.00163	0.00817	0.00477	0.00292	0.00843
6	0.01123	0.00982	0.01702	0.01358	0.01571	0.00953	0.22641	0.01307	0.01129	0.01523	0.01790	0.03356	0.01879	0.49300	0.06242	0.00519	0.00830	0.00871	0.00369	0.00553
7	0.02784	0.03099	0.01510	0.17476	0.04302	0.02596	0.06171	0.04176	0.03045	0.01890	0.06672	0.06560	0.24133	0.02915	0.05844	0.00280	0.04485	0.00926	0.00456	0.00679

[dist]
# distance from previous block
# <min> <max>
1	2

[block]
# block no. 3 follows, 34 sequences, length 17
# corresponding to MSA columns:
# 537-553
name=unknown_D
#
# <colnr> <probs for GDERKNQSTAVLIFYWHMCP>
#	G	D	E	R	K	N	Q	S	T	A	V	L	I	F	Y	W	H	M	C	P
0	0.01459	0.22081	0.43753	0.01565	0.02318	0.01789	0.01831	0.02249	0.13154	0.02021	0.01338	0.01455	0.01014	0.00642	0.00570	0.00190	0.00813	0.00486	0.00338	0.00934
1	0.00950	0.00721	0.01046	0.01030	0.01128	0.00842	0.00788	0.01154	0.01053	0.01515	0.04205	0.02737	0.01809	0.12122	0.60917	0.00927	0.05401	0.00728	0.00360	0.00565
2	0.03215	0.06354	0.08310	0.01139	0.03448	0.06722	0.00954	0.03902	0.03965	0.05938	0.37718	0.03425	0.07633	0.01045	0.00677	0.00193	0.00517	0.00879	0.00576	0.03391
3	0.06601	0.01396	0.07161	0.01469	0.05991	0.01234	0.06053	0.12456	0.05424	0.30058	0.11491	0.04019	0.02022	0.00842	0.00659	0.00203	0.00613	0.00715	0.00629	0.00962
4	0.01414	0.01414	0.01979	0.01696	0.01696	0.01979	0.01414	0.01555	0.00990	0.01555	0.00848	0.01414	0.00848	0.01131	0.02120	0.00283	0.76110	0.00565	0.00283	0.00707
5	0.01530	0.01395	0.01414	0.01364	0.04748	0.06861	0.01001	0.02895	0.52206	0.02432	0.02917	0.06878	0.09569	0.00993	0.00672	0.00216	0.00544	0.00830	0.00609	0.00923
6	0.01684	0.01526	0.02406	0.03204	0.51113	0.01559	0.04906	0.12362	0.05702	0.02464	0.05565	0.01834	0.01384	0.00665	0.00655	0.00196	0.00732	0.00629	0.00411	0.01003
7	0.01204	0.00602	0.00602	0.00602	0.00753	0.00602	0.00452	0.01506	0.01355	0.02409	0.02108	0.02409	0.01656	0.00753	0.00452	0.00151	0.00301	0.00602	0.80879	0.00602
8	0.00841	0.00680	0.00792	0.00830	0.03329	0.00598	0.00585	0.01053	0.01571	0.02019	0.27118	0.09950	0.45283	0.01525	0.00763	0.00215	0.00338	0.01305	0.00626	0.00580
9	0.01828	0.01498	0.01586	0.01360	0.01765	0.01711	0.01076	0.21075	0.54093	0.03060	0.02349	0.02187	0.01745	0.00850	0.00655	0.00213	0.00563	0.00692	0.00655	0.01043
10	0.01296	0.03342	0.73944	0.01842	0.02797	0.01501	0.02387	0.02046	0.01364	0.02046	0.01160	0.01364	0.00818	0.00614	0.00614	0.00205	0.00955	0.00477	0.00273	0.00955
11	0.02082	0.13285	0.17573	0.01499	0.05097	0.13039	0.01373	0.04151	0.01637	0.25686	0.01743	0.04985	0.01337	0.00775	0.00611	0.00192	0.00764	0.02751	0.00493	0.00928
12	0.01360	0.07166	0.48137	0.01970	0.02783	0.01551	0.19702	0.02003	0.01426	0.02049	0.04882	0.01620	0.01133	0.00629	0.00648	0.00204	0.00940	0.00578	0.00309	0.00908
13	0.01350	0.01280	0.02172	0.51243	0.27936	0.01470	0.01859	0.01764	0.01353	0.01808	0.01171	0.01681	0.00917	0.00622	0.00644	0.00207	0.00829	0.00575	0.00298	0.00822
14	0.00923	0.00692	0.01038	0.01038	0.01154	0.00808	0.00808	0.01154	0.01038	0.01500	0.01731	0.02538	0.01615	0.04846	0.74732	0.01038	0.01731	0.00692	0.00346	0.00577
15	0.29163	0.01544	0.01532	0.01223	0.01692	0.03865	0.01006	0.34638	0.02156	0.15038	0.01480	0.01478	0.01039	0.00717	0.00562	0.00196	0.00628	0.00510	0.00579	0.00954
16	0.47251	0.01336	0.01234	0.01029	0.01464	0.05454	0.00842	0.06264	0.01494	0.25869	0.01477	0.01458	0.01022	0.00678	0.00505	0.00198	0.00566	0.00464	0.00540	0.00855

[dist]
# distance from previous block
# <min> <max>
0	2

[block]
# block no. 4 follows, 34 sequences, length 6
# corresponding to MSA columns:
# 556-561
name=unknown_E
#
# <colnr> <probs for GDERKNQSTAVLIFYWHMCP>
#	G	D	E	R	K	N	Q	S	T	A	V	L	I	F	Y	W	H	M	C	P
0	0.01733	0.01643	0.02474	0.09717	0.41821	0.08485	0.08783	0.04454	0.01542	0.06465	0.01269	0.01608	0.01013	0.00643	0.00740	0.00200	0.05527	0.00584	0.00357	0.00942
1	0.33521	0.13117	0.01604	0.01102	0.01543	0.15849	0.00907	0.02128	0.04567	0.05971	0.01123	0.01238	0.00891	0.00609	0.00475	0.00168	0.00659	0.00400	0.00398	0.13730
2	0.01425	0.01006	0.01187	0.01068	0.01286	0.01083	0.00800	0.16916	0.09634	0.05824	0.06515	0.11739	0.02303	0.19212	0.16567	0.00479	0.00806	0.00893	0.00534	0.00723
3	0.01249	0.01088	0.01287	0.01396	0.10325	0.07587	0.00940	0.01576	0.04546	0.04444	0.31374	0.06477	0.10819	0.01375	0.04608	0.00255	0.05888	0.03505	0.00559	0.00702
4	0.12861	0.06541	0.03072	0.02716	0.01563	0.01137	0.02432	0.01980	0.04972	0.15164	0.09855	0.02204	0.06142	0.00769	0.00602	0.00170	0.02204	0.00610	0.00509	0.24497
5	0.04813	0.01471	0.01983	0.05680	0.39572	0.07847	0.01486	0.02035	0.10154	0.02162	0.08308	0.02337	0.07826	0.00784	0.00649	0.00198	0.00684	0.00693	0.00424	0.00894

[dist]
# distance from previous block
# <min> <max>
1	5

[block]
# block no. 5 follows, 34 sequences, length 18
# corresponding to MSA columns:
# 567-584
name=unknown_F
#
# <colnr> <probs for GDERKNQSTAVLIFYWHMCP>
#	G	D	E	R	K	N	Q	S	T	A	V	L	I	F	Y	W	H	M	C	P
0	0.58620	0.01404	0.01377	0.01132	0.01572	0.05994	0.08530	0.02018	0.01251	0.06832	0.01062	0.01218	0.00807	0.00602	0.00471	0.00194	0.00608	0.00419	0.00410	0.05477
1	0.06580	0.07161	0.36962	0.01756	0.05872	0.01432	0.08360	0.02193	0.01463	0.15425	0.01535	0.01875	0.01153	0.00704	0.00626	0.00205	0.00817	0.04540	0.00405	0.00933
2	0.01490	0.01243	0.02073	0.16734	0.24482	0.01272	0.09854	0.05234	0.01586	0.08045	0.12584	0.08738	0.02102	0.00855	0.00692	0.00208	0.00699	0.00806	0.00455	0.00848
3	0.01599	0.01535	0.02623	0.03966	0.73262	0.01535	0.01983	0.01983	0.01471	0.02111	0.01215	0.01599	0.01023	0.00576	0.00640	0.00192	0.00768	0.00576	0.00320	0.01023
4	0.01525	0.01743	0.03813	0.02723	0.03377	0.01634	0.70915	0.02070	0.01525	0.02070	0.01307	0.01743	0.00980	0.00545	0.00763	0.00218	0.01089	0.00763	0.00327	0.00871
5	0.01567	0.09570	0.21233	0.01997	0.05668	0.14043	0.23014	0.02025	0.01521	0.01944	0.05688	0.04159	0.01391	0.00713	0.00660	0.00199	0.00931	0.02486	0.00348	0.00841
6	0.05228	0.01690	0.12284	0.06252	0.09535	0.01431	0.15363	0.14036	0.01817	0.18421	0.06154	0.01912	0.01429	0.00712	0.00662	0.00203	0.00765	0.00645	0.00504	0.00955
7	0.01112	0.00565	0.00834	0.00834	0.00834	0.00565	0.00552	0.00847	0.00847	0.01130	0.01174	0.02091	0.01191	0.06450	0.02568	0.76686	0.00565	0.00582	0.00287	0.00287
8	0.01128	0.00864	0.01274	0.01142	0.01358	0.00848	0.08001	0.01436	0.03358	0.06489	0.26010	0.14073	0.14101	0.01390	0.00867	0.00233	0.05313	0.10853	0.00601	0.00661
9	0.03678	0.21670	0.35147	0.01627	0.04060	0.07886	0.05768	0.02079	0.04051	0.01946	0.01194	0.01385	0.00926	0.00615	0.00557	0.00182	0.00842	0.00472	0.05036	0.00878
10	0.01099	0.00807	0.00947	0.00951	0.01158	0.00800	0.00772	0.05499	0.07420	0.02219	0.13331	0.05331	0.22060	0.01422	0.00752	0.00233	0.00448	0.23625	0.10476	0.00649
11	0.00983	0.00685	0.00833	0.00805	0.00996	0.00612	0.00615	0.01223	0.01649	0.06553	0.36647	0.09170	0.29570	0.01469	0.00767	0.00218	0.00350	0.05580	0.00663	0.00611
12	0.04627	0.01800	0.06690	0.21423	0.09998	0.11734	0.21578	0.06221	0.01559	0.02051	0.01196	0.01560	0.00919	0.00608	0.00650	0.00198	0.00922	0.00582	0.00339	0.05346
13	0.04023	0.04945	0.09995	0.01822	0.10418	0.16175	0.03574	0.25240	0.06591	0.08793	0.01466	0.01545	0.01082	0.00701	0.00619	0.00190	0.00814	0.00543	0.00489	0.00973
14	0.00893	0.00700	0.00816	0.00815	0.00993	0.00650	0.00610	0.01223	0.06583	0.02107	0.29158	0.15357	0.31642	0.01532	0.00770	0.00223	0.00351	0.04334	0.00643	0.00601
15	0.00939	0.00695	0.00955	0.00990	0.01110	0.00657	0.03775	0.02714	0.03075	0.03473	0.08812	0.55572	0.09698	0.01784	0.00802	0.00249	0.00417	0.03092	0.00603	0.00588
16	0.01874	0.18913	0.17736	0.01774	0.06761	0.16418	0.08798	0.09649	0.01685	0.06457	0.01283	0.01552	0.01017	0.00664	0.00595	0.00184	0.00880	0.02489	0.00376	0.00896
17	0.11692	0.01943	0.11783	0.01879	0.14363	0.09662	0.01419	0.17074	0.16788	0.02668	0.01507	0.01609	0.01147	0.00717	0.00649	0.00201	0.02934	0.00551	0.00465	0.00951

[dist]
# distance from previous block
# <min> <max>
1	7

[block]
# block no. 6 follows, 34 sequences, length 34
# corresponding to MSA columns:
# 592-625
name=unknown_G
#
# <colnr> <probs for GDERKNQSTAVLIFYWHMCP>
#	G	D	E	R	K	N	Q	S	T	A	V	L	I	F	Y	W	H	M	C	P
0	0.07873	0.06791	0.04753	0.01601	0.03789	0.32052	0.06659	0.13578	0.07864	0.02256	0.01582	0.01684	0.05291	0.00734	0.00604	0.00185	0.00884	0.00551	0.00426	0.00843
1	0.01115	0.00811	0.01083	0.01157	0.03364	0.00852	0.00837	0.05365	0.01392	0.05403	0.03087	0.47587	0.05295	0.01707	0.00948	0.00258	0.08733	0.09804	0.00569	0.00632
2	0.01944	0.05842	0.01922	0.03604	0.11245	0.05700	0.01240	0.28439	0.21239	0.02938	0.01690	0.01728	0.01279	0.00730	0.00618	0.00188	0.00672	0.00582	0.00538	0.07863
3	0.01618	0.01488	0.05272	0.06259	0.04753	0.09057	0.02858	0.05394	0.04136	0.09173	0.03548	0.02063	0.08173	0.00741	0.00651	0.00165	0.03544	0.00592	0.00451	0.30065
4	0.10386	0.08379	0.03362	0.05600	0.05997	0.07372	0.10282	0.14909	0.02938	0.07733	0.05603	0.01685	0.01305	0.00675	0.00594	0.00181	0.00719	0.00561	0.00457	0.11266
5	0.01138	0.01588	0.21018	0.01234	0.01651	0.03700	0.04112	0.01627	0.05998	0.02113	0.19840	0.05079	0.16186	0.01279	0.04746	0.00253	0.02531	0.00892	0.04283	0.00732
6	0.01350	0.05455	0.02140	0.49711	0.15505	0.01495	0.04363	0.04501	0.01400	0.01835	0.01299	0.05738	0.01086	0.00705	0.00646	0.00209	0.00813	0.00638	0.00325	0.00786
7	0.04158	0.04345	0.09868	0.07751	0.09147	0.29301	0.02961	0.17699	0.01934	0.05067	0.01234	0.01406	0.00940	0.00672	0.00608	0.00186	0.00923	0.00501	0.00410	0.00891
8	0.01003	0.00659	0.00798	0.00823	0.00961	0.00595	0.00582	0.01148	0.01373	0.07999	0.09638	0.31537	0.24270	0.12288	0.01134	0.00291	0.00412	0.03321	0.00597	0.00571
9	0.00842	0.00589	0.00721	0.00813	0.00867	0.00554	0.00533	0.00945	0.01201	0.01610	0.03452	0.48748	0.11003	0.19077	0.01360	0.00335	0.00423	0.01515	0.04911	0.00501
10	0.01641	0.02222	0.16436	0.02083	0.11467	0.22257	0.15633	0.03423	0.01557	0.01903	0.01552	0.13788	0.01454	0.00844	0.00674	0.00204	0.00918	0.00755	0.00368	0.00821
11	0.03525	0.01244	0.01429	0.09232	0.04898	0.05344	0.01030	0.13062	0.15919	0.06249	0.09493	0.05623	0.04447	0.04231	0.05329	0.06182	0.00677	0.00760	0.00530	0.00797
12	0.00934	0.00642	0.00762	0.00807	0.00958	0.00571	0.00583	0.01096	0.01404	0.06070	0.07319	0.35829	0.31960	0.01706	0.00773	0.00235	0.00366	0.03403	0.04004	0.00576
13	0.01853	0.01642	0.05074	0.05049	0.13640	0.01640	0.15164	0.32404	0.02167	0.02952	0.04384	0.03764	0.03514	0.00764	0.00674	0.00201	0.00764	0.00690	0.02704	0.00957
14	0.06198	0.11159	0.06558	0.09771	0.26130	0.09998	0.01559	0.11866	0.05240	0.02268	0.01236	0.01480	0.00987	0.00648	0.00622	0.00189	0.02272	0.00519	0.00377	0.00920
15	0.01383	0.01307	0.01678	0.01421	0.01617	0.08629	0.09914	0.05374	0.04102	0.01857	0.07700	0.02453	0.01775	0.14185	0.13855	0.00429	0.18574	0.00720	0.02349	0.00681
16	0.01644	0.24209	0.20128	0.01388	0.01978	0.12205	0.01385	0.02291	0.14502	0.01957	0.01331	0.01431	0.01055	0.00634	0.00542	0.00168	0.00763	0.00465	0.00368	0.11555
17	0.02355	0.02956	0.01804	0.01639	0.01974	0.69366	0.01232	0.02642	0.06957	0.01663	0.01118	0.01256	0.00915	0.00681	0.00588	0.00170	0.01118	0.00439	0.00357	0.00769
18	0.00915	0.00700	0.00804	0.00793	0.00972	0.00654	0.00588	0.01264	0.07205	0.02154	0.29540	0.14237	0.30112	0.01459	0.00744	0.00214	0.00338	0.01258	0.05441	0.00608
19	0.01340	0.01148	0.01340	0.00957	0.01531	0.00861	0.00766	0.01627	0.01340	0.02105	0.01148	0.01340	0.00957	0.00479	0.00479	0.00096	0.00479	0.00383	0.00383	0.81242
20	0.01257	0.06731	0.02044	0.70295	0.04247	0.01517	0.01744	0.01672	0.01294	0.01641	0.01130	0.01673	0.00859	0.00639	0.00629	0.00210	0.00849	0.00558	0.00286	0.00726
21	0.01665	0.01542	0.02400	0.03488	0.61116	0.05416	0.01797	0.02017	0.01512	0.06012	0.01596	0.01885	0.05345	0.00656	0.00645	0.00193	0.00751	0.00618	0.00364	0.00984
22	0.01631	0.01461	0.02531	0.14549	0.52060	0.01485	0.07343	0.02025	0.01476	0.07261	0.01310	0.01673	0.01037	0.00600	0.00651	0.00198	0.00791	0.00596	0.00350	0.00971
23	0.01843	0.01506	0.01896	0.01952	0.18949	0.12047	0.07119	0.02147	0.01616	0.17055	0.08162	0.02094	0.04332	0.00724	0.00629	0.00176	0.00695	0.00631	0.00481	0.15945
24	0.07926	0.01468	0.02368	0.06528	0.59417	0.01475	0.01785	0.01936	0.01425	0.02154	0.01183	0.01542	0.00986	0.00573	0.00609	0.00187	0.00729	0.00544	0.00329	0.06837
25	0.00940	0.00626	0.00705	0.00705	0.00705	0.00626	0.00392	0.00940	0.00940	0.01253	0.02036	0.04228	0.02349	0.77292	0.03289	0.00626	0.00626	0.00940	0.00392	0.00392
26	0.01141	0.01261	0.09558	0.01421	0.04620	0.01109	0.08176	0.01630	0.10722	0.01941	0.06842	0.21870	0.12641	0.03131	0.02516	0.00260	0.08863	0.01084	0.00493	0.00721
27	0.02414	0.03079	0.01831	0.01665	0.01998	0.74698	0.01248	0.02580	0.01831	0.01581	0.00999	0.01165	0.00832	0.00666	0.00583	0.00166	0.01165	0.00416	0.00333	0.00749
28	0.00939	0.00629	0.00717	0.00717	0.00721	0.00633	0.00407	0.00947	0.00943	0.01262	0.02025	0.04167	0.02322	0.74643	0.05902	0.00641	0.00667	0.00931	0.00390	0.00398
29	0.00858	0.00646	0.00778	0.00777	0.00923	0.00584	0.00566	0.01071	0.01567	0.02093	0.36660	0.14313	0.25807	0.07539	0.00974	0.00251	0.00353	0.03041	0.00635	0.00562
30	0.04768	0.01492	0.02160	0.10159	0.38740	0.07146	0.04292	0.03642	0.03393	0.07702	0.01566	0.06366	0.01358	0.00757	0.00654	0.00204	0.00754	0.03531	0.00404	0.00913
31	0.02427	0.02695	0.01864	0.01611	0.01999	0.52690	0.01242	0.23327	0.02196	0.02335	0.01166	0.01282	0.00913	0.00699	0.00602	0.00175	0.01028	0.00466	0.00428	0.00855
32	0.02021	0.01212	0.01392	0.01254	0.05413	0.05473	0.00938	0.15991	0.01960	0.25031	0.13595	0.04136	0.02268	0.00901	0.00640	0.00192	0.00548	0.02319	0.13828	0.00889
33	0.01375	0.00921	0.01172	0.10914	0.01644	0.00982	0.00914	0.07872	0.07698	0.08094	0.06099	0.09132	0.03979	0.07144	0.04964	0.00294	0.00605	0.11028	0.14454	0.00714

[dist]
# distance from previous block
# <min> <max>
2	5

[block]
# block no. 7 follows, 34 sequences, length 27
# corresponding to MSA columns:
# 631-657
name=unknown_H
#
# <colnr> <probs for GDERKNQSTAVLIFYWHMCP>
#	G	D	E	R	K	N	Q	S	T	A	V	L	I	F	Y	W	H	M	C	P
0	0.02002	0.05546	0.04768	0.03783	0.07878	0.32256	0.04366	0.12526	0.01806	0.02121	0.01138	0.01338	0.00915	0.00648	0.00635	0.00169	0.03439	0.00473	0.00379	0.13813
1	0.05005	0.01273	0.03925	0.09549	0.10022	0.04279	0.05506	0.03733	0.03055	0.05988	0.06046	0.05597	0.05264	0.02670	0.00797	0.00218	0.03992	0.11182	0.00459	0.11438
2	0.01737	0.12267	0.08593	0.13334	0.14636	0.09263	0.08870	0.08046	0.05527	0.06475	0.01353	0.01605	0.01048	0.00807	0.03511	0.00225	0.00868	0.00557	0.00384	0.00893
3	0.01510	0.22779	0.03394	0.01181	0.01562	0.05342	0.06070	0.01949	0.09573	0.08417	0.16830	0.07836	0.09051	0.00978	0.00634	0.00191	0.00583	0.00820	0.00515	0.00784
4	0.01380	0.00795	0.00965	0.00862	0.01131	0.00709	0.00667	0.01674	0.04615	0.20113	0.24550	0.07405	0.29958	0.01318	0.00733	0.00211	0.00386	0.01120	0.00685	0.00723
5	0.01631	0.29646	0.35401	0.01526	0.02232	0.09343	0.01710	0.05513	0.03953	0.01934	0.01121	0.01273	0.00878	0.00615	0.00543	0.00177	0.00855	0.00438	0.00312	0.00899
6	0.03960	0.09083	0.11537	0.07691	0.05445	0.01637	0.11217	0.21828	0.01896	0.11274	0.01462	0.01674	0.01087	0.03396	0.00718	0.00207	0.00772	0.00578	0.00467	0.04072
7	0.01330	0.00749	0.00967	0.00861	0.01085	0.00677	0.00658	0.01598	0.01752	0.17451	0.47691	0.04291	0.10192	0.04610	0.00843	0.00221	0.00373	0.01049	0.02905	0.00698
8	0.01084	0.00577	0.00829	0.00829	0.00834	0.00583	0.00545	0.00871	0.00866	0.01160	0.01295	0.02351	0.01340	0.14316	0.05884	0.64771	0.00624	0.00627	0.00301	0.00312
9	0.03650	0.37731	0.14329	0.01474	0.06309	0.05416	0.01361	0.09095	0.04533	0.08698	0.01257	0.01348	0.00983	0.00629	0.00524	0.00170	0.00738	0.00453	0.00386	0.00915
10	0.01051	0.00995	0.04389	0.01703	0.19641	0.00902	0.01039	0.01278	0.01360	0.01833	0.06592	0.30496	0.17541	0.03786	0.00887	0.00242	0.03844	0.01240	0.00499	0.00684
11	0.00850	0.00643	0.00800	0.00900	0.01028	0.00592	0.00687	0.01031	0.01383	0.01760	0.04495	0.34527	0.26526	0.01831	0.00824	0.00258	0.00420	0.20296	0.00599	0.00551
12	0.01450	0.02954	0.58096	0.01803	0.02651	0.01540	0.05092	0.11259	0.01600	0.02313	0.01318	0.01667	0.00991	0.00684	0.00637	0.00208	0.00912	0.03530	0.00339	0.00955
13	0.01634	0.01753	0.15598	0.02267	0.26896	0.03469	0.01565	0.08515	0.07840	0.08359	0.11091	0.02247	0.04338	0.00785	0.00657	0.00199	0.00692	0.00679	0.00473	0.00944
14	0.01830	0.01747	0.20301	0.01617	0.08231	0.04398	0.01429	0.02205	0.01514	0.25356	0.04868	0.05457	0.01631	0.01166	0.06305	0.00275	0.07305	0.02959	0.00502	0.00904
15	0.01245	0.01065	0.01596	0.04558	0.21224	0.01139	0.02968	0.04504	0.01312	0.01815	0.02008	0.18294	0.02155	0.18268	0.01468	0.00323	0.09491	0.05444	0.00422	0.00700
16	0.01759	0.01920	0.09023	0.06869	0.25495	0.15217	0.03398	0.07267	0.10033	0.04265	0.04394	0.01741	0.01301	0.00684	0.00632	0.00191	0.00803	0.00579	0.00412	0.04016
17	0.01732	0.08910	0.21567	0.02216	0.19495	0.09629	0.08317	0.02235	0.04609	0.10061	0.04125	0.01679	0.01227	0.00658	0.00625	0.00193	0.00832	0.00567	0.00389	0.00935
18	0.01556	0.01502	0.09829	0.01315	0.01672	0.07297	0.04041	0.14827	0.01750	0.06650	0.08585	0.13652	0.02381	0.07016	0.00952	0.00249	0.03058	0.08861	0.00523	0.04283
19	0.01730	0.01722	0.10424	0.02086	0.18100	0.05427	0.08709	0.15628	0.06991	0.06902	0.08574	0.02128	0.03531	0.00949	0.03987	0.00237	0.00788	0.00676	0.00481	0.00931
20	0.03656	0.04904	0.13755	0.02025	0.14392	0.14251	0.10179	0.03709	0.01573	0.11813	0.03313	0.04976	0.01286	0.00729	0.00686	0.00195	0.03500	0.00615	0.00412	0.04032
21	0.03770	0.05160	0.06840	0.01664	0.09146	0.13273	0.03958	0.12744	0.08563	0.16230	0.04046	0.06483	0.01608	0.00839	0.00645	0.00200	0.00730	0.02647	0.00530	0.00923
22	0.03973	0.03920	0.05131	0.05304	0.24756	0.14771	0.03196	0.05261	0.05483	0.09184	0.01766	0.04527	0.05294	0.00752	0.00628	0.00191	0.00762	0.00633	0.00429	0.04039
23	0.04107	0.03847	0.08540	0.01806	0.04500	0.08100	0.20518	0.09804	0.10309	0.10631	0.06681	0.02175	0.01620	0.00766	0.00676	0.00206	0.00797	0.03519	0.00491	0.00906
24	0.01869	0.07279	0.09169	0.04037	0.09065	0.15776	0.13799	0.02406	0.09813	0.11691	0.01500	0.01636	0.01124	0.00649	0.00623	0.00186	0.00835	0.00564	0.00425	0.07556
25	0.03781	0.08810	0.16723	0.01794	0.08241	0.16089	0.10757	0.04048	0.05868	0.02028	0.04416	0.04240	0.06079	0.00761	0.00628	0.00191	0.00827	0.00640	0.00387	0.03693
26	0.04065	0.01876	0.05741	0.04473	0.13330	0.23069	0.03748	0.05188	0.06258	0.03993	0.05407	0.08891	0.01702	0.00861	0.00645	0.00195	0.00792	0.03596	0.00435	0.05734

[dist]
# distance from previous block
# <min> <max>
27	243

[block]
# block no. 8 follows, 34 sequences, length 22
# corresponding to MSA columns:
# 1041-1062
name=unknown_I
#
# <colnr> <probs for GDERKNQSTAVLIFYWHMCP>
#	G	D	E	R	K	N	Q	S	T	A	V	L	I	F	Y	W	H	M	C	P
0	0.05296	0.16988	0.19073	0.01500	0.04912	0.10734	0.01407	0.05158	0.03915	0.08267	0.06468	0.01791	0.01405	0.00748	0.00678	0.00190	0.05541	0.02283	0.00408	0.03239
1	0.09344	0.05538	0.14254	0.01525	0.04164	0.11267	0.04379	0.11976	0.15851	0.07725	0.04343	0.01747	0.01359	0.00725	0.00605	0.00194	0.00737	0.00569	0.00484	0.03216
2	0.03861	0.06559	0.11584	0.01624	0.07060	0.03908	0.08273	0.09586	0.13228	0.14657	0.04036	0.03628	0.05603	0.00798	0.00642	0.00199	0.00688	0.00677	0.00520	0.02871
3	0.04331	0.04455	0.16932	0.01441	0.03850	0.09215	0.01309	0.11396	0.16657	0.04000	0.08010	0.04257	0.04443	0.00876	0.00643	0.00202	0.00690	0.03531	0.00502	0.03259
4	0.09325	0.04063	0.23920	0.04722	0.06640	0.09258	0.01512	0.06038	0.13763	0.04822	0.03875	0.01711	0.01275	0.00839	0.03093	0.00225	0.00797	0.00549	0.00421	0.03151
5	0.05954	0.03982	0.04803	0.06182	0.23017	0.09553	0.05184	0.07817	0.08249	0.07026	0.08302	0.01925	0.01579	0.00718	0.00630	0.00193	0.00730	0.00617	0.00450	0.03091
6	0.10731	0.10838	0.16069	0.01562	0.07464	0.08441	0.01361	0.12088	0.09494	0.06903	0.05943	0.01845	0.01441	0.00743	0.00593	0.00194	0.00720	0.02204	0.00461	0.00905
7	0.11543	0.06873	0.07627	0.02360	0.31366	0.03760	0.01478	0.08477	0.06319	0.04800	0.06337	0.03446	0.01463	0.00713	0.00606	0.00194	0.00685	0.00602	0.00426	0.00926
8	0.01002	0.00698	0.00775	0.00762	0.00796	0.00718	0.00451	0.01173	0.07593	0.01388	0.02091	0.04058	0.02314	0.70147	0.03043	0.00588	0.00616	0.00920	0.00416	0.00451
9	0.01833	0.13907	0.04811	0.01817	0.11932	0.14148	0.07532	0.17091	0.01821	0.02305	0.01495	0.01681	0.04655	0.00854	0.03706	0.00210	0.00837	0.00554	0.00407	0.08404
10	0.01106	0.00681	0.01094	0.01002	0.01077	0.00663	0.07127	0.00972	0.00971	0.01287	0.01642	0.07208	0.05070	0.07532	0.02216	0.58326	0.00591	0.00732	0.00330	0.00373
11	0.06349	0.05821	0.10626	0.06752	0.22844	0.07376	0.04921	0.06799	0.06543	0.09661	0.01399	0.01597	0.01066	0.00678	0.00694	0.00199	0.04775	0.00554	0.00410	0.00935
12	0.06238	0.12751	0.12784	0.08626	0.08271	0.07501	0.07019	0.06313	0.03757	0.15078	0.01532	0.04730	0.01188	0.00713	0.00607	0.00194	0.00769	0.00589	0.00438	0.00902
13	0.01437	0.01324	0.05994	0.01667	0.11455	0.01257	0.06734	0.04785	0.24027	0.05439	0.17497	0.03144	0.07031	0.00975	0.00701	0.00213	0.00577	0.04298	0.00572	0.00873
14	0.00968	0.00680	0.00751	0.00745	0.00957	0.00580	0.00553	0.01130	0.01465	0.08458	0.05634	0.18579	0.53933	0.01628	0.00764	0.00224	0.00357	0.01382	0.00619	0.00594
15	0.01115	0.01306	0.12668	0.05148	0.08512	0.03564	0.01155	0.01539	0.07151	0.01919	0.06767	0.31088	0.08188	0.01366	0.00739	0.00233	0.00575	0.05751	0.00507	0.00710
16	0.01943	0.07147	0.09740	0.09913	0.17144	0.13731	0.07773	0.11692	0.01757	0.11003	0.01363	0.01557	0.01018	0.00653	0.00626	0.00191	0.00852	0.00550	0.00415	0.00932
17	0.01051	0.00728	0.00845	0.00801	0.01019	0.00656	0.00605	0.01348	0.05280	0.08631	0.25928	0.10701	0.37094	0.01454	0.00752	0.00215	0.00354	0.01243	0.00655	0.00639
18	0.00897	0.00874	0.07650	0.00959	0.01140	0.00661	0.00789	0.01156	0.01504	0.02076	0.30805	0.35121	0.07288	0.01588	0.00781	0.00234	0.00411	0.04849	0.00613	0.00603
19	0.06629	0.01698	0.09781	0.09877	0.12198	0.01578	0.14593	0.17059	0.08485	0.07202	0.03521	0.01778	0.01244	0.00690	0.00654	0.00205	0.00778	0.00624	0.00462	0.00945
20	0.02068	0.04464	0.02095	0.02226	0.24900	0.10589	0.03495	0.17013	0.05151	0.14799	0.03883	0.01871	0.03049	0.00729	0.00639	0.00192	0.00738	0.00612	0.00507	0.00983
21	0.01585	0.04047	0.09195	0.09064	0.30306	0.06371	0.12978	0.03938	0.01501	0.04032	0.03260	0.01713	0.01149	0.00855	0.04480	0.00243	0.03433	0.00604	0.00347	0.00901

[dist]
# distance from previous block
# <min> <max>
1	4

[block]
# block no. 9 follows, 34 sequences, length 21
# corresponding to MSA columns:
# 1067-1087
name=unknown_J
#
# <colnr> <probs for GDERKNQSTAVLIFYWHMCP>
#	G	D	E	R	K	N	Q	S	T	A	V	L	I	F	Y	W	H	M	C	P
0	0.16222	0.02664	0.47023	0.07550	0.02559	0.04222	0.01906	0.06871	0.01445	0.02297	0.01133	0.01341	0.00820	0.00627	0.00578	0.00202	0.00854	0.00467	0.00326	0.00892
1	0.00896	0.00765	0.01053	0.00985	0.01209	0.00686	0.07535	0.01121	0.01473	0.01847	0.09148	0.14503	0.42150	0.01582	0.00792	0.00236	0.00451	0.12402	0.00579	0.00587
2	0.01938	0.01459	0.01700	0.01398	0.03958	0.03105	0.04468	0.37584	0.02205	0.06356	0.01726	0.07330	0.01492	0.11425	0.01010	0.00248	0.00670	0.00705	0.00550	0.10673
3	0.00924	0.00716	0.01026	0.01211	0.08109	0.00683	0.02691	0.01096	0.01311	0.01782	0.09683	0.46377	0.08081	0.07768	0.03249	0.00296	0.00484	0.01455	0.02470	0.00586
4	0.01478	0.04234	0.17697	0.09306	0.44175	0.01522	0.05384	0.01943	0.01444	0.02056	0.03833	0.01668	0.01145	0.00615	0.00638	0.00197	0.00812	0.00579	0.00321	0.00954
5	0.01577	0.01469	0.02419	0.19887	0.52598	0.01547	0.01885	0.06977	0.01546	0.02152	0.01225	0.01623	0.00993	0.00606	0.00642	0.00197	0.00784	0.00576	0.00336	0.00960
6	0.00867	0.00658	0.00934	0.01202	0.08058	0.00624	0.00736	0.01006	0.01260	0.01695	0.03330	0.69460	0.03954	0.01882	0.00806	0.00255	0.00414	0.01713	0.00572	0.00574
7	0.04079	0.01639	0.07571	0.15369	0.26673	0.01541	0.24182	0.05121	0.01511	0.02121	0.01373	0.01750	0.02815	0.00618	0.00675	0.00206	0.00878	0.00643	0.00338	0.00898
8	0.01713	0.01651	0.02523	0.03641	0.63611	0.06113	0.01882	0.07089	0.01608	0.02222	0.01227	0.01569	0.01017	0.00596	0.00637	0.00190	0.00788	0.00566	0.00345	0.01012
9	0.09446	0.01470	0.02438	0.07033	0.54937	0.01493	0.06847	0.01926	0.01430	0.02149	0.01384	0.01732	0.03636	0.00618	0.00630	0.00197	0.00753	0.00596	0.00337	0.00948
10	0.00945	0.00730	0.00995	0.01120	0.08069	0.00680	0.00730	0.01210	0.01659	0.02298	0.47282	0.16317	0.12720	0.01396	0.00760	0.00213	0.00364	0.01240	0.00642	0.00630
11	0.00955	0.00742	0.01001	0.01209	0.08117	0.00729	0.00782	0.01196	0.03948	0.01853	0.07787	0.44205	0.11735	0.01653	0.00812	0.00243	0.02493	0.05649	0.04279	0.00613
12	0.02060	0.11742	0.02197	0.02170	0.24015	0.17479	0.01383	0.10205	0.05699	0.12564	0.03401	0.01647	0.01240	0.00685	0.00604	0.00183	0.00779	0.00547	0.00453	0.00947
13	0.01543	0.07500	0.21464	0.05279	0.30045	0.01490	0.08021	0.01998	0.01440	0.07225	0.01451	0.07032	0.01224	0.00706	0.00642	0.00200	0.00799	0.00647	0.00359	0.00936
14	0.01112	0.00957	0.01136	0.01106	0.01239	0.08128	0.00859	0.01336	0.01134	0.01567	0.01638	0.02340	0.01503	0.03996	0.59227	0.00860	0.05265	0.00653	0.05343	0.00602
15	0.01432	0.01284	0.05191	0.04101	0.12198	0.01188	0.13428	0.07992	0.06149	0.07002	0.05824	0.13214	0.11693	0.03010	0.00787	0.00229	0.00655	0.03306	0.00507	0.00812
16	0.01759	0.01861	0.16640	0.02145	0.17441	0.06496	0.11055	0.05557	0.03850	0.14271	0.02999	0.03561	0.01320	0.01047	0.06832	0.00271	0.00891	0.00639	0.00437	0.00929
17	0.01441	0.01234	0.04643	0.01599	0.10162	0.03088	0.03700	0.05715	0.01481	0.08500	0.12921	0.08207	0.04993	0.04330	0.05742	0.02434	0.15947	0.02635	0.00477	0.00752
18	0.03368	0.01170	0.08323	0.01215	0.03696	0.01031	0.02798	0.06927	0.11133	0.02144	0.06784	0.14265	0.04228	0.13211	0.04856	0.00328	0.00631	0.07685	0.05498	0.00708
19	0.31738	0.03300	0.01367	0.01109	0.01468	0.04910	0.05290	0.09503	0.03509	0.05599	0.10166	0.07472	0.01879	0.05584	0.00736	0.00224	0.00576	0.00676	0.00491	0.04402
20	0.07767	0.11148	0.13169	0.01381	0.05567	0.10533	0.02675	0.07937	0.01569	0.02189	0.04409	0.05749	0.06608	0.00795	0.00575	0.00178	0.00678	0.00627	0.07730	0.08716

[dist]
# distance from previous block
# <min> <max>
1	20

[block]
# block no. 10 follows, 34 sequences, length 16
# corresponding to MSA columns:
# 1108-1123
name=unknown_K
#
# <colnr> <probs for GDERKNQSTAVLIFYWHMCP>
#	G	D	E	R	K	N	Q	S	T	A	V	L	I	F	Y	W	H	M	C	P
0	0.04231	0.08085	0.10155	0.01477	0.01934	0.08459	0.11343	0.07766	0.10870	0.02267	0.10572	0.03639	0.06413	0.00844	0.00705	0.00196	0.03921	0.00705	0.00461	0.05957
1	0.01591	0.10546	0.09764	0.04407	0.01954	0.03403	0.09232	0.08795	0.09587	0.08748	0.01897	0.07432	0.03340	0.06093	0.08078	0.00308	0.00815	0.00721	0.00460	0.02830
2	0.01519	0.17849	0.26550	0.02050	0.18048	0.06200	0.03426	0.02024	0.04043	0.01983	0.05332	0.01585	0.01228	0.00638	0.00583	0.00181	0.00796	0.00520	0.00335	0.05110
3	0.01526	0.01766	0.12151	0.08359	0.50273	0.01536	0.08923	0.02017	0.03350	0.02083	0.01251	0.01613	0.01006	0.00591	0.00649	0.00199	0.00824	0.00585	0.00321	0.00978
4	0.01452	0.00903	0.01286	0.01214	0.05277	0.00847	0.06148	0.01719	0.04447	0.18207	0.07538	0.14792	0.11934	0.17492	0.01280	0.00308	0.00548	0.03320	0.00574	0.00714
5	0.01383	0.08563	0.06000	0.03552	0.11067	0.03044	0.03397	0.04660	0.03946	0.06905	0.09984	0.09727	0.11316	0.01264	0.03494	0.00246	0.00646	0.09528	0.00507	0.00771
6	0.12639	0.05045	0.06266	0.04383	0.29889	0.04118	0.01451	0.10476	0.04206	0.07970	0.01519	0.01773	0.03043	0.03681	0.00703	0.00211	0.00705	0.00571	0.00426	0.00926
7	0.01450	0.01365	0.02283	0.14113	0.53364	0.01401	0.01793	0.01821	0.01446	0.02007	0.01704	0.02320	0.05783	0.00740	0.00667	0.00205	0.00741	0.05529	0.00353	0.00917
8	0.00990	0.00699	0.00867	0.00970	0.06314	0.00704	0.00532	0.01029	0.00985	0.01329	0.01960	0.03954	0.02216	0.68293	0.06130	0.00611	0.00684	0.00901	0.00384	0.00448
9	0.01958	0.12046	0.07076	0.01540	0.03968	0.28478	0.03793	0.08540	0.01738	0.07481	0.03451	0.02095	0.06113	0.00827	0.00689	0.00190	0.04434	0.04340	0.00425	0.00818
10	0.01559	0.01510	0.02624	0.10672	0.62901	0.01531	0.05778	0.01956	0.01457	0.02065	0.01214	0.01619	0.01006	0.00581	0.00647	0.00196	0.00794	0.00586	0.00317	0.00986
11	0.01654	0.01567	0.02530	0.03502	0.58431	0.04644	0.05782	0.02055	0.03003	0.04708	0.01298	0.01652	0.01068	0.00729	0.02845	0.00220	0.02390	0.00589	0.00346	0.00986
12	0.00842	0.00795	0.06398	0.00945	0.01080	0.00612	0.00732	0.01032	0.01340	0.01810	0.12700	0.57061	0.08630	0.01798	0.00796	0.00247	0.00407	0.01614	0.00589	0.00570
13	0.05258	0.01740	0.02204	0.06063	0.41603	0.15066	0.01642	0.02041	0.03460	0.02006	0.03977	0.01630	0.01174	0.00692	0.00778	0.00199	0.08663	0.00563	0.00345	0.00896
14	0.01730	0.01567	0.06261	0.10493	0.45121	0.01507	0.01762	0.11107	0.01675	0.07820	0.01429	0.04093	0.01156	0.00676	0.00647	0.00198	0.00750	0.00618	0.00403	0.00988
15	0.01246	0.00875	0.01141	0.01018	0.01282	0.00835	0.06084	0.03324	0.08819	0.09301	0.09686	0.13114	0.25363	0.01297	0.00717	0.00217	0.00452	0.04759	0.09767	0.00701

[dist]
# distance from previous block
# <min> <max>
3	6

[block]
# block no. 11 follows, 34 sequences, length 9
# corresponding to MSA columns:
# 1130-1138
name=unknown_L
#
# <colnr> <probs for GDERKNQSTAVLIFYWHMCP>
#	G	D	E	R	K	N	Q	S	T	A	V	L	I	F	Y	W	H	M	C	P
0	0.00972	0.00719	0.00891	0.00850	0.01024	0.00676	0.00646	0.04910	0.01783	0.02445	0.50786	0.09782	0.15761	0.01410	0.00767	0.00214	0.00350	0.04715	0.00677	0.00620
1	0.01610	0.16702	0.20721	0.03414	0.02023	0.07793	0.04257	0.12611	0.01686	0.04199	0.05589	0.06776	0.06283	0.02753	0.00684	0.00203	0.00753	0.00677	0.00424	0.00842
2	0.19633	0.18917	0.08052	0.01842	0.17698	0.13453	0.01326	0.02157	0.01436	0.08359	0.01152	0.01315	0.00911	0.00613	0.00526	0.00179	0.00751	0.00447	0.00368	0.00865
3	0.07612	0.39059	0.22498	0.01384	0.02000	0.14180	0.01455	0.02070	0.01398	0.01777	0.00987	0.01150	0.00817	0.00592	0.00497	0.00166	0.00829	0.00394	0.00294	0.00841
4	0.01232	0.01297	0.08071	0.14313	0.27322	0.01174	0.01441	0.01615	0.03452	0.01915	0.06053	0.10073	0.10088	0.05054	0.03885	0.00266	0.00709	0.00846	0.00407	0.00788
5	0.01278	0.00969	0.07396	0.00959	0.01240	0.00745	0.00823	0.01613	0.01792	0.14379	0.54898	0.04085	0.04884	0.01172	0.00730	0.00203	0.00403	0.01021	0.00687	0.00722
6	0.01515	0.01378	0.02171	0.08596	0.42531	0.01423	0.03907	0.06713	0.08167	0.02270	0.06766	0.04331	0.03550	0.00784	0.00672	0.00204	0.00696	0.02973	0.00424	0.00929
7	0.01013	0.00953	0.07386	0.05044	0.01409	0.00770	0.00893	0.01235	0.01309	0.04214	0.05363	0.47051	0.05164	0.01572	0.00808	0.00237	0.03327	0.04074	0.00534	0.07645
8	0.01430	0.03104	0.03693	0.01300	0.09266	0.00965	0.00917	0.05549	0.06067	0.12415	0.20508	0.13076	0.09440	0.01132	0.00685	0.00205	0.00469	0.00979	0.08024	0.00777

[dist]
# distance from previous block
# <min> <max>
0	39

# created by:
# /home/cegg/simao/soft/augustus-3.2.1/scripts/msa2prfl.pl ./align_prep/EOG090W0DB5.fa
