[name]
unknown

[dist]
# distance from previous block
# <min> <max>
0	34

[block]
# block no. 0 follows, 36 sequences, length 24
# corresponding to MSA columns:
# 34-57
name=unknown_A
#
# <colnr> <probs for GDERKNQSTAVLIFYWHMCP>
#	G	D	E	R	K	N	Q	S	T	A	V	L	I	F	Y	W	H	M	C	P
0	0.23888	0.01087	0.01140	0.01007	0.01319	0.01159	0.00799	0.15945	0.05324	0.09916	0.10228	0.12842	0.05004	0.02802	0.00672	0.00217	0.00492	0.04839	0.00564	0.00756
1	0.03824	0.01294	0.02088	0.20725	0.39005	0.01366	0.03586	0.04347	0.03513	0.04180	0.04806	0.03903	0.03267	0.00691	0.00629	0.00196	0.00706	0.00640	0.00370	0.00863
2	0.04152	0.02038	0.12534	0.05534	0.11679	0.18285	0.14580	0.04029	0.01441	0.01877	0.03015	0.01479	0.00995	0.00702	0.00882	0.00204	0.14906	0.00547	0.00320	0.00803
3	0.33098	0.01159	0.01104	0.00966	0.01322	0.01271	0.00773	0.09569	0.17580	0.06946	0.04425	0.02478	0.15217	0.00878	0.00558	0.00200	0.00472	0.00670	0.00535	0.00778
4	0.01675	0.01237	0.01574	0.15411	0.07006	0.01361	0.01158	0.16463	0.20046	0.10981	0.09365	0.02279	0.03338	0.00993	0.04114	0.00237	0.00646	0.00683	0.00549	0.00884
5	0.01410	0.32150	0.47349	0.01503	0.02275	0.01838	0.01827	0.01932	0.01296	0.01778	0.01021	0.01194	0.00793	0.00569	0.00518	0.00173	0.00823	0.00411	0.00264	0.00874
6	0.01297	0.01169	0.01898	0.05412	0.45187	0.01185	0.01449	0.01643	0.04573	0.01882	0.01793	0.19844	0.01802	0.01145	0.04185	0.02794	0.00678	0.00857	0.00387	0.00819
7	0.02750	0.01133	0.01491	0.01143	0.01627	0.01023	0.00944	0.10355	0.01905	0.67158	0.02356	0.02055	0.01491	0.00769	0.00626	0.00192	0.00547	0.00620	0.00755	0.01060
8	0.00766	0.00545	0.00721	0.00859	0.00894	0.00510	0.00569	0.00869	0.01180	0.01573	0.03368	0.74383	0.04037	0.05380	0.00902	0.00269	0.00372	0.01732	0.00569	0.00500
9	0.05738	0.01735	0.05643	0.01832	0.12198	0.08017	0.07814	0.26545	0.12536	0.09308	0.01574	0.01634	0.01153	0.00692	0.00617	0.00191	0.00725	0.00574	0.00510	0.00964
10	0.00928	0.00661	0.00898	0.01023	0.01141	0.00644	0.00839	0.01136	0.01348	0.01749	0.03482	0.23338	0.09472	0.01784	0.00906	0.03975	0.00501	0.45074	0.00561	0.00540
11	0.00768	0.00554	0.00729	0.00866	0.00916	0.00516	0.00590	0.00886	0.01215	0.01607	0.03588	0.70854	0.07962	0.01922	0.00795	0.00252	0.00368	0.04524	0.00578	0.00510
12	0.01216	0.01147	0.01940	0.68802	0.11789	0.01395	0.01750	0.01626	0.01264	0.01639	0.01114	0.01648	0.00847	0.00616	0.00622	0.00205	0.00821	0.00554	0.00280	0.00724
13	0.07295	0.01385	0.01452	0.01217	0.01593	0.05038	0.00968	0.22943	0.23523	0.12988	0.05825	0.02104	0.01678	0.03809	0.05126	0.00258	0.00647	0.00640	0.00594	0.00916
14	0.00759	0.00542	0.00723	0.00868	0.00904	0.00506	0.00578	0.00868	0.01193	0.01591	0.03434	0.77697	0.04121	0.01952	0.00795	0.00253	0.00361	0.01771	0.00578	0.00506
15	0.01292	0.01107	0.01292	0.00923	0.01477	0.00831	0.00738	0.01569	0.01292	0.02030	0.01107	0.01292	0.00923	0.00461	0.00461	0.00092	0.00461	0.00369	0.00369	0.81912
16	0.01177	0.01107	0.01869	0.76606	0.04291	0.01384	0.01730	0.01592	0.01246	0.01592	0.01107	0.01661	0.00831	0.00623	0.00623	0.00208	0.00831	0.00554	0.00277	0.00692
17	0.00834	0.00625	0.00774	0.00758	0.00907	0.00564	0.00561	0.01076	0.01620	0.02207	0.50316	0.13323	0.21302	0.01421	0.00742	0.00206	0.00307	0.01244	0.00649	0.00564
18	0.03922	0.01300	0.01582	0.01262	0.01630	0.04319	0.10880	0.24948	0.07000	0.04898	0.01721	0.01871	0.01291	0.00707	0.00563	0.00176	0.00588	0.00592	0.29923	0.00826
19	0.00762	0.00562	0.00714	0.00824	0.00895	0.00514	0.00562	0.00889	0.01261	0.01656	0.07799	0.61999	0.15574	0.01854	0.00782	0.00243	0.00350	0.01661	0.00584	0.00514
20	0.26512	0.01247	0.01437	0.02880	0.04898	0.03381	0.03160	0.10012	0.01607	0.30532	0.01690	0.01788	0.01203	0.00893	0.04035	0.00232	0.00636	0.02423	0.00554	0.00879
21	0.02327	0.02970	0.01766	0.01605	0.01926	0.75602	0.01204	0.02488	0.01766	0.01525	0.00963	0.01124	0.00803	0.00642	0.00562	0.00161	0.01124	0.00401	0.00321	0.00722
22	0.00754	0.00604	0.00675	0.00716	0.00867	0.00525	0.00514	0.00907	0.01376	0.01716	0.10519	0.28008	0.47291	0.01670	0.00754	0.00222	0.00328	0.01441	0.00587	0.00525
23	0.01328	0.01158	0.01881	0.63813	0.08552	0.01393	0.01666	0.04276	0.03109	0.05114	0.01223	0.01685	0.00908	0.00635	0.00623	0.00205	0.00797	0.00561	0.00323	0.00749

[dist]
# distance from previous block
# <min> <max>
6	7

[block]
# block no. 1 follows, 36 sequences, length 18
# corresponding to MSA columns:
# 65-82
name=unknown_B
#
# <colnr> <probs for GDERKNQSTAVLIFYWHMCP>
#	G	D	E	R	K	N	Q	S	T	A	V	L	I	F	Y	W	H	M	C	P
0	0.01622	0.01666	0.05149	0.07697	0.34585	0.12398	0.02978	0.03549	0.07054	0.03534	0.01300	0.01554	0.01039	0.00601	0.00588	0.00175	0.00745	0.00525	0.03355	0.09886
1	0.05350	0.06550	0.01836	0.06216	0.07884	0.01443	0.07747	0.14402	0.11897	0.02290	0.02928	0.01881	0.01315	0.04528	0.11770	0.00323	0.03383	0.00597	0.00429	0.07233
2	0.04259	0.03441	0.02459	0.05623	0.62394	0.01515	0.03555	0.01925	0.03177	0.02033	0.01179	0.01532	0.00984	0.00578	0.00644	0.00188	0.02696	0.00550	0.00316	0.00951
3	0.01177	0.01107	0.01869	0.76606	0.04291	0.01384	0.01730	0.01592	0.01246	0.01592	0.01107	0.01661	0.00831	0.00623	0.00623	0.00208	0.00831	0.00554	0.00277	0.00692
4	0.70798	0.01184	0.00994	0.00862	0.01262	0.01327	0.00710	0.02008	0.01167	0.13348	0.01101	0.01175	0.00802	0.00607	0.00421	0.00193	0.00489	0.00380	0.00442	0.00731
5	0.01177	0.01107	0.01869	0.76606	0.04291	0.01384	0.01730	0.01592	0.01246	0.01592	0.01107	0.01661	0.00831	0.00623	0.00623	0.00208	0.00831	0.00554	0.00277	0.00692
6	0.55650	0.01156	0.01094	0.00917	0.01335	0.01235	0.00756	0.02237	0.01304	0.27003	0.01403	0.01386	0.00967	0.00643	0.00467	0.00193	0.00498	0.00435	0.00515	0.00805
7	0.01473	0.01575	0.03334	0.13439	0.03351	0.01525	0.59190	0.01972	0.01448	0.04443	0.01279	0.01693	0.00949	0.00548	0.00715	0.00209	0.01000	0.00705	0.00325	0.00826
8	0.01261	0.01213	0.01712	0.01499	0.01523	0.01664	0.01237	0.01416	0.00964	0.01488	0.01002	0.01597	0.00978	0.01864	0.17938	0.00430	0.60702	0.00572	0.00286	0.00655
9	0.76678	0.01221	0.00985	0.03620	0.01344	0.01416	0.00732	0.04318	0.01133	0.02791	0.00899	0.01053	0.00694	0.00586	0.00403	0.00193	0.00502	0.00353	0.00390	0.00689
10	0.82504	0.01205	0.00916	0.00819	0.01205	0.01398	0.00675	0.01832	0.01060	0.02795	0.00868	0.01012	0.00675	0.00578	0.00386	0.00193	0.00482	0.00337	0.00386	0.00675
11	0.01692	0.62051	0.03055	0.01508	0.12286	0.07279	0.01200	0.01915	0.01322	0.01554	0.00918	0.01088	0.00827	0.00544	0.00443	0.00143	0.00708	0.00370	0.00276	0.00822
12	0.01449	0.01338	0.02126	0.03022	0.52916	0.01380	0.01591	0.01991	0.11879	0.02022	0.01460	0.01873	0.01241	0.04989	0.07769	0.00287	0.00784	0.00606	0.00362	0.00915
13	0.01363	0.01363	0.01908	0.01636	0.01636	0.01908	0.01363	0.01499	0.00954	0.01499	0.00818	0.01363	0.00818	0.01091	0.02045	0.00273	0.76963	0.00545	0.00273	0.00682
14	0.82504	0.01205	0.00916	0.00819	0.01205	0.01398	0.00675	0.01832	0.01060	0.02795	0.00868	0.01012	0.00675	0.00578	0.00386	0.00193	0.00482	0.00337	0.00386	0.00675
15	0.05402	0.01044	0.01240	0.01004	0.01381	0.04708	0.00805	0.02527	0.01605	0.50077	0.02172	0.02103	0.01479	0.02753	0.00721	0.03679	0.00518	0.00599	0.15292	0.00891
16	0.70535	0.01133	0.00929	0.00868	0.01218	0.01298	0.00723	0.01752	0.01115	0.02659	0.01225	0.01896	0.01102	0.00746	0.00455	0.00207	0.00495	0.10572	0.00413	0.00660
17	0.02106	0.05516	0.01852	0.01537	0.01916	0.58001	0.04785	0.02304	0.01662	0.01621	0.00996	0.01172	0.00827	0.00605	0.00550	0.00152	0.01005	0.00411	0.00326	0.12655

[dist]
# distance from previous block
# <min> <max>
2	6

[block]
# block no. 2 follows, 36 sequences, length 152
# corresponding to MSA columns:
# 89-172,187-254
name=unknown_C
#
# <colnr> <probs for GDERKNQSTAVLIFYWHMCP>
#	G	D	E	R	K	N	Q	S	T	A	V	L	I	F	Y	W	H	M	C	P
0	0.01482	0.01666	0.03421	0.02465	0.03058	0.04217	0.64349	0.01956	0.01451	0.01946	0.01238	0.01655	0.00945	0.00588	0.00783	0.03242	0.01015	0.00704	0.00315	0.03505
1	0.02191	0.02734	0.01682	0.01531	0.01849	0.66512	0.01151	0.02464	0.06768	0.01609	0.01350	0.01460	0.04659	0.00705	0.00576	0.00167	0.01037	0.00470	0.00356	0.00731
2	0.00902	0.00640	0.00880	0.00878	0.00949	0.00704	0.00628	0.01034	0.00991	0.01392	0.04433	0.03058	0.01939	0.29159	0.45794	0.03792	0.01218	0.00760	0.00359	0.00487
3	0.01015	0.00746	0.01005	0.01107	0.01280	0.00730	0.00957	0.01327	0.03052	0.01879	0.03353	0.06562	0.07712	0.01627	0.00827	0.00270	0.00550	0.60653	0.00565	0.04781
4	0.01181	0.01107	0.01848	0.73841	0.04188	0.01364	0.01694	0.01591	0.01248	0.01608	0.01107	0.01648	0.00834	0.00617	0.00617	0.00203	0.00817	0.00547	0.00280	0.03660
5	0.00892	0.00690	0.00846	0.00887	0.01032	0.00636	0.00623	0.01163	0.07149	0.01740	0.03315	0.55063	0.09796	0.01632	0.00733	0.00225	0.00381	0.01459	0.00556	0.11182
6	0.82504	0.01205	0.00916	0.00819	0.01205	0.01398	0.00675	0.01832	0.01060	0.02795	0.00868	0.01012	0.00675	0.00578	0.00386	0.00193	0.00482	0.00337	0.00386	0.00675
7	0.00901	0.00659	0.00981	0.00981	0.01083	0.00761	0.00753	0.01090	0.00988	0.01420	0.01648	0.02473	0.01557	0.06980	0.69449	0.05165	0.01575	0.00669	0.00332	0.00536
8	0.01250	0.03223	0.74875	0.01776	0.02697	0.01447	0.02302	0.01973	0.01315	0.01973	0.01118	0.01315	0.00789	0.00592	0.00592	0.00197	0.00921	0.00460	0.00263	0.00921
9	0.05716	0.01303	0.01353	0.01219	0.01565	0.01506	0.00950	0.03165	0.66700	0.02606	0.02431	0.02257	0.01827	0.00827	0.00614	0.00208	0.00485	0.00681	0.03632	0.00955
10	0.79523	0.01225	0.00951	0.00842	0.01232	0.01418	0.00694	0.04447	0.01130	0.02838	0.00891	0.01030	0.00689	0.00585	0.00394	0.00193	0.00490	0.00346	0.00394	0.00689
11	0.02283	0.02903	0.01864	0.01658	0.01995	0.71779	0.04858	0.02463	0.01750	0.01549	0.00978	0.01152	0.00810	0.00636	0.00571	0.00163	0.01120	0.00419	0.00321	0.00728
12	0.01931	0.02134	0.01717	0.04237	0.01922	0.39868	0.05862	0.05051	0.17144	0.03652	0.03971	0.01771	0.03481	0.00789	0.00674	0.03158	0.00868	0.00563	0.00427	0.00780
13	0.01292	0.01107	0.01292	0.00923	0.01477	0.00831	0.00738	0.01569	0.01292	0.02030	0.01107	0.01292	0.00923	0.00461	0.00461	0.00092	0.00461	0.00369	0.00369	0.81912
14	0.00905	0.00609	0.00703	0.00703	0.00711	0.00617	0.00407	0.00921	0.00913	0.01226	0.01941	0.03957	0.02213	0.72697	0.08507	0.00633	0.00682	0.00889	0.00374	0.00391
15	0.00907	0.00693	0.01034	0.01025	0.01132	0.00820	0.00800	0.01127	0.01000	0.01448	0.01638	0.02408	0.01531	0.04542	0.72946	0.00975	0.04420	0.00663	0.00332	0.00561
16	0.00822	0.00619	0.00853	0.01068	0.05935	0.00583	0.00681	0.00958	0.01231	0.01638	0.03438	0.65417	0.07884	0.01825	0.00782	0.00247	0.00394	0.04521	0.00560	0.00543
17	0.01209	0.01140	0.01927	0.70196	0.10450	0.01393	0.01746	0.01620	0.01261	0.01631	0.01113	0.01651	0.00844	0.00617	0.00622	0.00206	0.00823	0.00554	0.00280	0.00718
18	0.00906	0.00610	0.00694	0.00702	0.00714	0.00608	0.00411	0.00925	0.00946	0.01253	0.02144	0.04275	0.04224	0.72284	0.02992	0.00578	0.00595	0.04354	0.00393	0.00391
19	0.12066	0.01300	0.01555	0.01291	0.06031	0.01227	0.04776	0.13760	0.07106	0.02494	0.01265	0.01406	0.00995	0.00564	0.00517	0.00143	0.00554	0.00455	0.00428	0.42068
20	0.01077	0.00963	0.04044	0.06928	0.11581	0.00995	0.02842	0.01285	0.01100	0.01542	0.01676	0.04762	0.03709	0.09940	0.29825	0.07685	0.06826	0.02268	0.00338	0.00612
21	0.01250	0.03223	0.74875	0.01776	0.02697	0.01447	0.02302	0.01973	0.01315	0.01973	0.01118	0.01315	0.00789	0.00592	0.00592	0.00197	0.00921	0.00460	0.00263	0.00921
22	0.01341	0.01202	0.01334	0.03289	0.01586	0.04642	0.00792	0.01616	0.01315	0.01991	0.01100	0.01295	0.00914	0.00476	0.00471	0.00099	0.00506	0.00376	0.00364	0.75290
23	0.00890	0.00668	0.01001	0.01001	0.01113	0.00779	0.00779	0.01113	0.01001	0.01446	0.01669	0.02448	0.01558	0.04673	0.75634	0.01001	0.01669	0.00668	0.00334	0.00556
24	0.00890	0.00668	0.01001	0.01001	0.01113	0.00779	0.00779	0.01113	0.01001	0.01446	0.01669	0.02448	0.01558	0.04673	0.75634	0.01001	0.01669	0.00668	0.00334	0.00556
25	0.01518	0.01414	0.02444	0.09700	0.58915	0.01425	0.06170	0.01888	0.01411	0.04297	0.01295	0.04353	0.01103	0.00617	0.00632	0.00191	0.00747	0.00613	0.00331	0.00938
26	0.80123	0.01202	0.00944	0.03038	0.01295	0.01397	0.00706	0.01824	0.01066	0.02760	0.00875	0.01031	0.00679	0.00580	0.00393	0.00193	0.00492	0.00344	0.00382	0.00675
27	0.01366	0.01373	0.01963	0.01666	0.01686	0.01898	0.03537	0.01515	0.00970	0.01515	0.00832	0.01373	0.00822	0.01073	0.02004	0.00271	0.74625	0.00551	0.00274	0.00686
28	0.01363	0.01363	0.01908	0.01636	0.01636	0.01908	0.01363	0.01499	0.00954	0.01499	0.00818	0.01363	0.00818	0.01091	0.02045	0.00273	0.76963	0.00545	0.00273	0.00682
29	0.00837	0.00625	0.00829	0.00933	0.00991	0.00627	0.00661	0.01019	0.03329	0.01689	0.07357	0.62242	0.03954	0.01820	0.00854	0.00252	0.04187	0.06684	0.00571	0.00539
30	0.01285	0.01218	0.02065	0.54981	0.25068	0.01413	0.01784	0.01687	0.01297	0.01724	0.01127	0.01626	0.00877	0.00603	0.00621	0.00201	0.00804	0.00554	0.00286	0.00780
31	0.01210	0.01142	0.01929	0.69948	0.10687	0.01393	0.01747	0.01621	0.01262	0.01632	0.01113	0.01650	0.00845	0.00617	0.00622	0.00206	0.00822	0.00554	0.00280	0.00719
32	0.01377	0.02333	0.33773	0.02267	0.03020	0.01521	0.42511	0.01986	0.01405	0.01986	0.01200	0.01526	0.00879	0.00553	0.00675	0.00205	0.00996	0.00619	0.00293	0.00874
33	0.00890	0.00668	0.01001	0.01001	0.01113	0.00779	0.00779	0.01113	0.01001	0.01446	0.01669	0.02448	0.01558	0.04673	0.75634	0.01001	0.01669	0.00668	0.00334	0.00556
34	0.01292	0.01107	0.01292	0.00923	0.01477	0.00831	0.00738	0.01569	0.01292	0.02030	0.01107	0.01292	0.00923	0.00461	0.00461	0.00092	0.00461	0.00369	0.00369	0.81912
35	0.01294	0.01116	0.01340	0.03407	0.03285	0.00864	0.00798	0.01578	0.01294	0.02016	0.01109	0.01310	0.00921	0.00469	0.00470	0.00098	0.00480	0.00379	0.00365	0.77408
36	0.00790	0.00592	0.00733	0.00824	0.00923	0.00541	0.00590	0.00939	0.01305	0.01687	0.08361	0.44631	0.22736	0.03985	0.00851	0.00252	0.00375	0.08785	0.00579	0.00520
37	0.02248	0.01685	0.01802	0.01409	0.01886	0.01876	0.01155	0.61988	0.13277	0.03732	0.01649	0.01618	0.01184	0.00762	0.00625	0.00191	0.00657	0.00582	0.00625	0.01049
38	0.00784	0.00560	0.00751	0.00895	0.00942	0.00527	0.00621	0.00910	0.01217	0.01618	0.03421	0.70649	0.04068	0.01929	0.00802	0.00256	0.00383	0.08578	0.00578	0.00513
39	0.06723	0.01031	0.03592	0.03455	0.08067	0.01052	0.09525	0.01314	0.01212	0.01763	0.02343	0.38283	0.04570	0.01341	0.00924	0.00237	0.12313	0.01165	0.00445	0.00646
40	0.01488	0.10495	0.04936	0.05885	0.08708	0.05661	0.40876	0.01968	0.04083	0.01883	0.01296	0.01738	0.01043	0.00796	0.04536	0.00239	0.00970	0.02253	0.00325	0.00821
41	0.00758	0.00547	0.00718	0.00855	0.00900	0.00507	0.00573	0.00869	0.01205	0.01595	0.03583	0.73993	0.07728	0.01933	0.00792	0.00251	0.00359	0.01748	0.00578	0.00507
42	0.01453	0.01652	0.03603	0.02582	0.03198	0.01549	0.70173	0.01968	0.01464	0.01986	0.01315	0.03577	0.01025	0.00561	0.00737	0.00211	0.01033	0.00761	0.00322	0.00832
43	0.01230	0.01056	0.01582	0.02115	0.30334	0.01067	0.01204	0.03421	0.08775	0.02079	0.12095	0.21879	0.02763	0.01138	0.00700	0.00215	0.00542	0.06536	0.00492	0.00778
44	0.00876	0.00618	0.00836	0.00960	0.01041	0.00607	0.00731	0.01056	0.01259	0.01684	0.03164	0.41264	0.03606	0.06114	0.05165	0.00324	0.00525	0.26753	0.02889	0.00529
45	0.00742	0.00627	0.00641	0.00648	0.00847	0.00527	0.00482	0.00901	0.01418	0.01701	0.08031	0.09643	0.68494	0.01589	0.00739	0.00212	0.00317	0.01333	0.00582	0.00527
46	0.01632	0.72442	0.09009	0.01123	0.01687	0.02384	0.01165	0.01874	0.01270	0.01507	0.00886	0.01025	0.00799	0.00538	0.00415	0.00138	0.00687	0.00343	0.00266	0.00809
47	0.01503	0.01297	0.01420	0.03307	0.03505	0.01493	0.01018	0.03109	0.65512	0.02517	0.02509	0.04580	0.01956	0.00886	0.00644	0.00214	0.00506	0.02457	0.00613	0.00954
48	0.02190	0.18710	0.02082	0.01487	0.01858	0.58081	0.01174	0.04475	0.01697	0.01586	0.00959	0.01109	0.00810	0.00622	0.00530	0.00156	0.01015	0.00392	0.00319	0.00749
49	0.01187	0.01118	0.01888	0.74505	0.06309	0.01387	0.01736	0.01601	0.01251	0.01605	0.01109	0.01658	0.00835	0.00621	0.00623	0.00207	0.00828	0.00554	0.00278	0.00701
50	0.00756	0.00603	0.00678	0.00721	0.00870	0.00525	0.00517	0.00910	0.01376	0.01723	0.11201	0.29256	0.45323	0.01674	0.00755	0.00223	0.00329	0.01447	0.00588	0.00525
51	0.01690	0.75728	0.03210	0.01086	0.01611	0.05129	0.01071	0.01888	0.01284	0.01468	0.00870	0.01004	0.00800	0.00537	0.00406	0.00134	0.00683	0.00336	0.00269	0.00797
52	0.01481	0.01123	0.01297	0.01101	0.01451	0.01160	0.02884	0.08163	0.28373	0.09714	0.07160	0.03121	0.19331	0.00993	0.00682	0.00197	0.02204	0.00823	0.00595	0.08146
53	0.06489	0.05880	0.01864	0.03156	0.04526	0.03895	0.01167	0.50604	0.10592	0.03393	0.01511	0.01532	0.01106	0.00725	0.00598	0.00187	0.00669	0.00548	0.00565	0.00996
54	0.07309	0.01505	0.06813	0.09732	0.42936	0.01413	0.11219	0.01870	0.01396	0.03689	0.03433	0.01737	0.02941	0.00613	0.00622	0.00193	0.00754	0.00595	0.00338	0.00892
55	0.01245	0.01058	0.01242	0.00918	0.01426	0.00802	0.00724	0.01507	0.01283	0.01991	0.01313	0.08030	0.01205	0.00593	0.00491	0.00106	0.00453	0.00493	0.00388	0.74733
56	0.00749	0.00629	0.00651	0.00650	0.00851	0.00531	0.00486	0.00918	0.01444	0.01751	0.12032	0.07719	0.66336	0.01561	0.00738	0.00210	0.00315	0.01311	0.00588	0.00531
57	0.01666	0.78478	0.03265	0.01066	0.01599	0.02465	0.01066	0.01866	0.01266	0.01466	0.00866	0.00999	0.00800	0.00533	0.00400	0.00133	0.00666	0.00333	0.00267	0.00800
58	0.00763	0.00566	0.00713	0.00816	0.00893	0.00516	0.00559	0.00894	0.01276	0.01670	0.08786	0.58768	0.17839	0.01833	0.00780	0.00241	0.00348	0.01639	0.00586	0.00516
59	0.01784	0.01144	0.01389	0.01166	0.01520	0.01187	0.02968	0.11068	0.26067	0.20779	0.18636	0.04976	0.02654	0.00937	0.00662	0.00201	0.00493	0.00797	0.00668	0.00904
60	0.02143	0.01449	0.01652	0.01331	0.01769	0.03745	0.03616	0.26229	0.24886	0.21214	0.03902	0.01994	0.01562	0.00787	0.00633	0.00196	0.00601	0.00639	0.00645	0.01006
61	0.00757	0.00593	0.00678	0.00736	0.00864	0.00523	0.00517	0.00893	0.01318	0.01654	0.07199	0.35617	0.40071	0.04570	0.00851	0.00242	0.00345	0.01483	0.00575	0.00514
62	0.01013	0.00633	0.00694	0.00699	0.00845	0.00608	0.00511	0.03775	0.01404	0.02111	0.10860	0.17057	0.16315	0.03525	0.00681	0.00198	0.00333	0.01006	0.37164	0.00569
63	0.02176	0.02685	0.01900	0.01903	0.11187	0.61446	0.03130	0.02432	0.04367	0.01643	0.01056	0.01236	0.00871	0.00635	0.00576	0.00167	0.01049	0.00441	0.00331	0.00769
64	0.01787	0.01456	0.01543	0.01316	0.01711	0.01661	0.01044	0.23265	0.52750	0.02989	0.02234	0.02084	0.01658	0.00817	0.00631	0.00204	0.00549	0.00663	0.00631	0.01007
65	0.82504	0.01205	0.00916	0.00819	0.01205	0.01398	0.00675	0.01832	0.01060	0.02795	0.00868	0.01012	0.00675	0.00578	0.00386	0.00193	0.00482	0.00337	0.00386	0.00675
66	0.00766	0.00553	0.00725	0.00849	0.00902	0.00513	0.00573	0.00889	0.01243	0.01655	0.08198	0.69015	0.08040	0.01887	0.00788	0.00247	0.00355	0.01704	0.00585	0.00513
67	0.00876	0.00641	0.00896	0.00913	0.01005	0.00697	0.00677	0.01055	0.01088	0.01520	0.07225	0.11859	0.04413	0.15526	0.45727	0.00750	0.01179	0.03022	0.00409	0.00524
68	0.01630	0.08231	0.05842	0.09994	0.22017	0.08778	0.09487	0.05464	0.09378	0.04242	0.01309	0.01556	0.01032	0.00645	0.00690	0.00190	0.05396	0.00550	0.00366	0.03202
69	0.00808	0.00601	0.00711	0.00764	0.00861	0.00552	0.00529	0.00934	0.01263	0.01629	0.09859	0.29774	0.25284	0.18054	0.01284	0.00312	0.00406	0.05336	0.00544	0.00495
70	0.01413	0.07226	0.04469	0.07286	0.15961	0.10649	0.04888	0.05636	0.01384	0.01765	0.01696	0.12582	0.03450	0.13460	0.01122	0.00265	0.04885	0.00771	0.00375	0.00717
71	0.01210	0.01026	0.01192	0.00883	0.01368	0.00784	0.00696	0.01470	0.01317	0.02000	0.05472	0.01961	0.07518	0.02962	0.00582	0.00124	0.00444	0.00507	0.00404	0.68078
72	0.01679	0.39621	0.16404	0.01367	0.01924	0.04138	0.06233	0.02047	0.03369	0.09683	0.01237	0.01473	0.01006	0.00647	0.00594	0.00172	0.04656	0.02560	0.00346	0.00844
73	0.01346	0.01606	0.15280	0.06039	0.02389	0.01308	0.27651	0.05295	0.02727	0.01891	0.01350	0.03553	0.01132	0.00957	0.01060	0.14576	0.04974	0.02851	0.03289	0.00726
74	0.01358	0.01284	0.02039	0.16828	0.39246	0.03360	0.03229	0.01733	0.03536	0.01873	0.01600	0.10971	0.01523	0.00840	0.00701	0.00208	0.03028	0.05455	0.00362	0.00826
75	0.01358	0.01679	0.12829	0.01845	0.02113	0.01737	0.16044	0.01664	0.01128	0.01682	0.01028	0.01594	0.00924	0.00921	0.01528	0.00249	0.47959	0.02684	0.00289	0.00746
76	0.01334	0.00789	0.01050	0.00959	0.01117	0.00839	0.00719	0.03801	0.01192	0.15298	0.01869	0.02771	0.01710	0.24759	0.32290	0.00647	0.04577	0.00717	0.02939	0.00623
77	0.82504	0.01205	0.00916	0.00819	0.01205	0.01398	0.00675	0.01832	0.01060	0.02795	0.00868	0.01012	0.00675	0.00578	0.00386	0.00193	0.00482	0.00337	0.00386	0.00675
78	0.00853	0.00624	0.00740	0.00721	0.00837	0.00577	0.00501	0.01027	0.01424	0.01919	0.36089	0.06570	0.20252	0.23515	0.01439	0.00318	0.00390	0.01122	0.00570	0.00511
79	0.01642	0.01888	0.02645	0.02060	0.02412	0.19510	0.32110	0.01954	0.01375	0.01722	0.01046	0.01444	0.00870	0.00736	0.01117	0.00218	0.25593	0.00593	0.00303	0.00761
80	0.00766	0.00549	0.00729	0.00870	0.00914	0.00513	0.00588	0.00881	0.01205	0.01601	0.03499	0.73912	0.05776	0.01936	0.00796	0.00253	0.00367	0.03759	0.00578	0.00509
81	0.01549	0.01343	0.01443	0.01347	0.03856	0.01548	0.01015	0.03268	0.70884	0.02589	0.02494	0.02300	0.01874	0.00836	0.00633	0.00211	0.00501	0.00700	0.00624	0.00986
82	0.01666	0.78478	0.03265	0.01066	0.01599	0.02465	0.01066	0.01866	0.01266	0.01466	0.00866	0.00999	0.00800	0.00533	0.00400	0.00133	0.00666	0.00333	0.00267	0.00800
83	0.01285	0.08451	0.67858	0.01750	0.02636	0.01522	0.04173	0.01966	0.01316	0.01938	0.01104	0.01304	0.00794	0.00586	0.00583	0.00193	0.00907	0.00459	0.00265	0.00910
84	0.82504	0.01205	0.00916	0.00819	0.01205	0.01398	0.00675	0.01832	0.01060	0.02795	0.00868	0.01012	0.00675	0.00578	0.00386	0.00193	0.00482	0.00337	0.00386	0.00675
85	0.02285	0.01030	0.03202	0.01049	0.01466	0.00867	0.00871	0.04198	0.01720	0.54464	0.06819	0.07718	0.09553	0.00958	0.00654	0.00199	0.00497	0.00798	0.00716	0.00937
86	0.01700	0.67545	0.03059	0.01145	0.01628	0.08289	0.01096	0.01892	0.01286	0.01473	0.00871	0.01032	0.00801	0.00577	0.00517	0.00144	0.05535	0.00352	0.00271	0.00786
87	0.01236	0.09378	0.02993	0.05337	0.08672	0.10502	0.03527	0.01521	0.03811	0.01800	0.09122	0.13147	0.21340	0.01105	0.00651	0.00195	0.00573	0.00938	0.03478	0.00674
88	0.00906	0.00604	0.00680	0.00680	0.00680	0.00604	0.00378	0.00906	0.00906	0.01208	0.01963	0.04077	0.02265	0.78103	0.03171	0.00604	0.00604	0.00906	0.00378	0.00378
89	0.01719	0.03631	0.02280	0.10457	0.38320	0.07860	0.07799	0.02116	0.04085	0.11234	0.01386	0.01641	0.01068	0.00610	0.00614	0.00187	0.00759	0.00567	0.02756	0.00913
90	0.02738	0.01104	0.01467	0.01130	0.01609	0.00986	0.00932	0.06595	0.03887	0.68949	0.02411	0.02094	0.01528	0.00772	0.00627	0.00193	0.00537	0.00625	0.00760	0.01058
91	0.01542	0.01480	0.02529	0.03824	0.74217	0.01480	0.01912	0.01912	0.01419	0.02036	0.01172	0.01542	0.00987	0.00555	0.00617	0.00185	0.00740	0.00555	0.00308	0.00987
92	0.00790	0.00631	0.00707	0.00692	0.00876	0.00548	0.00518	0.00997	0.01542	0.01982	0.31155	0.06969	0.47444	0.01474	0.00737	0.00206	0.00309	0.01255	0.00618	0.00548
93	0.02233	0.06747	0.01782	0.01525	0.01848	0.67970	0.01157	0.02403	0.01716	0.01563	0.01013	0.01179	0.00843	0.00641	0.00547	0.00158	0.01057	0.00407	0.04492	0.00719
94	0.00738	0.00626	0.00636	0.00644	0.00845	0.00525	0.00479	0.00893	0.01408	0.01678	0.06159	0.09811	0.70248	0.01598	0.00740	0.00213	0.00318	0.01339	0.00579	0.00525
95	0.01250	0.03223	0.74875	0.01776	0.02697	0.01447	0.02302	0.01973	0.01315	0.01973	0.01118	0.01315	0.00789	0.00592	0.00592	0.00197	0.00921	0.00460	0.00263	0.00921
96	0.00871	0.00636	0.00817	0.00772	0.00924	0.00583	0.00579	0.01154	0.01737	0.02435	0.68655	0.04758	0.11151	0.01297	0.00735	0.00197	0.00296	0.01141	0.00678	0.00583
97	0.01471	0.01681	0.03676	0.02626	0.03256	0.01576	0.71954	0.01996	0.01471	0.01996	0.01261	0.01681	0.00945	0.00525	0.00735	0.00210	0.01050	0.00735	0.00315	0.00840
98	0.01143	0.00764	0.01119	0.03325	0.01133	0.00910	0.00789	0.01017	0.00869	0.01218	0.01049	0.01787	0.01035	0.01987	0.06066	0.55454	0.19114	0.00549	0.00275	0.00398
99	0.02720	0.01077	0.01444	0.01118	0.01592	0.00954	0.00920	0.03053	0.06104	0.70283	0.02463	0.02133	0.01564	0.00776	0.00627	0.00194	0.00528	0.00631	0.00763	0.01056
100	0.02113	0.01712	0.01802	0.01542	0.06958	0.07410	0.01168	0.47837	0.08251	0.03276	0.01471	0.01514	0.01087	0.00700	0.00600	0.00176	0.00681	0.00537	0.00548	0.10618
101	0.01250	0.03223	0.74875	0.01776	0.02697	0.01447	0.02302	0.01973	0.01315	0.01973	0.01118	0.01315	0.00789	0.00592	0.00592	0.00197	0.00921	0.00460	0.00263	0.00921
102	0.06408	0.01137	0.01456	0.01146	0.01560	0.01053	0.06224	0.09843	0.01484	0.07564	0.01664	0.15493	0.01556	0.00837	0.00652	0.00165	0.04472	0.00704	0.00459	0.36122
103	0.01040	0.00705	0.00905	0.00833	0.01013	0.00665	0.00632	0.01418	0.06013	0.06950	0.65238	0.04359	0.05375	0.01217	0.00722	0.00197	0.00320	0.01071	0.00688	0.00641
104	0.00744	0.00631	0.00642	0.00640	0.00847	0.00529	0.00480	0.00910	0.01439	0.01728	0.10065	0.05922	0.70182	0.01561	0.00736	0.00210	0.00314	0.01305	0.00585	0.00529
105	0.02795	0.01060	0.01446	0.01109	0.01591	0.00916	0.00916	0.03036	0.01783	0.74648	0.02458	0.02121	0.01542	0.00771	0.00627	0.00193	0.00530	0.00627	0.00771	0.01060
106	0.02795	0.01060	0.01446	0.01109	0.01591	0.00916	0.00916	0.03036	0.01783	0.74648	0.02458	0.02121	0.01542	0.00771	0.00627	0.00193	0.00530	0.00627	0.00771	0.01060
107	0.00761	0.00632	0.00665	0.00657	0.00857	0.00536	0.00493	0.00942	0.01478	0.01821	0.17741	0.05769	0.62448	0.01527	0.00736	0.00208	0.00312	0.01283	0.00597	0.00536
108	0.01250	0.03223	0.74875	0.01776	0.02697	0.01447	0.02302	0.01973	0.01315	0.01973	0.01118	0.01315	0.00789	0.00592	0.00592	0.00197	0.00921	0.00460	0.00263	0.00921
109	0.01255	0.01188	0.02011	0.60911	0.19370	0.01405	0.01770	0.01661	0.01283	0.01688	0.01121	0.01635	0.00864	0.00608	0.00622	0.00203	0.00811	0.00554	0.00284	0.00756
110	0.02229	0.02610	0.01678	0.01519	0.01837	0.61534	0.01150	0.06356	0.01793	0.05207	0.01268	0.05336	0.01113	0.00756	0.00590	0.00172	0.01013	0.02714	0.00381	0.00742
111	0.82504	0.01205	0.00916	0.00819	0.01205	0.01398	0.00675	0.01832	0.01060	0.02795	0.00868	0.01012	0.00675	0.00578	0.00386	0.00193	0.00482	0.00337	0.00386	0.00675
112	0.82504	0.01205	0.00916	0.00819	0.01205	0.01398	0.00675	0.01832	0.01060	0.02795	0.00868	0.01012	0.00675	0.00578	0.00386	0.00193	0.00482	0.00337	0.00386	0.00675
113	0.01024	0.00773	0.00969	0.03626	0.01164	0.00770	0.00692	0.05037	0.08113	0.02524	0.59114	0.04216	0.07164	0.01194	0.00716	0.00198	0.00352	0.01045	0.00660	0.00649
114	0.00748	0.00632	0.00648	0.00644	0.00849	0.00531	0.00483	0.00917	0.01448	0.01750	0.11884	0.05886	0.68349	0.01553	0.00736	0.00209	0.00314	0.01299	0.00587	0.00531
115	0.01470	0.01286	0.01545	0.21676	0.02352	0.01515	0.01193	0.04639	0.51805	0.02366	0.02122	0.02123	0.01590	0.00783	0.00631	0.00210	0.00590	0.00660	0.00537	0.00908
116	0.01527	0.01267	0.01357	0.01227	0.01561	0.01447	0.00951	0.03110	0.64984	0.04770	0.04777	0.06283	0.02128	0.00913	0.00645	0.00212	0.00481	0.00770	0.00637	0.00951
117	0.02784	0.01078	0.01457	0.01117	0.01599	0.00942	0.00923	0.04819	0.01813	0.72824	0.02433	0.02105	0.01530	0.00771	0.00626	0.00193	0.00534	0.00625	0.00767	0.01060
118	0.00893	0.00658	0.00951	0.00951	0.01045	0.00752	0.00716	0.01080	0.00987	0.01409	0.01715	0.02701	0.01668	0.16093	0.64364	0.00940	0.01503	0.00705	0.00341	0.00528
119	0.00891	0.00664	0.00981	0.00981	0.01086	0.00768	0.00754	0.01100	0.00995	0.01432	0.01687	0.02549	0.01602	0.09230	0.71137	0.00977	0.01603	0.00682	0.00336	0.00545
120	0.01666	0.78478	0.03265	0.01066	0.01599	0.02465	0.01066	0.01866	0.01266	0.01466	0.00866	0.00999	0.00800	0.00533	0.00400	0.00133	0.00666	0.00333	0.00267	0.00800
121	0.01185	0.01010	0.01449	0.03426	0.01607	0.00875	0.10837	0.01497	0.03039	0.03835	0.08361	0.07661	0.11004	0.04873	0.00754	0.00188	0.00533	0.04321	0.00453	0.33092
122	0.01483	0.03957	0.04196	0.13459	0.04213	0.12281	0.03753	0.01711	0.01179	0.01582	0.00930	0.01376	0.00829	0.00864	0.01374	0.00229	0.42108	0.00517	0.00286	0.03673
123	0.02208	0.01601	0.01710	0.01332	0.01786	0.01767	0.01093	0.62175	0.04683	0.03707	0.01586	0.01613	0.01144	0.00748	0.00602	0.00183	0.00635	0.00567	0.09855	0.01003
124	0.00767	0.00550	0.00728	0.00857	0.00904	0.00512	0.00577	0.00888	0.01235	0.01652	0.08094	0.71307	0.05820	0.01899	0.00790	0.00248	0.00356	0.01719	0.00585	0.00512
125	0.01116	0.00943	0.01484	0.01275	0.01394	0.01065	0.11561	0.01245	0.01050	0.01484	0.01602	0.08267	0.01667	0.21144	0.10371	0.09981	0.18648	0.02693	0.02463	0.00547
126	0.02234	0.00936	0.01240	0.01012	0.01401	0.00816	0.00823	0.02463	0.01676	0.53799	0.05140	0.06723	0.11639	0.00999	0.00660	0.00202	0.00483	0.04232	0.02610	0.00912
127	0.01133	0.00672	0.00899	0.00945	0.01091	0.00622	0.00717	0.01319	0.01399	0.12888	0.09956	0.40696	0.07194	0.01641	0.00775	0.00244	0.00424	0.16155	0.00617	0.00614
128	0.01285	0.01026	0.01379	0.06290	0.18611	0.02767	0.01032	0.03771	0.06230	0.06988	0.17851	0.05212	0.18705	0.01047	0.00673	0.00199	0.00506	0.02462	0.03217	0.00748
129	0.02175	0.20336	0.02110	0.01481	0.01851	0.58781	0.01172	0.02345	0.01651	0.01511	0.00941	0.01095	0.00802	0.00617	0.00525	0.00154	0.01018	0.00386	0.00308	0.00740
130	0.01504	0.01113	0.01306	0.00995	0.01478	0.00949	0.00793	0.04011	0.11018	0.10872	0.07389	0.01808	0.01535	0.00624	0.00531	0.00131	0.00467	0.00512	0.00486	0.52478
131	0.01326	0.05802	0.20734	0.09697	0.23473	0.01392	0.13027	0.01776	0.01354	0.01901	0.01521	0.07900	0.03428	0.00717	0.00632	0.00197	0.00783	0.00672	0.02827	0.00842
132	0.03574	0.01437	0.02448	0.11890	0.62347	0.01470	0.03972	0.01877	0.01392	0.02004	0.01160	0.01546	0.00960	0.00562	0.00615	0.00189	0.00753	0.00555	0.00307	0.00941
133	0.01008	0.00626	0.00763	0.00746	0.00759	0.00637	0.00454	0.00964	0.00913	0.03255	0.01765	0.03501	0.01963	0.58313	0.02918	0.17073	0.02779	0.00814	0.00364	0.00384
134	0.00897	0.00600	0.00682	0.00691	0.00693	0.00598	0.00390	0.00904	0.00923	0.01231	0.02052	0.08531	0.02377	0.73496	0.03028	0.00583	0.00589	0.00958	0.00390	0.00385
135	0.03864	0.02226	0.32815	0.06481	0.23768	0.03598	0.08151	0.04278	0.03084	0.02054	0.01239	0.03418	0.00981	0.00624	0.00614	0.00196	0.00835	0.00555	0.00316	0.00903
136	0.01517	0.01428	0.02203	0.23165	0.43297	0.03649	0.01728	0.06215	0.06855	0.02058	0.01270	0.01618	0.01012	0.00610	0.00619	0.00193	0.00754	0.00562	0.00344	0.00904
137	0.82504	0.01205	0.00916	0.00819	0.01205	0.01398	0.00675	0.01832	0.01060	0.02795	0.00868	0.01012	0.00675	0.00578	0.00386	0.00193	0.00482	0.00337	0.00386	0.00675
138	0.01263	0.08674	0.33035	0.01398	0.01968	0.01216	0.07083	0.01740	0.01484	0.06415	0.22797	0.04168	0.04441	0.00850	0.00639	0.00194	0.00672	0.00730	0.00438	0.00794
139	0.01520	0.01100	0.01315	0.00951	0.01494	0.00843	0.00765	0.01791	0.01366	0.13030	0.01312	0.01418	0.01017	0.00508	0.00486	0.00108	0.00472	0.00408	0.00430	0.69665
140	0.00737	0.00629	0.00634	0.00638	0.00843	0.00525	0.00476	0.00893	0.01414	0.01680	0.06228	0.08087	0.71927	0.01589	0.00738	0.00212	0.00317	0.01328	0.00579	0.00525
141	0.01276	0.01090	0.01275	0.00921	0.01459	0.00821	0.00733	0.01548	0.01289	0.02017	0.01178	0.03596	0.01019	0.00506	0.00471	0.00097	0.00458	0.00411	0.00375	0.79457
142	0.01255	0.01187	0.02022	0.63791	0.11698	0.01415	0.04953	0.03162	0.01311	0.01708	0.01130	0.01646	0.00858	0.00614	0.00627	0.00205	0.00828	0.00562	0.00289	0.00738
143	0.01177	0.01107	0.01869	0.76606	0.04291	0.01384	0.01730	0.01592	0.01246	0.01592	0.01107	0.01661	0.00831	0.00623	0.00623	0.00208	0.00831	0.00554	0.00277	0.00692
144	0.00954	0.00680	0.00939	0.01078	0.01196	0.00673	0.00901	0.01197	0.01370	0.01790	0.03281	0.20517	0.03645	0.04300	0.00925	0.00291	0.00534	0.54608	0.00568	0.00554
145	0.00801	0.00605	0.00751	0.00832	0.00946	0.00547	0.00600	0.00955	0.01308	0.01701	0.07509	0.45687	0.22377	0.01752	0.00774	0.00238	0.00371	0.08691	0.00577	0.02977
146	0.01292	0.01107	0.01292	0.00923	0.01477	0.00831	0.00738	0.01569	0.01292	0.02030	0.01107	0.01292	0.00923	0.00461	0.00461	0.00092	0.00461	0.00369	0.00369	0.81912
147	0.01332	0.01136	0.01327	0.00984	0.01493	0.00940	0.00788	0.03909	0.05601	0.02091	0.01213	0.01398	0.01002	0.00643	0.02841	0.00136	0.02865	0.00410	0.00389	0.69504
148	0.01724	0.01642	0.11520	0.01686	0.02253	0.03579	0.23386	0.04413	0.09947	0.16320	0.01653	0.01851	0.01219	0.00651	0.00635	0.00186	0.00752	0.02408	0.00460	0.13715
149	0.01666	0.78478	0.03265	0.01066	0.01599	0.02465	0.01066	0.01866	0.01266	0.01466	0.00866	0.00999	0.00800	0.00533	0.00400	0.00133	0.00666	0.00333	0.00267	0.00800
150	0.02020	0.03325	0.03443	0.00938	0.01300	0.00845	0.00787	0.02295	0.01614	0.40963	0.10593	0.02415	0.02019	0.00804	0.00576	0.00178	0.00450	0.00658	0.23920	0.00855
151	0.00765	0.00598	0.00694	0.00742	0.00877	0.00527	0.00529	0.00923	0.01381	0.01760	0.14483	0.33099	0.38049	0.01679	0.00759	0.00225	0.00330	0.01463	0.00593	0.00527

[dist]
# distance from previous block
# <min> <max>
0	1

[block]
# block no. 3 follows, 36 sequences, length 36
# corresponding to MSA columns:
# 256-291
name=unknown_D
#
# <colnr> <probs for GDERKNQSTAVLIFYWHMCP>
#	G	D	E	R	K	N	Q	S	T	A	V	L	I	F	Y	W	H	M	C	P
0	0.01506	0.07828	0.51265	0.01546	0.02299	0.01386	0.01848	0.04268	0.01445	0.12579	0.04331	0.04343	0.01235	0.00696	0.00598	0.00194	0.00793	0.00554	0.00377	0.00909
1	0.00923	0.00708	0.01092	0.01059	0.01188	0.00797	0.03647	0.01150	0.01046	0.01485	0.01786	0.02838	0.01718	0.08394	0.63179	0.00896	0.01506	0.05677	0.00353	0.00559
2	0.00890	0.00668	0.01001	0.01001	0.01113	0.00779	0.00779	0.01113	0.01001	0.01446	0.01669	0.02448	0.01558	0.04673	0.75634	0.01001	0.01669	0.00668	0.00334	0.00556
3	0.01943	0.01474	0.01594	0.01328	0.01740	0.01648	0.01071	0.33666	0.35123	0.06514	0.02110	0.02183	0.01596	0.00843	0.00640	0.00203	0.00584	0.04103	0.00633	0.01002
4	0.01933	0.31045	0.05280	0.03338	0.01844	0.07181	0.01168	0.31857	0.02009	0.02551	0.01298	0.05419	0.01092	0.00714	0.00542	0.00169	0.00705	0.00524	0.00440	0.00891
5	0.02091	0.01082	0.01374	0.01022	0.01537	0.00876	0.00833	0.02349	0.01553	0.40622	0.01825	0.01732	0.01252	0.00626	0.00549	0.00146	0.00498	0.00506	0.00583	0.38945
6	0.01697	0.01692	0.17441	0.03941	0.20648	0.01314	0.05339	0.07668	0.06984	0.15934	0.09415	0.02006	0.01648	0.00718	0.00635	0.00194	0.00687	0.00632	0.00476	0.00934
7	0.01859	0.02050	0.01814	0.01753	0.08825	0.34002	0.06286	0.04316	0.21815	0.02003	0.01661	0.02056	0.01384	0.00777	0.00627	0.00192	0.00846	0.06470	0.00437	0.00827
8	0.01177	0.01107	0.01869	0.76606	0.04291	0.01384	0.01730	0.01592	0.01246	0.01592	0.01107	0.01661	0.00831	0.00623	0.00623	0.00208	0.00831	0.00554	0.00277	0.00692
9	0.82504	0.01205	0.00916	0.00819	0.01205	0.01398	0.00675	0.01832	0.01060	0.02795	0.00868	0.01012	0.00675	0.00578	0.00386	0.00193	0.00482	0.00337	0.00386	0.00675
10	0.00890	0.00668	0.01001	0.01001	0.01113	0.00779	0.00779	0.01113	0.01001	0.01446	0.01669	0.02448	0.01558	0.04673	0.75634	0.01001	0.01669	0.00668	0.00334	0.00556
11	0.00759	0.00542	0.00723	0.00868	0.00904	0.00506	0.00578	0.00868	0.01193	0.01591	0.03434	0.77697	0.04121	0.01952	0.00795	0.00253	0.00361	0.01771	0.00578	0.00506
12	0.02761	0.01115	0.01480	0.01134	0.01618	0.00997	0.00937	0.08538	0.01875	0.69018	0.02381	0.02071	0.01504	0.00769	0.00626	0.00192	0.00543	0.00621	0.00759	0.01060
13	0.01782	0.65265	0.03003	0.01160	0.01656	0.15263	0.01090	0.01975	0.01353	0.01476	0.00883	0.01021	0.00800	0.00552	0.00428	0.00138	0.00746	0.00345	0.00276	0.00786
14	0.01292	0.01107	0.01292	0.00923	0.01477	0.00831	0.00738	0.01569	0.01292	0.02030	0.01107	0.01292	0.00923	0.00461	0.00461	0.00092	0.00461	0.00369	0.00369	0.81912
15	0.01291	0.07761	0.65325	0.01793	0.02669	0.01519	0.07240	0.01968	0.01324	0.01943	0.01113	0.01322	0.00801	0.00584	0.00590	0.00194	0.00914	0.00472	0.00267	0.00908
16	0.01614	0.01866	0.19718	0.02886	0.41008	0.01415	0.09333	0.02070	0.01443	0.10679	0.01322	0.01572	0.01002	0.00586	0.00625	0.00192	0.00791	0.00560	0.00354	0.00964
17	0.00799	0.00634	0.00719	0.00697	0.00880	0.00553	0.00523	0.01016	0.01569	0.02036	0.35576	0.05415	0.44479	0.01446	0.00736	0.00204	0.00306	0.01233	0.00625	0.00553
18	0.02361	0.01735	0.07053	0.01403	0.01929	0.01724	0.01219	0.55308	0.02618	0.15842	0.01633	0.01589	0.01122	0.00741	0.00622	0.00189	0.00676	0.00565	0.00623	0.01050
19	0.01256	0.01487	0.13219	0.05722	0.11819	0.01269	0.19639	0.01596	0.01212	0.01714	0.01248	0.01766	0.01055	0.01646	0.16495	0.10318	0.06908	0.00608	0.00300	0.00724
20	0.01325	0.11024	0.55496	0.01787	0.02586	0.01594	0.09868	0.01940	0.01309	0.01897	0.01091	0.01325	0.00809	0.00604	0.00663	0.00196	0.04848	0.00482	0.00270	0.00886
21	0.01177	0.01107	0.01869	0.76606	0.04291	0.01384	0.01730	0.01592	0.01246	0.01592	0.01107	0.01661	0.00831	0.00623	0.00623	0.00208	0.00831	0.00554	0.00277	0.00692
22	0.06663	0.00599	0.00737	0.00843	0.00905	0.00583	0.00567	0.00952	0.01177	0.01674	0.05684	0.62507	0.03761	0.09069	0.00989	0.00280	0.00391	0.01562	0.00549	0.00509
23	0.00956	0.00702	0.00946	0.03001	0.04764	0.00658	0.00685	0.01246	0.01706	0.04045	0.61394	0.04458	0.10597	0.01231	0.00723	0.00197	0.00338	0.01085	0.00649	0.00617
24	0.00759	0.00542	0.00723	0.00868	0.00904	0.00506	0.00578	0.00868	0.01193	0.01591	0.03434	0.77697	0.04121	0.01952	0.00795	0.00253	0.00361	0.01771	0.00578	0.00506
25	0.02687	0.01234	0.01553	0.01191	0.01677	0.01174	0.00984	0.20570	0.02074	0.56704	0.02214	0.01962	0.01420	0.00765	0.00626	0.00191	0.00570	0.00610	0.00734	0.01060
26	0.01471	0.01681	0.03676	0.02626	0.03256	0.01576	0.71954	0.01996	0.01471	0.01996	0.01261	0.01681	0.00945	0.00525	0.00735	0.00210	0.01050	0.00735	0.00315	0.00840
27	0.01542	0.01480	0.02529	0.03824	0.74217	0.01480	0.01912	0.01912	0.01419	0.02036	0.01172	0.01542	0.00987	0.00555	0.00617	0.00185	0.00740	0.00555	0.00308	0.00987
28	0.00891	0.00664	0.00985	0.00985	0.01091	0.00770	0.00759	0.01102	0.00997	0.01435	0.01683	0.02528	0.01593	0.08303	0.72052	0.00982	0.01616	0.00679	0.00336	0.00547
29	0.82504	0.01205	0.00916	0.00819	0.01205	0.01398	0.00675	0.01832	0.01060	0.02795	0.00868	0.01012	0.00675	0.00578	0.00386	0.00193	0.00482	0.00337	0.00386	0.00675
30	0.00890	0.00668	0.01001	0.01001	0.01113	0.00779	0.00779	0.01113	0.01001	0.01446	0.01669	0.02448	0.01558	0.04673	0.75634	0.01001	0.01669	0.00668	0.00334	0.00556
31	0.01427	0.07446	0.23073	0.01800	0.12112	0.03241	0.06483	0.05001	0.18324	0.02174	0.07019	0.02037	0.03400	0.02928	0.00690	0.00206	0.00710	0.00628	0.00419	0.00882
32	0.00770	0.00552	0.00741	0.00872	0.00916	0.00523	0.00590	0.00890	0.01199	0.01609	0.05382	0.71489	0.04033	0.02080	0.04860	0.00292	0.00431	0.01693	0.00568	0.00511
33	0.01305	0.01111	0.01341	0.01084	0.05402	0.00878	0.00803	0.03424	0.01376	0.02114	0.06361	0.01553	0.01287	0.00533	0.00494	0.00107	0.00470	0.00439	0.00395	0.69523
34	0.01458	0.01331	0.02068	0.08653	0.42182	0.03315	0.04826	0.01867	0.04972	0.04649	0.03520	0.02129	0.08403	0.00702	0.00624	0.00186	0.00673	0.00649	0.02509	0.05284
35	0.00786	0.00646	0.00764	0.06176	0.01118	0.00594	0.00604	0.00960	0.01360	0.01692	0.08787	0.22515	0.46247	0.01675	0.03000	0.00243	0.00403	0.01339	0.00555	0.00537

[dist]
# distance from previous block
# <min> <max>
2	10

[block]
# block no. 4 follows, 36 sequences, length 31
# corresponding to MSA columns:
# 302-332
name=unknown_E
#
# <colnr> <probs for GDERKNQSTAVLIFYWHMCP>
#	G	D	E	R	K	N	Q	S	T	A	V	L	I	F	Y	W	H	M	C	P
0	0.01405	0.01120	0.01200	0.01087	0.01386	0.02592	0.00849	0.08310	0.34081	0.04345	0.07356	0.08102	0.11278	0.01057	0.00658	0.00206	0.00472	0.05248	0.05220	0.04028
1	0.01504	0.06165	0.38960	0.01745	0.04341	0.01460	0.12187	0.07488	0.04920	0.07803	0.01558	0.01743	0.03886	0.02681	0.00685	0.00206	0.00821	0.00575	0.00373	0.00900
2	0.01541	0.01201	0.01890	0.43708	0.06407	0.01356	0.06558	0.08314	0.04712	0.11301	0.01486	0.01910	0.01110	0.00689	0.00633	0.00204	0.00752	0.02646	0.02780	0.00803
3	0.01542	0.01480	0.02529	0.03824	0.74217	0.01480	0.01912	0.01912	0.01419	0.02036	0.01172	0.01542	0.00987	0.00555	0.00617	0.00185	0.00740	0.00555	0.00308	0.00987
4	0.01666	0.78478	0.03265	0.01066	0.01599	0.02465	0.01066	0.01866	0.01266	0.01466	0.00866	0.00999	0.00800	0.00533	0.00400	0.00133	0.00666	0.00333	0.00267	0.00800
5	0.01405	0.01104	0.01304	0.00937	0.01485	0.00837	0.00752	0.01679	0.01329	0.07487	0.01209	0.01354	0.00969	0.00485	0.00474	0.00100	0.00467	0.00388	0.00399	0.75837
6	0.01160	0.01085	0.01823	0.73609	0.04157	0.01350	0.01685	0.01563	0.01244	0.01592	0.01199	0.04670	0.00961	0.00676	0.00630	0.00209	0.00812	0.00602	0.00289	0.00685
