[name]
unknown

[dist]
# distance from previous block
# <min> <max>
0	12

[block]
# block no. 0 follows, 29 sequences, length 19
# corresponding to MSA columns:
# 597-615
name=unknown_A
#
# <colnr> <probs for GDERKNQSTAVLIFYWHMCP>
#	G	D	E	R	K	N	Q	S	T	A	V	L	I	F	Y	W	H	M	C	P
0	0.02138	0.01318	0.01497	0.01285	0.01689	0.04853	0.01047	0.14266	0.05134	0.24014	0.05363	0.06728	0.10037	0.01230	0.00778	0.00238	0.00633	0.12566	0.00719	0.04468
1	0.01250	0.00959	0.01028	0.00927	0.01177	0.00925	0.00684	0.13172	0.01814	0.02326	0.08114	0.07260	0.35518	0.17513	0.01416	0.00330	0.00514	0.01215	0.00619	0.03239
2	0.01397	0.01162	0.01350	0.01005	0.01523	0.00903	0.00769	0.01656	0.01397	0.02151	0.01442	0.02051	0.01331	0.13952	0.01086	0.00211	0.00557	0.00533	0.00424	0.65101
3	0.01394	0.01175	0.01417	0.01071	0.01612	0.00939	0.00852	0.01699	0.01417	0.02200	0.01381	0.01715	0.01186	0.01395	0.13443	0.00293	0.00776	0.00483	0.00415	0.65138
4	0.01013	0.00859	0.01430	0.01341	0.01514	0.00800	0.12789	0.01225	0.01433	0.01906	0.03629	0.58293	0.07085	0.01917	0.00893	0.00278	0.00553	0.01787	0.00607	0.00648
5	0.01023	0.01227	0.13571	0.01110	0.01407	0.00813	0.01007	0.01366	0.01682	0.02329	0.30670	0.25780	0.12109	0.01589	0.00832	0.00246	0.00491	0.01398	0.00646	0.00704
6	0.01950	0.01444	0.01508	0.01236	0.01619	0.04613	0.00975	0.30563	0.02249	0.03167	0.01841	0.02254	0.01500	0.08238	0.07006	0.00314	0.00761	0.00662	0.18490	0.09613
7	0.02360	0.09184	0.08054	0.01597	0.02154	0.10429	0.01395	0.38833	0.10094	0.03467	0.01687	0.01728	0.01251	0.00813	0.00670	0.00207	0.00822	0.00604	0.03558	0.01093
8	0.01847	0.01520	0.01627	0.01420	0.01825	0.01724	0.01115	0.14551	0.50488	0.03224	0.10157	0.02790	0.02513	0.01001	0.00735	0.00235	0.00576	0.00831	0.00729	0.01091
9	0.01477	0.01266	0.01477	0.01055	0.01687	0.00949	0.00844	0.01793	0.01477	0.02320	0.01266	0.01477	0.01055	0.00527	0.00527	0.00105	0.00527	0.00422	0.00422	0.79328
10	0.01477	0.01266	0.01477	0.01055	0.01687	0.00949	0.00844	0.01793	0.01477	0.02320	0.01266	0.01477	0.01055	0.00527	0.00527	0.00105	0.00527	0.00422	0.00422	0.79328
11	0.01477	0.01266	0.01477	0.01055	0.01687	0.00949	0.00844	0.01793	0.01477	0.02320	0.01266	0.01477	0.01055	0.00527	0.00527	0.00105	0.00527	0.00422	0.00422	0.79328
12	0.01045	0.00805	0.00974	0.00997	0.01197	0.00724	0.00738	0.03818	0.01549	0.02049	0.04250	0.38692	0.19529	0.01823	0.00844	0.00255	0.00457	0.08706	0.00631	0.10917
13	0.10576	0.39097	0.06291	0.01302	0.01836	0.14809	0.01200	0.02172	0.01577	0.02031	0.06965	0.01568	0.01404	0.00708	0.00538	0.00172	0.00796	0.00483	0.00380	0.06094
14	0.08650	0.01912	0.01864	0.01562	0.01923	0.19937	0.08003	0.15192	0.01905	0.02461	0.01810	0.08981	0.03237	0.10500	0.01163	0.00279	0.04893	0.00784	0.00484	0.04459
15	0.13308	0.16427	0.01612	0.01000	0.01358	0.05238	0.00808	0.01740	0.01475	0.02235	0.10749	0.04365	0.04718	0.11134	0.00994	0.00249	0.00589	0.00713	0.08608	0.12681
16	0.12275	0.16210	0.29509	0.04177	0.02202	0.01647	0.01625	0.01924	0.01377	0.02115	0.01523	0.07949	0.01391	0.05342	0.07583	0.00330	0.00930	0.00662	0.00367	0.00863
17	0.01720	0.48289	0.25327	0.05457	0.02400	0.02376	0.01714	0.02154	0.01464	0.01869	0.01098	0.01300	0.00912	0.00636	0.00541	0.00180	0.00865	0.00441	0.00304	0.00951
18	0.02059	0.46609	0.11646	0.01455	0.02086	0.10264	0.01433	0.12952	0.01826	0.02211	0.01155	0.01295	0.00961	0.00671	0.00546	0.00175	0.00859	0.00450	0.00377	0.00969

[dist]
# distance from previous block
# <min> <max>
2	16

[block]
# block no. 1 follows, 29 sequences, length 11
# corresponding to MSA columns:
# 643-653
name=unknown_B
#
# <colnr> <probs for GDERKNQSTAVLIFYWHMCP>
#	G	D	E	R	K	N	Q	S	T	A	V	L	I	F	Y	W	H	M	C	P
0	0.01407	0.33335	0.07611	0.01149	0.01517	0.01687	0.01040	0.01622	0.01329	0.01695	0.01933	0.16975	0.02079	0.14721	0.08661	0.00386	0.00821	0.00885	0.00408	0.00741
1	0.05248	0.20188	0.45364	0.01887	0.02773	0.01938	0.08847	0.02221	0.01494	0.02166	0.01214	0.01445	0.00917	0.00652	0.00631	0.00210	0.00976	0.00517	0.00314	0.00997
2	0.01171	0.08484	0.01274	0.01006	0.01170	0.01059	0.00740	0.01505	0.08146	0.01790	0.06397	0.08182	0.06429	0.28124	0.20839	0.00633	0.00953	0.00976	0.00483	0.00639
3	0.38011	0.01844	0.01789	0.01475	0.01953	0.13147	0.09104	0.09535	0.08578	0.06266	0.01422	0.01543	0.01070	0.00728	0.00593	0.00218	0.00777	0.00538	0.00498	0.00907
4	0.01474	0.38014	0.10783	0.01256	0.01715	0.01871	0.01214	0.01758	0.01382	0.01770	0.01795	0.16638	0.01851	0.01797	0.13378	0.00367	0.00929	0.00806	0.00391	0.00812
5	0.01553	0.01403	0.01308	0.01191	0.01325	0.13767	0.00842	0.08492	0.01467	0.01823	0.01828	0.03310	0.01924	0.41862	0.07169	0.00541	0.08298	0.00831	0.00434	0.00632
6	0.10087	0.01501	0.01670	0.03195	0.01874	0.10328	0.08018	0.05351	0.15620	0.07328	0.02532	0.24589	0.02437	0.01243	0.00752	0.00244	0.00697	0.01082	0.00591	0.00864
7	0.07063	0.13166	0.09220	0.01389	0.01890	0.01711	0.01254	0.18914	0.09181	0.10845	0.03675	0.11622	0.01985	0.01045	0.00694	0.00225	0.00685	0.03844	0.00601	0.00990
8	0.15080	0.12697	0.09374	0.01432	0.01991	0.01554	0.08847	0.05841	0.01745	0.15357	0.12363	0.02221	0.02005	0.00816	0.00648	0.00206	0.00698	0.00672	0.00546	0.05907
9	0.17771	0.30026	0.02338	0.03013	0.01809	0.08157	0.01100	0.07995	0.06133	0.07114	0.01822	0.01874	0.06644	0.00793	0.00565	0.00194	0.00715	0.00559	0.00469	0.00909
10	0.01587	0.41424	0.09859	0.01227	0.01729	0.01997	0.01199	0.04529	0.01516	0.01888	0.02128	0.07891	0.08431	0.05914	0.02731	0.00252	0.00748	0.03708	0.00410	0.00833

[dist]
# distance from previous block
# <min> <max>
173	435

[block]
# block no. 2 follows, 29 sequences, length 13
# corresponding to MSA columns:
# 1258-1270
name=unknown_C
#
# <colnr> <probs for GDERKNQSTAVLIFYWHMCP>
#	G	D	E	R	K	N	Q	S	T	A	V	L	I	F	Y	W	H	M	C	P
0	0.04121	0.19751	0.12183	0.01639	0.05270	0.01910	0.04957	0.13950	0.05363	0.04066	0.06132	0.02014	0.01570	0.05359	0.00920	0.00235	0.05044	0.00632	0.00467	0.04418
1	0.03034	0.17619	0.10024	0.08809	0.07633	0.09879	0.09262	0.02091	0.04786	0.02052	0.04093	0.02641	0.11506	0.00899	0.00686	0.00213	0.00844	0.02632	0.00421	0.00876
2	0.01608	0.10183	0.16515	0.01603	0.06155	0.01513	0.03611	0.11427	0.01858	0.05177	0.13694	0.05086	0.07899	0.01216	0.04124	0.00262	0.03275	0.00827	0.03058	0.00909
3	0.01598	0.18939	0.11014	0.01370	0.04878	0.03662	0.01187	0.03899	0.11200	0.03777	0.02303	0.02678	0.08438	0.10913	0.01029	0.00262	0.00691	0.00717	0.06933	0.04511
4	0.01928	0.30610	0.12828	0.01565	0.02150	0.14992	0.05931	0.02438	0.08263	0.05044	0.03512	0.01860	0.04499	0.00767	0.00615	0.00193	0.00874	0.00581	0.00416	0.00934
5	0.01917	0.32801	0.07430	0.01262	0.01776	0.05102	0.01167	0.06011	0.01661	0.11412	0.01825	0.12178	0.01659	0.00915	0.00604	0.00190	0.00697	0.00714	0.04937	0.05742
6	0.01810	0.43624	0.16917	0.01568	0.02196	0.06702	0.04723	0.02250	0.04614	0.01888	0.01160	0.01365	0.00980	0.00699	0.00698	0.00190	0.06874	0.00476	0.00330	0.00937
7	0.01033	0.00694	0.00794	0.00788	0.00805	0.00689	0.00455	0.01066	0.01131	0.01525	0.08892	0.04724	0.02993	0.67778	0.03352	0.00645	0.00656	0.01060	0.00466	0.00455
8	0.25181	0.10959	0.01725	0.01220	0.01672	0.01763	0.01013	0.13883	0.16522	0.07976	0.01793	0.01843	0.01359	0.00988	0.03739	0.00252	0.00670	0.00580	0.05901	0.00961
9	0.01719	0.41969	0.24471	0.01473	0.02173	0.06960	0.01614	0.02127	0.01518	0.01881	0.01600	0.01735	0.06626	0.00737	0.00570	0.00185	0.00855	0.00524	0.00337	0.00925
10	0.01085	0.05762	0.00992	0.00838	0.00895	0.00814	0.00528	0.01096	0.01115	0.01458	0.02477	0.11158	0.05805	0.53320	0.02941	0.07072	0.00646	0.01076	0.00446	0.00477
11	0.01988	0.10172	0.19546	0.06857	0.06895	0.01719	0.11986	0.10854	0.01864	0.14336	0.01741	0.02139	0.01324	0.00791	0.00711	0.00223	0.00889	0.04442	0.00489	0.01035
12	0.08728	0.21077	0.12428	0.01558	0.03941	0.06668	0.03280	0.06255	0.01594	0.09562	0.01428	0.01729	0.01161	0.03598	0.07838	0.00314	0.06941	0.00559	0.00422	0.00919

[dist]
# distance from previous block
# <min> <max>
12	146

[block]
# block no. 3 follows, 29 sequences, length 22
# corresponding to MSA columns:
# 1488-1509
name=unknown_D
#
# <colnr> <probs for GDERKNQSTAVLIFYWHMCP>
#	G	D	E	R	K	N	Q	S	T	A	V	L	I	F	Y	W	H	M	C	P
0	0.07485	0.06880	0.12875	0.01839	0.11761	0.08522	0.01433	0.04075	0.04832	0.03524	0.01660	0.05897	0.02741	0.06862	0.01020	0.00248	0.06665	0.00673	0.00423	0.10587
1	0.07554	0.06199	0.09144	0.01596	0.06496	0.06013	0.03907	0.14489	0.05224	0.02751	0.08781	0.05091	0.06260	0.00905	0.00675	0.00201	0.00710	0.00739	0.00523	0.12741
2	0.02156	0.06635	0.05225	0.01883	0.07768	0.06541	0.10013	0.15893	0.06090	0.14227	0.03951	0.04828	0.01574	0.00845	0.00759	0.00213	0.03230	0.00713	0.00563	0.06894
3	0.07593	0.15156	0.03570	0.01527	0.01946	0.09734	0.09396	0.03627	0.03854	0.06130	0.03119	0.07013	0.01580	0.01079	0.03012	0.02078	0.07655	0.02521	0.03067	0.06345
4	0.01959	0.27044	0.08084	0.01462	0.03516	0.12542	0.01286	0.09950	0.06413	0.04938	0.05801	0.04011	0.04557	0.00841	0.00622	0.00190	0.00785	0.00633	0.00473	0.04893
5	0.01824	0.18968	0.12894	0.01730	0.07210	0.14996	0.05198	0.04387	0.01723	0.04028	0.07266	0.04647	0.03834	0.00833	0.00647	0.00195	0.00843	0.00665	0.03854	0.04257
6	0.05077	0.17626	0.12495	0.02036	0.11154	0.06801	0.09985	0.09183	0.04382	0.07522	0.01621	0.01779	0.03193	0.00724	0.00651	0.00202	0.00861	0.00602	0.00443	0.03663
7	0.04871	0.55608	0.10712	0.01365	0.01978	0.02428	0.04562	0.02067	0.01449	0.01838	0.01260	0.06657	0.01196	0.00738	0.00532	0.00177	0.00780	0.00541	0.00339	0.00900
8	0.06465	0.59625	0.08334	0.01222	0.01824	0.02479	0.01242	0.02049	0.01451	0.01829	0.01514	0.01631	0.06498	0.00714	0.00503	0.00169	0.00738	0.00482	0.00341	0.00890
9	0.10184	0.47399	0.14707	0.01387	0.02034	0.07605	0.01427	0.04606	0.01543	0.02042	0.01073	0.01236	0.00908	0.00644	0.00515	0.00176	0.00828	0.00421	0.00338	0.00926
10	0.01023	0.00685	0.00780	0.00793	0.00796	0.00682	0.00448	0.01032	0.01060	0.01413	0.02368	0.09836	0.02746	0.69584	0.03423	0.00661	0.00670	0.01109	0.00448	0.00442
11	0.36841	0.20057	0.05375	0.01207	0.01751	0.01957	0.01096	0.13277	0.01716	0.09097	0.01289	0.01377	0.00976	0.00701	0.00526	0.00202	0.00672	0.00464	0.00485	0.00934
12	0.01965	0.69593	0.03593	0.01268	0.01858	0.08409	0.01231	0.02190	0.01493	0.01681	0.00999	0.01154	0.00914	0.00619	0.00472	0.00155	0.00804	0.00387	0.00310	0.00907
13	0.01036	0.00690	0.00777	0.00777	0.00777	0.00690	0.00431	0.01036	0.01036	0.01381	0.02244	0.04660	0.02589	0.74975	0.03624	0.00690	0.00690	0.01036	0.00431	0.00431
14	0.06008	0.07896	0.08601	0.07378	0.02395	0.03229	0.09681	0.04355	0.12904	0.24773	0.02063	0.02065	0.01449	0.00788	0.00685	0.00220	0.00765	0.00668	0.03032	0.01045
15	0.01866	0.38407	0.15633	0.01535	0.02148	0.10791	0.05437	0.05879	0.01613	0.01960	0.01232	0.01609	0.01084	0.07079	0.00831	0.00225	0.00900	0.00516	0.00349	0.00906
16	0.01483	0.01038	0.01052	0.00966	0.01092	0.06575	0.00634	0.05232	0.01391	0.08864	0.05085	0.04018	0.02467	0.53983	0.02799	0.00554	0.00720	0.00944	0.00504	0.00598
17	0.02033	0.01777	0.05969	0.01839	0.07895	0.04022	0.07735	0.22028	0.16183	0.07761	0.04666	0.02480	0.07151	0.00905	0.00729	0.00220	0.00743	0.00768	0.00613	0.04484
18	0.02205	0.08508	0.12075	0.01650	0.02248	0.02027	0.04540	0.38723	0.10339	0.03472	0.01741	0.01917	0.01324	0.04989	0.00857	0.00241	0.00809	0.00653	0.00587	0.01097
19	0.06608	0.05071	0.05112	0.01499	0.01986	0.16663	0.05220	0.07893	0.06484	0.15774	0.05956	0.02001	0.01601	0.00809	0.00704	0.00200	0.02851	0.00626	0.03672	0.09272
20	0.04457	0.05750	0.07396	0.01348	0.01871	0.01511	0.01178	0.15593	0.13322	0.12616	0.06808	0.02211	0.01809	0.01193	0.06431	0.00275	0.00750	0.00666	0.00603	0.14212
21	0.01588	0.03724	0.01930	0.01895	0.14116	0.05338	0.07755	0.02104	0.09535	0.05267	0.14365	0.02944	0.04725	0.07399	0.01024	0.00252	0.03152	0.00825	0.04347	0.07716

[dist]
# distance from previous block
# <min> <max>
12	93

[block]
# block no. 4 follows, 29 sequences, length 25
# corresponding to MSA columns:
# 1612-1636
name=unknown_E
#
# <colnr> <probs for GDERKNQSTAVLIFYWHMCP>
#	G	D	E	R	K	N	Q	S	T	A	V	L	I	F	Y	W	H	M	C	P
0	0.01941	0.14070	0.12916	0.06337	0.06573	0.12307	0.05211	0.12764	0.04448	0.04788	0.04117	0.04611	0.01502	0.04407	0.00816	0.00231	0.00884	0.00668	0.00458	0.00951
1	0.01833	0.02250	0.15842	0.01614	0.02068	0.15885	0.01473	0.13727	0.05171	0.02467	0.04539	0.10039	0.05009	0.01061	0.00937	0.00230	0.10698	0.00797	0.00489	0.03871
2	0.10890	0.01341	0.01799	0.06125	0.25907	0.04223	0.01352	0.02004	0.06691	0.05112	0.06783	0.16629	0.02343	0.04661	0.00865	0.00255	0.00674	0.00955	0.00507	0.00884
3	0.02042	0.02410	0.09893	0.03967	0.06835	0.22750	0.11431	0.09609	0.10864	0.02427	0.01505	0.01701	0.01165	0.00737	0.00726	0.00206	0.02580	0.00605	0.00445	0.08101
4	0.01609	0.00935	0.01185	0.01142	0.04640	0.00847	0.00826	0.01950	0.05069	0.20860	0.20972	0.09306	0.25004	0.01399	0.00799	0.00233	0.00457	0.01196	0.00739	0.00833
5	0.05080	0.12935	0.01865	0.01593	0.10674	0.08499	0.01097	0.02193	0.03954	0.16005	0.02434	0.16109	0.04946	0.05063	0.00845	0.00242	0.00672	0.00915	0.03999	0.00881
6	0.01870	0.07623	0.36090	0.01741	0.02518	0.15911	0.01889	0.05477	0.01716	0.05926	0.01325	0.01491	0.00988	0.00682	0.00638	0.00195	0.00970	0.00504	0.00382	0.12062
7	0.01747	0.08102	0.05916	0.21249	0.24792	0.07636	0.06023	0.07537	0.01714	0.02234	0.01448	0.05746	0.01238	0.00768	0.00699	0.00218	0.00906	0.00683	0.00385	0.00958
8	0.01181	0.00852	0.00944	0.00891	0.01152	0.00779	0.00676	0.03974	0.06041	0.07652	0.14123	0.11791	0.44039	0.01635	0.00825	0.00240	0.00410	0.01382	0.00700	0.00713
9	0.08723	0.08109	0.34115	0.02015	0.09762	0.10104	0.01945	0.07708	0.04492	0.02443	0.01395	0.03585	0.01103	0.00743	0.00650	0.00215	0.00932	0.00570	0.00388	0.01001
10	0.05349	0.16718	0.05775	0.02140	0.17973	0.04743	0.05023	0.10777	0.05556	0.05097	0.01554	0.05153	0.01306	0.00757	0.00640	0.00196	0.00775	0.00629	0.00455	0.09387
11	0.01012	0.00728	0.00846	0.00847	0.01046	0.00636	0.00623	0.01221	0.01680	0.05829	0.20674	0.20489	0.38263	0.01764	0.00849	0.00246	0.00379	0.01521	0.00701	0.00645
12	0.01160	0.00734	0.00907	0.00929	0.01099	0.00655	0.00665	0.01336	0.01575	0.10188	0.11969	0.36444	0.22840	0.04870	0.00972	0.00277	0.00424	0.01600	0.00691	0.00664
13	0.01720	0.11004	0.13770	0.06919	0.19760	0.01841	0.06428	0.05123	0.19545	0.02431	0.01714	0.01908	0.01333	0.00779	0.00733	0.02040	0.00818	0.00645	0.00448	0.01040
14	0.01688	0.02122	0.19002	0.01547	0.02050	0.12636	0.04610	0.07367	0.04612	0.04706	0.04710	0.07371	0.04318	0.07227	0.00969	0.00263	0.00832	0.05847	0.03812	0.04313
15	0.01466	0.01006	0.01173	0.01178	0.01404	0.04220	0.00956	0.04843	0.01699	0.10296	0.03774	0.08718	0.13473	0.10750	0.01225	0.00333	0.00635	0.31489	0.00645	0.00718
16	0.01036	0.00690	0.00777	0.00777	0.00777	0.00690	0.00431	0.01036	0.01036	0.01381	0.02244	0.04660	0.02589	0.74975	0.03624	0.00690	0.00690	0.01036	0.00431	0.00431
17	0.01701	0.01681	0.10256	0.01360	0.02038	0.01234	0.04865	0.09690	0.01734	0.05582	0.01396	0.01573	0.01087	0.00603	0.00593	0.00145	0.00662	0.00496	0.00458	0.52846
18	0.01850	0.07780	0.12425	0.01495	0.01981	0.08408	0.03796	0.12826	0.06198	0.08934	0.04916	0.11028	0.03823	0.01412	0.06828	0.00301	0.00871	0.02159	0.00547	0.02422
19	0.03163	0.06262	0.24640	0.01424	0.02009	0.01399	0.01469	0.06197	0.10878	0.02471	0.08238	0.09201	0.08384	0.01050	0.00708	0.00221	0.00694	0.02195	0.01855	0.07544
20	0.08894	0.04760	0.10192	0.01611	0.05309	0.05874	0.08173	0.04944	0.10138	0.09183	0.02707	0.02721	0.13908	0.00923	0.00691	0.00214	0.00727	0.00769	0.00530	0.07732
21	0.05370	0.06001	0.20656	0.01573	0.02169	0.03415	0.07197	0.09769	0.09201	0.06375	0.05489	0.05866	0.11896	0.01000	0.00720	0.00227	0.00761	0.00835	0.00530	0.00949
22	0.01736	0.04727	0.17838	0.04751	0.07767	0.02821	0.07576	0.08687	0.04176	0.08827	0.10081	0.06431	0.02050	0.00902	0.00746	0.00218	0.02106	0.00777	0.02042	0.05738
23	0.05351	0.04525	0.16888	0.01359	0.01930	0.01329	0.03605	0.06055	0.04407	0.05139	0.07896	0.02154	0.02801	0.00793	0.00689	0.00189	0.03411	0.00630	0.10212	0.20639
24	0.01714	0.08556	0.32375	0.01668	0.02375	0.07999	0.04560	0.04661	0.01679	0.07626	0.05061	0.02292	0.03893	0.03591	0.00792	0.00229	0.00886	0.03149	0.00434	0.06459

[dist]
# distance from previous block
# <min> <max>
1	11

[block]
# block no. 5 follows, 29 sequences, length 49
# corresponding to MSA columns:
# 1649-1676,1678-1698
name=unknown_F
#
# <colnr> <probs for GDERKNQSTAVLIFYWHMCP>
#	G	D	E	R	K	N	Q	S	T	A	V	L	I	F	Y	W	H	M	C	P
0	0.01518	0.10930	0.13294	0.04656	0.02061	0.01502	0.06527	0.09894	0.04344	0.02332	0.05208	0.02628	0.06772	0.07018	0.11508	0.00382	0.00935	0.00745	0.03588	0.04159
1	0.05376	0.06354	0.07670	0.01501	0.04836	0.06947	0.06941	0.04187	0.01704	0.08326	0.12214	0.13555	0.08493	0.04943	0.00901	0.00255	0.00695	0.03724	0.00559	0.00817
2	0.10419	0.04460	0.02060	0.01980	0.14145	0.01455	0.11044	0.05458	0.10142	0.05166	0.02563	0.07375	0.10460	0.01454	0.08370	0.00327	0.00836	0.00869	0.00511	0.00905
3	0.01923	0.01553	0.05412	0.04718	0.13941	0.04331	0.03613	0.09233	0.05371	0.14693	0.09055	0.04049	0.05297	0.03515	0.00886	0.00233	0.03582	0.00786	0.00572	0.07237
4	0.01327	0.06503	0.06682	0.04382	0.05421	0.01169	0.01090	0.04282	0.06735	0.04473	0.02983	0.36321	0.05733	0.01517	0.00847	0.00252	0.03644	0.01316	0.04544	0.00780
5	0.01612	0.08636	0.12403	0.04368	0.01933	0.10548	0.03847	0.03999	0.01712	0.07769	0.10557	0.05767	0.15199	0.04631	0.03709	0.00276	0.00793	0.00899	0.00520	0.00822
6	0.01764	0.03043	0.09277	0.01597	0.07679	0.02759	0.01266	0.15226	0.06114	0.08549	0.13529	0.12436	0.02741	0.01115	0.00744	0.00222	0.00649	0.03139	0.00615	0.07537
7	0.03735	0.01689	0.10610	0.03459	0.17527	0.05336	0.03053	0.04002	0.04283	0.02239	0.07554	0.11545	0.05301	0.03647	0.01052	0.00260	0.09880	0.03486	0.00471	0.00869
8	0.01916	0.07536	0.07835	0.04262	0.01912	0.11311	0.01207	0.06645	0.08907	0.14519	0.06161	0.16651	0.02346	0.01327	0.03984	0.00269	0.00780	0.00934	0.00589	0.00910
9	0.10292	0.33391	0.05782	0.01743	0.07932	0.07754	0.06765	0.10245	0.01747	0.02341	0.01320	0.01738	0.01143	0.00734	0.00592	0.00195	0.00832	0.04111	0.00402	0.00942
10	0.05097	0.01896	0.14031	0.10878	0.13763	0.08608	0.01561	0.05209	0.04499	0.02307	0.07510	0.02559	0.06402	0.05842	0.00947	0.00253	0.03296	0.00735	0.03731	0.00878
11	0.01302	0.01267	0.05434	0.01444	0.04403	0.01143	0.09267	0.04907	0.13453	0.02528	0.20423	0.07533	0.21388	0.01291	0.00803	0.00236	0.00573	0.01143	0.00635	0.00827
12	0.01337	0.07211	0.01309	0.04044	0.01323	0.01005	0.00798	0.04136	0.05005	0.01692	0.01959	0.06463	0.04787	0.09694	0.02031	0.38753	0.00632	0.03770	0.00416	0.03634
13	0.13685	0.05971	0.04028	0.02071	0.15425	0.05713	0.12085	0.01968	0.01527	0.05701	0.02226	0.12175	0.07537	0.04100	0.00867	0.00249	0.02464	0.00886	0.00462	0.00859
14	0.07680	0.01960	0.07006	0.01687	0.02094	0.14926	0.09271	0.06398	0.01591	0.02211	0.01308	0.01738	0.01112	0.03327	0.07569	0.00314	0.15275	0.00591	0.02020	0.11923
15	0.00909	0.00653	0.00812	0.00909	0.00973	0.00611	0.00600	0.01028	0.01368	0.01808	0.08374	0.47529	0.11907	0.17344	0.01464	0.00363	0.00460	0.01709	0.00621	0.00556
16	0.11251	0.01597	0.06050	0.14731	0.25887	0.01565	0.06245	0.02225	0.09716	0.02425	0.04368	0.02115	0.03735	0.00758	0.00686	0.00220	0.00778	0.00678	0.00430	0.04539
17	0.02266	0.31803	0.10415	0.01433	0.02058	0.07140	0.01366	0.14777	0.01957	0.14709	0.01503	0.01544	0.01127	0.00717	0.00592	0.00184	0.00797	0.00513	0.00493	0.04606
18	0.00984	0.00784	0.00893	0.00881	0.01092	0.00725	0.00664	0.01364	0.07188	0.02309	0.26797	0.11468	0.36409	0.01664	0.00843	0.00243	0.00385	0.03934	0.00706	0.00667
19	0.01640	0.27066	0.37964	0.01670	0.02473	0.02057	0.01927	0.02455	0.12158	0.02177	0.01438	0.01566	0.01106	0.00700	0.00611	0.00204	0.00879	0.00522	0.00369	0.01018
20	0.01787	0.08371	0.22174	0.01608	0.02202	0.03722	0.06940	0.07452	0.01862	0.12396	0.18380	0.02586	0.02493	0.00925	0.00788	0.00221	0.03829	0.00764	0.00543	0.00957
21	0.02082	0.01405	0.01702	0.12457	0.02313	0.01550	0.01237	0.03398	0.41020	0.20807	0.02623	0.02478	0.01876	0.00905	0.00720	0.00235	0.00634	0.00755	0.00703	0.01098
22	0.01911	0.02150	0.02558	0.02457	0.15497	0.24274	0.17099	0.02242	0.01687	0.02034	0.01485	0.08232	0.01354	0.00842	0.00845	0.00215	0.06562	0.00734	0.00390	0.07432
23	0.02907	0.01258	0.01649	0.01252	0.01817	0.01088	0.01030	0.06341	0.02015	0.57230	0.02518	0.02243	0.01627	0.00826	0.00687	0.00202	0.00602	0.00667	0.00802	0.13239
24	0.00891	0.00642	0.00875	0.01015	0.01070	0.00626	0.00696	0.01035	0.01330	0.01792	0.03614	0.63470	0.04259	0.02710	0.11878	0.00421	0.00643	0.01830	0.00618	0.00587
25	0.01832	0.11444	0.08565	0.01539	0.04301	0.10879	0.01302	0.13005	0.15724	0.02641	0.08522	0.02961	0.07580	0.01018	0.00711	0.00220	0.00745	0.05502	0.00563	0.00948
26	0.01011	0.00750	0.01067	0.01061	0.01184	0.00833	0.00804	0.01245	0.01252	0.01773	0.09941	0.03440	0.05156	0.11988	0.54057	0.00956	0.01540	0.00881	0.00444	0.00617
27	0.01827	0.08778	0.03594	0.02634	0.06566	0.12685	0.44342	0.02293	0.01682	0.02115	0.01408	0.04055	0.01155	0.00693	0.00811	0.00225	0.03087	0.00761	0.00364	0.00927
28	0.01217	0.00632	0.00947	0.00947	0.00959	0.00643	0.00643	0.00959	0.00947	0.01275	0.01298	0.02222	0.01286	0.02735	0.09101	0.72165	0.00736	0.00632	0.00316	0.00339
29	0.07510	0.01777	0.01828	0.01669	0.08135	0.12360	0.01214	0.19745	0.03706	0.18107	0.04546	0.04832	0.01614	0.00857	0.00678	0.00204	0.00748	0.00674	0.00617	0.09180
30	0.11176	0.09183	0.02338	0.02126	0.12911	0.34189	0.05119	0.07853	0.01864	0.02247	0.01178	0.01413	0.00967	0.00722	0.00698	0.00200	0.03996	0.00514	0.00393	0.00912
31	0.02707	0.01995	0.02137	0.01638	0.02208	0.02208	0.01353	0.68159	0.03348	0.04488	0.01710	0.01710	0.01211	0.00855	0.00712	0.00214	0.00784	0.00641	0.00712	0.01211
32	0.04119	0.05011	0.17295	0.01491	0.01993	0.07949	0.01408	0.16649	0.04906	0.06715	0.01916	0.10103	0.01660	0.03996	0.00881	0.00241	0.04301	0.00766	0.07663	0.00938
33	0.16867	0.01585	0.01661	0.01414	0.01857	0.01767	0.01167	0.32365	0.14289	0.03555	0.02153	0.02904	0.01815	0.01037	0.00712	0.00240	0.00678	0.12269	0.00653	0.01014
34	0.01906	0.02204	0.02744	0.21103	0.03360	0.25177	0.22290	0.02294	0.01671	0.01928	0.01235	0.01670	0.00978	0.00733	0.00877	0.00227	0.07763	0.00639	0.00346	0.00854
35	0.02043	0.02233	0.02330	0.06036	0.22371	0.25911	0.01690	0.05612	0.01694	0.02050	0.01166	0.01549	0.01000	0.00845	0.01116	0.00230	0.20269	0.00572	0.00363	0.00920
36	0.05857	0.01209	0.01427	0.01222	0.01616	0.01215	0.00981	0.10517	0.13885	0.24712	0.11645	0.06822	0.08843	0.01179	0.00759	0.00236	0.00556	0.05585	0.00753	0.00983
37	0.00889	0.00629	0.00820	0.00964	0.01001	0.00592	0.00632	0.00997	0.01322	0.01763	0.03713	0.65736	0.04443	0.11369	0.01250	0.00340	0.00448	0.01900	0.00632	0.00560
38	0.00902	0.00661	0.00836	0.00922	0.01016	0.00607	0.00635	0.01074	0.01523	0.02033	0.18512	0.46574	0.14286	0.05692	0.01022	0.00289	0.00403	0.01743	0.00676	0.00594
39	0.07801	0.01813	0.02331	0.21313	0.30683	0.11749	0.01805	0.07883	0.01756	0.04322	0.01334	0.01698	0.01050	0.00697	0.00679	0.00215	0.00901	0.00593	0.00398	0.00980
40	0.02991	0.01538	0.01854	0.01422	0.01980	0.01531	0.01174	0.30430	0.02584	0.43296	0.02351	0.02126	0.01533	0.00870	0.00715	0.00218	0.00680	0.00685	0.00811	0.01211
41	0.00866	0.00625	0.00820	0.00977	0.01029	0.00580	0.00654	0.00993	0.01378	0.01824	0.04107	0.70757	0.08346	0.02207	0.00905	0.00286	0.00410	0.01995	0.00661	0.00580
42	0.43652	0.01716	0.01285	0.01139	0.01536	0.15993	0.00903	0.06579	0.01596	0.05754	0.01343	0.01503	0.01034	0.00724	0.00520	0.00204	0.00686	0.00474	0.12546	0.00813
43	0.00842	0.00721	0.00721	0.00721	0.00962	0.00601	0.00541	0.01022	0.01623	0.01924	0.07213	0.06853	0.70244	0.01803	0.00842	0.00240	0.00361	0.01503	0.00661	0.00601
44	0.01904	0.75404	0.03731	0.01218	0.01828	0.02818	0.01218	0.02132	0.01447	0.01675	0.00990	0.01142	0.00914	0.00609	0.00457	0.00152	0.00761	0.00381	0.00305	0.00914
45	0.02518	0.01817	0.02067	0.05025	0.05318	0.01990	0.01380	0.51852	0.05637	0.08543	0.01898	0.02127	0.01417	0.00901	0.00726	0.00222	0.00767	0.03952	0.00687	0.01156
46	0.01345	0.01266	0.02136	0.73264	0.04904	0.01582	0.01978	0.01819	0.01424	0.01819	0.01266	0.01898	0.00949	0.00712	0.00712	0.00237	0.00949	0.00633	0.00316	0.00791
47	0.02660	0.03394	0.02018	0.01834	0.02201	0.72116	0.01376	0.02843	0.02018	0.01743	0.01101	0.01284	0.00917	0.00734	0.00642	0.00183	0.01284	0.00459	0.00367	0.00825
48	0.00842	0.00721	0.00721	0.00721	0.00962	0.00601	0.00541	0.01022	0.01623	0.01924	0.07213	0.06853	0.70244	0.01803	0.00842	0.00240	0.00361	0.01503	0.00661	0.00601

[dist]
# distance from previous block
# <min> <max>
0	20

[block]
# block no. 6 follows, 29 sequences, length 8
# corresponding to MSA columns:
# 1719-1722,1727-1730
name=unknown_G
#
# <colnr> <probs for GDERKNQSTAVLIFYWHMCP>
#	G	D	E	R	K	N	Q	S	T	A	V	L	I	F	Y	W	H	M	C	P
0	0.00868	0.00620	0.00826	0.00991	0.01033	0.00578	0.00661	0.00991	0.01363	0.01818	0.03925	0.74510	0.04710	0.02231	0.00909	0.00289	0.00413	0.02024	0.00661	0.00578
1	0.01030	0.00710	0.00878	0.00878	0.00913	0.00746	0.00558	0.01101	0.01066	0.01456	0.02151	0.04145	0.02365	0.55733	0.22561	0.00816	0.01027	0.00960	0.00418	0.00488
2	0.80005	0.01377	0.01047	0.00936	0.01377	0.01597	0.00771	0.02093	0.01212	0.03195	0.00991	0.01157	0.00771	0.00661	0.00441	0.00220	0.00551	0.00386	0.00441	0.00771
3	0.01640	0.10199	0.07973	0.01215	0.01845	0.01300	0.01096	0.01980	0.01493	0.06736	0.01319	0.01506	0.01065	0.00610	0.00636	0.00140	0.04307	0.00456	0.00422	0.54062
4	0.01944	0.01763	0.02377	0.25224	0.29304	0.10236	0.01851	0.09367	0.01824	0.07213	0.01432	0.01788	0.01100	0.00712	0.00701	0.00217	0.00908	0.00619	0.00419	0.01000
5	0.01237	0.00618	0.00928	0.00928	0.00928	0.00618	0.00618	0.00928	0.00928	0.01237	0.01237	0.02165	0.01237	0.02474	0.02783	0.79283	0.00618	0.00618	0.00309	0.00309
6	0.02587	0.03142	0.02040	0.01820	0.02179	0.61060	0.01387	0.08532	0.02071	0.01983	0.01143	0.01341	0.00944	0.00780	0.00767	0.00195	0.06294	0.00486	0.00394	0.00856
7	0.07299	0.01544	0.04999	0.01344	0.01833	0.01480	0.01138	0.16264	0.04407	0.02735	0.01430	0.01693	0.01162	0.01200	0.07931	0.00277	0.09731	0.00545	0.00475	0.32515

[dist]
# distance from previous block
# <min> <max>
0	4

[block]
# block no. 7 follows, 29 sequences, length 6
# corresponding to MSA columns:
# 1735-1740
name=unknown_H
#
# <colnr> <probs for GDERKNQSTAVLIFYWHMCP>
#	G	D	E	R	K	N	Q	S	T	A	V	L	I	F	Y	W	H	M	C	P
0	0.02520	0.02426	0.01938	0.01640	0.02082	0.31710	0.01284	0.26238	0.09710	0.06745	0.05421	0.01869	0.01524	0.00850	0.00691	0.00205	0.00938	0.00621	0.00580	0.01008
1	0.01033	0.00759	0.00994	0.01070	0.01236	0.00720	0.00871	0.01320	0.01716	0.02272	0.23011	0.13395	0.15453	0.01822	0.00913	0.00281	0.00496	0.31302	0.00693	0.00644
2	0.01477	0.01266	0.01477	0.01055	0.01687	0.00949	0.00844	0.01793	0.01477	0.02320	0.01266	0.01477	0.01055	0.00527	0.00527	0.00105	0.00527	0.00422	0.00422	0.79328
3	0.01439	0.01347	0.02210	0.52286	0.17160	0.01535	0.01896	0.01887	0.01467	0.01970	0.01280	0.01827	0.00995	0.00677	0.00691	0.00218	0.00884	0.00610	0.00335	0.09285
4	0.01031	0.00708	0.00867	0.00867	0.00898	0.00739	0.00544	0.01094	0.01062	0.01448	0.02161	0.04201	0.02390	0.57838	0.20489	0.00802	0.00990	0.00968	0.00419	0.00482
5	0.03195	0.01212	0.01652	0.01267	0.01818	0.01047	0.01047	0.03470	0.02038	0.71026	0.02809	0.02424	0.01763	0.00881	0.00716	0.00220	0.00606	0.00716	0.00881	0.01212

[dist]
# distance from previous block
# <min> <max>
0	3

[block]
# block no. 8 follows, 29 sequences, length 17
# corresponding to MSA columns:
# 1744-1760
name=unknown_I
#
# <colnr> <probs for GDERKNQSTAVLIFYWHMCP>
#	G	D	E	R	K	N	Q	S	T	A	V	L	I	F	Y	W	H	M	C	P
0	0.48031	0.01605	0.01466	0.01215	0.01699	0.01824	0.00998	0.25609	0.05948	0.03640	0.01358	0.01440	0.01009	0.00748	0.00554	0.00219	0.00634	0.00501	0.00554	0.00948
1	0.01375	0.00825	0.00986	0.00929	0.01041	0.00818	0.00609	0.05263	0.01337	0.10106	0.02469	0.12554	0.02626	0.49660	0.05909	0.00578	0.00708	0.01080	0.00528	0.00599
2	0.02345	0.14832	0.02236	0.01514	0.02010	0.13304	0.04638	0.10983	0.17209	0.18069	0.04378	0.02052	0.01638	0.00831	0.00671	0.00207	0.00778	0.00652	0.00609	0.01045
3	0.01477	0.01266	0.01477	0.01055	0.01687	0.00949	0.00844	0.01793	0.01477	0.02320	0.01266	0.01477	0.01055	0.00527	0.00527	0.00105	0.00527	0.00422	0.00422	0.79328
4	0.00868	0.00620	0.00826	0.00991	0.01033	0.00578	0.00661	0.00991	0.01363	0.01818	0.03925	0.74510	0.04710	0.02231	0.00909	0.00289	0.00413	0.02024	0.00661	0.00578
5	0.01558	0.02847	0.40998	0.02748	0.17218	0.01697	0.18223	0.02247	0.01570	0.02276	0.01330	0.01657	0.00992	0.00649	0.00722	0.00226	0.01045	0.00624	0.00326	0.01046
6	0.01477	0.01266	0.01477	0.01055	0.01687	0.00949	0.00844	0.01793	0.01477	0.02320	0.01266	0.01477	0.01055	0.00527	0.00527	0.00105	0.00527	0.00422	0.00422	0.79328
7	0.01135	0.01015	0.01692	0.01431	0.01735	0.00938	0.16865	0.01473	0.01715	0.02274	0.21503	0.12464	0.20275	0.01492	0.00869	0.00254	0.00605	0.10930	0.00620	0.00712
8	0.01705	0.01633	0.02787	0.13842	0.61511	0.01677	0.02157	0.02135	0.01594	0.02257	0.01329	0.01781	0.01103	0.00645	0.00706	0.00215	0.00860	0.00634	0.00348	0.01082
9	0.02404	0.01485	0.02055	0.01574	0.02135	0.01433	0.10823	0.11499	0.15036	0.29999	0.02276	0.02175	0.01575	0.00805	0.00710	0.00211	0.00697	0.00702	0.00691	0.11714
10	0.01821	0.04385	0.10311	0.01665	0.04852	0.03506	0.06114	0.22388	0.10046	0.02975	0.07135	0.10691	0.05436	0.01041	0.00737	0.00223	0.00728	0.00885	0.00584	0.04475
11	0.02144	0.01719	0.02054	0.01619	0.02111	0.07700	0.10605	0.25726	0.08337	0.10168	0.06145	0.04501	0.08515	0.00969	0.00743	0.00218	0.00761	0.00823	0.00635	0.04505
12	0.02092	0.08864	0.09581	0.01494	0.02056	0.01679	0.04549	0.18288	0.14502	0.14331	0.02424	0.04682	0.06428	0.00920	0.00699	0.00215	0.00706	0.00751	0.00621	0.05119
13	0.05131	0.01928	0.04993	0.01532	0.02000	0.15622	0.05548	0.13083	0.14713	0.07027	0.08363	0.04210	0.04105	0.00914	0.00702	0.00210	0.00775	0.00742	0.00582	0.07820
14	0.05490	0.01686	0.04298	0.01627	0.02156	0.04990	0.13314	0.18367	0.08272	0.05644	0.04357	0.04918	0.04388	0.00856	0.00699	0.00205	0.00750	0.00746	0.03377	0.13860
15	0.06727	0.01467	0.01899	0.01590	0.03842	0.03676	0.08869	0.08932	0.11909	0.08168	0.09169	0.07067	0.02113	0.00968	0.00878	0.00221	0.08275	0.00799	0.00567	0.12865
16	0.05286	0.01627	0.06430	0.01388	0.01873	0.03699	0.03276	0.16168	0.13018	0.05675	0.05738	0.05114	0.08657	0.00971	0.00756	0.00209	0.03434	0.00780	0.00587	0.15314

[dist]
# distance from previous block
# <min> <max>
11	44

[block]
# block no. 9 follows, 29 sequences, length 7
# corresponding to MSA columns:
# 1835-1841
name=unknown_J
#
# <colnr> <probs for GDERKNQSTAVLIFYWHMCP>
#	G	D	E	R	K	N	Q	S	T	A	V	L	I	F	Y	W	H	M	C	P
0	0.01795	0.10025	0.17740	0.11894	0.02556	0.12057	0.01590	0.09573	0.10481	0.02361	0.03848	0.01990	0.01419	0.05514	0.00851	0.00239	0.00880	0.00619	0.00442	0.04126
1	0.01649	0.11763	0.08912	0.01487	0.06640	0.03786	0.01194	0.02281	0.17790	0.06931	0.05841	0.02657	0.08491	0.01248	0.01092	0.15464	0.00667	0.00745	0.00512	0.00853
2	0.12523	0.01134	0.05609	0.06263	0.01610	0.01030	0.00975	0.05534	0.01811	0.02684	0.31097	0.04499	0.13656	0.01302	0.00769	0.00236	0.00519	0.07374	0.00635	0.00740
3	0.01571	0.25611	0.02167	0.01093	0.01672	0.01537	0.00950	0.01861	0.01520	0.02161	0.07930	0.01743	0.01564	0.00645	0.00535	0.00132	0.00586	0.00493	0.00419	0.45810
4	0.02275	0.04290	0.06631	0.01527	0.06589	0.01394	0.01226	0.14851	0.04845	0.25500	0.02354	0.02281	0.06354	0.00837	0.00675	0.00197	0.00658	0.00675	0.00641	0.16201
5	0.01982	0.01571	0.06201	0.01291	0.01624	0.12945	0.01060	0.02244	0.01770	0.21750	0.19194	0.03176	0.02877	0.12289	0.01295	0.00294	0.06122	0.00846	0.00620	0.00849
6	0.07727	0.02187	0.21988	0.01931	0.02626	0.01611	0.18503	0.10905	0.05334	0.12252	0.06449	0.02063	0.01567	0.00776	0.00725	0.00227	0.00881	0.00704	0.00515	0.01028

[dist]
# distance from previous block
# <min> <max>
58	311

[block]
# block no. 10 follows, 29 sequences, length 15
# corresponding to MSA columns:
# 2309-2323
name=unknown_K
#
# <colnr> <probs for GDERKNQSTAVLIFYWHMCP>
#	G	D	E	R	K	N	Q	S	T	A	V	L	I	F	Y	W	H	M	C	P
0	0.01611	0.28444	0.18285	0.23686	0.10805	0.02054	0.01875	0.02070	0.01472	0.01923	0.01178	0.01523	0.00946	0.00658	0.00612	0.00201	0.00893	0.00519	0.00313	0.00932
1	0.01117	0.00813	0.01105	0.01138	0.05033	0.00821	0.03854	0.01224	0.01150	0.01597	0.02173	0.06396	0.02362	0.51971	0.11481	0.00654	0.00844	0.00983	0.04743	0.00540
2	0.22233	0.18336	0.05026	0.01332	0.01857	0.09148	0.01166	0.11517	0.09193	0.11605	0.01556	0.01584	0.01165	0.00746	0.00579	0.00203	0.00735	0.00521	0.00522	0.00976
3	0.01561	0.17751	0.23430	0.24137	0.03180	0.01898	0.01871	0.02352	0.12961	0.02118	0.01488	0.01747	0.01135	0.00723	0.00649	0.00216	0.00875	0.00576	0.00378	0.00954
4	0.09331	0.05236	0.01246	0.00966	0.01188	0.00996	0.03548	0.01399	0.01229	0.01853	0.05589	0.03510	0.02224	0.43979	0.02350	0.00473	0.00657	0.00839	0.00440	0.12948
5	0.01457	0.01422	0.02617	0.02145	0.04981	0.01392	0.30326	0.01985	0.05568	0.02260	0.05531	0.07636	0.02381	0.01133	0.00927	0.00259	0.04579	0.17510	0.00495	0.05394
6	0.04291	0.01716	0.05801	0.01470	0.01979	0.01727	0.01243	0.26149	0.25324	0.09472	0.05205	0.02409	0.01880	0.00922	0.00711	0.00223	0.00664	0.02711	0.00685	0.05418
7	0.01712	0.00977	0.01227	0.01095	0.01376	0.00931	0.00847	0.09488	0.01968	0.19215	0.23862	0.15558	0.07655	0.05712	0.00977	0.00267	0.00507	0.05050	0.00744	0.00831
8	0.01517	0.01280	0.01901	0.08157	0.05147	0.01247	0.11597	0.09849	0.01777	0.02550	0.09305	0.11492	0.02233	0.00966	0.00742	0.00204	0.02209	0.00872	0.08604	0.18352
9	0.01982	0.01336	0.01649	0.01259	0.01803	0.01194	0.03240	0.11339	0.06339	0.17185	0.06232	0.04726	0.01793	0.00800	0.00650	0.00172	0.00588	0.00667	0.00608	0.36437
10	0.01397	0.02404	0.37061	0.01555	0.02267	0.01330	0.01748	0.04975	0.04827	0.02555	0.19531	0.02568	0.02528	0.00883	0.00703	0.00209	0.00758	0.00731	0.00482	0.11486
11	0.01933	0.04347	0.08066	0.03951	0.08361	0.01613	0.04416	0.11553	0.22244	0.10380	0.06317	0.02258	0.01832	0.00835	0.00699	0.00213	0.00696	0.00706	0.00598	0.08980
12	0.01579	0.04035	0.04030	0.01260	0.01617	0.05378	0.03529	0.07237	0.03941	0.08291	0.21532	0.10766	0.08210	0.01214	0.00823	0.00220	0.03694	0.02500	0.00624	0.09522
13	0.01892	0.03626	0.09128	0.13577	0.14600	0.04477	0.04480	0.06621	0.04782	0.13166	0.03584	0.05640	0.01535	0.00813	0.00699	0.00212	0.00792	0.00705	0.00499	0.09172
14	0.04938	0.01095	0.01359	0.01317	0.06431	0.04111	0.04268	0.01724	0.04391	0.06144	0.32999	0.04333	0.17053	0.01248	0.00774	0.00219	0.00509	0.01081	0.00654	0.05354

[dist]
# distance from previous block
# <min> <max>
28	458

# created by:
# /home/cegg/simao/soft/augustus-3.2.1/scripts/msa2prfl.pl ./align_prep/EOG090W0C8B.fa
