[name]
unknown

[dist]
# distance from previous block
# <min> <max>
0	30

[block]
# block no. 0 follows, 26 sequences, length 10
# corresponding to MSA columns:
# 82-91
name=unknown_A
#
# <colnr> <probs for GDERKNQSTAVLIFYWHMCP>
#	G	D	E	R	K	N	Q	S	T	A	V	L	I	F	Y	W	H	M	C	P
0	0.05946	0.11782	0.10394	0.03580	0.05549	0.12380	0.05164	0.12995	0.02045	0.05080	0.02155	0.04501	0.05573	0.01002	0.00734	0.00232	0.00900	0.06566	0.02439	0.00983
1	0.01290	0.01081	0.01337	0.01355	0.04434	0.04212	0.00949	0.01567	0.03794	0.01968	0.07034	0.12696	0.02684	0.16649	0.23944	0.00655	0.06345	0.01034	0.00497	0.06476
2	0.02686	0.02027	0.02165	0.01705	0.02277	0.02260	0.01394	0.53811	0.16159	0.04462	0.02071	0.02021	0.01493	0.00934	0.00761	0.00233	0.00788	0.00717	0.00761	0.01272
3	0.00996	0.00844	0.01039	0.00951	0.01206	0.00737	0.04522	0.01230	0.01759	0.02202	0.17439	0.06528	0.48817	0.07034	0.01114	0.00288	0.00459	0.01482	0.00690	0.00663
4	0.01159	0.00964	0.01046	0.00988	0.01195	0.05368	0.00741	0.01476	0.02071	0.02782	0.52746	0.05674	0.17824	0.01566	0.00881	0.00239	0.00430	0.01354	0.00782	0.00713
5	0.01654	0.15747	0.27161	0.02180	0.07589	0.01890	0.13095	0.04203	0.01658	0.02304	0.03650	0.01963	0.01360	0.01424	0.10531	0.00365	0.01169	0.00665	0.00379	0.01012
6	0.01119	0.00782	0.01141	0.01141	0.01242	0.00883	0.00851	0.01274	0.01173	0.01665	0.01973	0.03115	0.01914	0.13099	0.53136	0.11977	0.01688	0.00825	0.00402	0.00603
7	0.01213	0.00910	0.01229	0.01207	0.01323	0.01054	0.00922	0.01525	0.04390	0.01928	0.02307	0.07198	0.02277	0.14574	0.35730	0.00813	0.08487	0.04681	0.07549	0.00685
8	0.28936	0.01651	0.01677	0.01339	0.01881	0.01764	0.01098	0.26492	0.02260	0.08830	0.01591	0.01703	0.01182	0.01047	0.04347	0.00267	0.00759	0.00568	0.00610	0.12001
9	0.04683	0.14636	0.17168	0.06472	0.20541	0.02072	0.01944	0.15655	0.02020	0.02826	0.01411	0.01666	0.01102	0.00731	0.00684	0.00215	0.00901	0.00588	0.00439	0.04246

[dist]
# distance from previous block
# <min> <max>
0	3

[block]
# block no. 1 follows, 26 sequences, length 9
# corresponding to MSA columns:
# 95-103
name=unknown_B
#
# <colnr> <probs for GDERKNQSTAVLIFYWHMCP>
#	G	D	E	R	K	N	Q	S	T	A	V	L	I	F	Y	W	H	M	C	P
0	0.01803	0.05461	0.28980	0.09439	0.03279	0.04844	0.17202	0.07384	0.01847	0.05334	0.01886	0.02144	0.05332	0.00805	0.00771	0.00240	0.01056	0.00726	0.00426	0.01043
1	0.12972	0.07678	0.05479	0.11677	0.25836	0.07067	0.05023	0.02326	0.04486	0.02419	0.01604	0.01942	0.03627	0.00787	0.00773	0.00232	0.04006	0.00649	0.00407	0.01007
2	0.14567	0.01810	0.01825	0.01588	0.01879	0.12011	0.01278	0.15014	0.01832	0.02673	0.01448	0.01896	0.01240	0.02106	0.17818	0.00487	0.18530	0.00636	0.00468	0.00893
3	0.02089	0.01779	0.02483	0.18156	0.23505	0.05917	0.04585	0.16416	0.02135	0.07010	0.01797	0.04848	0.01482	0.00891	0.00778	0.00240	0.00913	0.03386	0.00515	0.01077
4	0.01414	0.00707	0.00707	0.00707	0.00884	0.00707	0.00530	0.01767	0.01591	0.02828	0.02474	0.02828	0.01944	0.00884	0.00530	0.00177	0.00353	0.00707	0.77554	0.00707
5	0.78701	0.01467	0.01115	0.00997	0.01467	0.01702	0.00821	0.02230	0.01291	0.03403	0.01056	0.01232	0.00821	0.00704	0.00469	0.00235	0.00587	0.00411	0.00469	0.00821
6	0.01084	0.00813	0.01219	0.01219	0.01354	0.00948	0.00948	0.01354	0.01219	0.01761	0.02032	0.02980	0.01896	0.05689	0.70337	0.01219	0.02032	0.00813	0.00406	0.00677
7	0.01414	0.00707	0.00707	0.00707	0.00884	0.00707	0.00530	0.01767	0.01591	0.02828	0.02474	0.02828	0.01944	0.00884	0.00530	0.00177	0.00353	0.00707	0.77554	0.00707
8	0.01993	0.01922	0.06859	0.06650	0.42787	0.04562	0.02022	0.06392	0.07573	0.06010	0.01701	0.02002	0.01337	0.00754	0.00740	0.00228	0.00873	0.00683	0.03758	0.01155

[dist]
# distance from previous block
# <min> <max>
3	11

[block]
# block no. 2 follows, 26 sequences, length 11
# corresponding to MSA columns:
# 132-142
name=unknown_C
#
# <colnr> <probs for GDERKNQSTAVLIFYWHMCP>
#	G	D	E	R	K	N	Q	S	T	A	V	L	I	F	Y	W	H	M	C	P
0	0.14499	0.01450	0.01429	0.01300	0.01664	0.04732	0.01035	0.09807	0.22906	0.03167	0.09013	0.03299	0.02545	0.01099	0.00724	0.00244	0.00612	0.07706	0.11813	0.00958
1	0.02407	0.02275	0.06163	0.01713	0.02175	0.15935	0.01440	0.32621	0.02573	0.03347	0.01647	0.01872	0.01277	0.01292	0.06436	0.00307	0.08094	0.00646	0.06726	0.01055
2	0.01365	0.01102	0.01364	0.01318	0.04154	0.04261	0.03679	0.03844	0.01577	0.04229	0.09923	0.07508	0.13292	0.23634	0.11619	0.00534	0.04227	0.01116	0.00552	0.00703
3	0.05539	0.01744	0.01866	0.01516	0.02003	0.01915	0.01223	0.40624	0.13178	0.04016	0.09046	0.05475	0.06272	0.01104	0.00779	0.00239	0.00697	0.00882	0.00751	0.01133
4	0.01708	0.06343	0.02108	0.01696	0.01873	0.02010	0.01396	0.09062	0.08054	0.02280	0.01655	0.06335	0.01545	0.01948	0.12442	0.00438	0.36977	0.00783	0.00457	0.00890
5	0.66959	0.01419	0.01225	0.08012	0.01823	0.01648	0.00944	0.02159	0.01358	0.03239	0.04593	0.01542	0.01171	0.00754	0.00520	0.00237	0.00617	0.00487	0.00475	0.00818
6	0.01260	0.00951	0.01387	0.01717	0.08932	0.00946	0.01284	0.01595	0.01709	0.02254	0.03749	0.15371	0.04092	0.01971	0.01006	0.00331	0.00691	0.49348	0.00663	0.00744
7	0.04167	0.00971	0.01322	0.01240	0.01321	0.01129	0.00925	0.03283	0.05096	0.01753	0.01490	0.02288	0.01399	0.02694	0.13233	0.43823	0.12231	0.00688	0.00386	0.00561
8	0.03020	0.01437	0.01931	0.01762	0.09340	0.01357	0.01279	0.07237	0.10094	0.49998	0.02762	0.02489	0.01822	0.00919	0.00762	0.00236	0.00679	0.00760	0.00846	0.01270
9	0.01547	0.01822	0.11072	0.02035	0.04600	0.01942	0.05533	0.01865	0.01289	0.01949	0.01290	0.01936	0.01181	0.02019	0.15113	0.00482	0.42418	0.00693	0.00349	0.00864
10	0.01766	0.01386	0.01875	0.10289	0.04684	0.01468	0.06798	0.13899	0.11915	0.06304	0.10392	0.07532	0.07775	0.09133	0.01155	0.00302	0.00727	0.01018	0.00639	0.00944

[dist]
# distance from previous block
# <min> <max>
0	1

[block]
# block no. 3 follows, 26 sequences, length 74
# corresponding to MSA columns:
# 144-168,171-219
name=unknown_D
#
# <colnr> <probs for GDERKNQSTAVLIFYWHMCP>
#	G	D	E	R	K	N	Q	S	T	A	V	L	I	F	Y	W	H	M	C	P
0	0.01008	0.00725	0.00973	0.01141	0.01231	0.00690	0.00846	0.01204	0.01547	0.02036	0.04281	0.51803	0.07489	0.02277	0.00988	0.00318	0.00511	0.19589	0.00703	0.00641
1	0.02069	0.07187	0.04628	0.01562	0.02044	0.05613	0.01283	0.09886	0.45249	0.05709	0.02613	0.02538	0.01984	0.03204	0.00838	0.00257	0.00707	0.00779	0.00696	0.01153
2	0.01281	0.00845	0.01051	0.00946	0.01193	0.00762	0.00720	0.01633	0.01994	0.05721	0.47361	0.04629	0.05423	0.01309	0.00793	0.00215	0.00390	0.01137	0.13849	0.08747
3	0.01746	0.08030	0.18428	0.10709	0.03562	0.04519	0.30861	0.02443	0.05307	0.02313	0.01489	0.01883	0.01130	0.00724	0.00849	0.00245	0.03637	0.00730	0.00379	0.01017
4	0.02052	0.68087	0.03834	0.01352	0.01967	0.06048	0.01318	0.02290	0.01556	0.01789	0.01058	0.01239	0.00974	0.00679	0.00565	0.00170	0.03312	0.00418	0.00328	0.00964
5	0.01084	0.00813	0.01219	0.01219	0.01354	0.00948	0.00948	0.01354	0.01219	0.01761	0.02032	0.02980	0.01896	0.05689	0.70337	0.01219	0.02032	0.00813	0.00406	0.00677
6	0.01790	0.02046	0.04476	0.03197	0.03964	0.01918	0.65857	0.02430	0.01790	0.02430	0.01535	0.02046	0.01151	0.00639	0.00895	0.00256	0.01279	0.00895	0.00384	0.01023
7	0.02482	0.30044	0.09185	0.01620	0.02228	0.21495	0.01479	0.09577	0.02021	0.11149	0.01457	0.01543	0.01128	0.00760	0.00630	0.00196	0.00978	0.00521	0.00471	0.01037
8	0.00941	0.00672	0.00900	0.01076	0.01127	0.00631	0.00734	0.01086	0.01469	0.01955	0.04171	0.69182	0.04980	0.02360	0.00973	0.00310	0.00455	0.05655	0.00704	0.00621
9	0.00903	0.00769	0.00778	0.00776	0.01029	0.00643	0.00582	0.01102	0.01745	0.02088	0.10086	0.07235	0.65877	0.01906	0.00896	0.00255	0.00383	0.01592	0.00710	0.00643
10	0.02071	0.70036	0.03877	0.01333	0.01968	0.06610	0.01307	0.02312	0.01574	0.01788	0.01061	0.01225	0.00974	0.00656	0.00497	0.00164	0.00841	0.00410	0.00328	0.00968
11	0.01432	0.01348	0.02275	0.71520	0.05224	0.01685	0.02107	0.01938	0.01517	0.01938	0.01348	0.02022	0.01011	0.00758	0.00758	0.00253	0.01011	0.00674	0.00337	0.00843
12	0.74633	0.01582	0.01170	0.01049	0.01514	0.05380	0.00856	0.02273	0.01337	0.03320	0.01062	0.01239	0.00830	0.00708	0.00481	0.00233	0.00629	0.00415	0.00465	0.00825
13	0.01318	0.00659	0.00988	0.00988	0.00988	0.00659	0.00659	0.00988	0.00988	0.01318	0.01318	0.02306	0.01318	0.02635	0.02964	0.77931	0.00659	0.00659	0.00329	0.00329
14	0.01432	0.01348	0.02275	0.71520	0.05224	0.01685	0.02107	0.01938	0.01517	0.01938	0.01348	0.02022	0.01011	0.00758	0.00758	0.00253	0.01011	0.00674	0.00337	0.00843
15	0.01432	0.01348	0.02275	0.71520	0.05224	0.01685	0.02107	0.01938	0.01517	0.01938	0.01348	0.02022	0.01011	0.00758	0.00758	0.00253	0.01011	0.00674	0.00337	0.00843
16	0.02584	0.01836	0.01957	0.01534	0.02053	0.02017	0.01256	0.52988	0.03164	0.04383	0.01954	0.02026	0.01423	0.00905	0.00712	0.00217	0.00737	0.00688	0.16394	0.01171
17	0.75707	0.01460	0.01140	0.01011	0.01486	0.01678	0.00833	0.02288	0.01326	0.06017	0.01133	0.01286	0.00863	0.00713	0.00481	0.00235	0.00589	0.00425	0.00488	0.00840
18	0.01898	0.01644	0.02254	0.08277	0.16658	0.06149	0.07497	0.08868	0.07772	0.05287	0.01974	0.04582	0.01646	0.01138	0.03730	0.00282	0.06047	0.03117	0.10182	0.00998
19	0.01123	0.00881	0.01399	0.01328	0.01499	0.01002	0.04537	0.01414	0.01251	0.01798	0.02004	0.02928	0.01855	0.05410	0.66497	0.01166	0.01990	0.00817	0.00405	0.00696
20	0.01414	0.00707	0.00707	0.00707	0.00884	0.00707	0.00530	0.01767	0.01591	0.02828	0.02474	0.02828	0.01944	0.00884	0.00530	0.00177	0.00353	0.00707	0.77554	0.00707
21	0.01084	0.00813	0.01219	0.01219	0.01354	0.00948	0.00948	0.01354	0.01219	0.01761	0.02032	0.02980	0.01896	0.05689	0.70337	0.01219	0.02032	0.00813	0.00406	0.00677
22	0.01780	0.01700	0.02849	0.04270	0.61904	0.01687	0.02154	0.02205	0.01727	0.02435	0.02048	0.02415	0.07861	0.00799	0.00765	0.00228	0.00850	0.00768	0.00408	0.01146
23	0.01689	0.01446	0.01823	0.01331	0.01980	0.01190	0.05660	0.08119	0.01776	0.02670	0.01523	0.04551	0.01301	0.00675	0.00622	0.00142	0.00635	0.00574	0.00485	0.61807
24	0.01508	0.06759	0.06179	0.07651	0.04796	0.04319	0.06823	0.02227	0.14560	0.02389	0.06441	0.08177	0.15470	0.01251	0.00804	0.00250	0.00719	0.05139	0.03642	0.00896
25	0.01705	0.01711	0.01491	0.01551	0.01785	0.22366	0.01269	0.01994	0.01855	0.02123	0.03144	0.09884	0.03352	0.01704	0.00931	0.00299	0.00892	0.40591	0.00603	0.00750
26	0.02031	0.27800	0.06672	0.02138	0.13402	0.14247	0.04202	0.04781	0.04199	0.02152	0.01614	0.01854	0.04187	0.00974	0.03228	0.00243	0.04278	0.00603	0.00401	0.00994
27	0.01740	0.05021	0.17675	0.04271	0.04887	0.09053	0.08989	0.02320	0.05968	0.07421	0.12824	0.07314	0.07121	0.01071	0.00792	0.00240	0.00858	0.00930	0.00546	0.00958
28	0.01722	0.01486	0.01558	0.01415	0.01815	0.01679	0.01097	0.03541	0.56334	0.02986	0.03853	0.03574	0.13302	0.01178	0.00793	0.00257	0.00564	0.00981	0.00761	0.01107
29	0.01414	0.00707	0.00707	0.00707	0.00884	0.00707	0.00530	0.01767	0.01591	0.02828	0.02474	0.02828	0.01944	0.00884	0.00530	0.00177	0.00353	0.00707	0.77554	0.00707
30	0.01414	0.00707	0.00707	0.00707	0.00884	0.00707	0.00530	0.01767	0.01591	0.02828	0.02474	0.02828	0.01944	0.00884	0.00530	0.00177	0.00353	0.00707	0.77554	0.00707
31	0.01573	0.01348	0.01573	0.01123	0.01798	0.01011	0.00899	0.01910	0.01573	0.02472	0.01348	0.01573	0.01123	0.00562	0.00562	0.00112	0.00562	0.00449	0.00449	0.77980
32	0.01632	0.01211	0.01722	0.01536	0.01814	0.01284	0.08196	0.10389	0.01883	0.05262	0.02847	0.13763	0.02817	0.01479	0.01032	0.00281	0.08185	0.19869	0.13958	0.00841
33	0.01084	0.00813	0.01219	0.01219	0.01354	0.00948	0.00948	0.01354	0.01219	0.01761	0.02032	0.02980	0.01896	0.05689	0.70337	0.01219	0.02032	0.00813	0.00406	0.00677
34	0.01887	0.01629	0.01715	0.01544	0.01972	0.01887	0.01201	0.04031	0.67241	0.03173	0.03087	0.02830	0.02315	0.01029	0.00772	0.00257	0.00600	0.00858	0.00772	0.01201
35	0.00896	0.00768	0.00768	0.00768	0.01025	0.00640	0.00576	0.01089	0.01729	0.02049	0.07684	0.07300	0.68304	0.01921	0.00896	0.00256	0.00384	0.01601	0.00704	0.00640
36	0.01734	0.01656	0.02821	0.26129	0.48255	0.01765	0.02257	0.02203	0.01660	0.02305	0.01402	0.01924	0.01140	0.00702	0.00753	0.00234	0.00936	0.00675	0.00363	0.01086
37	0.01414	0.00707	0.00707	0.00707	0.00884	0.00707	0.00530	0.01767	0.01591	0.02828	0.02474	0.02828	0.01944	0.00884	0.00530	0.00177	0.00353	0.00707	0.77554	0.00707
38	0.01954	0.41307	0.22048	0.05507	0.02554	0.11058	0.01787	0.02385	0.01633	0.01976	0.01172	0.01388	0.00972	0.00692	0.00592	0.00193	0.00979	0.00474	0.00332	0.00996
39	0.09293	0.01288	0.01673	0.01297	0.01863	0.01143	0.01068	0.03423	0.02076	0.58730	0.05204	0.02548	0.01960	0.00928	0.00736	0.00230	0.00627	0.00745	0.00878	0.04291
40	0.01230	0.01009	0.01112	0.01193	0.01335	0.04815	0.00847	0.03967	0.09445	0.02200	0.03894	0.53660	0.06266	0.02047	0.00921	0.00292	0.00533	0.03809	0.00696	0.00729
41	0.04416	0.20265	0.26092	0.02008	0.05673	0.17518	0.04472	0.04533	0.01761	0.02222	0.01247	0.01485	0.00994	0.00740	0.00724	0.00214	0.03730	0.00529	0.00361	0.01016
42	0.01095	0.00734	0.00837	0.00841	0.00850	0.00730	0.00479	0.01114	0.01157	0.01550	0.05050	0.07539	0.03016	0.67852	0.03635	0.00700	0.00709	0.01153	0.00484	0.00476
43	0.01826	0.01759	0.02802	0.14901	0.45471	0.04200	0.04128	0.04510	0.01769	0.02445	0.04450	0.02049	0.01427	0.00770	0.00842	0.00235	0.04216	0.00707	0.00403	0.01090
44	0.01175	0.00832	0.01034	0.01037	0.01256	0.00724	0.00754	0.01383	0.01627	0.05853	0.09527	0.39009	0.15582	0.01874	0.00882	0.00262	0.00463	0.04117	0.00691	0.11918
45	0.02661	0.02155	0.02142	0.01721	0.02269	0.08580	0.01391	0.46654	0.17343	0.04157	0.02037	0.01999	0.01485	0.00924	0.00755	0.00231	0.00833	0.00703	0.00727	0.01232
46	0.01854	0.01772	0.02986	0.08129	0.62808	0.01799	0.02275	0.02368	0.04080	0.02474	0.01482	0.01919	0.01231	0.00693	0.00752	0.00228	0.00896	0.00682	0.00388	0.01182
47	0.02827	0.02096	0.02244	0.01734	0.02331	0.02326	0.01428	0.62544	0.07197	0.04689	0.01893	0.01879	0.01348	0.00917	0.00760	0.00229	0.00821	0.00693	0.00760	0.01285
48	0.01869	0.02117	0.03686	0.02761	0.03295	0.09330	0.42822	0.02342	0.01671	0.02216	0.01360	0.01876	0.01093	0.00828	0.01274	0.00268	0.19070	0.00793	0.00371	0.00959
49	0.01877	0.01802	0.03079	0.04656	0.68612	0.01802	0.02328	0.02328	0.01727	0.02478	0.01427	0.01877	0.01201	0.00676	0.00751	0.00225	0.00901	0.00676	0.00375	0.01201
50	0.01770	0.01691	0.02861	0.13845	0.56649	0.01733	0.02217	0.02217	0.01698	0.02383	0.01701	0.02145	0.04236	0.00744	0.00759	0.00231	0.00893	0.00718	0.00385	0.01126
51	0.01009	0.00817	0.00903	0.00895	0.01122	0.00739	0.00665	0.01366	0.06154	0.02359	0.22070	0.13087	0.42466	0.01815	0.00895	0.00257	0.00398	0.01550	0.00741	0.00694
52	0.00915	0.00697	0.00842	0.00957	0.01074	0.00624	0.00660	0.01067	0.01548	0.01975	0.05388	0.50263	0.26823	0.02219	0.00943	0.00290	0.00421	0.01965	0.00704	0.00624
53	0.01804	0.01728	0.02947	0.15616	0.58221	0.01783	0.02292	0.02264	0.01693	0.02390	0.01414	0.01901	0.01170	0.00689	0.00752	0.00230	0.00919	0.00676	0.00369	0.01143
54	0.01642	0.01523	0.02509	0.48208	0.23508	0.01756	0.02134	0.05599	0.01691	0.02252	0.01397	0.01969	0.01082	0.00743	0.00756	0.00243	0.00969	0.00675	0.00372	0.00972
55	0.01126	0.00808	0.01039	0.01117	0.01258	0.00783	0.00881	0.01374	0.01655	0.02181	0.14574	0.09270	0.11282	0.18100	0.01640	0.00407	0.00609	0.30590	0.00668	0.00638
56	0.05451	0.02573	0.01890	0.04422	0.02203	0.37193	0.01311	0.07883	0.13696	0.05108	0.04445	0.02314	0.06405	0.00948	0.00726	0.00220	0.01010	0.00696	0.00548	0.00958
57	0.01905	0.01911	0.02873	0.14065	0.53056	0.08389	0.02213	0.02339	0.01737	0.02340	0.01391	0.01849	0.01152	0.00698	0.00746	0.00226	0.00962	0.00658	0.00371	0.01119
58	0.01165	0.00796	0.00931	0.00912	0.00952	0.00822	0.00559	0.03481	0.01207	0.01628	0.02322	0.04590	0.02591	0.61840	0.12483	0.00781	0.00909	0.01050	0.00463	0.00518
59	0.00923	0.00665	0.00875	0.01043	0.01097	0.00617	0.00698	0.01058	0.01465	0.01942	0.04343	0.69807	0.07953	0.02355	0.00965	0.00306	0.00437	0.02131	0.00704	0.00617
60	0.01520	0.01502	0.04656	0.29083	0.26047	0.01545	0.01896	0.02042	0.04683	0.02229	0.02530	0.03070	0.11485	0.00974	0.00788	0.00248	0.00850	0.03458	0.00441	0.00956
61	0.09460	0.50517	0.03254	0.01398	0.01972	0.14590	0.01276	0.02500	0.05370	0.02030	0.01191	0.01337	0.01036	0.00699	0.00536	0.00180	0.00875	0.00446	0.00375	0.00955
62	0.51524	0.08096	0.19804	0.01337	0.01997	0.01825	0.01396	0.02280	0.01395	0.02999	0.01138	0.01331	0.00872	0.00704	0.00539	0.00230	0.00750	0.00451	0.00417	0.00915
63	0.01386	0.05538	0.08589	0.02080	0.18469	0.01258	0.01379	0.04630	0.01723	0.02335	0.07879	0.27621	0.11088	0.01499	0.00837	0.00257	0.00652	0.01330	0.00573	0.00877
64	0.01608	0.01592	0.05987	0.24115	0.21869	0.01583	0.06522	0.04230	0.01695	0.04111	0.02335	0.07314	0.08933	0.00997	0.00863	0.00250	0.03696	0.00891	0.00447	0.00962
65	0.06782	0.12897	0.17830	0.04904	0.16534	0.11105	0.04852	0.05862	0.01799	0.02416	0.01666	0.02118	0.03601	0.00822	0.00705	0.00225	0.00971	0.03479	0.00410	0.01023
66	0.01972	0.19169	0.13139	0.04923	0.20863	0.07327	0.01825	0.09377	0.03918	0.02492	0.01685	0.01906	0.04190	0.00777	0.00681	0.00210	0.00902	0.00621	0.00427	0.03595
67	0.04484	0.10525	0.16353	0.02212	0.12874	0.12765	0.04315	0.14919	0.02093	0.02758	0.01792	0.01981	0.04836	0.00822	0.00702	0.00218	0.00951	0.00647	0.03698	0.01055
68	0.08401	0.06911	0.20974	0.01925	0.08272	0.06791	0.01729	0.07618	0.06453	0.02641	0.04058	0.04916	0.01630	0.00923	0.00802	0.00232	0.04674	0.03175	0.00472	0.07403
69	0.04588	0.11334	0.15225	0.01916	0.04721	0.17043	0.07849	0.02603	0.04009	0.10210	0.03927	0.02624	0.01726	0.00935	0.00743	0.00234	0.00982	0.07840	0.00497	0.00994
70	0.10165	0.17922	0.07182	0.01731	0.04539	0.05224	0.07044	0.14638	0.07181	0.05567	0.01599	0.01772	0.01247	0.01039	0.04629	0.00267	0.00913	0.00603	0.00506	0.06233
71	0.10196	0.04234	0.10965	0.11516	0.06270	0.01652	0.08073	0.05295	0.10812	0.11828	0.02113	0.02244	0.04448	0.00836	0.00722	0.00232	0.00819	0.00710	0.00541	0.06493
72	0.06612	0.12762	0.06594	0.01624	0.02165	0.05907	0.05436	0.21999	0.12065	0.03147	0.04284	0.05171	0.04063	0.01148	0.03484	0.00268	0.00858	0.00768	0.00590	0.01056
73	0.04873	0.13233	0.17039	0.10386	0.09205	0.01786	0.04023	0.04306	0.07552	0.04490	0.01870	0.07237	0.01612	0.00917	0.00713	0.00232	0.00842	0.03069	0.02891	0.03723

[dist]
# distance from previous block
# <min> <max>
10	35

[block]
# block no. 4 follows, 26 sequences, length 11
# corresponding to MSA columns:
# 255-265
name=unknown_E
#
# <colnr> <probs for GDERKNQSTAVLIFYWHMCP>
#	G	D	E	R	K	N	Q	S	T	A	V	L	I	F	Y	W	H	M	C	P
0	0.04555	0.19082	0.14493	0.01779	0.07622	0.03807	0.05225	0.03783	0.04872	0.02386	0.08306	0.02266	0.01853	0.06169	0.00902	0.00241	0.00816	0.00672	0.00449	0.10723
1	0.01593	0.01083	0.01530	0.04210	0.03713	0.01044	0.04755	0.01947	0.04382	0.13359	0.11954	0.20003	0.09892	0.03701	0.01021	0.00273	0.03827	0.04292	0.00676	0.06744
2	0.02080	0.12041	0.10357	0.01863	0.09092	0.04653	0.01510	0.14161	0.12695	0.05740	0.01750	0.01843	0.01342	0.00769	0.00673	0.00199	0.00790	0.00604	0.00536	0.17302
3	0.01827	0.19547	0.04885	0.01772	0.09068	0.06591	0.03223	0.05442	0.08859	0.04203	0.07984	0.07657	0.02151	0.01308	0.05864	0.00285	0.00859	0.00790	0.00515	0.07171
4	0.04777	0.05006	0.04750	0.01262	0.01571	0.07714	0.01060	0.06414	0.01829	0.02360	0.08660	0.08454	0.21571	0.05332	0.01085	0.00289	0.04220	0.12263	0.00608	0.00774
5	0.02303	0.08585	0.06291	0.02157	0.11066	0.32366	0.05028	0.02620	0.01929	0.07081	0.04862	0.05337	0.01598	0.00863	0.00714	0.00209	0.01050	0.00678	0.00460	0.04800
6	0.01032	0.00789	0.01027	0.06221	0.01435	0.00757	0.00826	0.01279	0.01711	0.02260	0.21107	0.26915	0.18765	0.04777	0.01043	0.00296	0.00487	0.07907	0.00700	0.00666
7	0.02298	0.10305	0.20604	0.04553	0.06650	0.08280	0.04989	0.15806	0.04181	0.12586	0.01710	0.01819	0.01234	0.00794	0.00719	0.00225	0.00956	0.00629	0.00530	0.01135
8	0.05371	0.01661	0.05611	0.02013	0.10708	0.04926	0.07841	0.07660	0.07107	0.09443	0.07182	0.11104	0.02348	0.06991	0.01171	0.00292	0.06064	0.00961	0.00579	0.00967
9	0.01535	0.05032	0.08364	0.01658	0.09319	0.04641	0.01253	0.05645	0.05383	0.04576	0.20919	0.10023	0.11287	0.03095	0.00898	0.00257	0.00652	0.03944	0.00638	0.00884
10	0.07701	0.09910	0.03735	0.01800	0.09309	0.12015	0.01324	0.09402	0.07134	0.09544	0.05355	0.08687	0.02069	0.01034	0.00726	0.00227	0.00792	0.03905	0.00581	0.04751

[dist]
# distance from previous block
# <min> <max>
11	52

[block]
# block no. 5 follows, 26 sequences, length 43
# corresponding to MSA columns:
# 324-366
name=unknown_F
#
# <colnr> <probs for GDERKNQSTAVLIFYWHMCP>
#	G	D	E	R	K	N	Q	S	T	A	V	L	I	F	Y	W	H	M	C	P
0	0.11446	0.05085	0.01998	0.04357	0.02161	0.08537	0.05453	0.12334	0.06378	0.16063	0.04133	0.02339	0.05659	0.00890	0.00704	0.00217	0.00768	0.00708	0.00623	0.10147
1	0.02113	0.08037	0.06611	0.01630	0.02106	0.08469	0.05324	0.16180	0.05414	0.08945	0.04455	0.08224	0.02074	0.01102	0.00852	0.00240	0.04484	0.06002	0.04507	0.03231
2	0.06630	0.06481	0.03904	0.01756	0.08667	0.06888	0.02808	0.12569	0.06216	0.02877	0.11933	0.05072	0.04655	0.00997	0.00804	0.00218	0.04039	0.00801	0.00567	0.12116
3	0.05104	0.06475	0.02273	0.05380	0.08848	0.04131	0.06968	0.15423	0.07589	0.10163	0.02011	0.07564	0.01672	0.03123	0.00827	0.00237	0.00790	0.00789	0.00585	0.10046
4	0.02171	0.07419	0.02346	0.02177	0.15136	0.04015	0.03763	0.18583	0.15778	0.07107	0.04622	0.05070	0.01850	0.00919	0.00743	0.00225	0.00767	0.00775	0.00619	0.05915
5	0.05477	0.05028	0.06544	0.02059	0.12023	0.08924	0.04678	0.18979	0.04904	0.03100	0.06636	0.02058	0.01667	0.00821	0.00707	0.00208	0.00830	0.00668	0.02892	0.11798
6	0.01931	0.01952	0.03981	0.03831	0.12837	0.14615	0.07249	0.11126	0.04008	0.02596	0.03856	0.14693	0.02112	0.01095	0.00784	0.00232	0.00877	0.02738	0.00530	0.08957
7	0.01796	0.04740	0.07167	0.01544	0.04200	0.08898	0.01238	0.12444	0.07888	0.04710	0.04460	0.20438	0.05406	0.01562	0.04781	0.00297	0.00807	0.01087	0.00604	0.05931
8	0.02012	0.01831	0.02134	0.07644	0.15759	0.13470	0.04961	0.13474	0.02024	0.05470	0.02077	0.13920	0.01983	0.08513	0.01106	0.00291	0.00895	0.00950	0.00532	0.00954
9	0.01780	0.01594	0.05665	0.05913	0.06475	0.01560	0.06620	0.11938	0.09113	0.05052	0.05598	0.10653	0.02152	0.03683	0.01044	0.00259	0.07382	0.00914	0.03439	0.09166
10	0.10682	0.01840	0.05624	0.04190	0.13840	0.04199	0.08172	0.17647	0.05729	0.03151	0.09665	0.05179	0.02072	0.00959	0.00827	0.00241	0.03569	0.00811	0.00565	0.01039
11	0.02156	0.07848	0.05683	0.03877	0.07345	0.04452	0.01346	0.12446	0.09551	0.15881	0.14100	0.04993	0.02717	0.01067	0.00772	0.00235	0.00716	0.03067	0.00685	0.01062
12	0.27123	0.03992	0.09919	0.01387	0.01888	0.03525	0.03421	0.11187	0.04528	0.06035	0.02227	0.11633	0.05360	0.03662	0.00801	0.00262	0.00718	0.00846	0.00561	0.00925
13	0.04925	0.04013	0.03627	0.01400	0.04930	0.01188	0.01091	0.04072	0.03521	0.13756	0.02841	0.12213	0.04918	0.03317	0.00929	0.00260	0.03745	0.10815	0.10670	0.07769
14	0.04259	0.29164	0.06016	0.01488	0.02060	0.16663	0.01323	0.10603	0.04228	0.02428	0.03663	0.01826	0.04018	0.00800	0.00622	0.00188	0.00877	0.00566	0.00458	0.08752
15	0.12939	0.01657	0.01745	0.01610	0.07762	0.07744	0.01157	0.13300	0.02016	0.11224	0.02114	0.07903	0.04627	0.00934	0.00685	0.00205	0.00709	0.00743	0.00588	0.20339
16	0.08048	0.06547	0.02124	0.05564	0.06340	0.04022	0.03554	0.22834	0.17941	0.03337	0.05015	0.05005	0.04420	0.00990	0.00742	0.00237	0.00751	0.00805	0.00639	0.01085
17	0.06872	0.06057	0.04883	0.13426	0.20071	0.16179	0.05147	0.04992	0.03892	0.06516	0.01579	0.02028	0.01271	0.00798	0.00725	0.00229	0.00984	0.02884	0.00448	0.01020
18	0.07847	0.01578	0.01650	0.01454	0.04865	0.09961	0.02807	0.04358	0.04105	0.06880	0.07113	0.09633	0.05168	0.00987	0.00698	0.00195	0.00682	0.00817	0.00560	0.28642
19	0.01600	0.01462	0.02180	0.01901	0.09597	0.01268	0.12140	0.02091	0.05119	0.02493	0.04131	0.04803	0.01732	0.00796	0.00704	0.00181	0.00720	0.04113	0.00483	0.42485
20	0.01447	0.01034	0.01343	0.06557	0.01719	0.00951	0.04987	0.01817	0.01608	0.02563	0.02366	0.02896	0.05218	0.00886	0.00626	0.00183	0.00542	0.03935	0.36979	0.22343
21	0.01938	0.01771	0.02856	0.07825	0.54417	0.01816	0.02163	0.09591	0.01928	0.02703	0.01588	0.02190	0.01349	0.00773	0.00766	0.00233	0.00890	0.03602	0.00432	0.01169
22	0.01859	0.01914	0.06579	0.04524	0.65164	0.01800	0.02353	0.02332	0.01720	0.02474	0.01423	0.01863	0.01189	0.00678	0.00749	0.00226	0.00913	0.00670	0.00373	0.01197
23	0.03225	0.01351	0.01914	0.01735	0.09718	0.01195	0.01256	0.03537	0.02119	0.61357	0.02810	0.02499	0.01799	0.00908	0.00761	0.00234	0.00675	0.00753	0.00873	0.01280
24	0.01854	0.01779	0.03037	0.08109	0.65338	0.01796	0.02316	0.02308	0.01716	0.02450	0.01423	0.01885	0.01192	0.00680	0.00751	0.00227	0.00907	0.00676	0.00373	0.01183
25	0.01174	0.01058	0.01856	0.01599	0.01873	0.01003	0.17783	0.01473	0.01580	0.02115	0.06929	0.35678	0.10645	0.02210	0.08902	0.00390	0.00832	0.01571	0.00593	0.00737
26	0.01284	0.00833	0.01120	0.03888	0.01488	0.00795	0.00953	0.01526	0.01659	0.08711	0.04354	0.33427	0.12554	0.02020	0.00957	0.00305	0.00560	0.22133	0.00711	0.00722
27	0.01432	0.01348	0.02275	0.71520	0.05224	0.01685	0.02107	0.01938	0.01517	0.01938	0.01348	0.02022	0.01011	0.00758	0.00758	0.00253	0.01011	0.00674	0.00337	0.00843
28	0.00986	0.00788	0.00999	0.03707	0.04369	0.00726	0.00782	0.01184	0.01618	0.02074	0.09286	0.37206	0.29497	0.02009	0.00918	0.00278	0.00456	0.01767	0.00683	0.00667
29	0.01557	0.07065	0.63365	0.02170	0.03253	0.01826	0.05669	0.02397	0.01607	0.02375	0.01355	0.01604	0.00970	0.00714	0.00718	0.00237	0.01114	0.00569	0.00323	0.01110
30	0.01482	0.01399	0.02365	0.64032	0.12323	0.01698	0.02131	0.01982	0.01540	0.01998	0.01357	0.02006	0.01032	0.00749	0.00758	0.00250	0.00999	0.00674	0.00341	0.00883
31	0.01876	0.01564	0.02544	0.18598	0.39201	0.01629	0.01991	0.04916	0.01781	0.08455	0.01834	0.06620	0.01578	0.00886	0.00778	0.00242	0.00863	0.03095	0.00466	0.01079
32	0.01584	0.01706	0.06411	0.19846	0.19194	0.01631	0.21799	0.02086	0.01655	0.02253	0.01861	0.11014	0.01700	0.00943	0.00832	0.00256	0.00993	0.02854	0.00417	0.00966
33	0.02447	0.02323	0.15800	0.02386	0.12393	0.08826	0.11923	0.08625	0.02058	0.22781	0.01914	0.02004	0.01335	0.00791	0.00765	0.00233	0.00970	0.00695	0.00573	0.01159
34	0.01810	0.01734	0.02957	0.14771	0.59022	0.01785	0.02294	0.02269	0.01695	0.02396	0.01415	0.01899	0.01173	0.00688	0.00752	0.00229	0.00918	0.00676	0.00370	0.01147
35	0.01098	0.00941	0.01361	0.01338	0.01492	0.03285	0.08698	0.01297	0.01531	0.01999	0.03902	0.58731	0.07179	0.02086	0.00946	0.00295	0.00574	0.01918	0.00654	0.00676
36	0.11194	0.01266	0.01967	0.01625	0.02017	0.01229	0.16772	0.05116	0.01767	0.09739	0.06015	0.23650	0.08723	0.01424	0.00850	0.00268	0.00709	0.04179	0.00630	0.00858
37	0.02671	0.05184	0.07922	0.04527	0.06982	0.05194	0.09523	0.07416	0.05117	0.34227	0.02249	0.02199	0.01525	0.00840	0.00758	0.00233	0.00851	0.00722	0.00681	0.01180
38	0.02039	0.01869	0.03154	0.06807	0.27040	0.04582	0.21630	0.05458	0.03618	0.08773	0.01639	0.01987	0.01255	0.00734	0.00841	0.00236	0.03162	0.00740	0.00459	0.03978
39	0.55568	0.01502	0.03696	0.01116	0.01604	0.01573	0.00948	0.05566	0.01556	0.12477	0.01550	0.04198	0.01200	0.00817	0.00555	0.00235	0.00611	0.00556	0.03765	0.00908
40	0.04977	0.01668	0.07143	0.02412	0.23996	0.07232	0.01484	0.04820	0.01692	0.02306	0.02596	0.20248	0.06673	0.08073	0.01089	0.00295	0.00776	0.01112	0.00506	0.00901
41	0.02115	0.01727	0.01945	0.04516	0.03957	0.06139	0.03670	0.24580	0.15905	0.05154	0.10301	0.06224	0.02414	0.01269	0.03999	0.00282	0.00809	0.00875	0.00682	0.03438
42	0.04731	0.05341	0.04526	0.01656	0.02134	0.04777	0.13841	0.05019	0.01790	0.08596	0.04893	0.14028	0.04184	0.03263	0.00886	0.00253	0.00784	0.06905	0.00568	0.11826

[dist]
# distance from previous block
# <min> <max>
1	22

[block]
# block no. 6 follows, 26 sequences, length 16
# corresponding to MSA columns:
# 391-406
name=unknown_G
#
# <colnr> <probs for GDERKNQSTAVLIFYWHMCP>
#	G	D	E	R	K	N	Q	S	T	A	V	L	I	F	Y	W	H	M	C	P
0	0.01793	0.01718	0.02706	0.07359	0.35860	0.03918	0.09747	0.02462	0.10125	0.02552	0.05421	0.02239	0.01675	0.00774	0.00758	0.00226	0.00860	0.00746	0.03165	0.05895
1	0.07558	0.01505	0.02207	0.12432	0.09086	0.01520	0.10081	0.06360	0.08121	0.08220	0.01930	0.04456	0.01581	0.01030	0.03201	0.00261	0.00844	0.03653	0.00527	0.15429
2	0.04856	0.01734	0.05514	0.02538	0.16633	0.05336	0.19068	0.02205	0.04139	0.04433	0.06634	0.07549	0.02021	0.03520	0.06548	0.00333	0.01006	0.00891	0.00478	0.04562
3	0.02577	0.02677	0.02213	0.02030	0.07023	0.35362	0.03814	0.13235	0.11426	0.06367	0.01686	0.01784	0.01294	0.00823	0.00720	0.00212	0.01061	0.00613	0.00535	0.04547
4	0.05658	0.01964	0.08164	0.02192	0.08578	0.08928	0.18533	0.02639	0.06017	0.13280	0.07150	0.02340	0.01825	0.00827	0.00760	0.00229	0.00905	0.00767	0.05509	0.03734
5	0.10512	0.02446	0.27956	0.01823	0.02615	0.01577	0.09530	0.04843	0.04733	0.12947	0.01917	0.02028	0.03584	0.00788	0.00712	0.00227	0.00884	0.00658	0.00505	0.09716
6	0.01845	0.01769	0.03021	0.09474	0.64044	0.01794	0.02312	0.02300	0.01712	0.02439	0.01421	0.01888	0.01188	0.00682	0.00751	0.00227	0.00909	0.00676	0.00373	0.01176
7	0.02350	0.01860	0.02043	0.01760	0.05266	0.02053	0.01351	0.33974	0.28993	0.03876	0.02282	0.02214	0.01688	0.00925	0.00751	0.00232	0.00726	0.00738	0.00726	0.06193
8	0.00938	0.00693	0.00882	0.01026	0.01117	0.00637	0.00715	0.01095	0.01521	0.01978	0.04800	0.56917	0.16355	0.02276	0.00960	0.00301	0.00447	0.06011	0.00704	0.00626
9	0.01641	0.03384	0.54677	0.09059	0.07724	0.01721	0.02609	0.02424	0.01633	0.06094	0.01455	0.01716	0.01033	0.00734	0.00729	0.00240	0.01069	0.00591	0.00360	0.01109
10	0.01958	0.48808	0.19526	0.01619	0.02383	0.02611	0.04469	0.06908	0.01712	0.02176	0.01204	0.01388	0.01001	0.00685	0.00580	0.00190	0.00907	0.00484	0.00357	0.01034
11	0.01065	0.00731	0.00892	0.00922	0.00968	0.00731	0.00586	0.01121	0.01223	0.01627	0.03027	0.16233	0.08418	0.42507	0.11818	0.05021	0.00822	0.01260	0.00507	0.00522
12	0.00979	0.00714	0.00833	0.00903	0.00986	0.00664	0.00587	0.01081	0.01401	0.01803	0.04452	0.32543	0.20372	0.26920	0.01955	0.00443	0.00528	0.01649	0.00619	0.00568
13	0.02326	0.21057	0.14247	0.01850	0.06033	0.22393	0.01631	0.07686	0.01973	0.08731	0.01684	0.01795	0.03857	0.00803	0.00666	0.00205	0.01004	0.00578	0.00456	0.01026
14	0.04545	0.14785	0.37089	0.01877	0.02709	0.05041	0.05054	0.02592	0.08797	0.05109	0.01582	0.01766	0.01192	0.00953	0.03540	0.00268	0.01030	0.00593	0.00411	0.01068
15	0.01739	0.03751	0.08711	0.01253	0.01722	0.01173	0.01114	0.07754	0.04450	0.13423	0.18137	0.06760	0.14485	0.01264	0.00797	0.00231	0.00591	0.02740	0.00698	0.09208

[dist]
# distance from previous block
# <min> <max>
0	3

[block]
# block no. 7 follows, 26 sequences, length 7
# corresponding to MSA columns:
# 411-417
name=unknown_H
#
# <colnr> <probs for GDERKNQSTAVLIFYWHMCP>
#	G	D	E	R	K	N	Q	S	T	A	V	L	I	F	Y	W	H	M	C	P
0	0.10608	0.12762	0.02270	0.01757	0.04908	0.28141	0.01350	0.10908	0.13043	0.04913	0.01618	0.01696	0.01264	0.00813	0.00663	0.00212	0.00965	0.00572	0.00518	0.01020
1	0.15167	0.19398	0.07461	0.06329	0.02318	0.04056	0.06817	0.10910	0.01854	0.04414	0.03322	0.01762	0.01286	0.00755	0.00624	0.00207	0.00803	0.00580	0.06166	0.05771
2	0.02100	0.04449	0.07590	0.02865	0.27538	0.01795	0.06574	0.10728	0.11529	0.10266	0.02025	0.05701	0.01617	0.00873	0.00767	0.00237	0.00838	0.00787	0.00556	0.01165
3	0.02101	0.01843	0.02092	0.01896	0.05409	0.11965	0.01463	0.07882	0.01735	0.10504	0.01693	0.06442	0.01521	0.01182	0.01517	0.00273	0.31928	0.03078	0.00499	0.04975
4	0.02168	0.06781	0.02787	0.11981	0.32189	0.07621	0.05875	0.02564	0.01786	0.14014	0.01637	0.01934	0.01251	0.00760	0.00799	0.00229	0.03385	0.00670	0.00466	0.01104
5	0.01067	0.00848	0.01124	0.01186	0.01230	0.00928	0.00845	0.01197	0.01386	0.01883	0.03649	0.51118	0.07405	0.08226	0.01479	0.00346	0.13048	0.01775	0.00618	0.00642
6	0.01587	0.02407	0.26875	0.18821	0.22988	0.01690	0.04979	0.02208	0.01665	0.02363	0.05992	0.02079	0.01479	0.00770	0.00758	0.00239	0.00984	0.00691	0.00379	0.01049

[dist]
# distance from previous block
# <min> <max>
52	118

[block]
# block no. 8 follows, 26 sequences, length 8
# corresponding to MSA columns:
# 584-591
name=unknown_I
#
# <colnr> <probs for GDERKNQSTAVLIFYWHMCP>
#	G	D	E	R	K	N	Q	S	T	A	V	L	I	F	Y	W	H	M	C	P
0	0.08832	0.05019	0.01786	0.01282	0.01865	0.01469	0.01048	0.17264	0.02112	0.10560	0.05323	0.04061	0.01658	0.00811	0.00649	0.00179	0.00635	0.00636	0.00602	0.34206
1	0.05618	0.19560	0.09306	0.01740	0.09481	0.03838	0.01399	0.04679	0.07420	0.04231	0.01526	0.01792	0.01261	0.03807	0.00752	0.00206	0.00766	0.00556	0.00450	0.21613
2	0.01677	0.01872	0.15717	0.01723	0.03757	0.01444	0.08371	0.11048	0.05537	0.04199	0.09919	0.06443	0.04849	0.01106	0.00830	0.00242	0.02532	0.05761	0.08247	0.04725
3	0.47283	0.01187	0.01054	0.00993	0.01307	0.01320	0.00771	0.01851	0.01388	0.02867	0.09124	0.03137	0.02240	0.15812	0.01263	0.00348	0.00601	0.06198	0.00529	0.00725
4	0.01136	0.00888	0.01323	0.15543	0.02025	0.01017	0.01071	0.01390	0.01294	0.01774	0.02256	0.13039	0.02300	0.15335	0.35281	0.00812	0.01383	0.01023	0.00443	0.00667
5	0.62861	0.01443	0.01353	0.15455	0.02237	0.01698	0.01085	0.02170	0.01337	0.03103	0.01116	0.01394	0.00860	0.00715	0.00529	0.00238	0.00674	0.00465	0.00442	0.00826
6	0.02607	0.01923	0.02079	0.01647	0.02211	0.02111	0.01341	0.44529	0.19185	0.07759	0.02178	0.02101	0.01569	0.00926	0.00754	0.00230	0.00754	0.00720	0.00758	0.04618
7	0.01064	0.00729	0.00882	0.00918	0.00942	0.00735	0.00565	0.01122	0.01188	0.01599	0.02717	0.18658	0.03124	0.51204	0.10727	0.00702	0.00820	0.01286	0.00504	0.00516

[dist]
# distance from previous block
# <min> <max>
0	12

[block]
# block no. 9 follows, 26 sequences, length 32
# corresponding to MSA columns:
# 604-635
name=unknown_J
#
# <colnr> <probs for GDERKNQSTAVLIFYWHMCP>
#	G	D	E	R	K	N	Q	S	T	A	V	L	I	F	Y	W	H	M	C	P
0	0.01206	0.10889	0.01424	0.01002	0.01246	0.01032	0.00796	0.01548	0.02063	0.02868	0.58910	0.05050	0.06301	0.01426	0.00838	0.00228	0.00421	0.01238	0.00764	0.00751
1	0.56107	0.01423	0.01377	0.10820	0.02061	0.01607	0.01046	0.02421	0.01461	0.13582	0.01402	0.01555	0.01015	0.00749	0.00556	0.00237	0.00655	0.00503	0.00525	0.00899
2	0.01324	0.00962	0.01189	0.01064	0.01302	0.00942	0.00816	0.10385	0.02344	0.03282	0.59016	0.05133	0.06344	0.01462	0.00876	0.00237	0.00424	0.01276	0.00824	0.00795
3	0.00927	0.00754	0.00786	0.00802	0.01004	0.00651	0.00571	0.01088	0.01618	0.01959	0.06645	0.12702	0.53697	0.11853	0.01313	0.00327	0.00438	0.01580	0.00670	0.00613
4	0.02218	0.63757	0.03668	0.01305	0.01945	0.02740	0.01273	0.02469	0.01628	0.11113	0.01323	0.01406	0.01099	0.00689	0.00525	0.00172	0.00788	0.00455	0.00410	0.01017
5	0.00913	0.00754	0.00801	0.00821	0.01043	0.00642	0.00604	0.01108	0.01720	0.02103	0.11426	0.16264	0.55268	0.01958	0.00906	0.00262	0.00390	0.01662	0.00713	0.00642
6	0.00946	0.00681	0.00927	0.01079	0.01135	0.00662	0.00738	0.01097	0.01420	0.01912	0.03883	0.63171	0.04585	0.02835	0.10576	0.00434	0.00661	0.01970	0.00663	0.00625
7	0.01754	0.01456	0.01670	0.01210	0.01874	0.01197	0.00974	0.10798	0.01849	0.02791	0.01414	0.01607	0.01147	0.00610	0.00589	0.00128	0.00600	0.00482	0.00492	0.67359
8	0.06519	0.02107	0.06508	0.04647	0.14412	0.15620	0.01551	0.14678	0.04209	0.02681	0.01627	0.02062	0.01352	0.04267	0.14021	0.00430	0.01182	0.00663	0.00476	0.00988
9	0.01508	0.00798	0.00808	0.00774	0.00978	0.00813	0.00589	0.05894	0.01717	0.02953	0.02432	0.02763	0.01902	0.00885	0.00545	0.00180	0.00384	0.00705	0.72626	0.00744
10	0.01019	0.00773	0.00939	0.00897	0.01100	0.00693	0.00673	0.01326	0.02019	0.02737	0.49635	0.06167	0.25923	0.01664	0.00895	0.00244	0.00366	0.01442	0.00795	0.00693
11	0.02883	0.02125	0.02276	0.01745	0.02352	0.02352	0.01442	0.66082	0.03566	0.04780	0.01821	0.01821	0.01290	0.00911	0.00759	0.00228	0.00835	0.00683	0.00759	0.01290
12	0.02909	0.02084	0.02251	0.01726	0.02332	0.02291	0.01426	0.63016	0.03498	0.07943	0.01879	0.01858	0.01319	0.00912	0.00759	0.00228	0.00825	0.00687	0.00768	0.01290
13	0.01074	0.00775	0.01014	0.00954	0.01133	0.00716	0.00716	0.01431	0.02147	0.03042	0.68211	0.05666	0.07157	0.01551	0.00895	0.00239	0.00358	0.01372	0.00835	0.00716
14	0.01084	0.00813	0.01219	0.01219	0.01354	0.00948	0.00948	0.01354	0.01219	0.01761	0.02032	0.02980	0.01896	0.05689	0.70337	0.01219	0.02032	0.00813	0.00406	0.00677
15	0.01089	0.00730	0.00831	0.00845	0.00848	0.00726	0.00478	0.01099	0.01130	0.01506	0.02526	0.10118	0.02929	0.67955	0.03641	0.00703	0.00713	0.01183	0.00478	0.00471
16	0.01102	0.00740	0.00853	0.00853	0.00862	0.00749	0.00492	0.01120	0.01111	0.01490	0.02366	0.04832	0.02701	0.68861	0.08265	0.00767	0.00821	0.01084	0.00456	0.00474
17	0.01084	0.00813	0.01219	0.01219	0.01354	0.00948	0.00948	0.01354	0.01219	0.01761	0.02032	0.02980	0.01896	0.05689	0.70337	0.01219	0.02032	0.00813	0.00406	0.00677
18	0.02081	0.69150	0.03854	0.01341	0.01973	0.07460	0.01309	0.02321	0.01582	0.01789	0.01062	0.01227	0.00974	0.00658	0.00500	0.00164	0.00848	0.00411	0.00329	0.00967
19	0.01573	0.01348	0.01573	0.01123	0.01798	0.01011	0.00899	0.01910	0.01573	0.02472	0.01348	0.01573	0.01123	0.00562	0.00562	0.00112	0.00562	0.00449	0.00449	0.77980
20	0.02155	0.32114	0.21391	0.01623	0.02381	0.02099	0.04800	0.02603	0.01720	0.17410	0.01820	0.01872	0.03363	0.00776	0.00647	0.00208	0.00867	0.00593	0.00479	0.01078
21	0.01087	0.00799	0.01150	0.01150	0.01262	0.00911	0.00862	0.01310	0.01199	0.01710	0.02095	0.03329	0.02048	0.17597	0.58636	0.01134	0.01804	0.00864	0.00416	0.00639
22	0.02327	0.01910	0.02229	0.22062	0.05528	0.06348	0.01632	0.38009	0.02712	0.03549	0.01744	0.05322	0.01368	0.00921	0.00764	0.00237	0.00903	0.00740	0.00597	0.01098
23	0.01316	0.04587	0.01343	0.01120	0.01205	0.03556	0.02950	0.01403	0.01220	0.01651	0.02075	0.03983	0.02270	0.50252	0.05263	0.00611	0.09459	0.00958	0.04196	0.00583
24	0.00924	0.00660	0.00880	0.01056	0.01100	0.00616	0.00704	0.01056	0.01452	0.01936	0.04181	0.72848	0.05017	0.02376	0.00968	0.00308	0.00440	0.02156	0.00704	0.00616
25	0.02704	0.02035	0.02175	0.01709	0.02284	0.02268	0.01398	0.54902	0.15039	0.04491	0.02049	0.02003	0.01475	0.00932	0.00761	0.00233	0.00792	0.00714	0.00761	0.01274
26	0.00924	0.00660	0.00880	0.01056	0.01100	0.00616	0.00704	0.01056	0.01452	0.01936	0.04181	0.72848	0.05017	0.02376	0.00968	0.00308	0.00440	0.02156	0.00704	0.00616
27	0.78701	0.01467	0.01115	0.00997	0.01467	0.01702	0.00821	0.02230	0.01291	0.03403	0.01056	0.01232	0.00821	0.00704	0.00469	0.00235	0.00587	0.00411	0.00469	0.00821
28	0.01887	0.01629	0.01715	0.01544	0.01972	0.01887	0.01201	0.04031	0.67241	0.03173	0.03087	0.02830	0.02315	0.01029	0.00772	0.00257	0.00600	0.00858	0.00772	0.01201
29	0.01073	0.00793	0.01127	0.01133	0.01249	0.00890	0.00847	0.01293	0.01231	0.01734	0.02403	0.05930	0.04956	0.15995	0.54556	0.01071	0.01703	0.00939	0.00438	0.00639
30	0.44061	0.01681	0.01593	0.01299	0.01829	0.01871	0.01071	0.24974	0.02187	0.10712	0.01528	0.01581	0.01097	0.00801	0.00602	0.00232	0.00681	0.00544	0.00621	0.01036
31	0.02926	0.02057	0.02234	0.01713	0.02318	0.02252	0.01415	0.61009	0.03453	0.10014	0.01916	0.01883	0.01338	0.00913	0.00759	0.00228	0.00819	0.00689	0.00773	0.01290

[dist]
# distance from previous block
# <min> <max>
0	2

[block]
# block no. 10 follows, 26 sequences, length 53
# corresponding to MSA columns:
# 638-690
name=unknown_K
#
# <colnr> <probs for GDERKNQSTAVLIFYWHMCP>
#	G	D	E	R	K	N	Q	S	T	A	V	L	I	F	Y	W	H	M	C	P
0	0.01521	0.03923	0.69413	0.02162	0.03283	0.01762	0.02802	0.02402	0.01601	0.02402	0.01361	0.01601	0.00961	0.00721	0.00721	0.00240	0.01121	0.00560	0.00320	0.01121
1	0.00965	0.00748	0.00879	0.00895	0.01079	0.00662	0.00653	0.01203	0.01818	0.02375	0.28300	0.20676	0.33252	0.01887	0.00911	0.00261	0.00387	0.01638	0.00750	0.00662
2	0.02063	0.09799	0.17727	0.04761	0.02287	0.01460	0.03845	0.02482	0.01703	0.23026	0.04722	0.02417	0.01730	0.04026	0.11981	0.02661	0.01027	0.00718	0.00557	0.01010
3	0.00988	0.00694	0.00895	0.01007	0.01046	0.00678	0.00657	0.01095	0.01335	0.01791	0.03495	0.47862	0.04116	0.22416	0.07823	0.00506	0.00661	0.01746	0.00610	0.00578
4	0.01588	0.01234	0.01409	0.01287	0.01610	0.01333	0.00998	0.02850	0.35204	0.05784	0.29919	0.04213	0.04371	0.01282	0.00833	0.00252	0.00506	0.03539	0.00802	0.00985
5	0.01506	0.01491	0.02727	0.57489	0.04965	0.01733	0.15198	0.02039	0.01573	0.02039	0.01386	0.02027	0.01040	0.00734	0.00786	0.00253	0.01066	0.00719	0.00347	0.00880
6	0.02055	0.02328	0.14861	0.02704	0.12468	0.01987	0.23416	0.19517	0.07430	0.03118	0.01689	0.01946	0.01255	0.00762	0.00798	0.00241	0.01025	0.00746	0.00502	0.01151
