[name]
unknown

[dist]
# distance from previous block
# <min> <max>
0	65

[block]
# block no. 0 follows, 32 sequences, length 7
# corresponding to MSA columns:
# 77-83
name=unknown_A
#
# <colnr> <probs for GDERKNQSTAVLIFYWHMCP>
#	G	D	E	R	K	N	Q	S	T	A	V	L	I	F	Y	W	H	M	C	P
0	0.01806	0.24375	0.02308	0.06771	0.09241	0.20774	0.01311	0.02241	0.09053	0.01868	0.01617	0.02393	0.01483	0.00851	0.00622	0.00198	0.00832	0.11019	0.00402	0.00835
1	0.01649	0.05958	0.02099	0.01573	0.01923	0.07861	0.16991	0.01911	0.01496	0.12200	0.02680	0.02943	0.17066	0.06257	0.01168	0.00255	0.13882	0.00833	0.00469	0.00785
2	0.01170	0.00750	0.00805	0.00816	0.00989	0.00765	0.00601	0.01671	0.12303	0.02298	0.03110	0.19400	0.09970	0.01197	0.00624	0.00201	0.00367	0.01019	0.41274	0.00669
3	0.00991	0.00735	0.00940	0.00943	0.00970	0.00808	0.00637	0.01070	0.01067	0.01467	0.02286	0.19847	0.02600	0.40443	0.13735	0.00594	0.08825	0.01102	0.00435	0.00503
4	0.01157	0.11818	0.01138	0.00817	0.00992	0.00909	0.00622	0.01378	0.01404	0.02089	0.13257	0.19360	0.03003	0.09312	0.00919	0.00242	0.00426	0.01004	0.29533	0.00620
5	0.01905	0.05330	0.12572	0.02138	0.10852	0.01737	0.17777	0.17642	0.12803	0.07934	0.01673	0.01802	0.01229	0.00708	0.00685	0.00211	0.00829	0.00651	0.00493	0.01029
6	0.01196	0.01170	0.01030	0.01112	0.01220	0.16948	0.00774	0.01325	0.01423	0.01697	0.03102	0.59221	0.03637	0.01786	0.00800	0.00250	0.00573	0.01577	0.00561	0.00597

[dist]
# distance from previous block
# <min> <max>
1	15

[block]
# block no. 1 follows, 32 sequences, length 50
# corresponding to MSA columns:
# 102-128,131-153
name=unknown_B
#
# <colnr> <probs for GDERKNQSTAVLIFYWHMCP>
#	G	D	E	R	K	N	Q	S	T	A	V	L	I	F	Y	W	H	M	C	P
0	0.77478	0.01387	0.01029	0.00922	0.01334	0.04885	0.00753	0.02005	0.01177	0.02946	0.00939	0.01096	0.00733	0.00626	0.00424	0.00206	0.00551	0.00367	0.00412	0.00729
1	0.02232	0.01679	0.02023	0.04186	0.08951	0.04233	0.05113	0.36148	0.11050	0.11066	0.05071	0.01963	0.01522	0.00806	0.00682	0.00207	0.00723	0.00663	0.00618	0.01061
2	0.00814	0.00668	0.00717	0.00731	0.00926	0.00571	0.00538	0.00993	0.01540	0.01899	0.13733	0.15177	0.55941	0.01714	0.00801	0.00231	0.00344	0.01456	0.00636	0.00571
3	0.14473	0.50556	0.02802	0.01219	0.01724	0.16309	0.01110	0.02134	0.01433	0.01817	0.00953	0.01105	0.00840	0.00605	0.00462	0.00159	0.00782	0.00374	0.00319	0.00824
4	0.01765	0.72070	0.08014	0.01198	0.01799	0.02584	0.01234	0.02017	0.01367	0.01614	0.00950	0.01098	0.00860	0.00578	0.00444	0.00148	0.00735	0.00368	0.00287	0.00870
5	0.01251	0.00625	0.00625	0.00625	0.00782	0.00625	0.00469	0.01563	0.01407	0.02502	0.02189	0.02502	0.01720	0.00782	0.00469	0.00156	0.00313	0.00625	0.80144	0.00625
6	0.05779	0.01766	0.01881	0.01478	0.01985	0.01960	0.01211	0.55030	0.13232	0.06102	0.01783	0.01744	0.01276	0.00814	0.00662	0.00206	0.00693	0.00619	0.00667	0.01112
7	0.01251	0.00625	0.00625	0.00625	0.00782	0.00625	0.00469	0.01563	0.01407	0.02502	0.02189	0.02502	0.01720	0.00782	0.00469	0.00156	0.00313	0.00625	0.80144	0.00625
8	0.02208	0.11968	0.05101	0.01698	0.04764	0.46178	0.01322	0.04350	0.12450	0.01919	0.01315	0.01429	0.01060	0.00707	0.00601	0.00181	0.01008	0.00487	0.00395	0.00861
9	0.00934	0.00685	0.00875	0.00828	0.00993	0.00626	0.00621	0.01236	0.01862	0.02603	0.65351	0.05157	0.12914	0.01405	0.00792	0.00213	0.00319	0.01234	0.00727	0.00626
10	0.01794	0.76823	0.03516	0.01148	0.01722	0.02655	0.01148	0.02009	0.01363	0.01579	0.00933	0.01076	0.00861	0.00574	0.00431	0.00144	0.00718	0.00359	0.00287	0.00861
11	0.01669	0.01441	0.01517	0.01365	0.01745	0.01669	0.01062	0.03565	0.71021	0.02807	0.02731	0.02503	0.02048	0.00910	0.00683	0.00228	0.00531	0.00759	0.00683	0.01062
12	0.00930	0.00685	0.00869	0.00823	0.00990	0.00625	0.00617	0.01227	0.01852	0.02579	0.63565	0.05197	0.14716	0.01414	0.00792	0.00213	0.00320	0.01239	0.00724	0.00625
13	0.01794	0.76823	0.03516	0.01148	0.01722	0.02655	0.01148	0.02009	0.01363	0.01579	0.00933	0.01076	0.00861	0.00574	0.00431	0.00144	0.00718	0.00359	0.00287	0.00861
14	0.01153	0.00998	0.01424	0.01312	0.01378	0.01286	0.01046	0.01340	0.01052	0.01561	0.01473	0.02320	0.01430	0.08721	0.41549	0.00750	0.29545	0.00687	0.00338	0.00636
15	0.00973	0.00663	0.00796	0.00796	0.00818	0.00685	0.00486	0.01017	0.00995	0.01348	0.02056	0.04068	0.02299	0.63302	0.16341	0.00729	0.00861	0.00929	0.00398	0.00442
16	0.02506	0.03198	0.01901	0.01729	0.02074	0.73725	0.01296	0.02679	0.01901	0.01642	0.01037	0.01210	0.00864	0.00691	0.00605	0.00173	0.01210	0.00432	0.00346	0.00778
17	0.02506	0.03198	0.01901	0.01729	0.02074	0.73725	0.01296	0.02679	0.01901	0.01642	0.01037	0.01210	0.00864	0.00691	0.00605	0.00173	0.01210	0.00432	0.00346	0.00778
18	0.00985	0.00739	0.00978	0.01034	0.03782	0.00692	0.00772	0.01282	0.01754	0.02396	0.44738	0.05663	0.14660	0.01497	0.00817	0.00235	0.00406	0.16254	0.00680	0.00637
19	0.01617	0.01549	0.02644	0.12020	0.64676	0.01583	0.02037	0.02021	0.01507	0.02139	0.01254	0.01675	0.01044	0.00606	0.00665	0.00202	0.00808	0.00598	0.00328	0.01027
20	0.00798	0.00680	0.00687	0.00685	0.00910	0.00569	0.00514	0.00973	0.01542	0.01842	0.09011	0.06408	0.69729	0.01688	0.00793	0.00226	0.00339	0.01409	0.00627	0.00569
21	0.00979	0.00730	0.01042	0.01032	0.01125	0.00841	0.00774	0.01168	0.01056	0.01509	0.01830	0.02944	0.01802	0.18995	0.57545	0.00968	0.03963	0.00765	0.00367	0.00565
22	0.01391	0.01193	0.01391	0.00994	0.01590	0.00894	0.00795	0.01690	0.01391	0.02186	0.01193	0.01391	0.00994	0.00497	0.00497	0.00099	0.00497	0.00398	0.00398	0.80521
23	0.01267	0.01193	0.02013	0.74806	0.04621	0.01491	0.01863	0.01714	0.01342	0.01714	0.01193	0.01789	0.00894	0.00671	0.00671	0.00224	0.00894	0.00596	0.00298	0.00745
24	0.00817	0.00604	0.00764	0.00885	0.00962	0.00551	0.00602	0.00949	0.01347	0.01758	0.06149	0.61224	0.16921	0.02008	0.00843	0.00262	0.00378	0.01798	0.00626	0.00551
25	0.01545	0.01642	0.03288	0.16457	0.21028	0.01633	0.40175	0.02046	0.01525	0.02080	0.01303	0.01768	0.01007	0.00593	0.00737	0.00219	0.01003	0.00707	0.00330	0.00915
26	0.02551	0.01879	0.02014	0.01544	0.02081	0.02081	0.01275	0.69996	0.03155	0.04229	0.01611	0.01611	0.01141	0.00805	0.00671	0.00201	0.00738	0.00604	0.00671	0.01141
27	0.00815	0.00594	0.00768	0.00908	0.00966	0.00547	0.00611	0.00937	0.01310	0.01723	0.04018	0.68802	0.11410	0.02061	0.00850	0.00268	0.00384	0.01857	0.00623	0.00547
28	0.00834	0.00597	0.00794	0.00923	0.00977	0.00556	0.00624	0.00977	0.01363	0.01838	0.12409	0.66914	0.04680	0.02009	0.00848	0.00265	0.00380	0.01819	0.00638	0.00556
29	0.01299	0.01068	0.01384	0.01188	0.01442	0.03217	0.06417	0.09871	0.06589	0.02710	0.44027	0.08601	0.04513	0.01227	0.00814	0.00218	0.02930	0.01076	0.00660	0.00748
30	0.01681	0.01636	0.02494	0.17871	0.50793	0.06463	0.01932	0.05212	0.01592	0.02155	0.01249	0.01653	0.01020	0.00628	0.00662	0.00202	0.00842	0.00587	0.00342	0.00984
31	0.04587	0.54026	0.02988	0.01300	0.01805	0.22238	0.01175	0.02193	0.01505	0.01643	0.00962	0.01114	0.00858	0.00608	0.00478	0.00154	0.00847	0.00379	0.00307	0.00834
32	0.00962	0.00704	0.01003	0.01003	0.01097	0.00798	0.00745	0.01150	0.01056	0.01502	0.01866	0.03017	0.01843	0.20522	0.58496	0.00986	0.01548	0.00775	0.00370	0.00557
33	0.00976	0.00651	0.00732	0.00732	0.00732	0.00651	0.00407	0.00976	0.00976	0.01301	0.02114	0.04391	0.02439	0.76419	0.03415	0.00651	0.00651	0.00976	0.00407	0.00407
34	0.01267	0.01193	0.02013	0.74806	0.04621	0.01491	0.01863	0.01714	0.01342	0.01714	0.01193	0.01789	0.00894	0.00671	0.00671	0.00224	0.00894	0.00596	0.00298	0.00745
35	0.00974	0.00658	0.00767	0.00767	0.00780	0.00670	0.00451	0.00999	0.00986	0.01327	0.02082	0.04211	0.02361	0.69113	0.10614	0.00694	0.00768	0.00949	0.00402	0.00426
36	0.00959	0.00716	0.01064	0.01064	0.01178	0.00831	0.00820	0.01189	0.01074	0.01547	0.01811	0.02711	0.01710	0.08071	0.70766	0.01060	0.01748	0.00730	0.00361	0.00591
37	0.01647	0.01581	0.02700	0.06495	0.69960	0.01591	0.02053	0.02048	0.01522	0.02176	0.01260	0.01665	0.01057	0.00600	0.00664	0.00200	0.00800	0.00598	0.00331	0.01052
38	0.00944	0.00686	0.00889	0.00838	0.00999	0.00631	0.00628	0.01255	0.01885	0.02657	0.69408	0.05067	0.08823	0.01384	0.00791	0.00212	0.00317	0.01221	0.00734	0.00631
39	0.02435	0.03080	0.01912	0.01731	0.02053	0.68825	0.01308	0.02607	0.01842	0.01640	0.01026	0.01228	0.00865	0.00724	0.00714	0.00181	0.06268	0.00443	0.00342	0.00775
40	0.00818	0.00584	0.00779	0.00934	0.00973	0.00545	0.00623	0.00934	0.01285	0.01713	0.03698	0.75981	0.04438	0.02102	0.00856	0.00273	0.00389	0.01908	0.00623	0.00545
41	0.01717	0.01666	0.02366	0.09382	0.45600	0.09882	0.01806	0.02062	0.01529	0.04414	0.01396	0.02012	0.01215	0.00752	0.00801	0.00213	0.06890	0.04982	0.00363	0.00950
42	0.01681	0.01790	0.02765	0.21323	0.23356	0.11866	0.21495	0.03828	0.01591	0.02032	0.01249	0.01671	0.00981	0.00626	0.00695	0.00210	0.00976	0.00630	0.00336	0.00898
43	0.01505	0.20213	0.33661	0.01640	0.04908	0.03698	0.04006	0.02051	0.03404	0.02036	0.03867	0.01516	0.01131	0.00634	0.00579	0.00178	0.00814	0.00495	0.00336	0.13328
44	0.01251	0.00625	0.00625	0.00625	0.00782	0.00625	0.00469	0.01563	0.01407	0.02502	0.02189	0.02502	0.01720	0.00782	0.00469	0.00156	0.00313	0.00625	0.80144	0.00625
45	0.01391	0.01193	0.01391	0.00994	0.01590	0.00894	0.00795	0.01690	0.01391	0.02186	0.01193	0.01391	0.00994	0.00497	0.00497	0.00099	0.00497	0.00398	0.00398	0.80521
46	0.00976	0.00651	0.00732	0.00732	0.00732	0.00651	0.00407	0.00976	0.00976	0.01301	0.02114	0.04391	0.02439	0.76419	0.03415	0.00651	0.00651	0.00976	0.00407	0.00407
47	0.01166	0.00583	0.00874	0.00874	0.00874	0.00583	0.00583	0.00874	0.00874	0.01166	0.01166	0.02040	0.01166	0.02331	0.02622	0.80478	0.00583	0.00583	0.00291	0.00291
48	0.02082	0.01246	0.01585	0.01413	0.07368	0.01192	0.01039	0.12239	0.06472	0.26881	0.11927	0.02477	0.04041	0.00867	0.00705	0.00193	0.02593	0.00711	0.00651	0.14318
49	0.01786	0.74013	0.03533	0.01211	0.01789	0.02619	0.03719	0.02014	0.01372	0.01600	0.00949	0.01104	0.00867	0.00574	0.00444	0.00147	0.00733	0.00375	0.00289	0.00863

[dist]
# distance from previous block
# <min> <max>
0	1

[block]
# block no. 2 follows, 32 sequences, length 26
# corresponding to MSA columns:
# 155-162,172-177,179-190
name=unknown_C
#
# <colnr> <probs for GDERKNQSTAVLIFYWHMCP>
#	G	D	E	R	K	N	Q	S	T	A	V	L	I	F	Y	W	H	M	C	P
0	0.01794	0.76823	0.03516	0.01148	0.01722	0.02655	0.01148	0.02009	0.01363	0.01579	0.00933	0.01076	0.00861	0.00574	0.00431	0.00144	0.00718	0.00359	0.00287	0.00861
1	0.02400	0.01762	0.01891	0.01466	0.01951	0.01944	0.01192	0.63376	0.02946	0.03948	0.01659	0.01878	0.01266	0.08058	0.00934	0.00244	0.00730	0.00640	0.00646	0.01071
2	0.01455	0.01595	0.09141	0.35510	0.35355	0.01545	0.02012	0.01911	0.01434	0.01972	0.01225	0.01695	0.00967	0.00634	0.00665	0.00211	0.00859	0.00587	0.00312	0.00914
3	0.01251	0.00625	0.00625	0.00625	0.00782	0.00625	0.00469	0.01563	0.01407	0.02502	0.02189	0.02502	0.01720	0.00782	0.00469	0.00156	0.00313	0.00625	0.80144	0.00625
4	0.02883	0.01169	0.01556	0.01200	0.01703	0.01041	0.00988	0.07539	0.02000	0.64915	0.05848	0.02369	0.01847	0.00854	0.00680	0.00207	0.00570	0.00696	0.00816	0.01118
5	0.00966	0.00732	0.00913	0.01001	0.01177	0.00688	0.00834	0.01209	0.01515	0.01904	0.04738	0.07010	0.29941	0.04899	0.00979	0.00292	0.00513	0.39490	0.00611	0.00589
6	0.01375	0.01303	0.02207	0.55422	0.23162	0.01519	0.01917	0.01809	0.01393	0.01845	0.01212	0.01754	0.00941	0.00651	0.00669	0.00217	0.00868	0.00597	0.00307	0.00832
7	0.01011	0.00755	0.01012	0.00986	0.01042	0.00864	0.00704	0.01137	0.01029	0.01449	0.01856	0.03308	0.01943	0.36230	0.36322	0.00820	0.07812	0.00821	0.00374	0.00526
8	0.01251	0.00625	0.00625	0.00625	0.00782	0.00625	0.00469	0.01563	0.01407	0.02502	0.02189	0.02502	0.01720	0.00782	0.00469	0.00156	0.00313	0.00625	0.80144	0.00625
9	0.01578	0.01614	0.02397	0.01946	0.02108	0.04622	0.13981	0.04981	0.01262	0.01837	0.01008	0.01528	0.00918	0.01028	0.01813	0.00272	0.55381	0.00620	0.00322	0.00786
10	0.00911	0.00684	0.00844	0.00804	0.00979	0.00617	0.00603	0.01192	0.01809	0.02477	0.56016	0.05364	0.22328	0.01452	0.00792	0.00215	0.00322	0.01263	0.00710	0.00617
11	0.01458	0.02162	0.25923	0.02800	0.27390	0.01503	0.16964	0.01992	0.01480	0.02114	0.01500	0.08806	0.01310	0.00749	0.00702	0.00217	0.00895	0.00734	0.00346	0.00955
12	0.01907	0.01683	0.01671	0.01346	0.01819	0.14568	0.02988	0.07286	0.15784	0.09461	0.01645	0.01705	0.01258	0.00701	0.00661	0.00168	0.03631	0.00539	0.00503	0.30677
13	0.01251	0.00625	0.00625	0.00625	0.00782	0.00625	0.00469	0.01563	0.01407	0.02502	0.02189	0.02502	0.01720	0.00782	0.00469	0.00156	0.00313	0.00625	0.80144	0.00625
14	0.01689	0.08359	0.29365	0.01895	0.02581	0.01794	0.15193	0.16292	0.04921	0.02513	0.01409	0.03454	0.01092	0.00738	0.00768	0.00215	0.05731	0.00619	0.00403	0.00970
15	0.01640	0.24360	0.33327	0.02074	0.14867	0.03827	0.03841	0.02143	0.01460	0.04898	0.01195	0.01403	0.00930	0.00619	0.00587	0.00189	0.00870	0.00488	0.00319	0.00964
16	0.03800	0.16177	0.24158	0.02606	0.25324	0.01795	0.12762	0.02082	0.01462	0.02074	0.01189	0.01486	0.00945	0.00601	0.00626	0.00197	0.00886	0.00547	0.00313	0.00969
17	0.01986	0.42885	0.07497	0.01315	0.01860	0.04602	0.01246	0.14279	0.03997	0.08134	0.01345	0.03203	0.01105	0.00714	0.00591	0.00176	0.03206	0.00499	0.00424	0.00935
18	0.00823	0.00672	0.00728	0.00733	0.00930	0.00576	0.00543	0.01014	0.01572	0.01960	0.18105	0.12868	0.53782	0.01680	0.00799	0.00228	0.00340	0.01427	0.00644	0.00576
19	0.01391	0.01193	0.01391	0.00994	0.01590	0.00894	0.00795	0.01690	0.01391	0.02186	0.01193	0.01391	0.00994	0.00497	0.00497	0.00099	0.00497	0.00398	0.00398	0.80521
20	0.15509	0.06442	0.09062	0.01345	0.06312	0.01193	0.04976	0.01676	0.01429	0.02267	0.10204	0.09365	0.07792	0.00907	0.00615	0.00188	0.00580	0.00761	0.00454	0.18923
21	0.66859	0.01191	0.00985	0.00900	0.01256	0.01377	0.00725	0.01823	0.01125	0.02738	0.01104	0.01455	0.00935	0.05038	0.09917	0.00341	0.00689	0.00440	0.00408	0.00694
22	0.00911	0.01013	0.10631	0.01006	0.01217	0.00708	0.00851	0.01126	0.01337	0.01763	0.03867	0.41105	0.18274	0.08933	0.01061	0.00292	0.00496	0.04254	0.00556	0.00600
23	0.01669	0.04722	0.02442	0.03322	0.52649	0.05234	0.01771	0.04830	0.04743	0.02218	0.01760	0.02160	0.05902	0.00738	0.00670	0.00202	0.00764	0.02818	0.00389	0.00996
24	0.50294	0.11943	0.14578	0.01200	0.01755	0.01697	0.03657	0.04328	0.01307	0.02665	0.01022	0.01192	0.00792	0.00623	0.00480	0.00200	0.00662	0.00411	0.00380	0.00814
25	0.03458	0.17038	0.14939	0.01606	0.08225	0.03525	0.01392	0.02057	0.04274	0.10230	0.01476	0.01760	0.01193	0.01603	0.15880	0.00378	0.06487	0.00554	0.00395	0.03529

[dist]
# distance from previous block
# <min> <max>
3	23

[block]
# block no. 3 follows, 32 sequences, length 7
# corresponding to MSA columns:
# 214-220
name=unknown_D
#
# <colnr> <probs for GDERKNQSTAVLIFYWHMCP>
#	G	D	E	R	K	N	Q	S	T	A	V	L	I	F	Y	W	H	M	C	P
0	0.02060	0.01219	0.01681	0.01708	0.13530	0.01240	0.01162	0.10895	0.04569	0.27519	0.05568	0.02341	0.01745	0.03975	0.14465	0.00386	0.03687	0.00698	0.00594	0.00960
1	0.01612	0.25041	0.06158	0.03222	0.01751	0.09594	0.03121	0.05850	0.03170	0.04108	0.03882	0.10752	0.01723	0.05646	0.09087	0.00319	0.03042	0.00723	0.00414	0.00783
2	0.01640	0.01506	0.02452	0.03559	0.58702	0.01518	0.01838	0.07441	0.01633	0.02304	0.01559	0.09839	0.01441	0.00780	0.00686	0.00208	0.00747	0.00743	0.00392	0.01012
3	0.00959	0.00719	0.01078	0.01078	0.01198	0.00839	0.00839	0.01198	0.01078	0.01558	0.01797	0.02636	0.01677	0.05032	0.73760	0.01078	0.01797	0.00719	0.00359	0.00599
4	0.01523	0.01258	0.01540	0.01745	0.15902	0.04562	0.01106	0.12240	0.10772	0.04625	0.10406	0.19658	0.09415	0.01218	0.00736	0.00223	0.00575	0.01062	0.00585	0.00850
5	0.01760	0.01527	0.07938	0.08804	0.20692	0.01440	0.05051	0.04886	0.09229	0.14118	0.01904	0.07086	0.01581	0.00893	0.00823	0.00226	0.06763	0.03833	0.00491	0.00955
6	0.01808	0.02425	0.26672	0.02010	0.08821	0.12453	0.11091	0.07528	0.03834	0.09025	0.01815	0.01947	0.06025	0.00747	0.00675	0.00207	0.00906	0.00634	0.00424	0.00952

[dist]
# distance from previous block
# <min> <max>
4	15

[block]
# block no. 4 follows, 32 sequences, length 29
# corresponding to MSA columns:
# 237-251,274-287
name=unknown_E
#
# <colnr> <probs for GDERKNQSTAVLIFYWHMCP>
#	G	D	E	R	K	N	Q	S	T	A	V	L	I	F	Y	W	H	M	C	P
0	0.01853	0.66031	0.06281	0.01221	0.01809	0.02550	0.01217	0.09006	0.01550	0.01874	0.01014	0.01146	0.00889	0.00601	0.00464	0.00152	0.00731	0.00390	0.00326	0.00895
1	0.01295	0.01102	0.01513	0.01357	0.01410	0.01413	0.01074	0.01437	0.01101	0.04558	0.01717	0.08173	0.03838	0.14039	0.14218	0.00476	0.39435	0.00806	0.00382	0.00655
2	0.02092	0.31380	0.04704	0.01504	0.01932	0.33032	0.01292	0.05767	0.01654	0.01763	0.01015	0.01212	0.00879	0.00700	0.00706	0.00177	0.08597	0.00431	0.00333	0.00831
3	0.05902	0.07362	0.06419	0.03076	0.10178	0.07371	0.01209	0.15207	0.01865	0.05102	0.08854	0.02373	0.07574	0.00840	0.00633	0.00187	0.00671	0.02093	0.00496	0.12589
4	0.01534	0.07907	0.46335	0.01774	0.05085	0.01498	0.04431	0.04051	0.01563	0.08575	0.07568	0.01945	0.03323	0.00743	0.00651	0.00207	0.00849	0.00606	0.00396	0.00958
5	0.00818	0.00584	0.00779	0.00934	0.00973	0.00545	0.00623	0.00934	0.01285	0.01713	0.03698	0.75981	0.04438	0.02102	0.00856	0.00273	0.00389	0.01908	0.00623	0.00545
6	0.58552	0.15162	0.01554	0.00999	0.01456	0.01775	0.00860	0.08988	0.01390	0.02874	0.01004	0.01141	0.00794	0.00633	0.00444	0.00195	0.00578	0.00387	0.00418	0.00794
7	0.00955	0.00698	0.00964	0.00964	0.01056	0.00773	0.00704	0.01126	0.01074	0.01501	0.02141	0.03310	0.05511	0.24277	0.50862	0.00918	0.01410	0.00825	0.00386	0.00545
8	0.00815	0.00592	0.00770	0.00912	0.00967	0.00547	0.00613	0.00937	0.01306	0.01721	0.03964	0.70011	0.10236	0.02068	0.00851	0.00269	0.00385	0.01865	0.00623	0.00547
9	0.02367	0.17616	0.02218	0.01615	0.02005	0.59807	0.01267	0.02548	0.01796	0.01630	0.01017	0.01184	0.00864	0.00668	0.00571	0.00167	0.01114	0.00418	0.00334	0.00794
10	0.01581	0.01376	0.01712	0.01937	0.16818	0.01521	0.01279	0.02923	0.45906	0.02558	0.02536	0.03066	0.02103	0.00982	0.00715	0.00233	0.00601	0.10558	0.00598	0.00997
11	0.01981	0.01597	0.01693	0.01429	0.01864	0.01815	0.01138	0.27095	0.46983	0.03310	0.02334	0.02187	0.01727	0.00873	0.00679	0.00218	0.00604	0.00704	0.00679	0.01090
12	0.00796	0.00668	0.00692	0.00711	0.00914	0.00564	0.00523	0.00959	0.01500	0.01801	0.06422	0.14868	0.63792	0.01748	0.00801	0.00232	0.00346	0.01476	0.00623	0.00564
13	0.02551	0.01879	0.02014	0.01544	0.02081	0.02081	0.01275	0.69996	0.03155	0.04229	0.01611	0.01611	0.01141	0.00805	0.00671	0.00201	0.00738	0.00604	0.00671	0.01141
14	0.02127	0.22306	0.11481	0.01455	0.05560	0.01699	0.01297	0.13562	0.01884	0.22673	0.07980	0.01941	0.01639	0.00767	0.00612	0.00190	0.00683	0.00598	0.00549	0.00995
15	0.01937	0.01949	0.15759	0.02653	0.25808	0.03627	0.15119	0.05222	0.01681	0.17254	0.01573	0.01762	0.01139	0.00660	0.00685	0.00208	0.00860	0.00629	0.00445	0.01030
16	0.02486	0.01859	0.01844	0.01497	0.01951	0.22477	0.06584	0.09883	0.05492	0.30689	0.04617	0.02106	0.03781	0.00818	0.00672	0.00200	0.00802	0.00653	0.00615	0.00975
17	0.01338	0.01332	0.02341	0.01877	0.02133	0.01543	0.23013	0.01649	0.01221	0.01766	0.01333	0.01959	0.01185	0.02244	0.25186	0.00529	0.27582	0.00695	0.00330	0.00744
18	0.01465	0.01755	0.14489	0.09753	0.40618	0.01458	0.04860	0.01900	0.01420	0.02023	0.01352	0.01909	0.01155	0.06501	0.06238	0.00303	0.00917	0.00625	0.00328	0.00932
19	0.07826	0.15620	0.51827	0.01692	0.02534	0.05518	0.02054	0.02122	0.01411	0.02078	0.01128	0.01323	0.00843	0.00628	0.00583	0.00198	0.00919	0.00459	0.00298	0.00937
20	0.00940	0.00663	0.00762	0.00790	0.00851	0.00639	0.00512	0.01013	0.01160	0.01500	0.03247	0.10820	0.15481	0.49122	0.02474	0.00508	0.00569	0.07994	0.00485	0.00469
21	0.01652	0.02522	0.39372	0.02129	0.07626	0.01474	0.17364	0.02263	0.01554	0.12520	0.04022	0.01780	0.01221	0.00674	0.00685	0.00214	0.00923	0.00622	0.00396	0.00986
22	0.01174	0.01019	0.01625	0.15166	0.24201	0.01054	0.01315	0.01445	0.01380	0.01875	0.02474	0.36933	0.02717	0.01362	0.00765	0.00242	0.00616	0.03420	0.00473	0.00747
23	0.01166	0.00583	0.00874	0.00874	0.00874	0.00583	0.00583	0.00874	0.00874	0.01166	0.01166	0.02040	0.01166	0.02331	0.02622	0.80478	0.00583	0.00583	0.00291	0.00291
24	0.02182	0.09392	0.02583	0.04540	0.15341	0.06990	0.16033	0.10340	0.01842	0.21637	0.01650	0.01768	0.01185	0.00686	0.00667	0.00201	0.00826	0.00624	0.00505	0.01008
25	0.01994	0.07442	0.08030	0.06165	0.19810	0.01418	0.11270	0.02385	0.01657	0.24742	0.06885	0.02070	0.01594	0.00730	0.00675	0.00205	0.00752	0.00669	0.00514	0.00995
26	0.01235	0.01125	0.01608	0.01449	0.01504	0.01498	0.01180	0.01424	0.01051	0.01589	0.01300	0.02003	0.01246	0.02941	0.34971	0.00653	0.41582	0.00648	0.00324	0.00672
27	0.01794	0.76823	0.03516	0.01148	0.01722	0.02655	0.01148	0.02009	0.01363	0.01579	0.00933	0.01076	0.00861	0.00574	0.00431	0.00144	0.00718	0.00359	0.00287	0.00861
28	0.01744	0.43341	0.21881	0.01532	0.02218	0.04025	0.07613	0.04642	0.01497	0.04313	0.01130	0.01297	0.00910	0.00611	0.00540	0.00174	0.00836	0.00456	0.00325	0.00918

[dist]
# distance from previous block
# <min> <max>
0	1

[block]
# block no. 5 follows, 32 sequences, length 7
# corresponding to MSA columns:
# 289,291-296
name=unknown_F
#
# <colnr> <probs for GDERKNQSTAVLIFYWHMCP>
#	G	D	E	R	K	N	Q	S	T	A	V	L	I	F	Y	W	H	M	C	P
0	0.01355	0.01820	0.17395	0.02185	0.08380	0.01404	0.28002	0.01833	0.01501	0.02113	0.09654	0.12251	0.02054	0.00928	0.00853	0.00230	0.05888	0.00901	0.00408	0.00844
1	0.08383	0.52462	0.20325	0.01313	0.01976	0.02289	0.01439	0.02034	0.01358	0.01833	0.00999	0.01161	0.00847	0.00594	0.00480	0.00166	0.00768	0.00393	0.00297	0.00882
2	0.02362	0.18471	0.02253	0.01585	0.02001	0.50471	0.01263	0.10396	0.01935	0.01931	0.01082	0.01229	0.00896	0.00680	0.00576	0.00170	0.01052	0.00437	0.00371	0.00838
3	0.00976	0.00651	0.00732	0.00732	0.00732	0.00651	0.00407	0.00976	0.00976	0.01301	0.02114	0.04391	0.02439	0.76419	0.03415	0.00651	0.00651	0.00976	0.00407	0.00407
4	0.01251	0.00625	0.00625	0.00625	0.00782	0.00625	0.00469	0.01563	0.01407	0.02502	0.02189	0.02502	0.01720	0.00782	0.00469	0.00156	0.00313	0.00625	0.80144	0.00625
5	0.01195	0.11727	0.10583	0.01012	0.01382	0.01073	0.00940	0.01573	0.04390	0.05405	0.27473	0.04205	0.24081	0.01220	0.00712	0.00207	0.00487	0.01019	0.00584	0.00732
6	0.01306	0.01111	0.03341	0.03495	0.09064	0.03054	0.02924	0.09486	0.03620	0.02282	0.05963	0.22757	0.11978	0.01329	0.00736	0.00228	0.00551	0.05917	0.10117	0.00742

[dist]
# distance from previous block
# <min> <max>
0	2

[block]
# block no. 6 follows, 32 sequences, length 43
# corresponding to MSA columns:
# 302-344
name=unknown_G
#
# <colnr> <probs for GDERKNQSTAVLIFYWHMCP>
#	G	D	E	R	K	N	Q	S	T	A	V	L	I	F	Y	W	H	M	C	P
0	0.01652	0.10948	0.27431	0.08563	0.05050	0.15823	0.01816	0.02073	0.01421	0.01828	0.01075	0.01392	0.00872	0.00755	0.00939	0.00215	0.16484	0.00500	0.00301	0.00861
1	0.01843	0.29296	0.13163	0.01594	0.02198	0.04640	0.09915	0.14397	0.12307	0.02390	0.01423	0.01534	0.01109	0.00679	0.00593	0.00188	0.00802	0.00540	0.00423	0.00963
2	0.04015	0.07123	0.21504	0.01603	0.04128	0.05923	0.03833	0.16658	0.05515	0.11163	0.03872	0.01714	0.01279	0.00717	0.00628	0.00193	0.00777	0.00566	0.00489	0.08299
3	0.20830	0.15593	0.17091	0.01472	0.07783	0.01590	0.01324	0.02053	0.03249	0.05042	0.01190	0.01354	0.00935	0.00604	0.00521	0.00174	0.00677	0.00441	0.00376	0.17699
4	0.26429	0.01323	0.01469	0.01164	0.01655	0.01342	0.00961	0.15028	0.01911	0.39274	0.01943	0.01802	0.01285	0.00763	0.00596	0.00206	0.00586	0.00568	0.00677	0.01017
5	0.01440	0.07701	0.49408	0.02117	0.02995	0.01667	0.21029	0.02124	0.01459	0.02097	0.01229	0.01504	0.00897	0.00614	0.00667	0.00212	0.01013	0.00569	0.00299	0.00959
6	0.00959	0.00719	0.01078	0.01078	0.01198	0.00839	0.00839	0.01198	0.01078	0.01558	0.01797	0.02636	0.01677	0.05032	0.73760	0.01078	0.01797	0.00719	0.00359	0.00599
7	0.00950	0.00686	0.00897	0.00844	0.01002	0.00633	0.00633	0.01266	0.01899	0.02691	0.71879	0.05012	0.06331	0.01372	0.00791	0.00211	0.00317	0.01213	0.00739	0.00633
8	0.01822	0.73937	0.03453	0.01171	0.01736	0.05441	0.01154	0.02035	0.01384	0.01581	0.00937	0.01082	0.00861	0.00579	0.00437	0.00145	0.00737	0.00362	0.00289	0.00858
9	0.00818	0.00584	0.00779	0.00934	0.00973	0.00545	0.00623	0.00934	0.01285	0.01713	0.03698	0.75981	0.04438	0.02102	0.00856	0.00273	0.00389	0.01908	0.00623	0.00545
10	0.01009	0.00747	0.00927	0.01014	0.01116	0.00749	0.00706	0.05644	0.07879	0.01977	0.03473	0.64351	0.04003	0.01908	0.00828	0.00264	0.00425	0.01717	0.00632	0.00632
11	0.00835	0.00611	0.00792	0.00917	0.00989	0.00558	0.00620	0.00962	0.01307	0.01736	0.03850	0.68220	0.09445	0.02018	0.00840	0.00263	0.00389	0.01820	0.00615	0.03214
12	0.02506	0.03198	0.01901	0.01729	0.02074	0.73725	0.01296	0.02679	0.01901	0.01642	0.01037	0.01210	0.00864	0.00691	0.00605	0.00173	0.01210	0.00432	0.00346	0.00778
13	0.01391	0.01193	0.01391	0.00994	0.01590	0.00894	0.00795	0.01690	0.01391	0.02186	0.01193	0.01391	0.00994	0.00497	0.00497	0.00099	0.00497	0.00398	0.00398	0.80521
14	0.01346	0.03471	0.72942	0.01912	0.02904	0.01558	0.02479	0.02125	0.01417	0.02125	0.01204	0.01417	0.00850	0.00637	0.00637	0.00212	0.00992	0.00496	0.00283	0.00992
15	0.01288	0.01214	0.02050	0.71121	0.08146	0.01496	0.01874	0.01732	0.01351	0.01739	0.01196	0.01782	0.00903	0.00667	0.00670	0.00222	0.00889	0.00596	0.00300	0.00762
16	0.00959	0.00715	0.01060	0.01060	0.01174	0.00829	0.00816	0.01187	0.01073	0.01544	0.01814	0.02727	0.01717	0.08754	0.70093	0.01056	0.01737	0.00732	0.00362	0.00589
17	0.01669	0.01441	0.01517	0.01365	0.01745	0.01669	0.01062	0.03565	0.71021	0.02807	0.02731	0.02503	0.02048	0.00910	0.00683	0.00228	0.00531	0.00759	0.00683	0.01062
18	0.81159	0.01298	0.00986	0.00882	0.01298	0.01505	0.00727	0.01972	0.01142	0.03010	0.00934	0.01090	0.00727	0.00623	0.00415	0.00208	0.00519	0.00363	0.00415	0.00727
19	0.00959	0.00719	0.01078	0.01078	0.01198	0.00839	0.00839	0.01198	0.01078	0.01558	0.01797	0.02636	0.01677	0.05032	0.73760	0.01078	0.01797	0.00719	0.00359	0.00599
20	0.01647	0.01482	0.02572	0.21428	0.44850	0.01536	0.07643	0.02062	0.01513	0.06815	0.01346	0.01747	0.01057	0.00629	0.00677	0.00208	0.00834	0.00619	0.00358	0.00976
21	0.81159	0.01298	0.00986	0.00882	0.01298	0.01505	0.00727	0.01972	0.01142	0.03010	0.00934	0.01090	0.00727	0.00623	0.00415	0.00208	0.00519	0.00363	0.00415	0.00727
22	0.01429	0.08857	0.15137	0.09788	0.06230	0.01388	0.03041	0.04510	0.03993	0.02122	0.05237	0.01863	0.01372	0.04344	0.02677	0.00219	0.02482	0.00563	0.00386	0.24361
23	0.02551	0.01879	0.02014	0.01544	0.02081	0.02081	0.01275	0.69996	0.03155	0.04229	0.01611	0.01611	0.01141	0.00805	0.00671	0.00201	0.00738	0.00604	0.00671	0.01141
24	0.03010	0.01142	0.01557	0.01194	0.01713	0.00986	0.00986	0.03270	0.01920	0.72698	0.02647	0.02284	0.01661	0.00830	0.00675	0.00208	0.00571	0.00675	0.00830	0.01142
25	0.01460	0.01458	0.02137	0.08578	0.04486	0.01976	0.03792	0.01657	0.01092	0.01661	0.00938	0.01515	0.00893	0.01088	0.01962	0.00282	0.63380	0.00595	0.00297	0.00752
26	0.01267	0.01193	0.02013	0.74806	0.04621	0.01491	0.01863	0.01714	0.01342	0.01714	0.01193	0.01789	0.00894	0.00671	0.00671	0.00224	0.00894	0.00596	0.00298	0.00745
27	0.00805	0.00680	0.00696	0.00692	0.00913	0.00571	0.00519	0.00985	0.01557	0.01877	0.11571	0.06351	0.67147	0.01675	0.00793	0.00225	0.00338	0.01401	0.00632	0.00571
28	0.01166	0.00583	0.00874	0.00874	0.00874	0.00583	0.00583	0.00874	0.00874	0.01166	0.01166	0.02040	0.01166	0.02331	0.02622	0.80478	0.00583	0.00583	0.00291	0.00291
29	0.01622	0.01701	0.05372	0.35551	0.14727	0.09425	0.06844	0.08182	0.01600	0.02059	0.01218	0.01654	0.00947	0.00696	0.00767	0.00216	0.05625	0.00589	0.00345	0.00859
30	0.02476	0.01843	0.01972	0.01529	0.02053	0.02046	0.01257	0.64401	0.08871	0.04109	0.01705	0.01686	0.01217	0.00814	0.00672	0.00204	0.00721	0.00617	0.00672	0.01134
31	0.00798	0.00680	0.00687	0.00685	0.00910	0.00569	0.00514	0.00973	0.01542	0.01843	0.09038	0.06408	0.69702	0.01688	0.00793	0.00226	0.00339	0.01409	0.00627	0.00569
32	0.00959	0.00719	0.01078	0.01078	0.01198	0.00839	0.00839	0.01198	0.01078	0.01558	0.01797	0.02636	0.01677	0.05032	0.73760	0.01078	0.01797	0.00719	0.00359	0.00599
33	0.01222	0.01178	0.04067	0.01588	0.07326	0.07026	0.07424	0.01507	0.01491	0.01917	0.02912	0.27284	0.03191	0.01569	0.00833	0.00266	0.00671	0.27309	0.00535	0.00685
34	0.01346	0.03471	0.72942	0.01912	0.02904	0.01558	0.02479	0.02125	0.01417	0.02125	0.01204	0.01417	0.00850	0.00637	0.00637	0.00212	0.00992	0.00496	0.00283	0.00992
35	0.02506	0.03198	0.01901	0.01729	0.02074	0.73725	0.01296	0.02679	0.01901	0.01642	0.01037	0.01210	0.00864	0.00691	0.00605	0.00173	0.01210	0.00432	0.00346	0.00778
36	0.01251	0.00625	0.00625	0.00625	0.00782	0.00625	0.00469	0.01563	0.01407	0.02502	0.02189	0.02502	0.01720	0.00782	0.00469	0.00156	0.00313	0.00625	0.80144	0.00625
37	0.00976	0.00651	0.00732	0.00732	0.00732	0.00651	0.00407	0.00976	0.00976	0.01301	0.02114	0.04391	0.02439	0.76419	0.03415	0.00651	0.00651	0.00976	0.00407	0.00407
38	0.16002	0.04359	0.02124	0.45716	0.09487	0.01568	0.07874	0.01843	0.01344	0.02027	0.01156	0.01623	0.00888	0.00642	0.00625	0.00216	0.00832	0.00562	0.00326	0.00788
39	0.08026	0.01218	0.01392	0.03663	0.01663	0.01097	0.00876	0.07912	0.06429	0.04795	0.09643	0.01930	0.01701	0.00683	0.00565	0.00147	0.00518	0.00550	0.00493	0.46700
40	0.01630	0.08184	0.20841	0.02621	0.23761	0.07622	0.12622	0.02140	0.03518	0.02040	0.01226	0.01546	0.00981	0.00671	0.00796	0.00210	0.07743	0.00573	0.00325	0.00950
41	0.02103	0.02245	0.01945	0.04212	0.06546	0.36718	0.06308	0.10172	0.01910	0.05211	0.04086	0.06275	0.01526	0.00857	0.00670	0.00197	0.00949	0.04127	0.00448	0.03494
42	0.06126	0.01909	0.07976	0.03847	0.01967	0.12989	0.01254	0.27571	0.02175	0.04922	0.09114	0.02143	0.05555	0.00884	0.00763	0.00204	0.05839	0.00658	0.00534	0.03569

[dist]
# distance from previous block
# <min> <max>
1	5

[block]
# block no. 7 follows, 32 sequences, length 7
# corresponding to MSA columns:
# 390-396
name=unknown_H
#
# <colnr> <probs for GDERKNQSTAVLIFYWHMCP>
#	G	D	E	R	K	N	Q	S	T	A	V	L	I	F	Y	W	H	M	C	P
0	0.04153	0.04762	0.01951	0.06969	0.02096	0.17835	0.04391	0.22590	0.01945	0.02478	0.01331	0.01747	0.01119	0.07242	0.03420	0.00270	0.10649	0.00582	0.00441	0.04030
1	0.01854	0.07118	0.09253	0.01547	0.07062	0.14774	0.01239	0.08032	0.08152	0.08488	0.01802	0.04699	0.04128	0.02551	0.00682	0.00190	0.00742	0.00615	0.00470	0.16603
2	0.00965	0.00694	0.00955	0.00955	0.01032	0.00771	0.00684	0.01119	0.01042	0.01466	0.01910	0.03263	0.01950	0.30532	0.48632	0.00926	0.01388	0.00811	0.00376	0.00530
3	0.01163	0.00858	0.00953	0.00886	0.01140	0.00803	0.00687	0.10248	0.01794	0.05446	0.14288	0.10552	0.42194	0.01535	0.00783	0.00228	0.00418	0.04692	0.00654	0.00678
4	0.01844	0.01575	0.07638	0.01804	0.02362	0.01351	0.24609	0.07276	0.01679	0.17401	0.01789	0.07987	0.01429	0.00791	0.00768	0.00206	0.04229	0.00750	0.00497	0.14015
5	0.01996	0.01589	0.01976	0.01613	0.01993	0.01799	0.06252	0.38325	0.05275	0.03174	0.01859	0.02694	0.01608	0.01042	0.00989	0.00239	0.13535	0.12511	0.00573	0.00958
6	0.04368	0.01292	0.03618	0.01199	0.01543	0.01292	0.00985	0.29420	0.02121	0.04881	0.03047	0.12375	0.14358	0.06848	0.00941	0.00262	0.00601	0.09406	0.00614	0.00829

[dist]
# distance from previous block
# <min> <max>
4	23

[block]
# block no. 8 follows, 32 sequences, length 32
# corresponding to MSA columns:
# 420-451
name=unknown_I
#
# <colnr> <probs for GDERKNQSTAVLIFYWHMCP>
#	G	D	E	R	K	N	Q	S	T	A	V	L	I	F	Y	W	H	M	C	P
0	0.01039	0.00762	0.01008	0.01097	0.01244	0.00759	0.00886	0.01423	0.06627	0.02146	0.17902	0.21581	0.04375	0.01738	0.00865	0.00274	0.00498	0.34490	0.00649	0.00638
1	0.01251	0.00625	0.00625	0.00625	0.00782	0.00625	0.00469	0.01563	0.01407	0.02502	0.02189	0.02502	0.01720	0.00782	0.00469	0.00156	0.00313	0.00625	0.80144	0.00625
2	0.00816	0.00588	0.00774	0.00923	0.00970	0.00546	0.00618	0.00936	0.01295	0.01717	0.03831	0.73002	0.07331	0.02085	0.00854	0.00271	0.00387	0.01886	0.00623	0.00546
3	0.01346	0.03471	0.72942	0.01912	0.02904	0.01558	0.02479	0.02125	0.01417	0.02125	0.01204	0.01417	0.00850	0.00637	0.00637	0.00212	0.00992	0.00496	0.00283	0.00992
4	0.01581	0.01891	0.13036	0.03203	0.38830	0.01658	0.15483	0.02100	0.04130	0.02140	0.01291	0.01668	0.01043	0.00666	0.00839	0.00217	0.08273	0.00627	0.00336	0.00988
5	0.01267	0.01193	0.02013	0.74806	0.04621	0.01491	0.01863	0.01714	0.01342	0.01714	0.01193	0.01789	0.00894	0.00671	0.00671	0.00224	0.00894	0.00596	0.00298	0.00745
6	0.01476	0.00802	0.01065	0.00933	0.01184	0.00723	0.00723	0.01778	0.01905	0.20562	0.54206	0.04316	0.05139	0.01234	0.00762	0.00210	0.00381	0.01076	0.00762	0.00763
7	0.00976	0.00651	0.00732	0.00732	0.00732	0.00651	0.00407	0.00976	0.00976	0.01301	0.02114	0.04391	0.02439	0.76419	0.03415	0.00651	0.00651	0.00976	0.00407	0.00407
8	0.00959	0.00719	0.01078	0.01078	0.01198	0.00839	0.00839	0.01198	0.01078	0.01558	0.01797	0.02636	0.01677	0.05032	0.73760	0.01078	0.01797	0.00719	0.00359	0.00599
9	0.01267	0.01193	0.02013	0.74806	0.04621	0.01491	0.01863	0.01714	0.01342	0.01714	0.01193	0.01789	0.00894	0.00671	0.00671	0.00224	0.00894	0.00596	0.00298	0.00745
10	0.01409	0.00822	0.01054	0.00976	0.01229	0.00755	0.00779	0.01740	0.04068	0.17333	0.32328	0.05028	0.15618	0.01378	0.00787	0.00230	0.00434	0.12573	0.00716	0.00742
11	0.00835	0.00681	0.00738	0.00724	0.00932	0.00584	0.00543	0.01045	0.01629	0.02049	0.24305	0.06069	0.54306	0.01611	0.00793	0.00222	0.00334	0.01362	0.00654	0.00584
12	0.02551	0.01879	0.02014	0.01544	0.02081	0.02081	0.01275	0.69996	0.03155	0.04229	0.01611	0.01611	0.01141	0.00805	0.00671	0.00201	0.00738	0.00604	0.00671	0.01141
13	0.81159	0.01298	0.00986	0.00882	0.01298	0.01505	0.00727	0.01972	0.01142	0.03010	0.00934	0.01090	0.00727	0.00623	0.00415	0.00208	0.00519	0.00363	0.00415	0.00727
14	0.00828	0.00592	0.00791	0.00946	0.00990	0.00554	0.00641	0.00953	0.01295	0.01725	0.03692	0.73218	0.04415	0.02092	0.00859	0.00274	0.00399	0.04565	0.00623	0.00548
15	0.01468	0.01468	0.02055	0.01762	0.01762	0.02055	0.01468	0.01615	0.01028	0.01615	0.00881	0.01468	0.00881	0.01174	0.02202	0.00294	0.75191	0.00587	0.00294	0.00734
16	0.02473	0.01480	0.01703	0.01363	0.01849	0.01556	0.01107	0.26317	0.21864	0.29393	0.02314	0.02114	0.01591	0.00844	0.00676	0.00211	0.00617	0.00674	0.00734	0.01119
17	0.02551	0.01879	0.02014	0.01544	0.02081	0.02081	0.01275	0.69996	0.03155	0.04229	0.01611	0.01611	0.01141	0.00805	0.00671	0.00201	0.00738	0.00604	0.00671	0.01141
18	0.00793	0.00680	0.00680	0.00680	0.00906	0.00566	0.00510	0.00963	0.01529	0.01813	0.06797	0.06457	0.71961	0.01699	0.00793	0.00227	0.00340	0.01416	0.00623	0.00566
19	0.02506	0.03198	0.01901	0.01729	0.02074	0.73725	0.01296	0.02679	0.01901	0.01642	0.01037	0.01210	0.00864	0.00691	0.00605	0.00173	0.01210	0.00432	0.00346	0.00778
20	0.00884	0.00759	0.00767	0.00751	0.00993	0.00681	0.00567	0.01233	0.08739	0.01916	0.06375	0.06047	0.64708	0.01617	0.00782	0.00227	0.00360	0.01348	0.00629	0.00618
21	0.01468	0.01468	0.02055	0.01762	0.01762	0.02055	0.01468	0.01615	0.01028	0.01615	0.00881	0.01468	0.00881	0.01174	0.02202	0.00294	0.75191	0.00587	0.00294	0.00734
22	0.00818	0.00584	0.00779	0.00934	0.00973	0.00545	0.00623	0.00934	0.01285	0.01713	0.03698	0.75981	0.04438	0.02102	0.00856	0.00273	0.00389	0.01908	0.00623	0.00545
23	0.01576	0.00939	0.00973	0.00855	0.01107	0.00990	0.00671	0.18688	0.01844	0.02934	0.02044	0.02279	0.01575	0.00788	0.00520	0.00168	0.00419	0.00620	0.60257	0.00754
24	0.02757	0.01549	0.01809	0.01387	0.01916	0.01591	0.01146	0.40111	0.02602	0.34895	0.02075	0.01912	0.01374	0.00817	0.00673	0.00204	0.00663	0.00636	0.00743	0.01141
25	0.01878	0.02041	0.02625	0.03359	0.46963	0.20747	0.08411	0.02233	0.01632	0.02042	0.01212	0.01556	0.01006	0.00620	0.00661	0.00195	0.00939	0.00573	0.00336	0.00972
26	0.00960	0.00714	0.01052	0.01052	0.01163	0.00824	0.00806	0.01181	0.01071	0.01538	0.01821	0.02770	0.01736	0.10484	0.68388	0.01046	0.01710	0.00739	0.00363	0.00584
27	0.00818	0.00584	0.00779	0.00934	0.00973	0.00545	0.00623	0.00934	0.01285	0.01713	0.03698	0.75981	0.04438	0.02102	0.00856	0.00273	0.00389	0.01908	0.00623	0.00545
28	0.00827	0.00588	0.00776	0.00922	0.00959	0.00551	0.00610	0.00937	0.01267	0.01689	0.03605	0.71784	0.04321	0.06459	0.01006	0.00295	0.00405	0.01853	0.00610	0.00537
29	0.02420	0.01708	0.01872	0.01442	0.01963	0.01833	0.01185	0.54629	0.04995	0.09939	0.04265	0.01805	0.01393	0.00809	0.00664	0.00196	0.00684	0.00622	0.00668	0.06907
30	0.01660	0.10717	0.42780	0.01646	0.02436	0.01664	0.01895	0.11140	0.01657	0.06473	0.01302	0.01456	0.00952	0.00668	0.00657	0.00195	0.03183	0.00499	0.00379	0.08641
31	0.06428	0.01588	0.02400	0.07325	0.30060	0.03768	0.12181	0.10065	0.10118	0.02470	0.01608	0.06098	0.01346	0.00752	0.00682	0.00213	0.00788	0.00706	0.00435	0.00968

[dist]
# distance from previous block
# <min> <max>
4	9

[block]
# block no. 9 follows, 32 sequences, length 94
# corresponding to MSA columns:
# 462-554,565
name=unknown_J
#
# <colnr> <probs for GDERKNQSTAVLIFYWHMCP>
#	G	D	E	R	K	N	Q	S	T	A	V	L	I	F	Y	W	H	M	C	P
0	0.04768	0.03620	0.07335	0.01137	0.01716	0.01158	0.00999	0.07754	0.01545	0.02378	0.03846	0.01529	0.01176	0.00598	0.00586	0.00134	0.03038	0.00458	0.00419	0.55807
1	0.11690	0.13312	0.12794	0.01831	0.06448	0.09009	0.15268	0.04284	0.08018	0.05929	0.01376	0.01549	0.01053	0.00649	0.00610	0.00196	0.00838	0.00551	0.00403	0.04193
2	0.68830	0.01402	0.01094	0.00969	0.01384	0.05574	0.00788	0.02154	0.04104	0.07029	0.01115	0.01225	0.00844	0.00651	0.00452	0.00206	0.00562	0.00402	0.00447	0.00768
3	0.01454	0.01930	0.16309	0.03857	0.14838	0.10390	0.13402	0.01890	0.01627	0.02142	0.15036	0.02734	0.09713	0.00879	0.00712	0.00209	0.00809	0.00795	0.00432	0.00843
4	0.01166	0.00583	0.00874	0.00874	0.00874	0.00583	0.00583	0.00874	0.00874	0.01166	0.01166	0.02040	0.01166	0.02331	0.02622	0.80478	0.00583	0.00583	0.00291	0.00291
5	0.81159	0.01298	0.00986	0.00882	0.01298	0.01505	0.00727	0.01972	0.01142	0.03010	0.00934	0.01090	0.00727	0.00623	0.00415	0.00208	0.00519	0.00363	0.00415	0.00727
6	0.01445	0.01228	0.01476	0.01125	0.01604	0.01105	0.00907	0.01812	0.05598	0.04200	0.01489	0.01683	0.03668	0.00677	0.00778	0.00144	0.11602	0.00493	0.00420	0.58545
7	0.02478	0.03145	0.01929	0.01808	0.04403	0.71331	0.01322	0.02659	0.01889	0.01660	0.01045	0.01225	0.00871	0.00688	0.00607	0.00174	0.01196	0.00438	0.00345	0.00787
8	0.00854	0.00619	0.00810	0.00921	0.00999	0.00575	0.00645	0.01019	0.01419	0.01900	0.15262	0.55464	0.09154	0.01939	0.00846	0.00261	0.00388	0.05719	0.00642	0.00565
9	0.03969	0.11230	0.30806	0.01930	0.09658	0.03957	0.08512	0.07081	0.01624	0.04196	0.05759	0.01941	0.04975	0.00737	0.00644	0.00203	0.00841	0.00617	0.00389	0.00932
10	0.01346	0.03471	0.72942	0.01912	0.02904	0.01558	0.02479	0.02125	0.01417	0.02125	0.01204	0.01417	0.00850	0.00637	0.00637	0.00212	0.00992	0.00496	0.00283	0.00992
11	0.00947	0.00638	0.00740	0.00769	0.00776	0.00631	0.00446	0.00968	0.01032	0.01376	0.02403	0.17449	0.02804	0.62864	0.02948	0.00582	0.00603	0.01146	0.00446	0.00432
12	0.01508	0.01816	0.11151	0.05460	0.22007	0.04143	0.28749	0.01992	0.01572	0.02161	0.08398	0.04753	0.01655	0.00728	0.00730	0.00215	0.00908	0.00766	0.00380	0.00908
13	0.01407	0.01381	0.02239	0.55132	0.16796	0.04498	0.05427	0.01840	0.01411	0.01821	0.01208	0.01743	0.00930	0.00653	0.00673	0.00217	0.00902	0.00600	0.00308	0.00813
14	0.01267	0.01193	0.02013	0.74806	0.04621	0.01491	0.01863	0.01714	0.01342	0.01714	0.01193	0.01789	0.00894	0.00671	0.00671	0.00224	0.00894	0.00596	0.00298	0.00745
15	0.00976	0.00651	0.00732	0.00732	0.00732	0.00651	0.00407	0.00976	0.00976	0.01301	0.02114	0.04391	0.02439	0.76419	0.03415	0.00651	0.00651	0.00976	0.00407	0.00407
16	0.02472	0.10974	0.02183	0.01486	0.02027	0.02119	0.01252	0.59797	0.02901	0.05886	0.01558	0.01565	0.01122	0.00778	0.00642	0.00195	0.00731	0.00576	0.00629	0.01107
17	0.01439	0.01230	0.01461	0.01127	0.04211	0.00959	0.00857	0.03909	0.01453	0.02253	0.01209	0.01408	0.01001	0.00511	0.00509	0.00106	0.00516	0.00412	0.00404	0.75027
18	0.01515	0.05461	0.53492	0.01839	0.02666	0.01673	0.04069	0.10324	0.01609	0.02327	0.01292	0.01612	0.00975	0.00722	0.00749	0.00217	0.05774	0.02365	0.00342	0.00976
19	0.01617	0.01540	0.07197	0.01543	0.01973	0.01518	0.09502	0.05416	0.42951	0.04591	0.02426	0.05293	0.01951	0.01002	0.00793	0.03531	0.00650	0.04949	0.00592	0.00964
20	0.01669	0.01441	0.01517	0.01365	0.01745	0.01669	0.01062	0.03565	0.71021	0.02807	0.02731	0.02503	0.02048	0.00910	0.00683	0.00228	0.00531	0.00759	0.00683	0.01062
