[name]
unknown

[dist]
# distance from previous block
# <min> <max>
0	45

[block]
# block no. 0 follows, 32 sequences, length 73
# corresponding to MSA columns:
# 55-127
name=unknown_A
#
# <colnr> <probs for GDERKNQSTAVLIFYWHMCP>
#	G	D	E	R	K	N	Q	S	T	A	V	L	I	F	Y	W	H	M	C	P
0	0.01471	0.19921	0.06942	0.01131	0.01479	0.01283	0.01016	0.03500	0.01533	0.10394	0.07198	0.21043	0.04874	0.01285	0.00700	0.00223	0.00574	0.11560	0.03112	0.00764
1	0.04030	0.06682	0.05006	0.01130	0.01538	0.01154	0.00944	0.07183	0.08911	0.06222	0.02322	0.20545	0.03895	0.01096	0.00658	0.00196	0.00540	0.04144	0.00533	0.23272
2	0.01760	0.01584	0.05257	0.03331	0.04405	0.08933	0.05065	0.11482	0.04181	0.08601	0.09250	0.02191	0.03568	0.03354	0.00729	0.00189	0.00679	0.00641	0.00507	0.24293
3	0.00866	0.00718	0.00766	0.00772	0.00987	0.00636	0.00586	0.01136	0.04890	0.01936	0.11364	0.09602	0.56056	0.01665	0.00799	0.00233	0.00366	0.05390	0.00635	0.00598
4	0.01962	0.44602	0.02876	0.01429	0.01902	0.24623	0.04501	0.02184	0.01542	0.01648	0.01116	0.01489	0.01021	0.00689	0.00571	0.00169	0.02744	0.03785	0.00325	0.00822
5	0.01537	0.01143	0.01531	0.04924	0.06039	0.01237	0.01053	0.03556	0.03850	0.11017	0.04123	0.05005	0.01685	0.13470	0.06067	0.00339	0.17648	0.00715	0.00457	0.14603
6	0.01884	0.15102	0.15289	0.05363	0.09366	0.05888	0.07747	0.07845	0.07279	0.11431	0.01510	0.01639	0.01125	0.00674	0.00622	0.00192	0.00806	0.00558	0.00439	0.05242
7	0.01623	0.11432	0.02058	0.21914	0.13709	0.05522	0.01411	0.05243	0.05437	0.07510	0.01780	0.13797	0.01629	0.00929	0.00712	0.00214	0.03008	0.00785	0.00439	0.00848
8	0.01628	0.20576	0.02732	0.03688	0.04145	0.05285	0.20472	0.05494	0.01519	0.03666	0.01668	0.06004	0.04775	0.01025	0.04330	0.00249	0.08755	0.00706	0.02454	0.00829
9	0.01327	0.01248	0.02089	0.55208	0.17398	0.01481	0.01827	0.01739	0.01365	0.01803	0.01322	0.05474	0.01104	0.00744	0.00726	0.00224	0.03142	0.00662	0.00321	0.00796
10	0.00967	0.00687	0.00917	0.00917	0.00981	0.00751	0.00637	0.01094	0.01031	0.01438	0.01945	0.03455	0.02033	0.38329	0.40949	0.00879	0.01262	0.00839	0.00381	0.00509
11	0.01391	0.01193	0.01391	0.00994	0.01590	0.00894	0.00795	0.01690	0.01391	0.02186	0.01193	0.01391	0.00994	0.00497	0.00497	0.00099	0.00497	0.00398	0.00398	0.80521
12	0.00985	0.00674	0.00854	0.00854	0.00908	0.00719	0.00571	0.01093	0.01039	0.01466	0.02001	0.03628	0.02114	0.45472	0.29390	0.00781	0.01057	0.00860	0.05042	0.00491
13	0.01334	0.00706	0.00714	0.00684	0.00865	0.00719	0.00521	0.05947	0.01519	0.02612	0.02152	0.02445	0.01683	0.00783	0.00482	0.00159	0.00340	0.00624	0.75053	0.00658
14	0.00805	0.00673	0.00701	0.00708	0.00917	0.00569	0.00526	0.00980	0.01536	0.01862	0.10751	0.11238	0.63023	0.01707	0.00797	0.00229	0.00342	0.01438	0.00630	0.00569
15	0.00944	0.00686	0.00889	0.00839	0.00999	0.00631	0.00629	0.01256	0.01887	0.02661	0.69646	0.05062	0.08583	0.01383	0.00791	0.00212	0.00317	0.01220	0.00735	0.00631
16	0.01166	0.00583	0.00874	0.00874	0.00874	0.00583	0.00583	0.00874	0.00874	0.01166	0.01166	0.02040	0.01166	0.02331	0.02622	0.80478	0.00583	0.00583	0.00291	0.00291
17	0.01669	0.01441	0.01517	0.01365	0.01745	0.01669	0.01062	0.03565	0.71021	0.02807	0.02731	0.02503	0.02048	0.00910	0.00683	0.00228	0.00531	0.00759	0.00683	0.01062
18	0.01391	0.01193	0.01391	0.00994	0.01590	0.00894	0.00795	0.01690	0.01391	0.02186	0.01193	0.01391	0.00994	0.00497	0.00497	0.00099	0.00497	0.00398	0.00398	0.80521
19	0.00797	0.00666	0.00694	0.00717	0.00916	0.00563	0.00526	0.00959	0.01493	0.01798	0.06342	0.16681	0.62031	0.01759	0.00802	0.00233	0.00347	0.01488	0.00623	0.00563
20	0.01391	0.01193	0.01391	0.00994	0.01590	0.00894	0.00795	0.01690	0.01391	0.02186	0.01193	0.01391	0.00994	0.00497	0.00497	0.00099	0.00497	0.00398	0.00398	0.80521
21	0.00930	0.00658	0.00785	0.00813	0.00937	0.00611	0.00582	0.01125	0.01481	0.02024	0.21782	0.19559	0.19219	0.13047	0.01183	0.00295	0.00406	0.05567	0.08432	0.00564
22	0.00813	0.00600	0.00762	0.00891	0.00962	0.00549	0.00604	0.00939	0.01326	0.01730	0.04228	0.64100	0.15977	0.02033	0.00846	0.00265	0.00381	0.01824	0.00623	0.00549
23	0.01707	0.01460	0.01539	0.01373	0.01759	0.01687	0.01071	0.06456	0.68068	0.02869	0.02682	0.02465	0.02009	0.00906	0.00682	0.00226	0.00540	0.00752	0.00682	0.01065
24	0.01116	0.00615	0.00923	0.00923	0.00952	0.00644	0.00644	0.00952	0.00923	0.01259	0.01317	0.02183	0.01288	0.02978	0.19668	0.61452	0.00874	0.00615	0.00308	0.00365
25	0.00855	0.00629	0.00739	0.00808	0.00887	0.00580	0.00532	0.00954	0.01265	0.01625	0.04098	0.37033	0.22245	0.22793	0.01555	0.00366	0.00449	0.01513	0.00562	0.00512
26	0.00914	0.00641	0.00750	0.00796	0.00841	0.00616	0.00501	0.00978	0.01149	0.01501	0.03193	0.23742	0.12051	0.44417	0.02310	0.00483	0.00540	0.03606	0.00499	0.00471
27	0.01391	0.01193	0.01391	0.00994	0.01590	0.00894	0.00795	0.01690	0.01391	0.02186	0.01193	0.01391	0.00994	0.00497	0.00497	0.00099	0.00497	0.00398	0.00398	0.80521
28	0.00957	0.00667	0.00788	0.00812	0.00870	0.00648	0.00534	0.01049	0.01206	0.01595	0.09434	0.10034	0.09834	0.47979	0.02437	0.00501	0.00567	0.09112	0.00499	0.00478
29	0.00807	0.00669	0.00706	0.00721	0.00921	0.00569	0.00532	0.00981	0.01527	0.01863	0.10999	0.14418	0.59531	0.01723	0.00800	0.00231	0.00344	0.01459	0.00631	0.00569
30	0.81159	0.01298	0.00986	0.00882	0.01298	0.01505	0.00727	0.01972	0.01142	0.03010	0.00934	0.01090	0.00727	0.00623	0.00415	0.00208	0.00519	0.00363	0.00415	0.00727
31	0.01468	0.01468	0.02055	0.01762	0.01762	0.02055	0.01468	0.01615	0.01028	0.01615	0.00881	0.01468	0.00881	0.01174	0.02202	0.00294	0.75191	0.00587	0.00294	0.00734
32	0.01064	0.00765	0.01057	0.01197	0.01355	0.00758	0.01040	0.01367	0.01557	0.02024	0.06173	0.07428	0.06914	0.01829	0.00916	0.00302	0.00595	0.62419	0.00622	0.00616
33	0.81159	0.01298	0.00986	0.00882	0.01298	0.01505	0.00727	0.01972	0.01142	0.03010	0.00934	0.01090	0.00727	0.00623	0.00415	0.00208	0.00519	0.00363	0.00415	0.00727
34	0.00798	0.00680	0.00686	0.00685	0.00909	0.00568	0.00513	0.00972	0.01540	0.01839	0.08734	0.06414	0.70008	0.01690	0.00793	0.00226	0.00339	0.01410	0.00627	0.00568
35	0.06193	0.00956	0.01157	0.00954	0.01319	0.00892	0.00768	0.04237	0.01702	0.38555	0.02346	0.02296	0.01625	0.00799	0.00577	0.00186	0.00466	0.00637	0.33425	0.00909
36	0.01474	0.01223	0.01369	0.01315	0.01619	0.01377	0.01053	0.02860	0.48954	0.02544	0.02997	0.06318	0.02643	0.01218	0.00758	0.00252	0.00551	0.19895	0.00662	0.00919
37	0.02551	0.01879	0.02014	0.01544	0.02081	0.02081	0.01275	0.69996	0.03155	0.04229	0.01611	0.01611	0.01141	0.00805	0.00671	0.00201	0.00738	0.00604	0.00671	0.01141
38	0.02196	0.01946	0.01910	0.04188	0.06003	0.18560	0.03707	0.24300	0.15602	0.08207	0.05252	0.01927	0.01534	0.00804	0.00668	0.00202	0.00798	0.00636	0.00569	0.00989
39	0.81159	0.01298	0.00986	0.00882	0.01298	0.01505	0.00727	0.01972	0.01142	0.03010	0.00934	0.01090	0.00727	0.00623	0.00415	0.00208	0.00519	0.00363	0.00415	0.00727
40	0.00896	0.00684	0.00823	0.00788	0.00970	0.00610	0.00591	0.01163	0.01774	0.02392	0.49754	0.05503	0.28643	0.01483	0.00792	0.00216	0.00324	0.01282	0.00699	0.00610
41	0.00793	0.00680	0.00680	0.00680	0.00906	0.00566	0.00510	0.00963	0.01529	0.01813	0.06797	0.06457	0.71961	0.01699	0.00793	0.00227	0.00340	0.01416	0.00623	0.00566
42	0.01287	0.01213	0.02048	0.71262	0.08011	0.01496	0.01873	0.01732	0.01351	0.01738	0.01196	0.01782	0.00903	0.00667	0.00671	0.00222	0.00890	0.00596	0.00300	0.00761
43	0.01794	0.76823	0.03516	0.01148	0.01722	0.02655	0.01148	0.02009	0.01363	0.01579	0.00933	0.01076	0.00861	0.00574	0.00431	0.00144	0.00718	0.00359	0.00287	0.00861
44	0.00976	0.00651	0.00732	0.00732	0.00732	0.00651	0.00407	0.00976	0.00976	0.01301	0.02114	0.04391	0.02439	0.76419	0.03415	0.00651	0.00651	0.00976	0.00407	0.00407
45	0.06811	0.01149	0.01529	0.01179	0.01693	0.01011	0.00974	0.03207	0.01883	0.69309	0.02564	0.02226	0.01616	0.00820	0.00662	0.00208	0.00568	0.00660	0.00810	0.01122
46	0.77301	0.01270	0.00991	0.00892	0.01293	0.01473	0.00732	0.01935	0.01139	0.02941	0.00976	0.01164	0.00772	0.00835	0.03943	0.00250	0.00581	0.00380	0.00413	0.00721
47	0.01597	0.01315	0.01502	0.01092	0.01677	0.01105	0.00880	0.13828	0.01705	0.02549	0.01267	0.01430	0.01020	0.00552	0.00528	0.00118	0.00540	0.00434	0.00446	0.66414
48	0.00959	0.00717	0.01068	0.01068	0.01184	0.00833	0.00826	0.01191	0.01075	0.01550	0.01807	0.02690	0.01701	0.07214	0.71610	0.01065	0.01762	0.00727	0.00361	0.00593
49	0.01051	0.00820	0.01092	0.01037	0.01093	0.00952	0.00757	0.01190	0.01139	0.01618	0.10606	0.05392	0.02482	0.30729	0.23234	0.00645	0.14303	0.00887	0.00420	0.00553
50	0.00950	0.00686	0.00897	0.00844	0.01002	0.00633	0.00633	0.01266	0.01899	0.02691	0.71879	0.05012	0.06331	0.01372	0.00791	0.00211	0.00317	0.01213	0.00739	0.00633
51	0.10265	0.01780	0.01967	0.01517	0.02043	0.01956	0.04186	0.56088	0.04698	0.06463	0.01601	0.01617	0.01138	0.00781	0.00652	0.00204	0.00722	0.00595	0.00638	0.01088
52	0.01437	0.05810	0.63596	0.01975	0.06194	0.01624	0.02353	0.05521	0.01507	0.02215	0.01218	0.01427	0.00875	0.00642	0.00633	0.00209	0.00960	0.00502	0.00305	0.00998
53	0.01794	0.76823	0.03516	0.01148	0.01722	0.02655	0.01148	0.02009	0.01363	0.01579	0.00933	0.01076	0.00861	0.00574	0.00431	0.00144	0.00718	0.00359	0.00287	0.00861
54	0.01972	0.04540	0.02132	0.13376	0.04666	0.35639	0.08051	0.06287	0.01716	0.01877	0.01312	0.06831	0.01167	0.00816	0.00778	0.00204	0.06841	0.00625	0.00371	0.00798
55	0.01081	0.00772	0.01081	0.01236	0.01390	0.00772	0.01081	0.01390	0.01545	0.02008	0.03553	0.07569	0.03862	0.01854	0.00927	0.00309	0.00618	0.67717	0.00618	0.00618
56	0.16430	0.01180	0.01457	0.01146	0.01642	0.01100	0.00944	0.03057	0.04294	0.58152	0.02355	0.02086	0.01514	0.00798	0.00630	0.00208	0.00561	0.00624	0.00754	0.01067
57	0.00976	0.00651	0.00732	0.00732	0.00732	0.00651	0.00407	0.00976	0.00976	0.01301	0.02114	0.04391	0.02439	0.76419	0.03415	0.00651	0.00651	0.00976	0.00407	0.00407
58	0.81159	0.01298	0.00986	0.00882	0.01298	0.01505	0.00727	0.01972	0.01142	0.03010	0.00934	0.01090	0.00727	0.00623	0.00415	0.00208	0.00519	0.00363	0.00415	0.00727
59	0.01658	0.01677	0.02075	0.28663	0.18566	0.16806	0.04555	0.03806	0.01520	0.01868	0.01225	0.01682	0.00992	0.00821	0.00841	0.07918	0.00896	0.00570	0.03067	0.00793
60	0.01391	0.01193	0.01391	0.00994	0.01590	0.00894	0.00795	0.01690	0.01391	0.02186	0.01193	0.01391	0.00994	0.00497	0.00497	0.00099	0.00497	0.00398	0.00398	0.80521
61	0.01757	0.01393	0.01495	0.01330	0.01717	0.01577	0.01039	0.03461	0.63008	0.08748	0.02847	0.02605	0.04137	0.00927	0.00685	0.00226	0.00529	0.00771	0.00694	0.01054
62	0.01532	0.01463	0.02491	0.27274	0.50085	0.01560	0.01995	0.01946	0.01467	0.02036	0.01239	0.01703	0.01008	0.00622	0.00666	0.00207	0.00829	0.00597	0.00321	0.00959
63	0.00958	0.00717	0.01070	0.01067	0.01189	0.00829	0.00829	0.01201	0.01118	0.01612	0.05168	0.02750	0.01901	0.04856	0.70250	0.01037	0.01726	0.00743	0.00378	0.00601
64	0.01043	0.00590	0.00840	0.00884	0.00909	0.00573	0.00594	0.00909	0.01054	0.01403	0.04638	0.23978	0.04778	0.02208	0.01975	0.51290	0.00508	0.01023	0.00416	0.00388
65	0.01517	0.01731	0.05587	0.16953	0.06170	0.01649	0.52052	0.02060	0.01529	0.02065	0.01317	0.01789	0.00990	0.00590	0.00759	0.00224	0.01069	0.00738	0.00329	0.00882
66	0.00830	0.00593	0.00793	0.00949	0.00993	0.00556	0.00645	0.00956	0.01297	0.01727	0.03691	0.72654	0.04410	0.02090	0.00860	0.00274	0.00400	0.05108	0.00623	0.00549
67	0.01907	0.18820	0.04224	0.04278	0.07253	0.18115	0.03461	0.09058	0.07594	0.02054	0.01221	0.01460	0.01016	0.00780	0.00914	0.00205	0.15860	0.00523	0.00379	0.00878
68	0.01286	0.01100	0.01353	0.01059	0.01488	0.00969	0.00845	0.01558	0.01349	0.02061	0.06028	0.01994	0.03973	0.01313	0.11218	0.00270	0.07831	0.00551	0.00412	0.53341
69	0.07372	0.04379	0.01958	0.01900	0.13929	0.12612	0.06183	0.10285	0.12923	0.04101	0.05616	0.04168	0.03488	0.04625	0.00849	0.00230	0.03303	0.00700	0.00488	0.00893
70	0.01585	0.01532	0.02124	0.08135	0.39344	0.08909	0.01599	0.04809	0.01532	0.02039	0.01614	0.11446	0.01559	0.05240	0.02821	0.00260	0.03403	0.00775	0.00387	0.00885
71	0.02299	0.00987	0.01334	0.01086	0.01480	0.00868	0.00879	0.02579	0.01901	0.48365	0.24306	0.03320	0.03197	0.01035	0.00720	0.00212	0.00493	0.03180	0.00794	0.00965
72	0.01574	0.03734	0.13160	0.11348	0.20038	0.06864	0.04065	0.05006	0.06604	0.03902	0.07404	0.05734	0.01712	0.02622	0.00792	0.00223	0.03188	0.00710	0.00422	0.00897

[dist]
# distance from previous block
# <min> <max>
0	3

[block]
# block no. 1 follows, 32 sequences, length 41
# corresponding to MSA columns:
# 136-164,171-182
name=unknown_B
#
# <colnr> <probs for GDERKNQSTAVLIFYWHMCP>
#	G	D	E	R	K	N	Q	S	T	A	V	L	I	F	Y	W	H	M	C	P
0	0.04893	0.01704	0.06859	0.03862	0.02128	0.09660	0.12560	0.15020	0.04785	0.11947	0.06297	0.06781	0.01767	0.03381	0.05053	0.00276	0.00851	0.00755	0.00528	0.00895
1	0.43587	0.04248	0.05956	0.01144	0.01611	0.06885	0.00999	0.10468	0.01588	0.11350	0.01501	0.01674	0.03148	0.00742	0.00533	0.00206	0.00638	0.02386	0.00491	0.00845
2	0.01166	0.00583	0.00874	0.00874	0.00874	0.00583	0.00583	0.00874	0.00874	0.01166	0.01166	0.02040	0.01166	0.02331	0.02622	0.80478	0.00583	0.00583	0.00291	0.00291
3	0.01794	0.76823	0.03516	0.01148	0.01722	0.02655	0.01148	0.02009	0.01363	0.01579	0.00933	0.01076	0.00861	0.00574	0.00431	0.00144	0.00718	0.00359	0.00287	0.00861
4	0.01907	0.08366	0.21354	0.03947	0.07102	0.01626	0.04190	0.13001	0.01766	0.15487	0.01655	0.02051	0.01281	0.00824	0.00807	0.00218	0.07768	0.05195	0.00477	0.00977
5	0.09214	0.01266	0.01557	0.01209	0.01710	0.01209	0.00997	0.14927	0.02057	0.52282	0.02307	0.02076	0.01495	0.00807	0.00645	0.00205	0.00587	0.00635	0.03727	0.01089
6	0.00928	0.00685	0.00867	0.00822	0.00989	0.00624	0.00616	0.01225	0.01849	0.02570	0.62940	0.05211	0.15346	0.01417	0.00792	0.00213	0.00320	0.01241	0.00723	0.00624
7	0.03752	0.01553	0.01833	0.04219	0.01993	0.06504	0.06919	0.26074	0.07057	0.14696	0.02074	0.03844	0.04078	0.05921	0.02814	0.00265	0.02582	0.02281	0.00590	0.00949
8	0.01507	0.04765	0.38509	0.02571	0.25955	0.01619	0.02136	0.04163	0.04101	0.02190	0.01291	0.01568	0.00998	0.00769	0.02601	0.00231	0.03148	0.00548	0.00329	0.01001
9	0.03010	0.01142	0.01557	0.01194	0.01713	0.00986	0.00986	0.03270	0.01920	0.72698	0.02647	0.02284	0.01661	0.00830	0.00675	0.00208	0.00571	0.00675	0.00830	0.01142
10	0.02616	0.01775	0.01949	0.01494	0.02029	0.01926	0.01235	0.60589	0.02981	0.13882	0.01757	0.01706	0.01214	0.00809	0.00672	0.00202	0.00715	0.00614	0.00694	0.01141
11	0.01534	0.14185	0.37907	0.01476	0.02166	0.01464	0.01693	0.02062	0.01573	0.10737	0.16431	0.02236	0.02121	0.00808	0.00642	0.00201	0.00753	0.00649	0.00448	0.00913
12	0.01008	0.01155	0.12505	0.00997	0.01313	0.00785	0.00905	0.01353	0.04082	0.04110	0.14281	0.19860	0.32099	0.01511	0.00773	0.00231	0.00467	0.01296	0.00593	0.00676
13	0.00959	0.00719	0.01078	0.01078	0.01198	0.00839	0.00839	0.01198	0.01078	0.01558	0.01797	0.02636	0.01677	0.05032	0.73760	0.01078	0.01797	0.00719	0.00359	0.00599
14	0.21620	0.01509	0.02272	0.02980	0.43845	0.01556	0.06224	0.02159	0.04359	0.05444	0.01307	0.01590	0.01043	0.00625	0.00612	0.00205	0.00729	0.00562	0.00389	0.00971
15	0.11017	0.04047	0.08464	0.01897	0.15577	0.03797	0.01362	0.04919	0.32296	0.06827	0.01946	0.01948	0.01466	0.00765	0.00633	0.00212	0.00660	0.00625	0.00532	0.01009
16	0.01294	0.01220	0.02062	0.69924	0.09291	0.01498	0.01877	0.01738	0.01355	0.01747	0.01197	0.01780	0.00906	0.00666	0.00670	0.00222	0.00888	0.00596	0.00300	0.00767
17	0.01069	0.00784	0.01052	0.01180	0.01350	0.00779	0.01020	0.01415	0.03786	0.02013	0.03873	0.07286	0.11088	0.01807	0.00905	0.00297	0.00585	0.58463	0.00621	0.00627
18	0.01468	0.01468	0.02055	0.01762	0.01762	0.02055	0.01468	0.01615	0.01028	0.01615	0.00881	0.01468	0.00881	0.01174	0.02202	0.00294	0.75191	0.00587	0.00294	0.00734
19	0.02329	0.02930	0.01809	0.01645	0.01968	0.65126	0.01239	0.02501	0.01839	0.01655	0.01496	0.01643	0.06606	0.00791	0.00680	0.00182	0.03918	0.00517	0.00366	0.00759
20	0.00813	0.00600	0.00762	0.00891	0.00962	0.00549	0.00603	0.00939	0.01327	0.01730	0.04230	0.64052	0.16024	0.02033	0.00846	0.00265	0.00381	0.01823	0.00623	0.00549
21	0.01091	0.00637	0.00687	0.00693	0.00763	0.00635	0.00442	0.01233	0.01178	0.01846	0.02207	0.06246	0.02197	0.40284	0.02020	0.00418	0.00492	0.00856	0.35567	0.00508
22	0.01198	0.00629	0.00691	0.00696	0.00828	0.00637	0.00511	0.01438	0.01319	0.02251	0.02115	0.04825	0.01776	0.03581	0.06671	0.07055	0.00468	0.00680	0.62045	0.00586
23	0.01779	0.71642	0.03547	0.01264	0.01845	0.02589	0.05890	0.02019	0.01379	0.01618	0.00962	0.01127	0.00872	0.00573	0.00455	0.00149	0.00746	0.00389	0.00291	0.00864
24	0.02506	0.03198	0.01901	0.01729	0.02074	0.73725	0.01296	0.02679	0.01901	0.01642	0.01037	0.01210	0.00864	0.00691	0.00605	0.00173	0.01210	0.00432	0.00346	0.00778
25	0.01251	0.00625	0.00625	0.00625	0.00782	0.00625	0.00469	0.01563	0.01407	0.02502	0.02189	0.02502	0.01720	0.00782	0.00469	0.00156	0.00313	0.00625	0.80144	0.00625
26	0.01468	0.01468	0.02055	0.01762	0.01762	0.02055	0.01468	0.01615	0.01028	0.01615	0.00881	0.01468	0.00881	0.01174	0.02202	0.00294	0.75191	0.00587	0.00294	0.00734
27	0.02551	0.01879	0.02014	0.01544	0.02081	0.02081	0.01275	0.69996	0.03155	0.04229	0.01611	0.01611	0.01141	0.00805	0.00671	0.00201	0.00738	0.00604	0.00671	0.01141
28	0.01376	0.01310	0.01816	0.01601	0.01618	0.01774	0.01319	0.01526	0.01079	0.01627	0.01299	0.02433	0.01365	0.08751	0.02182	0.00331	0.59530	0.08034	0.00341	0.00689
29	0.00975	0.00681	0.00874	0.00826	0.00984	0.00632	0.00619	0.01291	0.01858	0.02675	0.65975	0.04799	0.05940	0.01322	0.00764	0.00206	0.00316	0.01164	0.07466	0.00632
30	0.15423	0.01167	0.01466	0.01144	0.01647	0.01069	0.00945	0.03064	0.01797	0.61629	0.02375	0.02094	0.01513	0.00798	0.00634	0.00208	0.00563	0.00625	0.00765	0.01076
31	0.01453	0.01205	0.01405	0.03235	0.05654	0.03789	0.01090	0.02460	0.32984	0.04241	0.02795	0.11393	0.02580	0.01462	0.04872	0.00296	0.00657	0.16965	0.00605	0.00859
32	0.03010	0.01142	0.01557	0.01194	0.01713	0.00986	0.00986	0.03270	0.01920	0.72698	0.02647	0.02284	0.01661	0.00830	0.00675	0.00208	0.00571	0.00675	0.00830	0.01142
33	0.00818	0.00584	0.00779	0.00934	0.00973	0.00545	0.00623	0.00934	0.01285	0.01713	0.03698	0.75981	0.04438	0.02102	0.00856	0.00273	0.00389	0.01908	0.00623	0.00545
34	0.02230	0.04652	0.01704	0.01466	0.01820	0.45226	0.01124	0.05101	0.08653	0.07598	0.01815	0.01878	0.05677	0.00797	0.00616	0.00183	0.00929	0.00567	0.07141	0.00825
35	0.05683	0.01003	0.01206	0.04011	0.11493	0.05174	0.00922	0.01413	0.04362	0.01897	0.03253	0.36223	0.13087	0.03758	0.03150	0.00278	0.00573	0.01311	0.00529	0.00674
36	0.01072	0.00766	0.01069	0.01209	0.01363	0.00763	0.01050	0.01382	0.01569	0.02055	0.08272	0.07392	0.04032	0.01820	0.00917	0.00302	0.00597	0.63124	0.00626	0.00619
37	0.01868	0.01867	0.02214	0.23436	0.13239	0.18693	0.07357	0.10918	0.01775	0.04369	0.03197	0.01699	0.01127	0.00723	0.00746	0.00208	0.04702	0.00594	0.00395	0.00874
38	0.00960	0.00715	0.01058	0.01058	0.01171	0.00828	0.00813	0.01185	0.01072	0.01543	0.01816	0.02738	0.01722	0.09200	0.69654	0.01053	0.01730	0.00734	0.00362	0.00588
39	0.17690	0.24330	0.02356	0.03963	0.17690	0.15403	0.01304	0.02140	0.01463	0.03971	0.01109	0.01339	0.00929	0.00762	0.02852	0.00208	0.00824	0.00454	0.00351	0.00860
40	0.27791	0.18673	0.04660	0.03345	0.01887	0.25106	0.03697	0.02203	0.01465	0.02111	0.00998	0.01195	0.00825	0.00651	0.00563	0.00186	0.03085	0.00418	0.00350	0.00790

[dist]
# distance from previous block
# <min> <max>
0	1

[block]
# block no. 2 follows, 32 sequences, length 45
# corresponding to MSA columns:
# 184-194,200-204,207-235
name=unknown_C
#
# <colnr> <probs for GDERKNQSTAVLIFYWHMCP>
#	G	D	E	R	K	N	Q	S	T	A	V	L	I	F	Y	W	H	M	C	P
0	0.01936	0.01816	0.01929	0.15253	0.05493	0.15796	0.04545	0.14765	0.22345	0.04592	0.01805	0.02014	0.01385	0.00797	0.00674	0.00212	0.00812	0.02371	0.00515	0.00945
1	0.02210	0.09068	0.02147	0.01900	0.11804	0.26830	0.02737	0.19904	0.05580	0.04669	0.01359	0.01525	0.01070	0.00805	0.00742	0.04853	0.00892	0.00534	0.00452	0.00920
2	0.01166	0.00583	0.00874	0.00874	0.00874	0.00583	0.00583	0.00874	0.00874	0.01166	0.01166	0.02040	0.01166	0.02331	0.02622	0.80478	0.00583	0.00583	0.00291	0.00291
3	0.02510	0.03081	0.01911	0.01712	0.02075	0.67376	0.01295	0.08645	0.02013	0.01871	0.01088	0.01246	0.00889	0.00702	0.00611	0.00175	0.01168	0.00447	0.00375	0.00810
4	0.01081	0.00772	0.01081	0.01236	0.01390	0.00772	0.01081	0.01390	0.01545	0.02008	0.03553	0.07569	0.03862	0.01854	0.00927	0.00309	0.00618	0.67717	0.00618	0.00618
5	0.00965	0.00681	0.00862	0.00817	0.00979	0.00629	0.00613	0.01273	0.01838	0.02625	0.62451	0.04891	0.09739	0.01343	0.00765	0.00207	0.00318	0.01177	0.07200	0.00629
6	0.01500	0.01375	0.02206	0.07660	0.47963	0.01393	0.01674	0.05279	0.01604	0.02229	0.06984	0.02482	0.09248	0.01008	0.04295	0.00248	0.00765	0.00738	0.00410	0.00939
7	0.00839	0.00604	0.00795	0.00910	0.00976	0.00561	0.00621	0.00991	0.01397	0.01881	0.15293	0.61665	0.07046	0.01965	0.00843	0.00261	0.00375	0.01774	0.00642	0.00561
8	0.06515	0.01053	0.01337	0.01076	0.01488	0.00974	0.00869	0.04856	0.03479	0.48291	0.02341	0.02224	0.01578	0.00928	0.00778	0.06361	0.00531	0.00644	0.13708	0.00969
9	0.01206	0.00712	0.00862	0.00841	0.00945	0.00675	0.00556	0.01296	0.01251	0.10848	0.06091	0.15505	0.08202	0.43403	0.02257	0.00470	0.00559	0.03233	0.00534	0.00554
10	0.05011	0.00720	0.00926	0.00973	0.01061	0.00734	0.00698	0.04559	0.01255	0.01751	0.02523	0.31108	0.02823	0.08210	0.06707	0.21041	0.00609	0.08278	0.00493	0.00519
11	0.01020	0.00730	0.00962	0.01079	0.01217	0.00713	0.00892	0.01265	0.01459	0.01901	0.03752	0.12694	0.11481	0.09496	0.01150	0.00328	0.00562	0.46047	0.02666	0.00584
12	0.01002	0.00752	0.00876	0.00908	0.01016	0.00749	0.00610	0.01342	0.11010	0.01758	0.03271	0.34026	0.09672	0.25682	0.01636	0.00378	0.00491	0.01357	0.00555	0.02908
13	0.00923	0.00686	0.00791	0.00783	0.00919	0.00619	0.00533	0.01045	0.01339	0.01756	0.12646	0.16228	0.24846	0.24477	0.01642	0.02868	0.00457	0.01242	0.00547	0.05652
14	0.05157	0.01206	0.01438	0.02963	0.05536	0.06649	0.01043	0.01657	0.01247	0.04031	0.01489	0.02067	0.01314	0.05945	0.12121	0.02624	0.23770	0.00619	0.18430	0.00693
15	0.66717	0.01370	0.01153	0.00987	0.01424	0.01559	0.00814	0.11306	0.01453	0.06500	0.01108	0.01218	0.00828	0.00658	0.00463	0.00207	0.00551	0.00411	0.00470	0.00803
16	0.01582	0.01510	0.02513	0.16410	0.53753	0.01602	0.01953	0.02041	0.04449	0.02105	0.01294	0.01710	0.01066	0.00653	0.00742	0.00209	0.04474	0.00604	0.00339	0.00990
17	0.00985	0.00754	0.01111	0.01096	0.01204	0.00891	0.00849	0.01208	0.01071	0.01548	0.01766	0.02663	0.01674	0.08358	0.66643	0.01017	0.05480	0.00725	0.00358	0.00596
18	0.00983	0.00750	0.00911	0.00867	0.01053	0.00713	0.00651	0.01411	0.08167	0.02509	0.51429	0.07886	0.17307	0.01416	0.00784	0.00218	0.00343	0.01235	0.00709	0.00657
19	0.34930	0.05403	0.01637	0.01256	0.01726	0.06392	0.01035	0.31622	0.04884	0.03374	0.01307	0.01380	0.00975	0.00716	0.00550	0.00200	0.00668	0.00488	0.00526	0.00930
20	0.00976	0.00679	0.00798	0.00795	0.00922	0.00628	0.00547	0.01120	0.01396	0.04647	0.16748	0.14575	0.24166	0.24660	0.04073	0.00388	0.00496	0.01256	0.00578	0.00551
21	0.18333	0.01201	0.01398	0.02860	0.05842	0.01230	0.00970	0.13622	0.01703	0.15436	0.01855	0.08131	0.01563	0.01113	0.03227	0.04898	0.00620	0.03550	0.04269	0.08179
22	0.58272	0.04538	0.01343	0.01240	0.07905	0.01482	0.00908	0.02184	0.01308	0.13729	0.01231	0.01328	0.00909	0.00651	0.00479	0.00204	0.00561	0.00433	0.00467	0.00828
23	0.01221	0.07686	0.01075	0.00831	0.00932	0.00850	0.00554	0.01247	0.01126	0.06809	0.05459	0.05428	0.02340	0.50166	0.02655	0.09168	0.00620	0.00888	0.00437	0.00506
24	0.00845	0.00617	0.00774	0.00866	0.00945	0.00569	0.00588	0.00985	0.01373	0.01816	0.12730	0.49979	0.14818	0.08515	0.01065	0.00291	0.00396	0.01662	0.00619	0.00547
25	0.01670	0.08521	0.02839	0.03801	0.63403	0.01695	0.04287	0.02058	0.01515	0.02134	0.01235	0.01612	0.01043	0.00595	0.00647	0.00195	0.00801	0.00582	0.00328	0.01039
26	0.01920	0.01523	0.01590	0.01382	0.01791	0.04111	0.01087	0.10937	0.54718	0.09354	0.02540	0.02339	0.01871	0.00884	0.00678	0.00221	0.00581	0.00722	0.00684	0.01069
27	0.01144	0.00688	0.00895	0.00922	0.00944	0.03515	0.00620	0.00960	0.01005	0.01304	0.01710	0.18067	0.01864	0.02215	0.02158	0.59828	0.00566	0.00864	0.00366	0.00366
28	0.00861	0.00626	0.00816	0.00941	0.01009	0.00593	0.00647	0.01054	0.03459	0.01836	0.09249	0.64127	0.06438	0.01989	0.00846	0.00266	0.00393	0.03647	0.00634	0.00570
29	0.01498	0.01256	0.01449	0.01044	0.01635	0.01004	0.00839	0.07972	0.01554	0.02374	0.01231	0.01412	0.01007	0.00525	0.00513	0.00109	0.00519	0.00417	0.00423	0.73220
30	0.01048	0.00714	0.00824	0.00802	0.00838	0.00735	0.00487	0.04219	0.01087	0.01461	0.02062	0.04100	0.02309	0.66323	0.09757	0.00669	0.00760	0.00935	0.00415	0.00459
31	0.03206	0.00792	0.01026	0.07711	0.01412	0.00783	0.00775	0.03367	0.01519	0.09821	0.14405	0.28879	0.10599	0.05513	0.02944	0.00279	0.00501	0.01266	0.04536	0.00666
32	0.00894	0.00740	0.00863	0.00846	0.01008	0.00716	0.00634	0.01079	0.01509	0.01940	0.18482	0.14707	0.41868	0.03681	0.01002	0.00247	0.07235	0.01352	0.00609	0.00588
33	0.00900	0.00716	0.00874	0.00896	0.01006	0.00712	0.00645	0.01052	0.01395	0.01826	0.13049	0.30493	0.26859	0.08245	0.01173	0.00284	0.07266	0.01451	0.00589	0.00569
34	0.01055	0.00760	0.01002	0.00957	0.01093	0.00770	0.00719	0.01297	0.01625	0.05276	0.41287	0.16956	0.08761	0.03920	0.04414	0.00284	0.07307	0.01236	0.00647	0.00636
35	0.03446	0.01208	0.01364	0.07907	0.01768	0.03325	0.00984	0.12057	0.15152	0.13998	0.03097	0.05258	0.14820	0.03182	0.00771	0.00231	0.00575	0.04252	0.05740	0.00867
36	0.05038	0.00791	0.00886	0.00860	0.01025	0.00801	0.00640	0.01216	0.03521	0.01960	0.12416	0.12665	0.34093	0.09075	0.01155	0.00274	0.07272	0.01213	0.04500	0.00597
37	0.03734	0.00821	0.00980	0.07632	0.01360	0.00816	0.00722	0.03602	0.03236	0.08040	0.10406	0.11049	0.20422	0.11746	0.01079	0.00275	0.00475	0.01057	0.11890	0.00658
38	0.03548	0.00793	0.00920	0.00904	0.01086	0.00785	0.00661	0.01541	0.10402	0.05378	0.19072	0.20090	0.15663	0.07535	0.03250	0.00288	0.00455	0.01221	0.05745	0.00663
39	0.06447	0.01029	0.01137	0.01046	0.01271	0.01130	0.00803	0.09051	0.13545	0.02418	0.07592	0.13861	0.13602	0.04943	0.00959	0.00246	0.07329	0.00997	0.11855	0.00741
40	0.00923	0.00642	0.00838	0.00929	0.01028	0.00597	0.00662	0.01093	0.01424	0.04094	0.12958	0.50293	0.11490	0.01987	0.02833	0.00282	0.00435	0.06272	0.00637	0.00584
41	0.07311	0.03506	0.01196	0.00979	0.01271	0.00949	0.00760	0.03131	0.03560	0.18198	0.05802	0.06122	0.01955	0.08914	0.11137	0.05021	0.00690	0.00731	0.10685	0.08082
42	0.01330	0.01022	0.01227	0.01190	0.03228	0.04615	0.02998	0.03687	0.10003	0.07557	0.15315	0.16931	0.10426	0.05385	0.06981	0.00324	0.00635	0.05813	0.00604	0.00728
43	0.01014	0.00697	0.00878	0.00881	0.00990	0.00696	0.00621	0.01198	0.03094	0.03679	0.12172	0.13640	0.11752	0.22706	0.16161	0.03956	0.00746	0.02585	0.01979	0.00555
44	0.01228	0.00913	0.01089	0.01000	0.01209	0.00910	0.02790	0.09295	0.07995	0.04377	0.10185	0.18238	0.19072	0.17073	0.01323	0.00319	0.00507	0.01204	0.00598	0.00676

[dist]
# distance from previous block
# <min> <max>
0	52

# created by:
# /home/cegg/simao/soft/augustus-3.2.1/scripts/msa2prfl.pl ./align_prep/EOG090W0GL6.fa
