[name]
unknown

[dist]
# distance from previous block
# <min> <max>
0	30

[block]
# block no. 0 follows, 32 sequences, length 21
# corresponding to MSA columns:
# 38-48,56-60,62-66
name=unknown_A
#
# <colnr> <probs for GDERKNQSTAVLIFYWHMCP>
#	G	D	E	R	K	N	Q	S	T	A	V	L	I	F	Y	W	H	M	C	P
0	0.00956	0.03454	0.00921	0.00920	0.01019	0.00669	0.00650	0.01107	0.01377	0.03679	0.11981	0.47938	0.07954	0.09255	0.01082	0.00295	0.00433	0.05127	0.00608	0.00575
1	0.02049	0.06262	0.03913	0.03961	0.01717	0.12805	0.01051	0.02300	0.01687	0.28602	0.06993	0.13723	0.02309	0.01243	0.03567	0.00250	0.00717	0.05380	0.00609	0.00864
2	0.01361	0.01384	0.06570	0.10504	0.20773	0.01368	0.01435	0.01811	0.07455	0.01998	0.04574	0.09014	0.04317	0.06120	0.01103	0.00252	0.12054	0.00789	0.00413	0.06703
3	0.01760	0.01736	0.05757	0.15129	0.24545	0.10216	0.05846	0.08263	0.04819	0.05305	0.01565	0.02097	0.01278	0.00752	0.00676	0.00210	0.00838	0.04911	0.03370	0.00926
4	0.01677	0.01494	0.02635	0.07970	0.45637	0.01481	0.12508	0.02086	0.01576	0.07801	0.05219	0.02089	0.01454	0.00693	0.00700	0.00209	0.00807	0.02576	0.00401	0.00988
5	0.01468	0.01468	0.02055	0.01762	0.01762	0.02055	0.01468	0.01615	0.01028	0.01615	0.00881	0.01468	0.00881	0.01174	0.02202	0.00294	0.75191	0.00587	0.00294	0.00734
6	0.02019	0.01133	0.04189	0.01322	0.07130	0.00973	0.00996	0.02418	0.06493	0.35553	0.15861	0.03372	0.13517	0.01046	0.00713	0.00212	0.00520	0.00883	0.00710	0.00940
7	0.01662	0.01678	0.02714	0.12405	0.51860	0.06487	0.09276	0.02069	0.01537	0.02092	0.01249	0.01662	0.01024	0.00610	0.00675	0.00203	0.00873	0.00607	0.00330	0.00988
8	0.01074	0.00895	0.01106	0.01093	0.01218	0.06196	0.00831	0.01286	0.01129	0.01539	0.01772	0.02700	0.01691	0.11577	0.61600	0.00970	0.01644	0.00722	0.00363	0.00594
9	0.00944	0.00637	0.00741	0.00772	0.00780	0.00630	0.00449	0.00968	0.01037	0.01383	0.02428	0.18562	0.02835	0.61708	0.02909	0.00576	0.00599	0.01160	0.00449	0.00434
10	0.01329	0.01284	0.03916	0.07047	0.14066	0.01222	0.19090	0.05279	0.01590	0.02158	0.07740	0.19281	0.04809	0.01152	0.00778	0.00236	0.00733	0.07011	0.00481	0.00797
11	0.01219	0.01145	0.01926	0.61638	0.04076	0.01374	0.04706	0.01631	0.01361	0.01740	0.01748	0.07069	0.05959	0.00832	0.00697	0.00227	0.00834	0.00748	0.00344	0.00727
12	0.00975	0.00745	0.00781	0.00790	0.00863	0.03328	0.00501	0.01051	0.01220	0.01558	0.07868	0.13261	0.16809	0.44764	0.02305	0.00473	0.00556	0.01171	0.00496	0.00484
13	0.00871	0.00643	0.00822	0.00951	0.01020	0.00618	0.00646	0.01105	0.05778	0.01788	0.03770	0.68242	0.07213	0.02008	0.00843	0.00268	0.00396	0.01812	0.00627	0.00579
14	0.01777	0.09612	0.02695	0.10296	0.05255	0.19197	0.20554	0.02175	0.04591	0.01853	0.01189	0.01551	0.00973	0.00737	0.00945	0.00216	0.14620	0.00593	0.00338	0.00833
15	0.04512	0.00715	0.00847	0.00911	0.01059	0.00683	0.00682	0.01189	0.03754	0.01967	0.11233	0.29721	0.22352	0.04820	0.00924	0.00271	0.00429	0.12721	0.00618	0.00592
16	0.00969	0.00695	0.00918	0.01029	0.01130	0.00675	0.00770	0.03916	0.01484	0.01981	0.09725	0.48773	0.04324	0.01919	0.00861	0.00273	0.00456	0.18872	0.00634	0.00596
17	0.01391	0.01193	0.01391	0.00994	0.01590	0.00894	0.00795	0.01690	0.01391	0.02186	0.01193	0.01391	0.00994	0.00497	0.00497	0.00099	0.00497	0.00398	0.00398	0.80521
18	0.08495	0.01497	0.01789	0.02905	0.01914	0.06074	0.05665	0.18981	0.01977	0.26845	0.01757	0.01799	0.01235	0.00872	0.00852	0.05363	0.04674	0.00595	0.00593	0.06119
19	0.07003	0.03744	0.06918	0.28020	0.03052	0.04282	0.08867	0.14692	0.01715	0.05112	0.01353	0.01719	0.01027	0.01029	0.06246	0.00280	0.03077	0.00596	0.00406	0.00861
20	0.03882	0.00717	0.00903	0.00975	0.01107	0.00698	0.00719	0.01374	0.04270	0.06657	0.07899	0.44764	0.03832	0.01717	0.00793	0.00255	0.00431	0.10649	0.07721	0.00635

[dist]
# distance from previous block
# <min> <max>
0	3

[block]
# block no. 1 follows, 32 sequences, length 25
# corresponding to MSA columns:
# 70-93,95
name=unknown_B
#
# <colnr> <probs for GDERKNQSTAVLIFYWHMCP>
#	G	D	E	R	K	N	Q	S	T	A	V	L	I	F	Y	W	H	M	C	P
0	0.01330	0.01128	0.01623	0.01409	0.01547	0.01357	0.04724	0.01524	0.01162	0.04892	0.01575	0.04352	0.01549	0.11788	0.17094	0.00484	0.31387	0.04197	0.00382	0.06496
1	0.01776	0.73872	0.06308	0.01179	0.01770	0.02611	0.01202	0.02014	0.01366	0.01601	0.00944	0.01090	0.00861	0.00577	0.00439	0.00146	0.00729	0.00364	0.00287	0.00866
2	0.02282	0.01653	0.01703	0.01376	0.01819	0.06761	0.01112	0.39404	0.11085	0.11072	0.01895	0.01906	0.01376	0.00969	0.03389	0.00231	0.00719	0.00626	0.09595	0.01027
3	0.01752	0.01420	0.01536	0.01337	0.01709	0.01613	0.01056	0.13119	0.47566	0.05479	0.02878	0.02710	0.08950	0.00986	0.00771	0.00226	0.04433	0.00790	0.00660	0.01009
4	0.01267	0.01193	0.02013	0.74806	0.04621	0.01491	0.01863	0.01714	0.01342	0.01714	0.01193	0.01789	0.00894	0.00671	0.00671	0.00224	0.00894	0.00596	0.00298	0.00745
5	0.06423	0.00869	0.01060	0.01013	0.01229	0.00849	0.00770	0.08002	0.01715	0.08972	0.22749	0.29111	0.04018	0.01485	0.00769	0.00235	0.00448	0.06455	0.00659	0.03168
6	0.01602	0.01167	0.01330	0.01213	0.01529	0.01266	0.00947	0.05731	0.36597	0.10436	0.07913	0.10878	0.06246	0.01369	0.04620	0.00278	0.00577	0.04715	0.00672	0.00914
7	0.00819	0.00654	0.00716	0.00752	0.00913	0.00570	0.00534	0.00968	0.01441	0.01781	0.08125	0.23144	0.47656	0.07613	0.01013	0.00270	0.00375	0.01494	0.00610	0.00551
8	0.08111	0.01121	0.01424	0.01138	0.01593	0.01039	0.00926	0.02968	0.07976	0.53017	0.08909	0.02478	0.02063	0.00871	0.00662	0.00208	0.00532	0.00709	0.03210	0.01043
9	0.00970	0.00673	0.00845	0.00845	0.00884	0.00712	0.00548	0.01048	0.01009	0.01385	0.02011	0.03817	0.02190	0.53088	0.26405	0.00790	0.01025	0.00892	0.00391	0.00469
10	0.00967	0.00647	0.00734	0.00743	0.00745	0.00645	0.00418	0.00974	0.00992	0.01323	0.02199	0.08205	0.02546	0.72460	0.03279	0.00630	0.00637	0.01025	0.00418	0.00414
11	0.02789	0.01251	0.01580	0.01222	0.01718	0.01178	0.01006	0.16476	0.02129	0.53836	0.02406	0.02165	0.01561	0.00822	0.00659	0.00203	0.00585	0.00657	0.06653	0.01104
12	0.00878	0.00675	0.00790	0.00774	0.00945	0.00601	0.00568	0.01104	0.01657	0.02188	0.36756	0.09631	0.33521	0.05795	0.00944	0.00246	0.00349	0.01325	0.00665	0.00587
13	0.02422	0.01635	0.01780	0.01384	0.01868	0.01773	0.01137	0.53941	0.02793	0.11001	0.01795	0.01800	0.01272	0.00805	0.00644	0.00196	0.00664	0.00614	0.11405	0.01072
14	0.81159	0.01298	0.00986	0.00882	0.01298	0.01505	0.00727	0.01972	0.01142	0.03010	0.00934	0.01090	0.00727	0.00623	0.00415	0.00208	0.00519	0.00363	0.00415	0.00727
15	0.00816	0.00590	0.00773	0.00919	0.00969	0.00546	0.00616	0.00936	0.01299	0.01719	0.03884	0.71817	0.08483	0.02078	0.00853	0.00270	0.00386	0.01878	0.00623	0.00546
16	0.01774	0.73482	0.06678	0.01183	0.01776	0.02605	0.01209	0.02014	0.01366	0.01604	0.00945	0.01092	0.00861	0.00577	0.00440	0.00147	0.00730	0.00365	0.00287	0.00867
17	0.00876	0.00654	0.00815	0.00836	0.00973	0.00592	0.00604	0.01101	0.01634	0.02206	0.37266	0.26885	0.19769	0.01664	0.00812	0.00233	0.00344	0.01468	0.00679	0.00592
18	0.00818	0.00584	0.00779	0.00934	0.00973	0.00545	0.00623	0.00934	0.01285	0.01713	0.03698	0.75981	0.04438	0.02102	0.00856	0.00273	0.00389	0.01908	0.00623	0.00545
19	0.10322	0.19158	0.02290	0.01653	0.04594	0.44627	0.04383	0.02411	0.01676	0.01812	0.01027	0.01213	0.00864	0.00649	0.00558	0.00173	0.01011	0.00432	0.00339	0.00807
20	0.02492	0.05094	0.05537	0.01372	0.01900	0.01645	0.01186	0.38324	0.02483	0.24257	0.01911	0.01844	0.01311	0.00792	0.00644	0.00198	0.00669	0.00610	0.06651	0.01082
21	0.00813	0.00602	0.00760	0.00886	0.00961	0.00549	0.00602	0.00940	0.01331	0.01732	0.04282	0.62875	0.17166	0.02026	0.00844	0.00264	0.00380	0.01815	0.00623	0.00549
22	0.01791	0.41145	0.08048	0.01488	0.04569	0.09349	0.01333	0.04660	0.05975	0.01847	0.01117	0.01312	0.00962	0.00705	0.00749	0.00182	0.11300	0.00454	0.00338	0.02676
23	0.01577	0.12111	0.09066	0.01419	0.04287	0.04761	0.03261	0.12320	0.05439	0.05106	0.07803	0.19005	0.05043	0.01147	0.00747	0.00218	0.03128	0.02200	0.00526	0.00834
24	0.00867	0.00754	0.03623	0.00884	0.01035	0.00621	0.00671	0.01037	0.01384	0.01776	0.06421	0.35243	0.27924	0.08501	0.01057	0.00289	0.00434	0.06321	0.00593	0.00566

[dist]
# distance from previous block
# <min> <max>
1	5

[block]
# block no. 2 follows, 32 sequences, length 18
# corresponding to MSA columns:
# 101-118
name=unknown_C
#
# <colnr> <probs for GDERKNQSTAVLIFYWHMCP>
#	G	D	E	R	K	N	Q	S	T	A	V	L	I	F	Y	W	H	M	C	P
0	0.01395	0.06167	0.04176	0.04391	0.11596	0.04373	0.03355	0.04195	0.06227	0.04049	0.04074	0.16384	0.02449	0.08060	0.03121	0.00294	0.00693	0.11264	0.02975	0.00763
1	0.01497	0.01455	0.02558	0.32005	0.38957	0.01563	0.08375	0.01931	0.01459	0.01999	0.01244	0.01726	0.00992	0.00624	0.00679	0.00211	0.00867	0.00616	0.00319	0.00922
2	0.01643	0.01771	0.12753	0.04400	0.22123	0.01505	0.14420	0.10105	0.06289	0.05394	0.01786	0.11452	0.01560	0.00851	0.00712	0.00219	0.00803	0.00805	0.00448	0.00959
3	0.04788	0.25046	0.07347	0.10166	0.04267	0.07908	0.03087	0.06571	0.01518	0.07138	0.01283	0.03449	0.01075	0.00920	0.03561	0.00232	0.09865	0.00543	0.00379	0.00857
4	0.01383	0.00848	0.00959	0.00861	0.01164	0.00755	0.00670	0.01718	0.07185	0.18354	0.08293	0.05113	0.47284	0.01421	0.00757	0.00222	0.00408	0.01183	0.00681	0.00742
5	0.00872	0.00704	0.00766	0.04833	0.01110	0.00628	0.00591	0.01081	0.01535	0.01934	0.10906	0.05737	0.56870	0.01536	0.00757	0.00219	0.00367	0.01285	0.07684	0.00587
6	0.01907	0.33560	0.22463	0.01520	0.02148	0.21414	0.01555	0.02270	0.01544	0.04462	0.01102	0.01254	0.00889	0.00633	0.00545	0.00173	0.00921	0.00429	0.00323	0.00886
7	0.01166	0.00583	0.00874	0.00874	0.00874	0.00583	0.00583	0.00874	0.00874	0.01166	0.01166	0.02040	0.01166	0.02331	0.02622	0.80478	0.00583	0.00583	0.00291	0.00291
8	0.00913	0.00747	0.00808	0.00801	0.01007	0.00689	0.00592	0.01269	0.08614	0.02014	0.15297	0.13006	0.46113	0.04027	0.00873	0.00243	0.00371	0.01357	0.00639	0.00619
9	0.00959	0.00719	0.01078	0.01078	0.01198	0.00839	0.00839	0.01198	0.01078	0.01558	0.01797	0.02636	0.01677	0.05032	0.73760	0.01078	0.01797	0.00719	0.00359	0.00599
10	0.26412	0.01453	0.01757	0.22514	0.06708	0.03322	0.03341	0.15831	0.01664	0.02667	0.01260	0.03689	0.01010	0.00747	0.00684	0.00217	0.04894	0.00566	0.00425	0.00838
11	0.10394	0.00827	0.00904	0.00987	0.01105	0.03486	0.00691	0.04392	0.01380	0.01982	0.03175	0.60854	0.03712	0.01814	0.00786	0.00258	0.00452	0.01609	0.00590	0.00603
12	0.01358	0.01449	0.03024	0.02271	0.02762	0.01358	0.49458	0.01792	0.01496	0.02021	0.02046	0.23618	0.02024	0.01017	0.00811	0.00240	0.00913	0.01120	0.00423	0.00799
13	0.00925	0.00685	0.00863	0.00819	0.00988	0.00623	0.00614	0.01219	0.01842	0.02555	0.61827	0.05235	0.16468	0.01422	0.00792	0.00213	0.00320	0.01245	0.00721	0.00623
14	0.01338	0.01326	0.08319	0.04326	0.06739	0.01161	0.08696	0.06659	0.07067	0.04437	0.17636	0.09659	0.11832	0.04452	0.00907	0.00242	0.02870	0.00994	0.00547	0.00793
15	0.18207	0.04795	0.04236	0.01138	0.01692	0.05476	0.02893	0.04324	0.01466	0.06310	0.01219	0.01375	0.00962	0.00575	0.00513	0.00146	0.00603	0.00428	0.00421	0.43221
16	0.04963	0.09011	0.04131	0.10611	0.14291	0.03680	0.01374	0.10672	0.01754	0.21627	0.01820	0.01933	0.03714	0.00899	0.02923	0.00231	0.04276	0.00612	0.00514	0.00966
17	0.27765	0.03982	0.18179	0.01528	0.08166	0.01521	0.01348	0.09579	0.04838	0.02701	0.03809	0.01523	0.01136	0.00668	0.00555	0.00193	0.00674	0.00496	0.00424	0.10915

[dist]
# distance from previous block
# <min> <max>
1	8

[block]
# block no. 3 follows, 32 sequences, length 12
# corresponding to MSA columns:
# 127-138
name=unknown_D
#
# <colnr> <probs for GDERKNQSTAVLIFYWHMCP>
#	G	D	E	R	K	N	Q	S	T	A	V	L	I	F	Y	W	H	M	C	P
0	0.01337	0.00982	0.01451	0.32345	0.07184	0.01107	0.01229	0.01741	0.03123	0.05369	0.04850	0.02358	0.03457	0.00989	0.04235	0.00242	0.00683	0.00669	0.25913	0.00737
1	0.23912	0.01333	0.01315	0.01090	0.01470	0.01474	0.00881	0.30183	0.02040	0.03307	0.01558	0.01720	0.01180	0.00813	0.00629	0.03553	0.00559	0.00542	0.21588	0.00854
2	0.81159	0.01298	0.00986	0.00882	0.01298	0.01505	0.00727	0.01972	0.01142	0.03010	0.00934	0.01090	0.00727	0.00623	0.00415	0.00208	0.00519	0.00363	0.00415	0.00727
3	0.00956	0.00654	0.00726	0.00726	0.00751	0.00641	0.00418	0.00974	0.01035	0.01356	0.02619	0.04614	0.09935	0.68363	0.03132	0.00605	0.00617	0.01023	0.00430	0.00424
4	0.01462	0.01675	0.06611	0.02458	0.03043	0.01498	0.53089	0.01979	0.01557	0.02107	0.01789	0.05911	0.01595	0.00833	0.00808	0.00240	0.01014	0.11087	0.00392	0.00849
5	0.63868	0.01323	0.01139	0.00968	0.01411	0.01471	0.00796	0.07358	0.01382	0.09365	0.01155	0.01254	0.00857	0.00649	0.00463	0.00202	0.00540	0.00412	0.00472	0.04916
6	0.07234	0.01598	0.01722	0.01346	0.01826	0.01731	0.01106	0.49214	0.02664	0.12232	0.01767	0.01772	0.01251	0.00794	0.00631	0.00197	0.00651	0.00601	0.10611	0.01051
7	0.01881	0.06446	0.01950	0.20660	0.02603	0.01809	0.01350	0.28569	0.18784	0.02934	0.01735	0.01883	0.01300	0.00971	0.03959	0.00249	0.00776	0.00628	0.00537	0.00976
8	0.01783	0.01279	0.01432	0.01280	0.01631	0.01405	0.01015	0.09093	0.40315	0.11466	0.02673	0.03189	0.02173	0.05614	0.00873	0.00257	0.00567	0.09727	0.03261	0.00966
9	0.00910	0.00700	0.00848	0.00886	0.01008	0.00674	0.00651	0.01076	0.01414	0.01833	0.12272	0.22559	0.26480	0.12458	0.01264	0.00310	0.03809	0.09699	0.00590	0.00560
10	0.01697	0.05445	0.01626	0.01446	0.06695	0.21734	0.01051	0.07409	0.01749	0.02137	0.07725	0.05892	0.09351	0.00942	0.00648	0.00181	0.00723	0.04781	0.00470	0.18299
11	0.01230	0.03306	0.01356	0.01455	0.12551	0.04901	0.00938	0.01581	0.06206	0.02043	0.10937	0.10117	0.21344	0.04877	0.00847	0.00228	0.00534	0.04323	0.00529	0.10695

[dist]
# distance from previous block
# <min> <max>
1	10

[block]
# block no. 4 follows, 32 sequences, length 52
# corresponding to MSA columns:
# 150-201
name=unknown_E
#
# <colnr> <probs for GDERKNQSTAVLIFYWHMCP>
#	G	D	E	R	K	N	Q	S	T	A	V	L	I	F	Y	W	H	M	C	P
0	0.01782	0.05245	0.01509	0.01271	0.03287	0.16010	0.00975	0.06292	0.04912	0.11566	0.11122	0.06195	0.09040	0.01064	0.00724	0.02001	0.00657	0.05720	0.00556	0.10072
1	0.04284	0.09588	0.04550	0.12742	0.06280	0.01661	0.02856	0.17760	0.06767	0.10045	0.01538	0.01695	0.01150	0.00725	0.00691	0.00194	0.04412	0.00565	0.02778	0.09718
2	0.05554	0.01550	0.07844	0.04137	0.19433	0.04371	0.07830	0.01952	0.01464	0.07601	0.01612	0.09379	0.01419	0.00804	0.00727	0.00197	0.04795	0.00698	0.04301	0.14332
3	0.00953	0.00705	0.01029	0.01037	0.01141	0.00805	0.00785	0.01163	0.01079	0.01540	0.01924	0.06495	0.01891	0.11918	0.63166	0.00996	0.01614	0.00804	0.00377	0.00577
4	0.01689	0.01668	0.08171	0.13125	0.17036	0.01556	0.24181	0.04243	0.01562	0.09902	0.01497	0.04223	0.01175	0.00724	0.00822	0.00223	0.06172	0.00705	0.00398	0.00930
5	0.01373	0.00914	0.01012	0.01050	0.04557	0.06226	0.00711	0.03577	0.03213	0.01894	0.01611	0.02144	0.01379	0.01549	0.03606	0.33975	0.00582	0.00597	0.29482	0.00546
6	0.81159	0.01298	0.00986	0.00882	0.01298	0.01505	0.00727	0.01972	0.01142	0.03010	0.00934	0.01090	0.00727	0.00623	0.00415	0.00208	0.00519	0.00363	0.00415	0.00727
7	0.01468	0.01468	0.02055	0.01762	0.01762	0.02055	0.01468	0.01615	0.01028	0.01615	0.00881	0.01468	0.00881	0.01174	0.02202	0.00294	0.75191	0.00587	0.00294	0.00734
8	0.00825	0.00608	0.00774	0.00887	0.00965	0.00556	0.00606	0.00968	0.01376	0.01814	0.10120	0.59060	0.15029	0.01976	0.00841	0.00260	0.00375	0.01771	0.00633	0.00556
9	0.02729	0.01203	0.01551	0.01219	0.01706	0.01118	0.00997	0.07774	0.09575	0.56863	0.06034	0.02398	0.01900	0.00864	0.00681	0.00210	0.00565	0.00706	0.00799	0.01108
10	0.01304	0.00931	0.01206	0.01246	0.01457	0.00971	0.01063	0.05213	0.07924	0.05719	0.03437	0.06213	0.07821	0.01624	0.00922	0.00285	0.03639	0.47686	0.00624	0.00713
11	0.01669	0.01441	0.01517	0.01365	0.01745	0.01669	0.01062	0.03565	0.71021	0.02807	0.02731	0.02503	0.02048	0.00910	0.00683	0.00228	0.00531	0.00759	0.00683	0.01062
12	0.00959	0.00719	0.01078	0.01078	0.01198	0.00839	0.00839	0.01198	0.01078	0.01558	0.01797	0.02636	0.01677	0.05032	0.73760	0.01078	0.01797	0.00719	0.00359	0.00599
13	0.01639	0.01389	0.01474	0.01329	0.01691	0.01589	0.01031	0.06936	0.60977	0.02787	0.02839	0.07349	0.03975	0.01003	0.00696	0.00229	0.00528	0.00842	0.00677	0.01020
14	0.42480	0.01338	0.01313	0.01077	0.01530	0.01442	0.00886	0.15285	0.01738	0.21082	0.01560	0.01560	0.01090	0.00718	0.00533	0.00204	0.00565	0.00501	0.04189	0.00908
15	0.00818	0.00605	0.00765	0.00884	0.00962	0.00552	0.00602	0.00952	0.01353	0.01768	0.06796	0.60455	0.17037	0.02000	0.00842	0.00262	0.00377	0.01791	0.00627	0.00552
16	0.10657	0.01027	0.01248	0.01020	0.01409	0.00968	0.00824	0.05247	0.01792	0.39332	0.12670	0.02576	0.02248	0.00879	0.00627	0.00199	0.00487	0.00710	0.15152	0.00928
17	0.04637	0.01139	0.01217	0.01088	0.01402	0.01219	0.00847	0.10316	0.28181	0.02719	0.18591	0.03843	0.19726	0.01178	0.00721	0.00220	0.00462	0.00982	0.00668	0.00844
18	0.00818	0.00584	0.00779	0.00934	0.00973	0.00545	0.00623	0.00934	0.01285	0.01713	0.03698	0.75981	0.04438	0.02102	0.00856	0.00273	0.00389	0.01908	0.00623	0.00545
19	0.01000	0.00669	0.00855	0.00879	0.01010	0.00611	0.00626	0.01201	0.01567	0.06257	0.29386	0.34264	0.12622	0.04741	0.00919	0.00256	0.00378	0.01481	0.00670	0.00610
20	0.01300	0.00943	0.01014	0.00929	0.01232	0.00918	0.00718	0.01951	0.20526	0.10650	0.05187	0.04875	0.44402	0.01379	0.00749	0.00225	0.00420	0.01147	0.00664	0.00771
21	0.00818	0.00584	0.00779	0.00934	0.00973	0.00545	0.00623	0.00934	0.01285	0.01713	0.03698	0.75981	0.04438	0.02102	0.00856	0.00273	0.00389	0.01908	0.00623	0.00545
22	0.70617	0.01483	0.06690	0.01139	0.05277	0.01514	0.00936	0.01989	0.01184	0.02897	0.00973	0.01146	0.00755	0.00623	0.00446	0.00208	0.00571	0.00386	0.00400	0.00766
23	0.01794	0.76823	0.03516	0.01148	0.01722	0.02655	0.01148	0.02009	0.01363	0.01579	0.00933	0.01076	0.00861	0.00574	0.00431	0.00144	0.00718	0.00359	0.00287	0.00861
24	0.01789	0.74089	0.03487	0.01256	0.04284	0.02616	0.01181	0.02011	0.01369	0.01601	0.00945	0.01098	0.00868	0.00575	0.00439	0.00146	0.00720	0.00367	0.00289	0.00868
25	0.00823	0.00586	0.00777	0.00927	0.00964	0.00549	0.00615	0.00936	0.01273	0.01698	0.03640	0.73332	0.04364	0.04852	0.00951	0.00286	0.00399	0.01873	0.00615	0.00540
26	0.02383	0.04634	0.05892	0.01592	0.04169	0.02004	0.01330	0.59247	0.02881	0.03893	0.01575	0.01616	0.01134	0.00781	0.00653	0.00198	0.00737	0.00590	0.03591	0.01101
27	0.01347	0.04308	0.02109	0.66074	0.07795	0.01561	0.01826	0.03810	0.01407	0.01809	0.01198	0.01748	0.00909	0.00667	0.00661	0.00218	0.00878	0.00587	0.00311	0.00778
28	0.00914	0.00658	0.00865	0.00868	0.00995	0.00609	0.00630	0.01177	0.01733	0.02427	0.53467	0.24177	0.05820	0.01569	0.00809	0.00228	0.00336	0.01401	0.00707	0.00609
29	0.02024	0.42731	0.02758	0.01400	0.01844	0.29534	0.01213	0.02220	0.01542	0.01604	0.00993	0.01191	0.00886	0.00772	0.02585	0.00188	0.04980	0.00409	0.00312	0.00815
30	0.01357	0.01285	0.02175	0.58608	0.20115	0.01514	0.01908	0.01793	0.01384	0.01824	0.01209	0.01760	0.00933	0.00654	0.00669	0.00218	0.00872	0.00597	0.00306	0.00818
31	0.01610	0.07026	0.10025	0.11810	0.41614	0.01606	0.03539	0.02099	0.04323	0.04023	0.01321	0.01650	0.01057	0.00622	0.00641	0.00197	0.00800	0.00573	0.00351	0.05113
32	0.02640	0.01491	0.01743	0.01347	0.01854	0.01523	0.01109	0.37321	0.02541	0.33175	0.04683	0.02151	0.03508	0.00861	0.00680	0.00205	0.00641	0.00678	0.00740	0.01108
33	0.00814	0.00670	0.00716	0.00727	0.00925	0.00572	0.00537	0.00996	0.01547	0.01907	0.14242	0.13774	0.56843	0.01704	0.00800	0.00230	0.00342	0.01445	0.00637	0.00572
34	0.01110	0.00772	0.00892	0.00849	0.01074	0.00701	0.00639	0.03490	0.04056	0.08200	0.21878	0.14619	0.36132	0.01542	0.00783	0.00226	0.00379	0.01319	0.00673	0.00664
35	0.05585	0.15269	0.31645	0.05677	0.09111	0.03637	0.04177	0.02115	0.01417	0.06718	0.01217	0.01455	0.00931	0.00685	0.00745	0.00206	0.07636	0.00509	0.00337	0.00928
36	0.62777	0.01376	0.01191	0.01010	0.01452	0.01555	0.00833	0.12708	0.01517	0.08634	0.01174	0.01265	0.00864	0.00668	0.00475	0.00207	0.00557	0.00425	0.00488	0.00824
37	0.00917	0.00664	0.00869	0.00884	0.01013	0.00616	0.00652	0.01176	0.01706	0.02367	0.48001	0.23813	0.07867	0.01601	0.00816	0.00233	0.00353	0.05146	0.00698	0.00607
38	0.01812	0.01355	0.04923	0.37785	0.17752	0.01382	0.01697	0.02213	0.01536	0.20589	0.01592	0.01878	0.01130	0.00697	0.00669	0.00214	0.00793	0.00613	0.00445	0.00926
39	0.02839	0.01331	0.01719	0.01420	0.05339	0.01263	0.01105	0.18248	0.02179	0.53724	0.02344	0.02101	0.01514	0.00813	0.00673	0.00206	0.00620	0.00655	0.00770	0.01138
40	0.01038	0.00671	0.00813	0.00847	0.00969	0.00648	0.00607	0.03774	0.01551	0.02285	0.21217	0.33935	0.04056	0.01492	0.00724	0.00221	0.00362	0.01317	0.22859	0.00613
41	0.01584	0.01810	0.03959	0.02828	0.03507	0.01697	0.69796	0.02149	0.01584	0.02149	0.01357	0.01810	0.01018	0.00566	0.00792	0.00226	0.01131	0.00792	0.00339	0.00905
42	0.01674	0.01851	0.02251	0.15584	0.08190	0.21728	0.16477	0.02087	0.05370	0.01885	0.01654	0.13107	0.01537	0.00894	0.00745	0.00217	0.02749	0.00805	0.00394	0.00801
43	0.01670	0.05678	0.20564	0.01310	0.01971	0.01275	0.01318	0.09051	0.01659	0.10308	0.03614	0.01783	0.03626	0.00674	0.00588	0.00162	0.00662	0.00533	0.00456	0.33098
44	0.01904	0.49213	0.12653	0.01381	0.01968	0.15788	0.01365	0.05567	0.01561	0.01799	0.01024	0.01175	0.00874	0.00616	0.00504	0.00161	0.00848	0.00404	0.00317	0.00877
45	0.81159	0.01298	0.00986	0.00882	0.01298	0.01505	0.00727	0.01972	0.01142	0.03010	0.00934	0.01090	0.00727	0.00623	0.00415	0.00208	0.00519	0.00363	0.00415	0.00727
46	0.02285	0.01750	0.01756	0.01396	0.01846	0.07492	0.01133	0.51675	0.02750	0.03706	0.05282	0.01878	0.01467	0.00822	0.00644	0.00193	0.00695	0.00625	0.11590	0.01015
47	0.00976	0.00651	0.00732	0.00732	0.00732	0.00651	0.00407	0.00976	0.00976	0.01301	0.02114	0.04391	0.02439	0.76419	0.03415	0.00651	0.00651	0.00976	0.00407	0.00407
48	0.01929	0.01371	0.01556	0.04355	0.04326	0.01494	0.01081	0.27212	0.17733	0.07747	0.02281	0.02508	0.03961	0.00900	0.00656	0.00207	0.00594	0.04320	0.14806	0.00965
49	0.09912	0.01194	0.01530	0.01184	0.01695	0.01089	0.00978	0.06608	0.01915	0.62979	0.02442	0.02143	0.01551	0.00811	0.00652	0.00207	0.00575	0.00644	0.00785	0.01105
50	0.01810	0.01173	0.01342	0.01180	0.01521	0.01234	0.00941	0.11863	0.23413	0.15621	0.05414	0.03403	0.06586	0.04960	0.00843	0.00245	0.00544	0.09051	0.07945	0.00912
51	0.01081	0.00973	0.01257	0.01447	0.12255	0.04425	0.03668	0.01317	0.01560	0.02015	0.16633	0.21368	0.26494	0.01465	0.00778	0.00228	0.00494	0.01292	0.00573	0.00676

[dist]
# distance from previous block
# <min> <max>
1	6

[block]
# block no. 5 follows, 32 sequences, length 68
# corresponding to MSA columns:
# 208-275
name=unknown_F
#
# <colnr> <probs for GDERKNQSTAVLIFYWHMCP>
#	G	D	E	R	K	N	Q	S	T	A	V	L	I	F	Y	W	H	M	C	P
0	0.02066	0.01750	0.05827	0.01371	0.01811	0.07785	0.01157	0.37716	0.08756	0.03284	0.01757	0.01869	0.01320	0.01038	0.04892	0.00245	0.00759	0.00608	0.15021	0.00969
1	0.01346	0.03471	0.72942	0.01912	0.02904	0.01558	0.02479	0.02125	0.01417	0.02125	0.01204	0.01417	0.00850	0.00637	0.00637	0.00212	0.00992	0.00496	0.00283	0.00992
2	0.02196	0.06151	0.02000	0.01536	0.01926	0.16409	0.02936	0.35652	0.02300	0.02938	0.01411	0.01689	0.01134	0.05409	0.00999	0.00230	0.10156	0.00582	0.03414	0.00932
3	0.01794	0.76823	0.03516	0.01148	0.01722	0.02655	0.01148	0.02009	0.01363	0.01579	0.00933	0.01076	0.00861	0.00574	0.00431	0.00144	0.00718	0.00359	0.00287	0.00861
4	0.01081	0.00772	0.01081	0.01236	0.01390	0.00772	0.01081	0.01390	0.01545	0.02008	0.03553	0.07569	0.03862	0.01854	0.00927	0.00309	0.00618	0.67717	0.00618	0.00618
5	0.01267	0.01193	0.02013	0.74806	0.04621	0.01491	0.01863	0.01714	0.01342	0.01714	0.01193	0.01789	0.00894	0.00671	0.00671	0.00224	0.00894	0.00596	0.00298	0.00745
6	0.00976	0.00651	0.00732	0.00732	0.00732	0.00651	0.00407	0.00976	0.00976	0.01301	0.02114	0.04391	0.02439	0.76419	0.03415	0.00651	0.00651	0.00976	0.00407	0.00407
7	0.00911	0.00663	0.00857	0.00852	0.00990	0.00610	0.00623	0.01174	0.01741	0.02420	0.52740	0.20439	0.10371	0.01552	0.00806	0.00225	0.00334	0.01377	0.00706	0.00610
8	0.00962	0.00706	0.01013	0.01013	0.01110	0.00803	0.00757	0.01156	0.01059	0.01509	0.01857	0.02968	0.01822	0.18529	0.60460	0.00997	0.01580	0.00767	0.00368	0.00563
9	0.01401	0.00770	0.00785	0.00731	0.00931	0.00793	0.00562	0.09448	0.01608	0.02701	0.02122	0.02399	0.01653	0.00784	0.00492	0.00162	0.00362	0.00623	0.70988	0.00685
10	0.02900	0.01117	0.01522	0.01175	0.01675	0.00967	0.00967	0.03162	0.01919	0.68942	0.06362	0.02430	0.01912	0.00860	0.00681	0.00208	0.00557	0.00704	0.00826	0.01115
11	0.02546	0.01081	0.01372	0.01087	0.01520	0.00993	0.00886	0.08592	0.01903	0.49875	0.02448	0.02279	0.01630	0.00817	0.00625	0.00195	0.00523	0.00657	0.19956	0.01017
12	0.01784	0.00890	0.01015	0.00888	0.01168	0.00884	0.00695	0.05809	0.07847	0.19702	0.02285	0.02386	0.01686	0.00856	0.00619	0.02765	0.00427	0.00647	0.46840	0.00807
13	0.00829	0.00681	0.00729	0.00717	0.00928	0.00582	0.00538	0.01032	0.01614	0.02014	0.21704	0.06126	0.56929	0.01624	0.00793	0.00223	0.00335	0.01370	0.00650	0.00582
14	0.01702	0.01061	0.01107	0.00944	0.01233	0.01131	0.00749	0.25318	0.02014	0.03101	0.01988	0.02192	0.01519	0.00790	0.00539	0.00172	0.00460	0.00618	0.52557	0.00804
15	0.01558	0.01069	0.03723	0.01231	0.01460	0.01129	0.01011	0.05049	0.01364	0.16658	0.01945	0.02488	0.03290	0.07445	0.34941	0.00652	0.13049	0.00709	0.00470	0.00761
16	0.00904	0.00703	0.00826	0.00883	0.01061	0.00640	0.00700	0.01111	0.01501	0.01869	0.07394	0.10382	0.39918	0.06159	0.00994	0.00280	0.00451	0.23037	0.00612	0.00575
17	0.00816	0.00589	0.00773	0.00921	0.00970	0.00546	0.00617	0.00936	0.01298	0.01718	0.03865	0.72251	0.08061	0.02081	0.00853	0.00270	0.00387	0.01881	0.00623	0.00546
18	0.02036	0.38187	0.02963	0.01606	0.02108	0.29628	0.10863	0.02285	0.01600	0.01683	0.01032	0.01231	0.00884	0.00618	0.00548	0.00166	0.00964	0.00448	0.00317	0.00836
19	0.01648	0.62619	0.03046	0.01120	0.01610	0.02309	0.01078	0.01870	0.01321	0.01607	0.01107	0.01363	0.01015	0.01262	0.11633	0.00287	0.00869	0.00423	0.03000	0.00813
20	0.01147	0.00589	0.00860	0.00860	0.00860	0.00589	0.00566	0.00884	0.00884	0.01179	0.01258	0.02268	0.01289	0.09538	0.02700	0.72712	0.00589	0.00621	0.00303	0.00303
21	0.25454	0.04228	0.01806	0.01489	0.05969	0.01903	0.01157	0.43810	0.02410	0.03663	0.01370	0.01443	0.01006	0.00732	0.00588	0.00201	0.00677	0.00525	0.00563	0.01006
22	0.53369	0.12944	0.01562	0.04856	0.03569	0.06046	0.00936	0.02087	0.01289	0.06722	0.01063	0.01217	0.00828	0.00634	0.00464	0.00196	0.00621	0.00404	0.00408	0.00785
23	0.00967	0.00700	0.00905	0.00933	0.01074	0.00663	0.00724	0.01224	0.01636	0.02220	0.35632	0.09979	0.11218	0.09123	0.01097	0.00288	0.00441	0.19927	0.00654	0.00595
24	0.02016	0.53857	0.03012	0.01329	0.01832	0.24824	0.01194	0.02218	0.01531	0.01598	0.00965	0.01118	0.00862	0.00611	0.00485	0.00153	0.00871	0.00382	0.00305	0.00835
25	0.01224	0.01105	0.01694	0.08238	0.31483	0.01087	0.01303	0.01533	0.01554	0.02090	0.13446	0.07920	0.22385	0.01123	0.00732	0.00215	0.00579	0.01001	0.00490	0.00800
26	0.04471	0.15164	0.24135	0.05734	0.10158	0.04824	0.03811	0.03807	0.03221	0.03689	0.01611	0.01895	0.05204	0.00736	0.00650	0.00197	0.02596	0.02197	0.00367	0.05533
27	0.01594	0.01429	0.02324	0.17935	0.45611	0.01500	0.01811	0.03814	0.05405	0.04536	0.01548	0.06706	0.01331	0.00744	0.00680	0.00211	0.00766	0.00697	0.00390	0.00969
28	0.01916	0.01064	0.01346	0.01235	0.01572	0.01062	0.01015	0.02593	0.19082	0.27942	0.03025	0.08401	0.02639	0.01259	0.00770	0.00249	0.00566	0.22637	0.00712	0.00916
29	0.03748	0.00941	0.01105	0.05317	0.01407	0.00973	0.00795	0.03858	0.14647	0.07737	0.14084	0.07212	0.16813	0.12895	0.03580	0.00319	0.00546	0.02695	0.00603	0.00725
30	0.01856	0.33884	0.06940	0.01965	0.09482	0.11290	0.16417	0.07066	0.01630	0.01996	0.01137	0.01371	0.00936	0.00610	0.00585	0.00179	0.00896	0.00513	0.00338	0.00908
31	0.00964	0.00696	0.00961	0.00961	0.01041	0.00775	0.00693	0.01123	0.01044	0.01471	0.01904	0.03228	0.01935	0.29128	0.50016	0.00934	0.01410	0.00806	0.00375	0.00534
32	0.00800	0.00680	0.00689	0.00687	0.00911	0.00569	0.00515	0.00976	0.01546	0.01851	0.09659	0.06394	0.69075	0.01685	0.00793	0.00226	0.00339	0.01407	0.00628	0.00569
33	0.01095	0.00883	0.01160	0.01150	0.01341	0.00897	0.04493	0.01676	0.16651	0.02109	0.09059	0.33912	0.09135	0.01629	0.00816	0.00257	0.00486	0.11923	0.00629	0.00698
34	0.01790	0.03765	0.02575	0.14697	0.36808	0.11267	0.08469	0.08527	0.01703	0.02215	0.01255	0.01616	0.01007	0.00638	0.00664	0.00201	0.00893	0.00589	0.00360	0.00961
35	0.02504	0.01835	0.01964	0.01511	0.02034	0.02029	0.01246	0.67544	0.03092	0.04167	0.01632	0.01643	0.01162	0.00805	0.00664	0.00200	0.00723	0.00605	0.03519	0.01123
36	0.00846	0.00677	0.00746	0.00785	0.00961	0.00596	0.00587	0.01013	0.01458	0.01785	0.05649	0.15206	0.49733	0.07443	0.01017	0.00275	0.00404	0.09655	0.00606	0.00558
37	0.06211	0.01714	0.01929	0.25414	0.02853	0.07707	0.01431	0.35741	0.05322	0.03071	0.01441	0.01648	0.01056	0.00747	0.00653	0.00208	0.00807	0.00582	0.00510	0.00957
38	0.00959	0.00717	0.01067	0.01067	0.01183	0.00833	0.00824	0.01191	0.01075	0.01549	0.01808	0.02694	0.01703	0.07391	0.71436	0.01064	0.01759	0.00727	0.00361	0.00593
39	0.01774	0.73616	0.06551	0.01182	0.01774	0.02607	0.01206	0.02014	0.01366	0.01603	0.00945	0.01091	0.00861	0.00577	0.00440	0.00147	0.00730	0.00365	0.00287	0.00867
40	0.29881	0.01247	0.01205	0.01112	0.01359	0.07775	0.00874	0.04630	0.01256	0.02189	0.01370	0.01945	0.01236	0.07333	0.28142	0.00564	0.06241	0.00569	0.00390	0.00681
41	0.65241	0.01266	0.01102	0.00946	0.01382	0.01400	0.00780	0.02237	0.01300	0.17204	0.01283	0.01333	0.00917	0.00665	0.00468	0.00208	0.00530	0.00427	0.00500	0.00811
42	0.00898	0.00675	0.00744	0.00752	0.00878	0.00620	0.00518	0.01018	0.01330	0.01674	0.08627	0.05619	0.34870	0.31820	0.01860	0.00403	0.00484	0.06158	0.00542	0.00510
43	0.38385	0.01453	0.01447	0.01166	0.01644	0.01579	0.00963	0.24445	0.01969	0.18686	0.01531	0.01522	0.01067	0.00728	0.00556	0.00206	0.00602	0.00510	0.00590	0.00953
44	0.01576	0.01863	0.06145	0.02799	0.03488	0.01692	0.67664	0.02149	0.01578	0.02149	0.01353	0.01797	0.01013	0.00568	0.00787	0.00226	0.01127	0.00782	0.00338	0.00908
45	0.42859	0.01568	0.11500	0.01202	0.01589	0.01520	0.01118	0.01896	0.01196	0.04265	0.01131	0.01405	0.00908	0.00911	0.03444	0.00253	0.15609	0.00468	0.06396	0.00764
46	0.01253	0.01037	0.01237	0.00988	0.01418	0.00847	0.00758	0.01554	0.03646	0.02032	0.01734	0.13258	0.01702	0.05612	0.06501	0.00240	0.00593	0.00703	0.00439	0.54447
47	0.27578	0.13321	0.32023	0.01446	0.02121	0.01663	0.04193	0.02001	0.01304	0.02301	0.01118	0.01350	0.00869	0.00892	0.05064	0.00255	0.00851	0.00457	0.00334	0.00858
48	0.16084	0.00975	0.01091	0.01094	0.01285	0.05269	0.03780	0.01449	0.01363	0.05802	0.02850	0.44855	0.03183	0.01585	0.00752	0.00252	0.00524	0.06597	0.00566	0.00647
49	0.01346	0.03471	0.72942	0.01912	0.02904	0.01558	0.02479	0.02125	0.01417	0.02125	0.01204	0.01417	0.00850	0.00637	0.00637	0.00212	0.00992	0.00496	0.00283	0.00992
50	0.07460	0.01681	0.01850	0.01426	0.01952	0.01804	0.01178	0.51112	0.02759	0.19262	0.01798	0.01728	0.01230	0.00800	0.00656	0.00203	0.00688	0.00605	0.00691	0.01116
51	0.01468	0.01468	0.02055	0.01762	0.01762	0.02055	0.01468	0.01615	0.01028	0.01615	0.00881	0.01468	0.00881	0.01174	0.02202	0.00294	0.75191	0.00587	0.00294	0.00734
52	0.78139	0.01320	0.01026	0.00908	0.01328	0.01527	0.00748	0.04586	0.01219	0.03057	0.00960	0.01110	0.00743	0.00630	0.00425	0.00207	0.00527	0.00373	0.00425	0.00743
53	0.81159	0.01298	0.00986	0.00882	0.01298	0.01505	0.00727	0.01972	0.01142	0.03010	0.00934	0.01090	0.00727	0.00623	0.00415	0.00208	0.00519	0.00363	0.00415	0.00727
54	0.01985	0.01573	0.01701	0.01423	0.01836	0.01782	0.01138	0.32046	0.34073	0.03327	0.04195	0.05382	0.01841	0.00940	0.00744	0.00220	0.03334	0.00749	0.00663	0.01049
55	0.01736	0.01475	0.01555	0.01379	0.01770	0.01700	0.01078	0.08610	0.65868	0.02915	0.02646	0.02436	0.01979	0.00902	0.00682	0.00226	0.00547	0.00747	0.00682	0.01068
56	0.00972	0.00667	0.00817	0.00817	0.00846	0.00697	0.00513	0.01030	0.01001	0.01364	0.02036	0.03961	0.02253	0.58916	0.20663	0.00755	0.00932	0.00913	0.00395	0.00454
57	0.01251	0.00625	0.00625	0.00625	0.00782	0.00625	0.00469	0.01563	0.01407	0.02502	0.02189	0.02502	0.01720	0.00782	0.00469	0.00156	0.00313	0.00625	0.80144	0.00625
58	0.03010	0.01142	0.01557	0.01194	0.01713	0.00986	0.00986	0.03270	0.01920	0.72698	0.02647	0.02284	0.01661	0.00830	0.00675	0.00208	0.00571	0.00675	0.00830	0.01142
59	0.00875	0.00655	0.00812	0.00832	0.00972	0.00592	0.00601	0.01099	0.01633	0.02200	0.36795	0.26124	0.21028	0.01662	0.00811	0.00233	0.00343	0.01464	0.00678	0.00592
60	0.03010	0.01142	0.01557	0.01194	0.01713	0.00986	0.00986	0.03270	0.01920	0.72698	0.02647	0.02284	0.01661	0.00830	0.00675	0.00208	0.00571	0.00675	0.00830	0.01142
61	0.02522	0.01403	0.01659	0.01318	0.01799	0.01434	0.01073	0.23451	0.15607	0.35414	0.05394	0.02242	0.01783	0.00862	0.00680	0.00210	0.00603	0.00693	0.00750	0.01104
62	0.00920	0.00660	0.00851	0.00970	0.01038	0.00635	0.00661	0.05000	0.01395	0.01861	0.03575	0.71603	0.04244	0.02026	0.00846	0.00268	0.00410	0.01831	0.00626	0.00580
63	0.01744	0.01704	0.14758	0.01551	0.02016	0.01427	0.09314	0.13246	0.06727	0.12218	0.01920	0.02334	0.03735	0.10581	0.07021	0.00344	0.07266	0.00708	0.00493	0.00892
64	0.00818	0.00584	0.00779	0.00934	0.00973	0.00545	0.00623	0.00934	0.01285	0.01713	0.03698	0.75981	0.04438	0.02102	0.00856	0.00273	0.00389	0.01908	0.00623	0.00545
65	0.01635	0.01185	0.01370	0.01269	0.01569	0.01275	0.01053	0.24016	0.09954	0.02866	0.02679	0.07487	0.02552	0.01295	0.00761	0.00246	0.00603	0.27759	0.09591	0.00837
66	0.36627	0.14484	0.01878	0.03394	0.10517	0.19384	0.01132	0.02156	0.01418	0.02300	0.01007	0.01206	0.00829	0.00630	0.00502	0.00188	0.00766	0.00415	0.00363	0.00804
67	0.01463	0.02073	0.20601	0.08275	0.08198	0.01570	0.36148	0.02082	0.04036	0.02110	0.01487	0.06091	0.01209	0.00697	0.00734	0.00223	0.00988	0.00753	0.00351	0.00910

[dist]
# distance from previous block
# <min> <max>
5	9

[block]
# block no. 6 follows, 32 sequences, length 63
# corresponding to MSA columns:
# 285-335,337-348
name=unknown_G
#
# <colnr> <probs for GDERKNQSTAVLIFYWHMCP>
#	G	D	E	R	K	N	Q	S	T	A	V	L	I	F	Y	W	H	M	C	P
0	0.01848	0.04044	0.20855	0.04653	0.07151	0.10779	0.01515	0.08955	0.04198	0.12045	0.03738	0.03951	0.02949	0.00827	0.00711	0.02866	0.00792	0.00618	0.00464	0.07042
1	0.01658	0.15465	0.08124	0.10856	0.25059	0.05710	0.03324	0.03838	0.05025	0.03923	0.01483	0.01748	0.03286	0.00782	0.02531	0.00212	0.00816	0.00570	0.00370	0.05220
2	0.01589	0.01646	0.03231	0.04814	0.03038	0.01623	0.49269	0.02330	0.12637	0.04134	0.05152	0.02084	0.01459	0.00690	0.00809	0.00227	0.03139	0.00792	0.00425	0.00912
3	0.00944	0.00750	0.01042	0.05852	0.07606	0.00724	0.00840	0.01144	0.01416	0.01866	0.09015	0.42659	0.15892	0.01735	0.00816	0.00252	0.00458	0.05785	0.00585	0.00619
4	0.01922	0.22803	0.30643	0.01567	0.02261	0.13579	0.01685	0.04475	0.01605	0.11630	0.01314	0.01416	0.00976	0.00661	0.00583	0.00186	0.00888	0.00476	0.00382	0.00947
5	0.26628	0.03453	0.01949	0.23297	0.15409	0.04981	0.06117	0.03710	0.01393	0.02292	0.01157	0.01530	0.00917	0.00816	0.03585	0.00244	0.00818	0.00528	0.00358	0.00817
6	0.00824	0.00617	0.00767	0.00876	0.00969	0.00560	0.00608	0.00967	0.01376	0.01783	0.07072	0.54032	0.21358	0.01967	0.00840	0.00260	0.00380	0.03562	0.00627	0.00556
7	0.01374	0.01281	0.02102	0.25833	0.36304	0.01358	0.01693	0.01755	0.01503	0.02044	0.08321	0.02545	0.09431	0.00815	0.00692	0.00211	0.00733	0.00745	0.00391	0.00867
8	0.01256	0.01175	0.01979	0.72139	0.04497	0.01467	0.01826	0.01696	0.01332	0.01709	0.01214	0.01820	0.00923	0.00829	0.03315	0.00255	0.00927	0.00601	0.00300	0.00740
9	0.01166	0.00583	0.00874	0.00874	0.00874	0.00583	0.00583	0.00874	0.00874	0.01166	0.01166	0.02040	0.01166	0.02331	0.02622	0.80478	0.00583	0.00583	0.00291	0.00291
10	0.03868	0.00665	0.00774	0.00817	0.00953	0.00643	0.00585	0.01405	0.01377	0.07069	0.02879	0.36522	0.02943	0.01392	0.00661	0.00216	0.00373	0.01215	0.35015	0.00628
11	0.00849	0.00638	0.00788	0.00857	0.00976	0.00578	0.00611	0.01029	0.01492	0.01960	0.19149	0.39643	0.22965	0.01828	0.00828	0.00248	0.00369	0.03971	0.00648	0.00572
12	0.01278	0.00988	0.01056	0.01078	0.01210	0.07302	0.00822	0.03668	0.01405	0.04137	0.02632	0.05298	0.02836	0.32800	0.01920	0.00432	0.00687	0.29358	0.00514	0.00579
13	0.01283	0.01209	0.02042	0.71894	0.07407	0.01495	0.01872	0.01729	0.01349	0.01734	0.01195	0.01784	0.00901	0.00668	0.00671	0.00223	0.00890	0.00596	0.00300	0.00758
14	0.01551	0.01747	0.03785	0.02715	0.03357	0.01640	0.66058	0.02086	0.01551	0.02104	0.01398	0.01949	0.01095	0.04652	0.00933	0.00249	0.01105	0.00802	0.00343	0.00878
15	0.01364	0.20421	0.11405	0.01495	0.04731	0.03522	0.09888	0.01729	0.01567	0.02047	0.16328	0.03345	0.10229	0.01012	0.00685	0.00207	0.00689	0.08091	0.00462	0.00784
16	0.17152	0.28117	0.02333	0.01300	0.01807	0.09795	0.01129	0.26191	0.02014	0.02796	0.01185	0.01283	0.00935	0.00678	0.00532	0.00179	0.00740	0.00454	0.00454	0.00926
17	0.81159	0.01298	0.00986	0.00882	0.01298	0.01505	0.00727	0.01972	0.01142	0.03010	0.00934	0.01090	0.00727	0.00623	0.00415	0.00208	0.00519	0.00363	0.00415	0.00727
18	0.00976	0.00651	0.00732	0.00732	0.00732	0.00651	0.00407	0.00976	0.00976	0.01301	0.02114	0.04391	0.02439	0.76419	0.03415	0.00651	0.00651	0.00976	0.00407	0.00407
19	0.01630	0.01822	0.03331	0.02475	0.02988	0.06724	0.48631	0.02162	0.05243	0.02050	0.01320	0.01742	0.01037	0.00706	0.01036	0.00235	0.14917	0.00727	0.00350	0.00873
20	0.81159	0.01298	0.00986	0.00882	0.01298	0.01505	0.00727	0.01972	0.01142	0.03010	0.00934	0.01090	0.00727	0.00623	0.00415	0.00208	0.00519	0.00363	0.00415	0.00727
21	0.01267	0.01193	0.02013	0.74806	0.04621	0.01491	0.01863	0.01714	0.01342	0.01714	0.01193	0.01789	0.00894	0.00671	0.00671	0.00224	0.00894	0.00596	0.00298	0.00745
22	0.01505	0.01189	0.01403	0.01008	0.01599	0.00901	0.00808	0.01800	0.01428	0.07125	0.01294	0.01454	0.01041	0.00520	0.00509	0.00107	0.00502	0.00417	0.00428	0.74961
23	0.21626	0.05755	0.01745	0.01499	0.01871	0.53228	0.01152	0.02480	0.01694	0.01973	0.01008	0.01175	0.00831	0.00670	0.00552	0.00180	0.01022	0.00412	0.00360	0.00769
24	0.01661	0.01594	0.02724	0.04119	0.72233	0.01594	0.02059	0.02059	0.01528	0.02192	0.01262	0.01661	0.01063	0.00598	0.00664	0.00199	0.00797	0.00598	0.00332	0.01063
25	0.01410	0.01317	0.04448	0.01146	0.01718	0.01014	0.03686	0.03461	0.01429	0.02198	0.01289	0.04075	0.01111	0.00595	0.00594	0.00125	0.03248	0.00484	0.00402	0.66252
26	0.01490	0.01193	0.05937	0.01101	0.01436	0.01073	0.00929	0.17154	0.04096	0.07701	0.40265	0.03840	0.08687	0.01166	0.00743	0.00210	0.00482	0.00991	0.00690	0.00815
27	0.01794	0.76823	0.03516	0.01148	0.01722	0.02655	0.01148	0.02009	0.01363	0.01579	0.00933	0.01076	0.00861	0.00574	0.00431	0.00144	0.00718	0.00359	0.00287	0.00861
28	0.01754	0.01484	0.01565	0.01383	0.01777	0.01709	0.01083	0.09992	0.64456	0.02944	0.02623	0.02417	0.01960	0.00900	0.00682	0.00225	0.00551	0.00744	0.00682	0.01070
29	0.01251	0.00625	0.00625	0.00625	0.00782	0.00625	0.00469	0.01563	0.01407	0.02502	0.02189	0.02502	0.01720	0.00782	0.00469	0.00156	0.00313	0.00625	0.80144	0.00625
30	0.00959	0.00719	0.01078	0.01078	0.01198	0.00839	0.00839	0.01198	0.01078	0.01558	0.01797	0.02636	0.01677	0.05032	0.73760	0.01078	0.01797	0.00719	0.00359	0.00599
31	0.02551	0.01879	0.02014	0.01544	0.02081	0.02081	0.01275	0.69996	0.03155	0.04229	0.01611	0.01611	0.01141	0.00805	0.00671	0.00201	0.00738	0.00604	0.00671	0.01141
32	0.00976	0.00651	0.00732	0.00732	0.00732	0.00651	0.00407	0.00976	0.00976	0.01301	0.02114	0.04391	0.02439	0.76419	0.03415	0.00651	0.00651	0.00976	0.00407	0.00407
33	0.01166	0.00583	0.00874	0.00874	0.00874	0.00583	0.00583	0.00874	0.00874	0.01166	0.01166	0.02040	0.01166	0.02331	0.02622	0.80478	0.00583	0.00583	0.00291	0.00291
34	0.00906	0.00717	0.00820	0.00801	0.00995	0.00652	0.00598	0.01225	0.05407	0.02217	0.32874	0.10477	0.36778	0.01551	0.00791	0.00223	0.00344	0.01332	0.00673	0.00619
35	0.78381	0.01292	0.01006	0.00893	0.01312	0.01487	0.00736	0.02019	0.01170	0.05487	0.00995	0.01132	0.00760	0.00630	0.00424	0.00208	0.00521	0.00374	0.00430	0.00741
36	0.13194	0.01162	0.01483	0.01153	0.01659	0.01054	0.00952	0.03101	0.01819	0.63617	0.02424	0.02128	0.01539	0.00803	0.00641	0.00208	0.00564	0.00634	0.00776	0.01088
37	0.02189	0.01399	0.01590	0.01326	0.01765	0.01498	0.01060	0.14310	0.36981	0.23836	0.04854	0.02376	0.01928	0.00885	0.00682	0.00217	0.00570	0.00724	0.00727	0.01084
