[name]
unknown

[dist]
# distance from previous block
# <min> <max>
0	37

[block]
# block no. 0 follows, 30 sequences, length 15
# corresponding to MSA columns:
# 39-53
name=unknown_A
#
# <colnr> <probs for GDERKNQSTAVLIFYWHMCP>
#	G	D	E	R	K	N	Q	S	T	A	V	L	I	F	Y	W	H	M	C	P
0	0.01673	0.11823	0.12106	0.06300	0.11831	0.04638	0.01483	0.06950	0.14629	0.04360	0.06243	0.02697	0.06752	0.00922	0.00689	0.00217	0.00734	0.04501	0.00502	0.00951
1	0.01617	0.01402	0.02240	0.48051	0.19339	0.01612	0.01886	0.08475	0.01648	0.05095	0.01363	0.01834	0.01028	0.00701	0.00696	0.00224	0.00877	0.00625	0.00379	0.00907
2	0.01301	0.00650	0.00650	0.00650	0.00813	0.00650	0.00488	0.01626	0.01463	0.02602	0.02276	0.02602	0.01789	0.00813	0.00488	0.00163	0.00325	0.00650	0.79350	0.00650
3	0.01447	0.01240	0.01447	0.01034	0.01654	0.00930	0.00827	0.01757	0.01447	0.02274	0.01240	0.01447	0.01034	0.00517	0.00517	0.00103	0.00517	0.00413	0.00413	0.79742
4	0.80405	0.01350	0.01026	0.00918	0.01350	0.01565	0.00756	0.02051	0.01188	0.03131	0.00972	0.01134	0.00756	0.00648	0.00432	0.00216	0.00540	0.00378	0.00432	0.00756
5	0.01178	0.00998	0.04701	0.01254	0.01485	0.00874	0.06864	0.01538	0.06180	0.05933	0.03490	0.37921	0.08902	0.04316	0.03525	0.00313	0.00609	0.08614	0.00603	0.00703
6	0.00997	0.00748	0.01121	0.01121	0.01246	0.00872	0.00872	0.01246	0.01121	0.01620	0.01869	0.02741	0.01745	0.05234	0.72710	0.01121	0.01869	0.00748	0.00374	0.00623
7	0.01301	0.00650	0.00650	0.00650	0.00813	0.00650	0.00488	0.01626	0.01463	0.02602	0.02276	0.02602	0.01789	0.00813	0.00488	0.00163	0.00325	0.00650	0.79350	0.00650
8	0.80405	0.01350	0.01026	0.00918	0.01350	0.01565	0.00756	0.02051	0.01188	0.03131	0.00972	0.01134	0.00756	0.00648	0.00432	0.00216	0.00540	0.00378	0.00432	0.00756
9	0.01341	0.01285	0.02233	0.68897	0.04726	0.01565	0.06548	0.01814	0.01413	0.01814	0.01252	0.01862	0.00939	0.00690	0.00706	0.00233	0.00947	0.00634	0.00313	0.00787
10	0.01512	0.02165	0.27360	0.01629	0.02209	0.01537	0.03658	0.07844	0.17966	0.02506	0.04687	0.02954	0.07397	0.01021	0.00842	0.00241	0.05844	0.07166	0.00508	0.00954
11	0.01187	0.03963	0.13522	0.01229	0.01590	0.00938	0.03295	0.01486	0.01445	0.05003	0.05032	0.39941	0.05671	0.01503	0.00773	0.00237	0.00570	0.01336	0.00547	0.10733
12	0.00871	0.00621	0.00823	0.00963	0.01005	0.00592	0.00642	0.00990	0.01299	0.01739	0.03607	0.65463	0.04293	0.08147	0.05065	0.00361	0.00507	0.01839	0.00615	0.00559
13	0.17341	0.06040	0.20378	0.01326	0.01964	0.01444	0.01339	0.08917	0.01607	0.02610	0.03953	0.05346	0.01339	0.00741	0.00585	0.00185	0.00685	0.00567	0.00434	0.23199
14	0.02203	0.34458	0.02650	0.01489	0.01944	0.36083	0.01247	0.05115	0.01758	0.01794	0.01191	0.04810	0.01090	0.00743	0.00566	0.00173	0.00976	0.00499	0.00361	0.00850

[dist]
# distance from previous block
# <min> <max>
0	1

[block]
# block no. 1 follows, 30 sequences, length 54
# corresponding to MSA columns:
# 55-70,73-110
name=unknown_B
#
# <colnr> <probs for GDERKNQSTAVLIFYWHMCP>
#	G	D	E	R	K	N	Q	S	T	A	V	L	I	F	Y	W	H	M	C	P
0	0.06199	0.02306	0.01831	0.01568	0.01993	0.29354	0.01226	0.24163	0.14913	0.02905	0.03554	0.01893	0.03350	0.00844	0.00667	0.00204	0.00884	0.00617	0.00556	0.00973
1	0.01128	0.00629	0.00916	0.00936	0.00957	0.00641	0.00635	0.00968	0.00995	0.01343	0.01676	0.11142	0.01773	0.07147	0.11852	0.54946	0.00754	0.00816	0.00361	0.00385
2	0.07396	0.01870	0.01975	0.01544	0.02077	0.02083	0.01268	0.57961	0.09986	0.04167	0.01751	0.01737	0.01257	0.00837	0.00683	0.00213	0.00732	0.00629	0.00683	0.01151
3	0.01871	0.30013	0.30638	0.01608	0.02357	0.06725	0.01772	0.11083	0.01742	0.04427	0.01240	0.01384	0.00956	0.00672	0.00587	0.00190	0.00892	0.00479	0.00372	0.00992
4	0.01301	0.00650	0.00650	0.00650	0.00813	0.00650	0.00488	0.01626	0.01463	0.02602	0.02276	0.02602	0.01789	0.00813	0.00488	0.00163	0.00325	0.00650	0.79350	0.00650
5	0.78027	0.01355	0.01059	0.00945	0.01364	0.01583	0.00779	0.02040	0.01184	0.03087	0.00970	0.01145	0.00761	0.00665	0.00488	0.00219	0.02760	0.00385	0.00428	0.00756
6	0.02829	0.01169	0.01561	0.01208	0.01717	0.01022	0.00990	0.05166	0.02008	0.59554	0.09106	0.02577	0.02138	0.00899	0.00704	0.00211	0.00570	0.00738	0.00827	0.05006
7	0.01301	0.00650	0.00650	0.00650	0.00813	0.00650	0.00488	0.01626	0.01463	0.02602	0.02276	0.02602	0.01789	0.00813	0.00488	0.00163	0.00325	0.00650	0.79350	0.00650
8	0.01574	0.10365	0.06027	0.01149	0.01746	0.01224	0.01011	0.04313	0.01538	0.05128	0.01482	0.04421	0.01294	0.00680	0.00564	0.00140	0.00589	0.03159	0.00439	0.53157
9	0.01330	0.01253	0.02115	0.71766	0.06745	0.01554	0.01944	0.01793	0.01401	0.01797	0.01242	0.01857	0.00935	0.00695	0.00697	0.00232	0.00927	0.00620	0.00311	0.00785
10	0.80405	0.01350	0.01026	0.00918	0.01350	0.01565	0.00756	0.02051	0.01188	0.03131	0.00972	0.01134	0.00756	0.00648	0.00432	0.00216	0.00540	0.00378	0.00432	0.00756
11	0.01175	0.00803	0.01014	0.00972	0.01062	0.00863	0.00672	0.06989	0.01235	0.01690	0.01925	0.03416	0.01997	0.36923	0.26087	0.10305	0.01071	0.00843	0.00416	0.00541
12	0.01377	0.01300	0.02199	0.63801	0.14343	0.01566	0.01967	0.01835	0.01423	0.01854	0.01251	0.01841	0.00955	0.00687	0.00697	0.00229	0.00916	0.00620	0.00315	0.00823
13	0.01730	0.01186	0.01502	0.13048	0.02070	0.01268	0.01099	0.09314	0.17650	0.13826	0.25689	0.03242	0.03296	0.01046	0.00744	0.00224	0.00567	0.00893	0.00688	0.00920
14	0.02494	0.14344	0.02232	0.01706	0.02102	0.62059	0.01325	0.02681	0.01893	0.01698	0.01062	0.01237	0.00898	0.00701	0.00602	0.00175	0.01181	0.00438	0.00350	0.00822
15	0.06018	0.06344	0.21641	0.01605	0.04910	0.01438	0.03504	0.09066	0.01814	0.24024	0.04793	0.04482	0.01662	0.03228	0.00773	0.00232	0.00755	0.02132	0.00565	0.01016
16	0.02285	0.06551	0.06449	0.03999	0.02345	0.07580	0.06575	0.39725	0.11569	0.03444	0.01680	0.01741	0.01235	0.00794	0.00687	0.00210	0.00829	0.00628	0.00586	0.01087
17	0.02041	0.01556	0.01683	0.01388	0.01762	0.04592	0.01101	0.41033	0.02414	0.03224	0.01765	0.02288	0.01483	0.11518	0.18415	0.00488	0.01042	0.00699	0.00570	0.00937
18	0.01587	0.00867	0.01138	0.04107	0.01419	0.00802	0.00814	0.01833	0.01690	0.22879	0.15923	0.12892	0.19989	0.01821	0.08662	0.00330	0.00618	0.01151	0.00690	0.00790
19	0.01301	0.00650	0.00650	0.00650	0.00813	0.00650	0.00488	0.01626	0.01463	0.02602	0.02276	0.02602	0.01789	0.00813	0.00488	0.00163	0.00325	0.00650	0.79350	0.00650
20	0.01419	0.01261	0.04256	0.04266	0.01593	0.04633	0.00979	0.10835	0.10996	0.02717	0.30658	0.04114	0.09185	0.05453	0.00932	0.00252	0.00557	0.04441	0.00656	0.00797
21	0.01537	0.01402	0.04005	0.01689	0.12119	0.01176	0.04445	0.07598	0.01618	0.02393	0.01540	0.07834	0.01382	0.00861	0.02912	0.00186	0.00667	0.00631	0.00440	0.45566
22	0.01301	0.00650	0.00650	0.00650	0.00813	0.00650	0.00488	0.01626	0.01463	0.02602	0.02276	0.02602	0.01789	0.00813	0.00488	0.00163	0.00325	0.00650	0.79350	0.00650
23	0.04210	0.12493	0.29185	0.10667	0.05599	0.08838	0.04530	0.02190	0.05274	0.02127	0.05320	0.01887	0.03282	0.00748	0.00651	0.00210	0.00899	0.00599	0.00372	0.00920
24	0.06858	0.53779	0.11484	0.01427	0.04490	0.05307	0.01378	0.04904	0.01516	0.01945	0.01050	0.01214	0.00905	0.00624	0.00499	0.00168	0.00792	0.00413	0.00327	0.00919
25	0.01810	0.11309	0.28262	0.06283	0.04769	0.10673	0.01761	0.09150	0.05398	0.05633	0.04910	0.01842	0.01371	0.02999	0.00739	0.00221	0.00894	0.00588	0.00424	0.00964
26	0.01201	0.00980	0.01185	0.01008	0.01390	0.00781	0.00753	0.01434	0.01401	0.02071	0.02313	0.31722	0.02507	0.01204	0.00671	0.00177	0.00471	0.01060	0.00510	0.47161
27	0.01648	0.05240	0.06482	0.01668	0.04012	0.03485	0.12200	0.15260	0.09877	0.02689	0.09059	0.03571	0.10355	0.01097	0.00768	0.00234	0.00733	0.10149	0.00571	0.00903
28	0.01280	0.01121	0.06838	0.01088	0.01294	0.00989	0.00841	0.07320	0.09834	0.03718	0.02644	0.24107	0.02816	0.30777	0.01882	0.00420	0.00618	0.01185	0.00547	0.00683
29	0.01038	0.00809	0.01201	0.01177	0.01292	0.00971	0.00924	0.01280	0.01117	0.01625	0.01794	0.02646	0.01680	0.04919	0.67194	0.01058	0.07535	0.00737	0.00368	0.00634
30	0.02001	0.63158	0.03388	0.01265	0.01855	0.02658	0.01217	0.13581	0.01739	0.02117	0.01092	0.01215	0.00946	0.00638	0.00491	0.00160	0.00750	0.00417	0.00367	0.00946
31	0.01188	0.00615	0.00891	0.00891	0.00891	0.00615	0.00584	0.00922	0.00922	0.01229	0.01331	0.02416	0.01372	0.11227	0.02827	0.70175	0.00615	0.00655	0.00317	0.00317
32	0.00938	0.00721	0.01078	0.01122	0.01216	0.00680	0.05965	0.01094	0.01345	0.01794	0.03511	0.60505	0.04137	0.08204	0.01112	0.00314	0.00498	0.04573	0.00606	0.00587
33	0.00999	0.00739	0.01078	0.01078	0.01188	0.00849	0.00818	0.01218	0.01109	0.01588	0.01909	0.02961	0.01840	0.13698	0.64377	0.01068	0.01725	0.00780	0.00380	0.00599
34	0.00864	0.00617	0.00825	0.00987	0.01033	0.00578	0.00671	0.00995	0.01349	0.01796	0.03839	0.71714	0.04586	0.02174	0.00894	0.00285	0.00417	0.05157	0.00648	0.00571
35	0.67762	0.01356	0.01143	0.00986	0.01436	0.01526	0.00813	0.05074	0.01375	0.11437	0.01216	0.01306	0.00891	0.00682	0.00476	0.00216	0.00556	0.00428	0.00495	0.00826
36	0.01015	0.00677	0.00761	0.00761	0.00761	0.00677	0.00423	0.01015	0.01015	0.01353	0.02199	0.04567	0.02537	0.75476	0.03552	0.00677	0.00677	0.01015	0.00423	0.00423
37	0.01293	0.01100	0.01213	0.01316	0.01500	0.09453	0.01116	0.01597	0.01680	0.02097	0.08542	0.06870	0.03838	0.01743	0.00913	0.00296	0.00693	0.53459	0.00618	0.00664
38	0.02225	0.01131	0.01388	0.01161	0.01561	0.01107	0.00925	0.02949	0.19380	0.35159	0.13065	0.02893	0.02577	0.00965	0.00697	0.00215	0.00510	0.00803	0.10267	0.01021
39	0.00905	0.00679	0.00827	0.00923	0.01042	0.00625	0.00672	0.01067	0.01432	0.01827	0.04675	0.35478	0.25055	0.08861	0.01131	0.00312	0.00455	0.12835	0.00626	0.00573
40	0.01083	0.00790	0.00981	0.01029	0.01152	0.00784	0.00726	0.07485	0.04509	0.02228	0.14484	0.51726	0.04453	0.03938	0.00929	0.00275	0.00440	0.01662	0.00668	0.00658
41	0.01834	0.01175	0.01440	0.01072	0.01626	0.00928	0.00861	0.02135	0.01641	0.20118	0.08513	0.02058	0.01761	0.00696	0.00595	0.00144	0.00518	0.00571	0.00564	0.51751
42	0.00888	0.00621	0.00818	0.00969	0.01019	0.00586	0.00660	0.01025	0.01346	0.01820	0.03725	0.66427	0.04405	0.04199	0.00953	0.00291	0.00422	0.05286	0.03967	0.00570
43	0.00971	0.00712	0.00920	0.00942	0.01095	0.00661	0.00722	0.01248	0.01767	0.02410	0.41255	0.16685	0.13465	0.01671	0.00858	0.00249	0.00398	0.12625	0.00714	0.00633
44	0.00895	0.00668	0.00844	0.00967	0.01077	0.00616	0.00709	0.01068	0.01448	0.01864	0.04589	0.46116	0.20346	0.02038	0.00889	0.00279	0.00437	0.13919	0.00647	0.00586
45	0.01527	0.01527	0.02137	0.01832	0.01832	0.02137	0.01527	0.01679	0.01069	0.01679	0.00916	0.01527	0.00916	0.01221	0.02290	0.00305	0.74198	0.00611	0.00305	0.00763
46	0.01168	0.00614	0.00848	0.00875	0.00909	0.00607	0.00592	0.01043	0.01074	0.01544	0.01824	0.14069	0.01865	0.02108	0.02043	0.53070	0.00525	0.00838	0.13977	0.00406
47	0.01055	0.00712	0.00808	0.00791	0.00817	0.00713	0.00463	0.02777	0.01142	0.01535	0.07082	0.04538	0.02791	0.68269	0.03284	0.00632	0.00654	0.01023	0.00455	0.00459
48	0.01241	0.00733	0.00792	0.00782	0.00904	0.00741	0.00539	0.05481	0.01421	0.02229	0.02405	0.11876	0.02323	0.23965	0.01493	0.00338	0.00470	0.00922	0.40742	0.00603
49	0.00825	0.00707	0.00707	0.00707	0.00943	0.00589	0.00530	0.01001	0.01591	0.01885	0.07069	0.06716	0.70839	0.01767	0.00825	0.00236	0.00353	0.01473	0.00648	0.00589
50	0.01866	0.75896	0.03657	0.01194	0.01791	0.02761	0.01194	0.02090	0.01418	0.01642	0.00970	0.01119	0.00896	0.00597	0.00448	0.00149	0.00746	0.00373	0.00299	0.00896
51	0.03352	0.01268	0.01332	0.01334	0.03019	0.09990	0.02855	0.05850	0.09364	0.02145	0.02935	0.20236	0.05289	0.10416	0.01145	0.00311	0.00674	0.17187	0.00573	0.00725
52	0.01741	0.12224	0.01725	0.01250	0.01608	0.11892	0.01000	0.02539	0.23195	0.07604	0.21866	0.03064	0.05401	0.01022	0.00696	0.00209	0.00616	0.00832	0.00625	0.00892
53	0.02311	0.01285	0.01571	0.04197	0.01838	0.01294	0.01063	0.14136	0.13965	0.31899	0.09764	0.03001	0.06428	0.01013	0.00731	0.00224	0.00590	0.02885	0.00756	0.01049

[dist]
# distance from previous block
# <min> <max>
0	14

[block]
# block no. 2 follows, 30 sequences, length 93
# corresponding to MSA columns:
# 125-194,207-229
name=unknown_C
#
# <colnr> <probs for GDERKNQSTAVLIFYWHMCP>
#	G	D	E	R	K	N	Q	S	T	A	V	L	I	F	Y	W	H	M	C	P
0	0.02005	0.01744	0.04917	0.04505	0.07615	0.04773	0.01289	0.27340	0.13464	0.03152	0.01731	0.01827	0.01308	0.00757	0.00647	0.00191	0.00702	0.00602	0.05414	0.16020
1	0.01666	0.01705	0.05351	0.24527	0.40791	0.04769	0.04139	0.04761	0.01614	0.02189	0.01296	0.01739	0.01037	0.00658	0.00694	0.00215	0.00895	0.00616	0.00348	0.00990
2	0.26281	0.02382	0.30803	0.02162	0.18050	0.01636	0.01852	0.05068	0.01490	0.02611	0.01197	0.01434	0.00908	0.00656	0.00598	0.00216	0.00819	0.00502	0.00367	0.00969
3	0.04473	0.01259	0.08473	0.01367	0.01751	0.01005	0.11913	0.01768	0.01817	0.08857	0.39173	0.04038	0.06269	0.01164	0.00787	0.00226	0.00581	0.03648	0.00641	0.00790
4	0.00857	0.00646	0.00789	0.00898	0.01000	0.00585	0.00623	0.00998	0.01413	0.01811	0.04759	0.50338	0.24328	0.04047	0.00946	0.00281	0.00405	0.04062	0.00642	0.00572
5	0.01480	0.00834	0.01013	0.00914	0.01205	0.00725	0.00712	0.01715	0.01766	0.20553	0.18752	0.08492	0.34106	0.01483	0.00799	0.00232	0.00424	0.03303	0.00730	0.00763
6	0.00957	0.00769	0.01219	0.01207	0.01329	0.00721	0.09088	0.01131	0.01361	0.01819	0.03471	0.62831	0.04082	0.05205	0.00999	0.00295	0.00513	0.01797	0.00601	0.00607
7	0.01512	0.01450	0.01953	0.01699	0.01775	0.01955	0.01398	0.01968	0.12228	0.01875	0.01316	0.01814	0.01190	0.01548	0.08557	0.00370	0.55558	0.00652	0.00377	0.00806
8	0.01575	0.00842	0.01097	0.01053	0.01270	0.00779	0.00786	0.03937	0.01635	0.20960	0.08785	0.33661	0.06329	0.07807	0.01052	0.00291	0.00500	0.06182	0.00699	0.00758
9	0.02197	0.01528	0.01622	0.01298	0.01726	0.01672	0.01055	0.45541	0.04789	0.03784	0.01902	0.01997	0.01406	0.00833	0.00632	0.00195	0.00621	0.00640	0.25545	0.01015
10	0.03131	0.01188	0.01619	0.01242	0.01781	0.01026	0.01026	0.03401	0.01997	0.71606	0.02753	0.02375	0.01727	0.00864	0.00702	0.00216	0.00594	0.00702	0.00864	0.01188
11	0.00956	0.00643	0.00779	0.00855	0.00905	0.00617	0.00551	0.01065	0.01271	0.01757	0.05876	0.38514	0.05880	0.27378	0.01768	0.00404	0.00486	0.01472	0.08294	0.00530
12	0.04540	0.00745	0.00842	0.00846	0.00994	0.00712	0.00593	0.01234	0.04257	0.02077	0.20783	0.17492	0.22660	0.17498	0.01399	0.00334	0.00442	0.01335	0.00622	0.00595
13	0.01400	0.03610	0.71860	0.01989	0.03020	0.01621	0.02578	0.02210	0.01473	0.02210	0.01252	0.01473	0.00884	0.00663	0.00663	0.00221	0.01031	0.00516	0.00295	0.01031
14	0.01014	0.00792	0.00929	0.00880	0.01091	0.00747	0.00664	0.01464	0.08819	0.02527	0.44024	0.05412	0.26069	0.01483	0.00812	0.00226	0.00360	0.01279	0.00725	0.00683
15	0.01470	0.00960	0.01155	0.01055	0.01313	0.00941	0.00803	0.09678	0.07358	0.11513	0.25291	0.20404	0.12319	0.01461	0.00799	0.00236	0.00454	0.01268	0.00725	0.00796
16	0.05809	0.01022	0.01181	0.01079	0.01370	0.01010	0.00824	0.10777	0.06731	0.15121	0.06199	0.26617	0.16487	0.01481	0.00777	0.00242	0.00493	0.01268	0.00691	0.00820
17	0.12589	0.01452	0.01697	0.01317	0.01849	0.01455	0.01088	0.24046	0.02305	0.41699	0.02189	0.01998	0.01434	0.00829	0.00667	0.00214	0.00642	0.00638	0.00757	0.01134
18	0.05039	0.01418	0.01694	0.01337	0.01843	0.01423	0.01092	0.21061	0.10761	0.39663	0.05488	0.02305	0.01821	0.00886	0.00699	0.00217	0.00622	0.00708	0.00782	0.01140
19	0.00906	0.00668	0.00807	0.00851	0.00959	0.00613	0.00584	0.01069	0.01492	0.01974	0.20328	0.30077	0.20177	0.14695	0.01323	0.00326	0.00422	0.01523	0.00637	0.00569
20	0.01321	0.00795	0.00983	0.00959	0.01175	0.00722	0.00708	0.01596	0.04705	0.14810	0.13598	0.30959	0.21611	0.01674	0.00821	0.00248	0.00422	0.01462	0.00707	0.00723
21	0.02120	0.01482	0.01640	0.01402	0.01844	0.01633	0.01111	0.10403	0.48865	0.17327	0.02701	0.02460	0.01949	0.00918	0.00707	0.00230	0.00583	0.00754	0.00741	0.01130
22	0.01018	0.00730	0.00898	0.00938	0.01086	0.00685	0.00671	0.01324	0.05988	0.04648	0.20117	0.38242	0.17434	0.01799	0.00844	0.00254	0.00394	0.01593	0.00688	0.00650
23	0.01038	0.00879	0.01518	0.01387	0.01568	0.00830	0.14902	0.01243	0.01376	0.01846	0.03157	0.54167	0.03628	0.01959	0.03255	0.03787	0.00622	0.01640	0.00562	0.00636
24	0.00919	0.00650	0.00841	0.00924	0.00991	0.00615	0.00627	0.01076	0.01441	0.01959	0.19374	0.44486	0.04710	0.14380	0.01327	0.00336	0.00440	0.03699	0.00638	0.00567
25	0.01433	0.01144	0.01304	0.01244	0.01519	0.01245	0.00972	0.07523	0.31137	0.02658	0.11947	0.16127	0.05507	0.01395	0.00799	0.00254	0.00524	0.11704	0.00693	0.00871
26	0.01555	0.26030	0.39877	0.01616	0.02433	0.01907	0.01898	0.02102	0.01442	0.02026	0.01154	0.01360	0.00907	0.00638	0.00618	0.00186	0.02709	0.00460	0.00311	0.10771
27	0.01447	0.01240	0.01447	0.01034	0.01654	0.00930	0.00827	0.01757	0.01447	0.02274	0.01240	0.01447	0.01034	0.00517	0.00517	0.00103	0.00517	0.00413	0.00413	0.79742
28	0.01136	0.00946	0.01282	0.09970	0.04956	0.00947	0.03065	0.01537	0.07015	0.02056	0.09921	0.09524	0.20474	0.09075	0.01089	0.00289	0.00574	0.11416	0.00565	0.04162
29	0.55055	0.01118	0.00975	0.00901	0.01195	0.01265	0.00691	0.01696	0.01108	0.02530	0.01140	0.01676	0.01024	0.07982	0.01242	0.18321	0.00568	0.00489	0.00402	0.00622
30	0.01983	0.02618	0.32187	0.01796	0.02546	0.01872	0.04074	0.31094	0.09388	0.03229	0.01606	0.01692	0.01150	0.00765	0.00688	0.00218	0.00873	0.00603	0.00514	0.01103
31	0.00943	0.00661	0.00798	0.00862	0.00910	0.00634	0.00555	0.01030	0.01247	0.01649	0.06273	0.30754	0.09036	0.36183	0.02123	0.00461	0.00534	0.04290	0.00548	0.00509
32	0.06000	0.09768	0.15250	0.20388	0.05017	0.01672	0.01632	0.09621	0.05623	0.15966	0.01637	0.01790	0.01167	0.00737	0.00652	0.00214	0.00801	0.00588	0.00487	0.00990
33	0.00847	0.00665	0.00766	0.00831	0.00979	0.00585	0.00589	0.01011	0.01511	0.01907	0.10257	0.35382	0.38356	0.01919	0.00852	0.00255	0.00373	0.01673	0.00656	0.00585
34	0.01564	0.01599	0.02043	0.20709	0.10440	0.12752	0.05414	0.01928	0.03573	0.01828	0.01379	0.01974	0.01192	0.04084	0.14384	0.00413	0.12929	0.00646	0.00352	0.00796
35	0.02493	0.01653	0.01855	0.01463	0.01962	0.01770	0.01203	0.46395	0.05807	0.15568	0.07555	0.02392	0.01879	0.00942	0.00721	0.00217	0.00688	0.03590	0.00730	0.01117
36	0.01301	0.00650	0.00650	0.00650	0.00813	0.00650	0.00488	0.01626	0.01463	0.02602	0.02276	0.02602	0.01789	0.00813	0.00488	0.00163	0.00325	0.00650	0.79350	0.00650
37	0.18958	0.06539	0.04364	0.11549	0.09820	0.04760	0.03454	0.09313	0.04380	0.02546	0.01454	0.01692	0.03211	0.00723	0.00665	0.00201	0.03638	0.00552	0.00426	0.11755
38	0.01384	0.00962	0.01157	0.01011	0.01318	0.00907	0.00781	0.01968	0.13394	0.09985	0.37052	0.04148	0.10974	0.01206	0.00753	0.00209	0.00421	0.01037	0.00712	0.10619
39	0.01636	0.01708	0.06600	0.26507	0.22219	0.05022	0.04057	0.05257	0.09624	0.02204	0.01441	0.01823	0.01131	0.00751	0.00829	0.00228	0.06996	0.00632	0.00387	0.00946
40	0.02012	0.01576	0.02353	0.12062	0.27815	0.01681	0.04612	0.17420	0.01959	0.11260	0.01631	0.04374	0.01286	0.00806	0.00818	0.00223	0.05888	0.00689	0.00494	0.01041
41	0.00862	0.00624	0.00801	0.00931	0.00991	0.00579	0.00623	0.00989	0.01361	0.01798	0.06263	0.62064	0.10687	0.06609	0.01045	0.00301	0.00414	0.01853	0.00638	0.00563
42	0.02556	0.01861	0.02006	0.01565	0.02102	0.02057	0.01284	0.57436	0.11824	0.07241	0.01875	0.01827	0.01333	0.00853	0.00700	0.00213	0.00732	0.00652	0.00707	0.01176
43	0.01866	0.75896	0.03657	0.01194	0.01791	0.02761	0.01194	0.02090	0.01418	0.01642	0.00970	0.01119	0.00896	0.00597	0.00448	0.00149	0.00746	0.00373	0.00299	0.00896
44	0.01194	0.00613	0.00895	0.00895	0.00895	0.00613	0.00589	0.00919	0.00919	0.01225	0.01304	0.02348	0.01335	0.09191	0.02804	0.72378	0.00613	0.00644	0.00314	0.00314
45	0.00997	0.00748	0.01121	0.01121	0.01246	0.00872	0.00872	0.01246	0.01121	0.01620	0.01869	0.02741	0.01745	0.05234	0.72710	0.01121	0.01869	0.00748	0.00374	0.00623
46	0.01736	0.01499	0.01578	0.01420	0.01815	0.01736	0.01105	0.03708	0.69862	0.02919	0.02840	0.02604	0.02130	0.00947	0.00710	0.00237	0.00552	0.00789	0.00710	0.01105
47	0.00864	0.00620	0.00839	0.00986	0.01034	0.00595	0.00669	0.00997	0.01316	0.01766	0.03663	0.68325	0.04349	0.02468	0.07543	0.00361	0.00540	0.01869	0.00622	0.00572
48	0.00944	0.00647	0.00782	0.00851	0.00869	0.00630	0.00519	0.00996	0.01152	0.01536	0.02904	0.34729	0.03427	0.44099	0.02413	0.00508	0.00560	0.01430	0.00519	0.00484
49	0.01393	0.01322	0.01845	0.01618	0.01638	0.01797	0.01318	0.01548	0.01072	0.01640	0.01189	0.02005	0.01201	0.08750	0.13825	0.00472	0.55661	0.00670	0.00327	0.00709
50	0.02607	0.03326	0.01978	0.01798	0.02157	0.72674	0.01348	0.02787	0.01978	0.01708	0.01079	0.01258	0.00899	0.00719	0.00629	0.00180	0.01258	0.00449	0.00360	0.00809
51	0.01447	0.01240	0.01447	0.01034	0.01654	0.00930	0.00827	0.01757	0.01447	0.02274	0.01240	0.01447	0.01034	0.00517	0.00517	0.00103	0.00517	0.00413	0.00413	0.79742
52	0.02172	0.01930	0.02453	0.08515	0.04854	0.08362	0.15140	0.32445	0.11329	0.03212	0.01669	0.01820	0.01232	0.00771	0.00719	0.00218	0.00884	0.00672	0.00552	0.01051
53	0.01447	0.01240	0.01447	0.01034	0.01654	0.00930	0.00827	0.01757	0.01447	0.02274	0.01240	0.01447	0.01034	0.00517	0.00517	0.00103	0.00517	0.00413	0.00413	0.79742
54	0.02294	0.13977	0.02423	0.08472	0.02474	0.49514	0.07076	0.02542	0.01811	0.01750	0.01105	0.01346	0.00915	0.00688	0.00625	0.00185	0.01144	0.00485	0.00345	0.00830
55	0.00997	0.00748	0.01121	0.01121	0.01246	0.00872	0.00872	0.01246	0.01121	0.01620	0.01869	0.02741	0.01745	0.05234	0.72710	0.01121	0.01869	0.00748	0.00374	0.00623
56	0.03616	0.09793	0.50956	0.02139	0.11261	0.01735	0.02261	0.02275	0.05549	0.02234	0.01321	0.01531	0.00983	0.00668	0.00643	0.00214	0.00938	0.00528	0.00330	0.01025
57	0.01774	0.06980	0.26139	0.04019	0.12877	0.04488	0.04843	0.02674	0.18024	0.08654	0.01763	0.01864	0.01305	0.00739	0.00675	0.00217	0.00840	0.00620	0.00460	0.01046
58	0.01674	0.01420	0.01594	0.08242	0.02055	0.01635	0.01170	0.07057	0.52452	0.02822	0.04581	0.05081	0.02248	0.01013	0.00728	0.00239	0.00594	0.03699	0.00668	0.01028
59	0.00863	0.00624	0.00824	0.00959	0.01019	0.00584	0.00651	0.01005	0.01382	0.01848	0.08358	0.64891	0.07554	0.02223	0.03367	0.00306	0.00448	0.01871	0.00646	0.00576
60	0.01375	0.01323	0.01838	0.01611	0.01653	0.01786	0.01327	0.01545	0.01126	0.01689	0.01643	0.02207	0.07529	0.01932	0.13733	0.00433	0.55466	0.00713	0.00348	0.00724
61	0.01301	0.00650	0.00650	0.00650	0.00813	0.00650	0.00488	0.01626	0.01463	0.02602	0.02276	0.02602	0.01789	0.00813	0.00488	0.00163	0.00325	0.00650	0.79350	0.00650
62	0.01736	0.01499	0.01578	0.01420	0.01815	0.01736	0.01105	0.03708	0.69862	0.02919	0.02840	0.02604	0.02130	0.00947	0.00710	0.00237	0.00552	0.00789	0.00710	0.01105
63	0.01643	0.01871	0.04054	0.02906	0.03589	0.01777	0.66442	0.02218	0.01629	0.02218	0.01396	0.01871	0.01054	0.00608	0.00870	0.00238	0.03513	0.00817	0.00351	0.00935
64	0.01400	0.03610	0.71860	0.01989	0.03020	0.01621	0.02578	0.02210	0.01473	0.02210	0.01252	0.01473	0.00884	0.00663	0.00663	0.00221	0.01031	0.00516	0.00295	0.01031
65	0.02963	0.01192	0.01663	0.07962	0.02062	0.01074	0.01110	0.03251	0.01942	0.65139	0.02613	0.02327	0.01654	0.00848	0.00701	0.00217	0.00625	0.00694	0.00812	0.01149
66	0.00988	0.00713	0.00933	0.00878	0.01043	0.00658	0.00658	0.01317	0.01975	0.02798	0.70754	0.05213	0.06584	0.01427	0.00823	0.00219	0.00329	0.01262	0.00768	0.00658
67	0.00999	0.00739	0.01078	0.01078	0.01188	0.00849	0.00818	0.01218	0.01109	0.01588	0.01909	0.02962	0.01840	0.13713	0.64362	0.01068	0.01725	0.00780	0.00380	0.00599
68	0.01447	0.01240	0.01447	0.01034	0.01654	0.00930	0.00827	0.01757	0.01447	0.02274	0.01240	0.01447	0.01034	0.00517	0.00517	0.00103	0.00517	0.00413	0.00413	0.79742
69	0.00867	0.00629	0.00855	0.03523	0.01145	0.00601	0.00693	0.01000	0.01338	0.01781	0.03755	0.72457	0.04486	0.02134	0.00884	0.00282	0.00423	0.01936	0.00636	0.00574
70	0.01274	0.01219	0.02271	0.01828	0.02147	0.01302	0.24825	0.01634	0.01302	0.01842	0.01621	0.02328	0.01427	0.03230	0.40948	0.00735	0.08195	0.00762	0.00360	0.00748
71	0.01800	0.01531	0.01614	0.01433	0.01839	0.01766	0.01120	0.08272	0.65193	0.03023	0.02759	0.02538	0.02064	0.00939	0.00709	0.00235	0.00567	0.00778	0.00709	0.01110
72	0.01027	0.00769	0.00989	0.01088	0.01272	0.00731	0.00919	0.01306	0.01624	0.02071	0.08797	0.07366	0.24024	0.01849	0.00914	0.00290	0.00538	0.43146	0.00652	0.00628
73	0.00959	0.00712	0.00893	0.00848	0.01025	0.00646	0.00636	0.01261	0.01907	0.02637	0.59487	0.05479	0.17952	0.01487	0.00823	0.00222	0.00334	0.01299	0.00747	0.00646
74	0.00952	0.00650	0.00780	0.00841	0.00856	0.00635	0.00508	0.00998	0.01137	0.01515	0.02823	0.31276	0.03325	0.47691	0.02543	0.00527	0.00574	0.01382	0.00508	0.00477
75	0.00933	0.00722	0.00855	0.00854	0.01037	0.00655	0.00638	0.01221	0.03548	0.02294	0.33376	0.14510	0.30925	0.01660	0.00835	0.00238	0.00366	0.03999	0.00700	0.00632
76	0.01000	0.00682	0.00763	0.00763	0.00802	0.00672	0.00454	0.01040	0.01104	0.01468	0.02796	0.04709	0.10981	0.61518	0.05507	0.00621	0.00666	0.01051	0.02945	0.00458
77	0.00997	0.00748	0.01121	0.01121	0.01246	0.00872	0.00872	0.01246	0.01121	0.01620	0.01869	0.02741	0.01745	0.05234	0.72710	0.01121	0.01869	0.00748	0.00374	0.00623
78	0.09424	0.01165	0.01382	0.01142	0.01522	0.01144	0.00892	0.13318	0.01887	0.33076	0.02411	0.09638	0.01968	0.13065	0.01148	0.00294	0.00601	0.00835	0.04151	0.00940
79	0.01115	0.00787	0.00927	0.00956	0.01056	0.00790	0.00645	0.07385	0.03608	0.01971	0.03168	0.38507	0.06079	0.24257	0.01657	0.00387	0.00520	0.01445	0.04139	0.00602
80	0.16437	0.01167	0.01185	0.01003	0.01354	0.01246	0.00805	0.19181	0.01932	0.09828	0.01927	0.02070	0.01437	0.00794	0.00552	0.00190	0.00505	0.00599	0.36929	0.00860
81	0.00940	0.00703	0.00876	0.00890	0.01037	0.00649	0.00645	0.01228	0.03572	0.02351	0.38598	0.25406	0.17137	0.01691	0.00840	0.00241	0.00361	0.01493	0.00711	0.00632
82	0.01330	0.00925	0.01084	0.01025	0.01250	0.00925	0.00758	0.04471	0.14586	0.08385	0.18799	0.19659	0.13958	0.08338	0.01054	0.00281	0.00464	0.01264	0.00687	0.00758
83	0.01278	0.01040	0.01057	0.01072	0.01261	0.08007	0.00806	0.01578	0.05972	0.05845	0.06977	0.21965	0.18173	0.08901	0.01098	0.00298	0.00565	0.12821	0.00617	0.00669
84	0.01188	0.00881	0.01167	0.01288	0.01472	0.00909	0.01100	0.01706	0.10083	0.02178	0.03595	0.10248	0.03809	0.01817	0.00929	0.00309	0.00621	0.55353	0.00651	0.00697
85	0.00900	0.00653	0.00817	0.00927	0.01003	0.00611	0.00640	0.01030	0.01350	0.01758	0.04067	0.46348	0.14557	0.13979	0.01319	0.00343	0.00464	0.08067	0.00611	0.00554
86	0.00927	0.00714	0.00856	0.00937	0.01064	0.00676	0.00657	0.01231	0.07196	0.01968	0.08842	0.47281	0.21212	0.01928	0.00855	0.00263	0.00399	0.01709	0.00661	0.00623
87	0.00877	0.00687	0.00786	0.00818	0.00983	0.00607	0.00593	0.01065	0.01575	0.02005	0.17335	0.22056	0.39097	0.05182	0.00969	0.00266	0.00384	0.03466	0.00659	0.00590
88	0.01318	0.01240	0.02093	0.73798	0.04806	0.01550	0.01938	0.01783	0.01395	0.01783	0.01240	0.01860	0.00930	0.00698	0.00698	0.00233	0.00930	0.00620	0.00310	0.00775
89	0.01447	0.01240	0.01447	0.01034	0.01654	0.00930	0.00827	0.01757	0.01447	0.02274	0.01240	0.01447	0.01034	0.00517	0.00517	0.00103	0.00517	0.00413	0.00413	0.79742
90	0.03730	0.00702	0.00879	0.00884	0.00993	0.00664	0.00613	0.01112	0.01238	0.03729	0.05431	0.16262	0.15739	0.10993	0.01836	0.29021	0.00517	0.02578	0.00493	0.02586
91	0.00871	0.00666	0.00800	0.00858	0.00994	0.00595	0.00609	0.01057	0.01565	0.02039	0.19552	0.35710	0.28420	0.01873	0.00853	0.00253	0.00370	0.01646	0.00674	0.00595
92	0.02235	0.01515	0.01488	0.01273	0.01638	0.14696	0.00992	0.10773	0.02050	0.26252	0.14649	0.11628	0.02736	0.01097	0.00725	0.00215	0.00662	0.00903	0.03551	0.00923

[dist]
# distance from previous block
# <min> <max>
4	22

[block]
# block no. 3 follows, 30 sequences, length 87
# corresponding to MSA columns:
# 252-292,295-340
name=unknown_D
#
# <colnr> <probs for GDERKNQSTAVLIFYWHMCP>
#	G	D	E	R	K	N	Q	S	T	A	V	L	I	F	Y	W	H	M	C	P
0	0.07010	0.01730	0.10131	0.05706	0.27845	0.08262	0.01567	0.01920	0.01617	0.02282	0.14476	0.02620	0.05531	0.03065	0.03114	0.00254	0.00792	0.00751	0.00442	0.00886
1	0.01647	0.01606	0.04586	0.18453	0.18680	0.03705	0.06419	0.07746	0.07436	0.02333	0.03629	0.01910	0.01309	0.00782	0.00880	0.00222	0.09560	0.00649	0.02643	0.05804
2	0.65830	0.01437	0.01164	0.01020	0.01459	0.03973	0.00832	0.04638	0.05189	0.07323	0.01215	0.01316	0.00913	0.00687	0.00480	0.00216	0.00576	0.00432	0.00481	0.00819
3	0.08506	0.01656	0.02573	0.05494	0.55367	0.01707	0.01923	0.09957	0.01749	0.02588	0.01324	0.01674	0.01081	0.00651	0.00670	0.00209	0.00800	0.00602	0.00393	0.01077
4	0.01649	0.03044	0.01328	0.01345	0.08056	0.00912	0.00909	0.01847	0.01537	0.20692	0.05030	0.17937	0.06652	0.17107	0.01375	0.00337	0.00585	0.08256	0.00622	0.00778
5	0.02311	0.01572	0.01771	0.01376	0.01917	0.01598	0.01119	0.30376	0.13751	0.16142	0.01970	0.01908	0.01410	0.00787	0.00659	0.00191	0.00642	0.00619	0.00665	0.19215
6	0.00844	0.00708	0.00733	0.00727	0.00954	0.00597	0.00545	0.01038	0.01635	0.01990	0.14404	0.06543	0.63439	0.01728	0.00825	0.00234	0.00351	0.01448	0.00662	0.00597
7	0.00997	0.00748	0.01121	0.01121	0.01246	0.00872	0.00872	0.01246	0.01121	0.01620	0.01869	0.02741	0.01745	0.05234	0.72710	0.01121	0.01869	0.00748	0.00374	0.00623
8	0.02463	0.01126	0.01473	0.01198	0.01618	0.01078	0.00974	0.09732	0.01901	0.43342	0.02410	0.02398	0.01679	0.01756	0.15506	0.00396	0.00849	0.00698	0.08382	0.01019
9	0.03131	0.01188	0.01619	0.01242	0.01781	0.01026	0.01026	0.03401	0.01997	0.71606	0.02753	0.02375	0.01727	0.00864	0.00702	0.00216	0.00594	0.00702	0.00864	0.01188
10	0.00864	0.00617	0.00825	0.00987	0.01033	0.00578	0.00671	0.00995	0.01349	0.01796	0.03839	0.71721	0.04586	0.02174	0.00894	0.00285	0.00417	0.05150	0.00648	0.00571
11	0.00997	0.00748	0.01121	0.01121	0.01246	0.00872	0.00872	0.01246	0.01121	0.01620	0.01869	0.02741	0.01745	0.05234	0.72710	0.01121	0.01869	0.00748	0.00374	0.00623
12	0.01255	0.00739	0.00854	0.00810	0.00899	0.00709	0.00505	0.01312	0.01194	0.09692	0.02697	0.04442	0.08457	0.58024	0.02887	0.00569	0.00628	0.01008	0.02788	0.00534
13	0.00990	0.00702	0.00883	0.00911	0.00942	0.00735	0.00593	0.01067	0.01113	0.01514	0.02499	0.21320	0.02852	0.43109	0.14541	0.00643	0.03425	0.01191	0.00465	0.00504
14	0.01447	0.01240	0.01447	0.01034	0.01654	0.00930	0.00827	0.01757	0.01447	0.02274	0.01240	0.01447	0.01034	0.00517	0.00517	0.00103	0.00517	0.00413	0.00413	0.79742
15	0.00955	0.00718	0.00830	0.00870	0.01050	0.00644	0.00642	0.01185	0.03334	0.04032	0.10407	0.27149	0.38008	0.01831	0.00847	0.00254	0.00397	0.05562	0.00665	0.00622
16	0.00849	0.00612	0.00805	0.00959	0.01009	0.00568	0.00642	0.00973	0.01348	0.01786	0.04003	0.71705	0.07829	0.02166	0.00887	0.00281	0.00402	0.01959	0.00648	0.00568
17	0.07328	0.01319	0.01574	0.01272	0.01743	0.01321	0.01031	0.12235	0.15561	0.37793	0.09128	0.02523	0.02145	0.00918	0.00698	0.00219	0.00581	0.00743	0.00775	0.01093
18	0.00976	0.00693	0.00881	0.00967	0.01042	0.00669	0.00660	0.03964	0.01452	0.01954	0.10932	0.51841	0.04365	0.12716	0.01265	0.00332	0.00459	0.03618	0.00630	0.00585
19	0.00859	0.00668	0.00768	0.00825	0.00967	0.00591	0.00580	0.01017	0.01492	0.01891	0.10811	0.32577	0.36367	0.06070	0.01004	0.00278	0.00389	0.01625	0.00645	0.00577
20	0.01500	0.01493	0.02135	0.01823	0.01849	0.02056	0.03335	0.01670	0.01088	0.01691	0.00983	0.01605	0.00966	0.01429	0.06198	0.00349	0.68135	0.00624	0.00310	0.00760
21	0.05823	0.01224	0.01594	0.01247	0.01769	0.01114	0.01023	0.03381	0.08571	0.62417	0.02696	0.02352	0.01731	0.00864	0.00693	0.00218	0.00588	0.00698	0.00833	0.01164
22	0.01057	0.00736	0.00920	0.00913	0.01083	0.00680	0.00669	0.01362	0.04226	0.05761	0.36546	0.23971	0.16161	0.01641	0.00831	0.00240	0.00375	0.01445	0.00719	0.00665
23	0.23174	0.01027	0.01111	0.00956	0.01264	0.01031	0.00718	0.02133	0.01421	0.25352	0.02058	0.02771	0.01734	0.25155	0.01544	0.00363	0.00587	0.00713	0.06104	0.00784
24	0.41549	0.01181	0.01123	0.00961	0.01362	0.01262	0.00782	0.05169	0.01526	0.18687	0.01703	0.01772	0.01229	0.00743	0.00518	0.00204	0.00514	0.00524	0.18343	0.00849
25	0.80405	0.01350	0.01026	0.00918	0.01350	0.01565	0.00756	0.02051	0.01188	0.03131	0.00972	0.01134	0.00756	0.00648	0.00432	0.00216	0.00540	0.00378	0.00432	0.00756
26	0.00872	0.00625	0.00801	0.00926	0.00979	0.00584	0.00614	0.00990	0.01336	0.01771	0.06040	0.59942	0.08829	0.10746	0.01197	0.00324	0.00431	0.01813	0.00625	0.00554
27	0.00834	0.00702	0.00723	0.00730	0.00951	0.00591	0.00543	0.01014	0.01594	0.01921	0.09799	0.10477	0.64190	0.01775	0.00828	0.00238	0.00355	0.01492	0.00653	0.00591
28	0.00997	0.00748	0.01121	0.01121	0.01246	0.00872	0.00872	0.01246	0.01121	0.01620	0.01869	0.02741	0.01745	0.05234	0.72710	0.01121	0.01869	0.00748	0.00374	0.00623
29	0.01039	0.00718	0.00995	0.00995	0.01093	0.00800	0.00734	0.01223	0.01124	0.01645	0.01946	0.03063	0.01883	0.18611	0.48942	0.04338	0.01428	0.00785	0.08065	0.00572
30	0.02490	0.01694	0.01869	0.01476	0.01973	0.01837	0.01197	0.46560	0.10979	0.13808	0.02057	0.04087	0.01535	0.04121	0.00829	0.00236	0.00702	0.00713	0.00710	0.01126
31	0.01015	0.00677	0.00761	0.00761	0.00761	0.00677	0.00423	0.01015	0.01015	0.01353	0.02199	0.04567	0.02537	0.75476	0.03552	0.00677	0.00677	0.01015	0.00423	0.00423
32	0.01447	0.01240	0.01447	0.01034	0.01654	0.00930	0.00827	0.01757	0.01447	0.02274	0.01240	0.01447	0.01034	0.00517	0.00517	0.00103	0.00517	0.00413	0.00413	0.79742
33	0.00997	0.00748	0.01121	0.01121	0.01246	0.00872	0.00872	0.01246	0.01121	0.01620	0.01869	0.02741	0.01745	0.05234	0.72710	0.01121	0.01869	0.00748	0.00374	0.00623
34	0.00845	0.00688	0.00752	0.00798	0.00984	0.00594	0.00587	0.01016	0.01531	0.01870	0.06139	0.23019	0.51844	0.01875	0.00847	0.00251	0.00380	0.04746	0.00648	0.00586
35	0.01848	0.01350	0.01509	0.01274	0.01648	0.01447	0.01009	0.25433	0.18257	0.07149	0.20847	0.06477	0.06460	0.01129	0.00750	0.00224	0.00553	0.00943	0.00724	0.00969
36	0.00837	0.00704	0.00726	0.00727	0.00952	0.00593	0.00543	0.01023	0.01610	0.01946	0.11409	0.08640	0.64398	0.01756	0.00827	0.00236	0.00353	0.01473	0.00656	0.00593
37	0.04726	0.00859	0.00981	0.00898	0.01175	0.00791	0.00691	0.01676	0.06207	0.13030	0.22237	0.07363	0.33824	0.01451	0.00783	0.00229	0.00407	0.01223	0.00707	0.00740
38	0.00875	0.00674	0.00808	0.00903	0.01040	0.00607	0.00661	0.01046	0.01477	0.01865	0.05167	0.37816	0.32092	0.01978	0.00873	0.00268	0.00415	0.10201	0.00647	0.00586
39	0.02673	0.01921	0.02074	0.01590	0.02147	0.02115	0.01313	0.65968	0.03225	0.07304	0.01722	0.01706	0.01210	0.00839	0.00698	0.00210	0.00760	0.00631	0.00705	0.01187
40	0.01093	0.00738	0.00945	0.00968	0.01141	0.00698	0.00772	0.01394	0.01741	0.04028	0.32288	0.08956	0.11096	0.01556	0.00826	0.00247	0.00433	0.20474	0.09950	0.00654
41	0.01189	0.00793	0.01034	0.00988	0.01214	0.00710	0.02975	0.01423	0.01665	0.10266	0.17779	0.19844	0.27819	0.01657	0.00837	0.00248	0.00443	0.07744	0.00686	0.00685
42	0.02420	0.01630	0.01811	0.01441	0.01925	0.01760	0.01167	0.40241	0.14498	0.15209	0.05951	0.02258	0.01794	0.03622	0.00812	0.00233	0.00673	0.00718	0.00722	0.01115
43	0.02523	0.02960	0.01943	0.01737	0.02115	0.57402	0.01331	0.12868	0.02155	0.02145	0.01331	0.01729	0.01135	0.00812	0.00660	0.00193	0.01145	0.04531	0.00429	0.00857
44	0.03131	0.01188	0.01619	0.01242	0.01781	0.01026	0.01026	0.03401	0.01997	0.71606	0.02753	0.02375	0.01727	0.00864	0.00702	0.00216	0.00594	0.00702	0.00864	0.01188
45	0.02215	0.01163	0.01407	0.01174	0.01590	0.01117	0.00935	0.09121	0.12231	0.34718	0.03613	0.09621	0.15676	0.01170	0.00744	0.00228	0.00540	0.00974	0.00763	0.01002
46	0.01495	0.01474	0.02053	0.01766	0.01766	0.02048	0.01459	0.01639	0.01065	0.01659	0.00995	0.01713	0.01016	0.05784	0.02368	0.00328	0.69681	0.00636	0.00313	0.00742
47	0.01010	0.00694	0.00850	0.00850	0.00881	0.00725	0.00534	0.01072	0.01041	0.01419	0.02117	0.04116	0.02341	0.58116	0.20644	0.00787	0.00971	0.00949	0.00411	0.00472
48	0.02930	0.01510	0.01819	0.01395	0.01942	0.01504	0.01152	0.30883	0.02537	0.43362	0.02300	0.02081	0.01500	0.00853	0.00700	0.00213	0.00667	0.00671	0.00794	0.01187
49	0.00936	0.00674	0.00802	0.00854	0.00927	0.00646	0.00566	0.01035	0.01253	0.01628	0.03679	0.24278	0.16836	0.33063	0.06144	0.00489	0.00605	0.04530	0.00537	0.00518
50	0.01697	0.01740	0.06199	0.06499	0.65555	0.01653	0.02156	0.02133	0.01577	0.02260	0.01307	0.01719	0.01089	0.00626	0.00690	0.00209	0.00842	0.00616	0.00342	0.01091
51	0.01080	0.09663	0.04457	0.01076	0.01269	0.00951	0.00857	0.03612	0.01461	0.01910	0.03512	0.50175	0.08190	0.01832	0.00823	0.00262	0.00503	0.07118	0.00592	0.00657
52	0.01953	0.45559	0.15876	0.01482	0.02104	0.18898	0.01486	0.02275	0.01559	0.01762	0.01048	0.01217	0.00894	0.00638	0.00530	0.00170	0.00919	0.00417	0.00312	0.00900
53	0.01647	0.01882	0.04118	0.02941	0.03647	0.01765	0.68588	0.02235	0.01647	0.02235	0.01412	0.01882	0.01059	0.00588	0.00824	0.00235	0.01176	0.00824	0.00353	0.00941
54	0.02155	0.10446	0.02103	0.03128	0.04048	0.02043	0.01263	0.32786	0.28323	0.03393	0.02016	0.01969	0.01504	0.00842	0.00673	0.00213	0.00689	0.00659	0.00637	0.01110
55	0.01371	0.00930	0.01266	0.01257	0.01479	0.00931	0.03448	0.01848	0.09621	0.08920	0.08348	0.10671	0.03563	0.08390	0.01125	0.00320	0.00610	0.34513	0.00651	0.00737
56	0.01685	0.01558	0.02495	0.10663	0.50019	0.01576	0.01890	0.05367	0.03673	0.02346	0.01437	0.01931	0.01207	0.00681	0.00684	0.00204	0.00792	0.02690	0.00386	0.08713
57	0.06132	0.01578	0.01823	0.01430	0.01907	0.05858	0.04858	0.26171	0.02281	0.28300	0.02047	0.02228	0.01496	0.09463	0.01021	0.00266	0.00736	0.00688	0.00674	0.01042
58	0.00850	0.00607	0.00810	0.00972	0.01012	0.00567	0.00648	0.00972	0.01336	0.01781	0.03846	0.75020	0.04615	0.02186	0.00891	0.00283	0.00405	0.01984	0.00648	0.00567
59	0.00898	0.00656	0.00845	0.00912	0.01017	0.00602	0.00640	0.01101	0.01594	0.02163	0.28619	0.42887	0.11746	0.01868	0.00860	0.00255	0.00372	0.01670	0.00692	0.00602
60	0.01111	0.01122	0.07440	0.04553	0.08843	0.00952	0.01073	0.01471	0.04630	0.02091	0.11167	0.26841	0.15726	0.01514	0.00852	0.00247	0.03159	0.03241	0.03242	0.00725
61	0.06927	0.02004	0.01979	0.01568	0.02087	0.08445	0.01277	0.53404	0.08880	0.03955	0.01684	0.01689	0.01219	0.00826	0.00678	0.00210	0.00780	0.00612	0.00654	0.01121
62	0.02360	0.01786	0.01905	0.01522	0.02022	0.01995	0.01237	0.49095	0.20856	0.03940	0.02006	0.01955	0.01459	0.00866	0.00694	0.00215	0.00695	0.00672	0.03576	0.01145
63	0.00930	0.00696	0.00834	0.00824	0.00975	0.00631	0.00591	0.01152	0.01678	0.02249	0.36905	0.12871	0.24299	0.10872	0.01172	0.00288	0.00388	0.01367	0.00678	0.00599
64	0.01826	0.01410	0.01547	0.01358	0.01714	0.01578	0.01065	0.20568	0.34884	0.03011	0.02447	0.07368	0.02026	0.01201	0.00939	0.08676	0.00604	0.03987	0.02819	0.00971
65	0.01991	0.36511	0.14234	0.01629	0.02260	0.14448	0.07416	0.10080	0.01762	0.02121	0.01156	0.01333	0.00943	0.00656	0.00576	0.00181	0.00921	0.00479	0.00360	0.00941
66	0.01073	0.00828	0.00969	0.00964	0.01153	0.00809	0.00721	0.03591	0.09491	0.02297	0.22515	0.17902	0.21567	0.06169	0.00998	0.00273	0.00437	0.06892	0.00675	0.00676
67	0.05354	0.01400	0.02313	0.44591	0.29084	0.01591	0.01955	0.01928	0.01457	0.02032	0.01254	0.01776	0.00986	0.00667	0.00682	0.00222	0.00874	0.00609	0.00329	0.00896
68	0.02607	0.03326	0.01978	0.01798	0.02157	0.72674	0.01348	0.02787	0.01978	0.01708	0.01079	0.01258	0.00899	0.00719	0.00629	0.00180	0.01258	0.00449	0.00360	0.00809
69	0.01188	0.00817	0.00987	0.00926	0.01120	0.00774	0.00687	0.06298	0.01815	0.06064	0.34046	0.11849	0.16671	0.10511	0.01150	0.00286	0.00438	0.03009	0.00689	0.00675
70	0.00997	0.00780	0.00914	0.00882	0.01087	0.00731	0.00667	0.01412	0.07812	0.02443	0.38833	0.07784	0.28152	0.01540	0.00820	0.00231	0.00369	0.03162	0.00714	0.00671
71	0.00909	0.00747	0.00804	0.00783	0.01009	0.00662	0.00589	0.01210	0.05037	0.02156	0.22180	0.06152	0.52009	0.01645	0.00819	0.00232	0.00357	0.01388	0.00680	0.00631
72	0.00852	0.00688	0.00758	0.00783	0.00970	0.00594	0.00571	0.01038	0.01591	0.01987	0.14954	0.20323	0.48838	0.01806	0.00838	0.00243	0.00361	0.01548	0.00664	0.00594
73	0.01190	0.00811	0.00994	0.00999	0.01155	0.00792	0.00719	0.08875	0.01713	0.04803	0.16638	0.41045	0.07592	0.04355	0.00921	0.00266	0.00441	0.01518	0.04496	0.00677
74	0.57927	0.01214	0.01031	0.00925	0.01299	0.01360	0.00746	0.04294	0.01440	0.03051	0.15153	0.02234	0.05330	0.00864	0.00538	0.00217	0.00497	0.00616	0.00519	0.00744
75	0.01659	0.01755	0.02215	0.01882	0.01958	0.10408	0.04760	0.01836	0.01204	0.01710	0.00959	0.01512	0.00921	0.01132	0.02024	0.00287	0.62084	0.00602	0.00314	0.00777
76	0.01212	0.00606	0.00909	0.00909	0.00909	0.00606	0.00606	0.00909	0.00909	0.01212	0.01212	0.02121	0.01212	0.02424	0.02727	0.79697	0.00606	0.00606	0.00303	0.00303
