[name]
unknown

[dist]
# distance from previous block
# <min> <max>
0	22

[block]
# block no. 0 follows, 37 sequences, length 13
# corresponding to MSA columns:
# 22-34
name=unknown_A
#
# <colnr> <probs for GDERKNQSTAVLIFYWHMCP>
#	G	D	E	R	K	N	Q	S	T	A	V	L	I	F	Y	W	H	M	C	P
0	0.01508	0.04371	0.39221	0.01523	0.02176	0.03614	0.03685	0.09387	0.13760	0.06849	0.01705	0.01883	0.03765	0.00721	0.00606	0.00196	0.00755	0.02960	0.00413	0.00901
1	0.04400	0.05052	0.11483	0.01718	0.10908	0.01612	0.03909	0.12270	0.20665	0.04615	0.01505	0.01630	0.01161	0.00743	0.00825	0.00202	0.13418	0.00558	0.00437	0.02887
2	0.01399	0.22961	0.51979	0.01552	0.02321	0.06210	0.01878	0.01942	0.01306	0.01781	0.01024	0.01200	0.00779	0.00569	0.00530	0.00175	0.00851	0.00416	0.00263	0.00862
3	0.02287	0.02917	0.01735	0.01577	0.01892	0.76030	0.01183	0.02444	0.01735	0.01498	0.00946	0.01104	0.00788	0.00631	0.00552	0.00158	0.01104	0.00394	0.00315	0.00710
4	0.00761	0.00622	0.00672	0.00659	0.00850	0.00533	0.00494	0.00951	0.01483	0.01862	0.23948	0.05548	0.56543	0.01472	0.00723	0.00203	0.00305	0.01244	0.00596	0.00533
5	0.00888	0.00602	0.00710	0.00710	0.00725	0.00617	0.00424	0.00918	0.00903	0.01218	0.01890	0.03790	0.02132	0.68534	0.12941	0.00646	0.00734	0.00859	0.00365	0.00395
6	0.00759	0.00551	0.00704	0.00811	0.00869	0.00510	0.00545	0.00874	0.01208	0.01597	0.07435	0.61611	0.11590	0.06730	0.00921	0.00263	0.00362	0.01603	0.00561	0.00496
7	0.00890	0.00593	0.00668	0.00668	0.00668	0.00593	0.00371	0.00890	0.00890	0.01187	0.01929	0.04006	0.02225	0.78487	0.03116	0.00593	0.00593	0.00890	0.00371	0.00371
8	0.00845	0.00630	0.00798	0.00770	0.00924	0.00584	0.00585	0.01103	0.01605	0.02208	0.53647	0.04768	0.18446	0.01552	0.05837	0.00252	0.00395	0.03861	0.00626	0.00563
9	0.01269	0.01088	0.01269	0.00907	0.01451	0.00816	0.00725	0.01541	0.01269	0.01995	0.01088	0.01269	0.00907	0.00453	0.00453	0.00091	0.00453	0.00363	0.00363	0.82229
10	0.02287	0.02917	0.01735	0.01577	0.01892	0.76030	0.01183	0.02444	0.01735	0.01498	0.00946	0.01104	0.00788	0.00631	0.00552	0.00158	0.01104	0.00394	0.00315	0.00710
11	0.00738	0.00588	0.00662	0.00712	0.00853	0.00512	0.00508	0.00881	0.01327	0.01654	0.08032	0.32335	0.45701	0.01673	0.00745	0.00221	0.00326	0.01449	0.00573	0.00512
12	0.00723	0.00620	0.00620	0.00620	0.00827	0.00517	0.00465	0.00878	0.01395	0.01654	0.06201	0.05891	0.74421	0.01550	0.00723	0.00207	0.00310	0.01292	0.00568	0.00517

[dist]
# distance from previous block
# <min> <max>
0	12

[block]
# block no. 1 follows, 37 sequences, length 108
# corresponding to MSA columns:
# 47-154
name=unknown_B
#
# <colnr> <probs for GDERKNQSTAVLIFYWHMCP>
#	G	D	E	R	K	N	Q	S	T	A	V	L	I	F	Y	W	H	M	C	P
0	0.82811	0.01184	0.00900	0.00805	0.01184	0.01373	0.00663	0.01799	0.01042	0.02746	0.00852	0.00994	0.00663	0.00568	0.00379	0.00189	0.00474	0.00331	0.00379	0.00663
1	0.00878	0.00643	0.00918	0.00918	0.01004	0.00729	0.00683	0.01051	0.00964	0.01372	0.01700	0.02740	0.01676	0.20055	0.60797	0.00902	0.01421	0.00705	0.00337	0.00510
2	0.15074	0.01039	0.01280	0.01036	0.01452	0.00980	0.00848	0.02630	0.05734	0.52476	0.04686	0.04551	0.01690	0.00815	0.00595	0.00195	0.00500	0.02814	0.00675	0.00930
3	0.01156	0.01088	0.01836	0.77016	0.04216	0.01360	0.01700	0.01564	0.01224	0.01564	0.01088	0.01632	0.00816	0.00612	0.00612	0.00204	0.00816	0.00544	0.00272	0.00680
4	0.00779	0.00622	0.00696	0.00678	0.00861	0.00540	0.00508	0.00985	0.01525	0.01962	0.32470	0.05383	0.47959	0.01435	0.00723	0.00201	0.00302	0.01221	0.00609	0.00540
5	0.00827	0.00627	0.00720	0.00703	0.00881	0.00548	0.00525	0.01032	0.01519	0.03667	0.32009	0.09798	0.42071	0.01440	0.00724	0.00203	0.00310	0.01233	0.00613	0.00551
6	0.00746	0.00533	0.00710	0.00852	0.00888	0.00497	0.00568	0.00852	0.01172	0.01563	0.03374	0.78088	0.04049	0.01918	0.00781	0.00249	0.00355	0.01740	0.00568	0.00497
7	0.02704	0.01051	0.01419	0.01095	0.01564	0.00921	0.00902	0.02993	0.04249	0.72571	0.02418	0.02090	0.01528	0.00760	0.00616	0.00190	0.00520	0.00618	0.00753	0.01039
8	0.00741	0.00590	0.00665	0.00711	0.00854	0.00514	0.00509	0.00888	0.01340	0.01676	0.09806	0.30992	0.45243	0.01658	0.00744	0.00220	0.00324	0.01436	0.00575	0.00514
9	0.00753	0.00621	0.00661	0.00651	0.00845	0.00529	0.00488	0.00935	0.01465	0.01819	0.20243	0.05619	0.60275	0.01489	0.00723	0.00204	0.00306	0.01254	0.00590	0.00529
10	0.02444	0.01526	0.01721	0.01319	0.01804	0.01619	0.01090	0.53143	0.02563	0.23788	0.01734	0.01641	0.01174	0.00741	0.00613	0.00185	0.00631	0.00569	0.00653	0.01041
11	0.00890	0.00593	0.00668	0.00668	0.00668	0.00593	0.00371	0.00890	0.00890	0.01187	0.01929	0.04006	0.02225	0.78487	0.03116	0.00593	0.00593	0.00890	0.00371	0.00371
12	0.00904	0.00636	0.00955	0.00955	0.01047	0.00729	0.00729	0.01047	0.00955	0.01365	0.01550	0.02320	0.01457	0.04207	0.64570	0.13651	0.01467	0.00636	0.00318	0.00503
13	0.00885	0.00612	0.00763	0.00763	0.00796	0.00645	0.00490	0.00951	0.00918	0.01258	0.01841	0.03522	0.02015	0.56154	0.25161	0.00711	0.00910	0.00819	0.00358	0.00424
14	0.00986	0.00705	0.00986	0.01127	0.01268	0.00705	0.00986	0.01268	0.01409	0.01832	0.03241	0.06905	0.03523	0.01691	0.00845	0.00282	0.00564	0.70549	0.00564	0.00564
15	0.01481	0.01195	0.01411	0.02750	0.03754	0.01018	0.00854	0.12681	0.01537	0.04337	0.01187	0.01339	0.00945	0.00512	0.00491	0.00113	0.00506	0.00409	0.00409	0.63074
16	0.01637	0.01363	0.01444	0.01261	0.01625	0.01561	0.00991	0.14363	0.60533	0.02767	0.03988	0.02206	0.01826	0.00825	0.00623	0.00203	0.00510	0.00679	0.00622	0.00971
17	0.02049	0.04362	0.03872	0.01576	0.01848	0.57163	0.01242	0.02219	0.01549	0.01504	0.00919	0.01154	0.00791	0.00716	0.00845	0.00180	0.16575	0.00423	0.00303	0.00709
18	0.00978	0.00747	0.01064	0.01023	0.01112	0.00904	0.00800	0.01169	0.00998	0.01496	0.01540	0.02268	0.01433	0.06122	0.52574	0.03066	0.13100	0.00633	0.08417	0.00554
19	0.01037	0.00724	0.00863	0.00780	0.00999	0.00656	0.00598	0.04871	0.01667	0.07231	0.40953	0.04560	0.27457	0.01261	0.00700	0.00193	0.00337	0.01080	0.00631	0.03401
20	0.00904	0.00640	0.00751	0.00727	0.00911	0.00561	0.00544	0.01108	0.01519	0.06493	0.30712	0.12340	0.37701	0.01428	0.00722	0.00205	0.00320	0.01227	0.00619	0.00570
21	0.02670	0.01165	0.01497	0.01148	0.01624	0.01082	0.00948	0.15724	0.01958	0.62061	0.02242	0.01971	0.01428	0.00753	0.00615	0.00188	0.00549	0.00604	0.00731	0.01042
22	0.21557	0.01180	0.01177	0.00993	0.01336	0.01300	0.00799	0.23908	0.10275	0.04698	0.05696	0.01926	0.03293	0.00750	0.00524	0.00180	0.00482	0.00569	0.18558	0.00797
23	0.01204	0.00801	0.00995	0.00934	0.01070	0.00856	0.00680	0.05164	0.18905	0.01736	0.08200	0.02379	0.04925	0.01704	0.03771	0.44539	0.00528	0.00660	0.00423	0.00526
24	0.01141	0.00571	0.00571	0.00571	0.00713	0.00571	0.00428	0.01426	0.01284	0.02282	0.01997	0.02282	0.01569	0.00713	0.00428	0.00143	0.00285	0.00571	0.81886	0.00571
25	0.00874	0.00656	0.00984	0.00984	0.01093	0.00765	0.00765	0.01093	0.00984	0.01421	0.01640	0.02405	0.01530	0.04591	0.76062	0.00984	0.01640	0.00656	0.00328	0.00547
26	0.00902	0.00645	0.00765	0.00723	0.00910	0.00568	0.00546	0.01131	0.01590	0.05841	0.41645	0.05006	0.34780	0.01353	0.00717	0.00198	0.00310	0.01161	0.00633	0.00576
27	0.01015	0.00812	0.00878	0.00824	0.01062	0.00798	0.00629	0.01603	0.19991	0.04164	0.18506	0.04597	0.40233	0.01284	0.00694	0.00204	0.00357	0.01082	0.00609	0.00660
28	0.05125	0.01696	0.01804	0.01387	0.01873	0.01880	0.01146	0.70165	0.02814	0.03819	0.01448	0.01453	0.01028	0.00729	0.00604	0.00184	0.00667	0.00543	0.00604	0.01028
29	0.18774	0.01077	0.01277	0.01020	0.01436	0.01042	0.00835	0.08403	0.01700	0.45631	0.10661	0.02109	0.01814	0.00777	0.00580	0.00189	0.00496	0.00611	0.00658	0.00909
30	0.00758	0.00539	0.00710	0.00838	0.00874	0.00505	0.00556	0.00862	0.01166	0.01558	0.04892	0.71572	0.03969	0.06911	0.00933	0.00270	0.00369	0.01670	0.00558	0.00491
31	0.00804	0.00547	0.00731	0.00859	0.00907	0.00509	0.00578	0.00914	0.01189	0.03686	0.03346	0.75893	0.03975	0.01884	0.00777	0.00247	0.00360	0.01708	0.00574	0.00513
32	0.01637	0.78856	0.03208	0.01047	0.01571	0.02422	0.01047	0.01833	0.01244	0.01440	0.00851	0.00982	0.00786	0.00524	0.00393	0.00131	0.00655	0.00327	0.00262	0.00786
33	0.02746	0.01042	0.01421	0.01089	0.01563	0.00900	0.00900	0.02983	0.01752	0.75093	0.02415	0.02083	0.01515	0.00758	0.00616	0.00189	0.00521	0.00616	0.00758	0.01042
34	0.00845	0.00601	0.00740	0.00739	0.00827	0.00566	0.00503	0.01006	0.01362	0.01866	0.36005	0.15407	0.09825	0.25312	0.01473	0.00326	0.00395	0.01148	0.00556	0.00497
35	0.01637	0.78856	0.03208	0.01047	0.01571	0.02422	0.01047	0.01833	0.01244	0.01440	0.00851	0.00982	0.00786	0.00524	0.00393	0.00131	0.00655	0.00327	0.00262	0.00786
36	0.82811	0.01184	0.00900	0.00805	0.01184	0.01373	0.00663	0.01799	0.01042	0.02746	0.00852	0.00994	0.00663	0.00568	0.00379	0.00189	0.00474	0.00331	0.00379	0.00663
37	0.01322	0.01320	0.01884	0.01609	0.01627	0.01819	0.03311	0.01466	0.00960	0.01490	0.00904	0.03973	0.00918	0.01085	0.01931	0.00265	0.72588	0.00582	0.00279	0.00668
38	0.02692	0.01029	0.01399	0.01077	0.01537	0.00891	0.00884	0.02922	0.01727	0.72944	0.02401	0.02139	0.01536	0.03018	0.00688	0.00201	0.00523	0.00624	0.00746	0.01022
39	0.02746	0.01042	0.01421	0.01089	0.01563	0.00900	0.00900	0.02983	0.01752	0.75093	0.02415	0.02083	0.01515	0.00758	0.00616	0.00189	0.00521	0.00616	0.00758	0.01042
40	0.01156	0.01088	0.01836	0.77016	0.04216	0.01360	0.01700	0.01564	0.01224	0.01564	0.01088	0.01632	0.00816	0.00612	0.00612	0.00204	0.00816	0.00544	0.00272	0.00680
41	0.01334	0.00920	0.01359	0.01412	0.09749	0.01036	0.00998	0.01601	0.03086	0.13568	0.01620	0.02103	0.01375	0.02925	0.43065	0.00645	0.11484	0.00621	0.00395	0.00704
42	0.00882	0.00598	0.00704	0.00710	0.00724	0.00608	0.00423	0.00911	0.00913	0.01229	0.01961	0.07095	0.02230	0.67024	0.10999	0.00621	0.00697	0.00902	0.00375	0.00396
43	0.02246	0.07677	0.01827	0.01544	0.01872	0.71416	0.01174	0.02406	0.01704	0.01494	0.00940	0.01096	0.00788	0.00624	0.00542	0.00156	0.01076	0.00390	0.00312	0.00714
44	0.01445	0.01651	0.03612	0.02580	0.03199	0.01548	0.72446	0.01961	0.01445	0.01961	0.01238	0.01651	0.00929	0.00516	0.00722	0.00206	0.01032	0.00722	0.00310	0.00826
45	0.06771	0.01652	0.01749	0.01351	0.01825	0.01831	0.01115	0.66655	0.02730	0.03751	0.01450	0.01466	0.01035	0.00725	0.00594	0.00183	0.00651	0.00539	0.02919	0.01007
46	0.01552	0.01330	0.01401	0.01252	0.01603	0.01536	0.00976	0.05812	0.70956	0.02608	0.02454	0.02254	0.01838	0.00827	0.00622	0.00207	0.00491	0.00687	0.00622	0.00972
47	0.01438	0.01376	0.02346	0.19432	0.59594	0.01434	0.01840	0.01811	0.01357	0.01907	0.01138	0.01540	0.00937	0.00560	0.00607	0.00187	0.00746	0.00545	0.00296	0.00908
48	0.00890	0.00593	0.00668	0.00668	0.00668	0.00593	0.00371	0.00890	0.00890	0.01187	0.01929	0.04006	0.02225	0.78487	0.03116	0.00593	0.00593	0.00890	0.00371	0.00371
49	0.82811	0.01184	0.00900	0.00805	0.01184	0.01373	0.00663	0.01799	0.01042	0.02746	0.00852	0.00994	0.00663	0.00568	0.00379	0.00189	0.00474	0.00331	0.00379	0.00663
50	0.13370	0.01061	0.01351	0.01051	0.01512	0.00963	0.00868	0.02826	0.01658	0.65493	0.02208	0.01939	0.01402	0.00732	0.00584	0.00189	0.00515	0.00578	0.00707	0.00991
51	0.00912	0.00681	0.00883	0.00984	0.01144	0.00652	0.00839	0.01158	0.01405	0.01782	0.04077	0.06618	0.23556	0.01651	0.00811	0.00261	0.00492	0.50979	0.00565	0.00550
52	0.00746	0.00533	0.00710	0.00852	0.00888	0.00497	0.00568	0.00852	0.01172	0.01563	0.03374	0.78088	0.04049	0.01918	0.00781	0.00249	0.00355	0.01740	0.00568	0.00497
53	0.01637	0.78856	0.03208	0.01047	0.01571	0.02422	0.01047	0.01833	0.01244	0.01440	0.00851	0.00982	0.00786	0.00524	0.00393	0.00131	0.00655	0.00327	0.00262	0.00786
54	0.01445	0.01651	0.03612	0.02580	0.03199	0.01548	0.72446	0.01961	0.01445	0.01961	0.01238	0.01651	0.00929	0.00516	0.00722	0.00206	0.01032	0.00722	0.00310	0.00826
55	0.00746	0.00533	0.00710	0.00852	0.00888	0.00497	0.00568	0.00852	0.01172	0.01563	0.03374	0.78088	0.04049	0.01918	0.00781	0.00249	0.00355	0.01740	0.00568	0.00497
56	0.01523	0.01315	0.01384	0.01246	0.01592	0.01523	0.00969	0.03253	0.73563	0.02561	0.02491	0.02284	0.01869	0.00830	0.00623	0.00208	0.00484	0.00692	0.00623	0.00969
57	0.01637	0.78856	0.03208	0.01047	0.01571	0.02422	0.01047	0.01833	0.01244	0.01440	0.00851	0.00982	0.00786	0.00524	0.00393	0.00131	0.00655	0.00327	0.00262	0.00786
58	0.01156	0.01088	0.01836	0.77016	0.04216	0.01360	0.01700	0.01564	0.01224	0.01564	0.01088	0.01632	0.00816	0.00612	0.00612	0.00204	0.00816	0.00544	0.00272	0.00680
59	0.01290	0.00638	0.00713	0.00665	0.00850	0.00611	0.00509	0.01566	0.01410	0.11307	0.12692	0.02680	0.03969	0.00818	0.00501	0.00157	0.00316	0.00672	0.58007	0.00629
60	0.82811	0.01184	0.00900	0.00805	0.01184	0.01373	0.00663	0.01799	0.01042	0.02746	0.00852	0.00994	0.00663	0.00568	0.00379	0.00189	0.00474	0.00331	0.00379	0.00663
61	0.01523	0.01315	0.01384	0.01246	0.01592	0.01523	0.00969	0.03253	0.73563	0.02561	0.02491	0.02284	0.01869	0.00830	0.00623	0.00208	0.00484	0.00692	0.00623	0.00969
62	0.01298	0.00862	0.01105	0.01130	0.01347	0.00885	0.00954	0.03605	0.13621	0.09911	0.02955	0.07367	0.02934	0.01405	0.00766	0.00253	0.00536	0.45895	0.02478	0.00694
63	0.52258	0.00954	0.00777	0.00717	0.01008	0.01073	0.00575	0.01660	0.01132	0.02573	0.01281	0.01476	0.01002	0.00622	0.00397	0.00172	0.00403	0.00421	0.30871	0.00628
64	0.00746	0.00533	0.00710	0.00852	0.00888	0.00497	0.00568	0.00852	0.01172	0.01563	0.03374	0.78088	0.04049	0.01918	0.00781	0.00249	0.00355	0.01740	0.00568	0.00497
65	0.00835	0.00576	0.00742	0.00852	0.00933	0.00546	0.00621	0.01002	0.01261	0.01728	0.05992	0.49888	0.08136	0.01697	0.00748	0.00238	0.00379	0.13747	0.09556	0.00521
66	0.01267	0.00735	0.00970	0.00882	0.01096	0.00680	0.00693	0.01586	0.03729	0.16705	0.51090	0.04249	0.04603	0.01186	0.00710	0.00201	0.00367	0.07894	0.00678	0.00679
67	0.01381	0.01186	0.01254	0.01137	0.01433	0.03178	0.00878	0.02717	0.54115	0.02508	0.20087	0.02816	0.02800	0.00929	0.00645	0.00203	0.00452	0.00786	0.00628	0.00866
68	0.00746	0.00533	0.00710	0.00852	0.00888	0.00497	0.00568	0.00852	0.01172	0.01563	0.03374	0.78088	0.04049	0.01918	0.00781	0.00249	0.00355	0.01740	0.00568	0.00497
69	0.05285	0.01335	0.01511	0.01179	0.01616	0.01391	0.00968	0.38633	0.02248	0.26699	0.01818	0.01752	0.01246	0.00733	0.00582	0.00181	0.00569	0.00566	0.10719	0.00969
70	0.01140	0.01031	0.01356	0.01247	0.01387	0.05063	0.04200	0.01498	0.08306	0.01642	0.03660	0.08312	0.01783	0.02540	0.31566	0.00541	0.18132	0.05575	0.00387	0.00635
71	0.00870	0.00585	0.00674	0.00694	0.00698	0.00580	0.00399	0.00885	0.00930	0.01240	0.02131	0.14387	0.02481	0.67757	0.02788	0.00545	0.00560	0.01009	0.00399	0.00389
72	0.00874	0.00656	0.00984	0.00984	0.01093	0.00765	0.00765	0.01093	0.00984	0.01421	0.01640	0.02405	0.01530	0.04591	0.76062	0.00984	0.01640	0.00656	0.00328	0.00547
73	0.01306	0.01110	0.01289	0.00924	0.01466	0.00854	0.00741	0.04013	0.01325	0.02059	0.01101	0.01276	0.00911	0.00463	0.00459	0.00094	0.00461	0.00369	0.00371	0.79406
74	0.01657	0.06337	0.08276	0.08428	0.28061	0.05278	0.03116	0.10917	0.09128	0.05819	0.01342	0.01547	0.01041	0.00642	0.00653	0.00186	0.04099	0.00536	0.00390	0.02548
75	0.00875	0.00654	0.00974	0.00974	0.01080	0.00760	0.00753	0.01087	0.00981	0.01414	0.01649	0.02455	0.01552	0.06916	0.73766	0.00971	0.01607	0.00663	0.00329	0.00541
76	0.01224	0.00905	0.01121	0.01145	0.01362	0.00953	0.00962	0.07071	0.16207	0.03974	0.03047	0.07504	0.05579	0.01422	0.00770	0.00253	0.00539	0.44686	0.00585	0.00691
77	0.00890	0.00593	0.00668	0.00668	0.00668	0.00593	0.00371	0.00890	0.00890	0.01187	0.01929	0.04006	0.02225	0.78487	0.03116	0.00593	0.00593	0.00890	0.00371	0.00371
78	0.00972	0.00535	0.00768	0.00804	0.00813	0.00526	0.00532	0.00817	0.00899	0.01198	0.01706	0.21537	0.01896	0.06447	0.02021	0.56498	0.00490	0.00862	0.00349	0.00331
79	0.00884	0.00591	0.00670	0.00676	0.00677	0.00589	0.00380	0.00889	0.00903	0.01203	0.01992	0.07270	0.02306	0.75114	0.03013	0.00578	0.00583	0.00928	0.00380	0.00376
80	0.01335	0.01486	0.03156	0.02292	0.02837	0.01387	0.61334	0.01792	0.01423	0.01908	0.01828	0.06835	0.07866	0.00699	0.00726	0.00209	0.00923	0.00838	0.00350	0.00777
81	0.00823	0.00582	0.00752	0.00847	0.00936	0.00538	0.00606	0.00974	0.01291	0.03308	0.10024	0.52294	0.13964	0.01758	0.00771	0.00240	0.00368	0.08818	0.00581	0.00526
82	0.02284	0.01682	0.01807	0.01389	0.01869	0.01859	0.01146	0.70510	0.02844	0.03816	0.03629	0.01562	0.01181	0.00750	0.00616	0.00184	0.00662	0.00568	0.00614	0.01027
83	0.00919	0.00680	0.00894	0.01002	0.01155	0.00655	0.00854	0.01166	0.01399	0.01783	0.03927	0.08782	0.19866	0.01665	0.00815	0.00264	0.00499	0.52558	0.00565	0.00551
84	0.03915	0.01001	0.01242	0.01014	0.01387	0.00952	0.00813	0.04765	0.11814	0.43912	0.08089	0.02461	0.04056	0.03480	0.00691	0.00202	0.00476	0.00682	0.08142	0.00905
85	0.00732	0.00620	0.00633	0.00630	0.00832	0.00521	0.00472	0.00896	0.01416	0.01704	0.10476	0.05808	0.70114	0.01532	0.00723	0.00206	0.00309	0.01280	0.00575	0.00521
86	0.01637	0.78856	0.03208	0.01047	0.01571	0.02422	0.01047	0.01833	0.01244	0.01440	0.00851	0.00982	0.00786	0.00524	0.00393	0.00131	0.00655	0.00327	0.00262	0.00786
87	0.00777	0.00622	0.00694	0.00676	0.00860	0.00539	0.00507	0.00982	0.01521	0.01953	0.31682	0.05398	0.48752	0.01439	0.00723	0.00201	0.00302	0.01223	0.00608	0.00539
88	0.02395	0.01244	0.01507	0.01183	0.01625	0.01242	0.00966	0.23912	0.09190	0.42080	0.03854	0.01972	0.01496	0.00817	0.00679	0.02989	0.00558	0.00613	0.00682	0.00996
89	0.04739	0.00598	0.00585	0.00581	0.00734	0.00606	0.00438	0.01443	0.01273	0.02303	0.01946	0.02225	0.01529	0.00707	0.00426	0.00145	0.00294	0.00560	0.78294	0.00575
90	0.01339	0.01339	0.01875	0.01607	0.01607	0.01875	0.01339	0.01473	0.00937	0.01473	0.00804	0.01339	0.00804	0.01071	0.02009	0.00268	0.77367	0.00536	0.00268	0.00670
91	0.01063	0.00532	0.00797	0.00797	0.00797	0.00532	0.00532	0.00797	0.00797	0.01063	0.01063	0.01861	0.01063	0.02127	0.02392	0.82190	0.00532	0.00532	0.00266	0.00266
92	0.00750	0.00592	0.00651	0.00691	0.00825	0.00520	0.00483	0.00873	0.01272	0.01572	0.04894	0.25925	0.45997	0.10898	0.01027	0.00265	0.00357	0.01369	0.00545	0.00494
93	0.00887	0.00663	0.00961	0.00955	0.01048	0.00767	0.00725	0.01074	0.00970	0.01391	0.01660	0.02595	0.01607	0.14406	0.64630	0.00915	0.03201	0.00685	0.00332	0.00526
94	0.00786	0.00564	0.00749	0.00883	0.00939	0.00533	0.00625	0.00919	0.01208	0.01597	0.03403	0.62759	0.06119	0.03904	0.00852	0.00262	0.00393	0.12437	0.00562	0.00505
95	0.01356	0.01388	0.02146	0.01759	0.01855	0.01824	0.12431	0.01549	0.01017	0.01549	0.00871	0.01388	0.00823	0.00985	0.01808	0.00258	0.65460	0.00565	0.00274	0.00694
96	0.01813	0.01385	0.01493	0.01270	0.01661	0.01557	0.01008	0.19371	0.51050	0.08990	0.02247	0.02077	0.01646	0.00802	0.00620	0.00201	0.00532	0.00653	0.00632	0.00992
97	0.01923	0.01491	0.01655	0.01336	0.01755	0.01659	0.03485	0.40939	0.27193	0.03233	0.04000	0.01885	0.01487	0.00775	0.00615	0.00191	0.00592	0.00623	0.04188	0.00974
98	0.00880	0.00686	0.00899	0.00898	0.01043	0.00657	0.03068	0.01209	0.07502	0.01963	0.25722	0.32865	0.14200	0.01509	0.00742	0.00222	0.00371	0.04388	0.00597	0.00579
99	0.00768	0.00549	0.00732	0.00849	0.00902	0.00513	0.00581	0.00903	0.01250	0.01684	0.12467	0.66685	0.04255	0.01826	0.00775	0.00242	0.00352	0.03572	0.00582	0.00509
100	0.01347	0.01465	0.03077	0.04884	0.05318	0.01387	0.56406	0.01819	0.01480	0.02026	0.12634	0.02102	0.01682	0.00635	0.00715	0.00203	0.00898	0.00770	0.00365	0.00787
101	0.82811	0.01184	0.00900	0.00805	0.01184	0.01373	0.00663	0.01799	0.01042	0.02746	0.00852	0.00994	0.00663	0.00568	0.00379	0.00189	0.00474	0.00331	0.00379	0.00663
102	0.01452	0.01390	0.02371	0.16614	0.62304	0.01438	0.01847	0.01823	0.01364	0.01923	0.01140	0.01536	0.00943	0.00557	0.00607	0.00186	0.00743	0.00545	0.00298	0.00919
103	0.01660	0.01351	0.01439	0.01254	0.01620	0.01539	0.00987	0.13689	0.59130	0.04688	0.04159	0.02213	0.01833	0.00825	0.00624	0.00203	0.00509	0.00679	0.00626	0.00972
104	0.02325	0.01759	0.01833	0.01415	0.01898	0.04633	0.01164	0.70039	0.02836	0.03771	0.01450	0.01456	0.01032	0.00731	0.00610	0.00183	0.00689	0.00545	0.00601	0.01029
105	0.01339	0.01339	0.01875	0.01607	0.01607	0.01875	0.01339	0.01473	0.00937	0.01473	0.00804	0.01339	0.00804	0.01071	0.02009	0.00268	0.77367	0.00536	0.00268	0.00670
106	0.01515	0.01454	0.02485	0.03757	0.74669	0.01454	0.01879	0.01879	0.01394	0.02000	0.01151	0.01515	0.00970	0.00545	0.00606	0.00182	0.00727	0.00545	0.00303	0.00970
107	0.01024	0.00650	0.00750	0.00718	0.00767	0.00644	0.00436	0.03013	0.01054	0.05151	0.07508	0.03880	0.02429	0.66400	0.02734	0.00531	0.00569	0.00883	0.00421	0.00440

[dist]
# distance from previous block
# <min> <max>
0	3

[block]
# block no. 2 follows, 37 sequences, length 11
# corresponding to MSA columns:
# 158-168
name=unknown_C
#
# <colnr> <probs for GDERKNQSTAVLIFYWHMCP>
#	G	D	E	R	K	N	Q	S	T	A	V	L	I	F	Y	W	H	M	C	P
0	0.05424	0.02016	0.01816	0.01594	0.06887	0.22809	0.01199	0.45118	0.02380	0.03019	0.01275	0.01351	0.00950	0.00686	0.00586	0.00176	0.00791	0.00498	0.00498	0.00928
1	0.07970	0.22885	0.43269	0.01453	0.02175	0.01728	0.01708	0.08655	0.01411	0.02055	0.01049	0.01203	0.00794	0.00580	0.00518	0.00176	0.00782	0.00419	0.00303	0.00867
2	0.02220	0.02807	0.01744	0.01579	0.01872	0.70848	0.01194	0.02376	0.01679	0.01496	0.00936	0.01120	0.00790	0.00662	0.00654	0.00165	0.06433	0.00404	0.00312	0.00707
3	0.01259	0.01006	0.01244	0.01097	0.07276	0.00815	0.00766	0.01504	0.01306	0.05347	0.06626	0.02121	0.06257	0.08033	0.00763	0.00165	0.00471	0.00552	0.00412	0.52979
4	0.00743	0.00614	0.00653	0.00658	0.00843	0.00523	0.00488	0.00912	0.01420	0.01748	0.14647	0.11613	0.59940	0.01542	0.00728	0.00208	0.00311	0.01305	0.00582	0.00523
5	0.00986	0.00705	0.00986	0.01127	0.01268	0.00705	0.00986	0.01268	0.01409	0.01832	0.03241	0.06905	0.03523	0.01691	0.00845	0.00282	0.00564	0.70549	0.00564	0.00564
6	0.01597	0.01290	0.01786	0.43408	0.03106	0.04903	0.01453	0.12013	0.01513	0.10912	0.01262	0.01601	0.00931	0.00709	0.00793	0.00206	0.10813	0.00546	0.00382	0.00776
7	0.00837	0.00668	0.00786	0.03915	0.01045	0.00632	0.00593	0.01121	0.06362	0.01835	0.18695	0.21465	0.33577	0.04659	0.00823	0.00229	0.00361	0.01267	0.00573	0.00557
8	0.00874	0.00656	0.00984	0.00984	0.01093	0.00765	0.00765	0.01093	0.00984	0.01421	0.01640	0.02405	0.01530	0.04591	0.76062	0.00984	0.01640	0.00656	0.00328	0.00547
9	0.00874	0.00656	0.00984	0.00984	0.01093	0.00765	0.00765	0.01093	0.00984	0.01421	0.01640	0.02405	0.01530	0.04591	0.76062	0.00984	0.01640	0.00656	0.00328	0.00547
10	0.01564	0.01424	0.01975	0.01815	0.10715	0.01546	0.14780	0.07766	0.46050	0.02470	0.02018	0.02012	0.01522	0.00729	0.00639	0.00203	0.00632	0.00670	0.00524	0.00947

[dist]
# distance from previous block
# <min> <max>
0	1

[block]
# block no. 3 follows, 37 sequences, length 28
# corresponding to MSA columns:
# 170-197
name=unknown_D
#
# <colnr> <probs for GDERKNQSTAVLIFYWHMCP>
#	G	D	E	R	K	N	Q	S	T	A	V	L	I	F	Y	W	H	M	C	P
0	0.01316	0.01251	0.02124	0.44445	0.35540	0.01402	0.01779	0.01704	0.01299	0.01758	0.01116	0.01580	0.00884	0.00582	0.00609	0.00194	0.00777	0.00545	0.00286	0.00809
1	0.06624	0.13853	0.01635	0.01178	0.03383	0.03840	0.02796	0.02212	0.28349	0.02100	0.02079	0.05416	0.06251	0.00808	0.00564	0.00177	0.00534	0.03500	0.00471	0.14231
2	0.00882	0.00655	0.00833	0.00768	0.00942	0.00588	0.00579	0.01160	0.01678	0.02366	0.64637	0.04458	0.10516	0.01222	0.00705	0.00187	0.00301	0.01073	0.00646	0.05805
3	0.00746	0.00533	0.00710	0.00852	0.00888	0.00497	0.00568	0.00852	0.01172	0.01563	0.03374	0.78088	0.04049	0.01918	0.00781	0.00249	0.00355	0.01740	0.00568	0.00497
4	0.10128	0.00777	0.00810	0.00777	0.00876	0.00832	0.00501	0.01376	0.12737	0.01584	0.01900	0.03390	0.01993	0.57157	0.02405	0.00486	0.00562	0.00796	0.00413	0.00501
5	0.00881	0.00588	0.00680	0.00689	0.00708	0.00577	0.00407	0.00888	0.00957	0.01267	0.04154	0.09045	0.06886	0.61228	0.02694	0.06065	0.00547	0.00955	0.00398	0.00387
6	0.00986	0.00705	0.00986	0.01127	0.01268	0.00705	0.00986	0.01268	0.01409	0.01832	0.03241	0.06905	0.03523	0.01691	0.00845	0.00282	0.00564	0.70549	0.00564	0.00564
7	0.01141	0.00571	0.00571	0.00571	0.00713	0.00571	0.00428	0.01426	0.01284	0.02282	0.01997	0.02282	0.01569	0.00713	0.00428	0.00143	0.00285	0.00571	0.81886	0.00571
8	0.01999	0.00869	0.01118	0.00945	0.01261	0.00793	0.00743	0.02277	0.04538	0.43291	0.02435	0.10863	0.01924	0.06350	0.00781	0.00219	0.00463	0.02555	0.15744	0.00831
9	0.50017	0.01030	0.00942	0.00842	0.01155	0.01128	0.00663	0.01804	0.04313	0.10854	0.09508	0.05078	0.01668	0.07855	0.00722	0.00230	0.00465	0.00576	0.00473	0.00677
10	0.02287	0.02917	0.01735	0.01577	0.01892	0.76030	0.01183	0.02444	0.01735	0.01498	0.00946	0.01104	0.00788	0.00631	0.00552	0.00158	0.01104	0.00394	0.00315	0.00710
11	0.01228	0.03166	0.75316	0.01745	0.02649	0.01422	0.02262	0.01939	0.01292	0.01939	0.01099	0.01292	0.00775	0.00582	0.00582	0.00194	0.00905	0.00452	0.00258	0.00905
12	0.07146	0.00875	0.01145	0.01007	0.01319	0.00797	0.00797	0.02143	0.01510	0.42823	0.02664	0.24208	0.02366	0.01162	0.00669	0.00215	0.00474	0.07202	0.00662	0.00819
13	0.00890	0.00596	0.00680	0.00680	0.00685	0.00600	0.00387	0.00898	0.00894	0.01196	0.01917	0.03942	0.02198	0.75535	0.06030	0.00609	0.00635	0.00881	0.00369	0.00378
14	0.00876	0.00649	0.00949	0.00949	0.01046	0.00746	0.00721	0.01070	0.00973	0.01395	0.01672	0.02583	0.01608	0.12827	0.67932	0.00940	0.01523	0.00682	0.00333	0.00527
15	0.02324	0.00988	0.01293	0.01021	0.01435	0.00874	0.00832	0.05892	0.01760	0.56736	0.08717	0.02726	0.10801	0.00894	0.00637	0.00192	0.00483	0.00736	0.00721	0.00939
16	0.04166	0.01121	0.01348	0.01075	0.01480	0.01102	0.00874	0.17963	0.05694	0.40764	0.02135	0.03925	0.01484	0.00775	0.00585	0.00183	0.00511	0.00621	0.13253	0.00942
17	0.00746	0.00533	0.00710	0.00852	0.00888	0.00497	0.00568	0.00852	0.01172	0.01563	0.03374	0.78088	0.04049	0.01918	0.00781	0.00249	0.00355	0.01740	0.00568	0.00497
18	0.00874	0.00656	0.00984	0.00984	0.01093	0.00765	0.00765	0.01093	0.00984	0.01421	0.01640	0.02405	0.01530	0.04591	0.76062	0.00984	0.01640	0.00656	0.00328	0.00547
19	0.00848	0.00566	0.00754	0.00853	0.00921	0.00524	0.00584	0.00981	0.01263	0.04902	0.11578	0.66202	0.04138	0.01789	0.00767	0.00239	0.00355	0.01617	0.00589	0.00530
20	0.00799	0.00571	0.00770	0.00907	0.00967	0.00542	0.00655	0.00947	0.01237	0.01643	0.05337	0.61306	0.03988	0.01852	0.00793	0.00254	0.00396	0.15951	0.00570	0.00513
21	0.01219	0.01175	0.01507	0.01354	0.01420	0.06612	0.01098	0.01388	0.01012	0.01454	0.01150	0.01751	0.01095	0.02455	0.31674	0.00548	0.41596	0.00574	0.00295	0.00623
22	0.00890	0.00593	0.00668	0.00668	0.00668	0.00593	0.00371	0.00890	0.00890	0.01187	0.01929	0.04006	0.02225	0.78487	0.03116	0.00593	0.00593	0.00890	0.00371	0.00371
23	0.01492	0.01247	0.01304	0.01177	0.01485	0.04457	0.00910	0.02819	0.54438	0.05590	0.08810	0.02490	0.02149	0.03403	0.05206	0.00261	0.00567	0.00717	0.00595	0.00883
24	0.01311	0.02187	0.40230	0.01449	0.02118	0.01245	0.03434	0.04229	0.07354	0.04220	0.01326	0.01527	0.01007	0.01011	0.08565	0.00258	0.00843	0.00491	0.00345	0.16852
25	0.77573	0.01142	0.00893	0.00804	0.01159	0.01319	0.00655	0.01735	0.01026	0.02639	0.00866	0.01050	0.00689	0.00668	0.00508	0.05444	0.00477	0.00344	0.00372	0.00637
26	0.01269	0.01088	0.01269	0.00907	0.01451	0.00816	0.00725	0.01541	0.01269	0.01995	0.01088	0.01269	0.00907	0.00453	0.00453	0.00091	0.00453	0.00363	0.00363	0.82229
27	0.00854	0.00670	0.00787	0.00835	0.00977	0.00642	0.00610	0.01191	0.09641	0.01800	0.10144	0.35236	0.26475	0.01603	0.00744	0.00228	0.00364	0.06047	0.00583	0.00569

[dist]
# distance from previous block
# <min> <max>
0	4

[block]
# block no. 4 follows, 37 sequences, length 44
# corresponding to MSA columns:
# 202-245
name=unknown_E
#
# <colnr> <probs for GDERKNQSTAVLIFYWHMCP>
#	G	D	E	R	K	N	Q	S	T	A	V	L	I	F	Y	W	H	M	C	P
0	0.32555	0.01482	0.01501	0.01291	0.05476	0.01644	0.01000	0.40061	0.02059	0.03285	0.01209	0.01287	0.00891	0.00654	0.00519	0.00183	0.00594	0.00462	0.00500	0.03346
1	0.00904	0.00665	0.00826	0.00899	0.00995	0.00654	0.00633	0.05882	0.04661	0.01793	0.05159	0.58907	0.07452	0.03812	0.00823	0.00249	0.00393	0.04164	0.00571	0.00558
2	0.00879	0.00598	0.00693	0.00697	0.00714	0.00602	0.00412	0.00905	0.00923	0.01233	0.02096	0.06130	0.04721	0.67644	0.08809	0.00601	0.00660	0.00910	0.00380	0.00394
3	0.01348	0.01284	0.02183	0.37779	0.41950	0.01411	0.01796	0.01732	0.01315	0.01797	0.01122	0.01569	0.00898	0.00576	0.00609	0.00192	0.00768	0.00545	0.00289	0.00835
4	0.00902	0.00617	0.00756	0.00807	0.00946	0.00552	0.00590	0.01057	0.01335	0.06781	0.07533	0.38593	0.28346	0.01660	0.00752	0.00230	0.00365	0.07041	0.00586	0.00551
5	0.03604	0.00605	0.00709	0.00753	0.00883	0.00552	0.00538	0.00960	0.01366	0.01828	0.19629	0.34624	0.28555	0.01600	0.00735	0.00220	0.00329	0.01400	0.00585	0.00527
6	0.01866	0.00858	0.01108	0.00964	0.01273	0.00786	0.00771	0.02175	0.05375	0.38544	0.05788	0.12430	0.06049	0.01051	0.00643	0.00201	0.00450	0.07362	0.11489	0.00815
7	0.00851	0.00631	0.00864	0.00877	0.00979	0.00674	0.00653	0.01031	0.01106	0.01525	0.08477	0.10586	0.09738	0.13532	0.43011	0.00696	0.01098	0.02737	0.00417	0.00518
8	0.00873	0.00599	0.00746	0.00790	0.00909	0.00541	0.00558	0.01030	0.01354	0.05644	0.17398	0.41189	0.20748	0.03661	0.00809	0.00234	0.00347	0.01433	0.00593	0.00543
9	0.02045	0.01513	0.01630	0.01313	0.01740	0.01678	0.01071	0.48435	0.19506	0.05335	0.01827	0.01917	0.01366	0.00793	0.00615	0.00191	0.00603	0.03181	0.04256	0.00985
10	0.10024	0.00955	0.01225	0.01015	0.01390	0.00873	0.00823	0.02436	0.01566	0.51601	0.02397	0.10176	0.01852	0.02749	0.00679	0.00210	0.00497	0.05572	0.03075	0.00886
11	0.01269	0.01088	0.01269	0.00907	0.01451	0.00816	0.00725	0.01541	0.01269	0.01995	0.01088	0.01269	0.00907	0.00453	0.00453	0.00091	0.00453	0.00363	0.00363	0.82229
12	0.00831	0.00612	0.00734	0.00718	0.00840	0.00562	0.00507	0.01016	0.01440	0.01944	0.38845	0.09094	0.20735	0.18000	0.01242	0.00285	0.00363	0.01140	0.00578	0.00514
13	0.02320	0.00956	0.01265	0.01029	0.01421	0.00857	0.00850	0.04315	0.01677	0.55177	0.02424	0.02625	0.01731	0.00853	0.00615	0.00193	0.00497	0.08278	0.11992	0.00924
14	0.00836	0.00614	0.00731	0.00736	0.00887	0.00546	0.00536	0.01025	0.01461	0.03890	0.28871	0.21004	0.31792	0.03291	0.00788	0.00219	0.00325	0.01298	0.00605	0.00544
15	0.03368	0.00646	0.00798	0.00778	0.00938	0.00593	0.00576	0.01168	0.01547	0.06116	0.42810	0.18617	0.16992	0.01383	0.00718	0.00205	0.00323	0.01210	0.00631	0.00580
16	0.01515	0.01454	0.02485	0.03757	0.74669	0.01454	0.01879	0.01879	0.01394	0.02000	0.01151	0.01515	0.00970	0.00545	0.00606	0.00182	0.00727	0.00545	0.00303	0.00970
17	0.02133	0.01443	0.01546	0.01268	0.01690	0.05416	0.01018	0.23487	0.29431	0.22668	0.02089	0.01928	0.01472	0.00772	0.00614	0.00193	0.00583	0.00614	0.00640	0.00996
18	0.16178	0.00743	0.00854	0.00859	0.01036	0.00732	0.00623	0.01393	0.01238	0.13871	0.02728	0.43571	0.04957	0.05502	0.00794	0.00243	0.00414	0.01211	0.02441	0.00613
19	0.00737	0.00618	0.00624	0.00624	0.00814	0.00523	0.00457	0.00879	0.01354	0.01616	0.05856	0.05739	0.68583	0.07772	0.00917	0.00238	0.00333	0.01259	0.00552	0.00505
20	0.02321	0.01672	0.01804	0.01389	0.01874	0.01842	0.01146	0.67352	0.05026	0.07007	0.01544	0.01522	0.01088	0.00739	0.00613	0.00185	0.00661	0.00558	0.00619	0.01039
21	0.00815	0.00574	0.00717	0.00773	0.00871	0.00530	0.00545	0.00997	0.01371	0.01898	0.23947	0.40730	0.13149	0.01566	0.00723	0.00217	0.00324	0.01391	0.08332	0.00530
22	0.00777	0.00586	0.00724	0.00802	0.00911	0.00533	0.00581	0.00936	0.01324	0.01716	0.12094	0.41420	0.24940	0.01712	0.00764	0.00233	0.00356	0.08492	0.00580	0.00519
23	0.01354	0.01383	0.02121	0.01745	0.01833	0.01829	0.11421	0.01542	0.01009	0.01542	0.00865	0.01383	0.00821	0.00993	0.01826	0.00259	0.66544	0.00562	0.00274	0.00692
24	0.51941	0.01026	0.00928	0.00829	0.01164	0.01113	0.00665	0.01843	0.01204	0.14438	0.01615	0.08599	0.03495	0.00769	0.00470	0.00191	0.00448	0.00561	0.08005	0.00697
25	0.00853	0.00637	0.00856	0.00852	0.00960	0.00679	0.00632	0.01030	0.01100	0.01511	0.09104	0.03425	0.13274	0.16900	0.44585	0.00722	0.01125	0.00837	0.00405	0.00514
26	0.00860	0.00625	0.00809	0.00763	0.00911	0.00575	0.00573	0.01143	0.01718	0.02419	0.71295	0.04632	0.08849	0.01265	0.00722	0.00193	0.00290	0.01115	0.00669	0.00575
27	0.02720	0.01084	0.01446	0.01109	0.01584	0.00962	0.00916	0.07317	0.01822	0.70660	0.02356	0.02045	0.01486	0.00756	0.00615	0.00189	0.00530	0.00612	0.00749	0.01042
28	0.07523	0.01202	0.01284	0.01038	0.01398	0.01285	0.00843	0.34934	0.02067	0.11458	0.01719	0.01790	0.01253	0.00718	0.00532	0.00170	0.00507	0.00550	0.28875	0.00851
29	0.01108	0.00966	0.01362	0.05165	0.19202	0.03134	0.04439	0.01359	0.01399	0.03599	0.08052	0.12259	0.27320	0.01148	0.00677	0.00201	0.00509	0.02832	0.04596	0.00674
30	0.02180	0.15386	0.01977	0.01490	0.01840	0.63944	0.01161	0.02344	0.01654	0.01489	0.00931	0.01084	0.00788	0.00613	0.00526	0.00153	0.01030	0.00383	0.00307	0.00722
31	0.00747	0.00570	0.00689	0.00781	0.00881	0.00512	0.00548	0.00877	0.01259	0.01605	0.04360	0.50080	0.28690	0.01780	0.00763	0.00235	0.00347	0.04199	0.00568	0.00507
32	0.20359	0.01244	0.01388	0.01103	0.01542	0.01279	0.00906	0.20636	0.05083	0.34662	0.04491	0.01783	0.01377	0.00731	0.00566	0.00189	0.00540	0.00557	0.00627	0.00937
33	0.03989	0.00905	0.01018	0.00888	0.01182	0.00879	0.00698	0.08971	0.09888	0.15160	0.16723	0.03958	0.30988	0.01159	0.00670	0.00198	0.00406	0.00964	0.00626	0.00731
34	0.00758	0.00618	0.00670	0.00664	0.00850	0.00530	0.00495	0.00942	0.01466	0.01837	0.21979	0.08259	0.55814	0.01494	0.00725	0.00205	0.00307	0.01265	0.00593	0.00530
35	0.01603	0.72735	0.09039	0.01104	0.01658	0.02341	0.01146	0.01841	0.01248	0.01480	0.00871	0.01007	0.00785	0.00528	0.00408	0.00136	0.00675	0.00337	0.00262	0.00795
36	0.01272	0.00843	0.01132	0.01107	0.05432	0.02831	0.03471	0.01529	0.01595	0.14733	0.35040	0.12288	0.09847	0.01205	0.00706	0.00204	0.00431	0.05039	0.00616	0.00679
37	0.01793	0.01702	0.04216	0.18104	0.30104	0.18415	0.01546	0.02111	0.01487	0.12805	0.01280	0.01524	0.00972	0.00612	0.00596	0.00182	0.00806	0.00518	0.00367	0.00859
38	0.01252	0.03017	0.69337	0.01704	0.02564	0.01430	0.02157	0.02045	0.07136	0.01989	0.01211	0.01373	0.00864	0.00602	0.00585	0.00195	0.00871	0.00472	0.00288	0.00910
39	0.01123	0.01043	0.01745	0.70857	0.03947	0.01290	0.01608	0.01506	0.01220	0.01564	0.01273	0.07814	0.01077	0.00718	0.00626	0.00208	0.00779	0.00641	0.00296	0.00665
40	0.01629	0.01808	0.20258	0.02173	0.16818	0.01343	0.19950	0.02196	0.07277	0.15454	0.01573	0.04112	0.01183	0.00653	0.00639	0.00197	0.00780	0.00631	0.00412	0.00915
41	0.02052	0.07582	0.23091	0.01603	0.10023	0.03387	0.01436	0.06152	0.01601	0.34477	0.01686	0.01649	0.01141	0.00661	0.00586	0.00184	0.00689	0.00529	0.00506	0.00966
42	0.01326	0.01011	0.03506	0.08168	0.12052	0.00959	0.07190	0.01598	0.01397	0.13389	0.10319	0.23569	0.04591	0.01142	0.00746	0.00216	0.03476	0.04118	0.00504	0.00725
43	0.05709	0.01182	0.01692	0.26953	0.18560	0.04511	0.01376	0.03670	0.01366	0.07037	0.03088	0.09951	0.01551	0.00865	0.00697	0.00208	0.04114	0.06327	0.00393	0.00750

[dist]
# distance from previous block
# <min> <max>
0	171

# created by:
# /home/cegg/simao/soft/augustus-3.2.1/scripts/msa2prfl.pl ./align_prep/EOG090W0BYS.fa
