[name]
unknown

[dist]
# distance from previous block
# <min> <max>
5	52

[block]
# block no. 0 follows, 38 sequences, length 7
# corresponding to MSA columns:
# 70-76
name=unknown_A
#
# <colnr> <probs for GDERKNQSTAVLIFYWHMCP>
#	G	D	E	R	K	N	Q	S	T	A	V	L	I	F	Y	W	H	M	C	P
0	0.05097	0.01549	0.03828	0.05989	0.08699	0.16754	0.05254	0.11175	0.08169	0.04876	0.06416	0.04971	0.03859	0.02632	0.02833	0.05363	0.00725	0.00636	0.00429	0.00747
1	0.14903	0.01307	0.01610	0.01631	0.15694	0.05620	0.05043	0.11401	0.01533	0.08933	0.06904	0.03998	0.01433	0.03801	0.00706	0.00191	0.03304	0.00577	0.00437	0.10974
2	0.05012	0.07145	0.06256	0.05383	0.22759	0.11369	0.05521	0.07086	0.10552	0.10991	0.01408	0.01537	0.01064	0.00623	0.00574	0.00180	0.00722	0.00524	0.00410	0.00883
3	0.10117	0.06051	0.04343	0.01546	0.11052	0.06139	0.03285	0.22698	0.04846	0.07707	0.03464	0.01599	0.01166	0.03855	0.00700	0.00191	0.03130	0.00523	0.00453	0.07134
4	0.06394	0.03844	0.01659	0.06152	0.09642	0.09508	0.07278	0.06466	0.03248	0.12832	0.01534	0.07573	0.01336	0.07360	0.00976	0.06484	0.03255	0.00640	0.00419	0.03401
5	0.01158	0.00876	0.00936	0.00893	0.01072	0.07066	0.00663	0.05481	0.01577	0.08169	0.30208	0.24907	0.11993	0.01327	0.00697	0.00203	0.00414	0.01153	0.00595	0.00614
6	0.00910	0.05550	0.14628	0.05364	0.01399	0.00838	0.00913	0.01207	0.01399	0.01833	0.19972	0.07560	0.33814	0.01189	0.00663	0.00195	0.00457	0.01001	0.00492	0.00615

[dist]
# distance from previous block
# <min> <max>
2	6

[block]
# block no. 1 follows, 38 sequences, length 35
# corresponding to MSA columns:
# 83-117
name=unknown_B
#
# <colnr> <probs for GDERKNQSTAVLIFYWHMCP>
#	G	D	E	R	K	N	Q	S	T	A	V	L	I	F	Y	W	H	M	C	P
0	0.01100	0.00905	0.08919	0.01059	0.01213	0.00715	0.08028	0.01017	0.00899	0.01224	0.01066	0.01749	0.01002	0.01771	0.01998	0.65543	0.00611	0.00533	0.00265	0.00383
1	0.01537	0.27367	0.04028	0.08720	0.06545	0.01631	0.04776	0.04602	0.07936	0.09480	0.01779	0.01892	0.08490	0.00811	0.02256	0.00194	0.06206	0.00567	0.00392	0.00791
2	0.01182	0.10105	0.08467	0.19470	0.02267	0.03076	0.09820	0.03130	0.01278	0.01698	0.01703	0.23231	0.01722	0.00928	0.00617	0.00191	0.00656	0.00834	0.00370	0.09255
3	0.00878	0.00658	0.00860	0.00947	0.01095	0.00639	0.00790	0.01107	0.01329	0.01700	0.03819	0.09239	0.22622	0.01923	0.08452	0.00325	0.00584	0.41964	0.00532	0.00537
4	0.00771	0.00588	0.00801	0.08564	0.01197	0.00576	0.00660	0.00911	0.01180	0.01545	0.03379	0.63070	0.11085	0.01717	0.00745	0.00236	0.00390	0.01545	0.00529	0.00509
5	0.01599	0.13436	0.11699	0.04732	0.09004	0.13830	0.03142	0.06950	0.16160	0.03939	0.05487	0.01818	0.04247	0.00704	0.00570	0.00177	0.00703	0.00562	0.00412	0.00828
6	0.55119	0.06936	0.02807	0.00965	0.02754	0.01368	0.02256	0.01864	0.08777	0.02508	0.08510	0.01495	0.01307	0.00649	0.00448	0.00184	0.00487	0.00454	0.00413	0.00698
7	0.01347	0.02818	0.56773	0.01898	0.10074	0.09019	0.02029	0.01926	0.01307	0.01844	0.01055	0.01277	0.00785	0.00597	0.00643	0.00189	0.04836	0.00453	0.00265	0.00864
8	0.00991	0.00544	0.00784	0.00784	0.00816	0.00544	0.00539	0.00821	0.00864	0.01141	0.01631	0.02298	0.08827	0.02276	0.09682	0.65621	0.00610	0.00613	0.00299	0.00315
9	0.01112	0.01027	0.08602	0.01176	0.01417	0.00870	0.01080	0.08809	0.01505	0.01997	0.02801	0.11676	0.02977	0.01472	0.00775	0.00255	0.00582	0.50707	0.00529	0.00632
10	0.00980	0.00717	0.00884	0.00820	0.00991	0.00691	0.00619	0.08627	0.01741	0.02411	0.54916	0.11755	0.10005	0.01264	0.00704	0.00195	0.00332	0.01107	0.00638	0.00603
11	0.01429	0.02818	0.60510	0.01647	0.02452	0.01494	0.02000	0.16572	0.01591	0.02294	0.01155	0.01306	0.00816	0.00603	0.00578	0.00188	0.00842	0.00465	0.00326	0.00917
12	0.01064	0.00772	0.00897	0.00827	0.00875	0.00845	0.00543	0.08245	0.01077	0.01462	0.01734	0.03410	0.01923	0.62796	0.02699	0.00509	0.08679	0.00805	0.00378	0.00462
13	0.00863	0.00630	0.00896	0.00896	0.00978	0.00713	0.00663	0.01028	0.00946	0.01344	0.01677	0.02724	0.01661	0.21565	0.59635	0.00879	0.01376	0.00697	0.00332	0.00498
14	0.02699	0.01024	0.01396	0.01070	0.01536	0.00884	0.00884	0.02932	0.01722	0.75522	0.02373	0.02048	0.01489	0.00745	0.00605	0.00186	0.00512	0.00605	0.00745	0.01024
15	0.01247	0.01069	0.01247	0.00891	0.01426	0.00802	0.00713	0.01515	0.01247	0.01960	0.01069	0.01247	0.00891	0.00446	0.00446	0.00089	0.00446	0.00356	0.00356	0.82536
16	0.01045	0.00522	0.00784	0.00784	0.00784	0.00522	0.00522	0.00784	0.00784	0.01045	0.01045	0.01829	0.01045	0.02090	0.02351	0.82497	0.00522	0.00522	0.00261	0.00261
17	0.01121	0.00561	0.00561	0.00561	0.00701	0.00561	0.00421	0.01402	0.01262	0.02243	0.01962	0.02243	0.01542	0.00701	0.00421	0.00140	0.00280	0.00561	0.82198	0.00561
18	0.01247	0.01069	0.01247	0.00891	0.01426	0.00802	0.00713	0.01515	0.01247	0.01960	0.01069	0.01247	0.00891	0.00446	0.00446	0.00089	0.00446	0.00356	0.00356	0.82536
19	0.02699	0.01024	0.01396	0.01070	0.01536	0.00884	0.00884	0.02932	0.01722	0.75522	0.02373	0.02048	0.01489	0.00745	0.00605	0.00186	0.00512	0.00605	0.00745	0.01024
20	0.01121	0.00561	0.00561	0.00561	0.00701	0.00561	0.00421	0.01402	0.01262	0.02243	0.01962	0.02243	0.01542	0.00701	0.00421	0.00140	0.00280	0.00561	0.82198	0.00561
21	0.01576	0.01671	0.03902	0.06695	0.55716	0.12568	0.05393	0.01920	0.01412	0.01869	0.01102	0.01436	0.00913	0.00551	0.00593	0.00178	0.00793	0.00521	0.00298	0.00893
22	0.08306	0.03727	0.01572	0.01212	0.01650	0.13348	0.02756	0.12870	0.03474	0.42203	0.01822	0.01689	0.01218	0.00697	0.00574	0.00179	0.00638	0.00536	0.00598	0.00930
23	0.00733	0.00524	0.00698	0.00838	0.00873	0.00489	0.00558	0.00838	0.01152	0.01536	0.03316	0.78466	0.03979	0.01885	0.00768	0.00244	0.00349	0.01710	0.00558	0.00489
24	0.03368	0.02104	0.33364	0.01824	0.02513	0.01322	0.25461	0.02140	0.01416	0.18469	0.01411	0.01556	0.00973	0.00589	0.00621	0.00194	0.00837	0.00567	0.00384	0.00888
25	0.01393	0.03558	0.03153	0.03430	0.01760	0.03025	0.08142	0.08173	0.01420	0.02083	0.01108	0.01302	0.00894	0.00491	0.00495	0.00117	0.00565	0.00416	0.00365	0.58111
26	0.01325	0.00915	0.01206	0.01271	0.10571	0.00916	0.00858	0.01777	0.12023	0.14182	0.24386	0.06715	0.15241	0.01071	0.00731	0.00198	0.04387	0.00909	0.00579	0.00739
27	0.01045	0.00522	0.00784	0.00784	0.00784	0.00522	0.00522	0.00784	0.00784	0.01045	0.01045	0.01829	0.01045	0.02090	0.02351	0.82497	0.00522	0.00522	0.00261	0.00261
28	0.01551	0.06848	0.35692	0.05967	0.17174	0.06598	0.01769	0.04116	0.03238	0.09624	0.01246	0.01412	0.00915	0.00595	0.00570	0.00182	0.00791	0.00482	0.00338	0.00890
29	0.01430	0.16552	0.32021	0.12144	0.02429	0.01685	0.03752	0.11038	0.01420	0.01958	0.01052	0.01298	0.00811	0.00636	0.00704	0.00187	0.09287	0.00464	0.00304	0.00826
30	0.00821	0.00564	0.00687	0.00739	0.00757	0.00557	0.00456	0.00871	0.00982	0.01315	0.02408	0.31513	0.02818	0.46564	0.05896	0.00477	0.00548	0.01173	0.00434	0.00419
31	0.09825	0.01224	0.01444	0.01137	0.01584	0.01227	0.00932	0.19754	0.09501	0.43936	0.02017	0.01825	0.01337	0.00730	0.00584	0.00187	0.00540	0.00572	0.00662	0.00982
32	0.01743	0.04086	0.12651	0.05047	0.03811	0.11607	0.01243	0.23124	0.17056	0.04172	0.03274	0.03574	0.01337	0.03763	0.00687	0.00200	0.00698	0.00584	0.00473	0.00869
33	0.01177	0.00828	0.01219	0.06917	0.01438	0.00860	0.06866	0.05354	0.09448	0.03856	0.03744	0.19688	0.01920	0.01509	0.01319	0.31501	0.00541	0.00851	0.00418	0.00544
34	0.14888	0.01415	0.01707	0.01660	0.14992	0.03667	0.02859	0.26554	0.01920	0.22197	0.01518	0.01533	0.01066	0.00660	0.00566	0.00182	0.00622	0.00523	0.00533	0.00937

[dist]
# distance from previous block
# <min> <max>
0	2

[block]
# block no. 2 follows, 38 sequences, length 60
# corresponding to MSA columns:
# 120-179
name=unknown_C
#
# <colnr> <probs for GDERKNQSTAVLIFYWHMCP>
#	G	D	E	R	K	N	Q	S	T	A	V	L	I	F	Y	W	H	M	C	P
0	0.08143	0.10052	0.10673	0.07525	0.29279	0.08042	0.01452	0.01864	0.03056	0.03850	0.03584	0.03359	0.01122	0.00615	0.00548	0.00173	0.00698	0.00515	0.00334	0.05116
1	0.05848	0.47216	0.11675	0.03695	0.06200	0.04974	0.01245	0.05488	0.01322	0.01715	0.00981	0.01233	0.00853	0.00587	0.00507	0.00156	0.03175	0.02048	0.00293	0.00789
2	0.00748	0.00537	0.00711	0.00832	0.00882	0.00501	0.00567	0.00873	0.01208	0.01616	0.09225	0.68725	0.05983	0.01816	0.00763	0.00240	0.00348	0.03362	0.00567	0.00497
3	0.26092	0.03862	0.06147	0.03483	0.09458	0.15767	0.02997	0.16784	0.01620	0.04820	0.01091	0.01243	0.00836	0.00621	0.00554	0.00180	0.02806	0.00441	0.00395	0.00804
4	0.00771	0.00615	0.00695	0.00707	0.00881	0.00540	0.00541	0.00963	0.01435	0.01814	0.20937	0.09488	0.48138	0.01492	0.00726	0.00210	0.00329	0.08613	0.00581	0.00525
5	0.01830	0.01947	0.04138	0.02499	0.33428	0.23580	0.05167	0.14031	0.01701	0.02110	0.01118	0.01359	0.00900	0.00607	0.00626	0.00176	0.03059	0.00499	0.00351	0.00872
6	0.00946	0.00714	0.00886	0.00825	0.00997	0.00704	0.00624	0.01438	0.12328	0.02428	0.64160	0.04163	0.05112	0.01169	0.00695	0.00191	0.00312	0.01028	0.00655	0.00624
7	0.40551	0.01089	0.01155	0.00939	0.01360	0.01103	0.00775	0.02384	0.01393	0.41241	0.01650	0.01544	0.01095	0.00657	0.00495	0.00186	0.00490	0.00474	0.00569	0.00849
8	0.04330	0.01423	0.02564	0.02951	0.43703	0.01384	0.21215	0.02001	0.01416	0.11155	0.01300	0.01578	0.00999	0.00555	0.00621	0.00186	0.00763	0.00585	0.00358	0.00913
9	0.00809	0.00613	0.00746	0.00713	0.00873	0.00550	0.00535	0.01054	0.01604	0.02177	0.54223	0.04882	0.26389	0.01318	0.00710	0.00193	0.00290	0.01142	0.00631	0.00550
10	0.01608	0.79220	0.03152	0.01029	0.01544	0.02380	0.01029	0.01801	0.01222	0.01415	0.00836	0.00965	0.00772	0.00515	0.00386	0.00129	0.00643	0.00322	0.00257	0.00772
11	0.00843	0.00615	0.00792	0.00748	0.00893	0.00564	0.00561	0.01119	0.01683	0.02364	0.70575	0.04573	0.09920	0.01248	0.00710	0.00190	0.00285	0.01099	0.00656	0.00564
12	0.01456	0.01250	0.01325	0.01195	0.01523	0.01438	0.00928	0.03067	0.69478	0.02510	0.06991	0.02386	0.02077	0.00842	0.00618	0.00203	0.00464	0.00706	0.00615	0.00928
13	0.01588	0.14987	0.01912	0.01625	0.13386	0.09899	0.02922	0.07196	0.28933	0.02132	0.03358	0.04257	0.03752	0.00747	0.00574	0.00181	0.00624	0.00613	0.00456	0.00857
14	0.02313	0.01713	0.01771	0.01373	0.01842	0.06481	0.01127	0.63803	0.02681	0.08612	0.01476	0.01463	0.01040	0.00717	0.00598	0.00179	0.00678	0.00536	0.00593	0.01003
15	0.01256	0.01077	0.01251	0.00902	0.01430	0.00825	0.00721	0.01570	0.03640	0.01979	0.01115	0.01280	0.00922	0.00458	0.00451	0.00093	0.00447	0.00367	0.00365	0.79853
16	0.69740	0.01250	0.01037	0.00889	0.01280	0.01435	0.00733	0.13566	0.01322	0.02880	0.00938	0.01054	0.00713	0.00586	0.00410	0.00185	0.00498	0.00361	0.00410	0.00713
17	0.00733	0.00524	0.00698	0.00838	0.00873	0.00489	0.00558	0.00838	0.01152	0.01536	0.03316	0.78466	0.03979	0.01885	0.00768	0.00244	0.00349	0.01710	0.00558	0.00489
18	0.02287	0.01685	0.01805	0.01384	0.01866	0.01866	0.01143	0.73100	0.02828	0.03791	0.01444	0.01444	0.01023	0.00722	0.00602	0.00181	0.00662	0.00542	0.00602	0.01023
19	0.83108	0.01163	0.00884	0.00791	0.01163	0.01350	0.00651	0.01768	0.01024	0.02699	0.00838	0.00977	0.00651	0.00558	0.00372	0.00186	0.00465	0.00326	0.00372	0.00651
20	0.01136	0.01069	0.01804	0.77412	0.04143	0.01337	0.01671	0.01537	0.01203	0.01537	0.01069	0.01604	0.00802	0.00601	0.00601	0.00200	0.00802	0.00535	0.00267	0.00668
21	0.00875	0.00583	0.00656	0.00656	0.00656	0.00583	0.00365	0.00875	0.00875	0.01166	0.01895	0.03937	0.02187	0.78858	0.03062	0.00583	0.00583	0.00875	0.00365	0.00365
22	0.00902	0.00642	0.00829	0.00896	0.00999	0.00627	0.00704	0.01091	0.01280	0.01686	0.12132	0.07557	0.08986	0.22418	0.01406	0.00342	0.00503	0.35982	0.00517	0.00499
23	0.00851	0.00615	0.00804	0.00757	0.00899	0.00568	0.00568	0.01135	0.01703	0.02412	0.74788	0.04494	0.05676	0.01230	0.00710	0.00189	0.00284	0.01088	0.00662	0.00568
24	0.01496	0.01292	0.01360	0.01224	0.01564	0.01496	0.00952	0.03197	0.74019	0.02516	0.02448	0.02244	0.01836	0.00816	0.00612	0.00204	0.00476	0.00680	0.00612	0.00952
25	0.02699	0.01024	0.01396	0.01070	0.01536	0.00884	0.00884	0.02932	0.01722	0.75522	0.02373	0.02048	0.01489	0.00745	0.00605	0.00186	0.00512	0.00605	0.00745	0.01024
26	0.00733	0.00524	0.00698	0.00838	0.00873	0.00489	0.00558	0.00838	0.01152	0.01536	0.03316	0.78466	0.03979	0.01885	0.00768	0.00244	0.00349	0.01710	0.00558	0.00489
27	0.01247	0.01069	0.01247	0.00891	0.01426	0.00802	0.00713	0.01515	0.01247	0.01960	0.01069	0.01247	0.00891	0.00446	0.00446	0.00089	0.00446	0.00356	0.00356	0.82536
28	0.01496	0.01292	0.01360	0.01224	0.01564	0.01496	0.00952	0.03197	0.74019	0.02516	0.02448	0.02244	0.01836	0.00816	0.00612	0.00204	0.00476	0.00680	0.00612	0.00952
29	0.00711	0.00609	0.00609	0.00609	0.00813	0.00508	0.00457	0.00863	0.01371	0.01625	0.06094	0.05789	0.74862	0.01524	0.00711	0.00203	0.00305	0.01270	0.00559	0.00508
30	0.00870	0.00617	0.00822	0.00826	0.00885	0.00672	0.00578	0.00986	0.00936	0.01301	0.01791	0.03230	0.01881	0.39081	0.39984	0.00767	0.01100	0.02866	0.00349	0.00457
31	0.01316	0.01316	0.01843	0.01579	0.01579	0.01843	0.01316	0.01448	0.00921	0.01448	0.00790	0.01316	0.00790	0.01053	0.01974	0.00263	0.77757	0.00526	0.00263	0.00658
32	0.00911	0.00628	0.00823	0.00767	0.00919	0.00578	0.00578	0.01193	0.01703	0.04769	0.72455	0.04415	0.05541	0.01214	0.00706	0.00189	0.00291	0.01072	0.00665	0.00582
33	0.01288	0.01193	0.01716	0.02275	0.36623	0.04744	0.03177	0.05978	0.01442	0.01921	0.04365	0.14607	0.14303	0.02814	0.00705	0.00203	0.00594	0.00870	0.00416	0.00766
34	0.01818	0.37606	0.09468	0.01374	0.03511	0.29544	0.01222	0.04347	0.01454	0.01574	0.00920	0.01075	0.00785	0.00579	0.00511	0.00150	0.02636	0.00375	0.00289	0.00765
35	0.83108	0.01163	0.00884	0.00791	0.01163	0.01350	0.00651	0.01768	0.01024	0.02699	0.00838	0.00977	0.00651	0.00558	0.00372	0.00186	0.00465	0.00326	0.00372	0.00651
36	0.01069	0.02251	0.49315	0.01434	0.04115	0.01115	0.01654	0.01592	0.01332	0.01892	0.09446	0.04659	0.15912	0.00860	0.00619	0.00194	0.00694	0.00709	0.00364	0.00773
37	0.00875	0.00583	0.00656	0.00656	0.00656	0.00583	0.00365	0.00875	0.00875	0.01166	0.01895	0.03937	0.02187	0.78858	0.03062	0.00583	0.00583	0.00875	0.00365	0.00365
38	0.01136	0.01069	0.01804	0.77412	0.04143	0.01337	0.01671	0.01537	0.01203	0.01537	0.01069	0.01604	0.00802	0.00601	0.00601	0.00200	0.00802	0.00535	0.00267	0.00668
39	0.01399	0.01564	0.03345	0.04820	0.07626	0.01481	0.64130	0.01886	0.01419	0.01932	0.03416	0.01700	0.01055	0.00533	0.00699	0.00201	0.00967	0.00705	0.00313	0.00809
40	0.00859	0.00645	0.00967	0.00967	0.01074	0.00752	0.00752	0.01074	0.00967	0.01396	0.01611	0.02363	0.01504	0.04512	0.76474	0.00967	0.01611	0.00645	0.00322	0.00537
41	0.01444	0.01345	0.02190	0.22591	0.48193	0.01444	0.01718	0.06272	0.03606	0.01974	0.01167	0.01535	0.00941	0.00585	0.00629	0.00187	0.02446	0.00540	0.00318	0.00877
42	0.58516	0.01359	0.01161	0.00977	0.01377	0.03825	0.00802	0.21274	0.01538	0.02959	0.01006	0.01108	0.00757	0.00605	0.00440	0.00184	0.00538	0.00387	0.00433	0.00754
43	0.01831	0.01298	0.01472	0.01118	0.01600	0.01252	0.00909	0.28867	0.06577	0.12109	0.03583	0.01581	0.01215	0.00635	0.00543	0.00146	0.00533	0.00500	0.00524	0.33706
44	0.01136	0.01069	0.01804	0.77412	0.04143	0.01337	0.01671	0.01537	0.01203	0.01537	0.01069	0.01604	0.00802	0.00601	0.00601	0.00200	0.00802	0.00535	0.00267	0.00668
45	0.01592	0.73298	0.04994	0.01057	0.01573	0.02310	0.01057	0.01874	0.04865	0.01483	0.00923	0.01037	0.00825	0.00531	0.00402	0.00134	0.00642	0.00343	0.00275	0.00784
46	0.09934	0.01187	0.01835	0.10493	0.39836	0.01219	0.01415	0.01789	0.01343	0.09449	0.03861	0.03765	0.01427	0.03286	0.00682	0.00206	0.00638	0.06422	0.00389	0.00824
47	0.01606	0.49789	0.16724	0.01217	0.01761	0.09789	0.01252	0.03582	0.01330	0.03394	0.01043	0.04153	0.00921	0.00602	0.00464	0.00150	0.00722	0.00419	0.00294	0.00788
48	0.02361	0.03452	0.03554	0.01281	0.01761	0.03562	0.01079	0.43014	0.03857	0.27235	0.01733	0.01634	0.01174	0.00720	0.00595	0.00181	0.00625	0.00553	0.00624	0.01003
49	0.00819	0.00567	0.00709	0.00788	0.00819	0.00551	0.00518	0.00897	0.01057	0.01405	0.02691	0.38864	0.03154	0.34954	0.01761	0.00393	0.00471	0.08665	0.00475	0.00442
50	0.00864	0.00668	0.00793	0.00828	0.00994	0.00625	0.00650	0.03128	0.03389	0.01839	0.13034	0.16272	0.33669	0.01534	0.00744	0.00226	0.00388	0.19230	0.00573	0.00551
51	0.01798	0.03777	0.11997	0.01344	0.01799	0.03641	0.03127	0.36927	0.08455	0.05142	0.01562	0.03694	0.01236	0.05121	0.07367	0.00274	0.00764	0.00593	0.00495	0.00886
52	0.00873	0.00590	0.00689	0.00689	0.00700	0.00601	0.00405	0.00896	0.00885	0.01191	0.01865	0.03771	0.02115	0.71017	0.10805	0.00624	0.00692	0.00851	0.00360	0.00383
53	0.00788	0.00605	0.00721	0.00707	0.00864	0.00538	0.00524	0.01007	0.01531	0.02039	0.42647	0.10928	0.32135	0.01395	0.00715	0.00199	0.00297	0.01208	0.00614	0.00538
54	0.01348	0.06113	0.37464	0.06109	0.16085	0.01426	0.01772	0.07168	0.06370	0.02053	0.03142	0.03544	0.01181	0.00675	0.00590	0.00190	0.00755	0.02806	0.00341	0.00869
55	0.01440	0.25260	0.23521	0.04968	0.13291	0.01732	0.15918	0.03860	0.01342	0.01810	0.01052	0.01300	0.00833	0.00542	0.00549	0.00173	0.00804	0.00481	0.00282	0.00843
56	0.01505	0.01681	0.14635	0.06810	0.46518	0.01389	0.09288	0.01928	0.01376	0.07293	0.01219	0.01513	0.00948	0.00557	0.00605	0.00185	0.00765	0.00544	0.00322	0.00918
57	0.04705	0.01387	0.02250	0.07062	0.42127	0.01432	0.11288	0.04089	0.13303	0.02099	0.01487	0.01732	0.03071	0.00615	0.00609	0.00188	0.00699	0.00595	0.00367	0.00895
58	0.01045	0.00522	0.00784	0.00784	0.00784	0.00522	0.00522	0.00784	0.00784	0.01045	0.01045	0.01829	0.01045	0.02090	0.02351	0.82497	0.00522	0.00522	0.00261	0.00261
59	0.01478	0.01658	0.16346	0.07776	0.23405	0.01336	0.13947	0.04322	0.06843	0.08523	0.01585	0.03985	0.02995	0.00678	0.00627	0.00194	0.00745	0.02307	0.00381	0.00870

[dist]
# distance from previous block
# <min> <max>
0	72

[block]
# block no. 3 follows, 38 sequences, length 29
# corresponding to MSA columns:
# 252-280
name=unknown_D
#
# <colnr> <probs for GDERKNQSTAVLIFYWHMCP>
#	G	D	E	R	K	N	Q	S	T	A	V	L	I	F	Y	W	H	M	C	P
0	0.01774	0.06202	0.02313	0.02161	0.20885	0.06539	0.16019	0.19504	0.08365	0.06237	0.01430	0.03337	0.01118	0.00648	0.00611	0.00184	0.00743	0.00595	0.00430	0.00906
1	0.00904	0.00647	0.00759	0.00748	0.00922	0.00584	0.00553	0.01153	0.04463	0.06186	0.24492	0.19233	0.34264	0.01436	0.00711	0.00206	0.00327	0.01241	0.00601	0.00570
2	0.01299	0.20531	0.59127	0.01558	0.02361	0.01622	0.01950	0.01881	0.01259	0.01793	0.01024	0.01200	0.00764	0.00559	0.00529	0.00176	0.00833	0.00416	0.00255	0.00862
3	0.01260	0.01097	0.03126	0.00955	0.01465	0.00821	0.02929	0.01546	0.01306	0.04140	0.07377	0.01559	0.01313	0.00526	0.00484	0.00106	0.00462	0.00439	0.00390	0.68702
4	0.00773	0.00707	0.03796	0.00717	0.00916	0.00560	0.00570	0.00980	0.01439	0.01847	0.24653	0.11943	0.46086	0.01436	0.00710	0.00203	0.00327	0.01226	0.00575	0.00538
5	0.01664	0.04767	0.01540	0.01092	0.01592	0.01287	0.00894	0.29976	0.01873	0.02653	0.01265	0.03281	0.01017	0.00595	0.00513	0.00131	0.00538	0.00463	0.00455	0.44404
6	0.23024	0.01473	0.01478	0.01179	0.01612	0.04999	0.00967	0.38418	0.02089	0.14925	0.01419	0.01428	0.01004	0.00774	0.02440	0.00201	0.00631	0.00492	0.00546	0.00901
7	0.01045	0.00522	0.00784	0.00784	0.00784	0.00522	0.00522	0.00784	0.00784	0.01045	0.01045	0.01829	0.01045	0.02090	0.02351	0.82497	0.00522	0.00522	0.00261	0.00261
8	0.01479	0.01415	0.02406	0.08799	0.62250	0.01440	0.05518	0.03551	0.03621	0.01993	0.01179	0.01526	0.00969	0.00552	0.00603	0.00182	0.00728	0.00550	0.00313	0.00927
9	0.02068	0.01545	0.01838	0.04872	0.16077	0.05301	0.01254	0.41363	0.02210	0.11580	0.01460	0.01554	0.01065	0.00849	0.04005	0.00216	0.00724	0.00545	0.00519	0.00957
10	0.01247	0.01069	0.01247	0.00891	0.01426	0.00802	0.00713	0.01515	0.01247	0.01960	0.01069	0.01247	0.00891	0.00446	0.00446	0.00089	0.00446	0.00356	0.00356	0.82536
11	0.01910	0.25955	0.02051	0.01208	0.01618	0.08304	0.01032	0.11354	0.17186	0.15808	0.01552	0.01538	0.01168	0.00695	0.00627	0.00174	0.05975	0.00499	0.00473	0.00875
12	0.09050	0.01568	0.01653	0.01303	0.01754	0.01744	0.01068	0.55199	0.12985	0.05241	0.01561	0.01535	0.01121	0.00722	0.00584	0.00185	0.00615	0.00545	0.00587	0.00981
13	0.00795	0.00613	0.00690	0.00698	0.00832	0.00559	0.00494	0.00975	0.03078	0.01687	0.16783	0.13934	0.36442	0.16815	0.01183	0.00283	0.00371	0.02728	0.00539	0.00499
14	0.03962	0.01433	0.02743	0.02044	0.02469	0.01476	0.44619	0.01780	0.01286	0.04813	0.01259	0.05565	0.01060	0.00711	0.00971	0.00212	0.18188	0.00689	0.00331	0.04389
15	0.00978	0.00712	0.01013	0.05110	0.01398	0.00726	0.01006	0.01262	0.01375	0.01786	0.03074	0.06514	0.03323	0.01606	0.00819	0.00273	0.00567	0.67358	0.00539	0.00560
16	0.18877	0.01578	0.01616	0.01262	0.01721	0.01760	0.01042	0.58458	0.02458	0.03567	0.01320	0.01348	0.00947	0.00689	0.00555	0.00182	0.00622	0.00497	0.00555	0.00947
17	0.00832	0.00601	0.00719	0.00735	0.00882	0.00533	0.00534	0.01009	0.01410	0.04619	0.24004	0.26928	0.31961	0.01521	0.00723	0.00211	0.00320	0.01326	0.00594	0.00538
18	0.00809	0.00610	0.00752	0.00771	0.00898	0.00565	0.00557	0.01062	0.04202	0.01974	0.35089	0.28675	0.18836	0.01485	0.00725	0.00210	0.00316	0.01311	0.00606	0.00545
19	0.05755	0.01504	0.01668	0.01284	0.01757	0.01607	0.01060	0.53178	0.02486	0.21073	0.01643	0.01571	0.01120	0.00721	0.00593	0.00182	0.00618	0.00548	0.00627	0.01008
20	0.03091	0.01061	0.03688	0.01361	0.01611	0.01088	0.16150	0.07427	0.03039	0.01741	0.01469	0.06245	0.01350	0.04481	0.26186	0.11781	0.06578	0.00679	0.00351	0.00623
21	0.00861	0.00580	0.00657	0.00667	0.00675	0.00575	0.00380	0.00872	0.00907	0.01204	0.02110	0.08845	0.04423	0.71590	0.02844	0.00550	0.00560	0.00941	0.00383	0.00377
22	0.00875	0.00583	0.00656	0.00656	0.00656	0.00583	0.00365	0.00875	0.00875	0.01166	0.01895	0.03937	0.02187	0.78858	0.03062	0.00583	0.00583	0.00875	0.00365	0.00365
23	0.01425	0.01375	0.02377	0.16471	0.59760	0.01417	0.04778	0.01796	0.01343	0.01889	0.01124	0.01514	0.00925	0.00546	0.00601	0.00183	0.00742	0.00543	0.00293	0.00897
24	0.00758	0.00546	0.00715	0.00841	0.00895	0.00511	0.00582	0.00877	0.01177	0.01553	0.03433	0.64868	0.08380	0.04446	0.00848	0.00256	0.00373	0.07897	0.00551	0.00492
25	0.02287	0.01685	0.01805	0.01384	0.01866	0.01866	0.01143	0.73100	0.02828	0.03791	0.01444	0.01444	0.01023	0.00722	0.00602	0.00181	0.00662	0.00542	0.00602	0.01023
26	0.01363	0.01449	0.02755	0.02078	0.02479	0.01532	0.43627	0.01812	0.05089	0.01824	0.01293	0.01901	0.01094	0.00741	0.01040	0.00221	0.21254	0.05233	0.00327	0.02890
27	0.09355	0.00797	0.00876	0.00820	0.01016	0.00810	0.00604	0.01543	0.13627	0.06326	0.22151	0.08154	0.14868	0.15181	0.01082	0.00268	0.00409	0.00942	0.00552	0.00617
28	0.00733	0.00524	0.00698	0.00838	0.00873	0.00489	0.00558	0.00838	0.01152	0.01536	0.03316	0.78466	0.03979	0.01885	0.00768	0.00244	0.00349	0.01710	0.00558	0.00489

[dist]
# distance from previous block
# <min> <max>
0	7

[block]
# block no. 4 follows, 38 sequences, length 53
# corresponding to MSA columns:
# 288-340
name=unknown_E
#
# <colnr> <probs for GDERKNQSTAVLIFYWHMCP>
#	G	D	E	R	K	N	Q	S	T	A	V	L	I	F	Y	W	H	M	C	P
0	0.01228	0.01163	0.01970	0.58210	0.22628	0.01361	0.01716	0.01618	0.01246	0.01649	0.01085	0.01574	0.00841	0.00584	0.00600	0.00195	0.00779	0.00535	0.00275	0.00742
1	0.16178	0.09119	0.13844	0.01273	0.01756	0.04284	0.04413	0.14033	0.06677	0.14244	0.01489	0.05425	0.01156	0.00715	0.00586	0.00186	0.02768	0.00548	0.00459	0.00847
2	0.00792	0.00593	0.00688	0.00701	0.00823	0.00536	0.00495	0.00927	0.01306	0.01689	0.19771	0.15469	0.32684	0.14721	0.01184	0.03349	0.00368	0.02882	0.00537	0.00486
3	0.01564	0.01735	0.01891	0.01619	0.01730	0.21259	0.04814	0.01720	0.01150	0.01478	0.00847	0.01271	0.00792	0.00913	0.01539	0.00232	0.53994	0.00499	0.00277	0.00676
4	0.05543	0.04932	0.01562	0.01329	0.01670	0.37031	0.01028	0.02638	0.25749	0.08537	0.03085	0.01619	0.01288	0.00702	0.00561	0.00175	0.00770	0.00514	0.00458	0.00810
5	0.01321	0.01239	0.01966	0.20196	0.31390	0.02712	0.05807	0.01836	0.09946	0.01864	0.01521	0.02218	0.01315	0.00961	0.05567	0.00249	0.00773	0.07957	0.00357	0.00804
6	0.00745	0.00528	0.00695	0.00823	0.00855	0.00496	0.00542	0.00841	0.01129	0.01505	0.03198	0.72270	0.03830	0.08283	0.00959	0.00272	0.00368	0.01641	0.00542	0.00478
7	0.01138	0.00915	0.01351	0.01267	0.01492	0.00927	0.10211	0.07882	0.07537	0.01997	0.02741	0.21147	0.02891	0.01406	0.00762	0.00245	0.00571	0.34337	0.00532	0.00648
8	0.01241	0.08953	0.57685	0.01708	0.07183	0.01428	0.01949	0.01879	0.03774	0.01896	0.03520	0.01541	0.03409	0.00624	0.00568	0.00186	0.00806	0.00496	0.00292	0.00864
9	0.01382	0.30002	0.41606	0.01546	0.05990	0.01755	0.01702	0.01942	0.05594	0.01770	0.01077	0.01231	0.00840	0.00564	0.00509	0.00169	0.00768	0.00420	0.00279	0.00855
10	0.00852	0.00626	0.00870	0.00871	0.00961	0.00690	0.00643	0.01018	0.01000	0.01401	0.04703	0.04660	0.05732	0.19952	0.52348	0.00800	0.01246	0.00767	0.00362	0.00499
11	0.83108	0.01163	0.00884	0.00791	0.01163	0.01350	0.00651	0.01768	0.01024	0.02699	0.00838	0.00977	0.00651	0.00558	0.00372	0.00186	0.00465	0.00326	0.00372	0.00651
12	0.00738	0.00530	0.00702	0.00838	0.00880	0.00494	0.00565	0.00848	0.01163	0.01544	0.03384	0.74946	0.05788	0.01870	0.00768	0.00244	0.00353	0.03297	0.00558	0.00491
13	0.01302	0.01102	0.01277	0.00917	0.01449	0.00858	0.00736	0.05292	0.01331	0.02057	0.01089	0.01258	0.00898	0.00460	0.00454	0.00094	0.00457	0.00366	0.00369	0.78234
14	0.01625	0.01382	0.05360	0.01256	0.01640	0.02976	0.03375	0.10677	0.44195	0.09174	0.09710	0.02274	0.02003	0.00815	0.00620	0.00196	0.00533	0.00683	0.00593	0.00913
15	0.01029	0.00531	0.00787	0.00786	0.00794	0.00534	0.00528	0.00805	0.00814	0.01093	0.02782	0.01968	0.01200	0.04279	0.05104	0.75300	0.00559	0.00550	0.00276	0.00281
16	0.69521	0.01124	0.00925	0.00827	0.01178	0.01278	0.00671	0.04653	0.01148	0.05090	0.03114	0.06136	0.01048	0.00676	0.00424	0.00190	0.00462	0.00454	0.00414	0.00666
17	0.02213	0.01578	0.01698	0.01312	0.01767	0.01735	0.01080	0.65371	0.02674	0.06068	0.01514	0.01524	0.01078	0.00721	0.00588	0.00178	0.00628	0.00545	0.06738	0.00988
18	0.00859	0.00645	0.00967	0.00967	0.01074	0.00752	0.00752	0.01074	0.00967	0.01396	0.01611	0.02363	0.01504	0.04512	0.76474	0.00967	0.01611	0.00645	0.00322	0.00537
19	0.06403	0.00686	0.00844	0.00869	0.01016	0.00658	0.00624	0.01332	0.04214	0.13112	0.03069	0.48312	0.07599	0.05613	0.00830	0.00246	0.00402	0.03006	0.00567	0.00597
20	0.00721	0.00589	0.00631	0.00663	0.00821	0.00506	0.00477	0.00858	0.01305	0.01589	0.05323	0.22234	0.56338	0.04186	0.00802	0.00225	0.00324	0.01357	0.00552	0.00499
21	0.00863	0.00581	0.00657	0.00664	0.00672	0.00576	0.00377	0.00873	0.00904	0.01199	0.02093	0.07675	0.04482	0.72708	0.02877	0.00555	0.00563	0.00928	0.00380	0.00375
22	0.05877	0.01024	0.01354	0.01050	0.01495	0.00910	0.00864	0.04483	0.01719	0.66957	0.06109	0.02118	0.01665	0.00762	0.00601	0.00186	0.00502	0.00618	0.00722	0.00984
23	0.00833	0.00618	0.00709	0.00693	0.00864	0.00542	0.00512	0.01021	0.01456	0.04382	0.28039	0.10866	0.41475	0.04321	0.00799	0.00215	0.00319	0.01207	0.00592	0.00538
24	0.19576	0.00975	0.01155	0.00954	0.01321	0.00941	0.00770	0.02301	0.04647	0.41213	0.14420	0.05374	0.02139	0.00837	0.00580	0.00190	0.00455	0.00676	0.00637	0.00841
25	0.01496	0.01292	0.01360	0.01224	0.01564	0.01496	0.00952	0.03197	0.74019	0.02516	0.02448	0.02244	0.01836	0.00816	0.00612	0.00204	0.00476	0.00680	0.00612	0.00952
26	0.00722	0.00610	0.00625	0.00621	0.00819	0.00513	0.00466	0.00885	0.01397	0.01687	0.11489	0.05688	0.69428	0.01500	0.00711	0.00202	0.00303	0.01255	0.00567	0.00513
27	0.00868	0.00609	0.00706	0.00699	0.00820	0.00555	0.00482	0.01002	0.01287	0.04419	0.19778	0.13122	0.27112	0.24258	0.01406	0.00316	0.00395	0.01138	0.00532	0.00496
28	0.00816	0.00606	0.00754	0.00811	0.00922	0.00565	0.00586	0.03125	0.01374	0.01818	0.18244	0.41533	0.18477	0.01629	0.00744	0.00225	0.00351	0.06309	0.00580	0.00529
29	0.83108	0.01163	0.00884	0.00791	0.01163	0.01350	0.00651	0.01768	0.01024	0.02699	0.00838	0.00977	0.00651	0.00558	0.00372	0.00186	0.00465	0.00326	0.00372	0.00651
30	0.02604	0.01045	0.01393	0.01082	0.01538	0.00932	0.00890	0.02953	0.07408	0.69780	0.02379	0.02063	0.01516	0.00750	0.00606	0.00188	0.00509	0.00611	0.00734	0.01018
31	0.01014	0.00635	0.00778	0.00781	0.00935	0.00569	0.00566	0.01166	0.01338	0.11219	0.11938	0.29137	0.25558	0.08275	0.00925	0.00249	0.00376	0.03400	0.00577	0.00564
32	0.00759	0.00541	0.00717	0.00839	0.00885	0.00508	0.00573	0.00880	0.01188	0.01591	0.07869	0.66859	0.03988	0.04976	0.00861	0.00256	0.00365	0.05295	0.00557	0.00492
33	0.83108	0.01163	0.00884	0.00791	0.01163	0.01350	0.00651	0.01768	0.01024	0.02699	0.00838	0.00977	0.00651	0.00558	0.00372	0.00186	0.00465	0.00326	0.00372	0.00651
34	0.00746	0.00536	0.00700	0.00826	0.00871	0.00501	0.00557	0.00854	0.01157	0.01531	0.03385	0.68785	0.07497	0.05577	0.00878	0.00260	0.00365	0.03937	0.00549	0.00486
35	0.00782	0.00589	0.00704	0.00753	0.00866	0.00537	0.00541	0.00933	0.01296	0.01677	0.14686	0.27744	0.27714	0.10685	0.01015	0.00265	0.00371	0.07794	0.00551	0.00498
36	0.00767	0.00572	0.00720	0.00818	0.00912	0.00525	0.00592	0.00915	0.01263	0.01637	0.07480	0.47795	0.20596	0.01737	0.00760	0.00236	0.00364	0.11241	0.00563	0.00506
37	0.00851	0.00615	0.00804	0.00757	0.00899	0.00568	0.00568	0.01135	0.01703	0.02412	0.74788	0.04494	0.05676	0.01230	0.00710	0.00189	0.00284	0.01088	0.00662	0.00568
38	0.01202	0.00584	0.00603	0.00587	0.00744	0.00577	0.00444	0.01480	0.01285	0.05987	0.01983	0.02233	0.01539	0.00703	0.00430	0.00143	0.00292	0.00563	0.78036	0.00584
39	0.00884	0.00603	0.00739	0.00759	0.00886	0.00548	0.00544	0.01052	0.01360	0.05513	0.22104	0.28202	0.21287	0.07972	0.00916	0.00244	0.00353	0.03074	0.02424	0.00534
40	0.00726	0.00606	0.00633	0.00635	0.00824	0.00513	0.00473	0.00888	0.01392	0.01696	0.12562	0.09256	0.64708	0.01513	0.00714	0.00204	0.00305	0.01274	0.00569	0.00513
41	0.01608	0.79220	0.03152	0.01029	0.01544	0.02380	0.01029	0.01801	0.01222	0.01415	0.00836	0.00965	0.00772	0.00515	0.00386	0.00129	0.00643	0.00322	0.00257	0.00772
42	0.00872	0.00606	0.00751	0.00780	0.00813	0.00632	0.00514	0.00954	0.01003	0.01404	0.02256	0.26525	0.02552	0.37795	0.08923	0.00462	0.04525	0.01068	0.07113	0.00450
43	0.00759	0.00592	0.00667	0.00691	0.00829	0.00525	0.00494	0.00905	0.01315	0.01662	0.13922	0.19705	0.41896	0.10329	0.00992	0.00254	0.00349	0.03067	0.00550	0.00497
44	0.00943	0.00713	0.00940	0.00934	0.01024	0.03806	0.00697	0.01069	0.00963	0.01328	0.01536	0.02402	0.01483	0.11760	0.55717	0.11902	0.01336	0.00641	0.00318	0.00488
45	0.01247	0.01069	0.01247	0.00891	0.01426	0.00802	0.00713	0.01515	0.01247	0.01960	0.01069	0.01247	0.00891	0.00446	0.00446	0.00089	0.00446	0.00356	0.00356	0.82536
46	0.01274	0.01132	0.01526	0.01190	0.05225	0.00901	0.08148	0.01571	0.01271	0.01964	0.01108	0.01320	0.00911	0.00462	0.00479	0.00106	0.00513	0.00406	0.02212	0.68279
47	0.01459	0.01399	0.02388	0.09922	0.69109	0.01421	0.01831	0.01820	0.01356	0.01929	0.01126	0.01499	0.00940	0.00542	0.00596	0.00181	0.00722	0.00536	0.00295	0.00929
48	0.03333	0.02460	0.01501	0.08002	0.11195	0.02762	0.02336	0.09261	0.03117	0.02168	0.07419	0.04216	0.01451	0.00644	0.00535	0.00145	0.00539	0.00544	0.04446	0.33927
49	0.05051	0.01103	0.01353	0.01193	0.03266	0.01176	0.00936	0.12025	0.11240	0.20983	0.05959	0.08591	0.05275	0.00982	0.00803	0.00206	0.10290	0.05480	0.00566	0.03520
50	0.05148	0.03013	0.05056	0.01703	0.03234	0.01321	0.29778	0.10930	0.04494	0.05187	0.07440	0.04059	0.03575	0.04705	0.02502	0.00237	0.02396	0.04022	0.00428	0.00772
51	0.01360	0.01144	0.01887	0.25046	0.12571	0.01245	0.11310	0.04997	0.03305	0.07810	0.06420	0.07231	0.01543	0.02809	0.03868	0.00242	0.05372	0.00700	0.00391	0.00748
52	0.05433	0.01390	0.03873	0.06509	0.09197	0.01363	0.29528	0.07826	0.08230	0.02190	0.09085	0.01981	0.03179	0.00674	0.00670	0.00192	0.02489	0.00671	0.00402	0.05117

[dist]
# distance from previous block
# <min> <max>
15	129

# created by:
# /home/cegg/simao/soft/augustus-3.2.1/scripts/msa2prfl.pl ./align_prep/EOG090W0E9A.fa
