[name]
unknown

[dist]
# distance from previous block
# <min> <max>
0	19

[block]
# block no. 0 follows, 35 sequences, length 36
# corresponding to MSA columns:
# 19-54
name=unknown_A
#
# <colnr> <probs for GDERKNQSTAVLIFYWHMCP>
#	G	D	E	R	K	N	Q	S	T	A	V	L	I	F	Y	W	H	M	C	P
0	0.03729	0.14728	0.16245	0.01319	0.01782	0.09837	0.01276	0.05630	0.05514	0.09983	0.04239	0.04260	0.01749	0.01068	0.03701	0.00236	0.00760	0.12670	0.00456	0.00816
1	0.06770	0.25533	0.22628	0.01465	0.05136	0.03478	0.01443	0.10123	0.05330	0.07793	0.01290	0.01407	0.00988	0.00773	0.03111	0.00207	0.00771	0.00470	0.00385	0.00900
2	0.01608	0.38981	0.19505	0.01336	0.01909	0.06698	0.01378	0.04021	0.08961	0.01827	0.01172	0.01315	0.00962	0.00723	0.02371	0.00188	0.03232	0.00437	0.00329	0.03048
3	0.00992	0.06239	0.03995	0.00850	0.00993	0.00815	0.00628	0.01152	0.03194	0.01484	0.02471	0.14108	0.08230	0.40164	0.06527	0.00464	0.00630	0.03151	0.00428	0.03483
4	0.01279	0.07510	0.53424	0.01563	0.02322	0.01370	0.01901	0.01875	0.01372	0.03848	0.06386	0.01904	0.03425	0.00876	0.03683	0.00229	0.00855	0.02233	0.00335	0.03611
5	0.04434	0.01494	0.13373	0.04357	0.01940	0.01074	0.08017	0.01798	0.04543	0.04448	0.01425	0.06244	0.01199	0.00641	0.00557	0.00153	0.00613	0.00555	0.03003	0.40132
6	0.00844	0.00604	0.00808	0.00905	0.00979	0.00588	0.00636	0.00989	0.01192	0.01634	0.03022	0.54117	0.03490	0.05218	0.12721	0.00385	0.00601	0.04930	0.03143	0.03194
7	0.01408	0.04982	0.61844	0.01812	0.05198	0.01484	0.02159	0.02059	0.01360	0.06978	0.01216	0.01398	0.00866	0.00633	0.00662	0.00202	0.04013	0.00484	0.00306	0.00937
8	0.01494	0.01145	0.01350	0.00975	0.01530	0.00891	0.00784	0.04092	0.01418	0.08807	0.01268	0.01401	0.01003	0.00509	0.00491	0.00107	0.00484	0.00407	0.00422	0.71424
9	0.02298	0.01758	0.01838	0.01442	0.01924	0.04049	0.01179	0.60450	0.12298	0.03746	0.01649	0.01625	0.01186	0.00772	0.00634	0.00193	0.00685	0.00586	0.00627	0.01059
10	0.00778	0.00569	0.00732	0.00849	0.00914	0.00523	0.00576	0.00906	0.01279	0.01688	0.08204	0.64060	0.12794	0.01898	0.00799	0.00249	0.00358	0.01706	0.00596	0.00523
11	0.01458	0.01605	0.07459	0.19614	0.34196	0.03748	0.16210	0.01893	0.01420	0.01936	0.01258	0.01782	0.01028	0.00619	0.00659	0.00202	0.00858	0.02861	0.00314	0.00880
12	0.02370	0.03023	0.01798	0.01634	0.01961	0.75158	0.01226	0.02533	0.01798	0.01553	0.00981	0.01144	0.00817	0.00654	0.00572	0.00163	0.01144	0.00409	0.00327	0.00735
13	0.00849	0.00638	0.00785	0.00766	0.00922	0.00575	0.00568	0.01095	0.01653	0.02248	0.49937	0.11702	0.23057	0.01439	0.00754	0.00209	0.00311	0.01256	0.00660	0.00575
14	0.00768	0.00643	0.00668	0.00662	0.00868	0.00543	0.00496	0.00945	0.01489	0.01815	0.14614	0.05938	0.65239	0.01569	0.00750	0.00212	0.00319	0.01315	0.00602	0.00543
15	0.01520	0.37707	0.34208	0.01530	0.02245	0.04344	0.06644	0.01977	0.01342	0.01757	0.01025	0.01211	0.00820	0.00572	0.00522	0.00170	0.00834	0.00427	0.00275	0.00868
16	0.01474	0.01638	0.03498	0.02670	0.08171	0.01545	0.62320	0.01983	0.01491	0.02027	0.01401	0.02027	0.01126	0.00610	0.00748	0.00217	0.01018	0.04849	0.00336	0.00850
17	0.01554	0.03867	0.06869	0.17655	0.23714	0.03825	0.05903	0.04189	0.14932	0.04405	0.01459	0.01717	0.01132	0.00683	0.00718	0.00204	0.05294	0.00589	0.00389	0.00901
18	0.02212	0.01678	0.01791	0.01419	0.01891	0.01874	0.01157	0.55287	0.19653	0.03676	0.01777	0.01725	0.01284	0.00785	0.00637	0.00196	0.00651	0.00606	0.00637	0.01061
19	0.00773	0.00552	0.00736	0.00883	0.00920	0.00515	0.00589	0.00883	0.01215	0.01619	0.03497	0.77291	0.04196	0.01987	0.00810	0.00258	0.00368	0.01803	0.00589	0.00515
20	0.01397	0.01330	0.02262	0.37585	0.41412	0.01462	0.01861	0.01795	0.01362	0.01862	0.01163	0.01627	0.00931	0.00597	0.00631	0.00199	0.00797	0.00565	0.00299	0.00865
21	0.01102	0.00551	0.00826	0.00826	0.00826	0.00551	0.00551	0.00826	0.00826	0.01102	0.01102	0.01928	0.01102	0.02204	0.02479	0.81543	0.00551	0.00551	0.00275	0.00275
22	0.00770	0.00643	0.00671	0.00664	0.00869	0.00544	0.00498	0.00950	0.01494	0.01827	0.15559	0.05919	0.64288	0.01564	0.00750	0.00212	0.00318	0.01313	0.00604	0.00544
23	0.00923	0.00615	0.00692	0.00692	0.00692	0.00615	0.00384	0.00923	0.00923	0.01230	0.01999	0.04151	0.02306	0.77705	0.03229	0.00615	0.00615	0.00923	0.00384	0.00384
24	0.00898	0.00648	0.00848	0.00798	0.00948	0.00599	0.00599	0.01197	0.01796	0.02544	0.73413	0.04739	0.05986	0.01297	0.00748	0.00200	0.00299	0.01147	0.00698	0.00599
25	0.82186	0.01227	0.00932	0.00834	0.01227	0.01423	0.00687	0.01865	0.01080	0.02846	0.00883	0.01031	0.00687	0.00589	0.00393	0.00196	0.00491	0.00344	0.00393	0.00687
26	0.82186	0.01227	0.00932	0.00834	0.01227	0.01423	0.00687	0.01865	0.01080	0.02846	0.00883	0.01031	0.00687	0.00589	0.00393	0.00196	0.00491	0.00344	0.00393	0.00687
27	0.01570	0.01507	0.02575	0.03894	0.73748	0.01507	0.01947	0.01947	0.01444	0.02073	0.01193	0.01570	0.01005	0.00565	0.00628	0.00188	0.00754	0.00565	0.00314	0.01005
28	0.82186	0.01227	0.00932	0.00834	0.01227	0.01423	0.00687	0.01865	0.01080	0.02846	0.00883	0.01031	0.00687	0.00589	0.00393	0.00196	0.00491	0.00344	0.00393	0.00687
29	0.82186	0.01227	0.00932	0.00834	0.01227	0.01423	0.00687	0.01865	0.01080	0.02846	0.00883	0.01031	0.00687	0.00589	0.00393	0.00196	0.00491	0.00344	0.00393	0.00687
30	0.00898	0.00648	0.00848	0.00798	0.00948	0.00599	0.00599	0.01197	0.01796	0.02544	0.73413	0.04739	0.05986	0.01297	0.00748	0.00200	0.00299	0.01147	0.00698	0.00599
31	0.82186	0.01227	0.00932	0.00834	0.01227	0.01423	0.00687	0.01865	0.01080	0.02846	0.00883	0.01031	0.00687	0.00589	0.00393	0.00196	0.00491	0.00344	0.00393	0.00687
32	0.01570	0.01507	0.02575	0.03894	0.73748	0.01507	0.01947	0.01947	0.01444	0.02073	0.01193	0.01570	0.01005	0.00565	0.00628	0.00188	0.00754	0.00565	0.00314	0.01005
33	0.01578	0.01363	0.01434	0.01291	0.01650	0.01578	0.01004	0.03371	0.72602	0.02654	0.02582	0.02367	0.01937	0.00861	0.00646	0.00215	0.00502	0.00717	0.00646	0.01004
34	0.01578	0.01363	0.01434	0.01291	0.01650	0.01578	0.01004	0.03371	0.72602	0.02654	0.02582	0.02367	0.01937	0.00861	0.00646	0.00215	0.00502	0.00717	0.00646	0.01004
35	0.01183	0.00591	0.00591	0.00591	0.00739	0.00591	0.00443	0.01478	0.01330	0.02365	0.02069	0.02365	0.01626	0.00739	0.00443	0.00148	0.00296	0.00591	0.81227	0.00591

[dist]
# distance from previous block
# <min> <max>
0	2

[block]
# block no. 1 follows, 35 sequences, length 67
# corresponding to MSA columns:
# 57-123
name=unknown_B
#
# <colnr> <probs for GDERKNQSTAVLIFYWHMCP>
#	G	D	E	R	K	N	Q	S	T	A	V	L	I	F	Y	W	H	M	C	P
0	0.02412	0.01777	0.01904	0.01460	0.01967	0.01967	0.01206	0.71633	0.02983	0.03998	0.01523	0.01523	0.01079	0.00762	0.00635	0.00190	0.00698	0.00571	0.00635	0.01079
1	0.00773	0.00552	0.00736	0.00883	0.00920	0.00515	0.00589	0.00883	0.01215	0.01619	0.03497	0.77291	0.04196	0.01987	0.00810	0.00258	0.00368	0.01803	0.00589	0.00515
2	0.02846	0.01080	0.01472	0.01129	0.01619	0.00932	0.00932	0.03092	0.01816	0.74187	0.02503	0.02159	0.01570	0.00785	0.00638	0.00196	0.00540	0.00638	0.00785	0.01080
3	0.00879	0.00648	0.00821	0.00778	0.00936	0.00590	0.00583	0.01160	0.01750	0.02436	0.64694	0.04917	0.14772	0.01337	0.00748	0.00201	0.00302	0.01172	0.00684	0.00590
4	0.01497	0.01711	0.03743	0.02674	0.03316	0.01604	0.71444	0.02032	0.01497	0.02032	0.01283	0.01711	0.00963	0.00535	0.00749	0.00214	0.01070	0.00749	0.00321	0.00856
5	0.00794	0.00567	0.00760	0.00908	0.00954	0.00534	0.00626	0.00920	0.01235	0.01643	0.03485	0.71323	0.04149	0.01967	0.00815	0.00261	0.00386	0.07562	0.00588	0.00521
6	0.02605	0.01467	0.01712	0.01313	0.01813	0.01508	0.01084	0.41198	0.02465	0.35165	0.01958	0.01806	0.01297	0.00772	0.00636	0.00193	0.00628	0.00601	0.00701	0.01079
7	0.01582	0.01481	0.02521	0.06360	0.62852	0.01513	0.04153	0.01950	0.01426	0.04189	0.01214	0.01587	0.01005	0.00602	0.00710	0.00195	0.04788	0.00573	0.00325	0.00974
8	0.00984	0.03019	0.01042	0.01003	0.05215	0.00741	0.00705	0.01336	0.04183	0.02489	0.64650	0.04363	0.05405	0.01217	0.00728	0.00198	0.00344	0.01075	0.00662	0.00642
9	0.01198	0.01128	0.01903	0.76180	0.04369	0.01409	0.01762	0.01621	0.01268	0.01621	0.01128	0.01691	0.00846	0.00634	0.00634	0.00211	0.00846	0.00564	0.00282	0.00705
10	0.01348	0.12152	0.56520	0.04292	0.04433	0.01606	0.04306	0.02033	0.04008	0.01960	0.01167	0.01368	0.00859	0.00603	0.00587	0.00194	0.00886	0.00477	0.00286	0.00916
11	0.02348	0.02066	0.01847	0.01493	0.01946	0.20479	0.01198	0.49805	0.07096	0.03294	0.01453	0.01481	0.01067	0.00741	0.00619	0.00185	0.00799	0.00539	0.00557	0.00987
12	0.00898	0.00648	0.00848	0.00798	0.00948	0.00599	0.00599	0.01197	0.01796	0.02544	0.73413	0.04739	0.05986	0.01297	0.00748	0.00200	0.00299	0.01147	0.00698	0.00599
13	0.00773	0.00552	0.00736	0.00883	0.00920	0.00515	0.00589	0.00883	0.01215	0.01619	0.03497	0.77291	0.04196	0.01987	0.00810	0.00258	0.00368	0.01803	0.00589	0.00515
14	0.00751	0.00638	0.00648	0.00655	0.00860	0.00534	0.00488	0.00909	0.01434	0.01709	0.06271	0.09887	0.69809	0.01627	0.00753	0.00217	0.00324	0.01364	0.00589	0.00534
15	0.00751	0.00636	0.00649	0.00659	0.00861	0.00534	0.00489	0.00909	0.01430	0.01707	0.06226	0.10966	0.68759	0.01633	0.00754	0.00217	0.00325	0.01371	0.00589	0.00534
16	0.02412	0.01777	0.01904	0.01460	0.01967	0.01967	0.01206	0.71633	0.02983	0.03998	0.01523	0.01523	0.01079	0.00762	0.00635	0.00190	0.00698	0.00571	0.00635	0.01079
17	0.01578	0.01363	0.01434	0.01291	0.01650	0.01578	0.01004	0.03371	0.72602	0.02654	0.02582	0.02367	0.01937	0.00861	0.00646	0.00215	0.00502	0.00717	0.00646	0.01004
18	0.01696	0.78087	0.03324	0.01085	0.01628	0.02510	0.01085	0.01900	0.01289	0.01493	0.00882	0.01018	0.00814	0.00543	0.00407	0.00136	0.00678	0.00339	0.00271	0.00814
19	0.01315	0.01128	0.01315	0.00940	0.01503	0.00846	0.00752	0.01597	0.01315	0.02067	0.01128	0.01315	0.00940	0.00470	0.00470	0.00094	0.00470	0.00376	0.00376	0.81583
20	0.02846	0.01080	0.01472	0.01129	0.01619	0.00932	0.00932	0.03092	0.01816	0.74187	0.02503	0.02159	0.01570	0.00785	0.00638	0.00196	0.00540	0.00638	0.00785	0.01080
21	0.01388	0.01388	0.01943	0.01666	0.01666	0.01943	0.01388	0.01527	0.00972	0.01527	0.00833	0.01388	0.00833	0.01110	0.02082	0.00278	0.76544	0.00555	0.00278	0.00694
22	0.02370	0.03023	0.01798	0.01634	0.01961	0.75158	0.01226	0.02533	0.01798	0.01553	0.00981	0.01144	0.00817	0.00654	0.00572	0.00163	0.01144	0.00409	0.00327	0.00735
23	0.00750	0.00643	0.00643	0.00643	0.00857	0.00536	0.00482	0.00910	0.01446	0.01714	0.06427	0.06105	0.73490	0.01607	0.00750	0.00214	0.00321	0.01339	0.00589	0.00536
24	0.02412	0.01777	0.01904	0.01460	0.01967	0.01967	0.01206	0.71633	0.02983	0.03998	0.01523	0.01523	0.01079	0.00762	0.00635	0.00190	0.00698	0.00571	0.00635	0.01079
25	0.01696	0.78087	0.03324	0.01085	0.01628	0.02510	0.01085	0.01900	0.01289	0.01493	0.00882	0.01018	0.00814	0.00543	0.00407	0.00136	0.00678	0.00339	0.00271	0.00814
26	0.02846	0.01080	0.01472	0.01129	0.01619	0.00932	0.00932	0.03092	0.01816	0.74187	0.02503	0.02159	0.01570	0.00785	0.00638	0.00196	0.00540	0.00638	0.00785	0.01080
27	0.00923	0.00615	0.00692	0.00692	0.00692	0.00615	0.00384	0.00923	0.00923	0.01230	0.01999	0.04151	0.02306	0.77705	0.03229	0.00615	0.00615	0.00923	0.00384	0.00384
28	0.01696	0.78087	0.03324	0.01085	0.01628	0.02510	0.01085	0.01900	0.01289	0.01493	0.00882	0.01018	0.00814	0.00543	0.00407	0.00136	0.00678	0.00339	0.00271	0.00814
29	0.01497	0.01711	0.03743	0.02674	0.03316	0.01604	0.71444	0.02032	0.01497	0.02032	0.01283	0.01711	0.00963	0.00535	0.00749	0.00214	0.01070	0.00749	0.00321	0.00856
30	0.01570	0.01507	0.02575	0.03894	0.73748	0.01507	0.01947	0.01947	0.01444	0.02073	0.01193	0.01570	0.01005	0.00565	0.00628	0.00188	0.00754	0.00565	0.00314	0.01005
31	0.00923	0.00615	0.00692	0.00692	0.00692	0.00615	0.00384	0.00923	0.00923	0.01230	0.01999	0.04151	0.02306	0.77705	0.03229	0.00615	0.00615	0.00923	0.00384	0.00384
32	0.02056	0.01600	0.01704	0.01388	0.01832	0.01801	0.01120	0.42535	0.32659	0.03425	0.01974	0.01883	0.01444	0.00804	0.00639	0.00201	0.00615	0.00633	0.00639	0.01047
33	0.01570	0.01507	0.02575	0.03894	0.73748	0.01507	0.01947	0.01947	0.01444	0.02073	0.01193	0.01570	0.01005	0.00565	0.00628	0.00188	0.00754	0.00565	0.00314	0.01005
34	0.00876	0.00648	0.00817	0.00775	0.00934	0.00589	0.00581	0.01154	0.01743	0.02419	0.63318	0.04945	0.16159	0.01344	0.00748	0.00202	0.00303	0.01176	0.00682	0.00589
35	0.01315	0.01128	0.01315	0.00940	0.01503	0.00846	0.00752	0.01597	0.01315	0.02067	0.01128	0.01315	0.00940	0.00470	0.00470	0.00094	0.00470	0.00376	0.00376	0.81583
36	0.01631	0.01389	0.01464	0.01302	0.01670	0.01603	0.01017	0.07700	0.68187	0.02739	0.02515	0.02313	0.01882	0.00854	0.00645	0.00214	0.00514	0.00708	0.00645	0.01009
37	0.01494	0.01437	0.02300	0.03407	0.61338	0.04134	0.01739	0.01827	0.01427	0.01993	0.01493	0.11661	0.01424	0.00758	0.00650	0.00197	0.00717	0.00725	0.00351	0.00929
38	0.00887	0.00648	0.00833	0.00787	0.00941	0.00594	0.00590	0.01177	0.01771	0.02485	0.68664	0.04836	0.10771	0.01319	0.00748	0.00201	0.00301	0.01161	0.00691	0.00594
39	0.01834	0.02020	0.02280	0.05745	0.46268	0.27101	0.01690	0.02139	0.01561	0.01875	0.01117	0.01426	0.00934	0.00599	0.00609	0.00181	0.00893	0.00511	0.00317	0.00900
40	0.79234	0.04046	0.01020	0.00843	0.01242	0.01463	0.00702	0.01866	0.01087	0.02797	0.00883	0.01030	0.00692	0.00587	0.00393	0.00194	0.00498	0.00343	0.00388	0.00692
41	0.00916	0.00616	0.00690	0.00690	0.00698	0.00612	0.00388	0.00922	0.00942	0.01248	0.02160	0.04223	0.04903	0.74929	0.03138	0.00600	0.00604	0.00938	0.00392	0.00390
42	0.01722	0.42479	0.14893	0.01302	0.01862	0.12036	0.01295	0.02183	0.08973	0.03663	0.01171	0.01273	0.00956	0.00606	0.00496	0.00159	0.00757	0.00420	0.00335	0.03418
43	0.02370	0.03023	0.01798	0.01634	0.01961	0.75158	0.01226	0.02533	0.01798	0.01553	0.00981	0.01144	0.00817	0.00654	0.00572	0.00163	0.01144	0.00409	0.00327	0.00735
44	0.00773	0.00552	0.00736	0.00883	0.00920	0.00515	0.00589	0.00883	0.01215	0.01619	0.03497	0.77291	0.04196	0.01987	0.00810	0.00258	0.00368	0.01803	0.00589	0.00515
45	0.00917	0.00638	0.00807	0.00807	0.00847	0.00678	0.00529	0.00997	0.00957	0.01316	0.01893	0.03566	0.02052	0.51975	0.28612	0.00758	0.00997	0.00837	0.00369	0.00449
46	0.02846	0.01080	0.01472	0.01129	0.01619	0.00932	0.00932	0.03092	0.01816	0.74187	0.02503	0.02159	0.01570	0.00785	0.00638	0.00196	0.00540	0.00638	0.00785	0.01080
47	0.01022	0.00730	0.01022	0.01168	0.01314	0.00730	0.01022	0.01314	0.01460	0.01899	0.03359	0.07156	0.03651	0.01752	0.00876	0.00292	0.00584	0.69478	0.00584	0.00584
48	0.01272	0.03281	0.74418	0.01808	0.02746	0.01473	0.02344	0.02009	0.01339	0.02009	0.01138	0.01339	0.00804	0.00603	0.00603	0.00201	0.00938	0.00469	0.00268	0.00938
49	0.00773	0.00644	0.00675	0.00667	0.00871	0.00546	0.00500	0.00956	0.01501	0.01845	0.17017	0.05889	0.62819	0.01558	0.00750	0.00212	0.00318	0.01309	0.00606	0.00546
50	0.01696	0.78087	0.03324	0.01085	0.01628	0.02510	0.01085	0.01900	0.01289	0.01493	0.00882	0.01018	0.00814	0.00543	0.00407	0.00136	0.00678	0.00339	0.00271	0.00814
51	0.01315	0.01128	0.01315	0.00940	0.01503	0.00846	0.00752	0.01597	0.01315	0.02067	0.01128	0.01315	0.00940	0.00470	0.00470	0.00094	0.00470	0.00376	0.00376	0.81583
52	0.02373	0.02938	0.01805	0.01622	0.01962	0.70161	0.01224	0.07251	0.01879	0.01720	0.01018	0.01170	0.00835	0.00661	0.00576	0.00165	0.01114	0.00420	0.00348	0.00759
53	0.01545	0.00792	0.01051	0.00904	0.01170	0.00708	0.00707	0.01822	0.01793	0.26463	0.47901	0.03914	0.06340	0.01134	0.00711	0.00199	0.00380	0.00982	0.00724	0.00758
54	0.82186	0.01227	0.00932	0.00834	0.01227	0.01423	0.00687	0.01865	0.01080	0.02846	0.00883	0.01031	0.00687	0.00589	0.00393	0.00196	0.00491	0.00344	0.00393	0.00687
55	0.00822	0.00599	0.00708	0.00762	0.00837	0.00556	0.00501	0.00923	0.01219	0.01585	0.08499	0.33061	0.20046	0.25166	0.01536	0.00353	0.00428	0.01378	0.00533	0.00485
56	0.02036	0.02261	0.01671	0.01495	0.01832	0.40333	0.01146	0.06794	0.28768	0.02111	0.01616	0.01640	0.01259	0.00755	0.00658	0.00189	0.03576	0.00541	0.00464	0.00856
57	0.01288	0.05962	0.71870	0.01782	0.02706	0.01510	0.02299	0.02005	0.01338	0.01991	0.01129	0.01328	0.00804	0.00601	0.00596	0.00199	0.00928	0.00464	0.00268	0.00933
58	0.00773	0.00552	0.00736	0.00883	0.00920	0.00515	0.00589	0.00883	0.01215	0.01619	0.03497	0.77291	0.04196	0.01987	0.00810	0.00258	0.00368	0.01803	0.00589	0.00515
59	0.01374	0.01162	0.01347	0.00967	0.01528	0.00905	0.00776	0.05318	0.01404	0.02170	0.01149	0.01327	0.00947	0.00485	0.00479	0.00099	0.00482	0.00386	0.00390	0.77306
60	0.01442	0.33263	0.45924	0.01519	0.02298	0.01889	0.01840	0.01965	0.01319	0.01802	0.01036	0.01210	0.00808	0.00579	0.00524	0.00175	0.00834	0.00417	0.00269	0.00888
61	0.01287	0.07972	0.67393	0.01728	0.02614	0.01510	0.02205	0.01975	0.01352	0.01994	0.03562	0.01434	0.00979	0.00622	0.00595	0.00197	0.00899	0.00483	0.00283	0.00918
62	0.00906	0.00680	0.01020	0.01020	0.01133	0.00793	0.00793	0.01133	0.01020	0.01473	0.01699	0.02492	0.01586	0.04758	0.75191	0.01020	0.01699	0.00680	0.00340	0.00566
63	0.00922	0.00618	0.00709	0.00709	0.00715	0.00624	0.00406	0.00934	0.00928	0.01243	0.01983	0.04063	0.02268	0.73829	0.07052	0.00637	0.00673	0.00910	0.00382	0.00394
64	0.01380	0.20972	0.55441	0.01663	0.02498	0.01723	0.04118	0.01984	0.01332	0.01887	0.01082	0.01274	0.00811	0.00586	0.00561	0.00186	0.00880	0.00446	0.00270	0.00906
65	0.46445	0.04171	0.05232	0.06241	0.01738	0.12339	0.01008	0.09561	0.04033	0.02602	0.01059	0.01210	0.00815	0.00629	0.00482	0.00191	0.00664	0.00413	0.00400	0.00767
66	0.01320	0.11703	0.66415	0.01727	0.02620	0.01590	0.02202	0.01997	0.01334	0.01951	0.01110	0.01303	0.00805	0.00596	0.00581	0.00194	0.00908	0.00454	0.00268	0.00924

[dist]
# distance from previous block
# <min> <max>
1	6

[block]
# block no. 2 follows, 35 sequences, length 31
# corresponding to MSA columns:
# 130-160
name=unknown_C
#
# <colnr> <probs for GDERKNQSTAVLIFYWHMCP>
#	G	D	E	R	K	N	Q	S	T	A	V	L	I	F	Y	W	H	M	C	P
0	0.01602	0.11568	0.48150	0.01653	0.02423	0.07927	0.01917	0.13537	0.01644	0.02240	0.01159	0.01316	0.00851	0.00626	0.00583	0.00189	0.00886	0.00466	0.00334	0.00930
1	0.05373	0.01329	0.05570	0.01203	0.01713	0.01166	0.01035	0.12697	0.06614	0.48527	0.02152	0.01946	0.01413	0.00751	0.00617	0.00191	0.00576	0.00598	0.00687	0.05843
2	0.00937	0.00674	0.00920	0.01045	0.01165	0.00656	0.00855	0.01178	0.01424	0.01874	0.09441	0.25348	0.06282	0.01771	0.00844	0.00273	0.00495	0.43660	0.00595	0.00566
3	0.01484	0.01527	0.02072	0.39178	0.22398	0.12132	0.01700	0.01831	0.01365	0.01724	0.01097	0.01552	0.00883	0.00662	0.00756	0.00204	0.07806	0.00541	0.00297	0.00789
4	0.00853	0.00611	0.00824	0.00943	0.01023	0.00581	0.00699	0.01037	0.01360	0.01823	0.13551	0.49232	0.04317	0.01829	0.00818	0.00258	0.00412	0.18682	0.00603	0.00545
5	0.20955	0.03828	0.01718	0.01303	0.01785	0.01856	0.01082	0.53405	0.02491	0.03658	0.01356	0.01394	0.00980	0.00715	0.00572	0.00190	0.00649	0.00512	0.00568	0.00980
6	0.01487	0.01417	0.02380	0.20024	0.55409	0.01488	0.01869	0.01928	0.04131	0.01993	0.01232	0.01628	0.01005	0.00592	0.00630	0.00195	0.00765	0.00571	0.00320	0.00937
7	0.51138	0.01589	0.01298	0.01098	0.01514	0.10348	0.00891	0.20788	0.01679	0.03003	0.01068	0.01177	0.00808	0.00643	0.00479	0.00191	0.00625	0.00413	0.00450	0.00799
8	0.00855	0.00650	0.00782	0.00763	0.00930	0.00585	0.00576	0.01096	0.01626	0.02175	0.43714	0.05338	0.29140	0.03890	0.00836	0.00223	0.00334	0.05273	0.00644	0.00569
9	0.00929	0.00672	0.00896	0.01013	0.01135	0.00651	0.00822	0.01153	0.01391	0.01809	0.06323	0.22620	0.10964	0.05402	0.00956	0.00288	0.00499	0.41340	0.00581	0.00555
10	0.01506	0.01727	0.05491	0.02523	0.03111	0.01642	0.61142	0.03912	0.01486	0.02039	0.01245	0.01666	0.00949	0.00596	0.00864	0.00219	0.07991	0.00718	0.00324	0.00849
11	0.01308	0.09630	0.68385	0.01747	0.02651	0.01561	0.02237	0.02000	0.01335	0.01965	0.01117	0.01312	0.00805	0.00598	0.00586	0.00195	0.00916	0.00458	0.00268	0.00927
12	0.00808	0.00651	0.00723	0.00724	0.00917	0.00567	0.00555	0.01012	0.01530	0.01926	0.21994	0.05871	0.51619	0.01546	0.00760	0.00217	0.00338	0.07071	0.00614	0.00555
13	0.00848	0.00641	0.00764	0.00740	0.00895	0.00577	0.00542	0.01072	0.01592	0.02136	0.43530	0.07040	0.27786	0.07901	0.00961	0.00241	0.00335	0.01208	0.00633	0.00558
14	0.68101	0.01474	0.01091	0.00966	0.01357	0.10357	0.00781	0.05836	0.01272	0.02754	0.00931	0.01072	0.00725	0.00606	0.00428	0.00192	0.00581	0.00364	0.00398	0.00715
15	0.02771	0.01096	0.01470	0.01138	0.01621	0.00971	0.00937	0.03108	0.06028	0.69930	0.02507	0.02172	0.01592	0.00790	0.00638	0.00197	0.00538	0.00643	0.00777	0.01075
16	0.00871	0.00594	0.00707	0.00757	0.00770	0.00581	0.00454	0.00909	0.01022	0.01363	0.02511	0.29151	0.02952	0.51825	0.02402	0.00493	0.00531	0.01224	0.00454	0.00429
17	0.01315	0.01128	0.01315	0.00940	0.01503	0.00846	0.00752	0.01597	0.01315	0.02067	0.01128	0.01315	0.00940	0.00470	0.00470	0.00094	0.00470	0.00376	0.00376	0.81583
18	0.82186	0.01227	0.00932	0.00834	0.01227	0.01423	0.00687	0.01865	0.01080	0.02846	0.00883	0.01031	0.00687	0.00589	0.00393	0.00196	0.00491	0.00344	0.00393	0.00687
19	0.00762	0.00643	0.00660	0.00656	0.00865	0.00541	0.00492	0.00935	0.01476	0.01784	0.12111	0.05989	0.67762	0.01580	0.00750	0.00213	0.00319	0.01323	0.00598	0.00541
20	0.01696	0.78087	0.03324	0.01085	0.01628	0.02510	0.01085	0.01900	0.01289	0.01493	0.00882	0.01018	0.00814	0.00543	0.00407	0.00136	0.00678	0.00339	0.00271	0.00814
21	0.01272	0.03281	0.74418	0.01808	0.02746	0.01473	0.02344	0.02009	0.01339	0.02009	0.01138	0.01339	0.00804	0.00603	0.00603	0.00201	0.00938	0.00469	0.00268	0.00938
22	0.02801	0.01090	0.01471	0.01134	0.01621	0.00955	0.00935	0.03102	0.04329	0.71647	0.02506	0.02167	0.01583	0.00788	0.00638	0.00197	0.00538	0.00641	0.00780	0.01077
23	0.01015	0.00726	0.01013	0.01148	0.01294	0.00723	0.00999	0.01308	0.01479	0.01934	0.07265	0.07021	0.03781	0.01727	0.00869	0.00287	0.00568	0.65668	0.00591	0.00585
24	0.02412	0.01777	0.01904	0.01460	0.01967	0.01967	0.01206	0.71633	0.02983	0.03998	0.01523	0.01523	0.01079	0.00762	0.00635	0.00190	0.00698	0.00571	0.00635	0.01079
25	0.00906	0.00680	0.01020	0.01020	0.01133	0.00793	0.00793	0.01133	0.01020	0.01473	0.01699	0.02492	0.01586	0.04758	0.75191	0.01020	0.01699	0.00680	0.00340	0.00566
26	0.02846	0.01080	0.01472	0.01129	0.01619	0.00932	0.00932	0.03092	0.01816	0.74187	0.02503	0.02159	0.01570	0.00785	0.00638	0.00196	0.00540	0.00638	0.00785	0.01080
27	0.01272	0.03281	0.74418	0.01808	0.02746	0.01473	0.02344	0.02009	0.01339	0.02009	0.01138	0.01339	0.00804	0.00603	0.00603	0.00201	0.00938	0.00469	0.00268	0.00938
28	0.00898	0.00648	0.00848	0.00798	0.00948	0.00599	0.00599	0.01197	0.01796	0.02544	0.73413	0.04739	0.05986	0.01297	0.00748	0.00200	0.00299	0.01147	0.00698	0.00599
29	0.01022	0.00730	0.01022	0.01168	0.01314	0.00730	0.01022	0.01314	0.01460	0.01899	0.03359	0.07156	0.03651	0.01752	0.00876	0.00292	0.00584	0.69478	0.00584	0.00584
30	0.01570	0.01507	0.02575	0.03894	0.73748	0.01507	0.01947	0.01947	0.01444	0.02073	0.01193	0.01570	0.01005	0.00565	0.00628	0.00188	0.00754	0.00565	0.00314	0.01005

[dist]
# distance from previous block
# <min> <max>
0	4

[block]
# block no. 3 follows, 35 sequences, length 58
# corresponding to MSA columns:
# 165-222
name=unknown_D
#
# <colnr> <probs for GDERKNQSTAVLIFYWHMCP>
#	G	D	E	R	K	N	Q	S	T	A	V	L	I	F	Y	W	H	M	C	P
0	0.00773	0.00552	0.00736	0.00883	0.00920	0.00515	0.00589	0.00883	0.01215	0.01619	0.03497	0.77291	0.04196	0.01987	0.00810	0.00258	0.00368	0.01803	0.00589	0.00515
1	0.00887	0.00648	0.00833	0.00787	0.00941	0.00594	0.00590	0.01176	0.01770	0.02484	0.68553	0.04838	0.10884	0.01319	0.00748	0.00201	0.00301	0.01161	0.00690	0.00594
2	0.01626	0.01614	0.02520	0.03735	0.68695	0.06691	0.01896	0.01988	0.01469	0.02036	0.01178	0.01540	0.00992	0.00571	0.00624	0.00187	0.00781	0.00554	0.00315	0.00986
3	0.47423	0.01334	0.01275	0.01044	0.01484	0.01464	0.00862	0.19285	0.01689	0.16718	0.01349	0.01367	0.00952	0.00669	0.00499	0.00195	0.00551	0.00456	0.00527	0.00858
4	0.01022	0.00730	0.01022	0.01168	0.01314	0.00730	0.01022	0.01314	0.01460	0.01899	0.03359	0.07156	0.03651	0.01752	0.00876	0.00292	0.00584	0.69478	0.00584	0.00584
5	0.02370	0.03023	0.01798	0.01634	0.01961	0.75158	0.01226	0.02533	0.01798	0.01553	0.00981	0.01144	0.00817	0.00654	0.00572	0.00163	0.01144	0.00409	0.00327	0.00735
6	0.00923	0.00615	0.00692	0.00692	0.00692	0.00615	0.00384	0.00923	0.00923	0.01230	0.01999	0.04151	0.02306	0.77705	0.03229	0.00615	0.00615	0.00923	0.00384	0.00384
7	0.02412	0.01777	0.01904	0.01460	0.01967	0.01967	0.01206	0.71633	0.02983	0.03998	0.01523	0.01523	0.01079	0.00762	0.00635	0.00190	0.00698	0.00571	0.00635	0.01079
8	0.01239	0.00756	0.00978	0.00877	0.01092	0.00706	0.00673	0.01614	0.05788	0.13681	0.58405	0.04204	0.05072	0.01193	0.00725	0.00200	0.00348	0.01044	0.00709	0.00696
9	0.00898	0.00648	0.00848	0.00798	0.00948	0.00599	0.00599	0.01197	0.01796	0.02544	0.73413	0.04739	0.05986	0.01297	0.00748	0.00200	0.00299	0.01147	0.00698	0.00599
10	0.00885	0.00648	0.00829	0.00784	0.00940	0.00593	0.00588	0.01171	0.01764	0.02469	0.67367	0.04862	0.12079	0.01325	0.00748	0.00201	0.00301	0.01165	0.00688	0.00593
11	0.00923	0.00615	0.00692	0.00692	0.00692	0.00615	0.00384	0.00923	0.00923	0.01230	0.01999	0.04151	0.02306	0.77705	0.03229	0.00615	0.00615	0.00923	0.00384	0.00384
12	0.01696	0.78087	0.03324	0.01085	0.01628	0.02510	0.01085	0.01900	0.01289	0.01493	0.00882	0.01018	0.00814	0.00543	0.00407	0.00136	0.00678	0.00339	0.00271	0.00814
13	0.01578	0.01363	0.01434	0.01291	0.01650	0.01578	0.01004	0.03371	0.72602	0.02654	0.02582	0.02367	0.01937	0.00861	0.00646	0.00215	0.00502	0.00717	0.00646	0.01004
14	0.02846	0.01080	0.01472	0.01129	0.01619	0.00932	0.00932	0.03092	0.01816	0.74187	0.02503	0.02159	0.01570	0.00785	0.00638	0.00196	0.00540	0.00638	0.00785	0.01080
15	0.01315	0.01128	0.01315	0.00940	0.01503	0.00846	0.00752	0.01597	0.01315	0.02067	0.01128	0.01315	0.00940	0.00470	0.00470	0.00094	0.00470	0.00376	0.00376	0.81583
16	0.01578	0.01363	0.01434	0.01291	0.01650	0.01578	0.01004	0.03371	0.72602	0.02654	0.02582	0.02367	0.01937	0.00861	0.00646	0.00215	0.00502	0.00717	0.00646	0.01004
17	0.82186	0.01227	0.00932	0.00834	0.01227	0.01423	0.00687	0.01865	0.01080	0.02846	0.00883	0.01031	0.00687	0.00589	0.00393	0.00196	0.00491	0.00344	0.00393	0.00687
18	0.01388	0.01388	0.01943	0.01666	0.01666	0.01943	0.01388	0.01527	0.00972	0.01527	0.00833	0.01388	0.00833	0.01110	0.02082	0.00278	0.76544	0.00555	0.00278	0.00694
19	0.01578	0.01363	0.01434	0.01291	0.01650	0.01578	0.01004	0.03371	0.72602	0.02654	0.02582	0.02367	0.01937	0.00861	0.00646	0.00215	0.00502	0.00717	0.00646	0.01004
20	0.00773	0.00552	0.00736	0.00883	0.00920	0.00515	0.00589	0.00883	0.01215	0.01619	0.03497	0.77291	0.04196	0.01987	0.00810	0.00258	0.00368	0.01803	0.00589	0.00515
21	0.01198	0.01128	0.01903	0.76180	0.04369	0.01409	0.01762	0.01621	0.01268	0.01621	0.01128	0.01691	0.00846	0.00634	0.00634	0.00211	0.00846	0.00564	0.00282	0.00705
22	0.00773	0.00552	0.00736	0.00883	0.00920	0.00515	0.00589	0.00883	0.01215	0.01619	0.03497	0.77291	0.04196	0.01987	0.00810	0.00258	0.00368	0.01803	0.00589	0.00515
23	0.00771	0.00560	0.00728	0.00862	0.00915	0.00517	0.00579	0.00886	0.01235	0.01628	0.03756	0.70985	0.10335	0.01954	0.00804	0.00254	0.00364	0.01762	0.00589	0.00517
24	0.02383	0.01682	0.01828	0.01417	0.01911	0.01844	0.01165	0.60103	0.08445	0.10109	0.01695	0.01647	0.01191	0.00772	0.00636	0.00193	0.00668	0.00589	0.00649	0.01073
25	0.00923	0.00615	0.00692	0.00692	0.00692	0.00615	0.00384	0.00923	0.00923	0.01230	0.01999	0.04151	0.02306	0.77705	0.03229	0.00615	0.00615	0.00923	0.00384	0.00384
26	0.01315	0.01128	0.01315	0.00940	0.01503	0.00846	0.00752	0.01597	0.01315	0.02067	0.01128	0.01315	0.00940	0.00470	0.00470	0.00094	0.00470	0.00376	0.00376	0.81583
27	0.01497	0.01711	0.03743	0.02674	0.03316	0.01604	0.71444	0.02032	0.01497	0.02032	0.01283	0.01711	0.00963	0.00535	0.00749	0.00214	0.01070	0.00749	0.00321	0.00856
28	0.00940	0.00661	0.00844	0.00791	0.00958	0.00602	0.00596	0.01223	0.01759	0.04595	0.64064	0.04809	0.13140	0.01315	0.00745	0.00201	0.00309	0.01153	0.00689	0.00606
29	0.00891	0.00648	0.00839	0.00791	0.00944	0.00596	0.00593	0.01184	0.01780	0.02506	0.70365	0.04801	0.09057	0.01311	0.00748	0.00200	0.00300	0.01156	0.00693	0.00596
30	0.01272	0.03281	0.74418	0.01808	0.02746	0.01473	0.02344	0.02009	0.01339	0.02009	0.01138	0.01339	0.00804	0.00603	0.00603	0.00201	0.00938	0.00469	0.00268	0.00938
31	0.01538	0.01475	0.02517	0.10100	0.67792	0.01499	0.01931	0.01919	0.01429	0.02034	0.01188	0.01581	0.00991	0.00571	0.00629	0.00190	0.00762	0.00565	0.00311	0.00979
32	0.82186	0.01227	0.00932	0.00834	0.01227	0.01423	0.00687	0.01865	0.01080	0.02846	0.00883	0.01031	0.00687	0.00589	0.00393	0.00196	0.00491	0.00344	0.00393	0.00687
33	0.00771	0.00558	0.00730	0.00866	0.00916	0.00517	0.00581	0.00885	0.01231	0.01626	0.03703	0.72281	0.09073	0.01961	0.00805	0.00255	0.00365	0.01771	0.00589	0.00517
34	0.79778	0.01243	0.00962	0.00853	0.01249	0.01440	0.00703	0.03971	0.01137	0.02881	0.00903	0.01045	0.00699	0.00594	0.00400	0.00196	0.00497	0.00350	0.00400	0.00699
35	0.01602	0.01569	0.02543	0.03802	0.70840	0.04490	0.01918	0.01971	0.01459	0.02051	0.01185	0.01553	0.00997	0.00569	0.00626	0.00187	0.00769	0.00559	0.00315	0.00994
36	0.00804	0.00579	0.00769	0.00910	0.00969	0.00544	0.00641	0.00941	0.01257	0.01660	0.03612	0.64881	0.07278	0.01939	0.00816	0.00260	0.00394	0.10632	0.00588	0.00525
37	0.00873	0.00644	0.00919	0.01028	0.01118	0.00616	0.02940	0.01053	0.01300	0.01719	0.03384	0.53092	0.03925	0.01869	0.00829	0.00267	0.00457	0.22840	0.00579	0.00547
38	0.01261	0.01209	0.02106	0.59703	0.12443	0.01418	0.07335	0.01684	0.01313	0.01715	0.01208	0.01825	0.00949	0.00648	0.00649	0.00211	0.00846	0.02430	0.00297	0.00749
39	0.00779	0.00559	0.00730	0.00865	0.00907	0.00521	0.00575	0.00886	0.01210	0.01605	0.03544	0.71156	0.06843	0.05418	0.00917	0.00272	0.00377	0.01745	0.00580	0.00510
40	0.01555	0.01492	0.02547	0.06900	0.70862	0.01503	0.01939	0.01933	0.01437	0.02054	0.01191	0.01575	0.00998	0.00568	0.00628	0.00189	0.00757	0.00565	0.00313	0.00992
41	0.01139	0.00820	0.01075	0.01154	0.01323	0.00835	0.00971	0.09243	0.01593	0.02091	0.03173	0.18168	0.03449	0.01679	0.00838	0.00275	0.00561	0.50394	0.00591	0.00629
42	0.01542	0.01478	0.02524	0.09414	0.68450	0.01500	0.01933	0.01922	0.01431	0.02038	0.01188	0.01579	0.00993	0.00571	0.00629	0.00190	0.00761	0.00565	0.00312	0.00982
43	0.00784	0.00634	0.00697	0.00702	0.00883	0.00547	0.00519	0.00969	0.01496	0.01882	0.20485	0.13531	0.51489	0.01581	0.00756	0.00216	0.00322	0.01348	0.00613	0.00547
44	0.06126	0.01628	0.01595	0.01301	0.01729	0.14060	0.01042	0.25811	0.04589	0.27205	0.01909	0.07014	0.01432	0.00833	0.00626	0.00194	0.00681	0.00647	0.00619	0.00960
45	0.01315	0.01128	0.01315	0.00940	0.01503	0.00846	0.00752	0.01597	0.01315	0.02067	0.01128	0.01315	0.00940	0.00470	0.00470	0.00094	0.00470	0.00376	0.00376	0.81583
46	0.00884	0.00604	0.00698	0.00726	0.00745	0.00591	0.00429	0.00914	0.01009	0.01333	0.02542	0.18377	0.06752	0.58731	0.02620	0.00523	0.00551	0.01116	0.00436	0.00418
47	0.00801	0.00640	0.00722	0.00751	0.00925	0.00561	0.00568	0.00986	0.01461	0.01830	0.14667	0.16138	0.47477	0.01634	0.00771	0.00226	0.00352	0.08341	0.00603	0.00546
48	0.01940	0.01764	0.01702	0.07453	0.03742	0.15209	0.01193	0.24792	0.27426	0.02758	0.01826	0.01965	0.01406	0.00797	0.00635	0.00199	0.00719	0.02989	0.00544	0.00940
49	0.01497	0.01711	0.03743	0.02674	0.03316	0.01604	0.71444	0.02032	0.01497	0.02032	0.01283	0.01711	0.00963	0.00535	0.00749	0.00214	0.01070	0.00749	0.00321	0.00856
50	0.00913	0.00652	0.00775	0.00818	0.00951	0.00600	0.00604	0.01064	0.01324	0.03962	0.06160	0.18326	0.29033	0.17045	0.01282	0.00317	0.00447	0.14639	0.00556	0.00530
51	0.24905	0.01406	0.01447	0.01160	0.01591	0.01533	0.00951	0.35718	0.02156	0.11480	0.07838	0.01766	0.01475	0.00762	0.00571	0.00192	0.00574	0.00566	0.02999	0.00911
52	0.12220	0.01607	0.01712	0.03946	0.01908	0.01786	0.01125	0.49844	0.09951	0.07215	0.01591	0.01589	0.01137	0.00747	0.00606	0.00195	0.00649	0.00561	0.00601	0.01009
53	0.00800	0.00582	0.00761	0.00893	0.00961	0.00543	0.00630	0.00937	0.01267	0.01662	0.03772	0.61898	0.11026	0.01922	0.00812	0.00257	0.00389	0.09776	0.00588	0.00525
54	0.00823	0.00575	0.00732	0.00837	0.00866	0.00550	0.00543	0.00907	0.01138	0.01516	0.03063	0.54220	0.03638	0.23694	0.01505	0.00361	0.00445	0.03575	0.00530	0.00480
55	0.75809	0.01271	0.01010	0.00884	0.01286	0.01467	0.00729	0.07442	0.01232	0.02938	0.00934	0.01070	0.00718	0.00603	0.00412	0.00196	0.00507	0.00362	0.00412	0.00718
56	0.00923	0.00657	0.00846	0.00933	0.01068	0.00614	0.00730	0.01126	0.01411	0.03805	0.09120	0.29382	0.19251	0.01737	0.00811	0.00254	0.00435	0.25731	0.00601	0.00566
57	0.04231	0.07476	0.01863	0.01338	0.01822	0.01434	0.08717	0.09986	0.22793	0.17324	0.01877	0.01836	0.01366	0.00699	0.00598	0.00181	0.00602	0.00589	0.00554	0.14716

[dist]
# distance from previous block
# <min> <max>
0	1

[block]
# block no. 4 follows, 35 sequences, length 71
# corresponding to MSA columns:
# 224-294
name=unknown_E
#
# <colnr> <probs for GDERKNQSTAVLIFYWHMCP>
#	G	D	E	R	K	N	Q	S	T	A	V	L	I	F	Y	W	H	M	C	P
0	0.00986	0.00679	0.00777	0.00751	0.00807	0.00677	0.00468	0.04590	0.01184	0.01596	0.12944	0.06217	0.04948	0.57839	0.02580	0.00509	0.00556	0.00975	0.00456	0.00461
1	0.02372	0.02972	0.01802	0.01627	0.01961	0.72107	0.01225	0.05414	0.01847	0.01655	0.01003	0.01160	0.00828	0.00658	0.00575	0.00165	0.01125	0.00415	0.00340	0.00750
2	0.05209	0.01030	0.01280	0.01025	0.01421	0.00941	0.00824	0.07623	0.03666	0.33042	0.22652	0.02695	0.02692	0.00881	0.00636	0.00183	0.00470	0.00733	0.00671	0.12327
3	0.01627	0.65856	0.14949	0.01204	0.01811	0.02341	0.01291	0.01917	0.01297	0.01577	0.00924	0.01070	0.00812	0.00553	0.00439	0.00146	0.00721	0.00360	0.00271	0.00834
4	0.01730	0.01403	0.01528	0.01390	0.04669	0.03364	0.01068	0.25007	0.30223	0.02902	0.06062	0.02858	0.05823	0.00968	0.00675	0.00212	0.00581	0.07992	0.00613	0.00931
5	0.00871	0.00598	0.00703	0.00746	0.00766	0.00582	0.00449	0.00910	0.01030	0.01365	0.02620	0.25816	0.05744	0.52280	0.02415	0.00493	0.00530	0.01199	0.00453	0.00429
6	0.02230	0.01555	0.01699	0.01354	0.01813	0.01704	0.01102	0.44266	0.19951	0.12575	0.01923	0.01834	0.01367	0.00788	0.00633	0.00196	0.00619	0.00616	0.02726	0.01048
7	0.07493	0.02086	0.02043	0.05494	0.02220	0.29833	0.13580	0.12680	0.10106	0.06299	0.01388	0.01520	0.01047	0.00675	0.00616	0.00189	0.00897	0.00545	0.00436	0.00853
8	0.01570	0.01507	0.02575	0.03894	0.73748	0.01507	0.01947	0.01947	0.01444	0.02073	0.01193	0.01570	0.01005	0.00565	0.00628	0.00188	0.00754	0.00565	0.00314	0.01005
9	0.00872	0.00635	0.00841	0.00966	0.01069	0.00604	0.00748	0.01064	0.01352	0.01763	0.05468	0.39781	0.11880	0.01835	0.00828	0.00265	0.00446	0.28446	0.00590	0.00547
10	0.01401	0.26050	0.52779	0.01588	0.02406	0.01789	0.01961	0.01976	0.01324	0.01852	0.01060	0.01241	0.00807	0.00584	0.00543	0.00181	0.00859	0.00429	0.00269	0.00900
11	0.01355	0.17849	0.60573	0.01667	0.02528	0.01675	0.02099	0.01988	0.01330	0.01908	0.01089	0.01277	0.00806	0.00591	0.00565	0.00188	0.00887	0.00444	0.00269	0.00914
12	0.00994	0.00710	0.00988	0.01125	0.01261	0.00705	0.00963	0.01271	0.01456	0.01907	0.06965	0.13138	0.03818	0.01750	0.00864	0.00284	0.00551	0.60080	0.00590	0.00579
13	0.00773	0.00552	0.00736	0.00883	0.00920	0.00515	0.00589	0.00883	0.01215	0.01619	0.03497	0.77291	0.04196	0.01987	0.00810	0.00258	0.00368	0.01803	0.00589	0.00515
14	0.09116	0.01485	0.01719	0.08716	0.07790	0.06898	0.02830	0.19535	0.10472	0.20383	0.03572	0.01818	0.01345	0.00737	0.00616	0.00196	0.00668	0.00591	0.00564	0.00951
15	0.00846	0.00646	0.00776	0.00744	0.00916	0.00577	0.00558	0.01097	0.01674	0.02254	0.50058	0.05215	0.29522	0.01405	0.00749	0.00205	0.00307	0.01214	0.00660	0.00577
16	0.00750	0.00643	0.00643	0.00643	0.00857	0.00536	0.00482	0.00910	0.01446	0.01714	0.06427	0.06105	0.73490	0.01607	0.00750	0.00214	0.00321	0.01339	0.00589	0.00536
17	0.01359	0.01273	0.02030	0.47150	0.12631	0.01521	0.04482	0.04730	0.07116	0.01869	0.01246	0.01693	0.00968	0.00694	0.00787	0.00215	0.08535	0.00583	0.00331	0.00788
18	0.01475	0.01668	0.03607	0.08112	0.03393	0.01590	0.66289	0.02002	0.01480	0.02002	0.01272	0.01710	0.00954	0.00542	0.00740	0.00214	0.01053	0.00735	0.00318	0.00844
19	0.00898	0.00648	0.00848	0.00798	0.00948	0.00599	0.00599	0.01197	0.01796	0.02544	0.73413	0.04739	0.05986	0.01297	0.00748	0.00200	0.00299	0.01147	0.00698	0.00599
20	0.02370	0.03023	0.01798	0.01634	0.01961	0.75158	0.01226	0.02533	0.01798	0.01553	0.00981	0.01144	0.00817	0.00654	0.00572	0.00163	0.01144	0.00409	0.00327	0.00735
21	0.01402	0.05149	0.59371	0.01787	0.02637	0.01490	0.07273	0.02137	0.05087	0.05912	0.01290	0.01455	0.00916	0.00619	0.00612	0.00200	0.00896	0.00508	0.00319	0.00939
22	0.01481	0.01827	0.08972	0.02610	0.03273	0.01595	0.66332	0.02030	0.01486	0.02030	0.01273	0.01684	0.00951	0.00540	0.00738	0.00213	0.01060	0.00728	0.00317	0.00862
23	0.00923	0.00615	0.00692	0.00692	0.00692	0.00615	0.00384	0.00923	0.00923	0.01230	0.01999	0.04151	0.02306	0.77705	0.03229	0.00615	0.00615	0.00923	0.00384	0.00384
24	0.01398	0.01343	0.02220	0.31925	0.30567	0.01532	0.04651	0.01841	0.04968	0.01853	0.01196	0.01641	0.00966	0.00676	0.00822	0.00211	0.10455	0.00579	0.00314	0.00841
25	0.02140	0.28584	0.02318	0.01447	0.01848	0.50420	0.01178	0.02317	0.01625	0.01532	0.00947	0.01101	0.00816	0.00616	0.00516	0.00154	0.00985	0.00385	0.00308	0.00762
26	0.01428	0.01124	0.01327	0.00954	0.01512	0.00852	0.00765	0.01708	0.01352	0.07384	0.01229	0.01378	0.00986	0.00493	0.00482	0.00102	0.00475	0.00395	0.00406	0.75649
27	0.01644	0.46678	0.22540	0.01405	0.02036	0.09884	0.04290	0.02002	0.01365	0.01661	0.00978	0.01147	0.00818	0.00571	0.00492	0.00160	0.00814	0.00398	0.00278	0.00841
28	0.01497	0.01711	0.03743	0.02674	0.03316	0.01604	0.71444	0.02032	0.01497	0.02032	0.01283	0.01711	0.00963	0.00535	0.00749	0.00214	0.01070	0.00749	0.00321	0.00856
29	0.01648	0.01347	0.01437	0.01282	0.01648	0.01542	0.01000	0.03356	0.68711	0.06585	0.02578	0.02355	0.01916	0.00857	0.00645	0.00214	0.00504	0.00713	0.00653	0.01008
30	0.01604	0.01376	0.01449	0.01296	0.01659	0.01590	0.01010	0.05483	0.70448	0.02695	0.02549	0.02341	0.01910	0.00858	0.00645	0.00214	0.00508	0.00713	0.00645	0.01006
31	0.00923	0.00615	0.00692	0.00692	0.00692	0.00615	0.00384	0.00923	0.00923	0.01230	0.01999	0.04151	0.02306	0.77705	0.03229	0.00615	0.00615	0.00923	0.00384	0.00384
32	0.00869	0.00647	0.00807	0.00767	0.00930	0.00586	0.00575	0.01140	0.01726	0.02380	0.60146	0.05009	0.19356	0.01358	0.00749	0.00202	0.00304	0.01185	0.00677	0.00586
33	0.01183	0.00591	0.00591	0.00591	0.00739	0.00591	0.00443	0.01478	0.01330	0.02365	0.02069	0.02365	0.01626	0.00739	0.00443	0.00148	0.00296	0.00591	0.81227	0.00591
34	0.00898	0.00648	0.00848	0.00798	0.00948	0.00599	0.00599	0.01197	0.01796	0.02544	0.73413	0.04739	0.05986	0.01297	0.00748	0.00200	0.00299	0.01147	0.00698	0.00599
35	0.01183	0.00591	0.00591	0.00591	0.00739	0.00591	0.00443	0.01478	0.01330	0.02365	0.02069	0.02365	0.01626	0.00739	0.00443	0.00148	0.00296	0.00591	0.81227	0.00591
36	0.00750	0.00643	0.00643	0.00643	0.00857	0.00536	0.00482	0.00910	0.01446	0.01714	0.06427	0.06105	0.73490	0.01607	0.00750	0.00214	0.00321	0.01339	0.00589	0.00536
37	0.02846	0.01080	0.01472	0.01129	0.01619	0.00932	0.00932	0.03092	0.01816	0.74187	0.02503	0.02159	0.01570	0.00785	0.00638	0.00196	0.00540	0.00638	0.00785	0.01080
38	0.01272	0.03281	0.74418	0.01808	0.02746	0.01473	0.02344	0.02009	0.01339	0.02009	0.01138	0.01339	0.00804	0.00603	0.00603	0.00201	0.00938	0.00469	0.00268	0.00938
39	0.00923	0.00615	0.00692	0.00692	0.00692	0.00615	0.00384	0.00923	0.00923	0.01230	0.01999	0.04151	0.02306	0.77705	0.03229	0.00615	0.00615	0.00923	0.00384	0.00384
40	0.00792	0.00560	0.00730	0.00859	0.00891	0.00528	0.00563	0.00888	0.01177	0.01570	0.03305	0.67925	0.03954	0.11683	0.01119	0.00303	0.00400	0.01691	0.00563	0.00499
41	0.02412	0.01777	0.01904	0.01460	0.01967	0.01967	0.01206	0.71633	0.02983	0.03998	0.01523	0.01523	0.01079	0.00762	0.00635	0.00190	0.00698	0.00571	0.00635	0.01079
42	0.00772	0.00557	0.00731	0.00871	0.00917	0.00516	0.00583	0.00885	0.01226	0.01624	0.03647	0.73639	0.07751	0.01968	0.00807	0.00255	0.00366	0.01780	0.00589	0.00516
43	0.00906	0.00680	0.01020	0.01020	0.01133	0.00793	0.00793	0.01133	0.01020	0.01473	0.01699	0.02492	0.01586	0.04758	0.75191	0.01020	0.01699	0.00680	0.00340	0.00566
44	0.01272	0.03281	0.74418	0.01808	0.02746	0.01473	0.02344	0.02009	0.01339	0.02009	0.01138	0.01339	0.00804	0.00603	0.00603	0.00201	0.00938	0.00469	0.00268	0.00938
