[name]
unknown

[dist]
# distance from previous block
# <min> <max>
0	38

[block]
# block no. 0 follows, 34 sequences, length 62
# corresponding to MSA columns:
# 45-106
name=unknown_A
#
# <colnr> <probs for GDERKNQSTAVLIFYWHMCP>
#	G	D	E	R	K	N	Q	S	T	A	V	L	I	F	Y	W	H	M	C	P
0	0.03355	0.03708	0.01533	0.05079	0.06355	0.03215	0.06396	0.07261	0.05681	0.04181	0.02529	0.15323	0.09188	0.01361	0.03139	0.06494	0.00641	0.08666	0.00488	0.05408
1	0.03725	0.04200	0.09604	0.01795	0.13456	0.01419	0.05769	0.12605	0.06291	0.04572	0.13580	0.04384	0.03894	0.02602	0.02998	0.00241	0.06784	0.00740	0.00483	0.00858
2	0.01143	0.00834	0.01073	0.01092	0.03600	0.00870	0.00788	0.04538	0.04696	0.05371	0.12253	0.18491	0.10726	0.11745	0.08554	0.00369	0.05705	0.06969	0.00545	0.00638
3	0.03513	0.00826	0.01085	0.01004	0.01189	0.00825	0.04337	0.03431	0.06950	0.03975	0.14414	0.19001	0.09227	0.12466	0.09965	0.02790	0.00631	0.01087	0.00535	0.02749
4	0.06692	0.00787	0.00966	0.00957	0.01107	0.00781	0.02741	0.05885	0.03209	0.03850	0.06917	0.40958	0.09120	0.11656	0.01091	0.00291	0.00461	0.01362	0.00566	0.00603
5	0.03610	0.00833	0.01013	0.00966	0.01151	0.00846	0.00722	0.04698	0.05740	0.10270	0.08992	0.22995	0.13967	0.09503	0.06420	0.00331	0.03834	0.02868	0.00578	0.00664
6	0.02862	0.00717	0.00852	0.00851	0.00996	0.00683	0.00604	0.04892	0.01463	0.06022	0.14988	0.30232	0.15501	0.12598	0.01123	0.00286	0.00420	0.01311	0.03007	0.00592
7	0.03702	0.00900	0.01025	0.00945	0.01171	0.00912	0.00709	0.09956	0.09012	0.08646	0.12918	0.18808	0.10407	0.07691	0.00908	0.00247	0.00447	0.01059	0.09823	0.00714
8	0.03047	0.00700	0.00808	0.00804	0.00944	0.00673	0.00572	0.04667	0.01492	0.02077	0.21847	0.21205	0.17172	0.12921	0.01117	0.00279	0.00399	0.01226	0.07479	0.00571
9	0.01126	0.00715	0.00864	0.00860	0.01013	0.00674	0.00612	0.03397	0.03420	0.09105	0.11788	0.30692	0.15453	0.11785	0.01093	0.00282	0.00420	0.01303	0.04784	0.00613
10	0.04561	0.00782	0.00958	0.00930	0.01110	0.00755	0.00672	0.03622	0.04588	0.14995	0.09003	0.34804	0.05294	0.10653	0.01040	0.00278	0.00448	0.01248	0.03587	0.00671
11	0.19102	0.01032	0.01075	0.00954	0.01244	0.03111	0.00733	0.05844	0.05081	0.15939	0.13665	0.09635	0.09608	0.09117	0.00917	0.00253	0.00495	0.00869	0.00588	0.00738
12	0.04171	0.00845	0.00994	0.00950	0.01144	0.00842	0.00696	0.07067	0.06743	0.11156	0.06795	0.27423	0.08294	0.13297	0.01126	0.00291	0.00474	0.03189	0.03826	0.00677
13	0.05090	0.00805	0.00938	0.00893	0.01093	0.00789	0.00667	0.06184	0.05104	0.06134	0.22372	0.19358	0.18661	0.03668	0.02888	0.02467	0.00441	0.01183	0.00616	0.00648
14	0.06399	0.01499	0.05707	0.06318	0.02161	0.05143	0.17343	0.12881	0.03839	0.04317	0.08126	0.04675	0.01679	0.02689	0.02662	0.00226	0.00755	0.00695	0.04785	0.08102
15	0.01874	0.01302	0.03241	0.01328	0.03765	0.03462	0.03581	0.13160	0.15002	0.19587	0.10572	0.06400	0.04230	0.03226	0.00800	0.00220	0.03181	0.00792	0.03371	0.00905
16	0.01534	0.04644	0.01260	0.00990	0.01293	0.01015	0.00790	0.13555	0.03898	0.14028	0.35750	0.03773	0.12567	0.01135	0.00705	0.00200	0.00440	0.00958	0.00678	0.00785
17	0.01606	0.04119	0.01498	0.01271	0.01549	0.10007	0.00996	0.17215	0.15617	0.02367	0.02408	0.15876	0.07819	0.01400	0.06144	0.00277	0.07607	0.00884	0.00531	0.00809
18	0.08072	0.01320	0.01617	0.01349	0.05144	0.01298	0.01048	0.19673	0.05194	0.42953	0.02088	0.01916	0.01384	0.00763	0.00626	0.00196	0.00593	0.00604	0.00693	0.03470
19	0.00787	0.00562	0.00750	0.00900	0.00937	0.00525	0.00600	0.00900	0.01237	0.01649	0.03561	0.76871	0.04274	0.02024	0.00825	0.00262	0.00375	0.01837	0.00600	0.00525
20	0.01558	0.01494	0.02549	0.11682	0.65865	0.01524	0.01963	0.01947	0.01452	0.02061	0.01208	0.01612	0.01006	0.00583	0.00640	0.00194	0.00778	0.00576	0.00316	0.00991
21	0.01417	0.02490	0.39834	0.07045	0.14518	0.05453	0.04029	0.01975	0.01404	0.02015	0.01162	0.01424	0.00883	0.00590	0.00602	0.00185	0.00859	0.00491	0.00304	0.13319
22	0.45566	0.10103	0.26366	0.01219	0.01826	0.01585	0.01325	0.01954	0.01213	0.02458	0.00989	0.01157	0.00754	0.00600	0.00475	0.00195	0.00677	0.00393	0.00343	0.00801
23	0.01576	0.51587	0.28153	0.01364	0.02058	0.02186	0.01555	0.01974	0.01331	0.01705	0.00990	0.01152	0.00825	0.00574	0.00485	0.00162	0.00784	0.00392	0.00275	0.00873
24	0.01204	0.00602	0.00602	0.00602	0.00753	0.00602	0.00452	0.01506	0.01355	0.02409	0.02108	0.02409	0.01656	0.00753	0.00452	0.00151	0.00301	0.00602	0.80879	0.00602
25	0.01296	0.03342	0.73944	0.01842	0.02797	0.01501	0.02387	0.02046	0.01364	0.02046	0.01160	0.01364	0.00818	0.00614	0.00614	0.00205	0.00955	0.00477	0.00273	0.00955
26	0.00914	0.00660	0.00864	0.00813	0.00965	0.00610	0.00610	0.01219	0.01829	0.02591	0.72921	0.04827	0.06097	0.01321	0.00762	0.00203	0.00305	0.01169	0.00711	0.00610
27	0.01204	0.00602	0.00602	0.00602	0.00753	0.00602	0.00452	0.01506	0.01355	0.02409	0.02108	0.02409	0.01656	0.00753	0.00452	0.00151	0.00301	0.00602	0.80879	0.00602
28	0.00875	0.00674	0.00770	0.00745	0.00909	0.00614	0.00540	0.01120	0.03615	0.02041	0.32436	0.05257	0.33734	0.12519	0.01128	0.00272	0.00367	0.01205	0.00616	0.00563
29	0.01951	0.01466	0.02092	0.02627	0.37761	0.03372	0.01505	0.09059	0.11459	0.17124	0.03850	0.01915	0.01426	0.00707	0.00647	0.00197	0.00679	0.00626	0.00509	0.01027
30	0.01325	0.01091	0.01217	0.01110	0.01389	0.01200	0.00854	0.02531	0.43444	0.02657	0.31291	0.03396	0.03654	0.01058	0.00700	0.00213	0.00427	0.00909	0.00679	0.00854
31	0.00852	0.00631	0.00796	0.00812	0.00942	0.00574	0.00587	0.01078	0.01598	0.02177	0.41711	0.25979	0.16724	0.01578	0.00781	0.00223	0.00329	0.01395	0.00660	0.00574
32	0.01587	0.17126	0.34713	0.09925	0.07904	0.14400	0.01849	0.02070	0.01436	0.01827	0.01085	0.01324	0.00843	0.00612	0.00576	0.00186	0.00917	0.00460	0.00289	0.00874
33	0.01488	0.01416	0.02381	0.24999	0.50537	0.01508	0.01894	0.01935	0.03857	0.01996	0.01245	0.01664	0.01009	0.00607	0.00642	0.00200	0.00786	0.00581	0.00322	0.00933
34	0.00940	0.00626	0.00705	0.00705	0.00705	0.00626	0.00392	0.00940	0.00940	0.01253	0.02036	0.04228	0.02349	0.77292	0.03289	0.00626	0.00626	0.00940	0.00392	0.00392
35	0.02473	0.01428	0.04140	0.01270	0.01745	0.04537	0.01072	0.22663	0.02163	0.39655	0.07651	0.02315	0.01815	0.00855	0.00662	0.00200	0.00621	0.03011	0.00702	0.01023
36	0.04218	0.10508	0.19688	0.01764	0.08105	0.11669	0.07277	0.06826	0.01667	0.19951	0.01490	0.01563	0.01062	0.00662	0.00607	0.00190	0.00821	0.00533	0.00449	0.00950
37	0.04617	0.01528	0.01713	0.04733	0.01961	0.01729	0.03701	0.26120	0.40558	0.03102	0.02091	0.02018	0.01547	0.00810	0.00648	0.00210	0.00615	0.00661	0.00616	0.01018
38	0.00787	0.00562	0.00750	0.00900	0.00937	0.00525	0.00600	0.00900	0.01237	0.01649	0.03561	0.76871	0.04274	0.02024	0.00825	0.00262	0.00375	0.01837	0.00600	0.00525
39	0.02020	0.12415	0.01951	0.01353	0.01825	0.07532	0.01116	0.31461	0.21375	0.02972	0.01675	0.01664	0.01266	0.00737	0.00597	0.00182	0.00669	0.00559	0.00550	0.08082
40	0.03583	0.59904	0.08782	0.01210	0.01778	0.05960	0.01210	0.06106	0.01454	0.03545	0.01004	0.01129	0.00861	0.00584	0.00458	0.00151	0.00729	0.00381	0.00317	0.00855
41	0.01943	0.34628	0.15657	0.01469	0.04622	0.04136	0.03749	0.10218	0.01643	0.14275	0.01332	0.01403	0.01002	0.00636	0.00543	0.00173	0.00748	0.00474	0.00413	0.00936
42	0.01218	0.00921	0.01054	0.00962	0.01212	0.00938	0.00738	0.05169	0.20271	0.05361	0.33443	0.06157	0.17507	0.01237	0.00727	0.00211	0.00395	0.01060	0.00673	0.00747
43	0.01571	0.01506	0.02572	0.09323	0.68126	0.01528	0.01969	0.01958	0.01458	0.02077	0.01210	0.01608	0.01011	0.00581	0.00640	0.00194	0.00775	0.00576	0.00317	0.01001
44	0.01796	0.04227	0.02451	0.06154	0.50671	0.03822	0.01762	0.16806	0.01805	0.02477	0.01267	0.01562	0.01021	0.00623	0.00632	0.00191	0.00768	0.00564	0.00387	0.01013
45	0.01773	0.68471	0.05745	0.01181	0.01729	0.08882	0.01164	0.01996	0.01360	0.01544	0.00916	0.01059	0.00829	0.00565	0.00436	0.00143	0.00742	0.00356	0.00281	0.00827
46	0.01375	0.01207	0.01509	0.01246	0.01618	0.01251	0.04059	0.02155	0.24516	0.02142	0.01706	0.01914	0.01388	0.01398	0.12896	0.00316	0.08765	0.00584	0.00454	0.29500
47	0.01675	0.01556	0.02503	0.03668	0.65127	0.03629	0.01877	0.02112	0.04651	0.05000	0.01326	0.01647	0.01083	0.00601	0.00639	0.00193	0.00759	0.00581	0.00355	0.01019
48	0.01340	0.01248	0.01889	0.08041	0.35431	0.04696	0.03438	0.03166	0.01429	0.01931	0.02041	0.28254	0.02154	0.01102	0.00707	0.00218	0.00663	0.01020	0.00425	0.00808
49	0.00764	0.00655	0.00655	0.00655	0.00873	0.00545	0.00491	0.00927	0.01473	0.01745	0.06546	0.06218	0.73000	0.01636	0.00764	0.00218	0.00327	0.01364	0.00600	0.00545
50	0.01296	0.03342	0.73944	0.01842	0.02797	0.01501	0.02387	0.02046	0.01364	0.02046	0.01160	0.01364	0.00818	0.00614	0.00614	0.00205	0.00955	0.00477	0.00273	0.00955
51	0.02004	0.09981	0.12035	0.01588	0.06786	0.07176	0.04637	0.08743	0.12656	0.20792	0.03788	0.03901	0.01488	0.00767	0.00628	0.00196	0.00707	0.00628	0.00534	0.00966
52	0.01658	0.02594	0.47110	0.02014	0.11053	0.01406	0.06157	0.02255	0.01481	0.15997	0.01445	0.01577	0.01005	0.00641	0.00633	0.00203	0.00862	0.00540	0.00384	0.00986
53	0.00940	0.00626	0.00705	0.00705	0.00705	0.00626	0.00392	0.00940	0.00940	0.01253	0.02036	0.04228	0.02349	0.77292	0.03289	0.00626	0.00626	0.00940	0.00392	0.00392
54	0.01504	0.01438	0.02450	0.22040	0.55933	0.01510	0.01936	0.01899	0.01426	0.01995	0.01199	0.01630	0.00983	0.00593	0.00641	0.00198	0.00791	0.00575	0.00312	0.00946
55	0.03717	0.06109	0.15162	0.03018	0.46318	0.01549	0.01849	0.03825	0.03521	0.04614	0.01342	0.03723	0.01110	0.00645	0.00622	0.00194	0.00762	0.00583	0.00354	0.00982
56	0.00952	0.00658	0.00781	0.00772	0.00785	0.00688	0.00469	0.00982	0.00952	0.01289	0.01966	0.03956	0.02222	0.67017	0.11060	0.00661	0.03085	0.00901	0.00383	0.00422
57	0.01204	0.00602	0.00602	0.00602	0.00753	0.00602	0.00452	0.01506	0.01355	0.02409	0.02108	0.02409	0.01656	0.00753	0.00452	0.00151	0.00301	0.00602	0.80879	0.00602
58	0.01662	0.01514	0.02569	0.03831	0.69824	0.01507	0.01933	0.02039	0.01489	0.05548	0.01279	0.01628	0.01051	0.00586	0.00640	0.00192	0.00757	0.00579	0.00343	0.01027
59	0.23507	0.03897	0.03474	0.01382	0.05953	0.10267	0.01051	0.04644	0.28667	0.04617	0.01683	0.01691	0.01283	0.00717	0.00560	0.00196	0.00625	0.00539	0.00497	0.04750
60	0.01727	0.01424	0.01859	0.01511	0.01922	0.01533	0.12239	0.19704	0.30862	0.04891	0.06889	0.08552	0.02053	0.00923	0.00692	0.00215	0.00630	0.00819	0.00604	0.00950
61	0.01703	0.01529	0.02507	0.05827	0.62922	0.01547	0.01880	0.07466	0.01603	0.04901	0.01289	0.01621	0.01046	0.00602	0.00641	0.00193	0.00758	0.00579	0.00362	0.01023

[dist]
# distance from previous block
# <min> <max>
0	7

[block]
# block no. 1 follows, 34 sequences, length 106
# corresponding to MSA columns:
# 114-219
name=unknown_B
#
# <colnr> <probs for GDERKNQSTAVLIFYWHMCP>
#	G	D	E	R	K	N	Q	S	T	A	V	L	I	F	Y	W	H	M	C	P
0	0.14439	0.02067	0.01580	0.01380	0.01739	0.31179	0.01069	0.23058	0.02004	0.02550	0.01502	0.11634	0.01364	0.00875	0.00607	0.00193	0.00817	0.00651	0.00475	0.00817
1	0.01599	0.01535	0.02623	0.03966	0.73262	0.01535	0.01983	0.01983	0.01471	0.02111	0.01215	0.01599	0.01023	0.00576	0.00640	0.00192	0.00768	0.00576	0.00320	0.01023
2	0.01316	0.06736	0.70723	0.01808	0.02745	0.01549	0.02329	0.02041	0.01362	0.02022	0.01148	0.01349	0.00819	0.00611	0.00605	0.00202	0.00943	0.00471	0.00273	0.00949
3	0.02213	0.02763	0.02090	0.01799	0.02142	0.59071	0.09915	0.02424	0.01717	0.01640	0.01023	0.01259	0.00852	0.00693	0.00744	0.00183	0.07910	0.00473	0.00328	0.00760
4	0.01272	0.01201	0.02032	0.65909	0.13875	0.01449	0.01820	0.01696	0.01317	0.01714	0.01158	0.01706	0.00884	0.00636	0.00645	0.00212	0.00848	0.00574	0.00292	0.00760
5	0.00925	0.00620	0.00709	0.00724	0.00727	0.00617	0.00412	0.00936	0.00968	0.01291	0.02183	0.11255	0.02535	0.70011	0.03050	0.00591	0.00602	0.01026	0.00412	0.00404
6	0.01204	0.00602	0.00602	0.00602	0.00753	0.00602	0.00452	0.01506	0.01355	0.02409	0.02108	0.02409	0.01656	0.00753	0.00452	0.00151	0.00301	0.00602	0.80879	0.00602
7	0.00924	0.00690	0.01027	0.01027	0.01139	0.00802	0.00794	0.01147	0.01035	0.01492	0.01741	0.02594	0.01639	0.07225	0.72385	0.01025	0.01694	0.00700	0.00348	0.00571
8	0.00923	0.00692	0.01038	0.01038	0.01154	0.00808	0.00808	0.01154	0.01038	0.01500	0.01731	0.02538	0.01615	0.04846	0.74732	0.01038	0.01731	0.00692	0.00346	0.00577
9	0.00797	0.00573	0.00759	0.00904	0.00952	0.00535	0.00615	0.00919	0.01255	0.01664	0.03653	0.71663	0.06506	0.02002	0.00826	0.00262	0.00382	0.04606	0.00600	0.00528
10	0.81856	0.01250	0.00950	0.00850	0.01250	0.01449	0.00700	0.01899	0.01100	0.02899	0.00900	0.01050	0.00700	0.00600	0.00400	0.00200	0.00500	0.00350	0.00400	0.00700
11	0.81856	0.01250	0.00950	0.00850	0.01250	0.01449	0.00700	0.01899	0.01100	0.02899	0.00900	0.01050	0.00700	0.00600	0.00400	0.00200	0.00500	0.00350	0.00400	0.00700
12	0.00796	0.00569	0.00757	0.00894	0.00939	0.00530	0.00600	0.00921	0.01276	0.01712	0.08182	0.72071	0.04395	0.01977	0.00821	0.00258	0.00370	0.01792	0.00607	0.00530
13	0.01310	0.05711	0.71696	0.01818	0.02760	0.01534	0.02346	0.02043	0.01363	0.02029	0.01151	0.01354	0.00819	0.00612	0.00608	0.00203	0.00947	0.00473	0.00273	0.00951
14	0.01323	0.07966	0.69556	0.01796	0.02726	0.01566	0.02308	0.02039	0.01361	0.02014	0.01143	0.01344	0.00819	0.00610	0.00601	0.00200	0.00938	0.00469	0.00273	0.00947
15	0.02456	0.01810	0.01939	0.01487	0.02004	0.02004	0.01228	0.71107	0.03038	0.04072	0.01551	0.01551	0.01099	0.00776	0.00646	0.00194	0.00711	0.00582	0.00646	0.01099
16	0.02899	0.01100	0.01499	0.01150	0.01649	0.00950	0.00950	0.03149	0.01849	0.73709	0.02549	0.02199	0.01599	0.00800	0.00650	0.00200	0.00550	0.00650	0.00800	0.01100
17	0.01607	0.01388	0.01461	0.01315	0.01680	0.01607	0.01023	0.03433	0.72094	0.02703	0.02630	0.02411	0.01972	0.00877	0.00657	0.00219	0.00511	0.00731	0.00657	0.01023
18	0.70981	0.01326	0.01085	0.00937	0.01353	0.01525	0.00772	0.11379	0.01365	0.03060	0.00989	0.01118	0.00754	0.00624	0.00434	0.00199	0.00529	0.00382	0.00434	0.00754
19	0.00764	0.00655	0.00655	0.00655	0.00873	0.00545	0.00491	0.00927	0.01473	0.01745	0.06546	0.06218	0.73000	0.01636	0.00764	0.00218	0.00327	0.01364	0.00600	0.00545
20	0.00787	0.00562	0.00750	0.00900	0.00937	0.00525	0.00600	0.00900	0.01237	0.01649	0.03561	0.76871	0.04274	0.02024	0.00825	0.00262	0.00375	0.01837	0.00600	0.00525
21	0.48717	0.01579	0.01344	0.11311	0.01897	0.12338	0.01000	0.10997	0.01487	0.02687	0.01033	0.01224	0.00794	0.00639	0.00493	0.00196	0.00675	0.00421	0.00407	0.00762
22	0.01355	0.13524	0.64280	0.01741	0.02641	0.01645	0.02212	0.02031	0.01357	0.01974	0.01124	0.01319	0.00820	0.00606	0.00587	0.00196	0.00919	0.00459	0.00273	0.00938
23	0.00843	0.00606	0.00811	0.00956	0.01024	0.00574	0.00694	0.00998	0.01301	0.01716	0.03632	0.59005	0.06489	0.01958	0.00838	0.00269	0.00422	0.16725	0.00599	0.00541
24	0.02456	0.01810	0.01939	0.01487	0.02004	0.02004	0.01228	0.71107	0.03038	0.04072	0.01551	0.01551	0.01099	0.00776	0.00646	0.00194	0.00711	0.00582	0.00646	0.01099
25	0.01559	0.01494	0.02549	0.11646	0.65899	0.01525	0.01963	0.01947	0.01452	0.02062	0.01208	0.01612	0.01006	0.00583	0.00640	0.00194	0.00778	0.00576	0.00316	0.00991
26	0.01340	0.01148	0.01340	0.00957	0.01531	0.00861	0.00766	0.01627	0.01340	0.02105	0.01148	0.01340	0.00957	0.00479	0.00479	0.00096	0.00479	0.00383	0.00383	0.81242
27	0.00820	0.00598	0.00775	0.00878	0.00959	0.00553	0.00617	0.00979	0.01369	0.01824	0.14694	0.54155	0.11594	0.01860	0.00813	0.00251	0.00372	0.05728	0.00617	0.00544
28	0.02456	0.01810	0.01939	0.01487	0.02004	0.02004	0.01228	0.71107	0.03038	0.04072	0.01551	0.01551	0.01099	0.00776	0.00646	0.00194	0.00711	0.00582	0.00646	0.01099
29	0.01070	0.00595	0.00893	0.00893	0.00923	0.00626	0.00626	0.00923	0.00893	0.01221	0.01282	0.02114	0.01251	0.02925	0.21417	0.60228	0.00867	0.00595	0.00298	0.00358
30	0.04771	0.01793	0.01888	0.01477	0.01936	0.05276	0.01215	0.57166	0.02679	0.03626	0.01428	0.01499	0.01047	0.00788	0.00766	0.00198	0.07642	0.00559	0.00582	0.03665
31	0.01017	0.00742	0.01051	0.01248	0.04151	0.00735	0.00997	0.01283	0.01441	0.01888	0.03358	0.19920	0.03713	0.01781	0.00870	0.00287	0.00561	0.53773	0.00585	0.00599
32	0.01340	0.01148	0.01340	0.00957	0.01531	0.00861	0.00766	0.01627	0.01340	0.02105	0.01148	0.01340	0.00957	0.00479	0.00479	0.00096	0.00479	0.00383	0.00383	0.81242
33	0.02454	0.01142	0.01445	0.01125	0.01590	0.01040	0.00920	0.12344	0.01950	0.49621	0.05908	0.02541	0.08205	0.00877	0.00654	0.00194	0.00537	0.00712	0.00730	0.06009
34	0.01653	0.51820	0.15703	0.01278	0.01846	0.09272	0.01315	0.01947	0.01367	0.01629	0.01136	0.06273	0.01062	0.00675	0.00495	0.00161	0.00763	0.00478	0.00303	0.00823
35	0.01599	0.01535	0.02623	0.03966	0.73262	0.01535	0.01983	0.01983	0.01471	0.02111	0.01215	0.01599	0.01023	0.00576	0.00640	0.00192	0.00768	0.00576	0.00320	0.01023
36	0.00798	0.00643	0.00711	0.00721	0.00901	0.00556	0.00530	0.00983	0.01514	0.01906	0.19771	0.15610	0.49843	0.01625	0.00772	0.00221	0.00329	0.01388	0.00623	0.00556
37	0.01204	0.00602	0.00602	0.00602	0.00753	0.00602	0.00452	0.01506	0.01355	0.02409	0.02108	0.02409	0.01656	0.00753	0.00452	0.00151	0.00301	0.00602	0.80879	0.00602
38	0.01296	0.03342	0.73944	0.01842	0.02797	0.01501	0.02387	0.02046	0.01364	0.02046	0.01160	0.01364	0.00818	0.00614	0.00614	0.00205	0.00955	0.00477	0.00273	0.00955
39	0.01507	0.01526	0.05340	0.19047	0.55893	0.01513	0.01959	0.01915	0.01429	0.02011	0.01199	0.01616	0.00981	0.00592	0.00640	0.00197	0.00795	0.00571	0.00311	0.00956
40	0.00787	0.00562	0.00750	0.00900	0.00937	0.00525	0.00600	0.00900	0.01237	0.01649	0.03561	0.76871	0.04274	0.02024	0.00825	0.00262	0.00375	0.01837	0.00600	0.00525
41	0.01723	0.01521	0.02470	0.03542	0.61695	0.01531	0.01843	0.08323	0.01632	0.05564	0.01362	0.01764	0.01124	0.00634	0.00647	0.00195	0.00748	0.02280	0.00378	0.01023
42	0.01757	0.01508	0.02489	0.03596	0.63469	0.01503	0.01854	0.05245	0.01577	0.08739	0.01353	0.01652	0.01080	0.00605	0.00641	0.00193	0.00745	0.00583	0.00379	0.01034
43	0.01569	0.01496	0.02548	0.06072	0.68704	0.01505	0.01945	0.01951	0.01466	0.02091	0.01288	0.01797	0.01110	0.00619	0.00648	0.00196	0.00765	0.02901	0.00328	0.01000
44	0.01609	0.67131	0.03031	0.01058	0.01559	0.02287	0.01032	0.01823	0.01367	0.01628	0.07742	0.01619	0.04596	0.00672	0.00462	0.00148	0.00639	0.00467	0.00331	0.00796
45	0.13531	0.01394	0.01549	0.01228	0.01695	0.08191	0.02789	0.10448	0.01869	0.45639	0.03836	0.01926	0.01446	0.00764	0.00615	0.00197	0.00628	0.00595	0.00669	0.00993
46	0.12528	0.01675	0.03420	0.02467	0.03086	0.01609	0.61298	0.02046	0.01467	0.02183	0.01251	0.01648	0.00942	0.00552	0.00713	0.00215	0.01009	0.00706	0.00337	0.00848
47	0.00775	0.00655	0.00671	0.00667	0.00880	0.00550	0.00500	0.00950	0.01500	0.01811	0.11683	0.06111	0.67822	0.01612	0.00764	0.00217	0.00326	0.01349	0.00609	0.00550
48	0.01204	0.00602	0.00602	0.00602	0.00753	0.00602	0.00452	0.01506	0.01355	0.02409	0.02108	0.02409	0.01656	0.00753	0.00452	0.00151	0.00301	0.00602	0.80879	0.00602
49	0.01813	0.50259	0.13751	0.01225	0.01814	0.02079	0.01264	0.04361	0.01472	0.11615	0.04076	0.01415	0.01153	0.00634	0.00499	0.00161	0.00697	0.00448	0.00377	0.00885
50	0.00787	0.00562	0.00750	0.00900	0.00937	0.00525	0.00600	0.00900	0.01237	0.01649	0.03561	0.76871	0.04274	0.02024	0.00825	0.00262	0.00375	0.01837	0.00600	0.00525
51	0.01220	0.01148	0.01938	0.75739	0.04450	0.01436	0.01794	0.01651	0.01292	0.01651	0.01148	0.01723	0.00861	0.00646	0.00646	0.00215	0.00861	0.00574	0.00287	0.00718
52	0.00929	0.00667	0.00913	0.00913	0.00984	0.00739	0.00651	0.01073	0.01001	0.01407	0.01846	0.03176	0.01892	0.32176	0.47781	0.00883	0.01314	0.00786	0.00363	0.00507
53	0.01523	0.42419	0.36855	0.01455	0.02198	0.02056	0.01714	0.01988	0.01337	0.01770	0.01022	0.01192	0.00824	0.00582	0.00509	0.00170	0.00816	0.00408	0.00275	0.00889
54	0.01481	0.01388	0.02332	0.06767	0.59447	0.01394	0.01771	0.01855	0.01516	0.02161	0.11807	0.02082	0.01766	0.00689	0.00658	0.00195	0.00703	0.00663	0.00376	0.00948
55	0.01503	0.01947	0.15795	0.02240	0.02881	0.01604	0.42530	0.02381	0.17799	0.02212	0.01586	0.01830	0.01181	0.00634	0.00712	0.00216	0.00932	0.00704	0.00394	0.00921
56	0.00764	0.00655	0.00655	0.00655	0.00873	0.00545	0.00491	0.00927	0.01473	0.01745	0.06546	0.06218	0.73000	0.01636	0.00764	0.00218	0.00327	0.01364	0.00600	0.00545
57	0.01727	0.77681	0.03386	0.01106	0.01658	0.02557	0.01106	0.01935	0.01313	0.01520	0.00898	0.01036	0.00829	0.00553	0.00415	0.00138	0.00691	0.00345	0.00276	0.00829
58	0.00827	0.00580	0.00761	0.00866	0.00926	0.00538	0.00588	0.00929	0.01281	0.01705	0.10493	0.57324	0.09862	0.01942	0.00962	0.07319	0.00380	0.01620	0.00583	0.00514
59	0.04485	0.09775	0.02252	0.03996	0.27265	0.31010	0.01488	0.08556	0.01728	0.02034	0.01116	0.01350	0.00921	0.00630	0.00588	0.00177	0.00908	0.00482	0.00352	0.00884
60	0.01873	0.01555	0.01568	0.01358	0.01754	0.06456	0.01068	0.14758	0.52035	0.06700	0.02336	0.02172	0.01730	0.00842	0.00650	0.00210	0.00590	0.00680	0.00642	0.01022
61	0.00914	0.00660	0.00864	0.00813	0.00965	0.00610	0.00610	0.01219	0.01829	0.02591	0.72921	0.04827	0.06097	0.01321	0.00762	0.00203	0.00305	0.01169	0.00711	0.00610
62	0.01781	0.67770	0.05633	0.01186	0.01731	0.09658	0.01163	0.02002	0.01366	0.01544	0.00917	0.01060	0.00829	0.00566	0.00438	0.00143	0.00747	0.00357	0.00282	0.00826
63	0.00787	0.00562	0.00750	0.00900	0.00937	0.00525	0.00600	0.00900	0.01237	0.01649	0.03561	0.76871	0.04274	0.02024	0.00825	0.00262	0.00375	0.01837	0.00600	0.00525
64	0.01655	0.01641	0.02569	0.03809	0.68388	0.06538	0.01933	0.02024	0.01496	0.02075	0.01201	0.01570	0.01010	0.00582	0.00636	0.00190	0.00795	0.00565	0.00321	0.01005
65	0.01599	0.01535	0.02623	0.03966	0.73262	0.01535	0.01983	0.01983	0.01471	0.02111	0.01215	0.01599	0.01023	0.00576	0.00640	0.00192	0.00768	0.00576	0.00320	0.01023
66	0.00787	0.00562	0.00750	0.00900	0.00937	0.00525	0.00600	0.00900	0.01237	0.01649	0.03561	0.76871	0.04274	0.02024	0.00825	0.00262	0.00375	0.01837	0.00600	0.00525
67	0.01599	0.01535	0.02623	0.03966	0.73262	0.01535	0.01983	0.01983	0.01471	0.02111	0.01215	0.01599	0.01023	0.00576	0.00640	0.00192	0.00768	0.00576	0.00320	0.01023
68	0.00914	0.00660	0.00864	0.00813	0.00965	0.00610	0.00610	0.01219	0.01829	0.02591	0.72921	0.04827	0.06097	0.01321	0.00762	0.00203	0.00305	0.01169	0.00711	0.00610
69	0.01234	0.01163	0.01963	0.73065	0.07014	0.01439	0.01801	0.01663	0.01299	0.01668	0.01151	0.01718	0.00867	0.00643	0.00646	0.00214	0.00858	0.00574	0.00288	0.00729
70	0.01727	0.77681	0.03386	0.01106	0.01658	0.02557	0.01106	0.01935	0.01313	0.01520	0.00898	0.01036	0.00829	0.00553	0.00415	0.00138	0.00691	0.00345	0.00276	0.00829
71	0.00787	0.00562	0.00750	0.00900	0.00937	0.00525	0.00600	0.00900	0.01237	0.01649	0.03561	0.76871	0.04274	0.02024	0.00825	0.00262	0.00375	0.01837	0.00600	0.00525
72	0.01562	0.01498	0.02556	0.10953	0.66563	0.01526	0.01965	0.01951	0.01454	0.02066	0.01209	0.01611	0.01008	0.00583	0.00640	0.00194	0.00777	0.00576	0.00317	0.00994
73	0.01599	0.01535	0.02623	0.03966	0.73262	0.01535	0.01983	0.01983	0.01471	0.02111	0.01215	0.01599	0.01023	0.00576	0.00640	0.00192	0.00768	0.00576	0.00320	0.01023
74	0.00770	0.00655	0.00663	0.00661	0.00876	0.00548	0.00496	0.00939	0.01487	0.01779	0.09210	0.06162	0.70314	0.01624	0.00764	0.00218	0.00326	0.01356	0.00604	0.00548
75	0.00785	0.00570	0.00741	0.00878	0.00932	0.00527	0.00590	0.00902	0.01258	0.01658	0.03822	0.70691	0.10284	0.01990	0.00819	0.00259	0.00371	0.01795	0.00600	0.00527
76	0.02441	0.02610	0.01857	0.01592	0.01990	0.48910	0.01233	0.24950	0.02225	0.04424	0.01223	0.01320	0.00941	0.00705	0.00605	0.00176	0.01000	0.00477	0.00448	0.00873
77	0.01727	0.77681	0.03386	0.01106	0.01658	0.02557	0.01106	0.01935	0.01313	0.01520	0.00898	0.01036	0.00829	0.00553	0.00415	0.00138	0.00691	0.00345	0.00276	0.00829
78	0.01122	0.00561	0.00842	0.00842	0.00842	0.00561	0.00561	0.00842	0.00842	0.01122	0.01122	0.01964	0.01122	0.02245	0.02525	0.81201	0.00561	0.00561	0.00281	0.00281
79	0.13533	0.60587	0.08532	0.01125	0.01687	0.02311	0.01146	0.01938	0.01285	0.01765	0.00919	0.01064	0.00809	0.00565	0.00428	0.00153	0.00683	0.00356	0.00294	0.00820
80	0.01303	0.03293	0.71794	0.01869	0.02814	0.01505	0.04488	0.02047	0.01369	0.02047	0.01164	0.01376	0.00823	0.00612	0.00618	0.00205	0.00959	0.00486	0.00274	0.00952
81	0.01677	0.15413	0.11327	0.01337	0.01800	0.09289	0.01210	0.10182	0.26053	0.02427	0.10906	0.02114	0.01932	0.00808	0.00613	0.00192	0.00665	0.00636	0.00511	0.00906
82	0.01204	0.00602	0.00602	0.00602	0.00753	0.00602	0.00452	0.01506	0.01355	0.02409	0.02108	0.02409	0.01656	0.00753	0.00452	0.00151	0.00301	0.00602	0.80879	0.00602
83	0.01566	0.35620	0.31745	0.01664	0.05239	0.01960	0.07759	0.02030	0.01375	0.03997	0.01103	0.01289	0.00870	0.00585	0.00542	0.00176	0.00831	0.00454	0.00297	0.00900
84	0.78579	0.01243	0.00972	0.00862	0.01266	0.01429	0.00710	0.01951	0.01131	0.05838	0.00968	0.01097	0.00737	0.00608	0.00410	0.00200	0.00502	0.00362	0.00416	0.00716
85	0.01204	0.00602	0.00602	0.00602	0.00753	0.00602	0.00452	0.01506	0.01355	0.02409	0.02108	0.02409	0.01656	0.00753	0.00452	0.00151	0.00301	0.00602	0.80879	0.00602
86	0.00775	0.00635	0.00684	0.00715	0.00891	0.00544	0.00520	0.00933	0.01436	0.01760	0.08648	0.21605	0.55199	0.01708	0.00777	0.00227	0.00337	0.01459	0.00605	0.00544
87	0.01296	0.03342	0.73944	0.01842	0.02797	0.01501	0.02387	0.02046	0.01364	0.02046	0.01160	0.01364	0.00818	0.00614	0.00614	0.00205	0.00955	0.00477	0.00273	0.00955
88	0.01599	0.01535	0.02623	0.03966	0.73262	0.01535	0.01983	0.01983	0.01471	0.02111	0.01215	0.01599	0.01023	0.00576	0.00640	0.00192	0.00768	0.00576	0.00320	0.01023
89	0.03637	0.01445	0.01557	0.04397	0.01833	0.01624	0.01069	0.20022	0.44447	0.02945	0.02303	0.02198	0.03817	0.00838	0.00642	0.00206	0.00568	0.00680	0.00617	0.05154
90	0.01678	0.69137	0.11495	0.01190	0.01789	0.02435	0.01253	0.01948	0.01319	0.01581	0.00928	0.01074	0.00828	0.00560	0.00437	0.00146	0.00721	0.00361	0.00276	0.00844
91	0.00937	0.00635	0.00748	0.00748	0.00763	0.00650	0.00446	0.00967	0.00952	0.01285	0.01996	0.04009	0.02254	0.67878	0.12573	0.00680	0.00770	0.00907	0.00386	0.00416
92	0.00765	0.00649	0.00660	0.00669	0.00877	0.00544	0.00497	0.00926	0.01459	0.01740	0.06366	0.10478	0.68856	0.01660	0.00767	0.00221	0.00330	0.01392	0.00600	0.00544
93	0.01609	0.01603	0.02772	0.03733	0.61567	0.03348	0.11772	0.02010	0.01488	0.02092	0.01223	0.01609	0.01013	0.00574	0.00656	0.00195	0.00823	0.00598	0.00321	0.00995
94	0.01220	0.01148	0.01938	0.75739	0.04450	0.01436	0.01794	0.01651	0.01292	0.01651	0.01148	0.01723	0.00861	0.00646	0.00646	0.00215	0.00861	0.00574	0.00287	0.00718
95	0.00764	0.00655	0.00655	0.00655	0.00873	0.00545	0.00491	0.00927	0.01473	0.01745	0.06546	0.06218	0.73000	0.01636	0.00764	0.00218	0.00327	0.01364	0.00600	0.00545
96	0.01322	0.06039	0.68114	0.01854	0.02781	0.01546	0.05468	0.02043	0.01370	0.02028	0.01157	0.01369	0.00826	0.00608	0.00613	0.00203	0.00951	0.00486	0.00275	0.00946
97	0.01402	0.03202	0.67369	0.01809	0.02724	0.01547	0.02281	0.08353	0.01517	0.02231	0.01195	0.01381	0.00844	0.00629	0.00617	0.00204	0.00933	0.00487	0.00307	0.00968
98	0.00787	0.00562	0.00750	0.00900	0.00937	0.00525	0.00600	0.00900	0.01237	0.01649	0.03561	0.76871	0.04274	0.02024	0.00825	0.00262	0.00375	0.01837	0.00600	0.00525
99	0.01599	0.01535	0.02623	0.03966	0.73262	0.01535	0.01983	0.01983	0.01471	0.02111	0.01215	0.01599	0.01023	0.00576	0.00640	0.00192	0.00768	0.00576	0.00320	0.01023
100	0.01476	0.01250	0.01469	0.01088	0.01602	0.01099	0.00880	0.09674	0.01504	0.02282	0.01167	0.01371	0.00963	0.00574	0.00653	0.00125	0.07624	0.00423	0.00404	0.64373
101	0.01495	0.01444	0.02497	0.08698	0.56184	0.01448	0.07354	0.01880	0.01475	0.02069	0.03881	0.01993	0.05348	0.00664	0.00661	0.00198	0.00759	0.00656	0.00347	0.00948
102	0.01011	0.00819	0.01196	0.01145	0.01236	0.01011	0.00903	0.01219	0.01027	0.01502	0.01583	0.02391	0.01502	0.06491	0.59486	0.00890	0.14980	0.00678	0.00336	0.00594
103	0.01576	0.01147	0.01423	0.01243	0.01550	0.01205	0.04534	0.18041	0.15107	0.08103	0.09048	0.15544	0.04897	0.03083	0.03072	0.00260	0.00592	0.08128	0.00620	0.00829
104	0.09220	0.01783	0.12665	0.12093	0.23627	0.04643	0.01665	0.10392	0.01528	0.02244	0.01165	0.01505	0.00935	0.00810	0.02802	0.00232	0.10917	0.00535	0.00353	0.00885
105	0.04258	0.11167	0.03814	0.04526	0.01828	0.10221	0.01109	0.21171	0.16657	0.02572	0.01870	0.12732	0.01652	0.00918	0.00626	0.00198	0.00672	0.00734	0.00519	0.02755

[dist]
# distance from previous block
# <min> <max>
0	7

# created by:
# /home/cegg/simao/soft/augustus-3.2.1/scripts/msa2prfl.pl ./align_prep/EOG090W0F2J.fa
