[name]
unknown

[dist]
# distance from previous block
# <min> <max>
0	16

[block]
# block no. 0 follows, 40 sequences, length 24
# corresponding to MSA columns:
# 17-40
name=unknown_A
#
# <colnr> <probs for GDERKNQSTAVLIFYWHMCP>
#	G	D	E	R	K	N	Q	S	T	A	V	L	I	F	Y	W	H	M	C	P
0	0.01072	0.03292	0.05182	0.01051	0.01291	0.00816	0.00943	0.05712	0.01420	0.03473	0.05067	0.05215	0.09345	0.01347	0.00722	0.00232	0.00526	0.47339	0.00510	0.05445
1	0.01627	0.34507	0.18005	0.01342	0.04585	0.04144	0.02860	0.11441	0.07976	0.06613	0.01188	0.01267	0.00920	0.00579	0.00490	0.00158	0.00676	0.00430	0.00356	0.00838
2	0.01826	0.03623	0.06612	0.01128	0.01606	0.01241	0.00976	0.22659	0.10336	0.18815	0.03623	0.01623	0.01247	0.00643	0.00540	0.00155	0.00538	0.00509	0.00522	0.21777
3	0.00747	0.00681	0.04335	0.00776	0.00922	0.00551	0.00592	0.00941	0.03161	0.01595	0.07160	0.43046	0.30218	0.01577	0.00706	0.00216	0.00347	0.01385	0.00531	0.00513
4	0.01631	0.48788	0.11312	0.03549	0.07371	0.07357	0.01210	0.04077	0.01314	0.07165	0.01000	0.01125	0.00819	0.00538	0.00449	0.00145	0.00681	0.00378	0.00301	0.00790
5	0.00911	0.03647	0.00834	0.00771	0.00922	0.00622	0.00568	0.03044	0.01362	0.06078	0.19329	0.34486	0.22362	0.01450	0.00688	0.00205	0.00341	0.01269	0.00562	0.00548
6	0.00705	0.00519	0.00661	0.00774	0.00834	0.00475	0.00524	0.00814	0.01148	0.01498	0.03638	0.67322	0.15429	0.01766	0.00733	0.00230	0.00330	0.01585	0.00540	0.00475
7	0.01275	0.07110	0.61799	0.01658	0.02450	0.01444	0.07388	0.06807	0.01340	0.01942	0.01065	0.01248	0.00765	0.00555	0.00554	0.00181	0.00840	0.00449	0.00273	0.00856
8	0.01802	0.11322	0.08307	0.02112	0.27809	0.10427	0.03612	0.12469	0.01594	0.13182	0.01258	0.01392	0.00950	0.00583	0.00548	0.00167	0.00711	0.00484	0.00388	0.00881
9	0.01144	0.01101	0.01922	0.66830	0.09087	0.01313	0.07335	0.01537	0.01191	0.01545	0.01049	0.01544	0.00794	0.00570	0.00589	0.00192	0.00785	0.00530	0.00263	0.00677
10	0.00711	0.00585	0.00625	0.00626	0.00803	0.00499	0.00465	0.00876	0.01365	0.01690	0.17161	0.09850	0.59835	0.01447	0.00690	0.00197	0.00294	0.01224	0.00556	0.00499
11	0.01676	0.22376	0.16574	0.01477	0.10295	0.06458	0.01272	0.03862	0.01391	0.17649	0.04144	0.03714	0.01237	0.00673	0.00574	0.00169	0.03257	0.01987	0.00394	0.00819
12	0.01640	0.09560	0.18252	0.01377	0.01852	0.13741	0.08144	0.05468	0.08311	0.13623	0.04077	0.08508	0.01413	0.00739	0.00575	0.00178	0.00707	0.00614	0.00422	0.00798
13	0.00709	0.00506	0.00675	0.00810	0.00843	0.00472	0.00540	0.00810	0.01113	0.01484	0.03205	0.79184	0.03846	0.01822	0.00742	0.00236	0.00337	0.01653	0.00540	0.00472
14	0.01325	0.02647	0.55925	0.01599	0.02322	0.06718	0.04623	0.07292	0.05359	0.01962	0.01156	0.01332	0.00846	0.00723	0.03490	0.00211	0.00866	0.00462	0.00298	0.00843
15	0.01411	0.01240	0.01884	0.18638	0.26487	0.05443	0.08055	0.05832	0.01420	0.07448	0.06243	0.08742	0.03113	0.00740	0.00610	0.00186	0.00671	0.00682	0.00383	0.00771
16	0.01277	0.01200	0.02151	0.13714	0.21660	0.01227	0.21460	0.03080	0.01328	0.04359	0.05148	0.09119	0.04745	0.00771	0.00706	0.00196	0.04710	0.02041	0.00360	0.00745
17	0.00782	0.00577	0.00685	0.00704	0.00844	0.00511	0.00510	0.00951	0.01357	0.03777	0.23477	0.26985	0.33773	0.01481	0.00700	0.00204	0.00307	0.01290	0.00571	0.00514
18	0.26675	0.00747	0.00761	0.00750	0.00925	0.00798	0.00556	0.01152	0.01057	0.01803	0.05121	0.13944	0.14421	0.13826	0.14695	0.00386	0.00617	0.00830	0.00417	0.00517
19	0.48250	0.01094	0.00967	0.00819	0.01184	0.03202	0.00656	0.04345	0.01166	0.03640	0.02970	0.03397	0.05286	0.02738	0.00497	0.00171	0.00458	0.00452	0.00391	0.18314
20	0.01440	0.08777	0.04092	0.01371	0.07834	0.12883	0.05645	0.05469	0.08078	0.06705	0.04629	0.19234	0.01873	0.04443	0.00699	0.00197	0.00613	0.00785	0.00432	0.04800
21	0.05482	0.10703	0.10255	0.03415	0.09496	0.04640	0.03942	0.08339	0.03389	0.07366	0.05079	0.06834	0.01354	0.00676	0.00530	0.00160	0.00595	0.00559	0.02661	0.14523
22	0.10948	0.11828	0.08973	0.03323	0.13946	0.11258	0.05168	0.01912	0.08214	0.04713	0.03803	0.03238	0.02674	0.00656	0.00577	0.00173	0.03579	0.00520	0.02299	0.02199
23	0.05945	0.03337	0.09510	0.01441	0.10535	0.06334	0.03102	0.14270	0.07595	0.09024	0.03867	0.02056	0.09704	0.02906	0.00629	0.00182	0.00598	0.00596	0.00447	0.07923

[dist]
# distance from previous block
# <min> <max>
2	18

[block]
# block no. 1 follows, 40 sequences, length 22
# corresponding to MSA columns:
# 59-80
name=unknown_B
#
# <colnr> <probs for GDERKNQSTAVLIFYWHMCP>
#	G	D	E	R	K	N	Q	S	T	A	V	L	I	F	Y	W	H	M	C	P
0	0.17478	0.09658	0.09589	0.01327	0.09078	0.02593	0.01056	0.07578	0.12307	0.06256	0.03085	0.03255	0.01214	0.03383	0.04513	0.00224	0.01815	0.00514	0.00405	0.04672
1	0.01605	0.08552	0.18505	0.01444	0.03786	0.10452	0.07139	0.12264	0.08321	0.07437	0.03830	0.03372	0.01183	0.00656	0.00587	0.00170	0.02536	0.00527	0.00400	0.07235
2	0.04636	0.01637	0.03823	0.01187	0.01594	0.19023	0.00959	0.18214	0.10808	0.06624	0.01430	0.05488	0.01157	0.00673	0.00533	0.00155	0.00639	0.00516	0.00448	0.20457
3	0.00866	0.00605	0.00721	0.00703	0.00870	0.00533	0.00523	0.01059	0.01436	0.06689	0.31257	0.15520	0.34346	0.01369	0.00688	0.00196	0.00306	0.01182	0.00589	0.00542
4	0.01139	0.00936	0.04633	0.00932	0.01190	0.00871	0.00763	0.01807	0.23325	0.07767	0.25649	0.06979	0.15604	0.01102	0.00653	0.00196	0.00395	0.04778	0.00586	0.00694
5	0.01537	0.56675	0.14248	0.01118	0.01641	0.01991	0.01165	0.03633	0.01260	0.05641	0.03231	0.01163	0.00935	0.00561	0.00477	0.00144	0.03133	0.00379	0.00295	0.00774
6	0.01914	0.03659	0.01544	0.04410	0.01696	0.12852	0.01019	0.35921	0.03616	0.10633	0.01673	0.09364	0.01414	0.00947	0.03009	0.00206	0.00681	0.04092	0.00517	0.00831
7	0.00725	0.00529	0.00684	0.00786	0.00850	0.00488	0.00542	0.00854	0.01198	0.01590	0.11073	0.61571	0.11547	0.01713	0.00732	0.00227	0.00332	0.03527	0.00550	0.00484
8	0.00953	0.00748	0.05433	0.00847	0.01001	0.00613	0.00664	0.02868	0.01262	0.06551	0.09758	0.40744	0.08773	0.06665	0.00834	0.00236	0.00398	0.04668	0.06433	0.00551
9	0.01568	0.03343	0.08265	0.01545	0.01913	0.08905	0.14198	0.18655	0.08831	0.02204	0.05323	0.04069	0.01288	0.00770	0.00865	0.00196	0.16270	0.00601	0.00405	0.00788
10	0.01944	0.01096	0.01302	0.01063	0.01436	0.01107	0.00856	0.15478	0.18870	0.32863	0.11306	0.02403	0.05962	0.00830	0.00604	0.00184	0.00475	0.00683	0.00645	0.00892
11	0.01943	0.02047	0.01758	0.01580	0.05371	0.40849	0.05508	0.05935	0.03412	0.09740	0.01134	0.01312	0.00898	0.00769	0.02600	0.00195	0.13381	0.00466	0.00360	0.00740
12	0.01803	0.01567	0.04075	0.01445	0.03836	0.10001	0.09027	0.21268	0.25663	0.09872	0.01846	0.01816	0.03650	0.00711	0.00593	0.00183	0.00648	0.00594	0.00515	0.00887
13	0.01141	0.00796	0.01066	0.01016	0.01207	0.00790	0.04694	0.04957	0.08749	0.08536	0.06182	0.21238	0.08064	0.08833	0.00924	0.00257	0.00482	0.19918	0.00535	0.00616
14	0.00719	0.00572	0.00648	0.00686	0.00830	0.00501	0.00503	0.00872	0.01301	0.01629	0.11660	0.24946	0.46340	0.01545	0.00708	0.00209	0.00316	0.04973	0.00549	0.00494
15	0.07903	0.01707	0.01414	0.01207	0.01557	0.25233	0.00942	0.20344	0.10692	0.05784	0.03880	0.05533	0.03920	0.00747	0.00553	0.00168	0.00672	0.00566	0.00465	0.06712
16	0.05807	0.02023	0.13364	0.01371	0.01831	0.20099	0.01224	0.31806	0.07443	0.04970	0.01345	0.01502	0.01021	0.00680	0.00560	0.00175	0.00744	0.02725	0.00453	0.00855
17	0.02441	0.01093	0.04406	0.01065	0.01517	0.00920	0.00909	0.07184	0.01713	0.65238	0.05657	0.02024	0.01574	0.00734	0.00588	0.00180	0.00508	0.00597	0.00688	0.00963
18	0.00979	0.00756	0.00883	0.00879	0.01038	0.00773	0.00645	0.06569	0.15274	0.01963	0.14812	0.34692	0.12429	0.03251	0.00740	0.00219	0.00376	0.02550	0.00564	0.00607
19	0.05975	0.01435	0.01557	0.01225	0.01657	0.01561	0.01003	0.49635	0.11276	0.13420	0.01762	0.01691	0.03639	0.00731	0.00576	0.00179	0.00577	0.00562	0.00590	0.00947
20	0.52615	0.01287	0.03561	0.00879	0.01238	0.07500	0.00736	0.07694	0.01237	0.02480	0.01026	0.01172	0.00796	0.00571	0.00408	0.00167	0.00505	0.00372	0.11090	0.04666
21	0.01158	0.01079	0.01691	0.51564	0.03119	0.01382	0.01449	0.03975	0.01137	0.01532	0.01023	0.01535	0.00832	0.00976	0.06725	0.00264	0.19118	0.00523	0.00273	0.00646

[dist]
# distance from previous block
# <min> <max>
0	7

[block]
# block no. 2 follows, 40 sequences, length 23
# corresponding to MSA columns:
# 88-110
name=unknown_C
#
# <colnr> <probs for GDERKNQSTAVLIFYWHMCP>
#	G	D	E	R	K	N	Q	S	T	A	V	L	I	F	Y	W	H	M	C	P
0	0.04646	0.11710	0.53082	0.01479	0.02206	0.01492	0.01773	0.07936	0.05215	0.03600	0.01132	0.01261	0.00824	0.00574	0.00529	0.00177	0.00768	0.00434	0.00307	0.00854
1	0.01680	0.01430	0.04280	0.02327	0.33931	0.05618	0.07626	0.10020	0.01556	0.13449	0.06015	0.01671	0.01271	0.00629	0.00632	0.00176	0.03318	0.00561	0.00410	0.03401
2	0.01068	0.00672	0.00809	0.00768	0.00971	0.00595	0.00580	0.01277	0.03054	0.13590	0.14876	0.18814	0.30082	0.03432	0.00735	0.00208	0.00357	0.03879	0.00572	0.03659
3	0.04859	0.01585	0.01688	0.01629	0.11725	0.18747	0.06455	0.13207	0.09862	0.10735	0.04063	0.07642	0.01413	0.00756	0.00623	0.00181	0.02950	0.00621	0.00454	0.00806
4	0.03015	0.04354	0.15916	0.01466	0.05348	0.08047	0.06069	0.12474	0.11498	0.12131	0.01721	0.03888	0.01410	0.00779	0.00599	0.00190	0.00676	0.09132	0.00458	0.00830
5	0.01140	0.00680	0.00856	0.00843	0.01015	0.00641	0.00649	0.02930	0.03052	0.13219	0.13952	0.20861	0.11846	0.05880	0.00812	0.00230	0.00400	0.13742	0.06657	0.00596
6	0.00809	0.00593	0.00765	0.03228	0.00984	0.00571	0.00618	0.00975	0.01240	0.01640	0.15742	0.26490	0.12914	0.14128	0.01091	0.00280	0.00414	0.16513	0.00517	0.00488
7	0.03281	0.08382	0.06470	0.06977	0.33266	0.05107	0.18024	0.01815	0.01317	0.04054	0.02377	0.01450	0.00953	0.00555	0.00624	0.00178	0.03512	0.00533	0.00302	0.00823
8	0.01119	0.01044	0.01714	0.60717	0.07556	0.01288	0.01537	0.01471	0.01162	0.01523	0.01184	0.01940	0.00998	0.00703	0.00718	0.00204	0.07674	0.06514	0.00283	0.00651
9	0.01171	0.00775	0.01025	0.03700	0.05870	0.00766	0.00776	0.06237	0.05325	0.10955	0.02847	0.38314	0.08511	0.01392	0.00741	0.03033	0.00439	0.06964	0.00532	0.00629
10	0.04149	0.15926	0.07380	0.01327	0.03335	0.08399	0.08141	0.12752	0.08829	0.07502	0.01267	0.01356	0.00969	0.00575	0.00513	0.00152	0.00652	0.00459	0.00397	0.15921
11	0.01147	0.02508	0.57453	0.01594	0.02316	0.01268	0.08230	0.01795	0.05199	0.01840	0.01525	0.05902	0.05286	0.00683	0.00585	0.00190	0.00787	0.00579	0.00302	0.00813
12	0.00705	0.00520	0.00660	0.00772	0.00833	0.00476	0.00523	0.00814	0.01150	0.01499	0.03669	0.66467	0.16263	0.01762	0.00733	0.00229	0.00330	0.01580	0.00540	0.00476
13	0.07515	0.07091	0.28806	0.01449	0.01948	0.33486	0.01441	0.01976	0.01370	0.01660	0.01077	0.01244	0.02908	0.00621	0.00596	0.00170	0.05204	0.00419	0.00286	0.00735
14	0.06510	0.04102	0.17725	0.07264	0.18281	0.15214	0.01434	0.06576	0.07160	0.05264	0.01377	0.01527	0.03821	0.00624	0.00549	0.00175	0.00736	0.00497	0.00354	0.00812
15	0.00821	0.00606	0.00878	0.00889	0.00978	0.00682	0.00670	0.01003	0.00971	0.01381	0.04614	0.09536	0.01888	0.10636	0.60727	0.00809	0.01308	0.00754	0.00349	0.00501
16	0.00872	0.00695	0.03476	0.00897	0.01006	0.00624	0.00664	0.03189	0.06015	0.03383	0.02994	0.64006	0.03438	0.01641	0.00720	0.00230	0.00385	0.04682	0.00538	0.00545
17	0.01629	0.63926	0.06838	0.01102	0.01595	0.11171	0.01077	0.04215	0.01291	0.01477	0.00852	0.00978	0.00754	0.00519	0.00408	0.00132	0.00686	0.00332	0.00266	0.00752
18	0.01270	0.01032	0.01201	0.00885	0.01369	0.00819	0.00706	0.03997	0.03721	0.04602	0.01334	0.03500	0.03165	0.00530	0.00462	0.00103	0.00435	0.00430	0.00385	0.70054
19	0.01895	0.08508	0.01615	0.01233	0.01578	0.21741	0.00988	0.19533	0.10588	0.11562	0.05474	0.04699	0.03083	0.00769	0.00622	0.00174	0.04076	0.00576	0.00482	0.00805
20	0.00990	0.00730	0.00869	0.03181	0.01013	0.02893	0.00595	0.03774	0.01070	0.03493	0.01988	0.10749	0.05250	0.33095	0.21381	0.00528	0.00795	0.00812	0.01688	0.05104
21	0.10975	0.10607	0.24730	0.01084	0.01508	0.01115	0.01119	0.03501	0.01224	0.04182	0.03965	0.19453	0.04993	0.00962	0.00614	0.03006	0.00559	0.00753	0.04974	0.00674
22	0.01423	0.26110	0.32684	0.01310	0.01923	0.05508	0.01442	0.07498	0.05037	0.01869	0.03692	0.01297	0.00988	0.00575	0.00497	0.00157	0.00709	0.00425	0.00314	0.06542

[dist]
# distance from previous block
# <min> <max>
0	2

[block]
# block no. 3 follows, 40 sequences, length 37
# corresponding to MSA columns:
# 113-149
name=unknown_D
#
# <colnr> <probs for GDERKNQSTAVLIFYWHMCP>
#	G	D	E	R	K	N	Q	S	T	A	V	L	I	F	Y	W	H	M	C	P
0	0.01197	0.11152	0.08828	0.01216	0.04801	0.03419	0.04229	0.04845	0.08593	0.01795	0.06070	0.18820	0.02030	0.07243	0.00826	0.00215	0.03175	0.03259	0.00416	0.07870
1	0.01118	0.01148	0.06841	0.01387	0.01704	0.03803	0.21365	0.01472	0.04532	0.04461	0.06941	0.27124	0.06128	0.01126	0.00685	0.00208	0.00604	0.06638	0.00452	0.02261
2	0.04639	0.25054	0.08017	0.01568	0.04191	0.08843	0.20835	0.05926	0.04596	0.01831	0.01065	0.01259	0.00853	0.00529	0.00518	0.00157	0.00749	0.00464	0.00314	0.08592
3	0.01300	0.01063	0.01045	0.03942	0.01278	0.11130	0.00746	0.04214	0.12544	0.08983	0.17105	0.13331	0.15242	0.01075	0.00628	0.00188	0.00472	0.00906	0.04145	0.00662
4	0.01480	0.11658	0.17797	0.09371	0.11327	0.06883	0.03526	0.06692	0.04349	0.07778	0.07012	0.01828	0.01371	0.00671	0.00559	0.00175	0.00683	0.03301	0.02747	0.00791
5	0.04926	0.01046	0.04195	0.01037	0.01395	0.00957	0.03302	0.05538	0.13346	0.30625	0.09371	0.04895	0.08985	0.00886	0.00603	0.00188	0.00472	0.03214	0.04207	0.00813
6	0.01434	0.01394	0.02242	0.03268	0.65634	0.04000	0.01695	0.01756	0.01308	0.01845	0.01144	0.01618	0.01001	0.00596	0.00669	0.00181	0.05698	0.03343	0.00296	0.00879
7	0.01095	0.01250	0.15009	0.10174	0.12243	0.00976	0.01202	0.03613	0.05229	0.03183	0.10141	0.22028	0.02349	0.01076	0.00689	0.02430	0.00562	0.05641	0.00429	0.00682
8	0.01317	0.03472	0.16444	0.07366	0.08109	0.04123	0.18382	0.01724	0.02503	0.06692	0.09274	0.04234	0.02633	0.00833	0.02910	0.00214	0.06997	0.01663	0.00362	0.00748
9	0.00868	0.00940	0.10186	0.00989	0.01204	0.00758	0.03152	0.01121	0.01170	0.01614	0.12172	0.12941	0.13314	0.05026	0.26559	0.00464	0.03065	0.03480	0.00418	0.00561
10	0.00738	0.00569	0.00674	0.00693	0.00828	0.00505	0.00503	0.00916	0.01378	0.01803	0.28469	0.24135	0.33761	0.01468	0.00701	0.00202	0.00299	0.01278	0.00573	0.00505
11	0.01004	0.01004	0.03001	0.01014	0.01146	0.13338	0.03719	0.01160	0.01257	0.01563	0.07712	0.54454	0.03230	0.01481	0.00696	0.00216	0.00495	0.02487	0.00489	0.00536
12	0.01787	0.04697	0.19412	0.01261	0.01766	0.01235	0.03268	0.11109	0.14025	0.25745	0.05910	0.04144	0.01527	0.00732	0.00583	0.00183	0.00596	0.00602	0.00527	0.00891
13	0.01277	0.00829	0.01049	0.04343	0.01312	0.00822	0.00806	0.10066	0.04096	0.12371	0.10685	0.18067	0.09426	0.01250	0.00684	0.00212	0.00460	0.18561	0.00563	0.03122
14	0.01431	0.02126	0.43679	0.01532	0.04889	0.01187	0.04551	0.03980	0.01318	0.15515	0.01367	0.01548	0.00992	0.01145	0.11867	0.00294	0.00887	0.00503	0.00356	0.00836
15	0.03565	0.04391	0.04512	0.04484	0.01668	0.11260	0.03100	0.09009	0.01437	0.04581	0.03989	0.01383	0.01048	0.00622	0.01832	0.00146	0.02852	0.00431	0.00372	0.39318
16	0.01212	0.17096	0.47789	0.01511	0.05332	0.01430	0.03397	0.01715	0.01256	0.01781	0.08401	0.01580	0.01263	0.03121	0.00613	0.00185	0.00743	0.00492	0.00292	0.00792
17	0.00703	0.00529	0.00651	0.00750	0.00828	0.00477	0.00513	0.00816	0.01171	0.01508	0.03937	0.59137	0.23421	0.01727	0.00727	0.00225	0.00326	0.01537	0.00540	0.00477
18	0.01309	0.01355	0.11021	0.25026	0.16906	0.01258	0.08054	0.01658	0.01225	0.07334	0.01273	0.01847	0.01048	0.00803	0.02140	0.03845	0.07666	0.05177	0.00319	0.00737
19	0.05136	0.09714	0.14080	0.01721	0.07442	0.01484	0.18130	0.05524	0.03473	0.05590	0.01286	0.07544	0.01111	0.00734	0.00814	0.00196	0.14301	0.00609	0.00342	0.00770
20	0.01508	0.05050	0.01646	0.01355	0.01641	0.23198	0.08713	0.02122	0.22615	0.01772	0.01915	0.07706	0.07210	0.00914	0.02222	0.00203	0.08404	0.00668	0.00414	0.00724
21	0.01038	0.00659	0.00816	0.00800	0.00925	0.00660	0.00584	0.02517	0.03836	0.07724	0.15798	0.22632	0.05912	0.11945	0.04471	0.00280	0.03176	0.02722	0.12947	0.00557
22	0.01416	0.09108	0.22582	0.09274	0.15831	0.04500	0.09419	0.07552	0.01384	0.04023	0.01202	0.04770	0.00982	0.00630	0.00613	0.00180	0.03474	0.00539	0.01713	0.00808
23	0.01266	0.04189	0.03907	0.02682	0.06639	0.02588	0.17911	0.06475	0.05894	0.04264	0.01822	0.14276	0.01698	0.01295	0.09733	0.00281	0.00741	0.05091	0.08550	0.00699
24	0.00814	0.00593	0.00758	0.00843	0.00930	0.00571	0.00610	0.04091	0.01244	0.01640	0.05762	0.52133	0.10840	0.03628	0.02726	0.00258	0.00408	0.11112	0.00534	0.00506
25	0.05669	0.02953	0.16084	0.01889	0.15484	0.03811	0.12610	0.08447	0.07903	0.04086	0.06421	0.01698	0.02405	0.00672	0.00696	0.00188	0.07223	0.00571	0.00375	0.00814
26	0.01334	0.01444	0.06541	0.15973	0.26229	0.01423	0.22196	0.01852	0.08143	0.01828	0.01200	0.01541	0.00943	0.00583	0.00701	0.00192	0.06186	0.00573	0.00308	0.00810
27	0.00913	0.00591	0.00704	0.00725	0.00855	0.00541	0.00524	0.01064	0.01246	0.06903	0.08949	0.25825	0.24064	0.10703	0.00945	0.00248	0.00364	0.05652	0.08666	0.00517
28	0.01503	0.07725	0.10512	0.04472	0.23524	0.09881	0.21472	0.01918	0.03333	0.04750	0.01183	0.01446	0.00922	0.00546	0.00576	0.00174	0.00794	0.00530	0.03925	0.00814
29	0.01418	0.06041	0.25978	0.05170	0.08659	0.03179	0.16448	0.10514	0.05432	0.03254	0.04174	0.02799	0.01122	0.00626	0.00621	0.00184	0.02647	0.00559	0.00348	0.00827
30	0.00909	0.00563	0.00754	0.00839	0.00921	0.00520	0.00586	0.01034	0.01194	0.08920	0.05568	0.66374	0.03646	0.01684	0.00727	0.00230	0.00358	0.04085	0.00561	0.00528
31	0.01363	0.01562	0.15049	0.01478	0.10969	0.12644	0.01176	0.04234	0.05232	0.07031	0.08782	0.12396	0.06705	0.00967	0.00626	0.00193	0.00625	0.07802	0.00443	0.00722
32	0.01438	0.04446	0.01436	0.01105	0.04741	0.06770	0.00843	0.10692	0.04223	0.02080	0.01113	0.01254	0.00901	0.00497	0.00467	0.00112	0.00524	0.00387	0.00374	0.56598
33	0.01222	0.00984	0.03002	0.00976	0.01223	0.04216	0.03567	0.07390	0.11437	0.06938	0.26910	0.03162	0.09757	0.06175	0.07336	0.00271	0.00549	0.00815	0.03408	0.00665
34	0.00897	0.00605	0.00769	0.00834	0.00931	0.00574	0.00583	0.03944	0.02897	0.05891	0.06417	0.61642	0.08516	0.01639	0.00717	0.00225	0.00356	0.01469	0.00557	0.00537
35	0.15156	0.23601	0.27205	0.01239	0.01804	0.04691	0.01325	0.11544	0.01392	0.02053	0.01076	0.04529	0.00892	0.00612	0.00482	0.00167	0.00681	0.00442	0.00326	0.00783
36	0.08491	0.07689	0.01536	0.01114	0.01520	0.01420	0.00918	0.30856	0.10523	0.16296	0.06559	0.04347	0.01505	0.00744	0.00555	0.00174	0.00533	0.00583	0.00556	0.04080

[dist]
# distance from previous block
# <min> <max>
7	15

[block]
# block no. 4 follows, 40 sequences, length 55
# corresponding to MSA columns:
# 166-220
name=unknown_E
#
# <colnr> <probs for GDERKNQSTAVLIFYWHMCP>
#	G	D	E	R	K	N	Q	S	T	A	V	L	I	F	Y	W	H	M	C	P
0	0.12571	0.21354	0.23936	0.02941	0.04223	0.07002	0.01302	0.05622	0.02479	0.05274	0.03425	0.01273	0.00952	0.00573	0.00483	0.00161	0.00677	0.00417	0.00329	0.05005
1	0.01417	0.07346	0.05692	0.14445	0.30337	0.06216	0.14265	0.01924	0.09173	0.01813	0.01199	0.01486	0.00950	0.00557	0.00578	0.00178	0.00755	0.00534	0.00313	0.00822
2	0.00722	0.00522	0.00676	0.00781	0.00834	0.00484	0.00527	0.00838	0.01164	0.01550	0.09583	0.64726	0.08885	0.04754	0.00819	0.00242	0.00338	0.01541	0.00541	0.00476
3	0.04301	0.12378	0.13981	0.09776	0.11703	0.15571	0.01361	0.11159	0.03403	0.05284	0.01176	0.03573	0.00948	0.00631	0.00564	0.00171	0.02394	0.00483	0.00349	0.00796
4	0.02929	0.07904	0.05593	0.03661	0.20667	0.14894	0.08073	0.07035	0.09394	0.03308	0.04144	0.03389	0.01203	0.00660	0.00634	0.00177	0.04620	0.00549	0.00365	0.00803
5	0.00822	0.00585	0.00768	0.00851	0.00943	0.00558	0.00634	0.00985	0.01248	0.03437	0.10947	0.44866	0.11676	0.01631	0.00762	0.00232	0.01890	0.16106	0.00548	0.00511
6	0.01705	0.01436	0.01432	0.01229	0.01546	0.10477	0.00972	0.19271	0.30554	0.07551	0.02042	0.05412	0.05320	0.00842	0.00706	0.00192	0.07290	0.00649	0.00529	0.00845
7	0.01075	0.02183	0.07809	0.01344	0.11070	0.00878	0.03549	0.03672	0.02815	0.05248	0.15170	0.26533	0.09129	0.01191	0.00708	0.00204	0.03164	0.03119	0.00486	0.00652
8	0.05388	0.07773	0.05347	0.01277	0.03950	0.12794	0.05820	0.13848	0.02951	0.13372	0.01935	0.09179	0.07205	0.04240	0.00683	0.00196	0.00641	0.02182	0.00460	0.00757
9	0.01595	0.01427	0.05308	0.01234	0.01518	0.16623	0.03312	0.02016	0.11359	0.15616	0.05014	0.05161	0.01572	0.01457	0.14316	0.00323	0.08049	0.02926	0.00446	0.00730
10	0.06516	0.00826	0.03126	0.00924	0.02285	0.00759	0.00705	0.04396	0.06537	0.12728	0.08200	0.31917	0.14204	0.01296	0.00658	0.00207	0.00404	0.03118	0.00554	0.00639
11	0.01453	0.13743	0.26340	0.04799	0.15234	0.09122	0.03514	0.06703	0.04389	0.01867	0.03254	0.01368	0.00977	0.00601	0.00600	0.00173	0.04266	0.00470	0.00309	0.00817
12	0.05422	0.01050	0.03204	0.02855	0.06327	0.04925	0.04857	0.06316	0.05718	0.06315	0.08804	0.17874	0.12654	0.04001	0.04312	0.00245	0.03085	0.00908	0.00473	0.00656
13	0.05238	0.04163	0.01878	0.03978	0.21560	0.01189	0.12131	0.01689	0.02690	0.10007	0.03297	0.01813	0.01230	0.03032	0.19442	0.00375	0.04601	0.00582	0.00358	0.00748
14	0.01420	0.11482	0.30436	0.05404	0.04065	0.04025	0.15241	0.03888	0.01356	0.08243	0.04998	0.02941	0.01141	0.00620	0.00597	0.00180	0.02283	0.00540	0.00335	0.00804
15	0.03564	0.10754	0.30234	0.04047	0.13472	0.04075	0.17773	0.01885	0.01300	0.05907	0.01112	0.01339	0.00835	0.00539	0.00562	0.00177	0.00808	0.00493	0.00294	0.00828
16	0.01820	0.01254	0.01300	0.01086	0.01404	0.08449	0.00856	0.25591	0.06626	0.17047	0.05610	0.05465	0.01615	0.06061	0.05439	0.00246	0.00624	0.00637	0.08072	0.00798
17	0.01420	0.16351	0.37300	0.01672	0.06405	0.10333	0.09222	0.04113	0.02872	0.01793	0.02685	0.01296	0.00900	0.00563	0.00537	0.00170	0.00814	0.00455	0.00286	0.00812
18	0.02904	0.02863	0.20395	0.01540	0.09660	0.04732	0.05059	0.07419	0.04915	0.12039	0.01915	0.12650	0.03988	0.00879	0.00613	0.00194	0.00645	0.06365	0.00437	0.00787
19	0.00799	0.00608	0.00736	0.00753	0.00885	0.00568	0.00553	0.01059	0.05131	0.01863	0.29902	0.23262	0.22497	0.03927	0.00774	0.00217	0.00328	0.05040	0.00572	0.00527
20	0.01714	0.04087	0.19542	0.01691	0.11589	0.16560	0.01402	0.16393	0.14731	0.04601	0.01360	0.01437	0.01020	0.00632	0.00559	0.00175	0.00743	0.00491	0.00405	0.00868
21	0.01556	0.07973	0.20386	0.04141	0.11209	0.09186	0.08523	0.07681	0.08882	0.06410	0.01243	0.01414	0.00947	0.00628	0.00675	0.00182	0.07281	0.00500	0.00352	0.00831
22	0.08821	0.10576	0.14013	0.01600	0.10444	0.11162	0.03192	0.16874	0.03117	0.07451	0.01157	0.01292	0.00881	0.00626	0.00625	0.00175	0.06327	0.00457	0.00380	0.00830
23	0.00936	0.00670	0.00796	0.00784	0.00952	0.00636	0.00586	0.01273	0.09096	0.06109	0.23891	0.18445	0.24646	0.03881	0.00761	0.00215	0.00347	0.04821	0.00577	0.00575
24	0.01217	0.06442	0.01779	0.08648	0.17515	0.07129	0.09275	0.01511	0.02906	0.01705	0.08575	0.11151	0.08774	0.00989	0.02657	0.00210	0.06155	0.02296	0.00379	0.00685
25	0.03168	0.16959	0.16843	0.01296	0.05505	0.01316	0.05465	0.06833	0.05109	0.07364	0.01866	0.10438	0.07017	0.03853	0.00647	0.00191	0.00600	0.00671	0.04112	0.00748
26	0.01229	0.00745	0.00935	0.00898	0.01080	0.00716	0.00676	0.09645	0.01479	0.14228	0.11734	0.36200	0.08013	0.03432	0.00750	0.00222	0.00408	0.06399	0.00581	0.00629
27	0.01085	0.00754	0.00888	0.00904	0.01060	0.03297	0.00706	0.04484	0.01346	0.08121	0.05972	0.18273	0.14147	0.11427	0.01007	0.00270	0.00475	0.24696	0.00527	0.00559
28	0.01568	0.01704	0.14689	0.04133	0.15767	0.05898	0.16591	0.13393	0.03513	0.07703	0.07978	0.01724	0.01350	0.00636	0.00604	0.00181	0.00738	0.00587	0.00400	0.00842
29	0.01436	0.05454	0.02215	0.18259	0.22811	0.08531	0.14737	0.04666	0.07718	0.01848	0.03559	0.01573	0.01076	0.00599	0.00626	0.00182	0.03037	0.00554	0.00330	0.00788
30	0.00856	0.00602	0.00849	0.00856	0.00951	0.00678	0.00647	0.01049	0.00971	0.01437	0.01706	0.06326	0.01636	0.10093	0.57841	0.00771	0.01257	0.00685	0.10285	0.00506
31	0.18131	0.02075	0.01554	0.01349	0.01693	0.41483	0.04722	0.12600	0.04021	0.02053	0.01114	0.01390	0.00918	0.00648	0.00523	0.00169	0.00825	0.03640	0.00372	0.00719
32	0.01560	0.13468	0.33539	0.01386	0.01975	0.09488	0.01478	0.10075	0.10088	0.07024	0.01340	0.03750	0.01032	0.00644	0.00540	0.00174	0.00733	0.00492	0.00371	0.00842
33	0.01031	0.00658	0.00762	0.00710	0.00933	0.00568	0.00552	0.01220	0.01438	0.13645	0.17728	0.04843	0.47517	0.01308	0.00677	0.00195	0.00335	0.04710	0.00586	0.00583
34	0.01081	0.00870	0.01314	0.01074	0.01370	0.00802	0.15714	0.01432	0.06763	0.08236	0.10492	0.06200	0.36392	0.01103	0.00660	0.00192	0.00464	0.00984	0.04223	0.00633
35	0.03396	0.05583	0.03803	0.08864	0.10816	0.11764	0.01147	0.14937	0.10690	0.05549	0.01615	0.07611	0.01406	0.00975	0.04501	0.00223	0.00705	0.05205	0.00432	0.00780
36	0.15662	0.06329	0.06898	0.01335	0.05761	0.11452	0.01077	0.21661	0.13572	0.05030	0.01350	0.01422	0.01024	0.00807	0.03981	0.00208	0.00686	0.00477	0.00441	0.00827
37	0.00892	0.00667	0.00786	0.00793	0.00956	0.00637	0.00596	0.03351	0.06608	0.03959	0.13096	0.23650	0.29912	0.01588	0.04608	0.00246	0.00412	0.06132	0.00551	0.00559
38	0.01753	0.01498	0.01677	0.04861	0.16551	0.10137	0.01181	0.28746	0.11900	0.04468	0.01617	0.07997	0.01361	0.00777	0.00595	0.00183	0.00646	0.02713	0.00478	0.00860
39	0.01359	0.10218	0.10603	0.06334	0.20744	0.01385	0.10563	0.06032	0.01375	0.04287	0.06249	0.03990	0.03486	0.00734	0.00689	0.00187	0.06383	0.04245	0.00356	0.00779
40	0.01731	0.01242	0.01534	0.01236	0.01596	0.01312	0.07182	0.35026	0.09338	0.09682	0.07591	0.13044	0.01881	0.00891	0.00616	0.00187	0.00551	0.00762	0.03760	0.00838
41	0.00774	0.00537	0.00670	0.00751	0.00775	0.00518	0.00482	0.00842	0.01015	0.01352	0.02644	0.45420	0.03123	0.33257	0.01642	0.00370	0.00438	0.04500	0.00464	0.00427
42	0.04273	0.04549	0.03410	0.01082	0.05332	0.00848	0.03752	0.02950	0.01380	0.19765	0.09715	0.14524	0.14573	0.06674	0.00800	0.00221	0.00472	0.04473	0.00528	0.00679
43	0.03197	0.03387	0.01813	0.01486	0.05687	0.03439	0.18770	0.03528	0.12225	0.18422	0.08679	0.10645	0.04396	0.00838	0.00628	0.00190	0.00598	0.00778	0.00504	0.00788
44	0.00836	0.00566	0.00739	0.00815	0.00890	0.00535	0.00585	0.00956	0.01177	0.03503	0.09318	0.41075	0.08378	0.10472	0.01070	0.04606	0.00400	0.13084	0.00516	0.00479
45	0.01705	0.37325	0.14594	0.01226	0.01728	0.15505	0.01194	0.04352	0.07587	0.08083	0.01142	0.01212	0.00899	0.00575	0.00473	0.00151	0.00714	0.00402	0.00338	0.00795
46	0.01612	0.09146	0.13874	0.03234	0.08081	0.05304	0.09798	0.07676	0.07019	0.14779	0.06323	0.01750	0.01357	0.00837	0.04487	0.00214	0.00718	0.00560	0.02410	0.00822
47	0.01518	0.01308	0.09602	0.17383	0.09614	0.02805	0.03764	0.07326	0.06436	0.16011	0.08459	0.02377	0.02973	0.00780	0.00613	0.00192	0.00629	0.06961	0.00460	0.00790
48	0.00762	0.00563	0.00715	0.00756	0.00863	0.00516	0.00548	0.00949	0.01372	0.01850	0.32564	0.33565	0.16210	0.01501	0.00714	0.00210	0.00315	0.04938	0.00580	0.00509
49	0.01600	0.11521	0.09946	0.01335	0.04999	0.03544	0.01130	0.14247	0.31022	0.06125	0.05019	0.01780	0.01455	0.00715	0.00598	0.00181	0.02861	0.00562	0.00486	0.00875
50	0.01528	0.07174	0.15249	0.04344	0.18264	0.03149	0.11209	0.01881	0.01347	0.16368	0.01600	0.11237	0.01368	0.00743	0.00597	0.00185	0.00682	0.01861	0.00398	0.00815
51	0.01004	0.00686	0.02759	0.00813	0.00976	0.00602	0.00628	0.01226	0.02828	0.09524	0.15153	0.26919	0.14894	0.04622	0.02446	0.00237	0.00400	0.07089	0.06624	0.00568
52	0.01151	0.02901	0.73144	0.01625	0.02450	0.01322	0.02085	0.01805	0.01215	0.01819	0.01067	0.01275	0.00769	0.00724	0.04008	0.00218	0.00891	0.00438	0.00249	0.00844
53	0.01240	0.05181	0.20942	0.06101	0.05689	0.06147	0.12048	0.01658	0.03577	0.05108	0.05469	0.06518	0.12780	0.00845	0.00616	0.00190	0.00681	0.04103	0.00383	0.00723
54	0.03881	0.03469	0.03673	0.15900	0.19023	0.06559	0.01275	0.12426	0.01591	0.20609	0.01612	0.01717	0.04373	0.00656	0.00570	0.00177	0.00654	0.00544	0.00445	0.00847

[dist]
# distance from previous block
# <min> <max>
4	37

# created by:
# /home/cegg/simao/soft/augustus-3.2.1/scripts/msa2prfl.pl ./align_prep/EOG090W0H5I.fa
