[name]
unknown

[dist]
# distance from previous block
# <min> <max>
0	225

[block]
# block no. 0 follows, 33 sequences, length 22
# corresponding to MSA columns:
# 231-252
name=unknown_A
#
# <colnr> <probs for GDERKNQSTAVLIFYWHMCP>
#	G	D	E	R	K	N	Q	S	T	A	V	L	I	F	Y	W	H	M	C	P
0	0.00870	0.00640	0.00815	0.00835	0.00962	0.00585	0.00602	0.01100	0.01624	0.02221	0.41860	0.27774	0.14444	0.01616	0.00797	0.00228	0.00336	0.01433	0.00674	0.00585
1	0.00802	0.00573	0.00764	0.00917	0.00955	0.00535	0.00611	0.00917	0.01260	0.01681	0.03628	0.76434	0.04354	0.02062	0.00840	0.00267	0.00382	0.01872	0.00611	0.00535
2	0.00906	0.00672	0.00844	0.00801	0.00968	0.00610	0.00601	0.01192	0.01803	0.02495	0.61375	0.05156	0.17337	0.01400	0.00777	0.00210	0.00314	0.01224	0.00706	0.00610
3	0.00916	0.00663	0.00835	0.00807	0.00961	0.00607	0.00599	0.01195	0.01757	0.02460	0.56753	0.10115	0.13917	0.01413	0.00769	0.00211	0.00318	0.01241	0.03857	0.00607
4	0.81514	0.01273	0.00968	0.00866	0.01273	0.01477	0.00713	0.01935	0.01120	0.02954	0.00917	0.01069	0.00713	0.00611	0.00407	0.00204	0.00509	0.00356	0.00407	0.00713
5	0.74887	0.01321	0.01052	0.00920	0.01338	0.01524	0.00758	0.07691	0.01286	0.03054	0.00972	0.01112	0.00747	0.00626	0.00428	0.00203	0.00527	0.00376	0.00428	0.00747
6	0.81514	0.01273	0.00968	0.00866	0.01273	0.01477	0.00713	0.01935	0.01120	0.02954	0.00917	0.01069	0.00713	0.00611	0.00407	0.00204	0.00509	0.00356	0.00407	0.00713
7	0.02007	0.01378	0.01509	0.01268	0.01673	0.01509	0.01011	0.20197	0.34756	0.13890	0.02322	0.02201	0.01686	0.00839	0.00640	0.00205	0.00552	0.00677	0.10661	0.01020
8	0.75274	0.01261	0.01012	0.00890	0.01305	0.01436	0.00733	0.02036	0.01181	0.08534	0.01050	0.01162	0.00786	0.00627	0.00428	0.00204	0.00513	0.00381	0.00440	0.00745
9	0.81514	0.01273	0.00968	0.00866	0.01273	0.01477	0.00713	0.01935	0.01120	0.02954	0.00917	0.01069	0.00713	0.00611	0.00407	0.00204	0.00509	0.00356	0.00407	0.00713
10	0.01278	0.00714	0.00723	0.00704	0.00885	0.00741	0.00533	0.01779	0.10146	0.02492	0.02214	0.02455	0.01728	0.00783	0.00486	0.00162	0.00334	0.00630	0.70547	0.00667
11	0.02367	0.01453	0.01659	0.01339	0.01808	0.01539	0.01084	0.25069	0.25602	0.27310	0.02296	0.02100	0.01592	0.00833	0.00664	0.00208	0.00600	0.00667	0.00716	0.01094
12	0.00998	0.00740	0.00955	0.00989	0.01155	0.00718	0.00796	0.01369	0.05615	0.02266	0.33054	0.09719	0.11223	0.01564	0.00823	0.00248	0.00438	0.26041	0.00661	0.00629
13	0.02932	0.01156	0.01550	0.01188	0.01698	0.01020	0.00981	0.06492	0.01943	0.69846	0.02548	0.02209	0.01605	0.00814	0.00662	0.00203	0.00568	0.00659	0.00807	0.01120
14	0.02897	0.01211	0.01584	0.01214	0.01726	0.01102	0.01003	0.11627	0.02036	0.64581	0.02470	0.02158	0.01566	0.00812	0.00662	0.00203	0.00581	0.00653	0.00795	0.01120
15	0.01629	0.01564	0.02672	0.04041	0.72757	0.01564	0.02020	0.02020	0.01499	0.02151	0.01238	0.01629	0.01043	0.00587	0.00652	0.00196	0.00782	0.00587	0.00326	0.01043
16	0.00952	0.00631	0.00785	0.00832	0.00879	0.00611	0.00534	0.01039	0.01187	0.03718	0.08606	0.33327	0.03458	0.35810	0.04287	0.00453	0.00541	0.01329	0.00523	0.00500
17	0.02641	0.01431	0.01697	0.01322	0.01823	0.01453	0.01085	0.29268	0.09697	0.39097	0.02213	0.02008	0.01473	0.00814	0.00662	0.00203	0.00620	0.00644	0.00739	0.01112
18	0.01882	0.04166	0.02073	0.18035	0.18730	0.12549	0.01502	0.21796	0.01948	0.02513	0.01338	0.01631	0.01045	0.00860	0.03649	0.00229	0.00865	0.00562	0.03714	0.00913
19	0.01487	0.01379	0.02197	0.15633	0.40443	0.01497	0.01696	0.04062	0.03703	0.02025	0.01647	0.02024	0.06382	0.00825	0.00902	0.03468	0.08733	0.00650	0.00358	0.00890
20	0.00859	0.00608	0.00800	0.00905	0.00949	0.00596	0.00611	0.00972	0.01188	0.01596	0.03108	0.51205	0.03643	0.17086	0.09546	0.00430	0.00596	0.04243	0.00540	0.00517
21	0.38263	0.05389	0.01847	0.02048	0.24661	0.05634	0.03467	0.04655	0.01396	0.02533	0.01076	0.01311	0.00870	0.00605	0.00523	0.00192	0.00673	0.00459	0.00377	0.04021

[dist]
# distance from previous block
# <min> <max>
0	3

[block]
# block no. 1 follows, 33 sequences, length 63
# corresponding to MSA columns:
# 256-276,285-326
name=unknown_B
#
# <colnr> <probs for GDERKNQSTAVLIFYWHMCP>
#	G	D	E	R	K	N	Q	S	T	A	V	L	I	F	Y	W	H	M	C	P
0	0.16077	0.32082	0.04916	0.01422	0.04545	0.24755	0.01192	0.02162	0.01460	0.01861	0.00968	0.01148	0.00831	0.00633	0.00556	0.00171	0.03695	0.00398	0.00324	0.00803
1	0.03985	0.04954	0.09213	0.07588	0.20108	0.13735	0.10324	0.09281	0.01664	0.04569	0.01231	0.01522	0.00969	0.00684	0.00771	0.00204	0.07349	0.00561	0.00371	0.00914
2	0.00924	0.00656	0.00853	0.00833	0.00971	0.00608	0.00614	0.01205	0.01757	0.02492	0.59716	0.15322	0.05772	0.01430	0.00774	0.00214	0.00321	0.01269	0.03661	0.00608
3	0.00862	0.00722	0.00757	0.00748	0.00967	0.00647	0.00560	0.01175	0.07090	0.01935	0.12596	0.09156	0.57280	0.01593	0.00772	0.00223	0.00348	0.01341	0.00627	0.00600
4	0.00855	0.00670	0.00774	0.00748	0.00937	0.00589	0.00561	0.01094	0.01683	0.02211	0.39711	0.05623	0.39178	0.01506	0.00777	0.00215	0.00322	0.01289	0.00668	0.00589
5	0.00850	0.00627	0.00794	0.00842	0.00956	0.00572	0.00598	0.01050	0.01537	0.02075	0.31311	0.37051	0.15878	0.01716	0.00805	0.00236	0.00346	0.01526	0.00656	0.00572
6	0.01387	0.14521	0.62917	0.01763	0.02675	0.01691	0.02236	0.02068	0.01382	0.02004	0.01141	0.01340	0.00836	0.00616	0.00595	0.00198	0.00932	0.00466	0.00279	0.00954
7	0.01408	0.01206	0.01417	0.01029	0.01585	0.00971	0.00827	0.04043	0.01408	0.02189	0.01170	0.01376	0.00975	0.00529	0.00571	0.00110	0.03999	0.00406	0.00395	0.74387
8	0.02474	0.01727	0.03634	0.01651	0.07130	0.06141	0.02989	0.37300	0.05058	0.22370	0.01821	0.01771	0.01259	0.00769	0.00658	0.00199	0.00721	0.00608	0.00640	0.01080
9	0.01691	0.39770	0.23243	0.01517	0.05073	0.04560	0.01538	0.08926	0.01552	0.01999	0.01178	0.04054	0.01009	0.00665	0.00536	0.00174	0.00791	0.00484	0.00335	0.00904
10	0.01385	0.06603	0.06842	0.08041	0.17850	0.07716	0.01306	0.01822	0.06511	0.02104	0.18216	0.02934	0.11131	0.00954	0.00734	0.00204	0.03579	0.00798	0.00467	0.00804
11	0.01440	0.01440	0.02016	0.01728	0.01728	0.02016	0.01440	0.01584	0.01008	0.01584	0.00864	0.01440	0.00864	0.01152	0.02160	0.00288	0.75659	0.00576	0.00288	0.00720
12	0.00940	0.00705	0.01058	0.01058	0.01176	0.00823	0.00823	0.01176	0.01058	0.01528	0.01763	0.02586	0.01646	0.04937	0.74255	0.01058	0.01763	0.00705	0.00353	0.00588
13	0.00940	0.00705	0.01058	0.01058	0.01176	0.00823	0.00823	0.01176	0.01058	0.01528	0.01763	0.02586	0.01646	0.04937	0.74255	0.01058	0.01763	0.00705	0.00353	0.00588
14	0.01554	0.01776	0.03885	0.02775	0.03441	0.01665	0.70366	0.02109	0.01554	0.02109	0.01332	0.01776	0.00999	0.00555	0.00777	0.00222	0.01110	0.00777	0.00333	0.00888
15	0.01485	0.01166	0.01377	0.00990	0.01569	0.00884	0.00794	0.01775	0.01404	0.07520	0.01278	0.01431	0.01025	0.00512	0.00501	0.00106	0.00493	0.00411	0.00422	0.74855
16	0.00932	0.00666	0.00913	0.01066	0.01161	0.00647	0.00838	0.01142	0.01389	0.01826	0.03557	0.41680	0.04069	0.01940	0.00875	0.00285	0.00495	0.35339	0.00609	0.00571
17	0.00958	0.00636	0.00736	0.00742	0.00748	0.00638	0.00428	0.00960	0.00968	0.01295	0.02087	0.06863	0.02395	0.68863	0.05637	0.03607	0.00664	0.00969	0.00401	0.00406
18	0.01637	0.01414	0.01489	0.01340	0.01712	0.01637	0.01042	0.03498	0.71568	0.02754	0.02679	0.02456	0.02010	0.00893	0.00670	0.00223	0.00521	0.00744	0.00670	0.01042
19	0.00812	0.00580	0.00775	0.00928	0.00970	0.00543	0.00628	0.00933	0.01270	0.01691	0.03623	0.73850	0.04333	0.02053	0.00843	0.00269	0.00390	0.04360	0.00611	0.00537
20	0.00854	0.00668	0.00752	0.00731	0.00924	0.00584	0.00548	0.01084	0.01645	0.02151	0.33362	0.05639	0.43288	0.01509	0.00768	0.00214	0.00323	0.01285	0.03086	0.00584
21	0.81514	0.01273	0.00968	0.00866	0.01273	0.01477	0.00713	0.01935	0.01120	0.02954	0.00917	0.01069	0.00713	0.00611	0.00407	0.00204	0.00509	0.00356	0.00407	0.00713
22	0.67209	0.01245	0.01070	0.00921	0.01347	0.01384	0.00759	0.02167	0.01259	0.15747	0.01223	0.01283	0.00880	0.00648	0.00454	0.00204	0.00519	0.00412	0.00482	0.00787
23	0.81514	0.01273	0.00968	0.00866	0.01273	0.01477	0.00713	0.01935	0.01120	0.02954	0.00917	0.01069	0.00713	0.00611	0.00407	0.00204	0.00509	0.00356	0.00407	0.00713
24	0.00993	0.00709	0.00878	0.00911	0.01096	0.00649	0.00729	0.01232	0.01580	0.05057	0.19052	0.11374	0.29095	0.01640	0.00818	0.00247	0.00427	0.22263	0.00642	0.00608
25	0.06915	0.01596	0.05424	0.10613	0.51422	0.01579	0.01851	0.06310	0.03912	0.02299	0.01278	0.01620	0.01033	0.00620	0.00636	0.00200	0.00769	0.00573	0.00358	0.00992
26	0.01848	0.01590	0.02037	0.15162	0.19700	0.04268	0.01487	0.24058	0.11177	0.02754	0.01504	0.01706	0.01150	0.00714	0.00677	0.00198	0.02388	0.00589	0.00476	0.06518
27	0.00870	0.00617	0.00802	0.00869	0.00933	0.00592	0.00589	0.01019	0.01339	0.01830	0.19824	0.41685	0.04283	0.15426	0.05867	0.00369	0.00497	0.01471	0.00584	0.00535
28	0.01816	0.12167	0.29291	0.02037	0.13091	0.07822	0.05747	0.08846	0.01665	0.09491	0.01334	0.01494	0.00987	0.00647	0.00616	0.00194	0.00869	0.00524	0.00386	0.00974
29	0.01852	0.29656	0.02875	0.01651	0.02156	0.07759	0.16483	0.14291	0.06825	0.02228	0.01282	0.01483	0.01035	0.00785	0.02665	0.00210	0.04926	0.00545	0.00395	0.00897
30	0.02370	0.01534	0.01699	0.01338	0.01807	0.01646	0.01094	0.43666	0.09620	0.17133	0.01946	0.01887	0.01367	0.00803	0.00640	0.00197	0.00629	0.00624	0.08942	0.01060
31	0.07072	0.01121	0.01725	0.27814	0.15653	0.01310	0.01415	0.01580	0.01235	0.01802	0.01407	0.04804	0.01267	0.04824	0.17830	0.00431	0.06980	0.00660	0.00337	0.00733
32	0.01396	0.01398	0.04649	0.45166	0.30953	0.01504	0.01923	0.01827	0.01390	0.01877	0.01197	0.01694	0.00940	0.00629	0.00655	0.00210	0.00844	0.00582	0.00305	0.00860
33	0.01696	0.04772	0.01814	0.01413	0.04179	0.08750	0.05266	0.13691	0.04964	0.02364	0.01387	0.04106	0.01181	0.02755	0.00745	0.00172	0.05081	0.00551	0.00436	0.34678
34	0.01300	0.00941	0.03965	0.01242	0.01477	0.00866	0.01104	0.01718	0.06104	0.09241	0.03253	0.06342	0.03339	0.01610	0.00858	0.00284	0.00610	0.54426	0.00619	0.00701
35	0.04105	0.01629	0.07420	0.07744	0.31899	0.01505	0.08399	0.10641	0.01744	0.16137	0.01535	0.01733	0.01126	0.00661	0.00659	0.00203	0.00777	0.00607	0.00459	0.01017
36	0.01951	0.31517	0.08981	0.01745	0.09205	0.04594	0.06337	0.23620	0.01945	0.02517	0.01214	0.01364	0.00962	0.00646	0.00569	0.00177	0.00787	0.00496	0.00410	0.00963
37	0.00983	0.00722	0.00903	0.00849	0.01022	0.00688	0.00639	0.01394	0.06629	0.02601	0.62159	0.04731	0.08857	0.01310	0.00758	0.00207	0.00326	0.01150	0.03426	0.00647
38	0.00801	0.00576	0.00761	0.00908	0.00953	0.00535	0.00607	0.00918	0.01269	0.01684	0.03732	0.74052	0.06669	0.02049	0.00838	0.00266	0.00380	0.01855	0.00611	0.00535
39	0.01443	0.01216	0.01407	0.01012	0.01593	0.00957	0.00812	0.06388	0.01484	0.02283	0.01198	0.01380	0.00985	0.00508	0.00499	0.00104	0.00504	0.00404	0.00408	0.75412
40	0.01649	0.04182	0.07428	0.02943	0.41032	0.01508	0.08657	0.04543	0.04625	0.04990	0.01387	0.01671	0.01101	0.00612	0.00635	0.00188	0.00760	0.00584	0.03154	0.08353
41	0.04915	0.03740	0.06538	0.06992	0.12419	0.27270	0.03951	0.07000	0.01703	0.06983	0.01560	0.11018	0.01399	0.00844	0.00646	0.00199	0.00875	0.00685	0.00422	0.00841
42	0.02581	0.01118	0.01444	0.01136	0.01593	0.01019	0.00928	0.08131	0.04352	0.55001	0.06608	0.02555	0.05301	0.00885	0.00665	0.00203	0.00536	0.00722	0.04180	0.01041
43	0.01514	0.01591	0.07234	0.02712	0.35420	0.03241	0.07523	0.02218	0.15898	0.02254	0.06519	0.04978	0.04356	0.00798	0.00683	0.00208	0.00717	0.00742	0.00442	0.00952
44	0.01144	0.00572	0.00858	0.00858	0.00858	0.00572	0.00572	0.00858	0.00858	0.01144	0.01144	0.02001	0.01144	0.02287	0.02573	0.80846	0.00572	0.00572	0.00286	0.00286
45	0.00829	0.00635	0.00752	0.00792	0.00928	0.00567	0.00563	0.01006	0.01486	0.01932	0.21068	0.29947	0.31025	0.04296	0.00887	0.00248	0.00355	0.01493	0.00631	0.00559
46	0.01592	0.01704	0.05817	0.09950	0.45425	0.04304	0.15399	0.02021	0.01489	0.02062	0.01230	0.01637	0.00998	0.00608	0.00715	0.00205	0.02947	0.00613	0.00322	0.00962
47	0.01726	0.55053	0.17859	0.01382	0.04099	0.02278	0.01422	0.03734	0.01416	0.04290	0.01057	0.01198	0.00883	0.00591	0.00486	0.00160	0.00758	0.00404	0.00310	0.00894
48	0.02105	0.01857	0.07742	0.09887	0.16091	0.06204	0.04233	0.32078	0.02226	0.08907	0.01480	0.01632	0.01078	0.00710	0.00656	0.00200	0.00801	0.00585	0.00506	0.01021
49	0.01938	0.00897	0.01195	0.00993	0.01329	0.00792	0.00789	0.02214	0.01857	0.37982	0.34346	0.03642	0.07003	0.01095	0.00719	0.00206	0.00437	0.00935	0.00765	0.00868
50	0.04083	0.01159	0.05393	0.01189	0.01562	0.01023	0.04922	0.04580	0.10355	0.20356	0.17765	0.05413	0.11541	0.01124	0.00723	0.00220	0.00533	0.06559	0.00654	0.00844
51	0.06676	0.02187	0.24165	0.02173	0.17565	0.04986	0.05701	0.14724	0.04120	0.02496	0.01466	0.01686	0.02951	0.00856	0.03428	0.00237	0.02651	0.00577	0.00398	0.00955
52	0.00915	0.00647	0.00735	0.00737	0.00796	0.00626	0.00459	0.00982	0.01136	0.01488	0.07711	0.07238	0.15975	0.51799	0.05623	0.00535	0.00597	0.01077	0.00467	0.00456
53	0.01761	0.26778	0.18474	0.01737	0.06624	0.19708	0.06310	0.02116	0.01498	0.01771	0.01272	0.01469	0.03667	0.00671	0.00627	0.00181	0.03675	0.00493	0.00314	0.00853
54	0.01472	0.01167	0.01376	0.00988	0.01568	0.00884	0.00793	0.01762	0.01400	0.06948	0.01267	0.01424	0.01019	0.00510	0.00499	0.00105	0.00492	0.00408	0.00419	0.75498
55	0.04641	0.13620	0.16670	0.04651	0.21065	0.05896	0.03492	0.02214	0.08756	0.04693	0.01333	0.01546	0.01052	0.00662	0.00669	0.00194	0.04277	0.00529	0.00367	0.03672
56	0.02038	0.07962	0.06260	0.05691	0.10370	0.15814	0.03252	0.15584	0.09628	0.10060	0.04085	0.01776	0.01349	0.00736	0.00629	0.00193	0.00789	0.00584	0.02254	0.00946
57	0.02459	0.03138	0.01866	0.01696	0.02035	0.74221	0.01272	0.02629	0.01866	0.01611	0.01018	0.01187	0.00848	0.00678	0.00594	0.00170	0.01187	0.00424	0.00339	0.00763
58	0.01580	0.01457	0.05845	0.01805	0.12615	0.01437	0.07346	0.09323	0.27299	0.03967	0.07268	0.02486	0.03681	0.04527	0.03524	0.00262	0.00684	0.00745	0.03217	0.00930
59	0.00916	0.00672	0.00859	0.00812	0.00974	0.00615	0.00609	0.01213	0.01827	0.02554	0.65850	0.05059	0.12825	0.01378	0.00777	0.00209	0.00313	0.01210	0.00713	0.00615
60	0.01392	0.01357	0.06510	0.07519	0.09860	0.01349	0.02550	0.06208	0.22354	0.02318	0.07620	0.05775	0.09269	0.01191	0.03745	0.00259	0.04992	0.04351	0.00525	0.00855
61	0.01546	0.01317	0.01414	0.01299	0.01637	0.01507	0.01013	0.03192	0.62210	0.02661	0.05110	0.05671	0.02350	0.01010	0.00695	0.00229	0.00514	0.04979	0.00666	0.00982
62	0.07417	0.01853	0.12117	0.04281	0.07058	0.03620	0.03239	0.27087	0.11868	0.09971	0.03824	0.01811	0.01356	0.00760	0.00643	0.00205	0.00721	0.00607	0.00552	0.01010

[dist]
# distance from previous block
# <min> <max>
0	11

[block]
# block no. 2 follows, 33 sequences, length 22
# corresponding to MSA columns:
# 338-359
name=unknown_C
#
# <colnr> <probs for GDERKNQSTAVLIFYWHMCP>
#	G	D	E	R	K	N	Q	S	T	A	V	L	I	F	Y	W	H	M	C	P
0	0.00897	0.03418	0.00886	0.00783	0.00972	0.00664	0.00593	0.01140	0.01678	0.02228	0.41644	0.08871	0.30904	0.01475	0.00768	0.00213	0.00337	0.01269	0.00660	0.00600
1	0.02919	0.01176	0.01562	0.01198	0.01708	0.01051	0.00990	0.08421	0.01978	0.67868	0.02519	0.02190	0.01590	0.00813	0.00662	0.00203	0.00573	0.00657	0.00803	0.01120
2	0.01315	0.00961	0.01146	0.01113	0.01345	0.01011	0.00863	0.02133	0.26452	0.07189	0.18237	0.18368	0.03651	0.01366	0.00765	0.00240	0.00464	0.11926	0.00670	0.00785
3	0.81514	0.01273	0.00968	0.00866	0.01273	0.01477	0.00713	0.01935	0.01120	0.02954	0.00917	0.01069	0.00713	0.00611	0.00407	0.00204	0.00509	0.00356	0.00407	0.00713
4	0.00805	0.00594	0.00753	0.00870	0.00945	0.00543	0.00593	0.00938	0.01331	0.01745	0.07591	0.60985	0.15980	0.01960	0.00827	0.00257	0.00370	0.01756	0.00617	0.00543
5	0.01440	0.10662	0.20220	0.02178	0.05339	0.01610	0.35495	0.01961	0.01495	0.02035	0.04362	0.02067	0.06675	0.00690	0.00695	0.00208	0.00928	0.00714	0.00350	0.00873
6	0.01061	0.00895	0.00952	0.01032	0.01146	0.07144	0.00739	0.03743	0.03709	0.01855	0.05418	0.54097	0.06637	0.01799	0.00808	0.00254	0.00484	0.07031	0.00594	0.00602
7	0.01759	0.17812	0.02212	0.08112	0.03751	0.24815	0.03477	0.01975	0.01409	0.01610	0.01096	0.01515	0.00984	0.03348	0.08046	0.00293	0.16207	0.00512	0.00315	0.00752
8	0.00999	0.00653	0.00919	0.00919	0.00975	0.00709	0.00649	0.01035	0.00979	0.01361	0.01675	0.02863	0.01699	0.22350	0.37129	0.22390	0.01160	0.00733	0.00346	0.00459
9	0.03937	0.28951	0.21004	0.01453	0.02058	0.17936	0.01469	0.02330	0.03845	0.09528	0.01248	0.01347	0.00963	0.00644	0.00547	0.00176	0.00854	0.00450	0.00367	0.00893
10	0.03726	0.01660	0.08066	0.06834	0.51745	0.01513	0.06681	0.02109	0.01507	0.07875	0.01339	0.01662	0.01055	0.00610	0.00653	0.00200	0.00799	0.00592	0.00363	0.01010
11	0.00805	0.00662	0.00709	0.00711	0.00909	0.00565	0.00528	0.00992	0.01545	0.01915	0.17415	0.10878	0.56802	0.01641	0.00782	0.00223	0.00333	0.01389	0.00630	0.00565
12	0.01352	0.01163	0.01430	0.01204	0.07100	0.00912	0.00865	0.01654	0.01414	0.02184	0.06689	0.01661	0.01386	0.00562	0.00523	0.00114	0.00497	0.00467	0.00411	0.68413
13	0.81514	0.01273	0.00968	0.00866	0.01273	0.01477	0.00713	0.01935	0.01120	0.02954	0.00917	0.01069	0.00713	0.00611	0.00407	0.00204	0.00509	0.00356	0.00407	0.00713
14	0.00802	0.00573	0.00764	0.00917	0.00955	0.00535	0.00611	0.00917	0.01260	0.01681	0.03628	0.76434	0.04354	0.02062	0.00840	0.00267	0.00382	0.01872	0.00611	0.00535
15	0.01278	0.01268	0.06834	0.01356	0.05757	0.06615	0.04255	0.01777	0.10188	0.04511	0.26814	0.16298	0.05874	0.01234	0.00742	0.00220	0.00551	0.03093	0.00587	0.00747
16	0.01559	0.26463	0.47058	0.01598	0.02413	0.01832	0.01932	0.02118	0.01404	0.06275	0.01185	0.01337	0.00886	0.00618	0.00564	0.00187	0.00863	0.00455	0.00312	0.00942
17	0.26272	0.01225	0.01398	0.01109	0.01589	0.01207	0.00915	0.08345	0.01756	0.46671	0.02014	0.01838	0.01315	0.00752	0.00586	0.00203	0.00558	0.00566	0.00681	0.00999
18	0.00801	0.00577	0.00759	0.00905	0.00952	0.00536	0.00606	0.00918	0.01272	0.01685	0.03774	0.73090	0.07605	0.02044	0.00837	0.00265	0.00380	0.01849	0.00611	0.00536
19	0.01938	0.01960	0.09097	0.05861	0.21085	0.11502	0.09289	0.14223	0.08495	0.07801	0.01509	0.01685	0.01133	0.00684	0.00659	0.00201	0.00845	0.00598	0.00450	0.00985
20	0.01619	0.28464	0.04635	0.03121	0.06283	0.07362	0.01120	0.09117	0.08841	0.02113	0.06294	0.02502	0.14243	0.00879	0.00597	0.00184	0.00654	0.00683	0.00453	0.00837
21	0.01468	0.07835	0.08202	0.01349	0.06342	0.06019	0.01092	0.01835	0.03935	0.02008	0.01241	0.01534	0.01054	0.03449	0.03029	0.00183	0.03149	0.00460	0.00369	0.45446

[dist]
# distance from previous block
# <min> <max>
0	2

[block]
# block no. 3 follows, 33 sequences, length 59
# corresponding to MSA columns:
# 362-420
name=unknown_D
#
# <colnr> <probs for GDERKNQSTAVLIFYWHMCP>
#	G	D	E	R	K	N	Q	S	T	A	V	L	I	F	Y	W	H	M	C	P
0	0.28180	0.01575	0.02154	0.04320	0.15689	0.07094	0.18133	0.02049	0.03534	0.02353	0.01188	0.01482	0.00943	0.00712	0.02498	0.00220	0.00804	0.00539	0.00370	0.06161
1	0.00932	0.00673	0.00880	0.00828	0.00984	0.00621	0.00621	0.01242	0.01863	0.02640	0.72410	0.04918	0.06212	0.01346	0.00776	0.00207	0.00311	0.01191	0.00725	0.00621
2	0.05281	0.00871	0.00880	0.00791	0.01025	0.00917	0.00617	0.14221	0.01683	0.02789	0.01985	0.02228	0.01537	0.00764	0.00494	0.00164	0.00393	0.00598	0.62051	0.00711
3	0.02429	0.01807	0.01934	0.01500	0.02013	0.02007	0.01233	0.64825	0.08953	0.04030	0.01675	0.01655	0.01196	0.00799	0.00660	0.00200	0.00707	0.00606	0.00660	0.01113
4	0.01464	0.01674	0.01156	0.01087	0.01356	0.30592	0.00815	0.01631	0.01649	0.01710	0.04365	0.04236	0.43279	0.01264	0.00703	0.00201	0.00682	0.00996	0.00500	0.00640
5	0.00942	0.00700	0.01032	0.01032	0.01140	0.00809	0.00790	0.01159	0.01050	0.01509	0.01787	0.02719	0.01704	0.10496	0.68776	0.01026	0.01676	0.00725	0.00356	0.00573
6	0.23766	0.01576	0.01613	0.01286	0.01756	0.01739	0.01055	0.43786	0.02386	0.08787	0.01574	0.05053	0.01201	0.00804	0.00600	0.00203	0.00638	0.00595	0.00600	0.00982
7	0.01608	0.01332	0.01565	0.01146	0.01716	0.03889	0.04090	0.07873	0.01576	0.06361	0.01289	0.01446	0.01021	0.00544	0.00530	0.00121	0.00569	0.00443	0.00433	0.62449
8	0.01438	0.21391	0.15923	0.02179	0.23219	0.01629	0.04839	0.01811	0.01404	0.01894	0.01723	0.12926	0.03696	0.00868	0.00631	0.00199	0.00736	0.02260	0.00363	0.00870
9	0.01128	0.00897	0.01174	0.01134	0.01320	0.01043	0.00882	0.01802	0.20076	0.01859	0.02010	0.02551	0.01744	0.03847	0.54408	0.00833	0.01428	0.00716	0.00438	0.00710
10	0.01141	0.00705	0.00899	0.00828	0.01016	0.00649	0.00629	0.01442	0.01796	0.08836	0.55783	0.04428	0.07292	0.01239	0.00728	0.00201	0.00333	0.01081	0.10310	0.00662
11	0.01738	0.19588	0.27431	0.01559	0.02216	0.13395	0.03669	0.09768	0.03908	0.02135	0.01346	0.01487	0.02936	0.00666	0.00580	0.00180	0.00861	0.00495	0.00361	0.05679
12	0.08085	0.04108	0.02087	0.28285	0.22622	0.13371	0.01620	0.01933	0.01421	0.01895	0.01187	0.03651	0.01003	0.00704	0.00714	0.00206	0.05392	0.00569	0.00327	0.00820
13	0.01347	0.01109	0.01238	0.01129	0.01412	0.01219	0.00869	0.02570	0.42888	0.02707	0.31371	0.03469	0.03739	0.01079	0.00714	0.00217	0.00434	0.00928	0.00692	0.00869
14	0.00963	0.00652	0.00870	0.00879	0.00927	0.00695	0.00598	0.01028	0.01004	0.01384	0.01940	0.07902	0.02076	0.35256	0.30647	0.10408	0.01051	0.00871	0.00381	0.00467
15	0.06206	0.10484	0.18855	0.06305	0.15710	0.05366	0.09246	0.07927	0.03365	0.03716	0.01437	0.01656	0.03318	0.00662	0.00618	0.00195	0.00825	0.00564	0.00373	0.03174
16	0.01833	0.10377	0.01780	0.01708	0.17739	0.06467	0.01106	0.05097	0.01654	0.16446	0.07126	0.02263	0.04533	0.00784	0.00594	0.00181	0.00597	0.00645	0.18195	0.00872
17	0.00807	0.00614	0.00731	0.00813	0.00919	0.00551	0.00560	0.00942	0.01353	0.01730	0.07316	0.44480	0.28681	0.06137	0.00958	0.00270	0.00376	0.01621	0.00604	0.00538
18	0.01600	0.01601	0.02959	0.14486	0.27715	0.01623	0.28888	0.06849	0.03574	0.02218	0.01329	0.01727	0.01032	0.00608	0.00703	0.00211	0.00915	0.00666	0.00356	0.00938
19	0.05691	0.04886	0.02024	0.12837	0.17600	0.25379	0.03071	0.06186	0.01685	0.05029	0.03442	0.03930	0.01312	0.00761	0.00636	0.00196	0.00876	0.03218	0.00399	0.00842
20	0.01157	0.00908	0.00994	0.00963	0.01125	0.00970	0.00670	0.01855	0.26200	0.01916	0.03013	0.14572	0.10069	0.30644	0.01748	0.00391	0.00526	0.01064	0.00550	0.00665
21	0.03876	0.06393	0.09119	0.07699	0.46256	0.03768	0.04680	0.02115	0.05891	0.02122	0.01288	0.01609	0.01045	0.00615	0.00633	0.00197	0.00802	0.00569	0.00341	0.00981
22	0.23837	0.14499	0.09037	0.03674	0.09233	0.08123	0.01290	0.16562	0.03766	0.02644	0.01183	0.01335	0.00921	0.00655	0.00541	0.00190	0.00731	0.00466	0.00417	0.00895
23	0.81514	0.01273	0.00968	0.00866	0.01273	0.01477	0.00713	0.01935	0.01120	0.02954	0.00917	0.01069	0.00713	0.00611	0.00407	0.00204	0.00509	0.00356	0.00407	0.00713
24	0.02095	0.09665	0.07290	0.01621	0.02055	0.41188	0.04327	0.04737	0.16773	0.01984	0.01408	0.01500	0.01111	0.00708	0.00606	0.00184	0.00966	0.00511	0.00410	0.00862
25	0.02887	0.01106	0.01506	0.01160	0.01658	0.00956	0.00956	0.03144	0.01884	0.70887	0.04899	0.02329	0.01781	0.00832	0.00666	0.00204	0.00552	0.00679	0.00812	0.01104
26	0.00817	0.00662	0.00732	0.00735	0.00925	0.00578	0.00546	0.01010	0.01535	0.01930	0.19154	0.11578	0.51081	0.01768	0.03750	0.00257	0.00391	0.01362	0.00623	0.00568
27	0.00957	0.00638	0.00718	0.00718	0.00718	0.00638	0.00399	0.00957	0.00957	0.01276	0.02074	0.04308	0.02393	0.76864	0.03351	0.00638	0.00638	0.00957	0.00399	0.00399
28	0.01675	0.01433	0.01510	0.01347	0.01726	0.01655	0.01051	0.06443	0.68561	0.02815	0.02631	0.02418	0.01971	0.00889	0.00669	0.00222	0.00530	0.00738	0.00669	0.01045
29	0.00952	0.00658	0.00817	0.00817	0.00851	0.00692	0.00522	0.01021	0.00987	0.01350	0.01984	0.03808	0.02176	0.55967	0.23950	0.00760	0.00965	0.00884	0.00385	0.00454
30	0.01365	0.01170	0.01365	0.00975	0.01560	0.00878	0.00780	0.01658	0.01365	0.02145	0.01170	0.01365	0.00975	0.00488	0.00488	0.00098	0.00488	0.00390	0.00390	0.80888
31	0.02303	0.10670	0.04918	0.01637	0.02062	0.44505	0.04571	0.10227	0.01888	0.07010	0.01199	0.01337	0.00941	0.00696	0.00649	0.00180	0.03481	0.00477	0.00399	0.00850
32	0.02126	0.01639	0.01745	0.01420	0.01875	0.01841	0.01146	0.42236	0.29887	0.03552	0.02028	0.01950	0.01485	0.00830	0.00657	0.00206	0.00632	0.00653	0.03018	0.01074
33	0.01372	0.01109	0.01305	0.00967	0.01497	0.00848	0.00765	0.01651	0.01375	0.04454	0.01426	0.06945	0.01265	0.00622	0.00518	0.00115	0.00477	0.00514	0.02700	0.70076
34	0.00898	0.00672	0.00833	0.00793	0.00963	0.00607	0.00595	0.01177	0.01784	0.02451	0.57987	0.05229	0.20753	0.01416	0.00777	0.00210	0.00316	0.01234	0.00700	0.00607
35	0.01629	0.01564	0.02672	0.04041	0.72757	0.01564	0.02020	0.02020	0.01499	0.02151	0.01238	0.01629	0.01043	0.00587	0.00652	0.00196	0.00782	0.00587	0.00326	0.01043
36	0.01227	0.00614	0.00614	0.00614	0.00767	0.00614	0.00460	0.01534	0.01381	0.02454	0.02148	0.02454	0.01687	0.00767	0.00460	0.00153	0.00307	0.00614	0.80518	0.00614
37	0.01709	0.01159	0.01400	0.01018	0.01586	0.00897	0.00821	0.01993	0.01477	0.17518	0.01479	0.01555	0.01117	0.00558	0.00525	0.00120	0.00503	0.00449	0.00482	0.63634
38	0.81514	0.01273	0.00968	0.00866	0.01273	0.01477	0.00713	0.01935	0.01120	0.02954	0.00917	0.01069	0.00713	0.00611	0.00407	0.00204	0.00509	0.00356	0.00407	0.00713
39	0.02954	0.01120	0.01528	0.01171	0.01681	0.00968	0.00968	0.03208	0.01884	0.73213	0.02597	0.02241	0.01630	0.00815	0.00662	0.00204	0.00560	0.00662	0.00815	0.01120
40	0.01365	0.01170	0.01365	0.00975	0.01560	0.00878	0.00780	0.01658	0.01365	0.02145	0.01170	0.01365	0.00975	0.00488	0.00488	0.00098	0.00488	0.00390	0.00390	0.80888
41	0.01466	0.01640	0.03519	0.02549	0.03150	0.01535	0.62268	0.01972	0.01530	0.02063	0.01723	0.07571	0.04175	0.00714	0.00782	0.00225	0.01023	0.00884	0.00365	0.00848
42	0.01629	0.01564	0.02672	0.04041	0.72757	0.01564	0.02020	0.02020	0.01499	0.02151	0.01238	0.01629	0.01043	0.00587	0.00652	0.00196	0.00782	0.00587	0.00326	0.01043
43	0.01052	0.00723	0.00780	0.00734	0.00990	0.00609	0.00562	0.01234	0.01559	0.10655	0.08083	0.05787	0.61776	0.01552	0.00764	0.00220	0.00361	0.01293	0.00640	0.00628
44	0.01788	0.00841	0.01062	0.00946	0.01227	0.00781	0.00748	0.02106	0.03816	0.28556	0.11098	0.10283	0.02652	0.01069	0.00653	0.00204	0.00439	0.06241	0.24682	0.00807
45	0.00935	0.00697	0.01031	0.01038	0.01147	0.00803	0.00796	0.01155	0.01063	0.01525	0.01858	0.05899	0.01795	0.07753	0.68131	0.01006	0.01657	0.00767	0.00366	0.00578
46	0.00798	0.00643	0.00715	0.00768	0.00931	0.00559	0.00560	0.00956	0.01429	0.01758	0.05602	0.27568	0.48704	0.01794	0.00803	0.00240	0.00361	0.04650	0.00611	0.00552
47	0.04187	0.01352	0.01586	0.01260	0.01715	0.01382	0.01019	0.24216	0.11954	0.33936	0.04261	0.02233	0.01679	0.05143	0.00812	0.00229	0.00602	0.00677	0.00710	0.01045
48	0.01456	0.17246	0.57951	0.01712	0.02593	0.01714	0.02139	0.02100	0.01396	0.04272	0.01177	0.01354	0.00862	0.00620	0.00588	0.00196	0.00909	0.00467	0.00296	0.00954
49	0.01762	0.29299	0.06373	0.01485	0.01846	0.02107	0.03443	0.06980	0.01394	0.07936	0.01115	0.01386	0.00944	0.00835	0.01161	0.00214	0.30009	0.00504	0.00359	0.00848
50	0.00936	0.00693	0.01009	0.01012	0.01119	0.00786	0.00769	0.01150	0.01096	0.01566	0.05224	0.05731	0.02033	0.10812	0.61818	0.00951	0.01544	0.00796	0.00384	0.00571
51	0.00954	0.00630	0.00790	0.00846	0.00875	0.00623	0.00544	0.01010	0.02914	0.01464	0.02545	0.29239	0.02930	0.33980	0.02181	0.13048	0.00534	0.03967	0.00471	0.00454
52	0.01402	0.01308	0.01968	0.54305	0.07155	0.04840	0.03876	0.01968	0.08672	0.03633	0.03587	0.01907	0.01190	0.00702	0.00664	0.00216	0.00832	0.00621	0.00363	0.00791
53	0.01653	0.01619	0.02379	0.11803	0.51241	0.07959	0.01815	0.05236	0.01579	0.02120	0.01438	0.03909	0.02962	0.00684	0.00656	0.00199	0.00803	0.00631	0.00355	0.00958
54	0.01646	0.01602	0.04827	0.07454	0.08591	0.13631	0.03201	0.10055	0.06670	0.04726	0.10825	0.06124	0.02236	0.01161	0.03629	0.00251	0.03242	0.08811	0.00501	0.00818
55	0.26818	0.02004	0.01851	0.04169	0.18743	0.26819	0.04072	0.02239	0.01518	0.04540	0.01108	0.01331	0.00885	0.00635	0.00561	0.00191	0.00847	0.00468	0.00371	0.00830
56	0.01359	0.01242	0.02024	0.12694	0.40246	0.01284	0.01576	0.01710	0.01512	0.02116	0.14333	0.06793	0.04032	0.00901	0.00743	0.00212	0.02926	0.03013	0.00424	0.00860
57	0.01225	0.01146	0.01926	0.72279	0.04390	0.01425	0.01779	0.01651	0.01314	0.01682	0.01269	0.04770	0.01018	0.00715	0.00666	0.00221	0.00858	0.00637	0.00305	0.00723
58	0.10091	0.28722	0.04604	0.04617	0.08422	0.16029	0.04200	0.12280	0.01703	0.02189	0.01099	0.01281	0.00898	0.00631	0.00540	0.00175	0.00820	0.00455	0.00368	0.00875

[dist]
# distance from previous block
# <min> <max>
0	1

[block]
# block no. 4 follows, 33 sequences, length 57
# corresponding to MSA columns:
# 422-478
name=unknown_E
#
# <colnr> <probs for GDERKNQSTAVLIFYWHMCP>
#	G	D	E	R	K	N	Q	S	T	A	V	L	I	F	Y	W	H	M	C	P
0	0.01423	0.00860	0.01022	0.00907	0.01186	0.00797	0.00712	0.05839	0.04403	0.16548	0.24018	0.04546	0.26914	0.01289	0.00734	0.00213	0.00411	0.03352	0.04082	0.00744
1	0.02141	0.07173	0.04609	0.03785	0.16935	0.42540	0.03066	0.06908	0.03294	0.01941	0.01146	0.01358	0.00935	0.00659	0.00608	0.00180	0.01012	0.00485	0.00358	0.00866
2	0.00878	0.00664	0.00797	0.00775	0.00936	0.00597	0.00569	0.01114	0.01662	0.02235	0.43734	0.09144	0.26872	0.05986	0.00934	0.00241	0.00341	0.01276	0.00663	0.00583
3	0.01161	0.00951	0.01161	0.01213	0.06568	0.00990	0.00843	0.03675	0.17075	0.02215	0.17816	0.08387	0.18710	0.06061	0.06335	0.00309	0.02294	0.02920	0.00588	0.00727
4	0.00940	0.00705	0.01058	0.01058	0.01176	0.00823	0.00823	0.01176	0.01058	0.01528	0.01763	0.02586	0.01646	0.04937	0.74255	0.01058	0.01763	0.00705	0.00353	0.00588
5	0.02192	0.02694	0.01856	0.10139	0.04383	0.57894	0.01325	0.02391	0.01721	0.01620	0.01084	0.01415	0.00927	0.04113	0.00781	0.00201	0.03703	0.00477	0.00334	0.00750
6	0.01661	0.01426	0.01502	0.01344	0.01721	0.01648	0.01048	0.05320	0.69707	0.02792	0.02650	0.02432	0.01985	0.00890	0.00670	0.00223	0.00527	0.00740	0.00670	0.01044
7	0.02492	0.01497	0.01694	0.01315	0.01795	0.01571	0.01081	0.43329	0.02553	0.24039	0.01939	0.01869	0.01331	0.00795	0.00638	0.00194	0.00630	0.00615	0.09556	0.01064
8	0.00802	0.00573	0.00764	0.00917	0.00955	0.00535	0.00611	0.00917	0.01260	0.01681	0.03628	0.76434	0.04354	0.02062	0.00840	0.00267	0.00382	0.01872	0.00611	0.00535
9	0.05012	0.01173	0.01352	0.00976	0.01551	0.00907	0.00782	0.01714	0.01369	0.04201	0.01199	0.01377	0.00982	0.00502	0.00489	0.00105	0.00491	0.00396	0.00403	0.75019
10	0.01016	0.00787	0.00943	0.00882	0.01055	0.02867	0.00664	0.01407	0.05681	0.02616	0.66467	0.04672	0.05822	0.01301	0.00765	0.00207	0.00348	0.01143	0.00710	0.00648
11	0.00782	0.00652	0.00682	0.00706	0.00900	0.00552	0.00518	0.00940	0.01463	0.01763	0.06192	0.17336	0.61797	0.01729	0.00788	0.00229	0.00341	0.01465	0.00611	0.00552
12	0.00957	0.00638	0.00718	0.00718	0.00718	0.00638	0.00399	0.00957	0.00957	0.01276	0.02074	0.04308	0.02393	0.76864	0.03351	0.00638	0.00638	0.00957	0.00399	0.00399
13	0.67722	0.01356	0.01184	0.01129	0.05617	0.01547	0.00852	0.09788	0.01369	0.03043	0.01012	0.01161	0.00779	0.00630	0.00451	0.00203	0.00550	0.00397	0.00431	0.00779
14	0.01163	0.00724	0.00954	0.00867	0.01063	0.00661	0.00661	0.01467	0.01866	0.10707	0.64430	0.04612	0.05688	0.01285	0.00763	0.00207	0.00339	0.01130	0.00735	0.00678
15	0.01609	0.01553	0.02667	0.03783	0.64387	0.01529	0.06020	0.02004	0.01494	0.02148	0.01240	0.01622	0.01036	0.00579	0.00649	0.00191	0.00784	0.00586	0.00330	0.05788
16	0.01525	0.01484	0.02363	0.09115	0.39883	0.01729	0.01782	0.01825	0.01296	0.01895	0.01089	0.01568	0.00961	0.00809	0.01229	0.00233	0.29431	0.00582	0.00309	0.00893
17	0.00940	0.00705	0.01058	0.01058	0.01176	0.00823	0.00823	0.01176	0.01058	0.01528	0.01763	0.02586	0.01646	0.04937	0.74255	0.01058	0.01763	0.00705	0.00353	0.00588
18	0.02954	0.01120	0.01528	0.01171	0.01681	0.00968	0.00968	0.03208	0.01884	0.73213	0.02597	0.02241	0.01630	0.00815	0.00662	0.00204	0.00560	0.00662	0.00815	0.01120
19	0.01768	0.55975	0.08974	0.01412	0.06051	0.04294	0.01294	0.05849	0.05644	0.01845	0.01101	0.01234	0.00940	0.00605	0.00485	0.00158	0.00734	0.00416	0.00329	0.00892
20	0.02520	0.01462	0.08728	0.01496	0.05780	0.01197	0.04357	0.10738	0.01940	0.48112	0.05172	0.02140	0.01626	0.00792	0.00668	0.00204	0.00646	0.00660	0.00692	0.01070
21	0.00802	0.00573	0.00764	0.00917	0.00955	0.00535	0.00611	0.00917	0.01260	0.01681	0.03628	0.76434	0.04354	0.02062	0.00840	0.00267	0.00382	0.01872	0.00611	0.00535
22	0.01063	0.00580	0.00846	0.00887	0.00903	0.00572	0.00603	0.00894	0.00978	0.01302	0.01810	0.19011	0.01987	0.02215	0.02107	0.59036	0.00531	0.03946	0.00374	0.00356
23	0.05353	0.05913	0.13268	0.02815	0.40546	0.04238	0.01744	0.02022	0.01488	0.04558	0.04427	0.01665	0.01224	0.00630	0.00614	0.00187	0.00756	0.00555	0.00360	0.07639
24	0.00857	0.00655	0.00787	0.00786	0.00946	0.00584	0.00577	0.01086	0.01640	0.02186	0.38446	0.16845	0.29072	0.01573	0.00787	0.00222	0.00330	0.01369	0.00667	0.00584
25	0.01446	0.00731	0.00873	0.00789	0.01014	0.00681	0.00609	0.01738	0.01631	0.16020	0.24019	0.03347	0.06286	0.00995	0.00610	0.00183	0.00358	0.00835	0.37126	0.00710
26	0.01649	0.02488	0.28402	0.02876	0.35926	0.13152	0.02051	0.02141	0.01518	0.02041	0.01182	0.01471	0.00935	0.00615	0.00633	0.00196	0.00916	0.00524	0.00311	0.00973
27	0.01590	0.08867	0.07688	0.22138	0.30665	0.06700	0.07410	0.03660	0.01497	0.01973	0.01186	0.01571	0.00950	0.00615	0.00636	0.00198	0.00867	0.00561	0.00319	0.00906
28	0.01309	0.01237	0.02093	0.63143	0.16159	0.01480	0.01861	0.01740	0.01347	0.01762	0.01182	0.01734	0.00906	0.00646	0.00657	0.00215	0.00861	0.00585	0.00298	0.00784
29	0.14425	0.23634	0.02255	0.05999	0.08363	0.31654	0.01244	0.02223	0.01534	0.01856	0.01002	0.01205	0.00845	0.00626	0.00525	0.00172	0.00889	0.00417	0.00329	0.00802
30	0.00792	0.00663	0.00689	0.00691	0.00900	0.00560	0.00515	0.00968	0.01520	0.01845	0.11963	0.09368	0.63954	0.01658	0.00781	0.00223	0.00334	0.01395	0.00621	0.00560
31	0.01735	0.14882	0.07688	0.04513	0.15380	0.14940	0.06099	0.02424	0.17726	0.02042	0.01613	0.01761	0.03093	0.00716	0.00653	0.00194	0.02647	0.00580	0.00403	0.00911
32	0.00926	0.00668	0.00875	0.00832	0.00982	0.00617	0.00621	0.01228	0.01836	0.02596	0.69281	0.08170	0.06127	0.01378	0.00779	0.00210	0.00314	0.01222	0.00720	0.00617
33	0.09146	0.02848	0.01824	0.01696	0.04428	0.61218	0.01249	0.06597	0.01863	0.01895	0.01050	0.01216	0.00859	0.00676	0.00584	0.00175	0.01088	0.00434	0.00364	0.00790
34	0.00958	0.00711	0.00910	0.00982	0.01092	0.00723	0.00710	0.01331	0.09636	0.01942	0.11512	0.45006	0.03901	0.02111	0.08945	0.00342	0.00554	0.05457	0.02561	0.00617
35	0.01520	0.01537	0.02553	0.35837	0.19411	0.05885	0.17158	0.04514	0.01511	0.01972	0.01228	0.01691	0.00949	0.00625	0.00679	0.00211	0.00921	0.00619	0.00326	0.00853
36	0.01538	0.01372	0.01798	0.09359	0.05996	0.01549	0.07385	0.05067	0.41983	0.02501	0.06387	0.04918	0.01997	0.00897	0.00756	0.00224	0.03991	0.00775	0.00565	0.00941
37	0.02086	0.07245	0.12202	0.01582	0.02016	0.47307	0.01358	0.06109	0.01833	0.01930	0.08980	0.01644	0.01455	0.00744	0.00612	0.00179	0.01005	0.00523	0.00387	0.00802
38	0.00802	0.00573	0.00764	0.00917	0.00955	0.00535	0.00611	0.00917	0.01260	0.01681	0.03628	0.76434	0.04354	0.02062	0.00840	0.00267	0.00382	0.01872	0.00611	0.00535
39	0.00940	0.00765	0.00985	0.01120	0.08899	0.00695	0.00725	0.01192	0.01649	0.02190	0.34492	0.07848	0.33221	0.01423	0.00766	0.00214	0.00375	0.01232	0.00629	0.00637
40	0.01421	0.02960	0.55997	0.02339	0.18102	0.01551	0.02309	0.03978	0.01461	0.02157	0.01205	0.01448	0.00888	0.00622	0.00632	0.00205	0.00924	0.00511	0.00299	0.00992
41	0.00870	0.00667	0.00797	0.00772	0.00948	0.00594	0.00576	0.01121	0.01707	0.02287	0.45632	0.08143	0.30516	0.01491	0.00779	0.00215	0.00322	0.01289	0.00679	0.00594
42	0.01577	0.12281	0.02223	0.21052	0.22897	0.13190	0.01535	0.01880	0.01451	0.01787	0.01528	0.07390	0.04084	0.00794	0.00688	0.00200	0.03621	0.00657	0.00345	0.00820
43	0.01465	0.01281	0.01434	0.01077	0.01597	0.03511	0.00860	0.05381	0.05318	0.02257	0.03731	0.01557	0.01212	0.00592	0.00596	0.00125	0.03938	0.00457	0.00425	0.63185
44	0.09343	0.30423	0.05621	0.01446	0.08077	0.05346	0.02616	0.06902	0.01504	0.08875	0.01438	0.05731	0.01286	0.07837	0.00804	0.00222	0.00701	0.00580	0.00409	0.00841
45	0.05578	0.05141	0.08830	0.09654	0.28537	0.01655	0.07426	0.11117	0.09373	0.02432	0.01459	0.01797	0.01159	0.00683	0.00647	0.00205	0.00779	0.02151	0.00409	0.00968
46	0.01689	0.11465	0.04564	0.17785	0.22449	0.11464	0.11899	0.05110	0.01563	0.01985	0.01179	0.01528	0.00946	0.00614	0.00630	0.00192	0.00890	0.00555	0.00332	0.03162
47	0.01349	0.04761	0.44298	0.01754	0.02514	0.01387	0.12843	0.01936	0.01456	0.05215	0.02221	0.02345	0.13425	0.00803	0.00672	0.00211	0.00856	0.00695	0.00369	0.00889
48	0.02954	0.01120	0.01528	0.01171	0.01681	0.00968	0.00968	0.03208	0.01884	0.73213	0.02597	0.02241	0.01630	0.00815	0.00662	0.00204	0.00560	0.00662	0.00815	0.01120
49	0.01009	0.00791	0.01009	0.01057	0.05324	0.00763	0.00738	0.01429	0.07988	0.02387	0.44095	0.07466	0.16926	0.01445	0.02569	0.00236	0.00408	0.03033	0.00659	0.00668
50	0.00957	0.00638	0.00718	0.00718	0.00718	0.00638	0.00399	0.00957	0.00957	0.01276	0.02074	0.04308	0.02393	0.76864	0.03351	0.00638	0.00638	0.00957	0.00399	0.00399
51	0.01341	0.02249	0.33174	0.12764	0.09542	0.01456	0.17019	0.01907	0.01404	0.01978	0.01503	0.01906	0.04021	0.03649	0.03048	0.00255	0.00956	0.00637	0.00318	0.00875
52	0.02293	0.09237	0.02088	0.01816	0.07717	0.50441	0.01325	0.10572	0.01900	0.01951	0.01087	0.01269	0.00897	0.00694	0.00658	0.00178	0.04219	0.00457	0.00369	0.00834
53	0.00891	0.00680	0.00830	0.00927	0.01029	0.00660	0.00643	0.01207	0.09089	0.01814	0.03963	0.58104	0.13941	0.01876	0.00812	0.00256	0.00390	0.01677	0.00618	0.00594
54	0.01893	0.43824	0.12502	0.01560	0.08549	0.05999	0.01386	0.06238	0.01549	0.09229	0.01200	0.01316	0.00959	0.00620	0.00519	0.00167	0.00760	0.00442	0.00366	0.00921
55	0.03932	0.10196	0.04221	0.10925	0.31225	0.14630	0.01598	0.04000	0.06475	0.02060	0.01287	0.01565	0.01045	0.00644	0.00604	0.00189	0.00818	0.00535	0.03140	0.00911
56	0.03219	0.01257	0.01582	0.01444	0.11447	0.01066	0.00991	0.03594	0.01410	0.02195	0.01172	0.01404	0.00978	0.00541	0.00584	0.00124	0.03726	0.00430	0.00385	0.62450

[dist]
# distance from previous block
# <min> <max>
3	18

[block]
# block no. 5 follows, 33 sequences, length 20
# corresponding to MSA columns:
# 498-517
name=unknown_F
#
# <colnr> <probs for GDERKNQSTAVLIFYWHMCP>
#	G	D	E	R	K	N	Q	S	T	A	V	L	I	F	Y	W	H	M	C	P
0	0.01326	0.01478	0.12771	0.01293	0.01692	0.01256	0.03631	0.02386	0.32670	0.02458	0.18487	0.03312	0.07239	0.03588	0.00797	0.00234	0.00562	0.03367	0.00593	0.00861
1	0.01328	0.01647	0.16584	0.01628	0.02112	0.01254	0.17427	0.06787	0.08269	0.02258	0.08514	0.08531	0.09054	0.02990	0.00812	0.00239	0.00732	0.08531	0.00491	0.00812
2	0.04624	0.09130	0.25732	0.04944	0.22773	0.03237	0.08862	0.04318	0.03588	0.02156	0.01232	0.01501	0.00959	0.00612	0.00619	0.00195	0.00852	0.00537	0.00333	0.03796
3	0.00943	0.00696	0.01011	0.01011	0.01112	0.00797	0.00764	0.01145	0.01044	0.01493	0.01807	0.02827	0.01750	0.14982	0.64353	0.00999	0.01606	0.00741	0.00359	0.00561
4	0.04262	0.04797	0.11990	0.01684	0.02255	0.13446	0.09082	0.34665	0.02312	0.07052	0.01426	0.01520	0.01033	0.00712	0.00642	0.00196	0.00860	0.00561	0.00508	0.00997
5	0.00976	0.00692	0.00940	0.01077	0.01180	0.00681	0.00863	0.01194	0.01385	0.01816	0.03382	0.26955	0.03808	0.09601	0.01140	0.00327	0.00545	0.42288	0.00586	0.00564
6	0.00802	0.00573	0.00764	0.00917	0.00955	0.00535	0.00611	0.00917	0.01260	0.01681	0.03628	0.76434	0.04354	0.02062	0.00840	0.00267	0.00382	0.01872	0.00611	0.00535
7	0.01440	0.01440	0.02016	0.01728	0.01728	0.02016	0.01440	0.01584	0.01008	0.01584	0.00864	0.01440	0.00864	0.01152	0.02160	0.00288	0.75659	0.00576	0.00288	0.00720
8	0.01231	0.00739	0.00976	0.00879	0.01087	0.00672	0.00672	0.01534	0.01867	0.13094	0.62069	0.04521	0.05533	0.01267	0.00760	0.00207	0.00348	0.01112	0.00738	0.00695
9	0.01414	0.01088	0.01167	0.01072	0.01352	0.01208	0.00825	0.02622	0.42143	0.02660	0.14597	0.02881	0.02656	0.00940	0.00636	0.00203	0.00432	0.00789	0.20453	0.00863
10	0.01365	0.01170	0.01365	0.00975	0.01560	0.00878	0.00780	0.01658	0.01365	0.02145	0.01170	0.01365	0.00975	0.00488	0.00488	0.00098	0.00488	0.00390	0.00390	0.80888
11	0.01373	0.01200	0.01438	0.01059	0.01579	0.01004	0.00854	0.01649	0.01325	0.02083	0.01136	0.01373	0.00963	0.00562	0.00674	0.00119	0.08862	0.00411	0.00379	0.71957
12	0.01103	0.00834	0.01167	0.01270	0.01405	0.00898	0.01103	0.01388	0.01459	0.01927	0.03194	0.06759	0.03463	0.01744	0.01049	0.00301	0.08967	0.60779	0.00571	0.00619
