[name]
unknown

[dist]
# distance from previous block
# <min> <max>
16	180

[block]
# block no. 0 follows, 34 sequences, length 102
# corresponding to MSA columns:
# 186-287
name=unknown_A
#
# <colnr> <probs for GDERKNQSTAVLIFYWHMCP>
#	G	D	E	R	K	N	Q	S	T	A	V	L	I	F	Y	W	H	M	C	P
0	0.04347	0.01572	0.01911	0.01871	0.14567	0.04546	0.04809	0.20819	0.23294	0.08432	0.01820	0.01839	0.01353	0.00735	0.00636	0.00197	0.00667	0.00616	0.00553	0.05418
1	0.08449	0.00982	0.01259	0.01415	0.12053	0.01007	0.00903	0.01611	0.09716	0.02145	0.16069	0.19962	0.02955	0.07295	0.00953	0.00245	0.03850	0.00996	0.00519	0.07616
2	0.04124	0.01441	0.02023	0.04042	0.21241	0.04040	0.08419	0.12071	0.04537	0.08730	0.03780	0.01841	0.01314	0.03103	0.03475	0.00226	0.00742	0.00600	0.00452	0.13799
3	0.05368	0.36122	0.06383	0.05581	0.01949	0.08931	0.02934	0.09984	0.03367	0.04225	0.03318	0.01390	0.01081	0.00634	0.00518	0.00163	0.00729	0.00457	0.00378	0.06490
4	0.09721	0.04099	0.02009	0.14683	0.24621	0.09546	0.01448	0.09100	0.01567	0.02219	0.01152	0.01452	0.00929	0.00625	0.00630	0.00182	0.03213	0.00501	0.00364	0.11937
5	0.08574	0.01516	0.01483	0.01262	0.01660	0.09479	0.00994	0.11878	0.30716	0.14148	0.04203	0.02093	0.01658	0.03047	0.00698	0.00211	0.00610	0.00636	0.00604	0.04530
6	0.42627	0.01362	0.03503	0.08134	0.06092	0.01424	0.01030	0.10478	0.01498	0.12368	0.01264	0.01386	0.00921	0.00645	0.00511	0.00195	0.00594	0.00458	0.00464	0.05044
7	0.01629	0.01686	0.05901	0.03471	0.53023	0.03964	0.13055	0.02039	0.01485	0.03866	0.01245	0.01608	0.01011	0.00594	0.00692	0.00198	0.02622	0.00598	0.00330	0.00981
8	0.02382	0.06700	0.01912	0.01629	0.01981	0.67926	0.01240	0.05580	0.01859	0.01689	0.01018	0.01176	0.00844	0.00665	0.00577	0.00166	0.01122	0.00420	0.00344	0.00768
9	0.00800	0.00656	0.00706	0.00693	0.00895	0.00561	0.00520	0.00999	0.01560	0.01952	0.22740	0.05879	0.56676	0.01559	0.00763	0.00215	0.00322	0.01316	0.00627	0.00561
10	0.00914	0.00660	0.00864	0.00813	0.00965	0.00610	0.00610	0.01219	0.01829	0.02591	0.72921	0.04827	0.06097	0.01321	0.00762	0.00203	0.00305	0.01169	0.00711	0.00610
11	0.00863	0.00610	0.00798	0.00870	0.00913	0.00616	0.00581	0.00966	0.01104	0.01497	0.02706	0.38889	0.03120	0.25510	0.17381	0.00539	0.00741	0.01319	0.00482	0.00495
12	0.00890	0.00655	0.00832	0.00796	0.00952	0.00598	0.00594	0.01168	0.01757	0.02441	0.61362	0.08192	0.14573	0.01392	0.00765	0.00208	0.00311	0.01223	0.00692	0.00598
13	0.01727	0.77681	0.03386	0.01106	0.01658	0.02557	0.01106	0.01935	0.01313	0.01520	0.00898	0.01036	0.00829	0.00553	0.00415	0.00138	0.00691	0.00345	0.00276	0.00829
14	0.77266	0.01241	0.00982	0.00867	0.01273	0.01420	0.00714	0.01972	0.01143	0.07016	0.00996	0.01116	0.00752	0.00611	0.00414	0.00200	0.00503	0.00367	0.00423	0.00723
15	0.00908	0.00660	0.00855	0.00807	0.00962	0.00607	0.00605	0.01208	0.01815	0.02557	0.70249	0.04883	0.08790	0.01334	0.00762	0.00204	0.00306	0.01176	0.00707	0.00607
16	0.01220	0.01148	0.01938	0.75739	0.04450	0.01436	0.01794	0.01651	0.01292	0.01651	0.01148	0.01723	0.00861	0.00646	0.00646	0.00215	0.00861	0.00574	0.00287	0.00718
17	0.01654	0.01411	0.01488	0.01324	0.01698	0.01629	0.01034	0.07207	0.68244	0.02779	0.02570	0.02363	0.01924	0.00871	0.00657	0.00218	0.00522	0.00722	0.00657	0.01027
18	0.01340	0.01148	0.01340	0.00957	0.01531	0.00861	0.00766	0.01627	0.01340	0.02105	0.01148	0.01340	0.00957	0.00479	0.00479	0.00096	0.00479	0.00383	0.00383	0.81242
19	0.00940	0.00626	0.00705	0.00705	0.00705	0.00626	0.00392	0.00940	0.00940	0.01253	0.02036	0.04228	0.02349	0.77292	0.03289	0.00626	0.00626	0.00940	0.00392	0.00392
20	0.00787	0.00562	0.00750	0.00900	0.00937	0.00525	0.00600	0.00900	0.01237	0.01649	0.03561	0.76871	0.04274	0.02024	0.00825	0.00262	0.00375	0.01837	0.00600	0.00525
21	0.01114	0.00978	0.01618	0.01413	0.01679	0.00938	0.17083	0.01525	0.07066	0.01979	0.07615	0.30281	0.03159	0.01408	0.00788	0.00243	0.00597	0.14974	0.00536	0.05008
22	0.02456	0.01810	0.01939	0.01487	0.02004	0.02004	0.01228	0.71107	0.03038	0.04072	0.01551	0.01551	0.01099	0.00776	0.00646	0.00194	0.00711	0.00582	0.00646	0.01099
23	0.67312	0.01286	0.00974	0.00882	0.01229	0.05796	0.00696	0.01825	0.01125	0.02621	0.01042	0.01439	0.00906	0.09819	0.00758	0.00249	0.00555	0.00425	0.00395	0.00666
24	0.01631	0.01400	0.01475	0.01320	0.01689	0.01618	0.01029	0.05362	0.70126	0.02742	0.02599	0.02386	0.01947	0.00874	0.00657	0.00218	0.00517	0.00726	0.00657	0.01025
25	0.01785	0.46314	0.02872	0.01435	0.05000	0.04093	0.05600	0.11849	0.06812	0.02033	0.01188	0.01345	0.00997	0.00771	0.03009	0.00194	0.02993	0.00464	0.00366	0.00879
26	0.00923	0.00692	0.01038	0.01038	0.01154	0.00808	0.00808	0.01154	0.01038	0.01500	0.01731	0.02538	0.01615	0.04846	0.74732	0.01038	0.01731	0.00692	0.00346	0.00577
27	0.02323	0.01719	0.02034	0.01889	0.13296	0.08139	0.05036	0.34366	0.04888	0.17224	0.01674	0.01695	0.01188	0.00730	0.00647	0.00195	0.00741	0.00595	0.00580	0.01041
28	0.01737	0.05193	0.02477	0.06917	0.53537	0.15104	0.01799	0.02075	0.01522	0.01964	0.01158	0.01500	0.00972	0.00595	0.00619	0.00186	0.00842	0.00536	0.00319	0.00949
29	0.00817	0.00583	0.00784	0.00934	0.00984	0.00550	0.00651	0.00951	0.01266	0.01683	0.03545	0.68758	0.04209	0.01996	0.00833	0.00266	0.00401	0.09657	0.00599	0.00533
30	0.01007	0.00737	0.00989	0.01116	0.01267	0.00729	0.00947	0.01319	0.03527	0.01911	0.03702	0.13773	0.10164	0.01768	0.00867	0.00284	0.00546	0.54152	0.00598	0.00596
31	0.01739	0.01162	0.01399	0.01021	0.01576	0.00924	0.00825	0.04576	0.01520	0.18609	0.01485	0.01545	0.01110	0.00563	0.00524	0.00123	0.00504	0.00452	0.00488	0.59854
32	0.01368	0.01353	0.01825	0.01591	0.01620	0.04143	0.01312	0.01524	0.01024	0.01547	0.00993	0.01584	0.00969	0.01705	0.13586	0.00399	0.61892	0.00581	0.00294	0.00688
33	0.01531	0.37652	0.37429	0.01522	0.02266	0.03904	0.03736	0.02009	0.01357	0.01792	0.01039	0.01218	0.00828	0.00585	0.00525	0.00173	0.00842	0.00423	0.00278	0.00889
34	0.00787	0.00562	0.00750	0.00900	0.00937	0.00525	0.00600	0.00900	0.01237	0.01649	0.03561	0.76871	0.04274	0.02024	0.00825	0.00262	0.00375	0.01837	0.00600	0.00525
35	0.02899	0.01100	0.01499	0.01150	0.01649	0.00950	0.00950	0.03149	0.01849	0.73709	0.02549	0.02199	0.01599	0.00800	0.00650	0.00200	0.00550	0.00650	0.00800	0.01100
36	0.03598	0.01198	0.01919	0.62472	0.09004	0.01457	0.01714	0.01826	0.07039	0.01805	0.01266	0.01750	0.00958	0.00658	0.00639	0.00214	0.00816	0.00581	0.00323	0.00764
37	0.01446	0.01555	0.06514	0.01785	0.01948	0.01851	0.09733	0.05048	0.01187	0.01774	0.01066	0.04495	0.01012	0.01048	0.01742	0.00265	0.55822	0.00636	0.00318	0.00754
38	0.02600	0.01471	0.01716	0.01328	0.01828	0.01515	0.01093	0.37013	0.06704	0.34717	0.02057	0.01889	0.01373	0.00792	0.00649	0.00198	0.00628	0.00621	0.00715	0.01095
39	0.00797	0.00570	0.00761	0.00911	0.00953	0.00534	0.00618	0.00917	0.01247	0.01661	0.03556	0.74069	0.04251	0.02015	0.00827	0.00264	0.00384	0.04537	0.00600	0.00528
40	0.01030	0.00740	0.01026	0.02800	0.01246	0.00720	0.02842	0.04281	0.01531	0.03958	0.19431	0.36794	0.04196	0.01648	0.00805	0.00249	0.00455	0.15018	0.00617	0.00614
41	0.24474	0.01833	0.01607	0.01315	0.01763	0.15456	0.01062	0.33178	0.02171	0.09275	0.01353	0.01395	0.00981	0.00708	0.00566	0.00191	0.00724	0.00492	0.00532	0.00922
42	0.00785	0.00573	0.00739	0.00872	0.00930	0.00527	0.00588	0.00903	0.01263	0.01660	0.03893	0.69025	0.11905	0.01981	0.00818	0.00257	0.00370	0.01784	0.00600	0.00527
43	0.01206	0.00995	0.01672	0.04812	0.04461	0.00969	0.16155	0.05159	0.01491	0.04871	0.06559	0.36163	0.03047	0.01406	0.00783	0.00242	0.00611	0.08173	0.00532	0.00694
44	0.01592	0.03852	0.02559	0.24958	0.27548	0.09328	0.15200	0.01990	0.01470	0.03589	0.01212	0.01616	0.00954	0.00605	0.00653	0.00200	0.00893	0.00590	0.00323	0.00869
45	0.01562	0.01497	0.02555	0.11023	0.66496	0.01525	0.01964	0.01950	0.01454	0.02066	0.01209	0.01611	0.01008	0.00583	0.00640	0.00194	0.00777	0.00576	0.00317	0.00993
46	0.01539	0.01373	0.01366	0.01233	0.01578	0.05370	0.00956	0.04771	0.55308	0.02527	0.03135	0.02925	0.13153	0.00983	0.00670	0.00216	0.00522	0.00810	0.00631	0.00934
47	0.52872	0.01423	0.01503	0.05768	0.17719	0.05546	0.02893	0.01947	0.01245	0.02558	0.01000	0.01235	0.00796	0.00599	0.00487	0.00198	0.00632	0.00427	0.00370	0.00781
48	0.00827	0.00636	0.00721	0.00736	0.00876	0.00568	0.00518	0.00985	0.01422	0.01825	0.18998	0.17395	0.36564	0.13635	0.01174	0.00287	0.00378	0.01335	0.00590	0.00531
49	0.01608	0.19488	0.01916	0.01085	0.01636	0.04915	0.00921	0.09511	0.01547	0.02161	0.01127	0.01283	0.00937	0.00538	0.00487	0.00120	0.00588	0.00398	0.00385	0.49349
50	0.01585	0.01556	0.02551	0.11903	0.60825	0.04264	0.03950	0.01971	0.01466	0.02038	0.01202	0.01601	0.00997	0.00586	0.00642	0.00194	0.00802	0.00575	0.00317	0.00974
51	0.01439	0.19713	0.56175	0.01658	0.02511	0.01718	0.02061	0.02055	0.01367	0.04074	0.01143	0.01317	0.00844	0.00606	0.00571	0.00190	0.00884	0.00453	0.00289	0.00931
52	0.01199	0.00710	0.00895	0.00883	0.01076	0.00633	0.00661	0.01391	0.01519	0.14942	0.15176	0.29331	0.22208	0.01574	0.00771	0.00232	0.00395	0.05099	0.00654	0.00652
53	0.00829	0.00657	0.00745	0.00723	0.00913	0.00573	0.00542	0.01053	0.01626	0.02110	0.35154	0.05618	0.44164	0.01500	0.00763	0.00212	0.00318	0.01280	0.00648	0.00573
54	0.01610	0.55192	0.20877	0.01375	0.02033	0.02246	0.05178	0.01970	0.01337	0.01680	0.00985	0.01156	0.00835	0.00567	0.00483	0.00159	0.00778	0.00401	0.00278	0.00863
55	0.00923	0.00692	0.01038	0.01038	0.01154	0.00808	0.00808	0.01154	0.01038	0.01500	0.01731	0.02538	0.01615	0.04846	0.74732	0.01038	0.01731	0.00692	0.00346	0.00577
56	0.00787	0.00655	0.00686	0.00679	0.00887	0.00555	0.00509	0.00972	0.01527	0.01874	0.16624	0.06007	0.62841	0.01588	0.00763	0.00216	0.00324	0.01334	0.00617	0.00555
57	0.00916	0.00695	0.00822	0.00783	0.00967	0.00643	0.00590	0.01259	0.05453	0.02332	0.46244	0.05032	0.26147	0.01372	0.00745	0.00207	0.00323	0.01184	0.03674	0.00612
58	0.00924	0.00689	0.01024	0.01024	0.01134	0.00800	0.00789	0.01144	0.01034	0.01489	0.01744	0.02614	0.01648	0.08072	0.71550	0.01020	0.01682	0.00703	0.00348	0.00569
59	0.81856	0.01250	0.00950	0.00850	0.01250	0.01449	0.00700	0.01899	0.01100	0.02899	0.00900	0.01050	0.00700	0.00600	0.00400	0.00200	0.00500	0.00350	0.00400	0.00700
60	0.01722	0.01445	0.01526	0.01338	0.01724	0.01661	0.01051	0.12617	0.62723	0.02889	0.02483	0.02294	0.01854	0.00863	0.00656	0.00216	0.00538	0.00710	0.00656	0.01033
61	0.00914	0.00660	0.00864	0.00813	0.00965	0.00610	0.00610	0.01219	0.01829	0.02591	0.72921	0.04827	0.06097	0.01321	0.00762	0.00203	0.00305	0.01169	0.00711	0.00610
62	0.00837	0.00678	0.00757	0.00796	0.00996	0.00598	0.00636	0.01036	0.01477	0.01795	0.05721	0.06501	0.54723	0.01676	0.00798	0.00239	0.00398	0.19184	0.00599	0.00559
63	0.01525	0.01743	0.03813	0.02723	0.03377	0.01634	0.70915	0.02070	0.01525	0.02070	0.01307	0.01743	0.00980	0.00545	0.00763	0.00218	0.01089	0.00763	0.00327	0.00871
64	0.01296	0.03342	0.73944	0.01842	0.02797	0.01501	0.02387	0.02046	0.01364	0.02046	0.01160	0.01364	0.00818	0.00614	0.00614	0.00205	0.00955	0.00477	0.00273	0.00955
65	0.00910	0.00660	0.00857	0.00808	0.00962	0.00608	0.00606	0.01210	0.01817	0.02563	0.70752	0.04872	0.08282	0.01331	0.00762	0.00204	0.00306	0.01175	0.00708	0.00608
66	0.01495	0.01429	0.02434	0.23691	0.54351	0.01508	0.01931	0.01892	0.01422	0.01984	0.01197	0.01633	0.00979	0.00595	0.00641	0.00198	0.00793	0.00575	0.00311	0.00939
67	0.01607	0.01388	0.01461	0.01315	0.01680	0.01607	0.01023	0.03433	0.72094	0.02703	0.02630	0.02411	0.01972	0.00877	0.00657	0.00219	0.00511	0.00731	0.00657	0.01023
68	0.02472	0.01784	0.01923	0.01474	0.01991	0.01965	0.01218	0.68624	0.02995	0.06616	0.01588	0.01575	0.01117	0.00777	0.00646	0.00194	0.00705	0.00584	0.00652	0.01099
69	0.02414	0.03079	0.01831	0.01665	0.01998	0.74698	0.01248	0.02580	0.01831	0.01581	0.00999	0.01165	0.00832	0.00666	0.00583	0.00166	0.01165	0.00416	0.00333	0.00749
70	0.00782	0.00655	0.00680	0.00674	0.00884	0.00553	0.00505	0.00962	0.01516	0.01847	0.14510	0.06051	0.64972	0.01599	0.00763	0.00216	0.00325	0.01340	0.00613	0.00553
71	0.39836	0.01170	0.01242	0.01009	0.01462	0.01183	0.00833	0.02564	0.01499	0.40583	0.01777	0.01661	0.01179	0.00706	0.00533	0.00200	0.00526	0.00509	0.00613	0.00913
72	0.01220	0.01148	0.01938	0.75739	0.04450	0.01436	0.01794	0.01651	0.01292	0.01651	0.01148	0.01723	0.00861	0.00646	0.00646	0.00215	0.00861	0.00574	0.00287	0.00718
73	0.01349	0.12472	0.65279	0.01751	0.02657	0.01630	0.02230	0.02033	0.01358	0.01982	0.01127	0.01324	0.00820	0.00606	0.00589	0.00196	0.00922	0.00461	0.00273	0.00939
74	0.02875	0.01138	0.01523	0.01168	0.01668	0.01006	0.00965	0.06805	0.01913	0.69963	0.02495	0.02164	0.01573	0.00798	0.00650	0.00200	0.00558	0.00646	0.00791	0.01100
75	0.02885	0.01123	0.01514	0.01160	0.01661	0.00984	0.00959	0.05345	0.01888	0.71459	0.02517	0.02178	0.01583	0.00799	0.00650	0.00200	0.00555	0.00648	0.00795	0.01100
76	0.00796	0.00572	0.00757	0.00902	0.00950	0.00533	0.00612	0.00917	0.01254	0.01663	0.03655	0.71993	0.06525	0.02003	0.00825	0.00262	0.00381	0.04272	0.00600	0.00528
77	0.11122	0.01182	0.01435	0.01134	0.01597	0.01138	0.00930	0.09905	0.06713	0.50265	0.02252	0.02036	0.01481	0.00779	0.00613	0.00198	0.00545	0.00614	0.05039	0.01025
78	0.02899	0.01100	0.01499	0.01150	0.01649	0.00950	0.00950	0.03149	0.01849	0.73709	0.02549	0.02199	0.01599	0.00800	0.00650	0.00200	0.00550	0.00650	0.00800	0.01100
79	0.81856	0.01250	0.00950	0.00850	0.01250	0.01449	0.00700	0.01899	0.01100	0.02899	0.00900	0.01050	0.00700	0.00600	0.00400	0.00200	0.00500	0.00350	0.00400	0.00700
80	0.00934	0.00651	0.00827	0.00827	0.00869	0.00693	0.00544	0.01018	0.00976	0.01343	0.01924	0.03608	0.02080	0.50715	0.29498	0.00778	0.01032	0.00849	0.00375	0.00460
81	0.02422	0.05245	0.01999	0.01478	0.01988	0.05245	0.01224	0.64995	0.02908	0.03848	0.01498	0.01511	0.01075	0.00761	0.00633	0.00190	0.00730	0.00564	0.00616	0.01071
82	0.01703	0.48016	0.16495	0.01464	0.02077	0.10312	0.08162	0.02041	0.01401	0.01679	0.00998	0.01181	0.00842	0.00576	0.00505	0.00162	0.00832	0.00419	0.00287	0.00848
83	0.01511	0.01474	0.02243	0.18123	0.39557	0.04801	0.01738	0.01911	0.04505	0.01909	0.01219	0.01681	0.01031	0.02698	0.00941	0.00222	0.12646	0.00583	0.00325	0.00882
84	0.01500	0.01295	0.01359	0.01231	0.01578	0.01472	0.00955	0.03115	0.63118	0.02581	0.03128	0.02895	0.11001	0.00973	0.00671	0.00219	0.00488	0.00811	0.00650	0.00962
85	0.01340	0.01148	0.01340	0.00957	0.01531	0.00861	0.00766	0.01627	0.01340	0.02105	0.01148	0.01340	0.00957	0.00479	0.00479	0.00096	0.00479	0.00383	0.00383	0.81242
86	0.02899	0.01100	0.01499	0.01150	0.01649	0.00950	0.00950	0.03149	0.01849	0.73709	0.02549	0.02199	0.01599	0.00800	0.00650	0.00200	0.00550	0.00650	0.00800	0.01100
87	0.01414	0.01414	0.01979	0.01696	0.01696	0.01979	0.01414	0.01555	0.00990	0.01555	0.00848	0.01414	0.00848	0.01131	0.02120	0.00283	0.76110	0.00565	0.00283	0.00707
88	0.01607	0.01388	0.01461	0.01315	0.01680	0.01607	0.01023	0.03433	0.72094	0.02703	0.02630	0.02411	0.01972	0.00877	0.00657	0.00219	0.00511	0.00731	0.00657	0.01023
89	0.00904	0.00660	0.00850	0.00802	0.00959	0.00605	0.00602	0.01200	0.01805	0.02534	0.68469	0.04920	0.10584	0.01342	0.00762	0.00204	0.00306	0.01182	0.00704	0.00605
90	0.01607	0.01388	0.01461	0.01315	0.01680	0.01607	0.01023	0.03433	0.72094	0.02703	0.02630	0.02411	0.01972	0.00877	0.00657	0.00219	0.00511	0.00731	0.00657	0.01023
91	0.01054	0.00774	0.01083	0.01209	0.01346	0.00804	0.01048	0.01337	0.01453	0.01905	0.03287	0.09018	0.03580	0.01757	0.00957	0.00296	0.04651	0.63264	0.00578	0.00599
92	0.02899	0.01100	0.01499	0.01150	0.01649	0.00950	0.00950	0.03149	0.01849	0.73709	0.02549	0.02199	0.01599	0.00800	0.00650	0.00200	0.00550	0.00650	0.00800	0.01100
93	0.01204	0.00602	0.00602	0.00602	0.00753	0.00602	0.00452	0.01506	0.01355	0.02409	0.02108	0.02409	0.01656	0.00753	0.00452	0.00151	0.00301	0.00602	0.80879	0.00602
94	0.00765	0.00650	0.00660	0.00668	0.00876	0.00544	0.00497	0.00926	0.01460	0.01740	0.06385	0.10019	0.69302	0.01657	0.00767	0.00221	0.00330	0.01389	0.00600	0.00544
95	0.02456	0.01810	0.01939	0.01487	0.02004	0.02004	0.01228	0.71107	0.03038	0.04072	0.01551	0.01551	0.01099	0.00776	0.00646	0.00194	0.00711	0.00582	0.00646	0.01099
96	0.02468	0.01792	0.01928	0.01478	0.01995	0.01977	0.01221	0.69366	0.03007	0.05857	0.01577	0.01568	0.01112	0.00776	0.00646	0.00194	0.00707	0.00583	0.00650	0.01099
97	0.02349	0.02946	0.01765	0.01607	0.01931	0.70712	0.01206	0.02522	0.01805	0.01626	0.01058	0.01232	0.00877	0.00671	0.00576	0.00166	0.01119	0.00426	0.04666	0.00741
98	0.01578	0.01345	0.02640	0.01952	0.02444	0.01246	0.40602	0.02010	0.01660	0.13633	0.21021	0.02656	0.02473	0.00797	0.00744	0.00211	0.00790	0.00855	0.00507	0.00836
99	0.07017	0.01149	0.01496	0.01154	0.01649	0.01037	0.00953	0.07053	0.01879	0.65924	0.02404	0.02101	0.01523	0.00788	0.00636	0.00200	0.00557	0.00630	0.00770	0.01079
100	0.00786	0.00640	0.00700	0.00743	0.00916	0.00553	0.00550	0.00947	0.01421	0.01736	0.05684	0.22015	0.53330	0.01732	0.00785	0.00233	0.00355	0.05729	0.00600	0.00544
101	0.01664	0.01375	0.01463	0.01308	0.01679	0.01578	0.01019	0.03421	0.68986	0.05845	0.02626	0.02401	0.01956	0.00873	0.00657	0.00218	0.00513	0.00727	0.00664	0.01026

[dist]
# distance from previous block
# <min> <max>
1	32

[block]
# block no. 1 follows, 34 sequences, length 64
# corresponding to MSA columns:
# 320-383
name=unknown_B
#
# <colnr> <probs for GDERKNQSTAVLIFYWHMCP>
#	G	D	E	R	K	N	Q	S	T	A	V	L	I	F	Y	W	H	M	C	P
0	0.70870	0.01247	0.01037	0.00900	0.01314	0.01407	0.00742	0.03795	0.01234	0.10976	0.01104	0.01193	0.00812	0.00627	0.00435	0.00200	0.00511	0.00390	0.00452	0.00755
1	0.00969	0.00706	0.00865	0.00904	0.01096	0.00646	0.00739	0.01208	0.01542	0.04459	0.14587	0.06300	0.33872	0.01621	0.00810	0.00246	0.00437	0.27779	0.00621	0.00593
2	0.76127	0.01264	0.01005	0.00883	0.01291	0.01450	0.00728	0.04370	0.01195	0.05584	0.00984	0.01110	0.00747	0.00613	0.00418	0.00200	0.00509	0.00369	0.00423	0.00729
3	0.00838	0.00598	0.00804	0.00942	0.00998	0.00573	0.00667	0.00979	0.01257	0.01672	0.03411	0.60449	0.04013	0.05123	0.03633	0.00311	0.00469	0.12151	0.00581	0.00532
4	0.00776	0.00656	0.00674	0.00685	0.00895	0.00554	0.00518	0.00945	0.01467	0.01751	0.06327	0.08191	0.68093	0.01653	0.00771	0.00223	0.00340	0.04334	0.00600	0.00547
5	0.05710	0.01334	0.04323	0.01216	0.01704	0.05959	0.01029	0.02975	0.01776	0.61373	0.02281	0.02032	0.01462	0.00786	0.00677	0.00200	0.02788	0.00614	0.00718	0.01044
6	0.02108	0.01234	0.01416	0.01165	0.01560	0.01291	0.00938	0.19641	0.18030	0.24427	0.02209	0.02139	0.01572	0.00954	0.03380	0.00225	0.00579	0.00644	0.15520	0.00970
7	0.74389	0.01422	0.01033	0.00926	0.01320	0.08335	0.00751	0.01963	0.01168	0.02775	0.00909	0.01060	0.00712	0.00606	0.00417	0.00197	0.00562	0.00356	0.00394	0.00704
8	0.01704	0.00981	0.01207	0.01040	0.01357	0.00966	0.00817	0.02373	0.19594	0.24773	0.31283	0.03437	0.05584	0.01055	0.00701	0.00207	0.00434	0.00902	0.00722	0.00865
9	0.00939	0.00713	0.01055	0.01046	0.01153	0.00838	0.00810	0.01158	0.01033	0.01492	0.01715	0.02571	0.01621	0.07648	0.69550	0.00998	0.04045	0.00698	0.00346	0.00574
10	0.01677	0.68962	0.11662	0.01192	0.01792	0.02433	0.01256	0.01948	0.01319	0.01582	0.00929	0.01075	0.00828	0.00560	0.00438	0.00146	0.00722	0.00361	0.00276	0.00844
11	0.01169	0.00846	0.00994	0.00922	0.01152	0.00838	0.00702	0.01772	0.17410	0.07295	0.35597	0.08493	0.17691	0.01287	0.00735	0.00213	0.00376	0.01111	0.00677	0.00718
12	0.00801	0.00656	0.00707	0.00694	0.00896	0.00562	0.00521	0.01000	0.01562	0.01957	0.23175	0.05870	0.56238	0.01557	0.00763	0.00214	0.00322	0.01315	0.00628	0.00562
13	0.00905	0.00657	0.00853	0.00810	0.00961	0.00605	0.00605	0.01199	0.01798	0.02531	0.68345	0.07112	0.08483	0.01354	0.00764	0.00206	0.00308	0.01196	0.00704	0.00605
14	0.05268	0.01089	0.01455	0.01124	0.01610	0.00954	0.00927	0.03061	0.01811	0.69367	0.02485	0.02170	0.01574	0.00792	0.00636	0.00198	0.00541	0.00639	0.03227	0.01072
15	0.81856	0.01250	0.00950	0.00850	0.01250	0.01449	0.00700	0.01899	0.01100	0.02899	0.00900	0.01050	0.00700	0.00600	0.00400	0.00200	0.00500	0.00350	0.00400	0.00700
16	0.81856	0.01250	0.00950	0.00850	0.01250	0.01449	0.00700	0.01899	0.01100	0.02899	0.00900	0.01050	0.00700	0.00600	0.00400	0.00200	0.00500	0.00350	0.00400	0.00700
17	0.00914	0.00660	0.00864	0.00813	0.00965	0.00610	0.00610	0.01219	0.01829	0.02591	0.72921	0.04827	0.06097	0.01321	0.00762	0.00203	0.00305	0.01169	0.00711	0.00610
18	0.01296	0.03342	0.73944	0.01842	0.02797	0.01501	0.02387	0.02046	0.01364	0.02046	0.01160	0.01364	0.00818	0.00614	0.00614	0.00205	0.00955	0.00477	0.00273	0.00955
19	0.01009	0.00705	0.00783	0.00768	0.00806	0.00728	0.00457	0.01198	0.08309	0.01403	0.02097	0.04040	0.02310	0.69378	0.03016	0.00584	0.00615	0.00918	0.00419	0.00457
20	0.01041	0.00744	0.01041	0.01190	0.01339	0.00744	0.01041	0.01339	0.01487	0.01934	0.03421	0.07288	0.03719	0.01785	0.00892	0.00297	0.00595	0.68913	0.00595	0.00595
21	0.02456	0.01810	0.01939	0.01487	0.02004	0.02004	0.01228	0.71107	0.03038	0.04072	0.01551	0.01551	0.01099	0.00776	0.00646	0.00194	0.00711	0.00582	0.00646	0.01099
22	0.01727	0.77681	0.03386	0.01106	0.01658	0.02557	0.01106	0.01935	0.01313	0.01520	0.00898	0.01036	0.00829	0.00553	0.00415	0.00138	0.00691	0.00345	0.00276	0.00829
23	0.00867	0.00659	0.00798	0.00763	0.00936	0.00590	0.00572	0.01128	0.01717	0.02326	0.52095	0.05263	0.27088	0.01420	0.00763	0.00208	0.00312	0.01230	0.00676	0.00590
24	0.01340	0.01148	0.01340	0.00957	0.01531	0.00861	0.00766	0.01627	0.01340	0.02105	0.01148	0.01340	0.00957	0.00479	0.00479	0.00096	0.00479	0.00383	0.00383	0.81242
25	0.00764	0.00655	0.00655	0.00655	0.00873	0.00545	0.00491	0.00927	0.01473	0.01745	0.06546	0.06218	0.73000	0.01636	0.00764	0.00218	0.00327	0.01364	0.00600	0.00545
26	0.01220	0.01148	0.01938	0.75739	0.04450	0.01436	0.01794	0.01651	0.01292	0.01651	0.01148	0.01723	0.00861	0.00646	0.00646	0.00215	0.00861	0.00574	0.00287	0.00718
27	0.01302	0.01251	0.01735	0.01527	0.01531	0.01702	0.01240	0.01430	0.01017	0.01546	0.01273	0.11105	0.01384	0.06568	0.02039	0.00304	0.61303	0.00752	0.00330	0.00662
28	0.02450	0.01980	0.01925	0.01511	0.02003	0.11773	0.01231	0.61898	0.02876	0.03737	0.01477	0.01499	0.01063	0.00761	0.00638	0.00190	0.00772	0.00559	0.00604	0.01052
29	0.01220	0.01148	0.01938	0.75739	0.04450	0.01436	0.01794	0.01651	0.01292	0.01651	0.01148	0.01723	0.00861	0.00646	0.00646	0.00215	0.00861	0.00574	0.00287	0.00718
30	0.01734	0.01557	0.02375	0.09356	0.46587	0.05212	0.04752	0.06868	0.01603	0.06862	0.01309	0.01614	0.01037	0.00607	0.00634	0.00188	0.00774	0.00569	0.00376	0.05987
31	0.00999	0.00714	0.00993	0.01142	0.01273	0.00708	0.00969	0.01266	0.01446	0.01887	0.03444	0.18742	0.03810	0.01824	0.00881	0.00292	0.00559	0.57872	0.00596	0.00583
32	0.01220	0.01148	0.01938	0.75739	0.04450	0.01436	0.01794	0.01651	0.01292	0.01651	0.01148	0.01723	0.00861	0.00646	0.00646	0.00215	0.00861	0.00574	0.00287	0.00718
33	0.06521	0.01769	0.01842	0.01430	0.01931	0.05062	0.01175	0.58057	0.02772	0.10603	0.01590	0.01571	0.01115	0.00764	0.00631	0.00194	0.00705	0.00569	0.00635	0.01063
34	0.00789	0.00574	0.00745	0.00875	0.00932	0.00529	0.00590	0.00912	0.01277	0.01687	0.05982	0.68296	0.10496	0.01968	0.00817	0.00257	0.00368	0.01774	0.00603	0.00529
35	0.00954	0.00682	0.00941	0.01091	0.01201	0.00669	0.00890	0.01188	0.01402	0.01836	0.03469	0.31101	0.03908	0.01867	0.00869	0.00285	0.00520	0.45958	0.00597	0.00571
36	0.00805	0.00575	0.00770	0.00920	0.00965	0.00540	0.00631	0.00930	0.01255	0.01669	0.03551	0.72006	0.04235	0.02008	0.00829	0.00265	0.00390	0.06527	0.00599	0.00530
37	0.01416	0.01398	0.02523	0.35907	0.30263	0.01508	0.13900	0.01849	0.01400	0.01898	0.01201	0.01680	0.00943	0.00602	0.00664	0.00207	0.00866	0.00608	0.00306	0.00860
38	0.02521	0.01079	0.01424	0.01151	0.01589	0.00978	0.00945	0.05834	0.04910	0.56569	0.02729	0.06073	0.03737	0.00959	0.00681	0.00212	0.00545	0.06294	0.00756	0.01015
39	0.02368	0.02787	0.01853	0.04879	0.02106	0.59578	0.01269	0.13769	0.02005	0.01993	0.01096	0.01253	0.00877	0.00683	0.00596	0.00173	0.01077	0.00450	0.00382	0.00805
40	0.01563	0.01498	0.02557	0.10802	0.66708	0.01526	0.01965	0.01951	0.01454	0.02067	0.01209	0.01611	0.01008	0.00582	0.00640	0.00194	0.00777	0.00576	0.00317	0.00994
41	0.02882	0.01127	0.01517	0.01163	0.01663	0.00991	0.00960	0.05783	0.01895	0.71010	0.02510	0.02174	0.01580	0.00799	0.00650	0.00200	0.00556	0.00647	0.00794	0.01100
42	0.01599	0.01535	0.02623	0.03966	0.73262	0.01535	0.01983	0.01983	0.01471	0.02111	0.01215	0.01599	0.01023	0.00576	0.00640	0.00192	0.00768	0.00576	0.00320	0.01023
43	0.01816	0.01492	0.01579	0.01357	0.01760	0.01705	0.01073	0.20080	0.55108	0.03040	0.02365	0.02199	0.01758	0.00852	0.00655	0.00213	0.00560	0.00694	0.00655	0.01041
44	0.01005	0.00799	0.00976	0.00906	0.01167	0.00662	0.00666	0.01200	0.01327	0.01876	0.05776	0.37633	0.08858	0.01377	0.00689	0.00195	0.00413	0.03212	0.00523	0.30739
45	0.27199	0.01082	0.01262	0.01092	0.01454	0.01081	0.04805	0.04819	0.01417	0.11849	0.01997	0.15404	0.01904	0.01016	0.00614	0.00209	0.00537	0.09508	0.00517	0.12232
46	0.01656	0.01802	0.03558	0.02570	0.03194	0.06629	0.62553	0.02160	0.01563	0.05687	0.01349	0.01726	0.01002	0.00566	0.00744	0.00213	0.01067	0.00733	0.00351	0.00875
47	0.01451	0.01372	0.02298	0.24571	0.41274	0.01466	0.04586	0.01943	0.05975	0.02002	0.01426	0.02044	0.01201	0.00689	0.00663	0.00208	0.00781	0.04799	0.00349	0.00901
48	0.00809	0.00578	0.00756	0.00889	0.00935	0.00543	0.00599	0.00923	0.01234	0.01635	0.03549	0.65770	0.06614	0.07672	0.01011	0.00290	0.00402	0.04689	0.00584	0.00519
49	0.12128	0.01635	0.02331	0.01852	0.05892	0.01707	0.20982	0.31598	0.04364	0.08887	0.01498	0.01625	0.01080	0.00683	0.00649	0.00203	0.00775	0.00614	0.00521	0.00978
50	0.00787	0.00562	0.00750	0.00900	0.00937	0.00525	0.00600	0.00900	0.01237	0.01649	0.03561	0.76871	0.04274	0.02024	0.00825	0.00262	0.00375	0.01837	0.00600	0.00525
51	0.00793	0.00570	0.00742	0.00877	0.00923	0.00530	0.00585	0.00903	0.01237	0.01637	0.03663	0.69689	0.08076	0.05303	0.00929	0.00276	0.00383	0.01771	0.00591	0.00520
52	0.09495	0.01340	0.01587	0.01233	0.01726	0.01337	0.01016	0.24065	0.04110	0.44126	0.02101	0.01906	0.01378	0.00777	0.00628	0.00199	0.00594	0.00605	0.00714	0.01063
53	0.02137	0.01692	0.02004	0.01567	0.02058	0.01861	0.08271	0.46226	0.21098	0.03507	0.01811	0.01797	0.01317	0.00779	0.00661	0.00203	0.00697	0.00639	0.00617	0.01056
54	0.00811	0.00639	0.00676	0.00689	0.00836	0.00564	0.00475	0.00928	0.01315	0.01611	0.05124	0.12068	0.48755	0.21010	0.01415	0.00327	0.00408	0.01298	0.00547	0.00504
55	0.01283	0.01182	0.01938	0.71955	0.04326	0.01464	0.01766	0.05190	0.01381	0.01774	0.01169	0.01714	0.00873	0.00653	0.00646	0.00214	0.00854	0.00575	0.00305	0.00737
56	0.01340	0.01148	0.01340	0.00957	0.01531	0.00861	0.00766	0.01627	0.01340	0.02105	0.01148	0.01340	0.00957	0.00479	0.00479	0.00096	0.00479	0.00383	0.00383	0.81242
57	0.13343	0.26177	0.02369	0.01486	0.05480	0.14122	0.05532	0.15353	0.01756	0.07080	0.01192	0.01309	0.00934	0.00638	0.00534	0.00174	0.00767	0.00461	0.00414	0.00880
58	0.01077	0.00878	0.01169	0.01085	0.01114	0.01076	0.00801	0.01177	0.00979	0.01405	0.01605	0.02964	0.01717	0.36357	0.20886	0.00627	0.23439	0.00766	0.00348	0.00532
59	0.00883	0.00602	0.00722	0.00777	0.00791	0.00589	0.00469	0.00925	0.01051	0.01401	0.02605	0.31336	0.03067	0.49205	0.02369	0.00491	0.00533	0.01274	0.00469	0.00441
60	0.01637	0.00852	0.01096	0.00953	0.01248	0.00773	0.00756	0.01968	0.04843	0.27753	0.31348	0.04124	0.13811	0.01187	0.00725	0.00210	0.00421	0.04786	0.00718	0.00792
61	0.01316	0.01123	0.01314	0.00955	0.01505	0.00847	0.00758	0.01595	0.01335	0.02085	0.01254	0.04652	0.01102	0.00546	0.00494	0.00103	0.00474	0.00447	0.00392	0.77703
62	0.01423	0.25299	0.53104	0.01624	0.02460	0.01813	0.02009	0.02013	0.01349	0.01891	0.01082	0.01267	0.00822	0.00596	0.00555	0.00185	0.00877	0.00438	0.00274	0.00918
63	0.00787	0.00562	0.00750	0.00900	0.00937	0.00525	0.00600	0.00900	0.01237	0.01649	0.03561	0.76871	0.04274	0.02024	0.00825	0.00262	0.00375	0.01837	0.00600	0.00525

[dist]
# distance from previous block
# <min> <max>
0	21

[block]
# block no. 2 follows, 34 sequences, length 101
# corresponding to MSA columns:
# 405-472,484-516
name=unknown_C
#
# <colnr> <probs for GDERKNQSTAVLIFYWHMCP>
#	G	D	E	R	K	N	Q	S	T	A	V	L	I	F	Y	W	H	M	C	P
0	0.01340	0.01148	0.01340	0.00957	0.01531	0.00861	0.00766	0.01627	0.01340	0.02105	0.01148	0.01340	0.00957	0.00479	0.00479	0.00096	0.00479	0.00383	0.00383	0.81242
1	0.02881	0.01129	0.01517	0.01163	0.01664	0.00993	0.00961	0.05914	0.01898	0.70876	0.02509	0.02173	0.01579	0.00799	0.00650	0.00200	0.00556	0.00647	0.00793	0.01100
2	0.00914	0.00660	0.00864	0.00813	0.00965	0.00610	0.00610	0.01219	0.01829	0.02591	0.72921	0.04827	0.06097	0.01321	0.00762	0.00203	0.00305	0.01169	0.00711	0.00610
3	0.02899	0.01100	0.01499	0.01150	0.01649	0.00950	0.00950	0.03149	0.01849	0.73709	0.02549	0.02199	0.01599	0.00800	0.00650	0.00200	0.00550	0.00650	0.00800	0.01100
4	0.01296	0.03342	0.73944	0.01842	0.02797	0.01501	0.02387	0.02046	0.01364	0.02046	0.01160	0.01364	0.00818	0.00614	0.00614	0.00205	0.00955	0.00477	0.00273	0.00955
5	0.00940	0.00626	0.00705	0.00705	0.00705	0.00626	0.00392	0.00940	0.00940	0.01253	0.02036	0.04228	0.02349	0.77292	0.03289	0.00626	0.00626	0.00940	0.00392	0.00392
6	0.02379	0.01772	0.01896	0.01471	0.01974	0.01968	0.01210	0.64990	0.09281	0.03948	0.01649	0.01629	0.01178	0.00785	0.00647	0.00196	0.00693	0.00595	0.00647	0.01092
7	0.02316	0.01740	0.01860	0.01458	0.01950	0.01938	0.01194	0.59954	0.14419	0.03846	0.01729	0.01693	0.01243	0.00792	0.00648	0.00198	0.00678	0.00606	0.00648	0.01086
8	0.75115	0.01405	0.01024	0.00919	0.01313	0.07665	0.00746	0.01957	0.01162	0.02787	0.00908	0.01059	0.00711	0.00605	0.00415	0.00197	0.00556	0.00356	0.00394	0.00704
9	0.01296	0.03342	0.73944	0.01842	0.02797	0.01501	0.02387	0.02046	0.01364	0.02046	0.01160	0.01364	0.00818	0.00614	0.00614	0.00205	0.00955	0.00477	0.00273	0.00955
10	0.01607	0.01388	0.01461	0.01315	0.01680	0.01607	0.01023	0.03433	0.72094	0.02703	0.02630	0.02411	0.01972	0.00877	0.00657	0.00219	0.00511	0.00731	0.00657	0.01023
11	0.01041	0.00744	0.01041	0.01190	0.01339	0.00744	0.01041	0.01339	0.01487	0.01934	0.03421	0.07288	0.03719	0.01785	0.00892	0.00297	0.00595	0.68913	0.00595	0.00595
12	0.81856	0.01250	0.00950	0.00850	0.01250	0.01449	0.00700	0.01899	0.01100	0.02899	0.00900	0.01050	0.00700	0.00600	0.00400	0.00200	0.00500	0.00350	0.00400	0.00700
13	0.01408	0.01397	0.01983	0.01797	0.05510	0.01917	0.01425	0.01565	0.01017	0.01583	0.00896	0.01460	0.00882	0.01221	0.04388	0.00302	0.69672	0.00570	0.00287	0.00720
14	0.02419	0.01774	0.01899	0.01460	0.01967	0.01962	0.01205	0.69043	0.02988	0.04023	0.01568	0.01577	0.01115	0.00775	0.00641	0.00193	0.00699	0.00582	0.03025	0.01084
15	0.27978	0.01159	0.01315	0.01051	0.01510	0.01136	0.00866	0.05080	0.01639	0.46790	0.01977	0.01816	0.01297	0.00734	0.00565	0.00198	0.00533	0.00551	0.02846	0.00959
16	0.01727	0.77681	0.03386	0.01106	0.01658	0.02557	0.01106	0.01935	0.01313	0.01520	0.00898	0.01036	0.00829	0.00553	0.00415	0.00138	0.00691	0.00345	0.00276	0.00829
17	0.01220	0.01148	0.01938	0.75739	0.04450	0.01436	0.01794	0.01651	0.01292	0.01651	0.01148	0.01723	0.00861	0.00646	0.00646	0.00215	0.00861	0.00574	0.00287	0.00718
18	0.00786	0.00567	0.00745	0.00887	0.00934	0.00526	0.00594	0.00901	0.01250	0.01655	0.03721	0.73088	0.07953	0.02004	0.00821	0.00260	0.00372	0.01812	0.00600	0.00526
19	0.02875	0.01138	0.01523	0.01168	0.01668	0.01006	0.00965	0.06787	0.01913	0.69981	0.02496	0.02165	0.01573	0.00798	0.00650	0.00200	0.00558	0.00646	0.00792	0.01100
20	0.02836	0.01201	0.01562	0.01198	0.01700	0.01100	0.00989	0.12843	0.02019	0.63775	0.02407	0.02107	0.01528	0.00796	0.00649	0.00199	0.00573	0.00640	0.00778	0.01100
21	0.02861	0.01161	0.01538	0.01179	0.01680	0.01041	0.00974	0.09046	0.01952	0.67666	0.02463	0.02143	0.01556	0.00798	0.00649	0.00199	0.00564	0.00644	0.00786	0.01100
22	0.00940	0.00626	0.00705	0.00705	0.00705	0.00626	0.00392	0.00940	0.00940	0.01253	0.02036	0.04228	0.02349	0.77292	0.03289	0.00626	0.00626	0.00940	0.00392	0.00392
23	0.35622	0.01783	0.01738	0.01875	0.17821	0.18631	0.04903	0.04461	0.01467	0.04696	0.01091	0.01292	0.00861	0.00619	0.00533	0.00191	0.00756	0.00456	0.00383	0.00820
24	0.01360	0.00764	0.00976	0.00863	0.01111	0.00679	0.00668	0.01625	0.01766	0.19432	0.43439	0.04464	0.17780	0.01256	0.00736	0.00205	0.00368	0.01082	0.00711	0.00715
25	0.02216	0.01690	0.01804	0.01438	0.01912	0.01892	0.01170	0.51959	0.22577	0.03685	0.01856	0.01794	0.01346	0.00804	0.00650	0.00201	0.00655	0.00624	0.00650	0.01077
26	0.01220	0.01148	0.01938	0.75739	0.04450	0.01436	0.01794	0.01651	0.01292	0.01651	0.01148	0.01723	0.00861	0.00646	0.00646	0.00215	0.00861	0.00574	0.00287	0.00718
27	0.01656	0.01683	0.07884	0.04977	0.33109	0.04123	0.16904	0.05357	0.04055	0.06743	0.04075	0.03723	0.01331	0.00676	0.00674	0.00202	0.00817	0.00668	0.00397	0.00946
28	0.01309	0.05631	0.71772	0.01819	0.02761	0.01533	0.02348	0.02043	0.01363	0.02030	0.01151	0.01354	0.00819	0.00612	0.00608	0.00203	0.00947	0.00473	0.00273	0.00951
29	0.01519	0.01789	0.05814	0.02698	0.03360	0.01630	0.68959	0.02069	0.01520	0.02069	0.01303	0.01732	0.00976	0.00547	0.00758	0.00217	0.01085	0.00754	0.00325	0.00874
30	0.01727	0.77681	0.03386	0.01106	0.01658	0.02557	0.01106	0.01935	0.01313	0.01520	0.00898	0.01036	0.00829	0.00553	0.00415	0.00138	0.00691	0.00345	0.00276	0.00829
31	0.01507	0.29828	0.38313	0.01675	0.02439	0.01909	0.10219	0.03694	0.01406	0.01909	0.01093	0.01297	0.00849	0.00587	0.00561	0.00182	0.00870	0.00467	0.00290	0.00903
32	0.00924	0.00688	0.01017	0.01017	0.01126	0.00796	0.00782	0.01140	0.01032	0.01484	0.01750	0.02644	0.01661	0.09394	0.70246	0.01013	0.01661	0.00708	0.00349	0.00565
33	0.02884	0.01124	0.01515	0.01161	0.01662	0.00986	0.00959	0.05523	0.01891	0.71277	0.02514	0.02177	0.01582	0.00799	0.00650	0.00200	0.00555	0.00647	0.00794	0.01100
34	0.00825	0.00604	0.00829	0.04916	0.01142	0.00585	0.00682	0.00967	0.01268	0.01690	0.05532	0.67829	0.04124	0.01919	0.00816	0.00260	0.00408	0.04478	0.00586	0.00541
35	0.01220	0.01148	0.01938	0.75739	0.04450	0.01436	0.01794	0.01651	0.01292	0.01651	0.01148	0.01723	0.00861	0.00646	0.00646	0.00215	0.00861	0.00574	0.00287	0.00718
36	0.02456	0.01810	0.01939	0.01487	0.02004	0.02004	0.01228	0.71107	0.03038	0.04072	0.01551	0.01551	0.01099	0.00776	0.00646	0.00194	0.00711	0.00582	0.00646	0.01099
37	0.01414	0.01414	0.01979	0.01696	0.01696	0.01979	0.01414	0.01555	0.00990	0.01555	0.00848	0.01414	0.00848	0.01131	0.02120	0.00283	0.76110	0.00565	0.00283	0.00707
38	0.01721	0.01447	0.01711	0.01580	0.06640	0.01620	0.04846	0.09516	0.54957	0.04972	0.02361	0.02234	0.01763	0.00827	0.00661	0.00214	0.00579	0.00705	0.00620	0.01024
39	0.00806	0.00569	0.00755	0.00900	0.00944	0.00534	0.00609	0.00929	0.01248	0.01679	0.03518	0.72752	0.04186	0.01983	0.00817	0.00260	0.00380	0.03840	0.02762	0.00529
40	0.02899	0.01100	0.01499	0.01150	0.01649	0.00950	0.00950	0.03149	0.01849	0.73709	0.02549	0.02199	0.01599	0.00800	0.00650	0.00200	0.00550	0.00650	0.00800	0.01100
41	0.01996	0.01576	0.05054	0.02328	0.18984	0.04140	0.19392	0.04424	0.01606	0.23584	0.01602	0.01771	0.01155	0.00703	0.00824	0.00210	0.08578	0.00636	0.00471	0.00964
42	0.01471	0.05087	0.28072	0.09141	0.09626	0.05201	0.25883	0.02020	0.01433	0.01967	0.01188	0.01530	0.00900	0.00605	0.00706	0.00207	0.03185	0.00589	0.00301	0.00888
43	0.02899	0.01100	0.01499	0.01150	0.01649	0.00950	0.00950	0.03149	0.01849	0.73709	0.02549	0.02199	0.01599	0.00800	0.00650	0.00200	0.00550	0.00650	0.00800	0.01100
44	0.01463	0.01550	0.04779	0.04047	0.02727	0.01541	0.43537	0.01940	0.03931	0.04130	0.01384	0.01883	0.01116	0.03631	0.08151	0.00319	0.11993	0.00716	0.00349	0.00814
45	0.01517	0.13240	0.30208	0.05963	0.04474	0.07036	0.24526	0.02055	0.01442	0.01926	0.01160	0.01451	0.00881	0.00587	0.00634	0.00197	0.00967	0.00555	0.00297	0.00884
46	0.01723	0.01899	0.05625	0.03195	0.42940	0.12917	0.15974	0.04128	0.01580	0.02075	0.01208	0.01550	0.00979	0.00591	0.00655	0.00194	0.00901	0.00585	0.00331	0.00949
47	0.81856	0.01250	0.00950	0.00850	0.01250	0.01449	0.00700	0.01899	0.01100	0.02899	0.00900	0.01050	0.00700	0.00600	0.00400	0.00200	0.00500	0.00350	0.00400	0.00700
48	0.01083	0.00933	0.01161	0.01121	0.01224	0.06114	0.00861	0.01272	0.01084	0.01491	0.01658	0.04506	0.01618	0.11407	0.51852	0.00827	0.10141	0.00714	0.00349	0.00584
49	0.00863	0.00597	0.00740	0.00824	0.00848	0.00577	0.00523	0.00932	0.01115	0.01484	0.02886	0.42622	0.03409	0.35113	0.01910	0.00424	0.00493	0.03666	0.00508	0.00469
50	0.01740	0.01454	0.01536	0.01342	0.01731	0.01669	0.01055	0.14031	0.61280	0.02917	0.02461	0.02276	0.01836	0.00861	0.00656	0.00215	0.00543	0.00707	0.00656	0.01035
51	0.01727	0.77681	0.03386	0.01106	0.01658	0.02557	0.01106	0.01935	0.01313	0.01520	0.00898	0.01036	0.00829	0.00553	0.00415	0.00138	0.00691	0.00345	0.00276	0.00829
52	0.00813	0.00615	0.00754	0.00829	0.00944	0.00555	0.00593	0.00979	0.01408	0.01831	0.14563	0.41156	0.25320	0.01791	0.00801	0.00242	0.00362	0.05282	0.00616	0.00547
53	0.01051	0.00696	0.00875	0.00809	0.01004	0.00625	0.00614	0.01323	0.01759	0.08398	0.53719	0.04884	0.19113	0.01340	0.00753	0.00206	0.00330	0.01164	0.00696	0.00638
54	0.01374	0.01169	0.01358	0.00973	0.01546	0.00896	0.00780	0.03739	0.01391	0.02165	0.01161	0.01346	0.00961	0.00488	0.00484	0.00099	0.00486	0.00389	0.00391	0.78806
55	0.00919	0.00651	0.00804	0.00800	0.00873	0.00656	0.00540	0.01041	0.01173	0.01592	0.14301	0.04264	0.09240	0.40917	0.16867	0.00591	0.00766	0.03059	0.00461	0.00485
56	0.01570	0.01531	0.02507	0.03476	0.58631	0.03880	0.06213	0.01947	0.01499	0.02117	0.05150	0.01757	0.01290	0.00612	0.00644	0.00188	0.00760	0.00605	0.00346	0.05277
57	0.00892	0.00660	0.00832	0.00789	0.00951	0.00600	0.00592	0.01176	0.01776	0.02465	0.63000	0.05035	0.16097	0.01368	0.00762	0.00205	0.00308	0.01198	0.00695	0.00600
58	0.01533	0.07572	0.05309	0.01207	0.01796	0.01208	0.06324	0.08838	0.01538	0.03876	0.01214	0.01389	0.00971	0.00534	0.00523	0.00126	0.00591	0.00440	0.00401	0.54610
59	0.72161	0.01473	0.01057	0.00949	0.01341	0.10389	0.00767	0.01982	0.01189	0.02738	0.00912	0.01064	0.00716	0.00608	0.00422	0.00196	0.00581	0.00358	0.00392	0.00706
60	0.01398	0.01104	0.03746	0.01386	0.10703	0.01033	0.00969	0.14538	0.01951	0.06652	0.35735	0.03697	0.12222	0.01107	0.00713	0.00202	0.00480	0.00953	0.00625	0.00787
61	0.01859	0.43505	0.06520	0.01386	0.05690	0.06266	0.01212	0.10020	0.06845	0.06625	0.03631	0.01453	0.01179	0.00654	0.00518	0.00165	0.00704	0.00471	0.00400	0.00897
62	0.12285	0.04195	0.11121	0.02640	0.32101	0.09577	0.10532	0.03809	0.01477	0.02158	0.01170	0.01480	0.00944	0.00727	0.02921	0.00220	0.00866	0.00537	0.00335	0.00905
63	0.01148	0.00825	0.00992	0.00917	0.01138	0.00801	0.00690	0.01669	0.13811	0.06625	0.37550	0.11362	0.11013	0.03580	0.00806	0.00221	0.00383	0.01101	0.00659	0.04708
64	0.00883	0.00659	0.00821	0.00780	0.00946	0.00596	0.00585	0.01159	0.01755	0.02417	0.59218	0.05114	0.19908	0.01386	0.00762	0.00206	0.00309	0.01209	0.00688	0.00596
65	0.01725	0.32917	0.18213	0.01355	0.01933	0.06252	0.01371	0.13890	0.06218	0.02238	0.06961	0.01596	0.01369	0.00693	0.00551	0.00174	0.00738	0.00510	0.00402	0.00893
66	0.01557	0.01501	0.04678	0.17983	0.55158	0.01496	0.01925	0.01957	0.01445	0.04332	0.01244	0.01636	0.01004	0.00598	0.00640	0.00197	0.00785	0.00575	0.00327	0.00963
67	0.01727	0.77681	0.03386	0.01106	0.01658	0.02557	0.01106	0.01935	0.01313	0.01520	0.00898	0.01036	0.00829	0.00553	0.00415	0.00138	0.00691	0.00345	0.00276	0.00829
68	0.06667	0.02982	0.01784	0.01621	0.01957	0.70777	0.01219	0.02544	0.01792	0.01652	0.00993	0.01159	0.00825	0.00662	0.00573	0.00168	0.01130	0.00413	0.00337	0.00746
69	0.81856	0.01250	0.00950	0.00850	0.01250	0.01449	0.00700	0.01899	0.01100	0.02899	0.00900	0.01050	0.00700	0.00600	0.00400	0.00200	0.00500	0.00350	0.00400	0.00700
70	0.00792	0.00656	0.00694	0.00684	0.00890	0.00558	0.00513	0.00982	0.01540	0.01904	0.19018	0.05957	0.60428	0.01577	0.00763	0.00215	0.00323	0.01327	0.00621	0.00558
71	0.01220	0.01148	0.01938	0.75739	0.04450	0.01436	0.01794	0.01651	0.01292	0.01651	0.01148	0.01723	0.00861	0.00646	0.00646	0.00215	0.00861	0.00574	0.00287	0.00718
72	0.00909	0.00660	0.00856	0.00807	0.00962	0.00607	0.00605	0.01209	0.01816	0.02560	0.70474	0.04878	0.08563	0.01333	0.00762	0.00204	0.00306	0.01176	0.00707	0.00607
73	0.02472	0.01784	0.01923	0.01474	0.01991	0.01966	0.01218	0.68651	0.02995	0.06589	0.01587	0.01575	0.01117	0.00777	0.00646	0.00194	0.00705	0.00584	0.00652	0.01099
