[name]
unknown

[dist]
# distance from previous block
# <min> <max>
0	26

[block]
# block no. 0 follows, 32 sequences, length 17
# corresponding to MSA columns:
# 26-42
name=unknown_A
#
# <colnr> <probs for GDERKNQSTAVLIFYWHMCP>
#	G	D	E	R	K	N	Q	S	T	A	V	L	I	F	Y	W	H	M	C	P
0	0.06367	0.01210	0.01435	0.01160	0.01615	0.01133	0.03170	0.07583	0.12040	0.06311	0.03990	0.04879	0.04789	0.00963	0.02544	0.00199	0.00576	0.05679	0.00528	0.33828
1	0.01365	0.00961	0.01176	0.01096	0.01366	0.00961	0.00874	0.05487	0.10252	0.08003	0.02982	0.04240	0.10858	0.09271	0.12942	0.00411	0.00758	0.17075	0.00561	0.09359
2	0.55573	0.08867	0.01396	0.00996	0.01457	0.01597	0.00839	0.08252	0.01412	0.06915	0.01114	0.01227	0.00852	0.00637	0.00461	0.00193	0.00560	0.00405	0.00448	0.06799
3	0.00859	0.00737	0.00743	0.00731	0.00969	0.00649	0.00551	0.01159	0.06752	0.01887	0.06492	0.06160	0.66707	0.01640	0.00785	0.00227	0.00354	0.01367	0.00628	0.00604
4	0.01547	0.01734	0.03672	0.02647	0.03287	0.01637	0.62912	0.02155	0.04899	0.02163	0.01706	0.02085	0.04753	0.00641	0.00787	0.00226	0.01061	0.00823	0.00371	0.00895
5	0.02481	0.01813	0.01940	0.01495	0.02012	0.02003	0.01232	0.66351	0.03062	0.04137	0.01642	0.01658	0.01172	0.00804	0.00660	0.00199	0.00716	0.00605	0.04904	0.01114
6	0.01669	0.01441	0.01517	0.01365	0.01745	0.01669	0.01062	0.03565	0.71021	0.02807	0.02731	0.02503	0.02048	0.00910	0.00683	0.00228	0.00531	0.00759	0.00683	0.01062
7	0.03010	0.01142	0.01557	0.01194	0.01713	0.00986	0.00986	0.03270	0.01920	0.72698	0.02647	0.02284	0.01661	0.00830	0.00675	0.00208	0.00571	0.00675	0.00830	0.01142
8	0.81159	0.01298	0.00986	0.00882	0.01298	0.01505	0.00727	0.01972	0.01142	0.03010	0.00934	0.01090	0.00727	0.00623	0.00415	0.00208	0.00519	0.00363	0.00415	0.00727
9	0.03010	0.01142	0.01557	0.01194	0.01713	0.00986	0.00986	0.03270	0.01920	0.72698	0.02647	0.02284	0.01661	0.00830	0.00675	0.00208	0.00571	0.00675	0.00830	0.01142
10	0.00908	0.00684	0.00839	0.00800	0.00977	0.00615	0.00600	0.01185	0.01801	0.02457	0.54554	0.05397	0.23803	0.01459	0.00792	0.00215	0.00323	0.01267	0.00708	0.00615
11	0.01471	0.01190	0.01399	0.01004	0.01596	0.00899	0.00804	0.01767	0.01417	0.05641	0.01264	0.01435	0.01027	0.00513	0.00506	0.00105	0.00501	0.00411	0.00419	0.76632
12	0.00920	0.00689	0.00856	0.00827	0.01001	0.00625	0.00629	0.01202	0.01794	0.02448	0.52952	0.05489	0.21508	0.01475	0.00799	0.00220	0.00339	0.04904	0.00705	0.00617
13	0.01417	0.01346	0.02284	0.47816	0.30438	0.01530	0.01938	0.01846	0.01413	0.01897	0.01219	0.01740	0.00959	0.00643	0.00668	0.00214	0.00857	0.00597	0.00311	0.00867
14	0.02506	0.03198	0.01901	0.01729	0.02074	0.73725	0.01296	0.02679	0.01901	0.01642	0.01037	0.01210	0.00864	0.00691	0.00605	0.00173	0.01210	0.00432	0.00346	0.00778
15	0.01505	0.25536	0.43995	0.01604	0.02411	0.01870	0.01907	0.02166	0.05985	0.02006	0.01222	0.01384	0.00939	0.00630	0.00571	0.00188	0.00856	0.00467	0.00316	0.04443
16	0.01661	0.01594	0.02724	0.04119	0.72233	0.01594	0.02059	0.02059	0.01528	0.02192	0.01262	0.01661	0.01063	0.00598	0.00664	0.00199	0.00797	0.00598	0.00332	0.01063

[dist]
# distance from previous block
# <min> <max>
0	15

[block]
# block no. 1 follows, 32 sequences, length 24
# corresponding to MSA columns:
# 58-81
name=unknown_B
#
# <colnr> <probs for GDERKNQSTAVLIFYWHMCP>
#	G	D	E	R	K	N	Q	S	T	A	V	L	I	F	Y	W	H	M	C	P
0	0.77160	0.01264	0.00968	0.00870	0.01272	0.01461	0.00714	0.01952	0.01155	0.02985	0.00997	0.01161	0.00776	0.00631	0.00418	0.00205	0.00509	0.00376	0.04405	0.00722
1	0.01346	0.03471	0.72942	0.01912	0.02904	0.01558	0.02479	0.02125	0.01417	0.02125	0.01204	0.01417	0.00850	0.00637	0.00637	0.00212	0.00992	0.00496	0.00283	0.00992
2	0.00842	0.00644	0.00773	0.00820	0.00957	0.00575	0.00585	0.01029	0.01529	0.01998	0.22169	0.33070	0.29043	0.01772	0.00817	0.00240	0.00353	0.01555	0.00652	0.00575
3	0.02551	0.01879	0.02014	0.01544	0.02081	0.02081	0.01275	0.69996	0.03155	0.04229	0.01611	0.01611	0.01141	0.00805	0.00671	0.00201	0.00738	0.00604	0.00671	0.01141
4	0.01081	0.00772	0.01081	0.01236	0.01390	0.00772	0.01081	0.01390	0.01545	0.02008	0.03553	0.07569	0.03862	0.01854	0.00927	0.00309	0.00618	0.67717	0.00618	0.00618
5	0.01597	0.01821	0.06844	0.03192	0.25175	0.01658	0.45217	0.02120	0.01558	0.02162	0.01320	0.01744	0.01024	0.00579	0.00744	0.00217	0.01019	0.00717	0.00334	0.00959
6	0.01661	0.01594	0.02724	0.04119	0.72233	0.01594	0.02059	0.02059	0.01528	0.02192	0.01262	0.01661	0.01063	0.00598	0.00664	0.00199	0.00797	0.00598	0.00332	0.01063
7	0.00950	0.00686	0.00897	0.00844	0.01002	0.00633	0.00633	0.01266	0.01899	0.02691	0.71879	0.05012	0.06331	0.01372	0.00791	0.00211	0.00317	0.01213	0.00739	0.00633
8	0.01661	0.01594	0.02724	0.04119	0.72233	0.01594	0.02059	0.02059	0.01528	0.02192	0.01262	0.01661	0.01063	0.00598	0.00664	0.00199	0.00797	0.00598	0.00332	0.01063
9	0.00950	0.00686	0.00897	0.00844	0.01002	0.00633	0.00633	0.01266	0.01899	0.02691	0.71879	0.05012	0.06331	0.01372	0.00791	0.00211	0.00317	0.01213	0.00739	0.00633
10	0.01510	0.01593	0.02749	0.02150	0.02397	0.01925	0.26365	0.01810	0.01230	0.01810	0.01054	0.01593	0.00931	0.00953	0.01688	0.00269	0.48206	0.00662	0.00310	0.00796
11	0.01267	0.01193	0.02013	0.74806	0.04621	0.01491	0.01863	0.01714	0.01342	0.01714	0.01193	0.01789	0.00894	0.00671	0.00671	0.00224	0.00894	0.00596	0.00298	0.00745
12	0.00959	0.00719	0.01078	0.01078	0.01198	0.00839	0.00839	0.01198	0.01078	0.01558	0.01797	0.02636	0.01677	0.05032	0.73760	0.01078	0.01797	0.00719	0.00359	0.00599
13	0.00906	0.00684	0.00837	0.00799	0.00976	0.00615	0.00599	0.01183	0.01797	0.02448	0.53924	0.05411	0.24438	0.01462	0.00792	0.00215	0.00323	0.01269	0.00707	0.00615
14	0.02551	0.01879	0.02014	0.01544	0.02081	0.02081	0.01275	0.69996	0.03155	0.04229	0.01611	0.01611	0.01141	0.00805	0.00671	0.00201	0.00738	0.00604	0.00671	0.01141
15	0.81159	0.01298	0.00986	0.00882	0.01298	0.01505	0.00727	0.01972	0.01142	0.03010	0.00934	0.01090	0.00727	0.00623	0.00415	0.00208	0.00519	0.00363	0.00415	0.00727
16	0.01661	0.01594	0.02724	0.04119	0.72233	0.01594	0.02059	0.02059	0.01528	0.02192	0.01262	0.01661	0.01063	0.00598	0.00664	0.00199	0.00797	0.00598	0.00332	0.01063
17	0.01290	0.01214	0.02026	0.61052	0.13277	0.01449	0.01808	0.01714	0.01377	0.01783	0.01540	0.02054	0.05202	0.00723	0.00677	0.00221	0.00848	0.00646	0.00322	0.00776
18	0.01391	0.01193	0.01391	0.00994	0.01590	0.00894	0.00795	0.01690	0.01391	0.02186	0.01193	0.01391	0.00994	0.00497	0.00497	0.00099	0.00497	0.00398	0.00398	0.80521
19	0.06439	0.49081	0.25310	0.01374	0.02070	0.02239	0.01543	0.02044	0.01367	0.01838	0.01019	0.01185	0.00849	0.00597	0.00495	0.00169	0.00792	0.00402	0.00294	0.00894
20	0.00959	0.00719	0.01078	0.01078	0.01198	0.00839	0.00839	0.01198	0.01078	0.01558	0.01797	0.02636	0.01677	0.05032	0.73760	0.01078	0.01797	0.00719	0.00359	0.00599
21	0.03010	0.01142	0.01557	0.01194	0.01713	0.00986	0.00986	0.03270	0.01920	0.72698	0.02647	0.02284	0.01661	0.00830	0.00675	0.00208	0.00571	0.00675	0.00830	0.01142
22	0.01584	0.01460	0.02540	0.09083	0.12421	0.01334	0.25101	0.02001	0.01505	0.06488	0.01350	0.01668	0.01044	0.00572	0.00650	0.00176	0.00802	0.00599	0.00385	0.29236
23	0.09649	0.09758	0.05024	0.04919	0.01773	0.05686	0.01121	0.04585	0.03713	0.18202	0.06159	0.02907	0.01960	0.01332	0.07086	0.00295	0.02991	0.11457	0.00540	0.00844

[dist]
# distance from previous block
# <min> <max>
0	1

[block]
# block no. 2 follows, 32 sequences, length 19
# corresponding to MSA columns:
# 83-101
name=unknown_C
#
# <colnr> <probs for GDERKNQSTAVLIFYWHMCP>
#	G	D	E	R	K	N	Q	S	T	A	V	L	I	F	Y	W	H	M	C	P
0	0.02281	0.01722	0.01909	0.07415	0.02203	0.01923	0.01272	0.54788	0.09641	0.03771	0.01782	0.05072	0.01360	0.00864	0.00681	0.00209	0.00715	0.00678	0.00640	0.01074
1	0.02451	0.06922	0.02088	0.01507	0.02038	0.02097	0.01255	0.61755	0.06757	0.03972	0.01627	0.01624	0.01172	0.00796	0.00656	0.00199	0.00726	0.00596	0.00646	0.01118
2	0.01806	0.29107	0.28304	0.01519	0.02236	0.02057	0.01652	0.18917	0.01828	0.02455	0.01208	0.01343	0.00931	0.00652	0.00568	0.00182	0.00815	0.00471	0.00385	0.03565
3	0.05863	0.11267	0.52275	0.01694	0.02526	0.01676	0.02052	0.07528	0.01511	0.02239	0.01190	0.01405	0.00882	0.00720	0.00695	0.03828	0.00896	0.00486	0.00323	0.00943
4	0.01412	0.14354	0.62642	0.01799	0.02729	0.01721	0.02282	0.02108	0.01409	0.02044	0.01164	0.01366	0.00852	0.00628	0.00607	0.00202	0.00951	0.00475	0.00284	0.00972
5	0.02510	0.01859	0.01991	0.01536	0.02065	0.02062	0.01266	0.66934	0.06283	0.04163	0.01663	0.01652	0.01183	0.00810	0.00672	0.00203	0.00729	0.00611	0.00672	0.01137
6	0.01534	0.38448	0.34788	0.01474	0.02209	0.02022	0.01716	0.02011	0.01424	0.01901	0.05852	0.01497	0.01226	0.00657	0.00549	0.00179	0.00815	0.00479	0.00316	0.00905
7	0.01654	0.30440	0.34253	0.01523	0.02245	0.04016	0.01724	0.06429	0.01533	0.04480	0.01304	0.05200	0.01088	0.00709	0.00574	0.00188	0.00834	0.00529	0.00348	0.00928
8	0.01550	0.36898	0.41304	0.01564	0.02365	0.02058	0.01873	0.02072	0.01392	0.01876	0.01081	0.01262	0.00855	0.00609	0.00543	0.00181	0.00867	0.00433	0.00285	0.00932
9	0.06884	0.71979	0.03354	0.01131	0.01695	0.02581	0.01121	0.02007	0.01349	0.01670	0.00933	0.01077	0.00852	0.00577	0.00430	0.00148	0.00705	0.00359	0.00295	0.00852
10	0.00976	0.00651	0.00732	0.00732	0.00732	0.00651	0.00407	0.00976	0.00976	0.01301	0.02114	0.04391	0.02439	0.76419	0.03415	0.00651	0.00651	0.00976	0.00407	0.00407
11	0.00835	0.00646	0.00764	0.00822	0.00963	0.00575	0.00592	0.01010	0.01487	0.01906	0.14779	0.33436	0.33805	0.01815	0.00822	0.00245	0.00366	0.03921	0.00639	0.00569
12	0.01529	0.31380	0.43697	0.01600	0.02408	0.01981	0.01917	0.02136	0.04082	0.01943	0.01160	0.01329	0.00900	0.00624	0.00560	0.00187	0.00869	0.00454	0.00300	0.00945
13	0.01762	0.01858	0.02575	0.16570	0.16898	0.14659	0.17790	0.06546	0.04995	0.02107	0.01295	0.01662	0.01023	0.00694	0.00805	0.00214	0.06668	0.00621	0.00366	0.00892
14	0.01345	0.01331	0.02430	0.57797	0.06812	0.01536	0.15541	0.01814	0.01397	0.01819	0.01228	0.01789	0.00925	0.00647	0.00695	0.00223	0.00939	0.00636	0.00308	0.00789
15	0.03959	0.01595	0.01905	0.24599	0.18598	0.15065	0.01499	0.01983	0.01571	0.05274	0.07160	0.02217	0.03992	0.00780	0.00661	0.00202	0.00811	0.02524	0.00404	0.05199
16	0.03788	0.01352	0.02036	0.16870	0.02525	0.01523	0.11212	0.06511	0.06022	0.05699	0.01579	0.03689	0.02955	0.01079	0.05017	0.00271	0.17177	0.00669	0.00414	0.09612
17	0.01637	0.01602	0.08294	0.10491	0.14655	0.05841	0.08956	0.02004	0.01512	0.10227	0.01911	0.04115	0.06063	0.00843	0.00801	0.00210	0.06591	0.03817	0.00428	0.10000
18	0.06384	0.03374	0.13724	0.10781	0.03933	0.04612	0.06090	0.08741	0.01700	0.09210	0.11762	0.06681	0.01999	0.00872	0.00703	0.00208	0.02382	0.00733	0.00487	0.05626

[dist]
# distance from previous block
# <min> <max>
9	31

[block]
# block no. 3 follows, 32 sequences, length 16
# corresponding to MSA columns:
# 133-148
name=unknown_D
#
# <colnr> <probs for GDERKNQSTAVLIFYWHMCP>
#	G	D	E	R	K	N	Q	S	T	A	V	L	I	F	Y	W	H	M	C	P
0	0.04521	0.16614	0.13485	0.09637	0.08254	0.01833	0.01494	0.21384	0.04063	0.05215	0.01523	0.06329	0.01252	0.00783	0.00622	0.00200	0.00754	0.00621	0.00459	0.00958
1	0.03780	0.23230	0.14334	0.01369	0.01882	0.01700	0.04681	0.01992	0.05115	0.06873	0.04011	0.04000	0.07371	0.00845	0.00772	0.00196	0.09020	0.00635	0.00414	0.07783
2	0.05939	0.10944	0.14296	0.13178	0.05769	0.09937	0.03209	0.06603	0.03766	0.06506	0.07221	0.01851	0.01460	0.00752	0.00672	0.00201	0.03222	0.00586	0.03017	0.00870
3	0.01505	0.27456	0.27568	0.01455	0.02042	0.01830	0.01579	0.01915	0.01383	0.04478	0.04936	0.04034	0.03820	0.00955	0.03241	0.00230	0.09771	0.00587	0.00354	0.00862
4	0.01242	0.10218	0.15332	0.01120	0.01536	0.01080	0.01086	0.01609	0.01633	0.05748	0.30291	0.07720	0.09176	0.01133	0.00702	0.00204	0.00536	0.03039	0.00559	0.06036
5	0.01802	0.56451	0.10033	0.01540	0.08188	0.08744	0.01372	0.02084	0.01431	0.01692	0.00998	0.01174	0.00878	0.00593	0.00487	0.00158	0.00795	0.00400	0.00296	0.00884
6	0.01794	0.76823	0.03516	0.01148	0.01722	0.02655	0.01148	0.02009	0.01363	0.01579	0.00933	0.01076	0.00861	0.00574	0.00431	0.00144	0.00718	0.00359	0.00287	0.00861
7	0.01383	0.01193	0.01431	0.05743	0.01785	0.00933	0.00864	0.01691	0.01388	0.02156	0.01193	0.01417	0.00987	0.00508	0.00508	0.00107	0.00522	0.00410	0.00391	0.75388
8	0.01267	0.01193	0.02013	0.74806	0.04621	0.01491	0.01863	0.01714	0.01342	0.01714	0.01193	0.01789	0.00894	0.00671	0.00671	0.00224	0.00894	0.00596	0.00298	0.00745
9	0.00814	0.00596	0.00766	0.00902	0.00965	0.00548	0.00609	0.00938	0.01315	0.01725	0.04086	0.67285	0.12884	0.02052	0.00848	0.00267	0.00383	0.01846	0.00623	0.00548
10	0.01267	0.01193	0.02013	0.74806	0.04621	0.01491	0.01863	0.01714	0.01342	0.01714	0.01193	0.01789	0.00894	0.00671	0.00671	0.00224	0.00894	0.00596	0.00298	0.00745
11	0.01267	0.01193	0.02013	0.74806	0.04621	0.01491	0.01863	0.01714	0.01342	0.01714	0.01193	0.01789	0.00894	0.00671	0.00671	0.00224	0.00894	0.00596	0.00298	0.00745
12	0.00832	0.00590	0.00774	0.00916	0.00952	0.00554	0.00603	0.00938	0.01257	0.01676	0.03556	0.69564	0.04259	0.08764	0.01086	0.00306	0.00413	0.01824	0.00603	0.00533
13	0.01516	0.01628	0.08644	0.17387	0.22626	0.01560	0.10158	0.02347	0.18766	0.02227	0.01734	0.02187	0.01388	0.00752	0.00697	0.00221	0.00801	0.03989	0.00423	0.00950
14	0.04245	0.01332	0.01777	0.24531	0.08919	0.04809	0.02982	0.04729	0.10969	0.16997	0.04047	0.02419	0.07662	0.00841	0.00679	0.00215	0.00708	0.00713	0.00525	0.00900
15	0.01361	0.01024	0.01597	0.26515	0.07035	0.01069	0.05008	0.01680	0.01518	0.11118	0.09059	0.13408	0.14605	0.01128	0.00736	0.00226	0.00638	0.01003	0.00515	0.00756

[dist]
# distance from previous block
# <min> <max>
3	30

[block]
# block no. 4 follows, 32 sequences, length 13
# corresponding to MSA columns:
# 180-192
name=unknown_E
#
# <colnr> <probs for GDERKNQSTAVLIFYWHMCP>
#	G	D	E	R	K	N	Q	S	T	A	V	L	I	F	Y	W	H	M	C	P
0	0.01417	0.01378	0.02069	0.25301	0.09069	0.01775	0.01615	0.01691	0.01192	0.01727	0.01031	0.01584	0.00907	0.00927	0.01488	0.00253	0.40964	0.00582	0.00304	0.04726
1	0.01267	0.01193	0.02013	0.74806	0.04621	0.01491	0.01863	0.01714	0.01342	0.01714	0.01193	0.01789	0.00894	0.00671	0.00671	0.00224	0.00894	0.00596	0.00298	0.00745
2	0.01488	0.01274	0.01794	0.13307	0.02104	0.01639	0.01344	0.01818	0.05989	0.07562	0.05211	0.08612	0.01637	0.01142	0.01531	0.00265	0.41336	0.00760	0.00418	0.00769
3	0.00888	0.01022	0.09561	0.00859	0.01167	0.00699	0.00772	0.01157	0.01579	0.02002	0.17305	0.05592	0.51972	0.01513	0.00774	0.00222	0.00416	0.01269	0.00601	0.00630
4	0.01408	0.01405	0.02151	0.01793	0.01895	0.01823	0.10286	0.01618	0.01152	0.01733	0.04070	0.05875	0.01351	0.01287	0.04333	0.00307	0.55719	0.00718	0.00339	0.00737
5	0.01503	0.02858	0.52497	0.08749	0.11454	0.01513	0.02259	0.02166	0.01462	0.07444	0.01320	0.01546	0.00942	0.00650	0.00647	0.00212	0.00927	0.00531	0.00332	0.00989
6	0.01391	0.01193	0.01391	0.00994	0.01590	0.00894	0.00795	0.01690	0.01391	0.02186	0.01193	0.01391	0.00994	0.00497	0.00497	0.00099	0.00497	0.00398	0.00398	0.80521
7	0.01346	0.03471	0.72942	0.01912	0.02904	0.01558	0.02479	0.02125	0.01417	0.02125	0.01204	0.01417	0.00850	0.00637	0.00637	0.00212	0.00992	0.00496	0.00283	0.00992
8	0.00920	0.00714	0.00931	0.07566	0.01326	0.00685	0.00741	0.01170	0.01605	0.02135	0.30668	0.20327	0.21386	0.01574	0.00803	0.00235	0.00409	0.05560	0.00638	0.00607
9	0.00871	0.00653	0.00811	0.00862	0.00994	0.00594	0.00628	0.01077	0.01558	0.02066	0.25961	0.31311	0.22165	0.01753	0.00825	0.00244	0.00369	0.06017	0.00659	0.00583
10	0.01453	0.22706	0.41078	0.01713	0.02495	0.01789	0.09223	0.02014	0.01444	0.01990	0.04127	0.01720	0.04080	0.00686	0.00611	0.00196	0.00880	0.00558	0.00322	0.00916
11	0.04314	0.05378	0.10445	0.01340	0.01837	0.01528	0.01204	0.23867	0.11822	0.14288	0.08868	0.05410	0.04883	0.00932	0.00674	0.00210	0.00635	0.00751	0.00627	0.00988
12	0.06888	0.19673	0.31703	0.01544	0.02264	0.01904	0.01692	0.16843	0.04549	0.05039	0.01324	0.01434	0.00984	0.00676	0.00586	0.00194	0.00811	0.00496	0.00412	0.00985

[dist]
# distance from previous block
# <min> <max>
6	52

[block]
# block no. 5 follows, 32 sequences, length 30
# corresponding to MSA columns:
# 245-274
name=unknown_F
#
# <colnr> <probs for GDERKNQSTAVLIFYWHMCP>
#	G	D	E	R	K	N	Q	S	T	A	V	L	I	F	Y	W	H	M	C	P
0	0.05492	0.10042	0.18130	0.03627	0.01845	0.01296	0.01263	0.07492	0.01615	0.13439	0.05311	0.19233	0.06267	0.01108	0.00680	0.00218	0.00640	0.00926	0.00528	0.00849
1	0.06740	0.01696	0.09026	0.04720	0.08580	0.01524	0.01337	0.26103	0.02132	0.19390	0.01672	0.01704	0.01174	0.00721	0.00632	0.00193	0.00695	0.00570	0.00574	0.10820
2	0.02157	0.22530	0.09878	0.01486	0.02051	0.02182	0.01378	0.40448	0.02363	0.03137	0.01342	0.01436	0.01019	0.00745	0.00687	0.00192	0.04913	0.00525	0.00504	0.01026
3	0.01699	0.23523	0.38420	0.01661	0.02443	0.01964	0.04020	0.14563	0.01726	0.02360	0.01208	0.01370	0.00912	0.00648	0.00591	0.00192	0.00873	0.00487	0.00357	0.00980
4	0.06089	0.13017	0.12447	0.01502	0.02101	0.02050	0.01399	0.45182	0.04302	0.03440	0.01449	0.01502	0.01061	0.00741	0.00619	0.00196	0.00756	0.00545	0.00547	0.01056
5	0.01711	0.18306	0.42498	0.01671	0.02473	0.01904	0.01931	0.17470	0.01799	0.02488	0.01240	0.01390	0.00918	0.00662	0.00602	0.00196	0.00878	0.00492	0.00372	0.00998
6	0.01983	0.08711	0.24615	0.01603	0.02266	0.01908	0.01618	0.33586	0.11692	0.03141	0.01576	0.01625	0.01148	0.00747	0.00642	0.00204	0.00789	0.00570	0.00517	0.01059
7	0.01543	0.35688	0.42449	0.01577	0.02385	0.02040	0.01895	0.02074	0.01393	0.01885	0.01085	0.01267	0.00855	0.00610	0.00547	0.00182	0.00871	0.00436	0.00285	0.00934
8	0.04561	0.19354	0.21659	0.01415	0.02054	0.01725	0.01457	0.13186	0.04089	0.17960	0.05063	0.01763	0.01384	0.00737	0.00605	0.00194	0.00732	0.00561	0.00506	0.00995
9	0.01410	0.14045	0.62934	0.01802	0.02734	0.01716	0.02287	0.02108	0.01409	0.02046	0.01165	0.01368	0.00852	0.00628	0.00608	0.00203	0.00952	0.00476	0.00284	0.00973
10	0.00831	0.00594	0.00790	0.00925	0.00976	0.00554	0.00624	0.00967	0.01346	0.01810	0.10454	0.68949	0.04625	0.02030	0.00850	0.00266	0.00382	0.01839	0.00634	0.00554
11	0.02449	0.11981	0.02216	0.01490	0.02032	0.02158	0.01258	0.60832	0.02913	0.03872	0.01520	0.01539	0.01103	0.00774	0.00639	0.00194	0.00736	0.00571	0.00619	0.01103
12	0.01686	0.59216	0.20180	0.01332	0.02006	0.02392	0.01468	0.02037	0.01376	0.01710	0.00998	0.01158	0.00858	0.00589	0.00480	0.00160	0.00783	0.00392	0.00286	0.00892
13	0.01877	0.07928	0.22883	0.01573	0.02185	0.06970	0.01550	0.18098	0.23115	0.04461	0.01766	0.01774	0.01304	0.00763	0.00642	0.00206	0.00778	0.00590	0.00512	0.01026
14	0.01346	0.03471	0.72942	0.01912	0.02904	0.01558	0.02479	0.02125	0.01417	0.02125	0.01204	0.01417	0.00850	0.00637	0.00637	0.00212	0.00992	0.00496	0.00283	0.00992
15	0.00798	0.00660	0.00700	0.00732	0.00920	0.00562	0.00533	0.00957	0.01479	0.01792	0.06155	0.20860	0.57973	0.01783	0.00806	0.00236	0.00350	0.01518	0.00623	0.00562
16	0.01346	0.03471	0.72942	0.01912	0.02904	0.01558	0.02479	0.02125	0.01417	0.02125	0.01204	0.01417	0.00850	0.00637	0.00637	0.00212	0.00992	0.00496	0.00283	0.00992
17	0.01433	0.01420	0.02370	0.48948	0.19331	0.04189	0.09034	0.01872	0.01429	0.01863	0.01220	0.01742	0.00944	0.00644	0.00680	0.00217	0.00909	0.00611	0.00312	0.00833
18	0.01309	0.01236	0.02089	0.67208	0.11889	0.01502	0.01884	0.01751	0.01362	0.01766	0.01200	0.01775	0.00913	0.00663	0.00670	0.00221	0.00884	0.00596	0.00302	0.00780
19	0.01267	0.01193	0.02013	0.74806	0.04621	0.01491	0.01863	0.01714	0.01342	0.01714	0.01193	0.01789	0.00894	0.00671	0.00671	0.00224	0.00894	0.00596	0.00298	0.00745
20	0.01491	0.06287	0.18074	0.01885	0.02441	0.05550	0.24355	0.02051	0.06630	0.04749	0.01939	0.17776	0.01804	0.00958	0.00728	0.00225	0.00854	0.00916	0.00430	0.00857
21	0.01810	0.01081	0.01616	0.01785	0.16140	0.01021	0.03759	0.02124	0.03638	0.25249	0.02756	0.15942	0.05137	0.04865	0.00881	0.00254	0.00607	0.09842	0.00611	0.00882
22	0.00838	0.00599	0.00800	0.00944	0.00995	0.00561	0.00646	0.00975	0.01332	0.01782	0.07495	0.68636	0.04515	0.02049	0.00856	0.00271	0.00397	0.05125	0.00629	0.00554
23	0.01458	0.01387	0.02357	0.40537	0.37399	0.01541	0.01958	0.01882	0.01432	0.01946	0.01226	0.01727	0.00976	0.00635	0.00668	0.00212	0.00847	0.00597	0.00315	0.00899
24	0.01975	0.01564	0.02925	0.02244	0.06163	0.01491	0.38445	0.06753	0.01747	0.20451	0.01951	0.02127	0.04660	0.00728	0.00797	0.00221	0.03527	0.00763	0.00499	0.00967
25	0.01450	0.01379	0.02342	0.42010	0.35991	0.01539	0.01954	0.01874	0.01428	0.01936	0.01225	0.01729	0.00973	0.00637	0.00668	0.00212	0.00849	0.00597	0.00314	0.00893
26	0.00970	0.00696	0.00942	0.01021	0.01150	0.00667	0.00809	0.01236	0.01612	0.02186	0.28475	0.22945	0.04898	0.01737	0.00861	0.00265	0.00454	0.27806	0.00663	0.00606
27	0.01148	0.00684	0.00923	0.01009	0.01128	0.00634	0.00732	0.01309	0.01404	0.11320	0.03537	0.57073	0.03988	0.01898	0.00841	0.00269	0.00444	0.10374	0.00650	0.00635
28	0.02061	0.01815	0.07785	0.01854	0.02406	0.06209	0.21189	0.19433	0.06362	0.14392	0.01814	0.02128	0.01363	0.00946	0.03623	0.00250	0.00898	0.03949	0.00537	0.00986
29	0.01526	0.01637	0.05706	0.20708	0.26192	0.01606	0.24975	0.02082	0.04899	0.02088	0.01347	0.01774	0.01046	0.00622	0.00709	0.00216	0.00929	0.00667	0.00342	0.00929

[dist]
# distance from previous block
# <min> <max>
1	5

[block]
# block no. 6 follows, 32 sequences, length 6
# corresponding to MSA columns:
# 280-285
name=unknown_G
#
# <colnr> <probs for GDERKNQSTAVLIFYWHMCP>
#	G	D	E	R	K	N	Q	S	T	A	V	L	I	F	Y	W	H	M	C	P
0	0.01401	0.08815	0.61447	0.01939	0.02871	0.01653	0.08522	0.02118	0.01428	0.02086	0.01198	0.01427	0.00866	0.00626	0.00636	0.00209	0.00984	0.00513	0.00289	0.00974
1	0.01302	0.02630	0.48484	0.01820	0.07975	0.01339	0.01974	0.01928	0.01512	0.02239	0.14187	0.02094	0.01885	0.00758	0.00657	0.00202	0.00813	0.00628	0.00380	0.07193
2	0.01140	0.02344	0.44771	0.01531	0.02150	0.01163	0.01754	0.01660	0.01365	0.01964	0.02178	0.30525	0.02251	0.01209	0.00723	0.00236	0.00756	0.01047	0.00416	0.00817
3	0.00904	0.00675	0.00798	0.00798	0.00938	0.00618	0.00574	0.01097	0.01535	0.02028	0.28728	0.10109	0.26174	0.16660	0.01332	0.00314	0.00413	0.05127	0.00620	0.00560
4	0.01112	0.00957	0.01466	0.01477	0.05171	0.01046	0.06789	0.01332	0.01350	0.01860	0.06367	0.34767	0.03253	0.01624	0.01120	0.00272	0.15530	0.13323	0.00523	0.00658
5	0.24708	0.16966	0.16120	0.01456	0.02036	0.01661	0.12037	0.02027	0.01428	0.05796	0.08567	0.01734	0.01457	0.00695	0.00573	0.00199	0.00730	0.00560	0.00406	0.00844

[dist]
# distance from previous block
# <min> <max>
7	11

[block]
# block no. 7 follows, 32 sequences, length 10
# corresponding to MSA columns:
# 297-306
name=unknown_H
#
# <colnr> <probs for GDERKNQSTAVLIFYWHMCP>
#	G	D	E	R	K	N	Q	S	T	A	V	L	I	F	Y	W	H	M	C	P
0	0.02177	0.04617	0.06193	0.02183	0.19633	0.01925	0.01521	0.42525	0.06862	0.03415	0.01547	0.01649	0.01152	0.00742	0.00660	0.00201	0.00753	0.00597	0.00551	0.01098
1	0.04759	0.08546	0.36306	0.01648	0.02402	0.01795	0.01811	0.25832	0.02035	0.06607	0.01392	0.01492	0.00991	0.00701	0.00627	0.00203	0.00842	0.00527	0.00453	0.01032
2	0.01691	0.09466	0.46726	0.01718	0.02534	0.01739	0.01999	0.15002	0.05785	0.05079	0.01397	0.01517	0.01005	0.00686	0.00629	0.00205	0.00878	0.00526	0.00400	0.01018
3	0.01748	0.10475	0.44904	0.01726	0.02540	0.01824	0.01988	0.22173	0.01925	0.02691	0.01297	0.01439	0.00937	0.00681	0.00626	0.00202	0.00889	0.00514	0.00398	0.01023
4	0.22205	0.01734	0.01757	0.01378	0.01885	0.01937	0.01138	0.52988	0.02652	0.03924	0.01442	0.01481	0.01037	0.00760	0.00607	0.00203	0.00684	0.00544	0.00607	0.01037
5	0.02551	0.01879	0.02014	0.01544	0.02081	0.02081	0.01275	0.69996	0.03155	0.04229	0.01611	0.01611	0.01141	0.00805	0.00671	0.00201	0.00738	0.00604	0.00671	0.01141
6	0.01669	0.06713	0.51762	0.01782	0.02640	0.01743	0.02112	0.19089	0.01849	0.02624	0.01292	0.01448	0.00923	0.00676	0.00636	0.00206	0.00915	0.00516	0.00380	0.01023
7	0.01167	0.19747	0.01688	0.01096	0.01329	0.01293	0.00916	0.01401	0.01150	0.01563	0.01581	0.02246	0.01473	0.03918	0.55425	0.00845	0.01527	0.00629	0.00341	0.00665
8	0.01427	0.02963	0.55084	0.01776	0.02614	0.01586	0.02125	0.02485	0.18820	0.02295	0.01586	0.01688	0.01150	0.00706	0.00649	0.00216	0.00876	0.00562	0.00383	0.01009
9	0.01346	0.03471	0.72942	0.01912	0.02904	0.01558	0.02479	0.02125	0.01417	0.02125	0.01204	0.01417	0.00850	0.00637	0.00637	0.00212	0.00992	0.00496	0.00283	0.00992

[dist]
# distance from previous block
# <min> <max>
4	6

[block]
# block no. 8 follows, 32 sequences, length 30
# corresponding to MSA columns:
# 313-342
name=unknown_I
#
# <colnr> <probs for GDERKNQSTAVLIFYWHMCP>
#	G	D	E	R	K	N	Q	S	T	A	V	L	I	F	Y	W	H	M	C	P
0	0.01347	0.03390	0.70396	0.01880	0.02857	0.01535	0.02419	0.02109	0.01416	0.02127	0.01204	0.01416	0.00855	0.00632	0.00632	0.00208	0.00974	0.00492	0.00287	0.03822
1	0.01489	0.26904	0.50764	0.01668	0.02527	0.01909	0.02054	0.02088	0.01400	0.01950	0.01117	0.01308	0.00854	0.00617	0.00571	0.00190	0.00904	0.00452	0.00285	0.00950
2	0.01840	0.07735	0.01742	0.01423	0.01802	0.17588	0.01121	0.03162	0.47574	0.02422	0.02249	0.02306	0.01765	0.00873	0.00655	0.00212	0.00699	0.03292	0.00575	0.00966
3	0.57291	0.01947	0.22504	0.01190	0.01778	0.01521	0.01251	0.02018	0.01224	0.02746	0.01015	0.01188	0.00764	0.00627	0.00482	0.00209	0.00660	0.00403	0.00376	0.00806
4	0.01323	0.01115	0.01315	0.00971	0.01500	0.00854	0.00770	0.01624	0.01470	0.02264	0.12083	0.01949	0.01816	0.00632	0.00542	0.00117	0.00469	0.00523	0.00450	0.68213
5	0.01267	0.01193	0.02013	0.74806	0.04621	0.01491	0.01863	0.01714	0.01342	0.01714	0.01193	0.01789	0.00894	0.00671	0.00671	0.00224	0.00894	0.00596	0.00298	0.00745
6	0.00835	0.00606	0.00788	0.00901	0.00972	0.00559	0.00615	0.00984	0.01392	0.01861	0.13708	0.60344	0.10023	0.01966	0.00842	0.00260	0.00375	0.01769	0.00639	0.00559
7	0.01661	0.01594	0.02724	0.04119	0.72233	0.01594	0.02059	0.02059	0.01528	0.02192	0.01262	0.01661	0.01063	0.00598	0.00664	0.00199	0.00797	0.00598	0.00332	0.01063
8	0.01391	0.01193	0.01391	0.00994	0.01590	0.00894	0.00795	0.01690	0.01391	0.02186	0.01193	0.01391	0.00994	0.00497	0.00497	0.00099	0.00497	0.00398	0.00398	0.80521
9	0.00963	0.00752	0.01101	0.01012	0.01188	0.00694	0.06068	0.01248	0.01721	0.02390	0.48120	0.20468	0.08709	0.01485	0.00806	0.00227	0.00398	0.01343	0.00676	0.00632
10	0.00976	0.00651	0.00732	0.00732	0.00732	0.00651	0.00407	0.00976	0.00976	0.01301	0.02114	0.04391	0.02439	0.76419	0.03415	0.00651	0.00651	0.00976	0.00407	0.00407
11	0.00937	0.00685	0.00880	0.00831	0.00995	0.00628	0.00623	0.01242	0.01870	0.02622	0.66757	0.05126	0.11496	0.01398	0.00792	0.00212	0.00318	0.01229	0.00730	0.00628
12	0.01267	0.01193	0.02013	0.74806	0.04621	0.01491	0.01863	0.01714	0.01342	0.01714	0.01193	0.01789	0.00894	0.00671	0.00671	0.00224	0.00894	0.00596	0.00298	0.00745
13	0.01854	0.01529	0.02556	0.03700	0.62133	0.01507	0.01906	0.02233	0.01584	0.12291	0.01461	0.01750	0.01149	0.00631	0.00666	0.00200	0.00765	0.00609	0.00404	0.01074
14	0.01710	0.01506	0.02298	0.30233	0.31139	0.01663	0.01811	0.17006	0.01819	0.02464	0.01313	0.01698	0.01017	0.00671	0.00668	0.00209	0.00821	0.00599	0.00395	0.00960
15	0.01649	0.53105	0.25964	0.01395	0.02104	0.02300	0.01578	0.02047	0.01381	0.01755	0.01021	0.01186	0.00857	0.00595	0.00497	0.00166	0.00806	0.00403	0.00286	0.00903
16	0.01267	0.01193	0.02013	0.74806	0.04621	0.01491	0.01863	0.01714	0.01342	0.01714	0.01193	0.01789	0.00894	0.00671	0.00671	0.00224	0.00894	0.00596	0.00298	0.00745
17	0.01559	0.00929	0.01112	0.01012	0.01321	0.00878	0.00811	0.02046	0.12149	0.20551	0.10644	0.04799	0.27278	0.01346	0.00765	0.00232	0.00467	0.10601	0.00696	0.00805
18	0.01668	0.01459	0.01653	0.01675	0.09674	0.01661	0.01174	0.03396	0.63204	0.02738	0.02566	0.02409	0.01937	0.00875	0.00681	0.00224	0.00561	0.00741	0.00643	0.01062
19	0.00957	0.00785	0.01001	0.01136	0.08970	0.00710	0.00736	0.01214	0.01685	0.02225	0.33591	0.05309	0.36338	0.01437	0.00778	0.00217	0.00381	0.01239	0.00639	0.00650
20	0.01343	0.00941	0.01458	0.01312	0.01603	0.00873	0.11081	0.01634	0.01577	0.12083	0.03846	0.11909	0.18598	0.01504	0.00834	0.00260	0.00604	0.27216	0.00609	0.00717
21	0.01533	0.03209	0.64912	0.01832	0.02770	0.01494	0.02311	0.02254	0.01473	0.10064	0.01366	0.01514	0.00941	0.00659	0.00642	0.00212	0.00944	0.00516	0.00345	0.01009
22	0.01558	0.01737	0.10501	0.15968	0.52863	0.01573	0.02073	0.02008	0.01483	0.02103	0.01244	0.01655	0.01010	0.00615	0.00662	0.00205	0.00836	0.00586	0.00321	0.01000
23	0.01346	0.03471	0.72942	0.01912	0.02904	0.01558	0.02479	0.02125	0.01417	0.02125	0.01204	0.01417	0.00850	0.00637	0.00637	0.00212	0.00992	0.00496	0.00283	0.00992
24	0.01437	0.01365	0.02319	0.44383	0.33721	0.01535	0.01948	0.01863	0.01422	0.01920	0.01223	0.01734	0.00967	0.00639	0.00668	0.00213	0.00853	0.00597	0.00313	0.00882
25	0.01417	0.08719	0.49442	0.10368	0.12934	0.01642	0.02245	0.02060	0.01420	0.02045	0.01190	0.01467	0.00886	0.00631	0.00629	0.00206	0.00931	0.00511	0.00292	0.00964
26	0.02095	0.01160	0.04317	0.01556	0.11375	0.01000	0.01107	0.02420	0.03659	0.37422	0.06042	0.13713	0.05717	0.01099	0.00723	0.00223	0.00570	0.04167	0.00680	0.00957
27	0.03575	0.01393	0.03981	0.02012	0.12075	0.06404	0.19319	0.01709	0.01485	0.01979	0.02465	0.10147	0.08902	0.01548	0.08981	0.00331	0.00913	0.11570	0.00441	0.00768
28	0.01593	0.01549	0.02661	0.13920	0.44612	0.01602	0.11621	0.02191	0.09326	0.02186	0.01431	0.01796	0.01143	0.00639	0.00686	0.00210	0.00829	0.00643	0.00368	0.00994
29	0.01491	0.01728	0.06266	0.02633	0.06055	0.01558	0.56548	0.02008	0.01541	0.02101	0.01611	0.10132	0.01398	0.00743	0.00788	0.00230	0.01028	0.00898	0.00369	0.00874

[dist]
# distance from previous block
# <min> <max>
0	1

[block]
# block no. 9 follows, 32 sequences, length 33
# corresponding to MSA columns:
# 344-376
name=unknown_J
#
# <colnr> <probs for GDERKNQSTAVLIFYWHMCP>
#	G	D	E	R	K	N	Q	S	T	A	V	L	I	F	Y	W	H	M	C	P
0	0.01525	0.01428	0.02396	0.08684	0.56620	0.01441	0.01830	0.01915	0.01571	0.02233	0.11938	0.02177	0.01848	0.00720	0.00684	0.00203	0.00731	0.00691	0.00391	0.00975
1	0.01556	0.01703	0.07038	0.05247	0.10518	0.01626	0.38877	0.02008	0.01469	0.04708	0.01455	0.06345	0.01225	0.00775	0.00978	0.00235	0.12212	0.00781	0.00363	0.00882
2	0.01687	0.01220	0.09832	0.01256	0.01633	0.00936	0.05363	0.01981	0.01520	0.25421	0.04477	0.19156	0.06218	0.03864	0.11858	0.00369	0.00784	0.01009	0.00591	0.00827
3	0.01352	0.06477	0.58753	0.01682	0.02528	0.01469	0.02113	0.02035	0.01413	0.02156	0.01340	0.01565	0.00982	0.00656	0.00602	0.00201	0.00876	0.00509	0.12362	0.00930
4	0.01490	0.01021	0.03252	0.01162	0.01458	0.00935	0.04655	0.07274	0.04769	0.15354	0.06293	0.22552	0.15074	0.01663	0.05729	0.00294	0.00613	0.05007	0.00630	0.00776
5	0.01598	0.03119	0.62146	0.01804	0.02724	0.01472	0.02253	0.02298	0.01493	0.12799	0.01422	0.01548	0.00973	0.00667	0.00643	0.00212	0.00928	0.00523	0.00366	0.01014
6	0.02538	0.01176	0.01481	0.01178	0.01609	0.01117	0.00938	0.10515	0.07695	0.48291	0.02456	0.02545	0.01752	0.12267	0.01090	0.00276	0.00599	0.00719	0.00736	0.01024
7	0.01462	0.01377	0.02351	0.11854	0.47998	0.01400	0.05059	0.01829	0.01483	0.02076	0.03723	0.13023	0.01708	0.00855	0.00704	0.00215	0.00749	0.00823	0.00384	0.00926
8	0.01455	0.01360	0.02295	0.21540	0.44386	0.01454	0.01825	0.01842	0.01413	0.01975	0.01325	0.01841	0.01113	0.01287	0.11721	0.00338	0.00973	0.00616	0.00328	0.00912
9	0.01358	0.01253	0.09798	0.01290	0.01597	0.03084	0.06652	0.03249	0.01506	0.09667	0.06916	0.18405	0.04627	0.12726	0.01189	0.00309	0.00654	0.14457	0.00548	0.00713
10	0.02585	0.01250	0.01852	0.01972	0.20714	0.01140	0.01265	0.02884	0.01814	0.51588	0.04341	0.02197	0.01639	0.00784	0.00675	0.00205	0.00624	0.00670	0.00693	0.01105
11	0.01361	0.02602	0.45291	0.02277	0.19160	0.01427	0.02100	0.01979	0.01516	0.02227	0.11907	0.02019	0.01730	0.00739	0.00667	0.00209	0.00843	0.00629	0.00364	0.00954
12	0.01346	0.03471	0.72942	0.01912	0.02904	0.01558	0.02479	0.02125	0.01417	0.02125	0.01204	0.01417	0.00850	0.00637	0.00637	0.00212	0.00992	0.00496	0.00283	0.00992
13	0.01327	0.01253	0.02120	0.64115	0.14847	0.01506	0.01893	0.01767	0.01370	0.01787	0.01203	0.01770	0.00920	0.00660	0.00670	0.00220	0.00880	0.00597	0.00303	0.00793
14	0.01378	0.01638	0.12920	0.45951	0.21417	0.01527	0.02006	0.01863	0.01400	0.01897	0.01212	0.01700	0.00930	0.00647	0.00664	0.00216	0.00885	0.00581	0.00304	0.00863
15	0.01282	0.01185	0.01976	0.48741	0.18315	0.01370	0.01717	0.01669	0.01372	0.01815	0.01586	0.12983	0.01466	0.00872	0.00698	0.00226	0.00798	0.00795	0.00354	0.00782
16	0.01645	0.01762	0.10946	0.02009	0.02530	0.05643	0.29847	0.04644	0.01609	0.08283	0.01806	0.02685	0.01533	0.01077	0.04646	0.00277	0.04180	0.10822	0.03193	0.00861
17	0.01987	0.01688	0.01598	0.01407	0.01803	0.12501	0.01096	0.05851	0.49871	0.10966	0.02424	0.02249	0.01790	0.00864	0.00670	0.00216	0.00646	0.00694	0.00649	0.01031
18	0.00818	0.00584	0.00779	0.00934	0.00973	0.00545	0.00623	0.00934	0.01285	0.01713	0.03698	0.75981	0.04438	0.02102	0.00856	0.00273	0.00389	0.01908	0.00623	0.00545
19	0.13515	0.01377	0.02155	0.34022	0.32435	0.01536	0.01774	0.01898	0.01389	0.02110	0.01183	0.01630	0.00940	0.00633	0.00629	0.00211	0.00797	0.00562	0.00330	0.00876
20	0.00963	0.00688	0.00946	0.01101	0.01203	0.00670	0.00876	0.01186	0.01428	0.01876	0.03618	0.38216	0.04120	0.01965	0.00895	0.00293	0.00515	0.38235	0.00620	0.00585
21	0.00943	0.00686	0.00888	0.00837	0.00998	0.00630	0.00628	0.01253	0.01883	0.02653	0.69071	0.05074	0.09163	0.01386	0.00791	0.00212	0.00318	0.01222	0.00734	0.00630
22	0.01346	0.03471	0.72942	0.01912	0.02904	0.01558	0.02479	0.02125	0.01417	0.02125	0.01204	0.01417	0.00850	0.00637	0.00637	0.00212	0.00992	0.00496	0.00283	0.00992
23	0.01447	0.20101	0.57202	0.01739	0.02636	0.01807	0.02177	0.02099	0.01405	0.02001	0.01143	0.01339	0.00852	0.00623	0.00591	0.00197	0.00930	0.00465	0.00284	0.00962
24	0.01959	0.07128	0.19216	0.01483	0.02077	0.01697	0.01441	0.22953	0.17395	0.10386	0.03533	0.02049	0.04035	0.00820	0.00657	0.00208	0.00711	0.00646	0.00569	0.01036
25	0.00822	0.00681	0.00721	0.00711	0.00924	0.00579	0.00533	0.01020	0.01599	0.01978	0.19024	0.06186	0.59631	0.01638	0.00793	0.00224	0.00335	0.01378	0.00645	0.00579
26	0.01361	0.01288	0.02182	0.57939	0.20755	0.01515	0.01910	0.01797	0.01386	0.01828	0.01209	0.01758	0.00935	0.00653	0.00669	0.00218	0.00871	0.00597	0.00306	0.00821
27	0.01785	0.01601	0.02661	0.03752	0.61523	0.01604	0.04299	0.06987	0.01665	0.05639	0.01355	0.01691	0.01095	0.00623	0.00670	0.00201	0.00794	0.00609	0.00380	0.01067
28	0.01466	0.23206	0.54264	0.01707	0.02586	0.01853	0.02121	0.02094	0.01402	0.01978	0.01131	0.01325	0.00853	0.00620	0.00582	0.00194	0.00918	0.00459	0.00284	0.00957
29	0.01746	0.03995	0.02015	0.01580	0.01992	0.01478	0.14545	0.18848	0.14780	0.07055	0.04964	0.14274	0.02245	0.01082	0.00743	0.00230	0.00685	0.06232	0.00595	0.00915
30	0.01791	0.02349	0.19358	0.10649	0.02901	0.17188	0.19991	0.02362	0.05903	0.07007	0.01404	0.01649	0.01039	0.00661	0.00678	0.00207	0.00994	0.00600	0.00380	0.02890
31	0.04472	0.01395	0.04389	0.01932	0.19894	0.07041	0.03249	0.05793	0.01785	0.05866	0.26708	0.03151	0.06052	0.00979	0.00706	0.00205	0.00621	0.02357	0.00544	0.02861
32	0.11709	0.01389	0.01923	0.06945	0.25520	0.01458	0.03668	0.04299	0.16771	0.08402	0.04521	0.02168	0.04623	0.00773	0.00649	0.00209	0.00654	0.00670	0.00499	0.03150

[dist]
# distance from previous block
# <min> <max>
2	49

[block]
# block no. 10 follows, 32 sequences, length 13
# corresponding to MSA columns:
# 428-440
name=unknown_K
#
# <colnr> <probs for GDERKNQSTAVLIFYWHMCP>
#	G	D	E	R	K	N	Q	S	T	A	V	L	I	F	Y	W	H	M	C	P
0	0.01836	0.10320	0.07955	0.01957	0.10590	0.19474	0.12633	0.02229	0.04449	0.07429	0.02053	0.02187	0.10212	0.00806	0.00705	0.00200	0.03005	0.00672	0.00417	0.00871
1	0.01318	0.07656	0.61184	0.01764	0.02631	0.01520	0.02204	0.01994	0.01400	0.02049	0.01447	0.09158	0.01224	0.00786	0.00648	0.00215	0.00912	0.00634	0.00319	0.00937
2	0.25837	0.01232	0.01280	0.01032	0.01491	0.03294	0.00829	0.04318	0.01541	0.18454	0.06752	0.04932	0.01603	0.00759	0.00558	0.00178	0.00532	0.00582	0.00543	0.24253
3	0.02076	0.01923	0.02095	0.06135	0.10666	0.16913	0.04878	0.23430	0.02031	0.04595	0.01351	0.01596	0.01056	0.00797	0.00904	0.00211	0.13118	0.00577	0.04724	0.00926
4	0.00808	0.00621	0.00741	0.00836	0.00947	0.00553	0.00579	0.00945	0.01379	0.01751	0.04891	0.49234	0.30416	0.01947	0.00832	0.00255	0.00370	0.01718	0.00623	0.00553
5	0.05161	0.10033	0.10868	0.01553	0.02019	0.39751	0.01341	0.02563	0.04255	0.11022	0.01347	0.01466	0.01038	0.00881	0.03698	0.00221	0.01025	0.00486	0.00411	0.00861
6	0.01794	0.76823	0.03516	0.01148	0.01722	0.02655	0.01148	0.02009	0.01363	0.01579	0.00933	0.01076	0.00861	0.00574	0.00431	0.00144	0.00718	0.00359	0.00287	0.00861
7	0.00941	0.00686	0.00884	0.00835	0.00997	0.00629	0.00626	0.01249	0.01878	0.02640	0.68091	0.05096	0.10151	0.01391	0.00791	0.00212	0.00318	0.01225	0.00732	0.00629
8	0.01707	0.09412	0.01459	0.01243	0.05657	0.23440	0.00899	0.01972	0.01582	0.02129	0.04484	0.02006	0.01514	0.00745	0.00532	0.00165	0.00661	0.00560	0.39107	0.00724
9	0.01669	0.01441	0.01517	0.01365	0.01745	0.01669	0.01062	0.03565	0.71021	0.02807	0.02731	0.02503	0.02048	0.00910	0.00683	0.00228	0.00531	0.00759	0.00683	0.01062
10	0.01831	0.69924	0.06580	0.01185	0.01775	0.02527	0.01201	0.02074	0.01392	0.04953	0.01026	0.01149	0.00898	0.00589	0.00451	0.00150	0.00723	0.00380	0.00312	0.00880
11	0.01794	0.76823	0.03516	0.01148	0.01722	0.02655	0.01148	0.02009	0.01363	0.01579	0.00933	0.01076	0.00861	0.00574	0.00431	0.00144	0.00718	0.00359	0.00287	0.00861
12	0.09654	0.03245	0.65452	0.01805	0.02737	0.01553	0.02297	0.02109	0.01388	0.02217	0.01176	0.01383	0.00837	0.00636	0.00614	0.00212	0.00942	0.00482	0.00297	0.00964

[dist]
# distance from previous block
# <min> <max>
0	1

[block]
# block no. 11 follows, 32 sequences, length 144
# corresponding to MSA columns:
# 442-468,474-526,535-598
name=unknown_L
#
# <colnr> <probs for GDERKNQSTAVLIFYWHMCP>
#	G	D	E	R	K	N	Q	S	T	A	V	L	I	F	Y	W	H	M	C	P
0	0.02477	0.06211	0.01968	0.01705	0.02060	0.70816	0.01290	0.02652	0.01879	0.01640	0.01033	0.01205	0.00864	0.00687	0.00598	0.00172	0.01190	0.00429	0.00343	0.00781
1	0.01776	0.73821	0.06357	0.01179	0.01771	0.02610	0.01203	0.02014	0.01366	0.01601	0.00944	0.01090	0.00861	0.00577	0.00439	0.00146	0.00729	0.00364	0.00287	0.00866
2	0.01346	0.03471	0.72942	0.01912	0.02904	0.01558	0.02479	0.02125	0.01417	0.02125	0.01204	0.01417	0.00850	0.00637	0.00637	0.00212	0.00992	0.00496	0.00283	0.00992
3	0.00997	0.00684	0.00885	0.00864	0.01019	0.00625	0.00637	0.01261	0.01753	0.05301	0.50972	0.18931	0.10503	0.01517	0.00799	0.00224	0.00343	0.01342	0.00711	0.00632
4	0.01334	0.03388	0.70791	0.01881	0.02847	0.01531	0.02424	0.02099	0.01431	0.02142	0.03314	0.01524	0.01014	0.00659	0.00642	0.00212	0.00971	0.00517	0.00297	0.00981
5	0.00959	0.00719	0.01078	0.01078	0.01198	0.00839	0.00839	0.01198	0.01078	0.01558	0.01797	0.02636	0.01677	0.05032	0.73760	0.01078	0.01797	0.00719	0.00359	0.00599
6	0.01346	0.03471	0.72942	0.01912	0.02904	0.01558	0.02479	0.02125	0.01417	0.02125	0.01204	0.01417	0.00850	0.00637	0.00637	0.00212	0.00992	0.00496	0.00283	0.00992
7	0.02978	0.01194	0.01589	0.01219	0.01739	0.01064	0.01007	0.07993	0.02008	0.67851	0.02574	0.02236	0.01624	0.00829	0.00675	0.00207	0.00583	0.00670	0.00819	0.01142
8	0.01166	0.00583	0.00874	0.00874	0.00874	0.00583	0.00583	0.00874	0.00874	0.01166	0.01166	0.02040	0.01166	0.02331	0.02622	0.80478	0.00583	0.00583	0.00291	0.00291
9	0.01661	0.01594	0.02724	0.04119	0.72233	0.01594	0.02059	0.02059	0.01528	0.02192	0.01262	0.01661	0.01063	0.00598	0.00664	0.00199	0.00797	0.00598	0.00332	0.01063
10	0.00887	0.00687	0.01040	0.01094	0.01187	0.00643	0.06104	0.01045	0.01317	0.01757	0.03509	0.67890	0.04149	0.01973	0.00854	0.00270	0.00455	0.03964	0.00600	0.00576
11	0.01267	0.01193	0.02013	0.74806	0.04621	0.01491	0.01863	0.01714	0.01342	0.01714	0.01193	0.01789	0.00894	0.00671	0.00671	0.00224	0.00894	0.00596	0.00298	0.00745
12	0.01346	0.03471	0.72942	0.01912	0.02904	0.01558	0.02479	0.02125	0.01417	0.02125	0.01204	0.01417	0.00850	0.00637	0.00637	0.00212	0.00992	0.00496	0.00283	0.00992
13	0.00847	0.00605	0.00812	0.00967	0.01019	0.00570	0.00673	0.00984	0.01313	0.01745	0.03682	0.68455	0.04374	0.02075	0.00864	0.00277	0.00414	0.09147	0.00622	0.00553
14	0.01661	0.01594	0.02724	0.04119	0.72233	0.01594	0.02059	0.02059	0.01528	0.02192	0.01262	0.01661	0.01063	0.00598	0.00664	0.00199	0.00797	0.00598	0.00332	0.01063
