[name]
unknown

[dist]
# distance from previous block
# <min> <max>
0	33

[block]
# block no. 0 follows, 30 sequences, length 17
# corresponding to MSA columns:
# 35-51
name=unknown_A
#
# <colnr> <probs for GDERKNQSTAVLIFYWHMCP>
#	G	D	E	R	K	N	Q	S	T	A	V	L	I	F	Y	W	H	M	C	P
0	0.01360	0.01125	0.01171	0.01071	0.01308	0.06877	0.00817	0.10755	0.04402	0.02683	0.36712	0.07944	0.11879	0.04907	0.00926	0.00246	0.00511	0.03889	0.00682	0.00735
1	0.15442	0.01286	0.04715	0.01089	0.01459	0.01235	0.00909	0.19069	0.01997	0.02913	0.13780	0.08852	0.22088	0.01249	0.00718	0.00226	0.00529	0.01015	0.00624	0.00806
2	0.10954	0.05400	0.01782	0.04763	0.06632	0.01772	0.01190	0.13672	0.36458	0.03017	0.05547	0.02243	0.01852	0.00867	0.00666	0.00222	0.00620	0.00698	0.00615	0.01030
3	0.02393	0.01684	0.04159	0.01625	0.04949	0.01650	0.05586	0.35253	0.02483	0.17123	0.01825	0.01845	0.01287	0.00773	0.00673	0.00198	0.00718	0.00628	0.04755	0.10394
4	0.05729	0.52662	0.06022	0.01303	0.01886	0.09051	0.01244	0.08404	0.01637	0.02026	0.01069	0.01213	0.00921	0.00633	0.00499	0.00162	0.00789	0.00412	0.00352	0.03983
5	0.01081	0.00773	0.00920	0.00902	0.00972	0.00819	0.00588	0.01337	0.07840	0.01613	0.04701	0.04033	0.02487	0.51407	0.16991	0.00705	0.00890	0.00948	0.00454	0.00538
6	0.00937	0.00698	0.00871	0.00857	0.01019	0.00632	0.00631	0.01208	0.01812	0.02479	0.49049	0.14934	0.19106	0.01597	0.00833	0.00231	0.00344	0.01401	0.00728	0.00632
7	0.02233	0.02575	0.02285	0.06272	0.19424	0.40958	0.04829	0.05750	0.05280	0.02068	0.01278	0.01524	0.01035	0.00705	0.00665	0.00196	0.01072	0.00545	0.00387	0.00920
8	0.01110	0.00714	0.00888	0.00890	0.01045	0.00650	0.00636	0.01311	0.01602	0.08041	0.24056	0.27033	0.16555	0.08569	0.01079	0.00283	0.00412	0.01437	0.03049	0.00640
9	0.01977	0.02126	0.01820	0.01636	0.03371	0.29747	0.03021	0.09594	0.07312	0.02252	0.08394	0.02542	0.07965	0.01018	0.00947	0.00222	0.12002	0.02726	0.00489	0.00838
10	0.00886	0.00709	0.00792	0.00771	0.00980	0.00615	0.00578	0.01120	0.01735	0.02228	0.30980	0.06151	0.46715	0.01639	0.00824	0.00230	0.00344	0.01394	0.00693	0.00615
11	0.02220	0.01740	0.01851	0.01518	0.01999	0.01962	0.01222	0.38095	0.34686	0.03700	0.02225	0.02113	0.01632	0.00889	0.00704	0.00222	0.00666	0.00704	0.00704	0.01148
12	0.02317	0.02592	0.01935	0.01838	0.06524	0.42165	0.01331	0.09155	0.20580	0.02326	0.01630	0.01694	0.01275	0.00786	0.00662	0.00200	0.00992	0.00570	0.00486	0.00944
13	0.02697	0.01883	0.02050	0.01572	0.02128	0.02058	0.01298	0.62695	0.03161	0.10668	0.01776	0.01741	0.01237	0.00840	0.00698	0.00210	0.00752	0.00635	0.00714	0.01187
14	0.21168	0.04553	0.02078	0.02011	0.13878	0.16586	0.07624	0.04799	0.01595	0.05697	0.01397	0.06414	0.01217	0.00822	0.00772	0.00218	0.07241	0.00631	0.00424	0.00876
15	0.09293	0.10781	0.02305	0.01741	0.02179	0.39390	0.08881	0.06334	0.05153	0.03701	0.01248	0.01425	0.00999	0.00720	0.00672	0.00195	0.03192	0.00514	0.00405	0.00872
16	0.01862	0.37415	0.21502	0.01549	0.02255	0.04249	0.05111	0.08273	0.01658	0.05211	0.01227	0.01378	0.00970	0.00648	0.00567	0.00180	0.00846	0.00477	0.00368	0.04252

[dist]
# distance from previous block
# <min> <max>
0	2

[block]
# block no. 1 follows, 30 sequences, length 18
# corresponding to MSA columns:
# 54-71
name=unknown_B
#
# <colnr> <probs for GDERKNQSTAVLIFYWHMCP>
#	G	D	E	R	K	N	Q	S	T	A	V	L	I	F	Y	W	H	M	C	P
0	0.05447	0.01068	0.01134	0.01014	0.01280	0.04810	0.00790	0.08739	0.01852	0.07814	0.23232	0.03903	0.16597	0.01505	0.05958	0.00279	0.02454	0.00976	0.10394	0.00753
1	0.01988	0.01244	0.01464	0.01208	0.01578	0.01277	0.00949	0.15921	0.11099	0.17172	0.03965	0.02451	0.01761	0.08519	0.04280	0.04572	0.03218	0.00704	0.07352	0.09280
2	0.01384	0.01105	0.02840	0.01029	0.01227	0.05751	0.00756	0.07181	0.04727	0.05893	0.17248	0.10469	0.07722	0.27589	0.01757	0.00385	0.00602	0.01075	0.00584	0.00675
3	0.01492	0.13474	0.55951	0.01885	0.02809	0.01791	0.04884	0.02275	0.05157	0.02170	0.01305	0.01501	0.00960	0.00666	0.00642	0.00212	0.00972	0.00523	0.00320	0.01013
4	0.01319	0.01211	0.01983	0.45138	0.16807	0.01384	0.01726	0.01727	0.01483	0.01951	0.05252	0.05573	0.06178	0.00916	0.00733	0.00234	0.00807	0.04381	0.00393	0.00805
5	0.01495	0.01421	0.02413	0.43672	0.33546	0.01597	0.02026	0.01938	0.01479	0.01998	0.01272	0.01803	0.01006	0.00665	0.00695	0.00222	0.00886	0.00621	0.00325	0.00918
6	0.01005	0.00680	0.00798	0.00806	0.00819	0.00690	0.00476	0.01035	0.01041	0.01399	0.02247	0.07812	0.02563	0.65252	0.09987	0.00700	0.00777	0.01036	0.00429	0.00449
7	0.02017	0.11959	0.02446	0.05796	0.11084	0.04121	0.11453	0.06303	0.04113	0.16794	0.01732	0.04639	0.01349	0.00741	0.00660	0.00194	0.00765	0.00656	0.00503	0.12672
8	0.01662	0.01590	0.02693	0.08225	0.64028	0.01603	0.02057	0.02069	0.01578	0.02233	0.01569	0.01961	0.04255	0.00678	0.00697	0.00210	0.00813	0.00660	0.00357	0.01062
9	0.24958	0.23516	0.05084	0.01540	0.08045	0.02098	0.01244	0.21123	0.01900	0.02942	0.01214	0.01351	0.00956	0.00685	0.00545	0.00194	0.00711	0.00475	0.00455	0.00962
10	0.00937	0.00779	0.01014	0.00988	0.01188	0.00706	0.04895	0.01197	0.03787	0.01982	0.10073	0.27861	0.36174	0.01780	0.00847	0.00253	0.00436	0.03837	0.00640	0.00628
11	0.01853	0.01628	0.01798	0.01810	0.10552	0.04309	0.01264	0.09643	0.52560	0.02936	0.02475	0.02358	0.01868	0.00887	0.00704	0.00228	0.00633	0.00741	0.00651	0.01102
12	0.00881	0.00705	0.00787	0.00775	0.00979	0.00611	0.00578	0.01106	0.01709	0.02188	0.28352	0.09042	0.46485	0.01670	0.00827	0.00232	0.00347	0.01423	0.00688	0.00611
13	0.15475	0.09753	0.04220	0.04003	0.02079	0.04595	0.07931	0.11489	0.01797	0.20895	0.01656	0.01767	0.01201	0.01026	0.04972	0.00267	0.04777	0.00592	0.00538	0.00967
14	0.01572	0.23297	0.41225	0.01935	0.02789	0.01961	0.13670	0.02181	0.01488	0.02057	0.01202	0.01447	0.00918	0.00632	0.00631	0.00204	0.00978	0.00530	0.00306	0.00978
15	0.00912	0.00633	0.00792	0.00893	0.00918	0.00608	0.00564	0.00988	0.01216	0.01621	0.03230	0.48662	0.03838	0.29606	0.01886	0.00430	0.00506	0.01621	0.00564	0.00513
16	0.01701	0.01632	0.02786	0.08653	0.66954	0.01651	0.02129	0.02119	0.01577	0.02249	0.01308	0.01735	0.01094	0.00627	0.00691	0.00209	0.00835	0.00622	0.00343	0.01085
17	0.21920	0.03362	0.01591	0.01279	0.01726	0.08072	0.03083	0.08507	0.12117	0.21313	0.05661	0.02051	0.01646	0.00820	0.00624	0.00212	0.00648	0.00628	0.03773	0.00966

[dist]
# distance from previous block
# <min> <max>
0	1

[block]
# block no. 2 follows, 30 sequences, length 20
# corresponding to MSA columns:
# 73-92
name=unknown_C
#
# <colnr> <probs for GDERKNQSTAVLIFYWHMCP>
#	G	D	E	R	K	N	Q	S	T	A	V	L	I	F	Y	W	H	M	C	P
0	0.01741	0.01709	0.02739	0.09082	0.63108	0.05072	0.02089	0.02147	0.01594	0.02217	0.01296	0.01714	0.01083	0.00632	0.00688	0.00208	0.00857	0.00613	0.00344	0.01068
1	0.00864	0.00617	0.00825	0.00987	0.01033	0.00578	0.00671	0.00995	0.01349	0.01796	0.03839	0.71750	0.04586	0.02174	0.00894	0.00285	0.00416	0.05123	0.00648	0.00570
2	0.01420	0.03383	0.63838	0.02021	0.02965	0.01664	0.05514	0.02174	0.01453	0.02174	0.01236	0.01496	0.00894	0.00699	0.00785	0.00228	0.06214	0.00536	0.00298	0.01008
3	0.00879	0.00665	0.00822	0.00909	0.01028	0.00593	0.00630	0.01031	0.01429	0.01875	0.07518	0.52585	0.19825	0.01976	0.00855	0.00261	0.00395	0.01759	0.00642	0.04325
4	0.00934	0.00754	0.00985	0.01004	0.01172	0.00694	0.03960	0.01187	0.04075	0.01936	0.07083	0.37648	0.28398	0.01869	0.00859	0.00262	0.00441	0.05478	0.00640	0.00621
5	0.01644	0.01403	0.01499	0.01354	0.01720	0.01604	0.01050	0.03416	0.61562	0.02904	0.11144	0.02923	0.02675	0.01005	0.00724	0.00235	0.00525	0.00847	0.00717	0.01050
6	0.80405	0.01350	0.01026	0.00918	0.01350	0.01565	0.00756	0.02051	0.01188	0.03131	0.00972	0.01134	0.00756	0.00648	0.00432	0.00216	0.00540	0.00378	0.00432	0.00756
7	0.62252	0.01252	0.01073	0.00948	0.01357	0.01408	0.00775	0.02125	0.01290	0.10507	0.01302	0.01457	0.00986	0.00953	0.04736	0.00266	0.00611	0.00452	0.05461	0.00789
8	0.05175	0.02441	0.02234	0.01936	0.06100	0.32238	0.09550	0.23450	0.02277	0.02742	0.01367	0.01544	0.01053	0.00737	0.00665	0.00198	0.01005	0.00567	0.03769	0.00952
9	0.04792	0.01322	0.01692	0.02859	0.01870	0.01249	0.04600	0.15174	0.02029	0.31752	0.02079	0.02037	0.01433	0.00769	0.00643	0.00191	0.00619	0.00628	0.09950	0.14313
10	0.20913	0.05798	0.01679	0.01455	0.05809	0.14298	0.01104	0.04154	0.06082	0.21454	0.03959	0.02266	0.01596	0.00859	0.00634	0.00214	0.00721	0.05499	0.00575	0.00933
11	0.01848	0.01526	0.01624	0.01426	0.01828	0.01740	0.01116	0.15458	0.53337	0.03118	0.02690	0.07008	0.02114	0.01005	0.00719	0.00235	0.00582	0.00835	0.00704	0.01086
12	0.01111	0.00794	0.01109	0.01270	0.01425	0.00792	0.01102	0.01423	0.01594	0.02074	0.03702	0.11078	0.04045	0.01940	0.00960	0.00319	0.00631	0.63348	0.00643	0.00639
13	0.06416	0.01678	0.02846	0.06525	0.30675	0.01706	0.20886	0.09916	0.05071	0.02587	0.03844	0.01900	0.01312	0.00686	0.00720	0.00219	0.00879	0.00696	0.00424	0.01015
14	0.00895	0.00665	0.00835	0.00886	0.01010	0.00604	0.00629	0.01103	0.01618	0.02172	0.28839	0.36404	0.18120	0.01829	0.00853	0.00251	0.00367	0.01622	0.00692	0.00604
15	0.01440	0.03351	0.62211	0.02209	0.07410	0.01634	0.07664	0.02208	0.01494	0.02216	0.01269	0.01521	0.00912	0.00655	0.00677	0.00221	0.01030	0.00546	0.00302	0.01029
16	0.03253	0.00742	0.00939	0.00940	0.01113	0.00680	0.00685	0.01403	0.01650	0.10388	0.25954	0.33519	0.12693	0.01691	0.00826	0.00247	0.00400	0.01493	0.00707	0.00678
17	0.01036	0.00797	0.01166	0.01144	0.01250	0.00947	0.00884	0.01259	0.01110	0.01604	0.01827	0.02795	0.01747	0.10324	0.62436	0.01030	0.06895	0.00758	0.00373	0.00618
18	0.02070	0.30156	0.06900	0.01989	0.14571	0.15794	0.01494	0.12442	0.04434	0.02271	0.01248	0.01418	0.01025	0.00679	0.00587	0.00182	0.00872	0.00496	0.00395	0.00977
19	0.27289	0.05366	0.04409	0.02719	0.36003	0.08896	0.01581	0.02178	0.01487	0.02464	0.01160	0.01450	0.00954	0.00640	0.00588	0.00205	0.00781	0.00510	0.00371	0.00950

[dist]
# distance from previous block
# <min> <max>
0	2

[block]
# block no. 3 follows, 30 sequences, length 34
# corresponding to MSA columns:
# 95-128
name=unknown_D
#
# <colnr> <probs for GDERKNQSTAVLIFYWHMCP>
#	G	D	E	R	K	N	Q	S	T	A	V	L	I	F	Y	W	H	M	C	P
0	0.06602	0.37595	0.11020	0.01589	0.05459	0.17379	0.01423	0.07895	0.01697	0.02074	0.01103	0.01269	0.00922	0.00655	0.00544	0.00176	0.00883	0.00440	0.00355	0.00920
1	0.01801	0.07796	0.06601	0.11602	0.25454	0.09475	0.08035	0.02483	0.13321	0.04326	0.01563	0.01814	0.01222	0.00702	0.00680	0.00212	0.00872	0.00627	0.00415	0.00998
2	0.00986	0.00723	0.00935	0.04573	0.01223	0.00728	0.00721	0.03238	0.01378	0.01856	0.03500	0.49532	0.08475	0.09741	0.03636	0.00340	0.02135	0.01603	0.04083	0.00593
3	0.00958	0.00733	0.00883	0.00861	0.01048	0.00670	0.00649	0.01278	0.03821	0.02443	0.43265	0.09161	0.26082	0.01574	0.00829	0.00232	0.00359	0.03790	0.00719	0.00645
4	0.04446	0.00968	0.01039	0.00923	0.01211	0.01002	0.00723	0.07285	0.11283	0.12467	0.02332	0.02449	0.01747	0.00835	0.00563	0.00186	0.00436	0.00666	0.48605	0.00834
5	0.01873	0.06005	0.02286	0.06802	0.25372	0.03563	0.04264	0.14490	0.11694	0.05623	0.06227	0.02281	0.04778	0.00825	0.00700	0.00213	0.00742	0.00718	0.00520	0.01025
6	0.00933	0.00688	0.00887	0.00972	0.01084	0.00622	0.00675	0.01087	0.01381	0.01875	0.06621	0.57234	0.05899	0.04858	0.00958	0.00279	0.00432	0.04606	0.00621	0.08288
7	0.06596	0.36626	0.09693	0.01467	0.02034	0.11288	0.03183	0.10794	0.03753	0.03936	0.01212	0.01356	0.00986	0.00695	0.00621	0.00185	0.03772	0.00472	0.00393	0.00936
8	0.04324	0.25471	0.15683	0.01579	0.02147	0.29624	0.01491	0.02353	0.01632	0.01856	0.01080	0.01271	0.00899	0.00670	0.00611	0.00178	0.02921	0.00439	0.00332	0.05437
9	0.13558	0.40416	0.07054	0.01370	0.01904	0.21828	0.01259	0.02284	0.01542	0.01914	0.01018	0.01182	0.00875	0.00642	0.00509	0.00172	0.00875	0.00404	0.00335	0.00860
10	0.05133	0.23156	0.08480	0.01601	0.02178	0.08866	0.07721	0.17955	0.10818	0.05377	0.01523	0.01607	0.01166	0.00727	0.00621	0.00197	0.00826	0.00562	0.00483	0.01004
11	0.02227	0.01240	0.01842	0.13970	0.07193	0.01229	0.04847	0.05527	0.01828	0.34813	0.05263	0.02863	0.06104	0.00954	0.00781	0.00229	0.02864	0.04580	0.00651	0.00995
12	0.01155	0.01054	0.04174	0.01456	0.04523	0.00942	0.08980	0.03348	0.04332	0.02092	0.05168	0.36040	0.07685	0.01644	0.00848	0.00264	0.00592	0.12099	0.00586	0.03017
13	0.00848	0.00615	0.00802	0.00951	0.01007	0.00569	0.00638	0.00974	0.01356	0.01790	0.04103	0.69584	0.09886	0.02153	0.00885	0.00280	0.00401	0.01943	0.00648	0.00569
14	0.80405	0.01350	0.01026	0.00918	0.01350	0.01565	0.00756	0.02051	0.01188	0.03131	0.00972	0.01134	0.00756	0.00648	0.00432	0.00216	0.00540	0.00378	0.00432	0.00756
15	0.02399	0.01666	0.01890	0.01477	0.01949	0.01801	0.02846	0.49337	0.02738	0.10447	0.01848	0.02154	0.01428	0.10250	0.04249	0.00309	0.00799	0.00693	0.00657	0.01061
16	0.00976	0.00716	0.01027	0.01053	0.01149	0.00799	0.00781	0.01173	0.01143	0.01613	0.02228	0.14579	0.02304	0.13431	0.52620	0.00932	0.01486	0.00979	0.00424	0.00589
17	0.01557	0.01210	0.01422	0.01044	0.01618	0.00948	0.00835	0.03939	0.01574	0.07366	0.04596	0.01942	0.04786	0.00653	0.00564	0.00126	0.00514	0.00530	0.00482	0.64294
18	0.01202	0.01078	0.00988	0.00961	0.01189	0.10451	0.00724	0.01414	0.01710	0.04652	0.18170	0.12218	0.36595	0.01572	0.00806	0.00233	0.00499	0.04244	0.00640	0.00655
19	0.01762	0.29693	0.32817	0.01594	0.02341	0.06705	0.01786	0.08435	0.01656	0.02192	0.01221	0.01397	0.00956	0.00665	0.00578	0.00189	0.00888	0.00476	0.03685	0.00966
20	0.01864	0.58599	0.03184	0.01228	0.01802	0.07618	0.01157	0.02165	0.04201	0.01774	0.01086	0.01228	0.00962	0.00610	0.00480	0.00149	0.00748	0.00400	0.00333	0.10410
21	0.75875	0.01465	0.01081	0.00969	0.01397	0.05706	0.00790	0.02094	0.01234	0.03048	0.00978	0.01141	0.00764	0.00652	0.00443	0.00214	0.00582	0.00382	0.00428	0.00759
22	0.01083	0.00774	0.01076	0.01230	0.01375	0.00767	0.01045	0.01377	0.01581	0.02068	0.05734	0.16943	0.04175	0.01948	0.00950	0.00313	0.00601	0.55681	0.00647	0.00633
23	0.01331	0.01258	0.02096	0.69307	0.04621	0.01587	0.01912	0.01776	0.01375	0.01776	0.01220	0.01840	0.00929	0.00730	0.00797	0.00237	0.05503	0.00620	0.00310	0.00774
24	0.00900	0.00665	0.00814	0.00877	0.00985	0.00610	0.00611	0.01066	0.01489	0.01963	0.17554	0.35210	0.19768	0.10775	0.01186	0.00309	0.00418	0.03579	0.00644	0.00575
25	0.01527	0.01527	0.02137	0.01832	0.01832	0.02137	0.01527	0.01679	0.01069	0.01679	0.00916	0.01527	0.00916	0.01221	0.02290	0.00305	0.74198	0.00611	0.00305	0.00763
26	0.00988	0.00713	0.00933	0.00878	0.01043	0.00658	0.00658	0.01317	0.01975	0.02798	0.70754	0.05213	0.06584	0.01427	0.00823	0.00219	0.00329	0.01262	0.00768	0.00658
27	0.00956	0.00793	0.00931	0.01001	0.05378	0.00712	0.00685	0.01248	0.03878	0.02200	0.24490	0.05850	0.46219	0.01574	0.00812	0.00229	0.00383	0.01339	0.00665	0.00657
28	0.08036	0.63595	0.03198	0.01131	0.01684	0.02482	0.01103	0.01994	0.01414	0.01781	0.01486	0.01594	0.06801	0.00700	0.00478	0.00162	0.00697	0.00467	0.00339	0.00858
29	0.02143	0.16948	0.02624	0.02097	0.13244	0.18542	0.08230	0.12204	0.10065	0.05132	0.01491	0.01634	0.01169	0.00716	0.00645	0.00196	0.00897	0.00576	0.00455	0.00992
30	0.01160	0.07092	0.01065	0.00834	0.00918	0.00912	0.00536	0.03910	0.01190	0.01589	0.04729	0.04133	0.02481	0.61381	0.02991	0.00582	0.00664	0.00945	0.02378	0.00509
31	0.01946	0.03921	0.09158	0.01363	0.01856	0.07442	0.04534	0.10569	0.03556	0.18289	0.06389	0.06489	0.14036	0.01037	0.00714	0.00211	0.00682	0.00858	0.00607	0.06341
32	0.01392	0.01053	0.01358	0.09149	0.01788	0.01082	0.03698	0.09876	0.08093	0.04894	0.03289	0.19904	0.14508	0.03740	0.00934	0.03430	0.00575	0.03099	0.04323	0.03815
33	0.01326	0.02962	0.01451	0.14439	0.05643	0.05583	0.01073	0.01829	0.11446	0.02063	0.10109	0.11837	0.07072	0.11929	0.01147	0.00292	0.00649	0.03427	0.00521	0.05203

[dist]
# distance from previous block
# <min> <max>
1	9

[block]
# block no. 4 follows, 30 sequences, length 16
# corresponding to MSA columns:
# 138-142,145-155
name=unknown_E
#
# <colnr> <probs for GDERKNQSTAVLIFYWHMCP>
#	G	D	E	R	K	N	Q	S	T	A	V	L	I	F	Y	W	H	M	C	P
0	0.04860	0.12808	0.08392	0.04043	0.11235	0.20857	0.04679	0.10986	0.07435	0.03862	0.01387	0.01554	0.01087	0.00706	0.00632	0.00195	0.00914	0.00542	0.00429	0.03399
1	0.01204	0.00870	0.03742	0.00955	0.01188	0.00730	0.00767	0.01546	0.01958	0.09216	0.61700	0.04802	0.05909	0.01344	0.00805	0.00219	0.00381	0.01181	0.00759	0.00722
2	0.01460	0.06325	0.45836	0.04504	0.06922	0.01558	0.05544	0.02105	0.01479	0.02185	0.01248	0.01502	0.00935	0.00628	0.00638	0.00197	0.00917	0.00516	0.00323	0.15178
3	0.01689	0.01619	0.02763	0.10790	0.64916	0.01648	0.02123	0.02108	0.01571	0.02233	0.01306	0.01740	0.01089	0.00629	0.00691	0.00210	0.00838	0.00622	0.00342	0.01074
4	0.01013	0.00684	0.00798	0.00798	0.00810	0.00696	0.00469	0.01038	0.01026	0.01380	0.02165	0.04381	0.02456	0.68332	0.10585	0.00722	0.00798	0.00988	0.00418	0.00443
5	0.01439	0.05344	0.53106	0.08690	0.03056	0.03357	0.05948	0.02133	0.01490	0.02144	0.03614	0.01645	0.01095	0.00706	0.00727	0.00222	0.03430	0.00565	0.00318	0.00971
6	0.00845	0.00628	0.00788	0.00916	0.00998	0.00571	0.00623	0.00978	0.01390	0.01803	0.04524	0.60651	0.18547	0.02098	0.00877	0.00273	0.00394	0.01876	0.00648	0.00571
7	0.02259	0.06278	0.01999	0.01465	0.02002	0.01945	0.01205	0.42750	0.15801	0.03646	0.01797	0.01789	0.01330	0.00799	0.00660	0.00196	0.00690	0.00614	0.00636	0.12139
8	0.01617	0.12680	0.37541	0.01947	0.06970	0.09476	0.06185	0.02171	0.01533	0.02077	0.01295	0.03900	0.01051	0.00690	0.00637	0.00198	0.00946	0.00555	0.00332	0.08198
9	0.01528	0.18388	0.50025	0.01858	0.02748	0.01872	0.06465	0.02258	0.04720	0.02127	0.01279	0.01480	0.00957	0.00658	0.00631	0.00208	0.00959	0.00519	0.00319	0.01001
10	0.01426	0.05426	0.45985	0.02102	0.02944	0.01597	0.18735	0.02096	0.01502	0.02156	0.01526	0.08470	0.01278	0.00785	0.00717	0.00228	0.00999	0.00725	0.00342	0.00961
11	0.00997	0.00748	0.01121	0.01121	0.01246	0.00872	0.00872	0.01246	0.01121	0.01620	0.01869	0.02741	0.01745	0.05234	0.72710	0.01121	0.01869	0.00748	0.00374	0.00623
12	0.02267	0.11733	0.25988	0.01588	0.02293	0.06989	0.01648	0.12788	0.01940	0.23524	0.01724	0.01717	0.01189	0.00747	0.00650	0.00206	0.00839	0.00566	0.00535	0.01069
13	0.01801	0.01847	0.02893	0.03739	0.51940	0.08579	0.11835	0.02275	0.04118	0.02241	0.01360	0.01736	0.01116	0.00638	0.00705	0.00210	0.00912	0.00641	0.00361	0.01052
14	0.01478	0.01391	0.02349	0.40765	0.32361	0.01555	0.01979	0.01915	0.01488	0.02007	0.01405	0.02133	0.01172	0.00733	0.00709	0.00227	0.00872	0.04213	0.00343	0.00906
15	0.11521	0.08106	0.04662	0.01742	0.04565	0.01781	0.14116	0.15591	0.15415	0.06630	0.01705	0.01799	0.01275	0.00729	0.00654	0.00207	0.00754	0.00627	0.00527	0.07593

[dist]
# distance from previous block
# <min> <max>
0	5

[block]
# block no. 5 follows, 30 sequences, length 24
# corresponding to MSA columns:
# 161-184
name=unknown_F
#
# <colnr> <probs for GDERKNQSTAVLIFYWHMCP>
#	G	D	E	R	K	N	Q	S	T	A	V	L	I	F	Y	W	H	M	C	P
0	0.04901	0.64760	0.03370	0.01246	0.01817	0.08225	0.01194	0.04485	0.01519	0.01800	0.01004	0.01150	0.00901	0.00617	0.00470	0.00156	0.00780	0.00388	0.00322	0.00894
1	0.02087	0.01674	0.01776	0.01491	0.01948	0.01900	0.01190	0.28642	0.44356	0.03486	0.02394	0.02248	0.01769	0.00905	0.00705	0.00226	0.00635	0.00727	0.00705	0.01136
2	0.00940	0.00677	0.00891	0.00910	0.01032	0.00627	0.00655	0.01198	0.01756	0.02449	0.47773	0.29190	0.05908	0.01688	0.00846	0.00241	0.00355	0.01510	0.00727	0.00627
3	0.01466	0.01392	0.02361	0.48591	0.28854	0.01589	0.02012	0.01913	0.01466	0.01963	0.01267	0.01812	0.00994	0.00670	0.00695	0.00223	0.00894	0.00621	0.00323	0.00895
4	0.02721	0.04548	0.01889	0.01443	0.01943	0.11696	0.01177	0.26530	0.02384	0.31161	0.02014	0.01939	0.01386	0.01063	0.04620	0.00255	0.00826	0.00630	0.00685	0.01092
5	0.01011	0.00692	0.00839	0.00839	0.00865	0.00719	0.00520	0.01065	0.01038	0.01410	0.02128	0.04174	0.02367	0.60368	0.18427	0.00772	0.00933	0.00957	0.00412	0.00466
6	0.00850	0.00607	0.00810	0.00972	0.01012	0.00567	0.00648	0.00972	0.01336	0.01781	0.03846	0.75020	0.04615	0.02186	0.00891	0.00283	0.00405	0.01984	0.00648	0.00567
7	0.01579	0.01957	0.18343	0.05872	0.29498	0.01491	0.11595	0.02085	0.01591	0.05150	0.04498	0.04172	0.01633	0.00825	0.00739	0.00228	0.00872	0.06482	0.00406	0.00982
8	0.01551	0.01728	0.09449	0.20146	0.39899	0.01590	0.07767	0.02021	0.01537	0.02135	0.01556	0.01970	0.04157	0.00692	0.00707	0.00218	0.00881	0.00666	0.00346	0.00983
9	0.02539	0.03212	0.01988	0.01800	0.02137	0.68227	0.01360	0.02717	0.01920	0.01706	0.01068	0.01275	0.00900	0.00751	0.00734	0.00188	0.05857	0.00460	0.00356	0.00806
10	0.01620	0.01666	0.05910	0.19251	0.51040	0.01637	0.04586	0.02070	0.01544	0.02167	0.01298	0.01750	0.01055	0.00639	0.00696	0.00214	0.00873	0.00624	0.00336	0.01024
11	0.00894	0.00639	0.00858	0.01012	0.01074	0.00603	0.00715	0.01052	0.01399	0.01865	0.06525	0.62857	0.04611	0.02120	0.00898	0.00286	0.00435	0.10925	0.00652	0.00581
12	0.80405	0.01350	0.01026	0.00918	0.01350	0.01565	0.00756	0.02051	0.01188	0.03131	0.00972	0.01134	0.00756	0.00648	0.00432	0.00216	0.00540	0.00378	0.00432	0.00756
13	0.01710	0.01667	0.02889	0.04048	0.62306	0.01692	0.07012	0.02123	0.01564	0.02243	0.01298	0.01727	0.01091	0.00652	0.00789	0.00215	0.04917	0.00636	0.00344	0.01074
14	0.00998	0.00744	0.01102	0.01102	0.01220	0.00862	0.00848	0.01233	0.01116	0.01605	0.01887	0.02841	0.01788	0.09076	0.68927	0.01097	0.01804	0.00762	0.00377	0.00612
15	0.02560	0.07902	0.02083	0.01760	0.02134	0.68266	0.01339	0.02743	0.01942	0.01704	0.01072	0.01250	0.00899	0.00711	0.00618	0.00178	0.01226	0.00445	0.00356	0.00814
16	0.01508	0.08928	0.61459	0.01995	0.05631	0.01688	0.02402	0.02239	0.01492	0.04584	0.01286	0.01488	0.00923	0.00663	0.00649	0.00215	0.00986	0.00516	0.00317	0.01029
17	0.01450	0.07447	0.62148	0.01966	0.02933	0.01695	0.05494	0.02264	0.04207	0.02208	0.01307	0.01518	0.00942	0.00667	0.00660	0.00218	0.01003	0.00533	0.00314	0.01023
18	0.01609	0.06792	0.51873	0.01978	0.05499	0.12893	0.02230	0.02253	0.01541	0.02082	0.01239	0.01485	0.00931	0.00855	0.03612	0.00248	0.01080	0.00512	0.00310	0.00976
19	0.01435	0.01023	0.01602	0.04411	0.01854	0.00993	0.10808	0.01812	0.04004	0.10957	0.03358	0.10600	0.08966	0.04602	0.00981	0.00293	0.00681	0.30253	0.00609	0.00758
20	0.01820	0.01845	0.08697	0.13618	0.35728	0.05729	0.10709	0.02271	0.01622	0.09097	0.01440	0.01783	0.01105	0.00662	0.00704	0.00215	0.00908	0.00637	0.00390	0.01020
21	0.01709	0.01605	0.02662	0.16159	0.31718	0.05464	0.14866	0.02129	0.01619	0.06605	0.04413	0.04901	0.01464	0.00747	0.00729	0.00220	0.00886	0.00738	0.00404	0.00961
22	0.01520	0.01509	0.07697	0.09887	0.34759	0.01359	0.04071	0.01924	0.01572	0.05241	0.02301	0.06375	0.07416	0.00996	0.00754	0.00234	0.00771	0.10239	0.00443	0.00931
23	0.01669	0.02855	0.50141	0.07110	0.05039	0.01476	0.02184	0.02324	0.01553	0.13640	0.01605	0.04594	0.01183	0.00758	0.00682	0.00223	0.00920	0.00616	0.00406	0.01022

[dist]
# distance from previous block
# <min> <max>
0	4

[block]
# block no. 6 follows, 30 sequences, length 94
# corresponding to MSA columns:
# 189-249,272-304
name=unknown_G
#
# <colnr> <probs for GDERKNQSTAVLIFYWHMCP>
#	G	D	E	R	K	N	Q	S	T	A	V	L	I	F	Y	W	H	M	C	P
0	0.01499	0.01835	0.16498	0.14061	0.24077	0.01470	0.09655	0.01967	0.01505	0.04588	0.01724	0.12789	0.01574	0.00898	0.00772	0.00232	0.02699	0.00832	0.00394	0.00932
1	0.01377	0.04802	0.33688	0.02048	0.06801	0.01511	0.13854	0.01917	0.01461	0.02078	0.01885	0.14173	0.03916	0.00981	0.00850	0.00238	0.06278	0.00860	0.00381	0.00902
2	0.01496	0.02382	0.38451	0.01895	0.09808	0.01309	0.01885	0.02041	0.01530	0.09362	0.02229	0.09401	0.05962	0.03374	0.00816	0.00248	0.00823	0.05608	0.00444	0.00937
3	0.01726	0.05821	0.40967	0.04364	0.07761	0.01594	0.08812	0.04613	0.01642	0.11486	0.03644	0.01774	0.01220	0.00707	0.00685	0.00218	0.00927	0.00604	0.00409	0.01028
4	0.01933	0.02463	0.31221	0.01859	0.07016	0.10341	0.03849	0.02425	0.01664	0.18526	0.01899	0.08823	0.01535	0.00887	0.00704	0.00222	0.00879	0.02280	0.00485	0.00989
5	0.01403	0.11579	0.56646	0.01793	0.02681	0.01649	0.02229	0.02083	0.01469	0.02113	0.01586	0.04917	0.03305	0.00793	0.00662	0.00219	0.00939	0.02629	0.00332	0.00970
6	0.01608	0.01987	0.21101	0.07759	0.17644	0.01425	0.13665	0.02107	0.01581	0.09602	0.02132	0.07155	0.07357	0.00863	0.00734	0.00226	0.00857	0.00803	0.00433	0.00959
7	0.01884	0.01958	0.19200	0.16460	0.16466	0.01503	0.08973	0.02382	0.01612	0.18427	0.01623	0.01856	0.01154	0.00715	0.00742	0.00223	0.02724	0.00636	0.00448	0.01016
8	0.01373	0.01201	0.05989	0.19370	0.12198	0.01116	0.03227	0.01705	0.01506	0.08535	0.04845	0.26134	0.05295	0.01287	0.00779	0.00246	0.00675	0.03206	0.00516	0.00798
9	0.07135	0.01105	0.01405	0.01148	0.01583	0.01017	0.00923	0.02866	0.06457	0.47832	0.07922	0.07861	0.04466	0.01020	0.00704	0.00221	0.00536	0.00844	0.03923	0.01032
10	0.01753	0.08722	0.36736	0.02215	0.13837	0.07817	0.03685	0.07679	0.01699	0.05012	0.01403	0.03826	0.01101	0.00724	0.00663	0.00211	0.00940	0.00586	0.00376	0.01015
11	0.05303	0.03816	0.04479	0.01871	0.12670	0.01443	0.05873	0.16528	0.04093	0.17074	0.02255	0.17377	0.01996	0.01060	0.00727	0.00228	0.00685	0.00926	0.00605	0.00991
12	0.01337	0.00842	0.00958	0.00916	0.01149	0.00840	0.00710	0.01848	0.11053	0.07788	0.10431	0.05908	0.15932	0.01465	0.05148	0.00270	0.00502	0.05171	0.26991	0.00740
13	0.01720	0.01552	0.01765	0.01960	0.17579	0.10533	0.01247	0.06741	0.12795	0.05383	0.14765	0.04933	0.06818	0.00988	0.00758	0.00211	0.02707	0.00828	0.00561	0.06156
14	0.01027	0.00771	0.00929	0.00891	0.01080	0.00718	0.00665	0.05181	0.01871	0.02530	0.41895	0.14766	0.21918	0.01578	0.00825	0.00231	0.00371	0.01374	0.00718	0.00660
15	0.77100	0.01433	0.01066	0.00955	0.01384	0.04586	0.00781	0.02083	0.01221	0.03070	0.00976	0.01139	0.00762	0.00651	0.00440	0.00214	0.00570	0.00381	0.00429	0.00758
16	0.07427	0.26124	0.04364	0.01371	0.01930	0.06801	0.01218	0.22190	0.02120	0.17756	0.01581	0.01577	0.01153	0.00739	0.00594	0.00190	0.00749	0.00529	0.00552	0.01034
17	0.01318	0.01240	0.02093	0.73798	0.04806	0.01550	0.01938	0.01783	0.01395	0.01783	0.01240	0.01860	0.00930	0.00698	0.00698	0.00233	0.00930	0.00620	0.00310	0.00775
18	0.01301	0.00650	0.00650	0.00650	0.00813	0.00650	0.00488	0.01626	0.01463	0.02602	0.02276	0.02602	0.01789	0.00813	0.00488	0.00163	0.00325	0.00650	0.79350	0.00650
19	0.01510	0.02810	0.43532	0.05709	0.21954	0.01642	0.08629	0.02176	0.01518	0.02214	0.01283	0.01598	0.00963	0.00646	0.00687	0.00219	0.00985	0.00578	0.00315	0.01033
20	0.01013	0.00740	0.00955	0.00896	0.01069	0.00695	0.00674	0.01398	0.04278	0.02802	0.68451	0.05124	0.06433	0.01410	0.00819	0.00220	0.00337	0.01246	0.00766	0.00674
21	0.01876	0.01699	0.04656	0.06211	0.06443	0.04497	0.03595	0.20569	0.26813	0.02965	0.02411	0.05177	0.06090	0.00957	0.00760	0.00228	0.02644	0.00787	0.00600	0.01023
22	0.01227	0.00847	0.01048	0.00966	0.01190	0.00818	0.00734	0.01749	0.10777	0.07788	0.50396	0.06852	0.10130	0.01369	0.00802	0.00225	0.00382	0.01196	0.00756	0.00748
23	0.01819	0.01381	0.01879	0.01683	0.11717	0.01183	0.05311	0.06609	0.01681	0.12206	0.01504	0.01661	0.01154	0.00607	0.00599	0.00149	0.00630	0.00524	0.00483	0.47220
24	0.51782	0.01990	0.01443	0.01269	0.01691	0.23402	0.02963	0.04366	0.01509	0.02707	0.01039	0.01211	0.00822	0.00674	0.00512	0.00205	0.00786	0.00421	0.00416	0.00791
25	0.02206	0.01966	0.02648	0.02038	0.02535	0.18815	0.27156	0.02562	0.01750	0.19032	0.01677	0.01933	0.01242	0.03074	0.00917	0.00233	0.05758	0.00690	0.02834	0.00933
26	0.04655	0.01241	0.01443	0.01044	0.01651	0.00962	0.00838	0.01886	0.01476	0.07259	0.01338	0.01501	0.01072	0.00547	0.00527	0.00116	0.00523	0.00433	0.00446	0.71043
27	0.01522	0.01326	0.01794	0.06843	0.20202	0.01428	0.01326	0.02470	0.26309	0.02575	0.15935	0.02771	0.02588	0.00928	0.00761	0.00219	0.02872	0.00804	0.03284	0.04041
28	0.01318	0.01240	0.02093	0.73798	0.04806	0.01550	0.01938	0.01783	0.01395	0.01783	0.01240	0.01860	0.00930	0.00698	0.00698	0.00233	0.00930	0.00620	0.00310	0.00775
29	0.01153	0.01026	0.01637	0.48310	0.03475	0.01208	0.01479	0.01501	0.01392	0.01789	0.02370	0.22827	0.06699	0.01190	0.00761	0.00247	0.00743	0.01063	0.00428	0.00704
30	0.55059	0.01296	0.01220	0.01024	0.01491	0.01388	0.00844	0.02494	0.01453	0.25591	0.01556	0.01541	0.01074	0.00719	0.00520	0.00216	0.00558	0.00484	0.00573	0.00897
31	0.01827	0.01486	0.01577	0.01396	0.01797	0.01698	0.01092	0.08018	0.60385	0.05284	0.02736	0.02533	0.02039	0.00931	0.00700	0.00231	0.00559	0.00770	0.03845	0.01095
32	0.00938	0.00711	0.00865	0.00826	0.01012	0.00637	0.00620	0.01222	0.01859	0.02523	0.51520	0.05667	0.25990	0.01530	0.00824	0.00224	0.00337	0.01326	0.00732	0.00637
33	0.01191	0.00938	0.01386	0.14157	0.06322	0.00996	0.01286	0.01579	0.03786	0.02046	0.03103	0.12357	0.03287	0.01622	0.00885	0.00292	0.00680	0.42813	0.00569	0.00703
34	0.00998	0.00742	0.01094	0.01094	0.01209	0.00857	0.00838	0.01229	0.01113	0.01600	0.01894	0.02880	0.01805	0.10560	0.67466	0.01088	0.01779	0.00768	0.00378	0.00608
35	0.01789	0.01796	0.01765	0.01966	0.16968	0.20386	0.01252	0.10133	0.04322	0.02450	0.16342	0.05262	0.10583	0.01036	0.00725	0.00209	0.00755	0.00857	0.00537	0.00866
36	0.80405	0.01350	0.01026	0.00918	0.01350	0.01565	0.00756	0.02051	0.01188	0.03131	0.00972	0.01134	0.00756	0.00648	0.00432	0.00216	0.00540	0.00378	0.00432	0.00756
37	0.01677	0.01863	0.13808	0.02234	0.22048	0.01468	0.01583	0.09311	0.08419	0.02556	0.01467	0.01671	0.01153	0.00648	0.00630	0.00178	0.00724	0.00551	0.00433	0.27576
38	0.01111	0.00881	0.01026	0.01036	0.01228	0.00898	0.00765	0.01765	0.19137	0.02302	0.17224	0.28915	0.15382	0.01640	0.00823	0.00252	0.00428	0.03771	0.00687	0.00729
39	0.01531	0.24018	0.52604	0.01765	0.02673	0.01943	0.02187	0.02176	0.01458	0.02050	0.01173	0.01373	0.00887	0.00644	0.00602	0.00201	0.00951	0.00475	0.00296	0.00993
40	0.47692	0.01282	0.05347	0.00952	0.01283	0.01294	0.00775	0.01790	0.03516	0.02504	0.01442	0.02291	0.01374	0.24327	0.01443	0.00363	0.00614	0.00602	0.00430	0.00680
41	0.01684	0.01454	0.02416	0.03523	0.54481	0.01437	0.01827	0.02045	0.01583	0.06968	0.01836	0.11997	0.01724	0.00895	0.00728	0.00222	0.00749	0.02975	0.00432	0.01022
42	0.01979	0.05033	0.13136	0.04703	0.11223	0.08683	0.01530	0.21794	0.04200	0.04927	0.01810	0.01930	0.05419	0.00780	0.00662	0.00197	0.00805	0.00616	0.00493	0.10080
43	0.80405	0.01350	0.01026	0.00918	0.01350	0.01565	0.00756	0.02051	0.01188	0.03131	0.00972	0.01134	0.00756	0.00648	0.00432	0.00216	0.00540	0.00378	0.00432	0.00756
44	0.01096	0.00781	0.00971	0.00982	0.01077	0.03061	0.00712	0.01142	0.01319	0.01735	0.12129	0.14323	0.12345	0.05219	0.08562	0.25483	0.02930	0.05118	0.00499	0.00517
45	0.01144	0.00631	0.00858	0.00858	0.00858	0.00631	0.00542	0.00946	0.00946	0.01261	0.01555	0.02971	0.01672	0.27806	0.03014	0.52242	0.00631	0.00748	0.00345	0.00345
46	0.00866	0.00701	0.00759	0.00758	0.00958	0.00605	0.00558	0.01061	0.01625	0.02032	0.18889	0.10567	0.51556	0.04804	0.00942	0.00254	0.00365	0.01445	0.00662	0.00594
47	0.80405	0.01350	0.01026	0.00918	0.01350	0.01565	0.00756	0.02051	0.01188	0.03131	0.00972	0.01134	0.00756	0.00648	0.00432	0.00216	0.00540	0.00378	0.00432	0.00756
48	0.00978	0.00713	0.00919	0.00867	0.01036	0.00654	0.00650	0.01297	0.01951	0.02742	0.66811	0.05306	0.10563	0.01448	0.00823	0.00220	0.00331	0.01275	0.00761	0.00654
49	0.01679	0.01902	0.10397	0.03822	0.52964	0.01671	0.12922	0.02164	0.01586	0.02265	0.01322	0.01725	0.01074	0.00621	0.00709	0.00213	0.00907	0.00643	0.00341	0.01071
50	0.01000	0.00735	0.01057	0.01057	0.01159	0.00837	0.00791	0.01204	0.01102	0.01572	0.01928	0.03070	0.01887	0.17877	0.60262	0.01041	0.01654	0.00796	0.00383	0.00587
51	0.01866	0.75896	0.03657	0.01194	0.01791	0.02761	0.01194	0.02090	0.01418	0.01642	0.00970	0.01119	0.00896	0.00597	0.00448	0.00149	0.00746	0.00373	0.00299	0.00896
52	0.01400	0.03610	0.71860	0.01989	0.03020	0.01621	0.02578	0.02210	0.01473	0.02210	0.01252	0.01473	0.00884	0.00663	0.00663	0.00221	0.01031	0.00516	0.00295	0.01031
53	0.01447	0.01240	0.01447	0.01034	0.01654	0.00930	0.00827	0.01757	0.01447	0.02274	0.01240	0.01447	0.01034	0.00517	0.00517	0.00103	0.00517	0.00413	0.00413	0.79742
54	0.00893	0.00655	0.00895	0.05962	0.01257	0.00641	0.00722	0.01030	0.01319	0.01754	0.03561	0.65458	0.04228	0.06802	0.01049	0.00305	0.00458	0.01828	0.00610	0.00572
55	0.80405	0.01350	0.01026	0.00918	0.01350	0.01565	0.00756	0.02051	0.01188	0.03131	0.00972	0.01134	0.00756	0.00648	0.00432	0.00216	0.00540	0.00378	0.00432	0.00756
56	0.01618	0.01518	0.02551	0.03779	0.60738	0.01510	0.01922	0.02019	0.01646	0.02357	0.11603	0.02244	0.01917	0.00741	0.00710	0.00209	0.00755	0.00717	0.00408	0.01039
57	0.02540	0.03214	0.01987	0.01800	0.02137	0.68306	0.01359	0.02718	0.01921	0.01706	0.01069	0.01275	0.00900	0.00750	0.00732	0.00188	0.05775	0.00459	0.00356	0.00806
58	0.02099	0.53094	0.03129	0.01384	0.01906	0.24728	0.01243	0.02309	0.01594	0.01663	0.01004	0.01163	0.00897	0.00635	0.00505	0.00159	0.00907	0.00397	0.00318	0.00868
59	0.80405	0.01350	0.01026	0.00918	0.01350	0.01565	0.00756	0.02051	0.01188	0.03131	0.00972	0.01134	0.00756	0.00648	0.00432	0.00216	0.00540	0.00378	0.00432	0.00756
60	0.02286	0.01861	0.04643	0.01556	0.02076	0.01994	0.01298	0.43640	0.26280	0.03800	0.02062	0.01989	0.01502	0.00869	0.00701	0.00219	0.00703	0.00680	0.00686	0.01152
61	0.01069	0.00730	0.00954	0.00923	0.01085	0.00684	0.00695	0.01353	0.01805	0.05188	0.49997	0.09594	0.07785	0.06469	0.03373	0.00291	0.00442	0.06195	0.00715	0.00653
62	0.08994	0.14294	0.04181	0.02092	0.16069	0.25074	0.03425	0.06732	0.01781	0.06644	0.01352	0.03873	0.01127	0.00733	0.00619	0.00194	0.00914	0.00557	0.00415	0.00930
63	0.80405	0.01350	0.01026	0.00918	0.01350	0.01565	0.00756	0.02051	0.01188	0.03131	0.00972	0.01134	0.00756	0.00648	0.00432	0.00216	0.00540	0.00378	0.00432	0.00756
64	0.01727	0.01658	0.02832	0.04283	0.71123	0.01658	0.02142	0.02142	0.01589	0.02280	0.01313	0.01727	0.01105	0.00622	0.00691	0.00207	0.00829	0.00622	0.00345	0.01105
65	0.01637	0.01429	0.02200	0.34572	0.20008	0.01605	0.03508	0.08082	0.09945	0.04488	0.04495	0.02061	0.01409	0.00755	0.00706	0.00224	0.00816	0.00677	0.00439	0.00944
66	0.00997	0.00748	0.01121	0.01121	0.01246	0.00872	0.00872	0.01246	0.01121	0.01620	0.01869	0.02741	0.01745	0.05234	0.72710	0.01121	0.01869	0.00748	0.00374	0.00623
67	0.01015	0.00677	0.00761	0.00761	0.00761	0.00677	0.00423	0.01015	0.01015	0.01353	0.02199	0.04567	0.02537	0.75476	0.03552	0.00677	0.00677	0.01015	0.00423	0.00423
68	0.01552	0.15377	0.37084	0.01744	0.05299	0.01769	0.01868	0.04476	0.12693	0.02353	0.07735	0.01950	0.01621	0.00770	0.00650	0.00210	0.00824	0.00611	0.00421	0.00994
69	0.01301	0.00650	0.00650	0.00650	0.00813	0.00650	0.00488	0.01626	0.01463	0.02602	0.02276	0.02602	0.01789	0.00813	0.00488	0.00163	0.00325	0.00650	0.79350	0.00650
70	0.08260	0.01192	0.01377	0.01037	0.01581	0.00968	0.00823	0.01920	0.01473	0.10866	0.01572	0.05483	0.01332	0.03099	0.00651	0.00155	0.00528	0.00548	0.00483	0.56651
71	0.01526	0.10867	0.03959	0.01121	0.01723	0.03651	0.00959	0.01837	0.01469	0.02165	0.01298	0.01655	0.01125	0.00595	0.00534	0.00124	0.00593	0.03041	0.00402	0.61356
72	0.02081	0.02329	0.02489	0.03284	0.43384	0.30221	0.01823	0.02401	0.01745	0.02050	0.01219	0.01539	0.01022	0.00661	0.00666	0.00196	0.01002	0.00552	0.00351	0.00986
73	0.00997	0.00748	0.01121	0.01121	0.01246	0.00872	0.00872	0.01246	0.01121	0.01620	0.01869	0.02741	0.01745	0.05234	0.72710	0.01121	0.01869	0.00748	0.00374	0.00623
74	0.80405	0.01350	0.01026	0.00918	0.01350	0.01565	0.00756	0.02051	0.01188	0.03131	0.00972	0.01134	0.00756	0.00648	0.00432	0.00216	0.00540	0.00378	0.00432	0.00756
75	0.50992	0.01402	0.01321	0.01095	0.01570	0.01529	0.00903	0.12254	0.01685	0.19173	0.01488	0.01501	0.01045	0.00726	0.00534	0.00215	0.00586	0.00490	0.00571	0.00920
76	0.01015	0.00677	0.00761	0.00761	0.00761	0.00677	0.00423	0.01015	0.01015	0.01353	0.02199	0.04567	0.02537	0.75476	0.03552	0.00677	0.00677	0.01015	0.00423	0.00423
77	0.01000	0.00738	0.00939	0.00891	0.01063	0.00690	0.00667	0.01373	0.04377	0.02715	0.62304	0.07575	0.10126	0.01455	0.00821	0.00223	0.00341	0.01282	0.00755	0.00667
78	0.01911	0.01570	0.02403	0.05766	0.44649	0.01590	0.01764	0.13211	0.01874	0.08164	0.01653	0.06661	0.01395	0.00781	0.00701	0.00211	0.00765	0.00713	0.00467	0.03752
79	0.01558	0.01250	0.01462	0.01067	0.01652	0.00993	0.00855	0.05945	0.01615	0.05129	0.05664	0.01732	0.01416	0.00607	0.00554	0.00122	0.00524	0.00491	0.00471	0.66893
80	0.01631	0.01217	0.01660	0.01608	0.07254	0.03077	0.05988	0.08206	0.06278	0.10789	0.12067	0.15498	0.04708	0.01322	0.00901	0.00250	0.05429	0.10645	0.00623	0.00849
81	0.02098	0.01693	0.01712	0.01473	0.01762	0.16102	0.01171	0.12996	0.01808	0.14817	0.01707	0.04246	0.01393	0.01694	0.12709	0.02742	0.15262	0.00664	0.03078	0.00872
82	0.00958	0.00712	0.00892	0.00847	0.01024	0.00646	0.00635	0.01260	0.01906	0.02634	0.59266	0.05484	0.18175	0.01488	0.00823	0.00222	0.00334	0.01300	0.00746	0.00646
83	0.01463	0.02043	0.24171	0.02228	0.19687	0.01454	0.01740	0.02305	0.16920	0.02353	0.06400	0.09751	0.02029	0.03387	0.00810	0.00242	0.00750	0.00821	0.00472	0.00975
84	0.01183	0.00755	0.00930	0.00871	0.01068	0.00709	0.00658	0.01546	0.04145	0.06933	0.46037	0.06831	0.09756	0.01319	0.00757	0.00213	0.00357	0.01145	0.14088	0.00697
85	0.80405	0.01350	0.01026	0.00918	0.01350	0.01565	0.00756	0.02051	0.01188	0.03131	0.00972	0.01134	0.00756	0.00648	0.00432	0.00216	0.00540	0.00378	0.00432	0.00756
86	0.01866	0.75896	0.03657	0.01194	0.01791	0.02761	0.01194	0.02090	0.01418	0.01642	0.00970	0.01119	0.00896	0.00597	0.00448	0.00149	0.00746	0.00373	0.00299	0.00896
87	0.01012	0.00686	0.00808	0.00808	0.00824	0.00702	0.00481	0.01045	0.01029	0.01387	0.02156	0.04332	0.02435	0.66430	0.12458	0.00734	0.00830	0.00980	0.00417	0.00449
88	0.01447	0.01240	0.01447	0.01034	0.01654	0.00930	0.00827	0.01757	0.01447	0.02274	0.01240	0.01447	0.01034	0.00517	0.00517	0.00103	0.00517	0.00413	0.00413	0.79742
89	0.01461	0.03123	0.56535	0.01805	0.02744	0.01523	0.02218	0.04959	0.01545	0.02314	0.01268	0.01477	0.00923	0.00645	0.00639	0.00200	0.00930	0.00502	0.00333	0.14856
90	0.01364	0.03430	0.67454	0.01910	0.02892	0.01557	0.02451	0.02135	0.01481	0.02190	0.01612	0.01798	0.05216	0.00731	0.00673	0.00222	0.00989	0.00575	0.00317	0.01004
91	0.01826	0.34996	0.19346	0.01606	0.04798	0.13258	0.01554	0.04386	0.03768	0.01952	0.01325	0.05800	0.01176	0.00748	0.00581	0.00186	0.00872	0.00548	0.00356	0.00919
92	0.01152	0.08159	0.01241	0.00961	0.01149	0.01014	0.00710	0.01432	0.06182	0.01735	0.05381	0.03664	0.09065	0.29381	0.20389	0.00609	0.00926	0.00886	0.00455	0.05508
93	0.07643	0.39296	0.09521	0.01379	0.01914	0.18201	0.01291	0.04973	0.01586	0.01917	0.01128	0.01423	0.00999	0.05281	0.00711	0.00203	0.00872	0.00455	0.00346	0.00862

[dist]
# distance from previous block
# <min> <max>
4	6

# created by:
# /home/cegg/simao/soft/augustus-3.2.1/scripts/msa2prfl.pl ./align_prep/EOG090W0DUR.fa
