[name]
unknown

[dist]
# distance from previous block
# <min> <max>
0	92

[block]
# block no. 0 follows, 25 sequences, length 50
# corresponding to MSA columns:
# 92,93,95-142
name=unknown_A
#
# <colnr> <probs for GDERKNQSTAVLIFYWHMCP>
#	G	D	E	R	K	N	Q	S	T	A	V	L	I	F	Y	W	H	M	C	P
0	0.02109	0.02555	0.07019	0.01953	0.02221	0.27989	0.01634	0.02437	0.04228	0.01995	0.01394	0.02023	0.01267	0.01314	0.04424	0.00315	0.30216	0.03616	0.00401	0.00891
1	0.05309	0.03566	0.54672	0.02330	0.03383	0.01825	0.13236	0.02452	0.01654	0.02510	0.01406	0.01695	0.01008	0.00722	0.00754	0.00248	0.01147	0.00623	0.00346	0.01114
2	0.01930	0.54077	0.21949	0.01571	0.02368	0.02718	0.01752	0.02359	0.01592	0.01999	0.01165	0.01353	0.00991	0.00684	0.00564	0.00188	0.00917	0.00458	0.00330	0.01037
3	0.00992	0.00841	0.00865	0.00867	0.01124	0.00745	0.00646	0.01329	0.06466	0.02169	0.07225	0.12329	0.57828	0.01935	0.00913	0.00266	0.00413	0.01627	0.00725	0.00694
4	0.01644	0.01530	0.02531	0.51287	0.20823	0.01783	0.02179	0.04921	0.01698	0.02249	0.01420	0.02021	0.01095	0.00761	0.00773	0.00250	0.00997	0.00690	0.00374	0.00973
5	0.15107	0.51139	0.03218	0.01293	0.01880	0.07856	0.01212	0.02301	0.01592	0.02130	0.01500	0.01637	0.05021	0.00763	0.00536	0.00187	0.00807	0.00496	0.00386	0.00940
6	0.03213	0.01379	0.01791	0.01413	0.01986	0.01275	0.01155	0.03837	0.13229	0.57285	0.03076	0.02683	0.01996	0.00975	0.00781	0.00244	0.00652	0.00796	0.00930	0.01304
7	0.01052	0.00818	0.00981	0.01068	0.01277	0.00747	0.00864	0.01307	0.01749	0.02174	0.06034	0.13867	0.36742	0.02077	0.00985	0.00305	0.00526	0.26034	0.00718	0.00676
8	0.01098	0.00914	0.01457	0.01500	0.04484	0.00854	0.08921	0.01318	0.01561	0.02076	0.04067	0.55500	0.09009	0.02093	0.00965	0.00300	0.00575	0.01932	0.00663	0.00711
9	0.02879	0.02167	0.02464	0.01874	0.02505	0.02378	0.05344	0.61505	0.03535	0.04740	0.01844	0.01876	0.01310	0.00914	0.00784	0.00234	0.00881	0.00711	0.00752	0.01302
10	0.00976	0.00710	0.00927	0.01088	0.01170	0.00662	0.00765	0.01142	0.01547	0.02029	0.04623	0.58504	0.11474	0.02349	0.00991	0.00314	0.00473	0.08893	0.00719	0.00642
11	0.01053	0.00791	0.00975	0.00929	0.01131	0.00713	0.00697	0.01378	0.02091	0.02862	0.52995	0.06198	0.21980	0.01677	0.00915	0.00248	0.00372	0.01459	0.00821	0.00713
12	0.01800	0.01824	0.02137	0.01873	0.01983	0.10938	0.01523	0.04031	0.03540	0.02000	0.01319	0.01933	0.01227	0.02024	0.13685	0.00470	0.45762	0.00688	0.00389	0.00855
13	0.01832	0.01375	0.01697	0.01708	0.06630	0.01440	0.01313	0.23233	0.02429	0.03228	0.07273	0.07801	0.07730	0.01589	0.00926	0.00291	0.00724	0.27113	0.00720	0.00951
14	0.01253	0.01018	0.01169	0.01206	0.01348	0.05782	0.00918	0.01484	0.01556	0.02029	0.09374	0.10545	0.06189	0.17017	0.19943	0.00644	0.01067	0.16213	0.00577	0.00666
15	0.01954	0.02055	0.02291	0.47487	0.04342	0.19943	0.01929	0.06834	0.01874	0.02168	0.01365	0.01873	0.01045	0.00793	0.00755	0.00241	0.01118	0.00639	0.00390	0.00904
16	0.02003	0.16003	0.16939	0.01866	0.02539	0.01850	0.12473	0.07076	0.04581	0.11725	0.04680	0.08840	0.01985	0.01005	0.00774	0.00242	0.00890	0.02920	0.00550	0.01060
17	0.02007	0.01971	0.01667	0.01555	0.01874	0.20658	0.01165	0.11183	0.17680	0.02660	0.02806	0.25872	0.02775	0.01431	0.00830	0.00259	0.00812	0.01196	0.00654	0.00944
18	0.06570	0.30782	0.15484	0.01580	0.02259	0.02384	0.01575	0.07436	0.19620	0.02659	0.01768	0.01819	0.01385	0.00807	0.00643	0.00217	0.00818	0.00593	0.00498	0.01102
19	0.02231	0.29841	0.17005	0.01864	0.02563	0.20486	0.06291	0.07163	0.01924	0.02247	0.01268	0.01473	0.01030	0.00734	0.00652	0.00203	0.01084	0.00527	0.00386	0.01028
20	0.01884	0.01806	0.03083	0.09887	0.63062	0.01833	0.02362	0.02349	0.01749	0.02490	0.01452	0.01931	0.01213	0.00697	0.00768	0.00232	0.00930	0.00691	0.00381	0.01200
21	0.00945	0.00675	0.00900	0.01080	0.01125	0.00630	0.00720	0.01080	0.01484	0.01979	0.04274	0.72245	0.05128	0.02429	0.00990	0.00315	0.00450	0.02204	0.00720	0.00630
22	0.01576	0.06800	0.66127	0.02174	0.03301	0.01852	0.02803	0.02450	0.01635	0.02430	0.01379	0.01621	0.00983	0.00734	0.00727	0.00242	0.01133	0.00567	0.00328	0.01140
23	0.01464	0.01378	0.02326	0.70887	0.05340	0.01723	0.02153	0.01981	0.01550	0.01981	0.01378	0.02067	0.01034	0.00775	0.00775	0.00258	0.01034	0.00689	0.00345	0.00861
24	0.01696	0.01696	0.02375	0.02036	0.02036	0.02375	0.01696	0.01866	0.01187	0.01866	0.01018	0.01696	0.01018	0.01357	0.02545	0.00339	0.71332	0.00679	0.00339	0.00848
25	0.01555	0.04011	0.68733	0.02210	0.03356	0.01801	0.02865	0.02455	0.01637	0.02455	0.01391	0.01637	0.00982	0.00737	0.00737	0.00246	0.01146	0.00573	0.00327	0.01146
26	0.01789	0.01219	0.01891	0.01602	0.01868	0.01302	0.09367	0.02048	0.01545	0.15842	0.02410	0.10796	0.02256	0.12567	0.15042	0.00543	0.13114	0.03374	0.00566	0.00858
27	0.01464	0.01378	0.02326	0.70887	0.05340	0.01723	0.02153	0.01981	0.01550	0.01981	0.01378	0.02067	0.01034	0.00775	0.00775	0.00258	0.01034	0.00689	0.00345	0.00861
28	0.01645	0.16051	0.57482	0.02056	0.03118	0.02021	0.02597	0.02432	0.01626	0.02346	0.01337	0.01569	0.00984	0.00724	0.00695	0.00232	0.01091	0.00545	0.00328	0.01120
29	0.01514	0.01429	0.02416	0.63642	0.12196	0.01736	0.02178	0.02025	0.01574	0.02042	0.01387	0.02051	0.01055	0.00766	0.00774	0.00255	0.01021	0.00689	0.00349	0.00902
30	0.02438	0.01599	0.02757	0.02057	0.02668	0.01491	0.25161	0.06361	0.04678	0.28682	0.08645	0.02897	0.04882	0.00947	0.00849	0.00250	0.00874	0.00924	0.00709	0.01130
31	0.01104	0.00839	0.01063	0.01160	0.01254	0.00860	0.00808	0.01481	0.08859	0.02168	0.07787	0.54777	0.04687	0.04964	0.01144	0.00323	0.03406	0.01899	0.00710	0.00706
32	0.66639	0.01538	0.01282	0.01107	0.01607	0.01745	0.00912	0.07284	0.01569	0.08587	0.01293	0.01412	0.00960	0.00755	0.00526	0.00239	0.00624	0.00469	0.00540	0.00914
33	0.01688	0.18783	0.49815	0.02102	0.03115	0.02086	0.07359	0.02429	0.01639	0.02322	0.01338	0.01587	0.01000	0.00714	0.00699	0.00230	0.01090	0.00565	0.00333	0.01106
34	0.01546	0.01631	0.03342	0.02536	0.03062	0.01554	0.42697	0.02020	0.01700	0.02304	0.02406	0.24252	0.02420	0.01238	0.00991	0.00281	0.03304	0.01315	0.00494	0.00908
35	0.00989	0.00713	0.00939	0.01061	0.01149	0.00664	0.00740	0.01185	0.01659	0.02238	0.17814	0.52960	0.07961	0.02220	0.00974	0.00300	0.00441	0.04590	0.00748	0.00656
36	0.01912	0.01862	0.03258	0.04644	0.62962	0.01851	0.07243	0.02388	0.01771	0.02529	0.01467	0.01932	0.01224	0.00688	0.00779	0.00233	0.00951	0.00708	0.00384	0.01214
37	0.02033	0.01804	0.03049	0.04513	0.63106	0.01791	0.02289	0.02482	0.01799	0.07340	0.01575	0.01972	0.01279	0.00710	0.00768	0.00231	0.00902	0.00697	0.00426	0.01235
38	0.23835	0.01536	0.01754	0.01608	0.06696	0.01597	0.01215	0.13015	0.06528	0.25812	0.02284	0.02560	0.01696	0.00965	0.00717	0.00249	0.00694	0.05389	0.00724	0.01127
39	0.01029	0.00757	0.00965	0.01066	0.01194	0.00705	0.00787	0.01248	0.01691	0.02229	0.15248	0.35543	0.16014	0.05105	0.01104	0.00320	0.00488	0.13115	0.00730	0.00660
40	0.01918	0.01334	0.01717	0.01438	0.01857	0.01325	0.06175	0.15718	0.06452	0.12315	0.12839	0.04778	0.18682	0.01406	0.00877	0.00261	0.00652	0.08518	0.00761	0.00977
41	0.15075	0.01715	0.01999	0.01624	0.02121	0.05803	0.09160	0.14548	0.13041	0.10812	0.06736	0.05186	0.06757	0.01046	0.00768	0.00247	0.00759	0.00872	0.00677	0.01052
42	0.00969	0.00710	0.00915	0.01060	0.01150	0.00656	0.00740	0.01137	0.01573	0.02065	0.07355	0.56362	0.13528	0.02312	0.00982	0.00308	0.00457	0.06354	0.00725	0.00643
43	0.01904	0.23027	0.11302	0.02139	0.02842	0.02234	0.23123	0.05211	0.12998	0.02538	0.04091	0.02054	0.01535	0.00780	0.00744	0.00230	0.00976	0.00730	0.00468	0.01074
44	0.01919	0.01842	0.03147	0.04759	0.67914	0.01842	0.02380	0.02380	0.01765	0.02533	0.01458	0.01919	0.01228	0.00691	0.00768	0.00230	0.00921	0.00691	0.00384	0.01228
45	0.14928	0.01894	0.02359	0.34853	0.11239	0.13181	0.06434	0.02302	0.01665	0.02323	0.01320	0.01801	0.01027	0.00751	0.00721	0.00242	0.01028	0.00628	0.00385	0.00919
46	0.01468	0.01519	0.04761	0.02009	0.02372	0.01525	0.22284	0.01847	0.01632	0.02252	0.09616	0.06531	0.09154	0.06967	0.03742	0.00354	0.15665	0.04959	0.00503	0.00839
47	0.02055	0.01791	0.02538	0.31168	0.22551	0.05166	0.02005	0.15716	0.02115	0.05176	0.01557	0.01969	0.01181	0.00792	0.00770	0.00241	0.00967	0.00686	0.00473	0.01083
48	0.05693	0.01822	0.01744	0.01483	0.01946	0.13212	0.01184	0.14248	0.10075	0.20366	0.05182	0.03341	0.10321	0.01147	0.00793	0.00244	0.00774	0.04608	0.00740	0.01076
49	0.01149	0.00852	0.01175	0.01158	0.01307	0.00802	0.04969	0.01371	0.03363	0.04114	0.06180	0.38783	0.13040	0.16183	0.01550	0.00385	0.00568	0.01715	0.00662	0.00671

[dist]
# distance from previous block
# <min> <max>
1	7

[block]
# block no. 1 follows, 25 sequences, length 23
# corresponding to MSA columns:
# 150-172
name=unknown_B
#
# <colnr> <probs for GDERKNQSTAVLIFYWHMCP>
#	G	D	E	R	K	N	Q	S	T	A	V	L	I	F	Y	W	H	M	C	P
0	0.01871	0.01619	0.02219	0.02674	0.26762	0.07949	0.04338	0.02261	0.01961	0.08573	0.20038	0.03308	0.03099	0.01031	0.00810	0.00231	0.00774	0.03706	0.00588	0.06188
1	0.38455	0.01421	0.01516	0.01275	0.01748	0.01499	0.03906	0.08256	0.01799	0.18160	0.02255	0.10687	0.03973	0.01046	0.00674	0.00250	0.00644	0.00814	0.00651	0.00970
2	0.01515	0.01291	0.01803	0.01774	0.07873	0.01341	0.07284	0.06540	0.13621	0.02652	0.10973	0.13667	0.10998	0.04858	0.03412	0.00327	0.03141	0.05369	0.00654	0.00905
3	0.01030	0.00751	0.00910	0.00977	0.01085	0.00701	0.00678	0.01193	0.01572	0.02059	0.12609	0.28147	0.17886	0.19566	0.01702	0.00406	0.00524	0.06916	0.00675	0.00616
4	0.05974	0.10392	0.02274	0.01663	0.02155	0.15308	0.04678	0.16924	0.16215	0.04884	0.09760	0.02395	0.02147	0.00954	0.00741	0.00228	0.00855	0.00749	0.00633	0.01071
5	0.01697	0.01549	0.02499	0.50598	0.18238	0.01811	0.02138	0.07907	0.01789	0.02365	0.01440	0.02017	0.01101	0.00772	0.00774	0.00250	0.00993	0.00690	0.00393	0.00981
6	0.01005	0.00712	0.00933	0.01069	0.01132	0.00674	0.00733	0.01162	0.01531	0.02053	0.09872	0.53073	0.05001	0.10752	0.01343	0.00364	0.00499	0.06762	0.00702	0.00627
7	0.01940	0.55394	0.20718	0.01554	0.02342	0.02742	0.01723	0.02356	0.01591	0.01987	0.01159	0.01345	0.00992	0.00682	0.00559	0.00186	0.00911	0.00455	0.00331	0.01034
8	0.06924	0.25386	0.39268	0.02032	0.07352	0.02197	0.02211	0.02396	0.01605	0.02332	0.01277	0.01508	0.00994	0.00709	0.00647	0.00219	0.00994	0.00521	0.00343	0.01084
9	0.01532	0.01448	0.02449	0.60977	0.14718	0.01741	0.02187	0.02041	0.01583	0.02064	0.01390	0.02045	0.01063	0.00763	0.00774	0.00254	0.01017	0.00689	0.00350	0.00916
10	0.01178	0.00831	0.01031	0.01045	0.01224	0.00782	0.00758	0.01553	0.06213	0.05531	0.27646	0.30459	0.15026	0.01892	0.00928	0.00274	0.00431	0.01672	0.00784	0.00742
11	0.12152	0.01617	0.01977	0.12501	0.08155	0.01764	0.01441	0.20948	0.07421	0.12570	0.02282	0.02543	0.04556	0.01140	0.03289	0.00284	0.00827	0.02791	0.00646	0.01097
12	0.20383	0.04749	0.11498	0.02112	0.08490	0.19710	0.07757	0.08818	0.04794	0.02817	0.01404	0.01620	0.01089	0.00767	0.00685	0.00229	0.01015	0.00582	0.00459	0.01022
13	0.01010	0.00787	0.00903	0.00938	0.01132	0.00704	0.00705	0.01229	0.01746	0.02209	0.15070	0.14117	0.37950	0.08067	0.01206	0.00320	0.00470	0.10066	0.00717	0.00655
14	0.01600	0.09958	0.63176	0.02134	0.03238	0.01910	0.02733	0.02444	0.01632	0.02401	0.01365	0.01603	0.00983	0.00730	0.00716	0.00239	0.01119	0.00559	0.00328	0.01133
15	0.02298	0.01939	0.02545	0.02184	0.07344	0.04506	0.12755	0.19323	0.25527	0.07479	0.02268	0.02303	0.01679	0.00918	0.00860	0.00251	0.03158	0.00797	0.00667	0.01200
16	0.01627	0.01048	0.01375	0.01461	0.05664	0.01027	0.01048	0.02159	0.10757	0.13354	0.10092	0.25364	0.07835	0.01727	0.00916	0.00287	0.00571	0.12039	0.00760	0.00890
17	0.00988	0.00718	0.00879	0.00971	0.01069	0.00659	0.00657	0.01114	0.01532	0.01991	0.08742	0.41332	0.19682	0.10907	0.01420	0.03751	0.00478	0.01819	0.00681	0.00610
18	0.01904	0.01387	0.01817	0.01751	0.07504	0.05474	0.06999	0.08477	0.01988	0.14533	0.03623	0.24380	0.11986	0.01519	0.00878	0.00267	0.00708	0.03180	0.00690	0.00938
19	0.02029	0.02112	0.03899	0.06539	0.03719	0.06699	0.47747	0.05913	0.05069	0.05796	0.01697	0.02095	0.01257	0.00719	0.00872	0.00254	0.01210	0.00854	0.00457	0.01062
20	0.01734	0.05579	0.02923	0.23618	0.16645	0.06599	0.15275	0.02173	0.01669	0.02176	0.01649	0.08398	0.01475	0.00920	0.00922	0.00255	0.05780	0.00848	0.00400	0.00962
21	0.07213	0.35701	0.20224	0.01788	0.05894	0.02483	0.01769	0.12123	0.01905	0.02611	0.01301	0.01478	0.01044	0.00729	0.00616	0.00205	0.00904	0.00514	0.00412	0.01086
22	0.01685	0.11914	0.45867	0.02156	0.07478	0.06117	0.02362	0.02383	0.01725	0.02410	0.07443	0.01977	0.01586	0.00807	0.00724	0.00232	0.01036	0.00634	0.00385	0.01080

[dist]
# distance from previous block
# <min> <max>
0	23

[block]
# block no. 2 follows, 25 sequences, length 10
# corresponding to MSA columns:
# 196-205
name=unknown_C
#
# <colnr> <probs for GDERKNQSTAVLIFYWHMCP>
#	G	D	E	R	K	N	Q	S	T	A	V	L	I	F	Y	W	H	M	C	P
0	0.01866	0.07123	0.12907	0.02808	0.03577	0.02004	0.44812	0.02542	0.04002	0.04802	0.01593	0.02001	0.01198	0.00724	0.00932	0.00256	0.04564	0.00817	0.00411	0.01062
1	0.01792	0.01559	0.02663	0.04818	0.07122	0.01546	0.23351	0.07024	0.08977	0.07158	0.02830	0.14130	0.05799	0.01223	0.00892	0.00272	0.00882	0.06372	0.00597	0.00995
2	0.01958	0.14857	0.08420	0.02936	0.16756	0.02015	0.28496	0.02477	0.01782	0.06908	0.01672	0.02234	0.01353	0.00763	0.00795	0.00240	0.01055	0.03771	0.00430	0.01085
3	0.01826	0.02007	0.09743	0.12582	0.53674	0.01823	0.02401	0.02339	0.01726	0.02458	0.01442	0.01908	0.01179	0.00706	0.00765	0.00235	0.00958	0.00679	0.00373	0.01175
4	0.06995	0.01410	0.01433	0.01340	0.01643	0.05989	0.01015	0.05106	0.24737	0.05680	0.09540	0.13875	0.03205	0.09353	0.01174	0.00321	0.00649	0.04901	0.00704	0.00930
5	0.04802	0.09153	0.04428	0.01491	0.01947	0.11512	0.01233	0.10570	0.14079	0.11929	0.09386	0.05361	0.02373	0.03195	0.04858	0.00306	0.00860	0.00826	0.00654	0.01035
6	0.01751	0.27570	0.18051	0.01743	0.02391	0.06540	0.08715	0.02206	0.01677	0.02175	0.08131	0.02149	0.01787	0.01487	0.10120	0.00353	0.01116	0.00670	0.00407	0.00960
7	0.06338	0.01483	0.01740	0.01435	0.01932	0.01518	0.01151	0.13800	0.18244	0.30302	0.06629	0.07300	0.02404	0.01100	0.00789	0.00250	0.00647	0.00903	0.00841	0.01193
8	0.01054	0.00795	0.00986	0.01071	0.01207	0.00760	0.00764	0.01402	0.06496	0.02307	0.15972	0.42977	0.14398	0.02096	0.00954	0.00293	0.00450	0.04571	0.00749	0.00700
9	0.01906	0.26332	0.32246	0.01837	0.02679	0.02095	0.06201	0.02468	0.01680	0.08959	0.01638	0.05763	0.01337	0.00828	0.00689	0.00224	0.00961	0.00660	0.00421	0.01077

[dist]
# distance from previous block
# <min> <max>
3	7

[block]
# block no. 3 follows, 25 sequences, length 8
# corresponding to MSA columns:
# 213-220
name=unknown_D
#
# <colnr> <probs for GDERKNQSTAVLIFYWHMCP>
#	G	D	E	R	K	N	Q	S	T	A	V	L	I	F	Y	W	H	M	C	P
0	0.11390	0.01974	0.02502	0.04908	0.14106	0.08103	0.10499	0.19554	0.04797	0.07531	0.05696	0.02127	0.01630	0.00853	0.00761	0.00237	0.00904	0.00731	0.00584	0.01113
1	0.05710	0.00948	0.01147	0.01099	0.01262	0.00966	0.00792	0.10197	0.01608	0.02204	0.02971	0.16704	0.12161	0.02171	0.01847	0.35343	0.00608	0.01110	0.00540	0.00609
2	0.01777	0.01110	0.01390	0.01336	0.01625	0.01120	0.01065	0.05815	0.12310	0.14390	0.09419	0.17222	0.03811	0.04552	0.01045	0.00312	0.00619	0.19390	0.00777	0.00915
3	0.02073	0.02388	0.20012	0.06706	0.08821	0.04627	0.03773	0.11913	0.16224	0.08441	0.02138	0.02482	0.01638	0.00929	0.00785	0.00251	0.00910	0.04155	0.00579	0.01155
4	0.02169	0.14253	0.18311	0.02100	0.08520	0.10978	0.05646	0.02849	0.09389	0.11694	0.01919	0.02266	0.01503	0.00868	0.00736	0.00233	0.00962	0.03991	0.00511	0.01100
5	0.01628	0.01365	0.01306	0.01250	0.01524	0.11454	0.00965	0.06080	0.02025	0.07326	0.15110	0.15593	0.19486	0.01673	0.00896	0.00267	0.00647	0.09887	0.00714	0.00804
6	0.08527	0.08940	0.14463	0.02324	0.12553	0.08079	0.09292	0.06203	0.05871	0.13780	0.01766	0.01903	0.01295	0.00785	0.00728	0.00232	0.00949	0.00658	0.00523	0.01128
7	0.04585	0.05656	0.16717	0.01953	0.06361	0.09039	0.01727	0.14480	0.08007	0.02922	0.06424	0.02069	0.01666	0.00934	0.00958	0.00240	0.09731	0.00680	0.00519	0.05332

[dist]
# distance from previous block
# <min> <max>
3	29

[block]
# block no. 4 follows, 25 sequences, length 25
# corresponding to MSA columns:
# 252-276
name=unknown_E
#
# <colnr> <probs for GDERKNQSTAVLIFYWHMCP>
#	G	D	E	R	K	N	Q	S	T	A	V	L	I	F	Y	W	H	M	C	P
0	0.04468	0.10602	0.13759	0.14782	0.09360	0.08062	0.04747	0.04558	0.01750	0.02382	0.03848	0.01903	0.01335	0.00966	0.03660	0.00258	0.00999	0.00622	0.00410	0.11527
1	0.05843	0.01455	0.04642	0.04199	0.02139	0.01385	0.11507	0.08395	0.04308	0.02602	0.06841	0.18141	0.02669	0.08586	0.01228	0.00304	0.04295	0.01119	0.00566	0.09776
2	0.02194	0.20745	0.14310	0.01875	0.04979	0.02058	0.07765	0.07512	0.06463	0.13525	0.01752	0.01863	0.01308	0.00795	0.00767	0.00219	0.03715	0.00630	0.00520	0.07005
3	0.05050	0.14523	0.23207	0.06958	0.07806	0.04262	0.04541	0.05332	0.07971	0.07182	0.01620	0.01823	0.01225	0.00807	0.00798	0.00236	0.04487	0.00623	0.00454	0.01095
4	0.01263	0.08968	0.10195	0.08390	0.01978	0.01240	0.01219	0.01671	0.04267	0.02165	0.06904	0.16012	0.22618	0.04184	0.00963	0.00282	0.00656	0.05642	0.00588	0.00795
5	0.06023	0.10480	0.12037	0.01843	0.08527	0.15357	0.01475	0.02151	0.03584	0.02212	0.02522	0.19956	0.05581	0.01292	0.00778	0.00249	0.00860	0.03670	0.00505	0.00898
6	0.08263	0.13436	0.11380	0.05193	0.10492	0.04780	0.01617	0.08450	0.04694	0.17548	0.01809	0.01888	0.01317	0.00795	0.00689	0.00220	0.00840	0.00617	0.00561	0.05411
7	0.14727	0.01734	0.02456	0.04852	0.18354	0.01796	0.10025	0.17125	0.02203	0.09936	0.05605	0.02297	0.03734	0.00869	0.00757	0.00240	0.00833	0.00758	0.00587	0.01111
8	0.01091	0.00837	0.00998	0.01053	0.01207	0.00816	0.00753	0.01475	0.08282	0.02192	0.09989	0.31781	0.19376	0.09185	0.04095	0.00375	0.00556	0.04542	0.00700	0.00696
9	0.08715	0.12576	0.07017	0.01560	0.02069	0.15898	0.01345	0.12688	0.04463	0.08109	0.02045	0.10844	0.01846	0.01071	0.00726	0.00231	0.00871	0.03685	0.00569	0.03669
10	0.15944	0.04907	0.04552	0.01734	0.06583	0.11156	0.01344	0.14249	0.04968	0.21120	0.02036	0.04735	0.01521	0.00914	0.00710	0.00234	0.00820	0.00695	0.00658	0.01119
11	0.01881	0.04565	0.08416	0.11907	0.33593	0.01886	0.04662	0.07153	0.10005	0.02682	0.01788	0.02303	0.01459	0.00827	0.00778	0.00244	0.00914	0.03326	0.00466	0.01144
12	0.01131	0.01563	0.17297	0.01272	0.01699	0.00965	0.01256	0.01521	0.01723	0.02259	0.09033	0.15770	0.29894	0.01737	0.00905	0.00277	0.00625	0.09658	0.00633	0.00782
13	0.02189	0.34391	0.10444	0.01860	0.08014	0.04664	0.03999	0.07275	0.04055	0.10017	0.01689	0.05215	0.01407	0.00835	0.00659	0.00210	0.00866	0.00648	0.00482	0.01082
14	0.02294	0.10338	0.09929	0.02403	0.17219	0.08736	0.04303	0.06151	0.01920	0.16564	0.01900	0.05484	0.01519	0.01100	0.03680	0.00276	0.03804	0.00736	0.00535	0.01108
15	0.00962	0.00710	0.00886	0.01002	0.01097	0.00650	0.00682	0.01121	0.01577	0.02068	0.10114	0.50633	0.17023	0.06245	0.01137	0.00324	0.00449	0.01969	0.00717	0.00634
16	0.05590	0.01702	0.04592	0.01812	0.06281	0.01695	0.03925	0.19341	0.14540	0.15402	0.06187	0.03259	0.02310	0.01104	0.00815	0.00258	0.00751	0.08548	0.00738	0.01149
17	0.05505	0.09321	0.10123	0.01652	0.04706	0.06654	0.01411	0.09563	0.11172	0.16273	0.07970	0.07941	0.02293	0.01050	0.00755	0.00238	0.00770	0.00850	0.00661	0.01091
18	0.05564	0.02363	0.16890	0.08869	0.14043	0.08091	0.01908	0.13660	0.07451	0.02889	0.01906	0.05253	0.01611	0.00965	0.00775	0.00249	0.00939	0.04976	0.00514	0.01082
19	0.01030	0.00775	0.00958	0.00985	0.01161	0.00704	0.00736	0.01301	0.01895	0.02528	0.32445	0.20072	0.23288	0.01912	0.00944	0.00273	0.00421	0.07107	0.00777	0.00688
20	0.02196	0.05778	0.25807	0.11284	0.06670	0.04745	0.01996	0.08402	0.01995	0.17741	0.04621	0.02110	0.01521	0.00844	0.00752	0.00238	0.00943	0.00679	0.00545	0.01132
21	0.01972	0.09591	0.14382	0.12731	0.21151	0.10446	0.04777	0.02516	0.04256	0.04807	0.01472	0.01818	0.01162	0.00782	0.00834	0.00236	0.04958	0.00638	0.00401	0.01070
22	0.01128	0.00882	0.01189	0.01402	0.06130	0.00887	0.00918	0.01413	0.04812	0.02144	0.07554	0.47294	0.08007	0.05071	0.01153	0.00321	0.03683	0.04617	0.00678	0.00718
23	0.05833	0.02054	0.19811	0.14552	0.14361	0.01524	0.07268	0.02049	0.01612	0.02370	0.02020	0.15828	0.01909	0.01070	0.00791	0.00257	0.00897	0.00964	0.03867	0.00963
24	0.01981	0.17336	0.09931	0.10996	0.05135	0.07074	0.01542	0.07992	0.05513	0.07843	0.06570	0.05429	0.01941	0.04161	0.03091	0.00282	0.00903	0.00764	0.00521	0.00997

[dist]
# distance from previous block
# <min> <max>
35	78

[block]
# block no. 5 follows, 25 sequences, length 13
# corresponding to MSA columns:
# 371-383
name=unknown_F
#
# <colnr> <probs for GDERKNQSTAVLIFYWHMCP>
#	G	D	E	R	K	N	Q	S	T	A	V	L	I	F	Y	W	H	M	C	P
0	0.07185	0.18473	0.36819	0.02007	0.06159	0.05621	0.02150	0.05129	0.05182	0.02508	0.01409	0.01604	0.01077	0.00745	0.00671	0.00225	0.01000	0.00552	0.00389	0.01095
1	0.07210	0.14649	0.09287	0.08404	0.02443	0.05660	0.01471	0.13221	0.05407	0.14979	0.02236	0.04957	0.04944	0.00951	0.00716	0.00231	0.00823	0.00738	0.00596	0.01077
2	0.01444	0.01349	0.02226	0.01843	0.02129	0.01448	0.17233	0.04972	0.01678	0.02304	0.06859	0.22296	0.08832	0.01773	0.05085	0.00345	0.15498	0.01305	0.00552	0.00828
3	0.06065	0.08877	0.14956	0.02305	0.12195	0.06921	0.08737	0.11119	0.08890	0.02809	0.03656	0.02103	0.01510	0.03371	0.02945	0.00282	0.00986	0.00701	0.00490	0.01082
4	0.06221	0.09454	0.04783	0.12148	0.06759	0.12284	0.04800	0.04886	0.13597	0.09132	0.04644	0.02159	0.01640	0.00880	0.00793	0.00237	0.03301	0.00698	0.00541	0.01044
5	0.12639	0.06785	0.04339	0.02102	0.11083	0.06487	0.10163	0.09087	0.06078	0.08422	0.02515	0.02869	0.08781	0.00989	0.00760	0.00243	0.00845	0.04215	0.00566	0.01033
6	0.01127	0.00764	0.00982	0.01052	0.01196	0.00699	0.00758	0.01344	0.01739	0.05773	0.18699	0.40714	0.14350	0.02081	0.00956	0.00290	0.00450	0.05567	0.00762	0.00697
7	0.05266	0.05296	0.02379	0.02310	0.16809	0.01612	0.08489	0.05873	0.08087	0.11735	0.09791	0.03022	0.04492	0.01004	0.00840	0.00241	0.02823	0.04004	0.00609	0.05316
8	0.05845	0.06612	0.24834	0.08129	0.09455	0.01879	0.08670	0.12953	0.01984	0.02817	0.01916	0.05067	0.04680	0.00890	0.00761	0.00244	0.00966	0.00759	0.00463	0.01076
9	0.01177	0.05275	0.01191	0.01044	0.01251	0.00950	0.00772	0.03976	0.05203	0.02384	0.17245	0.29053	0.20614	0.04993	0.01037	0.00292	0.00480	0.01616	0.00717	0.00731
10	0.06522	0.01635	0.02591	0.13817	0.19846	0.01784	0.10348	0.08128	0.01804	0.05463	0.01813	0.10016	0.01627	0.01021	0.01026	0.00264	0.09918	0.00882	0.00480	0.01015
11	0.02120	0.09084	0.17560	0.02572	0.14146	0.07855	0.11352	0.14655	0.07928	0.02903	0.01632	0.01853	0.01245	0.00780	0.00756	0.00233	0.01020	0.00675	0.00480	0.01151
12	0.04803	0.03675	0.03646	0.01462	0.01774	0.01400	0.03446	0.11143	0.08786	0.05088	0.06299	0.24328	0.03264	0.01765	0.03690	0.00323	0.04631	0.08906	0.00671	0.00899

[dist]
# distance from previous block
# <min> <max>
1	18

[block]
# block no. 6 follows, 25 sequences, length 23
# corresponding to MSA columns:
# 402-424
name=unknown_G
#
# <colnr> <probs for GDERKNQSTAVLIFYWHMCP>
#	G	D	E	R	K	N	Q	S	T	A	V	L	I	F	Y	W	H	M	C	P
0	0.01711	0.21227	0.18827	0.01576	0.02125	0.09317	0.04359	0.02071	0.01531	0.01933	0.01617	0.02519	0.01541	0.19777	0.06435	0.00423	0.01061	0.00701	0.00383	0.00866
1	0.01250	0.01135	0.01096	0.01110	0.01323	0.08376	0.00824	0.01579	0.05271	0.02304	0.16559	0.22360	0.26350	0.01844	0.00913	0.00271	0.00545	0.05454	0.00712	0.00724
2	0.01997	0.02529	0.16410	0.04664	0.07770	0.09395	0.26678	0.04567	0.06727	0.05480	0.01647	0.01970	0.01237	0.00780	0.00905	0.00251	0.04718	0.00751	0.00442	0.01081
3	0.13277	0.05693	0.13342	0.07952	0.02394	0.06448	0.01505	0.02736	0.16709	0.07710	0.02551	0.02600	0.08732	0.00992	0.00804	0.00248	0.03982	0.00756	0.00557	0.01013
4	0.01584	0.08995	0.01599	0.01281	0.01521	0.01257	0.01002	0.07403	0.01798	0.08919	0.05379	0.36880	0.05926	0.01813	0.01005	0.00284	0.05498	0.06346	0.00683	0.00827
5	0.02008	0.02097	0.02199	0.01876	0.02211	0.19835	0.09008	0.07508	0.10137	0.02438	0.05166	0.08848	0.03739	0.01444	0.05243	0.00320	0.13567	0.00897	0.00529	0.00931
6	0.11229	0.03452	0.02080	0.01889	0.02298	0.62127	0.01425	0.03006	0.02100	0.02073	0.01185	0.01383	0.00981	0.00790	0.00675	0.00204	0.01310	0.00491	0.00408	0.00892
7	0.05118	0.12754	0.29760	0.01777	0.02554	0.02022	0.01913	0.18749	0.04764	0.03082	0.05059	0.05647	0.01666	0.00922	0.00727	0.00235	0.00904	0.00718	0.00517	0.01112
8	0.01887	0.01603	0.01686	0.01505	0.01936	0.01821	0.01174	0.08047	0.54976	0.03231	0.03586	0.03326	0.09510	0.01144	0.00802	0.00261	0.00606	0.00948	0.00780	0.01170
9	0.01356	0.01246	0.01987	0.07924	0.02261	0.01335	0.13193	0.01860	0.08733	0.02209	0.03235	0.31983	0.07559	0.01631	0.01116	0.00293	0.09215	0.01454	0.00586	0.00823
10	0.02016	0.06057	0.36026	0.05183	0.02908	0.11387	0.02167	0.05664	0.05575	0.08348	0.01694	0.02005	0.01277	0.00859	0.00810	0.00243	0.03672	0.02560	0.00455	0.01095
11	0.02248	0.01688	0.09303	0.01767	0.05465	0.01459	0.03989	0.12329	0.02171	0.22033	0.09914	0.08036	0.02679	0.01221	0.00960	0.00264	0.05659	0.07024	0.00713	0.01078
12	0.00933	0.00722	0.00851	0.00955	0.01092	0.00640	0.00664	0.01094	0.01604	0.02028	0.05791	0.44803	0.31591	0.02232	0.00959	0.00292	0.00426	0.01964	0.00720	0.00640
13	0.02145	0.06312	0.17529	0.09947	0.03385	0.10896	0.22589	0.02699	0.01854	0.12688	0.01668	0.01938	0.01202	0.00753	0.00788	0.00241	0.01127	0.00712	0.00460	0.01068
14	0.02122	0.10368	0.30487	0.01997	0.02761	0.08431	0.04721	0.12834	0.02013	0.07208	0.01500	0.01705	0.01117	0.00845	0.00918	0.00241	0.08556	0.00610	0.00456	0.01111
15	0.01344	0.00913	0.01111	0.01101	0.01342	0.00862	0.00849	0.01779	0.07681	0.08738	0.18726	0.18099	0.21955	0.01814	0.00927	0.00279	0.00489	0.10422	0.00777	0.00790
16	0.01788	0.01734	0.03003	0.22260	0.41678	0.01826	0.08476	0.02364	0.04732	0.02413	0.01527	0.02021	0.01224	0.00727	0.00785	0.00242	0.00975	0.00721	0.00393	0.01111
17	0.01813	0.13508	0.08270	0.04459	0.02241	0.04486	0.04757	0.06559	0.01638	0.05324	0.01731	0.09166	0.01620	0.01708	0.09542	0.00385	0.20601	0.00814	0.00451	0.00925
18	0.02145	0.19658	0.32844	0.01834	0.02665	0.11048	0.02019	0.02757	0.03971	0.11787	0.01593	0.01700	0.01169	0.00771	0.00684	0.00221	0.01017	0.00566	0.00445	0.01106
19	0.01264	0.01038	0.01114	0.01105	0.01313	0.04374	0.00809	0.06016	0.04995	0.02540	0.19817	0.28953	0.20002	0.01861	0.00915	0.00271	0.00501	0.01619	0.00743	0.00751
20	0.01587	0.01304	0.01716	0.06416	0.10775	0.03315	0.03239	0.04824	0.13366	0.05486	0.05952	0.25528	0.07695	0.01528	0.00875	0.00274	0.00666	0.03872	0.00661	0.00923
21	0.01957	0.16443	0.07206	0.01522	0.04337	0.10004	0.01272	0.02544	0.11221	0.10314	0.09585	0.06690	0.11512	0.01145	0.00753	0.00231	0.00747	0.00922	0.00611	0.00983
22	0.08367	0.01633	0.04395	0.01477	0.04512	0.09160	0.01149	0.08333	0.02072	0.21821	0.06478	0.10946	0.13888	0.01269	0.00797	0.00247	0.00705	0.01038	0.00714	0.00999

[dist]
# distance from previous block
# <min> <max>
0	36

[block]
# block no. 7 follows, 25 sequences, length 16
# corresponding to MSA columns:
# 461-476
name=unknown_H
#
# <colnr> <probs for GDERKNQSTAVLIFYWHMCP>
#	G	D	E	R	K	N	Q	S	T	A	V	L	I	F	Y	W	H	M	C	P
0	0.01835	0.01486	0.01888	0.01565	0.01995	0.03779	0.08501	0.15408	0.08790	0.05701	0.14464	0.07854	0.09731	0.01301	0.00855	0.00251	0.00705	0.06877	0.00704	0.06308
1	0.01948	0.18913	0.20081	0.01927	0.06042	0.08650	0.05622	0.02658	0.09891	0.06164	0.08951	0.02240	0.01940	0.00864	0.00719	0.00224	0.00915	0.00698	0.00494	0.01059
2	0.05108	0.01962	0.07000	0.12994	0.29684	0.04516	0.10838	0.05882	0.05824	0.02658	0.04804	0.02145	0.01526	0.00785	0.00781	0.00242	0.00961	0.00742	0.00450	0.01096
3	0.34131	0.01752	0.05389	0.01372	0.01922	0.01780	0.01179	0.16418	0.09765	0.13485	0.04429	0.01993	0.01551	0.00876	0.00658	0.00242	0.00687	0.00636	0.00659	0.01075
4	0.01759	0.05262	0.01396	0.01142	0.01424	0.08553	0.00860	0.01983	0.01868	0.14538	0.19602	0.10011	0.13581	0.13021	0.01341	0.00325	0.00634	0.01188	0.00700	0.00812
5	0.02258	0.12143	0.10258	0.05975	0.02517	0.04582	0.05538	0.09995	0.13581	0.14998	0.02130	0.05027	0.01637	0.00952	0.00849	0.00243	0.04835	0.00758	0.00604	0.01119
6	0.05567	0.02283	0.16030	0.05222	0.28812	0.06834	0.05944	0.02410	0.01728	0.06571	0.01687	0.06745	0.01438	0.00881	0.00856	0.00246	0.04455	0.00764	0.00435	0.01091
7	0.01398	0.01075	0.01190	0.01135	0.01427	0.01086	0.00856	0.02236	0.22195	0.06178	0.11396	0.16242	0.27230	0.01660	0.00881	0.00268	0.00484	0.01420	0.00768	0.00875
8	0.08113	0.10226	0.08021	0.01951	0.04819	0.04459	0.12539	0.06188	0.16276	0.16454	0.02118	0.02141	0.01535	0.00839	0.00743	0.00238	0.00864	0.00721	0.00611	0.01144
9	0.02128	0.10786	0.12527	0.01810	0.05894	0.10162	0.01561	0.06019	0.17259	0.10286	0.06777	0.02812	0.02150	0.01005	0.00761	0.00240	0.00844	0.05281	0.00609	0.01089
10	0.05584	0.01733	0.02619	0.16375	0.39280	0.04420	0.02020	0.02222	0.01674	0.02394	0.01604	0.02051	0.03450	0.00789	0.00853	0.00235	0.05215	0.00685	0.00396	0.06402
11	0.00992	0.00748	0.00925	0.01018	0.01161	0.00681	0.00742	0.01203	0.01701	0.02213	0.14388	0.36981	0.23369	0.02142	0.00967	0.00294	0.00451	0.08625	0.00738	0.00661
12	0.02007	0.11496	0.03045	0.06005	0.15877	0.06786	0.15119	0.07626	0.12655	0.02623	0.01836	0.02323	0.01509	0.00868	0.00848	0.00244	0.03766	0.03792	0.00491	0.01084
13	0.01966	0.06244	0.41597	0.02223	0.03162	0.06583	0.12147	0.06150	0.01869	0.08526	0.01570	0.01778	0.01118	0.00756	0.00758	0.00240	0.01115	0.00640	0.00425	0.01132
14	0.04949	0.06069	0.01738	0.01403	0.01825	0.08264	0.01127	0.07491	0.15867	0.16966	0.03402	0.09107	0.10533	0.01283	0.00805	0.00255	0.00701	0.06461	0.00725	0.01027
15	0.04839	0.05508	0.17095	0.05838	0.11167	0.08189	0.16148	0.09030	0.01912	0.02609	0.01648	0.01978	0.03474	0.00827	0.00906	0.00246	0.06392	0.00710	0.00425	0.01058

[dist]
# distance from previous block
# <min> <max>
26	76

[block]
# block no. 8 follows, 25 sequences, length 27
# corresponding to MSA columns:
# 570-596
name=unknown_I
#
# <colnr> <probs for GDERKNQSTAVLIFYWHMCP>
#	G	D	E	R	K	N	Q	S	T	A	V	L	I	F	Y	W	H	M	C	P
0	0.08773	0.10294	0.05041	0.06053	0.07952	0.03456	0.01368	0.04909	0.07548	0.27141	0.02656	0.02579	0.07035	0.00945	0.00727	0.00234	0.00743	0.00753	0.00671	0.01121
1	0.01146	0.00816	0.01044	0.01157	0.01256	0.00802	0.00830	0.05226	0.01630	0.02165	0.03872	0.48659	0.04495	0.10725	0.01345	0.00369	0.00558	0.12543	0.00692	0.00669
2	0.23116	0.05479	0.08835	0.01864	0.08065	0.09785	0.01498	0.22256	0.02291	0.07677	0.01532	0.01650	0.01134	0.00807	0.00670	0.00229	0.00869	0.00579	0.00564	0.01100
3	0.01923	0.02090	0.07054	0.10101	0.46606	0.07936	0.02252	0.02368	0.01726	0.02364	0.01385	0.01849	0.01156	0.00769	0.00914	0.00241	0.07101	0.00665	0.00374	0.01127
4	0.16171	0.01252	0.01199	0.01165	0.01389	0.06793	0.00850	0.07292	0.01749	0.02601	0.11197	0.25537	0.03526	0.12844	0.01309	0.00344	0.00637	0.02771	0.00630	0.00744
5	0.01941	0.03433	0.40127	0.02342	0.03255	0.12621	0.14468	0.08021	0.01937	0.02584	0.01436	0.01706	0.01051	0.00747	0.00768	0.00240	0.01191	0.00638	0.00390	0.01103
6	0.02315	0.02200	0.02657	0.02836	0.22996	0.15768	0.08232	0.15940	0.02297	0.05650	0.07287	0.02176	0.01745	0.00874	0.00849	0.00233	0.03562	0.00741	0.00535	0.01108
7	0.01040	0.00779	0.00932	0.00909	0.01085	0.00706	0.00657	0.01299	0.01899	0.02553	0.38629	0.09662	0.24258	0.10642	0.01298	0.00316	0.00426	0.01478	0.00760	0.00671
8	0.01091	0.00786	0.01062	0.01231	0.01353	0.00758	0.00969	0.01336	0.01646	0.02151	0.04396	0.37842	0.08354	0.02264	0.01025	0.00332	0.00574	0.31441	0.00717	0.00672
9	0.01029	0.00773	0.00963	0.01026	0.01190	0.00707	0.00772	0.01282	0.01811	0.02387	0.23292	0.25699	0.22521	0.02017	0.00961	0.00287	0.00452	0.11396	0.00757	0.00679
10	0.01973	0.08367	0.08931	0.04607	0.17549	0.02054	0.21775	0.09399	0.12201	0.02799	0.01764	0.02042	0.01355	0.00765	0.00792	0.00242	0.01001	0.00757	0.00482	0.01144
11	0.02225	0.01778	0.01735	0.01581	0.01991	0.12307	0.01259	0.03416	0.32585	0.14344	0.03011	0.03735	0.02474	0.01205	0.00827	0.00267	0.00765	0.12661	0.00743	0.01093
12	0.16539	0.04882	0.01917	0.01413	0.01999	0.01646	0.01177	0.18591	0.02381	0.38210	0.02322	0.02139	0.01537	0.00896	0.00713	0.00235	0.00705	0.00679	0.00800	0.01219
13	0.01948	0.40690	0.28590	0.01723	0.02547	0.08429	0.01929	0.02441	0.01654	0.02072	0.01208	0.01407	0.00990	0.00703	0.00607	0.00199	0.01000	0.00482	0.00336	0.01044
14	0.04593	0.16796	0.02504	0.01754	0.02129	0.30293	0.04156	0.02441	0.01799	0.02036	0.06196	0.01904	0.01555	0.01323	0.06705	0.00308	0.11589	0.00620	0.00414	0.00886
15	0.01125	0.00838	0.01052	0.00990	0.01194	0.00787	0.00745	0.01572	0.05518	0.03028	0.58964	0.05785	0.12291	0.01590	0.00908	0.00246	0.00381	0.01395	0.00839	0.00751
16	0.00969	0.00714	0.00913	0.01062	0.01157	0.00659	0.00747	0.01135	0.01562	0.02031	0.04876	0.55054	0.15857	0.02322	0.00985	0.00310	0.00465	0.07821	0.00719	0.00642
17	0.02270	0.54721	0.09350	0.01413	0.02108	0.02624	0.01429	0.02585	0.01692	0.13390	0.01448	0.01519	0.01154	0.00721	0.00567	0.00186	0.00828	0.00492	0.00440	0.01064
18	0.02188	0.01630	0.01737	0.01549	0.01991	0.04862	0.01226	0.03787	0.46318	0.14662	0.03132	0.03301	0.02411	0.01121	0.00808	0.00264	0.00667	0.06368	0.00794	0.01182
19	0.01905	0.01882	0.03373	0.04523	0.57806	0.01861	0.12306	0.02396	0.01776	0.02525	0.01476	0.01946	0.01220	0.00685	0.00791	0.00235	0.00982	0.00726	0.00385	0.01199
20	0.01617	0.01534	0.02602	0.48646	0.26386	0.01763	0.02229	0.02115	0.01623	0.02167	0.01405	0.02017	0.01099	0.00747	0.00773	0.00249	0.00996	0.00690	0.00358	0.00985
21	0.15191	0.01523	0.02288	0.38821	0.17158	0.01808	0.01926	0.02105	0.01521	0.02349	0.01309	0.01861	0.01038	0.00800	0.00879	0.00257	0.07218	0.00641	0.00376	0.00931
22	0.01027	0.00775	0.00932	0.00959	0.01127	0.00704	0.00705	0.01264	0.01801	0.02368	0.25609	0.18133	0.26144	0.08154	0.01208	0.00317	0.00453	0.06917	0.00740	0.00664
23	0.01689	0.18407	0.49384	0.02119	0.03131	0.02082	0.08104	0.02430	0.01641	0.02325	0.01341	0.01595	0.01002	0.00714	0.00702	0.00230	0.01094	0.00570	0.00334	0.01105
24	0.01191	0.00922	0.01278	0.01234	0.01313	0.01091	0.00920	0.01373	0.01204	0.01722	0.02044	0.03459	0.02073	0.24724	0.41678	0.00983	0.10824	0.00897	0.00421	0.00648
25	0.61414	0.01393	0.01192	0.01065	0.01515	0.01559	0.00874	0.02303	0.01496	0.08923	0.07326	0.02128	0.01678	0.00883	0.00572	0.00246	0.00589	0.03415	0.00565	0.00865
26	0.01196	0.00941	0.01121	0.01086	0.01326	0.00936	0.00841	0.01797	0.12142	0.02677	0.30043	0.05817	0.21793	0.02013	0.06763	0.00347	0.00590	0.07029	0.00758	0.00785

[dist]
# distance from previous block
# <min> <max>
0	1

[block]
# block no. 9 follows, 25 sequences, length 12
# corresponding to MSA columns:
# 598-609
name=unknown_J
#
# <colnr> <probs for GDERKNQSTAVLIFYWHMCP>
#	G	D	E	R	K	N	Q	S	T	A	V	L	I	F	Y	W	H	M	C	P
0	0.01920	0.02430	0.10968	0.03195	0.11048	0.08842	0.44900	0.02531	0.01840	0.02426	0.01500	0.01953	0.01144	0.00681	0.00857	0.00250	0.01256	0.00811	0.00385	0.01062
1	0.00954	0.00787	0.00838	0.00825	0.01071	0.00671	0.00619	0.01186	0.01857	0.02307	0.20347	0.07112	0.54975	0.01884	0.00916	0.00258	0.00387	0.01587	0.00748	0.00671
2	0.01098	0.00817	0.01003	0.01056	0.01215	0.00768	0.00770	0.04604	0.01830	0.02421	0.18350	0.36383	0.18615	0.02052	0.00952	0.00287	0.00459	0.05871	0.00751	0.00699
3	0.01721	0.01657	0.02559	0.14519	0.09998	0.08647	0.18423	0.02112	0.01734	0.05752	0.02347	0.22318	0.02321	0.01225	0.00866	0.00265	0.00944	0.01173	0.00509	0.00912
4	0.17955	0.02850	0.36748	0.09390	0.13783	0.01786	0.02280	0.02357	0.01582	0.02638	0.01335	0.01647	0.00998	0.00729	0.00691	0.00243	0.00981	0.00572	0.00371	0.01065
5	0.01071	0.00788	0.01005	0.00980	0.01163	0.00722	0.00737	0.01398	0.02070	0.02862	0.52383	0.10824	0.14791	0.01720	0.00927	0.00257	0.00392	0.04379	0.00820	0.00714
6	0.30256	0.01923	0.08863	0.04737	0.02205	0.01879	0.01349	0.15855	0.14921	0.08117	0.01843	0.01886	0.01344	0.00851	0.00666	0.00244	0.00738	0.00623	0.00614	0.01084
7	0.01948	0.25597	0.26543	0.02169	0.12716	0.02080	0.01984	0.02461	0.01690	0.09228	0.01644	0.05747	0.01364	0.00827	0.00683	0.00221	0.00916	0.00656	0.00427	0.01098
8	0.01271	0.01000	0.01352	0.01290	0.01478	0.01018	0.04328	0.08155	0.01818	0.02445	0.11213	0.38966	0.10986	0.02147	0.04655	0.00340	0.04427	0.01666	0.00687	0.00756
9	0.01213	0.01072	0.01076	0.01091	0.01278	0.07995	0.00803	0.01460	0.01886	0.02405	0.26616	0.23582	0.19819	0.01843	0.00920	0.00268	0.00522	0.04714	0.00732	0.00704
10	0.02194	0.01993	0.13310	0.06440	0.25717	0.01636	0.01964	0.09328	0.02031	0.16436	0.02119	0.02798	0.01697	0.00949	0.00801	0.00251	0.00879	0.07719	0.00572	0.01166
11	0.02152	0.05572	0.08912	0.01890	0.09118	0.01543	0.05098	0.09394	0.08613	0.18369	0.11046	0.05705	0.06996	0.01087	0.00802	0.00243	0.00736	0.00932	0.00691	0.01101

[dist]
# distance from previous block
# <min> <max>
0	4

[block]
# block no. 10 follows, 25 sequences, length 129
# corresponding to MSA columns:
# 614-742
name=unknown_K
#
# <colnr> <probs for GDERKNQSTAVLIFYWHMCP>
#	G	D	E	R	K	N	Q	S	T	A	V	L	I	F	Y	W	H	M	C	P
0	0.01150	0.00792	0.00992	0.01058	0.01234	0.00720	0.00794	0.01374	0.01735	0.06062	0.12271	0.32199	0.22730	0.02071	0.00961	0.00294	0.00479	0.11632	0.00748	0.00702
1	0.02625	0.03135	0.02020	0.01823	0.02207	0.53167	0.01368	0.06889	0.06331	0.02160	0.01794	0.02069	0.04743	0.05275	0.00919	0.00243	0.01221	0.00635	0.00470	0.00908
2	0.07304	0.09088	0.06601	0.02204	0.11368	0.14138	0.05388	0.17511	0.03786	0.09532	0.01704	0.01955	0.01313	0.00851	0.00767	0.00230	0.02449	0.02143	0.00551	0.01116
3	0.04746	0.01489	0.01612	0.01467	0.01856	0.01666	0.01130	0.07044	0.44757	0.07098	0.03199	0.15284	0.02720	0.01276	0.00812	0.00268	0.00600	0.01083	0.00775	0.01116
4	0.01079	0.00790	0.01015	0.01096	0.01246	0.00744	0.00843	0.01337	0.01770	0.02346	0.20174	0.22902	0.15183	0.06355	0.01164	0.00328	0.00517	0.19702	0.00736	0.00674
5	0.02317	0.02761	0.06026	0.02551	0.14835	0.32553	0.06816	0.05601	0.04876	0.02299	0.01697	0.01959	0.04209	0.00884	0.00912	0.00232	0.07365	0.00667	0.00436	0.01004
6	0.01904	0.02948	0.29884	0.05977	0.17913	0.09935	0.06436	0.05367	0.07448	0.02560	0.01568	0.01841	0.01190	0.00766	0.00759	0.00239	0.01071	0.00651	0.00413	0.01130
7	0.01471	0.01348	0.02153	0.59842	0.04724	0.01634	0.01947	0.04810	0.01671	0.02128	0.02126	0.02662	0.08504	0.00916	0.00791	0.00258	0.00953	0.00796	0.00407	0.00859
8	0.01107	0.00749	0.00846	0.00857	0.00871	0.00740	0.00490	0.01124	0.01178	0.01558	0.02800	0.09094	0.05945	0.65389	0.03634	0.00704	0.00718	0.01214	0.00496	0.00488
9	0.02425	0.43956	0.03308	0.01569	0.02161	0.19030	0.01394	0.13568	0.02089	0.02379	0.01245	0.01390	0.01053	0.00743	0.00595	0.00186	0.00971	0.00485	0.00426	0.01029
10	0.12445	0.04242	0.13235	0.09496	0.02732	0.14513	0.01676	0.22129	0.02353	0.07768	0.01568	0.01721	0.01142	0.00824	0.00710	0.00231	0.00976	0.00602	0.00546	0.01090
11	0.01025	0.00786	0.00905	0.00949	0.01100	0.00729	0.00660	0.01283	0.04618	0.02137	0.12452	0.27948	0.27563	0.12598	0.01387	0.00350	0.00472	0.01685	0.00701	0.00654
12	0.05565	0.21718	0.26420	0.01793	0.02593	0.06248	0.01904	0.19769	0.02192	0.02971	0.01413	0.01564	0.01073	0.00774	0.00670	0.00218	0.00972	0.00554	0.00463	0.01125
13	0.06986	0.16043	0.11512	0.01817	0.07912	0.09259	0.01505	0.09789	0.01945	0.10064	0.01997	0.12299	0.01809	0.02777	0.00798	0.00244	0.00854	0.00830	0.00538	0.01024
14	0.06845	0.11223	0.02147	0.01538	0.02046	0.06941	0.01256	0.18418	0.21968	0.11624	0.02359	0.06419	0.01853	0.01006	0.00734	0.00237	0.00753	0.00787	0.00697	0.01148
15	0.01002	0.00781	0.00917	0.00952	0.01150	0.00696	0.00720	0.01248	0.01826	0.02345	0.21150	0.17661	0.35873	0.01968	0.00945	0.00277	0.00432	0.08629	0.00751	0.00676
16	0.01294	0.00882	0.01111	0.01130	0.01329	0.00847	0.00853	0.01722	0.07552	0.07301	0.21509	0.27407	0.12270	0.01882	0.00939	0.00285	0.00485	0.09649	0.00779	0.00774
17	0.02266	0.39176	0.06989	0.01579	0.02191	0.13628	0.01449	0.10548	0.10844	0.02449	0.01498	0.01595	0.01223	0.00776	0.00619	0.00198	0.00914	0.00536	0.00460	0.01060
18	0.02520	0.03076	0.12041	0.01876	0.02432	0.35269	0.01621	0.17301	0.06550	0.02770	0.01929	0.02022	0.05387	0.00910	0.00742	0.00222	0.01121	0.00653	0.00521	0.01038
19	0.01768	0.05036	0.16094	0.02816	0.03546	0.02034	0.41746	0.02380	0.01689	0.02362	0.01435	0.01917	0.01110	0.00774	0.01110	0.00267	0.11716	0.00798	0.00370	0.01033
20	0.02249	0.02380	0.02344	0.02172	0.08166	0.25813	0.09551	0.11061	0.10980	0.02644	0.02298	0.06781	0.05207	0.01046	0.00802	0.00241	0.01022	0.03684	0.00551	0.01009
