[name]
unknown

[dist]
# distance from previous block
# <min> <max>
0	40

[block]
# block no. 0 follows, 32 sequences, length 115
# corresponding to MSA columns:
# 40-154
name=unknown_A
#
# <colnr> <probs for GDERKNQSTAVLIFYWHMCP>
#	G	D	E	R	K	N	Q	S	T	A	V	L	I	F	Y	W	H	M	C	P
0	0.00966	0.00707	0.00921	0.00924	0.01089	0.00661	0.00732	0.01266	0.01774	0.02433	0.48395	0.05791	0.12349	0.01524	0.00825	0.00237	0.00393	0.17693	0.00697	0.00623
1	0.00806	0.00630	0.00731	0.00812	0.00941	0.00555	0.00569	0.00948	0.01402	0.01761	0.05182	0.42700	0.36762	0.01909	0.00826	0.00251	0.00366	0.01672	0.00623	0.00555
2	0.02367	0.01833	0.01908	0.01513	0.02011	0.04385	0.01232	0.54056	0.17105	0.03849	0.01823	0.01782	0.01319	0.00823	0.00671	0.00206	0.00711	0.00630	0.00663	0.01113
3	0.01267	0.01193	0.02013	0.74806	0.04621	0.01491	0.01863	0.01714	0.01342	0.01714	0.01193	0.01789	0.00894	0.00671	0.00671	0.00224	0.00894	0.00596	0.00298	0.00745
4	0.02506	0.03198	0.01901	0.01729	0.02074	0.73725	0.01296	0.02679	0.01901	0.01642	0.01037	0.01210	0.00864	0.00691	0.00605	0.00173	0.01210	0.00432	0.00346	0.00778
5	0.01391	0.01193	0.01391	0.00994	0.01590	0.00894	0.00795	0.01690	0.01391	0.02186	0.01193	0.01391	0.00994	0.00497	0.00497	0.00099	0.00497	0.00398	0.00398	0.80521
6	0.01792	0.67803	0.08862	0.01225	0.01830	0.02544	0.01257	0.05013	0.01446	0.01738	0.00984	0.01126	0.00873	0.00589	0.00457	0.00151	0.00740	0.00380	0.00304	0.00884
7	0.01653	0.31297	0.25526	0.05695	0.02333	0.11720	0.03872	0.02075	0.01473	0.01834	0.03875	0.01466	0.01102	0.00767	0.02527	0.00205	0.00910	0.00484	0.00316	0.00871
8	0.00959	0.00719	0.01078	0.01078	0.01198	0.00839	0.00839	0.01198	0.01078	0.01558	0.01797	0.02636	0.01677	0.05032	0.73760	0.01078	0.01797	0.00719	0.00359	0.00599
9	0.00862	0.00626	0.00815	0.00906	0.00995	0.00580	0.00639	0.01042	0.01471	0.01982	0.21153	0.49507	0.10040	0.01875	0.00838	0.00255	0.00378	0.04812	0.00652	0.00572
10	0.01267	0.01193	0.02013	0.74806	0.04621	0.01491	0.01863	0.01714	0.01342	0.01714	0.01193	0.01789	0.00894	0.00671	0.00671	0.00224	0.00894	0.00596	0.00298	0.00745
11	0.01580	0.08792	0.58096	0.01776	0.02673	0.01621	0.02192	0.05670	0.01543	0.08058	0.01324	0.01473	0.00933	0.00657	0.00627	0.00206	0.00923	0.00506	0.00349	0.01002
12	0.01669	0.01441	0.01517	0.01365	0.01745	0.01669	0.01062	0.03565	0.71021	0.02807	0.02731	0.02503	0.02048	0.00910	0.00683	0.00228	0.00531	0.00759	0.00683	0.01062
13	0.01654	0.01553	0.02512	0.03655	0.60889	0.01575	0.01884	0.04185	0.07930	0.02294	0.01624	0.01925	0.03942	0.00676	0.00671	0.00203	0.00753	0.00645	0.00386	0.01046
14	0.01310	0.01223	0.01995	0.44453	0.10511	0.01433	0.05487	0.01808	0.06659	0.01855	0.01602	0.09838	0.01424	0.02738	0.00845	0.00241	0.04658	0.00770	0.00371	0.00780
15	0.01749	0.58727	0.10698	0.01427	0.02048	0.04808	0.08654	0.02059	0.01410	0.01699	0.01010	0.01195	0.00877	0.00584	0.00497	0.00161	0.00807	0.00422	0.00294	0.00877
16	0.00940	0.00867	0.01036	0.00946	0.01187	0.03120	0.05742	0.01142	0.01486	0.01802	0.05514	0.08805	0.53850	0.01841	0.06395	0.00294	0.02580	0.01285	0.00564	0.00605
17	0.01381	0.01327	0.01920	0.01641	0.01694	0.01770	0.04907	0.01554	0.01070	0.01641	0.01126	0.01843	0.01105	0.06867	0.09421	0.00391	0.56301	0.00640	0.02698	0.00703
18	0.01624	0.01557	0.02657	0.10752	0.65888	0.01585	0.02041	0.02027	0.01510	0.02147	0.01256	0.01673	0.01047	0.00605	0.00665	0.00202	0.00806	0.00598	0.00329	0.01033
19	0.01005	0.00744	0.00919	0.00891	0.01066	0.00701	0.00674	0.05079	0.01807	0.02464	0.44142	0.14613	0.16518	0.01518	0.00801	0.00227	0.00371	0.05129	0.00693	0.00638
20	0.01348	0.01172	0.01518	0.01124	0.01625	0.00961	0.05966	0.01627	0.01357	0.02071	0.03060	0.01870	0.01295	0.09517	0.00932	0.00184	0.03204	0.00523	0.00399	0.60249
21	0.01267	0.01193	0.02013	0.74806	0.04621	0.01491	0.01863	0.01714	0.01342	0.01714	0.01193	0.01789	0.00894	0.00671	0.00671	0.00224	0.00894	0.00596	0.00298	0.00745
22	0.02506	0.03198	0.01901	0.01729	0.02074	0.73725	0.01296	0.02679	0.01901	0.01642	0.01037	0.01210	0.00864	0.00691	0.00605	0.00173	0.01210	0.00432	0.00346	0.00778
23	0.00963	0.00702	0.00991	0.00991	0.01080	0.00791	0.00729	0.01142	0.01052	0.01493	0.01877	0.03080	0.01870	0.23075	0.55980	0.00970	0.01507	0.00784	0.00371	0.00550
24	0.01854	0.70570	0.03379	0.01197	0.01752	0.08691	0.01161	0.02066	0.01409	0.01584	0.00942	0.01088	0.00861	0.00584	0.00445	0.00146	0.00759	0.00365	0.00292	0.00854
25	0.01444	0.01198	0.01436	0.05199	0.01771	0.00954	0.00870	0.01797	0.03453	0.04434	0.01284	0.01475	0.01041	0.00530	0.00518	0.00114	0.00523	0.00428	0.00414	0.71118
26	0.02469	0.01623	0.09856	0.01368	0.01915	0.01401	0.01226	0.24900	0.04050	0.34713	0.07666	0.02187	0.01780	0.00845	0.00679	0.00207	0.00653	0.00676	0.00704	0.01082
27	0.00848	0.00636	0.00880	0.00970	0.01051	0.00588	0.02828	0.00994	0.01348	0.01790	0.07728	0.64277	0.09587	0.01981	0.00846	0.00264	0.00405	0.01795	0.00620	0.00563
28	0.01468	0.01468	0.02055	0.01762	0.01762	0.02055	0.01468	0.01615	0.01028	0.01615	0.00881	0.01468	0.00881	0.01174	0.02202	0.00294	0.75191	0.00587	0.00294	0.00734
29	0.01391	0.01193	0.01391	0.00994	0.01590	0.00894	0.00795	0.01690	0.01391	0.02186	0.01193	0.01391	0.00994	0.00497	0.00497	0.00099	0.00497	0.00398	0.00398	0.80521
30	0.00949	0.00644	0.00763	0.00805	0.00822	0.00636	0.00493	0.00992	0.01075	0.01430	0.02534	0.19649	0.02946	0.56291	0.02727	0.00550	0.00594	0.05188	0.00465	0.00448
31	0.01367	0.03325	0.66878	0.01993	0.02957	0.01570	0.08397	0.02127	0.01431	0.02127	0.01218	0.01451	0.00865	0.00631	0.00651	0.00214	0.01004	0.00522	0.00288	0.00984
32	0.19880	0.01395	0.06869	0.01191	0.01696	0.01235	0.01046	0.08374	0.04089	0.39123	0.06805	0.02092	0.01681	0.00808	0.00623	0.00208	0.00587	0.00626	0.00673	0.01001
33	0.02120	0.01258	0.01764	0.01323	0.01868	0.01091	0.08874	0.04252	0.05628	0.31717	0.01985	0.03881	0.01431	0.00719	0.00630	0.00174	0.00606	0.00625	0.00601	0.29452
34	0.01267	0.01193	0.02013	0.74806	0.04621	0.01491	0.01863	0.01714	0.01342	0.01714	0.01193	0.01789	0.00894	0.00671	0.00671	0.00224	0.00894	0.00596	0.00298	0.00745
35	0.01346	0.03471	0.72942	0.01912	0.02904	0.01558	0.02479	0.02125	0.01417	0.02125	0.01204	0.01417	0.00850	0.00637	0.00637	0.00212	0.00992	0.00496	0.00283	0.00992
36	0.00959	0.00719	0.01078	0.01078	0.01198	0.00839	0.00839	0.01198	0.01078	0.01558	0.01797	0.02636	0.01677	0.05032	0.73760	0.01078	0.01797	0.00719	0.00359	0.00599
37	0.01321	0.01023	0.01176	0.01072	0.01340	0.01084	0.00824	0.02304	0.31337	0.05120	0.37676	0.03902	0.06722	0.01168	0.00741	0.00219	0.00418	0.01008	0.00714	0.00831
38	0.01314	0.01240	0.02096	0.66476	0.12589	0.01503	0.01887	0.01755	0.01364	0.01771	0.01201	0.01774	0.00914	0.00662	0.00670	0.00221	0.00883	0.00596	0.00302	0.00783
39	0.02962	0.01153	0.01556	0.01200	0.01714	0.01011	0.00989	0.03281	0.04423	0.70167	0.02650	0.02292	0.01675	0.00833	0.00675	0.00208	0.00570	0.00678	0.00825	0.01139
40	0.00840	0.00601	0.00801	0.00935	0.00991	0.00562	0.00640	0.00984	0.01356	0.01823	0.10635	0.66400	0.04611	0.02019	0.00852	0.00267	0.00390	0.04103	0.00634	0.00556
41	0.02506	0.03198	0.01901	0.01729	0.02074	0.73725	0.01296	0.02679	0.01901	0.01642	0.01037	0.01210	0.00864	0.00691	0.00605	0.00173	0.01210	0.00432	0.00346	0.00778
42	0.02995	0.01167	0.01573	0.01206	0.01726	0.01024	0.00996	0.05568	0.01963	0.70340	0.02611	0.02261	0.01643	0.00830	0.00675	0.00207	0.00577	0.00672	0.00825	0.01142
43	0.01203	0.00952	0.01116	0.01028	0.01264	0.00998	0.00784	0.02077	0.26272	0.02732	0.47497	0.04128	0.04821	0.01209	0.00753	0.00217	0.00392	0.01053	0.00719	0.00784
44	0.01661	0.01594	0.02724	0.04119	0.72233	0.01594	0.02059	0.02059	0.01528	0.02192	0.01262	0.01661	0.01063	0.00598	0.00664	0.00199	0.00797	0.00598	0.00332	0.01063
45	0.00828	0.00592	0.00791	0.00947	0.00990	0.00554	0.00642	0.00953	0.01295	0.01725	0.03692	0.73185	0.04414	0.02092	0.00859	0.00274	0.00399	0.04597	0.00623	0.00548
46	0.01490	0.27135	0.50545	0.01666	0.02523	0.01912	0.02050	0.02088	0.01399	0.01949	0.01117	0.01307	0.00854	0.00617	0.00571	0.00190	0.00903	0.00452	0.00285	0.00950
47	0.01348	0.01275	0.02158	0.60307	0.18489	0.01512	0.01904	0.01785	0.01380	0.01812	0.01207	0.01763	0.00929	0.00656	0.00669	0.00219	0.00874	0.00597	0.00305	0.00810
48	0.00959	0.00718	0.00894	0.00844	0.01022	0.00669	0.00635	0.01325	0.04892	0.02572	0.59687	0.05105	0.15366	0.01397	0.00787	0.00214	0.00329	0.01222	0.00720	0.00643
49	0.00976	0.00651	0.00732	0.00732	0.00732	0.00651	0.00407	0.00976	0.00976	0.01301	0.02114	0.04391	0.02439	0.76419	0.03415	0.00651	0.00651	0.00976	0.00407	0.00407
50	0.03010	0.01142	0.01557	0.01194	0.01713	0.00986	0.00986	0.03270	0.01920	0.72698	0.02647	0.02284	0.01661	0.00830	0.00675	0.00208	0.00571	0.00675	0.00830	0.01142
51	0.01661	0.01594	0.02724	0.04119	0.72233	0.01594	0.02059	0.02059	0.01528	0.02192	0.01262	0.01661	0.01063	0.00598	0.00664	0.00199	0.00797	0.00598	0.00332	0.01063
52	0.01391	0.01193	0.01391	0.00994	0.01590	0.00894	0.00795	0.01690	0.01391	0.02186	0.01193	0.01391	0.00994	0.00497	0.00497	0.00099	0.00497	0.00398	0.00398	0.80521
53	0.00976	0.00651	0.00732	0.00732	0.00732	0.00651	0.00407	0.00976	0.00976	0.01301	0.02114	0.04391	0.02439	0.76419	0.03415	0.00651	0.00651	0.00976	0.00407	0.00407
54	0.00867	0.00660	0.00797	0.00811	0.00964	0.00590	0.00590	0.01088	0.01632	0.02170	0.34296	0.22262	0.27533	0.01652	0.00807	0.00231	0.00341	0.01444	0.00673	0.00590
55	0.66792	0.01276	0.01077	0.01007	0.03633	0.01449	0.00782	0.04768	0.01283	0.05319	0.01123	0.01275	0.00860	0.00648	0.00447	0.00203	0.00524	0.00411	0.06363	0.00761
56	0.02283	0.08234	0.02007	0.01585	0.01979	0.44015	0.04438	0.14782	0.02022	0.02225	0.01272	0.01439	0.01013	0.00707	0.00598	0.00177	0.00987	0.00496	0.08902	0.00840
57	0.00818	0.00584	0.00779	0.00934	0.00973	0.00545	0.00623	0.00934	0.01285	0.01713	0.03698	0.75981	0.04438	0.02102	0.00856	0.00273	0.00389	0.01908	0.00623	0.00545
58	0.01853	0.44891	0.18510	0.01407	0.02058	0.04830	0.01469	0.13982	0.01708	0.02166	0.01115	0.01250	0.00908	0.00633	0.00525	0.00170	0.00799	0.00435	0.00356	0.00936
59	0.81159	0.01298	0.00986	0.00882	0.01298	0.01505	0.00727	0.01972	0.01142	0.03010	0.00934	0.01090	0.00727	0.00623	0.00415	0.00208	0.00519	0.00363	0.00415	0.00727
60	0.01468	0.01468	0.02055	0.01762	0.01762	0.02055	0.01468	0.01615	0.01028	0.01615	0.00881	0.01468	0.00881	0.01174	0.02202	0.00294	0.75191	0.00587	0.00294	0.00734
61	0.04330	0.01443	0.02206	0.35166	0.27319	0.04476	0.03594	0.03693	0.04564	0.02081	0.03844	0.01841	0.01203	0.00681	0.00665	0.00212	0.00826	0.00617	0.00359	0.00880
62	0.01724	0.65432	0.14298	0.01267	0.01906	0.02485	0.01355	0.02027	0.01372	0.01663	0.00975	0.01129	0.00859	0.00584	0.00463	0.00154	0.00760	0.00380	0.00286	0.00881
63	0.70834	0.01327	0.01092	0.00947	0.01377	0.01511	0.00780	0.06662	0.01328	0.07552	0.01090	0.01202	0.00815	0.00649	0.00449	0.00207	0.00537	0.00400	0.00459	0.00781
64	0.00913	0.00684	0.00846	0.00806	0.00980	0.00617	0.00604	0.01195	0.01813	0.02485	0.56615	0.05351	0.21724	0.01449	0.00792	0.00215	0.00322	0.01261	0.00712	0.00617
65	0.02526	0.01737	0.01897	0.01467	0.01983	0.01892	0.01208	0.57547	0.05625	0.11936	0.01792	0.01752	0.01255	0.00812	0.00666	0.00202	0.00697	0.00619	0.03265	0.01121
66	0.01648	0.00873	0.01008	0.00941	0.03228	0.00865	0.00701	0.07595	0.03567	0.14364	0.08682	0.02599	0.02080	0.00845	0.00562	0.00177	0.00412	0.00689	0.48385	0.00780
67	0.00877	0.00652	0.00794	0.00873	0.00982	0.00602	0.00627	0.01031	0.01384	0.01784	0.08284	0.33115	0.23129	0.11908	0.01189	0.00312	0.00439	0.10871	0.00600	0.00548
68	0.21979	0.01296	0.01298	0.01074	0.01476	0.04684	0.00869	0.15223	0.01839	0.22310	0.01838	0.01858	0.01305	0.00756	0.00557	0.00193	0.00559	0.00560	0.19426	0.00899
69	0.01661	0.01594	0.02724	0.04119	0.72233	0.01594	0.02059	0.02059	0.01528	0.02192	0.01262	0.01661	0.01063	0.00598	0.00664	0.00199	0.00797	0.00598	0.00332	0.01063
70	0.01555	0.01613	0.02042	0.01759	0.01788	0.08043	0.01454	0.01704	0.01101	0.01617	0.00894	0.01446	0.00879	0.01134	0.02069	0.00284	0.69010	0.00574	0.00298	0.00738
71	0.01381	0.01174	0.01360	0.00997	0.01549	0.00917	0.00786	0.01738	0.04666	0.02166	0.01318	0.01614	0.01126	0.04824	0.00671	0.00137	0.00507	0.00447	0.00412	0.72211
72	0.06107	0.01693	0.04610	0.02436	0.26746	0.05216	0.05605	0.19901	0.05244	0.06724	0.01683	0.07967	0.01412	0.00813	0.00675	0.00209	0.00755	0.00710	0.00494	0.01000
73	0.01594	0.01533	0.04517	0.17899	0.18513	0.01588	0.14162	0.11782	0.04083	0.02327	0.01602	0.05912	0.01386	0.00835	0.00807	0.00227	0.05280	0.04635	0.00416	0.00903
74	0.00820	0.00593	0.00777	0.00917	0.00970	0.00549	0.00617	0.00947	0.01318	0.01750	0.06084	0.69736	0.08331	0.02056	0.00851	0.00268	0.00384	0.01857	0.00627	0.00549
75	0.06049	0.01798	0.01934	0.01488	0.02018	0.01972	0.01229	0.61909	0.02972	0.09398	0.01660	0.01639	0.01162	0.00799	0.00660	0.00202	0.00716	0.00599	0.00672	0.01123
76	0.01301	0.01010	0.01129	0.01047	0.01300	0.01061	0.00791	0.06950	0.23588	0.04188	0.14517	0.12080	0.17364	0.06552	0.03799	0.00289	0.00515	0.01096	0.00644	0.00778
77	0.00844	0.00631	0.00788	0.00906	0.00990	0.00589	0.00619	0.01035	0.03852	0.01770	0.04197	0.61339	0.15987	0.01990	0.00839	0.00263	0.00386	0.01781	0.00625	0.00567
78	0.04363	0.00818	0.01028	0.00960	0.01202	0.00751	0.00723	0.01747	0.03521	0.20992	0.19189	0.26401	0.12712	0.01458	0.00764	0.00232	0.00423	0.01269	0.00699	0.00748
79	0.02456	0.01832	0.01960	0.01525	0.02045	0.02037	0.01252	0.62870	0.10434	0.04076	0.01731	0.01707	0.01238	0.00817	0.00672	0.00204	0.00716	0.00621	0.00672	0.01133
80	0.78899	0.01293	0.01003	0.00891	0.01310	0.01490	0.00734	0.02010	0.01164	0.05026	0.00984	0.01125	0.00754	0.00629	0.00423	0.00208	0.00521	0.00372	0.00427	0.00739
81	0.02841	0.04905	0.01761	0.01277	0.01803	0.01331	0.01064	0.19398	0.02194	0.52719	0.02315	0.02063	0.01497	0.00812	0.00662	0.00203	0.00619	0.00643	0.00766	0.01128
82	0.00964	0.00696	0.00961	0.00961	0.01040	0.00775	0.00692	0.01123	0.01043	0.01470	0.01905	0.03232	0.01936	0.29292	0.49854	0.00933	0.01408	0.00806	0.00375	0.00534
83	0.01794	0.76823	0.03516	0.01148	0.01722	0.02655	0.01148	0.02009	0.01363	0.01579	0.00933	0.01076	0.00861	0.00574	0.00431	0.00144	0.00718	0.00359	0.00287	0.00861
84	0.81159	0.01298	0.00986	0.00882	0.01298	0.01505	0.00727	0.01972	0.01142	0.03010	0.00934	0.01090	0.00727	0.00623	0.00415	0.00208	0.00519	0.00363	0.00415	0.00727
85	0.01354	0.07510	0.65829	0.01822	0.02753	0.01580	0.02322	0.02081	0.01435	0.02119	0.04302	0.01556	0.01092	0.00666	0.00633	0.00209	0.00946	0.00520	0.00304	0.00968
86	0.00883	0.00680	0.00807	0.00781	0.00963	0.00604	0.00584	0.01136	0.01734	0.02312	0.43938	0.07648	0.32458	0.01524	0.00794	0.00219	0.00328	0.01314	0.00689	0.00604
87	0.01413	0.01299	0.02172	0.42763	0.29564	0.01463	0.01830	0.01832	0.01416	0.01953	0.01295	0.01795	0.01020	0.00652	0.00653	0.00209	0.00814	0.00599	0.06402	0.00855
88	0.00956	0.00692	0.00838	0.00862	0.01016	0.00636	0.00627	0.01206	0.03823	0.04243	0.22370	0.27832	0.24165	0.04267	0.00900	0.00254	0.00383	0.03670	0.00654	0.00608
89	0.01166	0.00583	0.00874	0.00874	0.00874	0.00583	0.00583	0.00874	0.00874	0.01166	0.01166	0.02040	0.01166	0.02331	0.02622	0.80478	0.00583	0.00583	0.00291	0.00291
90	0.02039	0.42402	0.02722	0.01375	0.01836	0.29337	0.01190	0.04335	0.01606	0.01684	0.01042	0.01232	0.00917	0.00879	0.04665	0.00209	0.00965	0.00415	0.00325	0.00824
91	0.00835	0.00608	0.00788	0.00898	0.00972	0.00560	0.00615	0.00987	0.01399	0.01870	0.14296	0.59171	0.10610	0.01956	0.00841	0.00259	0.00374	0.01760	0.00640	0.00560
92	0.02106	0.01285	0.01527	0.01173	0.01699	0.01172	0.00949	0.11474	0.10602	0.26079	0.02067	0.01984	0.03124	0.00731	0.00610	0.00168	0.00554	0.00588	0.00620	0.31488
93	0.01889	0.08276	0.02640	0.01914	0.02410	0.13470	0.26106	0.11096	0.07124	0.06251	0.03557	0.03978	0.01492	0.00892	0.02511	0.00232	0.00932	0.03870	0.00464	0.00899
94	0.06555	0.01414	0.02431	0.36703	0.27825	0.01553	0.10116	0.01904	0.01423	0.02017	0.01220	0.01702	0.00957	0.00630	0.00667	0.00214	0.00865	0.00606	0.00322	0.00874
95	0.04201	0.01636	0.08008	0.01957	0.18403	0.06903	0.01341	0.06185	0.19726	0.04583	0.02578	0.04510	0.11019	0.00941	0.00681	0.00214	0.00668	0.02994	0.02527	0.00925
96	0.01509	0.00840	0.00874	0.00788	0.01016	0.00868	0.00613	0.12519	0.01701	0.04814	0.02110	0.02353	0.01626	0.00787	0.00507	0.00165	0.00388	0.00623	0.65177	0.00723
97	0.01331	0.01404	0.11087	0.01325	0.04029	0.01194	0.01127	0.07185	0.21680	0.02454	0.11808	0.10793	0.13460	0.01233	0.00744	0.00232	0.00557	0.06917	0.00601	0.00839
98	0.01343	0.01267	0.02179	0.58652	0.06498	0.01493	0.08647	0.03964	0.01443	0.01872	0.01359	0.02109	0.01089	0.00729	0.00697	0.00227	0.00894	0.04425	0.00334	0.00778
99	0.02213	0.06470	0.03891	0.01903	0.10747	0.18841	0.03842	0.26313	0.11853	0.05022	0.01562	0.01639	0.01181	0.00742	0.00646	0.00196	0.00842	0.00576	0.00515	0.01006
100	0.00930	0.00661	0.00773	0.00782	0.00865	0.00629	0.00517	0.01029	0.01272	0.01670	0.13374	0.10083	0.18253	0.37203	0.03836	0.03053	0.00540	0.03518	0.00520	0.00492
101	0.01145	0.01056	0.01539	0.03293	0.01656	0.05016	0.13840	0.01492	0.04059	0.02136	0.23307	0.23605	0.10380	0.01390	0.00796	0.00234	0.00576	0.03221	0.00581	0.00680
102	0.02902	0.01110	0.01500	0.01159	0.01656	0.00964	0.00954	0.03165	0.01889	0.68388	0.02619	0.02297	0.01665	0.00827	0.00662	0.00204	0.00555	0.00672	0.05700	0.01110
103	0.01468	0.01468	0.02055	0.01762	0.01762	0.02055	0.01468	0.01615	0.01028	0.01615	0.00881	0.01468	0.00881	0.01174	0.02202	0.00294	0.75191	0.00587	0.00294	0.00734
104	0.01837	0.49057	0.12014	0.01314	0.01892	0.09590	0.01310	0.06256	0.01579	0.03627	0.05088	0.01420	0.01207	0.00660	0.00516	0.00164	0.00778	0.00455	0.00355	0.00881
105	0.78069	0.01320	0.01027	0.00908	0.01328	0.01528	0.00748	0.04646	0.01221	0.03058	0.00961	0.01110	0.00743	0.00630	0.00425	0.00207	0.00528	0.00373	0.00425	0.00743
106	0.01124	0.00820	0.01013	0.00956	0.01100	0.00881	0.00718	0.04530	0.04434	0.01943	0.10751	0.03621	0.15834	0.10428	0.16357	0.09301	0.06433	0.00901	0.08253	0.00600
107	0.00936	0.00675	0.00843	0.00814	0.00974	0.00618	0.00606	0.01219	0.01781	0.02494	0.54439	0.09464	0.15301	0.01430	0.00777	0.00214	0.00324	0.01252	0.05221	0.00618
108	0.01344	0.01190	0.01992	0.71563	0.04493	0.01469	0.01825	0.01783	0.01367	0.04841	0.01257	0.01811	0.00928	0.00678	0.00671	0.00223	0.00880	0.00600	0.00322	0.00763
109	0.70632	0.01301	0.01078	0.00936	0.01366	0.01471	0.00771	0.04337	0.01287	0.10137	0.01131	0.01229	0.00835	0.00650	0.00450	0.00207	0.00532	0.00403	0.00466	0.00782
110	0.00826	0.00670	0.00704	0.00713	0.00915	0.00572	0.00528	0.01008	0.01533	0.01902	0.11573	0.12234	0.58056	0.01672	0.00786	0.00227	0.00341	0.01412	0.03758	0.00572
111	0.01994	0.01131	0.01327	0.01132	0.01500	0.01159	0.00896	0.04588	0.26590	0.26411	0.10673	0.02699	0.02342	0.00914	0.00658	0.00207	0.00490	0.00758	0.13560	0.00970
112	0.00960	0.00678	0.00859	0.00857	0.00917	0.00712	0.00574	0.01067	0.01079	0.01477	0.05297	0.03895	0.05634	0.44307	0.28073	0.00763	0.01027	0.00916	0.00415	0.00492
113	0.04419	0.01606	0.03256	0.01352	0.01753	0.08952	0.01085	0.21619	0.19550	0.12668	0.04541	0.12184	0.02017	0.01011	0.00689	0.00216	0.00649	0.00824	0.00641	0.00969
114	0.01623	0.01547	0.05028	0.04959	0.01959	0.08038	0.05220	0.07826	0.06970	0.04681	0.07315	0.03698	0.01614	0.00716	0.00609	0.00161	0.00654	0.00599	0.00472	0.36311

[dist]
# distance from previous block
# <min> <max>
0	2

[block]
# block no. 1 follows, 32 sequences, length 10
# corresponding to MSA columns:
# 157-166
name=unknown_B
#
# <colnr> <probs for GDERKNQSTAVLIFYWHMCP>
#	G	D	E	R	K	N	Q	S	T	A	V	L	I	F	Y	W	H	M	C	P
0	0.02074	0.35738	0.06548	0.01509	0.04246	0.19396	0.01307	0.15084	0.04473	0.02191	0.01180	0.01301	0.00966	0.00663	0.00546	0.00170	0.00850	0.00453	0.00390	0.00915
1	0.60245	0.01412	0.05911	0.01013	0.01488	0.01405	0.00896	0.02241	0.01315	0.16843	0.01294	0.01350	0.00921	0.00665	0.00482	0.00208	0.00561	0.00434	0.00489	0.00827
2	0.05026	0.10684	0.30473	0.02060	0.10607	0.07577	0.08619	0.12926	0.01744	0.02408	0.01237	0.01448	0.00935	0.00649	0.00627	0.00200	0.00911	0.00529	0.00367	0.00973
3	0.01658	0.01633	0.02054	0.23627	0.05495	0.11363	0.05377	0.08324	0.04081	0.02039	0.01245	0.01664	0.01011	0.00836	0.01096	0.00230	0.22133	0.00591	0.04730	0.00810
4	0.00951	0.00656	0.00757	0.00783	0.00820	0.00641	0.00487	0.01001	0.01100	0.01441	0.02817	0.11613	0.09366	0.56737	0.02739	0.00549	0.00594	0.06034	0.00463	0.00451
5	0.00965	0.00731	0.00846	0.00864	0.01019	0.00696	0.00637	0.01242	0.06698	0.01876	0.11424	0.12205	0.29493	0.13782	0.01332	0.04705	0.00456	0.09867	0.00586	0.00575
6	0.01924	0.01568	0.01661	0.01417	0.01842	0.01788	0.01124	0.22749	0.51423	0.03217	0.02408	0.02246	0.01786	0.00880	0.00679	0.00220	0.00591	0.00714	0.00679	0.01085
7	0.01020	0.00710	0.00879	0.00851	0.01041	0.00639	0.00650	0.01281	0.01738	0.06138	0.41238	0.09195	0.24202	0.01508	0.00799	0.00226	0.00363	0.06188	0.00696	0.00636
8	0.81159	0.01298	0.00986	0.00882	0.01298	0.01505	0.00727	0.01972	0.01142	0.03010	0.00934	0.01090	0.00727	0.00623	0.00415	0.00208	0.00519	0.00363	0.00415	0.00727
9	0.01719	0.71125	0.03304	0.01113	0.01661	0.02499	0.01100	0.01931	0.01376	0.01596	0.01372	0.01479	0.06181	0.00658	0.00458	0.00150	0.00689	0.00438	0.00312	0.00839

[dist]
# distance from previous block
# <min> <max>
0	1

[block]
# block no. 2 follows, 32 sequences, length 10
# corresponding to MSA columns:
# 168-177
name=unknown_C
#
# <colnr> <probs for GDERKNQSTAVLIFYWHMCP>
#	G	D	E	R	K	N	Q	S	T	A	V	L	I	F	Y	W	H	M	C	P
0	0.01750	0.01574	0.02703	0.03854	0.64037	0.01557	0.05276	0.02147	0.01558	0.07047	0.01362	0.01711	0.01102	0.00612	0.00671	0.00201	0.00798	0.00613	0.00367	0.01061
1	0.01768	0.01447	0.01558	0.01513	0.06801	0.05838	0.01097	0.06828	0.42748	0.07644	0.06259	0.04770	0.02167	0.00944	0.00685	0.00219	0.00584	0.02525	0.03615	0.00988
2	0.00813	0.00671	0.00714	0.00723	0.00924	0.00572	0.00535	0.00994	0.01547	0.01901	0.13755	0.13102	0.58028	0.01702	0.00799	0.00229	0.00342	0.01442	0.00636	0.00572
3	0.01592	0.01507	0.02556	0.08680	0.62516	0.01527	0.01975	0.01987	0.01516	0.02146	0.01424	0.02099	0.01255	0.00694	0.00684	0.00209	0.00791	0.05481	0.00351	0.01009
4	0.01294	0.01067	0.01188	0.01114	0.01388	0.01151	0.00863	0.02377	0.36485	0.02550	0.21308	0.06438	0.12849	0.01243	0.00749	0.00230	0.00451	0.05739	0.00683	0.00835
5	0.01166	0.00583	0.00874	0.00874	0.00874	0.00583	0.00583	0.00874	0.00874	0.01166	0.01166	0.02040	0.01166	0.02331	0.02622	0.80478	0.00583	0.00583	0.00291	0.00291
6	0.01907	0.08669	0.04918	0.02446	0.28151	0.20554	0.01529	0.10720	0.01834	0.02257	0.05540	0.01928	0.05167	0.00752	0.00642	0.00190	0.00846	0.00610	0.00412	0.00926
7	0.02142	0.01531	0.01640	0.01358	0.01776	0.04230	0.01083	0.28628	0.23392	0.13228	0.04024	0.02449	0.01801	0.06387	0.00884	0.00246	0.00647	0.02866	0.00667	0.01020
8	0.07279	0.10261	0.31154	0.01683	0.03848	0.16517	0.05375	0.02172	0.03341	0.02063	0.01334	0.04233	0.01085	0.00708	0.00601	0.00196	0.00897	0.00546	0.05835	0.00872
9	0.01885	0.01328	0.01560	0.01593	0.11921	0.05709	0.01089	0.13671	0.06714	0.17700	0.07046	0.05506	0.16810	0.01080	0.00715	0.00214	0.00602	0.03316	0.00626	0.00914

[dist]
# distance from previous block
# <min> <max>
0	8

[block]
# block no. 3 follows, 32 sequences, length 31
# corresponding to MSA columns:
# 188-201,207-223
name=unknown_D
#
# <colnr> <probs for GDERKNQSTAVLIFYWHMCP>
#	G	D	E	R	K	N	Q	S	T	A	V	L	I	F	Y	W	H	M	C	P
0	0.05426	0.23219	0.24242	0.01633	0.05407	0.01771	0.07829	0.02017	0.06077	0.01984	0.01696	0.01975	0.06336	0.05126	0.00794	0.00223	0.02418	0.00599	0.00358	0.00871
1	0.01374	0.18523	0.36060	0.01498	0.02147	0.01640	0.01701	0.01927	0.03907	0.02048	0.10320	0.02269	0.05782	0.00849	0.00730	0.00206	0.05548	0.02216	0.00383	0.00871
2	0.01414	0.08388	0.44595	0.01768	0.07524	0.01432	0.01894	0.01970	0.01442	0.06190	0.03990	0.06820	0.04423	0.04345	0.00781	0.00231	0.00826	0.00681	0.00377	0.00909
3	0.01391	0.01193	0.01391	0.00994	0.01590	0.00894	0.00795	0.01690	0.01391	0.02186	0.01193	0.01391	0.00994	0.00497	0.00497	0.00099	0.00497	0.00398	0.00398	0.80521
4	0.01219	0.00887	0.01024	0.00956	0.01201	0.00877	0.00726	0.01846	0.17923	0.07614	0.27830	0.10313	0.22214	0.01369	0.00763	0.00224	0.00398	0.01176	0.00692	0.00747
5	0.02378	0.07325	0.02038	0.01798	0.05020	0.62974	0.01329	0.02561	0.01811	0.01661	0.01033	0.01234	0.00873	0.00705	0.00677	0.00178	0.04831	0.00443	0.00339	0.00793
6	0.01625	0.01392	0.01485	0.01356	0.01718	0.01602	0.01063	0.03404	0.65853	0.02747	0.02792	0.02880	0.02183	0.00980	0.00701	0.00234	0.00537	0.05739	0.00678	0.01029
7	0.00833	0.00677	0.00747	0.00768	0.00960	0.00591	0.00577	0.01022	0.01526	0.01890	0.12438	0.13570	0.52269	0.01826	0.03157	0.00262	0.00406	0.05281	0.00625	0.00575
8	0.00912	0.00674	0.00805	0.00839	0.00999	0.00591	0.00600	0.01084	0.01471	0.03941	0.12815	0.36443	0.29494	0.01761	0.00805	0.00239	0.00372	0.01543	0.00633	0.03980
9	0.07482	0.01848	0.01908	0.01505	0.01992	0.05057	0.01233	0.54932	0.07930	0.03824	0.01596	0.01621	0.01159	0.00812	0.00718	0.00206	0.03881	0.00592	0.00626	0.01076
10	0.04967	0.01483	0.02419	0.12765	0.53124	0.01537	0.01882	0.04374	0.01546	0.02225	0.01411	0.02063	0.01225	0.00703	0.00673	0.00210	0.00783	0.05266	0.00363	0.00980
11	0.01900	0.01544	0.01624	0.01384	0.01773	0.03514	0.01095	0.24153	0.38983	0.03091	0.02218	0.02230	0.01692	0.03449	0.03387	0.00261	0.02528	0.00698	0.03458	0.01019
12	0.03524	0.00734	0.00954	0.00896	0.01081	0.00682	0.02524	0.01259	0.01770	0.02486	0.52286	0.08426	0.15344	0.01427	0.00788	0.00220	0.00364	0.03917	0.00690	0.00629
13	0.00832	0.00617	0.00777	0.00873	0.00965	0.00562	0.00603	0.00987	0.01418	0.01871	0.13995	0.52756	0.17447	0.01922	0.00835	0.00255	0.00370	0.01716	0.00639	0.00562
14	0.01897	0.01607	0.01628	0.01418	0.01770	0.09189	0.01117	0.11540	0.38866	0.07912	0.04493	0.04787	0.01893	0.00949	0.00823	0.00224	0.07542	0.00737	0.00621	0.00986
15	0.51104	0.01477	0.01353	0.01115	0.01576	0.01662	0.00920	0.24123	0.01840	0.07458	0.01253	0.01328	0.00915	0.00694	0.00513	0.00206	0.00593	0.00460	0.00522	0.00885
16	0.00812	0.00664	0.00718	0.00739	0.00927	0.00569	0.00541	0.00987	0.01524	0.01880	0.12558	0.18135	0.54144	0.01736	0.00804	0.00233	0.00346	0.01480	0.00634	0.00569
17	0.02386	0.01763	0.01895	0.01495	0.01999	0.01957	0.01221	0.53972	0.17064	0.06364	0.01878	0.01818	0.01346	0.00828	0.00674	0.00207	0.00690	0.00638	0.00679	0.01125
18	0.01411	0.01383	0.01945	0.01685	0.01698	0.01918	0.01397	0.01568	0.01033	0.01608	0.00984	0.01600	0.00971	0.01610	0.10276	0.00382	0.66910	0.00602	0.00301	0.00719
19	0.01812	0.01950	0.02175	0.01827	0.02009	0.19525	0.07183	0.07006	0.01446	0.01861	0.01014	0.01445	0.00908	0.00978	0.01579	0.00252	0.45335	0.00568	0.00338	0.00789
20	0.01298	0.01231	0.01957	0.43385	0.06256	0.04704	0.07704	0.01661	0.01331	0.01716	0.01434	0.02027	0.02624	0.01554	0.14012	0.04353	0.01062	0.00646	0.00323	0.00721
21	0.01706	0.08420	0.15178	0.06574	0.26811	0.06635	0.04168	0.06118	0.09198	0.03881	0.03913	0.01770	0.01294	0.00691	0.00647	0.00201	0.00817	0.00596	0.00402	0.00981
22	0.11527	0.18649	0.16605	0.06123	0.14586	0.04896	0.11166	0.05243	0.01511	0.02184	0.01154	0.01419	0.00914	0.00617	0.00592	0.00195	0.00850	0.00516	0.00338	0.00915
23	0.05424	0.01530	0.01588	0.04284	0.05309	0.10381	0.01010	0.07731	0.01619	0.04800	0.01251	0.01434	0.01000	0.00578	0.00543	0.00136	0.00643	0.00446	0.00423	0.49870
24	0.01222	0.01220	0.03368	0.01463	0.05326	0.06383	0.12197	0.03175	0.01556	0.01987	0.10238	0.13538	0.22132	0.06136	0.00998	0.00258	0.03277	0.04318	0.00519	0.00691
25	0.00974	0.00658	0.00772	0.00772	0.00786	0.00672	0.00457	0.01001	0.00988	0.01331	0.02078	0.04188	0.02351	0.68163	0.11550	0.00700	0.00783	0.00946	0.00401	0.00429
26	0.02823	0.01100	0.01497	0.01162	0.01648	0.00954	0.00954	0.03087	0.01919	0.66317	0.08958	0.02532	0.02087	0.00880	0.00685	0.00208	0.00548	0.00724	0.00822	0.01096
27	0.01669	0.01441	0.01517	0.01365	0.01745	0.01669	0.01062	0.03565	0.71021	0.02807	0.02731	0.02503	0.02048	0.00910	0.00683	0.00228	0.00531	0.00759	0.00683	0.01062
28	0.01501	0.00823	0.00857	0.00777	0.01001	0.00845	0.00603	0.11337	0.01674	0.05364	0.02124	0.02367	0.01636	0.00787	0.00505	0.00165	0.00383	0.00624	0.65910	0.00718
29	0.81159	0.01298	0.00986	0.00882	0.01298	0.01505	0.00727	0.01972	0.01142	0.03010	0.00934	0.01090	0.00727	0.00623	0.00415	0.00208	0.00519	0.00363	0.00415	0.00727
30	0.01404	0.11999	0.61789	0.01816	0.02717	0.01708	0.02280	0.02090	0.01394	0.02039	0.01159	0.01379	0.00853	0.00653	0.00679	0.00208	0.04101	0.00484	0.00284	0.00965

[dist]
# distance from previous block
# <min> <max>
0	1

[block]
# block no. 4 follows, 32 sequences, length 36
# corresponding to MSA columns:
# 225-260
name=unknown_E
#
# <colnr> <probs for GDERKNQSTAVLIFYWHMCP>
#	G	D	E	R	K	N	Q	S	T	A	V	L	I	F	Y	W	H	M	C	P
0	0.01224	0.01108	0.04705	0.01148	0.03312	0.02621	0.02430	0.04384	0.09094	0.03783	0.24714	0.04107	0.21595	0.01365	0.03237	0.00246	0.04644	0.01023	0.04522	0.00735
1	0.01251	0.00625	0.00625	0.00625	0.00782	0.00625	0.00469	0.01563	0.01407	0.02502	0.02189	0.02502	0.01720	0.00782	0.00469	0.00156	0.00313	0.00625	0.80144	0.00625
2	0.01847	0.01806	0.03129	0.02328	0.02846	0.08186	0.42560	0.04491	0.01616	0.10292	0.01412	0.01750	0.01061	0.00712	0.00980	0.00229	0.12745	0.00707	0.00401	0.00902
3	0.00834	0.00649	0.00761	0.00819	0.00964	0.00576	0.00592	0.01008	0.01484	0.01892	0.13467	0.32248	0.35743	0.01816	0.00822	0.00245	0.00368	0.04504	0.00637	0.00569
4	0.01166	0.00583	0.00874	0.00874	0.00874	0.00583	0.00583	0.00874	0.00874	0.01166	0.01166	0.02040	0.01166	0.02331	0.02622	0.80478	0.00583	0.00583	0.00291	0.00291
5	0.01468	0.23481	0.54003	0.01704	0.02582	0.01857	0.02116	0.02093	0.01402	0.01976	0.01130	0.01324	0.00853	0.00620	0.00581	0.00194	0.00917	0.00458	0.00284	0.00956
6	0.01496	0.09941	0.52005	0.01798	0.02614	0.06793	0.04006	0.04081	0.01474	0.02061	0.01204	0.01449	0.00907	0.00869	0.04259	0.00248	0.03047	0.00504	0.00305	0.00940
7	0.04008	0.03481	0.05253	0.03926	0.06028	0.03662	0.01255	0.15986	0.42918	0.02921	0.02170	0.02100	0.01625	0.00829	0.00661	0.00216	0.00643	0.00672	0.00603	0.01042
8	0.01285	0.01217	0.02016	0.68248	0.04365	0.01541	0.01828	0.01705	0.01313	0.01705	0.01165	0.01760	0.00893	0.00716	0.00808	0.00230	0.07565	0.00595	0.00298	0.00744
9	0.02474	0.06749	0.01987	0.01690	0.02057	0.66205	0.01288	0.06424	0.01945	0.01784	0.01064	0.01226	0.00880	0.00692	0.00600	0.00173	0.01159	0.00438	0.00361	0.00802
10	0.01502	0.14134	0.53229	0.01694	0.02548	0.01672	0.02074	0.04887	0.01506	0.04952	0.01513	0.01656	0.04392	0.00695	0.00617	0.00202	0.00891	0.00532	0.00339	0.00963
11	0.01447	0.01226	0.01421	0.01020	0.01614	0.00952	0.00818	0.04978	0.01476	0.02285	0.01213	0.01402	0.01001	0.00512	0.00505	0.00104	0.00509	0.00407	0.00411	0.76699
12	0.00818	0.00647	0.00737	0.00785	0.00940	0.00566	0.00562	0.00984	0.01482	0.01869	0.12456	0.30543	0.41628	0.01806	0.00815	0.00241	0.00355	0.01566	0.00635	0.00566
13	0.01533	0.01489	0.02593	0.25029	0.44892	0.01583	0.07357	0.01953	0.01464	0.02032	0.01240	0.01706	0.01005	0.00631	0.00714	0.00211	0.02687	0.00613	0.00322	0.00948
14	0.01800	0.01616	0.04813	0.01521	0.05199	0.04032	0.01184	0.17496	0.40707	0.03003	0.09240	0.02431	0.02143	0.00900	0.00686	0.00216	0.00610	0.00741	0.00640	0.01024
15	0.00936	0.00674	0.00838	0.00877	0.00909	0.00694	0.00571	0.01009	0.01116	0.01500	0.02768	0.29124	0.05783	0.38384	0.07741	0.00517	0.04305	0.01279	0.00481	0.00492
16	0.01651	0.01855	0.09856	0.03387	0.41207	0.01646	0.22627	0.05438	0.01614	0.02273	0.01303	0.01680	0.01033	0.00602	0.00701	0.00209	0.00914	0.00647	0.00346	0.01012
17	0.01166	0.00583	0.00874	0.00874	0.00874	0.00583	0.00583	0.00874	0.00874	0.01166	0.01166	0.02040	0.01166	0.02331	0.02622	0.80478	0.00583	0.00583	0.00291	0.00291
18	0.81159	0.01298	0.00986	0.00882	0.01298	0.01505	0.00727	0.01972	0.01142	0.03010	0.00934	0.01090	0.00727	0.00623	0.00415	0.00208	0.00519	0.00363	0.00415	0.00727
19	0.01192	0.00870	0.01011	0.00923	0.01125	0.04286	0.00701	0.03325	0.01924	0.06946	0.60362	0.04607	0.07526	0.01299	0.00772	0.00209	0.00388	0.01131	0.00720	0.00683
20	0.01797	0.70168	0.03346	0.01164	0.01718	0.02555	0.01142	0.05250	0.01438	0.01705	0.01000	0.01165	0.00907	0.00764	0.03377	0.00184	0.00762	0.00385	0.00308	0.00864
21	0.02181	0.01676	0.01794	0.01457	0.01920	0.01876	0.01175	0.44861	0.25608	0.03645	0.02076	0.05218	0.01589	0.00898	0.00683	0.00213	0.00654	0.00713	0.00673	0.01088
22	0.00902	0.00608	0.00811	0.00940	0.01001	0.00564	0.00636	0.01032	0.01331	0.04333	0.06234	0.70620	0.04408	0.02028	0.00847	0.00268	0.00393	0.01836	0.00635	0.00570
23	0.01385	0.01372	0.01861	0.01613	0.01696	0.05235	0.04324	0.01572	0.01128	0.01636	0.01369	0.01943	0.04199	0.01977	0.17407	0.00451	0.49145	0.00654	0.00327	0.00707
24	0.01731	0.45177	0.02778	0.01300	0.01711	0.02279	0.01179	0.07158	0.07663	0.01880	0.01170	0.01400	0.01028	0.00931	0.03031	0.03243	0.14661	0.00475	0.00355	0.00847
25	0.00924	0.00717	0.00845	0.00807	0.01000	0.00654	0.00607	0.01257	0.04818	0.02374	0.44935	0.05432	0.30231	0.01472	0.00787	0.00217	0.00335	0.01268	0.00694	0.00628
26	0.02169	0.01530	0.02262	0.02591	0.31790	0.01533	0.05088	0.18833	0.02035	0.19659	0.04512	0.01940	0.01434	0.00734	0.00680	0.00204	0.00727	0.00653	0.00551	0.01075
27	0.00969	0.00676	0.00861	0.00861	0.00906	0.00721	0.00568	0.01059	0.01014	0.01397	0.01996	0.03736	0.02155	0.49776	0.29670	0.00810	0.01079	0.00880	0.00389	0.00478
28	0.02508	0.03144	0.01906	0.01721	0.02075	0.70779	0.01296	0.05447	0.01953	0.01749	0.01061	0.01227	0.00876	0.00696	0.00608	0.00174	0.01191	0.00439	0.00359	0.00793
29	0.01359	0.01240	0.01833	0.01354	0.01894	0.01015	0.14806	0.01685	0.01409	0.02107	0.01516	0.09534	0.01401	0.02465	0.00664	0.00157	0.00618	0.00653	0.00410	0.53879
30	0.00919	0.00685	0.00854	0.00812	0.00984	0.00620	0.00609	0.01207	0.01827	0.02518	0.59100	0.05296	0.19218	0.01436	0.00792	0.00214	0.00321	0.01253	0.00716	0.00620
31	0.01417	0.02973	0.52278	0.02187	0.03085	0.01600	0.22644	0.02132	0.01467	0.02132	0.01250	0.01534	0.00900	0.00616	0.00684	0.00217	0.01033	0.00584	0.00300	0.00966
32	0.01843	0.01618	0.01660	0.04232	0.03404	0.07539	0.01152	0.15514	0.43039	0.02842	0.02198	0.02154	0.01664	0.01028	0.03963	0.00251	0.00700	0.00679	0.00606	0.03912
33	0.02247	0.05818	0.01973	0.01640	0.01973	0.42307	0.01287	0.14132	0.05019	0.02132	0.01207	0.01412	0.00992	0.00917	0.03045	0.00224	0.11919	0.00504	0.00407	0.00845
34	0.00839	0.00616	0.00788	0.00884	0.00970	0.00564	0.00610	0.01001	0.01432	0.01910	0.16939	0.53573	0.13579	0.01912	0.00836	0.00255	0.00369	0.01713	0.00645	0.00564
35	0.00828	0.00592	0.00791	0.00946	0.00990	0.00554	0.00641	0.00953	0.01295	0.01725	0.03692	0.73230	0.04415	0.02092	0.00859	0.00274	0.00398	0.04554	0.00623	0.00548

[dist]
# distance from previous block
# <min> <max>
0	4

[block]
# block no. 5 follows, 32 sequences, length 53
# corresponding to MSA columns:
# 265-317
name=unknown_F
#
# <colnr> <probs for GDERKNQSTAVLIFYWHMCP>
#	G	D	E	R	K	N	Q	S	T	A	V	L	I	F	Y	W	H	M	C	P
0	0.09706	0.01204	0.01507	0.01179	0.01663	0.01129	0.00969	0.10584	0.01990	0.53288	0.07783	0.02315	0.01884	0.00852	0.00661	0.00207	0.00566	0.00681	0.00768	0.01065
1	0.02364	0.01186	0.01433	0.01166	0.01599	0.01162	0.00941	0.09316	0.15978	0.39798	0.02735	0.02516	0.05488	0.00885	0.00658	0.00206	0.00535	0.00719	0.10281	0.01033
2	0.01251	0.00625	0.00625	0.00625	0.00782	0.00625	0.00469	0.01563	0.01407	0.02502	0.02189	0.02502	0.01720	0.00782	0.00469	0.00156	0.00313	0.00625	0.80144	0.00625
3	0.06777	0.01154	0.01410	0.01143	0.01581	0.01116	0.00926	0.05304	0.13455	0.44768	0.04463	0.02335	0.01797	0.00842	0.00642	0.00205	0.00530	0.00679	0.09842	0.01032
4	0.06451	0.01922	0.01957	0.01521	0.02042	0.05916	0.01249	0.62989	0.02987	0.04029	0.01546	0.01563	0.01106	0.00790	0.00655	0.00200	0.00753	0.00583	0.00641	0.01101
5	0.07384	0.64275	0.06176	0.01184	0.01762	0.02496	0.01182	0.05789	0.01450	0.01849	0.00982	0.01121	0.00867	0.00593	0.00452	0.00154	0.00716	0.00378	0.00317	0.00873
6	0.01422	0.01370	0.02005	0.65807	0.04308	0.06589	0.01793	0.05392	0.01477	0.01842	0.01204	0.01739	0.00905	0.00679	0.00666	0.00219	0.00908	0.00585	0.00321	0.00769
7	0.10986	0.01767	0.01952	0.04735	0.07023	0.01959	0.01295	0.54958	0.02745	0.03848	0.01495	0.01565	0.01080	0.00765	0.00643	0.00203	0.00725	0.00577	0.00604	0.01074
8	0.00876	0.00722	0.00777	0.00765	0.00984	0.00641	0.00582	0.01164	0.05048	0.02031	0.18401	0.06039	0.53818	0.01606	0.00792	0.00227	0.00356	0.03916	0.00647	0.00605
9	0.00853	0.00721	0.00743	0.00730	0.00959	0.00631	0.00550	0.01128	0.05307	0.01938	0.11904	0.06126	0.62820	0.01630	0.00787	0.00225	0.00348	0.01364	0.00636	0.00599
10	0.00848	0.00604	0.00762	0.00875	0.00919	0.00568	0.00571	0.00945	0.01239	0.01636	0.03593	0.56515	0.08767	0.17219	0.01373	0.00346	0.00439	0.01683	0.00579	0.00518
11	0.00959	0.00719	0.01078	0.01078	0.01198	0.00839	0.00839	0.01198	0.01078	0.01558	0.01797	0.02636	0.01677	0.05032	0.73760	0.01078	0.01797	0.00719	0.00359	0.00599
12	0.01794	0.76823	0.03516	0.01148	0.01722	0.02655	0.01148	0.02009	0.01363	0.01579	0.00933	0.01076	0.00861	0.00574	0.00431	0.00144	0.00718	0.00359	0.00287	0.00861
13	0.01629	0.01323	0.01904	0.05599	0.02093	0.01377	0.15309	0.07723	0.24297	0.08410	0.05429	0.02978	0.10463	0.02581	0.00777	0.00231	0.00660	0.02462	0.03850	0.00904
14	0.01267	0.01193	0.02013	0.74806	0.04621	0.01491	0.01863	0.01714	0.01342	0.01714	0.01193	0.01789	0.00894	0.00671	0.00671	0.00224	0.00894	0.00596	0.00298	0.00745
15	0.01542	0.17872	0.47210	0.01846	0.07403	0.01719	0.02043	0.02133	0.01447	0.06012	0.01326	0.01653	0.01030	0.00680	0.00611	0.00201	0.00884	0.03091	0.00331	0.00964
16	0.06328	0.01414	0.01560	0.01421	0.05178	0.03238	0.01072	0.16692	0.28039	0.11363	0.09805	0.02687	0.04225	0.00945	0.00684	0.00217	0.00582	0.02902	0.00660	0.00988
17	0.56299	0.01412	0.01510	0.01588	0.13403	0.03493	0.05546	0.02024	0.01280	0.04483	0.01135	0.03211	0.00926	0.00660	0.00505	0.00208	0.00623	0.00481	0.00410	0.00802
18	0.01391	0.01193	0.01391	0.00994	0.01590	0.00894	0.00795	0.01690	0.01391	0.02186	0.01193	0.01391	0.00994	0.00497	0.00497	0.00099	0.00497	0.00398	0.00398	0.80521
19	0.00871	0.00631	0.00826	0.00914	0.01006	0.00587	0.00650	0.01059	0.01488	0.02008	0.22603	0.47137	0.09354	0.01858	0.00839	0.00255	0.00382	0.06301	0.00654	0.00576
20	0.01289	0.01214	0.02001	0.68841	0.04388	0.01526	0.01820	0.01762	0.03321	0.01740	0.01220	0.01792	0.00927	0.00704	0.00752	0.00227	0.04812	0.00600	0.00309	0.00754
21	0.01690	0.01580	0.02614	0.09892	0.61618	0.01620	0.01988	0.06795	0.01626	0.02295	0.01281	0.01668	0.01054	0.00619	0.00665	0.00201	0.00801	0.00598	0.00353	0.01042
22	0.00913	0.00691	0.00846	0.00826	0.01005	0.00624	0.00632	0.01184	0.01758	0.02368	0.46499	0.05661	0.26102	0.01511	0.00803	0.00224	0.00348	0.06701	0.00694	0.00612
23	0.01085	0.00887	0.01238	0.01192	0.05258	0.00855	0.05579	0.01543	0.08510	0.02449	0.43997	0.04516	0.13850	0.04990	0.00904	0.00237	0.00442	0.01120	0.00650	0.00698
24	0.01019	0.00728	0.01010	0.01164	0.01291	0.00718	0.00973	0.01282	0.01483	0.01938	0.03587	0.23768	0.03998	0.01912	0.00910	0.00300	0.00564	0.52135	0.00619	0.00601
25	0.01763	0.01781	0.08008	0.15283	0.21855	0.08396	0.01628	0.05897	0.19957	0.06115	0.01703	0.01874	0.01292	0.00728	0.00663	0.00210	0.00784	0.00620	0.00459	0.00981
26	0.00909	0.00648	0.00878	0.01029	0.01105	0.00623	0.00769	0.01087	0.01362	0.01799	0.03606	0.51289	0.04191	0.04084	0.00951	0.00295	0.00472	0.23721	0.00615	0.00565
27	0.01377	0.01315	0.02259	0.54506	0.21619	0.01524	0.04262	0.01816	0.01397	0.01850	0.01216	0.01757	0.00941	0.00649	0.00673	0.00218	0.00878	0.00603	0.00308	0.00831
28	0.02016	0.01525	0.01656	0.01315	0.01799	0.01603	0.01062	0.34100	0.18030	0.05728	0.02132	0.02094	0.05364	0.00822	0.00643	0.00189	0.00606	0.00649	0.02732	0.15934
29	0.02506	0.03198	0.01901	0.01729	0.02074	0.73725	0.01296	0.02679	0.01901	0.01642	0.01037	0.01210	0.00864	0.00691	0.00605	0.00173	0.01210	0.00432	0.00346	0.00778
30	0.01783	0.01539	0.02628	0.05012	0.39480	0.01530	0.14786	0.08069	0.01691	0.08258	0.01530	0.01983	0.01231	0.02791	0.00768	0.00220	0.00818	0.02274	0.02612	0.00996
31	0.00833	0.00612	0.00781	0.00885	0.00968	0.00561	0.00608	0.00985	0.01407	0.01866	0.13804	0.55883	0.14463	0.01940	0.00838	0.00257	0.00372	0.01738	0.00639	0.00561
32	0.02530	0.01284	0.01530	0.01200	0.01657	0.01273	0.00983	0.24586	0.02224	0.37288	0.02225	0.02107	0.01503	0.00813	0.00635	0.00196	0.00577	0.00643	0.15702	0.01044
33	0.01166	0.00583	0.00874	0.00874	0.00874	0.00583	0.00583	0.00874	0.00874	0.01166	0.01166	0.02040	0.01166	0.02331	0.02622	0.80478	0.00583	0.00583	0.00291	0.00291
