[name]
unknown

[dist]
# distance from previous block
# <min> <max>
0	19

[block]
# block no. 0 follows, 25 sequences, length 15
# corresponding to MSA columns:
# 19-33
name=unknown_A
#
# <colnr> <probs for GDERKNQSTAVLIFYWHMCP>
#	G	D	E	R	K	N	Q	S	T	A	V	L	I	F	Y	W	H	M	C	P
0	0.06556	0.01911	0.15412	0.05497	0.02365	0.04376	0.05264	0.01959	0.01570	0.02262	0.02256	0.07933	0.02249	0.01632	0.05166	0.00355	0.14202	0.17691	0.00482	0.00863
1	0.01792	0.11289	0.29256	0.10007	0.15152	0.06053	0.10991	0.02418	0.01704	0.02314	0.01378	0.01735	0.01062	0.00716	0.00740	0.00234	0.01093	0.00630	0.00353	0.01084
2	0.00974	0.00770	0.00878	0.00888	0.01092	0.00673	0.00652	0.01211	0.01848	0.02375	0.24878	0.17308	0.39848	0.01926	0.00928	0.00265	0.00394	0.01658	0.00759	0.00673
3	0.01172	0.01280	0.08669	0.01327	0.01541	0.01122	0.01127	0.01433	0.01569	0.02146	0.10376	0.30922	0.16379	0.01852	0.01250	0.00295	0.14654	0.01527	0.00614	0.00745
4	0.01054	0.00758	0.00915	0.00947	0.01026	0.00751	0.00624	0.01162	0.01326	0.01746	0.03673	0.17062	0.14677	0.35784	0.14477	0.00674	0.00868	0.01357	0.00549	0.00571
5	0.01932	0.01638	0.02368	0.28797	0.11244	0.01846	0.05929	0.16721	0.09625	0.02966	0.01815	0.02171	0.01367	0.00836	0.00765	0.00243	0.00891	0.00731	0.07062	0.01052
6	0.01555	0.04011	0.68733	0.02210	0.03356	0.01801	0.02865	0.02455	0.01637	0.02455	0.01391	0.01637	0.00982	0.00737	0.00737	0.00246	0.01146	0.00573	0.00327	0.01146
7	0.02224	0.01945	0.03161	0.06849	0.11254	0.02020	0.24488	0.19980	0.07836	0.06908	0.01824	0.02090	0.01352	0.00819	0.00891	0.00251	0.03599	0.00794	0.00558	0.01156
8	0.01371	0.15061	0.01916	0.01312	0.01591	0.01391	0.04831	0.01667	0.01405	0.01986	0.02032	0.06621	0.01898	0.03715	0.39794	0.00795	0.01488	0.00821	0.09534	0.00773
9	0.64747	0.07645	0.01445	0.01080	0.01574	0.01858	0.00908	0.05943	0.01487	0.03400	0.01174	0.01348	0.00919	0.00733	0.00501	0.00231	0.00626	0.00446	0.03056	0.00877
10	0.06640	0.07383	0.02050	0.03042	0.02108	0.09862	0.01261	0.21980	0.16006	0.05972	0.02010	0.02212	0.01579	0.05218	0.04596	0.00308	0.00889	0.00696	0.00627	0.05561
11	0.01694	0.06286	0.16488	0.04890	0.08173	0.07897	0.04013	0.06253	0.04060	0.02366	0.02431	0.17643	0.05781	0.01255	0.00960	0.00261	0.07067	0.01034	0.00498	0.00952
12	0.48324	0.01514	0.01687	0.14428	0.11685	0.01711	0.01320	0.02337	0.01485	0.07352	0.01319	0.01593	0.01002	0.00742	0.00595	0.00242	0.00729	0.00532	0.00473	0.00931
13	0.04610	0.13861	0.19305	0.05241	0.12642	0.13580	0.06913	0.06066	0.01851	0.02403	0.01518	0.05760	0.01299	0.00834	0.00721	0.00228	0.01037	0.00683	0.00409	0.01042
14	0.01640	0.02532	0.28626	0.09393	0.17956	0.01685	0.05879	0.02372	0.06401	0.02409	0.01635	0.02155	0.01324	0.06897	0.01026	0.00281	0.00985	0.00694	0.00400	0.05711

[dist]
# distance from previous block
# <min> <max>
0	1

[block]
# block no. 1 follows, 25 sequences, length 17
# corresponding to MSA columns:
# 35-51
name=unknown_B
#
# <colnr> <probs for GDERKNQSTAVLIFYWHMCP>
#	G	D	E	R	K	N	Q	S	T	A	V	L	I	F	Y	W	H	M	C	P
0	0.01373	0.01088	0.01394	0.01449	0.05973	0.01149	0.01008	0.08013	0.05704	0.02554	0.15099	0.19888	0.11552	0.05475	0.09910	0.00419	0.05149	0.01334	0.00657	0.00812
1	0.01113	0.00809	0.01136	0.01136	0.01236	0.00909	0.00832	0.01314	0.01213	0.01718	0.02178	0.03605	0.02181	0.24268	0.51557	0.01110	0.01712	0.00913	0.00430	0.00631
2	0.01552	0.01039	0.01302	0.01170	0.01439	0.01054	0.00910	0.02117	0.10649	0.11839	0.35486	0.04768	0.12309	0.01678	0.04564	0.00306	0.04954	0.01199	0.00789	0.00875
3	0.01853	0.01726	0.02657	0.13890	0.41153	0.01847	0.02042	0.02777	0.18760	0.02637	0.01893	0.02197	0.01498	0.00799	0.00774	0.00243	0.00857	0.00739	0.00484	0.01173
4	0.02146	0.01718	0.02218	0.06361	0.07822	0.01676	0.05726	0.21330	0.05870	0.06241	0.01719	0.01891	0.01303	0.00754	0.00709	0.00193	0.00773	0.00634	0.00577	0.30339
5	0.13454	0.11591	0.07431	0.01660	0.08583	0.01637	0.01304	0.02535	0.09122	0.11385	0.06020	0.04846	0.04281	0.00918	0.00682	0.00217	0.00687	0.00733	0.00573	0.12339
6	0.16141	0.36569	0.10144	0.07250	0.02481	0.05703	0.05869	0.02337	0.01570	0.02262	0.01174	0.01433	0.00981	0.00714	0.00633	0.00208	0.02697	0.00500	0.00367	0.00966
7	0.08132	0.02283	0.10085	0.10502	0.06813	0.12053	0.21743	0.05276	0.01779	0.02417	0.01392	0.01841	0.01096	0.00894	0.01032	0.05294	0.05312	0.00696	0.00398	0.00961
8	0.13391	0.09692	0.04466	0.01705	0.07427	0.08531	0.04160	0.09343	0.01863	0.02693	0.05681	0.09232	0.01997	0.06791	0.00961	0.00262	0.00795	0.00811	0.00515	0.09684
9	0.09553	0.01480	0.01519	0.04510	0.01860	0.04830	0.01063	0.14992	0.11225	0.04812	0.06979	0.03740	0.19730	0.01516	0.05074	0.00304	0.00737	0.00976	0.00666	0.04433
10	0.01168	0.00870	0.01085	0.01170	0.05508	0.00778	0.00794	0.01436	0.01900	0.05624	0.26661	0.13542	0.33081	0.01758	0.00908	0.00259	0.00437	0.01519	0.00754	0.00747
11	0.01760	0.01609	0.02020	0.11071	0.06503	0.07097	0.05527	0.08744	0.12283	0.02883	0.22546	0.03260	0.03273	0.01127	0.00969	0.00252	0.06542	0.00943	0.00629	0.00962
12	0.01738	0.02101	0.10611	0.22763	0.09464	0.14004	0.04089	0.02300	0.06002	0.02272	0.07219	0.10004	0.02100	0.01030	0.00797	0.00249	0.00967	0.00886	0.00470	0.00934
13	0.01593	0.05777	0.01604	0.06197	0.07092	0.01179	0.01054	0.05923	0.01933	0.09374	0.23120	0.12914	0.07828	0.09563	0.01199	0.00306	0.00606	0.01206	0.00683	0.00850
14	0.06768	0.05341	0.10746	0.08068	0.15740	0.07983	0.01720	0.02349	0.07089	0.02444	0.04707	0.05475	0.01767	0.00962	0.00885	0.00240	0.06640	0.02955	0.00464	0.07655
15	0.08026	0.09705	0.01760	0.01247	0.01709	0.04607	0.01008	0.12227	0.06227	0.02846	0.07752	0.09108	0.13371	0.01169	0.00730	0.00216	0.00634	0.00941	0.00613	0.16103
16	0.05749	0.09320	0.07568	0.06666	0.08494	0.08862	0.03823	0.18535	0.06461	0.03029	0.05524	0.04902	0.05820	0.00983	0.00751	0.00234	0.00868	0.00794	0.00563	0.01054

[dist]
# distance from previous block
# <min> <max>
1	26

[block]
# block no. 2 follows, 25 sequences, length 115
# corresponding to MSA columns:
# 78-167,183-207
name=unknown_C
#
# <colnr> <probs for GDERKNQSTAVLIFYWHMCP>
#	G	D	E	R	K	N	Q	S	T	A	V	L	I	F	Y	W	H	M	C	P
0	0.10459	0.04022	0.04221	0.12084	0.13561	0.01528	0.01431	0.08367	0.01743	0.05315	0.01864	0.08242	0.01703	0.08079	0.05781	0.00349	0.00874	0.00807	0.00496	0.09073
1	0.10856	0.01716	0.10902	0.05652	0.04330	0.01490	0.06467	0.13028	0.01795	0.02646	0.01995	0.07771	0.01935	0.24092	0.01783	0.00412	0.00852	0.00909	0.00507	0.00864
2	0.04225	0.05546	0.01849	0.15050	0.05084	0.01587	0.01271	0.17151	0.04145	0.02709	0.04304	0.07596	0.02156	0.16802	0.01567	0.03618	0.00796	0.03117	0.00551	0.00874
3	0.01056	0.00795	0.00944	0.01001	0.01130	0.00758	0.00689	0.01356	0.06098	0.02164	0.12955	0.34347	0.18123	0.13236	0.01418	0.00360	0.00486	0.01716	0.00703	0.00665
4	0.01596	0.01108	0.01588	0.04328	0.14656	0.01107	0.01150	0.05074	0.01654	0.08882	0.05128	0.19029	0.04872	0.14046	0.06327	0.06084	0.00783	0.01186	0.00580	0.00823
5	0.09657	0.02051	0.02246	0.25886	0.03382	0.13436	0.04335	0.19832	0.06529	0.03019	0.01578	0.01874	0.01182	0.00830	0.00740	0.00240	0.00987	0.00655	0.00517	0.01024
6	0.01064	0.00752	0.00898	0.00914	0.00998	0.00714	0.00595	0.01205	0.01538	0.02070	0.20243	0.17367	0.11590	0.34029	0.02302	0.00489	0.00559	0.01445	0.00641	0.00586
7	0.01050	0.00736	0.00868	0.00916	0.00969	0.00705	0.00573	0.01135	0.01372	0.01815	0.08036	0.24811	0.10679	0.39976	0.02560	0.00538	0.00600	0.01512	0.00595	0.00554
8	0.01857	0.01750	0.03291	0.18575	0.24588	0.01769	0.24485	0.02385	0.01761	0.06255	0.01619	0.02097	0.01239	0.00721	0.00813	0.00246	0.01044	0.00777	0.03664	0.01066
9	0.01811	0.02892	0.29491	0.02924	0.18773	0.08739	0.13397	0.02442	0.01770	0.02433	0.04488	0.01956	0.01374	0.00778	0.00841	0.00243	0.03474	0.00696	0.00385	0.01094
10	0.01075	0.00848	0.00978	0.00957	0.01179	0.00786	0.00712	0.01495	0.07124	0.02590	0.31488	0.13145	0.31213	0.01784	0.00913	0.00260	0.00405	0.01539	0.00780	0.00730
11	0.01084	0.00737	0.00875	0.00917	0.00934	0.00732	0.00549	0.01127	0.01217	0.01628	0.02859	0.20804	0.03326	0.53409	0.05985	0.00669	0.00736	0.01369	0.00526	0.00517
12	0.00945	0.00675	0.00900	0.01080	0.01125	0.00630	0.00720	0.01080	0.01484	0.01979	0.04274	0.72245	0.05128	0.02429	0.00990	0.00315	0.00450	0.02204	0.00720	0.00630
13	0.01608	0.01378	0.01608	0.01148	0.01837	0.01034	0.00919	0.01952	0.01608	0.02527	0.01378	0.01608	0.01148	0.00574	0.00574	0.00115	0.00574	0.00459	0.00459	0.77491
14	0.01861	0.01792	0.03417	0.08030	0.14457	0.01837	0.31891	0.02357	0.01728	0.06999	0.03809	0.02211	0.01445	0.01034	0.03991	0.00306	0.10537	0.00832	0.00437	0.01031
15	0.78228	0.01499	0.01140	0.01020	0.01499	0.01739	0.00840	0.02279	0.01320	0.03479	0.01080	0.01260	0.00840	0.00720	0.00480	0.00240	0.00600	0.00420	0.00480	0.00840
16	0.01121	0.00813	0.01182	0.01182	0.01295	0.00927	0.00889	0.01334	0.01220	0.01740	0.02095	0.03292	0.02032	0.14763	0.57904	0.04444	0.01837	0.00864	0.00419	0.00647
17	0.01608	0.01378	0.01608	0.01148	0.01837	0.01034	0.00919	0.01952	0.01608	0.02527	0.01378	0.01608	0.01148	0.00574	0.00574	0.00115	0.00574	0.00459	0.00459	0.77491
18	0.02033	0.56344	0.12314	0.01519	0.02195	0.06751	0.01557	0.02360	0.01599	0.01913	0.01123	0.01328	0.00995	0.00717	0.00649	0.00187	0.04625	0.00454	0.00335	0.01001
19	0.02873	0.02135	0.02285	0.01769	0.02376	0.02370	0.01456	0.60833	0.08263	0.04766	0.01957	0.01937	0.01396	0.00940	0.00777	0.00235	0.00836	0.00711	0.00777	0.01312
20	0.01097	0.00793	0.01036	0.00975	0.01158	0.00732	0.00732	0.01463	0.02195	0.03109	0.67505	0.05792	0.07316	0.01585	0.00914	0.00244	0.00366	0.01402	0.00854	0.00732
21	0.02629	0.02042	0.02337	0.04387	0.02435	0.02373	0.01546	0.49619	0.03050	0.04143	0.01666	0.01834	0.01245	0.01015	0.01148	0.00256	0.15710	0.00694	0.00668	0.01203
22	0.04745	0.22230	0.15581	0.02254	0.13907	0.02127	0.06433	0.08784	0.01867	0.05021	0.01425	0.01652	0.01125	0.00712	0.00667	0.00206	0.00901	0.00577	0.00432	0.09355
23	0.02073	0.73217	0.04063	0.01327	0.01990	0.03068	0.01327	0.02322	0.01575	0.01824	0.01078	0.01244	0.00995	0.00663	0.00498	0.00166	0.00829	0.00415	0.00332	0.00995
24	0.01108	0.00831	0.01246	0.01246	0.01385	0.00969	0.00969	0.01385	0.01246	0.01800	0.02077	0.03046	0.01938	0.05815	0.69678	0.01246	0.02077	0.00831	0.00415	0.00692
25	0.01615	0.01025	0.01288	0.01289	0.04151	0.01008	0.00900	0.02122	0.11344	0.13663	0.12377	0.19279	0.10170	0.11635	0.04220	0.00376	0.00623	0.01326	0.00728	0.00858
26	0.02374	0.07652	0.09602	0.01658	0.04902	0.04478	0.01412	0.14244	0.02157	0.19396	0.05401	0.02320	0.01757	0.05075	0.00987	0.00249	0.03768	0.00703	0.00629	0.11237
27	0.01108	0.00831	0.01246	0.01246	0.01385	0.00969	0.00969	0.01385	0.01246	0.01800	0.02077	0.03046	0.01938	0.05815	0.69678	0.01246	0.02077	0.00831	0.00415	0.00692
28	0.01830	0.02092	0.04575	0.03268	0.04052	0.01961	0.65098	0.02484	0.01830	0.02484	0.01569	0.02092	0.01176	0.00654	0.00915	0.00261	0.01307	0.00915	0.00392	0.01046
29	0.01177	0.01023	0.01387	0.01786	0.16930	0.00941	0.01046	0.01446	0.01776	0.02291	0.12193	0.14271	0.37470	0.01681	0.00890	0.00259	0.00523	0.01460	0.00654	0.00796
30	0.01319	0.00692	0.01038	0.01038	0.01054	0.00708	0.00708	0.01054	0.01038	0.01400	0.01432	0.02437	0.01416	0.03057	0.10787	0.68574	0.00837	0.00692	0.00346	0.00378
31	0.02073	0.73217	0.04063	0.01327	0.01990	0.03068	0.01327	0.02322	0.01575	0.01824	0.01078	0.01244	0.00995	0.00663	0.00498	0.00166	0.00829	0.00415	0.00332	0.00995
32	0.01929	0.01666	0.01753	0.01578	0.02016	0.01929	0.01227	0.04120	0.66513	0.03243	0.03156	0.02893	0.02367	0.01052	0.00789	0.00263	0.00614	0.00877	0.00789	0.01227
33	0.01373	0.00838	0.01059	0.01006	0.01233	0.00754	0.00752	0.01659	0.01972	0.11488	0.34542	0.17731	0.16078	0.01691	0.00895	0.00257	0.00425	0.01477	0.03991	0.00778
34	0.01830	0.02092	0.04575	0.03268	0.04052	0.01961	0.65098	0.02484	0.01830	0.02484	0.01569	0.02092	0.01176	0.00654	0.00915	0.00261	0.01307	0.00915	0.00392	0.01046
35	0.03479	0.01320	0.01799	0.01380	0.01979	0.01140	0.01140	0.03779	0.02219	0.68451	0.03059	0.02639	0.01919	0.00960	0.00780	0.00240	0.00660	0.00780	0.00960	0.01320
36	0.01104	0.00742	0.00853	0.00875	0.00881	0.00736	0.00502	0.01121	0.01173	0.01564	0.02676	0.13612	0.03112	0.63813	0.03571	0.00696	0.00713	0.01264	0.00502	0.00490
37	0.02223	0.01025	0.01194	0.01016	0.01367	0.00983	0.00807	0.07119	0.01969	0.24547	0.02654	0.02733	0.01916	0.00924	0.00637	0.00204	0.00495	0.00740	0.46486	0.00962
38	0.02947	0.02172	0.02327	0.01784	0.02404	0.02404	0.01474	0.65329	0.03646	0.04887	0.01862	0.01862	0.01319	0.00931	0.00776	0.00233	0.00853	0.00698	0.00776	0.01319
39	0.01976	0.01689	0.01780	0.01588	0.02034	0.01951	0.01239	0.06973	0.63583	0.03320	0.03095	0.02845	0.02318	0.01046	0.00788	0.00262	0.00625	0.00868	0.00788	0.01232
40	0.00920	0.00772	0.00799	0.00821	0.01057	0.00652	0.00605	0.01109	0.01733	0.02081	0.07425	0.15240	0.60099	0.02020	0.00925	0.00268	0.00400	0.01705	0.00720	0.00652
41	0.07576	0.01676	0.01575	0.01440	0.01817	0.09476	0.01142	0.09492	0.27863	0.03090	0.02663	0.03283	0.02205	0.01108	0.00750	0.00249	0.00699	0.09113	0.13768	0.01014
42	0.66193	0.01636	0.01326	0.01168	0.01616	0.04681	0.00958	0.04991	0.01447	0.03354	0.01114	0.01323	0.00880	0.00779	0.00653	0.00245	0.05840	0.00454	0.00479	0.00863
43	0.01856	0.01489	0.01578	0.01423	0.01830	0.01674	0.01106	0.03626	0.52254	0.05856	0.03560	0.03328	0.08687	0.01125	0.00781	0.00255	0.00574	0.00934	0.06928	0.01135
44	0.00967	0.00684	0.00893	0.01051	0.01090	0.00645	0.00689	0.01086	0.01441	0.01921	0.04048	0.63975	0.04844	0.11087	0.01354	0.00369	0.00487	0.02072	0.00689	0.00610
45	0.02136	0.01493	0.01625	0.01419	0.01849	0.01647	0.01116	0.08172	0.41858	0.12357	0.02940	0.02781	0.02163	0.01005	0.00744	0.00243	0.00594	0.00824	0.13871	0.01160
46	0.01929	0.01666	0.01753	0.01578	0.02016	0.01929	0.01227	0.04120	0.66513	0.03243	0.03156	0.02893	0.02367	0.01052	0.00789	0.00263	0.00614	0.00877	0.00789	0.01227
47	0.01705	0.01756	0.02872	0.08858	0.02810	0.02218	0.16213	0.02018	0.01369	0.02018	0.01178	0.01822	0.01056	0.01141	0.02004	0.00314	0.48668	0.00734	0.00352	0.00895
48	0.03192	0.01756	0.05878	0.01561	0.02199	0.01593	0.01350	0.23896	0.02653	0.43745	0.02569	0.02325	0.01668	0.00937	0.00776	0.00238	0.00752	0.00741	0.00862	0.01309
49	0.00977	0.00788	0.00869	0.00849	0.01084	0.00680	0.00637	0.01230	0.01910	0.02433	0.27767	0.06904	0.47475	0.01837	0.00916	0.00256	0.00384	0.01558	0.00765	0.00680
50	0.01074	0.00764	0.01033	0.01202	0.01296	0.00739	0.00911	0.01288	0.01581	0.02084	0.04101	0.43597	0.04734	0.06421	0.01194	0.00357	0.00570	0.25698	0.00703	0.00653
51	0.01766	0.01867	0.06612	0.12355	0.40086	0.01765	0.13728	0.02285	0.01775	0.02493	0.06316	0.02239	0.01629	0.00763	0.00805	0.00241	0.00977	0.00778	0.00412	0.01108
52	0.75526	0.01524	0.01182	0.01047	0.01532	0.01763	0.00862	0.04542	0.01403	0.03529	0.01108	0.01281	0.00857	0.00727	0.00490	0.00240	0.00609	0.00430	0.00490	0.00857
53	0.01041	0.00777	0.00967	0.00947	0.01131	0.00703	0.00700	0.01343	0.02020	0.02759	0.47305	0.13985	0.19936	0.01766	0.00924	0.00256	0.00381	0.01547	0.00809	0.00703
54	0.78228	0.01499	0.01140	0.01020	0.01499	0.01739	0.00840	0.02279	0.01320	0.03479	0.01080	0.01260	0.00840	0.00720	0.00480	0.00240	0.00600	0.00420	0.00480	0.00840
55	0.01097	0.00793	0.01036	0.00975	0.01158	0.00732	0.00732	0.01463	0.02195	0.03109	0.67505	0.05792	0.07316	0.01585	0.00914	0.00244	0.00366	0.01402	0.00854	0.00732
56	0.78228	0.01499	0.01140	0.01020	0.01499	0.01739	0.00840	0.02279	0.01320	0.03479	0.01080	0.01260	0.00840	0.00720	0.00480	0.00240	0.00600	0.00420	0.00480	0.00840
57	0.02328	0.28162	0.17144	0.01752	0.02459	0.14944	0.01724	0.17906	0.02210	0.02722	0.01359	0.01508	0.01072	0.00770	0.00654	0.00206	0.01008	0.00534	0.00452	0.01089
58	0.02262	0.12036	0.17125	0.02003	0.07321	0.02036	0.04697	0.17551	0.10890	0.10513	0.01897	0.01959	0.01389	0.00826	0.00729	0.00227	0.00874	0.00665	0.00579	0.04421
59	0.02467	0.02597	0.12251	0.01755	0.02319	0.22659	0.01543	0.10286	0.15005	0.12979	0.06638	0.02284	0.01890	0.00935	0.00759	0.00232	0.00955	0.00715	0.00627	0.01103
60	0.03003	0.01297	0.01676	0.01316	0.01857	0.01161	0.01077	0.08287	0.02270	0.52005	0.05687	0.03349	0.11193	0.01117	0.00803	0.00243	0.00629	0.00912	0.00908	0.01208
61	0.02371	0.02262	0.01978	0.01722	0.02188	0.18463	0.01343	0.16350	0.38082	0.03252	0.02417	0.02320	0.01821	0.00966	0.00764	0.00241	0.00853	0.00749	0.00692	0.01166
62	0.02431	0.01352	0.01692	0.01250	0.01900	0.01080	0.01016	0.02756	0.01877	0.31540	0.02118	0.02062	0.01488	0.00744	0.00665	0.00170	0.00612	0.00600	0.00680	0.43967
63	0.00980	0.00707	0.00938	0.01072	0.01136	0.00687	0.00729	0.01127	0.01437	0.01923	0.03985	0.54839	0.07191	0.08219	0.10667	0.00474	0.00694	0.01909	0.00659	0.00627
64	0.08737	0.01705	0.01982	0.01530	0.02130	0.01737	0.01264	0.30576	0.02777	0.35891	0.02390	0.02198	0.01577	0.00929	0.00756	0.00237	0.00740	0.00718	0.00844	0.01284
65	0.03479	0.01320	0.01799	0.01380	0.01979	0.01140	0.01140	0.03779	0.02219	0.68451	0.03059	0.02639	0.01919	0.00960	0.00780	0.00240	0.00660	0.00780	0.00960	0.01320
66	0.02694	0.01495	0.01776	0.01480	0.01998	0.01539	0.01184	0.03951	0.34757	0.35451	0.03108	0.02767	0.02146	0.01006	0.00784	0.00252	0.00636	0.00829	0.00873	0.01273
67	0.01062	0.00806	0.00902	0.00868	0.01115	0.00696	0.00654	0.01317	0.01923	0.04655	0.27253	0.06752	0.45628	0.01806	0.00911	0.00255	0.00393	0.01531	0.00772	0.00702
68	0.01987	0.01653	0.01755	0.01570	0.02015	0.01899	0.01224	0.04107	0.64106	0.05685	0.03152	0.02883	0.02350	0.01048	0.00789	0.00262	0.00615	0.00873	0.00795	0.01231
69	0.01347	0.00673	0.01010	0.01010	0.01010	0.00673	0.00673	0.01010	0.01010	0.01347	0.01347	0.02357	0.01347	0.02694	0.03030	0.77441	0.00673	0.00673	0.00337	0.00337
70	0.00953	0.00787	0.00837	0.00824	0.01070	0.00670	0.00618	0.01184	0.01854	0.02301	0.20018	0.07121	0.55307	0.01886	0.00916	0.00258	0.00387	0.01589	0.00747	0.00670
71	0.00991	0.00713	0.00910	0.01049	0.01120	0.00670	0.00718	0.01132	0.01489	0.01955	0.04357	0.52101	0.10666	0.11631	0.01379	0.00371	0.00506	0.06939	0.00686	0.00618
72	0.01919	0.01842	0.03147	0.04759	0.67914	0.01842	0.02380	0.02380	0.01765	0.02533	0.01458	0.01919	0.01228	0.00691	0.00768	0.00230	0.00921	0.00691	0.00384	0.01228
73	0.02049	0.55015	0.15633	0.01523	0.02270	0.02786	0.01617	0.07377	0.01752	0.02183	0.01197	0.01364	0.01019	0.00698	0.00563	0.00186	0.00888	0.00466	0.00366	0.01048
74	0.78228	0.01499	0.01140	0.01020	0.01499	0.01739	0.00840	0.02279	0.01320	0.03479	0.01080	0.01260	0.00840	0.00720	0.00480	0.00240	0.00600	0.00420	0.00480	0.00840
75	0.02163	0.01535	0.01709	0.01483	0.01921	0.01679	0.01183	0.14051	0.34518	0.11718	0.07678	0.03308	0.02619	0.01127	0.00800	0.00255	0.00635	0.05206	0.05258	0.01153
76	0.78228	0.01499	0.01140	0.01020	0.01499	0.01739	0.00840	0.02279	0.01320	0.03479	0.01080	0.01260	0.00840	0.00720	0.00480	0.00240	0.00600	0.00420	0.00480	0.00840
77	0.01511	0.01356	0.01760	0.01706	0.01821	0.04711	0.01446	0.01783	0.01557	0.02113	0.02692	0.05485	0.02875	0.01754	0.01664	0.00342	0.29983	0.34120	0.00544	0.00778
78	0.00994	0.00757	0.00896	0.00924	0.01087	0.00679	0.00658	0.01213	0.01781	0.02334	0.24841	0.23466	0.28476	0.06941	0.01148	0.00304	0.00424	0.01675	0.00743	0.00659
79	0.72698	0.01549	0.01227	0.01076	0.01566	0.01788	0.00886	0.06910	0.01490	0.03582	0.01137	0.01304	0.00875	0.00735	0.00502	0.00239	0.00618	0.00440	0.00502	0.00875
80	0.01643	0.01503	0.02434	0.56653	0.13353	0.01793	0.02129	0.07092	0.01746	0.02286	0.01427	0.02031	0.01082	0.00776	0.00774	0.00253	0.01004	0.00690	0.00384	0.00946
81	0.00916	0.00785	0.00785	0.00785	0.01047	0.00655	0.00589	0.01113	0.01767	0.02095	0.07855	0.07462	0.67599	0.01964	0.00916	0.00262	0.00393	0.01636	0.00720	0.00655
82	0.01108	0.00759	0.00964	0.01044	0.01172	0.00700	0.00744	0.01300	0.01658	0.04971	0.13732	0.39940	0.14502	0.07317	0.01183	0.00329	0.00481	0.06693	0.00730	0.00672
83	0.01128	0.00752	0.00846	0.00846	0.00846	0.00752	0.00470	0.01128	0.01128	0.01503	0.02443	0.05074	0.02819	0.72751	0.03946	0.00752	0.00752	0.01128	0.00470	0.00470
84	0.03442	0.01379	0.01836	0.01408	0.02009	0.01228	0.01163	0.08078	0.02319	0.64011	0.02975	0.02585	0.01877	0.00958	0.00779	0.00239	0.00673	0.00774	0.00947	0.01319
85	0.01314	0.00695	0.01043	0.01043	0.01062	0.00714	0.00714	0.01062	0.01043	0.01410	0.01448	0.02453	0.01429	0.03127	0.12284	0.66862	0.00868	0.00695	0.00348	0.00386
86	0.01528	0.00782	0.01104	0.01063	0.01133	0.00784	0.00731	0.01400	0.04926	0.06393	0.01625	0.02524	0.01511	0.05442	0.02773	0.64014	0.00672	0.00712	0.00414	0.00467
87	0.02125	0.02323	0.05898	0.03527	0.33938	0.14011	0.12851	0.07122	0.01952	0.02542	0.01432	0.01827	0.01162	0.00762	0.00884	0.00237	0.05185	0.00690	0.00412	0.01119
88	0.74254	0.01535	0.01202	0.01060	0.01547	0.01774	0.00873	0.05607	0.01442	0.03553	0.01121	0.01291	0.00865	0.00731	0.00495	0.00240	0.00613	0.00435	0.00495	0.00865
89	0.02548	0.02172	0.02112	0.01831	0.04818	0.12442	0.01403	0.29309	0.23343	0.06112	0.02187	0.02143	0.01618	0.00929	0.00761	0.00234	0.00846	0.00720	0.00703	0.03768
90	0.10903	0.07053	0.17769	0.04965	0.02874	0.06631	0.14933	0.12583	0.02003	0.06316	0.01562	0.01835	0.01170	0.01058	0.04759	0.00296	0.01090	0.00662	0.00475	0.01061
91	0.00958	0.00680	0.00896	0.01062	0.01104	0.00639	0.00701	0.01083	0.01458	0.01944	0.04139	0.67311	0.04959	0.07594	0.01207	0.00347	0.00472	0.02125	0.00701	0.00618
92	0.04766	0.70681	0.03960	0.01316	0.01973	0.03021	0.01309	0.02320	0.01566	0.01883	0.01078	0.01244	0.00990	0.00665	0.00497	0.00168	0.00821	0.00415	0.00337	0.00990
93	0.13976	0.01394	0.01509	0.01244	0.01703	0.01418	0.01005	0.19696	0.02358	0.17306	0.10174	0.03757	0.18834	0.01233	0.00781	0.00244	0.00606	0.00982	0.00763	0.01017
94	0.02066	0.41727	0.03695	0.01855	0.02456	0.11917	0.15042	0.02394	0.01684	0.01976	0.01256	0.01567	0.01090	0.01003	0.04719	0.00260	0.03395	0.00567	0.00359	0.00970
95	0.02067	0.01323	0.01387	0.01162	0.01525	0.01419	0.00928	0.28106	0.02462	0.03717	0.02253	0.02465	0.01710	0.00915	0.00639	0.00202	0.00565	0.00712	0.45474	0.00969
96	0.01919	0.01842	0.03147	0.04759	0.67914	0.01842	0.02380	0.02380	0.01765	0.02533	0.01458	0.01919	0.01228	0.00691	0.00768	0.00230	0.00921	0.00691	0.00384	0.01228
97	0.01914	0.01855	0.03223	0.04680	0.64543	0.01849	0.05690	0.02385	0.01769	0.02530	0.01464	0.01928	0.01225	0.00689	0.00775	0.00232	0.00942	0.00703	0.00384	0.01219
98	0.01347	0.00673	0.01010	0.01010	0.01010	0.00673	0.00673	0.01010	0.01010	0.01347	0.01347	0.02357	0.01347	0.02694	0.03030	0.77441	0.00673	0.00673	0.00337	0.00337
99	0.01464	0.01378	0.02326	0.70887	0.05340	0.01723	0.02153	0.01981	0.01550	0.01981	0.01378	0.02067	0.01034	0.00775	0.00775	0.00258	0.01034	0.00689	0.00345	0.00861
100	0.00942	0.00686	0.00888	0.01049	0.01117	0.00632	0.00706	0.01083	0.01514	0.01991	0.04646	0.65511	0.11622	0.02381	0.00982	0.00309	0.00444	0.02145	0.00720	0.00632
101	0.01259	0.00980	0.01400	0.25781	0.02495	0.01107	0.01115	0.01495	0.01364	0.01840	0.05481	0.03822	0.02331	0.36141	0.06336	0.00552	0.00891	0.00950	0.04013	0.00648
102	0.03479	0.01320	0.01799	0.01380	0.01979	0.01140	0.01140	0.03779	0.02219	0.68451	0.03059	0.02639	0.01919	0.00960	0.00780	0.00240	0.00660	0.00780	0.00960	0.01320
103	0.02073	0.73217	0.04063	0.01327	0.01990	0.03068	0.01327	0.02322	0.01575	0.01824	0.01078	0.01244	0.00995	0.00663	0.00498	0.00166	0.00829	0.00415	0.00332	0.00995
104	0.01116	0.00861	0.00955	0.00932	0.01112	0.00825	0.00653	0.01489	0.08171	0.02241	0.17719	0.08527	0.27884	0.22079	0.01774	0.00401	0.00515	0.01389	0.00682	0.00674
105	0.00966	0.00697	0.00919	0.01090	0.01156	0.00650	0.00752	0.01120	0.01521	0.02010	0.04450	0.64161	0.08377	0.02383	0.00992	0.00315	0.00466	0.06617	0.00719	0.00637
106	0.02861	0.06681	0.02277	0.01969	0.02380	0.66779	0.01491	0.03063	0.02171	0.01894	0.01193	0.01392	0.00999	0.00793	0.00690	0.00198	0.01374	0.00496	0.00397	0.00903
107	0.02073	0.73217	0.04063	0.01327	0.01990	0.03068	0.01327	0.02322	0.01575	0.01824	0.01078	0.01244	0.00995	0.00663	0.00498	0.00166	0.00829	0.00415	0.00332	0.00995
108	0.04673	0.00962	0.01172	0.01112	0.01360	0.00912	0.00826	0.05165	0.01808	0.16115	0.08743	0.26122	0.10919	0.09867	0.01228	0.00328	0.00551	0.04025	0.03297	0.00817
109	0.03479	0.01320	0.01799	0.01380	0.01979	0.01140	0.01140	0.03779	0.02219	0.68451	0.03059	0.02639	0.01919	0.00960	0.00780	0.00240	0.00660	0.00780	0.00960	0.01320
110	0.01278	0.00933	0.01331	0.01571	0.04454	0.00933	0.01298	0.01640	0.01784	0.02330	0.03992	0.08453	0.04323	0.02080	0.01058	0.00352	0.00723	0.60032	0.00700	0.00736
111	0.31292	0.01300	0.01298	0.01148	0.01544	0.01387	0.00903	0.06996	0.06819	0.13783	0.05208	0.10532	0.04719	0.04451	0.00834	0.00271	0.00587	0.00880	0.05125	0.00923
112	0.00972	0.00749	0.00841	0.00890	0.01065	0.00661	0.00633	0.01163	0.01687	0.02157	0.11543	0.26317	0.38257	0.05028	0.01051	0.00293	0.00421	0.01725	0.03897	0.00649
113	0.01609	0.11204	0.62011	0.02118	0.03214	0.01932	0.02705	0.02442	0.01631	0.02390	0.01359	0.01596	0.00984	0.00729	0.00712	0.00237	0.01113	0.00556	0.00328	0.01130
114	0.00958	0.00720	0.00893	0.01017	0.01131	0.00654	0.00713	0.01129	0.01599	0.02066	0.07369	0.49464	0.21719	0.02262	0.00972	0.00301	0.00446	0.05219	0.00724	0.00644

[dist]
# distance from previous block
# <min> <max>
1	2

[block]
# block no. 3 follows, 25 sequences, length 74
# corresponding to MSA columns:
# 210-230,238-265,282-293,297-309
name=unknown_D
#
# <colnr> <probs for GDERKNQSTAVLIFYWHMCP>
#	G	D	E	R	K	N	Q	S	T	A	V	L	I	F	Y	W	H	M	C	P
0	0.00996	0.00726	0.00938	0.01017	0.01130	0.00668	0.00713	0.01219	0.01761	0.02390	0.27011	0.43066	0.11312	0.02089	0.00957	0.00285	0.00415	0.01871	0.00767	0.00668
1	0.01608	0.01378	0.01608	0.01148	0.01837	0.01034	0.00919	0.01952	0.01608	0.02527	0.01378	0.01608	0.01148	0.00574	0.00574	0.00115	0.00574	0.00459	0.00459	0.77491
2	0.01403	0.01055	0.01597	0.01833	0.12403	0.01150	0.01197	0.01684	0.01440	0.05999	0.04755	0.08931	0.02299	0.07198	0.38747	0.00825	0.05235	0.00951	0.00485	0.00813
3	0.01073	0.00776	0.01003	0.01019	0.01117	0.00797	0.00711	0.01243	0.01392	0.01898	0.10160	0.13512	0.09605	0.26372	0.25071	0.00758	0.01082	0.01248	0.00550	0.00612
4	0.02016	0.01620	0.01958	0.01639	0.05411	0.01560	0.03305	0.22243	0.05795	0.03335	0.05844	0.02606	0.01907	0.00907	0.00731	0.00198	0.00705	0.05566	0.00616	0.32040
5	0.08538	0.02102	0.04732	0.02102	0.11108	0.15250	0.01517	0.07267	0.09872	0.02618	0.05298	0.02360	0.01743	0.03360	0.01179	0.00269	0.14006	0.02775	0.00507	0.03398
6	0.01264	0.00895	0.01226	0.01204	0.01318	0.00991	0.00893	0.01455	0.01377	0.05680	0.05047	0.18133	0.05013	0.15441	0.28725	0.00750	0.08158	0.01201	0.00538	0.00693
7	0.02760	0.02038	0.02190	0.01696	0.02279	0.02239	0.01395	0.59153	0.03484	0.04663	0.05149	0.02326	0.04971	0.01013	0.00789	0.00235	0.00808	0.00778	0.00776	0.01258
8	0.01816	0.01478	0.01639	0.01511	0.01888	0.01654	0.01204	0.09898	0.40769	0.03196	0.08051	0.06333	0.03106	0.01327	0.00856	0.00278	0.00634	0.12501	0.00776	0.01085
9	0.04063	0.01673	0.09852	0.01860	0.02351	0.01429	0.17266	0.04716	0.01644	0.04982	0.04394	0.04909	0.01859	0.07863	0.18289	0.00534	0.03996	0.00857	0.00471	0.06993
10	0.01185	0.00898	0.00978	0.00944	0.01208	0.00826	0.00705	0.01606	0.08712	0.05677	0.12940	0.11159	0.43768	0.04644	0.01022	0.00282	0.00446	0.01508	0.00744	0.00749
11	0.00945	0.00675	0.00900	0.01080	0.01125	0.00630	0.00720	0.01080	0.01484	0.01979	0.04274	0.72245	0.05128	0.02429	0.00990	0.00315	0.00450	0.02204	0.00720	0.00630
12	0.01445	0.00723	0.00723	0.00723	0.00903	0.00723	0.00542	0.01807	0.01626	0.02891	0.02529	0.02891	0.01987	0.00903	0.00542	0.00181	0.00361	0.00723	0.77055	0.00723
13	0.09494	0.01022	0.01172	0.01103	0.01396	0.01001	0.00835	0.02099	0.09087	0.13968	0.14041	0.21340	0.15020	0.01586	0.00840	0.00264	0.00494	0.01357	0.03020	0.00861
14	0.02485	0.01854	0.02001	0.01650	0.02179	0.02069	0.01325	0.30182	0.34630	0.09103	0.02596	0.02433	0.01885	0.00993	0.00783	0.00248	0.00719	0.00793	0.00797	0.01273
15	0.02075	0.01738	0.01836	0.01608	0.02072	0.01997	0.01263	0.12911	0.57484	0.03479	0.02970	0.02745	0.02216	0.01035	0.00787	0.00259	0.00648	0.00851	0.00787	0.01240
16	0.12915	0.01270	0.01388	0.01284	0.01642	0.01354	0.01024	0.06376	0.19318	0.09850	0.07669	0.09707	0.07544	0.01355	0.00805	0.00268	0.00587	0.10051	0.04633	0.00961
17	0.01137	0.00810	0.01109	0.01280	0.01403	0.00794	0.01029	0.01400	0.01650	0.02164	0.04089	0.30824	0.04621	0.05429	0.01172	0.00360	0.00623	0.38726	0.00705	0.00673
18	0.01898	0.01821	0.03110	0.07743	0.65090	0.01837	0.02369	0.02362	0.01756	0.02508	0.01455	0.01926	0.01219	0.00695	0.00768	0.00232	0.00926	0.00691	0.00382	0.01212
19	0.03268	0.01657	0.02008	0.01540	0.02148	0.01641	0.01272	0.28172	0.02785	0.43259	0.02584	0.02331	0.01681	0.00948	0.00778	0.00237	0.00736	0.00747	0.00887	0.01319
20	0.00966	0.00792	0.00855	0.00854	0.01097	0.00681	0.00650	0.01201	0.01844	0.02287	0.18229	0.07235	0.53534	0.01906	0.00924	0.00264	0.00405	0.04862	0.00743	0.00671
21	0.01097	0.00793	0.01036	0.00975	0.01158	0.00732	0.00732	0.01463	0.02195	0.03109	0.67505	0.05792	0.07316	0.01585	0.00914	0.00244	0.00366	0.01402	0.00854	0.00732
22	0.75287	0.01526	0.01186	0.01049	0.01535	0.01765	0.00864	0.04742	0.01410	0.03534	0.01110	0.01283	0.00858	0.00728	0.00491	0.00240	0.00610	0.00431	0.00491	0.00858
23	0.01078	0.00792	0.01010	0.00955	0.01146	0.00723	0.00716	0.01426	0.02149	0.03001	0.61127	0.05970	0.13762	0.01626	0.00915	0.00246	0.00369	0.01427	0.00839	0.00723
24	0.03479	0.01320	0.01799	0.01380	0.01979	0.01140	0.01140	0.03779	0.02219	0.68451	0.03059	0.02639	0.01919	0.00960	0.00780	0.00240	0.00660	0.00780	0.00960	0.01320
25	0.78228	0.01499	0.01140	0.01020	0.01499	0.01739	0.00840	0.02279	0.01320	0.03479	0.01080	0.01260	0.00840	0.00720	0.00480	0.00240	0.00600	0.00420	0.00480	0.00840
26	0.75328	0.01525	0.01185	0.01049	0.01534	0.01765	0.00864	0.04708	0.01409	0.03533	0.01110	0.01283	0.00858	0.00728	0.00491	0.00240	0.00610	0.00431	0.00491	0.00858
27	0.03479	0.01320	0.01799	0.01380	0.01979	0.01140	0.01140	0.03779	0.02219	0.68451	0.03059	0.02639	0.01919	0.00960	0.00780	0.00240	0.00660	0.00780	0.00960	0.01320
28	0.01929	0.01666	0.01753	0.01578	0.02016	0.01929	0.01227	0.04120	0.66513	0.03243	0.03156	0.02893	0.02367	0.01052	0.00789	0.00263	0.00614	0.00877	0.00789	0.01227
29	0.01464	0.01378	0.02326	0.70887	0.05340	0.01723	0.02153	0.01981	0.01550	0.01981	0.01378	0.02067	0.01034	0.00775	0.00775	0.00258	0.01034	0.00689	0.00345	0.00861
30	0.02997	0.01549	0.01880	0.01486	0.02045	0.01541	0.01212	0.18480	0.12223	0.40067	0.06073	0.02651	0.02118	0.00998	0.00787	0.00242	0.00684	0.00806	0.00884	0.01275
31	0.03342	0.01539	0.01935	0.01484	0.02089	0.01465	0.01226	0.19612	0.02586	0.52100	0.02751	0.02439	0.01765	0.00952	0.00779	0.00238	0.00710	0.00759	0.00912	0.01319
32	0.00973	0.00739	0.00903	0.01008	0.01146	0.00669	0.00727	0.01164	0.01650	0.02118	0.09267	0.40651	0.26019	0.02196	0.00968	0.00297	0.00451	0.07674	0.00727	0.00652
33	0.01812	0.01545	0.01657	0.01528	0.01930	0.01763	0.01202	0.03721	0.56785	0.03095	0.03461	0.03717	0.05420	0.01208	0.00825	0.00273	0.00615	0.07520	0.00778	0.01148
34	0.01805	0.02030	0.03957	0.02915	0.03549	0.05515	0.50829	0.02349	0.01764	0.02356	0.01711	0.07540	0.01463	0.00865	0.01058	0.00269	0.07649	0.00973	0.00413	0.00987
35	0.01696	0.01696	0.02375	0.02036	0.02036	0.02375	0.01696	0.01866	0.01187	0.01866	0.01018	0.01696	0.01018	0.01357	0.02545	0.00339	0.71332	0.00679	0.00339	0.00848
36	0.01764	0.01896	0.03487	0.02658	0.03055	0.02166	0.33734	0.02178	0.01512	0.02178	0.01296	0.01896	0.01098	0.01002	0.01721	0.00300	0.35947	0.00798	0.00366	0.00948
37	0.03455	0.01358	0.01823	0.01398	0.01999	0.01197	0.01155	0.06575	0.02284	0.65564	0.03005	0.02604	0.01892	0.00958	0.00780	0.00240	0.00669	0.00776	0.00951	0.01319
38	0.00943	0.00758	0.00842	0.00882	0.01079	0.00656	0.00638	0.01142	0.01740	0.02174	0.13335	0.24037	0.44968	0.02043	0.00935	0.00274	0.00405	0.01758	0.00734	0.00656
39	0.01709	0.01623	0.02787	0.42559	0.20571	0.01821	0.09355	0.05960	0.01762	0.02351	0.01449	0.02021	0.01115	0.00750	0.00789	0.00250	0.01026	0.00716	0.00386	0.01001
40	0.32984	0.16377	0.06150	0.01486	0.02014	0.25236	0.01282	0.02578	0.01689	0.02554	0.01139	0.01327	0.00933	0.00737	0.00574	0.00212	0.00951	0.00455	0.00414	0.00909
41	0.02896	0.03695	0.02197	0.01998	0.02397	0.69638	0.01498	0.03096	0.02197	0.01898	0.01199	0.01398	0.00999	0.00799	0.00699	0.00200	0.01398	0.00499	0.00400	0.00899
42	0.01132	0.00826	0.01096	0.01243	0.01371	0.00817	0.00961	0.01489	0.05559	0.02240	0.06881	0.39994	0.04792	0.02196	0.01007	0.00325	0.00561	0.26080	0.00727	0.00704
43	0.07989	0.01330	0.01760	0.01358	0.01950	0.01176	0.01122	0.03688	0.02165	0.64530	0.02939	0.02556	0.01854	0.00945	0.00762	0.00240	0.00656	0.00758	0.00931	0.01291
44	0.02020	0.66185	0.10634	0.01416	0.02129	0.02939	0.01483	0.02335	0.01582	0.01888	0.01110	0.01284	0.00994	0.00671	0.00522	0.00174	0.00861	0.00431	0.00331	0.01010
45	0.01078	0.00792	0.01009	0.00955	0.01146	0.00723	0.00716	0.01425	0.02148	0.02999	0.61018	0.05973	0.13871	0.01626	0.00915	0.00246	0.00369	0.01428	0.00839	0.00723
46	0.03125	0.01938	0.02145	0.01655	0.02261	0.04338	0.01362	0.42414	0.03114	0.26191	0.02242	0.02107	0.01510	0.00936	0.00774	0.00234	0.00807	0.00719	0.00824	0.01304
47	0.03342	0.01539	0.01936	0.01484	0.02089	0.01466	0.01226	0.19662	0.02587	0.52048	0.02750	0.02438	0.01764	0.00952	0.00779	0.00238	0.00710	0.00759	0.00912	0.01319
48	0.01919	0.01842	0.03147	0.04759	0.67914	0.01842	0.02380	0.02380	0.01765	0.02533	0.01458	0.01919	0.01228	0.00691	0.00768	0.00230	0.00921	0.00691	0.00384	0.01228
49	0.02018	0.65817	0.10978	0.01421	0.02136	0.02932	0.01491	0.02336	0.01582	0.01892	0.01111	0.01286	0.00994	0.00671	0.00523	0.00174	0.00863	0.00432	0.00331	0.01011
50	0.33937	0.01843	0.01841	0.01495	0.01991	0.02126	0.01235	0.32476	0.02421	0.03982	0.01448	0.01595	0.01088	0.00889	0.00842	0.00247	0.08284	0.00581	0.00607	0.01070
51	0.03066	0.01982	0.02210	0.01694	0.02310	0.02123	0.01399	0.51643	0.03328	0.19020	0.02128	0.02034	0.01452	0.00937	0.00777	0.00234	0.00810	0.00716	0.00817	0.01319
52	0.01830	0.02092	0.04575	0.03268	0.04052	0.01961	0.65098	0.02484	0.01830	0.02484	0.01569	0.02092	0.01176	0.00654	0.00915	0.00261	0.01307	0.00915	0.00392	0.01046
53	0.09753	0.03742	0.61506	0.02083	0.03157	0.01794	0.02648	0.02437	0.01603	0.02565	0.01358	0.01597	0.00967	0.00735	0.00709	0.00245	0.01088	0.00557	0.00344	0.01113
54	0.01929	0.01666	0.01753	0.01578	0.02016	0.01929	0.01227	0.04120	0.66513	0.03243	0.03156	0.02893	0.02367	0.01052	0.00789	0.00263	0.00614	0.00877	0.00789	0.01227
55	0.01355	0.00748	0.00843	0.00867	0.01012	0.00722	0.00609	0.01597	0.01554	0.05771	0.03200	0.20988	0.05529	0.11657	0.01172	0.00303	0.00456	0.01197	0.39730	0.00690
56	0.01097	0.00793	0.01036	0.00975	0.01158	0.00732	0.00732	0.01463	0.02195	0.03109	0.67505	0.05792	0.07316	0.01585	0.00914	0.00244	0.00366	0.01402	0.00854	0.00732
57	0.02896	0.03695	0.02197	0.01998	0.02397	0.69638	0.01498	0.03096	0.02197	0.01898	0.01199	0.01398	0.00999	0.00799	0.00699	0.00200	0.01398	0.00499	0.00400	0.00899
58	0.00945	0.00675	0.00900	0.01080	0.01125	0.00630	0.00720	0.01080	0.01484	0.01979	0.04274	0.72245	0.05128	0.02429	0.00990	0.00315	0.00450	0.02204	0.00720	0.00630
59	0.01243	0.00831	0.00931	0.00894	0.01151	0.00720	0.00667	0.01463	0.01807	0.09299	0.13329	0.11581	0.43331	0.05024	0.01030	0.00281	0.00438	0.01504	0.03748	0.00727
60	0.17355	0.01353	0.01677	0.01313	0.01890	0.01251	0.01084	0.03500	0.02052	0.56390	0.02692	0.02383	0.01719	0.00915	0.00724	0.00240	0.00649	0.00713	0.00871	0.01230
61	0.02947	0.02172	0.02327	0.01784	0.02404	0.02404	0.01474	0.65329	0.03646	0.04887	0.01862	0.01862	0.01319	0.00931	0.00776	0.00233	0.00853	0.00698	0.00776	0.01319
62	0.01080	0.00745	0.00848	0.00873	0.00933	0.00717	0.00539	0.01158	0.01338	0.01782	0.06115	0.15704	0.12842	0.45885	0.02792	0.00570	0.00622	0.01363	0.03551	0.00542
63	0.01493	0.00937	0.01176	0.01084	0.01324	0.00896	0.00810	0.01972	0.08392	0.11927	0.38849	0.11270	0.07521	0.07473	0.01143	0.00295	0.00472	0.01324	0.00813	0.00828
64	0.70795	0.01523	0.01230	0.01075	0.01567	0.01741	0.00885	0.05388	0.01477	0.06860	0.01218	0.01359	0.00918	0.00742	0.00509	0.00240	0.00615	0.00452	0.00519	0.00887
65	0.00946	0.00743	0.00856	0.00920	0.01089	0.00653	0.00655	0.01137	0.01703	0.02157	0.12775	0.32405	0.36999	0.02104	0.00945	0.00281	0.00412	0.01832	0.00734	0.00653
66	0.03782	0.00787	0.00943	0.00967	0.01051	0.00802	0.00643	0.01214	0.01291	0.01781	0.03247	0.15240	0.10641	0.36550	0.17038	0.00713	0.00940	0.01267	0.00527	0.00577
67	0.00954	0.00716	0.00885	0.00993	0.01109	0.00647	0.00688	0.01130	0.01634	0.02132	0.12086	0.48479	0.21292	0.02218	0.00963	0.00294	0.00426	0.01972	0.00734	0.00647
68	0.00949	0.00692	0.00894	0.01044	0.01118	0.00637	0.00707	0.01100	0.01546	0.02042	0.07501	0.62476	0.11755	0.02342	0.00979	0.00306	0.00440	0.02109	0.00726	0.00637
69	0.02396	0.01957	0.01941	0.01643	0.02115	0.08830	0.01297	0.28427	0.25029	0.06248	0.02549	0.09729	0.02081	0.01121	0.00796	0.00249	0.00775	0.00904	0.00743	0.01171
70	0.01511	0.01288	0.01333	0.01289	0.01495	0.07884	0.00970	0.06781	0.07395	0.02369	0.03308	0.22687	0.09356	0.05009	0.09845	0.00413	0.05355	0.03038	0.07882	0.00792
71	0.01009	0.00770	0.00859	0.00878	0.01035	0.00696	0.00612	0.01171	0.01614	0.02044	0.12411	0.13215	0.34762	0.21028	0.01745	0.00401	0.00505	0.03963	0.00667	0.00613
72	0.15249	0.05365	0.05144	0.02558	0.18703	0.05514	0.07540	0.02565	0.11134	0.02598	0.01532	0.01849	0.01250	0.00882	0.01064	0.00257	0.14649	0.00661	0.00448	0.01037
73	0.13617	0.18940	0.12246	0.01670	0.02300	0.17519	0.01547	0.16169	0.04413	0.02889	0.01393	0.01530	0.01089	0.00784	0.00646	0.00214	0.00968	0.00535	0.00480	0.01051

[dist]
# distance from previous block
# <min> <max>
7	10

[block]
# block no. 4 follows, 25 sequences, length 40
# corresponding to MSA columns:
# 321-346,372-385
name=unknown_E
#
# <colnr> <probs for GDERKNQSTAVLIFYWHMCP>
#	G	D	E	R	K	N	Q	S	T	A	V	L	I	F	Y	W	H	M	C	P
0	0.01026	0.00730	0.00899	0.00962	0.01040	0.00688	0.00635	0.01170	0.01539	0.02062	0.16047	0.33526	0.10694	0.23232	0.01852	0.00427	0.00519	0.01677	0.00670	0.00604
1	0.01473	0.01129	0.01310	0.01245	0.01535	0.01179	0.00970	0.02454	0.25018	0.05342	0.23888	0.08970	0.11865	0.01531	0.00888	0.00270	0.00516	0.08710	0.00794	0.00914
2	0.01668	0.01106	0.01284	0.01178	0.01450	0.01110	0.00886	0.10742	0.07832	0.10069	0.08261	0.14192	0.14282	0.16076	0.01508	0.00368	0.00610	0.05814	0.00719	0.00844
3	0.01056	0.00798	0.00989	0.01056	0.01223	0.00745	0.00796	0.01361	0.03762	0.02371	0.19942	0.27310	0.21179	0.02022	0.00961	0.00291	0.00466	0.12226	0.00752	0.00693
4	0.01696	0.01696	0.02375	0.02036	0.02036	0.02375	0.01696	0.01866	0.01187	0.01866	0.01018	0.01696	0.01018	0.01357	0.02545	0.00339	0.71332	0.00679	0.00339	0.00848
5	0.00935	0.00711	0.00863	0.00984	0.01099	0.00638	0.00677	0.01090	0.01576	0.02017	0.05437	0.51203	0.25419	0.02278	0.00966	0.00298	0.00431	0.02020	0.00720	0.00638
6	0.01095	0.00813	0.01182	0.01182	0.01323	0.00900	0.00906	0.01381	0.01450	0.02072	0.15227	0.08034	0.03212	0.04757	0.51597	0.00987	0.01632	0.01033	0.00522	0.00696
7	0.03173	0.01426	0.01814	0.01417	0.01975	0.01341	0.01153	0.12035	0.06479	0.51798	0.02867	0.02688	0.01917	0.05045	0.00960	0.00270	0.00688	0.00795	0.00896	0.01265
8	0.02896	0.03695	0.02197	0.01998	0.02397	0.69638	0.01498	0.03096	0.02197	0.01898	0.01199	0.01398	0.00999	0.00799	0.00699	0.00200	0.01398	0.00499	0.00400	0.00899
9	0.01069	0.00803	0.01149	0.01171	0.01308	0.00883	0.00890	0.01325	0.01375	0.01924	0.06634	0.13437	0.07776	0.04788	0.50561	0.00979	0.01615	0.01122	0.00508	0.00683
10	0.01780	0.01556	0.02501	0.08876	0.27412	0.01597	0.09383	0.09211	0.01867	0.02596	0.01960	0.03091	0.01789	0.11499	0.01271	0.00322	0.00893	0.06439	0.04960	0.00996
11	0.03479	0.01320	0.01799	0.01380	0.01979	0.01140	0.01140	0.03779	0.02219	0.68451	0.03059	0.02639	0.01919	0.00960	0.00780	0.00240	0.00660	0.00780	0.00960	0.01320
12	0.01106	0.00798	0.01049	0.01002	0.01185	0.00741	0.00762	0.01472	0.02171	0.03063	0.63791	0.05965	0.07149	0.01618	0.00924	0.00250	0.00386	0.04993	0.00845	0.00731
13	0.06661	0.01623	0.02510	0.17034	0.37600	0.01740	0.01965	0.02442	0.10496	0.02542	0.01842	0.06863	0.01587	0.00878	0.00769	0.00247	0.00849	0.00802	0.00460	0.01089
14	0.03281	0.01637	0.01996	0.01530	0.02138	0.01611	0.01264	0.26702	0.02750	0.44777	0.02613	0.02349	0.01696	0.00949	0.00778	0.00237	0.00732	0.00749	0.00891	0.01319
15	0.00989	0.00718	0.00933	0.01027	0.01129	0.00662	0.00714	0.01198	0.01720	0.02329	0.23661	0.47465	0.10299	0.02140	0.00962	0.00290	0.00420	0.01921	0.00760	0.00662
