[name]
unknown

[dist]
# distance from previous block
# <min> <max>
0	43

[block]
# block no. 0 follows, 34 sequences, length 18
# corresponding to MSA columns:
# 54-71
name=unknown_A
#
# <colnr> <probs for GDERKNQSTAVLIFYWHMCP>
#	G	D	E	R	K	N	Q	S	T	A	V	L	I	F	Y	W	H	M	C	P
0	0.01379	0.01442	0.02978	0.02261	0.02763	0.01366	0.49864	0.01849	0.01514	0.02029	0.01944	0.03414	0.01805	0.00918	0.00802	0.00242	0.00940	0.21294	0.00408	0.00788
1	0.01051	0.00793	0.00974	0.00899	0.01055	0.00798	0.02475	0.01506	0.12695	0.02153	0.33833	0.04166	0.06703	0.24114	0.01498	0.00333	0.00456	0.01011	0.02874	0.00614
2	0.01564	0.01403	0.02370	0.23882	0.50105	0.01475	0.01874	0.01954	0.01442	0.05897	0.01270	0.01667	0.01010	0.00608	0.00642	0.00199	0.00782	0.00579	0.00337	0.00942
3	0.01194	0.04114	0.33826	0.01616	0.02237	0.01288	0.14070	0.01686	0.01406	0.01922	0.02786	0.02889	0.22595	0.00933	0.00755	0.00213	0.04490	0.00797	0.00382	0.00801
4	0.01032	0.00855	0.01314	0.01823	0.22726	0.00829	0.01016	0.01226	0.01308	0.01788	0.02855	0.54194	0.03294	0.01588	0.00769	0.00241	0.00493	0.01457	0.00515	0.00675
5	0.01125	0.00610	0.00633	0.00633	0.00738	0.00610	0.00434	0.01335	0.01230	0.02061	0.02086	0.02957	0.01865	0.23812	0.01306	0.00294	0.00399	0.00704	0.56631	0.00539
6	0.06277	0.01108	0.01399	0.01062	0.01569	0.00938	0.00868	0.02583	0.01645	0.46667	0.02034	0.01889	0.01363	0.00692	0.00580	0.00167	0.00519	0.00553	0.02875	0.25210
7	0.00787	0.00562	0.00750	0.00900	0.00937	0.00525	0.00600	0.00900	0.01237	0.01649	0.03561	0.76871	0.04274	0.02024	0.00825	0.00262	0.00375	0.01837	0.00600	0.00525
8	0.01218	0.01185	0.01580	0.01382	0.01448	0.01547	0.01136	0.01366	0.01135	0.01612	0.02565	0.02861	0.22585	0.01283	0.01712	0.00263	0.53279	0.00806	0.00378	0.00658
9	0.02652	0.01339	0.01629	0.01266	0.01759	0.01325	0.01040	0.23647	0.08364	0.46507	0.02256	0.02023	0.01481	0.00799	0.00649	0.00200	0.00595	0.00636	0.00741	0.01093
10	0.00888	0.00562	0.00777	0.00882	0.00908	0.00536	0.00588	0.00882	0.01118	0.01491	0.02826	0.54304	0.03324	0.02091	0.01337	0.24646	0.00431	0.01453	0.00504	0.00451
11	0.02090	0.02498	0.01683	0.01451	0.01857	0.52454	0.01103	0.02293	0.01683	0.01739	0.01044	0.01218	0.00870	0.00609	0.00551	0.00145	0.00958	0.00406	0.00348	0.24999
12	0.02054	0.02498	0.01863	0.23981	0.02736	0.52627	0.01413	0.02300	0.01669	0.01602	0.01044	0.01333	0.00841	0.00660	0.00602	0.00181	0.01074	0.00464	0.00319	0.00740
13	0.00787	0.00562	0.00750	0.00900	0.00937	0.00525	0.00600	0.00900	0.01237	0.01649	0.03561	0.76871	0.04274	0.02024	0.00825	0.00262	0.00375	0.01837	0.00600	0.00525
14	0.00893	0.00611	0.00737	0.00782	0.00799	0.00606	0.00477	0.00939	0.01035	0.01386	0.02479	0.26021	0.02889	0.50656	0.06453	0.00539	0.00611	0.01196	0.00452	0.00442
15	0.01341	0.01417	0.02924	0.02148	0.02650	0.01325	0.49734	0.01814	0.01617	0.02227	0.22882	0.02672	0.02522	0.00779	0.00762	0.00213	0.00853	0.00885	0.00443	0.00793
16	0.09955	0.28242	0.18531	0.07503	0.02125	0.01904	0.01400	0.11448	0.06739	0.02255	0.01233	0.01383	0.00963	0.00640	0.00528	0.00180	0.00722	0.00463	0.02908	0.00879
17	0.01547	0.01408	0.04482	0.28682	0.33718	0.01446	0.01749	0.03397	0.03018	0.06911	0.01309	0.01677	0.01015	0.00635	0.00665	0.00199	0.02343	0.00571	0.00356	0.04870

[dist]
# distance from previous block
# <min> <max>
0	2

[block]
# block no. 1 follows, 34 sequences, length 77
# corresponding to MSA columns:
# 74-131,136-154
name=unknown_B
#
# <colnr> <probs for GDERKNQSTAVLIFYWHMCP>
#	G	D	E	R	K	N	Q	S	T	A	V	L	I	F	Y	W	H	M	C	P
0	0.14992	0.02906	0.03399	0.01340	0.06154	0.01316	0.01037	0.13558	0.09976	0.24489	0.02062	0.06442	0.01607	0.00867	0.00619	0.00206	0.00574	0.04103	0.03417	0.00935
1	0.00938	0.00633	0.00739	0.00739	0.00750	0.00645	0.00434	0.00961	0.00950	0.01278	0.02005	0.04056	0.02274	0.69911	0.10568	0.00668	0.00739	0.00914	0.00387	0.00410
2	0.07480	0.01770	0.04836	0.01480	0.01947	0.06936	0.05202	0.30099	0.27661	0.03118	0.01827	0.01804	0.01350	0.00772	0.00634	0.00203	0.00689	0.00614	0.00577	0.01000
3	0.01590	0.01561	0.02773	0.03809	0.64431	0.01548	0.10693	0.01994	0.01478	0.02106	0.01227	0.01617	0.01018	0.00572	0.00655	0.00195	0.00808	0.00599	0.00321	0.01004
4	0.03827	0.06920	0.10486	0.01805	0.05267	0.01584	0.19521	0.11325	0.14963	0.10095	0.04161	0.01873	0.01392	0.00700	0.00652	0.00200	0.00758	0.00645	0.00488	0.03337
5	0.01479	0.07497	0.41332	0.02061	0.02860	0.01647	0.24834	0.06776	0.01529	0.02159	0.01218	0.01481	0.00892	0.00598	0.00652	0.00204	0.00966	0.00570	0.00316	0.00929
6	0.00787	0.00562	0.00750	0.00900	0.00937	0.00525	0.00600	0.00900	0.01237	0.01649	0.03561	0.76871	0.04274	0.02024	0.00825	0.00262	0.00375	0.01837	0.00600	0.00525
7	0.01727	0.77681	0.03386	0.01106	0.01658	0.02557	0.01106	0.01935	0.01313	0.01520	0.00898	0.01036	0.00829	0.00553	0.00415	0.00138	0.00691	0.00345	0.00276	0.00829
8	0.04859	0.08395	0.12386	0.01766	0.03694	0.05684	0.22032	0.02337	0.05416	0.18629	0.03765	0.03360	0.01360	0.00700	0.00647	0.00200	0.00798	0.00650	0.02413	0.00908
9	0.00783	0.00652	0.00703	0.00713	0.00908	0.00573	0.00533	0.00950	0.01409	0.01712	0.05819	0.10657	0.60547	0.02011	0.08795	0.00310	0.00483	0.01323	0.00572	0.00547
10	0.01320	0.00636	0.00664	0.00640	0.00814	0.00626	0.00486	0.01618	0.01389	0.07291	0.02138	0.02395	0.01652	0.00756	0.00465	0.00154	0.00318	0.00605	0.75396	0.00636
11	0.01395	0.01357	0.04766	0.09524	0.02036	0.04979	0.07124	0.08371	0.09343	0.01981	0.01518	0.01982	0.01279	0.02227	0.26928	0.00511	0.12892	0.00637	0.00388	0.00762
12	0.04049	0.03917	0.07208	0.05868	0.02169	0.16231	0.03416	0.32749	0.08775	0.07046	0.01509	0.01570	0.01102	0.00729	0.00625	0.00193	0.00806	0.00553	0.00521	0.00967
13	0.00787	0.00562	0.00750	0.00900	0.00937	0.00525	0.00600	0.00900	0.01237	0.01649	0.03561	0.76871	0.04274	0.02024	0.00825	0.00262	0.00375	0.01837	0.00600	0.00525
14	0.02404	0.01738	0.01811	0.01430	0.01914	0.06320	0.01165	0.48924	0.11736	0.13145	0.01791	0.01726	0.01263	0.00785	0.00644	0.00196	0.00692	0.00600	0.00649	0.01067
15	0.01340	0.01148	0.01340	0.00957	0.01531	0.00861	0.00766	0.01627	0.01340	0.02105	0.01148	0.01340	0.00957	0.00479	0.00479	0.00096	0.00479	0.00383	0.00383	0.81242
16	0.01994	0.27639	0.02380	0.09489	0.02121	0.28264	0.01264	0.09061	0.01657	0.03336	0.01058	0.01261	0.00878	0.00674	0.00655	0.00174	0.06494	0.00442	0.00346	0.00812
17	0.01529	0.06615	0.03744	0.01099	0.01394	0.06975	0.00908	0.07319	0.04410	0.11463	0.37664	0.03375	0.03719	0.01068	0.00755	0.00201	0.03894	0.02483	0.00618	0.00768
18	0.01097	0.00574	0.00846	0.00846	0.00854	0.00582	0.00567	0.00869	0.00862	0.01157	0.01224	0.02153	0.01237	0.07398	0.07454	0.70441	0.00645	0.00595	0.00292	0.00308
19	0.00784	0.00630	0.00701	0.00737	0.00899	0.00546	0.00532	0.00947	0.01441	0.01799	0.11999	0.25626	0.47664	0.01714	0.00780	0.00229	0.00338	0.01476	0.00610	0.00546
20	0.02414	0.03079	0.01831	0.01665	0.01998	0.74698	0.01248	0.02580	0.01831	0.01581	0.00999	0.01165	0.00832	0.00666	0.00583	0.00166	0.01165	0.00416	0.00333	0.00749
21	0.01340	0.01148	0.01340	0.00957	0.01531	0.00861	0.00766	0.01627	0.01340	0.02105	0.01148	0.01340	0.00957	0.00479	0.00479	0.00096	0.00479	0.00383	0.00383	0.81242
22	0.01414	0.01414	0.01979	0.01696	0.01696	0.01979	0.01414	0.01555	0.00990	0.01555	0.00848	0.01414	0.00848	0.01131	0.02120	0.00283	0.76110	0.00565	0.00283	0.00707
23	0.01436	0.01368	0.02327	0.34938	0.43567	0.01492	0.01902	0.01840	0.01394	0.01912	0.01186	0.01652	0.00954	0.00606	0.00642	0.00202	0.00808	0.00575	0.00306	0.00892
24	0.02456	0.01810	0.01939	0.01487	0.02004	0.02004	0.01228	0.71107	0.03038	0.04072	0.01551	0.01551	0.01099	0.00776	0.00646	0.00194	0.00711	0.00582	0.00646	0.01099
25	0.00911	0.00663	0.00838	0.00866	0.01009	0.00596	0.00635	0.01054	0.01368	0.01827	0.14693	0.30369	0.17123	0.01709	0.00966	0.09018	0.00406	0.08156	0.00564	0.07230
26	0.00786	0.00567	0.00745	0.00887	0.00934	0.00526	0.00594	0.00901	0.01249	0.01654	0.03712	0.73298	0.07748	0.02005	0.00822	0.00260	0.00372	0.01813	0.00600	0.00526
27	0.81856	0.01250	0.00950	0.00850	0.01250	0.01449	0.00700	0.01899	0.01100	0.02899	0.00900	0.01050	0.00700	0.00600	0.00400	0.00200	0.00500	0.00350	0.00400	0.00700
28	0.00880	0.00619	0.00808	0.00922	0.00978	0.00603	0.00625	0.01067	0.06046	0.01664	0.03233	0.63643	0.03774	0.01970	0.00998	0.09043	0.00404	0.01623	0.00569	0.00532
29	0.81856	0.01250	0.00950	0.00850	0.01250	0.01449	0.00700	0.01899	0.01100	0.02899	0.00900	0.01050	0.00700	0.00600	0.00400	0.00200	0.00500	0.00350	0.00400	0.00700
30	0.02414	0.03079	0.01831	0.01665	0.01998	0.74698	0.01248	0.02580	0.01831	0.01581	0.00999	0.01165	0.00832	0.00666	0.00583	0.00166	0.01165	0.00416	0.00333	0.00749
31	0.00923	0.00692	0.01038	0.01038	0.01154	0.00808	0.00808	0.01154	0.01038	0.01500	0.01731	0.02538	0.01615	0.04846	0.74732	0.01038	0.01731	0.00692	0.00346	0.00577
32	0.01727	0.77681	0.03386	0.01106	0.01658	0.02557	0.01106	0.01935	0.01313	0.01520	0.00898	0.01036	0.00829	0.00553	0.00415	0.00138	0.00691	0.00345	0.00276	0.00829
33	0.00811	0.00656	0.00720	0.00704	0.00902	0.00566	0.00528	0.01019	0.01584	0.02010	0.27332	0.05782	0.52048	0.01538	0.00763	0.00213	0.00320	0.01303	0.00635	0.00566
34	0.02414	0.03079	0.01831	0.01665	0.01998	0.74698	0.01248	0.02580	0.01831	0.01581	0.00999	0.01165	0.00832	0.00666	0.00583	0.00166	0.01165	0.00416	0.00333	0.00749
35	0.00914	0.00660	0.00864	0.00813	0.00965	0.00610	0.00610	0.01219	0.01829	0.02591	0.72921	0.04827	0.06097	0.01321	0.00762	0.00203	0.00305	0.01169	0.00711	0.00610
36	0.00767	0.00640	0.00669	0.00692	0.00883	0.00542	0.00508	0.00923	0.01437	0.01731	0.06090	0.17008	0.62504	0.01696	0.00773	0.00225	0.00335	0.01436	0.00600	0.00542
37	0.01035	0.00764	0.01013	0.01130	0.01293	0.00764	0.00965	0.01399	0.05563	0.01947	0.03705	0.09830	0.10813	0.01727	0.00863	0.00283	0.00553	0.55144	0.00599	0.00612
38	0.02105	0.01132	0.01606	0.05782	0.08985	0.01105	0.03286	0.02593	0.10963	0.38117	0.04032	0.02393	0.04647	0.01257	0.08700	0.00295	0.00715	0.00699	0.00628	0.00961
39	0.02899	0.01100	0.01499	0.01150	0.01649	0.00950	0.00950	0.03149	0.01849	0.73709	0.02549	0.02199	0.01599	0.00800	0.00650	0.00200	0.00550	0.00650	0.00800	0.01100
40	0.00795	0.00568	0.00756	0.00895	0.00939	0.00530	0.00600	0.00918	0.01271	0.01704	0.07582	0.72695	0.04379	0.01984	0.00821	0.00259	0.00371	0.01798	0.00606	0.00530
41	0.01539	0.01632	0.03341	0.07520	0.03150	0.01644	0.53811	0.02008	0.01445	0.04598	0.01277	0.01712	0.00976	0.00644	0.00942	0.00226	0.11635	0.00718	0.00335	0.00846
42	0.01443	0.01243	0.01877	0.14437	0.09237	0.01323	0.11799	0.11754	0.10790	0.02340	0.04632	0.11682	0.03478	0.00971	0.00699	0.00218	0.00678	0.05437	0.05142	0.00819
43	0.01403	0.01348	0.02149	0.37224	0.30553	0.03690	0.01785	0.01783	0.01371	0.01837	0.01284	0.01963	0.01088	0.00714	0.00741	0.00213	0.05175	0.04531	0.00319	0.00829
44	0.52091	0.09675	0.01538	0.01206	0.03800	0.16250	0.03417	0.02048	0.01296	0.02435	0.00944	0.01114	0.00760	0.00605	0.00459	0.00187	0.00683	0.00385	0.00368	0.00740
45	0.01230	0.00787	0.00982	0.09607	0.01386	0.00873	0.00766	0.06207	0.01381	0.02202	0.01842	0.02279	0.01498	0.01714	0.18014	0.00373	0.02310	0.00618	0.45285	0.00646
46	0.01312	0.03151	0.66442	0.01864	0.02743	0.01538	0.04836	0.02013	0.01344	0.02013	0.01144	0.01381	0.00826	0.00647	0.00722	0.00210	0.06106	0.00494	0.00275	0.00935
47	0.06073	0.01122	0.01459	0.01144	0.01620	0.01021	0.00938	0.03079	0.07972	0.62936	0.04035	0.02227	0.01693	0.00809	0.00642	0.00202	0.00539	0.00656	0.00768	0.01065
48	0.00858	0.00644	0.00750	0.00744	0.00911	0.00574	0.00550	0.01084	0.01592	0.02135	0.34127	0.12880	0.32892	0.01489	0.00750	0.00212	0.00321	0.01284	0.05628	0.00574
49	0.01122	0.00561	0.00842	0.00842	0.00842	0.00561	0.00561	0.00842	0.00842	0.01122	0.01122	0.01964	0.01122	0.02245	0.02525	0.81201	0.00561	0.00561	0.00281	0.00281
50	0.00940	0.00626	0.00705	0.00705	0.00705	0.00626	0.00392	0.00940	0.00940	0.01253	0.02036	0.04228	0.02349	0.77292	0.03289	0.00626	0.00626	0.00940	0.00392	0.00392
51	0.01727	0.77681	0.03386	0.01106	0.01658	0.02557	0.01106	0.01935	0.01313	0.01520	0.00898	0.01036	0.00829	0.00553	0.00415	0.00138	0.00691	0.00345	0.00276	0.00829
52	0.01558	0.01493	0.02548	0.11755	0.65794	0.01524	0.01963	0.01947	0.01452	0.02061	0.01208	0.01613	0.01006	0.00583	0.00640	0.00194	0.00778	0.00576	0.00316	0.00990
53	0.01220	0.01148	0.01938	0.75739	0.04450	0.01436	0.01794	0.01651	0.01292	0.01651	0.01148	0.01723	0.00861	0.00646	0.00646	0.00215	0.00861	0.00574	0.00287	0.00718
54	0.01467	0.01400	0.02384	0.28978	0.49282	0.01500	0.01917	0.01867	0.01409	0.01951	0.01192	0.01642	0.00967	0.00600	0.00642	0.00200	0.00800	0.00575	0.00308	0.00917
55	0.01750	0.68886	0.05140	0.01252	0.04393	0.02462	0.01179	0.05568	0.01411	0.01690	0.00951	0.01093	0.00850	0.00567	0.00440	0.00145	0.00702	0.00370	0.00297	0.00854
56	0.01290	0.01093	0.01285	0.00945	0.01470	0.00831	0.00749	0.01572	0.01369	0.02122	0.06154	0.04413	0.01433	0.00594	0.00511	0.00109	0.00463	0.00491	0.00413	0.72692
57	0.12119	0.07992	0.03897	0.01809	0.14929	0.04803	0.01286	0.21213	0.05086	0.07612	0.01380	0.01532	0.01060	0.00733	0.00745	0.00198	0.08867	0.00532	0.03279	0.00930
58	0.01310	0.00746	0.00798	0.03165	0.01019	0.00773	0.00588	0.08887	0.01524	0.02509	0.02117	0.07394	0.01750	0.00839	0.00504	0.00165	0.00368	0.00684	0.64205	0.00654
59	0.00781	0.00587	0.00724	0.00834	0.00920	0.00530	0.00570	0.00907	0.01301	0.01675	0.04365	0.57852	0.22773	0.01920	0.00808	0.00251	0.00362	0.01709	0.00600	0.00530
60	0.01727	0.23611	0.06418	0.05852	0.08696	0.21248	0.04888	0.02020	0.01505	0.01830	0.03886	0.01563	0.01176	0.00652	0.00542	0.00168	0.00800	0.00497	0.12133	0.00788
61	0.00886	0.00656	0.00833	0.00948	0.01022	0.00648	0.00654	0.01179	0.08572	0.01757	0.03414	0.64454	0.03958	0.04129	0.00883	0.00270	0.00405	0.04158	0.00599	0.00575
62	0.07524	0.21796	0.07429	0.05767	0.04189	0.07435	0.03485	0.24568	0.01954	0.08121	0.01302	0.01407	0.00980	0.00666	0.00565	0.00181	0.00753	0.00494	0.00453	0.00933
63	0.02094	0.02349	0.08831	0.02019	0.14975	0.36018	0.03298	0.03986	0.01722	0.10751	0.04899	0.01607	0.01237	0.00705	0.00659	0.00186	0.02857	0.00535	0.00407	0.00865
64	0.00764	0.00655	0.00655	0.00655	0.00873	0.00545	0.00491	0.00927	0.01473	0.01745	0.06546	0.06218	0.73000	0.01636	0.00764	0.00218	0.00327	0.01364	0.00600	0.00545
65	0.01079	0.02962	0.12631	0.02919	0.01357	0.02630	0.02351	0.01375	0.01406	0.02002	0.21529	0.10158	0.05365	0.15850	0.02573	0.00298	0.00565	0.00935	0.11389	0.00628
66	0.81856	0.01250	0.00950	0.00850	0.01250	0.01449	0.00700	0.01899	0.01100	0.02899	0.00900	0.01050	0.00700	0.00600	0.00400	0.00200	0.00500	0.00350	0.00400	0.00700
67	0.00920	0.00622	0.00728	0.00747	0.00758	0.00623	0.00440	0.00946	0.00982	0.01316	0.02211	0.13255	0.02551	0.63942	0.06829	0.00603	0.00654	0.01039	0.00415	0.00418
68	0.00764	0.00655	0.00655	0.00655	0.00873	0.00545	0.00491	0.00927	0.01473	0.01745	0.06546	0.06218	0.73000	0.01636	0.00764	0.00218	0.00327	0.01364	0.00600	0.00545
69	0.00796	0.00566	0.00747	0.00888	0.00924	0.00531	0.00588	0.00902	0.01220	0.01626	0.03473	0.72665	0.04162	0.06381	0.00967	0.00283	0.00389	0.01785	0.00588	0.00517
70	0.02414	0.03079	0.01831	0.01665	0.01998	0.74698	0.01248	0.02580	0.01831	0.01581	0.00999	0.01165	0.00832	0.00666	0.00583	0.00166	0.01165	0.00416	0.00333	0.00749
71	0.00926	0.00690	0.00864	0.00815	0.00984	0.00644	0.00613	0.01278	0.04751	0.02496	0.62094	0.04889	0.13847	0.01340	0.00758	0.00206	0.00316	0.01173	0.00696	0.00619
72	0.06071	0.01193	0.01352	0.00981	0.01542	0.00962	0.00789	0.05665	0.01424	0.02265	0.01157	0.01335	0.00950	0.00503	0.00484	0.00107	0.00493	0.00392	0.00399	0.71934
73	0.02207	0.01694	0.01760	0.01413	0.01859	0.06004	0.01145	0.45578	0.15625	0.07054	0.05892	0.01908	0.01555	0.00829	0.00683	0.00200	0.02296	0.00637	0.00634	0.01028
74	0.01655	0.32071	0.31216	0.01623	0.04795	0.06834	0.05177	0.02102	0.01416	0.05967	0.01137	0.01299	0.00884	0.00599	0.00544	0.00176	0.00843	0.00450	0.00313	0.00899
75	0.00926	0.00689	0.00996	0.01000	0.01126	0.00773	0.00781	0.01162	0.01140	0.01621	0.06230	0.03121	0.06115	0.04204	0.60663	0.00884	0.01475	0.04206	0.02309	0.00578
76	0.01547	0.01430	0.02336	0.27653	0.44182	0.01543	0.01855	0.07853	0.01547	0.02127	0.01222	0.01636	0.00976	0.00616	0.00642	0.00200	0.00794	0.00576	0.00337	0.00928

[dist]
# distance from previous block
# <min> <max>
7	9

[block]
# block no. 2 follows, 34 sequences, length 31
# corresponding to MSA columns:
# 165-177,179-196
name=unknown_C
#
# <colnr> <probs for GDERKNQSTAVLIFYWHMCP>
#	G	D	E	R	K	N	Q	S	T	A	V	L	I	F	Y	W	H	M	C	P
0	0.00808	0.00582	0.00746	0.00857	0.00912	0.00542	0.00573	0.00926	0.01264	0.01680	0.08138	0.60076	0.09252	0.09132	0.01051	0.00290	0.00391	0.01673	0.00587	0.00519
1	0.01454	0.01467	0.02400	0.29653	0.24054	0.04637	0.11270	0.01830	0.01351	0.01826	0.01136	0.01617	0.00922	0.00689	0.00892	0.00217	0.12859	0.00593	0.00303	0.00829
2	0.01344	0.01237	0.02034	0.53405	0.18689	0.01444	0.01769	0.04684	0.01415	0.01867	0.01302	0.01989	0.01060	0.00698	0.00658	0.00214	0.00821	0.04253	0.00326	0.00792
3	0.01238	0.01166	0.01970	0.72405	0.07647	0.01440	0.01803	0.01666	0.01300	0.01672	0.01152	0.01717	0.00869	0.00643	0.00646	0.00214	0.00857	0.00574	0.00289	0.00732
4	0.01414	0.01414	0.01979	0.01696	0.01696	0.01979	0.01414	0.01555	0.00990	0.01555	0.00848	0.01414	0.00848	0.01131	0.02120	0.00283	0.76110	0.00565	0.00283	0.00707
5	0.01122	0.00561	0.00842	0.00842	0.00842	0.00561	0.00561	0.00842	0.00842	0.01122	0.01122	0.01964	0.01122	0.02245	0.02525	0.81201	0.00561	0.00561	0.00281	0.00281
6	0.00818	0.00650	0.00725	0.00718	0.00897	0.00567	0.00529	0.01015	0.01546	0.01977	0.26360	0.09515	0.46028	0.04719	0.00872	0.00233	0.00336	0.01312	0.00625	0.00557
7	0.02631	0.01205	0.01525	0.01205	0.01681	0.01147	0.00984	0.08221	0.14712	0.55651	0.02490	0.02190	0.01630	0.00812	0.00651	0.00203	0.00555	0.00659	0.00763	0.01086
8	0.00813	0.00624	0.00719	0.00758	0.00905	0.00552	0.00545	0.00989	0.01456	0.01885	0.17006	0.28294	0.37069	0.01674	0.00772	0.00227	0.00338	0.01454	0.03367	0.00552
9	0.01306	0.01236	0.02092	0.59576	0.19947	0.01458	0.01837	0.01726	0.01332	0.01754	0.01164	0.01695	0.00898	0.00630	0.00645	0.00210	0.00840	0.00575	0.00294	0.00787
10	0.01525	0.05180	0.09476	0.19583	0.31504	0.01553	0.15102	0.01972	0.01438	0.04679	0.01248	0.01629	0.00972	0.00597	0.00652	0.00201	0.00857	0.00594	0.00325	0.00912
11	0.00829	0.00686	0.00714	0.00712	0.00921	0.00596	0.00530	0.03359	0.01513	0.01839	0.07877	0.13023	0.61886	0.01637	0.00766	0.00221	0.00345	0.01378	0.00605	0.00564
12	0.07991	0.14094	0.07495	0.01663	0.02101	0.19456	0.12941	0.05502	0.01531	0.07143	0.01153	0.01381	0.00917	0.00710	0.00834	0.00199	0.13183	0.00512	0.00365	0.00829
13	0.57929	0.07262	0.01305	0.01061	0.03891	0.04291	0.00835	0.04411	0.03987	0.05692	0.03537	0.01319	0.01011	0.00647	0.00458	0.00194	0.00552	0.00423	0.00431	0.00763
14	0.01798	0.01623	0.06869	0.01660	0.08068	0.11099	0.06377	0.06005	0.12052	0.14449	0.08557	0.08913	0.01982	0.00926	0.00785	0.00211	0.06450	0.00767	0.00528	0.00879
15	0.00931	0.00663	0.00888	0.00888	0.00952	0.00726	0.00620	0.01057	0.00994	0.01389	0.01868	0.03299	0.01946	0.37450	0.42579	0.00853	0.01234	0.00804	0.00367	0.00493
16	0.00945	0.00678	0.01017	0.01017	0.01120	0.00781	0.00781	0.01120	0.01017	0.01459	0.01664	0.02476	0.01562	0.04562	0.66859	0.09779	0.01603	0.00678	0.00339	0.00545
17	0.02414	0.03079	0.01831	0.01665	0.01998	0.74698	0.01248	0.02580	0.01831	0.01581	0.00999	0.01165	0.00832	0.00666	0.00583	0.00166	0.01165	0.00416	0.00333	0.00749
18	0.00787	0.00562	0.00750	0.00900	0.00937	0.00525	0.00600	0.00900	0.01237	0.01649	0.03561	0.76871	0.04274	0.02024	0.00825	0.00262	0.00375	0.01837	0.00600	0.00525
19	0.01727	0.77681	0.03386	0.01106	0.01658	0.02557	0.01106	0.01935	0.01313	0.01520	0.00898	0.01036	0.00829	0.00553	0.00415	0.00138	0.00691	0.00345	0.00276	0.00829
20	0.02456	0.01810	0.01939	0.01487	0.02004	0.02004	0.01228	0.71107	0.03038	0.04072	0.01551	0.01551	0.01099	0.00776	0.00646	0.00194	0.00711	0.00582	0.00646	0.01099
21	0.01628	0.01589	0.02595	0.03886	0.70779	0.04084	0.01957	0.02004	0.01484	0.02092	0.01208	0.01584	0.01017	0.00579	0.00638	0.00191	0.00781	0.00570	0.00320	0.01014
22	0.00845	0.00657	0.00785	0.00917	0.00973	0.03200	0.00619	0.00961	0.01268	0.01651	0.03593	0.71202	0.07008	0.01959	0.00813	0.00257	0.00401	0.01766	0.00590	0.00534
23	0.01577	0.39568	0.20343	0.13172	0.02434	0.02006	0.03725	0.01963	0.01343	0.04786	0.01084	0.01308	0.00870	0.00609	0.00568	0.00176	0.02869	0.00446	0.00301	0.00852
24	0.02139	0.01707	0.07834	0.01608	0.04985	0.04939	0.06899	0.29614	0.06533	0.16865	0.03398	0.02011	0.01419	0.00954	0.03743	0.00237	0.00771	0.02768	0.00580	0.00996
25	0.01340	0.01148	0.01340	0.00957	0.01531	0.00861	0.00766	0.01627	0.01340	0.02105	0.01148	0.01340	0.00957	0.00479	0.00479	0.00096	0.00479	0.00383	0.00383	0.81242
26	0.01421	0.02019	0.20100	0.05506	0.06762	0.03422	0.38264	0.01945	0.01443	0.01986	0.01421	0.07707	0.01198	0.00708	0.00756	0.00217	0.03187	0.00748	0.00333	0.00857
27	0.01034	0.00673	0.00846	0.00930	0.03524	0.00627	0.00634	0.01232	0.01368	0.04695	0.09867	0.35030	0.08377	0.04617	0.00811	0.00234	0.00390	0.03264	0.18202	0.03648
28	0.00774	0.00638	0.00680	0.00704	0.00888	0.00544	0.00515	0.00933	0.01444	0.01761	0.08542	0.18810	0.58148	0.01694	0.00775	0.00226	0.00335	0.01441	0.00604	0.00544
29	0.81856	0.01250	0.00950	0.00850	0.01250	0.01449	0.00700	0.01899	0.01100	0.02899	0.00900	0.01050	0.00700	0.00600	0.00400	0.00200	0.00500	0.00350	0.00400	0.00700
30	0.03986	0.12908	0.05102	0.16728	0.17407	0.17479	0.07787	0.02158	0.06876	0.01882	0.01215	0.01499	0.00974	0.00628	0.00601	0.00188	0.00870	0.00526	0.00337	0.00850

[dist]
# distance from previous block
# <min> <max>
1	12

[block]
# block no. 3 follows, 34 sequences, length 13
# corresponding to MSA columns:
# 214-226
name=unknown_D
#
# <colnr> <probs for GDERKNQSTAVLIFYWHMCP>
#	G	D	E	R	K	N	Q	S	T	A	V	L	I	F	Y	W	H	M	C	P
0	0.08021	0.06904	0.09977	0.01591	0.03836	0.18254	0.07053	0.19585	0.06662	0.02521	0.01533	0.01654	0.03813	0.00728	0.00636	0.00191	0.02478	0.00556	0.03124	0.00883
1	0.01703	0.35848	0.15445	0.01759	0.05735	0.08122	0.15154	0.05734	0.01507	0.01890	0.01083	0.01298	0.00881	0.00584	0.00555	0.00173	0.00860	0.00480	0.00312	0.00877
2	0.00853	0.00624	0.00785	0.00879	0.00955	0.00594	0.00603	0.01048	0.04038	0.01748	0.09393	0.51916	0.10007	0.09509	0.01060	0.00290	0.00404	0.04162	0.00590	0.00542
3	0.00942	0.00712	0.00889	0.01003	0.03358	0.00691	0.00708	0.01241	0.06730	0.01856	0.06949	0.34116	0.16810	0.06074	0.00931	0.00268	0.00432	0.12045	0.03652	0.00593
4	0.01779	0.10488	0.18479	0.04799	0.02109	0.06578	0.04030	0.09805	0.13975	0.11790	0.05854	0.02019	0.03935	0.00772	0.00626	0.00197	0.00725	0.00621	0.00493	0.00926
5	0.00927	0.00677	0.00963	0.00963	0.01052	0.00766	0.00713	0.01105	0.01016	0.01444	0.01800	0.02923	0.01782	0.21316	0.58489	0.00945	0.01480	0.00749	0.00356	0.00535
6	0.00787	0.00562	0.00750	0.00900	0.00937	0.00525	0.00600	0.00900	0.01237	0.01649	0.03561	0.76871	0.04274	0.02024	0.00825	0.00262	0.00375	0.01837	0.00600	0.00525
7	0.01484	0.01329	0.02287	0.37978	0.22816	0.01458	0.09797	0.04491	0.01454	0.05701	0.01296	0.01741	0.00996	0.00788	0.03474	0.00239	0.00873	0.00605	0.00344	0.00849
8	0.01593	0.20468	0.27513	0.01785	0.05594	0.05261	0.11710	0.02279	0.11663	0.04139	0.01368	0.01518	0.01045	0.00634	0.00595	0.00190	0.00836	0.00531	0.00358	0.00920
9	0.01488	0.02002	0.15173	0.02580	0.03283	0.01612	0.59815	0.02066	0.01499	0.02066	0.01283	0.01682	0.00954	0.00556	0.00738	0.00216	0.01068	0.00716	0.00318	0.00885
10	0.00802	0.00586	0.00756	0.00874	0.00945	0.00541	0.00603	0.00940	0.01315	0.01735	0.08629	0.60971	0.12731	0.01921	0.00815	0.00254	0.00372	0.04067	0.00607	0.00536
11	0.01676	0.21993	0.21756	0.05462	0.06286	0.04187	0.14638	0.07817	0.01553	0.05456	0.01209	0.01430	0.00926	0.00619	0.00627	0.00189	0.02402	0.00523	0.00345	0.00906
12	0.05587	0.01406	0.01478	0.01232	0.01576	0.07813	0.04094	0.23884	0.06006	0.02818	0.04438	0.02183	0.01556	0.00822	0.00660	0.00188	0.04016	0.04183	0.21305	0.04753

[dist]
# distance from previous block
# <min> <max>
0	3

[block]
# block no. 4 follows, 34 sequences, length 12
# corresponding to MSA columns:
# 230-241
name=unknown_E
#
# <colnr> <probs for GDERKNQSTAVLIFYWHMCP>
#	G	D	E	R	K	N	Q	S	T	A	V	L	I	F	Y	W	H	M	C	P
0	0.01534	0.38138	0.31343	0.01692	0.06832	0.02009	0.06422	0.01991	0.01358	0.01804	0.01050	0.01251	0.00848	0.00578	0.00532	0.00173	0.00828	0.00441	0.00281	0.00894
1	0.01475	0.01417	0.02359	0.22898	0.45940	0.01564	0.01862	0.01841	0.01363	0.01919	0.01152	0.01609	0.00958	0.00664	0.00826	0.00209	0.10163	0.00574	0.00306	0.00902
2	0.01279	0.03065	0.64814	0.01841	0.02719	0.01449	0.06769	0.01977	0.01367	0.02023	0.01318	0.06064	0.01043	0.00697	0.00637	0.00209	0.00928	0.00580	0.00297	0.00923
3	0.00787	0.00562	0.00750	0.00900	0.00937	0.00525	0.00600	0.00900	0.01237	0.01649	0.03561	0.76871	0.04274	0.02024	0.00825	0.00262	0.00375	0.01837	0.00600	0.00525
4	0.00940	0.00626	0.00705	0.00705	0.00705	0.00626	0.00392	0.00940	0.00940	0.01253	0.02036	0.04228	0.02349	0.77292	0.03289	0.00626	0.00626	0.00940	0.00392	0.00392
5	0.00836	0.00622	0.00778	0.00814	0.00936	0.00564	0.00582	0.01039	0.01532	0.02063	0.33179	0.32635	0.18742	0.01653	0.00786	0.00229	0.00336	0.01463	0.00646	0.00564
6	0.00873	0.00659	0.00807	0.00770	0.00940	0.00592	0.00577	0.01140	0.01732	0.02360	0.54795	0.05207	0.24367	0.01407	0.00763	0.00207	0.00311	0.01222	0.00681	0.00592
7	0.00921	0.00649	0.00821	0.00790	0.00940	0.00600	0.00588	0.01205	0.01731	0.02465	0.58588	0.08949	0.10064	0.01336	0.00740	0.00203	0.00310	0.01174	0.07325	0.00600
8	0.01827	0.11153	0.14749	0.06340	0.02167	0.06775	0.01397	0.21281	0.22740	0.02672	0.01658	0.01695	0.01241	0.00734	0.00612	0.00196	0.00734	0.00567	0.00494	0.00969
9	0.01608	0.03732	0.15675	0.16232	0.18111	0.09279	0.09459	0.07940	0.03245	0.02112	0.01250	0.01570	0.00968	0.00648	0.00678	0.00200	0.03123	0.00560	0.02721	0.00887
10	0.11219	0.05739	0.36526	0.01659	0.02350	0.06090	0.08008	0.05445	0.06025	0.07101	0.01320	0.01469	0.00962	0.00657	0.00637	0.00202	0.02789	0.00514	0.00375	0.00913
11	0.06757	0.01025	0.01196	0.05906	0.01499	0.01069	0.00849	0.10990	0.12098	0.08451	0.30041	0.03540	0.11799	0.01087	0.00691	0.00206	0.00461	0.00915	0.00640	0.00780

[dist]
# distance from previous block
# <min> <max>
0	4

[block]
# block no. 5 follows, 34 sequences, length 13
# corresponding to MSA columns:
# 246-258
name=unknown_F
#
# <colnr> <probs for GDERKNQSTAVLIFYWHMCP>
#	G	D	E	R	K	N	Q	S	T	A	V	L	I	F	Y	W	H	M	C	P
0	0.05828	0.19965	0.32916	0.01622	0.05072	0.01666	0.05451	0.02236	0.03659	0.13748	0.01370	0.01472	0.00996	0.00632	0.00573	0.00189	0.00790	0.00496	0.00384	0.00937
1	0.01717	0.01972	0.14797	0.06360	0.17930	0.05650	0.11864	0.15419	0.10163	0.02463	0.01421	0.01642	0.01082	0.00684	0.00715	0.00205	0.03947	0.00597	0.00413	0.00959
2	0.05929	0.06408	0.04387	0.03596	0.11295	0.26840	0.09343	0.12848	0.03597	0.04988	0.01251	0.01430	0.00971	0.00649	0.00605	0.00182	0.00898	0.00516	0.00404	0.03862
3	0.01556	0.01731	0.05710	0.02555	0.08516	0.01698	0.47954	0.05749	0.01510	0.02097	0.01233	0.01654	0.00963	0.00658	0.00964	0.00225	0.13324	0.00696	0.00335	0.00872
4	0.13851	0.01371	0.04953	0.04516	0.09072	0.01346	0.06251	0.17499	0.04256	0.09350	0.02085	0.13011	0.05492	0.00936	0.00643	0.00209	0.00625	0.00795	0.02878	0.00860
5	0.01122	0.00561	0.00842	0.00842	0.00842	0.00561	0.00561	0.00842	0.00842	0.01122	0.01122	0.01964	0.01122	0.02245	0.02525	0.81201	0.00561	0.00561	0.00281	0.00281
6	0.00952	0.00929	0.07357	0.01127	0.01305	0.00741	0.04715	0.03585	0.01348	0.01816	0.03145	0.57838	0.03633	0.01756	0.00802	0.00255	0.00495	0.07037	0.00557	0.00607
7	0.01327	0.01229	0.01635	0.05600	0.15633	0.06317	0.04545	0.03653	0.06134	0.01975	0.05595	0.14694	0.08489	0.01277	0.03711	0.00256	0.08793	0.05084	0.03303	0.00749
8	0.01601	0.20113	0.18060	0.01616	0.05387	0.06783	0.08750	0.04967	0.08291	0.02052	0.01260	0.01427	0.00997	0.00601	0.00562	0.00168	0.00772	0.00488	0.00359	0.15749
9	0.08837	0.10444	0.07866	0.02766	0.01805	0.04520	0.05992	0.10702	0.10688	0.05798	0.04997	0.04640	0.03426	0.02865	0.06655	0.00269	0.00751	0.00649	0.00469	0.05861
10	0.01823	0.01504	0.01562	0.01462	0.06489	0.13483	0.01068	0.11850	0.09147	0.11030	0.03802	0.02080	0.01497	0.06555	0.10314	0.00332	0.07948	0.00626	0.03616	0.03811
11	0.03231	0.04816	0.13118	0.10661	0.05540	0.07419	0.02757	0.08301	0.06434	0.06738	0.04025	0.11257	0.07466	0.00941	0.00649	0.00205	0.00686	0.00786	0.04153	0.00815
12	0.01729	0.04783	0.07407	0.07175	0.05851	0.17071	0.04683	0.04983	0.07708	0.09271	0.01866	0.04226	0.05432	0.03320	0.07042	0.00275	0.00867	0.00647	0.00439	0.05225

[dist]
# distance from previous block
# <min> <max>
0	182

# created by:
# /home/cegg/simao/soft/augustus-3.2.1/scripts/msa2prfl.pl ./align_prep/EOG090W0HM3.fa
