[name]
unknown

[dist]
# distance from previous block
# <min> <max>
0	215

[block]
# block no. 0 follows, 27 sequences, length 7
# corresponding to MSA columns:
# 235-241
name=unknown_A
#
# <colnr> <probs for GDERKNQSTAVLIFYWHMCP>
#	G	D	E	R	K	N	Q	S	T	A	V	L	I	F	Y	W	H	M	C	P
0	0.02302	0.03287	0.16163	0.01860	0.02355	0.48843	0.01627	0.02627	0.01918	0.01937	0.01506	0.09211	0.01382	0.00922	0.00707	0.00212	0.01190	0.00670	0.00401	0.00882
1	0.01619	0.01225	0.01341	0.01233	0.01544	0.01329	0.00958	0.11184	0.26182	0.02987	0.09075	0.11198	0.07645	0.01280	0.00770	0.00244	0.00530	0.04834	0.13890	0.00932
2	0.01022	0.00707	0.00829	0.00898	0.00991	0.00668	0.00609	0.01162	0.01407	0.01899	0.04050	0.28551	0.16301	0.23071	0.01723	0.00403	0.00512	0.05607	0.09013	0.00578
3	0.01445	0.01362	0.02319	0.57807	0.04561	0.01662	0.07033	0.01918	0.01484	0.01973	0.01367	0.01997	0.01048	0.00780	0.00864	0.00249	0.06177	0.00678	0.04447	0.00831
4	0.00997	0.00674	0.00863	0.00969	0.01054	0.00633	0.00668	0.01197	0.01568	0.02217	0.16093	0.51092	0.04900	0.01976	0.00876	0.00271	0.00404	0.01774	0.11139	0.00633
5	0.01061	0.00795	0.01193	0.01193	0.01326	0.00928	0.00928	0.01326	0.01193	0.01723	0.01988	0.02916	0.01856	0.05568	0.70968	0.01193	0.01988	0.00795	0.00398	0.00663
6	0.02005	0.16633	0.29885	0.01911	0.02669	0.17469	0.05825	0.07529	0.05142	0.02338	0.01364	0.01548	0.01048	0.00730	0.00670	0.00212	0.01056	0.00548	0.00389	0.01028

[dist]
# distance from previous block
# <min> <max>
0	5

[block]
# block no. 1 follows, 27 sequences, length 15
# corresponding to MSA columns:
# 247-261
name=unknown_B
#
# <colnr> <probs for GDERKNQSTAVLIFYWHMCP>
#	G	D	E	R	K	N	Q	S	T	A	V	L	I	F	Y	W	H	M	C	P
0	0.07984	0.01697	0.06130	0.01685	0.07346	0.06103	0.01306	0.13573	0.04721	0.14218	0.18050	0.02761	0.02681	0.01034	0.00898	0.00236	0.07113	0.00809	0.00650	0.01004
1	0.02011	0.04690	0.01708	0.01268	0.01755	0.01209	0.03803	0.05743	0.06410	0.19495	0.02221	0.07513	0.01826	0.05733	0.03094	0.00256	0.00665	0.00765	0.05224	0.24613
2	0.01913	0.11224	0.04405	0.07621	0.21891	0.01964	0.01656	0.13999	0.11603	0.02775	0.05690	0.02118	0.01655	0.00972	0.02588	0.00252	0.05405	0.00694	0.00506	0.01069
3	0.15384	0.01071	0.01051	0.01076	0.01271	0.05415	0.00784	0.05425	0.01573	0.02437	0.02902	0.38974	0.03163	0.01739	0.03054	0.00287	0.00577	0.01363	0.11743	0.00710
4	0.01336	0.05563	0.09993	0.13351	0.02214	0.01257	0.01287	0.06454	0.03923	0.02448	0.16975	0.11245	0.15074	0.01348	0.00811	0.00247	0.00650	0.04416	0.00592	0.00818
5	0.07075	0.01437	0.02005	0.10910	0.17259	0.01639	0.01525	0.09859	0.01752	0.02528	0.06077	0.07966	0.06262	0.01163	0.01112	0.00262	0.15278	0.04487	0.00496	0.00909
6	0.01579	0.01314	0.01560	0.03620	0.10026	0.04145	0.01116	0.11162	0.11716	0.02924	0.25131	0.07849	0.10378	0.01262	0.00805	0.00236	0.00583	0.01085	0.02604	0.00905
7	0.01257	0.00732	0.01054	0.01029	0.01059	0.00774	0.00720	0.01079	0.01094	0.01487	0.05661	0.02748	0.04346	0.05272	0.07481	0.57356	0.05308	0.00750	0.00377	0.00417
8	0.02074	0.02119	0.07673	0.06316	0.29052	0.09291	0.08771	0.11217	0.08428	0.05321	0.01642	0.01898	0.01264	0.00750	0.00744	0.00227	0.00944	0.00678	0.00474	0.01116
9	0.01058	0.00745	0.00865	0.00835	0.01033	0.00677	0.00626	0.01359	0.01878	0.02644	0.38211	0.05528	0.24905	0.01510	0.00812	0.00228	0.00357	0.01293	0.14762	0.00677
10	0.59282	0.01293	0.01127	0.06196	0.01609	0.01486	0.00847	0.01959	0.01267	0.02910	0.01395	0.06003	0.01292	0.09695	0.00913	0.00295	0.00614	0.00605	0.00462	0.00750
11	0.01292	0.01424	0.09991	0.10323	0.02206	0.01064	0.04048	0.01653	0.01521	0.02159	0.02579	0.23127	0.06951	0.01212	0.00748	0.00215	0.00657	0.01070	0.00498	0.27262
12	0.04383	0.01699	0.02177	0.02041	0.11536	0.01812	0.05945	0.25685	0.14115	0.07973	0.05708	0.05386	0.01907	0.00956	0.00802	0.00234	0.02717	0.00803	0.00652	0.03470
13	0.01573	0.01622	0.06912	0.01744	0.09841	0.03179	0.05431	0.02005	0.03423	0.02387	0.03706	0.04215	0.03567	0.00743	0.00689	0.00166	0.02336	0.00635	0.00450	0.45378
14	0.03518	0.01366	0.01562	0.14744	0.02241	0.05815	0.01182	0.11128	0.07693	0.06457	0.06814	0.08652	0.10954	0.05255	0.00998	0.00272	0.02978	0.03532	0.03977	0.00862

[dist]
# distance from previous block
# <min> <max>
3	46

[block]
# block no. 2 follows, 27 sequences, length 17
# corresponding to MSA columns:
# 309-325
name=unknown_C
#
# <colnr> <probs for GDERKNQSTAVLIFYWHMCP>
#	G	D	E	R	K	N	Q	S	T	A	V	L	I	F	Y	W	H	M	C	P
0	0.01863	0.08003	0.01708	0.01310	0.01658	0.12971	0.01021	0.17016	0.06848	0.02631	0.08109	0.03433	0.13118	0.12395	0.04423	0.00340	0.00814	0.00896	0.00584	0.00862
1	0.01373	0.00981	0.01400	0.01577	0.10561	0.00949	0.02931	0.04510	0.01669	0.07092	0.13821	0.30613	0.03876	0.13565	0.01348	0.00338	0.00584	0.01414	0.00636	0.00762
2	0.02004	0.15383	0.05973	0.01315	0.01764	0.03230	0.01153	0.07514	0.06256	0.17494	0.05979	0.07759	0.04650	0.01659	0.10009	0.00350	0.00851	0.02206	0.03490	0.00964
3	0.02681	0.09515	0.02241	0.01553	0.02126	0.02098	0.01301	0.45613	0.05063	0.13610	0.02189	0.02121	0.04652	0.00920	0.00722	0.00219	0.00759	0.00700	0.00721	0.01196
4	0.00942	0.00682	0.00863	0.00971	0.01041	0.00644	0.00651	0.01075	0.01420	0.01880	0.07081	0.48936	0.11822	0.13240	0.04785	0.00399	0.00541	0.01793	0.00645	0.00590
5	0.71236	0.01681	0.08123	0.01092	0.01617	0.01671	0.01002	0.02199	0.01294	0.03231	0.01064	0.01243	0.00818	0.00691	0.00484	0.00230	0.00628	0.00417	0.00445	0.00834
6	0.01645	0.32059	0.36246	0.01653	0.02469	0.02111	0.01939	0.02202	0.01598	0.02170	0.08098	0.01821	0.01564	0.00760	0.00630	0.00204	0.00898	0.00568	0.00366	0.00998
7	0.01874	0.04908	0.01642	0.01381	0.01761	0.08618	0.01072	0.03126	0.38344	0.08128	0.06185	0.05781	0.08617	0.04144	0.00883	0.00260	0.00646	0.00923	0.00692	0.01015
8	0.06257	0.01260	0.01608	0.01243	0.01787	0.01107	0.01015	0.05446	0.02037	0.46192	0.09254	0.02581	0.02172	0.00907	0.00714	0.00210	0.00594	0.00737	0.00801	0.14079
9	0.01019	0.00758	0.00949	0.00901	0.01090	0.00687	0.00676	0.01340	0.02027	0.02800	0.57722	0.05836	0.18281	0.01584	0.00876	0.00237	0.00355	0.01383	0.00794	0.00687
10	0.01939	0.68729	0.03646	0.01226	0.01826	0.02766	0.01213	0.02185	0.01512	0.01825	0.01138	0.01311	0.01025	0.00653	0.00480	0.00160	0.00760	0.00419	0.06255	0.00933
11	0.01080	0.00720	0.00810	0.00810	0.00810	0.00720	0.00450	0.01080	0.01080	0.01439	0.02339	0.04858	0.02699	0.73910	0.03779	0.00720	0.00720	0.01080	0.00450	0.00450
12	0.01965	0.63968	0.03574	0.01305	0.01909	0.02782	0.01257	0.02469	0.10993	0.01941	0.01316	0.01416	0.01140	0.00688	0.00516	0.00172	0.00764	0.00460	0.00380	0.00984
13	0.01072	0.00817	0.00893	0.00830	0.01015	0.00724	0.00553	0.01187	0.01368	0.01785	0.04074	0.05214	0.26526	0.37293	0.02265	0.00462	0.00571	0.01165	0.00535	0.11651
14	0.23028	0.01251	0.01430	0.01191	0.01652	0.01238	0.00960	0.02896	0.07114	0.36377	0.08558	0.06923	0.02264	0.01008	0.00695	0.00236	0.00574	0.00803	0.00760	0.01041
15	0.01673	0.01436	0.01775	0.01388	0.01938	0.01329	0.05770	0.07300	0.17826	0.02710	0.02021	0.08100	0.01727	0.00846	0.00673	0.00180	0.00620	0.00730	0.00556	0.41402
16	0.01953	0.07365	0.01841	0.01251	0.01868	0.05683	0.01021	0.07199	0.04544	0.09652	0.01562	0.01673	0.01218	0.00654	0.00596	0.00146	0.00649	0.00505	0.00513	0.50107

[dist]
# distance from previous block
# <min> <max>
0	70

[block]
# block no. 3 follows, 27 sequences, length 20
# corresponding to MSA columns:
# 396-415
name=unknown_D
#
# <colnr> <probs for GDERKNQSTAVLIFYWHMCP>
#	G	D	E	R	K	N	Q	S	T	A	V	L	I	F	Y	W	H	M	C	P
0	0.01622	0.06787	0.31563	0.02164	0.08192	0.06558	0.11044	0.02337	0.06590	0.02362	0.06644	0.02409	0.06755	0.00860	0.00745	0.00231	0.00955	0.00746	0.00428	0.01007
1	0.01355	0.06319	0.06063	0.01071	0.01195	0.00890	0.00839	0.01158	0.01050	0.01398	0.01273	0.02129	0.01240	0.02303	0.02567	0.67098	0.00688	0.00620	0.00321	0.00424
2	0.01600	0.01339	0.01566	0.01151	0.01769	0.01082	0.00922	0.06630	0.01659	0.02537	0.01401	0.01655	0.01165	0.00929	0.05537	0.00195	0.00671	0.00482	0.00459	0.67250
3	0.00928	0.00734	0.00839	0.00871	0.01058	0.00644	0.00640	0.01141	0.01715	0.02182	0.18900	0.21416	0.40399	0.01911	0.00897	0.00261	0.00393	0.03718	0.00715	0.00638
4	0.00975	0.00707	0.00951	0.01026	0.01119	0.00696	0.00725	0.01174	0.01510	0.02070	0.17378	0.39398	0.06535	0.06280	0.15337	0.00488	0.00744	0.01614	0.00645	0.00629
5	0.00967	0.00750	0.00880	0.00859	0.01061	0.00663	0.00640	0.01235	0.01888	0.02497	0.38740	0.09607	0.34108	0.01717	0.00880	0.00244	0.00366	0.01479	0.00755	0.00663
6	0.00904	0.00646	0.00861	0.01034	0.01077	0.00603	0.00689	0.01034	0.01421	0.01895	0.04092	0.73426	0.04910	0.02326	0.00948	0.00301	0.00431	0.02110	0.00689	0.00603
7	0.01510	0.01251	0.01912	0.41839	0.05811	0.01482	0.01620	0.06441	0.06642	0.02078	0.01518	0.02128	0.01220	0.01395	0.05153	0.15201	0.00934	0.00679	0.00396	0.00789
8	0.57270	0.01996	0.16725	0.01437	0.05699	0.01684	0.01324	0.02226	0.01356	0.03059	0.01122	0.01323	0.00856	0.00691	0.00530	0.00230	0.00709	0.00450	0.00421	0.00891
9	0.02565	0.17304	0.02461	0.01789	0.02203	0.54401	0.01411	0.02764	0.01942	0.01802	0.01117	0.01323	0.00956	0.00765	0.00715	0.00191	0.04579	0.00470	0.00367	0.00876
10	0.73142	0.01391	0.01099	0.01006	0.01444	0.01603	0.00834	0.02133	0.01298	0.03245	0.01257	0.01759	0.01071	0.00794	0.00503	0.00238	0.00583	0.05328	0.00477	0.00795
11	0.02157	0.35067	0.10244	0.01547	0.02133	0.18962	0.01446	0.10473	0.01951	0.02289	0.06202	0.01664	0.01438	0.00772	0.00611	0.00188	0.00928	0.00537	0.00423	0.00967
12	0.01061	0.00815	0.00978	0.00927	0.01139	0.00761	0.00698	0.01492	0.06587	0.02735	0.48459	0.05764	0.22666	0.01576	0.00868	0.00239	0.00373	0.01365	0.00780	0.00715
13	0.01041	0.00759	0.01070	0.01094	0.01191	0.00836	0.00801	0.01241	0.01234	0.01736	0.04373	0.13752	0.02611	0.17031	0.46658	0.00949	0.01485	0.01056	0.00463	0.00618
14	0.01422	0.01070	0.01307	0.01361	0.06125	0.01066	0.01003	0.12717	0.02055	0.02756	0.14529	0.07154	0.20718	0.01543	0.00855	0.00258	0.00556	0.16285	0.06414	0.00804
15	0.01080	0.00741	0.00964	0.00986	0.01135	0.00681	0.00719	0.01338	0.01819	0.05082	0.36849	0.29719	0.10290	0.01825	0.00901	0.00262	0.00403	0.03760	0.00762	0.00682
16	0.01541	0.06600	0.04542	0.12513	0.02505	0.06832	0.10765	0.01976	0.04832	0.02141	0.05459	0.05854	0.05934	0.01223	0.01024	0.03278	0.07081	0.11054	0.04032	0.00815
17	0.14382	0.03366	0.02948	0.01200	0.01597	0.03437	0.00973	0.07089	0.16788	0.11979	0.05974	0.06797	0.07270	0.01058	0.00686	0.00229	0.00575	0.00846	0.11859	0.00948
18	0.16794	0.13342	0.10359	0.01589	0.02146	0.15132	0.05883	0.05529	0.09186	0.02546	0.03518	0.04225	0.01424	0.00814	0.00642	0.00213	0.00865	0.00618	0.00464	0.04712
19	0.01018	0.00720	0.00903	0.00978	0.01115	0.00653	0.00700	0.01212	0.01633	0.04386	0.15377	0.41329	0.20070	0.02030	0.00917	0.00278	0.00424	0.04890	0.00717	0.00650

[dist]
# distance from previous block
# <min> <max>
2	5

[block]
# block no. 4 follows, 27 sequences, length 12
# corresponding to MSA columns:
# 424-427,432-438,445
name=unknown_E
#
# <colnr> <probs for GDERKNQSTAVLIFYWHMCP>
#	G	D	E	R	K	N	Q	S	T	A	V	L	I	F	Y	W	H	M	C	P
0	0.01795	0.08468	0.26534	0.01598	0.02207	0.06961	0.01645	0.07175	0.05453	0.07603	0.02061	0.05521	0.04773	0.08320	0.01164	0.03915	0.02639	0.00751	0.00474	0.00944
1	0.01952	0.04139	0.02580	0.11422	0.32373	0.17545	0.04719	0.02411	0.04953	0.02220	0.01608	0.01940	0.03460	0.00745	0.00716	0.00213	0.00965	0.00649	0.00399	0.04989
2	0.01726	0.01222	0.01471	0.01173	0.01664	0.01079	0.00924	0.02245	0.11241	0.11294	0.02110	0.02283	0.04344	0.01385	0.07863	0.06431	0.00710	0.00639	0.00547	0.39648
3	0.01623	0.05385	0.02013	0.14535	0.19790	0.01370	0.01460	0.04253	0.01807	0.07730	0.15205	0.05672	0.07756	0.01076	0.00774	0.00231	0.00694	0.03852	0.00555	0.04220
4	0.00967	0.00707	0.00909	0.00961	0.01084	0.00649	0.00682	0.01201	0.01753	0.02390	0.33419	0.36420	0.12268	0.01920	0.00908	0.00266	0.00389	0.01712	0.00746	0.00649
5	0.01605	0.04303	0.09366	0.05779	0.14362	0.01565	0.17421	0.05962	0.05106	0.02381	0.05589	0.07599	0.01905	0.04475	0.05537	0.03814	0.00967	0.00874	0.00456	0.00933
6	0.79154	0.01436	0.01091	0.00976	0.01436	0.01665	0.00804	0.02182	0.01263	0.03331	0.01034	0.01206	0.00804	0.00689	0.00459	0.00230	0.00574	0.00402	0.00459	0.00804
7	0.01859	0.01449	0.01666	0.01226	0.01861	0.01240	0.00989	0.12500	0.04486	0.06612	0.01551	0.01682	0.01213	0.00643	0.00600	0.00140	0.00599	0.00510	0.00528	0.58644
8	0.00907	0.00668	0.00851	0.00986	0.01067	0.00611	0.00670	0.01056	0.01496	0.01964	0.07733	0.59970	0.14864	0.02218	0.00933	0.00290	0.00418	0.01990	0.00695	0.00611
9	0.02113	0.01725	0.05443	0.16468	0.02751	0.01751	0.01466	0.21115	0.17606	0.09379	0.01999	0.02082	0.01455	0.00837	0.00720	0.00222	0.00764	0.00679	0.00615	0.10814
10	0.01093	0.00888	0.01220	0.01189	0.01422	0.00825	0.06006	0.01357	0.01642	0.02064	0.05106	0.06997	0.31373	0.09068	0.01227	0.00334	0.00601	0.26291	0.00638	0.00661
11	0.01480	0.01541	0.08336	0.01420	0.01737	0.06738	0.03351	0.05051	0.13195	0.02157	0.02141	0.05248	0.01954	0.14513	0.27066	0.00668	0.01262	0.00841	0.00485	0.00815

[dist]
# distance from previous block
# <min> <max>
0	2

[block]
# block no. 5 follows, 27 sequences, length 16
# corresponding to MSA columns:
# 448-463
name=unknown_F
#
# <colnr> <probs for GDERKNQSTAVLIFYWHMCP>
#	G	D	E	R	K	N	Q	S	T	A	V	L	I	F	Y	W	H	M	C	P
0	0.02420	0.01689	0.01991	0.01654	0.04614	0.06315	0.05105	0.19842	0.09791	0.19967	0.09100	0.02433	0.02071	0.00909	0.00742	0.00217	0.00733	0.00754	0.00704	0.08949
1	0.01763	0.24537	0.14854	0.04257	0.02251	0.04064	0.05936	0.05704	0.05591	0.03652	0.04533	0.02224	0.01588	0.10795	0.01175	0.00283	0.04777	0.00668	0.00426	0.00924
2	0.09767	0.50050	0.15644	0.01399	0.02098	0.02485	0.01484	0.02318	0.01528	0.05727	0.01191	0.01334	0.00984	0.00669	0.00531	0.00184	0.00819	0.00444	0.00364	0.00981
3	0.02779	0.03370	0.02118	0.01889	0.02296	0.63037	0.01432	0.10306	0.02263	0.02146	0.01221	0.01390	0.00991	0.00780	0.00678	0.00195	0.01279	0.00500	0.00424	0.00907
4	0.01158	0.01199	0.09149	0.01290	0.01587	0.01026	0.01132	0.01499	0.01271	0.01866	0.01845	0.02622	0.01674	0.04501	0.55770	0.00973	0.01741	0.00731	0.00392	0.08575
5	0.62394	0.01489	0.01584	0.08415	0.02088	0.01688	0.08496	0.02176	0.01342	0.03076	0.01116	0.01376	0.00860	0.00687	0.00536	0.00234	0.00694	0.00483	0.00437	0.00829
6	0.10341	0.01292	0.05946	0.01217	0.01562	0.01170	0.01019	0.10951	0.05513	0.02720	0.08812	0.21691	0.11630	0.01506	0.00808	0.00257	0.00575	0.07596	0.00646	0.04749
7	0.01820	0.38416	0.32931	0.01687	0.02508	0.07072	0.01931	0.02330	0.01575	0.02018	0.01172	0.01367	0.00948	0.00675	0.00591	0.00195	0.00965	0.00469	0.00320	0.01010
8	0.02905	0.01701	0.01979	0.01534	0.02093	0.01772	0.01264	0.39535	0.02848	0.28572	0.02218	0.02125	0.01511	0.01181	0.04940	0.00283	0.00818	0.00705	0.00787	0.01227
9	0.01624	0.00924	0.00948	0.00862	0.01105	0.00961	0.00668	0.12598	0.01880	0.03087	0.02315	0.02603	0.01796	0.00869	0.00556	0.00181	0.00425	0.00688	0.65124	0.00787
10	0.02935	0.01899	0.02116	0.01622	0.02212	0.02034	0.01340	0.52832	0.03188	0.19077	0.02036	0.01947	0.01390	0.00897	0.00744	0.00224	0.00776	0.00686	0.00782	0.01263
11	0.00886	0.00718	0.00787	0.00842	0.01026	0.00619	0.00604	0.01055	0.01606	0.01970	0.06428	0.28258	0.48569	0.02022	0.00900	0.00267	0.00393	0.01740	0.00689	0.00619
12	0.01030	0.00773	0.00947	0.01034	0.01194	0.00730	0.00787	0.01331	0.04413	0.02165	0.10056	0.29722	0.22313	0.01974	0.00919	0.00285	0.00471	0.16044	0.03149	0.00663
13	0.01420	0.00786	0.00922	0.00856	0.01084	0.00732	0.00653	0.01743	0.01833	0.10174	0.27243	0.04253	0.11429	0.01225	0.00715	0.00210	0.00383	0.01035	0.32553	0.00751
14	0.00957	0.00731	0.00885	0.00967	0.01099	0.00677	0.00679	0.01218	0.04562	0.02112	0.12913	0.44074	0.22310	0.02047	0.00911	0.00277	0.00413	0.01813	0.00708	0.00647
15	0.11114	0.05738	0.02370	0.01742	0.02328	0.18821	0.15450	0.02309	0.01693	0.02334	0.01268	0.01534	0.01027	0.00641	0.00637	0.00178	0.00916	0.00538	0.00408	0.28955

[dist]
# distance from previous block
# <min> <max>
5	7

[block]
# block no. 6 follows, 27 sequences, length 19
# corresponding to MSA columns:
# 471-475,479-492
name=unknown_G
#
# <colnr> <probs for GDERKNQSTAVLIFYWHMCP>
#	G	D	E	R	K	N	Q	S	T	A	V	L	I	F	Y	W	H	M	C	P
0	0.01005	0.00737	0.00943	0.00935	0.01092	0.00674	0.00685	0.01297	0.01931	0.02673	0.50350	0.18637	0.12862	0.01708	0.00889	0.00248	0.00368	0.01511	0.00780	0.00674
1	0.01404	0.00820	0.00998	0.00911	0.01160	0.00741	0.00698	0.01711	0.01927	0.12515	0.35091	0.04968	0.18384	0.01395	0.00797	0.00226	0.00396	0.01192	0.13899	0.00766
2	0.00904	0.00739	0.00775	0.00790	0.00995	0.00635	0.00570	0.01073	0.01622	0.01971	0.08509	0.13299	0.54883	0.08525	0.01150	0.00298	0.00412	0.01568	0.00671	0.00610
3	0.06147	0.01429	0.01797	0.01383	0.01957	0.01349	0.01142	0.15889	0.02358	0.54535	0.02632	0.02331	0.01686	0.00905	0.00735	0.00228	0.00666	0.00718	0.00867	0.01246
4	0.01823	0.02173	0.18923	0.01673	0.02239	0.05344	0.01608	0.08896	0.28496	0.04614	0.02536	0.03262	0.02105	0.01086	0.00783	0.00257	0.00795	0.11710	0.00615	0.01064
5	0.02257	0.01639	0.06110	0.01357	0.01836	0.01600	0.01165	0.31629	0.06614	0.09994	0.02145	0.02219	0.01565	0.00880	0.00669	0.00210	0.00651	0.00686	0.25711	0.01062
6	0.06452	0.02207	0.01799	0.01580	0.01986	0.24580	0.01223	0.16004	0.20330	0.02947	0.08136	0.05473	0.02104	0.00993	0.00728	0.00225	0.00853	0.00765	0.00616	0.00999
7	0.72434	0.01420	0.01147	0.01007	0.01476	0.01614	0.00829	0.02309	0.01340	0.09221	0.01202	0.01323	0.00896	0.00709	0.00485	0.00230	0.00579	0.00433	0.00500	0.00845
8	0.01879	0.01605	0.02246	0.04712	0.32095	0.01687	0.01647	0.08598	0.20896	0.05550	0.02604	0.02690	0.08647	0.00923	0.00757	0.00234	0.00731	0.00812	0.00569	0.01120
9	0.00962	0.00762	0.00875	0.00939	0.01114	0.00697	0.00684	0.01241	0.05062	0.02062	0.07531	0.31846	0.35831	0.02002	0.00906	0.00275	0.00425	0.05439	0.00696	0.00652
10	0.01265	0.01071	0.01526	0.01422	0.01506	0.01367	0.01137	0.01491	0.01204	0.01807	0.01769	0.06213	0.01714	0.03672	0.39828	0.00792	0.26378	0.00809	0.04315	0.00713
11	0.01730	0.01800	0.02258	0.01946	0.01981	0.08576	0.01607	0.01895	0.01226	0.01789	0.00990	0.01598	0.00973	0.01250	0.02274	0.00313	0.66015	0.00634	0.00330	0.00817
12	0.07631	0.01247	0.01465	0.01189	0.01640	0.01225	0.00964	0.11387	0.05990	0.34598	0.02520	0.02421	0.01737	0.00891	0.00666	0.00215	0.00572	0.00704	0.21869	0.01072
13	0.00914	0.00708	0.00835	0.00915	0.01064	0.00630	0.00654	0.01092	0.01598	0.02031	0.10091	0.37166	0.33190	0.02064	0.00915	0.00276	0.00410	0.04127	0.00698	0.00623
14	0.00954	0.00680	0.00858	0.00959	0.01021	0.00639	0.00633	0.01085	0.01443	0.01926	0.10944	0.47787	0.08898	0.16789	0.01512	0.00376	0.00477	0.01782	0.00654	0.00584
15	0.00955	0.00680	0.00903	0.01052	0.01115	0.00643	0.00732	0.01113	0.01474	0.01970	0.07814	0.58556	0.04844	0.06152	0.01106	0.00325	0.00469	0.08806	0.00683	0.00609
16	0.04615	0.05710	0.17447	0.08817	0.07519	0.03284	0.01612	0.10196	0.04802	0.02611	0.01716	0.08293	0.01479	0.00862	0.00683	0.00209	0.00795	0.00707	0.02428	0.16212
17	0.02082	0.05635	0.24521	0.01659	0.02324	0.04910	0.01676	0.10704	0.12375	0.15456	0.02221	0.09398	0.01773	0.00984	0.00739	0.00237	0.00822	0.00799	0.00594	0.01092
18	0.01914	0.21875	0.29147	0.01656	0.02425	0.06796	0.01801	0.07094	0.03248	0.06737	0.03039	0.01782	0.02922	0.00762	0.00647	0.00203	0.00902	0.00567	0.00429	0.06054

[dist]
# distance from previous block
# <min> <max>
1	24

[block]
# block no. 7 follows, 27 sequences, length 20
# corresponding to MSA columns:
# 547-566
name=unknown_H
#
# <colnr> <probs for GDERKNQSTAVLIFYWHMCP>
#	G	D	E	R	K	N	Q	S	T	A	V	L	I	F	Y	W	H	M	C	P
0	0.06818	0.29517	0.29731	0.01665	0.02443	0.06786	0.01840	0.05723	0.05041	0.02313	0.01299	0.01462	0.01021	0.00707	0.00607	0.00204	0.00927	0.00499	0.00373	0.01022
1	0.01543	0.12834	0.05542	0.08540	0.16912	0.03063	0.03817	0.01797	0.01395	0.01874	0.01468	0.02178	0.01339	0.06560	0.14135	0.11946	0.03218	0.00667	0.00357	0.00815
2	0.02427	0.01650	0.09682	0.01447	0.01991	0.01401	0.01290	0.12892	0.11306	0.30675	0.10368	0.02715	0.02318	0.01245	0.04867	0.00289	0.00755	0.00798	0.00755	0.01129
3	0.00912	0.00667	0.00857	0.00992	0.01070	0.00613	0.00675	0.01064	0.01503	0.01985	0.09104	0.60513	0.12889	0.02214	0.00934	0.00290	0.00418	0.01990	0.00698	0.00613
4	0.01214	0.01041	0.01496	0.01382	0.01481	0.01259	0.03224	0.01413	0.01243	0.01771	0.02335	0.11222	0.06473	0.10971	0.29221	0.00699	0.21443	0.00992	0.00435	0.00684
5	0.01201	0.00788	0.01002	0.00929	0.01138	0.00719	0.00704	0.01531	0.02035	0.07293	0.55050	0.05363	0.12548	0.01481	0.00849	0.00232	0.00371	0.01292	0.04744	0.00730
6	0.01045	0.00768	0.00992	0.03789	0.01229	0.00778	0.00725	0.01273	0.03279	0.01987	0.15185	0.23588	0.07876	0.21365	0.12258	0.00527	0.00751	0.01375	0.00593	0.00616
7	0.01489	0.03840	0.70064	0.02116	0.03213	0.01724	0.02743	0.02351	0.01567	0.02351	0.01332	0.01567	0.00940	0.00705	0.00705	0.00235	0.01097	0.00549	0.00313	0.01097
8	0.06681	0.01565	0.03571	0.01339	0.01772	0.01668	0.01098	0.23608	0.23120	0.03516	0.02288	0.02319	0.01715	0.00903	0.00668	0.00219	0.00611	0.00709	0.21581	0.01048
9	0.01014	0.00757	0.00942	0.00896	0.01087	0.00685	0.00672	0.01331	0.02016	0.02774	0.56071	0.05879	0.19948	0.01593	0.00876	0.00237	0.00356	0.01389	0.00791	0.00685
10	0.01460	0.03682	0.66649	0.02062	0.03108	0.01669	0.02641	0.02286	0.01560	0.02329	0.01468	0.05114	0.01136	0.00785	0.00717	0.00238	0.01064	0.00626	0.00332	0.01073
11	0.00948	0.00685	0.00906	0.01068	0.01144	0.00643	0.00760	0.01114	0.01483	0.01953	0.04281	0.59201	0.08822	0.02255	0.00955	0.00305	0.00466	0.11706	0.00688	0.00617
12	0.01763	0.10708	0.51638	0.01997	0.02924	0.13993	0.02369	0.02446	0.01656	0.02198	0.01270	0.01490	0.00944	0.00709	0.00677	0.00220	0.01110	0.00521	0.00326	0.01041
13	0.00931	0.00674	0.00884	0.01031	0.01104	0.00627	0.00715	0.01091	0.01499	0.01989	0.08206	0.60691	0.09192	0.02230	0.00944	0.00297	0.00439	0.06145	0.00696	0.00616
14	0.70231	0.01500	0.01137	0.01022	0.01459	0.05159	0.00830	0.02172	0.01360	0.03230	0.05386	0.01491	0.01209	0.00746	0.00497	0.00228	0.00599	0.00466	0.00478	0.00800
15	0.00971	0.00766	0.01074	0.01101	0.01234	0.00710	0.04878	0.01141	0.01467	0.01912	0.04439	0.47697	0.17733	0.06946	0.03960	0.00351	0.00554	0.01797	0.00642	0.00626
16	0.01764	0.01560	0.01552	0.01434	0.04318	0.10314	0.01030	0.11856	0.13440	0.02643	0.09060	0.10562	0.02588	0.12726	0.01230	0.00297	0.00705	0.00934	0.00597	0.11389
17	0.04307	0.04058	0.04445	0.01625	0.09103	0.01429	0.01158	0.12192	0.11434	0.05501	0.02556	0.09193	0.06399	0.12359	0.06686	0.00379	0.00785	0.00920	0.00574	0.04899
18	0.09528	0.15045	0.04343	0.01475	0.03478	0.11300	0.01206	0.06907	0.15767	0.08575	0.05704	0.02065	0.01701	0.00947	0.00788	0.04916	0.00758	0.00634	0.00550	0.04314
19	0.12232	0.30277	0.10366	0.03430	0.02143	0.02261	0.01397	0.11653	0.11850	0.05577	0.01563	0.01638	0.01213	0.00758	0.00599	0.00206	0.00770	0.00543	0.00488	0.01037

[dist]
# distance from previous block
# <min> <max>
0	7

[block]
# block no. 8 follows, 27 sequences, length 9
# corresponding to MSA columns:
# 580-588
name=unknown_I
#
# <colnr> <probs for GDERKNQSTAVLIFYWHMCP>
#	G	D	E	R	K	N	Q	S	T	A	V	L	I	F	Y	W	H	M	C	P
0	0.03346	0.01051	0.01312	0.01223	0.01437	0.05045	0.03975	0.01572	0.04312	0.02070	0.12302	0.03753	0.11602	0.06336	0.36423	0.00739	0.01314	0.00966	0.00514	0.00708
1	0.02426	0.02090	0.02037	0.04611	0.07367	0.16102	0.01383	0.29859	0.07996	0.07295	0.02130	0.02250	0.05312	0.02857	0.02711	0.00260	0.00910	0.00713	0.00615	0.01075
2	0.01567	0.01009	0.01189	0.01269	0.07509	0.01066	0.00865	0.08098	0.07234	0.02835	0.02270	0.02603	0.01800	0.01358	0.08038	0.00297	0.00635	0.00710	0.48822	0.00828
3	0.01657	0.01444	0.01825	0.01538	0.07503	0.01228	0.03836	0.04938	0.07828	0.02580	0.01512	0.01709	0.01223	0.00620	0.00607	0.00143	0.00622	0.00524	0.00474	0.58189
4	0.00912	0.00748	0.00803	0.00800	0.01026	0.00640	0.00596	0.01128	0.01757	0.02185	0.19023	0.09971	0.54172	0.01832	0.00880	0.00250	0.00374	0.01550	0.00714	0.00640
5	0.01741	0.01590	0.01810	0.07555	0.02012	0.12192	0.01316	0.01947	0.01418	0.07421	0.01664	0.06519	0.01576	0.08319	0.12872	0.00462	0.27585	0.00782	0.00428	0.00789
6	0.00927	0.00665	0.00857	0.00991	0.01049	0.00620	0.00660	0.01059	0.01441	0.01915	0.07450	0.59584	0.08663	0.08923	0.01203	0.00334	0.00450	0.01942	0.00673	0.00595
7	0.01521	0.04457	0.02170	0.06455	0.15281	0.01761	0.01595	0.01801	0.01364	0.01962	0.01621	0.02733	0.01576	0.01916	0.13136	0.00439	0.30303	0.08669	0.00390	0.00850
8	0.09736	0.01514	0.01979	0.18746	0.17978	0.05001	0.01498	0.04910	0.01682	0.04691	0.03335	0.01915	0.01310	0.00724	0.00656	0.00201	0.00766	0.00605	0.06382	0.16370

[dist]
# distance from previous block
# <min> <max>
0	2

[block]
# block no. 9 follows, 27 sequences, length 31
# corresponding to MSA columns:
# 591-621
name=unknown_J
#
# <colnr> <probs for GDERKNQSTAVLIFYWHMCP>
#	G	D	E	R	K	N	Q	S	T	A	V	L	I	F	Y	W	H	M	C	P
0	0.09543	0.03441	0.04831	0.01248	0.01651	0.05313	0.01044	0.17361	0.02111	0.07686	0.08391	0.08487	0.16069	0.01218	0.00778	0.00232	0.02309	0.00971	0.06415	0.00900
1	0.08033	0.06794	0.07684	0.02156	0.09910	0.37907	0.05252	0.04529	0.06845	0.02242	0.01353	0.01552	0.01084	0.00750	0.00674	0.00208	0.01107	0.00549	0.00415	0.00958
2	0.07596	0.02123	0.17564	0.14513	0.13886	0.01784	0.01862	0.15052	0.09014	0.02929	0.05268	0.02044	0.01513	0.00816	0.00720	0.00234	0.00854	0.00674	0.00495	0.01060
3	0.12958	0.05361	0.01869	0.01461	0.01928	0.06954	0.01189	0.32222	0.02497	0.09713	0.02111	0.11228	0.01841	0.01089	0.00727	0.00235	0.00748	0.04169	0.00662	0.01039
4	0.01556	0.01425	0.02296	0.53894	0.04435	0.01696	0.06472	0.06858	0.06613	0.02239	0.01600	0.02287	0.01249	0.00818	0.00764	0.00250	0.00953	0.03295	0.00410	0.00890
5	0.01062	0.00791	0.01169	0.01169	0.01293	0.00915	0.00898	0.01310	0.01186	0.01705	0.02011	0.03039	0.01909	0.09895	0.66714	0.01163	0.01908	0.00813	0.00401	0.00649
6	0.01264	0.00765	0.00903	0.00869	0.00942	0.00755	0.00544	0.01346	0.01269	0.06745	0.07281	0.04506	0.02860	0.55113	0.06465	0.00636	0.00725	0.01036	0.05422	0.00555
7	0.02102	0.00914	0.01106	0.00949	0.01275	0.00845	0.00750	0.02426	0.01812	0.28330	0.07312	0.02872	0.02238	0.00932	0.00631	0.00199	0.00455	0.00759	0.43183	0.00910
8	0.01561	0.01182	0.01415	0.01288	0.01565	0.01293	0.01011	0.16333	0.11230	0.02778	0.11129	0.06544	0.05334	0.06704	0.21891	0.00559	0.01026	0.05674	0.00626	0.00859
9	0.01624	0.01624	0.02274	0.01949	0.01949	0.02274	0.01624	0.01787	0.01137	0.01787	0.00975	0.01624	0.00975	0.01299	0.02436	0.00325	0.72552	0.00650	0.00325	0.00812
10	0.02309	0.14663	0.02219	0.01700	0.04751	0.34869	0.01291	0.06662	0.05584	0.05473	0.02052	0.07026	0.06448	0.00961	0.00688	0.00206	0.00983	0.00713	0.00485	0.00916
11	0.11597	0.01431	0.01712	0.01357	0.01901	0.01409	0.01111	0.11743	0.10492	0.45433	0.02578	0.02312	0.01700	0.00901	0.00715	0.00232	0.00644	0.00709	0.00824	0.01201
12	0.79154	0.01436	0.01091	0.00976	0.01436	0.01665	0.00804	0.02182	0.01263	0.03331	0.01034	0.01206	0.00804	0.00689	0.00459	0.00230	0.00574	0.00402	0.00459	0.00804
13	0.00954	0.00731	0.00874	0.00890	0.01063	0.00651	0.00648	0.01194	0.01796	0.02374	0.31585	0.21561	0.29328	0.01835	0.00893	0.00255	0.00378	0.01600	0.00741	0.00651
14	0.01624	0.01624	0.02274	0.01949	0.01949	0.02274	0.01624	0.01787	0.01137	0.01787	0.00975	0.01624	0.00975	0.01299	0.02436	0.00325	0.72552	0.00650	0.00325	0.00812
15	0.06277	0.01388	0.01583	0.01363	0.01757	0.01461	0.01100	0.25047	0.07321	0.11754	0.11179	0.11440	0.04657	0.01305	0.00808	0.00252	0.00632	0.08934	0.00745	0.00996
16	0.01005	0.00757	0.00929	0.00886	0.01081	0.00681	0.00664	0.01312	0.01993	0.02721	0.52696	0.05967	0.23356	0.01613	0.00876	0.00238	0.00357	0.01402	0.00783	0.00681
17	0.02020	0.01783	0.01805	0.01593	0.01960	0.09151	0.01264	0.17243	0.30085	0.03035	0.02502	0.07943	0.02133	0.01163	0.00939	0.00257	0.07581	0.05837	0.00661	0.01046
18	0.00954	0.00698	0.00897	0.00968	0.01081	0.00640	0.00680	0.01169	0.01694	0.02295	0.27701	0.42051	0.12448	0.01989	0.00914	0.00272	0.00396	0.01777	0.00735	0.00640
19	0.06835	0.07127	0.01951	0.01533	0.06661	0.10498	0.01144	0.10518	0.01857	0.02643	0.01323	0.01519	0.01078	0.00645	0.00592	0.00154	0.00730	0.00485	0.00459	0.42248
20	0.01274	0.00776	0.00945	0.00985	0.01133	0.00741	0.00734	0.01480	0.01516	0.07048	0.03650	0.17514	0.10684	0.18111	0.01507	0.00371	0.00547	0.15482	0.14850	0.00654
21	0.01216	0.00840	0.01022	0.00978	0.01198	0.00783	0.00731	0.01621	0.06761	0.07535	0.35610	0.15343	0.20261	0.01637	0.00868	0.00248	0.00406	0.01425	0.00772	0.00746
22	0.06283	0.15144	0.07198	0.06944	0.06613	0.07158	0.01496	0.23552	0.05712	0.08398	0.01690	0.03667	0.01309	0.00834	0.00678	0.00216	0.00838	0.00636	0.00553	0.01081
23	0.01676	0.10226	0.13540	0.07777	0.20654	0.01806	0.20433	0.02204	0.01679	0.02327	0.06347	0.02042	0.01514	0.00720	0.00745	0.00223	0.00966	0.00717	0.00389	0.04014
24	0.00904	0.00646	0.00861	0.01034	0.01077	0.00603	0.00689	0.01034	0.01421	0.01895	0.04092	0.73426	0.04910	0.02326	0.00948	0.00301	0.00431	0.02110	0.00689	0.00603
25	0.01732	0.10741	0.11921	0.02314	0.07642	0.08622	0.20700	0.02180	0.01611	0.02115	0.01583	0.02385	0.01397	0.01250	0.06487	0.00320	0.09179	0.06506	0.00385	0.00930
26	0.01810	0.15508	0.26923	0.13036	0.11575	0.12339	0.04360	0.02343	0.01647	0.02105	0.01264	0.01580	0.00989	0.00699	0.00675	0.00216	0.01041	0.00554	0.00336	0.01001
27	0.01050	0.00752	0.00984	0.00994	0.01070	0.00803	0.00687	0.01188	0.01184	0.01625	0.02561	0.07987	0.06052	0.34801	0.34060	0.00886	0.01262	0.01035	0.00453	0.00565
28	0.01395	0.05145	0.04949	0.01066	0.01357	0.00902	0.00873	0.01669	0.01789	0.12318	0.23137	0.22428	0.16887	0.01612	0.00843	0.00250	0.00484	0.01398	0.00719	0.00781
29	0.02176	0.20250	0.19243	0.01878	0.04301	0.15681	0.07425	0.07307	0.01876	0.09012	0.01461	0.01620	0.01108	0.00731	0.00660	0.00206	0.00992	0.00562	0.02485	0.01027
30	0.11087	0.07968	0.08297	0.01575	0.03782	0.09353	0.03810	0.13283	0.02039	0.19427	0.03661	0.02240	0.03198	0.06007	0.00904	0.00255	0.00814	0.00679	0.00595	0.01025

[dist]
# distance from previous block
# <min> <max>
8	14

[block]
# block no. 10 follows, 27 sequences, length 12
# corresponding to MSA columns:
# 639-650
name=unknown_K
#
# <colnr> <probs for GDERKNQSTAVLIFYWHMCP>
#	G	D	E	R	K	N	Q	S	T	A	V	L	I	F	Y	W	H	M	C	P
0	0.01802	0.05766	0.10585	0.06226	0.06848	0.15400	0.01522	0.05304	0.08201	0.02304	0.06713	0.04939	0.07080	0.01045	0.00972	0.00238	0.11017	0.00784	0.02340	0.00915
1	0.01895	0.05555	0.10807	0.01979	0.05039	0.07540	0.14733	0.07294	0.05120	0.04813	0.01486	0.01735	0.01157	0.00725	0.00812	0.00202	0.05869	0.00614	0.00446	0.22180
2	0.02718	0.01973	0.02135	0.01647	0.02233	0.02151	0.01354	0.56664	0.07368	0.07416	0.01888	0.01865	0.01343	0.00882	0.00734	0.00219	0.00780	0.00671	0.00736	0.05221
3	0.02188	0.01750	0.02113	0.06992	0.14016	0.04233	0.01478	0.29598	0.08097	0.05806	0.02154	0.05842	0.04409	0.03736	0.00944	0.00254	0.03892	0.00803	0.00609	0.01085
4	0.02443	0.01188	0.01512	0.01253	0.01678	0.01114	0.00997	0.09585	0.05306	0.37873	0.13482	0.12426	0.05358	0.01233	0.00798	0.00241	0.00570	0.01044	0.00838	0.01062
5	0.01666	0.14638	0.26228	0.08561	0.03364	0.01997	0.25999	0.02279	0.01603	0.02199	0.01331	0.01704	0.01017	0.00689	0.00797	0.00232	0.03696	0.00658	0.00339	0.01003
6	0.01158	0.00939	0.01381	0.01324	0.01434	0.01161	0.01049	0.01406	0.01183	0.01734	0.01813	0.02692	0.01703	0.04827	0.59080	0.01042	0.14229	0.00770	0.00385	0.00689
7	0.00990	0.00742	0.00926	0.01008	0.01128	0.00704	0.00706	0.01296	0.05764	0.02207	0.17786	0.46849	0.13077	0.02022	0.00912	0.00278	0.00417	0.01806	0.00720	0.00662
8	0.00968	0.00721	0.00882	0.00910	0.01050	0.00655	0.00644	0.01186	0.01720	0.02301	0.29674	0.26046	0.20796	0.07654	0.01130	0.00297	0.00410	0.01603	0.00719	0.00634
9	0.01691	0.00988	0.01020	0.00909	0.01172	0.01035	0.00709	0.15614	0.01969	0.03175	0.02285	0.02557	0.01766	0.00871	0.00567	0.00184	0.00446	0.00687	0.61541	0.00814
10	0.08629	0.01478	0.01611	0.07179	0.02065	0.01713	0.01170	0.03369	0.50925	0.02873	0.02559	0.02523	0.01949	0.01090	0.00910	0.06866	0.00624	0.00769	0.00658	0.01041
11	0.10907	0.01752	0.02273	0.25118	0.23178	0.07853	0.01792	0.08076	0.07379	0.02565	0.01479	0.01839	0.01153	0.00749	0.00702	0.00231	0.00890	0.00630	0.00434	0.00999

[dist]
# distance from previous block
# <min> <max>
3	15

[block]
# block no. 11 follows, 27 sequences, length 10
# corresponding to MSA columns:
# 674-677,680-685
name=unknown_L
#
# <colnr> <probs for GDERKNQSTAVLIFYWHMCP>
#	G	D	E	R	K	N	Q	S	T	A	V	L	I	F	Y	W	H	M	C	P
0	0.00999	0.00688	0.00830	0.00910	0.01009	0.00642	0.00621	0.01172	0.01507	0.02080	0.10746	0.39192	0.14001	0.10647	0.01217	0.00321	0.00438	0.01642	0.10729	0.00609
1	0.79154	0.01436	0.01091	0.00976	0.01436	0.01665	0.00804	0.02182	0.01263	0.03331	0.01034	0.01206	0.00804	0.00689	0.00459	0.00230	0.00574	0.00402	0.00459	0.00804
2	0.01372	0.00790	0.00927	0.00879	0.01032	0.00742	0.00599	0.01525	0.01488	0.10767	0.09991	0.09017	0.12033	0.32899	0.02076	0.00443	0.00555	0.01142	0.11074	0.00647
3	0.19223	0.01430	0.01579	0.01301	0.01788	0.01492	0.01054	0.11277	0.15531	0.27744	0.08005	0.02451	0.02067	0.00934	0.00697	0.00234	0.00610	0.00731	0.00755	0.01098
4	0.01260	0.00763	0.00973	0.01005	0.01141	0.00714	0.00697	0.01402	0.01466	0.10639	0.03889	0.38310	0.11776	0.15784	0.06240	0.00426	0.00611	0.01582	0.00654	0.00667
5	0.01066	0.00810	0.00985	0.01033	0.01179	0.00800	0.00748	0.01446	0.08275	0.02143	0.12664	0.28659	0.15642	0.09807	0.06081	0.00388	0.00585	0.06352	0.00666	0.00672
6	0.01637	0.13181	0.09944	0.11269	0.03074	0.05171	0.24808	0.02107	0.01565	0.02058	0.01490	0.03701	0.01252	0.01458	0.11258	0.00375	0.03650	0.00732	0.00364	0.00907
7	0.11533	0.07535	0.16678	0.01435	0.01957	0.01401	0.03566	0.04652	0.03866	0.02442	0.02447	0.17187	0.04718	0.01229	0.00742	0.00243	0.00714	0.08406	0.00515	0.08734
8	0.01930	0.01386	0.01608	0.01216	0.01787	0.01217	0.00965	0.10946	0.06389	0.11453	0.01789	0.02048	0.01424	0.06495	0.00872	0.00199	0.00613	0.00589	0.00565	0.46510
9	0.01872	0.01373	0.01701	0.10832	0.09952	0.04368	0.01259	0.10377	0.06497	0.09660	0.02265	0.09662	0.01941	0.01015	0.00716	0.00222	0.00681	0.03621	0.14889	0.07097

[dist]
# distance from previous block
# <min> <max>
6	8

[block]
# block no. 12 follows, 27 sequences, length 16
# corresponding to MSA columns:
# 694-709
name=unknown_M
#
# <colnr> <probs for GDERKNQSTAVLIFYWHMCP>
#	G	D	E	R	K	N	Q	S	T	A	V	L	I	F	Y	W	H	M	C	P
0	0.08358	0.09983	0.08704	0.01638	0.02190	0.15862	0.01426	0.21011	0.17972	0.03094	0.01769	0.01800	0.01340	0.00833	0.00677	0.00218	0.00872	0.00610	0.00565	0.01077
1	0.62446	0.07227	0.01530	0.01326	0.06884	0.01811	0.00993	0.06036	0.01449	0.03215	0.01107	0.01289	0.00872	0.00695	0.00499	0.00223	0.00630	0.00438	0.00458	0.00872
2	0.01775	0.17543	0.13932	0.01805	0.02417	0.05142	0.16337	0.05202	0.01864	0.06247	0.16287	0.02628	0.03847	0.00898	0.00739	0.00219	0.00861	0.00800	0.00504	0.00953
3	0.01053	0.00728	0.00958	0.01019	0.01146	0.00675	0.00740	0.01290	0.01733	0.04327	0.28701	0.37734	0.08263	0.01938	0.00918	0.00275	0.00424	0.06669	0.00744	0.00667
4	0.01014	0.00743	0.00891	0.00902	0.01083	0.00675	0.00677	0.01284	0.01815	0.02464	0.31577	0.14939	0.25343	0.01722	0.00868	0.00251	0.00392	0.05880	0.06816	0.00663
5	0.02348	0.10811	0.02247	0.01787	0.06215	0.15223	0.01360	0.19335	0.24288	0.05865	0.02009	0.01991	0.01520	0.00862	0.00701	0.00219	0.00833	0.00659	0.00612	0.01114
6	0.01021	0.00834	0.01156	0.13210	0.04601	0.00836	0.00958	0.01241	0.01511	0.01945	0.04366	0.41665	0.20136	0.01875	0.00886	0.00276	0.00531	0.01667	0.00615	0.00671
7	0.09435	0.06075	0.02427	0.07784	0.16197	0.01893	0.06612	0.21035	0.06848	0.03127	0.01561	0.01777	0.01202	0.00744	0.00686	0.00212	0.00805	0.00626	0.00516	0.10439
8	0.00974	0.00720	0.00914	0.00972	0.01108	0.00661	0.00707	0.01209	0.01738	0.02335	0.28475	0.32440	0.16737	0.01932	0.00914	0.00271	0.00409	0.06098	0.00736	0.00649
9	0.01215	0.04722	0.05051	0.01058	0.01338	0.01018	0.00857	0.05392	0.06993	0.02371	0.16651	0.16340	0.24180	0.08155	0.01104	0.00291	0.00516	0.01344	0.00660	0.00745
10	0.01761	0.20072	0.02130	0.01242	0.01772	0.05906	0.01047	0.07962	0.06877	0.02405	0.03811	0.02336	0.08812	0.01056	0.03900	0.00218	0.00731	0.00646	0.00492	0.26823
11	0.01604	0.15379	0.02076	0.11397	0.06782	0.01569	0.01257	0.01849	0.01464	0.08340	0.02126	0.18397	0.02145	0.06744	0.05123	0.00333	0.09460	0.00981	0.00483	0.02493
12	0.01675	0.10306	0.05083	0.01325	0.01642	0.01490	0.01141	0.03494	0.06204	0.09532	0.02523	0.04930	0.07165	0.05850	0.06910	0.00350	0.13271	0.05781	0.08524	0.02807
13	0.01347	0.04653	0.05870	0.01596	0.06331	0.01236	0.05451	0.07234	0.01641	0.02242	0.05990	0.21507	0.07351	0.02518	0.18770	0.00496	0.03262	0.01170	0.00531	0.00802
14	0.01317	0.01226	0.08499	0.01259	0.01509	0.01046	0.01056	0.05465	0.01556	0.06100	0.03284	0.29548	0.10032	0.06909	0.11602	0.00441	0.06479	0.01340	0.00579	0.00753
15	0.01755	0.01667	0.08871	0.01342	0.01923	0.01348	0.01176	0.19266	0.02062	0.02926	0.02190	0.11651	0.05692	0.00978	0.00692	0.00188	0.00654	0.00806	0.00557	0.34257

[dist]
# distance from previous block
# <min> <max>
7	50

[block]
# block no. 13 follows, 27 sequences, length 16
# corresponding to MSA columns:
# 761-776
name=unknown_N
#
# <colnr> <probs for GDERKNQSTAVLIFYWHMCP>
#	G	D	E	R	K	N	Q	S	T	A	V	L	I	F	Y	W	H	M	C	P
0	0.06675	0.01447	0.04626	0.05495	0.09277	0.05399	0.01209	0.10729	0.03148	0.03999	0.03003	0.25581	0.09205	0.01405	0.00795	0.00250	0.00670	0.02544	0.00587	0.03956
1	0.02013	0.04464	0.02764	0.02903	0.26822	0.07363	0.13365	0.09784	0.06793	0.06235	0.03855	0.04902	0.01615	0.00952	0.02635	0.00254	0.00935	0.00777	0.00497	0.01074
2	0.05132	0.01915	0.12541	0.07080	0.31635	0.01606	0.09387	0.02201	0.03730	0.02405	0.01714	0.05034	0.01508	0.00840	0.00754	0.00234	0.00887	0.05361	0.00414	0.05623
3	0.05031	0.06749	0.06674	0.01631	0.09061	0.04967	0.01236	0.05281	0.01794	0.02450	0.13763	0.14976	0.07046	0.01405	0.00811	0.00252	0.00666	0.12723	0.00588	0.02896
4	0.01740	0.11033	0.05357	0.05976	0.07109	0.07315	0.08489	0.04059	0.07629	0.06926	0.03696	0.20285	0.02425	0.01216	0.00781	0.00245	0.00788	0.03474	0.00545	0.00912
5	0.14123	0.05684	0.04850	0.08870	0.28201	0.03991	0.03221	0.08215	0.05679	0.02708	0.01431	0.01722	0.01139	0.00709	0.00667	0.00215	0.00821	0.00596	0.00437	0.06719
6	0.01618	0.16281	0.30576	0.01679	0.02442	0.05441	0.04697	0.02204	0.04028	0.02204	0.01867	0.05024	0.05749	0.00828	0.00668	0.00205	0.00882	0.00661	0.00397	0.12549
7	0.14995	0.06917	0.01841	0.01312	0.01885	0.01706	0.01081	0.19305	0.10806	0.05325	0.01648	0.01716	0.01260	0.00741	0.00613	0.00186	0.00649	0.00553	0.00570	0.26890
8	0.01078	0.00722	0.00821	0.00818	0.00829	0.00718	0.00466	0.01100	0.01145	0.01537	0.06571	0.04902	0.02973	0.69307	0.03594	0.00689	0.00696	0.01096	0.00473	0.00466
9	0.01656	0.27342	0.02625	0.01636	0.06774	0.01852	0.08087	0.06297	0.04815	0.02348	0.14099	0.10651	0.02721	0.04949	0.00872	0.00242	0.00715	0.00911	0.00517	0.00892
10	0.01674	0.19657	0.02090	0.01415	0.04328	0.01687	0.01120	0.06830	0.10429	0.05485	0.14470	0.14743	0.03105	0.01265	0.00861	0.00238	0.05420	0.03679	0.00604	0.00902
11	0.01300	0.03797	0.01614	0.05874	0.06873	0.01329	0.01177	0.01697	0.06436	0.02072	0.07260	0.07882	0.14534	0.02285	0.15785	0.00462	0.13866	0.04461	0.00515	0.00781
12	0.00901	0.00753	0.00785	0.00777	0.01017	0.00637	0.00583	0.01112	0.01749	0.02140	0.15990	0.06924	0.60425	0.01830	0.00877	0.00248	0.00372	0.01536	0.00707	0.00637
13	0.01665	0.02272	0.19961	0.11637	0.26508	0.01798	0.16043	0.02239	0.01611	0.02290	0.01365	0.01808	0.01070	0.00717	0.00872	0.00241	0.05823	0.00678	0.00348	0.01052
14	0.02125	0.02250	0.09773	0.14898	0.13213	0.14286	0.03818	0.13670	0.10441	0.05785	0.01677	0.01889	0.01259	0.00793	0.00730	0.00227	0.00959	0.00650	0.00497	0.01060
15	0.01117	0.00788	0.00960	0.01017	0.01188	0.00735	0.00744	0.01418	0.05539	0.05802	0.09241	0.37564	0.22486	0.01972	0.00907	0.00279	0.00449	0.06386	0.00714	0.00692

[dist]
# distance from previous block
# <min> <max>
14	18

[block]
# block no. 14 follows, 27 sequences, length 19
# corresponding to MSA columns:
# 798-816
name=unknown_O
#
# <colnr> <probs for GDERKNQSTAVLIFYWHMCP>
#	G	D	E	R	K	N	Q	S	T	A	V	L	I	F	Y	W	H	M	C	P
0	0.01695	0.01344	0.01601	0.01370	0.01762	0.01369	0.01119	0.15846	0.06949	0.02890	0.08701	0.07049	0.02637	0.01218	0.00917	0.00233	0.06661	0.14226	0.00619	0.21795
1	0.02106	0.02067	0.09527	0.05458	0.07171	0.05018	0.01552	0.21613	0.31006	0.03308	0.02192	0.02182	0.01630	0.00891	0.00740	0.00236	0.00785	0.00720	0.00637	0.01160
