[name]
unknown

[dist]
# distance from previous block
# <min> <max>
0	103

[block]
# block no. 0 follows, 34 sequences, length 15
# corresponding to MSA columns:
# 137-151
name=unknown_A
#
# <colnr> <probs for GDERKNQSTAVLIFYWHMCP>
#	G	D	E	R	K	N	Q	S	T	A	V	L	I	F	Y	W	H	M	C	P
0	0.12538	0.01547	0.01480	0.06561	0.01785	0.16711	0.02998	0.06450	0.08218	0.07221	0.06319	0.03852	0.03587	0.04423	0.04224	0.00255	0.03862	0.01986	0.00469	0.05515
1	0.06734	0.01118	0.01270	0.02963	0.01460	0.03200	0.00865	0.13339	0.03566	0.15784	0.03709	0.14307	0.01920	0.03439	0.02878	0.00235	0.03923	0.00799	0.11453	0.07038
2	0.12208	0.06123	0.01357	0.01035	0.01400	0.01240	0.00840	0.12507	0.10914	0.15684	0.14333	0.02843	0.10848	0.00950	0.00625	0.00198	0.00491	0.00762	0.04799	0.00844
3	0.01693	0.09816	0.03726	0.05648	0.05557	0.05826	0.08497	0.18583	0.03148	0.05047	0.07104	0.07411	0.01734	0.03487	0.05975	0.00273	0.04446	0.00722	0.00470	0.00839
4	0.07799	0.01078	0.01120	0.00959	0.01289	0.05734	0.00759	0.05577	0.05026	0.24868	0.06225	0.02829	0.12827	0.00923	0.00602	0.00189	0.00486	0.00738	0.20160	0.00812
5	0.06739	0.05514	0.01652	0.01274	0.01684	0.08978	0.01037	0.35984	0.04430	0.06137	0.04224	0.02490	0.09608	0.03342	0.00726	0.00211	0.00667	0.03829	0.00574	0.00901
6	0.01817	0.67968	0.03183	0.01178	0.01703	0.11949	0.01124	0.02019	0.01380	0.01528	0.00911	0.01053	0.00830	0.00568	0.00436	0.00142	0.00753	0.00355	0.00284	0.00819
7	0.00914	0.00688	0.00762	0.00756	0.00974	0.00600	0.00587	0.01105	0.01492	0.05498	0.09078	0.05884	0.56333	0.01733	0.04016	0.00260	0.00425	0.07709	0.00604	0.00583
8	0.01607	0.01388	0.01461	0.01315	0.01680	0.01607	0.01023	0.03433	0.72094	0.02703	0.02630	0.02411	0.01972	0.00877	0.00657	0.00219	0.00511	0.00731	0.00657	0.01023
9	0.04184	0.14976	0.05638	0.01535	0.05070	0.14457	0.04884	0.11121	0.06830	0.07273	0.01322	0.01455	0.01034	0.00679	0.00677	0.00177	0.06156	0.00498	0.00422	0.11614
10	0.03951	0.01285	0.01647	0.01509	0.06731	0.06474	0.09312	0.11074	0.06539	0.12500	0.07305	0.19787	0.06851	0.01115	0.00706	0.00216	0.00620	0.00987	0.00568	0.00822
11	0.01278	0.00820	0.01042	0.00932	0.01156	0.00785	0.00727	0.08073	0.01928	0.10226	0.55110	0.04364	0.05023	0.01238	0.00746	0.00207	0.00384	0.04545	0.00708	0.00707
12	0.00940	0.00626	0.00705	0.00705	0.00705	0.00626	0.00392	0.00940	0.00940	0.01253	0.02036	0.04228	0.02349	0.77292	0.03289	0.00626	0.00626	0.00940	0.00392	0.00392
13	0.71560	0.04278	0.01190	0.00952	0.01373	0.01477	0.03623	0.01968	0.01162	0.06239	0.00996	0.01133	0.00760	0.00605	0.00427	0.00198	0.00534	0.00381	0.00411	0.00731
14	0.12484	0.13151	0.07706	0.05385	0.13083	0.16623	0.01349	0.10098	0.08000	0.02271	0.01239	0.01403	0.00981	0.00648	0.00559	0.00182	0.00783	0.00481	0.00391	0.03184

[dist]
# distance from previous block
# <min> <max>
0	1

[block]
# block no. 1 follows, 34 sequences, length 24
# corresponding to MSA columns:
# 153-176
name=unknown_B
#
# <colnr> <probs for GDERKNQSTAVLIFYWHMCP>
#	G	D	E	R	K	N	Q	S	T	A	V	L	I	F	Y	W	H	M	C	P
0	0.01323	0.04499	0.07629	0.02728	0.04680	0.03235	0.00971	0.05027	0.04177	0.08808	0.20724	0.12853	0.12920	0.02971	0.00774	0.00223	0.00523	0.04625	0.00576	0.00734
1	0.05084	0.03777	0.01601	0.10872	0.10142	0.04911	0.02831	0.02220	0.24130	0.04492	0.07272	0.15698	0.02250	0.01009	0.00671	0.00215	0.00598	0.00878	0.00522	0.00829
2	0.01844	0.35528	0.17714	0.01403	0.01986	0.14523	0.01400	0.07846	0.06184	0.04309	0.01191	0.01298	0.00949	0.00632	0.00528	0.00169	0.00813	0.00440	0.00358	0.00886
3	0.43378	0.01145	0.01083	0.03622	0.01388	0.01269	0.00776	0.06410	0.07447	0.06738	0.10282	0.02247	0.06675	0.04287	0.00661	0.00223	0.00501	0.00619	0.00508	0.00741
4	0.00976	0.00789	0.01122	0.01160	0.03849	0.00742	0.05701	0.01225	0.01464	0.01885	0.09191	0.11296	0.24880	0.05309	0.00938	0.00270	0.00517	0.27519	0.00567	0.00600
5	0.01211	0.01013	0.01192	0.00905	0.01368	0.00787	0.00713	0.01491	0.01446	0.02172	0.15619	0.02412	0.07724	0.00736	0.00557	0.00127	0.00432	0.00615	0.00464	0.59016
6	0.02793	0.01076	0.01466	0.01132	0.01613	0.00932	0.00932	0.03046	0.01848	0.69927	0.06292	0.02339	0.01839	0.00827	0.00656	0.00200	0.00537	0.00677	0.00795	0.01074
7	0.02899	0.01100	0.01499	0.01150	0.01649	0.00950	0.00950	0.03149	0.01849	0.73709	0.02549	0.02199	0.01599	0.00800	0.00650	0.00200	0.00550	0.00650	0.00800	0.01100
8	0.00937	0.00636	0.00752	0.00752	0.00769	0.00652	0.00451	0.00970	0.00954	0.01288	0.01992	0.03988	0.02245	0.66993	0.13445	0.00685	0.00783	0.00904	0.00385	0.00418
9	0.81856	0.01250	0.00950	0.00850	0.01250	0.01449	0.00700	0.01899	0.01100	0.02899	0.00900	0.01050	0.00700	0.00600	0.00400	0.00200	0.00500	0.00350	0.00400	0.00700
10	0.01727	0.77681	0.03386	0.01106	0.01658	0.02557	0.01106	0.01935	0.01313	0.01520	0.00898	0.01036	0.00829	0.00553	0.00415	0.00138	0.00691	0.00345	0.00276	0.00829
11	0.00927	0.00628	0.00701	0.00701	0.00716	0.00621	0.00398	0.00939	0.00977	0.01287	0.02352	0.04368	0.07295	0.71996	0.03112	0.00598	0.00605	0.00969	0.00406	0.00402
12	0.02330	0.12135	0.02020	0.01597	0.01956	0.65941	0.01231	0.02502	0.01768	0.01574	0.00987	0.01150	0.00832	0.00652	0.00562	0.00163	0.01108	0.00408	0.00326	0.00759
13	0.02456	0.01810	0.01939	0.01487	0.02004	0.02004	0.01228	0.71107	0.03038	0.04072	0.01551	0.01551	0.01099	0.00776	0.00646	0.00194	0.00711	0.00582	0.00646	0.01099
14	0.01761	0.74043	0.03310	0.01133	0.01675	0.06075	0.01113	0.01966	0.01338	0.01523	0.00903	0.01043	0.00829	0.00558	0.00423	0.00140	0.00714	0.00349	0.00279	0.00825
15	0.01327	0.03159	0.66725	0.02057	0.09929	0.01504	0.02346	0.02040	0.01375	0.02053	0.01165	0.01388	0.00839	0.00610	0.00616	0.00203	0.00936	0.00487	0.00278	0.00962
16	0.00819	0.00589	0.00802	0.00935	0.00988	0.00572	0.00653	0.00958	0.01230	0.01651	0.03341	0.63758	0.03931	0.02334	0.09357	0.00354	0.00546	0.06077	0.00570	0.00535
17	0.01486	0.01259	0.01349	0.01205	0.01540	0.01406	0.00924	0.02950	0.56482	0.02530	0.07057	0.02648	0.02202	0.07406	0.00877	0.00244	0.00505	0.00753	0.00619	0.06558
18	0.01727	0.77681	0.03386	0.01106	0.01658	0.02557	0.01106	0.01935	0.01313	0.01520	0.00898	0.01036	0.00829	0.00553	0.00415	0.00138	0.00691	0.00345	0.00276	0.00829
19	0.01080	0.00723	0.00918	0.00905	0.01083	0.00678	0.00693	0.01401	0.05063	0.07926	0.34311	0.17895	0.13613	0.01481	0.00775	0.00228	0.00385	0.09530	0.00667	0.00644
20	0.00940	0.00626	0.00705	0.00705	0.00705	0.00626	0.00392	0.00940	0.00940	0.01253	0.02036	0.04228	0.02349	0.77292	0.03289	0.00626	0.00626	0.00940	0.00392	0.00392
21	0.00904	0.00665	0.00854	0.00858	0.01010	0.00616	0.00662	0.01172	0.01677	0.02292	0.46944	0.11057	0.14994	0.01495	0.00788	0.00225	0.00360	0.12166	0.00668	0.00592
22	0.00789	0.00615	0.00717	0.00776	0.00910	0.00543	0.00550	0.00945	0.01407	0.01790	0.12009	0.36567	0.36535	0.01772	0.00790	0.00236	0.00346	0.01548	0.00611	0.00543
23	0.03258	0.04819	0.02182	0.43253	0.12320	0.05117	0.07967	0.03254	0.01377	0.01811	0.01216	0.03373	0.00990	0.00792	0.02748	0.00232	0.03599	0.00600	0.00316	0.00776

[dist]
# distance from previous block
# <min> <max>
1	6

[block]
# block no. 2 follows, 34 sequences, length 18
# corresponding to MSA columns:
# 183-196,198-201
name=unknown_C
#
# <colnr> <probs for GDERKNQSTAVLIFYWHMCP>
#	G	D	E	R	K	N	Q	S	T	A	V	L	I	F	Y	W	H	M	C	P
0	0.01664	0.01651	0.02285	0.15278	0.20670	0.11079	0.12446	0.08922	0.07083	0.02166	0.01498	0.02094	0.01254	0.00750	0.00715	0.00210	0.02913	0.06051	0.00396	0.00875
1	0.01674	0.01398	0.01489	0.05871	0.01838	0.04765	0.01072	0.05241	0.53543	0.06544	0.04408	0.02553	0.01995	0.00897	0.00666	0.00218	0.00568	0.03665	0.00627	0.00969
2	0.00846	0.00617	0.00797	0.00838	0.00945	0.00567	0.00596	0.01055	0.01541	0.02109	0.37108	0.36481	0.10790	0.01655	0.00790	0.00230	0.00337	0.01477	0.00653	0.00567
3	0.01405	0.09284	0.46591	0.02089	0.05402	0.01629	0.20502	0.02041	0.01406	0.02009	0.01178	0.01445	0.00870	0.00589	0.00637	0.00202	0.00961	0.00545	0.00289	0.00924
4	0.00804	0.00656	0.00710	0.00697	0.00897	0.00563	0.00523	0.01005	0.01568	0.01972	0.24296	0.05846	0.55108	0.01552	0.00763	0.00214	0.00321	0.01311	0.00630	0.00563
5	0.00859	0.00609	0.00806	0.00928	0.00982	0.00590	0.00655	0.00992	0.01228	0.01634	0.03234	0.51035	0.03780	0.13022	0.04487	0.00356	0.00510	0.13214	0.00557	0.00520
6	0.00840	0.00595	0.00784	0.00880	0.00921	0.00589	0.00587	0.00946	0.01145	0.01543	0.02964	0.50366	0.03467	0.18269	0.12516	0.00456	0.00633	0.01475	0.00518	0.00505
7	0.35276	0.01161	0.01274	0.01027	0.01485	0.01155	0.00847	0.02637	0.01542	0.44673	0.01873	0.01728	0.01231	0.00718	0.00547	0.00200	0.00529	0.00527	0.00636	0.00936
8	0.13172	0.01361	0.01727	0.04288	0.01876	0.01479	0.05444	0.20872	0.01860	0.23627	0.01652	0.01749	0.01183	0.01091	0.06425	0.00274	0.09849	0.00587	0.00557	0.00928
9	0.01518	0.34898	0.25822	0.01351	0.01951	0.05976	0.01461	0.03807	0.01420	0.01839	0.06522	0.01620	0.01316	0.02857	0.04920	0.00233	0.00834	0.00497	0.00329	0.00831
10	0.01567	0.08393	0.16007	0.02180	0.12300	0.01591	0.22873	0.02305	0.14366	0.05594	0.01641	0.02020	0.01294	0.00699	0.00670	0.00208	0.00829	0.04125	0.00408	0.00929
11	0.01373	0.11419	0.56391	0.01899	0.08665	0.01591	0.02130	0.02008	0.01366	0.01996	0.01134	0.01346	0.00844	0.00597	0.00587	0.00191	0.00886	0.00467	0.00283	0.04826
12	0.01336	0.01338	0.07622	0.01034	0.01641	0.00917	0.00906	0.01663	0.01342	0.02100	0.01149	0.01342	0.00945	0.00490	0.00490	0.00105	0.00520	0.00391	0.00373	0.74295
13	0.00978	0.00729	0.00915	0.00943	0.01061	0.00710	0.00661	0.05388	0.01317	0.01792	0.02979	0.50515	0.05099	0.09723	0.04855	0.00321	0.02498	0.01435	0.00541	0.07539
14	0.00817	0.00579	0.00764	0.00900	0.00941	0.00548	0.00609	0.00931	0.01226	0.01631	0.03414	0.65945	0.04065	0.08822	0.01052	0.00298	0.00411	0.05950	0.00581	0.00517
15	0.01257	0.01202	0.02137	0.48619	0.07719	0.01362	0.12916	0.01684	0.01391	0.01829	0.05863	0.02395	0.01465	0.00766	0.00693	0.00221	0.00835	0.06556	0.00349	0.00743
16	0.03417	0.01519	0.09684	0.07670	0.11601	0.01288	0.01267	0.14826	0.03071	0.02401	0.01446	0.04401	0.01241	0.04607	0.00729	0.00192	0.00654	0.02302	0.00423	0.27261
17	0.31351	0.04697	0.05058	0.06099	0.03243	0.03689	0.01108	0.20691	0.08985	0.05832	0.01356	0.01450	0.01008	0.00697	0.00573	0.00199	0.02102	0.00494	0.00485	0.00883

[dist]
# distance from previous block
# <min> <max>
1	5

[block]
# block no. 3 follows, 34 sequences, length 6
# corresponding to MSA columns:
# 207-212
name=unknown_D
#
# <colnr> <probs for GDERKNQSTAVLIFYWHMCP>
#	G	D	E	R	K	N	Q	S	T	A	V	L	I	F	Y	W	H	M	C	P
0	0.01612	0.05538	0.01851	0.06311	0.19848	0.04912	0.01274	0.17721	0.06921	0.02417	0.05037	0.02321	0.08275	0.01403	0.11387	0.00317	0.00834	0.00686	0.00463	0.00871
1	0.01204	0.00602	0.00602	0.00602	0.00753	0.00602	0.00452	0.01506	0.01355	0.02409	0.02108	0.02409	0.01656	0.00753	0.00452	0.00151	0.00301	0.00602	0.80879	0.00602
2	0.01589	0.03497	0.09805	0.04989	0.09407	0.04580	0.05114	0.09266	0.15081	0.05618	0.01840	0.05796	0.01563	0.01155	0.06095	0.00271	0.04276	0.05222	0.00469	0.04368
3	0.00944	0.00649	0.00801	0.00812	0.00848	0.00674	0.00529	0.01016	0.01003	0.01357	0.02079	0.04111	0.02301	0.56238	0.18091	0.00687	0.00856	0.06160	0.00398	0.00446
4	0.08129	0.07740	0.12793	0.08207	0.22394	0.05066	0.04271	0.10615	0.04873	0.02326	0.01247	0.01484	0.00977	0.00622	0.00591	0.00186	0.00767	0.00518	0.00375	0.06819
5	0.10699	0.25317	0.04401	0.05415	0.09918	0.15628	0.04525	0.03963	0.01466	0.04549	0.01187	0.04628	0.01035	0.00694	0.00612	0.00182	0.04097	0.00513	0.00353	0.00820

[dist]
# distance from previous block
# <min> <max>
1	3

[block]
# block no. 4 follows, 34 sequences, length 24
# corresponding to MSA columns:
# 216-239
name=unknown_E
#
# <colnr> <probs for GDERKNQSTAVLIFYWHMCP>
#	G	D	E	R	K	N	Q	S	T	A	V	L	I	F	Y	W	H	M	C	P
0	0.00805	0.00647	0.00718	0.00719	0.00903	0.00560	0.00532	0.01000	0.01542	0.01955	0.23390	0.12614	0.49163	0.01592	0.00769	0.00219	0.00326	0.01359	0.00629	0.00560
1	0.01598	0.01307	0.01415	0.01241	0.01587	0.01469	0.00972	0.13279	0.47629	0.02889	0.16441	0.02760	0.02660	0.00950	0.00677	0.00212	0.00501	0.00795	0.00666	0.00952
2	0.10099	0.01756	0.01844	0.01425	0.01931	0.01950	0.01177	0.64445	0.02851	0.03959	0.01489	0.01503	0.01060	0.00759	0.00623	0.00194	0.00691	0.00559	0.00623	0.01060
3	0.00887	0.00655	0.00828	0.00794	0.00951	0.00597	0.00592	0.01163	0.01751	0.02427	0.60235	0.08305	0.15619	0.01398	0.00765	0.00208	0.00311	0.01227	0.00690	0.00597
4	0.00902	0.00660	0.00847	0.00800	0.00958	0.00604	0.00600	0.01196	0.01800	0.02522	0.67537	0.04939	0.11524	0.01347	0.00762	0.00204	0.00307	0.01184	0.00702	0.00604
5	0.01340	0.01148	0.01340	0.00957	0.01531	0.00861	0.00766	0.01627	0.01340	0.02105	0.01148	0.01340	0.00957	0.00479	0.00479	0.00096	0.00479	0.00383	0.00383	0.81242
6	0.81856	0.01250	0.00950	0.00850	0.01250	0.01449	0.00700	0.01899	0.01100	0.02899	0.00900	0.01050	0.00700	0.00600	0.00400	0.00200	0.00500	0.00350	0.00400	0.00700
7	0.01792	0.70715	0.03241	0.01158	0.01690	0.09293	0.01119	0.01995	0.01361	0.01526	0.00908	0.01049	0.00829	0.00563	0.00430	0.00141	0.00735	0.00352	0.00282	0.00822
8	0.00938	0.00634	0.00744	0.00744	0.00757	0.00647	0.00440	0.00965	0.00951	0.01282	0.02000	0.04032	0.02264	0.68872	0.11593	0.00674	0.00755	0.00911	0.00386	0.00413
9	0.01756	0.74580	0.03321	0.01129	0.01672	0.05555	0.01112	0.01962	0.01334	0.01523	0.00902	0.01042	0.00829	0.00557	0.00422	0.00139	0.00711	0.00348	0.00279	0.00826
10	0.81856	0.01250	0.00950	0.00850	0.01250	0.01449	0.00700	0.01899	0.01100	0.02899	0.00900	0.01050	0.00700	0.00600	0.00400	0.00200	0.00500	0.00350	0.00400	0.00700
11	0.01727	0.77681	0.03386	0.01106	0.01658	0.02557	0.01106	0.01935	0.01313	0.01520	0.00898	0.01036	0.00829	0.00553	0.00415	0.00138	0.00691	0.00345	0.00276	0.00829
12	0.06780	0.01050	0.01353	0.01085	0.01507	0.00965	0.00881	0.02756	0.06968	0.51883	0.15053	0.02622	0.02382	0.00888	0.00657	0.00202	0.00500	0.00732	0.00752	0.00984
13	0.00995	0.00811	0.00972	0.04722	0.01198	0.04785	0.00730	0.01126	0.01159	0.01525	0.02470	0.32316	0.02792	0.20862	0.14945	0.00488	0.04024	0.03090	0.00458	0.00533
14	0.01018	0.00727	0.01015	0.01164	0.01302	0.00724	0.01001	0.01299	0.01465	0.01908	0.03434	0.13624	0.03769	0.01807	0.00886	0.00294	0.00575	0.62805	0.00595	0.00589
15	0.01727	0.77681	0.03386	0.01106	0.01658	0.02557	0.01106	0.01935	0.01313	0.01520	0.00898	0.01036	0.00829	0.00553	0.00415	0.00138	0.00691	0.00345	0.00276	0.00829
16	0.00870	0.00651	0.00807	0.00784	0.00942	0.00588	0.00582	0.01127	0.01699	0.02321	0.52097	0.11020	0.21236	0.01450	0.00768	0.00211	0.00316	0.01268	0.00677	0.00588
17	0.00955	0.00636	0.00859	0.00981	0.01067	0.00604	0.00724	0.01119	0.01322	0.05054	0.03434	0.53312	0.03951	0.04065	0.00905	0.00279	0.00447	0.19118	0.00602	0.00566
18	0.00901	0.00651	0.00820	0.00789	0.00920	0.00604	0.00569	0.01144	0.01651	0.02298	0.54945	0.07682	0.10638	0.12240	0.01126	0.00267	0.00355	0.01177	0.00653	0.00570
19	0.01737	0.01452	0.01447	0.01289	0.01651	0.07554	0.01002	0.03174	0.55085	0.08928	0.05089	0.02503	0.04416	0.00894	0.00658	0.00212	0.00556	0.00734	0.00643	0.00976
20	0.04730	0.01060	0.01190	0.01085	0.01370	0.01128	0.00833	0.06067	0.29469	0.09328	0.15746	0.15009	0.07953	0.01172	0.00699	0.00219	0.00453	0.01002	0.00656	0.00832
21	0.01161	0.01058	0.03359	0.10233	0.09285	0.01068	0.08728	0.01533	0.06045	0.01878	0.10724	0.12772	0.03898	0.08856	0.06984	0.03634	0.03800	0.03851	0.00447	0.00684
22	0.04437	0.12818	0.07369	0.08596	0.10485	0.11730	0.05120	0.09036	0.01590	0.02088	0.01455	0.01682	0.04831	0.00819	0.03397	0.00205	0.00807	0.00534	0.00371	0.12630
23	0.03561	0.08887	0.10388	0.09190	0.23241	0.01564	0.08576	0.07856	0.06559	0.02196	0.01606	0.04823	0.03989	0.00717	0.00630	0.00195	0.00748	0.00642	0.00387	0.04246

[dist]
# distance from previous block
# <min> <max>
1	11

[block]
# block no. 5 follows, 34 sequences, length 11
# corresponding to MSA columns:
# 251-261
name=unknown_F
#
# <colnr> <probs for GDERKNQSTAVLIFYWHMCP>
#	G	D	E	R	K	N	Q	S	T	A	V	L	I	F	Y	W	H	M	C	P
0	0.01178	0.07517	0.04551	0.03743	0.03007	0.03175	0.00898	0.03718	0.05902	0.03604	0.06838	0.23749	0.13584	0.05166	0.06795	0.00306	0.03996	0.01093	0.00505	0.00673
1	0.01600	0.01528	0.01703	0.01465	0.01789	0.11888	0.08271	0.07211	0.28826	0.02326	0.07967	0.02462	0.01960	0.01357	0.09405	0.00311	0.05130	0.03430	0.00520	0.00851
2	0.10154	0.09402	0.08106	0.03189	0.01957	0.09262	0.11775	0.09015	0.01501	0.04160	0.01417	0.04706	0.01222	0.03282	0.15911	0.00379	0.02777	0.00616	0.00387	0.00781
3	0.06466	0.00719	0.00854	0.00797	0.00996	0.00668	0.00606	0.01290	0.01705	0.05613	0.50826	0.04747	0.19700	0.01315	0.00733	0.00206	0.00334	0.01131	0.00671	0.00624
4	0.01120	0.00980	0.01435	0.10106	0.01699	0.01252	0.01100	0.01340	0.01086	0.01578	0.04702	0.02237	0.01508	0.05464	0.36160	0.00639	0.25959	0.00667	0.00337	0.00631
5	0.00790	0.00656	0.00691	0.00683	0.00889	0.00557	0.00512	0.00979	0.01536	0.01895	0.18261	0.05973	0.61191	0.01581	0.00763	0.00216	0.00323	0.01329	0.00620	0.00557
6	0.01292	0.01323	0.01128	0.01141	0.01283	0.20709	0.00836	0.01440	0.01418	0.01668	0.02936	0.38618	0.10174	0.01505	0.00838	0.00231	0.06034	0.03959	0.02861	0.00606
7	0.01105	0.00572	0.00858	0.00858	0.00868	0.00582	0.00582	0.00868	0.00858	0.01154	0.01174	0.02013	0.01164	0.02465	0.08645	0.74407	0.00660	0.00572	0.00286	0.00306
8	0.81856	0.01250	0.00950	0.00850	0.01250	0.01449	0.00700	0.01899	0.01100	0.02899	0.00900	0.01050	0.00700	0.00600	0.00400	0.00200	0.00500	0.00350	0.00400	0.00700
9	0.52471	0.08894	0.10957	0.01141	0.01636	0.06551	0.03633	0.02019	0.01247	0.05038	0.01014	0.01164	0.00779	0.00607	0.00464	0.00193	0.00647	0.00397	0.00378	0.00769
10	0.04465	0.03075	0.01542	0.01381	0.04753	0.10377	0.01050	0.15896	0.13523	0.10795	0.02144	0.11196	0.01902	0.01001	0.00664	0.00207	0.00642	0.08305	0.00568	0.06515

[dist]
# distance from previous block
# <min> <max>
10	15

[block]
# block no. 6 follows, 34 sequences, length 25
# corresponding to MSA columns:
# 281-305
name=unknown_G
#
# <colnr> <probs for GDERKNQSTAVLIFYWHMCP>
#	G	D	E	R	K	N	Q	S	T	A	V	L	I	F	Y	W	H	M	C	P
0	0.01107	0.00699	0.00841	0.00822	0.00972	0.00650	0.00578	0.01280	0.02843	0.10215	0.10655	0.19138	0.21018	0.21391	0.04563	0.00365	0.00502	0.01203	0.00571	0.00585
1	0.01499	0.01668	0.13065	0.10894	0.21228	0.01436	0.07509	0.11452	0.06580	0.02340	0.05456	0.05123	0.05553	0.00792	0.00667	0.00204	0.00738	0.00711	0.00427	0.02659
2	0.01285	0.00981	0.01207	0.01236	0.01464	0.01049	0.01039	0.07347	0.18918	0.02283	0.03083	0.07540	0.03099	0.01489	0.00814	0.00269	0.00578	0.44966	0.00614	0.00738
3	0.01295	0.01210	0.02008	0.17139	0.24074	0.01276	0.09793	0.01662	0.02690	0.01923	0.04100	0.05113	0.10774	0.03276	0.00852	0.00226	0.05275	0.02485	0.04045	0.00784
4	0.62468	0.10743	0.01347	0.00953	0.01377	0.04705	0.00804	0.04791	0.01264	0.05348	0.00991	0.01116	0.00771	0.00611	0.00429	0.00191	0.00562	0.00373	0.00407	0.00749
5	0.01463	0.02116	0.20865	0.02451	0.03143	0.01620	0.50348	0.02036	0.01456	0.02036	0.01246	0.01632	0.00934	0.00594	0.00801	0.00218	0.05165	0.00682	0.00311	0.00883
6	0.01372	0.01111	0.01312	0.00954	0.01495	0.00847	0.00762	0.01659	0.01395	0.05013	0.06362	0.01625	0.01352	0.00552	0.00506	0.00108	0.00469	0.00450	0.00423	0.72233
7	0.00826	0.00590	0.00791	0.00925	0.00984	0.00556	0.00650	0.00974	0.01312	0.01755	0.08985	0.63430	0.04354	0.01942	0.00827	0.00262	0.00394	0.09295	0.00608	0.00539
8	0.02579	0.01048	0.01409	0.01108	0.01555	0.00924	0.00905	0.02889	0.04165	0.61435	0.12378	0.02573	0.02240	0.00875	0.00666	0.00201	0.00514	0.00725	0.00783	0.01029
9	0.00819	0.00610	0.00760	0.00853	0.00951	0.00559	0.00606	0.00970	0.01349	0.01754	0.09450	0.45902	0.20659	0.04559	0.00900	0.00264	0.00387	0.07512	0.00600	0.00538
10	0.01727	0.77681	0.03386	0.01106	0.01658	0.02557	0.01106	0.01935	0.01313	0.01520	0.00898	0.01036	0.00829	0.00553	0.00415	0.00138	0.00691	0.00345	0.00276	0.00829
11	0.01048	0.00723	0.01028	0.01001	0.01113	0.00815	0.00755	0.01235	0.01063	0.05410	0.01807	0.02802	0.01729	0.17974	0.55361	0.00895	0.03557	0.00732	0.00378	0.00575
12	0.02301	0.15339	0.02087	0.01573	0.01942	0.62843	0.01225	0.02474	0.01746	0.01571	0.00982	0.01144	0.00832	0.00647	0.00555	0.00162	0.01087	0.00405	0.00324	0.00762
13	0.11875	0.01657	0.07575	0.18973	0.08606	0.06539	0.20447	0.01893	0.01364	0.01990	0.01219	0.01768	0.00999	0.00704	0.00804	0.00219	0.08798	0.03444	0.00330	0.00795
14	0.01770	0.73005	0.03288	0.01141	0.01680	0.07079	0.01115	0.01975	0.01345	0.01524	0.00905	0.01045	0.00829	0.00560	0.00425	0.00140	0.00721	0.00350	0.00280	0.00824
15	0.01059	0.00764	0.01034	0.01157	0.01304	0.00774	0.00989	0.01402	0.04653	0.01915	0.03275	0.06824	0.03530	0.07738	0.01072	0.00320	0.00594	0.60418	0.00582	0.00598
16	0.00774	0.00655	0.00669	0.00666	0.00879	0.00550	0.00499	0.00948	0.01497	0.01804	0.11140	0.06122	0.68368	0.01615	0.00764	0.00217	0.00326	0.01350	0.00608	0.00550
17	0.00920	0.00747	0.00883	0.00824	0.01058	0.00666	0.03506	0.01203	0.05373	0.03952	0.12448	0.10404	0.52631	0.01520	0.00759	0.00219	0.00377	0.01296	0.00609	0.00606
18	0.01727	0.77681	0.03386	0.01106	0.01658	0.02557	0.01106	0.01935	0.01313	0.01520	0.00898	0.01036	0.00829	0.00553	0.00415	0.00138	0.00691	0.00345	0.00276	0.00829
19	0.00787	0.00562	0.00750	0.00900	0.00937	0.00525	0.00600	0.00900	0.01237	0.01649	0.03561	0.76871	0.04274	0.02024	0.00825	0.00262	0.00375	0.01837	0.00600	0.00525
20	0.00936	0.00639	0.00771	0.00771	0.00793	0.00662	0.00474	0.00982	0.00959	0.01302	0.01976	0.03895	0.02204	0.62983	0.17400	0.00708	0.00845	0.00891	0.00383	0.00428
21	0.81856	0.01250	0.00950	0.00850	0.01250	0.01449	0.00700	0.01899	0.01100	0.02899	0.00900	0.01050	0.00700	0.00600	0.00400	0.00200	0.00500	0.00350	0.00400	0.00700
22	0.01200	0.01156	0.09950	0.01187	0.01492	0.00908	0.05573	0.06191	0.03254	0.06160	0.20071	0.22937	0.08103	0.01357	0.00757	0.00229	0.00528	0.07651	0.00585	0.00711
23	0.01894	0.51190	0.02849	0.06128	0.01938	0.19912	0.01191	0.05216	0.01515	0.01659	0.00969	0.01136	0.00844	0.00596	0.00481	0.00153	0.00818	0.00388	0.00308	0.00815
24	0.01510	0.01956	0.26231	0.04890	0.11305	0.01380	0.01604	0.07406	0.14457	0.06658	0.08563	0.02425	0.03406	0.00835	0.00664	0.00210	0.00708	0.04391	0.00476	0.00924

[dist]
# distance from previous block
# <min> <max>
1	5

[block]
# block no. 7 follows, 34 sequences, length 13
# corresponding to MSA columns:
# 312-324
name=unknown_H
#
# <colnr> <probs for GDERKNQSTAVLIFYWHMCP>
#	G	D	E	R	K	N	Q	S	T	A	V	L	I	F	Y	W	H	M	C	P
0	0.38218	0.06891	0.05568	0.06182	0.12269	0.10827	0.01174	0.01943	0.01282	0.02280	0.01031	0.01294	0.00843	0.00849	0.04523	0.00239	0.03027	0.00437	0.00351	0.00771
1	0.01766	0.06233	0.12445	0.04513	0.17835	0.22301	0.06348	0.03849	0.11031	0.02046	0.04478	0.01676	0.01273	0.00683	0.00624	0.00190	0.00872	0.00564	0.00383	0.00889
2	0.01244	0.01173	0.01981	0.71220	0.08783	0.01442	0.01806	0.01672	0.01303	0.01680	0.01153	0.01715	0.00872	0.00642	0.00646	0.00214	0.00855	0.00574	0.00289	0.00737
3	0.01696	0.01238	0.01499	0.06221	0.05200	0.01350	0.01112	0.10530	0.31262	0.11190	0.06725	0.03190	0.02260	0.01010	0.00701	0.00225	0.00576	0.12468	0.00626	0.00922
4	0.00958	0.00625	0.00698	0.00698	0.00708	0.00625	0.00396	0.00979	0.00969	0.01333	0.02041	0.04102	0.02301	0.71960	0.03091	0.00593	0.00604	0.00916	0.05999	0.00406
5	0.01078	0.00571	0.00820	0.00825	0.00841	0.00562	0.00550	0.00854	0.00903	0.01189	0.01622	0.04882	0.06290	0.05490	0.02379	0.69296	0.00541	0.00677	0.00318	0.00312
6	0.00823	0.00653	0.00739	0.00726	0.00911	0.00569	0.00541	0.01038	0.01600	0.02066	0.31932	0.08739	0.44308	0.01532	0.00766	0.00214	0.00321	0.01309	0.00643	0.00569
7	0.00940	0.00626	0.00705	0.00705	0.00705	0.00626	0.00392	0.00940	0.00940	0.01253	0.02036	0.04228	0.02349	0.77292	0.03289	0.00626	0.00626	0.00940	0.00392	0.00392
8	0.01881	0.11828	0.05027	0.02161	0.18753	0.27700	0.05958	0.05302	0.03525	0.01892	0.01234	0.04650	0.01079	0.00719	0.00700	0.00188	0.05645	0.00557	0.00351	0.00850
9	0.05022	0.03742	0.07936	0.05448	0.29213	0.07309	0.14969	0.07398	0.04637	0.02223	0.01266	0.01562	0.01002	0.00618	0.00665	0.00196	0.02272	0.00577	0.00361	0.03583
10	0.04649	0.08552	0.01882	0.01490	0.03639	0.30532	0.03418	0.10831	0.08206	0.06615	0.03097	0.01562	0.01190	0.00846	0.03385	0.00205	0.00876	0.00513	0.00441	0.08072
11	0.01267	0.03710	0.05186	0.60130	0.09136	0.01461	0.04039	0.01701	0.01334	0.01741	0.03473	0.01777	0.01044	0.00655	0.00644	0.00210	0.00843	0.00588	0.00304	0.00755
12	0.08746	0.12137	0.11468	0.04677	0.06051	0.03818	0.01260	0.03976	0.26593	0.05092	0.04126	0.04395	0.01626	0.00807	0.00606	0.00203	0.00642	0.02389	0.00488	0.00901

[dist]
# distance from previous block
# <min> <max>
11	17

[block]
# block no. 8 follows, 34 sequences, length 13
# corresponding to MSA columns:
# 346-358
name=unknown_I
#
# <colnr> <probs for GDERKNQSTAVLIFYWHMCP>
#	G	D	E	R	K	N	Q	S	T	A	V	L	I	F	Y	W	H	M	C	P
0	0.09534	0.01189	0.04974	0.06399	0.05261	0.03034	0.02638	0.06503	0.06508	0.02088	0.04292	0.21754	0.05346	0.03989	0.00959	0.02743	0.06529	0.05075	0.00482	0.00703
1	0.10447	0.01612	0.12702	0.03303	0.04185	0.03875	0.06683	0.06417	0.05326	0.17122	0.05390	0.04143	0.01489	0.00835	0.02399	0.00210	0.00694	0.00615	0.00497	0.12056
2	0.01639	0.01949	0.21098	0.05048	0.10289	0.03738	0.06535	0.10632	0.05028	0.07258	0.01473	0.04366	0.01155	0.00679	0.00618	0.00183	0.00752	0.00581	0.00419	0.16557
3	0.00797	0.00607	0.00736	0.00823	0.00934	0.00546	0.00582	0.00946	0.01362	0.01748	0.08470	0.45480	0.28058	0.01841	0.00803	0.00245	0.00364	0.04512	0.00606	0.00540
4	0.01616	0.01393	0.02018	0.33740	0.19425	0.01570	0.01602	0.19184	0.05179	0.02418	0.01570	0.01880	0.04145	0.00716	0.00650	0.00205	0.00762	0.00618	0.00416	0.00891
5	0.01183	0.05588	0.04501	0.07639	0.03017	0.03110	0.02567	0.03395	0.03082	0.04134	0.12404	0.08666	0.21956	0.01503	0.06398	0.00280	0.05461	0.03930	0.00504	0.00683
6	0.01306	0.01119	0.01299	0.00939	0.01492	0.00843	0.00749	0.01586	0.01348	0.02084	0.01467	0.01628	0.05213	0.00547	0.00495	0.00103	0.00470	0.00441	0.00396	0.76474
7	0.01617	0.01753	0.01949	0.01690	0.01758	0.16777	0.01380	0.01764	0.01161	0.01560	0.00879	0.01363	0.00845	0.01036	0.01808	0.00259	0.60859	0.00535	0.00293	0.00715
8	0.02611	0.01561	0.01785	0.01369	0.01880	0.01634	0.01131	0.47289	0.02621	0.28478	0.01901	0.01778	0.01274	0.00784	0.00648	0.00196	0.00655	0.00606	0.00700	0.01099
9	0.01904	0.02231	0.01906	0.01681	0.01844	0.37667	0.01333	0.02058	0.01403	0.01568	0.00922	0.01292	0.00840	0.00903	0.01366	0.00226	0.39330	0.00492	0.00307	0.00728
10	0.02843	0.01189	0.01555	0.01192	0.01694	0.01083	0.00985	0.11733	0.01999	0.64913	0.02423	0.02117	0.01536	0.00797	0.00649	0.00199	0.00570	0.00641	0.00780	0.01100
11	0.00922	0.00647	0.00797	0.00795	0.00846	0.00669	0.00518	0.01006	0.01034	0.01400	0.04750	0.03928	0.07059	0.49955	0.22310	0.00695	0.00893	0.00910	0.00405	0.00460
12	0.00790	0.00581	0.00742	0.00859	0.00929	0.00532	0.00584	0.00921	0.01303	0.01713	0.07650	0.62670	0.14496	0.01930	0.00812	0.00253	0.00364	0.01732	0.00606	0.00532

[dist]
# distance from previous block
# <min> <max>
0	14

[block]
# block no. 9 follows, 34 sequences, length 15
# corresponding to MSA columns:
# 373-387
name=unknown_J
#
# <colnr> <probs for GDERKNQSTAVLIFYWHMCP>
#	G	D	E	R	K	N	Q	S	T	A	V	L	I	F	Y	W	H	M	C	P
0	0.01727	0.77681	0.03386	0.01106	0.01658	0.02557	0.01106	0.01935	0.01313	0.01520	0.00898	0.01036	0.00829	0.00553	0.00415	0.00138	0.00691	0.00345	0.00276	0.00829
1	0.00824	0.00581	0.00756	0.00863	0.00913	0.00544	0.00577	0.00933	0.01263	0.01691	0.10182	0.58223	0.06676	0.08735	0.01096	0.03022	0.00395	0.01631	0.00581	0.00514
2	0.02388	0.06025	0.01899	0.01634	0.01984	0.68437	0.01242	0.05718	0.01866	0.01694	0.01020	0.01178	0.00844	0.00666	0.00579	0.00167	0.01125	0.00421	0.00345	0.00768
3	0.34059	0.09553	0.05693	0.05210	0.09024	0.14417	0.01183	0.06831	0.01441	0.02360	0.01018	0.01226	0.00818	0.00644	0.00577	0.00191	0.04162	0.00428	0.00367	0.00797
4	0.01727	0.77681	0.03386	0.01106	0.01658	0.02557	0.01106	0.01935	0.01313	0.01520	0.00898	0.01036	0.00829	0.00553	0.00415	0.00138	0.00691	0.00345	0.00276	0.00829
5	0.01162	0.06594	0.01119	0.00911	0.01032	0.03331	0.00641	0.06816	0.01198	0.01580	0.01853	0.05417	0.01975	0.44282	0.18813	0.00622	0.00897	0.00819	0.00398	0.00539
6	0.01351	0.00878	0.01095	0.03159	0.01347	0.00893	0.00824	0.03615	0.13505	0.12854	0.03199	0.24191	0.09730	0.05460	0.06107	0.00315	0.00578	0.09570	0.00603	0.00725
7	0.02494	0.01208	0.01525	0.01153	0.01672	0.01075	0.00947	0.12146	0.01900	0.48352	0.02103	0.01921	0.01389	0.00726	0.00612	0.00176	0.00556	0.00582	0.00687	0.18776
8	0.01727	0.77681	0.03386	0.01106	0.01658	0.02557	0.01106	0.01935	0.01313	0.01520	0.00898	0.01036	0.00829	0.00553	0.00415	0.00138	0.00691	0.00345	0.00276	0.00829
9	0.00786	0.00568	0.00744	0.00884	0.00933	0.00526	0.00593	0.00901	0.01252	0.01655	0.03747	0.72468	0.08556	0.02000	0.00821	0.00260	0.00372	0.01807	0.00600	0.00526
10	0.00906	0.00636	0.00796	0.00821	0.00898	0.00626	0.00564	0.01050	0.01258	0.01725	0.16847	0.17991	0.07900	0.28196	0.10919	0.00469	0.00623	0.04234	0.03032	0.00509
11	0.00832	0.00618	0.00776	0.00820	0.00936	0.00562	0.00583	0.01029	0.01512	0.02034	0.31155	0.35585	0.17827	0.01678	0.00789	0.00231	0.00339	0.01488	0.00643	0.00562
12	0.01689	0.01450	0.01835	0.01526	0.01947	0.01604	0.11396	0.06589	0.55356	0.05542	0.02377	0.02260	0.01767	0.00819	0.00672	0.00217	0.00609	0.00725	0.00614	0.01007
13	0.01716	0.01431	0.01485	0.01316	0.01684	0.03831	0.01026	0.09894	0.57351	0.05049	0.02518	0.06000	0.01954	0.00915	0.00662	0.00217	0.00546	0.00759	0.00648	0.00999
14	0.01532	0.06739	0.28519	0.07998	0.20827	0.04356	0.01835	0.03814	0.04979	0.05343	0.03951	0.01883	0.01281	0.00703	0.00631	0.00201	0.00807	0.03309	0.00370	0.00925

[dist]
# distance from previous block
# <min> <max>
1	2

[block]
# block no. 10 follows, 34 sequences, length 9
# corresponding to MSA columns:
# 393-401
name=unknown_K
#
# <colnr> <probs for GDERKNQSTAVLIFYWHMCP>
#	G	D	E	R	K	N	Q	S	T	A	V	L	I	F	Y	W	H	M	C	P
0	0.21534	0.10074	0.06827	0.01345	0.01771	0.12688	0.03200	0.15725	0.01676	0.06828	0.01217	0.01445	0.00967	0.03902	0.00806	0.00214	0.08030	0.00490	0.00427	0.00835
1	0.00900	0.00642	0.00787	0.00799	0.00860	0.00654	0.00527	0.00990	0.01058	0.01412	0.02666	0.09869	0.11491	0.42942	0.21009	0.00649	0.00849	0.01003	0.00424	0.00470
2	0.01296	0.03342	0.73944	0.01842	0.02797	0.01501	0.02387	0.02046	0.01364	0.02046	0.01160	0.01364	0.00818	0.00614	0.00614	0.00205	0.00955	0.00477	0.00273	0.00955
3	0.00825	0.00647	0.00746	0.00742	0.00916	0.00568	0.00549	0.01037	0.01585	0.02062	0.31906	0.13357	0.39643	0.01556	0.00770	0.00217	0.00324	0.01340	0.00643	0.00568
4	0.01146	0.00629	0.00933	0.00910	0.00910	0.00675	0.00629	0.00899	0.00854	0.01157	0.01100	0.01920	0.01100	0.02155	0.02493	0.74716	0.06616	0.00562	0.00281	0.00315
5	0.01056	0.00913	0.01200	0.03475	0.04596	0.04039	0.00919	0.01226	0.01185	0.01613	0.02342	0.34009	0.02612	0.04617	0.17967	0.00446	0.13716	0.03018	0.00448	0.00604
6	0.56439	0.01336	0.01217	0.01173	0.06307	0.04705	0.00871	0.05190	0.01331	0.11051	0.01184	0.01314	0.00891	0.00815	0.03667	0.00234	0.00617	0.00429	0.00447	0.00784
7	0.08277	0.08413	0.09492	0.05835	0.08903	0.08928	0.06902	0.07848	0.07889	0.02317	0.13528	0.02269	0.05104	0.00806	0.00630	0.00196	0.00705	0.00674	0.00453	0.00830
8	0.04032	0.16005	0.30985	0.07035	0.04879	0.09623	0.04166	0.04986	0.03677	0.04075	0.01284	0.04157	0.01031	0.00679	0.00588	0.00191	0.00851	0.00531	0.00343	0.00881

[dist]
# distance from previous block
# <min> <max>
0	7

[block]
# block no. 11 follows, 34 sequences, length 13
# corresponding to MSA columns:
# 409-421
name=unknown_L
#
# <colnr> <probs for GDERKNQSTAVLIFYWHMCP>
#	G	D	E	R	K	N	Q	S	T	A	V	L	I	F	Y	W	H	M	C	P
0	0.17653	0.12673	0.17287	0.03647	0.14258	0.07839	0.06387	0.09194	0.01545	0.02317	0.01118	0.01334	0.00874	0.00613	0.00560	0.00189	0.00795	0.00478	0.00355	0.00885
1	0.36088	0.05262	0.06245	0.03551	0.16416	0.08542	0.03145	0.05204	0.01407	0.04401	0.01091	0.01293	0.00856	0.00609	0.00518	0.00189	0.00692	0.00447	0.00380	0.03664
2	0.00927	0.00624	0.00724	0.00735	0.00744	0.00627	0.00427	0.00946	0.00967	0.01295	0.02141	0.09808	0.02465	0.68093	0.06388	0.00617	0.00658	0.00998	0.00406	0.00410
3	0.03921	0.03140	0.13613	0.07944	0.09478	0.02530	0.03815	0.08345	0.10590	0.05569	0.14734	0.02468	0.02145	0.00990	0.03169	0.00236	0.03092	0.02875	0.00486	0.00858
4	0.00992	0.00863	0.05029	0.00948	0.01057	0.00820	0.00715	0.01128	0.01019	0.01432	0.01835	0.05414	0.01953	0.40998	0.25181	0.00682	0.05618	0.00822	0.00370	0.03124
5	0.01943	0.05255	0.07635	0.03516	0.02083	0.34910	0.07948	0.10167	0.01709	0.01919	0.01187	0.01544	0.00999	0.04454	0.04853	0.02878	0.05338	0.00527	0.00360	0.00777
6	0.04047	0.01496	0.04449	0.18605	0.15777	0.06623	0.01499	0.04313	0.04097	0.01905	0.01190	0.01617	0.00998	0.01087	0.06894	0.00281	0.18902	0.00556	0.00336	0.05327
7	0.01631	0.04995	0.07715	0.03951	0.05824	0.01532	0.03233	0.12020	0.33934	0.05154	0.02521	0.04214	0.08654	0.00892	0.00657	0.00209	0.00607	0.00745	0.00564	0.00948
8	0.00829	0.00676	0.00725	0.00725	0.00909	0.00606	0.00530	0.01048	0.03966	0.01778	0.10258	0.09422	0.52418	0.08608	0.04365	0.00294	0.00426	0.01283	0.00579	0.00554
9	0.01648	0.18676	0.04162	0.05791	0.10622	0.03399	0.05594	0.12518	0.01649	0.02251	0.03439	0.01489	0.01110	0.00601	0.00552	0.00155	0.00681	0.00491	0.00389	0.24782
10	0.03352	0.00823	0.01030	0.00981	0.01126	0.00866	0.00721	0.01350	0.04979	0.05721	0.02625	0.22178	0.08918	0.15191	0.10817	0.02904	0.08587	0.01046	0.00481	0.06303
11	0.01386	0.03243	0.04143	0.01128	0.01639	0.01054	0.05021	0.06333	0.05233	0.02172	0.01562	0.05056	0.03208	0.04952	0.00701	0.00162	0.00555	0.00562	0.00421	0.51471
12	0.01298	0.01273	0.09045	0.05707	0.05562	0.01079	0.01084	0.05896	0.03718	0.04412	0.12874	0.05287	0.06336	0.05326	0.07045	0.00281	0.05288	0.00746	0.00463	0.17279

[dist]
# distance from previous block
# <min> <max>
0	10

[block]
# block no. 12 follows, 34 sequences, length 26
# corresponding to MSA columns:
# 432-457
name=unknown_M
#
# <colnr> <probs for GDERKNQSTAVLIFYWHMCP>
#	G	D	E	R	K	N	Q	S	T	A	V	L	I	F	Y	W	H	M	C	P
0	0.14071	0.05255	0.05252	0.04439	0.10170	0.02538	0.03896	0.04539	0.01465	0.17400	0.03590	0.01983	0.03911	0.01353	0.11810	0.00322	0.03059	0.00599	0.00467	0.03879
1	0.01107	0.01068	0.04638	0.01283	0.04962	0.01048	0.04321	0.01534	0.08542	0.02055	0.19234	0.04043	0.21737	0.01422	0.04428	0.00266	0.11623	0.05463	0.00530	0.00695
2	0.00856	0.00652	0.00790	0.00790	0.00947	0.00603	0.00588	0.01048	0.01471	0.01929	0.25091	0.10474	0.32724	0.04003	0.09931	0.03387	0.00520	0.03060	0.00584	0.00554
3	0.81856	0.01250	0.00950	0.00850	0.01250	0.01449	0.00700	0.01899	0.01100	0.02899	0.00900	0.01050	0.00700	0.00600	0.00400	0.00200	0.00500	0.00350	0.00400	0.00700
4	0.01508	0.01709	0.03706	0.06880	0.03438	0.01623	0.66980	0.02046	0.01512	0.02046	0.01298	0.01742	0.00974	0.00550	0.00756	0.00218	0.01076	0.00752	0.00325	0.00863
5	0.02359	0.01420	0.01634	0.01305	0.01768	0.01492	0.01061	0.28231	0.19684	0.28410	0.04207	0.02088	0.01635	0.00825	0.00654	0.00203	0.00593	0.00659	0.00705	0.01066
6	0.00807	0.00598	0.00753	0.00837	0.00930	0.00545	0.00581	0.00965	0.01393	0.01845	0.17192	0.50073	0.17476	0.01819	0.00801	0.00243	0.00353	0.01622	0.00621	0.00545
7	0.00945	0.00668	0.00843	0.00838	0.00873	0.00718	0.00551	0.01020	0.00979	0.01346	0.01957	0.05879	0.02148	0.51586	0.23908	0.00724	0.03292	0.00884	0.00381	0.00459
8	0.01163	0.00768	0.00954	0.00982	0.01147	0.00742	0.00730	0.06116	0.04657	0.08707	0.03660	0.44351	0.12628	0.01694	0.00788	0.00248	0.00439	0.08951	0.00624	0.00651
9	0.01727	0.77681	0.03386	0.01106	0.01658	0.02557	0.01106	0.01935	0.01313	0.01520	0.00898	0.01036	0.00829	0.00553	0.00415	0.00138	0.00691	0.00345	0.00276	0.00829
10	0.00969	0.00661	0.00836	0.00816	0.00943	0.00616	0.00586	0.01184	0.01564	0.04612	0.43068	0.12645	0.09163	0.15733	0.01246	0.00293	0.00393	0.03470	0.00631	0.00572
11	0.01438	0.03093	0.65160	0.01819	0.02725	0.01460	0.04987	0.02139	0.01411	0.07985	0.01281	0.01448	0.00890	0.00627	0.00623	0.00205	0.00927	0.00503	0.00319	0.00964
12	0.00802	0.00573	0.00767	0.00917	0.00961	0.00538	0.00625	0.00925	0.01252	0.01666	0.03553	0.72819	0.04241	0.02010	0.00829	0.00264	0.00388	0.05743	0.00600	0.00529
13	0.01595	0.13721	0.11167	0.08227	0.18709	0.04522	0.01511	0.07901	0.14551	0.02197	0.01643	0.03988	0.01395	0.00778	0.00625	0.00200	0.00729	0.05209	0.00420	0.00912
14	0.73313	0.04104	0.01104	0.03407	0.01399	0.04169	0.00771	0.01917	0.01141	0.02758	0.00912	0.01076	0.00715	0.00602	0.00415	0.00197	0.00543	0.00360	0.00389	0.00707
15	0.04673	0.01587	0.06742	0.10190	0.25667	0.06377	0.10007	0.07638	0.01660	0.02302	0.14731	0.02168	0.01925	0.00746	0.00664	0.00199	0.00753	0.00685	0.00419	0.00865
16	0.01037	0.01020	0.08114	0.01206	0.01450	0.00807	0.07416	0.01305	0.01367	0.03391	0.03280	0.26025	0.11270	0.07844	0.01012	0.00287	0.00581	0.21435	0.00529	0.00623
17	0.01700	0.30945	0.02157	0.01253	0.03122	0.17932	0.01022	0.05888	0.01504	0.03628	0.01652	0.10546	0.04049	0.04127	0.07571	0.00271	0.00839	0.00656	0.00386	0.00752
18	0.01012	0.00890	0.01328	0.01207	0.01373	0.00918	0.08705	0.01208	0.01300	0.01765	0.05792	0.36565	0.13568	0.01532	0.00999	0.00243	0.12768	0.03122	0.00509	0.05197
19	0.00838	0.00633	0.00775	0.00792	0.00932	0.00569	0.00574	0.01052	0.01571	0.02103	0.35850	0.24455	0.24305	0.01597	0.00779	0.00223	0.00330	0.01402	0.00650	0.00569
20	0.00926	0.00696	0.00855	0.00885	0.01009	0.00678	0.00628	0.01287	0.09150	0.02064	0.26771	0.34730	0.10216	0.05918	0.00921	0.00255	0.00377	0.01403	0.00631	0.00601
21	0.01340	0.01148	0.01340	0.00957	0.01531	0.00861	0.00766	0.01627	0.01340	0.02105	0.01148	0.01340	0.00957	0.00479	0.00479	0.00096	0.00479	0.00383	0.00383	0.81242
22	0.01026	0.00725	0.00898	0.00879	0.01045	0.00695	0.00656	0.01377	0.07017	0.05381	0.34414	0.15251	0.14135	0.06211	0.03257	0.00273	0.00426	0.05064	0.00642	0.00627
23	0.01204	0.00602	0.00602	0.00602	0.00753	0.00602	0.00452	0.01506	0.01355	0.02409	0.02108	0.02409	0.01656	0.00753	0.00452	0.00151	0.00301	0.00602	0.80879	0.00602
24	0.01094	0.00883	0.03839	0.01031	0.03685	0.00847	0.00728	0.03232	0.03395	0.03829	0.04638	0.08583	0.08563	0.35780	0.13254	0.00529	0.04142	0.00934	0.00443	0.00570
25	0.01701	0.56132	0.04642	0.01320	0.01851	0.04777	0.07928	0.04665	0.01410	0.01711	0.01060	0.03466	0.00964	0.00626	0.00533	0.00157	0.02973	0.00454	0.00311	0.03319

[dist]
# distance from previous block
# <min> <max>
0	6

[block]
# block no. 13 follows, 34 sequences, length 11
# corresponding to MSA columns:
# 464-474
name=unknown_N
#
# <colnr> <probs for GDERKNQSTAVLIFYWHMCP>
#	G	D	E	R	K	N	Q	S	T	A	V	L	I	F	Y	W	H	M	C	P
0	0.04752	0.16932	0.10492	0.03738	0.12743	0.12334	0.01404	0.11063	0.03183	0.05612	0.03759	0.01516	0.01143	0.00689	0.00659	0.00183	0.05020	0.00509	0.00397	0.03873
1	0.01219	0.00658	0.00697	0.00678	0.00818	0.00697	0.00518	0.01509	0.01330	0.02350	0.02021	0.02340	0.01600	0.00779	0.00567	0.00160	0.05539	0.00600	0.75311	0.00609
2	0.04008	0.01351	0.04741	0.05977	0.21022	0.01348	0.03178	0.06586	0.15816	0.07467	0.03781	0.06120	0.03177	0.02658	0.00775	0.00228	0.02411	0.07963	0.00500	0.00891
3	0.02124	0.08446	0.04814	0.01722	0.04788	0.50554	0.05797	0.04388	0.04318	0.01767	0.01360	0.01509	0.04262	0.00700	0.00598	0.00175	0.01024	0.00502	0.00359	0.00792
4	0.02253	0.01614	0.01722	0.01343	0.01801	0.01777	0.01102	0.59825	0.02765	0.03803	0.01641	0.01690	0.01189	0.00772	0.00615	0.00187	0.00645	0.00585	0.13651	0.01018
5	0.01996	0.01446	0.01673	0.01507	0.06395	0.01594	0.01132	0.21958	0.32408	0.13349	0.04875	0.02141	0.01727	0.00845	0.00716	0.00210	0.03685	0.00677	0.00640	0.01026
6	0.00782	0.00628	0.00697	0.00737	0.00898	0.00544	0.00531	0.00941	0.01431	0.01781	0.10617	0.26417	0.48282	0.01724	0.00781	0.00230	0.00339	0.01485	0.00608	0.00544
7	0.01070	0.00684	0.00939	0.00999	0.01103	0.00686	0.00766	0.01214	0.01240	0.05670	0.02694	0.19175	0.02911	0.13396	0.13138	0.08662	0.00730	0.23871	0.00506	0.00545
8	0.01060	0.00702	0.00914	0.00885	0.01064	0.00646	0.00691	0.01339	0.01722	0.07533	0.48054	0.07663	0.11742	0.01411	0.00777	0.00221	0.00373	0.11885	0.00685	0.00634
9	0.01166	0.01075	0.01531	0.01364	0.01515	0.05296	0.07202	0.01402	0.01116	0.01567	0.01463	0.02149	0.01350	0.03432	0.48428	0.00755	0.17562	0.00656	0.00330	0.00641
10	0.01967	0.13586	0.01920	0.01349	0.03287	0.04515	0.01091	0.33092	0.02161	0.07499	0.06839	0.09553	0.01766	0.00924	0.00723	0.00197	0.05415	0.00714	0.02492	0.00909

[dist]
# distance from previous block
# <min> <max>
0	3

[block]
# block no. 14 follows, 34 sequences, length 13
# corresponding to MSA columns:
