[name]
unknown

[dist]
# distance from previous block
# <min> <max>
0	81

[block]
# block no. 0 follows, 36 sequences, length 28
# corresponding to MSA columns:
# 116-143
name=unknown_A
#
# <colnr> <probs for GDERKNQSTAVLIFYWHMCP>
#	G	D	E	R	K	N	Q	S	T	A	V	L	I	F	Y	W	H	M	C	P
0	0.03465	0.06096	0.09684	0.10663	0.13970	0.04987	0.01345	0.10485	0.03675	0.10077	0.04570	0.02275	0.04563	0.00784	0.00616	0.00191	0.00678	0.05991	0.00448	0.05436
1	0.03842	0.04779	0.03560	0.05672	0.15138	0.07414	0.01196	0.15727	0.07809	0.09971	0.10110	0.06779	0.01863	0.00822	0.00622	0.00189	0.00635	0.00686	0.00507	0.02678
2	0.01498	0.03323	0.04055	0.05013	0.04824	0.12913	0.03035	0.06436	0.12711	0.03843	0.04080	0.07102	0.07497	0.06117	0.00789	0.00210	0.00645	0.02187	0.00458	0.13265
3	0.01144	0.03681	0.01475	0.03275	0.17285	0.01007	0.03771	0.04865	0.01457	0.01943	0.08487	0.15666	0.20316	0.01196	0.00739	0.00209	0.03051	0.05667	0.00482	0.04285
4	0.01329	0.01186	0.01850	0.07454	0.36876	0.01216	0.02933	0.01827	0.10307	0.02096	0.13038	0.02595	0.05490	0.00864	0.00717	0.03144	0.00609	0.03420	0.02222	0.00828
5	0.00736	0.00631	0.00631	0.00631	0.00842	0.00526	0.00473	0.00894	0.01420	0.01683	0.06312	0.05996	0.73964	0.01578	0.00736	0.00210	0.00316	0.01315	0.00579	0.00526
6	0.82504	0.01205	0.00916	0.00819	0.01205	0.01398	0.00675	0.01832	0.01060	0.02795	0.00868	0.01012	0.00675	0.00578	0.00386	0.00193	0.00482	0.00337	0.00386	0.00675
7	0.01550	0.01338	0.01409	0.01268	0.01620	0.01550	0.00986	0.03311	0.73091	0.02606	0.02536	0.02325	0.01902	0.00845	0.00634	0.00211	0.00493	0.00704	0.00634	0.00986
8	0.01363	0.01363	0.01908	0.01636	0.01636	0.01908	0.01363	0.01499	0.00954	0.01499	0.00818	0.01363	0.00818	0.01091	0.02045	0.00273	0.76963	0.00545	0.00273	0.00682
9	0.02116	0.27965	0.02292	0.01384	0.01818	0.33862	0.01153	0.18591	0.01871	0.02068	0.01055	0.01169	0.00862	0.00630	0.00522	0.00158	0.00868	0.00416	0.00374	0.00827
10	0.82504	0.01205	0.00916	0.00819	0.01205	0.01398	0.00675	0.01832	0.01060	0.02795	0.00868	0.01012	0.00675	0.00578	0.00386	0.00193	0.00482	0.00337	0.00386	0.00675
11	0.01243	0.00998	0.01148	0.01130	0.04833	0.01073	0.00817	0.02212	0.34714	0.02464	0.26673	0.03271	0.07102	0.01004	0.00654	0.00198	0.00409	0.00861	0.08408	0.00788
12	0.00906	0.00604	0.00680	0.00680	0.00680	0.00604	0.00378	0.00906	0.00906	0.01208	0.01963	0.04077	0.02265	0.78103	0.03171	0.00604	0.00604	0.00906	0.00378	0.00378
13	0.01363	0.01363	0.01908	0.01636	0.01636	0.01908	0.01363	0.01499	0.00954	0.01499	0.00818	0.01363	0.00818	0.01091	0.02045	0.00273	0.76963	0.00545	0.00273	0.00682
14	0.01242	0.00604	0.00623	0.00607	0.00768	0.00597	0.00459	0.01530	0.01330	0.05883	0.02053	0.02313	0.01594	0.00728	0.00445	0.00148	0.00302	0.00583	0.77585	0.00604
15	0.01666	0.78478	0.03265	0.01066	0.01599	0.02465	0.01066	0.01866	0.01266	0.01466	0.00866	0.00999	0.00800	0.00533	0.00400	0.00133	0.00666	0.00333	0.00267	0.00800
16	0.01250	0.03223	0.74875	0.01776	0.02697	0.01447	0.02302	0.01973	0.01315	0.01973	0.01118	0.01315	0.00789	0.00592	0.00592	0.00197	0.00921	0.00460	0.00263	0.00921
17	0.01360	0.00753	0.00979	0.00868	0.01099	0.00687	0.00669	0.01668	0.03586	0.19903	0.47980	0.06603	0.06926	0.01162	0.00701	0.00197	0.00359	0.01010	0.02783	0.00707
18	0.00781	0.00555	0.00729	0.00846	0.00888	0.00521	0.00563	0.00897	0.01219	0.01638	0.09335	0.65691	0.04126	0.07860	0.00976	0.00276	0.00375	0.01648	0.00572	0.00503
19	0.21384	0.01094	0.01322	0.01041	0.01501	0.01028	0.00860	0.02755	0.01615	0.57892	0.02087	0.01862	0.01340	0.00726	0.00570	0.00193	0.00519	0.00559	0.00681	0.00970
20	0.01153	0.00622	0.00626	0.00619	0.00779	0.00626	0.00466	0.01508	0.04936	0.02294	0.02345	0.02569	0.06467	0.00789	0.00466	0.00153	0.00302	0.00636	0.72046	0.00598
21	0.01072	0.00697	0.00872	0.00832	0.00918	0.00727	0.00566	0.04031	0.01099	0.05756	0.04411	0.03406	0.02096	0.46484	0.23743	0.00663	0.00899	0.00814	0.00409	0.00505
22	0.00957	0.00683	0.00950	0.01093	0.01216	0.00676	0.00922	0.01209	0.01388	0.01812	0.03325	0.20685	0.03689	0.01766	0.00848	0.00280	0.00533	0.56833	0.00575	0.00561
23	0.00759	0.00542	0.00723	0.00868	0.00904	0.00506	0.00578	0.00868	0.01193	0.01591	0.03434	0.77697	0.04121	0.01952	0.00795	0.00253	0.00361	0.01771	0.00578	0.00506
24	0.01514	0.01498	0.02696	0.06770	0.59121	0.01492	0.13818	0.01913	0.01420	0.02010	0.01184	0.01571	0.00973	0.00553	0.00637	0.00190	0.00797	0.00586	0.00308	0.00949
25	0.01177	0.01122	0.02037	0.04326	0.05248	0.01086	0.28352	0.03250	0.04970	0.01910	0.02482	0.28187	0.07665	0.01130	0.00727	0.00221	0.00670	0.01109	0.03625	0.00705
26	0.00767	0.00554	0.00727	0.00849	0.00903	0.00513	0.00574	0.00892	0.01248	0.01664	0.08935	0.68527	0.07779	0.01882	0.00788	0.00247	0.00354	0.01699	0.00587	0.00513
27	0.01343	0.03950	0.01382	0.03607	0.01569	0.03424	0.00810	0.04970	0.01379	0.02028	0.01398	0.01584	0.04629	0.00719	0.03582	0.00148	0.00557	0.00445	0.00382	0.62093

[dist]
# distance from previous block
# <min> <max>
0	2

[block]
# block no. 1 follows, 36 sequences, length 15
# corresponding to MSA columns:
# 146-160
name=unknown_B
#
# <colnr> <probs for GDERKNQSTAVLIFYWHMCP>
#	G	D	E	R	K	N	Q	S	T	A	V	L	I	F	Y	W	H	M	C	P
0	0.01630	0.01553	0.08530	0.08258	0.31825	0.01373	0.08648	0.08155	0.01549	0.08695	0.01306	0.01557	0.01000	0.00583	0.00606	0.00178	0.00729	0.00544	0.00381	0.12898
1	0.05045	0.38254	0.06667	0.01303	0.01770	0.26690	0.01168	0.04619	0.06100	0.01726	0.01042	0.01162	0.00875	0.00602	0.00487	0.00155	0.00816	0.00395	0.00325	0.00797
2	0.02657	0.01155	0.01522	0.01178	0.01631	0.01091	0.00974	0.10527	0.01856	0.62182	0.02247	0.02003	0.01443	0.00789	0.00717	0.00197	0.05458	0.00614	0.00723	0.01036
3	0.06629	0.02092	0.31498	0.01758	0.09809	0.01415	0.06008	0.09975	0.10344	0.02377	0.08622	0.01936	0.03362	0.00724	0.00617	0.00197	0.00725	0.00609	0.00415	0.00888
4	0.00753	0.00632	0.00654	0.00649	0.00852	0.00533	0.00486	0.00926	0.01459	0.01776	0.14017	0.05843	0.66200	0.01543	0.00736	0.00209	0.00313	0.01294	0.00591	0.00533
5	0.00894	0.00685	0.00833	0.00857	0.03078	0.00646	0.00591	0.01178	0.05431	0.02023	0.34301	0.12105	0.21475	0.11871	0.01065	0.00262	0.00373	0.01168	0.00593	0.00569
6	0.01177	0.01107	0.01869	0.76606	0.04291	0.01384	0.01730	0.01592	0.01246	0.01592	0.01107	0.01661	0.00831	0.00623	0.00623	0.00208	0.00831	0.00554	0.00277	0.00692
7	0.02013	0.01568	0.01670	0.01362	0.01797	0.01766	0.01098	0.42230	0.33418	0.03353	0.01948	0.01856	0.01426	0.00790	0.00628	0.00198	0.00602	0.00623	0.00628	0.01028
8	0.01177	0.01107	0.01869	0.76606	0.04291	0.01384	0.01730	0.01592	0.01246	0.01592	0.01107	0.01661	0.00831	0.00623	0.00623	0.00208	0.00831	0.00554	0.00277	0.00692
9	0.01729	0.53523	0.05123	0.01375	0.07338	0.11088	0.01173	0.06047	0.01443	0.01687	0.01150	0.01283	0.03564	0.00602	0.00468	0.00149	0.00723	0.00413	0.00309	0.00814
10	0.01482	0.14334	0.10497	0.01605	0.06151	0.03582	0.13600	0.07628	0.05584	0.02067	0.01476	0.05239	0.01300	0.00716	0.00594	0.00175	0.00710	0.05755	0.00386	0.17119
11	0.01763	0.09647	0.22826	0.01805	0.11242	0.09583	0.05408	0.13038	0.01697	0.09098	0.04552	0.01566	0.01172	0.00651	0.00591	0.00181	0.00786	0.00527	0.00405	0.03463
12	0.01072	0.01081	0.10124	0.01259	0.09583	0.00814	0.00949	0.01404	0.03569	0.06034	0.22452	0.14648	0.22080	0.01246	0.00704	0.00207	0.00457	0.01083	0.00550	0.00684
13	0.00759	0.00542	0.00723	0.00868	0.00904	0.00506	0.00578	0.00868	0.01193	0.01591	0.03434	0.77697	0.04121	0.01952	0.00795	0.00253	0.00361	0.01771	0.00578	0.00506
14	0.01813	0.27404	0.10607	0.08211	0.11726	0.12147	0.03710	0.04956	0.01498	0.10656	0.01202	0.01361	0.00932	0.00603	0.00540	0.00170	0.00780	0.00464	0.00358	0.00862

[dist]
# distance from previous block
# <min> <max>
0	1

[block]
# block no. 2 follows, 36 sequences, length 34
# corresponding to MSA columns:
# 162-185,193-202
name=unknown_C
#
# <colnr> <probs for GDERKNQSTAVLIFYWHMCP>
#	G	D	E	R	K	N	Q	S	T	A	V	L	I	F	Y	W	H	M	C	P
0	0.07064	0.01692	0.10252	0.02214	0.22885	0.04164	0.10042	0.04191	0.26404	0.02303	0.01632	0.01754	0.01252	0.00666	0.00617	0.00198	0.00707	0.00598	0.00431	0.00932
1	0.01161	0.00581	0.00581	0.00581	0.00726	0.00581	0.00436	0.01452	0.01307	0.02323	0.02033	0.02323	0.01597	0.00726	0.00436	0.00145	0.00290	0.00581	0.81562	0.00581
2	0.01730	0.68124	0.03069	0.01134	0.01636	0.07633	0.01089	0.04461	0.01353	0.01561	0.00895	0.01037	0.00810	0.00564	0.00466	0.00141	0.02862	0.00352	0.00284	0.00800
3	0.00761	0.00632	0.00665	0.00657	0.00856	0.00536	0.00492	0.00941	0.01477	0.01819	0.17530	0.05773	0.62661	0.01527	0.00736	0.00208	0.00312	0.01284	0.00596	0.00536
4	0.00855	0.00632	0.00799	0.00765	0.00917	0.00575	0.00571	0.01121	0.01689	0.02340	0.60964	0.07993	0.15771	0.01347	0.00738	0.00201	0.00300	0.01182	0.00666	0.00575
5	0.00850	0.00636	0.00789	0.00750	0.00911	0.00574	0.00563	0.01114	0.01688	0.02320	0.59069	0.04948	0.20809	0.01340	0.00735	0.00199	0.00299	0.01168	0.00662	0.00574
6	0.01666	0.78478	0.03265	0.01066	0.01599	0.02465	0.01066	0.01866	0.01266	0.01466	0.00866	0.00999	0.00800	0.00533	0.00400	0.00133	0.00666	0.00333	0.00267	0.00800
7	0.00882	0.00637	0.00833	0.00784	0.00931	0.00588	0.00588	0.01176	0.01764	0.02499	0.73888	0.04654	0.05879	0.01274	0.00735	0.00196	0.00294	0.01127	0.00686	0.00588
8	0.82504	0.01205	0.00916	0.00819	0.01205	0.01398	0.00675	0.01832	0.01060	0.02795	0.00868	0.01012	0.00675	0.00578	0.00386	0.00193	0.00482	0.00337	0.00386	0.00675
9	0.55072	0.03785	0.01235	0.01045	0.03616	0.04104	0.00825	0.07729	0.01372	0.14443	0.01189	0.01251	0.00865	0.00624	0.00458	0.00189	0.00544	0.00411	0.00459	0.00784
10	0.01099	0.01481	0.20197	0.01597	0.15000	0.00997	0.01271	0.01546	0.03865	0.02160	0.29285	0.03340	0.13643	0.00996	0.00673	0.00197	0.00548	0.00863	0.00489	0.00752
11	0.00914	0.00673	0.00927	0.00917	0.00986	0.00763	0.00665	0.01057	0.00967	0.01368	0.01736	0.02959	0.01769	0.29454	0.48216	0.00839	0.04201	0.00744	0.00346	0.00500
12	0.01800	0.63201	0.02962	0.01175	0.01665	0.17263	0.01094	0.01992	0.01367	0.01478	0.00886	0.01025	0.00800	0.00555	0.00433	0.00139	0.00759	0.00347	0.00278	0.00784
13	0.01396	0.01183	0.01553	0.06014	0.01706	0.01266	0.01043	0.01621	0.01192	0.06633	0.01158	0.03679	0.01014	0.00773	0.01086	0.00179	0.29178	0.00506	0.00360	0.38459
14	0.01785	0.07041	0.19699	0.01792	0.12019	0.03760	0.03473	0.18988	0.06377	0.09900	0.03482	0.01651	0.01203	0.00813	0.02935	0.00215	0.02925	0.00555	0.00450	0.00938
15	0.01360	0.01335	0.04017	0.11884	0.31843	0.01357	0.05366	0.01997	0.15815	0.02023	0.02195	0.02373	0.11981	0.00789	0.00685	0.00201	0.02804	0.00705	0.00408	0.00862
16	0.01361	0.01319	0.01875	0.07934	0.23885	0.05480	0.01409	0.01599	0.01199	0.01703	0.01301	0.08947	0.01261	0.01162	0.05818	0.00274	0.29227	0.00669	0.02826	0.00750
17	0.01121	0.00997	0.01672	0.57688	0.03500	0.01197	0.03417	0.01437	0.01206	0.01557	0.01416	0.11691	0.01290	0.00935	0.00814	0.07645	0.00749	0.00718	0.00317	0.00633
18	0.00894	0.00651	0.00918	0.00918	0.01000	0.00734	0.00675	0.01059	0.00977	0.01385	0.01745	0.02870	0.01741	0.23693	0.56864	0.00898	0.01393	0.00729	0.00345	0.00510
19	0.01666	0.78478	0.03265	0.01066	0.01599	0.02465	0.01066	0.01866	0.01266	0.01466	0.00866	0.00999	0.00800	0.00533	0.00400	0.00133	0.00666	0.00333	0.00267	0.00800
20	0.01363	0.01363	0.01908	0.01636	0.01636	0.01908	0.01363	0.01499	0.00954	0.01499	0.00818	0.01363	0.00818	0.01091	0.02045	0.00273	0.76963	0.00545	0.00273	0.00682
21	0.01363	0.01363	0.01908	0.01636	0.01636	0.01908	0.01363	0.01499	0.00954	0.01499	0.00818	0.01363	0.00818	0.01091	0.02045	0.00273	0.76963	0.00545	0.00273	0.00682
22	0.01363	0.01458	0.03058	0.02284	0.02802	0.01377	0.55541	0.01833	0.01462	0.01965	0.01732	0.02918	0.01556	0.00802	0.00764	0.00228	0.00940	0.16763	0.00375	0.00779
23	0.01394	0.01139	0.01852	0.48355	0.16226	0.01281	0.01570	0.01761	0.01339	0.09479	0.01477	0.04136	0.03036	0.00688	0.00625	0.00199	0.00740	0.00613	0.00356	0.03734
24	0.19955	0.19690	0.13895	0.01236	0.01776	0.01789	0.01194	0.20426	0.07638	0.02607	0.01220	0.01304	0.00934	0.00633	0.00508	0.00176	0.00651	0.00447	0.00420	0.03501
25	0.00906	0.00604	0.00680	0.00680	0.00680	0.00604	0.00378	0.00906	0.00906	0.01208	0.01963	0.04077	0.02265	0.78103	0.03171	0.00604	0.00604	0.00906	0.00378	0.00378
26	0.01753	0.04883	0.11641	0.02132	0.15842	0.23707	0.14257	0.02274	0.09342	0.03785	0.01316	0.01517	0.01025	0.00622	0.00607	0.00184	0.00886	0.00541	0.02833	0.00855
27	0.01296	0.09794	0.51673	0.01647	0.02329	0.01598	0.01946	0.01844	0.01259	0.01855	0.03701	0.01417	0.00982	0.00706	0.00854	0.00206	0.15271	0.00489	0.00281	0.00852
28	0.01759	0.01443	0.01527	0.01310	0.01700	0.01648	0.01037	0.20938	0.55123	0.02945	0.02270	0.02112	0.01686	0.00820	0.00631	0.00205	0.00542	0.00668	0.00631	0.01005
29	0.03073	0.00657	0.00830	0.00883	0.01010	0.00621	0.00659	0.01164	0.01338	0.06650	0.10868	0.32206	0.12329	0.09374	0.01014	0.00279	0.00431	0.15479	0.00576	0.00560
30	0.04403	0.03871	0.01940	0.06894	0.04306	0.12828	0.03336	0.46438	0.02387	0.03113	0.01316	0.01428	0.00974	0.00712	0.00651	0.00187	0.03237	0.00529	0.00508	0.00945
31	0.02060	0.01592	0.01696	0.01371	0.01815	0.01788	0.01110	0.46181	0.29391	0.03429	0.01888	0.01808	0.01377	0.00785	0.00627	0.00196	0.00613	0.00615	0.00627	0.01032
32	0.00815	0.00595	0.00758	0.00798	0.00900	0.00547	0.00563	0.01004	0.01453	0.01977	0.33957	0.35493	0.12744	0.04406	0.00850	0.00237	0.00336	0.01411	0.00617	0.00539
33	0.01128	0.01027	0.01383	0.28799	0.06111	0.04659	0.01171	0.02877	0.04099	0.01733	0.02644	0.17721	0.13682	0.01154	0.00738	0.00222	0.03092	0.06671	0.00434	0.00654

[dist]
# distance from previous block
# <min> <max>
6	16

[block]
# block no. 3 follows, 36 sequences, length 24
# corresponding to MSA columns:
# 220-243
name=unknown_D
#
# <colnr> <probs for GDERKNQSTAVLIFYWHMCP>
#	G	D	E	R	K	N	Q	S	T	A	V	L	I	F	Y	W	H	M	C	P
0	0.01446	0.01382	0.02355	0.23020	0.55774	0.01455	0.01864	0.01828	0.01373	0.01919	0.01155	0.01573	0.00946	0.00573	0.00618	0.00191	0.00764	0.00555	0.00300	0.00909
1	0.00759	0.00542	0.00723	0.00868	0.00904	0.00506	0.00578	0.00868	0.01193	0.01591	0.03434	0.77697	0.04121	0.01952	0.00795	0.00253	0.00361	0.01771	0.00578	0.00506
2	0.02368	0.01745	0.01870	0.01434	0.01932	0.01932	0.01184	0.72139	0.02929	0.03927	0.01496	0.01496	0.01060	0.00748	0.00623	0.00187	0.00686	0.00561	0.00623	0.01060
3	0.02368	0.01745	0.01870	0.01434	0.01932	0.01932	0.01184	0.72139	0.02929	0.03927	0.01496	0.01496	0.01060	0.00748	0.00623	0.00187	0.00686	0.00561	0.00623	0.01060
4	0.02795	0.01060	0.01446	0.01109	0.01591	0.00916	0.00916	0.03036	0.01783	0.74648	0.02458	0.02121	0.01542	0.00771	0.00627	0.00193	0.00530	0.00627	0.00771	0.01060
5	0.82504	0.01205	0.00916	0.00819	0.01205	0.01398	0.00675	0.01832	0.01060	0.02795	0.00868	0.01012	0.00675	0.00578	0.00386	0.00193	0.00482	0.00337	0.00386	0.00675
6	0.00759	0.00542	0.00723	0.00868	0.00904	0.00506	0.00578	0.00868	0.01193	0.01591	0.03434	0.77697	0.04121	0.01952	0.00795	0.00253	0.00361	0.01771	0.00578	0.00506
7	0.00817	0.00634	0.00744	0.00716	0.00891	0.00560	0.00537	0.01051	0.01612	0.02137	0.43959	0.05249	0.36033	0.01408	0.00736	0.00202	0.00304	0.01210	0.00638	0.00560
8	0.00901	0.00659	0.00980	0.00980	0.01082	0.00760	0.00753	0.01090	0.00988	0.01419	0.01648	0.02473	0.01556	0.07017	0.69323	0.05261	0.01573	0.00669	0.00332	0.00535
9	0.01633	0.00952	0.01038	0.00914	0.01162	0.04176	0.00719	0.04099	0.09223	0.17717	0.04568	0.02235	0.01674	0.00885	0.02507	0.00195	0.04684	0.00615	0.40254	0.00752
10	0.01256	0.01198	0.01674	0.01465	0.01481	0.01635	0.01197	0.01394	0.00958	0.01469	0.01037	0.01741	0.01044	0.07686	0.13280	0.00409	0.59556	0.00592	0.00290	0.00639
11	0.00900	0.00629	0.00807	0.00807	0.00851	0.00673	0.00536	0.00988	0.00944	0.01302	0.01847	0.03433	0.01985	0.49068	0.31824	0.00761	0.01025	0.00812	0.00360	0.00448
12	0.82504	0.01205	0.00916	0.00819	0.01205	0.01398	0.00675	0.01832	0.01060	0.02795	0.00868	0.01012	0.00675	0.00578	0.00386	0.00193	0.00482	0.00337	0.00386	0.00675
13	0.01277	0.04130	0.32454	0.04127	0.15288	0.01444	0.01744	0.01756	0.03179	0.01838	0.01457	0.07582	0.03321	0.00932	0.02976	0.00235	0.14481	0.00633	0.00320	0.00827
14	0.05682	0.14720	0.30820	0.18986	0.08104	0.01588	0.05354	0.01894	0.01310	0.04410	0.01119	0.01391	0.00844	0.00589	0.00567	0.00188	0.00814	0.00481	0.00297	0.00841
15	0.00820	0.00634	0.00746	0.00718	0.00893	0.00561	0.00539	0.01055	0.01617	0.02149	0.44952	0.05229	0.35032	0.01404	0.00736	0.00202	0.00303	0.01207	0.00640	0.00561
16	0.00748	0.00612	0.00660	0.00689	0.00859	0.00524	0.00501	0.00901	0.01386	0.01699	0.08665	0.21390	0.55916	0.01645	0.00749	0.00219	0.00325	0.01405	0.00583	0.00524
17	0.01628	0.06883	0.06298	0.16225	0.28531	0.01549	0.11140	0.08184	0.01528	0.07937	0.01271	0.01570	0.00976	0.00614	0.00660	0.00193	0.02984	0.00565	0.00363	0.00900
18	0.01744	0.01754	0.13695	0.05988	0.05647	0.07750	0.10499	0.14152	0.01709	0.11680	0.05479	0.04006	0.01392	0.00760	0.00736	0.00198	0.06496	0.00628	0.04827	0.00858
19	0.00777	0.00611	0.00707	0.00758	0.00904	0.00541	0.00558	0.00942	0.01381	0.01739	0.10949	0.27917	0.41107	0.01678	0.00764	0.00228	0.00349	0.06973	0.00587	0.00529
20	0.01091	0.00679	0.00855	0.00877	0.01012	0.00640	0.00626	0.04923	0.01419	0.09420	0.10681	0.47222	0.08646	0.03852	0.00810	0.00239	0.00389	0.01405	0.04611	0.00603
21	0.17017	0.01519	0.05946	0.01874	0.18765	0.05064	0.08480	0.05719	0.01425	0.04360	0.01146	0.01365	0.00905	0.00553	0.00538	0.00163	0.00665	0.00469	0.00370	0.23655
22	0.01618	0.17588	0.15315	0.08326	0.13369	0.07837	0.10813	0.03983	0.03461	0.05815	0.01202	0.01423	0.00934	0.00586	0.00572	0.00176	0.00803	0.00502	0.00337	0.05340
23	0.03509	0.05206	0.16716	0.01270	0.01632	0.07410	0.03053	0.01685	0.05508	0.03650	0.11889	0.10005	0.07613	0.03729	0.00905	0.00221	0.09993	0.02557	0.00436	0.03014

[dist]
# distance from previous block
# <min> <max>
0	5

[block]
# block no. 4 follows, 36 sequences, length 30
# corresponding to MSA columns:
# 249-278
name=unknown_E
#
# <colnr> <probs for GDERKNQSTAVLIFYWHMCP>
#	G	D	E	R	K	N	Q	S	T	A	V	L	I	F	Y	W	H	M	C	P
0	0.06934	0.15803	0.11747	0.01413	0.03661	0.11445	0.01260	0.25839	0.06776	0.02584	0.01262	0.01348	0.00966	0.00648	0.00547	0.00171	0.00732	0.00469	0.00434	0.05960
1	0.04517	0.18743	0.23295	0.01556	0.06205	0.04320	0.05526	0.09274	0.03128	0.06874	0.03565	0.03944	0.01184	0.00667	0.00563	0.00177	0.00734	0.00533	0.00384	0.04808
2	0.06790	0.22393	0.16613	0.05316	0.14123	0.09527	0.03162	0.06591	0.03759	0.01997	0.01131	0.01332	0.00905	0.00597	0.00532	0.00173	0.00765	0.00458	0.02986	0.00850
3	0.01676	0.15568	0.07887	0.01326	0.04216	0.16108	0.03876	0.02063	0.07262	0.10066	0.03605	0.11256	0.01628	0.00833	0.00576	0.00180	0.00676	0.00675	0.09744	0.00780
4	0.00871	0.00626	0.00783	0.03271	0.01029	0.00573	0.00600	0.01045	0.01396	0.04698	0.17752	0.36687	0.25137	0.01619	0.00754	0.00225	0.00357	0.01425	0.00597	0.00556
5	0.01431	0.09114	0.19689	0.19835	0.13769	0.04274	0.12716	0.04233	0.01396	0.01888	0.01122	0.01458	0.00869	0.00593	0.00637	0.00191	0.02632	0.00528	0.00299	0.03326
6	0.03743	0.01315	0.03424	0.05575	0.10646	0.08110	0.03881	0.09382	0.05087	0.08716	0.06138	0.15199	0.03544	0.00957	0.00679	0.00198	0.02946	0.00813	0.06796	0.02853
7	0.01023	0.00720	0.00840	0.00808	0.01000	0.00669	0.00604	0.03464	0.05146	0.06919	0.22282	0.15102	0.30858	0.05045	0.00846	0.00231	0.00371	0.02849	0.00614	0.00609
8	0.00901	0.00625	0.00787	0.00787	0.00824	0.00662	0.00511	0.00975	0.00938	0.01287	0.01865	0.03535	0.02030	0.53686	0.27266	0.00736	0.00958	0.00827	0.00363	0.00437
9	0.01433	0.07882	0.01733	0.05576	0.23000	0.12184	0.01170	0.04073	0.03076	0.01950	0.10647	0.07562	0.07845	0.03697	0.00711	0.00200	0.00642	0.00747	0.05121	0.00755
10	0.01429	0.01401	0.02226	0.17163	0.21545	0.06732	0.15545	0.01763	0.01331	0.03535	0.01319	0.01983	0.01146	0.07017	0.04543	0.00276	0.07102	0.02842	0.00328	0.00775
11	0.00862	0.00658	0.00798	0.00787	0.00949	0.00606	0.00593	0.01155	0.04209	0.02158	0.42121	0.11293	0.24672	0.01428	0.00744	0.00211	0.00329	0.05212	0.00638	0.00577
12	0.00890	0.00668	0.01001	0.01001	0.01113	0.00779	0.00779	0.01113	0.01001	0.01446	0.01669	0.02448	0.01558	0.04673	0.75634	0.01001	0.01669	0.00668	0.00334	0.00556
13	0.01398	0.14420	0.42255	0.10906	0.04756	0.07736	0.03719	0.01916	0.01331	0.01788	0.01098	0.01399	0.00855	0.03109	0.00652	0.00199	0.00875	0.00472	0.00277	0.00840
14	0.15912	0.04311	0.01524	0.06341	0.05935	0.14722	0.01048	0.09805	0.18829	0.02345	0.05690	0.01841	0.01458	0.03037	0.04415	0.00241	0.00718	0.00566	0.00458	0.00805
15	0.00859	0.00584	0.00693	0.00740	0.00751	0.00573	0.00442	0.00894	0.00998	0.01331	0.02434	0.27643	0.02859	0.53727	0.02411	0.00492	0.00526	0.01183	0.00442	0.00419
16	0.00773	0.00633	0.00682	0.00670	0.00864	0.00542	0.00502	0.00965	0.01507	0.01890	0.23414	0.05657	0.56733	0.01501	0.00736	0.00207	0.00310	0.01267	0.00606	0.00542
17	0.01505	0.01674	0.12686	0.04595	0.15275	0.03190	0.21236	0.10312	0.01648	0.04207	0.08448	0.02387	0.01685	0.00768	0.00682	0.00205	0.00794	0.07434	0.00416	0.00852
18	0.01250	0.03223	0.74875	0.01776	0.02697	0.01447	0.02302	0.01973	0.01315	0.01973	0.01118	0.01315	0.00789	0.00592	0.00592	0.00197	0.00921	0.00460	0.00263	0.00921
19	0.00787	0.00624	0.00711	0.00731	0.00897	0.00547	0.00545	0.00974	0.01459	0.01854	0.20182	0.16937	0.44361	0.01579	0.00752	0.00218	0.00333	0.05368	0.00601	0.00539
20	0.01666	0.78478	0.03265	0.01066	0.01599	0.02465	0.01066	0.01866	0.01266	0.01466	0.00866	0.00999	0.00800	0.00533	0.00400	0.00133	0.00666	0.00333	0.00267	0.00800
21	0.29365	0.01109	0.01269	0.01012	0.01462	0.01076	0.00835	0.02635	0.01542	0.50697	0.01928	0.01751	0.01253	0.00707	0.00546	0.00193	0.00514	0.00530	0.00643	0.00932
22	0.00792	0.00681	0.00754	0.00826	0.05100	0.00585	0.00564	0.00971	0.01442	0.01756	0.10395	0.05651	0.65321	0.01499	0.00729	0.00208	0.00339	0.01259	0.00570	0.00557
23	0.01666	0.78478	0.03265	0.01066	0.01599	0.02465	0.01066	0.01866	0.01266	0.01466	0.00866	0.00999	0.00800	0.00533	0.00400	0.00133	0.00666	0.00333	0.00267	0.00800
24	0.02327	0.02970	0.01766	0.01605	0.01926	0.75602	0.01204	0.02488	0.01766	0.01525	0.00963	0.01124	0.00803	0.00642	0.00562	0.00161	0.01124	0.00401	0.00321	0.00722
25	0.82504	0.01205	0.00916	0.00819	0.01205	0.01398	0.00675	0.01832	0.01060	0.02795	0.00868	0.01012	0.00675	0.00578	0.00386	0.00193	0.00482	0.00337	0.00386	0.00675
26	0.00878	0.00684	0.00916	0.00833	0.01011	0.00621	0.03918	0.01142	0.01642	0.02246	0.52733	0.04794	0.20789	0.04057	0.00822	0.00214	0.00346	0.01143	0.00633	0.00578
27	0.01350	0.01386	0.07882	0.01092	0.01634	0.04452	0.02792	0.04420	0.01380	0.02047	0.01272	0.06271	0.01119	0.00591	0.00513	0.00122	0.00551	0.00487	0.00380	0.60258
28	0.01097	0.00872	0.04540	0.01148	0.01372	0.00763	0.03118	0.01391	0.01448	0.06067	0.03500	0.06172	0.12927	0.01557	0.00814	0.00264	0.00566	0.51200	0.00563	0.00620
29	0.01195	0.00837	0.00964	0.00891	0.01032	0.00904	0.00634	0.11307	0.07189	0.01898	0.01890	0.03002	0.01831	0.35520	0.17671	0.00540	0.00794	0.00749	0.10564	0.00588

[dist]
# distance from previous block
# <min> <max>
1	3

[block]
# block no. 5 follows, 36 sequences, length 25
# corresponding to MSA columns:
# 282-306
name=unknown_F
#
# <colnr> <probs for GDERKNQSTAVLIFYWHMCP>
#	G	D	E	R	K	N	Q	S	T	A	V	L	I	F	Y	W	H	M	C	P
0	0.54323	0.03456	0.05920	0.01012	0.01448	0.01351	0.04589	0.04611	0.01251	0.04298	0.04601	0.01346	0.01033	0.00617	0.00456	0.00185	0.00538	0.00430	0.02747	0.05788
1	0.01333	0.02733	0.54746	0.01964	0.09867	0.01447	0.05993	0.04194	0.01376	0.02035	0.01135	0.01364	0.00836	0.00594	0.00632	0.00192	0.02810	0.00485	0.00289	0.05975
2	0.01427	0.01189	0.04888	0.01014	0.01545	0.00875	0.02708	0.01711	0.01325	0.09526	0.01306	0.01563	0.01065	0.05346	0.00661	0.00143	0.00515	0.00444	0.00405	0.62346
3	0.01402	0.01252	0.01758	0.25461	0.18689	0.06794	0.03365	0.06121	0.01478	0.05145	0.04841	0.15512	0.03720	0.00913	0.00659	0.00205	0.00695	0.00815	0.00412	0.00762
4	0.00890	0.00668	0.01001	0.01001	0.01113	0.00779	0.00779	0.01113	0.01001	0.01446	0.01669	0.02448	0.01558	0.04673	0.75634	0.01001	0.01669	0.00668	0.00334	0.00556
5	0.01424	0.01321	0.01827	0.33845	0.17470	0.05865	0.01476	0.06779	0.11101	0.01950	0.01406	0.01845	0.01133	0.04627	0.05102	0.00265	0.00812	0.00589	0.00366	0.00796
6	0.00743	0.00631	0.00641	0.00639	0.00846	0.00529	0.00479	0.00908	0.01437	0.01723	0.09595	0.05931	0.70656	0.01563	0.00736	0.00210	0.00315	0.01306	0.00584	0.00529
7	0.06198	0.01743	0.01631	0.05863	0.01857	0.17739	0.01123	0.26585	0.10322	0.02653	0.06427	0.01729	0.01396	0.00790	0.00743	0.00193	0.08391	0.00569	0.03196	0.00848
8	0.01550	0.01338	0.01409	0.01268	0.01620	0.01550	0.00986	0.03311	0.73091	0.02606	0.02536	0.02325	0.01902	0.00845	0.00634	0.00211	0.00493	0.00704	0.00634	0.00986
9	0.13700	0.16757	0.01982	0.01396	0.01651	0.23770	0.01157	0.01912	0.01271	0.01692	0.00878	0.01170	0.00789	0.00774	0.01042	0.00201	0.28412	0.00431	0.00302	0.00715
10	0.00764	0.00554	0.00722	0.00846	0.00901	0.00512	0.00571	0.00886	0.01240	0.01645	0.07380	0.68622	0.09280	0.01889	0.00788	0.00247	0.00355	0.01704	0.00584	0.00512
11	0.04816	0.01656	0.01760	0.01362	0.01835	0.01832	0.01122	0.65560	0.02770	0.03792	0.01509	0.01532	0.01081	0.00741	0.00604	0.00185	0.00655	0.00555	0.05616	0.01018
12	0.05418	0.01435	0.01655	0.01334	0.03800	0.03461	0.01063	0.33714	0.02257	0.36501	0.01895	0.01759	0.01260	0.00744	0.00614	0.00189	0.00620	0.00579	0.00666	0.01035
13	0.01177	0.01107	0.01869	0.76606	0.04291	0.01384	0.01730	0.01592	0.01246	0.01592	0.01107	0.01661	0.00831	0.00623	0.00623	0.00208	0.00831	0.00554	0.00277	0.00692
14	0.00862	0.00636	0.00806	0.00763	0.00919	0.00580	0.00573	0.01138	0.01718	0.02389	0.64812	0.04834	0.15024	0.01315	0.00735	0.00198	0.00297	0.01152	0.00671	0.00580
15	0.35778	0.05027	0.01670	0.01611	0.13831	0.06087	0.02983	0.10212	0.01430	0.06085	0.01083	0.01276	0.00853	0.00660	0.00665	0.00195	0.08900	0.00452	0.00396	0.00806
16	0.03971	0.01264	0.01884	0.42445	0.11712	0.05500	0.04317	0.01698	0.01266	0.04287	0.01187	0.01726	0.00964	0.04368	0.03650	0.00255	0.07898	0.00568	0.00312	0.00727
17	0.00820	0.00606	0.00825	0.00882	0.00943	0.00572	0.03362	0.00923	0.01150	0.01524	0.03164	0.54063	0.07275	0.19265	0.01332	0.00329	0.00442	0.01508	0.00522	0.00491
18	0.02327	0.02970	0.01766	0.01605	0.01926	0.75602	0.01204	0.02488	0.01766	0.01525	0.00963	0.01124	0.00803	0.00642	0.00562	0.00161	0.01124	0.00401	0.00321	0.00722
19	0.01292	0.01109	0.01395	0.04859	0.08480	0.00925	0.00893	0.04063	0.01358	0.02034	0.01470	0.07038	0.03600	0.00634	0.00523	0.00126	0.00502	0.00536	0.00390	0.58775
20	0.01892	0.05433	0.11603	0.08490	0.09606	0.01557	0.09568	0.24955	0.01916	0.12757	0.01463	0.01648	0.01071	0.02893	0.00692	0.00201	0.00748	0.00571	0.00469	0.02468
21	0.06162	0.00583	0.00818	0.00812	0.00836	0.00595	0.00549	0.00875	0.00827	0.01189	0.01069	0.01839	0.01057	0.02066	0.02307	0.76776	0.00537	0.00528	0.00278	0.00296
22	0.02022	0.11415	0.05667	0.01560	0.01954	0.50986	0.06197	0.02319	0.05114	0.01634	0.01315	0.01452	0.04399	0.00674	0.00569	0.00168	0.00986	0.00479	0.00339	0.00753
23	0.03635	0.10156	0.17621	0.06137	0.02162	0.01637	0.05282	0.24869	0.07515	0.08884	0.04957	0.01684	0.01285	0.00702	0.00600	0.00189	0.00711	0.00563	0.00480	0.00930
24	0.01468	0.06620	0.13217	0.03413	0.12169	0.07345	0.04713	0.04705	0.07772	0.03987	0.06118	0.08374	0.01597	0.00757	0.00598	0.00176	0.00671	0.00648	0.00411	0.15240

[dist]
# distance from previous block
# <min> <max>
1	5

[block]
# block no. 6 follows, 36 sequences, length 44
# corresponding to MSA columns:
# 312-355
name=unknown_G
#
# <colnr> <probs for GDERKNQSTAVLIFYWHMCP>
#	G	D	E	R	K	N	Q	S	T	A	V	L	I	F	Y	W	H	M	C	P
0	0.04401	0.35880	0.06829	0.01352	0.04788	0.21561	0.01161	0.06724	0.01521	0.01794	0.01192	0.01329	0.03322	0.00623	0.00492	0.00154	0.00773	0.00426	0.03080	0.02596
1	0.01257	0.01783	0.27630	0.01297	0.01830	0.01124	0.05266	0.07029	0.06368	0.04040	0.10416	0.02829	0.16739	0.00902	0.00638	0.00193	0.00622	0.00757	0.04605	0.04674
2	0.01502	0.33049	0.22240	0.03849	0.02085	0.06973	0.06227	0.01994	0.06989	0.01759	0.01298	0.04001	0.01126	0.00682	0.00545	0.00177	0.00771	0.03585	0.00326	0.00822
3	0.01407	0.10310	0.32560	0.02179	0.18570	0.01556	0.09689	0.03709	0.03824	0.02009	0.03506	0.01680	0.01136	0.00648	0.00643	0.00194	0.02663	0.02503	0.00323	0.00894
4	0.06026	0.01219	0.02108	0.20478	0.05075	0.01271	0.21961	0.03687	0.01404	0.10085	0.01878	0.11455	0.05507	0.00851	0.00733	0.00213	0.04071	0.00799	0.00415	0.00763
5	0.00906	0.00604	0.00680	0.00680	0.00680	0.00604	0.00378	0.00906	0.00906	0.01208	0.01963	0.04077	0.02265	0.78103	0.03171	0.00604	0.00604	0.00906	0.00378	0.00378
6	0.01425	0.04097	0.15244	0.08000	0.08831	0.04788	0.03197	0.09540	0.03539	0.04003	0.01590	0.07091	0.01438	0.03507	0.09773	0.00316	0.07311	0.05134	0.00391	0.00785
7	0.01568	0.03755	0.07944	0.08322	0.39716	0.03595	0.09967	0.02037	0.05460	0.06804	0.01397	0.04176	0.01139	0.00639	0.00629	0.00193	0.00766	0.00613	0.00361	0.00919
8	0.02795	0.01060	0.01446	0.01109	0.01591	0.00916	0.00916	0.03036	0.01783	0.74648	0.02458	0.02121	0.01542	0.00771	0.00627	0.00193	0.00530	0.00627	0.00771	0.01060
9	0.01014	0.00784	0.01151	0.01311	0.07631	0.00767	0.03011	0.01302	0.01480	0.01982	0.17482	0.08124	0.07423	0.01574	0.02841	0.00272	0.00555	0.40121	0.00560	0.00615
10	0.01813	0.16220	0.22096	0.01438	0.05745	0.03556	0.01374	0.05774	0.06763	0.20084	0.05230	0.01748	0.01368	0.00690	0.00572	0.00181	0.00676	0.00542	0.03217	0.00914
11	0.00845	0.00615	0.00831	0.00930	0.01010	0.00611	0.00679	0.01057	0.03285	0.01712	0.09016	0.48802	0.03760	0.02225	0.11607	0.00360	0.00578	0.10982	0.00553	0.00543
12	0.01383	0.00794	0.01016	0.00895	0.01136	0.00749	0.00693	0.01798	0.08224	0.18796	0.49039	0.03798	0.04405	0.01104	0.00692	0.00195	0.00365	0.00958	0.03228	0.00730
13	0.68045	0.01216	0.01013	0.00896	0.01258	0.01412	0.00733	0.06189	0.03132	0.02770	0.01040	0.02850	0.00841	0.00651	0.00482	0.00196	0.03458	0.00408	0.02711	0.00701
14	0.06307	0.01912	0.20789	0.09650	0.21166	0.03569	0.08158	0.10816	0.03056	0.02230	0.01334	0.05784	0.01099	0.00682	0.00618	0.00197	0.00786	0.00603	0.00361	0.00883
15	0.01253	0.06227	0.69045	0.01708	0.02583	0.01456	0.02184	0.01938	0.01331	0.01973	0.03935	0.01432	0.00987	0.00616	0.00590	0.00195	0.00886	0.00481	0.00280	0.00903
16	0.00894	0.00599	0.00683	0.00695	0.00699	0.00596	0.00395	0.00903	0.00930	0.01240	0.02088	0.10303	0.02422	0.71663	0.02970	0.00574	0.00584	0.00979	0.00395	0.00388
17	0.01099	0.01117	0.09116	0.03726	0.05011	0.00939	0.00985	0.04643	0.11547	0.02173	0.21400	0.13987	0.12536	0.01236	0.00712	0.00216	0.00487	0.07812	0.00558	0.00703
18	0.03698	0.29656	0.21376	0.01455	0.02004	0.01761	0.09703	0.03814	0.01289	0.01768	0.01119	0.01420	0.00937	0.01226	0.12290	0.00304	0.04606	0.00483	0.00296	0.00796
19	0.01512	0.01528	0.04353	0.16742	0.16069	0.11707	0.05488	0.04594	0.05491	0.03732	0.04536	0.02084	0.01384	0.07298	0.00986	0.00238	0.08153	0.02957	0.00373	0.00773
20	0.00854	0.00632	0.00796	0.00764	0.00916	0.00575	0.00570	0.01118	0.01685	0.02331	0.60234	0.08054	0.16459	0.01351	0.00738	0.00201	0.00300	0.01184	0.00664	0.00575
21	0.01504	0.01576	0.06800	0.11025	0.10220	0.14955	0.06574	0.06499	0.03836	0.05093	0.03961	0.19916	0.03399	0.00988	0.00665	0.00204	0.00726	0.00865	0.00437	0.00757
22	0.01215	0.07378	0.15574	0.07120	0.01734	0.04545	0.01167	0.03209	0.01190	0.03622	0.01454	0.02154	0.01320	0.13040	0.29409	0.00555	0.03704	0.00606	0.00333	0.00669
23	0.01483	0.00863	0.01072	0.00962	0.01214	0.00855	0.00746	0.03529	0.10935	0.20283	0.12065	0.05116	0.11327	0.09053	0.12021	0.00362	0.00640	0.04071	0.02670	0.00735
24	0.10476	0.01125	0.06187	0.01108	0.03039	0.00992	0.00918	0.07041	0.04068	0.24990	0.14622	0.08067	0.04228	0.01156	0.04450	0.00242	0.00560	0.03118	0.02799	0.00814
25	0.09433	0.01721	0.04847	0.06768	0.12164	0.17765	0.02803	0.12209	0.09081	0.02300	0.03287	0.03923	0.01283	0.00819	0.02505	0.00206	0.00754	0.00573	0.06743	0.00816
26	0.01343	0.03293	0.04852	0.02932	0.01384	0.01090	0.00856	0.21106	0.03501	0.02606	0.26278	0.03527	0.16500	0.04440	0.00779	0.00211	0.00481	0.00897	0.03191	0.00733
27	0.01076	0.00543	0.00807	0.00807	0.00807	0.00543	0.00536	0.00815	0.00815	0.01087	0.01112	0.01969	0.01123	0.04763	0.02460	0.79091	0.00543	0.00554	0.00274	0.00274
28	0.00876	0.00555	0.00743	0.00812	0.00860	0.00522	0.00549	0.00851	0.01084	0.01414	0.02977	0.38939	0.13196	0.01977	0.01398	0.30694	0.00422	0.01246	0.00464	0.00421
29	0.01378	0.01128	0.01395	0.03666	0.06060	0.00894	0.00853	0.01664	0.01323	0.05614	0.01178	0.01361	0.00954	0.00488	0.00485	0.00107	0.00494	0.00400	0.00382	0.70175
30	0.05053	0.01064	0.01431	0.01100	0.01580	0.00929	0.00909	0.03002	0.01763	0.72613	0.02413	0.02089	0.01518	0.00766	0.00620	0.00193	0.00529	0.00618	0.00760	0.01049
31	0.01239	0.01226	0.04723	0.68628	0.06025	0.01412	0.01735	0.04525	0.01323	0.01715	0.01126	0.01638	0.00843	0.00625	0.00622	0.00206	0.00826	0.00550	0.00291	0.00724
32	0.01574	0.15097	0.17740	0.01865	0.12877	0.01676	0.08094	0.09446	0.09026	0.04401	0.03389	0.01645	0.01187	0.02557	0.00764	0.00202	0.06634	0.00556	0.00384	0.00887
33	0.00810	0.00648	0.00760	0.00765	0.00925	0.00618	0.00575	0.00988	0.01320	0.01698	0.09272	0.12798	0.43389	0.02151	0.15172	0.00366	0.02752	0.01181	0.03272	0.00540
34	0.00877	0.00640	0.00826	0.00789	0.00940	0.00589	0.00597	0.01162	0.01727	0.02418	0.66438	0.04842	0.10357	0.01313	0.00740	0.00201	0.00307	0.03981	0.00674	0.00583
35	0.01412	0.01491	0.11040	0.25076	0.18078	0.01362	0.07402	0.09096	0.01495	0.04362	0.01551	0.07045	0.03244	0.00892	0.03557	0.00233	0.00801	0.00671	0.00369	0.00823
36	0.01658	0.10987	0.25932	0.07880	0.08124	0.11573	0.09339	0.06742	0.03958	0.06225	0.01239	0.01432	0.00928	0.00614	0.00592	0.00186	0.00859	0.00508	0.00348	0.00878
37	0.07167	0.01136	0.01441	0.01122	0.01586	0.01058	0.00923	0.10053	0.04089	0.58993	0.04294	0.02072	0.01577	0.00774	0.00616	0.00193	0.00536	0.00620	0.00727	0.01023
38	0.00773	0.00602	0.00704	0.00753	0.00889	0.00533	0.00542	0.00937	0.01389	0.01774	0.15088	0.31656	0.36915	0.01672	0.00761	0.00226	0.00336	0.03326	0.00594	0.00529
39	0.01539	0.04300	0.32412	0.04922	0.08096	0.13294	0.08069	0.05712	0.01523	0.04328	0.04921	0.05426	0.01285	0.00708	0.00619	0.00192	0.00856	0.00595	0.00354	0.00849
40	0.01830	0.12333	0.07096	0.07209	0.16152	0.31948	0.07451	0.02195	0.04807	0.01740	0.01108	0.01340	0.00901	0.00606	0.00575	0.00174	0.00921	0.00479	0.00318	0.00817
41	0.01493	0.01118	0.01796	0.61266	0.03752	0.01320	0.01573	0.03959	0.01390	0.14323	0.01353	0.01736	0.00961	0.00652	0.00624	0.00204	0.00774	0.00567	0.00373	0.00767
42	0.01195	0.01050	0.01313	0.01533	0.14999	0.05947	0.00938	0.01423	0.04877	0.01574	0.01822	0.08444	0.01915	0.30527	0.07846	0.00430	0.08377	0.04792	0.00386	0.00614
43	0.01663	0.08690	0.26471	0.01944	0.13308	0.07416	0.06681	0.10378	0.06717	0.06278	0.01394	0.01657	0.01077	0.00663	0.00605	0.00190	0.00805	0.02759	0.00386	0.00917

[dist]
# distance from previous block
# <min> <max>
0	4

[block]
# block no. 7 follows, 36 sequences, length 11
# corresponding to MSA columns:
# 360-370
name=unknown_H
#
# <colnr> <probs for GDERKNQSTAVLIFYWHMCP>
#	G	D	E	R	K	N	Q	S	T	A	V	L	I	F	Y	W	H	M	C	P
0	0.01106	0.00844	0.00971	0.00879	0.01103	0.00835	0.00675	0.11755	0.06808	0.02470	0.37857	0.07609	0.22126	0.01273	0.00714	0.00202	0.00374	0.01090	0.00641	0.00666
1	0.01374	0.23184	0.12992	0.01421	0.01720	0.01861	0.01349	0.01626	0.01101	0.01554	0.00978	0.01384	0.00897	0.01290	0.10202	0.00310	0.35257	0.00488	0.00277	0.00735
2	0.01467	0.01902	0.24999	0.01719	0.10892	0.01258	0.06160	0.09101	0.01511	0.04995	0.01323	0.04738	0.01067	0.00625	0.00578	0.00165	0.00702	0.00536	0.00375	0.25886
3	0.14154	0.01621	0.01678	0.01324	0.01790	0.01811	0.01087	0.54190	0.10330	0.03615	0.01517	0.01515	0.01095	0.00733	0.00589	0.00191	0.00634	0.00544	0.00589	0.00995
4	0.70630	0.01285	0.01057	0.00910	0.01313	0.01477	0.00750	0.12250	0.01337	0.02963	0.00961	0.01084	0.00732	0.00603	0.00421	0.00192	0.00512	0.00371	0.00421	0.00732
5	0.01407	0.02486	0.42325	0.05030	0.06227	0.01533	0.19655	0.07360	0.01468	0.02100	0.01174	0.01448	0.00862	0.00605	0.00686	0.00202	0.03680	0.00549	0.00307	0.00897
6	0.00736	0.00631	0.00631	0.00631	0.00842	0.00526	0.00473	0.00894	0.01420	0.01683	0.06312	0.05996	0.73964	0.01578	0.00736	0.00210	0.00316	0.01315	0.00579	0.00526
7	0.00764	0.00613	0.00684	0.00720	0.00881	0.00533	0.00528	0.00925	0.01393	0.01733	0.10897	0.23292	0.48909	0.01650	0.00755	0.00223	0.00335	0.04048	0.00587	0.00528
8	0.01230	0.01997	0.34823	0.01540	0.06222	0.01226	0.01543	0.01901	0.11974	0.03762	0.07655	0.13473	0.04744	0.00951	0.00711	0.00211	0.03993	0.00794	0.00427	0.00823
9	0.00802	0.00566	0.00739	0.00860	0.00899	0.00539	0.00581	0.00908	0.01167	0.01552	0.03190	0.60332	0.03783	0.14021	0.01178	0.00311	0.00417	0.07119	0.00546	0.00491
10	0.01731	0.09546	0.15276	0.01840	0.15232	0.12531	0.01431	0.12836	0.08132	0.03929	0.01352	0.03271	0.01081	0.00658	0.00575	0.00174	0.00751	0.00521	0.00399	0.08735

[dist]
# distance from previous block
# <min> <max>
0	2

[block]
# block no. 8 follows, 36 sequences, length 20
# corresponding to MSA columns:
# 373-390,393,394
name=unknown_I
#
# <colnr> <probs for GDERKNQSTAVLIFYWHMCP>
#	G	D	E	R	K	N	Q	S	T	A	V	L	I	F	Y	W	H	M	C	P
0	0.01480	0.04743	0.08930	0.15036	0.10412	0.02808	0.19514	0.06110	0.17291	0.02136	0.01562	0.01925	0.01224	0.00682	0.00650	0.00204	0.00791	0.03234	0.00399	0.00868
1	0.12211	0.00991	0.01194	0.14779	0.01705	0.02593	0.00865	0.04735	0.01260	0.12749	0.01675	0.05295	0.01551	0.26656	0.01513	0.00335	0.04421	0.00693	0.02352	0.02428
2	0.01126	0.00631	0.00725	0.00692	0.00852	0.00600	0.00515	0.01385	0.01459	0.06740	0.24658	0.05075	0.07453	0.05520	0.00727	0.00197	0.00328	0.00844	0.39878	0.00596
3	0.01363	0.01152	0.01329	0.00965	0.01508	0.00921	0.00773	0.05635	0.04141	0.02160	0.01184	0.01343	0.00968	0.00492	0.00477	0.00102	0.00475	0.00393	0.00394	0.74223
4	0.01071	0.00548	0.00822	0.00822	0.00829	0.00554	0.00554	0.00829	0.00822	0.01103	0.01115	0.01925	0.01109	0.02305	0.06535	0.77343	0.00604	0.00548	0.00274	0.00287
5	0.03704	0.01485	0.02403	0.02981	0.46141	0.04201	0.12331	0.03839	0.01477	0.04433	0.01505	0.01786	0.05069	0.00619	0.00625	0.00185	0.00747	0.00606	0.00354	0.05511
6	0.05373	0.11314	0.31662	0.01637	0.03947	0.01617	0.08992	0.13872	0.05672	0.04450	0.02908	0.01520	0.01069	0.00736	0.02400	0.00209	0.00808	0.00526	0.00384	0.00903
7	0.01300	0.01282	0.01782	0.01541	0.01560	0.01764	0.01278	0.01442	0.00985	0.01508	0.01202	0.01706	0.05378	0.01307	0.05783	0.00307	0.68318	0.00599	0.00295	0.00665
8	0.00797	0.00565	0.00743	0.00856	0.00895	0.00545	0.00574	0.00902	0.01145	0.01533	0.03098	0.59581	0.03664	0.13654	0.05783	0.00354	0.00486	0.03800	0.00533	0.00492
9	0.01138	0.00793	0.01027	0.03804	0.01162	0.00850	0.01949	0.03984	0.05211	0.06082	0.03310	0.09592	0.02116	0.37278	0.15414	0.00539	0.03891	0.00869	0.00432	0.00560
10	0.01635	0.17808	0.19766	0.04372	0.02112	0.05155	0.09471	0.05787	0.01463	0.11034	0.03137	0.01861	0.01234	0.05033	0.00808	0.00213	0.04727	0.03170	0.00386	0.00829
11	0.00767	0.00571	0.00717	0.00830	0.00910	0.00521	0.00577	0.00895	0.01256	0.01625	0.04066	0.58116	0.19594	0.01857	0.00786	0.00245	0.00362	0.05212	0.00578	0.00514
12	0.01313	0.03134	0.71855	0.01748	0.02651	0.01425	0.02245	0.02017	0.01335	0.04962	0.01173	0.01349	0.00820	0.00599	0.00593	0.00197	0.00905	0.00467	0.00284	0.00927
13	0.01556	0.04814	0.19264	0.08654	0.36973	0.05049	0.04858	0.02026	0.03049	0.06066	0.01241	0.01515	0.00963	0.00590	0.00607	0.00189	0.00801	0.00532	0.00328	0.00926
14	0.01299	0.06076	0.62881	0.01770	0.02621	0.01503	0.06606	0.02053	0.05760	0.01993	0.01205	0.01388	0.00868	0.00601	0.00596	0.00196	0.00892	0.00488	0.00289	0.00915
15	0.01075	0.00824	0.01190	0.01267	0.05404	0.00839	0.04390	0.07117	0.01411	0.01907	0.02703	0.29251	0.02935	0.02012	0.11925	0.00361	0.00701	0.21838	0.02225	0.00625
16	0.24541	0.07599	0.04791	0.01559	0.08741	0.23996	0.05085	0.03641	0.01438	0.04834	0.01046	0.01225	0.00833	0.00607	0.00553	0.00175	0.02756	0.00428	0.00357	0.05793
17	0.00885	0.00667	0.00756	0.00753	0.00941	0.00592	0.00555	0.01120	0.04159	0.04591	0.15525	0.20427	0.41875	0.01526	0.00734	0.00214	0.00340	0.01311	0.00599	0.02430
18	0.01517	0.10113	0.23766	0.01710	0.09668	0.03408	0.07209	0.10368	0.03324	0.04991	0.12422	0.01919	0.01700	0.00708	0.00607	0.00183	0.00720	0.00600	0.00415	0.04651
19	0.19622	0.05750	0.03201	0.03951	0.03476	0.08955	0.00897	0.01760	0.01290	0.02099	0.01027	0.01216	0.00843	0.00522	0.00465	0.00134	0.00579	0.00377	0.00354	0.43481

[dist]
# distance from previous block
# <min> <max>
0	1

[block]
