[name]
unknown

[dist]
# distance from previous block
# <min> <max>
15	396

[block]
# block no. 0 follows, 29 sequences, length 32
# corresponding to MSA columns:
# 462-493
name=unknown_A
#
# <colnr> <probs for GDERKNQSTAVLIFYWHMCP>
#	G	D	E	R	K	N	Q	S	T	A	V	L	I	F	Y	W	H	M	C	P
0	0.01195	0.01103	0.01714	0.51618	0.03728	0.01289	0.01549	0.01581	0.01483	0.01850	0.03040	0.03377	0.21626	0.01038	0.00751	0.00238	0.00774	0.00892	0.00419	0.00734
1	0.48919	0.01210	0.03404	0.00911	0.01224	0.01272	0.00718	0.01757	0.01186	0.02588	0.01456	0.02305	0.01382	0.22847	0.01402	0.00357	0.00597	0.00601	0.05190	0.00673
2	0.01159	0.23006	0.01620	0.00870	0.01220	0.01262	0.00743	0.01353	0.01570	0.01850	0.05356	0.05149	0.49557	0.01447	0.00727	0.00214	0.00480	0.01168	0.00555	0.00694
3	0.01820	0.00973	0.01200	0.01019	0.01366	0.00877	0.00805	0.06219	0.01991	0.26189	0.23810	0.04549	0.23616	0.01323	0.00790	0.00227	0.00465	0.01114	0.00776	0.00871
4	0.06526	0.16895	0.14628	0.02062	0.02748	0.01829	0.29161	0.02284	0.01629	0.08515	0.05778	0.01909	0.01418	0.00698	0.00700	0.00216	0.00939	0.00685	0.00418	0.00959
5	0.00989	0.00718	0.00932	0.00898	0.01057	0.00661	0.00666	0.01300	0.01942	0.02728	0.61872	0.11682	0.08804	0.01539	0.00846	0.00230	0.00344	0.01363	0.00768	0.00661
6	0.13398	0.05221	0.35939	0.02503	0.22852	0.01671	0.02113	0.02181	0.01507	0.02414	0.03123	0.01620	0.01109	0.00680	0.00646	0.00218	0.00885	0.00553	0.00351	0.01017
7	0.02085	0.20127	0.02466	0.23000	0.02918	0.34355	0.01517	0.02366	0.01703	0.01749	0.01123	0.01433	0.00926	0.00697	0.00618	0.00192	0.01058	0.00492	0.00337	0.00837
8	0.00958	0.00726	0.00883	0.00844	0.01033	0.00651	0.00633	0.01248	0.01898	0.02577	0.51375	0.05777	0.25674	0.01559	0.00840	0.00229	0.00343	0.01352	0.00747	0.00651
9	0.11186	0.01846	0.01781	0.01556	0.01843	0.16387	0.01241	0.02654	0.17572	0.09478	0.04063	0.01936	0.01495	0.00974	0.01158	0.00245	0.22523	0.00637	0.00512	0.00912
10	0.01785	0.03431	0.48710	0.01932	0.02765	0.18479	0.02202	0.06357	0.01734	0.02257	0.01331	0.03380	0.01024	0.00742	0.00677	0.00216	0.01075	0.00556	0.00351	0.00995
11	0.00989	0.00734	0.00952	0.00951	0.01092	0.00733	0.00709	0.01219	0.01504	0.02047	0.22960	0.07331	0.15533	0.13012	0.22520	0.00575	0.00881	0.05066	0.00581	0.00611
12	0.01762	0.01692	0.02890	0.04371	0.70533	0.01692	0.02185	0.02185	0.01621	0.02326	0.01339	0.01762	0.01128	0.00634	0.00705	0.00211	0.00846	0.00634	0.00352	0.01128
13	0.01619	0.01564	0.02719	0.27195	0.44662	0.01662	0.06102	0.02069	0.01559	0.02155	0.01321	0.01817	0.01066	0.00658	0.00715	0.00222	0.00902	0.00646	0.00341	0.01006
14	0.09681	0.03867	0.02449	0.01874	0.02403	0.10844	0.21052	0.02947	0.19817	0.14782	0.01975	0.02029	0.01439	0.00772	0.00712	0.00225	0.00859	0.00702	0.00558	0.01013
15	0.00985	0.00669	0.00791	0.00841	0.00853	0.00657	0.00500	0.01022	0.01133	0.01511	0.02745	0.25503	0.03222	0.53269	0.02814	0.00571	0.00608	0.01331	0.00500	0.00475
16	0.02125	0.02566	0.01662	0.01583	0.01853	0.50770	0.01163	0.02291	0.01823	0.01765	0.01943	0.23134	0.02049	0.01180	0.00722	0.00215	0.01024	0.00926	0.00455	0.00752
17	0.01737	0.01901	0.02101	0.51950	0.04098	0.22629	0.01798	0.02125	0.01601	0.01796	0.01216	0.01715	0.00940	0.00718	0.00691	0.00221	0.01049	0.00581	0.00331	0.00801
18	0.01489	0.01291	0.01728	0.01510	0.01559	0.01728	0.01242	0.01697	0.01211	0.01994	0.01349	0.01885	0.01200	0.01122	0.01788	0.00268	0.51788	0.00635	0.23770	0.00745
19	0.00893	0.00639	0.00849	0.00974	0.01038	0.00595	0.00663	0.01055	0.01480	0.02004	0.15787	0.62118	0.05069	0.02092	0.00897	0.00278	0.00399	0.01892	0.00683	0.00595
20	0.01558	0.01558	0.02181	0.01869	0.01869	0.02181	0.01558	0.01714	0.01091	0.01714	0.00935	0.01558	0.00935	0.01246	0.02337	0.00312	0.73672	0.00623	0.00312	0.00779
21	0.00967	0.00744	0.00984	0.00984	0.01133	0.00785	0.00743	0.01175	0.01277	0.01708	0.03522	0.04182	0.22285	0.10820	0.44443	0.00832	0.01332	0.01009	0.00470	0.00606
22	0.01494	0.01288	0.01345	0.01232	0.01586	0.01422	0.00952	0.02960	0.49068	0.02664	0.04186	0.03909	0.22486	0.01216	0.00759	0.00241	0.00503	0.01013	0.00706	0.00970
23	0.01137	0.00891	0.01060	0.01128	0.01277	0.00934	0.00800	0.01825	0.21619	0.02164	0.03618	0.53070	0.03953	0.01853	0.00854	0.00275	0.00458	0.01660	0.00680	0.00742
24	0.01018	0.00708	0.00925	0.00928	0.01071	0.00652	0.00674	0.01284	0.01809	0.04315	0.46523	0.25940	0.08100	0.01683	0.00857	0.00244	0.00367	0.01500	0.00746	0.00656
25	0.01540	0.01415	0.02369	0.03408	0.49866	0.01453	0.01799	0.01913	0.01479	0.02125	0.01509	0.02071	0.01323	0.02039	0.22025	0.00490	0.01163	0.00673	0.00361	0.00981
26	0.02129	0.53916	0.03220	0.01402	0.01939	0.23496	0.01265	0.02344	0.01617	0.01695	0.01023	0.01185	0.00915	0.00646	0.00512	0.00162	0.00917	0.00404	0.00323	0.00887
27	0.01345	0.01266	0.02136	0.73264	0.04904	0.01582	0.01978	0.01819	0.01424	0.01819	0.01266	0.01898	0.00949	0.00712	0.00712	0.00237	0.00949	0.00633	0.00316	0.00791
28	0.02117	0.02596	0.01631	0.01502	0.01831	0.50777	0.01127	0.02300	0.01900	0.01797	0.02925	0.02946	0.21604	0.01053	0.00702	0.00200	0.01009	0.00770	0.00455	0.00759
29	0.01233	0.01016	0.01530	0.01933	0.21793	0.00976	0.01123	0.01595	0.01898	0.02698	0.49623	0.04258	0.05050	0.01211	0.00800	0.00220	0.00488	0.01093	0.00655	0.00808
30	0.02744	0.01392	0.02045	0.02211	0.22341	0.01294	0.01401	0.06158	0.01976	0.47368	0.02318	0.02192	0.01547	0.00806	0.00713	0.00217	0.00686	0.00688	0.00715	0.01187
31	0.02061	0.02138	0.01743	0.01575	0.01966	0.24737	0.01208	0.03477	0.47298	0.02575	0.02311	0.02209	0.01763	0.00890	0.00698	0.00223	0.00799	0.00692	0.00608	0.01029

[dist]
# distance from previous block
# <min> <max>
0	16

[block]
# block no. 1 follows, 29 sequences, length 26
# corresponding to MSA columns:
# 510-535
name=unknown_B
#
# <colnr> <probs for GDERKNQSTAVLIFYWHMCP>
#	G	D	E	R	K	N	Q	S	T	A	V	L	I	F	Y	W	H	M	C	P
0	0.02160	0.01256	0.01527	0.01252	0.01697	0.01191	0.01001	0.15337	0.05337	0.25143	0.05529	0.14175	0.02351	0.01111	0.00731	0.00216	0.00584	0.03844	0.00709	0.14848
1	0.01385	0.01266	0.01935	0.51281	0.03925	0.01389	0.01632	0.01811	0.01440	0.01972	0.01266	0.01770	0.00981	0.00656	0.00656	0.00197	0.00821	0.00569	0.00349	0.24701
2	0.25681	0.52867	0.02914	0.01133	0.01690	0.02446	0.01082	0.02120	0.01375	0.02138	0.00990	0.01147	0.00870	0.00625	0.00452	0.00173	0.00697	0.00382	0.00346	0.00870
3	0.01017	0.00763	0.01144	0.01144	0.01272	0.00890	0.00890	0.01272	0.01144	0.01653	0.01907	0.02797	0.01780	0.05340	0.72153	0.01144	0.01907	0.00763	0.00381	0.00636
4	0.01020	0.00753	0.01095	0.01095	0.01205	0.00863	0.00829	0.01240	0.01130	0.01617	0.01952	0.03046	0.01888	0.14654	0.62988	0.01084	0.01745	0.00799	0.00388	0.00608
5	0.01262	0.00951	0.01048	0.01002	0.01135	0.01023	0.00674	0.01896	0.21851	0.01937	0.04583	0.04179	0.02638	0.47836	0.02571	0.00528	0.00640	0.03051	0.00539	0.00658
6	0.03195	0.01212	0.01652	0.01267	0.01818	0.01047	0.01047	0.03470	0.02038	0.71026	0.02809	0.02424	0.01763	0.00881	0.00716	0.00220	0.00606	0.00716	0.00881	0.01212
7	0.01140	0.00946	0.01455	0.02020	0.22191	0.00917	0.01125	0.01355	0.01442	0.01973	0.03138	0.52363	0.03619	0.01745	0.00847	0.00266	0.00545	0.01601	0.00567	0.00746
8	0.02759	0.01358	0.02029	0.02212	0.22737	0.01243	0.01393	0.03079	0.01911	0.50112	0.02362	0.02222	0.01569	0.00806	0.00713	0.00218	0.00679	0.00691	0.00720	0.01186
9	0.01534	0.01627	0.01708	0.01514	0.01652	0.14041	0.01216	0.01702	0.01416	0.01783	0.02875	0.03122	0.22032	0.01325	0.01583	0.00267	0.38579	0.00862	0.00428	0.00733
10	0.01741	0.01345	0.01428	0.01238	0.01628	0.01445	0.00976	0.16681	0.29606	0.06063	0.03937	0.03720	0.22662	0.01189	0.00751	0.00232	0.00545	0.00974	0.02860	0.00976
11	0.01238	0.01021	0.01542	0.01954	0.22213	0.00982	0.01133	0.01600	0.01896	0.02694	0.49207	0.04236	0.05017	0.01206	0.00799	0.00220	0.00491	0.01089	0.00653	0.00811
12	0.01408	0.01282	0.02114	0.16842	0.36514	0.01331	0.01681	0.01750	0.01504	0.02072	0.02112	0.23936	0.02183	0.01136	0.00768	0.00240	0.00734	0.01057	0.00439	0.00895
13	0.01580	0.52668	0.02815	0.01067	0.01564	0.02143	0.01012	0.01794	0.01500	0.01751	0.02885	0.02881	0.22021	0.00973	0.00574	0.00179	0.00639	0.00722	0.00413	0.00819
14	0.02346	0.02871	0.02064	0.01844	0.02107	0.52188	0.01428	0.02521	0.01754	0.01734	0.01053	0.01362	0.00922	0.00880	0.01125	0.00220	0.21911	0.00505	0.00351	0.00812
15	0.01625	0.00835	0.01134	0.01132	0.01350	0.00763	0.00864	0.01831	0.01617	0.22943	0.03558	0.40834	0.03705	0.01773	0.00863	0.00275	0.00515	0.12870	0.00727	0.00785
16	0.01058	0.00780	0.00995	0.00932	0.01115	0.00743	0.00702	0.01503	0.06394	0.02863	0.65777	0.05146	0.06423	0.01424	0.00832	0.00225	0.00351	0.01256	0.00780	0.00702
17	0.16347	0.01886	0.01945	0.01514	0.02062	0.02100	0.01251	0.56501	0.02971	0.04260	0.01583	0.01612	0.01133	0.00821	0.00664	0.00215	0.00742	0.00596	0.00664	0.01133
18	0.01745	0.01913	0.02100	0.51518	0.04081	0.23055	0.01794	0.02131	0.01605	0.01796	0.01215	0.01711	0.00939	0.00719	0.00691	0.00221	0.01051	0.00580	0.00332	0.00802
19	0.01167	0.00652	0.00935	0.00918	0.00969	0.00635	0.00635	0.01054	0.01259	0.01730	0.22219	0.03125	0.02906	0.02164	0.02191	0.55214	0.00532	0.00822	0.00454	0.00420
20	0.00842	0.00721	0.00721	0.00721	0.00962	0.00601	0.00541	0.01022	0.01623	0.01924	0.07213	0.06853	0.70244	0.01803	0.00842	0.00240	0.00361	0.01503	0.00661	0.00601
21	0.01745	0.01913	0.02100	0.51518	0.04081	0.23055	0.01794	0.02131	0.01605	0.01796	0.01215	0.01711	0.00939	0.00719	0.00691	0.00221	0.01051	0.00580	0.00332	0.00802
22	0.02042	0.02097	0.01734	0.01566	0.01958	0.23187	0.01203	0.03497	0.48780	0.02602	0.02351	0.02239	0.01791	0.00895	0.00699	0.00224	0.00783	0.00700	0.00616	0.01035
23	0.01749	0.24292	0.04058	0.02458	0.03145	0.02110	0.47632	0.02236	0.01609	0.02097	0.01303	0.01684	0.01030	0.00603	0.00724	0.00213	0.01067	0.00700	0.00343	0.00946
24	0.01619	0.01721	0.03372	0.02409	0.03102	0.01541	0.47518	0.02132	0.01619	0.02293	0.01387	0.01786	0.01073	0.00578	0.00745	0.00199	0.00996	0.00713	0.00379	0.24818
25	0.01116	0.00965	0.01283	0.01206	0.01330	0.01141	0.00959	0.01316	0.01294	0.01764	0.03357	0.04002	0.22529	0.05521	0.25861	0.00591	0.20735	0.03912	0.00462	0.00657

[dist]
# distance from previous block
# <min> <max>
7	41

[block]
# block no. 2 follows, 29 sequences, length 29
# corresponding to MSA columns:
# 577-605
name=unknown_C
#
# <colnr> <probs for GDERKNQSTAVLIFYWHMCP>
#	G	D	E	R	K	N	Q	S	T	A	V	L	I	F	Y	W	H	M	C	P
0	0.01116	0.00907	0.01384	0.27083	0.02542	0.01005	0.01261	0.01425	0.01475	0.01929	0.04853	0.29174	0.03256	0.01593	0.00855	0.00279	0.00667	0.17979	0.00539	0.00678
1	0.51513	0.01141	0.00930	0.00859	0.01228	0.01239	0.00688	0.01708	0.01360	0.02737	0.03231	0.03207	0.25776	0.01072	0.00585	0.00228	0.00482	0.00788	0.00520	0.00710
2	0.00858	0.00656	0.00788	0.00894	0.01007	0.00587	0.00618	0.01002	0.01457	0.01856	0.05108	0.50159	0.28297	0.02077	0.00885	0.00272	0.00394	0.01837	0.00661	0.00587
3	0.01773	0.46495	0.02867	0.01179	0.01789	0.04287	0.01088	0.02032	0.01475	0.01910	0.01093	0.01267	0.00965	0.00584	0.00488	0.00136	0.00693	0.00398	0.00349	0.29134
4	0.01689	0.00898	0.01056	0.00918	0.01270	0.00761	0.00723	0.01903	0.01772	0.26795	0.05628	0.05259	0.45597	0.01472	0.00796	0.00233	0.00449	0.01220	0.00740	0.00821
5	0.02064	0.02794	0.46224	0.01755	0.02627	0.01435	0.02061	0.02692	0.01696	0.27007	0.01829	0.01835	0.01212	0.00750	0.00691	0.00224	0.00892	0.00595	0.00510	0.01110
6	0.01819	0.29362	0.34782	0.01692	0.02476	0.10316	0.01900	0.06205	0.01653	0.02120	0.01179	0.01360	0.00926	0.00670	0.00596	0.00194	0.00959	0.00473	0.00334	0.00985
7	0.00868	0.00620	0.00826	0.00991	0.01033	0.00578	0.00661	0.00991	0.01363	0.01818	0.03925	0.74510	0.04710	0.02231	0.00909	0.00289	0.00413	0.02024	0.00661	0.00578
8	0.01896	0.03021	0.44325	0.01919	0.02787	0.01858	0.04190	0.25976	0.02173	0.03059	0.01438	0.01590	0.01019	0.00738	0.00694	0.00222	0.00960	0.00577	0.00451	0.01107
9	0.01548	0.14837	0.58285	0.01889	0.02855	0.01855	0.02365	0.04560	0.01560	0.02243	0.01248	0.01454	0.00915	0.00672	0.00643	0.00214	0.00997	0.00507	0.00316	0.01036
10	0.01209	0.01127	0.02095	0.01764	0.02077	0.01062	0.24962	0.01543	0.01535	0.02044	0.03103	0.34460	0.05292	0.01584	0.00895	0.00277	0.00738	0.12951	0.00552	0.00730
11	0.01217	0.02617	0.45888	0.01559	0.02319	0.01275	0.01879	0.01811	0.01546	0.02136	0.03414	0.03429	0.25859	0.01082	0.00736	0.00231	0.00803	0.00878	0.00430	0.00890
12	0.01897	0.03017	0.44177	0.01921	0.02789	0.01858	0.04333	0.25976	0.02173	0.03059	0.01439	0.01591	0.01019	0.00738	0.00695	0.00222	0.00961	0.00578	0.00451	0.01106
13	0.01856	0.48815	0.02968	0.01301	0.01836	0.02441	0.01186	0.02727	0.25849	0.02144	0.01677	0.01687	0.01367	0.00738	0.00553	0.00184	0.00690	0.00533	0.00456	0.00991
14	0.03195	0.01212	0.01652	0.01267	0.01818	0.01047	0.01047	0.03470	0.02038	0.71026	0.02809	0.02424	0.01763	0.00881	0.00716	0.00220	0.00606	0.00716	0.00881	0.01212
15	0.80005	0.01377	0.01047	0.00936	0.01377	0.01597	0.00771	0.02093	0.01212	0.03195	0.00991	0.01157	0.00771	0.00661	0.00441	0.00220	0.00551	0.00386	0.00441	0.00771
16	0.01193	0.00947	0.01108	0.01156	0.01328	0.01008	0.00829	0.01996	0.25796	0.02236	0.03555	0.48649	0.03797	0.01776	0.00843	0.00272	0.00467	0.01585	0.00684	0.00776
17	0.51724	0.02207	0.26327	0.01330	0.01991	0.01618	0.01441	0.02151	0.01317	0.02857	0.01095	0.01281	0.00818	0.00667	0.00526	0.00222	0.00731	0.00436	0.00390	0.00872
18	0.02852	0.02608	0.01886	0.01630	0.02063	0.46537	0.01257	0.03069	0.02025	0.26679	0.01716	0.01694	0.01222	0.00787	0.00669	0.00197	0.01040	0.00551	0.00552	0.00965
19	0.52184	0.01599	0.01439	0.01189	0.01676	0.01817	0.00981	0.25871	0.01981	0.03660	0.01250	0.01356	0.00929	0.00731	0.00538	0.00218	0.00635	0.00478	0.00538	0.00929
20	0.80005	0.01377	0.01047	0.00936	0.01377	0.01597	0.00771	0.02093	0.01212	0.03195	0.00991	0.01157	0.00771	0.00661	0.00441	0.00220	0.00551	0.00386	0.00441	0.00771
21	0.01193	0.00947	0.01108	0.01156	0.01328	0.01008	0.00829	0.01996	0.25796	0.02236	0.03555	0.48649	0.03797	0.01776	0.00843	0.00272	0.00467	0.01585	0.00684	0.00776
22	0.80005	0.01377	0.01047	0.00936	0.01377	0.01597	0.00771	0.02093	0.01212	0.03195	0.00991	0.01157	0.00771	0.00661	0.00441	0.00220	0.00551	0.00386	0.00441	0.00771
23	0.01818	0.02032	0.02093	0.47555	0.03931	0.26969	0.01761	0.02188	0.01638	0.01792	0.01206	0.01677	0.00938	0.00720	0.00687	0.00218	0.01070	0.00570	0.00335	0.00803
24	0.00968	0.00692	0.00942	0.01107	0.01192	0.00665	0.00836	0.01166	0.01463	0.01930	0.03869	0.50584	0.04489	0.02136	0.00936	0.00303	0.00500	0.24957	0.00659	0.00606
25	0.02679	0.01385	0.02098	0.02384	0.26550	0.01279	0.01456	0.03008	0.01888	0.46300	0.02280	0.02186	0.01534	0.00792	0.00712	0.00217	0.00692	0.00687	0.00691	0.01182
26	0.02418	0.01024	0.01337	0.01090	0.01443	0.00918	0.00825	0.02594	0.01677	0.45960	0.02606	0.03228	0.02060	0.27549	0.01763	0.00389	0.00636	0.00831	0.00719	0.00931
27	0.01263	0.00720	0.00838	0.00897	0.01062	0.00720	0.00732	0.01593	0.01546	0.02466	0.02844	0.04590	0.02643	0.01239	0.00673	0.00224	0.00448	0.24086	0.50757	0.00661
28	0.00975	0.00665	0.00794	0.00854	0.00869	0.00650	0.00514	0.01020	0.01153	0.01538	0.02849	0.29800	0.03352	0.48793	0.02647	0.00546	0.00591	0.01391	0.00514	0.00484

[dist]
# distance from previous block
# <min> <max>
0	34

[block]
# block no. 3 follows, 29 sequences, length 17
# corresponding to MSA columns:
# 640-656
name=unknown_D
#
# <colnr> <probs for GDERKNQSTAVLIFYWHMCP>
#	G	D	E	R	K	N	Q	S	T	A	V	L	I	F	Y	W	H	M	C	P
0	0.00919	0.00660	0.00873	0.00956	0.01044	0.00613	0.00665	0.01121	0.01604	0.02201	0.28358	0.48986	0.05451	0.01945	0.00883	0.00265	0.00385	0.01753	0.00706	0.00613
1	0.01776	0.48162	0.03159	0.01459	0.01843	0.02583	0.01344	0.01978	0.01315	0.01689	0.00970	0.01296	0.00922	0.00844	0.01150	0.00211	0.27658	0.00470	0.00307	0.00864
2	0.02235	0.02617	0.27646	0.01783	0.02531	0.02004	0.01825	0.43847	0.02667	0.03664	0.01550	0.01634	0.01097	0.00789	0.00699	0.00218	0.00883	0.00599	0.00560	0.01152
3	0.01044	0.00746	0.01029	0.01193	0.01312	0.00731	0.00968	0.01297	0.01537	0.02015	0.03827	0.32556	0.04324	0.02064	0.00956	0.00314	0.00566	0.42235	0.00658	0.00627
4	0.02543	0.02124	0.27340	0.01548	0.02284	0.01271	0.01631	0.03022	0.01841	0.45657	0.02244	0.02084	0.01445	0.00806	0.00701	0.00222	0.00771	0.00646	0.00667	0.01153
5	0.01768	0.01589	0.02082	0.02527	0.27188	0.01742	0.01517	0.03194	0.44300	0.02738	0.02323	0.02327	0.01788	0.00844	0.00717	0.00230	0.00668	0.00742	0.00587	0.01127
6	0.01198	0.01015	0.01588	0.02238	0.26672	0.00989	0.01223	0.01432	0.01459	0.02005	0.02971	0.47673	0.03388	0.01642	0.00834	0.00261	0.00573	0.01512	0.00547	0.00781
7	0.73660	0.01363	0.01097	0.00964	0.01413	0.01552	0.00794	0.02207	0.01280	0.08798	0.01142	0.01261	0.00853	0.00679	0.00463	0.00220	0.00555	0.00413	0.00477	0.00808
8	0.00980	0.00713	0.01009	0.01113	0.01211	0.00743	0.00845	0.01193	0.01339	0.01821	0.03149	0.34504	0.03504	0.03324	0.27206	0.00613	0.01014	0.14547	0.00557	0.00615
9	0.02722	0.02025	0.01759	0.01442	0.01938	0.27249	0.01136	0.02970	0.01941	0.34457	0.01932	0.01851	0.01337	0.00770	0.00659	0.00188	0.00844	0.00574	0.00618	0.13588
10	0.03195	0.01212	0.01652	0.01267	0.01818	0.01047	0.01047	0.03470	0.02038	0.71026	0.02809	0.02424	0.01763	0.00881	0.00716	0.00220	0.00606	0.00716	0.00881	0.01212
11	0.01016	0.00760	0.01128	0.01124	0.01254	0.00872	0.00872	0.01278	0.01216	0.01752	0.07545	0.03006	0.02188	0.05020	0.66263	0.01068	0.01778	0.00806	0.00415	0.00639
12	0.51193	0.28686	0.02037	0.01040	0.01543	0.02048	0.00936	0.02108	0.01299	0.02634	0.00991	0.01151	0.00824	0.00642	0.00447	0.00195	0.00629	0.00384	0.00390	0.00824
13	0.01017	0.00763	0.01144	0.01144	0.01272	0.00890	0.00890	0.01272	0.01144	0.01653	0.01907	0.02797	0.01780	0.05340	0.72153	0.01144	0.01907	0.00763	0.00381	0.00636
14	0.50866	0.01151	0.01083	0.01013	0.01338	0.01336	0.00815	0.01790	0.01187	0.02626	0.01329	0.01762	0.01143	0.02387	0.26896	0.00561	0.01051	0.00525	0.00419	0.00721
15	0.01181	0.01079	0.01521	0.02068	0.26627	0.01004	0.01148	0.01451	0.01622	0.02072	0.05047	0.04975	0.44747	0.01372	0.00791	0.00230	0.00540	0.01182	0.00547	0.00795
16	0.01847	0.01535	0.02136	0.46841	0.03910	0.01813	0.01747	0.26292	0.02134	0.02804	0.01429	0.01829	0.01046	0.00765	0.00712	0.00229	0.00888	0.00636	0.00462	0.00946

[dist]
# distance from previous block
# <min> <max>
0	1

[block]
# block no. 4 follows, 29 sequences, length 11
# corresponding to MSA columns:
# 658-668
name=unknown_E
#
# <colnr> <probs for GDERKNQSTAVLIFYWHMCP>
#	G	D	E	R	K	N	Q	S	T	A	V	L	I	F	Y	W	H	M	C	P
0	0.01215	0.01054	0.01524	0.01410	0.01491	0.01363	0.01135	0.01433	0.01125	0.01675	0.01551	0.02343	0.01471	0.03841	0.46584	0.00839	0.28190	0.00712	0.00356	0.00688
1	0.01465	0.09303	0.65993	0.01966	0.02984	0.01745	0.02520	0.02245	0.01499	0.02210	0.01255	0.01475	0.00903	0.00671	0.00659	0.00220	0.01030	0.00515	0.00301	0.01041
2	0.00962	0.00710	0.01028	0.01088	0.01184	0.00776	0.00806	0.01169	0.01225	0.01713	0.02646	0.29061	0.02853	0.04202	0.46061	0.00831	0.01360	0.01225	0.00484	0.00615
3	0.51228	0.02222	0.26770	0.01337	0.02001	0.01618	0.01452	0.02152	0.01319	0.02851	0.01096	0.01284	0.00819	0.00667	0.00527	0.00222	0.00735	0.00437	0.00389	0.00874
4	0.01149	0.01161	0.01996	0.01556	0.01972	0.01040	0.25227	0.01483	0.01644	0.02054	0.05099	0.05047	0.44914	0.01363	0.00841	0.00240	0.00668	0.01260	0.00551	0.00733
5	0.01025	0.00704	0.00841	0.00820	0.00882	0.00684	0.00520	0.01148	0.01394	0.01921	0.27116	0.04901	0.04101	0.48050	0.02605	0.00520	0.00561	0.01128	0.00561	0.00520
6	0.02394	0.01035	0.01396	0.01131	0.01542	0.00909	0.00909	0.02691	0.02030	0.46060	0.27474	0.03484	0.03578	0.01092	0.00761	0.00222	0.00507	0.00925	0.00846	0.01014
7	0.01762	0.28832	0.04029	0.02348	0.03028	0.02173	0.43509	0.02226	0.01595	0.02059	0.01276	0.01636	0.01019	0.00604	0.00700	0.00208	0.01040	0.00672	0.00340	0.00943
8	0.01681	0.01723	0.03278	0.12316	0.38018	0.01718	0.26244	0.02175	0.01619	0.02248	0.01367	0.01837	0.01089	0.00631	0.00755	0.00225	0.00988	0.00710	0.00351	0.01025
9	0.00842	0.00721	0.00721	0.00721	0.00962	0.00601	0.00541	0.01022	0.01623	0.01924	0.07213	0.06853	0.70244	0.01803	0.00842	0.00240	0.00361	0.01503	0.00661	0.00601
10	0.01542	0.01758	0.08631	0.12889	0.22852	0.01582	0.26085	0.02046	0.01615	0.02222	0.04765	0.04420	0.04710	0.00776	0.00772	0.00231	0.00948	0.00813	0.00389	0.00951

[dist]
# distance from previous block
# <min> <max>
0	8

[block]
# block no. 5 follows, 29 sequences, length 18
# corresponding to MSA columns:
# 677-694
name=unknown_F
#
# <colnr> <probs for GDERKNQSTAVLIFYWHMCP>
#	G	D	E	R	K	N	Q	S	T	A	V	L	I	F	Y	W	H	M	C	P
0	0.02182	0.48915	0.03101	0.01445	0.01965	0.28309	0.01276	0.02394	0.01657	0.01700	0.01031	0.01194	0.00915	0.00655	0.00525	0.00164	0.00954	0.00409	0.00328	0.00881
1	0.30633	0.48173	0.02744	0.01115	0.01662	0.02369	0.01054	0.02118	0.01360	0.02234	0.00991	0.01148	0.00861	0.00628	0.00451	0.00177	0.00684	0.00383	0.00355	0.00861
2	0.01163	0.00645	0.00872	0.00872	0.00872	0.00645	0.00550	0.00967	0.00967	0.01290	0.01607	0.03082	0.01734	0.29143	0.03092	0.50372	0.00645	0.00772	0.00354	0.00354
3	0.00929	0.00646	0.00808	0.00912	0.00939	0.00620	0.00577	0.01008	0.01243	0.01657	0.03306	0.48816	0.03929	0.28990	0.01908	0.00437	0.00515	0.01661	0.00577	0.00524
4	0.01502	0.01363	0.01942	0.46847	0.03781	0.01652	0.01665	0.02542	0.26373	0.02246	0.01866	0.02177	0.01400	0.00805	0.00717	0.00239	0.00807	0.00696	0.00467	0.00915
5	0.01191	0.00927	0.01163	0.01008	0.01285	0.00856	0.00744	0.01397	0.01236	0.01822	0.01766	0.02835	0.01741	0.23145	0.26542	0.00635	0.01058	0.00714	0.00410	0.29525
6	0.80005	0.01377	0.01047	0.00936	0.01377	0.01597	0.00771	0.02093	0.01212	0.03195	0.00991	0.01157	0.00771	0.00661	0.00441	0.00220	0.00551	0.00386	0.00441	0.00771
7	0.02595	0.03261	0.01952	0.01777	0.02135	0.68640	0.01333	0.02786	0.01992	0.01787	0.01160	0.01351	0.00961	0.00738	0.00635	0.00183	0.01238	0.00469	0.04190	0.00818
8	0.01477	0.01266	0.01477	0.01055	0.01687	0.00949	0.00844	0.01793	0.01477	0.02320	0.01266	0.01477	0.01055	0.00527	0.00527	0.00105	0.00527	0.00422	0.00422	0.79328
9	0.01482	0.28128	0.01959	0.01035	0.01259	0.01427	0.00839	0.01371	0.01119	0.01398	0.01146	0.01788	0.01118	0.01788	0.01927	0.50175	0.00671	0.00531	0.00308	0.00532
10	0.01428	0.03683	0.71286	0.02030	0.03082	0.01654	0.02631	0.02255	0.01503	0.02255	0.01278	0.01503	0.00902	0.00677	0.00677	0.00226	0.01052	0.00526	0.00301	0.01052
11	0.01495	0.01323	0.02113	0.03049	0.44873	0.01323	0.01540	0.01762	0.01406	0.01978	0.01672	0.02828	0.01665	0.27981	0.01779	0.00388	0.00789	0.00782	0.00382	0.00872
12	0.02668	0.01388	0.02108	0.02409	0.27095	0.01284	0.01465	0.02998	0.01885	0.45755	0.02269	0.02180	0.01529	0.00791	0.00712	0.00217	0.00694	0.00686	0.00687	0.01181
13	0.01550	0.28537	0.02723	0.46762	0.03773	0.02037	0.01698	0.01934	0.01432	0.01766	0.01164	0.01620	0.00936	0.00674	0.00618	0.00206	0.00880	0.00540	0.00312	0.00836
14	0.01253	0.01028	0.01237	0.01031	0.01447	0.00813	0.00777	0.01498	0.01435	0.02135	0.02244	0.28342	0.02399	0.01154	0.00668	0.00173	0.00485	0.01011	0.00510	0.50360
15	0.02078	0.02774	0.45671	0.01749	0.02617	0.01430	0.02048	0.02702	0.01700	0.27553	0.01841	0.01842	0.01219	0.00752	0.00691	0.00224	0.00888	0.00596	0.00514	0.01111
16	0.01350	0.28193	0.01959	0.01035	0.01292	0.01525	0.00841	0.01501	0.01215	0.01560	0.01695	0.02880	0.01762	0.29447	0.20343	0.00611	0.01034	0.00724	0.00372	0.00662
17	0.01060	0.00812	0.01009	0.01100	0.01301	0.00777	0.00924	0.01400	0.04318	0.02088	0.05002	0.07385	0.28354	0.01867	0.00921	0.00292	0.00544	0.39532	0.00660	0.00654

[dist]
# distance from previous block
# <min> <max>
0	2

[block]
# block no. 6 follows, 29 sequences, length 30
# corresponding to MSA columns:
# 697-726
name=unknown_G
#
# <colnr> <probs for GDERKNQSTAVLIFYWHMCP>
#	G	D	E	R	K	N	Q	S	T	A	V	L	I	F	Y	W	H	M	C	P
0	0.00949	0.00697	0.00889	0.00902	0.01043	0.00637	0.00653	0.01206	0.01785	0.02452	0.44014	0.25048	0.13651	0.01716	0.00860	0.00244	0.00361	0.01521	0.00735	0.00637
1	0.02026	0.02390	0.01727	0.01691	0.04319	0.43318	0.01219	0.02199	0.01739	0.01783	0.01893	0.22013	0.01998	0.01197	0.00866	0.00225	0.07269	0.00922	0.00445	0.00763
2	0.01241	0.00973	0.01374	0.01792	0.20484	0.00973	0.00927	0.01360	0.01201	0.01648	0.01988	0.03841	0.02176	0.53973	0.02800	0.00555	0.00734	0.00922	0.00409	0.00628
3	0.01018	0.00758	0.01120	0.01120	0.01239	0.00877	0.00860	0.01256	0.01137	0.01635	0.01929	0.02919	0.01833	0.09871	0.67695	0.01115	0.01828	0.00781	0.00385	0.00622
4	0.57940	0.22291	0.01805	0.01016	0.01504	0.01942	0.00898	0.02104	0.01278	0.02766	0.00991	0.01153	0.00811	0.00646	0.00445	0.00201	0.00610	0.00384	0.00402	0.00811
5	0.01545	0.01535	0.02218	0.50312	0.07381	0.07406	0.03394	0.03587	0.01488	0.01901	0.01223	0.01788	0.00963	0.00788	0.00944	0.00242	0.11506	0.00622	0.00333	0.00823
6	0.01016	0.00717	0.00902	0.00862	0.00983	0.00677	0.00604	0.01257	0.01739	0.02439	0.50971	0.05133	0.05552	0.22226	0.01626	0.00356	0.00436	0.01216	0.00684	0.00604
7	0.00965	0.00896	0.04597	0.00972	0.01208	0.00762	0.00807	0.01231	0.01537	0.02007	0.13884	0.05291	0.34180	0.02706	0.20989	0.00498	0.00850	0.05392	0.00580	0.00648
8	0.01611	0.54276	0.02911	0.01154	0.01603	0.02185	0.01061	0.01810	0.01423	0.01716	0.01819	0.21870	0.01986	0.01067	0.00585	0.00191	0.00663	0.00845	0.00405	0.00819
9	0.01576	0.01277	0.01404	0.01320	0.01629	0.01427	0.00999	0.04672	0.46655	0.04400	0.03155	0.22926	0.02855	0.01318	0.00776	0.00254	0.00528	0.01143	0.00710	0.00976
10	0.02046	0.01262	0.01569	0.01165	0.01739	0.01042	0.00946	0.02341	0.01642	0.24896	0.01757	0.01792	0.01282	0.00679	0.00679	0.00153	0.04154	0.00529	0.00568	0.49760
11	0.01669	0.30185	0.36040	0.03596	0.04546	0.04447	0.06075	0.02218	0.01512	0.02015	0.01176	0.01404	0.00925	0.00648	0.00605	0.00198	0.00953	0.00495	0.00310	0.00983
12	0.57690	0.01204	0.01074	0.00995	0.01347	0.01398	0.00805	0.01861	0.01193	0.02759	0.01250	0.01620	0.01056	0.01983	0.20701	0.00481	0.00934	0.00492	0.00424	0.00733
13	0.01636	0.02221	0.22155	0.09039	0.46400	0.01673	0.02295	0.02177	0.01573	0.02267	0.01316	0.01700	0.01050	0.00652	0.00697	0.00217	0.00912	0.00604	0.00335	0.01081
14	0.01775	0.22489	0.03079	0.07963	0.46853	0.02003	0.01899	0.02147	0.01559	0.02109	0.01236	0.01596	0.01056	0.00632	0.00635	0.00196	0.00829	0.00563	0.00337	0.01046
15	0.01175	0.00659	0.00989	0.00989	0.01025	0.00695	0.00695	0.01025	0.00989	0.01354	0.01426	0.02343	0.01390	0.03284	0.22381	0.57207	0.00983	0.00659	0.00330	0.00401
16	0.00988	0.00777	0.00898	0.00859	0.01072	0.00714	0.00647	0.01367	0.06225	0.02472	0.39337	0.05790	0.33112	0.01570	0.00833	0.00232	0.00361	0.01347	0.00728	0.00672
17	0.02052	0.36647	0.03067	0.02262	0.21331	0.19756	0.01531	0.02324	0.01638	0.01876	0.01116	0.01353	0.00975	0.00647	0.00573	0.00177	0.00915	0.00472	0.00334	0.00952
18	0.01864	0.01509	0.01613	0.01437	0.01849	0.01724	0.01122	0.03763	0.64845	0.07436	0.02892	0.02641	0.02147	0.00961	0.00724	0.00240	0.00566	0.00799	0.00735	0.01133
19	0.01681	0.01921	0.04202	0.03001	0.03721	0.01801	0.67947	0.02281	0.01681	0.02281	0.01441	0.01921	0.01080	0.00600	0.00840	0.00240	0.01200	0.00840	0.00360	0.00960
20	0.01344	0.21939	0.01886	0.02748	0.04935	0.01417	0.00951	0.01756	0.06312	0.02402	0.35768	0.03836	0.09755	0.01155	0.00714	0.00206	0.00513	0.00970	0.00602	0.00791
21	0.00952	0.00697	0.00894	0.00906	0.01045	0.00639	0.00656	0.01213	0.01793	0.02471	0.45294	0.25017	0.12360	0.01709	0.00860	0.00244	0.00360	0.01517	0.00737	0.00639
22	0.01016	0.00711	0.00899	0.00891	0.00965	0.00718	0.00598	0.01165	0.01349	0.01871	0.21449	0.07929	0.03706	0.37329	0.15787	0.00626	0.00809	0.01103	0.00533	0.00546
23	0.03057	0.01433	0.01789	0.01372	0.01928	0.01375	0.01133	0.21746	0.02408	0.52228	0.02499	0.02222	0.01607	0.00874	0.00715	0.00218	0.00656	0.00695	0.00834	0.01212
24	0.01703	0.00914	0.01264	0.01272	0.01535	0.00864	0.01079	0.01999	0.01729	0.21569	0.03511	0.11940	0.03489	0.01682	0.00902	0.00294	0.00622	0.42106	0.00720	0.00806
25	0.01560	0.01340	0.01514	0.01166	0.01734	0.01181	0.00924	0.02355	0.20623	0.02506	0.01727	0.01810	0.01371	0.00651	0.00583	0.00144	0.00538	0.00530	0.00507	0.57235
26	0.01017	0.00763	0.01144	0.01144	0.01272	0.00890	0.00890	0.01272	0.01144	0.01653	0.01907	0.02797	0.01780	0.05340	0.72153	0.01144	0.01907	0.00763	0.00381	0.00636
27	0.01769	0.55141	0.22817	0.01448	0.02182	0.02489	0.01617	0.02167	0.01463	0.01839	0.01071	0.01244	0.00910	0.00628	0.00519	0.00173	0.00844	0.00422	0.00303	0.00953
28	0.02667	0.03184	0.02036	0.01805	0.02202	0.61615	0.01372	0.12655	0.02218	0.02155	0.01192	0.01348	0.00961	0.00752	0.00653	0.00188	0.01209	0.00486	0.00419	0.00883
29	0.01534	0.01451	0.02246	0.01605	0.02262	0.01190	0.19802	0.01931	0.01534	0.02309	0.01315	0.01602	0.01062	0.00548	0.00616	0.00144	0.00718	0.00540	0.00404	0.57188

[dist]
# distance from previous block
# <min> <max>
0	1

[block]
# block no. 7 follows, 29 sequences, length 10
# corresponding to MSA columns:
# 728-737
name=unknown_H
#
# <colnr> <probs for GDERKNQSTAVLIFYWHMCP>
#	G	D	E	R	K	N	Q	S	T	A	V	L	I	F	Y	W	H	M	C	P
0	0.01477	0.01266	0.01477	0.01055	0.01687	0.00949	0.00844	0.01793	0.01477	0.02320	0.01266	0.01477	0.01055	0.00527	0.00527	0.00105	0.00527	0.00422	0.00422	0.79328
1	0.54595	0.01479	0.01645	0.02052	0.23836	0.01628	0.01230	0.02123	0.01345	0.02913	0.01104	0.01353	0.00887	0.00652	0.00526	0.00217	0.00647	0.00466	0.00412	0.00887
2	0.01089	0.00716	0.01074	0.01074	0.01160	0.00802	0.00802	0.01160	0.01074	0.01518	0.01690	0.02592	0.01604	0.04409	0.49625	0.26520	0.01489	0.00716	0.00358	0.00530
3	0.14557	0.04278	0.01670	0.01821	0.14101	0.17860	0.01167	0.02011	0.01582	0.06215	0.02141	0.25193	0.02213	0.01194	0.00705	0.00230	0.00743	0.01000	0.00500	0.00817
4	0.02260	0.03488	0.24513	0.01898	0.02487	0.49233	0.01783	0.02652	0.01851	0.01909	0.01158	0.01355	0.00912	0.00715	0.00653	0.00197	0.01209	0.00481	0.00345	0.00899
5	0.02169	0.02558	0.01735	0.01665	0.01966	0.48963	0.01302	0.02399	0.01895	0.01869	0.01968	0.03476	0.01950	0.01134	0.00753	0.00230	0.01080	0.21659	0.00461	0.00770
6	0.01077	0.00829	0.01102	0.01022	0.01156	0.00870	0.00777	0.01365	0.01788	0.02549	0.53269	0.04668	0.05453	0.06416	0.05430	0.00319	0.09404	0.01159	0.00680	0.00667
7	0.00954	0.00726	0.00877	0.00839	0.01031	0.00649	0.00629	0.01239	0.01888	0.02553	0.49716	0.05817	0.27349	0.01569	0.00840	0.00229	0.00344	0.01358	0.00744	0.00649
8	0.02660	0.03394	0.02018	0.01834	0.02201	0.72116	0.01376	0.02843	0.02018	0.01743	0.01101	0.01284	0.00917	0.00734	0.00642	0.00183	0.01284	0.00459	0.00367	0.00825
9	0.02060	0.02135	0.01743	0.01574	0.01965	0.24616	0.01208	0.03478	0.47414	0.02577	0.02314	0.02211	0.01766	0.00891	0.00698	0.00223	0.00798	0.00693	0.00608	0.01029

[dist]
# distance from previous block
# <min> <max>
0	4

[block]
# block no. 8 follows, 29 sequences, length 7
# corresponding to MSA columns:
# 742-748
name=unknown_I
#
# <colnr> <probs for GDERKNQSTAVLIFYWHMCP>
#	G	D	E	R	K	N	Q	S	T	A	V	L	I	F	Y	W	H	M	C	P
0	0.35173	0.00948	0.00922	0.00968	0.01182	0.01020	0.00709	0.01469	0.01298	0.02415	0.02653	0.42712	0.03002	0.01550	0.00706	0.00259	0.00473	0.01314	0.00565	0.00662
1	0.01526	0.01450	0.02463	0.43399	0.33354	0.01630	0.02068	0.01978	0.01509	0.02039	0.01298	0.01839	0.01027	0.00678	0.00709	0.00226	0.00904	0.00634	0.00332	0.00937
2	0.00940	0.00650	0.00805	0.00898	0.00922	0.00627	0.00561	0.01011	0.01221	0.01628	0.03196	0.44230	0.03790	0.33765	0.02086	0.00463	0.00533	0.01596	0.00561	0.00515
3	0.01874	0.01215	0.01452	0.01236	0.01483	0.01308	0.00937	0.30072	0.01977	0.02646	0.01442	0.01967	0.01226	0.01772	0.01885	0.45006	0.00690	0.00628	0.00484	0.00700
4	0.02707	0.01995	0.02137	0.01638	0.02208	0.02208	0.01353	0.68159	0.03348	0.04488	0.01710	0.01710	0.01211	0.00855	0.00712	0.00214	0.00784	0.00641	0.00712	0.01211
5	0.02635	0.33374	0.02554	0.01246	0.01822	0.01814	0.01121	0.02890	0.01782	0.40963	0.02021	0.01868	0.01395	0.00763	0.00604	0.00191	0.00673	0.00571	0.00631	0.01083
6	0.01581	0.01507	0.02563	0.34236	0.42083	0.01644	0.02095	0.02027	0.01536	0.02107	0.01307	0.01821	0.01050	0.00668	0.00708	0.00223	0.00891	0.00634	0.00337	0.00982

[dist]
# distance from previous block
# <min> <max>
0	32

[block]
# block no. 9 follows, 29 sequences, length 452
# corresponding to MSA columns:
# 782-1155,1161-1170,1172-1196,1203-1245
name=unknown_J
#
# <colnr> <probs for GDERKNQSTAVLIFYWHMCP>
#	G	D	E	R	K	N	Q	S	T	A	V	L	I	F	Y	W	H	M	C	P
0	0.02578	0.03238	0.01980	0.01786	0.02167	0.66673	0.01343	0.02822	0.03990	0.01807	0.01162	0.01334	0.00961	0.00731	0.00639	0.00181	0.01227	0.00467	0.00380	0.04533
1	0.00941	0.00722	0.01035	0.04451	0.01323	0.00689	0.03399	0.01133	0.01482	0.01987	0.13125	0.55299	0.07784	0.01966	0.00884	0.00273	0.00456	0.01784	0.00650	0.00618
2	0.03112	0.01328	0.04933	0.01303	0.01877	0.01075	0.01121	0.03413	0.02013	0.67786	0.02737	0.02380	0.01722	0.00872	0.00714	0.00221	0.00627	0.00707	0.00854	0.01204
3	0.01402	0.03539	0.67966	0.01981	0.02985	0.01603	0.02538	0.02196	0.01497	0.02234	0.01403	0.04943	0.01081	0.00750	0.00687	0.00229	0.01022	0.00597	0.00318	0.01030
4	0.02614	0.03324	0.02121	0.01889	0.02273	0.68803	0.04513	0.02817	0.02002	0.01768	0.01117	0.01314	0.00925	0.00727	0.00651	0.00186	0.01280	0.00477	0.00367	0.00832
5	0.00843	0.00717	0.00726	0.00734	0.00965	0.00600	0.00547	0.01020	0.01611	0.01919	0.07059	0.10041	0.67156	0.01824	0.00845	0.00243	0.00363	0.01527	0.00661	0.00600
6	0.02527	0.01903	0.02072	0.04990	0.02291	0.02125	0.01355	0.57095	0.11384	0.04176	0.01835	0.01835	0.01317	0.00862	0.00714	0.00218	0.00764	0.00661	0.00695	0.01181
7	0.01382	0.01414	0.05455	0.64339	0.10123	0.01594	0.02025	0.01869	0.01444	0.01881	0.01272	0.01869	0.00961	0.00704	0.00710	0.00235	0.00946	0.00628	0.00319	0.00831
8	0.01008	0.00728	0.00952	0.00896	0.01064	0.00672	0.00672	0.01344	0.02016	0.02855	0.70158	0.05319	0.06719	0.01456	0.00840	0.00224	0.00336	0.01288	0.00784	0.00672
9	0.00868	0.00620	0.00826	0.00991	0.01033	0.00578	0.00661	0.00991	0.01363	0.01818	0.03925	0.74510	0.04710	0.02231	0.00909	0.00289	0.00413	0.02024	0.00661	0.00578
10	0.01017	0.00763	0.01144	0.01144	0.01272	0.00890	0.00890	0.01272	0.01144	0.01653	0.01907	0.02797	0.01780	0.05340	0.72153	0.01144	0.01907	0.00763	0.00381	0.00636
11	0.01477	0.01266	0.01477	0.01055	0.01687	0.00949	0.00844	0.01793	0.01477	0.02320	0.01266	0.01477	0.01055	0.00527	0.00527	0.00105	0.00527	0.00422	0.00422	0.79328
12	0.02660	0.03394	0.02018	0.01834	0.02201	0.72116	0.01376	0.02843	0.02018	0.01743	0.01101	0.01284	0.00917	0.00734	0.00642	0.00183	0.01284	0.00459	0.00367	0.00825
13	0.01904	0.75404	0.03731	0.01218	0.01828	0.02818	0.01218	0.02132	0.01447	0.01675	0.00990	0.01142	0.00914	0.00609	0.00457	0.00152	0.00761	0.00381	0.00305	0.00914
14	0.02660	0.03394	0.02018	0.01834	0.02201	0.72116	0.01376	0.02843	0.02018	0.01743	0.01101	0.01284	0.00917	0.00734	0.00642	0.00183	0.01284	0.00459	0.00367	0.00825
15	0.01138	0.00847	0.00945	0.01017	0.04158	0.03453	0.00591	0.01184	0.01135	0.01482	0.02246	0.04590	0.02544	0.64442	0.03221	0.00628	0.00718	0.04731	0.00438	0.00492
16	0.01036	0.00690	0.00777	0.00777	0.00777	0.00690	0.00431	0.01036	0.01036	0.01381	0.02244	0.04660	0.02589	0.74975	0.03624	0.00690	0.00690	0.01036	0.00431	0.00431
17	0.04407	0.03596	0.68623	0.01988	0.03017	0.01652	0.02560	0.02249	0.01492	0.02291	0.01267	0.01490	0.00897	0.00676	0.00668	0.00225	0.01033	0.00521	0.00306	0.01042
18	0.80005	0.01377	0.01047	0.00936	0.01377	0.01597	0.00771	0.02093	0.01212	0.03195	0.00991	0.01157	0.00771	0.00661	0.00441	0.00220	0.00551	0.00386	0.00441	0.00771
19	0.01762	0.01692	0.02890	0.04371	0.70533	0.01692	0.02185	0.02185	0.01621	0.02326	0.01339	0.01762	0.01128	0.00634	0.00705	0.00211	0.00846	0.00634	0.00352	0.01128
20	0.01428	0.03683	0.71286	0.02030	0.03082	0.01654	0.02631	0.02255	0.01503	0.02255	0.01278	0.01503	0.00902	0.00677	0.00677	0.00226	0.01052	0.00526	0.00301	0.01052
21	0.00868	0.00620	0.00826	0.00991	0.01033	0.00578	0.00661	0.00991	0.01363	0.01818	0.03925	0.74510	0.04710	0.02231	0.00909	0.00289	0.00413	0.02024	0.00661	0.00578
22	0.01345	0.01266	0.02136	0.73264	0.04904	0.01582	0.01978	0.01819	0.01424	0.01819	0.01266	0.01898	0.00949	0.00712	0.00712	0.00237	0.00949	0.00633	0.00316	0.00791
23	0.00868	0.00620	0.00826	0.00991	0.01033	0.00578	0.00661	0.00991	0.01363	0.01818	0.03925	0.74510	0.04710	0.02231	0.00909	0.00289	0.00413	0.02024	0.00661	0.00578
24	0.01704	0.01632	0.02785	0.14011	0.61349	0.01676	0.02156	0.02134	0.01594	0.02255	0.01329	0.01781	0.01103	0.00645	0.00706	0.00215	0.00860	0.00634	0.00347	0.01081
25	0.01681	0.01921	0.04202	0.03001	0.03721	0.01801	0.67947	0.02281	0.01681	0.02281	0.01441	0.01921	0.01080	0.00600	0.00840	0.00240	0.01200	0.00840	0.00360	0.00960
26	0.01443	0.03581	0.67412	0.02086	0.03119	0.01662	0.06402	0.02257	0.01514	0.02257	0.01287	0.01527	0.00912	0.00672	0.00686	0.00226	0.01061	0.00544	0.00304	0.01047
27	0.01017	0.00763	0.01144	0.01144	0.01272	0.00890	0.00890	0.01272	0.01144	0.01653	0.01907	0.02797	0.01780	0.05340	0.72153	0.01144	0.01907	0.00763	0.00381	0.00636
28	0.01036	0.00690	0.00777	0.00777	0.00777	0.00690	0.00431	0.01036	0.01036	0.01381	0.02244	0.04660	0.02589	0.74975	0.03624	0.00690	0.00690	0.01036	0.00431	0.00431
29	0.01131	0.00808	0.01129	0.01293	0.01450	0.00806	0.01119	0.01447	0.01623	0.02113	0.03779	0.11871	0.04133	0.01982	0.00979	0.00326	0.00642	0.62061	0.00656	0.00651
30	0.01283	0.00765	0.00860	0.00810	0.01000	0.00756	0.00615	0.05377	0.01802	0.02838	0.28535	0.03631	0.03683	0.01073	0.00643	0.00191	0.00360	0.00904	0.44175	0.00698
31	0.03195	0.01212	0.01652	0.01267	0.01818	0.01047	0.01047	0.03470	0.02038	0.71026	0.02809	0.02424	0.01763	0.00881	0.00716	0.00220	0.00606	0.00716	0.00881	0.01212
32	0.03195	0.01212	0.01652	0.01267	0.01818	0.01047	0.01047	0.03470	0.02038	0.71026	0.02809	0.02424	0.01763	0.00881	0.00716	0.00220	0.00606	0.00716	0.00881	0.01212
33	0.01870	0.01579	0.01666	0.01469	0.01889	0.01817	0.01151	0.10561	0.62309	0.03138	0.02773	0.02557	0.02072	0.00954	0.00723	0.00239	0.00587	0.00788	0.00723	0.01136
34	0.00868	0.00620	0.00826	0.00991	0.01033	0.00578	0.00661	0.00991	0.01363	0.01818	0.03925	0.74510	0.04710	0.02231	0.00909	0.00289	0.00413	0.02024	0.00661	0.00578
35	0.01764	0.01868	0.03990	0.02865	0.03553	0.01769	0.61975	0.02332	0.01683	0.06232	0.01504	0.01938	0.01115	0.00637	0.00881	0.00241	0.03468	0.00826	0.00389	0.00969
36	0.01904	0.75404	0.03731	0.01218	0.01828	0.02818	0.01218	0.02132	0.01447	0.01675	0.00990	0.01142	0.00914	0.00609	0.00457	0.00152	0.00761	0.00381	0.00305	0.00914
37	0.00842	0.00721	0.00721	0.00721	0.00962	0.00601	0.00541	0.01022	0.01623	0.01924	0.07213	0.06853	0.70244	0.01803	0.00842	0.00240	0.00361	0.01503	0.00661	0.00601
38	0.00873	0.00719	0.00767	0.00762	0.00983	0.00613	0.00569	0.01079	0.01685	0.02089	0.18543	0.08913	0.56431	0.01755	0.00844	0.00239	0.00358	0.01482	0.00684	0.00613
39	0.01345	0.01266	0.02136	0.73264	0.04904	0.01582	0.01978	0.01819	0.01424	0.01819	0.01266	0.01898	0.00949	0.00712	0.00712	0.00237	0.00949	0.00633	0.00316	0.00791
40	0.01345	0.01266	0.02136	0.73264	0.04904	0.01582	0.01978	0.01819	0.01424	0.01819	0.01266	0.01898	0.00949	0.00712	0.00712	0.00237	0.00949	0.00633	0.00316	0.00791
41	0.01020	0.00752	0.01088	0.01088	0.01195	0.00859	0.00820	0.01235	0.01128	0.01611	0.01959	0.03084	0.01905	0.16052	0.61612	0.01075	0.01720	0.00805	0.00389	0.00604
42	0.01762	0.01692	0.02890	0.04371	0.70533	0.01692	0.02185	0.02185	0.01621	0.02326	0.01339	0.01762	0.01128	0.00634	0.00705	0.00211	0.00846	0.00634	0.00352	0.01128
43	0.02982	0.01553	0.01864	0.01429	0.01988	0.01554	0.01181	0.31707	0.02610	0.41982	0.02329	0.02112	0.01522	0.00870	0.00714	0.00217	0.00683	0.00683	0.00808	0.01211
44	0.02742	0.01939	0.02102	0.01612	0.02180	0.02125	0.01332	0.63549	0.03255	0.09229	0.01788	0.01760	0.01250	0.00857	0.00713	0.00214	0.00771	0.00646	0.00724	0.01211
45	0.01788	0.01756	0.02819	0.06994	0.64671	0.05035	0.02139	0.02202	0.01632	0.02278	0.01325	0.01745	0.01111	0.00642	0.00702	0.00211	0.00871	0.00626	0.00352	0.01100
46	0.01036	0.00690	0.00777	0.00777	0.00777	0.00690	0.00431	0.01036	0.01036	0.01381	0.02244	0.04660	0.02589	0.74975	0.03624	0.00690	0.00690	0.01036	0.00431	0.00431
47	0.75570	0.01368	0.01082	0.00955	0.01403	0.01566	0.00787	0.02173	0.01260	0.07112	0.01096	0.01230	0.00828	0.00674	0.00457	0.00220	0.00554	0.00405	0.00466	0.00797
48	0.02437	0.01818	0.02065	0.01602	0.02126	0.01992	0.05093	0.52812	0.07754	0.04061	0.01843	0.01888	0.01336	0.00845	0.00698	0.00212	0.00745	0.00667	0.08874	0.01133
