[name]
unknown

[dist]
# distance from previous block
# <min> <max>
0	16

[block]
# block no. 0 follows, 31 sequences, length 30
# corresponding to MSA columns:
# 242-271
name=unknown_A
#
# <colnr> <probs for GDERKNQSTAVLIFYWHMCP>
#	G	D	E	R	K	N	Q	S	T	A	V	L	I	F	Y	W	H	M	C	P
0	0.01123	0.00829	0.01218	0.01324	0.01502	0.00825	0.03779	0.01448	0.01576	0.02053	0.03534	0.07486	0.03823	0.01838	0.00940	0.00312	0.00651	0.64479	0.00619	0.00641
1	0.02598	0.01998	0.02046	0.01586	0.02121	0.06434	0.01302	0.65363	0.03139	0.04152	0.01607	0.01618	0.01146	0.00814	0.00680	0.00204	0.00782	0.00605	0.00664	0.01141
2	0.00846	0.00725	0.00737	0.00712	0.00966	0.00598	0.00537	0.01027	0.01551	0.01871	0.06584	0.06271	0.67140	0.01658	0.00790	0.00223	0.00356	0.01381	0.00621	0.05404
3	0.00899	0.00641	0.00862	0.01015	0.01080	0.00611	0.00733	0.01058	0.01359	0.01800	0.03684	0.57923	0.04325	0.04549	0.00976	0.00299	0.00458	0.16535	0.00627	0.00568
4	0.02718	0.01564	0.07066	0.01379	0.01940	0.01395	0.01204	0.20692	0.07232	0.43935	0.02315	0.02097	0.01520	0.00831	0.00685	0.00212	0.00657	0.00661	0.00751	0.01147
5	0.00977	0.00733	0.01100	0.01100	0.01222	0.00855	0.00855	0.01222	0.01100	0.01588	0.01833	0.02688	0.01710	0.05131	0.73245	0.01100	0.01833	0.00733	0.00367	0.00611
6	0.02556	0.03261	0.01939	0.01763	0.02115	0.73210	0.01322	0.02732	0.01939	0.01674	0.01058	0.01234	0.00881	0.00705	0.00617	0.00176	0.01234	0.00441	0.00353	0.00793
7	0.80789	0.01323	0.01006	0.00900	0.01323	0.01535	0.00741	0.02011	0.01164	0.03070	0.00953	0.01111	0.00741	0.00635	0.00423	0.00212	0.00529	0.00370	0.00423	0.00741
8	0.73585	0.01340	0.01079	0.00944	0.01378	0.01533	0.00778	0.04935	0.01291	0.06579	0.01069	0.01195	0.00807	0.00654	0.00448	0.00211	0.00541	0.00397	0.00456	0.00780
9	0.02358	0.00956	0.01211	0.00987	0.01370	0.00860	0.00797	0.02644	0.01751	0.44571	0.02514	0.02417	0.01717	0.00827	0.00605	0.00191	0.00478	0.00668	0.32123	0.00956
10	0.00945	0.00709	0.00885	0.00889	0.01063	0.00649	0.00691	0.01222	0.01757	0.02361	0.40965	0.08304	0.22680	0.01593	0.00833	0.00238	0.00384	0.12511	0.00698	0.00622
11	0.00918	0.00690	0.00849	0.00825	0.00995	0.00621	0.00613	0.01187	0.01793	0.02441	0.49861	0.10811	0.22807	0.01540	0.00812	0.00224	0.00334	0.01343	0.00714	0.00621
12	0.03034	0.01221	0.01623	0.01244	0.01775	0.01090	0.01028	0.08333	0.02053	0.67029	0.02619	0.02277	0.01653	0.00845	0.00688	0.00211	0.00595	0.00683	0.00834	0.01164
13	0.01102	0.00787	0.01102	0.01260	0.01417	0.00787	0.01102	0.01417	0.01575	0.02047	0.03622	0.07717	0.03937	0.01890	0.00945	0.00315	0.00630	0.67084	0.00630	0.00630
14	0.01575	0.01487	0.02517	0.16906	0.54021	0.01543	0.01987	0.01983	0.01524	0.02131	0.01450	0.02173	0.01268	0.00720	0.00699	0.00216	0.00817	0.05639	0.00354	0.00990
15	0.80789	0.01323	0.01006	0.00900	0.01323	0.01535	0.00741	0.02011	0.01164	0.03070	0.00953	0.01111	0.00741	0.00635	0.00423	0.00212	0.00529	0.00370	0.00423	0.00741
16	0.01698	0.11979	0.05448	0.03660	0.57419	0.01776	0.04121	0.02098	0.01532	0.02145	0.01242	0.01607	0.01046	0.00607	0.00648	0.00197	0.00820	0.00579	0.00331	0.01048
17	0.02189	0.26521	0.07063	0.01750	0.06752	0.41241	0.01404	0.02434	0.01706	0.01723	0.01050	0.01235	0.00893	0.00657	0.00566	0.00171	0.01031	0.00432	0.00328	0.00854
18	0.01275	0.00638	0.00638	0.00638	0.00797	0.00638	0.00478	0.01594	0.01435	0.02551	0.02232	0.02551	0.01754	0.00797	0.00478	0.00159	0.00319	0.00638	0.79755	0.00638
19	0.00968	0.00699	0.00914	0.00861	0.01022	0.00646	0.00646	0.01291	0.01937	0.02743	0.71328	0.05110	0.06455	0.01399	0.00807	0.00215	0.00323	0.01237	0.00753	0.00646
20	0.03015	0.01252	0.01642	0.01259	0.01790	0.01135	0.01040	0.11018	0.02104	0.64272	0.02576	0.02249	0.01632	0.00844	0.00688	0.00211	0.00602	0.00680	0.00828	0.01164
21	0.00809	0.00693	0.00693	0.00693	0.00924	0.00578	0.00520	0.00982	0.01559	0.01848	0.06931	0.06584	0.71411	0.01733	0.00809	0.00231	0.00347	0.01444	0.00635	0.00578
22	0.06577	0.01171	0.01561	0.01203	0.01727	0.01029	0.00994	0.03274	0.01922	0.69045	0.02620	0.02274	0.01651	0.00837	0.00676	0.00212	0.00580	0.00674	0.00828	0.01145
23	0.02407	0.01425	0.01651	0.01354	0.01826	0.01495	0.01090	0.14960	0.31269	0.30921	0.02552	0.02304	0.01769	0.00877	0.00691	0.00219	0.00595	0.00712	0.00755	0.01130
24	0.01829	0.76368	0.03585	0.01171	0.01756	0.02707	0.01171	0.02049	0.01390	0.01610	0.00951	0.01097	0.00878	0.00585	0.00439	0.00146	0.00732	0.00366	0.00293	0.00878
25	0.01325	0.01239	0.01967	0.34398	0.14655	0.01496	0.01630	0.01649	0.01321	0.01807	0.01597	0.14351	0.01556	0.01032	0.01052	0.00248	0.16700	0.00835	0.00365	0.00777
26	0.01312	0.01236	0.02088	0.70804	0.08063	0.01525	0.01910	0.01766	0.01377	0.01772	0.01220	0.01817	0.00921	0.00680	0.00684	0.00227	0.00907	0.00608	0.00306	0.00776
27	0.00995	0.00663	0.00746	0.00746	0.00746	0.00663	0.00415	0.00995	0.00995	0.01327	0.02156	0.04477	0.02487	0.75957	0.03482	0.00663	0.00663	0.00995	0.00415	0.00415
28	0.80789	0.01323	0.01006	0.00900	0.01323	0.01535	0.00741	0.02011	0.01164	0.03070	0.00953	0.01111	0.00741	0.00635	0.00423	0.00212	0.00529	0.00370	0.00423	0.00741
29	0.00858	0.00689	0.00765	0.00760	0.00958	0.00596	0.00565	0.01072	0.01655	0.02107	0.25818	0.10628	0.47805	0.01660	0.00812	0.00229	0.00343	0.01415	0.00670	0.00596

[dist]
# distance from previous block
# <min> <max>
0	1

[block]
# block no. 1 follows, 31 sequences, length 65
# corresponding to MSA columns:
# 273-337
name=unknown_B
#
# <colnr> <probs for GDERKNQSTAVLIFYWHMCP>
#	G	D	E	R	K	N	Q	S	T	A	V	L	I	F	Y	W	H	M	C	P
0	0.01615	0.01845	0.04037	0.02884	0.03576	0.01730	0.69204	0.02191	0.01615	0.02191	0.01384	0.01845	0.01038	0.00577	0.00807	0.00231	0.01153	0.00807	0.00346	0.00923
1	0.14436	0.01225	0.01515	0.01189	0.01698	0.01148	0.00979	0.05289	0.04723	0.56925	0.02411	0.02137	0.01553	0.00818	0.00649	0.00212	0.00578	0.00642	0.00773	0.01099
2	0.01547	0.01706	0.03610	0.02632	0.03228	0.01634	0.58718	0.02062	0.01560	0.02119	0.01547	0.02340	0.01290	0.04188	0.01000	0.00259	0.04147	0.05172	0.00366	0.00873
3	0.01681	0.01446	0.01532	0.01388	0.01766	0.01670	0.01084	0.03559	0.68068	0.02834	0.02814	0.02731	0.02152	0.00961	0.00705	0.00235	0.00545	0.03070	0.00694	0.01067
4	0.00859	0.00687	0.00769	0.00765	0.00960	0.00597	0.00568	0.01074	0.01654	0.02114	0.26356	0.11738	0.46120	0.01664	0.00813	0.00230	0.00343	0.01421	0.00671	0.00597
5	0.02584	0.04295	0.04122	0.01403	0.01935	0.01620	0.01186	0.28720	0.12685	0.30840	0.02195	0.02025	0.01493	0.00833	0.00678	0.00210	0.00661	0.00656	0.00724	0.01136
6	0.01506	0.01160	0.01228	0.01135	0.01427	0.01294	0.00867	0.04966	0.41318	0.02665	0.02816	0.08568	0.04602	0.03226	0.00743	0.00230	0.00479	0.00859	0.20014	0.00897
7	0.02018	0.53243	0.05524	0.01364	0.01899	0.22518	0.01261	0.02245	0.01546	0.01647	0.00991	0.01148	0.00878	0.00621	0.00496	0.00157	0.00883	0.00392	0.00309	0.00859
8	0.01002	0.00670	0.00780	0.00780	0.00799	0.00683	0.00464	0.01039	0.01021	0.01396	0.02124	0.04220	0.02379	0.65823	0.10869	0.00693	0.00777	0.00955	0.03082	0.00443
9	0.01517	0.05126	0.31699	0.02442	0.09804	0.01641	0.28236	0.02135	0.01518	0.02167	0.01284	0.01611	0.00965	0.00605	0.00697	0.00210	0.01002	0.00621	0.00324	0.06395
10	0.01693	0.01626	0.02777	0.04199	0.71689	0.01626	0.02100	0.02100	0.01558	0.02235	0.01287	0.01693	0.01084	0.00610	0.00677	0.00203	0.00813	0.00610	0.00339	0.01084
11	0.00909	0.00697	0.00832	0.00799	0.00986	0.00620	0.00599	0.01176	0.01797	0.02412	0.47450	0.05657	0.30540	0.01522	0.00808	0.00221	0.00332	0.01314	0.00709	0.00620
12	0.00993	0.00672	0.00790	0.00790	0.00805	0.00687	0.00469	0.01023	0.01008	0.01359	0.02115	0.04254	0.02391	0.67141	0.12166	0.00718	0.00809	0.00962	0.00409	0.00439
13	0.01431	0.02886	0.48726	0.02041	0.02870	0.01620	0.14228	0.02091	0.01434	0.02124	0.01223	0.01520	0.00910	0.00681	0.00825	0.00220	0.08230	0.00562	0.00308	0.06069
14	0.01011	0.00749	0.00968	0.01054	0.01224	0.00714	0.00879	0.01283	0.01603	0.02074	0.13773	0.06983	0.20161	0.04178	0.00976	0.00293	0.00521	0.40302	0.00641	0.00613
15	0.56079	0.01797	0.01277	0.01136	0.01549	0.19418	0.00904	0.02279	0.01411	0.07301	0.01095	0.01223	0.00839	0.00667	0.00489	0.00203	0.00709	0.00409	0.00434	0.00782
16	0.01516	0.01293	0.01552	0.01273	0.06403	0.01055	0.00935	0.05854	0.03489	0.02372	0.01291	0.01483	0.01058	0.00544	0.00534	0.00118	0.00543	0.00442	0.00426	0.67818
17	0.01447	0.01429	0.02155	0.16928	0.02496	0.01887	0.05999	0.01753	0.03482	0.01742	0.01098	0.01673	0.00984	0.01204	0.04718	0.00311	0.48982	0.00626	0.00319	0.00768
18	0.00952	0.00691	0.00920	0.01065	0.01156	0.00675	0.00797	0.01208	0.04316	0.01886	0.03684	0.51696	0.04242	0.02014	0.00888	0.00287	0.00474	0.21811	0.00636	0.00601
19	0.00983	0.00709	0.00976	0.00976	0.01055	0.00788	0.00701	0.01142	0.01063	0.01496	0.01946	0.03315	0.01983	0.29962	0.48787	0.00947	0.01423	0.00825	0.00383	0.00542
20	0.00899	0.00638	0.00822	0.00893	0.00990	0.00591	0.00625	0.01099	0.01542	0.02129	0.26869	0.44574	0.08523	0.01806	0.00829	0.00249	0.00365	0.01617	0.04348	0.00591
21	0.73912	0.01375	0.01098	0.00959	0.01393	0.01586	0.00790	0.07939	0.01345	0.03179	0.01013	0.01158	0.00778	0.00651	0.00446	0.00211	0.00549	0.00392	0.00446	0.00778
22	0.00833	0.00599	0.00790	0.00944	0.00990	0.00556	0.00631	0.00954	0.01318	0.01750	0.03880	0.73130	0.06834	0.02129	0.00871	0.00276	0.00395	0.01928	0.00635	0.00556
23	0.01476	0.01143	0.01351	0.01036	0.01536	0.00947	0.00820	0.01941	0.08319	0.07123	0.14248	0.02264	0.02157	0.00734	0.00592	0.00142	0.00482	0.00612	0.00527	0.52549
24	0.80789	0.01323	0.01006	0.00900	0.01323	0.01535	0.00741	0.02011	0.01164	0.03070	0.00953	0.01111	0.00741	0.00635	0.00423	0.00212	0.00529	0.00370	0.00423	0.00741
25	0.00834	0.00595	0.00794	0.00953	0.00992	0.00556	0.00635	0.00953	0.01310	0.01746	0.03771	0.75510	0.04525	0.02143	0.00873	0.00278	0.00397	0.01945	0.00635	0.00556
26	0.02445	0.01400	0.02411	0.01783	0.02355	0.01269	0.24728	0.04650	0.01855	0.42673	0.02409	0.02339	0.04687	0.00793	0.00735	0.00219	0.00775	0.00763	0.00658	0.01053
27	0.01702	0.01470	0.01547	0.01392	0.01779	0.01702	0.01083	0.03635	0.70453	0.02862	0.02785	0.02553	0.02088	0.00928	0.00696	0.00232	0.00541	0.00773	0.00696	0.01083
28	0.01829	0.76368	0.03585	0.01171	0.01756	0.02707	0.01171	0.02049	0.01390	0.01610	0.00951	0.01097	0.00878	0.00585	0.00439	0.00146	0.00732	0.00366	0.00293	0.00878
29	0.01392	0.01172	0.01235	0.01123	0.01449	0.01261	0.00869	0.06315	0.37887	0.02584	0.08902	0.04080	0.26465	0.01235	0.00742	0.00229	0.00471	0.01030	0.00678	0.00881
30	0.01271	0.01442	0.07181	0.02000	0.02454	0.01233	0.36222	0.01675	0.01493	0.02011	0.02583	0.27857	0.07012	0.01207	0.00820	0.00246	0.00825	0.01228	0.00463	0.00777
31	0.01761	0.01499	0.01580	0.01404	0.01802	0.01729	0.01097	0.07967	0.66025	0.02957	0.02709	0.02493	0.02027	0.00921	0.00695	0.00230	0.00555	0.00763	0.00695	0.01088
32	0.00968	0.00699	0.00914	0.00861	0.01022	0.00646	0.00646	0.01291	0.01937	0.02743	0.71328	0.05110	0.06455	0.01399	0.00807	0.00215	0.00323	0.01237	0.00753	0.00646
33	0.01187	0.01033	0.03662	0.10874	0.04333	0.01101	0.01198	0.01541	0.03701	0.01936	0.04798	0.08919	0.02575	0.04442	0.11691	0.00405	0.09468	0.22284	0.04161	0.00690
34	0.01611	0.18093	0.31078	0.02191	0.07498	0.05188	0.20698	0.02171	0.01511	0.02039	0.01210	0.01491	0.00932	0.00616	0.00650	0.00203	0.00989	0.00564	0.00312	0.00954
35	0.01367	0.01292	0.02187	0.61277	0.17164	0.01540	0.01937	0.01813	0.01403	0.01839	0.01229	0.01800	0.00944	0.00670	0.00683	0.00223	0.00894	0.00608	0.00310	0.00820
36	0.00832	0.00600	0.00790	0.00942	0.00989	0.00557	0.00630	0.00954	0.01320	0.01751	0.03904	0.72594	0.07355	0.02126	0.00870	0.00276	0.00395	0.01924	0.00635	0.00557
37	0.01369	0.01256	0.01919	0.28160	0.20835	0.03824	0.01634	0.01733	0.01471	0.01940	0.01980	0.08483	0.01943	0.01079	0.00812	0.00247	0.03419	0.16681	0.00417	0.00799
38	0.00984	0.00659	0.00749	0.00760	0.00762	0.00656	0.00429	0.00992	0.01016	0.01354	0.02262	0.09155	0.02621	0.71095	0.03310	0.00638	0.00646	0.01057	0.00429	0.00424
39	0.01292	0.01216	0.02052	0.74312	0.04712	0.01520	0.01900	0.01748	0.01368	0.01748	0.01216	0.01824	0.00912	0.00684	0.00684	0.00228	0.00912	0.00608	0.00304	0.00760
40	0.01268	0.01091	0.01730	0.02444	0.33688	0.01071	0.01324	0.01555	0.01507	0.02118	0.10157	0.29087	0.03051	0.01303	0.00766	0.00234	0.00586	0.03395	0.02809	0.00815
41	0.02493	0.03091	0.02005	0.01938	0.07309	0.65336	0.01379	0.05058	0.01956	0.01810	0.01095	0.01283	0.00906	0.00702	0.00624	0.00179	0.01185	0.00459	0.00363	0.00828
42	0.00833	0.00599	0.00790	0.00943	0.00990	0.00556	0.00631	0.00954	0.01319	0.01750	0.03887	0.72977	0.06983	0.02128	0.00871	0.00276	0.00395	0.01926	0.00635	0.00556
43	0.00977	0.00733	0.01100	0.01100	0.01222	0.00855	0.00855	0.01222	0.01100	0.01588	0.01833	0.02688	0.01710	0.05131	0.73245	0.01100	0.01833	0.00733	0.00367	0.00611
44	0.01372	0.03539	0.72412	0.01950	0.02961	0.01589	0.02528	0.02167	0.01444	0.02167	0.01228	0.01444	0.00867	0.00650	0.00650	0.00217	0.01011	0.00506	0.00289	0.01011
45	0.01028	0.03960	0.01039	0.01011	0.01153	0.00845	0.00725	0.01471	0.12850	0.02004	0.08568	0.50513	0.08637	0.01794	0.00816	0.00257	0.00426	0.01599	0.00639	0.00665
46	0.01544	0.01473	0.02506	0.30357	0.46701	0.01586	0.02025	0.01968	0.01487	0.02053	0.01260	0.01742	0.01020	0.00637	0.00680	0.00212	0.00850	0.00609	0.00326	0.00963
47	0.01372	0.03539	0.72412	0.01950	0.02961	0.01589	0.02528	0.02167	0.01444	0.02167	0.01228	0.01444	0.00867	0.00650	0.00650	0.00217	0.01011	0.00506	0.00289	0.01011
48	0.10189	0.08060	0.01964	0.01631	0.02013	0.59213	0.01254	0.04592	0.01863	0.01885	0.01057	0.01224	0.00876	0.00693	0.00588	0.00179	0.01116	0.00434	0.00365	0.00805
49	0.01292	0.01216	0.02052	0.74312	0.04712	0.01520	0.01900	0.01748	0.01368	0.01748	0.01216	0.01824	0.00912	0.00684	0.00684	0.00228	0.00912	0.00608	0.00304	0.00760
50	0.01390	0.01841	0.18488	0.20768	0.16956	0.01477	0.06999	0.01922	0.03527	0.02090	0.06377	0.02221	0.05684	0.00795	0.00777	0.00221	0.04666	0.00693	0.00375	0.02730
51	0.00975	0.00747	0.00925	0.01014	0.01204	0.00696	0.00850	0.01229	0.01568	0.01961	0.05056	0.07226	0.33182	0.01822	0.00886	0.00279	0.00507	0.38634	0.00632	0.00607
52	0.01879	0.01643	0.02387	0.04314	0.02338	0.03713	0.16966	0.15221	0.09640	0.07133	0.01546	0.01819	0.01198	0.00885	0.01181	0.00242	0.23300	0.00673	0.02991	0.00933
53	0.01419	0.01216	0.01419	0.01013	0.01621	0.00912	0.00811	0.01723	0.01419	0.02229	0.01216	0.01419	0.01013	0.00507	0.00507	0.00101	0.00507	0.00405	0.00405	0.80139
54	0.01765	0.05461	0.17816	0.03186	0.44355	0.01609	0.02009	0.02283	0.03793	0.09076	0.01445	0.01702	0.01119	0.00651	0.00662	0.00205	0.00821	0.00589	0.00387	0.01066
55	0.01361	0.01159	0.01445	0.16326	0.02145	0.01247	0.01085	0.02291	0.26677	0.02482	0.20103	0.03021	0.04837	0.00963	0.00699	0.00208	0.00551	0.00827	0.00587	0.11984
56	0.00992	0.00658	0.00746	0.00757	0.00764	0.00655	0.00431	0.01009	0.01028	0.01388	0.02264	0.09101	0.02601	0.69004	0.03227	0.00624	0.00636	0.01048	0.02637	0.00430
57	0.10472	0.01430	0.01637	0.01301	0.01791	0.01475	0.01063	0.23645	0.10828	0.32278	0.05392	0.02150	0.01704	0.00853	0.00667	0.00212	0.00613	0.00670	0.00731	0.01087
58	0.02836	0.01474	0.01718	0.01334	0.01849	0.04345	0.01095	0.24416	0.02342	0.45092	0.02276	0.02071	0.01492	0.00831	0.00677	0.00206	0.00655	0.00653	0.03507	0.01130
59	0.01089	0.00782	0.01084	0.01229	0.01389	0.00776	0.01070	0.01400	0.01587	0.02066	0.06057	0.07594	0.06010	0.01868	0.00936	0.00309	0.00611	0.62879	0.00634	0.00629
60	0.00874	0.00655	0.00812	0.00872	0.00997	0.00594	0.00624	0.01070	0.01556	0.02061	0.23499	0.36351	0.21804	0.01824	0.00841	0.00250	0.00371	0.03690	0.00668	0.00589
61	0.02651	0.01836	0.02003	0.01536	0.02081	0.02002	0.01269	0.62316	0.03082	0.11594	0.01756	0.01716	0.01220	0.00824	0.00685	0.00206	0.00735	0.00624	0.00702	0.01164
62	0.02566	0.02946	0.01965	0.01718	0.02117	0.56596	0.01317	0.18314	0.02237	0.02291	0.01194	0.01329	0.00947	0.00732	0.00633	0.00183	0.01121	0.00482	0.00430	0.00880
63	0.00940	0.00655	0.00835	0.00938	0.00986	0.00636	0.00646	0.01054	0.01250	0.01656	0.03181	0.38130	0.03706	0.27787	0.01795	0.00419	0.00533	0.13775	0.00557	0.00520
64	0.00834	0.00595	0.00794	0.00953	0.00992	0.00556	0.00635	0.00953	0.01310	0.01746	0.03771	0.75510	0.04525	0.02143	0.00873	0.00278	0.00397	0.01945	0.00635	0.00556

[dist]
# distance from previous block
# <min> <max>
0	6

[block]
# block no. 2 follows, 31 sequences, length 106
# corresponding to MSA columns:
# 344-449
name=unknown_C
#
# <colnr> <probs for GDERKNQSTAVLIFYWHMCP>
#	G	D	E	R	K	N	Q	S	T	A	V	L	I	F	Y	W	H	M	C	P
0	0.00995	0.00663	0.00746	0.00746	0.00746	0.00663	0.00415	0.00995	0.00995	0.01327	0.02156	0.04477	0.02487	0.75957	0.03482	0.00663	0.00663	0.00995	0.00415	0.00415
1	0.77792	0.01346	0.01046	0.00926	0.01354	0.01557	0.00762	0.04595	0.01243	0.03117	0.00979	0.01132	0.00757	0.00642	0.00433	0.00211	0.00538	0.00380	0.00433	0.00757
2	0.01461	0.01241	0.01442	0.01034	0.01639	0.00956	0.00828	0.04168	0.01484	0.02305	0.01231	0.01427	0.01019	0.00518	0.00513	0.00105	0.00516	0.00413	0.00415	0.77286
3	0.00980	0.00721	0.01037	0.01037	0.01138	0.00821	0.00777	0.01182	0.01081	0.01542	0.01890	0.03004	0.01848	0.17659	0.60905	0.01022	0.01626	0.00779	0.00375	0.00576
4	0.00995	0.00663	0.00746	0.00746	0.00746	0.00663	0.00415	0.00995	0.00995	0.01327	0.02156	0.04477	0.02487	0.75957	0.03482	0.00663	0.00663	0.00995	0.00415	0.00415
5	0.00910	0.00697	0.00833	0.00799	0.00986	0.00621	0.00599	0.01177	0.01798	0.02415	0.47679	0.05652	0.30309	0.01521	0.00808	0.00221	0.00331	0.01313	0.00710	0.00621
6	0.01372	0.03539	0.72412	0.01950	0.02961	0.01589	0.02528	0.02167	0.01444	0.02167	0.01228	0.01444	0.00867	0.00650	0.00650	0.00217	0.01011	0.00506	0.00289	0.01011
7	0.01419	0.01216	0.01419	0.01013	0.01621	0.00912	0.00811	0.01723	0.01419	0.02229	0.01216	0.01419	0.01013	0.00507	0.00507	0.00101	0.00507	0.00405	0.00405	0.80139
8	0.00935	0.00698	0.00869	0.00826	0.01002	0.00631	0.00620	0.01227	0.01859	0.02558	0.58022	0.05415	0.19877	0.01468	0.00807	0.00218	0.00328	0.01280	0.00729	0.00631
9	0.00872	0.00696	0.00782	0.00760	0.00963	0.00605	0.00570	0.01106	0.01710	0.02206	0.32696	0.05994	0.45422	0.01599	0.00808	0.00225	0.00337	0.01361	0.00682	0.00605
10	0.03070	0.01164	0.01588	0.01217	0.01746	0.01006	0.01006	0.03334	0.01958	0.72163	0.02699	0.02329	0.01694	0.00847	0.00688	0.00212	0.00582	0.00688	0.00847	0.01164
11	0.80789	0.01323	0.01006	0.00900	0.01323	0.01535	0.00741	0.02011	0.01164	0.03070	0.00953	0.01111	0.00741	0.00635	0.00423	0.00212	0.00529	0.00370	0.00423	0.00741
12	0.00846	0.00601	0.00790	0.00936	0.00973	0.00564	0.00618	0.00956	0.01285	0.01713	0.03644	0.69924	0.04365	0.07948	0.01078	0.00308	0.00418	0.01870	0.00618	0.00545
13	0.01802	0.62618	0.03236	0.01236	0.01747	0.04733	0.01181	0.04003	0.01443	0.01711	0.01135	0.03698	0.01088	0.00720	0.00594	0.00168	0.05425	0.02275	0.00327	0.00859
14	0.01428	0.01221	0.01414	0.01039	0.01616	0.00966	0.00827	0.01860	0.06862	0.02294	0.03406	0.01617	0.01258	0.00566	0.00530	0.00115	0.00504	0.00459	0.00438	0.71579
15	0.03775	0.04333	0.10106	0.03025	0.44465	0.01446	0.01758	0.01912	0.01585	0.02282	0.12219	0.02443	0.06132	0.00802	0.00686	0.00206	0.00721	0.00728	0.00415	0.00961
16	0.01730	0.03862	0.01722	0.01611	0.07285	0.01739	0.01172	0.05304	0.60972	0.02814	0.02577	0.02413	0.01945	0.00889	0.00686	0.00226	0.00575	0.00743	0.00655	0.01079
17	0.07522	0.01008	0.01229	0.01140	0.01307	0.05469	0.06095	0.01430	0.01255	0.03783	0.02196	0.10046	0.02318	0.30376	0.14076	0.00551	0.00896	0.08254	0.00454	0.00596
18	0.01425	0.03197	0.59237	0.02235	0.08592	0.01607	0.09844	0.02164	0.01472	0.02175	0.01250	0.01509	0.00903	0.00639	0.00670	0.00217	0.01011	0.00547	0.00299	0.01007
19	0.01419	0.01216	0.01419	0.01013	0.01621	0.00912	0.00811	0.01723	0.01419	0.02229	0.01216	0.01419	0.01013	0.00507	0.00507	0.00101	0.00507	0.00405	0.00405	0.80139
20	0.00988	0.00692	0.00890	0.00890	0.00940	0.00741	0.00594	0.01087	0.01038	0.01433	0.02024	0.03748	0.02171	0.47087	0.31918	0.00841	0.01140	0.00888	0.00395	0.00495
21	0.00864	0.00687	0.00776	0.00770	0.00963	0.00599	0.00571	0.01084	0.01667	0.02143	0.28429	0.11506	0.44216	0.01652	0.00813	0.00229	0.00342	0.01414	0.00675	0.00599
22	0.01453	0.00727	0.00772	0.00729	0.00929	0.00721	0.00556	0.04310	0.01540	0.08066	0.02296	0.04877	0.01817	0.00846	0.00516	0.00169	0.00359	0.00683	0.67938	0.00697
23	0.05021	0.02911	0.01890	0.01673	0.02053	0.57613	0.01276	0.13203	0.02101	0.02160	0.01180	0.01332	0.00946	0.00724	0.00617	0.00181	0.01109	0.00472	0.02691	0.00845
24	0.01097	0.00792	0.01087	0.01228	0.01384	0.00795	0.01051	0.01449	0.03811	0.02071	0.05628	0.12843	0.03999	0.01864	0.00927	0.00306	0.00599	0.57794	0.00636	0.00639
25	0.01829	0.76368	0.03585	0.01171	0.01756	0.02707	0.01171	0.02049	0.01390	0.01610	0.00951	0.01097	0.00878	0.00585	0.00439	0.00146	0.00732	0.00366	0.00293	0.00878
26	0.00834	0.00595	0.00794	0.00953	0.00992	0.00556	0.00635	0.00953	0.01310	0.01746	0.03771	0.75510	0.04525	0.02143	0.00873	0.00278	0.00397	0.01945	0.00635	0.00556
27	0.00809	0.00693	0.00693	0.00693	0.00924	0.00578	0.00520	0.00982	0.01559	0.01848	0.06931	0.06584	0.71411	0.01733	0.00809	0.00231	0.00347	0.01444	0.00635	0.00578
28	0.80789	0.01323	0.01006	0.00900	0.01323	0.01535	0.00741	0.02011	0.01164	0.03070	0.00953	0.01111	0.00741	0.00635	0.00423	0.00212	0.00529	0.00370	0.00423	0.00741
29	0.01334	0.02891	0.00769	0.00683	0.00867	0.00745	0.00525	0.03771	0.01490	0.02579	0.02176	0.02479	0.01709	0.00792	0.00484	0.00160	0.00345	0.00629	0.74909	0.00661
30	0.01285	0.00979	0.01179	0.03274	0.01445	0.00803	0.00760	0.01559	0.01541	0.06098	0.13504	0.09484	0.13071	0.01015	0.00648	0.00167	0.00455	0.00862	0.02820	0.39049
31	0.02420	0.02821	0.01859	0.01659	0.02029	0.54991	0.01262	0.10060	0.09418	0.02123	0.01352	0.01470	0.01075	0.00745	0.00627	0.00185	0.01072	0.00503	0.03470	0.00859
32	0.01554	0.01841	0.21969	0.01711	0.08551	0.01260	0.03447	0.05953	0.07097	0.09583	0.04117	0.11529	0.06127	0.01058	0.00724	0.00226	0.00708	0.06566	0.00518	0.05461
33	0.01529	0.01255	0.01453	0.01066	0.01653	0.01013	0.00853	0.03945	0.06918	0.04573	0.01399	0.01544	0.01124	0.00560	0.00533	0.00118	0.00519	0.00450	0.00451	0.69044
34	0.04759	0.32354	0.30170	0.01553	0.02253	0.12185	0.01706	0.02172	0.01486	0.01906	0.01152	0.01445	0.00957	0.00667	0.00561	0.00186	0.00902	0.02364	0.00314	0.00906
35	0.01793	0.70641	0.08997	0.01232	0.01851	0.02619	0.01277	0.02058	0.01394	0.01653	0.00973	0.01125	0.00877	0.00590	0.00456	0.00152	0.00754	0.00377	0.00292	0.00888
36	0.00995	0.00663	0.00746	0.00746	0.00746	0.00663	0.00415	0.00995	0.00995	0.01327	0.02156	0.04477	0.02487	0.75957	0.03482	0.00663	0.00663	0.00995	0.00415	0.00415
37	0.01158	0.00731	0.00945	0.00871	0.01061	0.00673	0.00661	0.01476	0.01899	0.08187	0.60455	0.04689	0.05708	0.01308	0.00772	0.00210	0.00343	0.01147	0.07021	0.00686
38	0.00952	0.00691	0.00897	0.00862	0.01016	0.00636	0.00640	0.01253	0.01873	0.02631	0.63547	0.10703	0.08794	0.01470	0.00812	0.00221	0.00330	0.01301	0.00739	0.00636
39	0.38774	0.01283	0.01348	0.01093	0.01574	0.01316	0.00902	0.06715	0.01669	0.36299	0.01832	0.01728	0.01224	0.00748	0.00566	0.00211	0.00568	0.00538	0.00642	0.00970
40	0.80789	0.01323	0.01006	0.00900	0.01323	0.01535	0.00741	0.02011	0.01164	0.03070	0.00953	0.01111	0.00741	0.00635	0.00423	0.00212	0.00529	0.00370	0.00423	0.00741
41	0.01757	0.01497	0.01578	0.01403	0.01800	0.01728	0.01096	0.07686	0.66313	0.02951	0.02714	0.02496	0.02031	0.00922	0.00695	0.00230	0.00554	0.00764	0.00695	0.01088
42	0.01651	0.00819	0.00893	0.00799	0.01045	0.00811	0.00623	0.07231	0.01655	0.13206	0.02256	0.02445	0.01698	0.00806	0.00526	0.00171	0.00393	0.00644	0.61569	0.00759
43	0.10446	0.01709	0.08134	0.01408	0.01936	0.01638	0.01231	0.26324	0.15677	0.19062	0.02003	0.01936	0.01411	0.00943	0.02840	0.00241	0.00705	0.00631	0.00651	0.01074
44	0.07872	0.05688	0.53910	0.01795	0.02679	0.01595	0.04345	0.04186	0.01521	0.08311	0.01340	0.01500	0.00942	0.00666	0.00634	0.00213	0.00923	0.00519	0.00361	0.01000
45	0.01615	0.01845	0.04037	0.02884	0.03576	0.01730	0.69204	0.02191	0.01615	0.02191	0.01384	0.01845	0.01038	0.00577	0.00807	0.00231	0.01153	0.00807	0.00346	0.00923
46	0.00855	0.00610	0.00818	0.00977	0.01026	0.00574	0.00672	0.00989	0.01331	0.01770	0.03759	0.70179	0.04479	0.02123	0.00879	0.00281	0.00415	0.07067	0.00635	0.00562
47	0.00981	0.00718	0.01021	0.01021	0.01117	0.00813	0.00758	0.01172	0.01076	0.01530	0.01904	0.03083	0.01882	0.20793	0.57818	0.01003	0.01574	0.00791	0.00377	0.00567
48	0.80789	0.01323	0.01006	0.00900	0.01323	0.01535	0.00741	0.02011	0.01164	0.03070	0.00953	0.01111	0.00741	0.00635	0.00423	0.00212	0.00529	0.00370	0.00423	0.00741
49	0.01102	0.00787	0.01102	0.01260	0.01417	0.00787	0.01102	0.01417	0.01575	0.02047	0.03622	0.07717	0.03937	0.01890	0.00945	0.00315	0.00630	0.67084	0.00630	0.00630
50	0.01380	0.00738	0.00749	0.00711	0.00901	0.00754	0.00543	0.06927	0.01575	0.02689	0.02185	0.02479	0.01707	0.00799	0.00494	0.00163	0.00353	0.00636	0.73537	0.00679
51	0.01372	0.03539	0.72412	0.01950	0.02961	0.01589	0.02528	0.02167	0.01444	0.02167	0.01228	0.01444	0.00867	0.00650	0.00650	0.00217	0.01011	0.00506	0.00289	0.01011
52	0.02220	0.01380	0.01590	0.01318	0.01756	0.01457	0.01055	0.15608	0.29681	0.24610	0.09502	0.02572	0.02236	0.00931	0.00703	0.00219	0.00571	0.00765	0.00746	0.01079
53	0.00838	0.00599	0.00798	0.00949	0.00993	0.00559	0.00635	0.00965	0.01332	0.01782	0.06212	0.72967	0.04595	0.02116	0.00871	0.00276	0.00394	0.01919	0.00639	0.00559
54	0.01125	0.00636	0.00953	0.00953	0.00990	0.00672	0.00672	0.00990	0.00953	0.01308	0.01381	0.02261	0.01344	0.03199	0.23744	0.56510	0.00964	0.00636	0.00318	0.00391
55	0.01466	0.02632	0.39919	0.10526	0.17009	0.01611	0.12900	0.02111	0.01486	0.02138	0.01263	0.01599	0.00942	0.00634	0.00684	0.00217	0.00983	0.00585	0.00310	0.00984
56	0.01449	0.01444	0.07774	0.01113	0.01756	0.01008	0.00978	0.03740	0.01473	0.02285	0.01230	0.01427	0.01005	0.00529	0.00525	0.00115	0.00559	0.00420	0.00403	0.70769
57	0.04689	0.42609	0.02821	0.01486	0.03926	0.30731	0.01244	0.02321	0.01606	0.01701	0.01003	0.01170	0.00881	0.00635	0.00516	0.00162	0.00927	0.00403	0.00322	0.00846
58	0.00872	0.00623	0.00838	0.00997	0.01054	0.00589	0.00702	0.01020	0.01348	0.01790	0.03749	0.65744	0.04440	0.02107	0.00884	0.00283	0.00430	0.11329	0.00634	0.00566
59	0.15704	0.06766	0.42118	0.01822	0.06668	0.07304	0.01944	0.06166	0.01543	0.02391	0.01179	0.01377	0.00877	0.00656	0.00600	0.00207	0.00901	0.00482	0.00345	0.00952
60	0.01776	0.01224	0.01469	0.01069	0.01659	0.00963	0.00862	0.03841	0.01573	0.16109	0.01521	0.01604	0.01152	0.00582	0.00547	0.00126	0.00528	0.00467	0.00500	0.62427
61	0.01801	0.56538	0.11715	0.01286	0.01892	0.04132	0.01315	0.02194	0.05454	0.04190	0.03193	0.01386	0.01136	0.00649	0.00503	0.00165	0.00750	0.00445	0.00349	0.00907
62	0.01701	0.37170	0.27073	0.01724	0.04556	0.02124	0.08827	0.03933	0.01502	0.03926	0.01169	0.01363	0.00928	0.00621	0.00571	0.00184	0.00871	0.00483	0.00324	0.00950
63	0.00834	0.00595	0.00794	0.00953	0.00992	0.00556	0.00635	0.00953	0.01310	0.01746	0.03771	0.75510	0.04525	0.02143	0.00873	0.00278	0.00397	0.01945	0.00635	0.00556
64	0.01050	0.00706	0.00791	0.00774	0.00793	0.00713	0.00445	0.03327	0.01071	0.01428	0.02138	0.04380	0.02442	0.73395	0.03387	0.00648	0.00666	0.00982	0.00424	0.00440
65	0.01372	0.03539	0.72412	0.01950	0.02961	0.01589	0.02528	0.02167	0.01444	0.02167	0.01228	0.01444	0.00867	0.00650	0.00650	0.00217	0.01011	0.00506	0.00289	0.01011
66	0.01503	0.01231	0.01333	0.01213	0.01531	0.01380	0.00937	0.02947	0.49595	0.02811	0.18178	0.03128	0.03046	0.01024	0.00704	0.00223	0.00475	0.00867	0.06926	0.00949
67	0.00901	0.00760	0.00788	0.00770	0.01007	0.00680	0.00580	0.01239	0.07484	0.02024	0.13011	0.06092	0.58997	0.01631	0.00799	0.00230	0.00361	0.01366	0.00652	0.00628
68	0.02639	0.01856	0.02016	0.01545	0.02091	0.02031	0.01277	0.64073	0.03115	0.09790	0.01728	0.01698	0.01206	0.00823	0.00685	0.00206	0.00739	0.00622	0.00698	0.01164
69	0.01615	0.01845	0.04037	0.02884	0.03576	0.01730	0.69204	0.02191	0.01615	0.02191	0.01384	0.01845	0.01038	0.00577	0.00807	0.00231	0.01153	0.00807	0.00346	0.00923
70	0.03032	0.01225	0.01625	0.01246	0.01777	0.01096	0.01029	0.08662	0.02060	0.66691	0.02614	0.02273	0.01651	0.00845	0.00688	0.00211	0.00596	0.00682	0.00834	0.01164
71	0.00897	0.00651	0.00860	0.01004	0.01090	0.00614	0.00739	0.01068	0.01397	0.01829	0.04016	0.52852	0.10343	0.02045	0.00885	0.00283	0.00449	0.17769	0.00634	0.00576
72	0.00945	0.00702	0.00886	0.00877	0.01044	0.00643	0.00670	0.01227	0.01791	0.02442	0.47934	0.09558	0.18531	0.01557	0.00826	0.00232	0.00365	0.08435	0.00711	0.00626
73	0.02558	0.03181	0.01946	0.01751	0.02115	0.68989	0.01321	0.06691	0.02015	0.01831	0.01092	0.01258	0.00898	0.00712	0.00621	0.00178	0.01205	0.00451	0.00372	0.00815
74	0.03070	0.01164	0.01588	0.01217	0.01746	0.01006	0.01006	0.03334	0.01958	0.72163	0.02699	0.02329	0.01694	0.00847	0.00688	0.00212	0.00582	0.00688	0.00847	0.01164
75	0.01109	0.00677	0.00763	0.00748	0.00803	0.00668	0.00458	0.01193	0.01159	0.03867	0.06191	0.04101	0.02561	0.55815	0.02701	0.00533	0.00579	0.00935	0.14648	0.00492
76	0.01829	0.76368	0.03585	0.01171	0.01756	0.02707	0.01171	0.02049	0.01390	0.01610	0.00951	0.01097	0.00878	0.00585	0.00439	0.00146	0.00732	0.00366	0.00293	0.00878
77	0.01292	0.01216	0.02052	0.74312	0.04712	0.01520	0.01900	0.01748	0.01368	0.01748	0.01216	0.01824	0.00912	0.00684	0.00684	0.00228	0.00912	0.00608	0.00304	0.00760
78	0.01829	0.76368	0.03585	0.01171	0.01756	0.02707	0.01171	0.02049	0.01390	0.01610	0.00951	0.01097	0.00878	0.00585	0.00439	0.00146	0.00732	0.00366	0.00293	0.00878
79	0.03070	0.01164	0.01588	0.01217	0.01746	0.01006	0.01006	0.03334	0.01958	0.72163	0.02699	0.02329	0.01694	0.00847	0.00688	0.00212	0.00582	0.00688	0.00847	0.01164
80	0.00916	0.00713	0.00828	0.00871	0.01052	0.00645	0.00681	0.01123	0.01541	0.01927	0.10627	0.08803	0.40600	0.07644	0.01059	0.00288	0.00447	0.19024	0.00626	0.00583
81	0.02638	0.01857	0.02016	0.01546	0.02092	0.02033	0.01277	0.64171	0.03117	0.09689	0.01726	0.01697	0.01205	0.00823	0.00685	0.00206	0.00739	0.00622	0.00697	0.01164
82	0.80789	0.01323	0.01006	0.00900	0.01323	0.01535	0.00741	0.02011	0.01164	0.03070	0.00953	0.01111	0.00741	0.00635	0.00423	0.00212	0.00529	0.00370	0.00423	0.00741
83	0.01182	0.00609	0.00908	0.00920	0.00933	0.00609	0.00634	0.00933	0.00945	0.01256	0.01380	0.02523	0.01405	0.02338	0.02538	0.73822	0.00597	0.05823	0.00323	0.00323
84	0.80789	0.01323	0.01006	0.00900	0.01323	0.01535	0.00741	0.02011	0.01164	0.03070	0.00953	0.01111	0.00741	0.00635	0.00423	0.00212	0.00529	0.00370	0.00423	0.00741
85	0.05112	0.01168	0.01572	0.01209	0.01735	0.01019	0.00999	0.03299	0.01937	0.70347	0.02653	0.02297	0.01668	0.00841	0.00681	0.00212	0.00581	0.00680	0.00836	0.01153
86	0.01264	0.01136	0.03436	0.01149	0.03439	0.01114	0.00883	0.04260	0.26967	0.02468	0.15512	0.04395	0.28685	0.01286	0.00754	0.00227	0.00462	0.01083	0.00659	0.00822
87	0.00968	0.00699	0.00914	0.00861	0.01022	0.00646	0.00646	0.01291	0.01937	0.02743	0.71328	0.05110	0.06455	0.01399	0.00807	0.00215	0.00323	0.01237	0.00753	0.00646
88	0.01211	0.01076	0.01547	0.01413	0.01480	0.01413	0.01143	0.01413	0.01076	0.01614	0.01413	0.02153	0.01345	0.03363	0.41340	0.00740	0.34579	0.00673	0.00336	0.00673
89	0.00829	0.00694	0.00721	0.00714	0.00936	0.00586	0.00536	0.01021	0.01607	0.01962	0.15089	0.06397	0.63182	0.01690	0.00808	0.00229	0.00344	0.01418	0.00650	0.00586
90	0.00814	0.00693	0.00700	0.00698	0.00927	0.00580	0.00524	0.00992	0.01571	0.01876	0.08944	0.06538	0.69381	0.01722	0.00809	0.00231	0.00346	0.01437	0.00639	0.00580
91	0.01358	0.03305	0.66744	0.01866	0.02797	0.01510	0.02374	0.02066	0.01401	0.02089	0.01225	0.01495	0.00892	0.00787	0.00810	0.06547	0.00978	0.00513	0.00290	0.00955
92	0.01692	0.01620	0.02717	0.03937	0.64100	0.01635	0.04037	0.02224	0.07019	0.02283	0.01408	0.01766	0.01162	0.00634	0.00683	0.00206	0.00802	0.00629	0.00367	0.01079
93	0.08047	0.64171	0.09287	0.01216	0.01825	0.02518	0.01253	0.02056	0.01377	0.01773	0.00975	0.01128	0.00866	0.00595	0.00456	0.00158	0.00740	0.00378	0.00303	0.00879
94	0.01678	0.01615	0.02723	0.04009	0.66150	0.01663	0.02052	0.02064	0.01517	0.02188	0.01256	0.01678	0.01069	0.00656	0.00802	0.00211	0.06669	0.00609	0.00336	0.01057
95	0.00895	0.00691	0.00816	0.00797	0.00980	0.00612	0.00593	0.01144	0.01744	0.02316	0.40841	0.09886	0.33056	0.01580	0.00812	0.00225	0.00337	0.01364	0.00698	0.00612
96	0.01633	0.01400	0.01487	0.01357	0.01717	0.01611	0.01047	0.03423	0.64973	0.02773	0.02863	0.08334	0.02281	0.01024	0.00710	0.00236	0.00530	0.00866	0.00691	0.01041
97	0.01375	0.01443	0.09407	0.09501	0.04390	0.01349	0.01250	0.02394	0.29138	0.02465	0.16019	0.03284	0.08680	0.01057	0.00777	0.00230	0.02953	0.02817	0.00586	0.00886
98	0.01473	0.01401	0.02380	0.42622	0.34984	0.01568	0.01990	0.01907	0.01454	0.01968	0.01248	0.01765	0.00990	0.00650	0.00681	0.00217	0.00867	0.00609	0.00320	0.00906
99	0.01674	0.06109	0.09811	0.07888	0.18400	0.03677	0.03882	0.06244	0.24825	0.02462	0.04449	0.02046	0.01570	0.00788	0.00725	0.00217	0.03083	0.00665	0.00482	0.01002
100	0.00925	0.06640	0.01006	0.00891	0.01039	0.00744	0.00649	0.01094	0.01467	0.01899	0.13681	0.42198	0.21679	0.01812	0.00813	0.00247	0.00400	0.01593	0.00624	0.00599
101	0.07959	0.01608	0.02673	0.03899	0.64116	0.01621	0.03959	0.02095	0.01528	0.02300	0.01263	0.01652	0.01055	0.00611	0.00661	0.00205	0.00800	0.00596	0.00346	0.01052
102	0.01702	0.01470	0.01547	0.01392	0.01779	0.01702	0.01083	0.03635	0.70453	0.02862	0.02785	0.02553	0.02088	0.00928	0.00696	0.00232	0.00541	0.00773	0.00696	0.01083
103	0.01277	0.01182	0.01977	0.68523	0.04451	0.01462	0.01837	0.01722	0.01384	0.01772	0.01407	0.02291	0.01152	0.00780	0.00705	0.00235	0.00890	0.05876	0.00330	0.00750
104	0.01102	0.00787	0.01102	0.01260	0.01417	0.00787	0.01102	0.01417	0.01575	0.02047	0.03622	0.07717	0.03937	0.01890	0.00945	0.00315	0.00630	0.67084	0.00630	0.00630
105	0.01818	0.70445	0.03521	0.01411	0.07298	0.02621	0.01244	0.02053	0.01403	0.01659	0.00978	0.01145	0.00894	0.00587	0.00458	0.00151	0.00738	0.00385	0.00296	0.00894

[dist]
# distance from previous block
# <min> <max>
0	15

# created by:
# /home/cegg/simao/soft/augustus-3.2.1/scripts/msa2prfl.pl ./align_prep/EOG090W0CGD.fa
