[name]
unknown

[dist]
# distance from previous block
# <min> <max>
5	111

[block]
# block no. 0 follows, 27 sequences, length 9
# corresponding to MSA columns:
# 166-174
name=unknown_A
#
# <colnr> <probs for GDERKNQSTAVLIFYWHMCP>
#	G	D	E	R	K	N	Q	S	T	A	V	L	I	F	Y	W	H	M	C	P
0	0.01233	0.00866	0.01053	0.01009	0.01267	0.00751	0.00754	0.01459	0.01593	0.06037	0.07813	0.26309	0.15430	0.04925	0.00954	0.00262	0.00483	0.07072	0.04611	0.16120
1	0.01703	0.01308	0.01697	0.01430	0.01772	0.03737	0.09514	0.04387	0.17843	0.07332	0.12517	0.06567	0.02723	0.01060	0.00802	0.00230	0.03437	0.00917	0.20112	0.00913
2	0.01530	0.01708	0.11493	0.04202	0.15594	0.01419	0.05691	0.05502	0.06030	0.02437	0.06567	0.08622	0.08197	0.04396	0.00985	0.00253	0.04315	0.00912	0.00500	0.09647
3	0.01752	0.02003	0.04380	0.03129	0.03880	0.01877	0.66583	0.02378	0.01752	0.02378	0.01502	0.02003	0.01126	0.00626	0.00876	0.00250	0.01252	0.00876	0.00375	0.01001
4	0.01539	0.01319	0.01539	0.01100	0.01759	0.00990	0.00880	0.01869	0.01539	0.02419	0.01319	0.01539	0.01100	0.00550	0.00550	0.00110	0.00550	0.00440	0.00440	0.78449
5	0.01380	0.00954	0.01153	0.01086	0.01289	0.00972	0.00821	0.09183	0.01901	0.05704	0.20136	0.23558	0.11836	0.01592	0.00932	0.00252	0.05088	0.01354	0.10046	0.00763
6	0.01297	0.01399	0.10540	0.05011	0.06722	0.01098	0.03879	0.05802	0.01962	0.02709	0.33593	0.07189	0.13194	0.01315	0.00831	0.00239	0.00593	0.01153	0.00648	0.00828
7	0.02013	0.40630	0.08467	0.01532	0.04803	0.07381	0.01376	0.06507	0.04231	0.06064	0.05817	0.05036	0.01652	0.00833	0.00611	0.00193	0.00802	0.00620	0.00452	0.00981
8	0.06644	0.25204	0.06901	0.01616	0.04700	0.08221	0.01392	0.19224	0.04204	0.05621	0.03803	0.01843	0.03266	0.00835	0.00704	0.00207	0.03477	0.00598	0.00510	0.01032

[dist]
# distance from previous block
# <min> <max>
0	1

[block]
# block no. 1 follows, 27 sequences, length 13
# corresponding to MSA columns:
# 176-188
name=unknown_B
#
# <colnr> <probs for GDERKNQSTAVLIFYWHMCP>
#	G	D	E	R	K	N	Q	S	T	A	V	L	I	F	Y	W	H	M	C	P
0	0.24087	0.10844	0.07554	0.12504	0.02483	0.13375	0.04965	0.04481	0.01611	0.02479	0.01290	0.01597	0.01026	0.00911	0.03384	0.00254	0.00925	0.00534	0.04822	0.00873
1	0.05481	0.02253	0.01651	0.01509	0.01814	0.34029	0.01129	0.08025	0.05415	0.02158	0.01970	0.05661	0.04520	0.10894	0.09917	0.00400	0.01137	0.00750	0.00476	0.00811
2	0.05429	0.00843	0.00961	0.00929	0.01165	0.00785	0.00705	0.01490	0.04430	0.05571	0.28281	0.11710	0.29728	0.01651	0.00854	0.00250	0.00412	0.03357	0.00735	0.00713
3	0.00932	0.00666	0.00845	0.00977	0.01027	0.00624	0.00641	0.01044	0.01384	0.01827	0.04042	0.57397	0.09045	0.14167	0.01412	0.00367	0.00475	0.01901	0.00649	0.00579
4	0.00922	0.00667	0.00834	0.00968	0.01054	0.00611	0.00659	0.01072	0.01475	0.01956	0.04609	0.58543	0.15918	0.02179	0.00915	0.00287	0.00417	0.01949	0.04353	0.00611
5	0.01177	0.00693	0.00931	0.00931	0.00947	0.00709	0.00600	0.01056	0.01040	0.01402	0.01798	0.03387	0.01927	0.31750	0.11463	0.37716	0.00837	0.00839	0.00383	0.00415
6	0.02773	0.03538	0.02104	0.01913	0.02295	0.70930	0.01434	0.02964	0.02104	0.01817	0.01148	0.01339	0.00956	0.00765	0.00669	0.00191	0.01339	0.00478	0.00383	0.00861
7	0.79154	0.01436	0.01091	0.00976	0.01436	0.01665	0.00804	0.02182	0.01263	0.03331	0.01034	0.01206	0.00804	0.00689	0.00459	0.00230	0.00574	0.00402	0.00459	0.00804
8	0.01985	0.74357	0.03890	0.01270	0.01905	0.02937	0.01270	0.02223	0.01508	0.01747	0.01032	0.01191	0.00953	0.00635	0.00476	0.00159	0.00794	0.00397	0.00318	0.00953
9	0.00925	0.00724	0.00838	0.00873	0.01048	0.00637	0.00630	0.01134	0.01711	0.02198	0.20687	0.25275	0.36835	0.01921	0.00897	0.00261	0.00385	0.01667	0.00719	0.00637
10	0.01066	0.00728	0.00878	0.00888	0.00913	0.00749	0.00545	0.01119	0.01118	0.01514	0.02379	0.08435	0.02681	0.58127	0.15122	0.00777	0.00920	0.01090	0.00455	0.00495
11	0.17547	0.05024	0.01971	0.01638	0.04902	0.10678	0.04695	0.21013	0.02191	0.08773	0.02006	0.02518	0.04161	0.03735	0.00817	0.00249	0.00814	0.05699	0.00582	0.00986
12	0.45434	0.07180	0.07234	0.01130	0.01602	0.01603	0.01010	0.02172	0.07759	0.02863	0.02122	0.07445	0.08009	0.00958	0.00588	0.00234	0.00607	0.00701	0.00504	0.00844

[dist]
# distance from previous block
# <min> <max>
4	19

[block]
# block no. 2 follows, 27 sequences, length 13
# corresponding to MSA columns:
# 208-220
name=unknown_C
#
# <colnr> <probs for GDERKNQSTAVLIFYWHMCP>
#	G	D	E	R	K	N	Q	S	T	A	V	L	I	F	Y	W	H	M	C	P
0	0.13810	0.13151	0.08527	0.01844	0.08115	0.13604	0.03755	0.10525	0.07168	0.07659	0.01555	0.01699	0.01197	0.00935	0.03201	0.00249	0.00923	0.00575	0.00491	0.01018
1	0.01447	0.07271	0.13014	0.01464	0.01915	0.01346	0.06361	0.07810	0.05839	0.02517	0.09711	0.14204	0.11513	0.01357	0.00811	0.00251	0.00688	0.08116	0.03500	0.00864
2	0.15818	0.01631	0.01605	0.01308	0.01761	0.04526	0.01061	0.33163	0.02482	0.06881	0.01844	0.01952	0.01362	0.00845	0.00633	0.00210	0.00666	0.00624	0.20610	0.01019
3	0.01985	0.74357	0.03890	0.01270	0.01905	0.02937	0.01270	0.02223	0.01508	0.01747	0.01032	0.01191	0.00953	0.00635	0.00476	0.00159	0.00794	0.00397	0.00318	0.00953
4	0.02016	0.01679	0.01774	0.01545	0.01995	0.01926	0.01216	0.14844	0.56763	0.03378	0.02807	0.02599	0.02092	0.00987	0.00753	0.00247	0.00627	0.00810	0.00753	0.01190
5	0.01985	0.04529	0.11841	0.07189	0.12623	0.10971	0.07190	0.05031	0.08327	0.10583	0.02317	0.05351	0.06936	0.00927	0.00750	0.00231	0.00889	0.00793	0.00518	0.01020
6	0.01398	0.00947	0.01264	0.01286	0.04557	0.00984	0.00899	0.01765	0.10477	0.06363	0.17468	0.12664	0.05778	0.02004	0.05819	0.20162	0.03783	0.01073	0.00598	0.00713
7	0.00951	0.00708	0.00878	0.00954	0.01077	0.00646	0.00676	0.01145	0.01627	0.02146	0.18583	0.37653	0.19959	0.05189	0.01044	0.00296	0.00426	0.04713	0.00706	0.00626
8	0.05125	0.00982	0.01185	0.01148	0.01325	0.01009	0.00828	0.09654	0.01676	0.09189	0.03110	0.39195	0.03403	0.13810	0.01415	0.00352	0.03720	0.01473	0.00653	0.00747
9	0.07622	0.08395	0.13794	0.08808	0.05806	0.09415	0.07131	0.11312	0.05809	0.05228	0.03662	0.01844	0.01320	0.00819	0.00818	0.00230	0.05878	0.00635	0.00467	0.01008
10	0.02110	0.01906	0.07212	0.08015	0.10006	0.09616	0.13329	0.07006	0.05136	0.15242	0.07004	0.06235	0.01940	0.00915	0.00778	0.00235	0.00895	0.00828	0.00564	0.01027
11	0.00963	0.00689	0.00863	0.00970	0.01037	0.00649	0.00652	0.01090	0.01418	0.01869	0.06748	0.45050	0.11042	0.18029	0.01566	0.00388	0.00500	0.05254	0.00641	0.00580
12	0.01844	0.02050	0.14824	0.01977	0.04762	0.04531	0.15152	0.10168	0.07885	0.07045	0.06778	0.02653	0.07401	0.00947	0.00866	0.00239	0.04851	0.00823	0.04199	0.01006

[dist]
# distance from previous block
# <min> <max>
1	8

[block]
# block no. 3 follows, 27 sequences, length 19
# corresponding to MSA columns:
# 231-249
name=unknown_D
#
# <colnr> <probs for GDERKNQSTAVLIFYWHMCP>
#	G	D	E	R	K	N	Q	S	T	A	V	L	I	F	Y	W	H	M	C	P
0	0.07537	0.28601	0.07686	0.01575	0.02125	0.21484	0.03676	0.06388	0.01825	0.06337	0.01441	0.05544	0.01249	0.00810	0.00620	0.00198	0.00941	0.00584	0.00432	0.00947
1	0.04105	0.00778	0.00867	0.00870	0.01072	0.00697	0.00630	0.01199	0.01657	0.02206	0.17922	0.19807	0.34758	0.06049	0.01034	0.00279	0.00417	0.01518	0.00682	0.03455
2	0.01315	0.00868	0.01079	0.03960	0.01382	0.00842	0.00811	0.03829	0.03559	0.08504	0.10499	0.23385	0.17639	0.06346	0.04312	0.00333	0.00570	0.04819	0.05218	0.00730
3	0.06741	0.08425	0.12746	0.01911	0.08891	0.05714	0.03842	0.11677	0.03643	0.15400	0.01835	0.02126	0.01398	0.00869	0.00804	0.00229	0.05264	0.03257	0.04168	0.01061
4	0.01290	0.01042	0.01235	0.01161	0.01412	0.01080	0.02888	0.02128	0.23143	0.02544	0.16924	0.17017	0.14761	0.05650	0.01002	0.00281	0.00495	0.01301	0.03827	0.00819
5	0.00976	0.00682	0.00867	0.00979	0.01021	0.00653	0.00642	0.01086	0.01361	0.01820	0.06202	0.47333	0.04311	0.23464	0.01786	0.00424	0.00525	0.04679	0.00623	0.00565
6	0.07938	0.04559	0.02427	0.10633	0.25223	0.01662	0.07357	0.10372	0.01889	0.06420	0.05860	0.06495	0.01773	0.00874	0.00733	0.00229	0.00799	0.00787	0.02953	0.01018
7	0.01810	0.07856	0.14876	0.09371	0.12246	0.04682	0.17384	0.10205	0.01894	0.02565	0.04318	0.04205	0.01468	0.00793	0.00749	0.00229	0.00972	0.00740	0.02624	0.01014
8	0.00905	0.00714	0.00817	0.00873	0.01041	0.00626	0.00624	0.01089	0.01636	0.02066	0.12647	0.31058	0.39267	0.02004	0.00903	0.00267	0.00393	0.01741	0.00703	0.00626
9	0.01640	0.02330	0.24706	0.08781	0.18344	0.01689	0.10627	0.04631	0.05593	0.02498	0.05498	0.02086	0.01510	0.00784	0.00794	0.00235	0.02972	0.00704	0.03537	0.01041
10	0.79154	0.01436	0.01091	0.00976	0.01436	0.01665	0.00804	0.02182	0.01263	0.03331	0.01034	0.01206	0.00804	0.00689	0.00459	0.00230	0.00574	0.00402	0.00459	0.00804
11	0.01539	0.01319	0.01539	0.01100	0.01759	0.00990	0.00880	0.01869	0.01539	0.02419	0.01319	0.01539	0.01100	0.00550	0.00550	0.00110	0.00550	0.00440	0.00440	0.78449
12	0.01136	0.00822	0.01122	0.01095	0.01155	0.00937	0.00784	0.01240	0.01125	0.01583	0.01965	0.03455	0.02036	0.29883	0.34199	0.08337	0.07284	0.00873	0.00403	0.00565
13	0.02688	0.01854	0.02008	0.01559	0.02101	0.02021	0.01281	0.54404	0.03160	0.09254	0.01943	0.01954	0.01381	0.00890	0.00716	0.00217	0.00747	0.00677	0.09948	0.01195
14	0.01008	0.00702	0.00845	0.00894	0.00943	0.00674	0.00564	0.01103	0.01348	0.01804	0.11219	0.27217	0.07726	0.37945	0.02348	0.00499	0.00562	0.01472	0.00585	0.00540
15	0.00965	0.00748	0.00807	0.00792	0.01017	0.00651	0.00594	0.01207	0.01782	0.02314	0.22366	0.06363	0.47673	0.01701	0.00846	0.00240	0.00367	0.01434	0.07482	0.00651
16	0.01066	0.00765	0.01057	0.01082	0.01200	0.00829	0.00812	0.01295	0.01313	0.01863	0.05515	0.11049	0.05321	0.12663	0.41610	0.00855	0.01367	0.04649	0.05055	0.00634
17	0.01060	0.00757	0.01032	0.01057	0.01135	0.00814	0.00754	0.01180	0.01223	0.01678	0.02717	0.17828	0.06524	0.18184	0.30350	0.08223	0.03283	0.01148	0.00476	0.00577
18	0.02084	0.25470	0.03182	0.06275	0.02652	0.19488	0.17589	0.06147	0.01808	0.02085	0.01317	0.01730	0.01120	0.05004	0.00851	0.00232	0.01054	0.00609	0.00382	0.00922

[dist]
# distance from previous block
# <min> <max>
0	2

[block]
# block no. 4 follows, 27 sequences, length 22
# corresponding to MSA columns:
# 252-273
name=unknown_E
#
# <colnr> <probs for GDERKNQSTAVLIFYWHMCP>
#	G	D	E	R	K	N	Q	S	T	A	V	L	I	F	Y	W	H	M	C	P
0	0.06855	0.05326	0.12508	0.01998	0.06568	0.10762	0.07577	0.14347	0.11785	0.02795	0.01736	0.05316	0.01420	0.00906	0.00861	0.00237	0.06754	0.00711	0.00504	0.01033
1	0.02244	0.04916	0.05351	0.07710	0.17724	0.26977	0.06875	0.06568	0.01911	0.05358	0.01358	0.01659	0.01082	0.00777	0.00841	0.00221	0.06420	0.00602	0.00413	0.00993
2	0.01646	0.04721	0.04677	0.08837	0.10891	0.08256	0.01352	0.07129	0.08696	0.02432	0.05500	0.12112	0.09070	0.01192	0.00820	0.00240	0.03065	0.03128	0.05343	0.00894
3	0.00921	0.00668	0.00871	0.01000	0.01076	0.00617	0.00682	0.01084	0.01529	0.02043	0.12750	0.59834	0.09803	0.02189	0.00933	0.00289	0.00416	0.01972	0.00706	0.00617
4	0.01133	0.00807	0.01203	0.01187	0.01287	0.00939	0.00907	0.01279	0.01147	0.01643	0.01803	0.02725	0.01703	0.04779	0.54425	0.16090	0.05202	0.00759	0.00380	0.00604
5	0.01068	0.00722	0.00806	0.00806	0.00821	0.00714	0.00456	0.01079	0.01114	0.01471	0.02631	0.04987	0.06436	0.69849	0.03615	0.00693	0.00700	0.01107	0.00463	0.00460
6	0.54153	0.01468	0.01338	0.01133	0.01623	0.01625	0.00930	0.07953	0.05774	0.15517	0.01565	0.01592	0.01122	0.00768	0.00554	0.00231	0.00606	0.00514	0.00585	0.00949
7	0.01402	0.01319	0.02227	0.72126	0.05113	0.01649	0.02062	0.01897	0.01484	0.01897	0.01319	0.01979	0.00990	0.00742	0.00742	0.00247	0.00990	0.00660	0.00330	0.00825
8	0.01985	0.74357	0.03890	0.01270	0.01905	0.02937	0.01270	0.02223	0.01508	0.01747	0.01032	0.01191	0.00953	0.00635	0.00476	0.00159	0.00794	0.00397	0.00318	0.00953
9	0.01798	0.01232	0.01556	0.11481	0.04385	0.01205	0.01108	0.09383	0.05009	0.13160	0.08703	0.03278	0.13915	0.01040	0.00730	0.00212	0.00607	0.00867	0.05946	0.14385
10	0.00969	0.00725	0.00863	0.00926	0.01049	0.00674	0.00653	0.01125	0.01485	0.01907	0.07634	0.26269	0.25322	0.16906	0.04381	0.00407	0.00554	0.06926	0.00633	0.00593
11	0.79154	0.01436	0.01091	0.00976	0.01436	0.01665	0.00804	0.02182	0.01263	0.03331	0.01034	0.01206	0.00804	0.00689	0.00459	0.00230	0.00574	0.00402	0.00459	0.00804
12	0.01402	0.01319	0.02227	0.72126	0.05113	0.01649	0.02062	0.01897	0.01484	0.01897	0.01319	0.01979	0.00990	0.00742	0.00742	0.00247	0.00990	0.00660	0.00330	0.00825
13	0.01920	0.02103	0.02062	0.08653	0.02263	0.23539	0.01500	0.02136	0.01520	0.01876	0.01390	0.01841	0.03496	0.01072	0.01542	0.00263	0.36163	0.00633	0.05214	0.00814
14	0.02822	0.02079	0.02228	0.01708	0.02302	0.02302	0.01411	0.66804	0.03490	0.04679	0.01782	0.01782	0.01262	0.00891	0.00743	0.00223	0.00817	0.00668	0.00743	0.01262
15	0.00904	0.00646	0.00861	0.01034	0.01077	0.00603	0.00689	0.01034	0.01421	0.01895	0.04092	0.73426	0.04910	0.02326	0.00948	0.00301	0.00431	0.02110	0.00689	0.00603
16	0.00901	0.00659	0.00848	0.01000	0.01068	0.00606	0.00674	0.01038	0.01454	0.01908	0.04506	0.65412	0.12656	0.02272	0.00939	0.00295	0.00424	0.02045	0.00689	0.00606
17	0.01111	0.00769	0.00925	0.00925	0.01058	0.00730	0.00647	0.04058	0.01599	0.02133	0.16976	0.18538	0.18956	0.12427	0.01595	0.11884	0.00490	0.01353	0.03228	0.00596
18	0.17546	0.02018	0.13420	0.04135	0.16411	0.06503	0.03298	0.08859	0.01765	0.05419	0.01500	0.01776	0.01156	0.00819	0.00743	0.03509	0.00817	0.00589	0.08742	0.00975
19	0.01421	0.01397	0.06160	0.14765	0.12726	0.01317	0.06365	0.05584	0.04988	0.02382	0.10679	0.16375	0.06912	0.04458	0.00948	0.00271	0.00735	0.01112	0.00538	0.00866
20	0.05818	0.10172	0.02186	0.01775	0.06210	0.21588	0.01344	0.16448	0.08188	0.02739	0.06336	0.02103	0.04090	0.00928	0.00835	0.00220	0.06849	0.00665	0.00527	0.00980
21	0.02048	0.07028	0.17285	0.01757	0.05122	0.14519	0.04552	0.02638	0.07897	0.11485	0.01856	0.03989	0.01436	0.00816	0.00680	0.00209	0.00873	0.00652	0.08665	0.06494

[dist]
# distance from previous block
# <min> <max>
1	3

[block]
# block no. 5 follows, 27 sequences, length 10
# corresponding to MSA columns:
# 277-286
name=unknown_F
#
# <colnr> <probs for GDERKNQSTAVLIFYWHMCP>
#	G	D	E	R	K	N	Q	S	T	A	V	L	I	F	Y	W	H	M	C	P
0	0.17098	0.01906	0.04355	0.01726	0.06018	0.11600	0.06629	0.17615	0.02058	0.04805	0.03280	0.04753	0.02913	0.03817	0.00856	0.00246	0.02898	0.00711	0.05771	0.00948
1	0.00916	0.00695	0.00813	0.00899	0.01016	0.00626	0.00612	0.01051	0.01483	0.01881	0.05183	0.39762	0.29052	0.10933	0.01268	0.00333	0.00445	0.01777	0.00660	0.00593
2	0.01187	0.00923	0.01088	0.01092	0.01295	0.00933	0.00828	0.01802	0.15175	0.02431	0.19715	0.15378	0.15717	0.07783	0.01130	0.00308	0.00498	0.11259	0.00712	0.00746
3	0.01378	0.01028	0.01182	0.01127	0.01361	0.01030	0.00838	0.17037	0.02049	0.02701	0.10623	0.35021	0.18119	0.01802	0.00876	0.00265	0.00505	0.01567	0.00715	0.00778
4	0.02152	0.01640	0.01776	0.01501	0.01955	0.01829	0.01200	0.25394	0.34379	0.06143	0.07049	0.02781	0.02273	0.01026	0.00759	0.00240	0.00648	0.02788	0.03322	0.01145
5	0.02726	0.02032	0.02174	0.01689	0.02266	0.02258	0.01388	0.60645	0.09805	0.04524	0.01904	0.01879	0.01361	0.00903	0.00744	0.00226	0.00794	0.00685	0.00744	0.01254
6	0.01343	0.00946	0.01197	0.01081	0.01297	0.00968	0.00837	0.06037	0.04375	0.05619	0.47644	0.04528	0.05293	0.01614	0.04949	0.00290	0.04681	0.01145	0.05374	0.00782
7	0.10792	0.01163	0.01404	0.01218	0.01560	0.01172	0.00951	0.05962	0.04409	0.27882	0.02901	0.14678	0.05359	0.09647	0.01213	0.00308	0.04897	0.02847	0.00706	0.00933
8	0.20784	0.02025	0.07693	0.01727	0.07558	0.11914	0.01350	0.17113	0.02055	0.03067	0.08482	0.06057	0.01861	0.00955	0.00764	0.00231	0.04157	0.00716	0.00537	0.00953
9	0.01921	0.06451	0.10364	0.14969	0.21607	0.15984	0.01867	0.05396	0.04768	0.02274	0.01498	0.04534	0.01255	0.00789	0.00708	0.00219	0.00971	0.00653	0.00405	0.03367

[dist]
# distance from previous block
# <min> <max>
2	13

[block]
# block no. 6 follows, 27 sequences, length 15
# corresponding to MSA columns:
# 300-314
name=unknown_G
#
# <colnr> <probs for GDERKNQSTAVLIFYWHMCP>
#	G	D	E	R	K	N	Q	S	T	A	V	L	I	F	Y	W	H	M	C	P
0	0.01552	0.01018	0.01154	0.01044	0.01287	0.01022	0.00769	0.11205	0.06192	0.07963	0.09564	0.10276	0.14535	0.16825	0.01497	0.03124	0.00557	0.01123	0.08522	0.00771
1	0.01340	0.01202	0.06067	0.04866	0.03764	0.01092	0.01136	0.01922	0.10855	0.05397	0.20213	0.13068	0.10711	0.01507	0.00924	0.00266	0.03396	0.10781	0.00672	0.00821
2	0.01489	0.03840	0.70064	0.02116	0.03213	0.01724	0.02743	0.02351	0.01567	0.02351	0.01332	0.01567	0.00940	0.00705	0.00705	0.00235	0.01097	0.00549	0.00313	0.01097
3	0.00946	0.00699	0.00885	0.00956	0.01075	0.00638	0.00672	0.01155	0.01680	0.02255	0.25100	0.41125	0.16090	0.01998	0.00913	0.00272	0.00396	0.01779	0.00730	0.00638
4	0.01539	0.01319	0.01539	0.01100	0.01759	0.00990	0.00880	0.01869	0.01539	0.02419	0.01319	0.01539	0.01100	0.00550	0.00550	0.00110	0.00550	0.00440	0.00440	0.78449
5	0.02617	0.01388	0.01721	0.01290	0.01898	0.01209	0.01055	0.11044	0.02087	0.37093	0.02200	0.02074	0.01497	0.00782	0.00675	0.00185	0.00626	0.00626	0.00723	0.29211
6	0.09051	0.01098	0.00979	0.00993	0.01216	0.08478	0.00727	0.01396	0.01636	0.02136	0.08229	0.24878	0.33053	0.01746	0.00832	0.00256	0.00517	0.01474	0.00638	0.00667
7	0.71281	0.01455	0.01211	0.01075	0.01488	0.01727	0.00887	0.02142	0.01251	0.03174	0.01028	0.01248	0.00821	0.00751	0.00660	0.00239	0.07883	0.00427	0.00446	0.00805
8	0.00944	0.00762	0.00845	0.00885	0.01077	0.00685	0.00640	0.01218	0.04949	0.02080	0.09587	0.26919	0.42865	0.01952	0.00892	0.00265	0.00402	0.01683	0.00700	0.00651
9	0.01104	0.00742	0.00927	0.00927	0.00989	0.00787	0.00618	0.01228	0.01166	0.01670	0.02230	0.03993	0.02335	0.43506	0.26046	0.00823	0.01108	0.00945	0.08310	0.00546
10	0.01737	0.01531	0.04557	0.13276	0.23483	0.01558	0.01646	0.09318	0.06642	0.05561	0.05491	0.04553	0.05541	0.04006	0.03487	0.00294	0.03316	0.02496	0.00514	0.00991
11	0.01217	0.00788	0.00980	0.01007	0.01206	0.00719	0.00765	0.01439	0.01663	0.09054	0.09723	0.25864	0.24901	0.02041	0.04010	0.00314	0.00529	0.10020	0.03057	0.00702
12	0.02291	0.34060	0.05384	0.01722	0.04700	0.25324	0.01450	0.09172	0.01901	0.02125	0.01170	0.01363	0.00995	0.00744	0.00693	0.00190	0.04888	0.00481	0.00386	0.00960
13	0.01000	0.04690	0.01040	0.01012	0.01134	0.00765	0.00730	0.01166	0.01509	0.01964	0.07865	0.46514	0.14558	0.06065	0.01070	0.00309	0.00474	0.06843	0.00662	0.00629
14	0.02432	0.05125	0.07555	0.02383	0.15176	0.29543	0.04492	0.13399	0.04526	0.06207	0.01489	0.01664	0.01150	0.00768	0.00706	0.00211	0.01059	0.00592	0.00474	0.01048

[dist]
# distance from previous block
# <min> <max>
3	11

[block]
# block no. 7 follows, 27 sequences, length 11
# corresponding to MSA columns:
# 327-337
name=unknown_H
#
# <colnr> <probs for GDERKNQSTAVLIFYWHMCP>
#	G	D	E	R	K	N	Q	S	T	A	V	L	I	F	Y	W	H	M	C	P
0	0.01011	0.00677	0.00825	0.00923	0.01028	0.00632	0.00641	0.01209	0.01536	0.02174	0.09421	0.45790	0.11898	0.01910	0.00846	0.00264	0.00401	0.01695	0.16488	0.00632
1	0.01181	0.00927	0.01263	0.06927	0.01551	0.01064	0.00939	0.03422	0.01311	0.01806	0.02447	0.14969	0.04763	0.21324	0.24098	0.00686	0.09127	0.01081	0.00467	0.00647
2	0.01649	0.01385	0.01598	0.01152	0.01806	0.01102	0.00925	0.07441	0.01707	0.02613	0.01359	0.01560	0.01114	0.00579	0.00566	0.00120	0.00573	0.00459	0.00466	0.71826
3	0.01269	0.00658	0.00987	0.00987	0.00999	0.00670	0.00670	0.00999	0.00987	0.01328	0.01351	0.02314	0.01339	0.02841	0.08867	0.71634	0.00763	0.00658	0.00329	0.00352
4	0.01851	0.08205	0.05507	0.07738	0.15196	0.07011	0.08921	0.09577	0.06488	0.02556	0.07175	0.02179	0.01713	0.01010	0.03140	0.00261	0.06746	0.00718	0.03018	0.00990
5	0.01839	0.08332	0.22447	0.04812	0.02692	0.07792	0.08976	0.05522	0.06628	0.04380	0.01440	0.01722	0.01122	0.00840	0.01030	0.00239	0.14473	0.00618	0.00408	0.04690
6	0.01384	0.06998	0.01782	0.01508	0.07093	0.01161	0.06288	0.01728	0.03848	0.02190	0.02729	0.19421	0.08037	0.04424	0.00871	0.00233	0.00616	0.03129	0.03256	0.23301
7	0.05770	0.13365	0.07889	0.01557	0.04695	0.17553	0.01294	0.07616	0.04564	0.05294	0.07573	0.02144	0.03553	0.00843	0.00650	0.00196	0.00820	0.00635	0.06225	0.07766
8	0.01739	0.05780	0.21482	0.01822	0.06521	0.09302	0.01654	0.05022	0.04264	0.05069	0.03610	0.12172	0.01824	0.01110	0.00969	0.03440	0.07138	0.00819	0.00463	0.05803
9	0.01781	0.07410	0.17141	0.10669	0.02785	0.06946	0.09908	0.07796	0.04760	0.05393	0.07237	0.02426	0.03511	0.01113	0.04141	0.00280	0.03182	0.02082	0.00475	0.00964
10	0.01541	0.07574	0.01699	0.01430	0.04335	0.06969	0.04134	0.06187	0.09547	0.02180	0.04896	0.10814	0.05402	0.19384	0.07663	0.00441	0.00851	0.03634	0.00536	0.00784

[dist]
# distance from previous block
# <min> <max>
42	68

[block]
# block no. 8 follows, 27 sequences, length 36
# corresponding to MSA columns:
# 430-465
name=unknown_I
#
# <colnr> <probs for GDERKNQSTAVLIFYWHMCP>
#	G	D	E	R	K	N	Q	S	T	A	V	L	I	F	Y	W	H	M	C	P
0	0.01959	0.11000	0.21992	0.10905	0.10019	0.07261	0.01914	0.16392	0.03971	0.02688	0.01473	0.01788	0.01148	0.03398	0.00804	0.00238	0.00953	0.00605	0.00439	0.01051
1	0.02023	0.13416	0.02276	0.01656	0.02022	0.26588	0.06620	0.05069	0.04011	0.02062	0.02002	0.08970	0.05996	0.01076	0.00923	0.02306	0.07696	0.00780	0.03660	0.00848
2	0.02192	0.06787	0.13074	0.01724	0.05662	0.06283	0.02800	0.23266	0.04909	0.08884	0.02080	0.02153	0.04769	0.00861	0.00695	0.00213	0.00803	0.00676	0.08217	0.03951
3	0.04029	0.13653	0.16523	0.01819	0.04259	0.03942	0.08141	0.09622	0.08297	0.07720	0.01789	0.01923	0.03227	0.00808	0.00780	0.00218	0.04826	0.00638	0.00487	0.07298
4	0.00987	0.00740	0.00862	0.00850	0.01016	0.00667	0.00607	0.01185	0.01714	0.02249	0.28914	0.09433	0.30886	0.12162	0.01373	0.03214	0.00429	0.01408	0.00688	0.00616
5	0.01983	0.05419	0.02325	0.10143	0.14719	0.07251	0.04451	0.15840	0.02024	0.05566	0.04258	0.08354	0.01797	0.01034	0.00954	0.00244	0.09035	0.03098	0.00517	0.00988
6	0.06059	0.05074	0.11504	0.06455	0.08964	0.19689	0.09024	0.08200	0.01905	0.06137	0.03426	0.01829	0.01284	0.00996	0.03937	0.00266	0.03195	0.00631	0.00443	0.00980
7	0.01811	0.01493	0.01762	0.24293	0.02839	0.07993	0.01402	0.05331	0.17123	0.08644	0.04934	0.07979	0.02116	0.01050	0.00763	0.00245	0.00774	0.04080	0.04435	0.00933
8	0.01102	0.00774	0.00921	0.00917	0.01093	0.00737	0.00675	0.01489	0.05644	0.02609	0.32864	0.17475	0.14606	0.01576	0.00821	0.00239	0.00382	0.01374	0.14003	0.00698
9	0.05678	0.12160	0.12305	0.05131	0.09994	0.12184	0.04420	0.05141	0.03574	0.02283	0.01693	0.07279	0.01546	0.00960	0.00831	0.00233	0.06246	0.04380	0.03028	0.00935
10	0.06239	0.04441	0.04957	0.16873	0.08755	0.12618	0.13325	0.02289	0.06328	0.02242	0.04293	0.02392	0.04510	0.01000	0.02869	0.00265	0.02843	0.02421	0.00432	0.00908
11	0.00939	0.00673	0.00859	0.00976	0.01038	0.00629	0.00649	0.01074	0.01453	0.01936	0.09792	0.53702	0.09114	0.11911	0.01320	0.00349	0.00459	0.01867	0.00668	0.00592
12	0.01580	0.06942	0.01768	0.01687	0.09982	0.01444	0.01172	0.13122	0.07461	0.02600	0.05886	0.20969	0.08790	0.01649	0.04378	0.00303	0.03939	0.04831	0.00609	0.00888
13	0.01830	0.02505	0.27038	0.06691	0.13667	0.04268	0.03829	0.09824	0.08242	0.05122	0.01844	0.02025	0.03751	0.00794	0.00724	0.00226	0.00912	0.00662	0.00463	0.05584
14	0.00998	0.00724	0.00937	0.03641	0.01239	0.00707	0.00738	0.01240	0.04214	0.02023	0.06733	0.56209	0.07048	0.04777	0.01011	0.00302	0.00459	0.01840	0.04522	0.00639
15	0.00904	0.00646	0.00861	0.01034	0.01077	0.00603	0.00689	0.01034	0.01421	0.01895	0.04092	0.73426	0.04910	0.02326	0.00948	0.00301	0.00431	0.02110	0.00689	0.00603
16	0.01830	0.04301	0.16313	0.09489	0.06244	0.07694	0.06944	0.10783	0.01814	0.05067	0.01711	0.07986	0.01505	0.04791	0.02742	0.00291	0.08306	0.00782	0.00453	0.00954
17	0.01903	0.11589	0.18051	0.06757	0.18698	0.11260	0.12052	0.05156	0.01758	0.02286	0.01321	0.01655	0.01046	0.00706	0.00751	0.00221	0.02775	0.00612	0.00365	0.01035
18	0.02918	0.01925	0.02132	0.01635	0.02225	0.02073	0.01350	0.54838	0.03232	0.17010	0.01999	0.01923	0.01371	0.00896	0.00743	0.00224	0.00782	0.00683	0.00776	0.01263
19	0.01006	0.00751	0.00934	0.00901	0.01085	0.00679	0.00671	0.01309	0.01976	0.02710	0.52202	0.09644	0.20117	0.01640	0.00880	0.00241	0.00360	0.01433	0.00783	0.00679
20	0.01852	0.04199	0.15890	0.13786	0.31146	0.04734	0.04817	0.02351	0.01662	0.07511	0.01458	0.01819	0.01127	0.00730	0.00794	0.00231	0.03789	0.00639	0.00392	0.01072
21	0.01565	0.01685	0.11927	0.06661	0.13757	0.04439	0.01488	0.04447	0.06470	0.05558	0.20912	0.05836	0.05724	0.01344	0.04671	0.00288	0.00783	0.00941	0.00576	0.00928
22	0.01402	0.01319	0.02227	0.72126	0.05113	0.01649	0.02062	0.01897	0.01484	0.01897	0.01319	0.01979	0.00990	0.00742	0.00742	0.00247	0.00990	0.00660	0.00330	0.00825
23	0.01032	0.00746	0.00898	0.00869	0.01058	0.00677	0.00648	0.01332	0.01920	0.02668	0.44559	0.08379	0.22187	0.01581	0.00846	0.00235	0.00360	0.01369	0.07958	0.00677
24	0.01742	0.01774	0.08699	0.07459	0.20544	0.03337	0.11508	0.07935	0.04586	0.05025	0.04417	0.11833	0.02081	0.01043	0.00804	0.00247	0.00860	0.04595	0.00508	0.01000
25	0.01967	0.01948	0.01981	0.06018	0.14688	0.17683	0.01441	0.02847	0.23499	0.04833	0.02491	0.05162	0.07004	0.01000	0.00822	0.00236	0.04018	0.00806	0.00552	0.01005
26	0.01746	0.01749	0.02664	0.05972	0.13681	0.05732	0.20091	0.02668	0.20650	0.02480	0.02381	0.02772	0.06134	0.00932	0.00874	0.00250	0.03996	0.03699	0.00514	0.01015
27	0.01772	0.01326	0.01623	0.01341	0.05490	0.01095	0.00996	0.02242	0.06842	0.10805	0.05575	0.02006	0.01628	0.00693	0.00619	0.00149	0.00570	0.00573	0.00541	0.54113
28	0.07388	0.02086	0.04728	0.02310	0.18404	0.16683	0.04304	0.05953	0.05636	0.02479	0.01502	0.04169	0.01268	0.00770	0.00720	0.00200	0.02725	0.00622	0.00444	0.17610
29	0.01138	0.01028	0.04982	0.01275	0.03962	0.00988	0.00941	0.01342	0.01325	0.01849	0.07720	0.14625	0.05719	0.22750	0.19952	0.00636	0.07499	0.01124	0.00491	0.00653
30	0.01384	0.00692	0.00692	0.00692	0.00865	0.00692	0.00519	0.01730	0.01557	0.02768	0.02422	0.02768	0.01903	0.00865	0.00519	0.00173	0.00346	0.00692	0.78031	0.00692
31	0.01617	0.01570	0.02759	0.23520	0.32354	0.01679	0.10898	0.02066	0.01599	0.02199	0.01599	0.05790	0.01410	0.00848	0.00863	0.00246	0.04499	0.03116	0.00384	0.00985
32	0.06130	0.13873	0.05271	0.04914	0.04628	0.29269	0.03982	0.06901	0.07128	0.02255	0.01608	0.07779	0.01430	0.00891	0.00679	0.00212	0.00995	0.00678	0.00450	0.00927
33	0.01384	0.00692	0.00692	0.00692	0.00865	0.00692	0.00519	0.01730	0.01557	0.02768	0.02422	0.02768	0.01903	0.00865	0.00519	0.00173	0.00346	0.00692	0.78031	0.00692
34	0.01274	0.00981	0.01235	0.01331	0.06942	0.00968	0.00918	0.01803	0.11163	0.05388	0.17944	0.10390	0.23728	0.01926	0.07455	0.00341	0.00624	0.04109	0.00681	0.00798
35	0.04980	0.05622	0.05359	0.09983	0.20436	0.08305	0.04597	0.09370	0.07061	0.08300	0.01625	0.01844	0.01241	0.00744	0.00699	0.00214	0.00868	0.00628	0.00487	0.07636

[dist]
# distance from previous block
# <min> <max>
0	98

[block]
# block no. 9 follows, 27 sequences, length 46
# corresponding to MSA columns:
# 564-609
name=unknown_J
#
# <colnr> <probs for GDERKNQSTAVLIFYWHMCP>
#	G	D	E	R	K	N	Q	S	T	A	V	L	I	F	Y	W	H	M	C	P
0	0.04306	0.01821	0.13730	0.01700	0.08858	0.06379	0.01394	0.06568	0.01886	0.07970	0.14936	0.03296	0.09622	0.01296	0.04379	0.00273	0.00788	0.02982	0.00569	0.07246
1	0.01967	0.05698	0.07567	0.01762	0.07061	0.10771	0.04344	0.11284	0.12947	0.05042	0.02099	0.04637	0.03730	0.05093	0.00880	0.00240	0.00806	0.00737	0.03967	0.09367
2	0.01384	0.00692	0.00692	0.00692	0.00865	0.00692	0.00519	0.01730	0.01557	0.02768	0.02422	0.02768	0.01903	0.00865	0.00519	0.00173	0.00346	0.00692	0.78031	0.00692
3	0.02266	0.07764	0.02373	0.07147	0.07388	0.17597	0.06239	0.10783	0.11447	0.09173	0.01723	0.01861	0.01309	0.00807	0.00769	0.00215	0.03683	0.00634	0.00524	0.06297
4	0.01624	0.01624	0.02274	0.01949	0.01949	0.02274	0.01624	0.01787	0.01137	0.01787	0.00975	0.01624	0.00975	0.01299	0.02436	0.00325	0.72552	0.00650	0.00325	0.00812
5	0.04915	0.01483	0.01728	0.01336	0.01888	0.01441	0.01091	0.21879	0.04625	0.27686	0.02189	0.02111	0.01518	0.00833	0.00680	0.00201	0.00643	0.00654	0.07488	0.15610
6	0.01815	0.01741	0.02675	0.12237	0.49630	0.04765	0.02047	0.04770	0.04468	0.02428	0.01774	0.02143	0.04692	0.00762	0.00741	0.00225	0.00874	0.00707	0.00411	0.01094
7	0.01088	0.00859	0.00994	0.00964	0.01184	0.00823	0.00720	0.01602	0.10942	0.02561	0.32854	0.12951	0.26375	0.01652	0.00867	0.00249	0.00400	0.01429	0.00753	0.00731
8	0.50651	0.01381	0.01279	0.01081	0.01553	0.01501	0.00887	0.06828	0.01632	0.18436	0.01624	0.01668	0.01156	0.00769	0.00548	0.00225	0.00586	0.00521	0.06744	0.00930
9	0.00941	0.00744	0.00847	0.00843	0.01047	0.00650	0.00624	0.01180	0.01809	0.02335	0.28676	0.13111	0.40964	0.01797	0.00884	0.00250	0.00372	0.01542	0.00734	0.00650
10	0.00927	0.00648	0.00853	0.01018	0.01067	0.00607	0.00681	0.01066	0.01428	0.01936	0.04013	0.70104	0.04769	0.02257	0.00927	0.00295	0.00427	0.02044	0.04325	0.00607
11	0.01078	0.00724	0.00832	0.00832	0.00839	0.00732	0.00477	0.01094	0.01086	0.01456	0.02319	0.04746	0.02650	0.69966	0.07657	0.00747	0.00793	0.01063	0.00447	0.00462
12	0.02822	0.02079	0.02228	0.01708	0.02302	0.02302	0.01411	0.66804	0.03490	0.04679	0.01782	0.01782	0.01262	0.00891	0.00743	0.00223	0.00817	0.00668	0.00743	0.01262
13	0.79154	0.01436	0.01091	0.00976	0.01436	0.01665	0.00804	0.02182	0.01263	0.03331	0.01034	0.01206	0.00804	0.00689	0.00459	0.00230	0.00574	0.00402	0.00459	0.00804
14	0.79154	0.01436	0.01091	0.00976	0.01436	0.01665	0.00804	0.02182	0.01263	0.03331	0.01034	0.01206	0.00804	0.00689	0.00459	0.00230	0.00574	0.00402	0.00459	0.00804
15	0.00910	0.00690	0.00840	0.00936	0.01057	0.00620	0.00651	0.01079	0.01571	0.02033	0.11363	0.46245	0.25103	0.02109	0.00919	0.00279	0.00406	0.01867	0.00701	0.00620
16	0.01985	0.74357	0.03890	0.01270	0.01905	0.02937	0.01270	0.02223	0.01508	0.01747	0.01032	0.01191	0.00953	0.00635	0.00476	0.00159	0.00794	0.00397	0.00318	0.00953
17	0.02190	0.01469	0.01553	0.01261	0.01670	0.01594	0.01019	0.38190	0.02640	0.03838	0.02063	0.02216	0.01544	0.00880	0.00644	0.00201	0.00610	0.00679	0.34727	0.01012
18	0.02692	0.01525	0.01792	0.01457	0.01977	0.01577	0.01177	0.14432	0.26875	0.33930	0.02769	0.02491	0.01900	0.00947	0.00749	0.00237	0.00647	0.00768	0.00828	0.01230
19	0.00913	0.00750	0.00804	0.00799	0.01027	0.00641	0.00596	0.01132	0.01766	0.02199	0.19840	0.09085	0.54230	0.01822	0.00879	0.00249	0.00373	0.01540	0.00715	0.00641
20	0.00907	0.00664	0.00853	0.00995	0.01069	0.00610	0.00674	0.01053	0.01483	0.01954	0.07210	0.62365	0.12962	0.02237	0.00936	0.00292	0.00421	0.02011	0.00694	0.00610
21	0.03132	0.01308	0.01717	0.01346	0.01900	0.01192	0.01102	0.03662	0.10953	0.60848	0.02941	0.02559	0.01895	0.00931	0.00748	0.00233	0.00626	0.00759	0.00897	0.01252
22	0.03846	0.00788	0.01031	0.03280	0.01317	0.00745	0.00782	0.01464	0.01603	0.10387	0.12396	0.48886	0.06768	0.01928	0.00888	0.00278	0.00465	0.01721	0.00715	0.00711
23	0.00915	0.00686	0.00851	0.00970	0.01077	0.00623	0.00677	0.01076	0.01529	0.01978	0.07471	0.51134	0.21494	0.02169	0.00930	0.00287	0.00423	0.04400	0.00694	0.00616
24	0.03073	0.01244	0.01665	0.01302	0.01838	0.01105	0.01066	0.03469	0.05922	0.60887	0.07926	0.02769	0.02253	0.00969	0.00757	0.00231	0.00608	0.00797	0.00902	0.01216
25	0.02097	0.51038	0.03346	0.01463	0.01988	0.09347	0.01346	0.08608	0.01714	0.02048	0.01110	0.01319	0.00986	0.00758	0.00773	0.00190	0.10083	0.00464	0.00367	0.00956
26	0.01728	0.01929	0.11230	0.13624	0.35507	0.01730	0.06569	0.05301	0.06904	0.02469	0.01648	0.05073	0.01370	0.00788	0.00753	0.00235	0.00905	0.00740	0.00418	0.01080
27	0.01198	0.00937	0.01118	0.01084	0.01156	0.03699	0.00766	0.01338	0.01248	0.01730	0.05576	0.06810	0.02504	0.34075	0.22463	0.00728	0.07958	0.00974	0.04042	0.00593
28	0.01006	0.00757	0.00930	0.00887	0.01082	0.00681	0.00665	0.01314	0.01996	0.02727	0.53078	0.05957	0.22970	0.01611	0.00876	0.00238	0.00357	0.01400	0.00784	0.00681
29	0.01792	0.16541	0.02098	0.01233	0.01859	0.08235	0.01031	0.04120	0.01650	0.02295	0.01259	0.01456	0.01061	0.00599	0.00553	0.00131	0.00685	0.00442	0.00419	0.52543
30	0.01687	0.02149	0.19634	0.06217	0.11182	0.01568	0.09703	0.08767	0.04524	0.02628	0.03942	0.04282	0.01465	0.00771	0.00717	0.00209	0.00861	0.00689	0.00450	0.18554
31	0.07844	0.12926	0.04552	0.01711	0.04052	0.23342	0.01380	0.16624	0.04327	0.02644	0.01483	0.05225	0.01272	0.00886	0.00794	0.00214	0.06395	0.00619	0.00481	0.03230
32	0.01517	0.07223	0.47310	0.08442	0.06058	0.01727	0.04995	0.02286	0.03813	0.02349	0.06154	0.01934	0.01436	0.00767	0.00717	0.00232	0.00997	0.00634	0.00370	0.01038
33	0.01914	0.01539	0.04089	0.01356	0.01960	0.01341	0.03950	0.12044	0.09609	0.08436	0.01796	0.01897	0.01366	0.00713	0.00637	0.00168	0.00638	0.00584	0.05307	0.40655
34	0.00884	0.00752	0.00761	0.00759	0.01007	0.00629	0.00569	0.01077	0.01707	0.02040	0.09701	0.07088	0.66777	0.01867	0.00877	0.00250	0.00375	0.01559	0.00694	0.00629
35	0.01894	0.62006	0.12475	0.01358	0.02034	0.02684	0.01433	0.02219	0.01518	0.01869	0.01129	0.01306	0.00991	0.00654	0.00508	0.00169	0.00815	0.00429	0.03545	0.00961
36	0.00904	0.00646	0.00861	0.01034	0.01077	0.00603	0.00689	0.01034	0.01421	0.01895	0.04092	0.73426	0.04910	0.02326	0.00948	0.00301	0.00431	0.02110	0.00689	0.00603
37	0.00926	0.00727	0.00838	0.00894	0.01060	0.00651	0.00648	0.01107	0.01585	0.01992	0.08721	0.26166	0.38404	0.05530	0.03747	0.00328	0.00485	0.04900	0.00672	0.00619
38	0.02773	0.03538	0.02104	0.01913	0.02295	0.70930	0.01434	0.02964	0.02104	0.01817	0.01148	0.01339	0.00956	0.00765	0.00669	0.00191	0.01339	0.00478	0.00383	0.00861
39	0.01051	0.00759	0.00992	0.00934	0.01109	0.00700	0.00700	0.01401	0.02101	0.02977	0.68888	0.05545	0.07005	0.01518	0.00876	0.00233	0.00350	0.01343	0.00817	0.00700
40	0.03331	0.01263	0.01723	0.01321	0.01895	0.01091	0.01091	0.03618	0.02125	0.69794	0.02929	0.02527	0.01838	0.00919	0.00747	0.00230	0.00632	0.00747	0.00919	0.01263
41	0.01080	0.00720	0.00810	0.00810	0.00810	0.00720	0.00450	0.01080	0.01080	0.01439	0.02339	0.04858	0.02699	0.73910	0.03779	0.00720	0.00720	0.01080	0.00450	0.00450
42	0.01737	0.03561	0.58484	0.02037	0.03040	0.04431	0.02503	0.08057	0.01781	0.05517	0.01435	0.01620	0.01009	0.00733	0.00709	0.00232	0.01061	0.00565	0.00380	0.01110
43	0.01866	0.01715	0.05239	0.08293	0.47952	0.01653	0.02009	0.06670	0.01810	0.06389	0.01898	0.05052	0.04491	0.00824	0.00751	0.00228	0.00837	0.00764	0.00449	0.01111
44	0.10808	0.01621	0.06990	0.03817	0.06612	0.04239	0.04245	0.12319	0.03966	0.08085	0.07150	0.08700	0.13169	0.01129	0.00750	0.00234	0.00695	0.00941	0.00600	0.03929
45	0.05981	0.05456	0.06726	0.04183	0.09506	0.17584	0.01393	0.12832	0.06301	0.02694	0.10260	0.02643	0.06906	0.03380	0.00823	0.00236	0.00848	0.00762	0.00536	0.00948

[dist]
# distance from previous block
# <min> <max>
0	40

[block]
# block no. 10 follows, 27 sequences, length 42
# corresponding to MSA columns:
# 650-691
name=unknown_K
#
# <colnr> <probs for GDERKNQSTAVLIFYWHMCP>
#	G	D	E	R	K	N	Q	S	T	A	V	L	I	F	Y	W	H	M	C	P
0	0.05714	0.11675	0.05680	0.01845	0.08508	0.14398	0.06435	0.08985	0.03804	0.05515	0.04033	0.05085	0.01618	0.03908	0.00806	0.00229	0.00856	0.00697	0.05665	0.04545
1	0.01192	0.00794	0.01077	0.01056	0.01140	0.00863	0.00749	0.03924	0.01206	0.01669	0.01921	0.03267	0.01941	0.23967	0.33687	0.18472	0.01278	0.00836	0.00410	0.00551
2	0.02077	0.39370	0.05824	0.01558	0.02081	0.22873	0.04316	0.02334	0.01691	0.01837	0.01417	0.08747	0.01370	0.00851	0.00610	0.00191	0.00952	0.00626	0.00378	0.00897
3	0.01217	0.00846	0.01078	0.00996	0.01208	0.00806	0.00755	0.01697	0.07110	0.06086	0.60819	0.05194	0.06405	0.01451	0.00860	0.00235	0.00381	0.01277	0.00817	0.00763
4	0.01539	0.01319	0.01539	0.01100	0.01759	0.00990	0.00880	0.01869	0.01539	0.02419	0.01319	0.01539	0.01100	0.00550	0.00550	0.00110	0.00550	0.00440	0.00440	0.78449
5	0.01985	0.74357	0.03890	0.01270	0.01905	0.02937	0.01270	0.02223	0.01508	0.01747	0.01032	0.01191	0.00953	0.00635	0.00476	0.00159	0.00794	0.00397	0.00318	0.00953
6	0.01402	0.01319	0.02227	0.72126	0.05113	0.01649	0.02062	0.01897	0.01484	0.01897	0.01319	0.01979	0.00990	0.00742	0.00742	0.00247	0.00990	0.00660	0.00330	0.00825
7	0.01294	0.01191	0.01914	0.02272	0.22397	0.01125	0.08881	0.01613	0.01678	0.02232	0.08978	0.17631	0.22939	0.01416	0.00847	0.00250	0.00643	0.01295	0.00563	0.00841
8	0.01843	0.01569	0.01662	0.01496	0.01904	0.01805	0.01161	0.06623	0.61712	0.03116	0.03019	0.06264	0.02353	0.01068	0.00764	0.00253	0.00590	0.00895	0.00751	0.01150
9	0.58364	0.01575	0.01378	0.01158	0.01654	0.01785	0.00955	0.16964	0.01809	0.06623	0.01289	0.01397	0.00955	0.00745	0.00537	0.00228	0.00632	0.00478	0.00545	0.00929
10	0.01345	0.01213	0.01972	0.33889	0.18309	0.01352	0.01671	0.01717	0.01514	0.02014	0.02304	0.19106	0.05112	0.01348	0.03668	0.00293	0.00846	0.01050	0.00443	0.00836
11	0.02025	0.01891	0.05709	0.06349	0.14253	0.01795	0.30755	0.13300	0.02063	0.08562	0.04556	0.02119	0.01459	0.00749	0.00806	0.00237	0.01005	0.00791	0.00497	0.01079
12	0.02301	0.01684	0.01833	0.01540	0.02027	0.01873	0.01228	0.20953	0.42015	0.12087	0.02674	0.02471	0.01939	0.00964	0.00751	0.00241	0.00655	0.00781	0.00773	0.01210
13	0.01006	0.00705	0.00936	0.01007	0.01064	0.00716	0.00683	0.01129	0.01293	0.01763	0.05847	0.33561	0.03579	0.21589	0.18381	0.03291	0.00879	0.01448	0.00551	0.00572
14	0.01973	0.14545	0.21718	0.03919	0.04719	0.11291	0.03690	0.06364	0.01828	0.09339	0.03716	0.07215	0.01691	0.00936	0.00714	0.00225	0.00919	0.03731	0.00477	0.00993
15	0.01514	0.07427	0.66698	0.02073	0.03147	0.01786	0.02668	0.02344	0.01564	0.02320	0.01317	0.01548	0.00941	0.00702	0.00694	0.00231	0.01082	0.00541	0.00314	0.01090
16	0.00904	0.00650	0.00858	0.01024	0.01074	0.00604	0.00685	0.01035	0.01431	0.01899	0.04212	0.71102	0.07156	0.02310	0.00945	0.00300	0.00429	0.02091	0.00689	0.00604
17	0.01563	0.01583	0.04470	0.09631	0.25038	0.01536	0.18419	0.02118	0.06304	0.02294	0.02113	0.17446	0.02024	0.01046	0.00819	0.00251	0.00875	0.01040	0.00462	0.00971
18	0.01952	0.01606	0.02589	0.24352	0.10391	0.03395	0.15499	0.10749	0.01920	0.11195	0.01857	0.07823	0.01503	0.00881	0.00785	0.00243	0.00928	0.00832	0.00505	0.00996
19	0.00896	0.00680	0.00827	0.00944	0.01053	0.00610	0.00649	0.01044	0.01507	0.01930	0.05178	0.52426	0.25209	0.02185	0.00925	0.00285	0.00413	0.01938	0.00689	0.00610
20	0.01475	0.01003	0.03675	0.12428	0.03651	0.01000	0.00980	0.01841	0.01526	0.05577	0.02125	0.02602	0.01691	0.03679	0.04344	0.00268	0.03094	0.00701	0.47580	0.00762
21	0.01539	0.01319	0.01539	0.01100	0.01759	0.00990	0.00880	0.01869	0.01539	0.02419	0.01319	0.01539	0.01100	0.00550	0.00550	0.00110	0.00550	0.00440	0.00440	0.78449
22	0.02328	0.05106	0.16762	0.04522	0.04582	0.30519	0.07299	0.06705	0.04758	0.08276	0.01503	0.01670	0.01127	0.00764	0.00708	0.00215	0.01112	0.00587	0.00448	0.01007
23	0.01402	0.01319	0.02227	0.72126	0.05113	0.01649	0.02062	0.01897	0.01484	0.01897	0.01319	0.01979	0.00990	0.00742	0.00742	0.00247	0.00990	0.00660	0.00330	0.00825
24	0.01824	0.05541	0.09940	0.05165	0.31193	0.07535	0.10942	0.02357	0.04728	0.02308	0.01450	0.01831	0.01176	0.00747	0.00863	0.00229	0.06728	0.00660	0.03737	0.01046
25	0.01263	0.00659	0.00978	0.00978	0.00988	0.00669	0.00658	0.00999	0.00989	0.01328	0.01386	0.02415	0.01391	0.05776	0.08072	0.69341	0.00749	0.00674	0.00333	0.00353
26	0.02400	0.02933	0.02303	0.05412	0.04796	0.49783	0.07395	0.02660	0.01950	0.01951	0.04732	0.01690	0.01299	0.00830	0.00846	0.00213	0.06950	0.00588	0.00397	0.00870
27	0.01077	0.00742	0.00871	0.00873	0.00917	0.00727	0.00527	0.01123	0.01154	0.01562	0.02511	0.13900	0.02880	0.57286	0.06606	0.00658	0.00736	0.01175	0.00479	0.04198
28	0.01034	0.00790	0.01031	0.01108	0.04656	0.00725	0.00756	0.01320	0.01884	0.02577	0.42549	0.17705	0.17729	0.01683	0.00881	0.00248	0.00397	0.01485	0.00747	0.00694
29	0.01609	0.03430	0.52987	0.02381	0.06140	0.05049	0.13290	0.02382	0.01629	0.02333	0.01354	0.01641	0.00982	0.00693	0.00733	0.00235	0.01125	0.00605	0.00329	0.01073
30	0.01069	0.00799	0.00932	0.00882	0.01099	0.00730	0.00666	0.03615	0.01972	0.02673	0.40569	0.05839	0.29005	0.01591	0.00852	0.00236	0.00376	0.01364	0.05037	0.00693
31	0.02636	0.15842	0.02414	0.01801	0.02227	0.59117	0.01406	0.02836	0.02000	0.01805	0.01127	0.01313	0.00956	0.00742	0.00636	0.00186	0.01244	0.00464	0.00371	0.00877
32	0.01020	0.00758	0.00950	0.00902	0.01090	0.00687	0.00676	0.01341	0.02029	0.02805	0.58002	0.05829	0.17998	0.01582	0.00876	0.00237	0.00355	0.01382	0.00795	0.00687
33	0.05957	0.01693	0.01787	0.01498	0.01991	0.01879	0.01193	0.20992	0.40297	0.03483	0.02413	0.02298	0.01801	0.00914	0.00717	0.00229	0.00646	0.00731	0.00706	0.08774
