[name]
unknown

[dist]
# distance from previous block
# <min> <max>
0	38

[block]
# block no. 0 follows, 39 sequences, length 18
# corresponding to MSA columns:
# 39-56
name=unknown_A
#
# <colnr> <probs for GDERKNQSTAVLIFYWHMCP>
#	G	D	E	R	K	N	Q	S	T	A	V	L	I	F	Y	W	H	M	C	P
0	0.03458	0.00627	0.00779	0.00752	0.00907	0.00584	0.00577	0.01107	0.01582	0.02223	0.57349	0.04666	0.15081	0.01262	0.00697	0.00195	0.00309	0.06675	0.00619	0.00551
1	0.00705	0.00599	0.00608	0.00606	0.00803	0.00502	0.00454	0.00861	0.01363	0.01633	0.09168	0.05633	0.72088	0.01484	0.00699	0.00199	0.00299	0.01240	0.00554	0.00502
2	0.00846	0.00630	0.00934	0.00934	0.01033	0.00730	0.00718	0.01045	0.00945	0.01360	0.01599	0.02408	0.01515	0.08545	0.72813	0.00930	0.01528	0.00646	0.00319	0.00519
3	0.79623	0.01167	0.00911	0.00805	0.01176	0.01350	0.00663	0.05076	0.01089	0.02703	0.00851	0.00982	0.00657	0.00556	0.00376	0.00183	0.00466	0.00330	0.00376	0.00657
4	0.00821	0.00604	0.00769	0.00727	0.00874	0.00551	0.00546	0.01085	0.01637	0.02283	0.67284	0.04563	0.13567	0.01242	0.00698	0.00188	0.00281	0.01090	0.00639	0.00551
5	0.00845	0.00634	0.00950	0.00950	0.01056	0.00739	0.00739	0.01056	0.00950	0.01373	0.01584	0.02323	0.01478	0.04435	0.76873	0.00950	0.01584	0.00634	0.00317	0.00528
6	0.00699	0.00599	0.00599	0.00599	0.00799	0.00499	0.00449	0.00849	0.01348	0.01598	0.05991	0.05691	0.75288	0.01498	0.00699	0.00200	0.00300	0.01248	0.00549	0.00499
7	0.00831	0.00604	0.00782	0.00737	0.00880	0.00555	0.00553	0.01104	0.01659	0.02336	0.72065	0.04475	0.08752	0.01222	0.00698	0.00187	0.00280	0.01078	0.00646	0.00555
8	0.02245	0.01733	0.01768	0.01371	0.01834	0.06770	0.01125	0.68870	0.02708	0.03577	0.01387	0.01397	0.00990	0.00703	0.00588	0.00176	0.00678	0.00522	0.00573	0.00985
9	0.01464	0.01405	0.02400	0.03630	0.75528	0.01405	0.01815	0.01815	0.01347	0.01932	0.01112	0.01464	0.00937	0.00527	0.00585	0.00176	0.00703	0.00527	0.00293	0.00937
10	0.02248	0.01656	0.01775	0.01361	0.01834	0.01834	0.01124	0.73556	0.02780	0.03727	0.01420	0.01420	0.01006	0.00710	0.00592	0.00177	0.00651	0.00532	0.00592	0.01006
11	0.83394	0.01144	0.00869	0.00778	0.01144	0.01327	0.00640	0.01738	0.01006	0.02653	0.00823	0.00961	0.00640	0.00549	0.00366	0.00183	0.00457	0.00320	0.00366	0.00640
12	0.83394	0.01144	0.00869	0.00778	0.01144	0.01327	0.00640	0.01738	0.01006	0.02653	0.00823	0.00961	0.00640	0.00549	0.00366	0.00183	0.00457	0.00320	0.00366	0.00640
13	0.00721	0.00515	0.00686	0.00823	0.00858	0.00480	0.00549	0.00823	0.01132	0.01510	0.03259	0.78831	0.03911	0.01853	0.00755	0.00240	0.00343	0.01681	0.00549	0.00480
14	0.00699	0.00599	0.00599	0.00599	0.00799	0.00499	0.00449	0.00849	0.01348	0.01598	0.05991	0.05691	0.75288	0.01498	0.00699	0.00200	0.00300	0.01248	0.00549	0.00499
15	0.00857	0.00583	0.00696	0.00696	0.00714	0.00601	0.00422	0.00893	0.00875	0.01184	0.01817	0.03612	0.02038	0.66740	0.15333	0.00636	0.00742	0.00822	0.00351	0.00387
16	0.02090	0.02625	0.01755	0.01562	0.01847	0.66778	0.03791	0.02253	0.01591	0.01461	0.00911	0.01108	0.00768	0.00647	0.00677	0.00164	0.08580	0.00406	0.00300	0.00686
17	0.00986	0.00868	0.01210	0.01145	0.01190	0.01092	0.00898	0.01129	0.01003	0.01444	0.01933	0.24874	0.04944	0.02149	0.20279	0.00424	0.32576	0.00924	0.00372	0.00561

[dist]
# distance from previous block
# <min> <max>
0	2

[block]
# block no. 1 follows, 39 sequences, length 16
# corresponding to MSA columns:
# 59-74
name=unknown_B
#
# <colnr> <probs for GDERKNQSTAVLIFYWHMCP>
#	G	D	E	R	K	N	Q	S	T	A	V	L	I	F	Y	W	H	M	C	P
0	0.01581	0.79572	0.03099	0.01012	0.01518	0.02340	0.01012	0.01771	0.01202	0.01391	0.00822	0.00949	0.00759	0.00506	0.00379	0.00126	0.00632	0.00316	0.00253	0.00759
1	0.01459	0.01513	0.01792	0.01540	0.01602	0.11786	0.01266	0.04826	0.01093	0.01531	0.00824	0.01269	0.00785	0.00964	0.01692	0.00241	0.64369	0.00500	0.00280	0.00668
2	0.02174	0.02668	0.01689	0.01513	0.01817	0.68089	0.01148	0.07641	0.01726	0.01617	0.00946	0.01102	0.00781	0.00635	0.00597	0.00159	0.04271	0.00398	0.00324	0.00708
3	0.00806	0.00598	0.00751	0.00724	0.00867	0.00543	0.00539	0.01051	0.01583	0.02183	0.58729	0.09435	0.17400	0.01300	0.00701	0.00192	0.00287	0.01140	0.00627	0.00543
4	0.01204	0.01023	0.01194	0.00879	0.01364	0.00798	0.00699	0.01529	0.04417	0.01988	0.07378	0.01538	0.01314	0.00519	0.00467	0.00101	0.00426	0.00425	0.00387	0.72352
5	0.01429	0.01430	0.02259	0.21138	0.49367	0.06665	0.05615	0.01785	0.01333	0.01795	0.01088	0.01470	0.00887	0.00547	0.00589	0.00180	0.00765	0.00526	0.00287	0.00845
6	0.00811	0.00655	0.00727	0.00704	0.00891	0.00600	0.00529	0.01131	0.07630	0.01926	0.28589	0.06929	0.44035	0.01353	0.00692	0.00196	0.00308	0.01151	0.00587	0.00555
7	0.01129	0.02658	0.63830	0.01532	0.02285	0.01240	0.01919	0.01749	0.01318	0.01954	0.13186	0.01767	0.01539	0.00668	0.00584	0.00187	0.00777	0.00540	0.00315	0.00822
8	0.01634	0.01718	0.01640	0.01467	0.03622	0.23728	0.04367	0.05081	0.24478	0.01954	0.06693	0.01760	0.01458	0.00798	0.00869	0.00196	0.16768	0.00573	0.00424	0.00772
9	0.01147	0.02844	0.69774	0.01613	0.02416	0.01298	0.02047	0.01784	0.01239	0.01842	0.01247	0.07806	0.01016	0.00671	0.00578	0.00192	0.00829	0.00542	0.00275	0.00841
10	0.01315	0.01213	0.02022	0.13450	0.48666	0.01265	0.03033	0.01645	0.01302	0.01867	0.04377	0.05855	0.01306	0.00667	0.00644	0.00184	0.03691	0.00617	0.06067	0.00816
11	0.01490	0.01278	0.01445	0.01341	0.05612	0.01429	0.02571	0.08462	0.57194	0.02488	0.03834	0.02179	0.03376	0.00784	0.00600	0.00193	0.00498	0.00660	0.00568	0.03996
12	0.00875	0.00645	0.02795	0.00683	0.00715	0.00601	0.00425	0.00910	0.00885	0.01204	0.01833	0.03697	0.02070	0.72257	0.05424	0.00564	0.00609	0.00832	0.02595	0.00384
13	0.07789	0.01732	0.01677	0.01651	0.13090	0.18660	0.01145	0.24091	0.13449	0.06528	0.01410	0.01465	0.01061	0.00655	0.00559	0.00173	0.00697	0.00502	0.00466	0.03199
14	0.00946	0.00692	0.00940	0.00911	0.01019	0.00779	0.00682	0.06084	0.01058	0.01487	0.01634	0.02603	0.01594	0.20759	0.55156	0.00813	0.01295	0.00677	0.00345	0.00524
15	0.01226	0.01051	0.01226	0.00876	0.01401	0.00788	0.00701	0.01489	0.01226	0.01927	0.01051	0.01226	0.00876	0.00438	0.00438	0.00088	0.00438	0.00350	0.00350	0.82832

[dist]
# distance from previous block
# <min> <max>
0	2

[block]
# block no. 2 follows, 39 sequences, length 44
# corresponding to MSA columns:
# 77-120
name=unknown_C
#
# <colnr> <probs for GDERKNQSTAVLIFYWHMCP>
#	G	D	E	R	K	N	Q	S	T	A	V	L	I	F	Y	W	H	M	C	P
0	0.00723	0.00525	0.00683	0.00802	0.00854	0.00485	0.00541	0.00837	0.01171	0.01551	0.06316	0.70074	0.09657	0.01799	0.00748	0.00235	0.00337	0.01623	0.00553	0.00485
1	0.01553	0.68578	0.11494	0.01104	0.01647	0.04326	0.01151	0.01799	0.01220	0.01449	0.00852	0.00987	0.00758	0.00515	0.00405	0.00134	0.00673	0.00332	0.00254	0.00770
2	0.00761	0.00610	0.00727	0.00757	0.00872	0.00584	0.00547	0.00898	0.01233	0.01579	0.08741	0.30897	0.35923	0.04750	0.03617	0.00258	0.04912	0.01309	0.00523	0.00500
3	0.01414	0.01334	0.02140	0.03026	0.57305	0.03042	0.03129	0.04294	0.01422	0.01989	0.06525	0.02037	0.03341	0.00674	0.00634	0.00183	0.02082	0.04213	0.00348	0.00867
4	0.00721	0.00515	0.00686	0.00823	0.00858	0.00480	0.00549	0.00823	0.01132	0.01510	0.03259	0.78831	0.03911	0.01853	0.00755	0.00240	0.00343	0.01681	0.00549	0.00480
5	0.01377	0.18770	0.13896	0.06076	0.01880	0.08942	0.08414	0.04439	0.02860	0.03665	0.14095	0.02171	0.07796	0.00762	0.00601	0.00174	0.02341	0.00625	0.00387	0.00729
6	0.00943	0.00768	0.00936	0.00921	0.01032	0.05815	0.00694	0.01133	0.01068	0.01469	0.09084	0.02641	0.01932	0.13047	0.53176	0.00755	0.01263	0.00687	0.02114	0.00521
7	0.01367	0.10147	0.55701	0.01632	0.02401	0.03431	0.06095	0.08949	0.01415	0.02000	0.01078	0.01252	0.00784	0.00569	0.00555	0.00180	0.00841	0.00449	0.00288	0.00867
8	0.02016	0.02365	0.01652	0.01558	0.07083	0.55732	0.01115	0.03848	0.01608	0.03681	0.01001	0.01154	0.00817	0.00583	0.00525	0.00145	0.00917	0.00396	0.00329	0.13475
9	0.01464	0.01405	0.02400	0.03630	0.75528	0.01405	0.01815	0.01815	0.01347	0.01932	0.01112	0.01464	0.00937	0.00527	0.00585	0.00176	0.00703	0.00527	0.00293	0.00937
10	0.01429	0.01333	0.02258	0.09499	0.57546	0.01355	0.05852	0.04042	0.01374	0.01971	0.01181	0.01533	0.00966	0.00548	0.00580	0.00176	0.00694	0.00539	0.06245	0.00879
11	0.00760	0.00599	0.00686	0.00668	0.00838	0.00525	0.00500	0.00966	0.01486	0.01936	0.36421	0.06934	0.42817	0.01379	0.00700	0.00195	0.00292	0.01180	0.00594	0.00525
12	0.01266	0.00947	0.01132	0.01027	0.03547	0.00975	0.00773	0.20549	0.05839	0.02697	0.46537	0.03473	0.05501	0.01046	0.00663	0.00186	0.00407	0.02110	0.00617	0.00708
13	0.00837	0.00604	0.00790	0.00744	0.00883	0.00558	0.00558	0.01116	0.01674	0.02371	0.75216	0.04417	0.05580	0.01209	0.00697	0.00186	0.00279	0.01069	0.00651	0.00558
14	0.01960	0.01454	0.09329	0.01180	0.01617	0.05115	0.01041	0.25247	0.03326	0.25060	0.13444	0.02216	0.04717	0.00806	0.00607	0.00182	0.00576	0.00648	0.00591	0.00884
15	0.00860	0.00573	0.00645	0.00645	0.00645	0.00573	0.00358	0.00860	0.00860	0.01147	0.01863	0.03870	0.02150	0.79217	0.03010	0.00573	0.00573	0.00860	0.00358	0.00358
16	0.71433	0.01390	0.00988	0.00888	0.01245	0.12453	0.00714	0.01830	0.01105	0.02476	0.00837	0.00976	0.00658	0.00558	0.00391	0.00178	0.00547	0.00329	0.00357	0.00647
17	0.01403	0.01564	0.04977	0.11598	0.04998	0.01486	0.57299	0.05554	0.01437	0.01943	0.01185	0.01572	0.00887	0.00523	0.00673	0.00197	0.00943	0.00657	0.00308	0.00797
18	0.01239	0.01180	0.01975	0.49176	0.26536	0.01376	0.01674	0.01601	0.01216	0.01638	0.01052	0.01522	0.00835	0.00601	0.00680	0.00194	0.05963	0.00525	0.00272	0.00745
19	0.01618	0.75094	0.03016	0.01042	0.01536	0.06687	0.01020	0.01805	0.01229	0.01395	0.00828	0.00956	0.00759	0.00512	0.00388	0.00128	0.00658	0.00320	0.00256	0.00755
20	0.83394	0.01144	0.00869	0.00778	0.01144	0.01327	0.00640	0.01738	0.01006	0.02653	0.00823	0.00961	0.00640	0.00549	0.00366	0.00183	0.00457	0.00320	0.00366	0.00640
21	0.00717	0.00600	0.00625	0.00618	0.00810	0.00507	0.00464	0.00884	0.01392	0.01701	0.15247	0.05521	0.65967	0.01459	0.00699	0.00198	0.00297	0.01224	0.00563	0.00507
22	0.01646	0.01869	0.01593	0.01513	0.04481	0.37734	0.04848	0.01891	0.03338	0.01578	0.01493	0.02479	0.01433	0.01153	0.06282	0.00253	0.09404	0.15992	0.00360	0.00661
23	0.00837	0.00604	0.00790	0.00744	0.00883	0.00558	0.00558	0.01116	0.01674	0.02371	0.75216	0.04417	0.05580	0.01209	0.00697	0.00186	0.00279	0.01069	0.00651	0.00558
24	0.81054	0.01158	0.00895	0.00795	0.01164	0.01341	0.00654	0.03809	0.01058	0.02684	0.00841	0.00974	0.00651	0.00554	0.00372	0.00183	0.00463	0.00326	0.00372	0.00651
25	0.01294	0.01294	0.01811	0.01553	0.01553	0.01811	0.01294	0.01423	0.00906	0.01423	0.00776	0.01294	0.00776	0.01035	0.01941	0.00259	0.78134	0.00518	0.00259	0.00647
26	0.00934	0.00699	0.00915	0.00849	0.00988	0.00712	0.00657	0.01233	0.03604	0.03674	0.60093	0.04132	0.06690	0.01196	0.00816	0.00197	0.07717	0.03703	0.00607	0.00584
27	0.00721	0.00515	0.00686	0.00823	0.00858	0.00480	0.00549	0.00823	0.01132	0.01510	0.03259	0.78831	0.03911	0.01853	0.00755	0.00240	0.00343	0.01681	0.00549	0.00480
28	0.01013	0.00804	0.00988	0.00954	0.01142	0.00833	0.02270	0.04511	0.17419	0.02001	0.16158	0.20705	0.13149	0.01579	0.07132	0.00276	0.00503	0.07371	0.00555	0.00635
29	0.11316	0.01255	0.05814	0.01116	0.01577	0.01134	0.00965	0.15141	0.03860	0.46479	0.01911	0.01761	0.01260	0.00804	0.02714	0.00204	0.00576	0.00547	0.00623	0.00943
30	0.00813	0.00602	0.00763	0.00731	0.00875	0.00552	0.00547	0.01065	0.01587	0.02199	0.60407	0.06912	0.15867	0.01366	0.02909	0.00212	0.00322	0.01103	0.00623	0.00546
31	0.02177	0.06791	0.01750	0.01497	0.01812	0.72986	0.01136	0.02331	0.01651	0.01444	0.00909	0.01060	0.00762	0.00604	0.00525	0.00151	0.01044	0.00378	0.00302	0.00689
32	0.74463	0.01187	0.01001	0.00959	0.05034	0.01360	0.00729	0.05893	0.01127	0.02678	0.00873	0.01013	0.00677	0.00557	0.00390	0.00182	0.00481	0.00343	0.00375	0.00677
33	0.01294	0.01059	0.03267	0.00987	0.01277	0.04434	0.02570	0.15951	0.03532	0.06465	0.07191	0.06607	0.30732	0.01179	0.00666	0.00199	0.00485	0.09103	0.02324	0.00678
34	0.05799	0.01107	0.01370	0.01041	0.01497	0.00980	0.05598	0.07446	0.07160	0.05818	0.06208	0.04365	0.01396	0.00614	0.00513	0.00133	0.00485	0.00519	0.00433	0.47517
35	0.00889	0.00617	0.00794	0.00745	0.00899	0.00563	0.00560	0.01152	0.01637	0.04933	0.65528	0.06055	0.10935	0.01229	0.00695	0.00188	0.00290	0.01080	0.00644	0.00568
36	0.01806	0.01847	0.01497	0.01371	0.03780	0.29548	0.01028	0.09798	0.32186	0.03743	0.01916	0.01875	0.05504	0.00751	0.00580	0.00179	0.00708	0.00575	0.00481	0.00826
37	0.75803	0.01255	0.00948	0.00841	0.01208	0.05484	0.00687	0.04554	0.01112	0.02629	0.00852	0.00984	0.00661	0.00559	0.00384	0.00181	0.00498	0.00332	0.00371	0.00657
38	0.07322	0.01168	0.01586	0.35253	0.06245	0.06050	0.04577	0.01862	0.08363	0.08793	0.07045	0.01851	0.01360	0.00669	0.00575	0.00187	0.00661	0.00573	0.05137	0.00724
39	0.01399	0.01680	0.15820	0.01836	0.04356	0.01386	0.29766	0.02257	0.23306	0.04960	0.05762	0.01887	0.01430	0.00651	0.00637	0.00195	0.00748	0.00654	0.00417	0.00851
40	0.00823	0.00619	0.00776	0.00873	0.00959	0.00610	0.00617	0.01121	0.09603	0.01645	0.03311	0.60483	0.07796	0.01695	0.00738	0.00236	0.00370	0.06632	0.00555	0.00539
41	0.01380	0.29923	0.46584	0.01432	0.02155	0.01738	0.01717	0.05547	0.01311	0.01799	0.00996	0.01152	0.00766	0.00550	0.00499	0.00165	0.00777	0.00399	0.00269	0.00840
42	0.01607	0.76463	0.03041	0.01033	0.01530	0.05358	0.01017	0.01795	0.01221	0.01394	0.00826	0.00953	0.00759	0.00510	0.00386	0.00128	0.00650	0.00319	0.00255	0.00756
43	0.75707	0.01315	0.05290	0.00857	0.01251	0.04018	0.00748	0.01768	0.01044	0.02565	0.00841	0.00981	0.00651	0.00552	0.00383	0.00182	0.00503	0.00329	0.00357	0.00656

[dist]
# distance from previous block
# <min> <max>
0	3

[block]
# block no. 3 follows, 39 sequences, length 138
# corresponding to MSA columns:
# 124-261
name=unknown_D
#
# <colnr> <probs for GDERKNQSTAVLIFYWHMCP>
#	G	D	E	R	K	N	Q	S	T	A	V	L	I	F	Y	W	H	M	C	P
0	0.01172	0.01122	0.01944	0.65163	0.11947	0.01335	0.05853	0.01567	0.01213	0.01580	0.01066	0.01565	0.00811	0.00579	0.00597	0.00195	0.00791	0.00536	0.00268	0.00696
1	0.01614	0.75603	0.03025	0.01038	0.01534	0.06193	0.01019	0.01801	0.01226	0.01394	0.00827	0.00955	0.00759	0.00511	0.00387	0.00128	0.00655	0.00320	0.00256	0.00755
2	0.01298	0.00709	0.00926	0.00812	0.01039	0.00634	0.00630	0.01553	0.01652	0.21441	0.50610	0.03896	0.10200	0.01108	0.00671	0.00186	0.00339	0.00961	0.00664	0.00670
3	0.00968	0.00764	0.01133	0.05045	0.14439	0.00764	0.02765	0.01109	0.01096	0.01479	0.02157	0.24947	0.02414	0.28346	0.01544	0.02555	0.00548	0.06984	0.00408	0.00537
4	0.01359	0.19603	0.44268	0.01566	0.04296	0.01592	0.05388	0.02012	0.09153	0.03676	0.01194	0.01328	0.00896	0.00575	0.00534	0.00175	0.00769	0.00455	0.00304	0.00856
5	0.00867	0.00648	0.00807	0.00825	0.00961	0.00625	0.00627	0.01182	0.06596	0.01963	0.32572	0.16603	0.13674	0.05953	0.00856	0.00235	0.00369	0.13505	0.00582	0.00551
6	0.00713	0.00543	0.00657	0.00748	0.00838	0.00487	0.00515	0.00832	0.01205	0.01539	0.04183	0.54105	0.28041	0.01733	0.00736	0.00226	0.00328	0.01535	0.00549	0.00487
7	0.04229	0.04669	0.62133	0.01719	0.04227	0.05309	0.05910	0.01891	0.01271	0.01870	0.01048	0.01246	0.00759	0.00558	0.00557	0.00184	0.00866	0.00443	0.00261	0.00850
8	0.01956	0.10310	0.02036	0.03320	0.10226	0.28807	0.07622	0.09635	0.05156	0.11013	0.01250	0.01372	0.00957	0.00627	0.00600	0.00169	0.03255	0.00482	0.00392	0.00815
9	0.01476	0.01437	0.09783	0.01932	0.24413	0.01155	0.04574	0.05861	0.03218	0.07737	0.01231	0.01414	0.00958	0.00528	0.00533	0.00146	0.00609	0.00467	0.00369	0.32158
10	0.01384	0.13586	0.51492	0.01612	0.04264	0.03505	0.03385	0.08327	0.03583	0.01980	0.01100	0.01259	0.00814	0.00573	0.00543	0.00177	0.00811	0.00442	0.00295	0.00867
11	0.02139	0.02663	0.01619	0.01472	0.01769	0.70760	0.01105	0.04043	0.01676	0.01529	0.01015	0.02979	0.00867	0.00644	0.00536	0.00155	0.01014	0.00421	0.02909	0.00684
12	0.00849	0.00615	0.00857	0.00857	0.00931	0.00689	0.00623	0.00996	0.00923	0.01304	0.01669	0.02795	0.01683	0.27227	0.54361	0.00835	0.01276	0.00703	0.00329	0.00476
13	0.01226	0.01051	0.01226	0.00876	0.01401	0.00788	0.00701	0.01489	0.01226	0.01927	0.01051	0.01226	0.00876	0.00438	0.00438	0.00088	0.00438	0.00350	0.00350	0.82832
14	0.00740	0.00560	0.00684	0.00747	0.00853	0.00504	0.00529	0.00892	0.01299	0.01696	0.16896	0.41700	0.25923	0.01625	0.00729	0.00219	0.00323	0.03011	0.00567	0.00501
15	0.01934	0.01962	0.01659	0.03315	0.04467	0.30903	0.02528	0.21256	0.19154	0.02348	0.03645	0.01567	0.01227	0.00694	0.00576	0.00174	0.00770	0.00525	0.00460	0.00836
16	0.00720	0.00517	0.00684	0.00817	0.00856	0.00481	0.00546	0.00824	0.01139	0.01512	0.03341	0.76637	0.06052	0.01842	0.00753	0.00239	0.00342	0.01668	0.00549	0.00481
17	0.01434	0.01394	0.02297	0.13531	0.60154	0.03273	0.03607	0.01825	0.03292	0.01876	0.01136	0.01492	0.00935	0.00544	0.00588	0.00179	0.00725	0.00531	0.00297	0.00889
18	0.00860	0.00573	0.00645	0.00645	0.00645	0.00573	0.00358	0.00860	0.00860	0.01147	0.01863	0.03870	0.02150	0.79217	0.03010	0.00573	0.00573	0.00860	0.00358	0.00358
19	0.34414	0.01341	0.03039	0.01037	0.01432	0.01457	0.00867	0.31049	0.06120	0.03012	0.01288	0.01366	0.00958	0.00645	0.00482	0.00177	0.00527	0.00456	0.09531	0.00803
20	0.01127	0.01062	0.01792	0.75602	0.06187	0.01317	0.01647	0.01520	0.01187	0.01523	0.01053	0.01573	0.00793	0.00589	0.00591	0.00196	0.00786	0.00526	0.00264	0.00665
21	0.01564	0.01054	0.01266	0.00937	0.01424	0.00854	0.00754	0.06034	0.01426	0.17553	0.03377	0.03248	0.01202	0.00568	0.00494	0.00119	0.00458	0.00462	0.00457	0.56751
22	0.01372	0.01312	0.02235	0.23229	0.56645	0.01381	0.01769	0.01735	0.01303	0.01821	0.01096	0.01494	0.00898	0.00544	0.00587	0.00181	0.00725	0.00527	0.00285	0.00863
23	0.01163	0.00711	0.00985	0.01043	0.01219	0.00688	0.00891	0.01423	0.01425	0.11798	0.09483	0.08559	0.03356	0.01482	0.00774	0.00251	0.00508	0.53054	0.00579	0.00606
24	0.01501	0.01285	0.01354	0.01210	0.01549	0.01485	0.00943	0.05890	0.71662	0.02523	0.02368	0.02176	0.01774	0.00799	0.00601	0.00200	0.00475	0.00663	0.00601	0.00939
25	0.01471	0.01270	0.01337	0.01203	0.01538	0.01471	0.00936	0.03142	0.74459	0.02474	0.02407	0.02206	0.01805	0.00802	0.00602	0.00201	0.00468	0.00669	0.00602	0.00936
26	0.02209	0.02819	0.01676	0.01524	0.01828	0.76843	0.01143	0.02361	0.01676	0.01447	0.00914	0.01066	0.00762	0.00609	0.00533	0.00152	0.01066	0.00381	0.00305	0.00686
27	0.01198	0.05345	0.73970	0.01665	0.02528	0.01402	0.02150	0.01870	0.01247	0.01858	0.01054	0.01240	0.00749	0.00560	0.00556	0.00185	0.00867	0.00433	0.00250	0.00871
28	0.01464	0.01405	0.02400	0.03630	0.75528	0.01405	0.01815	0.01815	0.01347	0.01932	0.01112	0.01464	0.00937	0.00527	0.00585	0.00176	0.00703	0.00527	0.00293	0.00937
29	0.00699	0.00599	0.00599	0.00599	0.00799	0.00499	0.00449	0.00849	0.01348	0.01598	0.05991	0.05691	0.75288	0.01498	0.00699	0.00200	0.00300	0.01248	0.00549	0.00499
30	0.00857	0.00578	0.00665	0.00658	0.00677	0.00571	0.00386	0.00895	0.00971	0.01314	0.11857	0.03945	0.02617	0.68589	0.02695	0.00521	0.00533	0.00889	0.00398	0.00386
31	0.00746	0.00555	0.00792	0.00886	0.00942	0.00519	0.03292	0.00864	0.01142	0.01524	0.03182	0.75922	0.03798	0.01802	0.00753	0.00239	0.00368	0.01644	0.00540	0.00492
32	0.02653	0.01006	0.01372	0.01052	0.01510	0.00869	0.00869	0.02882	0.01693	0.75937	0.02333	0.02013	0.01464	0.00732	0.00595	0.00183	0.00503	0.00595	0.00732	0.01006
33	0.02248	0.01656	0.01775	0.01361	0.01834	0.01834	0.01124	0.73556	0.02780	0.03727	0.01420	0.01420	0.01006	0.00710	0.00592	0.00177	0.00651	0.00532	0.00592	0.01006
34	0.00972	0.00703	0.00967	0.01093	0.01237	0.00710	0.00952	0.01297	0.04114	0.01796	0.03104	0.06503	0.03343	0.01602	0.00809	0.00270	0.00542	0.68878	0.00547	0.00559
35	0.00860	0.00573	0.00645	0.00645	0.00645	0.00573	0.00358	0.00860	0.00860	0.01147	0.01863	0.03870	0.02150	0.79217	0.03010	0.00573	0.00573	0.00860	0.00358	0.00358
36	0.00845	0.00634	0.00950	0.00950	0.01056	0.00739	0.00739	0.01056	0.00950	0.01373	0.01584	0.02323	0.01478	0.04435	0.76873	0.00950	0.01584	0.00634	0.00317	0.00528
37	0.01226	0.01051	0.01226	0.00876	0.01401	0.00788	0.00701	0.01489	0.01226	0.01927	0.01051	0.01226	0.00876	0.00438	0.00438	0.00088	0.00438	0.00350	0.00350	0.82832
38	0.00721	0.00515	0.00686	0.00823	0.00858	0.00480	0.00549	0.00823	0.01132	0.01510	0.03259	0.78831	0.03911	0.01853	0.00755	0.00240	0.00343	0.01681	0.00549	0.00480
39	0.00859	0.00576	0.00657	0.00657	0.00660	0.00580	0.00373	0.00867	0.00863	0.01155	0.01853	0.03812	0.02125	0.76401	0.05792	0.00588	0.00611	0.00851	0.00357	0.00365
40	0.02653	0.01006	0.01372	0.01052	0.01510	0.00869	0.00869	0.02882	0.01693	0.75937	0.02333	0.02013	0.01464	0.00732	0.00595	0.00183	0.00503	0.00595	0.00732	0.01006
41	0.00710	0.00579	0.00620	0.00651	0.00806	0.00498	0.00468	0.00843	0.01281	0.01561	0.05223	0.22018	0.56534	0.04504	0.00798	0.00223	0.00320	0.01331	0.00542	0.00490
42	0.02653	0.01006	0.01372	0.01052	0.01510	0.00869	0.00869	0.02882	0.01693	0.75937	0.02333	0.02013	0.01464	0.00732	0.00595	0.00183	0.00503	0.00595	0.00732	0.01006
43	0.02213	0.01632	0.01748	0.01343	0.01810	0.01803	0.01109	0.71891	0.02748	0.03678	0.01524	0.01518	0.02707	0.00728	0.00594	0.00178	0.00643	0.00549	0.00591	0.00994
44	0.01396	0.01595	0.03490	0.02493	0.03091	0.01496	0.73380	0.01894	0.01396	0.01894	0.01196	0.01595	0.00897	0.00499	0.00698	0.00199	0.00997	0.00698	0.00299	0.00798
45	0.00724	0.00517	0.00689	0.00821	0.00859	0.00483	0.00549	0.00832	0.01149	0.01536	0.05432	0.76584	0.03962	0.01833	0.00753	0.00239	0.00341	0.01663	0.00552	0.00483
46	0.02248	0.01656	0.01775	0.01361	0.01834	0.01834	0.01124	0.73556	0.02780	0.03727	0.01420	0.01420	0.01006	0.00710	0.00592	0.00177	0.00651	0.00532	0.00592	0.01006
47	0.01226	0.01051	0.01226	0.00876	0.01401	0.00788	0.00701	0.01489	0.01226	0.01927	0.01051	0.01226	0.00876	0.00438	0.00438	0.00088	0.00438	0.00350	0.00350	0.82832
48	0.01156	0.02760	0.65882	0.01620	0.02413	0.01296	0.04800	0.01792	0.01288	0.01902	0.06524	0.01609	0.03097	0.00631	0.00581	0.00188	0.00821	0.00514	0.00288	0.00838
49	0.01239	0.01082	0.01225	0.00890	0.01399	0.02624	0.00708	0.01495	0.01235	0.01906	0.01098	0.03002	0.00943	0.00475	0.00448	0.00093	0.00451	0.00382	0.00354	0.78954
50	0.01356	0.01295	0.02206	0.26677	0.53323	0.01377	0.01761	0.01720	0.01296	0.01801	0.01093	0.01499	0.00891	0.00547	0.00587	0.00182	0.00729	0.00526	0.00283	0.00850
51	0.02014	0.01445	0.01540	0.01211	0.01619	0.01592	0.00990	0.57968	0.05304	0.03407	0.01549	0.01590	0.01128	0.00710	0.00560	0.00171	0.00577	0.00541	0.15162	0.00922
52	0.02248	0.01656	0.01775	0.01361	0.01834	0.01834	0.01124	0.73556	0.02780	0.03727	0.01420	0.01420	0.01006	0.00710	0.00592	0.00177	0.00651	0.00532	0.00592	0.01006
53	0.83394	0.01144	0.00869	0.00778	0.01144	0.01327	0.00640	0.01738	0.01006	0.02653	0.00823	0.00961	0.00640	0.00549	0.00366	0.00183	0.00457	0.00320	0.00366	0.00640
54	0.00699	0.00599	0.00599	0.00599	0.00799	0.00499	0.00449	0.00849	0.01348	0.01598	0.05991	0.05691	0.75288	0.01498	0.00699	0.00200	0.00300	0.01248	0.00549	0.00499
55	0.01202	0.02958	0.71341	0.01769	0.04535	0.01379	0.04953	0.01872	0.01257	0.01875	0.01068	0.01268	0.00760	0.00558	0.00568	0.00187	0.00874	0.00450	0.00253	0.00873
56	0.00960	0.00735	0.00856	0.00801	0.00989	0.00713	0.00606	0.07653	0.06717	0.02209	0.37946	0.11856	0.23154	0.01277	0.00687	0.00195	0.00337	0.01102	0.00605	0.00601
57	0.00721	0.00515	0.00686	0.00823	0.00858	0.00480	0.00549	0.00823	0.01132	0.01510	0.03259	0.78831	0.03911	0.01853	0.00755	0.00240	0.00343	0.01681	0.00549	0.00480
58	0.01214	0.02883	0.68777	0.01638	0.02459	0.01383	0.02062	0.01998	0.08466	0.01932	0.01194	0.01343	0.00853	0.00586	0.00566	0.00189	0.00834	0.00460	0.00284	0.00880
59	0.05100	0.01033	0.01354	0.01056	0.01500	0.00934	0.00868	0.02868	0.07746	0.67494	0.02292	0.01996	0.01466	0.00732	0.00588	0.00184	0.00499	0.00592	0.00710	0.00989
60	0.01581	0.79572	0.03099	0.01012	0.01518	0.02340	0.01012	0.01771	0.01202	0.01391	0.00822	0.00949	0.00759	0.00506	0.00379	0.00126	0.00632	0.00316	0.00253	0.00759
61	0.01532	0.01270	0.01349	0.01202	0.01544	0.01458	0.00938	0.04768	0.70173	0.05150	0.02381	0.02181	0.01774	0.00798	0.00601	0.00199	0.00474	0.00663	0.00606	0.00940
62	0.00860	0.00573	0.00645	0.00645	0.00645	0.00573	0.00358	0.00860	0.00860	0.01147	0.01863	0.03870	0.02150	0.79217	0.03010	0.00573	0.00573	0.00860	0.00358	0.00358
63	0.01325	0.01242	0.01983	0.33042	0.35291	0.01379	0.01609	0.01900	0.12680	0.01847	0.01290	0.01625	0.01013	0.00596	0.00590	0.00188	0.00700	0.00548	0.00329	0.00824
64	0.00721	0.00515	0.00686	0.00823	0.00858	0.00480	0.00549	0.00823	0.01132	0.01510	0.03259	0.78831	0.03911	0.01853	0.00755	0.00240	0.00343	0.01681	0.00549	0.00480
65	0.01362	0.01337	0.03912	0.01461	0.01608	0.05922	0.05497	0.06845	0.01158	0.03430	0.01070	0.01536	0.00960	0.01633	0.17043	0.00381	0.43312	0.00545	0.00312	0.00676
66	0.01102	0.00551	0.00551	0.00551	0.00689	0.00551	0.00413	0.01378	0.01240	0.02205	0.01929	0.02205	0.01516	0.00689	0.00413	0.00138	0.00276	0.00551	0.82500	0.00551
67	0.00857	0.00586	0.00709	0.00709	0.00731	0.00608	0.00438	0.00901	0.00879	0.01194	0.01805	0.03548	0.02010	0.63656	0.18380	0.00652	0.00784	0.00813	0.00350	0.00394
68	0.01396	0.01595	0.03490	0.02493	0.03091	0.01496	0.73380	0.01894	0.01396	0.01894	0.01196	0.01595	0.00897	0.00499	0.00698	0.00199	0.00997	0.00698	0.00299	0.00798
69	0.01471	0.01270	0.01337	0.01203	0.01538	0.01471	0.00936	0.03142	0.74459	0.02474	0.02407	0.02206	0.01805	0.00802	0.00602	0.00201	0.00468	0.00669	0.00602	0.00936
70	0.00721	0.00515	0.00686	0.00823	0.00858	0.00480	0.00549	0.00823	0.01132	0.01510	0.03259	0.78831	0.03911	0.01853	0.00755	0.00240	0.00343	0.01681	0.00549	0.00480
71	0.01471	0.01270	0.01337	0.01203	0.01538	0.01471	0.00936	0.03142	0.74459	0.02474	0.02407	0.02206	0.01805	0.00802	0.00602	0.00201	0.00468	0.00669	0.00602	0.00936
72	0.83394	0.01144	0.00869	0.00778	0.01144	0.01327	0.00640	0.01738	0.01006	0.02653	0.00823	0.00961	0.00640	0.00549	0.00366	0.00183	0.00457	0.00320	0.00366	0.00640
73	0.00817	0.00604	0.00763	0.00723	0.00871	0.00550	0.00543	0.01078	0.01628	0.02261	0.65352	0.04599	0.15512	0.01250	0.00698	0.00188	0.00282	0.01095	0.00636	0.00550
74	0.01464	0.01405	0.02400	0.03630	0.75528	0.01405	0.01815	0.01815	0.01347	0.01932	0.01112	0.01464	0.00937	0.00527	0.00585	0.00176	0.00703	0.00527	0.00293	0.00937
75	0.00858	0.00583	0.00665	0.00676	0.00697	0.00577	0.00408	0.00887	0.00926	0.01220	0.02199	0.04186	0.06518	0.68864	0.02711	0.00529	0.00555	0.06177	0.00383	0.00381
76	0.00852	0.00648	0.00812	0.00894	0.01055	0.00608	0.00752	0.01075	0.01356	0.01701	0.04270	0.06281	0.32036	0.01580	0.00770	0.00243	0.00447	0.43546	0.00546	0.00527
77	0.00792	0.00617	0.00721	0.00699	0.00865	0.00555	0.00522	0.01047	0.03466	0.02017	0.41534	0.07794	0.34539	0.01344	0.00698	0.00194	0.00295	0.01157	0.00603	0.00541
78	0.00799	0.00600	0.00735	0.00706	0.00855	0.00541	0.00525	0.01033	0.01556	0.02120	0.53738	0.06661	0.23386	0.03217	0.00756	0.00200	0.00293	0.01126	0.00615	0.00536
79	0.02313	0.01183	0.01441	0.01131	0.01561	0.01170	0.00925	0.21928	0.09159	0.44509	0.06688	0.02023	0.01633	0.00763	0.00601	0.00183	0.00526	0.00615	0.00676	0.00971
80	0.01305	0.26174	0.54083	0.01482	0.02245	0.01665	0.01831	0.01842	0.01234	0.01727	0.00989	0.01158	0.00752	0.00545	0.00507	0.00169	0.00801	0.00401	0.00251	0.00839
81	0.01344	0.01194	0.01312	0.04758	0.01591	0.04565	0.00824	0.04105	0.14672	0.02041	0.01304	0.01421	0.01040	0.00529	0.00485	0.00120	0.00497	0.00424	0.00397	0.57377
82	0.19436	0.01564	0.01417	0.01193	0.01555	0.15162	0.02980	0.21415	0.12430	0.04719	0.01806	0.01819	0.08456	0.00753	0.00584	0.00183	0.02704	0.00557	0.00475	0.00792
83	0.01247	0.01337	0.02802	0.02094	0.02559	0.01257	0.54885	0.01661	0.01351	0.01822	0.01709	0.14137	0.01614	0.00822	0.00719	0.00213	0.00850	0.07836	0.00362	0.00723
84	0.03569	0.01320	0.01581	0.01258	0.01670	0.06550	0.09668	0.11909	0.18468	0.09279	0.05659	0.04226	0.03715	0.00724	0.00579	0.00169	0.00578	0.00620	0.00496	0.17961
85	0.83394	0.01144	0.00869	0.00778	0.01144	0.01327	0.00640	0.01738	0.01006	0.02653	0.00823	0.00961	0.00640	0.00549	0.00366	0.00183	0.00457	0.00320	0.00366	0.00640
86	0.01008	0.00699	0.00888	0.00927	0.01097	0.00677	0.00751	0.01339	0.06864	0.06494	0.13173	0.14627	0.16610	0.01461	0.00742	0.00233	0.00431	0.30816	0.00576	0.00588
87	0.01372	0.39080	0.41760	0.01368	0.02069	0.01828	0.01633	0.01825	0.01226	0.01646	0.00949	0.01107	0.00754	0.00536	0.00476	0.00159	0.00760	0.00380	0.00251	0.00820
88	0.00969	0.00767	0.00826	0.00792	0.00990	0.02920	0.00601	0.05463	0.03626	0.03664	0.16301	0.12802	0.35654	0.04156	0.00772	0.00214	0.00384	0.05773	0.00555	0.02771
89	0.00735	0.00530	0.00690	0.00797	0.00851	0.00492	0.00539	0.00855	0.01191	0.01589	0.10475	0.65022	0.08262	0.03969	0.00810	0.00242	0.00341	0.01572	0.00554	0.00486
90	0.00801	0.00587	0.00751	0.00859	0.00922	0.00573	0.00586	0.02514	0.05882	0.01619	0.03166	0.72263	0.03714	0.01761	0.00742	0.00236	0.00358	0.01592	0.00553	0.00521
91	0.01357	0.01299	0.02196	0.24973	0.52000	0.01395	0.01745	0.01712	0.01282	0.01791	0.01082	0.01490	0.00888	0.00565	0.00640	0.00185	0.03749	0.00526	0.00283	0.00845
92	0.01294	0.01252	0.02031	0.44679	0.33692	0.03633	0.01699	0.01663	0.01266	0.01684	0.01072	0.01514	0.00849	0.00565	0.00587	0.00187	0.00761	0.00522	0.00276	0.00774
93	0.00749	0.00601	0.00670	0.00666	0.00841	0.00522	0.00502	0.00939	0.01437	0.01827	0.26001	0.07548	0.50221	0.01429	0.00704	0.00200	0.00304	0.03742	0.00579	0.00517
94	0.00845	0.00632	0.00941	0.00941	0.01043	0.00734	0.00727	0.01050	0.00948	0.01366	0.01593	0.02372	0.01500	0.06793	0.74545	0.00939	0.01552	0.00641	0.00318	0.00523
95	0.01212	0.08104	0.71336	0.01641	0.02491	0.01437	0.02108	0.01866	0.01245	0.01841	0.01046	0.01229	0.00750	0.00558	0.00550	0.00183	0.00858	0.00429	0.00250	0.00866
96	0.00718	0.00524	0.00676	0.00798	0.00851	0.00482	0.00538	0.00826	0.01156	0.01519	0.03564	0.70686	0.11860	0.01813	0.00749	0.00236	0.00338	0.01633	0.00549	0.00482
97	0.00845	0.00632	0.00941	0.00941	0.01044	0.00734	0.00728	0.01050	0.00948	0.01366	0.01592	0.02369	0.01498	0.06670	0.74666	0.00939	0.01554	0.00640	0.00318	0.00523
98	0.04919	0.01246	0.01503	0.01156	0.01616	0.01232	0.00955	0.28456	0.02066	0.47583	0.01957	0.01767	0.01273	0.00718	0.00587	0.00181	0.00555	0.00564	0.00670	0.00995
99	0.01581	0.79572	0.03099	0.01012	0.01518	0.02340	0.01012	0.01771	0.01202	0.01391	0.00822	0.00949	0.00759	0.00506	0.00379	0.00126	0.00632	0.00316	0.00253	0.00759
100	0.00846	0.00627	0.00919	0.00919	0.01013	0.00722	0.00700	0.01036	0.00941	0.01349	0.01613	0.02484	0.01548	0.12197	0.69206	0.00911	0.01479	0.00657	0.00321	0.00510
101	0.02370	0.00944	0.01282	0.01004	0.01412	0.00821	0.00821	0.02607	0.01690	0.64482	0.13682	0.02387	0.02105	0.00806	0.00611	0.00183	0.00468	0.00669	0.00719	0.00937
102	0.00721	0.00515	0.00686	0.00823	0.00858	0.00480	0.00549	0.00823	0.01132	0.01510	0.03259	0.78831	0.03911	0.01853	0.00755	0.00240	0.00343	0.01681	0.00549	0.00480
103	0.01464	0.01405	0.02400	0.03630	0.75528	0.01405	0.01815	0.01815	0.01347	0.01932	0.01112	0.01464	0.00937	0.00527	0.00585	0.00176	0.00703	0.00527	0.00293	0.00937
104	0.02209	0.02819	0.01676	0.01524	0.01828	0.76843	0.01143	0.02361	0.01676	0.01447	0.00914	0.01066	0.00762	0.00609	0.00533	0.00152	0.01066	0.00381	0.00305	0.00686
105	0.01226	0.01051	0.01226	0.00876	0.01401	0.00788	0.00701	0.01489	0.01226	0.01927	0.01051	0.01226	0.00876	0.00438	0.00438	0.00088	0.00438	0.00350	0.00350	0.82832
106	0.00860	0.00573	0.00645	0.00645	0.00645	0.00573	0.00358	0.00860	0.00860	0.01147	0.01863	0.03870	0.02150	0.79217	0.03010	0.00573	0.00573	0.00860	0.00358	0.00358
107	0.00845	0.00634	0.00950	0.00950	0.01056	0.00739	0.00739	0.01056	0.00950	0.01373	0.01584	0.02323	0.01478	0.04435	0.76873	0.00950	0.01584	0.00634	0.00317	0.00528
108	0.02265	0.03482	0.01774	0.01327	0.01800	0.01768	0.01101	0.66123	0.02655	0.09498	0.01479	0.01456	0.01037	0.00707	0.00587	0.00177	0.00638	0.00532	0.00595	0.01000
109	0.00721	0.00515	0.00686	0.00823	0.00858	0.00480	0.00549	0.00823	0.01132	0.01510	0.03259	0.78831	0.03911	0.01853	0.00755	0.00240	0.00343	0.01681	0.00549	0.00480
110	0.01236	0.12667	0.66979	0.01601	0.02429	0.01495	0.02038	0.01860	0.01243	0.01812	0.01031	0.01211	0.00750	0.00555	0.00539	0.00180	0.00844	0.00422	0.00250	0.00860
111	0.00976	0.00728	0.01084	0.01162	0.01322	0.00723	0.04699	0.01260	0.01363	0.01776	0.03031	0.06408	0.03274	0.01575	0.00811	0.00269	0.00568	0.67883	0.00532	0.00558
112	0.01226	0.01051	0.01226	0.00876	0.01401	0.00788	0.00701	0.01489	0.01226	0.01927	0.01051	0.01226	0.00876	0.00438	0.00438	0.00088	0.00438	0.00350	0.00350	0.82832
113	0.00705	0.00595	0.00610	0.00616	0.00805	0.00500	0.00458	0.00857	0.01349	0.01621	0.08344	0.09428	0.69085	0.01506	0.00702	0.00201	0.00301	0.01264	0.00553	0.00500
114	0.01117	0.01051	0.01774	0.77795	0.04073	0.01314	0.01642	0.01511	0.01182	0.01511	0.01051	0.01577	0.00788	0.00591	0.00591	0.00197	0.00788	0.00526	0.00263	0.00657
115	0.01102	0.00551	0.00551	0.00551	0.00689	0.00551	0.00413	0.01378	0.01240	0.02205	0.01929	0.02205	0.01516	0.00689	0.00413	0.00138	0.00276	0.00551	0.82500	0.00551
116	0.01202	0.06045	0.73302	0.01659	0.02519	0.01411	0.02139	0.01869	0.01247	0.01854	0.01052	0.01237	0.00750	0.00560	0.00555	0.00185	0.00865	0.00432	0.00250	0.00869
117	0.00721	0.00515	0.00686	0.00823	0.00858	0.00480	0.00549	0.00823	0.01132	0.01510	0.03259	0.78831	0.03911	0.01853	0.00755	0.00240	0.00343	0.01681	0.00549	0.00480
118	0.00860	0.00573	0.00645	0.00645	0.00645	0.00573	0.00358	0.00860	0.00860	0.01147	0.01863	0.03870	0.02150	0.79217	0.03010	0.00573	0.00573	0.00860	0.00358	0.00358
119	0.01417	0.47878	0.33360	0.01291	0.01949	0.01940	0.01498	0.01813	0.01221	0.01591	0.00921	0.01073	0.00755	0.00529	0.00455	0.00152	0.00732	0.00366	0.00252	0.00807
120	0.01716	0.01594	0.01434	0.01254	0.01589	0.16304	0.00973	0.17218	0.39208	0.02436	0.02004	0.03745	0.03394	0.03613	0.00679	0.00201	0.00620	0.00629	0.00530	0.00858
121	0.02005	0.02330	0.01812	0.01839	0.13291	0.50127	0.01261	0.09200	0.01656	0.01745	0.00981	0.01186	0.00815	0.00649	0.00689	0.00169	0.08734	0.00432	0.00326	0.00752
122	0.00724	0.00517	0.00689	0.00821	0.00858	0.00482	0.00549	0.00831	0.01146	0.01532	0.05117	0.76910	0.03954	0.01836	0.00753	0.00239	0.00341	0.01665	0.00552	0.00482
123	0.01387	0.01506	0.03047	0.02590	0.17421	0.01488	0.50350	0.01815	0.01344	0.01866	0.02734	0.01600	0.00994	0.00572	0.00798	0.00200	0.08527	0.00654	0.00301	0.00805
124	0.03594	0.01431	0.06680	0.01198	0.01588	0.07125	0.02770	0.18244	0.17780	0.14662	0.06936	0.06063	0.07595	0.00859	0.00609	0.00188	0.00571	0.00703	0.00556	0.00847
125	0.00729	0.00526	0.00690	0.00805	0.00857	0.00488	0.00545	0.00849	0.01188	0.01585	0.09274	0.68983	0.07731	0.01782	0.00747	0.00234	0.00336	0.01609	0.00557	0.00488
126	0.00721	0.00515	0.00686	0.00823	0.00858	0.00480	0.00549	0.00823	0.01132	0.01510	0.03259	0.78831	0.03911	0.01853	0.00755	0.00240	0.00343	0.01681	0.00549	0.00480
127	0.01319	0.18732	0.55755	0.01504	0.02263	0.01553	0.01849	0.03635	0.01285	0.03564	0.01100	0.02936	0.00845	0.00587	0.00530	0.00176	0.00798	0.00446	0.00277	0.00848
128	0.01402	0.01392	0.02385	0.04586	0.02346	0.05048	0.37710	0.05962	0.12116	0.03543	0.01761	0.11378	0.01559	0.00804	0.00678	0.00205	0.00778	0.05165	0.00413	0.00769
129	0.01103	0.00693	0.00871	0.00793	0.00983	0.00641	0.00604	0.04113	0.01615	0.11464	0.46970	0.05914	0.13696	0.05227	0.00804	0.00210	0.00347	0.02714	0.00626	0.00612
130	0.01186	0.03059	0.76153	0.01686	0.02560	0.01373	0.02185	0.01873	0.01249	0.01873	0.01061	0.01249	0.00749	0.00562	0.00562	0.00187	0.00874	0.00437	0.00250	0.00874
131	0.01464	0.01405	0.02400	0.03630	0.75528	0.01405	0.01815	0.01815	0.01347	0.01932	0.01112	0.01464	0.00937	0.00527	0.00585	0.00176	0.00703	0.00527	0.00293	0.00937
132	0.03928	0.01459	0.01531	0.01249	0.01651	0.03296	0.01007	0.39935	0.26768	0.05971	0.03986	0.01796	0.01427	0.00750	0.00588	0.00184	0.00569	0.00589	0.02374	0.00943
133	0.73175	0.01232	0.00981	0.00861	0.01222	0.03655	0.00707	0.06473	0.01140	0.02651	0.00864	0.01004	0.00672	0.00576	0.00432	0.00184	0.02786	0.00342	0.00376	0.00666
134	0.01029	0.00867	0.00836	0.00785	0.01021	0.05691	0.00598	0.01419	0.12216	0.05794	0.10550	0.04570	0.49882	0.01272	0.00668	0.00195	0.00384	0.01056	0.00559	0.00608
135	0.01990	0.01506	0.01510	0.01236	0.01627	0.09318	0.00990	0.37178	0.14205	0.12179	0.02037	0.05674	0.06201	0.00826	0.00603	0.00184	0.00607	0.00651	0.00576	0.00902
136	0.02177	0.02475	0.01679	0.01470	0.01813	0.56054	0.01127	0.18152	0.05974	0.02009	0.01109	0.01208	0.00874	0.00642	0.00550	0.00161	0.00941	0.00430	0.00385	0.00770
137	0.00897	0.00701	0.00798	0.00786	0.00936	0.03325	0.00586	0.01094	0.01445	0.04221	0.31991	0.18241	0.25873	0.01384	0.00739	0.00203	0.02657	0.02999	0.00577	0.00547

[dist]
# distance from previous block
# <min> <max>
0	2

# created by:
# /home/cegg/simao/soft/augustus-3.2.1/scripts/msa2prfl.pl ./align_prep/EOG090W0CCX.fa
