[name]
unknown

[dist]
# distance from previous block
# <min> <max>
0	51

[block]
# block no. 0 follows, 34 sequences, length 29
# corresponding to MSA columns:
# 59-87
name=unknown_A
#
# <colnr> <probs for GDERKNQSTAVLIFYWHMCP>
#	G	D	E	R	K	N	Q	S	T	A	V	L	I	F	Y	W	H	M	C	P
0	0.04654	0.04967	0.13162	0.01680	0.08398	0.01467	0.06142	0.10205	0.17261	0.14191	0.01932	0.02251	0.01496	0.00799	0.00648	0.00207	0.00686	0.06090	0.00528	0.03238
1	0.01475	0.10561	0.34606	0.09056	0.02503	0.01588	0.04904	0.13135	0.01623	0.02229	0.01639	0.01843	0.06387	0.00936	0.04562	0.00243	0.00877	0.00581	0.00367	0.00886
2	0.01491	0.01205	0.01792	0.40631	0.09533	0.01327	0.01462	0.04681	0.07281	0.08758	0.01638	0.01935	0.03910	0.00696	0.00630	0.00196	0.00719	0.00601	0.00408	0.11105
3	0.01385	0.01243	0.03349	0.01449	0.10591	0.05121	0.01017	0.06661	0.13018	0.03926	0.10561	0.06968	0.15261	0.01081	0.00686	0.00203	0.00547	0.06386	0.00545	0.10001
4	0.00982	0.00820	0.01198	0.01058	0.01282	0.00758	0.09583	0.03935	0.01603	0.02131	0.26465	0.20969	0.23801	0.01448	0.00772	0.00222	0.00443	0.01300	0.00603	0.00625
5	0.07564	0.03335	0.09537	0.10767	0.02124	0.02480	0.04840	0.06225	0.06380	0.09624	0.04524	0.01953	0.05087	0.00706	0.00591	0.00175	0.00639	0.00582	0.00456	0.22410
6	0.01846	0.05358	0.02072	0.01783	0.11027	0.01368	0.12902	0.10659	0.08896	0.17519	0.01900	0.07304	0.01535	0.03261	0.04773	0.00257	0.00742	0.00724	0.00522	0.05551
7	0.01267	0.05897	0.28098	0.04410	0.02124	0.01231	0.09063	0.02845	0.01418	0.03991	0.07570	0.05106	0.06596	0.07971	0.02719	0.00267	0.00776	0.05100	0.00404	0.03147
8	0.01610	0.27338	0.07809	0.01417	0.01880	0.11258	0.09218	0.03908	0.08406	0.01822	0.01343	0.01681	0.01152	0.05214	0.10174	0.00305	0.00923	0.00535	0.00356	0.03653
9	0.12003	0.01440	0.01475	0.01284	0.01679	0.01653	0.01016	0.14481	0.51548	0.02955	0.02230	0.02094	0.01665	0.00824	0.00623	0.00213	0.00543	0.00657	0.00623	0.00994
10	0.00787	0.00562	0.00750	0.00900	0.00937	0.00525	0.00600	0.00900	0.01237	0.01649	0.03561	0.76871	0.04274	0.02024	0.00825	0.00262	0.00375	0.01837	0.00600	0.00525
11	0.00931	0.00671	0.00886	0.00861	0.01013	0.00627	0.00665	0.01235	0.01785	0.02507	0.64039	0.05141	0.05793	0.01380	0.00779	0.00215	0.00342	0.09826	0.00696	0.00608
12	0.01422	0.01355	0.02303	0.37469	0.41141	0.01489	0.01895	0.01828	0.01388	0.01896	0.01184	0.01657	0.00948	0.00609	0.00643	0.00203	0.00811	0.00575	0.00305	0.00881
13	0.00949	0.00676	0.01013	0.01013	0.01114	0.00776	0.00776	0.01114	0.01013	0.01452	0.01653	0.02465	0.01552	0.04514	0.65504	0.11283	0.01581	0.00676	0.00338	0.00539
14	0.02112	0.29454	0.08317	0.01406	0.01924	0.20633	0.01270	0.19530	0.01911	0.06060	0.01197	0.01287	0.00938	0.00656	0.00544	0.00168	0.00831	0.00450	0.00411	0.00901
15	0.02311	0.02863	0.01784	0.01620	0.01957	0.65358	0.01220	0.02689	0.10810	0.01725	0.01207	0.01324	0.00978	0.00693	0.00592	0.00173	0.01082	0.00456	0.00374	0.00784
16	0.01394	0.01147	0.01345	0.00964	0.01535	0.00864	0.00772	0.01679	0.01357	0.04572	0.01197	0.01369	0.00979	0.00490	0.00484	0.00099	0.00481	0.00392	0.00397	0.78482
17	0.00997	0.00842	0.03186	0.10463	0.01519	0.00804	0.00853	0.01399	0.05497	0.02329	0.47799	0.06312	0.07317	0.01406	0.04309	0.00251	0.00486	0.02969	0.00613	0.00649
18	0.00933	0.00729	0.00993	0.01037	0.01151	0.00720	0.04044	0.01293	0.10329	0.01842	0.06073	0.60887	0.03893	0.01779	0.00798	0.00252	0.00424	0.01617	0.00598	0.00609
19	0.00903	0.03108	0.00896	0.00795	0.00967	0.00654	0.00601	0.01167	0.01710	0.02338	0.53647	0.08795	0.19249	0.01397	0.00755	0.00207	0.00325	0.01217	0.00669	0.00599
20	0.01535	0.01276	0.01323	0.01178	0.01495	0.05193	0.00914	0.07927	0.39026	0.04931	0.20565	0.03094	0.06753	0.01010	0.00685	0.00210	0.00500	0.00846	0.00654	0.00885
21	0.01658	0.01593	0.02214	0.10985	0.42563	0.07660	0.01672	0.05897	0.13238	0.02229	0.03026	0.01779	0.01263	0.00668	0.00642	0.00197	0.00756	0.00601	0.00399	0.00962
22	0.01441	0.01406	0.02084	0.12211	0.11331	0.01782	0.05049	0.01889	0.10207	0.01813	0.01188	0.01624	0.01023	0.00930	0.01471	0.00250	0.42565	0.00599	0.00338	0.00798
23	0.01537	0.10349	0.19976	0.01280	0.01890	0.01283	0.02801	0.02057	0.07268	0.09998	0.04625	0.03801	0.01383	0.00672	0.00568	0.00162	0.00637	0.00545	0.00431	0.28739
24	0.06519	0.15528	0.54140	0.01698	0.02536	0.01680	0.05370	0.02019	0.01346	0.02014	0.01107	0.01308	0.00821	0.00599	0.00574	0.00194	0.00888	0.00461	0.00284	0.00914
25	0.01567	0.01912	0.18857	0.03209	0.50487	0.01468	0.01970	0.02025	0.01455	0.04926	0.01252	0.01555	0.00996	0.00588	0.00626	0.00190	0.00787	0.00546	0.00331	0.05253
26	0.01643	0.01365	0.05708	0.13238	0.27929	0.01288	0.01479	0.03662	0.07317	0.13498	0.08494	0.02249	0.04608	0.00763	0.00653	0.00198	0.00662	0.00675	0.00474	0.04098
27	0.11943	0.05315	0.04503	0.12439	0.07895	0.01356	0.06621	0.07484	0.07627	0.05095	0.03466	0.08555	0.06148	0.00842	0.00621	0.00198	0.00640	0.00719	0.00454	0.08080
28	0.05078	0.09214	0.03886	0.03742	0.13603	0.01442	0.01173	0.14608	0.06925	0.07165	0.03351	0.07852	0.01480	0.00769	0.00595	0.00177	0.00610	0.00637	0.00478	0.17213

[dist]
# distance from previous block
# <min> <max>
3	19

[block]
# block no. 1 follows, 34 sequences, length 81
# corresponding to MSA columns:
# 107-161,175-187,194-206
name=unknown_B
#
# <colnr> <probs for GDERKNQSTAVLIFYWHMCP>
#	G	D	E	R	K	N	Q	S	T	A	V	L	I	F	Y	W	H	M	C	P
0	0.05559	0.01709	0.07683	0.02080	0.10613	0.01615	0.23091	0.21747	0.07042	0.04185	0.01634	0.03213	0.02620	0.00708	0.00668	0.00205	0.00798	0.00672	0.03215	0.00945
1	0.10052	0.01669	0.12875	0.01398	0.01888	0.01470	0.05384	0.15592	0.21825	0.06484	0.01957	0.09553	0.01604	0.00864	0.00637	0.00208	0.00639	0.00719	0.00537	0.04646
2	0.10197	0.01279	0.01537	0.06617	0.05614	0.01301	0.01042	0.13173	0.12234	0.22897	0.01851	0.01926	0.01350	0.04369	0.00727	0.00209	0.00592	0.00589	0.00575	0.11920
3	0.10464	0.06945	0.15149	0.01166	0.01644	0.01242	0.01118	0.06240	0.06464	0.13552	0.08235	0.03673	0.03529	0.01023	0.04728	0.00235	0.00648	0.00634	0.06892	0.06419
4	0.01492	0.11406	0.01462	0.01068	0.03776	0.01043	0.00821	0.03224	0.03029	0.14924	0.15987	0.13812	0.09572	0.01067	0.00646	0.00185	0.00473	0.00904	0.00568	0.14540
5	0.01408	0.01442	0.13631	0.01201	0.01619	0.01146	0.01089	0.05558	0.21814	0.07676	0.11662	0.12481	0.08078	0.01057	0.00678	0.00208	0.00538	0.00898	0.00575	0.07240
6	0.08703	0.11559	0.01532	0.01093	0.01441	0.01331	0.00885	0.09279	0.15440	0.14388	0.13224	0.13879	0.02552	0.01032	0.00642	0.00205	0.00509	0.00855	0.00605	0.00847
7	0.01540	0.43513	0.33319	0.01516	0.04590	0.02073	0.01680	0.01984	0.01340	0.01764	0.01020	0.01195	0.00831	0.00580	0.00507	0.00168	0.00806	0.00409	0.00276	0.00889
8	0.01700	0.01493	0.11480	0.11009	0.09295	0.01294	0.01329	0.09439	0.13156	0.15442	0.10397	0.04028	0.05360	0.00869	0.00667	0.00207	0.00634	0.00735	0.00551	0.00915
9	0.01453	0.01377	0.01844	0.26258	0.20467	0.06579	0.01456	0.05761	0.08642	0.02042	0.02064	0.02304	0.10892	0.00786	0.00648	0.00199	0.00721	0.00676	0.00404	0.05425
10	0.01382	0.01592	0.11968	0.27285	0.30013	0.01473	0.01833	0.01863	0.03804	0.01963	0.05220	0.01806	0.01247	0.00688	0.00731	0.00208	0.05119	0.00600	0.00334	0.00871
11	0.01365	0.02863	0.56620	0.11898	0.02925	0.01525	0.02176	0.05918	0.04822	0.02137	0.01250	0.01474	0.00895	0.00640	0.00622	0.00206	0.00907	0.00509	0.00314	0.00934
12	0.01574	0.11765	0.01682	0.01251	0.01626	0.01666	0.01005	0.03071	0.57408	0.02533	0.07406	0.02395	0.02110	0.00864	0.00632	0.00207	0.00521	0.00709	0.00609	0.00967
13	0.02946	0.07310	0.34117	0.06882	0.02389	0.01381	0.09212	0.03563	0.03684	0.02026	0.04557	0.12144	0.05268	0.00889	0.00659	0.00211	0.00779	0.00772	0.00383	0.00828
14	0.01542	0.05330	0.57860	0.01773	0.02636	0.01467	0.05979	0.02195	0.01438	0.11827	0.01349	0.01489	0.00935	0.00633	0.00621	0.00203	0.00899	0.00513	0.00348	0.00966
15	0.00860	0.01023	0.10705	0.00841	0.01150	0.00686	0.00768	0.01125	0.01513	0.01917	0.16053	0.05340	0.52807	0.01448	0.00743	0.00214	0.00410	0.01212	0.00572	0.00611
16	0.00787	0.00562	0.00750	0.00900	0.00937	0.00525	0.00600	0.00900	0.01237	0.01649	0.03561	0.76871	0.04274	0.02024	0.00825	0.00262	0.00375	0.01837	0.00600	0.00525
17	0.02190	0.12340	0.02049	0.01598	0.01913	0.55582	0.01253	0.02358	0.01650	0.01570	0.00965	0.01183	0.00834	0.00715	0.00771	0.00179	0.11350	0.00428	0.00319	0.00753
18	0.10353	0.01166	0.01287	0.07319	0.01643	0.01274	0.00910	0.16400	0.14562	0.10872	0.01927	0.02047	0.01439	0.02506	0.00627	0.00199	0.00528	0.00605	0.23485	0.00853
19	0.00785	0.00660	0.00707	0.00707	0.00911	0.00581	0.00534	0.00958	0.01413	0.01712	0.05887	0.05715	0.63242	0.02075	0.10875	0.00330	0.00519	0.01272	0.00565	0.00550
20	0.00791	0.00565	0.00753	0.00897	0.00938	0.00527	0.00600	0.00908	0.01253	0.01674	0.05405	0.74956	0.04322	0.02006	0.00823	0.00261	0.00373	0.01819	0.00603	0.00527
21	0.01365	0.01230	0.01678	0.01198	0.01784	0.00967	0.10355	0.01687	0.01365	0.02101	0.01170	0.01395	0.00960	0.00488	0.00517	0.00112	0.00562	0.00435	0.00375	0.70256
22	0.01321	0.01074	0.01239	0.00909	0.01425	0.00826	0.00723	0.01610	0.01342	0.02147	0.01280	0.01486	0.01053	0.00516	0.00475	0.00103	0.00454	0.00413	0.11386	0.70219
23	0.01370	0.01301	0.02208	0.47466	0.31557	0.01475	0.01869	0.01782	0.01363	0.01832	0.01175	0.01674	0.00925	0.00618	0.00644	0.00206	0.00824	0.00575	0.00300	0.00838
24	0.01266	0.02177	0.37877	0.01658	0.04483	0.01248	0.09661	0.01884	0.05408	0.02091	0.01740	0.11961	0.01514	0.00834	0.00638	0.00206	0.00757	0.00733	0.13026	0.00837
25	0.01122	0.00561	0.00842	0.00842	0.00842	0.00561	0.00561	0.00842	0.00842	0.01122	0.01122	0.01964	0.01122	0.02245	0.02525	0.81201	0.00561	0.00561	0.00281	0.00281
26	0.01318	0.03213	0.68859	0.01993	0.07821	0.01503	0.02358	0.02042	0.01372	0.02051	0.01164	0.01381	0.00833	0.00611	0.00616	0.00204	0.00942	0.00484	0.00276	0.00960
27	0.01296	0.03342	0.73944	0.01842	0.02797	0.01501	0.02387	0.02046	0.01364	0.02046	0.01160	0.01364	0.00818	0.00614	0.00614	0.00205	0.00955	0.00477	0.00273	0.00955
28	0.14529	0.43000	0.15614	0.01428	0.06921	0.05557	0.01341	0.01983	0.01324	0.01881	0.00973	0.01144	0.00820	0.00578	0.00472	0.00165	0.00736	0.00390	0.00301	0.00841
29	0.81856	0.01250	0.00950	0.00850	0.01250	0.01449	0.00700	0.01899	0.01100	0.02899	0.00900	0.01050	0.00700	0.00600	0.00400	0.00200	0.00500	0.00350	0.00400	0.00700
30	0.01666	0.02048	0.06819	0.02500	0.03113	0.14114	0.55741	0.02156	0.01570	0.01985	0.01247	0.01626	0.00947	0.00569	0.00725	0.00208	0.01096	0.00690	0.00325	0.00855
31	0.00814	0.00626	0.00749	0.00826	0.00942	0.00572	0.00578	0.01012	0.03627	0.01779	0.09249	0.46206	0.27050	0.01811	0.00795	0.00242	0.00359	0.01599	0.00609	0.00553
32	0.01122	0.00561	0.00842	0.00842	0.00842	0.00561	0.00561	0.00842	0.00842	0.01122	0.01122	0.01964	0.01122	0.02245	0.02525	0.81201	0.00561	0.00561	0.00281	0.00281
33	0.01345	0.01218	0.01836	0.23061	0.08320	0.01348	0.08970	0.02179	0.22859	0.02204	0.11616	0.02800	0.02172	0.00884	0.00698	0.00220	0.00675	0.06279	0.00489	0.00827
34	0.01525	0.01743	0.03813	0.02723	0.03377	0.01634	0.70915	0.02070	0.01525	0.02070	0.01307	0.01743	0.00980	0.00545	0.00763	0.00218	0.01089	0.00763	0.00327	0.00871
35	0.01505	0.01588	0.06316	0.06208	0.13305	0.03058	0.25407	0.05804	0.12919	0.02161	0.01545	0.01887	0.01219	0.01229	0.10846	0.00325	0.02733	0.00673	0.00393	0.00881
36	0.01166	0.00720	0.00923	0.00838	0.01047	0.00648	0.00641	0.01445	0.01786	0.12203	0.54690	0.04648	0.14162	0.01291	0.00747	0.00205	0.00341	0.01123	0.00709	0.00668
37	0.02456	0.01810	0.01939	0.01487	0.02004	0.02004	0.01228	0.71107	0.03038	0.04072	0.01551	0.01551	0.01099	0.00776	0.00646	0.00194	0.00711	0.00582	0.00646	0.01099
38	0.02217	0.01685	0.01806	0.01421	0.01910	0.01857	0.01159	0.53107	0.17349	0.03677	0.01754	0.01719	0.01273	0.00780	0.00639	0.00194	0.00656	0.00602	0.00634	0.05562
39	0.01421	0.01938	0.24092	0.01489	0.02035	0.01465	0.05111	0.02672	0.38796	0.02392	0.04788	0.02407	0.06835	0.00847	0.00661	0.00214	0.00660	0.00714	0.00518	0.00945
40	0.01340	0.01148	0.01340	0.00957	0.01531	0.00861	0.00766	0.01627	0.01340	0.02105	0.01148	0.01340	0.00957	0.00479	0.00479	0.00096	0.00479	0.00383	0.00383	0.81242
41	0.02899	0.01100	0.01499	0.01150	0.01649	0.00950	0.00950	0.03149	0.01849	0.73709	0.02549	0.02199	0.01599	0.00800	0.00650	0.00200	0.00550	0.00650	0.00800	0.01100
42	0.01607	0.01388	0.01461	0.01315	0.01680	0.01607	0.01023	0.03433	0.72094	0.02703	0.02630	0.02411	0.01972	0.00877	0.00657	0.00219	0.00511	0.00731	0.00657	0.01023
43	0.01220	0.01148	0.01938	0.75739	0.04450	0.01436	0.01794	0.01651	0.01292	0.01651	0.01148	0.01723	0.00861	0.00646	0.00646	0.00215	0.00861	0.00574	0.00287	0.00718
44	0.01420	0.01425	0.15039	0.01509	0.01932	0.01019	0.16070	0.01768	0.01433	0.14809	0.02453	0.33371	0.02448	0.01226	0.00741	0.00231	0.00667	0.01142	0.00517	0.00782
45	0.01638	0.62218	0.18063	0.01259	0.01895	0.02337	0.01372	0.01958	0.01324	0.01630	0.00953	0.01105	0.00827	0.00565	0.00456	0.00152	0.00746	0.00373	0.00276	0.00855
46	0.00964	0.00712	0.00906	0.00849	0.01016	0.00681	0.00639	0.01377	0.06840	0.02599	0.67908	0.04654	0.05803	0.01289	0.00755	0.00204	0.00320	0.01137	0.00707	0.00639
47	0.00834	0.00688	0.00798	0.00869	0.04350	0.00602	0.00596	0.01029	0.01514	0.01911	0.18408	0.13442	0.49531	0.01569	0.00764	0.00219	0.00349	0.01341	0.00607	0.00578
48	0.02117	0.02516	0.02120	0.02504	0.27992	0.48012	0.01516	0.02362	0.01700	0.01775	0.01078	0.01324	0.00902	0.00633	0.00603	0.00176	0.01020	0.00474	0.00328	0.00849
49	0.00784	0.00575	0.00737	0.00866	0.00928	0.00528	0.00585	0.00903	0.01269	0.01663	0.03969	0.67213	0.13668	0.01971	0.00816	0.00256	0.00368	0.01772	0.00600	0.00528
50	0.20033	0.01542	0.02844	0.02081	0.02656	0.01498	0.45338	0.02178	0.01472	0.12052	0.01384	0.01647	0.01001	0.00592	0.00664	0.00211	0.00881	0.00653	0.00408	0.00863
51	0.01355	0.13504	0.64299	0.01741	0.02641	0.01645	0.02212	0.02031	0.01357	0.01974	0.01124	0.01319	0.00820	0.00606	0.00587	0.00196	0.00919	0.00459	0.00273	0.00938
52	0.01398	0.01451	0.06236	0.02201	0.12053	0.01348	0.27087	0.03774	0.06557	0.02117	0.02046	0.03494	0.01915	0.00990	0.00803	0.00240	0.02736	0.22293	0.00439	0.00822
53	0.00787	0.00562	0.00750	0.00900	0.00937	0.00525	0.00600	0.00900	0.01237	0.01649	0.03561	0.76871	0.04274	0.02024	0.00825	0.00262	0.00375	0.01837	0.00600	0.00525
54	0.01727	0.77681	0.03386	0.01106	0.01658	0.02557	0.01106	0.01935	0.01313	0.01520	0.00898	0.01036	0.00829	0.00553	0.00415	0.00138	0.00691	0.00345	0.00276	0.00829
55	0.01371	0.01443	0.11288	0.01485	0.05522	0.01294	0.01267	0.02452	0.34570	0.02319	0.02624	0.03889	0.02360	0.01135	0.00731	0.00242	0.00614	0.23961	0.00566	0.00867
56	0.01365	0.01188	0.01963	0.41768	0.23179	0.01327	0.01645	0.01757	0.01442	0.05346	0.11045	0.02135	0.01658	0.00726	0.00660	0.00206	0.00744	0.00659	0.00379	0.00807
57	0.00787	0.00562	0.00750	0.00900	0.00937	0.00525	0.00600	0.00900	0.01237	0.01649	0.03561	0.76871	0.04274	0.02024	0.00825	0.00262	0.00375	0.01837	0.00600	0.00525
58	0.01396	0.01599	0.04898	0.02371	0.02955	0.01452	0.57825	0.01881	0.01506	0.02014	0.02081	0.04376	0.10910	0.00735	0.00761	0.00219	0.00963	0.00867	0.00370	0.00819
59	0.01486	0.01991	0.15009	0.02556	0.03242	0.01621	0.58203	0.02053	0.01486	0.02053	0.01272	0.01674	0.00951	0.00570	0.00772	0.00217	0.02933	0.00712	0.00317	0.00881
60	0.01486	0.01506	0.01990	0.42370	0.07350	0.11482	0.06344	0.02116	0.13243	0.01879	0.01444	0.01887	0.01128	0.00703	0.00653	0.00210	0.00849	0.02198	0.00367	0.00798
61	0.12552	0.01738	0.03175	0.06472	0.03048	0.06808	0.52486	0.02059	0.01476	0.02125	0.01221	0.01606	0.00925	0.00567	0.00694	0.00212	0.01001	0.00671	0.00335	0.00831
62	0.02899	0.01100	0.01499	0.01150	0.01649	0.00950	0.00950	0.03149	0.01849	0.73709	0.02549	0.02199	0.01599	0.00800	0.00650	0.00200	0.00550	0.00650	0.00800	0.01100
63	0.01220	0.01148	0.01938	0.75739	0.04450	0.01436	0.01794	0.01651	0.01292	0.01651	0.01148	0.01723	0.00861	0.00646	0.00646	0.00215	0.00861	0.00574	0.00287	0.00718
64	0.01296	0.03342	0.73944	0.01842	0.02797	0.01501	0.02387	0.02046	0.01364	0.02046	0.01160	0.01364	0.00818	0.00614	0.00614	0.00205	0.00955	0.00477	0.00273	0.00955
65	0.01558	0.01336	0.01418	0.01279	0.01629	0.01536	0.00993	0.03276	0.67084	0.02695	0.07642	0.02583	0.02266	0.00908	0.00665	0.00218	0.00497	0.00762	0.00661	0.00993
66	0.81856	0.01250	0.00950	0.00850	0.01250	0.01449	0.00700	0.01899	0.01100	0.02899	0.00900	0.01050	0.00700	0.00600	0.00400	0.00200	0.00500	0.00350	0.00400	0.00700
67	0.00784	0.00658	0.00685	0.00701	0.00908	0.00559	0.00534	0.00956	0.01466	0.01756	0.06227	0.08560	0.65856	0.01659	0.00775	0.00225	0.00348	0.06196	0.00600	0.00548
68	0.01204	0.00602	0.00602	0.00602	0.00753	0.00602	0.00452	0.01506	0.01355	0.02409	0.02108	0.02409	0.01656	0.00753	0.00452	0.00151	0.00301	0.00602	0.80879	0.00602
69	0.06055	0.11660	0.01649	0.01019	0.01573	0.01212	0.00851	0.06720	0.01471	0.06017	0.01204	0.01343	0.00969	0.00534	0.00486	0.00120	0.00529	0.00404	0.00410	0.55773
70	0.00883	0.00659	0.00820	0.00780	0.00946	0.00596	0.00585	0.01158	0.01754	0.02413	0.58938	0.05120	0.20191	0.01387	0.00762	0.00206	0.00310	0.01210	0.00688	0.00596
71	0.01220	0.01148	0.01938	0.75739	0.04450	0.01436	0.01794	0.01651	0.01292	0.01651	0.01148	0.01723	0.00861	0.00646	0.00646	0.00215	0.00861	0.00574	0.00287	0.00718
72	0.01488	0.01257	0.01954	0.58260	0.07642	0.01496	0.01687	0.11234	0.01566	0.05400	0.01273	0.01715	0.00937	0.00667	0.00646	0.00210	0.00821	0.00579	0.00362	0.00804
73	0.01544	0.02741	0.45373	0.05394	0.02725	0.05696	0.09353	0.11474	0.01613	0.02255	0.01203	0.01439	0.00878	0.00661	0.00714	0.00207	0.04939	0.00528	0.00334	0.00930
74	0.00784	0.00575	0.00737	0.00866	0.00928	0.00528	0.00585	0.00903	0.01269	0.01663	0.03969	0.67213	0.13668	0.01971	0.00816	0.00256	0.00368	0.01772	0.00600	0.00528
75	0.00926	0.00682	0.00986	0.00986	0.01083	0.00779	0.00742	0.01120	0.01023	0.01461	0.01779	0.02803	0.01730	0.16202	0.63533	0.00974	0.01558	0.00731	0.00353	0.00548
76	0.01906	0.01589	0.05169	0.01435	0.01892	0.01648	0.04844	0.26546	0.33521	0.06863	0.02264	0.03607	0.04016	0.00856	0.00664	0.00209	0.00625	0.00708	0.00622	0.01016
77	0.01477	0.02076	0.18401	0.02540	0.03256	0.01606	0.56661	0.02065	0.01492	0.02065	0.01276	0.01664	0.00947	0.00559	0.00732	0.00215	0.01061	0.00703	0.00316	0.00889
78	0.01384	0.00702	0.00782	0.00750	0.00941	0.00689	0.00566	0.01734	0.05163	0.11390	0.02390	0.12561	0.02024	0.00939	0.00539	0.00176	0.00354	0.00784	0.55455	0.00677
79	0.00940	0.00626	0.00705	0.00705	0.00705	0.00626	0.00392	0.00940	0.00940	0.01253	0.02036	0.04228	0.02349	0.77292	0.03289	0.00626	0.00626	0.00940	0.00392	0.00392
80	0.07842	0.71848	0.03200	0.01086	0.01627	0.02472	0.01075	0.01932	0.01297	0.01625	0.00898	0.01037	0.00819	0.00556	0.00413	0.00143	0.00676	0.00346	0.00286	0.00819

[dist]
# distance from previous block
# <min> <max>
0	21

[block]
# block no. 2 follows, 34 sequences, length 114
# corresponding to MSA columns:
# 228-268,277-349
name=unknown_C
#
# <colnr> <probs for GDERKNQSTAVLIFYWHMCP>
#	G	D	E	R	K	N	Q	S	T	A	V	L	I	F	Y	W	H	M	C	P
0	0.01357	0.03328	0.70028	0.01832	0.02753	0.05476	0.02325	0.02075	0.01390	0.02021	0.01151	0.01353	0.00819	0.00617	0.00612	0.00203	0.00966	0.00474	0.00276	0.00944
1	0.00791	0.00614	0.00731	0.00798	0.00923	0.00554	0.00565	0.00942	0.01358	0.01732	0.08429	0.38825	0.33576	0.01974	0.04809	0.00283	0.00424	0.01537	0.00592	0.00541
2	0.00765	0.00650	0.00660	0.00668	0.00876	0.00544	0.00497	0.00926	0.01460	0.01740	0.06383	0.10055	0.69267	0.01657	0.00767	0.00221	0.00330	0.01389	0.00600	0.00544
3	0.01241	0.01169	0.01975	0.71841	0.08187	0.01441	0.01805	0.01669	0.01302	0.01676	0.01152	0.01716	0.00870	0.00642	0.00646	0.00214	0.00856	0.00574	0.00289	0.00734
4	0.01525	0.01743	0.03813	0.02723	0.03377	0.01634	0.70915	0.02070	0.01525	0.02070	0.01307	0.01743	0.00980	0.00545	0.00763	0.00218	0.01089	0.00763	0.00327	0.00871
5	0.00978	0.01104	0.12951	0.00983	0.01268	0.00757	0.00904	0.01356	0.01752	0.02501	0.61052	0.04254	0.05224	0.01204	0.00738	0.00203	0.00412	0.01054	0.00639	0.00667
6	0.01821	0.01340	0.01467	0.01288	0.01675	0.01498	0.01011	0.03386	0.60476	0.14447	0.02616	0.02376	0.01911	0.00864	0.00656	0.00216	0.00518	0.00717	0.00681	0.01035
7	0.00818	0.00657	0.00729	0.00711	0.00906	0.00568	0.00533	0.01032	0.01600	0.02047	0.30252	0.05721	0.49104	0.01524	0.00763	0.00213	0.00319	0.01294	0.00640	0.00568
8	0.02494	0.02752	0.01776	0.01579	0.01940	0.62501	0.01199	0.02674	0.01834	0.13511	0.01255	0.01336	0.00959	0.00688	0.00594	0.00172	0.01063	0.00455	0.00410	0.00807
9	0.01204	0.00602	0.00602	0.00602	0.00753	0.00602	0.00452	0.01506	0.01355	0.02409	0.02108	0.02409	0.01656	0.00753	0.00452	0.00151	0.00301	0.00602	0.80879	0.00602
10	0.26651	0.01263	0.01358	0.01110	0.01553	0.01321	0.00906	0.11355	0.11876	0.31247	0.01921	0.01803	0.01317	0.00746	0.00569	0.00201	0.00543	0.00560	0.02746	0.00954
11	0.01303	0.02979	0.61936	0.01695	0.02587	0.01395	0.02119	0.01977	0.01360	0.02056	0.01158	0.01360	0.00841	0.00591	0.00591	0.00187	0.00876	0.00462	0.00291	0.14234
12	0.01220	0.01148	0.01938	0.75739	0.04450	0.01436	0.01794	0.01651	0.01292	0.01651	0.01148	0.01723	0.00861	0.00646	0.00646	0.00215	0.00861	0.00574	0.00287	0.00718
13	0.81856	0.01250	0.00950	0.00850	0.01250	0.01449	0.00700	0.01899	0.01100	0.02899	0.00900	0.01050	0.00700	0.00600	0.00400	0.00200	0.00500	0.00350	0.00400	0.00700
14	0.00920	0.00731	0.01052	0.01387	0.12894	0.00694	0.00820	0.01081	0.01294	0.01733	0.03409	0.58834	0.09171	0.01754	0.00789	0.00247	0.00436	0.01591	0.00554	0.00609
15	0.00787	0.00562	0.00750	0.00900	0.00937	0.00525	0.00600	0.00900	0.01237	0.01649	0.03561	0.76871	0.04274	0.02024	0.00825	0.00262	0.00375	0.01837	0.00600	0.00525
16	0.00787	0.00562	0.00750	0.00900	0.00937	0.00525	0.00600	0.00900	0.01237	0.01649	0.03561	0.76871	0.04274	0.02024	0.00825	0.00262	0.00375	0.01837	0.00600	0.00525
17	0.01136	0.00651	0.00874	0.00941	0.01055	0.00595	0.00658	0.01272	0.01338	0.13568	0.03394	0.64521	0.03831	0.01822	0.00796	0.00252	0.00404	0.01641	0.00633	0.00620
18	0.01233	0.01511	0.13847	0.63517	0.04177	0.01446	0.01892	0.01716	0.01304	0.01716	0.01150	0.01663	0.00854	0.00641	0.00641	0.00214	0.00877	0.00558	0.00285	0.00757
19	0.00891	0.00672	0.00831	0.00828	0.01000	0.00613	0.00646	0.01152	0.01667	0.02231	0.41698	0.05647	0.25588	0.01491	0.00784	0.00223	0.00359	0.12431	0.00659	0.00588
20	0.01220	0.01148	0.01938	0.75739	0.04450	0.01436	0.01794	0.01651	0.01292	0.01651	0.01148	0.01723	0.00861	0.00646	0.00646	0.00215	0.00861	0.00574	0.00287	0.00718
21	0.01727	0.77681	0.03386	0.01106	0.01658	0.02557	0.01106	0.01935	0.01313	0.01520	0.00898	0.01036	0.00829	0.00553	0.00415	0.00138	0.00691	0.00345	0.00276	0.00829
22	0.01347	0.03019	0.61956	0.01755	0.02612	0.01518	0.02162	0.02276	0.13062	0.02155	0.01403	0.01537	0.01009	0.00657	0.00621	0.00207	0.00882	0.00519	0.00336	0.00966
23	0.01007	0.00684	0.00832	0.00875	0.01051	0.00614	0.00672	0.01191	0.01440	0.07855	0.04722	0.26278	0.33299	0.01706	0.00798	0.00245	0.00414	0.15104	0.00616	0.00597
24	0.01776	0.01474	0.02097	0.28663	0.26094	0.08682	0.02915	0.02165	0.03047	0.14670	0.01440	0.01727	0.01069	0.00656	0.00641	0.00200	0.00802	0.00579	0.00403	0.00898
25	0.01047	0.00803	0.01157	0.13474	0.01814	0.00841	0.01119	0.01355	0.01454	0.01871	0.03310	0.06277	0.09117	0.01584	0.00841	0.00277	0.00616	0.51886	0.00544	0.00611
26	0.01806	0.01485	0.01604	0.04694	0.01887	0.01700	0.01110	0.20593	0.51329	0.03005	0.02289	0.02161	0.01700	0.00841	0.00654	0.00213	0.00578	0.00686	0.00638	0.01028
27	0.01019	0.04123	0.00996	0.00983	0.01134	0.00718	0.00776	0.01222	0.01416	0.05182	0.07095	0.33063	0.13139	0.01732	0.00810	0.00257	0.00463	0.24677	0.00598	0.00596
28	0.01961	0.02335	0.31188	0.01752	0.02445	0.08817	0.13141	0.04610	0.01635	0.23388	0.01593	0.01661	0.01088	0.00668	0.00647	0.00201	0.00870	0.00573	0.00456	0.00968
29	0.02634	0.01471	0.13481	0.01264	0.01839	0.01041	0.01187	0.02967	0.01769	0.61857	0.02319	0.02061	0.01470	0.00769	0.00644	0.00201	0.00617	0.00621	0.00713	0.01076
30	0.00931	0.00686	0.01009	0.01009	0.01119	0.00792	0.00776	0.01151	0.01041	0.01510	0.01757	0.02628	0.01657	0.08707	0.68925	0.00993	0.01634	0.00704	0.02404	0.00567
31	0.01623	0.02146	0.20672	0.02303	0.03008	0.01662	0.42612	0.13482	0.01736	0.02395	0.01311	0.01618	0.00960	0.00600	0.00707	0.00211	0.00994	0.00663	0.00366	0.00929
32	0.01875	0.13944	0.01776	0.01226	0.01649	0.01615	0.01008	0.07903	0.38758	0.15365	0.02469	0.02296	0.05621	0.00844	0.00621	0.00200	0.00552	0.00677	0.00616	0.00983
33	0.00787	0.00562	0.00750	0.00900	0.00937	0.00525	0.00600	0.00900	0.01237	0.01649	0.03561	0.76871	0.04274	0.02024	0.00825	0.00262	0.00375	0.01837	0.00600	0.00525
34	0.00923	0.00692	0.01038	0.01038	0.01154	0.00808	0.00808	0.01154	0.01038	0.01500	0.01731	0.02538	0.01615	0.04846	0.74732	0.01038	0.01731	0.00692	0.00346	0.00577
35	0.01500	0.01732	0.20604	0.01449	0.01962	0.01269	0.12990	0.13303	0.03475	0.02539	0.01646	0.01881	0.01239	0.00688	0.00584	0.00185	0.00679	0.00596	0.30846	0.00833
36	0.02456	0.01810	0.01939	0.01487	0.02004	0.02004	0.01228	0.71107	0.03038	0.04072	0.01551	0.01551	0.01099	0.00776	0.00646	0.00194	0.00711	0.00582	0.00646	0.01099
37	0.02456	0.01810	0.01939	0.01487	0.02004	0.02004	0.01228	0.71107	0.03038	0.04072	0.01551	0.01551	0.01099	0.00776	0.00646	0.00194	0.00711	0.00582	0.00646	0.01099
38	0.00957	0.00778	0.00862	0.00820	0.01039	0.00744	0.00621	0.01446	0.13280	0.02205	0.29544	0.05093	0.37418	0.01398	0.00746	0.00213	0.00350	0.01189	0.00649	0.00647
39	0.02866	0.01152	0.01532	0.01174	0.01676	0.01027	0.00970	0.08152	0.01937	0.68582	0.02476	0.02152	0.01563	0.00798	0.00650	0.00199	0.00562	0.00645	0.00788	0.01100
40	0.00934	0.00648	0.00812	0.00812	0.00849	0.00685	0.00525	0.01008	0.00971	0.01332	0.01938	0.03685	0.02113	0.54010	0.26249	0.00759	0.00981	0.00860	0.00377	0.00451
41	0.81856	0.01250	0.00950	0.00850	0.01250	0.01449	0.00700	0.01899	0.01100	0.02899	0.00900	0.01050	0.00700	0.00600	0.00400	0.00200	0.00500	0.00350	0.00400	0.00700
42	0.00944	0.00712	0.00905	0.01002	0.01175	0.00674	0.00848	0.01194	0.01482	0.01867	0.04520	0.06912	0.28078	0.01733	0.00847	0.00270	0.00501	0.45162	0.00597	0.00578
43	0.01271	0.01247	0.02248	0.63663	0.04273	0.01468	0.13226	0.01720	0.01331	0.01720	0.01175	0.01726	0.00881	0.00629	0.00665	0.00216	0.00899	0.00605	0.00294	0.00743
44	0.01599	0.01535	0.02623	0.03966	0.73262	0.01535	0.01983	0.01983	0.01471	0.02111	0.01215	0.01599	0.01023	0.00576	0.00640	0.00192	0.00768	0.00576	0.00320	0.01023
45	0.02547	0.01066	0.01418	0.01112	0.01556	0.00951	0.00909	0.06550	0.01911	0.58135	0.14133	0.02598	0.02316	0.00885	0.00668	0.00200	0.00518	0.00732	0.00777	0.01019
46	0.00783	0.00578	0.00734	0.00859	0.00927	0.00528	0.00582	0.00904	0.01276	0.01665	0.04055	0.65185	0.15640	0.01960	0.00815	0.00255	0.00367	0.01759	0.00600	0.00528
47	0.01522	0.01565	0.03302	0.02418	0.02990	0.01466	0.57783	0.02008	0.01524	0.05958	0.01663	0.06283	0.01408	0.00736	0.00770	0.00226	0.00982	0.06162	0.00389	0.00843
48	0.02474	0.01145	0.01463	0.01151	0.01593	0.01074	0.00939	0.13582	0.03506	0.49446	0.14032	0.02536	0.02272	0.00884	0.00668	0.00200	0.00534	0.00727	0.00758	0.01017
49	0.01338	0.02909	0.56543	0.01928	0.02726	0.01577	0.10380	0.01987	0.01336	0.01987	0.01138	0.01415	0.00841	0.00671	0.00822	0.00216	0.10469	0.00522	0.00280	0.00914
50	0.01419	0.02487	0.36421	0.02313	0.03107	0.01572	0.39053	0.02059	0.01450	0.02059	0.01239	0.01567	0.00905	0.00577	0.00693	0.00212	0.01027	0.00630	0.00302	0.00910
51	0.54673	0.01623	0.10301	0.01090	0.01551	0.04920	0.00992	0.02204	0.12909	0.02697	0.01223	0.01320	0.00931	0.00650	0.00478	0.00202	0.00590	0.00432	0.00423	0.00788
52	0.01447	0.01356	0.02281	0.06828	0.58070	0.01363	0.01745	0.01788	0.01424	0.02013	0.01600	0.14054	0.01553	0.00819	0.00671	0.00205	0.00707	0.00784	0.00365	0.00927
53	0.01811	0.02583	0.35485	0.01612	0.02265	0.13596	0.01706	0.16413	0.01811	0.08065	0.01471	0.05600	0.01151	0.00856	0.02527	0.00220	0.00895	0.00583	0.00422	0.00929
54	0.01749	0.35009	0.06507	0.01589	0.07110	0.19024	0.04404	0.02014	0.01470	0.01685	0.01295	0.01960	0.01216	0.00758	0.00611	0.00181	0.03206	0.09078	0.00335	0.00800
55	0.00804	0.00592	0.00757	0.00883	0.00959	0.00546	0.00617	0.00940	0.01296	0.01688	0.04044	0.59575	0.15595	0.01941	0.00820	0.00258	0.00385	0.07167	0.00599	0.00534
56	0.01241	0.02012	0.30335	0.11063	0.02608	0.01302	0.13555	0.01843	0.05292	0.02000	0.03886	0.02843	0.10231	0.00888	0.00697	0.00221	0.00811	0.07963	0.00390	0.00817
57	0.01792	0.13490	0.32313	0.01744	0.06142	0.13742	0.03609	0.05253	0.03042	0.09460	0.01288	0.01425	0.00956	0.00653	0.00624	0.00189	0.02497	0.00491	0.00367	0.00922
58	0.01523	0.07656	0.25264	0.20039	0.02885	0.03288	0.09550	0.03660	0.06103	0.07737	0.01521	0.01751	0.02745	0.00675	0.00629	0.00202	0.00833	0.00580	0.02490	0.00873
59	0.01388	0.00888	0.01230	0.01371	0.13038	0.00813	0.00878	0.01654	0.01666	0.16620	0.28702	0.07457	0.19295	0.01196	0.00722	0.00207	0.00439	0.01041	0.00634	0.00759
60	0.01670	0.14075	0.20762	0.02370	0.19595	0.01647	0.18306	0.02141	0.01474	0.09943	0.01321	0.01552	0.00995	0.00599	0.00628	0.00194	0.00855	0.00567	0.00356	0.00948
61	0.14679	0.03763	0.15901	0.13359	0.12037	0.01454	0.06569	0.02065	0.12400	0.02193	0.01710	0.05211	0.04473	0.00756	0.00616	0.00208	0.00718	0.00643	0.00396	0.00848
62	0.00791	0.00565	0.00753	0.00897	0.00938	0.00527	0.00600	0.00909	0.01254	0.01676	0.05538	0.74817	0.04325	0.02004	0.00823	0.00261	0.00373	0.01818	0.00603	0.00527
63	0.01359	0.01973	0.25848	0.23056	0.25409	0.01443	0.03287	0.01870	0.01377	0.01958	0.01268	0.03505	0.01013	0.00650	0.00634	0.00204	0.00837	0.00579	0.02843	0.00887
64	0.05886	0.06810	0.08230	0.03450	0.08695	0.01158	0.02750	0.05945	0.03013	0.05130	0.12298	0.25192	0.04293	0.01198	0.00731	0.00218	0.02708	0.01036	0.00511	0.00749
65	0.01426	0.12167	0.39405	0.02217	0.14353	0.01638	0.13668	0.01996	0.01405	0.01986	0.01302	0.01553	0.02781	0.00615	0.00622	0.00197	0.00896	0.00548	0.00299	0.00925
66	0.01433	0.01342	0.02255	0.09541	0.55468	0.01360	0.01738	0.01776	0.01417	0.01996	0.01598	0.14059	0.01547	0.00821	0.00671	0.00206	0.00711	0.00784	0.00363	0.00915
67	0.01826	0.06194	0.28115	0.01459	0.02083	0.01404	0.03390	0.12806	0.05168	0.18591	0.07223	0.03935	0.03316	0.00802	0.00642	0.00201	0.00715	0.00653	0.00519	0.00957
68	0.01661	0.08078	0.28729	0.01893	0.13891	0.03227	0.01672	0.05144	0.07752	0.11782	0.03232	0.05214	0.01426	0.00771	0.00632	0.00202	0.00754	0.02558	0.00436	0.00946
69	0.00801	0.00572	0.00766	0.00916	0.00959	0.00537	0.00624	0.00924	0.01251	0.01665	0.03554	0.73062	0.04243	0.02011	0.00828	0.00264	0.00387	0.05509	0.00600	0.00529
70	0.01497	0.03036	0.52679	0.02001	0.09776	0.13583	0.02107	0.02095	0.01449	0.01965	0.01207	0.03507	0.00940	0.00659	0.00617	0.00199	0.00954	0.00516	0.00297	0.00916
71	0.01618	0.06842	0.06384	0.10751	0.22849	0.08713	0.05293	0.03726	0.13157	0.03667	0.01547	0.05784	0.01299	0.00759	0.00716	0.00204	0.04751	0.00645	0.00399	0.00895
72	0.01592	0.14134	0.06247	0.05077	0.02202	0.03190	0.18123	0.07283	0.15820	0.05394	0.02200	0.03940	0.08820	0.00826	0.00657	0.00203	0.00733	0.02225	0.00466	0.00869
73	0.00854	0.00620	0.00734	0.00770	0.00896	0.00563	0.00546	0.01038	0.01442	0.01945	0.20781	0.28380	0.24832	0.05754	0.00895	0.00246	0.00352	0.01383	0.07418	0.00550
74	0.02015	0.01442	0.05407	0.01268	0.01679	0.04661	0.01062	0.23194	0.09546	0.20253	0.04675	0.11702	0.05273	0.01034	0.00685	0.00212	0.00607	0.03710	0.00642	0.00933
75	0.01517	0.34562	0.32462	0.01676	0.02410	0.01970	0.13178	0.02003	0.01369	0.01827	0.01073	0.01288	0.00850	0.00577	0.00554	0.00179	0.00865	0.00469	0.00283	0.00888
76	0.00876	0.00659	0.00891	0.00987	0.01102	0.00619	0.02308	0.01062	0.01357	0.01760	0.03962	0.42668	0.15400	0.01855	0.00833	0.00265	0.00449	0.21799	0.00592	0.00557
77	0.01541	0.01417	0.02201	0.23583	0.38164	0.01545	0.01730	0.05913	0.13187	0.02187	0.01449	0.01766	0.01139	0.00656	0.00645	0.00203	0.00748	0.00601	0.00384	0.00941
78	0.01439	0.01572	0.14018	0.01712	0.02201	0.01231	0.23392	0.04069	0.04694	0.09140	0.04027	0.11892	0.08822	0.01015	0.00768	0.00226	0.02556	0.05929	0.00477	0.00817
79	0.01562	0.01515	0.02502	0.14597	0.61297	0.03285	0.01937	0.01948	0.01453	0.02030	0.01200	0.01607	0.00995	0.00588	0.00639	0.00195	0.00791	0.00572	0.00315	0.00971
80	0.01702	0.01117	0.01502	0.01265	0.01579	0.02741	0.06509	0.09716	0.09230	0.18435	0.01970	0.02382	0.01585	0.08534	0.28099	0.00545	0.01061	0.00694	0.00519	0.00815
81	0.01507	0.29233	0.45440	0.01576	0.02357	0.05844	0.01879	0.02036	0.01372	0.01838	0.01060	0.01239	0.00823	0.00595	0.00543	0.00179	0.00874	0.00428	0.00277	0.00900
82	0.01382	0.01815	0.14892	0.02281	0.02886	0.01436	0.46977	0.01903	0.01474	0.02021	0.01673	0.07611	0.01486	0.00796	0.00757	0.00228	0.00963	0.08223	0.00366	0.00831
83	0.01725	0.01070	0.01189	0.01071	0.01373	0.06061	0.00847	0.06533	0.05098	0.23817	0.07062	0.14038	0.16459	0.01277	0.00728	0.00223	0.00527	0.09453	0.00653	0.00794
84	0.01353	0.12207	0.63786	0.01775	0.02674	0.01630	0.03902	0.02033	0.01362	0.01984	0.01132	0.01334	0.00824	0.00605	0.00594	0.00197	0.00927	0.00469	0.00275	0.00938
85	0.01301	0.01234	0.02057	0.54875	0.18776	0.01467	0.01785	0.01700	0.01317	0.01745	0.01263	0.01777	0.02461	0.00679	0.00728	0.00214	0.04949	0.00591	0.00301	0.00778
86	0.01271	0.01247	0.02248	0.63663	0.04273	0.01468	0.13226	0.01720	0.01331	0.01720	0.01175	0.01726	0.00881	0.00629	0.00665	0.00216	0.00899	0.00605	0.00294	0.00743
87	0.02314	0.01677	0.01569	0.01318	0.01699	0.20925	0.01041	0.14578	0.01896	0.28268	0.01808	0.01915	0.01327	0.03381	0.12951	0.00339	0.00941	0.00589	0.00562	0.00901
88	0.02390	0.01716	0.17444	0.01350	0.01932	0.03508	0.01295	0.06190	0.08356	0.45708	0.02154	0.01972	0.01414	0.00761	0.00640	0.00201	0.00662	0.00609	0.00649	0.01050
89	0.01296	0.03342	0.73944	0.01842	0.02797	0.01501	0.02387	0.02046	0.01364	0.02046	0.01160	0.01364	0.00818	0.00614	0.00614	0.00205	0.00955	0.00477	0.00273	0.00955
90	0.00854	0.00676	0.00915	0.00958	0.01085	0.00627	0.04124	0.01058	0.03253	0.01738	0.04149	0.49946	0.20904	0.01811	0.00806	0.00250	0.00415	0.05280	0.00588	0.00565
91	0.01279	0.01227	0.02025	0.57968	0.07638	0.01535	0.03350	0.01662	0.01257	0.01669	0.01106	0.01665	0.00871	0.00720	0.00892	0.00225	0.13307	0.00577	0.00289	0.00736
92	0.01871	0.01800	0.23002	0.01861	0.13828	0.01194	0.05124	0.02301	0.01590	0.27593	0.07127	0.06414	0.01733	0.00805	0.00662	0.00205	0.00704	0.00701	0.00523	0.00963
93	0.02377	0.01203	0.01485	0.01201	0.01622	0.01176	0.00965	0.19931	0.05345	0.40894	0.02469	0.14396	0.01933	0.01000	0.00678	0.00210	0.00560	0.00833	0.00721	0.01001
94	0.01504	0.07336	0.58186	0.01772	0.02603	0.13664	0.02129	0.02128	0.01439	0.01941	0.01119	0.01313	0.00821	0.00619	0.00598	0.00195	0.00975	0.00460	0.00283	0.00914
95	0.01308	0.03255	0.70105	0.01890	0.02828	0.01508	0.06139	0.02048	0.01373	0.02048	0.01168	0.01385	0.00827	0.00610	0.00622	0.00205	0.00962	0.00493	0.00276	0.00950
96	0.01525	0.01825	0.14447	0.07339	0.54176	0.01530	0.05784	0.01981	0.01447	0.02074	0.01208	0.01575	0.00979	0.00584	0.00642	0.00197	0.00821	0.00570	0.00311	0.00988
97	0.01618	0.01458	0.02466	0.13792	0.59773	0.01489	0.01900	0.02001	0.01467	0.05966	0.01279	0.01649	0.01032	0.00598	0.00641	0.00196	0.00769	0.00580	0.00342	0.00985
98	0.01341	0.01301	0.01818	0.01578	0.01589	0.01792	0.01298	0.01482	0.00991	0.01532	0.00999	0.01682	0.01006	0.05926	0.08859	0.00372	0.64863	0.00599	0.00295	0.00676
99	0.02156	0.01906	0.01906	0.01581	0.02001	0.24708	0.10245	0.07678	0.16687	0.17369	0.01887	0.02093	0.01436	0.00793	0.00658	0.00201	0.00822	0.04422	0.00537	0.00914
100	0.01212	0.02882	0.61839	0.01686	0.02489	0.01339	0.02092	0.01857	0.01343	0.01981	0.01557	0.13852	0.01390	0.00847	0.00649	0.00214	0.00859	0.00702	0.00327	0.00884
101	0.01347	0.03019	0.61956	0.01755	0.02612	0.01518	0.02162	0.02276	0.13062	0.02155	0.01403	0.01537	0.01009	0.00657	0.00621	0.00207	0.00882	0.00519	0.00336	0.00966
102	0.00814	0.00642	0.00735	0.00742	0.00912	0.00562	0.00545	0.01014	0.01546	0.01993	0.26710	0.16892	0.41398	0.01599	0.00773	0.00220	0.00328	0.01377	0.00635	0.00562
103	0.03592	0.03651	0.13981	0.01625	0.02173	0.01341	0.16969	0.04004	0.12952	0.23200	0.02037	0.08251	0.01567	0.00816	0.00674	0.00211	0.00724	0.00744	0.00540	0.00947
104	0.01130	0.00730	0.00973	0.00892	0.00984	0.00731	0.03818	0.01215	0.01061	0.07473	0.01995	0.03660	0.02100	0.55225	0.14763	0.00639	0.00824	0.00866	0.00416	0.00505
105	0.00812	0.00573	0.00742	0.00867	0.00899	0.00542	0.00565	0.00906	0.01188	0.01584	0.03309	0.64856	0.03955	0.14473	0.01232	0.00323	0.00416	0.01688	0.00565	0.00503
106	0.01568	0.01471	0.02355	0.06821	0.56234	0.01521	0.01790	0.02190	0.13144	0.02182	0.01506	0.01894	0.01246	0.00662	0.00650	0.00200	0.00725	0.02463	0.00382	0.00997
107	0.01531	0.01816	0.14387	0.06983	0.58378	0.01525	0.02041	0.01978	0.01445	0.02079	0.01203	0.01566	0.00982	0.00585	0.00636	0.00195	0.00803	0.00559	0.00311	0.00998
108	0.01741	0.01668	0.01522	0.01373	0.01733	0.13696	0.01060	0.03292	0.60473	0.02517	0.02360	0.02205	0.01784	0.00842	0.00645	0.00210	0.00620	0.00679	0.00604	0.00977
109	0.02414	0.03079	0.01831	0.01665	0.01998	0.74698	0.01248	0.02580	0.01831	0.01581	0.00999	0.01165	0.00832	0.00666	0.00583	0.00166	0.01165	0.00416	0.00333	0.00749
110	0.01902	0.01582	0.02658	0.02315	0.14223	0.04894	0.29998	0.08506	0.04807	0.16272	0.01704	0.05229	0.01307	0.00708	0.00699	0.00208	0.00842	0.00725	0.00474	0.00947
111	0.01403	0.01546	0.03180	0.02315	0.02883	0.01453	0.55987	0.01945	0.04829	0.02046	0.02236	0.02514	0.12938	0.00741	0.00758	0.00218	0.00936	0.00860	0.00388	0.00825
112	0.00787	0.00562	0.00750	0.00900	0.00937	0.00525	0.00600	0.00900	0.01237	0.01649	0.03561	0.76871	0.04274	0.02024	0.00825	0.00262	0.00375	0.01837	0.00600	0.00525
113	0.01599	0.01535	0.02623	0.03966	0.73262	0.01535	0.01983	0.01983	0.01471	0.02111	0.01215	0.01599	0.01023	0.00576	0.00640	0.00192	0.00768	0.00576	0.00320	0.01023

[dist]
# distance from previous block
# <min> <max>
5	169

# created by:
# /home/cegg/simao/soft/augustus-3.2.1/scripts/msa2prfl.pl ./align_prep/EOG090W0EM5.fa
