[name]
unknown

[dist]
# distance from previous block
# <min> <max>
0	26

[block]
# block no. 0 follows, 31 sequences, length 12
# corresponding to MSA columns:
# 26-37
name=unknown_A
#
# <colnr> <probs for GDERKNQSTAVLIFYWHMCP>
#	G	D	E	R	K	N	Q	S	T	A	V	L	I	F	Y	W	H	M	C	P
0	0.01425	0.01648	0.16792	0.01242	0.01834	0.01077	0.01188	0.01950	0.07038	0.05550	0.06141	0.08740	0.01778	0.00798	0.00615	0.00166	0.00601	0.00668	0.00468	0.40282
1	0.02056	0.02185	0.02638	0.02024	0.02568	0.25816	0.27012	0.06254	0.01809	0.06776	0.01349	0.01591	0.01032	0.00641	0.00681	0.00189	0.01018	0.00601	0.00410	0.13350
2	0.08551	0.01401	0.01509	0.01319	0.01735	0.01559	0.01040	0.03444	0.52045	0.15656	0.02616	0.02391	0.01903	0.00889	0.00672	0.00227	0.00548	0.00724	0.00701	0.01069
3	0.01296	0.01083	0.01286	0.00992	0.01480	0.00838	0.00771	0.01575	0.01446	0.02202	0.07436	0.12482	0.01977	0.00819	0.00585	0.00136	0.00475	0.00698	0.00468	0.61955
4	0.01693	0.01626	0.02777	0.04199	0.71689	0.01626	0.02100	0.02100	0.01558	0.02235	0.01287	0.01693	0.01084	0.00610	0.00677	0.00203	0.00813	0.00610	0.00339	0.01084
5	0.01292	0.01216	0.02052	0.74312	0.04712	0.01520	0.01900	0.01748	0.01368	0.01748	0.01216	0.01824	0.00912	0.00684	0.00684	0.00228	0.00912	0.00608	0.00304	0.00760
6	0.01493	0.01251	0.01475	0.01116	0.01625	0.01087	0.00892	0.08508	0.01588	0.02391	0.04111	0.05864	0.01435	0.00716	0.00680	0.00140	0.05765	0.00561	0.00453	0.58847
7	0.08523	0.01592	0.01842	0.01526	0.01839	0.12685	0.08850	0.07163	0.01734	0.11200	0.15847	0.05051	0.02295	0.01005	0.01010	0.00228	0.15480	0.00772	0.00528	0.00831
8	0.01685	0.20242	0.28903	0.01488	0.02188	0.06146	0.01612	0.02134	0.01487	0.07477	0.01417	0.01564	0.03004	0.00680	0.00639	0.00180	0.03535	0.00495	0.00368	0.14757
9	0.27032	0.17639	0.10036	0.01194	0.01682	0.07616	0.01104	0.02203	0.04286	0.09944	0.04267	0.01771	0.01326	0.06411	0.00757	0.00231	0.00695	0.00526	0.00445	0.00838
10	0.09631	0.34737	0.35466	0.01507	0.02275	0.02066	0.01761	0.02100	0.01393	0.02018	0.01080	0.01261	0.00859	0.00621	0.00536	0.00186	0.00842	0.00432	0.00304	0.00926
11	0.01671	0.24242	0.16764	0.06847	0.02157	0.12364	0.01430	0.07370	0.01622	0.01992	0.01759	0.13221	0.04013	0.00930	0.00629	0.00200	0.00812	0.00732	0.00399	0.00845

[dist]
# distance from previous block
# <min> <max>
4	22

[block]
# block no. 1 follows, 31 sequences, length 9
# corresponding to MSA columns:
# 60-68
name=unknown_B
#
# <colnr> <probs for GDERKNQSTAVLIFYWHMCP>
#	G	D	E	R	K	N	Q	S	T	A	V	L	I	F	Y	W	H	M	C	P
0	0.06488	0.01551	0.02165	0.25149	0.30031	0.07369	0.01692	0.01979	0.01484	0.02088	0.01214	0.01618	0.00982	0.00626	0.00633	0.00194	0.00814	0.00549	0.00344	0.13030
1	0.02026	0.01515	0.02014	0.01547	0.02032	0.01558	0.09371	0.23066	0.05219	0.12188	0.01644	0.01799	0.01234	0.01028	0.05170	0.00251	0.08598	0.00615	0.00544	0.18580
2	0.01705	0.01488	0.02344	0.17214	0.41170	0.01527	0.01786	0.05707	0.04207	0.05865	0.01413	0.01752	0.01116	0.00649	0.00662	0.00199	0.00774	0.00598	0.00397	0.09427
3	0.01576	0.01506	0.02566	0.24616	0.52186	0.01595	0.02041	0.01997	0.01503	0.02093	0.01266	0.01731	0.01034	0.00631	0.00679	0.00210	0.00842	0.00609	0.00329	0.00989
4	0.01349	0.00908	0.01267	0.01163	0.01420	0.00869	0.04943	0.05304	0.01776	0.10397	0.22815	0.08395	0.12429	0.01647	0.04456	0.00291	0.00589	0.18586	0.00664	0.00732
5	0.01330	0.01277	0.01915	0.47161	0.13559	0.04719	0.01668	0.01719	0.01458	0.01841	0.02152	0.02706	0.11417	0.00875	0.00708	0.00226	0.00819	0.03301	0.00373	0.00776
6	0.01442	0.01369	0.02323	0.48084	0.29767	0.01559	0.01975	0.01880	0.01439	0.01930	0.01243	0.01775	0.00976	0.00656	0.00681	0.00219	0.00875	0.00609	0.00317	0.00881
7	0.01457	0.05048	0.01475	0.01214	0.01560	0.01347	0.03384	0.10109	0.28006	0.02527	0.03838	0.08655	0.22559	0.01254	0.00744	0.00232	0.00536	0.04552	0.00636	0.00868
8	0.06226	0.01747	0.10327	0.01359	0.01898	0.09350	0.01213	0.02671	0.05216	0.31327	0.01866	0.01827	0.01298	0.00758	0.00722	0.00194	0.05128	0.00568	0.00578	0.15726

[dist]
# distance from previous block
# <min> <max>
9	52

[block]
# block no. 2 follows, 31 sequences, length 23
# corresponding to MSA columns:
# 121-143
name=unknown_C
#
# <colnr> <probs for GDERKNQSTAVLIFYWHMCP>
#	G	D	E	R	K	N	Q	S	T	A	V	L	I	F	Y	W	H	M	C	P
0	0.01781	0.04306	0.18014	0.01888	0.08656	0.03266	0.11925	0.05074	0.03058	0.14547	0.03766	0.09364	0.01641	0.00841	0.00691	0.00208	0.00783	0.00755	0.00487	0.08950
1	0.01967	0.04960	0.01806	0.10375	0.05814	0.13791	0.01250	0.12295	0.07472	0.11110	0.05662	0.04237	0.01837	0.00918	0.00686	0.00208	0.00756	0.07216	0.00542	0.07098
2	0.01561	0.12945	0.10872	0.01321	0.01778	0.01436	0.04724	0.11983	0.04827	0.05371	0.10171	0.08732	0.07352	0.04328	0.02727	0.00252	0.00686	0.03487	0.00527	0.04921
3	0.01470	0.01726	0.18250	0.04261	0.02307	0.01215	0.16634	0.01957	0.03182	0.09091	0.11049	0.10398	0.02297	0.04278	0.00857	0.00239	0.00765	0.02266	0.00488	0.07272
4	0.01595	0.01192	0.01748	0.02193	0.27534	0.01146	0.01249	0.01986	0.06215	0.11560	0.07866	0.09995	0.04893	0.09453	0.01018	0.00259	0.00619	0.00874	0.00521	0.08084
5	0.05058	0.12546	0.36491	0.01521	0.02219	0.01482	0.01722	0.02058	0.01469	0.09005	0.01747	0.09377	0.01537	0.00889	0.00650	0.00213	0.00791	0.05314	0.00416	0.05493
6	0.01451	0.06437	0.04227	0.12764	0.15126	0.01266	0.01287	0.01808	0.01466	0.02143	0.05261	0.01723	0.01311	0.00614	0.00583	0.00153	0.00646	0.00523	0.00386	0.40825
7	0.01616	0.01927	0.16787	0.02198	0.09419	0.03778	0.24192	0.04744	0.01628	0.07545	0.01944	0.11093	0.03455	0.00888	0.00744	0.00224	0.00881	0.02754	0.00439	0.03743
8	0.01184	0.00845	0.01157	0.05053	0.09928	0.00793	0.00883	0.01398	0.01518	0.08858	0.08077	0.30715	0.23782	0.01586	0.00798	0.00242	0.00473	0.01397	0.00609	0.00703
9	0.01978	0.01775	0.08805	0.01770	0.09239	0.01733	0.01378	0.18931	0.35690	0.07940	0.02198	0.02122	0.01616	0.00836	0.00686	0.00220	0.00669	0.00687	0.00627	0.01101
10	0.01494	0.14929	0.58637	0.01820	0.02736	0.04811	0.02264	0.02172	0.01457	0.02058	0.01177	0.01381	0.00869	0.00642	0.00616	0.00204	0.00977	0.00481	0.00292	0.00981
11	0.01463	0.02985	0.51889	0.02544	0.19585	0.01605	0.06046	0.02152	0.01481	0.02184	0.01251	0.01526	0.00928	0.00636	0.00665	0.00214	0.00971	0.00547	0.00304	0.01024
12	0.01452	0.03032	0.53111	0.02410	0.13456	0.01612	0.10992	0.02160	0.01483	0.02180	0.01257	0.01533	0.00921	0.00634	0.00674	0.00216	0.00999	0.00560	0.00304	0.01011
13	0.01417	0.01356	0.02369	0.38059	0.24832	0.01488	0.08830	0.01857	0.01508	0.02042	0.08188	0.02111	0.01526	0.00721	0.00707	0.00219	0.00848	0.00691	0.00363	0.00865
14	0.01472	0.14016	0.22101	0.01752	0.02352	0.01514	0.17952	0.01927	0.01494	0.05969	0.02097	0.14775	0.04849	0.00991	0.00714	0.00224	0.00825	0.03689	0.00425	0.00863
15	0.01867	0.25279	0.10967	0.01850	0.08644	0.16485	0.08160	0.02212	0.01599	0.05574	0.01496	0.02165	0.01327	0.00791	0.00634	0.00198	0.00897	0.08585	0.00384	0.00885
16	0.00809	0.00693	0.00693	0.00693	0.00924	0.00578	0.00520	0.00982	0.01559	0.01848	0.06931	0.06584	0.71411	0.01733	0.00809	0.00231	0.00347	0.01444	0.00635	0.00578
17	0.00981	0.00806	0.00899	0.01008	0.01094	0.05680	0.00705	0.01136	0.01438	0.01859	0.10355	0.57630	0.06592	0.01942	0.00850	0.00265	0.00459	0.05090	0.00627	0.00586
18	0.01755	0.01926	0.06601	0.11250	0.50558	0.11869	0.01991	0.02156	0.01585	0.02098	0.01243	0.01627	0.01024	0.00634	0.00668	0.00203	0.00895	0.00579	0.00334	0.01003
19	0.01104	0.00795	0.01018	0.01013	0.01122	0.00849	0.00723	0.07832	0.01337	0.01830	0.02419	0.22547	0.02617	0.22837	0.28059	0.00675	0.01029	0.01116	0.00483	0.00598
20	0.00968	0.00699	0.00914	0.00861	0.01022	0.00646	0.00646	0.01291	0.01937	0.02743	0.71328	0.05110	0.06455	0.01399	0.00807	0.00215	0.00323	0.01237	0.00753	0.00646
21	0.01472	0.08560	0.64748	0.01866	0.02828	0.01644	0.02372	0.02205	0.01461	0.04924	0.01267	0.01455	0.00900	0.00653	0.00637	0.00212	0.00974	0.00503	0.00311	0.01008
22	0.02199	0.02294	0.01789	0.01576	0.01973	0.31976	0.01217	0.13226	0.31313	0.02580	0.01882	0.01857	0.01438	0.00818	0.00661	0.00204	0.00866	0.00609	0.00549	0.00973

[dist]
# distance from previous block
# <min> <max>
1	4

[block]
# block no. 3 follows, 31 sequences, length 218
# corresponding to MSA columns:
# 151-216,218-368,385
name=unknown_D
#
# <colnr> <probs for GDERKNQSTAVLIFYWHMCP>
#	G	D	E	R	K	N	Q	S	T	A	V	L	I	F	Y	W	H	M	C	P
0	0.04176	0.13138	0.56654	0.01865	0.02780	0.01745	0.06250	0.02147	0.01438	0.02124	0.01190	0.01410	0.00874	0.00636	0.00623	0.00208	0.00965	0.00500	0.00297	0.00979
1	0.47475	0.01459	0.03718	0.01046	0.01437	0.06918	0.00871	0.07332	0.01566	0.02936	0.15579	0.02114	0.03501	0.00836	0.00555	0.00210	0.00573	0.00602	0.00506	0.00766
2	0.01512	0.25839	0.51338	0.01711	0.02592	0.01931	0.02112	0.02130	0.01428	0.01996	0.01143	0.01338	0.00870	0.00630	0.00585	0.00195	0.00926	0.00463	0.00290	0.00970
3	0.01336	0.00806	0.01026	0.00907	0.01165	0.00712	0.00699	0.01626	0.01859	0.14736	0.46311	0.04648	0.14811	0.01305	0.00771	0.00211	0.00381	0.01128	0.00734	0.04828
4	0.00844	0.00614	0.00799	0.00936	0.01001	0.00568	0.00641	0.00982	0.01362	0.01797	0.06118	0.64514	0.10899	0.02073	0.00868	0.00273	0.00398	0.04113	0.00639	0.00563
5	0.01855	0.73725	0.03525	0.01192	0.01769	0.05256	0.01176	0.02073	0.01410	0.01612	0.00955	0.01102	0.00878	0.00590	0.00445	0.00147	0.00750	0.00369	0.00295	0.00875
6	0.01417	0.10760	0.65587	0.01873	0.02842	0.01700	0.02393	0.02155	0.01439	0.02111	0.01200	0.01410	0.00868	0.00644	0.00629	0.00210	0.00983	0.00492	0.00289	0.00998
7	0.05060	0.01438	0.01958	0.01560	0.02044	0.01484	0.12160	0.07303	0.29667	0.23826	0.04436	0.02335	0.01820	0.00843	0.00704	0.00223	0.00660	0.00742	0.00675	0.01061
8	0.23125	0.01473	0.01463	0.01247	0.01687	0.05197	0.00998	0.06933	0.27378	0.20364	0.02121	0.01993	0.01515	0.00812	0.00617	0.00217	0.00597	0.00619	0.00643	0.01002
9	0.00856	0.00627	0.00807	0.00924	0.01005	0.00578	0.00642	0.01012	0.01419	0.01877	0.11244	0.56483	0.13150	0.02002	0.00861	0.00267	0.00393	0.04635	0.00647	0.00571
10	0.01693	0.01626	0.02777	0.04199	0.71689	0.01626	0.02100	0.02100	0.01558	0.02235	0.01287	0.01693	0.01084	0.00610	0.00677	0.00203	0.00813	0.00610	0.00339	0.01084
11	0.01504	0.01432	0.02435	0.37262	0.40105	0.01576	0.02005	0.01934	0.01468	0.02005	0.01253	0.01755	0.01003	0.00645	0.00680	0.00215	0.00860	0.00609	0.00322	0.00931
12	0.00952	0.00702	0.00916	0.01044	0.01174	0.00666	0.00827	0.01171	0.01478	0.01903	0.04299	0.31476	0.16880	0.01950	0.00894	0.00286	0.00494	0.31661	0.00633	0.00594
13	0.00894	0.00673	0.00828	0.00839	0.00989	0.00606	0.00610	0.01129	0.01688	0.02271	0.38321	0.22316	0.23007	0.01664	0.00823	0.00234	0.00347	0.01460	0.00694	0.00606
14	0.00834	0.00595	0.00794	0.00953	0.00992	0.00556	0.00635	0.00953	0.01310	0.01746	0.03771	0.75510	0.04525	0.02143	0.00873	0.00278	0.00397	0.01945	0.00635	0.00556
15	0.01342	0.01363	0.01256	0.01229	0.01402	0.19530	0.03792	0.01535	0.01608	0.01939	0.15997	0.39400	0.03798	0.01557	0.00791	0.00237	0.00633	0.01368	0.00572	0.00651
16	0.00995	0.00663	0.00746	0.00746	0.00746	0.00663	0.00415	0.00995	0.00995	0.01327	0.02156	0.04477	0.02487	0.75957	0.03482	0.00663	0.00663	0.00995	0.00415	0.00415
17	0.01372	0.03539	0.72412	0.01950	0.02961	0.01589	0.02528	0.02167	0.01444	0.02167	0.01228	0.01444	0.00867	0.00650	0.00650	0.00217	0.01011	0.00506	0.00289	0.01011
18	0.01693	0.01626	0.02777	0.04199	0.71689	0.01626	0.02100	0.02100	0.01558	0.02235	0.01287	0.01693	0.01084	0.00610	0.00677	0.00203	0.00813	0.00610	0.00339	0.01084
19	0.01393	0.01320	0.02235	0.56583	0.21648	0.01547	0.01950	0.01837	0.01416	0.01871	0.01234	0.01791	0.00955	0.00665	0.00682	0.00222	0.00887	0.00608	0.00313	0.00842
20	0.02641	0.01629	0.01644	0.01339	0.01793	0.15072	0.01071	0.11292	0.05083	0.40081	0.09158	0.02321	0.01967	0.00875	0.00686	0.00205	0.00701	0.00690	0.00715	0.01037
21	0.00834	0.00595	0.00794	0.00953	0.00992	0.00556	0.00635	0.00953	0.01310	0.01746	0.03771	0.75510	0.04525	0.02143	0.00873	0.00278	0.00397	0.01945	0.00635	0.00556
22	0.01550	0.01479	0.02518	0.29234	0.47773	0.01588	0.02028	0.01974	0.01490	0.02061	0.01262	0.01740	0.01022	0.00636	0.00680	0.00212	0.00848	0.00609	0.00326	0.00968
23	0.02556	0.03261	0.01939	0.01763	0.02115	0.73210	0.01322	0.02732	0.01939	0.01674	0.01058	0.01234	0.00881	0.00705	0.00617	0.00176	0.01234	0.00441	0.00353	0.00793
24	0.01531	0.01682	0.03520	0.21470	0.03871	0.01675	0.51691	0.02076	0.01551	0.02076	0.01340	0.01840	0.01005	0.00605	0.00775	0.00230	0.01091	0.00755	0.00335	0.00880
25	0.01372	0.03539	0.72412	0.01950	0.02961	0.01589	0.02528	0.02167	0.01444	0.02167	0.01228	0.01444	0.00867	0.00650	0.00650	0.00217	0.01011	0.00506	0.00289	0.01011
26	0.01082	0.00773	0.01080	0.01237	0.01386	0.00770	0.01068	0.01383	0.01555	0.02025	0.03633	0.12758	0.03981	0.01909	0.00940	0.00312	0.00613	0.62240	0.00630	0.00624
27	0.01292	0.01216	0.02052	0.74312	0.04712	0.01520	0.01900	0.01748	0.01368	0.01748	0.01216	0.01824	0.00912	0.00684	0.00684	0.00228	0.00912	0.00608	0.00304	0.00760
28	0.00845	0.00694	0.00743	0.00731	0.00946	0.00593	0.00548	0.01052	0.01645	0.02051	0.21530	0.06250	0.56685	0.01657	0.00808	0.00227	0.00341	0.01397	0.00662	0.00593
29	0.01693	0.01626	0.02777	0.04199	0.71689	0.01626	0.02100	0.02100	0.01558	0.02235	0.01287	0.01693	0.01084	0.00610	0.00677	0.00203	0.00813	0.00610	0.00339	0.01084
30	0.00993	0.00671	0.00783	0.00783	0.00796	0.00683	0.00460	0.01019	0.01006	0.01354	0.02122	0.04291	0.02406	0.68577	0.10751	0.00709	0.00785	0.00968	0.00410	0.00435
31	0.01596	0.01259	0.01470	0.01062	0.01662	0.00997	0.00855	0.06266	0.01569	0.06569	0.01333	0.01488	0.01064	0.00548	0.00529	0.00115	0.00527	0.00436	0.00450	0.70204
32	0.01779	0.68442	0.11076	0.01255	0.01887	0.02585	0.01318	0.02061	0.01396	0.01670	0.00981	0.01135	0.00877	0.00592	0.00462	0.00154	0.00762	0.00381	0.00292	0.00892
33	0.02035	0.02004	0.02679	0.02082	0.02595	0.17888	0.28753	0.12820	0.04307	0.07444	0.01730	0.02357	0.01413	0.00815	0.00747	0.00222	0.00992	0.07717	0.00478	0.00922
34	0.01480	0.01214	0.01425	0.01021	0.01626	0.00915	0.00818	0.01782	0.01439	0.04815	0.01271	0.01452	0.01038	0.00519	0.00513	0.00105	0.00509	0.00416	0.00422	0.77219
35	0.04376	0.12868	0.58096	0.01762	0.02667	0.01696	0.02209	0.02102	0.01431	0.02116	0.01392	0.01577	0.03475	0.00681	0.00620	0.00208	0.00932	0.00517	0.00307	0.00968
36	0.01680	0.01612	0.02752	0.06592	0.69403	0.01622	0.02093	0.02088	0.01551	0.02218	0.01284	0.01698	0.01078	0.00612	0.00678	0.00204	0.00816	0.00610	0.00337	0.01073
37	0.00995	0.00663	0.00746	0.00746	0.00746	0.00663	0.00415	0.00995	0.00995	0.01327	0.02156	0.04477	0.02487	0.75957	0.03482	0.00663	0.00663	0.00995	0.00415	0.00415
38	0.01095	0.00785	0.01092	0.01246	0.01405	0.00782	0.01088	0.01407	0.01575	0.02043	0.03704	0.07689	0.05597	0.01886	0.00942	0.00313	0.00623	0.65470	0.00630	0.00629
39	0.01490	0.22363	0.54622	0.01749	0.02650	0.01878	0.02177	0.02136	0.01430	0.02023	0.01156	0.01355	0.00870	0.00633	0.00595	0.00198	0.00939	0.00469	0.00290	0.00977
40	0.02567	0.01900	0.02034	0.01567	0.02109	0.02106	0.01292	0.66973	0.05706	0.04258	0.01685	0.01676	0.01198	0.00825	0.00685	0.00206	0.00745	0.00622	0.00685	0.01160
41	0.01372	0.03539	0.72412	0.01950	0.02961	0.01589	0.02528	0.02167	0.01444	0.02167	0.01228	0.01444	0.00867	0.00650	0.00650	0.00217	0.01011	0.00506	0.00289	0.01011
42	0.00902	0.00681	0.00834	0.00829	0.00990	0.00612	0.00609	0.01151	0.01732	0.02336	0.42660	0.16684	0.24261	0.01610	0.00818	0.00230	0.00341	0.01407	0.00702	0.00612
43	0.01461	0.17639	0.59086	0.01799	0.02728	0.01805	0.02265	0.02144	0.01434	0.02059	0.01174	0.01377	0.00869	0.00637	0.00609	0.00203	0.00957	0.00478	0.00290	0.00985
44	0.00834	0.00595	0.00794	0.00953	0.00992	0.00556	0.00635	0.00953	0.01310	0.01746	0.03771	0.75510	0.04525	0.02143	0.00873	0.00278	0.00397	0.01945	0.00635	0.00556
45	0.01631	0.01721	0.02024	0.01754	0.01804	0.12284	0.01433	0.01779	0.01174	0.01639	0.00966	0.01566	0.00953	0.03813	0.02055	0.00295	0.61464	0.00590	0.00311	0.00743
46	0.01648	0.25049	0.40841	0.01648	0.02450	0.01982	0.01918	0.08785	0.05599	0.02250	0.01276	0.01424	0.00970	0.00663	0.00593	0.00195	0.00875	0.00490	0.00352	0.00990
47	0.01577	0.01118	0.04838	0.01084	0.01430	0.01002	0.00902	0.02251	0.17545	0.16838	0.19169	0.04046	0.17114	0.01198	0.00740	0.00223	0.00478	0.03454	0.04136	0.00857
48	0.00821	0.00643	0.00745	0.00827	0.00959	0.00566	0.00579	0.00967	0.01431	0.01796	0.05299	0.42165	0.36884	0.01945	0.00842	0.00255	0.00373	0.01703	0.00635	0.00566
49	0.01587	0.01796	0.03901	0.02796	0.03465	0.01683	0.66229	0.02152	0.01629	0.02215	0.04420	0.01987	0.01273	0.00612	0.00807	0.00230	0.01117	0.00826	0.00364	0.00911
50	0.01450	0.13280	0.59520	0.01961	0.06344	0.01742	0.02322	0.02147	0.01443	0.02095	0.01193	0.01410	0.00879	0.00639	0.00623	0.00206	0.00963	0.00492	0.00292	0.00997
51	0.00895	0.00640	0.00865	0.01023	0.01090	0.00609	0.00743	0.01059	0.01371	0.01816	0.03737	0.59922	0.04390	0.02085	0.00890	0.00286	0.00451	0.16922	0.00634	0.00573
52	0.01689	0.01594	0.02211	0.11301	0.15701	0.03983	0.01632	0.10933	0.01505	0.02134	0.01118	0.01588	0.00971	0.00955	0.01490	0.00256	0.39108	0.00600	0.00361	0.00872
53	0.06922	0.01036	0.01325	0.01078	0.01480	0.00943	0.00869	0.04476	0.01922	0.42304	0.22764	0.03263	0.06552	0.01039	0.00713	0.00214	0.00497	0.00865	0.00779	0.00958
54	0.00917	0.00681	0.00855	0.00847	0.01000	0.00618	0.00622	0.01179	0.01764	0.02418	0.48587	0.17233	0.17585	0.01583	0.00818	0.00229	0.00339	0.01393	0.00712	0.00618
55	0.02988	0.01225	0.01617	0.01247	0.01772	0.01105	0.01028	0.07682	0.04586	0.65135	0.02633	0.02292	0.01673	0.00848	0.00688	0.00212	0.00592	0.00686	0.00831	0.01161
56	0.01788	0.01450	0.01550	0.01381	0.01777	0.01658	0.01078	0.03616	0.66129	0.07236	0.02779	0.02538	0.02063	0.00923	0.00696	0.00231	0.00544	0.00768	0.00706	0.01088
57	0.01592	0.01299	0.01234	0.01104	0.01361	0.15096	0.00843	0.03792	0.01977	0.11262	0.46827	0.03895	0.04604	0.01176	0.00751	0.00207	0.00548	0.00993	0.00684	0.00755
58	0.01419	0.01216	0.01419	0.01013	0.01621	0.00912	0.00811	0.01723	0.01419	0.02229	0.01216	0.01419	0.01013	0.00507	0.00507	0.00101	0.00507	0.00405	0.00405	0.80139
59	0.01806	0.72610	0.07136	0.01211	0.01818	0.02649	0.01241	0.02055	0.01393	0.01638	0.00965	0.01115	0.00877	0.00589	0.00450	0.00150	0.00746	0.00373	0.00292	0.00885
60	0.00957	0.00781	0.01270	0.01232	0.01370	0.00752	0.09927	0.01154	0.01325	0.01787	0.03206	0.56447	0.03702	0.02305	0.09919	0.00374	0.00679	0.01640	0.00562	0.00612
61	0.00977	0.00733	0.01100	0.01100	0.01222	0.00855	0.00855	0.01222	0.01100	0.01588	0.01833	0.02688	0.01710	0.05131	0.73245	0.01100	0.01833	0.00733	0.00367	0.00611
62	0.01429	0.01248	0.01552	0.01108	0.01721	0.00954	0.04287	0.01746	0.01429	0.02227	0.01225	0.01440	0.01015	0.00510	0.00522	0.00108	0.00540	0.00426	0.00402	0.76112
63	0.00989	0.00777	0.01043	0.01054	0.01202	0.00746	0.04206	0.03071	0.06045	0.02026	0.10771	0.48550	0.13257	0.01816	0.00838	0.00258	0.00441	0.01634	0.00637	0.00638
64	0.00932	0.00666	0.00907	0.01065	0.01148	0.00641	0.00806	0.01123	0.01407	0.01857	0.03716	0.50702	0.04310	0.02051	0.00899	0.00291	0.00482	0.25782	0.00633	0.00583
65	0.00968	0.00699	0.00914	0.00861	0.01022	0.00646	0.00646	0.01291	0.01937	0.02743	0.71328	0.05110	0.06455	0.01399	0.00807	0.00215	0.00323	0.01237	0.00753	0.00646
66	0.01434	0.05369	0.59214	0.02242	0.11546	0.01631	0.04845	0.02156	0.01463	0.02160	0.01233	0.01480	0.00900	0.00640	0.00653	0.00213	0.00983	0.00525	0.00297	0.01013
67	0.00834	0.00595	0.00794	0.00953	0.00992	0.00556	0.00635	0.00953	0.01310	0.01746	0.03771	0.75510	0.04525	0.02143	0.00873	0.00278	0.00397	0.01945	0.00635	0.00556
68	0.13867	0.02218	0.02256	0.04728	0.11673	0.29135	0.11701	0.03962	0.01628	0.02103	0.01124	0.01433	0.00922	0.00723	0.00822	0.00211	0.09749	0.00538	0.00361	0.00847
69	0.25240	0.01090	0.01175	0.00987	0.01376	0.01091	0.00797	0.05179	0.01680	0.27222	0.09944	0.02561	0.06539	0.00896	0.00603	0.00206	0.00494	0.00696	0.11352	0.00873
70	0.00901	0.00688	0.00827	0.00811	0.00986	0.00614	0.00601	0.01154	0.01751	0.02346	0.43088	0.11869	0.28720	0.01580	0.00813	0.00226	0.00338	0.01371	0.00702	0.00614
71	0.01756	0.01584	0.01617	0.01246	0.01757	0.10907	0.00996	0.08528	0.01652	0.04891	0.01263	0.01456	0.01025	0.00638	0.00700	0.00143	0.07218	0.00458	0.00432	0.51732
72	0.02601	0.01916	0.02053	0.01574	0.02122	0.02122	0.01300	0.69408	0.03217	0.04312	0.01643	0.01643	0.01163	0.00821	0.00684	0.00205	0.00753	0.00616	0.00684	0.01163
73	0.00837	0.00619	0.00784	0.00914	0.00992	0.00566	0.00628	0.00971	0.01363	0.01774	0.04342	0.61014	0.16682	0.02061	0.00864	0.00270	0.00394	0.03728	0.00635	0.00562
74	0.00841	0.00601	0.00802	0.00961	0.01004	0.00562	0.00648	0.00965	0.01317	0.01755	0.03767	0.73689	0.04509	0.02137	0.00875	0.00279	0.00403	0.03695	0.00635	0.00558
75	0.01389	0.06231	0.69867	0.01921	0.02916	0.01630	0.02478	0.02162	0.01442	0.02146	0.01218	0.01432	0.00867	0.00648	0.00642	0.00214	0.01001	0.00500	0.00289	0.01006
76	0.00834	0.00595	0.00794	0.00953	0.00992	0.00556	0.00635	0.00953	0.01310	0.01746	0.03771	0.75510	0.04525	0.02143	0.00873	0.00278	0.00397	0.01945	0.00635	0.00556
77	0.00833	0.00598	0.00791	0.00945	0.00990	0.00556	0.00632	0.00954	0.01318	0.01750	0.03868	0.73384	0.06588	0.02131	0.00871	0.00276	0.00395	0.01929	0.00635	0.00556
78	0.02712	0.01785	0.01937	0.01495	0.02031	0.04485	0.01230	0.51065	0.02867	0.20515	0.01875	0.01792	0.01280	0.00823	0.00683	0.00206	0.00730	0.00627	0.00711	0.01150
79	0.01497	0.01497	0.02095	0.01796	0.01796	0.02095	0.01497	0.01646	0.01048	0.01646	0.00898	0.01497	0.00898	0.01197	0.02245	0.00299	0.74704	0.00599	0.00299	0.00748
80	0.01542	0.21927	0.34157	0.01826	0.02624	0.01836	0.14622	0.02094	0.01460	0.02033	0.01184	0.01427	0.00917	0.00604	0.00610	0.00189	0.00913	0.00516	0.00313	0.09204
81	0.02556	0.03261	0.01939	0.01763	0.02115	0.73210	0.01322	0.02732	0.01939	0.01674	0.01058	0.01234	0.00881	0.00705	0.00617	0.00176	0.01234	0.00441	0.00353	0.00793
82	0.01806	0.01521	0.01606	0.01413	0.01819	0.01750	0.01108	0.11256	0.62662	0.03030	0.02652	0.02447	0.01981	0.00916	0.00695	0.00229	0.00566	0.00755	0.00695	0.01092
83	0.01829	0.76368	0.03585	0.01171	0.01756	0.02707	0.01171	0.02049	0.01390	0.01610	0.00951	0.01097	0.00878	0.00585	0.00439	0.00146	0.00732	0.00366	0.00293	0.00878
84	0.00844	0.00694	0.00743	0.00731	0.00946	0.00593	0.00548	0.01051	0.01644	0.02049	0.21372	0.06254	0.56844	0.01658	0.00808	0.00227	0.00341	0.01398	0.00662	0.00593
85	0.02892	0.01449	0.01764	0.01352	0.01888	0.01428	0.01117	0.28323	0.02434	0.46502	0.02299	0.02069	0.01493	0.00837	0.00687	0.00209	0.00647	0.00661	0.00785	0.01164
86	0.01067	0.00803	0.01000	0.00933	0.01124	0.00788	0.00705	0.01608	0.11194	0.02759	0.62067	0.04765	0.05865	0.01335	0.00792	0.00217	0.00352	0.01175	0.00745	0.00705
87	0.21551	0.01294	0.01639	0.03660	0.11193	0.01273	0.01126	0.05258	0.01742	0.41511	0.02005	0.01909	0.01339	0.00758	0.00623	0.00211	0.00616	0.00596	0.00654	0.01040
88	0.01077	0.00784	0.00951	0.00888	0.01096	0.00739	0.00672	0.01512	0.07983	0.05060	0.49948	0.05075	0.18807	0.01403	0.00793	0.00220	0.00356	0.01217	0.00728	0.00690
89	0.00963	0.00696	0.00910	0.00864	0.01021	0.00642	0.00645	0.01279	0.01914	0.02708	0.68911	0.07629	0.06386	0.01425	0.00809	0.00217	0.00325	0.01263	0.00749	0.00642
90	0.01864	0.52122	0.09482	0.01458	0.02036	0.12389	0.05831	0.02150	0.01475	0.01708	0.01018	0.01211	0.00889	0.00628	0.00569	0.00168	0.03395	0.00426	0.00304	0.00876
91	0.00834	0.00595	0.00794	0.00953	0.00992	0.00556	0.00635	0.00953	0.01310	0.01746	0.03771	0.75510	0.04525	0.02143	0.00873	0.00278	0.00397	0.01945	0.00635	0.00556
92	0.00833	0.00598	0.00791	0.00945	0.00990	0.00556	0.00632	0.00953	0.01317	0.01749	0.03863	0.73492	0.06483	0.02131	0.00871	0.00276	0.00395	0.01930	0.00635	0.00556
93	0.01615	0.01845	0.04037	0.02884	0.03576	0.01730	0.69204	0.02191	0.01615	0.02191	0.01384	0.01845	0.01038	0.00577	0.00807	0.00231	0.01153	0.00807	0.00346	0.00923
94	0.01372	0.03539	0.72412	0.01950	0.02961	0.01589	0.02528	0.02167	0.01444	0.02167	0.01228	0.01444	0.00867	0.00650	0.00650	0.00217	0.01011	0.00506	0.00289	0.01011
95	0.00863	0.00622	0.00820	0.00940	0.01010	0.00579	0.00649	0.01023	0.01426	0.01916	0.14397	0.59543	0.07302	0.02003	0.00863	0.00268	0.00392	0.04158	0.00653	0.00573
96	0.01732	0.01485	0.01564	0.01398	0.01791	0.01716	0.01090	0.05880	0.68158	0.02911	0.02746	0.02521	0.02057	0.00925	0.00696	0.00231	0.00549	0.00768	0.00696	0.01086
97	0.01806	0.72610	0.07136	0.01211	0.01818	0.02649	0.01241	0.02055	0.01393	0.01638	0.00965	0.01115	0.00877	0.00589	0.00450	0.00150	0.00746	0.00373	0.00292	0.00885
98	0.01047	0.00762	0.00965	0.00892	0.01075	0.00719	0.00675	0.04795	0.01989	0.02792	0.65428	0.04984	0.08506	0.01381	0.00801	0.00215	0.00346	0.01213	0.00745	0.00670
99	0.01829	0.76368	0.03585	0.01171	0.01756	0.02707	0.01171	0.02049	0.01390	0.01610	0.00951	0.01097	0.00878	0.00585	0.00439	0.00146	0.00732	0.00366	0.00293	0.00878
100	0.00817	0.00693	0.00704	0.00702	0.00929	0.00581	0.00526	0.00998	0.01579	0.01894	0.10253	0.06508	0.68060	0.01715	0.00808	0.00230	0.00345	0.01433	0.00641	0.00581
101	0.00841	0.00602	0.00810	0.00960	0.01004	0.00571	0.00646	0.00966	0.01299	0.01738	0.03671	0.71753	0.04380	0.02298	0.04607	0.00320	0.00471	0.01882	0.00621	0.00559
102	0.14068	0.01855	0.01892	0.01649	0.01792	0.17534	0.01341	0.01940	0.01260	0.01874	0.00941	0.01379	0.00870	0.01002	0.01606	0.00259	0.47121	0.00529	0.00330	0.00757
103	0.01372	0.03539	0.72412	0.01950	0.02961	0.01589	0.02528	0.02167	0.01444	0.02167	0.01228	0.01444	0.00867	0.00650	0.00650	0.00217	0.01011	0.00506	0.00289	0.01011
104	0.02625	0.01877	0.02029	0.01556	0.02102	0.02064	0.01285	0.65998	0.03152	0.07813	0.01697	0.01678	0.01191	0.00823	0.00685	0.00206	0.00744	0.00620	0.00693	0.01164
105	0.01670	0.02058	0.22433	0.04210	0.05604	0.01475	0.17967	0.11004	0.01766	0.07837	0.04226	0.09240	0.01600	0.00839	0.00718	0.00218	0.00854	0.00781	0.00459	0.05041
106	0.01452	0.16317	0.60336	0.01813	0.02750	0.01785	0.02290	0.02146	0.01435	0.02069	0.01179	0.01384	0.00869	0.00639	0.00613	0.00204	0.00962	0.00481	0.00290	0.00988
107	0.76691	0.01437	0.04690	0.00954	0.01408	0.01538	0.00833	0.02019	0.01179	0.03023	0.00967	0.01129	0.00747	0.00636	0.00435	0.00212	0.00554	0.00377	0.00416	0.00755
108	0.03019	0.01176	0.01586	0.01224	0.01748	0.01031	0.01008	0.03345	0.04490	0.69601	0.02702	0.02337	0.01708	0.00850	0.00688	0.00212	0.00581	0.00691	0.00841	0.01161
109	0.01545	0.31552	0.39403	0.01572	0.02357	0.01990	0.01852	0.02152	0.04988	0.01975	0.01414	0.01559	0.03568	0.00680	0.00577	0.00191	0.00854	0.00500	0.00324	0.00947
110	0.02124	0.04322	0.11690	0.01358	0.01887	0.01420	0.01235	0.10002	0.21008	0.25893	0.05163	0.02537	0.06459	0.00909	0.00688	0.00216	0.00630	0.00738	0.00671	0.01051
111	0.00834	0.00595	0.00794	0.00953	0.00992	0.00556	0.00635	0.00953	0.01310	0.01746	0.03771	0.75510	0.04525	0.02143	0.00873	0.00278	0.00397	0.01945	0.00635	0.00556
112	0.00843	0.00701	0.00742	0.00751	0.00971	0.00599	0.00576	0.01039	0.01587	0.01927	0.11190	0.06572	0.61410	0.01722	0.00819	0.00237	0.00368	0.06717	0.00643	0.00587
113	0.01683	0.32024	0.35912	0.01699	0.04665	0.09347	0.01858	0.02176	0.01477	0.01900	0.01104	0.01295	0.00880	0.00629	0.00565	0.00184	0.00918	0.00448	0.00299	0.00939
114	0.02978	0.01346	0.04033	0.01274	0.01814	0.03673	0.01079	0.05448	0.01981	0.64992	0.02555	0.02236	0.01618	0.00834	0.00684	0.00210	0.00626	0.00670	0.00805	0.01146
115	0.00843	0.00602	0.00805	0.00964	0.01008	0.00564	0.00652	0.00969	0.01319	0.01757	0.03765	0.73073	0.04504	0.02134	0.00876	0.00279	0.00405	0.04287	0.00635	0.00558
116	0.01280	0.00860	0.01272	0.22514	0.02178	0.00906	0.01049	0.01518	0.01420	0.11272	0.04633	0.39559	0.03061	0.04161	0.00884	0.00266	0.00581	0.01330	0.00562	0.00695
117	0.05240	0.06949	0.28926	0.02268	0.16090	0.16643	0.04418	0.07608	0.01702	0.02256	0.01215	0.01446	0.00937	0.00660	0.00635	0.00201	0.00967	0.00519	0.00352	0.00970
118	0.01807	0.01896	0.09304	0.02314	0.02861	0.04774	0.37846	0.02260	0.01549	0.11513	0.01438	0.01780	0.01077	0.00747	0.01051	0.00238	0.15512	0.00708	0.00400	0.00923
119	0.01597	0.04472	0.11009	0.02732	0.03453	0.01748	0.60151	0.02184	0.01590	0.02170	0.01354	0.01780	0.01015	0.00584	0.00779	0.00226	0.01125	0.00762	0.00338	0.00930
120	0.01435	0.00801	0.01010	0.00905	0.01162	0.00712	0.00697	0.01703	0.01815	0.18878	0.35856	0.07716	0.19085	0.01351	0.00770	0.00218	0.00392	0.01161	0.03584	0.00749
121	0.01466	0.00905	0.00991	0.00870	0.01166	0.00860	0.00668	0.03556	0.09354	0.09411	0.02948	0.03107	0.13003	0.04808	0.00742	0.00204	0.00429	0.00775	0.33264	0.11474
122	0.10746	0.01295	0.01591	0.01230	0.01754	0.01221	0.01014	0.12999	0.02043	0.52044	0.02301	0.02064	0.01489	0.00807	0.00653	0.00206	0.00599	0.00633	0.00761	0.04549
123	0.00834	0.00595	0.00794	0.00953	0.00992	0.00556	0.00635	0.00953	0.01310	0.01746	0.03771	0.75510	0.04525	0.02143	0.00873	0.00278	0.00397	0.01945	0.00635	0.00556
124	0.00834	0.00595	0.00794	0.00953	0.00992	0.00556	0.00635	0.00953	0.01310	0.01746	0.03771	0.75510	0.04525	0.02143	0.00873	0.00278	0.00397	0.01945	0.00635	0.00556
125	0.00935	0.00673	0.00885	0.00884	0.01015	0.00623	0.00643	0.01207	0.01781	0.02496	0.54539	0.22606	0.05976	0.01584	0.00823	0.00231	0.00341	0.01413	0.00724	0.00623
126	0.01585	0.01759	0.03554	0.02613	0.03133	0.01821	0.52378	0.02056	0.01474	0.02056	0.01263	0.01759	0.01003	0.00731	0.01165	0.00248	0.19432	0.00756	0.00334	0.00879
127	0.02556	0.03261	0.01939	0.01763	0.02115	0.73210	0.01322	0.02732	0.01939	0.01674	0.01058	0.01234	0.00881	0.00705	0.00617	0.00176	0.01234	0.00441	0.00353	0.00793
128	0.00857	0.00612	0.00821	0.00980	0.01030	0.00576	0.00677	0.00994	0.01333	0.01773	0.03758	0.69481	0.04473	0.02121	0.00880	0.00281	0.00418	0.07738	0.00635	0.00562
129	0.01655	0.17368	0.41579	0.01821	0.02642	0.01805	0.09629	0.04316	0.04023	0.06970	0.01361	0.01528	0.00998	0.00658	0.00632	0.00204	0.00918	0.00538	0.00361	0.00993
130	0.01306	0.01230	0.02077	0.71904	0.07012	0.01524	0.01907	0.01760	0.01375	0.01765	0.01218	0.01819	0.00918	0.00681	0.00684	0.00227	0.00909	0.00608	0.00305	0.00771
131	0.00834	0.00595	0.00794	0.00953	0.00992	0.00556	0.00635	0.00953	0.01310	0.01746	0.03771	0.75510	0.04525	0.02143	0.00873	0.00278	0.00397	0.01945	0.00635	0.00556
132	0.01969	0.62261	0.03267	0.01285	0.01825	0.16312	0.01200	0.02180	0.01496	0.01622	0.00972	0.01124	0.00879	0.00608	0.00473	0.00152	0.00829	0.00380	0.00304	0.00862
133	0.01392	0.06700	0.69425	0.01916	0.02909	0.01637	0.02469	0.02161	0.01442	0.02142	0.01216	0.01429	0.00867	0.00647	0.00641	0.00214	0.00999	0.00499	0.00289	0.01005
134	0.04853	0.01994	0.04548	0.01970	0.04509	0.12234	0.19458	0.23036	0.08985	0.07115	0.01670	0.01903	0.01258	0.00761	0.00705	0.00214	0.00898	0.02363	0.00524	0.01002
135	0.00943	0.00698	0.00880	0.00834	0.01007	0.00635	0.00626	0.01243	0.01877	0.02603	0.61231	0.05341	0.16640	0.01451	0.00807	0.00218	0.00326	0.01270	0.00735	0.00635
136	0.01673	0.01555	0.02503	0.08786	0.53711	0.01547	0.01870	0.05496	0.01611	0.02306	0.01290	0.01663	0.01066	0.00612	0.00655	0.00191	0.00776	0.00582	0.00363	0.11745
137	0.01434	0.13378	0.63113	0.01845	0.02798	0.01740	0.02344	0.02151	0.01437	0.02091	0.01190	0.01398	0.00868	0.00641	0.00621	0.00207	0.00973	0.00487	0.00289	0.00993
138	0.01372	0.03539	0.72412	0.01950	0.02961	0.01589	0.02528	0.02167	0.01444	0.02167	0.01228	0.01444	0.00867	0.00650	0.00650	0.00217	0.01011	0.00506	0.00289	0.01011
139	0.02676	0.01417	0.01802	0.11209	0.02270	0.01439	0.01223	0.24693	0.02289	0.40496	0.02154	0.02036	0.01415	0.00816	0.00686	0.00212	0.00682	0.00654	0.00720	0.01109
140	0.01800	0.71802	0.07900	0.01219	0.01831	0.02637	0.01256	0.02056	0.01394	0.01645	0.00968	0.01119	0.00877	0.00589	0.00452	0.00151	0.00749	0.00375	0.00292	0.00886
141	0.70289	0.01302	0.01084	0.00943	0.01380	0.01463	0.00777	0.02190	0.01272	0.12404	0.01189	0.01276	0.00870	0.00664	0.00459	0.00212	0.00536	0.00413	0.00481	0.00798
142	0.00953	0.00699	0.00893	0.00845	0.01013	0.00639	0.00634	0.01262	0.01901	0.02658	0.65210	0.05250	0.12626	0.01430	0.00807	0.00217	0.00325	0.01257	0.00742	0.00639
143	0.01408	0.01359	0.01895	0.01648	0.01659	0.01865	0.01351	0.01555	0.01049	0.01616	0.01085	0.01844	0.01100	0.07437	0.09079	0.00404	0.61981	0.00643	0.00315	0.00709
144	0.02556	0.03261	0.01939	0.01763	0.02115	0.73210	0.01322	0.02732	0.01939	0.01674	0.01058	0.01234	0.00881	0.00705	0.00617	0.00176	0.01234	0.00441	0.00353	0.00793
145	0.01755	0.01496	0.01577	0.01403	0.01799	0.01727	0.01096	0.07561	0.66440	0.02948	0.02716	0.02498	0.02033	0.00922	0.00695	0.00230	0.00554	0.00764	0.00695	0.01088
146	0.00843	0.00602	0.00804	0.00963	0.01007	0.00564	0.00651	0.00969	0.01319	0.01757	0.03766	0.73182	0.04505	0.02135	0.00876	0.00279	0.00405	0.04182	0.00635	0.00558
147	0.16863	0.01288	0.01543	0.01206	0.01718	0.01241	0.00996	0.11447	0.01976	0.51275	0.02254	0.02025	0.01457	0.00806	0.00640	0.00211	0.00594	0.00622	0.00751	0.01089
148	0.00816	0.00693	0.00703	0.00700	0.00928	0.00581	0.00525	0.00995	0.01576	0.01887	0.09726	0.06520	0.68592	0.01718	0.00808	0.00230	0.00345	0.01435	0.00640	0.00581
149	0.00920	0.00681	0.00759	0.00748	0.00866	0.00628	0.00498	0.01047	0.01388	0.01795	0.17288	0.05387	0.29004	0.33838	0.01967	0.00415	0.00479	0.01209	0.00562	0.00520
150	0.01389	0.06157	0.69937	0.01922	0.02918	0.01629	0.02479	0.02162	0.01442	0.02147	0.01218	0.01432	0.00867	0.00648	0.00642	0.00214	0.01001	0.00501	0.00289	0.01006
151	0.02556	0.03261	0.01939	0.01763	0.02115	0.73210	0.01322	0.02732	0.01939	0.01674	0.01058	0.01234	0.00881	0.00705	0.00617	0.00176	0.01234	0.00441	0.00353	0.00793
152	0.00828	0.00617	0.00772	0.00895	0.00977	0.00561	0.00610	0.00959	0.01365	0.01769	0.04471	0.60233	0.19349	0.02052	0.00859	0.00267	0.00386	0.01834	0.00635	0.00561
153	0.01403	0.01112	0.01247	0.01201	0.01466	0.01211	0.00913	0.04921	0.35768	0.04221	0.03396	0.25313	0.07971	0.01412	0.00773	0.00250	0.00498	0.05390	0.00672	0.00862
154	0.01372	0.03539	0.72412	0.01950	0.02961	0.01589	0.02528	0.02167	0.01444	0.02167	0.01228	0.01444	0.00867	0.00650	0.00650	0.00217	0.01011	0.00506	0.00289	0.01011
155	0.00973	0.00705	0.00822	0.00858	0.00961	0.00681	0.00589	0.01193	0.04892	0.01812	0.09121	0.21935	0.16418	0.26660	0.01713	0.00389	0.00491	0.05720	0.03513	0.00555
156	0.01565	0.05906	0.04414	0.45288	0.14246	0.06991	0.01817	0.05927	0.01543	0.01971	0.01216	0.01686	0.00947	0.00691	0.00709	0.00216	0.03105	0.00579	0.00334	0.00850
157	0.06687	0.01620	0.01573	0.01217	0.01758	0.11192	0.00969	0.12287	0.04346	0.05129	0.01356	0.01484	0.01066	0.00618	0.00558	0.00143	0.00650	0.00464	0.00469	0.46413
158	0.01656	0.22678	0.42654	0.01753	0.02579	0.03651	0.06718	0.02231	0.01489	0.06780	0.01261	0.01435	0.00938	0.00642	0.00607	0.00198	0.00923	0.00500	0.00334	0.00974
159	0.00892	0.00681	0.00805	0.00867	0.00994	0.00630	0.00611	0.01108	0.03902	0.01880	0.10479	0.35232	0.26561	0.08443	0.01074	0.00291	0.00411	0.03932	0.00628	0.00580
160	0.01466	0.00776	0.00897	0.00822	0.01047	0.00754	0.00632	0.01874	0.05747	0.12223	0.20918	0.03209	0.03030	0.00974	0.00609	0.00186	0.00369	0.00814	0.42914	0.00739
161	0.08341	0.01443	0.01660	0.05956	0.13007	0.08113	0.01186	0.08815	0.05895	0.08380	0.13008	0.02563	0.06274	0.01061	0.03432	0.00239	0.03137	0.00732	0.00532	0.06226
162	0.01494	0.21241	0.52665	0.01800	0.02693	0.01868	0.05072	0.02139	0.01439	0.02032	0.01167	0.01377	0.00877	0.00631	0.00605	0.00200	0.00949	0.00484	0.00292	0.00975
163	0.02235	0.00985	0.01310	0.01078	0.01470	0.00864	0.00872	0.02507	0.01897	0.44797	0.20403	0.03678	0.09803	0.01117	0.00741	0.00219	0.00496	0.03782	0.00793	0.00953
164	0.29351	0.01240	0.01461	0.01175	0.01659	0.01226	0.03361	0.02794	0.03709	0.41960	0.02089	0.02068	0.01426	0.00799	0.00610	0.00216	0.00585	0.02605	0.00674	0.00993
165	0.01624	0.02008	0.16137	0.03557	0.49695	0.01631	0.08945	0.02166	0.03517	0.02236	0.01328	0.01686	0.01067	0.00623	0.00686	0.00209	0.00877	0.00614	0.00340	0.01054
166	0.01604	0.01918	0.06986	0.02843	0.03549	0.01724	0.66329	0.02190	0.01607	0.02190	0.01377	0.01828	0.01031	0.00580	0.00801	0.00230	0.01147	0.00794	0.00344	0.00927
167	0.80789	0.01323	0.01006	0.00900	0.01323	0.01535	0.00741	0.02011	0.01164	0.03070	0.00953	0.01111	0.00741	0.00635	0.00423	0.00212	0.00529	0.00370	0.00423	0.00741
168	0.00862	0.00607	0.00785	0.00916	0.00948	0.00575	0.00596	0.00960	0.01254	0.01672	0.03483	0.62850	0.04162	0.15299	0.01338	0.00347	0.00444	0.01776	0.00596	0.00531
169	0.00926	0.00672	0.00891	0.01020	0.01123	0.00637	0.00773	0.01126	0.01461	0.01922	0.08892	0.42999	0.10334	0.01974	0.00885	0.00281	0.00461	0.22393	0.00642	0.00588
170	0.01925	0.01731	0.03228	0.02357	0.02980	0.04646	0.46524	0.02506	0.06258	0.15241	0.01702	0.01940	0.01222	0.00653	0.00758	0.00220	0.00986	0.00752	0.00465	0.03906
171	0.01188	0.00594	0.00891	0.00891	0.00891	0.00594	0.00594	0.00891	0.00891	0.01188	0.01188	0.02080	0.01188	0.02377	0.02674	0.80095	0.00594	0.00594	0.00297	0.00297
172	0.00830	0.00633	0.00763	0.00859	0.00970	0.00567	0.00596	0.00975	0.01419	0.01819	0.07373	0.49067	0.27718	0.01974	0.00848	0.00259	0.00377	0.01745	0.00640	0.00567
173	0.00845	0.00604	0.00807	0.00966	0.01011	0.00566	0.00655	0.00973	0.01321	0.01760	0.03764	0.72568	0.04499	0.02132	0.00876	0.00279	0.00407	0.04772	0.00635	0.00559
174	0.01578	0.01508	0.02569	0.24335	0.52454	0.01595	0.02042	0.01999	0.01503	0.02095	0.01267	0.01731	0.01034	0.00631	0.00679	0.00210	0.00841	0.00609	0.00329	0.00991
175	0.01292	0.01216	0.02052	0.74312	0.04712	0.01520	0.01900	0.01748	0.01368	0.01748	0.01216	0.01824	0.00912	0.00684	0.00684	0.00228	0.00912	0.00608	0.00304	0.00760
176	0.00847	0.00630	0.00792	0.00906	0.00998	0.00575	0.00631	0.00996	0.01406	0.01833	0.07938	0.54391	0.18710	0.02007	0.00859	0.00266	0.00392	0.04612	0.00641	0.00568
177	0.01586	0.01516	0.02584	0.22874	0.53849	0.01597	0.02046	0.02006	0.01507	0.02105	0.01268	0.01728	0.01038	0.00629	0.00679	0.00210	0.00839	0.00609	0.00329	0.00997
178	0.08776	0.01063	0.01497	0.01273	0.01617	0.01022	0.07985	0.04504	0.03526	0.21694	0.17410	0.13273	0.03207	0.01219	0.00758	0.00236	0.00567	0.08859	0.00673	0.00842
179	0.01693	0.01626	0.02777	0.04199	0.71689	0.01626	0.02100	0.02100	0.01558	0.02235	0.01287	0.01693	0.01084	0.00610	0.00677	0.00203	0.00813	0.00610	0.00339	0.01084
180	0.04768	0.01193	0.01367	0.01205	0.01554	0.03317	0.00958	0.11081	0.10889	0.17377	0.09436	0.14681	0.02767	0.01208	0.00736	0.00228	0.00562	0.09215	0.00672	0.06784
181	0.04847	0.01239	0.01476	0.01062	0.01665	0.00962	0.02776	0.01749	0.01413	0.02264	0.01209	0.01418	0.01002	0.00514	0.00512	0.00110	0.00526	0.00415	0.00404	0.74435
182	0.01229	0.00725	0.00868	0.00826	0.00895	0.00716	0.00514	0.01277	0.01112	0.09379	0.02193	0.04100	0.02339	0.62172	0.08353	0.00644	0.00741	0.00941	0.00460	0.00514
183	0.01815	0.64337	0.11305	0.01290	0.01911	0.06218	0.01332	0.02097	0.01425	0.01676	0.00988	0.01144	0.00877	0.00599	0.00472	0.00156	0.00789	0.00386	0.00295	0.00889
184	0.17237	0.01348	0.01625	0.01269	0.01769	0.04313	0.05731	0.06063	0.01783	0.34852	0.06441	0.02055	0.01634	0.00776	0.00629	0.00198	0.00624	0.00624	0.00643	0.10384
185	0.02556	0.03261	0.01939	0.01763	0.02115	0.73210	0.01322	0.02732	0.01939	0.01674	0.01058	0.01234	0.00881	0.00705	0.00617	0.00176	0.01234	0.00441	0.00353	0.00793
186	0.01676	0.01608	0.02746	0.07223	0.68800	0.01621	0.02091	0.02084	0.01550	0.02214	0.01284	0.01699	0.01076	0.00613	0.00678	0.00204	0.00817	0.00610	0.00337	0.01070
187	0.00834	0.00595	0.00794	0.00953	0.00992	0.00556	0.00635	0.00953	0.01310	0.01746	0.03771	0.75510	0.04525	0.02143	0.00873	0.00278	0.00397	0.01945	0.00635	0.00556
188	0.00977	0.00733	0.01100	0.01100	0.01222	0.00855	0.00855	0.01222	0.01100	0.01588	0.01833	0.02688	0.01710	0.05131	0.73245	0.01100	0.01833	0.00733	0.00367	0.00611
189	0.06720	0.01016	0.01256	0.01026	0.01425	0.00942	0.00829	0.02702	0.04305	0.43320	0.04465	0.02416	0.01812	0.00840	0.00616	0.00197	0.00493	0.00675	0.23979	0.00968
190	0.02416	0.01825	0.01949	0.01537	0.02051	0.02035	0.01256	0.55899	0.17026	0.04014	0.01877	0.01829	0.01353	0.00843	0.00687	0.00211	0.00709	0.00648	0.00687	0.01147
191	0.01372	0.03539	0.72412	0.01950	0.02961	0.01589	0.02528	0.02167	0.01444	0.02167	0.01228	0.01444	0.00867	0.00650	0.00650	0.00217	0.01011	0.00506	0.00289	0.01011
192	0.00847	0.00677	0.00762	0.00808	0.00983	0.00592	0.00599	0.01028	0.01526	0.01899	0.10278	0.23161	0.45987	0.01820	0.00834	0.00247	0.00378	0.06350	0.00643	0.00581
193	0.00843	0.00602	0.00804	0.00963	0.01007	0.00564	0.00651	0.00969	0.01319	0.01757	0.03766	0.73182	0.04505	0.02135	0.00876	0.00279	0.00405	0.04182	0.00635	0.00558
