[name]
unknown

[dist]
# distance from previous block
# <min> <max>
0	251

[block]
# block no. 0 follows, 29 sequences, length 12
# corresponding to MSA columns:
# 316-327
name=unknown_A
#
# <colnr> <probs for GDERKNQSTAVLIFYWHMCP>
#	G	D	E	R	K	N	Q	S	T	A	V	L	I	F	Y	W	H	M	C	P
0	0.09511	0.01824	0.09720	0.07789	0.02208	0.09656	0.03668	0.11610	0.04729	0.05435	0.03423	0.10597	0.01795	0.01181	0.03620	0.00265	0.03400	0.03476	0.00507	0.05586
1	0.01499	0.03378	0.11254	0.01387	0.01850	0.03955	0.04224	0.04857	0.17824	0.03837	0.04219	0.14284	0.09682	0.01255	0.02717	0.00248	0.00684	0.00968	0.00562	0.11317
2	0.01135	0.00795	0.00923	0.00915	0.00999	0.00795	0.00594	0.07090	0.01425	0.01907	0.08243	0.21712	0.05866	0.41757	0.02366	0.00494	0.00590	0.01281	0.00550	0.00563
3	0.02153	0.01692	0.06133	0.05113	0.02221	0.01670	0.06619	0.29827	0.07282	0.11742	0.10607	0.02473	0.02067	0.04311	0.00910	0.00246	0.02475	0.00771	0.00648	0.01040
4	0.01453	0.01264	0.01712	0.01476	0.07768	0.01055	0.06309	0.01802	0.03988	0.02220	0.01880	0.02120	0.07347	0.00830	0.00784	0.06488	0.00603	0.00601	0.00435	0.49867
5	0.02374	0.04041	0.01834	0.01422	0.01865	0.05492	0.06388	0.12297	0.02055	0.32532	0.06215	0.15660	0.02358	0.01117	0.00754	0.00229	0.00676	0.00960	0.00717	0.01011
6	0.02270	0.01999	0.08086	0.01566	0.02078	0.08481	0.01338	0.31530	0.16499	0.08814	0.02143	0.08289	0.01707	0.00973	0.00723	0.00225	0.00763	0.00775	0.00654	0.01087
7	0.07461	0.01142	0.07446	0.01183	0.01438	0.01067	0.01000	0.01661	0.08045	0.02034	0.07382	0.02912	0.02132	0.10332	0.40686	0.00781	0.01347	0.00783	0.00450	0.00717
8	0.02140	0.01601	0.01852	0.13675	0.02438	0.01803	0.01313	0.31823	0.19435	0.06542	0.02038	0.02096	0.01489	0.00858	0.00697	0.00221	0.00708	0.00686	0.07515	0.01070
9	0.01668	0.01389	0.04260	0.01186	0.01716	0.01194	0.00979	0.09749	0.11198	0.05070	0.01856	0.06277	0.01539	0.00776	0.00610	0.00162	0.00562	0.00635	0.07408	0.41769
10	0.01572	0.02957	0.01877	0.10863	0.13100	0.01356	0.05883	0.03419	0.14271	0.08309	0.04927	0.08118	0.16425	0.01121	0.00798	0.00236	0.02316	0.00977	0.00567	0.00909
11	0.04214	0.07391	0.01656	0.01286	0.01638	0.07824	0.01016	0.16382	0.13549	0.06182	0.13690	0.08979	0.04495	0.01217	0.00888	0.06557	0.00640	0.00880	0.00625	0.00889

[dist]
# distance from previous block
# <min> <max>
3	14

[block]
# block no. 1 follows, 29 sequences, length 14
# corresponding to MSA columns:
# 343-356
name=unknown_B
#
# <colnr> <probs for GDERKNQSTAVLIFYWHMCP>
#	G	D	E	R	K	N	Q	S	T	A	V	L	I	F	Y	W	H	M	C	P
0	0.01776	0.01632	0.07938	0.22084	0.02835	0.05203	0.04477	0.07948	0.11555	0.10605	0.08096	0.02590	0.06176	0.00903	0.00728	0.00225	0.00774	0.00766	0.00545	0.03144
1	0.07624	0.01948	0.05332	0.05772	0.02178	0.11547	0.01322	0.16442	0.26044	0.05886	0.01946	0.01967	0.01456	0.00861	0.00768	0.00225	0.04641	0.00647	0.00585	0.02809
2	0.17137	0.10776	0.01969	0.03610	0.06756	0.21823	0.03443	0.02397	0.04967	0.07978	0.07749	0.02097	0.04832	0.00831	0.00631	0.00204	0.00818	0.00627	0.00482	0.00873
3	0.10350	0.05290	0.02101	0.07189	0.14645	0.01647	0.02979	0.17654	0.04187	0.15782	0.01745	0.01944	0.01301	0.00770	0.00664	0.00208	0.00725	0.02133	0.00565	0.08121
4	0.57321	0.01480	0.04748	0.04339	0.01680	0.01563	0.00964	0.04833	0.05383	0.06373	0.01311	0.01451	0.00984	0.00708	0.00508	0.00220	0.00596	0.00468	0.04230	0.00841
5	0.12020	0.08915	0.02711	0.10209	0.28428	0.01827	0.11913	0.05435	0.07357	0.02475	0.01417	0.01734	0.01127	0.00677	0.00669	0.00217	0.00838	0.00623	0.00405	0.01003
6	0.01276	0.01033	0.01079	0.00988	0.01255	0.04318	0.00756	0.06346	0.08293	0.04465	0.28881	0.05140	0.30547	0.01453	0.00808	0.00229	0.00452	0.01225	0.00707	0.00748
7	0.00926	0.00677	0.00871	0.00922	0.01039	0.00622	0.00654	0.01149	0.01675	0.02283	0.33278	0.37399	0.12169	0.01848	0.00872	0.00256	0.00374	0.01649	0.00715	0.00622
8	0.01387	0.06221	0.01451	0.01188	0.01406	0.01146	0.04021	0.03982	0.06468	0.05354	0.06538	0.23516	0.02777	0.01721	0.07573	0.00322	0.06840	0.01104	0.16229	0.00756
9	0.01923	0.01766	0.06965	0.05172	0.05685	0.01805	0.04523	0.22149	0.26385	0.03077	0.02114	0.04383	0.01678	0.04848	0.00951	0.00259	0.03904	0.00762	0.00599	0.01054
10	0.01075	0.00783	0.00965	0.00951	0.01016	0.00840	0.00642	0.01231	0.04099	0.01585	0.02592	0.07871	0.07932	0.41034	0.16686	0.03914	0.04767	0.01024	0.00454	0.00538
11	0.72512	0.01572	0.01141	0.01023	0.01457	0.08429	0.00830	0.02166	0.01290	0.03054	0.01002	0.01169	0.00785	0.00668	0.00460	0.00217	0.00622	0.00393	0.00434	0.00776
12	0.01856	0.09998	0.10535	0.05001	0.08603	0.09720	0.05428	0.08877	0.04061	0.04486	0.05012	0.01800	0.01373	0.00794	0.00857	0.00207	0.09515	0.00602	0.00434	0.10840
13	0.01631	0.04904	0.12414	0.01789	0.12200	0.04399	0.01382	0.05574	0.05326	0.06344	0.07410	0.05188	0.01894	0.01451	0.10312	0.00325	0.00875	0.00714	0.04233	0.11635

[dist]
# distance from previous block
# <min> <max>
17	51

[block]
# block no. 2 follows, 29 sequences, length 16
# corresponding to MSA columns:
# 408-423
name=unknown_C
#
# <colnr> <probs for GDERKNQSTAVLIFYWHMCP>
#	G	D	E	R	K	N	Q	S	T	A	V	L	I	F	Y	W	H	M	C	P
0	0.03595	0.05717	0.09063	0.05841	0.01857	0.01488	0.01253	0.01781	0.06841	0.01992	0.05270	0.11293	0.02031	0.10553	0.03472	0.00329	0.19961	0.00857	0.00440	0.06367
1	0.01218	0.03865	0.04217	0.01067	0.01341	0.00906	0.00856	0.01628	0.07402	0.05514	0.19142	0.25340	0.11458	0.01533	0.00802	0.00238	0.00475	0.04508	0.00654	0.07836
2	0.06981	0.06482	0.04314	0.01222	0.01712	0.09624	0.01022	0.06092	0.01668	0.07661	0.03850	0.02163	0.06392	0.01321	0.09233	0.00284	0.00825	0.00607	0.00481	0.28065
3	0.06880	0.09913	0.04734	0.01570	0.07592	0.03279	0.01211	0.15706	0.12490	0.11364	0.04002	0.02375	0.06442	0.03266	0.00760	0.00222	0.00676	0.00698	0.00588	0.06233
4	0.05743	0.13058	0.09030	0.02537	0.25166	0.18698	0.01700	0.08124	0.05254	0.02346	0.01321	0.01546	0.01069	0.00696	0.00640	0.00200	0.00924	0.00543	0.00398	0.01008
5	0.01957	0.01076	0.01493	0.01248	0.01591	0.01023	0.06116	0.06712	0.05150	0.25096	0.09612	0.13470	0.04657	0.03652	0.00992	0.05881	0.00578	0.00998	0.07814	0.00882
6	0.03811	0.01363	0.01999	0.15433	0.24141	0.04089	0.03582	0.01946	0.05154	0.02176	0.03479	0.07678	0.01885	0.03365	0.04354	0.00288	0.00827	0.06999	0.02560	0.04871
7	0.01013	0.00751	0.01100	0.01107	0.01220	0.00861	0.00842	0.01240	0.01144	0.01636	0.02016	0.05812	0.01966	0.11177	0.63451	0.01071	0.01744	0.00836	0.00397	0.00616
8	0.10769	0.00971	0.01206	0.01289	0.01516	0.01012	0.01117	0.06304	0.01709	0.02427	0.03288	0.06752	0.03491	0.01730	0.00899	0.00307	0.00652	0.53217	0.00634	0.00709
9	0.01298	0.01078	0.01225	0.01156	0.01274	0.05229	0.00849	0.01669	0.09508	0.01796	0.02002	0.03169	0.01954	0.27701	0.22522	0.00657	0.10134	0.00821	0.05302	0.00656
10	0.01754	0.26118	0.36113	0.01704	0.02483	0.10542	0.01915	0.02408	0.06877	0.02067	0.01293	0.01454	0.01008	0.00685	0.00607	0.00199	0.00950	0.00494	0.00343	0.00987
11	0.01484	0.01147	0.01415	0.04794	0.01690	0.03116	0.04242	0.10325	0.08574	0.05172	0.04713	0.25995	0.05960	0.05987	0.00969	0.00273	0.00604	0.05094	0.03655	0.04792
12	0.00980	0.00707	0.00910	0.01003	0.01090	0.00683	0.00693	0.04213	0.01508	0.02028	0.10415	0.56432	0.06454	0.04902	0.04106	0.00330	0.00497	0.01778	0.00655	0.00615
13	0.06560	0.07253	0.02018	0.15377	0.05926	0.01785	0.01392	0.14182	0.07233	0.02486	0.01573	0.05010	0.01345	0.01379	0.08411	0.00330	0.13382	0.00680	0.00456	0.03224
14	0.01677	0.27971	0.23866	0.05843	0.06993	0.04613	0.03481	0.03781	0.05003	0.02116	0.04800	0.01720	0.01326	0.00862	0.02931	0.00229	0.00904	0.00558	0.00369	0.00958
15	0.07748	0.01458	0.02345	0.14050	0.25773	0.01526	0.10642	0.05404	0.05157	0.02438	0.05986	0.07519	0.01872	0.00903	0.00742	0.00234	0.00798	0.04014	0.00456	0.00936

[dist]
# distance from previous block
# <min> <max>
0	1

[block]
# block no. 3 follows, 29 sequences, length 24
# corresponding to MSA columns:
# 425-448
name=unknown_D
#
# <colnr> <probs for GDERKNQSTAVLIFYWHMCP>
#	G	D	E	R	K	N	Q	S	T	A	V	L	I	F	Y	W	H	M	C	P
0	0.04112	0.10717	0.19273	0.04130	0.02308	0.06285	0.03875	0.13407	0.04152	0.07974	0.01689	0.05421	0.01385	0.00892	0.00809	0.00224	0.06757	0.02556	0.03059	0.00974
1	0.01432	0.05429	0.01270	0.01070	0.01334	0.06400	0.00822	0.01818	0.07875	0.09635	0.16653	0.16343	0.19145	0.01717	0.05532	0.00294	0.00607	0.01207	0.00652	0.00763
2	0.01136	0.00739	0.00991	0.05060	0.01314	0.00709	0.00765	0.01316	0.01488	0.07728	0.11287	0.43546	0.06600	0.09322	0.01151	0.00314	0.00489	0.04750	0.00651	0.00644
3	0.05852	0.15309	0.07840	0.04236	0.01881	0.04007	0.01197	0.05287	0.19109	0.06593	0.02011	0.05632	0.01660	0.03697	0.03083	0.00260	0.02656	0.00698	0.08064	0.00926
4	0.05152	0.28194	0.08882	0.07531	0.02097	0.11459	0.01306	0.04471	0.01613	0.05518	0.04316	0.05620	0.01617	0.06218	0.00832	0.00234	0.00817	0.02847	0.00422	0.00854
5	0.01629	0.01188	0.01725	0.24071	0.02621	0.01379	0.01368	0.04724	0.01650	0.12768	0.13666	0.03062	0.04702	0.01243	0.03517	0.00282	0.14389	0.04652	0.00534	0.00831
6	0.01214	0.00794	0.00848	0.00820	0.01016	0.00776	0.00607	0.05390	0.04142	0.02447	0.09846	0.09664	0.20223	0.06651	0.00898	0.00244	0.00407	0.01074	0.32265	0.00674
7	0.01372	0.04106	0.14249	0.21442	0.02835	0.04248	0.08054	0.01831	0.03738	0.01911	0.03443	0.04682	0.01578	0.10060	0.10739	0.02755	0.01042	0.00751	0.00379	0.00784
8	0.01754	0.11010	0.11776	0.01940	0.10002	0.09223	0.06626	0.10744	0.01708	0.02234	0.01535	0.05608	0.01384	0.05741	0.08304	0.02942	0.05478	0.00693	0.00409	0.00889
9	0.00976	0.00736	0.00859	0.00879	0.01037	0.00685	0.00636	0.01250	0.04347	0.02142	0.20733	0.18800	0.26669	0.10051	0.01162	0.00299	0.00425	0.04733	0.02960	0.00621
10	0.53804	0.01503	0.04787	0.01080	0.01552	0.01560	0.00934	0.11086	0.01594	0.06546	0.01616	0.01710	0.05048	0.00774	0.00529	0.00219	0.00591	0.00521	0.03693	0.00853
11	0.08287	0.05479	0.07172	0.04926	0.18755	0.08527	0.16256	0.02203	0.01637	0.05661	0.05587	0.02025	0.03320	0.00752	0.00750	0.00216	0.03216	0.00680	0.00418	0.04133
12	0.04163	0.05939	0.12963	0.23745	0.04948	0.01409	0.01525	0.04277	0.01525	0.10329	0.01631	0.02090	0.01272	0.04703	0.04729	0.04183	0.00853	0.00632	0.08233	0.00853
13	0.00881	0.00678	0.00793	0.00876	0.01007	0.00608	0.00618	0.01031	0.01468	0.01850	0.05235	0.37176	0.33032	0.06869	0.01064	0.00297	0.00421	0.04870	0.00646	0.00582
14	0.01531	0.01189	0.01156	0.01074	0.01316	0.08591	0.00832	0.11595	0.01940	0.02696	0.16977	0.07308	0.07125	0.03561	0.00808	0.00231	0.00553	0.07526	0.23242	0.00749
15	0.04173	0.12983	0.08245	0.02578	0.27965	0.06317	0.01685	0.07730	0.04204	0.04295	0.01557	0.04283	0.01350	0.00964	0.03177	0.00246	0.03957	0.02864	0.00423	0.01003
16	0.01647	0.01501	0.05736	0.09207	0.36733	0.01424	0.01733	0.02082	0.03768	0.07950	0.04166	0.07129	0.07113	0.00962	0.00793	0.00231	0.02913	0.03458	0.00469	0.00983
17	0.01673	0.01249	0.01495	0.05040	0.08397	0.08889	0.01061	0.01764	0.01472	0.10660	0.09650	0.02747	0.06473	0.04059	0.01611	0.24404	0.07419	0.00765	0.00475	0.00695
18	0.16511	0.01692	0.01706	0.01521	0.04327	0.14445	0.06282	0.11558	0.01809	0.08406	0.01920	0.13925	0.01799	0.07215	0.00930	0.00261	0.00775	0.00837	0.00529	0.03552
19	0.13169	0.03819	0.06448	0.01534	0.08445	0.01217	0.03396	0.01863	0.04217	0.08703	0.04246	0.25118	0.04417	0.03114	0.00879	0.00256	0.04194	0.01094	0.03055	0.00814
20	0.04483	0.11738	0.15968	0.01715	0.03992	0.01607	0.11135	0.04047	0.09756	0.11618	0.04849	0.04560	0.04062	0.00887	0.00702	0.00220	0.00779	0.03488	0.00517	0.03874
21	0.05244	0.11309	0.22400	0.02058	0.14889	0.03529	0.01726	0.06838	0.01717	0.12728	0.01654	0.05966	0.01325	0.00789	0.00658	0.00209	0.00812	0.00640	0.00462	0.05046
22	0.17527	0.01579	0.07415	0.04142	0.08385	0.01473	0.01228	0.10834	0.11288	0.04670	0.06133	0.01997	0.01588	0.00866	0.00738	0.04253	0.00649	0.00615	0.02366	0.12254
23	0.01892	0.12226	0.04416	0.01642	0.08375	0.04378	0.03532	0.04332	0.13302	0.14329	0.10605	0.04301	0.02291	0.01202	0.04937	0.00269	0.00751	0.02991	0.00586	0.03644

[dist]
# distance from previous block
# <min> <max>
1	61

[block]
# block no. 4 follows, 29 sequences, length 18
# corresponding to MSA columns:
# 511-528
name=unknown_E
#
# <colnr> <probs for GDERKNQSTAVLIFYWHMCP>
#	G	D	E	R	K	N	Q	S	T	A	V	L	I	F	Y	W	H	M	C	P
0	0.04542	0.00962	0.01319	0.01336	0.06175	0.00981	0.03731	0.03680	0.01747	0.02520	0.31210	0.14380	0.08874	0.01415	0.00916	0.00242	0.05836	0.04223	0.05183	0.00727
1	0.01759	0.14795	0.02062	0.15371	0.05490	0.06004	0.01295	0.08855	0.07198	0.07012	0.08053	0.07752	0.02194	0.03477	0.00804	0.00238	0.00737	0.05494	0.00525	0.00882
2	0.01665	0.01618	0.08123	0.01588	0.05025	0.06319	0.04374	0.10022	0.08809	0.05393	0.06140	0.14199	0.02312	0.03266	0.03491	0.00277	0.05099	0.03124	0.02906	0.06251
3	0.01616	0.04023	0.04698	0.06219	0.10770	0.05835	0.05911	0.05117	0.06437	0.05214	0.08189	0.10018	0.06758	0.01050	0.00871	0.00224	0.07067	0.00881	0.00508	0.08594
4	0.02026	0.01559	0.01828	0.01648	0.06522	0.05663	0.03150	0.21475	0.07993	0.10300	0.06602	0.02633	0.07883	0.01315	0.05923	0.00293	0.08207	0.00783	0.03219	0.00977
5	0.01830	0.01656	0.03044	0.02252	0.02838	0.01580	0.38859	0.12236	0.01906	0.07868	0.01913	0.11768	0.01645	0.00878	0.00799	0.00232	0.00938	0.00933	0.00499	0.06326
6	0.04943	0.06663	0.20061	0.03865	0.04204	0.01617	0.03410	0.07088	0.08825	0.04363	0.11221	0.02328	0.01987	0.00904	0.00863	0.00224	0.08522	0.01953	0.00486	0.06470
7	0.05032	0.01905	0.15243	0.01636	0.05862	0.06990	0.03217	0.09140	0.07745	0.06005	0.11189	0.07174	0.02303	0.01100	0.02643	0.00243	0.00771	0.03350	0.00542	0.07909
8	0.01153	0.00869	0.01128	0.01055	0.01218	0.00863	0.03839	0.05478	0.03481	0.02127	0.16308	0.12865	0.10531	0.25213	0.05811	0.00443	0.00648	0.05750	0.00586	0.00634
9	0.01422	0.01337	0.01878	0.32524	0.08997	0.04783	0.01556	0.01933	0.07567	0.02074	0.09164	0.04248	0.05110	0.01098	0.02491	0.00264	0.09249	0.03044	0.00444	0.00817
10	0.07439	0.01166	0.01300	0.01167	0.01486	0.01259	0.00900	0.02673	0.30259	0.10666	0.17412	0.03236	0.03009	0.05878	0.04249	0.00300	0.00575	0.00874	0.05235	0.00917
11	0.01214	0.00721	0.00931	0.00909	0.01046	0.00680	0.00650	0.01333	0.01500	0.07439	0.20884	0.14020	0.10914	0.08596	0.04497	0.16277	0.00527	0.01146	0.06120	0.00596
12	0.80005	0.01377	0.01047	0.00936	0.01377	0.01597	0.00771	0.02093	0.01212	0.03195	0.00991	0.01157	0.00771	0.00661	0.00441	0.00220	0.00551	0.00386	0.00441	0.00771
13	0.01397	0.01278	0.02052	0.46496	0.12502	0.01515	0.01799	0.01910	0.05080	0.02012	0.03980	0.02732	0.01597	0.00911	0.00823	0.00248	0.04235	0.08203	0.00398	0.00832
14	0.00895	0.00709	0.00805	0.00811	0.01002	0.00619	0.00597	0.01114	0.01704	0.02187	0.25523	0.15789	0.42207	0.01759	0.00850	0.00242	0.00361	0.01511	0.00698	0.00619
15	0.06416	0.01274	0.06799	0.01310	0.04368	0.01243	0.01047	0.07535	0.01528	0.04768	0.04309	0.04467	0.01813	0.10726	0.08062	0.00369	0.11659	0.00743	0.20793	0.00771
16	0.01825	0.01171	0.01260	0.01074	0.01398	0.01234	0.00843	0.21286	0.08034	0.07389	0.05000	0.02862	0.06572	0.05179	0.00809	0.00227	0.00524	0.00774	0.31658	0.00881
17	0.06361	0.34560	0.17424	0.01534	0.04183	0.08990	0.01488	0.04256	0.06175	0.02069	0.01304	0.01594	0.01110	0.05333	0.00753	0.00218	0.00848	0.00505	0.00368	0.00926

[dist]
# distance from previous block
# <min> <max>
3	26

[block]
# block no. 5 follows, 29 sequences, length 10
# corresponding to MSA columns:
# 555-564
name=unknown_F
#
# <colnr> <probs for GDERKNQSTAVLIFYWHMCP>
#	G	D	E	R	K	N	Q	S	T	A	V	L	I	F	Y	W	H	M	C	P
0	0.02048	0.01569	0.04919	0.03582	0.02062	0.05248	0.06673	0.07768	0.12416	0.19300	0.05306	0.02511	0.06759	0.00872	0.00700	0.00203	0.00686	0.00735	0.00620	0.16022
1	0.09874	0.01855	0.04255	0.02219	0.19084	0.10423	0.01478	0.13695	0.04549	0.06092	0.01571	0.05857	0.01327	0.00872	0.00864	0.00222	0.09262	0.00663	0.00482	0.05355
2	0.02311	0.01723	0.02029	0.01910	0.12107	0.01842	0.01361	0.42197	0.06446	0.06733	0.02116	0.02293	0.04804	0.00903	0.00715	0.00215	0.00726	0.02929	0.02834	0.03805
3	0.01361	0.00840	0.01010	0.00942	0.01175	0.00792	0.00707	0.01731	0.06685	0.12333	0.22024	0.10899	0.19290	0.06462	0.03810	0.00297	0.00490	0.01195	0.07215	0.00741
4	0.01221	0.01051	0.04228	0.01099	0.01361	0.00941	0.00882	0.07456	0.07079	0.02364	0.12471	0.21121	0.16016	0.05995	0.00995	0.00276	0.00519	0.09016	0.00642	0.05266
5	0.00896	0.00647	0.00832	0.00969	0.01032	0.00604	0.00660	0.01027	0.01376	0.01810	0.04071	0.58637	0.10378	0.08228	0.01133	0.00321	0.00446	0.05721	0.00642	0.00573
6	0.01546	0.01988	0.25076	0.01694	0.02307	0.01242	0.13441	0.02060	0.01717	0.11734	0.16567	0.07165	0.08256	0.01037	0.00773	0.00232	0.00774	0.00936	0.00543	0.00913
7	0.55699	0.08103	0.01383	0.01044	0.01468	0.06298	0.00862	0.04616	0.01462	0.02973	0.09062	0.01669	0.01502	0.00761	0.00512	0.00212	0.00602	0.00505	0.00474	0.00793
8	0.01508	0.00962	0.01126	0.01052	0.01238	0.01018	0.00767	0.05420	0.12545	0.08562	0.02557	0.15426	0.02428	0.16921	0.01533	0.05569	0.03809	0.01001	0.15821	0.00737
9	0.01751	0.24007	0.02280	0.10459	0.08411	0.05678	0.01210	0.02060	0.05237	0.07588	0.01708	0.02208	0.03532	0.10082	0.01151	0.06496	0.00755	0.00630	0.00418	0.04341

[dist]
# distance from previous block
# <min> <max>
1	20

[block]
# block no. 6 follows, 29 sequences, length 9
# corresponding to MSA columns:
# 585-593
name=unknown_G
#
# <colnr> <probs for GDERKNQSTAVLIFYWHMCP>
#	G	D	E	R	K	N	Q	S	T	A	V	L	I	F	Y	W	H	M	C	P
0	0.01558	0.05223	0.07537	0.13108	0.13189	0.01442	0.09363	0.04498	0.01624	0.04387	0.04928	0.05864	0.05294	0.00837	0.00735	0.00205	0.02492	0.00746	0.00437	0.16534
1	0.01734	0.01463	0.06872	0.01364	0.01788	0.01358	0.03709	0.12984	0.18831	0.08690	0.02960	0.08454	0.09461	0.04135	0.03128	0.00279	0.00673	0.04140	0.03937	0.04040
2	0.01019	0.00776	0.00948	0.00940	0.01120	0.00736	0.00703	0.01421	0.07004	0.02485	0.39023	0.16256	0.18432	0.01632	0.00849	0.00244	0.00386	0.04619	0.00730	0.00678
3	0.01706	0.01800	0.12413	0.13906	0.08696	0.01560	0.05389	0.09359	0.09542	0.05424	0.04692	0.01982	0.01448	0.00774	0.00771	0.00211	0.04491	0.00645	0.00473	0.14717
4	0.00914	0.00654	0.00871	0.00988	0.01064	0.00612	0.00690	0.01095	0.01521	0.02062	0.18381	0.55731	0.05115	0.02047	0.00898	0.00277	0.00410	0.05379	0.00688	0.00603
5	0.02191	0.43487	0.03034	0.01614	0.05737	0.24121	0.01330	0.07417	0.01779	0.01947	0.01098	0.01264	0.00949	0.00668	0.00547	0.00170	0.00929	0.00439	0.00358	0.00921
6	0.00938	0.00659	0.00845	0.00947	0.00999	0.00628	0.00634	0.01066	0.01370	0.01842	0.10623	0.46888	0.04387	0.19454	0.01552	0.00380	0.00484	0.05128	0.00619	0.00558
7	0.05141	0.12850	0.02453	0.08899	0.05927	0.04317	0.06497	0.31351	0.07645	0.03187	0.01634	0.01914	0.01273	0.00808	0.00681	0.00214	0.00817	0.02802	0.00544	0.01047
8	0.11445	0.06350	0.05058	0.10680	0.15243	0.08689	0.07994	0.14750	0.01901	0.06131	0.01393	0.01665	0.01069	0.00778	0.00746	0.03226	0.00870	0.00592	0.00450	0.00972

[dist]
# distance from previous block
# <min> <max>
0	8

[block]
# block no. 7 follows, 29 sequences, length 19
# corresponding to MSA columns:
# 603-621
name=unknown_H
#
# <colnr> <probs for GDERKNQSTAVLIFYWHMCP>
#	G	D	E	R	K	N	Q	S	T	A	V	L	I	F	Y	W	H	M	C	P
0	0.01287	0.00935	0.01263	0.05514	0.07720	0.00903	0.00948	0.01667	0.06125	0.07737	0.19117	0.23602	0.11940	0.01487	0.00811	0.00242	0.00497	0.03112	0.00652	0.04441
1	0.01745	0.07168	0.09377	0.08789	0.29260	0.01606	0.03164	0.06388	0.01669	0.05062	0.01384	0.01697	0.01105	0.00758	0.02363	0.00213	0.00826	0.00574	0.00399	0.16451
2	0.02096	0.04852	0.06314	0.02145	0.09000	0.04057	0.14737	0.29209	0.02259	0.03056	0.01446	0.01710	0.01112	0.00855	0.00946	0.03921	0.06894	0.00647	0.00495	0.04249
3	0.01449	0.00820	0.01112	0.01033	0.01242	0.00829	0.00793	0.01674	0.01455	0.14877	0.10059	0.03391	0.07386	0.08090	0.31690	0.04348	0.01100	0.00870	0.07061	0.00718
4	0.05890	0.01720	0.01995	0.01528	0.02078	0.01812	0.04508	0.43848	0.02747	0.15193	0.01856	0.01853	0.01302	0.00818	0.00685	0.00208	0.00726	0.00641	0.04896	0.05698
5	0.00890	0.00673	0.00822	0.00890	0.01018	0.00605	0.00628	0.01077	0.01582	0.02074	0.19244	0.39353	0.24689	0.01936	0.00874	0.00261	0.00381	0.01709	0.00688	0.00605
6	0.01035	0.00693	0.00791	0.00791	0.00796	0.00698	0.00450	0.01045	0.01040	0.01392	0.02230	0.04585	0.02556	0.72186	0.06369	0.00709	0.00739	0.01025	0.00429	0.00440
7	0.01663	0.01387	0.01599	0.03569	0.01879	0.01211	0.00975	0.10921	0.07535	0.02653	0.01465	0.01623	0.01168	0.00615	0.00575	0.00136	0.00579	0.00491	0.00484	0.59472
8	0.80005	0.01377	0.01047	0.00936	0.01377	0.01597	0.00771	0.02093	0.01212	0.03195	0.00991	0.01157	0.00771	0.00661	0.00441	0.00220	0.00551	0.00386	0.00441	0.00771
9	0.01644	0.02179	0.14020	0.02859	0.03628	0.01779	0.58388	0.02277	0.01655	0.02277	0.01417	0.01860	0.01054	0.00611	0.00816	0.00238	0.01179	0.00794	0.00351	0.00974
10	0.01101	0.00962	0.00973	0.00934	0.01158	0.05946	0.00709	0.01439	0.04985	0.02364	0.33177	0.05641	0.32426	0.01544	0.00826	0.00233	0.00439	0.03775	0.00694	0.00674
11	0.01105	0.00739	0.00914	0.00859	0.01053	0.00675	0.00648	0.01415	0.01901	0.05428	0.50642	0.05147	0.15577	0.01418	0.00798	0.00220	0.00350	0.01230	0.09198	0.00682
12	0.01743	0.00912	0.01174	0.01047	0.01345	0.00823	0.00815	0.03911	0.01887	0.25190	0.23408	0.15307	0.13891	0.01441	0.00812	0.00239	0.00468	0.03975	0.00771	0.00841
13	0.01128	0.00753	0.00941	0.00907	0.01096	0.00682	0.00677	0.01386	0.01797	0.07518	0.38456	0.12713	0.19181	0.05674	0.00999	0.00264	0.00402	0.04023	0.00728	0.00673
14	0.06306	0.02514	0.30803	0.07080	0.15144	0.04561	0.01983	0.12762	0.01819	0.02660	0.01410	0.01666	0.01057	0.00713	0.00662	0.00215	0.00892	0.00571	0.06162	0.01020
15	0.70931	0.01375	0.01115	0.00985	0.01431	0.01573	0.00808	0.02272	0.05044	0.07356	0.01209	0.01318	0.00910	0.00692	0.00473	0.00222	0.00555	0.00429	0.00484	0.00818
16	0.01373	0.01302	0.03684	0.04294	0.04530	0.05245	0.08629	0.05074	0.09105	0.02210	0.05561	0.13235	0.16537	0.09351	0.01102	0.00290	0.00671	0.03872	0.03164	0.00771
17	0.08073	0.02846	0.01760	0.01608	0.01959	0.56248	0.01211	0.02527	0.01913	0.01908	0.04114	0.02056	0.09144	0.00877	0.00657	0.00194	0.01091	0.00602	0.00420	0.00790
18	0.01426	0.01235	0.01579	0.01230	0.01740	0.01047	0.04623	0.01825	0.05100	0.02268	0.01781	0.08856	0.01675	0.00849	0.00699	0.00162	0.03567	0.05420	0.00470	0.54448

[dist]
# distance from previous block
# <min> <max>
0	1

[block]
# block no. 8 follows, 29 sequences, length 17
# corresponding to MSA columns:
# 623-639
name=unknown_I
#
# <colnr> <probs for GDERKNQSTAVLIFYWHMCP>
#	G	D	E	R	K	N	Q	S	T	A	V	L	I	F	Y	W	H	M	C	P
0	0.54296	0.01833	0.11060	0.01192	0.01718	0.05259	0.01107	0.08212	0.01510	0.03051	0.01381	0.01517	0.03929	0.00736	0.00527	0.00219	0.00672	0.00482	0.00452	0.00847
1	0.02253	0.24387	0.05275	0.01936	0.11315	0.16211	0.03334	0.14523	0.04570	0.07672	0.01426	0.01549	0.01115	0.00719	0.00623	0.00192	0.00886	0.00538	0.00460	0.01017
2	0.01757	0.01381	0.01809	0.05458	0.12336	0.04075	0.04529	0.08420	0.15972	0.09709	0.13278	0.13114	0.02817	0.01119	0.00767	0.00234	0.00652	0.00989	0.00631	0.00954
3	0.00976	0.00674	0.00831	0.00900	0.00938	0.00654	0.00580	0.01069	0.01271	0.01705	0.08158	0.31479	0.03801	0.37303	0.02220	0.00480	0.00556	0.05326	0.00559	0.00519
4	0.01360	0.01121	0.01327	0.01434	0.08693	0.04668	0.00978	0.08326	0.04166	0.02525	0.22445	0.10863	0.13146	0.03633	0.03480	0.00284	0.00601	0.07473	0.02707	0.00770
5	0.01608	0.00896	0.01174	0.01004	0.01308	0.00791	0.00782	0.01926	0.01978	0.20328	0.47299	0.04265	0.04989	0.01233	0.00783	0.00213	0.00421	0.01071	0.00780	0.07152
6	0.01763	0.04311	0.14207	0.08608	0.21895	0.04198	0.11638	0.07913	0.09376	0.02445	0.01503	0.01803	0.01168	0.00738	0.00812	0.00227	0.05300	0.00652	0.00411	0.01032
7	0.01682	0.10696	0.38648	0.04884	0.08298	0.04503	0.11618	0.07276	0.01689	0.02337	0.01301	0.01567	0.00972	0.00672	0.00681	0.00217	0.01011	0.00574	0.00348	0.01024
8	0.00933	0.00702	0.00859	0.00920	0.01061	0.00641	0.00677	0.01138	0.01596	0.02084	0.18704	0.27743	0.24574	0.05664	0.01024	0.00286	0.00426	0.09689	0.00674	0.00607
9	0.01124	0.00871	0.01127	0.04993	0.01332	0.00982	0.00805	0.01399	0.06348	0.01686	0.02385	0.11062	0.04544	0.31832	0.19660	0.00654	0.07122	0.01013	0.00457	0.00605
10	0.02049	0.01491	0.01559	0.04644	0.01834	0.06833	0.01067	0.17609	0.18654	0.11640	0.08839	0.02584	0.02149	0.02913	0.00768	0.00227	0.00637	0.00753	0.12766	0.00984
11	0.08879	0.16220	0.20542	0.07512	0.14533	0.01895	0.01767	0.11829	0.01745	0.02515	0.01415	0.05499	0.01190	0.00769	0.00639	0.00211	0.00832	0.00612	0.00405	0.00991
12	0.20612	0.04588	0.01756	0.14801	0.02302	0.01444	0.05566	0.08155	0.01749	0.15825	0.08799	0.02187	0.01762	0.00820	0.00642	0.00217	0.00671	0.00664	0.06541	0.00899
13	0.05772	0.03717	0.01499	0.01351	0.05349	0.03482	0.02956	0.09105	0.04202	0.04239	0.05032	0.08446	0.07992	0.11858	0.15046	0.00458	0.00893	0.00891	0.00515	0.07197
14	0.01627	0.00938	0.01343	0.05441	0.01649	0.00859	0.04250	0.01873	0.01658	0.21237	0.10095	0.31771	0.07449	0.01494	0.00810	0.00246	0.00533	0.01332	0.00687	0.04706
15	0.01669	0.01489	0.04527	0.01397	0.02019	0.01220	0.08517	0.07466	0.05488	0.05140	0.01558	0.01873	0.01258	0.00655	0.00617	0.00154	0.00653	0.02757	0.00477	0.51062
16	0.01415	0.01273	0.04822	0.01431	0.08102	0.05435	0.01019	0.01683	0.01562	0.06247	0.07692	0.21713	0.06618	0.05036	0.00886	0.00236	0.00596	0.03280	0.00545	0.20409

[dist]
# distance from previous block
# <min> <max>
6	11

[block]
# block no. 9 follows, 29 sequences, length 53
# corresponding to MSA columns:
# 653-705
name=unknown_J
#
# <colnr> <probs for GDERKNQSTAVLIFYWHMCP>
#	G	D	E	R	K	N	Q	S	T	A	V	L	I	F	Y	W	H	M	C	P
0	0.01923	0.13827	0.10651	0.01998	0.13498	0.08097	0.04014	0.04687	0.16179	0.09005	0.04470	0.02210	0.04726	0.00828	0.00678	0.00211	0.00784	0.00680	0.00512	0.01021
1	0.23749	0.16805	0.14001	0.06994	0.08763	0.01912	0.05511	0.04306	0.01477	0.04381	0.01191	0.01448	0.00940	0.00698	0.00682	0.00214	0.05115	0.00509	0.00381	0.00921
2	0.01916	0.07950	0.07856	0.06187	0.06807	0.12884	0.03230	0.02590	0.14477	0.08090	0.01668	0.01783	0.01280	0.00714	0.00638	0.00187	0.00793	0.00570	0.00477	0.19905
3	0.00924	0.00671	0.00876	0.00975	0.01073	0.00624	0.00697	0.01121	0.01566	0.02105	0.20259	0.46700	0.10217	0.01987	0.00893	0.00273	0.00411	0.07328	0.00690	0.00610
4	0.02163	0.02227	0.02734	0.02332	0.08917	0.19324	0.20963	0.17250	0.08582	0.02685	0.01523	0.01755	0.01172	0.00759	0.00809	0.00221	0.04437	0.00669	0.00472	0.01006
5	0.00992	0.00722	0.00832	0.00851	0.00998	0.00669	0.00621	0.01180	0.01525	0.02008	0.15031	0.07898	0.27625	0.20048	0.01539	0.00360	0.00481	0.10457	0.05583	0.00581
6	0.01126	0.00758	0.00989	0.00945	0.01117	0.00714	0.00715	0.01417	0.01830	0.05973	0.48835	0.05247	0.07852	0.08593	0.05156	0.00329	0.00499	0.06516	0.00718	0.00671
7	0.01036	0.00738	0.00906	0.00866	0.01062	0.00661	0.00648	0.01313	0.01866	0.05140	0.45710	0.09745	0.24519	0.01579	0.00840	0.00232	0.00358	0.01371	0.00745	0.00667
8	0.06575	0.01205	0.01577	0.01231	0.01741	0.01083	0.01010	0.05770	0.02049	0.58749	0.09056	0.02610	0.02163	0.00924	0.00715	0.00220	0.00585	0.00752	0.00845	0.01140
9	0.02877	0.01419	0.01731	0.01346	0.01873	0.01391	0.01106	0.21942	0.05538	0.44684	0.02469	0.02243	0.01627	0.00875	0.00702	0.00216	0.00639	0.00696	0.05449	0.01175
10	0.75136	0.01367	0.01085	0.00957	0.01405	0.01562	0.00789	0.02180	0.01264	0.07494	0.01107	0.01237	0.00834	0.00675	0.00458	0.00220	0.00554	0.00407	0.00469	0.00799
11	0.01477	0.01266	0.01477	0.01055	0.01687	0.00949	0.00844	0.01793	0.01477	0.02320	0.01266	0.01477	0.01055	0.00527	0.00527	0.00105	0.00527	0.00422	0.00422	0.79328
12	0.01031	0.00706	0.00858	0.00858	0.00886	0.00734	0.00532	0.01087	0.01059	0.01441	0.02170	0.04250	0.02411	0.59649	0.18707	0.00790	0.00958	0.00976	0.00420	0.00476
13	0.01771	0.01530	0.01610	0.01449	0.01852	0.01771	0.01127	0.03784	0.69247	0.02979	0.02898	0.02657	0.02174	0.00966	0.00725	0.00242	0.00564	0.00805	0.00725	0.01127
14	0.01816	0.07991	0.02292	0.03758	0.02183	0.05828	0.11891	0.08633	0.11325	0.06556	0.01937	0.09754	0.01720	0.01030	0.01005	0.00238	0.13243	0.02914	0.00509	0.05376
15	0.02374	0.14873	0.02329	0.06049	0.02233	0.02139	0.01316	0.45777	0.02715	0.05344	0.01675	0.05052	0.01316	0.00859	0.00672	0.00205	0.00762	0.00656	0.00610	0.03043
16	0.04506	0.49396	0.09734	0.01394	0.01994	0.11134	0.01357	0.04511	0.06526	0.01976	0.01194	0.01324	0.01010	0.00667	0.00528	0.00174	0.00834	0.00444	0.00360	0.00937
17	0.02226	0.27351	0.02537	0.05784	0.02173	0.32212	0.01312	0.02693	0.10896	0.04522	0.01381	0.01502	0.01120	0.00727	0.00597	0.00185	0.00964	0.00499	0.00411	0.00909
18	0.00943	0.00673	0.00912	0.01077	0.01151	0.00643	0.00791	0.01121	0.01437	0.01902	0.03883	0.56701	0.04546	0.02160	0.00929	0.00300	0.00478	0.19094	0.00660	0.00599
19	0.01869	0.10930	0.01757	0.01310	0.01622	0.12041	0.01031	0.09562	0.07990	0.09163	0.05819	0.16428	0.02355	0.06553	0.01020	0.00259	0.05162	0.00937	0.03337	0.00853
20	0.01020	0.00752	0.01087	0.01087	0.01195	0.00859	0.00819	0.01235	0.01127	0.01611	0.01960	0.03087	0.01906	0.16175	0.61491	0.01074	0.01718	0.00805	0.00389	0.00604
21	0.01567	0.08863	0.36796	0.04821	0.03219	0.01805	0.25443	0.02299	0.04245	0.02229	0.01375	0.01680	0.01018	0.00657	0.00719	0.00226	0.01057	0.00640	0.00339	0.01002
22	0.01450	0.01244	0.01534	0.01274	0.06011	0.00991	0.00933	0.01768	0.01454	0.02256	0.01332	0.01622	0.01129	0.00998	0.07439	0.00212	0.00680	0.00468	0.00414	0.66790
23	0.00868	0.00620	0.00826	0.00991	0.01033	0.00578	0.00661	0.00991	0.01363	0.01818	0.03925	0.74510	0.04710	0.02231	0.00909	0.00289	0.00413	0.02024	0.00661	0.00578
24	0.01596	0.11228	0.04166	0.01973	0.11663	0.01655	0.10134	0.05991	0.03674	0.02026	0.01732	0.02319	0.05334	0.03818	0.01462	0.14661	0.13060	0.02310	0.00395	0.00805
25	0.02048	0.44979	0.09265	0.01696	0.08631	0.09030	0.01459	0.08844	0.01735	0.04709	0.01200	0.01353	0.00996	0.00664	0.00553	0.00176	0.00841	0.00464	0.00377	0.00979
26	0.00893	0.00637	0.00830	0.00974	0.01024	0.00599	0.00654	0.01015	0.01353	0.01793	0.03881	0.63162	0.06805	0.08885	0.01159	0.00326	0.00446	0.04356	0.00640	0.00569
27	0.01054	0.00784	0.00986	0.01035	0.01211	0.00744	0.00820	0.03676	0.01744	0.02297	0.20989	0.18092	0.19468	0.01808	0.00894	0.00272	0.00474	0.22307	0.00692	0.00655
28	0.01622	0.08630	0.21437	0.02073	0.12133	0.01618	0.07781	0.04933	0.11044	0.04595	0.10874	0.02620	0.02121	0.00888	0.00724	0.00225	0.00801	0.04397	0.00491	0.00991
29	0.01433	0.01336	0.01532	0.08189	0.08451	0.12128	0.01168	0.03818	0.01440	0.01867	0.01780	0.05772	0.01655	0.05737	0.37430	0.00707	0.01425	0.00753	0.02643	0.00737
30	0.01015	0.00697	0.00858	0.00858	0.01010	0.00646	0.00628	0.01295	0.01770	0.02533	0.40441	0.17849	0.12261	0.01536	0.00798	0.00228	0.00352	0.01347	0.13230	0.00646
31	0.04595	0.01635	0.02221	0.05671	0.19462	0.09105	0.09580	0.06514	0.04077	0.12913	0.10538	0.04496	0.02123	0.00900	0.00741	0.00223	0.00799	0.02887	0.00545	0.00976
32	0.01855	0.06280	0.30383	0.02092	0.09821	0.12955	0.04311	0.06529	0.08687	0.05076	0.01602	0.04433	0.01264	0.00783	0.00687	0.00217	0.00950	0.00631	0.00425	0.01020
33	0.01875	0.13476	0.06667	0.01751	0.04334	0.21335	0.01437	0.02204	0.05494	0.01839	0.01329	0.05026	0.01242	0.03650	0.01302	0.00251	0.24947	0.00626	0.00372	0.00841
34	0.01549	0.02145	0.21594	0.18742	0.24926	0.01623	0.10088	0.02109	0.01543	0.02188	0.01313	0.01722	0.01016	0.00652	0.00704	0.00218	0.00948	0.00616	0.00335	0.05968
35	0.01477	0.01266	0.01477	0.01055	0.01687	0.00949	0.00844	0.01793	0.01477	0.02320	0.01266	0.01477	0.01055	0.00527	0.00527	0.00105	0.00527	0.00422	0.00422	0.79328
36	0.01942	0.22805	0.02718	0.01758	0.02072	0.19970	0.06108	0.02156	0.01466	0.01750	0.01028	0.01398	0.00935	0.00892	0.01275	0.00229	0.29800	0.00529	0.00327	0.00841
37	0.00964	0.00701	0.00909	0.00924	0.01062	0.00647	0.00675	0.01232	0.01802	0.02492	0.46128	0.24245	0.10148	0.01704	0.00863	0.00246	0.00368	0.03511	0.00739	0.00642
38	0.00891	0.00638	0.00848	0.00975	0.01038	0.00594	0.00663	0.01051	0.01474	0.01994	0.15170	0.62763	0.05051	0.02099	0.00897	0.00278	0.00400	0.01899	0.00682	0.00594
39	0.00889	0.00717	0.00782	0.00778	0.00983	0.00620	0.00574	0.01096	0.01682	0.02118	0.21627	0.09780	0.49753	0.04282	0.00941	0.00255	0.00369	0.01462	0.00682	0.00611
40	0.00907	0.00648	0.00872	0.01037	0.01096	0.00613	0.00730	0.01060	0.01403	0.01862	0.03903	0.65048	0.04623	0.02193	0.00919	0.00295	0.00448	0.11094	0.00660	0.00589
41	0.01221	0.00996	0.01091	0.01039	0.01305	0.01025	0.00795	0.02067	0.24832	0.02499	0.18103	0.08412	0.26276	0.01444	0.00799	0.00241	0.00438	0.03548	0.03072	0.00798
42	0.80005	0.01377	0.01047	0.00936	0.01377	0.01597	0.00771	0.02093	0.01212	0.03195	0.00991	0.01157	0.00771	0.00661	0.00441	0.00220	0.00551	0.00386	0.00441	0.00771
43	0.01472	0.01499	0.08202	0.01149	0.01822	0.01017	0.01016	0.01837	0.01479	0.02314	0.01267	0.01479	0.01040	0.00542	0.00542	0.00117	0.00578	0.00432	0.00410	0.71787
44	0.01025	0.00686	0.00780	0.00790	0.00793	0.00683	0.00446	0.01033	0.01056	0.01408	0.02349	0.09049	0.02722	0.70405	0.03454	0.00665	0.00673	0.01098	0.00446	0.00441
45	0.01073	0.00735	0.00889	0.00898	0.01070	0.00663	0.00658	0.01276	0.01629	0.06459	0.20216	0.20711	0.26167	0.08816	0.01125	0.00295	0.00432	0.05568	0.00681	0.00639
46	0.01812	0.43086	0.23202	0.01505	0.02222	0.09043	0.01625	0.02217	0.01520	0.01890	0.01101	0.01281	0.00919	0.00636	0.00543	0.00174	0.00883	0.00433	0.00316	0.05592
47	0.02082	0.03999	0.01739	0.01495	0.06580	0.01230	0.04983	0.09701	0.01788	0.24887	0.02156	0.02543	0.01678	0.09369	0.14015	0.00429	0.00902	0.00733	0.08753	0.00936
48	0.05007	0.13103	0.14765	0.01855	0.08750	0.15268	0.01556	0.09476	0.13344	0.05689	0.01660	0.03606	0.01313	0.00791	0.00651	0.00208	0.00866	0.00605	0.00476	0.01010
49	0.01719	0.01652	0.02071	0.01769	0.01856	0.06231	0.01460	0.08179	0.01388	0.02042	0.01107	0.01626	0.01017	0.01152	0.01963	0.00285	0.57712	0.00618	0.05337	0.00816
50	0.01812	0.01809	0.08538	0.02393	0.21961	0.01565	0.07407	0.14452	0.04164	0.02740	0.01441	0.01684	0.01131	0.00654	0.00661	0.00184	0.00775	0.00583	0.00450	0.25596
51	0.01476	0.10544	0.11939	0.01888	0.11316	0.03989	0.05524	0.04300	0.01575	0.02142	0.04207	0.19442	0.02347	0.01218	0.00868	0.00242	0.06166	0.06664	0.03310	0.00846
52	0.00922	0.00717	0.00843	0.00836	0.01018	0.00646	0.00617	0.01153	0.01693	0.02218	0.29341	0.11588	0.34914	0.04546	0.05466	0.00312	0.00466	0.01404	0.00680	0.00621

[dist]
# distance from previous block
# <min> <max>
2	7

[block]
# block no. 10 follows, 29 sequences, length 20
# corresponding to MSA columns:
# 714,719-737
name=unknown_K
#
# <colnr> <probs for GDERKNQSTAVLIFYWHMCP>
#	G	D	E	R	K	N	Q	S	T	A	V	L	I	F	Y	W	H	M	C	P
0	0.00946	0.00713	0.00924	0.04566	0.01258	0.00679	0.00753	0.01144	0.01517	0.01987	0.12696	0.37792	0.17239	0.05312	0.01012	0.00292	0.00462	0.09450	0.00648	0.00608
1	0.02419	0.04943	0.01789	0.03631	0.06623	0.03209	0.01161	0.06221	0.12268	0.35670	0.09693	0.02770	0.02274	0.00952	0.00724	0.00223	0.00634	0.02982	0.00736	0.01079
2	0.01595	0.09991	0.37238	0.01724	0.02455	0.06166	0.04768	0.05460	0.06570	0.02390	0.07845	0.03830	0.01695	0.00818	0.00678	0.00215	0.00881	0.00662	0.04054	0.00968
3	0.03854	0.01739	0.06707	0.01489	0.01974	0.01788	0.01248	0.13071	0.50000	0.03127	0.02488	0.02345	0.01856	0.00902	0.00704	0.00230	0.00630	0.00734	0.00672	0.04440
4	0.01111	0.00822	0.01013	0.00991	0.01048	0.00906	0.00669	0.01327	0.06015	0.01603	0.02238	0.08396	0.02414	0.45565	0.17166	0.00699	0.06012	0.00998	0.00449	0.00557
5	0.01793	0.17029	0.15421	0.02239	0.06893	0.07503	0.22442	0.06053	0.01663	0.02184	0.01314	0.03192	0.01080	0.00736	0.00837	0.00220	0.07437	0.00645	0.00361	0.00957
6	0.01966	0.14762	0.31696	0.01695	0.02444	0.04510	0.01837	0.17336	0.03488	0.07662	0.01594	0.01901	0.01225	0.00794	0.00666	0.00214	0.00889	0.03803	0.00467	0.01051
7	0.01058	0.00797	0.01059	0.01017	0.01087	0.00845	0.02722	0.01175	0.01209	0.01652	0.06863	0.13383	0.05797	0.38597	0.13866	0.00620	0.06107	0.01122	0.00475	0.00548
8	0.01034	0.00695	0.00798	0.00798	0.00806	0.00702	0.00458	0.01049	0.01042	0.01397	0.02224	0.04550	0.02541	0.70876	0.07658	0.00717	0.00762	0.01019	0.00429	0.00443
9	0.03983	0.19582	0.38114	0.06967	0.02783	0.05148	0.05906	0.02171	0.01493	0.02068	0.01234	0.01516	0.00958	0.00889	0.04113	0.00253	0.01024	0.00523	0.00317	0.00957
10	0.01772	0.01955	0.07068	0.15659	0.41319	0.10070	0.05320	0.02258	0.03687	0.02182	0.01347	0.01747	0.01087	0.00671	0.00704	0.00216	0.00938	0.00622	0.00356	0.01020
11	0.01006	0.00743	0.00906	0.00997	0.01141	0.00708	0.00758	0.01277	0.04139	0.01990	0.04510	0.27863	0.21206	0.06593	0.01058	0.00305	0.00485	0.19152	0.04540	0.00622
12	0.00893	0.00689	0.00819	0.00881	0.01030	0.00614	0.00637	0.01083	0.01587	0.02039	0.15637	0.32368	0.32114	0.01920	0.00874	0.00261	0.00391	0.04876	0.00680	0.00606
13	0.05516	0.21886	0.10032	0.04959	0.02055	0.03527	0.01318	0.11444	0.16203	0.02608	0.08418	0.05430	0.01958	0.00895	0.00648	0.00210	0.00709	0.00702	0.00521	0.00962
14	0.16401	0.01952	0.07926	0.17203	0.11480	0.09411	0.01583	0.16215	0.06430	0.02809	0.01411	0.01654	0.01069	0.00739	0.00651	0.00219	0.00847	0.00573	0.00459	0.00968
15	0.00966	0.00724	0.00829	0.00863	0.01058	0.00635	0.00646	0.01160	0.01608	0.04348	0.10382	0.21739	0.43258	0.01857	0.00864	0.00257	0.00404	0.07097	0.00677	0.00627
16	0.10658	0.00992	0.01279	0.01452	0.07527	0.01005	0.01082	0.04132	0.01681	0.04831	0.09998	0.11151	0.06864	0.01574	0.00847	0.00279	0.00597	0.32679	0.00627	0.00745
17	0.08344	0.17657	0.26567	0.04981	0.02697	0.09964	0.11268	0.06591	0.01669	0.02288	0.01226	0.01466	0.00943	0.00670	0.00635	0.00207	0.00976	0.00534	0.00357	0.00961
18	0.01692	0.01324	0.01651	0.08573	0.05385	0.04727	0.03599	0.13414	0.05201	0.07106	0.04982	0.08659	0.04386	0.06414	0.11865	0.00390	0.00892	0.00856	0.02857	0.06028
19	0.03930	0.00830	0.01001	0.01023	0.01190	0.00815	0.00738	0.05275	0.05505	0.04984	0.15836	0.42355	0.10208	0.01793	0.00845	0.00261	0.00437	0.01587	0.00691	0.00697

[dist]
# distance from previous block
# <min> <max>
1	3

[block]
# block no. 11 follows, 29 sequences, length 28
# corresponding to MSA columns:
# 741-768
name=unknown_L
#
# <colnr> <probs for GDERKNQSTAVLIFYWHMCP>
#	G	D	E	R	K	N	Q	S	T	A	V	L	I	F	Y	W	H	M	C	P
0	0.01616	0.01610	0.07353	0.04345	0.13915	0.03963	0.04426	0.08186	0.14770	0.02533	0.02417	0.10589	0.06588	0.00990	0.00714	0.00217	0.00692	0.00861	0.04994	0.09221
1	0.06830	0.10183	0.05152	0.03375	0.04147	0.09395	0.01248	0.17271	0.05465	0.02629	0.03550	0.02018	0.01445	0.05120	0.07679	0.00325	0.07279	0.00629	0.05362	0.00899
2	0.01658	0.01410	0.01512	0.01367	0.01735	0.01608	0.01059	0.03421	0.59253	0.02960	0.12896	0.03052	0.02849	0.01039	0.00742	0.00239	0.00530	0.00877	0.00733	0.01059
3	0.01705	0.01852	0.09553	0.08713	0.28837	0.01737	0.14948	0.02361	0.09391	0.04396	0.01534	0.01883	0.01204	0.00743	0.00889	0.00234	0.07904	0.00685	0.00401	0.01029
4	0.00957	0.00713	0.00890	0.00873	0.01040	0.00646	0.00645	0.01236	0.01856	0.02541	0.49400	0.14310	0.19022	0.01622	0.00849	0.00235	0.00351	0.01423	0.00744	0.00646
5	0.00952	0.00699	0.00898	0.00919	0.01045	0.00662	0.00659	0.01180	0.01630	0.02230	0.32557	0.24015	0.13057	0.07271	0.08576	0.00373	0.00551	0.01441	0.00668	0.00617
6	0.00921	0.00688	0.00859	0.00921	0.01054	0.00627	0.00667	0.01134	0.01634	0.02169	0.24218	0.34012	0.20585	0.01885	0.00878	0.00261	0.00394	0.05780	0.00697	0.00616
7	0.00975	0.00727	0.00906	0.00861	0.01043	0.00658	0.00646	0.01280	0.01937	0.02670	0.57598	0.05625	0.19394	0.01525	0.00840	0.00227	0.00341	0.01331	0.00759	0.00658
8	0.02439	0.01547	0.01783	0.01369	0.01933	0.01524	0.01117	0.26980	0.09152	0.22326	0.02024	0.01945	0.01422	0.00791	0.00668	0.00191	0.00648	0.00623	0.00688	0.20829
9	0.08222	0.01952	0.02003	0.01581	0.02076	0.06051	0.01297	0.52698	0.02895	0.03981	0.01590	0.01667	0.01164	0.00860	0.00795	0.00218	0.05888	0.00612	0.03344	0.01108
10	0.01836	0.01961	0.04336	0.01753	0.02017	0.19307	0.07588	0.05567	0.01640	0.03804	0.06869	0.05829	0.01701	0.01206	0.03762	0.00278	0.25777	0.00736	0.03211	0.00822
11	0.01590	0.06726	0.02398	0.37863	0.24159	0.07256	0.01870	0.01990	0.01529	0.01957	0.01395	0.05569	0.01196	0.00763	0.00697	0.00222	0.00903	0.00675	0.00349	0.00893
12	0.01869	0.70165	0.08666	0.01278	0.01919	0.02733	0.01322	0.02141	0.01451	0.01718	0.01011	0.01169	0.00913	0.00614	0.00473	0.00158	0.00783	0.00391	0.00304	0.00924
13	0.02317	0.01015	0.01347	0.01111	0.01512	0.00887	0.00886	0.02585	0.01942	0.44354	0.17708	0.08560	0.10251	0.01196	0.00769	0.00228	0.00509	0.01013	0.00822	0.00988
14	0.01707	0.01588	0.01844	0.01616	0.01756	0.11760	0.03124	0.01900	0.01420	0.06881	0.06366	0.02791	0.01874	0.08987	0.01837	0.00320	0.36197	0.06826	0.00441	0.00767
