[name]
unknown

[dist]
# distance from previous block
# <min> <max>
0	22

[block]
# block no. 0 follows, 30 sequences, length 26
# corresponding to MSA columns:
# 22-47
name=unknown_A
#
# <colnr> <probs for GDERKNQSTAVLIFYWHMCP>
#	G	D	E	R	K	N	Q	S	T	A	V	L	I	F	Y	W	H	M	C	P
0	0.01207	0.00808	0.01082	0.01131	0.01313	0.00787	0.00924	0.01575	0.04635	0.06758	0.23577	0.14224	0.04622	0.01698	0.00886	0.00276	0.00515	0.32591	0.00698	0.00693
1	0.01971	0.02161	0.01963	0.23160	0.02838	0.30408	0.01497	0.07345	0.06124	0.02012	0.01385	0.04747	0.01170	0.00857	0.00862	0.00220	0.09430	0.00620	0.00399	0.00831
2	0.02378	0.01786	0.01932	0.01501	0.02034	0.01926	0.01226	0.54006	0.07256	0.03947	0.01793	0.04851	0.01377	0.00866	0.00686	0.00202	0.00710	0.00672	0.00664	0.10189
3	0.11744	0.01623	0.06217	0.01376	0.01941	0.01514	0.01197	0.25437	0.02308	0.36396	0.02085	0.01936	0.01377	0.00817	0.00667	0.00214	0.00675	0.00628	0.00721	0.01128
4	0.06909	0.01537	0.01700	0.09642	0.02169	0.03194	0.01151	0.21495	0.14823	0.02984	0.01784	0.01878	0.02909	0.00754	0.00631	0.00186	0.00658	0.00593	0.00545	0.24457
5	0.01729	0.01693	0.06762	0.02861	0.38146	0.01497	0.01685	0.09697	0.01734	0.02517	0.01329	0.01622	0.01079	0.00618	0.00638	0.00177	0.00742	0.00554	0.00403	0.24518
6	0.00947	0.00682	0.00896	0.00906	0.01033	0.00631	0.00655	0.01214	0.01785	0.02496	0.50838	0.25992	0.05998	0.01653	0.00843	0.00239	0.00352	0.01477	0.00732	0.00631
7	0.80405	0.01350	0.01026	0.00918	0.01350	0.01565	0.00756	0.02051	0.01188	0.03131	0.00972	0.01134	0.00756	0.00648	0.00432	0.00216	0.00540	0.00378	0.00432	0.00756
8	0.01375	0.02904	0.51092	0.23365	0.03552	0.01600	0.02388	0.02083	0.01450	0.02083	0.01249	0.01589	0.00898	0.00673	0.00673	0.00224	0.01001	0.00547	0.00299	0.00955
9	0.00832	0.00677	0.00738	0.00786	0.00963	0.00582	0.00565	0.00993	0.01515	0.01854	0.06110	0.27048	0.51126	0.01892	0.00844	0.00250	0.00369	0.01625	0.00648	0.00582
10	0.00966	0.00656	0.00776	0.00824	0.00836	0.00644	0.00490	0.01002	0.01110	0.01481	0.02689	0.25539	0.03156	0.53659	0.02760	0.00560	0.00596	0.01303	0.00490	0.00466
11	0.01757	0.01454	0.01639	0.09735	0.02157	0.01679	0.01196	0.03472	0.58638	0.06180	0.02652	0.02507	0.01972	0.00914	0.00708	0.00235	0.00598	0.00765	0.00672	0.01071
12	0.02789	0.01694	0.09838	0.01436	0.02038	0.01433	0.01294	0.22730	0.02319	0.43619	0.02260	0.02063	0.01469	0.00833	0.00696	0.00215	0.00696	0.00658	0.00749	0.01169
13	0.02989	0.01416	0.01761	0.01350	0.01895	0.01365	0.01115	0.22867	0.02379	0.51600	0.02432	0.02167	0.01566	0.00856	0.00701	0.00214	0.00646	0.00680	0.00814	0.01187
14	0.80405	0.01350	0.01026	0.00918	0.01350	0.01565	0.00756	0.02051	0.01188	0.03131	0.00972	0.01134	0.00756	0.00648	0.00432	0.00216	0.00540	0.00378	0.00432	0.00756
15	0.02616	0.02048	0.02162	0.01717	0.02218	0.23912	0.11816	0.10484	0.02083	0.28890	0.03808	0.01944	0.01435	0.00787	0.00701	0.00207	0.00908	0.00649	0.00602	0.01014
16	0.02989	0.01416	0.01761	0.01350	0.01895	0.01365	0.01115	0.22867	0.02379	0.51600	0.02432	0.02167	0.01566	0.00856	0.00701	0.00214	0.00646	0.00680	0.00814	0.01187
17	0.01105	0.00844	0.01158	0.22502	0.01965	0.00937	0.00874	0.01243	0.01128	0.01481	0.01913	0.03761	0.02059	0.53216	0.02702	0.00544	0.00752	0.00897	0.00389	0.00528
18	0.02223	0.02394	0.01594	0.01437	0.01758	0.44255	0.01090	0.08975	0.01954	0.02240	0.01494	0.01700	0.01192	0.00759	0.00594	0.00178	0.00932	0.00527	0.23906	0.00799
19	0.01934	0.02083	0.02420	0.16624	0.36378	0.22789	0.01847	0.03885	0.01709	0.02067	0.01238	0.01612	0.01013	0.00670	0.00674	0.00204	0.00974	0.00570	0.00352	0.00957
20	0.00984	0.00620	0.00762	0.00876	0.00953	0.00592	0.00600	0.01166	0.01374	0.02026	0.03379	0.53463	0.03774	0.01777	0.00771	0.00247	0.00381	0.01587	0.24075	0.00592
21	0.42999	0.01218	0.01090	0.00954	0.01349	0.01310	0.00771	0.09498	0.01598	0.07138	0.02978	0.02934	0.21727	0.01016	0.00596	0.00221	0.00514	0.00753	0.00553	0.00782
22	0.01515	0.18636	0.36057	0.01532	0.02346	0.01663	0.01756	0.02049	0.01453	0.02105	0.01187	0.01388	0.00931	0.00605	0.00573	0.00170	0.00816	0.00454	0.00331	0.24432
23	0.01059	0.00818	0.01036	0.01026	0.01253	0.00702	0.00756	0.01260	0.01400	0.01963	0.03053	0.45397	0.03480	0.01660	0.00788	0.00234	0.00466	0.08927	0.00577	0.24144
24	0.01611	0.01422	0.01731	0.22965	0.02705	0.01681	0.01353	0.03135	0.49481	0.02581	0.02364	0.02382	0.01773	0.00873	0.00706	0.00235	0.00665	0.00739	0.00591	0.01007
25	0.01272	0.00986	0.01220	0.01286	0.01501	0.01051	0.01059	0.02060	0.21890	0.02297	0.03459	0.14759	0.03530	0.01668	0.00879	0.00291	0.00586	0.38773	0.00663	0.00771

[dist]
# distance from previous block
# <min> <max>
0	3

[block]
# block no. 1 follows, 30 sequences, length 11
# corresponding to MSA columns:
# 51-61
name=unknown_B
#
# <colnr> <probs for GDERKNQSTAVLIFYWHMCP>
#	G	D	E	R	K	N	Q	S	T	A	V	L	I	F	Y	W	H	M	C	P
0	0.24342	0.01573	0.02821	0.02116	0.02662	0.01562	0.40707	0.02029	0.01476	0.02439	0.01580	0.10548	0.01403	0.00800	0.00718	0.00236	0.00899	0.00835	0.00412	0.00842
1	0.01104	0.00911	0.01395	0.01930	0.21302	0.00883	0.01080	0.01310	0.01409	0.01926	0.03113	0.53810	0.03600	0.01733	0.00833	0.00261	0.00528	0.01590	0.00560	0.00723
2	0.01379	0.01281	0.01739	0.01522	0.01522	0.01715	0.01207	0.01487	0.01053	0.01585	0.01287	0.02406	0.01385	0.22710	0.02655	0.00413	0.52922	0.00728	0.00339	0.00665
3	0.01322	0.01077	0.01249	0.00955	0.01395	0.00857	0.00710	0.01542	0.01322	0.02007	0.01518	0.02350	0.01469	0.22209	0.01395	0.00269	0.00563	0.00587	0.00416	0.56787
4	0.01861	0.01837	0.01830	0.22463	0.02760	0.18802	0.01434	0.10437	0.17353	0.02373	0.01915	0.02591	0.01601	0.00926	0.00716	0.00229	0.00869	0.08610	0.00500	0.00891
5	0.15127	0.01129	0.01296	0.01145	0.01492	0.01145	0.00891	0.08795	0.08265	0.23578	0.05876	0.23277	0.02615	0.01242	0.00717	0.00237	0.00531	0.01046	0.00694	0.00903
6	0.01724	0.38732	0.18212	0.02260	0.22122	0.02195	0.01769	0.02131	0.01479	0.01950	0.01130	0.01372	0.00954	0.00618	0.00565	0.00182	0.00832	0.00476	0.00311	0.00986
7	0.02093	0.01633	0.01965	0.22431	0.02824	0.01865	0.01438	0.38410	0.10738	0.03379	0.01719	0.01884	0.01255	0.00809	0.00690	0.00217	0.00768	0.00646	0.04203	0.01033
8	0.01288	0.01144	0.01691	0.01335	0.01783	0.00954	0.12189	0.01584	0.01445	0.02108	0.02110	0.25256	0.02193	0.01067	0.00689	0.00184	0.00592	0.00989	0.00479	0.40918
9	0.01919	0.01220	0.01440	0.01236	0.01617	0.01216	0.00960	0.14114	0.14729	0.18183	0.02712	0.23205	0.02459	0.01215	0.00735	0.00225	0.00553	0.01041	0.00688	0.10532
10	0.80405	0.01350	0.01026	0.00918	0.01350	0.01565	0.00756	0.02051	0.01188	0.03131	0.00972	0.01134	0.00756	0.00648	0.00432	0.00216	0.00540	0.00378	0.00432	0.00756

[dist]
# distance from previous block
# <min> <max>
0	10

[block]
# block no. 2 follows, 30 sequences, length 60
# corresponding to MSA columns:
# 72-89,100,108-148
name=unknown_C
#
# <colnr> <probs for GDERKNQSTAVLIFYWHMCP>
#	G	D	E	R	K	N	Q	S	T	A	V	L	I	F	Y	W	H	M	C	P
0	0.01722	0.01672	0.02914	0.04199	0.66863	0.01665	0.06336	0.02148	0.01593	0.02277	0.01319	0.01737	0.01102	0.00620	0.00699	0.00209	0.00851	0.00634	0.00346	0.01095
1	0.01245	0.00672	0.01031	0.01122	0.05341	0.00672	0.00703	0.00987	0.00952	0.01280	0.01218	0.02096	0.01205	0.02310	0.02599	0.74679	0.00620	0.00607	0.00306	0.00354
2	0.01797	0.01444	0.01536	0.01369	0.01760	0.01647	0.01068	0.05394	0.60585	0.06064	0.02768	0.02567	0.02064	0.00931	0.00695	0.00230	0.00546	0.00772	0.05681	0.01082
3	0.01760	0.56196	0.17770	0.01554	0.06423	0.02455	0.01541	0.02118	0.01440	0.01800	0.01050	0.01231	0.00906	0.00612	0.00508	0.00168	0.00811	0.00418	0.00301	0.00937
4	0.01400	0.03610	0.71860	0.01989	0.03020	0.01621	0.02578	0.02210	0.01473	0.02210	0.01252	0.01473	0.00884	0.00663	0.00663	0.00221	0.01031	0.00516	0.00295	0.01031
5	0.01505	0.19938	0.56454	0.01809	0.02743	0.01878	0.02266	0.02183	0.01461	0.02082	0.01189	0.01393	0.00887	0.00648	0.00614	0.00205	0.00967	0.00483	0.00296	0.01001
6	0.00825	0.00707	0.00707	0.00707	0.00943	0.00589	0.00530	0.01001	0.01591	0.01885	0.07069	0.06716	0.70839	0.01767	0.00825	0.00236	0.00353	0.01473	0.00648	0.00589
7	0.01574	0.24539	0.49830	0.01752	0.02636	0.04263	0.02137	0.02194	0.01474	0.02029	0.01165	0.01364	0.00888	0.00646	0.00600	0.00199	0.00956	0.00472	0.00298	0.00985
8	0.01158	0.00851	0.01220	0.01452	0.05331	0.00851	0.01181	0.01485	0.01605	0.02099	0.03562	0.07529	0.03854	0.01855	0.00949	0.00315	0.00653	0.62757	0.00626	0.00668
9	0.00858	0.00611	0.00807	0.00962	0.01000	0.00572	0.00637	0.00974	0.01321	0.01761	0.03768	0.71680	0.04517	0.05661	0.01017	0.00302	0.00418	0.01938	0.00637	0.00560
10	0.01385	0.01367	0.02404	0.47358	0.03995	0.01626	0.13843	0.01811	0.01392	0.01850	0.01349	0.05286	0.01126	0.00823	0.00955	0.00246	0.11339	0.00720	0.00333	0.00794
11	0.02151	0.01703	0.02366	0.01845	0.02287	0.01892	0.13986	0.29700	0.06093	0.09321	0.01729	0.02093	0.01344	0.00930	0.01062	0.00241	0.15872	0.03797	0.00566	0.01023
12	0.02554	0.01345	0.01617	0.01272	0.01748	0.01326	0.01039	0.24658	0.02376	0.35719	0.09415	0.02679	0.05895	0.00960	0.00711	0.00213	0.00601	0.00774	0.04020	0.01079
13	0.00927	0.00711	0.00849	0.00815	0.01006	0.00633	0.00611	0.01200	0.01833	0.02461	0.47215	0.05768	0.30334	0.01553	0.00824	0.00225	0.00338	0.01340	0.00724	0.00633
14	0.01435	0.01236	0.01883	0.05752	0.30849	0.01269	0.01447	0.01882	0.06984	0.04250	0.06829	0.13922	0.08706	0.01176	0.00831	0.00239	0.03674	0.06242	0.00509	0.00886
15	0.01506	0.01389	0.02134	0.27245	0.16438	0.01562	0.06261	0.02334	0.19069	0.02265	0.04980	0.02538	0.01726	0.00860	0.00769	0.00235	0.02582	0.04719	0.00464	0.00922
16	0.01015	0.00677	0.00761	0.00761	0.00761	0.00677	0.00423	0.01015	0.01015	0.01353	0.02199	0.04567	0.02537	0.75476	0.03552	0.00677	0.00677	0.01015	0.00423	0.00423
17	0.19141	0.02019	0.01813	0.01468	0.01963	0.14676	0.01188	0.38053	0.02510	0.08478	0.01496	0.01536	0.01082	0.00778	0.00630	0.00206	0.00796	0.00548	0.00593	0.01027
18	0.01559	0.31914	0.42111	0.01624	0.02451	0.02027	0.01950	0.02113	0.01456	0.01973	0.01381	0.01550	0.03770	0.00683	0.00585	0.00193	0.00891	0.00499	0.00311	0.00960
19	0.09712	0.56620	0.10567	0.01274	0.01899	0.02487	0.01305	0.05823	0.01505	0.02005	0.01040	0.01190	0.00897	0.00623	0.00483	0.00167	0.00757	0.00403	0.00334	0.00912
20	0.00863	0.00617	0.00825	0.00987	0.01033	0.00578	0.00670	0.00994	0.01349	0.01796	0.03839	0.71837	0.04587	0.02174	0.00894	0.00285	0.00416	0.05039	0.00648	0.00570
21	0.02597	0.02797	0.02006	0.01720	0.02149	0.46181	0.01333	0.25645	0.04443	0.02674	0.01337	0.01443	0.01035	0.00767	0.00655	0.00192	0.01068	0.00521	0.00487	0.00948
22	0.01527	0.01574	0.04719	0.10696	0.34967	0.03579	0.13958	0.01931	0.01541	0.02110	0.01771	0.14970	0.01699	0.00910	0.00749	0.00228	0.00846	0.00896	0.00396	0.00932
23	0.00865	0.00699	0.00770	0.00773	0.00973	0.00603	0.00572	0.01072	0.01656	0.02089	0.21648	0.12991	0.49390	0.01728	0.00831	0.00236	0.00353	0.01473	0.00676	0.00603
24	0.02487	0.01795	0.01917	0.01489	0.01999	0.01979	0.01224	0.60568	0.03058	0.04178	0.01749	0.01789	0.01260	0.00835	0.00672	0.00204	0.00714	0.00631	0.10332	0.01121
25	0.01502	0.17221	0.40254	0.01824	0.02607	0.01765	0.10019	0.04221	0.01527	0.02126	0.01513	0.09496	0.01325	0.00813	0.00666	0.00215	0.00916	0.00689	0.00354	0.00948
26	0.01696	0.01600	0.02005	0.12995	0.02318	0.06276	0.01476	0.11370	0.05847	0.02167	0.01369	0.05749	0.01238	0.01091	0.01535	0.00267	0.39060	0.00693	0.00410	0.00839
27	0.00825	0.00707	0.00707	0.00707	0.00943	0.00589	0.00530	0.01001	0.01591	0.01885	0.07069	0.06716	0.70839	0.01767	0.00825	0.00236	0.00353	0.01473	0.00648	0.00589
28	0.01704	0.01635	0.02791	0.08164	0.67420	0.01652	0.02130	0.02122	0.01578	0.02252	0.01309	0.01735	0.01096	0.00626	0.00691	0.00209	0.00835	0.00622	0.00343	0.01087
29	0.32401	0.05169	0.01678	0.19335	0.02438	0.11710	0.01221	0.08874	0.01612	0.05429	0.01287	0.03708	0.01029	0.00743	0.00579	0.00213	0.00770	0.00536	0.00436	0.00830
30	0.01343	0.01266	0.02138	0.69560	0.08850	0.01557	0.01950	0.01805	0.01407	0.01813	0.01245	0.01852	0.00941	0.00693	0.00697	0.00231	0.00924	0.00620	0.00312	0.00795
31	0.01736	0.01499	0.01578	0.01420	0.01815	0.01736	0.01105	0.03708	0.69862	0.02919	0.02840	0.02604	0.02130	0.00947	0.00710	0.00237	0.00552	0.00789	0.00710	0.01105
32	0.00988	0.00713	0.00933	0.00878	0.01043	0.00658	0.00658	0.01317	0.01975	0.02798	0.70754	0.05213	0.06584	0.01427	0.00823	0.00219	0.00329	0.01262	0.00768	0.00658
33	0.02591	0.01958	0.02035	0.01595	0.02113	0.06415	0.01306	0.55424	0.06487	0.07810	0.01733	0.01732	0.01239	0.00851	0.00749	0.00213	0.03302	0.00629	0.00674	0.01145
34	0.01650	0.01875	0.04073	0.02987	0.05967	0.01761	0.66304	0.02232	0.01645	0.02237	0.01408	0.01877	0.01060	0.00589	0.00819	0.00234	0.01165	0.00817	0.00353	0.00947
35	0.00825	0.00707	0.00707	0.00707	0.00943	0.00589	0.00530	0.01001	0.01591	0.01885	0.07069	0.06716	0.70839	0.01767	0.00825	0.00236	0.00353	0.01473	0.00648	0.00589
36	0.01343	0.01266	0.02138	0.69560	0.08850	0.01557	0.01950	0.01805	0.01407	0.01813	0.01245	0.01852	0.00941	0.00693	0.00697	0.00231	0.00924	0.00620	0.00312	0.00795
37	0.02000	0.01717	0.02250	0.01786	0.02282	0.01886	0.14359	0.23714	0.33939	0.03216	0.02147	0.02145	0.01594	0.00850	0.00770	0.00230	0.02660	0.00741	0.00626	0.01089
38	0.02151	0.01406	0.01590	0.01367	0.01805	0.01524	0.01081	0.03617	0.49665	0.23361	0.02814	0.02536	0.02010	0.00922	0.00708	0.00231	0.00565	0.00763	0.00756	0.01129
39	0.00850	0.00607	0.00810	0.00972	0.01012	0.00567	0.00648	0.00972	0.01336	0.01781	0.03846	0.75020	0.04615	0.02186	0.00891	0.00283	0.00405	0.01984	0.00648	0.00567
40	0.01704	0.01635	0.02791	0.08159	0.67425	0.01652	0.02130	0.02122	0.01578	0.02252	0.01309	0.01735	0.01096	0.00626	0.00691	0.00209	0.00835	0.00622	0.00343	0.01087
41	0.01727	0.01658	0.02832	0.04283	0.71123	0.01658	0.02142	0.02142	0.01589	0.02280	0.01313	0.01727	0.01105	0.00622	0.00691	0.00207	0.00829	0.00622	0.00345	0.01105
42	0.01727	0.01658	0.02832	0.04283	0.71123	0.01658	0.02142	0.02142	0.01589	0.02280	0.01313	0.01727	0.01105	0.00622	0.00691	0.00207	0.00829	0.00622	0.00345	0.01105
43	0.03000	0.01159	0.01578	0.01219	0.01736	0.01003	0.01003	0.03274	0.01996	0.67411	0.06899	0.02548	0.02024	0.00898	0.00709	0.00216	0.00578	0.00736	0.00858	0.01155
44	0.01014	0.00681	0.00783	0.00783	0.00791	0.00689	0.00450	0.01029	0.01021	0.01369	0.02178	0.04454	0.02488	0.71154	0.07807	0.00704	0.00750	0.00998	0.00420	0.00435
45	0.01400	0.03610	0.71860	0.01989	0.03020	0.01621	0.02578	0.02210	0.01473	0.02210	0.01252	0.01473	0.00884	0.00663	0.00663	0.00221	0.01031	0.00516	0.00295	0.01031
46	0.01749	0.57743	0.20784	0.01394	0.02100	0.02475	0.01542	0.02120	0.01432	0.01784	0.01041	0.01208	0.00893	0.00614	0.00502	0.00167	0.00818	0.00409	0.00298	0.00930
47	0.03011	0.01161	0.01581	0.01221	0.01740	0.01005	0.01005	0.03284	0.01996	0.67764	0.06550	0.02534	0.01999	0.00895	0.00709	0.00216	0.00579	0.00733	0.00858	0.01158
48	0.80405	0.01350	0.01026	0.00918	0.01350	0.01565	0.00756	0.02051	0.01188	0.03131	0.00972	0.01134	0.00756	0.00648	0.00432	0.00216	0.00540	0.00378	0.00432	0.00756
49	0.00870	0.00664	0.00803	0.00882	0.01011	0.00596	0.00630	0.01046	0.01515	0.01955	0.13099	0.39558	0.28024	0.01935	0.00863	0.00261	0.00388	0.04648	0.00662	0.00589
50	0.01483	0.01326	0.01758	0.01269	0.01889	0.01062	0.08591	0.01901	0.04581	0.02299	0.01333	0.01549	0.01086	0.00545	0.00561	0.00125	0.00594	0.00477	0.00420	0.67152
51	0.01320	0.00829	0.01048	0.00963	0.01203	0.00770	0.00748	0.01712	0.05689	0.12395	0.44530	0.05035	0.14095	0.01398	0.00809	0.00229	0.00402	0.05325	0.00754	0.00748
52	0.01587	0.01425	0.02209	0.47188	0.17256	0.01658	0.01855	0.10313	0.05491	0.02269	0.01398	0.01853	0.01063	0.00714	0.00697	0.00225	0.00869	0.00631	0.00388	0.00909
53	0.06488	0.01767	0.03313	0.06974	0.03223	0.03770	0.47247	0.02275	0.06502	0.02299	0.01451	0.01829	0.01102	0.00622	0.00750	0.00220	0.01020	0.00733	0.00386	0.08029
54	0.01227	0.01182	0.02122	0.06113	0.02198	0.01157	0.24168	0.01599	0.01651	0.02237	0.22191	0.11330	0.13242	0.01213	0.00905	0.00240	0.04794	0.01143	0.00541	0.00749
55	0.01650	0.01545	0.02110	0.01672	0.02136	0.06827	0.17774	0.11035	0.09358	0.02540	0.06495	0.07402	0.06230	0.00989	0.00744	0.00215	0.00757	0.06007	0.00534	0.13982
56	0.01500	0.01309	0.01942	0.05971	0.02129	0.01299	0.15118	0.11647	0.08821	0.02670	0.17405	0.04953	0.09635	0.01038	0.00758	0.00217	0.00664	0.02823	0.00579	0.09523
57	0.05934	0.01240	0.01782	0.01429	0.01839	0.01200	0.13629	0.09514	0.06151	0.06844	0.15999	0.08158	0.10377	0.01109	0.00752	0.00220	0.00621	0.03662	0.00602	0.08939
58	0.06890	0.01735	0.06791	0.05948	0.02652	0.01648	0.23692	0.11723	0.14726	0.08553	0.03797	0.02035	0.01458	0.00749	0.00719	0.00222	0.00835	0.00715	0.00525	0.04586
59	0.01871	0.01702	0.02656	0.01989	0.02539	0.04538	0.28598	0.18579	0.05872	0.04818	0.11399	0.02297	0.01943	0.00796	0.00750	0.00213	0.00856	0.00784	0.00536	0.07263

[dist]
# distance from previous block
# <min> <max>
3	393

[block]
# block no. 3 follows, 30 sequences, length 15
# corresponding to MSA columns:
# 552-566
name=unknown_D
#
# <colnr> <probs for GDERKNQSTAVLIFYWHMCP>
#	G	D	E	R	K	N	Q	S	T	A	V	L	I	F	Y	W	H	M	C	P
0	0.01482	0.01374	0.01915	0.01955	0.12972	0.07576	0.12131	0.05618	0.03571	0.02287	0.07922	0.15754	0.06010	0.01234	0.00787	0.00240	0.00722	0.10491	0.05152	0.00810
1	0.04524	0.01265	0.01785	0.01674	0.08008	0.01269	0.10363	0.11695	0.06594	0.02603	0.02511	0.09469	0.05478	0.01113	0.00736	0.00228	0.00659	0.12739	0.09827	0.07457
2	0.36637	0.01324	0.01470	0.01610	0.13744	0.01385	0.01072	0.06376	0.01485	0.02745	0.01575	0.07742	0.01467	0.00866	0.00589	0.00211	0.00601	0.06101	0.00467	0.12537
3	0.01716	0.01407	0.01984	0.02165	0.22161	0.01335	0.04591	0.10514	0.04734	0.06578	0.02172	0.05193	0.07268	0.00857	0.00684	0.00193	0.00666	0.03421	0.00504	0.21858
4	0.02137	0.28947	0.02653	0.01714	0.10341	0.04383	0.01313	0.25477	0.02156	0.05411	0.04357	0.01633	0.01307	0.00730	0.00600	0.00182	0.00745	0.00548	0.00493	0.04872
5	0.02058	0.01231	0.01688	0.04331	0.01893	0.01206	0.06515	0.15369	0.02134	0.24496	0.17546	0.03543	0.06850	0.01101	0.00768	0.00228	0.00622	0.06756	0.00713	0.00951
6	0.01619	0.05216	0.43872	0.01769	0.02550	0.01652	0.02034	0.13931	0.05720	0.02601	0.01733	0.02413	0.01426	0.00876	0.00705	0.00231	0.00896	0.09313	0.00436	0.01007
7	0.01038	0.00746	0.01003	0.01027	0.01190	0.00712	0.00829	0.01364	0.01840	0.02538	0.46174	0.06187	0.05643	0.01610	0.00875	0.00257	0.00444	0.25147	0.00722	0.00653
8	0.01736	0.01499	0.01578	0.01420	0.01815	0.01736	0.01105	0.03708	0.69862	0.02919	0.02840	0.02604	0.02130	0.00947	0.00710	0.00237	0.00552	0.00789	0.00710	0.01105
9	0.00850	0.00607	0.00810	0.00972	0.01012	0.00567	0.00648	0.00972	0.01336	0.01781	0.03846	0.75020	0.04615	0.02186	0.00891	0.00283	0.00405	0.01984	0.00648	0.00567
10	0.02607	0.03326	0.01978	0.01798	0.02157	0.72674	0.01348	0.02787	0.01978	0.01708	0.01079	0.01258	0.00899	0.00719	0.00629	0.00180	0.01258	0.00449	0.00360	0.00809
11	0.01289	0.00981	0.01503	0.27862	0.02693	0.01087	0.01418	0.01661	0.01547	0.05219	0.02751	0.05412	0.02778	0.01427	0.00854	0.00284	0.00746	0.39240	0.00531	0.00717
12	0.00845	0.00629	0.00787	0.00914	0.00997	0.00572	0.00622	0.00978	0.01392	0.01804	0.04550	0.60115	0.19067	0.02095	0.00876	0.00273	0.00394	0.01872	0.00648	0.00572
13	0.02607	0.03326	0.01978	0.01798	0.02157	0.72674	0.01348	0.02787	0.01978	0.01708	0.01079	0.01258	0.00899	0.00719	0.00629	0.00180	0.01258	0.00449	0.00360	0.00809
14	0.02464	0.01139	0.01470	0.01195	0.01633	0.01062	0.00962	0.03017	0.12792	0.46404	0.16871	0.03000	0.02799	0.00994	0.00728	0.00220	0.00532	0.00832	0.00819	0.01065

[dist]
# distance from previous block
# <min> <max>
4	8

[block]
# block no. 4 follows, 30 sequences, length 6
# corresponding to MSA columns:
# 575-580
name=unknown_E
#
# <colnr> <probs for GDERKNQSTAVLIFYWHMCP>
#	G	D	E	R	K	N	Q	S	T	A	V	L	I	F	Y	W	H	M	C	P
0	0.01400	0.03610	0.71860	0.01989	0.03020	0.01621	0.02578	0.02210	0.01473	0.02210	0.01252	0.01473	0.00884	0.00663	0.00663	0.00221	0.01031	0.00516	0.00295	0.01031
1	0.55134	0.01944	0.18229	0.01231	0.01818	0.01626	0.01242	0.07393	0.01423	0.03009	0.01095	0.01259	0.00821	0.00667	0.00509	0.00217	0.00677	0.00431	0.00420	0.00857
2	0.01015	0.00664	0.00831	0.00945	0.01051	0.00638	0.00702	0.01231	0.01438	0.02050	0.03616	0.39643	0.07524	0.01777	0.00805	0.00259	0.00432	0.15109	0.19666	0.00604
3	0.01660	0.01384	0.01575	0.01349	0.01632	0.07620	0.01061	0.05693	0.01528	0.08781	0.01943	0.19334	0.01932	0.01175	0.01109	0.00224	0.19849	0.00888	0.00497	0.20766
4	0.01707	0.07312	0.35537	0.01637	0.02428	0.05892	0.01800	0.12439	0.01774	0.02498	0.01287	0.01463	0.00969	0.00654	0.00618	0.00184	0.00862	0.00495	0.00390	0.20055
5	0.07173	0.23122	0.21199	0.01495	0.02152	0.01945	0.01547	0.12661	0.01791	0.14681	0.01468	0.01544	0.01076	0.00734	0.00682	0.00202	0.04525	0.00522	0.00468	0.01013

[dist]
# distance from previous block
# <min> <max>
0	2

[block]
# block no. 5 follows, 30 sequences, length 6
# corresponding to MSA columns:
# 583-588
name=unknown_F
#
# <colnr> <probs for GDERKNQSTAVLIFYWHMCP>
#	G	D	E	R	K	N	Q	S	T	A	V	L	I	F	Y	W	H	M	C	P
0	0.01001	0.00722	0.00952	0.00918	0.01082	0.00673	0.00704	0.01330	0.01939	0.02728	0.64151	0.05474	0.06331	0.01476	0.00837	0.00230	0.00360	0.07679	0.00756	0.00657
1	0.01727	0.01658	0.02832	0.04283	0.71123	0.01658	0.02142	0.02142	0.01589	0.02280	0.01313	0.01727	0.01105	0.00622	0.00691	0.00207	0.00829	0.00622	0.00345	0.01105
2	0.00880	0.00629	0.00841	0.00987	0.01045	0.00590	0.00683	0.01030	0.01401	0.01877	0.08656	0.65183	0.04714	0.02113	0.00891	0.00282	0.00416	0.06545	0.00656	0.00579
3	0.01519	0.19288	0.52098	0.01883	0.02796	0.01880	0.07003	0.02185	0.01474	0.02088	0.01202	0.01425	0.00899	0.00643	0.00627	0.00206	0.00979	0.00507	0.00300	0.00995
4	0.01013	0.00684	0.00801	0.00801	0.00814	0.00698	0.00472	0.01040	0.01027	0.01382	0.02162	0.04366	0.02450	0.67745	0.11163	0.00726	0.00808	0.00985	0.00417	0.00445
5	0.01800	0.23879	0.26806	0.01495	0.02195	0.01859	0.01615	0.11452	0.01794	0.07466	0.07970	0.01820	0.01543	0.00748	0.00616	0.00192	0.00787	0.00569	0.00445	0.04950

[dist]
# distance from previous block
# <min> <max>
6	9

# created by:
# /home/cegg/simao/soft/augustus-3.2.1/scripts/msa2prfl.pl ./align_prep/EOG090W0LQX.fa
