[name]
unknown

[dist]
# distance from previous block
# <min> <max>
0	72

[block]
# block no. 0 follows, 32 sequences, length 21
# corresponding to MSA columns:
# 72-92
name=unknown_A
#
# <colnr> <probs for GDERKNQSTAVLIFYWHMCP>
#	G	D	E	R	K	N	Q	S	T	A	V	L	I	F	Y	W	H	M	C	P
0	0.01130	0.01271	0.14350	0.01361	0.01670	0.00917	0.01339	0.01526	0.01521	0.02030	0.03119	0.06433	0.03306	0.01629	0.00873	0.00291	0.00687	0.55305	0.00556	0.00687
1	0.02360	0.01349	0.01594	0.01280	0.01731	0.01379	0.01037	0.22176	0.15031	0.30974	0.11468	0.02490	0.02198	0.00909	0.00691	0.00210	0.00578	0.00741	0.00746	0.01060
2	0.01526	0.02006	0.19757	0.04358	0.22155	0.01515	0.13456	0.04049	0.01498	0.02180	0.01236	0.01566	0.00977	0.00628	0.00747	0.00195	0.05578	0.00569	0.00341	0.15664
3	0.01454	0.01222	0.01328	0.01207	0.01526	0.01366	0.00933	0.02887	0.50988	0.02735	0.19947	0.03292	0.06121	0.01058	0.00714	0.00223	0.00470	0.00899	0.00694	0.00935
4	0.01452	0.01425	0.06364	0.12828	0.02415	0.01363	0.15245	0.14270	0.03849	0.02456	0.10944	0.07061	0.13166	0.01023	0.00783	0.00223	0.02887	0.00915	0.00509	0.00822
5	0.01197	0.01065	0.01720	0.40674	0.12209	0.01212	0.01520	0.01551	0.01386	0.01815	0.02136	0.16322	0.04324	0.01102	0.00739	0.00240	0.00737	0.08912	0.00412	0.00728
6	0.15969	0.05946	0.01418	0.13177	0.05280	0.04275	0.01070	0.01573	0.01402	0.02050	0.04139	0.07952	0.14217	0.01301	0.02983	0.00259	0.02496	0.13330	0.00469	0.00692
7	0.01822	0.01678	0.01601	0.03089	0.01840	0.14598	0.01011	0.11098	0.09147	0.04414	0.01424	0.01540	0.01118	0.00631	0.00569	0.00146	0.00676	0.00482	0.00464	0.42649
8	0.01055	0.00758	0.00918	0.00902	0.01111	0.00702	0.00711	0.01392	0.04976	0.05714	0.30088	0.05731	0.28127	0.01525	0.00806	0.00235	0.00403	0.13515	0.00678	0.00653
9	0.01452	0.01476	0.06817	0.01255	0.01499	0.14422	0.01033	0.03573	0.01449	0.05319	0.10840	0.02666	0.02094	0.10713	0.27215	0.00567	0.05751	0.00729	0.00434	0.00696
10	0.66479	0.01352	0.01307	0.01480	0.14396	0.01522	0.00973	0.01988	0.01213	0.02859	0.00995	0.01195	0.00789	0.00618	0.00461	0.00206	0.00570	0.00407	0.00400	0.00789
11	0.01380	0.01222	0.01838	0.26409	0.09901	0.01347	0.06607	0.05279	0.13527	0.02314	0.14854	0.02737	0.05659	0.00886	0.00704	0.00217	0.00682	0.00795	0.02812	0.00831
12	0.01262	0.01009	0.01407	0.09072	0.07276	0.01163	0.01041	0.03566	0.05241	0.03805	0.01882	0.02822	0.03910	0.20705	0.22513	0.00580	0.10901	0.00762	0.00404	0.00680
13	0.01365	0.01088	0.01250	0.00926	0.01441	0.00845	0.00735	0.01666	0.01394	0.02245	0.01377	0.01596	0.01128	0.00550	0.00492	0.00110	0.00463	0.00440	0.15123	0.65768
14	0.02199	0.01662	0.01768	0.01345	0.01891	0.05135	0.01096	0.39125	0.02418	0.08495	0.01521	0.01568	0.01117	0.00700	0.00611	0.00167	0.00669	0.00532	0.00576	0.27405
15	0.01390	0.01003	0.01320	0.01100	0.01365	0.05340	0.13321	0.01741	0.01470	0.02383	0.01964	0.02294	0.01537	0.00736	0.00537	0.00170	0.00519	0.00644	0.60478	0.00686
16	0.02044	0.01067	0.01447	0.01219	0.01501	0.01120	0.00973	0.08060	0.01561	0.30881	0.01892	0.02138	0.01425	0.01935	0.14872	0.15203	0.10627	0.00648	0.00559	0.00830
17	0.01211	0.01106	0.04179	0.01070	0.01299	0.04378	0.00841	0.07741	0.08445	0.02155	0.10972	0.20728	0.17850	0.06342	0.06129	0.00319	0.02780	0.01183	0.00577	0.00696
18	0.06858	0.01612	0.01916	0.06259	0.09637	0.08592	0.07003	0.17704	0.06698	0.05312	0.01618	0.06080	0.01349	0.03218	0.00732	0.00207	0.00739	0.00657	0.00488	0.13321
19	0.04595	0.15660	0.02308	0.01583	0.04258	0.07142	0.05456	0.32033	0.04682	0.06753	0.01471	0.01571	0.01112	0.00753	0.00702	0.00195	0.04970	0.00560	0.03206	0.00990
20	0.01267	0.01193	0.02013	0.74806	0.04621	0.01491	0.01863	0.01714	0.01342	0.01714	0.01193	0.01789	0.00894	0.00671	0.00671	0.00224	0.00894	0.00596	0.00298	0.00745

[dist]
# distance from previous block
# <min> <max>
0	5

[block]
# block no. 1 follows, 32 sequences, length 15
# corresponding to MSA columns:
# 98-112
name=unknown_B
#
# <colnr> <probs for GDERKNQSTAVLIFYWHMCP>
#	G	D	E	R	K	N	Q	S	T	A	V	L	I	F	Y	W	H	M	C	P
0	0.00934	0.00720	0.00866	0.00943	0.01066	0.00703	0.00662	0.01307	0.10603	0.01930	0.07931	0.50372	0.15769	0.01834	0.00819	0.00255	0.00396	0.01632	0.00637	0.00622
1	0.01449	0.05870	0.50485	0.02286	0.15010	0.01621	0.05668	0.02188	0.05217	0.02153	0.01294	0.01525	0.00961	0.00639	0.00644	0.00209	0.00929	0.00537	0.00317	0.00998
2	0.01404	0.12185	0.46544	0.05867	0.06519	0.01572	0.01985	0.02009	0.01411	0.02086	0.01303	0.01552	0.00981	0.00648	0.00592	0.00196	0.00850	0.00507	0.10871	0.00917
3	0.01406	0.01424	0.01929	0.61001	0.04080	0.11011	0.01719	0.01799	0.01413	0.01705	0.01312	0.05851	0.01088	0.00753	0.00672	0.00220	0.00908	0.00648	0.00323	0.00739
4	0.01495	0.01335	0.02199	0.42673	0.23741	0.01554	0.01832	0.01886	0.01393	0.05611	0.01257	0.01744	0.00982	0.00712	0.00832	0.00223	0.08738	0.00600	0.00336	0.00857
5	0.01892	0.01561	0.05493	0.05766	0.01961	0.10808	0.05084	0.11457	0.06718	0.16220	0.07631	0.12352	0.04275	0.01071	0.00721	0.00221	0.00702	0.04597	0.00592	0.00879
6	0.01410	0.01301	0.01926	0.39044	0.20368	0.05648	0.01622	0.01792	0.01426	0.01932	0.01475	0.06045	0.01245	0.00750	0.00649	0.00208	0.00783	0.00665	0.10910	0.00798
7	0.01855	0.01235	0.03882	0.15300	0.02195	0.03216	0.03983	0.06726	0.03326	0.25238	0.04562	0.07113	0.16397	0.01043	0.00713	0.00218	0.00635	0.00884	0.00605	0.00874
8	0.05744	0.01142	0.01874	0.29013	0.12254	0.01239	0.08882	0.01660	0.01477	0.02112	0.13854	0.09681	0.02266	0.00917	0.00698	0.00219	0.00704	0.00844	0.04662	0.00759
9	0.02568	0.01436	0.05812	0.01510	0.05707	0.01275	0.03431	0.11925	0.08137	0.45520	0.02340	0.02247	0.01581	0.00827	0.00682	0.00212	0.00645	0.02326	0.00717	0.01101
10	0.01067	0.00971	0.05141	0.01234	0.01433	0.00842	0.08609	0.04111	0.01429	0.01925	0.06602	0.38541	0.03481	0.11574	0.01174	0.00312	0.00580	0.09793	0.00551	0.00630
11	0.01276	0.01199	0.01985	0.58395	0.13413	0.01419	0.01765	0.01691	0.01384	0.01788	0.01721	0.02204	0.07494	0.00756	0.00681	0.00221	0.00830	0.00672	0.00333	0.00772
12	0.01228	0.00925	0.01537	0.01357	0.01581	0.00890	0.14056	0.01457	0.01397	0.09244	0.03045	0.43771	0.06032	0.01794	0.05214	0.00304	0.03498	0.01421	0.00562	0.00689
13	0.01448	0.14772	0.52895	0.01914	0.02798	0.01749	0.11192	0.02110	0.01430	0.02042	0.01182	0.01415	0.00874	0.00618	0.00625	0.00203	0.00967	0.00514	0.00291	0.00960
14	0.01481	0.01500	0.02562	0.35383	0.19991	0.04058	0.15210	0.01905	0.01426	0.01901	0.01210	0.01716	0.00956	0.00676	0.00820	0.00223	0.07185	0.00629	0.00315	0.00852

[dist]
# distance from previous block
# <min> <max>
2	4

[block]
# block no. 2 follows, 32 sequences, length 18
# corresponding to MSA columns:
# 117-134
name=unknown_C
#
# <colnr> <probs for GDERKNQSTAVLIFYWHMCP>
#	G	D	E	R	K	N	Q	S	T	A	V	L	I	F	Y	W	H	M	C	P
0	0.01644	0.07438	0.01654	0.01117	0.01678	0.01260	0.00914	0.09668	0.09353	0.04988	0.01442	0.01547	0.01141	0.00596	0.00538	0.00133	0.00548	0.00468	0.00467	0.53405
1	0.01666	0.52612	0.20701	0.01473	0.02159	0.02306	0.07052	0.02049	0.01394	0.01760	0.01034	0.01220	0.00871	0.00589	0.00511	0.00167	0.00819	0.00428	0.00290	0.00897
2	0.01661	0.01594	0.02724	0.04119	0.72233	0.01594	0.02059	0.02059	0.01528	0.02192	0.01262	0.01661	0.01063	0.00598	0.00664	0.00199	0.00797	0.00598	0.00332	0.01063
3	0.01391	0.01193	0.01391	0.00994	0.01590	0.00894	0.00795	0.01690	0.01391	0.02186	0.01193	0.01391	0.00994	0.00497	0.00497	0.00099	0.00497	0.00398	0.00398	0.80521
4	0.01537	0.34794	0.43296	0.01586	0.02399	0.02027	0.01911	0.02076	0.01394	0.01892	0.01088	0.01271	0.00855	0.00610	0.00549	0.00183	0.00875	0.00437	0.00285	0.00936
5	0.01794	0.76823	0.03516	0.01148	0.01722	0.02655	0.01148	0.02009	0.01363	0.01579	0.00933	0.01076	0.00861	0.00574	0.00431	0.00144	0.00718	0.00359	0.00287	0.00861
6	0.00976	0.00651	0.00732	0.00732	0.00732	0.00651	0.00407	0.00976	0.00976	0.01301	0.02114	0.04391	0.02439	0.76419	0.03415	0.00651	0.00651	0.00976	0.00407	0.00407
7	0.00914	0.00689	0.00848	0.00821	0.00998	0.00623	0.00625	0.01190	0.01777	0.02410	0.50046	0.05556	0.24272	0.01490	0.00800	0.00221	0.00340	0.05067	0.00700	0.00614
8	0.01441	0.00981	0.01032	0.00949	0.01204	0.01066	0.00732	0.05891	0.25731	0.02715	0.08006	0.02659	0.02178	0.00876	0.00580	0.00188	0.00412	0.00718	0.41837	0.00805
9	0.00960	0.00715	0.01057	0.01057	0.01170	0.00827	0.00813	0.01185	0.01072	0.01542	0.01816	0.02742	0.01724	0.09350	0.69505	0.01052	0.01728	0.00734	0.00362	0.00587
10	0.01597	0.17967	0.49540	0.01710	0.02557	0.01848	0.02051	0.11173	0.01638	0.02297	0.01204	0.01374	0.00891	0.00647	0.00600	0.00197	0.00903	0.00483	0.00336	0.00985
11	0.02014	0.47984	0.07209	0.01323	0.01910	0.02402	0.01270	0.24169	0.01950	0.02475	0.01170	0.01271	0.00952	0.00653	0.00521	0.00167	0.00741	0.00447	0.00412	0.00960
12	0.02551	0.01879	0.02014	0.01544	0.02081	0.02081	0.01275	0.69996	0.03155	0.04229	0.01611	0.01611	0.01141	0.00805	0.00671	0.00201	0.00738	0.00604	0.00671	0.01141
13	0.13439	0.50461	0.17520	0.01267	0.01904	0.02258	0.01361	0.02028	0.01342	0.01904	0.00989	0.01149	0.00839	0.00594	0.00471	0.00167	0.00745	0.00388	0.00305	0.00868
14	0.02027	0.32618	0.15378	0.01449	0.02083	0.02220	0.01440	0.30166	0.02114	0.02774	0.01262	0.01359	0.00975	0.00681	0.00567	0.00180	0.00775	0.00485	0.00445	0.01000
15	0.01495	0.27971	0.49753	0.01657	0.02509	0.01925	0.02035	0.02086	0.01399	0.01942	0.01114	0.01303	0.00854	0.00616	0.00568	0.00189	0.00900	0.00450	0.00285	0.00948
16	0.01586	0.19059	0.43873	0.01580	0.02347	0.01695	0.01861	0.04276	0.01465	0.07673	0.01348	0.01660	0.01056	0.06799	0.00822	0.00232	0.00862	0.00523	0.00351	0.00932
17	0.01308	0.07051	0.60765	0.01757	0.02614	0.01498	0.02190	0.01979	0.01398	0.02047	0.01482	0.10148	0.01272	0.00806	0.00652	0.00216	0.00906	0.00654	0.00323	0.00932

[dist]
# distance from previous block
# <min> <max>
1	6

[block]
# block no. 3 follows, 32 sequences, length 23
# corresponding to MSA columns:
# 141-163
name=unknown_D
#
# <colnr> <probs for GDERKNQSTAVLIFYWHMCP>
#	G	D	E	R	K	N	Q	S	T	A	V	L	I	F	Y	W	H	M	C	P
0	0.16395	0.01988	0.17116	0.02013	0.02673	0.01594	0.30862	0.06035	0.04496	0.08314	0.01427	0.01654	0.01033	0.00641	0.00670	0.00217	0.00896	0.00631	0.00416	0.00929
1	0.01667	0.04427	0.13555	0.07159	0.30855	0.04469	0.01791	0.02058	0.01483	0.07910	0.05209	0.01799	0.01318	0.00765	0.00900	0.00216	0.12491	0.00606	0.00379	0.00944
2	0.01421	0.02343	0.30591	0.06141	0.03082	0.01586	0.31954	0.02018	0.01471	0.02067	0.01578	0.01906	0.05060	0.00699	0.00803	0.00224	0.05134	0.00690	0.00329	0.00901
3	0.00987	0.00725	0.00867	0.00829	0.00975	0.00691	0.00593	0.04009	0.01613	0.02183	0.34799	0.07280	0.18092	0.18494	0.04648	0.00354	0.00483	0.01176	0.00617	0.00586
4	0.00828	0.00592	0.00788	0.00927	0.00976	0.00552	0.00624	0.00962	0.01336	0.01794	0.09369	0.70078	0.04595	0.02041	0.00851	0.00267	0.00383	0.01850	0.00632	0.00552
5	0.02121	0.02305	0.01964	0.19428	0.02666	0.36126	0.01445	0.15172	0.01926	0.02150	0.01170	0.01450	0.00926	0.00751	0.00777	0.00201	0.07677	0.00519	0.00392	0.00835
6	0.01742	0.01485	0.01616	0.01512	0.05139	0.01700	0.01127	0.09019	0.62057	0.02896	0.02568	0.02389	0.01926	0.00887	0.00681	0.00224	0.00561	0.00738	0.00665	0.01069
7	0.02551	0.01879	0.02014	0.01544	0.02081	0.02081	0.01275	0.69996	0.03155	0.04229	0.01611	0.01611	0.01141	0.00805	0.00671	0.00201	0.00738	0.00604	0.00671	0.01141
8	0.00995	0.00736	0.01000	0.00983	0.01049	0.00836	0.00707	0.01136	0.01035	0.01461	0.01867	0.03252	0.01928	0.32611	0.42205	0.00866	0.05615	0.00811	0.00374	0.00532
9	0.02510	0.03088	0.01911	0.01713	0.02075	0.67745	0.01295	0.08298	0.02006	0.01858	0.01085	0.01243	0.00887	0.00701	0.00611	0.00175	0.01171	0.00447	0.00373	0.00808
10	0.00963	0.00646	0.00743	0.00755	0.00789	0.00633	0.00455	0.01023	0.01127	0.01537	0.08263	0.11933	0.05679	0.55842	0.02685	0.00534	0.00567	0.01094	0.04274	0.00457
11	0.00975	0.00678	0.00841	0.00805	0.00969	0.00634	0.00605	0.01270	0.01744	0.02503	0.50622	0.04704	0.13226	0.01508	0.04372	0.00248	0.00392	0.01128	0.12155	0.00622
12	0.01794	0.76823	0.03516	0.01148	0.01722	0.02655	0.01148	0.02009	0.01363	0.01579	0.00933	0.01076	0.00861	0.00574	0.00431	0.00144	0.00718	0.00359	0.00287	0.00861
13	0.00961	0.00707	0.01020	0.01020	0.01120	0.00807	0.00766	0.01161	0.01061	0.01514	0.01851	0.02932	0.01806	0.17058	0.61910	0.01006	0.01604	0.00762	0.00367	0.00567
14	0.00895	0.00668	0.00832	0.00824	0.00978	0.00605	0.00606	0.01149	0.01722	0.02347	0.47119	0.16874	0.19794	0.01559	0.00802	0.00224	0.00333	0.01369	0.00696	0.00605
15	0.01335	0.01245	0.02040	0.65647	0.06781	0.01547	0.01828	0.03954	0.01389	0.01808	0.01191	0.01760	0.00908	0.00702	0.00760	0.00226	0.05203	0.00596	0.00311	0.00769
16	0.04975	0.01758	0.01874	0.01476	0.01963	0.04738	0.01209	0.47516	0.08425	0.13351	0.01773	0.01740	0.01254	0.00823	0.00726	0.00207	0.03832	0.00612	0.00657	0.01090
17	0.01267	0.01193	0.02013	0.74806	0.04621	0.01491	0.01863	0.01714	0.01342	0.01714	0.01193	0.01789	0.00894	0.00671	0.00671	0.00224	0.00894	0.00596	0.00298	0.00745
18	0.01346	0.03471	0.72942	0.01912	0.02904	0.01558	0.02479	0.02125	0.01417	0.02125	0.01204	0.01417	0.00850	0.00637	0.00637	0.00212	0.00992	0.00496	0.00283	0.00992
19	0.01588	0.01416	0.01439	0.07402	0.01853	0.10232	0.01106	0.12726	0.17506	0.02434	0.03087	0.04044	0.13545	0.01209	0.00749	0.00236	0.00668	0.17356	0.00581	0.00822
20	0.39509	0.08005	0.01782	0.01347	0.01770	0.14844	0.09912	0.04396	0.01433	0.02443	0.01219	0.05528	0.01060	0.00871	0.03148	0.00233	0.00788	0.00540	0.00400	0.00770
21	0.06968	0.01392	0.01288	0.01233	0.01489	0.14036	0.00936	0.07107	0.12919	0.07350	0.02635	0.28894	0.02664	0.01346	0.00733	0.00236	0.00626	0.06783	0.00587	0.00777
22	0.01553	0.01485	0.02223	0.28284	0.22667	0.05129	0.05461	0.06172	0.01513	0.02038	0.01251	0.01761	0.01030	0.03670	0.00895	0.00227	0.07027	0.00600	0.00347	0.06668

[dist]
# distance from previous block
# <min> <max>
0	2

[block]
# block no. 4 follows, 32 sequences, length 26
# corresponding to MSA columns:
# 166-191
name=unknown_E
#
# <colnr> <probs for GDERKNQSTAVLIFYWHMCP>
#	G	D	E	R	K	N	Q	S	T	A	V	L	I	F	Y	W	H	M	C	P
0	0.01537	0.11724	0.54497	0.01888	0.05463	0.07231	0.02181	0.04289	0.01507	0.02094	0.01175	0.01378	0.00870	0.00638	0.00613	0.00201	0.00961	0.00483	0.00303	0.00968
1	0.01242	0.01071	0.03545	0.17487	0.02137	0.00972	0.03979	0.01577	0.01541	0.05737	0.17593	0.03242	0.14407	0.01100	0.02983	0.00218	0.00606	0.00839	0.00503	0.19220
2	0.01344	0.01231	0.01971	0.57121	0.10241	0.01468	0.01744	0.04516	0.04126	0.01914	0.01586	0.02186	0.03996	0.00761	0.00684	0.00224	0.00833	0.02907	0.00355	0.00790
3	0.02147	0.01714	0.02012	0.06410	0.13386	0.03488	0.01383	0.40731	0.13590	0.03373	0.01683	0.01776	0.01254	0.00822	0.00727	0.02515	0.00730	0.00623	0.00578	0.01059
4	0.00905	0.00676	0.00810	0.00791	0.00936	0.00621	0.00568	0.01116	0.01586	0.02129	0.36504	0.07939	0.24103	0.14158	0.03957	0.00324	0.00437	0.01239	0.00632	0.00572
5	0.07569	0.11881	0.05149	0.01641	0.06207	0.36328	0.01265	0.09945	0.01855	0.02149	0.05925	0.04396	0.01399	0.00776	0.00605	0.00185	0.00921	0.00559	0.00413	0.00834
6	0.04837	0.01427	0.01883	0.03432	0.01969	0.06076	0.14262	0.12469	0.01714	0.04443	0.05415	0.02146	0.01532	0.09198	0.03752	0.00263	0.00768	0.00652	0.03745	0.20017
7	0.01720	0.19051	0.36417	0.01596	0.02320	0.06212	0.01784	0.10155	0.01644	0.05907	0.01298	0.01479	0.00986	0.00950	0.05467	0.00251	0.00946	0.00499	0.00368	0.00949
8	0.01114	0.00959	0.01364	0.01254	0.01400	0.04124	0.05513	0.01343	0.01134	0.01583	0.01682	0.02570	0.01595	0.10515	0.53124	0.00875	0.08151	0.00722	0.00356	0.00622
9	0.49214	0.01272	0.01179	0.01032	0.01443	0.01411	0.00832	0.02465	0.14901	0.14833	0.01684	0.04452	0.01287	0.00771	0.00529	0.00214	0.00525	0.00553	0.00546	0.00856
10	0.02306	0.01834	0.02028	0.01589	0.02089	0.05135	0.05786	0.50252	0.13714	0.03678	0.01759	0.01816	0.01296	0.02655	0.00745	0.00217	0.00750	0.00643	0.00630	0.01079
11	0.01267	0.01193	0.02013	0.74806	0.04621	0.01491	0.01863	0.01714	0.01342	0.01714	0.01193	0.01789	0.00894	0.00671	0.00671	0.00224	0.00894	0.00596	0.00298	0.00745
12	0.01369	0.01322	0.01865	0.01628	0.01652	0.01818	0.01345	0.01534	0.01037	0.01604	0.01059	0.01696	0.01036	0.01926	0.16150	0.00447	0.60885	0.00613	0.00306	0.00708
13	0.00882	0.00700	0.00804	0.00825	0.01024	0.00621	0.00650	0.01109	0.01605	0.02024	0.18821	0.06402	0.45281	0.01667	0.00820	0.00240	0.00392	0.14898	0.00645	0.00590
14	0.00818	0.00584	0.00779	0.00934	0.00973	0.00545	0.00623	0.00934	0.01285	0.01713	0.03698	0.75981	0.04438	0.02102	0.00856	0.00273	0.00389	0.01908	0.00623	0.00545
15	0.01791	0.01470	0.01562	0.01376	0.01773	0.01683	0.01078	0.09430	0.62766	0.05212	0.02629	0.02417	0.01955	0.00898	0.00681	0.00225	0.00551	0.00742	0.00687	0.01072
16	0.01539	0.01597	0.02173	0.01831	0.01897	0.06431	0.06009	0.01716	0.01118	0.01652	0.00922	0.01475	0.00889	0.01104	0.02010	0.00282	0.65716	0.00591	0.00300	0.00748
17	0.01634	0.50621	0.28315	0.01421	0.02144	0.02263	0.01624	0.02051	0.01382	0.01774	0.01030	0.01198	0.00857	0.00597	0.00504	0.00168	0.00815	0.00408	0.00286	0.00908
18	0.01063	0.00787	0.01126	0.01363	0.06020	0.00778	0.01048	0.01337	0.01488	0.01957	0.03431	0.21845	0.03799	0.01823	0.00894	0.00294	0.00581	0.49134	0.00600	0.00632
19	0.00945	0.00638	0.00741	0.00771	0.00779	0.00630	0.00449	0.00968	0.01036	0.01381	0.02423	0.18345	0.02829	0.61933	0.02916	0.00577	0.00600	0.01157	0.00449	0.00434
20	0.01517	0.01451	0.02451	0.28201	0.45971	0.01579	0.01966	0.01922	0.01442	0.02003	0.01221	0.01696	0.00997	0.00648	0.00735	0.00212	0.04132	0.00597	0.00319	0.00940
21	0.01346	0.03471	0.72942	0.01912	0.02904	0.01558	0.02479	0.02125	0.01417	0.02125	0.01204	0.01417	0.00850	0.00637	0.00637	0.00212	0.00992	0.00496	0.00283	0.00992
22	0.01528	0.01367	0.01582	0.05903	0.01835	0.04537	0.01151	0.05114	0.34488	0.02277	0.02009	0.02223	0.01615	0.01801	0.16410	0.00416	0.13666	0.00691	0.00510	0.00880
23	0.01805	0.01474	0.02044	0.01509	0.02088	0.01366	0.14379	0.16488	0.07066	0.07429	0.01527	0.01663	0.01154	0.00629	0.00617	0.00163	0.00679	0.00564	0.00495	0.36860
24	0.00850	0.00682	0.00758	0.00739	0.00941	0.00591	0.00554	0.01073	0.01663	0.02131	0.30360	0.05934	0.48200	0.01581	0.00792	0.00221	0.00331	0.01343	0.00665	0.00591
25	0.02229	0.02024	0.02125	0.01673	0.02160	0.18402	0.09981	0.28960	0.04917	0.06575	0.01464	0.01582	0.01096	0.00735	0.00718	0.00192	0.04057	0.00574	0.00515	0.10022

[dist]
# distance from previous block
# <min> <max>
0	1

[block]
# block no. 5 follows, 32 sequences, length 47
# corresponding to MSA columns:
# 193-218,226-246
name=unknown_F
#
# <colnr> <probs for GDERKNQSTAVLIFYWHMCP>
#	G	D	E	R	K	N	Q	S	T	A	V	L	I	F	Y	W	H	M	C	P
0	0.00818	0.00584	0.00779	0.00934	0.00973	0.00545	0.00623	0.00934	0.01285	0.01713	0.03698	0.75981	0.04438	0.02102	0.00856	0.00273	0.00389	0.01908	0.00623	0.00545
1	0.46892	0.02013	0.01392	0.03916	0.01729	0.28201	0.00995	0.04207	0.01488	0.02493	0.01001	0.01175	0.00796	0.00655	0.00502	0.00195	0.00794	0.00404	0.00393	0.00758
2	0.02154	0.02528	0.01722	0.01567	0.01879	0.51153	0.01190	0.06829	0.04208	0.01835	0.01294	0.01582	0.01095	0.01621	0.16026	0.00367	0.01279	0.00515	0.00382	0.00774
3	0.00972	0.00735	0.00928	0.01017	0.01198	0.00692	0.00854	0.01231	0.01557	0.01972	0.08098	0.07044	0.28362	0.01774	0.00872	0.00275	0.00503	0.40689	0.00626	0.00600
4	0.02506	0.03198	0.01901	0.01729	0.02074	0.73725	0.01296	0.02679	0.01901	0.01642	0.01037	0.01210	0.00864	0.00691	0.00605	0.00173	0.01210	0.00432	0.00346	0.00778
5	0.01661	0.01594	0.02724	0.04119	0.72233	0.01594	0.02059	0.02059	0.01528	0.02192	0.01262	0.01661	0.01063	0.00598	0.00664	0.00199	0.00797	0.00598	0.00332	0.01063
6	0.00940	0.00686	0.00884	0.00834	0.00997	0.00629	0.00626	0.01248	0.01877	0.02639	0.68029	0.05098	0.10214	0.01391	0.00791	0.00212	0.00318	0.01225	0.00732	0.00629
7	0.00976	0.00651	0.00732	0.00732	0.00732	0.00651	0.00407	0.00976	0.00976	0.01301	0.02114	0.04391	0.02439	0.76419	0.03415	0.00651	0.00651	0.00976	0.00407	0.00407
8	0.01251	0.00625	0.00625	0.00625	0.00782	0.00625	0.00469	0.01563	0.01407	0.02502	0.02189	0.02502	0.01720	0.00782	0.00469	0.00156	0.00313	0.00625	0.80144	0.00625
9	0.02551	0.01879	0.02014	0.01544	0.02081	0.02081	0.01275	0.69996	0.03155	0.04229	0.01611	0.01611	0.01141	0.00805	0.00671	0.00201	0.00738	0.00604	0.00671	0.01141
10	0.01600	0.01765	0.03699	0.03100	0.17987	0.01675	0.55524	0.02130	0.01572	0.02158	0.01337	0.01779	0.01028	0.00572	0.00765	0.00221	0.01061	0.00751	0.00338	0.00938
11	0.01166	0.00583	0.00874	0.00874	0.00874	0.00583	0.00583	0.00874	0.00874	0.01166	0.01166	0.02040	0.01166	0.02331	0.02622	0.80478	0.00583	0.00583	0.00291	0.00291
12	0.00818	0.00584	0.00779	0.00934	0.00973	0.00545	0.00623	0.00934	0.01285	0.01713	0.03698	0.75981	0.04438	0.02102	0.00856	0.00273	0.00389	0.01908	0.00623	0.00545
13	0.02551	0.01879	0.02014	0.01544	0.02081	0.02081	0.01275	0.69996	0.03155	0.04229	0.01611	0.01611	0.01141	0.00805	0.00671	0.00201	0.00738	0.00604	0.00671	0.01141
14	0.02001	0.52128	0.05001	0.01341	0.01864	0.21961	0.01231	0.04512	0.01573	0.01702	0.00992	0.01141	0.00871	0.00616	0.00492	0.00155	0.00860	0.00391	0.00316	0.00852
15	0.01267	0.01193	0.02013	0.74806	0.04621	0.01491	0.01863	0.01714	0.01342	0.01714	0.01193	0.01789	0.00894	0.00671	0.00671	0.00224	0.00894	0.00596	0.00298	0.00745
16	0.01584	0.01810	0.03959	0.02828	0.03507	0.01697	0.69796	0.02149	0.01584	0.02149	0.01357	0.01810	0.01018	0.00566	0.00792	0.00226	0.01131	0.00792	0.00339	0.00905
17	0.00943	0.00686	0.00888	0.00838	0.00999	0.00630	0.00628	0.01254	0.01884	0.02655	0.69252	0.05070	0.08981	0.01385	0.00791	0.00212	0.00317	0.01222	0.00734	0.00630
18	0.01066	0.00708	0.00923	0.00865	0.01042	0.00648	0.00650	0.01362	0.01850	0.07021	0.61001	0.09094	0.08417	0.01393	0.00788	0.00215	0.00338	0.01228	0.00733	0.00658
19	0.00976	0.00651	0.00732	0.00732	0.00732	0.00651	0.00407	0.00976	0.00976	0.01301	0.02114	0.04391	0.02439	0.76419	0.03415	0.00651	0.00651	0.00976	0.00407	0.00407
20	0.81159	0.01298	0.00986	0.00882	0.01298	0.01505	0.00727	0.01972	0.01142	0.03010	0.00934	0.01090	0.00727	0.00623	0.00415	0.00208	0.00519	0.00363	0.00415	0.00727
21	0.01669	0.01441	0.01517	0.01365	0.01745	0.01669	0.01062	0.03565	0.71021	0.02807	0.02731	0.02503	0.02048	0.00910	0.00683	0.00228	0.00531	0.00759	0.00683	0.01062
22	0.01661	0.01594	0.02724	0.04119	0.72233	0.01594	0.02059	0.02059	0.01528	0.02192	0.01262	0.01661	0.01063	0.00598	0.00664	0.00199	0.00797	0.00598	0.00332	0.01063
23	0.01251	0.00625	0.00625	0.00625	0.00782	0.00625	0.00469	0.01563	0.01407	0.02502	0.02189	0.02502	0.01720	0.00782	0.00469	0.00156	0.00313	0.00625	0.80144	0.00625
24	0.02506	0.03198	0.01901	0.01729	0.02074	0.73725	0.01296	0.02679	0.01901	0.01642	0.01037	0.01210	0.00864	0.00691	0.00605	0.00173	0.01210	0.00432	0.00346	0.00778
25	0.01661	0.01594	0.02724	0.04119	0.72233	0.01594	0.02059	0.02059	0.01528	0.02192	0.01262	0.01661	0.01063	0.00598	0.00664	0.00199	0.00797	0.00598	0.00332	0.01063
26	0.00818	0.00584	0.00779	0.00934	0.00973	0.00545	0.00623	0.00934	0.01285	0.01713	0.03698	0.75981	0.04438	0.02102	0.00856	0.00273	0.00389	0.01908	0.00623	0.00545
27	0.01026	0.00733	0.01017	0.01172	0.01302	0.00724	0.00985	0.01294	0.01490	0.01946	0.03583	0.21983	0.03983	0.01906	0.00912	0.00301	0.00570	0.53851	0.00619	0.00603
28	0.00942	0.00686	0.00886	0.00836	0.00998	0.00630	0.00627	0.01251	0.01881	0.02647	0.68656	0.05084	0.09582	0.01388	0.00791	0.00212	0.00318	0.01224	0.00733	0.00630
29	0.00959	0.00719	0.01078	0.01078	0.01198	0.00839	0.00839	0.01198	0.01078	0.01558	0.01797	0.02636	0.01677	0.05032	0.73760	0.01078	0.01797	0.00719	0.00359	0.00599
30	0.01819	0.74232	0.03459	0.01169	0.01735	0.05156	0.01153	0.02033	0.01382	0.01581	0.00937	0.01081	0.00861	0.00578	0.00437	0.00145	0.00735	0.00361	0.00289	0.00858
31	0.00950	0.00686	0.00897	0.00844	0.01002	0.00633	0.00633	0.01266	0.01899	0.02691	0.71879	0.05012	0.06331	0.01372	0.00791	0.00211	0.00317	0.01213	0.00739	0.00633
32	0.01980	0.01665	0.01491	0.07752	0.01871	0.23270	0.01062	0.02353	0.07093	0.18245	0.13597	0.02915	0.06420	0.03588	0.00785	0.00221	0.00742	0.03551	0.00573	0.00825
33	0.01556	0.01301	0.01479	0.01455	0.04624	0.01464	0.01115	0.05102	0.49274	0.02635	0.02831	0.03655	0.02413	0.01120	0.00740	0.00245	0.00570	0.16811	0.00652	0.00958
34	0.01431	0.01565	0.05219	0.31012	0.03629	0.01672	0.29058	0.01886	0.01388	0.01886	0.01206	0.01730	0.00940	0.00713	0.00979	0.00236	0.13651	0.00670	0.00313	0.00816
35	0.01586	0.01438	0.02328	0.32620	0.30980	0.01579	0.04671	0.09822	0.01639	0.02243	0.01310	0.01743	0.01024	0.00657	0.00666	0.00209	0.00827	0.00607	0.03130	0.00920
36	0.00856	0.00625	0.00805	0.00881	0.00976	0.00574	0.00615	0.01039	0.01497	0.02022	0.24898	0.47358	0.11695	0.01838	0.00830	0.00249	0.00362	0.01646	0.00658	0.00574
37	0.01794	0.76823	0.03516	0.01148	0.01722	0.02655	0.01148	0.02009	0.01363	0.01579	0.00933	0.01076	0.00861	0.00574	0.00431	0.00144	0.00718	0.00359	0.00287	0.00861
38	0.02120	0.01545	0.02907	0.04882	0.05734	0.01449	0.37340	0.05266	0.01755	0.27203	0.01814	0.01963	0.01248	0.00674	0.00736	0.00217	0.00894	0.00728	0.00525	0.00999
39	0.00793	0.00680	0.00680	0.00680	0.00906	0.00566	0.00510	0.00963	0.01529	0.01813	0.06797	0.06457	0.71961	0.01699	0.00793	0.00227	0.00340	0.01416	0.00623	0.00566
40	0.01391	0.01193	0.01391	0.00994	0.01590	0.00894	0.00795	0.01690	0.01391	0.02186	0.01193	0.01391	0.00994	0.00497	0.00497	0.00099	0.00497	0.00398	0.00398	0.80521
41	0.02100	0.01630	0.01745	0.01437	0.01883	0.01827	0.01153	0.39702	0.29819	0.03519	0.02176	0.06363	0.01694	0.00924	0.00687	0.00216	0.00636	0.00742	0.00673	0.01075
42	0.00818	0.00584	0.00779	0.00934	0.00973	0.00545	0.00623	0.00934	0.01285	0.01713	0.03698	0.75981	0.04438	0.02102	0.00856	0.00273	0.00389	0.01908	0.00623	0.00545
43	0.01616	0.01364	0.01879	0.08129	0.07798	0.01538	0.05742	0.18388	0.01801	0.02534	0.07812	0.04394	0.04108	0.01086	0.03502	0.00250	0.16886	0.00726	0.05186	0.05260
44	0.32476	0.01926	0.05696	0.01280	0.01754	0.17341	0.01076	0.13335	0.04367	0.06228	0.01259	0.01360	0.00952	0.00679	0.00542	0.00191	0.00735	0.00459	0.00463	0.07882
45	0.01742	0.01613	0.02009	0.40403	0.07897	0.10103	0.01610	0.17594	0.01841	0.02344	0.01275	0.01648	0.00964	0.00689	0.00652	0.00204	0.00866	0.00567	0.00398	0.05581
46	0.04406	0.01453	0.02232	0.35312	0.03384	0.05764	0.14676	0.07181	0.01592	0.08280	0.01510	0.06275	0.01213	0.00776	0.00738	0.00222	0.03045	0.00703	0.00408	0.00830

[dist]
# distance from previous block
# <min> <max>
2	8

[block]
# block no. 6 follows, 32 sequences, length 45
# corresponding to MSA columns:
# 255-299
name=unknown_G
#
# <colnr> <probs for GDERKNQSTAVLIFYWHMCP>
#	G	D	E	R	K	N	Q	S	T	A	V	L	I	F	Y	W	H	M	C	P
0	0.05990	0.01513	0.01682	0.01391	0.01725	0.10495	0.05237	0.10510	0.01681	0.04780	0.08356	0.06029	0.05512	0.00975	0.00956	0.00208	0.15151	0.02236	0.00479	0.15094
1	0.06388	0.03973	0.08090	0.01272	0.01835	0.01155	0.06651	0.05076	0.01545	0.06193	0.05378	0.02109	0.01511	0.00706	0.00592	0.00160	0.00617	0.05409	0.00452	0.40888
2	0.01494	0.22662	0.46039	0.01824	0.02666	0.01865	0.10465	0.02097	0.01423	0.01984	0.01151	0.01375	0.00874	0.00612	0.00602	0.00196	0.00936	0.00496	0.00291	0.00946
3	0.01492	0.01445	0.02442	0.01893	0.02312	0.03651	0.30307	0.02147	0.13463	0.04723	0.13142	0.07105	0.04760	0.00949	0.00881	0.00230	0.06798	0.00912	0.00503	0.00845
4	0.01639	0.01802	0.03774	0.02712	0.03358	0.01733	0.63215	0.06277	0.01660	0.02258	0.01356	0.01786	0.01021	0.00602	0.00834	0.00227	0.03702	0.00773	0.00358	0.00913
5	0.17096	0.01187	0.01087	0.00975	0.01271	0.05590	0.00758	0.09030	0.12691	0.04633	0.01912	0.02131	0.01496	0.03933	0.00650	0.00205	0.00507	0.00598	0.33469	0.00782
6	0.81159	0.01298	0.00986	0.00882	0.01298	0.01505	0.00727	0.01972	0.01142	0.03010	0.00934	0.01090	0.00727	0.00623	0.00415	0.00208	0.00519	0.00363	0.00415	0.00727
7	0.00798	0.00661	0.00699	0.00729	0.00919	0.00562	0.00532	0.00957	0.01482	0.01793	0.06195	0.19971	0.58836	0.01778	0.00805	0.00236	0.00349	0.01512	0.00623	0.00562
8	0.01447	0.01437	0.02014	0.01733	0.01738	0.02004	0.01442	0.01597	0.01030	0.01612	0.00919	0.01517	0.00914	0.01336	0.05195	0.00326	0.72121	0.00593	0.00296	0.00728
9	0.02689	0.01559	0.01803	0.01393	0.01915	0.01618	0.01147	0.39562	0.06267	0.31756	0.02088	0.01930	0.01399	0.00821	0.00673	0.00205	0.00660	0.00641	0.00736	0.01137
10	0.01032	0.00685	0.00835	0.00818	0.00991	0.00621	0.00605	0.01278	0.01663	0.06031	0.34803	0.16855	0.20262	0.01480	0.00764	0.00219	0.00347	0.01288	0.08794	0.00629
11	0.01537	0.02133	0.17368	0.02650	0.03390	0.01670	0.56711	0.02145	0.01551	0.02145	0.01328	0.01734	0.00985	0.00580	0.00762	0.00224	0.01104	0.00734	0.00328	0.00922
12	0.00796	0.00670	0.00690	0.00706	0.00913	0.00564	0.00521	0.00960	0.01505	0.01802	0.06483	0.13512	0.65109	0.01740	0.00799	0.00231	0.00345	0.01466	0.00623	0.00564
13	0.02511	0.03064	0.01913	0.01710	0.02075	0.66455	0.01294	0.09510	0.02029	0.01905	0.01095	0.01251	0.00892	0.00703	0.00612	0.00176	0.01162	0.00450	0.00379	0.00815
14	0.01402	0.01202	0.01396	0.01008	0.01596	0.00925	0.00805	0.01763	0.04102	0.02211	0.01252	0.01435	0.01035	0.00513	0.00504	0.00104	0.00498	0.00412	0.00409	0.77428
15	0.02551	0.01879	0.02014	0.01544	0.02081	0.02081	0.01275	0.69996	0.03155	0.04229	0.01611	0.01611	0.01141	0.00805	0.00671	0.00201	0.00738	0.00604	0.00671	0.01141
16	0.01306	0.01242	0.02039	0.62858	0.06174	0.01570	0.01815	0.01711	0.01304	0.01715	0.01152	0.01742	0.00897	0.00737	0.00879	0.00232	0.10981	0.00595	0.00299	0.00753
17	0.01959	0.01585	0.01680	0.01424	0.01855	0.01804	0.01132	0.25388	0.48727	0.03274	0.02363	0.02210	0.01750	0.00876	0.00679	0.00219	0.00599	0.00708	0.00679	0.01088
18	0.00847	0.00601	0.00792	0.00918	0.00957	0.00578	0.00609	0.00957	0.01231	0.01650	0.03369	0.61949	0.03999	0.11811	0.06022	0.00374	0.00516	0.01709	0.00578	0.00531
19	0.00818	0.00584	0.00779	0.00934	0.00973	0.00545	0.00623	0.00934	0.01285	0.01713	0.03698	0.75981	0.04438	0.02102	0.00856	0.00273	0.00389	0.01908	0.00623	0.00545
20	0.02947	0.01244	0.01620	0.01242	0.01764	0.01138	0.01026	0.12525	0.02092	0.63202	0.02503	0.02190	0.01589	0.00827	0.00674	0.00207	0.00594	0.00665	0.00808	0.01142
21	0.01723	0.01468	0.01548	0.01376	0.01765	0.01694	0.01075	0.07625	0.66874	0.02894	0.02663	0.02449	0.01993	0.00904	0.00682	0.00226	0.00544	0.00749	0.00682	0.01067
22	0.81159	0.01298	0.00986	0.00882	0.01298	0.01505	0.00727	0.01972	0.01142	0.03010	0.00934	0.01090	0.00727	0.00623	0.00415	0.00208	0.00519	0.00363	0.00415	0.00727
23	0.08486	0.01153	0.01517	0.01172	0.01684	0.01023	0.00968	0.03179	0.01866	0.67816	0.02527	0.02200	0.01596	0.00816	0.00657	0.00208	0.00567	0.00653	0.00801	0.01113
24	0.01371	0.01269	0.02091	0.63551	0.11942	0.01530	0.01857	0.04992	0.01448	0.01886	0.01220	0.01766	0.00925	0.00669	0.00670	0.00220	0.00876	0.00597	0.00320	0.00799
25	0.02376	0.02879	0.01929	0.01720	0.02034	0.59305	0.01317	0.07393	0.01879	0.01825	0.01058	0.01272	0.00886	0.00762	0.00816	0.00191	0.10732	0.00465	0.00362	0.00798
26	0.02386	0.01793	0.01923	0.01496	0.02016	0.01974	0.01226	0.58528	0.11477	0.03956	0.01730	0.01711	0.01246	0.00804	0.00664	0.00200	0.00701	0.00613	0.00660	0.04897
27	0.02244	0.01667	0.01519	0.01272	0.01659	0.16461	0.01007	0.21123	0.06969	0.16498	0.01916	0.01944	0.01393	0.00788	0.00608	0.00187	0.00683	0.00598	0.20534	0.00931
28	0.01592	0.37769	0.38228	0.01549	0.02325	0.04350	0.01819	0.02088	0.01407	0.01854	0.01072	0.01251	0.00856	0.00610	0.00540	0.00179	0.00870	0.00430	0.00287	0.00924
29	0.00804	0.00672	0.00700	0.00710	0.00917	0.00569	0.00526	0.00978	0.01531	0.01855	0.10251	0.11998	0.62765	0.01713	0.00798	0.00229	0.00343	0.01444	0.00630	0.00569
30	0.03010	0.01142	0.01557	0.01194	0.01713	0.00986	0.00986	0.03270	0.01920	0.72698	0.02647	0.02284	0.01661	0.00830	0.00675	0.00208	0.00571	0.00675	0.00830	0.01142
31	0.00862	0.00676	0.00766	0.00753	0.00933	0.00595	0.00553	0.01073	0.01620	0.02096	0.30022	0.08585	0.41180	0.06163	0.00955	0.00249	0.00352	0.01335	0.00652	0.00580
32	0.00959	0.00719	0.01078	0.01078	0.01198	0.00839	0.00839	0.01198	0.01078	0.01558	0.01797	0.02636	0.01677	0.05032	0.73760	0.01078	0.01797	0.00719	0.00359	0.00599
33	0.01384	0.01257	0.01996	0.66409	0.04319	0.01544	0.01789	0.07299	0.03835	0.01954	0.01278	0.01799	0.00953	0.00690	0.00671	0.00222	0.00870	0.00602	0.00341	0.00788
34	0.00818	0.00584	0.00779	0.00934	0.00973	0.00545	0.00623	0.00934	0.01285	0.01713	0.03698	0.75981	0.04438	0.02102	0.00856	0.00273	0.00389	0.01908	0.00623	0.00545
35	0.01391	0.01193	0.01391	0.00994	0.01590	0.00894	0.00795	0.01690	0.01391	0.02186	0.01193	0.01391	0.00994	0.00497	0.00497	0.00099	0.00497	0.00398	0.00398	0.80521
36	0.01669	0.01441	0.01517	0.01365	0.01745	0.01669	0.01062	0.03565	0.71021	0.02807	0.02731	0.02503	0.02048	0.00910	0.00683	0.00228	0.00531	0.00759	0.00683	0.01062
37	0.00832	0.00594	0.00795	0.00950	0.00995	0.00557	0.00647	0.00959	0.01298	0.01729	0.03690	0.72342	0.04407	0.02089	0.00860	0.00274	0.00401	0.05408	0.00623	0.00549
38	0.01794	0.76823	0.03516	0.01148	0.01722	0.02655	0.01148	0.02009	0.01363	0.01579	0.00933	0.01076	0.00861	0.00574	0.00431	0.00144	0.00718	0.00359	0.00287	0.00861
39	0.01391	0.01193	0.01391	0.00994	0.01590	0.00894	0.00795	0.01690	0.01391	0.02186	0.01193	0.01391	0.00994	0.00497	0.00497	0.00099	0.00497	0.00398	0.00398	0.80521
40	0.00940	0.00678	0.00888	0.00851	0.01000	0.00627	0.00632	0.01241	0.01853	0.02618	0.66787	0.10312	0.06190	0.01426	0.00796	0.00216	0.00322	0.01265	0.00730	0.00627
41	0.01251	0.00625	0.00625	0.00625	0.00782	0.00625	0.00469	0.01563	0.01407	0.02502	0.02189	0.02502	0.01720	0.00782	0.00469	0.00156	0.00313	0.00625	0.80144	0.00625
42	0.00913	0.00676	0.00852	0.00827	0.00985	0.00615	0.00613	0.01189	0.01785	0.02464	0.55500	0.11775	0.16339	0.01490	0.00798	0.00219	0.00327	0.01309	0.00710	0.00615
43	0.81159	0.01298	0.00986	0.00882	0.01298	0.01505	0.00727	0.01972	0.01142	0.03010	0.00934	0.01090	0.00727	0.00623	0.00415	0.00208	0.00519	0.00363	0.00415	0.00727
44	0.01381	0.07294	0.65977	0.01915	0.02870	0.01623	0.05602	0.02120	0.01422	0.02097	0.01197	0.01417	0.00859	0.00631	0.00634	0.00209	0.00984	0.00503	0.00286	0.00981

[dist]
# distance from previous block
# <min> <max>
0	13

[block]
# block no. 7 follows, 32 sequences, length 34
# corresponding to MSA columns:
# 313-346
name=unknown_H
#
# <colnr> <probs for GDERKNQSTAVLIFYWHMCP>
#	G	D	E	R	K	N	Q	S	T	A	V	L	I	F	Y	W	H	M	C	P
0	0.38977	0.01249	0.01316	0.01067	0.01539	0.01277	0.00880	0.05845	0.01621	0.37351	0.01809	0.01702	0.01206	0.00734	0.00555	0.00207	0.00555	0.00528	0.00632	0.00951
1	0.01468	0.01468	0.02055	0.01762	0.01762	0.02055	0.01468	0.01615	0.01028	0.01615	0.00881	0.01468	0.00881	0.01174	0.02202	0.00294	0.75191	0.00587	0.00294	0.00734
2	0.01478	0.01393	0.02169	0.48786	0.21214	0.03640	0.01838	0.05210	0.04043	0.01994	0.01282	0.01758	0.00990	0.00668	0.00668	0.00215	0.00858	0.00598	0.00340	0.00856
3	0.01794	0.76823	0.03516	0.01148	0.01722	0.02655	0.01148	0.02009	0.01363	0.01579	0.00933	0.01076	0.00861	0.00574	0.00431	0.00144	0.00718	0.00359	0.00287	0.00861
4	0.01154	0.00630	0.00899	0.00909	0.00936	0.00631	0.00615	0.03415	0.01032	0.01376	0.01638	0.15332	0.01754	0.02234	0.02233	0.63104	0.00554	0.00822	0.00365	0.00368
5	0.00896	0.00684	0.00823	0.00788	0.00970	0.00610	0.00591	0.01163	0.01773	0.02391	0.49687	0.05505	0.28710	0.01483	0.00792	0.00216	0.00325	0.01283	0.00699	0.00610
6	0.00964	0.00666	0.00833	0.00889	0.00935	0.00668	0.00605	0.01061	0.01145	0.01527	0.02643	0.18229	0.03006	0.43091	0.08384	0.00554	0.00692	0.13141	0.00481	0.00487
7	0.16078	0.63230	0.03061	0.01100	0.01646	0.02448	0.01072	0.02003	0.01324	0.01836	0.00933	0.01079	0.00837	0.00583	0.00428	0.00155	0.00682	0.00360	0.00310	0.00837
8	0.01036	0.00741	0.01026	0.01162	0.01302	0.00731	0.00983	0.01321	0.01543	0.02031	0.09654	0.16099	0.04155	0.01842	0.00906	0.00296	0.00562	0.53371	0.00629	0.00610
9	0.01251	0.00625	0.00625	0.00625	0.00782	0.00625	0.00469	0.01563	0.01407	0.02502	0.02189	0.02502	0.01720	0.00782	0.00469	0.00156	0.00313	0.00625	0.80144	0.00625
10	0.01166	0.00583	0.00874	0.00874	0.00874	0.00583	0.00583	0.00874	0.00874	0.01166	0.01166	0.02040	0.01166	0.02331	0.02622	0.80478	0.00583	0.00583	0.00291	0.00291
11	0.00816	0.00589	0.00773	0.00921	0.00970	0.00546	0.00617	0.00936	0.01297	0.01718	0.03858	0.72390	0.07925	0.02081	0.00853	0.00270	0.00387	0.01882	0.00623	0.00546
12	0.01794	0.76823	0.03516	0.01148	0.01722	0.02655	0.01148	0.02009	0.01363	0.01579	0.00933	0.01076	0.00861	0.00574	0.00431	0.00144	0.00718	0.00359	0.00287	0.00861
13	0.01794	0.76823	0.03516	0.01148	0.01722	0.02655	0.01148	0.02009	0.01363	0.01579	0.00933	0.01076	0.00861	0.00574	0.00431	0.00144	0.00718	0.00359	0.00287	0.00861
14	0.01450	0.02606	0.38183	0.05866	0.03261	0.01618	0.33010	0.02116	0.01489	0.02116	0.01273	0.01613	0.00928	0.00606	0.00709	0.00219	0.01050	0.00635	0.00309	0.00940
15	0.00976	0.00651	0.00732	0.00732	0.00732	0.00651	0.00407	0.00976	0.00976	0.01301	0.02114	0.04391	0.02439	0.76419	0.03415	0.00651	0.00651	0.00976	0.00407	0.00407
16	0.00835	0.00602	0.00791	0.00912	0.00975	0.00558	0.00620	0.00981	0.01380	0.01853	0.13284	0.63416	0.07336	0.01985	0.00845	0.00262	0.00377	0.01792	0.00639	0.00558
17	0.00950	0.00686	0.00897	0.00844	0.01002	0.00633	0.00633	0.01266	0.01899	0.02691	0.71879	0.05012	0.06331	0.01372	0.00791	0.00211	0.00317	0.01213	0.00739	0.00633
18	0.02465	0.01837	0.01965	0.01526	0.02048	0.02041	0.01255	0.63530	0.09761	0.04090	0.01720	0.01698	0.01229	0.00816	0.00672	0.00204	0.00718	0.00619	0.00672	0.01133
19	0.81159	0.01298	0.00986	0.00882	0.01298	0.01505	0.00727	0.01972	0.01142	0.03010	0.00934	0.01090	0.00727	0.00623	0.00415	0.00208	0.00519	0.00363	0.00415	0.00727
20	0.02567	0.01854	0.01998	0.01532	0.02068	0.02043	0.01265	0.67671	0.03112	0.06615	0.01647	0.01634	0.01159	0.00806	0.00671	0.00202	0.00733	0.00607	0.00677	0.01141
21	0.01409	0.01337	0.02268	0.49368	0.28953	0.01528	0.01934	0.01838	0.01409	0.01886	0.01218	0.01743	0.00955	0.00645	0.00668	0.00215	0.00859	0.00597	0.00310	0.00860
22	0.01794	0.76823	0.03516	0.01148	0.01722	0.02655	0.01148	0.02009	0.01363	0.01579	0.00933	0.01076	0.00861	0.00574	0.00431	0.00144	0.00718	0.00359	0.00287	0.00861
23	0.02096	0.01717	0.01722	0.01449	0.01887	0.07269	0.01152	0.26811	0.39139	0.06043	0.02205	0.02083	0.01624	0.00854	0.00672	0.00213	0.00657	0.00676	0.00659	0.01071
24	0.01488	0.01421	0.02401	0.33811	0.41279	0.01567	0.01956	0.01898	0.01432	0.01971	0.01219	0.01708	0.00986	0.00649	0.00721	0.00213	0.03450	0.00597	0.00316	0.00918
25	0.00998	0.00713	0.00984	0.01127	0.01249	0.00699	0.00924	0.01251	0.01488	0.01959	0.07258	0.27247	0.04161	0.01900	0.00899	0.00293	0.00535	0.45090	0.00626	0.00598
26	0.09769	0.01169	0.01484	0.01156	0.01648	0.01073	0.00953	0.06725	0.01893	0.59189	0.02416	0.02153	0.01553	0.00808	0.00641	0.00205	0.00562	0.00641	0.04882	0.01079
27	0.00818	0.00584	0.00779	0.00934	0.00973	0.00545	0.00623	0.00934	0.01285	0.01713	0.03698	0.75981	0.04438	0.02102	0.00856	0.00273	0.00389	0.01908	0.00623	0.00545
28	0.01166	0.00583	0.00874	0.00874	0.00874	0.00583	0.00583	0.00874	0.00874	0.01166	0.01166	0.02040	0.01166	0.02331	0.02622	0.80478	0.00583	0.00583	0.00291	0.00291
29	0.01312	0.01254	0.02112	0.63247	0.07570	0.01548	0.04026	0.01737	0.01333	0.01743	0.01176	0.01758	0.00905	0.00705	0.00798	0.00228	0.06882	0.00602	0.00301	0.00765
30	0.01120	0.00740	0.00831	0.00782	0.01032	0.00631	0.00595	0.01316	0.01614	0.11748	0.13480	0.09088	0.51452	0.01561	0.00779	0.00224	0.00372	0.01314	0.00665	0.00653
31	0.05967	0.22768	0.04864	0.01496	0.01992	0.21903	0.06798	0.05164	0.12086	0.02081	0.01327	0.01450	0.01069	0.00664	0.00569	0.00175	0.00841	0.00493	0.00399	0.07893
32	0.05927	0.13372	0.27538	0.01615	0.02302	0.09188	0.04469	0.16477	0.01840	0.05772	0.01292	0.01426	0.00959	0.00668	0.00602	0.00191	0.00861	0.00502	0.00412	0.04587
33	0.01822	0.51907	0.11868	0.05000	0.02022	0.04293	0.01328	0.02126	0.01435	0.07941	0.01145	0.01278	0.00937	0.00610	0.00498	0.00161	0.00753	0.00420	0.00341	0.04114

[dist]
# distance from previous block
# <min> <max>
3	62

[block]
# block no. 8 follows, 32 sequences, length 61
# corresponding to MSA columns:
# 409-431,437-474
name=unknown_I
#
# <colnr> <probs for GDERKNQSTAVLIFYWHMCP>
#	G	D	E	R	K	N	Q	S	T	A	V	L	I	F	Y	W	H	M	C	P
0	0.04990	0.00717	0.00884	0.00885	0.01025	0.00697	0.00651	0.01184	0.01611	0.02284	0.38455	0.24669	0.13537	0.01571	0.00843	0.00233	0.03130	0.01366	0.00659	0.00609
1	0.02163	0.01316	0.04336	0.01176	0.01600	0.01271	0.00986	0.19093	0.11468	0.24235	0.02220	0.02174	0.01570	0.00814	0.00617	0.00195	0.00553	0.00648	0.22584	0.00982
