[name]
unknown

[dist]
# distance from previous block
# <min> <max>
14	627

[block]
# block no. 0 follows, 33 sequences, length 48
# corresponding to MSA columns:
# 772-819
name=unknown_A
#
# <colnr> <probs for GDERKNQSTAVLIFYWHMCP>
#	G	D	E	R	K	N	Q	S	T	A	V	L	I	F	Y	W	H	M	C	P
0	0.02930	0.17508	0.10871	0.06116	0.04696	0.03983	0.03528	0.08205	0.04320	0.10465	0.05809	0.06239	0.01590	0.00953	0.03608	0.00222	0.00739	0.00640	0.00458	0.07119
1	0.07427	0.09427	0.29771	0.09055	0.05811	0.01593	0.06096	0.06548	0.04442	0.09770	0.01385	0.01553	0.01006	0.00654	0.00609	0.00200	0.00814	0.00531	0.00395	0.02913
2	0.01624	0.05049	0.20505	0.01513	0.02072	0.04163	0.09263	0.12633	0.05759	0.06544	0.03820	0.06802	0.05908	0.00847	0.00651	0.00200	0.00730	0.00720	0.06379	0.04818
3	0.01534	0.03502	0.07953	0.30074	0.02921	0.02843	0.06313	0.08676	0.01621	0.08989	0.05823	0.07766	0.04842	0.00861	0.00677	0.00211	0.00750	0.00751	0.00448	0.03446
4	0.10249	0.01617	0.03272	0.06865	0.12064	0.08381	0.01281	0.19289	0.04588	0.12168	0.03423	0.01951	0.01353	0.00779	0.00669	0.00201	0.02627	0.03489	0.00519	0.05217
5	0.10413	0.04562	0.09287	0.15495	0.17672	0.04132	0.01515	0.07870	0.04642	0.05923	0.03645	0.01676	0.01178	0.00692	0.00666	0.00199	0.03590	0.00554	0.00407	0.05883
6	0.01603	0.08440	0.17262	0.13806	0.05784	0.04160	0.06791	0.06285	0.06262	0.07314	0.05333	0.01843	0.01362	0.00804	0.02509	0.00216	0.00802	0.00592	0.02064	0.06767
7	0.01445	0.01183	0.03189	0.28262	0.10333	0.01276	0.01395	0.07380	0.01578	0.07980	0.08966	0.09822	0.04576	0.01001	0.00797	0.00225	0.05391	0.03941	0.00470	0.00791
8	0.05710	0.04318	0.23550	0.08753	0.14328	0.01469	0.08325	0.04213	0.05940	0.07182	0.01705	0.02011	0.04051	0.00728	0.00646	0.00208	0.00793	0.02546	0.02603	0.00919
9	0.01559	0.05428	0.19239	0.08985	0.09129	0.01421	0.07599	0.03625	0.11933	0.09027	0.05233	0.02219	0.06400	0.00777	0.00657	0.00203	0.00734	0.00674	0.00456	0.04701
10	0.03210	0.07264	0.32370	0.04405	0.02439	0.05192	0.04696	0.14783	0.11993	0.05118	0.01501	0.01605	0.01095	0.00698	0.00629	0.00203	0.00833	0.00552	0.00433	0.00979
11	0.01054	0.00892	0.00954	0.01052	0.01159	0.08003	0.00784	0.01226	0.01397	0.01759	0.05427	0.40286	0.06005	0.06988	0.01004	0.00290	0.00539	0.20038	0.00571	0.00571
12	0.06727	0.14984	0.33431	0.01472	0.02123	0.07529	0.01612	0.02148	0.03299	0.10006	0.03541	0.07473	0.01383	0.00781	0.00602	0.00198	0.00792	0.00607	0.00402	0.00891
13	0.01495	0.09725	0.34528	0.12062	0.08008	0.04935	0.01867	0.02162	0.08122	0.04431	0.01476	0.03164	0.01176	0.00728	0.00631	0.00207	0.00847	0.03166	0.00361	0.00912
14	0.00935	0.00636	0.00718	0.00729	0.00745	0.00626	0.00420	0.00954	0.01013	0.01336	0.02474	0.09431	0.06987	0.66902	0.03013	0.00586	0.00601	0.01048	0.00427	0.00418
15	0.01426	0.01367	0.02336	0.37329	0.31771	0.01479	0.06108	0.01843	0.01408	0.01927	0.01208	0.01681	0.00958	0.00612	0.00652	0.00202	0.00829	0.00585	0.00315	0.05964
16	0.01605	0.02013	0.23563	0.10243	0.26216	0.01476	0.06490	0.04232	0.04229	0.08432	0.01496	0.04453	0.01175	0.00697	0.00662	0.00208	0.00825	0.00630	0.00386	0.00969
17	0.01456	0.17937	0.45454	0.01905	0.02734	0.01773	0.15759	0.02067	0.01412	0.01982	0.01158	0.01400	0.00869	0.00599	0.00615	0.00198	0.00946	0.00518	0.00290	0.00930
18	0.00826	0.00591	0.00790	0.00929	0.00982	0.00554	0.00640	0.00965	0.01315	0.01760	0.07994	0.67587	0.04437	0.02002	0.00841	0.00266	0.00391	0.05968	0.00618	0.00545
19	0.07129	0.06409	0.01751	0.13544	0.03986	0.04842	0.04319	0.10229	0.06409	0.17257	0.04332	0.07070	0.06491	0.00892	0.00649	0.00206	0.00657	0.00742	0.02211	0.00872
20	0.01410	0.01234	0.06338	0.09304	0.09372	0.01145	0.07025	0.03621	0.06028	0.09698	0.05789	0.14141	0.09040	0.01364	0.05458	0.00281	0.03425	0.04020	0.00507	0.00798
21	0.01544	0.01470	0.02483	0.10020	0.59471	0.01526	0.01905	0.01920	0.01436	0.02048	0.01251	0.01694	0.01060	0.00891	0.05392	0.00256	0.03742	0.00594	0.00323	0.00974
22	0.01286	0.01218	0.02029	0.64829	0.09403	0.01509	0.01815	0.01700	0.01308	0.01710	0.01154	0.01724	0.00889	0.00688	0.00763	0.00222	0.06119	0.00585	0.00295	0.00754
23	0.01452	0.06059	0.52012	0.01797	0.02610	0.01525	0.07711	0.06506	0.01520	0.04587	0.01444	0.07198	0.01163	0.00744	0.00649	0.00210	0.00897	0.00624	0.00351	0.00941
24	0.01984	0.01098	0.01701	0.04002	0.08935	0.01022	0.08261	0.02309	0.03382	0.34013	0.07507	0.16044	0.02388	0.01061	0.00722	0.00221	0.00600	0.03192	0.00644	0.00913
25	0.01251	0.01146	0.01888	0.66998	0.04158	0.01433	0.01721	0.01668	0.01306	0.01728	0.01220	0.01786	0.00930	0.00688	0.00715	0.00218	0.04301	0.00587	0.05535	0.00723
26	0.01499	0.01601	0.03015	0.13154	0.15546	0.04035	0.37456	0.01942	0.01469	0.01979	0.01399	0.06454	0.01189	0.00712	0.00820	0.00222	0.05549	0.00761	0.00341	0.00856
27	0.01594	0.07327	0.14916	0.22380	0.06009	0.04380	0.10841	0.08900	0.07712	0.04377	0.01484	0.04556	0.01170	0.00722	0.00657	0.00209	0.00845	0.00637	0.00396	0.00888
28	0.02133	0.01111	0.01511	0.01516	0.12546	0.01020	0.01031	0.06819	0.01804	0.38261	0.05537	0.05475	0.16293	0.01012	0.00694	0.00208	0.00545	0.00853	0.00677	0.00956
29	0.00837	0.00636	0.00776	0.00848	0.00974	0.00575	0.00616	0.01015	0.01453	0.01884	0.14994	0.36335	0.27051	0.01802	0.00816	0.00247	0.00375	0.07577	0.00628	0.00561
30	0.05599	0.04043	0.05058	0.01715	0.02238	0.06611	0.18978	0.17950	0.01974	0.20498	0.04923	0.01874	0.01388	0.00745	0.00722	0.00206	0.03315	0.00651	0.00545	0.00967
31	0.05113	0.10492	0.16497	0.09369	0.09498	0.03729	0.01501	0.07675	0.01686	0.25683	0.01639	0.01692	0.01142	0.00694	0.00614	0.00197	0.00746	0.00551	0.00498	0.00984
32	0.01050	0.00844	0.01194	0.01370	0.10649	0.00867	0.00888	0.01255	0.01474	0.02041	0.26511	0.20960	0.10420	0.01497	0.01040	0.05502	0.08283	0.02958	0.00556	0.00639
33	0.04678	0.01553	0.02074	0.30707	0.12736	0.04642	0.03905	0.23757	0.04959	0.02634	0.01365	0.01665	0.01023	0.00696	0.00650	0.00207	0.00808	0.00586	0.00437	0.00917
34	0.01904	0.17715	0.04016	0.06266	0.08782	0.03585	0.01255	0.19499	0.08760	0.09277	0.06311	0.04012	0.01676	0.00827	0.00628	0.00196	0.00678	0.03151	0.00521	0.00941
35	0.01344	0.05870	0.62326	0.07591	0.05951	0.01565	0.02320	0.02047	0.01387	0.02037	0.01173	0.01416	0.00847	0.00624	0.00622	0.00206	0.00947	0.00493	0.00281	0.00953
36	0.01020	0.00786	0.01088	0.01333	0.08623	0.00761	0.00945	0.01256	0.01430	0.01861	0.03713	0.18945	0.14866	0.06482	0.01003	0.00293	0.00541	0.33873	0.00565	0.00617
37	0.01735	0.09410	0.32050	0.04324	0.09367	0.03472	0.01766	0.02412	0.10163	0.13893	0.01566	0.01665	0.01136	0.00702	0.00676	0.00204	0.03508	0.00550	0.00423	0.00978
38	0.07991	0.09673	0.12956	0.20618	0.09218	0.07748	0.06907	0.06405	0.05063	0.02107	0.01220	0.01526	0.00949	0.00670	0.00682	0.00204	0.04313	0.00538	0.00351	0.00861
39	0.00801	0.00576	0.00760	0.00907	0.00952	0.00535	0.00607	0.00918	0.01269	0.01684	0.03740	0.73857	0.06859	0.02048	0.00838	0.00266	0.00380	0.01854	0.00611	0.00535
40	0.01285	0.01525	0.12525	0.58727	0.06768	0.01483	0.01893	0.01828	0.04198	0.01803	0.01236	0.01725	0.00924	0.00660	0.00654	0.00217	0.00873	0.00577	0.00307	0.00791
41	0.01608	0.05244	0.19389	0.12269	0.11803	0.04946	0.08425	0.08834	0.03953	0.04911	0.01566	0.04446	0.03337	0.00768	0.00754	0.00212	0.05599	0.00643	0.00389	0.00903
42	0.01606	0.09364	0.35821	0.02162	0.09504	0.01673	0.17607	0.07148	0.01581	0.05491	0.01292	0.01524	0.00950	0.00621	0.00648	0.00203	0.00924	0.00566	0.00348	0.00966
43	0.00918	0.00729	0.00905	0.01064	0.03614	0.03601	0.00704	0.01067	0.01323	0.01753	0.08216	0.60736	0.04047	0.02089	0.05617	0.00308	0.00514	0.01641	0.00581	0.00572
44	0.02055	0.11397	0.13553	0.01604	0.05666	0.10761	0.05833	0.04925	0.04933	0.22739	0.04462	0.01959	0.03714	0.00766	0.00671	0.00197	0.02700	0.00611	0.00508	0.00946
45	0.01905	0.06463	0.13707	0.10223	0.11149	0.04933	0.04462	0.06827	0.09741	0.18359	0.01899	0.01965	0.03936	0.00744	0.00646	0.00203	0.00751	0.00622	0.00495	0.00967
46	0.01344	0.03106	0.65184	0.01772	0.02660	0.01435	0.02238	0.02048	0.01422	0.04665	0.04228	0.04361	0.01213	0.00715	0.00641	0.00210	0.00909	0.00573	0.00328	0.00948
47	0.01431	0.01434	0.04893	0.19354	0.41854	0.01417	0.05292	0.01840	0.01497	0.02085	0.09084	0.02133	0.03379	0.00712	0.00675	0.00205	0.00764	0.00678	0.00368	0.00905

[dist]
# distance from previous block
# <min> <max>
0	7

[block]
# block no. 1 follows, 33 sequences, length 16
# corresponding to MSA columns:
# 827-842
name=unknown_B
#
# <colnr> <probs for GDERKNQSTAVLIFYWHMCP>
#	G	D	E	R	K	N	Q	S	T	A	V	L	I	F	Y	W	H	M	C	P
0	0.01731	0.02158	0.31592	0.08751	0.12498	0.01380	0.03961	0.05598	0.01574	0.16795	0.01622	0.04584	0.01226	0.02749	0.00727	0.00220	0.00813	0.00625	0.00433	0.00964
1	0.01613	0.01640	0.18943	0.04774	0.08895	0.01168	0.05600	0.04325	0.04353	0.16615	0.02206	0.20767	0.02003	0.01043	0.00699	0.00221	0.00680	0.00923	0.02652	0.00881
2	0.01941	0.02214	0.01945	0.18538	0.05919	0.36524	0.01454	0.04793	0.04225	0.01787	0.01120	0.01443	0.00920	0.00762	0.00882	0.00205	0.13687	0.00513	0.00344	0.00786
3	0.01562	0.02058	0.22613	0.14154	0.09545	0.01602	0.16056	0.13485	0.01690	0.02341	0.01396	0.05351	0.01121	0.00730	0.00732	0.00216	0.03391	0.00663	0.00377	0.00917
4	0.01547	0.01921	0.19117	0.17697	0.11878	0.03709	0.17447	0.02099	0.04209	0.07265	0.01468	0.01934	0.01139	0.02966	0.00763	0.00227	0.00898	0.02455	0.00369	0.00891
5	0.01035	0.00747	0.00930	0.01004	0.01125	0.00750	0.00714	0.01467	0.13248	0.04407	0.06878	0.55097	0.03934	0.01776	0.00805	0.00256	0.00417	0.04130	0.00634	0.00648
6	0.01394	0.01676	0.15718	0.35995	0.06052	0.01462	0.04992	0.09663	0.03772	0.02125	0.01875	0.02181	0.08735	0.00776	0.00671	0.00214	0.00815	0.00669	0.00381	0.00833
7	0.01495	0.01711	0.15143	0.19397	0.12986	0.01473	0.09698	0.07158	0.01556	0.05145	0.04866	0.04398	0.01465	0.00818	0.00800	0.00222	0.06347	0.04061	0.00396	0.00866
8	0.04363	0.01491	0.12449	0.04638	0.07250	0.06340	0.03594	0.04452	0.03174	0.04771	0.07340	0.17822	0.03747	0.03763	0.03902	0.00278	0.00722	0.08662	0.00489	0.00755
9	0.01108	0.04211	0.03927	0.04840	0.01473	0.03636	0.03191	0.03999	0.05656	0.01923	0.05971	0.44364	0.05612	0.01595	0.00777	0.00245	0.00528	0.05731	0.00559	0.00656
10	0.04306	0.15942	0.19165	0.01624	0.05791	0.03726	0.08870	0.04610	0.01533	0.10439	0.03784	0.08469	0.05729	0.00853	0.00666	0.00202	0.02272	0.00714	0.00433	0.00873
11	0.04200	0.01572	0.08450	0.03930	0.10751	0.04141	0.18334	0.06371	0.06912	0.02264	0.07210	0.10706	0.04244	0.00918	0.00760	0.00217	0.03760	0.00844	0.03578	0.00837
12	0.01562	0.06976	0.12139	0.06379	0.06341	0.15966	0.06790	0.01877	0.01491	0.06501	0.02059	0.19426	0.04662	0.01184	0.03484	0.00243	0.00829	0.00884	0.00429	0.00778
13	0.14591	0.06612	0.09426	0.11127	0.13629	0.11767	0.07852	0.02115	0.03877	0.05156	0.03926	0.01653	0.01178	0.00667	0.00598	0.00197	0.00798	0.00551	0.03431	0.00848
14	0.01512	0.04276	0.08453	0.02735	0.03324	0.01272	0.04515	0.19632	0.04240	0.04955	0.05843	0.11297	0.19651	0.01179	0.00719	0.00218	0.00602	0.04186	0.00566	0.00824
15	0.06636	0.05608	0.09810	0.04675	0.02174	0.08899	0.10106	0.13523	0.06287	0.15203	0.05659	0.02135	0.01557	0.00794	0.00657	0.00206	0.00770	0.03853	0.00524	0.00926

[dist]
# distance from previous block
# <min> <max>
4	146

[block]
# block no. 2 follows, 33 sequences, length 9
# corresponding to MSA columns:
# 1067-1075
name=unknown_C
#
# <colnr> <probs for GDERKNQSTAVLIFYWHMCP>
#	G	D	E	R	K	N	Q	S	T	A	V	L	I	F	Y	W	H	M	C	P
0	0.01906	0.13610	0.07773	0.06611	0.05895	0.06255	0.07089	0.22171	0.09274	0.04893	0.01586	0.01858	0.01239	0.00746	0.00628	0.00197	0.00768	0.03159	0.03394	0.00948
1	0.05154	0.08084	0.10700	0.01292	0.06049	0.04136	0.01035	0.01427	0.01345	0.01865	0.08311	0.28003	0.02842	0.08435	0.04779	0.00308	0.00655	0.04432	0.00474	0.00673
2	0.04713	0.05616	0.12001	0.11105	0.04245	0.03183	0.05741	0.09638	0.09062	0.07431	0.06065	0.01854	0.01434	0.00720	0.00656	0.00191	0.02453	0.00592	0.00459	0.12840
3	0.07004	0.16714	0.16384	0.01719	0.08538	0.01666	0.07310	0.04298	0.11973	0.10981	0.01681	0.01999	0.01325	0.00744	0.00616	0.00202	0.00736	0.04719	0.00452	0.00940
4	0.07488	0.07271	0.37315	0.05136	0.08052	0.01625	0.13340	0.02170	0.07457	0.02166	0.01303	0.01534	0.00972	0.00630	0.00628	0.00207	0.00886	0.00550	0.00335	0.00932
5	0.01500	0.01682	0.05257	0.14537	0.08053	0.18721	0.01344	0.01775	0.01480	0.01822	0.09160	0.10176	0.04477	0.01039	0.00940	0.00223	0.13481	0.03195	0.00407	0.00732
6	0.04427	0.07889	0.22787	0.12877	0.07277	0.01577	0.11090	0.04018	0.09825	0.06950	0.01645	0.01833	0.03513	0.00697	0.00643	0.00207	0.00817	0.00608	0.00400	0.00918
7	0.07013	0.08222	0.17713	0.05466	0.07619	0.01485	0.12210	0.01900	0.01433	0.06453	0.10526	0.02027	0.01672	0.01031	0.05407	0.00264	0.07673	0.00648	0.00397	0.00840
8	0.01096	0.00863	0.01195	0.13456	0.04754	0.00911	0.00954	0.06908	0.01510	0.02021	0.11746	0.27668	0.08342	0.04300	0.07581	0.00326	0.00643	0.04539	0.00533	0.00654

[dist]
# distance from previous block
# <min> <max>
0	3

[block]
# block no. 3 follows, 33 sequences, length 33
# corresponding to MSA columns:
# 1079-1111
name=unknown_D
#
# <colnr> <probs for GDERKNQSTAVLIFYWHMCP>
#	G	D	E	R	K	N	Q	S	T	A	V	L	I	F	Y	W	H	M	C	P
0	0.00966	0.00715	0.00814	0.00773	0.00989	0.00635	0.00585	0.01247	0.03983	0.05486	0.30874	0.05485	0.42091	0.01482	0.00768	0.00216	0.00342	0.01260	0.00665	0.00623
1	0.17682	0.03960	0.07338	0.16419	0.10903	0.05143	0.03461	0.07382	0.08972	0.05749	0.05698	0.01800	0.01360	0.00717	0.00606	0.00205	0.00718	0.00580	0.00440	0.00868
2	0.04091	0.01288	0.05569	0.01152	0.01592	0.01174	0.00983	0.12324	0.11662	0.31288	0.02515	0.02387	0.05906	0.00851	0.00627	0.00198	0.00544	0.00683	0.14195	0.00970
3	0.00801	0.00578	0.00758	0.00902	0.00951	0.00536	0.00605	0.00918	0.01274	0.01686	0.03806	0.72337	0.08337	0.02039	0.00837	0.00265	0.00379	0.01843	0.00611	0.00536
4	0.06628	0.01535	0.02427	0.03352	0.54271	0.01567	0.03846	0.05297	0.07533	0.05081	0.01412	0.01691	0.01130	0.00631	0.00643	0.00200	0.00742	0.00595	0.00394	0.01024
5	0.01513	0.36974	0.33721	0.09426	0.02500	0.02014	0.01770	0.01990	0.01358	0.01796	0.01058	0.01276	0.00844	0.00600	0.00536	0.00179	0.00840	0.00436	0.00281	0.00888
6	0.01104	0.00713	0.00915	0.00869	0.01059	0.00647	0.00664	0.01374	0.01747	0.09251	0.46896	0.10466	0.14812	0.01423	0.00779	0.00219	0.00362	0.05346	0.00702	0.00653
7	0.06579	0.01008	0.01158	0.01000	0.01333	0.00985	0.00788	0.07298	0.10901	0.20931	0.15931	0.06153	0.20908	0.01168	0.00704	0.00213	0.00455	0.00972	0.00683	0.00830
8	0.06700	0.01927	0.09528	0.05538	0.09689	0.14615	0.03454	0.14019	0.07675	0.13164	0.01746	0.03004	0.02957	0.00760	0.00635	0.00200	0.00783	0.00605	0.02062	0.00941
9	0.01423	0.01314	0.09015	0.04680	0.07547	0.03939	0.01073	0.05070	0.07855	0.08881	0.13960	0.05997	0.17033	0.01070	0.00685	0.00206	0.00550	0.00902	0.08006	0.00795
10	0.14891	0.01497	0.01490	0.01236	0.01653	0.04976	0.00995	0.26702	0.17212	0.10025	0.01855	0.01842	0.01354	0.00778	0.00593	0.00198	0.00600	0.00589	0.10558	0.00958
11	0.03447	0.01371	0.02294	0.35638	0.39003	0.01503	0.01879	0.01894	0.01417	0.03567	0.01231	0.01685	0.00974	0.00624	0.00649	0.00207	0.00813	0.00582	0.00324	0.00898
12	0.01508	0.11122	0.31342	0.05227	0.02558	0.04560	0.14227	0.02121	0.05957	0.05305	0.04221	0.06060	0.01393	0.00747	0.00652	0.00206	0.00863	0.00658	0.00378	0.00895
13	0.01472	0.00978	0.01268	0.05756	0.01645	0.01006	0.01059	0.10746	0.04908	0.10462	0.03107	0.11275	0.06022	0.01468	0.00810	0.00262	0.00598	0.35784	0.00621	0.00752
14	0.00818	0.00595	0.00761	0.00873	0.00939	0.00549	0.00590	0.00949	0.01324	0.01754	0.09744	0.59354	0.11804	0.05476	0.00946	0.00275	0.00383	0.01718	0.00611	0.00538
15	0.01722	0.01903	0.13056	0.08655	0.12411	0.12485	0.04328	0.09199	0.05685	0.06977	0.05778	0.04928	0.02913	0.01001	0.04038	0.00245	0.02670	0.00676	0.00445	0.00885
16	0.01095	0.04002	0.05452	0.00940	0.01210	0.00885	0.00771	0.01562	0.12055	0.04761	0.12981	0.15059	0.30369	0.04837	0.00859	0.00241	0.00443	0.01193	0.00599	0.00686
17	0.01279	0.01207	0.02039	0.68652	0.10883	0.01472	0.01846	0.01714	0.01333	0.01726	0.01176	0.01743	0.00893	0.00652	0.00658	0.00217	0.00869	0.00585	0.00296	0.00760
18	0.01341	0.03104	0.62427	0.06531	0.06201	0.01533	0.05669	0.02058	0.01398	0.02064	0.01191	0.01442	0.00854	0.00622	0.00636	0.00209	0.00965	0.00511	0.00284	0.00957
19	0.06921	0.06525	0.14134	0.17593	0.06723	0.06644	0.06405	0.05881	0.04001	0.02095	0.01367	0.03970	0.01137	0.00769	0.00765	0.00212	0.07728	0.02116	0.04186	0.00828
20	0.01590	0.01672	0.03561	0.05903	0.03304	0.01582	0.61327	0.02116	0.01551	0.05327	0.01414	0.01823	0.01049	0.00580	0.00754	0.00218	0.01042	0.00757	0.03547	0.00880
21	0.01275	0.00793	0.00982	0.00920	0.01135	0.00760	0.00705	0.01702	0.08688	0.11653	0.34722	0.11837	0.09083	0.01297	0.00735	0.00215	0.00387	0.04266	0.08131	0.00713
22	0.02135	0.02260	0.04992	0.05181	0.07114	0.38497	0.03579	0.02432	0.03239	0.12654	0.06395	0.04201	0.01549	0.00801	0.00647	0.00192	0.00925	0.01920	0.00453	0.00835
23	0.07793	0.09237	0.30855	0.05517	0.08901	0.01623	0.16785	0.01974	0.01388	0.02062	0.01276	0.04914	0.01045	0.00684	0.00684	0.00209	0.03236	0.00607	0.00321	0.00889
24	0.00814	0.00582	0.00778	0.00931	0.00974	0.00545	0.00632	0.00938	0.01272	0.01694	0.03622	0.73194	0.04328	0.02051	0.00844	0.00269	0.00392	0.04991	0.00611	0.00538
25	0.01656	0.01627	0.02665	0.03810	0.64612	0.04197	0.05276	0.02093	0.03713	0.02148	0.01280	0.01646	0.01064	0.00598	0.00656	0.00197	0.00804	0.00595	0.00337	0.01025
26	0.06320	0.26597	0.09030	0.01680	0.09017	0.12673	0.05829	0.04266	0.03007	0.07063	0.03707	0.01814	0.01293	0.00716	0.00580	0.00185	0.00793	0.04166	0.00395	0.00871
27	0.01503	0.01375	0.02367	0.10686	0.34762	0.01436	0.11160	0.01862	0.01420	0.05407	0.01650	0.04238	0.04543	0.01110	0.06986	0.00286	0.07254	0.00702	0.00368	0.00888
28	0.00807	0.00577	0.00769	0.00913	0.00956	0.00538	0.00612	0.00930	0.01285	0.01720	0.06463	0.73487	0.04431	0.02033	0.00838	0.00265	0.00379	0.01843	0.00616	0.00538
29	0.02257	0.04454	0.04852	0.07266	0.05715	0.03753	0.05035	0.14159	0.10044	0.30189	0.04128	0.02026	0.01515	0.00776	0.00658	0.00204	0.00685	0.00646	0.00619	0.01021
30	0.01664	0.08297	0.21646	0.05403	0.05281	0.04637	0.24046	0.02236	0.05175	0.08710	0.01397	0.01644	0.01037	0.00662	0.00755	0.00211	0.05296	0.00611	0.00373	0.00920
31	0.00899	0.00809	0.00833	0.00914	0.04434	0.03942	0.00625	0.01069	0.01482	0.01775	0.05705	0.16114	0.55825	0.01628	0.00773	0.00225	0.00401	0.01377	0.00585	0.00586
32	0.01269	0.04982	0.38866	0.01475	0.02068	0.03458	0.01637	0.05717	0.01512	0.02118	0.08459	0.21279	0.02270	0.01076	0.00689	0.00219	0.00739	0.00913	0.00431	0.00824

[dist]
# distance from previous block
# <min> <max>
1	17

[block]
# block no. 4 follows, 33 sequences, length 41
# corresponding to MSA columns:
# 1134-1174
name=unknown_E
#
# <colnr> <probs for GDERKNQSTAVLIFYWHMCP>
#	G	D	E	R	K	N	Q	S	T	A	V	L	I	F	Y	W	H	M	C	P
0	0.00991	0.00777	0.01002	0.01155	0.05773	0.00773	0.00760	0.01402	0.11428	0.01995	0.12449	0.47387	0.08196	0.01681	0.00791	0.00246	0.00416	0.01508	0.00616	0.00653
1	0.15078	0.01445	0.06696	0.41204	0.13654	0.01513	0.05412	0.03919	0.01381	0.02092	0.01159	0.01592	0.00885	0.00636	0.00619	0.00212	0.00815	0.00550	0.00329	0.00810
2	0.01581	0.01507	0.08826	0.09447	0.12377	0.02959	0.16984	0.02071	0.05680	0.12034	0.08408	0.09124	0.04247	0.00883	0.00712	0.00216	0.00752	0.00836	0.00481	0.00873
3	0.01418	0.03210	0.66467	0.01879	0.02814	0.01505	0.05422	0.02146	0.01424	0.05887	0.01264	0.01453	0.00884	0.00632	0.00634	0.00209	0.00957	0.00509	0.00309	0.00977
4	0.01103	0.00737	0.01043	0.01020	0.01151	0.00828	0.00786	0.01327	0.01146	0.05992	0.01938	0.06621	0.01803	0.07167	0.52507	0.00824	0.03997	0.00764	0.08629	0.00616
5	0.01436	0.19009	0.52048	0.01800	0.02657	0.01771	0.08473	0.02063	0.01394	0.01973	0.01139	0.01355	0.00852	0.00606	0.00596	0.00195	0.00928	0.00485	0.00284	0.00938
6	0.01487	0.01368	0.02159	0.40730	0.23286	0.01589	0.01778	0.07675	0.03795	0.02051	0.01250	0.01703	0.00981	0.00695	0.00774	0.00216	0.06664	0.00591	0.00345	0.00862
7	0.01536	0.01923	0.10665	0.02769	0.07929	0.01645	0.59185	0.02101	0.01534	0.02109	0.01311	0.01728	0.00986	0.00564	0.00754	0.00219	0.01075	0.00736	0.00327	0.00906
8	0.05262	0.00657	0.00827	0.00928	0.01030	0.00631	0.00675	0.01081	0.01385	0.01925	0.12838	0.48552	0.08618	0.01828	0.00814	0.00258	0.00408	0.11101	0.00614	0.00567
9	0.08178	0.07017	0.32868	0.01798	0.05128	0.06282	0.10932	0.02235	0.04133	0.09662	0.04614	0.01682	0.01230	0.00676	0.00627	0.00203	0.00853	0.00567	0.00394	0.00924
10	0.02388	0.14123	0.02085	0.01570	0.01960	0.56441	0.01229	0.04634	0.01825	0.06376	0.01123	0.01249	0.00907	0.00673	0.00574	0.00168	0.01059	0.00434	0.00371	0.00810
11	0.00839	0.00678	0.00755	0.00782	0.00979	0.00594	0.00608	0.01039	0.01525	0.01883	0.11899	0.09505	0.52244	0.01681	0.00802	0.00236	0.00378	0.12384	0.00621	0.00569
12	0.01591	0.01392	0.01957	0.54532	0.08378	0.08885	0.01684	0.01978	0.01450	0.09972	0.01324	0.01745	0.00972	0.00674	0.00652	0.00211	0.00866	0.00578	0.00360	0.00800
13	0.06999	0.04263	0.09522	0.20068	0.05010	0.13413	0.07255	0.13722	0.07370	0.04153	0.01364	0.01596	0.01022	0.00686	0.00632	0.00202	0.00862	0.00559	0.00415	0.00887
14	0.01040	0.00686	0.00893	0.00981	0.01081	0.00656	0.00692	0.04884	0.01412	0.06192	0.03446	0.64074	0.03981	0.01904	0.00823	0.00262	0.00424	0.05339	0.00626	0.00606
15	0.01364	0.01293	0.02193	0.53014	0.25858	0.01494	0.01888	0.01788	0.01373	0.01829	0.01191	0.01716	0.00929	0.00636	0.00656	0.00212	0.00848	0.00586	0.00303	0.00829
16	0.12841	0.06535	0.07486	0.01761	0.06751	0.01527	0.17122	0.09238	0.08616	0.09616	0.04545	0.02250	0.03664	0.00787	0.00656	0.00211	0.00733	0.04268	0.00489	0.00904
17	0.00802	0.00573	0.00764	0.00917	0.00955	0.00535	0.00611	0.00917	0.01260	0.01681	0.03628	0.76434	0.04354	0.02062	0.00840	0.00267	0.00382	0.01872	0.00611	0.00535
18	0.01043	0.00762	0.01081	0.01056	0.01198	0.00877	0.00824	0.04987	0.01189	0.01728	0.01777	0.02523	0.01620	0.04457	0.65737	0.00956	0.01618	0.00694	0.05256	0.00618
19	0.01540	0.19288	0.48833	0.01723	0.02533	0.09232	0.04119	0.02117	0.01433	0.01921	0.01112	0.01309	0.00843	0.00615	0.00583	0.00190	0.00941	0.00460	0.00287	0.00921
20	0.01358	0.03207	0.67809	0.01806	0.02727	0.01470	0.02303	0.02085	0.01428	0.04499	0.04397	0.01575	0.01100	0.00664	0.00633	0.00208	0.00930	0.00524	0.00316	0.00962
21	0.01243	0.01170	0.01975	0.75282	0.04534	0.01463	0.01828	0.01682	0.01316	0.01682	0.01170	0.01755	0.00878	0.00658	0.00658	0.00219	0.00878	0.00585	0.00293	0.00731
22	0.07115	0.01267	0.04636	0.01444	0.01865	0.01151	0.13189	0.09384	0.01737	0.24034	0.04755	0.15957	0.02219	0.01081	0.00723	0.00227	0.00651	0.07082	0.00606	0.00877
23	0.01500	0.01345	0.02064	0.53121	0.16594	0.05399	0.01772	0.01902	0.01419	0.06800	0.01275	0.01736	0.00959	0.00657	0.00654	0.00211	0.00855	0.00582	0.00338	0.00817
24	0.01370	0.00762	0.00995	0.00931	0.01153	0.00686	0.00713	0.01610	0.01683	0.18862	0.30234	0.19014	0.12420	0.01432	0.00771	0.00226	0.00404	0.05320	0.00702	0.00712
25	0.02893	0.03190	0.01119	0.01006	0.01229	0.00871	0.00773	0.05508	0.03815	0.13905	0.11922	0.29835	0.12407	0.01496	0.00793	0.00236	0.02186	0.05457	0.00642	0.00717
26	0.01623	0.01506	0.12472	0.04375	0.03526	0.02935	0.03399	0.05903	0.15469	0.13816	0.05023	0.11144	0.05356	0.01097	0.00719	0.00229	0.00642	0.09312	0.00576	0.00878
27	0.01434	0.10812	0.16851	0.05354	0.01997	0.04096	0.07178	0.04022	0.01554	0.07950	0.08946	0.12359	0.09943	0.01054	0.00689	0.00213	0.00688	0.03583	0.00479	0.00795
28	0.01354	0.02068	0.33799	0.01509	0.03505	0.01236	0.01565	0.08576	0.05680	0.04947	0.02176	0.26372	0.02133	0.01140	0.00704	0.00227	0.00706	0.00980	0.00471	0.00853
29	0.01422	0.01362	0.02241	0.26481	0.30781	0.01575	0.03182	0.01774	0.01317	0.01848	0.01178	0.01696	0.00991	0.00993	0.05578	0.00276	0.15552	0.00595	0.00309	0.00847
30	0.01479	0.26939	0.28609	0.06631	0.06292	0.01842	0.11077	0.01956	0.01389	0.01868	0.01252	0.05520	0.01069	0.00675	0.00595	0.00191	0.00854	0.00570	0.00309	0.00883
31	0.05009	0.01843	0.08022	0.04452	0.17289	0.12761	0.04564	0.08581	0.05441	0.06704	0.01561	0.02157	0.01321	0.00846	0.00846	0.00219	0.09817	0.07244	0.00430	0.00894
32	0.01569	0.01237	0.08576	0.05824	0.01843	0.01028	0.07748	0.07829	0.01589	0.17262	0.02553	0.31988	0.02526	0.04203	0.00845	0.00249	0.00619	0.01144	0.00571	0.00796
33	0.01360	0.03664	0.01561	0.01502	0.10243	0.01106	0.06711	0.09479	0.05813	0.04555	0.15632	0.15695	0.09801	0.05304	0.00863	0.00237	0.00549	0.01039	0.04120	0.00767
34	0.03946	0.05758	0.14826	0.32688	0.17858	0.01570	0.04080	0.05557	0.01482	0.02058	0.03305	0.01691	0.01072	0.00655	0.00638	0.00206	0.00836	0.00573	0.00334	0.00867
35	0.01423	0.13976	0.21432	0.11441	0.02770	0.01668	0.19794	0.01999	0.05995	0.01947	0.01469	0.07825	0.01257	0.00757	0.00711	0.00211	0.03429	0.00690	0.00349	0.00858
36	0.01041	0.01272	0.15094	0.01121	0.01405	0.02401	0.01006	0.05150	0.01467	0.01968	0.07517	0.43510	0.11304	0.01590	0.00772	0.00241	0.00524	0.01400	0.00550	0.00666
37	0.03394	0.06649	0.23792	0.09810	0.06143	0.01460	0.05214	0.07646	0.01598	0.08220	0.07451	0.02248	0.07777	0.00828	0.00736	0.00210	0.04845	0.00672	0.00431	0.00877
38	0.01634	0.12327	0.33944	0.01519	0.02191	0.03993	0.03788	0.04579	0.06136	0.11343	0.01998	0.04962	0.07157	0.00809	0.00632	0.00202	0.00780	0.00650	0.00432	0.00923
39	0.01396	0.01242	0.03215	0.13267	0.26613	0.01266	0.04184	0.01898	0.08702	0.04508	0.09065	0.13064	0.02165	0.00949	0.00725	0.00216	0.02258	0.00861	0.03556	0.00850
40	0.01447	0.01465	0.05972	0.19240	0.30280	0.03650	0.04293	0.05670	0.01583	0.02151	0.09432	0.06157	0.04183	0.00818	0.00683	0.00208	0.00747	0.00746	0.00404	0.00867

[dist]
# distance from previous block
# <min> <max>
0	11

[block]
# block no. 5 follows, 33 sequences, length 67
# corresponding to MSA columns:
# 1186-1252
name=unknown_F
#
# <colnr> <probs for GDERKNQSTAVLIFYWHMCP>
#	G	D	E	R	K	N	Q	S	T	A	V	L	I	F	Y	W	H	M	C	P
0	0.01680	0.13597	0.09033	0.07087	0.15048	0.09891	0.17326	0.04783	0.01580	0.03887	0.04848	0.03721	0.01314	0.00701	0.00686	0.00198	0.02738	0.00634	0.00369	0.00880
1	0.01316	0.10066	0.26446	0.09134	0.09555	0.02815	0.04331	0.01835	0.05057	0.01925	0.01819	0.19257	0.01763	0.00971	0.00668	0.00215	0.00761	0.00844	0.00388	0.00835
2	0.01099	0.00897	0.01006	0.01027	0.01144	0.05926	0.00743	0.01326	0.04291	0.04332	0.12162	0.41508	0.08886	0.03633	0.03120	0.00279	0.06021	0.01404	0.00579	0.00617
3	0.01842	0.05675	0.20588	0.02039	0.10612	0.02614	0.16890	0.04452	0.03534	0.18454	0.03652	0.01944	0.03217	0.00707	0.00671	0.00205	0.00822	0.00649	0.00464	0.00972
4	0.03081	0.08217	0.14449	0.01339	0.01825	0.05674	0.01252	0.05954	0.15873	0.17358	0.04722	0.02356	0.08111	0.00948	0.01969	0.00221	0.04498	0.00681	0.00545	0.00928
5	0.01262	0.02245	0.40555	0.01496	0.02100	0.01235	0.01680	0.05201	0.05556	0.02138	0.04687	0.15935	0.01974	0.01080	0.00766	0.03552	0.00744	0.04360	0.02601	0.00831
6	0.01314	0.01508	0.11291	0.03883	0.05805	0.01215	0.25935	0.03048	0.01571	0.03975	0.10256	0.06882	0.11962	0.01016	0.00759	0.00226	0.00768	0.07329	0.00465	0.00793
7	0.01618	0.10250	0.30007	0.02512	0.25773	0.06284	0.05596	0.02166	0.03462	0.04452	0.01260	0.01501	0.00974	0.00620	0.00621	0.00196	0.00876	0.00530	0.00330	0.00972
8	0.01579	0.03676	0.11267	0.11760	0.48499	0.01518	0.01944	0.02008	0.01476	0.04912	0.01362	0.01863	0.01129	0.00659	0.00654	0.00203	0.00799	0.03367	0.00346	0.00978
9	0.01962	0.01755	0.01697	0.03086	0.10793	0.17618	0.01173	0.21963	0.08011	0.05225	0.04092	0.03537	0.07993	0.00864	0.00646	0.00194	0.00726	0.00685	0.07082	0.00898
10	0.01588	0.01938	0.16545	0.06981	0.39126	0.04753	0.06254	0.02036	0.01487	0.04408	0.03734	0.01704	0.01172	0.00664	0.00736	0.00205	0.04771	0.00595	0.00344	0.00961
11	0.03327	0.11434	0.26554	0.01713	0.06875	0.16895	0.01620	0.09549	0.02913	0.03943	0.01291	0.01482	0.00998	0.00852	0.03856	0.00225	0.00923	0.00498	0.04154	0.00900
12	0.00841	0.00595	0.00778	0.00910	0.00951	0.00564	0.00613	0.00953	0.01237	0.01646	0.03407	0.61835	0.04048	0.12227	0.01187	0.00320	0.00432	0.06352	0.00582	0.00521
13	0.01512	0.06674	0.43156	0.02125	0.12011	0.06617	0.06989	0.02252	0.08499	0.02102	0.01325	0.01526	0.00993	0.00642	0.00632	0.00203	0.00913	0.00535	0.00332	0.00962
14	0.01562	0.07631	0.38513	0.01680	0.02369	0.07801	0.06328	0.06870	0.05211	0.04565	0.04115	0.07467	0.01426	0.00792	0.00647	0.00206	0.00857	0.00652	0.00394	0.00912
15	0.03975	0.11997	0.09191	0.19993	0.18935	0.03837	0.06385	0.01931	0.03820	0.01905	0.01256	0.04061	0.01064	0.00722	0.00774	0.00209	0.08168	0.00593	0.00328	0.00856
16	0.01139	0.01002	0.00942	0.00939	0.01120	0.10834	0.00685	0.01324	0.01570	0.04768	0.18537	0.26298	0.25283	0.01547	0.00766	0.00225	0.00471	0.01330	0.00605	0.00615
17	0.03908	0.04986	0.22206	0.06686	0.10808	0.08456	0.09403	0.09543	0.04013	0.09578	0.01402	0.01589	0.01031	0.00678	0.00682	0.00204	0.02904	0.00563	0.00409	0.00951
18	0.03746	0.04439	0.17651	0.09619	0.19473	0.04760	0.01637	0.12163	0.06324	0.02359	0.01967	0.02131	0.09344	0.00783	0.00647	0.00203	0.00764	0.00648	0.00419	0.00922
19	0.01261	0.00823	0.01008	0.01040	0.01196	0.02729	0.00766	0.05034	0.03340	0.10926	0.05775	0.49379	0.03692	0.01719	0.00802	0.00253	0.00469	0.08478	0.00637	0.00669
20	0.01409	0.16176	0.33441	0.01921	0.07127	0.01629	0.14019	0.01936	0.01431	0.01984	0.03629	0.05932	0.01396	0.00764	0.00648	0.00206	0.00863	0.04264	0.00341	0.00884
21	0.05015	0.12597	0.11905	0.01960	0.18119	0.07108	0.01433	0.08116	0.11746	0.05095	0.01736	0.04343	0.03635	0.03549	0.00714	0.00212	0.00731	0.00627	0.00437	0.00923
22	0.01825	0.15921	0.16361	0.02095	0.17448	0.06930	0.06666	0.07223	0.04220	0.09817	0.04321	0.01684	0.01266	0.00676	0.00617	0.00191	0.00801	0.00565	0.00416	0.00958
23	0.01025	0.00848	0.00920	0.00945	0.01101	0.04808	0.00692	0.03221	0.05233	0.02051	0.19308	0.32653	0.17947	0.01636	0.00789	0.00237	0.00430	0.04912	0.00625	0.00618
24	0.01810	0.27453	0.19545	0.01826	0.10961	0.04629	0.04422	0.12922	0.04052	0.04688	0.01261	0.01411	0.00983	0.00640	0.00574	0.00182	0.00804	0.00495	0.00381	0.00958
25	0.04054	0.01742	0.12011	0.04088	0.06928	0.07450	0.03587	0.08154	0.16790	0.16156	0.02136	0.07480	0.02892	0.00888	0.00670	0.00213	0.00704	0.02556	0.00551	0.00949
26	0.01600	0.01412	0.05816	0.05064	0.17831	0.04215	0.13706	0.02008	0.04006	0.12549	0.07344	0.14989	0.02182	0.00987	0.00724	0.00220	0.00720	0.03267	0.00497	0.00865
27	0.04498	0.13571	0.12482	0.08296	0.15150	0.17017	0.01542	0.04810	0.01527	0.03864	0.01199	0.01494	0.00979	0.01018	0.06864	0.00262	0.03718	0.00506	0.00342	0.00860
28	0.01834	0.17410	0.21648	0.01471	0.02074	0.06494	0.03327	0.05490	0.16644	0.12543	0.01813	0.01813	0.03144	0.00735	0.00607	0.00195	0.00751	0.00573	0.00472	0.00962
29	0.01508	0.13268	0.44999	0.01894	0.09008	0.01648	0.03849	0.04133	0.03883	0.04939	0.01476	0.01634	0.03583	0.00671	0.00613	0.00199	0.00858	0.00537	0.00343	0.00956
30	0.00920	0.00786	0.00880	0.00997	0.04754	0.03092	0.00668	0.01138	0.03735	0.01810	0.06578	0.31708	0.37157	0.01690	0.00785	0.00235	0.00409	0.01467	0.00592	0.00598
31	0.01971	0.05113	0.20747	0.01578	0.04107	0.01582	0.03606	0.27215	0.03294	0.12930	0.04301	0.05844	0.03054	0.00837	0.00661	0.00205	0.00734	0.00680	0.00544	0.00998
32	0.01901	0.10611	0.10718	0.01914	0.10760	0.26489	0.06176	0.07648	0.05582	0.02076	0.01423	0.01882	0.01204	0.00745	0.00626	0.00192	0.00911	0.05401	0.02873	0.00868
33	0.01009	0.00809	0.01103	0.01381	0.10901	0.00802	0.00848	0.01362	0.09253	0.01872	0.03352	0.54116	0.07211	0.01707	0.00792	0.00250	0.00450	0.01542	0.00579	0.00663
34	0.01470	0.06269	0.29250	0.15021	0.13825	0.06741	0.11202	0.01999	0.01451	0.01955	0.01384	0.01692	0.03524	0.00654	0.00648	0.00204	0.00923	0.00580	0.00312	0.00893
35	0.01797	0.11863	0.10061	0.01298	0.01737	0.11948	0.01151	0.20117	0.01916	0.06110	0.02372	0.10337	0.11431	0.04035	0.00758	0.00216	0.00713	0.00792	0.00504	0.00844
36	0.01543	0.05375	0.24230	0.05019	0.07789	0.05293	0.31772	0.04391	0.01562	0.02128	0.03692	0.01692	0.01117	0.00624	0.00691	0.00209	0.00985	0.00643	0.00337	0.00909
37	0.00885	0.00627	0.00747	0.00836	0.00941	0.00587	0.00581	0.01096	0.03710	0.01845	0.04027	0.48943	0.18177	0.01760	0.00769	0.00241	0.00366	0.01557	0.11737	0.00567
38	0.25783	0.06393	0.01616	0.05203	0.06331	0.03445	0.01037	0.14122	0.04267	0.17814	0.01572	0.01755	0.01184	0.05897	0.00751	0.00228	0.00635	0.00546	0.00526	0.00894
39	0.07399	0.09594	0.11867	0.01461	0.01902	0.01436	0.10890	0.12031	0.06791	0.02335	0.02094	0.22904	0.02074	0.01099	0.00688	0.00222	0.00679	0.03229	0.00487	0.00819
40	0.01758	0.01445	0.04814	0.01550	0.06892	0.01534	0.01204	0.18590	0.18760	0.06485	0.02028	0.05057	0.01677	0.00963	0.00873	0.00223	0.11050	0.05559	0.08615	0.00924
41	0.01575	0.01541	0.02560	0.05534	0.37452	0.03147	0.15667	0.04742	0.06924	0.02220	0.04498	0.02087	0.05052	0.00722	0.00740	0.00208	0.03291	0.00700	0.00395	0.00944
42	0.01946	0.11497	0.12583	0.01183	0.01628	0.03862	0.01088	0.02220	0.01520	0.29591	0.04899	0.05019	0.01801	0.14946	0.03111	0.00300	0.00696	0.00705	0.00545	0.00860
43	0.01499	0.19308	0.47408	0.01877	0.07210	0.01795	0.04871	0.05095	0.01468	0.02064	0.01151	0.01357	0.00870	0.00614	0.00590	0.00193	0.00896	0.00480	0.00301	0.00953
44	0.01643	0.01181	0.01447	0.01649	0.16377	0.04140	0.01046	0.13042	0.04141	0.07212	0.02089	0.11030	0.01825	0.00929	0.00621	0.00195	0.00556	0.03251	0.26793	0.00832
45	0.01519	0.01720	0.09701	0.28311	0.15422	0.11143	0.04439	0.01912	0.01415	0.04012	0.01273	0.01721	0.01017	0.01171	0.09435	0.00309	0.03758	0.00577	0.00328	0.00817
46	0.12737	0.19329	0.08940	0.01631	0.07051	0.07170	0.07962	0.07710	0.05626	0.06087	0.03437	0.03577	0.01242	0.00726	0.00648	0.00194	0.04072	0.00564	0.00415	0.00879
47	0.01000	0.00641	0.00853	0.00933	0.01035	0.00596	0.00659	0.01160	0.01389	0.07473	0.11254	0.55538	0.06589	0.01942	0.02897	0.00278	0.00434	0.04101	0.00632	0.00596
48	0.01741	0.01679	0.07553	0.02451	0.19988	0.01570	0.20791	0.12569	0.06999	0.07132	0.01670	0.07137	0.01371	0.00776	0.00755	0.00215	0.03443	0.00743	0.00453	0.00963
49	0.02384	0.06096	0.07917	0.01515	0.04275	0.20707	0.01252	0.13325	0.04492	0.26183	0.01801	0.04201	0.01318	0.00782	0.00633	0.00193	0.00795	0.00597	0.00561	0.00973
50	0.01436	0.02599	0.39031	0.02321	0.03142	0.01596	0.36045	0.02097	0.01471	0.02097	0.01256	0.01581	0.00916	0.00591	0.00700	0.00215	0.01041	0.00630	0.00305	0.00931
51	0.00964	0.00710	0.00935	0.01042	0.01192	0.00680	0.00863	0.01219	0.01508	0.01952	0.09705	0.15877	0.16846	0.01783	0.00865	0.00276	0.00503	0.41873	0.00617	0.00589
52	0.15850	0.04779	0.07142	0.01344	0.01814	0.10670	0.01152	0.19159	0.15764	0.10652	0.01740	0.04227	0.01327	0.00791	0.00604	0.00202	0.00693	0.00595	0.00549	0.00947
53	0.01322	0.00814	0.01065	0.03952	0.01307	0.00796	0.00774	0.01647	0.05997	0.15091	0.23326	0.26857	0.09052	0.01438	0.00810	0.00231	0.02892	0.01253	0.00662	0.00714
54	0.00833	0.00662	0.00748	0.00741	0.00927	0.00577	0.00550	0.01046	0.01609	0.02071	0.29304	0.10898	0.44536	0.01584	0.00782	0.00220	0.00329	0.01355	0.00651	0.00577
55	0.02422	0.03075	0.01871	0.01697	0.02024	0.71558	0.01278	0.02590	0.01834	0.01610	0.01012	0.01197	0.00849	0.00696	0.00651	0.00174	0.03934	0.00430	0.00337	0.00762
56	0.09760	0.01746	0.02302	0.02101	0.11913	0.12589	0.19531	0.10317	0.07250	0.02369	0.01600	0.05989	0.01387	0.00815	0.00732	0.00215	0.03463	0.04614	0.00435	0.00871
57	0.00826	0.00587	0.00776	0.00919	0.00960	0.00554	0.00620	0.00943	0.01253	0.01668	0.03514	0.67859	0.04190	0.07186	0.01016	0.00295	0.00411	0.05297	0.00596	0.00529
58	0.00938	0.00639	0.00723	0.00727	0.00750	0.00628	0.00423	0.00968	0.01046	0.01386	0.05566	0.07059	0.07447	0.65669	0.02970	0.00577	0.00594	0.01030	0.00436	0.00424
59	0.05413	0.01658	0.01777	0.01419	0.01900	0.01837	0.01155	0.45575	0.20732	0.08720	0.01913	0.01836	0.01372	0.00812	0.00652	0.00205	0.00651	0.00628	0.00663	0.01083
60	0.01535	0.01833	0.07964	0.02714	0.08014	0.01680	0.55419	0.02055	0.01492	0.02064	0.01275	0.01712	0.00980	0.00614	0.00880	0.00225	0.07600	0.00728	0.00325	0.00889
61	0.00955	0.00697	0.00905	0.00966	0.01110	0.00663	0.00773	0.01204	0.01553	0.02061	0.23418	0.11958	0.14371	0.06836	0.01015	0.00284	0.00467	0.29554	0.00627	0.00583
62	0.00814	0.00594	0.00767	0.00880	0.00951	0.00547	0.00601	0.00956	0.01353	0.01798	0.11654	0.61031	0.11747	0.01941	0.00827	0.00256	0.00369	0.01744	0.00624	0.00547
63	0.01049	0.00769	0.00955	0.00992	0.01133	0.00760	0.00734	0.09276	0.01589	0.02118	0.11436	0.42835	0.10251	0.01872	0.03477	0.00281	0.00484	0.08745	0.00620	0.00626
64	0.60396	0.06837	0.01318	0.00989	0.01433	0.01622	0.00829	0.12540	0.01451	0.03005	0.01029	0.01159	0.00796	0.00631	0.00450	0.00194	0.00556	0.00394	0.00436	0.03934
65	0.04668	0.00938	0.01135	0.00979	0.01255	0.00897	0.00742	0.06208	0.01411	0.14729	0.01991	0.03023	0.01825	0.23874	0.11536	0.00436	0.00738	0.05336	0.03708	0.14572
66	0.02060	0.07740	0.05258	0.04457	0.14682	0.23297	0.01403	0.20763	0.05396	0.02451	0.01351	0.01617	0.01094	0.04690	0.00761	0.00210	0.00872	0.00545	0.00434	0.00918

[dist]
# distance from previous block
# <min> <max>
0	8

[block]
# block no. 6 follows, 33 sequences, length 24
# corresponding to MSA columns:
# 1262-1285
name=unknown_G
#
# <colnr> <probs for GDERKNQSTAVLIFYWHMCP>
#	G	D	E	R	K	N	Q	S	T	A	V	L	I	F	Y	W	H	M	C	P
0	0.05976	0.59249	0.03063	0.01296	0.04435	0.07687	0.01159	0.07290	0.01506	0.01849	0.00986	0.01129	0.00867	0.00592	0.00461	0.00153	0.00734	0.00385	0.00323	0.00861
1	0.00818	0.00604	0.00768	0.00879	0.00961	0.00553	0.00610	0.00964	0.01357	0.01782	0.09428	0.56345	0.16101	0.01931	0.00827	0.00256	0.00377	0.04272	0.00620	0.00548
2	0.07825	0.60752	0.13372	0.01215	0.01825	0.02363	0.01283	0.01985	0.01329	0.01734	0.00954	0.01105	0.00833	0.00576	0.00451	0.00155	0.00728	0.00372	0.00291	0.00853
3	0.01526	0.01553	0.02182	0.40727	0.25565	0.10704	0.01803	0.01904	0.01431	0.01817	0.01160	0.01632	0.00925	0.00657	0.00706	0.00208	0.03793	0.00565	0.00309	0.00833
4	0.00824	0.00590	0.00784	0.00902	0.00960	0.00549	0.00613	0.00972	0.01363	0.01844	0.15324	0.64274	0.04670	0.01941	0.00829	0.00257	0.00370	0.01756	0.00630	0.00549
5	0.01655	0.01341	0.01547	0.01328	0.01674	0.04417	0.04831	0.06708	0.34800	0.09004	0.08188	0.02851	0.09627	0.01139	0.03590	0.00252	0.04711	0.00809	0.00615	0.00914
6	0.01640	0.04568	0.06627	0.27749	0.12087	0.08182	0.11367	0.04492	0.03186	0.06094	0.01290	0.01657	0.00988	0.00688	0.00772	0.00212	0.06594	0.00591	0.00358	0.00858
7	0.00991	0.00777	0.01169	0.09508	0.01592	0.00779	0.04723	0.01252	0.01473	0.01983	0.19365	0.28093	0.04004	0.04500	0.00915	0.00268	0.00524	0.16899	0.00577	0.00608
8	0.00802	0.00573	0.00764	0.00917	0.00955	0.00535	0.00611	0.00917	0.01260	0.01681	0.03628	0.76434	0.04354	0.02062	0.00840	0.00267	0.00382	0.01872	0.00611	0.00535
9	0.01449	0.02827	0.50405	0.02115	0.05161	0.01556	0.17519	0.02114	0.01436	0.04792	0.01260	0.01518	0.00909	0.00634	0.00714	0.00214	0.03547	0.00564	0.00313	0.00953
10	0.01381	0.09747	0.60836	0.01894	0.02802	0.01636	0.08628	0.02077	0.01401	0.02040	0.01172	0.01396	0.00850	0.00613	0.00622	0.00204	0.00962	0.00502	0.00283	0.00954
11	0.02272	0.02825	0.01893	0.01702	0.01979	0.60938	0.01303	0.02437	0.01708	0.01606	0.00989	0.01234	0.00851	0.00766	0.00882	0.00191	0.14888	0.00452	0.00330	0.00755
12	0.01365	0.01337	0.02000	0.29859	0.02801	0.01805	0.01589	0.01622	0.01126	0.01622	0.00981	0.01561	0.00869	0.00963	0.01586	0.00262	0.47058	0.00580	0.00290	0.00724
13	0.21084	0.41571	0.02462	0.01122	0.01599	0.02003	0.02889	0.02039	0.01363	0.09430	0.05004	0.01429	0.01193	0.00668	0.00545	0.00175	0.03752	0.00452	0.00393	0.00825
14	0.00800	0.00580	0.00757	0.00899	0.00950	0.00536	0.00603	0.00919	0.01278	0.01688	0.03847	0.71407	0.09241	0.02034	0.00836	0.00264	0.00378	0.01837	0.00611	0.00536
15	0.00811	0.00617	0.00747	0.00823	0.00937	0.00553	0.00576	0.00968	0.01417	0.01836	0.13462	0.44176	0.27021	0.01840	0.00812	0.00245	0.00357	0.01625	0.00626	0.00553
16	0.02024	0.02014	0.01750	0.01500	0.01890	0.26611	0.04951	0.13091	0.24369	0.04882	0.02127	0.02110	0.06296	0.00833	0.00650	0.00198	0.00798	0.00652	0.02346	0.00908
17	0.05391	0.27703	0.20291	0.01628	0.02168	0.06080	0.08771	0.01969	0.01325	0.01818	0.01020	0.01301	0.00856	0.00708	0.00877	0.00201	0.16273	0.00480	0.00297	0.00844
18	0.00910	0.00686	0.00865	0.00967	0.01116	0.00641	0.00776	0.01126	0.01453	0.01842	0.04557	0.22712	0.26340	0.01824	0.00851	0.00269	0.00466	0.31416	0.00609	0.00574
19	0.02010	0.01196	0.01401	0.01193	0.01587	0.01236	0.00946	0.03040	0.35510	0.28677	0.09401	0.02819	0.06112	0.00949	0.00683	0.00214	0.00505	0.00791	0.00725	0.01005
