[name]
unknown

[dist]
# distance from previous block
# <min> <max>
0	57

[block]
# block no. 0 follows, 30 sequences, length 61
# corresponding to MSA columns:
# 57-117
name=unknown_A
#
# <colnr> <probs for GDERKNQSTAVLIFYWHMCP>
#	G	D	E	R	K	N	Q	S	T	A	V	L	I	F	Y	W	H	M	C	P
0	0.01124	0.00803	0.01124	0.01285	0.01446	0.00803	0.01124	0.01446	0.01606	0.02088	0.03695	0.07871	0.04016	0.01928	0.00964	0.00321	0.00643	0.66426	0.00643	0.00643
1	0.01015	0.00677	0.00761	0.00761	0.00761	0.00677	0.00423	0.01015	0.01015	0.01353	0.02199	0.04567	0.02537	0.75476	0.03552	0.00677	0.00677	0.01015	0.00423	0.00423
2	0.01652	0.21136	0.03085	0.01946	0.02453	0.09087	0.28398	0.02025	0.01499	0.01884	0.01368	0.01817	0.01158	0.01678	0.17332	0.00412	0.01233	0.00650	0.00344	0.00842
3	0.01494	0.01478	0.02074	0.01788	0.01795	0.02058	0.01486	0.01652	0.01072	0.01676	0.00976	0.01603	0.00968	0.01472	0.06695	0.00356	0.69674	0.00619	0.00310	0.00755
4	0.12795	0.01208	0.01545	0.01201	0.01727	0.01093	0.00992	0.03232	0.01896	0.63042	0.02530	0.02220	0.01606	0.00837	0.00668	0.00216	0.00587	0.00661	0.00810	0.01134
5	0.00997	0.00748	0.01121	0.01121	0.01246	0.00872	0.00872	0.01246	0.01121	0.01620	0.01869	0.02741	0.01745	0.05234	0.72710	0.01121	0.01869	0.00748	0.00374	0.00623
6	0.02087	0.43626	0.05874	0.01389	0.01964	0.06785	0.01290	0.19622	0.07001	0.02482	0.01311	0.01397	0.01062	0.00696	0.00553	0.00176	0.00781	0.00481	0.00437	0.00987
7	0.32526	0.01861	0.01672	0.01361	0.01850	0.09070	0.01109	0.36468	0.02345	0.03639	0.01345	0.01425	0.00992	0.00753	0.00589	0.00209	0.00730	0.00514	0.00562	0.00983
8	0.00997	0.00748	0.01121	0.01121	0.01246	0.00872	0.00872	0.01246	0.01121	0.01620	0.01869	0.02741	0.01745	0.05234	0.72710	0.01121	0.01869	0.00748	0.00374	0.00623
9	0.00849	0.00613	0.00803	0.00955	0.01008	0.00568	0.00641	0.00973	0.01352	0.01788	0.04043	0.70842	0.08666	0.02161	0.00887	0.00280	0.00402	0.01953	0.00648	0.00568
10	0.01666	0.01570	0.02538	0.17840	0.39762	0.01670	0.06268	0.04251	0.12839	0.02342	0.01566	0.01907	0.01238	0.00695	0.00704	0.00219	0.00825	0.00662	0.00409	0.01029
11	0.01083	0.00875	0.01287	0.01237	0.01342	0.01079	0.00979	0.01317	0.01113	0.01630	0.01714	0.02543	0.01609	0.04579	0.61217	0.00988	0.13674	0.00725	0.00363	0.00646
12	0.03131	0.01188	0.01619	0.01242	0.01781	0.01026	0.01026	0.03401	0.01997	0.71606	0.02753	0.02375	0.01727	0.00864	0.00702	0.00216	0.00594	0.00702	0.00864	0.01188
13	0.01666	0.01160	0.01445	0.01263	0.01546	0.01286	0.01001	0.23115	0.01866	0.06939	0.01883	0.02484	0.01611	0.07753	0.40812	0.00744	0.01362	0.00722	0.00512	0.00828
14	0.01713	0.09099	0.01924	0.01571	0.10218	0.12928	0.01109	0.02005	0.01548	0.02119	0.01196	0.01418	0.01007	0.00571	0.00549	0.00133	0.00699	0.00441	0.00385	0.49368
15	0.00999	0.00741	0.01088	0.01088	0.01202	0.00854	0.00831	0.01225	0.01112	0.01595	0.01899	0.02909	0.01817	0.11672	0.66371	0.01081	0.01760	0.00772	0.00378	0.00605
16	0.01866	0.75896	0.03657	0.01194	0.01791	0.02761	0.01194	0.02090	0.01418	0.01642	0.00970	0.01119	0.00896	0.00597	0.00448	0.00149	0.00746	0.00373	0.00299	0.00896
17	0.01400	0.03610	0.71860	0.01989	0.03020	0.01621	0.02578	0.02210	0.01473	0.02210	0.01252	0.01473	0.00884	0.00663	0.00663	0.00221	0.01031	0.00516	0.00295	0.01031
18	0.00850	0.00607	0.00810	0.00972	0.01012	0.00567	0.00648	0.00972	0.01336	0.01781	0.03846	0.75020	0.04615	0.02186	0.00891	0.00283	0.00405	0.01984	0.00648	0.00567
19	0.01346	0.01269	0.02143	0.69081	0.09306	0.01558	0.01952	0.01807	0.01408	0.01817	0.01245	0.01851	0.00942	0.00693	0.00697	0.00231	0.00923	0.00620	0.00312	0.00798
20	0.01776	0.01435	0.01624	0.01190	0.01793	0.01267	0.00963	0.20046	0.01947	0.02853	0.01359	0.01509	0.01075	0.00604	0.00566	0.00132	0.00585	0.00472	0.00491	0.58311
21	0.00848	0.00615	0.00802	0.00951	0.01007	0.00569	0.00639	0.00974	0.01356	0.01789	0.04097	0.69707	0.09766	0.02154	0.00886	0.00280	0.00401	0.01944	0.00648	0.00569
22	0.02407	0.01833	0.01956	0.01556	0.02070	0.02049	0.01267	0.51371	0.21106	0.04002	0.01987	0.01924	0.01439	0.00867	0.00701	0.00217	0.00710	0.00671	0.00701	0.01165
23	0.01301	0.00650	0.00650	0.00650	0.00813	0.00650	0.00488	0.01626	0.01463	0.02602	0.02276	0.02602	0.01789	0.00813	0.00488	0.00163	0.00325	0.00650	0.79350	0.00650
24	0.01902	0.66618	0.03426	0.01233	0.01814	0.02657	0.01196	0.06015	0.06169	0.01886	0.01137	0.01252	0.00996	0.00635	0.00480	0.00159	0.00734	0.00416	0.00349	0.00926
25	0.80405	0.01350	0.01026	0.00918	0.01350	0.01565	0.00756	0.02051	0.01188	0.03131	0.00972	0.01134	0.00756	0.00648	0.00432	0.00216	0.00540	0.00378	0.00432	0.00756
26	0.01029	0.00791	0.00982	0.00931	0.01045	0.00813	0.00679	0.01224	0.01542	0.02113	0.32120	0.04971	0.15459	0.21678	0.01728	0.00359	0.08285	0.03055	0.00601	0.00593
27	0.01958	0.66820	0.03447	0.01270	0.01837	0.11504	0.01213	0.02177	0.01488	0.01650	0.00984	0.01137	0.00896	0.00612	0.00470	0.00153	0.00810	0.00383	0.00306	0.00885
28	0.01736	0.01499	0.01578	0.01420	0.01815	0.01736	0.01105	0.03708	0.69862	0.02919	0.02840	0.02604	0.02130	0.00947	0.00710	0.00237	0.00552	0.00789	0.00710	0.01105
29	0.01189	0.00621	0.00932	0.00932	0.00945	0.00634	0.00634	0.00945	0.00932	0.01255	0.01282	0.02187	0.01269	0.02723	0.10161	0.71350	0.00740	0.00621	0.00311	0.00337
30	0.70681	0.01425	0.01159	0.01004	0.01451	0.01640	0.00827	0.10398	0.01449	0.03289	0.01060	0.01201	0.00810	0.00672	0.00465	0.00215	0.00568	0.00409	0.00465	0.00810
31	0.02653	0.01955	0.02094	0.01606	0.02164	0.02164	0.01326	0.68796	0.03281	0.04398	0.01675	0.01675	0.01187	0.00838	0.00698	0.00209	0.00768	0.00628	0.00698	0.01187
32	0.01208	0.00881	0.01155	0.01094	0.01242	0.00986	0.00819	0.09637	0.01366	0.01902	0.01925	0.03054	0.01868	0.21833	0.46820	0.00899	0.01440	0.00798	0.00426	0.00645
33	0.02653	0.01955	0.02094	0.01606	0.02164	0.02164	0.01326	0.68796	0.03281	0.04398	0.01675	0.01675	0.01187	0.00838	0.00698	0.00209	0.00768	0.00628	0.00698	0.01187
34	0.00850	0.00607	0.00810	0.00972	0.01012	0.00567	0.00648	0.00972	0.01336	0.01781	0.03846	0.75020	0.04615	0.02186	0.00891	0.00283	0.00405	0.01984	0.00648	0.00567
35	0.01736	0.01499	0.01578	0.01420	0.01815	0.01736	0.01105	0.03708	0.69862	0.02919	0.02840	0.02604	0.02130	0.00947	0.00710	0.00237	0.00552	0.00789	0.00710	0.01105
36	0.00862	0.00616	0.00823	0.00985	0.01030	0.00577	0.00668	0.00992	0.01347	0.01794	0.03840	0.72184	0.04590	0.02175	0.00894	0.00285	0.00415	0.04706	0.00648	0.00570
37	0.00832	0.00707	0.00717	0.00714	0.00947	0.00592	0.00536	0.01015	0.01607	0.01924	0.09778	0.06652	0.68106	0.01753	0.00825	0.00235	0.00352	0.01464	0.00653	0.00592
38	0.01866	0.75896	0.03657	0.01194	0.01791	0.02761	0.01194	0.02090	0.01418	0.01642	0.00970	0.01119	0.00896	0.00597	0.00448	0.00149	0.00746	0.00373	0.00299	0.00896
39	0.03051	0.01316	0.01699	0.01302	0.01845	0.01216	0.01076	0.14342	0.02212	0.60362	0.02573	0.02258	0.01637	0.00859	0.00701	0.00215	0.00623	0.00689	0.00836	0.01187
40	0.00850	0.00607	0.00810	0.00972	0.01012	0.00567	0.00648	0.00972	0.01336	0.01781	0.03846	0.75020	0.04615	0.02186	0.00891	0.00283	0.00405	0.01984	0.00648	0.00567
41	0.05435	0.72507	0.03537	0.01181	0.01771	0.02707	0.01174	0.02088	0.01407	0.01709	0.00970	0.01120	0.00889	0.00599	0.00447	0.00152	0.00737	0.00373	0.00305	0.00889
42	0.01736	0.01499	0.01578	0.01420	0.01815	0.01736	0.01105	0.03708	0.69862	0.02919	0.02840	0.02604	0.02130	0.00947	0.00710	0.00237	0.00552	0.00789	0.00710	0.01105
43	0.00850	0.00607	0.00810	0.00972	0.01012	0.00567	0.00648	0.00972	0.01336	0.01781	0.03846	0.75020	0.04615	0.02186	0.00891	0.00283	0.00405	0.01984	0.00648	0.00567
44	0.02487	0.01050	0.01384	0.01108	0.01552	0.00908	0.00898	0.02748	0.01926	0.51646	0.11655	0.03444	0.13895	0.01083	0.00737	0.00220	0.00522	0.00898	0.00816	0.01024
45	0.01075	0.00852	0.00984	0.00926	0.01152	0.00831	0.00702	0.01655	0.14024	0.02558	0.40326	0.05176	0.24215	0.01438	0.00803	0.00227	0.00376	0.01238	0.00723	0.00718
46	0.01124	0.00803	0.01124	0.01285	0.01446	0.00803	0.01124	0.01446	0.01606	0.02088	0.03695	0.07871	0.04016	0.01928	0.00964	0.00321	0.00643	0.66426	0.00643	0.00643
47	0.80405	0.01350	0.01026	0.00918	0.01350	0.01565	0.00756	0.02051	0.01188	0.03131	0.00972	0.01134	0.00756	0.00648	0.00432	0.00216	0.00540	0.00378	0.00432	0.00756
48	0.02607	0.03326	0.01978	0.01798	0.02157	0.72674	0.01348	0.02787	0.01978	0.01708	0.01079	0.01258	0.00899	0.00719	0.00629	0.00180	0.01258	0.00449	0.00360	0.00809
49	0.01021	0.00750	0.01018	0.01011	0.01079	0.00843	0.00723	0.01167	0.01088	0.01529	0.02035	0.06451	0.02129	0.31476	0.40310	0.00881	0.04643	0.00895	0.00401	0.00551
50	0.02193	0.01726	0.01835	0.01513	0.01989	0.01949	0.01215	0.36154	0.36671	0.03656	0.02260	0.02141	0.01660	0.00892	0.00704	0.00223	0.00660	0.00709	0.00704	0.01146
51	0.01400	0.03610	0.71860	0.01989	0.03020	0.01621	0.02578	0.02210	0.01473	0.02210	0.01252	0.01473	0.00884	0.00663	0.00663	0.00221	0.01031	0.00516	0.00295	0.01031
52	0.01015	0.00677	0.00761	0.00761	0.00761	0.00677	0.00423	0.01015	0.01015	0.01353	0.02199	0.04567	0.02537	0.75476	0.03552	0.00677	0.00677	0.01015	0.00423	0.00423
53	0.01532	0.01563	0.02469	0.47634	0.14626	0.07475	0.10881	0.01982	0.01507	0.01914	0.01261	0.01793	0.00972	0.00673	0.00708	0.00225	0.00975	0.00634	0.00325	0.00851
54	0.01318	0.01240	0.02093	0.73798	0.04806	0.01550	0.01938	0.01783	0.01395	0.01783	0.01240	0.01860	0.00930	0.00698	0.00698	0.00233	0.00930	0.00620	0.00310	0.00775
55	0.01070	0.00732	0.00959	0.00892	0.01071	0.00673	0.00673	0.01397	0.01976	0.05440	0.68144	0.05104	0.06398	0.01405	0.00818	0.00219	0.00339	0.01240	0.00772	0.00679
56	0.01962	0.01045	0.01338	0.01121	0.01455	0.01008	0.00887	0.06811	0.05892	0.28499	0.32116	0.03621	0.03823	0.03736	0.00907	0.00237	0.02908	0.00953	0.00768	0.00912
57	0.04040	0.15610	0.24436	0.06499	0.05462	0.13299	0.04793	0.06903	0.06025	0.04655	0.01358	0.01538	0.01034	0.00694	0.00631	0.00202	0.00932	0.00533	0.00389	0.00967
58	0.00854	0.00683	0.00789	0.00837	0.01001	0.00618	0.00608	0.01023	0.01457	0.01821	0.05466	0.26412	0.42621	0.02325	0.09834	0.00361	0.00558	0.01533	0.00614	0.00587
59	0.00863	0.00654	0.00796	0.00875	0.00995	0.00587	0.00613	0.01032	0.01510	0.01965	0.14779	0.43351	0.25570	0.01943	0.00860	0.00259	0.00378	0.01717	0.00666	0.00587
60	0.07613	0.01739	0.14928	0.01343	0.01826	0.03396	0.01247	0.11943	0.13364	0.08892	0.11135	0.08776	0.08717	0.01078	0.00715	0.00226	0.00640	0.00886	0.00607	0.00927

[dist]
# distance from previous block
# <min> <max>
5	7

[block]
# block no. 1 follows, 30 sequences, length 32
# corresponding to MSA columns:
# 126-157
name=unknown_B
#
# <colnr> <probs for GDERKNQSTAVLIFYWHMCP>
#	G	D	E	R	K	N	Q	S	T	A	V	L	I	F	Y	W	H	M	C	P
0	0.04963	0.01547	0.04444	0.10192	0.13168	0.04110	0.01406	0.10792	0.04948	0.34164	0.02051	0.02025	0.01397	0.00787	0.00687	0.00215	0.00728	0.00648	0.00638	0.01089
1	0.02257	0.37596	0.02770	0.01513	0.01984	0.39659	0.01275	0.02457	0.01713	0.01677	0.01027	0.01193	0.00897	0.00661	0.00544	0.00165	0.01017	0.00413	0.00331	0.00850
2	0.00825	0.00707	0.00707	0.00707	0.00943	0.00589	0.00530	0.01001	0.01591	0.01885	0.07069	0.06716	0.70839	0.01767	0.00825	0.00236	0.00353	0.01473	0.00648	0.00589
3	0.02607	0.03326	0.01978	0.01798	0.02157	0.72674	0.01348	0.02787	0.01978	0.01708	0.01079	0.01258	0.00899	0.00719	0.00629	0.00180	0.01258	0.00449	0.00360	0.00809
4	0.00988	0.00713	0.00933	0.00878	0.01043	0.00658	0.00658	0.01317	0.01975	0.02798	0.70754	0.05213	0.06584	0.01427	0.00823	0.00219	0.00329	0.01262	0.00768	0.00658
5	0.02653	0.01955	0.02094	0.01606	0.02164	0.02164	0.01326	0.68796	0.03281	0.04398	0.01675	0.01675	0.01187	0.00838	0.00698	0.00209	0.00768	0.00628	0.00698	0.01187
6	0.00988	0.00713	0.00933	0.00878	0.01043	0.00658	0.00658	0.01317	0.01975	0.02798	0.70754	0.05213	0.06584	0.01427	0.00823	0.00219	0.00329	0.01262	0.00768	0.00658
7	0.01015	0.00677	0.00761	0.00761	0.00761	0.00677	0.00423	0.01015	0.01015	0.01353	0.02199	0.04567	0.02537	0.75476	0.03552	0.00677	0.00677	0.01015	0.00423	0.00423
8	0.01400	0.03610	0.71860	0.01989	0.03020	0.01621	0.02578	0.02210	0.01473	0.02210	0.01252	0.01473	0.00884	0.00663	0.00663	0.00221	0.01031	0.00516	0.00295	0.01031
9	0.01701	0.01462	0.01548	0.01395	0.01778	0.01685	0.01084	0.03596	0.66673	0.02913	0.06031	0.02726	0.02339	0.00969	0.00715	0.00236	0.00542	0.00811	0.00713	0.01084
10	0.02607	0.03326	0.01978	0.01798	0.02157	0.72674	0.01348	0.02787	0.01978	0.01708	0.01079	0.01258	0.00899	0.00719	0.00629	0.00180	0.01258	0.00449	0.00360	0.00809
11	0.00825	0.00707	0.00707	0.00707	0.00943	0.00589	0.00530	0.01001	0.01591	0.01885	0.07069	0.06716	0.70839	0.01767	0.00825	0.00236	0.00353	0.01473	0.00648	0.00589
12	0.01318	0.01240	0.02093	0.73798	0.04806	0.01550	0.01938	0.01783	0.01395	0.01783	0.01240	0.01860	0.00930	0.00698	0.00698	0.00233	0.00930	0.00620	0.00310	0.00775
13	0.00874	0.00704	0.00779	0.00769	0.00975	0.00609	0.00574	0.01094	0.01694	0.02153	0.25907	0.09262	0.48787	0.01684	0.00827	0.00233	0.00348	0.01432	0.00684	0.00609
14	0.00944	0.00712	0.00872	0.00832	0.01015	0.00640	0.00624	0.01231	0.01871	0.02551	0.53514	0.05620	0.23979	0.01519	0.00824	0.00224	0.00336	0.01319	0.00736	0.00640
15	0.80405	0.01350	0.01026	0.00918	0.01350	0.01565	0.00756	0.02051	0.01188	0.03131	0.00972	0.01134	0.00756	0.00648	0.00432	0.00216	0.00540	0.00378	0.00432	0.00756
16	0.80405	0.01350	0.01026	0.00918	0.01350	0.01565	0.00756	0.02051	0.01188	0.03131	0.00972	0.01134	0.00756	0.00648	0.00432	0.00216	0.00540	0.00378	0.00432	0.00756
17	0.00850	0.00607	0.00810	0.00972	0.01012	0.00567	0.00648	0.00972	0.01336	0.01781	0.03846	0.75020	0.04615	0.02186	0.00891	0.00283	0.00405	0.01984	0.00648	0.00567
18	0.00849	0.00613	0.00804	0.00956	0.01008	0.00568	0.00641	0.00973	0.01351	0.01787	0.04031	0.71107	0.08409	0.02162	0.00887	0.00281	0.00402	0.01955	0.00648	0.00568
19	0.02653	0.01955	0.02094	0.01606	0.02164	0.02164	0.01326	0.68796	0.03281	0.04398	0.01675	0.01675	0.01187	0.00838	0.00698	0.00209	0.00768	0.00628	0.00698	0.01187
20	0.03131	0.01188	0.01619	0.01242	0.01781	0.01026	0.01026	0.03401	0.01997	0.71606	0.02753	0.02375	0.01727	0.00864	0.00702	0.00216	0.00594	0.00702	0.00864	0.01188
21	0.01527	0.01527	0.02137	0.01832	0.01832	0.02137	0.01527	0.01679	0.01069	0.01679	0.00916	0.01527	0.00916	0.01221	0.02290	0.00305	0.74198	0.00611	0.00305	0.00763
22	0.00864	0.00626	0.00820	0.00970	0.01032	0.00582	0.00666	0.01001	0.01370	0.01807	0.04074	0.66169	0.09433	0.02141	0.00890	0.00282	0.00415	0.05638	0.00647	0.00573
23	0.00886	0.00630	0.00835	0.00985	0.01034	0.00595	0.00675	0.01017	0.01338	0.01780	0.03720	0.64197	0.04420	0.07173	0.01079	0.00314	0.00445	0.07683	0.00632	0.00564
24	0.02653	0.01955	0.02094	0.01606	0.02164	0.02164	0.01326	0.68796	0.03281	0.04398	0.01675	0.01675	0.01187	0.00838	0.00698	0.00209	0.00768	0.00628	0.00698	0.01187
25	0.01600	0.01653	0.02497	0.18755	0.13471	0.06651	0.10969	0.01926	0.01365	0.01874	0.01131	0.01665	0.00967	0.00888	0.01366	0.00255	0.31165	0.00633	0.00323	0.00846
26	0.01597	0.01525	0.02597	0.26410	0.50014	0.01624	0.02077	0.02027	0.01527	0.02122	0.01290	0.01770	0.01050	0.00646	0.00693	0.00215	0.00861	0.00621	0.00334	0.01000
27	0.03018	0.01242	0.01638	0.01269	0.01800	0.01122	0.01044	0.06288	0.06504	0.64155	0.02712	0.02359	0.01730	0.00868	0.00702	0.00217	0.00599	0.00704	0.00846	0.01182
28	0.80405	0.01350	0.01026	0.00918	0.01350	0.01565	0.00756	0.02051	0.01188	0.03131	0.00972	0.01134	0.00756	0.00648	0.00432	0.00216	0.00540	0.00378	0.00432	0.00756
29	0.01108	0.00749	0.00950	0.00938	0.01132	0.00683	0.00728	0.01381	0.01780	0.07094	0.36059	0.11879	0.19536	0.01606	0.00843	0.00244	0.00408	0.11496	0.00719	0.00669
30	0.01706	0.11673	0.19981	0.04588	0.21613	0.10148	0.03889	0.02257	0.05615	0.02154	0.03946	0.01705	0.01255	0.00685	0.00645	0.00197	0.00879	0.00570	0.00370	0.06124
31	0.00916	0.00668	0.00884	0.00990	0.01068	0.00651	0.00687	0.01147	0.04003	0.01948	0.12748	0.56194	0.04529	0.02312	0.07397	0.00349	0.00533	0.01728	0.00642	0.00605

[dist]
# distance from previous block
# <min> <max>
0	1

[block]
# block no. 2 follows, 30 sequences, length 203
# corresponding to MSA columns:
# 159-233,254-381
name=unknown_C
#
# <colnr> <probs for GDERKNQSTAVLIFYWHMCP>
#	G	D	E	R	K	N	Q	S	T	A	V	L	I	F	Y	W	H	M	C	P
0	0.01490	0.01487	0.09503	0.01273	0.04383	0.01043	0.01079	0.01917	0.03828	0.05155	0.07488	0.01869	0.01574	0.00646	0.00581	0.00140	0.00575	0.00532	0.00457	0.54981
1	0.80405	0.01350	0.01026	0.00918	0.01350	0.01565	0.00756	0.02051	0.01188	0.03131	0.00972	0.01134	0.00756	0.00648	0.00432	0.00216	0.00540	0.00378	0.00432	0.00756
2	0.01195	0.00612	0.00896	0.00896	0.00896	0.00612	0.00590	0.00918	0.00918	0.01225	0.01299	0.02337	0.01329	0.08864	0.02800	0.72731	0.00612	0.00642	0.00314	0.00314
3	0.01447	0.01240	0.01447	0.01034	0.01654	0.00930	0.00827	0.01757	0.01447	0.02274	0.01240	0.01447	0.01034	0.00517	0.00517	0.00103	0.00517	0.00413	0.00413	0.79742
4	0.01301	0.00650	0.00650	0.00650	0.00813	0.00650	0.00488	0.01626	0.01463	0.02602	0.02276	0.02602	0.01789	0.00813	0.00488	0.00163	0.00325	0.00650	0.79350	0.00650
5	0.02395	0.02924	0.02309	0.02039	0.05070	0.54085	0.11149	0.04906	0.04971	0.01950	0.01234	0.01441	0.00994	0.00710	0.00666	0.00192	0.01182	0.00532	0.00385	0.00865
6	0.80405	0.01350	0.01026	0.00918	0.01350	0.01565	0.00756	0.02051	0.01188	0.03131	0.00972	0.01134	0.00756	0.00648	0.00432	0.00216	0.00540	0.00378	0.00432	0.00756
7	0.01447	0.01240	0.01447	0.01034	0.01654	0.00930	0.00827	0.01757	0.01447	0.02274	0.01240	0.01447	0.01034	0.00517	0.00517	0.00103	0.00517	0.00413	0.00413	0.79742
8	0.00850	0.00607	0.00810	0.00972	0.01012	0.00567	0.00648	0.00972	0.01336	0.01781	0.03846	0.75020	0.04615	0.02186	0.00891	0.00283	0.00405	0.01984	0.00648	0.00567
9	0.00850	0.00607	0.00810	0.00972	0.01012	0.00567	0.00648	0.00972	0.01336	0.01781	0.03846	0.75020	0.04615	0.02186	0.00891	0.00283	0.00405	0.01984	0.00648	0.00567
10	0.01355	0.01416	0.06022	0.63693	0.07602	0.01568	0.04899	0.01842	0.01419	0.01848	0.01252	0.01834	0.00941	0.00688	0.00701	0.00231	0.00942	0.00623	0.00313	0.00811
11	0.00890	0.00636	0.00855	0.01017	0.01075	0.00601	0.00717	0.01040	0.01375	0.01826	0.03824	0.65277	0.04528	0.02149	0.00901	0.00289	0.00439	0.11335	0.00647	0.00578
12	0.03131	0.01188	0.01619	0.01242	0.01781	0.01026	0.01026	0.03401	0.01997	0.71606	0.02753	0.02375	0.01727	0.00864	0.00702	0.00216	0.00594	0.00702	0.00864	0.01188
13	0.01400	0.03610	0.71860	0.01989	0.03020	0.01621	0.02578	0.02210	0.01473	0.02210	0.01252	0.01473	0.00884	0.00663	0.00663	0.00221	0.01031	0.00516	0.00295	0.01031
14	0.01924	0.62439	0.03424	0.01524	0.07938	0.09323	0.01292	0.02161	0.01486	0.01704	0.01011	0.01186	0.00914	0.00611	0.00486	0.00157	0.00802	0.00402	0.00308	0.00906
15	0.00998	0.00727	0.00950	0.00949	0.01114	0.00679	0.00741	0.01308	0.01853	0.02557	0.50543	0.08060	0.10858	0.01576	0.00853	0.00243	0.00396	0.14219	0.00730	0.00647
16	0.03048	0.01196	0.01612	0.01241	0.01770	0.01049	0.01023	0.05363	0.02036	0.67346	0.04870	0.02443	0.01864	0.00881	0.00705	0.00216	0.00591	0.00717	0.00856	0.01171
17	0.01543	0.01516	0.02657	0.30398	0.31125	0.01672	0.10612	0.01977	0.01478	0.02033	0.01264	0.01781	0.01016	0.00698	0.00849	0.00229	0.07247	0.00646	0.00329	0.00929
18	0.01354	0.01277	0.02158	0.67671	0.10652	0.01560	0.01956	0.01815	0.01412	0.01827	0.01247	0.01849	0.00946	0.00691	0.00697	0.00230	0.00921	0.00620	0.00313	0.00804
19	0.00855	0.00611	0.00814	0.00968	0.01013	0.00570	0.00648	0.00983	0.01358	0.01816	0.06112	0.72656	0.04682	0.02161	0.00888	0.00281	0.00402	0.01959	0.00652	0.00570
20	0.00847	0.00657	0.00774	0.00865	0.00995	0.00584	0.00611	0.00999	0.01457	0.01837	0.05261	0.42850	0.33768	0.01994	0.00864	0.00264	0.00390	0.03757	0.00648	0.00579
21	0.01795	0.01119	0.01384	0.01066	0.01558	0.00921	0.00851	0.02152	0.03880	0.20495	0.16897	0.02550	0.02464	0.00820	0.00638	0.00162	0.00497	0.00686	0.00618	0.39447
22	0.03131	0.01188	0.01619	0.01242	0.01781	0.01026	0.01026	0.03401	0.01997	0.71606	0.02753	0.02375	0.01727	0.00864	0.00702	0.00216	0.00594	0.00702	0.00864	0.01188
23	0.01015	0.00677	0.00761	0.00761	0.00761	0.00677	0.00423	0.01015	0.01015	0.01353	0.02199	0.04567	0.02537	0.75476	0.03552	0.00677	0.00677	0.01015	0.00423	0.00423
24	0.01885	0.67660	0.03427	0.01226	0.01788	0.07766	0.01184	0.02110	0.01481	0.01692	0.03721	0.01290	0.01119	0.00639	0.00476	0.00154	0.00767	0.00414	0.00321	0.00880
25	0.01736	0.01499	0.01578	0.01420	0.01815	0.01736	0.01105	0.03708	0.69862	0.02919	0.02840	0.02604	0.02130	0.00947	0.00710	0.00237	0.00552	0.00789	0.00710	0.01105
26	0.01866	0.01602	0.01935	0.05886	0.19934	0.08890	0.01345	0.02437	0.11621	0.10035	0.01645	0.01795	0.01271	0.00677	0.00632	0.00177	0.00712	0.00569	0.00478	0.26491
27	0.01736	0.01499	0.01578	0.01420	0.01815	0.01736	0.01105	0.03708	0.69862	0.02919	0.02840	0.02604	0.02130	0.00947	0.00710	0.00237	0.00552	0.00789	0.00710	0.01105
28	0.77764	0.01346	0.01061	0.03351	0.01465	0.01565	0.00795	0.02042	0.01195	0.03086	0.00981	0.01158	0.00762	0.00649	0.00441	0.00216	0.00553	0.00386	0.00428	0.00756
29	0.01124	0.00803	0.01124	0.01285	0.01446	0.00803	0.01124	0.01446	0.01606	0.02088	0.03695	0.07871	0.04016	0.01928	0.00964	0.00321	0.00643	0.66426	0.00643	0.00643
30	0.01447	0.01240	0.01447	0.01034	0.01654	0.00930	0.00827	0.01757	0.01447	0.02274	0.01240	0.01447	0.01034	0.00517	0.00517	0.00103	0.00517	0.00413	0.00413	0.79742
31	0.00997	0.00746	0.01114	0.01112	0.01238	0.00864	0.00864	0.01249	0.01154	0.01664	0.04454	0.02834	0.01926	0.05091	0.70012	0.01088	0.01811	0.00767	0.00389	0.00624
32	0.80405	0.01350	0.01026	0.00918	0.01350	0.01565	0.00756	0.02051	0.01188	0.03131	0.00972	0.01134	0.00756	0.00648	0.00432	0.00216	0.00540	0.00378	0.00432	0.00756
33	0.01736	0.01499	0.01578	0.01420	0.01815	0.01736	0.01105	0.03708	0.69862	0.02919	0.02840	0.02604	0.02130	0.00947	0.00710	0.00237	0.00552	0.00789	0.00710	0.01105
34	0.00963	0.00712	0.00898	0.00852	0.01027	0.00648	0.00639	0.01268	0.01916	0.02658	0.60956	0.05444	0.16471	0.01479	0.00823	0.00222	0.00333	0.01294	0.00750	0.00648
35	0.02607	0.03326	0.01978	0.01798	0.02157	0.72674	0.01348	0.02787	0.01978	0.01708	0.01079	0.01258	0.00899	0.00719	0.00629	0.00180	0.01258	0.00449	0.00360	0.00809
36	0.00859	0.00614	0.00820	0.00982	0.01026	0.00574	0.00663	0.00987	0.01345	0.01791	0.03841	0.72881	0.04596	0.02178	0.00893	0.00285	0.00412	0.04036	0.00648	0.00569
37	0.01512	0.01448	0.02486	0.34431	0.33267	0.01598	0.05617	0.01946	0.01491	0.02032	0.01370	0.02037	0.01138	0.00726	0.00766	0.00228	0.03335	0.03309	0.00341	0.00922
38	0.01402	0.01159	0.01444	0.01382	0.03663	0.05104	0.01054	0.11926	0.01516	0.02083	0.01713	0.02379	0.01534	0.03880	0.50426	0.00843	0.06630	0.00699	0.00418	0.00746
39	0.80405	0.01350	0.01026	0.00918	0.01350	0.01565	0.00756	0.02051	0.01188	0.03131	0.00972	0.01134	0.00756	0.00648	0.00432	0.00216	0.00540	0.00378	0.00432	0.00756
40	0.00977	0.00713	0.00918	0.00867	0.01036	0.00654	0.00650	0.01296	0.01950	0.02739	0.66632	0.05310	0.10743	0.01449	0.00823	0.00221	0.00331	0.01276	0.00760	0.00654
41	0.01447	0.01240	0.01447	0.01034	0.01654	0.00930	0.00827	0.01757	0.01447	0.02274	0.01240	0.01447	0.01034	0.00517	0.00517	0.00103	0.00517	0.00413	0.00413	0.79742
42	0.01576	0.06841	0.18037	0.02262	0.19425	0.01569	0.05596	0.04261	0.03932	0.02243	0.01340	0.01648	0.01085	0.00899	0.04535	0.00240	0.04866	0.00559	0.00370	0.18718
43	0.66108	0.04604	0.01274	0.01046	0.01483	0.08677	0.00857	0.05046	0.01367	0.02985	0.01013	0.01169	0.00794	0.00661	0.00464	0.00209	0.00629	0.00396	0.00431	0.00786
44	0.01400	0.03610	0.71860	0.01989	0.03020	0.01621	0.02578	0.02210	0.01473	0.02210	0.01252	0.01473	0.00884	0.00663	0.00663	0.00221	0.01031	0.00516	0.00295	0.01031
45	0.01736	0.01499	0.01578	0.01420	0.01815	0.01736	0.01105	0.03708	0.69862	0.02919	0.02840	0.02604	0.02130	0.00947	0.00710	0.00237	0.00552	0.00789	0.00710	0.01105
46	0.02319	0.01740	0.01888	0.01475	0.02012	0.01866	0.01202	0.44796	0.15186	0.05910	0.01858	0.01834	0.01354	0.00811	0.00673	0.00199	0.00685	0.00628	0.00663	0.12903
47	0.00894	0.00710	0.00804	0.00780	0.00985	0.00619	0.00585	0.01136	0.01755	0.02276	0.34310	0.06073	0.43354	0.01622	0.00824	0.00229	0.00343	0.01383	0.00699	0.00619
48	0.01736	0.01499	0.01578	0.01420	0.01815	0.01736	0.01105	0.03708	0.69862	0.02919	0.02840	0.02604	0.02130	0.00947	0.00710	0.00237	0.00552	0.00789	0.00710	0.01105
49	0.01301	0.00650	0.00650	0.00650	0.00813	0.00650	0.00488	0.01626	0.01463	0.02602	0.02276	0.02602	0.01789	0.00813	0.00488	0.00163	0.00325	0.00650	0.79350	0.00650
50	0.01670	0.01430	0.01521	0.01372	0.01747	0.01641	0.01065	0.03497	0.63878	0.02908	0.08827	0.02834	0.02523	0.00989	0.00720	0.00235	0.00533	0.00831	0.00715	0.01065
51	0.03131	0.01188	0.01619	0.01242	0.01781	0.01026	0.01026	0.03401	0.01997	0.71606	0.02753	0.02375	0.01727	0.00864	0.00702	0.00216	0.00594	0.00702	0.00864	0.01188
52	0.77023	0.01342	0.01052	0.00932	0.01368	0.01542	0.00768	0.02110	0.01223	0.06127	0.01050	0.01188	0.00798	0.00657	0.00444	0.00216	0.00542	0.00392	0.00451	0.00775
53	0.00901	0.00710	0.00813	0.00787	0.00990	0.00622	0.00591	0.01150	0.01772	0.02315	0.37029	0.06009	0.40612	0.01607	0.00824	0.00228	0.00342	0.01374	0.00705	0.00622
54	0.80405	0.01350	0.01026	0.00918	0.01350	0.01565	0.00756	0.02051	0.01188	0.03131	0.00972	0.01134	0.00756	0.00648	0.00432	0.00216	0.00540	0.00378	0.00432	0.00756
55	0.01736	0.01499	0.01578	0.01420	0.01815	0.01736	0.01105	0.03708	0.69862	0.02919	0.02840	0.02604	0.02130	0.00947	0.00710	0.00237	0.00552	0.00789	0.00710	0.01105
56	0.01002	0.00671	0.00765	0.00778	0.00781	0.00668	0.00440	0.01011	0.01040	0.01387	0.02328	0.10086	0.02700	0.69734	0.03343	0.00646	0.00655	0.01091	0.00440	0.00434
57	0.00855	0.00678	0.00769	0.00810	0.00977	0.00592	0.00583	0.01036	0.01567	0.01979	0.14841	0.27117	0.42037	0.01847	0.00844	0.00248	0.00366	0.01598	0.00664	0.00592
58	0.00898	0.00668	0.00837	0.00883	0.01010	0.00607	0.00629	0.01111	0.01634	0.02196	0.30379	0.34462	0.18507	0.01809	0.00851	0.00249	0.00365	0.01603	0.00694	0.00607
59	0.01400	0.03610	0.71860	0.01989	0.03020	0.01621	0.02578	0.02210	0.01473	0.02210	0.01252	0.01473	0.00884	0.00663	0.00663	0.00221	0.01031	0.00516	0.00295	0.01031
60	0.01015	0.00677	0.00761	0.00761	0.00761	0.00677	0.00423	0.01015	0.01015	0.01353	0.02199	0.04567	0.02537	0.75476	0.03552	0.00677	0.00677	0.01015	0.00423	0.00423
61	0.73262	0.01376	0.01106	0.00967	0.01410	0.01578	0.00797	0.05744	0.01332	0.05770	0.01077	0.01210	0.00816	0.00666	0.00457	0.00216	0.00554	0.00404	0.00463	0.00795
62	0.01965	0.01448	0.01585	0.01391	0.01809	0.01619	0.01092	0.03658	0.58691	0.14225	0.02826	0.02566	0.02064	0.00933	0.00709	0.00233	0.00559	0.00775	0.00735	0.01118
63	0.00849	0.00611	0.00806	0.00962	0.01010	0.00568	0.00644	0.00973	0.01345	0.01785	0.03960	0.72613	0.06949	0.02171	0.00888	0.00282	0.00403	0.01966	0.00648	0.00568
64	0.02615	0.01936	0.02073	0.01598	0.02150	0.02147	0.01317	0.66148	0.05990	0.04338	0.01723	0.01713	0.01225	0.00842	0.00699	0.00211	0.00759	0.00635	0.00699	0.01183
65	0.01292	0.01206	0.02023	0.69824	0.04599	0.01497	0.01868	0.01739	0.01392	0.01783	0.01383	0.05853	0.01131	0.00779	0.00708	0.00235	0.00902	0.00695	0.00329	0.00764
66	0.00850	0.00607	0.00810	0.00972	0.01012	0.00567	0.00648	0.00972	0.01336	0.01781	0.03846	0.75020	0.04615	0.02186	0.00891	0.00283	0.00405	0.01984	0.00648	0.00567
67	0.01736	0.01499	0.01578	0.01420	0.01815	0.01736	0.01105	0.03708	0.69862	0.02919	0.02840	0.02604	0.02130	0.00947	0.00710	0.00237	0.00552	0.00789	0.00710	0.01105
68	0.80405	0.01350	0.01026	0.00918	0.01350	0.01565	0.00756	0.02051	0.01188	0.03131	0.00972	0.01134	0.00756	0.00648	0.00432	0.00216	0.00540	0.00378	0.00432	0.00756
69	0.01987	0.57670	0.03300	0.01525	0.06875	0.15062	0.01290	0.02217	0.01529	0.01700	0.01014	0.01188	0.00911	0.00620	0.00497	0.00159	0.00843	0.00405	0.00313	0.00895
70	0.01590	0.01332	0.01522	0.01121	0.01717	0.01116	0.00898	0.08626	0.06897	0.02536	0.01407	0.01559	0.01133	0.00582	0.00550	0.00124	0.00545	0.00464	0.00465	0.65817
71	0.00851	0.00669	0.00769	0.00826	0.00979	0.00587	0.00588	0.01021	0.01531	0.01936	0.12175	0.32938	0.38864	0.01895	0.00850	0.00252	0.00371	0.01649	0.00660	0.00587
72	0.00998	0.00741	0.01090	0.01090	0.01203	0.00855	0.00833	0.01226	0.01112	0.01596	0.01898	0.02902	0.01814	0.11426	0.66614	0.01082	0.01764	0.00771	0.00378	0.00605
73	0.01413	0.03515	0.68163	0.02041	0.03054	0.01628	0.06180	0.02211	0.01483	0.02211	0.01261	0.01496	0.00894	0.00659	0.00672	0.00222	0.01039	0.00532	0.00298	0.01026
74	0.01434	0.08884	0.66883	0.01931	0.02931	0.01704	0.02477	0.02201	0.01469	0.02168	0.01232	0.01447	0.00885	0.00658	0.00647	0.00216	0.01011	0.00505	0.00295	0.01021
75	0.00980	0.00708	0.00926	0.00883	0.01041	0.00653	0.00658	0.01298	0.01940	0.02743	0.67103	0.09022	0.06477	0.01468	0.00827	0.00223	0.00333	0.01301	0.00762	0.00653
76	0.03131	0.01188	0.01619	0.01242	0.01781	0.01026	0.01026	0.03401	0.01997	0.71606	0.02753	0.02375	0.01727	0.00864	0.00702	0.00216	0.00594	0.00702	0.00864	0.01188
77	0.00986	0.00723	0.00965	0.01074	0.01191	0.00713	0.00824	0.01259	0.03572	0.01991	0.09653	0.35723	0.07719	0.02260	0.07500	0.00363	0.00608	0.21623	0.00634	0.00621
78	0.02480	0.03111	0.02181	0.02051	0.07158	0.62893	0.05894	0.02704	0.01928	0.01784	0.01118	0.01333	0.00924	0.00703	0.00647	0.00185	0.01222	0.00487	0.00358	0.00839
79	0.03131	0.01188	0.01619	0.01242	0.01781	0.01026	0.01026	0.03401	0.01997	0.71606	0.02753	0.02375	0.01727	0.00864	0.00702	0.00216	0.00594	0.00702	0.00864	0.01188
80	0.00889	0.00654	0.00839	0.00947	0.01044	0.00603	0.00674	0.01065	0.01484	0.01960	0.13250	0.49428	0.14794	0.01999	0.00878	0.00271	0.00408	0.07560	0.00663	0.00589
81	0.01386	0.01341	0.04136	0.05099	0.26410	0.03526	0.01501	0.01702	0.01357	0.01913	0.01664	0.06235	0.01571	0.02422	0.25874	0.00544	0.09286	0.02826	0.00374	0.00832
82	0.04932	0.01336	0.01664	0.01291	0.01805	0.01279	0.01062	0.18473	0.02274	0.49083	0.07402	0.02385	0.01929	0.00893	0.00702	0.00215	0.00614	0.00717	0.00807	0.01137
83	0.00850	0.00607	0.00810	0.00972	0.01012	0.00567	0.00648	0.00972	0.01336	0.01781	0.03846	0.75020	0.04615	0.02186	0.00891	0.00283	0.00405	0.01984	0.00648	0.00567
84	0.01262	0.01014	0.01278	0.01206	0.01271	0.05422	0.00908	0.01309	0.01093	0.01495	0.01489	0.02448	0.01473	0.11447	0.27241	0.22257	0.15795	0.00694	0.00346	0.00552
85	0.01762	0.01904	0.06631	0.01879	0.09593	0.18550	0.01414	0.04227	0.01512	0.04621	0.01459	0.02107	0.01310	0.04437	0.15441	0.00427	0.18439	0.03083	0.00388	0.00817
86	0.01373	0.01304	0.01895	0.12094	0.02127	0.01758	0.01434	0.01594	0.01128	0.01681	0.01185	0.01858	0.01111	0.02079	0.18435	0.00485	0.46763	0.00644	0.00322	0.00732
87	0.01424	0.01358	0.02328	0.55369	0.20278	0.01582	0.04031	0.01881	0.01448	0.01913	0.01262	0.01830	0.00975	0.00677	0.00700	0.00227	0.00914	0.00627	0.00320	0.00857
88	0.02653	0.01955	0.02094	0.01606	0.02164	0.02164	0.01326	0.68796	0.03281	0.04398	0.01675	0.01675	0.01187	0.00838	0.00698	0.00209	0.00768	0.00628	0.00698	0.01187
89	0.02177	0.02032	0.02241	0.01877	0.06882	0.18497	0.11489	0.18392	0.02093	0.07314	0.01440	0.01605	0.01094	0.00684	0.00658	0.00182	0.00881	0.00570	0.00486	0.19410
90	0.00834	0.00698	0.00726	0.00739	0.00953	0.00590	0.00547	0.01011	0.01582	0.01912	0.09353	0.13166	0.61912	0.01793	0.00831	0.00240	0.00357	0.01513	0.00653	0.00590
91	0.80405	0.01350	0.01026	0.00918	0.01350	0.01565	0.00756	0.02051	0.01188	0.03131	0.00972	0.01134	0.00756	0.00648	0.00432	0.00216	0.00540	0.00378	0.00432	0.00756
92	0.00850	0.00607	0.00810	0.00972	0.01012	0.00567	0.00648	0.00972	0.01336	0.01781	0.03846	0.75020	0.04615	0.02186	0.00891	0.00283	0.00405	0.01984	0.00648	0.00567
93	0.00978	0.00687	0.00872	0.00889	0.00966	0.00675	0.00605	0.01139	0.01405	0.01936	0.24151	0.17362	0.04156	0.29535	0.09070	0.00495	0.00637	0.03318	0.00574	0.00550
94	0.80405	0.01350	0.01026	0.00918	0.01350	0.01565	0.00756	0.02051	0.01188	0.03131	0.00972	0.01134	0.00756	0.00648	0.00432	0.00216	0.00540	0.00378	0.00432	0.00756
95	0.02607	0.03326	0.01978	0.01798	0.02157	0.72674	0.01348	0.02787	0.01978	0.01708	0.01079	0.01258	0.00899	0.00719	0.00629	0.00180	0.01258	0.00449	0.00360	0.00809
96	0.01527	0.01527	0.02137	0.01832	0.01832	0.02137	0.01527	0.01679	0.01069	0.01679	0.00916	0.01527	0.00916	0.01221	0.02290	0.00305	0.74198	0.00611	0.00305	0.00763
97	0.00840	0.00708	0.00728	0.00723	0.00952	0.00596	0.00542	0.01031	0.01626	0.01970	0.13007	0.06576	0.64848	0.01736	0.00825	0.00234	0.00351	0.01453	0.00659	0.00596
98	0.01866	0.75896	0.03657	0.01194	0.01791	0.02761	0.01194	0.02090	0.01418	0.01642	0.00970	0.01119	0.00896	0.00597	0.00448	0.00149	0.00746	0.00373	0.00299	0.00896
99	0.00968	0.00713	0.00905	0.00857	0.01030	0.00650	0.00643	0.01278	0.01928	0.02687	0.62996	0.05396	0.14412	0.01468	0.00823	0.00221	0.00332	0.01288	0.00754	0.00650
100	0.01536	0.03978	0.04550	0.01865	0.02286	0.06931	0.25960	0.01915	0.01638	0.06577	0.06966	0.17216	0.02616	0.01201	0.00818	0.00248	0.00834	0.11543	0.00515	0.00808
101	0.01979	0.01620	0.01715	0.01469	0.01907	0.01849	0.01163	0.20964	0.52210	0.03311	0.02531	0.02357	0.01880	0.00918	0.00707	0.00229	0.00609	0.00746	0.00707	0.01126
102	0.80405	0.01350	0.01026	0.00918	0.01350	0.01565	0.00756	0.02051	0.01188	0.03131	0.00972	0.01134	0.00756	0.00648	0.00432	0.00216	0.00540	0.00378	0.00432	0.00756
103	0.01358	0.01283	0.02028	0.46147	0.06036	0.01629	0.01725	0.01727	0.01368	0.01863	0.07286	0.02064	0.01431	0.00896	0.01124	0.00250	0.19987	0.00674	0.00350	0.00773
104	0.01212	0.00606	0.00909	0.00909	0.00909	0.00606	0.00606	0.00909	0.00909	0.01212	0.01212	0.02121	0.01212	0.02424	0.02727	0.79697	0.00606	0.00606	0.00303	0.00303
105	0.01639	0.01415	0.01485	0.01344	0.01722	0.01613	0.01043	0.03419	0.62582	0.02809	0.03291	0.03042	0.09457	0.01034	0.00722	0.00237	0.00531	0.00862	0.00703	0.01050
106	0.05681	0.01179	0.01584	0.01227	0.01750	0.01039	0.01012	0.03288	0.01943	0.67100	0.02665	0.02345	0.01695	0.00993	0.02943	0.00244	0.00632	0.00692	0.00834	0.01155
107	0.01419	0.01470	0.02857	0.07435	0.02826	0.01487	0.37637	0.01896	0.03951	0.02099	0.04736	0.17442	0.02049	0.01043	0.00969	0.00252	0.08119	0.01049	0.00437	0.00827
108	0.01866	0.75896	0.03657	0.01194	0.01791	0.02761	0.01194	0.02090	0.01418	0.01642	0.00970	0.01119	0.00896	0.00597	0.00448	0.00149	0.00746	0.00373	0.00299	0.00896
109	0.02784	0.01744	0.01964	0.01505	0.02059	0.01851	0.01244	0.50807	0.02928	0.22886	0.01972	0.01868	0.01335	0.00845	0.00699	0.00211	0.00720	0.00648	0.00744	0.01187
110	0.80405	0.01350	0.01026	0.00918	0.01350	0.01565	0.00756	0.02051	0.01188	0.03131	0.00972	0.01134	0.00756	0.00648	0.00432	0.00216	0.00540	0.00378	0.00432	0.00756
111	0.00825	0.00707	0.00707	0.00707	0.00943	0.00589	0.00530	0.01001	0.01591	0.01885	0.07069	0.06716	0.70839	0.01767	0.00825	0.00236	0.00353	0.01473	0.00648	0.00589
112	0.80405	0.01350	0.01026	0.00918	0.01350	0.01565	0.00756	0.02051	0.01188	0.03131	0.00972	0.01134	0.00756	0.00648	0.00432	0.00216	0.00540	0.00378	0.00432	0.00756
113	0.10188	0.01276	0.01610	0.01246	0.01778	0.01184	0.01029	0.09511	0.02045	0.58905	0.02487	0.02194	0.01587	0.00841	0.00677	0.00215	0.00605	0.00665	0.00808	0.01148
114	0.80405	0.01350	0.01026	0.00918	0.01350	0.01565	0.00756	0.02051	0.01188	0.03131	0.00972	0.01134	0.00756	0.00648	0.00432	0.00216	0.00540	0.00378	0.00432	0.00756
115	0.00968	0.00713	0.00905	0.00857	0.01030	0.00650	0.00643	0.01278	0.01928	0.02686	0.62940	0.05397	0.14469	0.01468	0.00823	0.00221	0.00332	0.01288	0.00753	0.00650
116	0.01866	0.75896	0.03657	0.01194	0.01791	0.02761	0.01194	0.02090	0.01418	0.01642	0.00970	0.01119	0.00896	0.00597	0.00448	0.00149	0.00746	0.00373	0.00299	0.00896
117	0.02653	0.01955	0.02094	0.01606	0.02164	0.02164	0.01326	0.68796	0.03281	0.04398	0.01675	0.01675	0.01187	0.00838	0.00698	0.00209	0.00768	0.00628	0.00698	0.01187
118	0.00978	0.00720	0.01039	0.01062	0.01161	0.00808	0.00793	0.01182	0.01141	0.01615	0.02188	0.13322	0.02241	0.12198	0.55099	0.00954	0.01533	0.00953	0.00418	0.00594
119	0.01005	0.00688	0.00832	0.00838	0.00863	0.00710	0.00517	0.01057	0.01047	0.01420	0.02198	0.06862	0.02464	0.59322	0.16648	0.00747	0.00894	0.01000	0.00422	0.00466
120	0.01400	0.03610	0.71860	0.01989	0.03020	0.01621	0.02578	0.02210	0.01473	0.02210	0.01252	0.01473	0.00884	0.00663	0.00663	0.00221	0.01031	0.00516	0.00295	0.01031
121	0.00997	0.00748	0.01121	0.01121	0.01246	0.00872	0.00872	0.01246	0.01121	0.01620	0.01869	0.02741	0.01745	0.05234	0.72710	0.01121	0.01869	0.00748	0.00374	0.00623
122	0.00861	0.00615	0.00822	0.00983	0.01028	0.00576	0.00666	0.00990	0.01346	0.01793	0.03840	0.72491	0.04593	0.02176	0.00893	0.00285	0.00414	0.04411	0.00648	0.00570
123	0.01735	0.00879	0.01172	0.01005	0.01300	0.00787	0.00787	0.02044	0.01983	0.26805	0.47029	0.04223	0.04890	0.01230	0.00781	0.00218	0.00422	0.01067	0.00802	0.00843
124	0.01727	0.01658	0.02832	0.04283	0.71123	0.01658	0.02142	0.02142	0.01589	0.02280	0.01313	0.01727	0.01105	0.00622	0.00691	0.00207	0.00829	0.00622	0.00345	0.01105
125	0.77368	0.01343	0.01049	0.00930	0.01367	0.01544	0.00766	0.02104	0.01219	0.05822	0.01042	0.01182	0.00794	0.00656	0.00442	0.00216	0.00542	0.00391	0.00449	0.00773
126	0.02743	0.01433	0.01726	0.01364	0.01880	0.01438	0.01113	0.19212	0.15555	0.42009	0.02510	0.02251	0.01676	0.00874	0.00702	0.00218	0.00628	0.00701	0.00794	0.01171
127	0.00903	0.00716	0.00800	0.00831	0.01011	0.00637	0.00602	0.03169	0.01592	0.01999	0.10528	0.27992	0.43048	0.01845	0.00841	0.00249	0.00381	0.01592	0.00658	0.00606
128	0.00874	0.00624	0.00837	0.00999	0.01050	0.00587	0.00689	0.01013	0.01359	0.01808	0.03833	0.69222	0.04564	0.02164	0.00897	0.00287	0.00425	0.07548	0.00647	0.00573
129	0.00876	0.00618	0.00802	0.00938	0.00972	0.00584	0.00612	0.00979	0.01285	0.01713	0.03583	0.63778	0.04284	0.13881	0.01315	0.00346	0.00448	0.01829	0.00612	0.00544
130	0.01894	0.02446	0.09744	0.02533	0.03171	0.21646	0.43656	0.02388	0.01724	0.02085	0.01304	0.01670	0.00998	0.00632	0.00754	0.00218	0.01186	0.00690	0.00349	0.00912
131	0.01552	0.18249	0.05127	0.36539	0.21566	0.01854	0.01847	0.01962	0.01454	0.01898	0.01199	0.01645	0.00967	0.00654	0.00638	0.00207	0.00866	0.00561	0.00316	0.00899
132	0.01447	0.01240	0.01447	0.01034	0.01654	0.00930	0.00827	0.01757	0.01447	0.02274	0.01240	0.01447	0.01034	0.00517	0.00517	0.00103	0.00517	0.00413	0.00413	0.79742
133	0.01362	0.06781	0.51956	0.01721	0.02513	0.01486	0.02070	0.03722	0.01467	0.02120	0.01646	0.11920	0.01485	0.03592	0.00844	0.02399	0.00897	0.00738	0.00360	0.00922
134	0.00866	0.00617	0.00818	0.00972	0.01015	0.00579	0.00653	0.00989	0.01330	0.01772	0.03768	0.69770	0.04504	0.05431	0.01011	0.00302	0.00424	0.03978	0.00638	0.00563
135	0.04173	0.00821	0.01084	0.01133	0.01335	0.00784	0.00916	0.01619	0.01589	0.13144	0.05794	0.25282	0.07429	0.01760	0.00871	0.00282	0.00539	0.30057	0.00676	0.00710
136	0.02031	0.05180	0.25147	0.01877	0.06878	0.08070	0.03985	0.11928	0.05896	0.13768	0.03463	0.01815	0.01313	0.00784	0.00763	0.00217	0.04747	0.00609	0.00493	0.01036
137	0.01046	0.00779	0.01012	0.01131	0.01297	0.00757	0.00940	0.01363	0.03734	0.02032	0.04355	0.16883	0.17241	0.01901	0.00918	0.00296	0.00549	0.42481	0.00647	0.00636
138	0.01015	0.00677	0.00761	0.00761	0.00761	0.00677	0.00423	0.01015	0.01015	0.01353	0.02199	0.04567	0.02537	0.75476	0.03552	0.00677	0.00677	0.01015	0.00423	0.00423
139	0.01760	0.01801	0.02136	0.01928	0.06421	0.16429	0.09117	0.04470	0.01514	0.04216	0.01626	0.08010	0.03571	0.01335	0.05908	0.00307	0.27474	0.00758	0.00402	0.00814
140	0.01435	0.05651	0.64851	0.01976	0.02959	0.01664	0.04728	0.02264	0.04053	0.02220	0.01309	0.01519	0.00937	0.00669	0.00664	0.00220	0.01010	0.00532	0.00312	0.01027
141	0.09081	0.01356	0.01660	0.01360	0.01720	0.04519	0.01110	0.04853	0.01679	0.38389	0.02010	0.02104	0.01437	0.03817	0.05064	0.00300	0.17275	0.00654	0.00631	0.00981
142	0.01385	0.01312	0.02200	0.60958	0.14142	0.01590	0.01950	0.01830	0.01410	0.01850	0.01237	0.01828	0.00955	0.00708	0.00761	0.00232	0.03896	0.00620	0.00315	0.00822
143	0.01968	0.01702	0.07079	0.12721	0.22061	0.05503	0.10331	0.05058	0.01752	0.17070	0.04166	0.02145	0.03717	0.00763	0.00715	0.00217	0.00841	0.00698	0.00488	0.01004
144	0.04837	0.01247	0.01647	0.01297	0.01773	0.01167	0.03557	0.09627	0.01981	0.39371	0.09279	0.02707	0.02134	0.00935	0.00758	0.00213	0.03063	0.04299	0.00726	0.09383
145	0.00837	0.00703	0.00727	0.00731	0.00953	0.00593	0.00545	0.01023	0.01607	0.01945	0.11441	0.09641	0.63344	0.01762	0.00828	0.00237	0.00354	0.01480	0.00657	0.00593
146	0.01735	0.45450	0.28554	0.01518	0.02261	0.06158	0.01710	0.02172	0.01469	0.01854	0.01079	0.01257	0.00891	0.00628	0.00537	0.00177	0.00879	0.00430	0.00300	0.00941
