[name]
unknown

[dist]
# distance from previous block
# <min> <max>
0	12

[block]
# block no. 0 follows, 36 sequences, length 6
# corresponding to MSA columns:
# 12-17
name=unknown_A
#
# <colnr> <probs for GDERKNQSTAVLIFYWHMCP>
#	G	D	E	R	K	N	Q	S	T	A	V	L	I	F	Y	W	H	M	C	P
0	0.01267	0.06239	0.45494	0.01913	0.09958	0.01398	0.10280	0.01836	0.01373	0.01958	0.05039	0.01919	0.07209	0.00692	0.00621	0.00195	0.00824	0.00600	0.00321	0.00863
1	0.01454	0.01322	0.01660	0.09309	0.12666	0.07483	0.05313	0.09338	0.15829	0.02396	0.23562	0.02623	0.02628	0.00863	0.00660	0.00195	0.00610	0.00757	0.00519	0.00812
2	0.01121	0.01033	0.01560	0.01360	0.01459	0.01255	0.08382	0.01293	0.01069	0.01532	0.01790	0.14299	0.04806	0.10476	0.13954	0.00418	0.32366	0.00856	0.00361	0.00608
3	0.01774	0.09739	0.01769	0.05929	0.07895	0.18054	0.01119	0.13150	0.18838	0.02248	0.01579	0.01773	0.01263	0.04615	0.00701	0.00200	0.00711	0.00554	0.07250	0.00837
4	0.00874	0.00591	0.00689	0.00720	0.00728	0.00583	0.00421	0.00898	0.00968	0.01291	0.02281	0.19977	0.02666	0.61657	0.02658	0.00528	0.00552	0.01093	0.00421	0.00405
5	0.70121	0.01209	0.00980	0.00862	0.01230	0.01388	0.00697	0.07700	0.01207	0.02782	0.00996	0.01264	0.00817	0.05934	0.00598	0.00221	0.00508	0.00395	0.00405	0.00687

[dist]
# distance from previous block
# <min> <max>
0	7

[block]
# block no. 1 follows, 36 sequences, length 26
# corresponding to MSA columns:
# 25-50
name=unknown_B
#
# <colnr> <probs for GDERKNQSTAVLIFYWHMCP>
#	G	D	E	R	K	N	Q	S	T	A	V	L	I	F	Y	W	H	M	C	P
0	0.01111	0.00593	0.00640	0.00635	0.00778	0.00597	0.00478	0.01397	0.01329	0.02271	0.09338	0.02571	0.02031	0.01095	0.06438	0.00218	0.00400	0.00643	0.66856	0.00580
1	0.01441	0.01493	0.01838	0.01590	0.01622	0.09371	0.01302	0.01574	0.01035	0.01489	0.00884	0.01461	0.00882	0.04516	0.01944	0.00276	0.65781	0.00547	0.00282	0.00672
2	0.02561	0.06460	0.01566	0.01138	0.01587	0.08625	0.00936	0.02794	0.01745	0.58095	0.06303	0.02089	0.01666	0.00771	0.00611	0.00186	0.00586	0.00612	0.00686	0.00981
3	0.09393	0.00609	0.00822	0.00812	0.00852	0.00629	0.00555	0.00916	0.00837	0.01257	0.01060	0.01804	0.01041	0.02003	0.02226	0.73535	0.00535	0.00520	0.00282	0.00312
4	0.02247	0.02818	0.01844	0.01832	0.09305	0.68036	0.01276	0.02429	0.01730	0.01577	0.00984	0.01166	0.00821	0.00633	0.00567	0.00163	0.01084	0.00417	0.00320	0.00749
5	0.01656	0.06242	0.07266	0.08370	0.46146	0.13337	0.01739	0.04404	0.01498	0.01950	0.01124	0.01436	0.00925	0.00582	0.00595	0.00181	0.00814	0.00512	0.00314	0.00911
6	0.07229	0.51385	0.05608	0.01193	0.01681	0.16263	0.01111	0.02069	0.05461	0.01653	0.00991	0.01113	0.00854	0.00577	0.00451	0.00150	0.00742	0.00373	0.00306	0.00792
7	0.01267	0.01162	0.01877	0.51155	0.09424	0.01384	0.03742	0.05621	0.01397	0.01861	0.08549	0.01928	0.01375	0.00719	0.00733	0.00208	0.05909	0.00618	0.00342	0.00731
8	0.01813	0.01608	0.01643	0.05802	0.05518	0.09626	0.01147	0.19948	0.40451	0.02727	0.01960	0.01914	0.01469	0.00772	0.00622	0.00198	0.00640	0.00620	0.00561	0.00959
9	0.11492	0.02153	0.28119	0.02142	0.05033	0.01506	0.36591	0.01965	0.01364	0.02089	0.01159	0.01466	0.00859	0.00556	0.00638	0.00203	0.00925	0.00584	0.00306	0.00852
10	0.00784	0.00613	0.00711	0.00728	0.00881	0.00540	0.00530	0.00971	0.01470	0.01901	0.25426	0.21526	0.38553	0.01572	0.00749	0.00216	0.00319	0.01361	0.00610	0.00540
11	0.02795	0.01060	0.01446	0.01109	0.01591	0.00916	0.00916	0.03036	0.01783	0.74648	0.02458	0.02121	0.01542	0.00771	0.00627	0.00193	0.00530	0.00627	0.00771	0.01060
12	0.00813	0.00608	0.00801	0.00842	0.00938	0.00561	0.02220	0.00971	0.01338	0.01790	0.19810	0.43375	0.13833	0.07925	0.00966	0.00262	0.00376	0.01466	0.00580	0.00525
13	0.01920	0.01313	0.01391	0.01117	0.01484	0.01431	0.00906	0.45902	0.02327	0.03331	0.01695	0.01803	0.01259	0.00740	0.00554	0.00171	0.00539	0.00568	0.30665	0.00882
14	0.01261	0.01075	0.01259	0.00920	0.01444	0.00812	0.00729	0.01529	0.01286	0.02005	0.01241	0.05666	0.01106	0.00547	0.00481	0.00101	0.00456	0.00449	0.00381	0.77252
15	0.02327	0.02970	0.01766	0.01605	0.01926	0.75602	0.01204	0.02488	0.01766	0.01525	0.00963	0.01124	0.00803	0.00642	0.00562	0.00161	0.01124	0.00401	0.00321	0.00722
16	0.02285	0.02816	0.01750	0.01577	0.01909	0.67728	0.01190	0.05986	0.05892	0.01706	0.01079	0.01211	0.00878	0.00659	0.00569	0.00165	0.01066	0.00426	0.00354	0.00754
17	0.01998	0.02376	0.01818	0.01610	0.01827	0.47755	0.01258	0.04550	0.01527	0.01599	0.00932	0.01219	0.00817	0.00800	0.01073	0.00200	0.27152	0.00456	0.00315	0.00720
18	0.01261	0.03146	0.71348	0.01818	0.02724	0.01453	0.05753	0.01974	0.01323	0.01974	0.01125	0.01334	0.00797	0.00589	0.00599	0.00198	0.00927	0.00474	0.00266	0.00917
19	0.00838	0.00629	0.00777	0.00753	0.00907	0.00567	0.00560	0.01087	0.01642	0.02241	0.52843	0.09911	0.22168	0.01393	0.00739	0.00203	0.00304	0.01216	0.00653	0.00567
20	0.01384	0.01425	0.02095	0.06013	0.01997	0.05089	0.11195	0.01596	0.01082	0.01572	0.00951	0.01476	0.00878	0.01170	0.05926	0.00297	0.54297	0.00573	0.00284	0.00699
21	0.00792	0.00633	0.00708	0.00689	0.00876	0.00550	0.00517	0.01002	0.01551	0.01994	0.32070	0.05485	0.48011	0.01462	0.00736	0.00205	0.00307	0.01243	0.00619	0.00550
22	0.00945	0.00715	0.01032	0.01010	0.01108	0.00849	0.00783	0.01151	0.01009	0.01487	0.01638	0.02446	0.01541	0.08377	0.61224	0.00871	0.07624	0.00666	0.04965	0.00558
23	0.03225	0.01673	0.08329	0.04635	0.41061	0.01524	0.22988	0.05167	0.01485	0.02113	0.01202	0.01556	0.00953	0.00560	0.00646	0.00194	0.00841	0.00598	0.00322	0.00928
24	0.01343	0.01314	0.02319	0.40159	0.27727	0.01459	0.10558	0.01748	0.01322	0.01789	0.01138	0.01613	0.00897	0.00604	0.00684	0.00203	0.03442	0.00577	0.00292	0.00810
25	0.10997	0.05151	0.18046	0.01317	0.01805	0.06821	0.01255	0.10417	0.14821	0.10991	0.01818	0.06063	0.03593	0.00804	0.00640	0.00198	0.03292	0.00618	0.00481	0.00874

[dist]
# distance from previous block
# <min> <max>
1	7

[block]
# block no. 2 follows, 36 sequences, length 69
# corresponding to MSA columns:
# 58-126
name=unknown_C
#
# <colnr> <probs for GDERKNQSTAVLIFYWHMCP>
#	G	D	E	R	K	N	Q	S	T	A	V	L	I	F	Y	W	H	M	C	P
0	0.08622	0.06236	0.01765	0.01374	0.01782	0.20841	0.02910	0.29740	0.04232	0.07521	0.01484	0.04240	0.01192	0.00853	0.02309	0.00203	0.00783	0.02540	0.00498	0.00874
1	0.27442	0.31634	0.19816	0.01187	0.01756	0.05632	0.01248	0.01913	0.01238	0.02017	0.00933	0.01087	0.00757	0.00567	0.00450	0.00169	0.00693	0.00369	0.00307	0.00785
2	0.01082	0.00541	0.00812	0.00812	0.00812	0.00541	0.00541	0.00812	0.00812	0.01082	0.01082	0.01894	0.01082	0.02165	0.02435	0.81872	0.00541	0.00541	0.00271	0.00271
3	0.01476	0.01428	0.02455	0.09527	0.57375	0.01446	0.07459	0.01902	0.03907	0.02002	0.01418	0.01761	0.03800	0.00608	0.00632	0.00191	0.00748	0.00604	0.00328	0.00933
4	0.00951	0.00868	0.03316	0.01227	0.01420	0.00774	0.14035	0.03157	0.01310	0.01749	0.03051	0.55587	0.06836	0.01594	0.00771	0.00239	0.00513	0.01484	0.00522	0.00597
5	0.01255	0.00927	0.01115	0.01035	0.01272	0.00951	0.02680	0.06890	0.20222	0.07301	0.10930	0.27098	0.13119	0.01328	0.00712	0.00220	0.00436	0.01162	0.00614	0.00731
6	0.01648	0.49132	0.17730	0.01375	0.01968	0.10999	0.05857	0.01971	0.01349	0.01610	0.00954	0.01122	0.00807	0.00558	0.00480	0.00155	0.00798	0.00393	0.00275	0.00818
7	0.01111	0.03902	0.01047	0.00904	0.01115	0.09486	0.00691	0.01486	0.07699	0.02212	0.44781	0.04143	0.16673	0.01189	0.00694	0.00193	0.00425	0.01009	0.00604	0.00634
8	0.00769	0.00546	0.00720	0.00855	0.00889	0.00513	0.00565	0.00870	0.01174	0.01565	0.03335	0.72721	0.03995	0.07098	0.00956	0.00277	0.00378	0.01713	0.00565	0.00497
9	0.01812	0.07062	0.09143	0.01798	0.04268	0.31591	0.17866	0.06146	0.03521	0.01942	0.07728	0.01649	0.01343	0.00669	0.00618	0.00181	0.00931	0.00568	0.00369	0.00795
10	0.01481	0.02183	0.28647	0.02224	0.02947	0.01486	0.42622	0.02058	0.01437	0.06853	0.01290	0.01581	0.00930	0.00565	0.00677	0.00204	0.00970	0.00631	0.00327	0.00883
11	0.01363	0.01363	0.01908	0.01636	0.01636	0.01908	0.01363	0.01499	0.00954	0.01499	0.00818	0.01363	0.00818	0.01091	0.02045	0.00273	0.76963	0.00545	0.00273	0.00682
12	0.01661	0.68834	0.03089	0.01137	0.01614	0.04964	0.01098	0.01854	0.01255	0.01471	0.00865	0.01037	0.00801	0.00588	0.00555	0.00147	0.07620	0.00355	0.00269	0.00786
13	0.00884	0.00685	0.01046	0.01090	0.01205	0.00652	0.06685	0.01076	0.01281	0.01698	0.03215	0.52400	0.03711	0.01770	0.00808	0.00258	0.00476	0.19951	0.00555	0.00552
14	0.01376	0.01273	0.01876	0.56813	0.07232	0.06384	0.01626	0.01736	0.01290	0.05489	0.01145	0.01615	0.00873	0.00673	0.00754	0.00209	0.08055	0.00547	0.00307	0.00727
15	0.00865	0.00636	0.00810	0.00766	0.00921	0.00581	0.00575	0.01143	0.01724	0.02405	0.66112	0.04809	0.13713	0.01309	0.00735	0.00198	0.00296	0.01148	0.00674	0.00581
16	0.01205	0.00987	0.01139	0.01193	0.01397	0.04670	0.00997	0.01865	0.20136	0.02033	0.02987	0.07633	0.03024	0.01446	0.00785	0.00260	0.00574	0.46407	0.00577	0.00687
17	0.73958	0.04125	0.00983	0.00813	0.01188	0.01384	0.00674	0.01807	0.01085	0.02713	0.00946	0.01099	0.00741	0.00587	0.00389	0.00187	0.00476	0.00354	0.05818	0.00673
18	0.00742	0.00625	0.00644	0.00652	0.00849	0.00527	0.00484	0.00901	0.01416	0.01702	0.08221	0.10756	0.67169	0.01594	0.00740	0.00213	0.00318	0.01340	0.00582	0.00527
19	0.01666	0.78478	0.03265	0.01066	0.01599	0.02465	0.01066	0.01866	0.01266	0.01466	0.00866	0.00999	0.00800	0.00533	0.00400	0.00133	0.00666	0.00333	0.00267	0.00800
20	0.01082	0.00541	0.00812	0.00812	0.00812	0.00541	0.00541	0.00812	0.00812	0.01082	0.01082	0.01894	0.01082	0.02165	0.02435	0.81872	0.00541	0.00541	0.00271	0.00271
21	0.08532	0.01071	0.01408	0.01088	0.01563	0.00950	0.00898	0.02950	0.01731	0.69477	0.02344	0.02041	0.01480	0.00757	0.00609	0.00193	0.00527	0.00606	0.00743	0.01033
22	0.01390	0.01222	0.03371	0.01283	0.09498	0.00953	0.00926	0.03779	0.01368	0.03962	0.01161	0.01348	0.00946	0.00492	0.00491	0.00111	0.00513	0.00404	0.00378	0.66405
23	0.01976	0.02478	0.06474	0.06377	0.18691	0.47896	0.01450	0.02233	0.01614	0.01676	0.01089	0.03133	0.00927	0.00650	0.00586	0.00173	0.00988	0.00482	0.00318	0.00788
24	0.01628	0.01344	0.01428	0.01268	0.01631	0.01540	0.00991	0.05938	0.67713	0.05373	0.02493	0.02285	0.01856	0.00839	0.00633	0.00210	0.00502	0.00696	0.00639	0.00992
25	0.02309	0.05075	0.01807	0.01590	0.01917	0.73563	0.01200	0.02471	0.01752	0.01523	0.00960	0.01120	0.00802	0.00639	0.00557	0.00160	0.01111	0.00399	0.00320	0.00724
26	0.01195	0.01127	0.01903	0.72869	0.07882	0.01389	0.01740	0.01608	0.01255	0.01615	0.01111	0.01655	0.00839	0.00619	0.00623	0.00206	0.00826	0.00554	0.00278	0.00707
27	0.00736	0.00631	0.00631	0.00631	0.00842	0.00526	0.00473	0.00894	0.01420	0.01683	0.06312	0.05996	0.73964	0.01578	0.00736	0.00210	0.00316	0.01315	0.00579	0.00526
28	0.00882	0.00637	0.00833	0.00784	0.00931	0.00588	0.00588	0.01176	0.01764	0.02499	0.73888	0.04654	0.05879	0.01274	0.00735	0.00196	0.00294	0.01127	0.00686	0.00588
29	0.01637	0.01382	0.01458	0.01286	0.01654	0.01591	0.01007	0.10677	0.65582	0.02748	0.02425	0.02236	0.01812	0.00835	0.00633	0.00209	0.00514	0.00689	0.00633	0.00994
30	0.01161	0.00581	0.00581	0.00581	0.00726	0.00581	0.00436	0.01452	0.01307	0.02323	0.02033	0.02323	0.01597	0.00726	0.00436	0.00145	0.00290	0.00581	0.81562	0.00581
31	0.10269	0.01319	0.01547	0.01197	0.01676	0.01325	0.00989	0.27602	0.02123	0.42515	0.01962	0.01791	0.01287	0.00744	0.00602	0.00191	0.00581	0.00575	0.00681	0.01023
32	0.02117	0.00912	0.01227	0.00997	0.01362	0.00801	0.00805	0.02373	0.01760	0.49095	0.24410	0.03103	0.04880	0.00967	0.00668	0.00196	0.00453	0.02247	0.00736	0.00891
33	0.01666	0.78478	0.03265	0.01066	0.01599	0.02465	0.01066	0.01866	0.01266	0.01466	0.00866	0.00999	0.00800	0.00533	0.00400	0.00133	0.00666	0.00333	0.00267	0.00800
34	0.01297	0.01230	0.02086	0.52650	0.27307	0.01416	0.01790	0.01697	0.01303	0.01738	0.01129	0.01622	0.00882	0.00601	0.00621	0.00200	0.00801	0.00554	0.00287	0.00789
35	0.02288	0.02886	0.01747	0.01588	0.01910	0.71800	0.01193	0.02530	0.05428	0.01580	0.01044	0.01185	0.00859	0.00652	0.00566	0.00163	0.01091	0.00417	0.00337	0.00736
36	0.02795	0.01060	0.01446	0.01109	0.01591	0.00916	0.00916	0.03036	0.01783	0.74648	0.02458	0.02121	0.01542	0.00771	0.00627	0.00193	0.00530	0.00627	0.00771	0.01060
37	0.00890	0.00668	0.01001	0.01001	0.01113	0.00779	0.00779	0.01113	0.01001	0.01446	0.01669	0.02448	0.01558	0.04673	0.75634	0.01001	0.01669	0.00668	0.00334	0.00556
38	0.00882	0.00637	0.00833	0.00784	0.00931	0.00588	0.00588	0.01176	0.01764	0.02499	0.73888	0.04654	0.05879	0.01274	0.00735	0.00196	0.00294	0.01127	0.00686	0.00588
39	0.01082	0.00541	0.00812	0.00812	0.00812	0.00541	0.00541	0.00812	0.00812	0.01082	0.01082	0.01894	0.01082	0.02165	0.02435	0.81872	0.00541	0.00541	0.00271	0.00271
40	0.01659	0.01491	0.01561	0.01408	0.03607	0.06536	0.03077	0.08169	0.59302	0.02597	0.02283	0.02145	0.01716	0.00808	0.00631	0.00205	0.00572	0.00671	0.00595	0.00970
41	0.01424	0.01658	0.05619	0.02494	0.03097	0.01508	0.65252	0.01933	0.01454	0.01976	0.01394	0.04725	0.01133	0.00614	0.00737	0.00213	0.01007	0.02608	0.00331	0.00823
42	0.42729	0.08562	0.06136	0.01216	0.05377	0.07768	0.00994	0.10256	0.03927	0.04099	0.01106	0.01231	0.00853	0.00617	0.00470	0.00183	0.00614	0.00414	0.02666	0.00784
43	0.03609	0.37058	0.32377	0.01509	0.06034	0.01906	0.01603	0.03987	0.01339	0.01828	0.01011	0.01182	0.00813	0.00564	0.00498	0.00164	0.00765	0.00405	0.00284	0.03063
44	0.01636	0.69457	0.06893	0.01287	0.06519	0.02347	0.01186	0.01874	0.01279	0.01530	0.00900	0.01052	0.00812	0.00538	0.00424	0.00140	0.00684	0.00355	0.00269	0.00818
45	0.72502	0.03047	0.01139	0.01040	0.04931	0.03442	0.02459	0.01858	0.01112	0.02674	0.00895	0.01057	0.00703	0.00577	0.00411	0.00191	0.00530	0.00359	0.00376	0.00698
46	0.01565	0.01525	0.02506	0.03759	0.72073	0.03678	0.01891	0.01929	0.01429	0.02020	0.01166	0.01530	0.00981	0.00558	0.00615	0.00184	0.00752	0.00551	0.00309	0.00979
47	0.01082	0.00541	0.00812	0.00812	0.00812	0.00541	0.00541	0.00812	0.00812	0.01082	0.01082	0.01894	0.01082	0.02165	0.02435	0.81872	0.00541	0.00541	0.00271	0.00271
48	0.01594	0.05615	0.02128	0.02711	0.43700	0.08481	0.01502	0.03720	0.10662	0.03718	0.01847	0.02018	0.08175	0.00708	0.00614	0.00186	0.00694	0.00623	0.00393	0.00910
49	0.01315	0.01128	0.01303	0.00954	0.01490	0.00896	0.00761	0.01727	0.07800	0.02082	0.01237	0.01386	0.01012	0.00496	0.00477	0.00103	0.00464	0.00400	0.00393	0.74577
50	0.01986	0.01260	0.01436	0.01221	0.01621	0.01354	0.00970	0.05465	0.47381	0.26312	0.02476	0.02231	0.01756	0.00818	0.00631	0.00204	0.00512	0.00674	0.00679	0.01013
51	0.00856	0.00542	0.00749	0.00851	0.00876	0.00517	0.00567	0.00851	0.01079	0.01439	0.02731	0.55028	0.03212	0.02016	0.01286	0.24661	0.00415	0.01403	0.00486	0.00436
52	0.00882	0.00637	0.00833	0.00784	0.00931	0.00588	0.00588	0.01176	0.01764	0.02499	0.73888	0.04654	0.05879	0.01274	0.00735	0.00196	0.00294	0.01127	0.00686	0.00588
53	0.00777	0.00554	0.00733	0.00852	0.00899	0.00518	0.00572	0.00901	0.01243	0.01672	0.10758	0.67485	0.04240	0.04535	0.00872	0.00259	0.00363	0.01674	0.00583	0.00510
54	0.00759	0.00542	0.00723	0.00868	0.00904	0.00506	0.00578	0.00868	0.01193	0.01591	0.03434	0.77697	0.04121	0.01952	0.00795	0.00253	0.00361	0.01771	0.00578	0.00506
55	0.01177	0.01107	0.01869	0.76606	0.04291	0.01384	0.01730	0.01592	0.01246	0.01592	0.01107	0.01661	0.00831	0.00623	0.00623	0.00208	0.00831	0.00554	0.00277	0.00692
56	0.00855	0.00720	0.00756	0.00754	0.00974	0.00661	0.00583	0.01208	0.09596	0.01806	0.05589	0.05677	0.58929	0.01508	0.00737	0.00218	0.00361	0.07899	0.00584	0.00583
57	0.02214	0.02771	0.01698	0.01545	0.01864	0.67765	0.01161	0.02482	0.06529	0.01603	0.01273	0.01391	0.03680	0.00692	0.00573	0.00166	0.01050	0.00457	0.00352	0.00732
58	0.01177	0.01107	0.01869	0.76606	0.04291	0.01384	0.01730	0.01592	0.01246	0.01592	0.01107	0.01661	0.00831	0.00623	0.00623	0.00208	0.00831	0.00554	0.00277	0.00692
59	0.02795	0.01060	0.01446	0.01109	0.01591	0.00916	0.00916	0.03036	0.01783	0.74648	0.02458	0.02121	0.01542	0.00771	0.00627	0.00193	0.00530	0.00627	0.00771	0.01060
60	0.02795	0.01060	0.01446	0.01109	0.01591	0.00916	0.00916	0.03036	0.01783	0.74648	0.02458	0.02121	0.01542	0.00771	0.00627	0.00193	0.00530	0.00627	0.00771	0.01060
61	0.01505	0.01291	0.01370	0.01236	0.01574	0.01485	0.00960	0.03168	0.68314	0.02599	0.07314	0.02481	0.02168	0.00874	0.00641	0.00210	0.00480	0.00733	0.00637	0.00960
62	0.01161	0.00581	0.00581	0.00581	0.00726	0.00581	0.00436	0.01452	0.01307	0.02323	0.02033	0.02323	0.01597	0.00726	0.00436	0.00145	0.00290	0.00581	0.81562	0.00581
63	0.00882	0.00637	0.00833	0.00784	0.00931	0.00588	0.00588	0.01176	0.01764	0.02499	0.73888	0.04654	0.05879	0.01274	0.00735	0.00196	0.00294	0.01127	0.00686	0.00588
64	0.01527	0.01465	0.02502	0.06837	0.71322	0.01476	0.01905	0.01899	0.01412	0.02017	0.01169	0.01547	0.00980	0.00558	0.00617	0.00186	0.00744	0.00555	0.00307	0.00975
65	0.01082	0.00541	0.00812	0.00812	0.00812	0.00541	0.00541	0.00812	0.00812	0.01082	0.01082	0.01894	0.01082	0.02165	0.02435	0.81872	0.00541	0.00541	0.00271	0.00271
66	0.02368	0.01745	0.01870	0.01434	0.01932	0.01932	0.01184	0.72139	0.02929	0.03927	0.01496	0.01496	0.01060	0.00748	0.00623	0.00187	0.00686	0.00561	0.00623	0.01060
67	0.01292	0.01107	0.01292	0.00923	0.01477	0.00831	0.00738	0.01569	0.01292	0.02030	0.01107	0.01292	0.00923	0.00461	0.00461	0.00092	0.00461	0.00369	0.00369	0.81912
68	0.01388	0.04972	0.03448	0.03457	0.16593	0.04911	0.01065	0.01618	0.01375	0.11631	0.02359	0.29284	0.02438	0.03497	0.00761	0.00228	0.00571	0.07284	0.02391	0.00728

[dist]
# distance from previous block
# <min> <max>
0	4

[block]
# block no. 3 follows, 36 sequences, length 50
# corresponding to MSA columns:
# 131-180
name=unknown_D
#
# <colnr> <probs for GDERKNQSTAVLIFYWHMCP>
#	G	D	E	R	K	N	Q	S	T	A	V	L	I	F	Y	W	H	M	C	P
0	0.01250	0.03223	0.74875	0.01776	0.02697	0.01447	0.02302	0.01973	0.01315	0.01973	0.01118	0.01315	0.00789	0.00592	0.00592	0.00197	0.00921	0.00460	0.00263	0.00921
1	0.02274	0.09038	0.01886	0.01562	0.01900	0.69724	0.01193	0.02438	0.01725	0.01520	0.00955	0.01114	0.00802	0.00633	0.00549	0.00158	0.01087	0.00396	0.00317	0.00729
2	0.01542	0.01480	0.02529	0.03824	0.74217	0.01480	0.01912	0.01912	0.01419	0.02036	0.01172	0.01542	0.00987	0.00555	0.00617	0.00185	0.00740	0.00555	0.00308	0.00987
3	0.00894	0.00599	0.00683	0.00695	0.00698	0.00596	0.00394	0.00903	0.00929	0.01239	0.02081	0.09994	0.02414	0.71983	0.02980	0.00576	0.00585	0.00976	0.00394	0.00388
4	0.02795	0.01060	0.01446	0.01109	0.01591	0.00916	0.00916	0.03036	0.01783	0.74648	0.02458	0.02121	0.01542	0.00771	0.00627	0.00193	0.00530	0.00627	0.00771	0.01060
5	0.00909	0.00655	0.00842	0.00792	0.00945	0.00615	0.00595	0.01245	0.03791	0.02497	0.69811	0.04521	0.05644	0.01246	0.00723	0.00195	0.00300	0.01099	0.02976	0.00599
6	0.82504	0.01205	0.00916	0.00819	0.01205	0.01398	0.00675	0.01832	0.01060	0.02795	0.00868	0.01012	0.00675	0.00578	0.00386	0.00193	0.00482	0.00337	0.00386	0.00675
7	0.02327	0.01705	0.01826	0.01404	0.01891	0.01886	0.01159	0.69722	0.02874	0.03872	0.01514	0.01524	0.01078	0.00747	0.00617	0.00186	0.00672	0.00562	0.03391	0.01043
8	0.82504	0.01205	0.00916	0.00819	0.01205	0.01398	0.00675	0.01832	0.01060	0.02795	0.00868	0.01012	0.00675	0.00578	0.00386	0.00193	0.00482	0.00337	0.00386	0.00675
9	0.16279	0.13141	0.01638	0.01052	0.01526	0.01240	0.00898	0.02648	0.01579	0.50938	0.01938	0.01756	0.01278	0.00701	0.00550	0.00184	0.00543	0.00531	0.00626	0.00954
10	0.01212	0.01144	0.01933	0.69497	0.11121	0.01394	0.01748	0.01623	0.01263	0.01635	0.01114	0.01650	0.00846	0.00616	0.00622	0.00205	0.00822	0.00554	0.00280	0.00721
11	0.00784	0.00573	0.00740	0.00841	0.00917	0.00529	0.00586	0.00931	0.01308	0.01738	0.13432	0.56411	0.12331	0.01806	0.00783	0.00242	0.00356	0.04578	0.00593	0.00523
12	0.00736	0.00631	0.00631	0.00631	0.00842	0.00526	0.00473	0.00894	0.01420	0.01683	0.06312	0.05996	0.73964	0.01578	0.00736	0.00210	0.00316	0.01315	0.00579	0.00526
13	0.02453	0.01610	0.01786	0.01369	0.01865	0.01731	0.01131	0.58471	0.02703	0.17915	0.01686	0.01619	0.01155	0.00753	0.00624	0.00188	0.00655	0.00574	0.00653	0.01060
14	0.00865	0.00636	0.00809	0.00766	0.00920	0.00581	0.00574	0.01142	0.01723	0.02402	0.65873	0.04813	0.13954	0.01310	0.00735	0.00198	0.00297	0.01149	0.00673	0.00581
15	0.01214	0.00631	0.00636	0.00618	0.00778	0.00639	0.00468	0.04504	0.01377	0.02392	0.02009	0.02287	0.01574	0.00727	0.00444	0.00147	0.00307	0.00580	0.78067	0.00601
16	0.00890	0.00668	0.01001	0.01001	0.01113	0.00779	0.00779	0.01113	0.01001	0.01446	0.01669	0.02448	0.01558	0.04673	0.75634	0.01001	0.01669	0.00668	0.00334	0.00556
17	0.00906	0.00604	0.00680	0.00680	0.00680	0.00604	0.00378	0.00906	0.00906	0.01208	0.01963	0.04077	0.02265	0.78103	0.03171	0.00604	0.00604	0.00906	0.00378	0.00378
18	0.01345	0.02425	0.50725	0.01488	0.02193	0.01203	0.01778	0.01922	0.01464	0.10265	0.16882	0.02122	0.01966	0.00758	0.00627	0.00197	0.00742	0.00622	0.00411	0.00865
19	0.04172	0.01717	0.06094	0.04274	0.10446	0.01756	0.03558	0.50943	0.02447	0.03341	0.01470	0.04263	0.01126	0.00745	0.00624	0.00191	0.00705	0.00598	0.00537	0.00994
20	0.08726	0.02855	0.60675	0.01686	0.02511	0.01442	0.04981	0.04339	0.01366	0.02130	0.03037	0.01397	0.00929	0.00611	0.00584	0.00197	0.00861	0.00482	0.00300	0.00891
21	0.02327	0.02970	0.01766	0.01605	0.01926	0.75602	0.01204	0.02488	0.01766	0.01525	0.00963	0.01124	0.00803	0.00642	0.00562	0.00161	0.01124	0.00401	0.00321	0.00722
22	0.01944	0.46741	0.02635	0.01293	0.01737	0.33205	0.01124	0.02127	0.01476	0.01491	0.00907	0.01052	0.00801	0.00579	0.00468	0.00145	0.00859	0.00362	0.00289	0.00767
23	0.01082	0.00541	0.00812	0.00812	0.00812	0.00541	0.00541	0.00812	0.00812	0.01082	0.01082	0.01894	0.01082	0.02165	0.02435	0.81872	0.00541	0.00541	0.00271	0.00271
24	0.01082	0.00541	0.00812	0.00812	0.00812	0.00541	0.00541	0.00812	0.00812	0.01082	0.01082	0.01894	0.01082	0.02165	0.02435	0.81872	0.00541	0.00541	0.00271	0.00271
25	0.00905	0.00696	0.01014	0.00924	0.01088	0.00645	0.05537	0.01188	0.01660	0.02332	0.58621	0.15053	0.05281	0.01320	0.00744	0.00205	0.00356	0.01193	0.00645	0.00594
26	0.02162	0.01546	0.01649	0.01287	0.01725	0.01701	0.01056	0.60025	0.02651	0.03652	0.01588	0.01638	0.01152	0.00744	0.00591	0.00180	0.00618	0.00564	0.14494	0.00978
27	0.01542	0.01480	0.02529	0.03824	0.74217	0.01480	0.01912	0.01912	0.01419	0.02036	0.01172	0.01542	0.00987	0.00555	0.00617	0.00185	0.00740	0.00555	0.00308	0.00987
28	0.01363	0.01363	0.01908	0.01636	0.01636	0.01908	0.01363	0.01499	0.00954	0.01499	0.00818	0.01363	0.00818	0.01091	0.02045	0.00273	0.76963	0.00545	0.00273	0.00682
29	0.00736	0.00631	0.00631	0.00631	0.00842	0.00526	0.00473	0.00894	0.01420	0.01683	0.06312	0.05996	0.73964	0.01578	0.00736	0.00210	0.00316	0.01315	0.00579	0.00526
30	0.01542	0.01480	0.02529	0.03824	0.74217	0.01480	0.01912	0.01912	0.01419	0.02036	0.01172	0.01542	0.00987	0.00555	0.00617	0.00185	0.00740	0.00555	0.00308	0.00987
31	0.01427	0.01363	0.02321	0.26722	0.52217	0.01450	0.01855	0.01811	0.01364	0.01896	0.01152	0.01580	0.00938	0.00576	0.00619	0.00192	0.00769	0.00555	0.00298	0.00894
32	0.01292	0.01107	0.01292	0.00923	0.01477	0.00831	0.00738	0.01569	0.01292	0.02030	0.01107	0.01292	0.00923	0.00461	0.00461	0.00092	0.00461	0.00369	0.00369	0.81912
33	0.00744	0.00601	0.00663	0.00713	0.00863	0.00519	0.00510	0.00885	0.01342	0.01651	0.05321	0.30695	0.49905	0.01707	0.00757	0.00225	0.00331	0.01472	0.00579	0.00519
34	0.01194	0.01128	0.01892	0.71935	0.06577	0.01403	0.01726	0.01600	0.01243	0.01604	0.01101	0.01648	0.00835	0.00634	0.00665	0.00209	0.03072	0.00554	0.00278	0.00702
35	0.02368	0.01745	0.01870	0.01434	0.01932	0.01932	0.01184	0.72139	0.02929	0.03927	0.01496	0.01496	0.01060	0.00748	0.00623	0.00187	0.00686	0.00561	0.00623	0.01060
36	0.01550	0.01338	0.01409	0.01268	0.01620	0.01550	0.00986	0.03311	0.73091	0.02606	0.02536	0.02325	0.01902	0.00845	0.00634	0.00211	0.00493	0.00704	0.00634	0.00986
37	0.00866	0.00636	0.00811	0.00767	0.00921	0.00581	0.00576	0.01145	0.01727	0.02411	0.66607	0.04799	0.13215	0.01307	0.00735	0.00198	0.00296	0.01147	0.00674	0.00581
38	0.01522	0.01314	0.01382	0.01246	0.01593	0.01514	0.00969	0.03228	0.70621	0.02575	0.02666	0.02451	0.04386	0.00871	0.00638	0.00211	0.00487	0.00725	0.00632	0.00970
39	0.02152	0.01388	0.01546	0.01243	0.01670	0.01491	0.01008	0.33593	0.19673	0.19070	0.02012	0.01912	0.01421	0.00775	0.00609	0.00190	0.00568	0.00612	0.08068	0.00998
40	0.00773	0.00588	0.00711	0.00774	0.00888	0.00527	0.00545	0.00929	0.01367	0.01777	0.16469	0.41239	0.27742	0.01711	0.00765	0.00229	0.00335	0.01508	0.00597	0.00527
41	0.01666	0.78478	0.03265	0.01066	0.01599	0.02465	0.01066	0.01866	0.01266	0.01466	0.00866	0.00999	0.00800	0.00533	0.00400	0.00133	0.00666	0.00333	0.00267	0.00800
42	0.01082	0.00541	0.00812	0.00812	0.00812	0.00541	0.00541	0.00812	0.00812	0.01082	0.01082	0.01894	0.01082	0.02165	0.02435	0.81872	0.00541	0.00541	0.00271	0.00271
43	0.01363	0.01363	0.01908	0.01636	0.01636	0.01908	0.01363	0.01499	0.00954	0.01499	0.00818	0.01363	0.00818	0.01091	0.02045	0.00273	0.76963	0.00545	0.00273	0.00682
44	0.01292	0.01107	0.01292	0.00923	0.01477	0.00831	0.00738	0.01569	0.01292	0.02030	0.01107	0.01292	0.00923	0.00461	0.00461	0.00092	0.00461	0.00369	0.00369	0.81912
45	0.02208	0.16615	0.02037	0.01508	0.01867	0.62386	0.01179	0.02376	0.01675	0.01514	0.00946	0.01101	0.00802	0.00622	0.00533	0.00156	0.01041	0.00389	0.00311	0.00736
46	0.02327	0.02970	0.01766	0.01605	0.01926	0.75602	0.01204	0.02488	0.01766	0.01525	0.00963	0.01124	0.00803	0.00642	0.00562	0.00161	0.01124	0.00401	0.00321	0.00722
47	0.01084	0.00921	0.01332	0.01702	0.22129	0.00910	0.01007	0.01434	0.05530	0.02001	0.19521	0.07407	0.16991	0.03277	0.07571	0.00288	0.00591	0.05101	0.00502	0.00701
48	0.00782	0.00577	0.00732	0.00812	0.00900	0.00527	0.00564	0.00938	0.01351	0.01800	0.19005	0.50680	0.15550	0.01747	0.00773	0.00234	0.00340	0.01561	0.00601	0.00527
49	0.00759	0.00542	0.00723	0.00868	0.00904	0.00506	0.00578	0.00868	0.01193	0.01591	0.03434	0.77697	0.04121	0.01952	0.00795	0.00253	0.00361	0.01771	0.00578	0.00506

[dist]
# distance from previous block
# <min> <max>
0	8

[block]
# block no. 4 follows, 36 sequences, length 16
# corresponding to MSA columns:
# 197-212
name=unknown_E
#
# <colnr> <probs for GDERKNQSTAVLIFYWHMCP>
#	G	D	E	R	K	N	Q	S	T	A	V	L	I	F	Y	W	H	M	C	P
0	0.00922	0.00681	0.00867	0.00825	0.00979	0.00652	0.00616	0.01310	0.06895	0.02445	0.63955	0.09422	0.05472	0.01289	0.00732	0.00201	0.00313	0.01140	0.00675	0.00611
1	0.01177	0.01107	0.01869	0.76606	0.04291	0.01384	0.01730	0.01592	0.01246	0.01592	0.01107	0.01661	0.00831	0.00623	0.00623	0.00208	0.00831	0.00554	0.00277	0.00692
2	0.00860	0.00630	0.00807	0.00775	0.00921	0.00577	0.00577	0.01129	0.01693	0.02361	0.62841	0.09715	0.12093	0.01348	0.00739	0.00201	0.00301	0.01188	0.00669	0.00577
3	0.00903	0.00615	0.00734	0.00734	0.00753	0.00634	0.00446	0.00941	0.00922	0.01248	0.01913	0.03801	0.02145	0.65661	0.15450	0.00671	0.00784	0.00866	0.00370	0.00408
4	0.06089	0.01720	0.01826	0.01405	0.01898	0.01907	0.01161	0.68875	0.02843	0.03874	0.01467	0.01473	0.01042	0.00740	0.00612	0.00187	0.00676	0.00551	0.00612	0.01042
5	0.08260	0.01070	0.01410	0.01089	0.01564	0.00949	0.00899	0.02954	0.01734	0.69723	0.02349	0.02045	0.01483	0.00758	0.00610	0.00193	0.00527	0.00607	0.00745	0.01034
6	0.00883	0.00637	0.00877	0.00891	0.00961	0.00700	0.00638	0.01027	0.00990	0.01387	0.01922	0.09906	0.02011	0.26882	0.46547	0.00811	0.01222	0.00843	0.00370	0.00497
7	0.00986	0.00676	0.00789	0.00747	0.00959	0.00590	0.00574	0.01202	0.01568	0.08708	0.28124	0.05238	0.41845	0.01409	0.00731	0.00207	0.00339	0.04076	0.00632	0.00598
8	0.01612	0.01521	0.02400	0.08823	0.60624	0.03738	0.01814	0.08080	0.01549	0.02154	0.01189	0.01534	0.00976	0.00580	0.00616	0.00186	0.00753	0.00551	0.00334	0.00964
9	0.01499	0.53468	0.22506	0.01247	0.01855	0.02073	0.01372	0.01835	0.01275	0.01611	0.01087	0.05642	0.00994	0.00633	0.00475	0.00158	0.00717	0.00453	0.00284	0.00815
10	0.00808	0.00644	0.00734	0.00766	0.00945	0.00570	0.00599	0.01004	0.01449	0.01808	0.13313	0.10308	0.47912	0.01594	0.00765	0.00227	0.00367	0.15055	0.00590	0.00541
11	0.01314	0.14879	0.63783	0.01666	0.02527	0.01605	0.02111	0.01957	0.01308	0.01895	0.01079	0.01267	0.00791	0.00583	0.00562	0.00187	0.00881	0.00441	0.00264	0.00902
12	0.08950	0.24571	0.27343	0.01807	0.11485	0.01737	0.09327	0.01909	0.01307	0.01913	0.01043	0.01263	0.00829	0.00557	0.00531	0.00174	0.00780	0.00451	0.00291	0.03731
13	0.01934	0.06981	0.01919	0.01383	0.01843	0.04895	0.10247	0.16445	0.04629	0.18721	0.03678	0.02015	0.01407	0.00747	0.00664	0.00182	0.03498	0.04642	0.00522	0.13650
14	0.01544	0.08616	0.01576	0.01074	0.01582	0.14426	0.00865	0.03836	0.01423	0.01943	0.01071	0.01241	0.00894	0.00509	0.00478	0.00111	0.00606	0.00377	0.00358	0.57469
15	0.18999	0.06155	0.12361	0.01186	0.01697	0.01414	0.02879	0.15716	0.07910	0.03981	0.01757	0.01810	0.07724	0.00711	0.00543	0.00177	0.00596	0.00543	0.00450	0.13390

[dist]
# distance from previous block
# <min> <max>
0	1

[block]
# block no. 5 follows, 36 sequences, length 6
# corresponding to MSA columns:
# 214-219
name=unknown_F
#
# <colnr> <probs for GDERKNQSTAVLIFYWHMCP>
#	G	D	E	R	K	N	Q	S	T	A	V	L	I	F	Y	W	H	M	C	P
0	0.08855	0.05440	0.01522	0.01111	0.01583	0.04879	0.03149	0.07652	0.11929	0.08462	0.04347	0.01627	0.01294	0.00624	0.00528	0.00148	0.00548	0.00494	0.00467	0.35340
1	0.13108	0.01553	0.01481	0.01252	0.01645	0.07841	0.00998	0.26294	0.29296	0.02974	0.01791	0.01760	0.01336	0.00751	0.00579	0.00193	0.00599	0.00572	0.05053	0.00923
2	0.01550	0.01246	0.04408	0.03982	0.10364	0.01065	0.01029	0.10485	0.01625	0.09830	0.11258	0.01907	0.01681	0.00662	0.00565	0.00148	0.00538	0.00556	0.00471	0.36631
3	0.01082	0.00541	0.00812	0.00812	0.00812	0.00541	0.00541	0.00812	0.00812	0.01082	0.01082	0.01894	0.01082	0.02165	0.02435	0.81872	0.00541	0.00541	0.00271	0.00271
4	0.68857	0.01138	0.00928	0.00821	0.01193	0.01286	0.00673	0.01894	0.01140	0.08509	0.01099	0.01218	0.00827	0.00607	0.00409	0.00189	0.00469	0.00382	0.07664	0.00697
5	0.01931	0.01639	0.01885	0.01759	0.11584	0.11985	0.06215	0.20782	0.09477	0.09740	0.03523	0.01836	0.01324	0.00741	0.00691	0.00188	0.04485	0.02581	0.00496	0.07138

[dist]
# distance from previous block
# <min> <max>
0	4

[block]
# block no. 6 follows, 36 sequences, length 14
# corresponding to MSA columns:
# 224-237
name=unknown_G
#
# <colnr> <probs for GDERKNQSTAVLIFYWHMCP>
#	G	D	E	R	K	N	Q	S	T	A	V	L	I	F	Y	W	H	M	C	P
0	0.05398	0.01463	0.02160	0.11413	0.42612	0.01538	0.01609	0.16875	0.03564	0.02437	0.01253	0.01532	0.00991	0.00609	0.00603	0.00185	0.00710	0.00543	0.00386	0.04120
1	0.04935	0.01359	0.01503	0.01505	0.09414	0.08558	0.01088	0.20707	0.04836	0.10421	0.04931	0.10424	0.02091	0.01049	0.00676	0.00213	0.00632	0.14274	0.00555	0.00831
2	0.01825	0.01440	0.01535	0.01209	0.01673	0.08156	0.02724	0.16654	0.13661	0.11385	0.04547	0.01738	0.01381	0.00674	0.00571	0.00157	0.00591	0.00539	0.00522	0.29020
3	0.00758	0.00547	0.00718	0.00855	0.00900	0.00507	0.00573	0.00869	0.01205	0.01596	0.03590	0.73806	0.07911	0.01932	0.00792	0.00251	0.00359	0.01746	0.00578	0.00507
4	0.82504	0.01205	0.00916	0.00819	0.01205	0.01398	0.00675	0.01832	0.01060	0.02795	0.00868	0.01012	0.00675	0.00578	0.00386	0.00193	0.00482	0.00337	0.00386	0.00675
5	0.01667	0.01700	0.02321	0.01830	0.02272	0.12550	0.27353	0.02631	0.31349	0.04331	0.01768	0.01869	0.01336	0.00703	0.00709	0.00205	0.03398	0.00663	0.00461	0.00885
6	0.00852	0.00623	0.00816	0.00942	0.01023	0.00605	0.00689	0.01082	0.04791	0.01704	0.03451	0.56063	0.06092	0.01835	0.00800	0.00257	0.00414	0.16836	0.00580	0.00545
7	0.00838	0.00595	0.00792	0.00915	0.00978	0.00570	0.00664	0.00987	0.01249	0.01659	0.06172	0.50585	0.03890	0.08956	0.01030	0.00292	0.00433	0.18318	0.00563	0.00514
8	0.02396	0.01115	0.04743	0.01102	0.01551	0.00926	0.00937	0.02742	0.05268	0.57699	0.12355	0.02447	0.02130	0.00837	0.00640	0.00194	0.00513	0.00692	0.00729	0.00984
9	0.01288	0.10228	0.68209	0.01710	0.02594	0.01542	0.02187	0.01963	0.01311	0.01926	0.01095	0.01286	0.00790	0.00586	0.00574	0.00191	0.00897	0.00449	0.00263	0.00910
10	0.00906	0.00604	0.00680	0.00680	0.00680	0.00604	0.00378	0.00906	0.00906	0.01208	0.01963	0.04077	0.02265	0.78103	0.03171	0.00604	0.00604	0.00906	0.00378	0.00378
11	0.01549	0.01260	0.01742	0.04900	0.12746	0.01213	0.07831	0.14501	0.04469	0.04717	0.04043	0.01858	0.03739	0.00656	0.00576	0.00160	0.00593	0.00574	0.07996	0.24878
12	0.02330	0.02899	0.01772	0.01595	0.01927	0.71373	0.01203	0.06486	0.01832	0.01663	0.00994	0.01145	0.00817	0.00648	0.00565	0.00162	0.01098	0.00410	0.00338	0.00742
13	0.02282	0.01618	0.01763	0.01367	0.01852	0.01759	0.01123	0.56317	0.09671	0.10030	0.01668	0.01625	0.01180	0.00748	0.00618	0.00186	0.00644	0.00573	0.00627	0.04349

[dist]
# distance from previous block
# <min> <max>
2	7

[block]
# block no. 7 follows, 36 sequences, length 27
# corresponding to MSA columns:
# 245-271
name=unknown_H
#
# <colnr> <probs for GDERKNQSTAVLIFYWHMCP>
#	G	D	E	R	K	N	Q	S	T	A	V	L	I	F	Y	W	H	M	C	P
0	0.82504	0.01205	0.00916	0.00819	0.01205	0.01398	0.00675	0.01832	0.01060	0.02795	0.00868	0.01012	0.00675	0.00578	0.00386	0.00193	0.00482	0.00337	0.00386	0.00675
1	0.01082	0.00541	0.00812	0.00812	0.00812	0.00541	0.00541	0.00812	0.00812	0.01082	0.01082	0.01894	0.01082	0.02165	0.02435	0.81872	0.00541	0.00541	0.00271	0.00271
2	0.00809	0.00634	0.00731	0.00707	0.00886	0.00557	0.00530	0.01034	0.01591	0.02089	0.39926	0.05329	0.40097	0.01427	0.00736	0.00203	0.00305	0.01221	0.00632	0.00557
3	0.01500	0.01595	0.01883	0.07373	0.01885	0.13424	0.01366	0.01662	0.01104	0.01511	0.00863	0.01348	0.00816	0.00984	0.01703	0.00250	0.59240	0.00523	0.00281	0.00689
4	0.12731	0.12692	0.01936	0.01314	0.01789	0.07701	0.01102	0.47506	0.02358	0.03241	0.01283	0.01333	0.00952	0.00687	0.00556	0.00178	0.00691	0.00487	0.00518	0.00946
5	0.00882	0.00637	0.00833	0.00784	0.00931	0.00588	0.00588	0.01176	0.01764	0.02499	0.73888	0.04654	0.05879	0.01274	0.00735	0.00196	0.00294	0.01127	0.00686	0.00588
6	0.02411	0.01562	0.01724	0.03524	0.01882	0.04564	0.01113	0.46707	0.02493	0.22961	0.03548	0.01735	0.01295	0.00760	0.00625	0.00188	0.00655	0.00586	0.00643	0.01024
7	0.00906	0.00604	0.00680	0.00680	0.00680	0.00604	0.00378	0.00906	0.00906	0.01208	0.01963	0.04077	0.02265	0.78103	0.03171	0.00604	0.00604	0.00906	0.00378	0.00378
8	0.02307	0.01686	0.01804	0.01390	0.01871	0.01864	0.01146	0.68548	0.02847	0.03845	0.01523	0.01538	0.01087	0.00747	0.00614	0.00185	0.00666	0.00562	0.04735	0.01035
9	0.12828	0.01246	0.01513	0.01216	0.03948	0.01176	0.04555	0.15212	0.01683	0.16096	0.03182	0.03906	0.01248	0.00661	0.00548	0.00159	0.00552	0.00535	0.00504	0.29230
10	0.01620	0.57714	0.02637	0.01009	0.01456	0.05805	0.00955	0.03601	0.01341	0.01696	0.01111	0.01273	0.00960	0.00581	0.00421	0.00138	0.00618	0.00390	0.15914	0.00760
11	0.82504	0.01205	0.00916	0.00819	0.01205	0.01398	0.00675	0.01832	0.01060	0.02795	0.00868	0.01012	0.00675	0.00578	0.00386	0.00193	0.00482	0.00337	0.00386	0.00675
12	0.04348	0.07503	0.01807	0.01503	0.01853	0.56547	0.01156	0.06681	0.09481	0.01815	0.01156	0.01265	0.00933	0.00662	0.00558	0.00167	0.00983	0.00437	0.00371	0.00775
13	0.01454	0.01390	0.02369	0.21462	0.57271	0.01457	0.01868	0.01835	0.01377	0.01928	0.01156	0.01571	0.00949	0.00572	0.00618	0.00191	0.00762	0.00555	0.00301	0.00915
14	0.00807	0.00620	0.00739	0.00740	0.00893	0.00551	0.00543	0.01020	0.01543	0.02046	0.37156	0.16832	0.31263	0.01497	0.00745	0.00211	0.00313	0.01301	0.00628	0.00551
15	0.01475	0.00673	0.00747	0.00682	0.00892	0.00645	0.00528	0.01756	0.01398	0.16189	0.02114	0.02284	0.01587	0.00735	0.00472	0.00154	0.00336	0.00590	0.66073	0.00673
16	0.01082	0.00541	0.00812	0.00812	0.00812	0.00541	0.00541	0.00812	0.00812	0.01082	0.01082	0.01894	0.01082	0.02165	0.02435	0.81872	0.00541	0.00541	0.00271	0.00271
17	0.00897	0.00659	0.00843	0.00793	0.00949	0.00616	0.00596	0.01232	0.03991	0.02469	0.68932	0.04635	0.08487	0.01273	0.00732	0.00197	0.00301	0.01121	0.00680	0.00598
18	0.40850	0.01202	0.01185	0.00977	0.01385	0.01288	0.00802	0.13896	0.01586	0.21837	0.01495	0.01502	0.01050	0.00671	0.00493	0.00188	0.00512	0.00473	0.07778	0.00832
19	0.01336	0.01319	0.01904	0.01635	0.01675	0.01788	0.04395	0.01502	0.01019	0.01554	0.01059	0.01883	0.01071	0.01122	0.01882	0.00271	0.66844	0.06760	0.00301	0.00679
20	0.01738	0.55536	0.02717	0.01146	0.01586	0.17782	0.01034	0.01912	0.01340	0.01455	0.00985	0.01301	0.00931	0.07485	0.00682	0.00181	0.00758	0.00399	0.00288	0.00746
21	0.02310	0.01685	0.01814	0.01407	0.01892	0.01863	0.01157	0.63583	0.09157	0.06273	0.01622	0.01592	0.01152	0.00757	0.00624	0.00189	0.00663	0.00576	0.00629	0.01053
22	0.02107	0.01436	0.01560	0.01244	0.01665	0.01564	0.01012	0.44398	0.12426	0.10631	0.01823	0.01805	0.01311	0.00761	0.00596	0.00184	0.00581	0.00591	0.13332	0.00974
23	0.00833	0.00708	0.00834	0.00942	0.07411	0.00622	0.00621	0.01032	0.01477	0.01851	0.17129	0.05374	0.56084	0.01436	0.00725	0.00206	0.00350	0.01216	0.00572	0.00577
24	0.01740	0.01601	0.01245	0.01131	0.01398	0.25960	0.00880	0.12946	0.04126	0.02276	0.01720	0.02212	0.01434	0.00794	0.00552	0.00172	0.00664	0.06725	0.31707	0.00716
25	0.00901	0.00705	0.00935	0.01048	0.07473	0.00651	0.00700	0.01150	0.01576	0.02140	0.40654	0.12650	0.20774	0.01375	0.00738	0.00209	0.00361	0.04752	0.00610	0.00600
26	0.04711	0.00991	0.01311	0.01042	0.01453	0.00884	0.00848	0.02651	0.03739	0.56667	0.16166	0.02582	0.02362	0.00864	0.00641	0.00194	0.00482	0.00717	0.00740	0.00956

[dist]
# distance from previous block
# <min> <max>
3	10

[block]
# block no. 8 follows, 36 sequences, length 38
# corresponding to MSA columns:
# 282-319
name=unknown_I
#
# <colnr> <probs for GDERKNQSTAVLIFYWHMCP>
#	G	D	E	R	K	N	Q	S	T	A	V	L	I	F	Y	W	H	M	C	P
0	0.07855	0.03997	0.01485	0.01176	0.01549	0.09684	0.04178	0.04632	0.12338	0.26258	0.17698	0.02431	0.02329	0.00843	0.00623	0.00191	0.00571	0.00693	0.00609	0.00859
1	0.00984	0.00708	0.00901	0.00825	0.01020	0.00647	0.00630	0.01317	0.03938	0.04357	0.60029	0.04376	0.07204	0.01209	0.00712	0.00192	0.00329	0.03245	0.00656	0.06719
2	0.01070	0.00922	0.01131	0.03651	0.01315	0.02739	0.04047	0.03267	0.10065	0.01937	0.14751	0.06555	0.24620	0.08523	0.02466	0.00269	0.05891	0.05623	0.00529	0.00631
3	0.01383	0.01318	0.02241	0.35600	0.43688	0.01438	0.01833	0.01772	0.01343	0.01842	0.01144	0.01594	0.00919	0.00585	0.00619	0.00195	0.00780	0.00555	0.00295	0.00858
4	0.00867	0.00619	0.00849	0.00896	0.00982	0.00601	0.02818	0.01042	0.01286	0.01818	0.13229	0.51290	0.03805	0.01725	0.03176	0.00255	0.02118	0.01435	0.10646	0.00543
5	0.01247	0.01147	0.01916	0.31639	0.30807	0.01269	0.01578	0.01594	0.01273	0.01743	0.01380	0.07075	0.01231	0.01295	0.11848	0.00321	0.00888	0.00657	0.00319	0.00774
6	0.01550	0.01338	0.01409	0.01268	0.01620	0.01550	0.00986	0.03311	0.73091	0.02606	0.02536	0.02325	0.01902	0.00845	0.00634	0.00211	0.00493	0.00704	0.00634	0.00986
7	0.06808	0.05679	0.53827	0.01586	0.02372	0.01420	0.03833	0.04382	0.01376	0.04382	0.01392	0.01541	0.04218	0.00639	0.00578	0.00191	0.00818	0.00499	0.00321	0.04139
8	0.01044	0.00869	0.01258	0.01147	0.01227	0.01055	0.03633	0.01210	0.00995	0.01453	0.01509	0.02487	0.01498	0.19221	0.36481	0.00677	0.20551	0.00688	0.02435	0.00562
9	0.00759	0.00542	0.00723	0.00868	0.00904	0.00506	0.00578	0.00868	0.01193	0.01591	0.03434	0.77697	0.04121	0.01952	0.00795	0.00253	0.00361	0.01771	0.00578	0.00506
10	0.01292	0.01107	0.01292	0.00923	0.01477	0.00831	0.00738	0.01569	0.01292	0.02030	0.01107	0.01292	0.00923	0.00461	0.00461	0.00092	0.00461	0.00369	0.00369	0.81912
11	0.00906	0.00604	0.00680	0.00680	0.00680	0.00604	0.00378	0.00906	0.00906	0.01208	0.01963	0.04077	0.02265	0.78103	0.03171	0.00604	0.00604	0.00906	0.00378	0.00378
12	0.00856	0.00670	0.00852	0.03128	0.03449	0.02878	0.00678	0.00984	0.01216	0.01597	0.03166	0.66554	0.03749	0.04338	0.00857	0.00259	0.00424	0.03269	0.00546	0.00531
13	0.09809	0.04300	0.01691	0.04068	0.01815	0.09677	0.03413	0.36100	0.04357	0.07464	0.01485	0.01561	0.01089	0.00703	0.00569	0.00181	0.00671	0.00530	0.09618	0.00900
14	0.01172	0.00629	0.00651	0.00641	0.00795	0.00636	0.00481	0.03276	0.03100	0.02344	0.04980	0.05890	0.01879	0.00808	0.00474	0.00155	0.00309	0.00660	0.70519	0.00600
15	0.01103	0.01331	0.14814	0.01134	0.03792	0.03299	0.01005	0.04462	0.08428	0.02182	0.25863	0.06623	0.21218	0.01143	0.00687	0.00202	0.00496	0.00969	0.00544	0.00706
16	0.01082	0.00541	0.00812	0.00812	0.00812	0.00541	0.00541	0.00812	0.00812	0.01082	0.01082	0.01894	0.01082	0.02165	0.02435	0.81872	0.00541	0.00541	0.00271	0.00271
