[name]
unknown

[dist]
# distance from previous block
# <min> <max>
0	16

[block]
# block no. 0 follows, 30 sequences, length 23
# corresponding to MSA columns:
# 237-250,252-260
name=unknown_A
#
# <colnr> <probs for GDERKNQSTAVLIFYWHMCP>
#	G	D	E	R	K	N	Q	S	T	A	V	L	I	F	Y	W	H	M	C	P
0	0.01841	0.19464	0.24284	0.01660	0.02279	0.17782	0.04116	0.02269	0.01628	0.05641	0.01580	0.02312	0.01384	0.00847	0.00657	0.00210	0.00945	0.09812	0.00392	0.00900
1	0.01306	0.22850	0.05460	0.01017	0.01400	0.06872	0.00905	0.01529	0.01534	0.01797	0.04230	0.04199	0.37393	0.03043	0.03387	0.00248	0.00636	0.00987	0.00491	0.00716
2	0.00852	0.00708	0.00745	0.00736	0.00959	0.00601	0.00552	0.01054	0.01655	0.02038	0.17728	0.06464	0.60086	0.01710	0.00824	0.00233	0.00349	0.01437	0.00668	0.00601
3	0.13322	0.26669	0.31755	0.01517	0.02258	0.05033	0.01708	0.02248	0.01468	0.06520	0.01206	0.01356	0.00923	0.00654	0.00560	0.00195	0.00848	0.00458	0.00355	0.00947
4	0.01866	0.75896	0.03657	0.01194	0.01791	0.02761	0.01194	0.02090	0.01418	0.01642	0.00970	0.01119	0.00896	0.00597	0.00448	0.00149	0.00746	0.00373	0.00299	0.00896
5	0.00852	0.00703	0.00715	0.00715	0.00917	0.00601	0.00515	0.01003	0.01509	0.01810	0.06380	0.06412	0.61178	0.12193	0.01210	0.00298	0.00399	0.01408	0.00616	0.00566
6	0.12575	0.03290	0.61841	0.01837	0.02784	0.01613	0.02320	0.02188	0.01433	0.02340	0.01213	0.01425	0.00866	0.00661	0.00630	0.00220	0.00962	0.00496	0.00314	0.00992
7	0.01866	0.75896	0.03657	0.01194	0.01791	0.02761	0.01194	0.02090	0.01418	0.01642	0.00970	0.01119	0.00896	0.00597	0.00448	0.00149	0.00746	0.00373	0.00299	0.00896
8	0.00869	0.00633	0.00786	0.00900	0.00966	0.00586	0.00597	0.00983	0.01331	0.01737	0.04128	0.54148	0.14896	0.12486	0.01257	0.00331	0.00435	0.01765	0.00616	0.00550
9	0.00880	0.00698	0.00791	0.00791	0.00982	0.00609	0.00584	0.01099	0.01685	0.02166	0.27094	0.13834	0.42906	0.01705	0.00832	0.00236	0.00351	0.01462	0.00686	0.00609
10	0.02388	0.01706	0.02018	0.01727	0.06543	0.01840	0.03750	0.38925	0.15847	0.12551	0.02071	0.04050	0.01528	0.00878	0.00711	0.00218	0.00712	0.00715	0.00685	0.01139
11	0.02245	0.01730	0.04795	0.01713	0.08528	0.01729	0.01307	0.41814	0.02600	0.08721	0.02141	0.06030	0.05903	0.00922	0.00702	0.00208	0.00706	0.00742	0.00634	0.06831
12	0.06732	0.11239	0.11826	0.02084	0.02673	0.08409	0.31396	0.02075	0.01554	0.02102	0.01621	0.11973	0.01484	0.00841	0.00722	0.00223	0.00962	0.00828	0.00386	0.00869
13	0.01866	0.75896	0.03657	0.01194	0.01791	0.02761	0.01194	0.02090	0.01418	0.01642	0.00970	0.01119	0.00896	0.00597	0.00448	0.00149	0.00746	0.00373	0.00299	0.00896
14	0.00883	0.00716	0.00795	0.00799	0.01007	0.00611	0.00586	0.01073	0.01575	0.01991	0.13487	0.20348	0.45907	0.01746	0.00821	0.00236	0.00370	0.01496	0.00649	0.04903
15	0.01692	0.09732	0.02075	0.02080	0.19911	0.01700	0.01336	0.06323	0.31101	0.02673	0.11774	0.02527	0.02303	0.00884	0.00691	0.00215	0.00627	0.00757	0.00576	0.01023
16	0.01396	0.01182	0.01390	0.01016	0.01586	0.00900	0.00808	0.01708	0.01506	0.02332	0.08974	0.01866	0.01651	0.00618	0.00551	0.00116	0.00496	0.00508	0.00453	0.70943
17	0.10529	0.01527	0.02341	0.12783	0.43647	0.01593	0.01788	0.06436	0.01650	0.06206	0.01576	0.01892	0.03614	0.00704	0.00669	0.00213	0.00776	0.00630	0.00412	0.01013
18	0.01382	0.10605	0.46830	0.09737	0.02809	0.01598	0.02089	0.02023	0.01530	0.02185	0.11052	0.02008	0.01697	0.00768	0.00667	0.00214	0.00891	0.00618	0.00364	0.00936
19	0.01437	0.09605	0.02372	0.55888	0.13851	0.01700	0.01884	0.01868	0.01425	0.01838	0.01220	0.01759	0.00951	0.00676	0.00669	0.00220	0.00895	0.00593	0.00314	0.00835
20	0.01130	0.00914	0.01440	0.01596	0.11164	0.00994	0.03809	0.01383	0.01195	0.01703	0.01816	0.02808	0.01732	0.13860	0.50207	0.00895	0.01532	0.00769	0.00376	0.00678
21	0.06399	0.01818	0.08398	0.03591	0.04907	0.06281	0.01398	0.20392	0.02018	0.17760	0.01750	0.05728	0.01363	0.00938	0.00970	0.00232	0.13814	0.00679	0.00563	0.01002
22	0.02410	0.02293	0.01951	0.09661	0.02378	0.29655	0.01353	0.24338	0.06971	0.07672	0.01555	0.01676	0.01164	0.00910	0.02726	0.00229	0.00983	0.00577	0.00525	0.00971

[dist]
# distance from previous block
# <min> <max>
1	2

[block]
# block no. 1 follows, 30 sequences, length 12
# corresponding to MSA columns:
# 263-274
name=unknown_B
#
# <colnr> <probs for GDERKNQSTAVLIFYWHMCP>
#	G	D	E	R	K	N	Q	S	T	A	V	L	I	F	Y	W	H	M	C	P
0	0.04842	0.08818	0.02034	0.01717	0.05783	0.37696	0.01277	0.08392	0.04715	0.07359	0.01397	0.01642	0.01141	0.04004	0.03132	0.00243	0.03947	0.00539	0.00439	0.00882
1	0.01114	0.00954	0.00996	0.00938	0.01131	0.07309	0.00704	0.01407	0.01919	0.02564	0.55011	0.05066	0.15440	0.01411	0.00805	0.00218	0.00419	0.01218	0.00713	0.00662
2	0.01627	0.01398	0.01713	0.07654	0.12340	0.01547	0.01257	0.08395	0.36507	0.02701	0.05007	0.06359	0.08419	0.01021	0.00728	0.00231	0.00610	0.00874	0.00615	0.00996
3	0.00976	0.00749	0.00985	0.07604	0.01363	0.00727	0.00748	0.01251	0.01712	0.02327	0.40425	0.12367	0.16986	0.05189	0.03261	0.00281	0.00463	0.01287	0.00662	0.00635
4	0.01363	0.01274	0.02093	0.61463	0.09862	0.01502	0.01852	0.01809	0.01416	0.01868	0.01246	0.01811	0.00954	0.00675	0.00680	0.00219	0.00884	0.00601	0.00322	0.08106
5	0.08868	0.01315	0.01574	0.01219	0.01744	0.01232	0.00996	0.12788	0.04546	0.36488	0.05500	0.02136	0.01686	0.00806	0.00650	0.00194	0.00586	0.00639	0.00706	0.16326
6	0.01555	0.01467	0.02476	0.22977	0.47317	0.01547	0.01965	0.01977	0.01568	0.02186	0.06948	0.02047	0.01504	0.00708	0.00703	0.00215	0.00816	0.00673	0.00370	0.00979
7	0.01611	0.01524	0.02481	0.17255	0.46315	0.01635	0.01931	0.02145	0.07096	0.02221	0.03855	0.01936	0.01338	0.00725	0.00787	0.00220	0.04879	0.00657	0.00381	0.01007
8	0.01613	0.01507	0.02367	0.23480	0.35877	0.04493	0.03388	0.02006	0.01563	0.04442	0.05598	0.02113	0.03410	0.00765	0.00782	0.00221	0.04367	0.00684	0.00385	0.00940
9	0.04060	0.06979	0.06395	0.04806	0.27806	0.01692	0.12356	0.06042	0.04363	0.03711	0.05679	0.01980	0.01472	0.00967	0.04432	0.00263	0.04931	0.00677	0.00413	0.00976
10	0.05689	0.05265	0.04532	0.02659	0.25993	0.05416	0.15847	0.05850	0.01702	0.03736	0.06900	0.04004	0.05426	0.00818	0.00761	0.00217	0.03047	0.00758	0.00434	0.00945
11	0.04371	0.14724	0.19904	0.05983	0.06696	0.06127	0.01538	0.06624	0.04585	0.07213	0.06833	0.02344	0.08498	0.00857	0.00655	0.00207	0.00775	0.00677	0.00462	0.00928

[dist]
# distance from previous block
# <min> <max>
2	17

[block]
# block no. 2 follows, 30 sequences, length 34
# corresponding to MSA columns:
# 292-307,316-333
name=unknown_C
#
# <colnr> <probs for GDERKNQSTAVLIFYWHMCP>
#	G	D	E	R	K	N	Q	S	T	A	V	L	I	F	Y	W	H	M	C	P
0	0.01626	0.02536	0.34840	0.04052	0.06208	0.06116	0.10381	0.02253	0.03839	0.07613	0.06463	0.04211	0.01556	0.00776	0.00700	0.00216	0.00908	0.00677	0.00417	0.04612
1	0.01528	0.01555	0.08929	0.06529	0.24062	0.01302	0.01484	0.02037	0.06769	0.04221	0.03582	0.02131	0.03289	0.04713	0.03152	0.00239	0.00741	0.00634	0.00425	0.22677
2	0.01528	0.04277	0.10899	0.01754	0.12170	0.01366	0.03134	0.07954	0.10924	0.02493	0.06969	0.05109	0.09364	0.00901	0.00678	0.00196	0.00649	0.00767	0.00506	0.18363
3	0.01311	0.01062	0.03579	0.00985	0.01302	0.02832	0.00791	0.05930	0.04187	0.08143	0.15211	0.10985	0.32838	0.01431	0.00776	0.00223	0.00469	0.01206	0.00654	0.06084
4	0.01266	0.00941	0.01308	0.01203	0.01403	0.00950	0.03964	0.03766	0.01436	0.06519	0.05128	0.34864	0.03011	0.04411	0.09497	0.00364	0.07985	0.01271	0.00553	0.10161
5	0.10028	0.08768	0.21793	0.01937	0.06061	0.04893	0.11503	0.19523	0.01978	0.05077	0.01377	0.01554	0.01016	0.00697	0.00655	0.00211	0.00894	0.00572	0.00446	0.01018
6	0.02449	0.01989	0.06637	0.01592	0.02157	0.02045	0.01370	0.57673	0.07474	0.04098	0.04234	0.01851	0.01425	0.00855	0.00701	0.00212	0.00755	0.00654	0.00675	0.01152
7	0.01169	0.01196	0.05647	0.01019	0.01280	0.08128	0.00831	0.01524	0.04219	0.02381	0.38885	0.04808	0.20782	0.04015	0.00887	0.00236	0.00497	0.01155	0.00652	0.00689
8	0.00862	0.00708	0.00759	0.00746	0.00966	0.00605	0.00560	0.01074	0.01680	0.02096	0.21795	0.06368	0.55982	0.01689	0.00824	0.00232	0.00348	0.01424	0.00676	0.00605
9	0.01497	0.01270	0.01474	0.01057	0.01675	0.00982	0.00848	0.04554	0.01524	0.02363	0.01258	0.01457	0.01040	0.00530	0.00524	0.00108	0.00527	0.00422	0.00425	0.76464
10	0.76142	0.01471	0.04848	0.00975	0.01440	0.01568	0.00854	0.02060	0.01203	0.03081	0.00987	0.01152	0.00763	0.00649	0.00444	0.00216	0.00566	0.00385	0.00424	0.00771
11	0.01778	0.01520	0.01602	0.01429	0.01831	0.01755	0.01115	0.06715	0.66786	0.02987	0.02786	0.02561	0.02087	0.00942	0.00710	0.00235	0.00562	0.00782	0.00710	0.01108
12	0.06805	0.01847	0.03915	0.02809	0.03497	0.01752	0.64146	0.02223	0.01617	0.02294	0.01383	0.01833	0.01039	0.00592	0.00798	0.00234	0.01135	0.00794	0.00358	0.00929
13	0.01665	0.01502	0.02024	0.04453	0.26977	0.01647	0.01488	0.04650	0.32216	0.02551	0.02434	0.02501	0.06998	0.00898	0.00797	0.00229	0.04628	0.00763	0.00540	0.01039
14	0.00874	0.00709	0.00776	0.00759	0.00973	0.00610	0.00569	0.01097	0.01708	0.02163	0.26441	0.06259	0.51294	0.01664	0.00824	0.00231	0.00346	0.01409	0.00685	0.00610
15	0.00999	0.00740	0.01083	0.01083	0.01194	0.00851	0.00824	0.01221	0.01110	0.01591	0.01905	0.02939	0.01830	0.12818	0.65243	0.01073	0.01740	0.00777	0.00379	0.00601
16	0.00976	0.00741	0.00908	0.00899	0.01083	0.00686	0.00688	0.01307	0.04020	0.02431	0.41018	0.09773	0.22821	0.01596	0.00839	0.00239	0.00380	0.08232	0.00715	0.00648
17	0.01727	0.01658	0.02832	0.04283	0.71123	0.01658	0.02142	0.02142	0.01589	0.02280	0.01313	0.01727	0.01105	0.00622	0.00691	0.00207	0.00829	0.00622	0.00345	0.01105
18	0.01736	0.01499	0.01578	0.01420	0.01815	0.01736	0.01105	0.03708	0.69862	0.02919	0.02840	0.02604	0.02130	0.00947	0.00710	0.00237	0.00552	0.00789	0.00710	0.01105
19	0.01212	0.00606	0.00909	0.00909	0.00909	0.00606	0.00606	0.00909	0.00909	0.01212	0.01212	0.02121	0.01212	0.02424	0.02727	0.79697	0.00606	0.00606	0.00303	0.00303
20	0.80405	0.01350	0.01026	0.00918	0.01350	0.01565	0.00756	0.02051	0.01188	0.03131	0.00972	0.01134	0.00756	0.00648	0.00432	0.00216	0.00540	0.00378	0.00432	0.00756
21	0.01301	0.00650	0.00650	0.00650	0.00813	0.00650	0.00488	0.01626	0.01463	0.02602	0.02276	0.02602	0.01789	0.00813	0.00488	0.00163	0.00325	0.00650	0.79350	0.00650
22	0.02480	0.01419	0.01664	0.01364	0.01845	0.01473	0.01098	0.12020	0.30829	0.33869	0.02650	0.02381	0.01827	0.00895	0.00705	0.00224	0.00599	0.00729	0.00777	0.01152
23	0.01527	0.01527	0.02137	0.01832	0.01832	0.02137	0.01527	0.01679	0.01069	0.01679	0.00916	0.01527	0.00916	0.01221	0.02290	0.00305	0.74198	0.00611	0.00305	0.00763
24	0.02607	0.03326	0.01978	0.01798	0.02157	0.72674	0.01348	0.02787	0.01978	0.01708	0.01079	0.01258	0.00899	0.00719	0.00629	0.00180	0.01258	0.00449	0.00360	0.00809
25	0.07677	0.02418	0.01951	0.01625	0.02089	0.29251	0.01285	0.35497	0.06234	0.03199	0.01462	0.01529	0.01099	0.00785	0.00655	0.00200	0.00930	0.00552	0.00551	0.01009
26	0.02653	0.01955	0.02094	0.01606	0.02164	0.02164	0.01326	0.68796	0.03281	0.04398	0.01675	0.01675	0.01187	0.00838	0.00698	0.00209	0.00768	0.00628	0.00698	0.01187
27	0.01866	0.75896	0.03657	0.01194	0.01791	0.02761	0.01194	0.02090	0.01418	0.01642	0.00970	0.01119	0.00896	0.00597	0.00448	0.00149	0.00746	0.00373	0.00299	0.00896
28	0.02526	0.01857	0.01997	0.01564	0.02096	0.02058	0.01281	0.56400	0.13607	0.06488	0.01894	0.01844	0.01352	0.00856	0.00700	0.00214	0.00728	0.00656	0.00706	0.01174
29	0.01400	0.03610	0.71860	0.01989	0.03020	0.01621	0.02578	0.02210	0.01473	0.02210	0.01252	0.01473	0.00884	0.00663	0.00663	0.00221	0.01031	0.00516	0.00295	0.01031
30	0.00997	0.00748	0.01121	0.01121	0.01246	0.00872	0.00872	0.01246	0.01121	0.01620	0.01869	0.02741	0.01745	0.05234	0.72710	0.01121	0.01869	0.00748	0.00374	0.00623
31	0.01112	0.00799	0.01107	0.01260	0.01424	0.00794	0.01099	0.01427	0.01606	0.02080	0.03839	0.07822	0.06870	0.01921	0.00958	0.00318	0.00630	0.63652	0.00643	0.00640
32	0.03047	0.01171	0.01599	0.01243	0.01767	0.01016	0.01030	0.03319	0.01981	0.68694	0.02792	0.02605	0.01823	0.00908	0.00713	0.00220	0.00596	0.03455	0.00854	0.01165
33	0.76338	0.05209	0.01162	0.00932	0.01372	0.01627	0.00778	0.02053	0.01200	0.03054	0.00972	0.01133	0.00763	0.00645	0.00433	0.00212	0.00551	0.00378	0.00425	0.00763

[dist]
# distance from previous block
# <min> <max>
0	11

[block]
# block no. 3 follows, 30 sequences, length 46
# corresponding to MSA columns:
# 345-348,356-365,369-379,385-405
name=unknown_D
#
# <colnr> <probs for GDERKNQSTAVLIFYWHMCP>
#	G	D	E	R	K	N	Q	S	T	A	V	L	I	F	Y	W	H	M	C	P
0	0.08088	0.34651	0.05170	0.03845	0.04779	0.22942	0.03357	0.02375	0.03521	0.03856	0.01150	0.01321	0.00958	0.00660	0.00551	0.00178	0.00903	0.00453	0.00358	0.00884
1	0.01727	0.01658	0.02832	0.04283	0.71123	0.01658	0.02142	0.02142	0.01589	0.02280	0.01313	0.01727	0.01105	0.00622	0.00691	0.00207	0.00829	0.00622	0.00345	0.01105
2	0.01511	0.17496	0.15986	0.01447	0.04521	0.03594	0.01311	0.07331	0.04400	0.02024	0.01777	0.13287	0.01726	0.04243	0.06586	0.09926	0.00829	0.00786	0.00418	0.00800
3	0.01759	0.19116	0.25733	0.01855	0.08281	0.06220	0.04588	0.09320	0.01745	0.04483	0.03605	0.02037	0.04733	0.00786	0.00649	0.00204	0.00862	0.02647	0.00410	0.00966
4	0.03131	0.01188	0.01619	0.01242	0.01781	0.01026	0.01026	0.03401	0.01997	0.71606	0.02753	0.02375	0.01727	0.00864	0.00702	0.00216	0.00594	0.00702	0.00864	0.01188
5	0.01856	0.60368	0.03585	0.01470	0.02047	0.05576	0.09890	0.02122	0.01457	0.01722	0.01029	0.01240	0.00917	0.00626	0.00576	0.00168	0.03705	0.00444	0.00308	0.00893
6	0.00857	0.00613	0.00816	0.00967	0.01014	0.00572	0.00648	0.00990	0.01370	0.01835	0.07358	0.71357	0.04719	0.02146	0.00887	0.00280	0.00401	0.01946	0.00654	0.00572
7	0.01225	0.00645	0.00961	0.00948	0.00948	0.00670	0.00645	0.00941	0.00916	0.01232	0.01200	0.02096	0.01200	0.02374	0.02709	0.76369	0.03691	0.00606	0.00303	0.00322
8	0.00861	0.00622	0.00815	0.00950	0.01011	0.00576	0.00643	0.01004	0.01405	0.01876	0.09916	0.65437	0.08104	0.02098	0.00881	0.00275	0.00396	0.01894	0.00658	0.00576
9	0.00850	0.00607	0.00810	0.00972	0.01012	0.00567	0.00648	0.00972	0.01336	0.01781	0.03846	0.75020	0.04615	0.02186	0.00891	0.00283	0.00405	0.01984	0.00648	0.00567
10	0.02607	0.03326	0.01978	0.01798	0.02157	0.72674	0.01348	0.02787	0.01978	0.01708	0.01079	0.01258	0.00899	0.00719	0.00629	0.00180	0.01258	0.00449	0.00360	0.00809
11	0.02653	0.01955	0.02094	0.01606	0.02164	0.02164	0.01326	0.68796	0.03281	0.04398	0.01675	0.01675	0.01187	0.00838	0.00698	0.00209	0.00768	0.00628	0.00698	0.01187
12	0.01301	0.00650	0.00650	0.00650	0.00813	0.00650	0.00488	0.01626	0.01463	0.02602	0.02276	0.02602	0.01789	0.00813	0.00488	0.00163	0.00325	0.00650	0.79350	0.00650
13	0.01736	0.01499	0.01578	0.01420	0.01815	0.01736	0.01105	0.03708	0.69862	0.02919	0.02840	0.02604	0.02130	0.00947	0.00710	0.00237	0.00552	0.00789	0.00710	0.01105
14	0.00988	0.00713	0.00933	0.00878	0.01043	0.00658	0.00658	0.01317	0.01975	0.02798	0.70754	0.05213	0.06584	0.01427	0.00823	0.00219	0.00329	0.01262	0.00768	0.00658
15	0.01727	0.01658	0.02832	0.04283	0.71123	0.01658	0.02142	0.02142	0.01589	0.02280	0.01313	0.01727	0.01105	0.00622	0.00691	0.00207	0.00829	0.00622	0.00345	0.01105
16	0.02576	0.02865	0.01966	0.01718	0.02126	0.51545	0.01319	0.16468	0.06589	0.04349	0.01362	0.01463	0.01061	0.00762	0.00651	0.00191	0.01093	0.00515	0.00466	0.00917
17	0.01447	0.01240	0.01447	0.01034	0.01654	0.00930	0.00827	0.01757	0.01447	0.02274	0.01240	0.01447	0.01034	0.00517	0.00517	0.00103	0.00517	0.00413	0.00413	0.79742
18	0.02977	0.01434	0.01772	0.01358	0.01904	0.01391	0.01122	0.24389	0.02409	0.50036	0.02407	0.02151	0.01554	0.00855	0.00701	0.00214	0.00650	0.00678	0.00811	0.01187
19	0.01400	0.03610	0.71860	0.01989	0.03020	0.01621	0.02578	0.02210	0.01473	0.02210	0.01252	0.01473	0.00884	0.00663	0.00663	0.00221	0.01031	0.00516	0.00295	0.01031
20	0.01866	0.75896	0.03657	0.01194	0.01791	0.02761	0.01194	0.02090	0.01418	0.01642	0.00970	0.01119	0.00896	0.00597	0.00448	0.00149	0.00746	0.00373	0.00299	0.00896
21	0.01601	0.01539	0.02077	0.01767	0.01936	0.01986	0.05441	0.02364	0.23183	0.02111	0.01564	0.01894	0.01314	0.01095	0.01694	0.00279	0.46152	0.00681	0.00438	0.00884
22	0.01015	0.00677	0.00761	0.00761	0.00761	0.00677	0.00423	0.01015	0.01015	0.01353	0.02199	0.04567	0.02537	0.75476	0.03552	0.00677	0.00677	0.01015	0.00423	0.00423
23	0.01391	0.01315	0.02225	0.61369	0.16663	0.01570	0.01974	0.01847	0.01430	0.01872	0.01253	0.01837	0.00962	0.00684	0.00696	0.00228	0.00912	0.00620	0.00316	0.00834
24	0.02607	0.03326	0.01978	0.01798	0.02157	0.72674	0.01348	0.02787	0.01978	0.01708	0.01079	0.01258	0.00899	0.00719	0.00629	0.00180	0.01258	0.00449	0.00360	0.00809
25	0.01429	0.06632	0.66257	0.01993	0.02993	0.01675	0.05137	0.02206	0.01478	0.02187	0.01247	0.01474	0.00891	0.00657	0.00660	0.00218	0.01025	0.00522	0.00297	0.01022
26	0.00831	0.00707	0.00716	0.00714	0.00946	0.00592	0.00535	0.01014	0.01605	0.01920	0.09535	0.06658	0.68352	0.01754	0.00825	0.00235	0.00353	0.01465	0.00653	0.00592
27	0.01572	0.02911	0.44679	0.02197	0.04985	0.05144	0.17844	0.02237	0.01557	0.04897	0.01452	0.04724	0.01124	0.00720	0.00711	0.00224	0.01027	0.00657	0.00350	0.00988
28	0.02263	0.04440	0.04476	0.01360	0.01783	0.05501	0.01126	0.21713	0.02126	0.23799	0.02307	0.14930	0.01967	0.03368	0.03098	0.00266	0.02953	0.00880	0.00658	0.00985
29	0.50790	0.01287	0.01253	0.01042	0.01515	0.01359	0.00859	0.02568	0.01498	0.29374	0.01654	0.01609	0.01128	0.00731	0.00535	0.00216	0.00560	0.00502	0.00597	0.00921
30	0.01488	0.01568	0.05496	0.18274	0.17516	0.03841	0.18374	0.01928	0.01542	0.02063	0.01803	0.05920	0.01668	0.00941	0.00834	0.00245	0.03540	0.11693	0.00399	0.00867
31	0.01851	0.01810	0.05318	0.16832	0.35965	0.06779	0.06051	0.10315	0.01798	0.04578	0.01375	0.01733	0.01075	0.00677	0.00696	0.00213	0.00894	0.00621	0.00398	0.01020
32	0.01581	0.01346	0.01599	0.10872	0.06878	0.10656	0.03991	0.02002	0.07958	0.08537	0.02573	0.22208	0.02577	0.04481	0.00903	0.00267	0.00723	0.09510	0.00548	0.00792
33	0.80405	0.01350	0.01026	0.00918	0.01350	0.01565	0.00756	0.02051	0.01188	0.03131	0.00972	0.01134	0.00756	0.00648	0.00432	0.00216	0.00540	0.00378	0.00432	0.00756
34	0.01611	0.01536	0.02559	0.03823	0.62087	0.01520	0.01934	0.01995	0.01589	0.02229	0.02054	0.02369	0.10083	0.00769	0.00708	0.00211	0.00768	0.00731	0.00384	0.01039
35	0.01551	0.01379	0.01925	0.01745	0.04669	0.01820	0.01381	0.04055	0.01233	0.04548	0.01235	0.01800	0.01127	0.01708	0.11858	0.00401	0.51645	0.00637	0.04500	0.00784
36	0.00937	0.00703	0.00868	0.00843	0.01016	0.00634	0.00626	0.01212	0.01831	0.02494	0.49858	0.11085	0.22190	0.01570	0.00829	0.00228	0.00341	0.01371	0.00729	0.00634
37	0.00988	0.00713	0.00933	0.00878	0.01043	0.00658	0.00658	0.01317	0.01975	0.02798	0.70754	0.05213	0.06584	0.01427	0.00823	0.00219	0.00329	0.01262	0.00768	0.00658
38	0.00956	0.00689	0.00905	0.00899	0.01036	0.00637	0.00656	0.01238	0.01829	0.02566	0.55452	0.21179	0.06134	0.01600	0.00839	0.00234	0.00347	0.01427	0.00741	0.00637
39	0.03107	0.01226	0.01643	0.01260	0.01801	0.01083	0.01041	0.06674	0.02062	0.68242	0.02699	0.02340	0.01700	0.00862	0.00702	0.00216	0.00603	0.00698	0.00855	0.01188
40	0.80405	0.01350	0.01026	0.00918	0.01350	0.01565	0.00756	0.02051	0.01188	0.03131	0.00972	0.01134	0.00756	0.00648	0.00432	0.00216	0.00540	0.00378	0.00432	0.00756
41	0.01301	0.00650	0.00650	0.00650	0.00813	0.00650	0.00488	0.01626	0.01463	0.02602	0.02276	0.02602	0.01789	0.00813	0.00488	0.00163	0.00325	0.00650	0.79350	0.00650
42	0.00988	0.00713	0.00933	0.00878	0.01043	0.00658	0.00658	0.01317	0.01975	0.02798	0.70754	0.05213	0.06584	0.01427	0.00823	0.00219	0.00329	0.01262	0.00768	0.00658
43	0.01510	0.01278	0.01481	0.01064	0.01681	0.00995	0.00853	0.05275	0.01543	0.02385	0.01263	0.01459	0.01042	0.00534	0.00526	0.00109	0.00530	0.00425	0.00428	0.75619
44	0.01647	0.01882	0.04118	0.02941	0.03647	0.01765	0.68588	0.02235	0.01647	0.02235	0.01412	0.01882	0.01059	0.00588	0.00824	0.00235	0.01176	0.00824	0.00353	0.00941
45	0.71795	0.01331	0.01092	0.00954	0.01398	0.01505	0.00786	0.02202	0.01278	0.10761	0.01170	0.01272	0.00864	0.00672	0.00462	0.00216	0.00546	0.00414	0.00480	0.00804

[dist]
# distance from previous block
# <min> <max>
0	1

[block]
# block no. 4 follows, 30 sequences, length 40
# corresponding to MSA columns:
# 407-446
name=unknown_E
#
# <colnr> <probs for GDERKNQSTAVLIFYWHMCP>
#	G	D	E	R	K	N	Q	S	T	A	V	L	I	F	Y	W	H	M	C	P
0	0.05993	0.01194	0.01597	0.01230	0.01765	0.01046	0.01016	0.03351	0.01967	0.69070	0.02687	0.02329	0.01691	0.00856	0.00692	0.00216	0.00592	0.00690	0.00848	0.01172
1	0.01512	0.01279	0.01482	0.01064	0.01681	0.00996	0.00854	0.05357	0.01546	0.02388	0.01264	0.01459	0.01042	0.00534	0.00527	0.00109	0.00530	0.00425	0.00429	0.75523
2	0.01672	0.05029	0.02760	0.14522	0.58012	0.01693	0.02067	0.02086	0.01552	0.02176	0.01286	0.01719	0.01069	0.00632	0.00681	0.00208	0.00840	0.00610	0.00338	0.01046
3	0.02570	0.01784	0.02074	0.01602	0.02147	0.01922	0.04868	0.48113	0.10333	0.14333	0.01953	0.01895	0.01366	0.00840	0.00707	0.00215	0.00740	0.00668	0.00706	0.01165
4	0.12283	0.21268	0.13592	0.01514	0.02133	0.09207	0.04498	0.17955	0.01907	0.02657	0.01232	0.01381	0.00961	0.00678	0.00580	0.00188	0.00827	0.00488	0.00426	0.06224
5	0.01005	0.00715	0.00956	0.00956	0.01024	0.00782	0.00666	0.01140	0.01073	0.01497	0.02020	0.03579	0.02108	0.37464	0.40977	0.00917	0.01322	0.00870	0.00396	0.00531
6	0.00908	0.00651	0.00835	0.00962	0.01052	0.00607	0.00689	0.01078	0.01428	0.01903	0.06183	0.52260	0.12664	0.02014	0.00871	0.00275	0.00424	0.10317	0.04291	0.00586
7	0.01825	0.01803	0.02871	0.09030	0.20911	0.07560	0.21718	0.06443	0.01662	0.05142	0.01336	0.01738	0.01060	0.00748	0.00988	0.00232	0.12924	0.00670	0.00384	0.00956
8	0.73740	0.05039	0.01188	0.00963	0.01401	0.04232	0.00799	0.02080	0.01228	0.03006	0.00976	0.01137	0.00768	0.00648	0.00440	0.00211	0.00576	0.00380	0.00423	0.00764
9	0.00850	0.00607	0.00810	0.00972	0.01012	0.00567	0.00648	0.00972	0.01336	0.01781	0.03846	0.75020	0.04615	0.02186	0.00891	0.00283	0.00405	0.01984	0.00648	0.00567
10	0.02653	0.01955	0.02094	0.01606	0.02164	0.02164	0.01326	0.68796	0.03281	0.04398	0.01675	0.01675	0.01187	0.00838	0.00698	0.00209	0.00768	0.00628	0.00698	0.01187
11	0.00965	0.00754	0.00882	0.00858	0.01062	0.00691	0.00655	0.01311	0.05089	0.02386	0.37300	0.05861	0.32678	0.01573	0.00827	0.00233	0.00368	0.05148	0.00709	0.00651
12	0.00891	0.00709	0.00798	0.00776	0.00983	0.00617	0.00582	0.01129	0.01746	0.02254	0.32779	0.06109	0.44900	0.01630	0.00824	0.00229	0.00344	0.01388	0.00697	0.00617
13	0.80405	0.01350	0.01026	0.00918	0.01350	0.01565	0.00756	0.02051	0.01188	0.03131	0.00972	0.01134	0.00756	0.00648	0.00432	0.00216	0.00540	0.00378	0.00432	0.00756
14	0.00988	0.00713	0.00933	0.00878	0.01043	0.00658	0.00658	0.01317	0.01975	0.02798	0.70754	0.05213	0.06584	0.01427	0.00823	0.00219	0.00329	0.01262	0.00768	0.00658
15	0.01689	0.01933	0.03853	0.02796	0.03430	0.05601	0.59904	0.02223	0.01621	0.02165	0.01356	0.01822	0.01039	0.00643	0.00924	0.00238	0.06705	0.00787	0.00350	0.00921
16	0.01647	0.01882	0.04118	0.02941	0.03647	0.01765	0.68588	0.02235	0.01647	0.02235	0.01412	0.01882	0.01059	0.00588	0.00824	0.00235	0.01176	0.00824	0.00353	0.00941
17	0.00826	0.00702	0.00711	0.00719	0.00946	0.00588	0.00535	0.01000	0.01579	0.01881	0.06926	0.09753	0.67895	0.01786	0.00828	0.00238	0.00356	0.01495	0.00648	0.00588
18	0.01866	0.75896	0.03657	0.01194	0.01791	0.02761	0.01194	0.02090	0.01418	0.01642	0.00970	0.01119	0.00896	0.00597	0.00448	0.00149	0.00746	0.00373	0.00299	0.00896
19	0.01318	0.01240	0.02093	0.73798	0.04806	0.01550	0.01938	0.01783	0.01395	0.01783	0.01240	0.01860	0.00930	0.00698	0.00698	0.00233	0.00930	0.00620	0.00310	0.00775
20	0.00957	0.00712	0.00890	0.00845	0.01023	0.00645	0.00634	0.01257	0.01902	0.02624	0.58598	0.05500	0.18850	0.01492	0.00823	0.00223	0.00334	0.01302	0.00745	0.00645
21	0.01112	0.00787	0.01002	0.00935	0.01126	0.00751	0.00705	0.01560	0.07243	0.05025	0.61081	0.07170	0.06015	0.01395	0.00812	0.00223	0.00358	0.01230	0.00763	0.00708
22	0.01450	0.03543	0.69042	0.01973	0.02986	0.01643	0.02528	0.04899	0.01546	0.02298	0.01269	0.01481	0.00896	0.00670	0.00664	0.00221	0.01021	0.00520	0.00311	0.01038
23	0.00975	0.00713	0.00915	0.00864	0.01035	0.00653	0.00648	0.01292	0.01945	0.02726	0.65709	0.05332	0.11675	0.01454	0.00823	0.00221	0.00331	0.01279	0.00759	0.00653
24	0.00988	0.00713	0.00933	0.00878	0.01043	0.00658	0.00658	0.01317	0.01975	0.02798	0.70754	0.05213	0.06584	0.01427	0.00823	0.00219	0.00329	0.01262	0.00768	0.00658
25	0.01400	0.03610	0.71860	0.01989	0.03020	0.01621	0.02578	0.02210	0.01473	0.02210	0.01252	0.01473	0.00884	0.00663	0.00663	0.00221	0.01031	0.00516	0.00295	0.01031
26	0.01400	0.03610	0.71860	0.01989	0.03020	0.01621	0.02578	0.02210	0.01473	0.02210	0.01252	0.01473	0.00884	0.00663	0.00663	0.00221	0.01031	0.00516	0.00295	0.01031
27	0.01768	0.01515	0.01596	0.01427	0.01827	0.01751	0.01112	0.06031	0.67485	0.02972	0.02799	0.02570	0.02097	0.00943	0.00710	0.00236	0.00560	0.00783	0.00710	0.01107
28	0.00850	0.00607	0.00810	0.00972	0.01012	0.00567	0.00648	0.00972	0.01336	0.01781	0.03846	0.75020	0.04615	0.02186	0.00891	0.00283	0.00405	0.01984	0.00648	0.00567
29	0.01727	0.01658	0.02832	0.04283	0.71123	0.01658	0.02142	0.02142	0.01589	0.02280	0.01313	0.01727	0.01105	0.00622	0.00691	0.00207	0.00829	0.00622	0.00345	0.01105
30	0.80405	0.01350	0.01026	0.00918	0.01350	0.01565	0.00756	0.02051	0.01188	0.03131	0.00972	0.01134	0.00756	0.00648	0.00432	0.00216	0.00540	0.00378	0.00432	0.00756
31	0.02081	0.02450	0.02055	0.01814	0.01999	0.38332	0.01435	0.02247	0.01535	0.01694	0.00999	0.01389	0.00907	0.00964	0.01438	0.00241	0.36771	0.00528	0.00333	0.00787
32	0.02014	0.01617	0.01724	0.01457	0.01897	0.01830	0.01159	0.25929	0.43719	0.03421	0.05736	0.02412	0.02023	0.00933	0.00711	0.00226	0.00615	0.00757	0.00709	0.01111
33	0.00988	0.00713	0.00933	0.00878	0.01043	0.00658	0.00658	0.01317	0.01975	0.02798	0.70754	0.05213	0.06584	0.01427	0.00823	0.00219	0.00329	0.01262	0.00768	0.00658
34	0.01418	0.01353	0.02322	0.56233	0.19288	0.01581	0.04188	0.01876	0.01446	0.01907	0.01262	0.01832	0.00973	0.00677	0.00700	0.00227	0.00916	0.00627	0.00319	0.00853
35	0.00904	0.00630	0.00794	0.00903	0.00931	0.00602	0.00575	0.00986	0.01232	0.01643	0.03312	0.52177	0.03942	0.25948	0.01753	0.00411	0.00493	0.01670	0.00575	0.00520
36	0.00884	0.00621	0.00800	0.00928	0.00961	0.00589	0.00602	0.00981	0.01270	0.01694	0.03508	0.60566	0.04189	0.17222	0.01437	0.00364	0.00461	0.01785	0.00602	0.00537
37	0.33070	0.01695	0.02540	0.04165	0.05724	0.04096	0.29106	0.07293	0.01591	0.02729	0.01236	0.01540	0.00941	0.00640	0.00642	0.00222	0.00871	0.00603	0.00410	0.00885
38	0.02038	0.01933	0.02918	0.02267	0.05084	0.11884	0.33167	0.07313	0.09534	0.10706	0.01693	0.01894	0.01246	0.00696	0.00741	0.00216	0.00978	0.00712	0.00482	0.04497
39	0.01698	0.01628	0.02780	0.09238	0.66396	0.01650	0.02127	0.02116	0.01575	0.02244	0.01307	0.01737	0.01093	0.00627	0.00691	0.00209	0.00836	0.00622	0.00343	0.01082

[dist]
# distance from previous block
# <min> <max>
2	3

[block]
# block no. 5 follows, 30 sequences, length 223
# corresponding to MSA columns:
# 450,451,536-547,549-653,661-710,712-765
name=unknown_F
#
# <colnr> <probs for GDERKNQSTAVLIFYWHMCP>
#	G	D	E	R	K	N	Q	S	T	A	V	L	I	F	Y	W	H	M	C	P
0	0.12351	0.07438	0.08370	0.01620	0.02080	0.18544	0.07546	0.09006	0.04513	0.08185	0.01432	0.01731	0.01146	0.05441	0.00960	0.00242	0.07475	0.00578	0.00448	0.00894
1	0.77728	0.01360	0.01087	0.01032	0.03724	0.01569	0.00803	0.02054	0.01201	0.03102	0.00983	0.01154	0.00768	0.00647	0.00441	0.00216	0.00550	0.00386	0.00429	0.00768
2	0.04265	0.01507	0.02508	0.26839	0.44972	0.01634	0.02009	0.02007	0.01496	0.02128	0.01265	0.01745	0.01030	0.00665	0.00732	0.00219	0.03054	0.00613	0.00336	0.00975
3	0.01610	0.01538	0.02621	0.24186	0.52135	0.01627	0.02083	0.02039	0.01534	0.02138	0.01292	0.01765	0.01055	0.00643	0.00693	0.00214	0.00858	0.00621	0.00335	0.01011
4	0.01274	0.00838	0.01062	0.01076	0.03702	0.00781	0.00772	0.01629	0.06105	0.11037	0.25741	0.18928	0.19123	0.01539	0.00814	0.00239	0.00426	0.03471	0.00707	0.00736
5	0.57371	0.01301	0.01203	0.01014	0.01478	0.01405	0.00836	0.02454	0.01429	0.23542	0.01503	0.01504	0.01045	0.00712	0.00512	0.00216	0.00556	0.00474	0.00561	0.00884
6	0.80405	0.01350	0.01026	0.00918	0.01350	0.01565	0.00756	0.02051	0.01188	0.03131	0.00972	0.01134	0.00756	0.00648	0.00432	0.00216	0.00540	0.00378	0.00432	0.00756
7	0.02857	0.01227	0.01613	0.01225	0.01778	0.01058	0.01008	0.05816	0.01966	0.58398	0.02481	0.02207	0.01601	0.00810	0.00674	0.00199	0.00589	0.00655	0.00789	0.13051
8	0.02415	0.01854	0.02093	0.04066	0.07149	0.06741	0.03716	0.40737	0.05394	0.09993	0.01699	0.01749	0.01225	0.00782	0.00683	0.00202	0.00780	0.00618	0.00618	0.07485
9	0.00850	0.00607	0.00810	0.00972	0.01012	0.00567	0.00648	0.00972	0.01336	0.01781	0.03846	0.75020	0.04615	0.02186	0.00891	0.00283	0.00405	0.01984	0.00648	0.00567
10	0.02189	0.01425	0.03857	0.03816	0.01838	0.04200	0.01105	0.22697	0.02164	0.23381	0.02566	0.22919	0.02301	0.01217	0.00750	0.00233	0.00646	0.01028	0.00693	0.00974
11	0.00850	0.00607	0.00810	0.00972	0.01012	0.00567	0.00648	0.00972	0.01336	0.01781	0.03846	0.75020	0.04615	0.02186	0.00891	0.00283	0.00405	0.01984	0.00648	0.00567
12	0.01447	0.01240	0.01447	0.01034	0.01654	0.00930	0.00827	0.01757	0.01447	0.02274	0.01240	0.01447	0.01034	0.00517	0.00517	0.00103	0.00517	0.00413	0.00413	0.79742
13	0.01727	0.01658	0.02832	0.04283	0.71123	0.01658	0.02142	0.02142	0.01589	0.02280	0.01313	0.01727	0.01105	0.00622	0.00691	0.00207	0.00829	0.00622	0.00345	0.01105
14	0.00964	0.00712	0.00901	0.00854	0.01028	0.00649	0.00640	0.01272	0.01921	0.02668	0.61688	0.05427	0.15732	0.01475	0.00823	0.00222	0.00333	0.01292	0.00751	0.00649
15	0.01318	0.01240	0.02093	0.73798	0.04806	0.01550	0.01938	0.01783	0.01395	0.01783	0.01240	0.01860	0.00930	0.00698	0.00698	0.00233	0.00930	0.00620	0.00310	0.00775
16	0.01535	0.01462	0.02486	0.36897	0.40010	0.01608	0.02046	0.01973	0.01498	0.02047	0.01279	0.01790	0.01023	0.00657	0.00694	0.00219	0.00877	0.00621	0.00329	0.00950
17	0.02607	0.03326	0.01978	0.01798	0.02157	0.72674	0.01348	0.02787	0.01978	0.01708	0.01079	0.01258	0.00899	0.00719	0.00629	0.00180	0.01258	0.00449	0.00360	0.00809
18	0.01442	0.03657	0.01499	0.01037	0.01638	0.00979	0.00833	0.01743	0.01443	0.02238	0.01314	0.03763	0.01142	0.00572	0.00526	0.00111	0.00521	0.00462	0.00417	0.74663
19	0.00869	0.00633	0.00862	0.03938	0.01167	0.00607	0.00700	0.01005	0.01338	0.01781	0.03740	0.72041	0.04465	0.02126	0.00883	0.00281	0.00426	0.01928	0.00634	0.00575
20	0.00835	0.00707	0.00721	0.00718	0.00949	0.00593	0.00538	0.01021	0.01615	0.01943	0.11103	0.06621	0.66770	0.01746	0.00825	0.00235	0.00352	0.01459	0.00656	0.00593
21	0.01400	0.03610	0.71860	0.01989	0.03020	0.01621	0.02578	0.02210	0.01473	0.02210	0.01252	0.01473	0.00884	0.00663	0.00663	0.00221	0.01031	0.00516	0.00295	0.01031
22	0.00832	0.00707	0.00716	0.00714	0.00947	0.00592	0.00536	0.01015	0.01607	0.01923	0.09720	0.06653	0.68165	0.01753	0.00825	0.00235	0.00352	0.01464	0.00653	0.00592
23	0.00825	0.00707	0.00707	0.00707	0.00943	0.00589	0.00530	0.01001	0.01591	0.01885	0.07069	0.06716	0.70839	0.01767	0.00825	0.00236	0.00353	0.01473	0.00648	0.00589
24	0.02462	0.01273	0.01596	0.01195	0.01766	0.01087	0.00977	0.08363	0.01902	0.40026	0.02097	0.01969	0.01423	0.00732	0.00632	0.00173	0.00580	0.00588	0.00682	0.30477
25	0.00831	0.00707	0.00715	0.00713	0.00946	0.00592	0.00535	0.01013	0.01604	0.01918	0.09364	0.06662	0.68524	0.01755	0.00825	0.00235	0.00353	0.01465	0.00652	0.00592
26	0.02609	0.03270	0.01982	0.01790	0.02158	0.69802	0.01347	0.05475	0.02031	0.01817	0.01103	0.01275	0.00911	0.00724	0.00632	0.00181	0.01238	0.00457	0.00373	0.00824
27	0.01927	0.01594	0.01686	0.01459	0.01888	0.01825	0.01151	0.17309	0.55949	0.03228	0.02597	0.02410	0.01933	0.00924	0.00708	0.00231	0.00597	0.00755	0.00708	0.01122
28	0.80405	0.01350	0.01026	0.00918	0.01350	0.01565	0.00756	0.02051	0.01188	0.03131	0.00972	0.01134	0.00756	0.00648	0.00432	0.00216	0.00540	0.00378	0.00432	0.00756
29	0.01301	0.00650	0.00650	0.00650	0.00813	0.00650	0.00488	0.01626	0.01463	0.02602	0.02276	0.02602	0.01789	0.00813	0.00488	0.00163	0.00325	0.00650	0.79350	0.00650
30	0.00850	0.00607	0.00810	0.00972	0.01012	0.00567	0.00648	0.00972	0.01336	0.01781	0.03846	0.75020	0.04615	0.02186	0.00891	0.00283	0.00405	0.01984	0.00648	0.00567
31	0.02607	0.03326	0.01978	0.01798	0.02157	0.72674	0.01348	0.02787	0.01978	0.01708	0.01079	0.01258	0.00899	0.00719	0.00629	0.00180	0.01258	0.00449	0.00360	0.00809
32	0.01765	0.01815	0.03832	0.02754	0.03436	0.01707	0.60905	0.02379	0.04173	0.07611	0.01568	0.01947	0.01150	0.00623	0.00810	0.00234	0.01109	0.00813	0.00405	0.00966
33	0.01301	0.00650	0.00650	0.00650	0.00813	0.00650	0.00488	0.01626	0.01463	0.02602	0.02276	0.02602	0.01789	0.00813	0.00488	0.00163	0.00325	0.00650	0.79350	0.00650
34	0.01736	0.01499	0.01578	0.01420	0.01815	0.01736	0.01105	0.03708	0.69862	0.02919	0.02840	0.02604	0.02130	0.00947	0.00710	0.00237	0.00552	0.00789	0.00710	0.01105
35	0.00997	0.00748	0.01121	0.01121	0.01246	0.00872	0.00872	0.01246	0.01121	0.01620	0.01869	0.02741	0.01745	0.05234	0.72710	0.01121	0.01869	0.00748	0.00374	0.00623
36	0.01301	0.00650	0.00650	0.00650	0.00813	0.00650	0.00488	0.01626	0.01463	0.02602	0.02276	0.02602	0.01789	0.00813	0.00488	0.00163	0.00325	0.00650	0.79350	0.00650
37	0.01727	0.01658	0.02832	0.04283	0.71123	0.01658	0.02142	0.02142	0.01589	0.02280	0.01313	0.01727	0.01105	0.00622	0.00691	0.00207	0.00829	0.00622	0.00345	0.01105
38	0.01736	0.01499	0.01578	0.01420	0.01815	0.01736	0.01105	0.03708	0.69862	0.02919	0.02840	0.02604	0.02130	0.00947	0.00710	0.00237	0.00552	0.00789	0.00710	0.01105
39	0.01727	0.01658	0.02832	0.04283	0.71123	0.01658	0.02142	0.02142	0.01589	0.02280	0.01313	0.01727	0.01105	0.00622	0.00691	0.00207	0.00829	0.00622	0.00345	0.01105
40	0.01468	0.01430	0.01981	0.01710	0.01710	0.01971	0.01401	0.01604	0.01063	0.01642	0.01062	0.01873	0.01100	0.09668	0.02434	0.00348	0.65835	0.00657	0.00319	0.00725
41	0.03131	0.01188	0.01619	0.01242	0.01781	0.01026	0.01026	0.03401	0.01997	0.71606	0.02753	0.02375	0.01727	0.00864	0.00702	0.00216	0.00594	0.00702	0.00864	0.01188
42	0.01318	0.01240	0.02093	0.73798	0.04806	0.01550	0.01938	0.01783	0.01395	0.01783	0.01240	0.01860	0.00930	0.00698	0.00698	0.00233	0.00930	0.00620	0.00310	0.00775
43	0.71614	0.01331	0.01093	0.00955	0.01399	0.01504	0.00786	0.02205	0.01280	0.10921	0.01174	0.01275	0.00866	0.00672	0.00463	0.00216	0.00546	0.00415	0.00481	0.00805
44	0.01632	0.38779	0.30940	0.01632	0.02397	0.02157	0.06769	0.02122	0.01477	0.01954	0.03534	0.01460	0.01100	0.00652	0.00575	0.00187	0.00878	0.00495	0.00317	0.00945
45	0.00850	0.00607	0.00810	0.00972	0.01012	0.00567	0.00648	0.00972	0.01336	0.01781	0.03846	0.75020	0.04615	0.02186	0.00891	0.00283	0.00405	0.01984	0.00648	0.00567
46	0.54465	0.01209	0.01088	0.00952	0.01354	0.01317	0.00773	0.02105	0.01437	0.13151	0.11660	0.02118	0.04319	0.00835	0.00543	0.00217	0.00510	0.00595	0.00553	0.00799
47	0.02653	0.01955	0.02094	0.01606	0.02164	0.02164	0.01326	0.68796	0.03281	0.04398	0.01675	0.01675	0.01187	0.00838	0.00698	0.00209	0.00768	0.00628	0.00698	0.01187
48	0.00997	0.00748	0.01121	0.01121	0.01246	0.00872	0.00872	0.01246	0.01121	0.01620	0.01869	0.02741	0.01745	0.05234	0.72710	0.01121	0.01869	0.00748	0.00374	0.00623
49	0.01526	0.01259	0.01532	0.04810	0.03947	0.01021	0.00942	0.04293	0.01530	0.04394	0.01384	0.03781	0.01168	0.00603	0.00555	0.00126	0.00555	0.00495	0.00438	0.65641
50	0.01363	0.01144	0.01353	0.01005	0.01543	0.00881	0.00796	0.01677	0.01543	0.02369	0.13890	0.02132	0.02044	0.00682	0.00573	0.00124	0.00483	0.00568	0.00478	0.65351
51	0.01520	0.17882	0.50896	0.01933	0.02842	0.01864	0.09435	0.02189	0.01481	0.02099	0.01213	0.01447	0.00905	0.00642	0.00637	0.00208	0.00990	0.00520	0.00302	0.00994
52	0.01429	0.05641	0.65551	0.02026	0.03024	0.01664	0.06716	0.02208	0.01483	0.02195	0.01254	0.01489	0.00895	0.00656	0.00667	0.00220	0.01032	0.00531	0.00298	0.01022
53	0.00830	0.00707	0.00714	0.00712	0.00946	0.00591	0.00534	0.01011	0.01602	0.01913	0.09027	0.06670	0.68864	0.01757	0.00825	0.00235	0.00353	0.01466	0.00652	0.00591
54	0.00957	0.00712	0.00890	0.00846	0.01024	0.00645	0.00634	0.01257	0.01903	0.02626	0.58706	0.05497	0.18741	0.01491	0.00823	0.00223	0.00334	0.01302	0.00745	0.00645
55	0.04670	0.11699	0.37323	0.01762	0.02551	0.01625	0.08933	0.02390	0.01564	0.15991	0.01555	0.01744	0.01123	0.03190	0.00749	0.00228	0.00895	0.00579	0.00424	0.01006
56	0.01318	0.01240	0.02093	0.73798	0.04806	0.01550	0.01938	0.01783	0.01395	0.01783	0.01240	0.01860	0.00930	0.00698	0.00698	0.00233	0.00930	0.00620	0.00310	0.00775
57	0.03131	0.01188	0.01619	0.01242	0.01781	0.01026	0.01026	0.03401	0.01997	0.71606	0.02753	0.02375	0.01727	0.00864	0.00702	0.00216	0.00594	0.00702	0.00864	0.01188
58	0.01469	0.01331	0.02220	0.17583	0.22718	0.01369	0.11007	0.01972	0.06236	0.04656	0.08846	0.05757	0.09931	0.00937	0.00749	0.00226	0.00752	0.00880	0.00470	0.00891
59	0.01643	0.04681	0.06127	0.02807	0.03494	0.01811	0.61653	0.02209	0.01613	0.02193	0.01373	0.01829	0.01042	0.00613	0.00857	0.00234	0.03748	0.00790	0.00347	0.00936
60	0.02723	0.01397	0.01705	0.01325	0.01829	0.01375	0.01087	0.25656	0.02436	0.40662	0.10118	0.02457	0.02094	0.00919	0.00714	0.00214	0.00624	0.00740	0.00796	0.01127
61	0.01015	0.00677	0.00761	0.00761	0.00761	0.00677	0.00423	0.01015	0.01015	0.01353	0.02199	0.04567	0.02537	0.75476	0.03552	0.00677	0.00677	0.01015	0.00423	0.00423
62	0.01889	0.11681	0.20996	0.02192	0.12441	0.04108	0.11606	0.08744	0.08646	0.08649	0.01578	0.01732	0.01174	0.00703	0.00674	0.00211	0.00882	0.00611	0.00444	0.01040
63	0.01442	0.10245	0.65599	0.01916	0.02907	0.01725	0.02451	0.02199	0.01468	0.02158	0.01226	0.01441	0.00885	0.00657	0.00643	0.00214	0.01005	0.00503	0.00295	0.01019
64	0.80405	0.01350	0.01026	0.00918	0.01350	0.01565	0.00756	0.02051	0.01188	0.03131	0.00972	0.01134	0.00756	0.00648	0.00432	0.00216	0.00540	0.00378	0.00432	0.00756
65	0.01036	0.00702	0.00871	0.00828	0.00996	0.00654	0.00621	0.01357	0.01864	0.02717	0.55266	0.04819	0.08947	0.01334	0.00763	0.00210	0.00330	0.01163	0.14869	0.00654
66	0.01256	0.00750	0.00904	0.01010	0.06695	0.00736	0.00669	0.01589	0.01605	0.02625	0.19778	0.03200	0.02963	0.00955	0.00591	0.00181	0.00368	0.00805	0.52632	0.00690
67	0.01400	0.03610	0.71860	0.01989	0.03020	0.01621	0.02578	0.02210	0.01473	0.02210	0.01252	0.01473	0.00884	0.00663	0.00663	0.00221	0.01031	0.00516	0.00295	0.01031
68	0.00835	0.00668	0.00747	0.00811	0.00970	0.00580	0.00576	0.00990	0.01491	0.01844	0.05805	0.33503	0.44868	0.01932	0.00851	0.00254	0.00374	0.01673	0.00648	0.00580
69	0.01212	0.00606	0.00909	0.00909	0.00909	0.00606	0.00606	0.00909	0.00909	0.01212	0.01212	0.02121	0.01212	0.02424	0.02727	0.79697	0.00606	0.00606	0.00303	0.00303
70	0.00849	0.00611	0.00806	0.00961	0.01009	0.00568	0.00643	0.00973	0.01346	0.01786	0.03977	0.72238	0.07313	0.02169	0.00888	0.00281	0.00403	0.01963	0.00648	0.00568
71	0.01736	0.01499	0.01578	0.01420	0.01815	0.01736	0.01105	0.03708	0.69862	0.02919	0.02840	0.02604	0.02130	0.00947	0.00710	0.00237	0.00552	0.00789	0.00710	0.01105
72	0.02653	0.01955	0.02094	0.01606	0.02164	0.02164	0.01326	0.68796	0.03281	0.04398	0.01675	0.01675	0.01187	0.00838	0.00698	0.00209	0.00768	0.00628	0.00698	0.01187
73	0.01400	0.03610	0.71860	0.01989	0.03020	0.01621	0.02578	0.02210	0.01473	0.02210	0.01252	0.01473	0.00884	0.00663	0.00663	0.00221	0.01031	0.00516	0.00295	0.01031
74	0.01866	0.75896	0.03657	0.01194	0.01791	0.02761	0.01194	0.02090	0.01418	0.01642	0.00970	0.01119	0.00896	0.00597	0.00448	0.00149	0.00746	0.00373	0.00299	0.00896
75	0.01736	0.01499	0.01578	0.01420	0.01815	0.01736	0.01105	0.03708	0.69862	0.02919	0.02840	0.02604	0.02130	0.00947	0.00710	0.00237	0.00552	0.00789	0.00710	0.01105
76	0.80405	0.01350	0.01026	0.00918	0.01350	0.01565	0.00756	0.02051	0.01188	0.03131	0.00972	0.01134	0.00756	0.00648	0.00432	0.00216	0.00540	0.00378	0.00432	0.00756
77	0.02293	0.01375	0.01594	0.01349	0.01801	0.01452	0.01073	0.03585	0.42776	0.30333	0.02805	0.02512	0.01969	0.00914	0.00707	0.00228	0.00569	0.00754	0.00771	0.01138
78	0.00997	0.00748	0.01121	0.01121	0.01246	0.00872	0.00872	0.01246	0.01121	0.01620	0.01869	0.02741	0.01745	0.05234	0.72710	0.01121	0.01869	0.00748	0.00374	0.00623
79	0.80405	0.01350	0.01026	0.00918	0.01350	0.01565	0.00756	0.02051	0.01188	0.03131	0.00972	0.01134	0.00756	0.00648	0.00432	0.00216	0.00540	0.00378	0.00432	0.00756
