[name]
unknown

[dist]
# distance from previous block
# <min> <max>
0	189

[block]
# block no. 0 follows, 31 sequences, length 19
# corresponding to MSA columns:
# 194-212
name=unknown_A
#
# <colnr> <probs for GDERKNQSTAVLIFYWHMCP>
#	G	D	E	R	K	N	Q	S	T	A	V	L	I	F	Y	W	H	M	C	P
0	0.06398	0.09333	0.01887	0.01432	0.04111	0.10051	0.01135	0.25423	0.05943	0.05040	0.04325	0.02243	0.04520	0.00856	0.00640	0.00193	0.00709	0.04434	0.00548	0.10778
1	0.07170	0.05691	0.03634	0.01435	0.04393	0.03846	0.02722	0.16458	0.07385	0.17086	0.05833	0.02431	0.04502	0.00893	0.00719	0.00207	0.03290	0.03838	0.00599	0.07868
2	0.06392	0.01551	0.07032	0.03669	0.05783	0.04393	0.01166	0.18964	0.06880	0.10182	0.13892	0.02632	0.04934	0.03390	0.00770	0.00221	0.00640	0.00750	0.03423	0.03334
3	0.01775	0.24868	0.04408	0.01309	0.01731	0.03452	0.03349	0.13468	0.01755	0.06931	0.04780	0.12251	0.03759	0.00988	0.00759	0.00202	0.06712	0.00770	0.02896	0.03835
4	0.01696	0.11970	0.19555	0.01712	0.06609	0.04926	0.07219	0.02161	0.03650	0.10988	0.01944	0.04391	0.04897	0.00934	0.02196	0.00226	0.03573	0.03563	0.03771	0.04018
5	0.01603	0.06136	0.24142	0.18541	0.05915	0.03846	0.06444	0.08745	0.09383	0.02320	0.01433	0.01687	0.01073	0.00689	0.00658	0.00209	0.00876	0.00580	0.00391	0.05327
6	0.01295	0.14817	0.30947	0.05478	0.02210	0.01453	0.03680	0.01766	0.01468	0.02021	0.10301	0.11621	0.05451	0.03656	0.00777	0.00230	0.00757	0.00830	0.00413	0.00828
7	0.00987	0.00715	0.00897	0.00946	0.01057	0.00685	0.00664	0.05461	0.01584	0.02139	0.20088	0.46492	0.08369	0.05383	0.00966	0.00274	0.00412	0.01615	0.00656	0.00611
8	0.01850	0.08223	0.06946	0.11059	0.13207	0.06492	0.10829	0.05883	0.05450	0.11414	0.01744	0.03975	0.03325	0.00797	0.00786	0.00216	0.05734	0.00679	0.00449	0.00942
9	0.11658	0.09740	0.31830	0.01691	0.02405	0.10853	0.06104	0.08151	0.01674	0.07911	0.01309	0.01457	0.00957	0.00675	0.00614	0.00204	0.00906	0.00511	0.00396	0.00957
10	0.00884	0.00738	0.00776	0.00759	0.00988	0.00652	0.00571	0.01180	0.05516	0.02045	0.16740	0.06126	0.57359	0.01635	0.00802	0.00229	0.00354	0.01374	0.00657	0.00617
11	0.01465	0.01177	0.01780	0.21516	0.22254	0.01233	0.01412	0.04609	0.01621	0.06709	0.07873	0.02967	0.13936	0.00929	0.00696	0.00213	0.00659	0.00812	0.07295	0.00844
12	0.05124	0.01907	0.02229	0.12359	0.13908	0.15262	0.08499	0.13805	0.13407	0.02530	0.01531	0.01747	0.01180	0.00740	0.00716	0.00212	0.02811	0.00617	0.00458	0.00957
13	0.00882	0.00659	0.00825	0.00929	0.01022	0.00621	0.00641	0.01111	0.04703	0.01892	0.09413	0.56573	0.14256	0.01968	0.00850	0.00264	0.00391	0.01761	0.00647	0.00591
14	0.00867	0.00619	0.00832	0.00991	0.01045	0.00585	0.00693	0.01010	0.01343	0.01784	0.03752	0.67074	0.04452	0.02112	0.00882	0.00282	0.00426	0.10050	0.00634	0.00565
15	0.01188	0.00594	0.00891	0.00891	0.00891	0.00594	0.00594	0.00891	0.00891	0.01188	0.01188	0.02080	0.01188	0.02377	0.02674	0.80095	0.00594	0.00594	0.00297	0.00297
16	0.76585	0.01355	0.01062	0.00936	0.01366	0.01566	0.00771	0.05635	0.01275	0.03136	0.00990	0.01140	0.00764	0.00645	0.00437	0.00211	0.00541	0.00384	0.00437	0.00764
17	0.07136	0.11404	0.01911	0.01379	0.01840	0.23059	0.01106	0.12929	0.09794	0.02422	0.01461	0.04225	0.01217	0.00743	0.00589	0.00175	0.00792	0.00542	0.00463	0.16811
18	0.03905	0.08750	0.10015	0.01619	0.06394	0.13681	0.01332	0.10716	0.12336	0.05769	0.03700	0.01878	0.01421	0.01015	0.04402	0.00248	0.05013	0.00597	0.06283	0.00924

[dist]
# distance from previous block
# <min> <max>
4	8

[block]
# block no. 1 follows, 31 sequences, length 44
# corresponding to MSA columns:
# 221-226,232-269
name=unknown_B
#
# <colnr> <probs for GDERKNQSTAVLIFYWHMCP>
#	G	D	E	R	K	N	Q	S	T	A	V	L	I	F	Y	W	H	M	C	P
0	0.00944	0.00694	0.00855	0.00817	0.00970	0.00636	0.00594	0.01200	0.01752	0.02409	0.51390	0.05286	0.17233	0.10893	0.01146	0.00275	0.00370	0.01242	0.00690	0.00604
1	0.00983	0.00661	0.00760	0.00767	0.00779	0.00655	0.00443	0.01010	0.01073	0.01441	0.06495	0.09158	0.02863	0.66569	0.03148	0.00611	0.00625	0.01072	0.00450	0.00438
2	0.01664	0.01487	0.02583	0.31737	0.24182	0.01591	0.13538	0.06175	0.01619	0.06729	0.01389	0.01811	0.01052	0.00662	0.00704	0.00219	0.00893	0.00649	0.00380	0.00936
3	0.11354	0.01230	0.01920	0.65021	0.04283	0.01522	0.01753	0.01781	0.01342	0.01915	0.01183	0.01734	0.00890	0.00678	0.00651	0.00226	0.00864	0.00578	0.00319	0.00758
4	0.01188	0.00594	0.00891	0.00891	0.00891	0.00594	0.00594	0.00891	0.00891	0.01188	0.01188	0.02080	0.01188	0.02377	0.02674	0.80095	0.00594	0.00594	0.00297	0.00297
5	0.02625	0.01568	0.01869	0.01575	0.06087	0.01622	0.01212	0.37017	0.04856	0.28529	0.02113	0.04438	0.01495	0.00866	0.00692	0.00211	0.00676	0.00692	0.00721	0.01136
6	0.01615	0.01845	0.04037	0.02884	0.03576	0.01730	0.69204	0.02191	0.01615	0.02191	0.01384	0.01845	0.01038	0.00577	0.00807	0.00231	0.01153	0.00807	0.00346	0.00923
7	0.80789	0.01323	0.01006	0.00900	0.01323	0.01535	0.00741	0.02011	0.01164	0.03070	0.00953	0.01111	0.00741	0.00635	0.00423	0.00212	0.00529	0.00370	0.00423	0.00741
8	0.00989	0.00661	0.00748	0.00753	0.00754	0.00660	0.00422	0.00993	0.01005	0.01341	0.02210	0.06862	0.02556	0.73478	0.03395	0.00650	0.00654	0.01027	0.00422	0.00419
9	0.01329	0.01889	0.23666	0.06001	0.02312	0.01391	0.09197	0.05473	0.01436	0.02057	0.05300	0.02172	0.01503	0.04210	0.21539	0.00490	0.08166	0.00680	0.00370	0.00819
10	0.00995	0.00663	0.00746	0.00746	0.00746	0.00663	0.00415	0.00995	0.00995	0.01327	0.02156	0.04477	0.02487	0.75957	0.03482	0.00663	0.00663	0.00995	0.00415	0.00415
11	0.02601	0.01916	0.02053	0.01574	0.02122	0.02122	0.01300	0.69408	0.03217	0.04312	0.01643	0.01643	0.01163	0.00821	0.00684	0.00205	0.00753	0.00616	0.00684	0.01163
12	0.04726	0.13380	0.04065	0.05769	0.10060	0.06362	0.06596	0.04381	0.03560	0.14110	0.01468	0.01632	0.01119	0.00690	0.00705	0.00187	0.05275	0.00546	0.00450	0.14920
13	0.01685	0.39014	0.07390	0.01241	0.01698	0.04547	0.01172	0.06311	0.03705	0.02093	0.09458	0.01855	0.01676	0.00787	0.00681	0.00181	0.06819	0.00555	0.08285	0.00847
14	0.01372	0.03539	0.72412	0.01950	0.02961	0.01589	0.02528	0.02167	0.01444	0.02167	0.01228	0.01444	0.00867	0.00650	0.00650	0.00217	0.01011	0.00506	0.00289	0.01011
15	0.01454	0.01304	0.01769	0.05366	0.08959	0.01102	0.05205	0.01788	0.01431	0.02185	0.01224	0.01496	0.01013	0.00551	0.00604	0.00132	0.02819	0.00467	0.00386	0.60744
16	0.02187	0.01677	0.01795	0.01475	0.01945	0.01882	0.01186	0.35660	0.35349	0.05952	0.02225	0.02102	0.01624	0.00873	0.00690	0.00218	0.00646	0.00694	0.00696	0.01125
17	0.07199	0.01173	0.01557	0.01200	0.01724	0.01034	0.00991	0.03264	0.01916	0.68492	0.02606	0.02264	0.01643	0.00836	0.00674	0.00212	0.00579	0.00671	0.00824	0.01142
18	0.00834	0.00595	0.00794	0.00953	0.00992	0.00556	0.00635	0.00953	0.01310	0.01746	0.03771	0.75510	0.04525	0.02143	0.00873	0.00278	0.00397	0.01945	0.00635	0.00556
19	0.00953	0.01030	0.09304	0.00932	0.01215	0.00729	0.00823	0.01270	0.01718	0.02313	0.37153	0.07837	0.29269	0.01459	0.00791	0.00223	0.00416	0.01252	0.00651	0.00661
20	0.01615	0.01845	0.04037	0.02884	0.03576	0.01730	0.69204	0.02191	0.01615	0.02191	0.01384	0.01845	0.01038	0.00577	0.00807	0.00231	0.01153	0.00807	0.00346	0.00923
21	0.01661	0.03477	0.04095	0.15323	0.16528	0.03678	0.05672	0.04397	0.04766	0.08650	0.03382	0.05852	0.01486	0.00939	0.00939	0.04924	0.07381	0.00708	0.05276	0.00865
22	0.01763	0.07912	0.42867	0.01892	0.02719	0.03671	0.09943	0.10786	0.01742	0.08285	0.01399	0.01561	0.00995	0.00677	0.00661	0.00211	0.00946	0.00559	0.00395	0.01018
23	0.80789	0.01323	0.01006	0.00900	0.01323	0.01535	0.00741	0.02011	0.01164	0.03070	0.00953	0.01111	0.00741	0.00635	0.00423	0.00212	0.00529	0.00370	0.00423	0.00741
24	0.80789	0.01323	0.01006	0.00900	0.01323	0.01535	0.00741	0.02011	0.01164	0.03070	0.00953	0.01111	0.00741	0.00635	0.00423	0.00212	0.00529	0.00370	0.00423	0.00741
25	0.01419	0.01216	0.01419	0.01013	0.01621	0.00912	0.00811	0.01723	0.01419	0.02229	0.01216	0.01419	0.01013	0.00507	0.00507	0.00101	0.00507	0.00405	0.00405	0.80139
26	0.01275	0.00638	0.00638	0.00638	0.00797	0.00638	0.00478	0.01594	0.01435	0.02551	0.02232	0.02551	0.01754	0.00797	0.00478	0.00159	0.00319	0.00638	0.79755	0.00638
27	0.02862	0.01263	0.01606	0.01242	0.01749	0.01181	0.01022	0.15088	0.02148	0.55206	0.02477	0.02221	0.01602	0.00839	0.00673	0.00207	0.00595	0.00672	0.06219	0.01128
28	0.01080	0.00728	0.00930	0.00863	0.01056	0.00660	0.00653	0.01382	0.01893	0.06962	0.59420	0.05112	0.13857	0.01404	0.00800	0.00217	0.00342	0.01228	0.00745	0.00670
29	0.00812	0.00678	0.00708	0.00733	0.00934	0.00574	0.00537	0.00977	0.01521	0.01833	0.06450	0.17075	0.61231	0.01795	0.00818	0.00238	0.00354	0.01520	0.00635	0.00574
30	0.03070	0.01164	0.01588	0.01217	0.01746	0.01006	0.01006	0.03334	0.01958	0.72163	0.02699	0.02329	0.01694	0.00847	0.00688	0.00212	0.00582	0.00688	0.00847	0.01164
31	0.01500	0.01247	0.01440	0.01067	0.01645	0.01015	0.00850	0.02009	0.10171	0.04240	0.01455	0.01587	0.01168	0.00569	0.00536	0.00121	0.00513	0.00460	0.00454	0.67953
32	0.01046	0.00731	0.00916	0.00888	0.01054	0.00703	0.00672	0.01441	0.05457	0.02630	0.51327	0.08839	0.05378	0.01367	0.00771	0.00218	0.00355	0.04808	0.10735	0.00662
33	0.01615	0.01845	0.04037	0.02884	0.03576	0.01730	0.69204	0.02191	0.01615	0.02191	0.01384	0.01845	0.01038	0.00577	0.00807	0.00231	0.01153	0.00807	0.00346	0.00923
34	0.07912	0.01174	0.01551	0.01197	0.01720	0.01039	0.00989	0.03252	0.01909	0.67858	0.02590	0.02253	0.01634	0.00834	0.00672	0.00212	0.00579	0.00668	0.00820	0.01138
35	0.01036	0.00773	0.00933	0.00928	0.00991	0.02986	0.00630	0.01145	0.01069	0.01449	0.01984	0.03616	0.02107	0.43519	0.33055	0.00834	0.01178	0.00866	0.00392	0.00510
36	0.00842	0.00677	0.00756	0.00800	0.00978	0.00590	0.00592	0.01020	0.01522	0.01887	0.09521	0.22803	0.47674	0.01821	0.00833	0.00247	0.00376	0.05840	0.00641	0.00580
37	0.00827	0.00620	0.00768	0.00887	0.00975	0.00561	0.00606	0.00960	0.01373	0.01772	0.04566	0.58170	0.21352	0.02040	0.00857	0.00266	0.00384	0.01819	0.00635	0.00561
38	0.01693	0.01626	0.02777	0.04199	0.71689	0.01626	0.02100	0.02100	0.01558	0.02235	0.01287	0.01693	0.01084	0.00610	0.00677	0.00203	0.00813	0.00610	0.00339	0.01084
39	0.01568	0.03480	0.03632	0.01702	0.05660	0.10465	0.14227	0.09711	0.04316	0.02213	0.03086	0.03200	0.22510	0.01282	0.04833	0.00269	0.05661	0.00885	0.00483	0.00816
40	0.00839	0.00608	0.00793	0.00928	0.00989	0.00562	0.00627	0.00973	0.01363	0.01809	0.07728	0.66544	0.09566	0.02072	0.00865	0.00271	0.00389	0.01869	0.00642	0.00562
41	0.00925	0.00778	0.00827	0.00907	0.01032	0.04572	0.00635	0.01072	0.01449	0.01810	0.06946	0.45996	0.26762	0.01902	0.00835	0.00254	0.00424	0.01671	0.00624	0.00579
42	0.01671	0.01609	0.13032	0.01392	0.01798	0.03510	0.01265	0.20959	0.01985	0.07104	0.02567	0.22932	0.02565	0.01348	0.00776	0.00247	0.00680	0.13101	0.00596	0.00863
43	0.03429	0.20007	0.34576	0.01627	0.04324	0.01679	0.03691	0.01986	0.04017	0.02065	0.05406	0.10991	0.01694	0.00872	0.00638	0.00208	0.00798	0.00713	0.00381	0.00897

[dist]
# distance from previous block
# <min> <max>
6	23

[block]
# block no. 2 follows, 31 sequences, length 22
# corresponding to MSA columns:
# 293-314
name=unknown_C
#
# <colnr> <probs for GDERKNQSTAVLIFYWHMCP>
#	G	D	E	R	K	N	Q	S	T	A	V	L	I	F	Y	W	H	M	C	P
0	0.06865	0.04145	0.09937	0.01878	0.12335	0.07235	0.01422	0.12857	0.28261	0.02772	0.01858	0.01888	0.01411	0.00773	0.00649	0.00210	0.00724	0.00620	0.00530	0.03630
1	0.01807	0.01809	0.16599	0.01403	0.01948	0.01407	0.01320	0.22344	0.06087	0.08677	0.06232	0.12689	0.01994	0.00979	0.00689	0.00207	0.00669	0.00811	0.00574	0.11755
2	0.04597	0.31015	0.40525	0.01607	0.02391	0.02033	0.01900	0.02094	0.01396	0.01967	0.01098	0.01302	0.00867	0.00648	0.00630	0.00193	0.04050	0.00451	0.00296	0.00939
3	0.04033	0.01611	0.08349	0.05017	0.42573	0.01458	0.04598	0.03467	0.03970	0.02259	0.01851	0.07589	0.04384	0.00835	0.00696	0.00216	0.00757	0.02759	0.02611	0.00966
4	0.01403	0.00950	0.01308	0.01085	0.01365	0.00942	0.10801	0.08222	0.01684	0.02646	0.08119	0.02793	0.05782	0.00868	0.00593	0.00183	0.00487	0.00755	0.49286	0.00729
5	0.04059	0.12881	0.02367	0.05653	0.13266	0.23108	0.08044	0.03841	0.03698	0.01946	0.01386	0.05594	0.01234	0.01106	0.06358	0.00269	0.03342	0.00623	0.00374	0.00851
6	0.01773	0.01861	0.06867	0.08949	0.15614	0.07222	0.16765	0.12725	0.05944	0.02419	0.01492	0.04807	0.01228	0.00795	0.00870	0.00225	0.08375	0.00700	0.00420	0.00948
7	0.00851	0.00619	0.00782	0.00896	0.00964	0.00572	0.00601	0.00977	0.01348	0.01774	0.07402	0.56772	0.13409	0.08305	0.01082	0.00301	0.00409	0.01762	0.00622	0.00551
8	0.00834	0.00595	0.00794	0.00953	0.00992	0.00556	0.00635	0.00953	0.01310	0.01746	0.03771	0.75510	0.04525	0.02143	0.00873	0.00278	0.00397	0.01945	0.00635	0.00556
9	0.00884	0.00696	0.00798	0.00772	0.00970	0.00610	0.00579	0.01128	0.01738	0.02271	0.37361	0.05888	0.40717	0.01575	0.00808	0.00224	0.00335	0.01346	0.00691	0.00610
10	0.01624	0.01751	0.05095	0.25176	0.16401	0.06830	0.22385	0.04865	0.01584	0.02085	0.01272	0.01727	0.00989	0.00669	0.00792	0.00223	0.04641	0.00654	0.00342	0.00897
11	0.03032	0.01224	0.01625	0.01246	0.01776	0.01094	0.01029	0.08585	0.02058	0.66770	0.02615	0.02274	0.01651	0.00845	0.00688	0.00211	0.00596	0.00682	0.00834	0.01164
12	0.01382	0.00803	0.01059	0.01059	0.01254	0.00753	0.00813	0.03942	0.01652	0.15139	0.14044	0.33430	0.06242	0.01680	0.00833	0.00259	0.00474	0.13770	0.00694	0.00719
13	0.01446	0.00884	0.00932	0.00864	0.01104	0.00922	0.00664	0.04851	0.15247	0.05522	0.05608	0.02876	0.06523	0.00913	0.00574	0.00185	0.00394	0.00744	0.48981	0.00766
14	0.01751	0.20312	0.33276	0.01725	0.02450	0.12642	0.05893	0.02386	0.07474	0.04057	0.01323	0.01476	0.01011	0.00668	0.00610	0.00196	0.00934	0.00509	0.00354	0.00952
15	0.00883	0.00737	0.00781	0.00795	0.01023	0.00651	0.00618	0.01148	0.04405	0.01916	0.06333	0.06564	0.59846	0.01720	0.00822	0.00242	0.00391	0.09883	0.00637	0.00605
16	0.00845	0.00613	0.00798	0.00923	0.00990	0.00566	0.00627	0.00988	0.01392	0.01853	0.10706	0.63047	0.10051	0.02037	0.00862	0.00268	0.00386	0.01835	0.00647	0.00566
17	0.09527	0.01622	0.06707	0.09332	0.11755	0.05453	0.01374	0.15852	0.06759	0.09027	0.01902	0.07862	0.01611	0.00918	0.00677	0.00221	0.00721	0.04718	0.03025	0.00936
18	0.01792	0.02069	0.03500	0.02855	0.12164	0.14435	0.48408	0.02276	0.01665	0.02105	0.01313	0.01717	0.01016	0.00604	0.00757	0.00217	0.01123	0.00716	0.00346	0.00921
19	0.02076	0.00916	0.01113	0.00940	0.01274	0.00857	0.00748	0.02459	0.05442	0.33103	0.04655	0.02534	0.01894	0.00845	0.00593	0.00188	0.00447	0.00686	0.38337	0.00893
20	0.01889	0.01301	0.01903	0.06339	0.16750	0.01335	0.06021	0.06453	0.12945	0.17850	0.02107	0.05525	0.01640	0.01195	0.06791	0.00289	0.00769	0.00742	0.07181	0.00974
21	0.13065	0.13837	0.14861	0.01553	0.05762	0.04727	0.01396	0.09517	0.06275	0.14561	0.03424	0.01697	0.01272	0.00756	0.00681	0.00205	0.04395	0.00553	0.00492	0.00971

[dist]
# distance from previous block
# <min> <max>
1	5

[block]
# block no. 3 follows, 31 sequences, length 15
# corresponding to MSA columns:
# 320-334
name=unknown_D
#
# <colnr> <probs for GDERKNQSTAVLIFYWHMCP>
#	G	D	E	R	K	N	Q	S	T	A	V	L	I	F	Y	W	H	M	C	P
0	0.04786	0.01537	0.02230	0.23957	0.32141	0.06138	0.01752	0.05132	0.01607	0.05380	0.05008	0.01880	0.01316	0.00722	0.00730	0.00214	0.03523	0.00626	0.00392	0.00929
1	0.00974	0.00704	0.00974	0.00983	0.01063	0.00779	0.00708	0.01137	0.01080	0.01517	0.02044	0.07460	0.02111	0.26639	0.47690	0.00918	0.01391	0.00883	0.00397	0.00548
2	0.01624	0.01391	0.01738	0.19669	0.05006	0.06490	0.04696	0.16887	0.01850	0.02458	0.06315	0.02587	0.06327	0.07832	0.02711	0.00274	0.02812	0.00745	0.07780	0.00807
3	0.00864	0.00659	0.00794	0.00838	0.00978	0.00589	0.00599	0.01060	0.01575	0.02068	0.24323	0.31785	0.27816	0.01789	0.00832	0.00244	0.00358	0.01571	0.00669	0.00589
4	0.01158	0.00733	0.00942	0.00880	0.01054	0.00674	0.00647	0.01419	0.01774	0.09173	0.49537	0.09250	0.08411	0.09996	0.01108	0.00271	0.00393	0.01210	0.00710	0.00660
5	0.01393	0.01353	0.05349	0.06233	0.03848	0.01477	0.05216	0.05175	0.12865	0.02124	0.06712	0.06909	0.01930	0.03765	0.14002	0.00412	0.19175	0.00801	0.00456	0.00805
6	0.01041	0.00721	0.00932	0.01015	0.01138	0.00712	0.00756	0.01347	0.05645	0.03886	0.08249	0.39986	0.06361	0.02049	0.05985	0.00325	0.00542	0.12974	0.05703	0.00634
7	0.01754	0.22464	0.05606	0.06872	0.10407	0.09913	0.03841	0.07517	0.01635	0.02122	0.01342	0.04806	0.01165	0.00700	0.00581	0.00173	0.00770	0.00555	0.04434	0.13344
8	0.04536	0.09771	0.04295	0.11792	0.16004	0.07504	0.03445	0.10076	0.01733	0.04041	0.05627	0.05081	0.01672	0.00864	0.00703	0.00211	0.02649	0.04642	0.04471	0.00881
9	0.01779	0.13067	0.09236	0.09523	0.07968	0.06820	0.05758	0.15176	0.05388	0.02489	0.05083	0.02146	0.01515	0.00795	0.00658	0.00201	0.00799	0.04851	0.00454	0.06292
10	0.05323	0.06904	0.10088	0.07773	0.04700	0.17261	0.06934	0.06271	0.05419	0.02141	0.06304	0.02261	0.05340	0.06429	0.00933	0.00242	0.03751	0.00675	0.00423	0.00827
11	0.11164	0.07461	0.05073	0.06293	0.02006	0.06011	0.05687	0.13602	0.06974	0.05121	0.07245	0.04001	0.01674	0.00847	0.00732	0.00208	0.05434	0.00661	0.06999	0.02808
12	0.06333	0.13531	0.04629	0.01436	0.04350	0.06626	0.04211	0.13874	0.04017	0.06852	0.05576	0.10616	0.02017	0.04929	0.00815	0.00233	0.00699	0.05018	0.00521	0.03717
13	0.01886	0.05715	0.19400	0.01438	0.02003	0.04659	0.03229	0.10409	0.04331	0.17659	0.08805	0.05257	0.06411	0.00949	0.00694	0.00213	0.00715	0.02726	0.00570	0.02929
14	0.05546	0.10105	0.12853	0.04331	0.05803	0.13167	0.03483	0.07590	0.07358	0.10566	0.07603	0.01925	0.01596	0.00766	0.00637	0.00197	0.00793	0.00603	0.00486	0.04591

[dist]
# distance from previous block
# <min> <max>
0	107

[block]
# block no. 4 follows, 31 sequences, length 33
# corresponding to MSA columns:
# 442-474
name=unknown_E
#
# <colnr> <probs for GDERKNQSTAVLIFYWHMCP>
#	G	D	E	R	K	N	Q	S	T	A	V	L	I	F	Y	W	H	M	C	P
0	0.05425	0.03771	0.07881	0.03374	0.02002	0.03222	0.02845	0.22397	0.16515	0.06787	0.04357	0.02354	0.04751	0.00889	0.00710	0.00212	0.02383	0.03083	0.00583	0.06459
1	0.08646	0.04142	0.04741	0.01268	0.01671	0.03952	0.03279	0.11378	0.11601	0.09617	0.08235	0.07980	0.10418	0.01066	0.00740	0.00218	0.02969	0.02513	0.00592	0.04973
2	0.01779	0.10626	0.16166	0.03540	0.02136	0.03533	0.05888	0.12094	0.06932	0.09894	0.04214	0.07063	0.03440	0.01056	0.03919	0.00245	0.00797	0.00719	0.00502	0.05457
3	0.01761	0.11598	0.15122	0.03739	0.09269	0.05104	0.06931	0.05336	0.10104	0.10160	0.03956	0.08332	0.01740	0.00889	0.00682	0.00215	0.00771	0.02855	0.00488	0.00948
4	0.01682	0.06359	0.10002	0.12756	0.04536	0.03655	0.10230	0.11755	0.06585	0.04923	0.01653	0.06875	0.01382	0.01018	0.03480	0.00256	0.07918	0.00716	0.03323	0.00897
5	0.01701	0.09352	0.09874	0.06366	0.06856	0.01479	0.13457	0.07058	0.03892	0.10149	0.01874	0.11084	0.01645	0.00887	0.00691	0.00210	0.00764	0.03031	0.00476	0.09153
6	0.04587	0.09008	0.15987	0.01618	0.07187	0.08164	0.01408	0.07371	0.06996	0.04874	0.05772	0.02027	0.04572	0.00812	0.00738	0.00199	0.06020	0.00613	0.03850	0.08197
7	0.01211	0.06404	0.01193	0.01045	0.03177	0.00927	0.00754	0.05141	0.04648	0.05214	0.11796	0.25209	0.18994	0.04363	0.01010	0.05894	0.00472	0.01277	0.00598	0.00672
8	0.01928	0.17629	0.17916	0.01510	0.02093	0.08717	0.01462	0.16312	0.13166	0.05539	0.01711	0.06078	0.01388	0.00821	0.00633	0.00202	0.00789	0.00632	0.00489	0.00985
9	0.01851	0.01385	0.01613	0.01259	0.01695	0.01399	0.01015	0.22495	0.01948	0.08395	0.01915	0.02164	0.06408	0.06015	0.01024	0.00216	0.10015	0.00635	0.00531	0.28021
10	0.01567	0.30428	0.24435	0.01585	0.04174	0.01913	0.05713	0.05427	0.03772	0.02040	0.01772	0.06770	0.06058	0.00814	0.00610	0.00196	0.00792	0.00651	0.00376	0.00907
11	0.01601	0.06225	0.07812	0.05008	0.09901	0.01426	0.05526	0.03704	0.05895	0.10713	0.08485	0.05062	0.03566	0.03378	0.09014	0.00335	0.10232	0.00768	0.00482	0.00866
12	0.00993	0.00669	0.00775	0.00775	0.00785	0.00679	0.00451	0.01014	0.01004	0.01348	0.02129	0.04330	0.02423	0.70117	0.09234	0.00699	0.00760	0.00973	0.00411	0.00431
13	0.01497	0.01497	0.02095	0.01796	0.01796	0.02095	0.01497	0.01646	0.01048	0.01646	0.00898	0.01497	0.00898	0.01197	0.02245	0.00299	0.74704	0.00599	0.00299	0.00748
14	0.01956	0.05851	0.27724	0.04109	0.06349	0.04354	0.01807	0.29147	0.03944	0.02971	0.01405	0.01558	0.01033	0.00747	0.00725	0.00211	0.04038	0.00561	0.00464	0.01045
15	0.08596	0.01686	0.05657	0.27915	0.03383	0.06573	0.21539	0.04297	0.01502	0.02090	0.01294	0.03807	0.01042	0.00737	0.00824	0.00230	0.06982	0.00668	0.00352	0.00827
16	0.00841	0.00618	0.00793	0.00928	0.01001	0.00569	0.00638	0.00977	0.01357	0.01774	0.04221	0.62647	0.14160	0.02073	0.00867	0.00273	0.00400	0.04667	0.00635	0.00562
17	0.01340	0.01530	0.10054	0.44928	0.03797	0.01533	0.09470	0.01807	0.01401	0.01899	0.03719	0.02037	0.01212	0.00775	0.00847	0.00234	0.07851	0.02350	0.02420	0.00795
18	0.01003	0.00796	0.00898	0.00875	0.01072	0.00766	0.00643	0.01459	0.11647	0.02216	0.24998	0.12200	0.30095	0.07056	0.00996	0.00263	0.00396	0.01300	0.00663	0.00657
19	0.01199	0.01021	0.01417	0.04502	0.01547	0.01154	0.05028	0.03976	0.06322	0.01971	0.09215	0.22426	0.07118	0.11216	0.03598	0.00337	0.15602	0.01153	0.00516	0.00679
20	0.01818	0.03614	0.06750	0.06479	0.02045	0.06051	0.01288	0.16043	0.18045	0.05229	0.04249	0.02191	0.04669	0.00920	0.00904	0.00222	0.11781	0.00681	0.04088	0.02932
21	0.01128	0.00866	0.01087	0.01179	0.05915	0.00910	0.00749	0.01478	0.10214	0.01852	0.09976	0.16932	0.03108	0.34213	0.02040	0.00431	0.03857	0.02922	0.00523	0.00619
22	0.04207	0.15897	0.14083	0.01747	0.04434	0.13369	0.08678	0.06980	0.06439	0.07382	0.03976	0.01683	0.01268	0.00750	0.00747	0.00204	0.06225	0.00574	0.00426	0.00931
23	0.13628	0.04282	0.01726	0.03275	0.01855	0.10327	0.01133	0.23605	0.16090	0.02978	0.01662	0.01822	0.01296	0.03556	0.00838	0.00228	0.06070	0.00596	0.04092	0.00940
24	0.01135	0.00878	0.00990	0.00939	0.01181	0.00833	0.00723	0.10949	0.01810	0.02342	0.14407	0.16369	0.34218	0.01595	0.00803	0.00235	0.00437	0.06555	0.00652	0.02951
25	0.01791	0.23985	0.35985	0.01606	0.02370	0.04344	0.01815	0.07288	0.04740	0.08010	0.01366	0.01476	0.01016	0.00675	0.00596	0.00195	0.00863	0.00499	0.00386	0.00993
26	0.01585	0.16260	0.44591	0.01885	0.02714	0.01795	0.10869	0.02194	0.01471	0.05917	0.01268	0.01485	0.00938	0.00659	0.00692	0.00209	0.03632	0.00533	0.00328	0.00974
27	0.00950	0.00689	0.00895	0.00864	0.01016	0.00634	0.00640	0.01247	0.01862	0.02614	0.62463	0.12170	0.08419	0.01484	0.00814	0.00222	0.00331	0.01315	0.00737	0.00634
28	0.01500	0.02692	0.47764	0.06079	0.05202	0.01448	0.02056	0.02106	0.01466	0.08675	0.04559	0.01935	0.01319	0.05923	0.00930	0.00251	0.04173	0.00603	0.00374	0.00944
29	0.01995	0.07934	0.07604	0.11409	0.27235	0.01605	0.06703	0.06983	0.01720	0.17791	0.01591	0.01790	0.01167	0.00684	0.00669	0.00206	0.00802	0.00614	0.00464	0.01033
30	0.01013	0.00893	0.05849	0.00987	0.01112	0.00813	0.00757	0.01177	0.01073	0.01502	0.01947	0.03467	0.02028	0.39081	0.34491	0.00828	0.01210	0.00844	0.00384	0.00544
31	0.00963	0.00700	0.00982	0.01002	0.01087	0.00774	0.00729	0.01137	0.01103	0.01550	0.02151	0.12371	0.02241	0.20445	0.48557	0.00898	0.01390	0.00946	0.00411	0.00560
32	0.01728	0.01313	0.01461	0.03265	0.01677	0.03063	0.01016	0.14767	0.24629	0.08157	0.04698	0.10961	0.07034	0.06442	0.00997	0.00265	0.03939	0.03043	0.00638	0.00906

[dist]
# distance from previous block
# <min> <max>
0	1

[block]
# block no. 5 follows, 31 sequences, length 31
# corresponding to MSA columns:
# 476-492,499-512
name=unknown_F
#
# <colnr> <probs for GDERKNQSTAVLIFYWHMCP>
#	G	D	E	R	K	N	Q	S	T	A	V	L	I	F	Y	W	H	M	C	P
0	0.01483	0.17390	0.44198	0.07876	0.02894	0.01832	0.08736	0.02095	0.01432	0.02009	0.01178	0.01449	0.00890	0.00650	0.00676	0.00208	0.03240	0.00519	0.00297	0.00947
1	0.01892	0.02179	0.02050	0.26010	0.05319	0.34017	0.04284	0.02191	0.01646	0.01793	0.04831	0.01698	0.01201	0.00769	0.00800	0.00209	0.07401	0.00573	0.00352	0.00786
2	0.00939	0.00726	0.00843	0.00842	0.01006	0.00699	0.00612	0.01171	0.05009	0.01780	0.07124	0.09192	0.36295	0.11411	0.14057	0.05298	0.00675	0.01198	0.00548	0.00574
3	0.05991	0.17359	0.13178	0.05664	0.02364	0.07481	0.07427	0.20137	0.01938	0.04237	0.01289	0.01471	0.00987	0.00702	0.00676	0.00196	0.03753	0.00531	0.00431	0.04187
4	0.01238	0.01020	0.01501	0.01399	0.03551	0.01031	0.08598	0.06206	0.03637	0.02341	0.18786	0.05076	0.12249	0.01618	0.04720	0.00300	0.03582	0.21824	0.00597	0.00726
5	0.00843	0.00599	0.00791	0.00940	0.00978	0.00562	0.00622	0.00955	0.01291	0.01722	0.03675	0.71308	0.04404	0.06510	0.01028	0.00301	0.00413	0.01889	0.00622	0.00547
6	0.04071	0.01622	0.02371	0.08241	0.31793	0.01703	0.05784	0.18777	0.08324	0.08090	0.01611	0.01812	0.01217	0.00713	0.00683	0.00211	0.00777	0.00638	0.00495	0.01066
7	0.09147	0.20540	0.15844	0.06217	0.02176	0.15369	0.01437	0.04911	0.01594	0.08121	0.01286	0.01458	0.00995	0.00696	0.00625	0.00191	0.03443	0.00484	0.04579	0.00886
8	0.01624	0.01720	0.08063	0.10005	0.10591	0.01631	0.18329	0.06023	0.20601	0.02432	0.01713	0.01929	0.01306	0.00718	0.00741	0.00215	0.02856	0.00676	0.00455	0.08373
9	0.01008	0.00699	0.00927	0.00927	0.01006	0.00764	0.00656	0.01165	0.01086	0.01565	0.01988	0.03361	0.02011	0.31873	0.40738	0.00857	0.01264	0.00826	0.06740	0.00538
10	0.80789	0.01323	0.01006	0.00900	0.01323	0.01535	0.00741	0.02011	0.01164	0.03070	0.00953	0.01111	0.00741	0.00635	0.00423	0.00212	0.00529	0.00370	0.00423	0.00741
11	0.01032	0.00716	0.00918	0.00858	0.01040	0.00652	0.00647	0.01338	0.01900	0.05280	0.62353	0.05151	0.12711	0.01411	0.00803	0.00217	0.00335	0.01237	0.00745	0.00658
12	0.00850	0.00607	0.00813	0.00971	0.01018	0.00570	0.00664	0.00981	0.01326	0.01765	0.03762	0.71386	0.04489	0.02128	0.00878	0.00280	0.00411	0.05908	0.00635	0.00560
13	0.00839	0.00600	0.00799	0.00949	0.00994	0.00560	0.00636	0.00967	0.01337	0.01790	0.06721	0.72436	0.04609	0.02111	0.00870	0.00275	0.00394	0.01914	0.00640	0.00560
14	0.00917	0.00630	0.00769	0.00846	0.00865	0.00611	0.00521	0.00974	0.01147	0.01529	0.02935	0.38772	0.03471	0.40320	0.02223	0.00477	0.00535	0.01454	0.00521	0.00483
15	0.00879	0.00628	0.00846	0.01005	0.01065	0.00595	0.00715	0.01032	0.01355	0.01798	0.03745	0.63973	0.04425	0.02100	0.00885	0.00284	0.00437	0.13031	0.00634	0.00568
16	0.00977	0.00733	0.01100	0.01100	0.01222	0.00855	0.00855	0.01222	0.01100	0.01588	0.01833	0.02688	0.01710	0.05131	0.73245	0.01100	0.01833	0.00733	0.00367	0.00611
17	0.02372	0.01803	0.01924	0.01528	0.02034	0.02015	0.01245	0.52669	0.20328	0.03943	0.01933	0.01874	0.01399	0.00848	0.00687	0.00212	0.00699	0.00656	0.00687	0.01143
18	0.00968	0.00699	0.00914	0.00861	0.01022	0.00646	0.00646	0.01291	0.01937	0.02743	0.71328	0.05110	0.06455	0.01399	0.00807	0.00215	0.00323	0.01237	0.00753	0.00646
19	0.00891	0.00670	0.00807	0.00875	0.01000	0.00614	0.00634	0.01059	0.01451	0.01865	0.10906	0.29171	0.26675	0.10174	0.01147	0.00304	0.00434	0.10136	0.00621	0.00565
20	0.01214	0.00806	0.01038	0.01014	0.01172	0.00799	0.03370	0.07333	0.01536	0.04164	0.05066	0.35474	0.03185	0.07481	0.02934	0.00293	0.00511	0.03359	0.18596	0.00655
21	0.01804	0.01520	0.01605	0.01413	0.01818	0.01749	0.01108	0.11112	0.62809	0.03027	0.02655	0.02449	0.01983	0.00916	0.00695	0.00229	0.00565	0.00756	0.00695	0.01092
22	0.01656	0.01588	0.02710	0.10673	0.65504	0.01616	0.02081	0.02067	0.01540	0.02190	0.01280	0.01705	0.01068	0.00616	0.00678	0.00205	0.00822	0.00609	0.00335	0.01054
23	0.76030	0.01441	0.01062	0.00952	0.01371	0.05895	0.00776	0.02055	0.01211	0.02985	0.00959	0.01119	0.00749	0.00639	0.00435	0.00210	0.00572	0.00375	0.00419	0.00744
24	0.00889	0.00680	0.00795	0.00843	0.00991	0.00619	0.00603	0.01129	0.03807	0.02011	0.16000	0.32814	0.30317	0.01781	0.00819	0.00244	0.00368	0.01557	0.03134	0.00599
25	0.01806	0.20438	0.33432	0.01589	0.02341	0.04107	0.01759	0.11267	0.03905	0.06841	0.01355	0.01472	0.01010	0.00673	0.00599	0.00191	0.00845	0.00499	0.00400	0.05471
26	0.10925	0.02124	0.14921	0.01866	0.02409	0.13527	0.20552	0.02268	0.05380	0.05829	0.01571	0.06563	0.01294	0.00789	0.00738	0.00219	0.03815	0.00693	0.03641	0.00874
27	0.00935	0.00698	0.00878	0.00896	0.01056	0.00640	0.00685	0.01196	0.01714	0.02305	0.37684	0.15122	0.20375	0.01646	0.00837	0.00242	0.00385	0.11396	0.00692	0.00616
28	0.01520	0.01504	0.05886	0.16059	0.11426	0.05563	0.08267	0.03992	0.06848	0.04594	0.04873	0.08751	0.05943	0.00959	0.00833	0.00227	0.06601	0.00824	0.04486	0.00844
29	0.09321	0.05586	0.03923	0.01398	0.01861	0.05133	0.03434	0.29523	0.05915	0.12470	0.01978	0.10932	0.01639	0.00946	0.00667	0.00213	0.00687	0.00760	0.02629	0.00986
30	0.01441	0.14575	0.61982	0.01832	0.02778	0.01758	0.02322	0.02149	0.01436	0.02082	0.01186	0.01392	0.00868	0.00640	0.00618	0.00206	0.00969	0.00484	0.00289	0.00991

[dist]
# distance from previous block
# <min> <max>
1	3

[block]
# block no. 6 follows, 31 sequences, length 42
# corresponding to MSA columns:
# 516-557
name=unknown_G
#
# <colnr> <probs for GDERKNQSTAVLIFYWHMCP>
#	G	D	E	R	K	N	Q	S	T	A	V	L	I	F	Y	W	H	M	C	P
0	0.01778	0.68167	0.11335	0.01258	0.01892	0.02581	0.01323	0.02062	0.01396	0.01672	0.00982	0.01137	0.00877	0.00593	0.00463	0.00154	0.00763	0.00382	0.00292	0.00893
1	0.03882	0.01242	0.01385	0.01145	0.01596	0.01183	0.00891	0.04554	0.24137	0.02468	0.02084	0.11826	0.01839	0.00881	0.00622	0.00175	0.00512	0.00741	0.00542	0.38295
2	0.04697	0.01628	0.01816	0.01491	0.01942	0.01813	0.03924	0.34672	0.28184	0.03450	0.02195	0.07427	0.01740	0.00943	0.00699	0.00222	0.00656	0.00773	0.00663	0.01064
3	0.01488	0.21997	0.54968	0.01752	0.02656	0.01872	0.02184	0.02137	0.01431	0.02025	0.01158	0.01356	0.00870	0.00634	0.00597	0.00199	0.00940	0.00470	0.00290	0.00977
4	0.01717	0.01365	0.01556	0.01148	0.01732	0.01191	0.00926	0.15350	0.04895	0.04796	0.01417	0.01542	0.01112	0.00599	0.00556	0.00131	0.00560	0.00472	0.00487	0.58446
5	0.00893	0.00637	0.00838	0.00970	0.01033	0.00605	0.00683	0.01039	0.01348	0.01789	0.05931	0.54383	0.06092	0.08947	0.01123	0.00316	0.00453	0.11743	0.00618	0.00557
6	0.00816	0.00693	0.00704	0.00701	0.00929	0.00581	0.00526	0.00997	0.01578	0.01891	0.10038	0.06513	0.68277	0.01717	0.00808	0.00230	0.00345	0.01434	0.00641	0.00581
7	0.01665	0.40808	0.05913	0.01475	0.01825	0.02394	0.01370	0.01880	0.01244	0.01650	0.00940	0.01285	0.00886	0.00853	0.01230	0.00216	0.32769	0.00473	0.00295	0.00828
8	0.15256	0.07214	0.04748	0.01394	0.01911	0.09481	0.01185	0.35294	0.02342	0.05646	0.01637	0.01684	0.03984	0.00778	0.00612	0.00196	0.00742	0.00562	0.00552	0.04783
9	0.01632	0.01681	0.10456	0.01401	0.01862	0.01597	0.01221	0.08246	0.49007	0.02775	0.02952	0.02782	0.09427	0.00973	0.00702	0.00228	0.00596	0.00801	0.00637	0.01025
10	0.01003	0.00749	0.01060	0.01048	0.01137	0.00863	0.00781	0.01187	0.01073	0.01531	0.01867	0.03048	0.01854	0.21195	0.54287	0.00966	0.04616	0.00787	0.00375	0.00572
11	0.80789	0.01323	0.01006	0.00900	0.01323	0.01535	0.00741	0.02011	0.01164	0.03070	0.00953	0.01111	0.00741	0.00635	0.00423	0.00212	0.00529	0.00370	0.00423	0.00741
12	0.00989	0.00729	0.01081	0.01081	0.01204	0.00846	0.00840	0.01237	0.01113	0.01627	0.01849	0.02682	0.01712	0.04956	0.70301	0.01061	0.01771	0.00729	0.03579	0.00612
13	0.80789	0.01323	0.01006	0.00900	0.01323	0.01535	0.00741	0.02011	0.01164	0.03070	0.00953	0.01111	0.00741	0.00635	0.00423	0.00212	0.00529	0.00370	0.00423	0.00741
14	0.04656	0.01949	0.01991	0.01549	0.02079	0.06864	0.01270	0.59332	0.03004	0.08004	0.01646	0.01640	0.01164	0.00810	0.00673	0.00204	0.00770	0.00602	0.00664	0.01127
15	0.01615	0.01845	0.04037	0.02884	0.03576	0.01730	0.69204	0.02191	0.01615	0.02191	0.01384	0.01845	0.01038	0.00577	0.00807	0.00231	0.01153	0.00807	0.00346	0.00923
16	0.08132	0.01633	0.01761	0.01376	0.01870	0.01766	0.01131	0.48206	0.02705	0.13303	0.01801	0.01796	0.01269	0.00809	0.00644	0.00202	0.00667	0.00611	0.09243	0.01076
17	0.00834	0.00595	0.00794	0.00953	0.00992	0.00556	0.00635	0.00953	0.01310	0.01746	0.03771	0.75510	0.04525	0.02143	0.00873	0.00278	0.00397	0.01945	0.00635	0.00556
18	0.00809	0.00693	0.00693	0.00693	0.00924	0.00578	0.00520	0.00982	0.01559	0.01848	0.06931	0.06584	0.71411	0.01733	0.00809	0.00231	0.00347	0.01444	0.00635	0.00578
19	0.02556	0.03261	0.01939	0.01763	0.02115	0.73210	0.01322	0.02732	0.01939	0.01674	0.01058	0.01234	0.00881	0.00705	0.00617	0.00176	0.01234	0.00441	0.00353	0.00793
20	0.00834	0.00595	0.00794	0.00953	0.00992	0.00556	0.00635	0.00953	0.01310	0.01746	0.03771	0.75510	0.04525	0.02143	0.00873	0.00278	0.00397	0.01945	0.00635	0.00556
21	0.01102	0.00787	0.01102	0.01260	0.01417	0.00787	0.01102	0.01417	0.01575	0.02047	0.03622	0.07717	0.03937	0.01890	0.00945	0.00315	0.00630	0.67084	0.00630	0.00630
22	0.00828	0.00618	0.00770	0.00892	0.00976	0.00561	0.00608	0.00959	0.01368	0.01770	0.04504	0.59523	0.20039	0.02048	0.00858	0.00267	0.00385	0.01829	0.00635	0.00561
23	0.01759	0.01498	0.01579	0.01404	0.01801	0.01728	0.01097	0.07825	0.66170	0.02954	0.02712	0.02495	0.02029	0.00921	0.00695	0.00230	0.00555	0.00763	0.00695	0.01088
24	0.80789	0.01323	0.01006	0.00900	0.01323	0.01535	0.00741	0.02011	0.01164	0.03070	0.00953	0.01111	0.00741	0.00635	0.00423	0.00212	0.00529	0.00370	0.00423	0.00741
25	0.01334	0.01262	0.02118	0.65700	0.10592	0.01548	0.01905	0.01776	0.01375	0.01788	0.01212	0.01802	0.00927	0.00694	0.00734	0.00228	0.03302	0.00608	0.00307	0.00788
26	0.03053	0.01190	0.01604	0.01230	0.01759	0.01044	0.01016	0.05615	0.02002	0.69821	0.02663	0.02305	0.01675	0.00846	0.00688	0.00211	0.00588	0.00686	0.00841	0.01164
27	0.01021	0.00754	0.00960	0.00899	0.01076	0.00721	0.00677	0.01459	0.06836	0.02752	0.66426	0.04927	0.06143	0.01365	0.00799	0.00216	0.00338	0.01204	0.00749	0.00677
28	0.13532	0.01417	0.01610	0.01269	0.01779	0.01435	0.01039	0.20191	0.09358	0.32518	0.02082	0.01938	0.01415	0.00794	0.00638	0.00204	0.00609	0.00613	0.00697	0.06859
29	0.01475	0.01478	0.01915	0.01675	0.01718	0.06413	0.01376	0.01643	0.01113	0.01638	0.01068	0.01684	0.01036	0.01840	0.14301	0.00429	0.57544	0.00612	0.00314	0.00728
30	0.00968	0.00699	0.00914	0.00861	0.01022	0.00646	0.00646	0.01291	0.01937	0.02743	0.71328	0.05110	0.06455	0.01399	0.00807	0.00215	0.00323	0.01237	0.00753	0.00646
31	0.01173	0.00600	0.00880	0.00880	0.00880	0.00600	0.00580	0.00899	0.00899	0.01199	0.01263	0.02265	0.01289	0.08066	0.02736	0.73953	0.00600	0.00625	0.00306	0.00306
32	0.01921	0.67121	0.03377	0.01245	0.01801	0.11625	0.01190	0.02135	0.01460	0.01618	0.00965	0.01115	0.00878	0.00600	0.00461	0.00150	0.00795	0.00375	0.00300	0.00867
33	0.01739	0.01914	0.01908	0.01688	0.01810	0.23075	0.01354	0.01909	0.01320	0.01647	0.01077	0.01586	0.01008	0.01606	0.11774	0.00376	0.42571	0.00571	0.00325	0.00742
34	0.01652	0.50718	0.24532	0.01390	0.02080	0.02274	0.01553	0.02038	0.01389	0.01768	0.01089	0.01353	0.00946	0.03943	0.00638	0.00191	0.00814	0.00436	0.00297	0.00898
35	0.01610	0.01830	0.03953	0.02837	0.03499	0.01746	0.66280	0.02168	0.01590	0.02168	0.01363	0.01830	0.01032	0.00604	0.00869	0.00234	0.04330	0.00798	0.00344	0.00915
36	0.01761	0.67354	0.03296	0.01159	0.01704	0.02511	0.01129	0.02070	0.04734	0.01751	0.06089	0.01455	0.01336	0.00660	0.00478	0.00155	0.00693	0.00448	0.00345	0.00871
37	0.00906	0.00697	0.00829	0.00796	0.00984	0.00619	0.00597	0.01171	0.01791	0.02397	0.46400	0.05681	0.31599	0.01528	0.00808	0.00221	0.00332	0.01317	0.00708	0.00619
38	0.68520	0.01296	0.01036	0.00917	0.01324	0.01488	0.00751	0.06162	0.01317	0.03098	0.01115	0.01278	0.00862	0.00662	0.00445	0.00206	0.00524	0.00411	0.07831	0.00758
39	0.77010	0.04914	0.01129	0.00913	0.01344	0.01591	0.00761	0.02013	0.01175	0.03000	0.00953	0.01111	0.00747	0.00633	0.00424	0.00209	0.00539	0.00370	0.00417	0.00747
40	0.00865	0.00618	0.00830	0.00989	0.01042	0.00583	0.00690	0.01007	0.01341	0.01782	0.03753	0.67525	0.04456	0.02114	0.00882	0.00282	0.00424	0.09618	0.00634	0.00564
41	0.01662	0.01597	0.02715	0.09069	0.61687	0.01625	0.04277	0.02142	0.04431	0.02225	0.01348	0.01744	0.01112	0.00627	0.00683	0.00207	0.00820	0.00623	0.00351	0.01055

[dist]
# distance from previous block
# <min> <max>
0	11

[block]
# block no. 7 follows, 31 sequences, length 45
# corresponding to MSA columns:
# 569-613
name=unknown_H
#
# <colnr> <probs for GDERKNQSTAVLIFYWHMCP>
#	G	D	E	R	K	N	Q	S	T	A	V	L	I	F	Y	W	H	M	C	P
0	0.00834	0.00595	0.00794	0.00953	0.00992	0.00556	0.00635	0.00953	0.01310	0.01746	0.03771	0.75510	0.04525	0.02143	0.00873	0.00278	0.00397	0.01945	0.00635	0.00556
1	0.01431	0.01353	0.02289	0.44532	0.30550	0.01527	0.01933	0.01856	0.01440	0.01937	0.01334	0.04379	0.01106	0.00707	0.00688	0.00220	0.00855	0.00656	0.00329	0.00878
2	0.80789	0.01323	0.01006	0.00900	0.01323	0.01535	0.00741	0.02011	0.01164	0.03070	0.00953	0.01111	0.00741	0.00635	0.00423	0.00212	0.00529	0.00370	0.00423	0.00741
3	0.00812	0.00679	0.00708	0.00732	0.00934	0.00574	0.00537	0.00977	0.01522	0.01833	0.06460	0.16847	0.61452	0.01794	0.00818	0.00238	0.00354	0.01518	0.00635	0.00574
4	0.01887	0.34946	0.14304	0.01385	0.01971	0.08373	0.03222	0.05977	0.03939	0.08200	0.01584	0.01678	0.03850	0.00712	0.00561	0.00179	0.00777	0.00523	0.05015	0.00916
5	0.01712	0.01914	0.14152	0.08398	0.37066	0.01611	0.10415	0.07189	0.01669	0.05102	0.01392	0.01725	0.01078	0.00648	0.00685	0.00210	0.00868	0.00621	0.02518	0.01025
6	0.01622	0.01826	0.03926	0.02999	0.09580	0.01721	0.63289	0.02183	0.01610	0.02195	0.01376	0.01832	0.01042	0.00580	0.00796	0.00228	0.01123	0.00790	0.00345	0.00937
7	0.02584	0.02423	0.02010	0.01645	0.02119	0.28901	0.01308	0.44290	0.02735	0.03318	0.01422	0.01489	0.01057	0.00777	0.00659	0.00194	0.00934	0.00550	0.00559	0.01024
8	0.01799	0.26553	0.14968	0.01685	0.04285	0.01950	0.10966	0.07093	0.10502	0.06402	0.01477	0.01601	0.01138	0.00667	0.00604	0.00188	0.00795	0.00551	0.00421	0.06352
9	0.00870	0.00695	0.00779	0.00758	0.00962	0.00604	0.00568	0.01102	0.01705	0.02195	0.31854	0.06014	0.46272	0.01603	0.00808	0.00225	0.00337	0.01364	0.00681	0.00604
10	0.80789	0.01323	0.01006	0.00900	0.01323	0.01535	0.00741	0.02011	0.01164	0.03070	0.00953	0.01111	0.00741	0.00635	0.00423	0.00212	0.00529	0.00370	0.00423	0.00741
11	0.00995	0.00663	0.00746	0.00746	0.00746	0.00663	0.00415	0.00995	0.00995	0.01327	0.02156	0.04477	0.02487	0.75957	0.03482	0.00663	0.00663	0.00995	0.00415	0.00415
12	0.00823	0.00638	0.00750	0.00840	0.00963	0.00565	0.00585	0.00965	0.01418	0.01791	0.05140	0.45634	0.33517	0.01965	0.00845	0.00258	0.00375	0.01728	0.00635	0.00565
13	0.02135	0.01373	0.01560	0.01337	0.01769	0.01481	0.01058	0.03540	0.48765	0.24805	0.02757	0.02482	0.01963	0.00902	0.00694	0.00226	0.00554	0.00746	0.00744	0.01109
14	0.00899	0.00660	0.00830	0.00937	0.01025	0.00618	0.00644	0.03445	0.01434	0.01887	0.06457	0.61145	0.13451	0.02015	0.00855	0.00267	0.00400	0.01805	0.00641	0.00584
15	0.00972	0.00692	0.00943	0.01095	0.01191	0.00674	0.00856	0.01183	0.01428	0.01878	0.03634	0.39413	0.04156	0.04939	0.01012	0.00311	0.00522	0.33892	0.00624	0.00587
16	0.01372	0.03539	0.72412	0.01950	0.02961	0.01589	0.02528	0.02167	0.01444	0.02167	0.01228	0.01444	0.00867	0.00650	0.00650	0.00217	0.01011	0.00506	0.00289	0.01011
17	0.01498	0.01597	0.04723	0.02032	0.02299	0.01847	0.21052	0.01915	0.05739	0.01895	0.01248	0.01762	0.01082	0.01305	0.07495	0.00338	0.40333	0.00679	0.00344	0.00817
18	0.00934	0.00687	0.00935	0.01071	0.01139	0.00688	0.00795	0.01104	0.01365	0.01819	0.03596	0.54671	0.04202	0.02034	0.00957	0.00288	0.03998	0.18514	0.00618	0.00584
19	0.04014	0.01307	0.02306	0.57184	0.04271	0.01526	0.13252	0.01827	0.01405	0.01895	0.01271	0.01829	0.00957	0.00668	0.00689	0.00226	0.00920	0.00635	0.03037	0.00783
20	0.00972	0.00724	0.01069	0.01076	0.01189	0.00833	0.00824	0.01199	0.01104	0.01583	0.01933	0.05986	0.01872	0.08375	0.66728	0.01042	0.01713	0.00799	0.00381	0.00599
21	0.01245	0.00641	0.00641	0.00641	0.00805	0.00634	0.00481	0.01554	0.01443	0.02505	0.02537	0.02813	0.06280	0.00858	0.00500	0.00164	0.00321	0.00690	0.74613	0.00634
22	0.01534	0.02523	0.37616	0.01676	0.02381	0.01644	0.01818	0.02888	0.35329	0.02508	0.01992	0.01988	0.01467	0.00787	0.00673	0.00224	0.00780	0.00637	0.00489	0.01046
23	0.00968	0.00699	0.00914	0.00861	0.01022	0.00646	0.00646	0.01291	0.01937	0.02743	0.71328	0.05110	0.06455	0.01399	0.00807	0.00215	0.00323	0.01237	0.00753	0.00646
24	0.80789	0.01323	0.01006	0.00900	0.01323	0.01535	0.00741	0.02011	0.01164	0.03070	0.00953	0.01111	0.00741	0.00635	0.00423	0.00212	0.00529	0.00370	0.00423	0.00741
25	0.02296	0.01704	0.01832	0.01464	0.01936	0.01890	0.01180	0.47406	0.18697	0.05825	0.01976	0.02069	0.01485	0.05977	0.00878	0.00243	0.00692	0.00681	0.00674	0.01094
26	0.01019	0.00704	0.00812	0.00797	0.00797	0.00733	0.00467	0.01027	0.00997	0.01342	0.02094	0.04332	0.02410	0.72312	0.03422	0.00646	0.04273	0.00976	0.00409	0.00431
