[name]
unknown

[dist]
# distance from previous block
# <min> <max>
0	50

[block]
# block no. 0 follows, 36 sequences, length 27
# corresponding to MSA columns:
# 50-76
name=unknown_A
#
# <colnr> <probs for GDERKNQSTAVLIFYWHMCP>
#	G	D	E	R	K	N	Q	S	T	A	V	L	I	F	Y	W	H	M	C	P
0	0.01314	0.02945	0.64199	0.01706	0.02543	0.01449	0.02122	0.05636	0.05324	0.02104	0.01301	0.01604	0.00974	0.00658	0.00606	0.00201	0.00872	0.03210	0.00314	0.00918
1	0.01804	0.09688	0.01740	0.01292	0.01709	0.04300	0.01048	0.21864	0.41479	0.02789	0.01973	0.01882	0.01485	0.00766	0.00598	0.00191	0.00585	0.00604	0.00573	0.03629
2	0.01511	0.36964	0.34822	0.01411	0.02104	0.01937	0.01615	0.05614	0.05297	0.01880	0.01101	0.01237	0.00869	0.00587	0.00509	0.00169	0.00771	0.00422	0.00303	0.00877
3	0.01637	0.43605	0.25627	0.01343	0.01993	0.02067	0.01473	0.12119	0.01523	0.01984	0.01037	0.01171	0.00834	0.00583	0.00493	0.00161	0.00749	0.00406	0.00317	0.00876
4	0.01517	0.05928	0.09833	0.02343	0.05249	0.01528	0.52411	0.02004	0.01452	0.06376	0.01379	0.04533	0.01082	0.00602	0.00696	0.00204	0.00950	0.00715	0.00345	0.00851
5	0.01589	0.12923	0.03350	0.02243	0.02825	0.06480	0.52084	0.04575	0.04000	0.01979	0.01237	0.01561	0.00952	0.00553	0.00668	0.00195	0.00967	0.00648	0.00331	0.00840
6	0.01301	0.01234	0.02093	0.51836	0.28089	0.01417	0.01792	0.01701	0.01305	0.01743	0.01129	0.01621	0.00884	0.00600	0.00621	0.00200	0.00800	0.00554	0.00288	0.00792
7	0.00807	0.00631	0.00833	0.08586	0.01252	0.00615	0.00687	0.00967	0.01258	0.01618	0.03879	0.47361	0.21632	0.01794	0.02978	0.00260	0.00442	0.03327	0.00540	0.00534
8	0.01177	0.01107	0.01869	0.76606	0.04291	0.01384	0.01730	0.01592	0.01246	0.01592	0.01107	0.01661	0.00831	0.00623	0.00623	0.00208	0.00831	0.00554	0.00277	0.00692
9	0.00929	0.00596	0.00696	0.00696	0.00696	0.00596	0.00398	0.00894	0.00894	0.01192	0.01851	0.03799	0.02114	0.68413	0.03077	0.10975	0.00596	0.00859	0.00364	0.00364
10	0.01453	0.01644	0.03575	0.02570	0.03182	0.01543	0.69269	0.01969	0.01469	0.01991	0.01338	0.01883	0.01045	0.00570	0.00740	0.00213	0.01032	0.03358	0.00325	0.00830
11	0.00935	0.00671	0.00825	0.00774	0.00953	0.00613	0.00585	0.01238	0.03780	0.04831	0.53683	0.04807	0.21346	0.01314	0.00728	0.00200	0.00313	0.01140	0.00663	0.00602
12	0.01250	0.03223	0.74875	0.01776	0.02697	0.01447	0.02302	0.01973	0.01315	0.01973	0.01118	0.01315	0.00789	0.00592	0.00592	0.00197	0.00921	0.00460	0.00263	0.00921
13	0.00759	0.00542	0.00723	0.00868	0.00904	0.00506	0.00578	0.00868	0.01193	0.01591	0.03434	0.77697	0.04121	0.01952	0.00795	0.00253	0.00361	0.01771	0.00578	0.00506
14	0.01250	0.03223	0.74875	0.01776	0.02697	0.01447	0.02302	0.01973	0.01315	0.01973	0.01118	0.01315	0.00789	0.00592	0.00592	0.00197	0.00921	0.00460	0.00263	0.00921
15	0.00906	0.00604	0.00680	0.00680	0.00680	0.00604	0.00378	0.00906	0.00906	0.01208	0.01963	0.04077	0.02265	0.78103	0.03171	0.00604	0.00604	0.00906	0.00378	0.00378
16	0.00882	0.00637	0.00833	0.00784	0.00931	0.00588	0.00588	0.01176	0.01764	0.02499	0.73888	0.04654	0.05879	0.01274	0.00735	0.00196	0.00294	0.01127	0.00686	0.00588
17	0.01471	0.01681	0.03676	0.02626	0.03256	0.01576	0.71954	0.01996	0.01471	0.01996	0.01261	0.01681	0.00945	0.00525	0.00735	0.00210	0.01050	0.00735	0.00315	0.00840
18	0.01161	0.00581	0.00581	0.00581	0.00726	0.00581	0.00436	0.01452	0.01307	0.02323	0.02033	0.02323	0.01597	0.00726	0.00436	0.00145	0.00290	0.00581	0.81562	0.00581
19	0.00759	0.00542	0.00723	0.00868	0.00904	0.00506	0.00578	0.00868	0.01193	0.01591	0.03434	0.77697	0.04121	0.01952	0.00795	0.00253	0.00361	0.01771	0.00578	0.00506
20	0.21956	0.01165	0.01362	0.01072	0.01533	0.01136	0.00885	0.09833	0.01727	0.50083	0.01976	0.01790	0.01284	0.00722	0.00568	0.00192	0.00535	0.00550	0.00663	0.00967
21	0.02327	0.02970	0.01766	0.01605	0.01926	0.75602	0.01204	0.02488	0.01766	0.01525	0.00963	0.01124	0.00803	0.00642	0.00562	0.00161	0.01124	0.00401	0.00321	0.00722
22	0.01292	0.01107	0.01292	0.00923	0.01477	0.00831	0.00738	0.01569	0.01292	0.02030	0.01107	0.01292	0.00923	0.00461	0.00461	0.00092	0.00461	0.00369	0.00369	0.81912
23	0.02327	0.02970	0.01766	0.01605	0.01926	0.75602	0.01204	0.02488	0.01766	0.01525	0.00963	0.01124	0.00803	0.00642	0.00562	0.00161	0.01124	0.00401	0.00321	0.00722
24	0.00890	0.00668	0.01001	0.01001	0.01113	0.00779	0.00779	0.01113	0.01001	0.01446	0.01669	0.02448	0.01558	0.04673	0.75634	0.01001	0.01669	0.00668	0.00334	0.00556
25	0.00757	0.00551	0.00714	0.00844	0.00897	0.00508	0.00568	0.00870	0.01216	0.01600	0.03723	0.70507	0.11125	0.01914	0.00789	0.00249	0.00357	0.01725	0.00578	0.00508
26	0.02128	0.02638	0.01795	0.01611	0.01866	0.60390	0.01237	0.02284	0.01598	0.01520	0.00933	0.01173	0.00806	0.00735	0.00868	0.00184	0.16779	0.00431	0.00311	0.00714

[dist]
# distance from previous block
# <min> <max>
0	2

[block]
# block no. 1 follows, 36 sequences, length 30
# corresponding to MSA columns:
# 79-108
name=unknown_B
#
# <colnr> <probs for GDERKNQSTAVLIFYWHMCP>
#	G	D	E	R	K	N	Q	S	T	A	V	L	I	F	Y	W	H	M	C	P
0	0.05414	0.01099	0.01449	0.01115	0.01595	0.00982	0.00921	0.06428	0.01816	0.68757	0.02358	0.02053	0.01490	0.00764	0.00618	0.00193	0.00536	0.00614	0.00751	0.01048
1	0.01471	0.01681	0.03676	0.02626	0.03256	0.01576	0.71954	0.01996	0.01471	0.01996	0.01261	0.01681	0.00945	0.00525	0.00735	0.00210	0.01050	0.00735	0.00315	0.00840
2	0.01177	0.01107	0.01869	0.76606	0.04291	0.01384	0.01730	0.01592	0.01246	0.01592	0.01107	0.01661	0.00831	0.00623	0.00623	0.00208	0.00831	0.00554	0.00277	0.00692
3	0.75532	0.07870	0.01118	0.00841	0.01239	0.01490	0.00709	0.01834	0.01078	0.02681	0.00867	0.01011	0.00686	0.00574	0.00387	0.00188	0.00498	0.00337	0.00375	0.00686
4	0.00891	0.00662	0.00973	0.00973	0.01074	0.00763	0.00743	0.01094	0.00993	0.01425	0.01695	0.02592	0.01620	0.11193	0.69200	0.00966	0.01574	0.00689	0.00338	0.00540
5	0.00889	0.00600	0.00700	0.00727	0.00739	0.00595	0.00434	0.00918	0.00971	0.01292	0.02233	0.14738	0.02589	0.63812	0.02729	0.00540	0.00568	0.04106	0.00415	0.00405
6	0.01542	0.01480	0.02529	0.03824	0.74217	0.01480	0.01912	0.01912	0.01419	0.02036	0.01172	0.01542	0.00987	0.00555	0.00617	0.00185	0.00740	0.00555	0.00308	0.00987
7	0.01595	0.65693	0.15430	0.01187	0.01786	0.02292	0.01276	0.01884	0.01274	0.01552	0.00909	0.01053	0.00798	0.00543	0.00432	0.00144	0.00710	0.00355	0.00266	0.00820
8	0.01828	0.01519	0.02351	0.01733	0.02271	0.03667	0.27667	0.18841	0.03434	0.11414	0.03406	0.01697	0.01191	0.00628	0.00638	0.00179	0.00761	0.00613	0.00472	0.15690
9	0.01765	0.01308	0.01386	0.01240	0.03921	0.05780	0.00940	0.10298	0.32288	0.12499	0.05030	0.02137	0.01725	0.00781	0.00595	0.00186	0.00530	0.00635	0.10981	0.05975
10	0.00906	0.00604	0.00680	0.00680	0.00680	0.00604	0.00378	0.00906	0.00906	0.01208	0.01963	0.04077	0.02265	0.78103	0.03171	0.00604	0.00604	0.00906	0.00378	0.00378
11	0.00785	0.00629	0.00701	0.00691	0.00873	0.00545	0.00515	0.00985	0.01523	0.01947	0.28370	0.08562	0.48689	0.01494	0.00738	0.00207	0.00310	0.01272	0.00614	0.00545
12	0.02327	0.02970	0.01766	0.01605	0.01926	0.75602	0.01204	0.02488	0.01766	0.01525	0.00963	0.01124	0.00803	0.00642	0.00562	0.00161	0.01124	0.00401	0.00321	0.00722
13	0.00890	0.00668	0.01001	0.01001	0.01113	0.00779	0.00779	0.01113	0.01001	0.01446	0.01669	0.02448	0.01558	0.04673	0.75634	0.01001	0.01669	0.00668	0.00334	0.00556
14	0.00759	0.00542	0.00723	0.00868	0.00904	0.00506	0.00578	0.00868	0.01193	0.01591	0.03434	0.77697	0.04121	0.01952	0.00795	0.00253	0.00361	0.01771	0.00578	0.00506
15	0.01575	0.01564	0.02430	0.08467	0.64328	0.06880	0.01848	0.01933	0.01433	0.01969	0.01152	0.01519	0.00963	0.00566	0.00613	0.00185	0.00774	0.00544	0.00307	0.00948
16	0.00890	0.00668	0.01001	0.01001	0.01113	0.00779	0.00779	0.01113	0.01001	0.01446	0.01669	0.02448	0.01558	0.04673	0.75634	0.01001	0.01669	0.00668	0.00334	0.00556
17	0.00759	0.00542	0.00723	0.00868	0.00904	0.00506	0.00578	0.00868	0.01193	0.01591	0.03434	0.77697	0.04121	0.01952	0.00795	0.00253	0.00361	0.01771	0.00578	0.00506
18	0.00974	0.00886	0.01615	0.01399	0.01614	0.00829	0.22133	0.01208	0.01277	0.01713	0.02778	0.54741	0.03162	0.01521	0.00777	0.00240	0.00570	0.01458	0.00499	0.00607
19	0.00919	0.00707	0.01042	0.01025	0.01125	0.00839	0.00796	0.01127	0.00994	0.01439	0.01630	0.02455	0.01544	0.07724	0.67951	0.00940	0.06183	0.00671	0.00332	0.00556
20	0.01082	0.00541	0.00812	0.00812	0.00812	0.00541	0.00541	0.00812	0.00812	0.01082	0.01082	0.01894	0.01082	0.02165	0.02435	0.81872	0.00541	0.00541	0.00271	0.00271
21	0.01505	0.01443	0.02462	0.11182	0.67147	0.01471	0.01894	0.01880	0.01401	0.01991	0.01165	0.01554	0.00971	0.00562	0.00617	0.00187	0.00749	0.00555	0.00305	0.00957
22	0.01368	0.10241	0.58296	0.01868	0.08724	0.01571	0.02097	0.05274	0.01396	0.02022	0.01116	0.01313	0.00820	0.00590	0.00577	0.00190	0.00870	0.00461	0.00284	0.00921
23	0.01363	0.01105	0.01299	0.00932	0.01482	0.00835	0.00747	0.01638	0.01315	0.05463	0.01171	0.01331	0.00952	0.00476	0.00469	0.00097	0.00465	0.00381	0.00388	0.78090
24	0.01347	0.16535	0.54832	0.01735	0.02557	0.01642	0.09150	0.01956	0.01322	0.01885	0.01087	0.01296	0.00807	0.00575	0.00572	0.00187	0.00888	0.00466	0.00269	0.00891
25	0.00897	0.00671	0.01001	0.01010	0.01123	0.00775	0.00792	0.01123	0.01028	0.01472	0.01768	0.02725	0.01680	0.04494	0.71104	0.00958	0.01603	0.04869	0.00348	0.00557
26	0.02729	0.01046	0.01425	0.01097	0.01568	0.00904	0.00904	0.02972	0.01783	0.72134	0.04947	0.02209	0.01693	0.00789	0.00630	0.00193	0.00522	0.00644	0.00768	0.01044
27	0.01434	0.01377	0.02304	0.21491	0.49663	0.01500	0.01812	0.01792	0.01329	0.01872	0.01120	0.01553	0.00931	0.00626	0.00763	0.00199	0.08499	0.00554	0.00297	0.00883
28	0.00909	0.00652	0.00924	0.00924	0.01020	0.00739	0.00694	0.01100	0.01004	0.01460	0.01738	0.02703	0.01674	0.16271	0.59477	0.00886	0.01415	0.00701	0.05180	0.00529
29	0.00757	0.00550	0.00715	0.00847	0.00898	0.00508	0.00569	0.00870	0.01212	0.01599	0.03682	0.71512	0.10145	0.01920	0.00790	0.00249	0.00358	0.01732	0.00578	0.00508

[dist]
# distance from previous block
# <min> <max>
0	45

[block]
# block no. 2 follows, 36 sequences, length 56
# corresponding to MSA columns:
# 154-209
name=unknown_C
#
# <colnr> <probs for GDERKNQSTAVLIFYWHMCP>
#	G	D	E	R	K	N	Q	S	T	A	V	L	I	F	Y	W	H	M	C	P
0	0.01459	0.01367	0.02304	0.05422	0.62423	0.01374	0.01784	0.01819	0.01416	0.02000	0.01459	0.02291	0.01336	0.00715	0.00650	0.00199	0.00720	0.09995	0.00344	0.00923
1	0.00891	0.00665	0.00991	0.00991	0.01098	0.00773	0.00765	0.01106	0.00998	0.01438	0.01679	0.02503	0.01581	0.07145	0.73194	0.00988	0.01633	0.00676	0.00335	0.00550
2	0.01292	0.01107	0.01292	0.00923	0.01477	0.00831	0.00738	0.01569	0.01292	0.02030	0.01107	0.01292	0.00923	0.00461	0.00461	0.00092	0.00461	0.00369	0.00369	0.81912
3	0.01041	0.00759	0.01032	0.01156	0.01313	0.00774	0.01003	0.01429	0.06318	0.01915	0.03247	0.06708	0.03471	0.01661	0.00845	0.00282	0.00568	0.65299	0.00578	0.00602
4	0.01161	0.00581	0.00581	0.00581	0.00726	0.00581	0.00436	0.01452	0.01307	0.02323	0.02033	0.02323	0.01597	0.00726	0.00436	0.00145	0.00290	0.00581	0.81562	0.00581
5	0.00759	0.00542	0.00723	0.00868	0.00904	0.00506	0.00578	0.00868	0.01193	0.01591	0.03434	0.77697	0.04121	0.01952	0.00795	0.00253	0.00361	0.01771	0.00578	0.00506
6	0.00974	0.00790	0.01161	0.01113	0.01205	0.00978	0.00882	0.01181	0.00993	0.01456	0.01519	0.02256	0.01427	0.04041	0.62650	0.00873	0.14954	0.00646	0.00323	0.00578
7	0.00906	0.00604	0.00680	0.00680	0.00680	0.00604	0.00378	0.00906	0.00906	0.01208	0.01963	0.04077	0.02265	0.78103	0.03171	0.00604	0.00604	0.00906	0.00378	0.00378
8	0.00759	0.00542	0.00723	0.00868	0.00904	0.00506	0.00578	0.00868	0.01193	0.01591	0.03434	0.77697	0.04121	0.01952	0.00795	0.00253	0.00361	0.01771	0.00578	0.00506
9	0.01592	0.65200	0.15900	0.01191	0.01793	0.02286	0.01284	0.01885	0.01275	0.01555	0.00911	0.01055	0.00798	0.00543	0.00434	0.00145	0.00711	0.00356	0.00266	0.00821
10	0.00822	0.00643	0.00985	0.01024	0.01113	0.00601	0.06922	0.00968	0.01218	0.01627	0.03241	0.70941	0.03839	0.01825	0.00790	0.00249	0.00423	0.01679	0.00555	0.00536
11	0.00759	0.00542	0.00723	0.00868	0.00904	0.00506	0.00578	0.00868	0.01193	0.01591	0.03434	0.77697	0.04121	0.01952	0.00795	0.00253	0.00361	0.01771	0.00578	0.00506
12	0.01471	0.01681	0.03676	0.02626	0.03256	0.01576	0.71954	0.01996	0.01471	0.01996	0.01261	0.01681	0.00945	0.00525	0.00735	0.00210	0.01050	0.00735	0.00315	0.00840
13	0.01053	0.00825	0.01165	0.01103	0.01231	0.00989	0.00873	0.06537	0.01142	0.01640	0.01564	0.02258	0.01440	0.03988	0.61981	0.00861	0.09748	0.00646	0.00349	0.00608
14	0.01250	0.03223	0.74875	0.01776	0.02697	0.01447	0.02302	0.01973	0.01315	0.01973	0.01118	0.01315	0.00789	0.00592	0.00592	0.00197	0.00921	0.00460	0.00263	0.00921
15	0.01510	0.01471	0.07388	0.01589	0.01711	0.01766	0.01386	0.01702	0.01071	0.09457	0.01018	0.01442	0.00894	0.01018	0.01781	0.00258	0.62924	0.00548	0.00326	0.00741
16	0.00906	0.00604	0.00680	0.00680	0.00680	0.00604	0.00378	0.00906	0.00906	0.01208	0.01963	0.04077	0.02265	0.78103	0.03171	0.00604	0.00604	0.00906	0.00378	0.00378
17	0.01177	0.01107	0.01869	0.76606	0.04291	0.01384	0.01730	0.01592	0.01246	0.01592	0.01107	0.01661	0.00831	0.00623	0.00623	0.00208	0.00831	0.00554	0.00277	0.00692
18	0.01309	0.01127	0.01880	0.67033	0.08361	0.01358	0.01686	0.01710	0.01293	0.06598	0.01203	0.01685	0.00889	0.00629	0.00623	0.00205	0.00805	0.00559	0.00312	0.00735
19	0.01272	0.03091	0.69393	0.01931	0.08116	0.01450	0.02272	0.01969	0.01323	0.01978	0.01122	0.01333	0.00804	0.00589	0.00594	0.00196	0.00907	0.00468	0.00267	0.00926
20	0.00929	0.00621	0.00748	0.00761	0.00908	0.00562	0.00553	0.01127	0.01450	0.05499	0.23069	0.26632	0.23161	0.01477	0.00716	0.00211	0.00331	0.01288	0.09387	0.00569
21	0.06615	0.00713	0.00893	0.00815	0.01008	0.00672	0.00623	0.01386	0.01717	0.08931	0.62563	0.04181	0.05139	0.01182	0.00701	0.00195	0.00328	0.01029	0.00673	0.00636
22	0.02287	0.02466	0.01852	0.01700	0.06855	0.46366	0.01246	0.25314	0.02124	0.02348	0.01152	0.01274	0.00900	0.00671	0.00586	0.00171	0.00954	0.00464	0.00419	0.00851
23	0.02617	0.01388	0.01618	0.01249	0.01732	0.03983	0.01028	0.29186	0.02217	0.45240	0.02040	0.01848	0.01333	0.00758	0.00623	0.00189	0.00610	0.00594	0.00699	0.01048
24	0.01458	0.01642	0.03514	0.02510	0.03135	0.01525	0.67100	0.01967	0.01458	0.01998	0.01250	0.01654	0.00944	0.00521	0.00717	0.00202	0.01010	0.00710	0.00319	0.06366
25	0.01131	0.00587	0.00608	0.00603	0.00748	0.00581	0.00452	0.01422	0.01356	0.02342	0.09814	0.02575	0.02061	0.00785	0.00468	0.00151	0.00291	0.00640	0.72804	0.00581
26	0.01613	0.01047	0.01133	0.01000	0.01300	0.01133	0.00783	0.07650	0.32053	0.11282	0.02259	0.02238	0.01681	0.00784	0.00557	0.00182	0.00435	0.00637	0.31387	0.00847
27	0.01531	0.01469	0.02509	0.05995	0.72131	0.01478	0.01907	0.01903	0.01414	0.02022	0.01170	0.01546	0.00982	0.00557	0.00617	0.00186	0.00743	0.00555	0.00307	0.00978
28	0.00906	0.00604	0.00680	0.00680	0.00680	0.00604	0.00378	0.00906	0.00906	0.01208	0.01963	0.04077	0.02265	0.78103	0.03171	0.00604	0.00604	0.00906	0.00378	0.00378
29	0.00765	0.00640	0.00672	0.00687	0.00890	0.00547	0.00531	0.00937	0.01422	0.01703	0.05986	0.06108	0.66343	0.01593	0.00750	0.00219	0.00344	0.08755	0.00578	0.00531
30	0.01666	0.78478	0.03265	0.01066	0.01599	0.02465	0.01066	0.01866	0.01266	0.01466	0.00866	0.00999	0.00800	0.00533	0.00400	0.00133	0.00666	0.00333	0.00267	0.00800
31	0.01666	0.78478	0.03265	0.01066	0.01599	0.02465	0.01066	0.01866	0.01266	0.01466	0.00866	0.00999	0.00800	0.00533	0.00400	0.00133	0.00666	0.00333	0.00267	0.00800
32	0.01471	0.01681	0.03676	0.02626	0.03256	0.01576	0.71954	0.01996	0.01471	0.01996	0.01261	0.01681	0.00945	0.00525	0.00735	0.00210	0.01050	0.00735	0.00315	0.00840
33	0.01974	0.01445	0.02829	0.02050	0.02624	0.01325	0.44973	0.02391	0.01589	0.29590	0.01715	0.01848	0.01172	0.00619	0.00694	0.00204	0.00853	0.00694	0.00488	0.00924
34	0.00757	0.00617	0.00670	0.00689	0.00862	0.00530	0.00504	0.00922	0.01420	0.01760	0.13475	0.18049	0.54364	0.01607	0.00746	0.00216	0.00321	0.01371	0.00591	0.00530
35	0.00759	0.00542	0.00723	0.00868	0.00904	0.00506	0.00578	0.00868	0.01193	0.01591	0.03434	0.77697	0.04121	0.01952	0.00795	0.00253	0.00361	0.01771	0.00578	0.00506
36	0.00856	0.00697	0.01124	0.01107	0.01223	0.00651	0.10277	0.01021	0.01231	0.01646	0.03139	0.67367	0.03689	0.01758	0.00787	0.00247	0.00455	0.01630	0.00543	0.00551
37	0.01082	0.00541	0.00812	0.00812	0.00812	0.00541	0.00541	0.00812	0.00812	0.01082	0.01082	0.01894	0.01082	0.02165	0.02435	0.81872	0.00541	0.00541	0.00271	0.00271
38	0.01471	0.01681	0.03676	0.02626	0.03256	0.01576	0.71954	0.01996	0.01471	0.01996	0.01261	0.01681	0.00945	0.00525	0.00735	0.00210	0.01050	0.00735	0.00315	0.00840
39	0.01363	0.01363	0.01908	0.01636	0.01636	0.01908	0.01363	0.01499	0.00954	0.01499	0.00818	0.01363	0.00818	0.01091	0.02045	0.00273	0.76963	0.00545	0.00273	0.00682
40	0.00890	0.00668	0.01001	0.01001	0.01113	0.00779	0.00779	0.01113	0.01001	0.01446	0.01669	0.02448	0.01558	0.04673	0.75634	0.01001	0.01669	0.00668	0.00334	0.00556
41	0.01550	0.01338	0.01409	0.01268	0.01620	0.01550	0.00986	0.03311	0.73091	0.02606	0.02536	0.02325	0.01902	0.00845	0.00634	0.00211	0.00493	0.00704	0.00634	0.00986
42	0.01177	0.01107	0.01869	0.76606	0.04291	0.01384	0.01730	0.01592	0.01246	0.01592	0.01107	0.01661	0.00831	0.00623	0.00623	0.00208	0.00831	0.00554	0.00277	0.00692
43	0.01234	0.01166	0.01972	0.65215	0.15235	0.01399	0.01759	0.01642	0.01273	0.01661	0.01118	0.01642	0.00855	0.00612	0.00622	0.00204	0.00816	0.00554	0.00282	0.00738
44	0.01177	0.01107	0.01869	0.76606	0.04291	0.01384	0.01730	0.01592	0.01246	0.01592	0.01107	0.01661	0.00831	0.00623	0.00623	0.00208	0.00831	0.00554	0.00277	0.00692
45	0.01611	0.01248	0.01350	0.01189	0.01540	0.01378	0.00942	0.12451	0.45039	0.07537	0.02930	0.02938	0.11455	0.00972	0.00658	0.00211	0.00503	0.04499	0.00631	0.00918
46	0.01286	0.01220	0.02067	0.54732	0.25306	0.01413	0.01785	0.01688	0.01298	0.01725	0.01127	0.01625	0.00878	0.00603	0.00621	0.00201	0.00803	0.00554	0.00286	0.00781
47	0.00915	0.00696	0.00861	0.00953	0.01051	0.00707	0.00671	0.01335	0.14437	0.01789	0.03263	0.60929	0.03691	0.01739	0.00768	0.00247	0.00394	0.04370	0.00588	0.00597
48	0.00808	0.00609	0.00745	0.00840	0.00926	0.00576	0.00575	0.01020	0.05527	0.01653	0.03852	0.56917	0.16822	0.04935	0.00872	0.00257	0.00371	0.01588	0.00574	0.00533
49	0.01687	0.01731	0.07053	0.02073	0.02613	0.07182	0.40482	0.04106	0.09986	0.10014	0.01552	0.01854	0.01166	0.00655	0.00731	0.00207	0.03295	0.02330	0.00413	0.00872
50	0.01642	0.07449	0.08220	0.01380	0.03498	0.08742	0.04622	0.12597	0.16681	0.05264	0.01796	0.11343	0.01553	0.00829	0.00606	0.00183	0.00649	0.00689	0.00480	0.11776
51	0.12126	0.01224	0.01827	0.01528	0.07299	0.01146	0.15196	0.03955	0.03359	0.21170	0.09250	0.01959	0.01618	0.00681	0.00599	0.00179	0.00611	0.00614	0.00508	0.15152
52	0.08268	0.09764	0.01731	0.01230	0.01676	0.07907	0.03519	0.10716	0.14420	0.27731	0.01948	0.01845	0.02982	0.00732	0.00581	0.00185	0.00617	0.00573	0.00575	0.03000
53	0.06856	0.08285	0.28259	0.01541	0.07447	0.01396	0.01486	0.03920	0.10639	0.15784	0.05186	0.01739	0.01347	0.00684	0.00581	0.00189	0.00681	0.00545	0.00450	0.02985
54	0.01749	0.01624	0.03868	0.01643	0.02121	0.12800	0.22284	0.09543	0.01653	0.10807	0.01601	0.07529	0.01348	0.00744	0.00641	0.00183	0.00782	0.03496	0.00443	0.15142
55	0.14582	0.01175	0.01414	0.01320	0.06972	0.03374	0.05080	0.03793	0.14523	0.12193	0.09135	0.06659	0.03331	0.00839	0.00626	0.00192	0.02300	0.00697	0.05457	0.06337

[dist]
# distance from previous block
# <min> <max>
0	141

# created by:
# /home/cegg/simao/soft/augustus-3.2.1/scripts/msa2prfl.pl ./align_prep/EOG090W0JBN.fa
