[name]
unknown

[dist]
# distance from previous block
# <min> <max>
0	65

[block]
# block no. 0 follows, 32 sequences, length 36
# corresponding to MSA columns:
# 86-95,103-128
name=unknown_A
#
# <colnr> <probs for GDERKNQSTAVLIFYWHMCP>
#	G	D	E	R	K	N	Q	S	T	A	V	L	I	F	Y	W	H	M	C	P
0	0.01575	0.01740	0.03639	0.02790	0.09389	0.01622	0.58147	0.02103	0.01563	0.02156	0.01335	0.01762	0.01020	0.00563	0.00756	0.00213	0.01049	0.00742	0.00344	0.07491
1	0.01421	0.04529	0.09596	0.01279	0.01926	0.01116	0.07685	0.01795	0.01412	0.02152	0.01199	0.01422	0.00975	0.00522	0.00538	0.00126	0.00622	0.00445	0.00375	0.60866
2	0.02248	0.01623	0.01765	0.01434	0.01906	0.01795	0.01158	0.36051	0.30200	0.11191	0.02174	0.02042	0.01562	0.00850	0.00676	0.00213	0.00637	0.00674	0.00693	0.01110
3	0.03110	0.01270	0.02026	0.32818	0.25071	0.01387	0.01640	0.01756	0.01361	0.01915	0.01285	0.01850	0.01075	0.03994	0.06241	0.00284	0.02396	0.00594	0.00331	0.09595
4	0.05005	0.00782	0.01061	0.09127	0.01526	0.00792	0.00874	0.01392	0.01364	0.08815	0.02967	0.36086	0.03239	0.06919	0.01045	0.02796	0.00539	0.14467	0.00571	0.00632
5	0.01375	0.02958	0.54238	0.10075	0.03188	0.01573	0.13051	0.02084	0.01435	0.02084	0.01227	0.01520	0.00881	0.00630	0.00666	0.00216	0.01003	0.00554	0.00294	0.00951
6	0.02573	0.01843	0.01991	0.01527	0.02063	0.02027	0.01261	0.66719	0.03094	0.07591	0.01662	0.01644	0.01167	0.00807	0.00671	0.00202	0.00730	0.00608	0.00679	0.01141
7	0.00959	0.00652	0.00736	0.00739	0.00760	0.00641	0.00428	0.00985	0.01054	0.01398	0.05076	0.06772	0.06955	0.66655	0.03074	0.00596	0.00611	0.01041	0.00439	0.00429
8	0.00961	0.00651	0.00761	0.00780	0.00801	0.00643	0.00470	0.01007	0.01094	0.01468	0.07228	0.12059	0.02975	0.60561	0.02869	0.00567	0.00598	0.03598	0.00460	0.00445
9	0.05306	0.09544	0.01800	0.01214	0.01737	0.01294	0.01024	0.09688	0.01957	0.55899	0.02302	0.02047	0.01492	0.00793	0.00639	0.00200	0.00602	0.00623	0.00742	0.01098
10	0.00894	0.00719	0.00807	0.00817	0.01021	0.00648	0.00631	0.01174	0.04369	0.02031	0.17758	0.08804	0.46232	0.01644	0.00808	0.00236	0.00380	0.09779	0.00645	0.00604
11	0.01606	0.01185	0.01329	0.01203	0.01527	0.01289	0.00928	0.02845	0.43575	0.10811	0.12839	0.10250	0.05478	0.01114	0.00719	0.00227	0.00484	0.00952	0.00700	0.00940
12	0.01661	0.01594	0.02724	0.04119	0.72233	0.01594	0.02059	0.02059	0.01528	0.02192	0.01262	0.01661	0.01063	0.00598	0.00664	0.00199	0.00797	0.00598	0.00332	0.01063
13	0.06603	0.01734	0.01840	0.01443	0.01954	0.01905	0.01180	0.51558	0.13092	0.03806	0.01713	0.01701	0.01244	0.00790	0.00647	0.00198	0.00678	0.00600	0.00640	0.06675
14	0.00838	0.00603	0.00762	0.00879	0.00931	0.00563	0.00579	0.00943	0.01264	0.01662	0.03778	0.58363	0.10983	0.13040	0.01228	0.00324	0.00423	0.01720	0.00591	0.00527
15	0.00811	0.00675	0.00709	0.00720	0.00928	0.00574	0.00538	0.00989	0.01535	0.01864	0.10539	0.11270	0.61617	0.01711	0.00800	0.00231	0.00348	0.02938	0.00630	0.00570
16	0.00914	0.00714	0.00842	0.00884	0.01058	0.00661	0.00676	0.01203	0.04870	0.02012	0.15647	0.19807	0.33426	0.01715	0.00823	0.00247	0.00403	0.12849	0.00643	0.00605
17	0.01267	0.01193	0.02013	0.74806	0.04621	0.01491	0.01863	0.01714	0.01342	0.01714	0.01193	0.01789	0.00894	0.00671	0.00671	0.00224	0.00894	0.00596	0.00298	0.00745
18	0.21460	0.01170	0.01374	0.01094	0.01569	0.01115	0.00900	0.04883	0.01746	0.48983	0.02498	0.02271	0.06354	0.00841	0.00621	0.00209	0.00548	0.00650	0.00712	0.01003
19	0.00857	0.00623	0.00816	0.00947	0.01025	0.00582	0.00675	0.01015	0.01372	0.01809	0.07234	0.56785	0.10772	0.01996	0.00857	0.00270	0.00412	0.10764	0.00628	0.00561
20	0.00851	0.00678	0.00737	0.00725	0.00910	0.00592	0.00528	0.01037	0.01557	0.01966	0.21848	0.05884	0.48617	0.09840	0.01081	0.00269	0.00368	0.01319	0.00627	0.00565
21	0.00857	0.00698	0.00769	0.00797	0.01006	0.00610	0.00628	0.01062	0.01551	0.01894	0.09368	0.06605	0.55321	0.01714	0.00819	0.00242	0.00393	0.14456	0.00628	0.00580
22	0.00959	0.00719	0.01078	0.01078	0.01198	0.00839	0.00839	0.01198	0.01078	0.01558	0.01797	0.02636	0.01677	0.05032	0.73760	0.01078	0.01797	0.00719	0.00359	0.00599
23	0.00984	0.00652	0.00738	0.00735	0.00750	0.00649	0.00423	0.01015	0.01049	0.01431	0.06439	0.04360	0.02654	0.68979	0.03144	0.00605	0.00617	0.00978	0.03369	0.00429
24	0.00816	0.00681	0.00711	0.00704	0.00920	0.00576	0.00528	0.01007	0.01583	0.01940	0.16249	0.06248	0.62430	0.01652	0.00793	0.00224	0.00336	0.01387	0.00640	0.00576
25	0.02263	0.01534	0.01705	0.01385	0.01836	0.01664	0.01119	0.34900	0.20801	0.15397	0.02185	0.02325	0.01638	0.04590	0.00819	0.00236	0.00646	0.03208	0.00687	0.01064
26	0.02389	0.01787	0.01945	0.01521	0.02010	0.02000	0.01251	0.60623	0.06746	0.03931	0.01655	0.01702	0.01206	0.01019	0.04091	0.00247	0.03522	0.00617	0.00644	0.01097
27	0.00959	0.00649	0.00765	0.00801	0.00819	0.00643	0.00491	0.01000	0.01067	0.01418	0.02469	0.15772	0.02857	0.59252	0.02830	0.00566	0.00607	0.06133	0.00456	0.00444
28	0.00976	0.00651	0.00732	0.00732	0.00732	0.00651	0.00407	0.00976	0.00976	0.01301	0.02114	0.04391	0.02439	0.76419	0.03415	0.00651	0.00651	0.00976	0.00407	0.00407
29	0.01297	0.01244	0.02135	0.66745	0.04411	0.01531	0.06053	0.01736	0.01341	0.01736	0.01187	0.01774	0.00901	0.00689	0.00754	0.00227	0.04573	0.00608	0.00300	0.00755
30	0.03858	0.01256	0.02087	0.47385	0.16227	0.01424	0.05073	0.01750	0.01379	0.01886	0.01381	0.06930	0.01179	0.00743	0.00672	0.00216	0.00822	0.00681	0.00338	0.04713
31	0.07485	0.01269	0.01467	0.06250	0.01826	0.01143	0.00938	0.11882	0.01633	0.02498	0.01391	0.04346	0.01193	0.00660	0.00554	0.00143	0.00562	0.02296	0.00447	0.52016
32	0.02142	0.05545	0.02771	0.01955	0.02527	0.01503	0.32537	0.09774	0.01823	0.25657	0.01826	0.02033	0.01306	0.04420	0.00850	0.00234	0.00858	0.00719	0.00538	0.00982
33	0.02047	0.01522	0.01581	0.01257	0.01750	0.08608	0.01003	0.13124	0.14483	0.16700	0.04020	0.01901	0.01495	0.00734	0.00614	0.00171	0.00622	0.00580	0.00584	0.27203
34	0.01667	0.18388	0.02012	0.01230	0.01729	0.11965	0.03687	0.02075	0.07420	0.03427	0.07552	0.01744	0.01522	0.00664	0.00555	0.00148	0.00663	0.00518	0.00426	0.32607
35	0.01765	0.01663	0.10021	0.01720	0.11043	0.05443	0.03549	0.04511	0.14240	0.12004	0.05951	0.02156	0.01666	0.00761	0.00644	0.00188	0.00672	0.02542	0.00517	0.18946

[dist]
# distance from previous block
# <min> <max>
0	12

[block]
# block no. 1 follows, 32 sequences, length 30
# corresponding to MSA columns:
# 141-170
name=unknown_B
#
# <colnr> <probs for GDERKNQSTAVLIFYWHMCP>
#	G	D	E	R	K	N	Q	S	T	A	V	L	I	F	Y	W	H	M	C	P
0	0.07048	0.06351	0.01699	0.03407	0.01781	0.13120	0.03473	0.12072	0.09354	0.11101	0.16126	0.02461	0.03833	0.00884	0.00654	0.00196	0.00669	0.00710	0.00576	0.04484
1	0.12426	0.01586	0.05373	0.01440	0.04458	0.06191	0.03654	0.14845	0.09847	0.20232	0.03489	0.04482	0.01550	0.03514	0.00739	0.00221	0.00672	0.00661	0.00592	0.04029
2	0.14361	0.04221	0.01693	0.03818	0.10687	0.01346	0.04811	0.07133	0.10804	0.05006	0.16116	0.03901	0.02301	0.00846	0.00636	0.00197	0.00580	0.00717	0.00530	0.10297
3	0.08885	0.01326	0.01480	0.01171	0.01660	0.01290	0.00940	0.15039	0.13123	0.13326	0.03814	0.04691	0.01553	0.00770	0.00602	0.00175	0.00552	0.00615	0.00580	0.28408
4	0.01507	0.01433	0.02225	0.27178	0.20852	0.04055	0.08283	0.05263	0.04217	0.02119	0.05012	0.01921	0.01325	0.00855	0.03415	0.00239	0.02512	0.00639	0.00378	0.06572
5	0.05458	0.01082	0.01119	0.01064	0.01308	0.04849	0.00805	0.07330	0.13858	0.02315	0.10734	0.19879	0.13605	0.05073	0.00875	0.00251	0.00510	0.05579	0.00605	0.03702
6	0.01688	0.01546	0.05602	0.01421	0.01893	0.05753	0.07146	0.04175	0.11941	0.09087	0.05789	0.01904	0.01514	0.00756	0.00802	0.00183	0.09260	0.00597	0.00484	0.28458
7	0.03010	0.01142	0.01557	0.01194	0.01713	0.00986	0.00986	0.03270	0.01920	0.72698	0.02647	0.02284	0.01661	0.00830	0.00675	0.00208	0.00571	0.00675	0.00830	0.01142
8	0.01168	0.00870	0.01277	0.07493	0.07778	0.00877	0.04217	0.03771	0.01318	0.01760	0.09801	0.07237	0.09810	0.17392	0.01794	0.20911	0.00610	0.00910	0.00439	0.00566
9	0.02506	0.03198	0.01901	0.01729	0.02074	0.73725	0.01296	0.02679	0.01901	0.01642	0.01037	0.01210	0.00864	0.00691	0.00605	0.00173	0.01210	0.00432	0.00346	0.00778
10	0.00889	0.00677	0.00858	0.00914	0.01052	0.00654	0.00690	0.01083	0.01379	0.01793	0.07896	0.22300	0.25611	0.04871	0.16424	0.00443	0.00709	0.10620	0.00566	0.00574
11	0.00976	0.00651	0.00732	0.00732	0.00732	0.00651	0.00407	0.00976	0.00976	0.01301	0.02114	0.04391	0.02439	0.76419	0.03415	0.00651	0.00651	0.00976	0.00407	0.00407
12	0.01582	0.05183	0.40210	0.01826	0.05847	0.01534	0.06335	0.08375	0.04934	0.06070	0.01668	0.01804	0.04507	0.00709	0.00646	0.00202	0.00847	0.00585	0.00398	0.06737
13	0.02334	0.05900	0.08068	0.01703	0.02115	0.60945	0.01380	0.02654	0.05561	0.01744	0.01139	0.01292	0.00927	0.00694	0.00605	0.00178	0.01136	0.00452	0.00356	0.00815
14	0.72961	0.01281	0.01028	0.00916	0.01315	0.01480	0.00749	0.04656	0.01214	0.02958	0.01000	0.01193	0.00790	0.00838	0.03218	0.02285	0.00577	0.00392	0.00420	0.00728
15	0.01777	0.01443	0.01539	0.01363	0.01757	0.01649	0.01067	0.06226	0.64566	0.06628	0.02681	0.02456	0.01991	0.00902	0.00682	0.00225	0.00542	0.00748	0.00690	0.01070
16	0.01161	0.09138	0.01257	0.04807	0.01360	0.00910	0.00793	0.01373	0.01473	0.06455	0.11126	0.29067	0.15303	0.01486	0.00746	0.00226	0.00470	0.05427	0.00577	0.06845
17	0.00978	0.00676	0.00848	0.00918	0.00971	0.00673	0.00645	0.01092	0.01190	0.01576	0.02774	0.17292	0.03150	0.40776	0.04512	0.00505	0.00634	0.19795	0.00501	0.00495
18	0.01917	0.60128	0.03147	0.01242	0.01785	0.07859	0.01168	0.08927	0.05010	0.01909	0.01097	0.01210	0.00948	0.00622	0.00480	0.00156	0.00747	0.00408	0.00349	0.00893
19	0.00876	0.00625	0.00845	0.01001	0.01065	0.00595	0.00724	0.01035	0.01342	0.01778	0.03666	0.60933	0.04311	0.02047	0.00872	0.00281	0.00440	0.16383	0.00622	0.00561
20	0.01290	0.01106	0.01517	0.01360	0.01442	0.01415	0.01086	0.05985	0.01181	0.01726	0.01409	0.02229	0.01364	0.10162	0.29396	0.02813	0.32822	0.00677	0.00355	0.00665
21	0.00938	0.00681	0.00845	0.00805	0.00964	0.00624	0.00595	0.01213	0.01771	0.02468	0.55413	0.05107	0.15878	0.05906	0.00938	0.00238	0.00340	0.01209	0.03459	0.00609
22	0.00995	0.00687	0.00996	0.00996	0.01079	0.00770	0.00735	0.01113	0.01030	0.01456	0.01737	0.02784	0.01699	0.14625	0.52010	0.14249	0.01434	0.00732	0.00355	0.00521
23	0.00832	0.00621	0.00774	0.00863	0.00962	0.00563	0.00599	0.00990	0.01432	0.01881	0.14563	0.49634	0.20036	0.01902	0.00832	0.00253	0.00367	0.01693	0.00640	0.00563
24	0.02463	0.01836	0.01964	0.01526	0.02047	0.02040	0.01254	0.63360	0.09934	0.04087	0.01723	0.01700	0.01232	0.00816	0.00672	0.00204	0.00718	0.00620	0.00672	0.01133
25	0.01379	0.08870	0.67832	0.01856	0.02817	0.01639	0.02381	0.02116	0.01413	0.02085	0.01184	0.01392	0.00851	0.00633	0.00622	0.00207	0.00971	0.00486	0.00284	0.00982
26	0.02115	0.24417	0.02628	0.01916	0.13340	0.12545	0.04367	0.20535	0.01976	0.05647	0.01279	0.01435	0.01014	0.00689	0.00646	0.00184	0.03351	0.00515	0.00434	0.00968
27	0.01460	0.06638	0.44091	0.01718	0.04923	0.01459	0.03751	0.04314	0.01465	0.04066	0.01302	0.01623	0.01014	0.05168	0.00777	0.00215	0.00850	0.00521	0.00342	0.14304
28	0.01663	0.14321	0.04342	0.04957	0.05922	0.13055	0.03019	0.04039	0.13214	0.04563	0.10224	0.02445	0.03972	0.06582	0.04628	0.00274	0.00786	0.00694	0.00473	0.00828
29	0.01170	0.03279	0.08215	0.01041	0.01217	0.06986	0.00830	0.01336	0.01274	0.01662	0.09870	0.09844	0.04351	0.37681	0.02100	0.00432	0.04214	0.03476	0.00449	0.00573

[dist]
# distance from previous block
# <min> <max>
6	10

[block]
# block no. 2 follows, 32 sequences, length 16
# corresponding to MSA columns:
# 181-196
name=unknown_C
#
# <colnr> <probs for GDERKNQSTAVLIFYWHMCP>
#	G	D	E	R	K	N	Q	S	T	A	V	L	I	F	Y	W	H	M	C	P
0	0.00918	0.00698	0.00967	0.01169	0.06030	0.00655	0.00746	0.01072	0.01297	0.01766	0.03278	0.62439	0.03851	0.02062	0.04776	0.00301	0.00501	0.01663	0.00575	0.05239
1	0.00876	0.00660	0.00778	0.00789	0.00926	0.00597	0.00557	0.01061	0.01531	0.02018	0.27439	0.18309	0.27882	0.12161	0.01172	0.00289	0.00385	0.01375	0.00631	0.00562
2	0.01166	0.00583	0.00874	0.00874	0.00874	0.00583	0.00583	0.00874	0.00874	0.01166	0.01166	0.02040	0.01166	0.02331	0.02622	0.80478	0.00583	0.00583	0.00291	0.00291
3	0.01478	0.01190	0.03744	0.03674	0.06936	0.01215	0.01035	0.15206	0.07585	0.04898	0.04260	0.20615	0.02392	0.12642	0.06228	0.00354	0.04208	0.01016	0.00539	0.00785
4	0.01498	0.02313	0.28587	0.05856	0.21880	0.01628	0.20493	0.02070	0.01469	0.02106	0.01244	0.01608	0.00957	0.00636	0.00768	0.00217	0.04780	0.00613	0.00313	0.00964
5	0.01549	0.05440	0.27230	0.04403	0.10710	0.03799	0.08489	0.06077	0.06900	0.02228	0.01360	0.01614	0.01052	0.00818	0.03357	0.00230	0.03403	0.00559	0.00367	0.10415
6	0.48609	0.16375	0.01647	0.01098	0.01522	0.14523	0.00924	0.02083	0.01336	0.02449	0.01053	0.01357	0.00898	0.00673	0.00472	0.00193	0.00684	0.02961	0.00386	0.00758
7	0.00815	0.00593	0.00769	0.00910	0.00967	0.00547	0.00612	0.00937	0.01308	0.01722	0.03996	0.69305	0.10922	0.02063	0.00850	0.00268	0.00385	0.01860	0.00623	0.00547
8	0.01052	0.00835	0.01000	0.03393	0.01262	0.00830	0.00761	0.01595	0.13116	0.02378	0.34100	0.05138	0.22042	0.01408	0.00784	0.00229	0.00409	0.08306	0.00672	0.00689
9	0.00959	0.00719	0.01078	0.01078	0.01198	0.00839	0.00839	0.01198	0.01078	0.01558	0.01797	0.02636	0.01677	0.05032	0.73760	0.01078	0.01797	0.00719	0.00359	0.00599
10	0.73368	0.01510	0.08010	0.00983	0.01454	0.01510	0.00898	0.01987	0.01169	0.02924	0.00961	0.01122	0.00739	0.00624	0.00437	0.00208	0.00565	0.00376	0.00402	0.00753
11	0.01794	0.76823	0.03516	0.01148	0.01722	0.02655	0.01148	0.02009	0.01363	0.01579	0.00933	0.01076	0.00861	0.00574	0.00431	0.00144	0.00718	0.00359	0.00287	0.00861
12	0.01166	0.00583	0.00874	0.00874	0.00874	0.00583	0.00583	0.00874	0.00874	0.01166	0.01166	0.02040	0.01166	0.02331	0.02622	0.80478	0.00583	0.00583	0.00291	0.00291
13	0.01278	0.01054	0.01273	0.01242	0.03380	0.04118	0.00930	0.06555	0.13840	0.02056	0.06067	0.02747	0.03939	0.05391	0.42168	0.00716	0.01285	0.00758	0.00468	0.00736
14	0.16157	0.01870	0.01802	0.01430	0.01926	0.08918	0.01168	0.48244	0.02621	0.07279	0.01491	0.01516	0.01069	0.00764	0.00621	0.00200	0.00738	0.00549	0.00603	0.01034
15	0.73486	0.01354	0.01086	0.00947	0.01374	0.01561	0.00780	0.08612	0.01338	0.03129	0.01000	0.01141	0.00767	0.00641	0.00440	0.00207	0.00540	0.00387	0.00440	0.00767

[dist]
# distance from previous block
# <min> <max>
0	5

[block]
# block no. 3 follows, 32 sequences, length 34
# corresponding to MSA columns:
# 202-235
name=unknown_D
#
# <colnr> <probs for GDERKNQSTAVLIFYWHMCP>
#	G	D	E	R	K	N	Q	S	T	A	V	L	I	F	Y	W	H	M	C	P
0	0.01789	0.01517	0.03341	0.01307	0.01724	0.04320	0.03270	0.28384	0.17674	0.03003	0.03195	0.03092	0.19865	0.01045	0.00700	0.00212	0.00612	0.00848	0.03171	0.00931
1	0.01098	0.00916	0.01454	0.23797	0.06735	0.01078	0.01211	0.01401	0.01183	0.01635	0.01592	0.02389	0.01431	0.06418	0.43817	0.00743	0.01410	0.00685	0.00341	0.00665
2	0.01470	0.01136	0.01303	0.01168	0.01442	0.01249	0.00899	0.08774	0.29712	0.04953	0.21924	0.06102	0.03215	0.05995	0.05306	0.00300	0.02625	0.00920	0.00653	0.00854
3	0.01083	0.00930	0.01276	0.02962	0.01356	0.01079	0.02762	0.01234	0.01227	0.01665	0.03002	0.18623	0.15967	0.09100	0.06360	0.03150	0.21874	0.05282	0.00463	0.00604
4	0.01746	0.07181	0.29262	0.01813	0.07746	0.10018	0.01723	0.15074	0.05837	0.02450	0.03312	0.01828	0.03643	0.02563	0.00750	0.00214	0.02883	0.00588	0.00418	0.00952
5	0.01442	0.01165	0.01548	0.01639	0.11318	0.01313	0.01119	0.04668	0.16953	0.05872	0.06090	0.09703	0.05287	0.04166	0.12989	0.00388	0.12132	0.00866	0.00515	0.00826
6	0.01852	0.04488	0.11679	0.02365	0.20013	0.06031	0.09499	0.16926	0.13534	0.02650	0.01553	0.01726	0.01189	0.00716	0.00709	0.00208	0.02768	0.00617	0.00456	0.01020
7	0.00900	0.00659	0.00737	0.00743	0.00839	0.00613	0.00483	0.01002	0.01290	0.01663	0.11867	0.10619	0.26042	0.37325	0.02048	0.00430	0.00489	0.01220	0.00533	0.00496
8	0.01594	0.01371	0.03670	0.07273	0.23345	0.01303	0.01341	0.06576	0.10355	0.06775	0.05721	0.02401	0.08497	0.00801	0.00654	0.00190	0.00630	0.00695	0.00489	0.16321
9	0.01748	0.01114	0.01339	0.01058	0.01521	0.00973	0.00842	0.02262	0.11660	0.20407	0.11585	0.02598	0.06706	0.00838	0.00628	0.00169	0.00486	0.00697	0.00610	0.32759
10	0.02235	0.01717	0.01838	0.01464	0.01958	0.01901	0.01189	0.47216	0.22780	0.03712	0.01915	0.01859	0.01397	0.00820	0.00666	0.00204	0.00666	0.00638	0.00661	0.05165
11	0.01675	0.14460	0.25139	0.02176	0.14751	0.03616	0.11085	0.07140	0.01604	0.04142	0.01256	0.01489	0.00968	0.00618	0.00621	0.00190	0.00868	0.00535	0.00355	0.07311
12	0.03900	0.01762	0.02190	0.18602	0.07769	0.15004	0.09157	0.07427	0.01634	0.10431	0.01330	0.01644	0.01018	0.00777	0.00942	0.00221	0.14326	0.00590	0.00408	0.00868
13	0.00864	0.00618	0.00813	0.00940	0.01003	0.00583	0.00656	0.01009	0.01342	0.01787	0.08189	0.57223	0.06530	0.06672	0.01018	0.00295	0.00424	0.08870	0.00616	0.00551
14	0.01263	0.01153	0.01979	0.19750	0.16396	0.01197	0.11146	0.01635	0.01501	0.02016	0.08452	0.11394	0.04648	0.01114	0.00770	0.00239	0.00733	0.13389	0.00456	0.00769
15	0.02444	0.03089	0.01994	0.01864	0.05215	0.68568	0.03202	0.02637	0.01876	0.01680	0.01056	0.01246	0.00877	0.00684	0.00613	0.00175	0.01190	0.00449	0.00345	0.00794
16	0.02506	0.03198	0.01901	0.01729	0.02074	0.73725	0.01296	0.02679	0.01901	0.01642	0.01037	0.01210	0.00864	0.00691	0.00605	0.00173	0.01210	0.00432	0.00346	0.00778
17	0.81159	0.01298	0.00986	0.00882	0.01298	0.01505	0.00727	0.01972	0.01142	0.03010	0.00934	0.01090	0.00727	0.00623	0.00415	0.00208	0.00519	0.00363	0.00415	0.00727
18	0.02435	0.01835	0.02030	0.01569	0.02095	0.02029	0.03492	0.61446	0.09575	0.04025	0.01709	0.01703	0.01224	0.00808	0.00676	0.00205	0.00731	0.00625	0.00661	0.01126
19	0.00808	0.00664	0.00712	0.00735	0.00925	0.00568	0.00538	0.00980	0.01514	0.01858	0.10909	0.18329	0.55646	0.01745	0.00804	0.00233	0.00347	0.01486	0.00631	0.00568
20	0.00962	0.00706	0.01011	0.01011	0.01107	0.00802	0.00754	0.01155	0.01058	0.01507	0.01859	0.02979	0.01826	0.18989	0.60007	0.00995	0.01573	0.00769	0.00369	0.00561
21	0.00920	0.00620	0.00815	0.00938	0.01013	0.00572	0.00644	0.01052	0.01335	0.04888	0.03842	0.66593	0.08532	0.02014	0.00846	0.00268	0.00400	0.03503	0.00632	0.00575
22	0.01445	0.01435	0.02012	0.01731	0.01737	0.02001	0.01440	0.01596	0.01030	0.01612	0.00921	0.01520	0.00916	0.01345	0.05366	0.00328	0.71946	0.00593	0.00297	0.00728
23	0.01582	0.01035	0.01200	0.01055	0.01375	0.01041	0.00824	0.04521	0.22297	0.16169	0.22408	0.03926	0.17415	0.01179	0.00733	0.00218	0.00448	0.00996	0.00714	0.00862
24	0.00963	0.00701	0.00987	0.00987	0.01075	0.00789	0.00725	0.01139	0.01051	0.01490	0.01881	0.03100	0.01879	0.23887	0.55180	0.00965	0.01494	0.00787	0.00372	0.00548
25	0.01046	0.00709	0.00881	0.00849	0.01024	0.00644	0.00634	0.01289	0.01689	0.06679	0.39829	0.09722	0.19683	0.07469	0.01005	0.00259	0.00385	0.04900	0.00679	0.00626
26	0.01570	0.01276	0.01386	0.01257	0.01600	0.01430	0.00981	0.03067	0.53977	0.05457	0.10782	0.03193	0.06426	0.01039	0.00710	0.00228	0.00501	0.03459	0.00689	0.00972
27	0.01528	0.01446	0.02412	0.21755	0.44773	0.01518	0.03699	0.02003	0.04572	0.02090	0.01389	0.01930	0.01157	0.00669	0.00673	0.00207	0.00801	0.02937	0.00352	0.04087
28	0.01951	0.01574	0.01898	0.13232	0.02357	0.06032	0.05314	0.22506	0.14716	0.08617	0.01820	0.04393	0.01433	0.04223	0.00925	0.00240	0.06585	0.00696	0.00545	0.00943
29	0.67606	0.05421	0.05179	0.01156	0.05854	0.01574	0.00929	0.01988	0.01193	0.02835	0.00970	0.01143	0.00762	0.00620	0.00444	0.00204	0.00573	0.00385	0.00396	0.00769
30	0.01501	0.01723	0.13806	0.02602	0.31345	0.01395	0.05904	0.06126	0.01529	0.02194	0.01468	0.03548	0.01276	0.03572	0.08616	0.00306	0.00903	0.02307	0.00372	0.09508
31	0.02500	0.01925	0.01981	0.01544	0.02062	0.05839	0.01265	0.62796	0.06815	0.04014	0.01642	0.01639	0.01176	0.00805	0.00668	0.00201	0.00752	0.00604	0.00655	0.01118
32	0.01445	0.01202	0.01568	0.05163	0.01851	0.00968	0.05179	0.01768	0.01451	0.05325	0.04998	0.01670	0.01301	0.00572	0.00548	0.00125	0.00552	0.00489	0.00426	0.63399
33	0.01975	0.35321	0.07091	0.04433	0.05743	0.24802	0.01351	0.05924	0.01633	0.01815	0.01078	0.01282	0.00917	0.00788	0.03085	0.00199	0.00940	0.00438	0.00332	0.00855

[dist]
# distance from previous block
# <min> <max>
2	24

[block]
# block no. 4 follows, 32 sequences, length 33
# corresponding to MSA columns:
# 260-292
name=unknown_E
#
# <colnr> <probs for GDERKNQSTAVLIFYWHMCP>
#	G	D	E	R	K	N	Q	S	T	A	V	L	I	F	Y	W	H	M	C	P
0	0.14994	0.10967	0.10520	0.01955	0.15107	0.15865	0.04661	0.03812	0.03539	0.02153	0.01443	0.05460	0.03071	0.00762	0.00646	0.00200	0.03015	0.00591	0.00379	0.00862
1	0.01457	0.01589	0.06238	0.01983	0.10558	0.09267	0.13325	0.01832	0.03634	0.01908	0.04025	0.05033	0.01726	0.04537	0.11166	0.00371	0.12902	0.07269	0.00395	0.00782
2	0.04178	0.00745	0.00936	0.01003	0.01160	0.00729	0.00812	0.01259	0.01494	0.02014	0.13595	0.08315	0.15538	0.09715	0.03453	0.00336	0.00557	0.32973	0.00598	0.00590
3	0.24662	0.01364	0.01413	0.01169	0.01591	0.01473	0.00946	0.24075	0.06900	0.15014	0.03956	0.06721	0.01583	0.00867	0.00604	0.00208	0.00572	0.00664	0.05285	0.00933
4	0.01255	0.01020	0.01468	0.01316	0.01494	0.01209	0.04128	0.09572	0.01343	0.01914	0.01618	0.02301	0.01464	0.03744	0.50958	0.00817	0.12606	0.00689	0.00386	0.00698
5	0.06573	0.01449	0.01934	0.01509	0.01970	0.03614	0.12175	0.16938	0.07644	0.22503	0.09260	0.02401	0.04684	0.00875	0.00745	0.00214	0.03166	0.00743	0.00631	0.00974
6	0.01580	0.01512	0.02290	0.19058	0.22226	0.05342	0.10688	0.05896	0.09025	0.02163	0.01621	0.02325	0.01380	0.03791	0.00856	0.00239	0.02978	0.05735	0.00406	0.00889
7	0.06061	0.01405	0.02264	0.19175	0.40276	0.01536	0.01775	0.01922	0.01405	0.04283	0.01275	0.01725	0.01051	0.00965	0.05624	0.00272	0.07130	0.00594	0.00344	0.00917
8	0.01295	0.01272	0.02460	0.04424	0.02465	0.01217	0.34312	0.01712	0.01542	0.02036	0.02660	0.08200	0.07483	0.01192	0.00839	0.00258	0.00843	0.24565	0.00473	0.00753
9	0.00818	0.00584	0.00779	0.00934	0.00973	0.00545	0.00623	0.00934	0.01285	0.01713	0.03698	0.75981	0.04438	0.02102	0.00856	0.00273	0.00389	0.01908	0.00623	0.00545
10	0.02462	0.03004	0.01880	0.01685	0.02042	0.65126	0.01274	0.08593	0.02012	0.01903	0.03277	0.01363	0.01058	0.00723	0.00617	0.00177	0.01141	0.00472	0.00387	0.00806
11	0.01631	0.01564	0.02670	0.09478	0.67107	0.01586	0.02044	0.02033	0.01514	0.02156	0.01257	0.01670	0.01050	0.00603	0.00665	0.00201	0.00805	0.00598	0.00330	0.01039
12	0.00970	0.00675	0.00857	0.00857	0.00900	0.00719	0.00563	0.01056	0.01013	0.01394	0.02000	0.03756	0.02164	0.50606	0.28851	0.00805	0.01065	0.00883	0.00390	0.00476
13	0.01640	0.01573	0.02686	0.07852	0.68663	0.01589	0.02049	0.02041	0.01518	0.02167	0.01258	0.01667	0.01054	0.00602	0.00665	0.00201	0.00802	0.00598	0.00330	0.01046
14	0.01571	0.01502	0.02561	0.20278	0.56777	0.01571	0.02014	0.01980	0.01485	0.02083	0.01246	0.01690	0.01024	0.00615	0.00666	0.00205	0.00819	0.00597	0.00324	0.00990
15	0.00950	0.00754	0.00940	0.03840	0.01212	0.00709	0.02247	0.04689	0.01558	0.02005	0.12321	0.31910	0.30983	0.01700	0.00805	0.00241	0.00417	0.01488	0.00619	0.00611
16	0.01461	0.01391	0.02363	0.39964	0.37948	0.01542	0.01960	0.01884	0.01433	0.01950	0.01227	0.01726	0.00977	0.00635	0.00668	0.00212	0.00846	0.00597	0.00315	0.00902
17	0.01361	0.00939	0.01236	0.07575	0.01549	0.01013	0.00891	0.11145	0.01601	0.07272	0.15541	0.03142	0.02566	0.14705	0.25842	0.00576	0.01001	0.00827	0.00514	0.00703
18	0.01909	0.01898	0.02435	0.02049	0.06996	0.15739	0.21596	0.09828	0.16016	0.05268	0.05632	0.01993	0.01538	0.00765	0.00752	0.00212	0.03257	0.00694	0.00487	0.00937
19	0.13362	0.01436	0.02184	0.26864	0.34704	0.01579	0.01745	0.06433	0.01517	0.02290	0.01214	0.01615	0.00963	0.00639	0.00630	0.00209	0.00784	0.00563	0.00356	0.00913
20	0.01803	0.01782	0.01749	0.07084	0.09034	0.15745	0.01266	0.03107	0.45486	0.02438	0.02141	0.02114	0.01634	0.00819	0.00665	0.00214	0.00717	0.00667	0.00554	0.00983
21	0.01433	0.01401	0.02299	0.02375	0.19805	0.01650	0.11000	0.01721	0.01242	0.01825	0.01223	0.01793	0.01102	0.01698	0.15614	0.00414	0.31623	0.00644	0.00323	0.00815
22	0.02506	0.03198	0.01901	0.01729	0.02074	0.73725	0.01296	0.02679	0.01901	0.01642	0.01037	0.01210	0.00864	0.00691	0.00605	0.00173	0.01210	0.00432	0.00346	0.00778
23	0.00818	0.00584	0.00779	0.00934	0.00973	0.00545	0.00623	0.00934	0.01285	0.01713	0.03698	0.75981	0.04438	0.02102	0.00856	0.00273	0.00389	0.01908	0.00623	0.00545
24	0.00816	0.00590	0.00772	0.00917	0.00969	0.00546	0.00615	0.00936	0.01301	0.01719	0.03904	0.71375	0.08912	0.02075	0.00852	0.00269	0.00386	0.01875	0.00623	0.00546
25	0.05517	0.01363	0.01503	0.01303	0.01717	0.01498	0.01029	0.03424	0.51353	0.19573	0.02631	0.02388	0.01897	0.00878	0.00669	0.00222	0.00540	0.00721	0.00706	0.01066
26	0.69268	0.01386	0.01142	0.00982	0.01416	0.01592	0.00810	0.12262	0.01446	0.03195	0.01037	0.01169	0.00789	0.00650	0.00454	0.00207	0.00552	0.00400	0.00454	0.00789
27	0.01414	0.03019	0.55511	0.01988	0.02870	0.01590	0.12068	0.02279	0.08704	0.02200	0.01386	0.01587	0.00999	0.00656	0.00665	0.00216	0.00964	0.00566	0.00333	0.00986
28	0.01869	0.01585	0.01974	0.02189	0.21850	0.01742	0.01394	0.18397	0.35686	0.02959	0.02056	0.02059	0.01560	0.00797	0.00675	0.00214	0.00654	0.00677	0.00580	0.01080
29	0.06319	0.02516	0.41051	0.01670	0.03985	0.01496	0.01833	0.06663	0.11631	0.09811	0.05319	0.01853	0.01413	0.00745	0.00646	0.00213	0.00797	0.00592	0.00455	0.00994
30	0.02010	0.01467	0.06795	0.05866	0.35119	0.01298	0.01601	0.02366	0.01625	0.25920	0.01918	0.07831	0.01514	0.00803	0.00682	0.00210	0.00705	0.00722	0.00519	0.01029
31	0.01683	0.01300	0.01372	0.01197	0.01519	0.04705	0.00915	0.21095	0.13876	0.05845	0.02698	0.18909	0.07515	0.07847	0.00952	0.00256	0.00586	0.00996	0.00609	0.06128
32	0.01668	0.02334	0.35551	0.02095	0.13168	0.01380	0.07990	0.02221	0.01552	0.14211	0.04768	0.04002	0.01398	0.00729	0.00670	0.00208	0.00834	0.00639	0.00425	0.04157

[dist]
# distance from previous block
# <min> <max>
2	10

[block]
# block no. 5 follows, 32 sequences, length 39
# corresponding to MSA columns:
# 303-341
name=unknown_F
#
# <colnr> <probs for GDERKNQSTAVLIFYWHMCP>
#	G	D	E	R	K	N	Q	S	T	A	V	L	I	F	Y	W	H	M	C	P
0	0.13265	0.18476	0.18532	0.01779	0.02407	0.08267	0.18000	0.05456	0.01521	0.02184	0.01137	0.01383	0.00892	0.00636	0.00651	0.00199	0.03469	0.00521	0.00342	0.00883
1	0.01656	0.02270	0.29096	0.05760	0.20446	0.01558	0.11062	0.04278	0.06877	0.08267	0.01491	0.01711	0.01098	0.00662	0.00674	0.00212	0.00878	0.00604	0.00392	0.01010
2	0.00856	0.00707	0.00778	0.00758	0.00975	0.00623	0.00570	0.01046	0.01475	0.01841	0.10229	0.05587	0.53342	0.04189	0.10268	0.00342	0.00542	0.01256	0.00581	0.04037
3	0.00901	0.00678	0.00838	0.00836	0.00998	0.00614	0.00628	0.01156	0.01708	0.02303	0.42498	0.13852	0.23187	0.01574	0.00808	0.00228	0.00350	0.05551	0.00687	0.00604
4	0.02569	0.01968	0.01981	0.01544	0.02062	0.08805	0.01263	0.60349	0.02976	0.07348	0.01608	0.01606	0.01140	0.00796	0.00665	0.00199	0.00775	0.00591	0.00648	0.01107
5	0.01447	0.01430	0.02002	0.01733	0.01741	0.01985	0.01447	0.01602	0.01056	0.01636	0.01027	0.01802	0.01044	0.01212	0.02132	0.00294	0.71106	0.04264	0.00311	0.00728
6	0.01166	0.00583	0.00874	0.00874	0.00874	0.00583	0.00583	0.00874	0.00874	0.01166	0.01166	0.02040	0.01166	0.02331	0.02622	0.80478	0.00583	0.00583	0.00291	0.00291
7	0.01468	0.01468	0.02055	0.01762	0.01762	0.02055	0.01468	0.01615	0.01028	0.01615	0.00881	0.01468	0.00881	0.01174	0.02202	0.00294	0.75191	0.00587	0.00294	0.00734
8	0.01543	0.01423	0.01532	0.01133	0.01705	0.07848	0.02747	0.04176	0.01506	0.02205	0.01197	0.01393	0.00987	0.00528	0.00521	0.00113	0.00590	0.00419	0.00401	0.68033
9	0.02506	0.03198	0.01901	0.01729	0.02074	0.73725	0.01296	0.02679	0.01901	0.01642	0.01037	0.01210	0.00864	0.00691	0.00605	0.00173	0.01210	0.00432	0.00346	0.00778
10	0.00838	0.00613	0.00781	0.00899	0.00969	0.00572	0.00615	0.00965	0.01303	0.01706	0.03983	0.56388	0.14098	0.07044	0.03305	0.00317	0.00451	0.04011	0.00600	0.00543
11	0.01669	0.01441	0.01517	0.01365	0.01745	0.01669	0.01062	0.03565	0.71021	0.02807	0.02731	0.02503	0.02048	0.00910	0.00683	0.00228	0.00531	0.00759	0.00683	0.01062
12	0.00827	0.00668	0.00736	0.00746	0.00934	0.00577	0.00549	0.01020	0.01571	0.01975	0.19379	0.15238	0.50057	0.01687	0.00801	0.00229	0.00342	0.01440	0.00646	0.00577
13	0.02506	0.03198	0.01901	0.01729	0.02074	0.73725	0.01296	0.02679	0.01901	0.01642	0.01037	0.01210	0.00864	0.00691	0.00605	0.00173	0.01210	0.00432	0.00346	0.00778
14	0.00833	0.00598	0.00782	0.00910	0.00963	0.00556	0.00611	0.00962	0.01328	0.01774	0.08834	0.65277	0.07064	0.04915	0.00948	0.00281	0.00392	0.01801	0.00623	0.00547
15	0.00927	0.00685	0.00866	0.00821	0.00989	0.00624	0.00616	0.01223	0.01847	0.02566	0.62612	0.05218	0.15676	0.01418	0.00792	0.00213	0.00320	0.01242	0.00722	0.00624
16	0.01470	0.01180	0.01307	0.01184	0.01489	0.01305	0.00910	0.02784	0.45985	0.04770	0.23668	0.03313	0.03347	0.03276	0.00796	0.00234	0.00471	0.00900	0.00696	0.00915
17	0.01794	0.76823	0.03516	0.01148	0.01722	0.02655	0.01148	0.02009	0.01363	0.01579	0.00933	0.01076	0.00861	0.00574	0.00431	0.00144	0.00718	0.00359	0.00287	0.00861
18	0.01504	0.01815	0.08907	0.02515	0.03124	0.01605	0.55079	0.02015	0.01489	0.02045	0.01394	0.02003	0.01131	0.07632	0.01087	0.00268	0.04413	0.00777	0.00339	0.00858
19	0.01705	0.01518	0.01534	0.01381	0.01759	0.04792	0.01072	0.03527	0.68025	0.02756	0.02658	0.02447	0.01997	0.00901	0.00679	0.00225	0.00560	0.00744	0.00668	0.01050
20	0.05220	0.02510	0.01741	0.03703	0.01963	0.48386	0.01202	0.04803	0.08336	0.04106	0.01399	0.03991	0.01199	0.04403	0.00823	0.00214	0.04228	0.00559	0.00415	0.00798
21	0.01166	0.00583	0.00874	0.00874	0.00874	0.00583	0.00583	0.00874	0.00874	0.01166	0.01166	0.02040	0.01166	0.02331	0.02622	0.80478	0.00583	0.00583	0.00291	0.00291
22	0.01549	0.01026	0.01217	0.01078	0.01378	0.01039	0.00849	0.07464	0.17751	0.13475	0.30105	0.04027	0.10246	0.01196	0.00747	0.00220	0.00456	0.04617	0.00717	0.00842
23	0.01417	0.01508	0.10014	0.09021	0.11615	0.01345	0.18661	0.01839	0.01393	0.05809	0.01590	0.02259	0.01340	0.01905	0.20694	0.00459	0.04049	0.03880	0.00372	0.00829
24	0.81159	0.01298	0.00986	0.00882	0.01298	0.01505	0.00727	0.01972	0.01142	0.03010	0.00934	0.01090	0.00727	0.00623	0.00415	0.00208	0.00519	0.00363	0.00415	0.00727
25	0.02069	0.01619	0.02507	0.01898	0.02444	0.01653	0.25635	0.17897	0.19041	0.15008	0.01975	0.02018	0.01410	0.00750	0.00718	0.00218	0.00799	0.00721	0.00583	0.01038
26	0.00929	0.00680	0.00871	0.00834	0.00992	0.00623	0.00621	0.01222	0.01836	0.02563	0.62637	0.08637	0.12173	0.01437	0.00795	0.00215	0.00322	0.01266	0.00722	0.00623
27	0.01444	0.01224	0.01419	0.01019	0.01612	0.00948	0.00817	0.04768	0.01471	0.02278	0.01211	0.01401	0.01000	0.00511	0.00505	0.00104	0.00508	0.00407	0.00410	0.76944
28	0.01537	0.01311	0.01855	0.01379	0.01921	0.01137	0.13158	0.06813	0.04199	0.04663	0.01523	0.02014	0.01288	0.04782	0.00756	0.00178	0.00646	0.03755	0.00443	0.46642
29	0.01391	0.01193	0.01391	0.00994	0.01590	0.00894	0.00795	0.01690	0.01391	0.02186	0.01193	0.01391	0.00994	0.00497	0.00497	0.00099	0.00497	0.00398	0.00398	0.80521
30	0.00818	0.00584	0.00779	0.00934	0.00973	0.00545	0.00623	0.00934	0.01285	0.01713	0.03698	0.75981	0.04438	0.02102	0.00856	0.00273	0.00389	0.01908	0.00623	0.00545
31	0.01880	0.67970	0.03322	0.01218	0.01765	0.11200	0.01166	0.02090	0.01428	0.01586	0.00945	0.01092	0.00861	0.00588	0.00452	0.00147	0.00777	0.00368	0.00294	0.00851
32	0.01500	0.04847	0.52269	0.01976	0.05169	0.01584	0.08799	0.02304	0.07613	0.05549	0.01418	0.01592	0.01019	0.00661	0.00654	0.00213	0.00931	0.00556	0.00352	0.00996
33	0.01041	0.00771	0.01060	0.01032	0.01135	0.00879	0.00768	0.03825	0.01132	0.01599	0.01840	0.02995	0.01820	0.22462	0.51188	0.00913	0.03808	0.00774	0.00381	0.00577
34	0.00835	0.00678	0.00749	0.00747	0.00944	0.00592	0.00557	0.01036	0.01571	0.01978	0.19918	0.09782	0.51261	0.01813	0.04283	0.00267	0.00407	0.01368	0.00634	0.00581
35	0.01529	0.02081	0.21373	0.07336	0.22540	0.04866	0.07491	0.04128	0.01477	0.02069	0.01334	0.01897	0.01122	0.00930	0.03699	0.00257	0.10729	0.03886	0.00339	0.00916
36	0.00976	0.00651	0.00732	0.00732	0.00732	0.00651	0.00407	0.00976	0.00976	0.01301	0.02114	0.04391	0.02439	0.76419	0.03415	0.00651	0.00651	0.00976	0.00407	0.00407
37	0.01349	0.01029	0.01180	0.01103	0.01340	0.01079	0.00830	0.15660	0.14274	0.02611	0.15768	0.29898	0.08227	0.01462	0.00771	0.00236	0.00470	0.01274	0.00665	0.00778
38	0.01617	0.20335	0.12522	0.01362	0.04572	0.04062	0.01233	0.05285	0.01503	0.04508	0.01328	0.05450	0.01154	0.00678	0.00585	0.00156	0.02368	0.00518	0.00388	0.30377

[dist]
# distance from previous block
# <min> <max>
0	1

[block]
# block no. 6 follows, 32 sequences, length 26
# corresponding to MSA columns:
# 343-359,376-384
name=unknown_G
#
# <colnr> <probs for GDERKNQSTAVLIFYWHMCP>
#	G	D	E	R	K	N	Q	S	T	A	V	L	I	F	Y	W	H	M	C	P
0	0.71011	0.01425	0.05545	0.03536	0.01527	0.01492	0.00884	0.02012	0.01190	0.05017	0.01012	0.01171	0.00768	0.00632	0.00446	0.00208	0.00563	0.00389	0.00415	0.00756
1	0.01751	0.08832	0.02530	0.07094	0.31069	0.06485	0.07423	0.07298	0.03957	0.03910	0.01423	0.01948	0.01210	0.00758	0.00806	0.00212	0.07625	0.04335	0.00390	0.00945
2	0.01475	0.01346	0.05536	0.01322	0.03411	0.04202	0.01030	0.04024	0.27066	0.04908	0.06638	0.05417	0.02179	0.14542	0.08625	0.00387	0.05721	0.00812	0.00537	0.00823
3	0.00959	0.00719	0.01078	0.01078	0.01198	0.00839	0.00839	0.01198	0.01078	0.01558	0.01797	0.02636	0.01677	0.05032	0.73760	0.01078	0.01797	0.00719	0.00359	0.00599
4	0.01369	0.01247	0.02058	0.05784	0.46249	0.01246	0.01580	0.01677	0.01441	0.02016	0.02059	0.26062	0.02164	0.01094	0.00728	0.00224	0.00667	0.01028	0.00426	0.00881
5	0.01486	0.01190	0.01401	0.01006	0.01597	0.00900	0.00806	0.01782	0.01422	0.06302	0.01277	0.01443	0.01033	0.00516	0.00507	0.00106	0.00501	0.00414	0.00423	0.75888
6	0.00976	0.00721	0.00842	0.00788	0.01010	0.00627	0.00597	0.01222	0.01709	0.05026	0.36207	0.05427	0.36283	0.01467	0.00776	0.00214	0.00345	0.01253	0.00675	0.03837
7	0.00853	0.00659	0.00778	0.00798	0.00956	0.00584	0.00580	0.01060	0.01597	0.02090	0.28424	0.22771	0.33070	0.01684	0.00808	0.00232	0.00344	0.01465	0.00663	0.00584
8	0.00990	0.00702	0.00886	0.00875	0.00911	0.00761	0.00576	0.01067	0.01008	0.01390	0.01972	0.03755	0.02152	0.52210	0.24378	0.00765	0.03854	0.00884	0.00388	0.00477
9	0.01129	0.00795	0.01015	0.00976	0.01188	0.00743	0.00745	0.01399	0.03306	0.06093	0.14368	0.17133	0.09913	0.06990	0.11679	0.00378	0.00655	0.09535	0.00571	0.11388
10	0.02506	0.03198	0.01901	0.01729	0.02074	0.73725	0.01296	0.02679	0.01901	0.01642	0.01037	0.01210	0.00864	0.00691	0.00605	0.00173	0.01210	0.00432	0.00346	0.00778
11	0.01766	0.72251	0.07843	0.01196	0.01796	0.02587	0.01231	0.02016	0.01367	0.01613	0.00950	0.01098	0.00860	0.00578	0.00443	0.00148	0.00735	0.00367	0.00287	0.00869
12	0.00969	0.00677	0.00868	0.00868	0.00915	0.00724	0.00576	0.01063	0.01016	0.01402	0.01990	0.03703	0.02141	0.48436	0.30990	0.00818	0.01100	0.00875	0.00388	0.00482
13	0.01166	0.00583	0.00874	0.00874	0.00874	0.00583	0.00583	0.00874	0.00874	0.01166	0.01166	0.02040	0.01166	0.02331	0.02622	0.80478	0.00583	0.00583	0.00291	0.00291
14	0.02506	0.03198	0.01901	0.01729	0.02074	0.73725	0.01296	0.02679	0.01901	0.01642	0.01037	0.01210	0.00864	0.00691	0.00605	0.00173	0.01210	0.00432	0.00346	0.00778
15	0.01015	0.00725	0.01005	0.01160	0.01286	0.00715	0.00966	0.01276	0.01480	0.01934	0.03589	0.24702	0.04006	0.01916	0.00909	0.00300	0.00561	0.51235	0.00619	0.00600
16	0.01765	0.01390	0.02418	0.01867	0.02316	0.04790	0.31049	0.02117	0.01593	0.18559	0.02237	0.17947	0.02026	0.03523	0.00860	0.00246	0.00813	0.03104	0.00526	0.00852
17	0.01309	0.01235	0.02087	0.67355	0.11748	0.01502	0.01884	0.01751	0.01361	0.01765	0.01200	0.01775	0.00912	0.00663	0.00670	0.00221	0.00884	0.00596	0.00302	0.00779
18	0.01709	0.62995	0.16604	0.01292	0.01945	0.02448	0.01399	0.02031	0.01373	0.01682	0.00984	0.01140	0.00859	0.00586	0.00470	0.00157	0.00769	0.00385	0.00286	0.00886
19	0.00959	0.00716	0.01061	0.01061	0.01175	0.00829	0.00817	0.01187	0.01073	0.01545	0.01813	0.02723	0.01715	0.08569	0.70275	0.01057	0.01740	0.00732	0.00362	0.00590
20	0.01453	0.01499	0.02980	0.02602	0.16136	0.01438	0.40331	0.01876	0.01470	0.02024	0.04255	0.02331	0.01480	0.12089	0.04720	0.00325	0.00996	0.00795	0.00365	0.00836
21	0.01339	0.01136	0.01335	0.00984	0.01530	0.00863	0.00778	0.01628	0.01406	0.02180	0.04300	0.05896	0.01418	0.00627	0.00530	0.00114	0.00483	0.00520	0.00425	0.72506
22	0.00816	0.00634	0.00743	0.00814	0.00945	0.00561	0.00573	0.00971	0.01439	0.01828	0.10017	0.39642	0.34886	0.01869	0.00823	0.00247	0.00362	0.01637	0.00631	0.00561
23	0.02478	0.06187	0.01967	0.01705	0.02060	0.70840	0.01290	0.02652	0.01880	0.01640	0.01033	0.01205	0.00864	0.00687	0.00598	0.00172	0.01190	0.00429	0.00343	0.00781
24	0.01684	0.15517	0.34382	0.04191	0.07547	0.13752	0.01891	0.04424	0.01523	0.01977	0.01124	0.01364	0.00883	0.00679	0.00716	0.00199	0.06433	0.00483	0.00312	0.00917
25	0.01870	0.01541	0.01630	0.01406	0.01821	0.01763	0.01111	0.18715	0.55544	0.03131	0.02476	0.02300	0.01841	0.00886	0.00680	0.00222	0.00578	0.00723	0.00680	0.01080

[dist]
# distance from previous block
# <min> <max>
0	3

[block]
# block no. 7 follows, 32 sequences, length 29
# corresponding to MSA columns:
# 388-416
name=unknown_H
#
# <colnr> <probs for GDERKNQSTAVLIFYWHMCP>
#	G	D	E	R	K	N	Q	S	T	A	V	L	I	F	Y	W	H	M	C	P
0	0.00836	0.00598	0.00800	0.00936	0.00979	0.00573	0.00629	0.00957	0.01253	0.01681	0.03471	0.66701	0.04122	0.05947	0.06745	0.00355	0.00513	0.01768	0.00592	0.00543
1	0.01766	0.13743	0.25912	0.01882	0.07618	0.05698	0.08362	0.15519	0.01801	0.02445	0.01253	0.01447	0.00956	0.00641	0.00615	0.00188	0.00865	0.00520	0.00384	0.08387
2	0.00829	0.00589	0.00775	0.00919	0.00955	0.00553	0.00607	0.00937	0.01262	0.01682	0.03580	0.70648	0.04289	0.07638	0.01047	0.00301	0.00409	0.01838	0.00607	0.00535
3	0.01604	0.01719	0.04000	0.23879	0.02965	0.11696	0.12212	0.04393	0.05229	0.01913	0.01288	0.01831	0.01068	0.00841	0.01085	0.00237	0.20192	0.02689	0.00354	0.00805
4	0.00832	0.00626	0.00773	0.00869	0.00974	0.00567	0.00611	0.00987	0.01411	0.01830	0.09940	0.48363	0.23250	0.01923	0.00837	0.00256	0.00379	0.04379	0.00632	0.00561
5	0.01634	0.01402	0.01474	0.04867	0.01794	0.03969	0.01046	0.09372	0.47529	0.02722	0.04609	0.05350	0.07581	0.00995	0.00691	0.00223	0.00561	0.00827	0.02387	0.00966
6	0.01022	0.00729	0.00958	0.00941	0.01023	0.00799	0.00663	0.03520	0.01106	0.01538	0.01931	0.03376	0.01996	0.36460	0.40074	0.00858	0.01253	0.00828	0.00391	0.00533
7	0.01584	0.01810	0.03959	0.02828	0.03507	0.01697	0.69796	0.02149	0.01584	0.02149	0.01357	0.01810	0.01018	0.00566	0.00792	0.00226	0.01131	0.00792	0.00339	0.00905
8	0.01391	0.01193	0.01391	0.00994	0.01590	0.00894	0.00795	0.01690	0.01391	0.02186	0.01193	0.01391	0.00994	0.00497	0.00497	0.00099	0.00497	0.00398	0.00398	0.80521
9	0.00815	0.00594	0.00768	0.00906	0.00966	0.00547	0.00610	0.00937	0.01312	0.01724	0.04039	0.68337	0.11862	0.02058	0.00849	0.00267	0.00384	0.01853	0.00623	0.00547
10	0.11403	0.01788	0.01869	0.01459	0.01973	0.01992	0.01201	0.58466	0.06835	0.04009	0.01599	0.01603	0.01146	0.00791	0.00643	0.00204	0.00702	0.00586	0.00643	0.01090
11	0.00953	0.00684	0.00890	0.01010	0.01093	0.00664	0.00722	0.04973	0.01427	0.01897	0.03558	0.62486	0.04170	0.01994	0.00855	0.00273	0.00440	0.10694	0.00625	0.00589
12	0.00963	0.00645	0.00736	0.00748	0.00751	0.00642	0.00424	0.00972	0.01000	0.01334	0.02239	0.10051	0.02597	0.70543	0.03213	0.00621	0.00630	0.01049	0.00424	0.00418
13	0.01619	0.01552	0.02649	0.11575	0.65102	0.01583	0.02039	0.02023	0.01508	0.02142	0.01255	0.01674	0.01045	0.00606	0.00665	0.00202	0.00807	0.00598	0.00329	0.01029
14	0.01140	0.00592	0.00855	0.00855	0.00855	0.00592	0.00559	0.00888	0.00888	0.01184	0.01292	0.02353	0.01335	0.12209	0.02728	0.69835	0.00592	0.00635	0.00307	0.00307
15	0.01584	0.01810	0.03959	0.02828	0.03507	0.01697	0.69796	0.02149	0.01584	0.02149	0.01357	0.01810	0.01018	0.00566	0.00792	0.00226	0.01131	0.00792	0.00339	0.00905
16	0.00837	0.00617	0.00789	0.00919	0.01000	0.00569	0.00646	0.00981	0.01350	0.01757	0.04213	0.57880	0.15884	0.02011	0.00852	0.00268	0.00402	0.07847	0.00622	0.00555
17	0.00959	0.00717	0.01066	0.01066	0.01182	0.00832	0.00824	0.01190	0.01075	0.01549	0.01808	0.02697	0.01704	0.07515	0.71314	0.01063	0.01757	0.00728	0.00361	0.00592
18	0.02611	0.01179	0.01496	0.01188	0.01648	0.01110	0.00966	0.09966	0.07807	0.50948	0.04318	0.04355	0.01840	0.00880	0.00668	0.00207	0.00555	0.00719	0.06470	0.01069
