[name]
unknown

[dist]
# distance from previous block
# <min> <max>
0	77

[block]
# block no. 0 follows, 30 sequences, length 19
# corresponding to MSA columns:
# 239-257
name=unknown_A
#
# <colnr> <probs for GDERKNQSTAVLIFYWHMCP>
#	G	D	E	R	K	N	Q	S	T	A	V	L	I	F	Y	W	H	M	C	P
0	0.01673	0.15147	0.01802	0.01275	0.01642	0.01444	0.01115	0.15133	0.01921	0.06448	0.02896	0.04720	0.07802	0.01334	0.00771	0.00246	0.00657	0.29597	0.00594	0.03782
1	0.01442	0.28003	0.07415	0.01134	0.01505	0.03565	0.01015	0.01664	0.01421	0.05373	0.02582	0.22696	0.08642	0.06775	0.03567	0.00279	0.00680	0.01016	0.00471	0.00754
2	0.00986	0.00689	0.00772	0.00781	0.00834	0.00667	0.00483	0.01037	0.01156	0.01495	0.03193	0.05157	0.15364	0.57503	0.02895	0.00574	0.00614	0.04855	0.00477	0.00466
3	0.01101	0.00852	0.00952	0.00922	0.01137	0.00843	0.00692	0.01665	0.14725	0.02343	0.21514	0.08953	0.25841	0.05709	0.00942	0.00257	0.00415	0.03655	0.06779	0.00702
4	0.00851	0.00685	0.00749	0.00779	0.00958	0.00593	0.00561	0.01021	0.01543	0.01914	0.11252	0.21059	0.48802	0.04866	0.00951	0.00263	0.00376	0.01546	0.00648	0.00583
5	0.01866	0.75896	0.03657	0.01194	0.01791	0.02761	0.01194	0.02090	0.01418	0.01642	0.00970	0.01119	0.00896	0.00597	0.00448	0.00149	0.00746	0.00373	0.00299	0.00896
6	0.01735	0.01511	0.01675	0.01642	0.07188	0.01730	0.01185	0.03587	0.64569	0.02870	0.02722	0.02536	0.02051	0.00922	0.00709	0.00234	0.00574	0.00776	0.00682	0.01105
7	0.01934	0.01532	0.07204	0.06318	0.12747	0.04189	0.01339	0.05324	0.14683	0.18549	0.14063	0.02642	0.02383	0.00905	0.00710	0.00217	0.00658	0.00769	0.02832	0.00998
8	0.74802	0.01338	0.01069	0.00941	0.01381	0.01526	0.00775	0.02149	0.01246	0.08096	0.01101	0.01224	0.00826	0.00663	0.00451	0.00216	0.00544	0.00401	0.00463	0.00787
9	0.01763	0.31253	0.15862	0.05707	0.02478	0.04942	0.12954	0.04688	0.01625	0.05059	0.06281	0.01734	0.01383	0.00699	0.00621	0.00193	0.00868	0.00582	0.00384	0.00925
10	0.05229	0.05916	0.03776	0.01851	0.04119	0.07132	0.19419	0.13253	0.09623	0.05476	0.02052	0.08995	0.04160	0.01033	0.02901	0.00248	0.00858	0.00821	0.00513	0.02625
11	0.06538	0.27711	0.12465	0.01605	0.04100	0.13174	0.04126	0.11445	0.01825	0.09012	0.01324	0.01437	0.01019	0.00687	0.00587	0.00188	0.00863	0.00497	0.00428	0.00969
12	0.04172	0.05779	0.10860	0.01236	0.01519	0.06246	0.01058	0.04090	0.01476	0.04952	0.02693	0.40175	0.02977	0.05667	0.00982	0.00274	0.03274	0.01310	0.00537	0.00723
13	0.03826	0.09737	0.04350	0.03644	0.05820	0.10914	0.06263	0.09124	0.05560	0.02254	0.05297	0.17261	0.07713	0.04129	0.00832	0.00240	0.00731	0.00976	0.00508	0.00819
14	0.06279	0.09175	0.10033	0.04386	0.09892	0.18906	0.01418	0.08989	0.08084	0.02402	0.06179	0.04720	0.01622	0.00827	0.00646	0.00203	0.00833	0.00644	0.03852	0.00911
15	0.07987	0.07735	0.10192	0.07340	0.14912	0.01652	0.01493	0.12440	0.09602	0.09954	0.08254	0.02105	0.01739	0.00804	0.00665	0.00212	0.00718	0.00660	0.00529	0.01006
16	0.01685	0.21650	0.18609	0.01931	0.09290	0.05573	0.09742	0.05841	0.04389	0.02139	0.01485	0.06377	0.01306	0.03439	0.00744	0.00217	0.00860	0.00650	0.00382	0.03692
17	0.04823	0.04113	0.10185	0.06700	0.09440	0.06492	0.09923	0.13683	0.07317	0.07728	0.08288	0.02134	0.01721	0.00953	0.03217	0.00247	0.00857	0.00693	0.00510	0.00975
18	0.04043	0.01313	0.06428	0.03879	0.01641	0.06461	0.04728	0.04083	0.05356	0.02011	0.02736	0.31988	0.05506	0.10378	0.01150	0.00298	0.02528	0.01240	0.00525	0.03710

[dist]
# distance from previous block
# <min> <max>
19	70

[block]
# block no. 1 follows, 30 sequences, length 7
# corresponding to MSA columns:
# 336-342
name=unknown_B
#
# <colnr> <probs for GDERKNQSTAVLIFYWHMCP>
#	G	D	E	R	K	N	Q	S	T	A	V	L	I	F	Y	W	H	M	C	P
0	0.01754	0.01742	0.02194	0.15887	0.30175	0.13071	0.01668	0.05804	0.05294	0.02256	0.05601	0.04895	0.01564	0.00787	0.00692	0.00208	0.00839	0.00687	0.00420	0.04462
1	0.08706	0.04749	0.03332	0.05301	0.01948	0.07103	0.03376	0.15329	0.07037	0.09009	0.05017	0.07683	0.03412	0.03290	0.00753	0.00217	0.00688	0.00739	0.00555	0.11756
2	0.04919	0.12076	0.02121	0.01817	0.13283	0.05340	0.01272	0.21839	0.08005	0.06489	0.05336	0.05702	0.04680	0.00892	0.00665	0.00204	0.00698	0.00719	0.00556	0.03384
3	0.06965	0.07389	0.04265	0.02527	0.28800	0.06835	0.03822	0.07191	0.05282	0.09330	0.05154	0.01920	0.01471	0.00873	0.02966	0.00232	0.00810	0.00628	0.00468	0.03073
4	0.01752	0.10123	0.07545	0.01952	0.16403	0.16005	0.01362	0.05382	0.01778	0.05012	0.11704	0.07755	0.08388	0.00991	0.00695	0.00206	0.00768	0.00818	0.00486	0.00875
5	0.02085	0.28880	0.14627	0.01557	0.05424	0.07776	0.01439	0.05863	0.05029	0.15802	0.01743	0.01772	0.03659	0.00744	0.00601	0.00191	0.00789	0.00554	0.00470	0.00994
6	0.01402	0.04948	0.05257	0.01388	0.08048	0.04693	0.01014	0.09256	0.05227	0.02316	0.09826	0.08306	0.22553	0.07262	0.00964	0.00252	0.00593	0.01022	0.00558	0.05115

[dist]
# distance from previous block
# <min> <max>
13	42

[block]
# block no. 2 follows, 30 sequences, length 16
# corresponding to MSA columns:
# 394-409
name=unknown_C
#
# <colnr> <probs for GDERKNQSTAVLIFYWHMCP>
#	G	D	E	R	K	N	Q	S	T	A	V	L	I	F	Y	W	H	M	C	P
0	0.04514	0.12111	0.14236	0.01768	0.09811	0.01511	0.06063	0.01970	0.01537	0.08989	0.09116	0.02753	0.07127	0.04034	0.02664	0.00261	0.06888	0.03306	0.00464	0.00876
1	0.01448	0.03860	0.08383	0.01608	0.10597	0.03636	0.01186	0.10373	0.06617	0.02437	0.09338	0.18881	0.11899	0.01250	0.00745	0.00224	0.00610	0.01075	0.00562	0.05270
2	0.01754	0.05966	0.10037	0.04649	0.07813	0.06975	0.08871	0.11414	0.08421	0.05556	0.02092	0.07060	0.05424	0.05249	0.03475	0.00279	0.02770	0.00790	0.00487	0.00918
3	0.03891	0.01369	0.03582	0.10418	0.12512	0.09281	0.02985	0.01643	0.01522	0.01993	0.05128	0.22715	0.09864	0.01295	0.00800	0.00237	0.02584	0.04006	0.00490	0.03686
4	0.08553	0.09043	0.08301	0.16174	0.02513	0.07525	0.06336	0.04284	0.01589	0.08347	0.05386	0.02277	0.06218	0.03966	0.00842	0.00232	0.03669	0.00675	0.00444	0.03627
5	0.03197	0.01249	0.01935	0.07895	0.26273	0.01261	0.05140	0.04962	0.03035	0.04740	0.10341	0.09876	0.07695	0.05238	0.00912	0.00254	0.00681	0.03941	0.00506	0.00868
6	0.01884	0.03668	0.08866	0.04428	0.04548	0.06515	0.04010	0.09078	0.24848	0.10462	0.08071	0.02389	0.01991	0.01120	0.04741	0.00271	0.00784	0.00730	0.00593	0.01003
7	0.04754	0.25106	0.07561	0.01444	0.01990	0.21348	0.03636	0.04075	0.01672	0.04204	0.03891	0.01483	0.01177	0.00670	0.00568	0.00167	0.00856	0.00480	0.00389	0.14530
8	0.00925	0.00708	0.00857	0.00859	0.01033	0.00626	0.00625	0.01153	0.01670	0.02238	0.31235	0.23766	0.24793	0.01684	0.00827	0.00236	0.00365	0.01474	0.00685	0.04239
9	0.01787	0.16346	0.30847	0.01951	0.06817	0.04023	0.09831	0.06321	0.01686	0.08468	0.04471	0.01724	0.01269	0.00704	0.00655	0.00206	0.00903	0.00587	0.00404	0.01000
10	0.04993	0.11032	0.19199	0.02867	0.33277	0.01781	0.05190	0.05949	0.01642	0.05717	0.01339	0.01606	0.01046	0.00652	0.00652	0.00206	0.00857	0.00571	0.00377	0.01049
11	0.01368	0.07610	0.14921	0.01236	0.01642	0.09143	0.01164	0.01689	0.01616	0.04805	0.12317	0.09944	0.23685	0.01273	0.00814	0.00224	0.04227	0.01030	0.00527	0.00763
12	0.00961	0.00691	0.00934	0.01088	0.01186	0.00664	0.00837	0.01166	0.01457	0.01911	0.03920	0.44744	0.07157	0.02063	0.00918	0.00297	0.00500	0.28260	0.00646	0.00599
13	0.04439	0.01627	0.04626	0.03117	0.37073	0.01535	0.14980	0.04426	0.01686	0.12735	0.01689	0.05937	0.01371	0.00748	0.00721	0.00219	0.00833	0.00739	0.00454	0.01044
14	0.01900	0.05029	0.02631	0.07471	0.49898	0.05694	0.01899	0.07453	0.03517	0.05752	0.01418	0.01732	0.01138	0.00667	0.00679	0.00206	0.00832	0.00610	0.00404	0.01071
15	0.02664	0.01760	0.01952	0.01516	0.02056	0.01898	0.01246	0.49794	0.09105	0.17683	0.01997	0.01900	0.01381	0.00853	0.00700	0.00213	0.00713	0.00658	0.00732	0.01179

[dist]
# distance from previous block
# <min> <max>
1	3

[block]
# block no. 3 follows, 30 sequences, length 14
# corresponding to MSA columns:
# 413-421,424-428
name=unknown_D
#
# <colnr> <probs for GDERKNQSTAVLIFYWHMCP>
#	G	D	E	R	K	N	Q	S	T	A	V	L	I	F	Y	W	H	M	C	P
0	0.00993	0.00804	0.01127	0.01207	0.05334	0.00742	0.04177	0.01236	0.01601	0.02110	0.18603	0.26282	0.22857	0.01709	0.00851	0.00254	0.00464	0.08358	0.00640	0.00651
1	0.01708	0.01706	0.01985	0.07482	0.17210	0.13690	0.05247	0.02540	0.22238	0.02375	0.10639	0.06060	0.02232	0.00921	0.00721	0.00220	0.00762	0.00804	0.00524	0.00937
2	0.01643	0.05234	0.01592	0.01104	0.01676	0.04670	0.00892	0.04260	0.01601	0.06458	0.05418	0.01706	0.01393	0.00617	0.00554	0.00127	0.00569	0.00488	0.00463	0.59538
3	0.49603	0.06858	0.07502	0.01097	0.01588	0.04636	0.00992	0.02254	0.01387	0.11952	0.01314	0.01419	0.00973	0.00687	0.00501	0.00207	0.00623	0.00452	0.05112	0.00843
4	0.00960	0.00704	0.00810	0.00849	0.00935	0.00677	0.00554	0.01142	0.04670	0.01715	0.05846	0.26107	0.17549	0.32080	0.01958	0.00430	0.00511	0.01398	0.00562	0.00542
5	0.06144	0.07760	0.63587	0.01878	0.02848	0.01685	0.02387	0.02193	0.01453	0.02231	0.01219	0.01432	0.00877	0.00658	0.00636	0.00216	0.00985	0.00499	0.00303	0.01007
6	0.01668	0.01646	0.02972	0.16304	0.41143	0.01682	0.17498	0.04479	0.01628	0.02256	0.01336	0.01785	0.01066	0.00635	0.00723	0.00218	0.00926	0.00669	0.00353	0.01011
7	0.01195	0.01378	0.12931	0.01679	0.06769	0.01010	0.11346	0.01524	0.01444	0.04199	0.02844	0.44540	0.03133	0.01545	0.00823	0.00258	0.00659	0.01433	0.00532	0.00757
8	0.01556	0.03783	0.16027	0.06225	0.20091	0.01886	0.01894	0.01973	0.03155	0.01976	0.01154	0.01604	0.00991	0.00907	0.01387	0.00254	0.33301	0.00594	0.00325	0.00917
9	0.02165	0.01885	0.10611	0.09210	0.04462	0.10882	0.01395	0.15472	0.03702	0.19035	0.07440	0.02329	0.04798	0.00874	0.00696	0.00212	0.00776	0.00699	0.02369	0.00989
10	0.00991	0.00678	0.00871	0.00922	0.01047	0.00618	0.00653	0.01190	0.01593	0.05243	0.24650	0.41815	0.13433	0.01842	0.00853	0.00255	0.00384	0.01641	0.00694	0.00626
11	0.01671	0.01233	0.01470	0.01061	0.01671	0.00943	0.00853	0.01976	0.01520	0.11488	0.01441	0.01570	0.01126	0.00563	0.00541	0.00118	0.00527	0.00452	0.00473	0.69302
12	0.04161	0.01352	0.01738	0.10240	0.06524	0.01387	0.04643	0.11897	0.13392	0.05183	0.02100	0.02477	0.05571	0.09651	0.01008	0.00255	0.00677	0.00713	0.00519	0.16514
13	0.03123	0.00803	0.01140	0.04368	0.05395	0.00854	0.00868	0.01296	0.01378	0.01972	0.17587	0.14559	0.03248	0.09453	0.30063	0.00633	0.01054	0.01056	0.00506	0.00643

[dist]
# distance from previous block
# <min> <max>
0	2

[block]
# block no. 4 follows, 30 sequences, length 15
# corresponding to MSA columns:
# 431-445
name=unknown_E
#
# <colnr> <probs for GDERKNQSTAVLIFYWHMCP>
#	G	D	E	R	K	N	Q	S	T	A	V	L	I	F	Y	W	H	M	C	P
0	0.11325	0.01933	0.01888	0.06180	0.03920	0.11133	0.01286	0.35622	0.13936	0.03433	0.01677	0.01729	0.01240	0.00804	0.00660	0.00212	0.00781	0.00603	0.00592	0.01046
1	0.01597	0.16860	0.17921	0.15009	0.25314	0.01838	0.03396	0.02126	0.03932	0.02068	0.01329	0.01748	0.01086	0.00680	0.00647	0.00207	0.00868	0.02060	0.00339	0.00976
2	0.01528	0.01450	0.02383	0.35835	0.32848	0.01641	0.01955	0.02038	0.05297	0.02053	0.01342	0.01826	0.01072	0.00709	0.00787	0.00226	0.05096	0.00630	0.00347	0.00934
3	0.01710	0.01755	0.06251	0.12803	0.28663	0.06067	0.17563	0.02162	0.01649	0.06090	0.07053	0.02060	0.01528	0.00712	0.00729	0.00218	0.00908	0.00709	0.00404	0.00967
4	0.01137	0.00878	0.01413	0.05545	0.01665	0.00832	0.10708	0.01362	0.01451	0.06303	0.03572	0.48865	0.09979	0.01740	0.00851	0.00265	0.00556	0.01603	0.00598	0.00676
5	0.01497	0.01574	0.06702	0.22866	0.30301	0.01543	0.06193	0.01920	0.01481	0.02066	0.01546	0.04154	0.03590	0.00763	0.00801	0.00220	0.05512	0.00685	0.00355	0.06230
6	0.01877	0.01554	0.12587	0.02059	0.18876	0.01180	0.02810	0.02254	0.01682	0.23220	0.04544	0.10222	0.07927	0.01061	0.00745	0.00230	0.00687	0.04931	0.00582	0.00976
7	0.01261	0.01331	0.06480	0.10557	0.09182	0.01203	0.16665	0.01709	0.04951	0.02039	0.02824	0.25074	0.09186	0.01278	0.00804	0.00249	0.00736	0.03188	0.00490	0.00792
8	0.01818	0.01791	0.02160	0.40029	0.14788	0.17405	0.01768	0.04108	0.01647	0.06039	0.01318	0.01729	0.01006	0.00704	0.00682	0.00215	0.00962	0.00587	0.00371	0.00873
9	0.01503	0.01554	0.06477	0.32418	0.31879	0.01559	0.03715	0.03569	0.01546	0.02097	0.01657	0.02087	0.05461	0.00733	0.00704	0.00221	0.00860	0.00675	0.00356	0.00930
10	0.01581	0.01436	0.06480	0.23406	0.23346	0.01367	0.05077	0.01988	0.01569	0.09630	0.03862	0.06594	0.06842	0.00907	0.00732	0.00228	0.00785	0.02812	0.00449	0.00910
11	0.01385	0.03276	0.61764	0.02003	0.02944	0.01565	0.07889	0.02133	0.01479	0.02185	0.01430	0.06185	0.01136	0.00754	0.00691	0.00226	0.01003	0.00634	0.00322	0.00994
12	0.01409	0.01241	0.02071	0.63573	0.08632	0.01498	0.01863	0.01850	0.01433	0.05011	0.01407	0.04492	0.01109	0.00754	0.00704	0.00232	0.00890	0.00673	0.00350	0.00807
13	0.01984	0.05097	0.29560	0.06432	0.06590	0.06161	0.08293	0.10682	0.01836	0.14376	0.01560	0.01705	0.01100	0.00713	0.00683	0.00215	0.00924	0.00594	0.00456	0.01038
14	0.01670	0.01718	0.05214	0.12314	0.53839	0.05189	0.02025	0.02080	0.01569	0.02165	0.01406	0.05066	0.01226	0.00709	0.00697	0.00213	0.00851	0.00671	0.00354	0.01023

[dist]
# distance from previous block
# <min> <max>
0	1

[block]
# block no. 5 follows, 30 sequences, length 66
# corresponding to MSA columns:
# 447-512
name=unknown_F
#
# <colnr> <probs for GDERKNQSTAVLIFYWHMCP>
#	G	D	E	R	K	N	Q	S	T	A	V	L	I	F	Y	W	H	M	C	P
0	0.05195	0.01518	0.01583	0.01409	0.01814	0.01752	0.01102	0.07234	0.63206	0.03010	0.02695	0.02489	0.02018	0.00928	0.00697	0.00234	0.00564	0.00762	0.00697	0.01094
1	0.01838	0.01621	0.02737	0.04044	0.65668	0.01608	0.02054	0.02241	0.01621	0.07733	0.01426	0.01778	0.01154	0.00641	0.00692	0.00208	0.00811	0.00628	0.00386	0.01112
2	0.80405	0.01350	0.01026	0.00918	0.01350	0.01565	0.00756	0.02051	0.01188	0.03131	0.00972	0.01134	0.00756	0.00648	0.00432	0.00216	0.00540	0.00378	0.00432	0.00756
3	0.05213	0.08331	0.06411	0.05354	0.36282	0.01685	0.01715	0.09554	0.01746	0.07476	0.01399	0.01651	0.01100	0.00657	0.00641	0.00195	0.00770	0.00569	0.00424	0.08825
4	0.25527	0.12336	0.05355	0.02125	0.19528	0.12406	0.05173	0.02280	0.01523	0.06100	0.01208	0.01426	0.00961	0.00654	0.00577	0.00200	0.00811	0.00499	0.00393	0.00918
5	0.01212	0.00606	0.00909	0.00909	0.00909	0.00606	0.00606	0.00909	0.00909	0.01212	0.01212	0.02121	0.01212	0.02424	0.02727	0.79697	0.00606	0.00606	0.00303	0.00303
6	0.01009	0.00698	0.00868	0.00868	0.00905	0.00735	0.00556	0.01084	0.01047	0.01432	0.02101	0.04024	0.02301	0.54588	0.24118	0.00809	0.01031	0.00935	0.00408	0.00482
7	0.16129	0.08784	0.01946	0.01596	0.01987	0.54670	0.01233	0.02602	0.01795	0.01951	0.01051	0.01226	0.00874	0.00697	0.00580	0.00184	0.01092	0.00431	0.00367	0.00807
8	0.00946	0.00676	0.00920	0.01082	0.01164	0.00650	0.00815	0.01138	0.01431	0.01889	0.03793	0.51453	0.04405	0.02096	0.00916	0.00297	0.00488	0.24601	0.00646	0.00593
9	0.05000	0.01309	0.01648	0.08476	0.07419	0.01145	0.01078	0.05324	0.01580	0.08138	0.01382	0.01585	0.01083	0.00593	0.00569	0.00144	0.00602	0.00483	0.00451	0.51990
10	0.03131	0.01188	0.01619	0.01242	0.01781	0.01026	0.01026	0.03401	0.01997	0.71606	0.02753	0.02375	0.01727	0.00864	0.00702	0.00216	0.00594	0.00702	0.00864	0.01188
11	0.01582	0.01378	0.01605	0.01275	0.01799	0.01316	0.03496	0.02633	0.31548	0.02556	0.01951	0.01972	0.01517	0.00709	0.00613	0.00167	0.00557	0.00594	0.00542	0.42190
12	0.01418	0.06423	0.69206	0.01958	0.02972	0.01665	0.02524	0.02205	0.01471	0.02188	0.01241	0.01460	0.00884	0.00660	0.00655	0.00218	0.01020	0.00510	0.00295	0.01026
13	0.01013	0.00800	0.01022	0.01032	0.01236	0.00753	0.02731	0.01357	0.05089	0.02161	0.16905	0.13258	0.27750	0.01719	0.00866	0.00262	0.00472	0.20260	0.00663	0.00651
14	0.01878	0.01629	0.01654	0.01457	0.01869	0.04826	0.01140	0.11088	0.59362	0.03036	0.02632	0.02440	0.01970	0.00925	0.00705	0.00231	0.00607	0.00756	0.00694	0.01101
15	0.01559	0.25038	0.36121	0.01637	0.04370	0.01840	0.01821	0.02088	0.01455	0.02052	0.01166	0.01368	0.00922	0.00615	0.00571	0.00177	0.00844	0.00457	0.00319	0.15581
16	0.01465	0.13749	0.62294	0.01877	0.02848	0.01781	0.02384	0.02193	0.01466	0.02130	0.01213	0.01424	0.00886	0.00654	0.00633	0.00211	0.00991	0.00496	0.00295	0.01012
17	0.00997	0.00756	0.00934	0.00973	0.01136	0.00722	0.00738	0.01359	0.06512	0.02254	0.25497	0.23196	0.18174	0.01732	0.00855	0.00257	0.00420	0.12146	0.00689	0.00651
18	0.01609	0.01681	0.06253	0.19769	0.43241	0.01645	0.09315	0.02119	0.03516	0.02177	0.01348	0.01787	0.01079	0.00647	0.00706	0.00218	0.00892	0.00643	0.00346	0.01009
19	0.02186	0.02633	0.02085	0.07912	0.02332	0.46061	0.03167	0.02393	0.01678	0.01720	0.01057	0.01397	0.00910	0.00848	0.01083	0.00219	0.20665	0.00516	0.00341	0.00797
20	0.01729	0.54674	0.23679	0.01427	0.02152	0.02426	0.01600	0.02125	0.01434	0.01809	0.01053	0.01223	0.00892	0.00616	0.00511	0.00170	0.00830	0.00415	0.00297	0.00935
21	0.00849	0.00614	0.00803	0.00955	0.01008	0.00568	0.00640	0.00974	0.01352	0.01788	0.04052	0.70667	0.08836	0.02160	0.00886	0.00280	0.00402	0.01951	0.00648	0.00568
22	0.01533	0.02766	0.41376	0.02561	0.17082	0.01660	0.12480	0.02324	0.07213	0.02287	0.01421	0.01682	0.01060	0.00667	0.00697	0.00222	0.00972	0.00607	0.00349	0.01039
23	0.00912	0.00694	0.00838	0.00837	0.01005	0.00621	0.00615	0.01157	0.01744	0.02332	0.38891	0.17093	0.27400	0.01663	0.00835	0.00235	0.00350	0.01449	0.00709	0.00621
24	0.00872	0.00657	0.00812	0.00918	0.01030	0.00597	0.00654	0.01036	0.01461	0.01885	0.07914	0.46621	0.23581	0.02009	0.00875	0.00270	0.00406	0.07165	0.00653	0.00584
25	0.01629	0.01693	0.03288	0.14363	0.31066	0.01689	0.31528	0.02128	0.01585	0.02184	0.01345	0.01816	0.01058	0.00619	0.00751	0.00224	0.00998	0.00711	0.00343	0.00982
26	0.01124	0.00803	0.01124	0.01285	0.01446	0.00803	0.01124	0.01446	0.01606	0.02088	0.03695	0.07871	0.04016	0.01928	0.00964	0.00321	0.00643	0.66426	0.00643	0.00643
27	0.01318	0.01240	0.02093	0.73798	0.04806	0.01550	0.01938	0.01783	0.01395	0.01783	0.01240	0.01860	0.00930	0.00698	0.00698	0.00233	0.00930	0.00620	0.00310	0.00775
28	0.02653	0.01955	0.02094	0.01606	0.02164	0.02164	0.01326	0.68796	0.03281	0.04398	0.01675	0.01675	0.01187	0.00838	0.00698	0.00209	0.00768	0.00628	0.00698	0.01187
29	0.01549	0.00861	0.01116	0.00979	0.01251	0.00785	0.00759	0.01911	0.04355	0.20249	0.46996	0.04494	0.09287	0.01288	0.00788	0.00220	0.00406	0.01116	0.00783	0.00804
30	0.00862	0.00616	0.00823	0.00985	0.01031	0.00577	0.00668	0.00992	0.01348	0.01795	0.03840	0.72142	0.04590	0.02175	0.00894	0.00285	0.00415	0.04746	0.00648	0.00570
31	0.01901	0.72469	0.03577	0.01223	0.01808	0.06062	0.01201	0.02122	0.01444	0.01645	0.00975	0.01126	0.00896	0.00603	0.00456	0.00151	0.00770	0.00377	0.00301	0.00891
32	0.01465	0.01267	0.01535	0.01241	0.06082	0.00977	0.00911	0.01782	0.01456	0.02274	0.01245	0.01465	0.01038	0.00523	0.00528	0.00110	0.00537	0.00427	0.00409	0.74730
33	0.01783	0.01764	0.02778	0.04125	0.66727	0.06184	0.02091	0.02183	0.01614	0.02243	0.01298	0.01697	0.01092	0.00628	0.00687	0.00206	0.00856	0.00611	0.00346	0.01086
34	0.01531	0.01575	0.02577	0.09953	0.02565	0.01989	0.16634	0.01816	0.01234	0.01816	0.01063	0.01643	0.00950	0.01022	0.01787	0.00282	0.49783	0.00660	0.00317	0.00805
35	0.01151	0.00783	0.00872	0.00831	0.00878	0.00800	0.00498	0.06654	0.01203	0.01606	0.02155	0.04326	0.02425	0.69266	0.03314	0.00638	0.00684	0.00983	0.00446	0.00486
36	0.00998	0.00742	0.01092	0.01092	0.01206	0.00856	0.00835	0.01227	0.01113	0.01598	0.01897	0.02893	0.01810	0.11077	0.66957	0.01084	0.01770	0.00770	0.00378	0.00606
37	0.01727	0.01658	0.02832	0.04283	0.71123	0.01658	0.02142	0.02142	0.01589	0.02280	0.01313	0.01727	0.01105	0.00622	0.00691	0.00207	0.00829	0.00622	0.00345	0.01105
38	0.01660	0.01590	0.02712	0.15622	0.60306	0.01640	0.02108	0.02083	0.01557	0.02199	0.01301	0.01749	0.01077	0.00634	0.00692	0.00211	0.00846	0.00621	0.00340	0.01052
39	0.02464	0.02990	0.01890	0.01714	0.02063	0.61040	0.01288	0.07911	0.02028	0.01929	0.01357	0.07428	0.01231	0.00851	0.00656	0.00191	0.01148	0.00591	0.00411	0.00819
40	0.01828	0.70119	0.09107	0.01258	0.01889	0.02670	0.01305	0.02099	0.01422	0.01687	0.00993	0.01148	0.00895	0.00602	0.00465	0.00155	0.00769	0.00385	0.00298	0.00906
41	0.01059	0.00799	0.01099	0.01320	0.06972	0.00787	0.00896	0.01345	0.04427	0.02008	0.09555	0.36102	0.04064	0.08157	0.01107	0.00313	0.00524	0.18201	0.00616	0.00650
42	0.01661	0.01816	0.09578	0.09840	0.58890	0.01645	0.02168	0.02119	0.01561	0.02232	0.01301	0.01713	0.01069	0.00632	0.00689	0.00211	0.00857	0.00611	0.00337	0.01071
43	0.05584	0.01276	0.01392	0.01385	0.07209	0.08151	0.00972	0.05222	0.09750	0.09161	0.37171	0.03595	0.04053	0.01115	0.00743	0.00216	0.00544	0.00947	0.00674	0.00841
44	0.00913	0.00725	0.01072	0.01103	0.01223	0.00669	0.06286	0.01080	0.01393	0.01832	0.04036	0.60623	0.12379	0.02002	0.00877	0.00274	0.00463	0.01825	0.00623	0.00601
45	0.01524	0.01286	0.01488	0.01070	0.01686	0.01009	0.00859	0.06030	0.01564	0.02409	0.01268	0.01462	0.01043	0.00537	0.00528	0.00110	0.00533	0.00427	0.00432	0.74735
46	0.01713	0.01644	0.02807	0.06697	0.68820	0.01654	0.02135	0.02129	0.01582	0.02263	0.01310	0.01732	0.01099	0.00624	0.00691	0.00208	0.00833	0.00622	0.00344	0.01094
47	0.01021	0.00776	0.01138	0.01125	0.01235	0.00912	0.00867	0.01247	0.01111	0.01602	0.01853	0.02826	0.01768	0.10348	0.64452	0.01053	0.04913	0.00762	0.00375	0.00614
48	0.01015	0.00677	0.00761	0.00761	0.00761	0.00677	0.00423	0.01015	0.01015	0.01353	0.02199	0.04567	0.02537	0.75476	0.03552	0.00677	0.00677	0.01015	0.00423	0.00423
49	0.01613	0.01986	0.09529	0.02736	0.03390	0.01795	0.55510	0.02170	0.01567	0.02170	0.01342	0.01808	0.01028	0.00666	0.00976	0.00242	0.09425	0.00774	0.00343	0.00929
50	0.00880	0.00709	0.00783	0.00764	0.00976	0.00612	0.00573	0.01107	0.01720	0.02192	0.28476	0.06210	0.49241	0.01653	0.00824	0.00230	0.00345	0.01402	0.00688	0.00612
51	0.80405	0.01350	0.01026	0.00918	0.01350	0.01565	0.00756	0.02051	0.01188	0.03131	0.00972	0.01134	0.00756	0.00648	0.00432	0.00216	0.00540	0.00378	0.00432	0.00756
52	0.01648	0.01544	0.02403	0.16676	0.37154	0.01663	0.04408	0.02500	0.20007	0.02356	0.01716	0.01995	0.01347	0.00723	0.00703	0.00221	0.00787	0.00674	0.00438	0.01036
53	0.00949	0.00712	0.00879	0.00837	0.01019	0.00642	0.00628	0.01242	0.01884	0.02581	0.55596	0.05570	0.21878	0.01508	0.00823	0.00223	0.00335	0.01312	0.00740	0.00642
54	0.01089	0.01022	0.04462	0.01316	0.01595	0.00877	0.11626	0.01424	0.01679	0.02263	0.24885	0.16065	0.14230	0.01519	0.00852	0.00253	0.00566	0.12961	0.00623	0.00692
55	0.01671	0.45825	0.17089	0.01413	0.02011	0.02280	0.01477	0.02011	0.01378	0.01790	0.01080	0.01333	0.00945	0.00909	0.04344	0.00228	0.08844	0.00449	0.00308	0.04618
56	0.02597	0.02015	0.02025	0.01595	0.02122	0.08505	0.01300	0.55232	0.08238	0.06655	0.01753	0.01736	0.01254	0.00836	0.00693	0.00209	0.00789	0.00627	0.00675	0.01146
57	0.01914	0.01281	0.01573	0.01174	0.01721	0.01105	0.00954	0.04988	0.01627	0.19160	0.01600	0.01689	0.01199	0.00672	0.00715	0.00152	0.06583	0.00509	0.00526	0.50859
58	0.01151	0.00700	0.00920	0.00994	0.01123	0.00639	0.00706	0.01310	0.01469	0.10645	0.05596	0.55285	0.10061	0.01953	0.00863	0.00271	0.00433	0.04552	0.00678	0.00653
59	0.01866	0.75896	0.03657	0.01194	0.01791	0.02761	0.01194	0.02090	0.01418	0.01642	0.00970	0.01119	0.00896	0.00597	0.00448	0.00149	0.00746	0.00373	0.00299	0.00896
60	0.01224	0.04778	0.01462	0.01235	0.01298	0.01322	0.00948	0.01352	0.01081	0.01547	0.01622	0.02899	0.01705	0.28490	0.21065	0.00642	0.25577	0.00777	0.00364	0.00613
61	0.01013	0.00762	0.01116	0.04731	0.01360	0.00863	0.00861	0.01263	0.01235	0.01756	0.10656	0.03164	0.02387	0.10362	0.54146	0.00924	0.01526	0.00829	0.00425	0.00619
62	0.04401	0.02522	0.05541	0.03827	0.02209	0.35482	0.04545	0.16008	0.02039	0.02404	0.01287	0.01511	0.01020	0.00789	0.00812	0.00205	0.08517	0.00539	0.05455	0.00887
63	0.15295	0.08246	0.33116	0.01596	0.02310	0.07892	0.01737	0.13439	0.01769	0.02671	0.01291	0.01461	0.00961	0.00697	0.00601	0.00206	0.00865	0.00501	0.04384	0.00962
64	0.01377	0.05042	0.02228	0.64824	0.09718	0.01620	0.01916	0.01826	0.01411	0.01814	0.01232	0.01813	0.00942	0.00687	0.00685	0.00226	0.00913	0.00608	0.00312	0.00806
65	0.16297	0.02878	0.01111	0.01126	0.04484	0.03044	0.00809	0.01432	0.01510	0.02272	0.15058	0.22072	0.15998	0.01483	0.00791	0.00244	0.02340	0.05792	0.00586	0.00674

[dist]
# distance from previous block
# <min> <max>
2	4

[block]
# block no. 6 follows, 30 sequences, length 31
# corresponding to MSA columns:
# 517-547
name=unknown_G
#
# <colnr> <probs for GDERKNQSTAVLIFYWHMCP>
#	G	D	E	R	K	N	Q	S	T	A	V	L	I	F	Y	W	H	M	C	P
0	0.01533	0.01427	0.02331	0.43559	0.27752	0.01621	0.01950	0.04778	0.04319	0.02112	0.01349	0.01836	0.01051	0.00687	0.00696	0.00223	0.00873	0.00628	0.00355	0.00921
1	0.01883	0.01633	0.02701	0.03915	0.62361	0.01630	0.02014	0.05281	0.01699	0.07994	0.01446	0.01777	0.01159	0.00651	0.00692	0.00208	0.00807	0.00629	0.00403	0.01116
2	0.01613	0.01622	0.02504	0.31706	0.31441	0.07017	0.05731	0.02025	0.01513	0.02000	0.01248	0.01742	0.01006	0.00693	0.00791	0.00223	0.05254	0.00619	0.00330	0.00921
3	0.02003	0.01632	0.01728	0.01474	0.01917	0.01861	0.01169	0.22690	0.50444	0.03350	0.02501	0.02333	0.01855	0.00915	0.00707	0.00229	0.00615	0.00742	0.00707	0.01129
4	0.00876	0.00660	0.00817	0.00931	0.01044	0.00602	0.00670	0.01038	0.01444	0.01849	0.04786	0.46646	0.24222	0.02031	0.00880	0.00274	0.00418	0.09584	0.00647	0.00583
5	0.00988	0.00713	0.00933	0.00878	0.01043	0.00658	0.00658	0.01317	0.01975	0.02798	0.70754	0.05213	0.06584	0.01427	0.00823	0.00219	0.00329	0.01262	0.00768	0.00658
6	0.01839	0.61174	0.13569	0.01345	0.01992	0.06558	0.01406	0.02147	0.01458	0.01729	0.01018	0.01179	0.00894	0.00614	0.00490	0.00162	0.00817	0.00398	0.00301	0.00911
7	0.01430	0.08266	0.67467	0.01938	0.02941	0.01694	0.02489	0.02202	0.01470	0.02173	0.01234	0.01450	0.00885	0.00659	0.00649	0.00216	0.01013	0.00506	0.00295	0.01023
8	0.00850	0.00607	0.00810	0.00972	0.01012	0.00567	0.00648	0.00972	0.01336	0.01781	0.03846	0.75020	0.04615	0.02186	0.00891	0.00283	0.00405	0.01984	0.00648	0.00567
9	0.00905	0.00647	0.00873	0.01035	0.01099	0.00614	0.00744	0.01067	0.01390	0.01843	0.03816	0.61535	0.04495	0.02134	0.00905	0.00291	0.00453	0.14926	0.00647	0.00582
10	0.02711	0.01775	0.18668	0.01423	0.02082	0.01170	0.01402	0.03112	0.01870	0.54762	0.02389	0.02156	0.01523	0.00815	0.00692	0.00217	0.00700	0.00657	0.00726	0.01150
11	0.01866	0.75896	0.03657	0.01194	0.01791	0.02761	0.01194	0.02090	0.01418	0.01642	0.00970	0.01119	0.00896	0.00597	0.00448	0.00149	0.00746	0.00373	0.00299	0.00896
12	0.02598	0.01737	0.15912	0.01418	0.02040	0.01257	0.01356	0.07660	0.05987	0.46688	0.04432	0.02242	0.01689	0.00843	0.00698	0.00218	0.00684	0.00681	0.00725	0.01135
13	0.01692	0.08190	0.47020	0.01948	0.05593	0.01699	0.04903	0.06169	0.06032	0.08049	0.01491	0.01634	0.01068	0.00698	0.00664	0.00216	0.00927	0.00562	0.00396	0.01047
14	0.01357	0.00761	0.00923	0.00868	0.00965	0.00738	0.00555	0.01420	0.01199	0.13062	0.02359	0.07661	0.02471	0.56178	0.06108	0.00601	0.00704	0.00999	0.00505	0.00566
15	0.01986	0.01832	0.03323	0.02648	0.09979	0.05171	0.42487	0.07614	0.03440	0.11913	0.01623	0.01904	0.01183	0.00664	0.00771	0.00225	0.01019	0.00752	0.00458	0.01008
16	0.01743	0.01690	0.02562	0.12091	0.52339	0.06200	0.01957	0.05443	0.01676	0.02274	0.01553	0.01923	0.04055	0.00697	0.00694	0.00210	0.00845	0.00647	0.00373	0.01029
17	0.01106	0.00808	0.01102	0.01071	0.01195	0.00910	0.00800	0.05467	0.01234	0.01736	0.01931	0.03084	0.01887	0.20744	0.52610	0.00964	0.01531	0.00800	0.00405	0.00614
18	0.02307	0.02725	0.01947	0.01718	0.02102	0.49539	0.04638	0.05830	0.13565	0.02074	0.01777	0.01860	0.05260	0.00819	0.00667	0.00197	0.01058	0.00595	0.00451	0.00870
19	0.01727	0.01658	0.02832	0.04283	0.71123	0.01658	0.02142	0.02142	0.01589	0.02280	0.01313	0.01727	0.01105	0.00622	0.00691	0.00207	0.00829	0.00622	0.00345	0.01105
20	0.01404	0.01328	0.02248	0.59227	0.18707	0.01573	0.01981	0.01858	0.01436	0.01887	0.01255	0.01833	0.00967	0.00682	0.00696	0.00227	0.00909	0.00620	0.00317	0.00844
21	0.01701	0.01632	0.02786	0.08681	0.66928	0.01651	0.02129	0.02119	0.01577	0.02248	0.01308	0.01736	0.01094	0.00627	0.00691	0.00209	0.00835	0.00622	0.00343	0.01084
22	0.01095	0.00887	0.01109	0.01099	0.01215	0.05078	0.00822	0.01297	0.01153	0.01579	0.01880	0.02972	0.01833	0.17223	0.56387	0.00988	0.01625	0.00777	0.00382	0.00599
23	0.02014	0.01923	0.05716	0.03443	0.49498	0.11596	0.01908	0.02395	0.01690	0.10973	0.01459	0.01731	0.01145	0.00668	0.00682	0.00205	0.00869	0.00603	0.00411	0.01071
24	0.01429	0.08182	0.67546	0.01939	0.02943	0.01693	0.02491	0.02202	0.01470	0.02174	0.01234	0.01451	0.00885	0.00659	0.00649	0.00216	0.01013	0.00507	0.00295	0.01023
25	0.01150	0.00769	0.00868	0.00809	0.01069	0.00658	0.00619	0.01369	0.01720	0.10898	0.19473	0.05861	0.49024	0.01584	0.00809	0.00230	0.00379	0.01332	0.00700	0.00679
26	0.00867	0.00696	0.00774	0.00781	0.00975	0.00603	0.00576	0.01073	0.01650	0.02090	0.21848	0.15005	0.47132	0.01739	0.00833	0.00238	0.00354	0.01487	0.00677	0.00603
27	0.01889	0.19736	0.21112	0.02112	0.15100	0.01752	0.06316	0.02343	0.01597	0.14796	0.01626	0.02007	0.01279	0.00746	0.00653	0.00207	0.00833	0.04449	0.00434	0.01012
28	0.01589	0.07385	0.28367	0.19952	0.08725	0.03840	0.04866	0.08457	0.01664	0.02259	0.01421	0.01974	0.01136	0.00754	0.00686	0.00222	0.00935	0.04454	0.00367	0.00946
29	0.01709	0.01669	0.02566	0.13811	0.45306	0.05228	0.04956	0.02344	0.11068	0.02266	0.01507	0.01852	0.01210	0.00681	0.00697	0.00215	0.00843	0.00645	0.00392	0.01035
30	0.01610	0.12648	0.13249	0.19410	0.17777	0.03868	0.17510	0.02101	0.01527	0.02034	0.01254	0.01656	0.00985	0.00637	0.00682	0.00213	0.00964	0.00612	0.00325	0.00940

[dist]
# distance from previous block
# <min> <max>
2	4

[block]
# block no. 7 follows, 30 sequences, length 6
# corresponding to MSA columns:
# 552-557
name=unknown_H
#
# <colnr> <probs for GDERKNQSTAVLIFYWHMCP>
#	G	D	E	R	K	N	Q	S	T	A	V	L	I	F	Y	W	H	M	C	P
0	0.01492	0.04357	0.13068	0.01964	0.09197	0.04517	0.06208	0.01840	0.01320	0.01910	0.01249	0.01742	0.01094	0.01615	0.13685	0.00389	0.25013	0.00602	0.00335	0.08404
1	0.01249	0.01048	0.01569	0.16127	0.09213	0.01207	0.01234	0.04331	0.01423	0.01987	0.10635	0.05019	0.02184	0.06816	0.25847	0.00568	0.07570	0.00813	0.00429	0.00731
2	0.01603	0.01532	0.02609	0.25294	0.51078	0.01625	0.02080	0.02033	0.01530	0.02130	0.01291	0.01767	0.01052	0.00645	0.00693	0.00215	0.00860	0.00621	0.00335	0.01006
3	0.02544	0.01686	0.09033	0.01688	0.08601	0.05001	0.01340	0.06994	0.12605	0.39523	0.02325	0.02157	0.01570	0.00824	0.00694	0.00217	0.00699	0.00671	0.00696	0.01131
4	0.01639	0.01360	0.01515	0.01363	0.01543	0.08176	0.01065	0.08728	0.06687	0.05864	0.07154	0.08200	0.02258	0.09904	0.01614	0.06617	0.18391	0.06659	0.00514	0.00751
5	0.01321	0.01200	0.01956	0.25298	0.20403	0.01276	0.04835	0.01704	0.01534	0.02016	0.02691	0.03906	0.12129	0.01110	0.00781	0.00247	0.00765	0.15570	0.00447	0.00810

[dist]
# distance from previous block
# <min> <max>
0	11

[block]
# block no. 8 follows, 30 sequences, length 7
# corresponding to MSA columns:
# 569-575
name=unknown_I
#
# <colnr> <probs for GDERKNQSTAVLIFYWHMCP>
#	G	D	E	R	K	N	Q	S	T	A	V	L	I	F	Y	W	H	M	C	P
0	0.01592	0.01655	0.05225	0.05844	0.34906	0.01779	0.07255	0.01942	0.01410	0.02041	0.01404	0.01859	0.03679	0.00866	0.01235	0.00245	0.25120	0.00663	0.00341	0.00944
1	0.02241	0.01516	0.05614	0.01816	0.09406	0.05399	0.06821	0.07432	0.01901	0.29837	0.02449	0.03363	0.01999	0.01039	0.00764	0.00238	0.00753	0.15767	0.00644	0.01003
2	0.01942	0.02105	0.02498	0.11242	0.43401	0.22635	0.01885	0.02293	0.01682	0.02056	0.01235	0.01603	0.01025	0.00659	0.00673	0.00202	0.00967	0.00571	0.00346	0.00981
3	0.01634	0.01563	0.02663	0.20172	0.55965	0.01633	0.02095	0.02060	0.01545	0.02166	0.01296	0.01758	0.01065	0.00639	0.00692	0.00213	0.00852	0.00621	0.00337	0.01030
4	0.01137	0.01071	0.06832	0.01222	0.01437	0.00908	0.03595	0.06853	0.05576	0.02127	0.03298	0.53256	0.03723	0.01806	0.00846	0.00269	0.00534	0.04190	0.00615	0.00705
5	0.01727	0.01658	0.02832	0.04283	0.71123	0.01658	0.02142	0.02142	0.01589	0.02280	0.01313	0.01727	0.01105	0.00622	0.00691	0.00207	0.00829	0.00622	0.00345	0.01105
6	0.19065	0.01520	0.02145	0.02852	0.39486	0.01581	0.01585	0.02460	0.10420	0.09932	0.01590	0.01780	0.01228	0.00695	0.00638	0.00214	0.00705	0.00599	0.00467	0.01038

[dist]
# distance from previous block
# <min> <max>
0	19

# created by:
# /home/cegg/simao/soft/augustus-3.2.1/scripts/msa2prfl.pl ./align_prep/EOG090W0GNE.fa
