[name]
unknown

[dist]
# distance from previous block
# <min> <max>
0	85

[block]
# block no. 0 follows, 32 sequences, length 38
# corresponding to MSA columns:
# 86-123
name=unknown_A
#
# <colnr> <probs for GDERKNQSTAVLIFYWHMCP>
#	G	D	E	R	K	N	Q	S	T	A	V	L	I	F	Y	W	H	M	C	P
0	0.01391	0.03383	0.01774	0.03244	0.11900	0.03608	0.09578	0.04538	0.03427	0.04845	0.15138	0.06476	0.10406	0.03070	0.00824	0.00236	0.00642	0.11802	0.00539	0.03179
1	0.01796	0.02160	0.23341	0.02594	0.27843	0.03907	0.05739	0.07090	0.01665	0.10556	0.01426	0.01635	0.01062	0.00647	0.00653	0.00199	0.00839	0.00570	0.00405	0.05874
2	0.20067	0.11608	0.12906	0.01569	0.04616	0.25204	0.01366	0.07910	0.01636	0.02256	0.01076	0.01261	0.00862	0.00683	0.00631	0.00193	0.04493	0.00445	0.00369	0.00848
3	0.07926	0.06995	0.01974	0.04177	0.07686	0.37525	0.01279	0.11831	0.01917	0.07239	0.01248	0.01389	0.00972	0.00688	0.00597	0.00180	0.00943	0.00481	0.00426	0.04525
4	0.01181	0.00942	0.03951	0.00938	0.01175	0.00876	0.00754	0.04765	0.10739	0.02539	0.31689	0.03866	0.09422	0.04080	0.04213	0.00260	0.00474	0.00964	0.16460	0.00710
5	0.00823	0.00603	0.00773	0.00895	0.00966	0.00554	0.00609	0.00960	0.01358	0.01792	0.08677	0.62030	0.13496	0.02000	0.00844	0.00262	0.00378	0.01796	0.00631	0.00554
6	0.01271	0.01131	0.01450	0.01532	0.11953	0.03245	0.05126	0.05486	0.09792	0.02260	0.12506	0.05756	0.29500	0.01224	0.00769	0.00218	0.02071	0.01050	0.02890	0.00771
7	0.00980	0.00699	0.00977	0.00977	0.01073	0.00785	0.00724	0.01173	0.01076	0.01560	0.01889	0.03004	0.01843	0.20059	0.54236	0.00931	0.01461	0.00768	0.05226	0.00559
8	0.01504	0.02230	0.29928	0.17640	0.23424	0.01558	0.02069	0.06846	0.01557	0.02223	0.01284	0.01619	0.00974	0.00650	0.00649	0.00208	0.00872	0.00559	0.03248	0.00959
9	0.81159	0.01298	0.00986	0.00882	0.01298	0.01505	0.00727	0.01972	0.01142	0.03010	0.00934	0.01090	0.00727	0.00623	0.00415	0.00208	0.00519	0.00363	0.00415	0.00727
10	0.02257	0.01596	0.01700	0.01337	0.01788	0.01752	0.01093	0.54548	0.02760	0.03839	0.01741	0.01812	0.01272	0.00800	0.00626	0.00191	0.00642	0.00609	0.18611	0.01025
11	0.02546	0.02905	0.01891	0.01671	0.02051	0.60429	0.01273	0.10604	0.02050	0.06736	0.01213	0.01329	0.00950	0.00714	0.00617	0.00179	0.01112	0.00469	0.00417	0.00845
12	0.03997	0.00775	0.01023	0.01001	0.01070	0.00887	0.00724	0.01162	0.01048	0.01527	0.01894	0.08081	0.01998	0.28622	0.32657	0.03493	0.08261	0.00858	0.00387	0.00537
13	0.00903	0.00631	0.00807	0.00916	0.00959	0.00609	0.00623	0.01012	0.01228	0.01630	0.03198	0.44577	0.03751	0.24571	0.01641	0.00392	0.00501	0.10981	0.00557	0.00513
14	0.01432	0.01361	0.02311	0.45170	0.32968	0.01534	0.01946	0.01859	0.01420	0.01915	0.01222	0.01735	0.00965	0.00640	0.00668	0.00213	0.00854	0.00597	0.00312	0.00878
15	0.01365	0.01416	0.02742	0.02099	0.02506	0.01465	0.37719	0.01763	0.01385	0.01914	0.01791	0.02431	0.05562	0.01732	0.16626	0.00422	0.12640	0.03275	0.00364	0.00782
16	0.01295	0.01221	0.02063	0.69759	0.09449	0.01498	0.01877	0.01739	0.01355	0.01748	0.01198	0.01780	0.00906	0.00666	0.00670	0.00222	0.00888	0.00596	0.00301	0.00768
17	0.00818	0.00584	0.00779	0.00934	0.00973	0.00545	0.00623	0.00934	0.01285	0.01713	0.03698	0.75981	0.04438	0.02102	0.00856	0.00273	0.00389	0.01908	0.00623	0.00545
18	0.00837	0.00645	0.00766	0.00813	0.00953	0.00573	0.00580	0.01020	0.01520	0.01972	0.20239	0.32343	0.31772	0.01778	0.00817	0.00240	0.00353	0.01556	0.00649	0.00573
19	0.00818	0.00584	0.00779	0.00934	0.00973	0.00545	0.00623	0.00934	0.01285	0.01713	0.03698	0.75981	0.04438	0.02102	0.00856	0.00273	0.00389	0.01908	0.00623	0.00545
20	0.02676	0.01678	0.01889	0.01448	0.01980	0.01782	0.01196	0.51794	0.02818	0.22906	0.01894	0.01794	0.01283	0.00812	0.00672	0.00203	0.00693	0.00623	0.00715	0.01141
21	0.01358	0.01099	0.01200	0.01124	0.01398	0.01208	0.00855	0.02541	0.41169	0.02564	0.14190	0.12310	0.07445	0.01173	0.00712	0.00225	0.00449	0.01006	0.07113	0.00862
22	0.00818	0.00584	0.00779	0.00934	0.00973	0.00545	0.00623	0.00934	0.01285	0.01713	0.03698	0.75981	0.04438	0.02102	0.00856	0.00273	0.00389	0.01908	0.00623	0.00545
23	0.02605	0.01793	0.01960	0.01503	0.02038	0.01953	0.01241	0.62180	0.03010	0.12249	0.01732	0.01690	0.01202	0.00808	0.00672	0.00202	0.00719	0.00612	0.00690	0.01141
24	0.81159	0.01298	0.00986	0.00882	0.01298	0.01505	0.00727	0.01972	0.01142	0.03010	0.00934	0.01090	0.00727	0.00623	0.00415	0.00208	0.00519	0.00363	0.00415	0.00727
25	0.01609	0.01541	0.02629	0.13468	0.63291	0.01581	0.02033	0.02014	0.01503	0.02129	0.01253	0.01678	0.01041	0.00608	0.00665	0.00203	0.00810	0.00598	0.00328	0.01021
26	0.01917	0.01297	0.01529	0.01127	0.01697	0.01111	0.00914	0.13408	0.01794	0.16993	0.01561	0.01611	0.01155	0.00617	0.00562	0.00139	0.00552	0.00489	0.00532	0.50995
27	0.00894	0.00681	0.00824	0.00809	0.00983	0.00611	0.00608	0.01149	0.01725	0.02312	0.43387	0.09911	0.28105	0.01544	0.00801	0.00224	0.00340	0.03801	0.00688	0.00605
28	0.01520	0.01621	0.08336	0.24266	0.39798	0.01568	0.01941	0.02111	0.08234	0.02107	0.01380	0.01760	0.01092	0.00653	0.00666	0.00210	0.00816	0.00604	0.00352	0.00964
29	0.00805	0.00680	0.00697	0.00693	0.00914	0.00572	0.00520	0.00987	0.01559	0.01882	0.11957	0.06343	0.66758	0.01673	0.00793	0.00225	0.00338	0.01400	0.00632	0.00572
30	0.01594	0.01746	0.12364	0.09901	0.03995	0.04236	0.01367	0.08428	0.35201	0.02568	0.04933	0.02472	0.06487	0.00887	0.00682	0.00219	0.00671	0.00732	0.00554	0.00962
31	0.04672	0.34329	0.13737	0.09037	0.02355	0.10951	0.06144	0.02054	0.01414	0.01780	0.01039	0.01302	0.00871	0.00660	0.00683	0.00187	0.07171	0.00462	0.00304	0.00846
32	0.00793	0.00680	0.00680	0.00680	0.00906	0.00566	0.00510	0.00963	0.01529	0.01813	0.06797	0.06457	0.71961	0.01699	0.00793	0.00227	0.00340	0.01416	0.00623	0.00566
33	0.01274	0.01202	0.02014	0.72364	0.04526	0.01510	0.01850	0.01711	0.01331	0.01711	0.01182	0.01778	0.00894	0.00688	0.00722	0.00226	0.03378	0.00596	0.00298	0.00745
34	0.01770	0.01333	0.01551	0.03809	0.04035	0.01452	0.01059	0.27116	0.10681	0.04676	0.10606	0.08358	0.04810	0.01022	0.00777	0.00211	0.05111	0.00826	0.06882	0.03916
35	0.01689	0.14224	0.09831	0.03575	0.13812	0.09017	0.06373	0.07221	0.03399	0.03654	0.01490	0.04140	0.01334	0.06326	0.03364	0.00266	0.05907	0.03119	0.00390	0.00866
36	0.01839	0.41000	0.10121	0.01409	0.01894	0.15587	0.01331	0.04547	0.01480	0.01739	0.01041	0.01321	0.00929	0.03369	0.00812	0.00194	0.09787	0.00445	0.00317	0.00838
37	0.10962	0.48950	0.11798	0.01190	0.01759	0.04565	0.01214	0.01944	0.01378	0.01841	0.01522	0.01632	0.07526	0.00698	0.00495	0.00169	0.00710	0.00479	0.00335	0.00832

[dist]
# distance from previous block
# <min> <max>
0	4

[block]
# block no. 1 follows, 32 sequences, length 53
# corresponding to MSA columns:
# 128-180
name=unknown_B
#
# <colnr> <probs for GDERKNQSTAVLIFYWHMCP>
#	G	D	E	R	K	N	Q	S	T	A	V	L	I	F	Y	W	H	M	C	P
0	0.81159	0.01298	0.00986	0.00882	0.01298	0.01505	0.00727	0.01972	0.01142	0.03010	0.00934	0.01090	0.00727	0.00623	0.00415	0.00208	0.00519	0.00363	0.00415	0.00727
1	0.00826	0.00600	0.00779	0.00905	0.00970	0.00554	0.00614	0.00963	0.01355	0.01799	0.09377	0.64283	0.10482	0.02009	0.00846	0.00264	0.00379	0.01810	0.00632	0.00554
2	0.01475	0.01458	0.02403	0.47444	0.11000	0.04600	0.13038	0.04995	0.01499	0.01945	0.01232	0.01739	0.00942	0.00666	0.00727	0.00220	0.02846	0.00622	0.00327	0.00823
3	0.01346	0.03471	0.72942	0.01912	0.02904	0.01558	0.02479	0.02125	0.01417	0.02125	0.01204	0.01417	0.00850	0.00637	0.00637	0.00212	0.00992	0.00496	0.00283	0.00992
4	0.01177	0.00781	0.01093	0.01046	0.01171	0.00875	0.00791	0.01369	0.01138	0.07780	0.01895	0.02882	0.01783	0.18324	0.47758	0.00851	0.05394	0.00756	0.02518	0.00617
5	0.01346	0.03471	0.72942	0.01912	0.02904	0.01558	0.02479	0.02125	0.01417	0.02125	0.01204	0.01417	0.00850	0.00637	0.00637	0.00212	0.00992	0.00496	0.00283	0.00992
6	0.01029	0.03959	0.01018	0.00873	0.01099	0.00832	0.00671	0.01502	0.10848	0.02378	0.38960	0.04981	0.26583	0.01383	0.00763	0.00215	0.00369	0.01183	0.00675	0.00678
7	0.06796	0.08930	0.02064	0.01667	0.04930	0.35518	0.01276	0.26084	0.02235	0.02640	0.01232	0.01351	0.00961	0.00713	0.00605	0.00183	0.00947	0.00489	0.00458	0.00921
8	0.00862	0.00605	0.00773	0.00881	0.00915	0.00575	0.00570	0.00960	0.01237	0.01657	0.06442	0.55203	0.04036	0.20255	0.01480	0.00362	0.00450	0.01648	0.00575	0.00515
9	0.00826	0.00668	0.00734	0.00745	0.00933	0.00576	0.00548	0.01017	0.01568	0.01967	0.18823	0.15323	0.50544	0.01690	0.00801	0.00230	0.00342	0.01442	0.00645	0.00576
10	0.01321	0.01262	0.02163	0.63579	0.10343	0.01523	0.04930	0.01761	0.01361	0.01773	0.01198	0.01771	0.00914	0.00673	0.00715	0.00223	0.02803	0.00605	0.00303	0.00780
11	0.00826	0.00590	0.00788	0.00943	0.00986	0.00552	0.00637	0.00948	0.01293	0.01722	0.03694	0.73897	0.04420	0.02095	0.00859	0.00274	0.00396	0.03912	0.00623	0.00547
12	0.00832	0.00611	0.00774	0.00898	0.00971	0.00563	0.00616	0.00961	0.01323	0.01725	0.04127	0.58683	0.15260	0.05126	0.00956	0.00282	0.00402	0.04729	0.00614	0.00546
13	0.01794	0.76823	0.03516	0.01148	0.01722	0.02655	0.01148	0.02009	0.01363	0.01579	0.00933	0.01076	0.00861	0.00574	0.00431	0.00144	0.00718	0.00359	0.00287	0.00861
14	0.01649	0.01582	0.02703	0.06202	0.70240	0.01591	0.02053	0.02049	0.01522	0.02178	0.01260	0.01664	0.01058	0.00600	0.00664	0.00200	0.00800	0.00598	0.00331	0.01053
15	0.00830	0.00650	0.00751	0.00792	0.00946	0.00572	0.00569	0.01009	0.01517	0.01940	0.17658	0.28802	0.38036	0.01771	0.00813	0.00239	0.00352	0.01539	0.00644	0.00572
16	0.01669	0.01441	0.01517	0.01365	0.01745	0.01669	0.01062	0.03565	0.71021	0.02807	0.02731	0.02503	0.02048	0.00910	0.00683	0.00228	0.00531	0.00759	0.00683	0.01062
17	0.02506	0.03198	0.01901	0.01729	0.02074	0.73725	0.01296	0.02679	0.01901	0.01642	0.01037	0.01210	0.00864	0.00691	0.00605	0.00173	0.01210	0.00432	0.00346	0.00778
18	0.81159	0.01298	0.00986	0.00882	0.01298	0.01505	0.00727	0.01972	0.01142	0.03010	0.00934	0.01090	0.00727	0.00623	0.00415	0.00208	0.00519	0.00363	0.00415	0.00727
19	0.01978	0.01595	0.01691	0.01428	0.01863	0.01813	0.01137	0.26874	0.47209	0.03306	0.02338	0.02190	0.01730	0.00874	0.00679	0.00218	0.00604	0.00704	0.00679	0.01090
20	0.01329	0.01237	0.01976	0.31511	0.25099	0.01380	0.01623	0.01744	0.03621	0.01931	0.04169	0.02495	0.10327	0.01033	0.04117	0.00259	0.04217	0.00732	0.00379	0.00822
21	0.00956	0.00735	0.00797	0.00764	0.00997	0.00647	0.00579	0.01236	0.04749	0.04991	0.19244	0.05821	0.52964	0.01563	0.00783	0.00223	0.00354	0.01316	0.00657	0.00626
22	0.01466	0.05011	0.44045	0.08522	0.14334	0.01657	0.02179	0.04872	0.01466	0.02128	0.01194	0.01491	0.00904	0.00685	0.00773	0.00216	0.07256	0.00529	0.00310	0.00962
23	0.00854	0.00624	0.00804	0.00882	0.00975	0.00573	0.00614	0.01036	0.01492	0.02013	0.24266	0.47883	0.11814	0.01845	0.00831	0.00250	0.00363	0.01652	0.00657	0.00573
24	0.04487	0.15948	0.02185	0.01586	0.01968	0.46559	0.01265	0.09268	0.01847	0.01928	0.01062	0.01243	0.00889	0.00716	0.00694	0.00180	0.06538	0.00446	0.00366	0.00825
25	0.01505	0.02398	0.39285	0.11221	0.02695	0.01366	0.01857	0.04162	0.01486	0.07849	0.01349	0.01576	0.00985	0.00774	0.02933	0.00218	0.00865	0.00515	0.00367	0.16595
26	0.02035	0.04897	0.01722	0.01374	0.01814	0.01720	0.01104	0.18166	0.44345	0.11678	0.02392	0.02214	0.01746	0.00862	0.00668	0.00216	0.00590	0.00696	0.00681	0.01080
27	0.81159	0.01298	0.00986	0.00882	0.01298	0.01505	0.00727	0.01972	0.01142	0.03010	0.00934	0.01090	0.00727	0.00623	0.00415	0.00208	0.00519	0.00363	0.00415	0.00727
28	0.01649	0.01407	0.01416	0.01283	0.01632	0.04511	0.00994	0.03266	0.59009	0.02719	0.02590	0.02450	0.01956	0.00884	0.00651	0.00216	0.00530	0.00728	0.11118	0.00993
29	0.02337	0.05155	0.13533	0.01591	0.02188	0.07159	0.01458	0.49425	0.02675	0.05701	0.01509	0.01550	0.01079	0.00762	0.00652	0.00199	0.00807	0.00567	0.00575	0.01080
30	0.00864	0.00638	0.00781	0.00843	0.00944	0.00586	0.00584	0.01020	0.01418	0.01868	0.16662	0.36311	0.19423	0.11645	0.01169	0.00302	0.00406	0.03373	0.00616	0.00550
31	0.01205	0.06649	0.04477	0.01245	0.01465	0.01178	0.04050	0.04311	0.03472	0.01834	0.05043	0.05265	0.02052	0.10906	0.30716	0.00624	0.07483	0.06927	0.00421	0.00678
32	0.00963	0.00679	0.00890	0.00895	0.00950	0.00732	0.00609	0.01075	0.01032	0.01430	0.02024	0.05990	0.02163	0.41748	0.35049	0.00831	0.01159	0.00891	0.00393	0.00498
33	0.01570	0.01589	0.02428	0.05235	0.02461	0.08047	0.29035	0.08624	0.08537	0.02328	0.07343	0.02946	0.12869	0.00916	0.00751	0.00221	0.00832	0.02941	0.00485	0.00842
34	0.01391	0.01193	0.01391	0.00994	0.01590	0.00894	0.00795	0.01690	0.01391	0.02186	0.01193	0.01391	0.00994	0.00497	0.00497	0.00099	0.00497	0.00398	0.00398	0.80521
35	0.81159	0.01298	0.00986	0.00882	0.01298	0.01505	0.00727	0.01972	0.01142	0.03010	0.00934	0.01090	0.00727	0.00623	0.00415	0.00208	0.00519	0.00363	0.00415	0.00727
36	0.00825	0.00609	0.00775	0.00904	0.00981	0.00559	0.00624	0.00960	0.01339	0.01744	0.04225	0.60878	0.16027	0.02021	0.00849	0.00266	0.00391	0.04847	0.00623	0.00552
37	0.00816	0.00588	0.00774	0.00923	0.00970	0.00546	0.00618	0.00936	0.01296	0.01717	0.03841	0.72787	0.07540	0.02084	0.00854	0.00270	0.00387	0.01885	0.00623	0.00546
38	0.01419	0.01347	0.01617	0.01404	0.01594	0.10777	0.06067	0.03437	0.01482	0.03609	0.16941	0.02795	0.05615	0.03853	0.15700	0.00413	0.19972	0.00796	0.00455	0.00707
39	0.81159	0.01298	0.00986	0.00882	0.01298	0.01505	0.00727	0.01972	0.01142	0.03010	0.00934	0.01090	0.00727	0.00623	0.00415	0.00208	0.00519	0.00363	0.00415	0.00727
40	0.78039	0.04266	0.01086	0.00893	0.01314	0.01550	0.00743	0.01974	0.01151	0.02954	0.00934	0.01089	0.00732	0.00621	0.00416	0.00205	0.00527	0.00363	0.00410	0.00732
41	0.01741	0.06137	0.13206	0.01800	0.05445	0.04593	0.14876	0.14498	0.09168	0.05741	0.11469	0.02265	0.01929	0.03190	0.00778	0.00222	0.00785	0.00720	0.00504	0.00934
42	0.00867	0.00646	0.00787	0.00823	0.00944	0.00587	0.00578	0.01050	0.01515	0.02012	0.25879	0.29549	0.22190	0.08193	0.01041	0.00274	0.00376	0.01482	0.00641	0.00566
43	0.01620	0.10417	0.26822	0.01927	0.05330	0.07092	0.09759	0.05014	0.07165	0.02082	0.01263	0.01528	0.00997	0.00757	0.00939	0.00220	0.15244	0.00559	0.00348	0.00917
44	0.01468	0.01468	0.02055	0.01762	0.01762	0.02055	0.01468	0.01615	0.01028	0.01615	0.00881	0.01468	0.00881	0.01174	0.02202	0.00294	0.75191	0.00587	0.00294	0.00734
45	0.01666	0.38756	0.22488	0.01624	0.05126	0.02101	0.06627	0.07075	0.01559	0.02046	0.04362	0.01470	0.01150	0.00646	0.00559	0.00178	0.00810	0.00496	0.00341	0.00919
46	0.01251	0.00625	0.00625	0.00625	0.00782	0.00625	0.00469	0.01563	0.01407	0.02502	0.02189	0.02502	0.01720	0.00782	0.00469	0.00156	0.00313	0.00625	0.80144	0.00625
47	0.05190	0.01283	0.01285	0.01071	0.01410	0.03734	0.00857	0.31293	0.02170	0.03243	0.01847	0.02013	0.01399	0.00782	0.00559	0.00179	0.00536	0.00599	0.39691	0.00858
48	0.01372	0.01222	0.01324	0.01388	0.07477	0.07444	0.00943	0.02104	0.22762	0.02257	0.12121	0.21589	0.02998	0.03497	0.00799	0.00232	0.00543	0.01054	0.02591	0.06284
49	0.01441	0.11078	0.19597	0.02124	0.02778	0.01613	0.35665	0.01951	0.01485	0.02015	0.01741	0.09520	0.04284	0.00790	0.00719	0.00218	0.00938	0.00812	0.00361	0.00868
50	0.01318	0.01244	0.02104	0.65719	0.13313	0.01504	0.01889	0.01759	0.01366	0.01776	0.01202	0.01772	0.00916	0.00661	0.00670	0.00220	0.00882	0.00597	0.00303	0.00786
51	0.57094	0.01432	0.01274	0.01064	0.01516	0.01616	0.00877	0.18821	0.01685	0.07487	0.01204	0.01290	0.00885	0.00680	0.00494	0.00206	0.00576	0.00441	0.00503	0.00854
52	0.00803	0.00680	0.00693	0.00690	0.00912	0.00571	0.00517	0.00981	0.01552	0.01866	0.10773	0.06369	0.67952	0.01679	0.00793	0.00226	0.00338	0.01404	0.00630	0.00571

[dist]
# distance from previous block
# <min> <max>
0	4

[block]
# block no. 2 follows, 32 sequences, length 46
# corresponding to MSA columns:
# 203-239,253-256,267-271
name=unknown_C
#
# <colnr> <probs for GDERKNQSTAVLIFYWHMCP>
#	G	D	E	R	K	N	Q	S	T	A	V	L	I	F	Y	W	H	M	C	P
0	0.01473	0.24355	0.53176	0.01695	0.02568	0.01871	0.02100	0.02092	0.01401	0.01969	0.01127	0.01320	0.00853	0.00619	0.00579	0.00193	0.00914	0.00457	0.00284	0.00954
1	0.12549	0.00940	0.01158	0.00981	0.01310	0.00884	0.00779	0.02116	0.01805	0.29105	0.36228	0.03455	0.03816	0.01067	0.00697	0.00209	0.00440	0.00896	0.00730	0.00837
2	0.00870	0.00617	0.00801	0.00887	0.00971	0.00573	0.00615	0.01051	0.01468	0.02016	0.22425	0.50843	0.07592	0.01834	0.00821	0.00249	0.00364	0.01647	0.03783	0.00573
3	0.00901	0.00680	0.00848	0.00930	0.01076	0.00628	0.00720	0.01113	0.01509	0.01944	0.12585	0.26008	0.25835	0.01818	0.00849	0.00261	0.00431	0.20644	0.00635	0.00583
4	0.02258	0.01098	0.01325	0.01131	0.01516	0.04839	0.00924	0.02508	0.01769	0.43550	0.03217	0.05873	0.10609	0.01126	0.00720	0.00223	0.00567	0.11249	0.04573	0.00927
5	0.00840	0.00597	0.00785	0.00913	0.00959	0.00560	0.00609	0.00965	0.01315	0.01767	0.09350	0.64990	0.04459	0.07224	0.01029	0.00294	0.00401	0.01784	0.00618	0.00543
6	0.46086	0.01257	0.01260	0.01036	0.01498	0.01315	0.00854	0.05168	0.01540	0.31587	0.01662	0.01599	0.01125	0.00715	0.00532	0.00207	0.00549	0.00500	0.00595	0.00913
7	0.01354	0.01149	0.01343	0.00981	0.01533	0.00872	0.00773	0.01633	0.01371	0.02134	0.01322	0.04285	0.01179	0.03544	0.00625	0.00128	0.00499	0.00476	0.00406	0.74393
8	0.00976	0.00651	0.00732	0.00732	0.00732	0.00651	0.00407	0.00976	0.00976	0.01301	0.02114	0.04391	0.02439	0.76419	0.03415	0.00651	0.00651	0.00976	0.00407	0.00407
9	0.01251	0.00625	0.00625	0.00625	0.00782	0.00625	0.00469	0.01563	0.01407	0.02502	0.02189	0.02502	0.01720	0.00782	0.00469	0.00156	0.00313	0.00625	0.80144	0.00625
10	0.01661	0.01594	0.02724	0.04119	0.72233	0.01594	0.02059	0.02059	0.01528	0.02192	0.01262	0.01661	0.01063	0.00598	0.00664	0.00199	0.00797	0.00598	0.00332	0.01063
11	0.01522	0.01645	0.07780	0.02189	0.21677	0.08447	0.06623	0.03557	0.12432	0.02277	0.12429	0.04791	0.06022	0.03258	0.00791	0.00226	0.00720	0.02246	0.00485	0.00883
12	0.01595	0.01217	0.01431	0.01044	0.01622	0.00969	0.00838	0.03866	0.04322	0.09207	0.01410	0.01531	0.01107	0.00555	0.00527	0.00118	0.00512	0.00445	0.00460	0.67223
13	0.00831	0.00625	0.00771	0.00853	0.00960	0.00564	0.00594	0.00993	0.01444	0.01889	0.14979	0.46648	0.22644	0.01883	0.00830	0.00251	0.00365	0.01671	0.00641	0.00564
14	0.01941	0.23116	0.08589	0.01741	0.04844	0.25547	0.06314	0.04123	0.04277	0.01836	0.01115	0.01347	0.00937	0.00718	0.00794	0.00192	0.10889	0.00488	0.00338	0.00855
15	0.01469	0.00791	0.00964	0.00864	0.01132	0.00699	0.00667	0.01713	0.01696	0.20755	0.21166	0.08430	0.25336	0.01307	0.00728	0.00212	0.00395	0.01107	0.09828	0.00740
16	0.01589	0.01470	0.01861	0.02278	0.26814	0.05931	0.01356	0.02561	0.29524	0.02494	0.14484	0.02571	0.02390	0.00868	0.00691	0.00211	0.00630	0.00762	0.00547	0.00968
17	0.00818	0.00584	0.00779	0.00934	0.00973	0.00545	0.00623	0.00934	0.01285	0.01713	0.03698	0.75981	0.04438	0.02102	0.00856	0.00273	0.00389	0.01908	0.00623	0.00545
18	0.01492	0.01412	0.02391	0.34932	0.18346	0.01562	0.12553	0.05971	0.06720	0.02107	0.01402	0.01849	0.01089	0.00876	0.04230	0.00259	0.00919	0.00646	0.00366	0.00878
19	0.81159	0.01298	0.00986	0.00882	0.01298	0.01505	0.00727	0.01972	0.01142	0.03010	0.00934	0.01090	0.00727	0.00623	0.00415	0.00208	0.00519	0.00363	0.00415	0.00727
20	0.01138	0.00732	0.00932	0.00856	0.01061	0.00659	0.00651	0.01427	0.01846	0.09762	0.55025	0.04948	0.15664	0.01365	0.00780	0.00213	0.00346	0.01188	0.00731	0.00675
21	0.01669	0.01441	0.01517	0.01365	0.01745	0.01669	0.01062	0.03565	0.71021	0.02807	0.02731	0.02503	0.02048	0.00910	0.00683	0.00228	0.00531	0.00759	0.00683	0.01062
22	0.02383	0.02978	0.04423	0.01726	0.02078	0.60575	0.01351	0.06998	0.01895	0.01827	0.01068	0.01265	0.00883	0.00737	0.00742	0.00186	0.07261	0.00458	0.00361	0.00806
23	0.05436	0.02301	0.01912	0.01613	0.01979	0.31657	0.01280	0.25292	0.02157	0.06008	0.01280	0.01434	0.00994	0.00812	0.00879	0.00205	0.12855	0.00524	0.00474	0.00909
24	0.01748	0.05774	0.04099	0.02060	0.16399	0.07095	0.08705	0.08291	0.21096	0.04442	0.07261	0.02192	0.01777	0.03124	0.00757	0.00218	0.00730	0.00692	0.00507	0.03033
25	0.01362	0.14466	0.12545	0.01272	0.01671	0.07049	0.03016	0.03744	0.08128	0.01967	0.02869	0.20619	0.12570	0.01239	0.00701	0.00221	0.00651	0.04650	0.00491	0.00769
26	0.01988	0.51933	0.06451	0.01298	0.01882	0.02438	0.01249	0.21371	0.01876	0.02360	0.01139	0.01245	0.00940	0.00643	0.00509	0.00163	0.00737	0.00435	0.00396	0.00947
27	0.01396	0.01124	0.01333	0.00982	0.01518	0.00864	0.00781	0.01695	0.01478	0.04982	0.10491	0.01899	0.01718	0.00624	0.00542	0.00118	0.00476	0.00515	0.00459	0.67002
28	0.02499	0.01830	0.01959	0.01508	0.02030	0.02023	0.01244	0.67295	0.03086	0.04161	0.01634	0.01646	0.01164	0.00805	0.00663	0.00200	0.00722	0.00605	0.03808	0.01121
29	0.00930	0.00685	0.00870	0.00823	0.00990	0.00625	0.00618	0.01228	0.01853	0.02580	0.63667	0.05195	0.14613	0.01413	0.00792	0.00213	0.00319	0.01239	0.00724	0.00625
30	0.01748	0.69276	0.10659	0.01227	0.01844	0.02542	0.01285	0.02021	0.01369	0.01635	0.00961	0.01111	0.00860	0.00581	0.00452	0.00151	0.00746	0.00373	0.00287	0.00875
31	0.01497	0.01308	0.01905	0.24747	0.08381	0.01607	0.01490	0.06967	0.01427	0.05352	0.01761	0.04833	0.07148	0.01003	0.01232	0.00246	0.27191	0.00716	0.00394	0.00795
32	0.00854	0.00681	0.00758	0.00780	0.00963	0.00599	0.00586	0.01042	0.01523	0.01899	0.13713	0.11802	0.47601	0.06156	0.00968	0.00262	0.00388	0.08233	0.00623	0.00568
33	0.01464	0.01374	0.02293	0.14559	0.50057	0.01410	0.01788	0.01832	0.01489	0.02072	0.03768	0.08441	0.04915	0.00815	0.00692	0.00211	0.00741	0.00768	0.00378	0.00932
34	0.12699	0.01373	0.01523	0.01237	0.01697	0.01435	0.01004	0.19648	0.16112	0.27010	0.02490	0.02315	0.06728	0.00878	0.00650	0.00212	0.00581	0.00689	0.00691	0.01028
35	0.09168	0.01452	0.01648	0.01299	0.01788	0.01510	0.01064	0.29387	0.08818	0.30493	0.02085	0.01949	0.01417	0.00809	0.00644	0.00205	0.00618	0.00627	0.03941	0.01078
36	0.20679	0.01187	0.01383	0.01115	0.01567	0.01159	0.00910	0.08602	0.01805	0.43230	0.04367	0.05612	0.01683	0.00858	0.00622	0.00209	0.00550	0.00672	0.02802	0.00988
37	0.00840	0.00647	0.00741	0.00784	0.00916	0.00577	0.00546	0.00988	0.01423	0.01812	0.12236	0.27976	0.35003	0.11039	0.01137	0.00292	0.00391	0.01495	0.00609	0.00547
38	0.03769	0.01443	0.01516	0.01141	0.01697	0.06193	0.00913	0.11857	0.04144	0.04465	0.01331	0.01467	0.01055	0.00583	0.00539	0.00130	0.00586	0.00450	0.00457	0.56264
39	0.01045	0.00732	0.00859	0.00830	0.01037	0.00657	0.00620	0.01326	0.04230	0.07415	0.26774	0.14680	0.34204	0.01553	0.00788	0.00226	0.00363	0.01336	0.00678	0.00646
40	0.00849	0.00612	0.00810	0.00952	0.01016	0.00573	0.00667	0.00995	0.01344	0.01780	0.05923	0.63014	0.07697	0.02033	0.00859	0.00272	0.00409	0.09010	0.00626	0.00557
41	0.01611	0.01584	0.02526	0.07825	0.55858	0.05441	0.04562	0.01984	0.01519	0.02093	0.01450	0.07767	0.01318	0.00730	0.00682	0.00206	0.00805	0.00704	0.00355	0.00980
42	0.01478	0.01460	0.02320	0.44419	0.27016	0.05474	0.04538	0.01899	0.01444	0.01887	0.01214	0.01715	0.00954	0.00644	0.00670	0.00213	0.00888	0.00595	0.00314	0.00859
43	0.00975	0.00653	0.00745	0.00745	0.00750	0.00658	0.00423	0.00984	0.00980	0.01311	0.02102	0.04322	0.02410	0.73622	0.06171	0.00667	0.00695	0.00966	0.00405	0.00414
44	0.00855	0.00627	0.00773	0.00859	0.00942	0.00579	0.00586	0.00989	0.01351	0.01770	0.10126	0.44229	0.17200	0.12364	0.01199	0.00312	0.00417	0.03679	0.00603	0.00540
45	0.01362	0.00945	0.01067	0.01020	0.01232	0.04320	0.00757	0.07003	0.04156	0.10863	0.18078	0.31819	0.11651	0.01531	0.00780	0.00234	0.00463	0.01337	0.00665	0.00716

[dist]
# distance from previous block
# <min> <max>
0	1

[block]
# block no. 3 follows, 32 sequences, length 107
# corresponding to MSA columns:
# 273-293,302-321,325-390
name=unknown_D
#
# <colnr> <probs for GDERKNQSTAVLIFYWHMCP>
#	G	D	E	R	K	N	Q	S	T	A	V	L	I	F	Y	W	H	M	C	P
0	0.04061	0.64417	0.13086	0.01246	0.01874	0.02469	0.01321	0.02024	0.01364	0.01697	0.00971	0.01124	0.00856	0.00584	0.00459	0.00155	0.00750	0.00378	0.00290	0.00875
1	0.04772	0.18703	0.26178	0.01781	0.06274	0.18767	0.03951	0.04267	0.05652	0.02033	0.01206	0.01379	0.00948	0.00652	0.00588	0.00189	0.00926	0.00481	0.00343	0.00913
2	0.42087	0.22390	0.09542	0.01154	0.01691	0.01795	0.03309	0.02104	0.01307	0.07839	0.01108	0.01236	0.00858	0.00625	0.00476	0.00191	0.00649	0.00414	0.00395	0.00830
3	0.00859	0.00634	0.00786	0.00846	0.00949	0.00580	0.00587	0.01029	0.01468	0.01954	0.21842	0.38628	0.17861	0.07537	0.01024	0.00277	0.00381	0.01561	0.00636	0.00561
4	0.01395	0.07071	0.50906	0.01836	0.05518	0.01542	0.04392	0.04606	0.03457	0.02213	0.05777	0.01938	0.04957	0.00743	0.00652	0.00209	0.00876	0.00605	0.00358	0.00948
5	0.00841	0.00595	0.00777	0.00907	0.00945	0.00561	0.00597	0.00950	0.01267	0.01694	0.05698	0.64928	0.04254	0.11183	0.01168	0.00317	0.00419	0.01771	0.00600	0.00531
6	0.01751	0.01681	0.02352	0.05022	0.48764	0.08843	0.01753	0.02343	0.11822	0.04189	0.03844	0.01871	0.01376	0.00687	0.00666	0.00202	0.00780	0.00627	0.00412	0.01014
7	0.00855	0.00682	0.00766	0.00745	0.00944	0.00593	0.00559	0.01083	0.01676	0.02161	0.32605	0.05884	0.45936	0.01569	0.00792	0.00220	0.00331	0.01336	0.00669	0.00593
8	0.01310	0.01162	0.01341	0.07944	0.08463	0.07790	0.00993	0.03898	0.08192	0.02290	0.25546	0.13393	0.05956	0.03348	0.00804	0.00226	0.00558	0.01020	0.02732	0.03034
9	0.01602	0.01535	0.02618	0.14623	0.62186	0.01579	0.02030	0.02008	0.01500	0.02121	0.01252	0.01680	0.01038	0.00609	0.00665	0.00203	0.00812	0.00598	0.00327	0.01016
10	0.01267	0.01193	0.02013	0.74806	0.04621	0.01491	0.01863	0.01714	0.01342	0.01714	0.01193	0.01789	0.00894	0.00671	0.00671	0.00224	0.00894	0.00596	0.00298	0.00745
11	0.72762	0.01281	0.01048	0.00916	0.01342	0.01449	0.00755	0.02112	0.01226	0.10498	0.01118	0.01218	0.00827	0.00645	0.00443	0.00208	0.00525	0.00397	0.00460	0.00771
12	0.01471	0.00813	0.01092	0.01058	0.01293	0.00750	0.00857	0.01739	0.01697	0.19369	0.21326	0.13670	0.07638	0.01500	0.00815	0.00250	0.00486	0.22737	0.00702	0.00738
13	0.02132	0.01286	0.01490	0.03991	0.04351	0.08758	0.01035	0.02398	0.01715	0.33037	0.05277	0.07840	0.02085	0.00987	0.00689	0.00205	0.00631	0.08865	0.00633	0.12596
14	0.01391	0.01193	0.01391	0.00994	0.01590	0.00894	0.00795	0.01690	0.01391	0.02186	0.01193	0.01391	0.00994	0.00497	0.00497	0.00099	0.00497	0.00398	0.00398	0.80521
15	0.05526	0.04342	0.07971	0.01178	0.01425	0.11403	0.00957	0.04041	0.01470	0.03982	0.02714	0.46274	0.03040	0.01536	0.00747	0.00239	0.00603	0.01333	0.00534	0.00683
16	0.72762	0.01281	0.01048	0.00916	0.01342	0.01449	0.00755	0.02112	0.01226	0.10498	0.01118	0.01218	0.00827	0.00645	0.00443	0.00208	0.00525	0.00397	0.00460	0.00771
17	0.72631	0.09412	0.01258	0.00911	0.01343	0.01629	0.00772	0.01976	0.01166	0.02857	0.00934	0.01089	0.00741	0.00618	0.00417	0.00201	0.00540	0.00363	0.00401	0.00741
18	0.81159	0.01298	0.00986	0.00882	0.01298	0.01505	0.00727	0.01972	0.01142	0.03010	0.00934	0.01090	0.00727	0.00623	0.00415	0.00208	0.00519	0.00363	0.00415	0.00727
19	0.01335	0.03308	0.67740	0.01903	0.02855	0.01528	0.04949	0.02084	0.01427	0.02115	0.01411	0.01613	0.03414	0.00673	0.00649	0.00214	0.00973	0.00540	0.00298	0.00973
20	0.00900	0.00684	0.00828	0.00792	0.00972	0.00612	0.00594	0.01170	0.01782	0.02412	0.51223	0.05471	0.27161	0.01476	0.00792	0.00216	0.00324	0.01278	0.00702	0.00612
21	0.01126	0.01011	0.03958	0.01215	0.03024	0.00978	0.04520	0.04126	0.05360	0.02197	0.21463	0.18676	0.12374	0.01652	0.06028	0.00294	0.07405	0.01162	0.02736	0.00694
22	0.00976	0.00651	0.00732	0.00732	0.00732	0.00651	0.00407	0.00976	0.00976	0.01301	0.02114	0.04391	0.02439	0.76419	0.03415	0.00651	0.00651	0.00976	0.00407	0.00407
23	0.01607	0.01617	0.05573	0.15134	0.56877	0.01588	0.02027	0.03680	0.01534	0.02164	0.01257	0.01669	0.01029	0.00616	0.00664	0.00204	0.00819	0.00593	0.00333	0.01012
24	0.01216	0.00630	0.00630	0.00630	0.00791	0.00621	0.00472	0.01517	0.01417	0.02449	0.02542	0.02805	0.07109	0.00852	0.00494	0.00162	0.00315	0.00686	0.74043	0.00621
25	0.01412	0.01223	0.01494	0.01234	0.07010	0.00948	0.00892	0.01718	0.01402	0.02187	0.01198	0.01412	0.00999	0.00505	0.00510	0.00107	0.00520	0.00413	0.00393	0.74424
26	0.01179	0.00802	0.00975	0.00880	0.01135	0.00711	0.00670	0.01499	0.04329	0.09298	0.35145	0.09303	0.20880	0.01340	0.00751	0.00208	0.00378	0.01156	0.00676	0.08686
27	0.01717	0.01498	0.01974	0.36091	0.05543	0.06141	0.04008	0.21552	0.01962	0.02569	0.06765	0.01966	0.01416	0.00762	0.00674	0.00210	0.00813	0.00644	0.02828	0.00866
28	0.01473	0.01422	0.02267	0.30894	0.33255	0.04114	0.04064	0.01921	0.04012	0.01972	0.01471	0.07432	0.01284	0.00755	0.00684	0.00215	0.00820	0.00704	0.00355	0.00885
29	0.01888	0.01755	0.02049	0.02121	0.17442	0.13378	0.05646	0.13715	0.11675	0.04799	0.01606	0.01960	0.01318	0.06316	0.05077	0.00290	0.06938	0.00642	0.00463	0.00923
30	0.00813	0.00600	0.00762	0.00892	0.00962	0.00549	0.00604	0.00939	0.01326	0.01730	0.04216	0.64362	0.15722	0.02035	0.00846	0.00265	0.00381	0.01825	0.00623	0.00549
31	0.01540	0.01498	0.02420	0.31272	0.43616	0.04188	0.01956	0.01949	0.01470	0.01988	0.01227	0.01694	0.00991	0.00629	0.00665	0.00208	0.00850	0.00591	0.00320	0.00930
32	0.02155	0.01364	0.01596	0.01222	0.01756	0.01284	0.00992	0.17864	0.10435	0.23040	0.01894	0.01834	0.01348	0.00713	0.00610	0.00169	0.00577	0.00568	0.00619	0.29960
33	0.00835	0.00665	0.00749	0.00763	0.00941	0.00579	0.00559	0.01031	0.01576	0.02006	0.21904	0.18168	0.44474	0.01690	0.00804	0.00231	0.00343	0.01453	0.00651	0.00579
34	0.01576	0.01786	0.03828	0.02755	0.03387	0.01721	0.65103	0.02113	0.01546	0.02113	0.01325	0.01786	0.01009	0.00607	0.00889	0.00231	0.06218	0.00778	0.00336	0.00893
35	0.01016	0.00667	0.00788	0.00817	0.00909	0.00646	0.00554	0.03307	0.01349	0.01904	0.09578	0.26779	0.09254	0.19708	0.01483	0.04557	0.00449	0.01238	0.14454	0.00542
36	0.01334	0.01438	0.08856	0.01650	0.02057	0.01268	0.19240	0.03679	0.18286	0.02268	0.07336	0.22848	0.02648	0.01177	0.00769	0.00239	0.00687	0.02849	0.00538	0.00831
37	0.01890	0.25649	0.04728	0.02451	0.26150	0.15977	0.07047	0.04999	0.01618	0.01972	0.01135	0.01393	0.00955	0.00616	0.00589	0.00179	0.00882	0.00504	0.00334	0.00933
38	0.01930	0.01641	0.02621	0.01963	0.02476	0.04061	0.30706	0.20988	0.04711	0.07934	0.01605	0.01930	0.01220	0.03604	0.00966	0.06361	0.00876	0.00703	0.02786	0.00917
39	0.74623	0.01309	0.01030	0.00922	0.01334	0.01519	0.00754	0.02103	0.06887	0.02994	0.01082	0.01206	0.00835	0.00646	0.00437	0.00209	0.00520	0.00396	0.00437	0.00754
40	0.01206	0.00959	0.01457	0.01908	0.18284	0.00957	0.01291	0.01526	0.01527	0.02036	0.03013	0.09762	0.03224	0.01567	0.00860	0.00281	0.00649	0.48223	0.00550	0.00720
41	0.00941	0.00686	0.00885	0.00836	0.00997	0.00630	0.00627	0.01250	0.01880	0.02645	0.68457	0.05088	0.09782	0.01389	0.00791	0.00212	0.00318	0.01224	0.00733	0.00630
42	0.01691	0.01604	0.02699	0.04030	0.69831	0.01611	0.02032	0.04385	0.01584	0.02262	0.01274	0.01659	0.01066	0.00605	0.00665	0.00199	0.00795	0.00598	0.00344	0.01066
43	0.01267	0.01193	0.02013	0.74806	0.04621	0.01491	0.01863	0.01714	0.01342	0.01714	0.01193	0.01789	0.00894	0.00671	0.00671	0.00224	0.00894	0.00596	0.00298	0.00745
44	0.00808	0.00680	0.00701	0.00696	0.00916	0.00573	0.00522	0.00993	0.01566	0.01899	0.13207	0.06315	0.65498	0.01667	0.00793	0.00225	0.00338	0.01396	0.00634	0.00573
45	0.01267	0.01193	0.02013	0.74806	0.04621	0.01491	0.01863	0.01714	0.01342	0.01714	0.01193	0.01789	0.00894	0.00671	0.00671	0.00224	0.00894	0.00596	0.00298	0.00745
46	0.81159	0.01298	0.00986	0.00882	0.01298	0.01505	0.00727	0.01972	0.01142	0.03010	0.00934	0.01090	0.00727	0.00623	0.00415	0.00208	0.00519	0.00363	0.00415	0.00727
47	0.01375	0.01155	0.01254	0.01165	0.01464	0.01273	0.00897	0.02651	0.45215	0.02562	0.13267	0.08187	0.12526	0.01187	0.00731	0.00230	0.00467	0.02830	0.00677	0.00887
48	0.02296	0.01032	0.01363	0.01097	0.01497	0.00931	0.00885	0.06444	0.01985	0.45375	0.25707	0.03156	0.03191	0.01010	0.00714	0.00208	0.00496	0.00851	0.00791	0.00972
49	0.01078	0.00731	0.00983	0.00966	0.01087	0.00836	0.00747	0.01327	0.01174	0.01844	0.01876	0.02584	0.01670	0.05797	0.44801	0.00735	0.05483	0.00691	0.24980	0.00609
50	0.02488	0.01372	0.01611	0.01275	0.01742	0.01398	0.01040	0.26312	0.09731	0.33070	0.04747	0.02189	0.01694	0.00846	0.00662	0.00203	0.00595	0.00674	0.07277	0.01072
51	0.01092	0.00758	0.00846	0.00842	0.01022	0.00747	0.00622	0.03268	0.09011	0.02297	0.14751	0.19550	0.17720	0.01367	0.00700	0.00214	0.00370	0.01175	0.22988	0.00657
52	0.01430	0.01359	0.02307	0.45496	0.32656	0.01534	0.01945	0.01857	0.01419	0.01912	0.01221	0.01736	0.00964	0.00641	0.00668	0.00214	0.00854	0.00597	0.00312	0.00877
53	0.00955	0.00689	0.00904	0.00859	0.01017	0.00638	0.00650	0.01271	0.01886	0.02666	0.69363	0.05106	0.06240	0.01389	0.00796	0.00215	0.00328	0.03662	0.00734	0.00633
54	0.02551	0.01879	0.02014	0.01544	0.02081	0.02081	0.01275	0.69996	0.03155	0.04229	0.01611	0.01611	0.01141	0.00805	0.00671	0.00201	0.00738	0.00604	0.00671	0.01141
55	0.01391	0.01193	0.01391	0.00994	0.01590	0.00894	0.00795	0.01690	0.01391	0.02186	0.01193	0.01391	0.00994	0.00497	0.00497	0.00099	0.00497	0.00398	0.00398	0.80521
56	0.02647	0.01246	0.01564	0.01251	0.01735	0.01203	0.01016	0.05803	0.19805	0.52133	0.02631	0.02316	0.01742	0.00850	0.00677	0.00213	0.00567	0.00694	0.00786	0.01121
57	0.00912	0.00697	0.00828	0.00890	0.01049	0.00641	0.00693	0.01105	0.01458	0.01831	0.06712	0.12995	0.34347	0.10329	0.01141	0.00305	0.00468	0.22435	0.00600	0.00564
58	0.14141	0.01287	0.01551	0.01208	0.01715	0.01243	0.00997	0.14207	0.02015	0.51291	0.02229	0.02000	0.01440	0.00797	0.00637	0.00207	0.00591	0.00618	0.00744	0.01082
59	0.02395	0.03012	0.01918	0.01732	0.02041	0.66025	0.01315	0.02565	0.01808	0.01639	0.01020	0.01238	0.00866	0.00743	0.00777	0.00186	0.09159	0.00449	0.00340	0.00773
60	0.01267	0.01193	0.02013	0.74806	0.04621	0.01491	0.01863	0.01714	0.01342	0.01714	0.01193	0.01789	0.00894	0.00671	0.00671	0.00224	0.00894	0.00596	0.00298	0.00745
61	0.01339	0.00903	0.01114	0.01110	0.01349	0.00902	0.00898	0.01903	0.14720	0.10506	0.09023	0.12530	0.13944	0.01519	0.00813	0.00258	0.00507	0.25248	0.00666	0.00750
62	0.00950	0.00682	0.00858	0.00814	0.00979	0.00625	0.00610	0.01250	0.01831	0.02585	0.60875	0.05025	0.13161	0.01374	0.00773	0.00210	0.00319	0.01202	0.05250	0.00625
63	0.01350	0.10297	0.58436	0.01711	0.02556	0.01567	0.02127	0.01990	0.01364	0.01983	0.01276	0.01703	0.01022	0.08774	0.00916	0.00253	0.00928	0.00534	0.00297	0.00916
64	0.02436	0.01712	0.05478	0.04321	0.04358	0.01731	0.01306	0.40010	0.07034	0.19940	0.01862	0.01823	0.01290	0.00807	0.00710	0.00208	0.02593	0.00624	0.00655	0.01101
65	0.03010	0.01142	0.01557	0.01194	0.01713	0.00986	0.00986	0.03270	0.01920	0.72698	0.02647	0.02284	0.01661	0.00830	0.00675	0.00208	0.00571	0.00675	0.00830	0.01142
66	0.01661	0.01594	0.02724	0.04119	0.72233	0.01594	0.02059	0.02059	0.01528	0.02192	0.01262	0.01661	0.01063	0.00598	0.00664	0.00199	0.00797	0.00598	0.00332	0.01063
67	0.69708	0.01305	0.01109	0.04656	0.01519	0.01497	0.00820	0.04600	0.01272	0.06961	0.01070	0.01213	0.00804	0.00644	0.00453	0.00208	0.00549	0.00402	0.00443	0.00767
68	0.00966	0.00698	0.00863	0.00828	0.00995	0.00650	0.00618	0.01301	0.03815	0.02522	0.53286	0.08519	0.13937	0.01393	0.00768	0.00213	0.00329	0.01218	0.06450	0.00632
69	0.00928	0.00662	0.00897	0.01041	0.01127	0.00638	0.00792	0.01122	0.01396	0.01847	0.05928	0.45104	0.04220	0.04270	0.00960	0.00296	0.00483	0.27100	0.00618	0.00572
70	0.00846	0.00604	0.00811	0.00967	0.01018	0.00569	0.00672	0.00983	0.01313	0.01745	0.03683	0.68631	0.04376	0.02075	0.00864	0.00276	0.00414	0.08978	0.00622	0.00553
71	0.01983	0.02246	0.02482	0.02964	0.35511	0.30297	0.07816	0.02297	0.01663	0.01948	0.01167	0.01488	0.00973	0.00654	0.00710	0.00195	0.03799	0.00549	0.00337	0.00923
72	0.01005	0.00650	0.00733	0.00733	0.00755	0.00655	0.00430	0.01047	0.01026	0.01440	0.02110	0.04122	0.02333	0.65598	0.05753	0.00614	0.00657	0.00928	0.08972	0.00437
73	0.00811	0.00610	0.00751	0.00864	0.00955	0.00551	0.00592	0.00942	0.01352	0.01740	0.04550	0.56883	0.22986	0.01991	0.00839	0.00260	0.00376	0.01773	0.00623	0.00551
74	0.01391	0.01193	0.01391	0.00994	0.01590	0.00894	0.00795	0.01690	0.01391	0.02186	0.01193	0.01391	0.00994	0.00497	0.00497	0.00099	0.00497	0.00398	0.00398	0.80521
75	0.01794	0.76823	0.03516	0.01148	0.01722	0.02655	0.01148	0.02009	0.01363	0.01579	0.00933	0.01076	0.00861	0.00574	0.00431	0.00144	0.00718	0.00359	0.00287	0.00861
76	0.00904	0.00684	0.00834	0.00796	0.00975	0.00614	0.00597	0.01178	0.01792	0.02436	0.52972	0.05432	0.25397	0.01467	0.00792	0.00216	0.00323	0.01272	0.00705	0.00614
77	0.00981	0.00746	0.01094	0.01082	0.01188	0.00877	0.00834	0.01200	0.01069	0.01541	0.01782	0.02715	0.01700	0.10104	0.65564	0.01014	0.04828	0.00732	0.00360	0.00591
78	0.00801	0.00673	0.00695	0.00705	0.00915	0.00567	0.00523	0.00972	0.01524	0.01837	0.08936	0.11739	0.64384	0.01718	0.00798	0.00230	0.00343	0.01446	0.00627	0.00567
79	0.01709	0.01836	0.01685	0.01520	0.01707	0.25751	0.01197	0.04435	0.03971	0.01746	0.01306	0.01779	0.01170	0.02162	0.23307	0.00486	0.22556	0.00582	0.00359	0.00735
80	0.01684	0.01340	0.01453	0.01298	0.01663	0.01511	0.01011	0.03298	0.58850	0.07593	0.10155	0.02758	0.02482	0.00954	0.00694	0.00224	0.00511	0.00802	0.00699	0.01021
81	0.01794	0.76823	0.03516	0.01148	0.01722	0.02655	0.01148	0.02009	0.01363	0.01579	0.00933	0.01076	0.00861	0.00574	0.00431	0.00144	0.00718	0.00359	0.00287	0.00861
82	0.01687	0.01597	0.02916	0.02213	0.02594	0.01770	0.34198	0.02047	0.01389	0.09417	0.01297	0.01719	0.01029	0.00846	0.01363	0.00252	0.31738	0.00695	0.00373	0.00859
83	0.01816	0.01586	0.01513	0.04003	0.01669	0.14846	0.01058	0.15761	0.06747	0.02526	0.01627	0.01871	0.01287	0.00845	0.00868	0.00201	0.13985	0.00587	0.26392	0.00813
84	0.01454	0.01383	0.02350	0.41272	0.36697	0.01540	0.01956	0.01878	0.01430	0.01941	0.01226	0.01728	0.00974	0.00636	0.00668	0.00212	0.00848	0.00597	0.00314	0.00896
85	0.78546	0.01294	0.01020	0.03300	0.01406	0.01505	0.00764	0.01964	0.01148	0.02968	0.00943	0.01113	0.00732	0.00624	0.00424	0.00208	0.00531	0.00371	0.00411	0.00727
86	0.04804	0.04283	0.02023	0.02232	0.26346	0.04051	0.01369	0.10272	0.01847	0.24705	0.05794	0.03931	0.01622	0.00780	0.00657	0.00199	0.00676	0.00664	0.00563	0.03182
87	0.01842	0.01520	0.02012	0.07964	0.12394	0.06965	0.08563	0.15041	0.08400	0.08931	0.02080	0.05610	0.01818	0.00978	0.00732	0.00228	0.00768	0.12695	0.00536	0.00921
88	0.05153	0.01779	0.01916	0.01485	0.02007	0.01955	0.01223	0.58849	0.06860	0.09338	0.01731	0.01696	0.01219	0.00807	0.00664	0.00204	0.00706	0.00610	0.00676	0.01123
89	0.81159	0.01298	0.00986	0.00882	0.01298	0.01505	0.00727	0.01972	0.01142	0.03010	0.00934	0.01090	0.00727	0.00623	0.00415	0.00208	0.00519	0.00363	0.00415	0.00727
90	0.01851	0.01911	0.02275	0.03013	0.42324	0.18908	0.01670	0.06069	0.05199	0.02170	0.01489	0.07294	0.01328	0.00763	0.00666	0.00200	0.00848	0.00667	0.00395	0.00959
91	0.02567	0.01853	0.01997	0.01531	0.02068	0.02041	0.01265	0.67596	0.03110	0.06691	0.01648	0.01635	0.01160	0.00806	0.00671	0.00202	0.00732	0.00607	0.00677	0.01141
92	0.01391	0.01193	0.01391	0.00994	0.01590	0.00894	0.00795	0.01690	0.01391	0.02186	0.01193	0.01391	0.00994	0.00497	0.00497	0.00099	0.00497	0.00398	0.00398	0.80521
93	0.81159	0.01298	0.00986	0.00882	0.01298	0.01505	0.00727	0.01972	0.01142	0.03010	0.00934	0.01090	0.00727	0.00623	0.00415	0.00208	0.00519	0.00363	0.00415	0.00727
94	0.00972	0.00665	0.00807	0.00807	0.00833	0.00691	0.00500	0.01024	0.00998	0.01356	0.02046	0.04012	0.02275	0.61006	0.18604	0.00743	0.00898	0.00920	0.00396	0.00448
95	0.78827	0.01293	0.01003	0.00892	0.01310	0.01490	0.00734	0.02011	0.01165	0.05090	0.00985	0.01126	0.00755	0.00629	0.00423	0.00208	0.00521	0.00373	0.00428	0.00739
96	0.00851	0.00672	0.00767	0.00766	0.00948	0.00588	0.00566	0.01067	0.01634	0.02113	0.29542	0.13464	0.41384	0.01627	0.00799	0.00226	0.00337	0.01397	0.00664	0.00588
97	0.01887	0.01562	0.01546	0.01319	0.01648	0.10135	0.01047	0.23576	0.12699	0.04952	0.02349	0.06041	0.08302	0.00996	0.00822	0.00212	0.08503	0.00754	0.10760	0.00891
98	0.00821	0.00590	0.00779	0.00923	0.00972	0.00548	0.00619	0.00945	0.01312	0.01746	0.05900	0.71481	0.06744	0.02066	0.00852	0.00269	0.00385	0.01870	0.00626	0.00548
99	0.01382	0.01177	0.01282	0.01168	0.01428	0.04066	0.00902	0.05779	0.28446	0.02554	0.23678	0.07159	0.08759	0.01324	0.03505	0.00256	0.04691	0.00974	0.00644	0.00825
100	0.02991	0.01173	0.01577	0.01209	0.01728	0.01033	0.00998	0.06101	0.01973	0.69793	0.02603	0.02255	0.01639	0.00829	0.00675	0.00207	0.00578	0.00672	0.00824	0.01142
101	0.01394	0.03404	0.70887	0.01892	0.02870	0.01542	0.02436	0.02158	0.01431	0.04157	0.01246	0.01442	0.00873	0.00643	0.00639	0.00212	0.00980	0.00501	0.00299	0.00996
