[name]
unknown

[dist]
# distance from previous block
# <min> <max>
0	131

[block]
# block no. 0 follows, 26 sequences, length 7
# corresponding to MSA columns:
# 707-713
name=unknown_A
#
# <colnr> <probs for GDERKNQSTAVLIFYWHMCP>
#	G	D	E	R	K	N	Q	S	T	A	V	L	I	F	Y	W	H	M	C	P
0	0.01817	0.01917	0.06733	0.10353	0.20608	0.12517	0.05170	0.04226	0.01858	0.04214	0.07487	0.07381	0.02286	0.01079	0.00811	0.00249	0.00914	0.08924	0.00498	0.00958
1	0.02736	0.01153	0.01571	0.01299	0.01765	0.01020	0.01073	0.03047	0.02104	0.49452	0.12635	0.03930	0.03020	0.01202	0.00825	0.00253	0.00612	0.10299	0.00888	0.01118
2	0.01291	0.01074	0.01088	0.01074	0.01270	0.08275	0.00786	0.01536	0.01881	0.05231	0.29461	0.23832	0.16862	0.01736	0.00887	0.00256	0.00508	0.01507	0.00731	0.00717
3	0.01932	0.22531	0.30427	0.01807	0.02545	0.02209	0.01977	0.08780	0.01751	0.06379	0.01366	0.01585	0.01058	0.00824	0.00929	0.00231	0.11644	0.00558	0.00404	0.01064
4	0.01672	0.01491	0.02327	0.42516	0.04042	0.01736	0.08239	0.08552	0.11607	0.02412	0.01673	0.02145	0.01270	0.00927	0.00921	0.05437	0.00935	0.00724	0.00448	0.00924
5	0.02062	0.47914	0.13599	0.01747	0.06547	0.12868	0.01619	0.02409	0.01654	0.01934	0.01143	0.01341	0.00987	0.00682	0.00569	0.00183	0.00948	0.00459	0.00337	0.00997
6	0.01183	0.01030	0.01505	0.15618	0.05525	0.01080	0.03868	0.01479	0.01586	0.02035	0.06264	0.04782	0.28628	0.02119	0.11092	0.02980	0.03099	0.04859	0.00536	0.00733

[dist]
# distance from previous block
# <min> <max>
0	5

[block]
# block no. 1 follows, 26 sequences, length 34
# corresponding to MSA columns:
# 719-752
name=unknown_B
#
# <colnr> <probs for GDERKNQSTAVLIFYWHMCP>
#	G	D	E	R	K	N	Q	S	T	A	V	L	I	F	Y	W	H	M	C	P
0	0.01948	0.23695	0.02313	0.01465	0.05051	0.06750	0.01154	0.04492	0.05857	0.10650	0.08849	0.02602	0.02137	0.07248	0.12224	0.00409	0.00967	0.00730	0.00530	0.00928
1	0.01304	0.00986	0.01176	0.01145	0.01284	0.04463	0.00830	0.01584	0.04613	0.04437	0.05048	0.05845	0.02449	0.24885	0.35610	0.00865	0.01364	0.00950	0.00488	0.00672
2	0.01128	0.00835	0.01008	0.01067	0.01227	0.00801	0.00807	0.04544	0.01677	0.02160	0.06578	0.22417	0.21000	0.13126	0.01408	0.00366	0.00557	0.17964	0.00671	0.00657
3	0.02409	0.07236	0.02452	0.04900	0.10995	0.25565	0.04620	0.19779	0.04656	0.02802	0.01684	0.01887	0.03106	0.01014	0.03375	0.00254	0.01078	0.00644	0.00504	0.01041
4	0.00966	0.00727	0.00894	0.00945	0.01091	0.00655	0.00673	0.01188	0.01755	0.02330	0.26143	0.33045	0.22861	0.01982	0.00925	0.00271	0.00398	0.01748	0.00747	0.00655
5	0.02047	0.04971	0.08029	0.04653	0.20033	0.08083	0.11461	0.11465	0.13476	0.02781	0.01727	0.01965	0.01340	0.00805	0.00828	0.00237	0.03785	0.00705	0.00491	0.01118
6	0.01414	0.00707	0.00707	0.00707	0.00884	0.00707	0.00530	0.01767	0.01591	0.02828	0.02474	0.02828	0.01944	0.00884	0.00530	0.00177	0.00353	0.00707	0.77554	0.00707
7	0.01592	0.01408	0.02114	0.06171	0.27102	0.01539	0.01560	0.04624	0.04144	0.02364	0.10426	0.04873	0.02344	0.11500	0.04175	0.00359	0.11418	0.00880	0.00481	0.00925
8	0.01719	0.01835	0.03108	0.04722	0.09669	0.08478	0.32257	0.02163	0.01697	0.02213	0.01901	0.07685	0.01764	0.04457	0.03784	0.00321	0.04913	0.05967	0.00432	0.00917
9	0.35494	0.01366	0.01485	0.01199	0.01736	0.01365	0.00990	0.03071	0.01796	0.41122	0.02167	0.02007	0.01427	0.00839	0.00638	0.00235	0.00620	0.00613	0.00739	0.01091
10	0.04569	0.00981	0.01179	0.01080	0.01265	0.01026	0.00773	0.07962	0.01521	0.08818	0.02470	0.03835	0.04985	0.34978	0.20595	0.00722	0.01059	0.00943	0.00535	0.00706
11	0.10225	0.19775	0.02502	0.01665	0.02164	0.35132	0.01357	0.14237	0.02177	0.02526	0.01251	0.01401	0.01018	0.00766	0.00629	0.00197	0.01061	0.00496	0.00450	0.00971
12	0.02029	0.01681	0.02763	0.03518	0.42246	0.01692	0.07322	0.02563	0.06304	0.11954	0.02051	0.02306	0.04580	0.00829	0.00866	0.00239	0.04645	0.00763	0.00497	0.01152
13	0.01830	0.46481	0.29558	0.01636	0.02469	0.02517	0.01886	0.02322	0.01565	0.02026	0.01174	0.01367	0.00968	0.00677	0.00578	0.00193	0.00932	0.00466	0.00323	0.01031
14	0.04295	0.19426	0.52462	0.01929	0.02922	0.02036	0.02399	0.02367	0.01577	0.02299	0.01282	0.01503	0.00959	0.00704	0.00660	0.00223	0.01033	0.00521	0.00326	0.01078
15	0.01414	0.00707	0.00707	0.00707	0.00884	0.00707	0.00530	0.01767	0.01591	0.02828	0.02474	0.02828	0.01944	0.00884	0.00530	0.00177	0.00353	0.00707	0.77554	0.00707
16	0.01147	0.00847	0.01118	0.01246	0.01438	0.00818	0.01066	0.01464	0.01758	0.02254	0.07331	0.08176	0.18005	0.02037	0.01010	0.00325	0.00618	0.47949	0.00705	0.00687
17	0.02123	0.01702	0.06939	0.09873	0.05049	0.01703	0.04721	0.06657	0.17831	0.17747	0.02462	0.02518	0.04992	0.01003	0.01020	0.00258	0.10899	0.00788	0.00626	0.01089
18	0.01183	0.00902	0.01254	0.01342	0.01439	0.00987	0.01075	0.01401	0.01511	0.02034	0.03450	0.28761	0.03880	0.02244	0.04009	0.03642	0.10803	0.28788	0.00621	0.00673
19	0.00911	0.00710	0.00828	0.00922	0.01065	0.00627	0.00645	0.01071	0.01581	0.01989	0.05811	0.42343	0.34470	0.02164	0.00935	0.00284	0.00414	0.01898	0.00704	0.00627
20	0.02020	0.63077	0.10409	0.01419	0.02101	0.06471	0.01457	0.02325	0.01580	0.01850	0.01091	0.01263	0.00972	0.00663	0.00521	0.00172	0.00872	0.00425	0.00328	0.00983
21	0.01714	0.02500	0.21497	0.10401	0.05625	0.06606	0.24799	0.02298	0.01635	0.02233	0.01383	0.01847	0.01074	0.00917	0.02997	0.00283	0.10134	0.00711	0.00355	0.00991
22	0.08110	0.14126	0.50183	0.05637	0.03032	0.01940	0.02371	0.02343	0.01562	0.02369	0.01288	0.01535	0.00954	0.00710	0.00666	0.00229	0.01023	0.00531	0.00334	0.01059
23	0.01873	0.01949	0.04952	0.03912	0.52944	0.08576	0.02074	0.02276	0.01734	0.02340	0.01761	0.02246	0.04601	0.04466	0.00909	0.00250	0.00921	0.00721	0.00396	0.01100
24	0.03310	0.01270	0.01731	0.01334	0.01904	0.01099	0.01099	0.03606	0.02170	0.66504	0.05590	0.02705	0.02088	0.00963	0.00768	0.00235	0.00634	0.00787	0.00935	0.01268
25	0.01846	0.19037	0.05302	0.01923	0.02299	0.02361	0.09930	0.05380	0.09426	0.02219	0.01385	0.01751	0.01182	0.00998	0.01450	0.00264	0.31217	0.00653	0.00410	0.00966
26	0.01052	0.00773	0.00887	0.00906	0.01117	0.00675	0.00671	0.01263	0.01743	0.05229	0.14569	0.21636	0.40686	0.01936	0.00912	0.00268	0.00416	0.03852	0.00732	0.00677
27	0.01650	0.01387	0.01519	0.01436	0.01795	0.01552	0.01143	0.03228	0.47136	0.02874	0.03738	0.04462	0.09327	0.01339	0.00841	0.00276	0.00599	0.13908	0.00750	0.01041
28	0.02182	0.01624	0.01781	0.01539	0.01993	0.01806	0.01223	0.17498	0.40480	0.10013	0.02892	0.06203	0.02268	0.01107	0.00790	0.00255	0.00654	0.03735	0.00779	0.01178
29	0.01127	0.00812	0.01026	0.01120	0.01227	0.00794	0.00778	0.07565	0.01697	0.02273	0.07018	0.62534	0.04747	0.02190	0.00944	0.00297	0.00476	0.01972	0.00716	0.00688
30	0.02028	0.73799	0.03975	0.01298	0.01947	0.03001	0.01298	0.02271	0.01541	0.01785	0.01055	0.01217	0.00973	0.00649	0.00487	0.00162	0.00811	0.00406	0.00324	0.00973
31	0.03403	0.01291	0.01760	0.01350	0.01936	0.01115	0.01115	0.03697	0.02171	0.69137	0.02992	0.02582	0.01878	0.00939	0.00763	0.00235	0.00645	0.00763	0.00939	0.01291
32	0.70997	0.01712	0.07932	0.01114	0.01648	0.01708	0.01019	0.02247	0.01322	0.03303	0.01087	0.01269	0.00835	0.00706	0.00494	0.00235	0.00640	0.00426	0.00455	0.00851
33	0.01818	0.13706	0.50007	0.01978	0.02932	0.08747	0.02371	0.02511	0.01676	0.05592	0.01380	0.01572	0.01010	0.00727	0.00686	0.00224	0.01078	0.00541	0.00359	0.01084

[dist]
# distance from previous block
# <min> <max>
0	21

[block]
# block no. 2 follows, 26 sequences, length 40
# corresponding to MSA columns:
# 774,800-817,821-841
name=unknown_C
#
# <colnr> <probs for GDERKNQSTAVLIFYWHMCP>
#	G	D	E	R	K	N	Q	S	T	A	V	L	I	F	Y	W	H	M	C	P
0	0.01281	0.01221	0.04530	0.01439	0.04384	0.04661	0.05618	0.01513	0.01558	0.02100	0.15796	0.20954	0.03732	0.21331	0.01804	0.00397	0.05116	0.01299	0.00568	0.00698
1	0.02196	0.02096	0.02261	0.07173	0.15680	0.19080	0.05184	0.03039	0.20123	0.09011	0.02099	0.05179	0.01671	0.00904	0.00759	0.00235	0.00919	0.00764	0.00557	0.01068
2	0.01783	0.06295	0.04843	0.01694	0.02024	0.17187	0.07549	0.04134	0.04434	0.02004	0.01625	0.02242	0.01443	0.05401	0.23111	0.04676	0.07622	0.00700	0.00411	0.00822
3	0.01402	0.05076	0.02333	0.01807	0.02167	0.01386	0.19489	0.04129	0.01487	0.02066	0.01830	0.02577	0.01612	0.03804	0.44244	0.00851	0.01708	0.00810	0.00409	0.00814
4	0.01267	0.01189	0.04425	0.01513	0.01690	0.01315	0.05102	0.01545	0.01249	0.01821	0.01781	0.02729	0.01684	0.09048	0.44238	0.00899	0.16586	0.00797	0.00390	0.00733
5	0.03125	0.01551	0.01899	0.01476	0.02054	0.01525	0.01213	0.20969	0.08309	0.45518	0.02677	0.02393	0.01754	0.00939	0.00762	0.00235	0.00694	0.00749	0.00874	0.01283
6	0.01074	0.00775	0.01014	0.00954	0.01133	0.00716	0.00716	0.01431	0.02147	0.03042	0.68211	0.05666	0.07157	0.01551	0.00895	0.00239	0.00358	0.01372	0.00835	0.00716
7	0.03403	0.01291	0.01760	0.01350	0.01936	0.01115	0.01115	0.03697	0.02171	0.69137	0.02992	0.02582	0.01878	0.00939	0.00763	0.00235	0.00645	0.00763	0.00939	0.01291
8	0.01312	0.00828	0.01090	0.00995	0.01215	0.00756	0.00756	0.01663	0.02150	0.09795	0.61548	0.05351	0.06617	0.01488	0.00881	0.00238	0.00387	0.01310	0.00846	0.00774
9	0.00966	0.00771	0.00865	0.00842	0.01067	0.00670	0.00631	0.01224	0.01894	0.02441	0.31607	0.06654	0.44136	0.01775	0.00896	0.00249	0.00374	0.01510	0.00756	0.00670
10	0.01850	0.01774	0.03029	0.08787	0.64696	0.01795	0.02314	0.02304	0.01714	0.02445	0.01422	0.01886	0.01190	0.00681	0.00751	0.00227	0.00908	0.00676	0.00373	0.01179
11	0.01876	0.04035	0.03012	0.10207	0.58920	0.01848	0.02248	0.04358	0.01763	0.02484	0.01421	0.01867	0.01181	0.00690	0.00744	0.00226	0.00906	0.00667	0.00383	0.01166
12	0.62151	0.11640	0.01591	0.01114	0.01602	0.07256	0.00938	0.02298	0.01393	0.03058	0.01065	0.01241	0.00855	0.00703	0.00489	0.00222	0.00679	0.00416	0.00443	0.00847
13	0.02386	0.01884	0.02048	0.01762	0.04670	0.02117	0.01364	0.35047	0.32883	0.03952	0.02391	0.02289	0.01760	0.00956	0.00764	0.00241	0.00729	0.00763	0.00750	0.01245
14	0.00946	0.00672	0.00889	0.01054	0.01100	0.00633	0.00707	0.01077	0.01441	0.01919	0.04063	0.66373	0.04853	0.06783	0.01151	0.00336	0.00467	0.04238	0.00689	0.00609
15	0.01731	0.06066	0.02204	0.04260	0.06801	0.03978	0.08315	0.04990	0.03843	0.02487	0.01542	0.04566	0.01317	0.00703	0.00651	0.00165	0.00735	0.00614	0.00458	0.44574
16	0.01896	0.57897	0.10526	0.01422	0.02052	0.02706	0.01453	0.02203	0.01506	0.01850	0.01144	0.01392	0.01031	0.01008	0.04971	0.00246	0.04945	0.00462	0.00330	0.00962
17	0.01053	0.00768	0.00990	0.00949	0.01124	0.00705	0.00706	0.01387	0.02079	0.02912	0.60536	0.09869	0.10831	0.01624	0.00899	0.00244	0.00365	0.01434	0.00819	0.00705
18	0.05103	0.01988	0.06920	0.04997	0.02415	0.09838	0.09050	0.08606	0.18307	0.06164	0.01967	0.02259	0.01549	0.04239	0.06248	0.00342	0.07714	0.00738	0.00543	0.01013
19	0.02332	0.02127	0.05091	0.04980	0.02375	0.09136	0.01538	0.31761	0.09468	0.03360	0.01681	0.01885	0.01298	0.01133	0.03301	0.00282	0.15899	0.00676	0.00583	0.01095
20	0.00930	0.00688	0.00872	0.01016	0.01104	0.00630	0.00700	0.01082	0.01515	0.01970	0.04824	0.58272	0.16730	0.02281	0.00958	0.00300	0.00439	0.04362	0.00704	0.00624
21	0.01645	0.01734	0.08171	0.35303	0.03577	0.05700	0.01799	0.07899	0.01647	0.02164	0.01431	0.02109	0.01186	0.05281	0.04776	0.03696	0.09954	0.00683	0.00387	0.00858
22	0.05999	0.41484	0.05861	0.01672	0.02182	0.05670	0.07267	0.02222	0.01495	0.01964	0.01102	0.01413	0.00986	0.00812	0.00990	0.00217	0.16864	0.00518	0.00342	0.00939
23	0.00942	0.00673	0.00901	0.01077	0.01129	0.00632	0.00736	0.01088	0.01470	0.01957	0.04171	0.68923	0.04977	0.02359	0.00973	0.00311	0.00456	0.05901	0.00704	0.00621
24	0.01498	0.01415	0.02393	0.61722	0.14513	0.01702	0.02139	0.01995	0.01548	0.02017	0.01360	0.02001	0.01039	0.00746	0.00757	0.00249	0.00995	0.00674	0.00343	0.00895
25	0.56972	0.01844	0.01547	0.01333	0.01799	0.13183	0.05861	0.02343	0.01470	0.03003	0.01152	0.01388	0.00917	0.00917	0.03408	0.00270	0.00829	0.00477	0.00447	0.00840
26	0.01772	0.01684	0.02855	0.13369	0.56335	0.01725	0.02207	0.02225	0.01723	0.02438	0.05195	0.02111	0.01513	0.00736	0.00760	0.00230	0.00885	0.00715	0.00396	0.01126
27	0.01778	0.01701	0.02899	0.19585	0.54459	0.01776	0.02278	0.02241	0.01680	0.02357	0.01409	0.01910	0.01159	0.00694	0.00753	0.00231	0.00926	0.00675	0.00367	0.01121
28	0.03160	0.01237	0.01682	0.01308	0.01852	0.01073	0.01073	0.03460	0.02168	0.62237	0.09801	0.02904	0.02429	0.01003	0.00777	0.00235	0.00615	0.00826	0.00928	0.01231
29	0.01414	0.00707	0.00707	0.00707	0.00884	0.00707	0.00530	0.01767	0.01591	0.02828	0.02474	0.02828	0.01944	0.00884	0.00530	0.00177	0.00353	0.00707	0.77554	0.00707
30	0.01103	0.00735	0.00827	0.00827	0.00827	0.00735	0.00460	0.01103	0.01103	0.01471	0.02390	0.04964	0.02758	0.73343	0.03861	0.00735	0.00735	0.01103	0.00460	0.00460
31	0.05968	0.01356	0.01711	0.01310	0.01904	0.01195	0.01072	0.05556	0.04876	0.46913	0.02521	0.02293	0.01670	0.00851	0.00708	0.00209	0.00630	0.00682	0.00801	0.17775
32	0.49128	0.01169	0.01082	0.01010	0.01309	0.01323	0.00779	0.01781	0.01191	0.02637	0.01205	0.01689	0.01051	0.01653	0.06082	0.24606	0.00709	0.00516	0.00421	0.00658
33	0.01065	0.00769	0.01007	0.00960	0.01131	0.00710	0.00715	0.01411	0.02109	0.02981	0.64674	0.09378	0.07039	0.01596	0.00899	0.00242	0.00362	0.01415	0.00828	0.00710
34	0.69548	0.01642	0.05188	0.01200	0.01725	0.01718	0.04981	0.02252	0.01340	0.03286	0.01103	0.01304	0.00850	0.00701	0.00510	0.00236	0.00660	0.00449	0.00456	0.00851
35	0.02232	0.01757	0.01927	0.01633	0.02091	0.01988	0.01328	0.30629	0.28954	0.03707	0.02556	0.03017	0.02054	0.01116	0.00873	0.00258	0.03804	0.08171	0.00738	0.01164
36	0.01119	0.00913	0.01450	0.01366	0.01513	0.00899	0.09810	0.01317	0.01426	0.01922	0.03259	0.42063	0.03735	0.14510	0.06299	0.00439	0.02757	0.03957	0.00586	0.00659
37	0.03376	0.01335	0.01788	0.01370	0.01958	0.01180	0.01132	0.06998	0.02245	0.65731	0.02930	0.02541	0.01847	0.00937	0.00763	0.00234	0.00655	0.00759	0.00929	0.01291
38	0.75282	0.01497	0.01167	0.01031	0.01507	0.01731	0.00849	0.05109	0.01393	0.03465	0.01091	0.01259	0.00843	0.00713	0.00482	0.00234	0.00598	0.00423	0.00482	0.00843
39	0.01318	0.00659	0.00988	0.00988	0.00988	0.00659	0.00659	0.00988	0.00988	0.01318	0.01318	0.02306	0.01318	0.02635	0.02964	0.77931	0.00659	0.00659	0.00329	0.00329

[dist]
# distance from previous block
# <min> <max>
0	6

[block]
# block no. 3 follows, 26 sequences, length 56
# corresponding to MSA columns:
# 848-903
name=unknown_D
#
# <colnr> <probs for GDERKNQSTAVLIFYWHMCP>
#	G	D	E	R	K	N	Q	S	T	A	V	L	I	F	Y	W	H	M	C	P
0	0.00934	0.00673	0.00889	0.01058	0.01115	0.00627	0.00719	0.01077	0.01474	0.01954	0.04313	0.67791	0.07501	0.02348	0.00968	0.00308	0.00448	0.04480	0.00704	0.00620
1	0.01364	0.01226	0.02202	0.01905	0.02266	0.01174	0.21602	0.01783	0.01744	0.02288	0.03497	0.09686	0.07877	0.01637	0.00985	0.00311	0.00847	0.36214	0.00600	0.00793
2	0.01700	0.01672	0.02726	0.27565	0.33522	0.04336	0.06421	0.02146	0.01636	0.02208	0.01497	0.04994	0.01279	0.00810	0.00851	0.00244	0.04261	0.00747	0.00375	0.01009
3	0.01576	0.12964	0.35085	0.06096	0.04745	0.01907	0.04525	0.02146	0.01492	0.02127	0.01374	0.01858	0.01134	0.04511	0.06031	0.00334	0.10152	0.00617	0.00340	0.00983
4	0.78701	0.01467	0.01115	0.00997	0.01467	0.01702	0.00821	0.02230	0.01291	0.03403	0.01056	0.01232	0.00821	0.00704	0.00469	0.00235	0.00587	0.00411	0.00469	0.00821
5	0.64463	0.05127	0.01393	0.01146	0.01613	0.11418	0.00934	0.02344	0.01423	0.03110	0.01072	0.01251	0.00850	0.00712	0.00500	0.00226	0.00707	0.00421	0.00452	0.00837
6	0.01161	0.00829	0.01152	0.01327	0.01474	0.00820	0.01116	0.01465	0.01686	0.02201	0.04050	0.21789	0.04499	0.02153	0.01031	0.00341	0.00645	0.50879	0.00700	0.00681
7	0.01722	0.10806	0.44818	0.02162	0.05869	0.01824	0.08531	0.02422	0.01647	0.05919	0.01434	0.01666	0.01052	0.00704	0.00705	0.00223	0.01029	0.00584	0.00371	0.06512
8	0.01052	0.00823	0.00959	0.00916	0.01140	0.00755	0.00690	0.01451	0.05828	0.02661	0.40688	0.06138	0.30791	0.01665	0.00888	0.00247	0.00382	0.01431	0.00780	0.00715
9	0.01102	0.00882	0.00998	0.00950	0.01194	0.00834	0.00718	0.01618	0.10337	0.02631	0.33737	0.06006	0.32901	0.01643	0.00880	0.00249	0.00400	0.01404	0.00771	0.00746
10	0.02028	0.73799	0.03975	0.01298	0.01947	0.03001	0.01298	0.02271	0.01541	0.01785	0.01055	0.01217	0.00973	0.00649	0.00487	0.00162	0.00811	0.00406	0.00324	0.00973
11	0.01414	0.00707	0.00707	0.00707	0.00884	0.00707	0.00530	0.01767	0.01591	0.02828	0.02474	0.02828	0.01944	0.00884	0.00530	0.00177	0.00353	0.00707	0.77554	0.00707
12	0.02833	0.03615	0.02149	0.01954	0.02345	0.70298	0.01466	0.03029	0.02149	0.01856	0.01172	0.01368	0.00977	0.00782	0.00684	0.00195	0.01368	0.00489	0.00391	0.00879
13	0.02833	0.03615	0.02149	0.01954	0.02345	0.70298	0.01466	0.03029	0.02149	0.01856	0.01172	0.01368	0.00977	0.00782	0.00684	0.00195	0.01368	0.00489	0.00391	0.00879
14	0.01651	0.01707	0.02771	0.02224	0.02427	0.02133	0.17451	0.01935	0.01347	0.01987	0.01487	0.02057	0.04637	0.01189	0.02010	0.00309	0.50675	0.00771	0.00365	0.00867
15	0.01061	0.00775	0.00997	0.00941	0.01126	0.00710	0.00706	0.01407	0.02118	0.02972	0.63956	0.05781	0.11456	0.01577	0.00895	0.00240	0.00360	0.01388	0.00826	0.00710
16	0.01877	0.01802	0.03079	0.04656	0.68612	0.01802	0.02328	0.02328	0.01727	0.02478	0.01427	0.01877	0.01201	0.00676	0.00751	0.00225	0.00901	0.00676	0.00375	0.01201
17	0.02562	0.02161	0.02082	0.01708	0.02231	0.11005	0.01368	0.38282	0.23531	0.03893	0.02138	0.02082	0.01574	0.00931	0.00753	0.00233	0.00830	0.00713	0.00715	0.01208
18	0.02891	0.01352	0.01711	0.01380	0.01905	0.01294	0.01117	0.03668	0.19028	0.48677	0.06342	0.02803	0.02260	0.00993	0.00772	0.00241	0.00619	0.00818	0.00890	0.01238
19	0.01674	0.01113	0.01227	0.01087	0.01459	0.01073	0.00850	0.05653	0.15168	0.15024	0.05559	0.05216	0.38885	0.01502	0.00839	0.00251	0.00501	0.01244	0.00765	0.00911
20	0.02366	0.12071	0.06693	0.02475	0.15396	0.34463	0.06190	0.05444	0.03952	0.02206	0.01329	0.01573	0.01085	0.00743	0.00694	0.00207	0.01138	0.00567	0.00402	0.01006
21	0.01090	0.00787	0.01088	0.01088	0.01178	0.00877	0.00784	0.01270	0.01180	0.01663	0.02152	0.03646	0.02185	0.28396	0.48025	0.01057	0.01597	0.00910	0.00424	0.00604
22	0.01103	0.00735	0.00827	0.00827	0.00827	0.00735	0.00460	0.01103	0.01103	0.01471	0.02390	0.04964	0.02758	0.73343	0.03861	0.00735	0.00735	0.01103	0.00460	0.00460
23	0.64451	0.01870	0.01309	0.01177	0.01632	0.14586	0.00942	0.02380	0.01452	0.03113	0.01078	0.01258	0.00851	0.00719	0.00510	0.00227	0.00733	0.00425	0.00455	0.00832
24	0.01839	0.01773	0.01955	0.01552	0.04528	0.10967	0.05809	0.05100	0.01769	0.02489	0.01362	0.01601	0.01115	0.00619	0.00620	0.00144	0.00753	0.00507	0.00448	0.55051
25	0.02883	0.02125	0.02276	0.01745	0.02352	0.02352	0.01442	0.66082	0.03566	0.04780	0.01821	0.01821	0.01290	0.00911	0.00759	0.00228	0.00835	0.00683	0.00759	0.01290
26	0.01414	0.00707	0.00707	0.00707	0.00884	0.00707	0.00530	0.01767	0.01591	0.02828	0.02474	0.02828	0.01944	0.00884	0.00530	0.00177	0.00353	0.00707	0.77554	0.00707
27	0.03403	0.01291	0.01760	0.01350	0.01936	0.01115	0.01115	0.03697	0.02171	0.69137	0.02992	0.02582	0.01878	0.00939	0.00763	0.00235	0.00645	0.00763	0.00939	0.01291
28	0.01164	0.00797	0.01032	0.00960	0.01162	0.00729	0.00725	0.01510	0.02123	0.05855	0.61802	0.05628	0.10539	0.01546	0.00889	0.00239	0.00372	0.01359	0.00832	0.00736
29	0.02381	0.02869	0.02049	0.01966	0.05521	0.49008	0.01435	0.02600	0.01883	0.01869	0.01321	0.01700	0.01151	0.01680	0.13022	0.00387	0.07344	0.00569	0.00388	0.00856
30	0.02865	0.01867	0.02064	0.01595	0.02165	0.02004	0.01313	0.49971	0.03165	0.16188	0.02081	0.02035	0.01445	0.00914	0.00742	0.00225	0.00764	0.00699	0.06652	0.01246
31	0.00924	0.00660	0.00880	0.01056	0.01100	0.00616	0.00704	0.01056	0.01452	0.01936	0.04181	0.72848	0.05017	0.02376	0.00968	0.00308	0.00440	0.02156	0.00704	0.00616
32	0.01253	0.01024	0.01145	0.05155	0.01519	0.01010	0.00840	0.07612	0.09008	0.02598	0.17140	0.05700	0.39963	0.01595	0.00862	0.00250	0.00482	0.01339	0.00718	0.00787
33	0.02191	0.59615	0.03606	0.01430	0.02027	0.16602	0.01332	0.02424	0.01664	0.01799	0.01078	0.01247	0.00974	0.00676	0.00527	0.00169	0.00924	0.00422	0.00338	0.00954
34	0.01889	0.01869	0.03007	0.04330	0.60449	0.05260	0.04667	0.02325	0.01751	0.02430	0.01631	0.02042	0.03470	0.00722	0.00758	0.00226	0.00922	0.00706	0.00388	0.01159
35	0.01108	0.00849	0.01266	0.01252	0.01382	0.01007	0.00979	0.01375	0.01217	0.01764	0.01987	0.02923	0.01858	0.05502	0.67434	0.01181	0.05024	0.00806	0.00403	0.00684
36	0.02833	0.03615	0.02149	0.01954	0.02345	0.70298	0.01466	0.03029	0.02149	0.01856	0.01172	0.01368	0.00977	0.00782	0.00684	0.00195	0.01368	0.00489	0.00391	0.00879
37	0.01573	0.01348	0.01573	0.01123	0.01798	0.01011	0.00899	0.01910	0.01573	0.02472	0.01348	0.01573	0.01123	0.00562	0.00562	0.00112	0.00562	0.00449	0.00449	0.77980
38	0.00916	0.00732	0.00821	0.00877	0.01057	0.00637	0.00628	0.01098	0.01660	0.02069	0.10068	0.29469	0.43195	0.02054	0.00921	0.00273	0.00402	0.01776	0.00712	0.00637
39	0.78701	0.01467	0.01115	0.00997	0.01467	0.01702	0.00821	0.02230	0.01291	0.03403	0.01056	0.01232	0.00821	0.00704	0.00469	0.00235	0.00587	0.00411	0.00469	0.00821
40	0.02028	0.73799	0.03975	0.01298	0.01947	0.03001	0.01298	0.02271	0.01541	0.01785	0.01055	0.01217	0.00973	0.00649	0.00487	0.00162	0.00811	0.00406	0.00324	0.00973
41	0.02833	0.03615	0.02149	0.01954	0.02345	0.70298	0.01466	0.03029	0.02149	0.01856	0.01172	0.01368	0.00977	0.00782	0.00684	0.00195	0.01368	0.00489	0.00391	0.00879
42	0.02883	0.02125	0.02276	0.01745	0.02352	0.02352	0.01442	0.66082	0.03566	0.04780	0.01821	0.01821	0.01290	0.00911	0.00759	0.00228	0.00835	0.00683	0.00759	0.01290
43	0.02055	0.66908	0.03805	0.01363	0.01970	0.06574	0.01323	0.02292	0.01557	0.01790	0.01058	0.01244	0.00975	0.00686	0.00584	0.00171	0.03933	0.00421	0.00328	0.00962
44	0.01814	0.01825	0.03350	0.09283	0.45059	0.01840	0.18529	0.02308	0.01709	0.02403	0.01434	0.01924	0.01167	0.00694	0.00846	0.00239	0.03355	0.00731	0.00373	0.01116
45	0.00924	0.00660	0.00880	0.01056	0.01100	0.00616	0.00704	0.01056	0.01452	0.01936	0.04181	0.72848	0.05017	0.02376	0.00968	0.00308	0.00440	0.02156	0.00704	0.00616
46	0.01414	0.00707	0.00707	0.00707	0.00884	0.00707	0.00530	0.01767	0.01591	0.02828	0.02474	0.02828	0.01944	0.00884	0.00530	0.00177	0.00353	0.00707	0.77554	0.00707
47	0.01974	0.01929	0.07614	0.02875	0.23108	0.01850	0.13569	0.10352	0.11219	0.05918	0.05171	0.02226	0.01663	0.00855	0.00914	0.00246	0.06094	0.00773	0.00522	0.01126
48	0.00922	0.00668	0.00872	0.01036	0.01095	0.00618	0.00695	0.01058	0.01472	0.01944	0.04427	0.68240	0.09466	0.02344	0.00963	0.00304	0.00436	0.02117	0.00704	0.00618
49	0.01414	0.00707	0.00707	0.00707	0.00884	0.00707	0.00530	0.01767	0.01591	0.02828	0.02474	0.02828	0.01944	0.00884	0.00530	0.00177	0.00353	0.00707	0.77554	0.00707
50	0.06787	0.01184	0.01195	0.01114	0.01459	0.01245	0.00859	0.02419	0.29548	0.02622	0.05264	0.04973	0.35507	0.01456	0.00813	0.00255	0.00490	0.01201	0.00717	0.00891
51	0.78701	0.01467	0.01115	0.00997	0.01467	0.01702	0.00821	0.02230	0.01291	0.03403	0.01056	0.01232	0.00821	0.00704	0.00469	0.00235	0.00587	0.00411	0.00469	0.00821
52	0.01868	0.01877	0.07581	0.04155	0.57843	0.01715	0.02228	0.02338	0.01758	0.05066	0.05057	0.02088	0.01529	0.00736	0.00757	0.00227	0.00878	0.00708	0.00418	0.01173
53	0.01069	0.00854	0.00972	0.00917	0.01168	0.00775	0.00693	0.01476	0.06511	0.02577	0.33508	0.06057	0.34473	0.01646	0.00874	0.00243	0.00395	0.01405	0.00756	0.03631
54	0.01766	0.01388	0.01619	0.01186	0.01837	0.01118	0.00951	0.04434	0.05564	0.07282	0.01583	0.01727	0.01253	0.00628	0.00595	0.00134	0.00580	0.00504	0.00514	0.65338
55	0.73004	0.01448	0.01134	0.01017	0.01474	0.01673	0.00832	0.02269	0.03811	0.03381	0.03553	0.01452	0.01106	0.00747	0.00496	0.00236	0.00579	0.00462	0.00494	0.00832

[dist]
# distance from previous block
# <min> <max>
0	1

[block]
# block no. 4 follows, 26 sequences, length 39
# corresponding to MSA columns:
# 905-924,927-945
name=unknown_E
#
# <colnr> <probs for GDERKNQSTAVLIFYWHMCP>
#	G	D	E	R	K	N	Q	S	T	A	V	L	I	F	Y	W	H	M	C	P
0	0.01621	0.01476	0.02493	0.33310	0.33418	0.01622	0.02043	0.02007	0.01552	0.02112	0.01380	0.01989	0.01132	0.00933	0.01004	0.09013	0.00922	0.00673	0.00354	0.00947
1	0.01414	0.00707	0.00707	0.00707	0.00884	0.00707	0.00530	0.01767	0.01591	0.02828	0.02474	0.02828	0.01944	0.00884	0.00530	0.00177	0.00353	0.00707	0.77554	0.00707
2	0.02063	0.01717	0.01814	0.01579	0.02040	0.01969	0.01243	0.15010	0.55975	0.03457	0.02863	0.02651	0.02134	0.01008	0.00769	0.00252	0.00642	0.00827	0.00769	0.01216
3	0.02579	0.05058	0.06235	0.01729	0.04999	0.10781	0.01410	0.25661	0.04539	0.15239	0.01839	0.01857	0.01325	0.00817	0.00706	0.00206	0.00841	0.00623	0.00636	0.12922
4	0.07350	0.01697	0.02148	0.04330	0.04541	0.05293	0.07211	0.15319	0.06774	0.29296	0.04235	0.02273	0.01691	0.00906	0.00816	0.00239	0.03268	0.00739	0.00718	0.01156
5	0.02028	0.73799	0.03975	0.01298	0.01947	0.03001	0.01298	0.02271	0.01541	0.01785	0.01055	0.01217	0.00973	0.00649	0.00487	0.00162	0.00811	0.00406	0.00324	0.00973
6	0.01573	0.01348	0.01573	0.01123	0.01798	0.01011	0.00899	0.01910	0.01573	0.02472	0.01348	0.01573	0.01123	0.00562	0.00562	0.00112	0.00562	0.00449	0.00449	0.77980
7	0.01084	0.00813	0.01219	0.01219	0.01354	0.00948	0.00948	0.01354	0.01219	0.01761	0.02032	0.02980	0.01896	0.05689	0.70337	0.01219	0.02032	0.00813	0.00406	0.00677
8	0.02530	0.01224	0.01564	0.01284	0.01691	0.01181	0.01007	0.11651	0.02030	0.36844	0.02647	0.05775	0.02080	0.14476	0.10049	0.00449	0.00854	0.00874	0.00752	0.01039
9	0.78701	0.01467	0.01115	0.00997	0.01467	0.01702	0.00821	0.02230	0.01291	0.03403	0.01056	0.01232	0.00821	0.00704	0.00469	0.00235	0.00587	0.00411	0.00469	0.00821
10	0.01089	0.00791	0.01107	0.01107	0.01204	0.00887	0.00809	0.01283	0.01186	0.01678	0.02134	0.03547	0.02142	0.25016	0.51347	0.01081	0.01661	0.00896	0.00422	0.00615
11	0.06313	0.16793	0.50452	0.01914	0.02887	0.02013	0.02349	0.04830	0.01647	0.02439	0.01303	0.01516	0.00968	0.00714	0.00663	0.00225	0.01020	0.00527	0.00347	0.01082
12	0.78701	0.01467	0.01115	0.00997	0.01467	0.01702	0.00821	0.02230	0.01291	0.03403	0.01056	0.01232	0.00821	0.00704	0.00469	0.00235	0.00587	0.00411	0.00469	0.00821
13	0.03403	0.01291	0.01760	0.01350	0.01936	0.01115	0.01115	0.03697	0.02171	0.69137	0.02992	0.02582	0.01878	0.00939	0.00763	0.00235	0.00645	0.00763	0.00939	0.01291
14	0.01103	0.00735	0.00827	0.00827	0.00827	0.00735	0.00460	0.01103	0.01103	0.01471	0.02390	0.04964	0.02758	0.73343	0.03861	0.00735	0.00735	0.01103	0.00460	0.00460
15	0.01553	0.01488	0.02525	0.50785	0.18398	0.01757	0.04368	0.02031	0.01549	0.02063	0.01350	0.01971	0.01055	0.00771	0.00866	0.00252	0.05266	0.00682	0.00346	0.00924
16	0.01414	0.00707	0.00707	0.00707	0.00884	0.00707	0.00530	0.01767	0.01591	0.02828	0.02474	0.02828	0.01944	0.00884	0.00530	0.00177	0.00353	0.00707	0.77554	0.00707
17	0.00924	0.00660	0.00880	0.01056	0.01100	0.00616	0.00704	0.01056	0.01452	0.01936	0.04181	0.72848	0.05017	0.02376	0.00968	0.00308	0.00440	0.02156	0.00704	0.00616
18	0.01023	0.00741	0.00971	0.01017	0.01150	0.00688	0.00744	0.01291	0.01846	0.02539	0.37471	0.30339	0.08796	0.01908	0.00933	0.00273	0.00415	0.06409	0.00771	0.00675
19	0.01588	0.06844	0.64348	0.02118	0.03194	0.04178	0.02693	0.02418	0.01618	0.02357	0.01342	0.01577	0.00962	0.00720	0.00710	0.00235	0.01117	0.00552	0.00323	0.01106
20	0.02897	0.01543	0.01970	0.01910	0.12271	0.05520	0.01324	0.05347	0.07323	0.44657	0.05345	0.02524	0.01956	0.00920	0.00762	0.00233	0.00719	0.00763	0.00795	0.01221
21	0.78701	0.01467	0.01115	0.00997	0.01467	0.01702	0.00821	0.02230	0.01291	0.03403	0.01056	0.01232	0.00821	0.00704	0.00469	0.00235	0.00587	0.00411	0.00469	0.00821
22	0.01749	0.35334	0.39997	0.01773	0.02682	0.02319	0.02126	0.02343	0.01574	0.02125	0.01223	0.01428	0.00966	0.00688	0.00615	0.00205	0.00982	0.00491	0.00322	0.01055
23	0.00969	0.00771	0.00868	0.00844	0.01069	0.00671	0.00633	0.01228	0.01899	0.02453	0.32338	0.06634	0.43397	0.01770	0.00896	0.00249	0.00373	0.01508	0.00758	0.00671
24	0.07934	0.01301	0.01721	0.01328	0.01908	0.01150	0.01097	0.03608	0.02118	0.65182	0.02876	0.02501	0.01814	0.00925	0.00745	0.00235	0.00642	0.00742	0.00911	0.01263
25	0.01103	0.00735	0.00827	0.00827	0.00827	0.00735	0.00460	0.01103	0.01103	0.01471	0.02390	0.04964	0.02758	0.73343	0.03861	0.00735	0.00735	0.01103	0.00460	0.00460
26	0.00960	0.00687	0.00917	0.01064	0.01132	0.00644	0.00737	0.01132	0.01553	0.02089	0.11872	0.60899	0.05235	0.02260	0.00964	0.00302	0.00446	0.05753	0.00720	0.00633
27	0.01533	0.01383	0.02255	0.15284	0.35108	0.01423	0.01757	0.01963	0.01828	0.02568	0.23453	0.03153	0.03133	0.00979	0.00800	0.00235	0.00741	0.00905	0.00520	0.00978
28	0.01706	0.09328	0.02629	0.01991	0.02107	0.02370	0.05532	0.01909	0.01240	0.01858	0.01035	0.01636	0.01003	0.01214	0.02180	0.00309	0.60110	0.00651	0.00334	0.00857
29	0.02226	0.01905	0.01899	0.01628	0.02103	0.06834	0.01285	0.20945	0.45226	0.03520	0.02606	0.02451	0.01940	0.00979	0.00762	0.00245	0.00719	0.00784	0.00741	0.01202
30	0.01887	0.01629	0.01715	0.01544	0.01972	0.01887	0.01201	0.04031	0.67241	0.03173	0.03087	0.02830	0.02315	0.01029	0.00772	0.00257	0.00600	0.00858	0.00772	0.01201
31	0.01055	0.00775	0.00988	0.00935	0.01122	0.00708	0.00701	0.01395	0.02103	0.02937	0.61836	0.05838	0.13598	0.01590	0.00895	0.00240	0.00361	0.01396	0.00821	0.00708
32	0.02038	0.13092	0.08566	0.01838	0.04659	0.12428	0.08269	0.06819	0.03839	0.07227	0.01797	0.06413	0.01583	0.03662	0.00938	0.00242	0.04958	0.03033	0.00486	0.08114
33	0.01608	0.03716	0.61977	0.02203	0.03276	0.01802	0.06573	0.05704	0.01715	0.02527	0.01396	0.01640	0.00989	0.00726	0.00733	0.00241	0.01116	0.00587	0.00347	0.01124
34	0.01157	0.00827	0.01145	0.01308	0.01457	0.00815	0.01096	0.01465	0.01711	0.02247	0.07482	0.20762	0.04640	0.02120	0.01024	0.00335	0.00631	0.48387	0.00707	0.00684
35	0.01478	0.01109	0.01277	0.01229	0.01496	0.01168	0.00918	0.02457	0.27749	0.06697	0.13625	0.25428	0.09081	0.01593	0.00861	0.00269	0.00499	0.01393	0.00765	0.00906
36	0.02358	0.08833	0.12287	0.04894	0.06281	0.04707	0.10642	0.25919	0.04705	0.09396	0.01733	0.01865	0.01257	0.00805	0.00745	0.00229	0.00941	0.00675	0.00570	0.01158
37	0.06348	0.04979	0.02085	0.01755	0.05667	0.04570	0.01343	0.27270	0.28289	0.06343	0.02251	0.02180	0.01665	0.00919	0.00734	0.00236	0.00744	0.00722	0.00704	0.01197
38	0.09671	0.10056	0.02204	0.08714	0.12015	0.15563	0.01447	0.05911	0.08284	0.04787	0.01874	0.02262	0.03691	0.01074	0.03685	0.00264	0.00932	0.03197	0.00486	0.03883

[dist]
# distance from previous block
# <min> <max>
3	6

[block]
# block no. 5 follows, 26 sequences, length 70
# corresponding to MSA columns:
# 952-1021
name=unknown_F
#
# <colnr> <probs for GDERKNQSTAVLIFYWHMCP>
#	G	D	E	R	K	N	Q	S	T	A	V	L	I	F	Y	W	H	M	C	P
0	0.01030	0.00783	0.01021	0.05522	0.01372	0.00741	0.00779	0.01314	0.01865	0.02529	0.37830	0.22081	0.16789	0.01764	0.00904	0.00259	0.00425	0.01557	0.00748	0.00687
1	0.02473	0.01972	0.02228	0.02203	0.14211	0.06445	0.01516	0.29555	0.19844	0.08420	0.02127	0.02123	0.01567	0.00893	0.00756	0.00233	0.00806	0.00721	0.00682	0.01224
2	0.01668	0.01627	0.07287	0.08701	0.31712	0.01419	0.01752	0.02098	0.01725	0.05284	0.09627	0.06901	0.02142	0.00893	0.00749	0.00217	0.00763	0.00811	0.00481	0.14144
3	0.02003	0.47640	0.15011	0.01533	0.02197	0.12542	0.01556	0.02345	0.01637	0.01911	0.01280	0.04856	0.01172	0.00767	0.00580	0.00188	0.00929	0.00532	0.00352	0.00968
4	0.02098	0.14052	0.03325	0.07272	0.05870	0.10288	0.24347	0.12076	0.05987	0.02598	0.01512	0.01819	0.01179	0.00757	0.00815	0.00230	0.03589	0.00698	0.00449	0.01037
5	0.01089	0.00733	0.00848	0.00861	0.00870	0.00736	0.00499	0.01110	0.01134	0.01518	0.02509	0.09972	0.02890	0.65111	0.06500	0.00724	0.00769	0.01170	0.00476	0.00481
6	0.01554	0.03710	0.62256	0.02325	0.05584	0.01775	0.07517	0.02402	0.01620	0.02407	0.01376	0.01644	0.00983	0.00713	0.00735	0.00241	0.01125	0.00590	0.00327	0.01116
7	0.00924	0.00660	0.00880	0.01056	0.01100	0.00616	0.00704	0.01056	0.01452	0.01936	0.04181	0.72848	0.05017	0.02376	0.00968	0.00308	0.00440	0.02156	0.00704	0.00616
8	0.00942	0.00674	0.00869	0.01017	0.01067	0.00630	0.00672	0.01063	0.01430	0.01893	0.04172	0.62289	0.08040	0.09859	0.01270	0.00351	0.00468	0.02016	0.00678	0.00601
9	0.01414	0.00707	0.00707	0.00707	0.00884	0.00707	0.00530	0.01767	0.01591	0.02828	0.02474	0.02828	0.01944	0.00884	0.00530	0.00177	0.00353	0.00707	0.77554	0.00707
10	0.01596	0.01506	0.02488	0.30340	0.27687	0.01611	0.05106	0.02109	0.03812	0.02285	0.04396	0.02383	0.04848	0.00809	0.00763	0.00234	0.00883	0.00752	0.00414	0.05981
11	0.05093	0.62715	0.03649	0.01364	0.01975	0.10892	0.01299	0.02359	0.01603	0.01856	0.01068	0.01235	0.00968	0.00667	0.00509	0.00169	0.00868	0.00416	0.00338	0.00956
12	0.78701	0.01467	0.01115	0.00997	0.01467	0.01702	0.00821	0.02230	0.01291	0.03403	0.01056	0.01232	0.00821	0.00704	0.00469	0.00235	0.00587	0.00411	0.00469	0.00821
13	0.02337	0.02055	0.07116	0.08849	0.02583	0.04685	0.01526	0.30818	0.22981	0.05874	0.02148	0.02148	0.01565	0.00914	0.00757	0.00239	0.00815	0.00723	0.00679	0.01188
14	0.01432	0.01348	0.02275	0.71520	0.05224	0.01685	0.02107	0.01938	0.01517	0.01938	0.01348	0.02022	0.01011	0.00758	0.00758	0.00253	0.01011	0.00674	0.00337	0.00843
15	0.01696	0.01454	0.02470	0.25103	0.25630	0.01528	0.07286	0.02152	0.01774	0.07382	0.13531	0.02672	0.02257	0.00876	0.00792	0.00240	0.00852	0.00826	0.00488	0.00990
16	0.01887	0.04603	0.01839	0.01288	0.01911	0.01390	0.01054	0.12599	0.01904	0.05463	0.01461	0.01643	0.01168	0.00678	0.00698	0.00150	0.04301	0.00510	0.00509	0.54944
17	0.00981	0.00772	0.00885	0.00857	0.01076	0.00676	0.00643	0.01251	0.01928	0.02521	0.36445	0.06523	0.39248	0.01745	0.00896	0.00248	0.00372	0.01492	0.00766	0.00676
18	0.02383	0.36947	0.03033	0.01544	0.02125	0.12871	0.01357	0.20790	0.07453	0.02764	0.01454	0.01541	0.01172	0.00774	0.00617	0.00194	0.00885	0.00534	0.00494	0.01068
19	0.06752	0.25497	0.38864	0.01852	0.02736	0.05111	0.04842	0.02378	0.01594	0.02252	0.01245	0.01466	0.00965	0.00696	0.00637	0.00214	0.01007	0.00514	0.00337	0.01041
20	0.01086	0.00804	0.01175	0.01175	0.01295	0.00924	0.00893	0.01326	0.01206	0.01728	0.02072	0.03204	0.01994	0.13344	0.62815	0.01164	0.01885	0.00846	0.00412	0.00653
21	0.01599	0.01326	0.02204	0.29890	0.18411	0.01431	0.04926	0.02004	0.01633	0.07338	0.02196	0.15282	0.02080	0.01131	0.00821	0.00262	0.00846	0.05215	0.00486	0.00918
22	0.02128	0.02053	0.05578	0.02192	0.05338	0.10646	0.20166	0.14521	0.04463	0.07893	0.05424	0.04671	0.04012	0.01087	0.03059	0.00273	0.04066	0.00845	0.00552	0.01032
23	0.01414	0.00707	0.00707	0.00707	0.00884	0.00707	0.00530	0.01767	0.01591	0.02828	0.02474	0.02828	0.01944	0.00884	0.00530	0.00177	0.00353	0.00707	0.77554	0.00707
24	0.02536	0.06076	0.02217	0.01881	0.02225	0.48960	0.01461	0.07011	0.02022	0.02042	0.01227	0.01517	0.01047	0.01112	0.04409	0.00268	0.12152	0.00541	0.00405	0.00894
25	0.01318	0.00659	0.00988	0.00988	0.00988	0.00659	0.00659	0.00988	0.00988	0.01318	0.01318	0.02306	0.01318	0.02635	0.02964	0.77931	0.00659	0.00659	0.00329	0.00329
26	0.74901	0.05052	0.01257	0.01012	0.01491	0.01766	0.00845	0.02232	0.01303	0.03323	0.01056	0.01231	0.00829	0.00701	0.00470	0.00231	0.00598	0.00410	0.00462	0.00829
27	0.01569	0.04663	0.04979	0.06571	0.12489	0.05883	0.07543	0.02181	0.10766	0.02346	0.05443	0.14428	0.07816	0.01245	0.00818	0.00252	0.00773	0.05739	0.00550	0.03946
28	0.01237	0.00818	0.01029	0.00951	0.01180	0.00735	0.00722	0.01557	0.02065	0.08499	0.50515	0.05729	0.18945	0.01572	0.00884	0.00242	0.00388	0.01365	0.00818	0.00750
29	0.01598	0.01430	0.01914	0.01367	0.02052	0.01118	0.08530	0.01971	0.01598	0.02467	0.01370	0.01628	0.01127	0.00571	0.00601	0.00129	0.00646	0.00502	0.00442	0.68939
30	0.02830	0.02021	0.02189	0.01699	0.02289	0.02223	0.01397	0.56076	0.09237	0.09158	0.02018	0.01966	0.01424	0.00923	0.00760	0.00231	0.00800	0.00704	0.00773	0.01282
31	0.01919	0.19508	0.02741	0.15967	0.02799	0.15540	0.05718	0.02224	0.01612	0.01955	0.03256	0.01713	0.01198	0.00862	0.01044	0.00229	0.15889	0.00595	0.00368	0.04862
32	0.07284	0.01300	0.01727	0.01331	0.01912	0.01145	0.01100	0.03621	0.02126	0.65749	0.02893	0.02512	0.01823	0.00927	0.00748	0.00235	0.00642	0.00745	0.00915	0.01267
33	0.00955	0.00758	0.00861	0.00882	0.01084	0.00664	0.00655	0.01183	0.01783	0.02269	0.20862	0.17046	0.41859	0.01913	0.00913	0.00264	0.00400	0.04258	0.00734	0.00656
34	0.01058	0.00775	0.00993	0.00938	0.01124	0.00709	0.00704	0.01402	0.02111	0.02956	0.62982	0.05807	0.12440	0.01583	0.00895	0.00240	0.00360	0.01392	0.00824	0.00709
35	0.01692	0.01431	0.01545	0.01401	0.01774	0.01613	0.01084	0.03417	0.52143	0.03110	0.16184	0.03541	0.05452	0.01162	0.00800	0.00254	0.00545	0.00984	0.00782	0.01086
36	0.02681	0.02024	0.02163	0.01704	0.02275	0.02258	0.01393	0.53498	0.16480	0.04454	0.02078	0.02026	0.01498	0.00935	0.00761	0.00234	0.00787	0.00718	0.00761	0.01272
37	0.02883	0.02125	0.02276	0.01745	0.02352	0.02352	0.01442	0.66082	0.03566	0.04780	0.01821	0.01821	0.01290	0.00911	0.00759	0.00228	0.00835	0.00683	0.00759	0.01290
38	0.03321	0.01273	0.01734	0.01336	0.01908	0.01101	0.01101	0.03617	0.02170	0.66804	0.05295	0.02691	0.02064	0.00960	0.00767	0.00235	0.00635	0.00784	0.00935	0.01271
39	0.01767	0.01509	0.02134	0.24765	0.16642	0.01693	0.01687	0.04768	0.22684	0.05485	0.04969	0.02606	0.04165	0.00914	0.00772	0.00247	0.00787	0.00799	0.00557	0.01052
40	0.02485	0.04629	0.02288	0.02080	0.11112	0.10113	0.01491	0.35562	0.13661	0.03672	0.02059	0.02093	0.03482	0.00906	0.00746	0.00227	0.00852	0.00707	0.00650	0.01184
41	0.01680	0.01232	0.01616	0.01461	0.04500	0.01244	0.05968	0.06988	0.13465	0.08997	0.05005	0.06568	0.08858	0.21067	0.04642	0.00419	0.00750	0.01022	0.00619	0.03899
42	0.01836	0.08133	0.34770	0.06922	0.10560	0.04259	0.02161	0.09347	0.01841	0.05354	0.01586	0.04013	0.01265	0.03708	0.00848	0.00252	0.00986	0.00660	0.00423	0.01076
43	0.01596	0.18306	0.17504	0.01921	0.09491	0.01798	0.05762	0.02264	0.10111	0.02313	0.05110	0.09696	0.08929	0.01061	0.00739	0.00233	0.00793	0.00901	0.00489	0.00983
44	0.01461	0.01378	0.02327	0.67185	0.09334	0.01693	0.02121	0.01963	0.01530	0.01973	0.01353	0.02013	0.01023	0.00753	0.00758	0.00251	0.01004	0.00674	0.00340	0.00866
45	0.01561	0.01452	0.02427	0.34003	0.31203	0.01597	0.02003	0.01999	0.01614	0.02196	0.04332	0.06789	0.01653	0.02978	0.00865	0.00258	0.00893	0.00812	0.00401	0.00962
46	0.01382	0.01215	0.01964	0.18911	0.12381	0.01275	0.07815	0.04822	0.01633	0.02180	0.02702	0.28096	0.04793	0.06073	0.01053	0.00299	0.00767	0.01293	0.00521	0.00822
47	0.01070	0.00801	0.01170	0.01178	0.01309	0.00913	0.00903	0.01321	0.01245	0.01768	0.02369	0.06223	0.04783	0.08105	0.61864	0.01121	0.01844	0.00914	0.00433	0.00664
48	0.01801	0.02017	0.04307	0.03373	0.11783	0.01904	0.58173	0.02417	0.01783	0.02436	0.01521	0.02026	0.01157	0.00644	0.00878	0.00252	0.01233	0.00869	0.00383	0.01045
49	0.01789	0.04555	0.03067	0.21980	0.37769	0.01854	0.11062	0.04510	0.01738	0.02383	0.01420	0.01911	0.01138	0.00700	0.00763	0.00234	0.00977	0.00696	0.00378	0.01075
50	0.01103	0.00735	0.00827	0.00827	0.00827	0.00735	0.00460	0.01103	0.01103	0.01471	0.02390	0.04964	0.02758	0.73343	0.03861	0.00735	0.00735	0.01103	0.00460	0.00460
51	0.00944	0.00676	0.00866	0.01010	0.01062	0.00632	0.00666	0.01064	0.01428	0.01887	0.04191	0.60388	0.08847	0.10930	0.01313	0.00356	0.00472	0.01993	0.00675	0.00599
52	0.04370	0.04537	0.19334	0.05673	0.21396	0.01831	0.15440	0.05168	0.06900	0.02613	0.04287	0.02036	0.01439	0.00756	0.00764	0.00238	0.00976	0.00719	0.00430	0.01094
53	0.01756	0.01839	0.07954	0.28457	0.28258	0.01809	0.07150	0.07036	0.03835	0.02466	0.01483	0.01948	0.01151	0.00735	0.00764	0.00240	0.00974	0.00690	0.00399	0.01057
54	0.02422	0.01077	0.01409	0.01169	0.01598	0.00942	0.00934	0.02688	0.01989	0.42307	0.09408	0.08411	0.16639	0.01486	0.03664	0.00285	0.00610	0.01084	0.00843	0.01036
55	0.01566	0.00965	0.01179	0.01038	0.01337	0.00891	0.00806	0.06713	0.02161	0.14135	0.37723	0.05234	0.20287	0.01485	0.00862	0.00241	0.00450	0.01270	0.00816	0.00839
56	0.01779	0.06209	0.24233	0.17269	0.12922	0.10127	0.12224	0.02367	0.01694	0.02223	0.01357	0.01752	0.01038	0.00713	0.00744	0.00234	0.01106	0.00637	0.00350	0.01022
57	0.01109	0.00986	0.03509	0.01435	0.06946	0.00915	0.01003	0.01339	0.01579	0.02110	0.08448	0.37548	0.15846	0.01939	0.01044	0.00290	0.05874	0.06720	0.00644	0.00716
58	0.01067	0.00775	0.01087	0.01110	0.01203	0.00857	0.00807	0.01259	0.01224	0.01720	0.02398	0.12752	0.02504	0.20266	0.46314	0.00990	0.01531	0.01057	0.00458	0.00621
59	0.26450	0.01747	0.01795	0.06142	0.02148	0.04317	0.01244	0.25074	0.05063	0.09075	0.01703	0.04134	0.01313	0.00916	0.00790	0.00242	0.05541	0.00653	0.00612	0.01041
