[name]
unknown

[dist]
# distance from previous block
# <min> <max>
0	32

[block]
# block no. 0 follows, 32 sequences, length 10
# corresponding to MSA columns:
# 33-42
name=unknown_A
#
# <colnr> <probs for GDERKNQSTAVLIFYWHMCP>
#	G	D	E	R	K	N	Q	S	T	A	V	L	I	F	Y	W	H	M	C	P
0	0.01974	0.01445	0.01648	0.01423	0.01810	0.01567	0.01199	0.43060	0.02523	0.03357	0.02373	0.03950	0.02209	0.01217	0.00772	0.00244	0.00691	0.26954	0.00650	0.00936
1	0.01549	0.30886	0.02226	0.01054	0.01642	0.01586	0.00934	0.01815	0.01380	0.01948	0.01091	0.01268	0.00942	0.00527	0.00471	0.00117	0.00584	0.00382	0.00354	0.49245
2	0.01888	0.02128	0.02265	0.04752	0.29435	0.29811	0.06948	0.02190	0.01667	0.01920	0.01616	0.03998	0.05049	0.00772	0.00671	0.00198	0.00947	0.02500	0.00369	0.00875
3	0.01304	0.01181	0.01624	0.24179	0.13848	0.05323	0.01260	0.01528	0.01236	0.01619	0.01532	0.02731	0.01526	0.30440	0.01864	0.00390	0.06665	0.00736	0.00349	0.00666
4	0.50296	0.01526	0.01390	0.01142	0.01605	0.01731	0.00942	0.28680	0.01932	0.03489	0.01200	0.01295	0.00889	0.00695	0.00516	0.00205	0.00605	0.00458	0.00516	0.00889
5	0.01409	0.02125	0.29538	0.05602	0.02302	0.01308	0.01558	0.02150	0.12109	0.02231	0.01434	0.01595	0.01094	0.00626	0.00591	0.00171	0.00719	0.00503	0.00391	0.32545
6	0.01325	0.01142	0.01188	0.01096	0.01416	0.01236	0.00845	0.02544	0.43737	0.02417	0.04328	0.04056	0.29497	0.01220	0.00726	0.00227	0.00456	0.01017	0.00659	0.00867
7	0.01498	0.01093	0.01264	0.01174	0.01408	0.01148	0.00879	0.28049	0.02019	0.02701	0.02879	0.46782	0.03143	0.01593	0.00784	0.00245	0.00526	0.01396	0.00642	0.00779
8	0.02047	0.01610	0.02013	0.30308	0.03078	0.01849	0.01506	0.43187	0.02443	0.03242	0.01447	0.01681	0.01044	0.00753	0.00671	0.00210	0.00800	0.00601	0.00525	0.00986
9	0.01574	0.01156	0.01206	0.01089	0.01393	0.01292	0.00846	0.08023	0.38332	0.02799	0.02430	0.02432	0.01848	0.00852	0.00598	0.00198	0.00462	0.00694	0.31880	0.00897

[dist]
# distance from previous block
# <min> <max>
0	1

[block]
# block no. 1 follows, 32 sequences, length 7
# corresponding to MSA columns:
# 44-50
name=unknown_B
#
# <colnr> <probs for GDERKNQSTAVLIFYWHMCP>
#	G	D	E	R	K	N	Q	S	T	A	V	L	I	F	Y	W	H	M	C	P
0	0.02146	0.01622	0.01744	0.01436	0.01895	0.01815	0.01154	0.33600	0.36288	0.07528	0.02219	0.02087	0.01615	0.00858	0.00677	0.00215	0.00627	0.00684	0.00686	0.01102
1	0.01826	0.01336	0.01523	0.01336	0.01674	0.01437	0.01084	0.38857	0.02368	0.03157	0.02522	0.19780	0.02502	0.01336	0.00771	0.00242	0.00632	0.16079	0.00648	0.00888
2	0.07587	0.35743	0.02623	0.01320	0.01865	0.02301	0.01180	0.34586	0.02207	0.02947	0.01258	0.01333	0.00986	0.00688	0.00545	0.00176	0.00714	0.00477	0.00480	0.00986
3	0.01143	0.01926	0.33398	0.01266	0.01715	0.01061	0.01344	0.01496	0.01175	0.01674	0.01702	0.03045	0.01720	0.42137	0.02159	0.00452	0.00805	0.00759	0.00351	0.00671
4	0.01196	0.02230	0.40392	0.01518	0.02132	0.01171	0.01745	0.01765	0.01555	0.02226	0.17721	0.03621	0.02771	0.01079	0.00738	0.00234	0.00754	0.15863	0.00462	0.00826
5	0.01727	0.00899	0.01175	0.01040	0.01356	0.00770	0.00787	0.01929	0.01538	0.27895	0.02861	0.35462	0.02797	0.01346	0.00725	0.00217	0.00475	0.01183	0.00659	0.15158
6	0.00821	0.00633	0.00730	0.00801	0.00921	0.00564	0.00552	0.00951	0.01368	0.01721	0.04959	0.38151	0.34806	0.08542	0.01056	0.00285	0.00390	0.01602	0.00604	0.00542

[dist]
# distance from previous block
# <min> <max>
0	1

[block]
# block no. 2 follows, 32 sequences, length 30
# corresponding to MSA columns:
# 52-81
name=unknown_C
#
# <colnr> <probs for GDERKNQSTAVLIFYWHMCP>
#	G	D	E	R	K	N	Q	S	T	A	V	L	I	F	Y	W	H	M	C	P
0	0.01765	0.67768	0.03313	0.01202	0.01726	0.02563	0.01166	0.02060	0.04848	0.01643	0.01020	0.01176	0.00922	0.00633	0.00567	0.00158	0.05905	0.00395	0.00307	0.00862
1	0.01754	0.01181	0.01460	0.04757	0.01771	0.00945	0.00892	0.02050	0.01509	0.18210	0.01524	0.01614	0.01141	0.00582	0.00546	0.00130	0.00534	0.00471	0.00491	0.58438
2	0.01468	0.01468	0.02055	0.01762	0.01762	0.02055	0.01468	0.01615	0.01028	0.01615	0.00881	0.01468	0.00881	0.01174	0.02202	0.00294	0.75191	0.00587	0.00294	0.00734
3	0.01794	0.76823	0.03516	0.01148	0.01722	0.02655	0.01148	0.02009	0.01363	0.01579	0.00933	0.01076	0.00861	0.00574	0.00431	0.00144	0.00718	0.00359	0.00287	0.00861
4	0.01391	0.01193	0.01391	0.00994	0.01590	0.00894	0.00795	0.01690	0.01391	0.02186	0.01193	0.01391	0.00994	0.00497	0.00497	0.00099	0.00497	0.00398	0.00398	0.80521
5	0.02506	0.03198	0.01901	0.01729	0.02074	0.73725	0.01296	0.02679	0.01901	0.01642	0.01037	0.01210	0.00864	0.00691	0.00605	0.00173	0.01210	0.00432	0.00346	0.00778
6	0.00815	0.00592	0.00770	0.00913	0.00968	0.00547	0.00614	0.00937	0.01305	0.01721	0.03954	0.70239	0.10015	0.02069	0.00851	0.00269	0.00385	0.01867	0.00623	0.00547
7	0.02551	0.01879	0.02014	0.01544	0.02081	0.02081	0.01275	0.69996	0.03155	0.04229	0.01611	0.01611	0.01141	0.00805	0.00671	0.00201	0.00738	0.00604	0.00671	0.01141
8	0.01329	0.01244	0.02090	0.50892	0.21357	0.01439	0.01810	0.01737	0.01384	0.01835	0.01417	0.07885	0.01230	0.00771	0.00685	0.00222	0.00828	0.00705	0.00334	0.00809
9	0.00818	0.00584	0.00779	0.00934	0.00973	0.00545	0.00623	0.00934	0.01285	0.01713	0.03698	0.75981	0.04438	0.02102	0.00856	0.00273	0.00389	0.01908	0.00623	0.00545
10	0.03010	0.01142	0.01557	0.01194	0.01713	0.00986	0.00986	0.03270	0.01920	0.72698	0.02647	0.02284	0.01661	0.00830	0.00675	0.00208	0.00571	0.00675	0.00830	0.01142
11	0.01948	0.02041	0.01752	0.01730	0.08077	0.25710	0.01228	0.03137	0.41820	0.02364	0.02036	0.01997	0.01566	0.00810	0.00655	0.00207	0.00781	0.00635	0.00539	0.00967
12	0.01797	0.01642	0.01980	0.02403	0.27804	0.09993	0.01448	0.04633	0.26324	0.05682	0.02025	0.04490	0.01666	0.00847	0.00684	0.00215	0.00717	0.04139	0.00515	0.00996
13	0.01081	0.00772	0.01081	0.01236	0.01390	0.00772	0.01081	0.01390	0.01545	0.02008	0.03553	0.07569	0.03862	0.01854	0.00927	0.00309	0.00618	0.67717	0.00618	0.00618
14	0.00976	0.00651	0.00732	0.00732	0.00732	0.00651	0.00407	0.00976	0.00976	0.01301	0.02114	0.04391	0.02439	0.76419	0.03415	0.00651	0.00651	0.00976	0.00407	0.00407
15	0.01656	0.01923	0.05621	0.12194	0.03448	0.08927	0.49684	0.04200	0.01626	0.02103	0.01306	0.01728	0.00985	0.00602	0.00748	0.00219	0.01091	0.00715	0.00343	0.00881
16	0.01661	0.01594	0.02724	0.04119	0.72233	0.01594	0.02059	0.02059	0.01528	0.02192	0.01262	0.01661	0.01063	0.00598	0.00664	0.00199	0.00797	0.00598	0.00332	0.01063
17	0.01634	0.01374	0.01444	0.01304	0.01665	0.01583	0.01013	0.03400	0.65271	0.02782	0.02686	0.02503	0.02021	0.00900	0.00665	0.00222	0.00513	0.00748	0.07246	0.01026
18	0.26302	0.01842	0.16974	0.01314	0.01883	0.01505	0.01271	0.17832	0.01812	0.17002	0.01548	0.01676	0.01117	0.04276	0.00716	0.00228	0.00689	0.00539	0.00528	0.00948
19	0.01547	0.36423	0.41753	0.01569	0.02373	0.02051	0.01881	0.02073	0.01393	0.01880	0.01082	0.01264	0.00855	0.00609	0.00545	0.00182	0.00869	0.00434	0.00285	0.00933
20	0.00947	0.00708	0.01054	0.01066	0.01180	0.00814	0.00821	0.01176	0.01095	0.01570	0.01954	0.08694	0.01905	0.04790	0.67738	0.01012	0.01681	0.00817	0.00381	0.00595
21	0.00810	0.00611	0.00750	0.00861	0.00954	0.00551	0.00590	0.00943	0.01355	0.01741	0.04588	0.56026	0.23818	0.01987	0.00838	0.00259	0.00375	0.01766	0.00623	0.00551
22	0.01528	0.01415	0.01886	0.01567	0.01905	0.07686	0.16119	0.08607	0.16866	0.02225	0.02247	0.14060	0.03977	0.05014	0.06862	0.04984	0.00826	0.00921	0.00503	0.00800
23	0.33737	0.01926	0.17129	0.01326	0.01764	0.08539	0.01265	0.01977	0.01271	0.04740	0.01159	0.01565	0.00975	0.07416	0.01033	0.00258	0.12269	0.00499	0.00374	0.00778
24	0.01346	0.03471	0.72942	0.01912	0.02904	0.01558	0.02479	0.02125	0.01417	0.02125	0.01204	0.01417	0.00850	0.00637	0.00637	0.00212	0.00992	0.00496	0.00283	0.00992
25	0.00829	0.00592	0.00792	0.00948	0.00992	0.00555	0.00644	0.00955	0.01296	0.01726	0.03692	0.72885	0.04412	0.02091	0.00860	0.00274	0.00400	0.04885	0.00623	0.00548
26	0.01973	0.01817	0.01737	0.01500	0.01908	0.14786	0.03591	0.11519	0.45225	0.05174	0.02233	0.02126	0.01671	0.00843	0.00671	0.00214	0.00703	0.00679	0.00613	0.01017
27	0.02474	0.01359	0.01622	0.01293	0.01751	0.01371	0.01048	0.27426	0.06334	0.34010	0.05500	0.08794	0.01954	0.00965	0.00696	0.00212	0.00602	0.00789	0.00741	0.01060
28	0.01683	0.01542	0.01524	0.01317	0.01740	0.07861	0.01025	0.03079	0.49776	0.02569	0.02247	0.02147	0.01714	0.00801	0.00635	0.00195	0.00584	0.00651	0.00591	0.18318
29	0.01209	0.01182	0.01995	0.01635	0.01879	0.01277	0.20063	0.01481	0.01380	0.01892	0.07520	0.19807	0.13153	0.01315	0.01182	0.00254	0.20487	0.01121	0.00465	0.00705

[dist]
# distance from previous block
# <min> <max>
0	15

[block]
# block no. 3 follows, 32 sequences, length 82
# corresponding to MSA columns:
# 97-135,140-182
name=unknown_D
#
# <colnr> <probs for GDERKNQSTAVLIFYWHMCP>
#	G	D	E	R	K	N	Q	S	T	A	V	L	I	F	Y	W	H	M	C	P
0	0.01775	0.12297	0.36086	0.01501	0.02196	0.01430	0.01681	0.02261	0.01525	0.20429	0.01854	0.10843	0.01508	0.00861	0.00647	0.00209	0.00771	0.00699	0.00469	0.00958
1	0.01794	0.76823	0.03516	0.01148	0.01722	0.02655	0.01148	0.02009	0.01363	0.01579	0.00933	0.01076	0.00861	0.00574	0.00431	0.00144	0.00718	0.00359	0.00287	0.00861
2	0.00959	0.00719	0.01078	0.01078	0.01198	0.00839	0.00839	0.01198	0.01078	0.01558	0.01797	0.02636	0.01677	0.05032	0.73760	0.01078	0.01797	0.00719	0.00359	0.00599
3	0.01528	0.01785	0.11156	0.29374	0.32821	0.05964	0.03900	0.01982	0.01471	0.01975	0.01219	0.01654	0.00962	0.00634	0.00663	0.00209	0.00891	0.00580	0.00315	0.00917
4	0.00818	0.00584	0.00779	0.00934	0.00973	0.00545	0.00623	0.00934	0.01285	0.01713	0.03698	0.75981	0.04438	0.02102	0.00856	0.00273	0.00389	0.01908	0.00623	0.00545
5	0.00815	0.00592	0.00770	0.00912	0.00967	0.00547	0.00613	0.00937	0.01306	0.01722	0.03970	0.69894	0.10350	0.02067	0.00851	0.00268	0.00385	0.01864	0.00623	0.00547
6	0.01401	0.12566	0.64334	0.01818	0.02758	0.01694	0.02314	0.02111	0.01410	0.02057	0.01170	0.01374	0.00851	0.00630	0.00612	0.00204	0.00958	0.00479	0.00284	0.00975
7	0.02094	0.04097	0.09783	0.17224	0.12972	0.16634	0.01580	0.06897	0.01748	0.18270	0.01526	0.01689	0.01099	0.00704	0.00647	0.00201	0.00867	0.00563	0.00458	0.00946
8	0.01033	0.00738	0.01026	0.01180	0.01314	0.00731	0.00997	0.01307	0.01497	0.01954	0.03579	0.20115	0.03967	0.01899	0.00914	0.00302	0.00576	0.55648	0.00619	0.00604
9	0.02506	0.03198	0.01901	0.01729	0.02074	0.73725	0.01296	0.02679	0.01901	0.01642	0.01037	0.01210	0.00864	0.00691	0.00605	0.00173	0.01210	0.00432	0.00346	0.00778
10	0.01522	0.01542	0.02625	0.19776	0.33267	0.04677	0.16234	0.01938	0.01507	0.02016	0.01623	0.03797	0.05015	0.00710	0.00702	0.00213	0.00873	0.00709	0.00350	0.00903
11	0.02292	0.01685	0.18116	0.01354	0.01937	0.01176	0.01315	0.02880	0.10369	0.42008	0.07856	0.02327	0.01894	0.00839	0.00676	0.00212	0.00644	0.00687	0.00677	0.01056
12	0.01810	0.01284	0.01448	0.01292	0.01663	0.01407	0.01024	0.03182	0.48519	0.15064	0.07014	0.03061	0.02400	0.01007	0.00709	0.00230	0.00533	0.06634	0.00707	0.01011
13	0.01279	0.00884	0.00995	0.00907	0.01187	0.00823	0.00718	0.09830	0.01817	0.09395	0.13365	0.05357	0.42137	0.01474	0.00777	0.00227	0.00434	0.07021	0.00664	0.00708
14	0.13510	0.01416	0.05191	0.01587	0.10443	0.01359	0.01169	0.04442	0.20385	0.26871	0.05196	0.02155	0.01709	0.00807	0.00642	0.00212	0.00595	0.00656	0.00634	0.01021
15	0.01771	0.01630	0.02636	0.03799	0.63535	0.01655	0.01962	0.10483	0.01730	0.02445	0.01305	0.01655	0.01073	0.00624	0.00665	0.00200	0.00790	0.00599	0.00374	0.01073
16	0.00973	0.00707	0.01015	0.01004	0.01134	0.00783	0.00775	0.01233	0.01270	0.01850	0.16644	0.03131	0.02664	0.04023	0.54265	0.00844	0.01402	0.00818	0.04858	0.00608
17	0.02270	0.01868	0.10717	0.01715	0.07780	0.01736	0.01409	0.35183	0.12858	0.14706	0.01870	0.01835	0.01320	0.00788	0.00669	0.00208	0.00716	0.00625	0.00623	0.01104
18	0.01685	0.43797	0.22548	0.01414	0.02070	0.05348	0.01515	0.02264	0.10039	0.01886	0.01236	0.01354	0.01005	0.00639	0.00527	0.00174	0.00792	0.00450	0.00338	0.00919
19	0.01005	0.00718	0.00994	0.01149	0.01270	0.00707	0.00949	0.01259	0.01470	0.01923	0.03595	0.27282	0.04028	0.01925	0.00907	0.00298	0.00552	0.48753	0.00619	0.00597
20	0.01562	0.01497	0.02496	0.19176	0.47383	0.01607	0.03816	0.02043	0.05307	0.02086	0.01308	0.01728	0.01068	0.00665	0.00764	0.00213	0.05360	0.00611	0.00342	0.00969
21	0.01587	0.01681	0.03040	0.02532	0.11434	0.03610	0.39239	0.02282	0.12790	0.02185	0.01754	0.02060	0.04269	0.00733	0.00880	0.00228	0.07616	0.00762	0.00403	0.00916
22	0.00995	0.00819	0.00899	0.00895	0.01126	0.00786	0.00698	0.01486	0.13225	0.02080	0.11097	0.07591	0.43207	0.01571	0.00795	0.00238	0.00411	0.10777	0.00642	0.00662
23	0.02540	0.01418	0.01675	0.01319	0.01803	0.01446	0.01077	0.27708	0.10607	0.34390	0.07021	0.02250	0.01836	0.00868	0.00682	0.00208	0.00610	0.00696	0.00748	0.01097
24	0.10604	0.11325	0.18223	0.01637	0.05973	0.03777	0.06201	0.17318	0.03713	0.04098	0.03468	0.01890	0.05483	0.00759	0.00617	0.00200	0.00759	0.00601	0.02420	0.00932
25	0.02254	0.02847	0.10740	0.01851	0.06436	0.47373	0.01477	0.11716	0.01974	0.02105	0.01261	0.01597	0.01044	0.00746	0.00636	0.00189	0.01067	0.03429	0.00394	0.00864
26	0.00852	0.00662	0.00776	0.00790	0.00954	0.00585	0.00576	0.01062	0.01606	0.02096	0.28683	0.20533	0.35080	0.01670	0.00806	0.00231	0.00342	0.01449	0.00663	0.00585
27	0.09261	0.01660	0.03647	0.01339	0.01746	0.10950	0.01100	0.21415	0.06351	0.15875	0.13461	0.02247	0.02066	0.00896	0.00745	0.00208	0.04797	0.00681	0.00615	0.00940
28	0.03684	0.01777	0.11032	0.08561	0.17391	0.07894	0.13966	0.02029	0.03526	0.05086	0.10700	0.02335	0.05350	0.00803	0.00739	0.00212	0.02886	0.00728	0.00425	0.00877
29	0.02154	0.01813	0.01859	0.01682	0.08044	0.10683	0.01239	0.38535	0.11537	0.03354	0.10368	0.02104	0.01862	0.00857	0.00679	0.00202	0.00723	0.00678	0.00611	0.01016
30	0.01387	0.01333	0.01218	0.01249	0.01446	0.16274	0.00960	0.01864	0.13049	0.01962	0.03012	0.27689	0.04789	0.01529	0.00792	0.00253	0.00647	0.19274	0.00573	0.00700
31	0.04796	0.19922	0.10461	0.01468	0.01987	0.07522	0.09949	0.05792	0.07179	0.08786	0.04092	0.05380	0.08188	0.00853	0.00634	0.00198	0.00745	0.00704	0.00466	0.00879
32	0.01606	0.21858	0.38443	0.01571	0.02309	0.01809	0.01795	0.09347	0.03312	0.04158	0.01438	0.06855	0.01199	0.00758	0.00606	0.00198	0.00827	0.00587	0.00376	0.00947
33	0.00816	0.00590	0.00773	0.00919	0.00969	0.00546	0.00616	0.00936	0.01300	0.01719	0.03888	0.71732	0.08565	0.02078	0.00853	0.00270	0.00386	0.01877	0.00623	0.00546
34	0.02339	0.07283	0.02140	0.01826	0.05844	0.49629	0.05097	0.11904	0.01992	0.02078	0.01171	0.01349	0.00945	0.00691	0.00613	0.00179	0.01064	0.00486	0.02518	0.00852
35	0.08020	0.07421	0.24382	0.05198	0.02595	0.03620	0.19585	0.03960	0.05757	0.02218	0.03585	0.05868	0.03304	0.00768	0.00670	0.00214	0.00867	0.00698	0.00388	0.00883
36	0.01629	0.01549	0.02633	0.03959	0.68310	0.01549	0.02005	0.02022	0.01529	0.02182	0.01389	0.01988	0.01218	0.00667	0.00679	0.00205	0.00787	0.04315	0.00348	0.01038
37	0.00964	0.00699	0.00978	0.00978	0.01063	0.00784	0.00714	0.01134	0.01049	0.01483	0.01889	0.03144	0.01898	0.25715	0.53379	0.00954	0.01465	0.00793	0.00373	0.00543
38	0.01637	0.06071	0.17604	0.06545	0.27925	0.04958	0.14654	0.03516	0.01546	0.03724	0.01323	0.01746	0.01061	0.00660	0.00709	0.00209	0.02561	0.02244	0.00344	0.00963
39	0.01929	0.14222	0.05967	0.02252	0.16995	0.03500	0.14803	0.17169	0.05744	0.06524	0.01521	0.01812	0.01192	0.00704	0.00659	0.00201	0.00822	0.02533	0.00455	0.00998
40	0.00818	0.00584	0.00779	0.00934	0.00973	0.00545	0.00623	0.00934	0.01285	0.01713	0.03698	0.75981	0.04438	0.02102	0.00856	0.00273	0.00389	0.01908	0.00623	0.00545
41	0.01574	0.01449	0.02663	0.17319	0.05956	0.01470	0.31135	0.02217	0.10193	0.07919	0.07683	0.02312	0.03419	0.00750	0.00738	0.00222	0.00859	0.00781	0.00454	0.00886
42	0.01391	0.01193	0.01391	0.00994	0.01590	0.00894	0.00795	0.01690	0.01391	0.02186	0.01193	0.01391	0.00994	0.00497	0.00497	0.00099	0.00497	0.00398	0.00398	0.80521
43	0.00877	0.00648	0.00855	0.00920	0.01021	0.00633	0.00662	0.01060	0.01368	0.01843	0.14373	0.36202	0.12916	0.04686	0.16364	0.00440	0.00684	0.03296	0.00579	0.00571
44	0.00894	0.00639	0.00866	0.01022	0.01094	0.00611	0.00756	0.01066	0.01360	0.01798	0.03656	0.56160	0.04271	0.02030	0.00877	0.00283	0.00456	0.20974	0.00621	0.00566
45	0.01669	0.28879	0.15683	0.02215	0.13141	0.05162	0.20153	0.02105	0.01481	0.01926	0.01150	0.01430	0.00933	0.00592	0.00608	0.00188	0.00912	0.00540	0.00310	0.00923
46	0.01754	0.02288	0.11812	0.05465	0.06226	0.18449	0.36565	0.02224	0.01600	0.01989	0.01232	0.01599	0.00952	0.00636	0.00780	0.00214	0.04360	0.00645	0.00330	0.00879
47	0.00796	0.00668	0.00692	0.00711	0.00915	0.00564	0.00524	0.00959	0.01499	0.01800	0.06413	0.15078	0.63589	0.01749	0.00801	0.00232	0.00346	0.01477	0.00623	0.00564
48	0.01927	0.48204	0.11696	0.01397	0.01962	0.21365	0.01352	0.02201	0.01513	0.01663	0.00994	0.01154	0.00861	0.00613	0.00502	0.00160	0.00882	0.00395	0.00302	0.00855
49	0.01450	0.09034	0.34110	0.02162	0.02930	0.01649	0.29908	0.02052	0.01473	0.02062	0.01396	0.06106	0.01139	0.00692	0.00696	0.00216	0.00988	0.00692	0.00327	0.00917
50	0.00794	0.00676	0.00684	0.00689	0.00909	0.00566	0.00514	0.00962	0.01520	0.01809	0.06679	0.09120	0.69375	0.01715	0.00795	0.00228	0.00342	0.01435	0.00623	0.00566
51	0.01678	0.24960	0.40598	0.01625	0.02417	0.01970	0.01885	0.13339	0.01689	0.02312	0.01191	0.01348	0.00902	0.00647	0.00582	0.00190	0.00868	0.00473	0.00349	0.00978
52	0.01953	0.49593	0.07834	0.01208	0.01779	0.02138	0.01186	0.06662	0.01588	0.13550	0.01633	0.01659	0.05292	0.00704	0.00523	0.00168	0.00691	0.00501	0.00422	0.00917
53	0.02177	0.01768	0.01798	0.01479	0.01939	0.05875	0.01187	0.38288	0.31670	0.03487	0.02051	0.01965	0.01508	0.00843	0.00672	0.00211	0.00677	0.00660	0.00658	0.01088
54	0.00950	0.00686	0.00897	0.00844	0.01002	0.00633	0.00633	0.01266	0.01899	0.02691	0.71879	0.05012	0.06331	0.01372	0.00791	0.00211	0.00317	0.01213	0.00739	0.00633
55	0.01815	0.20793	0.02009	0.01324	0.01699	0.18470	0.01089	0.05352	0.17796	0.03867	0.06580	0.07397	0.02015	0.00954	0.00638	0.00200	0.00729	0.05921	0.00502	0.00852
56	0.01661	0.01594	0.02724	0.04119	0.72233	0.01594	0.02059	0.02059	0.01528	0.02192	0.01262	0.01661	0.01063	0.00598	0.00664	0.00199	0.00797	0.00598	0.00332	0.01063
57	0.00818	0.00584	0.00779	0.00934	0.00973	0.00545	0.00623	0.00934	0.01285	0.01713	0.03698	0.75981	0.04438	0.02102	0.00856	0.00273	0.00389	0.01908	0.00623	0.00545
58	0.01346	0.03471	0.72942	0.01912	0.02904	0.01558	0.02479	0.02125	0.01417	0.02125	0.01204	0.01417	0.00850	0.00637	0.00637	0.00212	0.00992	0.00496	0.00283	0.00992
59	0.02126	0.01546	0.02985	0.02283	0.06636	0.01423	0.40085	0.02567	0.01708	0.28768	0.01839	0.01980	0.01263	0.00667	0.00741	0.00218	0.00901	0.00737	0.00524	0.01003
60	0.03010	0.01142	0.01557	0.01194	0.01713	0.00986	0.00986	0.03270	0.01920	0.72698	0.02647	0.02284	0.01661	0.00830	0.00675	0.00208	0.00571	0.00675	0.00830	0.01142
61	0.03010	0.01142	0.01557	0.01194	0.01713	0.00986	0.00986	0.03270	0.01920	0.72698	0.02647	0.02284	0.01661	0.00830	0.00675	0.00208	0.00571	0.00675	0.00830	0.01142
62	0.00959	0.00716	0.01065	0.01065	0.01180	0.00832	0.00822	0.01190	0.01074	0.01548	0.01809	0.02703	0.01707	0.07767	0.71065	0.01062	0.01753	0.00729	0.00361	0.00592
63	0.01605	0.01563	0.02744	0.12770	0.57833	0.01590	0.07965	0.02024	0.01510	0.02129	0.01262	0.01690	0.01038	0.00604	0.00676	0.00205	0.00838	0.00615	0.00329	0.01010
64	0.00818	0.00584	0.00779	0.00934	0.00973	0.00545	0.00623	0.00934	0.01285	0.01713	0.03698	0.75981	0.04438	0.02102	0.00856	0.00273	0.00389	0.01908	0.00623	0.00545
65	0.01911	0.56010	0.07712	0.01196	0.01763	0.02210	0.01185	0.02166	0.01452	0.13030	0.01363	0.04992	0.01165	0.00695	0.00505	0.00165	0.00696	0.00495	0.00391	0.00899
66	0.02832	0.01483	0.01728	0.01336	0.01854	0.04553	0.01098	0.25961	0.02340	0.46267	0.02224	0.02008	0.01449	0.00816	0.00670	0.00204	0.00656	0.00640	0.00755	0.01126
67	0.00959	0.00719	0.01078	0.01078	0.01198	0.00839	0.00839	0.01198	0.01078	0.01558	0.01797	0.02636	0.01677	0.05032	0.73760	0.01078	0.01797	0.00719	0.00359	0.00599
68	0.02510	0.01859	0.01991	0.01536	0.02065	0.02062	0.01266	0.66944	0.06273	0.04163	0.01662	0.01652	0.01183	0.00810	0.00672	0.00203	0.00729	0.00611	0.00672	0.01137
69	0.01429	0.01377	0.02041	0.02926	0.46157	0.04829	0.01538	0.01740	0.01531	0.02038	0.02808	0.07594	0.19226	0.00977	0.00706	0.00210	0.00676	0.00880	0.00425	0.00890
70	0.01556	0.01184	0.01937	0.62606	0.04139	0.01407	0.01718	0.01972	0.01438	0.13479	0.01434	0.01871	0.01021	0.00697	0.00671	0.00221	0.00841	0.00609	0.00386	0.00811
71	0.00817	0.00588	0.00775	0.00925	0.00971	0.00546	0.00619	0.00935	0.01294	0.01717	0.03817	0.73318	0.07024	0.02087	0.00854	0.00271	0.00387	0.01889	0.00623	0.00546
72	0.01346	0.03471	0.72942	0.01912	0.02904	0.01558	0.02479	0.02125	0.01417	0.02125	0.01204	0.01417	0.00850	0.00637	0.00637	0.00212	0.00992	0.00496	0.00283	0.00992
73	0.02335	0.02032	0.10425	0.01415	0.01896	0.23504	0.01233	0.02713	0.05495	0.30305	0.02353	0.02358	0.07364	0.00870	0.00666	0.00203	0.00800	0.02509	0.00582	0.00943
74	0.01543	0.01463	0.02477	0.17302	0.55078	0.01516	0.01935	0.01945	0.01515	0.02132	0.05565	0.01890	0.01353	0.00659	0.00673	0.00205	0.00786	0.00635	0.00351	0.00976
75	0.00974	0.00710	0.00844	0.00818	0.00882	0.00720	0.00539	0.01076	0.01259	0.01701	0.18083	0.06296	0.11872	0.44207	0.02375	0.00470	0.05088	0.01081	0.00505	0.00500
76	0.01723	0.01740	0.02521	0.03636	0.59193	0.10492	0.01890	0.02084	0.01547	0.02085	0.01267	0.01664	0.01076	0.00880	0.05124	0.00250	0.00909	0.00585	0.00335	0.00999
77	0.02008	0.26726	0.11666	0.01362	0.01899	0.09000	0.01290	0.13907	0.05644	0.09997	0.01482	0.01561	0.01131	0.00711	0.00600	0.00182	0.02449	0.00510	0.06936	0.00938
78	0.00995	0.00838	0.00933	0.00973	0.01078	0.05139	0.00697	0.01156	0.01435	0.01862	0.15052	0.37738	0.14869	0.06509	0.01066	0.00275	0.04946	0.03265	0.00591	0.00582
79	0.01204	0.02239	0.38442	0.01766	0.08316	0.01220	0.04734	0.01726	0.01455	0.02059	0.06642	0.14658	0.10623	0.01050	0.00712	0.00224	0.00759	0.00910	0.00416	0.00845
80	0.01906	0.01705	0.02648	0.07099	0.37938	0.06212	0.13037	0.10443	0.01782	0.08543	0.01423	0.01712	0.01095	0.00648	0.00684	0.00204	0.00857	0.00627	0.00417	0.01017
81	0.01428	0.11446	0.09728	0.31075	0.16335	0.01638	0.10210	0.01867	0.01428	0.01888	0.01536	0.01922	0.05276	0.00691	0.00657	0.00208	0.00858	0.00630	0.00327	0.00854

[dist]
# distance from previous block
# <min> <max>
0	30

# created by:
# /home/cegg/simao/soft/augustus-3.2.1/scripts/msa2prfl.pl ./align_prep/EOG090W0J57.fa
