[name]
unknown

[dist]
# distance from previous block
# <min> <max>
0	45

[block]
# block no. 0 follows, 37 sequences, length 59
# corresponding to MSA columns:
# 45-103
name=unknown_A
#
# <colnr> <probs for GDERKNQSTAVLIFYWHMCP>
#	G	D	E	R	K	N	Q	S	T	A	V	L	I	F	Y	W	H	M	C	P
0	0.01469	0.35003	0.22119	0.01348	0.01920	0.01835	0.04280	0.04195	0.08335	0.01826	0.01243	0.01565	0.01049	0.00654	0.00575	0.00171	0.03699	0.04037	0.00329	0.04346
1	0.09876	0.01562	0.01633	0.01294	0.01746	0.04540	0.01062	0.46905	0.06933	0.13676	0.01640	0.01702	0.01185	0.00751	0.00596	0.00188	0.00635	0.02502	0.00599	0.00975
2	0.05646	0.01097	0.04227	0.01072	0.01534	0.00914	0.00914	0.02767	0.01689	0.63928	0.05227	0.02119	0.01629	0.00762	0.00603	0.00188	0.00516	0.00617	0.03564	0.00986
3	0.78104	0.01285	0.00948	0.00850	0.01225	0.05737	0.00693	0.01837	0.01082	0.02673	0.00858	0.01001	0.00670	0.00572	0.00389	0.00188	0.00510	0.00335	0.00375	0.00666
4	0.02068	0.18760	0.07905	0.01475	0.01886	0.52627	0.01240	0.04257	0.01629	0.01588	0.00953	0.01104	0.00794	0.00607	0.00523	0.00156	0.00982	0.00389	0.00308	0.00750
5	0.01063	0.00532	0.00797	0.00797	0.00797	0.00532	0.00532	0.00797	0.00797	0.01063	0.01063	0.01861	0.01063	0.02127	0.02392	0.82190	0.00532	0.00532	0.00266	0.00266
6	0.01141	0.00571	0.00571	0.00571	0.00713	0.00571	0.00428	0.01426	0.01284	0.02282	0.01997	0.02282	0.01569	0.00713	0.00428	0.00143	0.00285	0.00571	0.81886	0.00571
7	0.00788	0.00594	0.00849	0.00928	0.01001	0.00550	0.03676	0.00916	0.01186	0.01590	0.03228	0.72975	0.03840	0.01823	0.00771	0.00243	0.00387	0.01664	0.00552	0.02440
8	0.00724	0.00616	0.00624	0.00630	0.00829	0.00516	0.00470	0.00877	0.01386	0.01650	0.06080	0.08994	0.71396	0.01566	0.00726	0.00209	0.00312	0.01311	0.00568	0.00516
9	0.01228	0.03166	0.75316	0.01745	0.02649	0.01422	0.02262	0.01939	0.01292	0.01939	0.01099	0.01292	0.00775	0.00582	0.00582	0.00194	0.00905	0.00452	0.00258	0.00905
10	0.02327	0.01715	0.01837	0.01408	0.01898	0.01898	0.01163	0.72628	0.02878	0.03858	0.01470	0.01470	0.01041	0.00735	0.00612	0.00184	0.00674	0.00551	0.00612	0.01041
11	0.01637	0.78856	0.03208	0.01047	0.01571	0.02422	0.01047	0.01833	0.01244	0.01440	0.00851	0.00982	0.00786	0.00524	0.00393	0.00131	0.00655	0.00327	0.00262	0.00786
12	0.01269	0.01088	0.01269	0.00907	0.01451	0.00816	0.00725	0.01541	0.01269	0.01995	0.01088	0.01269	0.00907	0.00453	0.00453	0.00091	0.00453	0.00363	0.00363	0.82229
13	0.82811	0.01184	0.00900	0.00805	0.01184	0.01373	0.00663	0.01799	0.01042	0.02746	0.00852	0.00994	0.00663	0.00568	0.00379	0.00189	0.00474	0.00331	0.00379	0.00663
14	0.00866	0.00626	0.00818	0.00770	0.00914	0.00578	0.00578	0.01155	0.01733	0.02455	0.74346	0.04572	0.05776	0.01251	0.00722	0.00193	0.00289	0.01107	0.00674	0.00578
15	0.00890	0.00593	0.00668	0.00668	0.00668	0.00593	0.00371	0.00890	0.00890	0.01187	0.01929	0.04006	0.02225	0.78487	0.03116	0.00593	0.00593	0.00890	0.00371	0.00371
16	0.01523	0.01315	0.01384	0.01246	0.01592	0.01523	0.00969	0.03253	0.73563	0.02561	0.02491	0.02284	0.01869	0.00830	0.00623	0.00208	0.00484	0.00692	0.00623	0.00969
17	0.01263	0.02918	0.63548	0.01882	0.02740	0.01442	0.13780	0.01942	0.01317	0.01942	0.01121	0.01351	0.00801	0.00571	0.00605	0.00196	0.00926	0.00497	0.00267	0.00892
18	0.00760	0.00543	0.00726	0.00868	0.00910	0.00509	0.00593	0.00877	0.01186	0.01578	0.03366	0.73927	0.04018	0.01904	0.00785	0.00251	0.00367	0.05763	0.00568	0.00501
19	0.00723	0.00620	0.00620	0.00620	0.00827	0.00517	0.00465	0.00878	0.01395	0.01654	0.06201	0.05891	0.74421	0.01550	0.00723	0.00207	0.00310	0.01292	0.00568	0.00517
20	0.01441	0.01372	0.02136	0.28530	0.36160	0.03585	0.01697	0.05878	0.01382	0.01887	0.01104	0.01522	0.00898	0.00639	0.00760	0.00198	0.09130	0.00540	0.00307	0.00834
21	0.07970	0.09802	0.48454	0.01874	0.13111	0.01494	0.01902	0.01954	0.01302	0.05125	0.01120	0.01306	0.00828	0.00577	0.00552	0.00186	0.00803	0.00452	0.00297	0.00889
22	0.00890	0.00595	0.00678	0.00678	0.00681	0.00599	0.00383	0.00897	0.00893	0.01194	0.01920	0.03955	0.02203	0.76142	0.05431	0.00606	0.00627	0.00883	0.00370	0.00376
23	0.82811	0.01184	0.00900	0.00805	0.01184	0.01373	0.00663	0.01799	0.01042	0.02746	0.00852	0.00994	0.00663	0.00568	0.00379	0.00189	0.00474	0.00331	0.00379	0.00663
24	0.01178	0.00680	0.00824	0.00759	0.00945	0.00649	0.00579	0.01522	0.04691	0.09890	0.40319	0.03473	0.03801	0.01007	0.00611	0.00177	0.00320	0.00864	0.27071	0.00640
25	0.01515	0.07586	0.12480	0.02587	0.36322	0.03849	0.07017	0.04830	0.11266	0.02093	0.03639	0.01641	0.01198	0.00618	0.00600	0.00185	0.00732	0.00563	0.00362	0.00918
26	0.82811	0.01184	0.00900	0.00805	0.01184	0.01373	0.00663	0.01799	0.01042	0.02746	0.00852	0.00994	0.00663	0.00568	0.00379	0.00189	0.00474	0.00331	0.00379	0.00663
27	0.01482	0.00754	0.01001	0.00874	0.01119	0.00678	0.00678	0.01741	0.01689	0.26170	0.44075	0.08557	0.04149	0.01119	0.00683	0.00194	0.00369	0.00973	0.02971	0.00724
28	0.01410	0.01893	0.15043	0.02447	0.03112	0.01528	0.61257	0.01957	0.01420	0.01957	0.01216	0.01594	0.00904	0.00526	0.00700	0.00204	0.01012	0.00679	0.00301	0.00838
29	0.00866	0.00626	0.00818	0.00770	0.00914	0.00578	0.00578	0.01155	0.01733	0.02455	0.74346	0.04572	0.05776	0.01251	0.00722	0.00193	0.00289	0.01107	0.00674	0.00578
30	0.01228	0.03166	0.75316	0.01745	0.02649	0.01422	0.02262	0.01939	0.01292	0.01939	0.01099	0.01292	0.00775	0.00582	0.00582	0.00194	0.00905	0.00452	0.00258	0.00905
31	0.01228	0.03166	0.75316	0.01745	0.02649	0.01422	0.02262	0.01939	0.01292	0.01939	0.01099	0.01292	0.00775	0.00582	0.00582	0.00194	0.00905	0.00452	0.00258	0.00905
32	0.00750	0.00556	0.00703	0.00817	0.00890	0.00509	0.00564	0.00873	0.01224	0.01590	0.03919	0.61396	0.17724	0.01838	0.00772	0.00242	0.00354	0.04206	0.00568	0.00503
33	0.01053	0.00538	0.00807	0.00807	0.00813	0.00544	0.00544	0.00813	0.00807	0.01082	0.01093	0.01889	0.01088	0.02256	0.06249	0.77939	0.00590	0.00538	0.00269	0.00281
34	0.05302	0.01613	0.01709	0.01352	0.01808	0.01802	0.01105	0.55801	0.17137	0.03551	0.01653	0.01616	0.01194	0.00748	0.00605	0.00189	0.00627	0.00571	0.00605	0.01012
35	0.00751	0.00549	0.00695	0.00808	0.00866	0.00506	0.00542	0.00858	0.01188	0.01554	0.03700	0.63416	0.14122	0.06237	0.00906	0.00262	0.00362	0.01627	0.00557	0.00493
36	0.01539	0.52823	0.21896	0.01400	0.06132	0.03860	0.01415	0.01878	0.01277	0.01604	0.00935	0.01097	0.00794	0.00543	0.00458	0.00151	0.00735	0.00374	0.00265	0.00825
37	0.12778	0.26518	0.07942	0.03240	0.01686	0.01578	0.01050	0.05728	0.03974	0.21356	0.01400	0.01412	0.01023	0.00614	0.00495	0.00163	0.00598	0.00447	0.00447	0.07549
38	0.05008	0.19399	0.45090	0.01506	0.02235	0.04134	0.01760	0.10475	0.01477	0.02082	0.01074	0.01227	0.00805	0.00589	0.00534	0.00178	0.00810	0.00430	0.00309	0.00878
39	0.01463	0.01481	0.07308	0.03712	0.02407	0.01333	0.36283	0.10219	0.01579	0.06368	0.02076	0.04574	0.10093	0.02604	0.00783	0.00217	0.02517	0.03772	0.00418	0.00794
40	0.00890	0.00593	0.00668	0.00668	0.00668	0.00593	0.00371	0.00890	0.00890	0.01187	0.01929	0.04006	0.02225	0.78487	0.03116	0.00593	0.00593	0.00890	0.00371	0.00371
41	0.01421	0.14472	0.35886	0.06563	0.21324	0.03033	0.03596	0.01917	0.01329	0.03398	0.01101	0.01343	0.00850	0.00568	0.00563	0.00181	0.00813	0.00471	0.00284	0.00887
42	0.02021	0.06764	0.11202	0.01615	0.04826	0.44428	0.01329	0.07000	0.04469	0.04611	0.01112	0.01260	0.00882	0.00661	0.00644	0.00173	0.05422	0.00443	0.00351	0.00792
43	0.00758	0.00545	0.00721	0.00853	0.00901	0.00508	0.00581	0.00878	0.01204	0.01601	0.05445	0.70997	0.06302	0.01879	0.00780	0.00247	0.00360	0.04366	0.00571	0.00503
44	0.06787	0.03685	0.18958	0.11895	0.43037	0.01454	0.01844	0.01848	0.01323	0.01969	0.01104	0.01431	0.00882	0.00563	0.00581	0.00186	0.00760	0.00504	0.00293	0.00895
45	0.01310	0.01153	0.01288	0.00939	0.01469	0.03180	0.00748	0.01629	0.03818	0.01999	0.01133	0.01300	0.00937	0.00472	0.00462	0.00097	0.00475	0.00375	0.00370	0.76845
46	0.00785	0.00623	0.00706	0.00685	0.00865	0.00543	0.00514	0.00999	0.01542	0.02001	0.35785	0.05319	0.44620	0.01421	0.00723	0.00201	0.00301	0.01212	0.00614	0.00543
47	0.01320	0.01314	0.01838	0.01583	0.01584	0.01831	0.01315	0.01454	0.00945	0.01476	0.00885	0.03767	0.00906	0.01098	0.01970	0.00267	0.74931	0.00574	0.00277	0.00664
48	0.82811	0.01184	0.00900	0.00805	0.01184	0.01373	0.00663	0.01799	0.01042	0.02746	0.00852	0.00994	0.00663	0.00568	0.00379	0.00189	0.00474	0.00331	0.00379	0.00663
49	0.00746	0.00533	0.00710	0.00852	0.00888	0.00497	0.00568	0.00852	0.01172	0.01563	0.03374	0.78088	0.04049	0.01918	0.00781	0.00249	0.00355	0.01740	0.00568	0.00497
50	0.00728	0.00620	0.00627	0.00625	0.00830	0.00519	0.00469	0.00888	0.01406	0.01680	0.08428	0.05848	0.72177	0.01541	0.00723	0.00206	0.00309	0.01286	0.00572	0.00519
51	0.00890	0.00593	0.00668	0.00668	0.00668	0.00593	0.00371	0.00890	0.00890	0.01187	0.01929	0.04006	0.02225	0.78487	0.03116	0.00593	0.00593	0.00890	0.00371	0.00371
52	0.00746	0.00533	0.00710	0.00852	0.00888	0.00497	0.00568	0.00852	0.01172	0.01563	0.03374	0.78088	0.04049	0.01918	0.00781	0.00249	0.00355	0.01740	0.00568	0.00497
53	0.00890	0.00593	0.00668	0.00668	0.00668	0.00593	0.00371	0.00890	0.00890	0.01187	0.01929	0.04006	0.02225	0.78487	0.03116	0.00593	0.00593	0.00890	0.00371	0.00371
54	0.01515	0.01454	0.02485	0.03757	0.74669	0.01454	0.01879	0.01879	0.01394	0.02000	0.01151	0.01515	0.00970	0.00545	0.00606	0.00182	0.00727	0.00545	0.00303	0.00970
55	0.01051	0.00580	0.00864	0.00853	0.00867	0.00615	0.00593	0.00861	0.00826	0.01124	0.01124	0.01906	0.01110	0.02387	0.11458	0.68833	0.03807	0.00547	0.00274	0.00317
56	0.00960	0.00701	0.00898	0.00927	0.03817	0.00664	0.00657	0.01286	0.05788	0.04462	0.42052	0.14386	0.13717	0.03126	0.00777	0.00215	0.00355	0.03986	0.00620	0.00606
57	0.01614	0.06110	0.02817	0.02577	0.24791	0.06413	0.32328	0.02006	0.01447	0.07059	0.01243	0.01541	0.00964	0.00546	0.00632	0.00183	0.00849	0.00593	0.00340	0.05950
58	0.01561	0.61790	0.07386	0.01118	0.01604	0.05036	0.01108	0.01790	0.01263	0.01515	0.03904	0.01227	0.01022	0.00756	0.03737	0.00180	0.03561	0.00391	0.00284	0.00767

[dist]
# distance from previous block
# <min> <max>
3	4

[block]
# block no. 1 follows, 37 sequences, length 7
# corresponding to MSA columns:
# 108-114
name=unknown_B
#
# <colnr> <probs for GDERKNQSTAVLIFYWHMCP>
#	G	D	E	R	K	N	Q	S	T	A	V	L	I	F	Y	W	H	M	C	P
0	0.55990	0.01178	0.01132	0.03821	0.05001	0.01286	0.00807	0.01783	0.01126	0.05188	0.00971	0.01144	0.00762	0.00576	0.00484	0.00176	0.03520	0.00374	0.00378	0.14301
1	0.01718	0.01507	0.01976	0.05273	0.07849	0.05531	0.13011	0.19979	0.14106	0.04462	0.01482	0.01607	0.01119	0.00632	0.00597	0.00172	0.00687	0.00558	0.00460	0.17272
2	0.00810	0.00617	0.00744	0.00726	0.00883	0.00551	0.00539	0.01041	0.01579	0.02122	0.46443	0.10412	0.28505	0.01400	0.00727	0.00201	0.00301	0.01215	0.00631	0.00551
3	0.00857	0.00620	0.00775	0.00739	0.00865	0.00575	0.00533	0.01086	0.01561	0.02170	0.56012	0.04599	0.11481	0.14165	0.01121	0.00261	0.00342	0.01088	0.00614	0.00538
4	0.01459	0.01383	0.02570	0.05387	0.14324	0.01359	0.35072	0.04446	0.08464	0.05948	0.01696	0.11924	0.01475	0.00763	0.00687	0.00206	0.00789	0.00807	0.00407	0.00832
5	0.01568	0.66228	0.15238	0.01164	0.01751	0.02255	0.01250	0.01851	0.01252	0.01523	0.00892	0.01034	0.00784	0.00533	0.00424	0.00141	0.00696	0.00348	0.00261	0.00805
6	0.02049	0.12553	0.01980	0.07707	0.05349	0.39357	0.01226	0.15880	0.04726	0.02018	0.01118	0.01268	0.00891	0.00639	0.00553	0.00166	0.00895	0.00447	0.00374	0.00804

[dist]
# distance from previous block
# <min> <max>
0	2

[block]
# block no. 2 follows, 37 sequences, length 64
# corresponding to MSA columns:
# 117-180
name=unknown_C
#
# <colnr> <probs for GDERKNQSTAVLIFYWHMCP>
#	G	D	E	R	K	N	Q	S	T	A	V	L	I	F	Y	W	H	M	C	P
0	0.01529	0.31535	0.34547	0.01498	0.02184	0.04113	0.06094	0.08424	0.01443	0.01915	0.01043	0.01208	0.00814	0.00571	0.00521	0.00169	0.00803	0.00429	0.00297	0.00861
1	0.01561	0.08672	0.02436	0.07928	0.55942	0.07506	0.01722	0.01890	0.01386	0.01868	0.01095	0.01436	0.00925	0.00567	0.00615	0.00179	0.02555	0.00513	0.00297	0.00906
2	0.00723	0.00620	0.00620	0.00620	0.00827	0.00517	0.00465	0.00878	0.01395	0.01654	0.06201	0.05891	0.74421	0.01550	0.00723	0.00207	0.00310	0.01292	0.00568	0.00517
3	0.00889	0.00600	0.00699	0.00699	0.00709	0.00610	0.00410	0.00910	0.00899	0.01210	0.01900	0.03848	0.02157	0.71223	0.10287	0.00632	0.00696	0.00867	0.00367	0.00388
4	0.00890	0.00593	0.00668	0.00668	0.00668	0.00593	0.00371	0.00890	0.00890	0.01187	0.01929	0.04006	0.02225	0.78487	0.03116	0.00593	0.00593	0.00890	0.00371	0.00371
5	0.02746	0.01042	0.01421	0.01089	0.01563	0.00900	0.00900	0.02983	0.01752	0.75093	0.02415	0.02083	0.01515	0.00758	0.00616	0.00189	0.00521	0.00616	0.00758	0.01042
6	0.01439	0.01375	0.02356	0.15005	0.59395	0.01415	0.03483	0.01810	0.01369	0.01925	0.01219	0.01731	0.01037	0.00596	0.00618	0.00189	0.00742	0.03080	0.00308	0.00907
7	0.01445	0.01651	0.03612	0.02580	0.03199	0.01548	0.72446	0.01961	0.01445	0.01961	0.01238	0.01651	0.00929	0.00516	0.00722	0.00206	0.01032	0.00722	0.00310	0.00826
8	0.00863	0.00626	0.00813	0.00766	0.00912	0.00576	0.00575	0.01148	0.01724	0.02435	0.72650	0.04605	0.07484	0.01259	0.00722	0.00193	0.00289	0.01112	0.00671	0.00576
9	0.00723	0.00620	0.00620	0.00620	0.00827	0.00517	0.00465	0.00878	0.01395	0.01654	0.06201	0.05891	0.74421	0.01550	0.00723	0.00207	0.00310	0.01292	0.00568	0.00517
10	0.02044	0.02674	0.09361	0.01576	0.01994	0.55408	0.04747	0.04523	0.01669	0.01687	0.01006	0.01177	0.00813	0.00607	0.00556	0.00158	0.01006	0.00418	0.00323	0.08252
11	0.02287	0.02917	0.01735	0.01577	0.01892	0.76030	0.01183	0.02444	0.01735	0.01498	0.00946	0.01104	0.00788	0.00631	0.00552	0.00158	0.01104	0.00394	0.00315	0.00710
12	0.02746	0.01042	0.01421	0.01089	0.01563	0.00900	0.00900	0.02983	0.01752	0.75093	0.02415	0.02083	0.01515	0.00758	0.00616	0.00189	0.00521	0.00616	0.00758	0.01042
13	0.01141	0.00571	0.00571	0.00571	0.00713	0.00571	0.00428	0.01426	0.01284	0.02282	0.01997	0.02282	0.01569	0.00713	0.00428	0.00143	0.00285	0.00571	0.81886	0.00571
14	0.02746	0.01042	0.01421	0.01089	0.01563	0.00900	0.00900	0.02983	0.01752	0.75093	0.02415	0.02083	0.01515	0.00758	0.00616	0.00189	0.00521	0.00616	0.00758	0.01042
15	0.01523	0.01315	0.01384	0.01246	0.01592	0.01523	0.00969	0.03253	0.73563	0.02561	0.02491	0.02284	0.01869	0.00830	0.00623	0.00208	0.00484	0.00692	0.00623	0.00969
16	0.01445	0.01651	0.03612	0.02580	0.03199	0.01548	0.72446	0.01961	0.01445	0.01961	0.01238	0.01651	0.00929	0.00516	0.00722	0.00206	0.01032	0.00722	0.00310	0.00826
17	0.02746	0.01042	0.01421	0.01089	0.01563	0.00900	0.00900	0.02983	0.01752	0.75093	0.02415	0.02083	0.01515	0.00758	0.00616	0.00189	0.00521	0.00616	0.00758	0.01042
18	0.00742	0.00613	0.00651	0.00659	0.00842	0.00522	0.00487	0.00908	0.01413	0.01737	0.13720	0.12388	0.60105	0.01550	0.00729	0.00209	0.00312	0.01312	0.00580	0.00522
19	0.00754	0.00548	0.00712	0.00826	0.00885	0.00506	0.00560	0.00880	0.01237	0.01645	0.09563	0.65947	0.10015	0.01831	0.00772	0.00240	0.00346	0.01650	0.00577	0.00506
20	0.02218	0.01609	0.01720	0.01331	0.01789	0.01776	0.01096	0.66072	0.02731	0.03713	0.01518	0.01544	0.01090	0.00733	0.00595	0.00180	0.00638	0.00553	0.08095	0.00998
21	0.00773	0.00604	0.00701	0.00715	0.00867	0.00532	0.00521	0.00960	0.01455	0.01886	0.26939	0.20297	0.38501	0.01532	0.00735	0.00211	0.00313	0.01326	0.00601	0.00532
22	0.00746	0.00533	0.00710	0.00852	0.00888	0.00497	0.00568	0.00852	0.01172	0.01563	0.03374	0.78088	0.04049	0.01918	0.00781	0.00249	0.00355	0.01740	0.00568	0.00497
23	0.00763	0.00545	0.00730	0.00872	0.00915	0.00512	0.00598	0.00882	0.01189	0.01582	0.03364	0.73044	0.04011	0.01902	0.00786	0.00251	0.00370	0.06616	0.00568	0.00502
24	0.02287	0.02917	0.01735	0.01577	0.01892	0.76030	0.01183	0.02444	0.01735	0.01498	0.00946	0.01104	0.00788	0.00631	0.00552	0.00158	0.01104	0.00394	0.00315	0.00710
25	0.01263	0.00713	0.00777	0.00743	0.00929	0.00717	0.00561	0.05109	0.06781	0.07360	0.02446	0.13580	0.05500	0.00945	0.00531	0.00172	0.00348	0.00790	0.50092	0.00643
26	0.01598	0.03699	0.06475	0.10585	0.39873	0.14970	0.08209	0.01994	0.03317	0.01858	0.01140	0.01460	0.00925	0.00574	0.00601	0.00182	0.00834	0.00527	0.00307	0.00871
27	0.01348	0.01323	0.01840	0.01578	0.01595	0.01833	0.01312	0.03364	0.00991	0.01535	0.00854	0.01384	0.00838	0.01198	0.04823	0.00293	0.72397	0.00541	0.00279	0.00675
28	0.03568	0.03486	0.14396	0.01354	0.06370	0.01231	0.01176	0.12646	0.05992	0.11774	0.01398	0.01473	0.01037	0.00591	0.00537	0.00152	0.00598	0.00469	0.00443	0.31310
29	0.01621	0.75941	0.05985	0.01074	0.01613	0.02384	0.01094	0.01837	0.01246	0.01459	0.00861	0.00994	0.00785	0.00526	0.00400	0.00133	0.00664	0.00332	0.00262	0.00790
30	0.00771	0.00597	0.00705	0.00753	0.00889	0.00532	0.00550	0.00939	0.01378	0.01767	0.16401	0.29734	0.35313	0.01631	0.00750	0.00223	0.00337	0.05622	0.00586	0.00523
31	0.01668	0.12967	0.06159	0.01998	0.19358	0.03466	0.08446	0.18573	0.09464	0.02388	0.04317	0.01742	0.03351	0.00689	0.00631	0.00183	0.02696	0.00583	0.00424	0.00899
32	0.00745	0.00535	0.00708	0.00845	0.00886	0.00498	0.00565	0.00853	0.01179	0.01565	0.03461	0.75867	0.06213	0.01906	0.00780	0.00247	0.00354	0.01726	0.00568	0.00498
33	0.82811	0.01184	0.00900	0.00805	0.01184	0.01373	0.00663	0.01799	0.01042	0.02746	0.00852	0.00994	0.00663	0.00568	0.00379	0.00189	0.00474	0.00331	0.00379	0.00663
34	0.01556	0.03397	0.07917	0.01461	0.03811	0.01342	0.11422	0.15470	0.05890	0.04087	0.01322	0.02951	0.01050	0.00630	0.00657	0.00161	0.05586	0.00526	0.00413	0.30353
35	0.01627	0.01849	0.10849	0.01371	0.01782	0.15381	0.01173	0.02935	0.51002	0.02284	0.02027	0.01938	0.01529	0.00762	0.00604	0.00197	0.00653	0.00606	0.00519	0.00912
36	0.00746	0.00533	0.00710	0.00852	0.00888	0.00497	0.00568	0.00852	0.01172	0.01563	0.03374	0.78088	0.04049	0.01918	0.00781	0.00249	0.00355	0.01740	0.00568	0.00497
37	0.01604	0.01784	0.16859	0.01430	0.01929	0.01571	0.04058	0.15489	0.42994	0.02643	0.01969	0.01907	0.01456	0.00749	0.00616	0.00200	0.00627	0.00618	0.00533	0.00963
38	0.01509	0.26526	0.32716	0.01719	0.06459	0.09709	0.09578	0.01959	0.01347	0.01742	0.01024	0.01228	0.00808	0.00559	0.00537	0.00171	0.00852	0.00443	0.00274	0.00842
39	0.00838	0.00571	0.00683	0.00735	0.00747	0.00559	0.00442	0.00876	0.00992	0.01323	0.02453	0.30872	0.02887	0.50719	0.02269	0.00468	0.00507	0.01198	0.00442	0.00417
40	0.01459	0.01397	0.02383	0.15268	0.63599	0.01440	0.01851	0.01829	0.01367	0.01931	0.01141	0.01533	0.00945	0.00556	0.00607	0.00185	0.00741	0.00545	0.00298	0.00924
41	0.01575	0.18728	0.38278	0.01526	0.02177	0.18635	0.01671	0.02125	0.06534	0.01779	0.01112	0.01255	0.00858	0.00598	0.00538	0.00174	0.00868	0.00430	0.00298	0.00840
42	0.00877	0.00588	0.00672	0.00685	0.00688	0.00585	0.00389	0.00887	0.00916	0.01221	0.02062	0.10827	0.02393	0.71438	0.02901	0.00562	0.00572	0.00968	0.00389	0.00383
43	0.01419	0.00839	0.00875	0.00781	0.01008	0.00883	0.00609	0.14047	0.07004	0.04479	0.01953	0.02135	0.01498	0.00727	0.00480	0.00156	0.00374	0.00577	0.59460	0.00695
44	0.01375	0.01419	0.02887	0.02157	0.02628	0.01386	0.50925	0.01808	0.01409	0.03545	0.03442	0.02496	0.01454	0.00762	0.00834	0.00220	0.07074	0.10921	0.02492	0.00766
45	0.07130	0.08544	0.01640	0.01184	0.01587	0.01648	0.00972	0.40123	0.12579	0.03068	0.01601	0.01730	0.01231	0.04707	0.00687	0.00199	0.00586	0.00556	0.09329	0.00897
46	0.00877	0.00588	0.00672	0.00685	0.00688	0.00585	0.00389	0.00887	0.00916	0.01221	0.02062	0.10827	0.02393	0.71438	0.02901	0.00562	0.00572	0.00968	0.00389	0.00383
47	0.01660	0.76111	0.03154	0.01067	0.01583	0.05083	0.01052	0.01855	0.01262	0.01442	0.00854	0.00986	0.00786	0.00528	0.00399	0.00132	0.00671	0.00330	0.00264	0.00783
48	0.02188	0.01096	0.01389	0.01041	0.01541	0.00925	0.00851	0.06334	0.01640	0.44643	0.01882	0.01754	0.01268	0.00646	0.00557	0.00153	0.00505	0.00520	0.00606	0.30461
49	0.01607	0.01975	0.08428	0.08828	0.03649	0.31335	0.04753	0.01980	0.06393	0.01628	0.01262	0.01637	0.01064	0.03298	0.16379	0.00358	0.03859	0.00525	0.00329	0.00711
50	0.01292	0.01192	0.01111	0.01160	0.01348	0.17170	0.00958	0.01589	0.03768	0.01817	0.02708	0.05028	0.05255	0.01337	0.00731	0.00237	0.00644	0.44047	0.07999	0.00607
51	0.01361	0.01297	0.02207	0.35154	0.44475	0.01414	0.01802	0.01744	0.01321	0.01813	0.01124	0.01565	0.00904	0.00574	0.00609	0.00191	0.00765	0.00545	0.00290	0.00845
52	0.82811	0.01184	0.00900	0.00805	0.01184	0.01373	0.00663	0.01799	0.01042	0.02746	0.00852	0.00994	0.00663	0.00568	0.00379	0.00189	0.00474	0.00331	0.00379	0.00663
53	0.00800	0.00607	0.00818	0.00922	0.00954	0.00624	0.00639	0.00909	0.01150	0.01554	0.03137	0.71022	0.03750	0.01840	0.00894	0.00250	0.07446	0.01629	0.00541	0.00513
54	0.02128	0.01212	0.01490	0.08168	0.01852	0.01265	0.01025	0.10277	0.26925	0.35470	0.02220	0.02047	0.01524	0.00767	0.00617	0.00197	0.00551	0.00629	0.00651	0.00983
55	0.00750	0.00546	0.00708	0.00836	0.00891	0.00505	0.00568	0.00866	0.01201	0.01579	0.03661	0.68806	0.11279	0.01874	0.00777	0.00245	0.00356	0.03482	0.00568	0.00501
56	0.02323	0.01639	0.01833	0.01503	0.05712	0.01783	0.01177	0.62478	0.02696	0.10318	0.01540	0.01529	0.01081	0.00727	0.00612	0.00184	0.00662	0.00557	0.00609	0.01037
57	0.02205	0.02791	0.01681	0.01539	0.01839	0.72039	0.01150	0.02360	0.01705	0.01502	0.01074	0.05171	0.00961	0.00699	0.00564	0.00163	0.01064	0.00465	0.00329	0.00698
58	0.06587	0.01582	0.08394	0.01288	0.01798	0.01481	0.01139	0.38751	0.02244	0.26236	0.01714	0.01640	0.01158	0.00719	0.00594	0.00186	0.00628	0.00551	0.02309	0.00999
59	0.01689	0.17751	0.11751	0.01523	0.02072	0.03930	0.14545	0.14627	0.08254	0.05808	0.01319	0.01450	0.01005	0.00616	0.00600	0.00172	0.02583	0.00515	0.00402	0.09389
60	0.03297	0.01069	0.01708	0.01581	0.10043	0.01056	0.17075	0.01715	0.12164	0.02189	0.28066	0.03189	0.08124	0.05025	0.00812	0.00219	0.00559	0.00875	0.00510	0.00724
61	0.00808	0.00678	0.00684	0.00662	0.00883	0.00590	0.00502	0.04669	0.01474	0.01770	0.05951	0.05657	0.70544	0.01507	0.00718	0.00205	0.00329	0.01253	0.00571	0.00544
62	0.01141	0.01065	0.01791	0.72999	0.04051	0.01329	0.01651	0.01539	0.01211	0.01556	0.01117	0.01673	0.00854	0.00822	0.04598	0.00245	0.00860	0.00550	0.00275	0.00673
63	0.01560	0.03496	0.15370	0.08412	0.08885	0.04454	0.05313	0.10948	0.30306	0.02363	0.01698	0.01765	0.01274	0.00696	0.00609	0.00196	0.00694	0.00586	0.00457	0.00918

[dist]
# distance from previous block
# <min> <max>
0	26

[block]
# block no. 3 follows, 37 sequences, length 16
# corresponding to MSA columns:
# 207-222
name=unknown_D
#
# <colnr> <probs for GDERKNQSTAVLIFYWHMCP>
#	G	D	E	R	K	N	Q	S	T	A	V	L	I	F	Y	W	H	M	C	P
0	0.01515	0.00902	0.01122	0.00948	0.01222	0.00875	0.00747	0.13978	0.01936	0.17925	0.46584	0.03511	0.04059	0.01058	0.00681	0.00190	0.00404	0.00907	0.00681	0.00756
1	0.01511	0.01405	0.01868	0.01572	0.01658	0.01879	0.01309	0.13858	0.01275	0.01888	0.00919	0.01362	0.00845	0.01013	0.01766	0.00253	0.64019	0.00538	0.00328	0.00734
2	0.16302	0.02616	0.01589	0.01443	0.01769	0.63036	0.01092	0.02332	0.01614	0.01715	0.00930	0.01085	0.00767	0.00620	0.00522	0.00163	0.00994	0.00383	0.00326	0.00702
3	0.02143	0.01606	0.01738	0.01321	0.01820	0.01710	0.01087	0.60255	0.02598	0.03534	0.01403	0.01435	0.01018	0.00686	0.00585	0.00168	0.00635	0.00518	0.00569	0.15172
4	0.00904	0.00623	0.00778	0.00802	0.00845	0.00643	0.00546	0.00991	0.00996	0.01339	0.02105	0.04228	0.02328	0.52364	0.15420	0.00608	0.00770	0.12878	0.00397	0.00435
5	0.04043	0.01045	0.01286	0.01022	0.01414	0.00998	0.00832	0.14397	0.01845	0.43106	0.07664	0.02180	0.01752	0.00780	0.00585	0.00181	0.00487	0.00628	0.14838	0.00916
6	0.01131	0.01104	0.01931	0.50866	0.03450	0.01246	0.13702	0.01513	0.01292	0.01648	0.02004	0.02377	0.13646	0.00759	0.00650	0.00205	0.00765	0.00705	0.00330	0.00677
7	0.01376	0.01516	0.03185	0.02302	0.02870	0.01404	0.60682	0.01839	0.01409	0.01933	0.01389	0.07481	0.01166	0.00618	0.00703	0.00200	0.00930	0.00769	0.00334	0.07894
8	0.01644	0.01539	0.08035	0.01364	0.01824	0.02861	0.06132	0.11239	0.40445	0.06554	0.01972	0.01911	0.01463	0.00726	0.00605	0.00189	0.00593	0.00611	0.00541	0.09752
9	0.00762	0.00549	0.00712	0.00831	0.00882	0.00512	0.00561	0.00876	0.01193	0.01579	0.05369	0.64948	0.08992	0.06138	0.00908	0.00264	0.00369	0.03500	0.00560	0.00495
10	0.00880	0.00597	0.00676	0.00676	0.00691	0.00595	0.00390	0.00897	0.00922	0.01221	0.02157	0.04056	0.06227	0.71642	0.05505	0.00585	0.00614	0.00904	0.00380	0.00385
11	0.01196	0.02945	0.68824	0.01660	0.02498	0.01348	0.02115	0.01870	0.01331	0.01984	0.07481	0.01578	0.01211	0.00640	0.00594	0.00194	0.00851	0.00509	0.00295	0.00876
12	0.00970	0.00688	0.00824	0.00807	0.00896	0.00698	0.00551	0.06455	0.01238	0.01666	0.10952	0.12835	0.07569	0.38080	0.10455	0.00482	0.00634	0.03238	0.00464	0.00498
13	0.01563	0.65247	0.16172	0.01173	0.01765	0.02242	0.01266	0.01852	0.01253	0.01530	0.00896	0.01038	0.00784	0.00534	0.00427	0.00142	0.00700	0.00350	0.00261	0.00807
14	0.01759	0.01667	0.07983	0.01365	0.04415	0.09157	0.01130	0.27805	0.06273	0.02644	0.01459	0.03172	0.01170	0.00716	0.00621	0.00170	0.03420	0.02416	0.06220	0.16439
15	0.01606	0.07482	0.06370	0.07346	0.44191	0.01577	0.01637	0.13630	0.04266	0.02236	0.01243	0.01550	0.01011	0.02468	0.00651	0.00191	0.00716	0.00538	0.00360	0.00932

[dist]
# distance from previous block
# <min> <max>
3	4

[block]
# block no. 4 follows, 37 sequences, length 34
# corresponding to MSA columns:
# 227-260
name=unknown_E
#
# <colnr> <probs for GDERKNQSTAVLIFYWHMCP>
#	G	D	E	R	K	N	Q	S	T	A	V	L	I	F	Y	W	H	M	C	P
0	0.01616	0.49947	0.17223	0.01334	0.04562	0.08940	0.01319	0.03694	0.01347	0.01648	0.00965	0.01121	0.00817	0.00556	0.00459	0.00149	0.00739	0.00378	0.02374	0.00810
1	0.01460	0.46095	0.34418	0.01349	0.02038	0.01989	0.01573	0.01879	0.01265	0.01656	0.00958	0.01116	0.00781	0.00549	0.00474	0.00158	0.00763	0.00381	0.00260	0.00837
2	0.01576	0.62899	0.10048	0.01122	0.01649	0.05575	0.01142	0.01827	0.01303	0.01557	0.05639	0.01250	0.01108	0.00581	0.00440	0.00142	0.00676	0.00393	0.00291	0.00780
3	0.01115	0.00725	0.01021	0.00889	0.01098	0.00669	0.05241	0.01409	0.01651	0.09401	0.51848	0.03903	0.06567	0.01099	0.00676	0.00187	0.00360	0.00975	0.10528	0.00636
4	0.00881	0.00631	0.00859	0.00859	0.00926	0.00698	0.00610	0.01013	0.00947	0.01329	0.01753	0.03034	0.01804	0.33656	0.47370	0.00830	0.01228	0.00748	0.00345	0.00477
5	0.01339	0.01339	0.01875	0.01607	0.01607	0.01875	0.01339	0.01473	0.00937	0.01473	0.00804	0.01339	0.00804	0.01071	0.02009	0.00268	0.77367	0.00536	0.00268	0.00670
6	0.00890	0.00593	0.00668	0.00668	0.00668	0.00593	0.00371	0.00890	0.00890	0.01187	0.01929	0.04006	0.02225	0.78487	0.03116	0.00593	0.00593	0.00890	0.00371	0.00371
7	0.00821	0.00624	0.00756	0.00723	0.00887	0.00558	0.00542	0.01068	0.01626	0.02201	0.52788	0.04990	0.27491	0.01346	0.00722	0.00197	0.00296	0.01166	0.00640	0.00558
8	0.45748	0.01428	0.01331	0.01083	0.01513	0.01615	0.00893	0.34416	0.01887	0.03258	0.01137	0.01213	0.00837	0.00645	0.00486	0.00187	0.00566	0.00433	0.00486	0.00837
9	0.00876	0.00648	0.00945	0.00945	0.01041	0.00744	0.00717	0.01068	0.00972	0.01393	0.01675	0.02599	0.01615	0.13575	0.67193	0.00936	0.01512	0.00684	0.00333	0.00525
10	0.00863	0.00641	0.00820	0.00864	0.01009	0.00598	0.00687	0.01103	0.01498	0.01989	0.29299	0.12976	0.19547	0.01526	0.00769	0.00231	0.00390	0.24033	0.00605	0.00552
11	0.01368	0.01103	0.01292	0.00929	0.01468	0.00850	0.00746	0.03565	0.01336	0.05488	0.01161	0.01313	0.00939	0.00475	0.00465	0.00098	0.00463	0.00380	0.00388	0.76172
12	0.00729	0.00620	0.00628	0.00626	0.00830	0.00519	0.00469	0.00889	0.01408	0.01684	0.08776	0.05841	0.71827	0.01539	0.00723	0.00206	0.00309	0.01285	0.00572	0.00519
13	0.05095	0.57545	0.07583	0.01425	0.10518	0.03953	0.01210	0.01886	0.01281	0.03369	0.00943	0.01097	0.00820	0.00540	0.00439	0.00146	0.00680	0.00371	0.00285	0.00815
14	0.82811	0.01184	0.00900	0.00805	0.01184	0.01373	0.00663	0.01799	0.01042	0.02746	0.00852	0.00994	0.00663	0.00568	0.00379	0.00189	0.00474	0.00331	0.00379	0.00663
15	0.01200	0.01133	0.01915	0.68110	0.12781	0.01371	0.01722	0.01602	0.01245	0.01617	0.01096	0.01618	0.00835	0.00604	0.00611	0.00201	0.00805	0.00544	0.00276	0.00715
16	0.00745	0.00537	0.00706	0.00841	0.00885	0.00498	0.00563	0.00854	0.01182	0.01567	0.03507	0.74688	0.07362	0.01900	0.00779	0.00247	0.00353	0.01719	0.00568	0.00498
17	0.00876	0.00648	0.00945	0.00945	0.01041	0.00744	0.00717	0.01068	0.00972	0.01393	0.01675	0.02599	0.01615	0.13575	0.67193	0.00936	0.01512	0.00684	0.00333	0.00525
18	0.01228	0.03166	0.75316	0.01745	0.02649	0.01422	0.02262	0.01939	0.01292	0.01939	0.01099	0.01292	0.00775	0.00582	0.00582	0.00194	0.00905	0.00452	0.00258	0.00905
19	0.00761	0.00544	0.00728	0.00870	0.00912	0.00511	0.00595	0.00879	0.01187	0.01580	0.03365	0.73478	0.04015	0.01903	0.00785	0.00251	0.00369	0.06196	0.00568	0.00501
20	0.01637	0.78856	0.03208	0.01047	0.01571	0.02422	0.01047	0.01833	0.01244	0.01440	0.00851	0.00982	0.00786	0.00524	0.00393	0.00131	0.00655	0.00327	0.00262	0.00786
21	0.82811	0.01184	0.00900	0.00805	0.01184	0.01373	0.00663	0.01799	0.01042	0.02746	0.00852	0.00994	0.00663	0.00568	0.00379	0.00189	0.00474	0.00331	0.00379	0.00663
22	0.00774	0.00556	0.00741	0.00879	0.00932	0.00523	0.00616	0.00904	0.01207	0.01598	0.03437	0.67412	0.05955	0.01880	0.00787	0.00251	0.00379	0.10093	0.00568	0.00506
23	0.01396	0.01343	0.02255	0.20243	0.45817	0.01468	0.03686	0.01744	0.01301	0.01830	0.01148	0.01657	0.00976	0.00652	0.00787	0.00201	0.10069	0.02274	0.00298	0.00853
24	0.01410	0.26867	0.44012	0.01525	0.02259	0.01761	0.04628	0.03914	0.04863	0.01865	0.01104	0.01262	0.00846	0.00577	0.00531	0.00175	0.00804	0.00438	0.00289	0.00871
25	0.82811	0.01184	0.00900	0.00805	0.01184	0.01373	0.00663	0.01799	0.01042	0.02746	0.00852	0.00994	0.00663	0.00568	0.00379	0.00189	0.00474	0.00331	0.00379	0.00663
26	0.01269	0.01088	0.01269	0.00907	0.01451	0.00816	0.00725	0.01541	0.01269	0.01995	0.01088	0.01269	0.00907	0.00453	0.00453	0.00091	0.00453	0.00363	0.00363	0.82229
27	0.00798	0.00661	0.00763	0.05644	0.01109	0.00600	0.00620	0.00998	0.01419	0.01750	0.12300	0.05608	0.54121	0.01477	0.00731	0.00214	0.00372	0.09715	0.00559	0.00539
28	0.01587	0.69654	0.11974	0.01132	0.01702	0.02300	0.01195	0.01846	0.01250	0.01501	0.00881	0.01020	0.00784	0.00531	0.00416	0.00139	0.00685	0.00343	0.00261	0.00800
29	0.00848	0.00669	0.00913	0.00981	0.01015	0.00733	0.00703	0.00967	0.01123	0.01539	0.02853	0.60997	0.03370	0.01956	0.05851	0.00299	0.12670	0.01479	0.00505	0.00528
30	0.73077	0.01167	0.00963	0.00840	0.01230	0.01316	0.00692	0.01943	0.01128	0.11542	0.01042	0.01127	0.00767	0.00591	0.00408	0.00189	0.00479	0.00366	0.00425	0.00709
31	0.01926	0.10800	0.11381	0.01156	0.01691	0.01155	0.02541	0.04155	0.01512	0.32159	0.01733	0.05308	0.01282	0.00685	0.00556	0.00163	0.00579	0.00554	0.00516	0.20148
32	0.00842	0.00607	0.00661	0.00656	0.00827	0.00541	0.00489	0.01053	0.01441	0.01963	0.21103	0.08261	0.40350	0.01328	0.00666	0.00192	0.00302	0.01124	0.17053	0.00541
33	0.10889	0.10703	0.03278	0.01184	0.04887	0.03172	0.02289	0.06567	0.04607	0.14287	0.03506	0.01508	0.01157	0.00596	0.00508	0.00148	0.00552	0.00463	0.00447	0.29251

[dist]
# distance from previous block
# <min> <max>
1	2

[block]
# block no. 5 follows, 37 sequences, length 45
# corresponding to MSA columns:
# 263-278,299-327
name=unknown_F
#
# <colnr> <probs for GDERKNQSTAVLIFYWHMCP>
#	G	D	E	R	K	N	Q	S	T	A	V	L	I	F	Y	W	H	M	C	P
0	0.03159	0.17207	0.08983	0.02017	0.14068	0.01680	0.21089	0.07280	0.11132	0.03753	0.01443	0.01621	0.02590	0.00615	0.00594	0.00184	0.00758	0.00576	0.00376	0.00878
1	0.01692	0.37438	0.07853	0.01566	0.02070	0.17734	0.16784	0.01982	0.01382	0.01602	0.00971	0.01190	0.00818	0.00572	0.00580	0.00163	0.04093	0.00445	0.00284	0.00781
2	0.01063	0.00532	0.00797	0.00797	0.00797	0.00532	0.00532	0.00797	0.00797	0.01063	0.01063	0.01861	0.01063	0.02127	0.02392	0.82190	0.00532	0.00532	0.00266	0.00266
3	0.00862	0.00662	0.00798	0.00825	0.00960	0.00636	0.00594	0.01208	0.09228	0.01956	0.25143	0.33748	0.18024	0.01528	0.00735	0.00219	0.00340	0.01349	0.00606	0.00576
4	0.01644	0.51455	0.03196	0.01495	0.02037	0.03845	0.20256	0.06375	0.01413	0.01735	0.00997	0.01196	0.00840	0.00537	0.00499	0.00155	0.00768	0.00449	0.00298	0.00811
5	0.01322	0.00775	0.01032	0.00987	0.04199	0.00718	0.00717	0.03573	0.01664	0.17974	0.41119	0.09163	0.09030	0.01291	0.03439	0.00225	0.00424	0.01004	0.00647	0.00696
6	0.01476	0.00761	0.01014	0.00874	0.01125	0.00682	0.00682	0.01748	0.01739	0.26008	0.51022	0.03765	0.04394	0.01091	0.00687	0.00192	0.00364	0.00948	0.00701	0.00728
7	0.01231	0.01165	0.01972	0.61658	0.18986	0.01380	0.01737	0.01630	0.01260	0.01655	0.01101	0.01607	0.00848	0.00598	0.00611	0.00199	0.00797	0.00544	0.00278	0.00741
8	0.01269	0.01088	0.01269	0.00907	0.01451	0.00816	0.00725	0.01541	0.01269	0.01995	0.01088	0.01269	0.00907	0.00453	0.00453	0.00091	0.00453	0.00363	0.00363	0.82229
9	0.00771	0.00641	0.00675	0.00663	0.00864	0.00556	0.00499	0.00994	0.03562	0.01814	0.17448	0.05566	0.60860	0.01479	0.00720	0.00204	0.00312	0.01244	0.00588	0.00540
10	0.00723	0.00620	0.00620	0.00620	0.00827	0.00517	0.00465	0.00878	0.01395	0.01654	0.06201	0.05891	0.74421	0.01550	0.00723	0.00207	0.00310	0.01292	0.00568	0.00517
11	0.01241	0.02325	0.42506	0.01874	0.02571	0.01335	0.22723	0.01821	0.01355	0.01934	0.03344	0.05000	0.01331	0.00734	0.00659	0.00208	0.00873	0.07016	0.00324	0.00826
12	0.01594	0.04156	0.05096	0.05163	0.57953	0.04632	0.04093	0.03790	0.01448	0.04531	0.01184	0.01498	0.00964	0.00563	0.00600	0.00181	0.00751	0.00537	0.00324	0.00942
13	0.01180	0.01113	0.01880	0.72094	0.08950	0.01366	0.01712	0.01585	0.01235	0.01593	0.01092	0.01624	0.00826	0.00608	0.00612	0.00203	0.00810	0.00544	0.00274	0.00699
14	0.00791	0.00642	0.00714	0.00750	0.00940	0.00565	0.00599	0.00979	0.01399	0.01699	0.05440	0.06152	0.56201	0.01586	0.00755	0.00226	0.00375	0.19090	0.00567	0.00529
15	0.01828	0.02241	0.04965	0.02223	0.13882	0.36586	0.23425	0.02147	0.01561	0.01738	0.01135	0.03258	0.00941	0.00612	0.00620	0.00180	0.00996	0.00556	0.00316	0.00788
16	0.01443	0.01312	0.02209	0.15236	0.54651	0.01353	0.01713	0.01801	0.01382	0.04331	0.04969	0.01740	0.01229	0.00735	0.03136	0.00213	0.00743	0.00580	0.00333	0.00891
17	0.00874	0.00656	0.00984	0.00984	0.01093	0.00765	0.00765	0.01093	0.00984	0.01421	0.01640	0.02405	0.01530	0.04591	0.76062	0.00984	0.01640	0.00656	0.00328	0.00547
18	0.02135	0.02064	0.01725	0.01516	0.04664	0.29378	0.01150	0.32153	0.12006	0.02683	0.01418	0.01471	0.01073	0.00701	0.00586	0.00176	0.00798	0.00512	0.02900	0.00891
19	0.01276	0.04909	0.63800	0.01823	0.07374	0.03631	0.02114	0.01920	0.01326	0.01935	0.03633	0.01408	0.00963	0.00602	0.00582	0.00190	0.00871	0.00476	0.00278	0.00889
20	0.73887	0.03922	0.03571	0.00878	0.01277	0.04567	0.00753	0.01833	0.01086	0.02622	0.00865	0.01009	0.00676	0.00570	0.00394	0.00186	0.00521	0.00338	0.00368	0.00677
21	0.01228	0.03166	0.75316	0.01745	0.02649	0.01422	0.02262	0.01939	0.01292	0.01939	0.01099	0.01292	0.00775	0.00582	0.00582	0.00194	0.00905	0.00452	0.00258	0.00905
22	0.00723	0.00620	0.00620	0.00620	0.00827	0.00517	0.00465	0.00878	0.01395	0.01654	0.06201	0.05891	0.74421	0.01550	0.00723	0.00207	0.00310	0.01292	0.00568	0.00517
23	0.01376	0.01400	0.01869	0.01606	0.01618	0.04746	0.01333	0.01511	0.00968	0.01474	0.00809	0.01330	0.00803	0.01054	0.01952	0.00264	0.74414	0.00530	0.00270	0.00671
24	0.00890	0.00593	0.00668	0.00668	0.00668	0.00593	0.00371	0.00890	0.00890	0.01187	0.01929	0.04006	0.02225	0.78487	0.03116	0.00593	0.00593	0.00890	0.00371	0.00371
25	0.02287	0.02917	0.01735	0.01577	0.01892	0.76030	0.01183	0.02444	0.01735	0.01498	0.00946	0.01104	0.00788	0.00631	0.00552	0.00158	0.01104	0.00394	0.00315	0.00710
26	0.00746	0.00533	0.00710	0.00852	0.00888	0.00497	0.00568	0.00852	0.01172	0.01563	0.03374	0.78088	0.04049	0.01918	0.00781	0.00249	0.00355	0.01740	0.00568	0.00497
27	0.00986	0.00705	0.00986	0.01127	0.01268	0.00705	0.00986	0.01268	0.01409	0.01832	0.03241	0.06905	0.03523	0.01691	0.00845	0.00282	0.00564	0.70549	0.00564	0.00564
28	0.02746	0.01042	0.01421	0.01089	0.01563	0.00900	0.00900	0.02983	0.01752	0.75093	0.02415	0.02083	0.01515	0.00758	0.00616	0.00189	0.00521	0.00616	0.00758	0.01042
29	0.00762	0.00593	0.00693	0.00729	0.00866	0.00524	0.00524	0.00931	0.01397	0.01801	0.20355	0.29136	0.36292	0.01604	0.00742	0.00217	0.00320	0.01397	0.00592	0.00524
30	0.00835	0.00624	0.00774	0.00737	0.00895	0.00564	0.00553	0.01094	0.01658	0.02276	0.59173	0.04866	0.21060	0.01318	0.00722	0.00196	0.00294	0.01148	0.00650	0.00564
31	0.02236	0.01637	0.01762	0.01375	0.01845	0.01811	0.01128	0.60859	0.12185	0.06339	0.01640	0.01600	0.01168	0.00748	0.00614	0.00187	0.00643	0.00572	0.00619	0.01031
32	0.01637	0.78856	0.03208	0.01047	0.01571	0.02422	0.01047	0.01833	0.01244	0.01440	0.00851	0.00982	0.00786	0.00524	0.00393	0.00131	0.00655	0.00327	0.00262	0.00786
33	0.01172	0.01110	0.01899	0.67381	0.07855	0.01341	0.04434	0.01571	0.01240	0.01603	0.01181	0.04411	0.00946	0.00652	0.00622	0.00205	0.00803	0.00595	0.00286	0.00695
34	0.01454	0.01465	0.02512	0.07401	0.47276	0.04313	0.16204	0.01829	0.01403	0.01922	0.01419	0.03578	0.03363	0.00639	0.00642	0.00192	0.00784	0.02402	0.00324	0.00878
35	0.01065	0.00851	0.01202	0.08187	0.09206	0.00891	0.01036	0.01503	0.10099	0.01871	0.04792	0.21306	0.02992	0.01407	0.00754	0.00245	0.00539	0.30880	0.00521	0.00651
36	0.00948	0.00817	0.01070	0.01281	0.12510	0.02484	0.02670	0.01173	0.02976	0.01747	0.05907	0.29245	0.29210	0.01415	0.00708	0.00213	0.00431	0.01247	0.03340	0.00608
37	0.00933	0.00663	0.00977	0.00968	0.01085	0.00759	0.00750	0.01148	0.01010	0.03447	0.01678	0.02435	0.01549	0.06333	0.70150	0.00930	0.01547	0.00659	0.02425	0.00556
38	0.01323	0.02734	0.53431	0.01917	0.02716	0.03773	0.18669	0.02008	0.04034	0.01953	0.01179	0.01408	0.00853	0.00577	0.00615	0.00196	0.00925	0.00523	0.00286	0.00882
39	0.01302	0.01277	0.02287	0.44864	0.24307	0.01415	0.12304	0.01714	0.01306	0.01748	0.01129	0.01601	0.00877	0.00579	0.00627	0.00198	0.00823	0.00571	0.00287	0.00785
40	0.01423	0.01533	0.03126	0.12633	0.19331	0.01502	0.47345	0.01890	0.01404	0.01917	0.01199	0.01618	0.00923	0.00535	0.00682	0.00201	0.00935	0.00659	0.00303	0.00839
41	0.00906	0.00776	0.01048	0.03059	0.15154	0.00722	0.00812	0.01106	0.01356	0.01736	0.07019	0.20792	0.37833	0.01410	0.00715	0.00213	0.00421	0.03802	0.00514	0.00608
42	0.01751	0.29064	0.13831	0.01369	0.01915	0.01704	0.09821	0.11274	0.01579	0.13420	0.04632	0.01620	0.01227	0.03468	0.00640	0.00186	0.00702	0.00525	0.00413	0.00858
43	0.01682	0.07231	0.12984	0.02021	0.16752	0.12807	0.12419	0.02076	0.03292	0.11669	0.01550	0.05992	0.01306	0.00735	0.00622	0.00191	0.00790	0.04640	0.00395	0.00845
44	0.00821	0.00610	0.00747	0.00807	0.00915	0.00575	0.00569	0.01067	0.05278	0.01831	0.17558	0.44247	0.16678	0.01622	0.00739	0.00224	0.00339	0.01440	0.03388	0.00545

[dist]
# distance from previous block
# <min> <max>
3	30

[block]
# block no. 6 follows, 37 sequences, length 69
# corresponding to MSA columns:
# 358-426
name=unknown_G
#
# <colnr> <probs for GDERKNQSTAVLIFYWHMCP>
#	G	D	E	R	K	N	Q	S	T	A	V	L	I	F	Y	W	H	M	C	P
0	0.05616	0.03805	0.04359	0.01242	0.01686	0.07470	0.04734	0.10369	0.11138	0.28700	0.06146	0.01927	0.01543	0.00814	0.02264	0.00199	0.00632	0.00592	0.00572	0.06192
1	0.01224	0.05290	0.66936	0.01739	0.04752	0.01405	0.02124	0.01876	0.01288	0.01905	0.01212	0.05326	0.00954	0.00649	0.00587	0.00194	0.00863	0.00519	0.00276	0.00882
2	0.00767	0.00610	0.00693	0.00737	0.00894	0.00537	0.00552	0.00934	0.01371	0.01709	0.10081	0.21979	0.46309	0.01626	0.00749	0.00223	0.00346	0.08787	0.00575	0.00522
3	0.02016	0.01466	0.07980	0.07155	0.01878	0.06947	0.01106	0.08571	0.15056	0.29409	0.01909	0.01844	0.01327	0.00711	0.00589	0.00183	0.00613	0.00569	0.04464	0.06207
4	0.01385	0.01354	0.01902	0.50294	0.14909	0.08869	0.01612	0.04970	0.01371	0.01746	0.01113	0.01559	0.00865	0.00625	0.00644	0.00195	0.03180	0.00530	0.02133	0.00743
5	0.00749	0.00536	0.00718	0.00856	0.00894	0.00505	0.00574	0.00859	0.01167	0.01559	0.03326	0.75997	0.03979	0.01992	0.02862	0.00269	0.00391	0.01710	0.00562	0.00499
6	0.01271	0.01256	0.02265	0.49722	0.15179	0.01423	0.14652	0.01684	0.01284	0.01703	0.01118	0.01609	0.00861	0.00596	0.00669	0.00203	0.02892	0.00577	0.00284	0.00752
7	0.01492	0.01047	0.01204	0.01135	0.01379	0.04573	0.00915	0.17835	0.03032	0.09985	0.04804	0.20367	0.02705	0.01432	0.03032	0.00254	0.00587	0.22918	0.00582	0.00723
8	0.00866	0.00687	0.01005	0.01087	0.02991	0.00704	0.03758	0.01017	0.01179	0.01596	0.02930	0.58129	0.03423	0.01862	0.04345	0.00283	0.06629	0.06449	0.00515	0.00544
