[name]
unknown

[dist]
# distance from previous block
# <min> <max>
20	169

[block]
# block no. 0 follows, 35 sequences, length 77
# corresponding to MSA columns:
# 222-241,246-302
name=unknown_A
#
# <colnr> <probs for GDERKNQSTAVLIFYWHMCP>
#	G	D	E	R	K	N	Q	S	T	A	V	L	I	F	Y	W	H	M	C	P
0	0.01596	0.14941	0.11286	0.07364	0.07970	0.06923	0.01275	0.08856	0.06752	0.06334	0.03561	0.10476	0.03407	0.00837	0.00603	0.00187	0.00679	0.00685	0.00436	0.05834
1	0.01582	0.10574	0.17101	0.01850	0.15461	0.06081	0.01482	0.08883	0.01552	0.04579	0.01455	0.02077	0.01263	0.00889	0.03221	0.00217	0.03261	0.08293	0.00386	0.09793
2	0.05737	0.03567	0.06085	0.01376	0.03711	0.01272	0.07896	0.19400	0.03987	0.10499	0.06543	0.18369	0.04568	0.01035	0.00670	0.00207	0.00601	0.00899	0.00552	0.03028
3	0.01617	0.07792	0.21045	0.05565	0.14369	0.07943	0.03589	0.08668	0.07790	0.04708	0.03342	0.04430	0.01269	0.00704	0.00609	0.00189	0.00770	0.00584	0.00398	0.04620
4	0.11765	0.01770	0.20460	0.01752	0.14770	0.01345	0.01416	0.05171	0.14172	0.04163	0.04791	0.05209	0.04925	0.00782	0.00606	0.00198	0.00644	0.00647	0.00442	0.04972
5	0.01388	0.03847	0.08180	0.09119	0.03716	0.01209	0.01062	0.11070	0.14240	0.04671	0.10643	0.03011	0.14916	0.03295	0.00724	0.00211	0.00552	0.00797	0.06559	0.00792
6	0.01478	0.02860	0.07283	0.06696	0.07489	0.09695	0.01099	0.09301	0.06550	0.05858	0.06737	0.11341	0.08007	0.08639	0.03922	0.00276	0.00698	0.00837	0.00479	0.00754
7	0.04063	0.36199	0.04493	0.06063	0.01768	0.05847	0.01078	0.10271	0.04711	0.02035	0.07331	0.05556	0.04049	0.00768	0.00537	0.00169	0.00645	0.00583	0.00405	0.03428
8	0.04564	0.08839	0.08012	0.03698	0.14259	0.09116	0.02530	0.14514	0.01766	0.10895	0.05459	0.01656	0.01293	0.00669	0.00585	0.00174	0.00707	0.00537	0.00452	0.10275
9	0.03877	0.13809	0.26385	0.01652	0.06504	0.08252	0.04649	0.04527	0.03377	0.09916	0.01345	0.01597	0.01041	0.00672	0.00635	0.00187	0.03628	0.02589	0.00377	0.04981
10	0.25583	0.01419	0.01458	0.06319	0.09105	0.09401	0.01068	0.11310	0.03421	0.02370	0.01529	0.14651	0.01460	0.00918	0.00711	0.00210	0.07170	0.00703	0.00435	0.00759
11	0.09934	0.12087	0.07263	0.01908	0.20934	0.13460	0.01281	0.03919	0.03460	0.02030	0.07631	0.04282	0.03733	0.04642	0.00715	0.00205	0.00713	0.00614	0.00387	0.00803
12	0.01131	0.00996	0.01157	0.01128	0.05683	0.05186	0.02883	0.01377	0.03766	0.01797	0.02788	0.21134	0.14441	0.09810	0.00943	0.00233	0.00509	0.00994	0.02091	0.21953
13	0.01159	0.01360	0.11529	0.11463	0.06622	0.03340	0.06045	0.01575	0.04582	0.01963	0.11534	0.07281	0.17792	0.00985	0.00667	0.00196	0.00608	0.00859	0.00450	0.09990
14	0.00908	0.00678	0.00926	0.00917	0.01012	0.00743	0.00678	0.01084	0.01117	0.01560	0.09732	0.05865	0.07274	0.18964	0.42525	0.00744	0.03468	0.00860	0.00411	0.00532
15	0.01447	0.05203	0.06262	0.01440	0.08484	0.01343	0.01082	0.06525	0.32178	0.04351	0.12972	0.09193	0.04855	0.00981	0.00661	0.00207	0.00528	0.00837	0.00574	0.00877
16	0.01517	0.01437	0.04471	0.11228	0.48931	0.01410	0.01707	0.03969	0.05089	0.04061	0.03859	0.01911	0.04132	0.00664	0.00634	0.00192	0.00710	0.00617	0.00373	0.03089
17	0.00898	0.00632	0.00871	0.01052	0.04648	0.00597	0.00689	0.01040	0.01270	0.03758	0.05701	0.61908	0.03924	0.04305	0.00876	0.00264	0.00412	0.06017	0.00577	0.00559
18	0.07341	0.10659	0.06648	0.02276	0.25158	0.04681	0.10207	0.05568	0.04738	0.04110	0.01338	0.04347	0.01126	0.00793	0.02923	0.00215	0.03387	0.00586	0.00370	0.03530
19	0.01479	0.13916	0.17864	0.01571	0.06559	0.10049	0.05731	0.04592	0.01419	0.03784	0.01601	0.14809	0.01546	0.03571	0.04045	0.00245	0.03267	0.00733	0.00377	0.02840
20	0.07558	0.08486	0.03912	0.01826	0.09268	0.46312	0.05930	0.04582	0.03167	0.01834	0.01063	0.01250	0.00868	0.00630	0.00569	0.00172	0.00985	0.00450	0.00340	0.00796
21	0.01670	0.73517	0.07668	0.01130	0.01696	0.02447	0.01162	0.01906	0.01292	0.01524	0.00898	0.01037	0.00813	0.00546	0.00419	0.00140	0.00694	0.00347	0.00271	0.00822
22	0.05158	0.01437	0.01785	0.05119	0.19676	0.04633	0.01236	0.14910	0.06940	0.07273	0.01552	0.01696	0.03285	0.00671	0.00628	0.00173	0.02846	0.00545	0.00454	0.19984
23	0.01145	0.05029	0.06601	0.23066	0.06080	0.01158	0.03225	0.01620	0.09172	0.01827	0.04577	0.18557	0.08540	0.03138	0.00754	0.00230	0.00626	0.03506	0.00443	0.00708
24	0.00829	0.00635	0.00763	0.00808	0.00937	0.00593	0.00584	0.01026	0.02872	0.01765	0.12694	0.28010	0.28720	0.06735	0.06340	0.00314	0.00469	0.04790	0.00572	0.00542
25	0.11973	0.01547	0.01666	0.04335	0.01880	0.01705	0.01108	0.47626	0.06235	0.08445	0.01754	0.01869	0.03290	0.00798	0.00617	0.00198	0.00643	0.02731	0.00599	0.00981
26	0.01888	0.10138	0.05484	0.05697	0.13283	0.03722	0.08276	0.28768	0.11535	0.02779	0.01468	0.01597	0.01111	0.00682	0.00618	0.00191	0.00745	0.00573	0.00474	0.00972
27	0.01027	0.00717	0.00867	0.00907	0.01055	0.00687	0.00662	0.03391	0.06334	0.06110	0.03876	0.39373	0.19044	0.05529	0.00898	0.00261	0.00419	0.07642	0.00595	0.00604
28	0.01114	0.00776	0.01096	0.01144	0.01315	0.00760	0.03534	0.03592	0.01466	0.05554	0.03281	0.20808	0.05849	0.03413	0.00888	0.00279	0.00551	0.43384	0.00583	0.00615
29	0.01199	0.00906	0.01163	0.01112	0.01338	0.00924	0.03935	0.03629	0.17638	0.05529	0.12732	0.19373	0.09872	0.01398	0.00758	0.00237	0.00481	0.16450	0.00614	0.00711
30	0.01703	0.04923	0.06267	0.03310	0.12240	0.05280	0.03505	0.14193	0.10204	0.10467	0.02222	0.13098	0.05536	0.00968	0.00663	0.00206	0.00646	0.03168	0.00522	0.00877
31	0.01028	0.00699	0.00874	0.00851	0.01025	0.00651	0.00638	0.01341	0.05204	0.07328	0.38042	0.18491	0.15982	0.01436	0.00752	0.00217	0.00354	0.03799	0.00659	0.00627
32	0.04718	0.01349	0.02139	0.26601	0.37570	0.01483	0.01704	0.05375	0.04089	0.02046	0.01286	0.03917	0.01071	0.00671	0.00676	0.00202	0.03288	0.00599	0.00343	0.00874
33	0.02317	0.01785	0.01837	0.01436	0.01918	0.05612	0.01175	0.62423	0.06621	0.03736	0.01694	0.01681	0.03200	0.00786	0.00635	0.00191	0.00699	0.00593	0.00618	0.01042
34	0.01500	0.01350	0.02266	0.28936	0.43800	0.01456	0.01815	0.01879	0.01388	0.05552	0.01226	0.01637	0.00973	0.00616	0.00672	0.00199	0.02945	0.00568	0.00326	0.00895
35	0.01612	0.01626	0.02472	0.10124	0.58603	0.08642	0.03797	0.01977	0.01464	0.01980	0.01169	0.01544	0.00971	0.00579	0.00627	0.00189	0.00809	0.00555	0.00313	0.00948
36	0.01463	0.01768	0.12966	0.25256	0.09369	0.09129	0.11153	0.05424	0.03719	0.01967	0.03826	0.02020	0.01263	0.00731	0.00699	0.00209	0.03027	0.04848	0.00355	0.00807
37	0.01241	0.01182	0.02051	0.55749	0.13239	0.01375	0.07026	0.01644	0.01306	0.01712	0.01313	0.06940	0.01109	0.00712	0.00654	0.00212	0.00817	0.00664	0.00310	0.00743
38	0.01465	0.15094	0.20411	0.04306	0.20767	0.03969	0.01588	0.05754	0.04703	0.02001	0.01638	0.08765	0.03743	0.00795	0.00610	0.00193	0.00734	0.02227	0.00368	0.00870
39	0.01501	0.01485	0.02194	0.19873	0.44585	0.07946	0.01721	0.01889	0.03322	0.01908	0.01357	0.06859	0.01199	0.00696	0.00638	0.00197	0.00776	0.00641	0.00336	0.00879
40	0.04395	0.06262	0.11620	0.09589	0.10679	0.22729	0.03272	0.19685	0.01884	0.02347	0.01178	0.01376	0.00906	0.00651	0.00595	0.00184	0.00881	0.00495	0.00390	0.00883
41	0.19183	0.19606	0.07056	0.09037	0.03778	0.12358	0.02730	0.10467	0.03923	0.02241	0.01129	0.01309	0.00894	0.00626	0.00514	0.00178	0.00735	0.00446	0.02981	0.00810
42	0.01210	0.01356	0.08752	0.04343	0.11519	0.01152	0.25814	0.01583	0.01370	0.01890	0.02090	0.26863	0.02144	0.01083	0.00733	0.00225	0.00737	0.03812	0.02576	0.00747
43	0.00845	0.00691	0.00743	0.00750	0.00953	0.00616	0.00573	0.03029	0.02942	0.01834	0.07887	0.11481	0.56185	0.01600	0.00760	0.00223	0.00362	0.07366	0.00595	0.00565
44	0.00835	0.00616	0.00770	0.00824	0.00943	0.00568	0.00601	0.01028	0.01432	0.01918	0.22194	0.32709	0.20064	0.01760	0.03212	0.00257	0.00397	0.06366	0.02956	0.00550
45	0.00806	0.00590	0.00753	0.00838	0.00921	0.00544	0.00583	0.00961	0.01355	0.01806	0.17365	0.49634	0.13384	0.04279	0.00871	0.00254	0.00363	0.03557	0.00603	0.00532
46	0.01272	0.03281	0.74418	0.01808	0.02746	0.01473	0.02344	0.02009	0.01339	0.02009	0.01138	0.01339	0.00804	0.00603	0.00603	0.00201	0.00938	0.00469	0.00268	0.00938
47	0.82186	0.01227	0.00932	0.00834	0.01227	0.01423	0.00687	0.01865	0.01080	0.02846	0.00883	0.01031	0.00687	0.00589	0.00393	0.00196	0.00491	0.00344	0.00393	0.00687
48	0.01497	0.01397	0.01853	0.13116	0.27238	0.08615	0.01402	0.05829	0.07426	0.01960	0.03848	0.01932	0.01327	0.04545	0.07435	0.05602	0.03198	0.00607	0.00372	0.00801
49	0.01167	0.01094	0.01815	0.70921	0.04125	0.01349	0.01673	0.01571	0.01281	0.01627	0.01496	0.01999	0.05904	0.00702	0.00642	0.00212	0.00809	0.00618	0.00303	0.00693
50	0.00823	0.00615	0.00882	0.00971	0.01038	0.00578	0.03735	0.00958	0.01230	0.01639	0.03340	0.67814	0.03960	0.04518	0.00894	0.00270	0.00419	0.05218	0.00570	0.00529
51	0.00756	0.00636	0.00656	0.00666	0.00864	0.00536	0.00494	0.00917	0.01438	0.01730	0.08133	0.11545	0.66210	0.01627	0.00754	0.00217	0.00324	0.01369	0.00592	0.00536
52	0.01505	0.01562	0.08479	0.05280	0.27919	0.04102	0.11954	0.06507	0.03811	0.04377	0.08402	0.05242	0.03653	0.00800	0.00675	0.00203	0.00741	0.03492	0.00421	0.00875
53	0.01522	0.47272	0.32610	0.01383	0.02089	0.02083	0.01604	0.01945	0.01310	0.01705	0.00988	0.01150	0.00810	0.00567	0.00488	0.00163	0.00785	0.00393	0.00270	0.00865
54	0.17729	0.01088	0.01343	0.01059	0.01516	0.01010	0.00871	0.02776	0.01676	0.57561	0.05331	0.02060	0.01599	0.00771	0.00597	0.00196	0.00520	0.00605	0.00707	0.00984
55	0.00791	0.00605	0.00732	0.00815	0.00928	0.00552	0.00583	0.00936	0.01303	0.01659	0.04469	0.40809	0.29844	0.03868	0.03857	0.00284	0.00426	0.06439	0.00573	0.00527
56	0.01433	0.06331	0.27026	0.06188	0.18055	0.01575	0.20842	0.03350	0.01418	0.01998	0.01221	0.03021	0.00967	0.00621	0.00690	0.00202	0.03262	0.00595	0.00307	0.00898
57	0.02379	0.01076	0.01344	0.01081	0.01473	0.03078	0.00872	0.05691	0.01724	0.51465	0.02451	0.05588	0.03651	0.03206	0.00753	0.00209	0.03074	0.00700	0.09241	0.00944
58	0.53012	0.02994	0.01557	0.03393	0.13076	0.07319	0.06581	0.01939	0.01237	0.02499	0.00978	0.01195	0.00776	0.00586	0.00479	0.00193	0.00643	0.00421	0.00364	0.00758
59	0.01136	0.00820	0.04117	0.00901	0.01093	0.00725	0.00712	0.03508	0.01398	0.08402	0.07017	0.27585	0.14643	0.01648	0.06556	0.00278	0.02716	0.01148	0.14965	0.00633
60	0.01389	0.01200	0.01825	0.06748	0.27755	0.02850	0.05977	0.05912	0.01611	0.05047	0.15354	0.05817	0.10178	0.00958	0.00692	0.00205	0.00622	0.04573	0.00477	0.00810
61	0.01072	0.00862	0.01052	0.00942	0.01246	0.00720	0.00708	0.01330	0.03585	0.01883	0.02338	0.34292	0.02547	0.01218	0.00648	0.00181	0.00435	0.05580	0.00490	0.38872
62	0.01497	0.07030	0.21906	0.03978	0.22119	0.08027	0.10840	0.03313	0.01429	0.01933	0.01315	0.07273	0.01151	0.00721	0.00707	0.00200	0.04735	0.00629	0.00326	0.00872
63	0.01406	0.01049	0.01491	0.01409	0.06549	0.01077	0.07490	0.05486	0.13660	0.10024	0.08271	0.03302	0.10153	0.01835	0.16569	0.00388	0.00813	0.07713	0.00534	0.00782
64	0.00805	0.00622	0.00734	0.00754	0.00903	0.00552	0.00547	0.01000	0.01507	0.01969	0.28143	0.23044	0.33950	0.01596	0.00764	0.00220	0.00325	0.01388	0.00626	0.00552
65	0.00832	0.00613	0.00728	0.00763	0.00854	0.00577	0.00515	0.00951	0.01239	0.01618	0.10998	0.24331	0.22334	0.24024	0.06421	0.00394	0.00508	0.01279	0.00524	0.00495
66	0.00949	0.00645	0.00722	0.00716	0.00731	0.00654	0.00409	0.01021	0.03816	0.01288	0.02022	0.04079	0.02291	0.74603	0.03125	0.00599	0.00610	0.00914	0.00395	0.00409
67	0.02405	0.01958	0.01888	0.01485	0.01966	0.12599	0.01209	0.61595	0.02811	0.03643	0.01444	0.01468	0.01041	0.00746	0.00626	0.00186	0.00763	0.00548	0.00590	0.01029
68	0.01403	0.14412	0.05259	0.39554	0.07249	0.04042	0.15770	0.01813	0.01348	0.01719	0.01117	0.01544	0.00870	0.00594	0.00615	0.00196	0.00871	0.00555	0.00291	0.00779
69	0.01255	0.01043	0.01427	0.04905	0.11413	0.01106	0.03462	0.06216	0.15282	0.02225	0.18466	0.12214	0.05712	0.03818	0.03312	0.03053	0.02877	0.00935	0.00531	0.00748
70	0.01681	0.10426	0.21717	0.01944	0.17713	0.03944	0.01569	0.12655	0.03966	0.06489	0.03757	0.01608	0.01184	0.00654	0.00586	0.00181	0.00731	0.00529	0.03425	0.05241
71	0.01605	0.45610	0.10848	0.01631	0.09239	0.05793	0.07452	0.01905	0.01339	0.01665	0.01086	0.04269	0.00983	0.00636	0.00568	0.00167	0.03596	0.00483	0.00296	0.00830
72	0.00970	0.00648	0.00795	0.00808	0.00966	0.00577	0.00586	0.01152	0.01476	0.07966	0.20978	0.31323	0.26191	0.01602	0.00762	0.00225	0.00351	0.01403	0.00632	0.00589
73	0.04014	0.11665	0.09035	0.01716	0.10806	0.06288	0.07548	0.09371	0.05260	0.18758	0.01735	0.08054	0.01392	0.00776	0.00617	0.00193	0.00708	0.00657	0.00489	0.00917
74	0.01592	0.27058	0.07792	0.03867	0.16212	0.04926	0.03185	0.05659	0.02929	0.03812	0.01346	0.06479	0.01206	0.02134	0.01997	0.00199	0.03334	0.00572	0.02671	0.03028
75	0.00787	0.00586	0.00716	0.00799	0.00893	0.00530	0.00550	0.00909	0.01296	0.01673	0.08209	0.47527	0.24838	0.04025	0.00909	0.02730	0.00363	0.01564	0.00580	0.00515
76	0.01536	0.04063	0.02251	0.15484	0.21658	0.03825	0.12237	0.05659	0.04363	0.04247	0.01457	0.01746	0.03552	0.00641	0.00659	0.00185	0.02724	0.00588	0.00371	0.12756

[dist]
# distance from previous block
# <min> <max>
3	11

[block]
# block no. 1 follows, 35 sequences, length 20
# corresponding to MSA columns:
# 314-333
name=unknown_B
#
# <colnr> <probs for GDERKNQSTAVLIFYWHMCP>
#	G	D	E	R	K	N	Q	S	T	A	V	L	I	F	Y	W	H	M	C	P
0	0.28540	0.05151	0.07515	0.01445	0.06767	0.07559	0.05319	0.11232	0.06956	0.07539	0.01342	0.01551	0.01045	0.04682	0.00679	0.00214	0.00680	0.00508	0.00440	0.00836
1	0.01243	0.00792	0.00938	0.00867	0.01071	0.00775	0.00644	0.01693	0.12167	0.11006	0.26545	0.08134	0.11864	0.10938	0.01012	0.00255	0.00406	0.01002	0.07970	0.00678
2	0.01686	0.01825	0.12762	0.02745	0.36300	0.05490	0.09199	0.06304	0.02850	0.07214	0.01316	0.01564	0.01018	0.00598	0.00625	0.00186	0.00793	0.00557	0.00372	0.06599
3	0.00807	0.00596	0.00716	0.00796	0.00876	0.00550	0.00540	0.00917	0.01227	0.01579	0.03948	0.41478	0.21607	0.16829	0.01275	0.00319	0.00414	0.04481	0.00548	0.00498
4	0.00924	0.00725	0.01105	0.01045	0.01180	0.00769	0.05643	0.01131	0.01132	0.01572	0.06125	0.11991	0.06345	0.12760	0.43741	0.00730	0.01204	0.00914	0.00408	0.00558
5	0.01506	0.01464	0.02578	0.03546	0.60733	0.01449	0.09678	0.01882	0.01434	0.02036	0.01364	0.06872	0.01223	0.00661	0.00654	0.00196	0.00762	0.00672	0.00334	0.00954
6	0.00911	0.00687	0.00853	0.00844	0.01009	0.00646	0.00649	0.01244	0.05067	0.02257	0.44417	0.09384	0.18215	0.01432	0.00763	0.00218	0.00353	0.09799	0.00654	0.00600
7	0.01437	0.01312	0.05441	0.01248	0.06646	0.01030	0.00965	0.03985	0.07947	0.04470	0.01322	0.01464	0.01053	0.00539	0.00515	0.00124	0.00527	0.00440	0.00411	0.59124
8	0.01124	0.01038	0.01578	0.10669	0.01899	0.05321	0.10673	0.01406	0.01166	0.01580	0.01556	0.04815	0.01424	0.03173	0.45617	0.00700	0.04593	0.00694	0.00335	0.00637
9	0.01573	0.01622	0.07180	0.21508	0.15450	0.07375	0.06473	0.04416	0.06395	0.05656	0.01272	0.01613	0.00997	0.00731	0.00903	0.00214	0.14858	0.00571	0.00356	0.00839
10	0.01604	0.19470	0.15365	0.01505	0.06883	0.03243	0.03069	0.05398	0.19169	0.06725	0.09682	0.01983	0.01749	0.00746	0.00593	0.00187	0.00657	0.00604	0.00465	0.00901
11	0.00824	0.00634	0.00766	0.00850	0.00989	0.00576	0.00649	0.01000	0.01373	0.01727	0.04708	0.30010	0.33504	0.01769	0.00800	0.00248	0.00401	0.18046	0.00588	0.00541
12	0.01477	0.01651	0.08708	0.07748	0.19013	0.01505	0.30634	0.04188	0.08912	0.02126	0.01528	0.02090	0.01244	0.00680	0.00696	0.00212	0.00867	0.05460	0.00374	0.00889
13	0.01080	0.01269	0.14402	0.06392	0.01633	0.00980	0.01073	0.01649	0.14562	0.01891	0.04431	0.25343	0.06868	0.09267	0.00981	0.00272	0.00568	0.06146	0.00500	0.00691
14	0.01075	0.00558	0.00832	0.00840	0.00847	0.00562	0.00566	0.00845	0.00857	0.01148	0.01257	0.05870	0.01288	0.02326	0.06199	0.73108	0.00602	0.00623	0.00295	0.00303
15	0.02371	0.01757	0.01881	0.01451	0.01952	0.01949	0.01196	0.68342	0.06339	0.03933	0.01574	0.01564	0.01120	0.00766	0.00635	0.00192	0.00689	0.00578	0.00635	0.01075
16	0.03173	0.23746	0.02126	0.05175	0.06831	0.05892	0.01133	0.15242	0.16399	0.03675	0.08983	0.01879	0.01661	0.00745	0.00574	0.00180	0.00640	0.00581	0.00479	0.00886
17	0.00811	0.00569	0.00760	0.00865	0.00920	0.00532	0.00589	0.00936	0.01297	0.01756	0.15672	0.60735	0.04355	0.01877	0.00883	0.04342	0.00365	0.01625	0.00592	0.00518
18	0.01803	0.03382	0.06061	0.01646	0.03844	0.01586	0.08512	0.04128	0.40762	0.04973	0.10343	0.02922	0.04654	0.01059	0.00791	0.00265	0.00681	0.00845	0.00673	0.01070
19	0.01627	0.01513	0.01573	0.05144	0.01874	0.08217	0.03562	0.03160	0.60088	0.02480	0.02318	0.02199	0.01746	0.00819	0.00642	0.00210	0.00598	0.00683	0.00587	0.00959

[dist]
# distance from previous block
# <min> <max>
0	1

[block]
# block no. 2 follows, 35 sequences, length 9
# corresponding to MSA columns:
# 335-343
name=unknown_C
#
# <colnr> <probs for GDERKNQSTAVLIFYWHMCP>
#	G	D	E	R	K	N	Q	S	T	A	V	L	I	F	Y	W	H	M	C	P
0	0.01340	0.01212	0.01594	0.01183	0.01662	0.01078	0.06029	0.01618	0.01273	0.01978	0.01092	0.01356	0.00924	0.00578	0.00750	0.00132	0.12758	0.00432	0.00356	0.62655
1	0.69136	0.01118	0.00915	0.00833	0.01162	0.01283	0.00665	0.01698	0.01039	0.02566	0.00919	0.01175	0.00754	0.00849	0.00728	0.13289	0.00500	0.00377	0.00374	0.00621
2	0.00799	0.00632	0.00720	0.00724	0.00894	0.00553	0.00533	0.00997	0.01525	0.01962	0.27076	0.15220	0.42995	0.01560	0.00757	0.00215	0.00321	0.01341	0.00623	0.00553
3	0.01195	0.00722	0.00923	0.00933	0.01122	0.00664	0.00736	0.01398	0.01458	0.13439	0.08519	0.17640	0.19834	0.06813	0.00951	0.00269	0.00462	0.21684	0.00612	0.00628
4	0.62527	0.01247	0.01089	0.00935	0.01346	0.01397	0.00767	0.06223	0.05096	0.12496	0.01229	0.01282	0.00895	0.00640	0.00453	0.00197	0.00510	0.00416	0.00473	0.00780
5	0.01051	0.00816	0.00879	0.00813	0.01034	0.00779	0.00610	0.12322	0.01664	0.02117	0.12077	0.10361	0.42844	0.08611	0.00968	0.00250	0.00411	0.01191	0.00589	0.00614
6	0.06996	0.13124	0.01128	0.00770	0.00904	0.00969	0.00539	0.01179	0.01053	0.01498	0.01988	0.07857	0.04517	0.47804	0.02168	0.00444	0.00572	0.00835	0.05153	0.00501
7	0.04864	0.08004	0.17171	0.16927	0.21735	0.01556	0.07952	0.02015	0.07807	0.02005	0.01263	0.01556	0.00982	0.00607	0.00604	0.00194	0.00790	0.00542	0.00330	0.03096
8	0.01302	0.01247	0.04619	0.15153	0.11633	0.01298	0.01233	0.02183	0.28337	0.02109	0.02674	0.07197	0.12280	0.00981	0.00707	0.00217	0.02452	0.03052	0.00496	0.00828

[dist]
# distance from previous block
# <min> <max>
0	3

[block]
# block no. 3 follows, 35 sequences, length 6
# corresponding to MSA columns:
# 347-352
name=unknown_D
#
# <colnr> <probs for GDERKNQSTAVLIFYWHMCP>
#	G	D	E	R	K	N	Q	S	T	A	V	L	I	F	Y	W	H	M	C	P
0	0.01315	0.01128	0.01315	0.00940	0.01503	0.00846	0.00752	0.01597	0.01315	0.02067	0.01128	0.01315	0.00940	0.00470	0.00470	0.00094	0.00470	0.00376	0.00376	0.81583
1	0.05979	0.19183	0.04866	0.01633	0.10249	0.04121	0.07119	0.16344	0.06658	0.05188	0.01474	0.05119	0.01213	0.00707	0.00569	0.00179	0.00680	0.00578	0.04775	0.03368
2	0.01376	0.06921	0.04810	0.01071	0.01408	0.06649	0.00894	0.07560	0.11640	0.04386	0.20721	0.06078	0.12714	0.01059	0.00661	0.00193	0.00520	0.03520	0.00559	0.07262
3	0.03494	0.09019	0.21782	0.05252	0.04370	0.01353	0.05159	0.06337	0.01470	0.05123	0.05060	0.09142	0.08101	0.00970	0.00741	0.00212	0.05351	0.05849	0.00423	0.00792
4	0.08447	0.03619	0.12117	0.01749	0.13055	0.12993	0.01347	0.11322	0.01627	0.06278	0.01606	0.04043	0.04124	0.00941	0.03471	0.00226	0.04855	0.03532	0.00417	0.04231
5	0.01280	0.01280	0.04078	0.03835	0.15309	0.06414	0.09173	0.04404	0.03276	0.01943	0.06877	0.09642	0.16095	0.06991	0.03029	0.00256	0.00676	0.00898	0.00446	0.04101

[dist]
# distance from previous block
# <min> <max>
0	10

[block]
# block no. 4 follows, 35 sequences, length 20
# corresponding to MSA columns:
# 363-382
name=unknown_E
#
# <colnr> <probs for GDERKNQSTAVLIFYWHMCP>
#	G	D	E	R	K	N	Q	S	T	A	V	L	I	F	Y	W	H	M	C	P
0	0.08833	0.03893	0.01551	0.01503	0.12542	0.04724	0.01010	0.11422	0.05717	0.08692	0.03974	0.06943	0.01570	0.07455	0.03203	0.00240	0.00633	0.00649	0.00474	0.14974
1	0.01834	0.04735	0.11521	0.01595	0.10630	0.02973	0.01264	0.19667	0.03802	0.12112	0.03024	0.03665	0.01297	0.02893	0.00669	0.00186	0.00656	0.00573	0.00488	0.16417
2	0.04564	0.15858	0.12633	0.04097	0.13076	0.23930	0.03412	0.07607	0.01611	0.01958	0.01217	0.01407	0.02767	0.00636	0.00563	0.00173	0.00865	0.00477	0.00340	0.02809
3	0.02026	0.01334	0.01562	0.03121	0.01738	0.01332	0.00999	0.26798	0.05882	0.18901	0.04919	0.01927	0.03404	0.00757	0.00651	0.00174	0.03008	0.00593	0.00588	0.20286
4	0.00914	0.00677	0.00834	0.00914	0.01005	0.00632	0.00628	0.01010	0.01285	0.01696	0.03827	0.47010	0.17863	0.07712	0.10348	0.00389	0.00584	0.01517	0.00577	0.00576
5	0.01315	0.01128	0.01315	0.00940	0.01503	0.00846	0.00752	0.01597	0.01315	0.02067	0.01128	0.01315	0.00940	0.00470	0.00470	0.00094	0.00470	0.00376	0.00376	0.81583
6	0.00792	0.00605	0.00717	0.00769	0.00891	0.00541	0.00541	0.00948	0.01387	0.01794	0.16281	0.34905	0.30738	0.05003	0.00881	0.00247	0.00349	0.01479	0.00598	0.00531
7	0.01596	0.06843	0.05811	0.01384	0.01782	0.04176	0.04657	0.08007	0.44845	0.02459	0.02248	0.04694	0.03713	0.00863	0.00698	0.00209	0.03826	0.00705	0.00551	0.00933
8	0.00822	0.00636	0.00731	0.00723	0.00881	0.00564	0.00525	0.01017	0.01516	0.01977	0.30933	0.10594	0.37094	0.08013	0.00965	0.00246	0.00342	0.01265	0.00613	0.00545
9	0.00806	0.00640	0.00723	0.00712	0.00894	0.00558	0.00530	0.01015	0.01564	0.02016	0.31032	0.09200	0.45041	0.01511	0.00752	0.00211	0.00316	0.01292	0.00629	0.00558
10	0.01391	0.00653	0.00702	0.00659	0.00850	0.00634	0.00505	0.01681	0.01391	0.11379	0.02124	0.02339	0.01619	0.00745	0.00468	0.00154	0.00326	0.00597	0.71132	0.00653
11	0.01696	0.78087	0.03324	0.01085	0.01628	0.02510	0.01085	0.01900	0.01289	0.01493	0.00882	0.01018	0.00814	0.00543	0.00407	0.00136	0.00678	0.00339	0.00271	0.00814
12	0.02281	0.02890	0.01996	0.01740	0.02099	0.67662	0.08382	0.02482	0.01767	0.01601	0.01011	0.01202	0.00832	0.00642	0.00590	0.00169	0.01136	0.00443	0.00326	0.00748
13	0.00837	0.00638	0.00682	0.00671	0.00862	0.00557	0.00503	0.01046	0.01510	0.01982	0.20921	0.05329	0.49314	0.01428	0.00711	0.00203	0.00313	0.01202	0.10734	0.00557
14	0.01198	0.01128	0.01903	0.76180	0.04369	0.01409	0.01762	0.01621	0.01268	0.01621	0.01128	0.01691	0.00846	0.00634	0.00634	0.00211	0.00846	0.00564	0.00282	0.00705
15	0.01373	0.24104	0.44958	0.01496	0.02230	0.01696	0.01783	0.01967	0.04392	0.01936	0.07296	0.01582	0.01297	0.00656	0.00562	0.00183	0.00791	0.00501	0.00322	0.00877
16	0.01404	0.01125	0.01325	0.00951	0.01510	0.00851	0.00762	0.01684	0.01345	0.06255	0.01207	0.01364	0.00976	0.00488	0.00480	0.00100	0.00474	0.00391	0.00400	0.76909
17	0.50903	0.01859	0.01278	0.01138	0.01515	0.26075	0.00897	0.06139	0.01430	0.02481	0.00953	0.01097	0.00753	0.00621	0.00467	0.00185	0.00721	0.00378	0.00385	0.00726
18	0.02370	0.03023	0.01798	0.01634	0.01961	0.75158	0.01226	0.02533	0.01798	0.01553	0.00981	0.01144	0.00817	0.00654	0.00572	0.00163	0.01144	0.00409	0.00327	0.00735
19	0.00838	0.00567	0.00734	0.00862	0.00919	0.00537	0.00594	0.00982	0.01243	0.01728	0.03310	0.64033	0.03843	0.01818	0.00767	0.00246	0.00371	0.05371	0.10709	0.00529

[dist]
# distance from previous block
# <min> <max>
0	1

[block]
# block no. 5 follows, 35 sequences, length 41
# corresponding to MSA columns:
# 384-424
name=unknown_F
#
# <colnr> <probs for GDERKNQSTAVLIFYWHMCP>
#	G	D	E	R	K	N	Q	S	T	A	V	L	I	F	Y	W	H	M	C	P
0	0.04569	0.01545	0.01721	0.01343	0.01828	0.01654	0.01103	0.45571	0.09826	0.21389	0.01860	0.01756	0.01280	0.00773	0.00630	0.00195	0.00633	0.00597	0.00667	0.01061
1	0.00796	0.00663	0.00689	0.00679	0.00882	0.00575	0.00505	0.01011	0.03487	0.01808	0.13183	0.05777	0.61514	0.04592	0.00846	0.00229	0.00336	0.01284	0.00594	0.00549
2	0.00806	0.00603	0.00739	0.00810	0.00913	0.00550	0.00571	0.00958	0.01350	0.01761	0.13813	0.40119	0.22668	0.06629	0.00944	0.00263	0.00373	0.05013	0.00591	0.00527
3	0.01198	0.01128	0.01903	0.76180	0.04369	0.01409	0.01762	0.01621	0.01268	0.01621	0.01128	0.01691	0.00846	0.00634	0.00634	0.00211	0.00846	0.00564	0.00282	0.00705
4	0.01766	0.01119	0.01308	0.01102	0.01447	0.01151	0.00874	0.14482	0.19376	0.19106	0.23711	0.03078	0.06717	0.00996	0.00678	0.00202	0.00475	0.00835	0.00688	0.00889
5	0.02036	0.00906	0.01099	0.00912	0.01246	0.00854	0.00731	0.05552	0.04481	0.36172	0.02268	0.02230	0.01587	0.00767	0.00552	0.00175	0.00437	0.00617	0.36519	0.00860
6	0.02661	0.01251	0.01465	0.01157	0.01609	0.07954	0.00940	0.04776	0.01832	0.60421	0.05439	0.02165	0.01681	0.00793	0.00631	0.00192	0.00584	0.00636	0.02798	0.01013
7	0.38549	0.01198	0.01262	0.01021	0.01469	0.01231	0.00842	0.07704	0.01572	0.36765	0.01700	0.01603	0.01135	0.00695	0.00527	0.00196	0.00530	0.00500	0.00597	0.00903
8	0.01090	0.00681	0.00875	0.00835	0.01012	0.00614	0.00622	0.01327	0.01638	0.10922	0.42330	0.18925	0.13868	0.01412	0.00747	0.00213	0.00345	0.01240	0.00673	0.00632
9	0.52654	0.01215	0.01095	0.00893	0.01346	0.01255	0.00728	0.04456	0.01230	0.02636	0.00988	0.01143	0.00785	0.00557	0.00427	0.00163	0.00492	0.00363	0.00396	0.27179
10	0.01428	0.00715	0.00813	0.00743	0.00957	0.00694	0.00573	0.01785	0.04774	0.14108	0.13142	0.02697	0.02302	0.00838	0.00531	0.00167	0.00346	0.00690	0.52007	0.00691
11	0.05284	0.07419	0.27670	0.07750	0.10427	0.01525	0.04855	0.08653	0.01495	0.07478	0.01353	0.04401	0.01084	0.02668	0.00757	0.00212	0.05139	0.00575	0.00372	0.00883
12	0.03750	0.01747	0.07090	0.17413	0.25574	0.08427	0.15487	0.08989	0.01592	0.02137	0.01200	0.01549	0.00933	0.00604	0.00641	0.00197	0.00870	0.00575	0.00342	0.00885
13	0.00843	0.00625	0.00788	0.00802	0.00934	0.00570	0.00587	0.01070	0.01578	0.02147	0.42128	0.23448	0.17289	0.01538	0.00767	0.00219	0.00328	0.03122	0.00648	0.00566
14	0.00828	0.00664	0.00840	0.00819	0.00985	0.00592	0.03361	0.01019	0.01457	0.01885	0.21540	0.22109	0.35208	0.04712	0.00865	0.00237	0.00369	0.01360	0.00596	0.00553
15	0.00789	0.00569	0.00748	0.00862	0.00922	0.00528	0.00586	0.00928	0.01304	0.01751	0.13305	0.64534	0.07067	0.01877	0.00799	0.00248	0.00357	0.01695	0.00604	0.00528
16	0.01436	0.01160	0.01280	0.01178	0.01467	0.01284	0.00915	0.11672	0.38720	0.02560	0.07471	0.15712	0.05291	0.01160	0.00699	0.00223	0.00491	0.05791	0.00631	0.00856
17	0.01544	0.01546	0.05288	0.03392	0.58872	0.01526	0.01828	0.04652	0.01460	0.02085	0.01370	0.01714	0.03728	0.00663	0.00761	0.00198	0.07492	0.00590	0.00332	0.00960
18	0.82186	0.01227	0.00932	0.00834	0.01227	0.01423	0.00687	0.01865	0.01080	0.02846	0.00883	0.01031	0.00687	0.00589	0.00393	0.00196	0.00491	0.00344	0.00393	0.00687
19	0.01341	0.00866	0.00755	0.00723	0.00901	0.07692	0.00546	0.04219	0.01437	0.02350	0.01946	0.02218	0.01529	0.00732	0.00463	0.00151	0.00391	0.00573	0.70545	0.00623
20	0.01121	0.00725	0.00896	0.00827	0.01016	0.00698	0.00629	0.01537	0.07417	0.07138	0.52284	0.04020	0.04712	0.01144	0.00686	0.00193	0.00331	0.00995	0.12971	0.00661
21	0.01742	0.55450	0.04740	0.01208	0.01670	0.13499	0.01132	0.01953	0.01347	0.01558	0.00955	0.01135	0.00853	0.00612	0.00561	0.00153	0.06245	0.00381	0.04020	0.00786
22	0.00974	0.00758	0.00936	0.00875	0.01103	0.00642	0.00638	0.01171	0.01348	0.01908	0.14515	0.33554	0.06560	0.04513	0.00793	0.00211	0.00402	0.02826	0.00532	0.25741
23	0.01102	0.00551	0.00826	0.00826	0.00826	0.00551	0.00551	0.00826	0.00826	0.01102	0.01102	0.01928	0.01102	0.02204	0.02479	0.81543	0.00551	0.00551	0.00275	0.00275
24	0.01583	0.45205	0.29788	0.01387	0.02068	0.05102	0.01564	0.03651	0.01370	0.01748	0.00997	0.01155	0.00817	0.00575	0.00492	0.00163	0.00795	0.00396	0.00281	0.00863
25	0.01643	0.01392	0.04467	0.01199	0.01675	0.01308	0.00998	0.19002	0.19285	0.04167	0.01791	0.04794	0.01460	0.00758	0.00591	0.00168	0.00554	0.03327	0.00526	0.30895
26	0.01570	0.01507	0.02575	0.03894	0.73748	0.01507	0.01947	0.01947	0.01444	0.02073	0.01193	0.01570	0.01005	0.00565	0.00628	0.00188	0.00754	0.00565	0.00314	0.01005
27	0.01355	0.00840	0.01029	0.00899	0.01135	0.00817	0.00699	0.10772	0.01900	0.10920	0.47301	0.03736	0.04313	0.01101	0.00684	0.00192	0.00379	0.00947	0.10265	0.00716
28	0.00796	0.00594	0.00744	0.00847	0.00929	0.00551	0.00581	0.00970	0.03166	0.01710	0.07545	0.58932	0.16592	0.01855	0.00792	0.00246	0.00360	0.01659	0.00596	0.00536
29	0.01198	0.01128	0.01903	0.76180	0.04369	0.01409	0.01762	0.01621	0.01268	0.01621	0.01128	0.01691	0.00846	0.00634	0.00634	0.00211	0.00846	0.00564	0.00282	0.00705
30	0.30939	0.01507	0.01506	0.01202	0.01663	0.01670	0.00991	0.38769	0.04035	0.09827	0.01410	0.01426	0.01005	0.00705	0.00549	0.00194	0.00605	0.00500	0.00562	0.00937
31	0.35784	0.01227	0.01301	0.01047	0.01499	0.01264	0.00864	0.11012	0.01653	0.35889	0.01709	0.01612	0.01143	0.00701	0.00536	0.00196	0.00539	0.00507	0.00603	0.00916
32	0.02019	0.01033	0.01256	0.01056	0.01410	0.01011	0.00861	0.12595	0.06457	0.31471	0.05745	0.02882	0.03692	0.00927	0.00632	0.00198	0.00499	0.08207	0.17164	0.00885
33	0.82186	0.01227	0.00932	0.00834	0.01227	0.01423	0.00687	0.01865	0.01080	0.02846	0.00883	0.01031	0.00687	0.00589	0.00393	0.00196	0.00491	0.00344	0.00393	0.00687
34	0.14820	0.01245	0.01473	0.01152	0.01628	0.01225	0.00950	0.16274	0.03704	0.47842	0.02067	0.01868	0.01349	0.00753	0.00600	0.00196	0.00562	0.00582	0.00693	0.01018
35	0.01347	0.01374	0.02135	0.01745	0.01878	0.01751	0.13571	0.01557	0.01108	0.01633	0.01441	0.01891	0.07724	0.01056	0.01722	0.00260	0.56120	0.00663	0.00315	0.00707
36	0.00923	0.00615	0.00692	0.00692	0.00692	0.00615	0.00384	0.00923	0.00923	0.01230	0.01999	0.04151	0.02306	0.77705	0.03229	0.00615	0.00615	0.00923	0.00384	0.00384
37	0.01277	0.01229	0.02076	0.48469	0.12108	0.01471	0.06821	0.01658	0.01291	0.01735	0.04447	0.01778	0.01109	0.00714	0.00844	0.00217	0.11100	0.00603	0.00307	0.00746
38	0.00882	0.00683	0.00864	0.00879	0.01007	0.00650	0.02476	0.01159	0.06503	0.01851	0.16220	0.35649	0.18129	0.08826	0.01002	0.00268	0.00398	0.01403	0.00586	0.00566
39	0.01518	0.01321	0.01705	0.01309	0.03552	0.04120	0.09218	0.05699	0.03072	0.05451	0.02609	0.01501	0.01090	0.00560	0.00581	0.00133	0.02655	0.00476	0.00408	0.53022
40	0.00847	0.00711	0.00744	0.00724	0.00944	0.00642	0.00546	0.01180	0.08218	0.01910	0.14716	0.05575	0.58006	0.01496	0.00740	0.00212	0.00336	0.01255	0.00609	0.00588

[dist]
# distance from previous block
# <min> <max>
15	20

[block]
# block no. 6 follows, 35 sequences, length 10
# corresponding to MSA columns:
# 446-455
name=unknown_G
#
# <colnr> <probs for GDERKNQSTAVLIFYWHMCP>
#	G	D	E	R	K	N	Q	S	T	A	V	L	I	F	Y	W	H	M	C	P
0	0.04426	0.01421	0.01523	0.01235	0.01655	0.04304	0.01005	0.32166	0.10514	0.16749	0.01934	0.02078	0.01435	0.00805	0.00612	0.00190	0.00597	0.03930	0.09833	0.03588
1	0.01572	0.03603	0.01626	0.01448	0.05115	0.11205	0.04551	0.09553	0.12380	0.04236	0.01973	0.12008	0.03925	0.01265	0.05595	0.02231	0.09302	0.02331	0.02327	0.03753
2	0.00930	0.00643	0.00774	0.00757	0.00905	0.00586	0.00548	0.01141	0.01528	0.04387	0.35485	0.12680	0.21412	0.09554	0.00999	0.00251	0.00353	0.01193	0.05308	0.00566
3	0.00902	0.00628	0.00789	0.00812	0.00870	0.00633	0.00549	0.00999	0.01112	0.01500	0.08749	0.12808	0.06914	0.37817	0.14665	0.03240	0.00721	0.05374	0.00450	0.00468
4	0.00802	0.00620	0.00719	0.00743	0.00884	0.00551	0.00530	0.00974	0.01441	0.01862	0.21701	0.23174	0.35504	0.06461	0.00922	0.00247	0.00346	0.01380	0.00603	0.00536
5	0.02729	0.01106	0.01469	0.01144	0.01622	0.00992	0.00939	0.03118	0.08382	0.67551	0.02510	0.02179	0.01604	0.00792	0.00639	0.00198	0.00536	0.00645	0.00772	0.01073
6	0.01627	0.60636	0.12898	0.01204	0.01783	0.02281	0.01250	0.02053	0.07980	0.01672	0.01076	0.01188	0.00918	0.00581	0.00456	0.00152	0.00697	0.00392	0.00306	0.00849
7	0.02299	0.02708	0.01834	0.01709	0.05533	0.58495	0.01249	0.11631	0.05167	0.01950	0.01136	0.01271	0.00912	0.00673	0.00586	0.00171	0.01037	0.00452	0.00381	0.00806
8	0.02014	0.02276	0.01842	0.07254	0.06032	0.42546	0.03838	0.09616	0.04273	0.01926	0.01274	0.05162	0.01093	0.00757	0.00693	0.00186	0.05398	0.00553	0.02484	0.00781
9	0.03332	0.07323	0.01684	0.01404	0.07124	0.01311	0.06007	0.15629	0.09613	0.04818	0.09588	0.08204	0.08917	0.03699	0.00748	0.00213	0.00574	0.03847	0.00532	0.05433

[dist]
# distance from previous block
# <min> <max>
3	91

[block]
# block no. 7 follows, 35 sequences, length 12
# corresponding to MSA columns:
# 561-572
name=unknown_H
#
# <colnr> <probs for GDERKNQSTAVLIFYWHMCP>
#	G	D	E	R	K	N	Q	S	T	A	V	L	I	F	Y	W	H	M	C	P
0	0.01541	0.05686	0.01732	0.07878	0.04034	0.09707	0.04884	0.06948	0.05815	0.02133	0.04606	0.01580	0.01220	0.00599	0.00548	0.00143	0.00644	0.00491	0.00402	0.39409
1	0.01186	0.00775	0.00946	0.00904	0.01098	0.00749	0.00676	0.01585	0.11134	0.10388	0.23247	0.16769	0.14862	0.05048	0.00938	0.04127	0.00408	0.03875	0.00625	0.00658
2	0.01034	0.00936	0.04034	0.01119	0.06399	0.02526	0.00806	0.04478	0.01478	0.01959	0.12986	0.18966	0.25763	0.04120	0.00869	0.00233	0.03493	0.03789	0.04387	0.00626
3	0.01463	0.21765	0.06506	0.08380	0.04968	0.01529	0.03958	0.04230	0.01361	0.01911	0.01072	0.01311	0.00893	0.00560	0.00577	0.00143	0.04271	0.00428	0.00333	0.34343
4	0.00906	0.00680	0.01020	0.01020	0.01133	0.00793	0.00793	0.01133	0.01020	0.01473	0.01699	0.02492	0.01586	0.04758	0.75191	0.01020	0.01699	0.00680	0.00340	0.00566
5	0.01519	0.17945	0.01677	0.01088	0.01364	0.01329	0.00898	0.05582	0.03783	0.13085	0.01715	0.05244	0.01528	0.09628	0.25577	0.00504	0.05713	0.00656	0.00432	0.00733
6	0.05883	0.12041	0.05141	0.05391	0.14722	0.08525	0.05168	0.12278	0.06404	0.10061	0.01571	0.07272	0.01302	0.00755	0.00604	0.00190	0.00719	0.00627	0.00451	0.00894
7	0.01102	0.00730	0.00888	0.00845	0.01056	0.00670	0.00652	0.01414	0.05191	0.10075	0.30810	0.09754	0.26216	0.01398	0.00746	0.00216	0.00370	0.06569	0.00655	0.00646
8	0.05097	0.32939	0.10096	0.01381	0.05730	0.15128	0.01211	0.03953	0.01440	0.01831	0.01034	0.01204	0.00868	0.00573	0.00487	0.00149	0.00745	0.00398	0.02623	0.13116
9	0.05649	0.06918	0.01442	0.01231	0.05289	0.01031	0.06201	0.01417	0.01130	0.05948	0.01648	0.02548	0.01561	0.20220	0.34294	0.00654	0.01132	0.00687	0.00372	0.00628
10	0.08103	0.01365	0.07052	0.06108	0.01738	0.03355	0.01036	0.07662	0.22546	0.10263	0.03463	0.06215	0.01679	0.04533	0.02898	0.00240	0.00611	0.00680	0.04960	0.05495
11	0.20096	0.08145	0.06928	0.01426	0.08784	0.05587	0.02208	0.08253	0.04904	0.09034	0.01580	0.07471	0.02551	0.00848	0.02296	0.00205	0.00650	0.00593	0.00447	0.07993

[dist]
# distance from previous block
# <min> <max>
1	6

[block]
# block no. 8 follows, 35 sequences, length 9
# corresponding to MSA columns:
# 579-587
name=unknown_I
#
# <colnr> <probs for GDERKNQSTAVLIFYWHMCP>
#	G	D	E	R	K	N	Q	S	T	A	V	L	I	F	Y	W	H	M	C	P
0	0.01515	0.04598	0.20365	0.01729	0.04475	0.06867	0.05170	0.07579	0.01364	0.01927	0.01060	0.01413	0.00888	0.00941	0.03670	0.00247	0.30124	0.00522	0.00319	0.05229
1	0.01345	0.01049	0.01105	0.00993	0.01261	0.07921	0.02720	0.03796	0.07589	0.11065	0.17444	0.08216	0.28551	0.01259	0.00713	0.00208	0.00481	0.02974	0.00608	0.00700
2	0.01050	0.00769	0.00912	0.00847	0.01046	0.00742	0.00638	0.04165	0.08503	0.04630	0.42098	0.06969	0.19476	0.04317	0.00830	0.00222	0.00362	0.01121	0.00654	0.00647
3	0.00800	0.00585	0.00752	0.00836	0.00920	0.00537	0.00579	0.00961	0.01378	0.01849	0.20371	0.52125	0.12404	0.01781	0.00788	0.00239	0.00347	0.01596	0.00615	0.00537
4	0.00825	0.00644	0.00737	0.00715	0.00889	0.00568	0.00529	0.01039	0.01575	0.02059	0.36074	0.05395	0.39702	0.05403	0.00877	0.00228	0.00327	0.01232	0.00627	0.00556
5	0.00796	0.00627	0.00718	0.00733	0.00895	0.00549	0.00535	0.00986	0.01499	0.01929	0.24679	0.19501	0.41112	0.01593	0.00761	0.00218	0.00324	0.01375	0.00620	0.00549
6	0.70143	0.01310	0.01079	0.00929	0.01339	0.01505	0.00765	0.12397	0.01367	0.03020	0.00980	0.01105	0.00746	0.00615	0.00429	0.00195	0.00522	0.00378	0.00429	0.00746
7	0.82186	0.01227	0.00932	0.00834	0.01227	0.01423	0.00687	0.01865	0.01080	0.02846	0.00883	0.01031	0.00687	0.00589	0.00393	0.00196	0.00491	0.00344	0.00393	0.00687
8	0.01272	0.03281	0.74418	0.01808	0.02746	0.01473	0.02344	0.02009	0.01339	0.02009	0.01138	0.01339	0.00804	0.00603	0.00603	0.00201	0.00938	0.00469	0.00268	0.00938

[dist]
# distance from previous block
# <min> <max>
0	1

[block]
# block no. 9 follows, 35 sequences, length 12
# corresponding to MSA columns:
# 589-600
name=unknown_J
#
# <colnr> <probs for GDERKNQSTAVLIFYWHMCP>
#	G	D	E	R	K	N	Q	S	T	A	V	L	I	F	Y	W	H	M	C	P
0	0.01306	0.02430	0.45818	0.01629	0.02239	0.01446	0.01850	0.01880	0.04059	0.04361	0.01376	0.06695	0.01157	0.01045	0.05071	0.00266	0.15591	0.00605	0.00328	0.00848
1	0.82186	0.01227	0.00932	0.00834	0.01227	0.01423	0.00687	0.01865	0.01080	0.02846	0.00883	0.01031	0.00687	0.00589	0.00393	0.00196	0.00491	0.00344	0.00393	0.00687
2	0.00807	0.00614	0.00742	0.00775	0.00908	0.00550	0.00557	0.00996	0.01484	0.01957	0.27604	0.29662	0.27782	0.01633	0.00769	0.00224	0.00330	0.01432	0.00625	0.00550
3	0.02409	0.01855	0.01897	0.01471	0.01967	0.06572	0.01207	0.67285	0.02908	0.03844	0.01489	0.01499	0.01062	0.00755	0.00631	0.00189	0.00726	0.00561	0.00615	0.01057
4	0.01488	0.07677	0.16884	0.03236	0.05314	0.07306	0.03730	0.09589	0.04652	0.03534	0.01798	0.11754	0.04231	0.05715	0.00853	0.00222	0.04122	0.00730	0.00416	0.06749
5	0.01576	0.22849	0.34828	0.01595	0.02245	0.14145	0.04534	0.02025	0.01397	0.01771	0.01108	0.01428	0.00909	0.00653	0.00627	0.00184	0.04298	0.02691	0.00292	0.00845
6	0.02302	0.01344	0.01563	0.01228	0.01675	0.01376	0.01004	0.33960	0.05161	0.28803	0.08782	0.02335	0.05781	0.00870	0.00653	0.00196	0.00576	0.00697	0.00692	0.01002
7	0.00961	0.00710	0.00998	0.11965	0.01459	0.00780	0.00792	0.01189	0.01193	0.01694	0.08922	0.10567	0.05490	0.11944	0.28737	0.00559	0.00948	0.00871	0.09656	0.00564
8	0.01666	0.05012	0.14034	0.18548	0.21437	0.09784	0.05918	0.09832	0.01610	0.04430	0.01219	0.01511	0.00933	0.00623	0.00618	0.00193	0.00850	0.00537	0.00351	0.00892
9	0.00906	0.00597	0.00769	0.00849	0.00898	0.00573	0.00558	0.00998	0.01151	0.04503	0.02962	0.50737	0.03448	0.22493	0.05164	0.00389	0.00508	0.01462	0.00529	0.00506
10	0.07339	0.00858	0.01041	0.00960	0.01228	0.00811	0.00749	0.03891	0.04022	0.23125	0.08433	0.21622	0.14938	0.01325	0.00709	0.00223	0.00447	0.06895	0.00643	0.00742
11	0.01615	0.01523	0.05276	0.11688	0.16517	0.07023	0.09698	0.08215	0.04525	0.07105	0.04443	0.06388	0.01431	0.00855	0.00858	0.03469	0.07444	0.00681	0.00413	0.00833

[dist]
# distance from previous block
# <min> <max>
0	13

[block]
# block no. 10 follows, 35 sequences, length 34
# corresponding to MSA columns:
# 614-647
name=unknown_K
#
# <colnr> <probs for GDERKNQSTAVLIFYWHMCP>
#	G	D	E	R	K	N	Q	S	T	A	V	L	I	F	Y	W	H	M	C	P
0	0.07070	0.07737	0.07123	0.15268	0.10028	0.23157	0.05955	0.04775	0.01522	0.01910	0.03277	0.01487	0.01029	0.00665	0.00657	0.00188	0.04575	0.00510	0.02279	0.00787
1	0.50960	0.01104	0.01057	0.04115	0.04334	0.01233	0.00778	0.04185	0.01216	0.06468	0.01247	0.04386	0.01028	0.00812	0.00631	0.07051	0.00509	0.00484	0.07716	0.00686
2	0.03471	0.00924	0.01304	0.07809	0.15770	0.00940	0.00998	0.01531	0.05151	0.04974	0.17303	0.08993	0.11743	0.04538	0.06003	0.00281	0.00590	0.03106	0.03867	0.00705
3	0.01185	0.00989	0.01443	0.46411	0.02996	0.03336	0.01282	0.01540	0.01318	0.01842	0.04542	0.07596	0.01502	0.00789	0.00603	0.00197	0.00660	0.00682	0.20427	0.00659
4	0.00905	0.00629	0.00795	0.00817	0.00949	0.00570	0.00588	0.01106	0.01514	0.05029	0.32094	0.32428	0.17026	0.01593	0.00767	0.00224	0.00339	0.01409	0.00641	0.00576
5	0.01929	0.02268	0.01770	0.04306	0.05412	0.44294	0.01255	0.02222	0.06261	0.01642	0.01142	0.01432	0.00975	0.01117	0.07635	0.00268	0.14499	0.00493	0.00338	0.00743
6	0.00767	0.00643	0.00667	0.00661	0.00868	0.00543	0.00496	0.00944	0.01487	0.01812	0.14321	0.05944	0.65535	0.01570	0.00750	0.00212	0.00319	0.01316	0.00602	0.00543
7	0.01351	0.01149	0.01335	0.00957	0.01518	0.00882	0.00766	0.03872	0.01370	0.02130	0.01140	0.01322	0.00944	0.00479	0.00475	0.00097	0.00477	0.00382	0.00384	0.78968
8	0.00791	0.00574	0.00750	0.00877	0.00940	0.00533	0.00607	0.00924	0.01272	0.01681	0.06484	0.64130	0.10074	0.01914	0.00806	0.00254	0.00375	0.05896	0.00593	0.00524
9	0.04137	0.09439	0.06502	0.01391	0.03664	0.01422	0.06140	0.11398	0.10565	0.19342	0.07839	0.07659	0.01864	0.00875	0.00712	0.00202	0.04675	0.00720	0.00555	0.00901
10	0.02108	0.02702	0.12036	0.05502	0.09272	0.49536	0.01463	0.02390	0.01674	0.05977	0.01121	0.01301	0.00880	0.00645	0.00589	0.00175	0.01026	0.00454	0.00342	0.00809
11	0.51885	0.08836	0.04434	0.01096	0.01509	0.07614	0.03152	0.02047	0.07207	0.02479	0.01056	0.01201	0.00835	0.00633	0.00520	0.00194	0.03766	0.00407	0.00385	0.00746
