[name]
unknown

[dist]
# distance from previous block
# <min> <max>
10	102

[block]
# block no. 0 follows, 37 sequences, length 35
# corresponding to MSA columns:
# 194-228
name=unknown_A
#
# <colnr> <probs for GDERKNQSTAVLIFYWHMCP>
#	G	D	E	R	K	N	Q	S	T	A	V	L	I	F	Y	W	H	M	C	P
0	0.09074	0.05830	0.07318	0.04909	0.10839	0.06134	0.07203	0.16954	0.10725	0.06619	0.01522	0.01636	0.02955	0.00685	0.00631	0.00188	0.03309	0.00552	0.00442	0.02476
1	0.05563	0.01530	0.05771	0.01503	0.05945	0.05549	0.09161	0.14252	0.13633	0.13464	0.01588	0.01631	0.01162	0.00644	0.00581	0.00173	0.00649	0.00544	0.00491	0.16167
2	0.07595	0.01645	0.03900	0.08124	0.23354	0.12821	0.07624	0.06460	0.12481	0.02151	0.03491	0.01623	0.01179	0.00636	0.00591	0.00183	0.00739	0.00551	0.00389	0.04463
3	0.03966	0.01245	0.01561	0.06837	0.13783	0.07163	0.01139	0.01816	0.08087	0.07276	0.10400	0.07142	0.01850	0.01073	0.04683	0.00241	0.14601	0.00687	0.00430	0.06021
4	0.02256	0.01875	0.01954	0.01518	0.01994	0.12070	0.06434	0.57751	0.02615	0.03393	0.01381	0.01433	0.00998	0.00704	0.00612	0.00182	0.00759	0.00542	0.00549	0.00979
5	0.00890	0.00612	0.00721	0.00744	0.00785	0.00603	0.00485	0.00959	0.01046	0.01382	0.05837	0.06248	0.07024	0.56739	0.02459	0.00496	0.00552	0.11565	0.00431	0.00422
6	0.01004	0.00543	0.00766	0.00778	0.00781	0.00540	0.00505	0.00819	0.00846	0.01128	0.01419	0.08695	0.01531	0.16300	0.02391	0.60108	0.00528	0.00700	0.00311	0.00305
7	0.01811	0.01467	0.01758	0.01429	0.01853	0.01623	0.08375	0.25120	0.41278	0.05383	0.02036	0.01954	0.01497	0.00765	0.00630	0.00199	0.00602	0.00648	0.00592	0.00980
8	0.00781	0.00588	0.00685	0.00739	0.00841	0.00535	0.00511	0.00901	0.01237	0.01576	0.07291	0.30738	0.29990	0.16315	0.01204	0.00298	0.00390	0.04358	0.00535	0.00487
9	0.07286	0.08837	0.61063	0.04825	0.02524	0.01493	0.02025	0.01904	0.01267	0.01943	0.01061	0.01261	0.00770	0.00577	0.00553	0.00189	0.00850	0.00438	0.00268	0.00868
10	0.00878	0.00641	0.00908	0.00908	0.00991	0.00724	0.00671	0.01044	0.00961	0.01365	0.01709	0.02789	0.01697	0.22315	0.58566	0.00890	0.01389	0.00712	0.00338	0.00504
11	0.00876	0.00651	0.00960	0.00960	0.01062	0.00752	0.00736	0.01078	0.00977	0.01404	0.01661	0.02523	0.01582	0.10052	0.70671	0.00955	0.01562	0.00673	0.00331	0.00534
12	0.01427	0.01658	0.05879	0.06678	0.08354	0.01527	0.61158	0.01933	0.01424	0.01941	0.01219	0.01628	0.00920	0.00526	0.00703	0.00204	0.00994	0.00691	0.00305	0.00831
13	0.01529	0.04918	0.02885	0.06978	0.33176	0.07040	0.30591	0.01935	0.01424	0.01899	0.01156	0.01524	0.00923	0.00542	0.00641	0.00189	0.00881	0.00597	0.00303	0.00868
14	0.00860	0.00589	0.00712	0.00739	0.00758	0.00594	0.00454	0.00906	0.00955	0.01286	0.02175	0.18144	0.02499	0.55316	0.10927	0.00571	0.00666	0.01028	0.00404	0.00415
15	0.00890	0.00593	0.00668	0.00668	0.00668	0.00593	0.00371	0.00890	0.00890	0.01187	0.01929	0.04006	0.02225	0.78487	0.03116	0.00593	0.00593	0.00890	0.00371	0.00371
16	0.01859	0.46160	0.06569	0.01285	0.01751	0.30076	0.01164	0.02069	0.01431	0.01489	0.00900	0.01045	0.00786	0.00567	0.00463	0.00144	0.00837	0.00359	0.00282	0.00763
17	0.00851	0.00625	0.00797	0.00754	0.00905	0.00571	0.00565	0.01125	0.01696	0.02367	0.66873	0.04717	0.13303	0.01284	0.00722	0.00194	0.00291	0.01127	0.00662	0.00571
18	0.01695	0.53241	0.04602	0.01310	0.03200	0.10059	0.05593	0.04852	0.05298	0.01662	0.01010	0.01155	0.00868	0.00576	0.00502	0.00151	0.02716	0.00401	0.00305	0.00804
19	0.01523	0.01315	0.01384	0.01246	0.01592	0.01523	0.00969	0.03253	0.73563	0.02561	0.02491	0.02284	0.01869	0.00830	0.00623	0.00208	0.00484	0.00692	0.00623	0.00969
20	0.01658	0.21087	0.08184	0.03089	0.06653	0.14960	0.01204	0.10662	0.03254	0.03946	0.03302	0.01695	0.01205	0.01233	0.11216	0.00286	0.02535	0.02676	0.00370	0.00786
21	0.01333	0.24246	0.23430	0.04543	0.02246	0.01600	0.16609	0.01764	0.01345	0.01794	0.05331	0.02102	0.03617	0.00715	0.00593	0.00187	0.00775	0.06657	0.00329	0.00785
22	0.00866	0.00626	0.00818	0.00770	0.00914	0.00578	0.00578	0.01155	0.01733	0.02455	0.74346	0.04572	0.05776	0.01251	0.00722	0.00193	0.00289	0.01107	0.00674	0.00578
23	0.00822	0.00617	0.00810	0.00904	0.03619	0.00570	0.00616	0.01017	0.01425	0.01930	0.30099	0.36295	0.14164	0.01563	0.00746	0.00220	0.00343	0.03093	0.00598	0.00549
24	0.01537	0.14722	0.39461	0.01608	0.02269	0.07608	0.05204	0.10990	0.01503	0.02036	0.01079	0.01272	0.00822	0.00631	0.00670	0.00186	0.06764	0.00460	0.00312	0.00866
25	0.01156	0.01088	0.01836	0.77016	0.04216	0.01360	0.01700	0.01564	0.01224	0.01564	0.01088	0.01632	0.00816	0.00612	0.00612	0.00204	0.00816	0.00544	0.00272	0.00680
26	0.00729	0.00599	0.00642	0.00676	0.00841	0.00512	0.00490	0.00872	0.01342	0.01632	0.05523	0.23201	0.57548	0.01638	0.00737	0.00217	0.00321	0.01399	0.00568	0.00512
27	0.01267	0.00911	0.01327	0.05138	0.18690	0.00893	0.00993	0.01556	0.03311	0.11168	0.15302	0.08783	0.13157	0.05345	0.06375	0.00280	0.00587	0.03694	0.00507	0.00716
28	0.07702	0.01383	0.01421	0.12648	0.05273	0.15819	0.01029	0.09725	0.03689	0.09040	0.01256	0.01588	0.01005	0.01084	0.01100	0.23975	0.00705	0.00508	0.00385	0.00663
29	0.05338	0.01625	0.01759	0.01353	0.01837	0.01776	0.01118	0.62805	0.02694	0.11194	0.01545	0.01516	0.01076	0.00731	0.00604	0.00185	0.00650	0.00550	0.00619	0.01027
30	0.00928	0.00673	0.00897	0.00973	0.01115	0.00652	0.00812	0.01186	0.01459	0.01929	0.20021	0.06127	0.10870	0.05198	0.00912	0.00268	0.00476	0.44372	0.00581	0.00553
31	0.00932	0.00736	0.00805	0.00792	0.00956	0.02897	0.00577	0.01207	0.06317	0.03606	0.19116	0.14645	0.30337	0.08924	0.05133	0.00288	0.00454	0.01156	0.00559	0.00564
32	0.01269	0.01088	0.01269	0.00907	0.01451	0.00816	0.00725	0.01541	0.01269	0.01995	0.01088	0.01269	0.00907	0.00453	0.00453	0.00091	0.00453	0.00363	0.00363	0.82229
33	0.01408	0.01407	0.02168	0.11885	0.33355	0.06383	0.07839	0.01720	0.01272	0.01749	0.01137	0.01592	0.00974	0.01137	0.09989	0.00297	0.14026	0.00563	0.00298	0.00801
34	0.13350	0.01161	0.03682	0.24122	0.08724	0.01132	0.01149	0.03047	0.01247	0.01954	0.01247	0.03395	0.02729	0.00673	0.00612	0.03802	0.00606	0.00500	0.00340	0.26530

[dist]
# distance from previous block
# <min> <max>
1	5

[block]
# block no. 1 follows, 37 sequences, length 37
# corresponding to MSA columns:
# 234-270
name=unknown_B
#
# <colnr> <probs for GDERKNQSTAVLIFYWHMCP>
#	G	D	E	R	K	N	Q	S	T	A	V	L	I	F	Y	W	H	M	C	P
0	0.00773	0.00544	0.00702	0.00818	0.00847	0.00515	0.00532	0.00859	0.01120	0.01493	0.03105	0.64316	0.03710	0.16153	0.01215	0.00313	0.00399	0.01582	0.00532	0.00474
1	0.04032	0.09679	0.06224	0.12263	0.17941	0.01422	0.22976	0.01704	0.01346	0.01849	0.03276	0.07088	0.06058	0.00722	0.00633	0.00194	0.00762	0.00708	0.00341	0.00783
2	0.01603	0.05680	0.09558	0.01401	0.01761	0.08494	0.03681	0.13527	0.18296	0.04137	0.01739	0.06891	0.01495	0.00997	0.02842	0.00229	0.11652	0.04728	0.00462	0.00828
3	0.01399	0.01388	0.01640	0.07701	0.05991	0.12549	0.03102	0.03190	0.03152	0.01662	0.03147	0.01791	0.01193	0.05380	0.10795	0.00334	0.29270	0.00576	0.05067	0.00675
4	0.00739	0.00606	0.00652	0.00670	0.00844	0.00519	0.00491	0.00898	0.01388	0.01707	0.11563	0.17433	0.57199	0.01584	0.00733	0.00212	0.00316	0.01348	0.00577	0.00519
5	0.17146	0.01373	0.04378	0.26917	0.28235	0.03422	0.04014	0.01815	0.01289	0.04286	0.01108	0.01457	0.00864	0.00581	0.00566	0.00191	0.00728	0.00505	0.00321	0.00804
6	0.13892	0.05870	0.05779	0.01108	0.01566	0.03665	0.02501	0.09940	0.07662	0.06359	0.05679	0.03598	0.01353	0.00669	0.00552	0.00159	0.02090	0.00518	0.00445	0.26596
7	0.01848	0.02111	0.02082	0.08494	0.35040	0.36381	0.01539	0.02119	0.01540	0.01731	0.01050	0.01332	0.00873	0.00591	0.00581	0.00172	0.00911	0.00474	0.00306	0.00825
8	0.01269	0.01088	0.01269	0.00907	0.01451	0.00816	0.00725	0.01541	0.01269	0.01995	0.01088	0.01269	0.00907	0.00453	0.00453	0.00091	0.00453	0.00363	0.00363	0.82229
9	0.01637	0.78856	0.03208	0.01047	0.01571	0.02422	0.01047	0.01833	0.01244	0.01440	0.00851	0.00982	0.00786	0.00524	0.00393	0.00131	0.00655	0.00327	0.00262	0.00786
10	0.00755	0.00539	0.00720	0.00862	0.00902	0.00505	0.00584	0.00868	0.01181	0.01572	0.03369	0.75478	0.04029	0.01909	0.00784	0.00250	0.00363	0.04263	0.00568	0.00500
11	0.00874	0.00656	0.00984	0.00984	0.01093	0.00765	0.00765	0.01093	0.00984	0.01421	0.01640	0.02405	0.01530	0.04591	0.76062	0.00984	0.01640	0.00656	0.00328	0.00547
12	0.82811	0.01184	0.00900	0.00805	0.01184	0.01373	0.00663	0.01799	0.01042	0.02746	0.00852	0.00994	0.00663	0.00568	0.00379	0.00189	0.00474	0.00331	0.00379	0.00663
13	0.01269	0.01088	0.01269	0.00907	0.01451	0.00816	0.00725	0.01541	0.01269	0.01995	0.01088	0.01269	0.00907	0.00453	0.00453	0.00091	0.00453	0.00363	0.00363	0.82229
14	0.00858	0.00599	0.00659	0.00659	0.00698	0.00579	0.00389	0.00888	0.00986	0.01276	0.02743	0.04365	0.15984	0.63826	0.02660	0.00520	0.00539	0.00967	0.00409	0.00399
15	0.01063	0.00532	0.00797	0.00797	0.00797	0.00532	0.00532	0.00797	0.00797	0.01063	0.01063	0.01861	0.01063	0.02127	0.02392	0.82190	0.00532	0.00532	0.00266	0.00266
16	0.00734	0.00621	0.00635	0.00631	0.00833	0.00521	0.00473	0.00899	0.01420	0.01712	0.11154	0.05795	0.69431	0.01529	0.00723	0.00206	0.00309	0.01278	0.00576	0.00521
17	0.01660	0.01121	0.01194	0.01010	0.01321	0.01218	0.00803	0.26035	0.15966	0.05150	0.04205	0.02072	0.01579	0.00762	0.00544	0.00172	0.00464	0.00606	0.33295	0.00823
18	0.00925	0.00698	0.00867	0.00843	0.01003	0.00679	0.00637	0.01347	0.09748	0.02279	0.49722	0.12533	0.09700	0.01322	0.00725	0.00206	0.00336	0.05181	0.00643	0.00608
19	0.01523	0.01315	0.01384	0.01246	0.01592	0.01523	0.00969	0.03253	0.73563	0.02561	0.02491	0.02284	0.01869	0.00830	0.00623	0.00208	0.00484	0.00692	0.00623	0.00969
20	0.00746	0.00533	0.00710	0.00852	0.00888	0.00497	0.00568	0.00852	0.01172	0.01563	0.03374	0.78088	0.04049	0.01918	0.00781	0.00249	0.00355	0.01740	0.00568	0.00497
21	0.00770	0.00625	0.00684	0.00677	0.00865	0.00539	0.00512	0.00964	0.01483	0.01867	0.23690	0.05586	0.54222	0.01478	0.00727	0.00206	0.00313	0.03664	0.00595	0.00534
22	0.00890	0.00593	0.00668	0.00668	0.00668	0.00593	0.00371	0.00890	0.00890	0.01187	0.01929	0.04006	0.02225	0.78487	0.03116	0.00593	0.00593	0.00890	0.00371	0.00371
23	0.01903	0.01380	0.01502	0.01257	0.01656	0.01532	0.01004	0.23753	0.41765	0.11945	0.02166	0.02017	0.01571	0.00790	0.00614	0.00197	0.00540	0.00638	0.02784	0.00989
24	0.00751	0.00621	0.00661	0.00673	0.00862	0.00531	0.00509	0.00921	0.01410	0.01719	0.10993	0.09560	0.61535	0.01555	0.00733	0.00212	0.00326	0.05329	0.00576	0.00523
25	0.06725	0.01079	0.01390	0.01092	0.01546	0.00993	0.00895	0.02952	0.09642	0.63371	0.02343	0.02050	0.01510	0.00756	0.00604	0.00191	0.00514	0.00609	0.00723	0.01014
26	0.00832	0.00639	0.00706	0.00693	0.00892	0.00552	0.00530	0.01025	0.01478	0.04205	0.20127	0.05546	0.54055	0.01470	0.00726	0.00207	0.00326	0.04847	0.00596	0.00549
27	0.02280	0.01691	0.01811	0.01399	0.01880	0.01876	0.01152	0.68593	0.06989	0.03782	0.01529	0.01517	0.01089	0.00740	0.00613	0.00185	0.00663	0.00559	0.00613	0.01037
28	0.74541	0.01345	0.06414	0.00891	0.01312	0.01391	0.00795	0.03793	0.01112	0.02718	0.00888	0.01030	0.00682	0.00574	0.00400	0.00190	0.00511	0.00347	0.00376	0.00691
29	0.02287	0.02917	0.01735	0.01577	0.01892	0.76030	0.01183	0.02444	0.01735	0.01498	0.00946	0.01104	0.00788	0.00631	0.00552	0.00158	0.01104	0.00394	0.00315	0.00710
30	0.00786	0.00605	0.00728	0.00801	0.00932	0.00547	0.00601	0.00954	0.01337	0.01697	0.08360	0.31379	0.33281	0.01688	0.00766	0.00234	0.00370	0.13839	0.00573	0.00522
31	0.02691	0.01030	0.01403	0.01080	0.01544	0.00890	0.00890	0.02929	0.01751	0.72960	0.04527	0.02157	0.01640	0.00772	0.00619	0.00189	0.00514	0.00630	0.00755	0.01028
32	0.02144	0.16356	0.04403	0.01448	0.01860	0.43336	0.01189	0.18408	0.01894	0.02043	0.01054	0.01172	0.00845	0.00634	0.00538	0.00160	0.00918	0.00420	0.00372	0.00806
33	0.00876	0.00650	0.00957	0.00957	0.01056	0.00750	0.00731	0.01076	0.00976	0.01401	0.01665	0.02543	0.01590	0.10956	0.69778	0.00950	0.01550	0.00676	0.00332	0.00531
34	0.00773	0.00544	0.00702	0.00817	0.00846	0.00515	0.00531	0.00860	0.01119	0.01491	0.03100	0.64040	0.03703	0.16438	0.01224	0.00314	0.00400	0.01579	0.00531	0.00473
35	0.01391	0.01541	0.03222	0.06293	0.02995	0.01529	0.58412	0.01850	0.01362	0.01867	0.01210	0.01660	0.00942	0.00782	0.04708	0.00252	0.08200	0.00692	0.00305	0.00789
36	0.01624	0.01475	0.01722	0.01569	0.06414	0.10087	0.06696	0.09205	0.23946	0.05579	0.01747	0.05818	0.01452	0.03106	0.04459	0.00255	0.12881	0.00667	0.00468	0.00830

[dist]
# distance from previous block
# <min> <max>
1	6

[block]
# block no. 2 follows, 37 sequences, length 39
# corresponding to MSA columns:
# 281-319
name=unknown_C
#
# <colnr> <probs for GDERKNQSTAVLIFYWHMCP>
#	G	D	E	R	K	N	Q	S	T	A	V	L	I	F	Y	W	H	M	C	P
0	0.07368	0.11491	0.05871	0.01600	0.08246	0.24683	0.07063	0.03493	0.06740	0.06754	0.01383	0.01516	0.03206	0.00725	0.02248	0.00187	0.00812	0.00496	0.00377	0.05742
1	0.00911	0.00708	0.01015	0.05381	0.01227	0.00815	0.00776	0.01112	0.01062	0.01496	0.07389	0.02832	0.05578	0.12441	0.49307	0.00752	0.05554	0.00737	0.00365	0.00541
2	0.01399	0.01379	0.02053	0.04336	0.05781	0.01778	0.08095	0.05058	0.01124	0.01682	0.00913	0.01393	0.00839	0.00942	0.01655	0.00247	0.57661	0.00550	0.00293	0.02822
3	0.01063	0.00532	0.00797	0.00797	0.00797	0.00532	0.00532	0.00797	0.00797	0.01063	0.01063	0.01861	0.01063	0.02127	0.02392	0.82190	0.00532	0.00532	0.00266	0.00266
4	0.01359	0.01304	0.02166	0.30715	0.39228	0.01473	0.01744	0.01710	0.01273	0.01771	0.01084	0.01536	0.00891	0.00637	0.00786	0.00201	0.10467	0.00544	0.00287	0.00824
5	0.00874	0.00656	0.00984	0.00984	0.01093	0.00765	0.00765	0.01093	0.00984	0.01421	0.01640	0.02405	0.01530	0.04591	0.76062	0.00984	0.01640	0.00656	0.00328	0.00547
6	0.01873	0.38897	0.09816	0.01343	0.01816	0.33691	0.01227	0.02104	0.01458	0.01515	0.00916	0.01065	0.00786	0.00575	0.00480	0.00149	0.00871	0.00368	0.00284	0.00765
7	0.00890	0.00595	0.00677	0.00677	0.00680	0.00599	0.00383	0.00896	0.00893	0.01194	0.01920	0.03958	0.02205	0.76270	0.05305	0.00605	0.00625	0.00883	0.00370	0.00376
8	0.01333	0.01331	0.01874	0.04107	0.01694	0.01858	0.01351	0.01476	0.00947	0.01476	0.00813	0.01349	0.00804	0.01056	0.01963	0.00266	0.74830	0.00536	0.00268	0.00670
9	0.01114	0.00722	0.00883	0.00890	0.01060	0.00692	0.00647	0.01468	0.10725	0.11427	0.08273	0.41403	0.15259	0.01519	0.00725	0.00225	0.00382	0.01340	0.00607	0.00639
10	0.00845	0.00625	0.00789	0.00748	0.00901	0.00568	0.00561	0.01114	0.01682	0.02335	0.64142	0.04770	0.16054	0.01296	0.00722	0.00195	0.00292	0.01135	0.00658	0.00568
11	0.02117	0.01610	0.01719	0.01366	0.01818	0.01800	0.01113	0.54502	0.21346	0.03519	0.01737	0.01682	0.01257	0.00760	0.00615	0.00190	0.00624	0.00588	0.00615	0.01022
12	0.01008	0.00739	0.01071	0.01024	0.01165	0.00821	0.02929	0.01298	0.05283	0.04756	0.01966	0.08895	0.03464	0.08592	0.51717	0.00760	0.02755	0.00777	0.00391	0.00587
13	0.02602	0.01059	0.01400	0.01082	0.01541	0.00940	0.00891	0.07218	0.01802	0.66352	0.02577	0.02267	0.05738	0.00802	0.00622	0.00190	0.00518	0.00651	0.00738	0.01011
14	0.09035	0.01099	0.01408	0.01088	0.01556	0.01005	0.00899	0.07644	0.01773	0.64522	0.02227	0.01956	0.01416	0.00741	0.00597	0.00189	0.00528	0.00589	0.00718	0.01012
15	0.01511	0.01289	0.01372	0.01243	0.01580	0.01484	0.00975	0.04824	0.67635	0.02550	0.02510	0.02534	0.01945	0.00878	0.00636	0.00211	0.00494	0.04763	0.00619	0.00947
16	0.01898	0.00926	0.01123	0.00935	0.01256	0.00893	0.00744	0.08705	0.06600	0.32441	0.09590	0.03820	0.02009	0.02385	0.00626	0.00186	0.00440	0.00679	0.23911	0.00831
17	0.00723	0.00620	0.00620	0.00620	0.00827	0.00517	0.00465	0.00878	0.01395	0.01654	0.06201	0.05891	0.74421	0.01550	0.00723	0.00207	0.00310	0.01292	0.00568	0.00517
18	0.00868	0.00601	0.00693	0.00703	0.00749	0.00592	0.00440	0.00929	0.01017	0.01352	0.04174	0.07847	0.11696	0.54385	0.07282	0.00524	0.00599	0.02762	0.02365	0.00422
19	0.01261	0.00878	0.01014	0.00966	0.01170	0.00899	0.00740	0.16150	0.05475	0.04746	0.03000	0.26324	0.11208	0.05850	0.00835	0.00240	0.00462	0.09714	0.08404	0.00665
20	0.00874	0.00656	0.00984	0.00984	0.01093	0.00765	0.00765	0.01093	0.00984	0.01421	0.01640	0.02405	0.01530	0.04591	0.76062	0.00984	0.01640	0.00656	0.00328	0.00547
21	0.01977	0.00912	0.01181	0.00962	0.01309	0.00826	0.00773	0.06314	0.01769	0.41895	0.23688	0.03002	0.06817	0.00944	0.00643	0.00189	0.00438	0.00792	0.04718	0.00853
22	0.01270	0.00927	0.00966	0.00931	0.01022	0.10022	0.00655	0.03722	0.06018	0.01431	0.01396	0.06724	0.01345	0.04281	0.01777	0.50331	0.00580	0.00618	0.05552	0.00434
23	0.00756	0.00566	0.00687	0.00770	0.00856	0.00514	0.00525	0.00877	0.01240	0.01604	0.07554	0.48759	0.23583	0.07576	0.00939	0.00260	0.00357	0.01520	0.00559	0.00497
24	0.00798	0.00584	0.00748	0.00813	0.00909	0.00539	0.00582	0.00973	0.01375	0.01846	0.24465	0.40880	0.13561	0.03235	0.00809	0.00236	0.00349	0.06176	0.00595	0.00525
25	0.01269	0.01088	0.01269	0.00907	0.01451	0.00816	0.00725	0.01541	0.01269	0.01995	0.01088	0.01269	0.00907	0.00453	0.00453	0.00091	0.00453	0.00363	0.00363	0.82229
26	0.03010	0.00795	0.00942	0.00893	0.01083	0.00776	0.00656	0.10817	0.01506	0.11743	0.06183	0.33204	0.11179	0.08474	0.00913	0.00249	0.00432	0.01175	0.05325	0.00645
27	0.06444	0.00859	0.01079	0.00909	0.01225	0.00784	0.00722	0.02048	0.03316	0.35609	0.23338	0.05719	0.10536	0.01012	0.00643	0.00193	0.00415	0.00850	0.03505	0.00795
28	0.00742	0.00549	0.00694	0.00810	0.00877	0.00501	0.00549	0.00857	0.01213	0.01579	0.03891	0.64875	0.16927	0.01850	0.00771	0.00241	0.00347	0.01658	0.00568	0.00501
29	0.01063	0.00532	0.00797	0.00797	0.00797	0.00532	0.00532	0.00797	0.00797	0.01063	0.01063	0.01861	0.01063	0.02127	0.02392	0.82190	0.00532	0.00532	0.00266	0.00266
30	0.34364	0.01177	0.01243	0.01008	0.01428	0.01220	0.00825	0.11326	0.03303	0.33331	0.01662	0.01637	0.01147	0.03059	0.00598	0.00201	0.00523	0.00505	0.00574	0.00869
31	0.01353	0.00766	0.00941	0.00864	0.01065	0.00721	0.00635	0.05530	0.02948	0.18350	0.13554	0.20372	0.11740	0.14546	0.01106	0.00273	0.00437	0.01068	0.03075	0.00655
32	0.00812	0.00594	0.00739	0.00830	0.00895	0.00570	0.00561	0.00996	0.04743	0.01595	0.05192	0.53962	0.09683	0.12858	0.01105	0.00292	0.00395	0.03125	0.00545	0.00508
33	0.01445	0.01382	0.02350	0.03217	0.56690	0.01428	0.06127	0.01757	0.01320	0.01885	0.01271	0.01657	0.03193	0.00709	0.00852	0.04381	0.08574	0.00578	0.00306	0.00880
34	0.01006	0.00560	0.00836	0.00842	0.00869	0.00583	0.00586	0.00867	0.00856	0.01167	0.01296	0.05346	0.01301	0.02677	0.19059	0.60126	0.00776	0.00613	0.00293	0.00340
35	0.01793	0.01486	0.01590	0.02857	0.01738	0.07707	0.03518	0.32000	0.18785	0.02775	0.01751	0.02013	0.01388	0.03175	0.09953	0.00299	0.00784	0.02852	0.02661	0.00877
36	0.20035	0.01129	0.01162	0.01125	0.04603	0.04565	0.00832	0.10635	0.11482	0.04168	0.16097	0.11965	0.04714	0.01012	0.00613	0.00202	0.00490	0.03902	0.00539	0.00731
37	0.07449	0.09438	0.02028	0.04018	0.12765	0.10907	0.07804	0.19914	0.01793	0.04947	0.05335	0.03250	0.01268	0.00674	0.00576	0.00174	0.00710	0.00556	0.00430	0.05965
38	0.05983	0.05223	0.08713	0.01294	0.01774	0.01234	0.10660	0.14837	0.01630	0.03753	0.07886	0.07115	0.03370	0.00766	0.00589	0.00170	0.00606	0.02215	0.00446	0.21735

[dist]
# distance from previous block
# <min> <max>
0	17

[block]
# block no. 3 follows, 37 sequences, length 23
# corresponding to MSA columns:
# 337-359
name=unknown_D
#
# <colnr> <probs for GDERKNQSTAVLIFYWHMCP>
#	G	D	E	R	K	N	Q	S	T	A	V	L	I	F	Y	W	H	M	C	P
0	0.03635	0.01230	0.06324	0.06528	0.03470	0.06639	0.01004	0.04692	0.04668	0.15578	0.10373	0.03873	0.04180	0.05801	0.12912	0.00342	0.03071	0.02106	0.00483	0.03092
1	0.07112	0.03141	0.01632	0.09440	0.10898	0.01388	0.03063	0.14918	0.16387	0.06415	0.04059	0.02305	0.09179	0.00820	0.00654	0.00195	0.02973	0.02009	0.00495	0.02918
2	0.01037	0.00847	0.01014	0.00855	0.01188	0.00678	0.00645	0.01254	0.01296	0.01888	0.09257	0.23988	0.08116	0.01038	0.00595	0.00155	0.00398	0.00904	0.00468	0.44380
3	0.21811	0.01565	0.01597	0.01479	0.08906	0.05812	0.01083	0.33783	0.12983	0.03072	0.01413	0.01461	0.01053	0.00684	0.00553	0.00187	0.00625	0.00510	0.00509	0.00912
4	0.00994	0.00620	0.00812	0.00869	0.00964	0.00590	0.00616	0.01122	0.01203	0.08676	0.03052	0.43615	0.06643	0.14271	0.06274	0.00350	0.00514	0.07737	0.00538	0.00540
5	0.00780	0.00562	0.00735	0.00860	0.00918	0.00528	0.00601	0.00905	0.01202	0.01583	0.03486	0.61130	0.08790	0.05516	0.00896	0.00266	0.00388	0.09797	0.00558	0.00500
6	0.01565	0.04860	0.44943	0.01786	0.05885	0.01591	0.06699	0.21026	0.01734	0.02446	0.01203	0.01366	0.00867	0.00615	0.00595	0.00190	0.00835	0.00498	0.00360	0.00936
7	0.00740	0.00557	0.00685	0.00788	0.00871	0.00503	0.00540	0.00860	0.01234	0.01588	0.04156	0.58112	0.23519	0.01816	0.00765	0.00237	0.00343	0.01616	0.00568	0.00503
8	0.00858	0.00647	0.00788	0.00844	0.00963	0.00621	0.00619	0.01125	0.06232	0.01768	0.12682	0.31018	0.18719	0.08701	0.00975	0.00267	0.00399	0.11665	0.00566	0.00542
9	0.01258	0.00684	0.00696	0.00653	0.00830	0.00702	0.00501	0.08464	0.01441	0.02438	0.01945	0.02202	0.01517	0.00715	0.00446	0.00147	0.00324	0.00569	0.73852	0.00617
10	0.00838	0.00590	0.00750	0.00797	0.00906	0.00537	0.00564	0.01012	0.01397	0.04016	0.25477	0.41687	0.15918	0.01620	0.00749	0.00223	0.00332	0.01441	0.00606	0.00541
11	0.00874	0.00656	0.00984	0.00984	0.01093	0.00765	0.00765	0.01093	0.00984	0.01421	0.01640	0.02405	0.01530	0.04591	0.76062	0.00984	0.01640	0.00656	0.00328	0.00547
12	0.82811	0.01184	0.00900	0.00805	0.01184	0.01373	0.00663	0.01799	0.01042	0.02746	0.00852	0.00994	0.00663	0.00568	0.00379	0.00189	0.00474	0.00331	0.00379	0.00663
13	0.00874	0.00656	0.00984	0.00984	0.01093	0.00765	0.00765	0.01093	0.00984	0.01421	0.01640	0.02405	0.01530	0.04591	0.76062	0.00984	0.01640	0.00656	0.00328	0.00547
14	0.02120	0.01536	0.01639	0.01285	0.01720	0.01696	0.01052	0.59040	0.06612	0.03570	0.01599	0.01626	0.01159	0.00737	0.00588	0.00179	0.00610	0.00562	0.11697	0.00973
15	0.00762	0.00544	0.00729	0.00871	0.00914	0.00511	0.00597	0.00881	0.01188	0.01581	0.03365	0.73237	0.04013	0.01902	0.00786	0.00251	0.00369	0.06429	0.00568	0.00502
16	0.04155	0.01184	0.01348	0.01093	0.01432	0.01232	0.00850	0.26841	0.07880	0.22289	0.01917	0.02371	0.01546	0.21603	0.01279	0.00297	0.00590	0.00665	0.00581	0.00845
17	0.00729	0.00620	0.00628	0.00626	0.00830	0.00519	0.00470	0.00890	0.01409	0.01686	0.08918	0.05838	0.71684	0.01538	0.00723	0.00206	0.00309	0.01285	0.00573	0.00519
18	0.00877	0.00646	0.00935	0.00935	0.01028	0.00739	0.00705	0.01062	0.00969	0.01385	0.01684	0.02650	0.01637	0.15908	0.64890	0.00924	0.01479	0.00692	0.00335	0.00520
19	0.00757	0.00621	0.00666	0.00655	0.00847	0.00531	0.00491	0.00943	0.01474	0.01840	0.22094	0.05584	0.58411	0.01481	0.00723	0.00203	0.00305	0.01249	0.00593	0.00531
20	0.01269	0.01088	0.01269	0.00907	0.01451	0.00816	0.00725	0.01541	0.01269	0.01995	0.01088	0.01269	0.00907	0.00453	0.00453	0.00091	0.00453	0.00363	0.00363	0.82229
21	0.00920	0.00664	0.00826	0.00796	0.00955	0.00622	0.00592	0.01249	0.05680	0.04219	0.50302	0.13679	0.14504	0.01337	0.00721	0.00202	0.00317	0.01174	0.00646	0.00594
22	0.02452	0.01514	0.01713	0.01313	0.01798	0.01601	0.01085	0.51888	0.02543	0.25071	0.01751	0.01652	0.01182	0.00742	0.00613	0.00185	0.00628	0.00570	0.00656	0.01041

[dist]
# distance from previous block
# <min> <max>
0	17

[block]
# block no. 4 follows, 37 sequences, length 38
# corresponding to MSA columns:
# 377-414
name=unknown_E
#
# <colnr> <probs for GDERKNQSTAVLIFYWHMCP>
#	G	D	E	R	K	N	Q	S	T	A	V	L	I	F	Y	W	H	M	C	P
0	0.00960	0.00652	0.00747	0.00707	0.00881	0.00579	0.00513	0.01128	0.01418	0.07898	0.22772	0.04878	0.36996	0.15824	0.01162	0.00274	0.00375	0.01112	0.00575	0.00549
1	0.00766	0.00543	0.00714	0.00843	0.00878	0.00512	0.00561	0.00867	0.01152	0.01535	0.03236	0.69288	0.03865	0.09029	0.01000	0.00282	0.00383	0.03512	0.00550	0.00487
2	0.01067	0.00533	0.00787	0.00787	0.00794	0.00533	0.00527	0.00827	0.00820	0.01120	0.01107	0.01880	0.01087	0.02061	0.02301	0.78375	0.00520	0.00533	0.04062	0.00280
3	0.01271	0.00988	0.01127	0.01026	0.01276	0.01061	0.00787	0.06674	0.31956	0.04253	0.31793	0.09481	0.03581	0.01085	0.00676	0.00203	0.00407	0.00938	0.00642	0.00776
4	0.00729	0.00620	0.00627	0.00626	0.00830	0.00519	0.00469	0.00889	0.01408	0.01683	0.08735	0.05842	0.71868	0.01539	0.00723	0.00206	0.00309	0.01285	0.00572	0.00519
5	0.01462	0.01630	0.03126	0.02261	0.02831	0.05447	0.56166	0.01911	0.01417	0.01923	0.01186	0.01558	0.00914	0.00534	0.00724	0.00190	0.03789	0.00649	0.00316	0.11967
6	0.00820	0.00683	0.00808	0.00918	0.06988	0.00606	0.00596	0.00994	0.01385	0.01738	0.13334	0.09913	0.50550	0.06881	0.00886	0.00233	0.00365	0.01209	0.00545	0.00550
7	0.17934	0.01668	0.07105	0.01531	0.05267	0.04413	0.08490	0.31815	0.04064	0.02912	0.03967	0.01502	0.01110	0.00696	0.00652	0.00192	0.04799	0.00536	0.00468	0.00879
8	0.01045	0.00592	0.00818	0.00825	0.00858	0.00592	0.00557	0.04155	0.00983	0.01307	0.01675	0.16338	0.03239	0.06590	0.02016	0.56401	0.00504	0.00797	0.00351	0.00357
9	0.00778	0.00554	0.00705	0.00812	0.00853	0.00522	0.00537	0.00872	0.01137	0.01504	0.03248	0.58266	0.07463	0.16374	0.01221	0.00312	0.00403	0.03430	0.00531	0.00476
10	0.01445	0.01651	0.03612	0.02580	0.03199	0.01548	0.72446	0.01961	0.01445	0.01961	0.01238	0.01651	0.00929	0.00516	0.00722	0.00206	0.01032	0.00722	0.00310	0.00826
11	0.01063	0.00532	0.00797	0.00797	0.00797	0.00532	0.00532	0.00797	0.00797	0.01063	0.01063	0.01861	0.01063	0.02127	0.02392	0.82190	0.00532	0.00532	0.00266	0.00266
12	0.01096	0.00798	0.00935	0.00929	0.01097	0.00801	0.00679	0.10888	0.07744	0.04139	0.04940	0.41684	0.14435	0.04364	0.00816	0.00240	0.00419	0.02786	0.00579	0.00629
13	0.00755	0.00545	0.00699	0.00819	0.00866	0.00506	0.00545	0.00857	0.01169	0.01541	0.03499	0.66401	0.09777	0.07744	0.00955	0.00271	0.00370	0.01638	0.00553	0.00489
14	0.01160	0.00736	0.00942	0.00850	0.01053	0.00697	0.00651	0.01562	0.07725	0.11681	0.59226	0.04066	0.04909	0.01154	0.00700	0.00193	0.00335	0.01010	0.00680	0.00669
15	0.07514	0.00686	0.00799	0.00817	0.00996	0.00642	0.00617	0.01231	0.01342	0.09301	0.06954	0.28831	0.24893	0.01483	0.00706	0.00222	0.00384	0.08434	0.03564	0.00585
16	0.04635	0.00918	0.01038	0.00971	0.01208	0.00954	0.00756	0.08874	0.16873	0.04986	0.16725	0.12103	0.14245	0.04105	0.00781	0.00228	0.00439	0.08865	0.00596	0.00701
17	0.33365	0.01085	0.01205	0.00972	0.01401	0.01073	0.00801	0.02482	0.01479	0.45486	0.03694	0.01731	0.01300	0.00698	0.00528	0.00189	0.00497	0.00520	0.00610	0.00885
18	0.02476	0.01102	0.01413	0.01124	0.01569	0.01037	0.00915	0.03043	0.17605	0.59081	0.02432	0.02128	0.01593	0.00774	0.00617	0.00193	0.00513	0.00632	0.00728	0.01026
19	0.01237	0.00830	0.00968	0.00904	0.01083	0.00841	0.00657	0.09058	0.09861	0.08226	0.11300	0.19208	0.08115	0.20340	0.01289	0.00306	0.00468	0.02354	0.02316	0.00639
20	0.01068	0.00643	0.00857	0.00910	0.01040	0.00594	0.00676	0.01240	0.01352	0.11768	0.10038	0.46064	0.07084	0.01643	0.00760	0.00239	0.00403	0.12427	0.00603	0.00591
21	0.02327	0.01715	0.01837	0.01408	0.01898	0.01898	0.01163	0.72628	0.02878	0.03858	0.01470	0.01470	0.01041	0.00735	0.00612	0.00184	0.00674	0.00551	0.00612	0.01041
22	0.79316	0.01178	0.00922	0.00817	0.01200	0.01353	0.00673	0.01851	0.01073	0.05905	0.00921	0.01042	0.00700	0.00576	0.00389	0.00189	0.00476	0.00344	0.00395	0.00679
23	0.20755	0.01239	0.01298	0.01104	0.01458	0.01368	0.00879	0.22941	0.15253	0.09606	0.01793	0.08114	0.01480	0.03839	0.05964	0.00266	0.00615	0.00651	0.00541	0.00835
24	0.00933	0.00640	0.00840	0.00781	0.00937	0.00589	0.00589	0.01220	0.01733	0.05027	0.71799	0.04484	0.05625	0.01234	0.00718	0.00192	0.00297	0.01090	0.00677	0.00594
25	0.00746	0.00533	0.00710	0.00852	0.00888	0.00497	0.00568	0.00852	0.01172	0.01563	0.03374	0.78088	0.04049	0.01918	0.00781	0.00249	0.00355	0.01740	0.00568	0.00497
26	0.00824	0.00622	0.00755	0.00816	0.00938	0.00575	0.00593	0.03305	0.01372	0.01779	0.11362	0.40584	0.25087	0.01682	0.00758	0.00231	0.00363	0.07240	0.00580	0.00535
27	0.02886	0.01154	0.01542	0.13564	0.14035	0.04288	0.03224	0.04517	0.13345	0.07381	0.01943	0.08953	0.01787	0.10977	0.00971	0.00259	0.00640	0.07325	0.00454	0.00755
28	0.01861	0.01246	0.01408	0.01161	0.01523	0.01329	0.00926	0.28187	0.18875	0.14301	0.10131	0.02366	0.05756	0.00968	0.00770	0.06465	0.00532	0.00694	0.00616	0.00886
29	0.00830	0.00584	0.00755	0.00840	0.00932	0.00539	0.00600	0.00987	0.01317	0.03542	0.14147	0.50299	0.13119	0.01726	0.00766	0.00236	0.00361	0.07300	0.00588	0.00530
30	0.01097	0.00739	0.00956	0.00975	0.01100	0.00769	0.00737	0.04344	0.08938	0.04128	0.02419	0.20762	0.02533	0.08384	0.09661	0.14713	0.00628	0.16074	0.00485	0.00558
31	0.01326	0.01122	0.01300	0.00934	0.01475	0.00874	0.00749	0.05353	0.01356	0.02095	0.01108	0.01280	0.00914	0.00468	0.00462	0.00096	0.00465	0.00373	0.00376	0.77876
32	0.01971	0.00977	0.01232	0.01011	0.01358	0.00917	0.00805	0.11171	0.03484	0.37998	0.17269	0.07443	0.07332	0.03256	0.00727	0.00206	0.00470	0.00831	0.00684	0.00858
33	0.00794	0.00589	0.00714	0.00760	0.00862	0.00540	0.00532	0.00943	0.01317	0.01732	0.18841	0.31388	0.22129	0.12166	0.01076	0.00275	0.00370	0.03903	0.00563	0.00504
34	0.04640	0.01298	0.01865	0.21541	0.13458	0.01390	0.06429	0.11038	0.13391	0.11162	0.01540	0.01710	0.01134	0.00652	0.00602	0.00189	0.00673	0.00571	0.00449	0.06268
35	0.27111	0.01428	0.01548	0.01611	0.14311	0.12489	0.06754	0.03343	0.01336	0.02144	0.02935	0.12346	0.01385	0.00771	0.00550	0.00184	0.00640	0.00637	0.00388	0.08090
36	0.01781	0.05253	0.02053	0.08293	0.28501	0.05054	0.01414	0.27590	0.03383	0.02587	0.01484	0.01662	0.04189	0.00669	0.00596	0.00179	0.00697	0.00559	0.00432	0.03625
37	0.01390	0.01363	0.02116	0.12949	0.23215	0.05724	0.11909	0.04305	0.01357	0.01832	0.01419	0.06095	0.01312	0.00985	0.04137	0.00247	0.12063	0.06468	0.00344	0.00773

[dist]
# distance from previous block
# <min> <max>
0	4

[block]
# block no. 5 follows, 37 sequences, length 27
# corresponding to MSA columns:
# 419-445
name=unknown_F
#
# <colnr> <probs for GDERKNQSTAVLIFYWHMCP>
#	G	D	E	R	K	N	Q	S	T	A	V	L	I	F	Y	W	H	M	C	P
0	0.00886	0.00643	0.00817	0.00823	0.00955	0.00628	0.00601	0.01059	0.01167	0.01638	0.06401	0.20635	0.11363	0.11928	0.21432	0.00463	0.00734	0.03591	0.07178	0.07057
1	0.01047	0.00702	0.00835	0.00794	0.00989	0.00615	0.00579	0.01197	0.01286	0.08851	0.05712	0.19285	0.23830	0.15823	0.01147	0.00276	0.00426	0.05387	0.00527	0.10691
2	0.00791	0.00591	0.00765	0.00817	0.00915	0.00572	0.00584	0.00953	0.01245	0.01665	0.13660	0.35220	0.17133	0.05031	0.16693	0.00400	0.00616	0.01306	0.00526	0.00518
3	0.00963	0.00650	0.00790	0.00804	0.00965	0.00593	0.00601	0.01181	0.02973	0.07364	0.17005	0.24611	0.26243	0.03188	0.00784	0.00228	0.00367	0.07555	0.02560	0.00574
4	0.08482	0.00806	0.00911	0.00842	0.01038	0.00804	0.00610	0.02875	0.08577	0.13056	0.10805	0.12141	0.10562	0.22537	0.01327	0.00311	0.00462	0.00935	0.02288	0.00630
5	0.20880	0.01010	0.01102	0.00951	0.01271	0.01038	0.00751	0.08941	0.07256	0.19964	0.14215	0.09418	0.06744	0.02990	0.00665	0.00208	0.00457	0.00781	0.00590	0.00770
6	0.00846	0.00635	0.00729	0.00736	0.00917	0.00558	0.00562	0.01038	0.01454	0.04236	0.18784	0.12200	0.45267	0.01513	0.00737	0.00215	0.00342	0.08089	0.00595	0.00549
7	0.00899	0.00660	0.02918	0.00827	0.00923	0.00569	0.00583	0.01013	0.01170	0.05561	0.03235	0.48117	0.10717	0.18350	0.01266	0.00314	0.00427	0.01410	0.00527	0.00514
8	0.25206	0.01048	0.00988	0.00883	0.01142	0.04847	0.00669	0.08403	0.02935	0.09529	0.04099	0.07242	0.05227	0.15919	0.01029	0.00266	0.00513	0.00687	0.08711	0.00659
9	0.01182	0.00646	0.00819	0.00842	0.00975	0.00609	0.00616	0.01352	0.01279	0.13220	0.02765	0.34444	0.02884	0.10405	0.00964	0.00262	0.00418	0.08890	0.16836	0.00590
10	0.01339	0.01339	0.01875	0.01607	0.01607	0.01875	0.01339	0.01473	0.00937	0.01473	0.00804	0.01339	0.00804	0.01071	0.02009	0.00268	0.77367	0.00536	0.00268	0.00670
11	0.00806	0.00575	0.00689	0.00743	0.00797	0.00543	0.00479	0.00893	0.01138	0.01498	0.08429	0.34134	0.13574	0.30976	0.01658	0.00370	0.00435	0.01306	0.00501	0.00458
12	0.00856	0.00570	0.00721	0.00800	0.00882	0.00529	0.00551	0.01002	0.01266	0.03870	0.10751	0.52797	0.09613	0.04390	0.00816	0.00240	0.00352	0.01468	0.08001	0.00525
13	0.00756	0.00546	0.00716	0.00833	0.00887	0.00506	0.00564	0.00881	0.01235	0.01649	0.09998	0.67679	0.07810	0.01838	0.00773	0.00241	0.00347	0.01659	0.00578	0.00506
14	0.02704	0.01110	0.01463	0.01121	0.01597	0.01001	0.00926	0.10025	0.01866	0.67891	0.02319	0.02021	0.01467	0.00755	0.00615	0.00189	0.00536	0.00609	0.00743	0.01042
15	0.02038	0.01075	0.01295	0.01081	0.01439	0.02873	0.00857	0.09835	0.10711	0.37993	0.09461	0.12725	0.03888	0.00985	0.00650	0.00199	0.00497	0.00829	0.00676	0.00893
16	0.61689	0.01223	0.01051	0.00904	0.01280	0.01390	0.00740	0.13745	0.01416	0.02908	0.07666	0.01402	0.01194	0.00659	0.00450	0.00189	0.00491	0.00439	0.00445	0.00719
17	0.00876	0.00587	0.00672	0.00686	0.00690	0.00584	0.00391	0.00886	0.00919	0.01225	0.02075	0.11496	0.02410	0.70746	0.02880	0.00559	0.00569	0.00976	0.00391	0.00384
18	0.00967	0.00728	0.01037	0.05067	0.04870	0.00731	0.00970	0.01225	0.01361	0.01774	0.03226	0.17443	0.07535	0.01608	0.00805	0.00263	0.00537	0.48740	0.00537	0.00576
19	0.00805	0.00557	0.00753	0.02705	0.00951	0.00533	0.00583	0.00890	0.01165	0.01563	0.08605	0.58910	0.03710	0.05775	0.01055	0.08546	0.00391	0.01495	0.00529	0.00478
20	0.01166	0.01023	0.01268	0.07279	0.08135	0.08510	0.00970	0.03985	0.01191	0.01601	0.01482	0.02119	0.01338	0.05019	0.46467	0.02587	0.01300	0.00606	0.03334	0.00620
21	0.00900	0.00587	0.00674	0.00688	0.00710	0.00588	0.00411	0.00948	0.00962	0.01345	0.02072	0.11338	0.02320	0.60070	0.05304	0.00527	0.00577	0.00936	0.08631	0.00410
22	0.00932	0.00680	0.00913	0.00828	0.00890	0.00667	0.06072	0.00999	0.01011	0.01364	0.08485	0.03872	0.02447	0.65290	0.02708	0.00526	0.00600	0.00897	0.00394	0.00426
23	0.01444	0.01411	0.02103	0.01886	0.08461	0.01805	0.08564	0.07169	0.01183	0.01759	0.00932	0.01397	0.00850	0.00941	0.01641	0.00247	0.56607	0.00557	0.00302	0.00742
24	0.10881	0.04513	0.01107	0.00909	0.01159	0.02478	0.00717	0.04078	0.03445	0.14514	0.31697	0.03449	0.03335	0.08818	0.00889	0.00235	0.00453	0.06058	0.00585	0.00682
25	0.01503	0.01207	0.01373	0.01033	0.01523	0.01072	0.00827	0.19959	0.01680	0.02445	0.01367	0.07377	0.01189	0.00642	0.00521	0.00127	0.00503	0.00520	0.00444	0.54689
26	0.01857	0.06327	0.01924	0.01481	0.03201	0.10615	0.08292	0.21721	0.14398	0.06930	0.01537	0.03411	0.01198	0.00733	0.00706	0.00185	0.06739	0.00576	0.00480	0.07691

[dist]
# distance from previous block
# <min> <max>
0	56

# created by:
# /home/cegg/simao/soft/augustus-3.2.1/scripts/msa2prfl.pl ./align_prep/EOG090W0CKZ.fa
