[name]
unknown

[dist]
# distance from previous block
# <min> <max>
0	3

[block]
# block no. 0 follows, 33 sequences, length 19
# corresponding to MSA columns:
# 3-21
name=unknown_A
#
# <colnr> <probs for GDERKNQSTAVLIFYWHMCP>
#	G	D	E	R	K	N	Q	S	T	A	V	L	I	F	Y	W	H	M	C	P
0	0.01509	0.01401	0.02352	0.07433	0.56518	0.01417	0.01842	0.01887	0.01492	0.02094	0.01629	0.02652	0.01515	0.00806	0.00697	0.00216	0.00756	0.12462	0.00373	0.00949
1	0.01066	0.14171	0.01278	0.00846	0.01131	0.01037	0.00688	0.01440	0.08647	0.02000	0.17652	0.04749	0.40284	0.01335	0.00704	0.00205	0.00413	0.01105	0.00581	0.00668
2	0.02099	0.01747	0.01978	0.05412	0.11851	0.07210	0.02902	0.33343	0.19148	0.04864	0.01756	0.01798	0.01301	0.00768	0.00658	0.00203	0.00730	0.00621	0.00570	0.01040
3	0.01343	0.01272	0.02154	0.56920	0.22118	0.01489	0.01878	0.01769	0.01363	0.01803	0.01188	0.01723	0.00920	0.00640	0.00657	0.00213	0.00853	0.00585	0.00301	0.00812
4	0.01209	0.01101	0.01574	0.01390	0.01528	0.03512	0.07390	0.01496	0.04652	0.01645	0.01655	0.07188	0.01621	0.10366	0.29656	0.00606	0.21612	0.00773	0.00370	0.00657
5	0.01538	0.01471	0.02507	0.20902	0.56610	0.01540	0.01975	0.01940	0.01456	0.02040	0.01222	0.01659	0.01004	0.00604	0.00653	0.00201	0.00805	0.00586	0.00318	0.00969
6	0.01541	0.01474	0.02512	0.20418	0.57074	0.01541	0.01976	0.01943	0.01457	0.02043	0.01223	0.01658	0.01005	0.00603	0.00653	0.00201	0.00804	0.00586	0.00318	0.00971
7	0.01947	0.01383	0.01361	0.01165	0.01499	0.13809	0.00910	0.10133	0.04150	0.21962	0.24160	0.05771	0.06837	0.01048	0.00698	0.00202	0.00591	0.00863	0.00662	0.00848
8	0.15633	0.01654	0.02107	0.15259	0.02495	0.11293	0.12563	0.04362	0.01361	0.02023	0.01052	0.01459	0.00869	0.00794	0.01091	0.00231	0.24096	0.00552	0.00337	0.00768
9	0.01517	0.01450	0.02469	0.24757	0.52918	0.01535	0.01965	0.01922	0.01446	0.02014	0.01218	0.01666	0.00995	0.00607	0.00654	0.00202	0.00810	0.00586	0.00316	0.00952
10	0.01429	0.03757	0.01438	0.06142	0.01684	0.14217	0.01023	0.02036	0.18592	0.01892	0.02201	0.15185	0.03939	0.01943	0.16623	0.00402	0.05419	0.00862	0.00471	0.00746
11	0.00817	0.00614	0.00762	0.00873	0.00971	0.00559	0.00618	0.00961	0.01347	0.01731	0.04445	0.51641	0.22877	0.01935	0.00829	0.00258	0.00387	0.07219	0.00611	0.00546
12	0.12838	0.14840	0.01909	0.01317	0.03400	0.07878	0.01076	0.22513	0.01983	0.11955	0.06054	0.01891	0.01478	0.00792	0.00630	0.00192	0.02778	0.02658	0.02910	0.00910
13	0.00925	0.00646	0.00723	0.00723	0.00767	0.00631	0.00434	0.00964	0.01057	0.01375	0.02867	0.04594	0.14651	0.60762	0.05778	0.00582	0.00630	0.01023	0.00434	0.00434
14	0.00944	0.00679	0.00921	0.00912	0.01000	0.00730	0.00656	0.01119	0.01168	0.01645	0.14245	0.03530	0.02679	0.26657	0.39342	0.00778	0.01159	0.00869	0.00432	0.00535
15	0.01552	0.14326	0.01512	0.00994	0.01343	0.01213	0.00825	0.07658	0.07256	0.13400	0.13324	0.03661	0.22386	0.01212	0.02445	0.00220	0.00518	0.02228	0.03133	0.00795
16	0.02202	0.02862	0.14374	0.01662	0.02134	0.47175	0.01441	0.07000	0.08558	0.04601	0.01300	0.01409	0.01003	0.00702	0.00613	0.00185	0.01033	0.00485	0.00398	0.00863
17	0.02051	0.02781	0.14404	0.01695	0.02100	0.44658	0.01477	0.04809	0.03723	0.01812	0.01118	0.01352	0.00916	0.00877	0.03119	0.00223	0.11252	0.00480	0.00343	0.00810
18	0.00986	0.00642	0.00820	0.00820	0.00847	0.00669	0.00526	0.00990	0.00963	0.01311	0.01840	0.03509	0.02003	0.47305	0.19465	0.14795	0.00884	0.00832	0.00368	0.00422

[dist]
# distance from previous block
# <min> <max>
0	8

[block]
# block no. 1 follows, 33 sequences, length 13
# corresponding to MSA columns:
# 30-42
name=unknown_B
#
# <colnr> <probs for GDERKNQSTAVLIFYWHMCP>
#	G	D	E	R	K	N	Q	S	T	A	V	L	I	F	Y	W	H	M	C	P
0	0.32899	0.19347	0.05798	0.01667	0.12621	0.05472	0.04835	0.01985	0.01296	0.02253	0.01003	0.01237	0.00833	0.00634	0.00606	0.00193	0.05721	0.00438	0.00343	0.00820
1	0.00920	0.00659	0.00784	0.00784	0.00852	0.00664	0.00512	0.01004	0.01082	0.01427	0.02866	0.04305	0.15364	0.46765	0.18647	0.00654	0.00831	0.00982	0.00428	0.00470
2	0.01194	0.01104	0.01755	0.48903	0.03389	0.01382	0.01535	0.01522	0.01254	0.01665	0.01579	0.15698	0.01527	0.01005	0.00946	0.00240	0.13434	0.00825	0.00351	0.00693
3	0.01369	0.01970	0.24128	0.01885	0.05501	0.01317	0.21112	0.03906	0.01577	0.02269	0.14586	0.02173	0.01927	0.00723	0.00678	0.00195	0.00800	0.00694	0.00407	0.12780
4	0.01365	0.01170	0.01365	0.00975	0.01560	0.00878	0.00780	0.01658	0.01365	0.02145	0.01170	0.01365	0.00975	0.00488	0.00488	0.00098	0.00488	0.00390	0.00390	0.80888
5	0.00889	0.00652	0.00889	0.00936	0.01019	0.00688	0.00672	0.01047	0.01136	0.01555	0.02727	0.25662	0.07609	0.14625	0.35982	0.00694	0.01071	0.01148	0.00457	0.00541
6	0.01504	0.15780	0.03435	0.02247	0.02819	0.01708	0.49161	0.01942	0.01479	0.01953	0.01525	0.10448	0.01366	0.00734	0.00718	0.00212	0.00948	0.00826	0.00356	0.00838
7	0.01062	0.01223	0.14477	0.01027	0.01364	0.00825	0.00963	0.01477	0.04368	0.04670	0.37296	0.07740	0.18405	0.01275	0.00744	0.00214	0.00459	0.01097	0.00613	0.00702
8	0.00800	0.00579	0.00757	0.00900	0.00950	0.00536	0.00604	0.00919	0.01276	0.01687	0.03832	0.71738	0.08919	0.02036	0.00836	0.00264	0.00379	0.01839	0.00611	0.00536
9	0.00921	0.00754	0.00850	0.00780	0.01040	0.00627	0.00587	0.01136	0.01526	0.02012	0.18630	0.11571	0.39435	0.01418	0.00729	0.00200	0.00362	0.01206	0.00593	0.15622
10	0.01760	0.77260	0.03450	0.01126	0.01690	0.02605	0.01126	0.01971	0.01338	0.01549	0.00915	0.01056	0.00845	0.00563	0.00422	0.00141	0.00704	0.00352	0.00282	0.00845
11	0.54582	0.01231	0.01127	0.00933	0.01389	0.01287	0.00764	0.02076	0.01282	0.13455	0.01219	0.01302	0.00901	0.00619	0.00461	0.00184	0.00513	0.00409	0.00466	0.15801
12	0.01622	0.01809	0.15001	0.01449	0.01942	0.01638	0.01313	0.06674	0.54902	0.02700	0.02342	0.02211	0.01744	0.00838	0.00661	0.00219	0.00616	0.00688	0.00596	0.01033

[dist]
# distance from previous block
# <min> <max>
5	22

[block]
# block no. 2 follows, 33 sequences, length 36
# corresponding to MSA columns:
# 65-100
name=unknown_C
#
# <colnr> <probs for GDERKNQSTAVLIFYWHMCP>
#	G	D	E	R	K	N	Q	S	T	A	V	L	I	F	Y	W	H	M	C	P
0	0.00885	0.00787	0.04981	0.04616	0.01254	0.00688	0.00791	0.01063	0.01218	0.01651	0.02973	0.52092	0.03431	0.07681	0.12234	0.00409	0.00669	0.01487	0.00522	0.00568
1	0.01673	0.05715	0.11671	0.02921	0.34721	0.10823	0.14422	0.02099	0.01526	0.02036	0.01201	0.01527	0.00970	0.00591	0.00644	0.00190	0.00897	0.00566	0.00324	0.05482
2	0.06426	0.05700	0.10408	0.01599	0.02011	0.40559	0.03267	0.02359	0.01639	0.07474	0.01374	0.01532	0.03781	0.00758	0.00755	0.00193	0.08473	0.00508	0.00377	0.00808
3	0.01563	0.01537	0.02707	0.12295	0.51649	0.01591	0.10740	0.01966	0.01456	0.02057	0.01221	0.01653	0.01007	0.00623	0.00754	0.00207	0.05076	0.00610	0.00321	0.00967
4	0.00863	0.00639	0.00741	0.00765	0.00871	0.00587	0.00517	0.00996	0.01357	0.01768	0.16545	0.20567	0.25597	0.23455	0.01536	0.00350	0.00428	0.01332	0.00570	0.00518
5	0.08289	0.05467	0.02043	0.01664	0.02050	0.40829	0.12801	0.02269	0.03872	0.01861	0.01672	0.04374	0.06019	0.00808	0.00637	0.00193	0.00974	0.03024	0.00389	0.00765
6	0.00792	0.00662	0.00690	0.00694	0.00901	0.00560	0.00516	0.00968	0.01517	0.01844	0.11889	0.10069	0.63317	0.01663	0.00781	0.00224	0.00334	0.01400	0.00621	0.00560
7	0.01710	0.04209	0.24477	0.11315	0.13045	0.03236	0.16140	0.02224	0.01521	0.13635	0.01439	0.01675	0.01034	0.00640	0.00664	0.00207	0.00892	0.00597	0.00387	0.00951
8	0.01545	0.34711	0.41366	0.01552	0.02330	0.04427	0.01840	0.02055	0.01384	0.01842	0.01063	0.01242	0.00839	0.00601	0.00538	0.00178	0.00866	0.00427	0.00282	0.00912
9	0.01691	0.01983	0.03578	0.02611	0.03227	0.12698	0.59860	0.02188	0.01601	0.02033	0.01284	0.01686	0.00976	0.00574	0.00749	0.00214	0.01122	0.00723	0.00334	0.00869
10	0.00836	0.00645	0.00763	0.00841	0.00959	0.00593	0.00586	0.01045	0.04284	0.01779	0.06766	0.45361	0.27598	0.03649	0.00870	0.00257	0.00375	0.01616	0.00612	0.00563
11	0.01582	0.01329	0.01848	0.07637	0.23296	0.01225	0.01278	0.05097	0.04941	0.05839	0.01356	0.01582	0.01078	0.00581	0.00576	0.00153	0.00622	0.00505	0.00411	0.39064
12	0.01612	0.01610	0.02529	0.10100	0.55346	0.06514	0.05231	0.01991	0.01510	0.02054	0.01449	0.01814	0.04001	0.00643	0.00660	0.00198	0.00816	0.00618	0.00336	0.00968
13	0.00940	0.00705	0.01058	0.01058	0.01176	0.00823	0.00823	0.01176	0.01058	0.01528	0.01763	0.02586	0.01646	0.04937	0.74255	0.01058	0.01763	0.00705	0.00353	0.00588
14	0.00877	0.00605	0.00742	0.00820	0.00840	0.00585	0.00508	0.00936	0.01113	0.01484	0.02874	0.41434	0.03403	0.38361	0.02059	0.00447	0.00506	0.01428	0.00508	0.00469
15	0.06876	0.07047	0.05532	0.02334	0.02915	0.10170	0.47585	0.02122	0.01515	0.02042	0.01212	0.01584	0.00940	0.00605	0.00770	0.00212	0.04694	0.00661	0.00331	0.00854
16	0.21459	0.04086	0.01340	0.01059	0.01436	0.04288	0.02694	0.10033	0.05099	0.16213	0.06039	0.02132	0.04095	0.00796	0.00561	0.00191	0.00538	0.00612	0.16496	0.00835
17	0.05608	0.08448	0.41099	0.01876	0.05964	0.10247	0.07375	0.04314	0.03212	0.02120	0.01192	0.01398	0.00895	0.00627	0.00607	0.00196	0.00924	0.00497	0.00323	0.03076
18	0.01050	0.00726	0.00900	0.00883	0.01056	0.00682	0.00651	0.01394	0.06522	0.06674	0.35532	0.22915	0.15476	0.01513	0.00778	0.00226	0.00362	0.01330	0.00680	0.00650
19	0.01603	0.01537	0.02624	0.08940	0.68065	0.01557	0.02007	0.01997	0.01486	0.02119	0.01234	0.01638	0.01031	0.00591	0.00652	0.00197	0.00789	0.00586	0.00324	0.01021
20	0.00852	0.00622	0.00809	0.00914	0.00994	0.00566	0.00616	0.00977	0.01257	0.01702	0.03376	0.67807	0.04014	0.04760	0.00907	0.00268	0.00400	0.01720	0.00586	0.06853
21	0.00798	0.00589	0.00747	0.00874	0.00944	0.00538	0.00592	0.00921	0.01301	0.01697	0.04143	0.64563	0.15893	0.01996	0.00830	0.00260	0.00374	0.01790	0.00611	0.00538
22	0.01553	0.01325	0.01416	0.01278	0.01624	0.01516	0.00992	0.03228	0.63205	0.02740	0.11046	0.02751	0.02514	0.00947	0.00683	0.00221	0.00496	0.00798	0.00676	0.00992
23	0.01637	0.01414	0.01489	0.01340	0.01712	0.01637	0.01042	0.03498	0.71568	0.02754	0.02679	0.02456	0.02010	0.00893	0.00670	0.00223	0.00521	0.00744	0.00670	0.01042
24	0.01712	0.01439	0.02604	0.08682	0.02717	0.01308	0.32803	0.02132	0.01536	0.14255	0.01489	0.01739	0.01089	0.00590	0.00666	0.00184	0.00821	0.00632	0.00428	0.23175
25	0.01227	0.00614	0.00614	0.00614	0.00767	0.00614	0.00460	0.01534	0.01381	0.02454	0.02148	0.02454	0.01687	0.00767	0.00460	0.00153	0.00307	0.00614	0.80518	0.00614
26	0.01131	0.00750	0.00898	0.00844	0.01073	0.00675	0.00655	0.01423	0.03842	0.10315	0.30684	0.05287	0.32465	0.01435	0.00770	0.00220	0.00375	0.05815	0.00679	0.00663
27	0.00788	0.00667	0.00681	0.00678	0.00896	0.00560	0.00508	0.00965	0.01525	0.01837	0.11129	0.06239	0.67993	0.01645	0.00778	0.00221	0.00332	0.01376	0.00619	0.00560
28	0.01102	0.00906	0.01086	0.01160	0.05227	0.00930	0.00808	0.04998	0.13312	0.02048	0.04053	0.29169	0.24588	0.01550	0.00829	0.00240	0.03574	0.03132	0.00594	0.00695
29	0.01320	0.03405	0.73453	0.01876	0.02849	0.01529	0.02432	0.02085	0.01390	0.02085	0.01181	0.01390	0.00834	0.00625	0.00625	0.00208	0.00973	0.00486	0.00278	0.00973
30	0.01714	0.01254	0.01418	0.01279	0.01628	0.01378	0.01024	0.07380	0.43000	0.11135	0.07033	0.03336	0.02456	0.01056	0.00714	0.00231	0.00540	0.11785	0.00679	0.00959
31	0.01405	0.09352	0.64776	0.01800	0.02721	0.01638	0.02277	0.04929	0.01457	0.02127	0.01176	0.01371	0.00847	0.00627	0.00610	0.00203	0.00941	0.00480	0.00294	0.00969
32	0.01918	0.01812	0.02209	0.02788	0.38334	0.14047	0.01594	0.15022	0.04782	0.04161	0.01570	0.04520	0.02804	0.00739	0.00654	0.00196	0.00799	0.00635	0.00434	0.00981
33	0.00798	0.00589	0.00747	0.00874	0.00944	0.00538	0.00592	0.00921	0.01302	0.01697	0.04152	0.64375	0.16075	0.01994	0.00830	0.00260	0.00374	0.01789	0.00611	0.00538
34	0.70604	0.01281	0.01048	0.00914	0.01327	0.01459	0.00752	0.05897	0.01282	0.06988	0.01080	0.01199	0.00812	0.00637	0.00437	0.00202	0.00519	0.00394	0.02412	0.00757
35	0.08203	0.01374	0.01777	0.01711	0.13903	0.01355	0.03012	0.12979	0.03925	0.11668	0.03638	0.01694	0.01260	0.00691	0.00695	0.00176	0.05688	0.00547	0.00489	0.25216

[dist]
# distance from previous block
# <min> <max>
0	3

[block]
# block no. 3 follows, 33 sequences, length 20
# corresponding to MSA columns:
# 110-129
name=unknown_D
#
# <colnr> <probs for GDERKNQSTAVLIFYWHMCP>
#	G	D	E	R	K	N	Q	S	T	A	V	L	I	F	Y	W	H	M	C	P
0	0.08859	0.01460	0.01971	0.04390	0.29879	0.03940	0.01391	0.08738	0.01673	0.15341	0.01469	0.01629	0.01105	0.00638	0.00602	0.00180	0.00678	0.00541	0.00465	0.15050
1	0.01010	0.00699	0.00862	0.00877	0.00994	0.00673	0.00610	0.01285	0.06197	0.04792	0.22973	0.30043	0.08262	0.16146	0.01284	0.00314	0.00425	0.01348	0.00615	0.00592
2	0.03199	0.01334	0.01430	0.01358	0.05038	0.09945	0.02492	0.03409	0.16352	0.05773	0.06312	0.02930	0.09334	0.13212	0.06687	0.00346	0.08805	0.00789	0.00497	0.00760
3	0.57733	0.01271	0.01134	0.00946	0.01396	0.01365	0.00776	0.05481	0.01335	0.10174	0.01161	0.01260	0.00867	0.00623	0.00458	0.00188	0.00522	0.00405	0.00460	0.12446
4	0.02468	0.01041	0.01390	0.01107	0.01536	0.00927	0.00899	0.02810	0.05189	0.55084	0.17225	0.02812	0.02608	0.00930	0.00686	0.00205	0.00506	0.00777	0.00789	0.01012
5	0.01140	0.00832	0.01027	0.01062	0.01230	0.00857	0.00835	0.04820	0.11190	0.02213	0.13191	0.20480	0.03687	0.05336	0.00924	0.00273	0.00491	0.24013	0.05733	0.00667
6	0.01426	0.01438	0.01901	0.01584	0.01894	0.11790	0.18849	0.04454	0.08233	0.02009	0.05508	0.21051	0.06312	0.04980	0.00938	0.00250	0.03684	0.02474	0.00489	0.00737
7	0.00909	0.00787	0.00976	0.01190	0.11360	0.00702	0.00737	0.01107	0.01484	0.01846	0.07392	0.13419	0.52632	0.01545	0.00767	0.00223	0.00404	0.01321	0.00573	0.00626
8	0.00857	0.00622	0.00808	0.00863	0.00963	0.00573	0.00609	0.01059	0.01536	0.02102	0.33584	0.41226	0.09292	0.01728	0.00809	0.00239	0.00348	0.01548	0.00660	0.00573
9	0.01613	0.01548	0.02643	0.07022	0.69902	0.01560	0.02012	0.02006	0.01491	0.02131	0.01235	0.01635	0.01036	0.00590	0.00652	0.00197	0.00786	0.00587	0.00324	0.01030
10	0.01686	0.01648	0.03062	0.07211	0.20791	0.03526	0.36956	0.02256	0.06706	0.07250	0.01480	0.01805	0.01118	0.00616	0.00717	0.00212	0.00932	0.00697	0.00388	0.00942
11	0.01084	0.00690	0.00848	0.00822	0.00901	0.00697	0.00541	0.01167	0.01086	0.06551	0.02381	0.03928	0.07327	0.49964	0.18635	0.00669	0.00859	0.00912	0.00434	0.00504
12	0.12099	0.01202	0.01674	0.01325	0.01733	0.01169	0.10974	0.05332	0.01526	0.17753	0.03488	0.11520	0.03777	0.02357	0.00807	0.00210	0.06281	0.00773	0.00525	0.15475
13	0.00897	0.00679	0.00832	0.00839	0.00989	0.00630	0.00612	0.01196	0.04715	0.02219	0.37919	0.23344	0.19534	0.01576	0.00788	0.00226	0.00343	0.01386	0.00669	0.00604
14	0.01589	0.01687	0.01994	0.01724	0.01773	0.12527	0.01416	0.01736	0.01133	0.01588	0.00887	0.01403	0.00862	0.01083	0.01932	0.00271	0.64819	0.00554	0.00296	0.00726
15	0.01436	0.01538	0.07993	0.34992	0.37396	0.01517	0.01969	0.01878	0.01411	0.01941	0.01204	0.01665	0.00954	0.00621	0.00652	0.00207	0.00839	0.00578	0.00307	0.00901
16	0.01227	0.00614	0.00614	0.00614	0.00767	0.00614	0.00460	0.01534	0.01381	0.02454	0.02148	0.02454	0.01687	0.00767	0.00460	0.00153	0.00307	0.00614	0.80518	0.00614
17	0.63538	0.04417	0.01255	0.01071	0.03515	0.03567	0.00846	0.08488	0.03838	0.02943	0.01054	0.01186	0.00816	0.00637	0.00453	0.00200	0.00564	0.00401	0.00431	0.00779
18	0.01440	0.01440	0.02016	0.01728	0.01728	0.02016	0.01440	0.01584	0.01008	0.01584	0.00864	0.01440	0.00864	0.01152	0.02160	0.00288	0.75659	0.00576	0.00288	0.00720
19	0.01569	0.04704	0.53394	0.02012	0.09764	0.04775	0.02161	0.06446	0.01552	0.05767	0.01270	0.01452	0.00914	0.00642	0.00626	0.00203	0.00920	0.00506	0.00336	0.00984

[dist]
# distance from previous block
# <min> <max>
0	1

[block]
# block no. 4 follows, 33 sequences, length 14
# corresponding to MSA columns:
# 131-144
name=unknown_E
#
# <colnr> <probs for GDERKNQSTAVLIFYWHMCP>
#	G	D	E	R	K	N	Q	S	T	A	V	L	I	F	Y	W	H	M	C	P
0	0.01734	0.01964	0.08348	0.07988	0.30406	0.15738	0.07789	0.02099	0.01525	0.04245	0.03198	0.01637	0.01117	0.00698	0.00810	0.00206	0.08667	0.00581	0.00346	0.00903
1	0.01557	0.01200	0.01410	0.01019	0.01595	0.00944	0.00820	0.05279	0.01497	0.08248	0.01311	0.01450	0.01038	0.00531	0.00511	0.00112	0.00506	0.00423	0.00440	0.70111
2	0.00911	0.00722	0.00829	0.00818	0.01010	0.00667	0.00617	0.01258	0.06854	0.02162	0.29688	0.11010	0.35166	0.01531	0.00780	0.00224	0.00354	0.04127	0.00656	0.00616
3	0.01998	0.04774	0.01687	0.01275	0.01734	0.01544	0.01035	0.31696	0.13004	0.09530	0.06770	0.06032	0.01798	0.00859	0.00642	0.00188	0.00593	0.00691	0.00618	0.13535
4	0.62074	0.01235	0.01106	0.00941	0.01374	0.01351	0.00776	0.02250	0.01309	0.20340	0.01333	0.01359	0.00940	0.00662	0.00470	0.00204	0.00522	0.00432	0.00508	0.00814
5	0.02445	0.01632	0.01811	0.01412	0.01908	0.01760	0.01158	0.49877	0.09046	0.16264	0.04524	0.01903	0.01483	0.00825	0.00665	0.00201	0.00661	0.00641	0.00690	0.01094
6	0.01695	0.08638	0.19127	0.04816	0.23568	0.03474	0.07514	0.05158	0.03530	0.09369	0.01705	0.01884	0.05201	0.00699	0.00644	0.00199	0.00803	0.00613	0.00401	0.00961
7	0.01227	0.00614	0.00614	0.00614	0.00767	0.00614	0.00460	0.01534	0.01381	0.02454	0.02148	0.02454	0.01687	0.00767	0.00460	0.00153	0.00307	0.00614	0.80518	0.00614
8	0.00813	0.00619	0.00731	0.00803	0.00913	0.00556	0.00553	0.00949	0.01359	0.01738	0.08461	0.40572	0.29598	0.07944	0.01017	0.00277	0.00381	0.01580	0.00600	0.00536
9	0.01365	0.01203	0.04156	0.11074	0.28516	0.01148	0.04805	0.01674	0.01418	0.06768	0.02179	0.28380	0.02236	0.01137	0.00726	0.00226	0.00658	0.01056	0.00456	0.00820
10	0.02392	0.01879	0.06075	0.01610	0.02172	0.01915	0.06658	0.57114	0.02803	0.08312	0.01604	0.01627	0.01127	0.00764	0.00666	0.00200	0.00758	0.00606	0.00622	0.01093
11	0.01061	0.00758	0.01061	0.01212	0.01364	0.00758	0.01061	0.01364	0.01515	0.01970	0.03486	0.07426	0.03789	0.01819	0.00909	0.00303	0.00606	0.68326	0.00606	0.00606
12	0.01073	0.00861	0.00985	0.00963	0.01167	0.00879	0.00715	0.01754	0.21614	0.02280	0.23475	0.21098	0.17679	0.01446	0.00761	0.00229	0.00392	0.01260	0.00660	0.00709
13	0.44306	0.01409	0.01762	0.02345	0.34568	0.01518	0.01322	0.01975	0.01297	0.02580	0.01066	0.01330	0.00867	0.00600	0.00521	0.00200	0.00636	0.00464	0.00369	0.00867

[dist]
# distance from previous block
# <min> <max>
0	3

[block]
# block no. 5 follows, 33 sequences, length 30
# corresponding to MSA columns:
# 148-177
name=unknown_F
#
# <colnr> <probs for GDERKNQSTAVLIFYWHMCP>
#	G	D	E	R	K	N	Q	S	T	A	V	L	I	F	Y	W	H	M	C	P
0	0.06533	0.13055	0.07673	0.01551	0.07696	0.04192	0.04679	0.13657	0.09451	0.02459	0.01617	0.04127	0.03437	0.00721	0.00586	0.00177	0.00676	0.00581	0.00447	0.16689
1	0.05126	0.02034	0.04078	0.01728	0.09416	0.23198	0.03156	0.24075	0.04567	0.02682	0.01450	0.01667	0.01139	0.03249	0.00699	0.00201	0.00823	0.00554	0.09262	0.00896
2	0.01391	0.01396	0.01978	0.49242	0.03565	0.07218	0.01678	0.01728	0.01273	0.01650	0.01074	0.01624	0.00872	0.00797	0.01069	0.00235	0.21615	0.00570	0.00295	0.00731
3	0.00940	0.00705	0.01058	0.01058	0.01176	0.00823	0.00823	0.01176	0.01058	0.01528	0.01763	0.02586	0.01646	0.04937	0.74255	0.01058	0.01763	0.00705	0.00353	0.00588
4	0.00818	0.00666	0.00719	0.00727	0.00921	0.00575	0.00544	0.01000	0.01516	0.01873	0.14407	0.09771	0.55124	0.04188	0.00874	0.00241	0.00356	0.04503	0.00618	0.00560
5	0.00864	0.00661	0.00781	0.00769	0.00932	0.00590	0.00563	0.01088	0.01629	0.02164	0.38165	0.11377	0.31008	0.05370	0.00913	0.00240	0.00342	0.01311	0.00656	0.00578
6	0.02931	0.01157	0.01550	0.01189	0.01699	0.01022	0.00982	0.06602	0.01945	0.69733	0.02546	0.02207	0.01604	0.00814	0.00662	0.00203	0.00568	0.00659	0.00807	0.01120
7	0.01825	0.01507	0.01594	0.01378	0.01783	0.01725	0.01087	0.18027	0.56734	0.03056	0.02441	0.02266	0.01817	0.00871	0.00667	0.00218	0.00565	0.00711	0.00667	0.01059
8	0.01554	0.01776	0.03885	0.02775	0.03441	0.01665	0.70366	0.02109	0.01554	0.02109	0.01332	0.01776	0.00999	0.00555	0.00777	0.00222	0.01110	0.00777	0.00333	0.00888
9	0.01760	0.77260	0.03450	0.01126	0.01690	0.02605	0.01126	0.01971	0.01338	0.01549	0.00915	0.01056	0.00845	0.00563	0.00422	0.00141	0.00704	0.00352	0.00282	0.00845
10	0.01295	0.01223	0.02069	0.65686	0.13723	0.01476	0.01854	0.01728	0.01341	0.01745	0.01179	0.01738	0.00900	0.00649	0.00657	0.00216	0.00865	0.00585	0.00297	0.00773
11	0.04249	0.35465	0.21491	0.01364	0.01963	0.06898	0.01426	0.06492	0.01507	0.04278	0.01346	0.08271	0.01210	0.00752	0.00550	0.00180	0.00769	0.00561	0.00362	0.00867
12	0.00802	0.00573	0.00764	0.00917	0.00955	0.00535	0.00611	0.00917	0.01260	0.01681	0.03628	0.76434	0.04354	0.02062	0.00840	0.00267	0.00382	0.01872	0.00611	0.00535
13	0.01554	0.01776	0.03885	0.02775	0.03441	0.01665	0.70366	0.02109	0.01554	0.02109	0.01332	0.01776	0.00999	0.00555	0.00777	0.00222	0.01110	0.00777	0.00333	0.00888
14	0.01868	0.25386	0.25359	0.01608	0.05736	0.07801	0.01592	0.07923	0.04296	0.10574	0.01349	0.01441	0.01012	0.00655	0.00571	0.00183	0.00812	0.00485	0.00397	0.00952
15	0.01569	0.01372	0.03383	0.08624	0.19609	0.03737	0.05279	0.13748	0.05875	0.02232	0.01845	0.04199	0.06505	0.01219	0.03466	0.14658	0.00752	0.00697	0.00425	0.00808
16	0.00978	0.00654	0.00839	0.00886	0.01010	0.00599	0.00636	0.01161	0.01478	0.06250	0.20432	0.39613	0.13594	0.04207	0.00892	0.00257	0.00389	0.04889	0.00644	0.00593
17	0.01243	0.01174	0.02009	0.68547	0.04319	0.01432	0.04850	0.01681	0.01353	0.01746	0.04506	0.01904	0.01132	0.00686	0.00669	0.00219	0.00862	0.00622	0.00315	0.00733
18	0.01742	0.05365	0.06462	0.05329	0.31434	0.09207	0.10608	0.10874	0.01714	0.02260	0.01529	0.01805	0.04807	0.00698	0.00707	0.00200	0.03313	0.00621	0.00379	0.00943
19	0.01073	0.00955	0.01388	0.08449	0.10134	0.00953	0.05721	0.01426	0.05078	0.02025	0.16204	0.10903	0.28051	0.01287	0.00797	0.00222	0.02977	0.01124	0.00540	0.00694
20	0.01637	0.01160	0.01377	0.01023	0.01551	0.00946	0.00822	0.06790	0.01606	0.13022	0.06482	0.01922	0.03832	0.00657	0.00556	0.00132	0.00498	0.00534	0.00504	0.54948
21	0.81514	0.01273	0.00968	0.00866	0.01273	0.01477	0.00713	0.01935	0.01120	0.02954	0.00917	0.01069	0.00713	0.00611	0.00407	0.00204	0.00509	0.00356	0.00407	0.00713
22	0.01199	0.00851	0.01128	0.12491	0.01647	0.00858	0.00858	0.01632	0.07515	0.08732	0.39570	0.04187	0.14345	0.01200	0.00739	0.00212	0.00442	0.01041	0.00644	0.00709
23	0.01436	0.01082	0.01261	0.00934	0.01449	0.00840	0.00745	0.01723	0.01408	0.07071	0.01594	0.01744	0.03833	0.00588	0.00507	0.00116	0.00465	0.00473	0.09868	0.62861
24	0.00804	0.00586	0.00758	0.00888	0.00949	0.00540	0.00600	0.00930	0.01304	0.01720	0.06068	0.67026	0.11406	0.02000	0.00832	0.00261	0.00375	0.01801	0.00615	0.00540
25	0.00823	0.00606	0.00748	0.00851	0.00928	0.00558	0.00579	0.00942	0.01287	0.01667	0.04103	0.51236	0.18680	0.10187	0.01105	0.00300	0.00407	0.03879	0.00588	0.00527
26	0.00941	0.00702	0.01041	0.01041	0.01152	0.00814	0.00801	0.01164	0.01053	0.01515	0.01779	0.02674	0.01684	0.08597	0.70647	0.01037	0.01706	0.00718	0.00355	0.00578
27	0.00806	0.00578	0.00759	0.00902	0.00946	0.00538	0.00601	0.00919	0.01260	0.01672	0.03692	0.71850	0.06725	0.04213	0.00911	0.00276	0.00388	0.01828	0.00605	0.00532
28	0.01440	0.01440	0.02016	0.01728	0.01728	0.02016	0.01440	0.01584	0.01008	0.01584	0.00864	0.01440	0.00864	0.01152	0.02160	0.00288	0.75659	0.00576	0.00288	0.00720
29	0.24416	0.01920	0.02103	0.01998	0.13090	0.20322	0.14594	0.07507	0.01615	0.02372	0.01211	0.03742	0.01001	0.00674	0.00599	0.00199	0.00856	0.00558	0.00389	0.00838

[dist]
# distance from previous block
# <min> <max>
0	1

[block]
# block no. 6 follows, 33 sequences, length 20
# corresponding to MSA columns:
# 179-198
name=unknown_G
#
# <colnr> <probs for GDERKNQSTAVLIFYWHMCP>
#	G	D	E	R	K	N	Q	S	T	A	V	L	I	F	Y	W	H	M	C	P
0	0.01697	0.01388	0.02283	0.05361	0.42104	0.01371	0.06890	0.05502	0.01631	0.10844	0.05530	0.06325	0.04516	0.00793	0.00686	0.00205	0.00715	0.00748	0.00451	0.00963
1	0.01926	0.01077	0.01321	0.01115	0.01472	0.01069	0.00883	0.05353	0.19882	0.28873	0.25719	0.03157	0.03226	0.01010	0.00702	0.00210	0.00474	0.00856	0.00741	0.00935
2	0.01365	0.01170	0.01365	0.00975	0.01560	0.00878	0.00780	0.01658	0.01365	0.02145	0.01170	0.01365	0.00975	0.00488	0.00488	0.00098	0.00488	0.00390	0.00390	0.80888
3	0.01493	0.01313	0.01343	0.01220	0.01537	0.05192	0.00941	0.02859	0.49893	0.02632	0.18139	0.03078	0.05506	0.01011	0.00693	0.00217	0.00503	0.00850	0.00662	0.00916
4	0.00822	0.00587	0.00787	0.00939	0.00986	0.00552	0.00646	0.00951	0.01280	0.01703	0.03617	0.71124	0.04311	0.02044	0.00846	0.00270	0.00399	0.06985	0.00611	0.00540
5	0.01338	0.08935	0.54543	0.01870	0.07934	0.01521	0.02100	0.01980	0.01445	0.02106	0.08829	0.01761	0.01430	0.00695	0.00627	0.00202	0.00865	0.00559	0.00330	0.00930
6	0.01779	0.04700	0.07837	0.04964	0.08805	0.01404	0.19075	0.04146	0.04259	0.15071	0.01528	0.01710	0.01126	0.00640	0.00690	0.00187	0.03198	0.00596	0.00445	0.17840
7	0.01365	0.01170	0.01365	0.00975	0.01560	0.00878	0.00780	0.01658	0.01365	0.02145	0.01170	0.01365	0.00975	0.00488	0.00488	0.00098	0.00488	0.00390	0.00390	0.80888
8	0.02503	0.01844	0.01976	0.01515	0.02042	0.02042	0.01251	0.70562	0.03095	0.04149	0.01581	0.01581	0.01120	0.00790	0.00659	0.00198	0.00724	0.00593	0.00659	0.01120
9	0.01494	0.07542	0.25665	0.04308	0.15167	0.01474	0.14351	0.01988	0.01458	0.06065	0.01635	0.05690	0.04098	0.00723	0.00656	0.00201	0.00832	0.00665	0.00366	0.05624
10	0.05642	0.01141	0.03590	0.01138	0.01573	0.01008	0.00944	0.02768	0.09233	0.47698	0.09240	0.07184	0.03943	0.00958	0.00676	0.00211	0.00526	0.00796	0.00740	0.00993
11	0.02310	0.01755	0.01900	0.01498	0.01973	0.01976	0.01228	0.56349	0.13915	0.03796	0.01719	0.01713	0.01249	0.00825	0.00737	0.00206	0.04507	0.00616	0.00642	0.01087
12	0.01386	0.01275	0.02059	0.14863	0.13664	0.01383	0.12558	0.05976	0.07303	0.02141	0.07787	0.06836	0.04169	0.01195	0.05666	0.00281	0.06887	0.03318	0.00439	0.00814
13	0.01596	0.07125	0.18359	0.09424	0.35156	0.01663	0.07673	0.07283	0.01575	0.02204	0.01232	0.01557	0.00971	0.00613	0.00642	0.00199	0.00850	0.00565	0.00335	0.00979
14	0.01545	0.00976	0.01328	0.01343	0.08252	0.02940	0.02558	0.01681	0.01320	0.16797	0.04430	0.03040	0.04786	0.20090	0.09799	0.10321	0.04671	0.02964	0.00479	0.00682
15	0.02247	0.00988	0.01300	0.01053	0.01451	0.00876	0.00849	0.02565	0.04404	0.48071	0.18659	0.03234	0.09324	0.01017	0.00699	0.00207	0.00481	0.00852	0.00770	0.00952
16	0.08975	0.03792	0.18442	0.08570	0.06918	0.09897	0.09931	0.07657	0.01632	0.12796	0.01383	0.01570	0.01004	0.00684	0.00693	0.00206	0.03963	0.00554	0.00418	0.00918
17	0.03425	0.08191	0.09521	0.12299	0.19470	0.08681	0.05370	0.07794	0.01615	0.04135	0.04425	0.04058	0.03610	0.00764	0.00703	0.00202	0.03828	0.00638	0.00391	0.00880
18	0.05540	0.01274	0.01736	0.12743	0.21250	0.03685	0.01326	0.06606	0.04939	0.04351	0.05736	0.08264	0.08367	0.03511	0.00869	0.00233	0.05589	0.02705	0.00458	0.00818
19	0.01665	0.01324	0.01694	0.11820	0.05804	0.06692	0.06604	0.12547	0.05876	0.10461	0.02473	0.15781	0.07366	0.01183	0.02480	0.00242	0.00711	0.03911	0.00537	0.00828

[dist]
# distance from previous block
# <min> <max>
4	9

[block]
# block no. 7 follows, 33 sequences, length 12
# corresponding to MSA columns:
# 208-219
name=unknown_H
#
# <colnr> <probs for GDERKNQSTAVLIFYWHMCP>
#	G	D	E	R	K	N	Q	S	T	A	V	L	I	F	Y	W	H	M	C	P
0	0.07606	0.07333	0.18709	0.04664	0.10470	0.03548	0.07607	0.09077	0.08527	0.06058	0.05689	0.01896	0.01427	0.00725	0.00632	0.00201	0.00763	0.01791	0.00440	0.02837
1	0.05487	0.04148	0.06686	0.01489	0.06873	0.01203	0.08845	0.03891	0.07440	0.03507	0.08170	0.04580	0.04247	0.11383	0.05166	0.10664	0.04311	0.00765	0.00434	0.00710
2	0.01530	0.12746	0.29328	0.01850	0.02566	0.01572	0.21030	0.02050	0.01452	0.06615	0.01404	0.05390	0.01128	0.00671	0.00641	0.00196	0.00874	0.00624	0.00356	0.07977
3	0.12650	0.03805	0.19436	0.04493	0.19018	0.04475	0.07699	0.03674	0.03572	0.02258	0.05334	0.02102	0.05329	0.00752	0.00636	0.00207	0.00773	0.02519	0.00388	0.00879
4	0.04399	0.08956	0.42114	0.01898	0.07042	0.08100	0.08019	0.02027	0.01437	0.02007	0.01434	0.05126	0.03178	0.00716	0.00628	0.00203	0.00905	0.00591	0.00322	0.00897
5	0.01602	0.01488	0.01749	0.01866	0.15122	0.10685	0.04731	0.02334	0.22200	0.05684	0.02454	0.08957	0.08600	0.01172	0.04291	0.00257	0.04607	0.00823	0.00506	0.00872
6	0.00878	0.00666	0.00791	0.00831	0.00968	0.00610	0.00595	0.02900	0.01492	0.01939	0.16630	0.32300	0.27849	0.05343	0.00925	0.00258	0.00381	0.03453	0.00622	0.00569
7	0.01666	0.06004	0.19843	0.02520	0.26789	0.01658	0.07151	0.08367	0.13156	0.04146	0.01516	0.01699	0.01158	0.00667	0.00647	0.00203	0.00797	0.00593	0.00411	0.01012
8	0.01592	0.04350	0.18199	0.01956	0.14491	0.07623	0.05041	0.05920	0.12413	0.04712	0.03020	0.06646	0.01550	0.05019	0.04336	0.00270	0.00828	0.00697	0.00435	0.00900
9	0.00861	0.00631	0.00820	0.00934	0.01029	0.00589	0.00686	0.01037	0.01396	0.01835	0.10078	0.47265	0.13428	0.01899	0.00840	0.00263	0.00413	0.14817	0.00620	0.00559
10	0.01557	0.01480	0.02516	0.12755	0.61205	0.01517	0.01955	0.01950	0.01477	0.02085	0.01327	0.01896	0.01141	0.00649	0.00664	0.00203	0.00786	0.03517	0.00334	0.00985
11	0.01511	0.01778	0.15794	0.06610	0.30843	0.01440	0.09891	0.04211	0.01538	0.04768	0.06589	0.06506	0.01588	0.00774	0.00731	0.00211	0.03182	0.00716	0.00390	0.00928

[dist]
# distance from previous block
# <min> <max>
1	2

[block]
# block no. 8 follows, 33 sequences, length 7
# corresponding to MSA columns:
# 222-228
name=unknown_I
#
# <colnr> <probs for GDERKNQSTAVLIFYWHMCP>
#	G	D	E	R	K	N	Q	S	T	A	V	L	I	F	Y	W	H	M	C	P
0	0.04024	0.01741	0.14851	0.01535	0.01997	0.04749	0.09679	0.10743	0.08324	0.10368	0.01929	0.08166	0.01662	0.06110	0.00947	0.00250	0.04846	0.04393	0.02817	0.00869
1	0.63323	0.01298	0.05285	0.00898	0.01288	0.01335	0.00772	0.01781	0.01148	0.02659	0.01448	0.01768	0.05941	0.07949	0.00727	0.00247	0.00537	0.00494	0.00413	0.00688
2	0.08538	0.00835	0.04717	0.00888	0.01079	0.00701	0.00696	0.01151	0.01434	0.02046	0.18248	0.34363	0.19705	0.01607	0.00760	0.00235	0.00400	0.01401	0.00597	0.00598
3	0.01423	0.10641	0.22615	0.01668	0.07840	0.04804	0.06315	0.05291	0.05386	0.02150	0.08903	0.07687	0.07563	0.00891	0.00655	0.00200	0.00729	0.00756	0.00429	0.04053
4	0.03690	0.05460	0.19223	0.01623	0.08911	0.06499	0.01404	0.07606	0.08022	0.05754	0.08130	0.05337	0.01707	0.00781	0.00622	0.00187	0.00699	0.00638	0.00457	0.13248
5	0.01625	0.06565	0.19473	0.01671	0.06801	0.09866	0.06856	0.03746	0.11180	0.06321	0.01848	0.02143	0.05161	0.07981	0.00892	0.00236	0.00790	0.00638	0.00424	0.05783
6	0.01537	0.06025	0.25907	0.02098	0.15534	0.04898	0.06427	0.05792	0.11953	0.02258	0.03834	0.02179	0.03433	0.00777	0.00662	0.00209	0.00805	0.04321	0.00413	0.00940

[dist]
# distance from previous block
# <min> <max>
0	6

[block]
# block no. 9 follows, 33 sequences, length 24
# corresponding to MSA columns:
# 235-258
name=unknown_J
#
# <colnr> <probs for GDERKNQSTAVLIFYWHMCP>
#	G	D	E	R	K	N	Q	S	T	A	V	L	I	F	Y	W	H	M	C	P
0	0.01277	0.01124	0.01576	0.12492	0.16628	0.01063	0.01168	0.01659	0.04391	0.02074	0.07458	0.04834	0.10307	0.00876	0.00645	0.00181	0.00579	0.04497	0.00444	0.26727
1	0.01461	0.01346	0.02143	0.12802	0.36821	0.01369	0.03755	0.04216	0.01519	0.02151	0.07485	0.04082	0.03220	0.00745	0.00718	0.00195	0.03846	0.00673	0.00389	0.11063
2	0.01537	0.01475	0.02525	0.09495	0.59062	0.01488	0.04765	0.01926	0.01497	0.02108	0.03493	0.01951	0.04406	0.00661	0.00667	0.00200	0.00770	0.00648	0.00348	0.00977
3	0.01498	0.01398	0.02279	0.23117	0.41693	0.01525	0.01800	0.04156	0.01462	0.02043	0.01409	0.01828	0.03363	0.00697	0.00767	0.00209	0.06481	0.00613	0.02755	0.00906
4	0.01475	0.01409	0.02382	0.31245	0.44132	0.01541	0.01926	0.01875	0.01412	0.01951	0.01199	0.01671	0.00973	0.00634	0.00707	0.00208	0.03450	0.00586	0.00312	0.00912
5	0.15701	0.01475	0.02244	0.06253	0.52001	0.01527	0.01698	0.04615	0.01487	0.02337	0.01384	0.01701	0.03509	0.00640	0.00614	0.00199	0.00720	0.00575	0.00362	0.00957
6	0.01513	0.01344	0.02089	0.10456	0.39511	0.01287	0.01540	0.01869	0.01471	0.04538	0.04017	0.01851	0.03302	0.00635	0.00617	0.00174	0.00676	0.00582	0.00379	0.22147
7	0.25390	0.01481	0.02077	0.05113	0.42435	0.01581	0.01556	0.06641	0.01475	0.02494	0.01153	0.01458	0.00940	0.00627	0.00625	0.00202	0.02934	0.00518	0.00371	0.00931
8	0.57237	0.01846	0.01243	0.01121	0.01507	0.23816	0.00885	0.02148	0.01349	0.02541	0.00948	0.01106	0.00754	0.00632	0.00465	0.00193	0.00717	0.00377	0.00386	0.00728
9	0.01430	0.01186	0.01430	0.01120	0.04785	0.00912	0.00842	0.01726	0.01389	0.04529	0.01221	0.01406	0.01000	0.00503	0.00501	0.00106	0.00503	0.00408	0.00401	0.74601
10	0.02459	0.03138	0.01866	0.01696	0.02035	0.74221	0.01272	0.02629	0.01866	0.01611	0.01018	0.01187	0.00848	0.00678	0.00594	0.00170	0.01187	0.00424	0.00339	0.00763
11	0.01365	0.01170	0.01365	0.00975	0.01560	0.00878	0.00780	0.01658	0.01365	0.02145	0.01170	0.01365	0.00975	0.00488	0.00488	0.00098	0.00488	0.00390	0.00390	0.80888
12	0.00802	0.00573	0.00764	0.00917	0.00955	0.00535	0.00611	0.00917	0.01260	0.01681	0.03628	0.76434	0.04354	0.02062	0.00840	0.00267	0.00382	0.01872	0.00611	0.00535
13	0.02503	0.01844	0.01976	0.01515	0.02042	0.02042	0.01251	0.70562	0.03095	0.04149	0.01581	0.01581	0.01120	0.00790	0.00659	0.00198	0.00724	0.00593	0.00659	0.01120
14	0.01227	0.00614	0.00614	0.00614	0.00767	0.00614	0.00460	0.01534	0.01381	0.02454	0.02148	0.02454	0.01687	0.00767	0.00460	0.00153	0.00307	0.00614	0.80518	0.00614
15	0.01513	0.01424	0.02403	0.03600	0.62629	0.01419	0.01822	0.01865	0.01465	0.02084	0.01575	0.12181	0.01510	0.00795	0.00678	0.00206	0.00726	0.00768	0.00366	0.00971
16	0.01629	0.01564	0.02672	0.04041	0.72757	0.01564	0.02020	0.02020	0.01499	0.02151	0.01238	0.01629	0.01043	0.00587	0.00652	0.00196	0.00782	0.00587	0.00326	0.01043
17	0.01863	0.01617	0.02391	0.05948	0.46576	0.01676	0.01740	0.22282	0.01959	0.02724	0.01334	0.01610	0.01057	0.00646	0.00648	0.00193	0.00758	0.00581	0.00425	0.03969
18	0.01609	0.01561	0.02699	0.06528	0.61313	0.01572	0.07759	0.02077	0.04437	0.02155	0.01304	0.01681	0.01073	0.00599	0.00663	0.00200	0.00803	0.00609	0.00340	0.01018
19	0.01730	0.01481	0.02360	0.05190	0.52836	0.01495	0.01754	0.05792	0.05414	0.07580	0.01453	0.01748	0.01160	0.00795	0.03446	0.00228	0.00778	0.00599	0.00401	0.03759
20	0.01631	0.06099	0.06229	0.08217	0.42895	0.05871	0.07105	0.02158	0.07522	0.02097	0.01329	0.01643	0.01076	0.00619	0.00641	0.00195	0.00814	0.00582	0.00351	0.02927
21	0.01611	0.04404	0.03729	0.04525	0.22489	0.03232	0.01329	0.11927	0.09305	0.02457	0.06005	0.02233	0.04731	0.00771	0.00634	0.00184	0.00649	0.02941	0.00466	0.16378
22	0.12332	0.07049	0.06908	0.03717	0.10116	0.04190	0.07371	0.08522	0.05593	0.08058	0.09700	0.04364	0.05285	0.00827	0.00633	0.00200	0.00667	0.00697	0.00489	0.03283
23	0.06756	0.07203	0.01789	0.03418	0.08681	0.05776	0.05474	0.04336	0.19545	0.04451	0.05837	0.05167	0.05171	0.00878	0.00675	0.00202	0.02499	0.02503	0.03144	0.06494

[dist]
# distance from previous block
# <min> <max>
6	30

[block]
# block no. 10 follows, 33 sequences, length 8
# corresponding to MSA columns:
# 289-296
name=unknown_K
#
# <colnr> <probs for GDERKNQSTAVLIFYWHMCP>
#	G	D	E	R	K	N	Q	S	T	A	V	L	I	F	Y	W	H	M	C	P
0	0.01700	0.01558	0.02507	0.11390	0.56307	0.01615	0.01901	0.10805	0.01685	0.02357	0.01275	0.01637	0.01035	0.00620	0.00653	0.00198	0.00785	0.00587	0.00365	0.01019
1	0.01432	0.01351	0.02281	0.27505	0.44068	0.01445	0.01839	0.01816	0.01418	0.01956	0.01414	0.07891	0.01263	0.00733	0.00670	0.00209	0.00781	0.00693	0.00338	0.00897
2	0.01002	0.00843	0.00977	0.03221	0.03950	0.02858	0.00766	0.01334	0.05298	0.02095	0.22943	0.05449	0.33866	0.01463	0.00778	0.00228	0.00436	0.11241	0.00615	0.00636
3	0.01691	0.01691	0.02359	0.10238	0.48803	0.10071	0.01788	0.02249	0.10542	0.02120	0.01391	0.01696	0.01129	0.00644	0.00648	0.00198	0.00805	0.00588	0.00369	0.00980
4	0.01216	0.10006	0.01272	0.00976	0.01228	0.10379	0.00758	0.01555	0.07637	0.01964	0.16899	0.14022	0.26977	0.01337	0.00711	0.00209	0.00505	0.01116	0.00564	0.00668
5	0.01823	0.01322	0.01638	0.01470	0.09994	0.01197	0.01042	0.11531	0.07783	0.13547	0.01587	0.01657	0.01194	0.00627	0.00573	0.00150	0.00569	0.00514	0.00510	0.41273
6	0.01798	0.01608	0.03968	0.04283	0.27516	0.07684	0.11726	0.06948	0.01690	0.11475	0.02065	0.02228	0.09456	0.00760	0.00675	0.00199	0.00776	0.00695	0.00449	0.04000
7	0.01461	0.07692	0.02080	0.08247	0.11061	0.01834	0.01424	0.01870	0.09414	0.01810	0.01475	0.01848	0.04960	0.00986	0.01441	0.00247	0.40368	0.00624	0.00355	0.00802

[dist]
# distance from previous block
# <min> <max>
0	24

# created by:
# /home/cegg/simao/soft/augustus-3.2.1/scripts/msa2prfl.pl ./align_prep/EOG090W0CK8.fa
