[name]
unknown

[dist]
# distance from previous block
# <min> <max>
18	80

[block]
# block no. 0 follows, 32 sequences, length 83
# corresponding to MSA columns:
# 89-171
name=unknown_A
#
# <colnr> <probs for GDERKNQSTAVLIFYWHMCP>
#	G	D	E	R	K	N	Q	S	T	A	V	L	I	F	Y	W	H	M	C	P
0	0.01716	0.05942	0.10430	0.01641	0.06089	0.09116	0.09303	0.06383	0.07609	0.09456	0.04401	0.08626	0.05759	0.00994	0.02369	0.00223	0.00764	0.00773	0.02678	0.05729
1	0.01639	0.02432	0.29996	0.01993	0.10777	0.10684	0.05814	0.08044	0.01674	0.04379	0.04021	0.03853	0.06770	0.00823	0.00742	0.00212	0.04162	0.00667	0.00401	0.00918
2	0.01813	0.12588	0.13221	0.04249	0.08073	0.10529	0.06187	0.12516	0.07781	0.04633	0.03574	0.04114	0.03839	0.00803	0.00695	0.00202	0.03167	0.00644	0.00446	0.00926
3	0.01558	0.07239	0.39687	0.01870	0.02619	0.07294	0.11601	0.04021	0.11212	0.02194	0.01488	0.03637	0.01148	0.00710	0.00658	0.00211	0.00925	0.00603	0.00371	0.00956
4	0.01372	0.01160	0.03767	0.01343	0.03568	0.03329	0.04162	0.10387	0.03237	0.04369	0.04077	0.02453	0.03340	0.03241	0.42723	0.00704	0.01346	0.00706	0.00439	0.04277
5	0.06428	0.05870	0.01814	0.01480	0.04596	0.06067	0.03414	0.17257	0.25581	0.11686	0.02193	0.02139	0.04406	0.00880	0.00710	0.02560	0.00657	0.00667	0.00601	0.00993
6	0.06459	0.07805	0.17177	0.01718	0.06882	0.06873	0.05827	0.10924	0.07141	0.17982	0.01656	0.01697	0.01182	0.00709	0.00630	0.00199	0.00782	0.00569	0.00505	0.03283
7	0.01610	0.04264	0.23185	0.01914	0.11294	0.03775	0.05291	0.10720	0.15644	0.02502	0.04469	0.02182	0.06443	0.00802	0.00668	0.00208	0.00765	0.00674	0.00466	0.03123
8	0.01395	0.03626	0.01354	0.00980	0.01450	0.00930	0.00776	0.03882	0.01548	0.05077	0.15519	0.02317	0.02174	0.04898	0.00728	0.00161	0.00487	0.00610	0.00489	0.51597
9	0.01437	0.02008	0.24655	0.02123	0.10846	0.01391	0.17900	0.01940	0.01526	0.05731	0.08540	0.04869	0.05771	0.00875	0.00809	0.00224	0.05104	0.02948	0.00416	0.00887
10	0.00965	0.00722	0.01079	0.01087	0.01209	0.00835	0.00852	0.01209	0.01104	0.01583	0.01894	0.02909	0.01798	0.04857	0.69732	0.01036	0.01732	0.04424	0.00374	0.00600
11	0.01373	0.01173	0.01371	0.00992	0.01570	0.00883	0.00789	0.01665	0.01388	0.02171	0.01275	0.03842	0.01107	0.00550	0.00509	0.00105	0.00493	0.00447	0.00405	0.77894
12	0.01537	0.01508	0.11214	0.01149	0.01786	0.01018	0.01051	0.01949	0.03687	0.08421	0.01372	0.01509	0.01067	0.00559	0.00538	0.00129	0.00572	0.00447	0.00429	0.60055
13	0.00802	0.00680	0.00692	0.00689	0.00912	0.00570	0.00517	0.00980	0.01550	0.01861	0.10397	0.06378	0.68331	0.01681	0.00793	0.00226	0.00339	0.01405	0.00629	0.00570
14	0.01095	0.01161	0.08119	0.03750	0.09901	0.00971	0.08601	0.01382	0.01395	0.01908	0.05880	0.40362	0.05373	0.01501	0.00839	0.00250	0.02817	0.03479	0.00512	0.00705
15	0.01802	0.72885	0.05289	0.01184	0.01763	0.04574	0.01187	0.02031	0.01380	0.01595	0.00943	0.01089	0.00861	0.00579	0.00441	0.00146	0.00738	0.00364	0.00289	0.00862
16	0.04357	0.00796	0.00964	0.01021	0.01181	0.00797	0.00767	0.01472	0.10859	0.02090	0.10845	0.37428	0.07691	0.01691	0.00807	0.00256	0.00446	0.13083	0.00628	0.02820
17	0.02492	0.01848	0.02014	0.04912	0.02198	0.02054	0.01302	0.66857	0.03071	0.04113	0.01592	0.01619	0.01130	0.00799	0.00671	0.00202	0.00746	0.00604	0.00654	0.01123
18	0.01071	0.00917	0.03946	0.11383	0.03939	0.00863	0.00870	0.01251	0.01193	0.01636	0.05160	0.09906	0.04521	0.30709	0.10335	0.03092	0.00773	0.00911	0.00416	0.07109
19	0.04285	0.06911	0.14124	0.10903	0.26888	0.01503	0.03238	0.02029	0.01475	0.08005	0.03336	0.04335	0.01286	0.00717	0.00686	0.00201	0.03044	0.00617	0.00386	0.06030
20	0.13533	0.01381	0.04611	0.01513	0.08879	0.01261	0.01149	0.08771	0.04108	0.44707	0.02122	0.01968	0.01404	0.00771	0.00636	0.00207	0.00618	0.00613	0.00681	0.01068
21	0.01431	0.01320	0.04297	0.32854	0.19932	0.01368	0.04039	0.04917	0.01574	0.04887	0.08591	0.02483	0.07824	0.00820	0.00695	0.00215	0.00758	0.00736	0.00417	0.00843
22	0.01490	0.01477	0.07235	0.08701	0.44750	0.01358	0.01743	0.01849	0.01449	0.04277	0.01713	0.09963	0.03100	0.01064	0.04111	0.02863	0.00795	0.00760	0.00380	0.00921
23	0.03541	0.01594	0.13496	0.17228	0.17366	0.01317	0.09299	0.01848	0.01480	0.06161	0.05844	0.06165	0.07465	0.03354	0.00788	0.00232	0.00775	0.00783	0.00414	0.00850
24	0.01363	0.03490	0.02217	0.61992	0.08296	0.01561	0.05984	0.03801	0.01422	0.01839	0.01212	0.01757	0.00918	0.00661	0.00671	0.00219	0.00893	0.00602	0.00313	0.00789
25	0.03416	0.07070	0.31334	0.09792	0.15630	0.01537	0.04325	0.03945	0.01485	0.04476	0.01540	0.01941	0.03368	0.00914	0.04011	0.00250	0.00903	0.02781	0.00354	0.00926
26	0.01705	0.01251	0.01977	0.27968	0.21119	0.01362	0.01569	0.02086	0.03349	0.15961	0.03917	0.05375	0.01465	0.00847	0.00818	0.02167	0.05025	0.00696	0.00452	0.00891
27	0.06467	0.04249	0.28818	0.01968	0.08355	0.03102	0.14056	0.02166	0.01525	0.11996	0.03884	0.07388	0.01455	0.00782	0.00675	0.00215	0.00843	0.00700	0.00424	0.00933
28	0.02081	0.04356	0.12164	0.05953	0.09434	0.07509	0.08722	0.13374	0.10051	0.16983	0.01744	0.01813	0.01247	0.00729	0.00667	0.00207	0.00809	0.00618	0.00522	0.01017
29	0.01251	0.00802	0.02752	0.01315	0.09519	0.00752	0.00842	0.01174	0.01103	0.03991	0.04857	0.07667	0.01732	0.02032	0.03964	0.52300	0.00625	0.02469	0.00371	0.00481
30	0.01427	0.01313	0.01840	0.01599	0.01635	0.01781	0.01315	0.01586	0.01065	0.04114	0.01129	0.01786	0.01089	0.04715	0.12843	0.00421	0.58674	0.00625	0.00327	0.00715
31	0.01631	0.20911	0.37332	0.04310	0.07691	0.11088	0.04086	0.02150	0.01477	0.01923	0.01126	0.01351	0.00877	0.00625	0.00591	0.00191	0.00940	0.00475	0.00298	0.00927
32	0.03386	0.02180	0.26475	0.07148	0.33867	0.01553	0.04041	0.02201	0.05333	0.05434	0.01379	0.01652	0.01053	0.00643	0.00655	0.00208	0.00848	0.00576	0.00358	0.01011
33	0.00829	0.00681	0.00745	0.00743	0.00945	0.00597	0.00557	0.01023	0.01535	0.01909	0.15190	0.08195	0.55093	0.01938	0.06725	0.00295	0.00457	0.01348	0.00617	0.00578
34	0.01589	0.01700	0.08647	0.16034	0.38304	0.04510	0.07988	0.02018	0.01510	0.04285	0.01438	0.04353	0.01218	0.00711	0.00687	0.00212	0.00852	0.02643	0.00357	0.00946
35	0.06475	0.01865	0.05347	0.07484	0.22840	0.14006	0.13332	0.03823	0.01642	0.09768	0.03864	0.01754	0.01229	0.00690	0.00711	0.00206	0.03011	0.00615	0.00411	0.00928
36	0.00898	0.00647	0.00821	0.00890	0.00991	0.00608	0.00624	0.01137	0.03528	0.02070	0.23561	0.45259	0.09427	0.01770	0.00811	0.00245	0.00366	0.01582	0.04174	0.00591
37	0.03970	0.01792	0.08812	0.06197	0.21164	0.07442	0.01509	0.09928	0.01640	0.02328	0.01216	0.01497	0.00983	0.00658	0.00731	0.00181	0.06807	0.00514	0.00383	0.22247
38	0.01774	0.01493	0.01576	0.01387	0.01785	0.01718	0.01087	0.11449	0.62968	0.02976	0.02598	0.02398	0.01941	0.00898	0.00681	0.00224	0.00556	0.00740	0.00681	0.01071
39	0.00934	0.00685	0.00875	0.00827	0.00993	0.00626	0.00621	0.01235	0.01862	0.02601	0.65263	0.05159	0.13003	0.01405	0.00792	0.00213	0.00319	0.01234	0.00727	0.00626
40	0.01346	0.03471	0.72942	0.01912	0.02904	0.01558	0.02479	0.02125	0.01417	0.02125	0.01204	0.01417	0.00850	0.00637	0.00637	0.00212	0.00992	0.00496	0.00283	0.00992
41	0.01401	0.03394	0.70578	0.01889	0.02865	0.01539	0.02430	0.02163	0.01433	0.04463	0.01252	0.01445	0.00877	0.00644	0.00639	0.00212	0.00978	0.00502	0.00301	0.00997
42	0.01661	0.01594	0.02724	0.04119	0.72233	0.01594	0.02059	0.02059	0.01528	0.02192	0.01262	0.01661	0.01063	0.00598	0.00664	0.00199	0.00797	0.00598	0.00332	0.01063
43	0.00970	0.00809	0.01308	0.01249	0.01419	0.00757	0.11518	0.01186	0.01386	0.01828	0.03572	0.49668	0.09494	0.01795	0.00850	0.00266	0.00531	0.10205	0.00578	0.00613
44	0.00882	0.00664	0.00719	0.00731	0.00847	0.00608	0.00486	0.00979	0.01274	0.01589	0.04493	0.09309	0.36058	0.34447	0.01948	0.00417	0.00486	0.03040	0.00528	0.00497
45	0.06892	0.02115	0.25488	0.02692	0.32998	0.01474	0.01931	0.02280	0.01533	0.14119	0.01456	0.01649	0.01072	0.00652	0.00641	0.00206	0.00805	0.00562	0.00406	0.01031
46	0.00836	0.00639	0.00760	0.00818	0.00945	0.00571	0.00576	0.01002	0.01468	0.01900	0.16221	0.36001	0.29706	0.04248	0.00905	0.00257	0.00367	0.01579	0.00635	0.00563
47	0.02506	0.03198	0.01901	0.01729	0.02074	0.73725	0.01296	0.02679	0.01901	0.01642	0.01037	0.01210	0.00864	0.00691	0.00605	0.00173	0.01210	0.00432	0.00346	0.00778
48	0.01028	0.00747	0.01012	0.01149	0.01302	0.00731	0.00980	0.01305	0.01522	0.01962	0.03928	0.13005	0.11530	0.01857	0.00906	0.00297	0.00568	0.54948	0.00619	0.00606
49	0.01421	0.06760	0.01548	0.01005	0.01600	0.01024	0.00821	0.01713	0.01389	0.02142	0.01173	0.01368	0.00984	0.00503	0.00492	0.00103	0.00513	0.00395	0.00389	0.74657
50	0.01422	0.01330	0.02206	0.45832	0.25630	0.01535	0.01862	0.03675	0.01432	0.01925	0.01237	0.01762	0.00980	0.00814	0.03175	0.00246	0.03163	0.00601	0.00321	0.00851
51	0.00959	0.00717	0.01069	0.01069	0.01186	0.00834	0.00827	0.01192	0.01076	0.01551	0.01806	0.02682	0.01697	0.06897	0.71923	0.01067	0.01767	0.00726	0.00361	0.00594
52	0.00968	0.00713	0.01069	0.01069	0.01183	0.00827	0.00827	0.01183	0.01069	0.01540	0.01768	0.02609	0.01654	0.04908	0.70489	0.04729	0.01741	0.00713	0.00356	0.00585
53	0.81159	0.01298	0.00986	0.00882	0.01298	0.01505	0.00727	0.01972	0.01142	0.03010	0.00934	0.01090	0.00727	0.00623	0.00415	0.00208	0.00519	0.00363	0.00415	0.00727
54	0.01076	0.00630	0.00897	0.00897	0.00927	0.00660	0.00612	0.00975	0.00945	0.01290	0.01512	0.02656	0.01546	0.17731	0.20518	0.44812	0.00899	0.00695	0.00331	0.00391
55	0.01668	0.01639	0.02488	0.08074	0.56564	0.06958	0.01903	0.02096	0.03806	0.02131	0.01415	0.01989	0.01224	0.00689	0.00675	0.00206	0.00816	0.04303	0.00358	0.00997
56	0.01665	0.01083	0.01230	0.01047	0.01371	0.01099	0.00829	0.17463	0.07618	0.08923	0.16112	0.05269	0.02633	0.00975	0.00644	0.00192	0.00478	0.02902	0.21372	0.07095
57	0.00989	0.00784	0.00976	0.00997	0.01112	0.03040	0.00744	0.01201	0.01425	0.01946	0.19409	0.26569	0.09184	0.02388	0.16632	0.00424	0.04697	0.04038	0.02842	0.00602
58	0.01244	0.09480	0.03706	0.01216	0.03419	0.05575	0.00999	0.01575	0.04579	0.01957	0.06183	0.11279	0.15028	0.01411	0.00801	0.00240	0.02769	0.22867	0.02973	0.02697
59	0.00839	0.00618	0.00787	0.00895	0.00974	0.00577	0.00618	0.00977	0.01328	0.01743	0.06241	0.53480	0.15382	0.05653	0.04319	0.00319	0.00463	0.03634	0.00604	0.00549
60	0.01718	0.07293	0.16352	0.06136	0.16298	0.13898	0.01640	0.05816	0.09644	0.02097	0.01384	0.01690	0.01124	0.02895	0.02503	0.02100	0.05564	0.00564	0.00378	0.00906
61	0.04976	0.20054	0.53975	0.01693	0.02564	0.01805	0.02099	0.02092	0.01392	0.02040	0.01131	0.01325	0.00847	0.00622	0.00581	0.00197	0.00908	0.00459	0.00290	0.00950
62	0.32500	0.05480	0.09693	0.03759	0.07284	0.07527	0.03151	0.07794	0.03457	0.02529	0.01119	0.01352	0.00889	0.00718	0.00746	0.00213	0.10075	0.00480	0.00391	0.00844
63	0.01394	0.05390	0.01991	0.12854	0.22227	0.01344	0.05760	0.04478	0.05723	0.02128	0.08943	0.06192	0.04285	0.05546	0.06240	0.00299	0.00777	0.00794	0.02807	0.00827
64	0.00897	0.00706	0.00819	0.00825	0.01000	0.00661	0.00613	0.02769	0.01469	0.01868	0.10438	0.13476	0.40168	0.06622	0.12440	0.00391	0.00609	0.03068	0.00579	0.00581
65	0.01420	0.01183	0.01361	0.01007	0.01546	0.00955	0.00796	0.03959	0.05281	0.02257	0.01369	0.01637	0.01149	0.04030	0.00646	0.00137	0.00507	0.00459	0.03250	0.67050
66	0.00959	0.00717	0.01068	0.01068	0.01185	0.00833	0.00826	0.01192	0.01075	0.01550	0.01806	0.02686	0.01699	0.07085	0.71737	0.01066	0.01764	0.00726	0.00361	0.00594
67	0.02316	0.18840	0.02332	0.01651	0.02059	0.55567	0.04121	0.02514	0.01773	0.01650	0.01028	0.01207	0.00870	0.00661	0.00576	0.00169	0.01102	0.00432	0.00333	0.00801
68	0.02069	0.01500	0.04767	0.01240	0.01668	0.06964	0.01026	0.20280	0.05075	0.18402	0.03961	0.02309	0.03800	0.06548	0.03736	0.00259	0.00695	0.00667	0.07422	0.07612
69	0.00919	0.00748	0.02848	0.01107	0.03353	0.00675	0.00778	0.01159	0.04402	0.01814	0.03498	0.62306	0.04077	0.01940	0.00843	0.00270	0.00445	0.07607	0.00607	0.00603
70	0.06735	0.06580	0.04061	0.01294	0.06156	0.03211	0.01006	0.05952	0.03267	0.04251	0.01262	0.01429	0.01017	0.00565	0.00525	0.00134	0.00586	0.00439	0.00417	0.51112
71	0.01205	0.00841	0.01137	0.01190	0.05025	0.00906	0.00796	0.01327	0.01196	0.07660	0.02385	0.24663	0.02604	0.26688	0.09056	0.00470	0.10629	0.01127	0.00483	0.00610
72	0.01785	0.00982	0.01203	0.01051	0.01388	0.00932	0.00834	0.02319	0.13846	0.27549	0.15300	0.06162	0.17516	0.01216	0.00741	0.00224	0.00470	0.04884	0.00727	0.00873
73	0.01598	0.01771	0.03737	0.03060	0.15864	0.01678	0.57617	0.02133	0.01574	0.02157	0.01340	0.01783	0.01026	0.00571	0.00769	0.00221	0.01071	0.00757	0.00338	0.00933
74	0.01180	0.01007	0.01411	0.01293	0.01356	0.01295	0.01028	0.01364	0.01066	0.01608	0.01483	0.02330	0.01434	0.10115	0.34314	0.00672	0.30954	0.00686	0.04768	0.00636
75	0.01143	0.00785	0.00946	0.00898	0.01125	0.00751	0.00702	0.04338	0.01566	0.08010	0.11292	0.04808	0.34236	0.02289	0.17352	0.00418	0.00720	0.04780	0.03181	0.00660
76	0.01669	0.01441	0.01517	0.01365	0.01745	0.01669	0.01062	0.03565	0.71021	0.02807	0.02731	0.02503	0.02048	0.00910	0.00683	0.00228	0.00531	0.00759	0.00683	0.01062
77	0.01318	0.01244	0.02104	0.65679	0.13351	0.01504	0.01889	0.01759	0.01366	0.01776	0.01202	0.01772	0.00916	0.00661	0.00670	0.00220	0.00882	0.00597	0.00303	0.00786
78	0.01669	0.01441	0.01517	0.01365	0.01745	0.01669	0.01062	0.03565	0.71021	0.02807	0.02731	0.02503	0.02048	0.00910	0.00683	0.00228	0.00531	0.00759	0.00683	0.01062
79	0.01400	0.04639	0.01813	0.04452	0.03951	0.03969	0.01260	0.01606	0.01221	0.01805	0.07165	0.02057	0.03362	0.01345	0.06376	0.00308	0.44600	0.00659	0.07291	0.00721
80	0.00938	0.00680	0.00869	0.00903	0.00974	0.00677	0.00628	0.01091	0.01364	0.01863	0.20703	0.27619	0.05985	0.22152	0.03536	0.00383	0.03452	0.05066	0.00573	0.00544
81	0.01159	0.01399	0.13743	0.01577	0.08104	0.01032	0.08269	0.01588	0.03673	0.02103	0.12720	0.04494	0.18999	0.04219	0.00881	0.00252	0.00643	0.13879	0.00517	0.00747
82	0.01587	0.14068	0.21507	0.05370	0.15102	0.05929	0.03516	0.04456	0.03735	0.02121	0.04841	0.01647	0.01244	0.00675	0.00651	0.00188	0.02846	0.00542	0.00361	0.09615

[dist]
# distance from previous block
# <min> <max>
9	22

[block]
# block no. 1 follows, 32 sequences, length 27
# corresponding to MSA columns:
# 194-220
name=unknown_B
#
# <colnr> <probs for GDERKNQSTAVLIFYWHMCP>
#	G	D	E	R	K	N	Q	S	T	A	V	L	I	F	Y	W	H	M	C	P
0	0.01420	0.00803	0.01002	0.00955	0.01163	0.00748	0.00704	0.05500	0.01614	0.16770	0.11071	0.32278	0.11592	0.05191	0.00895	0.00254	0.00441	0.01316	0.05568	0.00714
1	0.01796	0.26419	0.19008	0.04376	0.11521	0.06642	0.03894	0.08004	0.03778	0.04926	0.01250	0.01438	0.00985	0.00658	0.00623	0.00188	0.02679	0.00501	0.00365	0.00948
2	0.07167	0.03422	0.10142	0.03922	0.09694	0.06646	0.05223	0.11220	0.05225	0.15728	0.08255	0.04836	0.03873	0.00854	0.00669	0.00208	0.00716	0.00715	0.00543	0.00941
3	0.01169	0.00813	0.01058	0.01025	0.01206	0.00791	0.03556	0.04582	0.05139	0.06595	0.05424	0.33553	0.13573	0.06976	0.04539	0.00312	0.00536	0.03351	0.05143	0.00659
4	0.01125	0.00741	0.00954	0.00931	0.01100	0.00700	0.00695	0.01456	0.05091	0.07967	0.40277	0.20065	0.06889	0.04034	0.00887	0.00246	0.00392	0.05090	0.00697	0.00665
5	0.09930	0.05103	0.24049	0.02154	0.11467	0.05379	0.16830	0.04445	0.05873	0.02301	0.01307	0.01550	0.00995	0.00630	0.00639	0.00203	0.00885	0.00567	0.00363	0.05331
6	0.04847	0.06369	0.15982	0.09587	0.02401	0.09242	0.07559	0.05088	0.09194	0.13499	0.03697	0.03693	0.04314	0.00800	0.00658	0.00209	0.00797	0.00664	0.00482	0.00917
7	0.01069	0.00746	0.00859	0.00832	0.01057	0.00665	0.00634	0.01341	0.04121	0.08336	0.18925	0.11673	0.40951	0.01570	0.00790	0.00230	0.00380	0.04506	0.00667	0.00650
8	0.01565	0.01488	0.02452	0.20594	0.44531	0.01583	0.04598	0.02169	0.10177	0.02153	0.01433	0.01803	0.01144	0.00653	0.00673	0.00210	0.00800	0.00625	0.00368	0.00981
9	0.12958	0.04671	0.08972	0.03190	0.06544	0.05719	0.03324	0.21883	0.04746	0.09223	0.01463	0.01558	0.01078	0.00691	0.00601	0.00189	0.00723	0.00532	0.00503	0.11433
10	0.01588	0.23711	0.10488	0.04660	0.04902	0.08224	0.13667	0.01956	0.02874	0.01822	0.01365	0.07293	0.01242	0.00952	0.03257	0.02217	0.05598	0.00640	0.00344	0.03201
11	0.00826	0.00653	0.00723	0.00759	0.00914	0.00573	0.00537	0.00976	0.01442	0.01798	0.09752	0.23750	0.44500	0.08450	0.01043	0.00275	0.00379	0.01488	0.00611	0.00551
12	0.01493	0.04735	0.32727	0.02029	0.08612	0.01510	0.14668	0.05209	0.05553	0.04442	0.04706	0.02192	0.07558	0.00772	0.00688	0.00213	0.00856	0.00692	0.00404	0.00941
13	0.01648	0.39967	0.33529	0.01519	0.02259	0.07034	0.01736	0.02105	0.01423	0.01820	0.01058	0.01233	0.00856	0.00610	0.00532	0.00175	0.00870	0.00423	0.00289	0.00912
14	0.04859	0.03499	0.01459	0.01153	0.01571	0.03249	0.00939	0.02755	0.09929	0.42294	0.12423	0.02977	0.04916	0.00975	0.00690	0.00213	0.00546	0.03831	0.00738	0.00983
15	0.00812	0.00649	0.00727	0.00775	0.00935	0.00564	0.00555	0.00974	0.01474	0.01839	0.10171	0.29291	0.45256	0.01810	0.00814	0.00241	0.00355	0.01565	0.00631	0.00564
16	0.03147	0.01499	0.20222	0.01191	0.01624	0.00928	0.01169	0.01735	0.01511	0.15238	0.06489	0.24180	0.15691	0.01329	0.00739	0.00231	0.00575	0.01140	0.00572	0.00789
17	0.00960	0.00680	0.00786	0.00803	0.00855	0.00679	0.00502	0.01088	0.03994	0.01494	0.02850	0.15356	0.09907	0.50103	0.06653	0.00556	0.00639	0.01140	0.00471	0.00483
18	0.01578	0.02988	0.57273	0.01762	0.02633	0.01491	0.02154	0.06914	0.01612	0.09432	0.04837	0.01694	0.01220	0.00705	0.00651	0.00211	0.00898	0.00557	0.00388	0.01000
19	0.01176	0.00957	0.01306	0.06755	0.01526	0.01146	0.00980	0.05620	0.01283	0.01816	0.02117	0.23706	0.02261	0.08175	0.16798	0.00465	0.18478	0.01034	0.03752	0.00646
20	0.03814	0.19394	0.10412	0.01583	0.07931	0.05435	0.05170	0.06410	0.08988	0.08743	0.03868	0.01832	0.01393	0.00718	0.00585	0.00186	0.00700	0.00574	0.11353	0.00913
21	0.25486	0.01289	0.03912	0.07556	0.01640	0.06264	0.00952	0.05280	0.01384	0.03912	0.01741	0.02281	0.04524	0.06607	0.10279	0.00350	0.03039	0.02616	0.10175	0.00711
22	0.01162	0.01134	0.05622	0.23974	0.10320	0.01163	0.01339	0.01489	0.01272	0.01743	0.04314	0.02613	0.05351	0.08971	0.23794	0.00528	0.03413	0.00730	0.00363	0.00705
23	0.01594	0.03427	0.01968	0.20584	0.16748	0.04991	0.03328	0.13647	0.04110	0.02320	0.03846	0.10321	0.01752	0.00985	0.00764	0.02716	0.00753	0.04840	0.00454	0.00851
24	0.01360	0.01455	0.06381	0.24334	0.06774	0.05204	0.05457	0.01683	0.01310	0.01773	0.01541	0.05006	0.04381	0.01248	0.06752	0.02505	0.16514	0.00681	0.00342	0.05300
25	0.01711	0.02970	0.05675	0.04159	0.13070	0.05294	0.08979	0.12312	0.05590	0.08210	0.11552	0.05148	0.06995	0.00929	0.00707	0.00210	0.00705	0.02324	0.00533	0.02927
26	0.05018	0.05835	0.10551	0.01582	0.04616	0.05042	0.07033	0.03714	0.03637	0.01919	0.01684	0.11866	0.01625	0.03616	0.17195	0.00430	0.12700	0.00785	0.00391	0.00762

[dist]
# distance from previous block
# <min> <max>
3	33

[block]
# block no. 2 follows, 32 sequences, length 44
# corresponding to MSA columns:
# 254-297
name=unknown_C
#
# <colnr> <probs for GDERKNQSTAVLIFYWHMCP>
#	G	D	E	R	K	N	Q	S	T	A	V	L	I	F	Y	W	H	M	C	P
0	0.01783	0.20165	0.14838	0.10213	0.06563	0.22436	0.06231	0.02143	0.01539	0.01787	0.01202	0.03847	0.01026	0.00799	0.02538	0.00211	0.00978	0.00535	0.00324	0.00844
1	0.01262	0.03420	0.05313	0.05348	0.03347	0.00922	0.02488	0.01622	0.06111	0.08951	0.10075	0.09418	0.26962	0.03515	0.00861	0.02687	0.00504	0.01061	0.05414	0.00716
2	0.01009	0.00798	0.01134	0.09072	0.03585	0.00801	0.02667	0.02774	0.01519	0.02042	0.20343	0.26543	0.11097	0.04330	0.05149	0.00304	0.00564	0.05059	0.00578	0.00632
3	0.16118	0.01348	0.01446	0.01204	0.01624	0.01453	0.00970	0.17870	0.19986	0.17290	0.08327	0.02233	0.01901	0.00855	0.00631	0.00209	0.00554	0.00672	0.04329	0.00978
4	0.01753	0.03387	0.06149	0.14482	0.22773	0.09336	0.10215	0.11961	0.04378	0.02301	0.01385	0.01811	0.01122	0.05065	0.00830	0.00231	0.00881	0.00623	0.00392	0.00925
5	0.02289	0.06965	0.01748	0.03452	0.01823	0.10687	0.01075	0.23120	0.02164	0.23354	0.02559	0.04949	0.10978	0.00944	0.00670	0.00202	0.00686	0.00741	0.00630	0.00964
6	0.00986	0.00691	0.00829	0.00835	0.01016	0.00613	0.00621	0.01193	0.01594	0.06336	0.22535	0.21786	0.32391	0.01660	0.00806	0.00235	0.00371	0.04221	0.00665	0.00616
7	0.01320	0.00907	0.01076	0.00966	0.01209	0.00890	0.00742	0.11840	0.04163	0.06981	0.37402	0.10585	0.13612	0.01324	0.00756	0.00215	0.00412	0.01140	0.03721	0.00738
8	0.01399	0.01915	0.20812	0.13805	0.16912	0.03811	0.06381	0.01947	0.05278	0.02015	0.03856	0.05034	0.01420	0.02890	0.06640	0.00297	0.03671	0.00681	0.00363	0.00872
9	0.01660	0.01703	0.03487	0.08663	0.05464	0.01666	0.53261	0.04146	0.01601	0.05964	0.01396	0.01808	0.01041	0.00624	0.00832	0.00227	0.04429	0.00749	0.00370	0.00909
10	0.00842	0.00681	0.00751	0.00779	0.00958	0.00602	0.00566	0.01066	0.03635	0.01908	0.12516	0.22949	0.46899	0.01739	0.00805	0.00236	0.00355	0.01494	0.00637	0.00583
11	0.02504	0.03017	0.01885	0.01697	0.02042	0.66988	0.01283	0.02681	0.01874	0.05963	0.01130	0.01284	0.00913	0.00715	0.00661	0.00179	0.03559	0.00452	0.00374	0.00799
12	0.01480	0.01341	0.02006	0.57806	0.07222	0.03883	0.01741	0.10147	0.01577	0.02026	0.01241	0.01750	0.00940	0.00737	0.00730	0.02766	0.00871	0.00592	0.00347	0.00795
13	0.01204	0.00975	0.03307	0.00967	0.01246	0.00894	0.00765	0.03339	0.16091	0.07119	0.08674	0.15512	0.34393	0.01460	0.00763	0.00230	0.00433	0.01240	0.00647	0.00738
14	0.01031	0.00713	0.00881	0.00948	0.01089	0.00672	0.00690	0.01294	0.05639	0.06183	0.04200	0.42634	0.18831	0.03710	0.00893	0.00269	0.00429	0.08640	0.00633	0.00622
15	0.01128	0.00868	0.01109	0.05530	0.01444	0.00883	0.02689	0.01650	0.14388	0.04440	0.07739	0.31032	0.15461	0.01550	0.00786	0.00246	0.00472	0.05470	0.02418	0.00699
16	0.06556	0.02101	0.01866	0.06024	0.02138	0.28242	0.06201	0.14359	0.13036	0.04047	0.04948	0.01952	0.03998	0.00804	0.00653	0.00200	0.00868	0.00624	0.00496	0.00885
17	0.04114	0.01438	0.01614	0.05798	0.08156	0.10316	0.01140	0.07326	0.07175	0.13948	0.11922	0.02568	0.04212	0.05688	0.03416	0.00271	0.08771	0.00736	0.00539	0.00850
18	0.00836	0.00603	0.00788	0.00929	0.00985	0.00563	0.00635	0.00964	0.01306	0.01723	0.03840	0.65110	0.08748	0.04507	0.00941	0.00284	0.00408	0.05669	0.00615	0.00546
19	0.09522	0.01545	0.01715	0.01345	0.01827	0.03456	0.02765	0.35136	0.03987	0.19158	0.05868	0.01954	0.01549	0.00810	0.00644	0.00199	0.00650	0.00632	0.03680	0.03557
20	0.06263	0.05017	0.03702	0.07685	0.06556	0.04172	0.04117	0.23885	0.07474	0.10215	0.01643	0.01852	0.01251	0.04350	0.03083	0.00245	0.00761	0.00604	0.00529	0.06596
21	0.01730	0.14255	0.08701	0.04561	0.18599	0.11268	0.11535	0.04671	0.03181	0.02004	0.01338	0.01636	0.02916	0.00723	0.00828	0.00206	0.10018	0.00582	0.00347	0.00903
22	0.01131	0.00951	0.01214	0.03150	0.01317	0.03708	0.00888	0.01353	0.02841	0.01705	0.08179	0.10396	0.02313	0.14715	0.26596	0.00601	0.15050	0.00887	0.02391	0.00613
23	0.01610	0.01376	0.01668	0.01339	0.03517	0.03664	0.04895	0.10649	0.06318	0.04020	0.01574	0.07554	0.01369	0.00751	0.00683	0.00160	0.04671	0.00616	0.00468	0.43099
24	0.01430	0.01412	0.01982	0.01711	0.01720	0.01965	0.01421	0.01584	0.01031	0.01611	0.00949	0.01555	0.00940	0.01462	0.07534	0.00352	0.69722	0.00597	0.00299	0.00724
25	0.00820	0.00597	0.00773	0.00905	0.00967	0.00550	0.00612	0.00949	0.01331	0.01757	0.06366	0.66444	0.11388	0.02036	0.00848	0.00266	0.00382	0.01833	0.00627	0.00550
26	0.03681	0.03010	0.01516	0.01444	0.05592	0.06968	0.08822	0.01531	0.03600	0.03885	0.02741	0.37864	0.04702	0.06112	0.00984	0.00270	0.03023	0.03052	0.00519	0.00683
27	0.06359	0.09788	0.37952	0.01791	0.04894	0.15841	0.01879	0.07363	0.01613	0.02175	0.01152	0.01351	0.00878	0.00673	0.00660	0.00200	0.03691	0.00478	0.00335	0.00927
28	0.01954	0.01123	0.01347	0.01148	0.01500	0.01124	0.00903	0.13399	0.12663	0.24751	0.13335	0.13601	0.05137	0.01136	0.00717	0.00219	0.00510	0.00963	0.03544	0.00926
29	0.01422	0.06433	0.31945	0.06562	0.03005	0.01583	0.27661	0.02026	0.01506	0.02111	0.05700	0.01995	0.01355	0.00694	0.00706	0.00218	0.00970	0.02863	0.00345	0.00902
30	0.01021	0.00775	0.00987	0.00914	0.01111	0.00740	0.02637	0.01452	0.07752	0.02509	0.47593	0.07740	0.14699	0.01350	0.00765	0.00214	0.00365	0.01184	0.05530	0.00664
31	0.01811	0.70828	0.05905	0.01202	0.01780	0.05891	0.01202	0.02044	0.01390	0.01601	0.00947	0.01095	0.00861	0.00582	0.00446	0.00147	0.00750	0.00367	0.00290	0.00862
32	0.01098	0.02519	0.01079	0.00998	0.01157	0.00917	0.00744	0.05485	0.06426	0.01845	0.05003	0.09793	0.10225	0.16978	0.31948	0.00664	0.01061	0.00955	0.00475	0.00629
33	0.05238	0.29522	0.21191	0.01626	0.06029	0.15082	0.01553	0.04585	0.01571	0.06245	0.01169	0.01315	0.00923	0.00639	0.00552	0.00179	0.00867	0.00449	0.00351	0.00913
34	0.01459	0.01233	0.01428	0.01026	0.01619	0.00963	0.00823	0.05659	0.01494	0.02305	0.01217	0.01404	0.01002	0.00515	0.00507	0.00105	0.00511	0.00410	0.00413	0.75908
35	0.01267	0.01193	0.02013	0.74806	0.04621	0.01491	0.01863	0.01714	0.01342	0.01714	0.01193	0.01789	0.00894	0.00671	0.00671	0.00224	0.00894	0.00596	0.00298	0.00745
36	0.01022	0.00899	0.01136	0.01062	0.01184	0.01012	0.00829	0.01204	0.01414	0.01897	0.16197	0.14305	0.30135	0.01542	0.01215	0.00250	0.22321	0.01204	0.00547	0.00625
37	0.01364	0.03362	0.68862	0.02041	0.06933	0.01560	0.02455	0.02121	0.01423	0.02129	0.01208	0.01431	0.00862	0.00635	0.00639	0.00212	0.00980	0.00502	0.00286	0.00996
38	0.02885	0.01343	0.01681	0.01289	0.01813	0.01284	0.01065	0.21424	0.02256	0.54070	0.02365	0.02101	0.01520	0.00824	0.00674	0.00206	0.00616	0.00656	0.00787	0.01142
39	0.01277	0.00836	0.00942	0.00871	0.00973	0.00859	0.00559	0.07017	0.05996	0.05989	0.02147	0.03903	0.02258	0.60394	0.02834	0.00557	0.00645	0.00912	0.00473	0.00557
40	0.01166	0.00583	0.00874	0.00874	0.00874	0.00583	0.00583	0.00874	0.00874	0.01166	0.01166	0.02040	0.01166	0.02331	0.02622	0.80478	0.00583	0.00583	0.00291	0.00291
41	0.01493	0.00932	0.01182	0.01151	0.04777	0.00935	0.00790	0.08636	0.03829	0.13212	0.12658	0.11243	0.02825	0.24509	0.08445	0.00432	0.00681	0.00976	0.00574	0.00719
42	0.01669	0.00841	0.01109	0.00972	0.01243	0.00756	0.00753	0.01926	0.01778	0.27205	0.33185	0.08357	0.07241	0.06306	0.00936	0.00247	0.00445	0.03510	0.00732	0.00789
43	0.81159	0.01298	0.00986	0.00882	0.01298	0.01505	0.00727	0.01972	0.01142	0.03010	0.00934	0.01090	0.00727	0.00623	0.00415	0.00208	0.00519	0.00363	0.00415	0.00727

[dist]
# distance from previous block
# <min> <max>
0	1

[block]
# block no. 3 follows, 32 sequences, length 11
# corresponding to MSA columns:
# 299-309
name=unknown_D
#
# <colnr> <probs for GDERKNQSTAVLIFYWHMCP>
#	G	D	E	R	K	N	Q	S	T	A	V	L	I	F	Y	W	H	M	C	P
0	0.00950	0.00692	0.00812	0.00857	0.01009	0.00644	0.00658	0.01150	0.01450	0.01896	0.09151	0.08875	0.29166	0.13691	0.01227	0.00312	0.00464	0.19308	0.07124	0.00563
1	0.01683	0.12235	0.19307	0.01798	0.09029	0.11215	0.05749	0.04011	0.01581	0.06470	0.06671	0.01951	0.03650	0.01014	0.05140	0.00249	0.03576	0.00607	0.00399	0.03664
2	0.01401	0.01106	0.01343	0.03819	0.01618	0.00918	0.00840	0.04004	0.01466	0.05580	0.04006	0.06166	0.03865	0.01065	0.06574	0.00211	0.00613	0.00601	0.00453	0.54351
3	0.01654	0.01365	0.01568	0.01171	0.01711	0.01248	0.00948	0.16297	0.04775	0.02615	0.01330	0.01491	0.01064	0.00620	0.00641	0.00138	0.04871	0.00468	0.00462	0.55563
4	0.04299	0.06256	0.11637	0.05462	0.11529	0.07002	0.01408	0.10085	0.07394	0.06757	0.01701	0.04041	0.03494	0.00918	0.03177	0.00225	0.03243	0.00614	0.00450	0.10309
5	0.09789	0.01779	0.08310	0.04692	0.06693	0.14700	0.06874	0.05548	0.01553	0.08001	0.01722	0.12993	0.01598	0.04425	0.03275	0.00267	0.05756	0.00776	0.00443	0.00810
6	0.01277	0.01112	0.04425	0.03518	0.01517	0.01044	0.03505	0.11782	0.08727	0.02642	0.31035	0.09796	0.14382	0.01264	0.00757	0.00220	0.00490	0.01096	0.00646	0.00764
7	0.01219	0.01089	0.01670	0.22818	0.13177	0.01166	0.04651	0.01670	0.07164	0.01981	0.08442	0.03354	0.17083	0.01315	0.05232	0.03018	0.00729	0.03013	0.00457	0.00751
8	0.01832	0.01705	0.02270	0.15789	0.25627	0.08832	0.04659	0.18168	0.01879	0.02476	0.01399	0.04917	0.01167	0.00771	0.00772	0.00212	0.05513	0.00649	0.00419	0.00945
9	0.05713	0.01459	0.11602	0.04590	0.03917	0.01220	0.01189	0.15508	0.01762	0.12974	0.02245	0.09381	0.05364	0.04816	0.03049	0.05648	0.00689	0.04986	0.03053	0.00838
10	0.01369	0.01274	0.02070	0.46634	0.20896	0.01472	0.01768	0.01903	0.07105	0.01922	0.01494	0.06477	0.01254	0.00762	0.00682	0.00221	0.00809	0.00692	0.00359	0.00837

[dist]
# distance from previous block
# <min> <max>
12	15

[block]
# block no. 4 follows, 32 sequences, length 30
# corresponding to MSA columns:
# 340-369
name=unknown_E
#
# <colnr> <probs for GDERKNQSTAVLIFYWHMCP>
#	G	D	E	R	K	N	Q	S	T	A	V	L	I	F	Y	W	H	M	C	P
0	0.01053	0.00828	0.00992	0.03265	0.01203	0.02333	0.00719	0.03563	0.05296	0.02305	0.37053	0.09016	0.14638	0.06017	0.08412	0.00331	0.00558	0.01144	0.00629	0.00647
1	0.01884	0.51005	0.09881	0.01371	0.01913	0.17337	0.01323	0.02143	0.01466	0.01647	0.00979	0.01155	0.00862	0.00631	0.00565	0.00163	0.04129	0.00397	0.00299	0.00851
2	0.01348	0.01383	0.04304	0.48286	0.03666	0.04691	0.05341	0.01768	0.02849	0.01757	0.01360	0.04679	0.01160	0.02497	0.00942	0.00244	0.10335	0.02307	0.00332	0.00751
3	0.01365	0.01059	0.01345	0.01400	0.09628	0.03837	0.00927	0.01594	0.04420	0.05159	0.07139	0.12601	0.02145	0.04291	0.03557	0.14321	0.02980	0.02765	0.00461	0.19005
4	0.00928	0.00692	0.00847	0.00880	0.01029	0.00642	0.00673	0.01146	0.01548	0.02029	0.23154	0.11284	0.24258	0.10971	0.01155	0.00298	0.00441	0.16825	0.00627	0.00575
5	0.01575	0.01782	0.03583	0.02601	0.03214	0.05364	0.60014	0.02095	0.01598	0.02130	0.05082	0.01978	0.01315	0.00780	0.03488	0.00254	0.01117	0.00793	0.00362	0.00873
6	0.00988	0.00758	0.01118	0.01102	0.01210	0.00899	0.00856	0.01212	0.01071	0.01550	0.01759	0.02644	0.01665	0.07793	0.66829	0.01017	0.05850	0.00722	0.00358	0.00599
7	0.01162	0.01063	0.03525	0.04230	0.05661	0.02633	0.00925	0.03294	0.12074	0.02065	0.10319	0.13248	0.20513	0.05704	0.08074	0.00335	0.02823	0.01089	0.00550	0.00715
8	0.74921	0.01344	0.01068	0.00935	0.01360	0.01551	0.00770	0.07370	0.01302	0.03107	0.00988	0.01131	0.00760	0.00637	0.00436	0.00207	0.00536	0.00382	0.00436	0.00760
9	0.01898	0.01779	0.07894	0.02265	0.19299	0.03284	0.10067	0.22364	0.10062	0.04904	0.03377	0.01941	0.01382	0.02948	0.00759	0.00219	0.00777	0.00660	0.03107	0.01012
10	0.01542	0.01234	0.01434	0.01049	0.01627	0.00995	0.00841	0.04887	0.05387	0.05988	0.01373	0.01510	0.01094	0.00551	0.00524	0.00117	0.00513	0.00441	0.00448	0.68445
11	0.01283	0.00990	0.01134	0.01066	0.01265	0.04700	0.00814	0.08204	0.03883	0.05120	0.17662	0.13588	0.10254	0.05497	0.17314	0.00437	0.02459	0.03067	0.00572	0.00691
12	0.00900	0.00666	0.00851	0.00953	0.01048	0.00638	0.00676	0.01160	0.05295	0.01927	0.12458	0.52887	0.09103	0.01897	0.00840	0.00262	0.00402	0.06804	0.00640	0.00592
13	0.02004	0.01495	0.02459	0.01874	0.02337	0.01546	0.24612	0.07725	0.09999	0.21082	0.04693	0.02081	0.01517	0.00823	0.00957	0.00229	0.12325	0.00728	0.00546	0.00967
14	0.00851	0.00610	0.00809	0.00911	0.00981	0.00568	0.00625	0.01019	0.01442	0.01963	0.21149	0.57817	0.04922	0.01915	0.00840	0.00257	0.00371	0.01730	0.00652	0.00568
15	0.01267	0.01193	0.02013	0.74806	0.04621	0.01491	0.01863	0.01714	0.01342	0.01714	0.01193	0.01789	0.00894	0.00671	0.00671	0.00224	0.00894	0.00596	0.00298	0.00745
16	0.01695	0.01547	0.01929	0.01631	0.01784	0.04254	0.01343	0.15861	0.05183	0.02261	0.04120	0.01734	0.01251	0.01220	0.04350	0.00293	0.47674	0.00626	0.00415	0.00828
17	0.04942	0.10506	0.08037	0.18226	0.13789	0.03813	0.09376	0.03781	0.05405	0.06051	0.04294	0.01787	0.01263	0.00693	0.00678	0.00203	0.02659	0.00601	0.00394	0.03501
18	0.01185	0.01131	0.04223	0.01285	0.03400	0.05795	0.02629	0.03928	0.01330	0.01768	0.02534	0.38557	0.02890	0.13329	0.01421	0.00320	0.11860	0.01289	0.00493	0.00633
19	0.01402	0.01278	0.01823	0.01317	0.01906	0.01023	0.13034	0.01741	0.01421	0.02161	0.01322	0.04459	0.01136	0.00574	0.00564	0.00129	0.00605	0.00528	0.00396	0.63181
20	0.00818	0.00584	0.00779	0.00934	0.00973	0.00545	0.00623	0.00934	0.01285	0.01713	0.03698	0.75981	0.04438	0.02102	0.00856	0.00273	0.00389	0.01908	0.00623	0.00545
21	0.04514	0.04508	0.05201	0.11276	0.21968	0.04742	0.10323	0.08192	0.05397	0.06943	0.01423	0.01677	0.01092	0.00648	0.00645	0.00195	0.00799	0.00587	0.00417	0.09453
22	0.01461	0.01869	0.21510	0.01395	0.02012	0.01265	0.03388	0.04197	0.08776	0.04117	0.07018	0.01849	0.01505	0.00705	0.00687	0.00173	0.04548	0.00563	0.00435	0.32529
23	0.00896	0.00638	0.00751	0.00783	0.00894	0.00579	0.00537	0.00953	0.01294	0.01634	0.06700	0.20516	0.32495	0.12514	0.01504	0.14539	0.00437	0.01306	0.00537	0.00493
24	0.01359	0.08510	0.06655	0.01579	0.13936	0.01095	0.01122	0.01665	0.01603	0.08871	0.17404	0.09166	0.15610	0.01211	0.00729	0.00219	0.00552	0.07371	0.00558	0.00786
25	0.04669	0.07391	0.07552	0.01411	0.01960	0.08459	0.02953	0.22743	0.12032	0.02819	0.01504	0.01580	0.01149	0.00691	0.00598	0.00175	0.00715	0.00529	0.00498	0.20574
26	0.01452	0.04232	0.14068	0.01482	0.04637	0.04010	0.04879	0.12863	0.01683	0.02280	0.02302	0.19355	0.06539	0.03412	0.02439	0.00247	0.02148	0.02649	0.00481	0.08844
27	0.02053	0.17303	0.09196	0.01637	0.05130	0.07503	0.02991	0.27433	0.04928	0.04805	0.01507	0.01622	0.02800	0.00778	0.00755	0.00199	0.07341	0.00561	0.00478	0.00980
28	0.01254	0.10673	0.38605	0.03947	0.02272	0.01396	0.03898	0.01765	0.01383	0.01952	0.04403	0.16669	0.01845	0.01244	0.05518	0.00275	0.00868	0.00820	0.00377	0.00836
29	0.05323	0.04423	0.11325	0.01248	0.01735	0.01385	0.01147	0.21143	0.04051	0.17305	0.02076	0.02113	0.04233	0.00969	0.03426	0.00229	0.00667	0.00631	0.15624	0.00949

[dist]
# distance from previous block
# <min> <max>
1	22

[block]
# block no. 5 follows, 32 sequences, length 6
# corresponding to MSA columns:
# 392-397
name=unknown_F
#
# <colnr> <probs for GDERKNQSTAVLIFYWHMCP>
#	G	D	E	R	K	N	Q	S	T	A	V	L	I	F	Y	W	H	M	C	P
0	0.08662	0.14799	0.15490	0.04331	0.02102	0.10581	0.01386	0.12782	0.05644	0.13380	0.03664	0.01656	0.01251	0.00727	0.00599	0.00194	0.00778	0.00539	0.00484	0.00950
1	0.01280	0.01015	0.03352	0.01272	0.06594	0.03276	0.02906	0.01491	0.01405	0.08302	0.06483	0.19555	0.09179	0.15404	0.05033	0.00347	0.00639	0.04765	0.00526	0.07176
2	0.04071	0.07586	0.17599	0.01820	0.11911	0.03112	0.05526	0.04558	0.08694	0.07983	0.03524	0.06348	0.05360	0.00821	0.00648	0.00200	0.00719	0.00698	0.00458	0.08364
3	0.00896	0.00667	0.00821	0.00819	0.00959	0.00615	0.00591	0.01115	0.01597	0.02157	0.36715	0.15840	0.20846	0.08729	0.04349	0.00304	0.00431	0.01321	0.00646	0.00582
4	0.01489	0.01628	0.12452	0.01278	0.01934	0.01135	0.04826	0.07348	0.01549	0.02342	0.01237	0.01436	0.00985	0.00547	0.00548	0.00132	0.00626	0.00451	0.00399	0.57657
5	0.01351	0.03856	0.08674	0.14228	0.16761	0.01278	0.03222	0.01771	0.04871	0.03868	0.05210	0.12255	0.01912	0.06927	0.03837	0.00282	0.02973	0.00826	0.00421	0.05478

[dist]
# distance from previous block
# <min> <max>
0	1

[block]
# block no. 6 follows, 32 sequences, length 8
# corresponding to MSA columns:
# 399-406
name=unknown_G
#
# <colnr> <probs for GDERKNQSTAVLIFYWHMCP>
#	G	D	E	R	K	N	Q	S	T	A	V	L	I	F	Y	W	H	M	C	P
0	0.01182	0.01314	0.14805	0.01096	0.01357	0.00986	0.00964	0.07282	0.01271	0.01765	0.01835	0.03242	0.01875	0.41647	0.16012	0.00608	0.00942	0.00802	0.00397	0.00620
1	0.01728	0.01710	0.05631	0.09327	0.17461	0.07785	0.03777	0.11590	0.13779	0.02452	0.01550	0.01763	0.01212	0.00863	0.03641	0.00226	0.00803	0.00586	0.00447	0.13667
2	0.01128	0.00872	0.01172	0.01118	0.01231	0.01003	0.00855	0.06154	0.01316	0.01851	0.08111	0.10949	0.02424	0.13740	0.32681	0.00666	0.10542	0.03110	0.00450	0.00625
3	0.01870	0.63802	0.03180	0.01165	0.01713	0.02431	0.01124	0.07071	0.01550	0.05378	0.04511	0.01367	0.01187	0.00643	0.00478	0.00154	0.00692	0.00434	0.00365	0.00885
4	0.01465	0.01143	0.01357	0.01004	0.01553	0.00875	0.00796	0.01747	0.01421	0.07225	0.01485	0.07032	0.01299	0.00641	0.00537	0.00120	0.00494	0.00530	0.00446	0.68830
5	0.01390	0.01298	0.07496	0.32123	0.05016	0.01253	0.04306	0.01900	0.07351	0.08137	0.07216	0.04759	0.07515	0.06324	0.00896	0.00252	0.00731	0.00794	0.00455	0.00790
6	0.01673	0.04724	0.01467	0.01296	0.04723	0.01315	0.00964	0.06477	0.30301	0.11147	0.10770	0.10684	0.02590	0.01039	0.00682	0.00215	0.00509	0.00882	0.07622	0.00921
7	0.01127	0.01031	0.06585	0.01345	0.06457	0.00850	0.05113	0.01447	0.04099	0.05333	0.14621	0.36003	0.06989	0.04685	0.00901	0.00259	0.00519	0.01359	0.00582	0.00695

[dist]
# distance from previous block
# <min> <max>
2	3

[block]
# block no. 7 follows, 32 sequences, length 18
# corresponding to MSA columns:
# 410-427
name=unknown_H
#
# <colnr> <probs for GDERKNQSTAVLIFYWHMCP>
#	G	D	E	R	K	N	Q	S	T	A	V	L	I	F	Y	W	H	M	C	P
0	0.01636	0.04524	0.07674	0.05778	0.04746	0.07212	0.01240	0.12045	0.07331	0.04201	0.05678	0.02473	0.05928	0.06184	0.02692	0.00260	0.09738	0.02564	0.00472	0.07624
1	0.01472	0.01321	0.06325	0.08153	0.01810	0.04859	0.02839	0.04019	0.19346	0.05719	0.02216	0.07695	0.01958	0.12481	0.04845	0.00327	0.00707	0.03386	0.09733	0.00790
2	0.04300	0.12608	0.17914	0.02114	0.15200	0.04202	0.07887	0.11682	0.05324	0.04499	0.01343	0.01544	0.01037	0.00675	0.00684	0.00198	0.03776	0.00550	0.00401	0.04061
3	0.01174	0.01044	0.01626	0.18220	0.02199	0.01277	0.04801	0.01439	0.01178	0.01650	0.01629	0.06835	0.01578	0.06725	0.25792	0.00558	0.17907	0.03345	0.00358	0.00666
4	0.01389	0.01380	0.02537	0.45589	0.14206	0.01529	0.17614	0.01853	0.01441	0.01914	0.03269	0.01867	0.01104	0.00656	0.00701	0.00220	0.00918	0.00660	0.00325	0.00826
5	0.01449	0.01449	0.01926	0.06320	0.01877	0.05189	0.01400	0.01612	0.01095	0.01611	0.01068	0.03856	0.01072	0.04199	0.04198	0.00321	0.59691	0.00639	0.00313	0.00714
6	0.35420	0.01097	0.01136	0.00979	0.01371	0.01114	0.00793	0.02206	0.01498	0.26889	0.04442	0.06879	0.09766	0.00964	0.00601	0.00217	0.00506	0.02677	0.00610	0.00835
7	0.01728	0.01308	0.01432	0.01271	0.01641	0.01451	0.00992	0.03220	0.53879	0.11044	0.08820	0.02864	0.05414	0.00975	0.00696	0.00224	0.00509	0.00816	0.00702	0.01013
8	0.02225	0.02530	0.01699	0.01522	0.01863	0.49296	0.01156	0.09491	0.07663	0.02120	0.04087	0.01773	0.03560	0.00786	0.00620	0.00182	0.00970	0.00553	0.07090	0.00814
9	0.00846	0.00681	0.00756	0.00754	0.00953	0.00591	0.00569	0.01058	0.01617	0.02045	0.23450	0.08838	0.49580	0.01636	0.00800	0.00228	0.00347	0.04014	0.00653	0.00585
10	0.01485	0.01190	0.01401	0.01005	0.01597	0.00900	0.00806	0.01781	0.01422	0.06279	0.01277	0.01443	0.01033	0.00516	0.00507	0.00106	0.00501	0.00414	0.00423	0.75914
11	0.81159	0.01298	0.00986	0.00882	0.01298	0.01505	0.00727	0.01972	0.01142	0.03010	0.00934	0.01090	0.00727	0.00623	0.00415	0.00208	0.00519	0.00363	0.00415	0.00727
12	0.00994	0.00706	0.00882	0.00869	0.00899	0.00764	0.00567	0.01063	0.01005	0.01382	0.01976	0.03804	0.02171	0.54571	0.21467	0.00744	0.04385	0.00892	0.00389	0.00471
13	0.01166	0.00583	0.00874	0.00874	0.00874	0.00583	0.00583	0.00874	0.00874	0.01166	0.01166	0.02040	0.01166	0.02331	0.02622	0.80478	0.00583	0.00583	0.00291	0.00291
14	0.01391	0.01193	0.01391	0.00994	0.01590	0.00894	0.00795	0.01690	0.01391	0.02186	0.01193	0.01391	0.00994	0.00497	0.00497	0.00099	0.00497	0.00398	0.00398	0.80521
15	0.63046	0.01487	0.01248	0.01158	0.04595	0.05352	0.00889	0.11080	0.01467	0.03065	0.01044	0.01191	0.00804	0.00650	0.00470	0.00205	0.00597	0.00409	0.00442	0.00800
16	0.05330	0.50194	0.06869	0.01237	0.01758	0.11086	0.01179	0.04492	0.01539	0.01884	0.07775	0.01509	0.01388	0.00679	0.00506	0.00162	0.00747	0.00467	0.00357	0.00841
17	0.08565	0.04630	0.11518	0.01506	0.03765	0.07674	0.09294	0.07510	0.01593	0.02291	0.07489	0.06236	0.01702	0.03513	0.05635	0.00262	0.00812	0.00677	0.00429	0.14900

[dist]
# distance from previous block
# <min> <max>
0	6

[block]
# block no. 8 follows, 32 sequences, length 17
# corresponding to MSA columns:
# 434-450
name=unknown_I
#
# <colnr> <probs for GDERKNQSTAVLIFYWHMCP>
#	G	D	E	R	K	N	Q	S	T	A	V	L	I	F	Y	W	H	M	C	P
0	0.03852	0.07211	0.01890	0.06438	0.01989	0.21963	0.01220	0.11131	0.01741	0.09079	0.01332	0.01546	0.01049	0.00793	0.00894	0.00199	0.14922	0.00523	0.05918	0.06310
1	0.04812	0.02940	0.50108	0.03626	0.02744	0.06960	0.08526	0.02184	0.05015	0.02139	0.01362	0.04162	0.01053	0.00701	0.00651	0.00214	0.00954	0.00580	0.00332	0.00938
2	0.00976	0.00651	0.00732	0.00732	0.00732	0.00651	0.00407	0.00976	0.00976	0.01301	0.02114	0.04391	0.02439	0.76419	0.03415	0.00651	0.00651	0.00976	0.00407	0.00407
3	0.75562	0.01255	0.00980	0.00880	0.01277	0.01444	0.00720	0.01923	0.01195	0.02988	0.05884	0.01364	0.01118	0.00675	0.00441	0.00208	0.00505	0.00423	0.00438	0.00720
