[name]
unknown

[dist]
# distance from previous block
# <min> <max>
0	13

[block]
# block no. 0 follows, 33 sequences, length 10
# corresponding to MSA columns:
# 13-22
name=unknown_A
#
# <colnr> <probs for GDERKNQSTAVLIFYWHMCP>
#	G	D	E	R	K	N	Q	S	T	A	V	L	I	F	Y	W	H	M	C	P
0	0.01061	0.00758	0.01061	0.01212	0.01364	0.00758	0.01061	0.01364	0.01515	0.01970	0.03486	0.07426	0.03789	0.01819	0.00909	0.00303	0.00606	0.68326	0.00606	0.00606
1	0.07035	0.49713	0.13372	0.01154	0.01717	0.02065	0.01202	0.01835	0.01354	0.01760	0.01800	0.01882	0.11350	0.00738	0.00504	0.00167	0.00677	0.00525	0.00338	0.00813
2	0.01030	0.00876	0.01236	0.12415	0.12020	0.00864	0.00967	0.01323	0.01607	0.02137	0.29322	0.04434	0.26787	0.01239	0.00741	0.00212	0.00472	0.01077	0.00563	0.00678
3	0.01455	0.00912	0.01123	0.00969	0.01237	0.00877	0.00757	0.11691	0.02022	0.13389	0.47020	0.04124	0.09335	0.01207	0.00742	0.00206	0.00410	0.01037	0.00721	0.00765
4	0.02063	0.01943	0.02016	0.05177	0.16940	0.23141	0.04385	0.09868	0.04042	0.10196	0.01400	0.01559	0.01071	0.00659	0.00618	0.00177	0.00838	0.00531	0.00441	0.12934
5	0.01479	0.02025	0.29365	0.01664	0.07233	0.01301	0.04415	0.10216	0.03598	0.06465	0.22498	0.02568	0.02561	0.00871	0.00686	0.00206	0.00703	0.00744	0.00502	0.00898
6	0.01308	0.01187	0.01263	0.01408	0.11910	0.11563	0.00908	0.01567	0.01709	0.05310	0.29822	0.04153	0.22927	0.01200	0.00726	0.00204	0.00527	0.01019	0.00581	0.00709
7	0.00822	0.00608	0.00760	0.00848	0.00938	0.00555	0.00583	0.00971	0.01385	0.01826	0.14259	0.49682	0.17803	0.04604	0.00910	0.00263	0.00371	0.01645	0.00620	0.00547
8	0.01318	0.02295	0.38458	0.01644	0.04143	0.03636	0.07758	0.01857	0.01531	0.05097	0.12741	0.02715	0.12212	0.00889	0.00685	0.00210	0.00776	0.00758	0.00425	0.00853
9	0.01588	0.05080	0.11390	0.16576	0.40779	0.07281	0.03990	0.02014	0.01475	0.01987	0.01190	0.01568	0.00961	0.00610	0.00639	0.00198	0.00862	0.00557	0.00313	0.00942

[dist]
# distance from previous block
# <min> <max>
1	5

[block]
# block no. 1 follows, 33 sequences, length 13
# corresponding to MSA columns:
# 30-42
name=unknown_B
#
# <colnr> <probs for GDERKNQSTAVLIFYWHMCP>
#	G	D	E	R	K	N	Q	S	T	A	V	L	I	F	Y	W	H	M	C	P
0	0.01722	0.34981	0.27719	0.01601	0.04569	0.07508	0.03965	0.04424	0.01490	0.04840	0.01133	0.01293	0.00895	0.00612	0.00544	0.00176	0.00846	0.00448	0.00323	0.00912
1	0.01570	0.01478	0.02241	0.08088	0.37193	0.03651	0.06031	0.05173	0.04269	0.02191	0.01407	0.05229	0.01210	0.00666	0.00636	0.00183	0.00731	0.00623	0.00380	0.17051
2	0.07345	0.00998	0.01323	0.07665	0.07002	0.01117	0.00986	0.10906	0.01394	0.02031	0.01693	0.05114	0.01591	0.13048	0.34148	0.00650	0.01169	0.00721	0.00408	0.00690
3	0.01530	0.01474	0.02564	0.09238	0.56702	0.01485	0.07083	0.01916	0.01471	0.02075	0.01423	0.07378	0.01280	0.00703	0.00676	0.00205	0.00784	0.00699	0.00346	0.00968
4	0.02019	0.01575	0.01771	0.01447	0.05311	0.01604	0.01118	0.39371	0.07690	0.03284	0.01513	0.01579	0.01136	0.00688	0.00603	0.00166	0.00634	0.00537	0.00555	0.27399
5	0.01102	0.00940	0.00981	0.00923	0.01196	0.00955	0.00706	0.01896	0.27061	0.02194	0.09816	0.04823	0.42166	0.01363	0.00739	0.00222	0.00400	0.01140	0.00641	0.00738
6	0.01628	0.05664	0.20816	0.01812	0.05676	0.05607	0.09338	0.06096	0.27489	0.02366	0.01738	0.01826	0.01316	0.00752	0.00735	0.00213	0.04886	0.00620	0.00455	0.00969
7	0.00932	0.00673	0.00880	0.00828	0.00984	0.00621	0.00621	0.01242	0.01863	0.02640	0.72410	0.04918	0.06212	0.01346	0.00776	0.00207	0.00311	0.01191	0.00725	0.00621
8	0.01791	0.09381	0.18838	0.01911	0.08816	0.23964	0.05255	0.04511	0.03082	0.01908	0.01354	0.01581	0.03878	0.00749	0.00807	0.00200	0.10237	0.00538	0.00341	0.00857
9	0.01629	0.01564	0.02672	0.04041	0.72757	0.01564	0.02020	0.02020	0.01499	0.02151	0.01238	0.01629	0.01043	0.00587	0.00652	0.00196	0.00782	0.00587	0.00326	0.01043
10	0.01351	0.11510	0.07221	0.01350	0.01583	0.01527	0.01176	0.01569	0.01239	0.04161	0.05093	0.18391	0.01938	0.01179	0.01255	0.00235	0.30489	0.00847	0.00407	0.07479
11	0.00863	0.00827	0.06281	0.00920	0.01091	0.00632	0.00729	0.01078	0.01443	0.01927	0.18120	0.41784	0.18410	0.01726	0.00798	0.00241	0.00402	0.01529	0.00609	0.00590
12	0.01595	0.35557	0.37872	0.01523	0.02286	0.02035	0.01779	0.06828	0.01486	0.01995	0.01093	0.01257	0.00859	0.00610	0.00539	0.00178	0.00838	0.00435	0.00306	0.00927

[dist]
# distance from previous block
# <min> <max>
0	2

[block]
# block no. 2 follows, 33 sequences, length 16
# corresponding to MSA columns:
# 45-60
name=unknown_C
#
# <colnr> <probs for GDERKNQSTAVLIFYWHMCP>
#	G	D	E	R	K	N	Q	S	T	A	V	L	I	F	Y	W	H	M	C	P
0	0.00979	0.00776	0.00929	0.00916	0.01092	0.00796	0.00684	0.01412	0.11561	0.01912	0.11962	0.11094	0.24204	0.07460	0.20692	0.00477	0.00767	0.01105	0.00550	0.00630
1	0.01760	0.77260	0.03450	0.01126	0.01690	0.02605	0.01126	0.01971	0.01338	0.01549	0.00915	0.01056	0.00845	0.00563	0.00422	0.00141	0.00704	0.00352	0.00282	0.00845
2	0.00949	0.01003	0.10610	0.00966	0.01199	0.00707	0.00837	0.01239	0.01518	0.02136	0.26969	0.28739	0.11203	0.01478	0.00752	0.00225	0.00426	0.01300	0.07112	0.00632
3	0.76599	0.01264	0.01003	0.00885	0.01299	0.01445	0.00729	0.02015	0.01168	0.07349	0.01022	0.01143	0.00770	0.00624	0.00423	0.00204	0.00512	0.00376	0.00433	0.00738
4	0.01769	0.01548	0.01592	0.07391	0.01926	0.10963	0.01145	0.11638	0.26170	0.06549	0.02343	0.05902	0.06110	0.00995	0.00825	0.00223	0.07846	0.03618	0.00557	0.00892
5	0.00841	0.00601	0.00809	0.00961	0.01017	0.00568	0.00679	0.00984	0.01299	0.01724	0.03607	0.66031	0.04269	0.02026	0.00851	0.00273	0.00416	0.11889	0.00610	0.00545
6	0.00836	0.00605	0.00798	0.00939	0.01006	0.00567	0.00665	0.00980	0.01313	0.01727	0.03830	0.61849	0.09228	0.02000	0.00845	0.00269	0.00409	0.10976	0.00610	0.00546
7	0.01890	0.00953	0.01176	0.00991	0.01347	0.00873	0.00788	0.02312	0.09535	0.34182	0.14015	0.03722	0.20564	0.01120	0.00703	0.00210	0.00452	0.00935	0.03356	0.00876
8	0.01595	0.01307	0.04129	0.01206	0.01545	0.01326	0.00977	0.25716	0.15023	0.02901	0.13942	0.13597	0.07540	0.03318	0.02592	0.00249	0.00575	0.00968	0.00632	0.00862
9	0.01760	0.77260	0.03450	0.01126	0.01690	0.02605	0.01126	0.01971	0.01338	0.01549	0.00915	0.01056	0.00845	0.00563	0.00422	0.00141	0.00704	0.00352	0.00282	0.00845
10	0.03826	0.01222	0.01449	0.01387	0.08068	0.03256	0.00982	0.04655	0.16006	0.02211	0.01715	0.04752	0.01463	0.01605	0.16176	0.00352	0.00818	0.00613	0.00452	0.28993
11	0.02462	0.03068	0.01872	0.01686	0.02036	0.70342	0.01271	0.06280	0.01932	0.01748	0.01048	0.01208	0.00863	0.00684	0.00597	0.00171	0.01162	0.00433	0.00356	0.00782
12	0.01653	0.29621	0.17000	0.01325	0.01906	0.01847	0.01334	0.09341	0.09000	0.04061	0.01378	0.01536	0.01106	0.01054	0.07598	0.00255	0.00820	0.00493	0.00393	0.08280
13	0.00858	0.00606	0.00761	0.00847	0.00890	0.00582	0.00551	0.00952	0.01194	0.01592	0.05733	0.45851	0.06891	0.24728	0.04505	0.00406	0.00509	0.01502	0.00541	0.00500
14	0.01776	0.52846	0.09902	0.01401	0.04866	0.09941	0.01300	0.02178	0.07124	0.01731	0.01109	0.01241	0.00947	0.00609	0.00490	0.00159	0.00770	0.00415	0.00321	0.00873
15	0.01623	0.12739	0.18056	0.01488	0.02046	0.01617	0.07107	0.14860	0.07602	0.04059	0.01929	0.07468	0.06107	0.00855	0.00693	0.00199	0.03503	0.00697	0.00456	0.06896

[dist]
# distance from previous block
# <min> <max>
4	7

[block]
# block no. 3 follows, 33 sequences, length 70
# corresponding to MSA columns:
# 68-137
name=unknown_D
#
# <colnr> <probs for GDERKNQSTAVLIFYWHMCP>
#	G	D	E	R	K	N	Q	S	T	A	V	L	I	F	Y	W	H	M	C	P
0	0.01939	0.20749	0.15699	0.04637	0.04238	0.26475	0.05479	0.04236	0.04495	0.04505	0.01196	0.01365	0.00944	0.00647	0.00580	0.00180	0.00939	0.00476	0.00351	0.00870
1	0.01461	0.01384	0.02034	0.25680	0.19421	0.04084	0.05730	0.02070	0.12291	0.02052	0.01621	0.01936	0.03396	0.00707	0.00692	0.00201	0.03137	0.00624	0.03081	0.08397
2	0.01690	0.21932	0.39570	0.01647	0.02372	0.18315	0.01840	0.02180	0.01485	0.01842	0.01077	0.01260	0.00840	0.00622	0.00567	0.00183	0.00954	0.00438	0.00293	0.00893
3	0.01788	0.24389	0.11497	0.01883	0.10685	0.06441	0.10898	0.10279	0.05357	0.04927	0.01417	0.05038	0.01180	0.00705	0.00605	0.00188	0.00805	0.00593	0.00399	0.00924
4	0.00941	0.00703	0.01045	0.01045	0.01159	0.00816	0.00807	0.01167	0.01054	0.01519	0.01775	0.02650	0.01674	0.07603	0.71627	0.01042	0.01722	0.00715	0.00354	0.00581
5	0.00809	0.00586	0.00757	0.00886	0.00942	0.00542	0.00595	0.00930	0.01289	0.01703	0.05758	0.65897	0.10372	0.04441	0.00915	0.00274	0.00384	0.01780	0.00607	0.00535
6	0.01350	0.01201	0.04059	0.12185	0.21997	0.01180	0.04593	0.01818	0.08350	0.05463	0.02279	0.24365	0.02277	0.01147	0.00731	0.00231	0.00651	0.04825	0.00479	0.00818
7	0.02076	0.20552	0.09115	0.01587	0.04134	0.16378	0.06781	0.09859	0.01767	0.13968	0.04291	0.01614	0.01245	0.00710	0.00646	0.00185	0.03190	0.00540	0.00447	0.00913
8	0.00807	0.00581	0.00766	0.00903	0.00954	0.00540	0.00607	0.00933	0.01298	0.01730	0.07015	0.70316	0.07085	0.02013	0.00835	0.00263	0.00377	0.01820	0.00617	0.00540
9	0.05782	0.01345	0.01485	0.01280	0.01691	0.01473	0.01013	0.04960	0.49244	0.20324	0.02549	0.02316	0.01832	0.00858	0.00655	0.00217	0.00535	0.00702	0.00693	0.01048
10	0.01243	0.01170	0.01975	0.75282	0.04534	0.01463	0.01828	0.01682	0.01316	0.01682	0.01170	0.01755	0.00878	0.00658	0.00658	0.00219	0.00878	0.00585	0.00293	0.00731
11	0.01721	0.70630	0.09734	0.01194	0.01794	0.02508	0.01244	0.01981	0.01342	0.01597	0.00939	0.01086	0.00844	0.00569	0.00441	0.00147	0.00728	0.00364	0.00281	0.00856
12	0.02459	0.03138	0.01866	0.01696	0.02035	0.74221	0.01272	0.02629	0.01866	0.01611	0.01018	0.01187	0.00848	0.00678	0.00594	0.00170	0.01187	0.00424	0.00339	0.00763
13	0.01454	0.01114	0.01260	0.01134	0.01433	0.01208	0.00877	0.02622	0.40592	0.07242	0.29178	0.03378	0.03582	0.01060	0.00710	0.00216	0.00444	0.00909	0.00700	0.00887
14	0.01554	0.01776	0.03885	0.02775	0.03441	0.01665	0.70366	0.02109	0.01554	0.02109	0.01332	0.01776	0.00999	0.00555	0.00777	0.00222	0.01110	0.00777	0.00333	0.00888
15	0.00811	0.00586	0.00759	0.00888	0.00941	0.00543	0.00595	0.00931	0.01284	0.01702	0.05983	0.66162	0.09216	0.05082	0.00937	0.00277	0.00387	0.01778	0.00606	0.00533
16	0.00805	0.00583	0.00761	0.00897	0.00951	0.00539	0.00604	0.00929	0.01296	0.01718	0.06036	0.69377	0.09049	0.02013	0.00834	0.00262	0.00376	0.01817	0.00615	0.00539
17	0.00834	0.00643	0.00739	0.00765	0.00907	0.00573	0.00541	0.01001	0.01461	0.01880	0.18988	0.22605	0.35294	0.09487	0.01059	0.00273	0.00372	0.01419	0.00613	0.00548
18	0.02459	0.03138	0.01866	0.01696	0.02035	0.74221	0.01272	0.02629	0.01866	0.01611	0.01018	0.01187	0.00848	0.00678	0.00594	0.00170	0.01187	0.00424	0.00339	0.00763
19	0.01995	0.03828	0.02511	0.02902	0.39120	0.01609	0.08637	0.15612	0.01870	0.13157	0.01509	0.01709	0.01135	0.00657	0.00661	0.00198	0.00769	0.00611	0.00464	0.01048
20	0.00819	0.00662	0.00728	0.00725	0.00918	0.00571	0.00538	0.01019	0.01577	0.01991	0.23177	0.10670	0.51078	0.01612	0.00782	0.00221	0.00331	0.01371	0.00640	0.00571
21	0.01144	0.00572	0.00858	0.00858	0.00858	0.00572	0.00572	0.00858	0.00858	0.01144	0.01144	0.02001	0.01144	0.02287	0.02573	0.80846	0.00572	0.00572	0.00286	0.00286
22	0.01447	0.10595	0.47162	0.01855	0.02665	0.01626	0.12587	0.02160	0.05619	0.03744	0.03570	0.01610	0.01121	0.00651	0.00636	0.00204	0.00908	0.00559	0.00337	0.00943
23	0.00810	0.00579	0.00773	0.00926	0.00968	0.00542	0.00625	0.00931	0.01269	0.01690	0.03624	0.74232	0.04336	0.02055	0.00842	0.00268	0.00389	0.03992	0.00611	0.00537
24	0.01392	0.01262	0.03805	0.01019	0.01616	0.00929	0.00847	0.03400	0.01409	0.02193	0.01181	0.01371	0.00974	0.00500	0.00496	0.00104	0.00510	0.00398	0.00393	0.76199
25	0.01660	0.01349	0.01440	0.01281	0.01650	0.01524	0.01000	0.06009	0.58949	0.06093	0.04841	0.02731	0.06645	0.00948	0.00679	0.00221	0.00513	0.00789	0.00674	0.01006
26	0.01353	0.03210	0.65947	0.02106	0.10263	0.01533	0.02389	0.02078	0.01401	0.02092	0.01187	0.01415	0.00856	0.00621	0.00628	0.00207	0.00953	0.00497	0.00283	0.00980
27	0.01265	0.01193	0.01991	0.61758	0.06622	0.01456	0.03904	0.01719	0.03295	0.01739	0.01325	0.05307	0.01084	0.00746	0.00732	0.00224	0.03917	0.00656	0.00321	0.00747
28	0.00946	0.00857	0.04868	0.03446	0.01268	0.00725	0.02569	0.01245	0.01632	0.02253	0.42235	0.11626	0.14296	0.01689	0.07113	0.00289	0.00522	0.01175	0.00617	0.00630
29	0.01553	0.42461	0.36434	0.01480	0.02236	0.02098	0.01742	0.02025	0.01362	0.01801	0.01041	0.01213	0.00840	0.00593	0.00518	0.00173	0.00831	0.00415	0.00280	0.00905
30	0.07686	0.08828	0.62430	0.01740	0.02637	0.01606	0.02198	0.02064	0.01365	0.02113	0.01140	0.01339	0.00825	0.00620	0.00593	0.00203	0.00916	0.00466	0.00288	0.00943
31	0.02160	0.01160	0.01427	0.01161	0.01541	0.01168	0.00939	0.13790	0.07840	0.32918	0.12909	0.02684	0.05069	0.00947	0.00756	0.00207	0.04880	0.00757	0.06731	0.00955
32	0.00824	0.00671	0.00742	0.00730	0.00930	0.00589	0.00550	0.01028	0.01553	0.01957	0.21287	0.05758	0.52596	0.01817	0.05776	0.00276	0.00426	0.01298	0.00620	0.00573
33	0.00993	0.00689	0.00887	0.00828	0.01002	0.00629	0.00624	0.01291	0.01836	0.05145	0.64730	0.04931	0.11222	0.01352	0.00772	0.00208	0.00321	0.01187	0.00719	0.00634
34	0.05466	0.00984	0.01299	0.01050	0.01442	0.00878	0.00847	0.02531	0.01847	0.47928	0.24750	0.03046	0.03051	0.00976	0.00688	0.00205	0.00479	0.00818	0.00770	0.00945
35	0.01555	0.01639	0.07757	0.13230	0.54211	0.01552	0.01967	0.02068	0.05662	0.02119	0.01311	0.01678	0.01063	0.00617	0.00652	0.00201	0.00793	0.00588	0.00338	0.00996
36	0.00816	0.00581	0.00770	0.00917	0.00957	0.00545	0.00615	0.00931	0.01255	0.01673	0.03562	0.71579	0.04259	0.05060	0.00943	0.00283	0.00399	0.03720	0.00602	0.00531
37	0.01365	0.01170	0.01365	0.00975	0.01560	0.00878	0.00780	0.01658	0.01365	0.02145	0.01170	0.01365	0.00975	0.00488	0.00488	0.00098	0.00488	0.00390	0.00390	0.80888
38	0.01689	0.01787	0.15916	0.02231	0.23339	0.01364	0.04882	0.04025	0.08466	0.10643	0.01529	0.01686	0.01153	0.00634	0.00621	0.00182	0.00718	0.00559	0.00431	0.18145
39	0.01598	0.01290	0.01685	0.01219	0.01801	0.01071	0.07800	0.08239	0.01581	0.07143	0.01321	0.01486	0.01035	0.00545	0.00544	0.00126	0.00577	0.00466	0.00438	0.60034
40	0.01626	0.01535	0.03906	0.07726	0.19470	0.04103	0.03649	0.07310	0.32358	0.02508	0.05408	0.02262	0.03580	0.00808	0.00671	0.00211	0.00667	0.00704	0.00523	0.00974
41	0.01222	0.00919	0.01063	0.01009	0.01181	0.01005	0.00728	0.01889	0.23707	0.03842	0.02474	0.03484	0.05465	0.30361	0.16554	0.00550	0.00810	0.02559	0.00503	0.00676
42	0.01135	0.00756	0.00926	0.00849	0.01076	0.00676	0.00644	0.01436	0.03545	0.09029	0.38896	0.09549	0.19194	0.01333	0.00741	0.00206	0.00360	0.01153	0.02906	0.05590
43	0.00805	0.00583	0.00762	0.00898	0.00952	0.00539	0.00604	0.00931	0.01298	0.01722	0.06371	0.69330	0.08752	0.02011	0.00834	0.00262	0.00376	0.01816	0.00615	0.00539
44	0.01365	0.01170	0.01365	0.00975	0.01560	0.00878	0.00780	0.01658	0.01365	0.02145	0.01170	0.01365	0.00975	0.00488	0.00488	0.00098	0.00488	0.00390	0.00390	0.80888
45	0.01243	0.01170	0.01975	0.75282	0.04534	0.01463	0.01828	0.01682	0.01316	0.01682	0.01170	0.01755	0.00878	0.00658	0.00658	0.00219	0.00878	0.00585	0.00293	0.00731
46	0.01958	0.01718	0.19863	0.01366	0.01890	0.01217	0.01331	0.14516	0.01833	0.25377	0.02247	0.13357	0.01899	0.03133	0.00769	0.00232	0.00674	0.05084	0.00594	0.00942
47	0.01412	0.01346	0.02306	0.37957	0.35254	0.01481	0.04056	0.01820	0.01405	0.01908	0.01297	0.04469	0.01085	0.00675	0.00666	0.00210	0.00823	0.00640	0.00321	0.00870
48	0.01414	0.01291	0.01932	0.08975	0.22483	0.01165	0.05741	0.01767	0.01444	0.02133	0.05834	0.01736	0.01328	0.00592	0.00589	0.00153	0.00638	0.00542	0.00380	0.39863
49	0.00885	0.00678	0.00821	0.00803	0.00979	0.00600	0.00592	0.01119	0.01629	0.02198	0.37779	0.17471	0.25116	0.01522	0.00774	0.00217	0.00338	0.01327	0.00656	0.04497
50	0.01365	0.01170	0.01365	0.00975	0.01560	0.00878	0.00780	0.01658	0.01365	0.02145	0.01170	0.01365	0.00975	0.00488	0.00488	0.00098	0.00488	0.00390	0.00390	0.80888
51	0.13332	0.01348	0.04427	0.11101	0.36253	0.01332	0.01511	0.01789	0.01478	0.02278	0.13353	0.02326	0.05228	0.00778	0.00642	0.00203	0.00659	0.00688	0.00413	0.00861
52	0.01427	0.01188	0.01453	0.01041	0.01626	0.00906	0.03051	0.01727	0.01389	0.04639	0.01225	0.01409	0.00999	0.00501	0.00503	0.00105	0.00510	0.00412	0.00403	0.75485
53	0.01577	0.01510	0.02577	0.13787	0.63423	0.01550	0.01994	0.01974	0.01474	0.02087	0.01229	0.01647	0.01020	0.00596	0.00653	0.00199	0.00795	0.00586	0.00321	0.01000
54	0.01502	0.01284	0.04184	0.01190	0.04078	0.00959	0.03341	0.01822	0.01417	0.07650	0.01289	0.01457	0.01024	0.00524	0.00522	0.00118	0.00543	0.00435	0.00415	0.66246
55	0.00930	0.00703	0.00901	0.00946	0.01100	0.00616	0.00672	0.01091	0.01297	0.01790	0.03133	0.57316	0.03650	0.01735	0.00775	0.00236	0.00417	0.05669	0.00567	0.16457
56	0.01637	0.01414	0.01489	0.01340	0.01712	0.01637	0.01042	0.03498	0.71568	0.02754	0.02679	0.02456	0.02010	0.00893	0.00670	0.00223	0.00521	0.00744	0.00670	0.01042
57	0.01629	0.01564	0.02672	0.04041	0.72757	0.01564	0.02020	0.02020	0.01499	0.02151	0.01238	0.01629	0.01043	0.00587	0.00652	0.00196	0.00782	0.00587	0.00326	0.01043
58	0.01144	0.00572	0.00858	0.00858	0.00858	0.00572	0.00572	0.00858	0.00858	0.01144	0.01144	0.02001	0.01144	0.02287	0.02573	0.80846	0.00572	0.00572	0.00286	0.00286
59	0.01434	0.02615	0.39695	0.02312	0.03136	0.01595	0.35397	0.02096	0.01469	0.02096	0.01254	0.01577	0.00914	0.00591	0.00699	0.00215	0.01039	0.00627	0.00305	0.00932
60	0.01484	0.01986	0.17595	0.05527	0.20657	0.01560	0.34096	0.02020	0.01486	0.02082	0.01361	0.04555	0.01102	0.00640	0.00713	0.00214	0.00963	0.00705	0.00329	0.00925
61	0.00943	0.00657	0.00804	0.00804	0.00847	0.00682	0.00515	0.01014	0.01013	0.01369	0.02240	0.03968	0.05964	0.54065	0.21705	0.00725	0.00915	0.00915	0.00398	0.00457
62	0.02897	0.01104	0.01498	0.01153	0.01651	0.00956	0.00951	0.03153	0.01868	0.70887	0.02582	0.02248	0.01632	0.00813	0.00655	0.00202	0.00552	0.00660	0.03435	0.01104
63	0.01640	0.01611	0.02630	0.03824	0.65782	0.04524	0.04178	0.02020	0.01510	0.02115	0.01293	0.03508	0.01117	0.00627	0.00658	0.00197	0.00799	0.00619	0.00334	0.01013
64	0.01729	0.12584	0.46604	0.01695	0.04396	0.01583	0.01939	0.04462	0.01533	0.15336	0.01425	0.01517	0.00999	0.00657	0.00607	0.00198	0.00847	0.00508	0.00392	0.00990
65	0.01629	0.01564	0.02672	0.04041	0.72757	0.01564	0.02020	0.02020	0.01499	0.02151	0.01238	0.01629	0.01043	0.00587	0.00652	0.00196	0.00782	0.00587	0.00326	0.01043
66	0.81514	0.01273	0.00968	0.00866	0.01273	0.01477	0.00713	0.01935	0.01120	0.02954	0.00917	0.01069	0.00713	0.00611	0.00407	0.00204	0.00509	0.00356	0.00407	0.00713
67	0.00779	0.00664	0.00670	0.00674	0.00891	0.00555	0.00503	0.00944	0.01493	0.01776	0.06579	0.08423	0.70461	0.01679	0.00780	0.00224	0.00335	0.01404	0.00611	0.00555
68	0.01554	0.01488	0.02379	0.07363	0.32697	0.03241	0.13000	0.03897	0.13403	0.02291	0.07980	0.02274	0.01740	0.00753	0.00694	0.00210	0.00759	0.02899	0.00437	0.00940
69	0.01730	0.01604	0.02419	0.05668	0.53503	0.04402	0.01814	0.10473	0.03946	0.02371	0.01423	0.01912	0.01201	0.00686	0.00663	0.00202	0.00777	0.03805	0.00391	0.01011

[dist]
# distance from previous block
# <min> <max>
1	4

[block]
# block no. 4 follows, 33 sequences, length 37
# corresponding to MSA columns:
# 142-178
name=unknown_E
#
# <colnr> <probs for GDERKNQSTAVLIFYWHMCP>
#	G	D	E	R	K	N	Q	S	T	A	V	L	I	F	Y	W	H	M	C	P
0	0.01633	0.01599	0.02581	0.09759	0.64175	0.04649	0.01973	0.02019	0.01500	0.02089	0.01223	0.01621	0.01021	0.00596	0.00650	0.00196	0.00807	0.00580	0.00324	0.01005
1	0.02028	0.29676	0.06174	0.01327	0.01871	0.04462	0.01203	0.24577	0.09404	0.06323	0.01440	0.01478	0.01106	0.00688	0.00559	0.00173	0.00701	0.00500	0.00482	0.05828
2	0.01613	0.01563	0.02714	0.06259	0.66878	0.01566	0.05654	0.02014	0.01496	0.02133	0.01241	0.01641	0.01035	0.00587	0.00659	0.00198	0.00803	0.00597	0.00325	0.01025
3	0.01199	0.00953	0.01418	0.01873	0.22240	0.00935	0.01071	0.05027	0.01476	0.03828	0.06413	0.44690	0.03232	0.01489	0.00767	0.00238	0.00519	0.01357	0.00541	0.00735
4	0.01577	0.01306	0.01722	0.01847	0.17104	0.03748	0.04343	0.11934	0.13349	0.05262	0.24992	0.05004	0.03016	0.00968	0.00706	0.00207	0.00586	0.00855	0.00588	0.00887
5	0.01096	0.00601	0.00893	0.00893	0.00917	0.00625	0.00616	0.00925	0.00902	0.01226	0.01301	0.02201	0.01289	0.05457	0.17055	0.61923	0.00814	0.00612	0.00303	0.00351
6	0.01760	0.77260	0.03450	0.01126	0.01690	0.02605	0.01126	0.01971	0.01338	0.01549	0.00915	0.01056	0.00845	0.00563	0.00422	0.00141	0.00704	0.00352	0.00282	0.00845
7	0.04352	0.14997	0.55283	0.01684	0.02541	0.03534	0.02074	0.02060	0.01383	0.02021	0.01125	0.01319	0.00837	0.00612	0.00579	0.00193	0.00902	0.00455	0.00289	0.03762
8	0.01305	0.01670	0.17096	0.03578	0.02170	0.01284	0.16516	0.02097	0.16773	0.02358	0.21077	0.02933	0.06395	0.00919	0.00718	0.00215	0.00690	0.00847	0.00514	0.00845
9	0.00818	0.00585	0.00780	0.00921	0.00970	0.00547	0.00626	0.00950	0.01304	0.01746	0.07632	0.69998	0.04444	0.02013	0.00839	0.00265	0.00385	0.04016	0.00618	0.00542
10	0.06300	0.19590	0.03070	0.08773	0.19550	0.04924	0.24665	0.02030	0.01457	0.01978	0.01159	0.01502	0.00939	0.00582	0.00623	0.00193	0.00883	0.00575	0.00320	0.00886
11	0.01613	0.01548	0.02643	0.06987	0.69936	0.01560	0.02012	0.02006	0.01491	0.02131	0.01235	0.01635	0.01036	0.00590	0.00652	0.00197	0.00786	0.00587	0.00324	0.01030
12	0.01144	0.00572	0.00858	0.00858	0.00858	0.00572	0.00572	0.00858	0.00858	0.01144	0.01144	0.02001	0.01144	0.02287	0.02573	0.80846	0.00572	0.00572	0.00286	0.00286
13	0.00884	0.00671	0.00813	0.00778	0.00954	0.00601	0.00583	0.01149	0.01750	0.02371	0.51893	0.05360	0.26897	0.01446	0.00777	0.00212	0.00318	0.01253	0.00689	0.00601
14	0.01365	0.01170	0.01365	0.00975	0.01560	0.00878	0.00780	0.01658	0.01365	0.02145	0.01170	0.01365	0.00975	0.00488	0.00488	0.00098	0.00488	0.00390	0.00390	0.80888
15	0.01476	0.01311	0.01465	0.14617	0.02094	0.05995	0.01123	0.06058	0.34318	0.02318	0.02462	0.17338	0.02218	0.01099	0.00705	0.00229	0.00613	0.03140	0.00566	0.00855
16	0.00970	0.00732	0.01045	0.01030	0.01119	0.00852	0.00776	0.01156	0.01036	0.01484	0.01774	0.02849	0.01745	0.18244	0.57100	0.00938	0.05487	0.00746	0.00358	0.00559
17	0.81514	0.01273	0.00968	0.00866	0.01273	0.01477	0.00713	0.01935	0.01120	0.02954	0.00917	0.01069	0.00713	0.00611	0.00407	0.00204	0.00509	0.00356	0.00407	0.00713
18	0.00947	0.00681	0.00932	0.00932	0.01006	0.00755	0.00666	0.01095	0.01021	0.01435	0.01878	0.03223	0.01922	0.31529	0.48041	0.00903	0.01347	0.00799	0.00370	0.00518
19	0.01581	0.01571	0.02846	0.09941	0.53511	0.01575	0.15178	0.02008	0.01494	0.02102	0.01250	0.01668	0.01020	0.00587	0.00676	0.00203	0.00854	0.00623	0.00324	0.00986
20	0.01362	0.01291	0.02188	0.53460	0.25431	0.01494	0.01887	0.01786	0.01372	0.01826	0.01191	0.01717	0.00928	0.00636	0.00656	0.00212	0.00848	0.00586	0.00303	0.00827
21	0.02406	0.01325	0.01472	0.01204	0.01607	0.08972	0.00956	0.08024	0.05651	0.42435	0.05939	0.02407	0.01826	0.06856	0.05596	0.00289	0.00709	0.00688	0.00677	0.00962
22	0.01936	0.05373	0.12277	0.02316	0.24251	0.01463	0.06806	0.09868	0.01747	0.18676	0.01838	0.02149	0.03206	0.00758	0.00667	0.00205	0.00751	0.04222	0.00490	0.01002
23	0.02808	0.01139	0.01518	0.01172	0.01662	0.01013	0.00965	0.07231	0.01957	0.64858	0.06603	0.02356	0.01865	0.00844	0.00668	0.00204	0.00556	0.00689	0.00800	0.01091
24	0.01422	0.05064	0.53438	0.01882	0.02727	0.01494	0.11960	0.02078	0.01439	0.05803	0.01514	0.03401	0.03423	0.00693	0.00653	0.00210	0.00927	0.00597	0.00333	0.00940
25	0.01553	0.01977	0.21063	0.12584	0.42680	0.01517	0.02060	0.02043	0.01463	0.05012	0.01271	0.01608	0.00991	0.00615	0.00646	0.00202	0.00835	0.00563	0.00329	0.00987
26	0.01491	0.10396	0.42638	0.02051	0.02873	0.01662	0.23031	0.02117	0.01451	0.04375	0.01247	0.01502	0.00912	0.00604	0.00652	0.00206	0.00974	0.00567	0.00313	0.00939
27	0.01629	0.01564	0.02672	0.04041	0.72757	0.01564	0.02020	0.02020	0.01499	0.02151	0.01238	0.01629	0.01043	0.00587	0.00652	0.00196	0.00782	0.00587	0.00326	0.01043
28	0.01903	0.35136	0.17185	0.01546	0.04036	0.23992	0.01466	0.04484	0.01571	0.01781	0.01032	0.01197	0.00858	0.00619	0.00530	0.00167	0.00908	0.00416	0.00312	0.00861
29	0.01144	0.00572	0.00858	0.00858	0.00858	0.00572	0.00572	0.00858	0.00858	0.01144	0.01144	0.02001	0.01144	0.02287	0.02573	0.80846	0.00572	0.00572	0.00286	0.00286
30	0.00867	0.00624	0.00801	0.00851	0.00956	0.00575	0.00602	0.01075	0.01538	0.02117	0.32951	0.38540	0.10375	0.01691	0.00797	0.00235	0.00346	0.01509	0.02973	0.00575
31	0.00830	0.00631	0.00766	0.00822	0.00950	0.00567	0.00588	0.01012	0.01484	0.01941	0.20462	0.35252	0.27137	0.01762	0.00807	0.00240	0.00355	0.03193	0.00637	0.00563
32	0.01323	0.03257	0.68679	0.01817	0.02764	0.01486	0.02323	0.02057	0.01388	0.02089	0.01181	0.01388	0.00843	0.00616	0.00616	0.00201	0.00941	0.00480	0.00285	0.06266
33	0.00990	0.00680	0.00893	0.00847	0.01005	0.00626	0.00632	0.01283	0.01815	0.04973	0.64419	0.10655	0.05904	0.01386	0.00778	0.00212	0.00325	0.01228	0.00719	0.00631
34	0.09124	0.01348	0.01426	0.01136	0.04013	0.05910	0.00865	0.04094	0.01438	0.02254	0.01152	0.01341	0.00949	0.00526	0.00498	0.00119	0.00555	0.00403	0.00395	0.62454
35	0.08233	0.15993	0.06842	0.02098	0.06448	0.06603	0.33073	0.02136	0.01496	0.05791	0.01245	0.01522	0.00962	0.00586	0.00635	0.00193	0.00909	0.00591	0.00354	0.04288
36	0.02241	0.08493	0.04500	0.04377	0.02153	0.55181	0.03380	0.04632	0.01772	0.01720	0.01040	0.01249	0.00862	0.00694	0.00679	0.00180	0.05271	0.00451	0.00338	0.00788

[dist]
# distance from previous block
# <min> <max>
0	1

[block]
# block no. 5 follows, 33 sequences, length 31
# corresponding to MSA columns:
# 180-203,222-228
name=unknown_F
#
# <colnr> <probs for GDERKNQSTAVLIFYWHMCP>
#	G	D	E	R	K	N	Q	S	T	A	V	L	I	F	Y	W	H	M	C	P
0	0.01800	0.60590	0.03159	0.01442	0.08232	0.05255	0.01215	0.04893	0.04892	0.01772	0.01063	0.01204	0.00932	0.00595	0.00472	0.00153	0.00722	0.00405	0.00322	0.00881
1	0.01444	0.01170	0.01360	0.00989	0.01550	0.00912	0.00792	0.04511	0.01464	0.05028	0.01529	0.01667	0.04723	0.00574	0.00517	0.00112	0.00492	0.00461	0.00429	0.70273
2	0.01455	0.01407	0.01414	0.01542	0.08670	0.16557	0.01092	0.01903	0.10730	0.01876	0.02224	0.05954	0.02190	0.07884	0.13532	0.00408	0.00930	0.19042	0.00470	0.00719
3	0.01464	0.05127	0.35261	0.04543	0.06731	0.01474	0.01735	0.02361	0.18557	0.05716	0.05207	0.02136	0.05256	0.00786	0.00648	0.00210	0.00752	0.00644	0.00442	0.00949
4	0.01824	0.70554	0.03312	0.01171	0.01721	0.06305	0.01139	0.04601	0.01432	0.01650	0.00946	0.01083	0.00855	0.00578	0.00440	0.00144	0.00730	0.00365	0.00299	0.00851
5	0.01302	0.01205	0.02057	0.05087	0.02188	0.01153	0.21571	0.01675	0.01457	0.02016	0.02092	0.03839	0.02054	0.01063	0.00833	0.00229	0.04756	0.26644	0.00446	0.18333
6	0.00962	0.00665	0.00803	0.04409	0.00947	0.00685	0.00507	0.01004	0.00997	0.01334	0.02094	0.07933	0.02377	0.64638	0.07506	0.00624	0.00706	0.00972	0.00402	0.00434
7	0.02218	0.01790	0.15924	0.01786	0.05051	0.01365	0.15631	0.09137	0.03909	0.33448	0.01917	0.01901	0.01287	0.00716	0.00678	0.00208	0.00776	0.00645	0.00574	0.01039
8	0.01788	0.05240	0.11761	0.02961	0.43531	0.01528	0.01792	0.02332	0.07849	0.12481	0.01543	0.01734	0.01178	0.00651	0.00641	0.00198	0.00748	0.00588	0.00419	0.01036
9	0.01855	0.01395	0.02287	0.09295	0.48571	0.01384	0.01718	0.02209	0.01559	0.17699	0.01625	0.04715	0.01288	0.00701	0.00662	0.00202	0.00726	0.00654	0.00442	0.01014
10	0.01745	0.01450	0.04075	0.13386	0.18372	0.04359	0.03442	0.15217	0.01857	0.10191	0.06189	0.02649	0.09683	0.00884	0.00688	0.00209	0.00708	0.03491	0.00505	0.00902
11	0.05174	0.22757	0.16789	0.01541	0.05641	0.05357	0.03399	0.07399	0.11266	0.09617	0.01666	0.01715	0.03532	0.00710	0.00582	0.00189	0.00739	0.00547	0.00441	0.00939
12	0.01628	0.01311	0.13615	0.01276	0.03411	0.00923	0.02577	0.01967	0.03303	0.24288	0.04946	0.29135	0.06246	0.01283	0.00732	0.00229	0.00564	0.01124	0.00609	0.00831
13	0.01525	0.01453	0.02449	0.23270	0.52203	0.01539	0.01940	0.01972	0.03485	0.02041	0.01262	0.01687	0.01026	0.00615	0.00654	0.00203	0.00800	0.00591	0.00327	0.00958
14	0.03797	0.03572	0.08726	0.02008	0.12271	0.14155	0.12932	0.14562	0.04605	0.02424	0.05554	0.04915	0.05910	0.00816	0.00673	0.00202	0.00827	0.00710	0.00451	0.00890
15	0.01345	0.07615	0.69463	0.01834	0.02783	0.01590	0.02358	0.02078	0.01387	0.02054	0.01166	0.01371	0.00835	0.00622	0.00614	0.00205	0.00958	0.00479	0.00278	0.00966
16	0.01509	0.01501	0.02336	0.36184	0.34780	0.06555	0.03955	0.01912	0.01443	0.01899	0.01195	0.01660	0.00953	0.00624	0.00654	0.00205	0.00863	0.00580	0.00312	0.00877
17	0.01047	0.00884	0.01390	0.05083	0.04349	0.00840	0.09980	0.01383	0.01721	0.02370	0.45622	0.04491	0.12452	0.01235	0.00772	0.00216	0.00482	0.04398	0.00616	0.00671
18	0.07085	0.01241	0.01567	0.01208	0.01715	0.01161	0.00998	0.13581	0.02031	0.58750	0.02350	0.02076	0.01502	0.00800	0.00648	0.00203	0.00583	0.00635	0.00769	0.01098
19	0.01629	0.01564	0.02672	0.04041	0.72757	0.01564	0.02020	0.02020	0.01499	0.02151	0.01238	0.01629	0.01043	0.00587	0.00652	0.00196	0.00782	0.00587	0.00326	0.01043
20	0.02459	0.03138	0.01866	0.01696	0.02035	0.74221	0.01272	0.02629	0.01866	0.01611	0.01018	0.01187	0.00848	0.00678	0.00594	0.00170	0.01187	0.00424	0.00339	0.00763
21	0.01320	0.03405	0.73453	0.01876	0.02849	0.01529	0.02432	0.02085	0.01390	0.02085	0.01181	0.01390	0.00834	0.00625	0.00625	0.00208	0.00973	0.00486	0.00278	0.00973
22	0.00825	0.00610	0.00756	0.00844	0.00927	0.00567	0.00575	0.00952	0.01294	0.01689	0.06696	0.47305	0.18912	0.10059	0.04498	0.00331	0.00460	0.01589	0.00581	0.00531
23	0.01715	0.01701	0.03510	0.02701	0.09214	0.01605	0.56133	0.04269	0.01625	0.08583	0.01445	0.01799	0.01063	0.00588	0.00752	0.00217	0.01020	0.00745	0.00386	0.00929
24	0.01243	0.01170	0.01975	0.75282	0.04534	0.01463	0.01828	0.01682	0.01316	0.01682	0.01170	0.01755	0.00878	0.00658	0.00658	0.00219	0.00878	0.00585	0.00293	0.00731
25	0.00879	0.00628	0.00852	0.01004	0.01076	0.00601	0.00745	0.01049	0.01336	0.01766	0.03586	0.55960	0.04186	0.01990	0.00861	0.00278	0.00448	0.21589	0.00610	0.00556
26	0.01336	0.01268	0.02132	0.56828	0.19735	0.01504	0.01858	0.01755	0.01347	0.01784	0.01175	0.01716	0.00914	0.00659	0.00707	0.00216	0.03379	0.00585	0.00300	0.00801
27	0.02459	0.03138	0.01866	0.01696	0.02035	0.74221	0.01272	0.02629	0.01866	0.01611	0.01018	0.01187	0.00848	0.00678	0.00594	0.00170	0.01187	0.00424	0.00339	0.00763
28	0.00788	0.00648	0.00693	0.00722	0.00905	0.00554	0.00526	0.00949	0.01464	0.01786	0.08132	0.20332	0.56753	0.01736	0.00790	0.00231	0.00342	0.01480	0.00615	0.00554
29	0.02690	0.01062	0.01443	0.01127	0.01590	0.00922	0.00922	0.02952	0.01882	0.64018	0.11694	0.02590	0.02227	0.00884	0.00677	0.00204	0.00528	0.00731	0.00803	0.01055
30	0.01477	0.01327	0.02197	0.38109	0.32232	0.01467	0.01808	0.03890	0.01487	0.04181	0.04559	0.01860	0.01223	0.00669	0.00661	0.00208	0.00798	0.00616	0.00353	0.00878

[dist]
# distance from previous block
# <min> <max>
0	2

[block]
# block no. 6 follows, 33 sequences, length 10
# corresponding to MSA columns:
# 231-240
name=unknown_G
#
# <colnr> <probs for GDERKNQSTAVLIFYWHMCP>
#	G	D	E	R	K	N	Q	S	T	A	V	L	I	F	Y	W	H	M	C	P
0	0.07450	0.02065	0.02287	0.03045	0.44397	0.25595	0.01682	0.02216	0.01594	0.02028	0.01143	0.01444	0.00955	0.00619	0.00616	0.00188	0.00897	0.00517	0.00336	0.00927
1	0.00914	0.04980	0.04549	0.00810	0.01065	0.00740	0.00674	0.01164	0.01616	0.02089	0.29541	0.05294	0.41336	0.01440	0.00750	0.00212	0.00378	0.01217	0.00617	0.00616
2	0.01698	0.10141	0.09503	0.03154	0.44691	0.04340	0.09484	0.02109	0.01508	0.05359	0.01263	0.01572	0.01016	0.00598	0.00636	0.00193	0.00833	0.00570	0.00340	0.00990
3	0.00958	0.00748	0.00882	0.00867	0.01058	0.00711	0.00662	0.01369	0.08875	0.02259	0.34090	0.10064	0.26529	0.01488	0.00781	0.00225	0.00369	0.06764	0.00666	0.00637
4	0.01365	0.01170	0.01365	0.00975	0.01560	0.00878	0.00780	0.01658	0.01365	0.02145	0.01170	0.01365	0.00975	0.00488	0.00488	0.00098	0.00488	0.00390	0.00390	0.80888
5	0.01414	0.01339	0.02033	0.60784	0.10447	0.04877	0.01784	0.06082	0.01470	0.01876	0.01195	0.01706	0.00906	0.00661	0.00655	0.00214	0.00874	0.00578	0.00321	0.00785
6	0.04947	0.01065	0.01193	0.01072	0.01348	0.01128	0.00846	0.14645	0.15268	0.02781	0.26536	0.03893	0.08230	0.03598	0.00802	0.00231	0.00478	0.07635	0.03519	0.00785
7	0.81514	0.01273	0.00968	0.00866	0.01273	0.01477	0.00713	0.01935	0.01120	0.02954	0.00917	0.01069	0.00713	0.00611	0.00407	0.00204	0.00509	0.00356	0.00407	0.00713
8	0.00887	0.00640	0.00839	0.00892	0.00969	0.00641	0.00624	0.01037	0.01242	0.01685	0.10777	0.29943	0.07753	0.18063	0.18318	0.00518	0.00750	0.03370	0.00520	0.00532
9	0.01084	0.00848	0.01026	0.00970	0.01204	0.00772	0.00712	0.01440	0.08420	0.01968	0.07830	0.31159	0.03098	0.08836	0.00975	0.00251	0.00460	0.05824	0.00544	0.22580

[dist]
# distance from previous block
# <min> <max>
0	2

[block]
# block no. 7 follows, 33 sequences, length 38
# corresponding to MSA columns:
# 244-281
name=unknown_H
#
# <colnr> <probs for GDERKNQSTAVLIFYWHMCP>
#	G	D	E	R	K	N	Q	S	T	A	V	L	I	F	Y	W	H	M	C	P
0	0.01676	0.04627	0.16701	0.01314	0.01896	0.01366	0.01256	0.12747	0.12832	0.08033	0.07446	0.01925	0.01608	0.00726	0.00607	0.00175	0.00631	0.00583	0.00508	0.23343
1	0.01547	0.24065	0.30971	0.01635	0.02267	0.08260	0.06258	0.01994	0.01370	0.01807	0.01112	0.01389	0.00908	0.00954	0.05814	0.00253	0.07754	0.00485	0.00294	0.00862
2	0.01687	0.01328	0.01701	0.04186	0.22855	0.06836	0.01211	0.07657	0.04765	0.11194	0.09785	0.02682	0.04186	0.12929	0.03887	0.00301	0.00719	0.00747	0.00497	0.00847
3	0.04473	0.01114	0.01452	0.03877	0.01694	0.01019	0.02718	0.07971	0.01689	0.29920	0.02193	0.12028	0.01811	0.01081	0.03445	0.00225	0.00606	0.03236	0.00610	0.18839
4	0.06851	0.09647	0.02014	0.01447	0.01920	0.09544	0.01196	0.44055	0.09014	0.03338	0.01496	0.01534	0.01115	0.00766	0.00661	0.00194	0.03085	0.00550	0.00562	0.01011
5	0.02494	0.01563	0.01766	0.01386	0.01883	0.01662	0.01134	0.39995	0.13835	0.24124	0.02056	0.01916	0.01413	0.00814	0.00661	0.00204	0.00643	0.00638	0.00706	0.01107
6	0.03218	0.05964	0.02410	0.10109	0.28091	0.05656	0.09947	0.05956	0.17502	0.02291	0.01551	0.01777	0.01216	0.00675	0.00651	0.00203	0.00782	0.00619	0.00419	0.00963
7	0.01580	0.12829	0.11463	0.02318	0.02941	0.04333	0.45014	0.02064	0.01473	0.01968	0.01208	0.01582	0.00942	0.00615	0.00809	0.00212	0.06803	0.00655	0.00316	0.00874
8	0.00820	0.00589	0.00773	0.00907	0.00960	0.00550	0.00616	0.00947	0.01290	0.01716	0.06214	0.66209	0.06921	0.04612	0.00925	0.00278	0.00394	0.04133	0.00608	0.00536
9	0.08402	0.01597	0.01701	0.05665	0.01915	0.15648	0.06905	0.11254	0.01751	0.11655	0.06042	0.11446	0.04941	0.00992	0.00796	0.00215	0.06956	0.00795	0.00512	0.00813
10	0.01634	0.01509	0.06756	0.01553	0.06532	0.01478	0.05261	0.11188	0.35158	0.05415	0.04523	0.02760	0.11439	0.00935	0.00688	0.00216	0.00602	0.00795	0.00597	0.00964
11	0.02862	0.01100	0.01499	0.01156	0.01649	0.00952	0.00952	0.03120	0.01883	0.70026	0.05750	0.02362	0.01837	0.00839	0.00667	0.00204	0.00549	0.00686	0.00811	0.01098
12	0.01952	0.01033	0.01297	0.01088	0.01438	0.00990	0.00868	0.09825	0.07205	0.30686	0.24651	0.06580	0.05443	0.01095	0.00717	0.00212	0.00483	0.02803	0.00737	0.00899
13	0.01921	0.01837	0.01640	0.01442	0.01786	0.19659	0.01126	0.09709	0.35770	0.04962	0.05774	0.02100	0.01757	0.00871	0.00771	0.00211	0.06507	0.00658	0.00565	0.00936
14	0.00874	0.00663	0.00805	0.00785	0.00952	0.00594	0.00583	0.01125	0.01704	0.02298	0.46683	0.10888	0.26643	0.01501	0.00782	0.00216	0.00323	0.01305	0.00681	0.00594
15	0.02864	0.01100	0.01499	0.01156	0.01649	0.00952	0.00952	0.03121	0.01883	0.70068	0.05709	0.02360	0.01834	0.00838	0.00667	0.00204	0.00549	0.00686	0.00811	0.01098
16	0.01597	0.01596	0.02411	0.23242	0.47926	0.07952	0.01902	0.01982	0.01482	0.01975	0.01200	0.01625	0.00981	0.00614	0.00648	0.00200	0.00844	0.00572	0.00318	0.00933
17	0.02095	0.01200	0.01448	0.01178	0.01567	0.01213	0.00950	0.18425	0.08852	0.28037	0.18765	0.02918	0.06254	0.00994	0.00737	0.00208	0.02673	0.00812	0.00718	0.00956
18	0.02503	0.01844	0.01976	0.01515	0.02042	0.02042	0.01251	0.70562	0.03095	0.04149	0.01581	0.01581	0.01120	0.00790	0.00659	0.00198	0.00724	0.00593	0.00659	0.01120
19	0.01637	0.01414	0.01489	0.01340	0.01712	0.01637	0.01042	0.03498	0.71568	0.02754	0.02679	0.02456	0.02010	0.00893	0.00670	0.00223	0.00521	0.00744	0.00670	0.01042
20	0.02954	0.01120	0.01528	0.01171	0.01681	0.00968	0.00968	0.03208	0.01884	0.73213	0.02597	0.02241	0.01630	0.00815	0.00662	0.00204	0.00560	0.00662	0.00815	0.01120
21	0.02503	0.01844	0.01976	0.01515	0.02042	0.02042	0.01251	0.70562	0.03095	0.04149	0.01581	0.01581	0.01120	0.00790	0.00659	0.00198	0.00724	0.00593	0.00659	0.01120
22	0.00863	0.00626	0.00814	0.00860	0.00965	0.00577	0.00610	0.01074	0.01563	0.02146	0.36772	0.38123	0.09163	0.01696	0.00806	0.00236	0.00345	0.01517	0.00666	0.00577
23	0.81514	0.01273	0.00968	0.00866	0.01273	0.01477	0.00713	0.01935	0.01120	0.02954	0.00917	0.01069	0.00713	0.00611	0.00407	0.00204	0.00509	0.00356	0.00407	0.00713
24	0.01577	0.01498	0.02539	0.03801	0.67410	0.01494	0.01916	0.01962	0.01526	0.02187	0.06541	0.01874	0.01428	0.00643	0.00661	0.00196	0.00747	0.00632	0.00356	0.01011
25	0.00957	0.00638	0.00718	0.00718	0.00718	0.00638	0.00399	0.00957	0.00957	0.01276	0.02074	0.04308	0.02393	0.76864	0.03351	0.00638	0.00638	0.00957	0.00399	0.00399
26	0.01554	0.01776	0.03885	0.02775	0.03441	0.01665	0.70366	0.02109	0.01554	0.02109	0.01332	0.01776	0.00999	0.00555	0.00777	0.00222	0.01110	0.00777	0.00333	0.00888
27	0.05362	0.15414	0.17933	0.04132	0.02136	0.08795	0.03434	0.11031	0.01654	0.04867	0.01212	0.01372	0.00937	0.00616	0.00557	0.00167	0.00770	0.00462	0.00387	0.18763
28	0.01743	0.01564	0.02316	0.18917	0.40877	0.04865	0.01778	0.10811	0.03875	0.04910	0.01352	0.01679	0.01060	0.00650	0.00652	0.00201	0.00798	0.00587	0.00390	0.00975
29	0.00890	0.00639	0.00827	0.00948	0.01011	0.00613	0.00644	0.04518	0.01355	0.01808	0.03523	0.72564	0.04187	0.01997	0.00831	0.00264	0.00400	0.01805	0.00614	0.00565
30	0.01498	0.01257	0.01486	0.06610	0.01844	0.01080	0.00922	0.09858	0.03539	0.02365	0.01261	0.01450	0.01014	0.00548	0.00526	0.00122	0.00546	0.00439	0.00422	0.63215
31	0.01693	0.01699	0.02518	0.07826	0.59711	0.09015	0.01907	0.02102	0.03367	0.02084	0.01250	0.01613	0.01039	0.00608	0.00647	0.00195	0.00822	0.00574	0.00334	0.00996
32	0.01320	0.03405	0.73453	0.01876	0.02849	0.01529	0.02432	0.02085	0.01390	0.02085	0.01181	0.01390	0.00834	0.00625	0.00625	0.00208	0.00973	0.00486	0.00278	0.00973
33	0.01627	0.01571	0.02710	0.04001	0.70570	0.01567	0.04177	0.02023	0.01501	0.02149	0.01241	0.01634	0.01041	0.00586	0.00656	0.00196	0.00792	0.00593	0.00326	0.01038
34	0.03383	0.16773	0.19785	0.07754	0.02560	0.03785	0.16005	0.06004	0.04333	0.03849	0.01343	0.03832	0.01074	0.00663	0.00617	0.00192	0.00844	0.00582	0.00365	0.06257
35	0.02532	0.06954	0.01581	0.01143	0.01588	0.01069	0.00938	0.05147	0.01794	0.54813	0.02582	0.12944	0.01948	0.00976	0.00669	0.00208	0.00551	0.00812	0.00738	0.01014
36	0.01546	0.01325	0.02015	0.44234	0.17802	0.04089	0.01681	0.05440	0.01541	0.07489	0.05407	0.01919	0.01288	0.00703	0.00662	0.00210	0.00804	0.00621	0.00385	0.00840
37	0.46129	0.06599	0.04287	0.01536	0.10797	0.10312	0.03629	0.05990	0.01412	0.02604	0.01033	0.01222	0.00819	0.00622	0.00498	0.00195	0.00690	0.00428	0.00387	0.00809

[dist]
# distance from previous block
# <min> <max>
13	18

[block]
# block no. 8 follows, 33 sequences, length 42
# corresponding to MSA columns:
# 340-381
name=unknown_I
#
# <colnr> <probs for GDERKNQSTAVLIFYWHMCP>
#	G	D	E	R	K	N	Q	S	T	A	V	L	I	F	Y	W	H	M	C	P
0	0.05202	0.00862	0.01122	0.05177	0.08485	0.00837	0.00847	0.02771	0.01414	0.01977	0.09785	0.23594	0.15070	0.06793	0.02940	0.00275	0.00524	0.04475	0.00526	0.07326
1	0.06168	0.10116	0.01978	0.03288	0.06898	0.15524	0.01218	0.22140	0.19315	0.02736	0.01596	0.01642	0.01223	0.00736	0.00606	0.00191	0.00750	0.00555	0.00509	0.02810
2	0.05052	0.03578	0.01446	0.01120	0.01550	0.06600	0.02374	0.07524	0.01663	0.18148	0.03835	0.11194	0.07939	0.00923	0.00624	0.00177	0.00567	0.00762	0.00553	0.24371
3	0.09484	0.03321	0.08026	0.01793	0.06023	0.03298	0.21422	0.04350	0.07370	0.10834	0.08253	0.02288	0.05971	0.00775	0.00671	0.00205	0.00745	0.00720	0.00485	0.03965
4	0.06332	0.10268	0.27143	0.01537	0.02166	0.03162	0.07304	0.02137	0.08849	0.05409	0.01632	0.03899	0.02864	0.00753	0.00653	0.00198	0.02738	0.02882	0.00399	0.09676
5	0.01320	0.03405	0.73453	0.01876	0.02849	0.01529	0.02432	0.02085	0.01390	0.02085	0.01181	0.01390	0.00834	0.00625	0.00625	0.00208	0.00973	0.00486	0.00278	0.00973
