[name]
unknown

[dist]
# distance from previous block
# <min> <max>
0	31

[block]
# block no. 0 follows, 36 sequences, length 119
# corresponding to MSA columns:
# 32-45,48-52,54-119,135-168
name=unknown_A
#
# <colnr> <probs for GDERKNQSTAVLIFYWHMCP>
#	G	D	E	R	K	N	Q	S	T	A	V	L	I	F	Y	W	H	M	C	P
0	0.22490	0.01695	0.12344	0.01275	0.01721	0.05659	0.01161	0.16498	0.07530	0.11152	0.03063	0.03335	0.01193	0.00757	0.00687	0.00201	0.07361	0.00539	0.00480	0.00859
1	0.01504	0.15442	0.32410	0.08227	0.06437	0.10779	0.01663	0.01990	0.03041	0.03615	0.02924	0.01405	0.00987	0.00607	0.00556	0.00175	0.00817	0.00465	0.00314	0.06643
2	0.01138	0.03375	0.09065	0.01327	0.08021	0.04535	0.04841	0.03148	0.02816	0.01940	0.15881	0.11421	0.15508	0.07892	0.00899	0.00235	0.00559	0.02601	0.00480	0.04319
3	0.01606	0.57569	0.09147	0.01101	0.01607	0.06574	0.01105	0.01861	0.01306	0.01621	0.01040	0.01200	0.00898	0.00569	0.00431	0.00142	0.00670	0.00379	0.10397	0.00778
4	0.01361	0.01136	0.01315	0.00965	0.01489	0.00912	0.00770	0.07751	0.01431	0.02176	0.01254	0.04999	0.01089	0.00559	0.00492	0.00108	0.00476	0.00454	0.00402	0.70860
5	0.00935	0.00656	0.00807	0.00818	0.00938	0.00633	0.00577	0.01162	0.04700	0.04615	0.17424	0.24807	0.15423	0.15535	0.07776	0.00359	0.00512	0.01219	0.00552	0.00551
6	0.01479	0.01466	0.07598	0.09851	0.11858	0.01431	0.14105	0.05587	0.15118	0.05881	0.08209	0.02105	0.03244	0.00778	0.00797	0.00209	0.08309	0.00681	0.00441	0.00854
7	0.07015	0.11196	0.35276	0.01431	0.02058	0.10059	0.01566	0.05188	0.01490	0.08283	0.07609	0.01635	0.01328	0.00769	0.02351	0.00203	0.00804	0.00513	0.00377	0.00848
8	0.01182	0.02675	0.58192	0.01642	0.02400	0.01290	0.05170	0.01802	0.01354	0.01989	0.08111	0.08371	0.01564	0.00772	0.00630	0.00203	0.00819	0.00651	0.00333	0.00850
9	0.03723	0.01041	0.01581	0.50620	0.03222	0.01238	0.01386	0.07651	0.01370	0.01826	0.01621	0.16935	0.01540	0.02752	0.00711	0.00224	0.00707	0.00800	0.00374	0.00679
10	0.01842	0.01173	0.01396	0.01184	0.01525	0.03305	0.02879	0.16872	0.12677	0.21949	0.02469	0.15666	0.05172	0.01358	0.07270	0.00277	0.00649	0.00860	0.00612	0.00866
11	0.73083	0.01268	0.01028	0.00892	0.01290	0.01461	0.00735	0.10098	0.01280	0.02928	0.00941	0.01069	0.00720	0.00598	0.00414	0.00192	0.00506	0.00364	0.00414	0.00720
12	0.03545	0.01539	0.05872	0.19031	0.26380	0.10109	0.01505	0.03515	0.06337	0.03555	0.01483	0.01976	0.02763	0.04942	0.02655	0.00237	0.00788	0.02590	0.00360	0.00815
13	0.00856	0.00617	0.00810	0.00802	0.00925	0.00571	0.00586	0.01110	0.01642	0.02306	0.58923	0.20169	0.05505	0.01418	0.00748	0.00208	0.00308	0.01264	0.00663	0.00571
14	0.01209	0.01128	0.01828	0.69970	0.04056	0.01399	0.01665	0.01743	0.07574	0.01681	0.01233	0.01720	0.00925	0.00643	0.00624	0.00208	0.00801	0.00567	0.00308	0.00718
15	0.01345	0.03201	0.68436	0.01761	0.02629	0.07978	0.02205	0.02019	0.01355	0.01934	0.01104	0.01299	0.00790	0.00596	0.00589	0.00194	0.00939	0.00455	0.00268	0.00903
16	0.00882	0.00637	0.00833	0.00784	0.00931	0.00588	0.00588	0.01176	0.01764	0.02499	0.73888	0.04654	0.05879	0.01274	0.00735	0.00196	0.00294	0.01127	0.00686	0.00588
17	0.75317	0.01152	0.00895	0.00807	0.01159	0.01328	0.00649	0.01750	0.01047	0.02656	0.00964	0.01282	0.00815	0.07406	0.00631	0.00229	0.00493	0.00387	0.00385	0.00649
18	0.11669	0.02047	0.01601	0.01354	0.01725	0.30824	0.01054	0.28288	0.02042	0.04436	0.01278	0.01535	0.01031	0.07500	0.00796	0.00214	0.00823	0.00504	0.00458	0.00821
19	0.01421	0.01514	0.02853	0.02151	0.02555	0.01631	0.42424	0.01930	0.07611	0.01884	0.01266	0.01682	0.01021	0.00903	0.04518	0.00264	0.22569	0.00676	0.00332	0.00795
20	0.02620	0.01315	0.07953	0.01198	0.01720	0.01057	0.01063	0.09384	0.01849	0.61656	0.02250	0.01992	0.01431	0.00753	0.00623	0.00193	0.00579	0.00606	0.00713	0.01048
21	0.00782	0.00625	0.00699	0.00697	0.00874	0.00543	0.00517	0.00975	0.01502	0.01917	0.26135	0.11913	0.47585	0.01521	0.00741	0.00210	0.00313	0.01299	0.00610	0.00543
22	0.01123	0.00624	0.00963	0.01077	0.07277	0.00624	0.00662	0.00909	0.00865	0.01166	0.01090	0.01863	0.01074	0.02023	0.02275	0.74678	0.00559	0.00542	0.00274	0.00334
23	0.02332	0.01727	0.01849	0.01426	0.01918	0.01915	0.01175	0.69047	0.06081	0.03867	0.01543	0.01533	0.01097	0.00752	0.00624	0.00188	0.00677	0.00567	0.00624	0.01056
24	0.00770	0.00551	0.00733	0.00860	0.00906	0.00513	0.00579	0.00895	0.01243	0.01670	0.09639	0.71263	0.04276	0.01892	0.00790	0.00248	0.00356	0.01714	0.00588	0.00513
25	0.02240	0.01645	0.01765	0.01367	0.01822	0.01815	0.01113	0.65865	0.02751	0.03687	0.01537	0.01723	0.01166	0.07561	0.00848	0.00224	0.00678	0.00591	0.00602	0.01000
26	0.02184	0.01617	0.01734	0.01356	0.01801	0.01789	0.01100	0.61184	0.07523	0.03597	0.01608	0.01780	0.01223	0.07568	0.00848	0.00225	0.00665	0.00601	0.00602	0.00995
27	0.01139	0.00583	0.00589	0.00589	0.00722	0.00583	0.00430	0.01404	0.01271	0.02225	0.02026	0.02477	0.01656	0.07541	0.00676	0.00186	0.00318	0.00609	0.74412	0.00563
28	0.01473	0.01398	0.02370	0.03564	0.67760	0.01395	0.01795	0.01820	0.01399	0.01996	0.01371	0.08249	0.01263	0.00678	0.00633	0.00191	0.00707	0.00662	0.00332	0.00945
29	0.01245	0.01058	0.01242	0.00918	0.01426	0.00802	0.00724	0.01507	0.01283	0.01992	0.01312	0.08021	0.01205	0.00593	0.00491	0.00106	0.00453	0.00493	0.00388	0.74742
30	0.79926	0.01222	0.00946	0.00839	0.01228	0.01415	0.00691	0.04094	0.01120	0.02832	0.00888	0.01028	0.00687	0.00584	0.00393	0.00193	0.00489	0.00345	0.00393	0.00687
31	0.00962	0.00697	0.00722	0.00716	0.00728	0.03542	0.00410	0.00968	0.00940	0.01221	0.01924	0.03962	0.02208	0.75069	0.03069	0.00587	0.00624	0.00886	0.00375	0.00391
32	0.82504	0.01205	0.00916	0.00819	0.01205	0.01398	0.00675	0.01832	0.01060	0.02795	0.00868	0.01012	0.00675	0.00578	0.00386	0.00193	0.00482	0.00337	0.00386	0.00675
33	0.00863	0.00636	0.00807	0.00764	0.00919	0.00580	0.00573	0.01139	0.01719	0.02392	0.65081	0.04829	0.14752	0.01313	0.00735	0.00198	0.00297	0.01151	0.00672	0.00580
34	0.04715	0.54302	0.23297	0.01256	0.01892	0.02137	0.01398	0.01895	0.01272	0.01661	0.00937	0.01089	0.00792	0.00551	0.00453	0.00154	0.00731	0.00369	0.00270	0.00829
35	0.01431	0.01604	0.03435	0.12491	0.03394	0.01550	0.62590	0.01942	0.01441	0.01942	0.01240	0.01678	0.00930	0.00538	0.00720	0.00210	0.01021	0.00711	0.00310	0.00821
36	0.00759	0.00542	0.00723	0.00868	0.00904	0.00506	0.00578	0.00868	0.01193	0.01591	0.03434	0.77697	0.04121	0.01952	0.00795	0.00253	0.00361	0.01771	0.00578	0.00506
37	0.01177	0.01107	0.01869	0.76606	0.04291	0.01384	0.01730	0.01592	0.01246	0.01592	0.01107	0.01661	0.00831	0.00623	0.00623	0.00208	0.00831	0.00554	0.00277	0.00692
38	0.01666	0.78478	0.03265	0.01066	0.01599	0.02465	0.01066	0.01866	0.01266	0.01466	0.00866	0.00999	0.00800	0.00533	0.00400	0.00133	0.00666	0.00333	0.00267	0.00800
39	0.01875	0.43785	0.09015	0.01329	0.01817	0.29558	0.01226	0.02106	0.01456	0.01532	0.00924	0.01073	0.00800	0.00579	0.00477	0.00149	0.00859	0.00370	0.00286	0.00782
40	0.01133	0.00804	0.00935	0.09578	0.01361	0.00822	0.00721	0.10035	0.01539	0.02161	0.04759	0.10482	0.24505	0.01133	0.00625	0.00193	0.00424	0.02646	0.25513	0.00629
41	0.01239	0.02918	0.01166	0.01146	0.01363	0.02641	0.00950	0.01869	0.19417	0.05270	0.03037	0.11902	0.04612	0.01422	0.00766	0.00252	0.00541	0.38204	0.00585	0.00701
42	0.01486	0.46005	0.34165	0.01372	0.02073	0.02026	0.01599	0.01912	0.01287	0.01685	0.00975	0.01136	0.00795	0.00558	0.00483	0.00161	0.00776	0.00388	0.00265	0.00852
43	0.01550	0.01338	0.01409	0.01268	0.01620	0.01550	0.00986	0.03311	0.73091	0.02606	0.02536	0.02325	0.01902	0.00845	0.00634	0.00211	0.00493	0.00704	0.00634	0.00986
44	0.00890	0.00668	0.01001	0.01001	0.01113	0.00779	0.00779	0.01113	0.01001	0.01446	0.01669	0.02448	0.01558	0.04673	0.75634	0.01001	0.01669	0.00668	0.00334	0.00556
45	0.01082	0.00541	0.00812	0.00812	0.00812	0.00541	0.00541	0.00812	0.00812	0.01082	0.01082	0.01894	0.01082	0.02165	0.02435	0.81872	0.00541	0.00541	0.00271	0.00271
46	0.01471	0.01681	0.03676	0.02626	0.03256	0.01576	0.71954	0.01996	0.01471	0.01996	0.01261	0.01681	0.00945	0.00525	0.00735	0.00210	0.01050	0.00735	0.00315	0.00840
47	0.02368	0.01745	0.01870	0.01434	0.01932	0.01932	0.01184	0.72139	0.02929	0.03927	0.01496	0.01496	0.01060	0.00748	0.00623	0.00187	0.00686	0.00561	0.00623	0.01060
48	0.01666	0.78478	0.03265	0.01066	0.01599	0.02465	0.01066	0.01866	0.01266	0.01466	0.00866	0.00999	0.00800	0.00533	0.00400	0.00133	0.00666	0.00333	0.00267	0.00800
49	0.82504	0.01205	0.00916	0.00819	0.01205	0.01398	0.00675	0.01832	0.01060	0.02795	0.00868	0.01012	0.00675	0.00578	0.00386	0.00193	0.00482	0.00337	0.00386	0.00675
50	0.05383	0.01658	0.03543	0.02539	0.03157	0.01567	0.68512	0.01988	0.01451	0.02034	0.01242	0.01648	0.00932	0.00528	0.00718	0.00209	0.01023	0.00716	0.00319	0.00832
51	0.00759	0.00542	0.00723	0.00868	0.00904	0.00506	0.00578	0.00868	0.01193	0.01591	0.03434	0.77697	0.04121	0.01952	0.00795	0.00253	0.00361	0.01771	0.00578	0.00506
52	0.01292	0.01107	0.01292	0.00923	0.01477	0.00831	0.00738	0.01569	0.01292	0.02030	0.01107	0.01292	0.00923	0.00461	0.00461	0.00092	0.00461	0.00369	0.00369	0.81912
53	0.01363	0.01363	0.01908	0.01636	0.01636	0.01908	0.01363	0.01499	0.00954	0.01499	0.00818	0.01363	0.00818	0.01091	0.02045	0.00273	0.76963	0.00545	0.00273	0.00682
54	0.00759	0.00542	0.00723	0.00868	0.00904	0.00506	0.00578	0.00868	0.01193	0.01591	0.03434	0.77697	0.04121	0.01952	0.00795	0.00253	0.00361	0.01771	0.00578	0.00506
55	0.00882	0.00637	0.00833	0.00784	0.00931	0.00588	0.00588	0.01176	0.01764	0.02499	0.73888	0.04654	0.05879	0.01274	0.00735	0.00196	0.00294	0.01127	0.00686	0.00588
56	0.02331	0.02855	0.01775	0.01589	0.01927	0.68735	0.01202	0.08980	0.01874	0.01749	0.01013	0.01158	0.00827	0.00652	0.00568	0.00163	0.01083	0.00416	0.00349	0.00754
57	0.00740	0.00631	0.00636	0.00635	0.00844	0.00528	0.00476	0.00901	0.01429	0.01704	0.08047	0.05962	0.72215	0.01570	0.00736	0.00210	0.00315	0.01310	0.00581	0.00528
58	0.01471	0.01681	0.03676	0.02626	0.03256	0.01576	0.71954	0.01996	0.01471	0.01996	0.01261	0.01681	0.00945	0.00525	0.00735	0.00210	0.01050	0.00735	0.00315	0.00840
59	0.00906	0.00604	0.00680	0.00680	0.00680	0.00604	0.00378	0.00906	0.00906	0.01208	0.01963	0.04077	0.02265	0.78103	0.03171	0.00604	0.00604	0.00906	0.00378	0.00378
60	0.01343	0.03428	0.02342	0.31109	0.13712	0.01508	0.16165	0.01714	0.01277	0.01756	0.01097	0.01556	0.00882	0.00651	0.00849	0.00204	0.12695	0.00570	0.00295	0.06848
61	0.01252	0.01185	0.02005	0.61535	0.18771	0.01404	0.01768	0.01658	0.01282	0.01684	0.01121	0.01636	0.00863	0.00609	0.00622	0.00203	0.00812	0.00554	0.00283	0.00753
62	0.01514	0.01452	0.02478	0.09392	0.68868	0.01473	0.01898	0.01888	0.01405	0.02002	0.01167	0.01551	0.00975	0.00560	0.00617	0.00187	0.00747	0.00555	0.00306	0.00964
63	0.01550	0.01338	0.01409	0.01268	0.01620	0.01550	0.00986	0.03311	0.73091	0.02606	0.02536	0.02325	0.01902	0.00845	0.00634	0.00211	0.00493	0.00704	0.00634	0.00986
64	0.01605	0.01465	0.01422	0.01297	0.01631	0.09295	0.01016	0.04958	0.57081	0.02461	0.02411	0.02604	0.01916	0.00901	0.00647	0.00212	0.00572	0.06987	0.00595	0.00923
65	0.00805	0.00634	0.00726	0.00703	0.00884	0.00555	0.00527	0.01027	0.01582	0.02067	0.38156	0.05364	0.41880	0.01435	0.00736	0.00204	0.00305	0.01226	0.00629	0.00555
66	0.01892	0.01557	0.02144	0.21439	0.02747	0.01733	0.12046	0.41047	0.02212	0.02954	0.01340	0.01564	0.00976	0.00690	0.00678	0.00198	0.02803	0.00585	0.00476	0.00919
67	0.01607	0.49414	0.03203	0.01536	0.02040	0.04342	0.19381	0.01884	0.01305	0.01607	0.00966	0.01212	0.00839	0.00585	0.00641	0.00167	0.07733	0.00458	0.00281	0.00797
68	0.00750	0.00632	0.00650	0.00645	0.00850	0.00532	0.00484	0.00920	0.01452	0.01759	0.12610	0.05871	0.67618	0.01550	0.00736	0.00209	0.00314	0.01297	0.00589	0.00532
69	0.01066	0.00658	0.00820	0.00806	0.00943	0.00716	0.00618	0.03480	0.01205	0.01936	0.01844	0.02399	0.01578	0.04469	0.35644	0.00558	0.00954	0.00629	0.39099	0.00579
70	0.00736	0.00631	0.00631	0.00631	0.00842	0.00526	0.00473	0.00894	0.01420	0.01683	0.06312	0.05996	0.73964	0.01578	0.00736	0.00210	0.00316	0.01315	0.00579	0.00526
71	0.00891	0.00666	0.00993	0.00993	0.01101	0.00774	0.00768	0.01107	0.00999	0.01440	0.01677	0.02491	0.01576	0.06621	0.73711	0.00991	0.01641	0.00674	0.00335	0.00552
72	0.01600	0.01338	0.01413	0.01245	0.01597	0.01527	0.00971	0.11713	0.59217	0.02686	0.02505	0.02408	0.04130	0.03883	0.00735	0.00224	0.00516	0.00714	0.00621	0.00957
73	0.01666	0.78478	0.03265	0.01066	0.01599	0.02465	0.01066	0.01866	0.01266	0.01466	0.00866	0.00999	0.00800	0.00533	0.00400	0.00133	0.00666	0.00333	0.00267	0.00800
74	0.00891	0.00663	0.00976	0.00976	0.01079	0.00765	0.00748	0.01097	0.00994	0.01428	0.01692	0.02574	0.01613	0.10384	0.69998	0.00970	0.01586	0.00686	0.00337	0.00542
75	0.01542	0.01480	0.02529	0.03824	0.74217	0.01480	0.01912	0.01912	0.01419	0.02036	0.01172	0.01542	0.00987	0.00555	0.00617	0.00185	0.00740	0.00555	0.00308	0.00987
76	0.00773	0.00565	0.00748	0.00877	0.00919	0.00540	0.00593	0.00884	0.01196	0.01592	0.03484	0.73063	0.06778	0.01917	0.00823	0.00252	0.02191	0.01724	0.00571	0.00511
77	0.01666	0.78478	0.03265	0.01066	0.01599	0.02465	0.01066	0.01866	0.01266	0.01466	0.00866	0.00999	0.00800	0.00533	0.00400	0.00133	0.00666	0.00333	0.00267	0.00800
78	0.01250	0.03223	0.74875	0.01776	0.02697	0.01447	0.02302	0.01973	0.01315	0.01973	0.01118	0.01315	0.00789	0.00592	0.00592	0.00197	0.00921	0.00460	0.00263	0.00921
79	0.02368	0.01745	0.01870	0.01434	0.01932	0.01932	0.01184	0.72139	0.02929	0.03927	0.01496	0.01496	0.01060	0.00748	0.00623	0.00187	0.00686	0.00561	0.00623	0.01060
80	0.00890	0.00668	0.01001	0.01001	0.01113	0.00779	0.00779	0.01113	0.01001	0.01446	0.01669	0.02448	0.01558	0.04673	0.75634	0.01001	0.01669	0.00668	0.00334	0.00556
81	0.01535	0.01309	0.01376	0.01241	0.01585	0.01512	0.00965	0.03238	0.70279	0.02595	0.02516	0.02325	0.01890	0.00841	0.00626	0.00209	0.00485	0.00700	0.03804	0.00970
82	0.01292	0.01107	0.01292	0.00923	0.01477	0.00831	0.00738	0.01569	0.01292	0.02030	0.01107	0.01292	0.00923	0.00461	0.00461	0.00092	0.00461	0.00369	0.00369	0.81912
83	0.02367	0.01801	0.01865	0.01441	0.01932	0.05296	0.01185	0.68959	0.02876	0.03817	0.01472	0.01479	0.01048	0.00743	0.00620	0.00186	0.00706	0.00554	0.00609	0.01044
84	0.01177	0.01107	0.01869	0.76606	0.04291	0.01384	0.01730	0.01592	0.01246	0.01592	0.01107	0.01661	0.00831	0.00623	0.00623	0.00208	0.00831	0.00554	0.00277	0.00692
85	0.00743	0.00631	0.00641	0.00639	0.00846	0.00529	0.00479	0.00908	0.01437	0.01723	0.09575	0.05931	0.70676	0.01563	0.00736	0.00210	0.00315	0.01306	0.00584	0.00529
86	0.02368	0.01745	0.01870	0.01434	0.01932	0.01932	0.01184	0.72139	0.02929	0.03927	0.01496	0.01496	0.01060	0.00748	0.00623	0.00187	0.00686	0.00561	0.00623	0.01060
87	0.00757	0.00632	0.00659	0.00652	0.00854	0.00535	0.00489	0.00933	0.01468	0.01797	0.15725	0.05809	0.64479	0.01536	0.00736	0.00208	0.00313	0.01289	0.00594	0.00535
88	0.01177	0.01107	0.01869	0.76606	0.04291	0.01384	0.01730	0.01592	0.01246	0.01592	0.01107	0.01661	0.00831	0.00623	0.00623	0.00208	0.00831	0.00554	0.00277	0.00692
89	0.02337	0.01004	0.01299	0.01030	0.01432	0.00914	0.00838	0.07909	0.01809	0.51848	0.10628	0.02392	0.02016	0.00822	0.00615	0.00187	0.00485	0.00674	0.10815	0.00946
90	0.82504	0.01205	0.00916	0.00819	0.01205	0.01398	0.00675	0.01832	0.01060	0.02795	0.00868	0.01012	0.00675	0.00578	0.00386	0.00193	0.00482	0.00337	0.00386	0.00675
91	0.01673	0.01359	0.01449	0.01274	0.01645	0.01553	0.00999	0.08979	0.64097	0.05952	0.02447	0.02247	0.01816	0.00834	0.00633	0.00208	0.00511	0.00689	0.00639	0.00996
92	0.01841	0.02039	0.01848	0.01605	0.01779	0.31304	0.01283	0.08478	0.01462	0.01736	0.00939	0.01280	0.00834	0.00880	0.01321	0.00220	0.39604	0.00489	0.00325	0.00733
93	0.00905	0.00610	0.00710	0.00710	0.00720	0.00620	0.00415	0.00925	0.00915	0.01230	0.01936	0.03925	0.02199	0.71259	0.09925	0.00641	0.00703	0.00884	0.00373	0.00394
94	0.02302	0.02917	0.01754	0.01594	0.01916	0.73219	0.01197	0.02514	0.04061	0.01560	0.01014	0.01162	0.00838	0.00649	0.00564	0.00162	0.01103	0.00411	0.00331	0.00731
95	0.01666	0.78478	0.03265	0.01066	0.01599	0.02465	0.01066	0.01866	0.01266	0.01466	0.00866	0.00999	0.00800	0.00533	0.00400	0.00133	0.00666	0.00333	0.00267	0.00800
96	0.00756	0.00555	0.00710	0.00835	0.00895	0.00509	0.00564	0.00871	0.01224	0.01603	0.03831	0.67796	0.13765	0.01900	0.00787	0.00247	0.00355	0.01708	0.00578	0.00509
97	0.01518	0.01751	0.03572	0.02570	0.03183	0.05631	0.68078	0.02023	0.01487	0.01970	0.01244	0.01650	0.00938	0.00532	0.00726	0.00207	0.01054	0.00717	0.00315	0.00834
98	0.01250	0.03223	0.74875	0.01776	0.02697	0.01447	0.02302	0.01973	0.01315	0.01973	0.01118	0.01315	0.00789	0.00592	0.00592	0.00197	0.00921	0.00460	0.00263	0.00921
99	0.00822	0.00620	0.00759	0.00755	0.00902	0.00557	0.00554	0.01048	0.01576	0.02125	0.43698	0.16782	0.24591	0.01468	0.00745	0.00209	0.00311	0.01283	0.00639	0.00557
100	0.01279	0.03017	0.65381	0.01889	0.02771	0.01464	0.11590	0.01976	0.01336	0.01976	0.01137	0.01364	0.00810	0.00583	0.00611	0.00199	0.00938	0.00497	0.00270	0.00910
101	0.00866	0.00634	0.00813	0.00774	0.00923	0.00580	0.00578	0.01144	0.01719	0.02405	0.66260	0.06882	0.11456	0.01319	0.00737	0.00199	0.00298	0.01161	0.00674	0.00580
102	0.00859	0.00662	0.00827	0.00898	0.02634	0.00608	0.00679	0.01081	0.01478	0.01921	0.21329	0.14746	0.29650	0.01564	0.00772	0.00231	0.00390	0.18512	0.00597	0.00561
103	0.01548	0.59653	0.12344	0.01171	0.01714	0.02149	0.01220	0.01861	0.02985	0.01596	0.01164	0.01630	0.01082	0.00658	0.00473	0.00158	0.00687	0.06807	0.00303	0.00799
104	0.00759	0.00542	0.00723	0.00868	0.00904	0.00506	0.00578	0.00868	0.01193	0.01591	0.03434	0.77697	0.04121	0.01952	0.00795	0.00253	0.00361	0.01771	0.00578	0.00506
105	0.01706	0.01728	0.01420	0.01274	0.01548	0.25735	0.00986	0.07331	0.20268	0.02090	0.02040	0.02118	0.07899	0.00957	0.02899	0.00213	0.07835	0.00619	0.10565	0.00771
106	0.01250	0.03223	0.74875	0.01776	0.02697	0.01447	0.02302	0.01973	0.01315	0.01973	0.01118	0.01315	0.00789	0.00592	0.00592	0.00197	0.00921	0.00460	0.00263	0.00921
107	0.01292	0.01107	0.01292	0.00923	0.01477	0.00831	0.00738	0.01569	0.01292	0.02030	0.01107	0.01292	0.00923	0.00461	0.00461	0.00092	0.00461	0.00369	0.00369	0.81912
108	0.02269	0.01693	0.01747	0.01387	0.01848	0.06527	0.01127	0.49730	0.14444	0.10143	0.01725	0.01668	0.01228	0.00760	0.00621	0.00190	0.00667	0.00581	0.00619	0.01026
109	0.82504	0.01205	0.00916	0.00819	0.01205	0.01398	0.00675	0.01832	0.01060	0.02795	0.00868	0.01012	0.00675	0.00578	0.00386	0.00193	0.00482	0.00337	0.00386	0.00675
110	0.01082	0.00541	0.00812	0.00812	0.00812	0.00541	0.00541	0.00812	0.00812	0.01082	0.01082	0.01894	0.01082	0.02165	0.02435	0.81872	0.00541	0.00541	0.00271	0.00271
111	0.00893	0.00868	0.07529	0.00836	0.01046	0.00658	0.00699	0.01168	0.01561	0.02156	0.47048	0.04510	0.16625	0.10503	0.01015	0.00248	0.00392	0.01072	0.00592	0.00582
112	0.01103	0.00879	0.01271	0.04085	0.01423	0.00938	0.06280	0.01412	0.03513	0.04036	0.22567	0.08363	0.09848	0.01248	0.00923	0.00227	0.11733	0.13328	0.06189	0.00636
113	0.00760	0.00630	0.00646	0.00642	0.00845	0.00532	0.00481	0.00933	0.01444	0.01766	0.11484	0.05783	0.66491	0.01529	0.00727	0.00207	0.00313	0.01279	0.02976	0.00532
114	0.01279	0.01093	0.01278	0.00921	0.01462	0.00823	0.00734	0.01551	0.01290	0.02019	0.01165	0.03184	0.01002	0.00498	0.00470	0.00096	0.00459	0.00404	0.00374	0.79897
115	0.00789	0.00648	0.00697	0.00694	0.00886	0.00567	0.00516	0.01017	0.03697	0.01850	0.17945	0.10356	0.55102	0.01526	0.00737	0.00211	0.00320	0.01293	0.00599	0.00550
116	0.01533	0.01471	0.02513	0.05609	0.72502	0.01478	0.01908	0.01904	0.01414	0.02025	0.01170	0.01545	0.00983	0.00557	0.00617	0.00186	0.00742	0.00555	0.00308	0.00980
117	0.01725	0.63254	0.08069	0.01181	0.01719	0.09724	0.01170	0.04123	0.01371	0.01584	0.00913	0.01049	0.00807	0.00555	0.00436	0.00142	0.00731	0.00356	0.00283	0.00808
118	0.11909	0.04655	0.00970	0.00818	0.01083	0.00902	0.00640	0.01516	0.10918	0.05517	0.09425	0.08176	0.36935	0.01324	0.02342	0.00223	0.00420	0.01018	0.00557	0.00651

[dist]
# distance from previous block
# <min> <max>
0	3

[block]
# block no. 1 follows, 36 sequences, length 37
# corresponding to MSA columns:
# 172-208
name=unknown_B
#
# <colnr> <probs for GDERKNQSTAVLIFYWHMCP>
#	G	D	E	R	K	N	Q	S	T	A	V	L	I	F	Y	W	H	M	C	P
0	0.01745	0.02011	0.05578	0.16866	0.11217	0.27914	0.01472	0.05798	0.03901	0.01784	0.01080	0.01396	0.00884	0.00720	0.00862	0.00199	0.14972	0.00499	0.00326	0.00778
1	0.07367	0.38206	0.19175	0.01183	0.01735	0.01786	0.01249	0.03681	0.01405	0.05580	0.11700	0.01677	0.01575	0.00676	0.00509	0.00166	0.00651	0.00500	0.00370	0.00808
2	0.01327	0.01260	0.02143	0.32117	0.36280	0.01359	0.04654	0.01706	0.01354	0.01833	0.01522	0.02100	0.04811	0.00692	0.00643	0.00201	0.00759	0.04097	0.00324	0.00820
3	0.01396	0.01179	0.01496	0.01103	0.01617	0.00990	0.06499	0.09518	0.01486	0.02229	0.01312	0.05225	0.01124	0.00583	0.00518	0.00122	0.00523	0.00498	0.03126	0.59455
4	0.00779	0.00628	0.00699	0.00730	0.00903	0.00548	0.00552	0.00954	0.01419	0.01757	0.11281	0.16004	0.51324	0.01619	0.00757	0.00223	0.00346	0.08357	0.00587	0.00533
5	0.01176	0.01081	0.01804	0.72780	0.04112	0.01344	0.01665	0.01585	0.01249	0.01629	0.01154	0.01694	0.00869	0.00628	0.00613	0.00204	0.00803	0.00555	0.04367	0.00687
6	0.01514	0.01232	0.01337	0.01209	0.01538	0.01395	0.00945	0.03007	0.60142	0.05600	0.09510	0.02740	0.02344	0.00921	0.00653	0.00212	0.00479	0.03645	0.00642	0.00933
7	0.00904	0.00610	0.00711	0.00711	0.00722	0.00621	0.00417	0.00926	0.00915	0.01232	0.01934	0.03916	0.02195	0.70843	0.10336	0.00643	0.00709	0.00882	0.00373	0.00395
8	0.01004	0.00717	0.01004	0.01147	0.01291	0.00717	0.01004	0.01291	0.01434	0.01865	0.03299	0.07028	0.03586	0.01721	0.00861	0.00287	0.00574	0.70023	0.00574	0.00574
9	0.00746	0.00613	0.00656	0.00685	0.00857	0.00524	0.00499	0.00897	0.01383	0.01688	0.07740	0.20956	0.57306	0.01647	0.00749	0.00219	0.00325	0.01405	0.00582	0.00524
10	0.01471	0.01681	0.03676	0.02626	0.03256	0.01576	0.71954	0.01996	0.01471	0.01996	0.01261	0.01681	0.00945	0.00525	0.00735	0.00210	0.01050	0.00735	0.00315	0.00840
11	0.00736	0.00631	0.00631	0.00631	0.00842	0.00526	0.00473	0.00894	0.01420	0.01683	0.06312	0.05996	0.73964	0.01578	0.00736	0.00210	0.00316	0.01315	0.00579	0.00526
12	0.02795	0.01060	0.01446	0.01109	0.01591	0.00916	0.00916	0.03036	0.01783	0.74648	0.02458	0.02121	0.01542	0.00771	0.00627	0.00193	0.00530	0.00627	0.00771	0.01060
13	0.00875	0.00637	0.00823	0.00776	0.00926	0.00585	0.00582	0.01162	0.01746	0.02457	0.70484	0.04722	0.09308	0.01289	0.00735	0.00197	0.00295	0.01136	0.00680	0.00585
14	0.00876	0.00722	0.00784	0.00788	0.00987	0.00680	0.00593	0.01266	0.11392	0.01864	0.09856	0.15116	0.46322	0.01513	0.00736	0.00219	0.00358	0.04739	0.00593	0.00594
15	0.02341	0.01731	0.01854	0.01428	0.01922	0.01919	0.01178	0.69813	0.05300	0.03882	0.01531	0.01524	0.01088	0.00751	0.00624	0.00188	0.00679	0.00566	0.00624	0.01057
16	0.02327	0.02970	0.01766	0.01605	0.01926	0.75602	0.01204	0.02488	0.01766	0.01525	0.00963	0.01124	0.00803	0.00642	0.00562	0.00161	0.01124	0.00401	0.00321	0.00722
17	0.01363	0.01363	0.01908	0.01636	0.01636	0.01908	0.01363	0.01499	0.00954	0.01499	0.00818	0.01363	0.00818	0.01091	0.02045	0.00273	0.76963	0.00545	0.00273	0.00682
18	0.01471	0.01681	0.03676	0.02626	0.03256	0.01576	0.71954	0.01996	0.01471	0.01996	0.01261	0.01681	0.00945	0.00525	0.00735	0.00210	0.01050	0.00735	0.00315	0.00840
19	0.02327	0.02970	0.01766	0.01605	0.01926	0.75602	0.01204	0.02488	0.01766	0.01525	0.00963	0.01124	0.00803	0.00642	0.00562	0.00161	0.01124	0.00401	0.00321	0.00722
20	0.82504	0.01205	0.00916	0.00819	0.01205	0.01398	0.00675	0.01832	0.01060	0.02795	0.00868	0.01012	0.00675	0.00578	0.00386	0.00193	0.00482	0.00337	0.00386	0.00675
21	0.01177	0.01107	0.01869	0.76606	0.04291	0.01384	0.01730	0.01592	0.01246	0.01592	0.01107	0.01661	0.00831	0.00623	0.00623	0.00208	0.00831	0.00554	0.00277	0.00692
22	0.01666	0.78478	0.03265	0.01066	0.01599	0.02465	0.01066	0.01866	0.01266	0.01466	0.00866	0.00999	0.00800	0.00533	0.00400	0.00133	0.00666	0.00333	0.00267	0.00800
23	0.01550	0.01338	0.01409	0.01268	0.01620	0.01550	0.00986	0.03311	0.73091	0.02606	0.02536	0.02325	0.01902	0.00845	0.00634	0.00211	0.00493	0.00704	0.00634	0.00986
24	0.01363	0.01363	0.01908	0.01636	0.01636	0.01908	0.01363	0.01499	0.00954	0.01499	0.00818	0.01363	0.00818	0.01091	0.02045	0.00273	0.76963	0.00545	0.00273	0.00682
25	0.00960	0.00701	0.00942	0.01058	0.01211	0.00684	0.00910	0.01228	0.01444	0.01860	0.06288	0.06789	0.14130	0.01684	0.00838	0.00272	0.00525	0.57329	0.00578	0.00567
26	0.01177	0.01107	0.01869	0.76606	0.04291	0.01384	0.01730	0.01592	0.01246	0.01592	0.01107	0.01661	0.00831	0.00623	0.00623	0.00208	0.00831	0.00554	0.00277	0.00692
27	0.01471	0.01681	0.03676	0.02626	0.03256	0.01576	0.71954	0.01996	0.01471	0.01996	0.01261	0.01681	0.00945	0.00525	0.00735	0.00210	0.01050	0.00735	0.00315	0.00840
28	0.00736	0.00631	0.00631	0.00631	0.00842	0.00526	0.00473	0.00894	0.01420	0.01683	0.06312	0.05996	0.73964	0.01578	0.00736	0.00210	0.00316	0.01315	0.00579	0.00526
29	0.01451	0.01388	0.02365	0.21876	0.56873	0.01457	0.01867	0.01833	0.01376	0.01926	0.01156	0.01572	0.00948	0.00572	0.00618	0.00191	0.00763	0.00555	0.00301	0.00914
30	0.00793	0.00633	0.00710	0.00691	0.00876	0.00550	0.00518	0.01004	0.01554	0.02000	0.32587	0.05474	0.47491	0.01460	0.00736	0.00205	0.00307	0.01242	0.00620	0.00550
31	0.01337	0.01324	0.01858	0.01600	0.01607	0.01845	0.01330	0.01478	0.00957	0.01496	0.00865	0.01424	0.00859	0.01291	0.06158	0.00313	0.72755	0.00552	0.00276	0.00675
32	0.02431	0.01645	0.01808	0.01386	0.01882	0.01784	0.01145	0.62034	0.02762	0.14269	0.01637	0.01587	0.01130	0.00751	0.00624	0.00188	0.00663	0.00571	0.00645	0.01060
33	0.01292	0.01107	0.01292	0.00923	0.01477	0.00831	0.00738	0.01569	0.01292	0.02030	0.01107	0.01292	0.00923	0.00461	0.00461	0.00092	0.00461	0.00369	0.00369	0.81912
34	0.01422	0.00888	0.01037	0.00937	0.01203	0.00890	0.00730	0.02063	0.20094	0.15464	0.19891	0.05422	0.12145	0.01072	0.00656	0.00199	0.00403	0.03376	0.11343	0.00765
35	0.04013	0.02710	0.51168	0.01869	0.02655	0.04540	0.16864	0.01949	0.01363	0.01974	0.01352	0.01572	0.03902	0.00621	0.00620	0.00199	0.00917	0.00548	0.00294	0.00871
36	0.24198	0.24871	0.01908	0.07185	0.03577	0.09151	0.00989	0.01975	0.04956	0.04636	0.01098	0.01251	0.00887	0.00587	0.00463	0.00162	0.00633	0.00404	0.02283	0.08786

[dist]
# distance from previous block
# <min> <max>
3	5

[block]
# block no. 2 follows, 36 sequences, length 19
# corresponding to MSA columns:
# 221-239
name=unknown_C
#
# <colnr> <probs for GDERKNQSTAVLIFYWHMCP>
#	G	D	E	R	K	N	Q	S	T	A	V	L	I	F	Y	W	H	M	C	P
0	0.04884	0.07477	0.01474	0.01063	0.01483	0.01163	0.00875	0.15525	0.01735	0.21342	0.02235	0.09321	0.07051	0.00899	0.00601	0.00178	0.00526	0.04375	0.00562	0.17229
1	0.01078	0.00808	0.01064	0.00990	0.01213	0.00742	0.04262	0.04767	0.03139	0.05087	0.07009	0.32920	0.13926	0.03034	0.00772	0.00224	0.00448	0.06898	0.00551	0.11066
2	0.07630	0.23823	0.21943	0.01338	0.01840	0.13946	0.01356	0.01852	0.01306	0.01723	0.01232	0.03288	0.02828	0.01075	0.08097	0.00259	0.04907	0.00485	0.00306	0.00766
3	0.01553	0.12100	0.04619	0.01623	0.11911	0.13323	0.03890	0.10181	0.05186	0.02065	0.07345	0.09712	0.08377	0.00930	0.00666	0.00192	0.02794	0.02311	0.00441	0.00782
4	0.01170	0.00894	0.01136	0.00979	0.01170	0.00908	0.03782	0.04813	0.02940	0.03741	0.02118	0.06772	0.07786	0.28775	0.05235	0.00374	0.08485	0.00798	0.05261	0.12864
5	0.52630	0.01346	0.01288	0.05386	0.01613	0.08201	0.06127	0.01932	0.01249	0.08215	0.03119	0.04273	0.01059	0.00670	0.00486	0.00194	0.00598	0.00485	0.00414	0.00714
6	0.05734	0.14148	0.04684	0.05640	0.12764	0.21596	0.10111	0.02073	0.04690	0.01826	0.01104	0.01340	0.00903	0.00597	0.00596	0.00170	0.02947	0.00476	0.00326	0.08275
7	0.00895	0.00599	0.00683	0.00694	0.00696	0.00597	0.00393	0.00903	0.00928	0.01237	0.02074	0.09639	0.02405	0.72350	0.02992	0.00578	0.00586	0.00971	0.00393	0.00387
8	0.04464	0.01315	0.01519	0.01259	0.01614	0.01424	0.04059	0.35318	0.12413	0.03035	0.11994	0.14477	0.02332	0.01016	0.00665	0.00204	0.00560	0.00858	0.00605	0.00871
9	0.01628	0.01377	0.01453	0.01284	0.01650	0.01586	0.01005	0.09880	0.66394	0.02732	0.02437	0.02245	0.01822	0.00836	0.00633	0.00209	0.00511	0.00691	0.00633	0.00993
10	0.01204	0.01192	0.01235	0.01096	0.01318	0.15887	0.06673	0.01467	0.01674	0.02131	0.42677	0.08169	0.10504	0.01151	0.00704	0.00195	0.00532	0.01002	0.00565	0.00626
11	0.01512	0.14372	0.38599	0.01631	0.04051	0.07514	0.07406	0.01987	0.01360	0.07142	0.01248	0.01576	0.00988	0.07079	0.00790	0.00219	0.00848	0.00510	0.00321	0.00846
12	0.00972	0.00598	0.00654	0.00654	0.00692	0.00598	0.00393	0.01047	0.01010	0.01496	0.01981	0.03624	0.02092	0.58093	0.02464	0.00485	0.00523	0.00822	0.21372	0.00430
13	0.01383	0.01422	0.02822	0.07779	0.02772	0.01383	0.47117	0.07423	0.01518	0.02043	0.01688	0.16367	0.01560	0.00827	0.00729	0.00216	0.00871	0.00908	0.00388	0.00782
14	0.01380	0.01460	0.02951	0.17660	0.11626	0.01454	0.43547	0.01845	0.01416	0.01907	0.01390	0.02108	0.01148	0.00649	0.00709	0.00213	0.00930	0.06475	0.00328	0.00805
15	0.00919	0.00680	0.00932	0.00916	0.00987	0.00768	0.00666	0.01069	0.01013	0.01434	0.06031	0.03057	0.02009	0.28291	0.43719	0.00786	0.05084	0.00767	0.00366	0.00506
16	0.02386	0.01381	0.01708	0.06337	0.01961	0.04994	0.04832	0.19648	0.07974	0.39094	0.02003	0.01883	0.01339	0.00742	0.00629	0.00193	0.00642	0.00607	0.00644	0.01001
17	0.01483	0.01164	0.01249	0.01124	0.01426	0.01323	0.00877	0.08507	0.46673	0.02556	0.02272	0.02266	0.01741	0.01162	0.07414	0.00268	0.00577	0.00665	0.16382	0.00874
18	0.00760	0.00625	0.00669	0.00672	0.00860	0.00534	0.00499	0.00935	0.01455	0.01801	0.16435	0.11229	0.58247	0.01560	0.00741	0.00211	0.00316	0.01321	0.00595	0.00534

[dist]
# distance from previous block
# <min> <max>
0	1

# created by:
# /home/cegg/simao/soft/augustus-3.2.1/scripts/msa2prfl.pl ./align_prep/EOG090W0E00.fa
