[name]
unknown

[dist]
# distance from previous block
# <min> <max>
0	21

[block]
# block no. 0 follows, 34 sequences, length 14
# corresponding to MSA columns:
# 21-34
name=unknown_A
#
# <colnr> <probs for GDERKNQSTAVLIFYWHMCP>
#	G	D	E	R	K	N	Q	S	T	A	V	L	I	F	Y	W	H	M	C	P
0	0.01041	0.00744	0.01041	0.01190	0.01339	0.00744	0.01041	0.01339	0.01487	0.01934	0.03421	0.07288	0.03719	0.01785	0.00892	0.00297	0.00595	0.68913	0.00595	0.00595
1	0.18539	0.01124	0.01288	0.00995	0.01482	0.01000	0.00808	0.02202	0.01500	0.27809	0.05769	0.01789	0.01431	0.00667	0.00540	0.00161	0.00498	0.00517	0.00554	0.31327
2	0.01725	0.01576	0.02522	0.03601	0.62784	0.01604	0.01872	0.12147	0.01702	0.02399	0.01265	0.01592	0.01035	0.00605	0.00641	0.00192	0.00759	0.00577	0.00368	0.01035
3	0.01625	0.01258	0.01396	0.01187	0.01523	0.01371	0.00938	0.24105	0.24666	0.03097	0.27811	0.03015	0.03193	0.01006	0.00692	0.00205	0.00500	0.00842	0.00673	0.00897
4	0.16251	0.01386	0.01906	0.25649	0.08703	0.01658	0.04451	0.12784	0.01498	0.02302	0.01118	0.01499	0.00886	0.00748	0.00910	0.00221	0.16316	0.00541	0.00369	0.00806
5	0.02200	0.01556	0.01849	0.01723	0.12307	0.01661	0.01227	0.45771	0.02516	0.10347	0.06260	0.01883	0.01493	0.00783	0.00642	0.00192	0.00654	0.00627	0.05282	0.01027
6	0.11276	0.14715	0.01810	0.09739	0.01937	0.04784	0.01075	0.06920	0.20638	0.14514	0.01974	0.01955	0.04480	0.00766	0.00583	0.00195	0.00621	0.00592	0.00525	0.00901
7	0.15182	0.01599	0.03411	0.01297	0.03757	0.10022	0.01020	0.17514	0.13565	0.02762	0.08776	0.01861	0.01624	0.00746	0.00582	0.00181	0.00623	0.00572	0.00513	0.14393
8	0.36100	0.01412	0.01903	0.02626	0.42305	0.01498	0.01431	0.01947	0.01311	0.02450	0.01080	0.01363	0.00884	0.00586	0.00537	0.00195	0.00652	0.00479	0.00354	0.00884
9	0.17341	0.01176	0.01431	0.04510	0.05526	0.01096	0.00948	0.02382	0.03835	0.31568	0.01727	0.01703	0.01204	0.00659	0.00556	0.00173	0.00545	0.00516	0.00558	0.22546
10	0.01340	0.01148	0.01340	0.00957	0.01531	0.00861	0.00766	0.01627	0.01340	0.02105	0.01148	0.01340	0.00957	0.00479	0.00479	0.00096	0.00479	0.00383	0.00383	0.81242
11	0.01276	0.01205	0.02039	0.65186	0.14568	0.01450	0.01822	0.01700	0.01318	0.01719	0.01158	0.01704	0.00885	0.00636	0.00645	0.00212	0.00848	0.00574	0.00292	0.00763
12	0.01545	0.01457	0.02354	0.14135	0.52769	0.01531	0.01816	0.02144	0.11680	0.02129	0.01411	0.01735	0.01137	0.00630	0.00643	0.00199	0.00744	0.00598	0.00364	0.00978
13	0.01380	0.02239	0.29813	0.02234	0.02948	0.01489	0.38727	0.01969	0.01447	0.02032	0.01456	0.05997	0.01205	0.00699	0.00715	0.00218	0.00981	0.03244	0.00332	0.00873

[dist]
# distance from previous block
# <min> <max>
0	1

[block]
# block no. 1 follows, 34 sequences, length 21
# corresponding to MSA columns:
# 36-56
name=unknown_B
#
# <colnr> <probs for GDERKNQSTAVLIFYWHMCP>
#	G	D	E	R	K	N	Q	S	T	A	V	L	I	F	Y	W	H	M	C	P
0	0.63942	0.01346	0.01244	0.01255	0.08963	0.01524	0.00898	0.10116	0.01369	0.02955	0.01010	0.01167	0.00781	0.00618	0.00454	0.00198	0.00553	0.00401	0.00421	0.00781
1	0.00955	0.00680	0.00790	0.00817	0.00884	0.00675	0.00546	0.01119	0.04740	0.01514	0.02907	0.11120	0.10677	0.47498	0.02312	0.00481	0.00560	0.10767	0.00476	0.00482
2	0.02381	0.03017	0.01863	0.01757	0.04859	0.71761	0.01278	0.02556	0.01817	0.01603	0.01007	0.01183	0.00840	0.00662	0.00585	0.00167	0.01149	0.00423	0.00332	0.00760
3	0.01411	0.01362	0.02299	0.34600	0.32590	0.01547	0.04516	0.01794	0.01340	0.01847	0.01148	0.01637	0.00932	0.00669	0.00819	0.00214	0.09544	0.00581	0.00302	0.00849
4	0.02392	0.01747	0.01899	0.01472	0.01962	0.01942	0.01214	0.62527	0.06436	0.06600	0.01619	0.01615	0.01154	0.00795	0.00700	0.00199	0.03416	0.00591	0.00640	0.01081
5	0.45772	0.01789	0.01525	0.01358	0.03708	0.20650	0.06641	0.02135	0.03959	0.02399	0.01030	0.01218	0.00820	0.00645	0.00569	0.00197	0.04029	0.00431	0.00379	0.00748
6	0.01414	0.01414	0.01979	0.01696	0.01696	0.01979	0.01414	0.01555	0.00990	0.01555	0.00848	0.01414	0.00848	0.01131	0.02120	0.00283	0.76110	0.00565	0.00283	0.00707
7	0.02456	0.01810	0.01939	0.01487	0.02004	0.02004	0.01228	0.71107	0.03038	0.04072	0.01551	0.01551	0.01099	0.00776	0.00646	0.00194	0.00711	0.00582	0.00646	0.01099
8	0.01014	0.00725	0.01010	0.01159	0.01296	0.00721	0.00994	0.01292	0.01461	0.01904	0.03436	0.14655	0.03777	0.01810	0.00885	0.00294	0.00572	0.61811	0.00595	0.00588
9	0.02414	0.03079	0.01831	0.01665	0.01998	0.74698	0.01248	0.02580	0.01831	0.01581	0.00999	0.01165	0.00832	0.00666	0.00583	0.00166	0.01165	0.00416	0.00333	0.00749
10	0.01340	0.01148	0.01340	0.00957	0.01531	0.00861	0.00766	0.01627	0.01340	0.02105	0.01148	0.01340	0.00957	0.00479	0.00479	0.00096	0.00479	0.00383	0.00383	0.81242
11	0.01388	0.19243	0.58852	0.01684	0.02553	0.01726	0.02113	0.02022	0.01353	0.01934	0.01104	0.01294	0.00821	0.00601	0.00571	0.00190	0.00898	0.00449	0.00274	0.00928
12	0.01220	0.01148	0.01938	0.75739	0.04450	0.01436	0.01794	0.01651	0.01292	0.01651	0.01148	0.01723	0.00861	0.00646	0.00646	0.00215	0.00861	0.00574	0.00287	0.00718
13	0.01800	0.01400	0.01671	0.01474	0.09356	0.01334	0.01062	0.24677	0.04684	0.05890	0.01470	0.03474	0.01164	0.00656	0.00574	0.00152	0.00588	0.00532	0.00497	0.37545
14	0.01754	0.01442	0.01752	0.01861	0.16486	0.01584	0.01232	0.15937	0.37872	0.04667	0.04866	0.04113	0.01819	0.00840	0.00660	0.00209	0.00592	0.00714	0.00590	0.01011
15	0.01551	0.15380	0.51692	0.01658	0.02481	0.01718	0.01997	0.10149	0.01566	0.04334	0.01204	0.01357	0.00876	0.00628	0.00586	0.00192	0.00871	0.00473	0.00333	0.00955
16	0.63371	0.01618	0.03454	0.01036	0.01449	0.12431	0.00862	0.05531	0.01316	0.02735	0.00956	0.01102	0.00744	0.00619	0.00447	0.00195	0.00625	0.00376	0.00398	0.00736
17	0.00805	0.00576	0.00765	0.00888	0.00941	0.00537	0.00601	0.00944	0.01319	0.01779	0.13128	0.66933	0.04525	0.01927	0.00816	0.00254	0.00365	0.01745	0.00615	0.00537
18	0.01596	0.01544	0.02671	0.03916	0.70439	0.01539	0.04768	0.01986	0.01473	0.02109	0.01219	0.01605	0.01022	0.00574	0.00645	0.00193	0.00781	0.00583	0.00320	0.01017
19	0.81856	0.01250	0.00950	0.00850	0.01250	0.01449	0.00700	0.01899	0.01100	0.02899	0.00900	0.01050	0.00700	0.00600	0.00400	0.00200	0.00500	0.00350	0.00400	0.00700
20	0.09484	0.00723	0.00873	0.00817	0.00995	0.00699	0.00619	0.01291	0.01752	0.02624	0.65296	0.04427	0.05525	0.01245	0.00724	0.00203	0.00325	0.01082	0.00678	0.00619

[dist]
# distance from previous block
# <min> <max>
0	1

[block]
# block no. 2 follows, 34 sequences, length 126
# corresponding to MSA columns:
# 58-160,162-184
name=unknown_C
#
# <colnr> <probs for GDERKNQSTAVLIFYWHMCP>
#	G	D	E	R	K	N	Q	S	T	A	V	L	I	F	Y	W	H	M	C	P
0	0.01621	0.01646	0.02309	0.07775	0.47874	0.10870	0.01738	0.01948	0.01472	0.01979	0.05125	0.01710	0.01251	0.00695	0.00804	0.00201	0.09146	0.00587	0.00337	0.00911
1	0.01164	0.00889	0.01089	0.00883	0.01234	0.00730	0.00686	0.01455	0.01605	0.04757	0.37189	0.03245	0.05536	0.00942	0.00634	0.00156	0.00390	0.00811	0.00567	0.36037
2	0.01220	0.01148	0.01938	0.75739	0.04450	0.01436	0.01794	0.01651	0.01292	0.01651	0.01148	0.01723	0.00861	0.00646	0.00646	0.00215	0.00861	0.00574	0.00287	0.00718
3	0.01825	0.01496	0.01584	0.01359	0.01763	0.01709	0.01075	0.20784	0.54389	0.03054	0.02353	0.02190	0.01748	0.00851	0.00655	0.00213	0.00563	0.00692	0.00655	0.01042
4	0.01585	0.01528	0.02631	0.06281	0.69199	0.01535	0.03765	0.01974	0.01467	0.02095	0.01216	0.01607	0.01017	0.00577	0.00643	0.00193	0.00779	0.00581	0.00319	0.01010
5	0.35654	0.01405	0.01421	0.01140	0.01604	0.01519	0.00941	0.25879	0.01944	0.20373	0.01520	0.01498	0.01053	0.00708	0.00544	0.00198	0.00584	0.00502	0.00581	0.00933
6	0.01607	0.01388	0.01461	0.01315	0.01680	0.01607	0.01023	0.03433	0.72094	0.02703	0.02630	0.02411	0.01972	0.00877	0.00657	0.00219	0.00511	0.00731	0.00657	0.01023
7	0.00764	0.00655	0.00655	0.00655	0.00873	0.00545	0.00491	0.00927	0.01473	0.01745	0.06546	0.06218	0.73000	0.01636	0.00764	0.00218	0.00327	0.01364	0.00600	0.00545
8	0.01622	0.01592	0.02643	0.03846	0.68352	0.03840	0.04592	0.02005	0.01485	0.02093	0.01212	0.01591	0.01016	0.00577	0.00643	0.00192	0.00792	0.00578	0.00321	0.01009
9	0.01220	0.01148	0.01938	0.75739	0.04450	0.01436	0.01794	0.01651	0.01292	0.01651	0.01148	0.01723	0.00861	0.00646	0.00646	0.00215	0.00861	0.00574	0.00287	0.00718
10	0.00787	0.00562	0.00750	0.00900	0.00937	0.00525	0.00600	0.00900	0.01237	0.01649	0.03561	0.76871	0.04274	0.02024	0.00825	0.00262	0.00375	0.01837	0.00600	0.00525
11	0.01525	0.01743	0.03813	0.02723	0.03377	0.01634	0.70915	0.02070	0.01525	0.02070	0.01307	0.01743	0.00980	0.00545	0.00763	0.00218	0.01089	0.00763	0.00327	0.00871
12	0.01041	0.00744	0.01041	0.01190	0.01339	0.00744	0.01041	0.01339	0.01487	0.01934	0.03421	0.07288	0.03719	0.01785	0.00892	0.00297	0.00595	0.68913	0.00595	0.00595
13	0.00923	0.00692	0.01038	0.01038	0.01154	0.00808	0.00808	0.01154	0.01038	0.01500	0.01731	0.02538	0.01615	0.04846	0.74732	0.01038	0.01731	0.00692	0.00346	0.00577
14	0.01220	0.01148	0.01938	0.75739	0.04450	0.01436	0.01794	0.01651	0.01292	0.01651	0.01148	0.01723	0.00861	0.00646	0.00646	0.00215	0.00861	0.00574	0.00287	0.00718
15	0.02341	0.02936	0.01823	0.01722	0.04824	0.69328	0.01252	0.02521	0.01801	0.01630	0.01044	0.01223	0.00867	0.00665	0.00581	0.00167	0.01121	0.00429	0.02970	0.00755
16	0.01206	0.00958	0.01416	0.01165	0.01341	0.00958	0.13733	0.08397	0.01266	0.01697	0.01849	0.03485	0.01963	0.54967	0.02541	0.00505	0.00722	0.00869	0.00406	0.00555
17	0.01599	0.01535	0.02623	0.03966	0.73262	0.01535	0.01983	0.01983	0.01471	0.02111	0.01215	0.01599	0.01023	0.00576	0.00640	0.00192	0.00768	0.00576	0.00320	0.01023
18	0.02461	0.01113	0.01455	0.01095	0.01616	0.00925	0.00898	0.02721	0.01706	0.53587	0.02155	0.01958	0.01419	0.00709	0.00602	0.00171	0.00530	0.00575	0.00683	0.23622
19	0.01599	0.01535	0.02623	0.03966	0.73262	0.01535	0.01983	0.01983	0.01471	0.02111	0.01215	0.01599	0.01023	0.00576	0.00640	0.00192	0.00768	0.00576	0.00320	0.01023
20	0.01220	0.01148	0.01938	0.75739	0.04450	0.01436	0.01794	0.01651	0.01292	0.01651	0.01148	0.01723	0.00861	0.00646	0.00646	0.00215	0.00861	0.00574	0.00287	0.00718
21	0.01969	0.51464	0.02839	0.01302	0.01778	0.27909	0.01156	0.02162	0.01495	0.01542	0.00934	0.01082	0.00830	0.00593	0.00474	0.00148	0.00858	0.00370	0.00296	0.00801
22	0.01371	0.01302	0.02211	0.47169	0.31842	0.01475	0.01869	0.01783	0.01363	0.01834	0.01175	0.01674	0.00926	0.00618	0.00643	0.00206	0.00824	0.00575	0.00300	0.00839
23	0.01507	0.01236	0.01522	0.10372	0.10001	0.03070	0.01122	0.09386	0.23617	0.05367	0.15767	0.05906	0.06424	0.00971	0.00684	0.00210	0.00565	0.00833	0.00576	0.00865
24	0.81856	0.01250	0.00950	0.00850	0.01250	0.01449	0.00700	0.01899	0.01100	0.02899	0.00900	0.01050	0.00700	0.00600	0.00400	0.00200	0.00500	0.00350	0.00400	0.00700
25	0.01559	0.01717	0.09322	0.03592	0.58484	0.01554	0.08000	0.01983	0.01451	0.02085	0.01207	0.01584	0.00995	0.00593	0.00693	0.00198	0.03090	0.00583	0.00315	0.00994
26	0.00764	0.00655	0.00655	0.00655	0.00873	0.00545	0.00491	0.00927	0.01473	0.01745	0.06546	0.06218	0.73000	0.01636	0.00764	0.00218	0.00327	0.01364	0.00600	0.00545
27	0.00778	0.00616	0.00701	0.00762	0.00903	0.00539	0.00540	0.00925	0.01385	0.01731	0.07295	0.35855	0.42111	0.01790	0.00789	0.00236	0.00347	0.01557	0.00603	0.00539
28	0.01877	0.01517	0.01728	0.01664	0.10375	0.01692	0.01185	0.26058	0.37396	0.03083	0.02074	0.02022	0.01550	0.00801	0.00643	0.00205	0.00601	0.00656	0.03841	0.01032
29	0.01441	0.01237	0.04399	0.01007	0.01592	0.00894	0.00846	0.01745	0.01375	0.06840	0.01242	0.01398	0.00994	0.00505	0.00496	0.00107	0.00503	0.00404	0.00406	0.72569
30	0.02899	0.01100	0.01499	0.01150	0.01649	0.00950	0.00950	0.03149	0.01849	0.73709	0.02549	0.02199	0.01599	0.00800	0.00650	0.00200	0.00550	0.00650	0.00800	0.01100
31	0.01376	0.01170	0.01359	0.00974	0.01547	0.00899	0.00781	0.03899	0.01395	0.02170	0.01162	0.01347	0.00962	0.00488	0.00484	0.00099	0.00486	0.00389	0.00391	0.78622
32	0.00939	0.00629	0.00719	0.00719	0.00724	0.00634	0.00409	0.00949	0.00944	0.01263	0.02023	0.04157	0.02318	0.74250	0.06288	0.00644	0.00673	0.00929	0.00390	0.00399
33	0.01525	0.01743	0.03813	0.02723	0.03377	0.01634	0.70915	0.02070	0.01525	0.02070	0.01307	0.01743	0.00980	0.00545	0.00763	0.00218	0.01089	0.00763	0.00327	0.00871
34	0.78662	0.01272	0.00989	0.00875	0.01280	0.01472	0.00721	0.04684	0.01178	0.02946	0.00926	0.01070	0.00716	0.00607	0.00410	0.00200	0.00508	0.00359	0.00410	0.00716
35	0.01163	0.00750	0.01193	0.21543	0.03860	0.00829	0.00940	0.01096	0.00983	0.01295	0.01132	0.01887	0.01048	0.01758	0.01955	0.56647	0.00650	0.00565	0.00283	0.00422
36	0.01000	0.00841	0.01206	0.01220	0.03380	0.00938	0.03128	0.01173	0.01295	0.01811	0.14254	0.43013	0.03587	0.01612	0.01103	0.00254	0.17688	0.01363	0.00528	0.00607
37	0.01973	0.01389	0.01608	0.01335	0.06228	0.04153	0.01004	0.17582	0.01854	0.17344	0.01527	0.01575	0.01121	0.00625	0.00566	0.00148	0.00591	0.00496	0.00522	0.38359
38	0.02438	0.01719	0.01938	0.01477	0.01999	0.01857	0.03379	0.60314	0.02826	0.10740	0.01629	0.01614	0.01140	0.00762	0.00646	0.00192	0.00701	0.00588	0.00644	0.03396
39	0.81856	0.01250	0.00950	0.00850	0.01250	0.01449	0.00700	0.01899	0.01100	0.02899	0.00900	0.01050	0.00700	0.00600	0.00400	0.00200	0.00500	0.00350	0.00400	0.00700
40	0.01629	0.01399	0.01473	0.01319	0.01689	0.01617	0.01028	0.05188	0.70304	0.02738	0.02602	0.02388	0.01950	0.00874	0.00657	0.00218	0.00517	0.00727	0.00657	0.01025
41	0.01048	0.00851	0.01354	0.03276	0.01523	0.00819	0.10365	0.01383	0.01639	0.02233	0.34194	0.05252	0.06177	0.01373	0.00806	0.00240	0.00533	0.25692	0.00602	0.00641
42	0.02757	0.01327	0.01640	0.01258	0.01763	0.01288	0.01039	0.24935	0.02230	0.51385	0.02229	0.01992	0.01439	0.00792	0.00649	0.00198	0.00601	0.00628	0.00751	0.01099
43	0.01220	0.01148	0.01938	0.75739	0.04450	0.01436	0.01794	0.01651	0.01292	0.01651	0.01148	0.01723	0.00861	0.00646	0.00646	0.00215	0.00861	0.00574	0.00287	0.00718
44	0.00909	0.00660	0.00855	0.00807	0.00962	0.00607	0.00605	0.01208	0.01815	0.02558	0.70301	0.04881	0.08738	0.01333	0.00762	0.00204	0.00306	0.01176	0.00707	0.00607
45	0.01296	0.03342	0.73944	0.01842	0.02797	0.01501	0.02387	0.02046	0.01364	0.02046	0.01160	0.01364	0.00818	0.00614	0.00614	0.00205	0.00955	0.00477	0.00273	0.00955
46	0.01340	0.01148	0.01340	0.00957	0.01531	0.00861	0.00766	0.01627	0.01340	0.02105	0.01148	0.01340	0.00957	0.00479	0.00479	0.00096	0.00479	0.00383	0.00383	0.81242
47	0.02355	0.02237	0.01821	0.01524	0.01948	0.30858	0.01201	0.33029	0.10788	0.05665	0.01500	0.01526	0.01117	0.00745	0.00622	0.00186	0.00862	0.00536	0.00529	0.00950
48	0.01469	0.01417	0.02572	0.14512	0.02873	0.01314	0.32833	0.01896	0.01437	0.05018	0.01279	0.01624	0.00978	0.00551	0.00643	0.00176	0.00824	0.00599	0.00359	0.27624
49	0.01502	0.01436	0.02446	0.22442	0.55548	0.01510	0.01934	0.01897	0.01425	0.01992	0.01198	0.01631	0.00982	0.00594	0.00641	0.00198	0.00792	0.00575	0.00311	0.00945
50	0.01122	0.00561	0.00842	0.00842	0.00842	0.00561	0.00561	0.00842	0.00842	0.01122	0.01122	0.01964	0.01122	0.02245	0.02525	0.81201	0.00561	0.00561	0.00281	0.00281
51	0.00940	0.00626	0.00705	0.00705	0.00705	0.00626	0.00392	0.00940	0.00940	0.01253	0.02036	0.04228	0.02349	0.77292	0.03289	0.00626	0.00626	0.00940	0.00392	0.00392
52	0.49214	0.07621	0.05811	0.01073	0.01549	0.01601	0.00953	0.14751	0.01553	0.08947	0.01175	0.01257	0.00867	0.00646	0.00481	0.00194	0.00586	0.00425	0.00461	0.00833
53	0.02414	0.03079	0.01831	0.01665	0.01998	0.74698	0.01248	0.02580	0.01831	0.01581	0.00999	0.01165	0.00832	0.00666	0.00583	0.00166	0.01165	0.00416	0.00333	0.00749
54	0.02360	0.01762	0.01885	0.01467	0.01967	0.01959	0.01205	0.63424	0.10878	0.03917	0.01674	0.01649	0.01198	0.00787	0.00648	0.00197	0.00688	0.00599	0.00648	0.01090
55	0.01220	0.01148	0.01938	0.75739	0.04450	0.01436	0.01794	0.01651	0.01292	0.01651	0.01148	0.01723	0.00861	0.00646	0.00646	0.00215	0.00861	0.00574	0.00287	0.00718
56	0.00914	0.00660	0.00864	0.00813	0.00965	0.00610	0.00610	0.01219	0.01829	0.02591	0.72921	0.04827	0.06097	0.01321	0.00762	0.00203	0.00305	0.01169	0.00711	0.00610
57	0.00764	0.00655	0.00655	0.00655	0.00873	0.00545	0.00491	0.00927	0.01473	0.01745	0.06546	0.06218	0.73000	0.01636	0.00764	0.00218	0.00327	0.01364	0.00600	0.00545
58	0.18960	0.01682	0.01720	0.01349	0.01838	0.01877	0.01112	0.54835	0.04539	0.03790	0.01445	0.01471	0.01040	0.00742	0.00595	0.00196	0.00662	0.00538	0.00595	0.01014
59	0.01525	0.01743	0.03813	0.02723	0.03377	0.01634	0.70915	0.02070	0.01525	0.02070	0.01307	0.01743	0.00980	0.00545	0.00763	0.00218	0.01089	0.00763	0.00327	0.00871
60	0.02232	0.02415	0.01836	0.01701	0.06184	0.41747	0.01248	0.17516	0.14447	0.02349	0.01418	0.01494	0.01102	0.00721	0.00613	0.00183	0.00928	0.00517	0.00457	0.00889
61	0.02862	0.01160	0.01537	0.01178	0.01679	0.01039	0.00973	0.08902	0.01950	0.67814	0.02465	0.02144	0.01557	0.00798	0.00649	0.00199	0.00563	0.00644	0.00787	0.01100
62	0.00787	0.00562	0.00750	0.00900	0.00937	0.00525	0.00600	0.00900	0.01237	0.01649	0.03561	0.76871	0.04274	0.02024	0.00825	0.00262	0.00375	0.01837	0.00600	0.00525
63	0.01525	0.01743	0.03813	0.02723	0.03377	0.01634	0.70915	0.02070	0.01525	0.02070	0.01307	0.01743	0.00980	0.00545	0.00763	0.00218	0.01089	0.00763	0.00327	0.00871
64	0.01616	0.01575	0.02515	0.06780	0.64621	0.04478	0.01907	0.02051	0.04323	0.02094	0.01261	0.01620	0.01047	0.00594	0.00638	0.00193	0.00777	0.00575	0.00333	0.01000
65	0.00940	0.00626	0.00705	0.00705	0.00705	0.00626	0.00392	0.00940	0.00940	0.01253	0.02036	0.04228	0.02349	0.77292	0.03289	0.00626	0.00626	0.00940	0.00392	0.00392
66	0.01525	0.01743	0.03813	0.02723	0.03377	0.01634	0.70915	0.02070	0.01525	0.02070	0.01307	0.01743	0.00980	0.00545	0.00763	0.00218	0.01089	0.00763	0.00327	0.00871
67	0.01655	0.20547	0.31104	0.01663	0.06773	0.01819	0.01675	0.10948	0.11453	0.04358	0.01395	0.01495	0.01053	0.00659	0.00579	0.00188	0.00775	0.00506	0.00393	0.00961
68	0.01296	0.03342	0.73944	0.01842	0.02797	0.01501	0.02387	0.02046	0.01364	0.02046	0.01160	0.01364	0.00818	0.00614	0.00614	0.00205	0.00955	0.00477	0.00273	0.00955
69	0.00835	0.00616	0.00773	0.00880	0.00972	0.00572	0.00633	0.00980	0.01307	0.01687	0.04069	0.44944	0.18842	0.07454	0.01004	0.00285	0.00419	0.12611	0.00584	0.00531
70	0.81856	0.01250	0.00950	0.00850	0.01250	0.01449	0.00700	0.01899	0.01100	0.02899	0.00900	0.01050	0.00700	0.00600	0.00400	0.00200	0.00500	0.00350	0.00400	0.00700
71	0.02141	0.01436	0.04417	0.05435	0.33021	0.01353	0.01508	0.08655	0.03514	0.29246	0.01779	0.01838	0.01258	0.00690	0.00644	0.00197	0.00684	0.00605	0.00535	0.01044
72	0.02476	0.01006	0.01364	0.01078	0.01504	0.00877	0.00877	0.02738	0.01845	0.58548	0.17552	0.02759	0.02558	0.00911	0.00674	0.00201	0.00498	0.00760	0.00781	0.00995
73	0.01012	0.00755	0.01015	0.06022	0.03938	0.00725	0.00821	0.01297	0.01632	0.04153	0.34513	0.05260	0.18514	0.01402	0.00776	0.00228	0.00435	0.16251	0.00622	0.00629
74	0.01614	0.01533	0.02586	0.05729	0.69454	0.01546	0.01956	0.03962	0.01512	0.02156	0.01223	0.01601	0.01021	0.00583	0.00640	0.00193	0.00768	0.00576	0.00328	0.01018
75	0.02073	0.40101	0.02603	0.01387	0.01829	0.38898	0.01178	0.02260	0.01574	0.01551	0.00949	0.01101	0.00831	0.00610	0.00499	0.00152	0.00930	0.00381	0.00305	0.00789
76	0.01384	0.01175	0.01363	0.00978	0.01550	0.00906	0.00784	0.04370	0.01407	0.02183	0.01164	0.01348	0.00963	0.00490	0.00485	0.00100	0.00488	0.00391	0.00393	0.78079
77	0.00923	0.00692	0.01038	0.01038	0.01154	0.00808	0.00808	0.01154	0.01038	0.01500	0.01731	0.02538	0.01615	0.04846	0.74732	0.01038	0.01731	0.00692	0.00346	0.00577
78	0.01622	0.12523	0.03432	0.02633	0.14565	0.06345	0.45307	0.02068	0.01505	0.01968	0.01215	0.01583	0.00957	0.00559	0.00682	0.00199	0.00985	0.00651	0.00319	0.00883
79	0.00914	0.00662	0.00862	0.00818	0.00972	0.00611	0.00617	0.01214	0.01811	0.02553	0.69472	0.04923	0.07824	0.01341	0.00765	0.00206	0.00312	0.02809	0.00705	0.00608
80	0.00834	0.00657	0.00752	0.00728	0.00916	0.00575	0.00546	0.01063	0.01638	0.02139	0.37419	0.05571	0.41881	0.01490	0.00763	0.00211	0.00317	0.01273	0.00652	0.00575
81	0.01041	0.00744	0.01041	0.01190	0.01339	0.00744	0.01041	0.01339	0.01487	0.01934	0.03421	0.07288	0.03719	0.01785	0.00892	0.00297	0.00595	0.68913	0.00595	0.00595
82	0.01599	0.01535	0.02623	0.03966	0.73262	0.01535	0.01983	0.01983	0.01471	0.02111	0.01215	0.01599	0.01023	0.00576	0.00640	0.00192	0.00768	0.00576	0.00320	0.01023
83	0.01493	0.01243	0.01550	0.01119	0.01691	0.01014	0.05139	0.07923	0.01517	0.04206	0.01232	0.01407	0.00988	0.00518	0.00516	0.00115	0.00539	0.00431	0.00414	0.66944
84	0.01786	0.01477	0.01562	0.01351	0.01748	0.01691	0.01066	0.17660	0.57577	0.02991	0.02403	0.02230	0.01789	0.00855	0.00655	0.00214	0.00553	0.00699	0.00655	0.01039
85	0.01718	0.01897	0.02770	0.04951	0.14370	0.16174	0.31799	0.02368	0.13217	0.02069	0.01444	0.01714	0.01118	0.00632	0.00685	0.00203	0.00948	0.00651	0.00380	0.00892
86	0.00787	0.00562	0.00750	0.00900	0.00937	0.00525	0.00600	0.00900	0.01237	0.01649	0.03561	0.76871	0.04274	0.02024	0.00825	0.00262	0.00375	0.01837	0.00600	0.00525
87	0.01340	0.01148	0.01340	0.00957	0.01531	0.00861	0.00766	0.01627	0.01340	0.02105	0.01148	0.01340	0.00957	0.00479	0.00479	0.00096	0.00479	0.00383	0.00383	0.81242
88	0.00822	0.00657	0.00735	0.00716	0.00909	0.00570	0.00537	0.01040	0.01611	0.02073	0.32216	0.05680	0.47125	0.01514	0.00763	0.00212	0.00319	0.01288	0.00643	0.00570
89	0.01668	0.01418	0.01496	0.01327	0.01704	0.01636	0.01038	0.08321	0.67107	0.02802	0.02552	0.02349	0.01909	0.00869	0.00657	0.00217	0.00526	0.00720	0.00657	0.01028
90	0.00787	0.00562	0.00750	0.00900	0.00937	0.00525	0.00600	0.00900	0.01237	0.01649	0.03561	0.76871	0.04274	0.02024	0.00825	0.00262	0.00375	0.01837	0.00600	0.00525
91	0.00786	0.00566	0.00746	0.00890	0.00935	0.00526	0.00596	0.00901	0.01246	0.01653	0.03675	0.74172	0.06898	0.02009	0.00822	0.00261	0.00373	0.01819	0.00600	0.00526
92	0.02111	0.02651	0.04791	0.01984	0.02438	0.48341	0.22216	0.04303	0.01757	0.01812	0.01112	0.01356	0.00884	0.00631	0.00639	0.00184	0.01123	0.00527	0.00338	0.00802
93	0.01348	0.02980	0.58039	0.02042	0.02928	0.01531	0.17929	0.02052	0.01401	0.02052	0.01193	0.01450	0.00855	0.00598	0.00648	0.00208	0.00985	0.00542	0.00285	0.00936
94	0.01789	0.01483	0.02266	0.06121	0.47194	0.01529	0.01676	0.08795	0.11129	0.09203	0.01562	0.01766	0.01206	0.00659	0.00644	0.00198	0.00711	0.00604	0.00440	0.01025
95	0.02803	0.01253	0.01594	0.01222	0.01726	0.01177	0.01010	0.17818	0.02106	0.58678	0.02334	0.02059	0.01491	0.00795	0.00649	0.00199	0.00585	0.00635	0.00767	0.01099
96	0.01652	0.01366	0.02289	0.09118	0.48753	0.01362	0.04229	0.02021	0.01542	0.10848	0.08899	0.02026	0.01611	0.00686	0.00659	0.00197	0.00712	0.00654	0.00417	0.00959
97	0.01690	0.01898	0.01746	0.01549	0.01722	0.29905	0.03466	0.01866	0.01341	0.01559	0.01143	0.01662	0.01057	0.04728	0.15762	0.00397	0.26946	0.00554	0.00320	0.00690
98	0.02277	0.01473	0.07015	0.01711	0.05679	0.01275	0.16440	0.05546	0.08830	0.39643	0.02084	0.02008	0.01399	0.00727	0.00672	0.00205	0.00709	0.00664	0.00616	0.01028
99	0.01242	0.01170	0.01977	0.71662	0.08359	0.01441	0.01805	0.01670	0.01302	0.01677	0.01152	0.01716	0.00871	0.00642	0.00646	0.00214	0.00856	0.00574	0.00289	0.00735
100	0.00914	0.00660	0.00864	0.00813	0.00965	0.00610	0.00610	0.01219	0.01829	0.02591	0.72921	0.04827	0.06097	0.01321	0.00762	0.00203	0.00305	0.01169	0.00711	0.00610
101	0.01414	0.01414	0.01979	0.01696	0.01696	0.01979	0.01414	0.01555	0.00990	0.01555	0.00848	0.01414	0.00848	0.01131	0.02120	0.00283	0.76110	0.00565	0.00283	0.00707
102	0.00783	0.00580	0.00731	0.00852	0.00925	0.00529	0.00579	0.00905	0.01283	0.01668	0.04140	0.63157	0.17613	0.01949	0.00813	0.00254	0.00366	0.01745	0.00600	0.00529
103	0.00820	0.00596	0.00778	0.00916	0.00967	0.00568	0.00617	0.01002	0.04091	0.01692	0.03524	0.73871	0.04181	0.01978	0.00818	0.00261	0.00380	0.01792	0.00602	0.00545
104	0.01653	0.64847	0.15567	0.01233	0.01855	0.02374	0.01327	0.01954	0.01322	0.01611	0.00943	0.01093	0.00827	0.00563	0.00449	0.00150	0.00737	0.00368	0.00276	0.00851
105	0.01576	0.01361	0.01431	0.01291	0.01651	0.01568	0.01003	0.03341	0.69501	0.02668	0.02774	0.02551	0.04581	0.00905	0.00661	0.00219	0.00505	0.00754	0.00655	0.01005
106	0.01318	0.03190	0.67271	0.01926	0.02852	0.01513	0.08908	0.02048	0.01379	0.02048	0.01174	0.01400	0.00834	0.00607	0.00628	0.00206	0.00968	0.00505	0.00278	0.00947
107	0.08191	0.01747	0.01796	0.01398	0.01898	0.04527	0.01145	0.55361	0.05443	0.03686	0.01494	0.01517	0.01083	0.00739	0.00613	0.00187	0.00686	0.00549	0.00596	0.07343
108	0.00937	0.00636	0.00754	0.00754	0.00771	0.00653	0.00453	0.00971	0.00954	0.01289	0.01991	0.03981	0.02241	0.66670	0.13764	0.00687	0.00788	0.00903	0.00385	0.00419
109	0.01547	0.37427	0.36367	0.01519	0.02262	0.02010	0.04068	0.04633	0.01410	0.01882	0.01059	0.01233	0.00840	0.00590	0.00528	0.00174	0.00829	0.00430	0.00291	0.00900
110	0.02177	0.01735	0.01999	0.05876	0.15117	0.06089	0.01369	0.42275	0.08386	0.06127	0.01567	0.01645	0.01151	0.00735	0.00642	0.00195	0.00733	0.00586	0.00556	0.01038
111	0.01206	0.00966	0.01115	0.01024	0.01266	0.01029	0.00783	0.02150	0.31363	0.02638	0.43376	0.03811	0.04363	0.01134	0.00718	0.00210	0.00392	0.00984	0.00689	0.00783
112	0.00940	0.00626	0.00705	0.00705	0.00705	0.00626	0.00392	0.00940	0.00940	0.01253	0.02036	0.04228	0.02349	0.77292	0.03289	0.00626	0.00626	0.00940	0.00392	0.00392
113	0.81856	0.01250	0.00950	0.00850	0.01250	0.01449	0.00700	0.01899	0.01100	0.02899	0.00900	0.01050	0.00700	0.00600	0.00400	0.00200	0.00500	0.00350	0.00400	0.00700
114	0.01437	0.01197	0.01515	0.01360	0.10950	0.00953	0.00933	0.01735	0.01378	0.04987	0.01214	0.01408	0.00992	0.00504	0.00507	0.00113	0.00519	0.00419	0.00391	0.67489
115	0.01599	0.01535	0.02623	0.03966	0.73262	0.01535	0.01983	0.01983	0.01471	0.02111	0.01215	0.01599	0.01023	0.00576	0.00640	0.00192	0.00768	0.00576	0.00320	0.01023
116	0.01616	0.01526	0.02537	0.06814	0.65749	0.01551	0.01921	0.04648	0.03400	0.02182	0.01263	0.01624	0.01045	0.00594	0.00641	0.00194	0.00763	0.00580	0.00340	0.01013
117	0.01469	0.01480	0.02248	0.01848	0.05150	0.07983	0.27375	0.07336	0.09282	0.02165	0.04551	0.14281	0.09893	0.00993	0.00730	0.00217	0.00767	0.00956	0.00474	0.00801
118	0.01220	0.01148	0.01938	0.75739	0.04450	0.01436	0.01794	0.01651	0.01292	0.01651	0.01148	0.01723	0.00861	0.00646	0.00646	0.00215	0.00861	0.00574	0.00287	0.00718
119	0.01599	0.01535	0.02623	0.03966	0.73262	0.01535	0.01983	0.01983	0.01471	0.02111	0.01215	0.01599	0.01023	0.00576	0.00640	0.00192	0.00768	0.00576	0.00320	0.01023
120	0.01285	0.01215	0.02055	0.63427	0.16254	0.01453	0.01827	0.01708	0.01323	0.01730	0.01160	0.01701	0.00889	0.00634	0.00645	0.00211	0.00845	0.00574	0.00293	0.00770
121	0.01223	0.01015	0.01209	0.00917	0.01376	0.00792	0.00723	0.01515	0.01474	0.02239	0.20842	0.02297	0.02367	0.00710	0.00556	0.00125	0.00431	0.00598	0.00473	0.59117
122	0.02315	0.02622	0.01772	0.01565	0.01924	0.53950	0.01195	0.12572	0.06811	0.04076	0.04254	0.01489	0.01191	0.00727	0.00606	0.00177	0.01001	0.00500	0.00430	0.00823
123	0.00784	0.00573	0.00739	0.00871	0.00930	0.00527	0.00587	0.00903	0.01265	0.01661	0.03910	0.68607	0.12312	0.01979	0.00818	0.00257	0.00369	0.01782	0.00600	0.00527
124	0.01845	0.01445	0.02149	0.05845	0.40244	0.01482	0.01572	0.08333	0.13309	0.12933	0.01671	0.01817	0.01263	0.00676	0.00641	0.00197	0.00686	0.00608	0.00475	0.02808
125	0.00963	0.00705	0.00854	0.00815	0.00967	0.00677	0.00594	0.01322	0.06891	0.02310	0.47196	0.06784	0.11564	0.11060	0.01068	0.00260	0.00366	0.01123	0.03878	0.00603

[dist]
# distance from previous block
# <min> <max>
0	1

[block]
# block no. 3 follows, 34 sequences, length 21
# corresponding to MSA columns:
# 186-206
name=unknown_D
#
# <colnr> <probs for GDERKNQSTAVLIFYWHMCP>
#	G	D	E	R	K	N	Q	S	T	A	V	L	I	F	Y	W	H	M	C	P
0	0.04807	0.01588	0.02019	0.29056	0.20315	0.10072	0.01583	0.12984	0.05397	0.04094	0.01315	0.01623	0.01006	0.00666	0.00628	0.00200	0.00810	0.00559	0.00394	0.00882
1	0.11042	0.49186	0.02702	0.01177	0.01686	0.06145	0.01083	0.13200	0.04866	0.02148	0.01089	0.01191	0.00911	0.00615	0.00471	0.00160	0.00689	0.00406	0.00371	0.00863
2	0.00916	0.01129	0.14833	0.01096	0.01337	0.00774	0.00981	0.01184	0.01250	0.01731	0.05249	0.41639	0.05875	0.02300	0.16126	0.00409	0.00763	0.01297	0.00488	0.00622
3	0.01581	0.32243	0.34111	0.01525	0.02238	0.04068	0.03804	0.05528	0.05706	0.01967	0.01165	0.01314	0.00911	0.00613	0.00544	0.00178	0.00823	0.00453	0.00319	0.00908
4	0.03870	0.19756	0.31769	0.01624	0.02247	0.04785	0.05397	0.06690	0.03591	0.02021	0.01121	0.01344	0.00885	0.00690	0.00786	0.00199	0.11538	0.00484	0.00321	0.00883
5	0.00821	0.00580	0.00755	0.00883	0.00919	0.00549	0.00587	0.00924	0.01203	0.01602	0.03327	0.63039	0.03962	0.13295	0.01197	0.00318	0.00422	0.04541	0.00568	0.00508
6	0.01976	0.01612	0.02096	0.01627	0.02096	0.01750	0.13885	0.37380	0.16796	0.03236	0.04746	0.01925	0.01479	0.00787	0.00711	0.00205	0.02890	0.00670	0.03139	0.00994
7	0.01518	0.01954	0.17373	0.09936	0.31333	0.04909	0.10692	0.02074	0.06011	0.02032	0.01271	0.01604	0.01003	0.00640	0.00728	0.00206	0.04877	0.00581	0.00328	0.00931
8	0.01552	0.00998	0.01266	0.05169	0.04739	0.02206	0.00918	0.06595	0.06726	0.17862	0.10322	0.21251	0.10496	0.01271	0.00772	0.00224	0.02998	0.03235	0.00618	0.00783
9	0.02119	0.00928	0.01244	0.01013	0.01379	0.00815	0.00813	0.02385	0.01829	0.45909	0.27741	0.03273	0.05661	0.01014	0.00694	0.00202	0.00455	0.00859	0.00761	0.00906
10	0.01506	0.08701	0.41844	0.01733	0.06577	0.09304	0.01826	0.02156	0.07155	0.04314	0.05293	0.01787	0.03616	0.00711	0.00614	0.00196	0.00841	0.00558	0.00364	0.00905
11	0.01669	0.09448	0.35043	0.01870	0.11474	0.01599	0.01786	0.11630	0.05921	0.08183	0.04272	0.01659	0.01229	0.00685	0.00615	0.00196	0.00787	0.00549	0.00414	0.00974
12	0.01868	0.01723	0.06477	0.03804	0.17612	0.07956	0.09852	0.18682	0.04353	0.08297	0.04178	0.04166	0.01478	0.00798	0.00709	0.00206	0.02645	0.03777	0.00481	0.00937
13	0.02106	0.01739	0.09909	0.01437	0.01918	0.09144	0.05161	0.18324	0.06041	0.22205	0.05692	0.02264	0.05098	0.00853	0.00713	0.00204	0.03308	0.02350	0.00583	0.00950
14	0.03798	0.13064	0.60397	0.01739	0.02616	0.01643	0.04128	0.02028	0.01354	0.02003	0.01121	0.01322	0.00821	0.00603	0.00585	0.00196	0.00910	0.00464	0.00279	0.00928
15	0.01700	0.01606	0.09237	0.05369	0.15625	0.03042	0.09056	0.11745	0.13633	0.09013	0.07059	0.06545	0.01780	0.00822	0.00675	0.00207	0.00706	0.00736	0.00506	0.00936
16	0.00923	0.00692	0.01038	0.01038	0.01154	0.00808	0.00808	0.01154	0.01038	0.01500	0.01731	0.02538	0.01615	0.04846	0.74732	0.01038	0.01731	0.00692	0.00346	0.00577
17	0.04972	0.38373	0.02592	0.01528	0.09068	0.12749	0.01199	0.12841	0.05180	0.02104	0.01286	0.01402	0.02902	0.00654	0.00519	0.00165	0.00745	0.00463	0.00379	0.00876
18	0.06035	0.18528	0.18456	0.01948	0.16415	0.12880	0.01558	0.08317	0.01588	0.03562	0.01238	0.04414	0.01041	0.00676	0.00572	0.00183	0.00814	0.00521	0.00357	0.00895
19	0.06949	0.15599	0.34790	0.01727	0.08297	0.04559	0.01728	0.03593	0.11204	0.03747	0.01338	0.01466	0.01013	0.00645	0.00573	0.00192	0.00795	0.00493	0.00361	0.00929
20	0.01664	0.01839	0.08704	0.03284	0.53094	0.09816	0.01845	0.04508	0.01575	0.02138	0.04481	0.01675	0.01219	0.00631	0.00637	0.00191	0.00806	0.00576	0.00347	0.00970

[dist]
# distance from previous block
# <min> <max>
0	3

[block]
# block no. 4 follows, 34 sequences, length 192
# corresponding to MSA columns:
# 210-229,289-460
name=unknown_E
#
# <colnr> <probs for GDERKNQSTAVLIFYWHMCP>
#	G	D	E	R	K	N	Q	S	T	A	V	L	I	F	Y	W	H	M	C	P
0	0.01727	0.77681	0.03386	0.01106	0.01658	0.02557	0.01106	0.01935	0.01313	0.01520	0.00898	0.01036	0.00829	0.00553	0.00415	0.00138	0.00691	0.00345	0.00276	0.00829
1	0.01222	0.00990	0.01293	0.12411	0.01716	0.01132	0.00961	0.09078	0.05703	0.02063	0.14604	0.04951	0.07831	0.13096	0.10871	0.00389	0.09687	0.00851	0.00478	0.00672
2	0.01832	0.66355	0.03150	0.01190	0.01710	0.13509	0.01127	0.02033	0.01392	0.01529	0.00914	0.01056	0.00830	0.00570	0.00440	0.00142	0.00763	0.00356	0.00285	0.00817
3	0.00893	0.00703	0.00980	0.05078	0.07559	0.00677	0.00786	0.01069	0.01329	0.01756	0.06776	0.50748	0.13466	0.01729	0.00790	0.00246	0.00433	0.03830	0.00563	0.00588
4	0.00892	0.00888	0.07048	0.00843	0.01088	0.00662	0.00718	0.01182	0.01658	0.02233	0.42294	0.05043	0.30317	0.01377	0.00750	0.00209	0.00369	0.01181	0.00633	0.00616
5	0.01310	0.01232	0.02076	0.52528	0.23175	0.01424	0.01791	0.01722	0.01366	0.01821	0.04529	0.01834	0.01151	0.00658	0.00650	0.00208	0.00810	0.00602	0.00316	0.00797
6	0.01415	0.21920	0.41681	0.01480	0.02258	0.01645	0.01742	0.01936	0.01346	0.01923	0.01091	0.01276	0.00848	0.00572	0.00536	0.00166	0.00794	0.00425	0.00295	0.16650
7	0.01780	0.69442	0.03178	0.01123	0.01654	0.04712	0.01094	0.01989	0.01346	0.04904	0.01004	0.01140	0.00889	0.00696	0.02642	0.00169	0.00730	0.00372	0.00305	0.00832
8	0.19835	0.07951	0.07914	0.01192	0.01621	0.01530	0.01037	0.04233	0.32843	0.02510	0.01936	0.07809	0.01598	0.00834	0.00579	0.00204	0.00556	0.00657	0.00514	0.04647
9	0.78102	0.04830	0.01064	0.00862	0.01269	0.01501	0.00719	0.01901	0.01110	0.02834	0.00900	0.01049	0.00706	0.00598	0.00401	0.00197	0.00509	0.00350	0.00394	0.00706
10	0.01029	0.01478	0.22451	0.01124	0.01530	0.00898	0.01148	0.01488	0.03708	0.02265	0.35558	0.04073	0.15198	0.01172	0.00722	0.00211	0.00520	0.04157	0.00557	0.00713
11	0.01459	0.01369	0.02326	0.26122	0.48487	0.01459	0.01858	0.01826	0.01386	0.01922	0.01190	0.01655	0.00978	0.00676	0.00730	0.03995	0.00787	0.00575	0.00308	0.00894
12	0.01726	0.42409	0.10217	0.01606	0.12197	0.05379	0.01320	0.02026	0.01454	0.07810	0.07143	0.01574	0.01362	0.00653	0.00525	0.00165	0.00708	0.00491	0.00365	0.00871
13	0.08491	0.01063	0.01398	0.01202	0.03613	0.00979	0.02791	0.05425	0.01665	0.37447	0.04599	0.13646	0.02078	0.00997	0.00661	0.00206	0.00536	0.04531	0.00653	0.08019
14	0.01488	0.01267	0.02250	0.01731	0.04086	0.01153	0.28560	0.03744	0.01656	0.09600	0.22029	0.02604	0.02517	0.00791	0.00699	0.00191	0.00692	0.00797	0.00503	0.13643
15	0.01236	0.01165	0.01967	0.72720	0.07345	0.01440	0.01802	0.01665	0.01300	0.01670	0.01151	0.01717	0.00868	0.00643	0.00646	0.00214	0.00857	0.00574	0.00288	0.00731
16	0.01644	0.63274	0.17061	0.01248	0.01879	0.02352	0.01354	0.01956	0.01323	0.01622	0.00949	0.01100	0.00827	0.00565	0.00453	0.00151	0.00742	0.00371	0.00276	0.00854
17	0.01116	0.00565	0.00848	0.00848	0.00851	0.00568	0.00568	0.00851	0.00848	0.01133	0.01140	0.01981	0.01137	0.02321	0.04651	0.78841	0.00596	0.00565	0.00283	0.00289
18	0.00847	0.00658	0.00770	0.00742	0.00924	0.00581	0.00556	0.01089	0.01669	0.02212	0.43189	0.05450	0.36065	0.01462	0.00763	0.00210	0.00315	0.01256	0.00661	0.00581
19	0.01006	0.00703	0.00925	0.01022	0.01119	0.00703	0.00816	0.01200	0.01298	0.01698	0.02941	0.06227	0.03244	0.27964	0.01723	0.00412	0.00606	0.45345	0.00524	0.00524
20	0.29132	0.04454	0.01432	0.01095	0.01543	0.03337	0.00906	0.10279	0.01674	0.33840	0.01735	0.01679	0.01189	0.00899	0.03906	0.00234	0.00628	0.00524	0.00593	0.00921
21	0.02899	0.01100	0.01499	0.01150	0.01649	0.00950	0.00950	0.03149	0.01849	0.73709	0.02549	0.02199	0.01599	0.00800	0.00650	0.00200	0.00550	0.00650	0.00800	0.01100
22	0.81856	0.01250	0.00950	0.00850	0.01250	0.01449	0.00700	0.01899	0.01100	0.02899	0.00900	0.01050	0.00700	0.00600	0.00400	0.00200	0.00500	0.00350	0.00400	0.00700
23	0.03827	0.01609	0.03403	0.02484	0.03069	0.01520	0.60886	0.01967	0.01500	0.02069	0.01540	0.04706	0.01302	0.00695	0.00764	0.00225	0.01008	0.06233	0.00360	0.00833
24	0.02456	0.01810	0.01939	0.01487	0.02004	0.02004	0.01228	0.71107	0.03038	0.04072	0.01551	0.01551	0.01099	0.00776	0.00646	0.00194	0.00711	0.00582	0.00646	0.01099
25	0.01463	0.01396	0.02377	0.29753	0.48539	0.01499	0.01915	0.01864	0.01407	0.01946	0.01191	0.01644	0.00965	0.00601	0.00642	0.00200	0.00801	0.00575	0.00308	0.00914
26	0.01220	0.01148	0.01938	0.75739	0.04450	0.01436	0.01794	0.01651	0.01292	0.01651	0.01148	0.01723	0.00861	0.00646	0.00646	0.00215	0.00861	0.00574	0.00287	0.00718
27	0.00770	0.00655	0.00664	0.00662	0.00877	0.00548	0.00496	0.00941	0.01489	0.01784	0.09549	0.06155	0.69973	0.01622	0.00764	0.00218	0.00326	0.01355	0.00605	0.00548
28	0.01122	0.00561	0.00842	0.00842	0.00842	0.00561	0.00561	0.00842	0.00842	0.01122	0.01122	0.01964	0.01122	0.02245	0.02525	0.81201	0.00561	0.00561	0.00281	0.00281
29	0.02414	0.03079	0.01831	0.01665	0.01998	0.74698	0.01248	0.02580	0.01831	0.01581	0.00999	0.01165	0.00832	0.00666	0.00583	0.00166	0.01165	0.00416	0.00333	0.00749
30	0.01296	0.03342	0.73944	0.01842	0.02797	0.01501	0.02387	0.02046	0.01364	0.02046	0.01160	0.01364	0.00818	0.00614	0.00614	0.00205	0.00955	0.00477	0.00273	0.00955
31	0.00787	0.00562	0.00750	0.00900	0.00937	0.00525	0.00600	0.00900	0.01237	0.01649	0.03561	0.76871	0.04274	0.02024	0.00825	0.00262	0.00375	0.01837	0.00600	0.00525
32	0.01091	0.00935	0.01345	0.01249	0.01320	0.01199	0.00997	0.01282	0.01018	0.01508	0.01443	0.02226	0.01385	0.06627	0.46972	0.00763	0.27041	0.00659	0.00326	0.00613
33	0.01599	0.01535	0.02623	0.03966	0.73262	0.01535	0.01983	0.01983	0.01471	0.02111	0.01215	0.01599	0.01023	0.00576	0.00640	0.00192	0.00768	0.00576	0.00320	0.01023
34	0.00914	0.00660	0.00864	0.00813	0.00965	0.00610	0.00610	0.01219	0.01829	0.02591	0.72921	0.04827	0.06097	0.01321	0.00762	0.00203	0.00305	0.01169	0.00711	0.00610
35	0.00822	0.00657	0.00735	0.00716	0.00909	0.00570	0.00537	0.01040	0.01611	0.02073	0.32229	0.05680	0.47112	0.01514	0.00763	0.00212	0.00319	0.01288	0.00643	0.00570
36	0.01727	0.77681	0.03386	0.01106	0.01658	0.02557	0.01106	0.01935	0.01313	0.01520	0.00898	0.01036	0.00829	0.00553	0.00415	0.00138	0.00691	0.00345	0.00276	0.00829
37	0.02524	0.01701	0.01872	0.01435	0.01949	0.01842	0.01185	0.60676	0.02855	0.14761	0.01704	0.01651	0.01176	0.00779	0.00647	0.00195	0.00686	0.00592	0.00670	0.01099
38	0.02506	0.01729	0.01889	0.01448	0.01964	0.01884	0.01197	0.63407	0.02903	0.11962	0.01664	0.01625	0.01156	0.00778	0.00647	0.00195	0.00693	0.00589	0.00664	0.01099
39	0.01727	0.77681	0.03386	0.01106	0.01658	0.02557	0.01106	0.01935	0.01313	0.01520	0.00898	0.01036	0.00829	0.00553	0.00415	0.00138	0.00691	0.00345	0.00276	0.00829
40	0.00904	0.00660	0.00849	0.00802	0.00959	0.00605	0.00601	0.01199	0.01804	0.02532	0.68313	0.04923	0.10741	0.01343	0.00762	0.00204	0.00306	0.01182	0.00704	0.00605
41	0.00812	0.00602	0.00758	0.00834	0.00931	0.00548	0.00581	0.00978	0.01417	0.01883	0.19989	0.47056	0.17663	0.01790	0.00799	0.00241	0.00350	0.01595	0.00625	0.00548
42	0.00786	0.00566	0.00746	0.00889	0.00934	0.00526	0.00595	0.00901	0.01247	0.01653	0.03685	0.73930	0.07134	0.02008	0.00822	0.00261	0.00373	0.01817	0.00600	0.00526
43	0.01496	0.01671	0.03378	0.02472	0.03050	0.04558	0.59332	0.01995	0.01549	0.02062	0.04701	0.02295	0.01421	0.00683	0.00765	0.00221	0.01018	0.06134	0.00366	0.00833
44	0.00902	0.00660	0.00846	0.00799	0.00957	0.00604	0.00599	0.01194	0.01798	0.02518	0.67222	0.04946	0.11841	0.01348	0.00762	0.00205	0.00307	0.01185	0.00702	0.00604
45	0.00787	0.00562	0.00750	0.00900	0.00937	0.00525	0.00600	0.00900	0.01237	0.01649	0.03561	0.76871	0.04274	0.02024	0.00825	0.00262	0.00375	0.01837	0.00600	0.00525
46	0.01727	0.77681	0.03386	0.01106	0.01658	0.02557	0.01106	0.01935	0.01313	0.01520	0.00898	0.01036	0.00829	0.00553	0.00415	0.00138	0.00691	0.00345	0.00276	0.00829
47	0.02899	0.01100	0.01499	0.01150	0.01649	0.00950	0.00950	0.03149	0.01849	0.73709	0.02549	0.02199	0.01599	0.00800	0.00650	0.00200	0.00550	0.00650	0.00800	0.01100
48	0.01220	0.01148	0.01938	0.75739	0.04450	0.01436	0.01794	0.01651	0.01292	0.01651	0.01148	0.01723	0.00861	0.00646	0.00646	0.00215	0.00861	0.00574	0.00287	0.00718
49	0.01727	0.77681	0.03386	0.01106	0.01658	0.02557	0.01106	0.01935	0.01313	0.01520	0.00898	0.01036	0.00829	0.00553	0.00415	0.00138	0.00691	0.00345	0.00276	0.00829
50	0.01340	0.01148	0.01340	0.00957	0.01531	0.00861	0.00766	0.01627	0.01340	0.02105	0.01148	0.01340	0.00957	0.00479	0.00479	0.00096	0.00479	0.00383	0.00383	0.81242
51	0.01087	0.00896	0.01132	0.01201	0.01366	0.05458	0.03851	0.01345	0.01463	0.01854	0.03370	0.19631	0.07185	0.01699	0.00848	0.00275	0.00597	0.45575	0.00568	0.00601
52	0.81856	0.01250	0.00950	0.00850	0.01250	0.01449	0.00700	0.01899	0.01100	0.02899	0.00900	0.01050	0.00700	0.00600	0.00400	0.00200	0.00500	0.00350	0.00400	0.00700
53	0.01607	0.01388	0.01461	0.01315	0.01680	0.01607	0.01023	0.03433	0.72094	0.02703	0.02630	0.02411	0.01972	0.00877	0.00657	0.00219	0.00511	0.00731	0.00657	0.01023
54	0.01220	0.01148	0.01938	0.75739	0.04450	0.01436	0.01794	0.01651	0.01292	0.01651	0.01148	0.01723	0.00861	0.00646	0.00646	0.00215	0.00861	0.00574	0.00287	0.00718
