[name]
unknown

[dist]
# distance from previous block
# <min> <max>
0	16

[block]
# block no. 0 follows, 29 sequences, length 31
# corresponding to MSA columns:
# 16-46
name=unknown_A
#
# <colnr> <probs for GDERKNQSTAVLIFYWHMCP>
#	G	D	E	R	K	N	Q	S	T	A	V	L	I	F	Y	W	H	M	C	P
0	0.01097	0.00925	0.01264	0.10230	0.01720	0.01031	0.01032	0.01334	0.01482	0.01967	0.09946	0.21942	0.17416	0.01667	0.01121	0.00276	0.13112	0.11204	0.00568	0.00665
1	0.01150	0.00762	0.00976	0.01060	0.01175	0.00736	0.00739	0.04392	0.04358	0.06714	0.03703	0.63192	0.04240	0.02022	0.00879	0.00279	0.00450	0.01820	0.00681	0.00674
2	0.02077	0.01901	0.02245	0.04961	0.02402	0.11331	0.12605	0.24791	0.09509	0.02979	0.01736	0.05002	0.01392	0.00955	0.02859	0.00236	0.00892	0.00704	0.00540	0.10883
3	0.01835	0.01247	0.01603	0.01473	0.04819	0.01288	0.04007	0.17571	0.09560	0.12388	0.04293	0.23008	0.02597	0.04142	0.03956	0.02860	0.00677	0.01109	0.00655	0.00911
4	0.07795	0.01955	0.01921	0.04663	0.05332	0.12083	0.01280	0.35607	0.04994	0.03378	0.01806	0.01886	0.04572	0.00825	0.00671	0.00202	0.00795	0.00622	0.00578	0.09034
5	0.00970	0.00729	0.00789	0.00785	0.01007	0.00622	0.00582	0.01132	0.01601	0.04843	0.09104	0.12029	0.55762	0.01819	0.00938	0.04170	0.00387	0.01460	0.00658	0.00614
6	0.01786	0.01686	0.02577	0.18259	0.45868	0.04791	0.01992	0.08418	0.01763	0.02393	0.01473	0.01872	0.02554	0.00701	0.00707	0.00216	0.00870	0.00645	0.00387	0.01041
7	0.01634	0.02247	0.23455	0.04200	0.05861	0.01637	0.25292	0.02503	0.13210	0.04963	0.04612	0.02095	0.01495	0.00743	0.00749	0.00231	0.00945	0.00735	0.02385	0.01009
8	0.01105	0.00727	0.00916	0.00927	0.01095	0.00654	0.00672	0.01325	0.01692	0.08024	0.26685	0.31241	0.18721	0.01769	0.00856	0.00251	0.00393	0.01559	0.00721	0.00668
9	0.04339	0.01740	0.01982	0.06636	0.02224	0.01991	0.01333	0.41409	0.10119	0.06101	0.01761	0.01942	0.01331	0.03893	0.01020	0.00250	0.09556	0.00669	0.00625	0.01077
10	0.05117	0.01877	0.11432	0.17811	0.10817	0.01702	0.21115	0.06250	0.04696	0.06988	0.01505	0.01852	0.01118	0.00717	0.00799	0.00234	0.03893	0.00683	0.00416	0.00978
11	0.04454	0.01352	0.01847	0.03949	0.23654	0.03955	0.03763	0.09405	0.01767	0.05982	0.02045	0.12527	0.01828	0.00955	0.00680	0.00214	0.00663	0.00840	0.19207	0.00913
12	0.00930	0.00685	0.00845	0.00903	0.00993	0.00665	0.00616	0.01058	0.01302	0.01703	0.03896	0.29292	0.18462	0.21000	0.13844	0.00527	0.00728	0.01440	0.00555	0.00556
13	0.01846	0.05189	0.04891	0.18137	0.13248	0.11044	0.07781	0.07232	0.01761	0.07554	0.03809	0.04714	0.03837	0.03117	0.00845	0.00236	0.02666	0.00732	0.00448	0.00915
14	0.09373	0.25287	0.11020	0.01424	0.02027	0.04512	0.01352	0.18132	0.05165	0.11181	0.03184	0.01658	0.01274	0.00756	0.00604	0.00198	0.00763	0.00547	0.00518	0.01026
15	0.45779	0.01629	0.05210	0.01952	0.18015	0.01649	0.04384	0.06582	0.01499	0.02955	0.01168	0.01402	0.00917	0.00661	0.00555	0.00215	0.00691	0.00491	0.00427	0.03819
16	0.01803	0.05289	0.09204	0.04145	0.04790	0.06333	0.03463	0.14095	0.12200	0.06178	0.05771	0.08619	0.06945	0.04352	0.00916	0.00250	0.03276	0.00867	0.00565	0.00940
17	0.00932	0.00705	0.00863	0.00939	0.01055	0.00667	0.00656	0.01175	0.04573	0.01967	0.10890	0.42713	0.19164	0.05755	0.04197	0.00328	0.00481	0.01675	0.00652	0.00613
18	0.03876	0.10943	0.02101	0.13955	0.06650	0.06960	0.01350	0.19428	0.10952	0.05568	0.01771	0.03862	0.01388	0.00823	0.00657	0.00210	0.00760	0.00652	0.07110	0.00983
19	0.01784	0.01330	0.01603	0.01288	0.04897	0.01111	0.00974	0.05087	0.06589	0.11198	0.01604	0.01707	0.01237	0.00624	0.00582	0.00140	0.00566	0.00507	0.00512	0.56662
20	0.01890	0.01467	0.01802	0.08957	0.07868	0.01624	0.01288	0.22201	0.17675	0.05997	0.08281	0.10720	0.02308	0.01075	0.00807	0.00236	0.03263	0.00898	0.00638	0.01005
21	0.01799	0.24496	0.24638	0.03894	0.02330	0.02014	0.01677	0.10424	0.06757	0.05257	0.01654	0.04294	0.02917	0.00818	0.00708	0.00210	0.04078	0.00610	0.00432	0.00994
22	0.01068	0.00744	0.00957	0.00969	0.01092	0.00718	0.00695	0.01269	0.01608	0.05387	0.26858	0.31663	0.11334	0.07555	0.01150	0.00291	0.03808	0.01514	0.00680	0.00640
23	0.01546	0.01074	0.01211	0.01108	0.01396	0.01143	0.00867	0.02452	0.25900	0.08693	0.13571	0.03733	0.10535	0.01155	0.00770	0.00227	0.02776	0.03894	0.17072	0.00875
24	0.01691	0.13201	0.22575	0.08239	0.22231	0.06943	0.01928	0.02177	0.01621	0.04059	0.07437	0.01907	0.01517	0.00737	0.00668	0.00208	0.00882	0.00613	0.00382	0.00986
25	0.02261	0.03967	0.07807	0.01572	0.02045	0.04381	0.09039	0.04587	0.01769	0.31507	0.02269	0.10604	0.01794	0.01010	0.00897	0.00234	0.08297	0.00833	0.04128	0.00998
26	0.02251	0.01330	0.01512	0.01226	0.01648	0.01369	0.00990	0.25674	0.06466	0.20116	0.08183	0.02684	0.05227	0.00958	0.00686	0.00209	0.00575	0.00769	0.17111	0.01018
27	0.00955	0.00695	0.00891	0.00965	0.01033	0.00685	0.00663	0.01107	0.01428	0.01950	0.13945	0.45642	0.08055	0.11232	0.01292	0.00324	0.03792	0.01649	0.03109	0.00587
28	0.01876	0.12079	0.05675	0.08968	0.26989	0.04049	0.12107	0.05145	0.01673	0.07704	0.01424	0.01758	0.01124	0.00818	0.02713	0.00240	0.03613	0.00631	0.00400	0.01014
29	0.01537	0.14106	0.02414	0.20169	0.12177	0.04846	0.09000	0.01882	0.01546	0.03845	0.05246	0.16241	0.02034	0.01013	0.00724	0.00226	0.00801	0.00915	0.00433	0.00843
30	0.02418	0.01143	0.01424	0.01164	0.01618	0.01050	0.00938	0.02933	0.12095	0.44239	0.03875	0.03517	0.18181	0.01114	0.00747	0.00228	0.00541	0.00917	0.00805	0.01053

[dist]
# distance from previous block
# <min> <max>
0	1

[block]
# block no. 1 follows, 29 sequences, length 14
# corresponding to MSA columns:
# 48-61
name=unknown_B
#
# <colnr> <probs for GDERKNQSTAVLIFYWHMCP>
#	G	D	E	R	K	N	Q	S	T	A	V	L	I	F	Y	W	H	M	C	P
0	0.01692	0.04501	0.14930	0.09941	0.13326	0.03862	0.04215	0.14633	0.04620	0.02595	0.05315	0.10764	0.01854	0.01110	0.03258	0.00260	0.00856	0.00822	0.00482	0.00961
1	0.01782	0.01713	0.07356	0.11620	0.12869	0.04887	0.08598	0.11894	0.03502	0.06800	0.06057	0.07331	0.04693	0.00965	0.00874	0.00235	0.06553	0.00823	0.00499	0.00947
2	0.01480	0.01301	0.01258	0.01193	0.01423	0.11349	0.00891	0.04587	0.12141	0.04731	0.17355	0.20970	0.11285	0.01482	0.00896	0.02390	0.02643	0.01214	0.00644	0.00767
3	0.01761	0.01919	0.06141	0.05625	0.44897	0.09807	0.09005	0.02174	0.01643	0.02196	0.01512	0.07209	0.01352	0.00767	0.00726	0.00219	0.00915	0.00735	0.00375	0.01020
4	0.01685	0.09061	0.07221	0.01714	0.09844	0.04065	0.01311	0.03690	0.11681	0.04882	0.06967	0.02098	0.01708	0.03095	0.00929	0.00213	0.09265	0.00635	0.00475	0.19460
5	0.00885	0.00638	0.00844	0.00982	0.01038	0.00608	0.00664	0.01016	0.01346	0.01793	0.03857	0.63035	0.07480	0.05282	0.06554	0.00369	0.00538	0.01863	0.00630	0.00578
6	0.02660	0.03394	0.02018	0.01834	0.02201	0.72116	0.01376	0.02843	0.02018	0.01743	0.01101	0.01284	0.00917	0.00734	0.00642	0.00183	0.01284	0.00459	0.00367	0.00825
7	0.02993	0.01258	0.01661	0.01286	0.01827	0.01121	0.01064	0.08194	0.02094	0.59903	0.02687	0.02542	0.01777	0.00904	0.00717	0.00218	0.00617	0.03237	0.00837	0.05063
8	0.01017	0.00706	0.00839	0.00839	0.00881	0.00720	0.00524	0.01077	0.01102	0.01473	0.02573	0.04493	0.07767	0.56513	0.15906	0.00738	0.00886	0.01023	0.00440	0.00482
9	0.00909	0.00724	0.00815	0.00792	0.01003	0.00630	0.00594	0.01152	0.01782	0.02301	0.32722	0.06231	0.44500	0.01662	0.00841	0.00234	0.00351	0.01416	0.00711	0.00630
10	0.01734	0.01445	0.01776	0.16878	0.04473	0.01683	0.01339	0.12894	0.31051	0.02776	0.02137	0.02292	0.01636	0.01232	0.06390	0.00305	0.03510	0.00720	0.04736	0.00992
11	0.01075	0.00830	0.01004	0.01025	0.01208	0.00818	0.00775	0.01579	0.11696	0.02362	0.24373	0.22818	0.16045	0.01702	0.00859	0.00259	0.00434	0.09728	0.00707	0.00702
12	0.01995	0.01666	0.01660	0.01442	0.01865	0.07025	0.01133	0.14080	0.44425	0.06665	0.02902	0.02715	0.07257	0.00992	0.00725	0.00231	0.00640	0.00802	0.00699	0.01081
13	0.05115	0.10642	0.18553	0.01761	0.06435	0.12313	0.01589	0.11649	0.05421	0.04209	0.01381	0.01544	0.01070	0.00721	0.00692	0.00195	0.03717	0.00526	0.00432	0.12036

[dist]
# distance from previous block
# <min> <max>
10	21

[block]
# block no. 2 follows, 29 sequences, length 57
# corresponding to MSA columns:
# 83-139
name=unknown_C
#
# <colnr> <probs for GDERKNQSTAVLIFYWHMCP>
#	G	D	E	R	K	N	Q	S	T	A	V	L	I	F	Y	W	H	M	C	P
0	0.03891	0.15754	0.13407	0.04353	0.10202	0.01662	0.06205	0.08447	0.01673	0.02341	0.01839	0.11143	0.03723	0.00898	0.00662	0.00204	0.00756	0.00763	0.02956	0.09120
1	0.00875	0.00626	0.00833	0.00986	0.01035	0.00584	0.00662	0.01011	0.01400	0.01876	0.07640	0.70629	0.04822	0.02187	0.00905	0.00286	0.00409	0.01983	0.00668	0.00584
2	0.01851	0.67458	0.11216	0.01308	0.01967	0.02689	0.01375	0.02146	0.01453	0.01740	0.01022	0.01182	0.00912	0.00617	0.00481	0.00160	0.00794	0.00397	0.00304	0.00929
3	0.80005	0.01377	0.01047	0.00936	0.01377	0.01597	0.00771	0.02093	0.01212	0.03195	0.00991	0.01157	0.00771	0.00661	0.00441	0.00220	0.00551	0.00386	0.00441	0.00771
4	0.01074	0.00759	0.00861	0.00821	0.01060	0.00655	0.00621	0.01303	0.01756	0.07619	0.24122	0.08175	0.45306	0.01648	0.00833	0.00236	0.00375	0.01398	0.00712	0.00668
5	0.01517	0.01296	0.01471	0.01157	0.01690	0.01148	0.00909	0.02280	0.19797	0.02466	0.01877	0.06453	0.01590	0.00755	0.00605	0.00154	0.00530	0.00628	0.00519	0.53157
6	0.00895	0.00723	0.00795	0.00777	0.00995	0.00624	0.00583	0.01125	0.01749	0.02223	0.27407	0.06361	0.49864	0.01692	0.00841	0.00235	0.00353	0.01434	0.00701	0.00624
7	0.03072	0.01185	0.01613	0.01246	0.01775	0.01026	0.01026	0.03351	0.02037	0.67203	0.06587	0.02586	0.02041	0.00914	0.00723	0.00221	0.00591	0.00748	0.00876	0.01182
8	0.00964	0.00718	0.00847	0.00822	0.01012	0.00643	0.00614	0.01237	0.01820	0.02476	0.41174	0.08100	0.28897	0.01566	0.00821	0.00228	0.00347	0.01350	0.05720	0.00643
9	0.01762	0.01692	0.02890	0.04371	0.70533	0.01692	0.02185	0.02185	0.01621	0.02326	0.01339	0.01762	0.01128	0.00634	0.00705	0.00211	0.00846	0.00634	0.00352	0.01128
10	0.01904	0.75404	0.03731	0.01218	0.01828	0.02818	0.01218	0.02132	0.01447	0.01675	0.00990	0.01142	0.00914	0.00609	0.00457	0.00152	0.00761	0.00381	0.00305	0.00914
11	0.02660	0.03394	0.02018	0.01834	0.02201	0.72116	0.01376	0.02843	0.02018	0.01743	0.01101	0.01284	0.00917	0.00734	0.00642	0.00183	0.01284	0.00459	0.00367	0.00825
12	0.01032	0.00706	0.00854	0.00854	0.00880	0.00732	0.00528	0.01085	0.01058	0.01438	0.02173	0.04269	0.02419	0.60368	0.18000	0.00786	0.00946	0.00978	0.00421	0.00474
13	0.01327	0.00664	0.00664	0.00664	0.00830	0.00664	0.00498	0.01659	0.01493	0.02655	0.02323	0.02655	0.01825	0.00830	0.00498	0.00166	0.00332	0.00664	0.78928	0.00664
14	0.01638	0.01390	0.01495	0.01353	0.01714	0.01579	0.01048	0.03358	0.57509	0.02957	0.14640	0.03121	0.02967	0.01052	0.00745	0.00238	0.00524	0.00889	0.00735	0.01048
15	0.01843	0.01824	0.12007	0.08471	0.36772	0.01567	0.01900	0.08408	0.01773	0.08930	0.01672	0.05606	0.01364	0.00781	0.00706	0.00219	0.00811	0.00701	0.03586	0.01060
16	0.43912	0.13220	0.01820	0.01278	0.01740	0.18978	0.03203	0.02336	0.01489	0.04949	0.01096	0.01255	0.00873	0.00677	0.00515	0.00202	0.00785	0.00429	0.00415	0.00828
17	0.01151	0.01157	0.06121	0.01264	0.03902	0.01008	0.04666	0.01641	0.08458	0.02389	0.26782	0.04794	0.26994	0.01385	0.00897	0.00237	0.04583	0.01176	0.00637	0.00757
18	0.01531	0.01423	0.05389	0.09491	0.12111	0.01297	0.01331	0.01974	0.05759	0.05084	0.01717	0.10049	0.01553	0.00879	0.00823	0.00196	0.07836	0.00721	0.00449	0.30385
19	0.01771	0.01530	0.01610	0.01449	0.01852	0.01771	0.01127	0.03784	0.69247	0.02979	0.02898	0.02657	0.02174	0.00966	0.00725	0.00242	0.00564	0.00805	0.00725	0.01127
20	0.01815	0.01552	0.01635	0.01458	0.01868	0.01792	0.01138	0.06816	0.66143	0.03050	0.02842	0.02612	0.02128	0.00961	0.00724	0.00240	0.00574	0.00797	0.00724	0.01131
21	0.01327	0.00664	0.00664	0.00664	0.00830	0.00664	0.00498	0.01659	0.01493	0.02655	0.02323	0.02655	0.01825	0.00830	0.00498	0.00166	0.00332	0.00664	0.78928	0.00664
22	0.20673	0.01290	0.01540	0.01211	0.01738	0.01232	0.01000	0.06515	0.01918	0.52115	0.02338	0.02098	0.01508	0.00830	0.00653	0.00220	0.00603	0.00637	0.00772	0.01111
23	0.02725	0.01966	0.02119	0.01625	0.02194	0.02166	0.01342	0.65792	0.03300	0.06922	0.01750	0.01736	0.01231	0.00856	0.00712	0.00214	0.00777	0.00644	0.00719	0.01211
24	0.01411	0.01429	0.04848	0.27826	0.17546	0.03915	0.05112	0.01789	0.01485	0.01966	0.01985	0.11895	0.03968	0.03615	0.00937	0.00261	0.04267	0.04509	0.00407	0.00829
25	0.01147	0.00820	0.01147	0.01311	0.01475	0.00820	0.01147	0.01475	0.01639	0.02131	0.03770	0.08032	0.04098	0.01967	0.00984	0.00328	0.00656	0.65741	0.00656	0.00656
26	0.00868	0.00620	0.00826	0.00991	0.01033	0.00578	0.00661	0.00991	0.01363	0.01818	0.03925	0.74510	0.04710	0.02231	0.00909	0.00289	0.00413	0.02024	0.00661	0.00578
27	0.02100	0.02216	0.17897	0.05157	0.09612	0.05601	0.19104	0.11071	0.01930	0.15758	0.01667	0.01846	0.01180	0.00720	0.00734	0.00224	0.00959	0.00671	0.00491	0.01064
28	0.02483	0.20374	0.02428	0.01680	0.02113	0.52772	0.01338	0.05428	0.01939	0.01842	0.01100	0.01268	0.00929	0.00709	0.00601	0.00177	0.01139	0.00448	0.00367	0.00863
29	0.01035	0.00693	0.00790	0.00790	0.00795	0.00698	0.00448	0.01044	0.01039	0.01391	0.02231	0.04592	0.02559	0.72435	0.06125	0.00707	0.00735	0.01026	0.00430	0.00439
30	0.01193	0.00930	0.01199	0.04083	0.04945	0.00930	0.00869	0.04017	0.09194	0.02802	0.50466	0.04673	0.09249	0.01330	0.00811	0.00226	0.00429	0.01165	0.00726	0.00764
31	0.01477	0.01266	0.01477	0.01055	0.01687	0.00949	0.00844	0.01793	0.01477	0.02320	0.01266	0.01477	0.01055	0.00527	0.00527	0.00105	0.00527	0.00422	0.00422	0.79328
32	0.14217	0.01559	0.06316	0.01452	0.04658	0.01415	0.04573	0.02542	0.21868	0.04768	0.01946	0.02002	0.03370	0.00747	0.00621	0.00192	0.00623	0.00609	0.00523	0.26000
33	0.01017	0.00763	0.01144	0.01144	0.01272	0.00890	0.00890	0.01272	0.01144	0.01653	0.01907	0.02797	0.01780	0.05340	0.72153	0.01144	0.01907	0.00763	0.00381	0.00636
34	0.02440	0.21357	0.02455	0.01632	0.02093	0.40619	0.01322	0.13049	0.04807	0.02211	0.01242	0.01371	0.01014	0.00731	0.00610	0.00183	0.01043	0.00482	0.00420	0.00921
35	0.03175	0.01243	0.01672	0.01282	0.01833	0.01093	0.01059	0.06058	0.02090	0.68364	0.02765	0.02395	0.01741	0.00880	0.00716	0.00220	0.00613	0.00713	0.00875	0.01212
36	0.01771	0.01530	0.01610	0.01449	0.01852	0.01771	0.01127	0.03784	0.69247	0.02979	0.02898	0.02657	0.02174	0.00966	0.00725	0.00242	0.00564	0.00805	0.00725	0.01127
37	0.01085	0.00748	0.00985	0.00929	0.01109	0.00692	0.00709	0.01419	0.01997	0.05010	0.64546	0.05367	0.06423	0.01464	0.00843	0.00229	0.00361	0.04615	0.00780	0.00688
38	0.01052	0.00738	0.01036	0.01020	0.01157	0.00795	0.00780	0.01313	0.01421	0.02077	0.21855	0.03495	0.03204	0.03680	0.41969	0.04081	0.01253	0.00901	0.07541	0.00635
39	0.01844	0.11369	0.28893	0.02206	0.06659	0.01907	0.17980	0.13668	0.01882	0.04840	0.01411	0.01641	0.01041	0.00685	0.00699	0.00217	0.00981	0.00617	0.00409	0.01050
40	0.01494	0.01395	0.02319	0.54021	0.20756	0.01631	0.02006	0.04228	0.01539	0.02036	0.01299	0.01859	0.01002	0.00698	0.00710	0.00230	0.00918	0.00633	0.00339	0.00888
41	0.00868	0.00620	0.00826	0.00991	0.01033	0.00578	0.00661	0.00991	0.01363	0.01818	0.03925	0.74510	0.04710	0.02231	0.00909	0.00289	0.00413	0.02024	0.00661	0.00578
42	0.01517	0.01644	0.11980	0.16733	0.17135	0.01417	0.07242	0.01989	0.03382	0.06765	0.04090	0.09616	0.07954	0.00995	0.00828	0.00238	0.04231	0.00881	0.00453	0.00909
43	0.02087	0.21647	0.07554	0.07791	0.14897	0.17252	0.05455	0.06938	0.01786	0.06348	0.01307	0.01534	0.01038	0.00687	0.00633	0.00195	0.00943	0.00539	0.00394	0.00975
44	0.06095	0.01569	0.01903	0.03819	0.04451	0.06644	0.03568	0.14243	0.02149	0.42414	0.02209	0.02078	0.01465	0.00844	0.00754	0.00220	0.03057	0.00666	0.00723	0.01126
45	0.80005	0.01377	0.01047	0.00936	0.01377	0.01597	0.00771	0.02093	0.01212	0.03195	0.00991	0.01157	0.00771	0.00661	0.00441	0.00220	0.00551	0.00386	0.00441	0.00771
46	0.03005	0.01218	0.01623	0.01267	0.01792	0.01087	0.01039	0.03414	0.07093	0.63344	0.05349	0.02550	0.01980	0.00909	0.00721	0.00222	0.00593	0.00744	0.00866	0.01185
47	0.00975	0.00724	0.00880	0.00841	0.01028	0.00653	0.00631	0.01269	0.01893	0.02600	0.50998	0.05633	0.23451	0.01526	0.00828	0.00226	0.00342	0.01323	0.03526	0.00653
48	0.00887	0.00641	0.00842	0.00984	0.01051	0.00596	0.00677	0.01036	0.01429	0.01897	0.07836	0.63316	0.08844	0.02149	0.00904	0.00284	0.00417	0.04952	0.00668	0.00589
49	0.00914	0.00707	0.00836	0.00856	0.01030	0.00629	0.00632	0.01141	0.01704	0.02224	0.27643	0.19833	0.33317	0.01777	0.00860	0.00248	0.00374	0.03950	0.00702	0.00622
50	0.80005	0.01377	0.01047	0.00936	0.01377	0.01597	0.00771	0.02093	0.01212	0.03195	0.00991	0.01157	0.00771	0.00661	0.00441	0.00220	0.00551	0.00386	0.00441	0.00771
51	0.01762	0.01692	0.02890	0.04371	0.70533	0.01692	0.02185	0.02185	0.01621	0.02326	0.01339	0.01762	0.01128	0.00634	0.00705	0.00211	0.00846	0.00634	0.00352	0.01128
52	0.01780	0.01470	0.01546	0.01382	0.01770	0.01686	0.01077	0.07184	0.58842	0.03031	0.02775	0.02603	0.02085	0.00946	0.00701	0.00232	0.00553	0.00782	0.08467	0.01086
53	0.02660	0.03394	0.02018	0.01834	0.02201	0.72116	0.01376	0.02843	0.02018	0.01743	0.01101	0.01284	0.00917	0.00734	0.00642	0.00183	0.01284	0.00459	0.00367	0.00825
54	0.00957	0.00684	0.00929	0.01094	0.01175	0.00656	0.00817	0.01147	0.01452	0.01918	0.03875	0.53176	0.04513	0.02146	0.00933	0.00302	0.00491	0.22472	0.00659	0.00603
55	0.01904	0.75404	0.03731	0.01218	0.01828	0.02818	0.01218	0.02132	0.01447	0.01675	0.00990	0.01142	0.00914	0.00609	0.00457	0.00152	0.00761	0.00381	0.00305	0.00914
56	0.01582	0.02609	0.30398	0.02622	0.03472	0.01743	0.42441	0.02271	0.01611	0.02271	0.01377	0.01758	0.01011	0.00630	0.00776	0.00234	0.01143	0.00718	0.00337	0.00996

[dist]
# distance from previous block
# <min> <max>
0	4

[block]
# block no. 3 follows, 29 sequences, length 18
# corresponding to MSA columns:
# 144-161
name=unknown_D
#
# <colnr> <probs for GDERKNQSTAVLIFYWHMCP>
#	G	D	E	R	K	N	Q	S	T	A	V	L	I	F	Y	W	H	M	C	P
0	0.02800	0.01845	0.02044	0.01567	0.02134	0.01986	0.01295	0.55784	0.03097	0.17216	0.01920	0.01846	0.01316	0.00860	0.00713	0.00215	0.00750	0.00655	0.00745	0.01211
1	0.80005	0.01377	0.01047	0.00936	0.01377	0.01597	0.00771	0.02093	0.01212	0.03195	0.00991	0.01157	0.00771	0.00661	0.00441	0.00220	0.00551	0.00386	0.00441	0.00771
2	0.01746	0.01480	0.01556	0.01404	0.01793	0.01708	0.01091	0.03662	0.65379	0.02960	0.02865	0.02657	0.02154	0.00958	0.00712	0.00237	0.00550	0.00797	0.05188	0.01101
3	0.01023	0.00783	0.00944	0.00894	0.01095	0.00733	0.00673	0.01440	0.06660	0.02646	0.50707	0.05490	0.21247	0.01502	0.00832	0.00229	0.00358	0.01304	0.00751	0.00687
4	0.01894	0.70199	0.03582	0.01235	0.01829	0.02744	0.01212	0.02249	0.06223	0.01767	0.01124	0.01249	0.01003	0.00634	0.00476	0.00159	0.00748	0.00411	0.00334	0.00929
5	0.02707	0.01995	0.02137	0.01638	0.02208	0.02208	0.01353	0.68159	0.03348	0.04488	0.01710	0.01710	0.01211	0.00855	0.00712	0.00214	0.00784	0.00641	0.00712	0.01211
6	0.00893	0.00720	0.00841	0.00856	0.01045	0.00667	0.00640	0.01092	0.01507	0.01900	0.08961	0.13488	0.44079	0.02630	0.16920	0.00449	0.00714	0.01384	0.00605	0.00610
7	0.01090	0.00818	0.01074	0.01038	0.01084	0.00937	0.00729	0.01200	0.01081	0.01518	0.01969	0.03623	0.02103	0.41156	0.28251	0.00810	0.09685	0.00889	0.00399	0.00546
8	0.80005	0.01377	0.01047	0.00936	0.01377	0.01597	0.00771	0.02093	0.01212	0.03195	0.00991	0.01157	0.00771	0.00661	0.00441	0.00220	0.00551	0.00386	0.00441	0.00771
9	0.01662	0.01294	0.01519	0.01097	0.01720	0.01012	0.00882	0.04859	0.01602	0.07635	0.01403	0.01559	0.01115	0.00569	0.00550	0.00119	0.00545	0.00454	0.00470	0.69935
10	0.01956	0.01569	0.01675	0.01462	0.01893	0.01786	0.01150	0.11469	0.57922	0.06644	0.02751	0.02531	0.02037	0.00948	0.00723	0.00237	0.00592	0.00781	0.00731	0.01141
11	0.01584	0.01493	0.02478	0.21644	0.44848	0.01587	0.01964	0.02067	0.04274	0.02173	0.01617	0.02065	0.03559	0.00956	0.04475	0.00269	0.00900	0.00678	0.00370	0.00997
12	0.02660	0.03394	0.02018	0.01834	0.02201	0.72116	0.01376	0.02843	0.02018	0.01743	0.01101	0.01284	0.00917	0.00734	0.00642	0.00183	0.01284	0.00459	0.00367	0.00825
13	0.01080	0.00926	0.00988	0.00959	0.01169	0.04784	0.00711	0.01292	0.01592	0.02077	0.15122	0.21001	0.27213	0.01795	0.04288	0.00277	0.02730	0.01345	0.02928	0.07721
14	0.01237	0.00618	0.00928	0.00928	0.00928	0.00618	0.00618	0.00928	0.00928	0.01237	0.01237	0.02165	0.01237	0.02474	0.02783	0.79283	0.00618	0.00618	0.00309	0.00309
15	0.34226	0.05411	0.01961	0.01631	0.06300	0.09813	0.06323	0.21222	0.01991	0.03204	0.01267	0.01427	0.00968	0.00716	0.00590	0.00212	0.00780	0.00518	0.00492	0.00948
16	0.02113	0.02167	0.18018	0.01665	0.04197	0.04169	0.01520	0.33866	0.02362	0.06487	0.01709	0.02121	0.01360	0.10921	0.03870	0.00316	0.00888	0.00669	0.00551	0.01031
17	0.04860	0.28352	0.15422	0.06674	0.05806	0.04046	0.01555	0.11355	0.07445	0.02441	0.04675	0.01705	0.01346	0.00740	0.00609	0.00198	0.00805	0.00556	0.00429	0.00981

[dist]
# distance from previous block
# <min> <max>
0	36

[block]
# block no. 4 follows, 29 sequences, length 98
# corresponding to MSA columns:
# 198-295
name=unknown_E
#
# <colnr> <probs for GDERKNQSTAVLIFYWHMCP>
#	G	D	E	R	K	N	Q	S	T	A	V	L	I	F	Y	W	H	M	C	P
0	0.02070	0.35598	0.13493	0.05119	0.02304	0.17233	0.01525	0.11047	0.01828	0.02159	0.01167	0.01341	0.00954	0.00684	0.00577	0.00183	0.00930	0.00467	0.00372	0.00950
1	0.02052	0.26262	0.02671	0.08482	0.08448	0.19162	0.03446	0.06665	0.04231	0.04364	0.04708	0.01682	0.01325	0.00750	0.00668	0.00194	0.02998	0.00556	0.00412	0.00923
2	0.01225	0.00721	0.00986	0.00940	0.00992	0.00717	0.00631	0.01050	0.01001	0.01373	0.01442	0.02616	0.01498	0.17672	0.02761	0.53260	0.03253	0.00691	0.00345	0.06828
3	0.01423	0.01338	0.01925	0.32185	0.06408	0.04321	0.01565	0.01727	0.01308	0.01789	0.01349	0.02132	0.01203	0.08440	0.06357	0.00359	0.21468	0.00673	0.03275	0.00755
4	0.00842	0.00721	0.00721	0.00721	0.00962	0.00601	0.00541	0.01022	0.01623	0.01924	0.07213	0.06853	0.70244	0.01803	0.00842	0.00240	0.00361	0.01503	0.00661	0.00601
5	0.02845	0.01204	0.01561	0.01210	0.01723	0.01072	0.00992	0.07342	0.02026	0.54717	0.02587	0.02344	0.01690	0.00852	0.00679	0.00207	0.00582	0.00687	0.09634	0.06046
6	0.80005	0.01377	0.01047	0.00936	0.01377	0.01597	0.00771	0.02093	0.01212	0.03195	0.00991	0.01157	0.00771	0.00661	0.00441	0.00220	0.00551	0.00386	0.00441	0.00771
7	0.80005	0.01377	0.01047	0.00936	0.01377	0.01597	0.00771	0.02093	0.01212	0.03195	0.00991	0.01157	0.00771	0.00661	0.00441	0.00220	0.00551	0.00386	0.00441	0.00771
8	0.02707	0.01995	0.02137	0.01638	0.02208	0.02208	0.01353	0.68159	0.03348	0.04488	0.01710	0.01710	0.01211	0.00855	0.00712	0.00214	0.00784	0.00641	0.00712	0.01211
9	0.02707	0.01995	0.02137	0.01638	0.02208	0.02208	0.01353	0.68159	0.03348	0.04488	0.01710	0.01710	0.01211	0.00855	0.00712	0.00214	0.00784	0.00641	0.00712	0.01211
10	0.80005	0.01377	0.01047	0.00936	0.01377	0.01597	0.00771	0.02093	0.01212	0.03195	0.00991	0.01157	0.00771	0.00661	0.00441	0.00220	0.00551	0.00386	0.00441	0.00771
11	0.77215	0.01371	0.01069	0.00948	0.01393	0.01577	0.00781	0.02143	0.01242	0.05659	0.01058	0.01203	0.00807	0.00669	0.00451	0.00220	0.00553	0.00398	0.00457	0.00787
12	0.02707	0.01995	0.02137	0.01638	0.02208	0.02208	0.01353	0.68159	0.03348	0.04488	0.01710	0.01710	0.01211	0.00855	0.00712	0.00214	0.00784	0.00641	0.00712	0.01211
13	0.03195	0.01212	0.01652	0.01267	0.01818	0.01047	0.01047	0.03470	0.02038	0.71026	0.02809	0.02424	0.01763	0.00881	0.00716	0.00220	0.00606	0.00716	0.00881	0.01212
14	0.01255	0.00948	0.01113	0.01001	0.01250	0.00936	0.00770	0.10325	0.06576	0.02918	0.45639	0.04931	0.16759	0.01404	0.00816	0.00227	0.00415	0.01207	0.00749	0.00761
15	0.03195	0.01212	0.01652	0.01267	0.01818	0.01047	0.01047	0.03470	0.02038	0.71026	0.02809	0.02424	0.01763	0.00881	0.00716	0.00220	0.00606	0.00716	0.00881	0.01212
16	0.01027	0.00749	0.00968	0.00917	0.01088	0.00703	0.00686	0.01408	0.04126	0.02822	0.65617	0.07748	0.06501	0.01468	0.00839	0.00227	0.00346	0.01299	0.00778	0.00683
17	0.03086	0.01252	0.01658	0.01276	0.01819	0.01115	0.01053	0.07995	0.02118	0.64122	0.02869	0.02512	0.03876	0.00908	0.00720	0.00220	0.00611	0.00735	0.00862	0.01193
18	0.02382	0.01567	0.01757	0.01451	0.01935	0.01696	0.01165	0.20298	0.34819	0.21025	0.02569	0.02352	0.01819	0.00915	0.00719	0.00229	0.00631	0.00740	0.00762	0.01171
19	0.71191	0.01482	0.01167	0.01040	0.01448	0.04883	0.00852	0.02102	0.01241	0.03029	0.00993	0.01189	0.00789	0.00704	0.00577	0.00225	0.05481	0.00405	0.00429	0.00774
20	0.01670	0.01271	0.01391	0.01239	0.01568	0.01365	0.00956	0.16546	0.24340	0.05287	0.05339	0.11841	0.13351	0.07329	0.01011	0.00279	0.00569	0.03046	0.00686	0.00916
21	0.01316	0.00666	0.00674	0.00672	0.00838	0.00664	0.00504	0.01648	0.01512	0.02662	0.04700	0.02748	0.01997	0.00852	0.00510	0.00168	0.00332	0.00686	0.76189	0.00664
22	0.01154	0.00822	0.01036	0.01004	0.01107	0.00883	0.00703	0.06633	0.01320	0.01816	0.04482	0.08113	0.02443	0.35477	0.29072	0.00782	0.01129	0.00970	0.00462	0.00590
23	0.13180	0.01248	0.01571	0.01232	0.01762	0.01152	0.01014	0.03304	0.05024	0.59018	0.02575	0.02269	0.01652	0.00856	0.00680	0.00221	0.00597	0.00677	0.00816	0.01150
24	0.06068	0.01218	0.01630	0.01255	0.01801	0.01067	0.01036	0.03419	0.02007	0.68489	0.02741	0.02376	0.01726	0.00873	0.00706	0.00220	0.00604	0.00704	0.00865	0.01195
25	0.00858	0.00658	0.00786	0.00889	0.01006	0.00587	0.00615	0.01003	0.01462	0.01858	0.05176	0.48760	0.29652	0.02068	0.00883	0.00271	0.00393	0.01826	0.00661	0.00587
26	0.80005	0.01377	0.01047	0.00936	0.01377	0.01597	0.00771	0.02093	0.01212	0.03195	0.00991	0.01157	0.00771	0.00661	0.00441	0.00220	0.00551	0.00386	0.00441	0.00771
27	0.02707	0.01995	0.02137	0.01638	0.02208	0.02208	0.01353	0.68159	0.03348	0.04488	0.01710	0.01710	0.01211	0.00855	0.00712	0.00214	0.00784	0.00641	0.00712	0.01211
28	0.01904	0.75404	0.03731	0.01218	0.01828	0.02818	0.01218	0.02132	0.01447	0.01675	0.00990	0.01142	0.00914	0.00609	0.00457	0.00152	0.00761	0.00381	0.00305	0.00914
29	0.01838	0.01563	0.01648	0.01463	0.01877	0.01802	0.01143	0.08363	0.64559	0.03086	0.02814	0.02589	0.02105	0.00958	0.00724	0.00240	0.00579	0.00793	0.00724	0.01133
30	0.80005	0.01377	0.01047	0.00936	0.01377	0.01597	0.00771	0.02093	0.01212	0.03195	0.00991	0.01157	0.00771	0.00661	0.00441	0.00220	0.00551	0.00386	0.00441	0.00771
31	0.80005	0.01377	0.01047	0.00936	0.01377	0.01597	0.00771	0.02093	0.01212	0.03195	0.00991	0.01157	0.00771	0.00661	0.00441	0.00220	0.00551	0.00386	0.00441	0.00771
32	0.02707	0.01995	0.02137	0.01638	0.02208	0.02208	0.01353	0.68159	0.03348	0.04488	0.01710	0.01710	0.01211	0.00855	0.00712	0.00214	0.00784	0.00641	0.00712	0.01211
33	0.01743	0.01475	0.01551	0.01400	0.01788	0.01702	0.01088	0.03651	0.65000	0.02958	0.02862	0.02657	0.02152	0.00958	0.00710	0.00237	0.00549	0.00796	0.05626	0.01098
34	0.01345	0.01266	0.02136	0.73264	0.04904	0.01582	0.01978	0.01819	0.01424	0.01819	0.01266	0.01898	0.00949	0.00712	0.00712	0.00237	0.00949	0.00633	0.00316	0.00791
35	0.02660	0.03394	0.02018	0.01834	0.02201	0.72116	0.01376	0.02843	0.02018	0.01743	0.01101	0.01284	0.00917	0.00734	0.00642	0.00183	0.01284	0.00459	0.00367	0.00825
36	0.01477	0.01266	0.01477	0.01055	0.01687	0.00949	0.00844	0.01793	0.01477	0.02320	0.01266	0.01477	0.01055	0.00527	0.00527	0.00105	0.00527	0.00422	0.00422	0.79328
37	0.03195	0.01212	0.01652	0.01267	0.01818	0.01047	0.01047	0.03470	0.02038	0.71026	0.02809	0.02424	0.01763	0.00881	0.00716	0.00220	0.00606	0.00716	0.00881	0.01212
38	0.02830	0.01796	0.02014	0.01544	0.02109	0.01914	0.01276	0.51774	0.03016	0.21342	0.01988	0.01890	0.01351	0.00862	0.00713	0.00215	0.00739	0.00660	0.00755	0.01211
39	0.01013	0.00754	0.01115	0.01121	0.01239	0.00870	0.00859	0.01250	0.01146	0.01645	0.01993	0.05323	0.01920	0.08703	0.66322	0.01093	0.01796	0.00819	0.00393	0.00624
40	0.01391	0.00725	0.00731	0.00709	0.00893	0.00735	0.00537	0.04720	0.01579	0.02739	0.02295	0.02611	0.01797	0.00831	0.00508	0.00168	0.00353	0.00663	0.75328	0.00689
41	0.80005	0.01377	0.01047	0.00936	0.01377	0.01597	0.00771	0.02093	0.01212	0.03195	0.00991	0.01157	0.00771	0.00661	0.00441	0.00220	0.00551	0.00386	0.00441	0.00771
42	0.00927	0.00694	0.00860	0.00883	0.01030	0.00627	0.00638	0.01162	0.01728	0.02325	0.35459	0.26392	0.21129	0.01770	0.00861	0.00247	0.00365	0.01559	0.00718	0.00627
43	0.00984	0.00727	0.00918	0.00871	0.01049	0.00662	0.00653	0.01297	0.01959	0.02720	0.61028	0.05541	0.15932	0.01506	0.00840	0.00226	0.00340	0.01319	0.00766	0.00662
44	0.80005	0.01377	0.01047	0.00936	0.01377	0.01597	0.00771	0.02093	0.01212	0.03195	0.00991	0.01157	0.00771	0.00661	0.00441	0.00220	0.00551	0.00386	0.00441	0.00771
45	0.00895	0.00631	0.00818	0.00957	0.00991	0.00596	0.00624	0.00999	0.01310	0.01747	0.03653	0.63204	0.04366	0.14006	0.01348	0.00354	0.00458	0.01864	0.00624	0.00555
46	0.01762	0.01692	0.02890	0.04371	0.70533	0.01692	0.02185	0.02185	0.01621	0.02326	0.01339	0.01762	0.01128	0.00634	0.00705	0.00211	0.00846	0.00634	0.00352	0.01128
47	0.01519	0.01290	0.01499	0.01075	0.01705	0.00992	0.00861	0.04056	0.01540	0.02394	0.01281	0.01485	0.01060	0.00539	0.00534	0.00109	0.00536	0.00429	0.00432	0.76664
48	0.01867	0.01577	0.01664	0.01468	0.01888	0.01816	0.01150	0.10377	0.62497	0.03133	0.02776	0.02560	0.02075	0.00955	0.00723	0.00239	0.00586	0.00788	0.00723	0.01136
49	0.01017	0.00763	0.01144	0.01144	0.01272	0.00890	0.00890	0.01272	0.01144	0.01653	0.01907	0.02797	0.01780	0.05340	0.72153	0.01144	0.01907	0.00763	0.00381	0.00636
50	0.76155	0.01408	0.01101	0.00971	0.01418	0.01628	0.00800	0.05384	0.01318	0.03259	0.01027	0.01184	0.00793	0.00671	0.00454	0.00220	0.00562	0.00398	0.00454	0.00793
51	0.00976	0.00711	0.00939	0.03622	0.01231	0.00696	0.00743	0.04367	0.01464	0.01951	0.03719	0.68274	0.04400	0.02108	0.00892	0.00284	0.00451	0.01905	0.00651	0.00618
52	0.00974	0.00696	0.00902	0.00910	0.01045	0.00644	0.00660	0.01247	0.01811	0.02539	0.48271	0.24095	0.07955	0.01659	0.00849	0.00240	0.00358	0.01476	0.03024	0.00644
53	0.02707	0.01995	0.02137	0.01638	0.02208	0.02208	0.01353	0.68159	0.03348	0.04488	0.01710	0.01710	0.01211	0.00855	0.00712	0.00214	0.00784	0.00641	0.00712	0.01211
54	0.01345	0.01266	0.02136	0.73264	0.04904	0.01582	0.01978	0.01819	0.01424	0.01819	0.01266	0.01898	0.00949	0.00712	0.00712	0.00237	0.00949	0.00633	0.00316	0.00791
55	0.01488	0.01434	0.01818	0.01617	0.01699	0.06629	0.01312	0.03678	0.01249	0.01786	0.01354	0.04227	0.01313	0.02445	0.22841	0.00546	0.42760	0.00698	0.00360	0.00747
56	0.80005	0.01377	0.01047	0.00936	0.01377	0.01597	0.00771	0.02093	0.01212	0.03195	0.00991	0.01157	0.00771	0.00661	0.00441	0.00220	0.00551	0.00386	0.00441	0.00771
57	0.00868	0.00620	0.00826	0.00991	0.01033	0.00578	0.00661	0.00991	0.01363	0.01818	0.03925	0.74510	0.04710	0.02231	0.00909	0.00289	0.00413	0.02024	0.00661	0.00578
58	0.00842	0.00721	0.00721	0.00721	0.00962	0.00601	0.00541	0.01022	0.01623	0.01924	0.07213	0.06853	0.70244	0.01803	0.00842	0.00240	0.00361	0.01503	0.00661	0.00601
59	0.01477	0.01266	0.01477	0.01055	0.01687	0.00949	0.00844	0.01793	0.01477	0.02320	0.01266	0.01477	0.01055	0.00527	0.00527	0.00105	0.00527	0.00422	0.00422	0.79328
60	0.00868	0.00620	0.00826	0.00991	0.01033	0.00578	0.00661	0.00991	0.01363	0.01818	0.03925	0.74510	0.04710	0.02231	0.00909	0.00289	0.00413	0.02024	0.00661	0.00578
61	0.00998	0.00720	0.00943	0.00902	0.01062	0.00665	0.00671	0.01319	0.01970	0.02783	0.65564	0.10118	0.06579	0.01509	0.00845	0.00228	0.00341	0.01339	0.00775	0.00665
62	0.02660	0.03394	0.02018	0.01834	0.02201	0.72116	0.01376	0.02843	0.02018	0.01743	0.01101	0.01284	0.00917	0.00734	0.00642	0.00183	0.01284	0.00459	0.00367	0.00825
63	0.02707	0.01995	0.02137	0.01638	0.02208	0.02208	0.01353	0.68159	0.03348	0.04488	0.01710	0.01710	0.01211	0.00855	0.00712	0.00214	0.00784	0.00641	0.00712	0.01211
64	0.01137	0.00812	0.01135	0.01299	0.01458	0.00810	0.01129	0.01457	0.01629	0.02119	0.03776	0.10608	0.04122	0.01977	0.00981	0.00326	0.00646	0.63271	0.00656	0.00653
65	0.01904	0.75404	0.03731	0.01218	0.01828	0.02818	0.01218	0.02132	0.01447	0.01675	0.00990	0.01142	0.00914	0.00609	0.00457	0.00152	0.00761	0.00381	0.00305	0.00914
66	0.01008	0.00728	0.00952	0.00896	0.01064	0.00672	0.00672	0.01344	0.02016	0.02855	0.70158	0.05319	0.06719	0.01456	0.00840	0.00224	0.00336	0.01288	0.00784	0.00672
67	0.01477	0.01266	0.01477	0.01055	0.01687	0.00949	0.00844	0.01793	0.01477	0.02320	0.01266	0.01477	0.01055	0.00527	0.00527	0.00105	0.00527	0.00422	0.00422	0.79328
68	0.75191	0.01367	0.01085	0.00957	0.01405	0.01563	0.00788	0.02179	0.01264	0.07446	0.01105	0.01236	0.00833	0.00675	0.00458	0.00220	0.00554	0.00406	0.00468	0.00799
69	0.00842	0.00721	0.00721	0.00721	0.00962	0.00601	0.00541	0.01022	0.01623	0.01924	0.07213	0.06853	0.70244	0.01803	0.00842	0.00240	0.00361	0.01503	0.00661	0.00601
70	0.00913	0.00653	0.00843	0.00978	0.01037	0.00616	0.00670	0.01043	0.01363	0.01798	0.03897	0.55592	0.08326	0.11301	0.01252	0.00340	0.00467	0.07710	0.00632	0.00568
71	0.02407	0.01412	0.01647	0.01379	0.01850	0.01481	0.01101	0.06002	0.38415	0.31814	0.02817	0.02524	0.01965	0.00926	0.00721	0.00232	0.00589	0.00761	0.00790	0.01166
72	0.01334	0.01245	0.02088	0.65563	0.07683	0.01524	0.01905	0.01784	0.01429	0.01843	0.01436	0.06443	0.01193	0.00804	0.00724	0.00239	0.00911	0.00720	0.00340	0.00793
73	0.02062	0.01977	0.01772	0.03649	0.02041	0.18023	0.01230	0.13301	0.37351	0.02811	0.02191	0.02180	0.01675	0.01158	0.05114	0.00279	0.00858	0.00692	0.00607	0.01030
74	0.01026	0.00757	0.00962	0.00906	0.01087	0.00709	0.00681	0.01415	0.04506	0.02803	0.63770	0.05314	0.10456	0.01459	0.00836	0.00226	0.00346	0.01283	0.00774	0.00685
75	0.01932	0.41706	0.20073	0.01601	0.04170	0.06908	0.01622	0.10509	0.01742	0.02195	0.01169	0.01330	0.00955	0.00665	0.00562	0.00182	0.00872	0.00462	0.00360	0.00986
76	0.01904	0.75404	0.03731	0.01218	0.01828	0.02818	0.01218	0.02132	0.01447	0.01675	0.00990	0.01142	0.00914	0.00609	0.00457	0.00152	0.00761	0.00381	0.00305	0.00914
77	0.02048	0.00936	0.01133	0.00969	0.01299	0.00882	0.00766	0.02463	0.06001	0.29162	0.09024	0.02820	0.02290	0.00918	0.00629	0.00197	0.00453	0.00752	0.36351	0.00906
78	0.01672	0.00918	0.01186	0.01044	0.01328	0.00850	0.00807	0.04227	0.04066	0.21553	0.38800	0.11032	0.06890	0.01348	0.00805	0.00230	0.00441	0.01171	0.00791	0.00842
79	0.01594	0.09128	0.09556	0.01473	0.03783	0.01393	0.05709	0.10032	0.08231	0.06430	0.02674	0.24587	0.05056	0.01259	0.00744	0.00235	0.00651	0.01098	0.05485	0.00881
80	0.00946	0.00718	0.00875	0.00882	0.01055	0.00647	0.00661	0.01204	0.01779	0.02373	0.36876	0.15236	0.26389	0.01704	0.00859	0.00245	0.00376	0.05821	0.00720	0.00636
81	0.00900	0.00637	0.00835	0.00967	0.01007	0.00610	0.00639	0.01012	0.01304	0.01745	0.03576	0.60642	0.04251	0.13108	0.04858	0.00391	0.00528	0.01816	0.00613	0.00560
82	0.07508	0.03267	0.01957	0.01778	0.02150	0.67696	0.01338	0.02796	0.01967	0.01834	0.01094	0.01276	0.00908	0.00729	0.00629	0.00186	0.01238	0.00454	0.00372	0.00822
83	0.02145	0.01197	0.01412	0.01187	0.01582	0.03288	0.00941	0.05109	0.13854	0.31020	0.19949	0.03539	0.09420	0.01120	0.00758	0.00225	0.00536	0.00937	0.00787	0.00993
84	0.00907	0.00725	0.00817	0.00834	0.01038	0.00635	0.00636	0.01129	0.01684	0.02123	0.19260	0.11654	0.46141	0.01781	0.00860	0.00249	0.00389	0.07832	0.00685	0.00619
85	0.03025	0.01254	0.01662	0.01302	0.01830	0.01132	0.01079	0.08893	0.02125	0.61002	0.02775	0.02714	0.01862	0.00947	0.00733	0.00227	0.00624	0.04785	0.00853	0.01177
86	0.80005	0.01377	0.01047	0.00936	0.01377	0.01597	0.00771	0.02093	0.01212	0.03195	0.00991	0.01157	0.00771	0.00661	0.00441	0.00220	0.00551	0.00386	0.00441	0.00771
87	0.01396	0.01198	0.01494	0.05643	0.01787	0.01082	0.00951	0.01672	0.01366	0.02085	0.01378	0.01920	0.01241	0.07953	0.07085	0.00277	0.07946	0.00541	0.00402	0.52583
88	0.01904	0.75404	0.03731	0.01218	0.01828	0.02818	0.01218	0.02132	0.01447	0.01675	0.00990	0.01142	0.00914	0.00609	0.00457	0.00152	0.00761	0.00381	0.00305	0.00914
89	0.01626	0.14394	0.19996	0.04194	0.04164	0.04099	0.01497	0.03937	0.01608	0.04250	0.07616	0.01836	0.01528	0.00726	0.00668	0.00179	0.03106	0.00558	0.00414	0.23603
90	0.01682	0.01326	0.01679	0.06093	0.17139	0.07864	0.01233	0.04027	0.01594	0.11268	0.02378	0.23538	0.02401	0.08843	0.03179	0.00313	0.02994	0.01082	0.00533	0.00836
91	0.01904	0.75404	0.03731	0.01218	0.01828	0.02818	0.01218	0.02132	0.01447	0.01675	0.00990	0.01142	0.00914	0.00609	0.00457	0.00152	0.00761	0.00381	0.00305	0.00914
92	0.02666	0.01970	0.02115	0.01619	0.02191	0.02167	0.01337	0.65967	0.03286	0.04416	0.01695	0.01702	0.01206	0.00844	0.00706	0.00210	0.00775	0.00634	0.00703	0.03791
93	0.01771	0.01530	0.01610	0.01449	0.01852	0.01771	0.01127	0.03784	0.69247	0.02979	0.02898	0.02657	0.02174	0.00966	0.00725	0.00242	0.00564	0.00805	0.00725	0.01127
94	0.01859	0.01531	0.01614	0.01421	0.01829	0.01753	0.01114	0.11725	0.56535	0.03147	0.02711	0.02538	0.02030	0.00943	0.00708	0.00233	0.00576	0.00775	0.05848	0.01107
95	0.00977	0.00748	0.00857	0.00849	0.01043	0.00676	0.00628	0.03427	0.01758	0.02308	0.25960	0.17114	0.35170	0.01701	0.00837	0.00240	0.00375	0.01464	0.03226	0.00642
96	0.01744	0.04282	0.02493	0.18160	0.27748	0.01718	0.06406	0.08888	0.10467	0.02490	0.01550	0.01867	0.01215	0.00704	0.00696	0.00212	0.00821	0.00645	0.00433	0.07461
97	0.01679	0.09224	0.02859	0.12581	0.43652	0.01755	0.07660	0.02146	0.03597	0.02235	0.04776	0.01933	0.01388	0.00690	0.00699	0.00213	0.00848	0.00663	0.00376	0.01025

[dist]
# distance from previous block
# <min> <max>
7	12

[block]
# block no. 5 follows, 29 sequences, length 43
# corresponding to MSA columns:
# 308-350
name=unknown_F
#
# <colnr> <probs for GDERKNQSTAVLIFYWHMCP>
#	G	D	E	R	K	N	Q	S	T	A	V	L	I	F	Y	W	H	M	C	P
0	0.01123	0.00820	0.00969	0.00944	0.01172	0.00747	0.00729	0.04212	0.01756	0.04868	0.19642	0.12881	0.30315	0.03640	0.00920	0.00259	0.00444	0.10220	0.00683	0.03656
1	0.02252	0.36309	0.02768	0.01447	0.01959	0.21316	0.01253	0.16507	0.02013	0.02349	0.01243	0.01380	0.01025	0.00707	0.00564	0.00175	0.00886	0.00472	0.04434	0.00941
2	0.00875	0.00674	0.00801	0.00873	0.01009	0.00599	0.00615	0.01048	0.01549	0.01992	0.13658	0.39016	0.30809	0.01964	0.00874	0.00262	0.00383	0.01725	0.00677	0.00599
3	0.02024	0.01758	0.02367	0.16531	0.28461	0.05121	0.01756	0.24929	0.02178	0.02914	0.01474	0.01852	0.01165	0.03397	0.00811	0.00233	0.00859	0.00643	0.00473	0.01052
4	0.33727	0.04343	0.01728	0.05271	0.05587	0.26357	0.01192	0.08024	0.03558	0.02629	0.01175	0.01359	0.00930	0.00711	0.00570	0.00206	0.00870	0.00470	0.00431	0.00861
5	0.00888	0.00653	0.00834	0.00949	0.01038	0.00599	0.00658	0.01050	0.01484	0.01961	0.11984	0.54645	0.14684	0.02071	0.00893	0.00276	0.00403	0.03660	0.00675	0.00595
6	0.01588	0.01468	0.02381	0.42297	0.27572	0.01665	0.01982	0.06010	0.04042	0.02199	0.01377	0.01867	0.01071	0.00703	0.00710	0.00227	0.00889	0.00640	0.00367	0.00946
7	0.00874	0.00723	0.00766	0.00755	0.00982	0.00615	0.00566	0.01085	0.01699	0.02105	0.19463	0.06554	0.57882	0.01736	0.00841	0.00237	0.00356	0.01461	0.00685	0.00615
8	0.80005	0.01377	0.01047	0.00936	0.01377	0.01597	0.00771	0.02093	0.01212	0.03195	0.00991	0.01157	0.00771	0.00661	0.00441	0.00220	0.00551	0.00386	0.00441	0.00771
9	0.00861	0.00722	0.00752	0.00762	0.00989	0.00612	0.00575	0.01052	0.01629	0.01965	0.09441	0.09382	0.62604	0.01812	0.00850	0.00245	0.00374	0.04102	0.00666	0.00605
10	0.01477	0.01266	0.01477	0.01055	0.01687	0.00949	0.00844	0.01793	0.01477	0.02320	0.01266	0.01477	0.01055	0.00527	0.00527	0.00105	0.00527	0.00422	0.00422	0.79328
11	0.01672	0.04008	0.02548	0.05351	0.43476	0.01542	0.06018	0.02052	0.01607	0.05235	0.03606	0.04814	0.05512	0.00844	0.00787	0.00220	0.03549	0.02570	0.00423	0.04167
12	0.01428	0.03683	0.71286	0.02030	0.03082	0.01654	0.02631	0.02255	0.01503	0.02255	0.01278	0.01503	0.00902	0.00677	0.00677	0.00226	0.01052	0.00526	0.00301	0.01052
13	0.01017	0.00763	0.01144	0.01144	0.01272	0.00890	0.00890	0.01272	0.01144	0.01653	0.01907	0.02797	0.01780	0.05340	0.72153	0.01144	0.01907	0.00763	0.00381	0.00636
14	0.06599	0.01766	0.02221	0.08662	0.15919	0.11275	0.04951	0.04524	0.01503	0.02141	0.01225	0.01670	0.01043	0.00894	0.01252	0.00244	0.26698	0.00604	0.05936	0.00873
15	0.01475	0.01119	0.04313	0.00983	0.01218	0.04584	0.00810	0.06612	0.01698	0.02681	0.11365	0.02743	0.02294	0.00937	0.00715	0.00192	0.05999	0.00728	0.48794	0.00740
16	0.01699	0.14159	0.20300	0.06397	0.11174	0.01799	0.04624	0.10540	0.03382	0.02412	0.01498	0.06213	0.01273	0.00788	0.00704	0.00206	0.02805	0.00645	0.00410	0.08973
17	0.50590	0.04329	0.01418	0.01172	0.01556	0.07393	0.00956	0.04754	0.01415	0.06875	0.01280	0.05049	0.01083	0.00829	0.00714	0.00228	0.08549	0.00530	0.00464	0.00816
