[name]
unknown

[dist]
# distance from previous block
# <min> <max>
0	305

[block]
# block no. 0 follows, 28 sequences, length 89
# corresponding to MSA columns:
# 316-350,389-409,420-452
name=unknown_A
#
# <colnr> <probs for GDERKNQSTAVLIFYWHMCP>
#	G	D	E	R	K	N	Q	S	T	A	V	L	I	F	Y	W	H	M	C	P
0	0.00892	0.00718	0.00783	0.00819	0.01005	0.00624	0.00594	0.01065	0.01586	0.01954	0.08730	0.19861	0.48614	0.06191	0.01044	0.00284	0.00407	0.03560	0.00666	0.00603
1	0.01704	0.24288	0.43617	0.01794	0.02660	0.07101	0.02115	0.02370	0.04173	0.02121	0.01271	0.01457	0.00976	0.00686	0.00625	0.00206	0.00986	0.00500	0.00330	0.01019
2	0.08619	0.01287	0.01559	0.01263	0.01731	0.01258	0.01013	0.07498	0.12351	0.41344	0.06544	0.02701	0.02107	0.06260	0.00933	0.00263	0.00610	0.00772	0.00789	0.01099
3	0.00890	0.00641	0.00844	0.00997	0.01052	0.00595	0.00670	0.01027	0.01429	0.01902	0.06706	0.68457	0.07643	0.02228	0.00922	0.00290	0.00416	0.02014	0.00680	0.00595
4	0.00908	0.00755	0.03569	0.01053	0.01136	0.00633	0.00753	0.01062	0.01397	0.01873	0.03901	0.71152	0.04656	0.02215	0.00919	0.00293	0.00447	0.02007	0.00660	0.00609
5	0.04998	0.04697	0.13688	0.01948	0.09286	0.18631	0.01587	0.15943	0.07561	0.08946	0.01660	0.01759	0.01234	0.00784	0.00677	0.00212	0.00913	0.00593	0.03832	0.01049
6	0.01746	0.01913	0.09888	0.07049	0.57536	0.01721	0.02227	0.02286	0.04246	0.02371	0.01420	0.01813	0.01161	0.00669	0.00718	0.00220	0.00879	0.00643	0.00368	0.01129
7	0.01549	0.03446	0.61008	0.02106	0.04667	0.01646	0.05362	0.02333	0.01566	0.04965	0.01374	0.01595	0.00974	0.00689	0.00695	0.00226	0.01039	0.00558	0.00338	0.03864
8	0.15321	0.32680	0.02617	0.01458	0.01948	0.31366	0.01234	0.02473	0.01680	0.02000	0.01058	0.01229	0.00910	0.00684	0.00543	0.00180	0.00964	0.00423	0.00361	0.00871
9	0.01356	0.00879	0.01081	0.00992	0.01222	0.00838	0.00753	0.07320	0.02032	0.08339	0.40751	0.12656	0.10433	0.01458	0.00819	0.00232	0.00416	0.01267	0.06395	0.00762
10	0.01863	0.01595	0.01755	0.03816	0.04901	0.01831	0.01240	0.08344	0.58967	0.03088	0.02752	0.02579	0.02064	0.00956	0.00737	0.00243	0.00616	0.00797	0.00710	0.01146
11	0.00906	0.00648	0.00862	0.00998	0.01059	0.00604	0.00676	0.01063	0.01486	0.02005	0.13277	0.64281	0.05098	0.02165	0.00918	0.00286	0.00411	0.01960	0.00693	0.00604
12	0.01682	0.02064	0.16482	0.02516	0.13619	0.01730	0.19100	0.04967	0.01627	0.05119	0.01837	0.02185	0.06071	0.01017	0.03255	0.00277	0.14317	0.00751	0.00406	0.00978
13	0.01526	0.09177	0.58488	0.02153	0.05174	0.01794	0.07240	0.02292	0.01547	0.02260	0.01295	0.01545	0.00942	0.00678	0.00686	0.00225	0.01055	0.00552	0.00313	0.01059
14	0.00968	0.00691	0.00871	0.00918	0.01008	0.00648	0.00624	0.01147	0.01570	0.02138	0.26469	0.32472	0.08895	0.16485	0.01457	0.00352	0.00448	0.01573	0.00671	0.00595
15	0.01014	0.00724	0.00991	0.01159	0.01258	0.00701	0.00898	0.01235	0.01519	0.02000	0.03935	0.44360	0.04527	0.02156	0.00962	0.00313	0.00533	0.30416	0.00672	0.00626
16	0.01924	0.63322	0.11414	0.01369	0.02031	0.06001	0.01417	0.02226	0.01511	0.01782	0.01050	0.01215	0.00932	0.00636	0.00501	0.00166	0.00837	0.00410	0.00314	0.00945
17	0.01886	0.12215	0.35702	0.01711	0.02485	0.01618	0.04073	0.02444	0.01612	0.17458	0.01700	0.01870	0.01234	0.01300	0.09226	0.00333	0.01043	0.00601	0.00453	0.01038
18	0.01609	0.25823	0.49944	0.01815	0.02749	0.02057	0.02238	0.02263	0.01517	0.02118	0.01213	0.01420	0.00925	0.00669	0.00621	0.00207	0.00982	0.00491	0.00308	0.01030
19	0.06529	0.65209	0.05807	0.01281	0.01897	0.05630	0.01272	0.02209	0.01489	0.01824	0.01025	0.01185	0.00924	0.00633	0.00481	0.00163	0.00797	0.00397	0.00322	0.00925
20	0.00890	0.00735	0.00781	0.00776	0.01002	0.00626	0.00579	0.01101	0.01722	0.02132	0.18435	0.08464	0.56666	0.01789	0.00861	0.00244	0.00365	0.01509	0.00697	0.00626
21	0.00884	0.00662	0.00822	0.00942	0.01038	0.00599	0.00645	0.01032	0.01478	0.01917	0.07012	0.55381	0.20658	0.02145	0.00909	0.00281	0.00406	0.01912	0.00679	0.00599
22	0.01863	0.02208	0.07494	0.02596	0.03243	0.13466	0.45569	0.02374	0.01761	0.04478	0.01727	0.04742	0.03343	0.00751	0.00812	0.00236	0.01154	0.00836	0.00404	0.00945
23	0.01469	0.03682	0.67793	0.02115	0.03175	0.01695	0.05502	0.02303	0.01543	0.02303	0.01312	0.01553	0.00929	0.00687	0.00698	0.00231	0.01081	0.00551	0.00310	0.01070
24	0.01355	0.00678	0.00678	0.00678	0.00847	0.00678	0.00508	0.01694	0.01524	0.02710	0.02371	0.02710	0.01863	0.00847	0.00508	0.00169	0.00339	0.00678	0.78489	0.00678
25	0.01743	0.01670	0.02849	0.13462	0.61358	0.01712	0.02203	0.02182	0.01629	0.02307	0.01357	0.01817	0.01127	0.00658	0.00721	0.00219	0.00877	0.00647	0.00355	0.01106
26	0.02391	0.01644	0.01827	0.01486	0.01969	0.01782	0.01197	0.33889	0.20139	0.13889	0.06537	0.05768	0.02097	0.01011	0.00749	0.00231	0.00667	0.00818	0.00759	0.01149
27	0.01721	0.07324	0.07077	0.02890	0.03631	0.01907	0.59746	0.02316	0.01691	0.02282	0.01430	0.01885	0.01083	0.00617	0.00822	0.00238	0.01187	0.00810	0.00361	0.00981
28	0.02533	0.03053	0.02244	0.02384	0.15849	0.54485	0.01570	0.05583	0.02038	0.02021	0.01200	0.01428	0.00993	0.00734	0.00671	0.00194	0.01199	0.00512	0.00387	0.00922
29	0.01887	0.01683	0.02840	0.03863	0.54468	0.01659	0.06747	0.02386	0.04527	0.07332	0.01548	0.01886	0.01237	0.00673	0.00724	0.00215	0.00846	0.00667	0.00419	0.04392
30	0.05596	0.01839	0.04858	0.07064	0.33629	0.07773	0.01767	0.07886	0.04222	0.15745	0.01701	0.01886	0.01268	0.00743	0.00705	0.00219	0.00841	0.00639	0.00509	0.01109
31	0.00883	0.00641	0.00835	0.00990	0.01048	0.00592	0.00665	0.01015	0.01413	0.01864	0.04279	0.68532	0.10079	0.02242	0.00922	0.00291	0.00417	0.02023	0.00675	0.00592
32	0.00944	0.00728	0.00862	0.00853	0.01040	0.00646	0.00630	0.01198	0.01821	0.02411	0.36988	0.13647	0.32175	0.01718	0.00866	0.00243	0.00362	0.01487	0.00735	0.00646
33	0.01925	0.20544	0.19735	0.02269	0.12346	0.16047	0.09736	0.02451	0.04517	0.02097	0.01295	0.01539	0.01037	0.00682	0.00655	0.00204	0.01016	0.00554	0.00355	0.00996
34	0.01044	0.00756	0.01052	0.01052	0.01141	0.00845	0.00763	0.01223	0.01134	0.01601	0.02053	0.03445	0.02073	0.26845	0.50530	0.01025	0.01562	0.00865	0.00405	0.00584
35	0.00920	0.00647	0.00833	0.00968	0.01002	0.00613	0.00628	0.01021	0.01324	0.01766	0.03661	0.60066	0.04373	0.16784	0.01485	0.00378	0.00479	0.01864	0.00628	0.00560
36	0.01767	0.01693	0.01496	0.01380	0.01712	0.15469	0.01057	0.05345	0.31356	0.02596	0.07657	0.08794	0.09476	0.01186	0.00758	0.00236	0.00677	0.02979	0.03439	0.00928
37	0.01459	0.01399	0.02423	0.58068	0.14960	0.01645	0.05892	0.01943	0.01500	0.01965	0.01314	0.01918	0.01005	0.00708	0.00733	0.00238	0.00968	0.00659	0.00331	0.00871
38	0.01686	0.01409	0.01600	0.01193	0.01803	0.01216	0.00955	0.09540	0.09819	0.02701	0.01545	0.01680	0.01233	0.00630	0.00584	0.00137	0.00573	0.00503	0.00502	0.60690
39	0.01739	0.29474	0.42381	0.01726	0.02606	0.02084	0.02068	0.02328	0.01545	0.06029	0.01288	0.01455	0.00976	0.00678	0.00611	0.00203	0.00940	0.00494	0.00343	0.01032
40	0.01161	0.00989	0.01043	0.00992	0.01193	0.07005	0.00752	0.01466	0.01982	0.02642	0.51479	0.05412	0.15388	0.01495	0.00846	0.00232	0.00447	0.04049	0.00738	0.00689
41	0.01014	0.00748	0.00940	0.01032	0.01172	0.00706	0.00799	0.01230	0.01564	0.02020	0.09268	0.21116	0.19660	0.10727	0.01269	0.00342	0.00527	0.24599	0.00654	0.00613
42	0.01708	0.16795	0.37558	0.10556	0.09954	0.01868	0.02163	0.02307	0.01566	0.07080	0.01366	0.01607	0.01017	0.00692	0.00658	0.00215	0.00949	0.00547	0.00358	0.01035
43	0.01545	0.02975	0.47674	0.16412	0.07419	0.01655	0.04769	0.02261	0.01555	0.05062	0.01377	0.01686	0.00987	0.00701	0.00707	0.00232	0.01027	0.00585	0.00340	0.01029
44	0.00909	0.00649	0.00871	0.01039	0.01092	0.00611	0.00716	0.01053	0.01415	0.01882	0.03993	0.68536	0.04756	0.02255	0.00934	0.00298	0.00442	0.07277	0.00674	0.00597
45	0.00967	0.00741	0.00886	0.00850	0.01048	0.00660	0.00637	0.01252	0.01912	0.02569	0.46936	0.05999	0.29674	0.01615	0.00858	0.00235	0.00352	0.01394	0.00755	0.00660
46	0.01684	0.10796	0.15777	0.01684	0.06048	0.03904	0.01494	0.05536	0.26027	0.02608	0.07249	0.02896	0.04990	0.00992	0.00724	0.00232	0.00730	0.05053	0.00564	0.01014
47	0.00890	0.00640	0.00853	0.01011	0.01061	0.00602	0.00680	0.01023	0.01390	0.01852	0.04013	0.69828	0.06254	0.02380	0.03455	0.00325	0.00475	0.02008	0.00665	0.00593
48	0.01387	0.01108	0.01183	0.01091	0.01414	0.01144	0.00840	0.02376	0.29871	0.05750	0.10648	0.04844	0.32650	0.01406	0.00803	0.00243	0.00465	0.01177	0.00724	0.00875
49	0.01591	0.01352	0.01426	0.01302	0.01663	0.01502	0.01005	0.05614	0.47940	0.02805	0.03913	0.07552	0.16778	0.01237	0.00775	0.00248	0.00531	0.01037	0.00722	0.01008
50	0.01575	0.01862	0.13292	0.07004	0.14667	0.03816	0.08625	0.02452	0.17795	0.02523	0.12241	0.05299	0.02409	0.00956	0.00767	0.00237	0.00790	0.02177	0.00526	0.00986
51	0.01479	0.06784	0.67844	0.02037	0.03092	0.01739	0.02624	0.02297	0.01532	0.02277	0.01292	0.01519	0.00921	0.00688	0.00681	0.00227	0.01062	0.00531	0.00307	0.01068
52	0.01507	0.01292	0.01507	0.01077	0.01723	0.00969	0.00861	0.01830	0.01507	0.02369	0.01292	0.01507	0.01077	0.00538	0.00538	0.00108	0.00538	0.00431	0.00431	0.78898
53	0.02348	0.01713	0.01905	0.01432	0.02036	0.01710	0.01173	0.39479	0.02639	0.08411	0.01662	0.01711	0.01219	0.00755	0.00660	0.00179	0.00693	0.00580	0.00633	0.29061
54	0.08502	0.02114	0.18413	0.06674	0.02309	0.08519	0.01516	0.09123	0.06813	0.10385	0.08184	0.02641	0.05635	0.00946	0.00714	0.00228	0.00797	0.03221	0.00552	0.02715
55	0.01909	0.45598	0.22300	0.01558	0.02274	0.11562	0.01669	0.02307	0.01570	0.01885	0.01108	0.01288	0.00930	0.00658	0.00554	0.00181	0.00931	0.00441	0.00318	0.00961
56	0.00943	0.00862	0.04957	0.00995	0.01168	0.00680	0.00769	0.01169	0.01595	0.02124	0.18132	0.41070	0.18997	0.01926	0.00884	0.00267	0.00432	0.01706	0.00679	0.00644
57	0.01695	0.25470	0.31794	0.01601	0.02406	0.06082	0.01792	0.02204	0.01542	0.02099	0.01199	0.01401	0.00957	0.00642	0.00588	0.00180	0.00888	0.00465	0.00337	0.16658
58	0.01418	0.15693	0.39616	0.01659	0.02385	0.01626	0.01921	0.01982	0.01531	0.02135	0.04054	0.13322	0.01996	0.01063	0.00720	0.00236	0.00862	0.06443	0.00412	0.00927
59	0.02082	0.01518	0.02113	0.33225	0.07566	0.06946	0.04399	0.04394	0.04625	0.20771	0.03909	0.02163	0.01452	0.00805	0.00732	0.00231	0.00864	0.00693	0.00533	0.00979
60	0.01423	0.01210	0.01953	0.01659	0.03864	0.01189	0.17116	0.06083	0.07742	0.02367	0.12788	0.06920	0.11831	0.01460	0.01183	0.13516	0.00704	0.05663	0.00558	0.00772
61	0.01423	0.01366	0.02378	0.63642	0.08739	0.01638	0.06762	0.01913	0.01484	0.01922	0.01309	0.01931	0.00989	0.00714	0.00736	0.00241	0.00981	0.00661	0.00328	0.00840
62	0.01049	0.00737	0.00958	0.00958	0.01015	0.00794	0.00646	0.01163	0.01106	0.01532	0.02139	0.03921	0.02280	0.44106	0.33551	0.00909	0.01251	0.00935	0.00418	0.00532
63	0.01529	0.01413	0.02359	0.22485	0.38915	0.01496	0.01911	0.01932	0.01571	0.02158	0.01844	0.10622	0.01758	0.00963	0.00768	0.00241	0.00826	0.05843	0.00410	0.00955
64	0.01247	0.01086	0.01569	0.01448	0.01529	0.01407	0.01167	0.01469	0.01147	0.01711	0.01571	0.02377	0.01491	0.03870	0.45388	0.00846	0.28884	0.00725	0.00362	0.00704
65	0.02252	0.01434	0.01698	0.01261	0.01871	0.01267	0.01028	0.16131	0.02067	0.21446	0.01818	0.01822	0.01308	0.00708	0.00631	0.00163	0.00615	0.00560	0.00621	0.41299
66	0.02596	0.03184	0.02031	0.01829	0.02190	0.61594	0.01387	0.06462	0.02059	0.01933	0.01192	0.01420	0.00996	0.00999	0.04094	0.00241	0.04047	0.00500	0.00393	0.00854
67	0.01031	0.00770	0.00978	0.01019	0.01204	0.00717	0.00820	0.01325	0.01804	0.02389	0.29302	0.08892	0.21551	0.01779	0.00911	0.00272	0.00464	0.23392	0.00720	0.00659
68	0.03218	0.01307	0.01730	0.01327	0.01891	0.01173	0.01096	0.09168	0.02198	0.64631	0.02769	0.02410	0.01750	0.00897	0.00731	0.00224	0.00634	0.00724	0.00885	0.01237
69	0.01404	0.00725	0.00730	0.00712	0.00896	0.00733	0.00539	0.03993	0.01591	0.02775	0.02349	0.02676	0.01841	0.00848	0.00516	0.00171	0.00355	0.00677	0.75771	0.00697
70	0.01470	0.03675	0.67534	0.02119	0.03177	0.01695	0.05754	0.02303	0.01543	0.02303	0.01312	0.01555	0.00929	0.00687	0.00699	0.00231	0.01081	0.00552	0.00310	0.01070
71	0.00885	0.00683	0.00809	0.00892	0.01027	0.00607	0.00625	0.01051	0.01549	0.01977	0.10132	0.41564	0.31514	0.02041	0.00895	0.00270	0.00394	0.01794	0.00684	0.00607
72	0.00886	0.00633	0.00843	0.01012	0.01054	0.00590	0.00675	0.01012	0.01392	0.01856	0.04006	0.73979	0.04808	0.02277	0.00928	0.00295	0.00422	0.02066	0.00675	0.00590
73	0.01731	0.01482	0.01577	0.01432	0.01816	0.01702	0.01108	0.03621	0.62539	0.02984	0.06166	0.05923	0.02551	0.01066	0.00753	0.00248	0.00558	0.00899	0.00740	0.01104
74	0.01746	0.01137	0.01229	0.01088	0.01374	0.01204	0.00843	0.24247	0.02151	0.03184	0.02484	0.16702	0.02239	0.01143	0.00668	0.00211	0.00514	0.00949	0.36035	0.00853
75	0.17538	0.46637	0.06982	0.01318	0.01873	0.06339	0.01271	0.02186	0.01438	0.02063	0.01030	0.01230	0.00905	0.00691	0.00626	0.00187	0.06026	0.00421	0.00343	0.00897
76	0.00974	0.00704	0.00904	0.00925	0.01059	0.00646	0.00665	0.01207	0.01765	0.02417	0.39675	0.26579	0.13179	0.01810	0.00955	0.03245	0.00381	0.01545	0.00729	0.00634
77	0.01598	0.01346	0.01556	0.01120	0.01761	0.01062	0.00899	0.06591	0.01646	0.02529	0.01325	0.01525	0.01088	0.00563	0.00552	0.00116	0.00557	0.00447	0.00452	0.73268
78	0.02227	0.01541	0.01738	0.01433	0.01902	0.01631	0.01167	0.28549	0.16777	0.12679	0.07013	0.03059	0.04299	0.01060	0.00758	0.00231	0.00655	0.06867	0.00734	0.05679
79	0.00915	0.00656	0.00832	0.00953	0.01010	0.00613	0.00630	0.01036	0.01388	0.01838	0.06602	0.55445	0.09706	0.13168	0.01340	0.00351	0.00457	0.01841	0.00644	0.00573
80	0.02355	0.17255	0.02683	0.02106	0.10436	0.33001	0.06225	0.11148	0.04121	0.02284	0.01294	0.01488	0.01053	0.00725	0.00652	0.00194	0.01053	0.00538	0.00417	0.00969
81	0.01554	0.08521	0.52709	0.02012	0.02949	0.01800	0.07067	0.02483	0.09635	0.02350	0.01495	0.01681	0.01091	0.00716	0.00692	0.00228	0.01003	0.00584	0.00364	0.01066
82	0.05353	0.01563	0.02427	0.21157	0.32961	0.01779	0.01906	0.02208	0.07779	0.02249	0.01416	0.01858	0.01157	0.00799	0.00971	0.00242	0.12153	0.00650	0.00384	0.00990
83	0.00884	0.00640	0.00836	0.00992	0.01049	0.00592	0.00666	0.01014	0.01411	0.01863	0.04249	0.69136	0.09495	0.02246	0.00923	0.00292	0.00418	0.02028	0.00675	0.00592
84	0.02389	0.01099	0.01434	0.01192	0.01597	0.00998	0.00945	0.07324	0.02047	0.41062	0.13837	0.14370	0.05976	0.01250	0.00788	0.00237	0.00546	0.01064	0.00826	0.01020
85	0.23453	0.02126	0.14921	0.01479	0.02056	0.07787	0.01383	0.18254	0.04069	0.09785	0.01717	0.06850	0.01371	0.00880	0.00653	0.00227	0.00780	0.00659	0.00553	0.00998
86	0.02173	0.48736	0.06141	0.01476	0.02044	0.22651	0.01357	0.04573	0.01713	0.01852	0.01080	0.01243	0.00943	0.00670	0.00539	0.00170	0.00945	0.00427	0.00343	0.00923
87	0.01761	0.02851	0.41280	0.02424	0.11210	0.01660	0.12745	0.02428	0.01630	0.10448	0.01514	0.01749	0.01084	0.00717	0.00781	0.00233	0.03382	0.00628	0.00394	0.01079
88	0.02248	0.08512	0.09396	0.01419	0.01927	0.12580	0.01262	0.04123	0.05497	0.24202	0.12249	0.02661	0.02309	0.01050	0.02402	0.00236	0.00785	0.02722	0.00633	0.03788

[dist]
# distance from previous block
# <min> <max>
0	1

[block]
# block no. 1 follows, 28 sequences, length 35
# corresponding to MSA columns:
# 454-488
name=unknown_B
#
# <colnr> <probs for GDERKNQSTAVLIFYWHMCP>
#	G	D	E	R	K	N	Q	S	T	A	V	L	I	F	Y	W	H	M	C	P
0	0.00909	0.00649	0.00870	0.01039	0.01091	0.00611	0.00715	0.01052	0.01415	0.01882	0.03994	0.68614	0.04757	0.02255	0.00934	0.00298	0.00442	0.07202	0.00674	0.00597
1	0.08645	0.07185	0.02286	0.01963	0.09061	0.21230	0.05137	0.12978	0.03650	0.12718	0.01542	0.01677	0.01165	0.00807	0.00810	0.00217	0.06819	0.00588	0.00513	0.01009
2	0.01635	0.01526	0.02532	0.09409	0.51779	0.01556	0.01954	0.02088	0.03983	0.02287	0.01813	0.10814	0.01710	0.00905	0.00755	0.00232	0.00802	0.02761	0.00418	0.01041
3	0.00886	0.00633	0.00843	0.01012	0.01054	0.00590	0.00675	0.01012	0.01392	0.01856	0.04006	0.73979	0.04808	0.02277	0.00928	0.00295	0.00422	0.02066	0.00675	0.00590
4	0.01067	0.00761	0.01082	0.01082	0.01199	0.00865	0.00818	0.01300	0.01184	0.01736	0.02024	0.03079	0.01923	0.13612	0.57380	0.01029	0.01662	0.00805	0.06766	0.00626
5	0.02724	0.07926	0.02212	0.01586	0.02149	0.06160	0.01316	0.46376	0.05823	0.13640	0.01864	0.01820	0.01318	0.00854	0.00703	0.00213	0.00792	0.00640	0.00698	0.01185
6	0.01054	0.00719	0.00863	0.00863	0.00887	0.00743	0.00528	0.01102	0.01078	0.01461	0.02226	0.04401	0.02488	0.61539	0.16403	0.00791	0.00937	0.01005	0.00431	0.00479
7	0.00900	0.00669	0.00809	0.00912	0.01003	0.00611	0.00613	0.01026	0.01420	0.01829	0.04681	0.47722	0.21661	0.11091	0.01253	0.00333	0.00443	0.01801	0.00646	0.00578
8	0.01585	0.30264	0.32496	0.01623	0.02332	0.02048	0.01829	0.02067	0.01467	0.01988	0.01483	0.09824	0.01380	0.00889	0.00749	0.00215	0.05799	0.00665	0.00352	0.00945
9	0.04207	0.01813	0.02275	0.12812	0.13393	0.10488	0.09630	0.08418	0.18902	0.02631	0.01836	0.02051	0.01409	0.00789	0.00713	0.00225	0.00856	0.00690	0.05857	0.01004
10	0.01683	0.32970	0.32038	0.06517	0.06659	0.02185	0.04381	0.02218	0.01519	0.02032	0.01191	0.01439	0.00949	0.00659	0.00608	0.00200	0.00937	0.00501	0.00315	0.00999
11	0.01659	0.01485	0.02177	0.01760	0.06925	0.01300	0.14041	0.02259	0.09877	0.04497	0.01586	0.01795	0.01250	0.00627	0.00644	0.00163	0.00703	0.00587	0.00466	0.46199
12	0.01514	0.01309	0.01653	0.01189	0.01820	0.01013	0.05184	0.01857	0.01522	0.02381	0.01351	0.01589	0.01113	0.00557	0.00558	0.00119	0.00575	0.00469	0.03823	0.70405
13	0.00886	0.00633	0.00843	0.01012	0.01054	0.00590	0.00675	0.01012	0.01392	0.01856	0.04006	0.73979	0.04808	0.02277	0.00928	0.00295	0.00422	0.02066	0.00675	0.00590
14	0.02715	0.03464	0.02060	0.01873	0.02247	0.71536	0.01404	0.02903	0.02060	0.01779	0.01124	0.01311	0.00936	0.00749	0.00655	0.00187	0.01311	0.00468	0.00375	0.00843
15	0.01585	0.01338	0.01549	0.01114	0.01756	0.01049	0.00894	0.05900	0.01626	0.02506	0.01320	0.01522	0.01087	0.00559	0.00550	0.00115	0.00555	0.00445	0.00449	0.74084
16	0.00886	0.00633	0.00843	0.01012	0.01054	0.00590	0.00675	0.01012	0.01392	0.01856	0.04006	0.73979	0.04808	0.02277	0.00928	0.00295	0.00422	0.02066	0.00675	0.00590
17	0.00886	0.00633	0.00843	0.01012	0.01054	0.00590	0.00675	0.01012	0.01392	0.01856	0.04006	0.73979	0.04808	0.02277	0.00928	0.00295	0.00422	0.02066	0.00675	0.00590
18	0.03052	0.01367	0.01742	0.01358	0.01907	0.01287	0.01115	0.11282	0.09089	0.55554	0.02742	0.02411	0.01775	0.00905	0.00731	0.00226	0.00636	0.00731	0.00862	0.01228
19	0.02763	0.02036	0.02182	0.01672	0.02254	0.02254	0.01382	0.67496	0.03418	0.04581	0.01745	0.01745	0.01236	0.00873	0.00727	0.00218	0.00800	0.00654	0.00727	0.01236
20	0.01053	0.00720	0.00872	0.00872	0.00900	0.00748	0.00540	0.01108	0.01081	0.01468	0.02217	0.04353	0.02467	0.59808	0.18106	0.00803	0.00968	0.00998	0.00430	0.00485
21	0.01033	0.00709	0.00786	0.00786	0.00816	0.00693	0.00454	0.01055	0.01131	0.01478	0.02918	0.05034	0.10929	0.65471	0.03348	0.00648	0.00663	0.01116	0.00469	0.00462
22	0.02444	0.01728	0.01841	0.01447	0.01935	0.01897	0.01184	0.52583	0.02989	0.04157	0.01887	0.01964	0.01378	0.00867	0.00678	0.00207	0.00695	0.00660	0.18351	0.01110
23	0.01761	0.01836	0.07119	0.06969	0.63255	0.01720	0.02251	0.02221	0.01640	0.02350	0.01360	0.01788	0.01130	0.00653	0.00718	0.00218	0.00881	0.00641	0.00355	0.01133
24	0.01594	0.01375	0.01439	0.01312	0.01685	0.01538	0.01015	0.03226	0.53490	0.02798	0.03953	0.03679	0.17438	0.01179	0.00767	0.00246	0.00529	0.00983	0.00725	0.01029
25	0.00994	0.00724	0.00844	0.00895	0.00997	0.00683	0.00622	0.01118	0.01373	0.01752	0.04219	0.15991	0.22102	0.31978	0.02068	0.00457	0.00563	0.11494	0.00577	0.00547
26	0.48567	0.01670	0.07010	0.03823	0.01818	0.01712	0.01109	0.13909	0.01676	0.03277	0.01261	0.01450	0.00959	0.00748	0.00609	0.00225	0.03488	0.00489	0.05315	0.00886
27	0.01492	0.01080	0.01240	0.01211	0.01458	0.05507	0.00977	0.01968	0.08223	0.09827	0.25858	0.07483	0.06396	0.01535	0.00871	0.00265	0.00570	0.22524	0.00726	0.00789
28	0.00886	0.00633	0.00843	0.01012	0.01054	0.00590	0.00675	0.01012	0.01392	0.01856	0.04006	0.73979	0.04808	0.02277	0.00928	0.00295	0.00422	0.02066	0.00675	0.00590
29	0.00926	0.00714	0.00799	0.00819	0.00974	0.00638	0.00571	0.01090	0.01561	0.01984	0.15101	0.17344	0.37118	0.15450	0.01402	0.00337	0.00436	0.01500	0.00650	0.00588
30	0.05228	0.01238	0.01511	0.04073	0.01833	0.01240	0.01083	0.07222	0.14593	0.28964	0.03386	0.03833	0.10614	0.01185	0.00779	0.00248	0.00611	0.10584	0.00755	0.01022
31	0.01568	0.01479	0.02479	0.33654	0.34990	0.01643	0.02049	0.02006	0.01548	0.02115	0.01472	0.02248	0.01253	0.00790	0.00805	0.00239	0.03706	0.04637	0.00361	0.00959
32	0.01927	0.01880	0.02796	0.08654	0.52971	0.09498	0.04338	0.02335	0.01705	0.04934	0.01397	0.01786	0.01139	0.00673	0.00718	0.00216	0.00924	0.00638	0.00380	0.01091
33	0.02178	0.01786	0.01799	0.01477	0.01964	0.08859	0.01188	0.27273	0.15212	0.05711	0.05974	0.02509	0.01908	0.00937	0.00717	0.00210	0.00724	0.04876	0.00650	0.14047
34	0.01611	0.24242	0.42928	0.01980	0.08139	0.01999	0.02150	0.02223	0.01548	0.02159	0.03876	0.01600	0.01174	0.00698	0.00634	0.00207	0.00942	0.00533	0.00332	0.01024

[dist]
# distance from previous block
# <min> <max>
0	56

[block]
# block no. 2 follows, 28 sequences, length 35
# corresponding to MSA columns:
# 545-579
name=unknown_C
#
# <colnr> <probs for GDERKNQSTAVLIFYWHMCP>
#	G	D	E	R	K	N	Q	S	T	A	V	L	I	F	Y	W	H	M	C	P
0	0.01667	0.01809	0.03653	0.12198	0.10989	0.01837	0.44831	0.02196	0.01612	0.02212	0.01382	0.01902	0.01075	0.00700	0.00984	0.00249	0.08605	0.00784	0.00356	0.00957
1	0.00995	0.00717	0.00942	0.00937	0.01079	0.00664	0.00683	0.01288	0.01902	0.02668	0.54257	0.21413	0.06380	0.01671	0.00874	0.00244	0.00361	0.01490	0.00771	0.00664
2	0.00884	0.00640	0.00836	0.00992	0.01049	0.00592	0.00666	0.01014	0.01411	0.01863	0.04252	0.69086	0.09543	0.02245	0.00923	0.00292	0.00418	0.02028	0.00675	0.00592
3	0.01520	0.15383	0.52609	0.01901	0.02827	0.01834	0.04551	0.02217	0.01530	0.02196	0.03087	0.01643	0.01122	0.00887	0.03492	0.00256	0.01045	0.00554	0.00326	0.01020
4	0.01122	0.00771	0.00912	0.00892	0.00937	0.00801	0.00558	0.03758	0.01171	0.01584	0.02210	0.04313	0.02446	0.59762	0.15135	0.00764	0.00920	0.00994	0.00443	0.00508
5	0.00902	0.00677	0.00815	0.00904	0.01011	0.00614	0.00617	0.01047	0.01480	0.01911	0.08850	0.43536	0.23950	0.08765	0.01159	0.00314	0.00427	0.01769	0.00661	0.00589
6	0.01720	0.01667	0.02891	0.10536	0.56979	0.01684	0.06553	0.02160	0.01641	0.02309	0.01582	0.02009	0.03586	0.00695	0.00735	0.00221	0.00880	0.00694	0.00368	0.01089
7	0.04966	0.01782	0.01920	0.01641	0.04711	0.04369	0.01265	0.43717	0.06802	0.07212	0.02140	0.12235	0.01811	0.01064	0.00745	0.00230	0.00735	0.00857	0.00693	0.01105
8	0.01626	0.01627	0.02995	0.28634	0.30745	0.01714	0.17760	0.02120	0.01597	0.02178	0.01365	0.01888	0.01074	0.00668	0.00755	0.00232	0.00988	0.00697	0.00348	0.00987
9	0.01794	0.13327	0.15008	0.11157	0.22339	0.09315	0.12533	0.02278	0.01636	0.02129	0.01284	0.01648	0.01026	0.00666	0.00693	0.00214	0.01006	0.00604	0.00342	0.01004
10	0.11719	0.11931	0.02187	0.05211	0.04021	0.30343	0.02976	0.06750	0.13710	0.02380	0.01482	0.01612	0.01175	0.00766	0.00635	0.00205	0.00957	0.00546	0.00459	0.00936
11	0.01219	0.00747	0.00809	0.00789	0.00866	0.00755	0.00498	0.03809	0.01298	0.01950	0.02296	0.03982	0.02338	0.47911	0.02557	0.00514	0.00590	0.00919	0.25605	0.00547
12	0.00918	0.00684	0.00855	0.00928	0.01047	0.00620	0.00652	0.01113	0.01623	0.02158	0.21981	0.41734	0.19075	0.01976	0.00895	0.00267	0.00390	0.01756	0.00708	0.00620
13	0.01954	0.41077	0.02854	0.01301	0.01894	0.04750	0.01173	0.09502	0.08422	0.02304	0.01351	0.01463	0.01126	0.00672	0.00545	0.00162	0.00727	0.00473	0.00428	0.17822
14	0.01272	0.01088	0.01173	0.05011	0.01492	0.07397	0.00878	0.04759	0.06491	0.02144	0.10014	0.40505	0.03845	0.06680	0.03484	0.00325	0.00626	0.01493	0.00623	0.00700
15	0.00945	0.00700	0.00895	0.01029	0.01141	0.00651	0.00761	0.01130	0.01510	0.01950	0.04665	0.45286	0.18068	0.02126	0.00931	0.00294	0.00467	0.16164	0.00674	0.00613
16	0.00983	0.00642	0.00809	0.00943	0.01011	0.00608	0.00640	0.01153	0.01419	0.02032	0.03668	0.59244	0.04199	0.01982	0.00841	0.00269	0.00405	0.01779	0.16764	0.00608
17	0.01769	0.01814	0.03052	0.05490	0.41280	0.06019	0.17461	0.02208	0.01636	0.02245	0.01393	0.01867	0.01154	0.00968	0.05152	0.00284	0.04117	0.00694	0.00362	0.01037
18	0.01590	0.01590	0.02226	0.01908	0.01908	0.02226	0.01590	0.01749	0.01113	0.01749	0.00954	0.01590	0.00954	0.01272	0.02385	0.00318	0.73123	0.00636	0.00318	0.00795
19	0.00955	0.00682	0.00803	0.00870	0.00929	0.00644	0.00552	0.01037	0.01293	0.01681	0.03843	0.32505	0.15039	0.33412	0.02115	0.00464	0.00535	0.01538	0.00573	0.00530
20	0.27953	0.09514	0.17343	0.01528	0.02179	0.01948	0.04090	0.19505	0.04500	0.03194	0.01364	0.01497	0.01018	0.00735	0.00606	0.00219	0.00788	0.00529	0.00485	0.01006
21	0.01880	0.01749	0.01666	0.01519	0.01910	0.10255	0.01183	0.03601	0.56394	0.02834	0.02789	0.02877	0.02183	0.01020	0.00746	0.00245	0.00671	0.04705	0.00691	0.01084
22	0.02192	0.01756	0.02191	0.01638	0.02243	0.01757	0.09239	0.37248	0.02559	0.03541	0.01636	0.03777	0.01273	0.00778	0.00690	0.00189	0.00760	0.00650	0.00590	0.25294
23	0.02296	0.01023	0.01378	0.01129	0.01523	0.00903	0.00903	0.02604	0.02071	0.41231	0.31696	0.03752	0.03987	0.01153	0.00786	0.00227	0.00499	0.00983	0.00857	0.00999
24	0.00885	0.00737	0.00772	0.00764	0.00998	0.00625	0.00573	0.01093	0.01718	0.02109	0.16865	0.06756	0.60032	0.01787	0.00859	0.00243	0.00364	0.01501	0.00694	0.00625
25	0.01558	0.01080	0.01372	0.01307	0.01648	0.01026	0.01107	0.05178	0.06637	0.08699	0.03061	0.05570	0.03033	0.01472	0.00850	0.00265	0.00637	0.37892	0.00649	0.16959
26	0.01943	0.74891	0.03809	0.01244	0.01866	0.02876	0.01244	0.02177	0.01477	0.01710	0.01011	0.01166	0.00933	0.00622	0.00466	0.00155	0.00777	0.00389	0.00311	0.00933
27	0.00883	0.00642	0.00834	0.00987	0.01048	0.00593	0.00663	0.01015	0.01416	0.01866	0.04316	0.67793	0.10794	0.02237	0.00921	0.00291	0.00417	0.02017	0.00675	0.00593
28	0.01008	0.00777	0.00911	0.00946	0.01114	0.00732	0.00697	0.01329	0.06090	0.02136	0.15508	0.21493	0.27195	0.08549	0.01144	0.00306	0.00453	0.08289	0.00677	0.00646
29	0.01029	0.00776	0.01106	0.01398	0.07508	0.00746	0.00921	0.01227	0.01474	0.01970	0.03730	0.53713	0.04341	0.02071	0.00924	0.00296	0.00514	0.14953	0.00645	0.00659
30	0.01716	0.01702	0.05027	0.02862	0.29124	0.04258	0.12820	0.05481	0.08648	0.02463	0.01924	0.02262	0.04096	0.01199	0.07276	0.00309	0.00959	0.00741	0.06123	0.01009
31	0.01036	0.00760	0.01032	0.01149	0.01230	0.00781	0.00869	0.01227	0.01418	0.01896	0.03499	0.38428	0.04007	0.09041	0.06424	0.00410	0.04211	0.21353	0.00613	0.00615
32	0.01001	0.00755	0.00944	0.01009	0.01184	0.00698	0.00799	0.01261	0.01714	0.02229	0.19642	0.16658	0.25257	0.01878	0.00915	0.00278	0.00467	0.21967	0.00701	0.00644
33	0.01840	0.01734	0.01939	0.15970	0.09395	0.09001	0.01464	0.04881	0.39921	0.02649	0.02245	0.02296	0.01705	0.00873	0.00726	0.00236	0.00765	0.00728	0.00581	0.01053
34	0.01735	0.18390	0.12479	0.02363	0.09715	0.07144	0.24445	0.02188	0.01613	0.02093	0.01531	0.08303	0.01372	0.00809	0.00762	0.00222	0.02748	0.00765	0.00374	0.00949

[dist]
# distance from previous block
# <min> <max>
1	4

[block]
# block no. 3 follows, 28 sequences, length 50
# corresponding to MSA columns:
# 584-633
name=unknown_D
#
# <colnr> <probs for GDERKNQSTAVLIFYWHMCP>
#	G	D	E	R	K	N	Q	S	T	A	V	L	I	F	Y	W	H	M	C	P
0	0.01698	0.16187	0.25363	0.04746	0.09482	0.04015	0.22231	0.02270	0.01594	0.02164	0.01293	0.01630	0.01004	0.00666	0.00743	0.00221	0.02732	0.00623	0.00334	0.01004
1	0.01031	0.00739	0.00966	0.01095	0.01201	0.00714	0.00841	0.01232	0.01484	0.01934	0.03967	0.29981	0.09701	0.12924	0.01369	0.00369	0.00565	0.28647	0.00637	0.00604
2	0.01757	0.01583	0.02499	0.33885	0.31413	0.01757	0.02011	0.11831	0.01831	0.02479	0.01391	0.01852	0.01084	0.00716	0.00724	0.00228	0.00900	0.00648	0.00399	0.01014
3	0.01805	0.02172	0.15466	0.15973	0.03615	0.01849	0.30389	0.14805	0.01961	0.02668	0.01459	0.01838	0.01070	0.00699	0.00777	0.00237	0.01067	0.00720	0.00417	0.01014
4	0.05976	0.02652	0.08460	0.01608	0.02043	0.38241	0.01333	0.10220	0.02027	0.02268	0.02256	0.04519	0.11383	0.01092	0.02606	0.00235	0.01038	0.00711	0.00469	0.00863
5	0.00951	0.00723	0.00855	0.00891	0.01035	0.00663	0.00628	0.01184	0.03330	0.02128	0.20328	0.27678	0.26048	0.08800	0.01148	0.00301	0.00417	0.01589	0.00684	0.00621
6	0.00914	0.00664	0.00887	0.01014	0.01080	0.00646	0.00697	0.01061	0.01361	0.01821	0.03816	0.56538	0.07999	0.05113	0.12258	0.00445	0.00671	0.01798	0.00622	0.00596
7	0.02088	0.05945	0.26145	0.02335	0.12707	0.32539	0.03599	0.02552	0.01787	0.02061	0.01227	0.01472	0.00967	0.00705	0.00675	0.00207	0.01140	0.00526	0.00346	0.00976
8	0.01263	0.00631	0.00947	0.00947	0.00947	0.00631	0.00631	0.00947	0.00947	0.01263	0.01263	0.02210	0.01263	0.02525	0.02841	0.78851	0.00631	0.00631	0.00316	0.00316
9	0.00901	0.00647	0.00842	0.00982	0.01037	0.00603	0.00656	0.01034	0.01417	0.01887	0.07267	0.63522	0.07797	0.06381	0.01081	0.00313	0.00432	0.01947	0.00667	0.00588
10	0.02125	0.41251	0.06899	0.01503	0.02054	0.22783	0.01363	0.02595	0.09548	0.01921	0.01290	0.01412	0.01084	0.00706	0.00567	0.00180	0.00927	0.00471	0.00380	0.00940
11	0.05023	0.05446	0.38303	0.01815	0.02642	0.01883	0.02017	0.22142	0.05979	0.05602	0.01570	0.01674	0.01119	0.00767	0.00689	0.00224	0.00915	0.00585	0.00487	0.01117
12	0.01731	0.13260	0.06215	0.02706	0.09499	0.02041	0.38636	0.02208	0.01576	0.02149	0.01306	0.01751	0.01052	0.00719	0.01006	0.00239	0.11872	0.00720	0.00348	0.00965
13	0.08597	0.01867	0.04589	0.08800	0.16879	0.06217	0.20603	0.06021	0.01688	0.05559	0.01377	0.01766	0.01078	0.00765	0.00963	0.00241	0.10929	0.00675	0.00407	0.00979
14	0.00924	0.00677	0.00832	0.00916	0.01006	0.00624	0.00618	0.01070	0.01475	0.01942	0.12591	0.42519	0.16848	0.12894	0.01321	0.00339	0.00444	0.01722	0.00655	0.00584
15	0.00980	0.00730	0.00915	0.00914	0.01081	0.00664	0.00681	0.01258	0.01857	0.02526	0.43805	0.16142	0.19170	0.01703	0.00876	0.00247	0.00376	0.04669	0.00749	0.00656
16	0.01812	0.15521	0.23313	0.02084	0.02874	0.01825	0.23630	0.02365	0.01635	0.08855	0.01458	0.01699	0.01084	0.00658	0.00696	0.00210	0.00977	0.00626	0.00397	0.08280
17	0.02019	0.01634	0.06717	0.28457	0.14737	0.01618	0.03699	0.12420	0.01921	0.14899	0.01698	0.01978	0.01218	0.00765	0.00722	0.00228	0.00858	0.00663	0.02720	0.01029
18	0.00887	0.00646	0.00837	0.00982	0.01048	0.00595	0.00663	0.01026	0.01437	0.01897	0.06251	0.65440	0.11190	0.02212	0.00919	0.00288	0.00414	0.01993	0.00678	0.00595
19	0.00914	0.00734	0.00815	0.00803	0.01018	0.00636	0.00599	0.01146	0.01773	0.02260	0.26883	0.09129	0.47242	0.01746	0.00861	0.00242	0.00362	0.01486	0.00715	0.00636
20	0.03954	0.11511	0.07275	0.02324	0.16692	0.06131	0.11381	0.04298	0.01784	0.20398	0.01726	0.01870	0.01263	0.00750	0.00755	0.00217	0.03569	0.00643	0.02395	0.01064
21	0.00890	0.00679	0.00819	0.00908	0.01032	0.00607	0.00634	0.01057	0.01546	0.01994	0.11407	0.44476	0.27226	0.02052	0.00898	0.00272	0.00396	0.01812	0.00687	0.00607
22	0.00880	0.00655	0.00821	0.00953	0.01039	0.00595	0.00649	0.01019	0.01448	0.01879	0.04726	0.59632	0.18691	0.02184	0.00913	0.00285	0.00410	0.01952	0.00675	0.00595
23	0.07043	0.07586	0.02038	0.11509	0.12746	0.06927	0.01362	0.18241	0.02021	0.05690	0.01639	0.01986	0.01297	0.04369	0.00794	0.00231	0.00773	0.00626	0.12163	0.00959
24	0.13267	0.04287	0.04185	0.01244	0.01764	0.09445	0.03252	0.01954	0.01584	0.02425	0.07907	0.06390	0.01794	0.00795	0.00608	0.00169	0.00659	0.00634	0.00466	0.37170
25	0.04337	0.05982	0.02012	0.01635	0.06871	0.05684	0.01232	0.27705	0.08687	0.03276	0.04934	0.01887	0.01511	0.00786	0.00660	0.00188	0.00716	0.00613	0.00579	0.20704
26	0.09221	0.05193	0.10100	0.01469	0.01934	0.01484	0.06934	0.16333	0.01962	0.02823	0.11348	0.05152	0.07550	0.01717	0.11335	0.00371	0.00906	0.02730	0.00550	0.00888
27	0.01560	0.24847	0.35167	0.01717	0.02494	0.01911	0.06539	0.02127	0.01608	0.02215	0.11434	0.02035	0.01826	0.00783	0.00659	0.00208	0.00885	0.00631	0.00386	0.00966
28	0.01744	0.03885	0.01690	0.01554	0.08263	0.01433	0.01095	0.17435	0.12033	0.02919	0.06278	0.13028	0.02301	0.03319	0.00801	0.00225	0.00606	0.00897	0.06383	0.14111
29	0.01869	0.11723	0.41287	0.01948	0.02826	0.01860	0.08502	0.10537	0.01830	0.08743	0.01483	0.01644	0.01060	0.00717	0.00688	0.00221	0.00977	0.00583	0.00420	0.01083
30	0.01628	0.01908	0.12866	0.23395	0.41581	0.01690	0.02239	0.02136	0.01580	0.02218	0.01337	0.01799	0.01065	0.00676	0.00717	0.00225	0.00925	0.00631	0.00341	0.01043
31	0.01485	0.01447	0.02020	0.01774	0.01781	0.01982	0.01453	0.01639	0.01155	0.01765	0.01411	0.12420	0.01531	0.01423	0.02167	0.00315	0.62247	0.00850	0.00371	0.00765
32	0.08090	0.01579	0.11770	0.01322	0.01821	0.03446	0.01213	0.02668	0.05789	0.29720	0.02235	0.02302	0.01599	0.01585	0.12179	0.00372	0.00885	0.00675	0.09749	0.01000
33	0.02545	0.02991	0.01952	0.01734	0.02128	0.54407	0.01320	0.12388	0.02225	0.02216	0.01812	0.01918	0.07532	0.00872	0.00686	0.00197	0.01145	0.00598	0.00456	0.00880
34	0.02051	0.01107	0.01389	0.01150	0.01522	0.01049	0.00916	0.11998	0.02250	0.26436	0.33478	0.03931	0.07189	0.01208	0.00794	0.00227	0.00508	0.01024	0.00818	0.00955
35	0.17566	0.01443	0.01678	0.01312	0.01857	0.01433	0.01083	0.17198	0.02212	0.43409	0.02273	0.02071	0.01486	0.00851	0.00677	0.00223	0.00647	0.00651	0.00777	0.01152
36	0.13360	0.08607	0.10540	0.02484	0.03201	0.01885	0.44814	0.02283	0.01604	0.02410	0.01344	0.01729	0.01022	0.00631	0.00745	0.00233	0.01071	0.00714	0.00369	0.00957
37	0.01238	0.00875	0.01029	0.01023	0.01134	0.00887	0.00691	0.10990	0.01592	0.02133	0.05579	0.33853	0.03521	0.29803	0.01961	0.00439	0.00584	0.01437	0.00597	0.00633
38	0.01256	0.00729	0.00965	0.01035	0.01151	0.00672	0.00713	0.01395	0.01465	0.12073	0.03682	0.57070	0.04163	0.08549	0.01147	0.00321	0.00477	0.01776	0.00687	0.00674
39	0.13060	0.00881	0.00855	0.00817	0.01063	0.00910	0.00639	0.05452	0.01617	0.02767	0.02923	0.03311	0.11540	0.01023	0.00587	0.00200	0.00419	0.03902	0.47318	0.00717
40	0.01764	0.50158	0.16467	0.12094	0.02583	0.02458	0.01638	0.02153	0.01485	0.01846	0.01109	0.01353	0.00936	0.00651	0.00549	0.00183	0.00863	0.00456	0.00312	0.00941
41	0.00966	0.00694	0.00904	0.01026	0.01111	0.00657	0.00738	0.01142	0.01486	0.01970	0.09671	0.44731	0.08858	0.09135	0.01201	0.00333	0.00485	0.13631	0.00662	0.00600
42	0.01169	0.00932	0.00988	0.00903	0.01188	0.00870	0.00696	0.11034	0.01980	0.02497	0.15800	0.05976	0.50028	0.01643	0.00839	0.00239	0.00429	0.01370	0.00701	0.00718
43	0.01825	0.01862	0.02631	0.08956	0.31089	0.10202	0.08516	0.04015	0.05029	0.02240	0.01563	0.02039	0.02796	0.00836	0.00986	0.00238	0.11742	0.02044	0.00396	0.00994
44	0.02052	0.01378	0.02072	0.01755	0.05984	0.01332	0.13762	0.06825	0.11456	0.22256	0.07932	0.03396	0.12558	0.01059	0.00792	0.00237	0.00698	0.02753	0.00684	0.01019
45	0.44141	0.01425	0.01378	0.01151	0.01633	0.01535	0.00939	0.10369	0.05246	0.18199	0.01716	0.03879	0.01275	0.00810	0.00579	0.00223	0.00599	0.00575	0.00604	0.03723
46	0.01458	0.12303	0.02424	0.62016	0.04537	0.01804	0.01903	0.01905	0.01457	0.01835	0.01250	0.01823	0.00964	0.00711	0.00688	0.00229	0.00940	0.00608	0.00321	0.00826
47	0.03958	0.10954	0.31399	0.01525	0.02177	0.01577	0.01679	0.05991	0.06593	0.02472	0.01915	0.08508	0.01650	0.00929	0.00665	0.00221	0.00778	0.02989	0.13078	0.00942
48	0.01860	0.02070	0.04304	0.01919	0.08543	0.24189	0.01431	0.02287	0.07852	0.02034	0.02029	0.03153	0.03479	0.03420	0.03211	0.00294	0.13634	0.12985	0.00461	0.00845
49	0.01648	0.01734	0.02548	0.33272	0.05796	0.12015	0.17898	0.02086	0.01616	0.02030	0.01512	0.06015	0.01263	0.00787	0.00745	0.00229	0.01009	0.00747	0.03434	0.03617

[dist]
# distance from previous block
# <min> <max>
1	52

[block]
# block no. 4 follows, 28 sequences, length 12
# corresponding to MSA columns:
# 736-747
name=unknown_E
#
# <colnr> <probs for GDERKNQSTAVLIFYWHMCP>
#	G	D	E	R	K	N	Q	S	T	A	V	L	I	F	Y	W	H	M	C	P
0	0.01682	0.11464	0.03813	0.01378	0.05792	0.03804	0.01061	0.07799	0.09125	0.06248	0.07819	0.07900	0.06648	0.01340	0.05528	0.00273	0.00695	0.00847	0.12960	0.03823
1	0.18262	0.16565	0.06675	0.05876	0.06336	0.01710	0.01238	0.02008	0.05806	0.02429	0.12349	0.08449	0.02282	0.00999	0.00770	0.00226	0.05911	0.00772	0.00482	0.00853
2	0.14228	0.01532	0.01796	0.01340	0.01947	0.01436	0.05795	0.17185	0.01924	0.03022	0.01366	0.01544	0.01070	0.00643	0.00591	0.00162	0.00653	0.00508	0.00498	0.42760
3	0.07514	0.34897	0.02717	0.01439	0.01959	0.25049	0.01239	0.02630	0.01749	0.12759	0.01343	0.01423	0.01062	0.00711	0.00569	0.00182	0.00913	0.00470	0.00435	0.00942
4	0.01410	0.01191	0.01482	0.01292	0.06529	0.00953	0.00920	0.01731	0.01598	0.02421	0.12333	0.07111	0.02257	0.00816	0.00629	0.00148	0.00523	0.00699	0.00501	0.55458
5	0.00877	0.00699	0.00787	0.00846	0.01013	0.00609	0.00604	0.01049	0.01581	0.01973	0.09298	0.31241	0.42903	0.01981	0.00884	0.00263	0.00386	0.01716	0.00681	0.00609
6	0.00963	0.00737	0.01056	0.12410	0.01683	0.00753	0.00888	0.01147	0.01402	0.01856	0.03575	0.62526	0.04197	0.02031	0.00896	0.00287	0.00509	0.01841	0.00619	0.00625
7	0.02200	0.12289	0.02567	0.04049	0.14654	0.24000	0.05602	0.12794	0.04225	0.02407	0.01565	0.01779	0.03662	0.00798	0.00760	0.00208	0.04413	0.00608	0.00438	0.00981
8	0.01780	0.01588	0.01862	0.25421	0.02954	0.05604	0.01455	0.08611	0.34434	0.02697	0.02172	0.02290	0.01630	0.00871	0.00722	0.00237	0.00760	0.00724	0.03179	0.01010
9	0.00914	0.00683	0.00855	0.00968	0.01078	0.00624	0.00689	0.01087	0.01526	0.01982	0.09286	0.47402	0.20515	0.02095	0.00913	0.00282	0.00425	0.07384	0.00683	0.00609
10	0.01483	0.03122	0.51220	0.13520	0.07875	0.01688	0.06559	0.02228	0.01541	0.02238	0.01317	0.01643	0.00955	0.00689	0.00709	0.00232	0.01053	0.00582	0.00317	0.01031
11	0.05126	0.02141	0.08084	0.01753	0.04788	0.05271	0.01466	0.49020	0.02916	0.07373	0.01712	0.01814	0.01246	0.02973	0.00798	0.00232	0.00830	0.00642	0.00652	0.01163

[dist]
# distance from previous block
# <min> <max>
5	6

[block]
# block no. 5 follows, 28 sequences, length 9
# corresponding to MSA columns:
# 755-763
name=unknown_F
#
# <colnr> <probs for GDERKNQSTAVLIFYWHMCP>
#	G	D	E	R	K	N	Q	S	T	A	V	L	I	F	Y	W	H	M	C	P
0	0.00893	0.00645	0.00846	0.00992	0.01053	0.00598	0.00669	0.01037	0.01448	0.01929	0.08346	0.66158	0.08289	0.02204	0.00920	0.00288	0.00414	0.01991	0.00683	0.00598
1	0.01037	0.00861	0.01381	0.01311	0.01480	0.00805	0.10971	0.01246	0.01458	0.01927	0.03776	0.49863	0.09325	0.06296	0.01081	0.00310	0.00571	0.05039	0.00613	0.00648
2	0.14005	0.38351	0.14410	0.01444	0.02082	0.11512	0.01446	0.05602	0.01625	0.02205	0.01113	0.01279	0.00924	0.00671	0.00540	0.00186	0.00866	0.00439	0.00361	0.00938
3	0.02000	0.01471	0.01757	0.01487	0.01829	0.06106	0.04143	0.02752	0.19950	0.18476	0.11470	0.02974	0.06929	0.01109	0.01059	0.00248	0.13739	0.00858	0.00664	0.00981
4	0.00906	0.00737	0.00768	0.00776	0.00980	0.00639	0.00567	0.01069	0.01565	0.01889	0.06397	0.06712	0.55872	0.13072	0.01306	0.00321	0.00436	0.04759	0.00638	0.00590
5	0.01040	0.00781	0.00964	0.01070	0.01166	0.00786	0.00733	0.01456	0.11758	0.02009	0.03731	0.58374	0.04264	0.06865	0.01083	0.00315	0.00464	0.01807	0.00669	0.00667
6	0.08494	0.01746	0.08982	0.01847	0.07927	0.01587	0.09657	0.13374	0.12208	0.13462	0.02016	0.02098	0.01464	0.00804	0.00690	0.00222	0.00744	0.00687	0.10935	0.01056
7	0.31691	0.10286	0.14702	0.01480	0.05467	0.03858	0.01343	0.05228	0.03281	0.04695	0.01263	0.01428	0.00978	0.00678	0.00557	0.00201	0.00731	0.00473	0.00431	0.11230
8	0.13917	0.07438	0.27837	0.01761	0.02465	0.15721	0.05085	0.05438	0.07159	0.02474	0.01367	0.01538	0.01038	0.00719	0.00642	0.00214	0.00962	0.00533	0.00404	0.03286

[dist]
# distance from previous block
# <min> <max>
0	1

[block]
# block no. 6 follows, 28 sequences, length 21
# corresponding to MSA columns:
# 768-788
name=unknown_G
#
# <colnr> <probs for GDERKNQSTAVLIFYWHMCP>
#	G	D	E	R	K	N	Q	S	T	A	V	L	I	F	Y	W	H	M	C	P
0	0.05356	0.01574	0.02220	0.05111	0.27895	0.04427	0.01583	0.04760	0.01828	0.28085	0.01892	0.01991	0.01355	0.00792	0.00806	0.00222	0.05119	0.00654	0.00578	0.03754
1	0.01451	0.01467	0.09383	0.13019	0.02337	0.01325	0.05674	0.11441	0.03312	0.02499	0.07928	0.21556	0.05646	0.01297	0.00866	0.00250	0.04014	0.01125	0.04573	0.00837
2	0.01444	0.03359	0.59565	0.13540	0.03448	0.01676	0.02577	0.02230	0.01522	0.02230	0.01302	0.01600	0.00929	0.00696	0.00696	0.00232	0.01057	0.00555	0.00310	0.01031
3	0.02574	0.13837	0.02414	0.01592	0.02170	0.02329	0.01346	0.53178	0.06906	0.04025	0.01697	0.01708	0.01244	0.00839	0.00686	0.00210	0.00783	0.00621	0.00660	0.01182
