[name]
unknown

[dist]
# distance from previous block
# <min> <max>
0	265

[block]
# block no. 0 follows, 35 sequences, length 7
# corresponding to MSA columns:
# 348-354
name=unknown_A
#
# <colnr> <probs for GDERKNQSTAVLIFYWHMCP>
#	G	D	E	R	K	N	Q	S	T	A	V	L	I	F	Y	W	H	M	C	P
0	0.01296	0.01222	0.01711	0.01540	0.01577	0.01638	0.01296	0.01473	0.01095	0.01620	0.01469	0.02840	0.01542	0.01272	0.01778	0.00281	0.57425	0.17903	0.00355	0.00666
1	0.00846	0.00677	0.00858	0.00812	0.00991	0.00604	0.03399	0.01062	0.01534	0.02011	0.31073	0.13249	0.34426	0.04561	0.00856	0.00230	0.00360	0.01277	0.00611	0.00564
2	0.62107	0.01365	0.01177	0.00992	0.01413	0.01560	0.00818	0.19425	0.01559	0.03136	0.01044	0.01155	0.00786	0.00632	0.00454	0.00195	0.00543	0.00401	0.00454	0.00786
3	0.00906	0.00680	0.01020	0.01020	0.01133	0.00793	0.00793	0.01133	0.01020	0.01473	0.01699	0.02492	0.01586	0.04758	0.75191	0.01020	0.01699	0.00680	0.00340	0.00566
4	0.01674	0.45220	0.02525	0.01127	0.01638	0.10756	0.01014	0.01986	0.05527	0.01712	0.01055	0.01187	0.00912	0.00556	0.00457	0.00133	0.00671	0.00379	0.00326	0.21145
5	0.01039	0.00623	0.00857	0.00853	0.00916	0.00619	0.00594	0.01075	0.05314	0.01618	0.19678	0.11737	0.02753	0.01871	0.01735	0.46525	0.00463	0.00862	0.00441	0.00428
6	0.05009	0.42392	0.11819	0.01119	0.01599	0.04800	0.01115	0.01761	0.01435	0.01887	0.19176	0.02002	0.02109	0.00747	0.00525	0.00164	0.00628	0.00563	0.00386	0.00767

[dist]
# distance from previous block
# <min> <max>
0	8

[block]
# block no. 1 follows, 35 sequences, length 56
# corresponding to MSA columns:
# 363-418
name=unknown_B
#
# <colnr> <probs for GDERKNQSTAVLIFYWHMCP>
#	G	D	E	R	K	N	Q	S	T	A	V	L	I	F	Y	W	H	M	C	P
0	0.01737	0.01593	0.02445	0.04910	0.32375	0.05571	0.14294	0.08651	0.08435	0.06761	0.01420	0.01674	0.01103	0.00661	0.00740	0.00201	0.05469	0.00609	0.00404	0.00946
1	0.56310	0.01229	0.01281	0.14310	0.04217	0.01420	0.03377	0.01893	0.04811	0.02543	0.01101	0.01414	0.00875	0.00638	0.00480	0.00203	0.00585	0.02206	0.00386	0.00720
2	0.01631	0.72582	0.03141	0.01071	0.01578	0.02369	0.01050	0.01827	0.01284	0.01502	0.01068	0.06433	0.01054	0.00645	0.00436	0.00144	0.00656	0.00443	0.00294	0.00793
3	0.01582	0.01821	0.11032	0.02078	0.02630	0.06401	0.37959	0.02267	0.12859	0.06225	0.01618	0.05406	0.01278	0.00705	0.00740	0.00212	0.03182	0.00728	0.00406	0.00872
4	0.00821	0.00653	0.00833	0.01010	0.06068	0.00593	0.00647	0.00969	0.01315	0.01686	0.04392	0.46187	0.29014	0.01749	0.00775	0.00237	0.00379	0.01548	0.00569	0.00557
5	0.01638	0.68552	0.07093	0.06456	0.01884	0.02376	0.01202	0.01886	0.01290	0.01530	0.00913	0.01083	0.00816	0.00553	0.00434	0.00145	0.00704	0.00362	0.00272	0.00813
6	0.01709	0.21401	0.14345	0.01364	0.01822	0.23153	0.01263	0.04515	0.08142	0.01847	0.05787	0.01690	0.01353	0.03838	0.04977	0.00238	0.00876	0.00517	0.00369	0.00795
7	0.00969	0.00678	0.00826	0.00919	0.05879	0.00678	0.00495	0.00995	0.00960	0.01290	0.01942	0.03968	0.02214	0.72229	0.03044	0.00585	0.00625	0.00897	0.00379	0.00428
8	0.00889	0.00639	0.00819	0.00924	0.00994	0.00618	0.00633	0.05906	0.01340	0.01788	0.03356	0.71912	0.03975	0.01900	0.00797	0.00253	0.00391	0.01716	0.00592	0.00555
9	0.01459	0.01361	0.02268	0.22563	0.44149	0.01439	0.03967	0.05581	0.01467	0.02025	0.01360	0.06980	0.01192	0.00694	0.00647	0.00200	0.00758	0.00659	0.00343	0.00890
10	0.01423	0.01367	0.02356	0.31992	0.44136	0.01473	0.04441	0.01823	0.01378	0.01895	0.01171	0.01623	0.00941	0.00591	0.00635	0.00198	0.00801	0.00571	0.00302	0.00882
11	0.00997	0.00691	0.00881	0.00977	0.01136	0.00671	0.00828	0.01266	0.01437	0.01940	0.03722	0.06183	0.16362	0.01561	0.00782	0.00254	0.00488	0.45581	0.13667	0.00576
12	0.01342	0.03190	0.69991	0.01787	0.02698	0.01503	0.02274	0.06259	0.01440	0.02130	0.01162	0.01351	0.00820	0.00612	0.00605	0.00200	0.00923	0.00475	0.00290	0.00946
13	0.01713	0.76237	0.03287	0.01099	0.01636	0.04300	0.01089	0.01915	0.01302	0.01494	0.00884	0.01021	0.00814	0.00545	0.00411	0.00136	0.00690	0.00341	0.00273	0.00812
14	0.01315	0.01128	0.01315	0.00940	0.01503	0.00846	0.00752	0.01597	0.01315	0.02067	0.01128	0.01315	0.00940	0.00470	0.00470	0.00094	0.00470	0.00376	0.00376	0.81583
15	0.01956	0.49093	0.02735	0.01297	0.01757	0.30571	0.01140	0.02144	0.01486	0.01516	0.00920	0.01066	0.00815	0.00586	0.00471	0.00146	0.00858	0.00366	0.00293	0.00784
16	0.00922	0.00619	0.00710	0.00710	0.00716	0.00625	0.00407	0.00934	0.00928	0.01243	0.01983	0.04061	0.02267	0.73735	0.07145	0.00637	0.00674	0.00909	0.00382	0.00394
17	0.01095	0.00553	0.00821	0.00821	0.00821	0.00553	0.00545	0.00830	0.00830	0.01107	0.01136	0.02013	0.01148	0.05065	0.02508	0.78476	0.00553	0.00565	0.00280	0.00280
18	0.01275	0.01140	0.01887	0.69068	0.04110	0.01419	0.01708	0.01676	0.01275	0.04571	0.01168	0.01694	0.00874	0.00666	0.00713	0.00214	0.04953	0.00566	0.00302	0.00719
19	0.01648	0.01398	0.01474	0.01305	0.01676	0.01611	0.01021	0.09142	0.66716	0.02767	0.02493	0.02296	0.01864	0.00852	0.00645	0.00213	0.00519	0.00705	0.00645	0.01010
20	0.00876	0.00648	0.00817	0.00775	0.00934	0.00589	0.00581	0.01154	0.01744	0.02420	0.63424	0.04943	0.16052	0.01343	0.00748	0.00202	0.00303	0.01176	0.00682	0.00589
21	0.01509	0.01440	0.02428	0.15762	0.59991	0.01493	0.01886	0.01938	0.03673	0.02016	0.01226	0.01615	0.01008	0.00586	0.00630	0.00193	0.00761	0.00570	0.00319	0.00955
22	0.01696	0.78087	0.03324	0.01085	0.01628	0.02510	0.01085	0.01900	0.01289	0.01493	0.00882	0.01018	0.00814	0.00543	0.00407	0.00136	0.00678	0.00339	0.00271	0.00814
23	0.01408	0.01181	0.01363	0.00998	0.01540	0.00966	0.00800	0.07546	0.04082	0.02238	0.01227	0.01398	0.01003	0.00604	0.02153	0.00127	0.00518	0.00412	0.00407	0.70030
24	0.01570	0.01636	0.03343	0.02424	0.03017	0.01563	0.59048	0.06995	0.03748	0.04073	0.01476	0.04002	0.01162	0.00633	0.00739	0.00215	0.00982	0.02129	0.00378	0.00867
25	0.01578	0.01363	0.01434	0.01291	0.01650	0.01578	0.01004	0.03371	0.72602	0.02654	0.02582	0.02367	0.01937	0.00861	0.00646	0.00215	0.00502	0.00717	0.00646	0.01004
26	0.78955	0.01221	0.00954	0.00846	0.01243	0.01403	0.00697	0.01915	0.01110	0.05752	0.00949	0.01077	0.00723	0.00597	0.00403	0.00196	0.00493	0.00356	0.00409	0.00703
27	0.01489	0.01695	0.03691	0.04756	0.03345	0.01599	0.69470	0.02020	0.01491	0.02020	0.01279	0.01711	0.00959	0.00538	0.00745	0.00214	0.01063	0.00743	0.00320	0.00851
28	0.01740	0.49823	0.12353	0.01364	0.04108	0.15751	0.01292	0.02014	0.01408	0.01618	0.02851	0.01199	0.00955	0.00592	0.00479	0.00153	0.00791	0.00398	0.00294	0.00816
29	0.00886	0.00648	0.00832	0.00786	0.00941	0.00594	0.00589	0.01174	0.01768	0.02478	0.68117	0.04847	0.11323	0.01321	0.00748	0.00201	0.00301	0.01162	0.00690	0.00594
30	0.00879	0.00659	0.00842	0.02934	0.01030	0.00609	0.00613	0.01155	0.01709	0.02359	0.58675	0.06780	0.16704	0.01346	0.00747	0.00204	0.00320	0.01179	0.00666	0.00589
31	0.00773	0.00552	0.00736	0.00883	0.00920	0.00515	0.00589	0.00883	0.01215	0.01619	0.03497	0.77291	0.04196	0.01987	0.00810	0.00258	0.00368	0.01803	0.00589	0.00515
32	0.04606	0.01689	0.01732	0.01429	0.03435	0.06878	0.01132	0.45114	0.14366	0.07753	0.01715	0.01692	0.01240	0.00762	0.00618	0.00192	0.00668	0.00582	0.03384	0.01012
33	0.01567	0.38576	0.24883	0.01613	0.09278	0.05942	0.01546	0.01954	0.01350	0.01748	0.01013	0.01197	0.00838	0.00565	0.00502	0.00160	0.00778	0.00408	0.00284	0.05798
34	0.03546	0.06235	0.27042	0.04480	0.06386	0.09483	0.03388	0.06610	0.03632	0.20838	0.01528	0.01584	0.01069	0.00667	0.00604	0.00192	0.00796	0.00526	0.00449	0.00944
35	0.01696	0.78087	0.03324	0.01085	0.01628	0.02510	0.01085	0.01900	0.01289	0.01493	0.00882	0.01018	0.00814	0.00543	0.00407	0.00136	0.00678	0.00339	0.00271	0.00814
36	0.00769	0.00626	0.00681	0.00704	0.00878	0.00538	0.00514	0.00933	0.01436	0.01777	0.12436	0.19635	0.53566	0.01649	0.00761	0.00221	0.00328	0.01409	0.00600	0.00538
37	0.08373	0.21485	0.21188	0.06190	0.02405	0.07101	0.15221	0.02069	0.01401	0.07275	0.01170	0.01373	0.00888	0.00592	0.00566	0.00184	0.00840	0.00494	0.00333	0.00851
38	0.00771	0.00561	0.00727	0.00861	0.00914	0.00517	0.00579	0.00886	0.01237	0.01628	0.03774	0.70544	0.10763	0.01951	0.00804	0.00254	0.00364	0.01759	0.00589	0.00517
39	0.00751	0.00637	0.00648	0.00657	0.00861	0.00534	0.00489	0.00909	0.01432	0.01708	0.06248	0.10451	0.69260	0.01630	0.00753	0.00217	0.00324	0.01367	0.00589	0.00534
40	0.01467	0.01613	0.09014	0.08585	0.34385	0.01479	0.14969	0.02111	0.11737	0.02132	0.05064	0.01861	0.01353	0.00648	0.00658	0.00201	0.00778	0.00643	0.00376	0.00926
41	0.01193	0.01127	0.01921	0.71499	0.04226	0.01387	0.03858	0.01610	0.01274	0.01633	0.01209	0.04132	0.00957	0.00675	0.00643	0.00213	0.00837	0.00609	0.00293	0.00703
42	0.00774	0.00626	0.00691	0.00734	0.00900	0.00543	0.00540	0.00933	0.01400	0.01723	0.07308	0.23459	0.51042	0.01699	0.00771	0.00229	0.00346	0.05155	0.00592	0.00535
43	0.04468	0.01622	0.04092	0.14369	0.13006	0.09326	0.28948	0.01903	0.01458	0.01940	0.03422	0.02127	0.01286	0.00710	0.00723	0.00211	0.02860	0.06380	0.00347	0.00801
44	0.04131	0.01841	0.13824	0.02142	0.22672	0.04513	0.01537	0.21767	0.01939	0.17134	0.01524	0.01607	0.01091	0.00675	0.00619	0.00192	0.00734	0.00554	0.00494	0.01011
45	0.34617	0.01486	0.02138	0.03068	0.02148	0.03178	0.25726	0.07615	0.01421	0.05303	0.01143	0.01397	0.00868	0.00634	0.00687	0.00208	0.06640	0.00538	0.00390	0.00796
46	0.01391	0.01351	0.02392	0.31487	0.34789	0.01446	0.10912	0.01791	0.01362	0.01859	0.01213	0.01740	0.00991	0.03730	0.00752	0.00218	0.00825	0.00603	0.00305	0.00844
47	0.00985	0.00851	0.00815	0.00789	0.00997	0.06791	0.00590	0.01175	0.01547	0.04209	0.19812	0.09621	0.46616	0.01458	0.00735	0.00209	0.00395	0.01226	0.00597	0.00582
48	0.01315	0.01128	0.01315	0.00940	0.01503	0.00846	0.00752	0.01597	0.01315	0.02067	0.01128	0.01315	0.00940	0.00470	0.00470	0.00094	0.00470	0.00376	0.00376	0.81583
49	0.01899	0.55653	0.02876	0.01238	0.01728	0.19680	0.01126	0.06307	0.01513	0.01660	0.00944	0.01078	0.00831	0.00582	0.00460	0.00146	0.00790	0.00370	0.00307	0.00812
50	0.01804	0.06042	0.07119	0.01546	0.09421	0.01207	0.07343	0.07937	0.01680	0.21256	0.10441	0.02184	0.04280	0.00748	0.00619	0.00177	0.00612	0.00646	0.00526	0.14412
51	0.01761	0.12475	0.16092	0.01731	0.03857	0.08528	0.14675	0.12270	0.15138	0.05043	0.01497	0.01605	0.01123	0.00664	0.00615	0.00192	0.00811	0.00569	0.00428	0.00926
52	0.01058	0.00859	0.01133	0.01050	0.01074	0.01048	0.00769	0.01147	0.00957	0.01369	0.01589	0.02981	0.01717	0.39625	0.17948	0.00599	0.23457	0.00762	0.00343	0.00515
53	0.01728	0.65547	0.08452	0.01185	0.01742	0.07275	0.01191	0.03761	0.01371	0.01600	0.00924	0.01063	0.00820	0.00560	0.00438	0.00144	0.00729	0.00359	0.00284	0.00825
54	0.01485	0.23219	0.50749	0.01571	0.02375	0.01718	0.01917	0.02048	0.01356	0.06410	0.01155	0.01305	0.00855	0.00598	0.00552	0.00183	0.00843	0.00445	0.00301	0.00913
55	0.01011	0.00737	0.01074	0.01050	0.01183	0.00857	0.00821	0.01295	0.03758	0.04021	0.01738	0.02448	0.01580	0.04381	0.67956	0.00942	0.03502	0.00677	0.00365	0.00604

[dist]
# distance from previous block
# <min> <max>
0	64

[block]
# block no. 2 follows, 35 sequences, length 55
# corresponding to MSA columns:
# 483-537
name=unknown_C
#
# <colnr> <probs for GDERKNQSTAVLIFYWHMCP>
#	G	D	E	R	K	N	Q	S	T	A	V	L	I	F	Y	W	H	M	C	P
0	0.02186	0.01821	0.24229	0.03589	0.02206	0.01177	0.08103	0.02615	0.01623	0.42994	0.01927	0.01850	0.01255	0.00701	0.00638	0.00200	0.00722	0.00594	0.00567	0.01004
1	0.01315	0.01128	0.01315	0.00940	0.01503	0.00846	0.00752	0.01597	0.01315	0.02067	0.01128	0.01315	0.00940	0.00470	0.00470	0.00094	0.00470	0.00376	0.00376	0.81583
2	0.01095	0.00553	0.00821	0.00821	0.00821	0.00553	0.00545	0.00830	0.00830	0.01107	0.01136	0.02012	0.01147	0.05046	0.02508	0.78496	0.00553	0.00565	0.00280	0.00280
3	0.00822	0.00645	0.00743	0.00718	0.00901	0.00566	0.00539	0.01050	0.01617	0.02119	0.39091	0.05439	0.40573	0.01456	0.00749	0.00207	0.00311	0.01245	0.00642	0.00566
4	0.01328	0.13139	0.65050	0.01713	0.02598	0.01610	0.02178	0.01995	0.01333	0.01941	0.01105	0.01297	0.00805	0.00595	0.00577	0.00192	0.00903	0.00452	0.00268	0.00921
5	0.01091	0.00558	0.00837	0.00837	0.00844	0.00565	0.00565	0.00844	0.00837	0.01123	0.01136	0.01961	0.01130	0.02350	0.06629	0.76947	0.00617	0.00558	0.00279	0.00292
6	0.00923	0.00615	0.00692	0.00692	0.00692	0.00615	0.00384	0.00923	0.00923	0.01230	0.01999	0.04151	0.02306	0.77705	0.03229	0.00615	0.00615	0.00923	0.00384	0.00384
7	0.01760	0.01453	0.01537	0.01328	0.01719	0.01663	0.01048	0.18242	0.57435	0.02947	0.02351	0.02183	0.01750	0.00839	0.00643	0.00210	0.00545	0.00685	0.00643	0.01020
8	0.02213	0.01681	0.01941	0.10938	0.06224	0.01872	0.01316	0.59036	0.02684	0.03595	0.01455	0.01547	0.01046	0.00735	0.00634	0.00193	0.00720	0.00570	0.00573	0.01028
9	0.01324	0.11976	0.59351	0.01770	0.04556	0.01570	0.04094	0.01966	0.01357	0.01969	0.03663	0.01438	0.00998	0.00617	0.00589	0.00193	0.00883	0.00488	0.00286	0.00910
10	0.00898	0.00648	0.00848	0.00798	0.00948	0.00599	0.00599	0.01197	0.01796	0.02544	0.73413	0.04739	0.05986	0.01297	0.00748	0.00200	0.00299	0.01147	0.00698	0.00599
11	0.01098	0.01665	0.28245	0.01386	0.01818	0.00991	0.01483	0.01542	0.01399	0.01920	0.02544	0.09834	0.02632	0.01342	0.00770	0.00256	0.00700	0.39197	0.00467	0.00711
12	0.01657	0.01616	0.08575	0.05549	0.53734	0.01450	0.06497	0.02063	0.01471	0.09293	0.01324	0.01623	0.01037	0.00591	0.00635	0.00193	0.00771	0.00577	0.00357	0.00988
13	0.01233	0.00976	0.01163	0.01179	0.01403	0.01061	0.00962	0.02123	0.30563	0.02196	0.05398	0.07646	0.03004	0.03975	0.00855	0.00267	0.00534	0.34109	0.00607	0.00747
14	0.01315	0.01128	0.01315	0.00940	0.01503	0.00846	0.00752	0.01597	0.01315	0.02067	0.01128	0.01315	0.00940	0.00470	0.00470	0.00094	0.00470	0.00376	0.00376	0.81583
15	0.00773	0.00596	0.00707	0.00780	0.00897	0.00530	0.00546	0.00919	0.01353	0.01729	0.10097	0.42935	0.32305	0.01780	0.00781	0.00236	0.00344	0.01565	0.00597	0.00530
16	0.01258	0.01181	0.01988	0.58596	0.17864	0.01392	0.01746	0.01666	0.01327	0.01751	0.04367	0.01804	0.01106	0.00650	0.00638	0.00206	0.00803	0.00590	0.00307	0.00759
17	0.01983	0.02019	0.02141	0.05990	0.36328	0.29228	0.01565	0.02268	0.01607	0.09098	0.01242	0.01474	0.00984	0.00624	0.00608	0.00181	0.00884	0.00513	0.00365	0.00897
18	0.00934	0.04897	0.00867	0.00734	0.00828	0.00709	0.00489	0.01031	0.01189	0.01570	0.15911	0.04345	0.13862	0.45569	0.04128	0.00460	0.00543	0.00990	0.00467	0.00476
19	0.01315	0.01128	0.01315	0.00940	0.01503	0.00846	0.00752	0.01597	0.01315	0.02067	0.01128	0.01315	0.00940	0.00470	0.00470	0.00094	0.00470	0.00376	0.00376	0.81583
20	0.01445	0.23100	0.51567	0.01607	0.02406	0.05810	0.01949	0.02009	0.01351	0.01847	0.01062	0.01243	0.00807	0.00590	0.00549	0.00182	0.00880	0.00431	0.00272	0.00894
21	0.01507	0.01453	0.02064	0.01713	0.01813	0.01922	0.06237	0.09230	0.01228	0.01832	0.00940	0.01425	0.00869	0.01032	0.01831	0.00264	0.63002	0.00570	0.00320	0.00747
22	0.01570	0.01507	0.02575	0.03894	0.73748	0.01507	0.01947	0.01947	0.01444	0.02073	0.01193	0.01570	0.01005	0.00565	0.00628	0.00188	0.00754	0.00565	0.00314	0.01005
23	0.01243	0.01193	0.02076	0.66431	0.08590	0.01429	0.06772	0.01671	0.01296	0.01678	0.01143	0.01685	0.00864	0.00623	0.00642	0.00210	0.00856	0.00577	0.00287	0.00734
24	0.02412	0.01777	0.01904	0.01460	0.01967	0.01967	0.01206	0.71633	0.02983	0.03998	0.01523	0.01523	0.01079	0.00762	0.00635	0.00190	0.00698	0.00571	0.00635	0.01079
25	0.00922	0.00619	0.00710	0.00710	0.00716	0.00625	0.00407	0.00934	0.00928	0.01243	0.01982	0.04060	0.02267	0.73684	0.07195	0.00637	0.00675	0.00909	0.00382	0.00394
26	0.00784	0.00561	0.00746	0.00876	0.00923	0.00523	0.00590	0.00911	0.01266	0.01702	0.09719	0.70835	0.04355	0.01926	0.00804	0.00252	0.00362	0.01745	0.00599	0.00523
27	0.01315	0.01128	0.01315	0.00940	0.01503	0.00846	0.00752	0.01597	0.01315	0.02067	0.01128	0.01315	0.00940	0.00470	0.00470	0.00094	0.00470	0.00376	0.00376	0.81583
28	0.02412	0.01777	0.01904	0.01460	0.01967	0.01967	0.01206	0.71633	0.02983	0.03998	0.01523	0.01523	0.01079	0.00762	0.00635	0.00190	0.00698	0.00571	0.00635	0.01079
29	0.01442	0.01340	0.02220	0.18745	0.48816	0.01399	0.01735	0.03906	0.01493	0.02088	0.09227	0.01947	0.01528	0.00667	0.00643	0.00195	0.00721	0.00630	0.00360	0.00898
30	0.01915	0.10762	0.01801	0.01272	0.01675	0.07105	0.01047	0.32469	0.06686	0.05562	0.09774	0.04029	0.04439	0.00863	0.00686	0.00187	0.04191	0.00660	0.00551	0.04327
31	0.01284	0.05384	0.72420	0.01788	0.02714	0.01502	0.02309	0.02006	0.01338	0.01995	0.01131	0.01330	0.00804	0.00601	0.00597	0.00199	0.00930	0.00465	0.00268	0.00934
32	0.02005	0.01258	0.02099	0.07195	0.21017	0.01200	0.12232	0.02346	0.01595	0.31764	0.01962	0.02407	0.01488	0.00776	0.00676	0.00208	0.00704	0.07583	0.00535	0.00950
33	0.01430	0.01510	0.08807	0.14554	0.39075	0.01396	0.06859	0.01818	0.01381	0.04046	0.01441	0.09193	0.01289	0.00747	0.00709	0.00206	0.03616	0.00696	0.00345	0.00882
34	0.01544	0.01482	0.02692	0.13954	0.46152	0.01495	0.16847	0.01957	0.01443	0.04435	0.01247	0.01638	0.00992	0.00576	0.00655	0.00197	0.00828	0.00607	0.00327	0.00932
35	0.00857	0.00647	0.00791	0.00755	0.00923	0.00581	0.00566	0.01118	0.01699	0.02313	0.54806	0.05118	0.24737	0.01383	0.00749	0.00204	0.00305	0.01200	0.00668	0.00581
36	0.18568	0.01556	0.01640	0.01281	0.01763	0.01694	0.01058	0.46736	0.02415	0.14854	0.01549	0.01524	0.01077	0.00730	0.00586	0.00193	0.00631	0.00536	0.00610	0.01000
37	0.01435	0.01370	0.02331	0.30094	0.48602	0.01472	0.01880	0.01829	0.01381	0.01909	0.01169	0.01614	0.00947	0.00590	0.00630	0.00197	0.00787	0.00565	0.00302	0.00896
38	0.00842	0.00621	0.00823	0.00921	0.01014	0.00607	0.00684	0.01010	0.01252	0.01650	0.03538	0.39803	0.13272	0.04353	0.13375	0.00395	0.00632	0.14129	0.00541	0.00536
39	0.00898	0.00648	0.00848	0.00798	0.00948	0.00599	0.00599	0.01197	0.01796	0.02544	0.73413	0.04739	0.05986	0.01297	0.00748	0.00200	0.00299	0.01147	0.00698	0.00599
40	0.01356	0.01341	0.01881	0.01622	0.01630	0.01866	0.01348	0.01500	0.00975	0.01523	0.00891	0.01462	0.00883	0.01354	0.06962	0.00327	0.71548	0.00563	0.00282	0.00685
41	0.02815	0.01130	0.01503	0.01152	0.01644	0.01007	0.00952	0.08009	0.01899	0.69152	0.02432	0.02114	0.01535	0.00783	0.00638	0.00196	0.00551	0.00633	0.00774	0.01080
42	0.00771	0.00559	0.00729	0.00864	0.00915	0.00517	0.00580	0.00885	0.01233	0.01627	0.03731	0.71603	0.09733	0.01957	0.00805	0.00254	0.00364	0.01766	0.00589	0.00517
43	0.01570	0.01507	0.02575	0.03894	0.73748	0.01507	0.01947	0.01947	0.01444	0.02073	0.01193	0.01570	0.01005	0.00565	0.00628	0.00188	0.00754	0.00565	0.00314	0.01005
44	0.01022	0.00730	0.01022	0.01168	0.01314	0.00730	0.01022	0.01314	0.01460	0.01899	0.03359	0.07156	0.03651	0.01752	0.00876	0.00292	0.00584	0.69478	0.00584	0.00584
45	0.79555	0.01245	0.00964	0.00855	0.01251	0.01441	0.00704	0.04166	0.01142	0.02884	0.00904	0.01047	0.00700	0.00595	0.00401	0.00196	0.00498	0.00351	0.00401	0.00700
46	0.01102	0.00551	0.00826	0.00826	0.00826	0.00551	0.00551	0.00826	0.00826	0.01102	0.01102	0.01928	0.01102	0.02204	0.02479	0.81543	0.00551	0.00551	0.00275	0.00275
47	0.00978	0.00760	0.00925	0.00982	0.01173	0.00742	0.00814	0.01376	0.08615	0.01941	0.07645	0.06199	0.27661	0.01591	0.00803	0.00253	0.00472	0.35861	0.00597	0.00610
48	0.01570	0.01507	0.02575	0.03894	0.73748	0.01507	0.01947	0.01947	0.01444	0.02073	0.01193	0.01570	0.01005	0.00565	0.00628	0.00188	0.00754	0.00565	0.00314	0.01005
49	0.01820	0.01478	0.01572	0.01327	0.01740	0.01664	0.01054	0.24037	0.48262	0.03036	0.02195	0.02064	0.01631	0.00813	0.00634	0.00202	0.00560	0.00658	0.00630	0.04624
50	0.01414	0.01454	0.08276	0.27178	0.12914	0.01448	0.04670	0.06048	0.18516	0.02144	0.01718	0.02293	0.01399	0.00780	0.00660	0.00214	0.00736	0.06861	0.00421	0.00856
51	0.01944	0.01945	0.27933	0.06759	0.11918	0.01260	0.01634	0.04424	0.01591	0.30088	0.03174	0.01788	0.01246	0.00690	0.00626	0.00198	0.00732	0.00571	0.00496	0.00983
52	0.01424	0.07098	0.58428	0.01811	0.02667	0.01508	0.09222	0.02078	0.01384	0.06801	0.01230	0.01414	0.00872	0.00605	0.00609	0.00198	0.00910	0.00501	0.00308	0.00932
53	0.01208	0.01132	0.05838	0.04144	0.11607	0.01023	0.09472	0.01655	0.07071	0.04050	0.10745	0.17524	0.02891	0.01234	0.00751	0.00235	0.00613	0.17559	0.00512	0.00735
54	0.01538	0.02340	0.39361	0.09871	0.15078	0.01413	0.07556	0.02100	0.01425	0.11351	0.01335	0.01552	0.00955	0.00618	0.00627	0.00200	0.00855	0.00540	0.00349	0.00937

[dist]
# distance from previous block
# <min> <max>
0	6

[block]
# block no. 3 follows, 35 sequences, length 15
# corresponding to MSA columns:
# 544-558
name=unknown_D
#
# <colnr> <probs for GDERKNQSTAVLIFYWHMCP>
#	G	D	E	R	K	N	Q	S	T	A	V	L	I	F	Y	W	H	M	C	P
0	0.01685	0.06326	0.13500	0.04419	0.31414	0.01379	0.07080	0.02075	0.01476	0.15368	0.01714	0.05472	0.03812	0.00716	0.00635	0.00195	0.00731	0.00652	0.00415	0.00936
1	0.01706	0.01645	0.06517	0.12803	0.38207	0.06048	0.01699	0.09022	0.05543	0.06479	0.01346	0.01616	0.01048	0.00647	0.00667	0.00195	0.02918	0.00563	0.00385	0.00947
2	0.05622	0.06201	0.04433	0.21357	0.35073	0.03962	0.06790	0.01864	0.01360	0.01914	0.01122	0.01520	0.00913	0.00612	0.00684	0.00197	0.04664	0.00545	0.00305	0.00864
3	0.30226	0.06831	0.32922	0.01406	0.02048	0.01483	0.06457	0.01938	0.03153	0.02304	0.03312	0.01476	0.02698	0.00640	0.00535	0.00197	0.00726	0.00483	0.00347	0.00817
4	0.01316	0.01178	0.01630	0.07719	0.10953	0.01028	0.04568	0.01620	0.01321	0.01985	0.01280	0.06059	0.01138	0.00611	0.00587	0.00137	0.02835	0.00527	0.00367	0.53141
5	0.01714	0.01772	0.07444	0.03013	0.40445	0.08500	0.15569	0.02110	0.01501	0.08036	0.01288	0.01587	0.01008	0.00602	0.00680	0.00195	0.02653	0.00586	0.00352	0.00944
6	0.00923	0.00615	0.00692	0.00692	0.00692	0.00615	0.00384	0.00923	0.00923	0.01230	0.01999	0.04151	0.02306	0.77705	0.03229	0.00615	0.00615	0.00923	0.00384	0.00384
7	0.00908	0.00673	0.00985	0.00985	0.01086	0.00774	0.00749	0.01110	0.01009	0.01447	0.01731	0.02669	0.01663	0.12522	0.67532	0.00976	0.01584	0.00706	0.00345	0.00547
8	0.01204	0.07429	0.01283	0.01198	0.01392	0.08283	0.01033	0.01470	0.01471	0.01821	0.02919	0.08398	0.03150	0.01550	0.00804	0.00265	0.00641	0.54540	0.00533	0.00616
9	0.00777	0.00561	0.00736	0.00868	0.00918	0.00520	0.00584	0.00898	0.01250	0.01663	0.06590	0.70764	0.07644	0.01940	0.00804	0.00253	0.00363	0.01753	0.00594	0.00520
10	0.01102	0.00551	0.00826	0.00826	0.00826	0.00551	0.00551	0.00826	0.00826	0.01102	0.01102	0.01928	0.01102	0.02204	0.02479	0.81543	0.00551	0.00551	0.00275	0.00275
11	0.18214	0.10422	0.14498	0.01914	0.09806	0.01651	0.20081	0.07870	0.04035	0.03991	0.01217	0.01434	0.00926	0.00598	0.00584	0.00194	0.00787	0.00535	0.00369	0.00875
12	0.02123	0.06258	0.01797	0.01353	0.01811	0.01784	0.01108	0.38717	0.26225	0.09183	0.01921	0.01829	0.01392	0.00783	0.00625	0.00196	0.00618	0.00612	0.00628	0.01038
13	0.01857	0.59778	0.02916	0.01133	0.01657	0.02260	0.01076	0.07940	0.05851	0.08586	0.01192	0.01250	0.00976	0.00603	0.00462	0.00151	0.00656	0.00410	0.00373	0.00873
14	0.06637	0.34907	0.06017	0.01234	0.01670	0.01962	0.01131	0.02310	0.18467	0.07973	0.01434	0.01502	0.01142	0.00717	0.00705	0.00185	0.10239	0.00490	0.00413	0.00865

[dist]
# distance from previous block
# <min> <max>
0	4

[block]
# block no. 4 follows, 35 sequences, length 166
# corresponding to MSA columns:
# 563-654,767-840
name=unknown_E
#
# <colnr> <probs for GDERKNQSTAVLIFYWHMCP>
#	G	D	E	R	K	N	Q	S	T	A	V	L	I	F	Y	W	H	M	C	P
0	0.05625	0.02984	0.63713	0.04605	0.02668	0.01474	0.02160	0.02060	0.05189	0.02074	0.01203	0.01392	0.00860	0.00617	0.00595	0.00202	0.00886	0.00479	0.00296	0.00919
1	0.01514	0.08154	0.42749	0.04084	0.06783	0.01572	0.04854	0.07240	0.01468	0.06692	0.01239	0.01456	0.00917	0.00760	0.02660	0.00222	0.05875	0.00510	0.00337	0.00916
2	0.05498	0.00828	0.01147	0.01194	0.01399	0.00829	0.03707	0.01510	0.03330	0.05890	0.03172	0.06188	0.05337	0.01563	0.00823	0.00274	0.00585	0.55514	0.00576	0.00637
3	0.01219	0.01140	0.01877	0.72118	0.04222	0.01419	0.01721	0.01716	0.05138	0.01677	0.01206	0.01728	0.00905	0.00647	0.00635	0.00212	0.00827	0.00572	0.00302	0.00721
4	0.08813	0.01134	0.01789	0.65154	0.03930	0.01385	0.01617	0.01722	0.01280	0.05626	0.01179	0.01655	0.00870	0.00638	0.00612	0.00209	0.00796	0.00547	0.00319	0.00723
5	0.05202	0.00700	0.00700	0.00673	0.00914	0.00602	0.00511	0.01006	0.01428	0.01815	0.07542	0.05538	0.63937	0.01483	0.00715	0.00206	0.00338	0.01228	0.00570	0.04891
6	0.01463	0.01448	0.04399	0.01726	0.01848	0.01814	0.08289	0.01668	0.01082	0.05533	0.00997	0.01485	0.00902	0.01103	0.03490	0.00281	0.60848	0.00579	0.00310	0.00736
7	0.01751	0.23575	0.02512	0.12300	0.27487	0.16608	0.01504	0.02038	0.01457	0.03637	0.01087	0.01359	0.00906	0.00592	0.00555	0.00172	0.00818	0.00471	0.00313	0.00858
8	0.01348	0.01300	0.01768	0.01485	0.01597	0.01668	0.01228	0.01522	0.01080	0.01681	0.04825	0.01556	0.01132	0.01002	0.01713	0.00240	0.58394	0.00554	0.00319	0.15589
9	0.00802	0.00637	0.00720	0.00716	0.00893	0.00555	0.00531	0.01005	0.01544	0.01987	0.28857	0.11788	0.44650	0.01535	0.00754	0.00213	0.00318	0.01314	0.00626	0.00555
10	0.01539	0.01223	0.01426	0.01119	0.03510	0.01069	0.00867	0.12487	0.05929	0.05092	0.05450	0.01644	0.01334	0.00600	0.00532	0.00128	0.00507	0.00485	0.00464	0.54595
11	0.02656	0.01086	0.01453	0.01105	0.01605	0.00922	0.00910	0.02906	0.01754	0.65231	0.02332	0.02054	0.01492	0.00746	0.00617	0.00184	0.00531	0.00605	0.00734	0.11077
12	0.01315	0.01128	0.01315	0.00940	0.01503	0.00846	0.00752	0.01597	0.01315	0.02067	0.01128	0.01315	0.00940	0.00470	0.00470	0.00094	0.00470	0.00376	0.00376	0.81583
13	0.01550	0.01487	0.02539	0.07770	0.70028	0.01502	0.01937	0.01929	0.01435	0.02048	0.01190	0.01577	0.00996	0.00569	0.00628	0.00190	0.00759	0.00565	0.00312	0.00989
14	0.01198	0.01128	0.01903	0.76180	0.04369	0.01409	0.01762	0.01621	0.01268	0.01621	0.01128	0.01691	0.00846	0.00634	0.00634	0.00211	0.00846	0.00564	0.00282	0.00705
15	0.01537	0.11151	0.01724	0.01210	0.01525	0.01320	0.02821	0.01745	0.01291	0.12953	0.01638	0.11127	0.01535	0.02997	0.01030	0.00206	0.19579	0.03212	0.00434	0.20965
16	0.00802	0.00583	0.00767	0.00886	0.00951	0.00533	0.00598	0.00922	0.01220	0.01643	0.03369	0.73217	0.04021	0.01906	0.00791	0.00249	0.00374	0.01727	0.00577	0.04862
17	0.01315	0.01128	0.01315	0.00940	0.01503	0.00846	0.00752	0.01597	0.01315	0.02067	0.01128	0.01315	0.00940	0.00470	0.00470	0.00094	0.00470	0.00376	0.00376	0.81583
18	0.68711	0.07022	0.01170	0.00883	0.01301	0.01495	0.00741	0.04552	0.01182	0.02747	0.00921	0.01064	0.00725	0.00586	0.00407	0.00186	0.00512	0.00354	0.00392	0.05050
19	0.01414	0.01431	0.01939	0.01665	0.01673	0.03893	0.01384	0.01554	0.00994	0.01527	0.00837	0.01381	0.00832	0.01098	0.02042	0.00275	0.74536	0.00551	0.00279	0.00695
20	0.02795	0.01209	0.01518	0.01174	0.01659	0.03954	0.00965	0.08224	0.01903	0.66028	0.02369	0.02071	0.01504	0.00778	0.00635	0.00195	0.00576	0.00624	0.00756	0.01066
21	0.01272	0.03281	0.74418	0.01808	0.02746	0.01473	0.02344	0.02009	0.01339	0.02009	0.01138	0.01339	0.00804	0.00603	0.00603	0.00201	0.00938	0.00469	0.00268	0.00938
22	0.02412	0.01777	0.01904	0.01460	0.01967	0.01967	0.01206	0.71633	0.02983	0.03998	0.01523	0.01523	0.01079	0.00762	0.00635	0.00190	0.00698	0.00571	0.00635	0.01079
23	0.00906	0.00680	0.01020	0.01020	0.01133	0.00793	0.00793	0.01133	0.01020	0.01473	0.01699	0.02492	0.01586	0.04758	0.75191	0.01020	0.01699	0.00680	0.00340	0.00566
24	0.02370	0.03023	0.01798	0.01634	0.01961	0.75158	0.01226	0.02533	0.01798	0.01553	0.00981	0.01144	0.00817	0.00654	0.00572	0.00163	0.01144	0.00409	0.00327	0.00735
25	0.01315	0.01128	0.01315	0.00940	0.01503	0.00846	0.00752	0.01597	0.01315	0.02067	0.01128	0.01315	0.00940	0.00470	0.00470	0.00094	0.00470	0.00376	0.00376	0.81583
26	0.01315	0.01128	0.01315	0.00940	0.01503	0.00846	0.00752	0.01597	0.01315	0.02067	0.01128	0.01315	0.00940	0.00470	0.00470	0.00094	0.00470	0.00376	0.00376	0.81583
27	0.01574	0.01428	0.09782	0.01106	0.01700	0.01027	0.00995	0.08063	0.01521	0.10037	0.01313	0.01428	0.01005	0.00545	0.00518	0.00126	0.00552	0.00432	0.00431	0.56418
28	0.01272	0.03281	0.74418	0.01808	0.02746	0.01473	0.02344	0.02009	0.01339	0.02009	0.01138	0.01339	0.00804	0.00603	0.00603	0.00201	0.00938	0.00469	0.00268	0.00938
29	0.00906	0.00680	0.01020	0.01020	0.01133	0.00793	0.00793	0.01133	0.01020	0.01473	0.01699	0.02492	0.01586	0.04758	0.75191	0.01020	0.01699	0.00680	0.00340	0.00566
30	0.00772	0.00555	0.00734	0.00877	0.00918	0.00516	0.00586	0.00884	0.01221	0.01622	0.03575	0.75382	0.06055	0.01977	0.00808	0.00256	0.00367	0.01791	0.00589	0.00516
31	0.00896	0.00604	0.00700	0.00726	0.00733	0.00597	0.00421	0.00916	0.00975	0.01300	0.02266	0.17217	0.02644	0.64180	0.02797	0.00551	0.00571	0.01080	0.00421	0.00408
32	0.01853	0.60649	0.02970	0.01213	0.01706	0.19387	0.01118	0.02047	0.01407	0.01506	0.00905	0.01047	0.00815	0.00569	0.00445	0.00142	0.00787	0.00355	0.00284	0.00796
33	0.01764	0.07609	0.29690	0.02086	0.18222	0.09420	0.01761	0.07486	0.03498	0.10552	0.01344	0.01485	0.00992	0.00636	0.00599	0.00189	0.00824	0.00509	0.00383	0.00952
34	0.01493	0.01442	0.04673	0.25141	0.46486	0.01460	0.03735	0.01894	0.01403	0.04448	0.01220	0.01623	0.00970	0.00594	0.00633	0.00197	0.00788	0.00569	0.00320	0.00912
35	0.01272	0.03281	0.74418	0.01808	0.02746	0.01473	0.02344	0.02009	0.01339	0.02009	0.01138	0.01339	0.00804	0.00603	0.00603	0.00201	0.00938	0.00469	0.00268	0.00938
36	0.00965	0.00813	0.02924	0.01192	0.04095	0.00759	0.03901	0.01301	0.07549	0.01807	0.03143	0.49757	0.03545	0.01691	0.00792	0.00254	0.00479	0.13855	0.00562	0.00616
37	0.01594	0.01611	0.08099	0.07655	0.55903	0.01472	0.06109	0.02003	0.01451	0.06151	0.01265	0.01601	0.01010	0.00583	0.00634	0.00193	0.00780	0.00573	0.00336	0.00978
38	0.01381	0.05040	0.45373	0.02284	0.12920	0.01542	0.18467	0.02002	0.01390	0.02007	0.01172	0.01449	0.00870	0.00580	0.00634	0.00200	0.00934	0.00544	0.00287	0.00924
39	0.01102	0.00551	0.00826	0.00826	0.00826	0.00551	0.00551	0.00826	0.00826	0.01102	0.01102	0.01928	0.01102	0.02204	0.02479	0.81543	0.00551	0.00551	0.00275	0.00275
40	0.01891	0.06567	0.09298	0.01606	0.04199	0.43276	0.03493	0.03981	0.01620	0.01704	0.01413	0.13151	0.01364	0.00860	0.00653	0.00187	0.02971	0.00654	0.00365	0.00747
41	0.01665	0.03750	0.02446	0.08906	0.56196	0.03922	0.01803	0.09693	0.01609	0.02220	0.01209	0.01545	0.00990	0.00594	0.00621	0.00188	0.00765	0.00554	0.00346	0.00976
42	0.01055	0.01187	0.09783	0.01340	0.01575	0.02898	0.11077	0.01308	0.01263	0.01736	0.02513	0.45246	0.02813	0.01451	0.00894	0.00241	0.08628	0.01291	0.03060	0.00640
43	0.01685	0.01560	0.06506	0.10707	0.43356	0.01485	0.06990	0.06982	0.03736	0.08750	0.01375	0.01655	0.01059	0.00615	0.00638	0.00195	0.00766	0.00585	0.00384	0.00971
44	0.03798	0.12701	0.26864	0.04043	0.10420	0.09199	0.01630	0.07490	0.06326	0.07605	0.01376	0.01606	0.01060	0.00670	0.00586	0.00189	0.00801	0.02342	0.00385	0.00911
45	0.01697	0.01908	0.19677	0.01479	0.02010	0.03518	0.03956	0.12114	0.33843	0.07575	0.02012	0.04210	0.01516	0.00795	0.00640	0.00207	0.00674	0.00656	0.00538	0.00975
46	0.01259	0.01079	0.01323	0.00986	0.01492	0.00831	0.02888	0.01529	0.01309	0.02015	0.01404	0.10054	0.01314	0.00646	0.00517	0.00116	0.00476	0.00551	0.00399	0.69811
47	0.10472	0.00826	0.01136	0.01039	0.01109	0.00949	0.02886	0.01119	0.00920	0.01428	0.01175	0.01828	0.02956	0.01742	0.02064	0.51997	0.15070	0.00555	0.00299	0.00427
48	0.01643	0.01718	0.04408	0.05759	0.61489	0.09963	0.01869	0.02006	0.01477	0.01997	0.01165	0.01519	0.00973	0.00578	0.00621	0.00187	0.00806	0.00545	0.00313	0.00963
49	0.01241	0.01171	0.01980	0.67878	0.12338	0.01421	0.01783	0.01658	0.01289	0.01673	0.01135	0.01677	0.00864	0.00626	0.00634	0.00209	0.00835	0.00564	0.00286	0.00739
50	0.01570	0.01507	0.02575	0.03894	0.73748	0.01507	0.01947	0.01947	0.01444	0.02073	0.01193	0.01570	0.01005	0.00565	0.00628	0.00188	0.00754	0.00565	0.00314	0.01005
51	0.00807	0.00595	0.00818	0.03679	0.01077	0.00590	0.00659	0.00948	0.01195	0.01601	0.03240	0.61251	0.05912	0.02331	0.11702	0.00366	0.00579	0.01578	0.00541	0.00530
52	0.01470	0.01373	0.01851	0.01591	0.01661	0.01852	0.01315	0.01855	0.11501	0.04378	0.01151	0.01560	0.01022	0.01062	0.01818	0.00265	0.62590	0.00582	0.00350	0.00754
53	0.00921	0.00621	0.00723	0.00723	0.00733	0.00632	0.00423	0.00942	0.00932	0.01253	0.01971	0.03996	0.02239	0.70850	0.09992	0.00653	0.00717	0.00900	0.00380	0.00401
54	0.00858	0.00640	0.00805	0.00838	0.00979	0.00588	0.00636	0.01085	0.01544	0.02063	0.32722	0.20240	0.20806	0.01581	0.00781	0.00229	0.00363	0.12044	0.00633	0.00565
55	0.01315	0.01128	0.01315	0.00940	0.01503	0.00846	0.00752	0.01597	0.01315	0.02067	0.01128	0.01315	0.00940	0.00470	0.00470	0.00094	0.00470	0.00376	0.00376	0.81583
56	0.01479	0.01690	0.05019	0.02566	0.05002	0.01569	0.62476	0.02071	0.05298	0.02055	0.01407	0.03747	0.01099	0.00593	0.00738	0.00214	0.01009	0.00764	0.00344	0.00860
57	0.01536	0.01472	0.02513	0.10566	0.67344	0.01498	0.01930	0.01917	0.01428	0.02031	0.01187	0.01581	0.00990	0.00572	0.00629	0.00191	0.00762	0.00565	0.00311	0.00977
58	0.00963	0.00738	0.01030	0.01000	0.01070	0.00869	0.00746	0.01118	0.00988	0.01412	0.01687	0.02825	0.01701	0.24245	0.47692	0.00829	0.09478	0.00732	0.00345	0.00531
59	0.07209	0.12561	0.05714	0.03545	0.16382	0.26567	0.01361	0.09960	0.03321	0.05948	0.01193	0.01351	0.00941	0.00637	0.00564	0.00176	0.00846	0.00470	0.00383	0.00869
60	0.02304	0.01659	0.01781	0.01381	0.01857	0.01829	0.01136	0.62922	0.04696	0.05350	0.01615	0.01624	0.01155	0.00763	0.00620	0.00188	0.00658	0.00578	0.06846	0.01039
61	0.00773	0.00552	0.00736	0.00883	0.00920	0.00515	0.00589	0.00883	0.01215	0.01619	0.03497	0.77291	0.04196	0.01987	0.00810	0.00258	0.00368	0.01803	0.00589	0.00515
62	0.01198	0.01128	0.01903	0.76180	0.04369	0.01409	0.01762	0.01621	0.01268	0.01621	0.01128	0.01691	0.00846	0.00634	0.00634	0.00211	0.00846	0.00564	0.00282	0.00705
63	0.01424	0.02731	0.52140	0.02026	0.09527	0.01494	0.08177	0.03770	0.04289	0.04872	0.01270	0.01473	0.00920	0.00626	0.00655	0.00203	0.02615	0.00524	0.00321	0.00943
64	0.00898	0.00648	0.00848	0.00798	0.00948	0.00599	0.00599	0.01197	0.01796	0.02544	0.73413	0.04739	0.05986	0.01297	0.00748	0.00200	0.00299	0.01147	0.00698	0.00599
65	0.01313	0.01244	0.05281	0.00987	0.01571	0.00880	0.00838	0.01620	0.01317	0.02064	0.01128	0.01317	0.00932	0.00477	0.00477	0.00100	0.00495	0.00381	0.00370	0.77208
66	0.05520	0.01087	0.01421	0.01120	0.01560	0.01004	0.00915	0.07775	0.01777	0.57919	0.02286	0.02158	0.01525	0.03332	0.07324	0.00281	0.00655	0.00634	0.00709	0.01000
67	0.00907	0.00676	0.01002	0.01002	0.01109	0.00783	0.00771	0.01121	0.01014	0.01460	0.01715	0.02582	0.01625	0.08715	0.71287	0.00998	0.01640	0.00693	0.00342	0.00557
68	0.01647	0.09713	0.04811	0.01553	0.09262	0.01411	0.07107	0.14259	0.04288	0.04541	0.01287	0.01446	0.01010	0.00574	0.00549	0.00147	0.00635	0.00482	0.00418	0.34860
69	0.01377	0.01380	0.02071	0.54332	0.16725	0.07868	0.03851	0.01772	0.01354	0.01709	0.01131	0.01622	0.00876	0.00620	0.00631	0.00203	0.00862	0.00556	0.00293	0.00766
70	0.00906	0.00653	0.00901	0.00907	0.00980	0.00724	0.00651	0.01054	0.00996	0.01399	0.01869	0.06002	0.01925	0.28538	0.48674	0.00857	0.01291	0.00804	0.00364	0.00505
71	0.00922	0.00698	0.00782	0.00764	0.00965	0.00631	0.00571	0.01217	0.06135	0.04821	0.20375	0.13144	0.43671	0.01499	0.00745	0.00215	0.00342	0.01279	0.00624	0.00599
72	0.01368	0.01313	0.02145	0.42897	0.32233	0.03208	0.01794	0.01760	0.01345	0.01797	0.01168	0.01654	0.00932	0.00733	0.02903	0.00226	0.00842	0.00564	0.00298	0.00822
73	0.01272	0.03281	0.74418	0.01808	0.02746	0.01473	0.02344	0.02009	0.01339	0.02009	0.01138	0.01339	0.00804	0.00603	0.00603	0.00201	0.00938	0.00469	0.00268	0.00938
74	0.01198	0.01128	0.01903	0.76180	0.04369	0.01409	0.01762	0.01621	0.01268	0.01621	0.01128	0.01691	0.00846	0.00634	0.00634	0.00211	0.00846	0.00564	0.00282	0.00705
75	0.00923	0.00615	0.00692	0.00692	0.00692	0.00615	0.00384	0.00923	0.00923	0.01230	0.01999	0.04151	0.02306	0.77705	0.03229	0.00615	0.00615	0.00923	0.00384	0.00384
76	0.00978	0.00876	0.01539	0.01397	0.03190	0.00819	0.18549	0.01209	0.01311	0.01746	0.03058	0.50608	0.07481	0.01559	0.00788	0.00243	0.00556	0.02961	0.00515	0.00615
77	0.01198	0.01128	0.01903	0.76180	0.04369	0.01409	0.01762	0.01621	0.01268	0.01621	0.01128	0.01691	0.00846	0.00634	0.00634	0.00211	0.00846	0.00564	0.00282	0.00705
78	0.01183	0.00591	0.00591	0.00591	0.00739	0.00591	0.00443	0.01478	0.01330	0.02365	0.02069	0.02365	0.01626	0.00739	0.00443	0.00148	0.00296	0.00591	0.81227	0.00591
79	0.00786	0.00561	0.00751	0.00898	0.00941	0.00527	0.00612	0.00906	0.01228	0.01634	0.03489	0.73585	0.04167	0.01975	0.00813	0.00259	0.00379	0.05380	0.00589	0.00519
80	0.01696	0.78087	0.03324	0.01085	0.01628	0.02510	0.01085	0.01900	0.01289	0.01493	0.00882	0.01018	0.00814	0.00543	0.00407	0.00136	0.00678	0.00339	0.00271	0.00814
81	0.00773	0.00552	0.00736	0.00883	0.00920	0.00515	0.00589	0.00883	0.01215	0.01619	0.03497	0.77291	0.04196	0.01987	0.00810	0.00258	0.00368	0.01803	0.00589	0.00515
82	0.00906	0.00680	0.01020	0.01020	0.01133	0.00793	0.00793	0.01133	0.01020	0.01473	0.01699	0.02492	0.01586	0.04758	0.75191	0.01020	0.01699	0.00680	0.00340	0.00566
83	0.00810	0.00578	0.00778	0.00925	0.00978	0.00547	0.00653	0.00947	0.01251	0.01660	0.03476	0.66986	0.04116	0.01953	0.00819	0.00263	0.00400	0.11747	0.00588	0.00525
84	0.01488	0.00681	0.00753	0.00690	0.00901	0.00654	0.00533	0.01774	0.01419	0.15546	0.02149	0.02327	0.01616	0.00748	0.00479	0.00157	0.00340	0.00600	0.66464	0.00681
85	0.01344	0.01144	0.01331	0.00953	0.01515	0.00875	0.00763	0.03416	0.01359	0.02117	0.01138	0.01321	0.00943	0.00477	0.00474	0.00096	0.00476	0.00381	0.00383	0.79492
86	0.01198	0.01128	0.01903	0.76180	0.04369	0.01409	0.01762	0.01621	0.01268	0.01621	0.01128	0.01691	0.00846	0.00634	0.00634	0.00211	0.00846	0.00564	0.00282	0.00705
87	0.13575	0.01111	0.01392	0.01102	0.01564	0.01033	0.00911	0.04645	0.03279	0.58387	0.02290	0.02178	0.01522	0.00795	0.00613	0.00200	0.00538	0.03142	0.00717	0.01006
88	0.00994	0.00874	0.01258	0.15404	0.14578	0.00879	0.01015	0.01241	0.01375	0.01771	0.06523	0.16628	0.30346	0.01377	0.02717	0.00238	0.00541	0.01111	0.00480	0.00651
89	0.01444	0.01378	0.02347	0.28417	0.50211	0.01474	0.01884	0.01836	0.01385	0.01919	0.01171	0.01611	0.00951	0.00589	0.00630	0.00196	0.00785	0.00565	0.00303	0.00903
90	0.01104	0.00810	0.01068	0.01149	0.01325	0.00828	0.00982	0.04063	0.07166	0.02106	0.10845	0.06307	0.03674	0.01596	0.00835	0.00272	0.00551	0.54078	0.00603	0.00637
91	0.01354	0.01286	0.02184	0.45942	0.33391	0.01450	0.01839	0.01757	0.01342	0.01810	0.01155	0.01641	0.00912	0.00605	0.00632	0.00202	0.00807	0.00564	0.00295	0.00830
92	0.00910	0.00593	0.00791	0.00890	0.00965	0.00548	0.00611	0.01046	0.01306	0.06092	0.10007	0.65932	0.04205	0.01850	0.00794	0.00248	0.00372	0.01671	0.00611	0.00557
93	0.01794	0.01660	0.01556	0.01381	0.01742	0.15988	0.02890	0.03087	0.50023	0.06946	0.02253	0.02249	0.01722	0.00835	0.00641	0.00206	0.00648	0.02858	0.00581	0.00939
94	0.00777	0.00644	0.00680	0.00671	0.00873	0.00547	0.00503	0.00962	0.01509	0.01864	0.18527	0.05858	0.61297	0.01551	0.00749	0.00212	0.00317	0.01304	0.00609	0.00547
95	0.09144	0.17768	0.34521	0.01728	0.06962	0.07673	0.05935	0.05747	0.01446	0.02060	0.01083	0.01278	0.00833	0.00595	0.00553	0.00184	0.00843	0.00455	0.00311	0.00880
96	0.01737	0.01114	0.01359	0.00992	0.01535	0.00870	0.00801	0.02009	0.01453	0.21930	0.01506	0.01548	0.01113	0.00557	0.00516	0.00122	0.00489	0.00448	0.00489	0.59411
97	0.01380	0.05113	0.67033	0.01755	0.02649	0.01515	0.02218	0.05764	0.01437	0.03718	0.01183	0.01359	0.00836	0.00614	0.00600	0.00199	0.00909	0.00475	0.00299	0.00945
98	0.01702	0.34715	0.10040	0.01189	0.01667	0.01740	0.01144	0.08366	0.01465	0.12063	0.01382	0.01592	0.01118	0.01550	0.17275	0.00355	0.00918	0.00493	0.00393	0.00834
99	0.00773	0.00552	0.00736	0.00883	0.00920	0.00515	0.00589	0.00883	0.01215	0.01619	0.03497	0.77291	0.04196	0.01987	0.00810	0.00258	0.00368	0.01803	0.00589	0.00515
100	0.00843	0.00640	0.00776	0.00754	0.00917	0.00573	0.00561	0.01087	0.01648	0.02223	0.47821	0.09797	0.27168	0.01439	0.00753	0.00208	0.00311	0.01250	0.00657	0.00573
101	0.01315	0.01128	0.01315	0.00940	0.01503	0.00846	0.00752	0.01597	0.01315	0.02067	0.01128	0.01315	0.00940	0.00470	0.00470	0.00094	0.00470	0.00376	0.00376	0.81583
102	0.01518	0.01553	0.02918	0.07258	0.42743	0.01553	0.25967	0.01942	0.01434	0.02012	0.01206	0.01618	0.00975	0.00580	0.00729	0.00202	0.03926	0.00628	0.00313	0.00925
103	0.00773	0.00552	0.00736	0.00883	0.00920	0.00515	0.00589	0.00883	0.01215	0.01619	0.03497	0.77291	0.04196	0.01987	0.00810	0.00258	0.00368	0.01803	0.00589	0.00515
