[name]
unknown

[dist]
# distance from previous block
# <min> <max>
0	7

[block]
# block no. 0 follows, 34 sequences, length 30
# corresponding to MSA columns:
# 7-36
name=unknown_A
#
# <colnr> <probs for GDERKNQSTAVLIFYWHMCP>
#	G	D	E	R	K	N	Q	S	T	A	V	L	I	F	Y	W	H	M	C	P
0	0.07147	0.01216	0.04847	0.04591	0.03848	0.04214	0.01000	0.09873	0.06542	0.03740	0.02148	0.09649	0.05121	0.08667	0.10301	0.03182	0.02341	0.07273	0.00471	0.03829
1	0.06695	0.01864	0.14966	0.07192	0.35450	0.06005	0.03180	0.02130	0.09321	0.02138	0.01412	0.04300	0.01166	0.00679	0.00628	0.00201	0.00778	0.00600	0.00363	0.00934
2	0.01624	0.03727	0.04422	0.11861	0.17703	0.10790	0.04390	0.06329	0.13499	0.02116	0.04028	0.01891	0.03224	0.00786	0.00837	0.00210	0.10662	0.00621	0.00408	0.00870
3	0.00870	0.00655	0.00805	0.00776	0.00940	0.00589	0.00579	0.01130	0.01712	0.02333	0.52835	0.08223	0.23318	0.01432	0.00765	0.00210	0.00314	0.01247	0.00678	0.00589
4	0.00926	0.00633	0.00766	0.00776	0.00799	0.00650	0.00478	0.00974	0.00978	0.01324	0.02092	0.09145	0.02360	0.59372	0.15462	0.00672	0.00799	0.00961	0.00399	0.00433
5	0.01210	0.00728	0.00947	0.00853	0.01064	0.00657	0.00653	0.01496	0.01806	0.13514	0.57185	0.04523	0.10306	0.01264	0.00745	0.00204	0.00344	0.01103	0.00717	0.00681
6	0.01607	0.01388	0.01461	0.01315	0.01680	0.01607	0.01023	0.03433	0.72094	0.02703	0.02630	0.02411	0.01972	0.00877	0.00657	0.00219	0.00511	0.00731	0.00657	0.01023
7	0.00914	0.00660	0.00864	0.00813	0.00965	0.00610	0.00610	0.01219	0.01829	0.02591	0.72921	0.04827	0.06097	0.01321	0.00762	0.00203	0.00305	0.01169	0.00711	0.00610
8	0.81856	0.01250	0.00950	0.00850	0.01250	0.01449	0.00700	0.01899	0.01100	0.02899	0.00900	0.01050	0.00700	0.00600	0.00400	0.00200	0.00500	0.00350	0.00400	0.00700
9	0.01646	0.01407	0.01483	0.01323	0.01695	0.01625	0.01032	0.06541	0.68924	0.02766	0.02580	0.02371	0.01932	0.00872	0.00657	0.00218	0.00521	0.00724	0.00657	0.01026
10	0.01607	0.01388	0.01461	0.01315	0.01680	0.01607	0.01023	0.03433	0.72094	0.02703	0.02630	0.02411	0.01972	0.00877	0.00657	0.00219	0.00511	0.00731	0.00657	0.01023
11	0.01633	0.01787	0.07023	0.13150	0.40953	0.09413	0.08554	0.04052	0.03414	0.02055	0.01236	0.01589	0.00991	0.00608	0.00645	0.00196	0.00858	0.00575	0.00333	0.00935
12	0.00940	0.00626	0.00705	0.00705	0.00705	0.00626	0.00392	0.00940	0.00940	0.01253	0.02036	0.04228	0.02349	0.77292	0.03289	0.00626	0.00626	0.00940	0.00392	0.00392
13	0.01734	0.58574	0.09217	0.01217	0.01783	0.09709	0.01209	0.01990	0.01372	0.01611	0.00948	0.01098	0.00837	0.00565	0.00453	0.00144	0.00748	0.00367	0.00289	0.06135
14	0.01651	0.09244	0.14725	0.01972	0.20127	0.03482	0.01440	0.05180	0.03333	0.11796	0.01766	0.13443	0.01576	0.00852	0.00631	0.00194	0.00683	0.00730	0.00445	0.06731
15	0.00812	0.00573	0.00742	0.00868	0.00899	0.00541	0.00566	0.00906	0.01188	0.01585	0.03312	0.65000	0.03959	0.14324	0.01227	0.00322	0.00416	0.01690	0.00566	0.00503
16	0.00791	0.00653	0.00667	0.00663	0.00875	0.00552	0.00498	0.00970	0.01493	0.01830	0.10971	0.05975	0.65608	0.01580	0.00751	0.00215	0.00325	0.01321	0.03711	0.00552
17	0.01756	0.06858	0.12472	0.16507	0.07795	0.08457	0.09958	0.19287	0.04627	0.02413	0.01322	0.01607	0.01012	0.02300	0.00691	0.00207	0.00856	0.00570	0.00402	0.00902
18	0.01797	0.01609	0.11819	0.01449	0.03772	0.03793	0.03682	0.05951	0.28826	0.16777	0.04631	0.02429	0.03666	0.01009	0.03527	0.00243	0.00678	0.02794	0.00586	0.00961
19	0.00929	0.00664	0.00822	0.00835	0.00996	0.00601	0.00630	0.01153	0.01578	0.04564	0.30950	0.19273	0.24476	0.01577	0.00784	0.00229	0.00363	0.08337	0.00649	0.00590
20	0.01372	0.01103	0.01241	0.01211	0.03564	0.01209	0.00881	0.08164	0.35280	0.02424	0.05276	0.22058	0.04982	0.04119	0.00800	0.00240	0.00483	0.01042	0.03724	0.00828
21	0.01912	0.10257	0.06798	0.06054	0.03769	0.06600	0.06510	0.27056	0.16308	0.02809	0.01606	0.01689	0.01206	0.00723	0.00618	0.00193	0.00737	0.00582	0.03612	0.00960
22	0.01714	0.16334	0.08272	0.03188	0.10929	0.05081	0.05899	0.09525	0.05208	0.07075	0.03437	0.01746	0.03758	0.00672	0.00582	0.00170	0.00699	0.00552	0.00424	0.14735
23	0.01614	0.18292	0.17776	0.06153	0.08574	0.03674	0.06052	0.06807	0.04877	0.05282	0.03381	0.01593	0.01159	0.00641	0.00575	0.00177	0.00745	0.00523	0.03459	0.08646
24	0.01205	0.00798	0.00964	0.00881	0.01100	0.00768	0.00669	0.01671	0.10940	0.09889	0.41873	0.04309	0.13758	0.04433	0.00832	0.00223	0.00374	0.01053	0.03564	0.00697
25	0.00798	0.00583	0.00758	0.00875	0.00941	0.00543	0.00597	0.00932	0.01290	0.01712	0.08080	0.62378	0.11285	0.02049	0.03643	0.00284	0.00418	0.01704	0.00597	0.00534
26	0.01607	0.07048	0.19602	0.09066	0.17963	0.08485	0.12197	0.02232	0.09361	0.04237	0.01368	0.01608	0.01046	0.00634	0.00635	0.00198	0.00867	0.00570	0.00358	0.00920
27	0.01691	0.01311	0.09785	0.01412	0.06740	0.01053	0.04983	0.06605	0.04729	0.21655	0.21172	0.06404	0.07639	0.01002	0.00697	0.00206	0.00563	0.00871	0.00616	0.00867
28	0.00793	0.00565	0.00748	0.00892	0.00928	0.00529	0.00592	0.00901	0.01225	0.01634	0.03502	0.74027	0.04198	0.04971	0.00921	0.00277	0.00385	0.01802	0.00592	0.00520
29	0.01714	0.01595	0.04821	0.09845	0.24227	0.06504	0.10595	0.10342	0.01679	0.07834	0.04084	0.04307	0.03744	0.00767	0.00750	0.00206	0.04981	0.00679	0.00424	0.00902

[dist]
# distance from previous block
# <min> <max>
0	1

[block]
# block no. 1 follows, 34 sequences, length 20
# corresponding to MSA columns:
# 38-57
name=unknown_B
#
# <colnr> <probs for GDERKNQSTAVLIFYWHMCP>
#	G	D	E	R	K	N	Q	S	T	A	V	L	I	F	Y	W	H	M	C	P
0	0.04402	0.09278	0.07841	0.12322	0.13683	0.08354	0.01416	0.18085	0.01821	0.07814	0.01453	0.04607	0.01158	0.00726	0.00605	0.00191	0.00750	0.00582	0.04009	0.00904
1	0.01215	0.01051	0.01629	0.27591	0.17520	0.01148	0.01350	0.04804	0.01399	0.01861	0.02134	0.19557	0.04611	0.05853	0.00871	0.00251	0.00671	0.05340	0.00421	0.00722
2	0.72431	0.05182	0.01185	0.01069	0.06047	0.01512	0.00806	0.01907	0.01135	0.02776	0.00921	0.01085	0.00728	0.00596	0.00417	0.00196	0.00527	0.00365	0.00388	0.00728
3	0.01042	0.00652	0.00841	0.00841	0.00966	0.00714	0.00640	0.01292	0.01167	0.01870	0.01902	0.02559	0.01665	0.06345	0.40423	0.00648	0.01082	0.00666	0.34108	0.00579
4	0.06258	0.07245	0.06159	0.08612	0.13817	0.11623	0.11770	0.11060	0.10744	0.02302	0.01365	0.01582	0.01060	0.00672	0.00666	0.00198	0.02994	0.00568	0.00403	0.00901
5	0.01493	0.01679	0.15497	0.06607	0.20970	0.01429	0.02890	0.08992	0.03432	0.04214	0.04504	0.02088	0.01414	0.10907	0.02865	0.00284	0.08850	0.00643	0.00389	0.00854
6	0.00819	0.00594	0.00775	0.00875	0.00952	0.00551	0.00609	0.00980	0.01380	0.01853	0.17548	0.55213	0.09481	0.01849	0.00810	0.00249	0.00365	0.03930	0.00622	0.00545
7	0.01199	0.01058	0.01457	0.01289	0.03775	0.01072	0.10022	0.05329	0.14554	0.02250	0.16548	0.04114	0.26651	0.01200	0.00797	0.00219	0.03786	0.03366	0.00575	0.00740
8	0.00826	0.00605	0.00764	0.00862	0.00945	0.00561	0.00604	0.00969	0.01319	0.01730	0.09162	0.48092	0.15655	0.07762	0.01008	0.00282	0.00400	0.07333	0.00592	0.00530
9	0.01525	0.01743	0.03813	0.02723	0.03377	0.01634	0.70915	0.02070	0.01525	0.02070	0.01307	0.01743	0.00980	0.00545	0.00763	0.00218	0.01089	0.00763	0.00327	0.00871
10	0.01027	0.00863	0.01002	0.00941	0.01115	0.00920	0.00714	0.01461	0.12756	0.01947	0.14768	0.07155	0.30571	0.08861	0.03440	0.00291	0.09883	0.01088	0.00559	0.00638
11	0.81856	0.01250	0.00950	0.00850	0.01250	0.01449	0.00700	0.01899	0.01100	0.02899	0.00900	0.01050	0.00700	0.00600	0.00400	0.00200	0.00500	0.00350	0.00400	0.00700
12	0.04007	0.02031	0.01853	0.16647	0.10140	0.32300	0.01394	0.02194	0.07569	0.01785	0.01283	0.04738	0.01104	0.00780	0.00788	0.00202	0.09477	0.00569	0.00358	0.00780
13	0.44707	0.04703	0.01431	0.03933	0.01655	0.05182	0.00948	0.20266	0.06967	0.03025	0.01215	0.01314	0.00918	0.00670	0.00503	0.00196	0.00610	0.00451	0.00471	0.00837
14	0.01587	0.16350	0.04184	0.06117	0.09138	0.05097	0.05668	0.09422	0.08172	0.04096	0.06572	0.06095	0.01772	0.07730	0.00916	0.00236	0.03236	0.02350	0.00443	0.00819
15	0.01357	0.01193	0.05590	0.04049	0.05198	0.03261	0.00972	0.07427	0.06826	0.06173	0.09939	0.10473	0.08928	0.09443	0.05686	0.00300	0.03247	0.00875	0.00507	0.08553
16	0.01364	0.06620	0.10881	0.01504	0.10556	0.04233	0.01162	0.04807	0.08309	0.02212	0.14599	0.09712	0.04231	0.00908	0.00634	0.00183	0.00586	0.00772	0.00476	0.16250
17	0.01505	0.10377	0.04827	0.01425	0.07951	0.02911	0.05278	0.01851	0.03781	0.06799	0.04395	0.03926	0.01394	0.04344	0.00731	0.00174	0.02698	0.00560	0.00411	0.34662
18	0.04381	0.21949	0.09624	0.04482	0.06647	0.03793	0.04522	0.03757	0.06067	0.02070	0.11594	0.04760	0.05639	0.00814	0.00589	0.00182	0.00640	0.00668	0.02897	0.04922
19	0.01630	0.09871	0.11743	0.01363	0.06759	0.03994	0.01142	0.13551	0.01685	0.07978	0.01943	0.10682	0.03711	0.00951	0.02067	0.00203	0.00634	0.00711	0.15927	0.03454

[dist]
# distance from previous block
# <min> <max>
1	22

[block]
# block no. 2 follows, 34 sequences, length 14
# corresponding to MSA columns:
# 80-93
name=unknown_C
#
# <colnr> <probs for GDERKNQSTAVLIFYWHMCP>
#	G	D	E	R	K	N	Q	S	T	A	V	L	I	F	Y	W	H	M	C	P
0	0.22787	0.06008	0.10982	0.01272	0.03480	0.09437	0.01112	0.01911	0.06014	0.02131	0.01423	0.01662	0.03731	0.01264	0.10854	0.00303	0.04773	0.00506	0.00376	0.09975
1	0.27662	0.16424	0.01617	0.01297	0.10719	0.01456	0.00886	0.01735	0.05289	0.02060	0.01532	0.02172	0.03954	0.19461	0.01172	0.00293	0.00599	0.00584	0.00385	0.00706
2	0.00957	0.00820	0.01072	0.03427	0.03915	0.00784	0.04155	0.03074	0.01552	0.02000	0.19314	0.09071	0.41072	0.01419	0.00818	0.00219	0.03928	0.01206	0.00576	0.00620
3	0.01696	0.06504	0.09960	0.10007	0.07891	0.13648	0.12205	0.07249	0.11053	0.02080	0.01331	0.01588	0.01046	0.00720	0.00820	0.00207	0.10176	0.00574	0.00377	0.00869
4	0.00809	0.00636	0.00731	0.00750	0.00912	0.00558	0.00546	0.01000	0.01518	0.01952	0.23733	0.21096	0.40190	0.01635	0.00776	0.00224	0.00332	0.01413	0.00630	0.00558
5	0.01514	0.06690	0.33802	0.05890	0.13611	0.04683	0.01818	0.08594	0.06685	0.02268	0.07078	0.01765	0.01390	0.00700	0.00625	0.00198	0.00807	0.00572	0.00382	0.00928
6	0.01326	0.01008	0.01574	0.01317	0.01570	0.01056	0.13052	0.07016	0.03652	0.06246	0.03547	0.04499	0.01712	0.11662	0.27456	0.03323	0.03032	0.00754	0.05513	0.00687
7	0.01055	0.10979	0.05158	0.00975	0.01154	0.01013	0.00788	0.01231	0.01058	0.01447	0.01695	0.02860	0.01722	0.29047	0.36279	0.00733	0.01171	0.00720	0.00349	0.00567
8	0.06805	0.12912	0.02263	0.19656	0.10165	0.12445	0.09610	0.01975	0.04443	0.01873	0.01373	0.01665	0.03861	0.00668	0.00641	0.00189	0.03166	0.00552	0.00342	0.05395
9	0.00882	0.00619	0.00796	0.00849	0.00888	0.00632	0.00559	0.00974	0.01067	0.01448	0.02503	0.29387	0.02860	0.34463	0.18561	0.00592	0.00787	0.01199	0.00454	0.00480
10	0.01528	0.01346	0.01932	0.10107	0.34599	0.03110	0.01435	0.12761	0.01636	0.02204	0.01941	0.04316	0.08231	0.10888	0.01007	0.00256	0.00706	0.00729	0.00413	0.00855
11	0.01572	0.16164	0.15242	0.01215	0.01794	0.04178	0.01179	0.08513	0.01552	0.05655	0.01651	0.04437	0.05837	0.00703	0.00552	0.00156	0.00646	0.00545	0.00409	0.28000
12	0.02191	0.11272	0.09468	0.01504	0.02023	0.16842	0.01325	0.37709	0.06524	0.02968	0.01384	0.01443	0.01035	0.00716	0.00603	0.00184	0.00815	0.00518	0.00500	0.00976
13	0.03564	0.00692	0.00753	0.00760	0.00918	0.00637	0.00537	0.01068	0.03090	0.01723	0.06314	0.15842	0.35674	0.18904	0.01331	0.00316	0.00427	0.03728	0.00543	0.03179

[dist]
# distance from previous block
# <min> <max>
0	2

[block]
# block no. 3 follows, 34 sequences, length 21
# corresponding to MSA columns:
# 96-116
name=unknown_D
#
# <colnr> <probs for GDERKNQSTAVLIFYWHMCP>
#	G	D	E	R	K	N	Q	S	T	A	V	L	I	F	Y	W	H	M	C	P
0	0.01591	0.04265	0.35216	0.02087	0.12252	0.08160	0.08681	0.06284	0.05525	0.04168	0.01412	0.01780	0.01104	0.00690	0.00643	0.00204	0.00887	0.03753	0.00364	0.00934
1	0.01595	0.48722	0.10952	0.01345	0.04499	0.04044	0.02976	0.01883	0.01316	0.03461	0.01122	0.01374	0.00978	0.01222	0.11755	0.00289	0.00901	0.00442	0.00304	0.00818
2	0.00843	0.00669	0.00780	0.00811	0.00992	0.00606	0.00634	0.01048	0.01468	0.01844	0.12243	0.10065	0.44402	0.01876	0.05918	0.00291	0.00475	0.13881	0.00593	0.00562
3	0.01654	0.01563	0.09245	0.13631	0.11565	0.03142	0.16118	0.08690	0.01639	0.11956	0.01986	0.07850	0.06367	0.00823	0.00688	0.00210	0.00782	0.00765	0.00451	0.00875
4	0.02065	0.10513	0.04376	0.06364	0.05314	0.15695	0.05766	0.19134	0.03480	0.11232	0.01462	0.03793	0.01142	0.00760	0.00722	0.00195	0.06032	0.00579	0.00467	0.00908
5	0.02711	0.01198	0.01539	0.01192	0.01677	0.01116	0.00980	0.13091	0.04590	0.58145	0.05094	0.02212	0.01711	0.00819	0.00654	0.00200	0.00563	0.00663	0.00769	0.01078
6	0.06224	0.73392	0.03249	0.01091	0.01635	0.02495	0.01083	0.01933	0.01301	0.01598	0.00898	0.01037	0.00822	0.00555	0.00414	0.00142	0.00680	0.00346	0.00283	0.00822
7	0.00794	0.00567	0.00756	0.00895	0.00939	0.00529	0.00600	0.00916	0.01267	0.01697	0.07088	0.73207	0.04366	0.01989	0.00822	0.00259	0.00371	0.01803	0.00605	0.00529
8	0.00858	0.00658	0.00785	0.00753	0.00931	0.00586	0.00565	0.01110	0.01695	0.02274	0.48010	0.05349	0.31205	0.01439	0.00763	0.00209	0.00313	0.01242	0.00670	0.00586
9	0.00772	0.00651	0.00668	0.00671	0.00879	0.00548	0.00500	0.00940	0.01481	0.01782	0.09557	0.08744	0.67334	0.01636	0.00766	0.00219	0.00328	0.01372	0.00605	0.00548
10	0.23848	0.01610	0.01642	0.01292	0.01776	0.01782	0.01067	0.47777	0.02434	0.08584	0.01445	0.01461	0.01026	0.00730	0.00580	0.00196	0.00643	0.00524	0.00591	0.00992
11	0.01414	0.01414	0.01979	0.01696	0.01696	0.01979	0.01414	0.01555	0.00990	0.01555	0.00848	0.01414	0.00848	0.01131	0.02120	0.00283	0.76110	0.00565	0.00283	0.00707
12	0.02899	0.01100	0.01499	0.01150	0.01649	0.00950	0.00950	0.03149	0.01849	0.73709	0.02549	0.02199	0.01599	0.00800	0.00650	0.00200	0.00550	0.00650	0.00800	0.01100
13	0.81856	0.01250	0.00950	0.00850	0.01250	0.01449	0.00700	0.01899	0.01100	0.02899	0.00900	0.01050	0.00700	0.00600	0.00400	0.00200	0.00500	0.00350	0.00400	0.00700
14	0.08372	0.01110	0.01461	0.01129	0.01622	0.00984	0.00932	0.03062	0.01797	0.68801	0.02435	0.02120	0.01537	0.00786	0.00632	0.00200	0.00546	0.00629	0.00772	0.01072
15	0.81856	0.01250	0.00950	0.00850	0.01250	0.01449	0.00700	0.01899	0.01100	0.02899	0.00900	0.01050	0.00700	0.00600	0.00400	0.00200	0.00500	0.00350	0.00400	0.00700
16	0.02001	0.01584	0.01683	0.01395	0.01830	0.01791	0.01118	0.34863	0.40023	0.03339	0.02129	0.02012	0.01567	0.00830	0.00652	0.00207	0.00604	0.00661	0.00652	0.01058
17	0.01146	0.00611	0.00622	0.00619	0.00776	0.00597	0.00464	0.01434	0.01393	0.02356	0.06562	0.02908	0.08684	0.00869	0.00499	0.00160	0.00304	0.00707	0.68690	0.00597
18	0.00825	0.00603	0.00784	0.00914	0.00993	0.00562	0.00656	0.00973	0.01308	0.01707	0.03929	0.56522	0.13164	0.01935	0.00828	0.00262	0.00404	0.12492	0.00599	0.00539
19	0.01410	0.23058	0.55231	0.01646	0.02495	0.01781	0.02047	0.02017	0.01351	0.01907	0.01090	0.01277	0.00821	0.00598	0.00561	0.00187	0.00885	0.00442	0.00274	0.00922
20	0.01573	0.00842	0.01060	0.00923	0.01212	0.00763	0.00721	0.01911	0.05764	0.25840	0.29598	0.06571	0.18150	0.01213	0.00722	0.00208	0.00404	0.01036	0.00711	0.00779

[dist]
# distance from previous block
# <min> <max>
0	5

[block]
# block no. 4 follows, 34 sequences, length 20
# corresponding to MSA columns:
# 122-141
name=unknown_E
#
# <colnr> <probs for GDERKNQSTAVLIFYWHMCP>
#	G	D	E	R	K	N	Q	S	T	A	V	L	I	F	Y	W	H	M	C	P
0	0.00802	0.00573	0.00766	0.00916	0.00960	0.00537	0.00625	0.00925	0.01251	0.01665	0.03553	0.72937	0.04242	0.02011	0.00829	0.00264	0.00387	0.05629	0.00600	0.00529
1	0.08843	0.02615	0.30494	0.08396	0.05901	0.21155	0.01724	0.05842	0.05379	0.02107	0.01195	0.01393	0.00903	0.00650	0.00595	0.00195	0.00917	0.00482	0.00344	0.00870
2	0.02209	0.01591	0.04868	0.03699	0.03809	0.15942	0.02943	0.02460	0.01633	0.33943	0.01990	0.09154	0.01549	0.00896	0.00784	0.00206	0.07682	0.00700	0.03047	0.00895
3	0.20247	0.01740	0.10188	0.15144	0.07405	0.09224	0.10349	0.03655	0.01399	0.03932	0.01213	0.01619	0.00965	0.00689	0.00693	0.00208	0.05798	0.02429	0.02305	0.00797
4	0.01579	0.01515	0.02587	0.07754	0.69630	0.01530	0.01973	0.01965	0.01462	0.02087	0.01212	0.01606	0.01015	0.00579	0.00640	0.00193	0.00773	0.00576	0.00318	0.01007
5	0.01612	0.01361	0.01465	0.01210	0.03778	0.08924	0.00921	0.01947	0.05139	0.09350	0.01466	0.05564	0.01237	0.00682	0.00650	0.00145	0.05596	0.00529	0.00438	0.47986
6	0.20580	0.00751	0.00828	0.00897	0.01041	0.00766	0.00638	0.01232	0.01228	0.04811	0.02874	0.55476	0.03299	0.01629	0.00714	0.00245	0.00412	0.01428	0.00559	0.00590
7	0.00793	0.00636	0.00708	0.00731	0.00901	0.00551	0.00533	0.00968	0.01481	0.01861	0.16572	0.20769	0.47893	0.01667	0.00776	0.00225	0.00334	0.01431	0.00618	0.00551
8	0.01030	0.00686	0.00875	0.00821	0.01001	0.00621	0.00618	0.01302	0.01751	0.07538	0.55318	0.08719	0.14539	0.01363	0.00758	0.00208	0.00329	0.01193	0.00697	0.00632
9	0.00914	0.00660	0.00864	0.00813	0.00965	0.00610	0.00610	0.01219	0.01829	0.02591	0.72921	0.04827	0.06097	0.01321	0.00762	0.00203	0.00305	0.01169	0.00711	0.00610
10	0.01201	0.00861	0.00973	0.00883	0.01142	0.00829	0.00681	0.05253	0.11861	0.08398	0.25252	0.04665	0.32873	0.01316	0.00732	0.00211	0.00386	0.01112	0.00661	0.00710
11	0.02414	0.03079	0.01831	0.01665	0.01998	0.74698	0.01248	0.02580	0.01831	0.01581	0.00999	0.01165	0.00832	0.00666	0.00583	0.00166	0.01165	0.00416	0.00333	0.00749
12	0.06100	0.26539	0.40390	0.01528	0.02271	0.05836	0.01773	0.05192	0.01435	0.01996	0.01072	0.01241	0.00829	0.00604	0.00539	0.00181	0.00846	0.00430	0.00301	0.00896
13	0.01553	0.27998	0.09867	0.08982	0.07809	0.05545	0.05095	0.05709	0.07060	0.01917	0.01526	0.11328	0.01413	0.00807	0.00590	0.00189	0.00733	0.00666	0.00379	0.00835
14	0.00787	0.00562	0.00750	0.00900	0.00937	0.00525	0.00600	0.00900	0.01237	0.01649	0.03561	0.76871	0.04274	0.02024	0.00825	0.00262	0.00375	0.01837	0.00600	0.00525
15	0.01041	0.00744	0.01041	0.01190	0.01339	0.00744	0.01041	0.01339	0.01487	0.01934	0.03421	0.07288	0.03719	0.01785	0.00892	0.00297	0.00595	0.68913	0.00595	0.00595
16	0.01876	0.55532	0.02934	0.01273	0.01742	0.19931	0.01157	0.02070	0.01420	0.01537	0.00920	0.01088	0.00831	0.00612	0.00548	0.00153	0.04909	0.00375	0.00290	0.00803
17	0.02355	0.06382	0.01974	0.01665	0.02028	0.65136	0.03568	0.06135	0.01861	0.01726	0.01033	0.01199	0.00851	0.00662	0.00584	0.00168	0.01117	0.00433	0.00347	0.00775
18	0.01414	0.01414	0.01979	0.01696	0.01696	0.01979	0.01414	0.01555	0.00990	0.01555	0.00848	0.01414	0.00848	0.01131	0.02120	0.00283	0.76110	0.00565	0.00283	0.00707
19	0.01525	0.01743	0.03813	0.02723	0.03377	0.01634	0.70915	0.02070	0.01525	0.02070	0.01307	0.01743	0.00980	0.00545	0.00763	0.00218	0.01089	0.00763	0.00327	0.00871

[dist]
# distance from previous block
# <min> <max>
0	12

[block]
# block no. 5 follows, 34 sequences, length 16
# corresponding to MSA columns:
# 154-169
name=unknown_F
#
# <colnr> <probs for GDERKNQSTAVLIFYWHMCP>
#	G	D	E	R	K	N	Q	S	T	A	V	L	I	F	Y	W	H	M	C	P
0	0.01176	0.04882	0.03620	0.01240	0.03941	0.01054	0.05651	0.04073	0.14907	0.02093	0.10998	0.23443	0.10253	0.05467	0.00873	0.00248	0.00520	0.04285	0.00558	0.00717
1	0.01296	0.03342	0.73944	0.01842	0.02797	0.01501	0.02387	0.02046	0.01364	0.02046	0.01160	0.01364	0.00818	0.00614	0.00614	0.00205	0.00955	0.00477	0.00273	0.00955
2	0.00800	0.00572	0.00761	0.00891	0.00940	0.00533	0.00601	0.00931	0.01294	0.01740	0.10260	0.69913	0.04450	0.01956	0.00819	0.00257	0.00368	0.01772	0.00611	0.00533
3	0.02899	0.01100	0.01499	0.01150	0.01649	0.00950	0.00950	0.03149	0.01849	0.73709	0.02549	0.02199	0.01599	0.00800	0.00650	0.00200	0.00550	0.00650	0.00800	0.01100
4	0.01454	0.09021	0.29574	0.06224	0.18746	0.01576	0.11054	0.05405	0.01477	0.02071	0.01352	0.06643	0.01141	0.00697	0.00639	0.00201	0.00849	0.00629	0.00333	0.00913
5	0.01504	0.01749	0.07906	0.06418	0.19095	0.01617	0.42720	0.01993	0.01454	0.02022	0.01238	0.01662	0.00965	0.00601	0.00812	0.00215	0.06139	0.00679	0.00317	0.00893
6	0.00817	0.00580	0.00766	0.00903	0.00945	0.00548	0.00613	0.00933	0.01230	0.01636	0.03426	0.66099	0.04076	0.08227	0.01033	0.00295	0.00411	0.06361	0.00582	0.00519
7	0.01822	0.06456	0.02009	0.01624	0.06711	0.01589	0.08474	0.24422	0.01857	0.08525	0.01527	0.01893	0.01235	0.05617	0.11294	0.00344	0.10033	0.00624	0.03065	0.00876
8	0.01723	0.13804	0.06511	0.10367	0.26588	0.09521	0.01558	0.09403	0.03099	0.03691	0.02663	0.04199	0.01190	0.00701	0.00637	0.00189	0.02297	0.00577	0.00377	0.00904
9	0.06781	0.33885	0.24640	0.01313	0.01912	0.03647	0.01416	0.05651	0.01417	0.01962	0.01294	0.07666	0.01159	0.00723	0.00529	0.00178	0.00730	0.00539	0.03720	0.00837
10	0.47126	0.01614	0.06426	0.05127	0.12040	0.08355	0.01146	0.02024	0.04168	0.02486	0.01054	0.01263	0.00833	0.00636	0.00551	0.00200	0.03360	0.00432	0.00374	0.00783
11	0.01132	0.01001	0.01313	0.03147	0.01379	0.04695	0.00973	0.01320	0.01061	0.01499	0.01480	0.02319	0.01428	0.10464	0.43540	0.00739	0.20908	0.00666	0.00332	0.00605
12	0.00808	0.00587	0.00763	0.00866	0.00937	0.00542	0.00593	0.00959	0.01361	0.01825	0.16192	0.58652	0.09787	0.01869	0.00809	0.00248	0.00359	0.01682	0.00620	0.00542
13	0.01038	0.00875	0.01402	0.01341	0.05182	0.00938	0.08703	0.01279	0.01200	0.01684	0.07766	0.07852	0.05199	0.10751	0.36966	0.00662	0.05283	0.00857	0.00402	0.00620
14	0.01047	0.00732	0.00989	0.00964	0.01087	0.00832	0.00739	0.03693	0.01159	0.01744	0.01794	0.02587	0.01643	0.09949	0.49711	0.00782	0.03643	0.00688	0.15629	0.00589
15	0.04279	0.00944	0.00965	0.00878	0.01128	0.01025	0.00682	0.09472	0.18583	0.02676	0.02131	0.02269	0.01639	0.00780	0.00520	0.00174	0.00403	0.00622	0.50069	0.00760

[dist]
# distance from previous block
# <min> <max>
0	1

[block]
# block no. 6 follows, 34 sequences, length 7
# corresponding to MSA columns:
# 171-177
name=unknown_G
#
# <colnr> <probs for GDERKNQSTAVLIFYWHMCP>
#	G	D	E	R	K	N	Q	S	T	A	V	L	I	F	Y	W	H	M	C	P
0	0.04893	0.01637	0.01658	0.09816	0.07323	0.12694	0.01194	0.10794	0.31298	0.02477	0.01987	0.02016	0.03990	0.00782	0.00627	0.00199	0.00684	0.00627	0.00515	0.04789
1	0.01107	0.00711	0.00805	0.00739	0.00959	0.00640	0.00556	0.01383	0.01450	0.02293	0.17464	0.09435	0.06384	0.00982	0.00572	0.00165	0.00341	0.00831	0.38224	0.14956
2	0.10127	0.08430	0.11444	0.05305	0.11088	0.06261	0.06019	0.12044	0.10620	0.05044	0.01388	0.01556	0.01064	0.00703	0.00706	0.00201	0.06118	0.00544	0.00423	0.00913
3	0.07996	0.13819	0.10514	0.01732	0.09705	0.13243	0.04150	0.06727	0.18884	0.02236	0.01460	0.01569	0.01144	0.00697	0.00636	0.00193	0.03441	0.00531	0.00418	0.00904
4	0.00816	0.00581	0.00763	0.00875	0.00926	0.00544	0.00588	0.00949	0.01304	0.01761	0.13533	0.61738	0.04414	0.06765	0.00974	0.00277	0.00381	0.01682	0.00603	0.00529
5	0.01669	0.08935	0.05611	0.01246	0.05172	0.06198	0.00980	0.03690	0.05159	0.17054	0.08964	0.15907	0.02301	0.01089	0.02211	0.00212	0.00588	0.00844	0.07396	0.04774
6	0.03700	0.10153	0.13381	0.08733	0.02222	0.12643	0.06366	0.07014	0.05965	0.07368	0.05613	0.01870	0.03239	0.00918	0.03606	0.00231	0.05128	0.00593	0.00418	0.00840

[dist]
# distance from previous block
# <min> <max>
0	1

[block]
# block no. 7 follows, 34 sequences, length 15
# corresponding to MSA columns:
# 179-193
name=unknown_H
#
# <colnr> <probs for GDERKNQSTAVLIFYWHMCP>
#	G	D	E	R	K	N	Q	S	T	A	V	L	I	F	Y	W	H	M	C	P
0	0.00842	0.00631	0.00746	0.00805	0.00927	0.00580	0.00566	0.01049	0.03491	0.01842	0.12485	0.38365	0.25949	0.04079	0.00854	0.00247	0.00360	0.01494	0.04131	0.00555
1	0.03507	0.01530	0.08228	0.12631	0.12142	0.04231	0.20376	0.01976	0.03558	0.09279	0.04832	0.11423	0.01679	0.00833	0.00694	0.00214	0.00794	0.00805	0.00427	0.00840
2	0.04919	0.03472	0.08511	0.04253	0.07826	0.07597	0.03288	0.14109	0.18635	0.02480	0.03734	0.04308	0.04801	0.01002	0.03051	0.00236	0.03000	0.03393	0.00496	0.00888
3	0.01266	0.00941	0.01299	0.04326	0.10950	0.00954	0.01053	0.08652	0.01632	0.04269	0.10210	0.15186	0.05363	0.03239	0.00836	0.00253	0.00561	0.25580	0.02723	0.00709
4	0.01728	0.51244	0.07533	0.01433	0.07034	0.12801	0.01242	0.01972	0.01399	0.01616	0.01129	0.06105	0.01070	0.00672	0.00496	0.00159	0.00762	0.00480	0.00309	0.00820
5	0.01081	0.00810	0.00874	0.00876	0.00972	0.04050	0.00587	0.02931	0.05113	0.03465	0.07369	0.22348	0.07211	0.35656	0.01899	0.00411	0.00542	0.02756	0.00510	0.00539
6	0.13785	0.06697	0.05372	0.01449	0.04644	0.08135	0.03241	0.22407	0.12795	0.07367	0.01690	0.06691	0.01360	0.00804	0.00605	0.00199	0.00681	0.00630	0.00525	0.00923
7	0.05124	0.01513	0.05669	0.09132	0.23945	0.03391	0.12773	0.04251	0.06442	0.07927	0.01779	0.06114	0.04526	0.00779	0.00723	0.00210	0.03683	0.00710	0.00419	0.00892
8	0.00848	0.00649	0.00944	0.00994	0.01076	0.00607	0.05202	0.00981	0.01240	0.01648	0.03401	0.63103	0.06565	0.08216	0.01025	0.00288	0.00441	0.01673	0.00564	0.00537
9	0.01607	0.07745	0.05253	0.13177	0.43340	0.09299	0.01755	0.02012	0.03666	0.01947	0.01269	0.03755	0.01082	0.00647	0.00622	0.00192	0.00804	0.00578	0.00330	0.00919
10	0.01455	0.01304	0.01878	0.01812	0.15569	0.01193	0.09330	0.05659	0.08380	0.02234	0.01562	0.06508	0.01366	0.00694	0.00603	0.00162	0.00619	0.02485	0.00425	0.36762
11	0.00965	0.00705	0.00940	0.00944	0.01033	0.00778	0.00683	0.01205	0.04907	0.01507	0.02019	0.06232	0.02064	0.28234	0.41362	0.00798	0.01203	0.03483	0.00398	0.00539
12	0.01359	0.01489	0.15414	0.01284	0.04923	0.01010	0.02422	0.01796	0.04438	0.06153	0.10042	0.02237	0.01808	0.04882	0.00732	0.00184	0.00583	0.02391	0.03970	0.32885
13	0.06487	0.02746	0.01764	0.04804	0.21498	0.07814	0.01213	0.06846	0.05140	0.02217	0.01619	0.04412	0.05052	0.00697	0.00582	0.00166	0.00646	0.00581	0.00409	0.25307
14	0.28250	0.13459	0.01683	0.07733	0.04399	0.04036	0.00994	0.07075	0.01489	0.10279	0.06172	0.01584	0.01278	0.00671	0.00518	0.00180	0.00601	0.00490	0.00447	0.08662

[dist]
# distance from previous block
# <min> <max>
0	2

[block]
# block no. 8 follows, 34 sequences, length 15
# corresponding to MSA columns:
# 196-210
name=unknown_I
#
# <colnr> <probs for GDERKNQSTAVLIFYWHMCP>
#	G	D	E	R	K	N	Q	S	T	A	V	L	I	F	Y	W	H	M	C	P
0	0.04553	0.19255	0.04807	0.05030	0.07872	0.33508	0.02683	0.05303	0.05271	0.04329	0.01170	0.01328	0.00943	0.00646	0.00560	0.00173	0.00909	0.00459	0.00363	0.00837
1	0.03575	0.05064	0.01429	0.01118	0.01512	0.01172	0.00917	0.15483	0.06112	0.05837	0.06678	0.08173	0.03846	0.01000	0.00646	0.00189	0.00539	0.12409	0.00545	0.23756
2	0.01619	0.08375	0.03854	0.05043	0.12707	0.04253	0.12725	0.09161	0.03796	0.06118	0.01536	0.06304	0.01314	0.01190	0.08063	0.00288	0.08571	0.00675	0.03564	0.00845
3	0.01504	0.06101	0.03755	0.05239	0.21927	0.05864	0.01319	0.08156	0.10149	0.02210	0.07191	0.06936	0.08154	0.00956	0.00735	0.00209	0.04058	0.04221	0.00467	0.00850
4	0.00898	0.00636	0.00706	0.00706	0.00762	0.00615	0.00431	0.00945	0.01068	0.01378	0.03080	0.04628	0.18869	0.56728	0.05501	0.00547	0.00600	0.01029	0.00439	0.00435
5	0.01798	0.00983	0.01210	0.01002	0.01350	0.00914	0.00798	0.09768	0.03972	0.27665	0.24628	0.03558	0.14474	0.01083	0.00696	0.00200	0.00453	0.00909	0.00703	0.03836
6	0.01780	0.06072	0.14600	0.08889	0.15347	0.19073	0.06849	0.10796	0.01704	0.02118	0.01370	0.01609	0.03594	0.00686	0.00664	0.00193	0.02861	0.00553	0.00361	0.00880
7	0.01342	0.00823	0.01157	0.01041	0.01216	0.00861	0.03145	0.01559	0.02978	0.14700	0.03829	0.02962	0.01907	0.24684	0.31816	0.00671	0.03439	0.00768	0.00457	0.00645
8	0.00801	0.00604	0.00743	0.00840	0.00942	0.00547	0.00593	0.00948	0.01348	0.01738	0.07681	0.48746	0.24586	0.01864	0.00808	0.00249	0.00370	0.05449	0.00605	0.00539
9	0.05968	0.54743	0.02906	0.01351	0.05340	0.17104	0.01158	0.02067	0.01415	0.01633	0.00935	0.01092	0.00833	0.00579	0.00459	0.00150	0.00781	0.00372	0.00296	0.00816
10	0.01786	0.09312	0.18339	0.06232	0.20701	0.12753	0.05769	0.06255	0.01601	0.07597	0.01285	0.01504	0.00982	0.00631	0.00609	0.00188	0.00856	0.00525	0.02151	0.00924
11	0.00888	0.00625	0.00731	0.00784	0.00903	0.00579	0.00562	0.01058	0.01353	0.01831	0.09345	0.26182	0.23525	0.10591	0.01049	0.00276	0.00395	0.07171	0.11614	0.00538
12	0.00983	0.00696	0.00920	0.01006	0.01134	0.00684	0.00818	0.01223	0.01427	0.01905	0.11934	0.10134	0.08217	0.11172	0.03501	0.00338	0.00559	0.39342	0.03441	0.00564
13	0.58189	0.01293	0.01258	0.04161	0.09553	0.01460	0.00928	0.07887	0.01359	0.02846	0.05063	0.01394	0.01082	0.00655	0.00478	0.00199	0.00551	0.00450	0.00425	0.00767
14	0.01267	0.01085	0.01116	0.01009	0.01128	0.10773	0.04173	0.01403	0.03348	0.03936	0.04737	0.03544	0.04237	0.50123	0.02408	0.00475	0.03438	0.00852	0.00417	0.00532

[dist]
# distance from previous block
# <min> <max>
0	7

# created by:
# /home/cegg/simao/soft/augustus-3.2.1/scripts/msa2prfl.pl ./align_prep/EOG090W0HYT.fa
