[name]
unknown

[dist]
# distance from previous block
# <min> <max>
0	102

[block]
# block no. 0 follows, 33 sequences, length 7
# corresponding to MSA columns:
# 118-124
name=unknown_A
#
# <colnr> <probs for GDERKNQSTAVLIFYWHMCP>
#	G	D	E	R	K	N	Q	S	T	A	V	L	I	F	Y	W	H	M	C	P
0	0.00979	0.00690	0.00814	0.00810	0.01004	0.00608	0.00612	0.01187	0.01580	0.06638	0.21816	0.16044	0.37343	0.01601	0.00788	0.00229	0.00367	0.05630	0.00652	0.00609
1	0.05822	0.09296	0.06308	0.13525	0.17463	0.12211	0.05195	0.01924	0.01493	0.04069	0.04131	0.05740	0.05890	0.00794	0.00629	0.00197	0.00776	0.00671	0.03047	0.00819
2	0.10653	0.03743	0.10292	0.04161	0.08941	0.10688	0.06738	0.08433	0.08289	0.05186	0.01552	0.04690	0.01293	0.04429	0.05435	0.00274	0.00844	0.00625	0.00431	0.03302
3	0.03961	0.01274	0.03406	0.06643	0.10153	0.09643	0.03440	0.01653	0.01375	0.06180	0.06404	0.10091	0.02046	0.11889	0.08067	0.03983	0.03361	0.02917	0.02822	0.00693
4	0.19014	0.01506	0.04431	0.06674	0.07176	0.05275	0.03128	0.16814	0.07528	0.06198	0.04150	0.01932	0.01386	0.05748	0.03660	0.00263	0.00721	0.00599	0.02935	0.00860
5	0.18931	0.04424	0.10383	0.01585	0.10576	0.06331	0.01236	0.12210	0.03798	0.06932	0.01526	0.01733	0.03297	0.03438	0.03223	0.00234	0.00728	0.00539	0.00446	0.08429
6	0.06200	0.01323	0.01370	0.01315	0.06017	0.09360	0.00925	0.11281	0.07134	0.05033	0.03938	0.09669	0.01873	0.13885	0.08864	0.00357	0.00769	0.00769	0.00487	0.09432

[dist]
# distance from previous block
# <min> <max>
12	455

[block]
# block no. 1 follows, 33 sequences, length 33
# corresponding to MSA columns:
# 598-630
name=unknown_B
#
# <colnr> <probs for GDERKNQSTAVLIFYWHMCP>
#	G	D	E	R	K	N	Q	S	T	A	V	L	I	F	Y	W	H	M	C	P
0	0.03871	0.12402	0.09137	0.03367	0.03765	0.03624	0.02677	0.15533	0.04639	0.05622	0.04772	0.04344	0.01507	0.00909	0.03045	0.00208	0.00707	0.03090	0.00470	0.16312
1	0.07254	0.05676	0.03396	0.04257	0.10776	0.01316	0.03371	0.10562	0.09407	0.04212	0.09995	0.06160	0.09931	0.00974	0.00708	0.02588	0.00582	0.00783	0.00514	0.07538
2	0.12544	0.07909	0.07720	0.09008	0.11670	0.03423	0.01271	0.07608	0.07610	0.07203	0.04676	0.03694	0.03284	0.00755	0.00594	0.00193	0.00655	0.00607	0.02945	0.06634
3	0.06607	0.01664	0.10102	0.03294	0.07409	0.08494	0.04179	0.12537	0.06831	0.05264	0.02205	0.12338	0.06718	0.04151	0.00784	0.00229	0.00701	0.02505	0.00494	0.03495
4	0.01809	0.09719	0.08510	0.03648	0.19711	0.09124	0.03337	0.08836	0.07477	0.08598	0.04803	0.01939	0.03478	0.00878	0.03183	0.00222	0.00790	0.00612	0.00451	0.02875
5	0.06280	0.01646	0.07371	0.07175	0.14803	0.03689	0.14653	0.07356	0.07255	0.07180	0.01709	0.01931	0.04858	0.00754	0.00801	0.00213	0.07684	0.00651	0.00427	0.03564
6	0.01497	0.03470	0.01737	0.06242	0.13404	0.03369	0.04901	0.14277	0.04785	0.02440	0.12551	0.02763	0.08726	0.03525	0.07732	0.00292	0.00744	0.00775	0.02985	0.03786
7	0.27793	0.12343	0.01750	0.01428	0.08774	0.10443	0.01044	0.10289	0.03653	0.04525	0.01354	0.06014	0.01159	0.00735	0.00534	0.00188	0.00660	0.00539	0.02604	0.04172
8	0.03978	0.05447	0.06134	0.01627	0.08967	0.03321	0.08522	0.06930	0.09551	0.08941	0.04610	0.07526	0.04774	0.03188	0.03829	0.00244	0.00709	0.00745	0.00492	0.10465
9	0.11550	0.06293	0.01850	0.01610	0.08534	0.08855	0.08008	0.07266	0.04459	0.04101	0.05620	0.02051	0.01509	0.06646	0.12306	0.00362	0.04857	0.00628	0.00422	0.03074
10	0.12883	0.05981	0.11172	0.01471	0.04072	0.13121	0.04360	0.12997	0.03364	0.08742	0.01699	0.07546	0.03165	0.03164	0.00697	0.00211	0.00753	0.00649	0.00470	0.03483
11	0.04571	0.03993	0.03145	0.00823	0.00918	0.00835	0.00554	0.03930	0.01101	0.01530	0.02027	0.08451	0.02281	0.60083	0.02745	0.00543	0.00633	0.00935	0.00415	0.00487
12	0.01388	0.01511	0.10769	0.01431	0.06143	0.06916	0.04004	0.10968	0.05068	0.02157	0.02935	0.12438	0.15735	0.09785	0.01023	0.00270	0.00667	0.05535	0.00501	0.00755
13	0.01263	0.01298	0.06442	0.01385	0.07377	0.06273	0.04152	0.04269	0.10071	0.02281	0.23675	0.05509	0.17663	0.01312	0.03882	0.00247	0.00606	0.00978	0.00563	0.00755
14	0.01839	0.51852	0.02978	0.01556	0.09944	0.12269	0.01243	0.04980	0.01493	0.01738	0.01031	0.01227	0.00913	0.00774	0.03562	0.00192	0.00825	0.00414	0.00314	0.00858
15	0.04203	0.05366	0.25693	0.01820	0.10013	0.01542	0.03676	0.16748	0.01836	0.13274	0.01537	0.01744	0.01133	0.00705	0.00630	0.00197	0.00774	0.02475	0.00467	0.06169
16	0.05072	0.26702	0.16855	0.03981	0.02191	0.19698	0.06385	0.04971	0.01564	0.01893	0.01307	0.01479	0.03938	0.00665	0.00563	0.00178	0.00889	0.00490	0.00334	0.00844
17	0.60251	0.15142	0.04515	0.00984	0.01448	0.01708	0.00884	0.04943	0.01257	0.02715	0.00957	0.01103	0.00760	0.00611	0.00430	0.00192	0.00573	0.00371	0.00390	0.00766
18	0.01001	0.00739	0.00999	0.00973	0.01046	0.00844	0.00711	0.01158	0.01065	0.01534	0.04259	0.03128	0.01985	0.27776	0.39029	0.00784	0.07389	0.00789	0.04252	0.00539
19	0.01003	0.00765	0.00933	0.00875	0.01064	0.00741	0.00661	0.01491	0.10517	0.02561	0.56587	0.04764	0.12873	0.01324	0.00763	0.00211	0.00339	0.01156	0.00706	0.00667
20	0.01385	0.08483	0.05451	0.01455	0.04700	0.12890	0.07373	0.01652	0.01524	0.01892	0.12538	0.06323	0.17932	0.01119	0.00880	0.00215	0.09928	0.03083	0.00459	0.00718
21	0.01009	0.00691	0.00897	0.00835	0.01008	0.00633	0.00630	0.01310	0.01847	0.05553	0.66308	0.04874	0.09225	0.01339	0.00772	0.00208	0.00322	0.01178	0.00723	0.00639
22	0.00944	0.00693	0.00996	0.00996	0.01093	0.00789	0.00746	0.01136	0.01040	0.01483	0.01820	0.02899	0.01781	0.17990	0.61388	0.00982	0.01559	0.00751	0.00361	0.00554
23	0.01637	0.01414	0.01489	0.01340	0.01712	0.01637	0.01042	0.03498	0.71568	0.02754	0.02679	0.02456	0.02010	0.00893	0.00670	0.00223	0.00521	0.00744	0.00670	0.01042
24	0.01760	0.77260	0.03450	0.01126	0.01690	0.02605	0.01126	0.01971	0.01338	0.01549	0.00915	0.01056	0.00845	0.00563	0.00422	0.00141	0.00704	0.00352	0.00282	0.00845
25	0.81514	0.01273	0.00968	0.00866	0.01273	0.01477	0.00713	0.01935	0.01120	0.02954	0.00917	0.01069	0.00713	0.00611	0.00407	0.00204	0.00509	0.00356	0.00407	0.00713
26	0.02775	0.01331	0.01649	0.01272	0.01781	0.01289	0.01048	0.21631	0.05152	0.51366	0.02323	0.02069	0.01506	0.00811	0.00661	0.00203	0.00603	0.00647	0.00766	0.01117
27	0.01227	0.00614	0.00614	0.00614	0.00767	0.00614	0.00460	0.01534	0.01381	0.02454	0.02148	0.02454	0.01687	0.00767	0.00460	0.00153	0.00307	0.00614	0.80518	0.00614
28	0.01794	0.01919	0.18611	0.01435	0.01959	0.01579	0.01360	0.33053	0.09616	0.02990	0.02076	0.08782	0.05134	0.05647	0.00842	0.00238	0.00706	0.00762	0.00547	0.00951
29	0.13966	0.02119	0.01779	0.05282	0.09524	0.30665	0.01246	0.15705	0.01906	0.06426	0.01347	0.04665	0.01101	0.00748	0.00603	0.00192	0.00867	0.00549	0.00447	0.00864
30	0.02459	0.03138	0.01866	0.01696	0.02035	0.74221	0.01272	0.02629	0.01866	0.01611	0.01018	0.01187	0.00848	0.00678	0.00594	0.00170	0.01187	0.00424	0.00339	0.00763
31	0.81514	0.01273	0.00968	0.00866	0.01273	0.01477	0.00713	0.01935	0.01120	0.02954	0.00917	0.01069	0.00713	0.00611	0.00407	0.00204	0.00509	0.00356	0.00407	0.00713
32	0.04790	0.01266	0.02020	0.23191	0.22498	0.01385	0.06178	0.03673	0.06227	0.04334	0.01477	0.01969	0.01208	0.03729	0.12893	0.00363	0.00951	0.00634	0.00375	0.00839

[dist]
# distance from previous block
# <min> <max>
0	2

[block]
# block no. 2 follows, 33 sequences, length 17
# corresponding to MSA columns:
# 633-649
name=unknown_C
#
# <colnr> <probs for GDERKNQSTAVLIFYWHMCP>
#	G	D	E	R	K	N	Q	S	T	A	V	L	I	F	Y	W	H	M	C	P
0	0.05937	0.01534	0.03876	0.06253	0.26221	0.06638	0.01446	0.07868	0.06011	0.19177	0.01813	0.04119	0.01425	0.00788	0.00657	0.00207	0.00715	0.03825	0.00513	0.00977
1	0.27529	0.07462	0.05302	0.03933	0.01777	0.25886	0.01078	0.05138	0.03437	0.04141	0.01466	0.01639	0.05133	0.02788	0.00618	0.00202	0.00792	0.00500	0.00405	0.00773
2	0.02880	0.01123	0.01520	0.01162	0.01675	0.00963	0.00959	0.03136	0.01860	0.69912	0.02531	0.02200	0.01599	0.00800	0.00654	0.00199	0.00557	0.00649	0.00795	0.04826
3	0.01461	0.01189	0.01930	0.24647	0.27993	0.01263	0.03235	0.01836	0.01456	0.06245	0.04139	0.04030	0.01478	0.00750	0.00643	0.00202	0.00697	0.02540	0.13427	0.00839
4	0.02954	0.01120	0.01528	0.01171	0.01681	0.00968	0.00968	0.03208	0.01884	0.73213	0.02597	0.02241	0.01630	0.00815	0.00662	0.00204	0.00560	0.00662	0.00815	0.01120
5	0.81514	0.01273	0.00968	0.00866	0.01273	0.01477	0.00713	0.01935	0.01120	0.02954	0.00917	0.01069	0.00713	0.00611	0.00407	0.00204	0.00509	0.00356	0.00407	0.00713
6	0.00825	0.00654	0.00731	0.00749	0.00906	0.00590	0.00536	0.00977	0.01377	0.01719	0.08244	0.15053	0.45270	0.11452	0.07623	0.00354	0.00504	0.01330	0.00567	0.00539
7	0.81514	0.01273	0.00968	0.00866	0.01273	0.01477	0.00713	0.01935	0.01120	0.02954	0.00917	0.01069	0.00713	0.00611	0.00407	0.00204	0.00509	0.00356	0.00407	0.00713
8	0.00924	0.00673	0.00869	0.00820	0.00979	0.00618	0.00615	0.01227	0.01845	0.02595	0.68991	0.04991	0.09659	0.01363	0.00777	0.00208	0.00312	0.01201	0.00719	0.00618
9	0.01070	0.00617	0.00911	0.00911	0.00948	0.00653	0.00639	0.00962	0.00926	0.01271	0.01390	0.02318	0.01373	0.07503	0.24822	0.51406	0.00945	0.00636	0.00313	0.00386
10	0.00972	0.00633	0.00729	0.00729	0.00729	0.00633	0.00412	0.00950	0.00950	0.01266	0.02002	0.04129	0.02296	0.71065	0.03290	0.06875	0.00633	0.00927	0.00390	0.00390
11	0.42585	0.06403	0.01572	0.01208	0.01650	0.13452	0.04080	0.09320	0.01570	0.10944	0.01217	0.01310	0.00906	0.00659	0.00511	0.00194	0.00688	0.00447	0.00459	0.00827
12	0.01713	0.42011	0.16051	0.01488	0.05952	0.03810	0.01419	0.02039	0.01378	0.06212	0.01102	0.01278	0.00913	0.00638	0.00637	0.00171	0.06829	0.00432	0.00325	0.05602
13	0.19771	0.05913	0.03350	0.05428	0.01966	0.37545	0.01170	0.07032	0.01666	0.02130	0.01047	0.01235	0.00847	0.00664	0.00587	0.00180	0.02866	0.00429	0.00372	0.05803
14	0.01546	0.01616	0.02001	0.01725	0.01760	0.09500	0.01423	0.01693	0.01097	0.01587	0.00880	0.01414	0.00863	0.01103	0.01998	0.00276	0.67941	0.00560	0.00293	0.00725
15	0.01706	0.01230	0.01580	0.01234	0.03679	0.01039	0.04553	0.08282	0.01616	0.13638	0.01600	0.06257	0.01308	0.00673	0.00573	0.00144	0.00556	0.00571	0.00492	0.49270
16	0.00877	0.00655	0.00925	0.01138	0.05491	0.00637	0.00737	0.01029	0.01263	0.01705	0.03280	0.61633	0.03846	0.02259	0.08440	0.00346	0.00558	0.04040	0.00566	0.00575

[dist]
# distance from previous block
# <min> <max>
0	44

[block]
# block no. 3 follows, 33 sequences, length 7
# corresponding to MSA columns:
# 694-700
name=unknown_D
#
# <colnr> <probs for GDERKNQSTAVLIFYWHMCP>
#	G	D	E	R	K	N	Q	S	T	A	V	L	I	F	Y	W	H	M	C	P
0	0.02459	0.03138	0.01866	0.01696	0.02035	0.74221	0.01272	0.02629	0.01866	0.01611	0.01018	0.01187	0.00848	0.00678	0.00594	0.00170	0.01187	0.00424	0.00339	0.00763
1	0.01334	0.00802	0.01031	0.00936	0.01169	0.00761	0.00720	0.01703	0.06235	0.15590	0.38017	0.07660	0.11211	0.01634	0.07903	0.00295	0.00518	0.01069	0.00685	0.00728
2	0.11218	0.01637	0.01776	0.01375	0.01886	0.01766	0.01136	0.49643	0.02638	0.17786	0.01711	0.01656	0.01177	0.00776	0.00632	0.00199	0.00668	0.00581	0.00662	0.01075
3	0.05200	0.02005	0.22910	0.05170	0.21657	0.01436	0.12046	0.02286	0.01534	0.17140	0.01506	0.01692	0.01080	0.00645	0.00655	0.00206	0.00831	0.00592	0.00419	0.00990
4	0.01443	0.01140	0.01390	0.05819	0.01731	0.00908	0.00853	0.01744	0.01425	0.07047	0.05118	0.01643	0.01297	0.00568	0.00526	0.00119	0.00508	0.00465	0.00431	0.65826
5	0.00918	0.00662	0.00868	0.00838	0.00980	0.00612	0.00620	0.01208	0.01799	0.02538	0.65085	0.12533	0.06014	0.01422	0.00783	0.00213	0.00318	0.01263	0.00713	0.00612
6	0.04804	0.05201	0.14045	0.10409	0.07581	0.01365	0.03599	0.07592	0.11291	0.02344	0.11979	0.07342	0.07824	0.00949	0.00674	0.00212	0.00653	0.00809	0.00488	0.00840

[dist]
# distance from previous block
# <min> <max>
0	2

[block]
# block no. 4 follows, 33 sequences, length 58
# corresponding to MSA columns:
# 703,704,707-739,749-769,771,772
name=unknown_E
#
# <colnr> <probs for GDERKNQSTAVLIFYWHMCP>
#	G	D	E	R	K	N	Q	S	T	A	V	L	I	F	Y	W	H	M	C	P
0	0.78975	0.01291	0.01000	0.00887	0.01298	0.01495	0.00730	0.04140	0.01184	0.02992	0.00938	0.01086	0.00726	0.00617	0.00415	0.00204	0.00516	0.00364	0.00415	0.00726
1	0.01372	0.01265	0.02024	0.53080	0.15091	0.01459	0.01732	0.04230	0.03570	0.01914	0.01242	0.01719	0.00955	0.00645	0.00644	0.00205	0.00815	0.00575	0.00330	0.07132
2	0.02052	0.01045	0.01394	0.01086	0.01536	0.00880	0.02824	0.02325	0.01710	0.37628	0.13299	0.04915	0.05343	0.00887	0.00651	0.00182	0.00504	0.00751	0.00669	0.20319
3	0.01637	0.01414	0.01489	0.01340	0.01712	0.01637	0.01042	0.03498	0.71568	0.02754	0.02679	0.02456	0.02010	0.00893	0.00670	0.00223	0.00521	0.00744	0.00670	0.01042
4	0.02459	0.03138	0.01866	0.01696	0.02035	0.74221	0.01272	0.02629	0.01866	0.01611	0.01018	0.01187	0.00848	0.00678	0.00594	0.00170	0.01187	0.00424	0.00339	0.00763
5	0.02459	0.03138	0.01866	0.01696	0.02035	0.74221	0.01272	0.02629	0.01866	0.01611	0.01018	0.01187	0.00848	0.00678	0.00594	0.00170	0.01187	0.00424	0.00339	0.00763
6	0.01526	0.01390	0.01252	0.03044	0.01473	0.16241	0.00902	0.07655	0.11041	0.02415	0.21887	0.05624	0.04684	0.01067	0.00679	0.00203	0.00594	0.05758	0.11821	0.00744
7	0.30470	0.01174	0.01332	0.01064	0.01538	0.01146	0.00878	0.02762	0.01617	0.48604	0.02009	0.01830	0.01309	0.00743	0.00573	0.00204	0.00542	0.00555	0.00672	0.00978
8	0.01320	0.03405	0.73453	0.01876	0.02849	0.01529	0.02432	0.02085	0.01390	0.02085	0.01181	0.01390	0.00834	0.00625	0.00625	0.00208	0.00973	0.00486	0.00278	0.00973
9	0.00785	0.00666	0.00669	0.00669	0.00882	0.00559	0.00496	0.00945	0.01479	0.01759	0.06489	0.06256	0.69741	0.04616	0.00879	0.00239	0.00345	0.01372	0.00603	0.00550
10	0.01526	0.01810	0.06817	0.02678	0.03339	0.01626	0.64871	0.02081	0.01545	0.02103	0.01404	0.01965	0.01094	0.00604	0.00775	0.00224	0.01086	0.03231	0.00341	0.00881
11	0.02954	0.01120	0.01528	0.01171	0.01681	0.00968	0.00968	0.03208	0.01884	0.73213	0.02597	0.02241	0.01630	0.00815	0.00662	0.00204	0.00560	0.00662	0.00815	0.01120
12	0.02163	0.00993	0.01278	0.01039	0.01411	0.00912	0.00835	0.07524	0.01912	0.40436	0.21870	0.02959	0.02871	0.00955	0.00671	0.00198	0.00475	0.00798	0.09774	0.00924
13	0.01292	0.01097	0.01243	0.09543	0.01722	0.01191	0.00934	0.06063	0.30008	0.02339	0.06777	0.03936	0.27121	0.01178	0.00717	0.00222	0.00500	0.02702	0.00606	0.00809
14	0.01393	0.01210	0.06593	0.03944	0.12099	0.01094	0.06467	0.03546	0.01535	0.09462	0.13045	0.09057	0.07379	0.01475	0.08258	0.00307	0.04808	0.04548	0.02992	0.00786
15	0.02937	0.01147	0.01544	0.01184	0.01694	0.01008	0.00978	0.05715	0.01929	0.70643	0.02559	0.02216	0.01611	0.00814	0.00662	0.00203	0.00566	0.00659	0.00809	0.01120
16	0.01484	0.00807	0.00967	0.00870	0.01165	0.00694	0.00680	0.01684	0.01615	0.24454	0.06882	0.10414	0.40493	0.01424	0.00751	0.00222	0.00418	0.03561	0.00679	0.00737
17	0.01496	0.04706	0.19274	0.19983	0.18847	0.05832	0.05457	0.03645	0.04965	0.02007	0.01345	0.04381	0.01099	0.00711	0.00703	0.00210	0.03498	0.00610	0.00340	0.00891
18	0.01391	0.01255	0.02175	0.01775	0.04127	0.01218	0.27119	0.05265	0.09115	0.05277	0.05630	0.17689	0.10103	0.01124	0.00769	0.00231	0.00709	0.03708	0.00520	0.00801
19	0.02680	0.01122	0.01476	0.01155	0.01625	0.01005	0.00945	0.08148	0.01939	0.59861	0.05248	0.05071	0.04792	0.00911	0.00677	0.00206	0.00548	0.00749	0.00784	0.01058
20	0.01532	0.01313	0.02250	0.12082	0.24796	0.01371	0.12735	0.01880	0.01443	0.09083	0.03656	0.07311	0.03997	0.01093	0.05290	0.00271	0.07856	0.00767	0.00411	0.00862
21	0.04827	0.09859	0.07138	0.05992	0.29853	0.03562	0.08863	0.10329	0.04697	0.02312	0.01356	0.03863	0.01126	0.00688	0.00674	0.00200	0.02716	0.00608	0.00384	0.00952
22	0.02116	0.01284	0.03363	0.01329	0.01693	0.04651	0.05456	0.07720	0.01706	0.33115	0.02265	0.12160	0.01861	0.03279	0.00926	0.00234	0.08642	0.02712	0.04587	0.00902
23	0.72207	0.01398	0.04676	0.01128	0.06120	0.01485	0.00885	0.01948	0.01159	0.02857	0.00951	0.01123	0.00741	0.00610	0.00435	0.00203	0.00550	0.00378	0.00396	0.00748
24	0.00902	0.00964	0.06326	0.00826	0.01096	0.03302	0.00696	0.01133	0.01548	0.01911	0.14935	0.07603	0.53380	0.01519	0.00761	0.00219	0.00412	0.01272	0.00591	0.00604
25	0.01625	0.04876	0.07969	0.13107	0.35913	0.05739	0.05142	0.04810	0.07282	0.02150	0.01332	0.01642	0.01061	0.00632	0.00639	0.00196	0.00811	0.00574	0.00361	0.04140
26	0.01606	0.01567	0.02546	0.13870	0.60680	0.04203	0.01966	0.01996	0.01487	0.02066	0.01221	0.01631	0.01013	0.00600	0.00651	0.00198	0.00810	0.00580	0.00322	0.00989
27	0.00894	0.00605	0.00794	0.00908	0.00982	0.00557	0.00619	0.01025	0.01323	0.04688	0.06200	0.66428	0.08592	0.01961	0.00827	0.00260	0.00384	0.01767	0.00624	0.00563
28	0.01658	0.01447	0.01792	0.08753	0.26227	0.10026	0.01338	0.08530	0.03635	0.04211	0.03716	0.06909	0.01555	0.00795	0.00625	0.00193	0.00685	0.00683	0.16362	0.00859
29	0.00793	0.00660	0.00692	0.00699	0.00902	0.00560	0.00519	0.00967	0.01513	0.01843	0.11903	0.11454	0.61895	0.01670	0.00783	0.00224	0.00335	0.01409	0.00621	0.00560
30	0.01741	0.01801	0.01528	0.01431	0.04127	0.27037	0.01050	0.09232	0.01644	0.01950	0.04553	0.05390	0.06087	0.10598	0.04404	0.00296	0.11393	0.00709	0.04312	0.00717
31	0.01637	0.01414	0.01489	0.01340	0.01712	0.01637	0.01042	0.03498	0.71568	0.02754	0.02679	0.02456	0.02010	0.00893	0.00670	0.00223	0.00521	0.00744	0.00670	0.01042
32	0.01760	0.77260	0.03450	0.01126	0.01690	0.02605	0.01126	0.01971	0.01338	0.01549	0.00915	0.01056	0.00845	0.00563	0.00422	0.00141	0.00704	0.00352	0.00282	0.00845
33	0.02503	0.01844	0.01976	0.01515	0.02042	0.02042	0.01251	0.70562	0.03095	0.04149	0.01581	0.01581	0.01120	0.00790	0.00659	0.00198	0.00724	0.00593	0.00659	0.01120
34	0.01616	0.01857	0.08948	0.04607	0.15571	0.01661	0.45784	0.07493	0.01647	0.02265	0.01319	0.01704	0.01000	0.00587	0.00731	0.00214	0.01005	0.00701	0.00352	0.00936
35	0.00957	0.00642	0.00735	0.00735	0.00741	0.00647	0.00420	0.00968	0.00962	0.01289	0.02059	0.04223	0.02356	0.73297	0.06867	0.00659	0.00694	0.00945	0.00397	0.00408
36	0.00887	0.00653	0.00840	0.00949	0.01028	0.00635	0.00659	0.01161	0.06723	0.01869	0.10501	0.61413	0.04345	0.01893	0.00823	0.00259	0.00392	0.03757	0.00627	0.00585
37	0.00803	0.00675	0.00702	0.00716	0.00932	0.00574	0.00550	0.00982	0.01502	0.01796	0.06385	0.06433	0.66351	0.01681	0.00790	0.00230	0.00358	0.07371	0.00611	0.00560
38	0.02280	0.04680	0.01981	0.04764	0.08551	0.46460	0.01337	0.15895	0.02022	0.02165	0.01222	0.03323	0.01014	0.00725	0.00616	0.00181	0.01011	0.00515	0.00405	0.00854
39	0.01855	0.01015	0.01120	0.00940	0.01251	0.01038	0.00750	0.19323	0.01904	0.15382	0.02083	0.02195	0.01533	0.00781	0.00546	0.00173	0.00457	0.00617	0.46203	0.00831
40	0.00917	0.00699	0.00790	0.00797	0.01009	0.00617	0.00625	0.01121	0.01526	0.04394	0.10848	0.06101	0.51528	0.01766	0.03716	0.00266	0.00439	0.11635	0.00616	0.00590
41	0.01624	0.01397	0.01464	0.01384	0.04231	0.03622	0.01032	0.03244	0.60741	0.02672	0.02532	0.02389	0.01912	0.00865	0.00648	0.00214	0.00530	0.00718	0.07783	0.00996
42	0.03839	0.01659	0.09860	0.02327	0.22587	0.04286	0.12977	0.09980	0.01668	0.02299	0.04169	0.07902	0.07179	0.01025	0.03383	0.00243	0.00810	0.02499	0.00429	0.00880
43	0.01144	0.00572	0.00858	0.00858	0.00858	0.00572	0.00572	0.00858	0.00858	0.01144	0.01144	0.02001	0.01144	0.02287	0.02573	0.80846	0.00572	0.00572	0.00286	0.00286
44	0.00897	0.00699	0.00835	0.00893	0.01078	0.00637	0.00725	0.01125	0.01526	0.01911	0.10133	0.08675	0.39612	0.01713	0.00830	0.00253	0.00437	0.26825	0.00618	0.00579
45	0.01589	0.01473	0.01836	0.04556	0.20320	0.07794	0.01258	0.03687	0.01487	0.03848	0.03767	0.01595	0.01177	0.00645	0.00719	0.00161	0.07553	0.00509	0.00386	0.35641
46	0.18038	0.01664	0.02072	0.05245	0.36830	0.09195	0.01528	0.08759	0.04228	0.04572	0.01275	0.01518	0.01010	0.00642	0.00598	0.00197	0.00751	0.00531	0.00402	0.00945
47	0.01144	0.00572	0.00858	0.00858	0.00858	0.00572	0.00572	0.00858	0.00858	0.01144	0.01144	0.02001	0.01144	0.02287	0.02573	0.80846	0.00572	0.00572	0.00286	0.00286
48	0.01616	0.01645	0.05761	0.03946	0.69707	0.01563	0.02038	0.02023	0.01494	0.02148	0.01236	0.01619	0.01034	0.00588	0.00651	0.00196	0.00790	0.00582	0.00324	0.01040
49	0.01653	0.01482	0.04500	0.23570	0.41077	0.01496	0.03985	0.03859	0.01524	0.08519	0.01353	0.01716	0.01044	0.00633	0.00658	0.00204	0.00803	0.00596	0.00369	0.00958
50	0.02005	0.02350	0.01965	0.19663	0.12365	0.43358	0.01485	0.02310	0.03204	0.01748	0.01148	0.01443	0.00928	0.00668	0.00616	0.00186	0.01021	0.00497	0.02245	0.00797
51	0.43685	0.06788	0.05469	0.01381	0.05205	0.21976	0.03016	0.02149	0.01389	0.02377	0.00987	0.01167	0.00790	0.00625	0.00495	0.00190	0.00767	0.00405	0.00367	0.00771
52	0.01144	0.00572	0.00858	0.00858	0.00858	0.00572	0.00572	0.00858	0.00858	0.01144	0.01144	0.02001	0.01144	0.02287	0.02573	0.80846	0.00572	0.00572	0.00286	0.00286
53	0.01389	0.01265	0.02033	0.10584	0.30417	0.01320	0.06422	0.01899	0.08511	0.02104	0.04612	0.06766	0.04107	0.00960	0.00756	0.00225	0.02808	0.10526	0.02438	0.00857
54	0.01205	0.00973	0.01137	0.01193	0.03586	0.01051	0.00840	0.02096	0.31928	0.02186	0.03095	0.39634	0.03148	0.01468	0.00749	0.00243	0.00453	0.01302	0.02938	0.00775
55	0.05393	0.01298	0.01738	0.01571	0.09399	0.01270	0.04414	0.14337	0.06294	0.33198	0.10178	0.02293	0.01948	0.00823	0.00665	0.00202	0.00604	0.00695	0.00666	0.03014
56	0.07957	0.09644	0.02014	0.01650	0.06719	0.27738	0.01241	0.24068	0.08270	0.02643	0.01340	0.01432	0.01040	0.00710	0.00595	0.00185	0.00858	0.00505	0.00468	0.00924
57	0.54210	0.03257	0.01413	0.01237	0.03398	0.16057	0.04343	0.03641	0.01360	0.02596	0.01045	0.01313	0.00851	0.00654	0.00488	0.00199	0.00693	0.02100	0.00396	0.00750

[dist]
# distance from previous block
# <min> <max>
0	18

[block]
# block no. 5 follows, 33 sequences, length 17
# corresponding to MSA columns:
# 791-807
name=unknown_F
#
# <colnr> <probs for GDERKNQSTAVLIFYWHMCP>
#	G	D	E	R	K	N	Q	S	T	A	V	L	I	F	Y	W	H	M	C	P
0	0.25331	0.08609	0.25031	0.01952	0.15365	0.05883	0.05043	0.02052	0.01362	0.02283	0.01089	0.01318	0.00847	0.00608	0.00554	0.00197	0.00796	0.00466	0.00332	0.00881
1	0.01498	0.04436	0.06532	0.03529	0.06640	0.01172	0.04188	0.04710	0.01460	0.04261	0.01223	0.01439	0.00986	0.00555	0.00582	0.00135	0.02696	0.00453	0.00390	0.53116
2	0.00932	0.00673	0.00880	0.00828	0.00984	0.00621	0.00621	0.01242	0.01863	0.02640	0.72410	0.04918	0.06212	0.01346	0.00776	0.00207	0.00311	0.01191	0.00725	0.00621
3	0.01394	0.01307	0.02113	0.03097	0.52378	0.01280	0.01597	0.01724	0.01503	0.02069	0.04781	0.05254	0.16917	0.00896	0.00690	0.00204	0.00656	0.00824	0.00410	0.00906
4	0.02459	0.03138	0.01866	0.01696	0.02035	0.74221	0.01272	0.02629	0.01866	0.01611	0.01018	0.01187	0.00848	0.00678	0.00594	0.00170	0.01187	0.00424	0.00339	0.00763
5	0.01485	0.01622	0.09412	0.06792	0.49128	0.01439	0.05947	0.01914	0.01530	0.02183	0.10492	0.02048	0.01684	0.00691	0.00673	0.00201	0.00764	0.00667	0.00372	0.00957
6	0.01368	0.12069	0.21318	0.01584	0.08143	0.03015	0.05351	0.01872	0.05289	0.04127	0.16992	0.02760	0.09659	0.00896	0.00656	0.00198	0.00672	0.00759	0.02439	0.00832
7	0.01526	0.36121	0.39249	0.01584	0.02361	0.02013	0.04905	0.02036	0.01374	0.01848	0.01070	0.01259	0.00846	0.00595	0.00542	0.00179	0.00860	0.00440	0.00282	0.00912
8	0.00861	0.00604	0.00748	0.00833	0.00869	0.00575	0.00532	0.00944	0.01185	0.01577	0.05739	0.45435	0.06439	0.28537	0.01725	0.00395	0.00468	0.01503	0.00540	0.00491
9	0.01128	0.01203	0.07532	0.01837	0.17748	0.00994	0.08284	0.01445	0.01483	0.01976	0.08110	0.15547	0.23508	0.01271	0.00754	0.00226	0.00591	0.05126	0.00497	0.00740
10	0.01325	0.05408	0.34042	0.07064	0.21433	0.01409	0.01900	0.01835	0.01411	0.01992	0.01876	0.08396	0.07457	0.00830	0.00658	0.00209	0.00797	0.00713	0.00350	0.00896
11	0.00865	0.00622	0.00833	0.00980	0.01053	0.00591	0.00718	0.01028	0.01333	0.01756	0.03714	0.56633	0.06914	0.01987	0.00855	0.00274	0.00435	0.18247	0.00610	0.00553
12	0.01613	0.49444	0.25556	0.01535	0.06230	0.02203	0.01592	0.02010	0.01364	0.01754	0.01018	0.01195	0.00853	0.00584	0.00500	0.00165	0.00794	0.00408	0.00283	0.00897
13	0.01646	0.04122	0.21243	0.07285	0.21640	0.05868	0.06384	0.11268	0.05957	0.02333	0.01453	0.05217	0.01187	0.00722	0.00655	0.00205	0.00840	0.00630	0.00390	0.00957
14	0.01848	0.01137	0.08736	0.01089	0.01470	0.00849	0.00949	0.02134	0.01665	0.33786	0.13516	0.16995	0.07851	0.01173	0.00711	0.00216	0.00506	0.01005	0.03504	0.00859
15	0.01022	0.00744	0.01073	0.05374	0.01365	0.00707	0.05504	0.01223	0.01374	0.05266	0.03669	0.43349	0.14919	0.01646	0.00782	0.00244	0.00466	0.04309	0.06354	0.00611
16	0.01858	0.01915	0.09109	0.02418	0.17702	0.10809	0.20499	0.07704	0.01701	0.09846	0.01521	0.01986	0.01210	0.00730	0.00757	0.00212	0.04076	0.04595	0.00419	0.00933

[dist]
# distance from previous block
# <min> <max>
0	2

[block]
# block no. 6 follows, 33 sequences, length 32
# corresponding to MSA columns:
# 810-841
name=unknown_G
#
# <colnr> <probs for GDERKNQSTAVLIFYWHMCP>
#	G	D	E	R	K	N	Q	S	T	A	V	L	I	F	Y	W	H	M	C	P
0	0.07071	0.05102	0.03261	0.03037	0.05506	0.09105	0.02382	0.24333	0.01939	0.02637	0.01720	0.08582	0.03360	0.04239	0.00836	0.00217	0.04829	0.02434	0.00487	0.08924
1	0.00992	0.06816	0.05751	0.01009	0.01206	0.00845	0.00820	0.02830	0.02822	0.01841	0.05322	0.44516	0.13119	0.01703	0.00782	0.00247	0.00469	0.07719	0.00569	0.00623
2	0.01950	0.11763	0.06759	0.01760	0.07349	0.12566	0.09987	0.18042	0.04313	0.07646	0.01690	0.06507	0.02880	0.00914	0.02760	0.00221	0.00840	0.00666	0.00470	0.00918
3	0.00857	0.00671	0.00782	0.00758	0.00944	0.00597	0.00569	0.01094	0.01656	0.02176	0.37531	0.05527	0.38565	0.01637	0.03502	0.00246	0.00376	0.01270	0.00655	0.00588
4	0.01703	0.01670	0.09513	0.02993	0.45330	0.02978	0.01744	0.04608	0.05447	0.08406	0.02963	0.01975	0.04322	0.00701	0.00653	0.00199	0.00735	0.00635	0.02426	0.01000
5	0.01126	0.00578	0.00845	0.00845	0.00845	0.00578	0.00556	0.00867	0.00867	0.01156	0.01229	0.02214	0.01259	0.09157	0.02645	0.73457	0.00578	0.00607	0.00296	0.00296
6	0.02098	0.02053	0.05973	0.01617	0.06465	0.28968	0.02947	0.06776	0.03742	0.15418	0.08470	0.03967	0.05115	0.00861	0.00692	0.00196	0.02600	0.00670	0.00508	0.00865
7	0.01339	0.01227	0.01663	0.01539	0.03939	0.01586	0.01207	0.01840	0.14273	0.01806	0.01477	0.01968	0.01311	0.02177	0.22632	0.00495	0.37743	0.00645	0.00380	0.00753
8	0.00927	0.00666	0.00836	0.00797	0.00928	0.00620	0.00572	0.01170	0.01670	0.02329	0.54981	0.04895	0.09767	0.15531	0.01259	0.00289	0.00374	0.01160	0.00656	0.00575
9	0.16680	0.05070	0.11647	0.18100	0.11816	0.07254	0.03353	0.02091	0.01429	0.09734	0.01267	0.01512	0.00949	0.00636	0.00583	0.00195	0.00773	0.00507	0.00383	0.06021
10	0.48333	0.01332	0.01644	0.01295	0.01774	0.01394	0.13836	0.02262	0.01378	0.19057	0.01384	0.01473	0.00979	0.00648	0.00536	0.00207	0.00634	0.00506	0.00488	0.00840
11	0.01426	0.01390	0.01894	0.01587	0.01697	0.01803	0.01316	0.01598	0.01075	0.01690	0.00922	0.01426	0.00885	0.01028	0.01847	0.00252	0.61559	0.00541	0.00307	0.15757
12	0.01709	0.01331	0.01716	0.04594	0.15331	0.06165	0.04476	0.09762	0.05586	0.10751	0.08391	0.02567	0.01916	0.15070	0.01224	0.00285	0.03537	0.00731	0.04028	0.00831
13	0.78509	0.01295	0.01006	0.00890	0.01302	0.01498	0.00733	0.04545	0.01195	0.02999	0.00942	0.01089	0.00728	0.00618	0.00417	0.00203	0.00517	0.00365	0.00417	0.00728
14	0.01005	0.00928	0.00938	0.00919	0.01087	0.06866	0.00688	0.01179	0.01489	0.01842	0.13810	0.18415	0.38344	0.01569	0.00901	0.00230	0.07326	0.01298	0.00574	0.00593
15	0.01349	0.06381	0.08635	0.06580	0.10617	0.01515	0.16888	0.01693	0.01302	0.01813	0.01616	0.07287	0.04022	0.04537	0.07769	0.00322	0.15791	0.00752	0.00348	0.00782
16	0.77099	0.01391	0.04958	0.00921	0.01360	0.01480	0.00808	0.01943	0.01135	0.02906	0.00931	0.01087	0.00720	0.00612	0.00419	0.00204	0.00535	0.00364	0.00400	0.00727
17	0.02268	0.02819	0.01894	0.01702	0.01978	0.60678	0.01304	0.02433	0.01705	0.01606	0.00989	0.01235	0.00851	0.00767	0.00887	0.00192	0.15155	0.00453	0.00330	0.00755
18	0.01223	0.02874	0.59819	0.01696	0.02494	0.01342	0.02091	0.01866	0.01366	0.02009	0.01640	0.15466	0.01494	0.00895	0.00666	0.00220	0.00862	0.00746	0.00340	0.00891
19	0.03376	0.01144	0.08931	0.04534	0.01717	0.00944	0.06625	0.01684	0.01481	0.06702	0.02556	0.04518	0.02454	0.01218	0.00732	0.00242	0.00627	0.32085	0.17718	0.00711
20	0.02630	0.01025	0.01356	0.01067	0.01509	0.00901	0.00872	0.02894	0.01790	0.59941	0.02513	0.02281	0.01640	0.00806	0.00624	0.00194	0.00513	0.00653	0.15764	0.01025
21	0.01984	0.62979	0.03089	0.01135	0.01688	0.02298	0.01097	0.02203	0.01440	0.14990	0.01231	0.01278	0.00992	0.00610	0.00467	0.00153	0.00677	0.00410	0.00382	0.00897
22	0.01589	0.01406	0.02356	0.24820	0.31679	0.01491	0.08949	0.05763	0.03561	0.05715	0.01440	0.03607	0.01149	0.00678	0.00668	0.00207	0.00801	0.00647	0.02555	0.00917
23	0.00832	0.00597	0.00798	0.00906	0.00970	0.00563	0.00622	0.00989	0.01365	0.01854	0.16449	0.59827	0.04585	0.02052	0.04002	0.00290	0.00428	0.01693	0.00621	0.00553
24	0.02630	0.01025	0.01356	0.01067	0.01509	0.00901	0.00872	0.02894	0.01790	0.59941	0.02513	0.02281	0.01640	0.00806	0.00624	0.00194	0.00513	0.00653	0.15764	0.01025
25	0.01555	0.01398	0.02034	0.52517	0.10179	0.04011	0.01719	0.14664	0.01685	0.02185	0.01248	0.01692	0.00937	0.00677	0.00656	0.00211	0.00851	0.00581	0.00366	0.00833
26	0.01852	0.03474	0.17316	0.02238	0.20660	0.06302	0.07337	0.07492	0.03080	0.14929	0.01834	0.04649	0.04320	0.00762	0.00663	0.00204	0.00792	0.00665	0.00459	0.00972
27	0.66555	0.15526	0.01433	0.00915	0.01351	0.01688	0.00791	0.01942	0.01161	0.02690	0.00916	0.01067	0.00738	0.00602	0.00410	0.00192	0.00546	0.00356	0.00384	0.00738
28	0.02578	0.01347	0.01612	0.01259	0.01733	0.01344	0.01031	0.29181	0.02297	0.38899	0.02219	0.05205	0.01553	0.00856	0.00656	0.00201	0.00601	0.00684	0.05680	0.01063
29	0.01614	0.04873	0.25322	0.01843	0.08191	0.03163	0.10671	0.04841	0.03469	0.11970	0.01903	0.14196	0.01679	0.00917	0.00689	0.00217	0.00784	0.02299	0.00454	0.00905
30	0.01454	0.01114	0.01606	0.11349	0.15394	0.02989	0.04598	0.04667	0.01530	0.06972	0.02246	0.08961	0.04574	0.01011	0.00707	0.00216	0.02146	0.10666	0.17023	0.00777
31	0.01016	0.00712	0.01063	0.03508	0.01225	0.00784	0.02483	0.01158	0.01084	0.01544	0.03346	0.02677	0.03690	0.07850	0.44705	0.15858	0.01277	0.00718	0.04769	0.00534

[dist]
# distance from previous block
# <min> <max>
0	257

# created by:
# /home/cegg/simao/soft/augustus-3.2.1/scripts/msa2prfl.pl ./align_prep/EOG090W0BU7.fa
