[name]
unknown

[dist]
# distance from previous block
# <min> <max>
0	86

[block]
# block no. 0 follows, 30 sequences, length 7
# corresponding to MSA columns:
# 86-92
name=unknown_A
#
# <colnr> <probs for GDERKNQSTAVLIFYWHMCP>
#	G	D	E	R	K	N	Q	S	T	A	V	L	I	F	Y	W	H	M	C	P
0	0.01124	0.00803	0.01124	0.01285	0.01446	0.00803	0.01124	0.01446	0.01606	0.02088	0.03695	0.07871	0.04016	0.01928	0.00964	0.00321	0.00643	0.66426	0.00643	0.00643
1	0.01739	0.56297	0.22148	0.01410	0.02124	0.02452	0.01569	0.02122	0.01433	0.01796	0.01047	0.01215	0.00892	0.00615	0.00506	0.00169	0.00824	0.00412	0.00297	0.00932
2	0.01218	0.19688	0.01552	0.00939	0.01111	0.01228	0.00701	0.01320	0.01151	0.01491	0.01926	0.07224	0.02110	0.41541	0.13500	0.00592	0.00867	0.00863	0.00396	0.00582
3	0.01827	0.20376	0.38020	0.01703	0.02512	0.02029	0.01933	0.19004	0.01917	0.02628	0.01292	0.01440	0.00963	0.00691	0.00621	0.00201	0.00897	0.00510	0.00397	0.01038
4	0.02488	0.02148	0.02395	0.01844	0.02396	0.12627	0.11908	0.48474	0.02829	0.03656	0.01545	0.01646	0.01124	0.00781	0.00708	0.00209	0.00905	0.00632	0.00593	0.01092
5	0.01941	0.01533	0.01712	0.01268	0.01863	0.01436	0.01032	0.29238	0.02199	0.03145	0.01419	0.01541	0.01096	0.00648	0.00591	0.00147	0.00620	0.00502	0.00530	0.47540
6	0.02038	0.39688	0.08968	0.01598	0.02200	0.13468	0.08321	0.12183	0.01812	0.02173	0.01162	0.01333	0.00955	0.00657	0.00571	0.00178	0.00899	0.00482	0.00373	0.00942

[dist]
# distance from previous block
# <min> <max>
0	2

[block]
# block no. 1 follows, 30 sequences, length 12
# corresponding to MSA columns:
# 95-106
name=unknown_B
#
# <colnr> <probs for GDERKNQSTAVLIFYWHMCP>
#	G	D	E	R	K	N	Q	S	T	A	V	L	I	F	Y	W	H	M	C	P
0	0.01424	0.03266	0.61886	0.01880	0.02812	0.01564	0.02357	0.05450	0.01575	0.02299	0.01642	0.02019	0.04070	0.00780	0.00686	0.00226	0.00970	0.03744	0.00347	0.01001
1	0.01647	0.01589	0.02632	0.11701	0.51930	0.01727	0.02015	0.02023	0.01479	0.02122	0.01237	0.01708	0.01054	0.00732	0.00962	0.00227	0.13250	0.00620	0.00335	0.01010
2	0.01581	0.31681	0.45374	0.01680	0.02543	0.02064	0.02041	0.02163	0.01452	0.01989	0.01143	0.01336	0.00888	0.00637	0.00579	0.00193	0.00921	0.00460	0.00296	0.00979
3	0.01015	0.00677	0.00761	0.00761	0.00761	0.00677	0.00423	0.01015	0.01015	0.01353	0.02199	0.04567	0.02537	0.75476	0.03552	0.00677	0.00677	0.01015	0.00423	0.00423
4	0.01447	0.01240	0.01447	0.01034	0.01654	0.00930	0.00827	0.01757	0.01447	0.02274	0.01240	0.01447	0.01034	0.00517	0.00517	0.00103	0.00517	0.00413	0.00413	0.79742
5	0.80405	0.01350	0.01026	0.00918	0.01350	0.01565	0.00756	0.02051	0.01188	0.03131	0.00972	0.01134	0.00756	0.00648	0.00432	0.00216	0.00540	0.00378	0.00432	0.00756
6	0.00850	0.00607	0.00810	0.00972	0.01012	0.00567	0.00648	0.00972	0.01336	0.01781	0.03846	0.75020	0.04615	0.02186	0.00891	0.00283	0.00405	0.01984	0.00648	0.00567
7	0.00997	0.00748	0.01121	0.01121	0.01246	0.00872	0.00872	0.01246	0.01121	0.01620	0.01869	0.02741	0.01745	0.05234	0.72710	0.01121	0.01869	0.00748	0.00374	0.00623
8	0.06350	0.01585	0.13447	0.01355	0.01954	0.01140	0.01281	0.03037	0.01851	0.53153	0.02464	0.02442	0.01655	0.00873	0.00696	0.00222	0.00668	0.03976	0.00736	0.01113
9	0.02496	0.01904	0.02219	0.02058	0.13828	0.02078	0.01464	0.57522	0.02995	0.04040	0.01614	0.01684	0.01173	0.00801	0.00697	0.00209	0.00778	0.00627	0.00638	0.01173
10	0.14869	0.17986	0.42948	0.01686	0.02513	0.01852	0.04846	0.02160	0.01421	0.02250	0.01154	0.01361	0.00872	0.00644	0.00587	0.00206	0.00896	0.00476	0.00321	0.00953
11	0.10323	0.01516	0.01813	0.07731	0.07943	0.01627	0.01259	0.27463	0.07567	0.16628	0.02008	0.07640	0.01564	0.00908	0.00687	0.00221	0.00684	0.00735	0.00637	0.01046

[dist]
# distance from previous block
# <min> <max>
28	39

[block]
# block no. 2 follows, 30 sequences, length 16
# corresponding to MSA columns:
# 150-165
name=unknown_C
#
# <colnr> <probs for GDERKNQSTAVLIFYWHMCP>
#	G	D	E	R	K	N	Q	S	T	A	V	L	I	F	Y	W	H	M	C	P
0	0.01777	0.28390	0.03129	0.03171	0.46157	0.02055	0.01800	0.02123	0.01527	0.02050	0.01189	0.01508	0.01030	0.00613	0.00603	0.00186	0.00799	0.00532	0.00329	0.01030
1	0.01635	0.38813	0.06003	0.27666	0.09499	0.02171	0.01612	0.01989	0.01428	0.01778	0.01112	0.01459	0.00927	0.00638	0.00570	0.00188	0.00833	0.00492	0.00307	0.00878
2	0.01491	0.01507	0.02787	0.34128	0.08805	0.01623	0.25834	0.02129	0.07985	0.02090	0.01539	0.04189	0.01217	0.00722	0.00750	0.00234	0.00960	0.00752	0.00376	0.00884
3	0.45154	0.01443	0.01399	0.01144	0.01629	0.01568	0.00944	0.16932	0.01836	0.19613	0.01547	0.01546	0.01080	0.00740	0.00554	0.00215	0.00602	0.00509	0.00592	0.00952
4	0.00997	0.00748	0.01121	0.01121	0.01246	0.00872	0.00872	0.01246	0.01121	0.01620	0.01869	0.02741	0.01745	0.05234	0.72710	0.01121	0.01869	0.00748	0.00374	0.00623
5	0.02507	0.02060	0.26912	0.01511	0.02227	0.01240	0.01585	0.02972	0.01809	0.46617	0.02213	0.02050	0.01424	0.00791	0.00688	0.00218	0.00751	0.00635	0.00659	0.01131
6	0.02440	0.01342	0.01599	0.01330	0.01798	0.01377	0.01065	0.03553	0.35603	0.37593	0.02796	0.02488	0.01927	0.00905	0.00706	0.00226	0.00573	0.00745	0.00788	0.01146
7	0.00850	0.00607	0.00810	0.00972	0.01012	0.00567	0.00648	0.00972	0.01336	0.01781	0.03846	0.75020	0.04615	0.02186	0.00891	0.00283	0.00405	0.01984	0.00648	0.00567
8	0.29849	0.02796	0.46353	0.01603	0.02419	0.01601	0.01922	0.02153	0.01370	0.02542	0.01151	0.01351	0.00838	0.00658	0.00580	0.00219	0.00854	0.00466	0.00344	0.00932
9	0.63546	0.01314	0.01155	0.00988	0.01444	0.01448	0.00815	0.02346	0.01364	0.18070	0.01360	0.01404	0.00968	0.00695	0.00491	0.00216	0.00552	0.00449	0.00526	0.00850
10	0.12714	0.19059	0.46927	0.01663	0.02515	0.01862	0.02018	0.02161	0.01421	0.02217	0.01151	0.01348	0.00868	0.00646	0.00583	0.00205	0.00899	0.00465	0.00315	0.00963
11	0.02541	0.12448	0.02316	0.01547	0.02111	0.02249	0.01308	0.59329	0.03017	0.04007	0.01575	0.01596	0.01145	0.00804	0.00663	0.00201	0.00765	0.00592	0.00641	0.01145
12	0.02481	0.18086	0.02435	0.01516	0.02083	0.02294	0.01297	0.54243	0.02875	0.03797	0.01522	0.01554	0.01123	0.00785	0.00643	0.00196	0.00763	0.00573	0.00611	0.01123
13	0.01635	0.12320	0.17113	0.01277	0.01953	0.01336	0.01272	0.02039	0.01528	0.08856	0.04877	0.01686	0.01330	0.00640	0.00572	0.00152	0.00659	0.00501	0.00432	0.39822
14	0.01542	0.25651	0.51063	0.01747	0.02645	0.01968	0.02156	0.02173	0.01456	0.02037	0.01166	0.01365	0.00887	0.00643	0.00597	0.00199	0.00944	0.00472	0.00296	0.00990
15	0.01473	0.03149	0.56527	0.01865	0.02757	0.01646	0.02257	0.02537	0.16394	0.02365	0.01599	0.01720	0.01156	0.00725	0.00673	0.00224	0.00927	0.00575	0.00385	0.01047

[dist]
# distance from previous block
# <min> <max>
3	9

[block]
# block no. 3 follows, 30 sequences, length 7
# corresponding to MSA columns:
# 176-182
name=unknown_D
#
# <colnr> <probs for GDERKNQSTAVLIFYWHMCP>
#	G	D	E	R	K	N	Q	S	T	A	V	L	I	F	Y	W	H	M	C	P
0	0.01629	0.01558	0.02656	0.20884	0.55286	0.01632	0.02093	0.02056	0.01543	0.02161	0.01295	0.01759	0.01064	0.00640	0.00692	0.00213	0.00853	0.00621	0.00337	0.01027
1	0.02653	0.01955	0.02094	0.01606	0.02164	0.02164	0.01326	0.68796	0.03281	0.04398	0.01675	0.01675	0.01187	0.00838	0.00698	0.00209	0.00768	0.00628	0.00698	0.01187
2	0.01447	0.01240	0.01447	0.01034	0.01654	0.00930	0.00827	0.01757	0.01447	0.02274	0.01240	0.01447	0.01034	0.00517	0.00517	0.00103	0.00517	0.00413	0.00413	0.79742
3	0.02448	0.01792	0.01914	0.01499	0.02006	0.01984	0.01228	0.56990	0.08630	0.04104	0.01829	0.01841	0.01322	0.00844	0.00679	0.00207	0.00708	0.00644	0.08202	0.01129
4	0.01727	0.01658	0.02832	0.04283	0.71123	0.01658	0.02142	0.02142	0.01589	0.02280	0.01313	0.01727	0.01105	0.00622	0.00691	0.00207	0.00829	0.00622	0.00345	0.01105
5	0.02524	0.01819	0.01969	0.01547	0.02075	0.02007	0.01266	0.52588	0.15000	0.08927	0.01959	0.01890	0.01393	0.00859	0.00700	0.00215	0.00717	0.00662	0.00712	0.01172
6	0.01727	0.01658	0.02832	0.04283	0.71123	0.01658	0.02142	0.02142	0.01589	0.02280	0.01313	0.01727	0.01105	0.00622	0.00691	0.00207	0.00829	0.00622	0.00345	0.01105

[dist]
# distance from previous block
# <min> <max>
0	1

[block]
# block no. 4 follows, 30 sequences, length 8
# corresponding to MSA columns:
# 184-191
name=unknown_E
#
# <colnr> <probs for GDERKNQSTAVLIFYWHMCP>
#	G	D	E	R	K	N	Q	S	T	A	V	L	I	F	Y	W	H	M	C	P
0	0.01727	0.01658	0.02832	0.04283	0.71123	0.01658	0.02142	0.02142	0.01589	0.02280	0.01313	0.01727	0.01105	0.00622	0.00691	0.00207	0.00829	0.00622	0.00345	0.01105
1	0.02264	0.01648	0.01798	0.01469	0.01931	0.01814	0.01180	0.40304	0.20701	0.08367	0.02273	0.09207	0.01813	0.01002	0.00721	0.00224	0.00663	0.00810	0.00708	0.01104
2	0.01727	0.01658	0.02832	0.04283	0.71123	0.01658	0.02142	0.02142	0.01589	0.02280	0.01313	0.01727	0.01105	0.00622	0.00691	0.00207	0.00829	0.00622	0.00345	0.01105
3	0.02286	0.01462	0.01677	0.01345	0.01852	0.01490	0.01083	0.16948	0.25192	0.23055	0.02313	0.02156	0.01639	0.00831	0.00674	0.00203	0.00604	0.00669	0.00704	0.13815
4	0.01015	0.00677	0.00761	0.00761	0.00761	0.00677	0.00423	0.01015	0.01015	0.01353	0.02199	0.04567	0.02537	0.75476	0.03552	0.00677	0.00677	0.01015	0.00423	0.00423
5	0.01727	0.01658	0.02832	0.04283	0.71123	0.01658	0.02142	0.02142	0.01589	0.02280	0.01313	0.01727	0.01105	0.00622	0.00691	0.00207	0.00829	0.00622	0.00345	0.01105
6	0.01015	0.00677	0.00761	0.00761	0.00761	0.00677	0.00423	0.01015	0.01015	0.01353	0.02199	0.04567	0.02537	0.75476	0.03552	0.00677	0.00677	0.01015	0.00423	0.00423
7	0.01880	0.01448	0.01632	0.01243	0.01808	0.01358	0.01002	0.18140	0.12766	0.06975	0.01687	0.01740	0.01285	0.00682	0.00602	0.00156	0.00587	0.00541	0.00555	0.43913

[dist]
# distance from previous block
# <min> <max>
2	4

[block]
# block no. 5 follows, 30 sequences, length 15
# corresponding to MSA columns:
# 196-210
name=unknown_F
#
# <colnr> <probs for GDERKNQSTAVLIFYWHMCP>
#	G	D	E	R	K	N	Q	S	T	A	V	L	I	F	Y	W	H	M	C	P
0	0.01870	0.01581	0.02651	0.07622	0.59459	0.01578	0.02000	0.02270	0.01627	0.10390	0.01478	0.01810	0.01169	0.00654	0.00692	0.00210	0.00807	0.00631	0.00404	0.01097
1	0.01495	0.18417	0.57889	0.01826	0.02768	0.01854	0.02295	0.02185	0.01462	0.02094	0.01195	0.01401	0.00886	0.00649	0.00619	0.00206	0.00973	0.00486	0.00295	0.01003
2	0.01727	0.01658	0.02832	0.04283	0.71123	0.01658	0.02142	0.02142	0.01589	0.02280	0.01313	0.01727	0.01105	0.00622	0.00691	0.00207	0.00829	0.00622	0.00345	0.01105
3	0.01366	0.01289	0.02180	0.65639	0.12590	0.01563	0.01962	0.01825	0.01418	0.01841	0.01249	0.01845	0.00951	0.00689	0.00697	0.00230	0.00918	0.00620	0.00314	0.00814
4	0.15093	0.06180	0.56806	0.01771	0.02681	0.01658	0.02206	0.02178	0.01422	0.02346	0.01192	0.01400	0.00862	0.00658	0.00614	0.00217	0.00935	0.00486	0.00319	0.00978
5	0.01751	0.14507	0.02975	0.03749	0.59123	0.01849	0.01978	0.02133	0.01559	0.02169	0.01253	0.01622	0.01069	0.00617	0.00649	0.00197	0.00815	0.00579	0.00337	0.01069
6	0.02278	0.01757	0.02059	0.01964	0.13956	0.01892	0.01374	0.49302	0.02790	0.03736	0.02246	0.02276	0.09348	0.00909	0.00712	0.00212	0.00730	0.00726	0.00631	0.01103
7	0.01430	0.01733	0.14282	0.52653	0.12289	0.01599	0.02085	0.01931	0.01461	0.01961	0.01300	0.01843	0.00990	0.00716	0.00711	0.00236	0.00950	0.00617	0.00329	0.00883
8	0.01700	0.33489	0.30877	0.02080	0.14316	0.02127	0.01931	0.02176	0.01499	0.02027	0.01194	0.01438	0.00975	0.00661	0.00599	0.00198	0.00890	0.00491	0.00323	0.01010
9	0.01642	0.01550	0.02424	0.03513	0.53539	0.03963	0.01818	0.01977	0.01582	0.02215	0.01789	0.14452	0.01749	0.00926	0.00738	0.00225	0.00774	0.00859	0.00418	0.03846
10	0.01757	0.40948	0.32253	0.01583	0.02360	0.02263	0.01801	0.05772	0.01572	0.02076	0.01178	0.01369	0.00954	0.00671	0.00574	0.00192	0.00882	0.00464	0.00336	0.00993
11	0.09209	0.01535	0.05933	0.02965	0.41989	0.01424	0.01667	0.02043	0.01661	0.05298	0.14957	0.02451	0.02217	0.00831	0.00706	0.00219	0.00707	0.00737	0.02455	0.00995
12	0.04322	0.16914	0.06029	0.02492	0.29510	0.01712	0.01578	0.04295	0.01691	0.14270	0.04837	0.02182	0.01581	0.02499	0.00735	0.00222	0.00753	0.02858	0.00485	0.01035
13	0.01667	0.29060	0.19522	0.05774	0.13019	0.01905	0.01651	0.02049	0.01489	0.04328	0.01510	0.07989	0.01376	0.02872	0.00709	0.00217	0.00811	0.00647	0.00379	0.03027
14	0.01891	0.27951	0.06485	0.04340	0.21485	0.01988	0.01527	0.05882	0.06503	0.06497	0.01583	0.01768	0.02814	0.00721	0.00619	0.00194	0.00760	0.00567	0.00431	0.05993

[dist]
# distance from previous block
# <min> <max>
13	117

[block]
# block no. 6 follows, 30 sequences, length 32
# corresponding to MSA columns:
# 345-376
name=unknown_G
#
# <colnr> <probs for GDERKNQSTAVLIFYWHMCP>
#	G	D	E	R	K	N	Q	S	T	A	V	L	I	F	Y	W	H	M	C	P
0	0.73518	0.01377	0.01184	0.01212	0.07457	0.01574	0.00877	0.02059	0.01223	0.03056	0.01002	0.01186	0.00786	0.00645	0.00455	0.00215	0.00565	0.00399	0.00424	0.00786
1	0.01128	0.00992	0.07164	0.00984	0.01249	0.00758	0.00838	0.01487	0.01908	0.06370	0.57020	0.04828	0.09874	0.01351	0.00803	0.00220	0.00406	0.01180	0.00724	0.00715
2	0.02226	0.01814	0.01837	0.01423	0.01965	0.07938	0.01152	0.39197	0.05174	0.03439	0.01559	0.01634	0.01170	0.00738	0.00634	0.00176	0.00718	0.00557	0.02758	0.23890
3	0.00937	0.00701	0.00880	0.00986	0.01080	0.00678	0.00681	0.01242	0.07404	0.01971	0.09461	0.58402	0.08974	0.01988	0.00865	0.00271	0.00408	0.01786	0.00663	0.00623
4	0.10369	0.05837	0.07971	0.08080	0.02508	0.01976	0.10680	0.27020	0.02070	0.02979	0.01333	0.01592	0.01018	0.00805	0.00925	0.00229	0.12559	0.00602	0.00472	0.00975
5	0.01106	0.00907	0.01290	0.01229	0.01417	0.00905	0.07417	0.01632	0.13486	0.02192	0.14412	0.43667	0.04153	0.01687	0.00841	0.00260	0.00494	0.01542	0.00649	0.00713
6	0.03073	0.01281	0.01677	0.01286	0.01828	0.01164	0.01062	0.11372	0.02154	0.63414	0.02622	0.02290	0.01661	0.00861	0.00701	0.00215	0.00615	0.00693	0.00844	0.01187
7	0.01131	0.00870	0.01054	0.00980	0.01193	0.00871	0.00743	0.01784	0.15529	0.02790	0.54927	0.04744	0.07969	0.01343	0.00801	0.00223	0.00375	0.01175	0.00752	0.00745
8	0.01533	0.07069	0.62352	0.01916	0.02884	0.01725	0.02400	0.08033	0.01629	0.02373	0.01275	0.01473	0.00911	0.00675	0.00655	0.00216	0.00994	0.00518	0.00330	0.01038
9	0.01318	0.01240	0.02093	0.73798	0.04806	0.01550	0.01938	0.01783	0.01395	0.01783	0.01240	0.01860	0.00930	0.00698	0.00698	0.00233	0.00930	0.00620	0.00310	0.00775
10	0.05672	0.02051	0.02042	0.01596	0.02132	0.08331	0.01306	0.60406	0.03085	0.04112	0.01596	0.01618	0.01145	0.00820	0.00682	0.00207	0.00802	0.00603	0.00658	0.01137
11	0.08302	0.01265	0.01965	0.52867	0.08052	0.01556	0.01728	0.01810	0.01365	0.01970	0.01254	0.01803	0.00974	0.00740	0.00796	0.00232	0.07047	0.00600	0.04888	0.00785
12	0.01301	0.00650	0.00650	0.00650	0.00813	0.00650	0.00488	0.01626	0.01463	0.02602	0.02276	0.02602	0.01789	0.00813	0.00488	0.00163	0.00325	0.00650	0.79350	0.00650
13	0.01467	0.01446	0.02021	0.01757	0.01760	0.02000	0.01450	0.01617	0.01092	0.01688	0.01173	0.07979	0.01241	0.01306	0.02167	0.00303	0.67720	0.00731	0.00335	0.00746
14	0.01866	0.75896	0.03657	0.01194	0.01791	0.02761	0.01194	0.02090	0.01418	0.01642	0.00970	0.01119	0.00896	0.00597	0.00448	0.00149	0.00746	0.00373	0.00299	0.00896
15	0.72674	0.08687	0.01285	0.00945	0.01393	0.01683	0.00799	0.02055	0.01210	0.02984	0.00972	0.01132	0.00769	0.00643	0.00433	0.00209	0.00560	0.00377	0.00419	0.00769
16	0.01029	0.00787	0.00953	0.00904	0.01100	0.00750	0.00679	0.01487	0.08571	0.02620	0.50894	0.07179	0.17493	0.01461	0.00814	0.00226	0.00358	0.01273	0.00738	0.00687
17	0.09523	0.27512	0.15954	0.01717	0.07596	0.04899	0.07340	0.02181	0.01495	0.05566	0.01235	0.01432	0.00983	0.00632	0.00567	0.00182	0.00809	0.00489	0.02032	0.07856
18	0.00842	0.00638	0.00778	0.00889	0.00991	0.00574	0.00611	0.00981	0.01415	0.01814	0.04848	0.53789	0.25200	0.02056	0.00870	0.00269	0.00389	0.01825	0.00648	0.00574
19	0.01447	0.01240	0.01447	0.01034	0.01654	0.00930	0.00827	0.01757	0.01447	0.02274	0.01240	0.01447	0.01034	0.00517	0.00517	0.00103	0.00517	0.00413	0.00413	0.79742
20	0.00854	0.00616	0.00809	0.00955	0.01010	0.00571	0.00642	0.00985	0.01371	0.01822	0.06326	0.69195	0.07986	0.02139	0.00885	0.00279	0.00400	0.01933	0.00652	0.00571
21	0.01021	0.00765	0.00966	0.00880	0.01096	0.00680	0.00665	0.01336	0.01893	0.02676	0.58929	0.04954	0.10991	0.01362	0.00793	0.00209	0.00350	0.01194	0.00724	0.08515
22	0.00975	0.00714	0.00923	0.00875	0.01044	0.00663	0.00658	0.01288	0.01905	0.02671	0.62468	0.05220	0.11530	0.01629	0.04125	0.00262	0.00402	0.01255	0.00740	0.00651
23	0.01318	0.01240	0.02093	0.73798	0.04806	0.01550	0.01938	0.01783	0.01395	0.01783	0.01240	0.01860	0.00930	0.00698	0.00698	0.00233	0.00930	0.00620	0.00310	0.00775
24	0.02118	0.47184	0.06716	0.01417	0.01964	0.23250	0.01306	0.02362	0.01613	0.04905	0.01099	0.01237	0.00934	0.00649	0.00524	0.00165	0.00906	0.00418	0.00342	0.00891
25	0.01434	0.00779	0.00793	0.00744	0.00946	0.00799	0.00570	0.08237	0.01642	0.02778	0.02217	0.02510	0.01729	0.00815	0.00509	0.00167	0.00369	0.00648	0.71608	0.00703
26	0.00827	0.00698	0.00716	0.00730	0.00949	0.00587	0.00540	0.00999	0.01568	0.01876	0.06787	0.12695	0.65042	0.01804	0.00831	0.00240	0.00358	0.01517	0.00648	0.00587
27	0.01866	0.75896	0.03657	0.01194	0.01791	0.02761	0.01194	0.02090	0.01418	0.01642	0.00970	0.01119	0.00896	0.00597	0.00448	0.00149	0.00746	0.00373	0.00299	0.00896
28	0.01085	0.00813	0.01128	0.01094	0.01186	0.00958	0.00830	0.01286	0.01127	0.01665	0.01858	0.02922	0.01799	0.16986	0.46187	0.00867	0.09523	0.00772	0.07308	0.00605
29	0.00903	0.00666	0.00845	0.00893	0.01014	0.00608	0.00634	0.01118	0.01636	0.02214	0.31734	0.36070	0.15470	0.01812	0.00853	0.00250	0.00366	0.01611	0.00697	0.00608
30	0.01531	0.02590	0.32937	0.02436	0.03219	0.01736	0.34450	0.02176	0.01522	0.02176	0.01300	0.01676	0.00971	0.00676	0.00884	0.00235	0.07525	0.00673	0.00324	0.00964
31	0.01708	0.04833	0.46167	0.01817	0.02634	0.01628	0.03785	0.08199	0.05338	0.09234	0.01621	0.01937	0.01210	0.00784	0.00733	0.00226	0.03094	0.03593	0.00426	0.01032

[dist]
# distance from previous block
# <min> <max>
0	2

[block]
# block no. 7 follows, 30 sequences, length 30
# corresponding to MSA columns:
# 379-408
name=unknown_H
#
# <colnr> <probs for GDERKNQSTAVLIFYWHMCP>
#	G	D	E	R	K	N	Q	S	T	A	V	L	I	F	Y	W	H	M	C	P
0	0.61440	0.01518	0.01250	0.01081	0.01513	0.05934	0.00884	0.07972	0.01465	0.07439	0.01150	0.01280	0.00869	0.00701	0.00545	0.00216	0.03014	0.00432	0.00474	0.00824
1	0.00919	0.00656	0.00888	0.01050	0.01121	0.00626	0.00767	0.01090	0.01404	0.01858	0.03808	0.58228	0.04466	0.02122	0.00909	0.00293	0.00464	0.18099	0.00646	0.00586
2	0.05122	0.01850	0.02207	0.04623	0.26302	0.14673	0.05538	0.07774	0.12143	0.02406	0.01724	0.07210	0.01485	0.00954	0.02726	0.00241	0.00871	0.00722	0.00458	0.00970
3	0.01750	0.01247	0.01296	0.01126	0.01416	0.05653	0.00867	0.19397	0.04395	0.07512	0.14361	0.05863	0.04940	0.10394	0.01056	0.00268	0.00584	0.02723	0.14331	0.00821
4	0.01530	0.19045	0.47633	0.01950	0.08181	0.01834	0.02147	0.02154	0.01469	0.02095	0.01195	0.01415	0.00912	0.00637	0.00611	0.00198	0.00925	0.00488	0.00306	0.05274
5	0.23621	0.07803	0.04149	0.01882	0.02406	0.08969	0.27140	0.03733	0.01523	0.02401	0.01253	0.01582	0.00992	0.00847	0.03673	0.00253	0.03363	0.00598	0.02960	0.00852
6	0.00843	0.00680	0.00750	0.00791	0.00968	0.00588	0.00571	0.01015	0.01547	0.01918	0.10496	0.25371	0.48303	0.01859	0.00843	0.00248	0.00366	0.01599	0.00656	0.00588
7	0.00997	0.00748	0.01121	0.01121	0.01246	0.00872	0.00872	0.01246	0.01121	0.01620	0.01869	0.02741	0.01745	0.05234	0.72710	0.01121	0.01869	0.00748	0.00374	0.00623
8	0.01645	0.01574	0.02684	0.18228	0.57820	0.01636	0.02101	0.02070	0.01550	0.02180	0.01298	0.01754	0.01070	0.00637	0.00692	0.00212	0.00849	0.00621	0.00338	0.01039
9	0.01194	0.00853	0.01016	0.00930	0.01168	0.00812	0.00711	0.04381	0.07422	0.06381	0.43117	0.05067	0.21435	0.01416	0.00803	0.00224	0.00386	0.01218	0.00736	0.00728
10	0.01684	0.04639	0.34805	0.01632	0.02381	0.01600	0.01777	0.17406	0.04747	0.02706	0.01589	0.06735	0.01293	0.00797	0.00660	0.00203	0.00817	0.00636	0.00449	0.13447
11	0.42655	0.01322	0.01270	0.01016	0.01528	0.01320	0.00828	0.04833	0.01437	0.08954	0.01253	0.01376	0.00957	0.00629	0.00497	0.00176	0.00546	0.00429	0.00475	0.28499
12	0.01329	0.11149	0.01417	0.01031	0.01322	0.06945	0.00829	0.01656	0.04496	0.04506	0.27350	0.06605	0.18389	0.01312	0.00747	0.00215	0.00517	0.05571	0.00619	0.03995
13	0.01705	0.01635	0.02793	0.08040	0.67539	0.01652	0.02131	0.02122	0.01578	0.02253	0.01309	0.01734	0.01096	0.00626	0.00691	0.00209	0.00834	0.00622	0.00344	0.01088
14	0.02147	0.01658	0.01761	0.01432	0.01901	0.01831	0.01156	0.41273	0.21846	0.03641	0.02732	0.02618	0.10856	0.00994	0.00719	0.00221	0.00651	0.00788	0.00695	0.01083
15	0.01603	0.01548	0.02686	0.24542	0.48080	0.01632	0.05673	0.02042	0.01535	0.02132	0.01297	0.01775	0.01052	0.00642	0.00700	0.00216	0.00877	0.00632	0.00335	0.01000
16	0.00930	0.00672	0.00860	0.00891	0.01002	0.00623	0.00627	0.01148	0.01644	0.02258	0.37096	0.30277	0.09728	0.07704	0.01068	0.00280	0.00386	0.01514	0.00689	0.00602
17	0.01464	0.01561	0.03260	0.02446	0.02986	0.01469	0.50264	0.01950	0.01595	0.02149	0.02052	0.13638	0.01949	0.00990	0.00850	0.00253	0.00996	0.08845	0.00432	0.00849
18	0.01717	0.01711	0.02857	0.02211	0.02561	0.05663	0.28824	0.02062	0.01418	0.06575	0.01293	0.01769	0.01065	0.01092	0.04663	0.00301	0.32289	0.00701	0.00368	0.00860
19	0.00897	0.00646	0.00851	0.00949	0.01017	0.00624	0.00650	0.01046	0.01356	0.01831	0.10531	0.49604	0.06955	0.09468	0.09744	0.00413	0.00596	0.01647	0.00606	0.00570
20	0.01596	0.01525	0.02596	0.26502	0.49926	0.01624	0.02077	0.02027	0.01527	0.02121	0.01289	0.01770	0.01049	0.00646	0.00693	0.00215	0.00861	0.00621	0.00334	0.01000
21	0.01576	0.01503	0.02559	0.30022	0.46568	0.01618	0.02066	0.02009	0.01517	0.02096	0.01286	0.01776	0.01041	0.00650	0.00693	0.00217	0.00866	0.00621	0.00332	0.00983
22	0.01041	0.00756	0.00963	0.01074	0.01190	0.00749	0.00798	0.03592	0.05576	0.02039	0.03719	0.48584	0.06017	0.01951	0.00875	0.00281	0.00476	0.16484	0.03194	0.00641
23	0.00998	0.00742	0.01092	0.01092	0.01207	0.00856	0.00836	0.01227	0.01113	0.01598	0.01896	0.02889	0.01809	0.10909	0.67122	0.01086	0.01773	0.00769	0.00378	0.00607
24	0.02456	0.03024	0.01928	0.01748	0.02101	0.60937	0.01321	0.02877	0.11114	0.01871	0.01311	0.01448	0.01066	0.00765	0.00691	0.00191	0.03398	0.00500	0.00405	0.00847
25	0.02115	0.12399	0.02682	0.02014	0.04738	0.33402	0.17167	0.02407	0.01717	0.04367	0.01297	0.03574	0.01098	0.00850	0.02424	0.00223	0.05687	0.00603	0.00373	0.00862
26	0.01343	0.01269	0.02126	0.68022	0.07475	0.01578	0.01930	0.01794	0.01391	0.01800	0.01230	0.01842	0.00937	0.00715	0.00761	0.00234	0.03833	0.00620	0.00311	0.00789
27	0.15276	0.05768	0.57023	0.01773	0.02684	0.01651	0.02210	0.02178	0.01421	0.02351	0.01193	0.01401	0.00862	0.00658	0.00615	0.00218	0.00935	0.00486	0.00319	0.00978
28	0.08811	0.01432	0.01576	0.08199	0.01965	0.06767	0.01077	0.10465	0.03267	0.10663	0.01743	0.02029	0.03516	0.04249	0.07097	0.00289	0.04938	0.00603	0.00496	0.20819
29	0.01399	0.10034	0.01709	0.03298	0.01629	0.01326	0.05199	0.07774	0.11086	0.02647	0.33722	0.05973	0.06664	0.01168	0.00798	0.00219	0.02908	0.01001	0.00635	0.00813

[dist]
# distance from previous block
# <min> <max>
6	64

[block]
# block no. 8 follows, 30 sequences, length 20
# corresponding to MSA columns:
# 473-492
name=unknown_I
#
# <colnr> <probs for GDERKNQSTAVLIFYWHMCP>
#	G	D	E	R	K	N	Q	S	T	A	V	L	I	F	Y	W	H	M	C	P
0	0.01624	0.01357	0.01579	0.01229	0.01753	0.04026	0.03726	0.03778	0.12630	0.06102	0.06369	0.02184	0.01728	0.00735	0.00616	0.00158	0.00582	0.02943	0.00519	0.46362
1	0.01340	0.01086	0.01236	0.01143	0.01418	0.01169	0.00882	0.02438	0.33923	0.02799	0.34218	0.04131	0.06465	0.01230	0.00775	0.00232	0.00447	0.03471	0.00732	0.00866
2	0.02589	0.01069	0.01436	0.01141	0.01592	0.00930	0.00927	0.02865	0.01970	0.54449	0.16033	0.03166	0.06591	0.01023	0.00732	0.00218	0.00529	0.00853	0.00833	0.01052
3	0.01762	0.01236	0.01317	0.01169	0.01511	0.01365	0.00914	0.08368	0.37220	0.07572	0.02552	0.02511	0.01912	0.00888	0.00635	0.00209	0.00498	0.00724	0.26670	0.00967
4	0.23281	0.01617	0.01659	0.01325	0.01820	0.01775	0.01088	0.36684	0.05932	0.11988	0.01706	0.01707	0.01214	0.00795	0.00619	0.00211	0.00655	0.00580	0.04302	0.01043
5	0.00877	0.00626	0.00840	0.01002	0.01055	0.00590	0.00694	0.01018	0.01362	0.01811	0.03831	0.68459	0.04557	0.02161	0.00898	0.00287	0.00428	0.08280	0.00647	0.00574
6	0.00881	0.00630	0.00842	0.00985	0.01044	0.00591	0.00681	0.01034	0.01410	0.01890	0.09651	0.64420	0.04746	0.02103	0.00890	0.00280	0.00414	0.06272	0.00658	0.00580
7	0.01514	0.01424	0.02335	0.03453	0.54426	0.01402	0.01768	0.01868	0.01569	0.02178	0.02424	0.08390	0.12393	0.00928	0.00728	0.00218	0.00720	0.00865	0.00417	0.00981
8	0.01379	0.01126	0.03300	0.01318	0.01566	0.01135	0.04339	0.05260	0.18715	0.05664	0.03108	0.35042	0.03198	0.01560	0.00881	0.00265	0.03549	0.07147	0.00638	0.00809
9	0.01013	0.00684	0.00801	0.00801	0.00815	0.00698	0.00473	0.01041	0.01027	0.01383	0.02162	0.04363	0.02449	0.67637	0.11270	0.00726	0.00810	0.00985	0.00417	0.00445
10	0.00856	0.00636	0.00795	0.00910	0.00994	0.00586	0.00620	0.00988	0.01373	0.01782	0.04432	0.54914	0.19072	0.05080	0.03205	0.00314	0.00450	0.01794	0.00630	0.00568
11	0.01552	0.01442	0.02399	0.47839	0.16913	0.01648	0.07413	0.08435	0.01637	0.02169	0.01311	0.01819	0.00999	0.00688	0.00707	0.00226	0.00916	0.00638	0.00358	0.00891
12	0.01454	0.12048	0.63898	0.01896	0.02877	0.01754	0.02417	0.02196	0.01467	0.02144	0.01219	0.01432	0.00885	0.00655	0.00638	0.00213	0.00998	0.00499	0.00295	0.01015
13	0.00850	0.00607	0.00810	0.00972	0.01012	0.00567	0.00648	0.00972	0.01336	0.01781	0.03846	0.75020	0.04615	0.02186	0.00891	0.00283	0.00405	0.01984	0.00648	0.00567
14	0.01447	0.01240	0.01447	0.01034	0.01654	0.00930	0.00827	0.01757	0.01447	0.02274	0.01240	0.01447	0.01034	0.00517	0.00517	0.00103	0.00517	0.00413	0.00413	0.79742
15	0.01441	0.09967	0.65862	0.01919	0.02912	0.01721	0.02457	0.02199	0.01468	0.02160	0.01227	0.01442	0.00885	0.00657	0.00644	0.00215	0.01006	0.00503	0.00295	0.01019
16	0.01718	0.01401	0.01592	0.01162	0.01768	0.01207	0.00939	0.16822	0.01859	0.02751	0.01338	0.01498	0.01068	0.00589	0.00558	0.00127	0.00573	0.00462	0.00477	0.62089
17	0.00888	0.00693	0.00806	0.00813	0.00991	0.00611	0.00596	0.01111	0.01688	0.02199	0.29643	0.17630	0.36408	0.01714	0.00835	0.00238	0.00353	0.01482	0.00692	0.00611
18	0.00872	0.00624	0.00796	0.00923	0.00971	0.00584	0.00607	0.00980	0.01307	0.01727	0.03826	0.60254	0.08785	0.12723	0.01270	0.00337	0.00441	0.01810	0.00615	0.00548
19	0.01726	0.01970	0.15905	0.01602	0.02148	0.01742	0.03843	0.07745	0.49099	0.02851	0.02389	0.02287	0.01776	0.00869	0.00704	0.00232	0.00686	0.00724	0.00612	0.01089

[dist]
# distance from previous block
# <min> <max>
0	1

[block]
# block no. 9 follows, 30 sequences, length 12
# corresponding to MSA columns:
# 494-505
name=unknown_J
#
# <colnr> <probs for GDERKNQSTAVLIFYWHMCP>
#	G	D	E	R	K	N	Q	S	T	A	V	L	I	F	Y	W	H	M	C	P
0	0.05682	0.01801	0.02082	0.01680	0.02169	0.09027	0.11056	0.17269	0.28281	0.10341	0.02107	0.02070	0.01540	0.00825	0.00702	0.00222	0.00766	0.00697	0.00623	0.01061
1	0.01656	0.23453	0.45663	0.01750	0.02590	0.09505	0.02067	0.02238	0.01512	0.02000	0.01156	0.01353	0.00889	0.00651	0.00600	0.00197	0.00977	0.00469	0.00303	0.00970
2	0.00943	0.00683	0.00868	0.00980	0.01047	0.00665	0.00667	0.01176	0.05389	0.01851	0.06558	0.55214	0.04253	0.11817	0.01234	0.00332	0.00457	0.04652	0.00627	0.00587
3	0.01491	0.00992	0.01233	0.01101	0.01340	0.01023	0.00862	0.05591	0.03490	0.14264	0.16294	0.13286	0.22453	0.01446	0.01016	0.00244	0.11262	0.01173	0.00662	0.00776
4	0.16952	0.06163	0.01792	0.01423	0.04872	0.01683	0.01115	0.24531	0.08842	0.18077	0.03884	0.02059	0.03937	0.00843	0.00642	0.00212	0.00642	0.00644	0.00645	0.01041
5	0.01434	0.04958	0.09991	0.46191	0.08709	0.01656	0.13350	0.01943	0.01460	0.01932	0.01264	0.01781	0.00957	0.00666	0.00704	0.00226	0.00968	0.00633	0.00318	0.00858
6	0.00997	0.00669	0.00766	0.00783	0.00787	0.00665	0.00446	0.01010	0.01049	0.01398	0.02372	0.11974	0.02756	0.67770	0.03272	0.00635	0.00648	0.01117	0.00446	0.00438
7	0.01400	0.03610	0.71860	0.01989	0.03020	0.01621	0.02578	0.02210	0.01473	0.02210	0.01252	0.01473	0.00884	0.00663	0.00663	0.00221	0.01031	0.00516	0.00295	0.01031
8	0.01519	0.10550	0.36343	0.02195	0.03011	0.01742	0.25540	0.02158	0.01537	0.02151	0.01431	0.01979	0.01142	0.00709	0.00715	0.00225	0.01028	0.04729	0.00337	0.00961
9	0.05417	0.01181	0.01458	0.01189	0.01611	0.01145	0.00957	0.09789	0.09232	0.36068	0.20805	0.03036	0.02976	0.01012	0.00724	0.00218	0.00535	0.00840	0.00787	0.01020
10	0.16630	0.01305	0.01518	0.01225	0.01710	0.01304	0.00999	0.08417	0.11914	0.41070	0.05087	0.02244	0.01764	0.00858	0.00659	0.00219	0.00582	0.00673	0.00747	0.01077
11	0.10953	0.01513	0.01690	0.01333	0.01835	0.01584	0.01093	0.30799	0.06660	0.27003	0.02081	0.01976	0.01425	0.00832	0.00658	0.00211	0.00641	0.00638	0.05975	0.01100

[dist]
# distance from previous block
# <min> <max>
0	7

[block]
# block no. 10 follows, 30 sequences, length 10
# corresponding to MSA columns:
# 513-522
name=unknown_K
#
# <colnr> <probs for GDERKNQSTAVLIFYWHMCP>
#	G	D	E	R	K	N	Q	S	T	A	V	L	I	F	Y	W	H	M	C	P
0	0.01692	0.01769	0.10090	0.04856	0.16583	0.01518	0.28415	0.02261	0.05047	0.08894	0.03760	0.06334	0.01622	0.00810	0.00767	0.00231	0.00911	0.03020	0.00449	0.00971
1	0.01413	0.01411	0.02592	0.43511	0.04020	0.01606	0.20321	0.01877	0.01453	0.01921	0.01429	0.02249	0.01175	0.00793	0.00877	0.00245	0.06803	0.05150	0.00344	0.00811
2	0.09614	0.02802	0.45189	0.01901	0.02764	0.01548	0.11830	0.02228	0.01497	0.06181	0.01330	0.01547	0.00955	0.00650	0.00653	0.00213	0.00937	0.00549	0.00358	0.07255
3	0.02131	0.08264	0.10689	0.06934	0.12398	0.01652	0.08437	0.09855	0.09295	0.20528	0.01862	0.01928	0.01327	0.00748	0.00686	0.00214	0.00790	0.00648	0.00547	0.01069
4	0.05357	0.02364	0.29130	0.05891	0.02791	0.01676	0.16748	0.08845	0.05797	0.02408	0.01457	0.01872	0.01140	0.05804	0.00993	0.00261	0.05478	0.00651	0.00390	0.00946
5	0.00901	0.00646	0.00827	0.00933	0.01002	0.00606	0.00639	0.01043	0.01392	0.01852	0.10568	0.49573	0.09349	0.11877	0.01240	0.00328	0.00444	0.05587	0.00629	0.00563
6	0.03806	0.05137	0.08407	0.09475	0.17423	0.01474	0.13376	0.02155	0.06669	0.07981	0.07114	0.04663	0.05787	0.02539	0.00785	0.00232	0.00785	0.00796	0.00469	0.00929
7	0.04313	0.04831	0.07886	0.03447	0.02367	0.05955	0.17593	0.12178	0.07512	0.10547	0.02101	0.05090	0.05670	0.00879	0.00793	0.00224	0.04413	0.00766	0.02479	0.00955
8	0.00848	0.00617	0.00799	0.00945	0.01005	0.00569	0.00636	0.00975	0.01362	0.01792	0.04170	0.68165	0.11262	0.02144	0.00884	0.00279	0.00400	0.01933	0.00648	0.00569
9	0.01177	0.00797	0.00962	0.00955	0.01153	0.00749	0.00701	0.01550	0.08270	0.08840	0.18160	0.29458	0.21199	0.01677	0.00824	0.00247	0.00409	0.01467	0.00699	0.00703

[dist]
# distance from previous block
# <min> <max>
0	1

[block]
# block no. 11 follows, 30 sequences, length 31
# corresponding to MSA columns:
# 524-554
name=unknown_L
#
# <colnr> <probs for GDERKNQSTAVLIFYWHMCP>
#	G	D	E	R	K	N	Q	S	T	A	V	L	I	F	Y	W	H	M	C	P
0	0.07895	0.13386	0.16024	0.01660	0.04446	0.05338	0.09809	0.04049	0.01589	0.08864	0.01975	0.02255	0.07703	0.02082	0.00756	0.00215	0.03346	0.02450	0.00437	0.05720
1	0.01623	0.01860	0.05346	0.07131	0.09102	0.07163	0.44895	0.02117	0.01617	0.02124	0.01603	0.09034	0.01389	0.00768	0.00791	0.00233	0.01057	0.00870	0.00378	0.00900
2	0.00857	0.00620	0.00814	0.00966	0.01022	0.00576	0.00656	0.00989	0.01360	0.01798	0.04038	0.68691	0.08638	0.02152	0.00889	0.00282	0.00409	0.04026	0.00648	0.00571
3	0.01647	0.01323	0.01529	0.01108	0.01718	0.01079	0.00893	0.09714	0.01682	0.04926	0.01344	0.01506	0.01076	0.00567	0.00545	0.00120	0.00549	0.00449	0.00463	0.67763
4	0.01906	0.04357	0.07942	0.02020	0.17438	0.06768	0.01418	0.16176	0.02009	0.07014	0.10362	0.02077	0.01811	0.00777	0.00663	0.00188	0.00727	0.00643	0.00514	0.15190
5	0.01254	0.00967	0.07452	0.00872	0.01100	0.00797	0.00756	0.01602	0.01488	0.02482	0.08849	0.08365	0.02351	0.00982	0.00642	0.00189	0.03413	0.00799	0.54956	0.00685
6	0.02505	0.03157	0.01993	0.01801	0.02127	0.66036	0.01365	0.02682	0.01892	0.01705	0.01063	0.01284	0.00900	0.00766	0.00786	0.00192	0.08123	0.00465	0.00354	0.00805
7	0.01397	0.01326	0.02242	0.38631	0.14608	0.01553	0.07055	0.01802	0.01401	0.01893	0.01427	0.02238	0.01219	0.01166	0.06535	0.00312	0.09369	0.04662	0.00344	0.00820
8	0.01500	0.01473	0.08017	0.01323	0.01694	0.04973	0.02949	0.06395	0.21532	0.04599	0.18115	0.08100	0.08891	0.01217	0.00769	0.00235	0.00598	0.06101	0.00645	0.00874
9	0.01056	0.00655	0.00863	0.00973	0.01060	0.00608	0.00668	0.01201	0.01396	0.07290	0.03665	0.64921	0.04217	0.01999	0.00851	0.00271	0.00415	0.01802	0.05468	0.00620
10	0.00861	0.00616	0.00819	0.00964	0.01015	0.00574	0.00649	0.00999	0.01386	0.01861	0.09077	0.69563	0.04769	0.02127	0.00885	0.00278	0.00399	0.01927	0.00657	0.00574
11	0.23070	0.01420	0.01573	0.01249	0.01759	0.01459	0.01028	0.18190	0.04951	0.35339	0.02044	0.01900	0.01366	0.00805	0.00631	0.00215	0.00618	0.00604	0.00707	0.01072
12	0.01212	0.00606	0.00909	0.00909	0.00909	0.00606	0.00606	0.00909	0.00909	0.01212	0.01212	0.02121	0.01212	0.02424	0.02727	0.79697	0.00606	0.00606	0.00303	0.00303
13	0.00933	0.00692	0.00878	0.00950	0.01067	0.00650	0.00682	0.01196	0.03971	0.02133	0.22665	0.41068	0.12821	0.01868	0.00862	0.00261	0.00398	0.05605	0.00683	0.00618
14	0.01126	0.00874	0.01013	0.01002	0.01218	0.00860	0.00777	0.05465	0.09162	0.02325	0.17224	0.12910	0.25853	0.04367	0.00937	0.00268	0.00463	0.12788	0.00671	0.00695
15	0.01178	0.01025	0.01483	0.14039	0.06316	0.03452	0.05218	0.01526	0.04285	0.02004	0.08162	0.33518	0.03385	0.01538	0.00829	0.00261	0.00630	0.09891	0.00554	0.00707
16	0.01527	0.01527	0.02137	0.01832	0.01832	0.02137	0.01527	0.01679	0.01069	0.01679	0.00916	0.01527	0.00916	0.01221	0.02290	0.00305	0.74198	0.00611	0.00305	0.00763
17	0.00965	0.00644	0.00779	0.00852	0.00892	0.00623	0.00541	0.01064	0.01240	0.01721	0.05509	0.36778	0.03572	0.32024	0.01939	0.00431	0.00506	0.01435	0.07967	0.00519
18	0.01735	0.38195	0.11776	0.01827	0.08661	0.02194	0.09101	0.06011	0.01540	0.02004	0.01198	0.01484	0.01017	0.01009	0.06279	0.00259	0.03925	0.00520	0.00339	0.00928
19	0.02065	0.02044	0.10384	0.01653	0.02018	0.14458	0.01451	0.07377	0.07006	0.14418	0.01730	0.01896	0.03580	0.00969	0.01221	0.00242	0.25441	0.00631	0.00485	0.00931
20	0.01052	0.00723	0.00932	0.00888	0.01063	0.00660	0.00663	0.01347	0.01885	0.05536	0.56481	0.11783	0.11343	0.01502	0.00824	0.00227	0.00349	0.01323	0.00751	0.00667
21	0.01553	0.01128	0.01259	0.01135	0.01460	0.01177	0.00878	0.05181	0.29483	0.10348	0.13782	0.08361	0.18820	0.01271	0.00763	0.00233	0.00478	0.01075	0.00717	0.00899
22	0.02171	0.01489	0.02201	0.01798	0.04612	0.05554	0.17610	0.08237	0.05587	0.25946	0.04219	0.11029	0.02024	0.00991	0.00762	0.00231	0.00769	0.03148	0.00632	0.00990
23	0.02041	0.02349	0.02043	0.07753	0.04670	0.37029	0.04127	0.02273	0.01620	0.01817	0.01163	0.01526	0.00989	0.00850	0.01077	0.00220	0.20619	0.00543	0.06492	0.00797
24	0.09437	0.03380	0.64654	0.01880	0.02850	0.01615	0.02393	0.02194	0.01444	0.02304	0.01224	0.01439	0.00871	0.00661	0.00639	0.00220	0.00981	0.00502	0.00309	0.01003
25	0.01803	0.04399	0.02711	0.08899	0.48642	0.01728	0.05423	0.07608	0.05942	0.03931	0.01455	0.01787	0.01165	0.00668	0.00691	0.00211	0.00825	0.00636	0.00404	0.01072
26	0.01529	0.01196	0.01517	0.01327	0.01539	0.01372	0.03229	0.10343	0.12361	0.04526	0.09922	0.09543	0.02436	0.08942	0.05168	0.02147	0.15719	0.00905	0.05479	0.00800
27	0.02316	0.02717	0.01844	0.01672	0.02043	0.49034	0.01267	0.03094	0.24600	0.02112	0.01666	0.01707	0.01309	0.00795	0.00656	0.00199	0.01023	0.00563	0.00476	0.00907
28	0.01711	0.01662	0.02857	0.04061	0.63293	0.01693	0.05590	0.02118	0.01560	0.02240	0.01293	0.01723	0.01091	0.00657	0.00797	0.00215	0.05389	0.00632	0.00343	0.01076
29	0.01320	0.00797	0.01078	0.01163	0.01345	0.00771	0.00965	0.01599	0.01588	0.10031	0.03482	0.19142	0.03655	0.01749	0.00876	0.00287	0.00563	0.40824	0.08076	0.00692
30	0.09934	0.02953	0.01904	0.01689	0.02082	0.56362	0.01290	0.11724	0.02081	0.02209	0.01150	0.01304	0.00925	0.00729	0.00620	0.00187	0.01124	0.00467	0.00413	0.00856

[dist]
# distance from previous block
# <min> <max>
0	1

[block]
# block no. 12 follows, 30 sequences, length 44
# corresponding to MSA columns:
# 556-599
name=unknown_M
#
# <colnr> <probs for GDERKNQSTAVLIFYWHMCP>
#	G	D	E	R	K	N	Q	S	T	A	V	L	I	F	Y	W	H	M	C	P
0	0.02206	0.01046	0.01430	0.01354	0.06907	0.00932	0.00990	0.02469	0.01821	0.40590	0.07787	0.09301	0.13004	0.01201	0.00761	0.00231	0.00547	0.05704	0.00751	0.00967
1	0.01756	0.01942	0.06613	0.02661	0.03317	0.01833	0.52994	0.10632	0.01810	0.02473	0.01407	0.01816	0.01059	0.00663	0.00894	0.00236	0.05766	0.00772	0.00391	0.00965
2	0.08509	0.01783	0.01700	0.01418	0.01868	0.11195	0.01131	0.24169	0.20673	0.12298	0.02036	0.01979	0.01479	0.00838	0.00658	0.00211	0.00706	0.00639	0.05663	0.01046
3	0.00845	0.00680	0.00753	0.00793	0.00970	0.00588	0.00573	0.01018	0.01551	0.01929	0.11206	0.25385	0.47556	0.01856	0.00843	0.00248	0.00366	0.01597	0.00657	0.00588
4	0.06779	0.01299	0.01553	0.01259	0.01711	0.01289	0.01029	0.20691	0.02190	0.35154	0.02458	0.07701	0.01871	0.00997	0.00698	0.00221	0.00606	0.04489	0.06958	0.01046
5	0.01639	0.00978	0.01252	0.01202	0.01490	0.00960	0.00996	0.02186	0.11981	0.18277	0.12225	0.05393	0.08302	0.01460	0.00837	0.00265	0.00557	0.28445	0.00720	0.00835
6	0.01539	0.01060	0.01237	0.01164	0.01423	0.01116	0.00867	0.02437	0.29027	0.11704	0.09967	0.23942	0.03277	0.06733	0.00978	0.00277	0.00502	0.01187	0.00698	0.00865
7	0.00904	0.00645	0.00840	0.00975	0.01036	0.00611	0.00678	0.01039	0.01346	0.01776	0.03787	0.54951	0.07418	0.10639	0.01206	0.00332	0.00465	0.10171	0.00621	0.00561
8	0.11237	0.01839	0.01824	0.01446	0.01945	0.07375	0.01180	0.46229	0.02714	0.09220	0.01679	0.01705	0.01203	0.00808	0.00648	0.00205	0.00735	0.00594	0.06343	0.01071
9	0.01597	0.01288	0.01536	0.01130	0.01695	0.01079	0.00912	0.04517	0.01522	0.06254	0.01318	0.01515	0.01070	0.00604	0.00672	0.00130	0.06255	0.00454	0.00442	0.66010
10	0.01662	0.01068	0.01274	0.01124	0.01448	0.01060	0.00869	0.05146	0.18749	0.16234	0.21432	0.12558	0.07944	0.01243	0.00759	0.00226	0.00476	0.01069	0.00728	0.04933
11	0.00894	0.00635	0.00842	0.00991	0.01042	0.00602	0.00685	0.01029	0.01342	0.01783	0.03701	0.61907	0.04386	0.07850	0.01106	0.00318	0.00453	0.09241	0.00630	0.00564
12	0.01762	0.02041	0.03687	0.02707	0.03314	0.10953	0.54694	0.02263	0.01645	0.02124	0.01330	0.01774	0.01027	0.00654	0.00912	0.00234	0.06859	0.00759	0.00350	0.00910
13	0.01292	0.00875	0.01116	0.01178	0.01396	0.00875	0.00996	0.01761	0.08547	0.06613	0.03839	0.06440	0.11441	0.01655	0.00868	0.00283	0.00571	0.42758	0.06778	0.00718
14	0.02586	0.01922	0.02057	0.01592	0.02139	0.02133	0.01310	0.64089	0.08096	0.04291	0.01760	0.01743	0.01255	0.00846	0.00699	0.00211	0.00752	0.00640	0.00699	0.01181
15	0.01567	0.01633	0.06576	0.01766	0.02021	0.01824	0.07269	0.06945	0.01382	0.02058	0.01249	0.05733	0.01173	0.01062	0.01619	0.00258	0.43471	0.00676	0.00373	0.11342
16	0.01539	0.01565	0.02177	0.55235	0.13301	0.10752	0.01889	0.01960	0.01496	0.01839	0.01229	0.01765	0.00950	0.00690	0.00688	0.00222	0.00959	0.00598	0.00321	0.00824
17	0.00869	0.00621	0.00826	0.00959	0.01016	0.00579	0.00649	0.01018	0.01421	0.01917	0.12762	0.65718	0.04878	0.02085	0.00882	0.00275	0.00395	0.01888	0.00664	0.00579
18	0.00886	0.00634	0.00817	0.00948	0.01004	0.00596	0.00642	0.01008	0.01329	0.01754	0.03839	0.57844	0.08537	0.11170	0.01219	0.00331	0.00450	0.05817	0.00620	0.00555
19	0.01663	0.01237	0.01454	0.01290	0.01581	0.01355	0.01019	0.16589	0.17126	0.06638	0.17867	0.13360	0.03279	0.01285	0.00897	0.00243	0.06257	0.05282	0.00684	0.00895
20	0.04579	0.01081	0.01435	0.01164	0.01600	0.00986	0.00945	0.02806	0.03518	0.50132	0.07203	0.02858	0.06523	0.01519	0.10012	0.00335	0.00724	0.00787	0.00765	0.01029
21	0.00877	0.00628	0.00792	0.00911	0.00962	0.00588	0.00598	0.00982	0.01302	0.01715	0.03845	0.56493	0.10181	0.15057	0.01353	0.00348	0.00448	0.01767	0.00608	0.00543
22	0.00869	0.00638	0.00807	0.00913	0.00996	0.00585	0.00623	0.01019	0.01440	0.01904	0.12335	0.53693	0.14790	0.04724	0.00970	0.00283	0.00398	0.01784	0.00654	0.00576
23	0.01375	0.00928	0.01027	0.00971	0.01148	0.01024	0.00726	0.04725	0.13998	0.02432	0.02404	0.10305	0.02142	0.09765	0.01079	0.00262	0.06173	0.00854	0.37929	0.00730
24	0.01595	0.01625	0.02107	0.02072	0.10751	0.08296	0.01522	0.01794	0.01223	0.01753	0.01081	0.01654	0.01025	0.01515	0.09235	0.00366	0.50654	0.00612	0.00323	0.00797
