[name]
unknown

[dist]
# distance from previous block
# <min> <max>
12	678

[block]
# block no. 0 follows, 29 sequences, length 6
# corresponding to MSA columns:
# 984-989
name=unknown_A
#
# <colnr> <probs for GDERKNQSTAVLIFYWHMCP>
#	G	D	E	R	K	N	Q	S	T	A	V	L	I	F	Y	W	H	M	C	P
0	0.01461	0.10029	0.15520	0.08487	0.02028	0.01312	0.01291	0.05655	0.01733	0.07185	0.18523	0.05502	0.10867	0.06265	0.00931	0.00253	0.00665	0.00917	0.00545	0.00829
1	0.01938	0.22306	0.17028	0.09944	0.02710	0.10410	0.08333	0.08348	0.05008	0.05533	0.01384	0.01585	0.01061	0.00701	0.00641	0.00203	0.00935	0.00555	0.00403	0.00974
2	0.12607	0.01246	0.04490	0.14767	0.02156	0.01201	0.01125	0.02106	0.08476	0.09981	0.22394	0.02895	0.02890	0.00951	0.00691	0.00214	0.00588	0.00793	0.00589	0.09839
3	0.29532	0.04599	0.01694	0.14908	0.02332	0.06798	0.01213	0.11066	0.16239	0.02891	0.01555	0.01700	0.01180	0.00765	0.00604	0.00222	0.00720	0.00561	0.00503	0.00918
4	0.10377	0.01216	0.01681	0.31366	0.07789	0.01385	0.01416	0.05701	0.06299	0.02276	0.02419	0.11310	0.08622	0.01080	0.00731	0.00243	0.00722	0.04079	0.00478	0.00810
5	0.01033	0.00815	0.01113	0.01324	0.09343	0.00760	0.00846	0.01289	0.01692	0.02290	0.28370	0.25079	0.17176	0.01667	0.00850	0.00249	0.00438	0.04311	0.00669	0.00686

[dist]
# distance from previous block
# <min> <max>
0	1

[block]
# block no. 1 follows, 29 sequences, length 31
# corresponding to MSA columns:
# 991-1021
name=unknown_B
#
# <colnr> <probs for GDERKNQSTAVLIFYWHMCP>
#	G	D	E	R	K	N	Q	S	T	A	V	L	I	F	Y	W	H	M	C	P
0	0.01700	0.05883	0.02630	0.27181	0.39376	0.01759	0.01997	0.06926	0.01672	0.02277	0.01321	0.01768	0.01061	0.00675	0.00693	0.00217	0.00871	0.00620	0.00364	0.01008
1	0.01573	0.01487	0.02515	0.28092	0.43678	0.01594	0.02025	0.02009	0.01576	0.02181	0.05339	0.02018	0.01393	0.00709	0.00715	0.00221	0.00852	0.00672	0.00365	0.00984
2	0.01928	0.01615	0.01637	0.01458	0.01870	0.05833	0.01136	0.03706	0.60356	0.07926	0.02786	0.02559	0.02070	0.00946	0.00719	0.00237	0.00609	0.00778	0.00715	0.01116
3	0.02498	0.03821	0.08455	0.01773	0.02390	0.01330	0.18085	0.02906	0.01860	0.41503	0.02330	0.02505	0.01626	0.00848	0.00752	0.00230	0.00803	0.04524	0.00668	0.01093
4	0.01603	0.01580	0.02867	0.21896	0.35877	0.01637	0.15583	0.02070	0.01583	0.02174	0.01475	0.02176	0.01235	0.00721	0.00750	0.00231	0.00935	0.04266	0.00361	0.00980
5	0.00869	0.00671	0.00775	0.00853	0.00980	0.00598	0.00589	0.01009	0.01454	0.01831	0.05273	0.38490	0.34059	0.07814	0.01094	0.00299	0.00412	0.01711	0.00643	0.00577
6	0.01749	0.01678	0.02866	0.06618	0.68392	0.01688	0.02179	0.02173	0.01615	0.02310	0.01337	0.01767	0.01122	0.00637	0.00705	0.00212	0.00849	0.00634	0.00351	0.01117
7	0.01523	0.01448	0.02458	0.43830	0.32943	0.01629	0.02066	0.01976	0.01508	0.02036	0.01297	0.01840	0.01026	0.00679	0.00709	0.00226	0.00905	0.00634	0.00332	0.00935
8	0.01044	0.00700	0.00804	0.00816	0.00828	0.00700	0.00484	0.01068	0.01080	0.01436	0.02356	0.04909	0.02700	0.69589	0.03429	0.00664	0.00688	0.05809	0.00448	0.00448
9	0.00981	0.00670	0.00802	0.00851	0.00874	0.00654	0.00517	0.01039	0.01193	0.01600	0.06521	0.26811	0.03488	0.47890	0.02611	0.00538	0.00583	0.01362	0.00524	0.00491
10	0.65573	0.01405	0.01332	0.06475	0.09432	0.01607	0.01017	0.02084	0.01273	0.02999	0.01050	0.01278	0.00824	0.00662	0.00490	0.00221	0.00613	0.00431	0.00422	0.00813
11	0.02363	0.01764	0.01917	0.01519	0.02012	0.01947	0.01238	0.51729	0.10080	0.04055	0.09565	0.02251	0.01952	0.01075	0.02971	0.00247	0.00745	0.00735	0.00711	0.01123
12	0.01902	0.01636	0.01731	0.01678	0.06938	0.05960	0.01216	0.03592	0.56505	0.06608	0.02670	0.02495	0.01998	0.00923	0.00718	0.00235	0.00630	0.00767	0.00684	0.01114
13	0.01428	0.00827	0.01110	0.01053	0.01281	0.00763	0.00834	0.01735	0.01897	0.15184	0.39793	0.10425	0.05142	0.01508	0.00850	0.00249	0.00454	0.13937	0.00767	0.00761
14	0.01687	0.01650	0.02919	0.15147	0.52581	0.01687	0.09573	0.02138	0.01597	0.02241	0.01339	0.01802	0.01094	0.00643	0.00721	0.00219	0.00902	0.00657	0.00348	0.01056
15	0.01730	0.01659	0.02831	0.09745	0.65414	0.01683	0.02169	0.02157	0.01606	0.02287	0.01334	0.01773	0.01114	0.00640	0.00705	0.00213	0.00854	0.00634	0.00350	0.01102
16	0.01800	0.01465	0.01573	0.01406	0.01802	0.01667	0.01095	0.03620	0.61661	0.06554	0.06942	0.02805	0.02426	0.00991	0.00731	0.00239	0.00552	0.00829	0.00736	0.01104
17	0.01329	0.00832	0.01135	0.01160	0.01369	0.00793	0.00968	0.01654	0.01817	0.10161	0.27075	0.06442	0.04759	0.01664	0.00903	0.00279	0.00537	0.35672	0.00726	0.00724
18	0.02174	0.44199	0.03022	0.01457	0.01971	0.18863	0.01293	0.11569	0.01828	0.02089	0.01114	0.01278	0.00958	0.00708	0.00640	0.00177	0.04907	0.00449	0.00377	0.00928
19	0.01938	0.01633	0.02738	0.03990	0.62096	0.01613	0.02046	0.02343	0.01673	0.10762	0.01520	0.01844	0.01206	0.00665	0.00706	0.00213	0.00816	0.00644	0.00417	0.01138
20	0.03195	0.01212	0.01652	0.01267	0.01818	0.01047	0.01047	0.03470	0.02038	0.71026	0.02809	0.02424	0.01763	0.00881	0.00716	0.00220	0.00606	0.00716	0.00881	0.01212
21	0.01689	0.01617	0.02758	0.16462	0.59015	0.01673	0.02149	0.02121	0.01587	0.02237	0.01326	0.01786	0.01097	0.00648	0.00706	0.00216	0.00864	0.00634	0.00346	0.01069
22	0.02459	0.01846	0.01982	0.01573	0.02088	0.02051	0.01280	0.54275	0.13753	0.04103	0.02018	0.05779	0.01553	0.00947	0.00725	0.00222	0.00729	0.00742	0.00712	0.01164
23	0.00856	0.00697	0.00748	0.00786	0.00970	0.00600	0.00564	0.01016	0.01538	0.01876	0.06243	0.22239	0.52281	0.05110	0.00979	0.00271	0.00387	0.01602	0.00651	0.00588
24	0.02951	0.01219	0.01716	0.10745	0.02224	0.01117	0.01169	0.03253	0.01957	0.61915	0.02606	0.02354	0.01656	0.00859	0.00716	0.00223	0.00651	0.00705	0.00807	0.01156
25	0.01988	0.01860	0.03222	0.11784	0.03359	0.01912	0.36438	0.24799	0.02218	0.02976	0.01510	0.01845	0.01108	0.00702	0.00780	0.00231	0.01025	0.00745	0.00475	0.01024
26	0.01445	0.03403	0.62188	0.02008	0.02922	0.01723	0.02490	0.02184	0.01449	0.02184	0.01233	0.01511	0.00906	0.00752	0.00895	0.00237	0.10613	0.00539	0.00302	0.01016
27	0.01225	0.01079	0.01092	0.01019	0.01214	0.10078	0.00765	0.01541	0.02016	0.02709	0.61066	0.04788	0.05955	0.01361	0.00814	0.00219	0.00461	0.01179	0.00729	0.00692
28	0.02582	0.01955	0.02236	0.01998	0.11203	0.02140	0.01463	0.59473	0.03121	0.04203	0.01661	0.01717	0.01200	0.00826	0.00711	0.00213	0.00792	0.00640	0.00665	0.01200
29	0.01547	0.01857	0.11388	0.01951	0.02129	0.02091	0.05273	0.01815	0.01177	0.01815	0.01007	0.01570	0.00938	0.01137	0.02038	0.00296	0.60211	0.00622	0.00313	0.00825
30	0.07097	0.01546	0.10787	0.01350	0.01960	0.01156	0.01240	0.03236	0.01923	0.58322	0.02510	0.02234	0.01596	0.00843	0.00696	0.00221	0.00662	0.00673	0.00781	0.01167

[dist]
# distance from previous block
# <min> <max>
0	2

[block]
# block no. 2 follows, 29 sequences, length 15
# corresponding to MSA columns:
# 1024-1033,1037-1041
name=unknown_C
#
# <colnr> <probs for GDERKNQSTAVLIFYWHMCP>
#	G	D	E	R	K	N	Q	S	T	A	V	L	I	F	Y	W	H	M	C	P
0	0.01368	0.01941	0.21461	0.53356	0.04395	0.01602	0.02160	0.01941	0.01446	0.01941	0.01269	0.01788	0.00936	0.00702	0.00702	0.00234	0.00978	0.00603	0.00312	0.00864
1	0.01407	0.01336	0.01891	0.01667	0.01702	0.01820	0.01371	0.01590	0.01106	0.01697	0.01207	0.01904	0.01171	0.02390	0.21848	0.00544	0.53616	0.00662	0.00331	0.00739
2	0.01551	0.01422	0.02349	0.03400	0.51119	0.01407	0.01762	0.01950	0.01732	0.02474	0.20571	0.02756	0.02690	0.00864	0.00743	0.00215	0.00703	0.00817	0.00473	0.01000
3	0.01561	0.23726	0.52407	0.01803	0.02731	0.01979	0.02236	0.02221	0.01488	0.02093	0.01197	0.01402	0.00905	0.00658	0.00615	0.00205	0.00971	0.00486	0.00302	0.01014
4	0.01854	0.67933	0.10768	0.01303	0.01958	0.02696	0.01366	0.02145	0.01453	0.01736	0.01020	0.01180	0.00913	0.00616	0.00480	0.00160	0.00792	0.00396	0.00304	0.00928
5	0.09424	0.01019	0.01110	0.01028	0.01301	0.01065	0.00789	0.02054	0.20660	0.02782	0.34457	0.04378	0.14619	0.01290	0.00766	0.00231	0.00426	0.01092	0.00713	0.00799
6	0.02013	0.01147	0.01432	0.01305	0.01671	0.01153	0.01075	0.02789	0.20680	0.26085	0.05171	0.04488	0.04818	0.01294	0.00811	0.00261	0.00595	0.21475	0.00756	0.00978
7	0.23689	0.48451	0.08882	0.01210	0.01811	0.02375	0.01217	0.02132	0.01386	0.02151	0.01016	0.01178	0.00873	0.00630	0.00472	0.00178	0.00728	0.00395	0.00342	0.00886
8	0.01499	0.00858	0.00982	0.00874	0.01201	0.00726	0.00682	0.01706	0.01739	0.21235	0.05983	0.05615	0.51106	0.01546	0.00807	0.00235	0.00429	0.01283	0.00723	0.00772
9	0.01600	0.01302	0.04326	0.01280	0.01673	0.01250	0.03103	0.02633	0.29028	0.09212	0.25723	0.03375	0.03511	0.01064	0.00748	0.00221	0.00526	0.00919	0.00704	0.07802
10	0.02079	0.47418	0.10322	0.01420	0.02065	0.02526	0.01403	0.20597	0.01984	0.02522	0.01221	0.01338	0.00996	0.00685	0.00551	0.00177	0.00798	0.00469	0.00418	0.01011
11	0.01393	0.14711	0.16982	0.01302	0.03426	0.01313	0.01252	0.01809	0.01774	0.06274	0.34153	0.03560	0.07078	0.01098	0.00726	0.00212	0.00598	0.00921	0.00581	0.00837
12	0.12144	0.01094	0.01235	0.01142	0.01445	0.01156	0.00907	0.02330	0.20649	0.08797	0.27542	0.04107	0.03871	0.01227	0.00761	0.00241	0.00493	0.09287	0.00713	0.00858
13	0.02229	0.02265	0.01851	0.07063	0.02190	0.31718	0.01294	0.20693	0.02169	0.02537	0.01476	0.01773	0.01191	0.01581	0.13258	0.00365	0.01189	0.00585	0.03684	0.00891
14	0.29459	0.01344	0.01343	0.01070	0.01601	0.01299	0.00859	0.02189	0.11221	0.02727	0.01405	0.01534	0.01116	0.00639	0.00525	0.00166	0.00541	0.00465	0.00472	0.40025

[dist]
# distance from previous block
# <min> <max>
1	3

[block]
# block no. 3 follows, 29 sequences, length 19
# corresponding to MSA columns:
# 1045-1063
name=unknown_D
#
# <colnr> <probs for GDERKNQSTAVLIFYWHMCP>
#	G	D	E	R	K	N	Q	S	T	A	V	L	I	F	Y	W	H	M	C	P
0	0.01794	0.01851	0.03717	0.02704	0.03319	0.01841	0.52821	0.06352	0.01727	0.05275	0.01453	0.01885	0.01100	0.00707	0.01011	0.00246	0.10040	0.00796	0.00398	0.00964
1	0.01908	0.02089	0.01577	0.01468	0.01749	0.34267	0.01116	0.02378	0.10928	0.01986	0.04103	0.02151	0.01608	0.02151	0.21670	0.00474	0.01272	0.00638	0.05671	0.00795
2	0.00869	0.00728	0.00760	0.00767	0.00999	0.00618	0.00585	0.01067	0.01645	0.01985	0.10282	0.06846	0.62824	0.01795	0.00850	0.00245	0.00378	0.05480	0.00667	0.00608
3	0.01762	0.01692	0.02890	0.04371	0.70533	0.01692	0.02185	0.02185	0.01621	0.02326	0.01339	0.01762	0.01128	0.00634	0.00705	0.00211	0.00846	0.00634	0.00352	0.01128
4	0.00858	0.00659	0.00786	0.00888	0.01006	0.00587	0.00615	0.01003	0.01463	0.01858	0.05185	0.48579	0.29828	0.02067	0.00883	0.00271	0.00393	0.01824	0.00661	0.00587
5	0.01762	0.01692	0.02890	0.04371	0.70533	0.01692	0.02185	0.02185	0.01621	0.02326	0.01339	0.01762	0.01128	0.00634	0.00705	0.00211	0.00846	0.00634	0.00352	0.01128
6	0.03195	0.01212	0.01652	0.01267	0.01818	0.01047	0.01047	0.03470	0.02038	0.71026	0.02809	0.02424	0.01763	0.00881	0.00716	0.00220	0.00606	0.00716	0.00881	0.01212
7	0.02707	0.01995	0.02137	0.01638	0.02208	0.02208	0.01353	0.68159	0.03348	0.04488	0.01710	0.01710	0.01211	0.00855	0.00712	0.00214	0.00784	0.00641	0.00712	0.01211
8	0.05761	0.02607	0.02111	0.01979	0.09059	0.35514	0.01424	0.27607	0.02451	0.02906	0.01352	0.01489	0.01044	0.00767	0.00667	0.00199	0.01019	0.00543	0.00500	0.01000
9	0.02427	0.01855	0.01979	0.01582	0.02101	0.02077	0.01286	0.48877	0.23086	0.04036	0.02066	0.01993	0.01499	0.00888	0.00716	0.00222	0.00718	0.00690	0.00716	0.01186
10	0.01980	0.02262	0.02118	0.01856	0.01997	0.28986	0.01488	0.02147	0.01446	0.01725	0.00998	0.01453	0.00928	0.01050	0.01687	0.00262	0.45927	0.00560	0.00333	0.00797
11	0.01763	0.01676	0.02761	0.04076	0.63610	0.01700	0.02079	0.02346	0.08439	0.02392	0.01497	0.01853	0.01233	0.00668	0.00707	0.00215	0.00817	0.00652	0.00390	0.01128
12	0.80005	0.01377	0.01047	0.00936	0.01377	0.01597	0.00771	0.02093	0.01212	0.03195	0.00991	0.01157	0.00771	0.00661	0.00441	0.00220	0.00551	0.00386	0.00441	0.00771
13	0.01477	0.01266	0.01477	0.01055	0.01687	0.00949	0.00844	0.01793	0.01477	0.02320	0.01266	0.01477	0.01055	0.00527	0.00527	0.00105	0.00527	0.00422	0.00422	0.79328
14	0.01017	0.00763	0.01144	0.01144	0.01272	0.00890	0.00890	0.01272	0.01144	0.01653	0.01907	0.02797	0.01780	0.05340	0.72153	0.01144	0.01907	0.00763	0.00381	0.00636
15	0.01519	0.17342	0.58420	0.01875	0.02843	0.01875	0.02362	0.02232	0.01493	0.02145	0.01223	0.01435	0.00904	0.00664	0.00635	0.00212	0.00997	0.00498	0.00301	0.01026
16	0.01036	0.00690	0.00777	0.00777	0.00777	0.00690	0.00431	0.01036	0.01036	0.01381	0.02244	0.04660	0.02589	0.74975	0.03624	0.00690	0.00690	0.01036	0.00431	0.00431
17	0.02191	0.25046	0.04901	0.01396	0.01933	0.02041	0.01238	0.18879	0.14612	0.12839	0.01862	0.01876	0.01404	0.01094	0.05395	0.00263	0.00794	0.00604	0.00573	0.01057
18	0.11319	0.01451	0.02033	0.02523	0.30467	0.03725	0.05532	0.06915	0.01667	0.02633	0.01594	0.01941	0.01281	0.00858	0.02949	0.00232	0.00744	0.00623	0.20579	0.00935

[dist]
# distance from previous block
# <min> <max>
0	1

[block]
# block no. 4 follows, 29 sequences, length 49
# corresponding to MSA columns:
# 1065-1072,1086-1124,1142,1143
name=unknown_E
#
# <colnr> <probs for GDERKNQSTAVLIFYWHMCP>
#	G	D	E	R	K	N	Q	S	T	A	V	L	I	F	Y	W	H	M	C	P
0	0.00901	0.00661	0.00846	0.00932	0.01032	0.00606	0.00649	0.01089	0.01569	0.02106	0.21877	0.47576	0.13590	0.01971	0.00882	0.00266	0.00386	0.01763	0.00694	0.00606
1	0.01609	0.01903	0.07858	0.15372	0.06501	0.01749	0.49793	0.02194	0.01622	0.02200	0.01396	0.01885	0.01048	0.00626	0.00802	0.00238	0.01133	0.00777	0.00349	0.00943
2	0.01525	0.01509	0.02118	0.01825	0.01833	0.02102	0.01517	0.01687	0.01094	0.01710	0.00994	0.01634	0.00986	0.01497	0.06607	0.00363	0.69283	0.00632	0.00316	0.00770
3	0.00999	0.00728	0.00939	0.00886	0.01058	0.00668	0.00665	0.01326	0.01994	0.02804	0.66706	0.05403	0.10202	0.01475	0.00840	0.00225	0.00337	0.01300	0.00777	0.00668
4	0.01681	0.01921	0.04202	0.03001	0.03721	0.01801	0.67947	0.02281	0.01681	0.02281	0.01441	0.01921	0.01080	0.00600	0.00840	0.00240	0.01200	0.00840	0.00360	0.00960
5	0.01791	0.58418	0.19731	0.01411	0.02125	0.02542	0.01553	0.02161	0.01460	0.01813	0.01058	0.01228	0.00911	0.00625	0.00509	0.00170	0.00830	0.00415	0.00304	0.00947
6	0.00917	0.00655	0.00883	0.01048	0.01111	0.00621	0.00747	0.01077	0.01412	0.01873	0.03897	0.62801	0.04602	0.02184	0.00922	0.00296	0.00456	0.13247	0.00660	0.00592
7	0.18356	0.01816	0.01933	0.01647	0.06159	0.02015	0.01272	0.48809	0.02746	0.04013	0.01546	0.01631	0.01132	0.00928	0.02665	0.00241	0.00772	0.00592	0.00626	0.01100
8	0.61649	0.05979	0.01402	0.01077	0.01551	0.01779	0.00901	0.13732	0.01602	0.03330	0.01118	0.01253	0.00857	0.00692	0.00489	0.00215	0.00605	0.00430	0.00480	0.00857
9	0.10571	0.03267	0.58951	0.01857	0.02809	0.01610	0.02320	0.02311	0.01503	0.06569	0.01339	0.01520	0.00940	0.00687	0.00652	0.00225	0.00967	0.00522	0.00352	0.01030
10	0.01599	0.07620	0.02514	0.01932	0.02055	0.02194	0.08321	0.01806	0.01180	0.01769	0.00991	0.01561	0.00948	0.01128	0.02030	0.00291	0.60310	0.00626	0.00316	0.00809
11	0.01634	0.01377	0.05691	0.01293	0.01689	0.01310	0.03637	0.10691	0.22055	0.07086	0.18986	0.03553	0.11050	0.01122	0.00752	0.00227	0.00556	0.00952	0.05406	0.00934
12	0.70598	0.01402	0.01132	0.00992	0.01433	0.01611	0.00815	0.07454	0.01418	0.03287	0.03765	0.01365	0.01040	0.00708	0.00478	0.00220	0.00561	0.00442	0.00476	0.00803
13	0.02372	0.01238	0.01568	0.01165	0.01755	0.01000	0.00949	0.02667	0.01769	0.38116	0.02070	0.01970	0.01424	0.00712	0.00626	0.00165	0.00568	0.00575	0.00661	0.38630
14	0.00989	0.00727	0.00925	0.00876	0.01052	0.00664	0.00657	0.01307	0.01970	0.02748	0.62886	0.05496	0.14058	0.01496	0.00840	0.00226	0.00339	0.01313	0.00770	0.00664
15	0.01237	0.00618	0.00928	0.00928	0.00928	0.00618	0.00618	0.00928	0.00928	0.01237	0.01237	0.02165	0.01237	0.02474	0.02783	0.79283	0.00618	0.00618	0.00309	0.00309
16	0.01327	0.00664	0.00664	0.00664	0.00830	0.00664	0.00498	0.01659	0.01493	0.02655	0.02323	0.02655	0.01825	0.00830	0.00498	0.00166	0.00332	0.00664	0.78928	0.00664
17	0.01179	0.00792	0.01062	0.01197	0.01362	0.00792	0.01033	0.01508	0.01614	0.02223	0.03515	0.07085	0.03698	0.01767	0.00898	0.00299	0.00599	0.54278	0.14443	0.00657
18	0.01762	0.01692	0.02890	0.04371	0.70533	0.01692	0.02185	0.02185	0.01621	0.02326	0.01339	0.01762	0.01128	0.00634	0.00705	0.00211	0.00846	0.00634	0.00352	0.01128
19	0.01042	0.00697	0.00797	0.00806	0.00815	0.00697	0.00471	0.01060	0.01069	0.01422	0.02327	0.04845	0.02671	0.70975	0.03480	0.00670	0.00688	0.04581	0.00444	0.00444
20	0.02707	0.01995	0.02137	0.01638	0.02208	0.02208	0.01353	0.68159	0.03348	0.04488	0.01710	0.01710	0.01211	0.00855	0.00712	0.00214	0.00784	0.00641	0.00712	0.01211
21	0.02246	0.01338	0.01577	0.01255	0.01712	0.01325	0.01014	0.22066	0.06019	0.22677	0.15739	0.02718	0.02541	0.00953	0.00708	0.00205	0.00578	0.00779	0.05493	0.09056
22	0.01327	0.00664	0.00664	0.00664	0.00830	0.00664	0.00498	0.01659	0.01493	0.02655	0.02323	0.02655	0.01825	0.00830	0.00498	0.00166	0.00332	0.00664	0.78928	0.00664
23	0.80005	0.01377	0.01047	0.00936	0.01377	0.01597	0.00771	0.02093	0.01212	0.03195	0.00991	0.01157	0.00771	0.00661	0.00441	0.00220	0.00551	0.00386	0.00441	0.00771
24	0.01345	0.01266	0.02136	0.73264	0.04904	0.01582	0.01978	0.01819	0.01424	0.01819	0.01266	0.01898	0.00949	0.00712	0.00712	0.00237	0.00949	0.00633	0.00316	0.00791
25	0.00896	0.00640	0.00859	0.01024	0.01078	0.00603	0.00711	0.01041	0.01392	0.01850	0.03909	0.67710	0.04647	0.02204	0.00917	0.00293	0.00438	0.08542	0.00660	0.00586
26	0.00868	0.00620	0.00826	0.00991	0.01033	0.00578	0.00661	0.00991	0.01363	0.01818	0.03925	0.74510	0.04710	0.02231	0.00909	0.00289	0.00413	0.02024	0.00661	0.00578
27	0.05897	0.01218	0.01631	0.01255	0.01802	0.01066	0.01037	0.03422	0.02009	0.68640	0.02745	0.02379	0.01728	0.00874	0.00706	0.00220	0.00604	0.00704	0.00866	0.01196
28	0.01771	0.01530	0.01610	0.01449	0.01852	0.01771	0.01127	0.03784	0.69247	0.02979	0.02898	0.02657	0.02174	0.00966	0.00725	0.00242	0.00564	0.00805	0.00725	0.01127
29	0.11052	0.01229	0.01591	0.01233	0.01773	0.01103	0.01018	0.03329	0.01954	0.64088	0.02623	0.02294	0.01661	0.00859	0.00688	0.00220	0.00600	0.00682	0.00836	0.01167
30	0.80005	0.01377	0.01047	0.00936	0.01377	0.01597	0.00771	0.02093	0.01212	0.03195	0.00991	0.01157	0.00771	0.00661	0.00441	0.00220	0.00551	0.00386	0.00441	0.00771
31	0.01681	0.01921	0.04202	0.03001	0.03721	0.01801	0.67947	0.02281	0.01681	0.02281	0.01441	0.01921	0.01080	0.00600	0.00840	0.00240	0.01200	0.00840	0.00360	0.00960
32	0.01904	0.75404	0.03731	0.01218	0.01828	0.02818	0.01218	0.02132	0.01447	0.01675	0.00990	0.01142	0.00914	0.00609	0.00457	0.00152	0.00761	0.00381	0.00305	0.00914
33	0.01510	0.01434	0.02434	0.46041	0.30837	0.01625	0.02060	0.01964	0.01502	0.02020	0.01295	0.01845	0.01020	0.00681	0.00709	0.00227	0.00908	0.00633	0.00331	0.00924
34	0.00953	0.00697	0.00895	0.00906	0.01046	0.00639	0.00657	0.01215	0.01797	0.02479	0.45805	0.24728	0.12125	0.01704	0.00859	0.00244	0.00360	0.01513	0.00738	0.00639
35	0.00873	0.00624	0.00831	0.00988	0.01034	0.00582	0.00661	0.01004	0.01387	0.01855	0.06316	0.72012	0.04782	0.02203	0.00906	0.00287	0.00410	0.01998	0.00665	0.00582
36	0.01344	0.01242	0.02078	0.70414	0.04744	0.01546	0.01919	0.01813	0.01427	0.01852	0.01307	0.01928	0.00984	0.00717	0.00704	0.00235	0.00925	0.00634	0.03402	0.00786
37	0.00893	0.00723	0.00793	0.00776	0.00994	0.00623	0.00582	0.01122	0.01746	0.02215	0.26873	0.06374	0.50403	0.01695	0.00841	0.00235	0.00353	0.01436	0.00700	0.00623
38	0.01237	0.00618	0.00928	0.00928	0.00928	0.00618	0.00618	0.00928	0.00928	0.01237	0.01237	0.02165	0.01237	0.02474	0.02783	0.79283	0.00618	0.00618	0.00309	0.00309
39	0.01129	0.00757	0.00980	0.00908	0.01103	0.00690	0.00686	0.01452	0.01993	0.06902	0.62284	0.05238	0.10276	0.01442	0.00832	0.00225	0.00354	0.01266	0.00782	0.00700
40	0.01042	0.00798	0.00973	0.01046	0.01177	0.00801	0.00738	0.01526	0.13410	0.02149	0.11623	0.50101	0.08090	0.01895	0.00865	0.00271	0.00428	0.01695	0.00686	0.00687
41	0.01505	0.01429	0.02425	0.46814	0.30101	0.01624	0.02057	0.01960	0.01500	0.02014	0.01294	0.01846	0.01018	0.00682	0.00709	0.00227	0.00910	0.00633	0.00330	0.00920
42	0.01971	0.57228	0.10392	0.01383	0.02012	0.09222	0.01385	0.05833	0.01611	0.01895	0.01069	0.01224	0.00929	0.00641	0.00511	0.00166	0.00842	0.00417	0.00332	0.00936
43	0.03141	0.01223	0.01670	0.01287	0.01819	0.01084	0.01063	0.03413	0.02007	0.68757	0.02748	0.02395	0.01736	0.00893	0.00769	0.00223	0.02999	0.00713	0.00863	0.01198
44	0.01056	0.00785	0.01076	0.01057	0.01131	0.00897	0.00767	0.01214	0.01102	0.01560	0.01969	0.03386	0.02017	0.29910	0.43530	0.00932	0.05793	0.00852	0.00395	0.00572
45	0.01872	0.01552	0.02088	0.01628	0.02090	0.04067	0.10578	0.04736	0.11924	0.11110	0.01680	0.01858	0.01296	0.00812	0.00997	0.00208	0.15264	0.00626	0.00504	0.25109
46	0.01177	0.00958	0.01203	0.01167	0.01305	0.04527	0.03425	0.01455	0.04731	0.01733	0.02337	0.08225	0.02417	0.25006	0.28959	0.00731	0.01179	0.08382	0.00461	0.00621
47	0.01036	0.00690	0.00777	0.00777	0.00777	0.00690	0.00431	0.01036	0.01036	0.01381	0.02244	0.04660	0.02589	0.74975	0.03624	0.00690	0.00690	0.01036	0.00431	0.00431
48	0.01655	0.02101	0.11064	0.02902	0.03656	0.01786	0.61266	0.02278	0.01663	0.02278	0.01424	0.01878	0.01062	0.00608	0.00824	0.00239	0.01185	0.00808	0.00354	0.00970

[dist]
# distance from previous block
# <min> <max>
0	6

[block]
# block no. 5 follows, 29 sequences, length 8
# corresponding to MSA columns:
# 1150-1157
name=unknown_F
#
# <colnr> <probs for GDERKNQSTAVLIFYWHMCP>
#	G	D	E	R	K	N	Q	S	T	A	V	L	I	F	Y	W	H	M	C	P
0	0.01767	0.51675	0.21884	0.01451	0.02168	0.02441	0.01595	0.02262	0.05432	0.01908	0.01180	0.01329	0.00984	0.00648	0.00532	0.00177	0.00829	0.00445	0.00328	0.00964
1	0.01033	0.00752	0.01007	0.01152	0.01291	0.00726	0.00940	0.01286	0.01560	0.02019	0.04222	0.26449	0.12128	0.02021	0.00946	0.00307	0.00553	0.40322	0.00658	0.00628
2	0.01224	0.01135	0.01797	0.55870	0.03959	0.01347	0.01633	0.01628	0.01472	0.01844	0.02692	0.03086	0.17564	0.00974	0.00743	0.00238	0.00808	0.00841	0.00399	0.00745
3	0.01876	0.01794	0.01966	0.02196	0.18362	0.10253	0.01411	0.03287	0.44908	0.02673	0.02307	0.02276	0.01771	0.00858	0.00710	0.00227	0.00718	0.00722	0.00592	0.01091
4	0.01762	0.01692	0.02890	0.04371	0.70533	0.01692	0.02185	0.02185	0.01621	0.02326	0.01339	0.01762	0.01128	0.00634	0.00705	0.00211	0.00846	0.00634	0.00352	0.01128
5	0.01022	0.00746	0.01056	0.01056	0.01153	0.00842	0.00780	0.01215	0.01118	0.01588	0.01988	0.03244	0.01974	0.22037	0.55722	0.01036	0.01616	0.00828	0.00393	0.00587
6	0.02541	0.03191	0.01949	0.01793	0.02144	0.66497	0.01358	0.02736	0.01988	0.01773	0.01311	0.01816	0.01168	0.00831	0.00669	0.00195	0.01235	0.05604	0.00390	0.00812
7	0.03131	0.01471	0.01696	0.01334	0.01863	0.09491	0.01086	0.03396	0.02036	0.62794	0.02606	0.02288	0.01662	0.00864	0.00707	0.00216	0.00686	0.00685	0.00820	0.01166

[dist]
# distance from previous block
# <min> <max>
0	2

[block]
# block no. 6 follows, 29 sequences, length 17
# corresponding to MSA columns:
# 1163-1179
name=unknown_G
#
# <colnr> <probs for GDERKNQSTAVLIFYWHMCP>
#	G	D	E	R	K	N	Q	S	T	A	V	L	I	F	Y	W	H	M	C	P
0	0.01635	0.02591	0.28646	0.02796	0.12953	0.04313	0.32069	0.02278	0.01619	0.02258	0.01354	0.01721	0.01015	0.00638	0.00753	0.00229	0.01098	0.00681	0.00337	0.01013
1	0.01762	0.01692	0.02890	0.04371	0.70533	0.01692	0.02185	0.02185	0.01621	0.02326	0.01339	0.01762	0.01128	0.00634	0.00705	0.00211	0.00846	0.00634	0.00352	0.01128
2	0.02095	0.01359	0.01581	0.01279	0.01683	0.01404	0.01029	0.30958	0.02603	0.14251	0.29609	0.03284	0.03529	0.01102	0.00765	0.00219	0.00574	0.00915	0.00768	0.00993
3	0.02707	0.01995	0.02137	0.01638	0.02208	0.02208	0.01353	0.68159	0.03348	0.04488	0.01710	0.01710	0.01211	0.00855	0.00712	0.00214	0.00784	0.00641	0.00712	0.01211
4	0.01477	0.01266	0.01477	0.01055	0.01687	0.00949	0.00844	0.01793	0.01477	0.02320	0.01266	0.01477	0.01055	0.00527	0.00527	0.00105	0.00527	0.00422	0.00422	0.79328
5	0.01771	0.01530	0.01610	0.01449	0.01852	0.01771	0.01127	0.03784	0.69247	0.02979	0.02898	0.02657	0.02174	0.00966	0.00725	0.00242	0.00564	0.00805	0.00725	0.01127
6	0.01477	0.01266	0.01477	0.01055	0.01687	0.00949	0.00844	0.01793	0.01477	0.02320	0.01266	0.01477	0.01055	0.00527	0.00527	0.00105	0.00527	0.00422	0.00422	0.79328
7	0.02707	0.01995	0.02137	0.01638	0.02208	0.02208	0.01353	0.68159	0.03348	0.04488	0.01710	0.01710	0.01211	0.00855	0.00712	0.00214	0.00784	0.00641	0.00712	0.01211
8	0.01641	0.02197	0.14712	0.02849	0.03621	0.01778	0.57714	0.02277	0.01653	0.02277	0.01415	0.01855	0.01052	0.00612	0.00815	0.00238	0.01177	0.00791	0.00351	0.00975
9	0.01428	0.03683	0.71286	0.02030	0.03082	0.01654	0.02631	0.02255	0.01503	0.02255	0.01278	0.01503	0.00902	0.00677	0.00677	0.00226	0.01052	0.00526	0.00301	0.01052
10	0.02783	0.01872	0.02061	0.01580	0.02147	0.02026	0.01305	0.58024	0.03143	0.14912	0.01882	0.01821	0.01297	0.00859	0.00713	0.00215	0.00756	0.00653	0.00739	0.01211
11	0.00866	0.00626	0.00820	0.00975	0.01029	0.00580	0.00654	0.00993	0.01379	0.01824	0.04123	0.70434	0.08658	0.02205	0.00905	0.00286	0.00410	0.01993	0.00661	0.00580
12	0.01545	0.01303	0.01281	0.01129	0.01411	0.12019	0.00865	0.06676	0.02079	0.06512	0.45851	0.03997	0.04742	0.01203	0.00771	0.00209	0.00546	0.01019	0.00694	0.06149
13	0.02647	0.01770	0.01964	0.01532	0.02060	0.01905	0.01254	0.53048	0.02996	0.14715	0.02046	0.07215	0.01557	0.00961	0.00727	0.00220	0.00728	0.00755	0.00735	0.01164
14	0.01821	0.01745	0.03078	0.02319	0.02839	0.01808	0.35999	0.17286	0.01971	0.02683	0.01735	0.06234	0.01498	0.00923	0.01012	0.00252	0.10096	0.05274	0.00472	0.00954
15	0.01846	0.01491	0.02431	0.01934	0.02312	0.03764	0.21343	0.02189	0.01603	0.15652	0.02285	0.03163	0.05813	0.01110	0.01209	0.00266	0.19227	0.10957	0.00515	0.00891
16	0.02289	0.01647	0.01797	0.01394	0.01919	0.01714	0.01139	0.44649	0.02747	0.08360	0.02590	0.02534	0.12044	0.00963	0.00709	0.00204	0.00672	0.00753	0.00678	0.11196

[dist]
# distance from previous block
# <min> <max>
6	15

[block]
# block no. 7 follows, 29 sequences, length 53
# corresponding to MSA columns:
# 1196-1231,1233-1239,1246-1255
name=unknown_H
#
# <colnr> <probs for GDERKNQSTAVLIFYWHMCP>
#	G	D	E	R	K	N	Q	S	T	A	V	L	I	F	Y	W	H	M	C	P
0	0.01947	0.04462	0.07479	0.01303	0.04045	0.01170	0.01093	0.06989	0.04727	0.23181	0.12526	0.03252	0.13473	0.01036	0.00717	0.00208	0.00582	0.00856	0.00667	0.10287
1	0.04895	0.07118	0.36995	0.01584	0.02297	0.01438	0.01778	0.04380	0.01606	0.10116	0.04323	0.13443	0.01832	0.00972	0.00695	0.00225	0.00803	0.00800	0.00467	0.04232
2	0.31618	0.04353	0.01871	0.01927	0.15804	0.14588	0.04015	0.06930	0.01648	0.02706	0.01266	0.01503	0.01010	0.00693	0.00573	0.00205	0.00778	0.00511	0.07113	0.00889
3	0.05386	0.07066	0.01709	0.01249	0.01718	0.01610	0.01021	0.22463	0.15040	0.05600	0.01935	0.01990	0.01464	0.00793	0.00613	0.00189	0.00597	0.00613	0.15350	0.13595
4	0.01823	0.01657	0.02179	0.04884	0.24385	0.04579	0.04273	0.10388	0.20374	0.02701	0.02040	0.02171	0.04297	0.00793	0.00699	0.00209	0.00739	0.00694	0.00518	0.10597
5	0.37555	0.01490	0.01485	0.01226	0.01710	0.01622	0.01012	0.20082	0.04387	0.17230	0.01740	0.01913	0.01284	0.00825	0.00603	0.00224	0.00629	0.03376	0.00622	0.00986
6	0.01462	0.01246	0.01462	0.01066	0.01678	0.00944	0.00857	0.01779	0.01484	0.02312	0.01374	0.01761	0.01187	0.00590	0.00547	0.00115	0.00533	0.03260	0.00432	0.75909
7	0.01036	0.00690	0.00777	0.00777	0.00777	0.00690	0.00431	0.01036	0.01036	0.01381	0.02244	0.04660	0.02589	0.74975	0.03624	0.00690	0.00690	0.01036	0.00431	0.00431
8	0.01134	0.00790	0.01041	0.01167	0.01340	0.00776	0.01001	0.01446	0.01620	0.02170	0.03990	0.07259	0.11357	0.01813	0.00910	0.00299	0.00584	0.50694	0.09959	0.00650
9	0.01477	0.01266	0.01477	0.01055	0.01687	0.00949	0.00844	0.01793	0.01477	0.02320	0.01266	0.01477	0.01055	0.00527	0.00527	0.00105	0.00527	0.00422	0.00422	0.79328
10	0.01616	0.01524	0.02574	0.11393	0.55566	0.01553	0.01989	0.02010	0.01571	0.02214	0.01626	0.10058	0.01516	0.00824	0.00729	0.00223	0.00808	0.00792	0.00384	0.01029
11	0.01740	0.01383	0.01591	0.01158	0.01778	0.01159	0.00935	0.12750	0.01804	0.05112	0.01393	0.01548	0.01105	0.00594	0.00564	0.00127	0.00572	0.00468	0.00486	0.63731
12	0.01026	0.00696	0.00821	0.00828	0.00844	0.00708	0.00493	0.01061	0.01062	0.01430	0.02276	0.07377	0.02586	0.63998	0.11311	0.00725	0.00817	0.01046	0.00435	0.00461
13	0.01329	0.00732	0.00831	0.08928	0.01293	0.00768	0.00666	0.01677	0.01485	0.02560	0.02203	0.02569	0.01725	0.00816	0.00522	0.00174	0.00402	0.00660	0.69980	0.00678
14	0.01705	0.01467	0.01607	0.01523	0.04650	0.01673	0.01132	0.03507	0.60637	0.02941	0.08623	0.02849	0.02521	0.00994	0.00734	0.00239	0.00556	0.00839	0.00714	0.01088
15	0.01017	0.00763	0.01144	0.01144	0.01272	0.00890	0.00890	0.01272	0.01144	0.01653	0.01907	0.02797	0.01780	0.05340	0.72153	0.01144	0.01907	0.00763	0.00381	0.00636
16	0.02063	0.01772	0.01729	0.01487	0.01905	0.09555	0.01177	0.24721	0.29826	0.03232	0.05344	0.04784	0.04473	0.01033	0.00737	0.00230	0.00699	0.03509	0.00676	0.01048
17	0.76793	0.01370	0.01072	0.00950	0.01395	0.01574	0.00783	0.02151	0.01246	0.06031	0.01067	0.01210	0.00813	0.00670	0.00452	0.00220	0.00553	0.00399	0.00459	0.00790
18	0.01558	0.01558	0.02181	0.01869	0.01869	0.02181	0.01558	0.01714	0.01091	0.01714	0.00935	0.01558	0.00935	0.01246	0.02337	0.00312	0.73672	0.00623	0.00312	0.00779
19	0.01843	0.01514	0.01612	0.01440	0.01850	0.01735	0.01123	0.03768	0.65850	0.06418	0.02894	0.02645	0.02153	0.00962	0.00724	0.00240	0.00566	0.00801	0.00732	0.01131
20	0.02707	0.01995	0.02137	0.01638	0.02208	0.02208	0.01353	0.68159	0.03348	0.04488	0.01710	0.01710	0.01211	0.00855	0.00712	0.00214	0.00784	0.00641	0.00712	0.01211
21	0.01904	0.75404	0.03731	0.01218	0.01828	0.02818	0.01218	0.02132	0.01447	0.01675	0.00990	0.01142	0.00914	0.00609	0.00457	0.00152	0.00761	0.00381	0.00305	0.00914
22	0.00868	0.00620	0.00826	0.00991	0.01033	0.00578	0.00661	0.00991	0.01363	0.01818	0.03925	0.74510	0.04710	0.02231	0.00909	0.00289	0.00413	0.02024	0.00661	0.00578
23	0.00868	0.00620	0.00826	0.00991	0.01033	0.00578	0.00661	0.00991	0.01363	0.01818	0.03925	0.74510	0.04710	0.02231	0.00909	0.00289	0.00413	0.02024	0.00661	0.00578
24	0.01904	0.75404	0.03731	0.01218	0.01828	0.02818	0.01218	0.02132	0.01447	0.01675	0.00990	0.01142	0.00914	0.00609	0.00457	0.00152	0.00761	0.00381	0.00305	0.00914
25	0.00998	0.00727	0.00938	0.00885	0.01058	0.00668	0.00664	0.01324	0.01991	0.02798	0.66289	0.05413	0.10623	0.01477	0.00840	0.00225	0.00337	0.01301	0.00776	0.00668
26	0.02707	0.01995	0.02137	0.01638	0.02208	0.02208	0.01353	0.68159	0.03348	0.04488	0.01710	0.01710	0.01211	0.00855	0.00712	0.00214	0.00784	0.00641	0.00712	0.01211
27	0.01237	0.00618	0.00928	0.00928	0.00928	0.00618	0.00618	0.00928	0.00928	0.01237	0.01237	0.02165	0.01237	0.02474	0.02783	0.79283	0.00618	0.00618	0.00309	0.00309
28	0.02707	0.01995	0.02137	0.01638	0.02208	0.02208	0.01353	0.68159	0.03348	0.04488	0.01710	0.01710	0.01211	0.00855	0.00712	0.00214	0.00784	0.00641	0.00712	0.01211
29	0.01762	0.01692	0.02890	0.04371	0.70533	0.01692	0.02185	0.02185	0.01621	0.02326	0.01339	0.01762	0.01128	0.00634	0.00705	0.00211	0.00846	0.00634	0.00352	0.01128
30	0.02665	0.03234	0.02031	0.01812	0.02202	0.64159	0.01373	0.10278	0.02169	0.02055	0.01170	0.01333	0.00951	0.00748	0.00650	0.00187	0.01227	0.00479	0.00406	0.00869
31	0.01079	0.00853	0.01262	0.01227	0.01340	0.01037	0.00966	0.01322	0.01138	0.01660	0.01797	0.02656	0.01684	0.04874	0.64206	0.01050	0.10076	0.00747	0.00374	0.00652
32	0.01036	0.00690	0.00777	0.00777	0.00777	0.00690	0.00431	0.01036	0.01036	0.01381	0.02244	0.04660	0.02589	0.74975	0.03624	0.00690	0.00690	0.01036	0.00431	0.00431
33	0.00905	0.00719	0.00813	0.00801	0.01004	0.00627	0.00596	0.01142	0.01758	0.02269	0.30741	0.09695	0.43020	0.01694	0.00844	0.00237	0.00354	0.01448	0.00707	0.00627
34	0.00868	0.00620	0.00826	0.00991	0.01033	0.00578	0.00661	0.00991	0.01363	0.01818	0.03925	0.74510	0.04710	0.02231	0.00909	0.00289	0.00413	0.02024	0.00661	0.00578
35	0.02707	0.01995	0.02137	0.01638	0.02208	0.02208	0.01353	0.68159	0.03348	0.04488	0.01710	0.01710	0.01211	0.00855	0.00712	0.00214	0.00784	0.00641	0.00712	0.01211
36	0.02707	0.01995	0.02137	0.01638	0.02208	0.02208	0.01353	0.68159	0.03348	0.04488	0.01710	0.01710	0.01211	0.00855	0.00712	0.00214	0.00784	0.00641	0.00712	0.01211
37	0.02707	0.01995	0.02137	0.01638	0.02208	0.02208	0.01353	0.68159	0.03348	0.04488	0.01710	0.01710	0.01211	0.00855	0.00712	0.00214	0.00784	0.00641	0.00712	0.01211
38	0.01147	0.00820	0.01147	0.01311	0.01475	0.00820	0.01147	0.01475	0.01639	0.02131	0.03770	0.08032	0.04098	0.01967	0.00984	0.00328	0.00656	0.65741	0.00656	0.00656
39	0.01904	0.75404	0.03731	0.01218	0.01828	0.02818	0.01218	0.02132	0.01447	0.01675	0.00990	0.01142	0.00914	0.00609	0.00457	0.00152	0.00761	0.00381	0.00305	0.00914
40	0.01762	0.01692	0.02890	0.04371	0.70533	0.01692	0.02185	0.02185	0.01621	0.02326	0.01339	0.01762	0.01128	0.00634	0.00705	0.00211	0.00846	0.00634	0.00352	0.01128
41	0.01771	0.01530	0.01610	0.01449	0.01852	0.01771	0.01127	0.03784	0.69247	0.02979	0.02898	0.02657	0.02174	0.00966	0.00725	0.00242	0.00564	0.00805	0.00725	0.01127
42	0.01008	0.00728	0.00952	0.00896	0.01064	0.00672	0.00672	0.01344	0.02016	0.02855	0.70158	0.05319	0.06719	0.01456	0.00840	0.00224	0.00336	0.01288	0.00784	0.00672
43	0.01345	0.01266	0.02136	0.73264	0.04904	0.01582	0.01978	0.01819	0.01424	0.01819	0.01266	0.01898	0.00949	0.00712	0.00712	0.00237	0.00949	0.00633	0.00316	0.00791
44	0.00868	0.00620	0.00826	0.00991	0.01033	0.00578	0.00661	0.00991	0.01363	0.01818	0.03925	0.74510	0.04710	0.02231	0.00909	0.00289	0.00413	0.02024	0.00661	0.00578
45	0.01237	0.00618	0.00928	0.00928	0.00928	0.00618	0.00618	0.00928	0.00928	0.01237	0.01237	0.02165	0.01237	0.02474	0.02783	0.79283	0.00618	0.00618	0.00309	0.00309
46	0.01558	0.01558	0.02181	0.01869	0.01869	0.02181	0.01558	0.01714	0.01091	0.01714	0.00935	0.01558	0.00935	0.01246	0.02337	0.00312	0.73672	0.00623	0.00312	0.00779
47	0.00842	0.00721	0.00721	0.00721	0.00962	0.00601	0.00541	0.01022	0.01623	0.01924	0.07213	0.06853	0.70244	0.01803	0.00842	0.00240	0.00361	0.01503	0.00661	0.00601
48	0.02668	0.01975	0.02115	0.01630	0.02193	0.02190	0.01344	0.65466	0.06104	0.04425	0.01759	0.01749	0.01251	0.00859	0.00713	0.00215	0.00774	0.00648	0.00713	0.01207
49	0.01553	0.01406	0.02249	0.70932	0.04935	0.01680	0.02026	0.01953	0.01549	0.02011	0.01472	0.02172	0.01150	0.00850	0.00798	0.00274	0.01007	0.00697	0.00390	0.00897
50	0.11193	0.01717	0.02645	0.14294	0.50281	0.01759	0.02028	0.02241	0.01661	0.02528	0.01491	0.01989	0.01253	0.00790	0.00760	0.00254	0.00887	0.00668	0.00430	0.01129
51	0.01633	0.03741	0.69031	0.02137	0.03175	0.01750	0.02657	0.02374	0.01626	0.02432	0.01484	0.01791	0.01104	0.00816	0.00763	0.00263	0.01106	0.00594	0.00375	0.01149
52	0.01536	0.00825	0.00827	0.00818	0.01000	0.00794	0.00597	0.01799	0.01616	0.02818	0.02493	0.02903	0.01995	0.00963	0.00591	0.00205	0.00410	0.00726	0.76310	0.00774

[dist]
# distance from previous block
# <min> <max>
0	6

[block]
# block no. 8 follows, 29 sequences, length 109
# corresponding to MSA columns:
# 1262-1370
name=unknown_I
#
# <colnr> <probs for GDERKNQSTAVLIFYWHMCP>
#	G	D	E	R	K	N	Q	S	T	A	V	L	I	F	Y	W	H	M	C	P
0	0.01037	0.00860	0.00862	0.00854	0.01106	0.00716	0.00626	0.01162	0.01726	0.02087	0.07216	0.06943	0.68356	0.01891	0.00912	0.00273	0.00428	0.01532	0.00715	0.00699
1	0.02012	0.64856	0.11754	0.01432	0.02094	0.02729	0.01450	0.02254	0.01562	0.01915	0.01212	0.01445	0.01088	0.00740	0.00565	0.00196	0.00851	0.00461	0.00368	0.01018
2	0.01225	0.00830	0.00915	0.00907	0.00926	0.00802	0.00520	0.01175	0.01156	0.01560	0.02394	0.04816	0.02714	0.72885	0.03612	0.00709	0.00748	0.01079	0.00492	0.00534
3	0.01008	0.00728	0.00952	0.00896	0.01064	0.00672	0.00672	0.01344	0.02016	0.02855	0.70158	0.05319	0.06719	0.01456	0.00840	0.00224	0.00336	0.01288	0.00784	0.00672
4	0.01771	0.01530	0.01610	0.01449	0.01852	0.01771	0.01127	0.03784	0.69247	0.02979	0.02898	0.02657	0.02174	0.00966	0.00725	0.00242	0.00564	0.00805	0.00725	0.01127
5	0.03195	0.01212	0.01652	0.01267	0.01818	0.01047	0.01047	0.03470	0.02038	0.71026	0.02809	0.02424	0.01763	0.00881	0.00716	0.00220	0.00606	0.00716	0.00881	0.01212
6	0.00842	0.00721	0.00721	0.00721	0.00962	0.00601	0.00541	0.01022	0.01623	0.01924	0.07213	0.06853	0.70244	0.01803	0.00842	0.00240	0.00361	0.01503	0.00661	0.00601
7	0.01921	0.00930	0.01244	0.01051	0.01379	0.00828	0.00828	0.02232	0.02025	0.31325	0.42031	0.04110	0.04649	0.01216	0.00788	0.00222	0.00449	0.01049	0.00825	0.00897
8	0.01036	0.00690	0.00777	0.00777	0.00777	0.00690	0.00431	0.01036	0.01036	0.01381	0.02244	0.04660	0.02589	0.74975	0.03624	0.00690	0.00690	0.01036	0.00431	0.00431
9	0.01494	0.01468	0.02058	0.01787	0.01795	0.02032	0.01477	0.01654	0.01107	0.01716	0.01139	0.05385	0.01173	0.01508	0.05864	0.00353	0.66191	0.00703	0.00333	0.00761
10	0.01477	0.01266	0.01477	0.01055	0.01687	0.00949	0.00844	0.01793	0.01477	0.02320	0.01266	0.01477	0.01055	0.00527	0.00527	0.00105	0.00527	0.00422	0.00422	0.79328
11	0.01400	0.01358	0.02407	0.62458	0.07160	0.01612	0.09770	0.01887	0.01461	0.01892	0.01289	0.01896	0.00971	0.00696	0.00727	0.00237	0.00975	0.00657	0.00323	0.00823
12	0.01904	0.75404	0.03731	0.01218	0.01828	0.02818	0.01218	0.02132	0.01447	0.01675	0.00990	0.01142	0.00914	0.00609	0.00457	0.00152	0.00761	0.00381	0.00305	0.00914
13	0.01904	0.75404	0.03731	0.01218	0.01828	0.02818	0.01218	0.02132	0.01447	0.01675	0.00990	0.01142	0.00914	0.00609	0.00457	0.00152	0.00761	0.00381	0.00305	0.00914
14	0.01505	0.01352	0.02136	0.64812	0.04586	0.01656	0.01904	0.09648	0.01651	0.02134	0.01318	0.01876	0.00980	0.00729	0.00712	0.00235	0.00930	0.00634	0.00363	0.00841
15	0.01019	0.00754	0.01101	0.01101	0.01213	0.00867	0.00836	0.01244	0.01132	0.01621	0.01947	0.03017	0.01876	0.13558	0.64067	0.01091	0.01764	0.00795	0.00387	0.00612
16	0.01036	0.00690	0.00777	0.00777	0.00777	0.00690	0.00431	0.01036	0.01036	0.01381	0.02244	0.04660	0.02589	0.74975	0.03624	0.00690	0.00690	0.01036	0.00431	0.00431
17	0.00866	0.00626	0.00820	0.00975	0.01028	0.00580	0.00654	0.00993	0.01379	0.01824	0.04127	0.70354	0.08736	0.02205	0.00905	0.00286	0.00410	0.01992	0.00661	0.00580
18	0.02707	0.01995	0.02137	0.01638	0.02208	0.02208	0.01353	0.68159	0.03348	0.04488	0.01710	0.01710	0.01211	0.00855	0.00712	0.00214	0.00784	0.00641	0.00712	0.01211
19	0.80005	0.01377	0.01047	0.00936	0.01377	0.01597	0.00771	0.02093	0.01212	0.03195	0.00991	0.01157	0.00771	0.00661	0.00441	0.00220	0.00551	0.00386	0.00441	0.00771
20	0.02707	0.01995	0.02137	0.01638	0.02208	0.02208	0.01353	0.68159	0.03348	0.04488	0.01710	0.01710	0.01211	0.00855	0.00712	0.00214	0.00784	0.00641	0.00712	0.01211
21	0.00868	0.00620	0.00826	0.00991	0.01033	0.00578	0.00661	0.00991	0.01363	0.01818	0.03925	0.74510	0.04710	0.02231	0.00909	0.00289	0.00413	0.02024	0.00661	0.00578
22	0.01904	0.75404	0.03731	0.01218	0.01828	0.02818	0.01218	0.02132	0.01447	0.01675	0.00990	0.01142	0.00914	0.00609	0.00457	0.00152	0.00761	0.00381	0.00305	0.00914
23	0.80005	0.01377	0.01047	0.00936	0.01377	0.01597	0.00771	0.02093	0.01212	0.03195	0.00991	0.01157	0.00771	0.00661	0.00441	0.00220	0.00551	0.00386	0.00441	0.00771
24	0.01713	0.01642	0.02801	0.12500	0.62789	0.01679	0.02161	0.02142	0.01598	0.02266	0.01331	0.01778	0.01107	0.00644	0.00706	0.00215	0.00858	0.00634	0.00348	0.01088
25	0.00866	0.00624	0.00822	0.00980	0.01030	0.00579	0.00656	0.00993	0.01374	0.01822	0.04060	0.71719	0.07414	0.02213	0.00906	0.00287	0.00411	0.02003	0.00661	0.00579
26	0.01345	0.01266	0.02136	0.73264	0.04904	0.01582	0.01978	0.01819	0.01424	0.01819	0.01266	0.01898	0.00949	0.00712	0.00712	0.00237	0.00949	0.00633	0.00316	0.00791
27	0.00868	0.00620	0.00826	0.00991	0.01033	0.00578	0.00661	0.00991	0.01363	0.01818	0.03925	0.74510	0.04710	0.02231	0.00909	0.00289	0.00413	0.02024	0.00661	0.00578
28	0.01237	0.00618	0.00928	0.00928	0.00928	0.00618	0.00618	0.00928	0.00928	0.01237	0.01237	0.02165	0.01237	0.02474	0.02783	0.79283	0.00618	0.00618	0.00309	0.00309
29	0.02607	0.08448	0.02138	0.01791	0.02175	0.67253	0.01365	0.02793	0.01978	0.01738	0.01093	0.01274	0.00917	0.00725	0.00629	0.00181	0.01247	0.00453	0.00363	0.00832
30	0.00842	0.00721	0.00721	0.00721	0.00962	0.00601	0.00541	0.01022	0.01623	0.01924	0.07213	0.06853	0.70244	0.01803	0.00842	0.00240	0.00361	0.01503	0.00661	0.00601
31	0.01477	0.01266	0.01477	0.01055	0.01687	0.00949	0.00844	0.01793	0.01477	0.02320	0.01266	0.01477	0.01055	0.00527	0.00527	0.00105	0.00527	0.00422	0.00422	0.79328
32	0.01975	0.64264	0.06018	0.01321	0.01918	0.10952	0.01289	0.02221	0.01516	0.01705	0.01014	0.01172	0.00914	0.00626	0.00487	0.00159	0.00834	0.00395	0.00312	0.00908
