[name]
unknown

[dist]
# distance from previous block
# <min> <max>
0	113

[block]
# block no. 0 follows, 27 sequences, length 28
# corresponding to MSA columns:
# 145-172
name=unknown_A
#
# <colnr> <probs for GDERKNQSTAVLIFYWHMCP>
#	G	D	E	R	K	N	Q	S	T	A	V	L	I	F	Y	W	H	M	C	P
0	0.02088	0.05276	0.07332	0.04159	0.04915	0.14065	0.01297	0.10901	0.02129	0.13114	0.16501	0.02949	0.07133	0.01019	0.00744	0.00217	0.00773	0.00820	0.00619	0.03948
1	0.08076	0.10401	0.04909	0.01601	0.02172	0.04623	0.03386	0.36913	0.02595	0.03590	0.03790	0.01753	0.01333	0.00835	0.00751	0.00211	0.03890	0.00614	0.00589	0.07968
2	0.01543	0.01196	0.01435	0.03931	0.01763	0.01024	0.00933	0.01983	0.06551	0.07304	0.02636	0.02916	0.11506	0.01238	0.05763	0.00243	0.00660	0.03136	0.00538	0.43701
3	0.00904	0.00646	0.00861	0.01034	0.01077	0.00603	0.00689	0.01034	0.01421	0.01895	0.04092	0.73426	0.04910	0.02326	0.00948	0.00301	0.00431	0.02110	0.00689	0.00603
4	0.01734	0.01465	0.01567	0.01417	0.01799	0.01660	0.01097	0.05866	0.54181	0.03057	0.08944	0.06422	0.05252	0.01141	0.00779	0.00251	0.00560	0.00963	0.00755	0.01090
5	0.01985	0.74357	0.03890	0.01270	0.01905	0.02937	0.01270	0.02223	0.01508	0.01747	0.01032	0.01191	0.00953	0.00635	0.00476	0.00159	0.00794	0.00397	0.00318	0.00953
6	0.02176	0.01842	0.01922	0.01796	0.07213	0.08039	0.01310	0.27188	0.23820	0.03377	0.02397	0.11379	0.02027	0.01086	0.00766	0.00239	0.00744	0.00894	0.00678	0.01106
7	0.01103	0.00768	0.00911	0.00896	0.00907	0.00809	0.00546	0.01134	0.01092	0.01480	0.02246	0.04538	0.02545	0.64536	0.09674	0.00744	0.04112	0.01035	0.00439	0.00485
8	0.79154	0.01436	0.01091	0.00976	0.01436	0.01665	0.00804	0.02182	0.01263	0.03331	0.01034	0.01206	0.00804	0.00689	0.00459	0.00230	0.00574	0.00402	0.00459	0.00804
9	0.01402	0.01319	0.02227	0.72126	0.05113	0.01649	0.02062	0.01897	0.01484	0.01897	0.01319	0.01979	0.00990	0.00742	0.00742	0.00247	0.00990	0.00660	0.00330	0.00825
10	0.01567	0.01385	0.01990	0.07578	0.10479	0.04396	0.06222	0.01807	0.01394	0.04981	0.04226	0.02798	0.01783	0.19583	0.07449	0.00453	0.19890	0.00812	0.00420	0.00789
11	0.01624	0.01624	0.02274	0.01949	0.01949	0.02274	0.01624	0.01787	0.01137	0.01787	0.00975	0.01624	0.00975	0.01299	0.02436	0.00325	0.72552	0.00650	0.00325	0.00812
12	0.02133	0.05474	0.01987	0.01698	0.04666	0.09511	0.01294	0.15257	0.43054	0.03161	0.02428	0.02318	0.01832	0.00928	0.00729	0.00234	0.00733	0.00740	0.00676	0.01146
13	0.01061	0.00795	0.01193	0.01193	0.01326	0.00928	0.00928	0.01326	0.01193	0.01723	0.01988	0.02916	0.01856	0.05568	0.70968	0.01193	0.01988	0.00795	0.00398	0.00663
14	0.00904	0.00646	0.00861	0.01034	0.01077	0.00603	0.00689	0.01034	0.01421	0.01895	0.04092	0.73426	0.04910	0.02326	0.00948	0.00301	0.00431	0.02110	0.00689	0.00603
15	0.01402	0.01319	0.02227	0.72126	0.05113	0.01649	0.02062	0.01897	0.01484	0.01897	0.01319	0.01979	0.00990	0.00742	0.00742	0.00247	0.00990	0.00660	0.00330	0.00825
16	0.00877	0.00752	0.00752	0.00752	0.01003	0.00627	0.00564	0.01065	0.01692	0.02005	0.07520	0.07144	0.68978	0.01880	0.00877	0.00251	0.00376	0.01567	0.00689	0.00627
17	0.02822	0.02079	0.02228	0.01708	0.02302	0.02302	0.01411	0.66804	0.03490	0.04679	0.01782	0.01782	0.01262	0.00891	0.00743	0.00223	0.00817	0.00668	0.00743	0.01262
18	0.00915	0.00659	0.00867	0.01014	0.01076	0.00612	0.00685	0.01063	0.01485	0.01983	0.09233	0.65325	0.07846	0.02244	0.00939	0.00294	0.00422	0.02028	0.00699	0.00612
19	0.01926	0.01634	0.01724	0.01527	0.01961	0.01884	0.01194	0.09085	0.62668	0.03234	0.02920	0.02689	0.02184	0.00998	0.00754	0.00249	0.00606	0.00825	0.00754	0.01182
20	0.01489	0.03840	0.70064	0.02116	0.03213	0.01724	0.02743	0.02351	0.01567	0.02351	0.01332	0.01567	0.00940	0.00705	0.00705	0.00235	0.01097	0.00549	0.00313	0.01097
21	0.01504	0.01424	0.02412	0.56221	0.20217	0.01676	0.02113	0.01987	0.01533	0.02021	0.01338	0.01946	0.01033	0.00723	0.00740	0.00241	0.00964	0.00660	0.00339	0.00907
22	0.01384	0.00692	0.00692	0.00692	0.00865	0.00692	0.00519	0.01730	0.01557	0.02768	0.02422	0.02768	0.01903	0.00865	0.00519	0.00173	0.00346	0.00692	0.78031	0.00692
23	0.02773	0.03538	0.02104	0.01913	0.02295	0.70930	0.01434	0.02964	0.02104	0.01817	0.01148	0.01339	0.00956	0.00765	0.00669	0.00191	0.01339	0.00478	0.00383	0.00861
24	0.00904	0.00646	0.00861	0.01034	0.01077	0.00603	0.00689	0.01034	0.01421	0.01895	0.04092	0.73426	0.04910	0.02326	0.00948	0.00301	0.00431	0.02110	0.00689	0.00603
25	0.01402	0.01319	0.02227	0.72126	0.05113	0.01649	0.02062	0.01897	0.01484	0.01897	0.01319	0.01979	0.00990	0.00742	0.00742	0.00247	0.00990	0.00660	0.00330	0.00825
26	0.01384	0.00692	0.00692	0.00692	0.00865	0.00692	0.00519	0.01730	0.01557	0.02768	0.02422	0.02768	0.01903	0.00865	0.00519	0.00173	0.00346	0.00692	0.78031	0.00692
27	0.05326	0.06054	0.05223	0.02731	0.17556	0.04717	0.25779	0.02364	0.08594	0.02389	0.01879	0.10515	0.01674	0.00890	0.00784	0.00241	0.00942	0.00895	0.00450	0.00995

[dist]
# distance from previous block
# <min> <max>
0	5

[block]
# block no. 1 follows, 27 sequences, length 50
# corresponding to MSA columns:
# 178-227
name=unknown_B
#
# <colnr> <probs for GDERKNQSTAVLIFYWHMCP>
#	G	D	E	R	K	N	Q	S	T	A	V	L	I	F	Y	W	H	M	C	P
0	0.01061	0.00795	0.01193	0.01193	0.01326	0.00928	0.00928	0.01326	0.01193	0.01723	0.01988	0.02916	0.01856	0.05568	0.70968	0.01193	0.01988	0.00795	0.00398	0.00663
1	0.01384	0.00692	0.00692	0.00692	0.00865	0.00692	0.00519	0.01730	0.01557	0.02768	0.02422	0.02768	0.01903	0.00865	0.00519	0.00173	0.00346	0.00692	0.78031	0.00692
2	0.01196	0.00854	0.01196	0.01367	0.01538	0.00854	0.01196	0.01538	0.01709	0.02222	0.03931	0.08374	0.04272	0.02051	0.01025	0.00342	0.00684	0.64283	0.00684	0.00684
3	0.01539	0.01319	0.01539	0.01100	0.01759	0.00990	0.00880	0.01869	0.01539	0.02419	0.01319	0.01539	0.01100	0.00550	0.00550	0.00110	0.00550	0.00440	0.00440	0.78449
4	0.02769	0.01949	0.19884	0.04187	0.02366	0.01280	0.01566	0.03217	0.01953	0.49344	0.02445	0.02252	0.01568	0.00856	0.00735	0.00232	0.00769	0.00691	0.00736	0.01203
5	0.05058	0.09183	0.56535	0.02029	0.03020	0.04610	0.04937	0.02359	0.01578	0.02327	0.01294	0.01529	0.00943	0.00698	0.00681	0.00228	0.01066	0.00540	0.00325	0.01060
6	0.79154	0.01436	0.01091	0.00976	0.01436	0.01665	0.00804	0.02182	0.01263	0.03331	0.01034	0.01206	0.00804	0.00689	0.00459	0.00230	0.00574	0.00402	0.00459	0.00804
7	0.01051	0.00759	0.00992	0.00934	0.01109	0.00700	0.00700	0.01401	0.02101	0.02977	0.68888	0.05545	0.07005	0.01518	0.00876	0.00233	0.00350	0.01343	0.00817	0.00700
8	0.01810	0.01811	0.05165	0.02546	0.21729	0.04345	0.09167	0.05228	0.13664	0.02583	0.01669	0.01909	0.01325	0.00733	0.00774	0.00206	0.03723	0.00651	0.00469	0.20494
9	0.00904	0.00646	0.00861	0.01034	0.01077	0.00603	0.00689	0.01034	0.01421	0.01895	0.04092	0.73426	0.04910	0.02326	0.00948	0.00301	0.00431	0.02110	0.00689	0.00603
10	0.02095	0.01812	0.02384	0.01897	0.02433	0.01978	0.14670	0.20903	0.36632	0.03389	0.02369	0.02341	0.01756	0.00897	0.00777	0.00244	0.00787	0.00800	0.00674	0.01163
11	0.01806	0.01664	0.04414	0.02211	0.18988	0.04475	0.04309	0.02173	0.01623	0.06936	0.01424	0.01701	0.01149	0.00677	0.00776	0.00176	0.06097	0.00557	0.00436	0.38408
12	0.01970	0.01900	0.02700	0.15363	0.44075	0.08618	0.02058	0.09781	0.01906	0.02538	0.01404	0.01806	0.01133	0.00712	0.00731	0.00222	0.00938	0.00644	0.00406	0.01096
13	0.02157	0.13193	0.18107	0.01865	0.02574	0.06338	0.09336	0.21576	0.07284	0.05206	0.01611	0.01735	0.01198	0.00768	0.00700	0.00216	0.00927	0.00620	0.00511	0.04077
14	0.12768	0.08298	0.05178	0.02415	0.17067	0.19598	0.06645	0.04543	0.01698	0.02311	0.01207	0.01537	0.01009	0.00793	0.00927	0.00228	0.11870	0.00567	0.00385	0.00956
15	0.00896	0.00678	0.00829	0.00949	0.01055	0.00610	0.00652	0.01043	0.01503	0.01928	0.05120	0.53549	0.24123	0.02192	0.00927	0.00286	0.00414	0.01947	0.00689	0.00610
16	0.00917	0.00655	0.00876	0.01048	0.01097	0.00614	0.00711	0.01055	0.01434	0.01909	0.04085	0.70636	0.04883	0.02314	0.00951	0.00303	0.00442	0.04777	0.00689	0.00606
17	0.01976	0.01674	0.01945	0.06383	0.09370	0.01899	0.01388	0.13878	0.46130	0.03212	0.02538	0.02459	0.01905	0.00934	0.00750	0.00243	0.00682	0.00781	0.00685	0.01167
18	0.02139	0.01821	0.01763	0.01549	0.01981	0.10033	0.01208	0.10875	0.45357	0.07915	0.02691	0.05227	0.02067	0.01010	0.00751	0.00242	0.00700	0.00820	0.00719	0.01132
19	0.01924	0.53957	0.19889	0.01478	0.02223	0.02560	0.01620	0.02316	0.01550	0.04917	0.01189	0.01342	0.00989	0.00665	0.00544	0.00180	0.00860	0.00449	0.00343	0.01002
20	0.01489	0.03840	0.70064	0.02116	0.03213	0.01724	0.02743	0.02351	0.01567	0.02351	0.01332	0.01567	0.00940	0.00705	0.00705	0.00235	0.01097	0.00549	0.00313	0.01097
21	0.00951	0.00755	0.00856	0.00850	0.01064	0.00661	0.00642	0.01198	0.01822	0.02341	0.28087	0.09054	0.42871	0.01780	0.00886	0.00251	0.00382	0.04164	0.00733	0.00653
22	0.00949	0.00718	0.00857	0.00907	0.01063	0.00656	0.00653	0.01155	0.01619	0.02128	0.15143	0.28833	0.29735	0.02215	0.06273	0.00334	0.00513	0.01620	0.03993	0.00636
23	0.01534	0.01476	0.02613	0.25841	0.23566	0.01611	0.11865	0.01980	0.01524	0.02096	0.01479	0.02096	0.01222	0.01586	0.13443	0.00412	0.03647	0.00718	0.00360	0.00929
24	0.00900	0.00689	0.00827	0.00927	0.01051	0.00615	0.00644	0.01060	0.01546	0.01977	0.07869	0.46645	0.28317	0.02132	0.00919	0.00280	0.00408	0.01883	0.00694	0.00615
25	0.03255	0.01386	0.01798	0.01379	0.01956	0.01273	0.01139	0.13083	0.02329	0.60039	0.02757	0.02415	0.01751	0.00915	0.00746	0.00229	0.00659	0.00735	0.00892	0.01263
26	0.04316	0.09644	0.17940	0.30351	0.11097	0.07160	0.02041	0.05053	0.01658	0.02210	0.01299	0.01704	0.00999	0.00720	0.00691	0.00226	0.00987	0.00585	0.00356	0.00961
27	0.00912	0.00682	0.00847	0.00956	0.01062	0.00618	0.00660	0.01076	0.01551	0.02023	0.10987	0.50979	0.20664	0.02142	0.00924	0.00283	0.00410	0.01907	0.00701	0.00618
28	0.01080	0.00720	0.00810	0.00810	0.00810	0.00720	0.00450	0.01080	0.01080	0.01439	0.02339	0.04858	0.02699	0.73910	0.03779	0.00720	0.00720	0.01080	0.00450	0.00450
29	0.01154	0.00784	0.01011	0.00940	0.01141	0.00715	0.00710	0.01488	0.02072	0.06299	0.60916	0.05512	0.11407	0.01515	0.00869	0.00235	0.00366	0.01329	0.00813	0.00724
30	0.01933	0.10832	0.21640	0.12688	0.17170	0.09269	0.04805	0.02442	0.01693	0.08598	0.01449	0.01727	0.01094	0.00717	0.00698	0.00220	0.00989	0.00596	0.00396	0.01044
31	0.01582	0.02713	0.32829	0.04966	0.03489	0.01738	0.33108	0.02281	0.01645	0.02325	0.01553	0.05441	0.01233	0.00751	0.00800	0.00246	0.01133	0.00788	0.00363	0.01017
32	0.79154	0.01436	0.01091	0.00976	0.01436	0.01665	0.00804	0.02182	0.01263	0.03331	0.01034	0.01206	0.00804	0.00689	0.00459	0.00230	0.00574	0.00402	0.00459	0.00804
33	0.01020	0.00758	0.00949	0.00902	0.01090	0.00687	0.00676	0.01341	0.02028	0.02804	0.57941	0.05831	0.18059	0.01582	0.00876	0.00237	0.00355	0.01383	0.00794	0.00687
34	0.01857	0.02001	0.02256	0.39396	0.06541	0.20514	0.04559	0.02454	0.09159	0.02053	0.01475	0.01889	0.01138	0.00770	0.00729	0.00232	0.01046	0.00640	0.00396	0.00896
35	0.01837	0.01764	0.03013	0.04557	0.69279	0.01764	0.02278	0.02278	0.01690	0.02425	0.01396	0.01837	0.01176	0.00661	0.00735	0.00220	0.00882	0.00661	0.00367	0.01176
36	0.00877	0.00752	0.00752	0.00752	0.01003	0.00627	0.00564	0.01065	0.01692	0.02005	0.07520	0.07144	0.68978	0.01880	0.00877	0.00251	0.00376	0.01567	0.00689	0.00627
37	0.01402	0.01319	0.02227	0.72126	0.05113	0.01649	0.02062	0.01897	0.01484	0.01897	0.01319	0.01979	0.00990	0.00742	0.00742	0.00247	0.00990	0.00660	0.00330	0.00825
38	0.00904	0.00646	0.00861	0.01034	0.01077	0.00603	0.00689	0.01034	0.01421	0.01895	0.04092	0.73426	0.04910	0.02326	0.00948	0.00301	0.00431	0.02110	0.00689	0.00603
39	0.01846	0.01595	0.01679	0.01511	0.01930	0.01846	0.01175	0.03945	0.67938	0.03105	0.03022	0.02770	0.02266	0.01007	0.00755	0.00252	0.00588	0.00839	0.00755	0.01175
40	0.79154	0.01436	0.01091	0.00976	0.01436	0.01665	0.00804	0.02182	0.01263	0.03331	0.01034	0.01206	0.00804	0.00689	0.00459	0.00230	0.00574	0.00402	0.00459	0.00804
41	0.79154	0.01436	0.01091	0.00976	0.01436	0.01665	0.00804	0.02182	0.01263	0.03331	0.01034	0.01206	0.00804	0.00689	0.00459	0.00230	0.00574	0.00402	0.00459	0.00804
42	0.01489	0.03840	0.70064	0.02116	0.03213	0.01724	0.02743	0.02351	0.01567	0.02351	0.01332	0.01567	0.00940	0.00705	0.00705	0.00235	0.01097	0.00549	0.00313	0.01097
43	0.01539	0.01319	0.01539	0.01100	0.01759	0.00990	0.00880	0.01869	0.01539	0.02419	0.01319	0.01539	0.01100	0.00550	0.00550	0.00110	0.00550	0.00440	0.00440	0.78449
44	0.01846	0.01595	0.01679	0.01511	0.01930	0.01846	0.01175	0.03945	0.67938	0.03105	0.03022	0.02770	0.02266	0.01007	0.00755	0.00252	0.00588	0.00839	0.00755	0.01175
45	0.00986	0.00743	0.00911	0.00898	0.01077	0.00668	0.00663	0.01264	0.01905	0.02580	0.44235	0.14643	0.23275	0.01718	0.00885	0.00247	0.00367	0.01500	0.00767	0.00668
46	0.01420	0.01344	0.02230	0.66412	0.04855	0.01700	0.02026	0.01888	0.01456	0.01888	0.01291	0.01950	0.00988	0.00788	0.00880	0.00254	0.06817	0.00659	0.00329	0.00824
47	0.01752	0.01669	0.02799	0.17699	0.53663	0.01745	0.02186	0.02278	0.04608	0.02352	0.01454	0.01907	0.01188	0.00693	0.00737	0.00227	0.00890	0.00669	0.00377	0.01107
48	0.01985	0.74357	0.03890	0.01270	0.01905	0.02937	0.01270	0.02223	0.01508	0.01747	0.01032	0.01191	0.00953	0.00635	0.00476	0.00159	0.00794	0.00397	0.00318	0.00953
49	0.00891	0.00699	0.00807	0.00893	0.01040	0.00615	0.00627	0.01050	0.01557	0.01950	0.05806	0.40285	0.36944	0.02103	0.00912	0.00276	0.00403	0.01839	0.00689	0.00615

[dist]
# distance from previous block
# <min> <max>
5	14

[block]
# block no. 2 follows, 27 sequences, length 39
# corresponding to MSA columns:
# 242-280
name=unknown_C
#
# <colnr> <probs for GDERKNQSTAVLIFYWHMCP>
#	G	D	E	R	K	N	Q	S	T	A	V	L	I	F	Y	W	H	M	C	P
0	0.01558	0.03155	0.49370	0.02240	0.09256	0.01656	0.05105	0.02375	0.05124	0.02407	0.01434	0.01672	0.01060	0.00696	0.00700	0.00221	0.00993	0.00576	0.00359	0.10043
1	0.05183	0.02166	0.02330	0.02178	0.10031	0.19353	0.09456	0.09167	0.17766	0.02652	0.04476	0.02056	0.01589	0.00882	0.00889	0.00235	0.07355	0.00701	0.00520	0.01016
2	0.01002	0.00745	0.00932	0.00910	0.01085	0.00676	0.00673	0.01297	0.01950	0.02674	0.50135	0.13139	0.18694	0.01674	0.00884	0.00244	0.00364	0.01468	0.00779	0.00676
3	0.30317	0.01406	0.01521	0.01236	0.01743	0.01440	0.01011	0.11769	0.01969	0.33256	0.02152	0.05744	0.01551	0.00908	0.00654	0.00233	0.00626	0.00685	0.00717	0.01063
4	0.00988	0.00781	0.00911	0.00980	0.01191	0.00703	0.00789	0.01226	0.01682	0.02073	0.06081	0.11575	0.42895	0.01966	0.00932	0.00285	0.00485	0.23125	0.00687	0.00645
5	0.01846	0.01595	0.01679	0.01511	0.01930	0.01846	0.01175	0.03945	0.67938	0.03105	0.03022	0.02770	0.02266	0.01007	0.00755	0.00252	0.00588	0.00839	0.00755	0.01175
6	0.01846	0.01595	0.01679	0.01511	0.01930	0.01846	0.01175	0.03945	0.67938	0.03105	0.03022	0.02770	0.02266	0.01007	0.00755	0.00252	0.00588	0.00839	0.00755	0.01175
7	0.02773	0.03538	0.02104	0.01913	0.02295	0.70930	0.01434	0.02964	0.02104	0.01817	0.01148	0.01339	0.00956	0.00765	0.00669	0.00191	0.01339	0.00478	0.00383	0.00861
8	0.79154	0.01436	0.01091	0.00976	0.01436	0.01665	0.00804	0.02182	0.01263	0.03331	0.01034	0.01206	0.00804	0.00689	0.00459	0.00230	0.00574	0.00402	0.00459	0.00804
9	0.00919	0.00673	0.00864	0.00987	0.01072	0.00618	0.00675	0.01083	0.01538	0.02041	0.12447	0.57054	0.12953	0.02173	0.00930	0.00287	0.00414	0.01950	0.00705	0.00618
10	0.01485	0.01109	0.01309	0.01213	0.01501	0.01167	0.00948	0.02488	0.26802	0.06517	0.34315	0.04616	0.04683	0.01346	0.00838	0.00251	0.00487	0.07231	0.00786	0.00907
11	0.00904	0.00646	0.00861	0.01034	0.01077	0.00603	0.00689	0.01034	0.01421	0.01895	0.04092	0.73426	0.04910	0.02326	0.00948	0.00301	0.00431	0.02110	0.00689	0.00603
12	0.01867	0.01584	0.01678	0.01503	0.01917	0.01822	0.01169	0.07721	0.61115	0.03152	0.02990	0.05710	0.02316	0.01056	0.00763	0.00252	0.00595	0.00883	0.00752	0.01156
13	0.01463	0.01382	0.02338	0.62598	0.14161	0.01665	0.02092	0.01951	0.01513	0.01971	0.01330	0.01959	0.01016	0.00731	0.00741	0.00244	0.00974	0.00660	0.00335	0.00874
14	0.01614	0.01696	0.02980	0.02563	0.10352	0.06571	0.32844	0.02055	0.01718	0.02274	0.06223	0.13534	0.02316	0.01094	0.00919	0.00259	0.03317	0.06297	0.00474	0.00899
15	0.00904	0.00646	0.00861	0.01034	0.01077	0.00603	0.00689	0.01034	0.01421	0.01895	0.04092	0.73426	0.04910	0.02326	0.00948	0.00301	0.00431	0.02110	0.00689	0.00603
16	0.01357	0.00996	0.01226	0.01023	0.01401	0.00824	0.00787	0.01668	0.01805	0.06660	0.30144	0.10252	0.06739	0.01197	0.00748	0.00193	0.00453	0.01038	0.00660	0.30828
17	0.07470	0.01922	0.12473	0.01724	0.06838	0.01600	0.01468	0.20999	0.02215	0.19251	0.01867	0.01932	0.01330	0.01081	0.04942	0.00272	0.00843	0.00630	0.00616	0.10528
18	0.00947	0.00679	0.00921	0.01081	0.01144	0.00653	0.00760	0.01108	0.01435	0.01917	0.03921	0.61401	0.04619	0.02534	0.06072	0.00371	0.00571	0.08583	0.00667	0.00616
19	0.01672	0.01863	0.04012	0.02905	0.03585	0.01768	0.58997	0.02256	0.01688	0.02302	0.01558	0.02108	0.01211	0.01197	0.08975	0.00359	0.01337	0.00867	0.00378	0.00962
20	0.01479	0.01414	0.02374	0.51146	0.11651	0.01719	0.04729	0.01927	0.01468	0.01957	0.01319	0.01956	0.01045	0.00962	0.03401	0.00287	0.09293	0.00673	0.00338	0.00864
21	0.03331	0.01263	0.01723	0.01321	0.01895	0.01091	0.01091	0.03618	0.02125	0.69794	0.02929	0.02527	0.01838	0.00919	0.00747	0.00230	0.00632	0.00747	0.00919	0.01263
22	0.79154	0.01436	0.01091	0.00976	0.01436	0.01665	0.00804	0.02182	0.01263	0.03331	0.01034	0.01206	0.00804	0.00689	0.00459	0.00230	0.00574	0.00402	0.00459	0.00804
23	0.00904	0.00646	0.00861	0.01034	0.01077	0.00603	0.00689	0.01034	0.01421	0.01895	0.04092	0.73426	0.04910	0.02326	0.00948	0.00301	0.00431	0.02110	0.00689	0.00603
24	0.02126	0.62149	0.03609	0.01344	0.01972	0.02830	0.01294	0.13131	0.01843	0.02242	0.01159	0.01291	0.01005	0.00678	0.00521	0.00170	0.00798	0.00443	0.00389	0.01005
25	0.10375	0.01596	0.01699	0.01385	0.01852	0.07829	0.02965	0.18474	0.02289	0.23310	0.08373	0.05266	0.09237	0.01068	0.00745	0.00230	0.00697	0.00856	0.00721	0.01032
26	0.00916	0.00684	0.00852	0.00957	0.01063	0.00620	0.00662	0.01085	0.01565	0.02049	0.12570	0.50037	0.19984	0.02127	0.00923	0.00282	0.00409	0.01894	0.00704	0.00620
27	0.02773	0.03538	0.02104	0.01913	0.02295	0.70930	0.01434	0.02964	0.02104	0.01817	0.01148	0.01339	0.00956	0.00765	0.00669	0.00191	0.01339	0.00478	0.00383	0.00861
28	0.00898	0.00747	0.00784	0.00787	0.01018	0.00634	0.00586	0.01101	0.01723	0.02106	0.14079	0.10505	0.58752	0.01864	0.00881	0.00252	0.00376	0.01571	0.00703	0.00634
29	0.02822	0.02079	0.02228	0.01708	0.02302	0.02302	0.01411	0.66804	0.03490	0.04679	0.01782	0.01782	0.01262	0.00891	0.00743	0.00223	0.00817	0.00668	0.00743	0.01262
30	0.00904	0.00646	0.00861	0.01034	0.01077	0.00603	0.00689	0.01034	0.01421	0.01895	0.04092	0.73426	0.04910	0.02326	0.00948	0.00301	0.00431	0.02110	0.00689	0.00603
31	0.01985	0.74357	0.03890	0.01270	0.01905	0.02937	0.01270	0.02223	0.01508	0.01747	0.01032	0.01191	0.00953	0.00635	0.00476	0.00159	0.00794	0.00397	0.00318	0.00953
32	0.02105	0.01723	0.01824	0.01563	0.02029	0.01967	0.01238	0.20601	0.50861	0.03522	0.02693	0.02508	0.02000	0.00976	0.00752	0.00244	0.00648	0.00794	0.00752	0.01198
33	0.00904	0.00646	0.00861	0.01034	0.01077	0.00603	0.00689	0.01034	0.01421	0.01895	0.04092	0.73426	0.04910	0.02326	0.00948	0.00301	0.00431	0.02110	0.00689	0.00603
34	0.01747	0.01719	0.02741	0.22955	0.39672	0.05878	0.06791	0.02198	0.01657	0.02252	0.01411	0.01898	0.01138	0.00696	0.00734	0.00226	0.00944	0.00667	0.03649	0.01026
35	0.01813	0.01718	0.10200	0.06387	0.12466	0.01303	0.01440	0.04758	0.01702	0.09687	0.01524	0.01732	0.01170	0.00651	0.00638	0.00168	0.00715	0.00543	0.00470	0.40915
36	0.01944	0.12607	0.33690	0.02310	0.12439	0.08441	0.05884	0.02521	0.01700	0.09562	0.01467	0.01664	0.01086	0.00714	0.00690	0.00219	0.01007	0.00578	0.00398	0.01079
37	0.01779	0.01616	0.02584	0.50295	0.23179	0.01800	0.02179	0.02167	0.01695	0.02279	0.01594	0.02275	0.01288	0.00889	0.00845	0.00285	0.01029	0.00738	0.00431	0.01053
38	0.01341	0.00944	0.01142	0.01131	0.01205	0.00952	0.00745	0.01364	0.01289	0.01794	0.02425	0.04381	0.02573	0.46665	0.27659	0.00914	0.01252	0.01038	0.00517	0.00671

[dist]
# distance from previous block
# <min> <max>
0	20

[block]
# block no. 3 follows, 27 sequences, length 12
# corresponding to MSA columns:
# 301-312
name=unknown_D
#
# <colnr> <probs for GDERKNQSTAVLIFYWHMCP>
#	G	D	E	R	K	N	Q	S	T	A	V	L	I	F	Y	W	H	M	C	P
0	0.67489	0.01398	0.01106	0.01004	0.01438	0.01563	0.00808	0.02080	0.01375	0.03207	0.02005	0.02136	0.10173	0.00908	0.00555	0.00248	0.00576	0.00590	0.00519	0.00823
1	0.01288	0.00722	0.01011	0.01036	0.01057	0.00707	0.00689	0.01066	0.01117	0.01504	0.01940	0.14510	0.02088	0.07305	0.05296	0.56154	0.00694	0.00951	0.00425	0.00441
2	0.02110	0.04622	0.27814	0.01854	0.02605	0.05528	0.04185	0.17403	0.02130	0.07975	0.01729	0.02091	0.01335	0.00876	0.00794	0.00236	0.02936	0.03360	0.00525	0.09890
3	0.01570	0.01470	0.02382	0.54214	0.13347	0.01775	0.02060	0.01989	0.01523	0.02032	0.01374	0.02031	0.01094	0.00850	0.00967	0.00268	0.09092	0.00684	0.00364	0.00913
4	0.01192	0.00790	0.01038	0.00958	0.01158	0.00725	0.00725	0.01539	0.02103	0.07126	0.64792	0.05358	0.06684	0.01480	0.00868	0.00233	0.00368	0.01306	0.00824	0.00735
5	0.01115	0.00849	0.01142	0.01329	0.05043	0.00812	0.01013	0.01405	0.01709	0.02220	0.10729	0.14838	0.18560	0.01918	0.00954	0.00300	0.00567	0.34124	0.00681	0.00691
6	0.02780	0.07207	0.01838	0.01353	0.01861	0.01300	0.01144	0.06635	0.04794	0.46794	0.02881	0.03351	0.02153	0.01085	0.00771	0.00243	0.00662	0.11195	0.00815	0.01139
7	0.52055	0.01563	0.01433	0.01188	0.01693	0.01741	0.00980	0.17314	0.01886	0.11914	0.01443	0.01504	0.01039	0.00764	0.00561	0.00228	0.00638	0.00507	0.00582	0.00967
8	0.00928	0.00764	0.00822	0.00836	0.01072	0.00658	0.00647	0.01146	0.01727	0.02109	0.12112	0.07153	0.56613	0.01870	0.00894	0.00260	0.00409	0.08642	0.00699	0.00639
9	0.01985	0.74357	0.03890	0.01270	0.01905	0.02937	0.01270	0.02223	0.01508	0.01747	0.01032	0.01191	0.00953	0.00635	0.00476	0.00159	0.00794	0.00397	0.00318	0.00953
10	0.00902	0.00654	0.00853	0.01013	0.01071	0.00605	0.00680	0.01036	0.01442	0.01903	0.04349	0.68443	0.09726	0.02292	0.00942	0.00298	0.00427	0.02070	0.00689	0.00605
11	0.03331	0.01263	0.01723	0.01321	0.01895	0.01091	0.01091	0.03618	0.02125	0.69794	0.02929	0.02527	0.01838	0.00919	0.00747	0.00230	0.00632	0.00747	0.00919	0.01263

[dist]
# distance from previous block
# <min> <max>
0	9

[block]
# block no. 4 follows, 27 sequences, length 26
# corresponding to MSA columns:
# 322-347
name=unknown_E
#
# <colnr> <probs for GDERKNQSTAVLIFYWHMCP>
#	G	D	E	R	K	N	Q	S	T	A	V	L	I	F	Y	W	H	M	C	P
0	0.00968	0.00752	0.00881	0.00857	0.01061	0.00664	0.00639	0.01238	0.01894	0.02505	0.39233	0.08755	0.34466	0.01708	0.00879	0.00244	0.00365	0.01470	0.00756	0.00664
1	0.02773	0.03538	0.02104	0.01913	0.02295	0.70930	0.01434	0.02964	0.02104	0.01817	0.01148	0.01339	0.00956	0.00765	0.00669	0.00191	0.01339	0.00478	0.00383	0.00861
2	0.01391	0.00775	0.00805	0.00785	0.00979	0.00791	0.00592	0.01887	0.07262	0.02817	0.08917	0.03037	0.02428	0.00940	0.00574	0.00186	0.00367	0.00768	0.63966	0.00734
3	0.01051	0.00759	0.00992	0.00934	0.01109	0.00700	0.00700	0.01401	0.02101	0.02977	0.68888	0.05545	0.07005	0.01518	0.00876	0.00233	0.00350	0.01343	0.00817	0.00700
4	0.01153	0.00785	0.00981	0.00995	0.01168	0.00728	0.00721	0.01464	0.04758	0.06857	0.25828	0.32128	0.15954	0.01832	0.00890	0.00264	0.00416	0.01619	0.00750	0.00709
5	0.01162	0.00843	0.01149	0.01301	0.01481	0.00830	0.01128	0.01487	0.01707	0.02198	0.04316	0.08242	0.11220	0.02032	0.01009	0.00332	0.00651	0.57549	0.00684	0.00677
6	0.01647	0.01614	0.02529	0.41788	0.30184	0.05422	0.02113	0.02104	0.01599	0.02100	0.01340	0.01889	0.01061	0.00712	0.00735	0.00234	0.00966	0.00651	0.00347	0.00965
7	0.47414	0.09309	0.01687	0.01301	0.01753	0.23655	0.01049	0.02433	0.01553	0.02696	0.01069	0.01246	0.00867	0.00708	0.00527	0.00211	0.00837	0.00426	0.00421	0.00837
8	0.01151	0.00798	0.00957	0.03632	0.01100	0.00822	0.00616	0.03247	0.01256	0.01684	0.05370	0.04764	0.02822	0.58335	0.06690	0.00668	0.00779	0.04305	0.00481	0.00524
9	0.02773	0.03538	0.02104	0.01913	0.02295	0.70930	0.01434	0.02964	0.02104	0.01817	0.01148	0.01339	0.00956	0.00765	0.00669	0.00191	0.01339	0.00478	0.00383	0.00861
10	0.01812	0.49730	0.27000	0.01566	0.02362	0.02514	0.01785	0.02268	0.01529	0.01958	0.01137	0.01322	0.00948	0.00660	0.00556	0.00185	0.00900	0.00450	0.00316	0.01003
11	0.02038	0.69548	0.03769	0.01314	0.01932	0.07554	0.01281	0.02273	0.01549	0.01751	0.01040	0.01201	0.00953	0.00644	0.00489	0.00161	0.00831	0.00402	0.00322	0.00946
12	0.01489	0.03840	0.70064	0.02116	0.03213	0.01724	0.02743	0.02351	0.01567	0.02351	0.01332	0.01567	0.00940	0.00705	0.00705	0.00235	0.01097	0.00549	0.00313	0.01097
13	0.00906	0.00721	0.00813	0.00857	0.01037	0.00628	0.00618	0.01096	0.01660	0.02089	0.13830	0.26653	0.42535	0.01969	0.00898	0.00264	0.00389	0.01702	0.00705	0.00628
14	0.01221	0.00790	0.00867	0.00853	0.01051	0.00773	0.00636	0.01671	0.07283	0.02642	0.18551	0.09670	0.15073	0.01316	0.00716	0.00217	0.00379	0.01116	0.34458	0.00716
15	0.02005	0.66902	0.07147	0.01337	0.01993	0.02842	0.01352	0.05704	0.01618	0.01935	0.01088	0.01242	0.00969	0.00652	0.00502	0.00166	0.00810	0.00419	0.00340	0.00977
16	0.01080	0.00720	0.00810	0.00810	0.00810	0.00720	0.00450	0.01080	0.01080	0.01439	0.02339	0.04858	0.02699	0.73910	0.03779	0.00720	0.00720	0.01080	0.00450	0.00450
17	0.01031	0.00758	0.00965	0.00913	0.01097	0.00692	0.00685	0.01363	0.02055	0.02867	0.61954	0.05726	0.14007	0.01559	0.00876	0.00235	0.00353	0.01368	0.00803	0.00692
18	0.06763	0.12175	0.30009	0.09817	0.07407	0.13672	0.02020	0.02453	0.04987	0.02237	0.01331	0.01582	0.01024	0.00722	0.00663	0.00219	0.01014	0.00542	0.00363	0.00999
19	0.01018	0.00689	0.00872	0.00966	0.00999	0.00669	0.00630	0.01083	0.01279	0.01702	0.03217	0.37606	0.03770	0.29960	0.02176	0.05680	0.00574	0.06007	0.00572	0.00531
20	0.01846	0.01595	0.01679	0.01511	0.01930	0.01846	0.01175	0.03945	0.67938	0.03105	0.03022	0.02770	0.02266	0.01007	0.00755	0.00252	0.00588	0.00839	0.00755	0.01175
21	0.01632	0.02020	0.15591	0.25544	0.36266	0.01720	0.02298	0.02171	0.01601	0.02243	0.01360	0.01831	0.01072	0.00695	0.00732	0.00232	0.00957	0.00639	0.00345	0.01049
22	0.02107	0.48236	0.08737	0.01473	0.02086	0.12532	0.01415	0.08826	0.01787	0.02101	0.01186	0.01369	0.01018	0.00877	0.03280	0.00216	0.00946	0.00464	0.00373	0.00971
23	0.01526	0.01446	0.02450	0.52951	0.23322	0.01682	0.02123	0.02005	0.01543	0.02047	0.01341	0.01939	0.01042	0.00719	0.00740	0.00240	0.00959	0.00660	0.00341	0.00924
24	0.02114	0.05136	0.01962	0.04221	0.09642	0.18482	0.01258	0.04768	0.01828	0.10129	0.01643	0.05077	0.01360	0.00775	0.00652	0.00179	0.00816	0.00611	0.02963	0.26386
25	0.03876	0.00901	0.00959	0.00953	0.01156	0.04016	0.00713	0.01346	0.01824	0.02428	0.30947	0.14992	0.26987	0.01707	0.00868	0.00251	0.00439	0.04246	0.00718	0.00673

[dist]
# distance from previous block
# <min> <max>
0	1

[block]
# block no. 5 follows, 27 sequences, length 17
# corresponding to MSA columns:
# 349,406-421
name=unknown_F
#
# <colnr> <probs for GDERKNQSTAVLIFYWHMCP>
#	G	D	E	R	K	N	Q	S	T	A	V	L	I	F	Y	W	H	M	C	P
0	0.01918	0.64867	0.12796	0.01384	0.02081	0.02774	0.01468	0.02240	0.01516	0.01828	0.01072	0.01242	0.00951	0.00645	0.00507	0.00169	0.00835	0.00417	0.00317	0.00972
1	0.00989	0.00751	0.00910	0.00882	0.01074	0.00672	0.00657	0.01277	0.01938	0.02617	0.46311	0.09561	0.26307	0.01673	0.00880	0.00242	0.00362	0.01453	0.00771	0.00672
2	0.01402	0.01319	0.02227	0.72126	0.05113	0.01649	0.02062	0.01897	0.01484	0.01897	0.01319	0.01979	0.00990	0.00742	0.00742	0.00247	0.00990	0.00660	0.00330	0.00825
3	0.01080	0.00720	0.00810	0.00810	0.00810	0.00720	0.00450	0.01080	0.01080	0.01439	0.02339	0.04858	0.02699	0.73910	0.03779	0.00720	0.00720	0.01080	0.00450	0.00450
4	0.00877	0.00752	0.00752	0.00752	0.01003	0.00627	0.00564	0.01065	0.01692	0.02005	0.07520	0.07144	0.68978	0.01880	0.00877	0.00251	0.00376	0.01567	0.00689	0.00627
5	0.01489	0.03840	0.70064	0.02116	0.03213	0.01724	0.02743	0.02351	0.01567	0.02351	0.01332	0.01567	0.00940	0.00705	0.00705	0.00235	0.01097	0.00549	0.00313	0.01097
6	0.01064	0.00782	0.01124	0.01124	0.01233	0.00891	0.00842	0.01281	0.01173	0.01672	0.02051	0.03265	0.02007	0.17853	0.58890	0.01108	0.01760	0.00846	0.00407	0.00625
7	0.01196	0.00854	0.01196	0.01367	0.01538	0.00854	0.01196	0.01538	0.01709	0.02222	0.03931	0.08374	0.04272	0.02051	0.01025	0.00342	0.00684	0.64283	0.00684	0.00684
8	0.01539	0.01319	0.01539	0.01100	0.01759	0.00990	0.00880	0.01869	0.01539	0.02419	0.01319	0.01539	0.01100	0.00550	0.00550	0.00110	0.00550	0.00440	0.00440	0.78449
9	0.01080	0.00720	0.00810	0.00810	0.00810	0.00720	0.00450	0.01080	0.01080	0.01439	0.02339	0.04858	0.02699	0.73910	0.03779	0.00720	0.00720	0.01080	0.00450	0.00450
10	0.12568	0.07420	0.02234	0.01656	0.02185	0.02032	0.08198	0.25291	0.21713	0.03469	0.02038	0.02220	0.01570	0.00893	0.00712	0.00235	0.00756	0.03074	0.00634	0.01101
11	0.79154	0.01436	0.01091	0.00976	0.01436	0.01665	0.00804	0.02182	0.01263	0.03331	0.01034	0.01206	0.00804	0.00689	0.00459	0.00230	0.00574	0.00402	0.00459	0.00804
12	0.02773	0.03538	0.02104	0.01913	0.02295	0.70930	0.01434	0.02964	0.02104	0.01817	0.01148	0.01339	0.00956	0.00765	0.00669	0.00191	0.01339	0.00478	0.00383	0.00861
13	0.07025	0.06705	0.11196	0.17128	0.36690	0.01811	0.04617	0.02205	0.01595	0.02327	0.01328	0.01752	0.01067	0.00682	0.00702	0.00225	0.00917	0.00620	0.00357	0.01049
14	0.01289	0.00645	0.00967	0.00967	0.00967	0.00645	0.00645	0.00967	0.00967	0.01289	0.01289	0.02257	0.01289	0.02579	0.02901	0.78401	0.00645	0.00645	0.00322	0.00322
15	0.12193	0.11831	0.16960	0.02078	0.07357	0.07858	0.12242	0.02317	0.04475	0.02320	0.01535	0.01811	0.03614	0.00812	0.00884	0.00234	0.09499	0.00628	0.00389	0.00960
16	0.05076	0.09635	0.14108	0.01638	0.05072	0.01765	0.01444	0.02940	0.33605	0.02686	0.04930	0.05288	0.04486	0.01017	0.00728	0.00241	0.00695	0.03005	0.00594	0.01047

[dist]
# distance from previous block
# <min> <max>
0	1

[block]
# block no. 6 follows, 27 sequences, length 73
# corresponding to MSA columns:
# 423-495
name=unknown_G
#
# <colnr> <probs for GDERKNQSTAVLIFYWHMCP>
#	G	D	E	R	K	N	Q	S	T	A	V	L	I	F	Y	W	H	M	C	P
0	0.07471	0.13918	0.25706	0.02243	0.11942	0.13568	0.05724	0.06870	0.01788	0.02411	0.01284	0.01523	0.01001	0.00705	0.00663	0.00214	0.01013	0.00546	0.00377	0.01031
1	0.01717	0.01737	0.05480	0.21060	0.50895	0.01734	0.02244	0.02187	0.01635	0.02293	0.01375	0.01861	0.01121	0.00683	0.00736	0.00228	0.00917	0.00657	0.00356	0.01086
2	0.01073	0.00764	0.01044	0.01208	0.01320	0.00747	0.00958	0.01314	0.01565	0.02056	0.03929	0.34671	0.04465	0.05205	0.01110	0.00341	0.00582	0.36331	0.00676	0.00641
3	0.01013	0.00746	0.00939	0.00929	0.01092	0.00684	0.00686	0.01295	0.01895	0.02597	0.46042	0.14098	0.16066	0.04943	0.01021	0.00270	0.00393	0.03866	0.00760	0.00665
4	0.02389	0.01823	0.01996	0.01503	0.02119	0.01859	0.01232	0.44891	0.02832	0.03916	0.01626	0.01700	0.01208	0.00776	0.00678	0.00185	0.00727	0.00591	0.00640	0.27310
5	0.01113	0.01058	0.07823	0.01086	0.01246	0.00899	0.00861	0.01300	0.01171	0.01639	0.02105	0.03787	0.02201	0.40437	0.29247	0.00853	0.01244	0.00918	0.00416	0.00596
6	0.01979	0.06409	0.02646	0.14475	0.27809	0.06191	0.03701	0.13080	0.06515	0.02633	0.01495	0.01834	0.01192	0.00786	0.00844	0.00230	0.06015	0.00652	0.00445	0.01068
7	0.01930	0.25607	0.34408	0.01797	0.02633	0.05219	0.04359	0.07098	0.01756	0.06741	0.01374	0.01533	0.01034	0.00711	0.00643	0.00208	0.00968	0.00532	0.00391	0.01061
8	0.01638	0.01079	0.01355	0.01348	0.01640	0.01098	0.01133	0.04273	0.14117	0.11824	0.03850	0.06215	0.08782	0.01650	0.00916	0.00298	0.00637	0.36548	0.00732	0.00869
9	0.01131	0.00937	0.01358	0.01800	0.17043	0.00888	0.01040	0.01364	0.01593	0.02135	0.09851	0.38758	0.15671	0.01784	0.00879	0.00267	0.00519	0.01605	0.00625	0.00750
10	0.02171	0.07193	0.17792	0.06424	0.12497	0.05989	0.09450	0.16705	0.02115	0.10177	0.01604	0.01795	0.01170	0.00755	0.00727	0.00224	0.00959	0.00644	0.00495	0.01113
11	0.01498	0.01131	0.01365	0.01485	0.09285	0.03596	0.01003	0.04233	0.06494	0.09115	0.15544	0.11150	0.23618	0.01494	0.00843	0.00250	0.00550	0.05815	0.00691	0.00839
12	0.01124	0.00788	0.00864	0.00848	0.01102	0.00669	0.00634	0.01314	0.01697	0.08711	0.06586	0.15956	0.53362	0.01847	0.00874	0.00256	0.00409	0.01561	0.00712	0.00687
13	0.01559	0.01489	0.02494	0.31625	0.29633	0.01614	0.05792	0.02075	0.04299	0.02192	0.02044	0.02469	0.07863	0.00827	0.00761	0.00238	0.00886	0.00770	0.00400	0.00967
14	0.01810	0.05121	0.30947	0.02208	0.10931	0.03721	0.07392	0.04914	0.05597	0.08907	0.01859	0.07420	0.01504	0.00869	0.00735	0.00234	0.00917	0.00749	0.03103	0.01061
15	0.01607	0.01659	0.06420	0.26678	0.27762	0.01704	0.03901	0.02205	0.06928	0.02284	0.05443	0.02153	0.01515	0.00811	0.00864	0.00242	0.05707	0.00714	0.00407	0.00994
16	0.01169	0.00773	0.01133	0.01119	0.01188	0.00872	0.00824	0.01201	0.01102	0.01551	0.01718	0.02762	0.01675	0.09216	0.38748	0.28704	0.04586	0.00755	0.00371	0.00533
17	0.09381	0.01422	0.01541	0.01140	0.01766	0.03285	0.00914	0.04028	0.01613	0.05138	0.01362	0.01545	0.01099	0.00595	0.00558	0.00132	0.00588	0.00456	0.00468	0.62967
18	0.01911	0.46740	0.20158	0.01520	0.02245	0.04305	0.01630	0.02456	0.06916	0.04067	0.01328	0.01457	0.01082	0.00695	0.00569	0.00188	0.00863	0.00483	0.00372	0.01014
19	0.01011	0.00704	0.00847	0.00918	0.00960	0.00680	0.00586	0.01089	0.01278	0.01685	0.03399	0.29613	0.07967	0.39478	0.02419	0.00518	0.00592	0.05163	0.00564	0.00530
20	0.03799	0.01716	0.14047	0.06212	0.06242	0.01383	0.08282	0.02204	0.09090	0.08317	0.04809	0.05517	0.08497	0.05359	0.08814	0.00377	0.03011	0.00887	0.00518	0.00921
21	0.02268	0.01402	0.01974	0.16996	0.04871	0.01375	0.04263	0.05395	0.08458	0.27146	0.02108	0.02160	0.01473	0.00794	0.00713	0.00213	0.00733	0.00676	0.00630	0.16353
22	0.00933	0.00667	0.00890	0.01037	0.01100	0.00624	0.00712	0.01096	0.01509	0.02029	0.11267	0.63148	0.05115	0.02225	0.00943	0.00296	0.00432	0.04657	0.00703	0.00617
23	0.01634	0.04721	0.12657	0.03496	0.04285	0.01266	0.03789	0.02062	0.01577	0.05037	0.01383	0.01608	0.01098	0.00604	0.00603	0.00149	0.00699	0.00497	0.00426	0.52407
24	0.11058	0.08384	0.02069	0.01680	0.02117	0.51232	0.01297	0.02714	0.01910	0.02039	0.01143	0.01333	0.00953	0.00726	0.00620	0.00185	0.01135	0.00460	0.00392	0.08554
25	0.42216	0.05541	0.06287	0.04273	0.09828	0.01819	0.03413	0.07201	0.08147	0.03072	0.01374	0.01555	0.01061	0.00731	0.00583	0.00228	0.00713	0.00530	0.00475	0.00953
26	0.01517	0.01309	0.01654	0.01486	0.09189	0.01057	0.01031	0.01847	0.01529	0.02354	0.01478	0.04413	0.01303	0.00960	0.05212	0.00201	0.00677	0.00552	0.00439	0.61796
27	0.02640	0.03131	0.01974	0.01774	0.02154	0.58110	0.01342	0.08289	0.02168	0.02155	0.01328	0.01518	0.01076	0.00786	0.00661	0.00192	0.01196	0.00516	0.08112	0.00878
28	0.01961	0.64182	0.03658	0.08313	0.02239	0.02784	0.01354	0.04812	0.01586	0.01881	0.01091	0.01293	0.00969	0.00656	0.00514	0.00170	0.00814	0.00434	0.00336	0.00953
29	0.01846	0.01595	0.01679	0.01511	0.01930	0.01846	0.01175	0.03945	0.67938	0.03105	0.03022	0.02770	0.02266	0.01007	0.00755	0.00252	0.00588	0.00839	0.00755	0.01175
30	0.02949	0.01876	0.02102	0.01611	0.02201	0.02000	0.01331	0.51030	0.03149	0.20934	0.02069	0.01968	0.01406	0.00898	0.00744	0.00225	0.00771	0.00688	0.00787	0.01263
31	0.01838	0.01747	0.02881	0.04255	0.62602	0.01772	0.02169	0.02444	0.08258	0.02493	0.01558	0.01930	0.01284	0.00696	0.00737	0.00224	0.00853	0.00679	0.00406	0.01176
32	0.06221	0.01189	0.01549	0.01250	0.01723	0.01076	0.01009	0.05727	0.02072	0.49915	0.10221	0.09800	0.02644	0.01113	0.00768	0.00237	0.00586	0.00929	0.00857	0.01115
33	0.01119	0.00747	0.01077	0.01077	0.01156	0.00826	0.00782	0.01199	0.01120	0.01573	0.01876	0.03069	0.01855	0.15843	0.43687	0.19797	0.01459	0.00805	0.00388	0.00546
34	0.04237	0.01618	0.02669	0.11139	0.25357	0.01797	0.10608	0.02193	0.01537	0.08026	0.01450	0.01970	0.01196	0.03451	0.01287	0.00273	0.19096	0.00702	0.00407	0.00989
35	0.01018	0.00758	0.00947	0.00899	0.01089	0.00686	0.00674	0.01337	0.02023	0.02792	0.57204	0.05850	0.18804	0.01587	0.00876	0.00237	0.00355	0.01385	0.00793	0.00686
36	0.01539	0.01319	0.01539	0.01100	0.01759	0.00990	0.00880	0.01869	0.01539	0.02419	0.01319	0.01539	0.01100	0.00550	0.00550	0.00110	0.00550	0.00440	0.00440	0.78449
37	0.61555	0.06964	0.05061	0.01225	0.03612	0.01810	0.01036	0.04382	0.01381	0.03123	0.01083	0.01278	0.00855	0.00715	0.00567	0.00228	0.03388	0.00436	0.00443	0.00857
38	0.01083	0.00778	0.00980	0.00968	0.01022	0.00837	0.00647	0.01181	0.01149	0.01570	0.02452	0.04258	0.05856	0.46309	0.24335	0.00827	0.03767	0.01001	0.00442	0.00538
39	0.05830	0.01746	0.08937	0.09436	0.22076	0.01624	0.03713	0.06256	0.14627	0.05442	0.08205	0.05015	0.02042	0.00907	0.00749	0.00237	0.00772	0.00799	0.00537	0.01051
40	0.79154	0.01436	0.01091	0.00976	0.01436	0.01665	0.00804	0.02182	0.01263	0.03331	0.01034	0.01206	0.00804	0.00689	0.00459	0.00230	0.00574	0.00402	0.00459	0.00804
41	0.01776	0.02002	0.03968	0.09989	0.07732	0.05476	0.53015	0.02355	0.01741	0.02304	0.01459	0.01956	0.01107	0.00647	0.00844	0.00245	0.01209	0.00821	0.00371	0.00987
42	0.00999	0.00750	0.00913	0.00897	0.01073	0.00679	0.00663	0.01269	0.01871	0.02524	0.41783	0.10687	0.23508	0.05909	0.01055	0.00274	0.00394	0.03345	0.00748	0.00658
43	0.79154	0.01436	0.01091	0.00976	0.01436	0.01665	0.00804	0.02182	0.01263	0.03331	0.01034	0.01206	0.00804	0.00689	0.00459	0.00230	0.00574	0.00402	0.00459	0.00804
44	0.01080	0.00720	0.00810	0.00810	0.00810	0.00720	0.00450	0.01080	0.01080	0.01439	0.02339	0.04858	0.02699	0.73910	0.03779	0.00720	0.00720	0.01080	0.00450	0.00450
45	0.00877	0.00752	0.00752	0.00752	0.01003	0.00627	0.00564	0.01065	0.01692	0.02005	0.07520	0.07144	0.68978	0.01880	0.00877	0.00251	0.00376	0.01567	0.00689	0.00627
46	0.01982	0.01662	0.01755	0.01538	0.01982	0.01910	0.01208	0.12670	0.58992	0.03324	0.02850	0.02633	0.02127	0.00991	0.00754	0.00248	0.00619	0.00816	0.00754	0.01187
47	0.02822	0.02079	0.02228	0.01708	0.02302	0.02302	0.01411	0.66804	0.03490	0.04679	0.01782	0.01782	0.01262	0.00891	0.00743	0.00223	0.00817	0.00668	0.00743	0.01262
48	0.01196	0.00854	0.01196	0.01367	0.01538	0.00854	0.01196	0.01538	0.01709	0.02222	0.03931	0.08374	0.04272	0.02051	0.01025	0.00342	0.00684	0.64283	0.00684	0.00684
49	0.02252	0.01796	0.01907	0.01593	0.02085	0.02036	0.01273	0.30089	0.41133	0.03760	0.02506	0.02359	0.01849	0.00959	0.00750	0.00240	0.00683	0.00768	0.00750	0.01211
50	0.01591	0.06067	0.56706	0.02354	0.09709	0.04024	0.04695	0.02360	0.01601	0.02320	0.01328	0.01588	0.00971	0.00698	0.00705	0.00230	0.01078	0.00563	0.00323	0.01089
51	0.01720	0.01768	0.02186	0.01861	0.01962	0.08379	0.01533	0.01902	0.01265	0.01852	0.01024	0.01590	0.00985	0.01177	0.02089	0.00291	0.58948	0.00613	0.00341	0.08514
52	0.01080	0.00720	0.00810	0.00810	0.00810	0.00720	0.00450	0.01080	0.01080	0.01439	0.02339	0.04858	0.02699	0.73910	0.03779	0.00720	0.00720	0.01080	0.00450	0.00450
53	0.01384	0.00692	0.00692	0.00692	0.00865	0.00692	0.00519	0.01730	0.01557	0.02768	0.02422	0.02768	0.01903	0.00865	0.00519	0.00173	0.00346	0.00692	0.78031	0.00692
54	0.52722	0.04007	0.01493	0.01211	0.01665	0.04284	0.00999	0.14467	0.01717	0.03347	0.01216	0.01408	0.00952	0.00954	0.03473	0.00268	0.03944	0.00482	0.00497	0.00893
55	0.14061	0.01859	0.01917	0.01548	0.02077	0.02090	0.01259	0.41032	0.19607	0.04074	0.01986	0.01948	0.01450	0.00890	0.00703	0.00231	0.00722	0.00672	0.00703	0.01171
56	0.01384	0.00692	0.00692	0.00692	0.00865	0.00692	0.00519	0.01730	0.01557	0.02768	0.02422	0.02768	0.01903	0.00865	0.00519	0.00173	0.00346	0.00692	0.78031	0.00692
57	0.02773	0.03538	0.02104	0.01913	0.02295	0.70930	0.01434	0.02964	0.02104	0.01817	0.01148	0.01339	0.00956	0.00765	0.00669	0.00191	0.01339	0.00478	0.00383	0.00861
58	0.01402	0.01319	0.02227	0.72126	0.05113	0.01649	0.02062	0.01897	0.01484	0.01897	0.01319	0.01979	0.00990	0.00742	0.00742	0.00247	0.00990	0.00660	0.00330	0.00825
59	0.00904	0.00646	0.00861	0.01034	0.01077	0.00603	0.00689	0.01034	0.01421	0.01895	0.04092	0.73426	0.04910	0.02326	0.00948	0.00301	0.00431	0.02110	0.00689	0.00603
60	0.01402	0.01319	0.02227	0.72126	0.05113	0.01649	0.02062	0.01897	0.01484	0.01897	0.01319	0.01979	0.00990	0.00742	0.00742	0.00247	0.00990	0.00660	0.00330	0.00825
61	0.00888	0.00710	0.00795	0.00863	0.01032	0.00617	0.00613	0.01053	0.01586	0.01962	0.06175	0.33154	0.43837	0.02055	0.00905	0.00271	0.00397	0.01780	0.00689	0.00617
