[name]
unknown

[dist]
# distance from previous block
# <min> <max>
0	67

[block]
# block no. 0 follows, 31 sequences, length 9
# corresponding to MSA columns:
# 71-79
name=unknown_A
#
# <colnr> <probs for GDERKNQSTAVLIFYWHMCP>
#	G	D	E	R	K	N	Q	S	T	A	V	L	I	F	Y	W	H	M	C	P
0	0.00937	0.00722	0.01061	0.03715	0.04191	0.00695	0.03192	0.01119	0.01383	0.01854	0.07054	0.59231	0.04197	0.01918	0.00857	0.00270	0.00470	0.05919	0.00607	0.00607
1	0.17328	0.01845	0.01943	0.04820	0.08339	0.17995	0.08549	0.09749	0.01640	0.02318	0.01288	0.01792	0.01115	0.08767	0.02960	0.00283	0.07462	0.00589	0.00403	0.00816
2	0.01612	0.01563	0.02665	0.07007	0.39349	0.01663	0.12022	0.04747	0.01529	0.02164	0.01409	0.06397	0.01261	0.00808	0.00959	0.00229	0.12568	0.00723	0.00365	0.00959
3	0.01097	0.00762	0.00936	0.00962	0.01078	0.00766	0.00678	0.07948	0.01524	0.02119	0.10186	0.39699	0.03672	0.11154	0.06578	0.00362	0.00559	0.01408	0.07894	0.00620
4	0.01753	0.02289	0.21819	0.03156	0.41197	0.06383	0.02086	0.08919	0.01718	0.02388	0.01291	0.01589	0.01019	0.00648	0.00667	0.00205	0.00889	0.00570	0.00361	0.01053
5	0.02044	0.23087	0.02731	0.01913	0.09151	0.17578	0.10914	0.08681	0.10638	0.04809	0.01434	0.01576	0.01134	0.00688	0.00619	0.00189	0.00881	0.00557	0.00427	0.00950
6	0.01318	0.01170	0.01880	0.16348	0.29883	0.01213	0.01529	0.01670	0.01537	0.02094	0.09208	0.10886	0.05814	0.01119	0.00761	0.00236	0.00688	0.11356	0.00465	0.00827
7	0.11736	0.05232	0.05799	0.01511	0.08018	0.01320	0.04100	0.09332	0.01441	0.02189	0.01576	0.02256	0.01418	0.10041	0.30401	0.00614	0.01191	0.00658	0.00403	0.00767
8	0.32703	0.01717	0.13305	0.01211	0.01636	0.07916	0.01107	0.05805	0.01447	0.02482	0.01880	0.17293	0.03968	0.01182	0.03359	0.00257	0.00705	0.00799	0.00459	0.00767

[dist]
# distance from previous block
# <min> <max>
7	32

[block]
# block no. 1 follows, 31 sequences, length 39
# corresponding to MSA columns:
# 122-160
name=unknown_B
#
# <colnr> <probs for GDERKNQSTAVLIFYWHMCP>
#	G	D	E	R	K	N	Q	S	T	A	V	L	I	F	Y	W	H	M	C	P
0	0.03819	0.02269	0.36355	0.01590	0.04394	0.03258	0.03325	0.01777	0.01524	0.02172	0.11889	0.06783	0.13588	0.01028	0.00757	0.00223	0.03121	0.00847	0.00438	0.00841
1	0.01136	0.01030	0.04906	0.01013	0.01228	0.05153	0.00800	0.03412	0.01688	0.04439	0.27069	0.27593	0.14771	0.01573	0.00801	0.00235	0.00466	0.01373	0.00648	0.00667
2	0.02019	0.23962	0.02386	0.01621	0.07322	0.16183	0.01249	0.12181	0.17159	0.02377	0.01523	0.01593	0.01214	0.00716	0.00590	0.00181	0.00784	0.00529	0.00461	0.05950
3	0.01616	0.04118	0.24320	0.01624	0.02322	0.01413	0.10388	0.10303	0.01739	0.05340	0.07231	0.01849	0.01469	0.00691	0.00644	0.00183	0.00775	0.00596	0.00439	0.22941
4	0.01557	0.02445	0.35898	0.02232	0.13322	0.01496	0.11146	0.04229	0.03866	0.06406	0.09135	0.02035	0.01636	0.00742	0.00698	0.00216	0.00876	0.00666	0.00413	0.00986
5	0.01071	0.00794	0.00858	0.00862	0.00914	0.03083	0.00541	0.01232	0.05229	0.01576	0.06266	0.12196	0.02901	0.54578	0.02712	0.00544	0.00625	0.03039	0.00479	0.00501
6	0.01715	0.42748	0.29760	0.01500	0.02245	0.02234	0.01699	0.07339	0.01553	0.02033	0.01111	0.01272	0.00896	0.00628	0.00539	0.00178	0.00840	0.00439	0.00322	0.00951
7	0.01719	0.01742	0.04696	0.12212	0.43544	0.05988	0.11473	0.02191	0.03518	0.04305	0.01362	0.01740	0.01085	0.00637	0.00693	0.00210	0.00890	0.00631	0.00361	0.01004
8	0.01646	0.26750	0.31577	0.01872	0.02644	0.04371	0.15746	0.04153	0.01531	0.02039	0.01177	0.01413	0.00915	0.00621	0.00614	0.00195	0.00949	0.00524	0.00316	0.00947
9	0.00995	0.00663	0.00746	0.00746	0.00746	0.00663	0.00415	0.00995	0.00995	0.01327	0.02156	0.04477	0.02487	0.75957	0.03482	0.00663	0.00663	0.00995	0.00415	0.00415
10	0.00951	0.00666	0.00855	0.00894	0.00937	0.00690	0.00589	0.01047	0.01100	0.01500	0.02455	0.21072	0.02763	0.38609	0.22150	0.00691	0.00923	0.01151	0.00454	0.00503
11	0.01596	0.01668	0.07945	0.14004	0.47698	0.01587	0.01997	0.04184	0.01560	0.02195	0.01414	0.02054	0.01213	0.00728	0.00743	0.00218	0.03178	0.04667	0.00357	0.00995
12	0.01773	0.01381	0.01502	0.01334	0.01717	0.01554	0.01042	0.03425	0.58693	0.09353	0.08114	0.02731	0.02391	0.00957	0.00704	0.00229	0.00528	0.00802	0.00715	0.01056
13	0.00832	0.00603	0.00786	0.00932	0.00987	0.00557	0.00626	0.00955	0.01329	0.01754	0.04017	0.70143	0.09733	0.02111	0.00868	0.00274	0.00393	0.01906	0.00635	0.00557
14	0.02912	0.01417	0.01744	0.01337	0.01873	0.01381	0.01105	0.25559	0.02381	0.49340	0.02344	0.02098	0.01515	0.00838	0.00687	0.00210	0.00640	0.00664	0.00792	0.01164
15	0.01458	0.01010	0.01179	0.01079	0.01297	0.01086	0.00818	0.20271	0.01788	0.02536	0.02298	0.18007	0.02242	0.09668	0.16970	0.00456	0.00825	0.00966	0.15307	0.00739
16	0.00834	0.00595	0.00794	0.00953	0.00992	0.00556	0.00635	0.00953	0.01310	0.01746	0.03771	0.75510	0.04525	0.02143	0.00873	0.00278	0.00397	0.01945	0.00635	0.00556
17	0.01693	0.01626	0.02777	0.04199	0.71689	0.01626	0.02100	0.02100	0.01558	0.02235	0.01287	0.01693	0.01084	0.00610	0.00677	0.00203	0.00813	0.00610	0.00339	0.01084
18	0.02173	0.01891	0.01989	0.10837	0.12022	0.15493	0.01419	0.19822	0.15539	0.09282	0.01750	0.01835	0.01298	0.00776	0.00673	0.00208	0.00816	0.00618	0.00543	0.01016
19	0.01671	0.06166	0.02772	0.09276	0.62385	0.01684	0.02028	0.02070	0.01533	0.02160	0.01261	0.01667	0.01058	0.00614	0.00663	0.00202	0.00815	0.00595	0.00333	0.01047
20	0.01886	0.70676	0.03457	0.01217	0.01784	0.08197	0.01182	0.02102	0.01433	0.01615	0.00959	0.01108	0.00878	0.00595	0.00453	0.00149	0.00771	0.00372	0.00297	0.00871
21	0.01432	0.01236	0.01483	0.01165	0.04965	0.00946	0.00872	0.01741	0.01425	0.02230	0.01219	0.01432	0.01017	0.00512	0.00515	0.00106	0.00521	0.00415	0.00402	0.76367
22	0.01755	0.05053	0.02187	0.23420	0.23906	0.03468	0.01627	0.12208	0.06137	0.05258	0.01561	0.03613	0.01239	0.00742	0.00663	0.00209	0.00777	0.00642	0.04584	0.00951
23	0.01019	0.00915	0.01188	0.01526	0.17741	0.00827	0.00895	0.01247	0.01559	0.01940	0.05589	0.05422	0.54698	0.01466	0.00777	0.00224	0.00457	0.01246	0.00565	0.00698
24	0.00978	0.00729	0.01078	0.01078	0.01193	0.00843	0.00828	0.01208	0.01093	0.01572	0.01852	0.02797	0.01758	0.09463	0.68978	0.01073	0.01761	0.00749	0.00369	0.00599
25	0.02022	0.45102	0.05373	0.01645	0.08095	0.23939	0.01345	0.02264	0.01573	0.01704	0.01023	0.01203	0.00897	0.00626	0.00521	0.00163	0.00901	0.00415	0.00315	0.00875
26	0.03844	0.04872	0.33216	0.02294	0.18476	0.01511	0.06761	0.02058	0.01468	0.02205	0.01233	0.01504	0.00954	0.00605	0.00626	0.00190	0.00853	0.00523	0.00331	0.16478
27	0.09007	0.04164	0.08246	0.02254	0.19300	0.21999	0.04755	0.13465	0.01897	0.02452	0.01546	0.01736	0.04760	0.00736	0.00644	0.00199	0.00903	0.00581	0.00419	0.00938
28	0.01179	0.00947	0.01233	0.01072	0.01341	0.00918	0.04009	0.01753	0.12983	0.02519	0.39570	0.03878	0.04267	0.05701	0.05238	0.00283	0.00532	0.00989	0.00637	0.10951
29	0.01800	0.01675	0.02375	0.06525	0.26790	0.06252	0.10012	0.04797	0.22729	0.05263	0.01798	0.01972	0.01386	0.00745	0.00738	0.00218	0.02746	0.00677	0.00479	0.01024
30	0.00995	0.00663	0.00746	0.00746	0.00746	0.00663	0.00415	0.00995	0.00995	0.01327	0.02156	0.04477	0.02487	0.75957	0.03482	0.00663	0.00663	0.00995	0.00415	0.00415
31	0.00995	0.00663	0.00746	0.00746	0.00746	0.00663	0.00415	0.00995	0.00995	0.01327	0.02156	0.04477	0.02487	0.75957	0.03482	0.00663	0.00663	0.00995	0.00415	0.00415
32	0.04187	0.20795	0.22530	0.01926	0.07805	0.13953	0.08906	0.06128	0.01651	0.04347	0.01215	0.01416	0.00947	0.00648	0.00608	0.00192	0.00937	0.00509	0.00355	0.00944
33	0.02099	0.16821	0.14439	0.01766	0.04470	0.32187	0.03333	0.08358	0.03671	0.02043	0.01175	0.01358	0.00947	0.00703	0.00670	0.00189	0.04020	0.00484	0.00366	0.00898
34	0.01642	0.01573	0.11059	0.03731	0.08163	0.01323	0.01291	0.05977	0.17457	0.06979	0.20373	0.07521	0.04973	0.01140	0.00785	0.00245	0.00633	0.00943	0.00650	0.03542
35	0.01972	0.15686	0.10247	0.02262	0.20394	0.14117	0.01592	0.07521	0.03839	0.02325	0.03502	0.04052	0.01419	0.00815	0.00680	0.00213	0.00872	0.00619	0.00443	0.07430
36	0.07557	0.06596	0.15724	0.02150	0.20124	0.01548	0.01572	0.06034	0.05459	0.02477	0.02041	0.04639	0.07399	0.00881	0.00694	0.00221	0.00751	0.00698	0.00470	0.12964
37	0.04390	0.05638	0.02011	0.01931	0.14591	0.09063	0.03471	0.15517	0.03876	0.06298	0.12350	0.04989	0.05935	0.01002	0.00741	0.00227	0.00739	0.00802	0.00588	0.05841
38	0.12810	0.06676	0.26837	0.01830	0.04493	0.03951	0.10777	0.04495	0.03099	0.08370	0.01938	0.04259	0.05599	0.00874	0.00712	0.00241	0.00874	0.00694	0.00473	0.00998

[dist]
# distance from previous block
# <min> <max>
0	18

[block]
# block no. 2 follows, 31 sequences, length 16
# corresponding to MSA columns:
# 179-194
name=unknown_C
#
# <colnr> <probs for GDERKNQSTAVLIFYWHMCP>
#	G	D	E	R	K	N	Q	S	T	A	V	L	I	F	Y	W	H	M	C	P
0	0.01648	0.05341	0.34266	0.04999	0.23445	0.04615	0.04010	0.04716	0.01632	0.02305	0.04005	0.01777	0.01243	0.00722	0.00692	0.00221	0.00927	0.00597	0.00372	0.02466
1	0.01752	0.01587	0.02634	0.10117	0.52204	0.01598	0.05536	0.04794	0.01653	0.04303	0.01563	0.06150	0.01361	0.00773	0.00730	0.00226	0.00830	0.00725	0.00409	0.01056
2	0.01760	0.04093	0.27271	0.02406	0.21264	0.06212	0.01919	0.09771	0.06172	0.02491	0.02918	0.01927	0.03126	0.00792	0.00737	0.00224	0.02896	0.00626	0.02359	0.01038
3	0.05102	0.01688	0.04653	0.02904	0.38774	0.01645	0.01686	0.10703	0.08529	0.02640	0.01520	0.01803	0.01230	0.00726	0.00722	0.00211	0.02778	0.00610	0.00454	0.11622
4	0.06036	0.04817	0.08692	0.03370	0.48245	0.07994	0.01942	0.02175	0.01569	0.02233	0.01286	0.01672	0.01084	0.00709	0.00771	0.00220	0.05191	0.00587	0.00363	0.01042
5	0.01689	0.10584	0.16749	0.01894	0.07281	0.04082	0.13188	0.06383	0.16696	0.05039	0.02142	0.02222	0.07410	0.00802	0.00681	0.00212	0.00804	0.00701	0.00469	0.00971
6	0.01665	0.01601	0.02758	0.04037	0.66796	0.01595	0.04465	0.02075	0.01573	0.02251	0.03710	0.01817	0.01268	0.00636	0.00686	0.00205	0.00808	0.00638	0.00353	0.01063
7	0.01751	0.01396	0.01903	0.01776	0.14045	0.01240	0.05551	0.07929	0.04841	0.09031	0.01488	0.01652	0.01154	0.00608	0.00597	0.00153	0.00632	0.00529	0.00469	0.43254
8	0.00929	0.00673	0.00871	0.00944	0.01053	0.00632	0.00696	0.01138	0.01537	0.02066	0.23338	0.32312	0.10619	0.06998	0.01043	0.00289	0.00431	0.13192	0.00653	0.00587
9	0.01374	0.01101	0.01234	0.01148	0.01392	0.01238	0.00859	0.02472	0.37699	0.02351	0.08499	0.03156	0.02472	0.15596	0.12687	0.00445	0.00740	0.00843	0.03867	0.00827
10	0.00902	0.00632	0.00800	0.00878	0.00926	0.00602	0.00573	0.01020	0.01320	0.01786	0.14274	0.43447	0.04247	0.23459	0.01620	0.00380	0.00462	0.01554	0.00590	0.00529
11	0.08659	0.01552	0.06921	0.26374	0.19428	0.03360	0.01662	0.02325	0.07561	0.13226	0.01578	0.01833	0.01160	0.00707	0.00657	0.00216	0.00786	0.00603	0.00443	0.00946
12	0.01789	0.70032	0.09573	0.01238	0.01861	0.02610	0.01289	0.02059	0.01395	0.01658	0.00975	0.01128	0.00877	0.00591	0.00457	0.00152	0.00756	0.00378	0.00292	0.00890
13	0.01508	0.01160	0.01475	0.01302	0.01530	0.01355	0.01040	0.21063	0.01705	0.02376	0.01685	0.02317	0.01489	0.06066	0.41640	0.00734	0.09630	0.00694	0.00453	0.00779
14	0.07053	0.21211	0.42753	0.01788	0.02617	0.01877	0.09528	0.02129	0.01430	0.02095	0.01158	0.01380	0.00880	0.00625	0.00600	0.00200	0.00924	0.00495	0.00306	0.00949
15	0.01408	0.16661	0.08527	0.53139	0.03959	0.01767	0.01807	0.01846	0.01379	0.01757	0.01163	0.01643	0.00901	0.00661	0.00631	0.00210	0.00884	0.00550	0.00300	0.00806

[dist]
# distance from previous block
# <min> <max>
3	60

[block]
# block no. 3 follows, 31 sequences, length 12
# corresponding to MSA columns:
# 261-272
name=unknown_D
#
# <colnr> <probs for GDERKNQSTAVLIFYWHMCP>
#	G	D	E	R	K	N	Q	S	T	A	V	L	I	F	Y	W	H	M	C	P
0	0.01540	0.29964	0.08162	0.01617	0.12805	0.01727	0.01223	0.04798	0.01429	0.01851	0.04053	0.02233	0.05409	0.10239	0.01170	0.09292	0.00708	0.00624	0.00369	0.00786
1	0.49115	0.18311	0.01737	0.01076	0.01541	0.04353	0.00924	0.07694	0.05586	0.02783	0.01123	0.01243	0.00893	0.00659	0.00472	0.00196	0.00618	0.00416	0.00429	0.00829
2	0.29942	0.22168	0.05464	0.03542	0.07992	0.08223	0.01138	0.01991	0.01401	0.02278	0.03772	0.03644	0.04547	0.00748	0.00531	0.00193	0.00689	0.00535	0.00391	0.00812
3	0.00850	0.00643	0.00773	0.00862	0.00972	0.00581	0.00601	0.00994	0.01407	0.01803	0.07218	0.43311	0.26654	0.06375	0.01008	0.00284	0.00402	0.04077	0.00626	0.00561
4	0.00907	0.00626	0.00772	0.00858	0.00880	0.00605	0.00534	0.00972	0.01166	0.01555	0.03034	0.43110	0.03595	0.35811	0.02063	0.00454	0.00518	0.01512	0.00534	0.00491
5	0.01771	0.01644	0.02646	0.03066	0.37317	0.01676	0.13810	0.12184	0.10164	0.02591	0.01811	0.02054	0.04608	0.00728	0.00710	0.00213	0.00810	0.00706	0.00449	0.01042
6	0.01293	0.01417	0.09647	0.05889	0.14542	0.01084	0.03326	0.01662	0.01526	0.02159	0.08678	0.02932	0.16424	0.00893	0.00664	0.00182	0.00612	0.00772	0.00452	0.25846
7	0.01483	0.01809	0.14850	0.30504	0.33992	0.01579	0.02100	0.01978	0.01465	0.02037	0.01249	0.01699	0.00980	0.00645	0.00675	0.00215	0.00886	0.00591	0.00317	0.00948
8	0.01761	0.06199	0.08182	0.02598	0.24891	0.07734	0.09983	0.07764	0.08302	0.02306	0.01527	0.02026	0.01282	0.00792	0.00837	0.00221	0.07781	0.04434	0.00410	0.00971
9	0.01688	0.01641	0.02865	0.04107	0.66933	0.01633	0.06785	0.02106	0.01562	0.02232	0.01294	0.01704	0.01080	0.00607	0.00686	0.00205	0.00837	0.00623	0.00339	0.01072
10	0.02322	0.01603	0.01767	0.01438	0.01917	0.01755	0.01161	0.31244	0.30029	0.15761	0.02289	0.02130	0.01629	0.00869	0.00690	0.00217	0.00638	0.00692	0.00718	0.01131
11	0.01574	0.05321	0.21419	0.02452	0.23470	0.01496	0.08237	0.05868	0.01614	0.04726	0.03985	0.09710	0.01588	0.00824	0.00690	0.00211	0.00807	0.00748	0.00411	0.04849

[dist]
# distance from previous block
# <min> <max>
0	17

[block]
# block no. 4 follows, 31 sequences, length 19
# corresponding to MSA columns:
# 290-308
name=unknown_E
#
# <colnr> <probs for GDERKNQSTAVLIFYWHMCP>
#	G	D	E	R	K	N	Q	S	T	A	V	L	I	F	Y	W	H	M	C	P
0	0.03631	0.15014	0.22134	0.01587	0.02233	0.01645	0.08869	0.06044	0.08066	0.13583	0.02091	0.02231	0.06565	0.00812	0.00657	0.00210	0.00779	0.02396	0.00484	0.00969
1	0.01600	0.10952	0.47427	0.01956	0.02811	0.05901	0.11075	0.06504	0.01603	0.02220	0.01236	0.01461	0.00910	0.00648	0.00649	0.00208	0.00996	0.00534	0.00326	0.00982
2	0.01645	0.01767	0.09178	0.02271	0.20340	0.08681	0.06458	0.02299	0.14372	0.05173	0.03969	0.12663	0.01897	0.00971	0.00805	0.00226	0.05037	0.00842	0.00477	0.00930
3	0.01596	0.06997	0.25644	0.01984	0.09947	0.01486	0.11683	0.02080	0.01524	0.09580	0.02074	0.02231	0.09620	0.00804	0.00763	0.00211	0.04812	0.00685	0.00413	0.05864
4	0.01964	0.08304	0.05207	0.11863	0.31627	0.06149	0.03504	0.10674	0.01793	0.10284	0.01439	0.01689	0.01101	0.00677	0.00658	0.00202	0.00827	0.00588	0.00430	0.01019
5	0.01453	0.06133	0.54791	0.02284	0.11646	0.01652	0.08274	0.02155	0.01471	0.02155	0.01238	0.01497	0.00910	0.00636	0.00659	0.00213	0.00987	0.00539	0.00300	0.01007
6	0.01611	0.13949	0.42106	0.02155	0.11052	0.01740	0.09106	0.02217	0.01500	0.06485	0.01302	0.01519	0.00964	0.00640	0.00640	0.00206	0.00933	0.00540	0.00336	0.01000
7	0.16653	0.06713	0.18376	0.01753	0.10270	0.04380	0.01508	0.12360	0.01795	0.17633	0.01537	0.01602	0.01092	0.00708	0.00610	0.00205	0.00760	0.00537	0.00501	0.01009
8	0.01950	0.44519	0.07364	0.01644	0.10261	0.02255	0.01363	0.09513	0.06082	0.07242	0.01328	0.01433	0.01070	0.00659	0.00542	0.00174	0.00738	0.00480	0.00406	0.00976
9	0.00940	0.00688	0.00980	0.01023	0.01110	0.00754	0.00750	0.01125	0.01146	0.01604	0.02393	0.22677	0.02556	0.11665	0.46328	0.00831	0.01321	0.01090	0.00445	0.00575
10	0.03965	0.01503	0.08038	0.02724	0.37410	0.01316	0.01600	0.02078	0.03472	0.11783	0.02179	0.11680	0.05760	0.02523	0.00762	0.00228	0.00698	0.00839	0.00474	0.00966
11	0.01868	0.15771	0.20033	0.02175	0.19008	0.01706	0.03894	0.07856	0.01692	0.12778	0.01683	0.04001	0.03080	0.00744	0.00643	0.00201	0.00794	0.00621	0.00440	0.01012
12	0.01133	0.00626	0.00917	0.00917	0.00939	0.00648	0.00626	0.00961	0.00939	0.01274	0.01392	0.02402	0.01399	0.09346	0.15738	0.58574	0.00828	0.00655	0.00320	0.00365
13	0.00834	0.00595	0.00794	0.00953	0.00992	0.00556	0.00635	0.00953	0.01310	0.01746	0.03771	0.75510	0.04525	0.02143	0.00873	0.00278	0.00397	0.01945	0.00635	0.00556
14	0.01876	0.01267	0.01903	0.02150	0.22290	0.01237	0.05528	0.02416	0.11667	0.21478	0.02654	0.13953	0.06449	0.01033	0.00730	0.00225	0.00636	0.00931	0.00597	0.00980
15	0.67240	0.09132	0.01310	0.00961	0.01399	0.01668	0.00809	0.02125	0.05869	0.02904	0.01076	0.01207	0.00846	0.00650	0.00443	0.00206	0.00551	0.00397	0.00428	0.00778
16	0.01700	0.01815	0.06924	0.07730	0.30967	0.01701	0.28341	0.08029	0.01708	0.02366	0.01349	0.01743	0.01050	0.00622	0.00728	0.00216	0.00958	0.00682	0.00367	0.01003
17	0.01741	0.01684	0.07115	0.06338	0.35327	0.01556	0.13973	0.07952	0.01754	0.06771	0.07568	0.02046	0.01570	0.00712	0.00712	0.00212	0.00829	0.00699	0.00433	0.01009
18	0.01867	0.11258	0.26699	0.03772	0.05296	0.04138	0.01659	0.09665	0.08780	0.12748	0.03464	0.04642	0.01440	0.00796	0.00652	0.00208	0.00793	0.00634	0.00486	0.01003

[dist]
# distance from previous block
# <min> <max>
0	8

[block]
# block no. 5 follows, 31 sequences, length 36
# corresponding to MSA columns:
# 317-352
name=unknown_F
#
# <colnr> <probs for GDERKNQSTAVLIFYWHMCP>
#	G	D	E	R	K	N	Q	S	T	A	V	L	I	F	Y	W	H	M	C	P
0	0.01788	0.02082	0.21257	0.02487	0.19285	0.01531	0.16082	0.07883	0.01756	0.11188	0.06540	0.01980	0.01486	0.00718	0.00709	0.00215	0.00868	0.00679	0.00450	0.01016
1	0.01758	0.02137	0.20448	0.02765	0.28395	0.04264	0.11099	0.04870	0.04034	0.08466	0.01670	0.01893	0.03640	0.00700	0.00692	0.00212	0.00877	0.00646	0.00409	0.01024
2	0.01755	0.06051	0.26826	0.01807	0.06803	0.01508	0.07277	0.09391	0.04808	0.11022	0.07080	0.02101	0.01610	0.00773	0.00674	0.00206	0.00795	0.02338	0.00479	0.06697
3	0.00847	0.00601	0.00790	0.00935	0.00972	0.00565	0.00617	0.00956	0.01283	0.01711	0.03635	0.69548	0.04354	0.08339	0.01092	0.00310	0.00419	0.01865	0.00617	0.00544
4	0.01835	0.02039	0.19122	0.03113	0.40733	0.01561	0.04440	0.05258	0.01659	0.11459	0.01477	0.01721	0.01114	0.00658	0.00677	0.00209	0.00839	0.00603	0.00409	0.01075
5	0.01457	0.01239	0.01523	0.01120	0.01687	0.01006	0.03306	0.05592	0.01503	0.02295	0.01298	0.01552	0.01081	0.00910	0.06550	0.00195	0.00654	0.00459	0.00416	0.66157
6	0.00834	0.00595	0.00794	0.00953	0.00992	0.00556	0.00635	0.00953	0.01310	0.01746	0.03771	0.75510	0.04525	0.02143	0.00873	0.00278	0.00397	0.01945	0.00635	0.00556
7	0.01555	0.01495	0.02579	0.27837	0.46508	0.01594	0.04548	0.01984	0.01496	0.02069	0.01267	0.01743	0.01024	0.00633	0.00684	0.00213	0.00859	0.00616	0.00327	0.00968
8	0.02004	0.36508	0.11322	0.01598	0.04572	0.11925	0.05130	0.05261	0.01615	0.09112	0.01243	0.01388	0.00991	0.00674	0.00632	0.00182	0.04055	0.00480	0.00380	0.00929
9	0.00976	0.00687	0.00896	0.00918	0.00974	0.00728	0.00627	0.01091	0.01088	0.01494	0.02256	0.11232	0.02462	0.39207	0.29110	0.00773	0.01070	0.03473	0.00427	0.00510
10	0.01188	0.00594	0.00891	0.00891	0.00891	0.00594	0.00594	0.00891	0.00891	0.01188	0.01188	0.02080	0.01188	0.02377	0.02674	0.80095	0.00594	0.00594	0.00297	0.00297
11	0.02358	0.02259	0.01846	0.01573	0.01996	0.28807	0.01230	0.25894	0.16294	0.05587	0.01768	0.04236	0.01381	0.00845	0.00668	0.00203	0.00873	0.00630	0.00566	0.00986
12	0.02230	0.30790	0.02676	0.01641	0.07015	0.14417	0.01312	0.27246	0.02176	0.02672	0.01251	0.01367	0.01000	0.00695	0.00578	0.00178	0.00831	0.00489	0.00452	0.00985
13	0.01700	0.04430	0.04867	0.01631	0.11167	0.13258	0.01173	0.04343	0.01587	0.02185	0.01205	0.01422	0.00995	0.00574	0.00558	0.00138	0.00708	0.00449	0.00388	0.47221
14	0.01975	0.10055	0.12106	0.02509	0.23605	0.19878	0.05040	0.10037	0.01797	0.02236	0.01218	0.01476	0.00982	0.00681	0.00698	0.00197	0.03634	0.00538	0.00370	0.00968
15	0.00834	0.00595	0.00794	0.00953	0.00992	0.00556	0.00635	0.00953	0.01310	0.01746	0.03771	0.75510	0.04525	0.02143	0.00873	0.00278	0.00397	0.01945	0.00635	0.00556
16	0.02005	0.40455	0.02724	0.01321	0.01854	0.12058	0.01170	0.13314	0.07503	0.02228	0.01258	0.01358	0.01039	0.00661	0.00532	0.00163	0.00766	0.00455	0.00410	0.08725
17	0.01853	0.07464	0.18227	0.02496	0.19680	0.01701	0.15789	0.10937	0.01780	0.08951	0.01445	0.01671	0.01076	0.00656	0.00678	0.00206	0.00883	0.00612	0.00420	0.03476
18	0.31726	0.13338	0.09975	0.01353	0.01862	0.20495	0.01218	0.08851	0.01634	0.02505	0.01079	0.01232	0.00854	0.00666	0.00528	0.00193	0.00821	0.00428	0.00396	0.00848
19	0.01463	0.18053	0.58695	0.01795	0.02721	0.01812	0.02257	0.02143	0.01434	0.02056	0.01173	0.01375	0.00869	0.00637	0.00608	0.00203	0.00955	0.00478	0.00290	0.00985
20	0.02079	0.01486	0.02366	0.05383	0.39232	0.01464	0.04972	0.07960	0.01787	0.20717	0.01785	0.04713	0.01375	0.00749	0.00695	0.00211	0.00751	0.00692	0.00511	0.01072
21	0.00995	0.00663	0.00746	0.00746	0.00746	0.00663	0.00415	0.00995	0.00995	0.01327	0.02156	0.04477	0.02487	0.75957	0.03482	0.00663	0.00663	0.00995	0.00415	0.00415
22	0.00834	0.00595	0.00794	0.00953	0.00992	0.00556	0.00635	0.00953	0.01310	0.01746	0.03771	0.75510	0.04525	0.02143	0.00873	0.00278	0.00397	0.01945	0.00635	0.00556
23	0.01354	0.01279	0.02164	0.63521	0.15020	0.01536	0.01931	0.01802	0.01397	0.01823	0.01227	0.01804	0.00938	0.00673	0.00683	0.00224	0.00897	0.00608	0.00309	0.00810
24	0.01829	0.76368	0.03585	0.01171	0.01756	0.02707	0.01171	0.02049	0.01390	0.01610	0.00951	0.01097	0.00878	0.00585	0.00439	0.00146	0.00732	0.00366	0.00293	0.00878
25	0.00977	0.00733	0.01100	0.01100	0.01222	0.00855	0.00855	0.01222	0.01100	0.01588	0.01833	0.02688	0.01710	0.05131	0.73245	0.01100	0.01833	0.00733	0.00367	0.00611
26	0.00838	0.00694	0.00734	0.00724	0.00942	0.00590	0.00543	0.01039	0.01629	0.02013	0.18787	0.06313	0.59452	0.01671	0.00808	0.00228	0.00342	0.01406	0.00657	0.00590
27	0.00834	0.00595	0.00794	0.00953	0.00992	0.00556	0.00635	0.00953	0.01310	0.01746	0.03771	0.75510	0.04525	0.02143	0.00873	0.00278	0.00397	0.01945	0.00635	0.00556
28	0.02406	0.03170	0.07046	0.01902	0.04638	0.62952	0.03999	0.02649	0.01878	0.01748	0.01090	0.01288	0.00893	0.00693	0.00629	0.00182	0.01200	0.00465	0.00347	0.00824
29	0.01791	0.04426	0.02689	0.03743	0.59213	0.09891	0.01960	0.02157	0.01581	0.02132	0.01237	0.01614	0.01048	0.00637	0.00708	0.00201	0.03019	0.00581	0.00337	0.01033
30	0.15913	0.01454	0.02284	0.24925	0.35842	0.01581	0.04418	0.01980	0.01431	0.02236	0.01208	0.01634	0.00967	0.00636	0.00638	0.00213	0.00805	0.00573	0.00344	0.00917
31	0.00986	0.00700	0.00934	0.00934	0.00999	0.00765	0.00649	0.01115	0.01050	0.01466	0.01984	0.03526	0.02074	0.38315	0.40559	0.00895	0.01285	0.00856	0.00389	0.00519
32	0.01328	0.00828	0.01050	0.01052	0.01243	0.00799	0.00786	0.03947	0.07113	0.12321	0.11397	0.38780	0.07250	0.01683	0.00821	0.00256	0.00458	0.07476	0.00686	0.00726
33	0.04925	0.34649	0.13453	0.01646	0.06013	0.13043	0.04387	0.04677	0.01568	0.01970	0.03784	0.01431	0.01117	0.00684	0.00631	0.00183	0.04124	0.00485	0.00344	0.00890
34	0.02052	0.04053	0.05669	0.05033	0.16692	0.19127	0.06382	0.07908	0.12973	0.08808	0.03496	0.01854	0.01377	0.00746	0.00673	0.00205	0.00869	0.00622	0.00481	0.00981
35	0.16391	0.18713	0.16584	0.01533	0.04403	0.10484	0.01436	0.14992	0.01806	0.05989	0.01249	0.01371	0.00952	0.00680	0.00567	0.00193	0.00812	0.00476	0.00426	0.00945

[dist]
# distance from previous block
# <min> <max>
7	23

[block]
# block no. 6 follows, 31 sequences, length 21
# corresponding to MSA columns:
# 381-401
name=unknown_G
#
# <colnr> <probs for GDERKNQSTAVLIFYWHMCP>
#	G	D	E	R	K	N	Q	S	T	A	V	L	I	F	Y	W	H	M	C	P
0	0.01000	0.03984	0.01000	0.00963	0.01088	0.00795	0.00681	0.01339	0.08888	0.01954	0.12001	0.44672	0.08570	0.08486	0.01058	0.00291	0.00439	0.01543	0.00622	0.00627
1	0.02262	0.02154	0.16104	0.01612	0.02231	0.01914	0.01507	0.44877	0.11162	0.06627	0.01747	0.01745	0.01242	0.00801	0.00679	0.00211	0.00771	0.00616	0.00613	0.01123
2	0.01677	0.20052	0.41231	0.01621	0.02391	0.05110	0.01878	0.02211	0.01500	0.09242	0.01467	0.06083	0.01185	0.00751	0.00617	0.00202	0.00874	0.00579	0.00372	0.00957
3	0.01744	0.62757	0.16448	0.01316	0.01981	0.02498	0.01424	0.02071	0.01400	0.01714	0.01003	0.01162	0.00876	0.00597	0.00478	0.00159	0.00784	0.00392	0.00292	0.00903
4	0.01429	0.12590	0.63858	0.01853	0.02811	0.01728	0.02359	0.02152	0.01438	0.02097	0.01193	0.01401	0.00868	0.00642	0.00624	0.00208	0.00976	0.00488	0.00289	0.00995
5	0.01509	0.01964	0.17706	0.07166	0.20316	0.03341	0.18339	0.03774	0.01533	0.02130	0.01475	0.02080	0.01224	0.01245	0.09734	0.00330	0.01072	0.03783	0.00354	0.00923
6	0.01686	0.05809	0.29502	0.04382	0.02624	0.14840	0.11902	0.02368	0.08993	0.03577	0.01696	0.02010	0.03690	0.00765	0.00682	0.00214	0.00961	0.02982	0.00390	0.00925
7	0.00918	0.01020	0.09680	0.00958	0.01217	0.00711	0.00828	0.01184	0.01550	0.02041	0.18464	0.25478	0.30132	0.01648	0.00807	0.00239	0.00439	0.01429	0.00616	0.00639
8	0.01537	0.06428	0.51997	0.01985	0.04531	0.06466	0.07863	0.05066	0.01572	0.02196	0.01402	0.01612	0.02943	0.00682	0.00658	0.00212	0.00990	0.00555	0.00326	0.00979
9	0.01503	0.01714	0.12054	0.04605	0.39498	0.01488	0.04757	0.02001	0.04307	0.02129	0.01554	0.02219	0.01350	0.01292	0.09762	0.00330	0.03099	0.05010	0.00368	0.00961
10	0.01501	0.01642	0.03463	0.02545	0.03141	0.01541	0.56440	0.02020	0.01606	0.02152	0.02010	0.02872	0.05804	0.00812	0.00825	0.00241	0.01038	0.09084	0.00399	0.00865
11	0.12785	0.07644	0.38603	0.01620	0.02367	0.10468	0.01813	0.02383	0.01541	0.12708	0.01371	0.01482	0.00976	0.00680	0.00606	0.00206	0.00889	0.00497	0.00399	0.00961
12	0.01453	0.06203	0.48195	0.02267	0.10061	0.01631	0.12957	0.02126	0.01486	0.02148	0.01349	0.01788	0.01049	0.00685	0.00681	0.00219	0.00984	0.03418	0.00318	0.00982
13	0.00992	0.00675	0.00808	0.00808	0.00829	0.00697	0.00491	0.01034	0.01013	0.01372	0.02099	0.04165	0.02352	0.63594	0.15659	0.00739	0.00867	0.00949	0.00406	0.00449
14	0.01372	0.03539	0.72412	0.01950	0.02961	0.01589	0.02528	0.02167	0.01444	0.02167	0.01228	0.01444	0.00867	0.00650	0.00650	0.00217	0.01011	0.00506	0.00289	0.01011
15	0.01418	0.01412	0.02291	0.28825	0.03083	0.01793	0.10242	0.01734	0.01246	0.01756	0.01157	0.03700	0.01021	0.00954	0.01445	0.00264	0.35908	0.00666	0.00316	0.00770
16	0.01864	0.01564	0.02680	0.06141	0.54661	0.01544	0.06883	0.02265	0.01611	0.11884	0.01487	0.01797	0.01159	0.00643	0.00689	0.00207	0.00809	0.00635	0.00408	0.01072
17	0.00979	0.00726	0.01066	0.01066	0.01176	0.00837	0.00813	0.01200	0.01090	0.01563	0.01863	0.02858	0.01784	0.11883	0.66595	0.01058	0.01721	0.00758	0.00371	0.00592
18	0.02556	0.03261	0.01939	0.01763	0.02115	0.73210	0.01322	0.02732	0.01939	0.01674	0.01058	0.01234	0.00881	0.00705	0.00617	0.00176	0.01234	0.00441	0.00353	0.00793
19	0.00995	0.00663	0.00746	0.00746	0.00746	0.00663	0.00415	0.00995	0.00995	0.01327	0.02156	0.04477	0.02487	0.75957	0.03482	0.00663	0.00663	0.00995	0.00415	0.00415
20	0.01292	0.01216	0.02052	0.74312	0.04712	0.01520	0.01900	0.01748	0.01368	0.01748	0.01216	0.01824	0.00912	0.00684	0.00684	0.00228	0.00912	0.00608	0.00304	0.00760

[dist]
# distance from previous block
# <min> <max>
9	20

[block]
# block no. 7 follows, 31 sequences, length 82
# corresponding to MSA columns:
# 422-455,462-493,498-501,504-515
name=unknown_H
#
# <colnr> <probs for GDERKNQSTAVLIFYWHMCP>
#	G	D	E	R	K	N	Q	S	T	A	V	L	I	F	Y	W	H	M	C	P
0	0.01292	0.01216	0.02052	0.74312	0.04712	0.01520	0.01900	0.01748	0.01368	0.01748	0.01216	0.01824	0.00912	0.00684	0.00684	0.00228	0.00912	0.00608	0.00304	0.00760
1	0.01470	0.01289	0.02075	0.20046	0.25883	0.01298	0.05310	0.01852	0.01548	0.05268	0.07835	0.02584	0.06866	0.00817	0.00695	0.00205	0.00724	0.02900	0.00429	0.10908
2	0.01600	0.01951	0.16845	0.09508	0.36256	0.01606	0.04954	0.03998	0.09815	0.02313	0.01489	0.01787	0.01163	0.00672	0.00675	0.00212	0.00829	0.00617	0.02686	0.01021
3	0.01789	0.61907	0.05699	0.09361	0.02144	0.06009	0.01306	0.02053	0.01417	0.01647	0.00995	0.01197	0.00882	0.00604	0.00482	0.00159	0.00786	0.00401	0.00297	0.00865
4	0.01874	0.34623	0.04563	0.01359	0.01852	0.10107	0.01197	0.05056	0.28199	0.02210	0.01703	0.01704	0.01355	0.00741	0.00573	0.00187	0.00723	0.00544	0.00469	0.00961
5	0.01565	0.01433	0.02299	0.41112	0.27024	0.01633	0.01895	0.08612	0.01607	0.02165	0.01273	0.01752	0.00995	0.00688	0.00730	0.00220	0.03127	0.00609	0.00354	0.00909
6	0.01292	0.01216	0.02052	0.74312	0.04712	0.01520	0.01900	0.01748	0.01368	0.01748	0.01216	0.01824	0.00912	0.00684	0.00684	0.00228	0.00912	0.00608	0.00304	0.00760
7	0.02125	0.01528	0.02317	0.09416	0.38058	0.01552	0.01697	0.13267	0.01903	0.18824	0.01667	0.01845	0.01223	0.00706	0.00682	0.00208	0.00758	0.00629	0.00510	0.01086
8	0.01390	0.04966	0.35041	0.15745	0.05116	0.01559	0.15354	0.02002	0.01498	0.02101	0.05638	0.01951	0.03163	0.00713	0.00695	0.00219	0.00946	0.00652	0.00342	0.00910
9	0.01685	0.01650	0.02917	0.04053	0.64114	0.01637	0.09563	0.02110	0.01564	0.02230	0.01298	0.01710	0.01079	0.00606	0.00692	0.00206	0.00851	0.00632	0.00339	0.01066
10	0.01292	0.01216	0.02052	0.74312	0.04712	0.01520	0.01900	0.01748	0.01368	0.01748	0.01216	0.01824	0.00912	0.00684	0.00684	0.00228	0.00912	0.00608	0.00304	0.00760
11	0.02128	0.03703	0.02665	0.04135	0.15194	0.01406	0.24258	0.02524	0.01718	0.28096	0.03630	0.04196	0.01516	0.00752	0.00727	0.00217	0.00818	0.00752	0.00546	0.01019
12	0.01580	0.06455	0.59776	0.01822	0.02744	0.01581	0.02264	0.02329	0.03613	0.09487	0.01417	0.01556	0.00991	0.00676	0.00646	0.00213	0.00939	0.00527	0.00360	0.01023
13	0.01093	0.00813	0.01028	0.07825	0.01440	0.00801	0.00786	0.01486	0.07650	0.05471	0.25234	0.19992	0.20759	0.01506	0.00795	0.00235	0.00431	0.01315	0.00656	0.00683
14	0.01708	0.01823	0.09317	0.09567	0.59013	0.01652	0.02142	0.02127	0.01579	0.02259	0.01356	0.01790	0.01126	0.00675	0.00709	0.00221	0.00864	0.00625	0.00360	0.01089
15	0.01710	0.06627	0.39925	0.02205	0.10679	0.01669	0.09701	0.02432	0.07848	0.07991	0.01581	0.01786	0.01170	0.00730	0.00701	0.00229	0.00933	0.00610	0.00413	0.01060
16	0.01374	0.01272	0.02097	0.73386	0.04726	0.01559	0.01920	0.01801	0.01418	0.01824	0.01297	0.01932	0.00991	0.00738	0.00718	0.00243	0.00935	0.00633	0.00333	0.00802
17	0.01770	0.01676	0.02813	0.04212	0.70807	0.01663	0.02117	0.02148	0.01605	0.02305	0.01367	0.01803	0.01160	0.00665	0.00711	0.00218	0.00837	0.00635	0.00367	0.01121
18	0.01710	0.06244	0.42575	0.02295	0.10720	0.01652	0.13167	0.02315	0.01580	0.08819	0.01467	0.01718	0.01077	0.00704	0.00707	0.00228	0.00980	0.00604	0.00386	0.01051
19	0.01742	0.04090	0.23207	0.07965	0.22168	0.01538	0.10117	0.02217	0.01590	0.10455	0.01689	0.07001	0.01386	0.00813	0.00728	0.00232	0.00886	0.00725	0.00430	0.01023
20	0.01465	0.05377	0.69801	0.01974	0.02969	0.01655	0.02506	0.02211	0.01492	0.02223	0.01302	0.01549	0.00946	0.00703	0.00679	0.00230	0.01026	0.00529	0.00318	0.01046
21	0.01736	0.01796	0.08985	0.03780	0.59733	0.01598	0.02059	0.02135	0.01605	0.04005	0.01647	0.02013	0.04273	0.00724	0.00715	0.00221	0.00829	0.00664	0.00388	0.01094
22	0.01550	0.02198	0.30375	0.05982	0.07488	0.01392	0.10790	0.02039	0.01561	0.08482	0.04143	0.11177	0.05835	0.00993	0.00794	0.00243	0.02701	0.00856	0.00457	0.00944
23	0.01560	0.01702	0.08520	0.20161	0.15890	0.01597	0.21780	0.03881	0.03294	0.02174	0.01642	0.08829	0.01432	0.00855	0.00822	0.00245	0.03470	0.00814	0.00402	0.00930
24	0.01744	0.01690	0.02956	0.06742	0.58949	0.01674	0.11242	0.02147	0.01605	0.02280	0.01378	0.01829	0.01147	0.00663	0.00729	0.00223	0.00887	0.00662	0.00367	0.01087
25	0.01332	0.01114	0.01739	0.18686	0.15137	0.01165	0.03262	0.01664	0.01565	0.02089	0.04504	0.09364	0.02786	0.01383	0.00854	0.00281	0.00746	0.31018	0.00522	0.00790
26	0.01545	0.02689	0.40858	0.10701	0.21689	0.01638	0.06383	0.02151	0.01525	0.02210	0.01333	0.01691	0.01020	0.00693	0.00705	0.00230	0.00977	0.00590	0.00336	0.01036
27	0.01467	0.05798	0.69403	0.01969	0.02962	0.01662	0.02498	0.02211	0.01491	0.02220	0.01301	0.01547	0.00946	0.00703	0.00678	0.00229	0.01024	0.00528	0.00318	0.01045
28	0.00924	0.00684	0.00844	0.00966	0.01055	0.00619	0.00662	0.01035	0.01417	0.01851	0.04442	0.59073	0.17827	0.02090	0.00894	0.00284	0.00423	0.03646	0.00659	0.00607
29	0.01778	0.03709	0.19005	0.12956	0.34889	0.01606	0.02033	0.02279	0.03509	0.09118	0.01517	0.01836	0.01169	0.00716	0.00702	0.00225	0.00865	0.00617	0.00410	0.01062
30	0.01445	0.01877	0.18387	0.20739	0.12097	0.01474	0.13212	0.01963	0.03406	0.02138	0.04008	0.05768	0.05127	0.00912	0.00762	0.00244	0.00891	0.04226	0.00414	0.00909
31	0.01037	0.00705	0.00902	0.01004	0.01099	0.00643	0.00694	0.01163	0.01462	0.05036	0.09174	0.59233	0.09279	0.02027	0.00889	0.00282	0.00432	0.03624	0.00678	0.00638
32	0.01756	0.01716	0.03041	0.03973	0.58430	0.01682	0.14311	0.02165	0.01615	0.02297	0.01385	0.01831	0.01152	0.00659	0.00735	0.00223	0.00899	0.00671	0.00368	0.01092
33	0.02547	0.05594	0.18074	0.01474	0.02088	0.08059	0.01413	0.02899	0.01851	0.42410	0.04834	0.02171	0.01639	0.00849	0.00699	0.00221	0.00767	0.00652	0.00663	0.01096
34	0.00963	0.00711	0.00879	0.00992	0.01094	0.00651	0.00708	0.01093	0.01437	0.01869	0.04374	0.47338	0.18120	0.05328	0.01017	0.00305	0.00463	0.11400	0.00649	0.00609
35	0.01732	0.01637	0.02744	0.10819	0.64495	0.01653	0.02098	0.02115	0.01587	0.02259	0.01361	0.01815	0.01144	0.00672	0.00712	0.00221	0.00846	0.00635	0.00364	0.01091
36	0.01303	0.01163	0.01867	0.49342	0.10154	0.01340	0.01638	0.01645	0.01422	0.01869	0.01911	0.19434	0.01866	0.01078	0.00762	0.00252	0.00803	0.00951	0.00415	0.00784
37	0.01713	0.01649	0.02860	0.12608	0.55324	0.01662	0.09312	0.02115	0.01588	0.02240	0.01369	0.01835	0.01134	0.00670	0.00726	0.00224	0.00886	0.00656	0.00364	0.01064
38	0.01453	0.03563	0.71515	0.01993	0.02999	0.01627	0.02539	0.02214	0.01493	0.02237	0.01309	0.01558	0.00946	0.00705	0.00684	0.00231	0.01033	0.00532	0.00318	0.01049
39	0.00911	0.00754	0.00779	0.00785	0.01009	0.00636	0.00583	0.01065	0.01606	0.01948	0.08486	0.09840	0.63758	0.01787	0.00848	0.00250	0.00387	0.03283	0.00663	0.00624
40	0.01461	0.06052	0.39539	0.04816	0.11737	0.01549	0.08368	0.02022	0.01529	0.02162	0.01979	0.04489	0.07567	0.00869	0.00724	0.00234	0.00914	0.02635	0.00382	0.00971
41	0.01511	0.09609	0.60959	0.02030	0.04978	0.01729	0.04988	0.02203	0.01498	0.02193	0.01293	0.01551	0.00960	0.00695	0.00673	0.00226	0.01009	0.00535	0.00322	0.01037
42	0.01740	0.01645	0.02758	0.09449	0.65804	0.01656	0.02102	0.02122	0.01591	0.02268	0.01362	0.01813	0.01147	0.00670	0.00712	0.00220	0.00844	0.00635	0.00365	0.01097
43	0.00917	0.00737	0.00799	0.00840	0.01028	0.00634	0.00612	0.01059	0.01549	0.01908	0.06045	0.22733	0.51816	0.01876	0.00862	0.00260	0.00402	0.04642	0.00659	0.00619
44	0.01763	0.04664	0.27853	0.09168	0.05930	0.01503	0.14643	0.02272	0.01606	0.13718	0.01806	0.05458	0.01445	0.00851	0.00743	0.00239	0.00915	0.03973	0.00457	0.00993
45	0.01653	0.01580	0.02710	0.08268	0.52482	0.01568	0.09198	0.02029	0.01587	0.02227	0.01750	0.05683	0.04478	0.00792	0.00741	0.00228	0.00839	0.00759	0.00394	0.01034
46	0.00830	0.00610	0.00778	0.00913	0.00982	0.00559	0.00617	0.00957	0.01348	0.01762	0.04259	0.64860	0.14860	0.02080	0.00863	0.00271	0.00389	0.01867	0.00635	0.00559
47	0.01656	0.01562	0.02647	0.07390	0.65348	0.01577	0.02018	0.02060	0.01543	0.02226	0.01325	0.01737	0.01105	0.00621	0.00669	0.00202	0.00796	0.00611	0.03857	0.01048
48	0.01637	0.09721	0.42381	0.01910	0.04251	0.01660	0.09787	0.07177	0.01628	0.07118	0.01490	0.03855	0.01158	0.00736	0.00668	0.00214	0.00920	0.02316	0.00384	0.00989
49	0.00888	0.00696	0.00803	0.00776	0.00973	0.00611	0.00582	0.01136	0.01747	0.02293	0.38937	0.05852	0.39128	0.01567	0.00808	0.00223	0.00335	0.01341	0.00694	0.00611
50	0.01983	0.01407	0.01555	0.01356	0.01772	0.01559	0.01067	0.03573	0.56381	0.17100	0.02767	0.02506	0.02007	0.00911	0.00694	0.00228	0.00550	0.00756	0.00727	0.01100
51	0.72146	0.01305	0.01070	0.00935	0.01370	0.01476	0.00770	0.02158	0.01253	0.10754	0.01147	0.01247	0.00847	0.00659	0.00453	0.00212	0.00535	0.00406	0.00470	0.00788
52	0.02361	0.02889	0.01942	0.05105	0.05621	0.58507	0.01360	0.02757	0.09514	0.01837	0.01268	0.01430	0.01027	0.00724	0.00632	0.00186	0.01122	0.00493	0.00388	0.00838
53	0.01783	0.37168	0.25081	0.01521	0.02223	0.08166	0.03486	0.03999	0.01530	0.04229	0.01148	0.01309	0.00920	0.00627	0.00549	0.00175	0.00860	0.00448	0.00332	0.04445
54	0.01712	0.40725	0.20308	0.01505	0.04583	0.07449	0.01511	0.04277	0.01560	0.01968	0.07424	0.01597	0.01396	0.00693	0.00555	0.00176	0.00806	0.00502	0.00352	0.00901
55	0.00914	0.00670	0.00846	0.00929	0.01039	0.00625	0.00681	0.01097	0.01467	0.01929	0.14261	0.33681	0.16384	0.08869	0.01111	0.00303	0.00445	0.13546	0.00631	0.00573
56	0.29253	0.01546	0.07058	0.08554	0.07805	0.03220	0.03046	0.02442	0.05891	0.19660	0.01585	0.01682	0.01133	0.00732	0.00655	0.00217	0.03540	0.00549	0.00507	0.00924
57	0.00957	0.00654	0.00768	0.00808	0.00831	0.00641	0.00492	0.01001	0.01106	0.01464	0.02743	0.20200	0.05591	0.54313	0.02718	0.00550	0.00592	0.03633	0.00479	0.00459
58	0.03626	0.16458	0.10604	0.06259	0.31443	0.12858	0.01761	0.02247	0.04772	0.02045	0.01239	0.01513	0.01019	0.00643	0.00614	0.00192	0.00870	0.00527	0.00343	0.00967
59	0.05122	0.22424	0.24797	0.01429	0.02047	0.05468	0.01511	0.08487	0.01675	0.02296	0.10210	0.04499	0.01804	0.00822	0.00614	0.00195	0.00768	0.02148	0.00420	0.03264
60	0.01426	0.10533	0.33241	0.01559	0.04504	0.03751	0.03462	0.01929	0.01529	0.04735	0.06276	0.02627	0.11234	0.00885	0.00655	0.00206	0.00764	0.02232	0.07581	0.00871
61	0.01624	0.53110	0.16408	0.01298	0.01900	0.02238	0.01371	0.01945	0.01384	0.01728	0.01288	0.07942	0.01233	0.00888	0.02913	0.00203	0.00791	0.00547	0.00325	0.00865
62	0.00870	0.00627	0.00782	0.00877	0.00940	0.00585	0.00581	0.00988	0.01324	0.01750	0.08617	0.49255	0.12014	0.15864	0.01350	0.00340	0.00436	0.01659	0.00602	0.00538
63	0.01631	0.22266	0.41591	0.01933	0.08780	0.08632	0.02023	0.02183	0.01487	0.01982	0.01145	0.01357	0.00891	0.00635	0.00594	0.00193	0.00942	0.00473	0.00300	0.00963
64	0.27691	0.04601	0.20045	0.07993	0.02281	0.01699	0.01471	0.18013	0.01790	0.06580	0.01302	0.01451	0.00944	0.00697	0.00582	0.00211	0.00752	0.00502	0.00457	0.00940
65	0.01719	0.53995	0.18271	0.01611	0.08335	0.02370	0.01546	0.02079	0.01417	0.01786	0.01041	0.01226	0.00894	0.00601	0.00506	0.00167	0.00799	0.00418	0.00296	0.00925
66	0.01004	0.00660	0.00753	0.00753	0.00753	0.00660	0.00423	0.00990	0.00990	0.01320	0.02110	0.04365	0.02427	0.72518	0.03444	0.04375	0.00660	0.00976	0.00409	0.00409
67	0.01796	0.66195	0.06617	0.01227	0.01814	0.02564	0.01226	0.02198	0.07635	0.01749	0.01130	0.01245	0.00987	0.00619	0.00472	0.00157	0.00728	0.00409	0.00329	0.00903
68	0.01366	0.01160	0.01362	0.01008	0.01564	0.00880	0.00795	0.01653	0.01409	0.02186	0.01447	0.08115	0.01331	0.00655	0.00540	0.00117	0.00497	0.00544	0.00426	0.72946
69	0.01763	0.11615	0.31866	0.01631	0.02270	0.07540	0.03410	0.02230	0.01539	0.13006	0.04244	0.06068	0.01439	0.00843	0.00795	0.00215	0.07529	0.00641	0.00423	0.00934
70	0.02026	0.02474	0.37001	0.01886	0.07025	0.01470	0.05047	0.08592	0.01775	0.23438	0.01719	0.01763	0.01165	0.00719	0.00674	0.00214	0.00852	0.00591	0.00498	0.01072
71	0.01462	0.01416	0.01944	0.01689	0.01736	0.01933	0.01394	0.01783	0.07326	0.01750	0.01164	0.01714	0.01089	0.01575	0.09352	0.00375	0.60564	0.00628	0.00342	0.00765
72	0.01817	0.69613	0.03512	0.01444	0.08077	0.02609	0.01255	0.02053	0.01405	0.01666	0.00981	0.01151	0.00897	0.00588	0.00461	0.00151	0.00739	0.00388	0.00297	0.00897
73	0.01590	0.01446	0.05009	0.40980	0.25397	0.01515	0.03689	0.02030	0.01490	0.08293	0.01377	0.01814	0.01038	0.00671	0.00684	0.00218	0.00861	0.00617	0.00364	0.00912
74	0.01425	0.01352	0.02292	0.51070	0.26915	0.01555	0.01966	0.01865	0.01431	0.01909	0.01239	0.01781	0.00969	0.00659	0.00682	0.00220	0.00879	0.00609	0.00315	0.00867
75	0.01157	0.00849	0.01143	0.01272	0.01450	0.00870	0.01101	0.01618	0.07800	0.02121	0.03547	0.07250	0.03770	0.01803	0.00922	0.00307	0.00622	0.61091	0.00636	0.00671
76	0.01939	0.01792	0.05426	0.10345	0.09273	0.06681	0.25879	0.08021	0.08922	0.12216	0.01679	0.01895	0.01222	0.00698	0.00724	0.00219	0.00918	0.00693	0.00474	0.00984
77	0.01911	0.02395	0.32871	0.07291	0.05381	0.03463	0.07535	0.08467	0.01758	0.17940	0.03332	0.01816	0.01242	0.00724	0.00681	0.00215	0.00878	0.00609	0.00470	0.01021
78	0.08120	0.00726	0.00843	0.00926	0.01062	0.00702	0.00684	0.01145	0.01373	0.01906	0.04057	0.33779	0.19135	0.08822	0.01077	0.00304	0.00466	0.13700	0.00594	0.00578
79	0.01140	0.00777	0.00864	0.00821	0.00870	0.00795	0.00495	0.07178	0.01196	0.01596	0.02109	0.04221	0.02368	0.69166	0.03229	0.00622	0.00671	0.00961	0.00439	0.00482
80	0.02278	0.23486	0.02374	0.01547	0.01985	0.41081	0.01256	0.08154	0.08084	0.01982	0.01232	0.01349	0.01013	0.00701	0.00580	0.00175	0.00990	0.00464	0.00394	0.00874
