[name]
unknown

[dist]
# distance from previous block
# <min> <max>
0	568

[block]
# block no. 0 follows, 34 sequences, length 12
# corresponding to MSA columns:
# 756-767
name=unknown_A
#
# <colnr> <probs for GDERKNQSTAVLIFYWHMCP>
#	G	D	E	R	K	N	Q	S	T	A	V	L	I	F	Y	W	H	M	C	P
0	0.01232	0.00976	0.01388	0.01716	0.15184	0.00997	0.01182	0.05119	0.06504	0.02099	0.02861	0.13275	0.03005	0.01464	0.00807	0.00262	0.00604	0.40048	0.00550	0.00725
1	0.01016	0.00802	0.00909	0.00948	0.01057	0.04436	0.00686	0.01285	0.05561	0.01900	0.19715	0.26937	0.03947	0.16159	0.01272	0.00316	0.00488	0.11420	0.00576	0.00571
2	0.01220	0.01148	0.01938	0.75739	0.04450	0.01436	0.01794	0.01651	0.01292	0.01651	0.01148	0.01723	0.00861	0.00646	0.00646	0.00215	0.00861	0.00574	0.00287	0.00718
3	0.01233	0.01148	0.01874	0.67783	0.04140	0.01374	0.01685	0.01648	0.01297	0.01699	0.01148	0.01682	0.00872	0.00628	0.00628	0.00203	0.00821	0.00554	0.00297	0.09285
4	0.01413	0.01148	0.01353	0.01064	0.01550	0.00973	0.00873	0.09725	0.01568	0.02303	0.01633	0.02509	0.01505	0.00765	0.00578	0.00146	0.00528	0.13586	0.00455	0.56327
5	0.00930	0.00783	0.00982	0.05302	0.01217	0.00840	0.00734	0.01089	0.01264	0.01637	0.05928	0.12657	0.32374	0.11885	0.08334	0.00364	0.11501	0.01130	0.00487	0.00561
6	0.02285	0.14856	0.02065	0.01520	0.01916	0.48929	0.01202	0.10038	0.05287	0.04439	0.01177	0.01283	0.00943	0.00675	0.00568	0.00169	0.00985	0.00446	0.00390	0.00826
7	0.01379	0.01534	0.03205	0.02325	0.02895	0.01425	0.57371	0.01850	0.01515	0.02007	0.02315	0.02604	0.14831	0.00755	0.00763	0.00218	0.00943	0.00878	0.00379	0.00809
8	0.00787	0.00562	0.00750	0.00900	0.00937	0.00525	0.00600	0.00900	0.01237	0.01649	0.03561	0.76871	0.04274	0.02024	0.00825	0.00262	0.00375	0.01837	0.00600	0.00525
9	0.16481	0.00774	0.00880	0.00820	0.01020	0.00771	0.00627	0.01350	0.01689	0.02650	0.59070	0.04100	0.05059	0.01182	0.00692	0.00203	0.00342	0.01011	0.00651	0.00627
10	0.02421	0.01639	0.17032	0.01456	0.02068	0.01136	0.08381	0.02806	0.01714	0.51279	0.02129	0.01976	0.01371	0.00734	0.00654	0.00203	0.00690	0.00625	0.00640	0.01046
11	0.01412	0.01528	0.03215	0.02335	0.02863	0.01440	0.57352	0.01852	0.01412	0.01913	0.01447	0.02221	0.01244	0.15305	0.01248	0.00296	0.01000	0.00797	0.00339	0.00779

[dist]
# distance from previous block
# <min> <max>
4	45

[block]
# block no. 1 follows, 34 sequences, length 44
# corresponding to MSA columns:
# 814-857
name=unknown_B
#
# <colnr> <probs for GDERKNQSTAVLIFYWHMCP>
#	G	D	E	R	K	N	Q	S	T	A	V	L	I	F	Y	W	H	M	C	P
0	0.01742	0.01328	0.01515	0.01115	0.01669	0.01182	0.00904	0.20886	0.01839	0.06968	0.01344	0.01450	0.01035	0.00580	0.00535	0.00129	0.00547	0.00454	0.00481	0.54299
1	0.00914	0.00722	0.00961	0.01011	0.01085	0.00746	0.00722	0.01044	0.01212	0.01672	0.03009	0.60863	0.03556	0.01784	0.00972	0.00252	0.10555	0.01553	0.00540	0.06825
2	0.01630	0.01593	0.02593	0.03880	0.70592	0.04276	0.01955	0.02005	0.01485	0.02091	0.01207	0.01583	0.01016	0.00579	0.00638	0.00191	0.00783	0.00570	0.00320	0.01013
3	0.01657	0.01377	0.01463	0.01309	0.01679	0.01582	0.01020	0.03422	0.69385	0.05441	0.02627	0.02403	0.01958	0.00874	0.00657	0.00218	0.00513	0.00727	0.00663	0.01026
4	0.01667	0.01342	0.01515	0.01112	0.01670	0.01196	0.00901	0.21985	0.01837	0.02682	0.01266	0.01402	0.00999	0.00566	0.00528	0.00124	0.00547	0.00441	0.00460	0.57760
5	0.01668	0.01138	0.01373	0.00998	0.01556	0.00880	0.00804	0.01947	0.01447	0.17166	0.01443	0.01521	0.01092	0.00546	0.00515	0.00118	0.00494	0.00439	0.00471	0.64386
6	0.10301	0.01114	0.01448	0.01121	0.01612	0.00997	0.00926	0.03032	0.01779	0.67071	0.02394	0.02091	0.01515	0.00781	0.00626	0.00200	0.00545	0.00622	0.00762	0.01062
7	0.00884	0.00649	0.00765	0.00765	0.00855	0.00643	0.00514	0.00984	0.01118	0.01453	0.03289	0.04431	0.22885	0.38828	0.18620	0.00599	0.00787	0.01008	0.00442	0.00478
8	0.01267	0.01185	0.01647	0.01450	0.01469	0.01598	0.01172	0.01403	0.00991	0.01504	0.01159	0.01991	0.01183	0.12367	0.14196	0.00455	0.53376	0.00638	0.00308	0.00642
9	0.15233	0.02921	0.58997	0.01739	0.04829	0.01493	0.02082	0.02019	0.01322	0.02196	0.01116	0.01317	0.00805	0.00610	0.00578	0.00203	0.00870	0.00459	0.00296	0.00913
10	0.01509	0.01712	0.03715	0.06532	0.03433	0.01624	0.67309	0.02048	0.01513	0.02048	0.01299	0.01742	0.00974	0.00550	0.00756	0.00218	0.01077	0.00753	0.00325	0.00863
11	0.01243	0.01042	0.01652	0.50857	0.03358	0.01238	0.04109	0.01699	0.04070	0.01901	0.01457	0.01925	0.01112	0.00678	0.00601	0.00199	0.00714	0.00595	0.20844	0.00706
12	0.01471	0.01462	0.02658	0.25130	0.38649	0.01525	0.15816	0.01901	0.01429	0.01965	0.01214	0.01665	0.00966	0.00590	0.00666	0.00204	0.00860	0.00613	0.00311	0.00902
13	0.01540	0.01701	0.03573	0.02974	0.17458	0.01614	0.57026	0.02052	0.01514	0.02078	0.01289	0.01714	0.00989	0.00551	0.00738	0.00213	0.01025	0.00725	0.00325	0.00902
14	0.00787	0.00562	0.00750	0.00900	0.00937	0.00525	0.00600	0.00900	0.01237	0.01649	0.03561	0.76871	0.04274	0.02024	0.00825	0.00262	0.00375	0.01837	0.00600	0.00525
15	0.01296	0.03342	0.73944	0.01842	0.02797	0.01501	0.02387	0.02046	0.01364	0.02046	0.01160	0.01364	0.00818	0.00614	0.00614	0.00205	0.00955	0.00477	0.00273	0.00955
16	0.01220	0.01148	0.01938	0.75739	0.04450	0.01436	0.01794	0.01651	0.01292	0.01651	0.01148	0.01723	0.00861	0.00646	0.00646	0.00215	0.00861	0.00574	0.00287	0.00718
17	0.02899	0.01100	0.01499	0.01150	0.01649	0.00950	0.00950	0.03149	0.01849	0.73709	0.02549	0.02199	0.01599	0.00800	0.00650	0.00200	0.00550	0.00650	0.00800	0.01100
18	0.01599	0.01535	0.02623	0.03966	0.73262	0.01535	0.01983	0.01983	0.01471	0.02111	0.01215	0.01599	0.01023	0.00576	0.00640	0.00192	0.00768	0.00576	0.00320	0.01023
19	0.01510	0.01277	0.01389	0.01293	0.01621	0.01459	0.01026	0.03073	0.59959	0.02571	0.02766	0.03249	0.02273	0.01033	0.00698	0.00233	0.00526	0.12449	0.00647	0.00949
20	0.68556	0.01343	0.01115	0.00956	0.01376	0.01542	0.00788	0.13493	0.01424	0.03096	0.01009	0.01134	0.00767	0.00629	0.00441	0.00199	0.00535	0.00389	0.00441	0.00767
21	0.01727	0.77681	0.03386	0.01106	0.01658	0.02557	0.01106	0.01935	0.01313	0.01520	0.00898	0.01036	0.00829	0.00553	0.00415	0.00138	0.00691	0.00345	0.00276	0.00829
22	0.00852	0.00612	0.00810	0.00945	0.01014	0.00581	0.00685	0.01004	0.01290	0.01699	0.03589	0.53788	0.07266	0.05878	0.00966	0.00287	0.00436	0.17174	0.00588	0.00535
23	0.00787	0.00562	0.00750	0.00900	0.00937	0.00525	0.00600	0.00900	0.01237	0.01649	0.03561	0.76871	0.04274	0.02024	0.00825	0.00262	0.00375	0.01837	0.00600	0.00525
24	0.01585	0.01520	0.02596	0.06713	0.70628	0.01531	0.01976	0.01970	0.01464	0.02093	0.01213	0.01604	0.01017	0.00578	0.00640	0.00193	0.00771	0.00576	0.00319	0.01012
25	0.02832	0.01146	0.01521	0.01173	0.01669	0.01027	0.00967	0.06704	0.04303	0.67659	0.02500	0.02173	0.01586	0.00801	0.00650	0.00200	0.00557	0.00649	0.00787	0.01097
26	0.01599	0.01535	0.02623	0.03966	0.73262	0.01535	0.01983	0.01983	0.01471	0.02111	0.01215	0.01599	0.01023	0.00576	0.00640	0.00192	0.00768	0.00576	0.00320	0.01023
27	0.00764	0.00655	0.00655	0.00655	0.00873	0.00545	0.00491	0.00927	0.01473	0.01745	0.06546	0.06218	0.73000	0.01636	0.00764	0.00218	0.00327	0.01364	0.00600	0.00545
28	0.01534	0.01717	0.03663	0.02879	0.12147	0.01622	0.62265	0.02059	0.01518	0.02075	0.01296	0.01725	0.00986	0.00549	0.00747	0.00215	0.01049	0.00739	0.00326	0.00891
29	0.01551	0.01685	0.03494	0.09097	0.06735	0.01631	0.57951	0.05630	0.01581	0.02140	0.01302	0.01724	0.00978	0.00567	0.00740	0.00215	0.01034	0.00728	0.00340	0.00877
30	0.01220	0.01148	0.01938	0.75739	0.04450	0.01436	0.01794	0.01651	0.01292	0.01651	0.01148	0.01723	0.00861	0.00646	0.00646	0.00215	0.00861	0.00574	0.00287	0.00718
31	0.01340	0.01148	0.01340	0.00957	0.01531	0.00861	0.00766	0.01627	0.01340	0.02105	0.01148	0.01340	0.00957	0.00479	0.00479	0.00096	0.00479	0.00383	0.00383	0.81242
32	0.15682	0.36579	0.02333	0.01171	0.01655	0.16348	0.01027	0.05259	0.01462	0.01964	0.00980	0.01126	0.00836	0.00584	0.00464	0.00152	0.00726	0.00376	0.00340	0.10936
33	0.01220	0.01148	0.01938	0.75739	0.04450	0.01436	0.01794	0.01651	0.01292	0.01651	0.01148	0.01723	0.00861	0.00646	0.00646	0.00215	0.00861	0.00574	0.00287	0.00718
34	0.01394	0.08895	0.27514	0.02028	0.02699	0.01547	0.30236	0.01977	0.03524	0.02001	0.01531	0.05587	0.01311	0.00746	0.00690	0.00215	0.00918	0.05976	0.00347	0.00863
35	0.01368	0.15795	0.62125	0.01718	0.02606	0.01677	0.02173	0.02028	0.01356	0.01958	0.01116	0.01309	0.00820	0.00604	0.00580	0.00193	0.00911	0.00455	0.00273	0.00934
36	0.00787	0.00562	0.00750	0.00900	0.00937	0.00525	0.00600	0.00900	0.01237	0.01649	0.03561	0.76871	0.04274	0.02024	0.00825	0.00262	0.00375	0.01837	0.00600	0.00525
37	0.01141	0.02284	0.45101	0.01431	0.02071	0.01147	0.01682	0.01711	0.01537	0.02235	0.27425	0.02773	0.04968	0.00903	0.00672	0.00205	0.00699	0.00756	0.00442	0.00817
38	0.01235	0.01177	0.02027	0.72254	0.04399	0.01445	0.05094	0.01671	0.01303	0.01671	0.01156	0.01724	0.00867	0.00641	0.00652	0.00215	0.00872	0.00583	0.00289	0.00725
39	0.01304	0.01334	0.02578	0.40670	0.03733	0.01438	0.28969	0.01753	0.01379	0.01816	0.01413	0.08014	0.01194	0.00721	0.00707	0.00220	0.00911	0.00754	0.00329	0.00762
40	0.01414	0.01414	0.01979	0.01696	0.01696	0.01979	0.01414	0.01555	0.00990	0.01555	0.00848	0.01414	0.00848	0.01131	0.02120	0.00283	0.76110	0.00565	0.00283	0.00707
41	0.00764	0.00655	0.00655	0.00655	0.00873	0.00545	0.00491	0.00927	0.01473	0.01745	0.06546	0.06218	0.73000	0.01636	0.00764	0.00218	0.00327	0.01364	0.00600	0.00545
42	0.00787	0.00562	0.00750	0.00900	0.00937	0.00525	0.00600	0.00900	0.01237	0.01649	0.03561	0.76871	0.04274	0.02024	0.00825	0.00262	0.00375	0.01837	0.00600	0.00525
43	0.01316	0.06826	0.70638	0.01807	0.02743	0.01550	0.02327	0.02041	0.01362	0.02022	0.01147	0.01349	0.00819	0.00611	0.00605	0.00202	0.00943	0.00471	0.00273	0.00949

[dist]
# distance from previous block
# <min> <max>
0	1

[block]
# block no. 2 follows, 34 sequences, length 70
# corresponding to MSA columns:
# 859-928
name=unknown_C
#
# <colnr> <probs for GDERKNQSTAVLIFYWHMCP>
#	G	D	E	R	K	N	Q	S	T	A	V	L	I	F	Y	W	H	M	C	P
0	0.01639	0.54823	0.03233	0.01405	0.01944	0.02190	0.15868	0.01926	0.01362	0.01715	0.01091	0.01306	0.00934	0.00569	0.00492	0.00156	0.00741	0.00456	0.07333	0.00818
1	0.01197	0.08441	0.27496	0.04152	0.01925	0.01176	0.01405	0.01656	0.01502	0.02136	0.22081	0.03014	0.02686	0.00931	0.00657	0.00197	0.00646	0.08393	0.00449	0.09861
2	0.46182	0.04229	0.01246	0.00994	0.01389	0.03423	0.00817	0.18116	0.01620	0.03015	0.01234	0.01371	0.00943	0.00664	0.00471	0.00188	0.00545	0.00443	0.12326	0.00785
3	0.01517	0.01585	0.01964	0.01693	0.01727	0.09460	0.01397	0.01660	0.01076	0.01558	0.00864	0.01388	0.00847	0.01083	0.01962	0.00271	0.68400	0.00550	0.00288	0.00711
4	0.00872	0.00655	0.00807	0.00777	0.00941	0.00590	0.00580	0.01134	0.01717	0.02343	0.53629	0.07948	0.22780	0.01427	0.00765	0.00209	0.00313	0.01243	0.00679	0.00590
5	0.01727	0.77681	0.03386	0.01106	0.01658	0.02557	0.01106	0.01935	0.01313	0.01520	0.00898	0.01036	0.00829	0.00553	0.00415	0.00138	0.00691	0.00345	0.00276	0.00829
6	0.01340	0.01148	0.01340	0.00957	0.01531	0.00861	0.00766	0.01627	0.01340	0.02105	0.01148	0.01340	0.00957	0.00479	0.00479	0.00096	0.00479	0.00383	0.00383	0.81242
7	0.02456	0.01810	0.01939	0.01487	0.02004	0.02004	0.01228	0.71107	0.03038	0.04072	0.01551	0.01551	0.01099	0.00776	0.00646	0.00194	0.00711	0.00582	0.00646	0.01099
8	0.00786	0.00566	0.00746	0.00890	0.00935	0.00526	0.00596	0.00901	0.01246	0.01653	0.03675	0.74181	0.06889	0.02010	0.00822	0.00261	0.00373	0.01819	0.00600	0.00526
9	0.02823	0.01083	0.01475	0.01137	0.01623	0.00937	0.00937	0.03075	0.01849	0.70971	0.05258	0.02300	0.01773	0.00820	0.00654	0.00200	0.00540	0.00670	0.00796	0.01081
10	0.01296	0.03342	0.73944	0.01842	0.02797	0.01501	0.02387	0.02046	0.01364	0.02046	0.01160	0.01364	0.00818	0.00614	0.00614	0.00205	0.00955	0.00477	0.00273	0.00955
11	0.01427	0.01359	0.02311	0.36667	0.41910	0.01490	0.01897	0.01832	0.01390	0.01901	0.01185	0.01655	0.00950	0.00608	0.00643	0.00203	0.00810	0.00575	0.00305	0.00884
12	0.01506	0.01670	0.03526	0.09233	0.10660	0.01606	0.57782	0.02024	0.01499	0.02037	0.01284	0.01726	0.00974	0.00557	0.00740	0.00215	0.01036	0.00727	0.00323	0.00874
13	0.01220	0.01148	0.01938	0.75739	0.04450	0.01436	0.01794	0.01651	0.01292	0.01651	0.01148	0.01723	0.00861	0.00646	0.00646	0.00215	0.00861	0.00574	0.00287	0.00718
14	0.01058	0.00777	0.01135	0.01242	0.01407	0.00774	0.03396	0.01363	0.01489	0.01938	0.03350	0.07102	0.03626	0.01743	0.00888	0.00295	0.00612	0.66616	0.00586	0.00604
15	0.00787	0.00562	0.00750	0.00900	0.00937	0.00525	0.00600	0.00900	0.01237	0.01649	0.03561	0.76871	0.04274	0.02024	0.00825	0.00262	0.00375	0.01837	0.00600	0.00525
16	0.01541	0.01879	0.16194	0.03562	0.59853	0.01529	0.02060	0.01995	0.01451	0.02099	0.01205	0.01554	0.00984	0.00583	0.00635	0.00194	0.00803	0.00557	0.00311	0.01010
17	0.01599	0.01535	0.02623	0.03966	0.73262	0.01535	0.01983	0.01983	0.01471	0.02111	0.01215	0.01599	0.01023	0.00576	0.00640	0.00192	0.00768	0.00576	0.00320	0.01023
18	0.02721	0.01047	0.01405	0.01092	0.01555	0.00913	0.00897	0.02976	0.01797	0.66213	0.02503	0.02221	0.01605	0.00795	0.00629	0.00195	0.00524	0.00645	0.09218	0.01047
19	0.01152	0.01052	0.01738	0.58767	0.06401	0.01266	0.01574	0.01521	0.01288	0.01668	0.01610	0.16017	0.01517	0.00906	0.00680	0.00223	0.00765	0.00815	0.00348	0.00693
20	0.00787	0.00562	0.00750	0.00900	0.00937	0.00525	0.00600	0.00900	0.01237	0.01649	0.03561	0.76871	0.04274	0.02024	0.00825	0.00262	0.00375	0.01837	0.00600	0.00525
21	0.02434	0.01057	0.01525	0.01185	0.01629	0.00928	0.05311	0.02713	0.01825	0.55644	0.15861	0.02670	0.02416	0.00883	0.00678	0.00202	0.00537	0.00756	0.00753	0.00992
22	0.01727	0.77681	0.03386	0.01106	0.01658	0.02557	0.01106	0.01935	0.01313	0.01520	0.00898	0.01036	0.00829	0.00553	0.00415	0.00138	0.00691	0.00345	0.00276	0.00829
23	0.01729	0.01632	0.02972	0.02205	0.02696	0.01699	0.41137	0.11271	0.03951	0.07387	0.01384	0.01709	0.01048	0.00716	0.00994	0.00226	0.15257	0.00692	0.00406	0.00892
24	0.00787	0.00562	0.00750	0.00900	0.00937	0.00525	0.00600	0.00900	0.01237	0.01649	0.03561	0.76871	0.04274	0.02024	0.00825	0.00262	0.00375	0.01837	0.00600	0.00525
25	0.02414	0.03079	0.01831	0.01665	0.01998	0.74698	0.01248	0.02580	0.01831	0.01581	0.00999	0.01165	0.00832	0.00666	0.00583	0.00166	0.01165	0.00416	0.00333	0.00749
26	0.01995	0.49769	0.02850	0.01251	0.01785	0.04575	0.01151	0.25323	0.01911	0.02384	0.01122	0.01214	0.00920	0.00632	0.00498	0.00158	0.00712	0.00427	0.00403	0.00918
27	0.01539	0.01703	0.03586	0.02960	0.16675	0.01615	0.57799	0.02053	0.01515	0.02078	0.01290	0.01716	0.00989	0.00551	0.00739	0.00213	0.01028	0.00727	0.00325	0.00900
28	0.00779	0.00596	0.00715	0.00809	0.00913	0.00532	0.00560	0.00910	0.01324	0.01685	0.04661	0.50842	0.29592	0.01881	0.00802	0.00246	0.00357	0.01663	0.00600	0.00532
29	0.02303	0.01741	0.02164	0.01633	0.02160	0.01872	0.11479	0.56519	0.02725	0.06371	0.01568	0.01627	0.01115	0.00742	0.00659	0.00197	0.00750	0.00612	0.02712	0.01052
30	0.01414	0.01414	0.01979	0.01696	0.01696	0.01979	0.01414	0.01555	0.00990	0.01555	0.00848	0.01414	0.00848	0.01131	0.02120	0.00283	0.76110	0.00565	0.00283	0.00707
31	0.01220	0.01148	0.01938	0.75739	0.04450	0.01436	0.01794	0.01651	0.01292	0.01651	0.01148	0.01723	0.00861	0.00646	0.00646	0.00215	0.00861	0.00574	0.00287	0.00718
32	0.01340	0.01148	0.01340	0.00957	0.01531	0.00861	0.00766	0.01627	0.01340	0.02105	0.01148	0.01340	0.00957	0.00479	0.00479	0.00096	0.00479	0.00383	0.00383	0.81242
33	0.81856	0.01250	0.00950	0.00850	0.01250	0.01449	0.00700	0.01899	0.01100	0.02899	0.00900	0.01050	0.00700	0.00600	0.00400	0.00200	0.00500	0.00350	0.00400	0.00700
34	0.01340	0.01148	0.01340	0.00957	0.01531	0.00861	0.00766	0.01627	0.01340	0.02105	0.01148	0.01340	0.00957	0.00479	0.00479	0.00096	0.00479	0.00383	0.00383	0.81242
35	0.00787	0.00562	0.00750	0.00900	0.00937	0.00525	0.00600	0.00900	0.01237	0.01649	0.03561	0.76871	0.04274	0.02024	0.00825	0.00262	0.00375	0.01837	0.00600	0.00525
36	0.01334	0.09840	0.67777	0.01777	0.02697	0.01593	0.02275	0.02037	0.01360	0.02000	0.01137	0.01336	0.00819	0.00609	0.00596	0.00199	0.00932	0.00466	0.00273	0.00944
37	0.00787	0.00562	0.00750	0.00900	0.00937	0.00525	0.00600	0.00900	0.01237	0.01649	0.03561	0.76871	0.04274	0.02024	0.00825	0.00262	0.00375	0.01837	0.00600	0.00525
38	0.00764	0.00655	0.00655	0.00655	0.00873	0.00545	0.00491	0.00927	0.01473	0.01745	0.06546	0.06218	0.73000	0.01636	0.00764	0.00218	0.00327	0.01364	0.00600	0.00545
39	0.08555	0.01776	0.10273	0.02995	0.32733	0.01562	0.28530	0.02016	0.01449	0.02157	0.01217	0.01582	0.00957	0.00570	0.00663	0.00204	0.00888	0.00618	0.00325	0.00929
40	0.01599	0.01535	0.02623	0.03966	0.73262	0.01535	0.01983	0.01983	0.01471	0.02111	0.01215	0.01599	0.01023	0.00576	0.00640	0.00192	0.00768	0.00576	0.00320	0.01023
41	0.02414	0.03079	0.01831	0.01665	0.01998	0.74698	0.01248	0.02580	0.01831	0.01581	0.00999	0.01165	0.00832	0.00666	0.00583	0.00166	0.01165	0.00416	0.00333	0.00749
42	0.00764	0.00655	0.00655	0.00655	0.00873	0.00545	0.00491	0.00927	0.01473	0.01745	0.06546	0.06218	0.73000	0.01636	0.00764	0.00218	0.00327	0.01364	0.00600	0.00545
43	0.00787	0.00562	0.00750	0.00900	0.00937	0.00525	0.00600	0.00900	0.01237	0.01649	0.03561	0.76871	0.04274	0.02024	0.00825	0.00262	0.00375	0.01837	0.00600	0.00525
44	0.01414	0.01414	0.01979	0.01696	0.01696	0.01979	0.01414	0.01555	0.00990	0.01555	0.00848	0.01414	0.00848	0.01131	0.02120	0.00283	0.76110	0.00565	0.00283	0.00707
45	0.01728	0.01284	0.01414	0.01248	0.01613	0.01427	0.00976	0.03200	0.56065	0.12688	0.08763	0.02592	0.02280	0.00905	0.00666	0.00215	0.00499	0.00757	0.00682	0.00997
46	0.01348	0.12338	0.65406	0.01753	0.02659	0.01628	0.02232	0.02033	0.01358	0.01983	0.01128	0.01325	0.00820	0.00606	0.00590	0.00197	0.00923	0.00461	0.00273	0.00940
47	0.01341	0.03076	0.63421	0.02155	0.13193	0.01506	0.02328	0.02037	0.01380	0.02056	0.01168	0.01399	0.00849	0.00608	0.00618	0.00203	0.00927	0.00492	0.00280	0.00965
48	0.01457	0.01360	0.01380	0.01049	0.01571	0.08980	0.00827	0.01832	0.06245	0.02077	0.01410	0.01553	0.03365	0.00564	0.00511	0.00116	0.00551	0.00442	0.00403	0.64306
49	0.00764	0.00655	0.00655	0.00655	0.00873	0.00545	0.00491	0.00927	0.01473	0.01745	0.06546	0.06218	0.73000	0.01636	0.00764	0.00218	0.00327	0.01364	0.00600	0.00545
50	0.01296	0.03342	0.73944	0.01842	0.02797	0.01501	0.02387	0.02046	0.01364	0.02046	0.01160	0.01364	0.00818	0.00614	0.00614	0.00205	0.00955	0.00477	0.00273	0.00955
51	0.01413	0.01436	0.04817	0.45846	0.14028	0.04316	0.05174	0.03701	0.09144	0.01928	0.01333	0.01741	0.01016	0.00659	0.00648	0.00210	0.00832	0.00591	0.00345	0.00824
52	0.02202	0.00957	0.01248	0.01029	0.01428	0.00830	0.00843	0.02434	0.01723	0.49415	0.03626	0.03651	0.19664	0.01095	0.00700	0.00213	0.00498	0.06795	0.00732	0.00917
53	0.00909	0.00660	0.00857	0.00808	0.00962	0.00608	0.00606	0.01210	0.01817	0.02563	0.70694	0.04873	0.08341	0.01332	0.00762	0.00204	0.00306	0.01175	0.00708	0.00608
54	0.01599	0.01535	0.02623	0.03966	0.73262	0.01535	0.01983	0.01983	0.01471	0.02111	0.01215	0.01599	0.01023	0.00576	0.00640	0.00192	0.00768	0.00576	0.00320	0.01023
55	0.01552	0.02860	0.55094	0.01713	0.02539	0.01530	0.02049	0.09794	0.07800	0.06873	0.01420	0.01530	0.01000	0.00666	0.00624	0.00204	0.00864	0.00522	0.00381	0.00986
56	0.81856	0.01250	0.00950	0.00850	0.01250	0.01449	0.00700	0.01899	0.01100	0.02899	0.00900	0.01050	0.00700	0.00600	0.00400	0.00200	0.00500	0.00350	0.00400	0.00700
57	0.01257	0.00979	0.01438	0.10654	0.01784	0.01090	0.05403	0.01564	0.05066	0.08533	0.08201	0.27638	0.06660	0.01334	0.01010	0.00242	0.14822	0.01119	0.00514	0.00694
58	0.00818	0.00643	0.00739	0.00743	0.00913	0.00564	0.00547	0.01022	0.01559	0.02017	0.28542	0.15848	0.40573	0.01585	0.00772	0.00219	0.00326	0.01365	0.00638	0.00564
59	0.01759	0.08276	0.06546	0.01202	0.01752	0.08837	0.01040	0.10775	0.05189	0.07920	0.01347	0.01445	0.01043	0.00596	0.00536	0.00141	0.00636	0.00453	0.00441	0.40065
60	0.00934	0.00649	0.00819	0.00819	0.00858	0.00688	0.00534	0.01013	0.00973	0.01337	0.01932	0.03651	0.02098	0.52537	0.27701	0.00767	0.01004	0.00855	0.00376	0.00455
61	0.01702	0.01470	0.02384	0.05645	0.57531	0.01488	0.01788	0.02224	0.08764	0.08416	0.01475	0.01739	0.01166	0.00628	0.00643	0.00196	0.00725	0.00598	0.00396	0.01021
62	0.02721	0.01201	0.01548	0.01182	0.01689	0.01088	0.00974	0.12397	0.01975	0.58730	0.02306	0.02045	0.01482	0.00772	0.00636	0.00191	0.00567	0.00620	0.00747	0.07127
63	0.01607	0.01388	0.01461	0.01315	0.01680	0.01607	0.01023	0.03433	0.72094	0.02703	0.02630	0.02411	0.01972	0.00877	0.00657	0.00219	0.00511	0.00731	0.00657	0.01023
64	0.01681	0.08971	0.01392	0.01004	0.01321	0.01310	0.00817	0.27017	0.01957	0.02861	0.01906	0.08462	0.01596	0.00852	0.00552	0.00175	0.00498	0.00676	0.36152	0.00801
65	0.01334	0.09840	0.67777	0.01777	0.02697	0.01593	0.02275	0.02037	0.01360	0.02000	0.01137	0.01336	0.00819	0.00609	0.00596	0.00199	0.00932	0.00466	0.00273	0.00944
66	0.66692	0.01417	0.07387	0.00967	0.01426	0.01403	0.00873	0.02041	0.01200	0.10109	0.01092	0.01195	0.00803	0.00622	0.00444	0.00200	0.00545	0.00392	0.00430	0.00763
67	0.01575	0.01377	0.02434	0.01858	0.02300	0.01360	0.32601	0.09838	0.06441	0.08254	0.09212	0.13195	0.02120	0.00932	0.00786	0.00221	0.03225	0.00924	0.00503	0.00843
68	0.01477	0.01136	0.01237	0.01210	0.04049	0.07403	0.00867	0.16195	0.01819	0.07176	0.14142	0.34562	0.03295	0.01388	0.00737	0.00223	0.00530	0.01209	0.00607	0.00738
69	0.10607	0.01538	0.01480	0.03224	0.01731	0.11388	0.01018	0.02811	0.34490	0.10964	0.01950	0.01901	0.01457	0.00771	0.00655	0.00197	0.03487	0.00590	0.00550	0.09192

[dist]
# distance from previous block
# <min> <max>
0	2

[block]
# block no. 3 follows, 34 sequences, length 6
# corresponding to MSA columns:
# 931-936
name=unknown_D
#
# <colnr> <probs for GDERKNQSTAVLIFYWHMCP>
#	G	D	E	R	K	N	Q	S	T	A	V	L	I	F	Y	W	H	M	C	P
0	0.01793	0.01392	0.02018	0.24140	0.23031	0.01518	0.01551	0.13595	0.10653	0.11424	0.01598	0.01806	0.01181	0.00696	0.00646	0.00204	0.00726	0.00605	0.00467	0.00955
1	0.01130	0.00920	0.01112	0.00919	0.01288	0.00735	0.00698	0.01376	0.01394	0.02070	0.13574	0.21012	0.02642	0.01008	0.00613	0.00156	0.00424	0.00880	0.00492	0.47558
2	0.01666	0.01373	0.02602	0.11336	0.02770	0.01334	0.35626	0.02158	0.05581	0.15967	0.01890	0.11366	0.01559	0.00813	0.00728	0.00220	0.00832	0.00851	0.00468	0.00861
3	0.01652	0.01425	0.01749	0.01479	0.01699	0.01749	0.01203	0.19398	0.13250	0.02413	0.01565	0.08069	0.01395	0.01046	0.01322	0.00240	0.34687	0.00697	0.00468	0.04493
4	0.01340	0.01148	0.01340	0.00957	0.01531	0.00861	0.00766	0.01627	0.01340	0.02105	0.01148	0.01340	0.00957	0.00479	0.00479	0.00096	0.00479	0.00383	0.00383	0.81242
5	0.01667	0.18009	0.20385	0.01518	0.02052	0.07499	0.03696	0.10541	0.13203	0.02189	0.01525	0.01648	0.03370	0.00756	0.00758	0.00198	0.09140	0.00547	0.00400	0.00898

[dist]
# distance from previous block
# <min> <max>
0	1

[block]
# block no. 4 follows, 34 sequences, length 16
# corresponding to MSA columns:
# 938-953
name=unknown_E
#
# <colnr> <probs for GDERKNQSTAVLIFYWHMCP>
#	G	D	E	R	K	N	Q	S	T	A	V	L	I	F	Y	W	H	M	C	P
0	0.00979	0.00744	0.01068	0.01069	0.01204	0.00857	0.00840	0.01324	0.05935	0.01615	0.01921	0.02892	0.01800	0.04341	0.64037	0.00926	0.01561	0.05893	0.00386	0.00609
1	0.00917	0.00667	0.00800	0.00807	0.00979	0.00618	0.00631	0.01168	0.01560	0.02122	0.27474	0.05321	0.27844	0.01607	0.04255	0.00257	0.00427	0.12211	0.09749	0.00583
2	0.19927	0.01301	0.01193	0.01115	0.01416	0.07363	0.00855	0.02450	0.33028	0.02461	0.02210	0.14155	0.01938	0.00974	0.00604	0.00212	0.00524	0.00788	0.06674	0.00813
3	0.01185	0.13546	0.06366	0.00967	0.01310	0.01077	0.00823	0.01396	0.01216	0.01676	0.01965	0.04404	0.07045	0.21807	0.08084	0.00362	0.00692	0.03750	0.00388	0.21942
4	0.06859	0.10275	0.50203	0.01558	0.02373	0.01500	0.01883	0.01958	0.01337	0.02062	0.01114	0.01306	0.00834	0.00585	0.00558	0.00180	0.00821	0.00440	0.00300	0.13857
5	0.01553	0.47670	0.31870	0.01403	0.02118	0.02130	0.01623	0.01980	0.01334	0.01733	0.01004	0.01169	0.00825	0.00577	0.00495	0.00165	0.00798	0.00399	0.00275	0.00880
6	0.01777	0.53317	0.14515	0.01286	0.01898	0.02296	0.01332	0.13249	0.01603	0.02022	0.01047	0.01173	0.00871	0.00599	0.00485	0.00158	0.00737	0.00405	0.00336	0.00893
7	0.09825	0.01571	0.01671	0.01317	0.01764	0.01726	0.01078	0.53211	0.02657	0.03721	0.12984	0.02031	0.01866	0.00847	0.00641	0.00196	0.00625	0.00654	0.00633	0.00982
8	0.14798	0.01488	0.02307	0.01765	0.02237	0.01528	0.28009	0.21566	0.01840	0.02708	0.01680	0.13894	0.01508	0.00862	0.00680	0.00215	0.00768	0.00820	0.00475	0.00851
9	0.07522	0.01581	0.01696	0.01319	0.01805	0.01683	0.01076	0.50515	0.02512	0.03513	0.01578	0.06557	0.01263	0.00800	0.00615	0.00183	0.00637	0.00619	0.00584	0.13942
10	0.02230	0.01778	0.05940	0.01451	0.01947	0.01833	0.01234	0.60425	0.02770	0.03724	0.01722	0.08766	0.01387	0.00886	0.00662	0.00201	0.00693	0.00696	0.00621	0.01036
11	0.09724	0.02377	0.38136	0.01480	0.02220	0.01432	0.01655	0.13222	0.01605	0.02478	0.01194	0.01357	0.00884	0.00608	0.00566	0.00178	0.00760	0.00460	0.00372	0.19293
12	0.35447	0.04891	0.09587	0.01156	0.01684	0.01552	0.01056	0.19973	0.01685	0.02921	0.01140	0.01263	0.00865	0.00626	0.00502	0.00179	0.00611	0.00430	0.00442	0.13991
13	0.07157	0.15556	0.12398	0.01286	0.01881	0.04574	0.05133	0.05161	0.01500	0.11869	0.01299	0.01411	0.00986	0.00589	0.00533	0.00155	0.00672	0.00456	0.00412	0.26971
14	0.03287	0.01448	0.01602	0.01260	0.01742	0.04524	0.03126	0.21132	0.14518	0.07555	0.01716	0.04884	0.01354	0.00731	0.00595	0.00168	0.00597	0.00592	0.00538	0.28631
15	0.07224	0.01363	0.01708	0.08976	0.02036	0.01445	0.06382	0.29072	0.04743	0.07752	0.09540	0.07222	0.03361	0.00884	0.00657	0.00200	0.00634	0.00744	0.00567	0.05489

[dist]
# distance from previous block
# <min> <max>
12	297

[block]
# block no. 5 follows, 34 sequences, length 22
# corresponding to MSA columns:
# 1411-1432
name=unknown_F
#
# <colnr> <probs for GDERKNQSTAVLIFYWHMCP>
#	G	D	E	R	K	N	Q	S	T	A	V	L	I	F	Y	W	H	M	C	P
0	0.02078	0.01543	0.01840	0.01459	0.01854	0.03025	0.04198	0.33664	0.06868	0.12203	0.01878	0.01935	0.05386	0.00880	0.00930	0.00211	0.14865	0.00641	0.00566	0.03977
1	0.03676	0.23740	0.07875	0.03852	0.09312	0.08467	0.01232	0.04739	0.01542	0.11683	0.04406	0.01547	0.01212	0.00638	0.00543	0.00162	0.00696	0.00486	0.00410	0.13782
2	0.09874	0.01328	0.01531	0.01320	0.05379	0.05489	0.01004	0.13172	0.01864	0.38330	0.02054	0.07075	0.01506	0.00821	0.00622	0.00194	0.00600	0.00658	0.00643	0.06536
3	0.17707	0.09363	0.05342	0.01055	0.01605	0.01315	0.00923	0.09283	0.01474	0.02414	0.01117	0.01274	0.00900	0.00550	0.00481	0.00138	0.00555	0.00399	0.00398	0.43707
4	0.43920	0.01282	0.01477	0.01616	0.15865	0.01387	0.04654	0.06995	0.01376	0.02612	0.01590	0.07926	0.05360	0.00786	0.00543	0.00205	0.00580	0.00619	0.00427	0.00780
5	0.01698	0.01777	0.09146	0.03207	0.49903	0.05369	0.04021	0.05189	0.06516	0.04889	0.01366	0.01636	0.01084	0.00621	0.00640	0.00195	0.00788	0.00578	0.00372	0.01004
6	0.01575	0.39138	0.20923	0.01678	0.08750	0.02000	0.06384	0.04946	0.01427	0.01865	0.01190	0.05214	0.01047	0.00657	0.00542	0.00174	0.00777	0.00518	0.00316	0.00878
7	0.01589	0.01376	0.02243	0.03187	0.54440	0.01334	0.01662	0.01928	0.01463	0.07087	0.01522	0.08666	0.01362	0.00718	0.00642	0.00190	0.00687	0.00680	0.00386	0.08840
8	0.02242	0.02339	0.01942	0.01824	0.08963	0.43049	0.06120	0.07424	0.01843	0.11383	0.01612	0.01710	0.05224	0.00731	0.00625	0.00182	0.00958	0.00555	0.00431	0.00844
9	0.01332	0.01263	0.02141	0.54476	0.24836	0.01465	0.01850	0.01749	0.01345	0.01787	0.01168	0.01686	0.00909	0.00625	0.00644	0.00208	0.00834	0.00575	0.00297	0.00808
10	0.01562	0.01497	0.02556	0.10996	0.66521	0.01525	0.01965	0.01950	0.01454	0.02066	0.01209	0.01611	0.01008	0.00583	0.00640	0.00194	0.00777	0.00576	0.00317	0.00994
11	0.01599	0.01535	0.02623	0.03966	0.73262	0.01535	0.01983	0.01983	0.01471	0.02111	0.01215	0.01599	0.01023	0.00576	0.00640	0.00192	0.00768	0.00576	0.00320	0.01023
12	0.02287	0.01807	0.01811	0.01412	0.01901	0.08477	0.01150	0.54923	0.02686	0.03577	0.01486	0.01534	0.01085	0.00735	0.00615	0.00180	0.00711	0.00548	0.04179	0.08895
13	0.01599	0.01535	0.02623	0.03966	0.73262	0.01535	0.01983	0.01983	0.01471	0.02111	0.01215	0.01599	0.01023	0.00576	0.00640	0.00192	0.00768	0.00576	0.00320	0.01023
14	0.01749	0.01580	0.01701	0.01440	0.01806	0.10840	0.07329	0.18447	0.26955	0.02681	0.07096	0.11430	0.02110	0.00970	0.00683	0.00211	0.00662	0.00827	0.00580	0.00901
15	0.01599	0.01535	0.02623	0.03966	0.73262	0.01535	0.01983	0.01983	0.01471	0.02111	0.01215	0.01599	0.01023	0.00576	0.00640	0.00192	0.00768	0.00576	0.00320	0.01023
16	0.01992	0.01523	0.01978	0.01524	0.01994	0.01601	0.11102	0.33166	0.09811	0.08934	0.07659	0.01975	0.01614	0.00791	0.00725	0.00197	0.04046	0.00660	0.00580	0.08126
17	0.01355	0.01285	0.02379	0.01802	0.02253	0.01211	0.35855	0.01870	0.07650	0.06122	0.10163	0.05989	0.17160	0.00959	0.00750	0.00217	0.00737	0.00966	0.00491	0.00787
18	0.01508	0.01229	0.01374	0.01048	0.01547	0.01102	0.00839	0.14393	0.08290	0.02493	0.01914	0.01984	0.08153	0.00691	0.00553	0.00139	0.00505	0.00553	0.02571	0.49114
19	0.01599	0.01535	0.02623	0.03966	0.73262	0.01535	0.01983	0.01983	0.01471	0.02111	0.01215	0.01599	0.01023	0.00576	0.00640	0.00192	0.00768	0.00576	0.00320	0.01023
20	0.02236	0.01246	0.01489	0.01209	0.01665	0.01238	0.00972	0.06146	0.28499	0.36647	0.02398	0.02166	0.01656	0.00796	0.00636	0.00197	0.00535	0.00651	0.00698	0.08921
21	0.01256	0.01185	0.02002	0.69017	0.10896	0.01445	0.01812	0.01682	0.01309	0.01694	0.01155	0.01711	0.00877	0.00639	0.00645	0.00213	0.00853	0.00574	0.00290	0.00746

[dist]
# distance from previous block
# <min> <max>
0	1

[block]
# block no. 6 follows, 34 sequences, length 7
# corresponding to MSA columns:
# 1434-1440
name=unknown_G
#
# <colnr> <probs for GDERKNQSTAVLIFYWHMCP>
#	G	D	E	R	K	N	Q	S	T	A	V	L	I	F	Y	W	H	M	C	P
0	0.00790	0.00649	0.00688	0.00697	0.00879	0.00567	0.00508	0.00940	0.01386	0.01682	0.05682	0.10127	0.58378	0.08372	0.05491	0.00306	0.00441	0.01315	0.00567	0.00533
1	0.01599	0.01535	0.02623	0.03966	0.73262	0.01535	0.01983	0.01983	0.01471	0.02111	0.01215	0.01599	0.01023	0.00576	0.00640	0.00192	0.00768	0.00576	0.00320	0.01023
2	0.00940	0.00626	0.00705	0.00705	0.00705	0.00626	0.00392	0.00940	0.00940	0.01253	0.02036	0.04228	0.02349	0.77292	0.03289	0.00626	0.00626	0.00940	0.00392	0.00392
3	0.01414	0.01414	0.01979	0.01696	0.01696	0.01979	0.01414	0.01555	0.00990	0.01555	0.00848	0.01414	0.00848	0.01131	0.02120	0.00283	0.76110	0.00565	0.00283	0.00707
4	0.01296	0.03342	0.73944	0.01842	0.02797	0.01501	0.02387	0.02046	0.01364	0.02046	0.01160	0.01364	0.00818	0.00614	0.00614	0.00205	0.00955	0.00477	0.00273	0.00955
5	0.00923	0.00692	0.01038	0.01038	0.01154	0.00808	0.00808	0.01154	0.01038	0.01500	0.01731	0.02538	0.01615	0.04846	0.74732	0.01038	0.01731	0.00692	0.00346	0.00577
6	0.01599	0.01535	0.02623	0.03966	0.73262	0.01535	0.01983	0.01983	0.01471	0.02111	0.01215	0.01599	0.01023	0.00576	0.00640	0.00192	0.00768	0.00576	0.00320	0.01023

[dist]
# distance from previous block
# <min> <max>
0	47

[block]
# block no. 7 follows, 34 sequences, length 10
# corresponding to MSA columns:
# 1488-1497
name=unknown_H
#
# <colnr> <probs for GDERKNQSTAVLIFYWHMCP>
#	G	D	E	R	K	N	Q	S	T	A	V	L	I	F	Y	W	H	M	C	P
0	0.81856	0.01250	0.00950	0.00850	0.01250	0.01449	0.00700	0.01899	0.01100	0.02899	0.00900	0.01050	0.00700	0.00600	0.00400	0.00200	0.00500	0.00350	0.00400	0.00700
1	0.01340	0.01148	0.01340	0.00957	0.01531	0.00861	0.00766	0.01627	0.01340	0.02105	0.01148	0.01340	0.00957	0.00479	0.00479	0.00096	0.00479	0.00383	0.00383	0.81242
2	0.01363	0.01169	0.01350	0.00988	0.01544	0.00926	0.00788	0.01783	0.07461	0.02157	0.01277	0.01432	0.01045	0.00513	0.00494	0.00106	0.00481	0.00413	0.00407	0.74302
3	0.02429	0.02636	0.01869	0.01602	0.02000	0.49296	0.01241	0.26526	0.02253	0.02452	0.01192	0.01300	0.00925	0.00704	0.00605	0.00176	0.01006	0.00474	0.00442	0.00871
4	0.02899	0.01100	0.01499	0.01150	0.01649	0.00950	0.00950	0.03149	0.01849	0.73709	0.02549	0.02199	0.01599	0.00800	0.00650	0.00200	0.00550	0.00650	0.00800	0.01100
5	0.01865	0.01558	0.02889	0.02134	0.02639	0.01572	0.39756	0.07255	0.01617	0.17281	0.01513	0.01772	0.01098	0.00711	0.00951	0.00223	0.13119	0.00694	0.00443	0.00910
6	0.11687	0.01466	0.02298	0.07728	0.42301	0.01569	0.06710	0.02046	0.07486	0.02181	0.01269	0.01603	0.01036	0.00654	0.00746	0.00206	0.07160	0.00573	0.00354	0.00925
7	0.05170	0.01725	0.02073	0.01963	0.13292	0.12713	0.10056	0.12070	0.15304	0.13105	0.01682	0.01760	0.01247	0.00730	0.00709	0.00202	0.04129	0.00607	0.00506	0.00957
8	0.01921	0.01486	0.01664	0.01495	0.07391	0.04296	0.01097	0.32998	0.08665	0.06312	0.01876	0.12384	0.01619	0.00899	0.00645	0.00190	0.00624	0.00741	0.00570	0.13127
9	0.01791	0.01424	0.01769	0.01415	0.01821	0.06306	0.11145	0.21224	0.07994	0.08179	0.09997	0.06984	0.02047	0.00890	0.00665	0.00196	0.00651	0.02547	0.06434	0.06520

[dist]
# distance from previous block
# <min> <max>
1	15

[block]
# block no. 8 follows, 34 sequences, length 14
# corresponding to MSA columns:
# 1513-1526
name=unknown_I
#
# <colnr> <probs for GDERKNQSTAVLIFYWHMCP>
#	G	D	E	R	K	N	Q	S	T	A	V	L	I	F	Y	W	H	M	C	P
0	0.10976	0.01501	0.01791	0.01418	0.01864	0.07540	0.09378	0.13111	0.08593	0.19535	0.01739	0.04440	0.01309	0.00769	0.00700	0.00196	0.04846	0.00619	0.00543	0.09130
1	0.18792	0.01689	0.01787	0.01528	0.05996	0.12360	0.07555	0.17514	0.05122	0.08152	0.01359	0.01469	0.01019	0.00653	0.00572	0.00181	0.00717	0.00508	0.00474	0.12555
2	0.10750	0.06286	0.01684	0.01243	0.01699	0.08396	0.01015	0.20000	0.07296	0.02625	0.01289	0.01417	0.01017	0.00673	0.00659	0.00166	0.06427	0.00473	0.00456	0.26430
3	0.26346	0.01707	0.13482	0.01278	0.01748	0.06958	0.05425	0.09571	0.03194	0.02597	0.13085	0.02164	0.03432	0.00800	0.00590	0.00199	0.00653	0.02545	0.00463	0.03763
4	0.01363	0.11502	0.61602	0.01727	0.02601	0.01625	0.02160	0.02120	0.05733	0.02028	0.01221	0.01392	0.00891	0.00623	0.00594	0.00198	0.00898	0.00478	0.00297	0.00945
5	0.01831	0.01643	0.01577	0.01381	0.01766	0.09811	0.01080	0.13988	0.53401	0.02793	0.02278	0.02137	0.01708	0.00837	0.00647	0.00209	0.00616	0.00672	0.00620	0.01004
6	0.02337	0.02030	0.01856	0.01475	0.01956	0.18226	0.01187	0.48882	0.02600	0.03319	0.01388	0.01444	0.01025	0.00722	0.00616	0.00178	0.00790	0.00525	0.00550	0.08895
7	0.00923	0.00692	0.01038	0.01038	0.01154	0.00808	0.00808	0.01154	0.01038	0.01500	0.01731	0.02538	0.01615	0.04846	0.74732	0.01038	0.01731	0.00692	0.00346	0.00577
8	0.01459	0.14374	0.33608	0.02093	0.02859	0.01722	0.30750	0.02038	0.01423	0.01973	0.01180	0.01470	0.00888	0.00575	0.00644	0.00200	0.00969	0.00576	0.00296	0.00900
9	0.00785	0.00569	0.00742	0.00881	0.00932	0.00526	0.00591	0.00902	0.01255	0.01657	0.03790	0.71447	0.09549	0.01995	0.00820	0.00259	0.00371	0.01801	0.00600	0.00526
10	0.00835	0.00621	0.00789	0.00905	0.01006	0.00575	0.00667	0.00997	0.01342	0.01730	0.04203	0.46589	0.19602	0.01888	0.00825	0.00260	0.00410	0.15618	0.00599	0.00544
11	0.00844	0.00603	0.00815	0.00965	0.01027	0.00574	0.00699	0.00998	0.01293	0.01713	0.03530	0.61235	0.04149	0.01971	0.00840	0.00270	0.00424	0.16909	0.00599	0.00541
12	0.01495	0.02011	0.17065	0.02786	0.16314	0.01590	0.44879	0.02049	0.01484	0.02073	0.01262	0.01643	0.00957	0.00564	0.00711	0.00210	0.01003	0.00673	0.00315	0.00916
13	0.01525	0.01743	0.03813	0.02723	0.03377	0.01634	0.70915	0.02070	0.01525	0.02070	0.01307	0.01743	0.00980	0.00545	0.00763	0.00218	0.01089	0.00763	0.00327	0.00871

[dist]
# distance from previous block
# <min> <max>
0	1

[block]
# block no. 9 follows, 34 sequences, length 6
# corresponding to MSA columns:
# 1528-1533
name=unknown_J
#
# <colnr> <probs for GDERKNQSTAVLIFYWHMCP>
#	G	D	E	R	K	N	Q	S	T	A	V	L	I	F	Y	W	H	M	C	P
0	0.01750	0.02016	0.03015	0.02276	0.02813	0.19208	0.44608	0.02379	0.11238	0.02039	0.01414	0.01695	0.01080	0.00619	0.00705	0.00206	0.01029	0.00675	0.00373	0.00863
1	0.01029	0.00694	0.00864	0.00912	0.01023	0.00707	0.00655	0.06885	0.01379	0.01976	0.02826	0.44502	0.03085	0.02109	0.12205	0.00355	0.00599	0.01313	0.16287	0.00596
2	0.00831	0.00581	0.00737	0.00844	0.00871	0.00554	0.00540	0.00911	0.01152	0.01536	0.03127	0.56185	0.03726	0.23458	0.01526	0.00366	0.00447	0.01581	0.00540	0.00487
3	0.00787	0.00562	0.00750	0.00900	0.00937	0.00525	0.00600	0.00900	0.01237	0.01649	0.03561	0.76871	0.04274	0.02024	0.00825	0.00262	0.00375	0.01837	0.00600	0.00525
4	0.01499	0.02002	0.17093	0.02852	0.20077	0.01584	0.41075	0.02044	0.01481	0.02075	0.01257	0.01635	0.00959	0.00566	0.00704	0.00209	0.00986	0.00662	0.00315	0.00924
5	0.00987	0.00613	0.00808	0.00822	0.00855	0.00632	0.00543	0.00977	0.00980	0.01358	0.01866	0.10120	0.02008	0.30959	0.16517	0.23592	0.00781	0.00853	0.04309	0.00419

[dist]
# distance from previous block
# <min> <max>
2	13

[block]
# block no. 10 follows, 34 sequences, length 7
# corresponding to MSA columns:
# 1547-1553
name=unknown_K
#
# <colnr> <probs for GDERKNQSTAVLIFYWHMCP>
#	G	D	E	R	K	N	Q	S	T	A	V	L	I	F	Y	W	H	M	C	P
0	0.01494	0.01239	0.01422	0.01030	0.01596	0.01019	0.00829	0.11192	0.01574	0.02376	0.01204	0.01369	0.00977	0.00519	0.00502	0.00109	0.00511	0.00410	0.00419	0.70209
1	0.13538	0.01205	0.01448	0.01138	0.01619	0.01153	0.00933	0.08514	0.07415	0.48353	0.02164	0.01954	0.01426	0.00757	0.00606	0.00195	0.00549	0.00594	0.00696	0.05744
2	0.02288	0.01553	0.01942	0.01492	0.02001	0.01618	0.08435	0.35836	0.12129	0.19330	0.01882	0.01828	0.01314	0.00757	0.00653	0.00197	0.00676	0.00628	0.00637	0.04805
3	0.01981	0.01697	0.02490	0.02060	0.09839	0.01751	0.21415	0.36009	0.05472	0.03089	0.01467	0.01636	0.01087	0.00672	0.00668	0.00195	0.00801	0.00626	0.00502	0.06543
4	0.05420	0.01574	0.01954	0.08276	0.24186	0.09137	0.01405	0.11930	0.07418	0.19773	0.01657	0.01745	0.01203	0.00698	0.00629	0.00196	0.00725	0.00581	0.00510	0.00985
5	0.01621	0.01401	0.07591	0.01341	0.01847	0.03238	0.08382	0.02121	0.08661	0.13766	0.01901	0.02573	0.01591	0.00803	0.00634	0.00181	0.00636	0.11408	0.00496	0.29808
6	0.07185	0.01607	0.01512	0.01266	0.01659	0.14808	0.01000	0.22690	0.05058	0.17496	0.03882	0.09398	0.05819	0.00933	0.00644	0.00198	0.00668	0.00736	0.00593	0.02846

[dist]
# distance from previous block
# <min> <max>
21	162

[block]
# block no. 11 follows, 34 sequences, length 12
# corresponding to MSA columns:
# 1740-1751
name=unknown_L
#
# <colnr> <probs for GDERKNQSTAVLIFYWHMCP>
#	G	D	E	R	K	N	Q	S	T	A	V	L	I	F	Y	W	H	M	C	P
0	0.01508	0.01145	0.01323	0.01096	0.01503	0.01080	0.00875	0.12843	0.11233	0.06123	0.05902	0.09175	0.05197	0.00955	0.00637	0.00179	0.00510	0.07390	0.00550	0.30778
1	0.01529	0.16724	0.01655	0.07574	0.01626	0.01263	0.00914	0.08642	0.01584	0.12069	0.07185	0.17686	0.09200	0.03644	0.00733	0.00211	0.00547	0.00914	0.00526	0.05775
2	0.01402	0.01111	0.01463	0.19769	0.06680	0.01147	0.01105	0.06665	0.10256	0.05364	0.02199	0.07212	0.08428	0.00850	0.00620	0.00186	0.00578	0.00723	0.07529	0.16711
3	0.01660	0.10552	0.04101	0.04371	0.01572	0.01093	0.00912	0.01999	0.05203	0.21183	0.10578	0.10389	0.06130	0.03219	0.00708	0.00197	0.00525	0.00797	0.00561	0.14250
4	0.01244	0.00863	0.01037	0.00996	0.01217	0.00839	0.00738	0.04004	0.13085	0.08786	0.07829	0.34544	0.08106	0.03627	0.00809	0.00237	0.00440	0.03215	0.00612	0.07772
5	0.23434	0.08977	0.09390	0.05820	0.01864	0.01500	0.01122	0.08096	0.10995	0.13684	0.01510	0.01555	0.01103	0.00672	0.00541	0.00188	0.00615	0.00498	0.00483	0.07952
6	0.01534	0.01489	0.02180	0.25632	0.36326	0.06074	0.01729	0.02144	0.12478	0.02028	0.01402	0.01737	0.01110	0.00650	0.00641	0.00202	0.00781	0.00590	0.00363	0.00912
7	0.00829	0.00586	0.00770	0.00900	0.00943	0.00557	0.00612	0.00943	0.01221	0.01624	0.03354	0.61475	0.03979	0.11626	0.01146	0.00312	0.00426	0.07611	0.00573	0.00514
8	0.01526	0.03288	0.59119	0.01805	0.02632	0.16549	0.02153	0.02156	0.01460	0.01951	0.01126	0.01323	0.00821	0.00625	0.00607	0.00197	0.00998	0.00465	0.00285	0.00913
9	0.01605	0.43150	0.09366	0.09236	0.21199	0.02079	0.01523	0.01930	0.01358	0.01738	0.01031	0.01284	0.00883	0.00574	0.00515	0.00166	0.00752	0.00441	0.00289	0.00882
10	0.00989	0.00706	0.00981	0.01130	0.01256	0.00699	0.00950	0.01248	0.01436	0.01875	0.03450	0.21593	0.03833	0.01834	0.00879	0.00290	0.00550	0.55123	0.00596	0.00581
11	0.01599	0.01535	0.02623	0.03966	0.73262	0.01535	0.01983	0.01983	0.01471	0.02111	0.01215	0.01599	0.01023	0.00576	0.00640	0.00192	0.00768	0.00576	0.00320	0.01023

[dist]
# distance from previous block
# <min> <max>
0	12

[block]
# block no. 12 follows, 34 sequences, length 36
