[name]
unknown

[dist]
# distance from previous block
# <min> <max>
0	142

[block]
# block no. 0 follows, 29 sequences, length 12
# corresponding to MSA columns:
# 159-170
name=unknown_A
#
# <colnr> <probs for GDERKNQSTAVLIFYWHMCP>
#	G	D	E	R	K	N	Q	S	T	A	V	L	I	F	Y	W	H	M	C	P
0	0.01147	0.00820	0.01147	0.01311	0.01475	0.00820	0.01147	0.01475	0.01639	0.02131	0.03770	0.08032	0.04098	0.01967	0.00984	0.00328	0.00656	0.65741	0.00656	0.00656
1	0.01771	0.01530	0.01610	0.01449	0.01852	0.01771	0.01127	0.03784	0.69247	0.02979	0.02898	0.02657	0.02174	0.00966	0.00725	0.00242	0.00564	0.00805	0.00725	0.01127
2	0.00969	0.00726	0.00899	0.00856	0.01040	0.00656	0.00642	0.01269	0.01925	0.02640	0.55619	0.05673	0.21391	0.01536	0.00840	0.00228	0.00342	0.01337	0.00756	0.00656
3	0.02058	0.01672	0.01771	0.01507	0.01961	0.01905	0.01196	0.23492	0.49072	0.03441	0.02534	0.02367	0.01879	0.00932	0.00721	0.00233	0.00631	0.00755	0.00721	0.01153
4	0.02387	0.01811	0.01944	0.01551	0.02058	0.02016	0.01261	0.49062	0.18885	0.04036	0.05930	0.02142	0.01756	0.00916	0.00723	0.00221	0.00706	0.00717	0.00719	0.01160
5	0.57129	0.01644	0.01444	0.01476	0.09511	0.07739	0.01041	0.08304	0.01527	0.03090	0.01108	0.01289	0.00866	0.00682	0.00514	0.00216	0.00670	0.00444	0.00449	0.00858
6	0.02408	0.02025	0.01849	0.01528	0.01985	0.17341	0.01215	0.31997	0.10995	0.09180	0.07008	0.02306	0.05085	0.00934	0.00714	0.00213	0.00799	0.00716	0.00655	0.01047
7	0.00984	0.00727	0.00919	0.00871	0.01049	0.00662	0.00653	0.01297	0.01959	0.02721	0.61104	0.05540	0.15856	0.01506	0.00840	0.00226	0.00339	0.01319	0.00766	0.00662
8	0.01249	0.01050	0.01187	0.01174	0.04137	0.04409	0.00843	0.01885	0.14728	0.02714	0.45198	0.04614	0.11357	0.01326	0.00803	0.00226	0.00449	0.01149	0.00723	0.00778
9	0.00883	0.00715	0.00789	0.00818	0.01018	0.00620	0.00613	0.01082	0.01627	0.02016	0.12746	0.16162	0.50198	0.01840	0.00861	0.00252	0.00386	0.06094	0.00673	0.00609
10	0.04382	0.01998	0.06137	0.04568	0.19277	0.13873	0.09428	0.02542	0.13141	0.05026	0.04662	0.01988	0.01492	0.00811	0.00858	0.00227	0.07479	0.00675	0.00455	0.00981
11	0.01762	0.01692	0.02890	0.04371	0.70533	0.01692	0.02185	0.02185	0.01621	0.02326	0.01339	0.01762	0.01128	0.00634	0.00705	0.00211	0.00846	0.00634	0.00352	0.01128

[dist]
# distance from previous block
# <min> <max>
0	1

[block]
# block no. 1 follows, 29 sequences, length 83
# corresponding to MSA columns:
# 172-180,184-257
name=unknown_B
#
# <colnr> <probs for GDERKNQSTAVLIFYWHMCP>
#	G	D	E	R	K	N	Q	S	T	A	V	L	I	F	Y	W	H	M	C	P
0	0.09290	0.04925	0.13921	0.01809	0.02414	0.13871	0.11335	0.14503	0.11022	0.07619	0.01638	0.01740	0.01206	0.00757	0.00681	0.00217	0.00912	0.00615	0.00506	0.01019
1	0.04961	0.02070	0.02088	0.01776	0.06005	0.09681	0.01365	0.49805	0.08697	0.03899	0.01703	0.01731	0.01244	0.00833	0.00697	0.00213	0.00815	0.00627	0.00647	0.01144
2	0.02660	0.03394	0.02018	0.01834	0.02201	0.72116	0.01376	0.02843	0.02018	0.01743	0.01101	0.01284	0.00917	0.00734	0.00642	0.00183	0.01284	0.00459	0.00367	0.00825
3	0.00917	0.00651	0.00865	0.01018	0.01073	0.00618	0.00709	0.01059	0.01376	0.01828	0.03783	0.60652	0.04475	0.07454	0.01115	0.00323	0.00465	0.10397	0.00644	0.00578
4	0.00854	0.00722	0.00738	0.00734	0.00969	0.00606	0.00550	0.01045	0.01651	0.01991	0.11763	0.06742	0.65653	0.01778	0.00841	0.00239	0.00359	0.01487	0.00670	0.00606
5	0.80005	0.01377	0.01047	0.00936	0.01377	0.01597	0.00771	0.02093	0.01212	0.03195	0.00991	0.01157	0.00771	0.00661	0.00441	0.00220	0.00551	0.00386	0.00441	0.00771
6	0.00848	0.00722	0.00730	0.00728	0.00966	0.00604	0.00546	0.01034	0.01638	0.01958	0.09540	0.06796	0.67897	0.01791	0.00842	0.00240	0.00360	0.01495	0.00666	0.00604
7	0.02707	0.01995	0.02137	0.01638	0.02208	0.02208	0.01353	0.68159	0.03348	0.04488	0.01710	0.01710	0.01211	0.00855	0.00712	0.00214	0.00784	0.00641	0.00712	0.01211
8	0.00842	0.00721	0.00721	0.00721	0.00962	0.00601	0.00541	0.01022	0.01623	0.01924	0.07213	0.06853	0.70244	0.01803	0.00842	0.00240	0.00361	0.01503	0.00661	0.00601
9	0.80005	0.01377	0.01047	0.00936	0.01377	0.01597	0.00771	0.02093	0.01212	0.03195	0.00991	0.01157	0.00771	0.00661	0.00441	0.00220	0.00551	0.00386	0.00441	0.00771
10	0.80005	0.01377	0.01047	0.00936	0.01377	0.01597	0.00771	0.02093	0.01212	0.03195	0.00991	0.01157	0.00771	0.00661	0.00441	0.00220	0.00551	0.00386	0.00441	0.00771
11	0.80005	0.01377	0.01047	0.00936	0.01377	0.01597	0.00771	0.02093	0.01212	0.03195	0.00991	0.01157	0.00771	0.00661	0.00441	0.00220	0.00551	0.00386	0.00441	0.00771
12	0.08993	0.01224	0.01607	0.01242	0.01784	0.01088	0.01026	0.03366	0.01976	0.65906	0.02672	0.02328	0.01688	0.00865	0.00695	0.00220	0.00602	0.00691	0.00848	0.01179
13	0.01487	0.01275	0.01481	0.01069	0.01694	0.00980	0.00854	0.01867	0.03981	0.02345	0.01326	0.01520	0.01096	0.00544	0.00535	0.00110	0.00529	0.00436	0.00433	0.76438
14	0.00945	0.00703	0.01009	0.01100	0.01185	0.00682	0.03159	0.01113	0.01363	0.01827	0.03538	0.55438	0.04125	0.05461	0.08581	0.00398	0.00633	0.07528	0.00611	0.00599
15	0.01327	0.00664	0.00664	0.00664	0.00830	0.00664	0.00498	0.01659	0.01493	0.02655	0.02323	0.02655	0.01825	0.00830	0.00498	0.00166	0.00332	0.00664	0.78928	0.00664
16	0.01447	0.01239	0.01474	0.03670	0.01777	0.00957	0.00877	0.01761	0.01470	0.02282	0.01375	0.04487	0.01201	0.00604	0.00550	0.00118	0.00538	0.00495	0.00428	0.73251
17	0.01327	0.00664	0.00664	0.00664	0.00830	0.00664	0.00498	0.01659	0.01493	0.02655	0.02323	0.02655	0.01825	0.00830	0.00498	0.00166	0.00332	0.00664	0.78928	0.00664
18	0.00868	0.00620	0.00826	0.00991	0.01033	0.00578	0.00661	0.00991	0.01363	0.01818	0.03925	0.74510	0.04710	0.02231	0.00909	0.00289	0.00413	0.02024	0.00661	0.00578
19	0.01017	0.00763	0.01144	0.01144	0.01272	0.00890	0.00890	0.01272	0.01144	0.01653	0.01907	0.02797	0.01780	0.05340	0.72153	0.01144	0.01907	0.00763	0.00381	0.00636
20	0.00842	0.00721	0.00721	0.00721	0.00962	0.00601	0.00541	0.01022	0.01623	0.01924	0.07213	0.06853	0.70244	0.01803	0.00842	0.00240	0.00361	0.01503	0.00661	0.00601
21	0.01166	0.00763	0.01002	0.00923	0.01118	0.00699	0.00699	0.01497	0.02017	0.07783	0.65290	0.05110	0.06361	0.01414	0.00831	0.00224	0.00355	0.01246	0.00791	0.00711
22	0.01681	0.01921	0.04202	0.03001	0.03721	0.01801	0.67947	0.02281	0.01681	0.02281	0.01441	0.01921	0.01080	0.00600	0.00840	0.00240	0.01200	0.00840	0.00360	0.00960
23	0.00965	0.00726	0.00892	0.00850	0.01037	0.00653	0.00638	0.01260	0.01913	0.02613	0.53773	0.05718	0.23255	0.01546	0.00840	0.00228	0.00342	0.01344	0.00752	0.00653
24	0.01036	0.00690	0.00777	0.00777	0.00777	0.00690	0.00431	0.01036	0.01036	0.01381	0.02244	0.04660	0.02589	0.74975	0.03624	0.00690	0.00690	0.01036	0.00431	0.00431
25	0.01904	0.75404	0.03731	0.01218	0.01828	0.02818	0.01218	0.02132	0.01447	0.01675	0.00990	0.01142	0.00914	0.00609	0.00457	0.00152	0.00761	0.00381	0.00305	0.00914
26	0.23378	0.06865	0.01823	0.01533	0.01925	0.46666	0.01187	0.02545	0.01737	0.02127	0.01093	0.01295	0.00908	0.00870	0.03104	0.00226	0.01079	0.00445	0.00384	0.00809
27	0.01804	0.01546	0.01629	0.01456	0.01864	0.01787	0.01135	0.06058	0.66919	0.03032	0.02856	0.02623	0.02140	0.00962	0.00724	0.00241	0.00571	0.00799	0.00724	0.01130
28	0.01538	0.01264	0.01483	0.01062	0.01692	0.00953	0.00851	0.01853	0.01497	0.04782	0.01321	0.01510	0.01080	0.00540	0.00534	0.00110	0.00530	0.00432	0.00438	0.76529
29	0.02817	0.01128	0.01532	0.01203	0.01688	0.00982	0.00982	0.03103	0.02034	0.59265	0.14429	0.02923	0.02618	0.00980	0.00737	0.00221	0.00559	0.00815	0.00865	0.01119
30	0.03061	0.01427	0.01785	0.01369	0.01925	0.01365	0.01131	0.21229	0.02398	0.52760	0.02507	0.02228	0.01611	0.00874	0.00715	0.00219	0.00655	0.00695	0.00835	0.01212
31	0.01401	0.01306	0.02196	0.32550	0.25938	0.01423	0.04347	0.01799	0.01515	0.02040	0.03884	0.12513	0.04167	0.00959	0.00751	0.00236	0.00809	0.00890	0.00405	0.00869
32	0.01654	0.37699	0.39246	0.01645	0.02487	0.02206	0.01961	0.02197	0.01477	0.01980	0.01141	0.01332	0.00908	0.00645	0.00572	0.00191	0.00914	0.00457	0.00303	0.00987
33	0.77286	0.01399	0.01085	0.00961	0.01406	0.01619	0.00792	0.04417	0.01287	0.03240	0.01017	0.01176	0.00787	0.00668	0.00450	0.00220	0.00559	0.00395	0.00450	0.00787
34	0.02004	0.01646	0.01742	0.01496	0.01941	0.01880	0.01184	0.19838	0.52813	0.03355	0.02602	0.02420	0.01934	0.00938	0.00722	0.00235	0.00618	0.00764	0.00722	0.01148
35	0.00868	0.00620	0.00826	0.00991	0.01033	0.00578	0.00661	0.00991	0.01363	0.01818	0.03925	0.74510	0.04710	0.02231	0.00909	0.00289	0.00413	0.02024	0.00661	0.00578
36	0.01634	0.02249	0.16685	0.02820	0.03602	0.01773	0.55793	0.02276	0.01648	0.02276	0.01410	0.01843	0.01047	0.00614	0.00810	0.00237	0.01173	0.00782	0.00349	0.00977
37	0.02778	0.01881	0.02067	0.01584	0.02151	0.02039	0.01309	0.58759	0.03158	0.14157	0.01869	0.01813	0.01291	0.00859	0.00713	0.00215	0.00758	0.00652	0.00737	0.01211
38	0.80005	0.01377	0.01047	0.00936	0.01377	0.01597	0.00771	0.02093	0.01212	0.03195	0.00991	0.01157	0.00771	0.00661	0.00441	0.00220	0.00551	0.00386	0.00441	0.00771
39	0.01904	0.75404	0.03731	0.01218	0.01828	0.02818	0.01218	0.02132	0.01447	0.01675	0.00990	0.01142	0.00914	0.00609	0.00457	0.00152	0.00761	0.00381	0.00305	0.00914
40	0.01428	0.03683	0.71286	0.02030	0.03082	0.01654	0.02631	0.02255	0.01503	0.02255	0.01278	0.01503	0.00902	0.00677	0.00677	0.00226	0.01052	0.00526	0.00301	0.01052
41	0.00866	0.00627	0.00819	0.00972	0.01028	0.00580	0.00652	0.00994	0.01382	0.01825	0.04162	0.69620	0.09446	0.02200	0.00904	0.00286	0.00409	0.01987	0.00661	0.00580
42	0.00957	0.00688	0.00883	0.00909	0.01039	0.00634	0.00653	0.01209	0.01746	0.02424	0.40706	0.29195	0.10468	0.01729	0.00853	0.00246	0.00364	0.01538	0.03122	0.00634
43	0.40864	0.01353	0.01392	0.01133	0.01631	0.01406	0.00935	0.07766	0.01733	0.32614	0.01832	0.01747	0.01234	0.00771	0.00581	0.00220	0.00593	0.00548	0.00652	0.00995
44	0.00995	0.00727	0.00935	0.00883	0.01056	0.00667	0.00662	0.01320	0.01986	0.02786	0.65434	0.05434	0.11486	0.01482	0.00840	0.00225	0.00338	0.01304	0.00775	0.00667
45	0.02635	0.05763	0.02074	0.01814	0.02189	0.69837	0.01371	0.02820	0.01999	0.01741	0.01097	0.01279	0.00917	0.00730	0.00636	0.00182	0.01267	0.00456	0.00365	0.00828
46	0.65135	0.01551	0.01252	0.01079	0.01537	0.04493	0.00884	0.12205	0.01570	0.03334	0.01105	0.01246	0.00844	0.00693	0.00490	0.00218	0.00615	0.00427	0.00479	0.00840
47	0.01763	0.01465	0.07421	0.01553	0.01986	0.01325	0.11028	0.04817	0.14209	0.15000	0.21189	0.05634	0.03089	0.01067	0.00867	0.00236	0.04814	0.00934	0.00655	0.00948
48	0.02625	0.01928	0.02063	0.01595	0.02144	0.02135	0.01313	0.63613	0.05269	0.04370	0.01770	0.01775	0.01264	0.00857	0.00704	0.00213	0.00759	0.00647	0.03768	0.01187
49	0.01020	0.00715	0.00921	0.00887	0.01044	0.00664	0.00658	0.01338	0.01926	0.02758	0.59951	0.10667	0.06204	0.01473	0.00821	0.00225	0.00342	0.01302	0.06422	0.00664
50	0.01733	0.01661	0.02836	0.09292	0.65845	0.01684	0.02170	0.02159	0.01607	0.02290	0.01334	0.01772	0.01115	0.00640	0.00705	0.00213	0.00853	0.00634	0.00350	0.01104
51	0.80005	0.01377	0.01047	0.00936	0.01377	0.01597	0.00771	0.02093	0.01212	0.03195	0.00991	0.01157	0.00771	0.00661	0.00441	0.00220	0.00551	0.00386	0.00441	0.00771
52	0.01762	0.01692	0.02890	0.04371	0.70533	0.01692	0.02185	0.02185	0.01621	0.02326	0.01339	0.01762	0.01128	0.00634	0.00705	0.00211	0.00846	0.00634	0.00352	0.01128
53	0.01771	0.01530	0.01610	0.01449	0.01852	0.01771	0.01127	0.03784	0.69247	0.02979	0.02898	0.02657	0.02174	0.00966	0.00725	0.00242	0.00564	0.00805	0.00725	0.01127
54	0.01762	0.01692	0.02890	0.04371	0.70533	0.01692	0.02185	0.02185	0.01621	0.02326	0.01339	0.01762	0.01128	0.00634	0.00705	0.00211	0.00846	0.00634	0.00352	0.01128
55	0.01034	0.00756	0.00975	0.00915	0.01091	0.00710	0.00688	0.01428	0.04336	0.02860	0.67836	0.05227	0.06562	0.01439	0.00836	0.00225	0.00344	0.01271	0.00782	0.00688
56	0.01465	0.03424	0.61403	0.02173	0.03176	0.01675	0.12253	0.02259	0.01529	0.02259	0.01302	0.01565	0.00928	0.00665	0.00701	0.00228	0.01074	0.00572	0.00309	0.01039
57	0.01166	0.00763	0.01002	0.00923	0.01118	0.00699	0.00699	0.01497	0.02017	0.07783	0.65290	0.05110	0.06361	0.01414	0.00831	0.00224	0.00355	0.01246	0.00791	0.00711
58	0.03195	0.01212	0.01652	0.01267	0.01818	0.01047	0.01047	0.03470	0.02038	0.71026	0.02809	0.02424	0.01763	0.00881	0.00716	0.00220	0.00606	0.00716	0.00881	0.01212
59	0.01739	0.01668	0.02847	0.08300	0.66790	0.01686	0.02173	0.02164	0.01610	0.02297	0.01335	0.01770	0.01118	0.00639	0.00705	0.00213	0.00852	0.00634	0.00350	0.01109
60	0.01147	0.00820	0.01147	0.01311	0.01475	0.00820	0.01147	0.01475	0.01639	0.02131	0.03770	0.08032	0.04098	0.01967	0.00984	0.00328	0.00656	0.65741	0.00656	0.00656
61	0.00842	0.00721	0.00721	0.00721	0.00962	0.00601	0.00541	0.01022	0.01623	0.01924	0.07213	0.06853	0.70244	0.01803	0.00842	0.00240	0.00361	0.01503	0.00661	0.00601
62	0.01681	0.01921	0.04202	0.03001	0.03721	0.01801	0.67947	0.02281	0.01681	0.02281	0.01441	0.01921	0.01080	0.00600	0.00840	0.00240	0.01200	0.00840	0.00360	0.00960
63	0.02827	0.01456	0.01757	0.01373	0.01904	0.01443	0.01126	0.22851	0.08450	0.42164	0.02662	0.02406	0.04355	0.00918	0.00721	0.00221	0.00646	0.00733	0.00808	0.01180
64	0.02319	0.01098	0.01311	0.01078	0.01470	0.01063	0.00867	0.09836	0.05798	0.32745	0.02501	0.02451	0.01751	0.00863	0.00630	0.00199	0.00514	0.00692	0.31825	0.00989
65	0.04581	0.17106	0.10655	0.02495	0.25817	0.03954	0.01707	0.09544	0.12691	0.02536	0.01534	0.01710	0.01217	0.00715	0.00644	0.00206	0.00802	0.00585	0.00439	0.01063
66	0.04483	0.26433	0.13500	0.01630	0.02256	0.09872	0.06456	0.13087	0.08446	0.05290	0.01457	0.01564	0.01125	0.00720	0.00618	0.00197	0.00869	0.00544	0.00449	0.01006
67	0.01666	0.02667	0.36078	0.04900	0.08616	0.01658	0.22273	0.02372	0.03466	0.07244	0.01487	0.01763	0.01073	0.00674	0.00734	0.00229	0.01032	0.00655	0.00377	0.01035
68	0.01008	0.00728	0.00952	0.00896	0.01064	0.00672	0.00672	0.01344	0.02016	0.02855	0.70158	0.05319	0.06719	0.01456	0.00840	0.00224	0.00336	0.01288	0.00784	0.00672
69	0.01991	0.01635	0.01767	0.01482	0.01923	0.03719	0.03211	0.26037	0.31444	0.03323	0.04782	0.02903	0.08830	0.01034	0.00743	0.00232	0.00656	0.02530	0.00692	0.01064
70	0.00857	0.00722	0.00742	0.00737	0.00971	0.00608	0.00553	0.01051	0.01659	0.02009	0.12975	0.06712	0.64430	0.01772	0.00841	0.00239	0.00358	0.01483	0.00672	0.00608
71	0.01993	0.02268	0.02174	0.04341	0.06216	0.29653	0.05253	0.02346	0.06480	0.01897	0.01451	0.01780	0.03745	0.00955	0.01257	0.00241	0.26103	0.00619	0.00382	0.00847
72	0.01019	0.00755	0.01106	0.01106	0.01220	0.00869	0.00842	0.01247	0.01133	0.01624	0.01943	0.02992	0.01865	0.12629	0.64980	0.01097	0.01780	0.00791	0.00387	0.00614
73	0.02660	0.03394	0.02018	0.01834	0.02201	0.72116	0.01376	0.02843	0.02018	0.01743	0.01101	0.01284	0.00917	0.00734	0.00642	0.00183	0.01284	0.00459	0.00367	0.00825
74	0.01762	0.01692	0.02890	0.04371	0.70533	0.01692	0.02185	0.02185	0.01621	0.02326	0.01339	0.01762	0.01128	0.00634	0.00705	0.00211	0.00846	0.00634	0.00352	0.01128
75	0.00868	0.00620	0.00826	0.00991	0.01033	0.00578	0.00661	0.00991	0.01363	0.01818	0.03925	0.74510	0.04710	0.02231	0.00909	0.00289	0.00413	0.02024	0.00661	0.00578
76	0.01558	0.01558	0.02181	0.01869	0.01869	0.02181	0.01558	0.01714	0.01091	0.01714	0.00935	0.01558	0.00935	0.01246	0.02337	0.00312	0.73672	0.00623	0.00312	0.00779
77	0.03097	0.01215	0.01642	0.01255	0.01810	0.01041	0.01035	0.03375	0.02006	0.67108	0.02721	0.02370	0.01722	0.00861	0.00705	0.00214	0.00601	0.00699	0.00855	0.05667
78	0.01843	0.65761	0.08702	0.01270	0.01914	0.02623	0.01304	0.02122	0.01453	0.01756	0.01027	0.01189	0.00921	0.00610	0.00477	0.00155	0.00770	0.00394	0.00311	0.05397
79	0.06008	0.01390	0.01451	0.01094	0.01659	0.06336	0.00866	0.01853	0.01545	0.02369	0.06754	0.01751	0.01482	0.00625	0.00556	0.00127	0.00570	0.00492	0.00448	0.62623
80	0.01941	0.02231	0.18063	0.07477	0.18216	0.05737	0.10347	0.11765	0.07082	0.07777	0.01603	0.01818	0.01186	0.00726	0.00716	0.00222	0.00921	0.00646	0.00459	0.01067
81	0.01655	0.01782	0.03685	0.08051	0.03530	0.01719	0.54335	0.05911	0.01734	0.02339	0.01622	0.07154	0.01340	0.00741	0.00828	0.00242	0.01101	0.00899	0.00399	0.00934
82	0.76883	0.01370	0.01071	0.00950	0.01395	0.01575	0.00782	0.02149	0.01245	0.05952	0.01065	0.01208	0.00811	0.00670	0.00452	0.00220	0.00553	0.00399	0.00459	0.00789

[dist]
# distance from previous block
# <min> <max>
0	6

[block]
# block no. 2 follows, 29 sequences, length 242
# corresponding to MSA columns:
# 264-324,328-330,341-395,403-464,473-481,493-544
name=unknown_C
#
# <colnr> <probs for GDERKNQSTAVLIFYWHMCP>
#	G	D	E	R	K	N	Q	S	T	A	V	L	I	F	Y	W	H	M	C	P
0	0.01647	0.07761	0.08573	0.20100	0.43811	0.01754	0.02096	0.02101	0.01551	0.02148	0.01288	0.01722	0.01049	0.00654	0.00684	0.00214	0.00881	0.00604	0.00336	0.01025
1	0.02244	0.01764	0.01876	0.01545	0.02032	0.01992	0.01241	0.36292	0.35969	0.03741	0.02298	0.02178	0.01688	0.00910	0.00718	0.00227	0.00675	0.00722	0.00718	0.01169
2	0.00874	0.00625	0.00832	0.00987	0.01034	0.00583	0.00661	0.01008	0.01393	0.01866	0.06984	0.71314	0.04802	0.02195	0.00906	0.00286	0.00410	0.01990	0.00667	0.00583
3	0.01888	0.72999	0.05996	0.01246	0.01870	0.02779	0.01266	0.02136	0.01449	0.01695	0.01000	0.01154	0.00913	0.00611	0.00464	0.00155	0.00771	0.00386	0.00304	0.00918
4	0.00843	0.00716	0.00727	0.00735	0.00965	0.00600	0.00547	0.01020	0.01610	0.01918	0.07045	0.10324	0.66882	0.01825	0.00845	0.00243	0.00363	0.01530	0.00661	0.00600
5	0.01610	0.00869	0.01072	0.00947	0.01255	0.00755	0.00736	0.01857	0.01840	0.23434	0.21865	0.08222	0.29823	0.01450	0.00806	0.00232	0.00432	0.01229	0.00760	0.00806
6	0.00888	0.00635	0.00850	0.01015	0.01066	0.00596	0.00697	0.01028	0.01384	0.01841	0.03913	0.69560	0.04664	0.02211	0.00914	0.00292	0.00431	0.06769	0.00661	0.00584
7	0.01762	0.01692	0.02890	0.04371	0.70533	0.01692	0.02185	0.02185	0.01621	0.02326	0.01339	0.01762	0.01128	0.00634	0.00705	0.00211	0.00846	0.00634	0.00352	0.01128
8	0.01762	0.01692	0.02890	0.04371	0.70533	0.01692	0.02185	0.02185	0.01621	0.02326	0.01339	0.01762	0.01128	0.00634	0.00705	0.00211	0.00846	0.00634	0.00352	0.01128
9	0.01235	0.00941	0.04962	0.01096	0.01333	0.00775	0.00917	0.01540	0.01750	0.08917	0.27066	0.18075	0.10107	0.01646	0.00865	0.00261	0.00494	0.16596	0.00704	0.00718
10	0.01762	0.01692	0.02890	0.04371	0.70533	0.01692	0.02185	0.02185	0.01621	0.02326	0.01339	0.01762	0.01128	0.00634	0.00705	0.00211	0.00846	0.00634	0.00352	0.01128
11	0.01558	0.01558	0.02181	0.01869	0.01869	0.02181	0.01558	0.01714	0.01091	0.01714	0.00935	0.01558	0.00935	0.01246	0.02337	0.00312	0.73672	0.00623	0.00312	0.00779
12	0.01345	0.01266	0.02136	0.73264	0.04904	0.01582	0.01978	0.01819	0.01424	0.01819	0.01266	0.01898	0.00949	0.00712	0.00712	0.00237	0.00949	0.00633	0.00316	0.00791
13	0.00863	0.00638	0.00807	0.00943	0.01020	0.00582	0.00639	0.00997	0.01410	0.01837	0.04518	0.62307	0.16530	0.02154	0.00897	0.00280	0.00404	0.01930	0.00661	0.00582
14	0.01002	0.00728	0.00944	0.00890	0.01060	0.00670	0.00668	0.01333	0.02003	0.02825	0.68067	0.05370	0.08829	0.01467	0.00840	0.00225	0.00337	0.01295	0.00780	0.00670
15	0.01536	0.19932	0.55981	0.01846	0.02798	0.01917	0.02311	0.02227	0.01491	0.02124	0.01213	0.01422	0.00905	0.00661	0.00627	0.00209	0.00986	0.00493	0.00302	0.01021
16	0.19991	0.02486	0.01926	0.05987	0.10949	0.37527	0.01375	0.07739	0.01857	0.02370	0.01165	0.01385	0.00936	0.00713	0.00614	0.00201	0.01003	0.00489	0.00406	0.00881
17	0.01118	0.00799	0.01112	0.01266	0.01420	0.00793	0.01086	0.01430	0.01634	0.02139	0.06850	0.13343	0.04269	0.01965	0.00971	0.00320	0.00621	0.57553	0.00662	0.00650
18	0.22367	0.01816	0.01835	0.01451	0.01980	0.02032	0.01195	0.48345	0.05848	0.04088	0.01581	0.01612	0.01143	0.00811	0.00644	0.00217	0.00714	0.00584	0.00644	0.01095
19	0.02635	0.01969	0.02027	0.01598	0.02134	0.06743	0.01303	0.50875	0.10832	0.09687	0.01899	0.01851	0.01350	0.00862	0.00709	0.00215	0.00777	0.00654	0.00705	0.01175
20	0.08330	0.01889	0.01873	0.01713	0.07541	0.14350	0.01261	0.17515	0.14701	0.20541	0.02019	0.01955	0.01439	0.00828	0.00682	0.00215	0.00775	0.00638	0.00646	0.01087
21	0.01837	0.01515	0.01612	0.01441	0.01850	0.01738	0.01123	0.03769	0.66141	0.06123	0.02894	0.02646	0.02155	0.00962	0.00724	0.00241	0.00565	0.00801	0.00732	0.01131
22	0.03195	0.01212	0.01652	0.01267	0.01818	0.01047	0.01047	0.03470	0.02038	0.71026	0.02809	0.02424	0.01763	0.00881	0.00716	0.00220	0.00606	0.00716	0.00881	0.01212
23	0.01904	0.75404	0.03731	0.01218	0.01828	0.02818	0.01218	0.02132	0.01447	0.01675	0.00990	0.01142	0.00914	0.00609	0.00457	0.00152	0.00761	0.00381	0.00305	0.00914
24	0.02817	0.01296	0.01641	0.01315	0.01827	0.01239	0.01068	0.03553	0.19851	0.52991	0.02833	0.02485	0.01872	0.00904	0.00718	0.00226	0.00595	0.00740	0.00840	0.01189
25	0.00868	0.00620	0.00826	0.00991	0.01033	0.00578	0.00661	0.00991	0.01363	0.01818	0.03925	0.74510	0.04710	0.02231	0.00909	0.00289	0.00413	0.02024	0.00661	0.00578
26	0.80005	0.01377	0.01047	0.00936	0.01377	0.01597	0.00771	0.02093	0.01212	0.03195	0.00991	0.01157	0.00771	0.00661	0.00441	0.00220	0.00551	0.00386	0.00441	0.00771
27	0.00874	0.00622	0.00824	0.00983	0.01023	0.00583	0.00652	0.00993	0.01350	0.01801	0.03859	0.71782	0.04627	0.05073	0.01015	0.00305	0.00424	0.01986	0.00652	0.00573
28	0.02707	0.01995	0.02137	0.01638	0.02208	0.02208	0.01353	0.68159	0.03348	0.04488	0.01710	0.01710	0.01211	0.00855	0.00712	0.00214	0.00784	0.00641	0.00712	0.01211
29	0.01352	0.01275	0.02137	0.70991	0.04808	0.01601	0.01964	0.01816	0.01413	0.01816	0.01255	0.01888	0.00949	0.00729	0.00764	0.00240	0.03264	0.00633	0.00316	0.00791
30	0.03195	0.01212	0.01652	0.01267	0.01818	0.01047	0.01047	0.03470	0.02038	0.71026	0.02809	0.02424	0.01763	0.00881	0.00716	0.00220	0.00606	0.00716	0.00881	0.01212
31	0.00842	0.00721	0.00721	0.00721	0.00962	0.00601	0.00541	0.01022	0.01623	0.01924	0.07213	0.06853	0.70244	0.01803	0.00842	0.00240	0.00361	0.01503	0.00661	0.00601
32	0.00868	0.00620	0.00826	0.00991	0.01033	0.00578	0.00661	0.00991	0.01363	0.01818	0.03925	0.74510	0.04710	0.02231	0.00909	0.00289	0.00413	0.02024	0.00661	0.00578
33	0.01327	0.00664	0.00664	0.00664	0.00830	0.00664	0.00498	0.01659	0.01493	0.02655	0.02323	0.02655	0.01825	0.00830	0.00498	0.00166	0.00332	0.00664	0.78928	0.00664
34	0.02660	0.03394	0.02018	0.01834	0.02201	0.72116	0.01376	0.02843	0.02018	0.01743	0.01101	0.01284	0.00917	0.00734	0.00642	0.00183	0.01284	0.00459	0.00367	0.00825
35	0.01904	0.75404	0.03731	0.01218	0.01828	0.02818	0.01218	0.02132	0.01447	0.01675	0.00990	0.01142	0.00914	0.00609	0.00457	0.00152	0.00761	0.00381	0.00305	0.00914
36	0.02449	0.01615	0.01809	0.01467	0.01957	0.01739	0.01184	0.32138	0.21427	0.18530	0.02408	0.06208	0.01798	0.00969	0.00728	0.00227	0.00662	0.00781	0.00750	0.01152
37	0.00868	0.00620	0.00826	0.00991	0.01033	0.00578	0.00661	0.00991	0.01363	0.01818	0.03925	0.74510	0.04710	0.02231	0.00909	0.00289	0.00413	0.02024	0.00661	0.00578
38	0.01001	0.00722	0.00945	0.00901	0.01062	0.00667	0.00671	0.01326	0.01982	0.02802	0.66760	0.08869	0.06616	0.01495	0.00843	0.00227	0.00340	0.01326	0.00778	0.00667
39	0.01808	0.01674	0.03060	0.10389	0.42099	0.01661	0.18843	0.02270	0.01649	0.07382	0.01468	0.01865	0.01146	0.00652	0.00741	0.00222	0.00928	0.00693	0.00390	0.01059
40	0.01490	0.01414	0.02398	0.49334	0.27700	0.01620	0.02050	0.01946	0.01492	0.01995	0.01291	0.01851	0.01011	0.00685	0.00709	0.00228	0.00913	0.00633	0.00329	0.00908
41	0.00868	0.00620	0.00826	0.00991	0.01033	0.00578	0.00661	0.00991	0.01363	0.01818	0.03925	0.74510	0.04710	0.02231	0.00909	0.00289	0.00413	0.02024	0.00661	0.00578
42	0.05769	0.05615	0.24453	0.02052	0.05541	0.06844	0.15919	0.02383	0.05596	0.07753	0.01782	0.02456	0.01461	0.00843	0.00730	0.00234	0.00943	0.08217	0.00440	0.00969
43	0.01914	0.02758	0.43007	0.01851	0.02669	0.01558	0.05120	0.06176	0.01719	0.18068	0.01708	0.01919	0.01210	0.00793	0.00788	0.00231	0.04657	0.02314	0.00469	0.01069
44	0.00888	0.00635	0.00850	0.01015	0.01066	0.00596	0.00697	0.01028	0.01384	0.01841	0.03913	0.69560	0.04664	0.02211	0.00914	0.00292	0.00431	0.06769	0.00661	0.00584
45	0.01536	0.06219	0.41622	0.07655	0.09683	0.01736	0.13350	0.02293	0.05011	0.02244	0.01380	0.01670	0.01023	0.00674	0.00702	0.00225	0.01011	0.00605	0.00339	0.01022
46	0.22303	0.01556	0.07069	0.26321	0.06145	0.01575	0.04840	0.04334	0.01533	0.12490	0.01433	0.01726	0.01041	0.00740	0.00717	0.00231	0.04011	0.00583	0.00447	0.00904
47	0.01725	0.01516	0.01716	0.01504	0.01917	0.01721	0.04843	0.03577	0.62456	0.02893	0.03009	0.02802	0.05140	0.00983	0.00736	0.00241	0.00590	0.00838	0.00701	0.01094
48	0.01441	0.03593	0.67844	0.02079	0.03115	0.01661	0.05982	0.02256	0.01512	0.02256	0.01286	0.01525	0.00911	0.00673	0.00685	0.00226	0.01060	0.00542	0.00304	0.01048
49	0.01782	0.04204	0.05227	0.01474	0.01820	0.17393	0.04236	0.04130	0.09053	0.07983	0.07967	0.14440	0.02709	0.01386	0.03050	0.00270	0.00814	0.10646	0.00577	0.00840
50	0.01214	0.01029	0.04259	0.01254	0.01466	0.00975	0.01050	0.01807	0.13830	0.02188	0.05237	0.16804	0.03628	0.08894	0.01165	0.00334	0.00613	0.32892	0.00635	0.00725
51	0.01017	0.00763	0.01144	0.01144	0.01272	0.00890	0.00890	0.01272	0.01144	0.01653	0.01907	0.02797	0.01780	0.05340	0.72153	0.01144	0.01907	0.00763	0.00381	0.00636
52	0.01535	0.01589	0.06066	0.38467	0.32287	0.01639	0.04220	0.02010	0.01519	0.02069	0.01303	0.01822	0.01026	0.00674	0.00711	0.00226	0.00919	0.00635	0.00332	0.00951
53	0.63586	0.01346	0.01174	0.06357	0.01668	0.01549	0.00885	0.02217	0.05085	0.06196	0.01247	0.01405	0.00944	0.00698	0.00491	0.00221	0.00576	0.00452	0.03093	0.00809
54	0.00904	0.00646	0.00868	0.01033	0.01090	0.00610	0.00724	0.01054	0.01399	0.01858	0.03905	0.65898	0.04630	0.02197	0.00919	0.00294	0.00445	0.10279	0.00660	0.00588
55	0.01027	0.00759	0.00963	0.00917	0.01093	0.00714	0.00685	0.01420	0.05067	0.02756	0.60127	0.08832	0.09963	0.01492	0.00838	0.00229	0.00352	0.01315	0.00768	0.00684
56	0.05429	0.16364	0.34159	0.05347	0.02590	0.01907	0.01887	0.10534	0.06650	0.06532	0.01471	0.01603	0.01082	0.00720	0.00637	0.00212	0.00875	0.00544	0.00424	0.01034
57	0.01557	0.01565	0.02090	0.01809	0.01834	0.04808	0.01496	0.01722	0.01131	0.01710	0.01020	0.01648	0.01003	0.01560	0.07955	0.00374	0.65001	0.00628	0.00319	0.00769
58	0.02615	0.01253	0.01561	0.01276	0.01746	0.01215	0.01038	0.06152	0.16759	0.44433	0.02785	0.02721	0.01941	0.00945	0.00712	0.00225	0.00584	0.03732	0.07183	0.01123
59	0.01746	0.01755	0.02684	0.19640	0.47507	0.07953	0.04160	0.02165	0.01614	0.02158	0.01305	0.01755	0.01067	0.00660	0.00705	0.00216	0.00920	0.00625	0.00346	0.01020
60	0.01868	0.01380	0.02096	0.47411	0.07687	0.01583	0.01746	0.11185	0.01802	0.13947	0.01592	0.01954	0.01133	0.00756	0.00712	0.00230	0.00863	0.00648	0.00468	0.00939
61	0.01158	0.00870	0.01108	0.01141	0.01329	0.00881	0.00912	0.01720	0.11899	0.02498	0.28752	0.13333	0.04865	0.01652	0.00882	0.00271	0.00495	0.24794	0.00715	0.00724
62	0.00962	0.00690	0.00897	0.01032	0.01101	0.00661	0.00709	0.04110	0.01464	0.01951	0.03817	0.69009	0.04528	0.02159	0.00902	0.00287	0.00438	0.04009	0.00663	0.00610
63	0.01837	0.01919	0.02632	0.05672	0.39698	0.12611	0.04815	0.02174	0.01561	0.02082	0.01215	0.01655	0.01045	0.00786	0.01063	0.00231	0.17059	0.00614	0.00345	0.00986
64	0.03142	0.01296	0.01705	0.01307	0.01860	0.01172	0.01080	0.10436	0.02179	0.63861	0.02691	0.02347	0.01703	0.00878	0.00716	0.00220	0.00625	0.00708	0.00863	0.01212
65	0.01134	0.00873	0.01140	0.01092	0.01161	0.01014	0.00787	0.01354	0.04583	0.01609	0.01981	0.03449	0.02047	0.35172	0.29401	0.00791	0.10545	0.00867	0.00412	0.00590
66	0.01020	0.00710	0.00865	0.00862	0.00911	0.00730	0.00552	0.01102	0.01134	0.01535	0.05417	0.04379	0.06059	0.52203	0.18885	0.00750	0.00934	0.01009	0.00447	0.00497
67	0.01814	0.49425	0.09274	0.04747	0.02130	0.08108	0.03524	0.02106	0.01482	0.01768	0.01213	0.05375	0.01134	0.00753	0.00637	0.00184	0.04574	0.00531	0.00332	0.00889
68	0.00891	0.00638	0.00847	0.00976	0.01038	0.00594	0.00663	0.01050	0.01472	0.01990	0.14925	0.63019	0.05043	0.02102	0.00897	0.00278	0.00400	0.01902	0.00681	0.00594
69	0.01027	0.00794	0.01045	0.01077	0.01194	0.00781	0.03633	0.01360	0.08707	0.01901	0.03652	0.47747	0.08302	0.13716	0.01319	0.00343	0.00505	0.01646	0.00618	0.00633
70	0.01641	0.01829	0.03869	0.02927	0.07243	0.01758	0.57751	0.02187	0.01632	0.02233	0.01524	0.05247	0.01243	0.00711	0.00913	0.00244	0.04862	0.00872	0.00371	0.00943
71	0.01573	0.01142	0.01411	0.01215	0.01564	0.01154	0.04619	0.04592	0.22511	0.11261	0.20722	0.04177	0.18597	0.01244	0.00785	0.00233	0.00509	0.01070	0.00724	0.00897
72	0.01021	0.00762	0.01109	0.01122	0.01252	0.00862	0.00874	0.01266	0.01201	0.01691	0.02308	0.03488	0.05025	0.08127	0.60048	0.01017	0.01681	0.06098	0.00418	0.00626
73	0.01691	0.01652	0.02858	0.11901	0.51808	0.01728	0.07679	0.02113	0.01561	0.02215	0.01307	0.01775	0.01088	0.00690	0.00850	0.00225	0.06817	0.00651	0.00346	0.01047
74	0.02348	0.01214	0.01638	0.01307	0.01751	0.01143	0.04774	0.10359	0.05011	0.36648	0.17701	0.05560	0.05170	0.01070	0.00761	0.00225	0.00584	0.00916	0.00789	0.01032
75	0.01032	0.00699	0.00798	0.00803	0.00825	0.00692	0.00476	0.01066	0.01121	0.01491	0.05140	0.04912	0.05212	0.66293	0.03301	0.00640	0.00663	0.03915	0.00463	0.00457
76	0.80005	0.01377	0.01047	0.00936	0.01377	0.01597	0.00771	0.02093	0.01212	0.03195	0.00991	0.01157	0.00771	0.00661	0.00441	0.00220	0.00551	0.00386	0.00441	0.00771
77	0.01915	0.57568	0.05537	0.01292	0.01859	0.08466	0.01239	0.02310	0.07019	0.01850	0.01224	0.01357	0.01057	0.00661	0.00504	0.00165	0.00780	0.00439	0.03841	0.00917
78	0.01854	0.01249	0.06926	0.01138	0.01541	0.01060	0.00979	0.02515	0.14743	0.22251	0.12515	0.03370	0.10695	0.01062	0.00707	0.00218	0.00518	0.00882	0.14841	0.00935
79	0.01036	0.00690	0.00777	0.00777	0.00777	0.00690	0.00431	0.01036	0.01036	0.01381	0.02244	0.04660	0.02589	0.74975	0.03624	0.00690	0.00690	0.01036	0.00431	0.00431
80	0.02719	0.01217	0.01558	0.01260	0.01738	0.01141	0.01034	0.06542	0.09603	0.49716	0.02788	0.02812	0.01944	0.00959	0.00717	0.00225	0.00591	0.05123	0.07194	0.01120
81	0.18205	0.01571	0.05155	0.04027	0.02268	0.01486	0.14091	0.09759	0.04127	0.26749	0.01922	0.01949	0.01320	0.00765	0.00675	0.00223	0.00750	0.00655	0.03274	0.01031
82	0.00908	0.00738	0.00816	0.00859	0.01074	0.00647	0.00675	0.01117	0.01615	0.01963	0.06337	0.10087	0.53302	0.01857	0.00875	0.00261	0.00426	0.15173	0.00660	0.00612
83	0.49838	0.01584	0.01451	0.01194	0.01684	0.01785	0.00985	0.25043	0.01988	0.06634	0.01320	0.01404	0.00967	0.00738	0.00547	0.00218	0.00634	0.00489	0.00554	0.00943
84	0.01330	0.00845	0.01069	0.00967	0.01207	0.00789	0.00741	0.01759	0.06541	0.11648	0.51724	0.04887	0.10939	0.01376	0.00816	0.00226	0.00388	0.01198	0.00783	0.00767
85	0.01409	0.01338	0.02225	0.59628	0.12084	0.01643	0.01967	0.01852	0.01419	0.01868	0.01247	0.01855	0.00968	0.00747	0.00844	0.00240	0.06884	0.00632	0.00320	0.00828
86	0.01428	0.03683	0.71286	0.02030	0.03082	0.01654	0.02631	0.02255	0.01503	0.02255	0.01278	0.01503	0.00902	0.00677	0.00677	0.00226	0.01052	0.00526	0.00301	0.01052
87	0.01529	0.01297	0.01505	0.01080	0.01710	0.01003	0.00866	0.04638	0.01557	0.02413	0.01285	0.01487	0.01061	0.00541	0.00535	0.00110	0.00538	0.00431	0.00434	0.75979
88	0.01681	0.01921	0.04202	0.03001	0.03721	0.01801	0.67947	0.02281	0.01681	0.02281	0.01441	0.01921	0.01080	0.00600	0.00840	0.00240	0.01200	0.00840	0.00360	0.00960
89	0.01750	0.01336	0.01814	0.01345	0.01943	0.01107	0.08471	0.05104	0.01668	0.11045	0.01670	0.02101	0.01360	0.00693	0.00626	0.00155	0.00634	0.04941	0.00502	0.51738
90	0.01379	0.01287	0.02093	0.67417	0.04656	0.01597	0.01908	0.01979	0.06946	0.01914	0.01399	0.01960	0.01049	0.00733	0.00713	0.00238	0.00918	0.00647	0.00350	0.00818
91	0.03195	0.01212	0.01652	0.01267	0.01818	0.01047	0.01047	0.03470	0.02038	0.71026	0.02809	0.02424	0.01763	0.00881	0.00716	0.00220	0.00606	0.00716	0.00881	0.01212
92	0.02707	0.01995	0.02137	0.01638	0.02208	0.02208	0.01353	0.68159	0.03348	0.04488	0.01710	0.01710	0.01211	0.00855	0.00712	0.00214	0.00784	0.00641	0.00712	0.01211
93	0.01428	0.03683	0.71286	0.02030	0.03082	0.01654	0.02631	0.02255	0.01503	0.02255	0.01278	0.01503	0.00902	0.00677	0.00677	0.00226	0.01052	0.00526	0.00301	0.01052
94	0.03009	0.01199	0.01611	0.01254	0.01777	0.01058	0.01029	0.03365	0.05026	0.64183	0.06584	0.02596	0.02058	0.00917	0.00723	0.00221	0.00589	0.00752	0.00869	0.01178
95	0.01034	0.00696	0.00807	0.00807	0.00817	0.00707	0.00469	0.01055	0.01044	0.01403	0.02216	0.04508	0.02523	0.69306	0.09203	0.00727	0.00789	0.01013	0.00427	0.00448
96	0.01536	0.01454	0.02043	0.55003	0.04159	0.05585	0.01783	0.04546	0.12599	0.02099	0.01539	0.01981	0.01157	0.00760	0.00710	0.00234	0.00899	0.00651	0.00400	0.00863
97	0.01755	0.01493	0.02629	0.02335	0.12973	0.01435	0.26281	0.04486	0.07294	0.11154	0.05598	0.05388	0.09939	0.00958	0.00797	0.00236	0.00823	0.02924	0.00541	0.00963
98	0.01036	0.00690	0.00777	0.00777	0.00777	0.00690	0.00431	0.01036	0.01036	0.01381	0.02244	0.04660	0.02589	0.74975	0.03624	0.00690	0.00690	0.01036	0.00431	0.00431
99	0.74364	0.01387	0.01105	0.00971	0.01421	0.01590	0.00800	0.04056	0.01310	0.06249	0.01093	0.01229	0.00828	0.00676	0.00461	0.00220	0.00560	0.00408	0.00468	0.00803
100	0.01643	0.15111	0.48331	0.01911	0.02773	0.08946	0.04790	0.02276	0.01538	0.02092	0.01208	0.01441	0.00914	0.00689	0.00703	0.00213	0.03605	0.00512	0.00311	0.00994
101	0.01282	0.01051	0.01775	0.01518	0.01759	0.01082	0.15550	0.01563	0.01364	0.04181	0.02269	0.09600	0.02274	0.15648	0.20528	0.00579	0.04829	0.09216	0.03238	0.00695
102	0.01558	0.01558	0.02181	0.01869	0.01869	0.02181	0.01558	0.01714	0.01091	0.01714	0.00935	0.01558	0.00935	0.01246	0.02337	0.00312	0.73672	0.00623	0.00312	0.00779
103	0.01345	0.01266	0.02136	0.73264	0.04904	0.01582	0.01978	0.01819	0.01424	0.01819	0.01266	0.01898	0.00949	0.00712	0.00712	0.00237	0.00949	0.00633	0.00316	0.00791
104	0.01918	0.02066	0.05584	0.02226	0.02773	0.12268	0.30924	0.12841	0.08224	0.02558	0.01747	0.07755	0.01463	0.00853	0.00830	0.00233	0.03480	0.00825	0.00472	0.00962
105	0.01033	0.00738	0.01016	0.01180	0.01294	0.00721	0.00948	0.01277	0.01526	0.02003	0.03833	0.35256	0.04348	0.02075	0.00953	0.00312	0.00556	0.39648	0.00658	0.00624
106	0.01527	0.03545	0.67387	0.01987	0.03011	0.01620	0.02542	0.02323	0.01533	0.06106	0.01364	0.01555	0.00950	0.00688	0.00679	0.00225	0.01027	0.00537	0.00333	0.01061
107	0.01731	0.01660	0.02834	0.09501	0.65646	0.01684	0.02170	0.02158	0.01607	0.02289	0.01334	0.01772	0.01115	0.00640	0.00705	0.00213	0.00854	0.00634	0.00350	0.01103
108	0.01433	0.26464	0.07660	0.01161	0.01510	0.04850	0.01034	0.01647	0.01366	0.01725	0.02243	0.09209	0.08447	0.16903	0.06001	0.00366	0.04031	0.00834	0.02386	0.00728
109	0.80005	0.01377	0.01047	0.00936	0.01377	0.01597	0.00771	0.02093	0.01212	0.03195	0.00991	0.01157	0.00771	0.00661	0.00441	0.00220	0.00551	0.00386	0.00441	0.00771
110	0.00918	0.00749	0.00948	0.00928	0.01122	0.00662	0.03571	0.01133	0.01635	0.02096	0.18551	0.24182	0.37330	0.01794	0.00859	0.00250	0.00407	0.01569	0.00672	0.00625
111	0.06300	0.07404	0.04848	0.02368	0.19561	0.03817	0.12086	0.02701	0.12614	0.16260	0.02003	0.02095	0.03188	0.00767	0.00699	0.00219	0.00794	0.00692	0.00528	0.01056
112	0.01226	0.00853	0.01106	0.01189	0.01402	0.00830	0.01011	0.01597	0.04781	0.05984	0.04412	0.07218	0.18006	0.01825	0.00926	0.00299	0.00586	0.45380	0.00673	0.00697
113	0.00872	0.00665	0.00802	0.00889	0.01011	0.00595	0.00620	0.01036	0.01516	0.01953	0.11382	0.44470	0.27606	0.02009	0.00879	0.00266	0.00388	0.01773	0.00673	0.00595
114	0.01725	0.01784	0.06686	0.07304	0.63837	0.01685	0.02201	0.02173	0.01606	0.02300	0.01333	0.01754	0.01107	0.00640	0.00704	0.00213	0.00862	0.00628	0.00348	0.01109
115	0.02135	0.01795	0.05820	0.02079	0.10767	0.04042	0.11159	0.12476	0.24831	0.13992	0.02163	0.02159	0.01571	0.00819	0.00731	0.00227	0.00780	0.00725	0.00615	0.01115
116	0.00900	0.00682	0.00831	0.00882	0.01020	0.00612	0.00628	0.01103	0.01632	0.02151	0.24174	0.33905	0.25142	0.01876	0.00868	0.00255	0.00375	0.01652	0.00697	0.00612
117	0.01741	0.01670	0.02852	0.07905	0.67166	0.01686	0.02175	0.02167	0.01611	0.02300	0.01336	0.01769	0.01119	0.00638	0.00705	0.00213	0.00851	0.00634	0.00351	0.01111
118	0.01477	0.01266	0.01477	0.01055	0.01687	0.00949	0.00844	0.01793	0.01477	0.02320	0.01266	0.01477	0.01055	0.00527	0.00527	0.00105	0.00527	0.00422	0.00422	0.79328
119	0.00891	0.00726	0.00790	0.00782	0.01003	0.00625	0.00592	0.01113	0.01717	0.02152	0.22092	0.06525	0.52990	0.01726	0.00846	0.00239	0.00364	0.03517	0.00690	0.00620
120	0.00879	0.00628	0.00836	0.00984	0.01035	0.00586	0.00662	0.01020	0.01416	0.01902	0.09317	0.68877	0.04873	0.02168	0.00903	0.00284	0.00407	0.01964	0.00671	0.00586
121	0.02792	0.06935	0.02082	0.01527	0.02064	0.12018	0.01255	0.34822	0.02634	0.23867	0.01903	0.01824	0.01314	0.00829	0.00686	0.00207	0.00801	0.00620	0.00685	0.01135
122	0.01965	0.69541	0.03592	0.01269	0.01858	0.08459	0.01231	0.02190	0.01493	0.01681	0.00999	0.01154	0.00914	0.00619	0.00472	0.00155	0.00804	0.00387	0.00310	0.00907
123	0.00938	0.00666	0.00887	0.01039	0.01102	0.00637	0.00741	0.01093	0.01393	0.01846	0.03756	0.55313	0.04413	0.08100	0.01145	0.00330	0.00485	0.14893	0.00641	0.00582
124	0.72034	0.01535	0.05030	0.01030	0.01511	0.01629	0.00902	0.05154	0.01327	0.03202	0.01041	0.01202	0.00799	0.00671	0.00466	0.00220	0.00590	0.00405	0.00445	0.00807
125	0.01771	0.01530	0.01610	0.01449	0.01852	0.01771	0.01127	0.03784	0.69247	0.02979	0.02898	0.02657	0.02174	0.00966	0.00725	0.00242	0.00564	0.00805	0.00725	0.01127
126	0.01049	0.00801	0.01168	0.01151	0.01259	0.00944	0.00885	0.01274	0.01131	0.01631	0.01884	0.02900	0.01808	0.11545	0.61912	0.01056	0.05813	0.00780	0.00382	0.00625
127	0.00868	0.00620	0.00826	0.00991	0.01033	0.00578	0.00661	0.00991	0.01363	0.01818	0.03925	0.74510	0.04710	0.02231	0.00909	0.00289	0.00413	0.02024	0.00661	0.00578
128	0.01850	0.01976	0.02053	0.01778	0.01976	0.20750	0.04450	0.05167	0.05295	0.01938	0.01283	0.01741	0.01136	0.01612	0.11318	0.00381	0.33476	0.00619	0.00380	0.00819
129	0.01762	0.01692	0.02890	0.04371	0.70533	0.01692	0.02185	0.02185	0.01621	0.02326	0.01339	0.01762	0.01128	0.00634	0.00705	0.00211	0.00846	0.00634	0.00352	0.01128
130	0.03195	0.01212	0.01652	0.01267	0.01818	0.01047	0.01047	0.03470	0.02038	0.71026	0.02809	0.02424	0.01763	0.00881	0.00716	0.00220	0.00606	0.00716	0.00881	0.01212
131	0.00842	0.00721	0.00721	0.00721	0.00962	0.00601	0.00541	0.01022	0.01623	0.01924	0.07213	0.06853	0.70244	0.01803	0.00842	0.00240	0.00361	0.01503	0.00661	0.00601
132	0.01477	0.01266	0.01477	0.01055	0.01687	0.00949	0.00844	0.01793	0.01477	0.02320	0.01266	0.01477	0.01055	0.00527	0.00527	0.00105	0.00527	0.00422	0.00422	0.79328
133	0.01904	0.75404	0.03731	0.01218	0.01828	0.02818	0.01218	0.02132	0.01447	0.01675	0.00990	0.01142	0.00914	0.00609	0.00457	0.00152	0.00761	0.00381	0.00305	0.00914
134	0.01771	0.01530	0.01610	0.01449	0.01852	0.01771	0.01127	0.03784	0.69247	0.02979	0.02898	0.02657	0.02174	0.00966	0.00725	0.00242	0.00564	0.00805	0.00725	0.01127
135	0.01632	0.01572	0.02719	0.25260	0.47604	0.01663	0.05047	0.02078	0.01564	0.02170	0.01321	0.01811	0.01071	0.00656	0.00713	0.00221	0.00893	0.00643	0.00342	0.01018
136	0.00947	0.00717	0.01055	0.01143	0.01238	0.00676	0.04488	0.01123	0.01415	0.01882	0.03767	0.62296	0.04431	0.02107	0.00914	0.00291	0.00487	0.09770	0.00643	0.00609
137	0.01771	0.01530	0.01610	0.01449	0.01852	0.01771	0.01127	0.03784	0.69247	0.02979	0.02898	0.02657	0.02174	0.00966	0.00725	0.00242	0.00564	0.00805	0.00725	0.01127
138	0.00906	0.00724	0.00811	0.00789	0.01002	0.00629	0.00592	0.01148	0.01776	0.02288	0.31796	0.06254	0.45435	0.01668	0.00841	0.00234	0.00351	0.01419	0.00709	0.00629
139	0.01863	0.01687	0.02249	0.38212	0.14672	0.07287	0.01805	0.18869	0.01993	0.02576	0.01378	0.01780	0.01042	0.00737	0.00705	0.00223	0.00916	0.00622	0.00427	0.00956
140	0.01636	0.01562	0.02661	0.25286	0.50609	0.01659	0.02122	0.02074	0.01561	0.02172	0.01317	0.01804	0.01074	0.00658	0.00707	0.00219	0.00877	0.00634	0.00342	0.01026
141	0.01017	0.00763	0.01144	0.01144	0.01272	0.00890	0.00890	0.01272	0.01144	0.01653	0.01907	0.02797	0.01780	0.05340	0.72153	0.01144	0.01907	0.00763	0.00381	0.00636
142	0.03056	0.01185	0.01618	0.01270	0.01795	0.01031	0.01053	0.03335	0.02011	0.66359	0.02874	0.02804	0.01921	0.00955	0.00734	0.00228	0.00609	0.05121	0.00866	0.01174
143	0.01904	0.75404	0.03731	0.01218	0.01828	0.02818	0.01218	0.02132	0.01447	0.01675	0.00990	0.01142	0.00914	0.00609	0.00457	0.00152	0.00761	0.00381	0.00305	0.00914
144	0.02751	0.01321	0.01651	0.01319	0.01822	0.01278	0.01071	0.08705	0.16430	0.47994	0.05850	0.02549	0.02034	0.00924	0.00723	0.00224	0.00599	0.00755	0.00830	0.01169
