[name]
unknown

[dist]
# distance from previous block
# <min> <max>
1	267

[block]
# block no. 0 follows, 37 sequences, length 72
# corresponding to MSA columns:
# 273-344
name=unknown_A
#
# <colnr> <probs for GDERKNQSTAVLIFYWHMCP>
#	G	D	E	R	K	N	Q	S	T	A	V	L	I	F	Y	W	H	M	C	P
0	0.04987	0.06473	0.20776	0.01496	0.08002	0.01284	0.05000	0.06768	0.09274	0.05437	0.05106	0.06170	0.08490	0.03040	0.00675	0.00200	0.00637	0.00686	0.00430	0.05068
1	0.05239	0.01743	0.17433	0.01663	0.12056	0.05124	0.05573	0.08589	0.01516	0.06830	0.04739	0.01586	0.01179	0.01905	0.00603	0.00169	0.00677	0.00508	0.00391	0.22477
2	0.09804	0.01334	0.05359	0.06272	0.25115	0.01315	0.09735	0.03464	0.02818	0.03522	0.03374	0.04234	0.06563	0.04811	0.00870	0.00220	0.07753	0.00661	0.00369	0.02407
3	0.01344	0.01373	0.08249	0.07977	0.04080	0.05707	0.04566	0.08392	0.14315	0.02193	0.14446	0.06480	0.02258	0.05814	0.00795	0.00217	0.00608	0.03201	0.00480	0.07504
4	0.01717	0.04074	0.05478	0.01335	0.01765	0.05201	0.03056	0.20180	0.38089	0.02693	0.01933	0.01965	0.01474	0.00763	0.00605	0.00191	0.00604	0.02339	0.00548	0.05991
5	0.39375	0.07521	0.23242	0.01476	0.10205	0.03157	0.01329	0.03822	0.01237	0.02329	0.00979	0.01157	0.00754	0.00572	0.00476	0.00185	0.00663	0.00399	0.00331	0.00790
6	0.01357	0.01027	0.01215	0.00922	0.01369	0.00847	0.00734	0.06848	0.01518	0.07330	0.15734	0.02123	0.04041	0.00684	0.00537	0.00128	0.00438	0.00567	0.00476	0.52106
7	0.00856	0.00625	0.00803	0.00759	0.00908	0.00573	0.00569	0.01134	0.01707	0.02395	0.69243	0.04671	0.10916	0.01274	0.00722	0.00194	0.00290	0.01121	0.00666	0.00573
8	0.01519	0.45353	0.29199	0.01333	0.01979	0.05878	0.01492	0.01942	0.03267	0.01654	0.00991	0.01136	0.00812	0.00559	0.00476	0.00157	0.00764	0.00386	0.00273	0.00830
9	0.02095	0.25279	0.02168	0.01421	0.01798	0.54355	0.01143	0.02264	0.01590	0.01481	0.00918	0.01068	0.00788	0.00599	0.00505	0.00150	0.00972	0.00375	0.00300	0.00732
10	0.02746	0.01042	0.01421	0.01089	0.01563	0.00900	0.00900	0.02983	0.01752	0.75093	0.02415	0.02083	0.01515	0.00758	0.00616	0.00189	0.00521	0.00616	0.00758	0.01042
11	0.01063	0.00532	0.00797	0.00797	0.00797	0.00532	0.00532	0.00797	0.00797	0.01063	0.01063	0.01861	0.01063	0.02127	0.02392	0.82190	0.00532	0.00532	0.00266	0.00266
12	0.02131	0.01601	0.07291	0.01522	0.07514	0.01555	0.01213	0.43194	0.04254	0.15769	0.01730	0.06464	0.01312	0.00790	0.00621	0.00190	0.00643	0.00634	0.00584	0.00989
13	0.00844	0.00609	0.00820	0.00954	0.01042	0.00584	0.00736	0.01026	0.01282	0.01679	0.03466	0.44795	0.07505	0.01805	0.00805	0.00260	0.00439	0.30255	0.00566	0.00526
14	0.01451	0.01472	0.05684	0.07343	0.64064	0.01405	0.01822	0.01829	0.01397	0.01997	0.04766	0.01662	0.01190	0.00585	0.00611	0.00184	0.00718	0.00569	0.00318	0.00932
15	0.00764	0.00641	0.00673	0.00655	0.00867	0.00536	0.00491	0.00935	0.01413	0.01740	0.11993	0.07649	0.62560	0.01480	0.00712	0.00201	0.00317	0.01242	0.00568	0.04563
16	0.01269	0.01088	0.01269	0.00907	0.01451	0.00816	0.00725	0.01541	0.01269	0.01995	0.01088	0.01269	0.00907	0.00453	0.00453	0.00091	0.00453	0.00363	0.00363	0.82229
17	0.01502	0.04624	0.39259	0.01792	0.11574	0.01330	0.03638	0.04749	0.02833	0.11034	0.05128	0.01614	0.01197	0.00632	0.00587	0.00183	0.00749	0.00524	0.00377	0.06674
18	0.00890	0.00593	0.00668	0.00668	0.00668	0.00593	0.00371	0.00890	0.00890	0.01187	0.01929	0.04006	0.02225	0.78487	0.03116	0.00593	0.00593	0.00890	0.00371	0.00371
19	0.01482	0.01394	0.02227	0.10369	0.54937	0.01457	0.01700	0.02092	0.14163	0.02057	0.01383	0.01662	0.01114	0.00602	0.00610	0.00189	0.00693	0.00571	0.00357	0.00942
20	0.01457	0.01360	0.05897	0.04290	0.18230	0.01124	0.09486	0.03295	0.01383	0.06723	0.01214	0.01439	0.00955	0.00519	0.00545	0.00142	0.00628	0.00477	0.00365	0.40472
21	0.05316	0.08458	0.55072	0.01741	0.07739	0.01474	0.01950	0.01953	0.04536	0.01990	0.03522	0.01422	0.00997	0.00607	0.00566	0.00189	0.00812	0.00476	0.00298	0.00881
22	0.01598	0.68872	0.03036	0.01119	0.01576	0.02352	0.01085	0.01787	0.01204	0.01444	0.00845	0.01028	0.00788	0.00594	0.00601	0.00149	0.10535	0.00354	0.00263	0.00771
23	0.02072	0.02557	0.01587	0.01466	0.01757	0.64008	0.01111	0.02244	0.01678	0.01556	0.01411	0.01848	0.04395	0.00765	0.00581	0.00170	0.00998	0.06386	0.02727	0.00684
24	0.01320	0.01156	0.01461	0.01360	0.12651	0.00950	0.00914	0.01682	0.05063	0.02025	0.01171	0.01360	0.00967	0.00487	0.00486	0.00111	0.00497	0.00408	0.00367	0.65565
25	0.01517	0.01576	0.02050	0.01704	0.01833	0.11584	0.09756	0.01703	0.01126	0.03649	0.00920	0.01367	0.00837	0.00938	0.01624	0.00244	0.56034	0.00542	0.00293	0.00704
26	0.37033	0.01207	0.01404	0.31961	0.02515	0.01430	0.01154	0.09227	0.04896	0.02372	0.01094	0.01368	0.00825	0.00617	0.00511	0.00196	0.00635	0.00459	0.00372	0.00725
27	0.00763	0.00545	0.00730	0.00872	0.00916	0.00512	0.00599	0.00883	0.01189	0.01582	0.03364	0.72891	0.04010	0.01901	0.00786	0.00251	0.00370	0.06764	0.00568	0.00502
28	0.00823	0.00571	0.00738	0.00824	0.00906	0.00523	0.00569	0.00965	0.01293	0.04002	0.13658	0.57788	0.11564	0.01749	0.00762	0.00234	0.00346	0.01569	0.00589	0.00528
29	0.01248	0.06910	0.71749	0.01710	0.02596	0.01471	0.02202	0.01933	0.01290	0.01914	0.01086	0.01277	0.00776	0.00579	0.00572	0.00191	0.00892	0.00446	0.00259	0.00899
30	0.01228	0.03166	0.75316	0.01745	0.02649	0.01422	0.02262	0.01939	0.01292	0.01939	0.01099	0.01292	0.00775	0.00582	0.00582	0.00194	0.00905	0.00452	0.00258	0.00905
31	0.02327	0.01715	0.01837	0.01408	0.01898	0.01898	0.01163	0.72628	0.02878	0.03858	0.01470	0.01470	0.01041	0.00735	0.00612	0.00184	0.00674	0.00551	0.00612	0.01041
32	0.02182	0.01548	0.01727	0.01448	0.06111	0.01685	0.01118	0.57541	0.02569	0.07392	0.01554	0.01587	0.01115	0.00723	0.00594	0.00180	0.00630	0.00556	0.08751	0.00990
33	0.00890	0.00593	0.00668	0.00668	0.00668	0.00593	0.00371	0.00890	0.00890	0.01187	0.01929	0.04006	0.02225	0.78487	0.03116	0.00593	0.00593	0.00890	0.00371	0.00371
34	0.02610	0.01123	0.01445	0.01114	0.01575	0.01037	0.00918	0.13501	0.01902	0.60948	0.02252	0.01999	0.01446	0.00752	0.00607	0.00186	0.00533	0.00604	0.04429	0.01020
35	0.01462	0.01236	0.01298	0.01174	0.01501	0.01416	0.00912	0.03028	0.65679	0.02502	0.02629	0.02448	0.05152	0.00856	0.00615	0.00203	0.00464	0.00712	0.05791	0.00923
36	0.00766	0.00547	0.00730	0.00853	0.00902	0.00512	0.00582	0.00896	0.01236	0.01662	0.10574	0.68414	0.04208	0.01843	0.00777	0.00244	0.00355	0.03814	0.00579	0.00507
37	0.00890	0.00593	0.00668	0.00668	0.00668	0.00593	0.00371	0.00890	0.00890	0.01187	0.01929	0.04006	0.02225	0.78487	0.03116	0.00593	0.00593	0.00890	0.00371	0.00371
38	0.01269	0.01088	0.01269	0.00907	0.01451	0.00816	0.00725	0.01541	0.01269	0.01995	0.01088	0.01269	0.00907	0.00453	0.00453	0.00091	0.00453	0.00363	0.00363	0.82229
39	0.01503	0.01489	0.02685	0.03548	0.61964	0.01471	0.14423	0.01893	0.01403	0.01993	0.01167	0.01539	0.00962	0.00540	0.00627	0.00186	0.00781	0.00577	0.00304	0.00944
40	0.00874	0.00656	0.00984	0.00984	0.01093	0.00765	0.00765	0.01093	0.00984	0.01421	0.01640	0.02405	0.01530	0.04591	0.76062	0.00984	0.01640	0.00656	0.00328	0.00547
41	0.01165	0.01106	0.01894	0.74589	0.04183	0.01366	0.04007	0.01577	0.01231	0.01577	0.01093	0.01633	0.00820	0.00609	0.00616	0.00204	0.00823	0.00550	0.00273	0.00685
42	0.01228	0.03166	0.75316	0.01745	0.02649	0.01422	0.02262	0.01939	0.01292	0.01939	0.01099	0.01292	0.00775	0.00582	0.00582	0.00194	0.00905	0.00452	0.00258	0.00905
43	0.01477	0.01493	0.04500	0.10077	0.25960	0.01440	0.30104	0.01892	0.01381	0.05240	0.01215	0.01579	0.00946	0.00571	0.00714	0.00193	0.04629	0.00606	0.00324	0.05658
44	0.00874	0.00656	0.00984	0.00984	0.01093	0.00765	0.00765	0.01093	0.00984	0.01421	0.01640	0.02405	0.01530	0.04591	0.76062	0.00984	0.01640	0.00656	0.00328	0.00547
45	0.00749	0.00550	0.00705	0.00826	0.00890	0.00506	0.00565	0.00868	0.01211	0.01583	0.03779	0.65672	0.14199	0.01858	0.00775	0.00243	0.00354	0.03596	0.00568	0.00502
46	0.01451	0.01411	0.02300	0.21818	0.54859	0.03863	0.01812	0.01819	0.01363	0.01876	0.01129	0.01531	0.00926	0.00565	0.00606	0.00187	0.00761	0.00540	0.00296	0.00889
47	0.03046	0.02807	0.58735	0.01899	0.02732	0.01447	0.16874	0.01940	0.01319	0.01961	0.01122	0.01361	0.00805	0.00568	0.00607	0.00196	0.00922	0.00506	0.00272	0.00883
48	0.01069	0.00680	0.00801	0.00758	0.00886	0.00731	0.00586	0.01329	0.01344	0.02165	0.19242	0.02892	0.05960	0.01069	0.03545	0.00204	0.09439	0.00732	0.45988	0.00580
49	0.01063	0.00532	0.00797	0.00797	0.00797	0.00532	0.00532	0.00797	0.00797	0.01063	0.01063	0.01861	0.01063	0.02127	0.02392	0.82190	0.00532	0.00532	0.00266	0.00266
50	0.01298	0.01105	0.01285	0.00920	0.01463	0.00845	0.00737	0.03460	0.01313	0.02045	0.01098	0.01275	0.00910	0.00461	0.00458	0.00093	0.00459	0.00368	0.00369	0.80038
51	0.00772	0.00575	0.00819	0.00917	0.00975	0.00537	0.03273	0.00894	0.01182	0.01578	0.03293	0.75212	0.03931	0.01865	0.00779	0.00247	0.00381	0.01702	0.00558	0.00510
52	0.00844	0.00622	0.00788	0.00752	0.00902	0.00567	0.00562	0.01109	0.01671	0.02321	0.63135	0.06875	0.14952	0.01311	0.00724	0.00196	0.00294	0.01150	0.00657	0.00567
53	0.01377	0.01682	0.10476	0.06406	0.11955	0.01448	0.47961	0.01873	0.01431	0.01976	0.06148	0.01794	0.01240	0.00581	0.00688	0.00201	0.00920	0.00690	0.00326	0.00827
54	0.01576	0.01526	0.02610	0.03373	0.56990	0.03625	0.13633	0.03747	0.01459	0.03770	0.01198	0.01538	0.00972	0.00553	0.00624	0.00185	0.00783	0.00572	0.00323	0.00942
55	0.01862	0.01050	0.01278	0.01155	0.04996	0.01048	0.00865	0.07123	0.18975	0.29039	0.07966	0.02586	0.07850	0.00860	0.00611	0.00189	0.00469	0.00713	0.10479	0.00886
56	0.00773	0.00552	0.00733	0.00854	0.00904	0.00517	0.00585	0.00903	0.01230	0.01651	0.10049	0.65764	0.04141	0.03751	0.00837	0.00254	0.00365	0.05062	0.00573	0.00505
57	0.07972	0.15917	0.19121	0.01512	0.06191	0.09411	0.03328	0.12619	0.03424	0.12986	0.01311	0.01385	0.00962	0.00626	0.00545	0.00176	0.00740	0.00472	0.00413	0.00888
58	0.06839	0.10672	0.50359	0.01560	0.03568	0.01508	0.01825	0.05212	0.03699	0.05291	0.01177	0.01318	0.00856	0.00593	0.00549	0.00184	0.00792	0.00450	0.00321	0.03228
59	0.01229	0.01175	0.01680	0.01457	0.01493	0.01580	0.03097	0.01378	0.00956	0.01457	0.01042	0.01726	0.01036	0.07280	0.14920	0.00414	0.56575	0.00587	0.00287	0.00631
60	0.21596	0.01158	0.01349	0.01170	0.01324	0.02980	0.00934	0.01637	0.01065	0.10171	0.01218	0.01842	0.01121	0.15648	0.01625	0.00299	0.33278	0.00559	0.00372	0.00655
61	0.00748	0.00601	0.00667	0.00693	0.00852	0.00520	0.00504	0.00909	0.01389	0.01740	0.14627	0.22140	0.49276	0.01594	0.00736	0.00214	0.00317	0.01369	0.00582	0.00520
62	0.01421	0.01346	0.02174	0.07075	0.57382	0.02897	0.01652	0.01804	0.03371	0.02019	0.09237	0.03981	0.01592	0.00673	0.00623	0.00186	0.00675	0.00640	0.00358	0.00893
63	0.05759	0.01047	0.01401	0.01078	0.01548	0.00918	0.00891	0.02939	0.01725	0.72371	0.02356	0.02043	0.01483	0.00751	0.00607	0.00189	0.00519	0.00605	0.00743	0.01027
64	0.01259	0.07496	0.68609	0.01734	0.02606	0.01484	0.04669	0.01933	0.01295	0.01910	0.01089	0.01287	0.00781	0.00576	0.00576	0.00191	0.00895	0.00455	0.00260	0.00895
65	0.00753	0.00538	0.00719	0.00861	0.00900	0.00504	0.00581	0.00865	0.01179	0.01571	0.03370	0.75876	0.04032	0.01911	0.00783	0.00250	0.00362	0.03878	0.00568	0.00499
66	0.01689	0.72771	0.03090	0.01090	0.01597	0.08320	0.01058	0.01882	0.01283	0.01445	0.00859	0.00992	0.00786	0.00532	0.00406	0.00133	0.00691	0.00333	0.00266	0.00779
67	0.00776	0.00548	0.00723	0.00831	0.00887	0.00512	0.00566	0.00916	0.01263	0.01723	0.14418	0.64395	0.04246	0.01779	0.00762	0.00237	0.00343	0.01607	0.02956	0.00512
68	0.00794	0.00634	0.00745	0.03405	0.00998	0.00571	0.00575	0.00997	0.01465	0.01878	0.25027	0.12282	0.42254	0.01474	0.00730	0.00210	0.00338	0.04495	0.00588	0.00540
69	0.01227	0.02985	0.68568	0.01800	0.04678	0.01397	0.04395	0.01902	0.01296	0.01929	0.01178	0.03791	0.00892	0.00622	0.00593	0.00196	0.00886	0.00505	0.00271	0.00891
70	0.82811	0.01184	0.00900	0.00805	0.01184	0.01373	0.00663	0.01799	0.01042	0.02746	0.00852	0.00994	0.00663	0.00568	0.00379	0.00189	0.00474	0.00331	0.00379	0.00663
71	0.02242	0.01725	0.01757	0.01375	0.01833	0.06542	0.01124	0.62472	0.05228	0.03590	0.01496	0.01512	0.01078	0.00731	0.00600	0.00181	0.00677	0.00547	0.04293	0.00996

[dist]
# distance from previous block
# <min> <max>
0	14

[block]
# block no. 1 follows, 37 sequences, length 157
# corresponding to MSA columns:
# 359-515
name=unknown_B
#
# <colnr> <probs for GDERKNQSTAVLIFYWHMCP>
#	G	D	E	R	K	N	Q	S	T	A	V	L	I	F	Y	W	H	M	C	P
0	0.00965	0.00692	0.00961	0.01098	0.01234	0.00688	0.00948	0.01234	0.01395	0.01811	0.03327	0.11031	0.05415	0.01701	0.00839	0.00278	0.00545	0.64716	0.00564	0.00559
1	0.01463	0.01240	0.01362	0.01281	0.04173	0.01404	0.00956	0.05835	0.58094	0.02553	0.10057	0.04799	0.02283	0.00894	0.00637	0.00205	0.00477	0.00757	0.00614	0.00916
2	0.00866	0.00626	0.00818	0.00770	0.00914	0.00578	0.00578	0.01155	0.01733	0.02455	0.74346	0.04572	0.05776	0.01251	0.00722	0.00193	0.00289	0.01107	0.00674	0.00578
3	0.01476	0.01364	0.02315	0.19233	0.57485	0.01417	0.01811	0.01845	0.01369	0.04129	0.01176	0.01557	0.00954	0.00566	0.00608	0.00187	0.00740	0.00547	0.00310	0.00910
4	0.01559	0.01333	0.01405	0.01253	0.01606	0.01540	0.00978	0.06406	0.70350	0.02620	0.02445	0.02247	0.01831	0.00826	0.00622	0.00207	0.00493	0.00686	0.00622	0.00972
5	0.01541	0.01324	0.01395	0.01249	0.01599	0.01531	0.00973	0.04852	0.71934	0.02591	0.02468	0.02265	0.01850	0.00828	0.00623	0.00207	0.00489	0.00689	0.00623	0.00971
6	0.01171	0.01103	0.01863	0.74010	0.07107	0.01364	0.01707	0.01577	0.01231	0.01582	0.01091	0.01627	0.00822	0.00609	0.00612	0.00203	0.00812	0.00544	0.00273	0.00692
7	0.01587	0.01541	0.02394	0.05211	0.66376	0.06735	0.01805	0.01935	0.01422	0.03480	0.01162	0.01500	0.00965	0.00557	0.00603	0.00181	0.00752	0.00536	0.00313	0.00946
8	0.01523	0.01315	0.01384	0.01246	0.01592	0.01523	0.00969	0.03253	0.73563	0.02561	0.02491	0.02284	0.01869	0.00830	0.00623	0.00208	0.00484	0.00692	0.00623	0.00969
9	0.01063	0.00532	0.00797	0.00797	0.00797	0.00532	0.00532	0.00797	0.00797	0.01063	0.01063	0.01861	0.01063	0.02127	0.02392	0.82190	0.00532	0.00532	0.00266	0.00266
10	0.01637	0.78856	0.03208	0.01047	0.01571	0.02422	0.01047	0.01833	0.01244	0.01440	0.00851	0.00982	0.00786	0.00524	0.00393	0.00131	0.00655	0.00327	0.00262	0.00786
11	0.01269	0.01088	0.01269	0.00907	0.01451	0.00816	0.00725	0.01541	0.01269	0.01995	0.01088	0.01269	0.00907	0.00453	0.00453	0.00091	0.00453	0.00363	0.00363	0.82229
12	0.00902	0.00681	0.00991	0.00985	0.01101	0.00791	0.00762	0.01176	0.03959	0.01461	0.01683	0.02448	0.01565	0.06650	0.70781	0.00940	0.01561	0.00664	0.00341	0.00559
13	0.00740	0.00625	0.00643	0.00652	0.00854	0.00529	0.00498	0.00903	0.01396	0.01665	0.06016	0.05954	0.69987	0.01559	0.00731	0.00211	0.00326	0.05623	0.00568	0.00520
14	0.00730	0.00620	0.00629	0.00627	0.00831	0.00520	0.00470	0.00891	0.01411	0.01691	0.09392	0.05829	0.71207	0.01536	0.00723	0.00206	0.00309	0.01283	0.00573	0.00520
15	0.00753	0.00610	0.00669	0.00677	0.00851	0.00526	0.00499	0.00927	0.01431	0.01793	0.18677	0.14676	0.52691	0.01540	0.00730	0.00209	0.00312	0.01313	0.00588	0.00526
16	0.01515	0.01454	0.02485	0.03757	0.74669	0.01454	0.01879	0.01879	0.01394	0.02000	0.01151	0.01515	0.00970	0.00545	0.00606	0.00182	0.00727	0.00545	0.00303	0.00970
17	0.02686	0.01041	0.01402	0.01079	0.01543	0.00911	0.00890	0.04432	0.01761	0.71217	0.02381	0.02077	0.01507	0.00756	0.00609	0.00188	0.00517	0.00613	0.03365	0.01027
18	0.01156	0.01088	0.01836	0.77016	0.04216	0.01360	0.01700	0.01564	0.01224	0.01564	0.01088	0.01632	0.00816	0.00612	0.00612	0.00204	0.00816	0.00544	0.00272	0.00680
19	0.01637	0.78856	0.03208	0.01047	0.01571	0.02422	0.01047	0.01833	0.01244	0.01440	0.00851	0.00982	0.00786	0.00524	0.00393	0.00131	0.00655	0.00327	0.00262	0.00786
20	0.00926	0.00662	0.00902	0.01026	0.01142	0.00652	0.00848	0.01156	0.01344	0.01756	0.05116	0.19480	0.05784	0.06196	0.00959	0.00289	0.00513	0.50151	0.00556	0.00539
21	0.00757	0.00624	0.00669	0.00683	0.00873	0.00536	0.00521	0.00930	0.01411	0.01721	0.10601	0.08841	0.60741	0.01556	0.00736	0.00214	0.00332	0.07156	0.00575	0.00524
22	0.01497	0.01436	0.02451	0.07506	0.71064	0.01450	0.01869	0.01863	0.01385	0.01978	0.01148	0.01521	0.00962	0.00549	0.00606	0.00183	0.00732	0.00545	0.00301	0.00955
23	0.00746	0.00533	0.00710	0.00852	0.00888	0.00497	0.00568	0.00852	0.01172	0.01563	0.03374	0.78088	0.04049	0.01918	0.00781	0.00249	0.00355	0.01740	0.00568	0.00497
24	0.00847	0.00605	0.00827	0.00968	0.01048	0.00585	0.00745	0.01028	0.01272	0.01676	0.03318	0.48030	0.03827	0.01822	0.00808	0.00263	0.00443	0.30795	0.00566	0.00525
25	0.02440	0.01534	0.01725	0.01323	0.01808	0.01630	0.01093	0.53906	0.02575	0.23008	0.01724	0.01635	0.01168	0.00741	0.00613	0.00185	0.00633	0.00568	0.00651	0.01041
26	0.01156	0.01088	0.01836	0.77016	0.04216	0.01360	0.01700	0.01564	0.01224	0.01564	0.01088	0.01632	0.00816	0.00612	0.00612	0.00204	0.00816	0.00544	0.00272	0.00680
27	0.02247	0.01650	0.01788	0.01422	0.03582	0.01820	0.01143	0.67289	0.02761	0.03733	0.01489	0.01512	0.01066	0.00729	0.00603	0.00182	0.00655	0.00552	0.04763	0.01015
28	0.00866	0.00626	0.00818	0.00770	0.00914	0.00578	0.00578	0.01155	0.01733	0.02455	0.74346	0.04572	0.05776	0.01251	0.00722	0.00193	0.00289	0.01107	0.00674	0.00578
29	0.01269	0.01088	0.01269	0.00907	0.01451	0.00816	0.00725	0.01541	0.01269	0.01995	0.01088	0.01269	0.00907	0.00453	0.00453	0.00091	0.00453	0.00363	0.00363	0.82229
30	0.00880	0.00607	0.00748	0.00752	0.00784	0.00630	0.00478	0.00945	0.00951	0.01299	0.04400	0.06327	0.02250	0.55741	0.20052	0.00659	0.00820	0.00873	0.00378	0.00424
31	0.01228	0.03166	0.75316	0.01745	0.02649	0.01422	0.02262	0.01939	0.01292	0.01939	0.01099	0.01292	0.00775	0.00582	0.00582	0.00194	0.00905	0.00452	0.00258	0.00905
32	0.01445	0.01623	0.03435	0.02477	0.03059	0.01559	0.66219	0.02009	0.05117	0.01974	0.01287	0.01672	0.00972	0.00552	0.00764	0.00209	0.03763	0.00714	0.00324	0.00827
33	0.02735	0.01060	0.01432	0.01098	0.01572	0.00927	0.00907	0.04893	0.01783	0.73140	0.02389	0.02067	0.01502	0.00757	0.00615	0.00189	0.00525	0.00614	0.00754	0.01042
34	0.01279	0.01001	0.01547	0.03338	0.21244	0.00962	0.06068	0.03656	0.01564	0.08527	0.23773	0.05703	0.13510	0.01021	0.00683	0.00198	0.00521	0.04138	0.00521	0.00746
35	0.01256	0.01190	0.02016	0.56657	0.23795	0.01386	0.01750	0.01651	0.01271	0.01685	0.01106	0.01599	0.00859	0.00593	0.00610	0.00198	0.00791	0.00544	0.00281	0.00760
36	0.00866	0.00626	0.00818	0.00770	0.00914	0.00578	0.00578	0.01155	0.01733	0.02455	0.74346	0.04572	0.05776	0.01251	0.00722	0.00193	0.00289	0.01107	0.00674	0.00578
37	0.00756	0.00540	0.00722	0.00864	0.00903	0.00506	0.00585	0.00869	0.01182	0.01574	0.03368	0.75167	0.04027	0.01908	0.00784	0.00250	0.00364	0.04564	0.00568	0.00500
38	0.01422	0.11333	0.25450	0.02148	0.04521	0.03272	0.39172	0.01948	0.01379	0.01883	0.01141	0.01446	0.00863	0.00540	0.00633	0.00192	0.00942	0.00581	0.00288	0.00846
39	0.01637	0.78856	0.03208	0.01047	0.01571	0.02422	0.01047	0.01833	0.01244	0.01440	0.00851	0.00982	0.00786	0.00524	0.00393	0.00131	0.00655	0.00327	0.00262	0.00786
40	0.05988	0.28060	0.47274	0.01461	0.02210	0.01749	0.01770	0.01896	0.01262	0.01820	0.01003	0.01173	0.00772	0.00562	0.00508	0.00173	0.00798	0.00404	0.00266	0.00852
41	0.00877	0.00756	0.00766	0.00756	0.00952	0.03693	0.00576	0.01138	0.05115	0.01817	0.16141	0.05319	0.48857	0.04082	0.00803	0.00222	0.00378	0.06624	0.00570	0.00556
42	0.53878	0.01314	0.01172	0.00987	0.01381	0.01496	0.00804	0.21321	0.04937	0.02987	0.01138	0.01295	0.00880	0.03465	0.00554	0.00203	0.00533	0.00429	0.00454	0.00771
43	0.01752	0.00929	0.01038	0.00870	0.01162	0.00940	0.00695	0.17785	0.01743	0.18240	0.01968	0.02057	0.01439	0.00728	0.00510	0.00162	0.00423	0.00576	0.46209	0.00777
44	0.01637	0.78856	0.03208	0.01047	0.01571	0.02422	0.01047	0.01833	0.01244	0.01440	0.00851	0.00982	0.00786	0.00524	0.00393	0.00131	0.00655	0.00327	0.00262	0.00786
45	0.00737	0.00621	0.00640	0.00635	0.00835	0.00523	0.00476	0.00906	0.01428	0.01732	0.12892	0.05762	0.67681	0.01521	0.00723	0.00205	0.00308	0.01274	0.00579	0.00523
46	0.00723	0.00620	0.00620	0.00620	0.00827	0.00517	0.00465	0.00878	0.01395	0.01654	0.06201	0.05891	0.74421	0.01550	0.00723	0.00207	0.00310	0.01292	0.00568	0.00517
47	0.01515	0.01454	0.02485	0.03757	0.74669	0.01454	0.01879	0.01879	0.01394	0.02000	0.01151	0.01515	0.00970	0.00545	0.00606	0.00182	0.00727	0.00545	0.00303	0.00970
48	0.00728	0.00620	0.00626	0.00625	0.00830	0.00519	0.00469	0.00887	0.01406	0.01679	0.08375	0.05849	0.72231	0.01541	0.00723	0.00206	0.00309	0.01286	0.00572	0.00519
49	0.44271	0.01515	0.01399	0.01325	0.08267	0.07854	0.00970	0.23154	0.01685	0.02906	0.01074	0.01195	0.00816	0.00621	0.00485	0.00184	0.00610	0.00423	0.00437	0.00809
50	0.02232	0.01926	0.01886	0.01694	0.09709	0.16591	0.01244	0.51077	0.02491	0.03189	0.01331	0.01402	0.00983	0.00694	0.00600	0.00178	0.00765	0.00519	0.00520	0.00967
51	0.00808	0.00577	0.00731	0.00829	0.00887	0.00548	0.00573	0.00920	0.01163	0.01525	0.03290	0.45707	0.09811	0.18607	0.01296	0.00325	0.00432	0.10965	0.00524	0.00480
52	0.00929	0.00696	0.00870	0.00820	0.00984	0.00674	0.00616	0.01362	0.09415	0.02413	0.62254	0.07019	0.07120	0.01238	0.00714	0.00197	0.00313	0.01090	0.00662	0.00615
53	0.01297	0.01191	0.01863	0.58241	0.03612	0.02994	0.03036	0.03657	0.01261	0.03969	0.01099	0.01588	0.00845	0.00686	0.00819	0.00211	0.12084	0.00546	0.00298	0.00704
54	0.02055	0.04531	0.01983	0.02170	0.22143	0.53311	0.01373	0.02271	0.01627	0.01636	0.01001	0.01215	0.00839	0.00604	0.00563	0.00164	0.00987	0.00435	0.00311	0.00784
55	0.01427	0.01383	0.02264	0.26186	0.50978	0.03539	0.01804	0.01798	0.01351	0.01852	0.01126	0.01539	0.00917	0.00568	0.00606	0.00188	0.00765	0.00541	0.00294	0.00873
56	0.01358	0.18790	0.58157	0.01581	0.02393	0.01613	0.01969	0.01948	0.01296	0.04026	0.01087	0.01252	0.00800	0.00575	0.00543	0.00181	0.00841	0.00431	0.00274	0.00884
57	0.01516	0.01443	0.02392	0.03545	0.68487	0.01460	0.01802	0.01995	0.07499	0.02047	0.01265	0.01580	0.01046	0.00570	0.00607	0.00184	0.00707	0.00558	0.00330	0.00970
58	0.00890	0.00595	0.00678	0.00678	0.00681	0.00599	0.00384	0.00897	0.00893	0.01194	0.01919	0.03954	0.02203	0.76110	0.05463	0.00606	0.00627	0.00883	0.00370	0.00377
59	0.00882	0.00641	0.00809	0.00786	0.00930	0.00599	0.00584	0.01111	0.01559	0.04011	0.46312	0.16071	0.18438	0.01394	0.00765	0.00206	0.02493	0.01212	0.00628	0.00568
60	0.01505	0.01444	0.02466	0.05833	0.72673	0.01452	0.01874	0.01870	0.01389	0.01987	0.01150	0.01518	0.00965	0.00547	0.00606	0.00182	0.00730	0.00545	0.00302	0.00961
61	0.01156	0.01088	0.01836	0.77016	0.04216	0.01360	0.01700	0.01564	0.01224	0.01564	0.01088	0.01632	0.00816	0.00612	0.00612	0.00204	0.00816	0.00544	0.00272	0.00680
62	0.01156	0.01088	0.01836	0.77016	0.04216	0.01360	0.01700	0.01564	0.01224	0.01564	0.01088	0.01632	0.00816	0.00612	0.00612	0.00204	0.00816	0.00544	0.00272	0.00680
63	0.01508	0.01688	0.03301	0.02493	0.06670	0.06049	0.60195	0.04209	0.01498	0.01984	0.01284	0.03771	0.01014	0.00571	0.00704	0.00203	0.00990	0.00717	0.00327	0.00823
64	0.01156	0.01088	0.01836	0.77016	0.04216	0.01360	0.01700	0.01564	0.01224	0.01564	0.01088	0.01632	0.00816	0.00612	0.00612	0.00204	0.00816	0.00544	0.00272	0.00680
65	0.00745	0.00536	0.00707	0.00844	0.00886	0.00498	0.00564	0.00853	0.01180	0.01566	0.03477	0.75458	0.06612	0.01904	0.00779	0.00247	0.00353	0.01724	0.00568	0.00498
66	0.00732	0.00620	0.00633	0.00629	0.00832	0.00521	0.00472	0.00896	0.01416	0.01704	0.10465	0.05809	0.70125	0.01532	0.00723	0.00206	0.00309	0.01280	0.00575	0.00521
67	0.82811	0.01184	0.00900	0.00805	0.01184	0.01373	0.00663	0.01799	0.01042	0.02746	0.00852	0.00994	0.00663	0.00568	0.00379	0.00189	0.00474	0.00331	0.00379	0.00663
68	0.01269	0.01088	0.01269	0.00907	0.01451	0.00816	0.00725	0.01541	0.01269	0.01995	0.01088	0.01269	0.00907	0.00453	0.00453	0.00091	0.00453	0.00363	0.00363	0.82229
69	0.11781	0.02426	0.01718	0.01610	0.06265	0.53448	0.03260	0.03951	0.01650	0.06931	0.01072	0.01210	0.00846	0.00626	0.00546	0.00167	0.00953	0.00425	0.00360	0.00754
70	0.82811	0.01184	0.00900	0.00805	0.01184	0.01373	0.00663	0.01799	0.01042	0.02746	0.00852	0.00994	0.00663	0.00568	0.00379	0.00189	0.00474	0.00331	0.00379	0.00663
71	0.01364	0.00669	0.00739	0.00679	0.00875	0.00650	0.00523	0.03506	0.01427	0.12067	0.08159	0.02428	0.01904	0.00765	0.00483	0.00154	0.00327	0.00621	0.62014	0.00647
72	0.01558	0.01390	0.01401	0.01261	0.01606	0.05011	0.00979	0.03215	0.70200	0.02511	0.02419	0.02229	0.01818	0.00821	0.00620	0.00205	0.00513	0.00678	0.00608	0.00957
73	0.00786	0.00593	0.00862	0.00938	0.01007	0.00554	0.04246	0.00919	0.01205	0.01614	0.05702	0.71652	0.03948	0.01823	0.00776	0.00245	0.00387	0.01666	0.00559	0.00517
74	0.01515	0.01454	0.02485	0.03757	0.74669	0.01454	0.01879	0.01879	0.01394	0.02000	0.01151	0.01515	0.00970	0.00545	0.00606	0.00182	0.00727	0.00545	0.00303	0.00970
75	0.02351	0.01676	0.01813	0.01390	0.01879	0.01841	0.01148	0.68658	0.02814	0.07919	0.01524	0.01505	0.01068	0.00736	0.00613	0.00184	0.00665	0.00555	0.00621	0.01041
76	0.00760	0.00633	0.00667	0.00682	0.00866	0.00552	0.00502	0.00969	0.03982	0.01699	0.07843	0.16358	0.59219	0.01569	0.00728	0.00212	0.00322	0.01330	0.00574	0.00532
77	0.01228	0.03166	0.75316	0.01745	0.02649	0.01422	0.02262	0.01939	0.01292	0.01939	0.01099	0.01292	0.00775	0.00582	0.00582	0.00194	0.00905	0.00452	0.00258	0.00905
78	0.00746	0.00533	0.00710	0.00852	0.00888	0.00497	0.00568	0.00852	0.01172	0.01563	0.03374	0.78088	0.04049	0.01918	0.00781	0.00249	0.00355	0.01740	0.00568	0.00497
79	0.00746	0.00533	0.00710	0.00852	0.00888	0.00497	0.00568	0.00852	0.01172	0.01563	0.03374	0.78088	0.04049	0.01918	0.00781	0.00249	0.00355	0.01740	0.00568	0.00497
80	0.01523	0.01315	0.01384	0.01246	0.01592	0.01523	0.00969	0.03253	0.73563	0.02561	0.02491	0.02284	0.01869	0.00830	0.00623	0.00208	0.00484	0.00692	0.00623	0.00969
81	0.07307	0.21043	0.06159	0.01400	0.01812	0.45483	0.01176	0.05818	0.01605	0.01711	0.00952	0.01097	0.00792	0.00604	0.00507	0.00157	0.00922	0.00385	0.00319	0.00753
82	0.01141	0.00571	0.00571	0.00571	0.00713	0.00571	0.00428	0.01426	0.01284	0.02282	0.01997	0.02282	0.01569	0.00713	0.00428	0.00143	0.00285	0.00571	0.81886	0.00571
83	0.00908	0.00690	0.01004	0.00997	0.01119	0.00804	0.00776	0.01204	0.04697	0.01479	0.01683	0.02399	0.01548	0.04399	0.72202	0.00944	0.01581	0.00658	0.00343	0.00568
84	0.00858	0.00619	0.00811	0.00776	0.00913	0.00572	0.00577	0.01134	0.01693	0.02392	0.69343	0.09754	0.05654	0.01298	0.00726	0.00196	0.00293	0.01152	0.00666	0.00572
85	0.00858	0.00681	0.01050	0.01110	0.03647	0.00641	0.06913	0.01037	0.01272	0.01715	0.10128	0.57638	0.03813	0.01670	0.00768	0.00239	0.00432	0.05289	0.00547	0.00554
86	0.00857	0.00625	0.00806	0.00761	0.00909	0.00574	0.00571	0.01138	0.01712	0.02405	0.70082	0.04655	0.10071	0.01270	0.00722	0.00193	0.00290	0.01119	0.00667	0.00574
87	0.01445	0.01651	0.03612	0.02580	0.03199	0.01548	0.72446	0.01961	0.01445	0.01961	0.01238	0.01651	0.00929	0.00516	0.00722	0.00206	0.01032	0.00722	0.00310	0.00826
88	0.82811	0.01184	0.00900	0.00805	0.01184	0.01373	0.00663	0.01799	0.01042	0.02746	0.00852	0.00994	0.00663	0.00568	0.00379	0.00189	0.00474	0.00331	0.00379	0.00663
89	0.01769	0.01947	0.02809	0.02238	0.07153	0.22474	0.41337	0.02195	0.03763	0.06375	0.01262	0.01535	0.00957	0.00575	0.00657	0.00190	0.00985	0.00611	0.00348	0.00820
90	0.01523	0.01315	0.01384	0.01246	0.01592	0.01523	0.00969	0.03253	0.73563	0.02561	0.02491	0.02284	0.01869	0.00830	0.00623	0.00208	0.00484	0.00692	0.00623	0.00969
91	0.00866	0.00626	0.00818	0.00770	0.00914	0.00578	0.00578	0.01155	0.01733	0.02455	0.74346	0.04572	0.05776	0.01251	0.00722	0.00193	0.00289	0.01107	0.00674	0.00578
92	0.02563	0.01336	0.01603	0.01229	0.01709	0.01336	0.01015	0.33408	0.02244	0.43973	0.02002	0.01815	0.01308	0.00748	0.00614	0.00187	0.00588	0.00587	0.00694	0.01041
93	0.02547	0.01013	0.01367	0.01066	0.01507	0.00889	0.00874	0.02831	0.03806	0.66674	0.08697	0.02307	0.01897	0.00803	0.00625	0.00190	0.00500	0.00661	0.00746	0.00999
94	0.00772	0.00563	0.00727	0.00810	0.00888	0.00518	0.00560	0.00925	0.01325	0.01779	0.20193	0.53877	0.11348	0.01726	0.00762	0.00231	0.00335	0.01549	0.00593	0.00518
95	0.82811	0.01184	0.00900	0.00805	0.01184	0.01373	0.00663	0.01799	0.01042	0.02746	0.00852	0.00994	0.00663	0.00568	0.00379	0.00189	0.00474	0.00331	0.00379	0.00663
96	0.01269	0.01088	0.01269	0.00907	0.01451	0.00816	0.00725	0.01541	0.01269	0.01995	0.01088	0.01269	0.00907	0.00453	0.00453	0.00091	0.00453	0.00363	0.00363	0.82229
97	0.00930	0.00738	0.01091	0.01059	0.01155	0.00898	0.00834	0.01139	0.00978	0.01427	0.01539	0.02277	0.01443	0.04168	0.67169	0.00898	0.10733	0.00641	0.00321	0.00561
98	0.01478	0.01416	0.02417	0.11347	0.67370	0.01445	0.01860	0.01846	0.01376	0.01955	0.01145	0.01527	0.00954	0.00552	0.00607	0.00184	0.00736	0.00545	0.00300	0.00940
99	0.82811	0.01184	0.00900	0.00805	0.01184	0.01373	0.00663	0.01799	0.01042	0.02746	0.00852	0.00994	0.00663	0.00568	0.00379	0.00189	0.00474	0.00331	0.00379	0.00663
100	0.00751	0.00540	0.00712	0.00840	0.00887	0.00502	0.00565	0.00867	0.01206	0.01608	0.06799	0.72036	0.06673	0.01873	0.00776	0.00244	0.00350	0.01694	0.00573	0.00502
101	0.01220	0.01296	0.02631	0.03555	0.02474	0.01214	0.47548	0.01619	0.01406	0.01871	0.04406	0.12282	0.11229	0.00898	0.00732	0.00214	0.00807	0.03479	0.00396	0.00723
102	0.01403	0.01684	0.08877	0.02334	0.02910	0.01497	0.58415	0.01898	0.01393	0.01951	0.01249	0.01644	0.00949	0.00566	0.00768	0.00205	0.05420	0.00681	0.05349	0.00807
103	0.00866	0.00626	0.00818	0.00770	0.00914	0.00578	0.00578	0.01155	0.01733	0.02455	0.74346	0.04572	0.05776	0.01251	0.00722	0.00193	0.00289	0.01107	0.00674	0.00578
104	0.01156	0.01088	0.01836	0.77016	0.04216	0.01360	0.01700	0.01564	0.01224	0.01564	0.01088	0.01632	0.00816	0.00612	0.00612	0.00204	0.00816	0.00544	0.00272	0.00680
105	0.01407	0.11632	0.02208	0.38928	0.24027	0.01577	0.01620	0.06466	0.01381	0.01826	0.01094	0.01494	0.00871	0.00599	0.00612	0.00188	0.02450	0.00516	0.00302	0.00802
106	0.00752	0.00614	0.00665	0.00668	0.00848	0.00527	0.00495	0.00928	0.01440	0.01797	0.18805	0.11632	0.55649	0.01524	0.00728	0.00208	0.00310	0.01294	0.00588	0.00527
107	0.01065	0.00667	0.00875	0.00799	0.00977	0.00610	0.00607	0.01348	0.01725	0.09888	0.65472	0.04270	0.05252	0.01190	0.00705	0.00191	0.00312	0.01046	0.02378	0.00625
108	0.01168	0.02783	0.63762	0.01639	0.02425	0.01301	0.03584	0.01794	0.01284	0.01891	0.01463	0.10085	0.02654	0.00751	0.00610	0.00201	0.00833	0.00621	0.00301	0.00849
109	0.01568	0.64138	0.14517	0.01256	0.04403	0.02230	0.01269	0.01851	0.01257	0.01539	0.00901	0.01050	0.00791	0.00534	0.00430	0.00143	0.00697	0.00355	0.00263	0.00811
110	0.01523	0.01315	0.01384	0.01246	0.01592	0.01523	0.00969	0.03253	0.73563	0.02561	0.02491	0.02284	0.01869	0.00830	0.00623	0.00208	0.00484	0.00692	0.00623	0.00969
111	0.00981	0.00703	0.00978	0.01116	0.01258	0.00700	0.00975	0.01260	0.01409	0.01828	0.03307	0.06882	0.05099	0.01688	0.00843	0.00280	0.00558	0.69009	0.00564	0.00563
112	0.01630	0.01702	0.02226	0.06159	0.52647	0.16570	0.01663	0.01935	0.01427	0.01838	0.01128	0.01523	0.00969	0.03417	0.00719	0.00195	0.02543	0.00527	0.00306	0.00876
113	0.02287	0.02917	0.01735	0.01577	0.01892	0.76030	0.01183	0.02444	0.01735	0.01498	0.00946	0.01104	0.00788	0.00631	0.00552	0.00158	0.01104	0.00394	0.00315	0.00710
114	0.00767	0.00626	0.00681	0.00679	0.00870	0.00540	0.00518	0.00956	0.01463	0.01822	0.19462	0.05691	0.56723	0.01500	0.00730	0.00208	0.00321	0.05323	0.00589	0.00532
115	0.01339	0.01339	0.01875	0.01607	0.01607	0.01875	0.01339	0.01473	0.00937	0.01473	0.00804	0.01339	0.00804	0.01071	0.02009	0.00268	0.77367	0.00536	0.00268	0.00670
116	0.01269	0.01088	0.01269	0.00907	0.01451	0.00816	0.00725	0.01541	0.01269	0.01995	0.01088	0.01269	0.00907	0.00453	0.00453	0.00091	0.00453	0.00363	0.00363	0.82229
117	0.00756	0.00628	0.00665	0.00673	0.00870	0.00537	0.00517	0.00931	0.01420	0.01724	0.10664	0.05886	0.63675	0.01542	0.00734	0.00212	0.00330	0.07138	0.00575	0.00525
118	0.00874	0.00656	0.00984	0.00984	0.01093	0.00765	0.00765	0.01093	0.00984	0.01421	0.01640	0.02405	0.01530	0.04591	0.76062	0.00984	0.01640	0.00656	0.00328	0.00547
119	0.02260	0.02808	0.01767	0.01649	0.04544	0.69842	0.01207	0.05710	0.01776	0.01627	0.00978	0.01136	0.00807	0.00633	0.00557	0.00160	0.01070	0.00407	0.00329	0.00735
120	0.00728	0.00616	0.00630	0.00635	0.00832	0.00518	0.00473	0.00885	0.01394	0.01671	0.07937	0.09235	0.69243	0.01559	0.00726	0.00208	0.00312	0.01308	0.00571	0.00518
121	0.01515	0.01454	0.02485	0.03757	0.74669	0.01454	0.01879	0.01879	0.01394	0.02000	0.01151	0.01515	0.00970	0.00545	0.00606	0.00182	0.00727	0.00545	0.00303	0.00970
122	0.02583	0.01246	0.04157	0.01163	0.01643	0.03189	0.00984	0.09232	0.05199	0.60491	0.02243	0.01981	0.01441	0.00749	0.00613	0.00189	0.00564	0.00601	0.00707	0.01024
123	0.00763	0.00545	0.00730	0.00872	0.00915	0.00512	0.00598	0.00882	0.01189	0.01582	0.03364	0.72975	0.04011	0.01901	0.00786	0.00251	0.00370	0.06683	0.00568	0.00502
124	0.00986	0.00705	0.00986	0.01127	0.01268	0.00705	0.00986	0.01268	0.01409	0.01832	0.03241	0.06905	0.03523	0.01691	0.00845	0.00282	0.00564	0.70549	0.00564	0.00564
125	0.00725	0.00616	0.00624	0.00631	0.00830	0.00516	0.00470	0.00877	0.01385	0.01649	0.06069	0.09271	0.71126	0.01567	0.00726	0.00209	0.00312	0.01313	0.00568	0.00516
126	0.01515	0.01454	0.02485	0.03757	0.74669	0.01454	0.01879	0.01879	0.01394	0.02000	0.01151	0.01515	0.00970	0.00545	0.00606	0.00182	0.00727	0.00545	0.00303	0.00970
127	0.01179	0.01112	0.01878	0.72270	0.08780	0.01366	0.01712	0.01584	0.01235	0.01592	0.01092	0.01624	0.00826	0.00608	0.00612	0.00203	0.00810	0.00544	0.00274	0.00699
128	0.01228	0.03166	0.75316	0.01745	0.02649	0.01422	0.02262	0.01939	0.01292	0.01939	0.01099	0.01292	0.00775	0.00582	0.00582	0.00194	0.00905	0.00452	0.00258	0.00905
129	0.00746	0.00533	0.00710	0.00852	0.00888	0.00497	0.00568	0.00852	0.01172	0.01563	0.03374	0.78088	0.04049	0.01918	0.00781	0.00249	0.00355	0.01740	0.00568	0.00497
130	0.02025	0.00942	0.01302	0.01210	0.04447	0.00864	0.00963	0.03784	0.01626	0.43374	0.02654	0.06408	0.02246	0.01103	0.00698	0.00222	0.00541	0.24068	0.00664	0.00859
131	0.01497	0.01436	0.02451	0.07506	0.71064	0.01450	0.01869	0.01863	0.01385	0.01978	0.01148	0.01521	0.00962	0.00549	0.00606	0.00183	0.00732	0.00545	0.00301	0.00955
132	0.01700	0.71415	0.03063	0.01099	0.01603	0.09635	0.01061	0.01893	0.01292	0.01446	0.00860	0.00994	0.00786	0.00534	0.00408	0.00134	0.00699	0.00334	0.00267	0.00778
133	0.01299	0.03526	0.05951	0.00974	0.01509	0.00905	0.00834	0.01621	0.02921	0.03972	0.01257	0.04904	0.01080	0.00549	0.00483	0.00111	0.00486	0.00446	0.00379	0.66792
134	0.01473	0.01551	0.06155	0.07263	0.57841	0.03799	0.06174	0.01852	0.01394	0.01943	0.01328	0.01664	0.03619	0.00588	0.00615	0.00185	0.00757	0.00574	0.00310	0.00917
135	0.00751	0.00537	0.00716	0.00859	0.00896	0.00502	0.00578	0.00862	0.01177	0.01569	0.03371	0.76491	0.04037	0.01913	0.00783	0.00249	0.00360	0.03284	0.00568	0.00499
136	0.01678	0.01330	0.02200	0.13655	0.48471	0.01348	0.03073	0.02065	0.03353	0.14717	0.01400	0.01654	0.01066	0.00599	0.00611	0.00187	0.00703	0.00565	0.00387	0.00938
137	0.02147	0.02668	0.06385	0.01616	0.01982	0.57629	0.04894	0.06144	0.01715	0.03912	0.01036	0.01205	0.00831	0.00653	0.00640	0.00170	0.04842	0.00437	0.00339	0.00754
138	0.01228	0.03166	0.75316	0.01745	0.02649	0.01422	0.02262	0.01939	0.01292	0.01939	0.01099	0.01292	0.00775	0.00582	0.00582	0.00194	0.00905	0.00452	0.00258	0.00905
139	0.02165	0.17633	0.02039	0.01448	0.01830	0.50362	0.01153	0.12954	0.01812	0.01844	0.01007	0.01135	0.00826	0.00626	0.00530	0.00156	0.00951	0.00405	0.00350	0.00775
140	0.01063	0.00532	0.00797	0.00797	0.00797	0.00532	0.00532	0.00797	0.00797	0.01063	0.01063	0.01861	0.01063	0.02127	0.02392	0.82190	0.00532	0.00532	0.00266	0.00266
141	0.01719	0.15810	0.37707	0.01474	0.02169	0.01649	0.01648	0.18330	0.01700	0.10297	0.01285	0.01366	0.00919	0.00626	0.00559	0.00180	0.00766	0.00471	0.00395	0.00930
142	0.01156	0.01088	0.01836	0.77016	0.04216	0.01360	0.01700	0.01564	0.01224	0.01564	0.01088	0.01632	0.00816	0.00612	0.00612	0.00204	0.00816	0.00544	0.00272	0.00680
143	0.00889	0.00596	0.00682	0.00682	0.00688	0.00601	0.00389	0.00900	0.00895	0.01198	0.01915	0.03931	0.02193	0.75028	0.06531	0.00612	0.00642	0.00879	0.00369	0.00379
144	0.00746	0.00533	0.00710	0.00852	0.00888	0.00497	0.00568	0.00852	0.01172	0.01563	0.03374	0.78088	0.04049	0.01918	0.00781	0.00249	0.00355	0.01740	0.00568	0.00497
145	0.01269	0.01088	0.01269	0.00907	0.01451	0.00816	0.00725	0.01541	0.01269	0.01995	0.01088	0.01269	0.00907	0.00453	0.00453	0.00091	0.00453	0.00363	0.00363	0.82229
146	0.01490	0.01446	0.02504	0.07563	0.63176	0.01459	0.07275	0.01909	0.03533	0.01990	0.01194	0.01555	0.00985	0.00555	0.00616	0.00186	0.00748	0.00563	0.00311	0.00943
147	0.00884	0.00600	0.00710	0.00713	0.00730	0.00610	0.00428	0.00920	0.00931	0.01258	0.03806	0.05932	0.02287	0.65654	0.11545	0.00619	0.00702	0.00892	0.00379	0.00400
148	0.01670	0.01746	0.04219	0.02220	0.26151	0.18582	0.05757	0.05112	0.11938	0.03826	0.09193	0.01868	0.01576	0.00708	0.00652	0.00185	0.02729	0.00602	0.00414	0.00854
149	0.05588	0.02075	0.01726	0.01425	0.01841	0.27932	0.01131	0.39279	0.05915	0.05208	0.01342	0.01382	0.00993	0.00697	0.00582	0.00176	0.00802	0.00496	0.00503	0.00905
150	0.01578	0.01509	0.02430	0.03575	0.68883	0.03590	0.01822	0.05515	0.01479	0.02081	0.01162	0.01501	0.00968	0.00558	0.00605	0.00181	0.00735	0.00541	0.00319	0.00966
151	0.02158	0.02672	0.01774	0.01714	0.06996	0.64151	0.01226	0.02412	0.05462	0.01589	0.01037	0.01204	0.00859	0.00651	0.00613	0.00166	0.03823	0.00426	0.00329	0.00740
152	0.00893	0.00712	0.00877	0.00920	0.04716	0.00659	0.00637	0.01210	0.05969	0.02063	0.33793	0.13815	0.26272	0.01341	0.00710	0.00201	0.00343	0.01167	0.00596	0.03107
153	0.02139	0.01683	0.01732	0.01418	0.04307	0.08613	0.01111	0.47174	0.06840	0.06912	0.01475	0.01495	0.01074	0.00692	0.00588	0.00172	0.00670	0.00525	0.00552	0.10829
154	0.01498	0.01418	0.02371	0.09702	0.60866	0.01431	0.03357	0.04266	0.01425	0.02026	0.01156	0.01514	0.00955	0.00552	0.00602	0.00180	0.00726	0.00540	0.00314	0.05102
155	0.01259	0.01188	0.01990	0.53858	0.23370	0.01363	0.01709	0.01649	0.01272	0.01701	0.01105	0.01585	0.00862	0.00587	0.00604	0.00193	0.00777	0.00537	0.00284	0.04105
156	0.01596	0.01561	0.02528	0.03399	0.59590	0.06388	0.09707	0.01959	0.01433	0.04213	0.01186	0.01521	0.00970	0.00554	0.00616	0.00183	0.00780	0.00557	0.00319	0.00938

[dist]
# distance from previous block
# <min> <max>
3	8

[block]
# block no. 2 follows, 37 sequences, length 71
# corresponding to MSA columns:
# 524-594
name=unknown_C
#
# <colnr> <probs for GDERKNQSTAVLIFYWHMCP>
#	G	D	E	R	K	N	Q	S	T	A	V	L	I	F	Y	W	H	M	C	P
0	0.01485	0.01365	0.02283	0.07054	0.62828	0.01374	0.01736	0.01860	0.02868	0.04136	0.01436	0.04341	0.03218	0.00637	0.00616	0.00187	0.00696	0.00613	0.00338	0.00928
1	0.06586	0.03756	0.23520	0.01790	0.14836	0.05447	0.04719	0.01959	0.09665	0.02055	0.04889	0.01793	0.04682	0.00662	0.00575	0.00177	0.00693	0.00554	0.00369	0.11273
2	0.01515	0.01454	0.02485	0.03757	0.74669	0.01454	0.01879	0.01879	0.01394	0.02000	0.01151	0.01515	0.00970	0.00545	0.00606	0.00182	0.00727	0.00545	0.00303	0.00970
3	0.01564	0.01548	0.02437	0.03617	0.70003	0.06236	0.01834	0.01915	0.01416	0.01968	0.01138	0.01489	0.00958	0.00551	0.00603	0.00180	0.00751	0.00536	0.00304	0.00953
4	0.01273	0.07073	0.37001	0.01319	0.02035	0.01210	0.01485	0.01751	0.01279	0.01932	0.01078	0.01262	0.00836	0.00520	0.00511	0.00143	0.00683	0.00404	0.00306	0.37900
5	0.00874	0.00656	0.00984	0.00984	0.01093	0.00765	0.00765	0.01093	0.00984	0.01421	0.01640	0.02405	0.01530	0.04591	0.76062	0.00984	0.01640	0.00656	0.00328	0.00547
6	0.01574	0.01341	0.01413	0.01256	0.01611	0.01547	0.00981	0.07701	0.69031	0.02644	0.02426	0.02232	0.01816	0.00824	0.00622	0.00206	0.00497	0.00683	0.00622	0.00974
7	0.01277	0.01094	0.01273	0.00916	0.01455	0.00836	0.00732	0.01590	0.03334	0.02011	0.01128	0.01298	0.00934	0.00464	0.00458	0.00094	0.00454	0.00372	0.00370	0.79909
8	0.00886	0.00592	0.00669	0.00673	0.00674	0.00591	0.00376	0.00889	0.00898	0.01197	0.01968	0.06022	0.02275	0.76403	0.03052	0.00584	0.00587	0.00913	0.00376	0.00374
9	0.01269	0.01088	0.01269	0.00907	0.01451	0.00816	0.00725	0.01541	0.01269	0.01995	0.01088	0.01269	0.00907	0.00453	0.00453	0.00091	0.00453	0.00363	0.00363	0.82229
10	0.01269	0.01088	0.01269	0.00907	0.01451	0.00816	0.00725	0.01541	0.01269	0.01995	0.01088	0.01269	0.00907	0.00453	0.00453	0.00091	0.00453	0.00363	0.00363	0.82229
