[name]
unknown

[dist]
# distance from previous block
# <min> <max>
0	57

[block]
# block no. 0 follows, 34 sequences, length 35
# corresponding to MSA columns:
# 87-121
name=unknown_A
#
# <colnr> <probs for GDERKNQSTAVLIFYWHMCP>
#	G	D	E	R	K	N	Q	S	T	A	V	L	I	F	Y	W	H	M	C	P
0	0.04876	0.01403	0.01875	0.01897	0.14842	0.05983	0.08304	0.12632	0.03496	0.07822	0.03785	0.05322	0.01863	0.00964	0.00739	0.00216	0.02999	0.14842	0.00499	0.05642
1	0.04114	0.04703	0.02139	0.36652	0.03291	0.06797	0.05493	0.16942	0.03476	0.04486	0.01491	0.01884	0.01154	0.00802	0.00710	0.00236	0.00874	0.00622	0.00470	0.03666
2	0.01594	0.16624	0.16203	0.07979	0.30324	0.06956	0.04551	0.02064	0.04208	0.01935	0.01183	0.01462	0.00957	0.00601	0.00593	0.00186	0.00827	0.00515	0.00315	0.00925
3	0.01633	0.08814	0.20040	0.04435	0.37028	0.11091	0.01880	0.02103	0.03369	0.01980	0.01182	0.01461	0.00953	0.00604	0.00607	0.00188	0.00854	0.00515	0.00315	0.00947
4	0.00926	0.00728	0.00819	0.00863	0.03790	0.00645	0.00606	0.01172	0.04318	0.04691	0.09603	0.12383	0.54041	0.01550	0.00756	0.00220	0.00364	0.01313	0.00606	0.00607
5	0.00803	0.00609	0.00745	0.00839	0.00947	0.00551	0.00597	0.00953	0.01354	0.01739	0.07314	0.46377	0.26266	0.01855	0.00808	0.00248	0.00373	0.06480	0.00604	0.00540
6	0.01044	0.00600	0.00693	0.00736	0.00850	0.00596	0.00532	0.01282	0.01312	0.02112	0.05297	0.25018	0.02618	0.01494	0.06656	0.00259	0.00441	0.01005	0.46878	0.00577
7	0.00787	0.00562	0.00750	0.00900	0.00937	0.00525	0.00600	0.00900	0.01237	0.01649	0.03561	0.76871	0.04274	0.02024	0.00825	0.00262	0.00375	0.01837	0.00600	0.00525
8	0.00940	0.00626	0.00705	0.00705	0.00705	0.00626	0.00392	0.00940	0.00940	0.01253	0.02036	0.04228	0.02349	0.77292	0.03289	0.00626	0.00626	0.00940	0.00392	0.00392
9	0.01727	0.77681	0.03386	0.01106	0.01658	0.02557	0.01106	0.01935	0.01313	0.01520	0.00898	0.01036	0.00829	0.00553	0.00415	0.00138	0.00691	0.00345	0.00276	0.00829
10	0.00910	0.00663	0.00857	0.00816	0.00972	0.00610	0.00617	0.01206	0.01796	0.02519	0.66621	0.04993	0.09991	0.01355	0.00767	0.00207	0.00316	0.03477	0.00701	0.00605
11	0.01727	0.77681	0.03386	0.01106	0.01658	0.02557	0.01106	0.01935	0.01313	0.01520	0.00898	0.01036	0.00829	0.00553	0.00415	0.00138	0.00691	0.00345	0.00276	0.00829
12	0.76640	0.01370	0.01008	0.00903	0.01299	0.06259	0.00736	0.01944	0.01148	0.02812	0.00906	0.01057	0.00708	0.00604	0.00412	0.00198	0.00544	0.00354	0.00395	0.00703
13	0.01607	0.01388	0.01461	0.01315	0.01680	0.01607	0.01023	0.03433	0.72094	0.02703	0.02630	0.02411	0.01972	0.00877	0.00657	0.00219	0.00511	0.00731	0.00657	0.01023
14	0.00787	0.00562	0.00750	0.00900	0.00937	0.00525	0.00600	0.00900	0.01237	0.01649	0.03561	0.76871	0.04274	0.02024	0.00825	0.00262	0.00375	0.01837	0.00600	0.00525
15	0.01607	0.01388	0.01461	0.01315	0.01680	0.01607	0.01023	0.03433	0.72094	0.02703	0.02630	0.02411	0.01972	0.00877	0.00657	0.00219	0.00511	0.00731	0.00657	0.01023
16	0.01663	0.05037	0.06954	0.02296	0.27007	0.04275	0.05866	0.01994	0.01487	0.13542	0.03761	0.07211	0.01694	0.02765	0.02992	0.00244	0.03773	0.06111	0.00445	0.00882
17	0.01389	0.01177	0.01366	0.00980	0.01552	0.00911	0.00786	0.04656	0.01414	0.02191	0.01166	0.01349	0.00963	0.00491	0.00486	0.00100	0.00489	0.00391	0.00394	0.77748
18	0.01248	0.01201	0.02116	0.65222	0.04230	0.01435	0.09422	0.01687	0.01324	0.01706	0.01240	0.01907	0.00968	0.00672	0.00667	0.00218	0.00878	0.02826	0.00302	0.00731
19	0.01653	0.06686	0.03038	0.05293	0.08857	0.05117	0.39654	0.10588	0.03802	0.02270	0.03533	0.01868	0.03190	0.00649	0.00699	0.00205	0.00922	0.00701	0.00390	0.00886
20	0.01371	0.00970	0.01166	0.01138	0.06379	0.03042	0.00802	0.03984	0.06417	0.10344	0.31510	0.03569	0.11086	0.01055	0.00675	0.00189	0.00436	0.00903	0.06808	0.08157
21	0.00790	0.00656	0.00691	0.00682	0.00889	0.00557	0.00511	0.00978	0.01534	0.01892	0.18024	0.05978	0.61430	0.01582	0.00763	0.00216	0.00323	0.01330	0.00619	0.00557
22	0.01581	0.14289	0.27620	0.05034	0.07637	0.01751	0.07010	0.09454	0.15032	0.02288	0.01454	0.01593	0.01099	0.00664	0.00609	0.00196	0.00795	0.00549	0.00394	0.00951
23	0.01615	0.08893	0.10047	0.03216	0.08519	0.01283	0.01178	0.07956	0.01541	0.07885	0.01278	0.01433	0.00996	0.00566	0.00535	0.00141	0.00616	0.00451	0.00408	0.41442
24	0.01676	0.20387	0.32515	0.01539	0.02177	0.09311	0.01666	0.07234	0.03484	0.04800	0.01207	0.01373	0.00930	0.00673	0.00675	0.00189	0.06348	0.00471	0.02450	0.00895
25	0.00904	0.00647	0.00789	0.00827	0.00916	0.00616	0.00584	0.01049	0.01311	0.01736	0.15871	0.15782	0.13673	0.29141	0.01711	0.00384	0.00484	0.12527	0.00543	0.00506
26	0.01343	0.13500	0.35859	0.04313	0.15684	0.01526	0.01828	0.01840	0.01337	0.01891	0.01369	0.07428	0.01200	0.01067	0.06856	0.00268	0.00897	0.00605	0.00315	0.00876
27	0.04033	0.06498	0.22301	0.04637	0.21396	0.08900	0.07285	0.08869	0.03940	0.02213	0.01296	0.03406	0.01040	0.00661	0.00623	0.00196	0.00852	0.00566	0.00358	0.00929
28	0.00937	0.00635	0.00749	0.00749	0.00764	0.00650	0.00447	0.00968	0.00953	0.01286	0.01996	0.04005	0.02252	0.67712	0.12736	0.00681	0.00772	0.00907	0.00386	0.00416
29	0.00806	0.00592	0.00742	0.00847	0.00922	0.00545	0.00579	0.00932	0.01288	0.01683	0.06724	0.54480	0.16292	0.07262	0.00988	0.00279	0.00388	0.03537	0.00589	0.00524
30	0.00971	0.00816	0.01381	0.01261	0.01438	0.00820	0.12593	0.01211	0.01249	0.01715	0.05298	0.33727	0.02861	0.02704	0.26114	0.00519	0.00964	0.03279	0.00471	0.00607
31	0.07311	0.12227	0.24752	0.01895	0.11753	0.12872	0.03904	0.09768	0.05694	0.02236	0.01223	0.01394	0.00944	0.00638	0.00583	0.00188	0.00848	0.00491	0.00363	0.00916
32	0.01541	0.04846	0.17813	0.04082	0.25914	0.03596	0.01665	0.04564	0.18891	0.02269	0.05293	0.01880	0.01460	0.00721	0.00672	0.00202	0.02604	0.00610	0.00421	0.00959
33	0.00951	0.00661	0.00839	0.00817	0.00974	0.00599	0.00604	0.01199	0.01676	0.05184	0.48301	0.17158	0.15682	0.01467	0.00768	0.00215	0.00330	0.01290	0.00679	0.00605
34	0.01483	0.01414	0.02422	0.14281	0.55915	0.01451	0.03842	0.01859	0.01430	0.02009	0.01377	0.07031	0.01232	0.00689	0.00657	0.00201	0.00762	0.00672	0.00335	0.00938

[dist]
# distance from previous block
# <min> <max>
0	1

[block]
# block no. 1 follows, 34 sequences, length 21
# corresponding to MSA columns:
# 123-143
name=unknown_B
#
# <colnr> <probs for GDERKNQSTAVLIFYWHMCP>
#	G	D	E	R	K	N	Q	S	T	A	V	L	I	F	Y	W	H	M	C	P
0	0.01595	0.01472	0.04409	0.01659	0.14920	0.03688	0.01144	0.11982	0.03990	0.02395	0.01265	0.01449	0.01015	0.00565	0.00547	0.00138	0.00608	0.00464	0.00413	0.46281
1	0.01256	0.01479	0.12588	0.25220	0.20722	0.01285	0.05641	0.01671	0.01380	0.01903	0.05964	0.12482	0.01729	0.00970	0.02729	0.00237	0.00785	0.00790	0.00368	0.00801
2	0.01675	0.00788	0.00973	0.00847	0.01070	0.00731	0.00621	0.01861	0.01441	0.26717	0.09616	0.03176	0.02323	0.25540	0.01469	0.00327	0.00493	0.00787	0.18840	0.00707
3	0.01768	0.24060	0.02259	0.01661	0.12597	0.04407	0.01207	0.09899	0.21839	0.04174	0.01605	0.01672	0.01267	0.00705	0.00611	0.00182	0.02959	0.00543	0.02965	0.03618
4	0.00802	0.00641	0.00719	0.00731	0.00905	0.00557	0.00536	0.00990	0.01516	0.01925	0.21400	0.17503	0.46242	0.01627	0.00773	0.00222	0.00330	0.01396	0.00626	0.00557
5	0.54156	0.01197	0.01143	0.00955	0.01390	0.01274	0.00787	0.02338	0.01363	0.27741	0.01478	0.01453	0.01015	0.00670	0.00488	0.00200	0.00517	0.00455	0.00540	0.00840
6	0.00825	0.00642	0.00753	0.00804	0.00942	0.00583	0.00573	0.01046	0.03888	0.01862	0.14816	0.35656	0.31819	0.01727	0.00785	0.00235	0.00350	0.01513	0.00618	0.00563
7	0.00905	0.00660	0.00851	0.00803	0.00960	0.00606	0.00603	0.01202	0.01808	0.02540	0.68936	0.04910	0.10113	0.01340	0.00762	0.00204	0.00306	0.01180	0.00705	0.00606
8	0.61670	0.01354	0.01158	0.00996	0.01412	0.01554	0.00815	0.13387	0.07755	0.03074	0.01161	0.01253	0.00879	0.00653	0.00463	0.00201	0.00535	0.00422	0.00463	0.00794
9	0.81856	0.01250	0.00950	0.00850	0.01250	0.01449	0.00700	0.01899	0.01100	0.02899	0.00900	0.01050	0.00700	0.00600	0.00400	0.00200	0.00500	0.00350	0.00400	0.00700
10	0.02496	0.01746	0.01900	0.01457	0.01972	0.01910	0.01203	0.65041	0.02932	0.10289	0.01640	0.01609	0.01144	0.00778	0.00647	0.00194	0.00697	0.00588	0.00660	0.01099
11	0.01727	0.77681	0.03386	0.01106	0.01658	0.02557	0.01106	0.01935	0.01313	0.01520	0.00898	0.01036	0.00829	0.00553	0.00415	0.00138	0.00691	0.00345	0.00276	0.00829
12	0.00871	0.00647	0.00887	0.00938	0.01018	0.00632	0.02800	0.01007	0.01195	0.01591	0.03164	0.41061	0.08537	0.16589	0.11479	0.00436	0.00641	0.05467	0.00517	0.00523
13	0.01582	0.04180	0.15740	0.01955	0.17960	0.08864	0.03277	0.09293	0.01687	0.04003	0.09001	0.02311	0.06180	0.00797	0.00639	0.00190	0.00727	0.02786	0.02419	0.06408
14	0.01599	0.01535	0.02623	0.03966	0.73262	0.01535	0.01983	0.01983	0.01471	0.02111	0.01215	0.01599	0.01023	0.00576	0.00640	0.00192	0.00768	0.00576	0.00320	0.01023
15	0.00832	0.00666	0.00754	0.00790	0.00976	0.00588	0.00616	0.01030	0.01489	0.01846	0.11201	0.11245	0.49061	0.01667	0.00793	0.00236	0.00381	0.14660	0.00608	0.00559
16	0.01669	0.01100	0.01500	0.01568	0.13557	0.01105	0.02960	0.11459	0.04647	0.15256	0.08772	0.05308	0.02149	0.16023	0.04459	0.00322	0.00650	0.02344	0.04338	0.00814
17	0.01286	0.02965	0.61827	0.04977	0.05327	0.01460	0.02200	0.01947	0.01329	0.01970	0.01205	0.01561	0.00921	0.05231	0.00819	0.00232	0.03038	0.00515	0.00283	0.00907
18	0.01525	0.01743	0.03813	0.02723	0.03377	0.01634	0.70915	0.02070	0.01525	0.02070	0.01307	0.01743	0.00980	0.00545	0.00763	0.00218	0.01089	0.00763	0.00327	0.00871
19	0.00919	0.00656	0.00901	0.01050	0.01145	0.00638	0.00828	0.01127	0.01367	0.01797	0.03489	0.40820	0.03986	0.01900	0.00860	0.00281	0.00489	0.36589	0.00597	0.00561
20	0.43691	0.06968	0.01503	0.01267	0.03758	0.26864	0.00975	0.04719	0.01450	0.02372	0.00968	0.01124	0.00779	0.00625	0.00480	0.00184	0.00758	0.00388	0.00375	0.00750

[dist]
# distance from previous block
# <min> <max>
2	20

[block]
# block no. 2 follows, 34 sequences, length 138
# corresponding to MSA columns:
# 164-301
name=unknown_C
#
# <colnr> <probs for GDERKNQSTAVLIFYWHMCP>
#	G	D	E	R	K	N	Q	S	T	A	V	L	I	F	Y	W	H	M	C	P
0	0.04273	0.00745	0.00835	0.00804	0.01001	0.00709	0.00606	0.03730	0.04463	0.02225	0.29065	0.09800	0.29742	0.03604	0.00808	0.00225	0.00365	0.02779	0.03609	0.00611
1	0.00940	0.00658	0.00813	0.00855	0.00960	0.00624	0.00595	0.01154	0.04220	0.04052	0.16419	0.35457	0.12382	0.14303	0.01206	0.00304	0.00416	0.03487	0.00594	0.00561
2	0.01776	0.10378	0.15717	0.02163	0.20794	0.16179	0.01597	0.07246	0.03603	0.04240	0.01251	0.01535	0.01020	0.02980	0.02596	0.00223	0.04928	0.00521	0.00358	0.00897
3	0.01551	0.02135	0.20815	0.07278	0.32407	0.10107	0.06417	0.01999	0.01459	0.01965	0.01354	0.01663	0.03521	0.00659	0.00700	0.00200	0.03968	0.00572	0.00316	0.00915
4	0.00938	0.00639	0.00780	0.00785	0.00818	0.00664	0.00497	0.01005	0.00986	0.01359	0.02023	0.06401	0.02228	0.55577	0.19533	0.00693	0.00861	0.00905	0.02863	0.00445
5	0.01735	0.54716	0.04888	0.01735	0.15118	0.07258	0.02972	0.01994	0.01384	0.01661	0.00981	0.01175	0.00869	0.00566	0.00481	0.00154	0.00754	0.00406	0.00289	0.00864
6	0.00943	0.00703	0.00992	0.00985	0.01068	0.00806	0.00732	0.01114	0.01020	0.01450	0.01817	0.05032	0.01828	0.21037	0.53454	0.00892	0.04451	0.00776	0.00361	0.00539
7	0.00872	0.00656	0.00807	0.00776	0.00941	0.00591	0.00580	0.01135	0.01719	0.02346	0.53875	0.07723	0.22756	0.01425	0.00765	0.00209	0.00313	0.01241	0.00680	0.00591
8	0.00939	0.00628	0.00715	0.00715	0.00718	0.00632	0.00404	0.00946	0.00943	0.01260	0.02027	0.04178	0.02327	0.75113	0.05437	0.00639	0.00660	0.00932	0.00390	0.00397
9	0.02059	0.01167	0.01418	0.01067	0.01576	0.01009	0.00868	0.10258	0.01734	0.29876	0.01802	0.01771	0.01270	0.00656	0.00562	0.00151	0.00520	0.00524	0.06324	0.35387
10	0.01296	0.03342	0.73944	0.01842	0.02797	0.01501	0.02387	0.02046	0.01364	0.02046	0.01160	0.01364	0.00818	0.00614	0.00614	0.00205	0.00955	0.00477	0.00273	0.00955
11	0.02414	0.03079	0.01831	0.01665	0.01998	0.74698	0.01248	0.02580	0.01831	0.01581	0.00999	0.01165	0.00832	0.00666	0.00583	0.00166	0.01165	0.00416	0.00333	0.00749
12	0.81856	0.01250	0.00950	0.00850	0.01250	0.01449	0.00700	0.01899	0.01100	0.02899	0.00900	0.01050	0.00700	0.00600	0.00400	0.00200	0.00500	0.00350	0.00400	0.00700
13	0.00799	0.00581	0.00754	0.00870	0.00935	0.00536	0.00592	0.00936	0.01320	0.01757	0.11160	0.63222	0.10323	0.01917	0.00813	0.00252	0.00363	0.01726	0.00612	0.00536
14	0.00863	0.00649	0.00799	0.00781	0.00939	0.00585	0.00578	0.01113	0.01680	0.02282	0.49095	0.12242	0.23084	0.01471	0.00769	0.00213	0.00317	0.01284	0.00672	0.00585
15	0.02108	0.01407	0.02500	0.01866	0.02346	0.01391	0.28921	0.02458	0.01580	0.33355	0.01776	0.01889	0.01230	0.00752	0.00935	0.00221	0.13113	0.00681	0.00527	0.00944
16	0.00914	0.00706	0.00915	0.03939	0.01111	0.00750	0.00673	0.01073	0.01164	0.01550	0.05630	0.06552	0.19349	0.22096	0.27252	0.00612	0.03776	0.00968	0.00437	0.00532
17	0.01564	0.08511	0.17491	0.07171	0.35737	0.01584	0.06918	0.04476	0.01509	0.04257	0.03851	0.01653	0.01156	0.00625	0.00629	0.00194	0.00804	0.00573	0.00345	0.00953
18	0.03943	0.17181	0.03976	0.05195	0.14158	0.21532	0.05850	0.03786	0.01525	0.06099	0.01218	0.01556	0.01025	0.04866	0.02615	0.00226	0.03550	0.00517	0.00355	0.00827
19	0.71939	0.01448	0.05750	0.00951	0.01386	0.04080	0.00835	0.01962	0.01160	0.04416	0.00958	0.01101	0.00733	0.00608	0.00426	0.00199	0.00555	0.00367	0.00398	0.00727
20	0.01476	0.01441	0.05787	0.04992	0.40749	0.01339	0.09601	0.01917	0.03708	0.04837	0.13720	0.04014	0.02006	0.00757	0.00679	0.00201	0.00711	0.00732	0.00420	0.00913
21	0.01372	0.02391	0.42412	0.04355	0.10311	0.01348	0.06046	0.03747	0.01448	0.05417	0.01755	0.08558	0.04258	0.00823	0.00663	0.00212	0.00825	0.02796	0.00369	0.00894
22	0.00931	0.00683	0.00862	0.00928	0.03879	0.00616	0.00638	0.01142	0.01544	0.04571	0.28214	0.24869	0.25602	0.01562	0.00771	0.00224	0.00358	0.01370	0.00634	0.00601
23	0.41585	0.01369	0.01472	0.01319	0.06637	0.04360	0.06833	0.06593	0.01372	0.02572	0.01240	0.01433	0.03204	0.00668	0.00559	0.02500	0.00603	0.00465	0.00402	0.14813
24	0.01657	0.01522	0.04990	0.21502	0.23733	0.01594	0.01595	0.17642	0.12129	0.02506	0.01640	0.01870	0.03312	0.00717	0.00648	0.00204	0.00736	0.00619	0.00441	0.00943
25	0.04093	0.03733	0.18660	0.02169	0.08240	0.01553	0.29286	0.10739	0.01685	0.04938	0.05251	0.01929	0.01328	0.00681	0.00685	0.00208	0.00883	0.02627	0.00401	0.00911
26	0.02287	0.02036	0.01824	0.01497	0.01942	0.19387	0.01195	0.41989	0.15668	0.03218	0.01620	0.01619	0.01198	0.00768	0.00633	0.00192	0.00783	0.00570	0.00573	0.01001
27	0.00779	0.00652	0.00659	0.00659	0.00858	0.00552	0.00482	0.00928	0.01427	0.01704	0.06161	0.06049	0.66979	0.08083	0.00979	0.00253	0.00353	0.01328	0.00582	0.00532
28	0.01444	0.01360	0.05246	0.01750	0.02202	0.01222	0.30696	0.08434	0.01671	0.07310	0.09397	0.13015	0.11257	0.01009	0.00746	0.00218	0.00735	0.00991	0.00500	0.00798
29	0.04308	0.09895	0.14313	0.02006	0.12233	0.08401	0.11298	0.15751	0.04354	0.04975	0.01369	0.01649	0.01071	0.00691	0.00671	0.00197	0.03148	0.02325	0.00412	0.00932
30	0.01187	0.01130	0.03602	0.01518	0.07522	0.01290	0.03119	0.01391	0.01182	0.01689	0.06818	0.02931	0.08243	0.12322	0.11358	0.00408	0.29281	0.03970	0.00384	0.00658
31	0.00854	0.00640	0.00802	0.00889	0.01003	0.00597	0.00652	0.01068	0.03062	0.01849	0.12451	0.41044	0.19169	0.01794	0.00810	0.00250	0.00392	0.11497	0.00614	0.00561
32	0.81856	0.01250	0.00950	0.00850	0.01250	0.01449	0.00700	0.01899	0.01100	0.02899	0.00900	0.01050	0.00700	0.00600	0.00400	0.00200	0.00500	0.00350	0.00400	0.00700
33	0.01331	0.07718	0.66831	0.01834	0.02753	0.01569	0.05142	0.02041	0.01368	0.02016	0.01150	0.01360	0.00826	0.00607	0.00608	0.00201	0.00945	0.00481	0.00275	0.00944
34	0.01556	0.26365	0.29893	0.01702	0.04521	0.01816	0.11332	0.05077	0.01473	0.03772	0.03232	0.01449	0.01041	0.00611	0.00574	0.00181	0.00828	0.00504	0.00329	0.03746
35	0.01601	0.01241	0.01772	0.06717	0.21942	0.01278	0.03536	0.06337	0.15792	0.10699	0.12805	0.02789	0.07338	0.00893	0.00682	0.00207	0.00599	0.02320	0.00546	0.00906
36	0.00793	0.00579	0.00754	0.00878	0.00939	0.00539	0.00597	0.00920	0.01269	0.01678	0.05595	0.65222	0.11092	0.02070	0.03517	0.00285	0.00418	0.01730	0.00593	0.00531
37	0.01542	0.01689	0.03490	0.02891	0.16200	0.01615	0.55125	0.02114	0.04613	0.02105	0.01348	0.01746	0.01032	0.00565	0.00735	0.00213	0.01005	0.00727	0.00340	0.00906
38	0.01578	0.17465	0.11679	0.20200	0.10830	0.01693	0.03645	0.07858	0.07567	0.05003	0.01458	0.03743	0.01190	0.00718	0.00610	0.00197	0.00758	0.02544	0.00388	0.00877
39	0.00909	0.00622	0.00727	0.00744	0.00773	0.00607	0.00449	0.00964	0.01098	0.01474	0.10148	0.15106	0.05357	0.55385	0.02566	0.00513	0.00544	0.01111	0.00464	0.00440
40	0.00770	0.00650	0.00667	0.00672	0.00879	0.00547	0.00500	0.00937	0.01475	0.01772	0.08831	0.09465	0.67348	0.01643	0.00766	0.00220	0.00329	0.01379	0.00604	0.00547
41	0.02384	0.06354	0.01899	0.01640	0.01983	0.71531	0.01242	0.02552	0.01808	0.01579	0.00994	0.01160	0.00832	0.00661	0.00575	0.00165	0.01144	0.00413	0.00330	0.00753
42	0.00937	0.00637	0.00760	0.00760	0.00779	0.00656	0.00460	0.00975	0.00956	0.01294	0.01985	0.03949	0.02228	0.65310	0.15105	0.00695	0.00809	0.00899	0.00384	0.00422
43	0.01677	0.00970	0.01148	0.00981	0.01278	0.00969	0.00773	0.11255	0.09059	0.17949	0.26098	0.03066	0.03102	0.00970	0.00646	0.00192	0.00432	0.00814	0.17803	0.00820
44	0.00797	0.00569	0.00761	0.00911	0.00952	0.00533	0.00616	0.00916	0.01247	0.01660	0.03556	0.74245	0.04253	0.02015	0.00827	0.00264	0.00383	0.04368	0.00600	0.00527
45	0.12610	0.01439	0.06253	0.31918	0.14123	0.03263	0.01578	0.03748	0.01315	0.01976	0.01179	0.04314	0.00993	0.00753	0.00830	0.00219	0.11801	0.00579	0.00330	0.00781
46	0.00933	0.00689	0.01022	0.01022	0.01139	0.00800	0.00794	0.01167	0.01050	0.01534	0.01745	0.02534	0.01617	0.04694	0.71974	0.01005	0.01678	0.00689	0.03336	0.00578
47	0.00843	0.00639	0.00783	0.00876	0.01001	0.00586	0.00658	0.01013	0.01369	0.01737	0.04528	0.33746	0.28148	0.04097	0.00893	0.00266	0.00417	0.17264	0.00592	0.00544
48	0.02530	0.01691	0.01865	0.01430	0.01944	0.01827	0.01181	0.59721	0.02839	0.15740	0.01718	0.01660	0.01183	0.00780	0.00647	0.00195	0.00684	0.00593	0.00672	0.01099
49	0.03679	0.15230	0.35281	0.02005	0.13817	0.07462	0.03827	0.02165	0.06954	0.02007	0.01225	0.01416	0.00946	0.00620	0.00584	0.00190	0.00854	0.00491	0.00321	0.00925
50	0.00794	0.00594	0.00738	0.00833	0.00924	0.00538	0.00575	0.00936	0.01349	0.01761	0.10790	0.53148	0.20941	0.01865	0.00804	0.00246	0.00357	0.01661	0.00610	0.00538
51	0.01473	0.13614	0.15679	0.10978	0.18027	0.03362	0.01576	0.02148	0.14399	0.02054	0.05790	0.01915	0.03048	0.00727	0.00647	0.00197	0.02482	0.00599	0.00391	0.00894
52	0.00788	0.00575	0.00742	0.00871	0.00931	0.00529	0.00588	0.00911	0.01278	0.01684	0.05691	0.67250	0.11858	0.01963	0.00816	0.00256	0.00368	0.01768	0.00603	0.00529
53	0.01340	0.01148	0.01340	0.00957	0.01531	0.00861	0.00766	0.01627	0.01340	0.02105	0.01148	0.01340	0.00957	0.00479	0.00479	0.00096	0.00479	0.00383	0.00383	0.81242
54	0.01058	0.00698	0.00831	0.00791	0.00925	0.00659	0.00547	0.01265	0.03719	0.07001	0.25526	0.07526	0.15208	0.29507	0.01690	0.00365	0.00455	0.01092	0.00574	0.00563
55	0.01599	0.01535	0.02623	0.03966	0.73262	0.01535	0.01983	0.01983	0.01471	0.02111	0.01215	0.01599	0.01023	0.00576	0.00640	0.00192	0.00768	0.00576	0.00320	0.01023
56	0.01220	0.01148	0.01938	0.75739	0.04450	0.01436	0.01794	0.01651	0.01292	0.01651	0.01148	0.01723	0.00861	0.00646	0.00646	0.00215	0.00861	0.00574	0.00287	0.00718
57	0.81856	0.01250	0.00950	0.00850	0.01250	0.01449	0.00700	0.01899	0.01100	0.02899	0.00900	0.01050	0.00700	0.00600	0.00400	0.00200	0.00500	0.00350	0.00400	0.00700
58	0.01761	0.01712	0.01532	0.01382	0.01741	0.15593	0.01066	0.03270	0.58650	0.02488	0.02318	0.02172	0.01754	0.00836	0.00643	0.00209	0.00636	0.00670	0.00595	0.00970
59	0.00940	0.00626	0.00705	0.00705	0.00705	0.00626	0.00392	0.00940	0.00940	0.01253	0.02036	0.04228	0.02349	0.77292	0.03289	0.00626	0.00626	0.00940	0.00392	0.00392
60	0.00805	0.00650	0.00716	0.00712	0.00901	0.00561	0.00529	0.01002	0.01550	0.01960	0.23702	0.10570	0.50919	0.01580	0.00767	0.00217	0.00325	0.01344	0.00629	0.00561
61	0.01296	0.03342	0.73944	0.01842	0.02797	0.01501	0.02387	0.02046	0.01364	0.02046	0.01160	0.01364	0.00818	0.00614	0.00614	0.00205	0.00955	0.00477	0.00273	0.00955
62	0.00932	0.00632	0.00749	0.00754	0.00770	0.00646	0.00452	0.00965	0.00963	0.01299	0.02053	0.06669	0.02327	0.65394	0.12221	0.00665	0.00757	0.00941	0.00393	0.00420
63	0.01220	0.01148	0.01938	0.75739	0.04450	0.01436	0.01794	0.01651	0.01292	0.01651	0.01148	0.01723	0.00861	0.00646	0.00646	0.00215	0.00861	0.00574	0.00287	0.00718
64	0.02134	0.02050	0.01709	0.01537	0.04015	0.28119	0.01161	0.13800	0.28071	0.07998	0.01818	0.01782	0.01363	0.00769	0.00627	0.00194	0.00791	0.00582	0.00539	0.00942
65	0.73188	0.01311	0.01058	0.00919	0.01332	0.01510	0.00757	0.09455	0.01311	0.03027	0.00971	0.01104	0.00743	0.00619	0.00427	0.00199	0.00523	0.00375	0.00427	0.00743
66	0.00991	0.00708	0.00984	0.01133	0.01259	0.00700	0.00954	0.01252	0.01438	0.01878	0.03449	0.21032	0.03828	0.01832	0.00879	0.00291	0.00551	0.55664	0.00596	0.00581
67	0.00842	0.00636	0.00790	0.00879	0.01004	0.00583	0.00660	0.01023	0.01403	0.01803	0.09098	0.35319	0.25662	0.01806	0.00816	0.00252	0.00402	0.15864	0.00606	0.00552
68	0.02414	0.03079	0.01831	0.01665	0.01998	0.74698	0.01248	0.02580	0.01831	0.01581	0.00999	0.01165	0.00832	0.00666	0.00583	0.00166	0.01165	0.00416	0.00333	0.00749
69	0.00819	0.00657	0.00731	0.00712	0.00907	0.00569	0.00534	0.01034	0.01603	0.02055	0.30809	0.05710	0.48543	0.01521	0.00763	0.00213	0.00319	0.01292	0.00641	0.00569
70	0.02033	0.01287	0.01398	0.01127	0.01507	0.01375	0.00913	0.36993	0.03984	0.11012	0.01887	0.01952	0.01375	0.00772	0.00577	0.00180	0.00541	0.00600	0.29571	0.00918
71	0.01340	0.01148	0.01340	0.00957	0.01531	0.00861	0.00766	0.01627	0.01340	0.02105	0.01148	0.01340	0.00957	0.00479	0.00479	0.00096	0.00479	0.00383	0.00383	0.81242
72	0.00908	0.00689	0.00810	0.00783	0.00966	0.00633	0.00594	0.01226	0.04575	0.02270	0.41305	0.05193	0.28976	0.01404	0.00749	0.00210	0.00331	0.03590	0.04185	0.00603
73	0.81856	0.01250	0.00950	0.00850	0.01250	0.01449	0.00700	0.01899	0.01100	0.02899	0.00900	0.01050	0.00700	0.00600	0.00400	0.00200	0.00500	0.00350	0.00400	0.00700
74	0.01220	0.01148	0.01938	0.75739	0.04450	0.01436	0.01794	0.01651	0.01292	0.01651	0.01148	0.01723	0.00861	0.00646	0.00646	0.00215	0.00861	0.00574	0.00287	0.00718
75	0.02216	0.02198	0.02360	0.01844	0.02335	0.25098	0.18166	0.32479	0.02285	0.02791	0.01316	0.01475	0.00985	0.00685	0.00654	0.00191	0.00948	0.00573	0.00469	0.00932
76	0.01250	0.00646	0.00651	0.00635	0.00798	0.00653	0.00480	0.04048	0.01416	0.02470	0.02087	0.02378	0.01636	0.00754	0.00459	0.00152	0.00316	0.00601	0.77948	0.00620
77	0.02192	0.01727	0.01787	0.01440	0.01903	0.04624	0.01165	0.47563	0.24378	0.03554	0.01864	0.01803	0.01359	0.00803	0.00647	0.00201	0.00666	0.00622	0.00638	0.01062
78	0.01455	0.03219	0.02687	0.19230	0.15735	0.01473	0.28916	0.01959	0.04962	0.04130	0.01753	0.02203	0.05801	0.00706	0.00701	0.00213	0.00861	0.02778	0.00372	0.00847
79	0.01744	0.02322	0.38311	0.01964	0.14098	0.01364	0.01843	0.04725	0.03317	0.18634	0.01742	0.01811	0.03795	0.00701	0.00634	0.00202	0.00787	0.00577	0.00437	0.00991
80	0.01308	0.05498	0.71898	0.01820	0.02764	0.01531	0.02350	0.02043	0.01363	0.02031	0.01152	0.01355	0.00819	0.00612	0.00608	0.00203	0.00947	0.00474	0.00273	0.00951
81	0.01220	0.01148	0.01938	0.75739	0.04450	0.01436	0.01794	0.01651	0.01292	0.01651	0.01148	0.01723	0.00861	0.00646	0.00646	0.00215	0.00861	0.00574	0.00287	0.00718
82	0.01776	0.21177	0.14393	0.01664	0.07284	0.22999	0.05480	0.02095	0.01522	0.04702	0.01567	0.01728	0.06654	0.00851	0.03287	0.00208	0.00906	0.00536	0.00348	0.00823
83	0.01462	0.05400	0.13825	0.01795	0.02325	0.01309	0.27397	0.03863	0.01534	0.08517	0.02355	0.07338	0.09337	0.00951	0.00728	0.00222	0.00800	0.09575	0.00448	0.00819
84	0.00940	0.00626	0.00705	0.00705	0.00705	0.00626	0.00392	0.00940	0.00940	0.01253	0.02036	0.04228	0.02349	0.77292	0.03289	0.00626	0.00626	0.00940	0.00392	0.00392
85	0.04251	0.01755	0.15658	0.01344	0.01784	0.08469	0.01243	0.15402	0.01726	0.13664	0.04175	0.03855	0.01494	0.05390	0.14730	0.00379	0.02710	0.00639	0.00483	0.00850
86	0.01501	0.05758	0.41877	0.03908	0.15221	0.01428	0.03609	0.02051	0.01424	0.09339	0.01476	0.06918	0.01189	0.00724	0.00633	0.00204	0.00827	0.00614	0.00361	0.00938
87	0.00926	0.00680	0.00975	0.00975	0.01068	0.00773	0.00728	0.01113	0.01020	0.01453	0.01789	0.02861	0.01755	0.18662	0.61107	0.00960	0.01520	0.00739	0.00355	0.00542
88	0.01712	0.75051	0.05882	0.01132	0.01699	0.02519	0.01151	0.01939	0.01315	0.01539	0.00908	0.01048	0.00829	0.00555	0.00422	0.00141	0.00700	0.00350	0.00276	0.00834
89	0.01758	0.03236	0.02389	0.02855	0.39731	0.07147	0.09456	0.06407	0.04483	0.08104	0.01709	0.03631	0.04730	0.00708	0.00657	0.00197	0.00770	0.00661	0.00415	0.00956
90	0.01364	0.02285	0.34745	0.02364	0.19636	0.01432	0.13672	0.01963	0.03487	0.02082	0.04221	0.01997	0.06424	0.00701	0.00663	0.00205	0.00850	0.00647	0.00344	0.00917
91	0.01506	0.01568	0.01927	0.01664	0.01700	0.09670	0.01367	0.01646	0.01078	0.01549	0.00898	0.01468	0.00890	0.03280	0.01991	0.00280	0.65964	0.00560	0.00291	0.00702
92	0.03677	0.01791	0.02480	0.02325	0.15728	0.14102	0.19281	0.04531	0.01451	0.01949	0.01125	0.01516	0.00942	0.00759	0.01084	0.00220	0.22971	0.00589	0.02653	0.00828
93	0.00846	0.00675	0.00760	0.00736	0.00931	0.00598	0.00553	0.01109	0.03339	0.02118	0.33838	0.05551	0.43665	0.01488	0.00760	0.00212	0.00322	0.01268	0.00647	0.00584
94	0.01220	0.01148	0.01938	0.75739	0.04450	0.01436	0.01794	0.01651	0.01292	0.01651	0.01148	0.01723	0.00861	0.00646	0.00646	0.00215	0.00861	0.00574	0.00287	0.00718
95	0.01588	0.05066	0.18440	0.04754	0.17026	0.01589	0.18975	0.05731	0.07540	0.05075	0.01386	0.01638	0.01053	0.00640	0.00708	0.00202	0.03688	0.00600	0.00374	0.03925
96	0.01615	0.06597	0.02662	0.05240	0.44024	0.04259	0.12505	0.02190	0.10449	0.02109	0.01379	0.01676	0.01113	0.00613	0.00644	0.00196	0.00797	0.00604	0.00360	0.00968
97	0.00980	0.00677	0.00859	0.00932	0.01001	0.00676	0.00694	0.01119	0.01199	0.01576	0.02720	0.08311	0.03041	0.40297	0.02112	0.00464	0.00603	0.31761	0.00491	0.00489
98	0.00828	0.00692	0.00777	0.00822	0.03864	0.00599	0.00576	0.01028	0.01543	0.01927	0.19393	0.05755	0.56873	0.01531	0.00758	0.00214	0.00341	0.01293	0.00610	0.00578
99	0.01578	0.19563	0.23816	0.02222	0.13782	0.01761	0.20968	0.02066	0.01436	0.05134	0.01211	0.01468	0.00933	0.00583	0.00615	0.00191	0.00884	0.00549	0.00320	0.00920
100	0.02358	0.03237	0.04538	0.03482	0.05922	0.02911	0.01071	0.04399	0.04994	0.47476	0.08177	0.02411	0.04372	0.00840	0.00653	0.00199	0.00582	0.00692	0.00685	0.00999
101	0.00785	0.00572	0.00739	0.00873	0.00930	0.00527	0.00588	0.00903	0.01262	0.01660	0.03883	0.69265	0.11672	0.01983	0.00818	0.00258	0.00370	0.01786	0.00600	0.00527
102	0.01485	0.01627	0.08174	0.15004	0.42880	0.01511	0.13913	0.01931	0.01453	0.02037	0.03000	0.01706	0.01100	0.00603	0.00663	0.00201	0.00841	0.00615	0.00322	0.00933
103	0.01743	0.01868	0.11990	0.04632	0.46432	0.06233	0.03659	0.07269	0.01618	0.06476	0.01300	0.01578	0.01019	0.00616	0.00637	0.00194	0.00811	0.00562	0.00367	0.00997
104	0.01356	0.02877	0.56174	0.05335	0.17483	0.01505	0.02279	0.02017	0.01383	0.02043	0.01171	0.01428	0.00863	0.00607	0.00621	0.00202	0.00912	0.00502	0.00283	0.00959
105	0.00940	0.00626	0.00705	0.00705	0.00705	0.00626	0.00392	0.00940	0.00940	0.01253	0.02036	0.04228	0.02349	0.77292	0.03289	0.00626	0.00626	0.00940	0.00392	0.00392
106	0.03608	0.01281	0.01592	0.04429	0.07349	0.01198	0.01032	0.10762	0.05334	0.14090	0.01493	0.01596	0.01124	0.00635	0.00627	0.00155	0.03880	0.00500	0.00486	0.38829
107	0.07877	0.56429	0.08864	0.01217	0.01755	0.09193	0.01203	0.01991	0.01341	0.01676	0.00928	0.01088	0.00819	0.00589	0.00495	0.00155	0.02902	0.00370	0.00291	0.00819
108	0.01012	0.00756	0.00911	0.00900	0.01067	0.00732	0.00668	0.08682	0.01649	0.02201	0.23503	0.28538	0.18885	0.01717	0.03812	0.00262	0.00443	0.03019	0.00626	0.00620
109	0.31455	0.31109	0.02088	0.01145	0.04401	0.01812	0.00967	0.02070	0.01306	0.12041	0.01146	0.01245	0.00900	0.00619	0.00502	0.00174	0.02756	0.00406	0.00400	0.03457
110	0.00805	0.00572	0.00753	0.00881	0.00922	0.00537	0.00585	0.00920	0.01247	0.01671	0.07146	0.67717	0.04230	0.07492	0.01002	0.00286	0.00390	0.01736	0.00590	0.00520
111	0.01574	0.01427	0.03579	0.01657	0.09951	0.01532	0.03625	0.05736	0.50859	0.02626	0.06650	0.02494	0.02055	0.00868	0.00669	0.00215	0.00570	0.02332	0.00598	0.00983
112	0.00930	0.00682	0.00976	0.00981	0.01076	0.00772	0.00738	0.01120	0.01035	0.01468	0.01843	0.03010	0.01821	0.18277	0.58969	0.00937	0.01487	0.02973	0.00363	0.00543
113	0.02538	0.01593	0.01789	0.01376	0.01878	0.01693	0.01135	0.51601	0.02684	0.22119	0.01825	0.01742	0.01244	0.00781	0.00642	0.00194	0.00658	0.00600	0.02821	0.01086
114	0.00766	0.00644	0.00665	0.00681	0.00880	0.00543	0.00503	0.00924	0.01447	0.01735	0.06220	0.13932	0.65496	0.01679	0.00770	0.00223	0.00332	0.01415	0.00600	0.00543
115	0.81856	0.01250	0.00950	0.00850	0.01250	0.01449	0.00700	0.01899	0.01100	0.02899	0.00900	0.01050	0.00700	0.00600	0.00400	0.00200	0.00500	0.00350	0.00400	0.00700
116	0.81856	0.01250	0.00950	0.00850	0.01250	0.01449	0.00700	0.01899	0.01100	0.02899	0.00900	0.01050	0.00700	0.00600	0.00400	0.00200	0.00500	0.00350	0.00400	0.00700
117	0.01518	0.01791	0.05940	0.02697	0.03359	0.01630	0.68837	0.02069	0.01520	0.02069	0.01303	0.01731	0.00975	0.00547	0.00758	0.00217	0.01085	0.00754	0.00325	0.00874
118	0.00764	0.00655	0.00655	0.00655	0.00873	0.00545	0.00491	0.00927	0.01473	0.01745	0.06546	0.06218	0.73000	0.01636	0.00764	0.00218	0.00327	0.01364	0.00600	0.00545
119	0.02456	0.01810	0.01939	0.01487	0.02004	0.02004	0.01228	0.71107	0.03038	0.04072	0.01551	0.01551	0.01099	0.00776	0.00646	0.00194	0.00711	0.00582	0.00646	0.01099
120	0.00913	0.00629	0.00713	0.00715	0.00751	0.00612	0.00426	0.00957	0.01072	0.01417	0.07645	0.07467	0.10257	0.60677	0.02737	0.00538	0.00561	0.01038	0.00445	0.00429
121	0.01727	0.77681	0.03386	0.01106	0.01658	0.02557	0.01106	0.01935	0.01313	0.01520	0.00898	0.01036	0.00829	0.00553	0.00415	0.00138	0.00691	0.00345	0.00276	0.00829
122	0.01013	0.00683	0.00876	0.00819	0.00996	0.00620	0.00617	0.01294	0.01774	0.06712	0.59569	0.07174	0.12708	0.01346	0.00758	0.00207	0.00324	0.01180	0.00701	0.00629
123	0.00938	0.00632	0.00733	0.00733	0.00743	0.00642	0.00427	0.00958	0.00948	0.01274	0.02010	0.04084	0.02287	0.71119	0.09377	0.00662	0.00721	0.00919	0.00388	0.00407
124	0.01340	0.01148	0.01340	0.00957	0.01531	0.00861	0.00766	0.01627	0.01340	0.02105	0.01148	0.01340	0.00957	0.00479	0.00479	0.00096	0.00479	0.00383	0.00383	0.81242
125	0.01626	0.01726	0.01682	0.01826	0.15208	0.22199	0.01202	0.02097	0.12518	0.01956	0.08344	0.02512	0.10769	0.02665	0.00907	0.00215	0.10600	0.00714	0.00443	0.00792
126	0.81856	0.01250	0.00950	0.00850	0.01250	0.01449	0.00700	0.01899	0.01100	0.02899	0.00900	0.01050	0.00700	0.00600	0.00400	0.00200	0.00500	0.00350	0.00400	0.00700
127	0.01122	0.00561	0.00842	0.00842	0.00842	0.00561	0.00561	0.00842	0.00842	0.01122	0.01122	0.01964	0.01122	0.02245	0.02525	0.81201	0.00561	0.00561	0.00281	0.00281
128	0.01727	0.77681	0.03386	0.01106	0.01658	0.02557	0.01106	0.01935	0.01313	0.01520	0.00898	0.01036	0.00829	0.00553	0.00415	0.00138	0.00691	0.00345	0.00276	0.00829
129	0.01599	0.01535	0.02623	0.03966	0.73262	0.01535	0.01983	0.01983	0.01471	0.02111	0.01215	0.01599	0.01023	0.00576	0.00640	0.00192	0.00768	0.00576	0.00320	0.01023
130	0.01679	0.01424	0.01502	0.01330	0.01708	0.01641	0.01040	0.09200	0.66210	0.02820	0.02538	0.02337	0.01898	0.00868	0.00657	0.00217	0.00528	0.00718	0.00657	0.01029
131	0.00945	0.00705	0.01001	0.00991	0.01077	0.00812	0.00740	0.01122	0.01015	0.01449	0.01764	0.02862	0.01746	0.20374	0.56587	0.00921	0.04253	0.00741	0.00354	0.00542
132	0.01376	0.00727	0.00753	0.00700	0.00896	0.00739	0.00538	0.07756	0.01522	0.05079	0.02074	0.02325	0.01605	0.00756	0.00476	0.00156	0.00346	0.00602	0.70908	0.00664
133	0.00787	0.00562	0.00750	0.00900	0.00937	0.00525	0.00600	0.00900	0.01237	0.01649	0.03561	0.76871	0.04274	0.02024	0.00825	0.00262	0.00375	0.01837	0.00600	0.00525
134	0.01556	0.01606	0.02266	0.38603	0.12481	0.12227	0.11920	0.04839	0.04608	0.01908	0.01240	0.01651	0.00954	0.00640	0.00654	0.00205	0.00906	0.00586	0.00335	0.00813
135	0.01283	0.01219	0.01742	0.07838	0.01786	0.01651	0.01287	0.01460	0.01023	0.01540	0.01093	0.01773	0.01059	0.04935	0.16066	0.00437	0.52233	0.00606	0.00300	0.00670
136	0.00861	0.00639	0.00746	0.00775	0.00932	0.00562	0.00560	0.01034	0.01467	0.04019	0.16479	0.28772	0.37462	0.01685	0.00780	0.00229	0.00346	0.01463	0.00624	0.00566
137	0.01589	0.07737	0.31859	0.01714	0.02417	0.01495	0.14070	0.04998	0.07363	0.09166	0.03645	0.01688	0.01205	0.00654	0.00627	0.00193	0.00813	0.00574	0.00404	0.07787

[dist]
# distance from previous block
# <min> <max>
0	5

[block]
# block no. 3 follows, 34 sequences, length 48
# corresponding to MSA columns:
# 307-354
name=unknown_D
#
# <colnr> <probs for GDERKNQSTAVLIFYWHMCP>
#	G	D	E	R	K	N	Q	S	T	A	V	L	I	F	Y	W	H	M	C	P
0	0.25122	0.05988	0.01966	0.02044	0.21165	0.17092	0.04743	0.03945	0.01445	0.02217	0.01052	0.01302	0.00866	0.00630	0.00625	0.00188	0.04818	0.00465	0.00353	0.03973
1	0.00946	0.00639	0.00781	0.00785	0.00822	0.00666	0.00501	0.01021	0.00995	0.01387	0.02008	0.05712	0.02187	0.53566	0.20252	0.00689	0.00867	0.00886	0.04839	0.00451
2	0.01640	0.29129	0.18384	0.05095	0.24158	0.05426	0.01686	0.02029	0.01413	0.03864	0.01115	0.01348	0.00910	0.00589	0.00552	0.00175	0.00798	0.00466	0.00307	0.00916
3	0.01488	0.02780	0.53256	0.01888	0.06511	0.01474	0.05278	0.02279	0.08741	0.08044	0.01437	0.01572	0.01021	0.00651	0.00630	0.00206	0.00871	0.00537	0.00361	0.00974
4	0.00778	0.00655	0.00674	0.00669	0.00881	0.00551	0.00502	0.00954	0.01506	0.01824	0.12703	0.06089	0.66793	0.01607	0.00764	0.00217	0.00325	0.01346	0.00610	0.00551
5	0.01363	0.01339	0.01882	0.01628	0.01640	0.01858	0.01351	0.01513	0.00995	0.01549	0.00940	0.01530	0.00928	0.01516	0.09639	0.00361	0.68408	0.00579	0.00289	0.00693
6	0.00940	0.00626	0.00705	0.00705	0.00705	0.00626	0.00392	0.00940	0.00940	0.01253	0.02036	0.04228	0.02349	0.77292	0.03289	0.00626	0.00626	0.00940	0.00392	0.00392
7	0.00940	0.00626	0.00705	0.00705	0.00705	0.00626	0.00392	0.00940	0.00940	0.01253	0.02036	0.04228	0.02349	0.77292	0.03289	0.00626	0.00626	0.00940	0.00392	0.00392
8	0.81856	0.01250	0.00950	0.00850	0.01250	0.01449	0.00700	0.01899	0.01100	0.02899	0.00900	0.01050	0.00700	0.00600	0.00400	0.00200	0.00500	0.00350	0.00400	0.00700
9	0.01727	0.77681	0.03386	0.01106	0.01658	0.02557	0.01106	0.01935	0.01313	0.01520	0.00898	0.01036	0.00829	0.00553	0.00415	0.00138	0.00691	0.00345	0.00276	0.00829
10	0.01564	0.01522	0.02668	0.09417	0.62171	0.01536	0.07656	0.01964	0.01462	0.02072	0.01218	0.01621	0.01007	0.00579	0.00650	0.00196	0.00801	0.00591	0.00318	0.00987
11	0.01557	0.01320	0.01387	0.01253	0.01602	0.01516	0.00973	0.03243	0.65820	0.02655	0.02732	0.02538	0.04329	0.00895	0.00650	0.00215	0.00494	0.00745	0.05094	0.00984
12	0.01594	0.22271	0.20737	0.05095	0.08001	0.01679	0.04946	0.06568	0.03214	0.07086	0.03170	0.01736	0.01212	0.04992	0.04825	0.00255	0.00824	0.00549	0.00374	0.00873
13	0.01379	0.05995	0.26449	0.01620	0.08193	0.01235	0.05073	0.01817	0.01372	0.05104	0.01497	0.08027	0.01324	0.03185	0.00686	0.00190	0.00711	0.02122	0.00373	0.23648
14	0.81856	0.01250	0.00950	0.00850	0.01250	0.01449	0.00700	0.01899	0.01100	0.02899	0.00900	0.01050	0.00700	0.00600	0.00400	0.00200	0.00500	0.00350	0.00400	0.00700
15	0.81856	0.01250	0.00950	0.00850	0.01250	0.01449	0.00700	0.01899	0.01100	0.02899	0.00900	0.01050	0.00700	0.00600	0.00400	0.00200	0.00500	0.00350	0.00400	0.00700
16	0.02414	0.03079	0.01831	0.01665	0.01998	0.74698	0.01248	0.02580	0.01831	0.01581	0.00999	0.01165	0.00832	0.00666	0.00583	0.00166	0.01165	0.00416	0.00333	0.00749
17	0.01727	0.77681	0.03386	0.01106	0.01658	0.02557	0.01106	0.01935	0.01313	0.01520	0.00898	0.01036	0.00829	0.00553	0.00415	0.00138	0.00691	0.00345	0.00276	0.00829
18	0.01076	0.00906	0.01286	0.01200	0.01266	0.01145	0.00943	0.01251	0.01011	0.01487	0.01497	0.02399	0.01469	0.12526	0.43763	0.00756	0.24410	0.00683	0.00332	0.00594
19	0.01327	0.03121	0.64361	0.01837	0.02718	0.03821	0.06060	0.02026	0.01410	0.02058	0.04486	0.01539	0.01072	0.00644	0.00628	0.00204	0.00939	0.00523	0.00298	0.00928
20	0.00764	0.00655	0.00655	0.00655	0.00873	0.00545	0.00491	0.00927	0.01473	0.01745	0.06546	0.06218	0.73000	0.01636	0.00764	0.00218	0.00327	0.01364	0.00600	0.00545
21	0.00929	0.00670	0.00924	0.00924	0.00999	0.00745	0.00665	0.01080	0.01004	0.01415	0.01836	0.03119	0.01868	0.29748	0.50174	0.00897	0.01351	0.00777	0.00362	0.00513
22	0.01801	0.02387	0.18179	0.01645	0.02157	0.25902	0.08482	0.10741	0.07454	0.02188	0.04066	0.02079	0.06736	0.00796	0.00649	0.00196	0.00895	0.02372	0.00423	0.00849
23	0.01881	0.42455	0.02717	0.01327	0.01765	0.05465	0.01196	0.18859	0.01702	0.02155	0.01054	0.01234	0.00899	0.00714	0.00778	0.00178	0.13937	0.00445	0.00371	0.00870
24	0.01610	0.22317	0.07942	0.03589	0.03793	0.01613	0.04612	0.12223	0.01604	0.02214	0.01271	0.01438	0.02530	0.00591	0.00527	0.00146	0.00656	0.00462	0.00382	0.30480
25	0.01115	0.03964	0.01635	0.45166	0.06190	0.01185	0.01384	0.01430	0.01283	0.01665	0.01932	0.26319	0.01985	0.01091	0.00695	0.00227	0.00691	0.00979	0.00391	0.00672
26	0.01416	0.01189	0.01296	0.01183	0.01487	0.01336	0.00911	0.02827	0.53186	0.02639	0.19043	0.05637	0.03016	0.01021	0.00688	0.00217	0.00458	0.00872	0.00668	0.00909
27	0.00837	0.00695	0.00831	0.00777	0.00991	0.00604	0.03046	0.01057	0.01583	0.02015	0.26611	0.05634	0.50010	0.01501	0.00763	0.00214	0.00348	0.01283	0.00624	0.00577
28	0.74252	0.01303	0.01044	0.00911	0.01322	0.01503	0.00750	0.08528	0.01285	0.03011	0.00962	0.01098	0.00738	0.00617	0.00423	0.00199	0.00520	0.00372	0.00423	0.00738
29	0.01414	0.01414	0.01979	0.01696	0.01696	0.01979	0.01414	0.01555	0.00990	0.01555	0.00848	0.01414	0.00848	0.01131	0.02120	0.00283	0.76110	0.00565	0.00283	0.00707
30	0.01534	0.01345	0.02086	0.26891	0.25174	0.01511	0.03365	0.06971	0.07225	0.04498	0.01441	0.01907	0.01156	0.00732	0.00772	0.00212	0.06973	0.02679	0.02653	0.00875
31	0.00947	0.00699	0.00890	0.00835	0.01001	0.00661	0.00628	0.01330	0.05592	0.02573	0.67275	0.04736	0.07761	0.01306	0.00757	0.00204	0.00317	0.01151	0.00705	0.00630
32	0.01592	0.07675	0.04357	0.01227	0.01598	0.04081	0.01010	0.06116	0.39847	0.05768	0.09156	0.04905	0.04350	0.01018	0.02421	0.00226	0.00573	0.00759	0.02408	0.00911
33	0.15630	0.07037	0.01672	0.01244	0.01681	0.03971	0.01024	0.35964	0.11928	0.03257	0.01582	0.01622	0.01180	0.00738	0.00568	0.00189	0.00619	0.00543	0.08609	0.00941
34	0.01306	0.01108	0.01300	0.00948	0.01479	0.00849	0.00750	0.01578	0.01310	0.02044	0.01211	0.01517	0.01045	0.04194	0.03297	0.00154	0.00531	0.00420	0.00382	0.74577
35	0.01763	0.23621	0.20045	0.01889	0.13494	0.07244	0.01611	0.14393	0.01678	0.02207	0.01134	0.01331	0.00907	0.00655	0.00658	0.00184	0.05432	0.00476	0.00353	0.00926
36	0.01749	0.69873	0.03232	0.01165	0.01678	0.06401	0.01129	0.01950	0.01325	0.01525	0.00901	0.01062	0.00830	0.00588	0.00509	0.00147	0.04476	0.00360	0.00280	0.00819
37	0.01607	0.01388	0.01461	0.01315	0.01680	0.01607	0.01023	0.03433	0.72094	0.02703	0.02630	0.02411	0.01972	0.00877	0.00657	0.00219	0.00511	0.00731	0.00657	0.01023
38	0.01172	0.01202	0.06359	0.11976	0.21268	0.01087	0.06207	0.01505	0.01427	0.01914	0.06118	0.14405	0.15079	0.01129	0.00724	0.00222	0.00640	0.06368	0.00447	0.00751
39	0.01567	0.03913	0.17659	0.23406	0.21063	0.10346	0.03564	0.02008	0.01455	0.05002	0.01273	0.01707	0.01005	0.00657	0.00634	0.00201	0.00875	0.02466	0.00330	0.00871
40	0.01308	0.01418	0.02875	0.02166	0.04298	0.01316	0.48914	0.01736	0.01497	0.01972	0.02673	0.06557	0.18404	0.00881	0.00763	0.00220	0.00864	0.00956	0.00406	0.00780
41	0.00812	0.00581	0.00776	0.00908	0.00962	0.00544	0.00625	0.00952	0.01303	0.01747	0.09617	0.66723	0.04402	0.01950	0.00823	0.00259	0.00381	0.05489	0.00609	0.00536
42	0.01777	0.04190	0.10572	0.02220	0.22896	0.10403	0.04956	0.10460	0.12443	0.05150	0.01638	0.01785	0.02550	0.00698	0.00624	0.00193	0.00762	0.00591	0.05145	0.00947
43	0.01329	0.09482	0.28097	0.01947	0.16977	0.03310	0.03372	0.01821	0.03164	0.02036	0.10530	0.04743	0.08822	0.00839	0.00643	0.00198	0.00728	0.00713	0.00392	0.00855
44	0.00850	0.00596	0.00755	0.00864	0.00940	0.00558	0.00605	0.00999	0.01297	0.01757	0.05981	0.52687	0.10781	0.05124	0.00900	0.00266	0.00391	0.07166	0.06948	0.00536
