[name]
unknown

[dist]
# distance from previous block
# <min> <max>
20	966

[block]
# block no. 0 follows, 36 sequences, length 21
# corresponding to MSA columns:
# 1390-1410
name=unknown_A
#
# <colnr> <probs for GDERKNQSTAVLIFYWHMCP>
#	G	D	E	R	K	N	Q	S	T	A	V	L	I	F	Y	W	H	M	C	P
0	0.09224	0.01542	0.17112	0.02748	0.01667	0.02535	0.01118	0.09236	0.07918	0.08237	0.08871	0.06794	0.13697	0.00938	0.00622	0.00195	0.00571	0.00764	0.00503	0.05709
1	0.01511	0.01239	0.04886	0.01165	0.03811	0.06538	0.00913	0.12130	0.04313	0.10687	0.11782	0.12390	0.10203	0.04339	0.00770	0.00212	0.00546	0.03861	0.00552	0.08153
2	0.03508	0.05620	0.01387	0.04380	0.01537	0.01012	0.02299	0.06562	0.04216	0.15399	0.04480	0.19133	0.02105	0.01004	0.00624	0.00185	0.00510	0.04855	0.00529	0.20655
3	0.01380	0.04242	0.09131	0.17934	0.05573	0.01339	0.13818	0.08896	0.03158	0.03801	0.01861	0.08089	0.05751	0.00853	0.00696	0.00206	0.02755	0.05146	0.00404	0.04968
4	0.01495	0.13861	0.15222	0.01355	0.01834	0.07081	0.09245	0.07391	0.03878	0.04072	0.06472	0.01993	0.05430	0.00832	0.02591	0.00198	0.02141	0.00597	0.09781	0.04531
5	0.07007	0.04713	0.01754	0.01548	0.05823	0.37019	0.01152	0.21594	0.03496	0.02343	0.01213	0.01359	0.00958	0.00814	0.03311	0.00202	0.00902	0.00471	0.03498	0.00824
6	0.09493	0.04129	0.01689	0.19346	0.12433	0.01354	0.01241	0.07618	0.06346	0.11099	0.04854	0.02096	0.05651	0.00776	0.00688	0.00198	0.05238	0.01819	0.00449	0.03484
7	0.01430	0.01485	0.03500	0.13690	0.29641	0.09974	0.05123	0.01735	0.01327	0.01759	0.01340	0.08488	0.01241	0.01058	0.06119	0.00262	0.10049	0.00662	0.00327	0.00792
8	0.05789	0.00690	0.00899	0.05565	0.05440	0.00699	0.00675	0.01043	0.01119	0.01579	0.02578	0.42622	0.02990	0.23758	0.01438	0.00344	0.00490	0.01288	0.00474	0.00519
9	0.03356	0.03908	0.02249	0.21529	0.09039	0.04181	0.16273	0.03547	0.01388	0.12271	0.01302	0.01639	0.00990	0.00808	0.03054	0.00232	0.12465	0.00587	0.00371	0.00809
10	0.10734	0.05784	0.07039	0.05831	0.04207	0.05199	0.01116	0.13362	0.14192	0.16723	0.01787	0.05501	0.01391	0.03586	0.00683	0.00209	0.00629	0.00618	0.00524	0.00886
11	0.04065	0.00857	0.01111	0.01029	0.01236	0.00862	0.04945	0.03941	0.12360	0.05202	0.19738	0.24220	0.07955	0.05431	0.00851	0.00241	0.00449	0.04255	0.00588	0.00664
12	0.00933	0.00690	0.00823	0.00861	0.00968	0.00679	0.00595	0.05354	0.05644	0.01807	0.08229	0.42962	0.12407	0.13691	0.01137	0.00292	0.00417	0.01396	0.00560	0.00556
13	0.01524	0.33019	0.22999	0.13634	0.02379	0.06006	0.01530	0.04533	0.05654	0.01791	0.01105	0.01301	0.00877	0.00597	0.00522	0.00172	0.00781	0.00439	0.00305	0.00833
14	0.01346	0.01485	0.06314	0.46603	0.09239	0.10064	0.03559	0.01727	0.01346	0.01704	0.05461	0.01732	0.01144	0.00680	0.00703	0.00203	0.05082	0.00569	0.00309	0.00731
15	0.01021	0.00698	0.00874	0.00883	0.01038	0.00666	0.00653	0.01358	0.07845	0.07094	0.25556	0.31409	0.11815	0.01507	0.00747	0.00225	0.00370	0.04992	0.00630	0.00619
16	0.01092	0.03003	0.01242	0.02691	0.03155	0.02959	0.07361	0.04515	0.01163	0.01538	0.01987	0.09909	0.03962	0.39789	0.12509	0.00516	0.00795	0.00883	0.00392	0.00538
17	0.03698	0.01646	0.07027	0.12934	0.10682	0.05579	0.38362	0.01913	0.01404	0.03788	0.01267	0.01747	0.01003	0.05193	0.00822	0.00226	0.00927	0.00652	0.00324	0.00807
18	0.01441	0.12182	0.52733	0.01562	0.02327	0.01520	0.01883	0.06202	0.01411	0.06352	0.01241	0.01501	0.00940	0.05234	0.00726	0.00213	0.00833	0.00487	0.00323	0.00890
19	0.00923	0.00647	0.00807	0.00810	0.00966	0.00589	0.00612	0.01144	0.01535	0.05115	0.33814	0.16012	0.22030	0.03527	0.00819	0.00229	0.00359	0.08864	0.00626	0.00573
20	0.01377	0.10790	0.39251	0.10801	0.04343	0.04253	0.10177	0.04218	0.01415	0.01951	0.04834	0.01541	0.01088	0.00622	0.00599	0.00191	0.00861	0.00528	0.00308	0.00852

[dist]
# distance from previous block
# <min> <max>
7	25

[block]
# block no. 1 follows, 36 sequences, length 53
# corresponding to MSA columns:
# 1436-1488
name=unknown_B
#
# <colnr> <probs for GDERKNQSTAVLIFYWHMCP>
#	G	D	E	R	K	N	Q	S	T	A	V	L	I	F	Y	W	H	M	C	P
0	0.10360	0.00728	0.00777	0.00769	0.00972	0.00694	0.00580	0.01214	0.04519	0.03555	0.17759	0.15477	0.35656	0.01414	0.00701	0.00214	0.00357	0.03087	0.00583	0.00585
1	0.01680	0.24199	0.16252	0.01436	0.06493	0.01692	0.01304	0.05390	0.19075	0.10898	0.01778	0.01774	0.04032	0.00702	0.00559	0.00181	0.00648	0.00547	0.00448	0.00913
2	0.04924	0.01097	0.01391	0.02771	0.04315	0.01011	0.02231	0.08052	0.02974	0.21961	0.08278	0.03919	0.05926	0.00808	0.00628	0.00171	0.02183	0.02624	0.00549	0.24188
3	0.17035	0.01669	0.05095	0.01313	0.01781	0.03282	0.01115	0.44202	0.11236	0.03365	0.01518	0.01609	0.01128	0.00739	0.00583	0.00193	0.00642	0.01982	0.00556	0.00955
4	0.01598	0.66276	0.14876	0.01181	0.01777	0.02300	0.01266	0.01883	0.01274	0.01548	0.00907	0.01051	0.00798	0.00543	0.00431	0.00144	0.00708	0.00354	0.00266	0.00819
5	0.00826	0.00577	0.00697	0.00765	0.00796	0.00553	0.00478	0.00887	0.01074	0.01419	0.02937	0.38857	0.07771	0.37312	0.01895	0.00413	0.00471	0.01340	0.00485	0.00448
6	0.01564	0.47393	0.28105	0.01348	0.02002	0.06836	0.01505	0.01943	0.01315	0.01646	0.00960	0.01118	0.00796	0.00561	0.00477	0.00157	0.00784	0.00382	0.00269	0.00837
7	0.01161	0.00581	0.00581	0.00581	0.00726	0.00581	0.00436	0.01452	0.01307	0.02323	0.02033	0.02323	0.01597	0.00726	0.00436	0.00145	0.00290	0.00581	0.81562	0.00581
8	0.00824	0.00635	0.00752	0.00723	0.00895	0.00563	0.00542	0.01063	0.01626	0.02172	0.46861	0.05191	0.33110	0.01395	0.00735	0.00202	0.00303	0.01202	0.00643	0.00563
9	0.00763	0.00545	0.00726	0.00865	0.00905	0.00509	0.00579	0.00877	0.01211	0.01619	0.05616	0.75435	0.04175	0.01931	0.00793	0.00251	0.00359	0.01751	0.00582	0.00509
10	0.01161	0.00581	0.00581	0.00581	0.00726	0.00581	0.00436	0.01452	0.01307	0.02323	0.02033	0.02323	0.01597	0.00726	0.00436	0.00145	0.00290	0.00581	0.81562	0.00581
11	0.01460	0.00900	0.00933	0.00825	0.01066	0.00959	0.00646	0.17207	0.07567	0.02700	0.01955	0.02140	0.01503	0.00741	0.00493	0.00160	0.00394	0.00587	0.57042	0.00720
12	0.01365	0.01335	0.01965	0.61288	0.03884	0.07534	0.05728	0.06247	0.01410	0.01761	0.01130	0.01607	0.00850	0.00627	0.00624	0.00203	0.00858	0.00552	0.00305	0.00727
13	0.01404	0.01077	0.01163	0.01068	0.01336	0.01194	0.00819	0.09588	0.37408	0.02526	0.06087	0.14089	0.02304	0.01007	0.00625	0.00202	0.00444	0.00854	0.15984	0.00822
14	0.00786	0.00568	0.00755	0.00862	0.00915	0.00552	0.00588	0.00906	0.01158	0.01549	0.03225	0.58744	0.06985	0.07446	0.11450	0.00380	0.00559	0.01536	0.00531	0.00505
15	0.01041	0.00624	0.00855	0.00861	0.00912	0.00640	0.00593	0.01072	0.06887	0.01400	0.06319	0.12998	0.01977	0.05768	0.06633	0.49269	0.00570	0.00792	0.00380	0.00407
16	0.01608	0.21154	0.02604	0.14917	0.29302	0.07837	0.07108	0.05005	0.01450	0.01855	0.01088	0.01398	0.00898	0.00574	0.00568	0.00176	0.00790	0.00500	0.00308	0.00860
17	0.01292	0.01107	0.01292	0.00923	0.01477	0.00831	0.00738	0.01569	0.01292	0.02030	0.01107	0.01292	0.00923	0.00461	0.00461	0.00092	0.00461	0.00369	0.00369	0.81912
18	0.00861	0.00636	0.00804	0.00762	0.00918	0.00579	0.00571	0.01135	0.01714	0.02381	0.64142	0.04848	0.15698	0.01318	0.00735	0.00198	0.00297	0.01154	0.00670	0.00579
19	0.01479	0.01217	0.01323	0.01173	0.01492	0.01366	0.00914	0.09944	0.49239	0.02718	0.19019	0.02780	0.02739	0.00935	0.00656	0.00205	0.00467	0.00788	0.00645	0.00901
20	0.01550	0.01338	0.01409	0.01268	0.01620	0.01550	0.00986	0.03311	0.73091	0.02606	0.02536	0.02325	0.01902	0.00845	0.00634	0.00211	0.00493	0.00704	0.00634	0.00986
21	0.04672	0.04598	0.01404	0.00964	0.01501	0.00977	0.00786	0.04446	0.01396	0.09804	0.01245	0.01364	0.00979	0.00513	0.00479	0.00112	0.00487	0.00401	0.00418	0.63452
22	0.01161	0.00581	0.00581	0.00581	0.00726	0.00581	0.00436	0.01452	0.01307	0.02323	0.02033	0.02323	0.01597	0.00726	0.00436	0.00145	0.00290	0.00581	0.81562	0.00581
23	0.82504	0.01205	0.00916	0.00819	0.01205	0.01398	0.00675	0.01832	0.01060	0.02795	0.00868	0.01012	0.00675	0.00578	0.00386	0.00193	0.00482	0.00337	0.00386	0.00675
24	0.01363	0.01363	0.01908	0.01636	0.01636	0.01908	0.01363	0.01499	0.00954	0.01499	0.00818	0.01363	0.00818	0.01091	0.02045	0.00273	0.76963	0.00545	0.00273	0.00682
25	0.01561	0.01334	0.01412	0.01270	0.01621	0.01538	0.00993	0.05487	0.68766	0.02628	0.02524	0.02432	0.01923	0.00867	0.00640	0.00213	0.00502	0.02681	0.00632	0.00977
26	0.00893	0.00656	0.00940	0.00940	0.01030	0.00746	0.00703	0.01073	0.00983	0.01401	0.01725	0.02757	0.01692	0.18607	0.61884	0.00926	0.01467	0.00713	0.00342	0.00522
27	0.01161	0.00581	0.00581	0.00581	0.00726	0.00581	0.00436	0.01452	0.01307	0.02323	0.02033	0.02323	0.01597	0.00726	0.00436	0.00145	0.00290	0.00581	0.81562	0.00581
28	0.01122	0.00822	0.01248	0.24415	0.05479	0.00911	0.01011	0.03249	0.03138	0.01570	0.03938	0.15028	0.01715	0.01437	0.01304	0.29559	0.00598	0.00784	0.02140	0.00535
29	0.11868	0.05399	0.01159	0.01006	0.01249	0.01033	0.00828	0.04362	0.12065	0.02365	0.26429	0.04184	0.03469	0.01185	0.00687	0.00220	0.00465	0.20763	0.00580	0.00684
30	0.01161	0.00581	0.00581	0.00581	0.00726	0.00581	0.00436	0.01452	0.01307	0.02323	0.02033	0.02323	0.01597	0.00726	0.00436	0.00145	0.00290	0.00581	0.81562	0.00581
31	0.00765	0.00556	0.00723	0.00843	0.00900	0.00513	0.00570	0.00890	0.01248	0.01657	0.08223	0.67082	0.09977	0.01877	0.00787	0.00246	0.00353	0.01692	0.00585	0.00513
32	0.01626	0.47454	0.18492	0.01250	0.01840	0.02033	0.01316	0.02147	0.10767	0.05974	0.01233	0.01308	0.00986	0.00601	0.00486	0.00161	0.00691	0.00427	0.00343	0.00866
33	0.01177	0.01107	0.01869	0.76606	0.04291	0.01384	0.01730	0.01592	0.01246	0.01592	0.01107	0.01661	0.00831	0.00623	0.00623	0.00208	0.00831	0.00554	0.00277	0.00692
34	0.01404	0.00877	0.00945	0.00828	0.01060	0.00913	0.00648	0.18726	0.01791	0.02749	0.15536	0.02563	0.02278	0.00835	0.00538	0.00165	0.00388	0.00679	0.46375	0.00699
35	0.00839	0.00600	0.00813	0.00946	0.01020	0.00574	0.00705	0.01011	0.01298	0.01725	0.07483	0.52459	0.04064	0.01844	0.00811	0.00260	0.00421	0.22013	0.00583	0.00531
36	0.01602	0.72080	0.03079	0.01061	0.01559	0.02327	0.01042	0.01804	0.01244	0.01464	0.00932	0.01119	0.00862	0.00873	0.06586	0.00205	0.00749	0.00361	0.00272	0.00780
37	0.00980	0.00800	0.01173	0.01122	0.01212	0.00993	0.00890	0.01186	0.00992	0.01456	0.01507	0.02242	0.01417	0.03993	0.61670	0.00863	0.15957	0.00644	0.00322	0.00580
38	0.13801	0.01751	0.01741	0.04922	0.07854	0.11525	0.01184	0.39150	0.07031	0.03095	0.01360	0.01443	0.01010	0.00694	0.00581	0.00187	0.00712	0.00516	0.00508	0.00932
39	0.01672	0.01245	0.01446	0.01357	0.07451	0.01311	0.00974	0.31587	0.07764	0.04664	0.02282	0.16466	0.06492	0.04165	0.00752	0.00214	0.00554	0.00858	0.04147	0.04599
40	0.02262	0.01480	0.01740	0.01641	0.12361	0.07029	0.01159	0.26531	0.02076	0.27178	0.03200	0.01784	0.01307	0.00887	0.03784	0.00218	0.00701	0.00580	0.00585	0.03496
41	0.01161	0.00581	0.00581	0.00581	0.00726	0.00581	0.00436	0.01452	0.01307	0.02323	0.02033	0.02323	0.01597	0.00726	0.00436	0.00145	0.00290	0.00581	0.81562	0.00581
42	0.01513	0.01101	0.01315	0.00950	0.01493	0.00843	0.00764	0.01784	0.01364	0.12693	0.01306	0.01414	0.01014	0.00507	0.00486	0.00107	0.00472	0.00407	0.00428	0.70040
43	0.00759	0.00542	0.00723	0.00868	0.00904	0.00506	0.00578	0.00868	0.01193	0.01591	0.03434	0.77697	0.04121	0.01952	0.00795	0.00253	0.00361	0.01771	0.00578	0.00506
44	0.01161	0.00581	0.00581	0.00581	0.00726	0.00581	0.00436	0.01452	0.01307	0.02323	0.02033	0.02323	0.01597	0.00726	0.00436	0.00145	0.00290	0.00581	0.81562	0.00581
45	0.00956	0.00693	0.00964	0.01096	0.02861	0.00678	0.00880	0.01220	0.01464	0.01954	0.17312	0.16805	0.04060	0.01639	0.00820	0.00261	0.00491	0.44678	0.00591	0.00576
46	0.08705	0.01281	0.01515	0.06166	0.04566	0.01366	0.01048	0.12240	0.26677	0.26578	0.02088	0.01964	0.01464	0.00760	0.00608	0.00199	0.00562	0.00614	0.00622	0.00976
47	0.01827	0.01451	0.01558	0.01180	0.01691	0.04179	0.00956	0.30867	0.05217	0.04727	0.01362	0.01438	0.01035	0.00612	0.00544	0.00142	0.00583	0.00471	0.00495	0.39665
48	0.00759	0.00542	0.00723	0.00868	0.00904	0.00506	0.00578	0.00868	0.01193	0.01591	0.03434	0.77697	0.04121	0.01952	0.00795	0.00253	0.00361	0.01771	0.00578	0.00506
49	0.01976	0.01570	0.07451	0.01218	0.01633	0.12192	0.01041	0.17160	0.04270	0.22229	0.14414	0.02521	0.07806	0.00885	0.00641	0.00190	0.00625	0.00708	0.00597	0.00873
50	0.01490	0.32263	0.20883	0.01335	0.01895	0.10203	0.04688	0.01837	0.01372	0.01720	0.04582	0.05179	0.04048	0.00698	0.00534	0.00166	0.00745	0.00537	0.00326	0.05498
51	0.01113	0.00992	0.01384	0.04660	0.04953	0.05250	0.07746	0.01322	0.01135	0.01541	0.01665	0.08147	0.01666	0.18469	0.28241	0.00571	0.03969	0.00757	0.00355	0.06065
52	0.01255	0.20673	0.01560	0.01014	0.01246	0.07745	0.00815	0.04697	0.01402	0.01759	0.10739	0.24406	0.02755	0.07307	0.04008	0.00266	0.00605	0.06649	0.00465	0.00633

[dist]
# distance from previous block
# <min> <max>
0	34

[block]
# block no. 2 follows, 36 sequences, length 18
# corresponding to MSA columns:
# 1523-1540
name=unknown_C
#
# <colnr> <probs for GDERKNQSTAVLIFYWHMCP>
#	G	D	E	R	K	N	Q	S	T	A	V	L	I	F	Y	W	H	M	C	P
0	0.02003	0.01464	0.01615	0.01291	0.01702	0.03886	0.01047	0.40941	0.04785	0.09430	0.01640	0.05000	0.01289	0.01203	0.08592	0.00270	0.03744	0.00612	0.00556	0.08931
1	0.01627	0.03888	0.14401	0.03458	0.14176	0.01593	0.14410	0.16763	0.10636	0.02440	0.01390	0.01582	0.01057	0.00647	0.00677	0.00192	0.03711	0.00573	0.00410	0.06370
2	0.01374	0.01281	0.02017	0.37110	0.28418	0.01449	0.01657	0.02021	0.14535	0.01935	0.01393	0.01741	0.01083	0.00640	0.00623	0.00200	0.00737	0.00582	0.00354	0.00850
3	0.20768	0.01417	0.01753	0.01524	0.07160	0.03099	0.09921	0.14943	0.11780	0.06984	0.03177	0.01608	0.01186	0.00680	0.00631	0.00190	0.03950	0.00546	0.00472	0.08210
4	0.08102	0.08495	0.01194	0.00893	0.01143	0.00998	0.00719	0.09442	0.01758	0.02520	0.46020	0.03774	0.08033	0.01113	0.00663	0.00192	0.00402	0.03269	0.00602	0.00667
5	0.01599	0.01363	0.01436	0.01278	0.01639	0.01573	0.00998	0.07415	0.68908	0.02685	0.02474	0.02275	0.01852	0.00840	0.00633	0.00210	0.00505	0.00696	0.00633	0.00991
6	0.01231	0.11266	0.24156	0.10064	0.11848	0.01326	0.02919	0.03045	0.01393	0.01906	0.09021	0.09625	0.07920	0.00871	0.00625	0.00195	0.00683	0.00744	0.00380	0.00782
7	0.00900	0.00603	0.00710	0.00709	0.00741	0.00590	0.00432	0.00936	0.01058	0.01423	0.12498	0.07303	0.05944	0.55324	0.02561	0.05920	0.00532	0.00969	0.00432	0.00413
8	0.00782	0.00598	0.00718	0.00762	0.00888	0.00534	0.00543	0.00955	0.01418	0.01852	0.22211	0.33646	0.29551	0.01647	0.00759	0.00223	0.00328	0.01446	0.00606	0.00534
9	0.01483	0.11188	0.43957	0.08098	0.02628	0.01642	0.06872	0.13036	0.01570	0.02194	0.01159	0.01364	0.00848	0.00608	0.00588	0.00190	0.00856	0.00489	0.00325	0.00904
10	0.01670	0.01312	0.04871	0.11677	0.10344	0.01260	0.14620	0.08881	0.01652	0.16947	0.12703	0.04749	0.01922	0.00801	0.00720	0.00202	0.03593	0.00729	0.00495	0.00851
11	0.02310	0.00988	0.01298	0.01052	0.01450	0.00880	0.00858	0.05182	0.01709	0.54155	0.02844	0.03015	0.08887	0.05542	0.00809	0.00227	0.00523	0.06640	0.00706	0.00925
12	0.00817	0.00595	0.00783	0.00912	0.00993	0.00560	0.00673	0.00975	0.01277	0.01668	0.03705	0.52628	0.11365	0.01855	0.00805	0.00257	0.00409	0.18621	0.00577	0.00525
13	0.01647	0.01296	0.02137	0.13091	0.25464	0.01317	0.11673	0.08840	0.01592	0.12049	0.04696	0.02194	0.01443	0.00788	0.00732	0.03456	0.00725	0.05563	0.00433	0.00865
14	0.01307	0.01052	0.01356	0.16472	0.01957	0.01149	0.02944	0.14537	0.10313	0.02163	0.02621	0.08115	0.11487	0.10307	0.00993	0.00267	0.00606	0.11144	0.00500	0.00711
15	0.06469	0.00737	0.00867	0.00830	0.00997	0.00724	0.00605	0.04299	0.01383	0.07649	0.16536	0.16089	0.15493	0.15618	0.08601	0.00361	0.00550	0.01064	0.00542	0.00586
16	0.16163	0.00820	0.00897	0.00856	0.01089	0.00806	0.00647	0.03703	0.02994	0.12016	0.09193	0.26181	0.19655	0.01330	0.00669	0.00216	0.00404	0.01127	0.00581	0.00653
17	0.01380	0.01057	0.01260	0.00925	0.01432	0.00814	0.00739	0.01656	0.01381	0.08283	0.08403	0.01695	0.01465	0.00568	0.00503	0.00111	0.00451	0.00466	0.00435	0.66978

[dist]
# distance from previous block
# <min> <max>
5	51

[block]
# block no. 3 follows, 36 sequences, length 49
# corresponding to MSA columns:
# 1592-1640
name=unknown_D
#
# <colnr> <probs for GDERKNQSTAVLIFYWHMCP>
#	G	D	E	R	K	N	Q	S	T	A	V	L	I	F	Y	W	H	M	C	P
0	0.10781	0.14278	0.03275	0.15446	0.06624	0.04716	0.05912	0.01748	0.05250	0.01827	0.02925	0.03405	0.02782	0.00862	0.00834	0.04386	0.09055	0.04824	0.00352	0.00719
1	0.10129	0.02287	0.34142	0.01445	0.02096	0.05939	0.01554	0.17631	0.01712	0.07331	0.01520	0.01603	0.04606	0.00684	0.00579	0.00188	0.00755	0.00516	0.00415	0.04868
2	0.05727	0.08456	0.13674	0.01233	0.01784	0.04995	0.02581	0.15065	0.03984	0.02362	0.01277	0.03100	0.01026	0.00615	0.00527	0.00151	0.00635	0.00475	0.03240	0.29091
3	0.01518	0.14759	0.12502	0.07460	0.02176	0.01522	0.13133	0.10657	0.06524	0.05503	0.11281	0.01982	0.01696	0.00877	0.03707	0.00219	0.00750	0.00627	0.00430	0.02676
4	0.00815	0.00633	0.00744	0.00736	0.00906	0.00562	0.00556	0.01037	0.01562	0.02050	0.36061	0.09086	0.36707	0.01469	0.00745	0.00210	0.00321	0.04618	0.00626	0.00555
5	0.01616	0.01126	0.01345	0.00979	0.01517	0.00894	0.00790	0.04880	0.01453	0.15523	0.01374	0.01454	0.01043	0.00531	0.00499	0.00115	0.00484	0.00425	0.00454	0.63496
6	0.00846	0.00635	0.00783	0.00746	0.00909	0.00573	0.00560	0.01106	0.01679	0.02297	0.57157	0.04986	0.22736	0.01349	0.00735	0.00200	0.00299	0.01173	0.00659	0.00573
7	0.00904	0.00607	0.00693	0.00689	0.00702	0.00603	0.00396	0.00930	0.00981	0.01321	0.08281	0.04128	0.02583	0.71354	0.02957	0.00568	0.00577	0.00925	0.00405	0.00396
8	0.00878	0.00696	0.00796	0.00761	0.00953	0.00646	0.00573	0.01242	0.07881	0.02156	0.38466	0.05028	0.34903	0.01367	0.00727	0.00204	0.00321	0.01171	0.00635	0.00596
9	0.01161	0.00581	0.00581	0.00581	0.00726	0.00581	0.00436	0.01452	0.01307	0.02323	0.02033	0.02323	0.01597	0.00726	0.00436	0.00145	0.00290	0.00581	0.81562	0.00581
10	0.01492	0.01279	0.01373	0.01245	0.01576	0.01482	0.00968	0.03118	0.66758	0.02504	0.02460	0.02335	0.01872	0.01182	0.07222	0.00281	0.00596	0.00701	0.00608	0.00948
11	0.01696	0.01427	0.01381	0.01229	0.01563	0.11083	0.00953	0.02881	0.46188	0.10299	0.12082	0.02463	0.02262	0.00869	0.00637	0.00201	0.00553	0.00714	0.00615	0.00905
12	0.06812	0.01101	0.01430	0.01111	0.01582	0.00999	0.00915	0.05093	0.04854	0.65708	0.02351	0.02054	0.01499	0.00764	0.00614	0.00193	0.00531	0.00613	0.00741	0.01037
13	0.00903	0.00616	0.00741	0.00741	0.00762	0.00637	0.00454	0.00945	0.00924	0.01253	0.01907	0.03767	0.02131	0.64130	0.16960	0.00680	0.00807	0.00861	0.00369	0.00412
14	0.01292	0.01107	0.01292	0.00923	0.01477	0.00831	0.00738	0.01569	0.01292	0.02030	0.01107	0.01292	0.00923	0.00461	0.00461	0.00092	0.00461	0.00369	0.00369	0.81912
15	0.25458	0.01275	0.01250	0.01064	0.01409	0.02964	0.00855	0.21497	0.11817	0.04470	0.01531	0.01650	0.01169	0.00906	0.03458	0.02708	0.02192	0.00520	0.13004	0.00804
16	0.00879	0.00643	0.00830	0.00802	0.00954	0.00594	0.00614	0.01160	0.01704	0.02369	0.61591	0.04984	0.11820	0.01341	0.00746	0.00205	0.00320	0.07196	0.00666	0.00581
17	0.01797	0.01147	0.01400	0.01040	0.01546	0.00973	0.00845	0.06720	0.01528	0.22879	0.01507	0.01545	0.01105	0.00595	0.00585	0.00135	0.03653	0.00463	0.00497	0.50041
18	0.01161	0.00581	0.00581	0.00581	0.00726	0.00581	0.00436	0.01452	0.01307	0.02323	0.02033	0.02323	0.01597	0.00726	0.00436	0.00145	0.00290	0.00581	0.81562	0.00581
19	0.01292	0.01107	0.01292	0.00923	0.01477	0.00831	0.00738	0.01569	0.01292	0.02030	0.01107	0.01292	0.00923	0.00461	0.00461	0.00092	0.00461	0.00369	0.00369	0.81912
20	0.00759	0.00542	0.00723	0.00868	0.00904	0.00506	0.00578	0.00868	0.01193	0.01591	0.03434	0.77697	0.04121	0.01952	0.00795	0.00253	0.00361	0.01771	0.00578	0.00506
21	0.00902	0.00620	0.00760	0.00760	0.00787	0.00647	0.00477	0.00957	0.00930	0.01267	0.01890	0.03672	0.02089	0.59857	0.21177	0.00703	0.00869	0.00847	0.00367	0.00422
22	0.00868	0.00643	0.00814	0.00790	0.00947	0.00589	0.00605	0.01138	0.01677	0.02305	0.56288	0.05089	0.17162	0.01364	0.00746	0.00206	0.00322	0.07211	0.00658	0.00576
23	0.00921	0.00643	0.00877	0.00877	0.00964	0.00715	0.00642	0.01094	0.01008	0.01473	0.01780	0.02850	0.01742	0.22974	0.49670	0.00815	0.01260	0.00720	0.08462	0.00513
24	0.01383	0.10203	0.61789	0.01695	0.02527	0.08056	0.02091	0.02008	0.01350	0.01887	0.01081	0.01269	0.00791	0.00591	0.00571	0.00188	0.00915	0.00443	0.00268	0.00892
25	0.01297	0.01124	0.01360	0.00971	0.01527	0.00852	0.02763	0.01581	0.01297	0.02029	0.01112	0.01303	0.00923	0.00463	0.00469	0.00096	0.00478	0.00380	0.00368	0.79607
26	0.01195	0.01126	0.01902	0.72915	0.07837	0.01389	0.01740	0.01608	0.01255	0.01614	0.01111	0.01655	0.00838	0.00619	0.00623	0.00206	0.00826	0.00554	0.00278	0.00707
27	0.00890	0.00668	0.01001	0.01001	0.01113	0.00779	0.00779	0.01113	0.01001	0.01446	0.01669	0.02448	0.01558	0.04673	0.75634	0.01001	0.01669	0.00668	0.00334	0.00556
28	0.01177	0.01066	0.01791	0.68244	0.05622	0.01312	0.01630	0.01531	0.01212	0.01558	0.01107	0.01679	0.00856	0.00757	0.00782	0.07381	0.00803	0.00553	0.00277	0.00662
29	0.03525	0.00669	0.00994	0.01016	0.01122	0.00634	0.06852	0.01014	0.01242	0.01712	0.06767	0.64748	0.03818	0.01747	0.00773	0.00244	0.00423	0.01600	0.00554	0.00545
30	0.00959	0.00685	0.00953	0.01096	0.01220	0.00679	0.00926	0.01214	0.01390	0.01815	0.03324	0.19901	0.03683	0.01763	0.00849	0.00281	0.00535	0.57590	0.00575	0.00561
31	0.01078	0.00685	0.00891	0.00825	0.01012	0.00624	0.00635	0.01356	0.01723	0.09971	0.57765	0.04610	0.10362	0.01267	0.00730	0.00201	0.00335	0.04617	0.00681	0.00632
32	0.01177	0.01107	0.01869	0.76606	0.04291	0.01384	0.01730	0.01592	0.01246	0.01592	0.01107	0.01661	0.00831	0.00623	0.00623	0.00208	0.00831	0.00554	0.00277	0.00692
33	0.01198	0.01144	0.01945	0.69713	0.04113	0.01419	0.04609	0.01604	0.01240	0.01604	0.01099	0.01647	0.00835	0.00643	0.00700	0.00211	0.04739	0.00561	0.00278	0.00698
34	0.01750	0.00802	0.00971	0.00828	0.01106	0.00751	0.00655	0.04563	0.01598	0.28191	0.11994	0.02539	0.02144	0.00818	0.00551	0.00171	0.00391	0.00671	0.38736	0.00770
35	0.00906	0.00620	0.00786	0.00808	0.00939	0.00561	0.00582	0.01100	0.01477	0.05691	0.30486	0.34142	0.16428	0.01572	0.00754	0.00221	0.00337	0.01392	0.00629	0.00569
36	0.01335	0.06941	0.57702	0.01704	0.02506	0.01425	0.06812	0.01953	0.01339	0.05609	0.01328	0.06188	0.01049	0.00679	0.00606	0.00198	0.00861	0.00563	0.00313	0.00890
37	0.04799	0.01670	0.01771	0.01379	0.01859	0.03600	0.01132	0.57670	0.07052	0.10293	0.01617	0.01581	0.01138	0.00748	0.00615	0.00189	0.00664	0.00565	0.00623	0.01035
38	0.67889	0.01313	0.04606	0.00898	0.01330	0.01364	0.00778	0.04271	0.01161	0.02721	0.00925	0.01071	0.00718	0.00574	0.00411	0.00183	0.00509	0.00354	0.00386	0.08538
39	0.06831	0.07886	0.09642	0.01265	0.01687	0.01456	0.04654	0.07877	0.32116	0.02482	0.13102	0.02390	0.04301	0.00838	0.00616	0.00198	0.00561	0.00696	0.00535	0.00866
40	0.01273	0.01206	0.02043	0.57348	0.22793	0.01410	0.01778	0.01677	0.01292	0.01709	0.01124	0.01630	0.00872	0.00605	0.00621	0.00202	0.00807	0.00554	0.00285	0.00770
41	0.01378	0.01538	0.06478	0.25044	0.06837	0.01511	0.35771	0.01975	0.07779	0.01918	0.01307	0.01700	0.00987	0.00600	0.00706	0.00209	0.02468	0.00650	0.00328	0.00816
42	0.00906	0.00604	0.00680	0.00680	0.00680	0.00604	0.00378	0.00906	0.00906	0.01208	0.01963	0.04077	0.02265	0.78103	0.03171	0.00604	0.00604	0.00906	0.00378	0.00378
43	0.65355	0.01174	0.01030	0.00882	0.01288	0.01294	0.00727	0.02091	0.01216	0.18254	0.01210	0.01251	0.00861	0.00620	0.00437	0.00193	0.00492	0.00400	0.00469	0.00758
44	0.00839	0.00664	0.00775	0.00830	0.01014	0.00600	0.00678	0.01047	0.01426	0.01753	0.05153	0.06393	0.46885	0.01633	0.00784	0.00240	0.00415	0.27752	0.00577	0.00544
45	0.01952	0.00916	0.01192	0.00996	0.01327	0.00842	0.00789	0.04568	0.05360	0.39628	0.21802	0.09443	0.02946	0.01012	0.00663	0.00198	0.00444	0.00862	0.04200	0.00860
46	0.08085	0.01112	0.01618	0.01260	0.01704	0.01020	0.09720	0.04876	0.01663	0.49762	0.02274	0.10590	0.01684	0.00861	0.00642	0.00202	0.00577	0.00748	0.00660	0.00942
47	0.01382	0.00966	0.01262	0.01285	0.10764	0.00971	0.02271	0.05190	0.01382	0.05489	0.01613	0.01899	0.01287	0.00859	0.03869	0.00195	0.07220	0.00546	0.36771	0.14780
48	0.01216	0.04297	0.15886	0.01313	0.01666	0.04235	0.07177	0.01671	0.08507	0.03923	0.07597	0.20195	0.07817	0.04303	0.00898	0.00233	0.06938	0.00956	0.00457	0.00717

[dist]
# distance from previous block
# <min> <max>
3	34

[block]
# block no. 4 follows, 36 sequences, length 56
# corresponding to MSA columns:
# 1675-1730
name=unknown_E
#
# <colnr> <probs for GDERKNQSTAVLIFYWHMCP>
#	G	D	E	R	K	N	Q	S	T	A	V	L	I	F	Y	W	H	M	C	P
0	0.06775	0.01308	0.01843	0.51536	0.12400	0.07079	0.01585	0.04300	0.01355	0.01809	0.01177	0.03997	0.00952	0.00660	0.00607	0.00201	0.00798	0.00567	0.00314	0.00738
1	0.06349	0.00683	0.00893	0.00887	0.00981	0.00764	0.00644	0.01095	0.00975	0.01460	0.01709	0.02872	0.01724	0.27828	0.47486	0.00821	0.01250	0.00722	0.00351	0.00507
2	0.02109	0.00982	0.01303	0.01058	0.01412	0.00926	0.00853	0.06997	0.01749	0.44341	0.18021	0.02683	0.02460	0.02965	0.06482	0.00267	0.03080	0.00739	0.00684	0.00890
3	0.01506	0.32510	0.35639	0.01551	0.02266	0.01890	0.07968	0.06529	0.01416	0.01904	0.01057	0.01236	0.00825	0.00573	0.00531	0.00173	0.00817	0.00442	0.00293	0.00875
4	0.00888	0.00653	0.00923	0.00919	0.01017	0.00726	0.00687	0.01076	0.01060	0.01499	0.07708	0.03006	0.04187	0.16643	0.55156	0.00846	0.01338	0.00764	0.00377	0.00528
5	0.82504	0.01205	0.00916	0.00819	0.01205	0.01398	0.00675	0.01832	0.01060	0.02795	0.00868	0.01012	0.00675	0.00578	0.00386	0.00193	0.00482	0.00337	0.00386	0.00675
6	0.01537	0.01314	0.01382	0.01245	0.01591	0.01518	0.00968	0.03250	0.70741	0.02597	0.02519	0.02325	0.01892	0.00841	0.00627	0.00209	0.00486	0.00700	0.03284	0.00973
7	0.00882	0.00663	0.00838	0.00898	0.01056	0.00619	0.00730	0.01120	0.01482	0.01922	0.18732	0.10750	0.25442	0.01601	0.00793	0.00243	0.00424	0.30648	0.00599	0.00558
8	0.00758	0.00545	0.00720	0.00860	0.00902	0.00507	0.00575	0.00868	0.01200	0.01594	0.03529	0.75335	0.06422	0.01940	0.00793	0.00252	0.00360	0.01756	0.00578	0.00507
9	0.01370	0.20320	0.51240	0.01739	0.04908	0.01690	0.06659	0.01948	0.01318	0.01860	0.01072	0.01275	0.00809	0.00573	0.00558	0.00183	0.00865	0.00453	0.00269	0.00890
10	0.00786	0.00639	0.00700	0.00701	0.00894	0.00553	0.00537	0.00981	0.01490	0.01861	0.19686	0.05805	0.54861	0.01528	0.00746	0.00213	0.00331	0.06544	0.00600	0.00542
11	0.01296	0.01214	0.04367	0.35747	0.24662	0.01274	0.03843	0.01689	0.01319	0.01886	0.01302	0.01735	0.01021	0.00617	0.00589	0.00189	0.00714	0.00562	0.15200	0.00773
12	0.01666	0.78478	0.03265	0.01066	0.01599	0.02465	0.01066	0.01866	0.01266	0.01466	0.00866	0.00999	0.00800	0.00533	0.00400	0.00133	0.00666	0.00333	0.00267	0.00800
13	0.01339	0.00732	0.00990	0.14573	0.01521	0.00759	0.00766	0.01510	0.01248	0.11595	0.01881	0.05192	0.03391	0.01105	0.00963	0.18358	0.00480	0.00641	0.32362	0.00592
14	0.00867	0.00636	0.00812	0.00768	0.00922	0.00581	0.00576	0.01147	0.01728	0.02414	0.66876	0.04793	0.12944	0.01305	0.00735	0.00197	0.00296	0.01146	0.00675	0.00581
15	0.01105	0.01018	0.01411	0.04277	0.01542	0.06063	0.10593	0.03630	0.01351	0.01780	0.07949	0.43211	0.03029	0.01435	0.00877	0.00234	0.08111	0.01274	0.00492	0.00617
16	0.00820	0.00586	0.00793	0.00938	0.01000	0.00559	0.00685	0.00973	0.01253	0.01659	0.03400	0.60033	0.03987	0.01894	0.00812	0.00261	0.00415	0.18831	0.00577	0.00523
17	0.28989	0.04683	0.17115	0.01689	0.14937	0.07602	0.01339	0.04781	0.01337	0.02288	0.01063	0.01275	0.00837	0.00606	0.00554	0.00184	0.03137	0.00435	0.03587	0.03560
18	0.01715	0.70244	0.03097	0.01108	0.01625	0.05418	0.01074	0.04531	0.03491	0.01593	0.00943	0.01062	0.00842	0.00555	0.00422	0.00139	0.00681	0.00355	0.00293	0.00812
19	0.76358	0.01340	0.00981	0.00880	0.01260	0.07087	0.00715	0.01882	0.01114	0.02698	0.00875	0.01021	0.00685	0.00583	0.00399	0.00190	0.00531	0.00342	0.00381	0.00678
20	0.01254	0.00795	0.00990	0.19239	0.01686	0.00876	0.00807	0.06673	0.01411	0.02262	0.01767	0.02100	0.01370	0.00702	0.00495	0.00164	0.00451	0.00573	0.55742	0.00643
21	0.02126	0.01541	0.01660	0.01302	0.01726	0.01699	0.01058	0.59433	0.02601	0.03533	0.01575	0.01768	0.01200	0.06177	0.03327	0.00240	0.00683	0.00590	0.06802	0.00959
22	0.00737	0.00628	0.00634	0.00639	0.00844	0.00525	0.00477	0.00893	0.01413	0.01680	0.06219	0.08320	0.71700	0.01590	0.00738	0.00212	0.00317	0.01330	0.00579	0.00525
23	0.00769	0.00549	0.00731	0.00861	0.00906	0.00512	0.00579	0.00891	0.01237	0.01660	0.08835	0.72097	0.04256	0.01900	0.00791	0.00249	0.00356	0.01722	0.00587	0.00512
24	0.03929	0.01650	0.01755	0.01386	0.01852	0.01842	0.01133	0.56487	0.17299	0.03631	0.01696	0.01656	0.01224	0.00764	0.00620	0.00192	0.00642	0.00586	0.00620	0.01036
25	0.01577	0.01362	0.01402	0.01258	0.01606	0.03229	0.00978	0.05090	0.67193	0.02608	0.02455	0.02275	0.01844	0.00834	0.00625	0.00207	0.00506	0.00690	0.03293	0.00969
26	0.00851	0.00633	0.00794	0.00780	0.00931	0.00577	0.00588	0.01103	0.01634	0.02234	0.51376	0.10685	0.18933	0.01410	0.00747	0.00208	0.00319	0.04978	0.00650	0.00569
27	0.82504	0.01205	0.00916	0.00819	0.01205	0.01398	0.00675	0.01832	0.01060	0.02795	0.00868	0.01012	0.00675	0.00578	0.00386	0.00193	0.00482	0.00337	0.00386	0.00675
28	0.17592	0.00882	0.00965	0.02375	0.01161	0.00919	0.00684	0.05966	0.05467	0.06432	0.36112	0.03097	0.03421	0.00966	0.00605	0.00189	0.00390	0.00800	0.11296	0.00682
29	0.01446	0.01299	0.02046	0.46286	0.22720	0.01489	0.01701	0.11800	0.01534	0.02046	0.01180	0.01605	0.00905	0.00623	0.00621	0.00199	0.00786	0.00555	0.00335	0.00824
30	0.01177	0.01107	0.01869	0.76606	0.04291	0.01384	0.01730	0.01592	0.01246	0.01592	0.01107	0.01661	0.00831	0.00623	0.00623	0.00208	0.00831	0.00554	0.00277	0.00692
31	0.00906	0.00604	0.00680	0.00680	0.00680	0.00604	0.00378	0.00906	0.00906	0.01208	0.01963	0.04077	0.02265	0.78103	0.03171	0.00604	0.00604	0.00906	0.00378	0.00378
32	0.01279	0.01223	0.02085	0.54356	0.20462	0.01433	0.04141	0.01677	0.01283	0.01706	0.01117	0.01623	0.00870	0.00621	0.00678	0.00205	0.03630	0.00560	0.00285	0.00766
33	0.00887	0.00665	0.00825	0.00780	0.00945	0.00618	0.00587	0.01220	0.04637	0.02378	0.60579	0.04765	0.16176	0.01303	0.00731	0.00199	0.00305	0.01138	0.00667	0.00595
34	0.00775	0.00595	0.00712	0.00791	0.00900	0.00540	0.00552	0.00947	0.02907	0.01692	0.08048	0.47608	0.28150	0.01764	0.00768	0.00235	0.00345	0.01557	0.00585	0.00528
35	0.02143	0.04191	0.12330	0.05478	0.02109	0.01563	0.04122	0.32143	0.06318	0.20727	0.01689	0.01673	0.01164	0.00714	0.00618	0.00192	0.00692	0.00570	0.00566	0.00999
36	0.16047	0.01163	0.01703	0.53455	0.07684	0.01403	0.01499	0.01769	0.06023	0.01905	0.01163	0.01580	0.00883	0.00626	0.00580	0.00204	0.00739	0.00524	0.00322	0.00726
37	0.39363	0.04794	0.02773	0.01208	0.01577	0.13046	0.02444	0.13122	0.01492	0.04188	0.01025	0.01193	0.00806	0.00679	0.00667	0.00194	0.09839	0.00425	0.00400	0.00766
38	0.01186	0.02851	0.64236	0.01622	0.02436	0.01319	0.02047	0.01837	0.01353	0.01986	0.06379	0.01897	0.06739	0.00713	0.00613	0.00198	0.00833	0.00570	0.00316	0.00868
39	0.01333	0.01301	0.02310	0.43560	0.27067	0.01440	0.10528	0.01747	0.01330	0.01787	0.01148	0.01625	0.00896	0.00589	0.00635	0.00201	0.00828	0.00577	0.00292	0.00807
40	0.01666	0.78478	0.03265	0.01066	0.01599	0.02465	0.01066	0.01866	0.01266	0.01466	0.00866	0.00999	0.00800	0.00533	0.00400	0.00133	0.00666	0.00333	0.00267	0.00800
41	0.82504	0.01205	0.00916	0.00819	0.01205	0.01398	0.00675	0.01832	0.01060	0.02795	0.00868	0.01012	0.00675	0.00578	0.00386	0.00193	0.00482	0.00337	0.00386	0.00675
42	0.00911	0.00661	0.00969	0.00969	0.01083	0.00764	0.00752	0.01139	0.01025	0.01514	0.01697	0.02438	0.01561	0.04370	0.69869	0.00936	0.01563	0.00661	0.06561	0.00558
43	0.01571	0.61399	0.19517	0.01227	0.01848	0.02234	0.01347	0.01890	0.01277	0.01581	0.00923	0.01071	0.00797	0.00546	0.00443	0.00148	0.00724	0.00362	0.00266	0.00827
44	0.01385	0.01177	0.01262	0.01153	0.01458	0.01326	0.00889	0.02800	0.57033	0.02490	0.11148	0.05933	0.07272	0.00990	0.00659	0.00211	0.00453	0.00838	0.00634	0.00889
45	0.02795	0.01060	0.01446	0.01109	0.01591	0.00916	0.00916	0.03036	0.01783	0.74648	0.02458	0.02121	0.01542	0.00771	0.00627	0.00193	0.00530	0.00627	0.00771	0.01060
46	0.01567	0.01688	0.02664	0.13498	0.29048	0.11635	0.23717	0.01954	0.01438	0.01867	0.01147	0.01538	0.00919	0.00590	0.00707	0.00196	0.04081	0.00590	0.00306	0.00850
47	0.00857	0.00636	0.00799	0.00758	0.00916	0.00577	0.00569	0.01128	0.01706	0.02361	0.62455	0.04881	0.17398	0.01325	0.00735	0.00198	0.00298	0.01159	0.00668	0.00577
48	0.01390	0.02422	0.36922	0.04750	0.05893	0.04102	0.31521	0.01985	0.01398	0.01957	0.01174	0.01483	0.00865	0.00565	0.00653	0.00201	0.00972	0.00581	0.00289	0.00875
49	0.00913	0.00662	0.00861	0.00843	0.00943	0.00672	0.00590	0.01054	0.01085	0.01524	0.09150	0.10802	0.02460	0.30533	0.28333	0.00630	0.00917	0.00890	0.00413	0.06726
50	0.00760	0.00597	0.00675	0.00727	0.00858	0.00525	0.00511	0.00894	0.01317	0.01648	0.07276	0.32574	0.41416	0.06185	0.00901	0.00249	0.00349	0.01455	0.00570	0.00512
51	0.01316	0.01275	0.04941	0.20671	0.13711	0.01305	0.09575	0.04181	0.11698	0.02057	0.06196	0.02239	0.06090	0.00853	0.02405	0.00219	0.03198	0.00681	0.06599	0.00791
52	0.01666	0.78478	0.03265	0.01066	0.01599	0.02465	0.01066	0.01866	0.01266	0.01466	0.00866	0.00999	0.00800	0.00533	0.00400	0.00133	0.00666	0.00333	0.00267	0.00800
53	0.01460	0.06594	0.26184	0.01501	0.02054	0.04034	0.07898	0.08981	0.15941	0.03528	0.08693	0.06986	0.01785	0.00810	0.00632	0.00199	0.00711	0.00690	0.00451	0.00868
54	0.01350	0.03763	0.01390	0.01126	0.04498	0.00973	0.03118	0.03191	0.08617	0.06929	0.14465	0.02557	0.06896	0.00792	0.00585	0.00154	0.00476	0.02935	0.00495	0.35689
55	0.00910	0.02444	0.00872	0.00752	0.01006	0.00671	0.00578	0.01189	0.04361	0.01997	0.24519	0.04683	0.39621	0.01279	0.00685	0.00188	0.00345	0.01080	0.00574	0.12246

[dist]
# distance from previous block
# <min> <max>
3	14

[block]
# block no. 5 follows, 36 sequences, length 39
# corresponding to MSA columns:
# 1745-1783
name=unknown_F
#
# <colnr> <probs for GDERKNQSTAVLIFYWHMCP>
#	G	D	E	R	K	N	Q	S	T	A	V	L	I	F	Y	W	H	M	C	P
0	0.07143	0.17432	0.19039	0.01298	0.01805	0.07516	0.01279	0.13809	0.06851	0.02251	0.05698	0.04899	0.03151	0.00941	0.04099	0.00221	0.00745	0.00581	0.00414	0.00828
1	0.00796	0.00588	0.00745	0.00801	0.00903	0.00537	0.00564	0.00975	0.01421	0.01909	0.27430	0.41605	0.16106	0.01664	0.00765	0.00227	0.00331	0.01482	0.00614	0.00537
2	0.01443	0.01161	0.01629	0.14216	0.12491	0.03357	0.03846	0.05665	0.06736	0.09574	0.04216	0.14594	0.07144	0.01025	0.00812	0.00216	0.08197	0.02435	0.00471	0.00773
3	0.05299	0.06921	0.18027	0.01564	0.03995	0.08439	0.11281	0.05659	0.06493	0.07799	0.06620	0.07249	0.01673	0.00911	0.02556	0.00219	0.00767	0.03276	0.00432	0.00821
4	0.00855	0.00625	0.00809	0.00927	0.00999	0.00613	0.00659	0.01099	0.06197	0.01683	0.03288	0.59103	0.03809	0.05201	0.00898	0.00270	0.00412	0.11437	0.00573	0.00543
5	0.01539	0.01390	0.01992	0.01652	0.01762	0.01819	0.06063	0.06545	0.01184	0.06770	0.01008	0.01446	0.00893	0.01007	0.01760	0.00257	0.61268	0.00565	0.00334	0.00745
6	0.05951	0.23612	0.13151	0.01316	0.01800	0.08524	0.04277	0.11435	0.01581	0.06912	0.06247	0.01640	0.01308	0.02607	0.04607	0.00228	0.03072	0.00519	0.00397	0.00818
7	0.01331	0.01248	0.02030	0.20331	0.29877	0.01347	0.06400	0.03956	0.04065	0.01924	0.03507	0.07451	0.06864	0.00818	0.00751	0.00206	0.05984	0.00731	0.00370	0.00808
8	0.00857	0.00636	0.00799	0.00758	0.00916	0.00577	0.00568	0.01128	0.01705	0.02360	0.62440	0.04881	0.17413	0.01325	0.00735	0.00198	0.00298	0.01159	0.00668	0.00577
9	0.01141	0.00929	0.01352	0.27009	0.02242	0.01093	0.01131	0.06219	0.01304	0.01786	0.01906	0.19823	0.01920	0.01464	0.07306	0.02733	0.08467	0.05515	0.06028	0.00633
10	0.01848	0.01709	0.15115	0.01489	0.06717	0.08322	0.01270	0.10280	0.09019	0.20042	0.01876	0.07317	0.01489	0.01083	0.05824	0.00251	0.00753	0.02103	0.00513	0.02980
11	0.01514	0.01462	0.02525	0.08841	0.66771	0.01477	0.04450	0.01893	0.01409	0.02003	0.01171	0.01555	0.00975	0.00559	0.00622	0.00188	0.00758	0.00562	0.00306	0.00961
12	0.25489	0.01202	0.01341	0.01075	0.01522	0.01217	0.00883	0.10839	0.06663	0.40746	0.01895	0.01744	0.01262	0.00718	0.00558	0.00193	0.00532	0.00541	0.00634	0.00945
13	0.01239	0.01142	0.03721	0.14185	0.08020	0.01124	0.10955	0.09246	0.04619	0.02065	0.05831	0.10811	0.17772	0.01050	0.00727	0.02303	0.00615	0.00907	0.02947	0.00721
14	0.08906	0.03644	0.06952	0.16981	0.12975	0.01417	0.09917	0.09809	0.06444	0.03888	0.01398	0.04021	0.01145	0.03075	0.03552	0.03311	0.00766	0.00608	0.00385	0.00806
15	0.01075	0.00544	0.00806	0.00806	0.00806	0.00544	0.00534	0.00816	0.00816	0.01088	0.01121	0.01989	0.01134	0.05464	0.02467	0.78341	0.00544	0.00557	0.00275	0.00275
16	0.00931	0.00642	0.00831	0.00839	0.00894	0.00668	0.00583	0.00987	0.01100	0.01513	0.08695	0.19582	0.08739	0.19359	0.08032	0.15132	0.05892	0.01024	0.04095	0.00463
17	0.03161	0.08316	0.17701	0.05949	0.10367	0.09934	0.02996	0.21917	0.03995	0.02461	0.03976	0.01525	0.01121	0.00682	0.00639	0.00187	0.03237	0.00527	0.00409	0.00899
18	0.01996	0.01654	0.01785	0.06736	0.07424	0.06872	0.01223	0.38187	0.22001	0.03093	0.01695	0.01714	0.01253	0.00744	0.00621	0.00193	0.00677	0.00589	0.00558	0.00985
19	0.00856	0.00613	0.00827	0.00926	0.01018	0.00584	0.00699	0.01057	0.01393	0.01878	0.19751	0.41062	0.04380	0.01730	0.00799	0.00249	0.00405	0.20628	0.00602	0.00544
20	0.10356	0.08383	0.03680	0.03563	0.05821	0.01538	0.03050	0.20190	0.06184	0.07113	0.01323	0.01446	0.01012	0.00657	0.00645	0.00172	0.05902	0.00490	0.00453	0.18023
21	0.03785	0.05155	0.22173	0.01573	0.04387	0.01391	0.09711	0.05429	0.11311	0.06699	0.02700	0.05067	0.01280	0.00714	0.00673	0.00188	0.04623	0.00598	0.00411	0.12132
22	0.07302	0.11231	0.16153	0.09791	0.08403	0.08951	0.01457	0.15394	0.07781	0.02292	0.01252	0.01436	0.00966	0.00723	0.01861	0.00201	0.03057	0.00495	0.00385	0.00869
23	0.01012	0.00905	0.01531	0.01330	0.03518	0.00844	0.18307	0.01284	0.01428	0.01910	0.19010	0.16436	0.15371	0.07994	0.00965	0.00254	0.00557	0.06215	0.00512	0.00618
24	0.01299	0.01282	0.02376	0.18064	0.25095	0.01313	0.21379	0.01679	0.01339	0.01834	0.01510	0.11517	0.01387	0.01027	0.05873	0.00262	0.00862	0.00771	0.00340	0.00792
25	0.01777	0.03052	0.07283	0.03089	0.06822	0.05929	0.03256	0.19087	0.07760	0.10691	0.01893	0.05547	0.04529	0.00880	0.00793	0.00205	0.09379	0.03244	0.03915	0.00868
26	0.01284	0.03017	0.66349	0.02017	0.11125	0.01451	0.02256	0.01966	0.01328	0.01981	0.01124	0.01342	0.00813	0.00588	0.00595	0.00196	0.00900	0.00472	0.00268	0.00929
27	0.00755	0.00632	0.00657	0.00651	0.00853	0.00534	0.00488	0.00931	0.01465	0.01789	0.15095	0.05822	0.65115	0.01538	0.00736	0.00209	0.00313	0.01291	0.00593	0.00534
28	0.01097	0.01513	0.21877	0.04207	0.01873	0.00993	0.11294	0.01468	0.01323	0.03829	0.09061	0.19492	0.07310	0.07865	0.03728	0.00278	0.00699	0.00971	0.00431	0.00692
29	0.01437	0.01311	0.02103	0.37759	0.11471	0.01473	0.11617	0.09830	0.09649	0.02107	0.01378	0.01732	0.01041	0.00644	0.00633	0.00201	0.00777	0.00599	0.03422	0.00818
30	0.01851	0.01227	0.01406	0.01166	0.01524	0.01294	0.00929	0.28347	0.13764	0.14835	0.17401	0.08949	0.02565	0.00983	0.00664	0.00199	0.00518	0.00819	0.00659	0.00900
31	0.00873	0.00609	0.00705	0.00715	0.00754	0.00603	0.00439	0.00921	0.01000	0.01316	0.02597	0.09079	0.11597	0.56518	0.09231	0.00566	0.00647	0.00995	0.00413	0.00421
32	0.82504	0.01205	0.00916	0.00819	0.01205	0.01398	0.00675	0.01832	0.01060	0.02795	0.00868	0.01012	0.00675	0.00578	0.00386	0.00193	0.00482	0.00337	0.00386	0.00675
33	0.03150	0.01843	0.15873	0.17074	0.10041	0.09233	0.13112	0.05184	0.04660	0.07041	0.03433	0.03988	0.01203	0.00680	0.00633	0.00198	0.00827	0.00611	0.00377	0.00839
34	0.00984	0.00711	0.00976	0.01109	0.01258	0.00703	0.00965	0.01262	0.01433	0.01851	0.03522	0.06952	0.08793	0.01711	0.00851	0.00281	0.00555	0.64940	0.00574	0.00570
35	0.01292	0.01107	0.01292	0.00923	0.01477	0.00831	0.00738	0.01569	0.01292	0.02030	0.01107	0.01292	0.00923	0.00461	0.00461	0.00092	0.00461	0.00369	0.00369	0.81912
36	0.03804	0.12229	0.20988	0.09018	0.02187	0.03471	0.06256	0.06719	0.03137	0.06361	0.05036	0.01642	0.01224	0.00641	0.00560	0.00174	0.00706	0.00522	0.06016	0.09308
37	0.01075	0.00832	0.01079	0.01122	0.06214	0.00775	0.00777	0.01452	0.08128	0.03540	0.21825	0.25384	0.03506	0.01259	0.00692	0.00201	0.00418	0.05866	0.00560	0.15296
38	0.01307	0.13664	0.64940	0.01677	0.02544	0.01588	0.02131	0.01958	0.01309	0.01903	0.01083	0.01272	0.00791	0.00584	0.00565	0.00188	0.00886	0.00443	0.00264	0.00904

[dist]
