[name]
unknown

[dist]
# distance from previous block
# <min> <max>
0	489

[block]
# block no. 0 follows, 26 sequences, length 12
# corresponding to MSA columns:
# 489-500
name=unknown_A
#
# <colnr> <probs for GDERKNQSTAVLIFYWHMCP>
#	G	D	E	R	K	N	Q	S	T	A	V	L	I	F	Y	W	H	M	C	P
0	0.01222	0.00873	0.01222	0.01397	0.01572	0.00873	0.01222	0.01572	0.01746	0.02270	0.04016	0.08556	0.04365	0.02095	0.01048	0.00349	0.00698	0.63506	0.00698	0.00698
1	0.78701	0.01467	0.01115	0.00997	0.01467	0.01702	0.00821	0.02230	0.01291	0.03403	0.01056	0.01232	0.00821	0.00704	0.00469	0.00235	0.00587	0.00411	0.00469	0.00821
2	0.00918	0.00769	0.00798	0.00791	0.01038	0.00649	0.00593	0.01130	0.01779	0.02168	0.14918	0.07104	0.60996	0.01877	0.00896	0.00254	0.00381	0.01573	0.00720	0.00649
3	0.01975	0.01734	0.02131	0.01779	0.02270	0.01938	0.09628	0.10132	0.52260	0.03240	0.02757	0.02625	0.02060	0.00966	0.00787	0.00254	0.00712	0.00845	0.00720	0.01187
4	0.69509	0.01536	0.01517	0.01260	0.01765	0.01727	0.08594	0.02254	0.01351	0.03287	0.01113	0.01329	0.00861	0.00696	0.00520	0.00237	0.00669	0.00469	0.00459	0.00846
5	0.00924	0.00660	0.00880	0.01056	0.01100	0.00616	0.00704	0.01056	0.01452	0.01936	0.04181	0.72848	0.05017	0.02376	0.00968	0.00308	0.00440	0.02156	0.00704	0.00616
6	0.00912	0.00709	0.00830	0.00926	0.01066	0.00627	0.00646	0.01071	0.01577	0.01987	0.05760	0.43302	0.33544	0.02171	0.00936	0.00285	0.00415	0.01906	0.00704	0.00627
7	0.01618	0.01415	0.01794	0.01642	0.11599	0.01127	0.01108	0.01971	0.01595	0.02473	0.01360	0.01618	0.01135	0.00578	0.00589	0.00129	0.00612	0.00483	0.00439	0.66717
8	0.01086	0.00728	0.00832	0.00849	0.00853	0.00724	0.00483	0.01099	0.01137	0.01515	0.02562	0.11475	0.02974	0.66536	0.03583	0.00694	0.00707	0.01204	0.00483	0.00475
9	0.00944	0.00682	0.00893	0.01027	0.01101	0.00631	0.00699	0.01110	0.01564	0.02097	0.13340	0.60100	0.08526	0.02237	0.00954	0.00296	0.00426	0.02018	0.00722	0.00631
10	0.09194	0.03118	0.46162	0.02109	0.07594	0.01716	0.02299	0.06231	0.01763	0.10617	0.01559	0.01716	0.01094	0.00753	0.00706	0.00237	0.00981	0.00586	0.00438	0.01128
11	0.02019	0.02010	0.02819	0.03937	0.52630	0.10342	0.02079	0.05158	0.01849	0.02500	0.01406	0.01789	0.01172	0.00691	0.00729	0.00214	0.00932	0.00636	0.00399	0.06687

[dist]
# distance from previous block
# <min> <max>
0	2

[block]
# block no. 1 follows, 26 sequences, length 41
# corresponding to MSA columns:
# 503-543
name=unknown_B
#
# <colnr> <probs for GDERKNQSTAVLIFYWHMCP>
#	G	D	E	R	K	N	Q	S	T	A	V	L	I	F	Y	W	H	M	C	P
0	0.02984	0.01503	0.01834	0.01431	0.01987	0.01470	0.01174	0.21344	0.05662	0.42159	0.05300	0.02700	0.04863	0.01001	0.00773	0.00235	0.00675	0.00804	0.00865	0.01236
1	0.02541	0.01877	0.02018	0.01612	0.02153	0.02067	0.01311	0.44272	0.18078	0.07299	0.02575	0.02469	0.06190	0.01009	0.00772	0.00237	0.00740	0.00791	0.00767	0.01224
2	0.01851	0.01712	0.05275	0.30960	0.20646	0.01816	0.01959	0.10556	0.10784	0.04440	0.01710	0.02066	0.01294	0.00796	0.00757	0.00242	0.00899	0.00698	0.00475	0.01065
3	0.01721	0.04269	0.09047	0.17954	0.21337	0.01554	0.03524	0.02184	0.01636	0.05160	0.01436	0.01804	0.01132	0.00674	0.00689	0.00198	0.00843	0.00597	0.00406	0.23836
4	0.14538	0.01167	0.01223	0.01099	0.01436	0.01226	0.00864	0.09388	0.09928	0.07848	0.11724	0.07320	0.09930	0.01196	0.00719	0.00235	0.00516	0.02638	0.16121	0.00883
5	0.02205	0.04200	0.02363	0.01967	0.02206	0.24862	0.03379	0.09771	0.01798	0.02198	0.01168	0.01581	0.01028	0.01061	0.01593	0.00268	0.36434	0.00608	0.00403	0.00909
6	0.00938	0.00742	0.00845	0.00879	0.01065	0.00649	0.00636	0.01148	0.01740	0.02216	0.18708	0.23758	0.40059	0.01965	0.00914	0.00266	0.00393	0.01698	0.00730	0.00649
7	0.02298	0.09649	0.05546	0.12670	0.13924	0.02184	0.04813	0.33337	0.02570	0.03440	0.01570	0.01798	0.01179	0.00800	0.00733	0.00226	0.00903	0.00656	0.00549	0.01155
8	0.01826	0.13266	0.39131	0.02311	0.07835	0.03833	0.11680	0.02489	0.01684	0.06924	0.01455	0.01693	0.01072	0.00712	0.00717	0.00229	0.01058	0.00608	0.00379	0.01096
9	0.01050	0.00716	0.00831	0.00880	0.00925	0.00692	0.00543	0.01124	0.01284	0.01726	0.03377	0.24235	0.09255	0.43049	0.02601	0.00542	0.00600	0.01424	0.04614	0.00533
10	0.02003	0.01917	0.08922	0.35005	0.06247	0.03877	0.01905	0.20498	0.04604	0.05328	0.01607	0.01949	0.01172	0.00812	0.00753	0.00241	0.00949	0.00670	0.00497	0.01042
11	0.64590	0.04869	0.01371	0.01121	0.01595	0.08539	0.00919	0.02373	0.01424	0.05968	0.01150	0.01302	0.00888	0.00719	0.00504	0.00228	0.00677	0.00433	0.00475	0.00854
12	0.21625	0.01753	0.08447	0.05524	0.04975	0.01662	0.04430	0.17102	0.03849	0.06805	0.01741	0.01929	0.01292	0.00807	0.00646	0.00225	0.00729	0.00624	0.14832	0.01001
13	0.01774	0.01418	0.01544	0.01379	0.01750	0.01595	0.01078	0.10493	0.39339	0.03132	0.08111	0.03140	0.05303	0.01543	0.07664	0.00340	0.00719	0.00891	0.07734	0.01052
14	0.01285	0.00822	0.01082	0.00990	0.01206	0.00752	0.00752	0.01637	0.02149	0.09040	0.62293	0.05386	0.06678	0.01495	0.00883	0.00238	0.00384	0.01316	0.00844	0.00768
15	0.06554	0.01280	0.01707	0.01321	0.01888	0.01126	0.01088	0.03555	0.02132	0.64014	0.05180	0.02631	0.02016	0.00950	0.00755	0.00235	0.00633	0.00769	0.00915	0.01251
16	0.01047	0.00790	0.00884	0.00850	0.01093	0.00682	0.00641	0.01296	0.01880	0.04869	0.26996	0.06598	0.46142	0.01765	0.00891	0.00250	0.00385	0.01496	0.00755	0.00689
17	0.02028	0.73799	0.03975	0.01298	0.01947	0.03001	0.01298	0.02271	0.01541	0.01785	0.01055	0.01217	0.00973	0.00649	0.00487	0.00162	0.00811	0.00406	0.00324	0.00973
18	0.02613	0.01746	0.01943	0.01579	0.02112	0.01895	0.01275	0.28055	0.27963	0.18545	0.02574	0.02383	0.01819	0.00963	0.00765	0.00241	0.00701	0.00769	0.00804	0.01255
19	0.01084	0.00813	0.01219	0.01219	0.01354	0.00948	0.00948	0.01354	0.01219	0.01761	0.02032	0.02980	0.01896	0.05689	0.70337	0.01219	0.02032	0.00813	0.00406	0.00677
20	0.01357	0.00721	0.00773	0.00767	0.00941	0.00725	0.00578	0.01706	0.01620	0.02775	0.08965	0.03120	0.02458	0.01282	0.05395	0.00255	0.00470	0.00780	0.64607	0.00706
21	0.01290	0.00659	0.00981	0.00993	0.00996	0.00656	0.00662	0.00993	0.01020	0.01360	0.01516	0.07185	0.01573	0.02617	0.02826	0.72562	0.00644	0.00762	0.00355	0.00349
22	0.00924	0.00660	0.00880	0.01056	0.01100	0.00616	0.00704	0.01056	0.01452	0.01936	0.04181	0.72848	0.05017	0.02376	0.00968	0.00308	0.00440	0.02156	0.00704	0.00616
23	0.01659	0.01659	0.02323	0.01991	0.01991	0.02323	0.01659	0.01825	0.01162	0.01825	0.00996	0.01659	0.00996	0.01328	0.02489	0.00332	0.71955	0.00664	0.00332	0.00830
24	0.01833	0.01757	0.02999	0.11289	0.62323	0.01791	0.02306	0.02289	0.01706	0.02424	0.01419	0.01892	0.01183	0.00684	0.00752	0.00228	0.00912	0.00676	0.00372	0.01166
25	0.71180	0.01532	0.01230	0.01072	0.01555	0.01766	0.00883	0.08564	0.01517	0.03540	0.01132	0.01291	0.00868	0.00725	0.00498	0.00234	0.00611	0.00438	0.00498	0.00868
26	0.02333	0.01165	0.01476	0.01207	0.01630	0.01077	0.00968	0.09769	0.02277	0.33543	0.24681	0.03973	0.10129	0.01233	0.00819	0.00237	0.00547	0.01036	0.00861	0.01038
27	0.01209	0.00937	0.01057	0.04969	0.01261	0.04498	0.00703	0.01302	0.01205	0.01575	0.02196	0.04214	0.02394	0.51988	0.16703	0.00775	0.01041	0.00989	0.00438	0.00547
28	0.18019	0.01434	0.01515	0.01248	0.01701	0.01522	0.01007	0.19228	0.07266	0.18093	0.02174	0.02251	0.01584	0.03113	0.00750	0.00238	0.00622	0.00677	0.16516	0.01042
29	0.01414	0.00707	0.00707	0.00707	0.00884	0.00707	0.00530	0.01767	0.01591	0.02828	0.02474	0.02828	0.01944	0.00884	0.00530	0.00177	0.00353	0.00707	0.77554	0.00707
30	0.06127	0.01417	0.01810	0.01393	0.01978	0.01314	0.01151	0.12588	0.02338	0.57465	0.02752	0.02422	0.01754	0.00926	0.00751	0.00234	0.00670	0.00738	0.00896	0.01273
31	0.01589	0.24243	0.35545	0.01702	0.02480	0.01947	0.01968	0.02161	0.01582	0.02179	0.05009	0.02231	0.01577	0.01314	0.07584	0.00320	0.01054	0.04147	0.00379	0.00987
32	0.01814	0.02020	0.09778	0.07095	0.52364	0.01806	0.09312	0.02330	0.01713	0.02442	0.01429	0.01875	0.01164	0.00680	0.00764	0.00231	0.00969	0.00688	0.00369	0.01159
33	0.00927	0.00675	0.00874	0.01024	0.01094	0.00622	0.00692	0.01072	0.01504	0.01986	0.06749	0.64016	0.11369	0.02303	0.00958	0.00300	0.00432	0.02074	0.00709	0.00622
34	0.02582	0.01155	0.01524	0.01246	0.01699	0.01036	0.01014	0.05557	0.02173	0.43687	0.17728	0.03877	0.07210	0.01202	0.00817	0.00243	0.00577	0.04704	0.00880	0.01088
35	0.01469	0.01338	0.02267	0.31003	0.12340	0.01490	0.08110	0.01918	0.01632	0.02160	0.02211	0.04066	0.02114	0.01181	0.00926	0.00283	0.03530	0.20638	0.00461	0.00862
36	0.63957	0.01643	0.01492	0.01495	0.08269	0.05605	0.03396	0.02292	0.01401	0.03188	0.01117	0.01334	0.00880	0.00703	0.00525	0.00232	0.00688	0.00459	0.00452	0.00870
37	0.01550	0.05809	0.36435	0.02403	0.11844	0.01703	0.10349	0.02189	0.01652	0.02358	0.05081	0.04350	0.06093	0.00898	0.00840	0.00244	0.03997	0.00774	0.00399	0.01033
38	0.01903	0.25478	0.11893	0.01834	0.09923	0.02039	0.01539	0.06482	0.05650	0.04115	0.01429	0.01616	0.01159	0.00709	0.00671	0.00185	0.02984	0.00531	0.00431	0.19428
39	0.01893	0.01607	0.01705	0.01521	0.01945	0.01845	0.01186	0.07154	0.60198	0.03250	0.06710	0.02937	0.02536	0.01052	0.00778	0.00255	0.00599	0.00877	0.00775	0.01178
40	0.02092	0.42121	0.03166	0.01518	0.02077	0.09526	0.04674	0.07024	0.13110	0.02260	0.01556	0.01763	0.01316	0.03959	0.00746	0.00217	0.00855	0.00568	0.00448	0.01005

[dist]
# distance from previous block
# <min> <max>
0	25

[block]
# block no. 2 follows, 26 sequences, length 195
# corresponding to MSA columns:
# 569-722,725-763,766,767
name=unknown_C
#
# <colnr> <probs for GDERKNQSTAVLIFYWHMCP>
#	G	D	E	R	K	N	Q	S	T	A	V	L	I	F	Y	W	H	M	C	P
0	0.07969	0.01221	0.01725	0.04375	0.06881	0.01183	0.05637	0.05206	0.01938	0.21136	0.13106	0.10262	0.07573	0.01280	0.00824	0.00256	0.00651	0.07107	0.00712	0.00957
1	0.01222	0.01006	0.01466	0.01404	0.01512	0.01251	0.01126	0.01475	0.01242	0.01810	0.01936	0.03068	0.01864	0.04466	0.50398	0.00961	0.17582	0.05087	0.00410	0.00713
2	0.01005	0.00768	0.00923	0.00910	0.01107	0.00687	0.00683	0.01286	0.01933	0.02578	0.39566	0.11072	0.28965	0.01762	0.00906	0.00254	0.00385	0.03753	0.00774	0.00681
3	0.01752	0.01707	0.02667	0.10397	0.09279	0.04592	0.18907	0.06733	0.11190	0.02523	0.04599	0.09874	0.01949	0.01041	0.01021	0.00262	0.09083	0.00941	0.00506	0.00979
4	0.01084	0.00813	0.01219	0.01219	0.01354	0.00948	0.00948	0.01354	0.01219	0.01761	0.02032	0.02980	0.01896	0.05689	0.70337	0.01219	0.02032	0.00813	0.00406	0.00677
5	0.01551	0.00747	0.00779	0.00751	0.00956	0.00735	0.00570	0.01900	0.01631	0.07384	0.02510	0.02811	0.01940	0.00887	0.00546	0.00181	0.00374	0.00711	0.72289	0.00747
6	0.01077	0.00769	0.01056	0.01231	0.01342	0.00748	0.00970	0.01321	0.01603	0.02108	0.04096	0.39828	0.04682	0.02232	0.01009	0.00329	0.00573	0.33666	0.00701	0.00658
7	0.01862	0.01816	0.02959	0.11827	0.59419	0.04172	0.02274	0.02310	0.01719	0.02398	0.01409	0.01875	0.01173	0.00688	0.00749	0.00227	0.00929	0.00669	0.00372	0.01151
8	0.01088	0.00795	0.01130	0.01130	0.01235	0.00900	0.00838	0.01298	0.01193	0.01695	0.02113	0.03429	0.02091	0.21003	0.55290	0.01110	0.01738	0.00878	0.00418	0.00628
9	0.01001	0.00772	0.00913	0.00878	0.01089	0.00685	0.00659	0.01291	0.01976	0.02636	0.43448	0.06334	0.32174	0.01702	0.00895	0.00246	0.00369	0.01465	0.00782	0.00685
10	0.02116	0.12282	0.07701	0.02522	0.18179	0.24219	0.05520	0.02587	0.06198	0.02157	0.01492	0.03770	0.01279	0.00973	0.03121	0.00252	0.03584	0.00642	0.00406	0.01001
11	0.01206	0.00874	0.01191	0.01350	0.01515	0.00879	0.01139	0.01603	0.04710	0.02259	0.03999	0.18448	0.04374	0.02091	0.01022	0.00338	0.00653	0.50936	0.00703	0.00709
12	0.00924	0.00660	0.00880	0.01056	0.01100	0.00616	0.00704	0.01056	0.01452	0.01936	0.04181	0.72848	0.05017	0.02376	0.00968	0.00308	0.00440	0.02156	0.00704	0.00616
13	0.01097	0.00936	0.01596	0.01482	0.01670	0.00875	0.13673	0.01330	0.01520	0.02034	0.03654	0.58755	0.04247	0.02031	0.00954	0.00298	0.00607	0.01905	0.00640	0.00697
14	0.02551	0.04495	0.04833	0.04171	0.07061	0.07480	0.05970	0.28784	0.02508	0.13549	0.01751	0.01881	0.01275	0.00898	0.00953	0.00239	0.09163	0.00678	0.00612	0.01149
15	0.01622	0.01611	0.01752	0.01871	0.10691	0.14418	0.01253	0.01830	0.01450	0.01843	0.01864	0.02815	0.03878	0.15990	0.20877	0.00611	0.13658	0.00788	0.00406	0.00771
16	0.02202	0.19815	0.11286	0.02602	0.21443	0.25990	0.01842	0.02568	0.01815	0.02087	0.01241	0.01508	0.01039	0.00712	0.00661	0.00202	0.01070	0.00532	0.00362	0.01025
17	0.00917	0.00769	0.00797	0.00790	0.01037	0.00649	0.00593	0.01129	0.01778	0.02166	0.14828	0.07107	0.61087	0.01877	0.00896	0.00254	0.00381	0.01574	0.00720	0.00649
18	0.01798	0.01729	0.02926	0.15371	0.48035	0.01798	0.06561	0.02414	0.07234	0.02444	0.01561	0.01993	0.01261	0.00717	0.00764	0.00235	0.00920	0.00706	0.00403	0.01130
19	0.01497	0.01268	0.01487	0.01093	0.01701	0.00967	0.00868	0.01831	0.01638	0.02516	0.08490	0.02199	0.04126	0.00712	0.00608	0.00130	0.00534	0.00586	0.00498	0.67249
20	0.00902	0.00769	0.00776	0.00774	0.01028	0.00643	0.00580	0.01099	0.01741	0.02078	0.09463	0.07252	0.66507	0.01910	0.00896	0.00256	0.00383	0.01594	0.00708	0.00643
21	0.00989	0.00707	0.00955	0.01131	0.01203	0.00672	0.00817	0.01169	0.01516	0.02009	0.04145	0.58798	0.04874	0.02315	0.00986	0.00317	0.00497	0.15563	0.00703	0.00634
22	0.01074	0.00775	0.01014	0.00954	0.01133	0.00716	0.00716	0.01431	0.02147	0.03042	0.68211	0.05666	0.07157	0.01551	0.00895	0.00239	0.00358	0.01372	0.00835	0.00716
23	0.01103	0.00735	0.00827	0.00827	0.00827	0.00735	0.00460	0.01103	0.01103	0.01471	0.02390	0.04964	0.02758	0.73343	0.03861	0.00735	0.00735	0.01103	0.00460	0.00460
24	0.02028	0.73799	0.03975	0.01298	0.01947	0.03001	0.01298	0.02271	0.01541	0.01785	0.01055	0.01217	0.00973	0.00649	0.00487	0.00162	0.00811	0.00406	0.00324	0.00973
25	0.78701	0.01467	0.01115	0.00997	0.01467	0.01702	0.00821	0.02230	0.01291	0.03403	0.01056	0.01232	0.00821	0.00704	0.00469	0.00235	0.00587	0.00411	0.00469	0.00821
26	0.01573	0.01568	0.02700	0.49946	0.07340	0.04133	0.15051	0.02087	0.01606	0.02088	0.01421	0.02025	0.01078	0.00736	0.00776	0.00248	0.01052	0.00714	0.02968	0.00891
27	0.01816	0.07173	0.02501	0.04364	0.02200	0.05153	0.03594	0.06346	0.01428	0.02049	0.01093	0.01650	0.01019	0.01185	0.02037	0.00301	0.54200	0.00646	0.00365	0.00881
28	0.00924	0.00660	0.00880	0.01056	0.01100	0.00616	0.00704	0.01056	0.01452	0.01936	0.04181	0.72848	0.05017	0.02376	0.00968	0.00308	0.00440	0.02156	0.00704	0.00616
29	0.01541	0.01452	0.04660	0.01386	0.06397	0.01071	0.01058	0.01899	0.01596	0.02437	0.01828	0.02024	0.06150	0.00678	0.00607	0.00137	0.00597	0.00556	0.00458	0.63467
30	0.03364	0.01353	0.01799	0.01379	0.01967	0.01207	0.01139	0.08366	0.02275	0.64320	0.02905	0.02525	0.01834	0.00937	0.00762	0.00234	0.00660	0.00757	0.00925	0.01291
31	0.01877	0.01802	0.03079	0.04656	0.68612	0.01802	0.02328	0.02328	0.01727	0.02478	0.01427	0.01877	0.01201	0.00676	0.00751	0.00225	0.00901	0.00676	0.00375	0.01201
32	0.02777	0.01713	0.11750	0.04862	0.09555	0.01298	0.01541	0.03185	0.01992	0.46153	0.02560	0.02612	0.01747	0.00924	0.00768	0.00241	0.00761	0.03603	0.00750	0.01210
33	0.05948	0.07284	0.15166	0.02159	0.09465	0.01516	0.15201	0.02025	0.01629	0.04305	0.02327	0.19047	0.02322	0.01218	0.00819	0.00262	0.00863	0.07023	0.00493	0.00927
34	0.01887	0.01629	0.01715	0.01544	0.01972	0.01887	0.01201	0.04031	0.67241	0.03173	0.03087	0.02830	0.02315	0.01029	0.00772	0.00257	0.00600	0.00858	0.00772	0.01201
35	0.01521	0.03923	0.69413	0.02162	0.03283	0.01762	0.02802	0.02402	0.01601	0.02402	0.01361	0.01601	0.00961	0.00721	0.00721	0.00240	0.01121	0.00560	0.00320	0.01121
36	0.01963	0.01684	0.08185	0.07477	0.22786	0.01501	0.03539	0.08794	0.03935	0.13132	0.08845	0.08220	0.04532	0.01026	0.00793	0.00241	0.00775	0.00911	0.00590	0.01072
37	0.01808	0.01724	0.02898	0.15070	0.55980	0.01787	0.02248	0.02334	0.04292	0.02420	0.01480	0.01938	0.01216	0.00703	0.00753	0.00231	0.00907	0.00683	0.00385	0.01145
38	0.01432	0.01348	0.02275	0.71520	0.05224	0.01685	0.02107	0.01938	0.01517	0.01938	0.01348	0.02022	0.01011	0.00758	0.00758	0.00253	0.01011	0.00674	0.00337	0.00843
39	0.01432	0.01348	0.02275	0.71520	0.05224	0.01685	0.02107	0.01938	0.01517	0.01938	0.01348	0.02022	0.01011	0.00758	0.00758	0.00253	0.01011	0.00674	0.00337	0.00843
40	0.01636	0.05462	0.55171	0.02078	0.03055	0.04684	0.05019	0.02398	0.01624	0.04559	0.01452	0.01726	0.01064	0.01067	0.05505	0.00304	0.01176	0.00591	0.00353	0.01078
41	0.05069	0.10248	0.07340	0.04511	0.04563	0.09291	0.03688	0.23674	0.02375	0.12019	0.02045	0.06480	0.03486	0.00950	0.00729	0.00227	0.00863	0.00751	0.00603	0.01089
42	0.01453	0.01369	0.02312	0.68447	0.08137	0.01691	0.02117	0.01956	0.01526	0.01963	0.01352	0.02016	0.01020	0.00755	0.00758	0.00252	0.01006	0.00674	0.00339	0.00859
43	0.01951	0.18324	0.12594	0.08023	0.13268	0.07260	0.18299	0.07146	0.01837	0.02384	0.01367	0.01704	0.01079	0.00699	0.00721	0.00221	0.01047	0.00642	0.00385	0.01048
44	0.01916	0.01735	0.09056	0.07067	0.05202	0.03430	0.09306	0.08866	0.10610	0.11894	0.04626	0.11688	0.04529	0.01171	0.00826	0.00258	0.00804	0.05377	0.00626	0.01015
45	0.02846	0.02272	0.02100	0.01892	0.07145	0.22701	0.01397	0.22635	0.02533	0.20685	0.02006	0.04956	0.01505	0.00924	0.00745	0.00223	0.00936	0.00708	0.00663	0.01129
46	0.01587	0.01494	0.02519	0.37235	0.32418	0.01656	0.02098	0.02041	0.01603	0.02172	0.01594	0.07261	0.01394	0.00844	0.00771	0.00245	0.00921	0.00786	0.00381	0.00981
47	0.01782	0.01864	0.06946	0.18337	0.31250	0.04081	0.06590	0.06943	0.01805	0.02445	0.01845	0.02245	0.05742	0.00829	0.00844	0.00240	0.04009	0.00741	0.00414	0.01046
48	0.01567	0.01494	0.02592	0.34484	0.27547	0.01632	0.07107	0.02024	0.01607	0.02172	0.01692	0.09498	0.01517	0.00891	0.00789	0.00249	0.00932	0.00850	0.00394	0.00962
49	0.17405	0.01324	0.01640	0.01284	0.01849	0.01224	0.01060	0.03424	0.02007	0.56913	0.02632	0.02331	0.01681	0.00895	0.00708	0.00235	0.00635	0.00697	0.00852	0.01204
50	0.02431	0.01247	0.01635	0.01532	0.06425	0.01179	0.01132	0.05726	0.08784	0.35687	0.03528	0.10876	0.09248	0.01269	0.00820	0.00255	0.00622	0.05706	0.00807	0.01092
51	0.01765	0.03586	0.52917	0.02316	0.07645	0.09177	0.04702	0.02513	0.01696	0.04759	0.01410	0.01646	0.01019	0.00729	0.00726	0.00235	0.01121	0.00579	0.00356	0.01103
52	0.00971	0.00682	0.00911	0.01066	0.01128	0.00655	0.00736	0.01132	0.01455	0.01979	0.03944	0.61953	0.04629	0.02528	0.05817	0.00368	0.00559	0.04645	0.04215	0.00628
53	0.00950	0.00696	0.00899	0.01052	0.01137	0.00645	0.00739	0.01112	0.01518	0.01985	0.04630	0.57713	0.13368	0.02288	0.00967	0.00305	0.00458	0.08207	0.00704	0.00628
54	0.01701	0.01505	0.02509	0.50273	0.12980	0.01736	0.06494	0.06419	0.01730	0.05248	0.01477	0.02017	0.01103	0.00758	0.00767	0.00247	0.00987	0.00694	0.00401	0.00952
55	0.01478	0.01172	0.06095	0.01429	0.01726	0.00985	0.05835	0.03932	0.01749	0.09717	0.05288	0.29493	0.03744	0.01769	0.00922	0.00294	0.00654	0.19554	0.03354	0.00808
56	0.70339	0.04486	0.01301	0.01076	0.01547	0.06565	0.00886	0.02287	0.01361	0.03230	0.01064	0.01241	0.00838	0.00707	0.00485	0.00229	0.00650	0.00416	0.00458	0.00832
57	0.01780	0.04678	0.10170	0.14017	0.26339	0.04849	0.16938	0.02287	0.01662	0.02271	0.01374	0.01847	0.01101	0.00740	0.00908	0.00243	0.06697	0.00695	0.00361	0.01044
58	0.01530	0.03301	0.01378	0.03701	0.01589	0.01158	0.00956	0.02108	0.12975	0.10822	0.14992	0.09454	0.22981	0.01499	0.00960	0.00260	0.05437	0.03321	0.00716	0.00861
59	0.02066	0.14477	0.23454	0.01751	0.04713	0.04491	0.01730	0.05483	0.04039	0.15631	0.06815	0.05166	0.01855	0.00932	0.00796	0.00231	0.04037	0.00726	0.00539	0.01068
60	0.04401	0.11633	0.52531	0.02232	0.07670	0.01910	0.04719	0.02377	0.01599	0.02374	0.01326	0.01579	0.00981	0.00706	0.00693	0.00231	0.01056	0.00557	0.00332	0.01095
61	0.26569	0.01345	0.01562	0.01241	0.01792	0.01295	0.01025	0.03245	0.01900	0.48913	0.02397	0.02167	0.01553	0.00867	0.00673	0.00235	0.00627	0.00654	0.00794	0.01146
62	0.01519	0.01400	0.02271	0.43491	0.18835	0.01621	0.01935	0.02083	0.06029	0.02119	0.01649	0.04573	0.01382	0.03660	0.04074	0.00311	0.00976	0.00759	0.00395	0.00919
63	0.02480	0.02248	0.02594	0.07097	0.10872	0.13386	0.09302	0.33239	0.05387	0.03471	0.01651	0.01836	0.01234	0.00822	0.00762	0.00228	0.00986	0.00682	0.00578	0.01145
64	0.01180	0.01146	0.06060	0.01381	0.01549	0.01094	0.04801	0.01407	0.01333	0.01865	0.02624	0.27250	0.02895	0.14588	0.17244	0.00580	0.10516	0.01295	0.00501	0.00691
65	0.01009	0.00729	0.00939	0.01074	0.01167	0.00691	0.00779	0.01182	0.01510	0.01971	0.04339	0.43025	0.11857	0.10399	0.01310	0.00360	0.00526	0.15840	0.00675	0.00620
66	0.07475	0.01509	0.02379	0.42876	0.11120	0.01733	0.06728	0.05033	0.06178	0.05438	0.01564	0.02022	0.01169	0.00770	0.00747	0.00247	0.00935	0.00688	0.00430	0.00958
67	0.01516	0.01663	0.07643	0.52818	0.09270	0.01729	0.10493	0.02064	0.01573	0.02074	0.01379	0.01984	0.01039	0.00734	0.00773	0.00250	0.01047	0.00695	0.00345	0.00912
68	0.02485	0.01421	0.01595	0.01281	0.01731	0.01471	0.01039	0.28302	0.02530	0.19462	0.02333	0.02361	0.01663	0.00908	0.00678	0.00211	0.00618	0.00711	0.28115	0.01083
69	0.00998	0.00769	0.00911	0.00883	0.01089	0.00682	0.00659	0.01282	0.01958	0.02610	0.41981	0.08329	0.31660	0.01724	0.00898	0.00248	0.00371	0.01487	0.00779	0.00682
70	0.02117	0.66073	0.03774	0.01370	0.01991	0.10409	0.01316	0.02355	0.01608	0.01792	0.01067	0.01233	0.00974	0.00664	0.00508	0.00166	0.00872	0.00415	0.00332	0.00963
71	0.01003	0.00773	0.00916	0.00880	0.01090	0.00686	0.00660	0.01295	0.01980	0.02646	0.44057	0.06318	0.31558	0.01698	0.00895	0.00246	0.00368	0.01463	0.00783	0.00686
72	0.02030	0.01700	0.01796	0.01573	0.02027	0.01953	0.01235	0.12938	0.58101	0.03404	0.02905	0.02685	0.02168	0.01012	0.00770	0.00253	0.00634	0.00832	0.00770	0.01213
73	0.01629	0.01591	0.02190	0.01854	0.01945	0.02109	0.01538	0.01820	0.01216	0.01905	0.01076	0.01694	0.01043	0.01381	0.04592	0.00335	0.60470	0.00642	0.00349	0.10621
74	0.01797	0.18420	0.44309	0.02119	0.07915	0.02040	0.02312	0.06047	0.01730	0.04654	0.01382	0.01586	0.01032	0.00720	0.00677	0.00222	0.01006	0.00550	0.00371	0.01111
75	0.01219	0.00908	0.01257	0.01390	0.01546	0.00945	0.01191	0.01534	0.01683	0.02207	0.03948	0.12851	0.06395	0.02058	0.01136	0.00342	0.05565	0.52454	0.00674	0.00699
76	0.03229	0.01252	0.01704	0.01320	0.01876	0.01085	0.01085	0.03527	0.02169	0.64190	0.07874	0.02813	0.02273	0.00985	0.00773	0.00235	0.00624	0.00808	0.00931	0.01248
77	0.01162	0.00838	0.01052	0.01128	0.01248	0.00825	0.00790	0.08612	0.01749	0.02348	0.08700	0.59597	0.04745	0.02145	0.00938	0.00294	0.00480	0.01927	0.00720	0.00702
78	0.02012	0.10041	0.18268	0.15534	0.06262	0.19436	0.08544	0.02558	0.03968	0.04392	0.01413	0.01716	0.01083	0.00743	0.00717	0.00224	0.01104	0.00605	0.00387	0.00992
79	0.00941	0.00673	0.00895	0.01045	0.01104	0.00627	0.00705	0.01098	0.01530	0.02060	0.11369	0.65306	0.05257	0.02284	0.00960	0.00300	0.00431	0.02068	0.00719	0.00627
80	0.00964	0.00790	0.00862	0.00899	0.01138	0.00689	0.00710	0.01189	0.01732	0.02095	0.06924	0.07560	0.55062	0.01957	0.00928	0.00275	0.00449	0.14422	0.00703	0.00652
81	0.01791	0.01935	0.07759	0.11598	0.47451	0.01804	0.11888	0.02306	0.01705	0.02406	0.01430	0.01900	0.01156	0.00682	0.00771	0.00234	0.00985	0.00701	0.00369	0.01130
82	0.01896	0.02985	0.43473	0.02289	0.10034	0.01651	0.04572	0.02574	0.01696	0.14271	0.01673	0.01866	0.01187	0.00925	0.02934	0.00271	0.03497	0.00632	0.00442	0.01133
83	0.01414	0.00707	0.00707	0.00707	0.00884	0.00707	0.00530	0.01767	0.01591	0.02828	0.02474	0.02828	0.01944	0.00884	0.00530	0.00177	0.00353	0.00707	0.77554	0.00707
84	0.01516	0.01497	0.02641	0.52654	0.04661	0.01794	0.12495	0.02006	0.01522	0.02006	0.01340	0.01986	0.01032	0.00802	0.00972	0.00262	0.08891	0.00709	0.00344	0.00871
85	0.01940	0.02388	0.19171	0.07351	0.28766	0.04166	0.04478	0.13009	0.04221	0.02804	0.01598	0.02024	0.01265	0.00787	0.00758	0.00236	0.00964	0.02484	0.00447	0.01142
86	0.01255	0.01253	0.06050	0.29813	0.05885	0.01220	0.01534	0.01650	0.01613	0.02100	0.05789	0.14403	0.12763	0.01396	0.00855	0.00273	0.00761	0.10082	0.00521	0.00786
87	0.21838	0.02928	0.01902	0.01716	0.02097	0.47933	0.01318	0.02737	0.01859	0.02243	0.01130	0.01356	0.00939	0.00803	0.00765	0.00216	0.06469	0.00482	0.00406	0.00861
88	0.00998	0.00772	0.00909	0.00875	0.01087	0.00683	0.00656	0.01285	0.01968	0.02617	0.42313	0.06365	0.33320	0.01709	0.00895	0.00246	0.00369	0.01470	0.00779	0.00683
89	0.02069	0.66401	0.06175	0.01359	0.02022	0.02913	0.01361	0.06661	0.01682	0.02012	0.01118	0.01272	0.00995	0.00669	0.00514	0.00169	0.00824	0.00430	0.00354	0.01000
90	0.01414	0.00707	0.00707	0.00707	0.00884	0.00707	0.00530	0.01767	0.01591	0.02828	0.02474	0.02828	0.01944	0.00884	0.00530	0.00177	0.00353	0.00707	0.77554	0.00707
91	0.00912	0.00769	0.00789	0.00784	0.01034	0.00647	0.00588	0.01118	0.01765	0.02134	0.12854	0.07160	0.63081	0.01889	0.00896	0.00255	0.00382	0.01581	0.00716	0.00647
92	0.01102	0.00805	0.01038	0.00975	0.01162	0.00756	0.00732	0.01521	0.04399	0.03046	0.65958	0.05568	0.06989	0.01533	0.00890	0.00239	0.00366	0.01354	0.00833	0.00732
93	0.03403	0.01291	0.01760	0.01350	0.01936	0.01115	0.01115	0.03697	0.02171	0.69137	0.02992	0.02582	0.01878	0.00939	0.00763	0.00235	0.00645	0.00763	0.00939	0.01291
94	0.01549	0.01316	0.01549	0.01142	0.01782	0.01002	0.00921	0.01887	0.01585	0.02458	0.01531	0.02053	0.01346	0.00667	0.00595	0.00129	0.00571	0.04782	0.00467	0.72670
95	0.01084	0.00813	0.01219	0.01219	0.01354	0.00948	0.00948	0.01354	0.01219	0.01761	0.02032	0.02980	0.01896	0.05689	0.70337	0.01219	0.02032	0.00813	0.00406	0.00677
96	0.01521	0.03923	0.69413	0.02162	0.03283	0.01762	0.02802	0.02402	0.01601	0.02402	0.01361	0.01601	0.00961	0.00721	0.00721	0.00240	0.01121	0.00560	0.00320	0.01121
97	0.03382	0.01325	0.01782	0.01366	0.01953	0.01166	0.01128	0.06277	0.02229	0.66475	0.02944	0.02550	0.01853	0.00938	0.00763	0.00234	0.00653	0.00759	0.00931	0.01291
98	0.02028	0.73799	0.03975	0.01298	0.01947	0.03001	0.01298	0.02271	0.01541	0.01785	0.01055	0.01217	0.00973	0.00649	0.00487	0.00162	0.00811	0.00406	0.00324	0.00973
99	0.03386	0.01319	0.01778	0.01363	0.01950	0.01157	0.01126	0.05812	0.02218	0.66955	0.02953	0.02556	0.01858	0.00938	0.00763	0.00234	0.00652	0.00760	0.00933	0.01291
100	0.01790	0.02046	0.04476	0.03197	0.03964	0.01918	0.65857	0.02430	0.01790	0.02430	0.01535	0.02046	0.01151	0.00639	0.00895	0.00256	0.01279	0.00895	0.00384	0.01023
101	0.00981	0.00701	0.00946	0.01122	0.01191	0.00666	0.00804	0.01155	0.01509	0.02000	0.04149	0.60482	0.04891	0.02322	0.00983	0.00316	0.00490	0.13956	0.00703	0.00632
102	0.03403	0.01291	0.01760	0.01350	0.01936	0.01115	0.01115	0.03697	0.02171	0.69137	0.02992	0.02582	0.01878	0.00939	0.00763	0.00235	0.00645	0.00763	0.00939	0.01291
103	0.01133	0.00766	0.01090	0.01090	0.01170	0.00846	0.00787	0.01230	0.01149	0.01613	0.01972	0.03280	0.01971	0.19752	0.42984	0.15869	0.01487	0.00846	0.00403	0.00563
104	0.00951	0.00671	0.00872	0.01022	0.01059	0.00634	0.00667	0.01063	0.01400	0.01867	0.03912	0.62680	0.04678	0.13007	0.01401	0.00372	0.00484	0.01999	0.00667	0.00593
105	0.02843	0.03333	0.02174	0.01915	0.02346	0.57426	0.01461	0.14974	0.02418	0.02410	0.01295	0.01454	0.01036	0.00806	0.00698	0.00202	0.01267	0.00525	0.00461	0.00957
106	0.01276	0.01134	0.01579	0.07934	0.18713	0.01119	0.01221	0.01705	0.06589	0.02254	0.06844	0.12585	0.31153	0.01476	0.00846	0.00253	0.00592	0.01286	0.00598	0.00843
107	0.02281	0.02122	0.04597	0.02522	0.20510	0.14369	0.04497	0.15721	0.06476	0.08607	0.04548	0.02402	0.06124	0.00906	0.00763	0.00228	0.00901	0.00757	0.00569	0.01101
108	0.49890	0.05917	0.03765	0.01831	0.14164	0.06436	0.01261	0.02295	0.01449	0.02949	0.01140	0.01387	0.00922	0.00723	0.00615	0.00230	0.03206	0.00478	0.00429	0.00914
109	0.01007	0.00774	0.00833	0.00833	0.01062	0.00663	0.00612	0.01198	0.01713	0.04405	0.10769	0.13749	0.52499	0.05193	0.01035	0.00282	0.00414	0.01592	0.00710	0.00657
110	0.02831	0.01164	0.01577	0.01252	0.01739	0.01017	0.01017	0.03140	0.02165	0.52904	0.19010	0.03339	0.03174	0.01089	0.00795	0.00236	0.00575	0.00912	0.00913	0.01150
111	0.01948	0.35906	0.11232	0.02034	0.02743	0.02457	0.21174	0.07093	0.01760	0.02276	0.01290	0.01575	0.01051	0.00701	0.00737	0.00211	0.03811	0.00603	0.00375	0.01023
112	0.01170	0.00775	0.01020	0.01009	0.01150	0.00785	0.00740	0.01432	0.01608	0.04204	0.24125	0.11907	0.04082	0.11317	0.21418	0.00583	0.00907	0.01167	0.09922	0.00678
113	0.01022	0.00766	0.00948	0.00918	0.01106	0.00691	0.00683	0.01326	0.02003	0.02736	0.49825	0.10660	0.21139	0.01693	0.00900	0.00247	0.00370	0.01479	0.00796	0.00691
114	0.00920	0.00769	0.00801	0.00793	0.01039	0.00650	0.00595	0.01134	0.01785	0.02181	0.15754	0.07082	0.60151	0.01872	0.00896	0.00254	0.00381	0.01570	0.00722	0.00650
115	0.01998	0.01685	0.01778	0.01566	0.02015	0.01939	0.01228	0.10974	0.60116	0.03353	0.02946	0.02717	0.02201	0.01016	0.00770	0.00254	0.00627	0.00838	0.00770	0.01211
116	0.01521	0.03923	0.69413	0.02162	0.03283	0.01762	0.02802	0.02402	0.01601	0.02402	0.01361	0.01601	0.00961	0.00721	0.00721	0.00240	0.01121	0.00560	0.00320	0.01121
117	0.02028	0.73799	0.03975	0.01298	0.01947	0.03001	0.01298	0.02271	0.01541	0.01785	0.01055	0.01217	0.00973	0.00649	0.00487	0.00162	0.00811	0.00406	0.00324	0.00973
118	0.02883	0.02125	0.02276	0.01745	0.02352	0.02352	0.01442	0.66082	0.03566	0.04780	0.01821	0.01821	0.01290	0.00911	0.00759	0.00228	0.00835	0.00683	0.00759	0.01290
119	0.02028	0.73799	0.03975	0.01298	0.01947	0.03001	0.01298	0.02271	0.01541	0.01785	0.01055	0.01217	0.00973	0.00649	0.00487	0.00162	0.00811	0.00406	0.00324	0.00973
120	0.00924	0.00660	0.00880	0.01056	0.01100	0.00616	0.00704	0.01056	0.01452	0.01936	0.04181	0.72848	0.05017	0.02376	0.00968	0.00308	0.00440	0.02156	0.00704	0.00616
121	0.01371	0.01129	0.01257	0.01228	0.01505	0.01201	0.00937	0.02422	0.30082	0.02603	0.08999	0.18415	0.17288	0.01614	0.00870	0.00274	0.00514	0.06661	0.00742	0.00889
122	0.01109	0.00712	0.00942	0.01067	0.01160	0.00654	0.00730	0.01255	0.01517	0.06971	0.04231	0.64989	0.07291	0.02251	0.00950	0.00300	0.00453	0.02030	0.00722	0.00668
123	0.01102	0.00741	0.00857	0.00857	0.00867	0.00751	0.00496	0.01122	0.01112	0.01492	0.02363	0.04815	0.02693	0.68279	0.08836	0.00772	0.00832	0.01081	0.00456	0.00476
124	0.78701	0.01467	0.01115	0.00997	0.01467	0.01702	0.00821	0.02230	0.01291	0.03403	0.01056	0.01232	0.00821	0.00704	0.00469	0.00235	0.00587	0.00411	0.00469	0.00821
125	0.01797	0.00819	0.00910	0.00831	0.01086	0.00785	0.00643	0.02138	0.01702	0.15581	0.02574	0.02781	0.01931	0.00894	0.00575	0.00188	0.00410	0.00718	0.62818	0.00819
126	0.02003	0.02045	0.07570	0.02988	0.29397	0.06822	0.05926	0.12904	0.10941	0.02849	0.01924	0.07725	0.01640	0.00909	0.00775	0.00238	0.00887	0.00814	0.00516	0.01127
127	0.01869	0.01831	0.03057	0.09173	0.59578	0.03689	0.05032	0.02324	0.01727	0.02421	0.01419	0.01881	0.01180	0.00683	0.00756	0.00228	0.00938	0.00680	0.00374	0.01160
128	0.01026	0.00810	0.00929	0.00893	0.01119	0.00733	0.00671	0.01386	0.04870	0.02577	0.36606	0.06313	0.35917	0.01703	0.00890	0.00248	0.00381	0.01457	0.00770	0.00702
129	0.00988	0.00726	0.00901	0.01002	0.01108	0.00675	0.00709	0.01157	0.01546	0.02014	0.09036	0.38172	0.17647	0.11573	0.01340	0.00354	0.00493	0.09262	0.00680	0.00617
130	0.01101	0.00744	0.00872	0.00872	0.00888	0.00760	0.00516	0.01132	0.01116	0.01504	0.02349	0.04736	0.02659	0.65585	0.11484	0.00791	0.00884	0.01070	0.00453	0.00485
131	0.01877	0.01802	0.03079	0.04656	0.68612	0.01802	0.02328	0.02328	0.01727	0.02478	0.01427	0.01877	0.01201	0.00676	0.00751	0.00225	0.00901	0.00676	0.00375	0.01201
132	0.01074	0.00767	0.01052	0.01228	0.01338	0.00746	0.00965	0.01316	0.01600	0.02104	0.04098	0.40460	0.04689	0.02235	0.01008	0.00329	0.00570	0.33062	0.00701	0.00658
133	0.02085	0.60495	0.08674	0.01423	0.02093	0.05883	0.01428	0.06700	0.01712	0.02040	0.01135	0.01294	0.00994	0.00678	0.00532	0.00174	0.00861	0.00440	0.00357	0.01002
134	0.01131	0.00874	0.01172	0.01429	0.08533	0.00840	0.00885	0.04202	0.01611	0.02143	0.05992	0.47378	0.12055	0.06675	0.01113	0.00315	0.00519	0.01766	0.00659	0.00707
135	0.02200	0.12933	0.02390	0.01749	0.02160	0.27557	0.06250	0.02794	0.13631	0.04457	0.06548	0.02166	0.01779	0.03425	0.00959	0.00240	0.06636	0.00683	0.00498	0.00945
136	0.78701	0.01467	0.01115	0.00997	0.01467	0.01702	0.00821	0.02230	0.01291	0.03403	0.01056	0.01232	0.00821	0.00704	0.00469	0.00235	0.00587	0.00411	0.00469	0.00821
137	0.02349	0.04865	0.02177	0.06971	0.02408	0.23326	0.04348	0.17514	0.08485	0.04722	0.01704	0.01908	0.01321	0.01038	0.03238	0.00258	0.05324	0.00645	0.06396	0.01002
138	0.64641	0.01368	0.01114	0.00989	0.01434	0.01547	0.00809	0.02280	0.01387	0.07948	0.01353	0.01508	0.01023	0.00741	0.00497	0.00228	0.00564	0.00469	0.09258	0.00841
139	0.01313	0.01113	0.01656	0.03721	0.06746	0.01107	0.08412	0.04396	0.08459	0.02477	0.14679	0.30495	0.09071	0.01625	0.00890	0.00270	0.00602	0.01484	0.00663	0.00820
140	0.00937	0.00685	0.00871	0.01014	0.01090	0.00632	0.00689	0.01078	0.01485	0.01941	0.04599	0.58571	0.13983	0.05487	0.01090	0.00321	0.00453	0.03767	0.00693	0.00615
141	0.01035	0.00771	0.00944	0.00903	0.01087	0.00700	0.00666	0.01330	0.01979	0.02705	0.49723	0.05995	0.20963	0.06569	0.01099	0.00277	0.00390	0.01406	0.00779	0.00681
142	0.01706	0.21536	0.50002	0.01935	0.02905	0.05034	0.02365	0.02396	0.01610	0.02223	0.01276	0.01494	0.00965	0.00705	0.00660	0.00219	0.01053	0.00518	0.00324	0.01073
143	0.02444	0.01677	0.02723	0.06211	0.07717	0.01693	0.18985	0.09520	0.06443	0.25715	0.02112	0.02216	0.01479	0.00861	0.00933	0.00249	0.06468	0.00778	0.00633	0.01143
144	0.02151	0.24882	0.26461	0.01771	0.02542	0.11776	0.01870	0.13171	0.02008	0.04786	0.01373	0.01521	0.01053	0.00746	0.00652	0.00208	0.00997	0.00530	0.00426	0.01076
145	0.01846	0.01815	0.02775	0.19936	0.42143	0.06888	0.04366	0.04408	0.01765	0.02364	0.01491	0.04054	0.01258	0.00762	0.00760	0.00233	0.00959	0.00715	0.00391	0.01072
146	0.00942	0.00692	0.00851	0.00967	0.01048	0.00637	0.00646	0.01069	0.01461	0.01897	0.04648	0.50532	0.17487	0.11784	0.01341	0.00355	0.00468	0.01903	0.00671	0.00600
147	0.01627	0.01400	0.01795	0.01553	0.01749	0.04542	0.01260	0.01864	0.01358	0.05792	0.01522	0.02104	0.01355	0.02353	0.20675	0.00526	0.31724	0.00673	0.03872	0.12254
148	0.01132	0.04001	0.01281	0.01375	0.06272	0.00938	0.00917	0.01410	0.04282	0.02147	0.10371	0.47134	0.07415	0.01969	0.00966	0.00286	0.02897	0.03820	0.00667	0.00721
149	0.03016	0.03847	0.01837	0.01368	0.01916	0.01368	0.01131	0.15214	0.02387	0.47367	0.07073	0.02610	0.02094	0.00962	0.00751	0.00229	0.00655	0.00774	0.04185	0.01216
150	0.01178	0.00838	0.01154	0.01317	0.01464	0.00833	0.01108	0.01478	0.01667	0.02175	0.03924	0.16006	0.04333	0.07025	0.01231	0.00371	0.00670	0.51873	0.00683	0.00672
151	0.37099	0.11533	0.04566	0.01995	0.14977	0.06620	0.04241	0.04252	0.01600	0.05146	0.01259	0.01480	0.00997	0.00708	0.00588	0.00221	0.00791	0.00515	0.00442	0.00970
152	0.01289	0.00893	0.01183	0.01292	0.05867	0.00872	0.03418	0.01661	0.03845	0.02471	0.05741	0.17028	0.10293	0.01464	0.00782	0.00248	0.00509	0.10906	0.29495	0.00745
153	0.01703	0.01592	0.04803	0.29089	0.21677	0.01630	0.04054	0.05073	0.05427	0.04620	0.01747	0.06859	0.01465	0.00856	0.00761	0.00237	0.00880	0.00778	0.00445	0.06303
154	0.01797	0.02133	0.18717	0.01860	0.06715	0.01513	0.06776	0.11338	0.04222	0.05048	0.03978	0.02259	0.05883	0.00815	0.00715	0.00202	0.00805	0.00691	0.00508	0.24024
155	0.01743	0.19286	0.47160	0.02054	0.05243	0.02016	0.04490	0.02431	0.01625	0.05335	0.01376	0.01585	0.01021	0.00710	0.00677	0.00223	0.01027	0.00550	0.00354	0.01095
156	0.01877	0.09572	0.02832	0.11666	0.20121	0.01950	0.10629	0.04578	0.08390	0.05394	0.01635	0.01989	0.01299	0.00830	0.00966	0.00242	0.10306	0.00699	0.03986	0.01040
157	0.01095	0.00769	0.00999	0.00999	0.01058	0.00828	0.00673	0.01213	0.01154	0.01598	0.02233	0.04095	0.02381	0.43728	0.32961	0.00947	0.01303	0.00976	0.00436	0.00555
158	0.02259	0.08993	0.02212	0.03740	0.04177	0.06634	0.01372	0.24592	0.24808	0.03351	0.02089	0.02113	0.01586	0.00928	0.00822	0.00234	0.04829	0.00702	0.03422	0.01138
159	0.01148	0.01010	0.06053	0.01062	0.01207	0.00839	0.00830	0.01313	0.01344	0.01778	0.03104	0.05762	0.07895	0.45208	0.02719	0.00568	0.00729	0.16325	0.00526	0.00581
160	0.01947	0.48632	0.23152	0.01577	0.02354	0.04861	0.01742	0.02378	0.01598	0.03988	0.01207	0.01376	0.00997	0.00683	0.00571	0.00189	0.00916	0.00465	0.00344	0.01023
161	0.01917	0.04346	0.03083	0.04439	0.64027	0.01863	0.02262	0.04481	0.01783	0.02531	0.01427	0.01852	0.01196	0.00683	0.00742	0.00223	0.00896	0.00667	0.00387	0.01196
162	0.01103	0.00735	0.00827	0.00827	0.00827	0.00735	0.00460	0.01103	0.01103	0.01471	0.02390	0.04964	0.02758	0.73343	0.03861	0.00735	0.00735	0.01103	0.00460	0.00460
163	0.01432	0.01326	0.02220	0.69029	0.05071	0.01651	0.02051	0.01932	0.01519	0.01969	0.01388	0.02051	0.01044	0.00763	0.00750	0.00250	0.00988	0.00675	0.03053	0.00838
164	0.01333	0.01192	0.01875	0.22164	0.02718	0.01491	0.03629	0.01663	0.01314	0.01849	0.01593	0.02385	0.01418	0.03137	0.33039	0.00713	0.16603	0.00743	0.00369	0.00770
165	0.01179	0.00859	0.01161	0.01313	0.01498	0.00842	0.01136	0.01507	0.01744	0.02240	0.04508	0.08388	0.12932	0.02072	0.01027	0.00337	0.00656	0.55212	0.00699	0.00691
166	0.01414	0.00707	0.00707	0.00707	0.00884	0.00707	0.00530	0.01767	0.01591	0.02828	0.02474	0.02828	0.01944	0.00884	0.00530	0.00177	0.00353	0.00707	0.77554	0.00707
167	0.00896	0.00768	0.00768	0.00768	0.01025	0.00640	0.00576	0.01089	0.01729	0.02049	0.07684	0.07300	0.68304	0.01921	0.00896	0.00256	0.00384	0.01601	0.00704	0.00640
168	0.00944	0.00674	0.00903	0.01079	0.01132	0.00633	0.00739	0.01091	0.01472	0.01959	0.04170	0.68521	0.04973	0.02357	0.00973	0.00311	0.00457	0.06286	0.00704	0.00622
169	0.02773	0.02018	0.02159	0.01667	0.02242	0.02229	0.01373	0.61268	0.03418	0.04634	0.01870	0.01896	0.01339	0.00909	0.00742	0.00224	0.00799	0.00685	0.06507	0.01246
170	0.78701	0.01467	0.01115	0.00997	0.01467	0.01702	0.00821	0.02230	0.01291	0.03403	0.01056	0.01232	0.00821	0.00704	0.00469	0.00235	0.00587	0.00411	0.00469	0.00821
171	0.01394	0.00711	0.00724	0.00721	0.00898	0.00707	0.00541	0.01748	0.01622	0.02840	0.06227	0.02990	0.02242	0.00922	0.00551	0.00180	0.00354	0.00745	0.73174	0.00707
172	0.01963	0.69630	0.03792	0.01268	0.01894	0.02867	0.01257	0.02204	0.01552	0.01800	0.01433	0.01564	0.04817	0.00722	0.00510	0.00168	0.00787	0.00474	0.00346	0.00954
173	0.01073	0.00810	0.01193	0.01193	0.01336	0.00931	0.00927	0.01339	0.01248	0.01777	0.02354	0.03226	0.05687	0.05474	0.66373	0.01164	0.01938	0.00858	0.00423	0.00675
174	0.01116	0.00708	0.00942	0.01061	0.01148	0.00654	0.00724	0.01235	0.01487	0.06523	0.04080	0.61281	0.07208	0.02273	0.01065	0.04732	0.00464	0.01952	0.00699	0.00647
175	0.02013	0.26767	0.07395	0.01613	0.05111	0.06684	0.03897	0.04583	0.05473	0.06534	0.01466	0.01614	0.01176	0.00689	0.00608	0.00175	0.00803	0.00524	0.00447	0.22425
176	0.02798	0.02145	0.02271	0.05738	0.02516	0.05248	0.01481	0.59698	0.03388	0.04492	0.01766	0.01813	0.01261	0.00896	0.00756	0.00228	0.00868	0.00674	0.00719	0.01247
177	0.00934	0.00664	0.00877	0.01043	0.01085	0.00623	0.00690	0.01059	0.01432	0.01910	0.04078	0.68973	0.04888	0.06428	0.01133	0.00332	0.00457	0.02096	0.00690	0.00607
178	0.01559	0.01348	0.01642	0.08054	0.02135	0.01077	0.01018	0.01913	0.01567	0.02419	0.01348	0.01617	0.01112	0.00581	0.00581	0.00126	0.00606	0.00472	0.00438	0.70385
179	0.73026	0.01516	0.01202	0.01053	0.01533	0.01750	0.00868	0.07009	0.01461	0.03506	0.01113	0.01276	0.00857	0.00720	0.00491	0.00234	0.00605	0.00431	0.00491	0.00857
180	0.00930	0.00763	0.00819	0.00818	0.01048	0.00653	0.00609	0.01149	0.01789	0.02222	0.18403	0.10747	0.53660	0.01880	0.00900	0.00256	0.00383	0.01591	0.00728	0.00653
181	0.78701	0.01467	0.01115	0.00997	0.01467	0.01702	0.00821	0.02230	0.01291	0.03403	0.01056	0.01232	0.00821	0.00704	0.00469	0.00235	0.00587	0.00411	0.00469	0.00821
182	0.00999	0.00719	0.00917	0.01028	0.01137	0.00652	0.00703	0.01162	0.01482	0.02032	0.04028	0.60575	0.07390	0.02135	0.00910	0.00284	0.00442	0.01921	0.05072	0.06413
183	0.12189	0.01588	0.02205	0.05397	0.15496	0.03944	0.07646	0.06667	0.01911	0.22055	0.02367	0.02607	0.06052	0.00934	0.00810	0.00243	0.03199	0.03014	0.00608	0.01070
184	0.06335	0.01919	0.02897	0.04245	0.59818	0.06923	0.02177	0.02375	0.01734	0.02484	0.01387	0.01802	0.01163	0.00685	0.00730	0.00224	0.00918	0.00647	0.00382	0.01156
185	0.03278	0.01469	0.05640	0.01409	0.02027	0.01193	0.01222	0.05718	0.02185	0.63165	0.02860	0.02500	0.01806	0.00925	0.00760	0.00235	0.00679	0.00749	0.00897	0.01281
186	0.01488	0.01267	0.05341	0.13192	0.06243	0.01254	0.01243	0.06668	0.06194	0.02543	0.02494	0.19265	0.02358	0.01231	0.00820	0.00244	0.03828	0.01046	0.22437	0.00845
