[name]
unknown

[dist]
# distance from previous block
# <min> <max>
0	39

[block]
# block no. 0 follows, 35 sequences, length 98
# corresponding to MSA columns:
# 39-136
name=unknown_A
#
# <colnr> <probs for GDERKNQSTAVLIFYWHMCP>
#	G	D	E	R	K	N	Q	S	T	A	V	L	I	F	Y	W	H	M	C	P
0	0.00940	0.00762	0.03245	0.01105	0.01242	0.00688	0.02828	0.01173	0.01348	0.01780	0.03264	0.35349	0.03686	0.03176	0.00880	0.00279	0.00521	0.36599	0.00565	0.00571
1	0.04644	0.43540	0.08532	0.01342	0.01885	0.04259	0.08292	0.07028	0.04143	0.06421	0.01246	0.03864	0.01047	0.00644	0.00515	0.00167	0.00722	0.00492	0.00365	0.00854
2	0.01652	0.01538	0.02371	0.05940	0.56734	0.03088	0.01773	0.08534	0.07920	0.02276	0.01341	0.01632	0.01085	0.00614	0.00629	0.00191	0.00737	0.00576	0.00372	0.00995
3	0.01281	0.01065	0.01253	0.00934	0.01420	0.00844	0.00741	0.04204	0.01467	0.02228	0.14319	0.01947	0.01865	0.00632	0.00527	0.00117	0.00447	0.00524	0.00445	0.63742
4	0.01462	0.01660	0.03596	0.02577	0.03198	0.01553	0.68066	0.01979	0.01495	0.02017	0.01528	0.01920	0.04415	0.00586	0.00749	0.00214	0.01034	0.00777	0.00334	0.00840
5	0.00857	0.00743	0.00982	0.00919	0.01147	0.00657	0.06924	0.01065	0.01433	0.01760	0.05281	0.11999	0.51174	0.01564	0.00773	0.00229	0.00429	0.10929	0.00564	0.00569
6	0.00758	0.00635	0.00659	0.00670	0.00866	0.00536	0.00496	0.00919	0.01439	0.01737	0.08727	0.12430	0.64701	0.01629	0.00755	0.00218	0.00325	0.01373	0.00593	0.00536
7	0.01496	0.01280	0.12844	0.01025	0.01393	0.01008	0.00952	0.09616	0.07964	0.09596	0.11008	0.02388	0.02009	0.00806	0.00566	0.00178	0.00487	0.00656	0.33942	0.00787
8	0.01364	0.01356	0.01897	0.01636	0.01637	0.01888	0.01357	0.01502	0.00981	0.01530	0.00935	0.04292	0.00961	0.01144	0.02033	0.00277	0.73630	0.00603	0.00289	0.00687
9	0.01093	0.00908	0.00868	0.00846	0.01056	0.08247	0.00634	0.01272	0.01517	0.06903	0.13008	0.15365	0.41170	0.01472	0.00735	0.00214	0.00432	0.03069	0.00589	0.00600
10	0.01338	0.02932	0.58101	0.01895	0.02703	0.03508	0.10446	0.01986	0.01340	0.01960	0.01126	0.01382	0.00825	0.00638	0.00741	0.00208	0.07184	0.00508	0.00277	0.00902
11	0.01525	0.01769	0.11014	0.05872	0.46284	0.03772	0.12104	0.01948	0.01417	0.01995	0.01170	0.01545	0.00954	0.00602	0.00727	0.00199	0.05283	0.00575	0.00307	0.00938
12	0.02298	0.01767	0.01751	0.01390	0.01842	0.10147	0.01128	0.51295	0.05016	0.08136	0.04084	0.01700	0.01306	0.00772	0.00623	0.00187	0.00700	0.00583	0.04277	0.00998
13	0.00953	0.00665	0.00859	0.00890	0.01012	0.00635	0.00643	0.01254	0.05796	0.04596	0.32417	0.37876	0.04694	0.01584	0.00770	0.00230	0.00360	0.03518	0.00644	0.00601
14	0.02060	0.25191	0.02333	0.01560	0.04328	0.41633	0.03822	0.04222	0.06095	0.01705	0.01085	0.01229	0.00905	0.00629	0.00538	0.00162	0.00937	0.00430	0.00338	0.00799
15	0.00942	0.00728	0.01049	0.01034	0.01120	0.00859	0.00790	0.01130	0.01018	0.01462	0.01771	0.07466	0.01765	0.11882	0.56287	0.00861	0.08159	0.00768	0.00355	0.00555
16	0.02182	0.01597	0.01713	0.01360	0.01814	0.01769	0.01108	0.51507	0.16529	0.05832	0.01798	0.01764	0.01298	0.00780	0.00624	0.00193	0.00628	0.00603	0.05868	0.01033
17	0.00824	0.00617	0.00765	0.00788	0.00918	0.00558	0.00568	0.01031	0.01531	0.02058	0.35708	0.27847	0.21292	0.01587	0.00768	0.00221	0.00326	0.01398	0.00638	0.00558
18	0.01047	0.00855	0.00967	0.00937	0.00999	0.05886	0.00653	0.01147	0.01020	0.01357	0.01746	0.03177	0.01852	0.41653	0.28276	0.00704	0.06096	0.00777	0.00358	0.00493
19	0.01696	0.78087	0.03324	0.01085	0.01628	0.02510	0.01085	0.01900	0.01289	0.01493	0.00882	0.01018	0.00814	0.00543	0.00407	0.00136	0.00678	0.00339	0.00271	0.00814
20	0.10246	0.00872	0.00991	0.00882	0.01147	0.00879	0.00688	0.01962	0.11231	0.15238	0.27721	0.03036	0.03123	0.00948	0.00609	0.00189	0.00389	0.00789	0.18311	0.00747
21	0.01490	0.01415	0.02402	0.08373	0.64104	0.01431	0.01839	0.01851	0.01417	0.02011	0.01352	0.06924	0.01220	0.00670	0.00641	0.00195	0.00732	0.00653	0.00331	0.00951
22	0.01102	0.00551	0.00826	0.00826	0.00826	0.00551	0.00551	0.00826	0.00826	0.01102	0.01102	0.01928	0.01102	0.02204	0.02479	0.81543	0.00551	0.00551	0.00275	0.00275
23	0.00779	0.00647	0.00683	0.00683	0.00886	0.00551	0.00517	0.00963	0.01492	0.01828	0.14969	0.05968	0.62135	0.01572	0.00754	0.00215	0.00328	0.03880	0.00603	0.00546
24	0.01315	0.01128	0.01315	0.00940	0.01503	0.00846	0.00752	0.01597	0.01315	0.02067	0.01128	0.01315	0.00940	0.00470	0.00470	0.00094	0.00470	0.00376	0.00376	0.81583
25	0.01232	0.00697	0.00742	0.00715	0.00877	0.00716	0.00535	0.07523	0.01433	0.02356	0.02119	0.08545	0.01818	0.04421	0.04012	0.00221	0.00415	0.00708	0.60297	0.00617
26	0.02360	0.01751	0.01875	0.01449	0.01948	0.01943	0.01193	0.67413	0.07286	0.03915	0.01589	0.01575	0.01132	0.00768	0.00635	0.00192	0.00686	0.00580	0.00635	0.01074
27	0.02846	0.01080	0.01472	0.01129	0.01619	0.00932	0.00932	0.03092	0.01816	0.74187	0.02503	0.02159	0.01570	0.00785	0.00638	0.00196	0.00540	0.00638	0.00785	0.01080
28	0.01570	0.01507	0.02575	0.03894	0.73748	0.01507	0.01947	0.01947	0.01444	0.02073	0.01193	0.01570	0.01005	0.00565	0.00628	0.00188	0.00754	0.00565	0.00314	0.01005
29	0.00916	0.00612	0.00694	0.00701	0.00702	0.00610	0.00394	0.00921	0.00936	0.01248	0.02067	0.07478	0.02392	0.74262	0.03119	0.00599	0.00604	0.00963	0.00394	0.00390
30	0.00900	0.00667	0.00842	0.00795	0.00957	0.00618	0.00597	0.01225	0.03654	0.02458	0.64372	0.04821	0.13078	0.01318	0.00746	0.00202	0.00307	0.01156	0.00685	0.00603
31	0.01229	0.00877	0.01041	0.00914	0.01152	0.00863	0.00709	0.14718	0.01975	0.04957	0.48099	0.04231	0.14286	0.01221	0.00723	0.00200	0.00386	0.01047	0.00674	0.00697
32	0.00845	0.00625	0.00803	0.00903	0.01013	0.00583	0.00682	0.01030	0.01377	0.01797	0.10631	0.38677	0.17428	0.01789	0.00810	0.00253	0.00409	0.19204	0.00598	0.00545
33	0.82186	0.01227	0.00932	0.00834	0.01227	0.01423	0.00687	0.01865	0.01080	0.02846	0.00883	0.01031	0.00687	0.00589	0.00393	0.00196	0.00491	0.00344	0.00393	0.00687
34	0.13078	0.01557	0.01627	0.01289	0.01744	0.01723	0.01056	0.48384	0.08801	0.06929	0.01612	0.01616	0.01161	0.00747	0.00591	0.00191	0.00619	0.00558	0.05730	0.00988
35	0.01414	0.01364	0.02191	0.19389	0.41527	0.03948	0.04009	0.01763	0.01381	0.01885	0.01447	0.08529	0.01339	0.00775	0.00713	0.00207	0.03657	0.03271	0.00341	0.00853
36	0.01579	0.01219	0.01402	0.01052	0.01578	0.01059	0.00844	0.08986	0.10635	0.07955	0.01460	0.01536	0.01130	0.00574	0.00522	0.00127	0.00502	0.00460	0.00468	0.56912
37	0.01831	0.02095	0.02026	0.23493	0.20959	0.35318	0.01563	0.02123	0.01557	0.01705	0.01077	0.01409	0.00873	0.00626	0.00604	0.00184	0.00959	0.00493	0.00311	0.00795
38	0.67974	0.01295	0.01081	0.00934	0.01336	0.01488	0.00768	0.12364	0.01365	0.02983	0.01002	0.01144	0.00770	0.00727	0.02440	0.00218	0.00554	0.00387	0.00428	0.00743
39	0.01915	0.01567	0.01878	0.01768	0.10843	0.06138	0.04994	0.17957	0.26385	0.09869	0.01836	0.01859	0.01370	0.00787	0.00774	0.00207	0.07707	0.00626	0.00545	0.00975
40	0.82186	0.01227	0.00932	0.00834	0.01227	0.01423	0.00687	0.01865	0.01080	0.02846	0.00883	0.01031	0.00687	0.00589	0.00393	0.00196	0.00491	0.00344	0.00393	0.00687
41	0.00985	0.00757	0.00834	0.00798	0.01017	0.00705	0.00602	0.03955	0.07889	0.04426	0.17303	0.11852	0.43617	0.01462	0.00738	0.00214	0.00360	0.01240	0.00622	0.00625
42	0.00782	0.00619	0.00707	0.00760	0.00908	0.00544	0.00554	0.00942	0.01394	0.01746	0.09560	0.29125	0.42904	0.01718	0.00776	0.00232	0.00350	0.05250	0.00596	0.00536
43	0.01463	0.10613	0.27663	0.02144	0.02845	0.03673	0.35981	0.02007	0.01411	0.01935	0.01167	0.01483	0.00884	0.00581	0.00701	0.00202	0.03487	0.00593	0.00296	0.00870
44	0.00806	0.00662	0.00712	0.00710	0.00905	0.00582	0.00528	0.01044	0.03999	0.01881	0.17475	0.10948	0.54411	0.01555	0.00750	0.00215	0.00327	0.01318	0.00610	0.00561
45	0.00908	0.00672	0.00982	0.00982	0.01082	0.00772	0.00746	0.01108	0.01008	0.01445	0.01734	0.02685	0.01669	0.13217	0.66846	0.00973	0.01574	0.00708	0.00345	0.00545
46	0.01361	0.02890	0.59604	0.01764	0.02599	0.01458	0.06942	0.06794	0.01463	0.02172	0.01237	0.01446	0.00888	0.00618	0.00605	0.00198	0.00888	0.00503	0.05653	0.00919
47	0.00805	0.00597	0.00755	0.00844	0.00940	0.00547	0.00600	0.00967	0.01365	0.01797	0.14603	0.47451	0.17947	0.01792	0.00793	0.00243	0.00364	0.06448	0.00605	0.00537
48	0.10674	0.08870	0.01805	0.01380	0.01795	0.25481	0.01106	0.22686	0.13615	0.04512	0.01422	0.01458	0.01083	0.00706	0.00570	0.00182	0.00782	0.00499	0.00483	0.00891
49	0.19208	0.01894	0.13246	0.08427	0.04565	0.06906	0.03457	0.27688	0.01939	0.05045	0.01261	0.01403	0.00920	0.00667	0.00576	0.00194	0.00745	0.00501	0.00454	0.00904
50	0.48031	0.13520	0.01552	0.01102	0.03894	0.05500	0.02634	0.01978	0.03950	0.04249	0.01037	0.01175	0.00825	0.00588	0.00444	0.00177	0.00579	0.00389	0.00384	0.07993
51	0.16148	0.12726	0.28716	0.01826	0.13646	0.07742	0.01630	0.04667	0.03688	0.02158	0.01114	0.01300	0.00864	0.00604	0.00542	0.00186	0.00786	0.00451	0.00329	0.00877
52	0.00956	0.00676	0.00834	0.00839	0.00989	0.00622	0.00608	0.03635	0.01522	0.03901	0.26149	0.33483	0.14477	0.01535	0.00745	0.00219	0.00356	0.01355	0.03641	0.03459
53	0.01567	0.04452	0.24049	0.02342	0.25133	0.10092	0.04223	0.04644	0.08808	0.02130	0.05421	0.01700	0.01297	0.00664	0.00620	0.00192	0.00810	0.00567	0.00368	0.00922
54	0.01149	0.01008	0.01589	0.04773	0.31057	0.01020	0.01233	0.01390	0.01319	0.01816	0.02460	0.35277	0.05103	0.01298	0.00780	0.00228	0.03581	0.03733	0.00453	0.00734
55	0.00841	0.00670	0.00795	0.00819	0.03187	0.00593	0.00582	0.01067	0.01592	0.02083	0.35293	0.07274	0.40025	0.01450	0.00747	0.00208	0.00327	0.01244	0.00628	0.00577
56	0.01751	0.01643	0.02436	0.05462	0.52898	0.07640	0.04837	0.09004	0.01638	0.04751	0.01257	0.01561	0.01010	0.00601	0.00630	0.00189	0.00790	0.00563	0.00363	0.00977
57	0.01516	0.16552	0.40484	0.01695	0.02434	0.03687	0.09269	0.07545	0.07112	0.02111	0.01247	0.01410	0.00934	0.00619	0.00587	0.00190	0.00857	0.00501	0.00334	0.00917
58	0.00885	0.00718	0.00773	0.00747	0.00942	0.00667	0.00551	0.01230	0.09024	0.01930	0.18893	0.05238	0.45238	0.09185	0.00990	0.00252	0.00366	0.01192	0.00596	0.00583
59	0.04197	0.07333	0.48760	0.01686	0.05041	0.01453	0.04952	0.05076	0.01441	0.02157	0.05740	0.01623	0.01207	0.00654	0.00591	0.00193	0.00811	0.00528	0.05676	0.00882
60	0.01445	0.01387	0.02193	0.31328	0.40691	0.04676	0.01776	0.01827	0.01387	0.01890	0.01199	0.01634	0.00964	0.00603	0.00620	0.00194	0.00785	0.00559	0.03982	0.00859
61	0.01635	0.07903	0.15754	0.02097	0.23278	0.01520	0.01525	0.16000	0.01694	0.02403	0.01210	0.01414	0.00952	0.00588	0.00570	0.00165	0.00705	0.00486	0.00381	0.19719
62	0.01811	0.04796	0.09309	0.02104	0.18407	0.24184	0.04081	0.06087	0.05318	0.03818	0.05324	0.01618	0.01253	0.00723	0.00759	0.00192	0.08434	0.00549	0.00378	0.00855
63	0.05277	0.01347	0.01674	0.01304	0.01725	0.01402	0.03286	0.23307	0.01931	0.27748	0.01714	0.01785	0.01227	0.03502	0.00900	0.00210	0.10886	0.00581	0.00583	0.09611
64	0.00901	0.00618	0.00723	0.00748	0.00780	0.00606	0.00465	0.00954	0.01057	0.01400	0.05353	0.13376	0.06644	0.56302	0.02546	0.00512	0.00554	0.05585	0.00446	0.00430
65	0.01570	0.01507	0.02575	0.03894	0.73748	0.01507	0.01947	0.01947	0.01444	0.02073	0.01193	0.01570	0.01005	0.00565	0.00628	0.00188	0.00754	0.00565	0.00314	0.01005
66	0.01183	0.00591	0.00591	0.00591	0.00739	0.00591	0.00443	0.01478	0.01330	0.02365	0.02069	0.02365	0.01626	0.00739	0.00443	0.00148	0.00296	0.00591	0.81227	0.00591
67	0.61458	0.01064	0.00845	0.00772	0.01102	0.01210	0.00625	0.01766	0.01144	0.02723	0.01187	0.01372	0.00927	0.00627	0.00406	0.00184	0.00441	0.00407	0.21077	0.00663
68	0.01752	0.01449	0.01533	0.01326	0.01716	0.01659	0.01046	0.17640	0.58049	0.02935	0.02361	0.02190	0.01757	0.00840	0.00643	0.00210	0.00543	0.00687	0.00643	0.01020
69	0.00922	0.00617	0.00701	0.00701	0.00704	0.00620	0.00396	0.00928	0.00925	0.01237	0.01991	0.04106	0.02287	0.75719	0.05189	0.00626	0.00645	0.00916	0.00383	0.00389
70	0.54892	0.11730	0.01552	0.01365	0.11990	0.03138	0.00963	0.01884	0.01173	0.02475	0.00929	0.01123	0.00759	0.00599	0.00493	0.00189	0.03252	0.00384	0.00359	0.00752
71	0.05683	0.01078	0.01412	0.01103	0.01571	0.00961	0.00906	0.02959	0.04893	0.65050	0.02624	0.02305	0.04824	0.00818	0.00634	0.00198	0.00526	0.00662	0.00755	0.01037
72	0.02430	0.01685	0.01839	0.01417	0.01917	0.01839	0.01168	0.61591	0.05356	0.11720	0.01670	0.01624	0.01164	0.00768	0.00635	0.00192	0.00674	0.00584	0.00652	0.01076
73	0.04646	0.01763	0.01894	0.03908	0.07007	0.05716	0.01243	0.56274	0.02641	0.03555	0.01425	0.01489	0.01036	0.00722	0.00617	0.00186	0.00715	0.00548	0.00568	0.04046
74	0.00921	0.05425	0.00972	0.00913	0.01042	0.02738	0.00648	0.01056	0.01253	0.01653	0.03164	0.61037	0.06197	0.01712	0.00746	0.00231	0.00416	0.01530	0.00543	0.07802
75	0.08531	0.01212	0.01756	0.51903	0.08791	0.03926	0.01529	0.04280	0.01373	0.01883	0.03450	0.01953	0.05443	0.00708	0.00620	0.00206	0.00765	0.00603	0.00339	0.00727
76	0.01785	0.26134	0.24003	0.01525	0.02125	0.20779	0.03676	0.07180	0.03850	0.01897	0.01097	0.01247	0.00871	0.00615	0.00542	0.00171	0.00883	0.00437	0.00324	0.00857
77	0.01223	0.01215	0.04234	0.69332	0.06297	0.01420	0.01763	0.01697	0.03479	0.01679	0.01175	0.01697	0.00883	0.00638	0.00633	0.00211	0.00835	0.00566	0.00294	0.00730
78	0.01210	0.01122	0.01684	0.10945	0.01871	0.01434	0.05428	0.01413	0.01061	0.01550	0.01294	0.04797	0.01266	0.09215	0.15242	0.00431	0.36871	0.00675	0.01849	0.00643
79	0.00809	0.00584	0.00767	0.00900	0.00962	0.00549	0.00634	0.00944	0.01254	0.01651	0.03623	0.61005	0.08579	0.04227	0.00888	0.00270	0.00402	0.10847	0.00582	0.00522
80	0.02721	0.01069	0.01444	0.01119	0.01591	0.00938	0.00920	0.03017	0.04004	0.68815	0.05632	0.02279	0.01776	0.00810	0.00643	0.00197	0.00528	0.00663	0.00777	0.01056
81	0.01360	0.01154	0.01236	0.01127	0.01433	0.01285	0.00871	0.02701	0.51977	0.02510	0.14159	0.03240	0.12191	0.01029	0.00676	0.00213	0.00446	0.00868	0.00646	0.00878
82	0.82186	0.01227	0.00932	0.00834	0.01227	0.01423	0.00687	0.01865	0.01080	0.02846	0.00883	0.01031	0.00687	0.00589	0.00393	0.00196	0.00491	0.00344	0.00393	0.00687
83	0.01745	0.72614	0.03213	0.01125	0.01652	0.07807	0.01096	0.01946	0.01326	0.01497	0.00889	0.01027	0.00814	0.00551	0.00419	0.00138	0.00712	0.00344	0.00275	0.00808
84	0.00944	0.03364	0.00798	0.00724	0.00748	0.00685	0.00430	0.00963	0.00949	0.01261	0.02000	0.06464	0.02292	0.69864	0.05548	0.00600	0.00647	0.00923	0.00386	0.00410
85	0.01771	0.04855	0.16984	0.04284	0.17062	0.12624	0.06018	0.04647	0.04054	0.11772	0.03704	0.01847	0.01286	0.00697	0.00621	0.00192	0.00796	0.02609	0.03281	0.00897
86	0.82186	0.01227	0.00932	0.00834	0.01227	0.01423	0.00687	0.01865	0.01080	0.02846	0.00883	0.01031	0.00687	0.00589	0.00393	0.00196	0.00491	0.00344	0.00393	0.00687
87	0.01451	0.01412	0.02227	0.31318	0.30056	0.04133	0.06796	0.02029	0.10448	0.01950	0.01344	0.01713	0.01052	0.00630	0.00639	0.00202	0.00794	0.00592	0.00345	0.00868
88	0.00788	0.00563	0.00753	0.00900	0.00943	0.00528	0.00614	0.00909	0.01229	0.01636	0.03488	0.73185	0.04164	0.01974	0.00814	0.00260	0.00381	0.05766	0.00589	0.00519
89	0.01880	0.04859	0.11773	0.02149	0.08929	0.18505	0.27044	0.03730	0.01607	0.11393	0.01337	0.01550	0.00989	0.00611	0.00649	0.00193	0.00951	0.00585	0.00381	0.00884
90	0.00843	0.00659	0.00767	0.00755	0.00931	0.00593	0.00565	0.01107	0.03478	0.02098	0.35284	0.10636	0.35748	0.01482	0.00753	0.00212	0.00325	0.02551	0.00638	0.00575
91	0.00964	0.00589	0.00845	0.00875	0.00921	0.00606	0.00613	0.00922	0.00985	0.01333	0.02007	0.17902	0.05089	0.04790	0.20465	0.38624	0.00795	0.00887	0.00373	0.00413
92	0.01814	0.64923	0.03057	0.01182	0.01687	0.15250	0.01110	0.02011	0.01378	0.01503	0.00899	0.01040	0.00815	0.00562	0.00436	0.00141	0.00760	0.00351	0.00281	0.00800
93	0.00797	0.00573	0.00750	0.00866	0.00923	0.00535	0.00590	0.00930	0.01278	0.01708	0.10421	0.62172	0.07340	0.04748	0.00894	0.00265	0.00375	0.03722	0.00592	0.00521
94	0.01280	0.03229	0.72074	0.01837	0.02765	0.01478	0.04636	0.02010	0.01345	0.02010	0.01143	0.01352	0.00809	0.00600	0.00608	0.00201	0.00942	0.00478	0.00270	0.00935
95	0.01604	0.27006	0.07550	0.17976	0.14807	0.11463	0.03618	0.01922	0.01371	0.01682	0.01029	0.01337	0.00859	0.00614	0.00627	0.00179	0.04782	0.00468	0.00290	0.00817
96	0.03828	0.01124	0.01233	0.01036	0.01424	0.03577	0.00811	0.05877	0.10814	0.04108	0.01945	0.14767	0.01836	0.00907	0.00592	0.00166	0.00498	0.05197	0.03229	0.37030
97	0.04253	0.14053	0.12368	0.01326	0.01798	0.07650	0.01213	0.25908	0.06581	0.02579	0.01821	0.11852	0.04152	0.00893	0.00610	0.00193	0.00688	0.00704	0.00484	0.00874

[dist]
# distance from previous block
# <min> <max>
5	7

[block]
# block no. 1 follows, 35 sequences, length 43
# corresponding to MSA columns:
# 144-174,186-197
name=unknown_B
#
# <colnr> <probs for GDERKNQSTAVLIFYWHMCP>
#	G	D	E	R	K	N	Q	S	T	A	V	L	I	F	Y	W	H	M	C	P
0	0.01660	0.08257	0.14525	0.06329	0.13164	0.16305	0.08771	0.02235	0.10789	0.04447	0.06226	0.01760	0.01381	0.00684	0.00618	0.00190	0.00825	0.00580	0.00389	0.00866
1	0.02610	0.01283	0.06963	0.01440	0.08512	0.01027	0.01132	0.02904	0.01746	0.62049	0.02278	0.02043	0.01460	0.00751	0.00634	0.00196	0.00589	0.00619	0.00703	0.01062
2	0.01388	0.01388	0.01943	0.01666	0.01666	0.01943	0.01388	0.01527	0.00972	0.01527	0.00833	0.01388	0.00833	0.01110	0.02082	0.00278	0.76544	0.00555	0.00278	0.00694
3	0.01802	0.06884	0.07768	0.04908	0.24201	0.10998	0.01473	0.12054	0.13423	0.05801	0.01621	0.01743	0.03128	0.00696	0.00612	0.00189	0.00745	0.00573	0.00438	0.00942
4	0.23059	0.13227	0.25464	0.01460	0.04504	0.01626	0.04382	0.07894	0.03776	0.07372	0.01216	0.01340	0.00901	0.00621	0.00532	0.00190	0.00718	0.00460	0.00384	0.00876
5	0.00787	0.00636	0.00672	0.00674	0.00867	0.00545	0.00501	0.00968	0.01472	0.01840	0.14525	0.09959	0.57976	0.01555	0.00741	0.00212	0.00320	0.01311	0.03894	0.00545
6	0.00756	0.00639	0.00653	0.00658	0.00862	0.00537	0.00490	0.00919	0.01448	0.01737	0.08499	0.08966	0.68454	0.01612	0.00752	0.00216	0.00323	0.01352	0.00593	0.00537
7	0.02370	0.03023	0.01798	0.01634	0.01961	0.75158	0.01226	0.02533	0.01798	0.01553	0.00981	0.01144	0.00817	0.00654	0.00572	0.00163	0.01144	0.00409	0.00327	0.00735
8	0.02033	0.01222	0.01360	0.01106	0.01484	0.01286	0.00893	0.27970	0.10274	0.18143	0.02018	0.02011	0.01448	0.00771	0.00578	0.00182	0.00520	0.00608	0.25172	0.00922
9	0.00774	0.00636	0.00685	0.00718	0.00901	0.00547	0.00539	0.00937	0.01413	0.01714	0.05758	0.16807	0.57887	0.01674	0.00768	0.00227	0.00348	0.06543	0.00589	0.00536
10	0.01804	0.70853	0.03150	0.01090	0.01627	0.02362	0.01071	0.02012	0.01338	0.08321	0.01034	0.01125	0.00885	0.00566	0.00429	0.00141	0.00665	0.00367	0.00320	0.00839
11	0.57330	0.01181	0.01102	0.00927	0.01350	0.01269	0.00764	0.02249	0.01310	0.25197	0.01391	0.01384	0.00964	0.00650	0.00469	0.00196	0.00506	0.00436	0.00516	0.00810
12	0.00872	0.00677	0.00793	0.00782	0.00961	0.00619	0.00598	0.01152	0.03998	0.02085	0.33058	0.05459	0.34133	0.04129	0.00845	0.00230	0.00355	0.08049	0.00628	0.00577
13	0.60802	0.01209	0.01091	0.00924	0.01344	0.01324	0.00762	0.04369	0.01315	0.19836	0.01288	0.01314	0.00909	0.00641	0.00459	0.00196	0.00509	0.00421	0.00494	0.00793
14	0.82186	0.01227	0.00932	0.00834	0.01227	0.01423	0.00687	0.01865	0.01080	0.02846	0.00883	0.01031	0.00687	0.00589	0.00393	0.00196	0.00491	0.00344	0.00393	0.00687
15	0.01599	0.03569	0.04166	0.01904	0.08294	0.04880	0.22289	0.11082	0.15174	0.03965	0.07800	0.06256	0.01859	0.00828	0.00689	0.00208	0.00745	0.03332	0.00486	0.00876
16	0.02102	0.01813	0.02125	0.01663	0.02142	0.11799	0.14576	0.31639	0.15537	0.07532	0.01665	0.01706	0.01213	0.00724	0.00650	0.00196	0.00783	0.00614	0.00544	0.00975
17	0.01192	0.00906	0.00995	0.00926	0.01167	0.02758	0.00715	0.06342	0.11449	0.06267	0.22385	0.09124	0.26822	0.01327	0.00727	0.00214	0.00417	0.04943	0.00632	0.00691
18	0.48241	0.09401	0.03967	0.01036	0.01419	0.14894	0.00871	0.01917	0.01259	0.02343	0.01126	0.06186	0.00994	0.00695	0.00464	0.00187	0.00630	0.00465	0.03202	0.00703
19	0.01173	0.00611	0.00641	0.03259	0.00865	0.00621	0.00488	0.01462	0.01313	0.02296	0.02034	0.02408	0.01624	0.03618	0.00555	0.00168	0.00327	0.00603	0.75347	0.00588
20	0.82186	0.01227	0.00932	0.00834	0.01227	0.01423	0.00687	0.01865	0.01080	0.02846	0.00883	0.01031	0.00687	0.00589	0.00393	0.00196	0.00491	0.00344	0.00393	0.00687
21	0.02830	0.01106	0.01489	0.01141	0.01633	0.00972	0.00943	0.05690	0.01860	0.71526	0.02466	0.02135	0.01552	0.00784	0.00638	0.00196	0.00546	0.00635	0.00779	0.01080
22	0.01332	0.01153	0.01399	0.01136	0.06315	0.00890	0.00831	0.01621	0.01324	0.02068	0.01132	0.01332	0.00944	0.00476	0.00480	0.00100	0.00489	0.00388	0.00372	0.76217
23	0.01272	0.03281	0.74418	0.01808	0.02746	0.01473	0.02344	0.02009	0.01339	0.02009	0.01138	0.01339	0.00804	0.00603	0.00603	0.00201	0.00938	0.00469	0.00268	0.00938
24	0.00755	0.00624	0.00662	0.00693	0.00870	0.00531	0.00504	0.00905	0.01397	0.01694	0.05811	0.21066	0.58927	0.01687	0.00762	0.00223	0.00331	0.01437	0.00589	0.00531
25	0.01077	0.00684	0.00902	0.00834	0.01010	0.00626	0.00630	0.01361	0.01767	0.09324	0.62960	0.08326	0.05470	0.01285	0.00741	0.00202	0.00326	0.01133	0.00701	0.00640
26	0.01578	0.01363	0.01434	0.01291	0.01650	0.01578	0.01004	0.03371	0.72602	0.02654	0.02582	0.02367	0.01937	0.00861	0.00646	0.00215	0.00502	0.00717	0.00646	0.01004
27	0.77431	0.01190	0.00912	0.00820	0.01198	0.01374	0.00673	0.01842	0.01094	0.02818	0.00953	0.01109	0.00742	0.00598	0.00396	0.00193	0.00479	0.00358	0.05137	0.00681
28	0.15247	0.01688	0.01748	0.01359	0.01848	0.01880	0.01122	0.60407	0.02677	0.03813	0.01420	0.01444	0.01016	0.00734	0.00596	0.00191	0.00665	0.00535	0.00596	0.01016
29	0.01239	0.01170	0.01978	0.68130	0.12095	0.01420	0.01782	0.01657	0.01288	0.01671	0.01135	0.01678	0.00863	0.00627	0.00634	0.00209	0.00835	0.00564	0.00285	0.00738
30	0.01696	0.78087	0.03324	0.01085	0.01628	0.02510	0.01085	0.01900	0.01289	0.01493	0.00882	0.01018	0.00814	0.00543	0.00407	0.00136	0.00678	0.00339	0.00271	0.00814
31	0.82186	0.01227	0.00932	0.00834	0.01227	0.01423	0.00687	0.01865	0.01080	0.02846	0.00883	0.01031	0.00687	0.00589	0.00393	0.00196	0.00491	0.00344	0.00393	0.00687
32	0.02085	0.01414	0.01527	0.01239	0.01649	0.03707	0.00997	0.36316	0.09405	0.15710	0.02422	0.07117	0.08672	0.00935	0.00650	0.00198	0.00590	0.00750	0.03664	0.00952
33	0.00893	0.00648	0.00841	0.00792	0.00944	0.00596	0.00594	0.01187	0.01783	0.02514	0.70990	0.04788	0.08428	0.01308	0.00748	0.00200	0.00300	0.01154	0.00694	0.00596
34	0.01501	0.01409	0.02379	0.03550	0.64612	0.01409	0.01830	0.01867	0.01447	0.02051	0.01466	0.02275	0.01339	0.00715	0.00659	0.00201	0.00732	0.09257	0.00348	0.00952
35	0.00875	0.00637	0.00823	0.00799	0.00939	0.00585	0.00591	0.01145	0.01709	0.02390	0.61534	0.13065	0.09745	0.01394	0.00755	0.00207	0.00308	0.01233	0.00679	0.00585
36	0.01095	0.00553	0.00821	0.00821	0.00821	0.00553	0.00545	0.00830	0.00830	0.01107	0.01136	0.02013	0.01148	0.05086	0.02508	0.78453	0.00553	0.00565	0.00280	0.00280
37	0.01696	0.78087	0.03324	0.01085	0.01628	0.02510	0.01085	0.01900	0.01289	0.01493	0.00882	0.01018	0.00814	0.00543	0.00407	0.00136	0.00678	0.00339	0.00271	0.00814
38	0.01194	0.00995	0.01145	0.00915	0.01328	0.00834	0.00720	0.03397	0.06601	0.02140	0.10810	0.04782	0.14373	0.00875	0.00588	0.00148	0.00433	0.02565	0.00489	0.45668
39	0.01198	0.01128	0.01903	0.76180	0.04369	0.01409	0.01762	0.01621	0.01268	0.01621	0.01128	0.01691	0.00846	0.00634	0.00634	0.00211	0.00846	0.00564	0.00282	0.00705
40	0.01474	0.01674	0.03646	0.02616	0.03238	0.01569	0.69153	0.01995	0.01488	0.02019	0.01355	0.04154	0.01067	0.00582	0.00751	0.00215	0.01047	0.00783	0.00330	0.00845
41	0.14715	0.01442	0.04076	0.14010	0.41662	0.01474	0.04499	0.01863	0.01337	0.02109	0.01120	0.01485	0.00913	0.00595	0.00640	0.00194	0.03381	0.00527	0.00322	0.03637
42	0.21094	0.32926	0.06612	0.01290	0.01785	0.12179	0.06609	0.05495	0.01419	0.02035	0.01039	0.01296	0.00882	0.00615	0.00489	0.00171	0.00743	0.02192	0.00338	0.00791

[dist]
# distance from previous block
# <min> <max>
0	1

[block]
# block no. 2 follows, 35 sequences, length 9
# corresponding to MSA columns:
# 199-207
name=unknown_C
#
# <colnr> <probs for GDERKNQSTAVLIFYWHMCP>
#	G	D	E	R	K	N	Q	S	T	A	V	L	I	F	Y	W	H	M	C	P
0	0.01460	0.01123	0.01330	0.00958	0.01514	0.00854	0.00769	0.01739	0.01363	0.08899	0.01258	0.01395	0.00999	0.00500	0.00486	0.00104	0.00476	0.00401	0.00415	0.73957
1	0.00898	0.00648	0.00848	0.00798	0.00948	0.00599	0.00599	0.01197	0.01796	0.02544	0.73413	0.04739	0.05986	0.01297	0.00748	0.00200	0.00299	0.01147	0.00698	0.00599
2	0.02389	0.01025	0.01356	0.01082	0.01500	0.00925	0.00878	0.02771	0.07621	0.55329	0.15364	0.02644	0.02401	0.00884	0.00659	0.00198	0.00493	0.00737	0.00758	0.00986
3	0.01476	0.15270	0.01798	0.01487	0.10783	0.10587	0.01056	0.01976	0.13233	0.02039	0.15200	0.02456	0.06479	0.00879	0.00725	0.00189	0.07033	0.00687	0.05870	0.00778
4	0.00921	0.00673	0.00853	0.00934	0.01061	0.00645	0.00742	0.01120	0.01361	0.01753	0.07155	0.12059	0.18457	0.14681	0.01239	0.00323	0.00502	0.34428	0.00557	0.00535
5	0.04240	0.02002	0.24358	0.04813	0.05563	0.01503	0.12398	0.18117	0.06329	0.02547	0.01498	0.04186	0.01159	0.00704	0.00624	0.00198	0.00772	0.00612	0.07474	0.00902
6	0.01628	0.01155	0.01499	0.01086	0.01640	0.00910	0.05219	0.01919	0.01425	0.16272	0.01408	0.01507	0.01065	0.00536	0.00520	0.00122	0.00521	0.00451	0.00453	0.60664
7	0.01979	0.04313	0.05415	0.03484	0.10898	0.07352	0.01189	0.12001	0.07920	0.21428	0.04784	0.04774	0.01599	0.00794	0.00625	0.00188	0.00648	0.02519	0.00547	0.07543
8	0.10408	0.18696	0.24719	0.01548	0.05830	0.01640	0.05813	0.06507	0.03933	0.06131	0.01304	0.04174	0.01046	0.00655	0.00553	0.00182	0.00732	0.00518	0.00371	0.05239

[dist]
# distance from previous block
# <min> <max>
1	9

[block]
# block no. 3 follows, 35 sequences, length 51
# corresponding to MSA columns:
# 217-267
name=unknown_D
#
# <colnr> <probs for GDERKNQSTAVLIFYWHMCP>
#	G	D	E	R	K	N	Q	S	T	A	V	L	I	F	Y	W	H	M	C	P
0	0.01650	0.06833	0.36871	0.01718	0.06291	0.10386	0.03628	0.06442	0.05806	0.07778	0.03509	0.01587	0.01144	0.00665	0.00600	0.00191	0.00832	0.00525	0.02633	0.00912
1	0.06668	0.11927	0.06629	0.04860	0.01948	0.07911	0.07383	0.09832	0.16989	0.07603	0.01979	0.04458	0.05378	0.00815	0.00614	0.00197	0.00688	0.02771	0.00484	0.00864
2	0.06002	0.01239	0.01950	0.30934	0.25596	0.01375	0.03015	0.01839	0.05562	0.04057	0.06668	0.02002	0.03333	0.00715	0.00677	0.00204	0.03011	0.00630	0.00374	0.00818
3	0.01197	0.01103	0.01842	0.72663	0.04200	0.01371	0.01700	0.01614	0.01271	0.01655	0.01171	0.01723	0.00882	0.00639	0.00625	0.00208	0.00820	0.00565	0.04049	0.00699
4	0.01696	0.78087	0.03324	0.01085	0.01628	0.02510	0.01085	0.01900	0.01289	0.01493	0.00882	0.01018	0.00814	0.00543	0.00407	0.00136	0.00678	0.00339	0.00271	0.00814
5	0.01183	0.00591	0.00591	0.00591	0.00739	0.00591	0.00443	0.01478	0.01330	0.02365	0.02069	0.02365	0.01626	0.00739	0.00443	0.00148	0.00296	0.00591	0.81227	0.00591
6	0.01102	0.00551	0.00826	0.00826	0.00826	0.00551	0.00551	0.00826	0.00826	0.01102	0.01102	0.01928	0.01102	0.02204	0.02479	0.81543	0.00551	0.00551	0.00275	0.00275
7	0.02283	0.01246	0.01472	0.01185	0.01613	0.01268	0.00960	0.18599	0.17153	0.34910	0.04210	0.02147	0.01663	0.00806	0.00626	0.00195	0.00541	0.00650	0.07465	0.01009
8	0.00898	0.00648	0.00848	0.00798	0.00948	0.00599	0.00599	0.01197	0.01796	0.02544	0.73413	0.04739	0.05986	0.01297	0.00748	0.00200	0.00299	0.01147	0.00698	0.00599
9	0.18369	0.01121	0.01311	0.01063	0.01497	0.01101	0.00867	0.02797	0.11478	0.46090	0.02168	0.01975	0.01449	0.00754	0.00579	0.00196	0.00511	0.00588	0.05122	0.00964
10	0.00909	0.00612	0.00693	0.00702	0.00710	0.00607	0.00399	0.00920	0.00955	0.01267	0.02220	0.08472	0.04573	0.70988	0.03013	0.00582	0.00592	0.00986	0.00403	0.00397
11	0.82186	0.01227	0.00932	0.00834	0.01227	0.01423	0.00687	0.01865	0.01080	0.02846	0.00883	0.01031	0.00687	0.00589	0.00393	0.00196	0.00491	0.00344	0.00393	0.00687
12	0.02156	0.18483	0.02126	0.01523	0.01870	0.54599	0.01209	0.02326	0.01630	0.01538	0.00949	0.01136	0.00818	0.00665	0.00651	0.00166	0.06689	0.00405	0.00312	0.00749
13	0.02334	0.01738	0.01860	0.01444	0.01938	0.01931	0.01187	0.65279	0.09463	0.03873	0.01622	0.01602	0.01159	0.00771	0.00636	0.00193	0.00680	0.00585	0.00636	0.01072
14	0.00978	0.00770	0.01109	0.04337	0.01261	0.00923	0.00834	0.01164	0.01008	0.01444	0.01625	0.02613	0.01590	0.16652	0.51123	0.00829	0.10144	0.00702	0.00338	0.00556
15	0.02307	0.05921	0.01846	0.01590	0.01934	0.66013	0.01209	0.05186	0.05118	0.01695	0.01072	0.01210	0.00879	0.00663	0.00571	0.00166	0.01078	0.00426	0.00351	0.00764
16	0.02273	0.14598	0.04366	0.01445	0.01913	0.25577	0.01211	0.31484	0.02200	0.07162	0.01293	0.01353	0.00974	0.00688	0.00577	0.00173	0.00836	0.00482	0.00474	0.00921
17	0.01443	0.02448	0.45751	0.01687	0.05436	0.01360	0.03454	0.06015	0.06366	0.07567	0.05587	0.04833	0.01441	0.02971	0.00707	0.00215	0.00791	0.00620	0.00397	0.00910
18	0.01328	0.13028	0.65155	0.01714	0.02600	0.01608	0.02180	0.01995	0.01333	0.01942	0.01105	0.01297	0.00805	0.00595	0.00577	0.00192	0.00904	0.00452	0.00268	0.00921
19	0.01198	0.01128	0.01903	0.76180	0.04369	0.01409	0.01762	0.01621	0.01268	0.01621	0.01128	0.01691	0.00846	0.00634	0.00634	0.00211	0.00846	0.00564	0.00282	0.00705
20	0.01342	0.00844	0.01000	0.00876	0.01133	0.00800	0.00683	0.10165	0.01831	0.12555	0.33667	0.04155	0.20839	0.01198	0.00699	0.00198	0.00388	0.01015	0.05903	0.00710
21	0.00867	0.00647	0.00805	0.00766	0.00929	0.00585	0.00574	0.01137	0.01723	0.02370	0.59392	0.05025	0.20115	0.01362	0.00749	0.00203	0.00304	0.01187	0.00675	0.00585
22	0.01933	0.00839	0.01063	0.00888	0.01204	0.00757	0.00708	0.02201	0.01646	0.37266	0.14152	0.02753	0.04169	0.00876	0.00596	0.00182	0.00416	0.00725	0.26802	0.00828
23	0.02754	0.01228	0.01564	0.01199	0.01693	0.01152	0.00991	0.17660	0.02064	0.59269	0.02295	0.02024	0.01466	0.00780	0.00637	0.00195	0.00573	0.00624	0.00753	0.01079
24	0.82186	0.01227	0.00932	0.00834	0.01227	0.01423	0.00687	0.01865	0.01080	0.02846	0.00883	0.01031	0.00687	0.00589	0.00393	0.00196	0.00491	0.00344	0.00393	0.00687
25	0.00907	0.00677	0.01006	0.01006	0.01115	0.00786	0.00777	0.01124	0.01016	0.01463	0.01711	0.02558	0.01615	0.07666	0.72322	0.01003	0.01656	0.00689	0.00342	0.00559
26	0.01696	0.78087	0.03324	0.01085	0.01628	0.02510	0.01085	0.01900	0.01289	0.01493	0.00882	0.01018	0.00814	0.00543	0.00407	0.00136	0.00678	0.00339	0.00271	0.00814
27	0.02370	0.03023	0.01798	0.01634	0.01961	0.75158	0.01226	0.02533	0.01798	0.01553	0.00981	0.01144	0.00817	0.00654	0.00572	0.00163	0.01144	0.00409	0.00327	0.00735
28	0.82186	0.01227	0.00932	0.00834	0.01227	0.01423	0.00687	0.01865	0.01080	0.02846	0.00883	0.01031	0.00687	0.00589	0.00393	0.00196	0.00491	0.00344	0.00393	0.00687
29	0.01696	0.78087	0.03324	0.01085	0.01628	0.02510	0.01085	0.01900	0.01289	0.01493	0.00882	0.01018	0.00814	0.00543	0.00407	0.00136	0.00678	0.00339	0.00271	0.00814
30	0.00801	0.00610	0.00736	0.00778	0.00907	0.00546	0.00556	0.00982	0.01458	0.01914	0.24351	0.32648	0.28094	0.01663	0.00772	0.00226	0.00333	0.01460	0.00620	0.00546
31	0.01570	0.01507	0.02575	0.03894	0.73748	0.01507	0.01947	0.01947	0.01444	0.02073	0.01193	0.01570	0.01005	0.00565	0.00628	0.00188	0.00754	0.00565	0.00314	0.01005
32	0.00894	0.00651	0.00867	0.00997	0.01109	0.00625	0.00792	0.01101	0.01364	0.01769	0.03775	0.33961	0.12128	0.01825	0.00836	0.00270	0.00470	0.35427	0.00587	0.00552
33	0.00901	0.00627	0.00730	0.00729	0.00770	0.00627	0.00450	0.00955	0.01021	0.01356	0.04928	0.04189	0.10029	0.58304	0.11291	0.00605	0.00699	0.00947	0.00412	0.00429
34	0.01738	0.73404	0.03229	0.01120	0.01649	0.07042	0.01094	0.01939	0.01321	0.01496	0.00888	0.01026	0.00814	0.00550	0.00417	0.00137	0.00707	0.00344	0.00275	0.00809
35	0.00773	0.00552	0.00736	0.00883	0.00920	0.00515	0.00589	0.00883	0.01215	0.01619	0.03497	0.77291	0.04196	0.01987	0.00810	0.00258	0.00368	0.01803	0.00589	0.00515
36	0.01307	0.01238	0.02099	0.55079	0.24622	0.01438	0.01816	0.01716	0.01320	0.01753	0.01147	0.01656	0.00892	0.00614	0.00632	0.00205	0.00819	0.00564	0.00291	0.00792
37	0.01937	0.01664	0.01834	0.01787	0.12238	0.16945	0.06899	0.06782	0.17057	0.14924	0.04879	0.02232	0.04315	0.00801	0.00649	0.00197	0.00727	0.02701	0.00526	0.00906
38	0.00972	0.00694	0.00964	0.01111	0.01234	0.00687	0.00934	0.01227	0.01411	0.01842	0.03387	0.21377	0.03761	0.01800	0.00863	0.00285	0.00540	0.55756	0.00585	0.00570
39	0.04533	0.01564	0.01883	0.01724	0.11813	0.05939	0.04278	0.31410	0.02202	0.23238	0.01710	0.01706	0.01192	0.00719	0.00624	0.00190	0.00687	0.00582	0.02993	0.01013
40	0.00856	0.00803	0.06555	0.00919	0.01072	0.00621	0.00727	0.01085	0.01439	0.01984	0.28456	0.43388	0.06455	0.01621	0.00770	0.00231	0.00387	0.01451	0.00603	0.00579
41	0.01222	0.01167	0.02008	0.61484	0.07446	0.01400	0.06575	0.01626	0.01281	0.01669	0.01250	0.05418	0.01027	0.00705	0.00695	0.00215	0.03152	0.00638	0.00301	0.00720
42	0.01102	0.00551	0.00826	0.00826	0.00826	0.00551	0.00551	0.00826	0.00826	0.01102	0.01102	0.01928	0.01102	0.02204	0.02479	0.81543	0.00551	0.00551	0.00275	0.00275
43	0.01444	0.05560	0.57735	0.01702	0.02530	0.01575	0.02062	0.10255	0.07121	0.02274	0.01288	0.01430	0.00925	0.00639	0.00603	0.00199	0.00866	0.00496	0.00341	0.00955
44	0.01818	0.01405	0.01665	0.01686	0.13250	0.01541	0.01156	0.18350	0.35721	0.07508	0.02078	0.02035	0.01547	0.00777	0.00625	0.00199	0.00574	0.00646	0.06422	0.00996
45	0.02073	0.02368	0.01587	0.01438	0.01756	0.49453	0.01089	0.04635	0.16026	0.01942	0.01446	0.01544	0.01145	0.00709	0.00574	0.00173	0.00902	0.00497	0.09862	0.00783
46	0.00837	0.00595	0.00761	0.00833	0.00926	0.00552	0.00589	0.01021	0.01410	0.01936	0.23118	0.44603	0.10288	0.01685	0.00769	0.00233	0.00348	0.03789	0.05160	0.00547
47	0.01550	0.01492	0.02577	0.03754	0.68357	0.01487	0.04968	0.01931	0.01447	0.02065	0.01266	0.01754	0.01087	0.00602	0.00641	0.00193	0.00762	0.02761	0.00323	0.00985
48	0.02282	0.02887	0.01892	0.04655	0.02120	0.68795	0.04515	0.02474	0.01763	0.01578	0.01001	0.01192	0.00825	0.00647	0.00583	0.00168	0.01129	0.00431	0.00325	0.00740
49	0.82186	0.01227	0.00932	0.00834	0.01227	0.01423	0.00687	0.01865	0.01080	0.02846	0.00883	0.01031	0.00687	0.00589	0.00393	0.00196	0.00491	0.00344	0.00393	0.00687
50	0.00856	0.00647	0.00790	0.00754	0.00922	0.00581	0.00566	0.01117	0.01697	0.02311	0.54577	0.05123	0.24968	0.01384	0.00749	0.00204	0.00305	0.01201	0.00668	0.00581

[dist]
# distance from previous block
# <min> <max>
0	6

[block]
# block no. 4 follows, 35 sequences, length 35
# corresponding to MSA columns:
# 274-308
name=unknown_E
#
# <colnr> <probs for GDERKNQSTAVLIFYWHMCP>
#	G	D	E	R	K	N	Q	S	T	A	V	L	I	F	Y	W	H	M	C	P
0	0.01139	0.00600	0.00631	0.00623	0.00771	0.00592	0.00467	0.01435	0.01402	0.02393	0.13101	0.02732	0.02300	0.00825	0.00491	0.00156	0.00296	0.00677	0.68775	0.00592
1	0.40854	0.01423	0.01354	0.01102	0.01536	0.01592	0.00907	0.31478	0.01933	0.06658	0.01286	0.01355	0.00939	0.00678	0.00509	0.00192	0.00572	0.00465	0.04301	0.00867
2	0.00886	0.00616	0.00764	0.00819	0.00941	0.00553	0.00579	0.01044	0.01391	0.05304	0.14571	0.44008	0.22732	0.01726	0.00776	0.00235	0.00354	0.01526	0.00615	0.00560
3	0.01319	0.02955	0.59717	0.01988	0.02864	0.01501	0.16718	0.02014	0.01372	0.02014	0.01169	0.01417	0.00837	0.00589	0.00633	0.00204	0.00965	0.00527	0.00279	0.00921
4	0.00922	0.00617	0.00704	0.00704	0.00708	0.00621	0.00399	0.00930	0.00926	0.01239	0.01988	0.04091	0.02280	0.75058	0.05840	0.00630	0.00654	0.00914	0.00383	0.00391
5	0.01696	0.78087	0.03324	0.01085	0.01628	0.02510	0.01085	0.01900	0.01289	0.01493	0.00882	0.01018	0.00814	0.00543	0.00407	0.00136	0.00678	0.00339	0.00271	0.00814
6	0.01198	0.01128	0.01903	0.76180	0.04369	0.01409	0.01762	0.01621	0.01268	0.01621	0.01128	0.01691	0.00846	0.00634	0.00634	0.00211	0.00846	0.00564	0.00282	0.00705
7	0.01560	0.01398	0.02259	0.19296	0.46601	0.01445	0.01741	0.06013	0.01499	0.04383	0.01235	0.01594	0.00987	0.00592	0.00618	0.00187	0.00743	0.00553	0.00346	0.06948
8	0.01700	0.71183	0.07061	0.01145	0.01701	0.05271	0.01158	0.01930	0.01311	0.01522	0.00899	0.01040	0.00814	0.00550	0.00424	0.00140	0.00710	0.00349	0.00273	0.00818
9	0.00750	0.00643	0.00643	0.00643	0.00857	0.00536	0.00482	0.00910	0.01446	0.01714	0.06427	0.06105	0.73490	0.01607	0.00750	0.00214	0.00321	0.01339	0.00589	0.00536
10	0.01391	0.01328	0.07589	0.05016	0.09461	0.01046	0.07312	0.01739	0.01369	0.06626	0.03765	0.03396	0.01266	0.00906	0.06124	0.00212	0.00696	0.00543	0.00391	0.39826
11	0.01035	0.00760	0.01088	0.06756	0.01542	0.00781	0.01077	0.01337	0.01446	0.01878	0.03193	0.06749	0.03442	0.01669	0.00858	0.00286	0.00604	0.64344	0.00562	0.00593
12	0.02370	0.03023	0.01798	0.01634	0.01961	0.75158	0.01226	0.02533	0.01798	0.01553	0.00981	0.01144	0.00817	0.00654	0.00572	0.00163	0.01144	0.00409	0.00327	0.00735
13	0.01570	0.01507	0.02575	0.03894	0.73748	0.01507	0.01947	0.01947	0.01444	0.02073	0.01193	0.01570	0.01005	0.00565	0.00628	0.00188	0.00754	0.00565	0.00314	0.01005
14	0.00807	0.00577	0.00774	0.00911	0.00966	0.00544	0.00638	0.00948	0.01272	0.01698	0.07019	0.65671	0.04225	0.01926	0.00814	0.00259	0.00389	0.09440	0.00594	0.00527
15	0.05835	0.00722	0.00904	0.00826	0.01023	0.00676	0.00631	0.01402	0.01744	0.09150	0.60363	0.04329	0.07537	0.01219	0.00717	0.00200	0.00333	0.01060	0.00685	0.00646
16	0.02262	0.00950	0.01285	0.01030	0.01418	0.00832	0.00832	0.02524	0.01810	0.52714	0.23757	0.02932	0.02894	0.00939	0.00671	0.00197	0.00468	0.00791	0.00759	0.00935
17	0.01662	0.01372	0.01458	0.01293	0.01663	0.01573	0.01011	0.06563	0.66833	0.05246	0.02530	0.02320	0.01883	0.00853	0.00645	0.00213	0.00513	0.00708	0.00650	0.01010
18	0.01578	0.01363	0.01434	0.01291	0.01650	0.01578	0.01004	0.03371	0.72602	0.02654	0.02582	0.02367	0.01937	0.00861	0.00646	0.00215	0.00502	0.00717	0.00646	0.01004
19	0.00773	0.00552	0.00736	0.00883	0.00920	0.00515	0.00589	0.00883	0.01215	0.01619	0.03497	0.77291	0.04196	0.01987	0.00810	0.00258	0.00368	0.01803	0.00589	0.00515
20	0.01272	0.03281	0.74418	0.01808	0.02746	0.01473	0.02344	0.02009	0.01339	0.02009	0.01138	0.01339	0.00804	0.00603	0.00603	0.00201	0.00938	0.00469	0.00268	0.00938
21	0.34826	0.01553	0.01509	0.01206	0.01666	0.01746	0.00995	0.43284	0.02209	0.03530	0.01263	0.01323	0.00920	0.00691	0.00536	0.00193	0.00614	0.00479	0.00536	0.00920
22	0.25804	0.01391	0.02001	0.02772	0.46660	0.01439	0.01494	0.02008	0.01363	0.07676	0.01198	0.01452	0.00952	0.00589	0.00558	0.00191	0.00659	0.00504	0.00373	0.00915
23	0.00837	0.00606	0.00706	0.00744	0.00817	0.00567	0.00483	0.00931	0.01199	0.01562	0.09298	0.25641	0.19701	0.32035	0.01755	0.00385	0.00450	0.01291	0.00516	0.00475
24	0.01014	0.00830	0.01148	0.01099	0.01148	0.01012	0.00832	0.01154	0.01017	0.01459	0.01810	0.13908	0.01935	0.18304	0.30297	0.00629	0.20611	0.00868	0.00371	0.00554
25	0.00896	0.00613	0.00787	0.00811	0.00924	0.00575	0.00589	0.01135	0.01547	0.02213	0.40867	0.27441	0.04835	0.01461	0.00735	0.00214	0.00329	0.03192	0.10265	0.00571
26	0.00918	0.00635	0.00792	0.00792	0.00827	0.00670	0.00510	0.00987	0.00952	0.01304	0.01907	0.03643	0.02085	0.55335	0.25297	0.00739	0.00948	0.00848	0.00371	0.00440
27	0.01658	0.73230	0.05623	0.01108	0.01650	0.02423	0.01118	0.01880	0.01282	0.01509	0.00915	0.01073	0.00837	0.00673	0.02697	0.00165	0.00718	0.00354	0.00273	0.00811
28	0.00919	0.00672	0.00884	0.00978	0.01087	0.00660	0.00744	0.01222	0.05901	0.01928	0.15631	0.39293	0.04206	0.01727	0.00808	0.00255	0.00428	0.21467	0.00610	0.00581
29	0.01253	0.01184	0.02003	0.65447	0.14671	0.01424	0.01789	0.01669	0.01295	0.01688	0.01137	0.01673	0.00869	0.00624	0.00633	0.00208	0.00832	0.00564	0.00287	0.00749
30	0.01521	0.01470	0.06841	0.01305	0.01696	0.01521	0.01083	0.03160	0.63710	0.02600	0.06059	0.02410	0.02057	0.00864	0.00648	0.00213	0.00524	0.00720	0.00620	0.00979
31	0.01422	0.01674	0.06960	0.02395	0.02941	0.01554	0.55481	0.01895	0.01414	0.01948	0.01389	0.07108	0.01174	0.00703	0.00885	0.00223	0.08891	0.00790	0.00333	0.00818
32	0.01530	0.01625	0.01922	0.01661	0.01708	0.12567	0.01364	0.01673	0.01091	0.01530	0.00854	0.01353	0.00830	0.01044	0.01863	0.00261	0.65603	0.00534	0.00285	0.00700
33	0.01564	0.01240	0.01492	0.06674	0.01804	0.01125	0.00941	0.12637	0.01582	0.06152	0.01247	0.01425	0.00982	0.00578	0.00601	0.00133	0.04510	0.00444	0.00426	0.54443
34	0.01511	0.01680	0.11187	0.06405	0.33877	0.01527	0.07297	0.02377	0.23035	0.02215	0.01612	0.01801	0.01251	0.00661	0.00640	0.00201	0.00730	0.00614	0.00408	0.00969

[dist]
# distance from previous block
# <min> <max>
4	25

[block]
# block no. 5 follows, 35 sequences, length 37
# corresponding to MSA columns:
# 335-371
name=unknown_F
#
# <colnr> <probs for GDERKNQSTAVLIFYWHMCP>
#	G	D	E	R	K	N	Q	S	T	A	V	L	I	F	Y	W	H	M	C	P
