[name]
unknown

[dist]
# distance from previous block
# <min> <max>
0	3

[block]
# block no. 0 follows, 31 sequences, length 11
# corresponding to MSA columns:
# 16-26
name=unknown_A
#
# <colnr> <probs for GDERKNQSTAVLIFYWHMCP>
#	G	D	E	R	K	N	Q	S	T	A	V	L	I	F	Y	W	H	M	C	P
0	0.01102	0.00787	0.01102	0.01260	0.01417	0.00787	0.01102	0.01417	0.01575	0.02047	0.03622	0.07717	0.03937	0.01890	0.00945	0.00315	0.00630	0.67084	0.00630	0.00630
1	0.74914	0.01277	0.00999	0.00897	0.01301	0.01469	0.00734	0.01958	0.01221	0.03046	0.06133	0.01406	0.01162	0.00691	0.00452	0.00212	0.00514	0.00434	0.00448	0.00734
2	0.01666	0.01598	0.02728	0.08917	0.67182	0.01618	0.02086	0.02076	0.01545	0.02202	0.01282	0.01702	0.01072	0.00615	0.00678	0.00205	0.00819	0.00609	0.00336	0.01062
3	0.06218	0.01336	0.01602	0.01238	0.01760	0.01268	0.01012	0.16396	0.05781	0.37025	0.04285	0.02072	0.01592	0.00794	0.00647	0.00192	0.00591	0.00631	0.00706	0.14853
4	0.01695	0.01600	0.02678	0.10608	0.62430	0.01637	0.02046	0.04996	0.01612	0.02280	0.01296	0.01703	0.01071	0.00626	0.00678	0.00206	0.00819	0.00610	0.00350	0.01057
5	0.01820	0.01537	0.02577	0.09799	0.57862	0.01544	0.01955	0.02214	0.01588	0.10338	0.01445	0.01778	0.01140	0.00644	0.00679	0.00206	0.00794	0.00619	0.00395	0.01066
6	0.04901	0.00982	0.01225	0.01134	0.01330	0.01048	0.00879	0.06413	0.01565	0.12307	0.07326	0.23781	0.12345	0.04909	0.01143	0.00273	0.12356	0.04745	0.00603	0.00733
7	0.01872	0.02005	0.02474	0.11730	0.45732	0.20294	0.01873	0.02224	0.01635	0.02032	0.01219	0.01589	0.01011	0.00643	0.00662	0.00199	0.00934	0.00565	0.00338	0.00970
8	0.01073	0.00869	0.01155	0.04359	0.07415	0.00788	0.00832	0.01353	0.01644	0.02286	0.30864	0.14766	0.14664	0.01318	0.00752	0.00208	0.00435	0.01159	0.00606	0.13453
9	0.02059	0.01490	0.01718	0.01636	0.09845	0.04752	0.01154	0.28862	0.05065	0.11982	0.10316	0.07470	0.05210	0.04264	0.00836	0.00233	0.00656	0.00838	0.00641	0.00974
10	0.06610	0.01605	0.04545	0.05971	0.25308	0.01562	0.18715	0.06980	0.06663	0.04077	0.07551	0.02057	0.01595	0.00717	0.00703	0.00213	0.00811	0.00705	0.00443	0.03169

[dist]
# distance from previous block
# <min> <max>
2	6

[block]
# block no. 1 follows, 31 sequences, length 15
# corresponding to MSA columns:
# 33-47
name=unknown_B
#
# <colnr> <probs for GDERKNQSTAVLIFYWHMCP>
#	G	D	E	R	K	N	Q	S	T	A	V	L	I	F	Y	W	H	M	C	P
0	0.01951	0.01982	0.02394	0.06532	0.43172	0.19413	0.01776	0.02405	0.06552	0.05231	0.01396	0.01674	0.01124	0.00670	0.00664	0.00200	0.00893	0.00583	0.00388	0.01000
1	0.01159	0.00941	0.01302	0.03576	0.01490	0.00914	0.06964	0.07305	0.03613	0.02475	0.30758	0.10935	0.19429	0.01404	0.00803	0.00231	0.00490	0.04853	0.00650	0.00707
2	0.14124	0.05037	0.01746	0.05524	0.01963	0.04816	0.01092	0.22910	0.02057	0.16555	0.01577	0.01619	0.01133	0.00712	0.00596	0.00184	0.00668	0.00531	0.00566	0.16591
3	0.00848	0.00601	0.00790	0.00935	0.00971	0.00565	0.00616	0.00956	0.01282	0.01710	0.03630	0.69307	0.04347	0.08589	0.01101	0.00312	0.00420	0.01862	0.00616	0.00543
4	0.09124	0.18471	0.24568	0.01413	0.02099	0.01612	0.01504	0.02562	0.01599	0.28215	0.01691	0.01668	0.01166	0.00708	0.00598	0.00199	0.00747	0.00531	0.00510	0.01015
5	0.05378	0.33920	0.21624	0.01846	0.10687	0.02026	0.06484	0.02114	0.01457	0.04649	0.01335	0.01521	0.02950	0.00650	0.00570	0.00186	0.00820	0.00508	0.00338	0.00938
6	0.01622	0.09010	0.07812	0.02669	0.03369	0.01815	0.59027	0.02177	0.01584	0.02135	0.01334	0.01752	0.01013	0.00582	0.00764	0.00222	0.01105	0.00749	0.00338	0.00923
7	0.00867	0.00719	0.00777	0.00774	0.00999	0.00602	0.00569	0.01041	0.01496	0.01861	0.05787	0.20197	0.51616	0.01709	0.00795	0.00229	0.00371	0.01455	0.00615	0.07521
8	0.01640	0.02752	0.41994	0.01732	0.02454	0.07796	0.01937	0.06217	0.09223	0.05742	0.04018	0.02090	0.01429	0.00820	0.00733	0.00222	0.03410	0.04390	0.00425	0.00973
9	0.08202	0.15139	0.32919	0.03315	0.02369	0.06149	0.04052	0.04146	0.01545	0.09588	0.01463	0.05603	0.01167	0.00749	0.00617	0.00205	0.00853	0.00582	0.00397	0.00939
10	0.27448	0.15718	0.16300	0.01296	0.01855	0.04429	0.01287	0.02275	0.03391	0.12415	0.03518	0.01540	0.01159	0.00719	0.00619	0.00204	0.03997	0.00494	0.00442	0.00892
11	0.01755	0.01698	0.02489	0.21706	0.40012	0.09932	0.04803	0.02148	0.01576	0.05463	0.01315	0.01711	0.01044	0.00650	0.00678	0.00208	0.00891	0.00602	0.00357	0.00964
12	0.01429	0.01031	0.01157	0.01041	0.01274	0.03044	0.00775	0.07296	0.13379	0.07840	0.24170	0.03886	0.07611	0.17190	0.05553	0.00363	0.00602	0.00975	0.00633	0.00751
13	0.02012	0.01061	0.01331	0.01103	0.01463	0.01004	0.00878	0.12575	0.02091	0.29551	0.27292	0.07031	0.07340	0.01152	0.00746	0.00216	0.00494	0.00976	0.00766	0.00917
14	0.01689	0.01632	0.02800	0.04008	0.64857	0.01635	0.05971	0.02168	0.04379	0.02258	0.01354	0.01737	0.01122	0.00621	0.00686	0.00206	0.00822	0.00628	0.00354	0.01074

[dist]
# distance from previous block
# <min> <max>
2	5

[block]
# block no. 2 follows, 31 sequences, length 9
# corresponding to MSA columns:
# 53-61
name=unknown_C
#
# <colnr> <probs for GDERKNQSTAVLIFYWHMCP>
#	G	D	E	R	K	N	Q	S	T	A	V	L	I	F	Y	W	H	M	C	P
0	0.01474	0.01328	0.02273	0.53015	0.18336	0.01527	0.05081	0.01916	0.01447	0.05198	0.01309	0.01822	0.00990	0.00671	0.00689	0.00222	0.00887	0.00622	0.00339	0.00854
1	0.01556	0.09261	0.08383	0.07282	0.06245	0.08606	0.17583	0.02024	0.04301	0.02155	0.13535	0.02211	0.01966	0.00781	0.00745	0.00202	0.03690	0.00703	0.00422	0.08350
2	0.01693	0.01626	0.02777	0.04199	0.71689	0.01626	0.02100	0.02100	0.01558	0.02235	0.01287	0.01693	0.01084	0.00610	0.00677	0.00203	0.00813	0.00610	0.00339	0.01084
3	0.01167	0.04192	0.09460	0.01070	0.01400	0.05215	0.03161	0.01456	0.01626	0.04342	0.20119	0.08666	0.29289	0.04758	0.00885	0.00241	0.00539	0.01146	0.00579	0.00691
4	0.01469	0.01443	0.02215	0.48807	0.19697	0.05518	0.01884	0.01875	0.01419	0.01848	0.01200	0.01737	0.00949	0.00707	0.00796	0.00225	0.06464	0.00598	0.00314	0.00835
5	0.01433	0.01282	0.01394	0.03674	0.03888	0.11377	0.02723	0.05595	0.01546	0.04069	0.06531	0.25797	0.04706	0.09190	0.01213	0.00287	0.08661	0.03340	0.02599	0.00695
6	0.01326	0.01250	0.02113	0.68436	0.10325	0.01529	0.01917	0.01777	0.01384	0.01789	0.01222	0.01813	0.00926	0.00678	0.00683	0.00226	0.00904	0.00608	0.00307	0.00787
7	0.02029	0.04367	0.02123	0.05808	0.10092	0.05876	0.08015	0.02409	0.05280	0.23107	0.01919	0.02086	0.03611	0.01117	0.05275	0.00279	0.14475	0.00675	0.00513	0.00942
8	0.01585	0.37450	0.40364	0.01587	0.02400	0.02110	0.01896	0.02112	0.01419	0.01907	0.01099	0.01283	0.00872	0.00620	0.00552	0.00184	0.00881	0.00440	0.00291	0.00949

[dist]
# distance from previous block
# <min> <max>
0	2

[block]
# block no. 3 follows, 31 sequences, length 25
# corresponding to MSA columns:
# 64-88
name=unknown_D
#
# <colnr> <probs for GDERKNQSTAVLIFYWHMCP>
#	G	D	E	R	K	N	Q	S	T	A	V	L	I	F	Y	W	H	M	C	P
0	0.01647	0.47407	0.30955	0.01481	0.02235	0.02262	0.01710	0.02096	0.01412	0.01831	0.01061	0.01235	0.00873	0.00611	0.00523	0.00174	0.00843	0.00421	0.00291	0.00931
1	0.04814	0.15217	0.32390	0.01631	0.02379	0.01938	0.01775	0.24751	0.02035	0.04898	0.01354	0.01466	0.00988	0.00702	0.00619	0.00201	0.00847	0.00519	0.00444	0.01034
2	0.01744	0.05133	0.34732	0.01920	0.07095	0.04264	0.05502	0.13540	0.05459	0.04998	0.01499	0.01770	0.01135	0.00722	0.00661	0.00207	0.00879	0.02526	0.00422	0.05791
3	0.01147	0.00928	0.00942	0.00917	0.01002	0.07621	0.00614	0.01266	0.01258	0.01659	0.12195	0.03880	0.02757	0.42762	0.14759	0.00607	0.00857	0.00919	0.03383	0.00527
4	0.00938	0.00697	0.00878	0.00865	0.01030	0.00636	0.00654	0.01217	0.01793	0.02452	0.49372	0.10849	0.18217	0.01552	0.00822	0.00230	0.00355	0.06102	0.00713	0.00625
5	0.01952	0.60627	0.03236	0.01330	0.04076	0.07069	0.01203	0.04201	0.03939	0.05293	0.01141	0.01255	0.00977	0.00626	0.00487	0.00158	0.00753	0.00416	0.00351	0.00909
6	0.02536	0.01518	0.01768	0.01341	0.01894	0.01497	0.01102	0.33190	0.02428	0.27664	0.01930	0.01839	0.01320	0.00769	0.00651	0.00187	0.00645	0.00600	0.00687	0.16431
7	0.01863	0.11349	0.05147	0.06882	0.28691	0.10561	0.08722	0.06381	0.05122	0.04232	0.01345	0.01628	0.01077	0.00677	0.00709	0.00203	0.03463	0.00585	0.00384	0.00980
8	0.01298	0.01019	0.01171	0.01162	0.01368	0.01096	0.00851	0.08404	0.25052	0.02371	0.03231	0.43597	0.03374	0.01603	0.00795	0.00255	0.00480	0.01419	0.00661	0.00793
9	0.02332	0.01783	0.01902	0.01520	0.02019	0.01996	0.01235	0.49765	0.23297	0.03879	0.01984	0.01914	0.01440	0.00853	0.00688	0.00213	0.00690	0.00663	0.00688	0.01139
10	0.06513	0.01642	0.03054	0.11629	0.34111	0.01647	0.27076	0.02088	0.01533	0.02214	0.01294	0.01729	0.01026	0.00607	0.00711	0.00217	0.00934	0.00669	0.00343	0.00965
11	0.01587	0.01517	0.02584	0.22822	0.53899	0.01597	0.02047	0.02006	0.01507	0.02106	0.01268	0.01728	0.01038	0.00629	0.00679	0.00210	0.00839	0.00609	0.00329	0.00998
12	0.00809	0.00693	0.00693	0.00693	0.00924	0.00578	0.00520	0.00982	0.01559	0.01848	0.06931	0.06584	0.71411	0.01733	0.00809	0.00231	0.00347	0.01444	0.00635	0.00578
13	0.00832	0.00601	0.00788	0.00939	0.00989	0.00557	0.00629	0.00954	0.01323	0.01752	0.03939	0.71851	0.08076	0.02122	0.00870	0.00275	0.00394	0.01918	0.00635	0.00557
14	0.02330	0.04590	0.02202	0.02049	0.15253	0.07563	0.06648	0.18342	0.02066	0.22888	0.01861	0.05349	0.01409	0.00827	0.00742	0.00211	0.03355	0.00689	0.00580	0.01044
15	0.02129	0.01491	0.05014	0.01906	0.02475	0.01312	0.29516	0.02603	0.04034	0.30646	0.09583	0.02406	0.01923	0.00790	0.00750	0.00221	0.00806	0.00794	0.00603	0.00999
16	0.03070	0.01164	0.01588	0.01217	0.01746	0.01006	0.01006	0.03334	0.01958	0.72163	0.02699	0.02329	0.01694	0.00847	0.00688	0.00212	0.00582	0.00688	0.00847	0.01164
17	0.01385	0.01341	0.02340	0.55529	0.14014	0.01572	0.08163	0.01836	0.01408	0.01855	0.01232	0.01797	0.00948	0.00679	0.00742	0.00227	0.03172	0.00626	0.00313	0.00821
18	0.01522	0.01525	0.06250	0.19619	0.30963	0.01462	0.12006	0.01946	0.01502	0.04794	0.01635	0.10611	0.01462	0.00817	0.00721	0.00223	0.00839	0.00797	0.00385	0.00920
19	0.01608	0.01826	0.03930	0.02823	0.03477	0.01750	0.65460	0.02161	0.01583	0.02161	0.01357	0.01826	0.01030	0.00611	0.00887	0.00234	0.05220	0.00796	0.00343	0.00913
20	0.01590	0.01771	0.03761	0.09609	0.08618	0.01703	0.58093	0.02144	0.01588	0.02153	0.01361	0.01832	0.01030	0.00589	0.00786	0.00228	0.01106	0.00775	0.00342	0.00919
21	0.01543	0.01124	0.01598	0.12502	0.02097	0.04831	0.08615	0.01876	0.03931	0.14883	0.04865	0.27612	0.05280	0.01336	0.00783	0.00244	0.00653	0.04867	0.00582	0.00779
22	0.01405	0.08818	0.67423	0.01893	0.02874	0.01670	0.02429	0.02158	0.01440	0.02126	0.01208	0.01419	0.00867	0.00645	0.00635	0.00212	0.00991	0.00495	0.00289	0.01001
23	0.00911	0.00858	0.06003	0.00989	0.01157	0.00669	0.00789	0.01120	0.01433	0.01889	0.09371	0.41691	0.17602	0.04509	0.00939	0.00277	0.00458	0.08122	0.00611	0.00602
24	0.04154	0.11821	0.42036	0.01705	0.02483	0.11284	0.01932	0.03859	0.03960	0.08629	0.01363	0.01489	0.00992	0.00681	0.00619	0.00203	0.00931	0.00505	0.00376	0.00978

[dist]
# distance from previous block
# <min> <max>
0	2

[block]
# block no. 4 follows, 31 sequences, length 7
# corresponding to MSA columns:
# 91-97
name=unknown_E
#
# <colnr> <probs for GDERKNQSTAVLIFYWHMCP>
#	G	D	E	R	K	N	Q	S	T	A	V	L	I	F	Y	W	H	M	C	P
0	0.01565	0.08567	0.18498	0.01407	0.01837	0.14809	0.01329	0.04402	0.05108	0.01981	0.07240	0.02649	0.07502	0.13226	0.01240	0.00284	0.06426	0.00721	0.00422	0.00786
1	0.31749	0.14709	0.06785	0.01150	0.01666	0.06337	0.01037	0.05189	0.01510	0.11369	0.01542	0.01609	0.04330	0.00708	0.00526	0.00189	0.00652	0.00490	0.00460	0.07992
2	0.07841	0.04760	0.06123	0.01210	0.01613	0.07673	0.01014	0.14437	0.05500	0.02559	0.07874	0.14860	0.09267	0.01102	0.00677	0.00205	0.00615	0.00903	0.00547	0.11221
3	0.13675	0.04347	0.07242	0.01212	0.01603	0.01332	0.03672	0.13409	0.06180	0.05945	0.09564	0.06477	0.02158	0.15143	0.01184	0.00295	0.00637	0.00783	0.00533	0.04608
4	0.07405	0.11922	0.05490	0.04127	0.02200	0.04630	0.09619	0.20511	0.06790	0.02769	0.01403	0.01556	0.01080	0.00671	0.00608	0.00182	0.00755	0.00544	0.00469	0.17269
5	0.07016	0.01552	0.08129	0.01263	0.01771	0.01371	0.01110	0.19900	0.04391	0.08445	0.09528	0.02055	0.01768	0.00796	0.00679	0.00184	0.03307	0.00618	0.04653	0.21463
6	0.05159	0.01613	0.06506	0.01851	0.11946	0.01535	0.04582	0.19917	0.08637	0.13976	0.01942	0.08380	0.01565	0.00884	0.00732	0.00213	0.02993	0.00738	0.00575	0.06258

[dist]
# distance from previous block
# <min> <max>
16	35

[block]
# block no. 5 follows, 31 sequences, length 12
# corresponding to MSA columns:
# 133-144
name=unknown_F
#
# <colnr> <probs for GDERKNQSTAVLIFYWHMCP>
#	G	D	E	R	K	N	Q	S	T	A	V	L	I	F	Y	W	H	M	C	P
0	0.05927	0.15614	0.32807	0.01622	0.02345	0.06681	0.01763	0.18277	0.01895	0.02617	0.03520	0.01519	0.01115	0.00707	0.00613	0.00199	0.00868	0.00520	0.00411	0.00984
1	0.04899	0.16944	0.31774	0.01860	0.07419	0.08773	0.05300	0.05388	0.01578	0.03771	0.01353	0.05488	0.01125	0.00731	0.00622	0.00201	0.00896	0.00579	0.00359	0.00940
2	0.05794	0.31531	0.22115	0.01544	0.03793	0.01982	0.05247	0.05592	0.04853	0.03880	0.04907	0.01710	0.02931	0.00709	0.00581	0.00189	0.00782	0.00545	0.00387	0.00928
3	0.03862	0.33121	0.23129	0.01710	0.08895	0.05605	0.01617	0.02166	0.05109	0.02005	0.04025	0.01512	0.01184	0.00663	0.00562	0.00182	0.00808	0.00492	0.00346	0.03009
4	0.01157	0.09203	0.09744	0.01257	0.01586	0.01135	0.06953	0.01491	0.01573	0.02160	0.26589	0.13195	0.09367	0.01551	0.06222	0.00289	0.04200	0.01067	0.00539	0.00721
5	0.03540	0.09584	0.18882	0.01388	0.01878	0.08707	0.01355	0.02124	0.07927	0.07125	0.01928	0.07797	0.01706	0.01416	0.08993	0.00313	0.00881	0.05953	0.04440	0.04063
6	0.14089	0.20786	0.20918	0.01557	0.05619	0.06990	0.01496	0.02230	0.04673	0.05781	0.01243	0.01401	0.00974	0.00666	0.00611	0.00190	0.03367	0.00468	0.00375	0.06566
7	0.08174	0.18707	0.09359	0.01451	0.01925	0.13356	0.04229	0.05514	0.07615	0.07511	0.06662	0.01924	0.03605	0.00816	0.00730	0.00201	0.06284	0.00597	0.00455	0.00886
8	0.06005	0.32274	0.05918	0.01492	0.05526	0.06194	0.04455	0.02120	0.09111	0.01949	0.01444	0.05026	0.01285	0.01191	0.08038	0.00278	0.03103	0.00577	0.00381	0.03632
9	0.01147	0.04673	0.01132	0.00978	0.01086	0.00965	0.00706	0.04819	0.01211	0.01689	0.02004	0.07473	0.02094	0.33969	0.24663	0.00682	0.04473	0.00877	0.04781	0.00576
10	0.01045	0.00772	0.01033	0.01043	0.01172	0.00849	0.00795	0.01366	0.05824	0.01725	0.02448	0.03825	0.05662	0.16811	0.41105	0.00794	0.01268	0.09190	0.02665	0.00609
11	0.01644	0.27421	0.35398	0.01608	0.02365	0.01861	0.05374	0.02162	0.01509	0.07527	0.05960	0.01665	0.01319	0.00690	0.00601	0.00193	0.00845	0.00538	0.00368	0.00949

[dist]
# distance from previous block
# <min> <max>
0	2

[block]
# block no. 6 follows, 31 sequences, length 18
# corresponding to MSA columns:
# 147-164
name=unknown_G
#
# <colnr> <probs for GDERKNQSTAVLIFYWHMCP>
#	G	D	E	R	K	N	Q	S	T	A	V	L	I	F	Y	W	H	M	C	P
0	0.01953	0.36227	0.02714	0.01708	0.09663	0.23197	0.01300	0.02234	0.04030	0.01753	0.01243	0.05467	0.01152	0.00750	0.00630	0.00179	0.04063	0.00529	0.00350	0.00860
1	0.00941	0.00739	0.00824	0.00831	0.01016	0.00676	0.00606	0.04863	0.01588	0.02007	0.10815	0.22432	0.41437	0.05049	0.02768	0.00280	0.00431	0.01462	0.00631	0.00605
2	0.04941	0.09794	0.37575	0.01954	0.08395	0.06052	0.07710	0.02071	0.01543	0.02201	0.09901	0.01894	0.01590	0.00730	0.00653	0.00207	0.00887	0.00608	0.00366	0.00926
3	0.00886	0.00709	0.00801	0.00816	0.01022	0.00624	0.00637	0.01110	0.01633	0.02049	0.18525	0.06489	0.48333	0.01695	0.00830	0.00242	0.00388	0.11957	0.00657	0.00599
4	0.02168	0.23204	0.06753	0.01572	0.02027	0.38407	0.01338	0.04316	0.08128	0.01866	0.01209	0.01351	0.01000	0.00709	0.00633	0.00181	0.03436	0.00465	0.00371	0.00865
5	0.01451	0.15495	0.56988	0.01768	0.02686	0.01736	0.02206	0.02122	0.01434	0.02078	0.01181	0.01385	0.00877	0.00631	0.00607	0.00198	0.00936	0.00477	0.00296	0.05448
6	0.01693	0.15721	0.50462	0.01711	0.02580	0.01698	0.02077	0.02313	0.01508	0.12069	0.01390	0.01511	0.00987	0.00667	0.00619	0.00204	0.00902	0.00508	0.00369	0.01010
7	0.01787	0.69600	0.09981	0.01243	0.01868	0.02603	0.01297	0.02060	0.01395	0.01661	0.00977	0.01130	0.00877	0.00591	0.00459	0.00153	0.00758	0.00379	0.00292	0.00890
8	0.01397	0.02945	0.56943	0.01737	0.02580	0.01401	0.02139	0.02078	0.01527	0.06143	0.09882	0.04894	0.01734	0.00811	0.00680	0.00219	0.00879	0.00662	0.00390	0.00957
9	0.01539	0.01563	0.12524	0.26977	0.19021	0.01344	0.01729	0.01962	0.01501	0.10439	0.02007	0.08942	0.05765	0.00882	0.00703	0.00223	0.00781	0.00779	0.00427	0.00891
10	0.03070	0.01164	0.01588	0.01217	0.01746	0.01006	0.01006	0.03334	0.01958	0.72163	0.02699	0.02329	0.01694	0.00847	0.00688	0.00212	0.00582	0.00688	0.00847	0.01164
11	0.00889	0.00647	0.00793	0.00886	0.00965	0.00605	0.00608	0.01011	0.01314	0.01703	0.04016	0.40518	0.16926	0.18044	0.01433	0.00356	0.00467	0.07696	0.00587	0.00536
12	0.01647	0.06037	0.42662	0.04060	0.10468	0.03601	0.10708	0.02271	0.01536	0.08633	0.01374	0.01594	0.00991	0.00654	0.00667	0.00213	0.00959	0.00567	0.00356	0.01004
13	0.01212	0.01031	0.01620	0.28328	0.11491	0.01134	0.01458	0.01568	0.01475	0.01929	0.02603	0.10207	0.05491	0.01299	0.00804	0.00262	0.00725	0.26163	0.00474	0.00727
14	0.00995	0.00663	0.00746	0.00746	0.00746	0.00663	0.00415	0.00995	0.00995	0.01327	0.02156	0.04477	0.02487	0.75957	0.03482	0.00663	0.00663	0.00995	0.00415	0.00415
15	0.01286	0.01148	0.02072	0.01895	0.05536	0.01114	0.21726	0.01685	0.01586	0.02100	0.02831	0.05646	0.02921	0.01430	0.00890	0.00284	0.00797	0.43782	0.00530	0.00741
16	0.02317	0.05995	0.02292	0.04974	0.02370	0.31195	0.09514	0.24759	0.02251	0.02640	0.01301	0.01471	0.01001	0.00713	0.00652	0.00190	0.00994	0.00546	0.00460	0.04367
17	0.01641	0.01417	0.02121	0.10231	0.31611	0.01467	0.01552	0.06593	0.01552	0.04726	0.01380	0.01853	0.01165	0.05381	0.00983	0.00226	0.08455	0.00601	0.02373	0.14673

[dist]
# distance from previous block
# <min> <max>
0	5

[block]
# block no. 7 follows, 31 sequences, length 17
# corresponding to MSA columns:
# 170-186
name=unknown_H
#
# <colnr> <probs for GDERKNQSTAVLIFYWHMCP>
#	G	D	E	R	K	N	Q	S	T	A	V	L	I	F	Y	W	H	M	C	P
0	0.12052	0.28482	0.15443	0.03842	0.06891	0.16531	0.01479	0.02251	0.03789	0.02003	0.01116	0.01302	0.00914	0.00644	0.00544	0.00183	0.00864	0.00445	0.00338	0.00885
1	0.35275	0.01325	0.01387	0.04990	0.04646	0.01346	0.00945	0.05934	0.04260	0.07571	0.01299	0.01443	0.00995	0.00634	0.00518	0.00178	0.00571	0.00456	0.00463	0.25764
2	0.05804	0.01631	0.11535	0.02379	0.26646	0.01346	0.03809	0.02365	0.05916	0.18438	0.08507	0.05038	0.01888	0.00825	0.00689	0.00214	0.00704	0.00731	0.00527	0.01007
3	0.01483	0.01285	0.01869	0.25065	0.15597	0.01266	0.01411	0.01921	0.04291	0.04518	0.03510	0.01791	0.01229	0.00639	0.00618	0.00173	0.00691	0.00559	0.00398	0.31686
4	0.04752	0.01295	0.01546	0.16188	0.02281	0.01500	0.01220	0.02809	0.42068	0.02536	0.05281	0.03101	0.02204	0.01007	0.00718	0.00240	0.00619	0.09107	0.00599	0.00928
5	0.01196	0.01073	0.01751	0.49592	0.07719	0.01262	0.01559	0.01567	0.01399	0.01834	0.05808	0.18351	0.02042	0.01044	0.00733	0.00237	0.00758	0.00941	0.00405	0.00728
6	0.01669	0.01494	0.01787	0.01811	0.10678	0.01752	0.01275	0.03138	0.51140	0.02597	0.02307	0.02283	0.01780	0.00929	0.00929	0.00239	0.11845	0.00726	0.00590	0.01032
7	0.00834	0.00595	0.00794	0.00953	0.00992	0.00556	0.00635	0.00953	0.01310	0.01746	0.03771	0.75510	0.04525	0.02143	0.00873	0.00278	0.00397	0.01945	0.00635	0.00556
8	0.09336	0.01344	0.01643	0.01270	0.01795	0.01297	0.01049	0.17883	0.02172	0.51447	0.02322	0.02077	0.01498	0.00824	0.00666	0.00210	0.00616	0.00646	0.00776	0.01129
9	0.01752	0.58192	0.12936	0.01609	0.09582	0.02435	0.01459	0.02070	0.01416	0.01755	0.01026	0.01210	0.00899	0.00597	0.00494	0.00162	0.00779	0.00412	0.00297	0.00919
10	0.00842	0.00700	0.00742	0.00766	0.00981	0.00600	0.00588	0.01028	0.01551	0.01866	0.06442	0.09461	0.61348	0.01766	0.00826	0.00242	0.00380	0.08655	0.00635	0.00582
11	0.00811	0.00685	0.00701	0.00714	0.00930	0.00576	0.00529	0.00979	0.01539	0.01840	0.06672	0.12234	0.65929	0.01766	0.00814	0.00235	0.00351	0.01485	0.00635	0.00576
12	0.01406	0.00975	0.01444	0.01651	0.11285	0.00956	0.03459	0.01743	0.03826	0.09927	0.02986	0.13274	0.03074	0.07465	0.01060	0.00306	0.00642	0.33178	0.00589	0.00753
13	0.01473	0.13436	0.52426	0.01983	0.02886	0.01766	0.12470	0.02154	0.01463	0.02093	0.01213	0.01457	0.00894	0.00630	0.00644	0.00209	0.00994	0.00532	0.00298	0.00979
14	0.01693	0.01626	0.02777	0.04199	0.71689	0.01626	0.02100	0.02100	0.01558	0.02235	0.01287	0.01693	0.01084	0.00610	0.00677	0.00203	0.00813	0.00610	0.00339	0.01084
15	0.00840	0.00670	0.00737	0.00781	0.00943	0.00586	0.00560	0.00991	0.01452	0.01787	0.05639	0.23606	0.46800	0.07924	0.01048	0.00281	0.00395	0.03782	0.00617	0.00561
16	0.01750	0.01558	0.02244	0.01799	0.02279	0.01673	0.20098	0.03216	0.47623	0.06328	0.02389	0.02343	0.01774	0.00826	0.00727	0.00231	0.00714	0.00778	0.00606	0.01042

[dist]
# distance from previous block
# <min> <max>
0	4

[block]
# block no. 8 follows, 31 sequences, length 11
# corresponding to MSA columns:
# 191-197,200-203
name=unknown_I
#
# <colnr> <probs for GDERKNQSTAVLIFYWHMCP>
#	G	D	E	R	K	N	Q	S	T	A	V	L	I	F	Y	W	H	M	C	P
0	0.01498	0.23546	0.53504	0.01736	0.02630	0.01896	0.02155	0.02134	0.01429	0.02014	0.01152	0.01349	0.00870	0.00632	0.00592	0.00197	0.00934	0.00467	0.00290	0.00975
1	0.00832	0.00670	0.00741	0.00775	0.00951	0.00579	0.00562	0.01007	0.01538	0.01918	0.12952	0.23438	0.48045	0.01799	0.00824	0.00241	0.00356	0.01546	0.00648	0.00579
2	0.01667	0.06793	0.15808	0.02401	0.10482	0.03627	0.27360	0.02137	0.01504	0.06439	0.01403	0.04136	0.01136	0.00753	0.00930	0.00228	0.11209	0.00694	0.00366	0.00929
3	0.01817	0.01527	0.01612	0.01416	0.01823	0.01755	0.01111	0.12055	0.61846	0.03047	0.02638	0.02436	0.01970	0.00914	0.00695	0.00229	0.00569	0.00753	0.00695	0.01093
4	0.01629	0.01754	0.03517	0.03187	0.23495	0.01727	0.44247	0.02123	0.01554	0.02162	0.01318	0.01774	0.01041	0.00634	0.00879	0.00228	0.06700	0.00733	0.00340	0.00957
5	0.00938	0.00651	0.00752	0.00788	0.00822	0.00629	0.00477	0.00984	0.01128	0.01479	0.03035	0.21142	0.10262	0.51006	0.02595	0.00528	0.00568	0.01262	0.00489	0.00464
6	0.02478	0.01856	0.01984	0.01549	0.02075	0.02065	0.01271	0.60465	0.12358	0.04115	0.01798	0.01766	0.01289	0.00836	0.00686	0.00209	0.00724	0.00637	0.00686	0.01153
7	0.01744	0.62774	0.16432	0.01316	0.01981	0.02498	0.01424	0.02071	0.01400	0.01714	0.01003	0.01162	0.00876	0.00597	0.00478	0.00159	0.00784	0.00392	0.00292	0.00903
8	0.02030	0.08193	0.20611	0.01405	0.01983	0.05782	0.01396	0.02569	0.07493	0.26393	0.10465	0.04849	0.02066	0.00883	0.00674	0.00210	0.00708	0.00715	0.00589	0.00985
9	0.57367	0.05066	0.09626	0.01101	0.01616	0.01595	0.01025	0.06426	0.01394	0.07829	0.01152	0.01269	0.00856	0.00661	0.00486	0.00209	0.00613	0.00424	0.00448	0.00836
10	0.02457	0.01931	0.01967	0.01557	0.02067	0.06514	0.01268	0.54915	0.13677	0.03919	0.01785	0.01760	0.01291	0.00831	0.00682	0.00208	0.00750	0.00630	0.00665	0.01128

[dist]
# distance from previous block
# <min> <max>
0	1

[block]
# block no. 9 follows, 31 sequences, length 190
# corresponding to MSA columns:
# 205-394
name=unknown_J
#
# <colnr> <probs for GDERKNQSTAVLIFYWHMCP>
#	G	D	E	R	K	N	Q	S	T	A	V	L	I	F	Y	W	H	M	C	P
0	0.00963	0.00743	0.01038	0.01076	0.01228	0.00687	0.03905	0.01177	0.01464	0.01945	0.09230	0.40620	0.11690	0.01836	0.00857	0.00265	0.00476	0.15939	0.00619	0.04243
1	0.01741	0.01693	0.03161	0.05506	0.26557	0.01685	0.32460	0.05348	0.04596	0.05459	0.01459	0.01823	0.01125	0.00653	0.00795	0.00222	0.03620	0.00710	0.00394	0.00995
2	0.00930	0.00699	0.00883	0.00994	0.01136	0.00652	0.00781	0.01141	0.01487	0.01893	0.04659	0.28691	0.24305	0.01923	0.00882	0.00278	0.00472	0.26971	0.00633	0.00591
3	0.01625	0.12234	0.22010	0.02347	0.03103	0.01841	0.39317	0.05275	0.01614	0.02205	0.01297	0.01630	0.00977	0.00609	0.00711	0.00215	0.01041	0.00660	0.00339	0.00951
4	0.01658	0.33116	0.38477	0.01617	0.02400	0.08102	0.01874	0.02166	0.01464	0.01899	0.01101	0.01286	0.00872	0.00628	0.00561	0.00185	0.00916	0.00443	0.00296	0.00939
5	0.00826	0.00645	0.00750	0.00827	0.00961	0.00569	0.00581	0.00978	0.01448	0.01828	0.07539	0.40698	0.36065	0.01925	0.00841	0.00254	0.00371	0.01685	0.00639	0.00569
6	0.01889	0.70341	0.03449	0.01219	0.01786	0.08519	0.01183	0.02105	0.01435	0.01615	0.00960	0.01109	0.00878	0.00595	0.00454	0.00149	0.00773	0.00372	0.00298	0.00871
7	0.01493	0.01260	0.01459	0.01049	0.01653	0.00988	0.00842	0.05995	0.01532	0.02361	0.01243	0.01433	0.01023	0.00527	0.00518	0.00108	0.00522	0.00419	0.00423	0.75154
8	0.01434	0.01395	0.02200	0.56236	0.18712	0.04800	0.01916	0.01867	0.01434	0.01847	0.01224	0.01770	0.00947	0.00669	0.00680	0.00220	0.00906	0.00601	0.00314	0.00830
9	0.00951	0.00699	0.00890	0.00842	0.01011	0.00638	0.00632	0.01257	0.01895	0.02646	0.64300	0.05271	0.13544	0.01435	0.00807	0.00217	0.00325	0.01260	0.00740	0.00638
10	0.01611	0.01599	0.04422	0.17064	0.57589	0.01605	0.02074	0.02037	0.01520	0.02144	0.01272	0.01711	0.01046	0.00624	0.00678	0.00208	0.00836	0.00607	0.00331	0.01022
11	0.01717	0.02671	0.43491	0.01852	0.02661	0.01511	0.09666	0.04421	0.07328	0.13267	0.03690	0.01835	0.01291	0.00723	0.00683	0.00218	0.00893	0.00616	0.00442	0.01025
12	0.01080	0.00771	0.01077	0.01234	0.01382	0.00768	0.01063	0.01379	0.01553	0.02022	0.03635	0.13383	0.03986	0.01911	0.00939	0.00312	0.00610	0.61640	0.00630	0.00624
13	0.00978	0.00731	0.01089	0.01089	0.01207	0.00849	0.00842	0.01215	0.01096	0.01580	0.01842	0.02743	0.01734	0.07307	0.71102	0.01086	0.01797	0.00741	0.00368	0.00605
14	0.01399	0.03107	0.57436	0.02183	0.09233	0.01563	0.07963	0.02115	0.01474	0.02162	0.01476	0.01708	0.03746	0.00684	0.00672	0.00217	0.00978	0.00578	0.00312	0.00993
15	0.80789	0.01323	0.01006	0.00900	0.01323	0.01535	0.00741	0.02011	0.01164	0.03070	0.00953	0.01111	0.00741	0.00635	0.00423	0.00212	0.00529	0.00370	0.00423	0.00741
16	0.00968	0.00699	0.00914	0.00861	0.01022	0.00646	0.00646	0.01291	0.01937	0.02743	0.71328	0.05110	0.06455	0.01399	0.00807	0.00215	0.00323	0.01237	0.00753	0.00646
17	0.04966	0.01255	0.02065	0.65091	0.10154	0.01529	0.01864	0.01789	0.01375	0.01849	0.01210	0.01780	0.00919	0.00676	0.00672	0.00225	0.00886	0.00597	0.00312	0.00786
18	0.01787	0.68182	0.08710	0.01292	0.01913	0.02588	0.03810	0.02063	0.01403	0.01673	0.00988	0.01151	0.00883	0.00590	0.00468	0.00155	0.00768	0.00393	0.00294	0.00890
19	0.00968	0.00699	0.00914	0.00861	0.01022	0.00646	0.00646	0.01291	0.01937	0.02743	0.71328	0.05110	0.06455	0.01399	0.00807	0.00215	0.00323	0.01237	0.00753	0.00646
20	0.00882	0.00630	0.00849	0.01008	0.01069	0.00597	0.00719	0.01036	0.01358	0.01801	0.03744	0.63318	0.04419	0.02098	0.00886	0.00285	0.00439	0.13660	0.00634	0.00569
21	0.02057	0.01547	0.02370	0.08490	0.28923	0.01578	0.07856	0.14294	0.05728	0.15791	0.03367	0.01957	0.01378	0.00731	0.00697	0.00212	0.00772	0.00668	0.00523	0.01061
22	0.01552	0.01481	0.02521	0.28923	0.48071	0.01588	0.02029	0.01976	0.01491	0.02063	0.01262	0.01739	0.01023	0.00636	0.00680	0.00212	0.00848	0.00609	0.00326	0.00970
23	0.00977	0.00733	0.01100	0.01100	0.01222	0.00855	0.00855	0.01222	0.01100	0.01588	0.01833	0.02688	0.01710	0.05131	0.73245	0.01100	0.01833	0.00733	0.00367	0.00611
24	0.01292	0.01216	0.02052	0.74312	0.04712	0.01520	0.01900	0.01748	0.01368	0.01748	0.01216	0.01824	0.00912	0.00684	0.00684	0.00228	0.00912	0.00608	0.00304	0.00760
25	0.02557	0.01957	0.02025	0.01574	0.02106	0.05333	0.01291	0.63365	0.06238	0.04125	0.01668	0.01666	0.01193	0.00821	0.00682	0.00205	0.00765	0.00615	0.00670	0.01143
26	0.80789	0.01323	0.01006	0.00900	0.01323	0.01535	0.00741	0.02011	0.01164	0.03070	0.00953	0.01111	0.00741	0.00635	0.00423	0.00212	0.00529	0.00370	0.00423	0.00741
27	0.01663	0.01595	0.02722	0.09494	0.66631	0.01618	0.02085	0.02073	0.01543	0.02198	0.01282	0.01703	0.01071	0.00615	0.00678	0.00205	0.00820	0.00609	0.00336	0.01059
28	0.00861	0.00630	0.00800	0.00893	0.00979	0.00579	0.00613	0.01019	0.01443	0.01923	0.16278	0.50857	0.13718	0.04858	0.00955	0.00275	0.00387	0.01713	0.00648	0.00569
29	0.01419	0.01216	0.01419	0.01013	0.01621	0.00912	0.00811	0.01723	0.01419	0.02229	0.01216	0.01419	0.01013	0.00507	0.00507	0.00101	0.00507	0.00405	0.00405	0.80139
30	0.01693	0.01626	0.02777	0.04199	0.71689	0.01626	0.02100	0.02100	0.01558	0.02235	0.01287	0.01693	0.01084	0.00610	0.00677	0.00203	0.00813	0.00610	0.00339	0.01084
31	0.03070	0.01164	0.01588	0.01217	0.01746	0.01006	0.01006	0.03334	0.01958	0.72163	0.02699	0.02329	0.01694	0.00847	0.00688	0.00212	0.00582	0.00688	0.00847	0.01164
32	0.00995	0.00663	0.00746	0.00746	0.00746	0.00663	0.00415	0.00995	0.00995	0.01327	0.02156	0.04477	0.02487	0.75957	0.03482	0.00663	0.00663	0.00995	0.00415	0.00415
33	0.01693	0.01626	0.02777	0.04199	0.71689	0.01626	0.02100	0.02100	0.01558	0.02235	0.01287	0.01693	0.01084	0.00610	0.00677	0.00203	0.00813	0.00610	0.00339	0.01084
34	0.00853	0.00698	0.00761	0.00793	0.00997	0.00605	0.00609	0.01045	0.01551	0.01890	0.08002	0.12396	0.55266	0.01778	0.00832	0.00245	0.00387	0.10068	0.00638	0.00584
35	0.00846	0.00695	0.00745	0.00732	0.00947	0.00593	0.00549	0.01054	0.01648	0.02057	0.21974	0.06240	0.56237	0.01655	0.00808	0.00227	0.00341	0.01396	0.00663	0.00593
36	0.01419	0.01216	0.01419	0.01013	0.01621	0.00912	0.00811	0.01723	0.01419	0.02229	0.01216	0.01419	0.01013	0.00507	0.00507	0.00101	0.00507	0.00405	0.00405	0.80139
37	0.01873	0.01764	0.02234	0.16649	0.23360	0.09851	0.01673	0.15961	0.05696	0.02461	0.01353	0.01679	0.01076	0.00773	0.00879	0.00220	0.10521	0.00599	0.00419	0.00960
38	0.00834	0.00595	0.00794	0.00953	0.00992	0.00556	0.00635	0.00953	0.01310	0.01746	0.03771	0.75510	0.04525	0.02143	0.00873	0.00278	0.00397	0.01945	0.00635	0.00556
39	0.01403	0.01368	0.02435	0.52963	0.16062	0.01566	0.10710	0.01866	0.01433	0.01889	0.01250	0.01804	0.00958	0.00657	0.00699	0.00224	0.00926	0.00634	0.00315	0.00837
40	0.02556	0.03261	0.01939	0.01763	0.02115	0.73210	0.01322	0.02732	0.01939	0.01674	0.01058	0.01234	0.00881	0.00705	0.00617	0.00176	0.01234	0.00441	0.00353	0.00793
41	0.01188	0.00594	0.00891	0.00891	0.00891	0.00594	0.00594	0.00891	0.00891	0.01188	0.01188	0.02080	0.01188	0.02377	0.02674	0.80095	0.00594	0.00594	0.00297	0.00297
42	0.01372	0.03539	0.72412	0.01950	0.02961	0.01589	0.02528	0.02167	0.01444	0.02167	0.01228	0.01444	0.00867	0.00650	0.00650	0.00217	0.01011	0.00506	0.00289	0.01011
43	0.01604	0.01924	0.07200	0.02840	0.03547	0.01724	0.66120	0.02190	0.01607	0.02190	0.01377	0.01827	0.01030	0.00580	0.00800	0.00230	0.01147	0.00793	0.00343	0.00927
44	0.00824	0.00692	0.00705	0.00703	0.00920	0.00584	0.00520	0.00996	0.01550	0.01863	0.09464	0.06425	0.65505	0.05092	0.00930	0.00250	0.00360	0.01415	0.00630	0.00573
45	0.00834	0.00595	0.00794	0.00953	0.00992	0.00556	0.00635	0.00953	0.01310	0.01746	0.03771	0.75510	0.04525	0.02143	0.00873	0.00278	0.00397	0.01945	0.00635	0.00556
46	0.00983	0.00712	0.00994	0.00994	0.01080	0.00798	0.00724	0.01154	0.01068	0.01510	0.01929	0.03219	0.01941	0.26180	0.52512	0.00970	0.01485	0.00811	0.00381	0.00552
47	0.00825	0.00676	0.00728	0.00753	0.00944	0.00579	0.00550	0.00999	0.01541	0.01895	0.11091	0.19121	0.54359	0.01783	0.00820	0.00238	0.00354	0.01521	0.00644	0.00579
48	0.01678	0.01449	0.01524	0.01374	0.01756	0.01672	0.01068	0.03565	0.68632	0.02835	0.02894	0.02659	0.03921	0.00949	0.00699	0.00232	0.00536	0.00791	0.00695	0.01070
49	0.01583	0.37217	0.40585	0.01590	0.02404	0.02106	0.01900	0.02112	0.01419	0.01909	0.01100	0.01284	0.00872	0.00620	0.00552	0.00184	0.00882	0.00441	0.00291	0.00950
50	0.01419	0.01216	0.01419	0.01013	0.01621	0.00912	0.00811	0.01723	0.01419	0.02229	0.01216	0.01419	0.01013	0.00507	0.00507	0.00101	0.00507	0.00405	0.00405	0.80139
51	0.01726	0.04904	0.01926	0.01479	0.01845	0.01652	0.04251	0.06587	0.16571	0.07288	0.01590	0.01775	0.01266	0.00862	0.01117	0.00213	0.23367	0.00595	0.00478	0.20507
52	0.02045	0.02081	0.02185	0.08113	0.17990	0.23639	0.06216	0.13613	0.07760	0.02441	0.01465	0.01693	0.01146	0.00717	0.00658	0.00199	0.00909	0.00588	0.05600	0.00941
53	0.01188	0.00594	0.00891	0.00891	0.00891	0.00594	0.00594	0.00891	0.00891	0.01188	0.01188	0.02080	0.01188	0.02377	0.02674	0.80095	0.00594	0.00594	0.00297	0.00297
54	0.02508	0.01870	0.02001	0.01555	0.02086	0.02078	0.01278	0.62592	0.10184	0.04161	0.01761	0.01737	0.01259	0.00832	0.00686	0.00208	0.00731	0.00632	0.00686	0.01155
55	0.03028	0.01230	0.01629	0.01249	0.01779	0.01104	0.01031	0.09141	0.02069	0.66200	0.02606	0.02268	0.01647	0.00845	0.00688	0.00211	0.00597	0.00682	0.00832	0.01164
56	0.03048	0.01199	0.01609	0.01234	0.01764	0.01057	0.01019	0.06360	0.02016	0.69055	0.02651	0.02297	0.01669	0.00846	0.00688	0.00211	0.00590	0.00685	0.00839	0.01164
57	0.03052	0.01192	0.01605	0.01231	0.01760	0.01047	0.01017	0.05799	0.02005	0.69631	0.02660	0.02303	0.01674	0.00846	0.00688	0.00211	0.00589	0.00685	0.00841	0.01164
58	0.01102	0.00787	0.01102	0.01260	0.01417	0.00787	0.01102	0.01417	0.01575	0.02047	0.03622	0.07717	0.03937	0.01890	0.00945	0.00315	0.00630	0.67084	0.00630	0.00630
59	0.00996	0.00710	0.00985	0.00985	0.01076	0.00794	0.00721	0.01179	0.01087	0.01563	0.01937	0.03155	0.01918	0.23681	0.51410	0.00941	0.01453	0.00798	0.04052	0.00560
60	0.01570	0.01946	0.09912	0.02727	0.03423	0.01675	0.60226	0.02154	0.01598	0.02183	0.01473	0.02079	0.01156	0.00643	0.00800	0.00233	0.01117	0.03816	0.00354	0.00917
61	0.25881	0.01211	0.01417	0.01124	0.01622	0.01161	0.00928	0.02946	0.01725	0.51884	0.02186	0.01971	0.01414	0.00785	0.00610	0.00212	0.00567	0.00595	0.00722	0.01040
62	0.01742	0.01461	0.01548	0.01387	0.01778	0.01681	0.01081	0.03626	0.68417	0.04922	0.02782	0.02546	0.02077	0.00926	0.00696	0.00231	0.00543	0.00771	0.00701	0.01085
63	0.01327	0.01252	0.02116	0.68150	0.10598	0.01529	0.01918	0.01779	0.01385	0.01791	0.01222	0.01812	0.00927	0.00677	0.00683	0.00226	0.00903	0.00608	0.00307	0.00788
64	0.00835	0.00691	0.00735	0.00750	0.00958	0.00590	0.00563	0.01021	0.01568	0.01912	0.11051	0.11647	0.58856	0.01747	0.00819	0.00237	0.00361	0.04432	0.00643	0.00583
65	0.00995	0.00663	0.00746	0.00746	0.00746	0.00663	0.00415	0.00995	0.00995	0.01327	0.02156	0.04477	0.02487	0.75957	0.03482	0.00663	0.00663	0.00995	0.00415	0.00415
66	0.02524	0.01099	0.01406	0.01122	0.01556	0.01011	0.00911	0.07444	0.03863	0.48178	0.08584	0.02568	0.02096	0.00888	0.00664	0.00204	0.00527	0.00726	0.13599	0.01031
67	0.02601	0.01916	0.02053	0.01574	0.02122	0.02122	0.01300	0.69408	0.03217	0.04312	0.01643	0.01643	0.01163	0.00821	0.00684	0.00205	0.00753	0.00616	0.00684	0.01163
68	0.15778	0.02465	0.01593	0.01451	0.01782	0.47775	0.01100	0.02348	0.01805	0.02108	0.13685	0.01910	0.01860	0.00818	0.00618	0.00189	0.00948	0.00572	0.00437	0.00758
69	0.00834	0.00595	0.00794	0.00953	0.00992	0.00556	0.00635	0.00953	0.01310	0.01746	0.03771	0.75510	0.04525	0.02143	0.00873	0.00278	0.00397	0.01945	0.00635	0.00556
70	0.01898	0.01727	0.02401	0.03143	0.44218	0.05039	0.01749	0.14500	0.13436	0.02688	0.01592	0.01807	0.01257	0.00706	0.00679	0.00207	0.00776	0.00630	0.00462	0.01084
71	0.01485	0.09650	0.45058	0.02135	0.02989	0.01745	0.20977	0.02148	0.01476	0.02108	0.01237	0.01526	0.00916	0.00639	0.00720	0.00217	0.03122	0.00580	0.00305	0.00967
72	0.02014	0.01608	0.02297	0.07816	0.37838	0.06313	0.01691	0.08200	0.01747	0.14879	0.01556	0.01812	0.01191	0.00887	0.03602	0.00244	0.04199	0.00617	0.00458	0.01030
73	0.01102	0.00787	0.01102	0.01260	0.01417	0.00787	0.01102	0.01417	0.01575	0.02047	0.03622	0.07717	0.03937	0.01890	0.00945	0.00315	0.00630	0.67084	0.00630	0.00630
74	0.02894	0.01203	0.01582	0.01240	0.01751	0.01095	0.01015	0.03373	0.10741	0.63277	0.02710	0.02357	0.01744	0.00857	0.00689	0.00214	0.00577	0.00699	0.00827	0.01154
75	0.01615	0.01845	0.04037	0.02884	0.03576	0.01730	0.69204	0.02191	0.01615	0.02191	0.01384	0.01845	0.01038	0.00577	0.00807	0.00231	0.01153	0.00807	0.00346	0.00923
76	0.01292	0.01216	0.02052	0.74312	0.04712	0.01520	0.01900	0.01748	0.01368	0.01748	0.01216	0.01824	0.00912	0.00684	0.00684	0.00228	0.00912	0.00608	0.00304	0.00760
77	0.00995	0.00663	0.00746	0.00746	0.00746	0.00663	0.00415	0.00995	0.00995	0.01327	0.02156	0.04477	0.02487	0.75957	0.03482	0.00663	0.00663	0.00995	0.00415	0.00415
78	0.00980	0.00724	0.01056	0.01056	0.01163	0.00831	0.00800	0.01193	0.01087	0.01556	0.01873	0.02910	0.01807	0.13934	0.64575	0.01045	0.01687	0.00766	0.00372	0.00586
79	0.02556	0.03261	0.01939	0.01763	0.02115	0.73210	0.01322	0.02732	0.01939	0.01674	0.01058	0.01234	0.00881	0.00705	0.00617	0.00176	0.01234	0.00441	0.00353	0.00793
80	0.00834	0.00595	0.00794	0.00953	0.00992	0.00556	0.00635	0.00953	0.01310	0.01746	0.03771	0.75510	0.04525	0.02143	0.00873	0.00278	0.00397	0.01945	0.00635	0.00556
81	0.00964	0.00699	0.00908	0.00856	0.01019	0.00644	0.00642	0.01282	0.01926	0.02718	0.69476	0.05153	0.08324	0.01408	0.00807	0.00216	0.00323	0.01243	0.00750	0.00644
82	0.00834	0.00595	0.00794	0.00953	0.00992	0.00556	0.00635	0.00953	0.01310	0.01746	0.03771	0.75510	0.04525	0.02143	0.00873	0.00278	0.00397	0.01945	0.00635	0.00556
83	0.00845	0.00604	0.00807	0.00953	0.00996	0.00573	0.00639	0.00966	0.01291	0.01727	0.03633	0.70031	0.04334	0.04475	0.04299	0.00327	0.00471	0.01861	0.00616	0.00554
84	0.01419	0.01216	0.01419	0.01013	0.01621	0.00912	0.00811	0.01723	0.01419	0.02229	0.01216	0.01419	0.01013	0.00507	0.00507	0.00101	0.00507	0.00405	0.00405	0.80139
85	0.01292	0.01216	0.02052	0.74312	0.04712	0.01520	0.01900	0.01748	0.01368	0.01748	0.01216	0.01824	0.00912	0.00684	0.00684	0.00228	0.00912	0.00608	0.00304	0.00760
86	0.00867	0.00695	0.00774	0.00755	0.00960	0.00602	0.00566	0.01095	0.01698	0.02177	0.30564	0.06043	0.47572	0.01610	0.00808	0.00225	0.00338	0.01368	0.00679	0.00602
87	0.01292	0.01216	0.02052	0.74312	0.04712	0.01520	0.01900	0.01748	0.01368	0.01748	0.01216	0.01824	0.00912	0.00684	0.00684	0.00228	0.00912	0.00608	0.00304	0.00760
88	0.01829	0.76368	0.03585	0.01171	0.01756	0.02707	0.01171	0.02049	0.01390	0.01610	0.00951	0.01097	0.00878	0.00585	0.00439	0.00146	0.00732	0.00366	0.00293	0.00878
89	0.01829	0.76368	0.03585	0.01171	0.01756	0.02707	0.01171	0.02049	0.01390	0.01610	0.00951	0.01097	0.00878	0.00585	0.00439	0.00146	0.00732	0.00366	0.00293	0.00878
90	0.00827	0.00621	0.00767	0.00884	0.00974	0.00561	0.00605	0.00960	0.01375	0.01773	0.04602	0.57380	0.22119	0.02035	0.00856	0.00266	0.00384	0.01813	0.00635	0.00561
91	0.02644	0.01167	0.01442	0.01154	0.01601	0.03591	0.00941	0.05601	0.01918	0.52361	0.04661	0.02528	0.01860	0.00879	0.00664	0.00205	0.00566	0.02506	0.12668	0.01041
92	0.01372	0.03539	0.72412	0.01950	0.02961	0.01589	0.02528	0.02167	0.01444	0.02167	0.01228	0.01444	0.00867	0.00650	0.00650	0.00217	0.01011	0.00506	0.00289	0.01011
93	0.00979	0.00727	0.01068	0.01068	0.01180	0.00838	0.00816	0.01202	0.01090	0.01565	0.01861	0.02845	0.01779	0.11356	0.67114	0.01061	0.01730	0.00756	0.00371	0.00594
94	0.05356	0.01750	0.02596	0.03741	0.59627	0.07931	0.01946	0.02133	0.01553	0.02201	0.01236	0.01619	0.01043	0.00642	0.00722	0.00205	0.03743	0.00583	0.00342	0.01029
95	0.01420	0.01347	0.02283	0.51932	0.26091	0.01554	0.01964	0.01860	0.01429	0.01903	0.01239	0.01782	0.00967	0.00660	0.00682	0.00220	0.00880	0.00608	0.00315	0.00863
96	0.00840	0.00600	0.00799	0.00948	0.00994	0.00560	0.00636	0.00968	0.01339	0.01792	0.06864	0.72286	0.04613	0.02109	0.00870	0.00275	0.00394	0.01913	0.00640	0.00560
97	0.02556	0.03261	0.01939	0.01763	0.02115	0.73210	0.01322	0.02732	0.01939	0.01674	0.01058	0.01234	0.00881	0.00705	0.00617	0.00176	0.01234	0.00441	0.00353	0.00793
98	0.01034	0.00680	0.00794	0.00816	0.00858	0.00679	0.00529	0.01119	0.01150	0.01587	0.04713	0.04803	0.02769	0.56005	0.02757	0.00553	0.00617	0.10633	0.07430	0.00473
99	0.01407	0.01365	0.01924	0.01676	0.01697	0.01881	0.01386	0.01573	0.01057	0.01636	0.01059	0.01702	0.01038	0.01877	0.14504	0.00438	0.62122	0.00622	0.00311	0.00725
100	0.00834	0.00595	0.00794	0.00953	0.00992	0.00556	0.00635	0.00953	0.01310	0.01746	0.03771	0.75510	0.04525	0.02143	0.00873	0.00278	0.00397	0.01945	0.00635	0.00556
101	0.00978	0.00730	0.01083	0.01083	0.01200	0.00846	0.00835	0.01211	0.01095	0.01576	0.01847	0.02770	0.01746	0.08374	0.70051	0.01080	0.01779	0.00745	0.00369	0.00602
102	0.01728	0.01991	0.03317	0.15015	0.03509	0.14558	0.45367	0.02212	0.01630	0.02022	0.01296	0.01732	0.00988	0.00618	0.00752	0.00220	0.01126	0.00707	0.00340	0.00871
103	0.03008	0.01208	0.01608	0.01239	0.01764	0.01077	0.01021	0.06346	0.04051	0.67020	0.02654	0.02304	0.01681	0.00848	0.00688	0.00212	0.00589	0.00687	0.00835	0.01162
104	0.00850	0.00607	0.00811	0.00964	0.01013	0.00569	0.00657	0.00983	0.01339	0.01788	0.05629	0.70462	0.04551	0.02111	0.00875	0.00278	0.00406	0.04908	0.00638	0.00562
