[name]
unknown

[dist]
# distance from previous block
# <min> <max>
0	90

[block]
# block no. 0 follows, 36 sequences, length 34
# corresponding to MSA columns:
# 100-133
name=unknown_A
#
# <colnr> <probs for GDERKNQSTAVLIFYWHMCP>
#	G	D	E	R	K	N	Q	S	T	A	V	L	I	F	Y	W	H	M	C	P
0	0.01161	0.00581	0.00581	0.00581	0.00726	0.00581	0.00436	0.01452	0.01307	0.02323	0.02033	0.02323	0.01597	0.00726	0.00436	0.00145	0.00290	0.00581	0.81562	0.00581
1	0.01355	0.01376	0.04540	0.37857	0.32819	0.01443	0.08101	0.01771	0.01339	0.01822	0.01148	0.01603	0.00904	0.00585	0.00630	0.00198	0.00816	0.00568	0.00293	0.00833
2	0.02027	0.01361	0.04886	0.03636	0.11093	0.01296	0.05809	0.10299	0.17045	0.28640	0.05768	0.02079	0.01632	0.00755	0.00638	0.00197	0.00613	0.00651	0.00597	0.00980
3	0.01386	0.01119	0.01223	0.01090	0.01385	0.01219	0.00846	0.12475	0.34969	0.02616	0.18742	0.07056	0.11107	0.01068	0.00675	0.00206	0.00450	0.00903	0.00635	0.00830
4	0.00905	0.00679	0.00833	0.00832	0.00986	0.00644	0.00638	0.01211	0.04998	0.02093	0.36390	0.06822	0.19077	0.07971	0.00962	0.00252	0.00385	0.13139	0.00613	0.00572
5	0.01543	0.26770	0.20084	0.01865	0.12503	0.03221	0.11122	0.03286	0.05509	0.03846	0.03803	0.01495	0.01114	0.00606	0.00561	0.00176	0.00773	0.00513	0.00335	0.00874
6	0.01265	0.06054	0.72181	0.01749	0.02655	0.01485	0.02256	0.01969	0.01314	0.01954	0.01109	0.01304	0.00790	0.00590	0.00585	0.00195	0.00911	0.00456	0.00263	0.00916
7	0.00838	0.00618	0.00780	0.00859	0.00968	0.00577	0.00642	0.01013	0.01344	0.01754	0.12367	0.31448	0.18766	0.07673	0.00976	0.00273	0.00413	0.17593	0.00575	0.00526
8	0.01513	0.11877	0.29304	0.04973	0.09156	0.12071	0.04292	0.01980	0.03524	0.04035	0.01393	0.05173	0.02970	0.00716	0.00658	0.00191	0.04450	0.00562	0.00329	0.00835
9	0.04833	0.10852	0.07599	0.01922	0.18732	0.05826	0.05733	0.06577	0.03242	0.04910	0.01681	0.11034	0.04142	0.00965	0.02946	0.00222	0.06873	0.00703	0.00394	0.00815
10	0.01669	0.01863	0.30554	0.01507	0.07586	0.01097	0.01467	0.02112	0.01539	0.24812	0.11748	0.02391	0.07282	0.00812	0.00635	0.00196	0.00654	0.00675	0.00507	0.00895
11	0.00910	0.00723	0.00986	0.00893	0.01104	0.00645	0.06324	0.01145	0.01532	0.03937	0.28943	0.11991	0.34169	0.01405	0.00741	0.00211	0.00383	0.02773	0.00600	0.00586
12	0.09465	0.11169	0.01973	0.01587	0.10123	0.07384	0.05995	0.14321	0.04443	0.21786	0.01640	0.04704	0.01242	0.00719	0.00584	0.00185	0.00669	0.00583	0.00513	0.00916
13	0.01520	0.01490	0.02331	0.06474	0.61936	0.05877	0.01770	0.01862	0.01417	0.01956	0.01313	0.06771	0.01185	0.00659	0.00626	0.00189	0.00741	0.00630	0.00326	0.00926
14	0.00885	0.00911	0.08059	0.00875	0.01104	0.00702	0.00752	0.01159	0.01541	0.02093	0.38157	0.09794	0.25798	0.01340	0.00779	0.00208	0.03514	0.01141	0.00587	0.00600
15	0.04188	0.56556	0.07217	0.01202	0.01719	0.13819	0.01155	0.04933	0.01411	0.01649	0.00923	0.01059	0.00807	0.00564	0.00446	0.00145	0.00749	0.00361	0.00293	0.00802
16	0.01358	0.01125	0.01382	0.03531	0.05433	0.00886	0.00839	0.01643	0.01316	0.04766	0.01162	0.01349	0.00947	0.00483	0.00481	0.00105	0.00491	0.00395	0.00378	0.71929
17	0.01688	0.04410	0.05037	0.05240	0.25179	0.10754	0.04820	0.11737	0.07118	0.03615	0.01354	0.03722	0.01124	0.00819	0.00823	0.07167	0.03576	0.00579	0.00387	0.00851
18	0.01508	0.01367	0.02262	0.10318	0.56521	0.01393	0.01733	0.04364	0.01474	0.03888	0.04260	0.03972	0.01332	0.00668	0.00633	0.00192	0.00709	0.02125	0.00357	0.00925
19	0.01452	0.01447	0.07049	0.02493	0.36777	0.01376	0.01489	0.05458	0.18910	0.02206	0.01945	0.08288	0.03745	0.00832	0.00648	0.00203	0.00639	0.03687	0.00441	0.00915
20	0.01027	0.00757	0.03046	0.00791	0.01022	0.00624	0.00635	0.01270	0.01596	0.09381	0.33722	0.04936	0.34324	0.01345	0.00724	0.00204	0.00353	0.02992	0.00633	0.00619
21	0.01495	0.38575	0.34146	0.01438	0.02128	0.04038	0.03474	0.01993	0.04255	0.01748	0.01057	0.01212	0.00844	0.00574	0.00506	0.00167	0.00792	0.00416	0.00283	0.00859
22	0.00938	0.00653	0.00829	0.00775	0.00945	0.00592	0.00585	0.01211	0.01715	0.05299	0.61356	0.04743	0.15420	0.01297	0.00731	0.00198	0.00307	0.01133	0.00674	0.00598
23	0.68512	0.01277	0.01135	0.01119	0.07173	0.01454	0.00822	0.08374	0.01263	0.02839	0.00951	0.01100	0.00736	0.00592	0.00426	0.00192	0.00522	0.00376	0.00401	0.00736
24	0.27215	0.08916	0.01673	0.01246	0.01668	0.21018	0.03078	0.14251	0.01694	0.12043	0.01223	0.01290	0.00909	0.00644	0.00516	0.00178	0.00726	0.00442	0.00448	0.00821
25	0.07507	0.00718	0.00938	0.00920	0.01019	0.00821	0.00680	0.01127	0.00978	0.01491	0.01655	0.02745	0.01656	0.24601	0.46785	0.00799	0.03987	0.00703	0.00348	0.00521
26	0.01268	0.01237	0.01912	0.63952	0.08975	0.05007	0.01699	0.01653	0.01268	0.01615	0.01090	0.01611	0.00840	0.00643	0.00693	0.00207	0.04787	0.00546	0.00281	0.00714
27	0.00830	0.00591	0.00766	0.00880	0.00940	0.00564	0.00624	0.00958	0.01204	0.01586	0.03307	0.48442	0.07092	0.14290	0.01192	0.00315	0.00440	0.14935	0.00545	0.00499
28	0.01698	0.68472	0.06858	0.01146	0.01683	0.08323	0.01141	0.01922	0.01309	0.01497	0.00887	0.01026	0.00799	0.00545	0.00423	0.00139	0.00716	0.00345	0.00271	0.00800
29	0.02215	0.05266	0.01583	0.01238	0.03417	0.03239	0.00980	0.21242	0.05785	0.33485	0.04816	0.08182	0.03945	0.00886	0.00633	0.00194	0.00569	0.00722	0.00650	0.00954
30	0.01604	0.20588	0.17261	0.05578	0.04445	0.04333	0.14619	0.06455	0.07883	0.05567	0.01347	0.01621	0.01059	0.00651	0.00621	0.00188	0.02550	0.02398	0.00367	0.00866
31	0.82504	0.01205	0.00916	0.00819	0.01205	0.01398	0.00675	0.01832	0.01060	0.02795	0.00868	0.01012	0.00675	0.00578	0.00386	0.00193	0.00482	0.00337	0.00386	0.00675
32	0.02187	0.05604	0.05781	0.01754	0.07614	0.57152	0.01311	0.08021	0.01790	0.01781	0.01027	0.01192	0.00837	0.00637	0.00567	0.00166	0.01030	0.00427	0.00339	0.00784
33	0.01507	0.01189	0.01586	0.01415	0.05381	0.01247	0.08655	0.17582	0.15811	0.05997	0.06169	0.12845	0.08696	0.01353	0.07358	0.00279	0.00671	0.00886	0.00550	0.00823

[dist]
# distance from previous block
# <min> <max>
2	4

[block]
# block no. 1 follows, 36 sequences, length 16
# corresponding to MSA columns:
# 138-153
name=unknown_B
#
# <colnr> <probs for GDERKNQSTAVLIFYWHMCP>
#	G	D	E	R	K	N	Q	S	T	A	V	L	I	F	Y	W	H	M	C	P
0	0.01620	0.01272	0.01733	0.05682	0.23812	0.01340	0.01253	0.14411	0.15558	0.07816	0.11914	0.07026	0.02094	0.00854	0.00650	0.00198	0.00585	0.00748	0.00529	0.00904
1	0.00901	0.00715	0.00865	0.00877	0.03691	0.00666	0.00625	0.01252	0.06573	0.02200	0.42313	0.04851	0.29507	0.01325	0.00724	0.00202	0.00332	0.01143	0.00630	0.00609
2	0.01474	0.01453	0.09185	0.04871	0.03754	0.01187	0.05990	0.16335	0.01640	0.02355	0.01430	0.08866	0.01250	0.00695	0.00572	0.00155	0.00611	0.00595	0.00422	0.37160
3	0.01135	0.00949	0.04717	0.01327	0.04815	0.00858	0.10507	0.01373	0.01224	0.07424	0.02249	0.24841	0.02333	0.11050	0.19002	0.00459	0.00862	0.03790	0.00449	0.00637
4	0.04883	0.01104	0.01454	0.13559	0.01947	0.01168	0.01063	0.10213	0.04362	0.28279	0.08840	0.02623	0.05396	0.00913	0.00760	0.00209	0.06641	0.05151	0.00583	0.00851
5	0.01355	0.01288	0.02176	0.30767	0.32823	0.01398	0.06860	0.01837	0.06316	0.01883	0.01394	0.04757	0.01180	0.00684	0.00643	0.00203	0.00761	0.02503	0.00337	0.00835
6	0.02368	0.01745	0.01870	0.01434	0.01932	0.01932	0.01184	0.72139	0.02929	0.03927	0.01496	0.01496	0.01060	0.00748	0.00623	0.00187	0.00686	0.00561	0.00623	0.01060
7	0.03532	0.02840	0.60365	0.01704	0.02530	0.01421	0.04932	0.04107	0.03390	0.05723	0.02964	0.01475	0.00990	0.00626	0.00600	0.00198	0.00861	0.00502	0.00325	0.00916
8	0.00934	0.00731	0.01035	0.01014	0.01189	0.00694	0.05258	0.01232	0.03368	0.02023	0.25646	0.16243	0.14398	0.01496	0.00780	0.00235	0.00445	0.22093	0.00595	0.00589
9	0.01179	0.00963	0.01330	0.01200	0.01257	0.01220	0.00940	0.01316	0.00996	0.04749	0.01414	0.02342	0.01405	0.19419	0.25140	0.00570	0.32962	0.00668	0.00338	0.00592
10	0.00751	0.00574	0.00690	0.00784	0.00882	0.00513	0.00541	0.00877	0.01273	0.01623	0.04452	0.52331	0.28830	0.01820	0.00774	0.00238	0.00345	0.01610	0.00578	0.00513
11	0.01977	0.01539	0.01666	0.01368	0.01780	0.01738	0.01111	0.41764	0.27865	0.03274	0.01928	0.02045	0.01470	0.00840	0.00688	0.00203	0.03286	0.03847	0.00613	0.00997
12	0.07064	0.25662	0.45462	0.01471	0.02222	0.01730	0.01766	0.01970	0.01300	0.04575	0.01075	0.01229	0.00812	0.00580	0.00521	0.00178	0.00799	0.00420	0.00291	0.00872
13	0.00898	0.00657	0.00837	0.00877	0.01004	0.00623	0.00658	0.03807	0.01516	0.02042	0.27658	0.31366	0.12187	0.01598	0.00771	0.00231	0.00378	0.11706	0.00616	0.00568
14	0.00826	0.00610	0.00771	0.00867	0.00968	0.00569	0.00643	0.00987	0.01302	0.01687	0.06805	0.38331	0.18758	0.06648	0.00947	0.00272	0.00414	0.17505	0.00569	0.00521
15	0.01424	0.34741	0.44883	0.01479	0.02237	0.01873	0.01784	0.01928	0.01295	0.01761	0.01013	0.01183	0.00794	0.00567	0.00511	0.00170	0.00814	0.00407	0.00265	0.00870

[dist]
# distance from previous block
# <min> <max>
0	3

[block]
# block no. 2 follows, 36 sequences, length 27
# corresponding to MSA columns:
# 157-183
name=unknown_C
#
# <colnr> <probs for GDERKNQSTAVLIFYWHMCP>
#	G	D	E	R	K	N	Q	S	T	A	V	L	I	F	Y	W	H	M	C	P
0	0.08576	0.11029	0.10225	0.02018	0.21703	0.10072	0.01414	0.08536	0.16246	0.02253	0.01389	0.01516	0.01089	0.00645	0.00566	0.00184	0.00718	0.00513	0.00401	0.00907
1	0.00822	0.00654	0.00739	0.00714	0.00902	0.00582	0.00537	0.01084	0.03675	0.02055	0.34772	0.05321	0.43056	0.01428	0.00733	0.00204	0.00312	0.01217	0.00626	0.00566
2	0.01161	0.00581	0.00581	0.00581	0.00726	0.00581	0.00436	0.01452	0.01307	0.02323	0.02033	0.02323	0.01597	0.00726	0.00436	0.00145	0.00290	0.00581	0.81562	0.00581
3	0.06779	0.16207	0.14398	0.02154	0.24775	0.09656	0.01544	0.11878	0.03202	0.02191	0.01141	0.01337	0.00911	0.00602	0.00553	0.00176	0.00768	0.00472	0.00351	0.00904
4	0.04536	0.01437	0.02150	0.15747	0.46394	0.04859	0.01661	0.04209	0.05418	0.02042	0.01461	0.01768	0.04322	0.00641	0.00613	0.00191	0.00729	0.00583	0.00347	0.00894
5	0.00955	0.00684	0.00934	0.01065	0.01189	0.00675	0.00893	0.01198	0.01373	0.01786	0.03361	0.16604	0.06225	0.05689	0.00966	0.00296	0.00536	0.54453	0.00564	0.00552
6	0.01660	0.48972	0.14872	0.01414	0.06369	0.05107	0.01335	0.06964	0.04851	0.01817	0.01056	0.01189	0.00881	0.00579	0.00479	0.00156	0.00725	0.00405	0.00314	0.00856
7	0.01777	0.65804	0.03013	0.01157	0.01654	0.14742	0.01089	0.01970	0.01350	0.01476	0.00882	0.01020	0.00800	0.00551	0.00427	0.00138	0.00743	0.00345	0.00276	0.00787
8	0.00890	0.00668	0.01001	0.01001	0.01113	0.00779	0.00779	0.01113	0.01001	0.01446	0.01669	0.02448	0.01558	0.04673	0.75634	0.01001	0.01669	0.00668	0.00334	0.00556
9	0.01125	0.00685	0.00905	0.00834	0.01016	0.00625	0.00630	0.01397	0.01720	0.11971	0.58698	0.10268	0.05162	0.01263	0.00725	0.00200	0.00331	0.01113	0.00688	0.00644
10	0.01299	0.01245	0.02150	0.51553	0.24918	0.01422	0.05137	0.01706	0.01308	0.01742	0.01134	0.01627	0.00882	0.00598	0.00626	0.00201	0.00814	0.00563	0.00288	0.00786
11	0.07552	0.01017	0.01337	0.01050	0.01484	0.00905	0.00860	0.02730	0.01736	0.61189	0.11226	0.02366	0.02026	0.00821	0.00625	0.00193	0.00498	0.00671	0.00736	0.00978
12	0.01341	0.01171	0.01447	0.15493	0.06044	0.01344	0.01112	0.02477	0.42197	0.02188	0.02391	0.05408	0.06224	0.01198	0.06925	0.00277	0.00652	0.00746	0.00518	0.00847
13	0.01099	0.04017	0.01365	0.07683	0.10690	0.03553	0.01002	0.01299	0.01091	0.01496	0.01437	0.02101	0.01315	0.03225	0.46035	0.09768	0.01296	0.00607	0.00316	0.00606
14	0.01542	0.01480	0.02529	0.03824	0.74217	0.01480	0.01912	0.01912	0.01419	0.02036	0.01172	0.01542	0.00987	0.00555	0.00617	0.00185	0.00740	0.00555	0.00308	0.00987
15	0.01981	0.04544	0.07749	0.03690	0.10097	0.01682	0.01308	0.39254	0.08947	0.07058	0.01557	0.01645	0.01151	0.00959	0.05313	0.00240	0.00749	0.00567	0.00527	0.00982
16	0.02108	0.08423	0.01830	0.01446	0.01832	0.36045	0.01139	0.18608	0.18114	0.02316	0.01433	0.01470	0.01110	0.00703	0.00579	0.00176	0.00844	0.00501	0.00457	0.00866
17	0.73693	0.01235	0.01091	0.01146	0.09151	0.01407	0.00809	0.01840	0.01099	0.02713	0.00901	0.01070	0.00709	0.00576	0.00411	0.00192	0.00510	0.00361	0.00377	0.00709
18	0.01421	0.05808	0.18683	0.13118	0.27712	0.01531	0.12585	0.02008	0.07351	0.01971	0.01262	0.01567	0.00981	0.00591	0.00621	0.00194	0.00816	0.00562	0.00320	0.00898
19	0.00840	0.00619	0.00789	0.00856	0.00953	0.00556	0.00578	0.00959	0.01177	0.01607	0.02998	0.60836	0.03538	0.09376	0.00991	0.00268	0.00398	0.01510	0.00532	0.10620
20	0.01398	0.01064	0.01218	0.04129	0.01486	0.01157	0.00868	0.02464	0.40074	0.08466	0.18835	0.06642	0.07495	0.01027	0.00670	0.00208	0.00447	0.00877	0.00636	0.00838
21	0.00775	0.00590	0.00713	0.00772	0.00888	0.00529	0.00545	0.00936	0.01380	0.01797	0.18040	0.39421	0.27974	0.01695	0.00764	0.00228	0.00333	0.01493	0.00599	0.00529
22	0.00814	0.00589	0.00745	0.00843	0.00914	0.00554	0.00591	0.00942	0.01229	0.01610	0.05806	0.45966	0.12762	0.13183	0.01148	0.00302	0.00417	0.10530	0.00551	0.00501
23	0.01630	0.01723	0.04146	0.10720	0.40373	0.14747	0.03697	0.04742	0.01508	0.01957	0.01200	0.03553	0.01016	0.00618	0.00606	0.00180	0.00803	0.00552	0.00330	0.05899
24	0.00829	0.00608	0.00793	0.00914	0.01010	0.00572	0.00689	0.00998	0.01300	0.01687	0.03839	0.45514	0.14769	0.01825	0.00806	0.00257	0.00418	0.22067	0.00577	0.00529
25	0.00909	0.00739	0.03069	0.00922	0.01087	0.00651	0.00764	0.01152	0.01452	0.01914	0.20455	0.08656	0.18683	0.07942	0.00987	0.00272	0.00458	0.28754	0.00576	0.00558
26	0.05996	0.09965	0.01455	0.01074	0.01413	0.01368	0.00866	0.15488	0.21750	0.04858	0.08864	0.09521	0.12813	0.01020	0.00630	0.00198	0.00495	0.00836	0.00572	0.00818

[dist]
# distance from previous block
# <min> <max>
0	1

[block]
# block no. 3 follows, 36 sequences, length 19
# corresponding to MSA columns:
# 185-203
name=unknown_D
#
# <colnr> <probs for GDERKNQSTAVLIFYWHMCP>
#	G	D	E	R	K	N	Q	S	T	A	V	L	I	F	Y	W	H	M	C	P
0	0.01814	0.40339	0.16417	0.01325	0.01901	0.10400	0.01332	0.13831	0.01628	0.04228	0.01080	0.01192	0.00865	0.00600	0.00499	0.00159	0.00765	0.00412	0.00348	0.00866
1	0.74935	0.03348	0.01024	0.00867	0.01253	0.03879	0.00713	0.01904	0.03535	0.02711	0.00927	0.01060	0.00724	0.00588	0.00400	0.00191	0.00508	0.00352	0.00389	0.00690
2	0.29576	0.01335	0.01747	0.02091	0.27690	0.03416	0.05819	0.03106	0.04642	0.03849	0.01448	0.01787	0.03812	0.00850	0.04014	0.00232	0.00686	0.02703	0.00386	0.00814
3	0.00986	0.00704	0.00982	0.01118	0.01256	0.00701	0.00965	0.01263	0.01434	0.01874	0.06043	0.10810	0.03704	0.01716	0.00852	0.00281	0.00551	0.63610	0.00578	0.00571
4	0.02331	0.02850	0.01776	0.01588	0.01927	0.68392	0.01202	0.09305	0.01880	0.01760	0.01015	0.01160	0.00828	0.00652	0.00568	0.00163	0.01081	0.00417	0.00351	0.00755
5	0.01512	0.05199	0.01460	0.01000	0.01537	0.03364	0.00813	0.06841	0.01454	0.06448	0.01199	0.01336	0.00960	0.00510	0.00483	0.00109	0.00513	0.00398	0.00405	0.64458
6	0.01491	0.31386	0.28062	0.01437	0.05261	0.05130	0.01477	0.01875	0.01342	0.05467	0.01496	0.07309	0.04367	0.00728	0.00542	0.00175	0.00735	0.00561	0.00334	0.00826
7	0.01036	0.00764	0.00921	0.00946	0.01102	0.00761	0.00743	0.06895	0.03682	0.01888	0.05649	0.11057	0.17327	0.16493	0.01251	0.00318	0.00509	0.27536	0.00546	0.00573
8	0.13176	0.04503	0.01683	0.01281	0.01741	0.04555	0.01053	0.40445	0.09735	0.13275	0.01608	0.01570	0.01143	0.00726	0.00582	0.00188	0.00633	0.00540	0.00587	0.00977
9	0.01452	0.11234	0.26786	0.06066	0.19765	0.04146	0.05366	0.06031	0.01430	0.01967	0.01274	0.06632	0.01095	0.00696	0.00649	0.00192	0.03440	0.00584	0.00323	0.00871
10	0.00995	0.00694	0.00890	0.00824	0.00996	0.00656	0.00624	0.01372	0.05898	0.05303	0.66983	0.04421	0.05480	0.01229	0.00725	0.00197	0.00315	0.01083	0.00686	0.00629
11	0.01698	0.66010	0.03094	0.01369	0.08645	0.07233	0.01157	0.01912	0.01314	0.01525	0.00902	0.01060	0.00818	0.00542	0.00432	0.00140	0.00704	0.00359	0.00274	0.00813
12	0.00806	0.00607	0.00673	0.00695	0.00800	0.00553	0.00463	0.00907	0.01218	0.01540	0.07478	0.17470	0.33876	0.28312	0.01595	0.00354	0.00423	0.01241	0.00513	0.00474
13	0.00855	0.00664	0.00782	0.00761	0.00933	0.00610	0.00567	0.01162	0.05340	0.02140	0.40327	0.10662	0.30086	0.01413	0.00735	0.00206	0.00317	0.01222	0.00636	0.00580
14	0.01459	0.01562	0.03052	0.02224	0.02790	0.01499	0.52372	0.02119	0.11435	0.02071	0.01410	0.01720	0.01073	0.00578	0.00726	0.00199	0.02942	0.00686	0.00364	0.09717
15	0.01623	0.70816	0.10556	0.01138	0.01711	0.02362	0.01192	0.01877	0.01271	0.01518	0.00892	0.01032	0.00799	0.00539	0.00419	0.00140	0.00692	0.00346	0.00266	0.00812
16	0.37292	0.24148	0.07726	0.01110	0.01606	0.01744	0.03687	0.08383	0.01369	0.06494	0.01050	0.01165	0.00815	0.00591	0.00455	0.00176	0.00614	0.00398	0.00382	0.00795
17	0.01681	0.71046	0.06487	0.01127	0.01667	0.06258	0.01130	0.01903	0.01295	0.01492	0.00883	0.01021	0.00799	0.00541	0.00417	0.00138	0.00702	0.00343	0.00269	0.00801
18	0.00758	0.00546	0.00719	0.00857	0.00901	0.00507	0.00574	0.00869	0.01203	0.01594	0.03557	0.74624	0.07114	0.01936	0.00793	0.00251	0.00360	0.01752	0.00578	0.00507

[dist]
# distance from previous block
# <min> <max>
0	1

[block]
# block no. 4 follows, 36 sequences, length 25
# corresponding to MSA columns:
# 205-214,219-233
name=unknown_E
#
# <colnr> <probs for GDERKNQSTAVLIFYWHMCP>
#	G	D	E	R	K	N	Q	S	T	A	V	L	I	F	Y	W	H	M	C	P
0	0.01506	0.01527	0.05445	0.08591	0.66630	0.01473	0.01916	0.01893	0.01403	0.02003	0.01165	0.01541	0.00968	0.00561	0.00616	0.00187	0.00754	0.00551	0.00304	0.00965
1	0.05915	0.01704	0.01808	0.01399	0.01887	0.01893	0.01153	0.66154	0.05744	0.03822	0.01511	0.01509	0.01077	0.00744	0.00613	0.00188	0.00669	0.00557	0.00613	0.01039
2	0.00759	0.00542	0.00723	0.00868	0.00904	0.00506	0.00578	0.00868	0.01193	0.01591	0.03434	0.77697	0.04121	0.01952	0.00795	0.00253	0.00361	0.01771	0.00578	0.00506
3	0.10666	0.01877	0.22001	0.02624	0.37726	0.01397	0.03973	0.01874	0.01362	0.02125	0.04473	0.01557	0.01119	0.00596	0.00586	0.00187	0.00738	0.00529	0.00325	0.04267
4	0.01025	0.00845	0.01173	0.01095	0.01151	0.01045	0.00842	0.01176	0.00998	0.01450	0.04495	0.02611	0.01693	0.20383	0.35405	0.00674	0.22337	0.00707	0.00341	0.00551
5	0.00948	0.00757	0.00979	0.00984	0.01086	0.04186	0.00739	0.01134	0.01041	0.01436	0.01809	0.08558	0.01804	0.12256	0.58333	0.00860	0.01424	0.00769	0.00357	0.00541
6	0.01161	0.00581	0.00581	0.00581	0.00726	0.00581	0.00436	0.01452	0.01307	0.02323	0.02033	0.02323	0.01597	0.00726	0.00436	0.00145	0.00290	0.00581	0.81562	0.00581
7	0.01241	0.06817	0.32641	0.04917	0.04541	0.04700	0.04241	0.01731	0.04438	0.01811	0.01707	0.19926	0.01665	0.00963	0.00733	0.00211	0.05771	0.00802	0.00364	0.00780
8	0.21445	0.05520	0.31018	0.07140	0.02181	0.04798	0.01517	0.10390	0.01471	0.04614	0.01205	0.03926	0.00937	0.00662	0.00546	0.00193	0.00744	0.00492	0.00367	0.00835
9	0.00795	0.00634	0.00703	0.00711	0.00885	0.00556	0.00533	0.00976	0.01445	0.01815	0.18197	0.08430	0.48941	0.06239	0.00897	0.00239	0.00351	0.06535	0.00586	0.00531
10	0.00844	0.00619	0.00773	0.00790	0.00909	0.00572	0.00574	0.01045	0.01472	0.01991	0.35399	0.19994	0.16099	0.09966	0.01025	0.00262	0.00365	0.06161	0.00604	0.00537
11	0.03852	0.16870	0.53020	0.01602	0.02382	0.08305	0.01929	0.01996	0.01339	0.01865	0.01051	0.01231	0.00789	0.00585	0.00548	0.00182	0.00880	0.00428	0.00273	0.00873
12	0.01365	0.17857	0.49848	0.01591	0.02353	0.03949	0.04295	0.01979	0.04294	0.01874	0.01342	0.01495	0.03879	0.00631	0.00566	0.00185	0.00839	0.00488	0.00296	0.00874
13	0.01215	0.01147	0.01403	0.01241	0.01397	0.10045	0.08312	0.01457	0.04448	0.01520	0.01660	0.05234	0.01664	0.23928	0.21429	0.00537	0.10121	0.02290	0.00363	0.00589
14	0.01300	0.12245	0.66290	0.01691	0.02565	0.01569	0.02154	0.01960	0.01310	0.01912	0.01088	0.01278	0.00791	0.00585	0.00569	0.00190	0.00890	0.00445	0.00264	0.00906
15	0.01350	0.28411	0.43856	0.01448	0.02167	0.01718	0.01730	0.01847	0.01289	0.01764	0.01298	0.01477	0.04200	0.00805	0.03991	0.00213	0.00841	0.00466	0.00282	0.00845
16	0.01577	0.29022	0.10580	0.01177	0.01667	0.06955	0.03115	0.04670	0.04628	0.07511	0.06668	0.02092	0.09985	0.00756	0.00548	0.00165	0.00640	0.00585	0.00414	0.07244
17	0.00881	0.00632	0.00711	0.00717	0.00858	0.00567	0.00502	0.01009	0.01302	0.04598	0.09034	0.15073	0.37994	0.20181	0.01335	0.00312	0.00405	0.02833	0.00544	0.00514
18	0.00869	0.00683	0.00806	0.00831	0.00997	0.00647	0.00633	0.01185	0.06915	0.01895	0.16813	0.18293	0.31915	0.01677	0.03723	0.00257	0.00421	0.10272	0.00591	0.00576
19	0.01630	0.09349	0.09337	0.11425	0.33385	0.07507	0.01646	0.11310	0.01587	0.02110	0.01175	0.01477	0.00948	0.00761	0.03563	0.00214	0.00821	0.00517	0.00340	0.00898
20	0.04271	0.00836	0.03913	0.01022	0.01198	0.00778	0.00813	0.01401	0.01293	0.12869	0.05800	0.36168	0.02970	0.01921	0.10597	0.00339	0.04898	0.07731	0.00543	0.00640
21	0.00883	0.00615	0.00736	0.00739	0.00782	0.00621	0.00467	0.00949	0.01012	0.01358	0.05625	0.06909	0.07955	0.53880	0.14350	0.00604	0.00728	0.00944	0.00408	0.00432
22	0.05636	0.01352	0.02268	0.05200	0.16916	0.01354	0.23115	0.09245	0.04813	0.05437	0.07180	0.02492	0.05569	0.00787	0.00677	0.00205	0.00732	0.05740	0.00443	0.00839
23	0.01945	0.04312	0.11895	0.07263	0.11309	0.15661	0.05179	0.09437	0.01676	0.17294	0.01506	0.01794	0.01144	0.00714	0.00657	0.00192	0.02960	0.03732	0.00442	0.00887
24	0.19977	0.11705	0.16887	0.07390	0.12536	0.08066	0.01391	0.03847	0.01351	0.03374	0.01055	0.01266	0.00829	0.00579	0.00514	0.00175	0.00722	0.00430	0.00332	0.07576

[dist]
# distance from previous block
# <min> <max>
4	14

[block]
# block no. 5 follows, 36 sequences, length 6
# corresponding to MSA columns:
# 250-255
name=unknown_F
#
# <colnr> <probs for GDERKNQSTAVLIFYWHMCP>
#	G	D	E	R	K	N	Q	S	T	A	V	L	I	F	Y	W	H	M	C	P
0	0.01506	0.23510	0.11389	0.02231	0.28314	0.01704	0.04927	0.04439	0.05793	0.01964	0.03806	0.01738	0.04789	0.00651	0.00569	0.00176	0.00703	0.00555	0.00348	0.00885
1	0.01342	0.06429	0.04182	0.04308	0.11110	0.10164	0.01027	0.04498	0.04410	0.03663	0.07599	0.14766	0.12889	0.01232	0.04509	0.00233	0.00648	0.00873	0.00458	0.05660
2	0.03924	0.01562	0.13815	0.09103	0.18424	0.03062	0.11357	0.01814	0.04106	0.02037	0.01640	0.01908	0.05273	0.00659	0.00590	0.00183	0.00699	0.00597	0.13504	0.05743
3	0.01120	0.00684	0.00829	0.00808	0.00995	0.00608	0.00599	0.01287	0.01420	0.13544	0.11773	0.21034	0.29328	0.08364	0.00956	0.00255	0.00397	0.04790	0.00603	0.00604
4	0.01224	0.00704	0.00715	0.00692	0.00871	0.00738	0.00525	0.01753	0.12942	0.02369	0.02114	0.02323	0.01646	0.00745	0.00468	0.00156	0.00323	0.00601	0.68444	0.00646
5	0.04807	0.01174	0.01323	0.01155	0.01438	0.03803	0.03094	0.11928	0.24638	0.05370	0.09504	0.02562	0.02056	0.10885	0.13100	0.00379	0.00744	0.00719	0.00533	0.00787

[dist]
# distance from previous block
# <min> <max>
13	102

# created by:
# /home/cegg/simao/soft/augustus-3.2.1/scripts/msa2prfl.pl ./align_prep/EOG090W0FYR.fa
