[name]
unknown

[dist]
# distance from previous block
# <min> <max>
0	39

[block]
# block no. 0 follows, 35 sequences, length 27
# corresponding to MSA columns:
# 41-67
name=unknown_A
#
# <colnr> <probs for GDERKNQSTAVLIFYWHMCP>
#	G	D	E	R	K	N	Q	S	T	A	V	L	I	F	Y	W	H	M	C	P
0	0.01321	0.14243	0.53412	0.01668	0.04363	0.01546	0.01974	0.01917	0.01353	0.01942	0.03169	0.01723	0.01118	0.00674	0.00590	0.00193	0.00842	0.04449	0.00303	0.03200
1	0.01784	0.01626	0.01527	0.01305	0.01657	0.19766	0.03878	0.10313	0.15101	0.08137	0.15205	0.04715	0.02279	0.00886	0.00646	0.00188	0.00670	0.02465	0.00547	0.07307
2	0.01445	0.33745	0.45466	0.01514	0.02291	0.01896	0.01831	0.01964	0.01319	0.01799	0.01034	0.01208	0.00808	0.00578	0.00523	0.00174	0.00832	0.00416	0.00269	0.00887
3	0.01981	0.03828	0.01669	0.01321	0.01761	0.16946	0.01050	0.25880	0.12514	0.04823	0.01578	0.04661	0.01258	0.00739	0.00591	0.00170	0.00697	0.00565	0.00512	0.17454
4	0.01573	0.01242	0.01644	0.24170	0.06619	0.01326	0.01240	0.05443	0.21967	0.09420	0.01706	0.01841	0.01271	0.00683	0.00604	0.00185	0.00627	0.00577	0.00474	0.17388
5	0.00760	0.00643	0.00657	0.00653	0.00863	0.00540	0.00490	0.00930	0.01470	0.01771	0.11026	0.06011	0.68856	0.01585	0.00750	0.00213	0.00320	0.01326	0.00597	0.00540
6	0.02083	0.27366	0.02318	0.01451	0.05526	0.15900	0.03234	0.09339	0.09358	0.15347	0.01475	0.01498	0.01116	0.00666	0.00551	0.00171	0.00741	0.00495	0.00457	0.00906
7	0.00907	0.00676	0.01003	0.01003	0.01110	0.00784	0.00772	0.01122	0.01014	0.01460	0.01715	0.02578	0.01623	0.08551	0.71450	0.00999	0.01643	0.00692	0.00342	0.00557
8	0.00898	0.00648	0.00848	0.00798	0.00948	0.00599	0.00599	0.01197	0.01796	0.02544	0.73413	0.04739	0.05986	0.01297	0.00748	0.00200	0.00299	0.01147	0.00698	0.00599
9	0.01497	0.01711	0.03743	0.02674	0.03316	0.01604	0.71444	0.02032	0.01497	0.02032	0.01283	0.01711	0.00963	0.00535	0.00749	0.00214	0.01070	0.00749	0.00321	0.00856
10	0.01339	0.00705	0.00835	0.00832	0.01022	0.00692	0.00669	0.01662	0.03381	0.10981	0.02517	0.06630	0.02239	0.01052	0.00596	0.00196	0.00406	0.17831	0.45757	0.00657
11	0.01667	0.72951	0.08205	0.01135	0.01705	0.02439	0.01172	0.01907	0.01292	0.01528	0.00900	0.01040	0.00813	0.00547	0.00420	0.00140	0.00696	0.00348	0.00271	0.00823
12	0.82186	0.01227	0.00932	0.00834	0.01227	0.01423	0.00687	0.01865	0.01080	0.02846	0.00883	0.01031	0.00687	0.00589	0.00393	0.00196	0.00491	0.00344	0.00393	0.00687
13	0.00773	0.00552	0.00736	0.00883	0.00920	0.00515	0.00589	0.00883	0.01215	0.01619	0.03497	0.77291	0.04196	0.01987	0.00810	0.00258	0.00368	0.01803	0.00589	0.00515
14	0.02413	0.01023	0.01359	0.01081	0.01502	0.00917	0.00878	0.02775	0.06672	0.56561	0.15093	0.02631	0.02379	0.00881	0.00658	0.00198	0.00495	0.00734	0.00760	0.00989
15	0.01263	0.00731	0.00970	0.00874	0.01087	0.00666	0.00678	0.01552	0.01786	0.15758	0.57444	0.04361	0.05074	0.01221	0.00733	0.00203	0.00355	0.03846	0.00710	0.00687
16	0.01022	0.00730	0.01022	0.01168	0.01314	0.00730	0.01022	0.01314	0.01460	0.01899	0.03359	0.07156	0.03651	0.01752	0.00876	0.00292	0.00584	0.69478	0.00584	0.00584
17	0.01570	0.01507	0.02575	0.03894	0.73748	0.01507	0.01947	0.01947	0.01444	0.02073	0.01193	0.01570	0.01005	0.00565	0.00628	0.00188	0.00754	0.00565	0.00314	0.01005
18	0.00895	0.00689	0.00845	0.00923	0.01101	0.00639	0.00770	0.01126	0.01454	0.01812	0.04791	0.06666	0.36244	0.01684	0.00817	0.00256	0.00461	0.37679	0.00586	0.00561
19	0.00883	0.00648	0.00827	0.00782	0.00938	0.00592	0.00587	0.01168	0.01760	0.02459	0.66574	0.04878	0.12878	0.01329	0.00748	0.00201	0.00302	0.01167	0.00687	0.00592
20	0.01570	0.01507	0.02575	0.03894	0.73748	0.01507	0.01947	0.01947	0.01444	0.02073	0.01193	0.01570	0.01005	0.00565	0.00628	0.00188	0.00754	0.00565	0.00314	0.01005
21	0.01388	0.01388	0.01943	0.01666	0.01666	0.01943	0.01388	0.01527	0.00972	0.01527	0.00833	0.01388	0.00833	0.01110	0.02082	0.00278	0.76544	0.00555	0.00278	0.00694
22	0.01238	0.00645	0.00650	0.00630	0.00794	0.00653	0.00478	0.04641	0.01405	0.02439	0.02045	0.02327	0.01601	0.00740	0.00452	0.00150	0.00314	0.00590	0.77593	0.00613
23	0.01388	0.01388	0.01943	0.01666	0.01666	0.01943	0.01388	0.01527	0.00972	0.01527	0.00833	0.01388	0.00833	0.01110	0.02082	0.00278	0.76544	0.00555	0.00278	0.00694
24	0.01272	0.03281	0.74418	0.01808	0.02746	0.01473	0.02344	0.02009	0.01339	0.02009	0.01138	0.01339	0.00804	0.00603	0.00603	0.00201	0.00938	0.00469	0.00268	0.00938
25	0.01272	0.03281	0.74418	0.01808	0.02746	0.01473	0.02344	0.02009	0.01339	0.02009	0.01138	0.01339	0.00804	0.00603	0.00603	0.00201	0.00938	0.00469	0.00268	0.00938
26	0.02291	0.01596	0.01730	0.01351	0.01818	0.01745	0.01108	0.55612	0.07605	0.09546	0.01721	0.01702	0.01223	0.00769	0.00620	0.00189	0.00639	0.00588	0.07112	0.01035

[dist]
# distance from previous block
# <min> <max>
0	1

[block]
# block no. 1 follows, 35 sequences, length 30
# corresponding to MSA columns:
# 69-98
name=unknown_B
#
# <colnr> <probs for GDERKNQSTAVLIFYWHMCP>
#	G	D	E	R	K	N	Q	S	T	A	V	L	I	F	Y	W	H	M	C	P
0	0.31693	0.01672	0.01499	0.01235	0.01669	0.09349	0.01001	0.33459	0.07583	0.03215	0.01314	0.01368	0.00974	0.00695	0.00540	0.00192	0.00653	0.00482	0.00514	0.00893
1	0.02300	0.02885	0.01826	0.01741	0.05730	0.68686	0.01256	0.02532	0.04276	0.01619	0.01048	0.01210	0.00867	0.00656	0.00578	0.00167	0.01101	0.00428	0.00337	0.00759
2	0.00976	0.00702	0.00958	0.01090	0.01224	0.00692	0.00922	0.01232	0.01415	0.01835	0.03513	0.14205	0.07919	0.04424	0.00944	0.00295	0.00547	0.55959	0.00578	0.00567
3	0.01445	0.31036	0.44471	0.01640	0.05777	0.01861	0.01856	0.01965	0.01326	0.01820	0.01046	0.01231	0.00817	0.00579	0.00531	0.00176	0.00832	0.00425	0.00271	0.00895
4	0.00850	0.00636	0.00791	0.00794	0.00940	0.00577	0.00591	0.01086	0.01605	0.02172	0.43287	0.16781	0.21245	0.01501	0.00765	0.00217	0.00329	0.04614	0.00650	0.00570
5	0.02772	0.01063	0.01448	0.01116	0.01594	0.00920	0.00920	0.03019	0.01815	0.71456	0.05206	0.02258	0.01739	0.00805	0.00642	0.00196	0.00531	0.00657	0.00782	0.01061
6	0.01491	0.01693	0.03643	0.02618	0.03224	0.01623	0.67537	0.02004	0.01468	0.02004	0.01258	0.01693	0.00955	0.00567	0.00823	0.00217	0.05278	0.00738	0.00318	0.00847
7	0.82186	0.01227	0.00932	0.00834	0.01227	0.01423	0.00687	0.01865	0.01080	0.02846	0.00883	0.01031	0.00687	0.00589	0.00393	0.00196	0.00491	0.00344	0.00393	0.00687
8	0.02846	0.01080	0.01472	0.01129	0.01619	0.00932	0.00932	0.03092	0.01816	0.74187	0.02503	0.02159	0.01570	0.00785	0.00638	0.00196	0.00540	0.00638	0.00785	0.01080
9	0.00773	0.00552	0.00736	0.00883	0.00920	0.00515	0.00589	0.00883	0.01215	0.01619	0.03497	0.77291	0.04196	0.01987	0.00810	0.00258	0.00368	0.01803	0.00589	0.00515
10	0.00773	0.00552	0.00736	0.00883	0.00920	0.00515	0.00589	0.00883	0.01215	0.01619	0.03497	0.77291	0.04196	0.01987	0.00810	0.00258	0.00368	0.01803	0.00589	0.00515
11	0.82186	0.01227	0.00932	0.00834	0.01227	0.01423	0.00687	0.01865	0.01080	0.02846	0.00883	0.01031	0.00687	0.00589	0.00393	0.00196	0.00491	0.00344	0.00393	0.00687
12	0.00773	0.00552	0.00736	0.00883	0.00920	0.00515	0.00589	0.00883	0.01215	0.01619	0.03497	0.77291	0.04196	0.01987	0.00810	0.00258	0.00368	0.01803	0.00589	0.00515
13	0.01199	0.00871	0.01001	0.00903	0.01106	0.04852	0.00689	0.05116	0.01860	0.07702	0.60505	0.04184	0.05123	0.01196	0.00725	0.00197	0.00385	0.01039	0.00680	0.00666
14	0.00925	0.00837	0.06123	0.00871	0.01077	0.00661	0.00724	0.01255	0.01763	0.02506	0.68231	0.04495	0.05614	0.01247	0.00738	0.00200	0.00345	0.01099	0.00667	0.00623
15	0.07435	0.30070	0.16207	0.01784	0.09262	0.11506	0.11643	0.02024	0.01396	0.01830	0.01032	0.01251	0.00844	0.00573	0.00536	0.00172	0.00839	0.00455	0.00298	0.00843
16	0.12929	0.07590	0.01905	0.01833	0.13306	0.41672	0.01255	0.04342	0.04098	0.01916	0.01063	0.01249	0.00877	0.00646	0.00591	0.00176	0.02969	0.00440	0.00349	0.00796
17	0.01195	0.01027	0.01656	0.61945	0.03686	0.01255	0.01514	0.01594	0.01280	0.01761	0.01305	0.01818	0.00993	0.00654	0.00598	0.00199	0.00742	0.00569	0.15526	0.00683
18	0.00773	0.00552	0.00736	0.00883	0.00920	0.00515	0.00589	0.00883	0.01215	0.01619	0.03497	0.77291	0.04196	0.01987	0.00810	0.00258	0.00368	0.01803	0.00589	0.00515
19	0.01272	0.03281	0.74418	0.01808	0.02746	0.01473	0.02344	0.02009	0.01339	0.02009	0.01138	0.01339	0.00804	0.00603	0.00603	0.00201	0.00938	0.00469	0.00268	0.00938
20	0.00750	0.00643	0.00643	0.00643	0.00857	0.00536	0.00482	0.00910	0.01446	0.01714	0.06427	0.06105	0.73490	0.01607	0.00750	0.00214	0.00321	0.01339	0.00589	0.00536
21	0.01578	0.01363	0.01434	0.01291	0.01650	0.01578	0.01004	0.03371	0.72602	0.02654	0.02582	0.02367	0.01937	0.00861	0.00646	0.00215	0.00502	0.00717	0.00646	0.01004
22	0.02370	0.03023	0.01798	0.01634	0.01961	0.75158	0.01226	0.02533	0.01798	0.01553	0.00981	0.01144	0.00817	0.00654	0.00572	0.00163	0.01144	0.00409	0.00327	0.00735
23	0.01183	0.00591	0.00591	0.00591	0.00739	0.00591	0.00443	0.01478	0.01330	0.02365	0.02069	0.02365	0.01626	0.00739	0.00443	0.00148	0.00296	0.00591	0.81227	0.00591
24	0.00923	0.00615	0.00692	0.00692	0.00692	0.00615	0.00384	0.00923	0.00923	0.01230	0.01999	0.04151	0.02306	0.77705	0.03229	0.00615	0.00615	0.00923	0.00384	0.00384
25	0.01483	0.01122	0.01333	0.00960	0.01516	0.00855	0.00771	0.01761	0.01370	0.09966	0.01278	0.01408	0.01009	0.00504	0.00488	0.00105	0.00477	0.00405	0.00421	0.72766
26	0.00923	0.00615	0.00692	0.00692	0.00692	0.00615	0.00384	0.00923	0.00923	0.01230	0.01999	0.04151	0.02306	0.77705	0.03229	0.00615	0.00615	0.00923	0.00384	0.00384
27	0.01434	0.01198	0.01379	0.00996	0.01554	0.00967	0.00801	0.09190	0.01496	0.02277	0.01170	0.01338	0.00955	0.00501	0.00488	0.00104	0.00495	0.00397	0.00404	0.72856
28	0.01570	0.01507	0.02575	0.03894	0.73748	0.01507	0.01947	0.01947	0.01444	0.02073	0.01193	0.01570	0.01005	0.00565	0.00628	0.00188	0.00754	0.00565	0.00314	0.01005
29	0.02024	0.02079	0.01965	0.01629	0.01972	0.27470	0.06692	0.20644	0.07437	0.02333	0.01247	0.01438	0.00992	0.00776	0.00909	0.00200	0.16100	0.00531	0.00424	0.03138

[dist]
# distance from previous block
# <min> <max>
0	1

[block]
# block no. 2 follows, 35 sequences, length 151
# corresponding to MSA columns:
# 100-250
name=unknown_C
#
# <colnr> <probs for GDERKNQSTAVLIFYWHMCP>
#	G	D	E	R	K	N	Q	S	T	A	V	L	I	F	Y	W	H	M	C	P
0	0.01696	0.78087	0.03324	0.01085	0.01628	0.02510	0.01085	0.01900	0.01289	0.01493	0.00882	0.01018	0.00814	0.00543	0.00407	0.00136	0.00678	0.00339	0.00271	0.00814
1	0.01385	0.23131	0.55553	0.01616	0.02449	0.01748	0.02010	0.01980	0.01326	0.01872	0.01070	0.01254	0.00806	0.00587	0.00551	0.00184	0.00869	0.00434	0.00269	0.00905
2	0.01678	0.01336	0.01387	0.01193	0.01546	0.03466	0.00933	0.19750	0.34521	0.05403	0.02862	0.02838	0.13383	0.05803	0.00821	0.00232	0.00548	0.00784	0.00613	0.00902
3	0.01054	0.05614	0.01093	0.01014	0.01212	0.00815	0.00862	0.01357	0.03459	0.03647	0.13578	0.05981	0.16935	0.01537	0.00793	0.00250	0.00497	0.39100	0.00588	0.00615
4	0.01685	0.76089	0.05223	0.01105	0.01658	0.02482	0.01119	0.01903	0.01290	0.01506	0.00889	0.01026	0.00814	0.00544	0.00412	0.00137	0.00685	0.00343	0.00271	0.00817
5	0.04314	0.03204	0.71656	0.01772	0.02689	0.01471	0.02282	0.02004	0.01330	0.02041	0.01129	0.01328	0.00799	0.00602	0.00595	0.00201	0.00921	0.00464	0.00273	0.00928
6	0.01351	0.17127	0.61260	0.01674	0.02539	0.01665	0.02111	0.01989	0.01330	0.01913	0.01091	0.01280	0.00806	0.00592	0.00566	0.00189	0.00890	0.00445	0.00269	0.00915
7	0.01282	0.10367	0.53506	0.01660	0.02424	0.01464	0.04105	0.01889	0.01358	0.01940	0.01468	0.02238	0.01260	0.00776	0.00631	0.00209	0.00860	0.11375	0.00320	0.00867
8	0.00906	0.00680	0.01020	0.01020	0.01133	0.00793	0.00793	0.01133	0.01020	0.01473	0.01699	0.02492	0.01586	0.04758	0.75191	0.01020	0.01699	0.00680	0.00340	0.00566
9	0.01497	0.01711	0.03743	0.02674	0.03316	0.01604	0.71444	0.02032	0.01497	0.02032	0.01283	0.01711	0.00963	0.00535	0.00749	0.00214	0.01070	0.00749	0.00321	0.00856
10	0.00784	0.00553	0.00732	0.00875	0.00915	0.00517	0.00585	0.00900	0.01218	0.01640	0.03457	0.75230	0.04125	0.01953	0.00800	0.00255	0.00366	0.01770	0.02807	0.00517
11	0.02262	0.14181	0.02007	0.01357	0.01820	0.13885	0.06156	0.05345	0.12938	0.30809	0.01867	0.01777	0.01314	0.00716	0.00598	0.00185	0.00703	0.00568	0.00562	0.00950
12	0.01009	0.00722	0.01004	0.01130	0.01276	0.00716	0.00978	0.01302	0.01495	0.01966	0.10676	0.06903	0.03895	0.01705	0.00863	0.00282	0.00554	0.62341	0.00596	0.00586
13	0.01022	0.00730	0.01022	0.01168	0.01314	0.00730	0.01022	0.01314	0.01460	0.01899	0.03359	0.07156	0.03651	0.01752	0.00876	0.00292	0.00584	0.69478	0.00584	0.00584
14	0.01198	0.01128	0.01903	0.76180	0.04369	0.01409	0.01762	0.01621	0.01268	0.01621	0.01128	0.01691	0.00846	0.00634	0.00634	0.00211	0.00846	0.00564	0.00282	0.00705
15	0.01213	0.01143	0.01930	0.73247	0.07185	0.01413	0.01769	0.01634	0.01276	0.01639	0.01130	0.01686	0.00852	0.00631	0.00634	0.00210	0.00842	0.00564	0.00283	0.00717
16	0.00773	0.00552	0.00736	0.00883	0.00920	0.00515	0.00589	0.00883	0.01215	0.01619	0.03497	0.77291	0.04196	0.01987	0.00810	0.00258	0.00368	0.01803	0.00589	0.00515
17	0.01198	0.01128	0.01903	0.76180	0.04369	0.01409	0.01762	0.01621	0.01268	0.01621	0.01128	0.01691	0.00846	0.00634	0.00634	0.00211	0.00846	0.00564	0.00282	0.00705
18	0.01149	0.01017	0.01642	0.50331	0.07651	0.01202	0.01444	0.01444	0.01239	0.01599	0.01774	0.05921	0.08369	0.00978	0.00891	0.09082	0.02586	0.00702	0.00329	0.00650
19	0.00898	0.00648	0.00848	0.00798	0.00948	0.00599	0.00599	0.01197	0.01796	0.02544	0.73413	0.04739	0.05986	0.01297	0.00748	0.00200	0.00299	0.01147	0.00698	0.00599
20	0.02370	0.03023	0.01798	0.01634	0.01961	0.75158	0.01226	0.02533	0.01798	0.01553	0.00981	0.01144	0.00817	0.00654	0.00572	0.00163	0.01144	0.00409	0.00327	0.00735
21	0.00889	0.00648	0.00835	0.00788	0.00942	0.00595	0.00591	0.01179	0.01774	0.02492	0.69182	0.04825	0.10249	0.01316	0.00748	0.00200	0.00301	0.01159	0.00691	0.00595
22	0.01696	0.78087	0.03324	0.01085	0.01628	0.02510	0.01085	0.01900	0.01289	0.01493	0.00882	0.01018	0.00814	0.00543	0.00407	0.00136	0.00678	0.00339	0.00271	0.00814
23	0.01388	0.01388	0.01943	0.01666	0.01666	0.01943	0.01388	0.01527	0.00972	0.01527	0.00833	0.01388	0.00833	0.01110	0.02082	0.00278	0.76544	0.00555	0.00278	0.00694
24	0.00899	0.00616	0.00746	0.00767	0.00788	0.00627	0.00473	0.00948	0.00978	0.01320	0.02166	0.14215	0.02467	0.56379	0.13401	0.00624	0.00739	0.01011	0.00407	0.00429
25	0.01388	0.01388	0.01943	0.01666	0.01666	0.01943	0.01388	0.01527	0.00972	0.01527	0.00833	0.01388	0.00833	0.01110	0.02082	0.00278	0.76544	0.00555	0.00278	0.00694
26	0.00898	0.00648	0.00848	0.00798	0.00948	0.00599	0.00599	0.01197	0.01796	0.02544	0.73413	0.04739	0.05986	0.01297	0.00748	0.00200	0.00299	0.01147	0.00698	0.00599
27	0.82186	0.01227	0.00932	0.00834	0.01227	0.01423	0.00687	0.01865	0.01080	0.02846	0.00883	0.01031	0.00687	0.00589	0.00393	0.00196	0.00491	0.00344	0.00393	0.00687
28	0.01102	0.00551	0.00826	0.00826	0.00826	0.00551	0.00551	0.00826	0.00826	0.01102	0.01102	0.01928	0.01102	0.02204	0.02479	0.81543	0.00551	0.00551	0.00275	0.00275
29	0.00906	0.00680	0.01020	0.01020	0.01133	0.00793	0.00793	0.01133	0.01020	0.01473	0.01699	0.02492	0.01586	0.04758	0.75191	0.01020	0.01699	0.00680	0.00340	0.00566
30	0.01497	0.01711	0.03743	0.02674	0.03316	0.01604	0.71444	0.02032	0.01497	0.02032	0.01283	0.01711	0.00963	0.00535	0.00749	0.00214	0.01070	0.00749	0.00321	0.00856
31	0.02412	0.01777	0.01904	0.01460	0.01967	0.01967	0.01206	0.71633	0.02983	0.03998	0.01523	0.01523	0.01079	0.00762	0.00635	0.00190	0.00698	0.00571	0.00635	0.01079
32	0.02695	0.01322	0.01622	0.01243	0.01740	0.01291	0.01027	0.26869	0.02221	0.49838	0.02163	0.01939	0.01400	0.00777	0.00637	0.00194	0.00595	0.00615	0.00733	0.01079
33	0.01777	0.69056	0.03141	0.01152	0.01668	0.11251	0.01102	0.01976	0.01350	0.01500	0.00894	0.01033	0.00814	0.00556	0.00427	0.00139	0.00734	0.00348	0.00278	0.00805
34	0.00887	0.00648	0.00833	0.00787	0.00941	0.00594	0.00590	0.01176	0.01770	0.02484	0.68542	0.04838	0.10895	0.01319	0.00748	0.00201	0.00301	0.01161	0.00690	0.00594
35	0.82186	0.01227	0.00932	0.00834	0.01227	0.01423	0.00687	0.01865	0.01080	0.02846	0.00883	0.01031	0.00687	0.00589	0.00393	0.00196	0.00491	0.00344	0.00393	0.00687
36	0.02373	0.02918	0.01807	0.01620	0.01962	0.68960	0.01224	0.08385	0.01898	0.01760	0.01027	0.01176	0.00839	0.00663	0.00577	0.00166	0.01106	0.00422	0.00353	0.00765
37	0.01037	0.00707	0.00796	0.00758	0.00807	0.00719	0.00462	0.06437	0.01138	0.01528	0.06472	0.03984	0.02443	0.66897	0.02871	0.00556	0.00602	0.00909	0.00424	0.00452
38	0.00773	0.00552	0.00736	0.00883	0.00920	0.00515	0.00589	0.00883	0.01215	0.01619	0.03497	0.77291	0.04196	0.01987	0.00810	0.00258	0.00368	0.01803	0.00589	0.00515
39	0.02406	0.01947	0.01889	0.01483	0.01966	0.11961	0.01209	0.62198	0.02821	0.03664	0.01449	0.01471	0.01043	0.00747	0.00626	0.00187	0.00759	0.00549	0.00593	0.01032
40	0.04305	0.00815	0.02785	0.00977	0.01115	0.00781	0.00736	0.07861	0.01449	0.02017	0.11547	0.44404	0.03651	0.06438	0.00949	0.00266	0.02115	0.06620	0.00570	0.00598
41	0.01820	0.01283	0.01479	0.01116	0.01636	0.01173	0.00903	0.17129	0.08685	0.13944	0.01572	0.01596	0.01166	0.00621	0.00549	0.00143	0.00533	0.00493	0.00523	0.43637
42	0.00789	0.00563	0.00754	0.00901	0.00945	0.00529	0.00616	0.00911	0.01230	0.01637	0.03488	0.72861	0.04161	0.01973	0.00814	0.00260	0.00382	0.06078	0.00589	0.00520
43	0.00781	0.00560	0.00754	0.00892	0.00934	0.00533	0.00602	0.00899	0.01202	0.01610	0.03383	0.72567	0.04031	0.02162	0.05508	0.00306	0.00452	0.01732	0.00573	0.00519
44	0.01272	0.03281	0.74418	0.01808	0.02746	0.01473	0.02344	0.02009	0.01339	0.02009	0.01138	0.01339	0.00804	0.00603	0.00603	0.00201	0.00938	0.00469	0.00268	0.00938
45	0.02412	0.01777	0.01904	0.01460	0.01967	0.01967	0.01206	0.71633	0.02983	0.03998	0.01523	0.01523	0.01079	0.00762	0.00635	0.00190	0.00698	0.00571	0.00635	0.01079
46	0.01497	0.01711	0.03743	0.02674	0.03316	0.01604	0.71444	0.02032	0.01497	0.02032	0.01283	0.01711	0.00963	0.00535	0.00749	0.00214	0.01070	0.00749	0.00321	0.00856
47	0.00900	0.00662	0.00920	0.00920	0.01014	0.00736	0.00679	0.01070	0.01024	0.01432	0.02067	0.03104	0.06294	0.21412	0.53863	0.00875	0.01362	0.00777	0.00366	0.00522
48	0.06555	0.01484	0.01870	0.01611	0.01657	0.06676	0.01333	0.01614	0.01032	0.01612	0.00846	0.01349	0.00823	0.01048	0.01877	0.00265	0.66832	0.00532	0.00288	0.00696
49	0.00906	0.00680	0.01020	0.01020	0.01133	0.00793	0.00793	0.01133	0.01020	0.01473	0.01699	0.02492	0.01586	0.04758	0.75191	0.01020	0.01699	0.00680	0.00340	0.00566
50	0.01497	0.01711	0.03743	0.02674	0.03316	0.01604	0.71444	0.02032	0.01497	0.02032	0.01283	0.01711	0.00963	0.00535	0.00749	0.00214	0.01070	0.00749	0.00321	0.00856
51	0.01533	0.01462	0.06020	0.01304	0.01695	0.01540	0.01073	0.03210	0.65941	0.02585	0.02608	0.02415	0.04037	0.00867	0.00646	0.00214	0.00524	0.00720	0.00620	0.00986
52	0.02356	0.01733	0.01858	0.01431	0.01919	0.01916	0.01175	0.68975	0.02905	0.03894	0.01541	0.01622	0.01125	0.03654	0.00732	0.00206	0.00695	0.00584	0.00625	0.01053
53	0.00750	0.00643	0.00643	0.00643	0.00857	0.00536	0.00482	0.00910	0.01446	0.01714	0.06427	0.06105	0.73490	0.01607	0.00750	0.00214	0.00321	0.01339	0.00589	0.00536
54	0.01285	0.05591	0.72223	0.01786	0.02711	0.01505	0.02305	0.02006	0.01338	0.01993	0.01131	0.01329	0.00804	0.00601	0.00597	0.00199	0.00930	0.00465	0.00268	0.00934
55	0.01272	0.03281	0.74418	0.01808	0.02746	0.01473	0.02344	0.02009	0.01339	0.02009	0.01138	0.01339	0.00804	0.00603	0.00603	0.00201	0.00938	0.00469	0.00268	0.00938
56	0.02441	0.01729	0.01874	0.01437	0.01943	0.01896	0.01187	0.66930	0.02903	0.08814	0.01590	0.01567	0.01113	0.00763	0.00635	0.00191	0.00687	0.00576	0.00645	0.01079
57	0.00898	0.00648	0.00848	0.00798	0.00948	0.00599	0.00599	0.01197	0.01796	0.02544	0.73413	0.04739	0.05986	0.01297	0.00748	0.00200	0.00299	0.01147	0.00698	0.00599
58	0.00898	0.00648	0.00848	0.00798	0.00948	0.00599	0.00599	0.01197	0.01796	0.02544	0.73413	0.04739	0.05986	0.01297	0.00748	0.00200	0.00299	0.01147	0.00698	0.00599
59	0.00851	0.00623	0.00799	0.00804	0.00932	0.00571	0.00584	0.01088	0.01612	0.02224	0.48827	0.23386	0.12330	0.01504	0.00764	0.00216	0.00319	0.01334	0.00659	0.00571
60	0.00776	0.00644	0.00680	0.00671	0.00873	0.00547	0.00503	0.00962	0.01509	0.01863	0.18503	0.05859	0.61320	0.01551	0.00749	0.00212	0.00317	0.01304	0.00609	0.00547
61	0.00906	0.00680	0.01020	0.01020	0.01133	0.00793	0.00793	0.01133	0.01020	0.01473	0.01699	0.02492	0.01586	0.04758	0.75191	0.01020	0.01699	0.00680	0.00340	0.00566
62	0.01696	0.78087	0.03324	0.01085	0.01628	0.02510	0.01085	0.01900	0.01289	0.01493	0.00882	0.01018	0.00814	0.00543	0.00407	0.00136	0.00678	0.00339	0.00271	0.00814
63	0.01603	0.01375	0.01449	0.01296	0.01659	0.01590	0.01010	0.05425	0.70507	0.02694	0.02550	0.02341	0.01911	0.00858	0.00645	0.00214	0.00508	0.00713	0.00645	0.01006
64	0.01898	0.01624	0.02987	0.02276	0.06274	0.06075	0.45695	0.02328	0.01594	0.20306	0.01569	0.01782	0.01110	0.00607	0.00703	0.00205	0.00924	0.00690	0.00439	0.00912
65	0.01570	0.01507	0.02575	0.03894	0.73748	0.01507	0.01947	0.01947	0.01444	0.02073	0.01193	0.01570	0.01005	0.00565	0.00628	0.00188	0.00754	0.00565	0.00314	0.01005
66	0.02242	0.01693	0.01809	0.01425	0.01903	0.01888	0.01165	0.57784	0.17107	0.03725	0.01738	0.01694	0.01253	0.00782	0.00637	0.00195	0.00658	0.00601	0.00637	0.01064
67	0.08648	0.06298	0.07841	0.01294	0.03409	0.01347	0.01124	0.17270	0.01923	0.41508	0.01923	0.01783	0.01273	0.00729	0.00601	0.00191	0.00617	0.00566	0.00636	0.01019
68	0.07123	0.01192	0.01829	0.68439	0.04068	0.03649	0.01667	0.01666	0.01271	0.01708	0.01105	0.01627	0.00833	0.00632	0.00615	0.00209	0.00829	0.00543	0.00291	0.00704
69	0.82186	0.01227	0.00932	0.00834	0.01227	0.01423	0.00687	0.01865	0.01080	0.02846	0.00883	0.01031	0.00687	0.00589	0.00393	0.00196	0.00491	0.00344	0.00393	0.00687
70	0.00923	0.00615	0.00692	0.00692	0.00692	0.00615	0.00384	0.00923	0.00923	0.01230	0.01999	0.04151	0.02306	0.77705	0.03229	0.00615	0.00615	0.00923	0.00384	0.00384
71	0.00773	0.00552	0.00736	0.00883	0.00920	0.00515	0.00589	0.00883	0.01215	0.01619	0.03497	0.77291	0.04196	0.01987	0.00810	0.00258	0.00368	0.01803	0.00589	0.00515
72	0.01531	0.01226	0.01304	0.01183	0.01504	0.01392	0.00929	0.07133	0.52565	0.02643	0.02485	0.02617	0.01943	0.00892	0.00627	0.00208	0.00487	0.05031	0.13381	0.00917
73	0.00794	0.00565	0.00726	0.00848	0.00901	0.00526	0.00568	0.00913	0.01235	0.01654	0.05384	0.65137	0.08531	0.05410	0.00905	0.00266	0.00372	0.01678	0.03072	0.00515
74	0.01570	0.01507	0.02575	0.03894	0.73748	0.01507	0.01947	0.01947	0.01444	0.02073	0.01193	0.01570	0.01005	0.00565	0.00628	0.00188	0.00754	0.00565	0.00314	0.01005
75	0.02846	0.01080	0.01472	0.01129	0.01619	0.00932	0.00932	0.03092	0.01816	0.74187	0.02503	0.02159	0.01570	0.00785	0.00638	0.00196	0.00540	0.00638	0.00785	0.01080
76	0.00906	0.00680	0.01020	0.01020	0.01133	0.00793	0.00793	0.01133	0.01020	0.01473	0.01699	0.02492	0.01586	0.04758	0.75191	0.01020	0.01699	0.00680	0.00340	0.00566
77	0.01198	0.01128	0.01903	0.76180	0.04369	0.01409	0.01762	0.01621	0.01268	0.01621	0.01128	0.01691	0.00846	0.00634	0.00634	0.00211	0.00846	0.00564	0.00282	0.00705
78	0.00773	0.00552	0.00736	0.00883	0.00920	0.00515	0.00589	0.00883	0.01215	0.01619	0.03497	0.77291	0.04196	0.01987	0.00810	0.00258	0.00368	0.01803	0.00589	0.00515
79	0.01578	0.01363	0.01434	0.01291	0.01650	0.01578	0.01004	0.03371	0.72602	0.02654	0.02582	0.02367	0.01937	0.00861	0.00646	0.00215	0.00502	0.00717	0.00646	0.01004
80	0.01321	0.01145	0.01388	0.00991	0.01557	0.00868	0.02860	0.01610	0.01321	0.02066	0.01132	0.01327	0.00940	0.00472	0.00478	0.00098	0.00488	0.00387	0.00374	0.79176
81	0.01483	0.01810	0.08207	0.02619	0.03280	0.01596	0.67079	0.02031	0.01487	0.02031	0.01274	0.01688	0.00953	0.00539	0.00739	0.00213	0.01061	0.00731	0.00318	0.00861
82	0.02846	0.01080	0.01472	0.01129	0.01619	0.00932	0.00932	0.03092	0.01816	0.74187	0.02503	0.02159	0.01570	0.00785	0.00638	0.00196	0.00540	0.00638	0.00785	0.01080
83	0.00750	0.00643	0.00643	0.00643	0.00857	0.00536	0.00482	0.00910	0.01446	0.01714	0.06427	0.06105	0.73490	0.01607	0.00750	0.00214	0.00321	0.01339	0.00589	0.00536
84	0.01851	0.01971	0.11889	0.02204	0.07181	0.12189	0.35029	0.02293	0.01577	0.15321	0.01441	0.01656	0.01036	0.00609	0.00676	0.00200	0.00946	0.00632	0.00401	0.00899
85	0.01000	0.00714	0.00996	0.01142	0.01278	0.00711	0.00983	0.01275	0.01438	0.01873	0.03371	0.13537	0.03701	0.01774	0.00870	0.00289	0.00564	0.63321	0.00585	0.00578
86	0.00906	0.00680	0.01020	0.01020	0.01133	0.00793	0.00793	0.01133	0.01020	0.01473	0.01699	0.02492	0.01586	0.04758	0.75191	0.01020	0.01699	0.00680	0.00340	0.00566
87	0.01547	0.01484	0.02534	0.08332	0.69488	0.01501	0.01936	0.01927	0.01434	0.02045	0.01189	0.01578	0.00995	0.00569	0.00628	0.00190	0.00759	0.00565	0.00312	0.00986
88	0.01437	0.32294	0.46845	0.01528	0.02312	0.01875	0.01856	0.01967	0.01320	0.01809	0.01039	0.01215	0.00808	0.00579	0.00527	0.00176	0.00837	0.00419	0.00269	0.00890
89	0.57596	0.01643	0.03213	0.03053	0.06052	0.15603	0.00941	0.01996	0.01252	0.02496	0.00934	0.01111	0.00739	0.00601	0.00454	0.00190	0.00654	0.00379	0.00369	0.00724
90	0.01430	0.29640	0.47380	0.01609	0.04271	0.01840	0.01889	0.01969	0.01324	0.01828	0.01049	0.01232	0.00813	0.00581	0.00534	0.00178	0.00841	0.00426	0.00270	0.00896
91	0.00922	0.00618	0.00708	0.00708	0.00714	0.00624	0.00405	0.00933	0.00927	0.01242	0.01984	0.04070	0.02271	0.74107	0.06778	0.00635	0.00669	0.00911	0.00382	0.00393
92	0.01615	0.01381	0.01455	0.01298	0.01664	0.01595	0.01013	0.06381	0.69532	0.02713	0.02535	0.02330	0.01899	0.00856	0.00645	0.00214	0.00511	0.00711	0.00645	0.01007
93	0.01427	0.01167	0.01357	0.00978	0.01536	0.00919	0.00785	0.06062	0.01435	0.04195	0.01191	0.01352	0.00966	0.00497	0.00485	0.00103	0.00486	0.00395	0.00404	0.74259
94	0.01343	0.15803	0.62518	0.01687	0.02559	0.01647	0.02133	0.01991	0.01331	0.01923	0.01096	0.01286	0.00805	0.00593	0.00570	0.00190	0.00894	0.00447	0.00268	0.00917
95	0.02806	0.01099	0.01541	0.01175	0.01670	0.00953	0.03054	0.03060	0.01806	0.72016	0.02466	0.02146	0.01552	0.00778	0.00641	0.00197	0.00556	0.00641	0.00771	0.01073
96	0.00806	0.00572	0.00757	0.00893	0.00936	0.00541	0.00610	0.00923	0.01213	0.01613	0.03368	0.65666	0.04003	0.07854	0.01003	0.00288	0.00406	0.07466	0.00573	0.00511
97	0.01186	0.01096	0.01827	0.59387	0.10925	0.01309	0.01633	0.01570	0.01297	0.01694	0.03537	0.09042	0.01339	0.00777	0.00654	0.00213	0.00774	0.00701	0.00327	0.00714
98	0.02001	0.02179	0.01934	0.01881	0.11030	0.35298	0.06354	0.05714	0.21261	0.03770	0.01530	0.01616	0.01189	0.00699	0.00616	0.00186	0.00879	0.00551	0.00437	0.00875
99	0.00780	0.00557	0.00744	0.00891	0.00931	0.00521	0.00601	0.00895	0.01221	0.01627	0.03493	0.75374	0.04181	0.01981	0.00812	0.00259	0.00374	0.03653	0.00589	0.00517
100	0.01570	0.01507	0.02575	0.03894	0.73748	0.01507	0.01947	0.01947	0.01444	0.02073	0.01193	0.01570	0.01005	0.00565	0.00628	0.00188	0.00754	0.00565	0.00314	0.01005
101	0.00835	0.00646	0.00761	0.00732	0.00909	0.00572	0.00549	0.01075	0.01647	0.02191	0.44971	0.05319	0.34648	0.01428	0.00749	0.00206	0.00309	0.01229	0.00652	0.00572
102	0.75431	0.01273	0.01015	0.00887	0.01290	0.01469	0.00731	0.07773	0.01241	0.02944	0.00938	0.01072	0.00720	0.00604	0.00413	0.00196	0.00508	0.00363	0.00413	0.00720
103	0.00909	0.00668	0.00962	0.00962	0.01055	0.00762	0.00721	0.01096	0.01002	0.01430	0.01752	0.02785	0.01713	0.17612	0.62510	0.00948	0.01508	0.00722	0.00348	0.00534
104	0.01298	0.07875	0.70053	0.01764	0.02677	0.01537	0.02267	0.02002	0.01336	0.01977	0.01123	0.01320	0.00804	0.00599	0.00591	0.00197	0.00922	0.00461	0.00268	0.00930
105	0.02129	0.02156	0.01775	0.03868	0.07146	0.33296	0.01216	0.22937	0.09844	0.02487	0.01403	0.01513	0.01082	0.00707	0.00597	0.00179	0.00852	0.00518	0.05418	0.00876
106	0.00773	0.00552	0.00736	0.00883	0.00920	0.00515	0.00589	0.00883	0.01215	0.01619	0.03497	0.77291	0.04196	0.01987	0.00810	0.00258	0.00368	0.01803	0.00589	0.00515
107	0.00910	0.00610	0.00696	0.00708	0.00711	0.00607	0.00402	0.00919	0.00947	0.01263	0.02126	0.10345	0.02466	0.71293	0.03024	0.00585	0.00594	0.00997	0.00402	0.00395
108	0.01247	0.00855	0.01000	0.00909	0.01158	0.00834	0.00698	0.03856	0.14432	0.10612	0.29858	0.07807	0.21710	0.01256	0.00717	0.00208	0.00385	0.01075	0.00664	0.00721
109	0.01272	0.03281	0.74418	0.01808	0.02746	0.01473	0.02344	0.02009	0.01339	0.02009	0.01138	0.01339	0.00804	0.00603	0.00603	0.00201	0.00938	0.00469	0.00268	0.00938
110	0.00810	0.00636	0.00732	0.00727	0.00899	0.00558	0.00538	0.01019	0.01559	0.02028	0.32216	0.12745	0.40223	0.01524	0.00755	0.00213	0.00317	0.01311	0.00632	0.00558
111	0.01315	0.01128	0.01315	0.00940	0.01503	0.00846	0.00752	0.01597	0.01315	0.02067	0.01128	0.01315	0.00940	0.00470	0.00470	0.00094	0.00470	0.00376	0.00376	0.81583
112	0.00809	0.00642	0.00706	0.00692	0.00867	0.00561	0.00506	0.00994	0.01494	0.01904	0.25148	0.05522	0.47177	0.09010	0.00993	0.00249	0.00344	0.01243	0.00600	0.00539
113	0.00923	0.00787	0.03199	0.00925	0.01107	0.00705	0.03166	0.01205	0.01628	0.02268	0.50462	0.10011	0.12676	0.01459	0.03597	0.00240	0.03270	0.01144	0.00622	0.00607
114	0.00777	0.00644	0.00681	0.00672	0.00874	0.00547	0.00504	0.00964	0.01511	0.01868	0.18872	0.05851	0.60949	0.01549	0.00749	0.00211	0.00317	0.01303	0.00609	0.00547
115	0.01470	0.01422	0.02474	0.22358	0.51629	0.01488	0.06167	0.01869	0.01403	0.01954	0.01182	0.01610	0.00961	0.00581	0.00637	0.00196	0.00797	0.00576	0.00306	0.00919
116	0.02370	0.03023	0.01798	0.01634	0.01961	0.75158	0.01226	0.02533	0.01798	0.01553	0.00981	0.01144	0.00817	0.00654	0.00572	0.00163	0.01144	0.00409	0.00327	0.00735
117	0.02412	0.01777	0.01904	0.01460	0.01967	0.01967	0.01206	0.71633	0.02983	0.03998	0.01523	0.01523	0.01079	0.00762	0.00635	0.00190	0.00698	0.00571	0.00635	0.01079
118	0.01839	0.01538	0.01448	0.01173	0.01613	0.17621	0.00919	0.02184	0.06690	0.15804	0.01582	0.05530	0.01275	0.00697	0.00598	0.00151	0.02603	0.00538	0.00472	0.35726
119	0.00773	0.00552	0.00736	0.00883	0.00920	0.00515	0.00589	0.00883	0.01215	0.01619	0.03497	0.77291	0.04196	0.01987	0.00810	0.00258	0.00368	0.01803	0.00589	0.00515
120	0.01620	0.01328	0.01398	0.01239	0.01592	0.01519	0.00969	0.09755	0.58977	0.02755	0.02430	0.02286	0.01824	0.00839	0.00625	0.00206	0.00501	0.00691	0.08476	0.00971
121	0.02370	0.03023	0.01798	0.01634	0.01961	0.75158	0.01226	0.02533	0.01798	0.01553	0.00981	0.01144	0.00817	0.00654	0.00572	0.00163	0.01144	0.00409	0.00327	0.00735
122	0.00755	0.00643	0.00650	0.00648	0.00860	0.00538	0.00486	0.00921	0.01458	0.01743	0.08782	0.06057	0.71117	0.01596	0.00750	0.00214	0.00321	0.01332	0.00593	0.00538
123	0.00973	0.00696	0.00963	0.01089	0.01220	0.00686	0.00916	0.01240	0.01458	0.01923	0.10437	0.17158	0.03966	0.01741	0.00854	0.00278	0.00524	0.52707	0.00596	0.00576
124	0.00971	0.00699	0.00961	0.01099	0.01233	0.00688	0.00931	0.01230	0.01423	0.01848	0.03535	0.17521	0.07270	0.01780	0.00860	0.00283	0.00539	0.55973	0.00585	0.00571
125	0.02163	0.01575	0.01693	0.01339	0.01777	0.01733	0.01090	0.58439	0.04863	0.03645	0.01746	0.07130	0.01378	0.00852	0.00631	0.00192	0.00634	0.00667	0.07456	0.00994
126	0.01291	0.03148	0.68433	0.01881	0.02794	0.01484	0.08195	0.02011	0.01353	0.02011	0.01151	0.01371	0.00817	0.00597	0.00615	0.00202	0.00949	0.00492	0.00272	0.00931
127	0.00778	0.00562	0.00739	0.00877	0.00927	0.00522	0.00595	0.00897	0.01234	0.01632	0.03658	0.71392	0.08078	0.01960	0.00808	0.00256	0.00371	0.03607	0.00589	0.00518
128	0.09414	0.07655	0.19629	0.01678	0.06733	0.07281	0.08524	0.10156	0.09361	0.09188	0.01457	0.01562	0.01073	0.00659	0.00590	0.00192	0.00764	0.00535	0.02637	0.00912
129	0.01314	0.10660	0.67406	0.01737	0.02635	0.01576	0.02220	0.01998	0.01334	0.01958	0.01113	0.01308	0.00805	0.00597	0.00583	0.00194	0.00912	0.00456	0.00268	0.00925
130	0.00991	0.00708	0.00987	0.01133	0.01265	0.00703	0.00968	0.01261	0.01430	0.01864	0.03376	0.15876	0.03719	0.01782	0.00868	0.00288	0.00557	0.61063	0.00585	0.00576
131	0.00837	0.00641	0.00770	0.00770	0.00932	0.00574	0.00578	0.01065	0.01587	0.02104	0.37325	0.12712	0.30891	0.01508	0.00762	0.00216	0.00331	0.05190	0.00640	0.00566
132	0.01329	0.01170	0.01492	0.01066	0.01635	0.00901	0.05892	0.01629	0.01329	0.02065	0.01139	0.01344	0.00941	0.00475	0.00490	0.00103	0.00513	0.00403	0.00372	0.75713
133	0.01276	0.03099	0.68228	0.01735	0.02640	0.01420	0.02209	0.01974	0.01337	0.02014	0.01138	0.01337	0.00815	0.00591	0.00591	0.00192	0.00898	0.00461	0.00277	0.07767
134	0.01337	0.11274	0.60711	0.01803	0.02673	0.01597	0.08059	0.01999	0.01347	0.01955	0.01123	0.01336	0.00818	0.00590	0.00594	0.00195	0.00921	0.00478	0.00273	0.00917
135	0.01468	0.04521	0.43632	0.02175	0.10436	0.01500	0.18399	0.02073	0.01417	0.06567	0.01258	0.01495	0.00911	0.00593	0.00637	0.00201	0.00917	0.00552	0.00318	0.00931
136	0.82186	0.01227	0.00932	0.00834	0.01227	0.01423	0.00687	0.01865	0.01080	0.02846	0.00883	0.01031	0.00687	0.00589	0.00393	0.00196	0.00491	0.00344	0.00393	0.00687
137	0.01821	0.01515	0.01690	0.01409	0.01754	0.03929	0.02736	0.27656	0.27793	0.02832	0.01820	0.01954	0.01419	0.04135	0.04228	0.00265	0.10921	0.00640	0.00551	0.00933
138	0.01811	0.01997	0.02222	0.02810	0.39126	0.26211	0.01623	0.02081	0.01493	0.01818	0.01069	0.01401	0.00917	0.00675	0.00823	0.00193	0.12036	0.00511	0.00313	0.00869
139	0.00918	0.00634	0.00786	0.00786	0.00818	0.00666	0.00501	0.00983	0.00950	0.01299	0.01913	0.03677	0.02100	0.56846	0.23806	0.00731	0.00925	0.00853	0.00372	0.00436
140	0.00773	0.00552	0.00736	0.00883	0.00920	0.00515	0.00589	0.00883	0.01215	0.01619	0.03497	0.77291	0.04196	0.01987	0.00810	0.00258	0.00368	0.01803	0.00589	0.00515
141	0.01696	0.78087	0.03324	0.01085	0.01628	0.02510	0.01085	0.01900	0.01289	0.01493	0.00882	0.01018	0.00814	0.00543	0.00407	0.00136	0.00678	0.00339	0.00271	0.00814
142	0.00773	0.00552	0.00736	0.00883	0.00920	0.00515	0.00589	0.00883	0.01215	0.01619	0.03497	0.77291	0.04196	0.01987	0.00810	0.00258	0.00368	0.01803	0.00589	0.00515
143	0.73065	0.01269	0.01031	0.00896	0.01301	0.01455	0.00738	0.07810	0.01263	0.05071	0.00986	0.01106	0.00747	0.00609	0.00420	0.00196	0.00510	0.00372	0.00425	0.00732
144	0.01578	0.01363	0.01434	0.01291	0.01650	0.01578	0.01004	0.03371	0.72602	0.02654	0.02582	0.02367	0.01937	0.00861	0.00646	0.00215	0.00502	0.00717	0.00646	0.01004
145	0.02827	0.01110	0.01491	0.01143	0.01635	0.00978	0.00944	0.06114	0.01867	0.71092	0.02460	0.02131	0.01549	0.00784	0.00638	0.00196	0.00547	0.00635	0.00779	0.01080
146	0.08024	0.01643	0.01727	0.01376	0.01842	0.01840	0.01122	0.51102	0.18609	0.03610	0.01716	0.01678	0.01245	0.00771	0.00619	0.00196	0.00639	0.00588	0.00619	0.01033
147	0.00923	0.00675	0.00870	0.00817	0.00974	0.00635	0.00614	0.01279	0.04455	0.02548	0.70753	0.04650	0.05834	0.01281	0.00744	0.00200	0.00307	0.01131	0.00696	0.00614
148	0.00773	0.00552	0.00736	0.00883	0.00920	0.00515	0.00589	0.00883	0.01215	0.01619	0.03497	0.77291	0.04196	0.01987	0.00810	0.00258	0.00368	0.01803	0.00589	0.00515
149	0.01272	0.03281	0.74418	0.01808	0.02746	0.01473	0.02344	0.02009	0.01339	0.02009	0.01138	0.01339	0.00804	0.00603	0.00603	0.00201	0.00938	0.00469	0.00268	0.00938
150	0.34841	0.02106	0.01415	0.01272	0.01634	0.36389	0.00985	0.04259	0.07958	0.02248	0.01101	0.01219	0.00873	0.00649	0.00507	0.00182	0.00807	0.00415	0.00391	0.00750

[dist]
# distance from previous block
# <min> <max>
0	49

[block]
# block no. 3 follows, 35 sequences, length 110
# corresponding to MSA columns:
# 300-409
name=unknown_D
#
# <colnr> <probs for GDERKNQSTAVLIFYWHMCP>
#	G	D	E	R	K	N	Q	S	T	A	V	L	I	F	Y	W	H	M	C	P
0	0.01446	0.01559	0.02897	0.02200	0.02540	0.01764	0.38498	0.01794	0.01250	0.01794	0.01071	0.01559	0.00902	0.00805	0.01376	0.00244	0.36563	0.00658	0.00301	0.00780
1	0.00823	0.00594	0.00790	0.00928	0.00998	0.00561	0.00672	0.00974	0.01279	0.01683	0.03640	0.58598	0.08157	0.01916	0.00820	0.00262	0.00410	0.15775	0.00588	0.00531
2	0.01198	0.01128	0.01903	0.76180	0.04369	0.01409	0.01762	0.01621	0.01268	0.01621	0.01128	0.01691	0.00846	0.00634	0.00634	0.00211	0.00846	0.00564	0.00282	0.00705
3	0.01764	0.01041	0.01123	0.00939	0.01242	0.01091	0.00750	0.25399	0.01938	0.10050	0.01927	0.02059	0.01435	0.00751	0.00528	0.00167	0.00456	0.00589	0.45944	0.00805
4	0.00838	0.00598	0.00810	0.00957	0.01023	0.00571	0.00702	0.00995	0.01278	0.01692	0.03461	0.59065	0.04054	0.01926	0.00827	0.00267	0.00424	0.19390	0.00588	0.00533
5	0.00966	0.00712	0.00944	0.01060	0.01220	0.00690	0.00911	0.01231	0.01457	0.01860	0.03993	0.06939	0.18098	0.01722	0.00850	0.00276	0.00530	0.55383	0.00585	0.00574
6	0.01489	0.44065	0.32585	0.01381	0.02070	0.02013	0.01593	0.01914	0.01299	0.01705	0.01021	0.01210	0.00841	0.00738	0.03517	0.00198	0.00827	0.00406	0.00273	0.00855
7	0.01217	0.01153	0.01907	0.68813	0.04102	0.01462	0.01725	0.01612	0.01239	0.01612	0.01098	0.01661	0.00844	0.00681	0.00777	0.00218	0.08330	0.00563	0.00281	0.00704
8	0.00886	0.00648	0.00831	0.00785	0.00940	0.00593	0.00589	0.01174	0.01767	0.02476	0.67964	0.04850	0.11477	0.01322	0.00748	0.00201	0.00301	0.01163	0.00689	0.00593
9	0.01696	0.78087	0.03324	0.01085	0.01628	0.02510	0.01085	0.01900	0.01289	0.01493	0.00882	0.01018	0.00814	0.00543	0.00407	0.00136	0.00678	0.00339	0.00271	0.00814
10	0.01314	0.10677	0.67389	0.01737	0.02635	0.01576	0.02219	0.01998	0.01334	0.01958	0.01113	0.01308	0.00805	0.00597	0.00583	0.00194	0.00912	0.00456	0.00268	0.00925
11	0.00773	0.00552	0.00736	0.00883	0.00920	0.00515	0.00589	0.00883	0.01215	0.01619	0.03497	0.77291	0.04196	0.01987	0.00810	0.00258	0.00368	0.01803	0.00589	0.00515
12	0.01981	0.02401	0.01591	0.01471	0.01741	0.55403	0.01111	0.02161	0.01591	0.01531	0.01172	0.01502	0.01021	0.01744	0.20395	0.00391	0.01292	0.00481	0.00330	0.00691
13	0.01494	0.01701	0.03686	0.02642	0.03263	0.01615	0.69222	0.02016	0.01481	0.02016	0.01269	0.01701	0.00958	0.00553	0.00791	0.00216	0.03463	0.00743	0.00319	0.00850
14	0.01272	0.03281	0.74418	0.01808	0.02746	0.01473	0.02344	0.02009	0.01339	0.02009	0.01138	0.01339	0.00804	0.00603	0.00603	0.00201	0.00938	0.00469	0.00268	0.00938
15	0.02802	0.01150	0.01516	0.01162	0.01655	0.01037	0.00960	0.10010	0.01934	0.67103	0.02404	0.02095	0.01521	0.00783	0.00638	0.00196	0.00556	0.00631	0.00770	0.01080
16	0.01060	0.00910	0.00925	0.00900	0.01129	0.04941	0.00710	0.05432	0.06532	0.02025	0.12121	0.05337	0.40751	0.01444	0.00748	0.00222	0.00446	0.13148	0.00592	0.00626
17	0.01493	0.01429	0.02436	0.18847	0.59396	0.01487	0.01909	0.01879	0.01408	0.01979	0.01180	0.01595	0.00972	0.00580	0.00629	0.00193	0.00773	0.00565	0.00307	0.00943
18	0.00919	0.00628	0.00760	0.00760	0.00783	0.00652	0.00469	0.00966	0.00943	0.01280	0.01937	0.03808	0.02157	0.62615	0.18115	0.00699	0.00839	0.00872	0.00375	0.00422
19	0.02370	0.03023	0.01798	0.01634	0.01961	0.75158	0.01226	0.02533	0.01798	0.01553	0.00981	0.01144	0.00817	0.00654	0.00572	0.00163	0.01144	0.00409	0.00327	0.00735
20	0.01330	0.01262	0.02141	0.50608	0.28913	0.01444	0.01827	0.01736	0.01331	0.01781	0.01151	0.01648	0.00902	0.00610	0.00632	0.00203	0.00813	0.00564	0.00293	0.00811
21	0.00960	0.00752	0.01098	0.01068	0.01161	0.00906	0.00831	0.01162	0.01008	0.01463	0.01625	0.02482	0.01552	0.09179	0.62514	0.00912	0.09742	0.00682	0.00336	0.00568
22	0.01497	0.01711	0.03743	0.02674	0.03316	0.01604	0.71444	0.02032	0.01497	0.02032	0.01283	0.01711	0.00963	0.00535	0.00749	0.00214	0.01070	0.00749	0.00321	0.00856
23	0.01490	0.01600	0.03192	0.02346	0.02845	0.01620	0.52489	0.05496	0.01488	0.02052	0.03129	0.03977	0.01172	0.00703	0.00962	0.00224	0.13294	0.00750	0.00348	0.00824
24	0.01393	0.00956	0.01428	0.01236	0.01507	0.00925	0.10782	0.03876	0.09736	0.14240	0.14678	0.29019	0.03231	0.01290	0.00739	0.00225	0.00516	0.02864	0.00610	0.00747
25	0.00957	0.00660	0.00865	0.00811	0.00968	0.00607	0.00609	0.01249	0.01782	0.04793	0.69423	0.06463	0.05801	0.01298	0.00746	0.00201	0.00309	0.01147	0.00698	0.00612
26	0.01057	0.00886	0.00882	0.00848	0.01029	0.05780	0.00627	0.06080	0.01512	0.01886	0.13240	0.06376	0.32481	0.17203	0.01254	0.00298	0.00485	0.06960	0.00546	0.00568
27	0.01275	0.01206	0.02042	0.61227	0.18721	0.01430	0.01800	0.01688	0.01305	0.01714	0.01141	0.01666	0.00879	0.00620	0.00633	0.00207	0.00827	0.00564	0.00289	0.00767
28	0.01497	0.01711	0.03743	0.02674	0.03316	0.01604	0.71444	0.02032	0.01497	0.02032	0.01283	0.01711	0.00963	0.00535	0.00749	0.00214	0.01070	0.00749	0.00321	0.00856
29	0.01553	0.10197	0.21033	0.02171	0.02862	0.01704	0.39921	0.08893	0.01583	0.02164	0.01229	0.01527	0.00919	0.00575	0.00665	0.00200	0.00959	0.00618	0.00334	0.00894
