[name]
unknown

[dist]
# distance from previous block
# <min> <max>
0	46

[block]
# block no. 0 follows, 37 sequences, length 11
# corresponding to MSA columns:
# 52-62
name=unknown_A
#
# <colnr> <probs for GDERKNQSTAVLIFYWHMCP>
#	G	D	E	R	K	N	Q	S	T	A	V	L	I	F	Y	W	H	M	C	P
0	0.01457	0.01101	0.01565	0.38504	0.02801	0.01259	0.01289	0.14006	0.04118	0.08640	0.01698	0.08005	0.01475	0.05748	0.00800	0.00233	0.00686	0.05434	0.00436	0.00744
1	0.01869	0.01248	0.01406	0.01164	0.01516	0.06229	0.03726	0.09703	0.20479	0.23354	0.02174	0.02398	0.03812	0.13853	0.01035	0.00257	0.00590	0.00676	0.00573	0.03939
2	0.01062	0.00752	0.00908	0.00876	0.01028	0.00742	0.00635	0.09450	0.03943	0.04074	0.26136	0.28499	0.08211	0.09638	0.00978	0.00254	0.00402	0.01214	0.00593	0.00604
3	0.05805	0.01161	0.01903	0.59193	0.17073	0.01378	0.01675	0.01635	0.01245	0.01711	0.01086	0.01575	0.00836	0.00597	0.00598	0.00199	0.00780	0.00532	0.00284	0.00733
4	0.10774	0.01593	0.01432	0.01155	0.01584	0.16115	0.00911	0.18968	0.04191	0.02405	0.01219	0.01420	0.00986	0.03638	0.02410	0.00182	0.00673	0.00449	0.00424	0.29470
5	0.01783	0.00925	0.01183	0.01023	0.01324	0.00905	0.00803	0.02272	0.14506	0.33100	0.11777	0.07235	0.02398	0.06615	0.08733	0.00310	0.00598	0.03053	0.00634	0.00823
6	0.01166	0.00866	0.01177	0.19789	0.01876	0.00933	0.00949	0.10200	0.01428	0.04996	0.02508	0.29329	0.05897	0.08930	0.00945	0.00262	0.00556	0.07076	0.00489	0.00628
7	0.01174	0.01056	0.01698	0.44679	0.06706	0.01241	0.04264	0.04973	0.01311	0.01727	0.01623	0.14762	0.01556	0.00926	0.00738	0.00218	0.05016	0.05291	0.00360	0.00680
8	0.03682	0.00767	0.00860	0.00913	0.01020	0.04265	0.00658	0.04103	0.02714	0.01781	0.05679	0.42548	0.03171	0.07655	0.06020	0.00309	0.00526	0.07054	0.05726	0.00552
9	0.04915	0.00810	0.00994	0.00931	0.01144	0.00785	0.00699	0.05082	0.05632	0.18795	0.11375	0.26623	0.06139	0.08632	0.00923	0.00253	0.00444	0.04535	0.00603	0.00685
10	0.05809	0.01245	0.01511	0.16527	0.02102	0.01374	0.01098	0.21422	0.16404	0.14197	0.07167	0.05131	0.01692	0.00812	0.00618	0.00197	0.00589	0.00668	0.00560	0.00878

[dist]
# distance from previous block
# <min> <max>
0	8

[block]
# block no. 1 follows, 37 sequences, length 7
# corresponding to MSA columns:
# 71-77
name=unknown_B
#
# <colnr> <probs for GDERKNQSTAVLIFYWHMCP>
#	G	D	E	R	K	N	Q	S	T	A	V	L	I	F	Y	W	H	M	C	P
0	0.05571	0.01226	0.01567	0.01300	0.01656	0.05009	0.10179	0.13438	0.08766	0.16618	0.06713	0.11286	0.04982	0.01002	0.00668	0.00208	0.00599	0.07833	0.00568	0.00812
1	0.01482	0.01368	0.02560	0.01906	0.02371	0.01323	0.41141	0.07059	0.03570	0.07858	0.03806	0.07708	0.05351	0.03421	0.00833	0.00219	0.03829	0.00805	0.00421	0.02967
2	0.01559	0.01283	0.01756	0.15246	0.25268	0.05427	0.01325	0.09554	0.04262	0.09229	0.11800	0.02316	0.06766	0.00780	0.00630	0.00189	0.00640	0.00679	0.00457	0.00834
3	0.01156	0.01088	0.01836	0.77016	0.04216	0.01360	0.01700	0.01564	0.01224	0.01564	0.01088	0.01632	0.00816	0.00612	0.00612	0.00204	0.00816	0.00544	0.00272	0.00680
4	0.40886	0.01513	0.01205	0.01055	0.01407	0.14035	0.00833	0.12238	0.09521	0.02577	0.01243	0.01430	0.00990	0.04501	0.00607	0.00203	0.00608	0.00452	0.03953	0.00741
5	0.00876	0.00649	0.00950	0.00950	0.01048	0.00747	0.00724	0.01072	0.00974	0.01396	0.01670	0.02573	0.01603	0.12369	0.68383	0.00943	0.01529	0.00681	0.00332	0.00528
6	0.02685	0.01140	0.01482	0.01136	0.01612	0.01046	0.00938	0.13178	0.01917	0.64665	0.02277	0.01994	0.01446	0.00754	0.00615	0.00189	0.00543	0.00606	0.00736	0.01042

[dist]
# distance from previous block
# <min> <max>
1	8

[block]
# block no. 2 follows, 37 sequences, length 10
# corresponding to MSA columns:
# 86-95
name=unknown_C
#
# <colnr> <probs for GDERKNQSTAVLIFYWHMCP>
#	G	D	E	R	K	N	Q	S	T	A	V	L	I	F	Y	W	H	M	C	P
0	0.00969	0.00692	0.00967	0.01108	0.01241	0.00690	0.00957	0.01239	0.01392	0.01813	0.03250	0.11942	0.03560	0.01707	0.00841	0.00279	0.00549	0.65680	0.00564	0.00559
1	0.06353	0.04106	0.02022	0.02341	0.34400	0.03885	0.01385	0.18150	0.01750	0.10826	0.01330	0.01488	0.01014	0.00608	0.00574	0.00173	0.00663	0.00515	0.00434	0.07981
2	0.00856	0.00579	0.00678	0.00711	0.00720	0.00571	0.00417	0.00881	0.00957	0.01276	0.02270	0.21480	0.02655	0.60426	0.02565	0.00512	0.00537	0.01091	0.00417	0.00401
3	0.01523	0.01315	0.01384	0.01246	0.01592	0.01523	0.00969	0.03253	0.73563	0.02561	0.02491	0.02284	0.01869	0.00830	0.00623	0.00208	0.00484	0.00692	0.00623	0.00969
4	0.00851	0.00577	0.00679	0.00717	0.00727	0.00567	0.00424	0.00880	0.00966	0.01288	0.02319	0.24004	0.02718	0.57818	0.02485	0.00500	0.00529	0.01120	0.00424	0.00405
5	0.02746	0.01042	0.01421	0.01089	0.01563	0.00900	0.00900	0.02983	0.01752	0.75093	0.02415	0.02083	0.01515	0.00758	0.00616	0.00189	0.00521	0.00616	0.00758	0.01042
6	0.24976	0.01081	0.01276	0.01010	0.01457	0.01031	0.00834	0.02654	0.01555	0.55006	0.01981	0.01781	0.01279	0.00705	0.00550	0.00189	0.00508	0.00537	0.00652	0.00937
7	0.23760	0.01079	0.01284	0.01015	0.01463	0.01024	0.00838	0.02672	0.01566	0.56105	0.02005	0.01798	0.01292	0.00708	0.00553	0.00189	0.00508	0.00541	0.00658	0.00942
8	0.02287	0.02917	0.01735	0.01577	0.01892	0.76030	0.01183	0.02444	0.01735	0.01498	0.00946	0.01104	0.00788	0.00631	0.00552	0.00158	0.01104	0.00394	0.00315	0.00710
9	0.01443	0.01549	0.03138	0.08706	0.24574	0.01506	0.45930	0.01906	0.01412	0.01942	0.01201	0.01609	0.00932	0.00532	0.00679	0.00199	0.00924	0.00656	0.00305	0.00857

[dist]
# distance from previous block
# <min> <max>
0	37

[block]
# block no. 3 follows, 37 sequences, length 101
# corresponding to MSA columns:
# 141-197,211-254
name=unknown_D
#
# <colnr> <probs for GDERKNQSTAVLIFYWHMCP>
#	G	D	E	R	K	N	Q	S	T	A	V	L	I	F	Y	W	H	M	C	P
0	0.00979	0.00744	0.00916	0.00852	0.01031	0.00740	0.00645	0.01516	0.14102	0.02473	0.61973	0.04178	0.05103	0.01179	0.00705	0.00195	0.00322	0.01036	0.00665	0.00645
1	0.00888	0.00603	0.00717	0.00717	0.00735	0.00621	0.00433	0.00922	0.00905	0.01224	0.01883	0.03754	0.02116	0.66843	0.14610	0.00655	0.00758	0.00853	0.00364	0.00399
2	0.00874	0.00656	0.00984	0.00984	0.01093	0.00765	0.00765	0.01093	0.00984	0.01421	0.01640	0.02405	0.01530	0.04591	0.76062	0.00984	0.01640	0.00656	0.00328	0.00547
3	0.01743	0.60708	0.02833	0.01134	0.01613	0.12528	0.01057	0.06374	0.01432	0.01637	0.03477	0.01155	0.00977	0.00577	0.00440	0.00140	0.00705	0.00378	0.00306	0.00784
4	0.04899	0.04237	0.06418	0.01821	0.10718	0.23391	0.11479	0.07549	0.03245	0.18223	0.01414	0.01506	0.01029	0.00636	0.00594	0.00180	0.00827	0.00526	0.00437	0.00873
5	0.02243	0.01440	0.06448	0.01602	0.05611	0.01286	0.14311	0.16111	0.03549	0.38079	0.01874	0.01814	0.01252	0.00689	0.00632	0.00192	0.00677	0.00611	0.00591	0.00988
6	0.01704	0.15002	0.05761	0.01244	0.01591	0.19762	0.01060	0.12243	0.01731	0.05437	0.19877	0.02099	0.02136	0.00825	0.00698	0.00178	0.06824	0.00613	0.00455	0.00760
7	0.00836	0.00625	0.00777	0.00739	0.00896	0.00565	0.00554	0.01097	0.01662	0.02286	0.60015	0.04850	0.20212	0.01314	0.00722	0.00196	0.00293	0.01146	0.00652	0.00565
8	0.01286	0.01221	0.02071	0.50511	0.29706	0.01394	0.01765	0.01678	0.01285	0.01722	0.01111	0.01590	0.00872	0.00588	0.00610	0.00196	0.00784	0.00545	0.00283	0.00785
9	0.01445	0.01651	0.03612	0.02580	0.03199	0.01548	0.72446	0.01961	0.01445	0.01961	0.01238	0.01651	0.00929	0.00516	0.00722	0.00206	0.01032	0.00722	0.00310	0.00826
10	0.00829	0.00624	0.00767	0.00731	0.00892	0.00562	0.00548	0.01083	0.01645	0.02246	0.56623	0.04915	0.23629	0.01329	0.00722	0.00196	0.00294	0.01155	0.00646	0.00562
11	0.01637	0.78856	0.03208	0.01047	0.01571	0.02422	0.01047	0.01833	0.01244	0.01440	0.00851	0.00982	0.00786	0.00524	0.00393	0.00131	0.00655	0.00327	0.00262	0.00786
12	0.00866	0.00626	0.00818	0.00770	0.00914	0.00578	0.00578	0.01155	0.01733	0.02455	0.74346	0.04572	0.05776	0.01251	0.00722	0.00193	0.00289	0.01107	0.00674	0.00578
13	0.01269	0.01088	0.01269	0.00907	0.01451	0.00816	0.00725	0.01541	0.01269	0.01995	0.01088	0.01269	0.00907	0.00453	0.00453	0.00091	0.00453	0.00363	0.00363	0.82229
14	0.02278	0.01690	0.01810	0.01399	0.01880	0.01875	0.01152	0.68412	0.07173	0.03779	0.01532	0.01519	0.01091	0.00741	0.00613	0.00185	0.00662	0.00560	0.00613	0.01037
15	0.00890	0.00593	0.00668	0.00668	0.00668	0.00593	0.00371	0.00890	0.00890	0.01187	0.01929	0.04006	0.02225	0.78487	0.03116	0.00593	0.00593	0.00890	0.00371	0.00371
16	0.02324	0.01788	0.01831	0.01419	0.01898	0.06403	0.01165	0.68363	0.02809	0.03714	0.01438	0.01447	0.01026	0.00728	0.00609	0.00182	0.00700	0.00542	0.00594	0.01021
17	0.82811	0.01184	0.00900	0.00805	0.01184	0.01373	0.00663	0.01799	0.01042	0.02746	0.00852	0.00994	0.00663	0.00568	0.00379	0.00189	0.00474	0.00331	0.00379	0.00663
18	0.02359	0.01373	0.01594	0.01240	0.01696	0.01420	0.01018	0.38385	0.05834	0.30825	0.06308	0.01932	0.01550	0.00780	0.00621	0.00188	0.00583	0.00616	0.00672	0.01010
19	0.00890	0.00593	0.00668	0.00668	0.00668	0.00593	0.00371	0.00890	0.00890	0.01187	0.01929	0.04006	0.02225	0.78487	0.03116	0.00593	0.00593	0.00890	0.00371	0.00371
20	0.82811	0.01184	0.00900	0.00805	0.01184	0.01373	0.00663	0.01799	0.01042	0.02746	0.00852	0.00994	0.00663	0.00568	0.00379	0.00189	0.00474	0.00331	0.00379	0.00663
21	0.00723	0.00620	0.00620	0.00620	0.00827	0.00517	0.00465	0.00878	0.01395	0.01654	0.06201	0.05891	0.74421	0.01550	0.00723	0.00207	0.00310	0.01292	0.00568	0.00517
22	0.00746	0.00533	0.00710	0.00852	0.00888	0.00497	0.00568	0.00852	0.01172	0.01563	0.03374	0.78088	0.04049	0.01918	0.00781	0.00249	0.00355	0.01740	0.00568	0.00497
23	0.01560	0.01079	0.01299	0.00943	0.01473	0.00832	0.00760	0.01825	0.01364	0.16364	0.01349	0.01429	0.01026	0.00513	0.00485	0.00110	0.00467	0.00412	0.00440	0.66270
24	0.01689	0.01656	0.02296	0.03218	0.57413	0.12968	0.01705	0.02007	0.01449	0.05519	0.01171	0.01474	0.00963	0.00586	0.00644	0.00181	0.03284	0.00525	0.00326	0.00923
25	0.01339	0.01339	0.01875	0.01607	0.01607	0.01875	0.01339	0.01473	0.00937	0.01473	0.00804	0.01339	0.00804	0.01071	0.02009	0.00268	0.77367	0.00536	0.00268	0.00670
26	0.00866	0.00626	0.00818	0.00770	0.00914	0.00578	0.00578	0.01155	0.01733	0.02455	0.74346	0.04572	0.05776	0.01251	0.00722	0.00193	0.00289	0.01107	0.00674	0.00578
27	0.01269	0.01088	0.01269	0.00907	0.01451	0.00816	0.00725	0.01541	0.01269	0.01995	0.01088	0.01269	0.00907	0.00453	0.00453	0.00091	0.00453	0.00363	0.00363	0.82229
28	0.01474	0.01273	0.01338	0.01208	0.01545	0.01461	0.00938	0.03108	0.69178	0.02506	0.02717	0.02503	0.06277	0.00874	0.00629	0.00208	0.00474	0.00729	0.00620	0.00941
29	0.00746	0.00533	0.00710	0.00852	0.00888	0.00497	0.00568	0.00852	0.01172	0.01563	0.03374	0.78088	0.04049	0.01918	0.00781	0.00249	0.00355	0.01740	0.00568	0.00497
30	0.07612	0.01050	0.01389	0.01072	0.01540	0.00928	0.00885	0.02911	0.01709	0.70697	0.02320	0.02017	0.01463	0.00746	0.00601	0.00189	0.00518	0.00598	0.00735	0.01019
31	0.00862	0.00626	0.00812	0.00766	0.00912	0.00576	0.00574	0.01147	0.01723	0.02431	0.72329	0.04611	0.07807	0.01260	0.00722	0.00193	0.00289	0.01112	0.00671	0.00576
32	0.00746	0.00533	0.00710	0.00852	0.00888	0.00497	0.00568	0.00852	0.01172	0.01563	0.03374	0.78088	0.04049	0.01918	0.00781	0.00249	0.00355	0.01740	0.00568	0.00497
33	0.01521	0.01426	0.02367	0.12414	0.61784	0.01470	0.01814	0.06140	0.01464	0.02060	0.01163	0.01526	0.00955	0.00565	0.00607	0.00185	0.00735	0.00546	0.00318	0.00939
34	0.01269	0.01088	0.01269	0.00907	0.01451	0.00816	0.00725	0.01541	0.01269	0.01995	0.01088	0.01269	0.00907	0.00453	0.00453	0.00091	0.00453	0.00363	0.00363	0.82229
35	0.82811	0.01184	0.00900	0.00805	0.01184	0.01373	0.00663	0.01799	0.01042	0.02746	0.00852	0.00994	0.00663	0.00568	0.00379	0.00189	0.00474	0.00331	0.00379	0.00663
36	0.00852	0.00622	0.00800	0.00762	0.00907	0.00571	0.00569	0.01125	0.01690	0.02368	0.67118	0.07044	0.10690	0.01295	0.00724	0.00195	0.00292	0.01141	0.00663	0.00571
37	0.00862	0.00626	0.00812	0.00766	0.00912	0.00576	0.00574	0.01147	0.01723	0.02431	0.72312	0.04612	0.07825	0.01260	0.00722	0.00193	0.00289	0.01113	0.00671	0.00576
38	0.01531	0.01383	0.01780	0.01480	0.01877	0.01537	0.13282	0.04880	0.59260	0.02492	0.02248	0.02153	0.01685	0.00774	0.00640	0.00207	0.00584	0.00694	0.00569	0.00946
39	0.00862	0.00626	0.00812	0.00766	0.00912	0.00576	0.00574	0.01147	0.01722	0.02430	0.72257	0.04613	0.07880	0.01261	0.00722	0.00193	0.00289	0.01113	0.00671	0.00576
40	0.00882	0.00641	0.00831	0.00832	0.00914	0.00680	0.00586	0.01063	0.03229	0.01476	0.07878	0.08148	0.06641	0.30135	0.32647	0.00666	0.00966	0.00883	0.00409	0.00494
41	0.01211	0.05283	0.68613	0.01669	0.02510	0.01396	0.02122	0.01869	0.01284	0.01901	0.01229	0.05950	0.00975	0.00661	0.00588	0.00195	0.00864	0.00527	0.00277	0.00876
42	0.01884	0.05767	0.14691	0.01848	0.08717	0.31344	0.10656	0.03886	0.01561	0.08462	0.01184	0.01373	0.00911	0.00711	0.02364	0.00196	0.02787	0.00491	0.00348	0.00819
43	0.09913	0.63825	0.04610	0.01064	0.01580	0.02255	0.01046	0.06724	0.01337	0.01752	0.00900	0.01024	0.00791	0.00544	0.00411	0.00142	0.00644	0.00346	0.00298	0.00794
44	0.82811	0.01184	0.00900	0.00805	0.01184	0.01373	0.00663	0.01799	0.01042	0.02746	0.00852	0.00994	0.00663	0.00568	0.00379	0.00189	0.00474	0.00331	0.00379	0.00663
45	0.01968	0.05916	0.05459	0.02063	0.22081	0.16366	0.01384	0.23562	0.07184	0.06106	0.01350	0.01466	0.01029	0.00652	0.00587	0.00178	0.00762	0.00516	0.00441	0.00931
46	0.01562	0.01235	0.01586	0.01362	0.04195	0.01298	0.08182	0.17373	0.23818	0.06412	0.14511	0.06809	0.04454	0.00907	0.00653	0.00196	0.00544	0.00794	0.00580	0.03527
47	0.01664	0.01602	0.02221	0.03044	0.52760	0.09306	0.01638	0.09765	0.05715	0.02171	0.01305	0.03682	0.01097	0.00630	0.00607	0.00183	0.00736	0.00572	0.00364	0.00937
48	0.01465	0.01481	0.04997	0.11423	0.62771	0.01446	0.03754	0.01850	0.01374	0.01950	0.01145	0.01523	0.00945	0.00553	0.00609	0.00185	0.00751	0.00547	0.00298	0.00933
49	0.00806	0.00626	0.00746	0.00731	0.00885	0.00584	0.00542	0.00998	0.01379	0.01807	0.25034	0.04734	0.35297	0.08727	0.14015	0.00371	0.00559	0.01092	0.00540	0.00527
50	0.00890	0.00593	0.00668	0.00668	0.00668	0.00593	0.00371	0.00890	0.00890	0.01187	0.01929	0.04006	0.02225	0.78487	0.03116	0.00593	0.00593	0.00890	0.00371	0.00371
51	0.00866	0.00626	0.00818	0.00770	0.00914	0.00578	0.00578	0.01155	0.01733	0.02455	0.74346	0.04572	0.05776	0.01251	0.00722	0.00193	0.00289	0.01107	0.00674	0.00578
52	0.02327	0.01715	0.01837	0.01408	0.01898	0.01898	0.01163	0.72628	0.02878	0.03858	0.01470	0.01470	0.01041	0.00735	0.00612	0.00184	0.00674	0.00551	0.00612	0.01041
53	0.02327	0.01715	0.01837	0.01408	0.01898	0.01898	0.01163	0.72628	0.02878	0.03858	0.01470	0.01470	0.01041	0.00735	0.00612	0.00184	0.00674	0.00551	0.00612	0.01041
54	0.82811	0.01184	0.00900	0.00805	0.01184	0.01373	0.00663	0.01799	0.01042	0.02746	0.00852	0.00994	0.00663	0.00568	0.00379	0.00189	0.00474	0.00331	0.00379	0.00663
55	0.01703	0.01405	0.01486	0.01282	0.01660	0.01607	0.01013	0.18811	0.57711	0.02852	0.02262	0.02101	0.01683	0.00809	0.00621	0.00202	0.00527	0.00660	0.00621	0.00985
56	0.00822	0.00619	0.00760	0.00736	0.00890	0.00557	0.00548	0.01064	0.01610	0.02191	0.52217	0.09384	0.23618	0.01370	0.00726	0.00200	0.00298	0.01194	0.00640	0.00557
57	0.01560	0.01300	0.01369	0.01217	0.01562	0.01493	0.00951	0.08393	0.63820	0.02642	0.02384	0.02222	0.01788	0.00816	0.00610	0.00202	0.00487	0.00674	0.05560	0.00950
58	0.00778	0.00622	0.00696	0.00678	0.00860	0.00540	0.00508	0.00985	0.01525	0.01961	0.32382	0.05384	0.48047	0.01435	0.00723	0.00201	0.00302	0.01221	0.00609	0.00540
59	0.02287	0.02917	0.01735	0.01577	0.01892	0.76030	0.01183	0.02444	0.01735	0.01498	0.00946	0.01104	0.00788	0.00631	0.00552	0.00158	0.01104	0.00394	0.00315	0.00710
60	0.01363	0.28168	0.51497	0.01514	0.02293	0.01752	0.01861	0.01904	0.01276	0.01774	0.01017	0.01190	0.00779	0.00562	0.00519	0.00173	0.00822	0.00411	0.00260	0.00865
61	0.01654	0.76823	0.03168	0.01062	0.01580	0.04392	0.01051	0.01849	0.01257	0.01442	0.00854	0.00985	0.00786	0.00527	0.00397	0.00132	0.00667	0.00329	0.00263	0.00784
62	0.04162	0.01813	0.01806	0.01410	0.01881	0.08714	0.01154	0.64545	0.02731	0.03615	0.01407	0.01425	0.01009	0.00721	0.00601	0.00181	0.00709	0.00532	0.00580	0.01002
63	0.02327	0.01715	0.01837	0.01408	0.01898	0.01898	0.01163	0.72628	0.02878	0.03858	0.01470	0.01470	0.01041	0.00735	0.00612	0.00184	0.00674	0.00551	0.00612	0.01041
64	0.00866	0.00626	0.00818	0.00770	0.00914	0.00578	0.00578	0.01155	0.01733	0.02455	0.74346	0.04572	0.05776	0.01251	0.00722	0.00193	0.00289	0.01107	0.00674	0.00578
65	0.01445	0.01651	0.03612	0.02580	0.03199	0.01548	0.72446	0.01961	0.01445	0.01961	0.01238	0.01651	0.00929	0.00516	0.00722	0.00206	0.01032	0.00722	0.00310	0.00826
66	0.00817	0.00621	0.00751	0.00725	0.00886	0.00556	0.00541	0.01057	0.01607	0.02170	0.50285	0.07400	0.27616	0.01369	0.00724	0.00199	0.00298	0.01187	0.00637	0.00556
67	0.00744	0.00540	0.00703	0.00832	0.00883	0.00499	0.00559	0.00855	0.01191	0.01570	0.03617	0.71889	0.10091	0.01886	0.00776	0.00245	0.00351	0.01702	0.00568	0.00499
68	0.02746	0.01042	0.01421	0.01089	0.01563	0.00900	0.00900	0.02983	0.01752	0.75093	0.02415	0.02083	0.01515	0.00758	0.00616	0.00189	0.00521	0.00616	0.00758	0.01042
69	0.01228	0.03166	0.75316	0.01745	0.02649	0.01422	0.02262	0.01939	0.01292	0.01939	0.01099	0.01292	0.00775	0.00582	0.00582	0.00194	0.00905	0.00452	0.00258	0.00905
70	0.01228	0.03166	0.75316	0.01745	0.02649	0.01422	0.02262	0.01939	0.01292	0.01939	0.01099	0.01292	0.00775	0.00582	0.00582	0.00194	0.00905	0.00452	0.00258	0.00905
71	0.02746	0.01042	0.01421	0.01089	0.01563	0.00900	0.00900	0.02983	0.01752	0.75093	0.02415	0.02083	0.01515	0.00758	0.00616	0.00189	0.00521	0.00616	0.00758	0.01042
72	0.01455	0.01217	0.01739	0.01463	0.01564	0.01570	0.04554	0.01640	0.01125	0.09686	0.05239	0.01697	0.01231	0.00991	0.01590	0.00242	0.54513	0.00588	0.07193	0.00704
73	0.01372	0.01325	0.05317	0.01124	0.03521	0.07342	0.00898	0.03601	0.05219	0.03698	0.01411	0.07523	0.01249	0.00881	0.05111	0.00182	0.00614	0.00531	0.00396	0.48684
74	0.00826	0.00609	0.00772	0.00764	0.00898	0.00555	0.00560	0.01065	0.01590	0.02190	0.52707	0.17412	0.14967	0.01407	0.00732	0.00204	0.00303	0.01242	0.00641	0.00555
75	0.05030	0.14790	0.50290	0.01637	0.04675	0.01584	0.03625	0.04084	0.03280	0.03957	0.01138	0.01299	0.00839	0.00585	0.00550	0.00184	0.00815	0.00451	0.00301	0.00885
76	0.01883	0.34526	0.05179	0.01457	0.01945	0.21858	0.10343	0.10824	0.01617	0.03591	0.01049	0.01198	0.00853	0.00585	0.00517	0.00158	0.00831	0.00435	0.00337	0.00812
77	0.00742	0.00567	0.00676	0.00762	0.00858	0.00508	0.00524	0.00863	0.01244	0.01583	0.04354	0.49350	0.29585	0.04344	0.00838	0.00245	0.00347	0.01549	0.00562	0.00500
78	0.01637	0.78856	0.03208	0.01047	0.01571	0.02422	0.01047	0.01833	0.01244	0.01440	0.00851	0.00982	0.00786	0.00524	0.00393	0.00131	0.00655	0.00327	0.00262	0.00786
79	0.07500	0.01230	0.01348	0.07837	0.01678	0.07967	0.00935	0.14796	0.01826	0.23423	0.18138	0.04955	0.03975	0.00884	0.00624	0.00190	0.00563	0.00721	0.00592	0.00818
80	0.06313	0.01768	0.01739	0.01385	0.01833	0.14261	0.03216	0.40847	0.06367	0.13852	0.01541	0.01526	0.01093	0.00711	0.00595	0.00182	0.00714	0.00536	0.00564	0.00956
81	0.02485	0.01408	0.14145	0.01202	0.01750	0.00990	0.01134	0.02803	0.01673	0.62496	0.02188	0.01947	0.01388	0.00727	0.00610	0.00190	0.00587	0.00587	0.00672	0.01018
82	0.02610	0.01002	0.01349	0.01045	0.01491	0.00872	0.00860	0.02851	0.01712	0.68922	0.02380	0.02100	0.01520	0.00754	0.00600	0.00185	0.00501	0.00612	0.07633	0.01002
83	0.01252	0.01210	0.02122	0.55991	0.17976	0.01395	0.08029	0.01661	0.01277	0.01685	0.01114	0.01611	0.00856	0.00590	0.00621	0.00200	0.00818	0.00560	0.00281	0.00750
84	0.01401	0.28040	0.39023	0.01657	0.02386	0.01776	0.13944	0.01907	0.01302	0.01777	0.01040	0.01251	0.00805	0.00551	0.00543	0.00175	0.00844	0.00457	0.00268	0.00851
85	0.01187	0.00785	0.01047	0.00936	0.01165	0.00724	0.04672	0.05660	0.01577	0.12250	0.22427	0.20741	0.21730	0.01336	0.00714	0.00209	0.00407	0.01172	0.00611	0.00651
86	0.00746	0.00533	0.00710	0.00852	0.00888	0.00497	0.00568	0.00852	0.01172	0.01563	0.03374	0.78088	0.04049	0.01918	0.00781	0.00249	0.00355	0.01740	0.00568	0.00497
87	0.02357	0.01704	0.01802	0.01390	0.01873	0.04301	0.01144	0.64994	0.02754	0.09187	0.01524	0.01504	0.01069	0.00733	0.00611	0.00183	0.00676	0.00551	0.00613	0.01030
88	0.03658	0.01482	0.04147	0.05374	0.61435	0.01448	0.05638	0.03591	0.01427	0.04211	0.01190	0.01523	0.00969	0.00558	0.00606	0.00184	0.00736	0.00549	0.00324	0.00948
89	0.02404	0.01007	0.01365	0.01086	0.01498	0.00924	0.00889	0.05970	0.01673	0.59019	0.02236	0.02110	0.01495	0.01417	0.13607	0.00326	0.00721	0.00619	0.00677	0.00956
90	0.01445	0.01651	0.03612	0.02580	0.03199	0.01548	0.72446	0.01961	0.01445	0.01961	0.01238	0.01651	0.00929	0.00516	0.00722	0.00206	0.01032	0.00722	0.00310	0.00826
91	0.05793	0.01666	0.02205	0.01705	0.03861	0.03657	0.18238	0.44541	0.04457	0.05590	0.01427	0.01528	0.01029	0.00671	0.00627	0.00190	0.00752	0.00584	0.00519	0.00960
92	0.01575	0.08343	0.27213	0.01990	0.04498	0.01506	0.30498	0.04171	0.01456	0.10889	0.01308	0.01521	0.00942	0.00575	0.00629	0.00193	0.00878	0.00577	0.00352	0.00885
93	0.00790	0.00566	0.00730	0.00846	0.00895	0.00535	0.00566	0.02467	0.01200	0.01593	0.03331	0.69338	0.06140	0.06734	0.00924	0.00268	0.00376	0.01645	0.00557	0.00502
94	0.02382	0.01709	0.01789	0.01393	0.01864	0.09390	0.02826	0.50262	0.02509	0.17260	0.01591	0.01554	0.01103	0.00723	0.00609	0.00183	0.00697	0.00551	0.00602	0.01002
95	0.02226	0.01661	0.01837	0.07920	0.02098	0.01852	0.01210	0.66508	0.02736	0.03660	0.01437	0.01484	0.01022	0.00724	0.00612	0.00185	0.00686	0.00551	0.00583	0.01010
96	0.02736	0.01058	0.01431	0.01097	0.01571	0.00924	0.00906	0.04681	0.01779	0.73356	0.02392	0.02069	0.01504	0.00757	0.00615	0.00189	0.00525	0.00614	0.00754	0.01042
97	0.09138	0.01611	0.01699	0.01332	0.01797	0.01791	0.01094	0.57647	0.10136	0.05281	0.01546	0.01529	0.01107	0.00731	0.00594	0.00187	0.00633	0.00549	0.00597	0.01001
98	0.04594	0.05873	0.01694	0.01294	0.01729	0.05720	0.01051	0.35543	0.25729	0.03022	0.01698	0.01662	0.01264	0.00726	0.00583	0.00182	0.00614	0.00558	0.00558	0.05906
99	0.01547	0.52335	0.25814	0.01268	0.01910	0.02054	0.01424	0.01906	0.01277	0.04176	0.00984	0.01118	0.00808	0.00550	0.00460	0.00153	0.00729	0.00377	0.00278	0.00832
100	0.01321	0.01545	0.15594	0.04116	0.33139	0.01212	0.05090	0.01765	0.03589	0.04415	0.15139	0.06764	0.02065	0.00784	0.00641	0.00193	0.00658	0.00722	0.00405	0.00843

[dist]
# distance from previous block
# <min> <max>
0	1

[block]
# block no. 4 follows, 37 sequences, length 19
# corresponding to MSA columns:
# 256-274
name=unknown_E
#
# <colnr> <probs for GDERKNQSTAVLIFYWHMCP>
#	G	D	E	R	K	N	Q	S	T	A	V	L	I	F	Y	W	H	M	C	P
0	0.01450	0.01388	0.02367	0.17046	0.61889	0.01437	0.01846	0.01822	0.01363	0.01921	0.01140	0.01536	0.00942	0.00557	0.00607	0.00186	0.00743	0.00545	0.00297	0.00917
1	0.02686	0.05285	0.01518	0.01087	0.01563	0.00983	0.00908	0.02920	0.01724	0.71076	0.02330	0.02023	0.01475	0.00745	0.00603	0.00186	0.00528	0.00600	0.00731	0.01028
2	0.01283	0.03052	0.70735	0.01750	0.02632	0.01409	0.04395	0.01973	0.01312	0.04272	0.01145	0.01329	0.00804	0.00585	0.00587	0.00194	0.00896	0.00466	0.00276	0.00907
3	0.02746	0.01042	0.01421	0.01089	0.01563	0.00900	0.00900	0.02983	0.01752	0.75093	0.02415	0.02083	0.01515	0.00758	0.00616	0.00189	0.00521	0.00616	0.00758	0.01042
4	0.06655	0.01405	0.09125	0.01443	0.01970	0.01158	0.15021	0.05742	0.03684	0.42574	0.01950	0.03593	0.01327	0.00710	0.00624	0.00195	0.00658	0.00630	0.00585	0.00950
5	0.00723	0.00620	0.00620	0.00620	0.00827	0.00517	0.00465	0.00878	0.01395	0.01654	0.06201	0.05891	0.74421	0.01550	0.00723	0.00207	0.00310	0.01292	0.00568	0.00517
6	0.02669	0.01152	0.04527	0.01127	0.01619	0.00954	0.00965	0.05173	0.01769	0.69746	0.02330	0.02031	0.01469	0.00750	0.00614	0.00189	0.00542	0.00607	0.00732	0.01036
7	0.00839	0.00621	0.00783	0.00751	0.00900	0.00565	0.00560	0.01100	0.01657	0.02294	0.60881	0.07941	0.16185	0.01326	0.00725	0.00197	0.00295	0.01163	0.00653	0.00565
8	0.01228	0.03166	0.75316	0.01745	0.02649	0.01422	0.02262	0.01939	0.01292	0.01939	0.01099	0.01292	0.00775	0.00582	0.00582	0.00194	0.00905	0.00452	0.00258	0.00905
9	0.00922	0.00652	0.00821	0.00773	0.00926	0.00620	0.00581	0.01276	0.04957	0.02443	0.64311	0.04254	0.05205	0.01182	0.00690	0.00189	0.00297	0.01038	0.08268	0.00595
10	0.27038	0.01051	0.01201	0.00965	0.01386	0.01020	0.00794	0.02511	0.01502	0.47813	0.01909	0.01766	0.01259	0.00697	0.00530	0.00186	0.00490	0.00526	0.06464	0.00892
11	0.01240	0.03080	0.71230	0.01792	0.02681	0.01429	0.06260	0.01940	0.01301	0.01940	0.01106	0.01313	0.00784	0.00578	0.00590	0.00195	0.00912	0.00468	0.00261	0.00900
12	0.02555	0.01310	0.10742	0.01172	0.01700	0.00966	0.01071	0.02851	0.01694	0.65865	0.02249	0.01984	0.01422	0.00735	0.00611	0.00190	0.00569	0.00595	0.00695	0.01024
13	0.00740	0.00554	0.00688	0.00796	0.00873	0.00502	0.00543	0.00859	0.01227	0.01585	0.04065	0.60443	0.21248	0.01828	0.00767	0.00238	0.00344	0.01631	0.00568	0.00502
14	0.00856	0.00622	0.00806	0.00766	0.00910	0.00572	0.00572	0.01133	0.01699	0.02389	0.68950	0.07086	0.08766	0.01287	0.00724	0.00195	0.00292	0.01136	0.00666	0.00572
15	0.01535	0.01452	0.02583	0.12940	0.38869	0.01473	0.19597	0.05766	0.03372	0.04526	0.01260	0.01602	0.00985	0.00572	0.00637	0.00192	0.00800	0.00596	0.00341	0.00901
16	0.02724	0.01078	0.01443	0.01106	0.01581	0.00954	0.00914	0.06758	0.01813	0.71231	0.02364	0.02050	0.01490	0.00756	0.00615	0.00189	0.00529	0.00612	0.00750	0.01042
17	0.02235	0.01050	0.01323	0.01072	0.01467	0.01000	0.00864	0.07810	0.11809	0.47323	0.06319	0.06359	0.01904	0.00854	0.00620	0.00192	0.00491	0.00707	0.05652	0.00948
18	0.01589	0.02255	0.35399	0.01782	0.02483	0.01455	0.18330	0.12144	0.04881	0.08950	0.01368	0.01519	0.00971	0.00611	0.00620	0.00192	0.00832	0.00553	0.00387	0.03679

[dist]
# distance from previous block
# <min> <max>
0	1

# created by:
# /home/cegg/simao/soft/augustus-3.2.1/scripts/msa2prfl.pl ./align_prep/EOG090W0J8V.fa
