[name]
unknown

[dist]
# distance from previous block
# <min> <max>
0	30

[block]
# block no. 0 follows, 29 sequences, length 17
# corresponding to MSA columns:
# 48-64
name=unknown_A
#
# <colnr> <probs for GDERKNQSTAVLIFYWHMCP>
#	G	D	E	R	K	N	Q	S	T	A	V	L	I	F	Y	W	H	M	C	P
0	0.01614	0.36178	0.32439	0.01577	0.02326	0.02092	0.01817	0.02111	0.01493	0.01976	0.01428	0.02077	0.01269	0.00792	0.00611	0.00204	0.00874	0.07837	0.00343	0.00944
1	0.08561	0.10712	0.02366	0.01817	0.04019	0.32093	0.11014	0.05977	0.08158	0.02257	0.01405	0.01592	0.01119	0.00725	0.00639	0.00198	0.00994	0.00558	0.04898	0.00898
2	0.04316	0.01673	0.11672	0.01433	0.01808	0.04672	0.01271	0.04860	0.22883	0.02556	0.12356	0.11638	0.02830	0.01211	0.00901	0.00250	0.07090	0.05086	0.00595	0.00899
3	0.01175	0.00630	0.00900	0.00907	0.00936	0.00615	0.00612	0.00941	0.01026	0.01341	0.02037	0.06025	0.09203	0.02387	0.02477	0.66705	0.00580	0.00783	0.00365	0.00355
4	0.01158	0.00855	0.01047	0.01040	0.01230	0.00832	0.00796	0.08780	0.01880	0.02520	0.25759	0.23743	0.14770	0.01719	0.00865	0.00258	0.00457	0.10889	0.00706	0.00695
5	0.01264	0.11742	0.01350	0.00998	0.01258	0.01057	0.00774	0.01605	0.07681	0.07026	0.04398	0.29737	0.25196	0.01639	0.00790	0.00244	0.00475	0.01405	0.00631	0.00731
6	0.01599	0.24999	0.43432	0.01896	0.02778	0.02019	0.09596	0.02221	0.01506	0.02084	0.01210	0.01442	0.00926	0.00648	0.00629	0.00205	0.00982	0.00518	0.00309	0.01000
7	0.00868	0.00620	0.00826	0.00991	0.01033	0.00578	0.00661	0.00991	0.01363	0.01818	0.03925	0.74510	0.04710	0.02231	0.00909	0.00289	0.00413	0.02024	0.00661	0.00578
8	0.01428	0.03683	0.71286	0.02030	0.03082	0.01654	0.02631	0.02255	0.01503	0.02255	0.01278	0.01503	0.00902	0.00677	0.00677	0.00226	0.01052	0.00526	0.00301	0.01052
9	0.02714	0.01803	0.01852	0.01494	0.02002	0.10523	0.01204	0.24948	0.14315	0.28180	0.02244	0.02084	0.01545	0.00869	0.00707	0.00217	0.00743	0.00674	0.00733	0.01148
10	0.03123	0.01327	0.01724	0.01321	0.01875	0.01217	0.01092	0.12953	0.02230	0.61273	0.02648	0.02319	0.01682	0.00877	0.00716	0.00219	0.00632	0.00705	0.00857	0.01212
11	0.00888	0.00636	0.00845	0.00977	0.01037	0.00592	0.00663	0.01043	0.01459	0.01970	0.13634	0.64368	0.05004	0.02117	0.00899	0.00280	0.00402	0.01916	0.00679	0.00592
12	0.00943	0.00740	0.01139	0.01178	0.01282	0.00692	0.06893	0.01111	0.01393	0.01861	0.03695	0.67787	0.04373	0.02080	0.00903	0.00285	0.00486	0.01915	0.00633	0.00614
13	0.01686	0.48334	0.18552	0.01415	0.02058	0.02263	0.01526	0.02064	0.01488	0.01873	0.01462	0.02233	0.01378	0.00823	0.00584	0.00195	0.00811	0.09994	0.00355	0.00907
14	0.07170	0.27660	0.16029	0.01513	0.02123	0.14440	0.01475	0.04439	0.10945	0.05838	0.01445	0.01531	0.01129	0.00718	0.00589	0.00194	0.00862	0.00507	0.00424	0.00969
15	0.01429	0.12131	0.12237	0.01038	0.01425	0.01170	0.03052	0.01831	0.01510	0.02444	0.04079	0.02315	0.01679	0.00786	0.00541	0.00177	0.00534	0.00626	0.50226	0.00770
16	0.02472	0.01711	0.01758	0.01459	0.01930	0.09332	0.01163	0.17048	0.25578	0.23715	0.04548	0.02320	0.01853	0.00907	0.00714	0.00222	0.00695	0.00721	0.00732	0.01123

[dist]
# distance from previous block
# <min> <max>
0	2

[block]
# block no. 1 follows, 29 sequences, length 11
# corresponding to MSA columns:
# 67-77
name=unknown_B
#
# <colnr> <probs for GDERKNQSTAVLIFYWHMCP>
#	G	D	E	R	K	N	Q	S	T	A	V	L	I	F	Y	W	H	M	C	P
0	0.02070	0.01054	0.01371	0.01093	0.01527	0.00895	0.00873	0.02375	0.01912	0.32789	0.25981	0.03235	0.03343	0.01007	0.00720	0.00197	0.00495	0.00854	0.00751	0.17457
1	0.02259	0.10124	0.02101	0.01537	0.01984	0.16908	0.05558	0.18527	0.07382	0.11143	0.01962	0.08794	0.01626	0.00927	0.00683	0.00209	0.00812	0.00742	0.05746	0.00975
2	0.01839	0.49909	0.22037	0.01474	0.02201	0.02451	0.01615	0.07494	0.01616	0.02060	0.01127	0.01287	0.00935	0.00647	0.00537	0.00177	0.00843	0.00441	0.00336	0.00976
3	0.00864	0.00722	0.00752	0.00745	0.00975	0.00611	0.00559	0.01065	0.01676	0.02048	0.15638	0.06648	0.61742	0.01757	0.00841	0.00238	0.00357	0.01474	0.00678	0.00611
4	0.01381	0.01348	0.01302	0.01273	0.01442	0.17105	0.00962	0.01597	0.01356	0.01674	0.01897	0.08162	0.01850	0.07250	0.47099	0.00837	0.01592	0.00805	0.00402	0.00665
5	0.05987	0.01230	0.01496	0.06855	0.01872	0.01262	0.01040	0.10908	0.11560	0.27008	0.06933	0.07239	0.02169	0.00987	0.00698	0.00222	0.00583	0.00814	0.10136	0.01002
6	0.00844	0.00712	0.00731	0.00747	0.00969	0.00599	0.00553	0.01019	0.01598	0.01913	0.06897	0.13360	0.63941	0.01844	0.00848	0.00245	0.00366	0.01553	0.00661	0.00599
7	0.01540	0.00969	0.00998	0.00922	0.01174	0.01041	0.00710	0.07510	0.17099	0.02877	0.02405	0.02579	0.01855	0.00863	0.00567	0.00187	0.00421	0.00694	0.54777	0.00814
8	0.01742	0.01881	0.06811	0.06049	0.49164	0.04218	0.12734	0.02200	0.01614	0.02257	0.01328	0.01754	0.01088	0.00658	0.00779	0.00220	0.03435	0.00655	0.00349	0.01063
9	0.80005	0.01377	0.01047	0.00936	0.01377	0.01597	0.00771	0.02093	0.01212	0.03195	0.00991	0.01157	0.00771	0.00661	0.00441	0.00220	0.00551	0.00386	0.00441	0.00771
10	0.01749	0.01730	0.03107	0.04145	0.59503	0.01710	0.13042	0.02201	0.01631	0.02319	0.01356	0.01789	0.01120	0.00629	0.00727	0.00216	0.00904	0.00668	0.00354	0.01100

[dist]
# distance from previous block
# <min> <max>
0	1

[block]
# block no. 2 follows, 29 sequences, length 19
# corresponding to MSA columns:
# 79-97
name=unknown_C
#
# <colnr> <probs for GDERKNQSTAVLIFYWHMCP>
#	G	D	E	R	K	N	Q	S	T	A	V	L	I	F	Y	W	H	M	C	P
0	0.02046	0.01410	0.01800	0.04251	0.07346	0.01332	0.02913	0.07490	0.15221	0.18506	0.01990	0.01997	0.01455	0.00738	0.00653	0.00184	0.00630	0.00618	0.00599	0.28821
1	0.00924	0.00694	0.00827	0.00863	0.00998	0.00630	0.00610	0.01109	0.01576	0.02064	0.21244	0.24636	0.26095	0.11114	0.01216	0.00309	0.00419	0.03417	0.00662	0.00593
2	0.01591	0.01471	0.01529	0.01130	0.01737	0.07813	0.00895	0.01894	0.01529	0.02265	0.01250	0.01458	0.01041	0.00547	0.00538	0.00113	0.00600	0.00425	0.00417	0.71756
3	0.04032	0.26151	0.31996	0.01564	0.02344	0.01907	0.01764	0.02427	0.03423	0.12962	0.01463	0.01553	0.01079	0.00689	0.00601	0.00197	0.00841	0.00509	0.00414	0.04086
4	0.02422	0.02282	0.01761	0.01538	0.01866	0.36362	0.01168	0.06565	0.01871	0.15937	0.01658	0.02113	0.01381	0.12899	0.01278	0.00285	0.06626	0.00629	0.00499	0.00860
5	0.00868	0.00620	0.00826	0.00991	0.01033	0.00578	0.00661	0.00991	0.01363	0.01818	0.03925	0.74510	0.04710	0.02231	0.00909	0.00289	0.00413	0.02024	0.00661	0.00578
6	0.01364	0.01285	0.02170	0.70105	0.07914	0.01587	0.01987	0.01836	0.01433	0.01843	0.01269	0.01892	0.00957	0.00708	0.00712	0.00236	0.00944	0.00633	0.00318	0.00806
7	0.01964	0.01330	0.01596	0.01198	0.01761	0.01154	0.00968	0.10096	0.01800	0.16868	0.01724	0.04322	0.01348	0.00729	0.00671	0.00157	0.03348	0.00575	0.00557	0.47835
8	0.01722	0.56256	0.14691	0.01306	0.01953	0.02410	0.01388	0.02046	0.01473	0.01796	0.01638	0.01753	0.07599	0.00736	0.00531	0.00173	0.00771	0.00513	0.00338	0.00907
9	0.01193	0.00761	0.00992	0.00935	0.01128	0.00693	0.00700	0.01489	0.01916	0.09254	0.52232	0.13885	0.09047	0.01515	0.00837	0.00233	0.00373	0.01336	0.00772	0.00709
10	0.01237	0.00618	0.00928	0.00928	0.00928	0.00618	0.00618	0.00928	0.00928	0.01237	0.01237	0.02165	0.01237	0.02474	0.02783	0.79283	0.00618	0.00618	0.00309	0.00309
11	0.01452	0.01554	0.03251	0.02435	0.02964	0.01456	0.48997	0.01918	0.01591	0.02150	0.02140	0.22364	0.02103	0.01059	0.00860	0.00254	0.00979	0.01174	0.00445	0.00853
12	0.01748	0.00962	0.01291	0.01304	0.07964	0.00870	0.00899	0.02036	0.01851	0.23845	0.23808	0.07038	0.15774	0.01251	0.00769	0.00223	0.00477	0.01074	0.05948	0.00867
13	0.01327	0.00664	0.00664	0.00664	0.00830	0.00664	0.00498	0.01659	0.01493	0.02655	0.02323	0.02655	0.01825	0.00830	0.00498	0.00166	0.00332	0.00664	0.78928	0.00664
14	0.00868	0.00620	0.00826	0.00991	0.01033	0.00578	0.00661	0.00991	0.01363	0.01818	0.03925	0.74510	0.04710	0.02231	0.00909	0.00289	0.00413	0.02024	0.00661	0.00578
15	0.07428	0.46903	0.02789	0.01211	0.01685	0.10336	0.01096	0.02042	0.01543	0.01931	0.09849	0.01870	0.01729	0.03367	0.03431	0.00226	0.00795	0.00542	0.00390	0.00836
16	0.01249	0.00974	0.01050	0.00968	0.01176	0.05517	0.00733	0.05486	0.02017	0.02811	0.50553	0.04599	0.08495	0.01316	0.00779	0.00215	0.00427	0.01132	0.09794	0.00710
17	0.09221	0.01681	0.02163	0.28456	0.03239	0.10562	0.11565	0.02435	0.16025	0.02264	0.01820	0.02103	0.03841	0.00789	0.00704	0.00230	0.00887	0.00688	0.00442	0.00884
18	0.01821	0.34630	0.10302	0.08793	0.11013	0.07877	0.01622	0.03854	0.01525	0.01917	0.01112	0.01409	0.00954	0.00723	0.00786	0.00199	0.09712	0.00495	0.00328	0.00928

[dist]
# distance from previous block
# <min> <max>
3	4

[block]
# block no. 3 follows, 29 sequences, length 95
# corresponding to MSA columns:
# 102-153,156-198
name=unknown_D
#
# <colnr> <probs for GDERKNQSTAVLIFYWHMCP>
#	G	D	E	R	K	N	Q	S	T	A	V	L	I	F	Y	W	H	M	C	P
0	0.01052	0.00789	0.01045	0.01143	0.01225	0.00818	0.00843	0.04182	0.01478	0.01983	0.03565	0.54440	0.04155	0.02048	0.01024	0.00294	0.06178	0.12469	0.00635	0.00636
1	0.01934	0.11202	0.01774	0.04494	0.01777	0.01493	0.01048	0.21584	0.02126	0.12787	0.03123	0.12882	0.14126	0.01213	0.00731	0.00225	0.00619	0.03103	0.02836	0.00923
2	0.01317	0.01262	0.02086	0.01738	0.01974	0.01382	0.16881	0.01578	0.01365	0.01935	0.02224	0.29541	0.02422	0.01414	0.01295	0.00270	0.22790	0.01195	0.00465	0.06865
3	0.01022	0.00685	0.00780	0.00793	0.00797	0.00682	0.00449	0.01032	0.01061	0.01415	0.02375	0.10102	0.02754	0.69308	0.03413	0.00659	0.00669	0.01113	0.00449	0.00443
4	0.02458	0.22835	0.02492	0.01652	0.02100	0.47856	0.01331	0.07739	0.01966	0.01938	0.01118	0.01279	0.00939	0.00709	0.00597	0.00177	0.01103	0.00452	0.00377	0.00880
5	0.01428	0.03683	0.71286	0.02030	0.03082	0.01654	0.02631	0.02255	0.01503	0.02255	0.01278	0.01503	0.00902	0.00677	0.00677	0.00226	0.01052	0.00526	0.00301	0.01052
6	0.00909	0.00724	0.00815	0.00792	0.01003	0.00630	0.00594	0.01152	0.01782	0.02301	0.32710	0.06232	0.44512	0.01663	0.00841	0.00234	0.00351	0.01416	0.00711	0.00630
7	0.01028	0.00719	0.00920	0.00920	0.00970	0.00768	0.00611	0.01128	0.01078	0.01487	0.02112	0.03931	0.02273	0.47744	0.30423	0.00868	0.01166	0.00929	0.00412	0.00511
8	0.01904	0.75404	0.03731	0.01218	0.01828	0.02818	0.01218	0.02132	0.01447	0.01675	0.00990	0.01142	0.00914	0.00609	0.00457	0.00152	0.00761	0.00381	0.00305	0.00914
9	0.00868	0.00620	0.00826	0.00991	0.01033	0.00578	0.00661	0.00991	0.01363	0.01818	0.03925	0.74510	0.04710	0.02231	0.00909	0.00289	0.00413	0.02024	0.00661	0.00578
10	0.01523	0.01387	0.04744	0.01195	0.01813	0.01046	0.03597	0.01961	0.05007	0.04309	0.04785	0.01771	0.01404	0.00615	0.00577	0.00132	0.00573	0.00514	0.00460	0.62587
11	0.01832	0.02705	0.22272	0.01684	0.04097	0.29970	0.01519	0.02165	0.01590	0.01815	0.01467	0.02269	0.01367	0.20622	0.01454	0.00333	0.01043	0.00639	0.00364	0.00796
12	0.01681	0.01921	0.04202	0.03001	0.03721	0.01801	0.67947	0.02281	0.01681	0.02281	0.01441	0.01921	0.01080	0.00600	0.00840	0.00240	0.01200	0.00840	0.00360	0.00960
13	0.02520	0.02530	0.02118	0.02154	0.13923	0.37290	0.01459	0.12289	0.06228	0.10420	0.01539	0.01645	0.01171	0.00765	0.00677	0.00200	0.01013	0.00566	0.00496	0.00997
14	0.01314	0.04731	0.08376	0.01835	0.10226	0.01248	0.13000	0.01832	0.07130	0.02308	0.16040	0.11790	0.14782	0.01205	0.00790	0.00234	0.00668	0.01102	0.00550	0.00838
15	0.00868	0.00639	0.00813	0.00945	0.01022	0.00585	0.00642	0.01007	0.01425	0.01866	0.06453	0.61589	0.15261	0.02139	0.00896	0.00279	0.00402	0.01919	0.00665	0.00585
16	0.01345	0.01266	0.02136	0.73264	0.04904	0.01582	0.01978	0.01819	0.01424	0.01819	0.01266	0.01898	0.00949	0.00712	0.00712	0.00237	0.00949	0.00633	0.00316	0.00791
17	0.01661	0.18732	0.36293	0.04243	0.02942	0.03801	0.15640	0.04713	0.01608	0.02192	0.01260	0.01525	0.00955	0.00656	0.00664	0.00211	0.01012	0.00565	0.00331	0.00995
18	0.01904	0.75404	0.03731	0.01218	0.01828	0.02818	0.01218	0.02132	0.01447	0.01675	0.00990	0.01142	0.00914	0.00609	0.00457	0.00152	0.00761	0.00381	0.00305	0.00914
19	0.01284	0.00672	0.00703	0.00696	0.00862	0.00665	0.00522	0.01616	0.01565	0.02682	0.11626	0.03020	0.02496	0.00915	0.00545	0.00174	0.00332	0.00749	0.68211	0.00665
20	0.01719	0.01900	0.05968	0.04860	0.12498	0.03937	0.40626	0.04932	0.06163	0.02394	0.04219	0.02026	0.01367	0.00704	0.00842	0.00235	0.03435	0.00783	0.00409	0.00981
21	0.01924	0.02208	0.05408	0.08475	0.14251	0.20574	0.23278	0.04534	0.03666	0.02196	0.01455	0.03670	0.01181	0.00723	0.00732	0.00218	0.01058	0.00693	0.02822	0.00935
22	0.01023	0.00733	0.00906	0.00928	0.00963	0.00763	0.00608	0.01102	0.01178	0.01592	0.04587	0.19554	0.04850	0.43777	0.08104	0.00584	0.04615	0.03126	0.00493	0.00515
23	0.00996	0.00724	0.00938	0.00891	0.01058	0.00666	0.00666	0.01319	0.01979	0.02783	0.65350	0.07422	0.09548	0.01494	0.00842	0.00227	0.00339	0.01319	0.00775	0.00666
24	0.04479	0.14982	0.15627	0.01796	0.05825	0.05493	0.07240	0.13867	0.01982	0.19462	0.01678	0.01730	0.01193	0.00740	0.00661	0.00208	0.00846	0.00592	0.00530	0.01071
25	0.01685	0.01623	0.02545	0.21847	0.44773	0.04012	0.02005	0.02264	0.07980	0.02237	0.01460	0.01866	0.01174	0.00689	0.00707	0.00220	0.00861	0.00644	0.00379	0.01031
26	0.00889	0.00645	0.00844	0.00995	0.01063	0.00600	0.00691	0.01034	0.01408	0.01853	0.04188	0.63334	0.10160	0.02173	0.00909	0.00288	0.00429	0.07249	0.00661	0.00587
27	0.73303	0.07730	0.01277	0.00961	0.01416	0.01702	0.00810	0.02096	0.01232	0.03064	0.00991	0.01155	0.00783	0.00657	0.00442	0.00214	0.00569	0.00385	0.00429	0.00783
28	0.02660	0.03394	0.02018	0.01834	0.02201	0.72116	0.01376	0.02843	0.02018	0.01743	0.01101	0.01284	0.00917	0.00734	0.00642	0.00183	0.01284	0.00459	0.00367	0.00825
29	0.01744	0.51342	0.26396	0.01491	0.02248	0.02427	0.01692	0.02173	0.01466	0.01870	0.01087	0.01263	0.00910	0.00632	0.00531	0.00177	0.00859	0.00430	0.00303	0.00960
30	0.01706	0.45640	0.31766	0.01555	0.02348	0.02335	0.01805	0.02183	0.01470	0.01916	0.01109	0.01292	0.00909	0.00637	0.00548	0.00183	0.00882	0.00441	0.00303	0.00971
31	0.01453	0.13147	0.55455	0.01812	0.02721	0.01719	0.02254	0.02152	0.01544	0.02233	0.07754	0.01815	0.01454	0.00741	0.00662	0.00215	0.00945	0.00578	0.00347	0.00998
32	0.01863	0.69249	0.09529	0.01288	0.01935	0.02718	0.01340	0.02143	0.01452	0.01725	0.01015	0.01173	0.00913	0.00615	0.00476	0.00159	0.00786	0.00393	0.00304	0.00926
33	0.01717	0.01646	0.02808	0.11850	0.63408	0.01680	0.02163	0.02146	0.01600	0.02271	0.01331	0.01777	0.01109	0.00643	0.00706	0.00214	0.00857	0.00634	0.00349	0.01091
34	0.00954	0.00698	0.00896	0.00905	0.01046	0.00640	0.00657	0.01218	0.01802	0.02486	0.46243	0.24227	0.12183	0.01699	0.00859	0.00243	0.00359	0.01508	0.00739	0.00640
35	0.02758	0.01912	0.02086	0.01599	0.02167	0.02086	0.01321	0.61374	0.03211	0.11466	0.01825	0.01784	0.01269	0.00858	0.00713	0.00214	0.00765	0.00649	0.00730	0.01211
36	0.01001	0.00728	0.00943	0.00889	0.01060	0.00669	0.00667	0.01331	0.02000	0.02818	0.67656	0.05380	0.09244	0.01470	0.00840	0.00225	0.00337	0.01296	0.00779	0.00669
37	0.00983	0.00739	0.00919	0.00935	0.01098	0.00689	0.00698	0.01303	0.04182	0.02397	0.35977	0.20794	0.18202	0.01714	0.00862	0.00250	0.00391	0.06494	0.00721	0.00653
38	0.02686	0.01894	0.02051	0.01578	0.02131	0.02076	0.01302	0.61523	0.03194	0.08673	0.01803	0.01791	0.01269	0.00856	0.00705	0.00212	0.00755	0.00647	0.03663	0.01190
39	0.01904	0.75404	0.03731	0.01218	0.01828	0.02818	0.01218	0.02132	0.01447	0.01675	0.00990	0.01142	0.00914	0.00609	0.00457	0.00152	0.00761	0.00381	0.00305	0.00914
40	0.00864	0.00634	0.00812	0.00954	0.01023	0.00581	0.00645	0.00996	0.01399	0.01832	0.04376	0.65231	0.13698	0.02172	0.00900	0.00283	0.00406	0.01953	0.00661	0.00581
41	0.01428	0.03683	0.71286	0.02030	0.03082	0.01654	0.02631	0.02255	0.01503	0.02255	0.01278	0.01503	0.00902	0.00677	0.00677	0.00226	0.01052	0.00526	0.00301	0.01052
42	0.02634	0.01958	0.02096	0.01624	0.02180	0.02174	0.01336	0.63143	0.08482	0.04370	0.01802	0.01783	0.01286	0.00863	0.00713	0.00216	0.00766	0.00654	0.00713	0.01204
43	0.00843	0.00716	0.00727	0.00735	0.00965	0.00600	0.00547	0.01020	0.01610	0.01918	0.07052	0.10177	0.67025	0.01824	0.00845	0.00243	0.00363	0.01528	0.00661	0.00600
44	0.00896	0.00663	0.00843	0.00971	0.01067	0.00610	0.00690	0.01057	0.01459	0.01898	0.06254	0.52867	0.17154	0.02102	0.00902	0.00282	0.00427	0.08603	0.00664	0.00593
45	0.01771	0.01530	0.01610	0.01449	0.01852	0.01771	0.01127	0.03784	0.69247	0.02979	0.02898	0.02657	0.02174	0.00966	0.00725	0.00242	0.00564	0.00805	0.00725	0.01127
46	0.01092	0.00759	0.00860	0.00848	0.00886	0.00785	0.00509	0.01262	0.06356	0.01519	0.02277	0.04408	0.02515	0.65634	0.06916	0.00679	0.00743	0.01004	0.00452	0.00496
47	0.01017	0.00763	0.01144	0.01144	0.01272	0.00890	0.00890	0.01272	0.01144	0.01653	0.01907	0.02797	0.01780	0.05340	0.72153	0.01144	0.01907	0.00763	0.00381	0.00636
48	0.01396	0.00776	0.00851	0.06368	0.01215	0.00811	0.00655	0.04939	0.01579	0.02680	0.02210	0.02549	0.01727	0.00822	0.00525	0.00174	0.00402	0.00660	0.68961	0.00700
49	0.01762	0.01692	0.02890	0.04371	0.70533	0.01692	0.02185	0.02185	0.01621	0.02326	0.01339	0.01762	0.01128	0.00634	0.00705	0.00211	0.00846	0.00634	0.00352	0.01128
50	0.02403	0.02322	0.01971	0.01650	0.02064	0.26264	0.01309	0.31722	0.04906	0.03021	0.01897	0.01983	0.06496	0.00928	0.00852	0.00216	0.07810	0.00649	0.00551	0.00986
51	0.01592	0.01450	0.02328	0.48297	0.21331	0.01675	0.01966	0.08794	0.01674	0.02225	0.01330	0.01844	0.01022	0.00707	0.00710	0.00228	0.00906	0.00634	0.00367	0.00920
52	0.15066	0.02709	0.01806	0.01597	0.01995	0.46268	0.01228	0.12585	0.02062	0.02443	0.01242	0.01402	0.00987	0.00746	0.00612	0.00193	0.01038	0.00486	0.04669	0.00867
53	0.01117	0.00934	0.01337	0.01719	0.16040	0.00919	0.01037	0.01337	0.01493	0.01988	0.05824	0.32450	0.17230	0.03643	0.00991	0.00275	0.03807	0.06566	0.00576	0.00715
54	0.01781	0.01744	0.04623	0.04281	0.16605	0.05209	0.17800	0.12955	0.05794	0.02688	0.08612	0.05899	0.01914	0.00848	0.00749	0.00219	0.00843	0.00807	0.00497	0.06131
55	0.01017	0.00763	0.01144	0.01144	0.01272	0.00890	0.00890	0.01272	0.01144	0.01653	0.01907	0.02797	0.01780	0.05340	0.72153	0.01144	0.01907	0.00763	0.00381	0.00636
56	0.01645	0.09810	0.44912	0.01902	0.06413	0.01695	0.02095	0.08280	0.01736	0.05526	0.06053	0.01948	0.03359	0.00777	0.00678	0.00217	0.00902	0.00616	0.00410	0.01027
57	0.01875	0.01552	0.02071	0.18148	0.16099	0.01657	0.01522	0.24171	0.04147	0.02967	0.05257	0.02158	0.04254	0.00813	0.00701	0.00208	0.00756	0.00685	0.00519	0.10440
58	0.27760	0.12646	0.03954	0.01462	0.01907	0.37523	0.01193	0.02484	0.01661	0.02222	0.01055	0.01229	0.00869	0.00691	0.00552	0.00192	0.00966	0.00426	0.00380	0.00827
59	0.02660	0.03394	0.02018	0.01834	0.02201	0.72116	0.01376	0.02843	0.02018	0.01743	0.01101	0.01284	0.00917	0.00734	0.00642	0.00183	0.01284	0.00459	0.00367	0.00825
60	0.80005	0.01377	0.01047	0.00936	0.01377	0.01597	0.00771	0.02093	0.01212	0.03195	0.00991	0.01157	0.00771	0.00661	0.00441	0.00220	0.00551	0.00386	0.00441	0.00771
61	0.01229	0.00621	0.00922	0.00922	0.00922	0.00621	0.00611	0.00932	0.00932	0.01243	0.01277	0.02263	0.01290	0.05348	0.02816	0.76167	0.00621	0.00635	0.00314	0.00314
62	0.00861	0.00691	0.00769	0.00816	0.00991	0.00599	0.00587	0.01035	0.01570	0.01955	0.10523	0.27512	0.45773	0.01911	0.00862	0.00254	0.00375	0.01648	0.00670	0.00599
63	0.01472	0.10216	0.65133	0.01956	0.02968	0.01760	0.02502	0.02244	0.01498	0.02202	0.01252	0.01470	0.00903	0.00670	0.00657	0.00219	0.01026	0.00513	0.00301	0.01040
64	0.00951	0.00733	0.00879	0.00968	0.01094	0.00699	0.00677	0.01273	0.07865	0.01983	0.06558	0.49697	0.20003	0.01987	0.00874	0.00271	0.00413	0.01764	0.00671	0.00638
65	0.00878	0.00627	0.00838	0.01004	0.01049	0.00587	0.00679	0.01010	0.01374	0.01830	0.03919	0.72012	0.04687	0.02221	0.00912	0.00291	0.00422	0.04419	0.00661	0.00581
66	0.18020	0.00832	0.00944	0.01016	0.01175	0.00855	0.00744	0.01377	0.01357	0.04602	0.03081	0.43780	0.03483	0.05211	0.03847	0.00329	0.00546	0.07556	0.00599	0.00646
67	0.01477	0.01266	0.01477	0.01055	0.01687	0.00949	0.00844	0.01793	0.01477	0.02320	0.01266	0.01477	0.01055	0.00527	0.00527	0.00105	0.00527	0.00422	0.00422	0.79328
68	0.00863	0.00636	0.00809	0.00948	0.01021	0.00582	0.00642	0.00996	0.01405	0.01835	0.04452	0.63671	0.15209	0.02162	0.00898	0.00281	0.00405	0.01941	0.00661	0.00582
69	0.00880	0.00651	0.00803	0.00912	0.00997	0.00595	0.00616	0.01012	0.01412	0.01834	0.06373	0.51884	0.19027	0.08130	0.01117	0.00310	0.00422	0.01807	0.00646	0.00574
70	0.02785	0.01528	0.01807	0.01422	0.01954	0.01560	0.01163	0.25083	0.14154	0.37027	0.02458	0.02226	0.01650	0.00887	0.00716	0.00222	0.00658	0.00707	0.00798	0.01197
71	0.00868	0.00620	0.00826	0.00991	0.01033	0.00578	0.00661	0.00991	0.01363	0.01818	0.03925	0.74510	0.04710	0.02231	0.00909	0.00289	0.00413	0.02024	0.00661	0.00578
72	0.01762	0.01692	0.02890	0.04371	0.70533	0.01692	0.02185	0.02185	0.01621	0.02326	0.01339	0.01762	0.01128	0.00634	0.00705	0.00211	0.00846	0.00634	0.00352	0.01128
73	0.01088	0.00782	0.01072	0.01276	0.06517	0.00748	0.00817	0.03608	0.01545	0.04122	0.10774	0.56603	0.04435	0.01933	0.00873	0.00271	0.00458	0.01748	0.00659	0.00673
74	0.01655	0.01630	0.01716	0.01509	0.06851	0.12954	0.03683	0.02035	0.04913	0.02208	0.01724	0.06413	0.03927	0.00751	0.00618	0.00155	0.00692	0.00622	0.00444	0.45500
75	0.01371	0.01317	0.02297	0.67789	0.04812	0.01599	0.07117	0.01855	0.01444	0.01855	0.01279	0.01900	0.00959	0.00703	0.00722	0.00238	0.00969	0.00649	0.00320	0.00804
76	0.10078	0.01958	0.01947	0.01548	0.02073	0.07492	0.01261	0.47136	0.09201	0.07596	0.01765	0.01751	0.01267	0.00839	0.00682	0.00215	0.00770	0.00622	0.00670	0.01131
77	0.04704	0.36446	0.10074	0.01347	0.01949	0.02089	0.01302	0.02719	0.13354	0.16937	0.01744	0.01720	0.01309	0.00739	0.00582	0.00193	0.00718	0.00542	0.00506	0.01025
78	0.01771	0.01530	0.01610	0.01449	0.01852	0.01771	0.01127	0.03784	0.69247	0.02979	0.02898	0.02657	0.02174	0.00966	0.00725	0.00242	0.00564	0.00805	0.00725	0.01127
79	0.01019	0.00757	0.01114	0.01114	0.01231	0.00874	0.00852	0.01252	0.01135	0.01630	0.01935	0.02951	0.01847	0.11098	0.66487	0.01107	0.01807	0.00785	0.00386	0.00619
80	0.02664	0.03285	0.02027	0.01819	0.02202	0.66670	0.01374	0.07932	0.02122	0.01957	0.01148	0.01317	0.00940	0.00743	0.00648	0.00186	0.01245	0.00473	0.00394	0.00856
81	0.00865	0.00629	0.00816	0.00966	0.01026	0.00581	0.00650	0.00994	0.01388	0.01828	0.04236	0.68111	0.10908	0.02190	0.00903	0.00285	0.00408	0.01975	0.00661	0.00581
82	0.01036	0.00690	0.00777	0.00777	0.00777	0.00690	0.00431	0.01036	0.01036	0.01381	0.02244	0.04660	0.02589	0.74975	0.03624	0.00690	0.00690	0.01036	0.00431	0.00431
83	0.01566	0.03491	0.65861	0.01970	0.02983	0.01606	0.02507	0.02350	0.01545	0.07613	0.01397	0.01575	0.00969	0.00692	0.00680	0.00225	0.01018	0.00541	0.00346	0.01065
84	0.02898	0.01379	0.01878	0.01741	0.11289	0.01293	0.01241	0.10856	0.04165	0.51779	0.02482	0.02257	0.01624	0.00847	0.00714	0.00219	0.00658	0.00699	0.00784	0.01198
85	0.00858	0.00711	0.00752	0.00765	0.00978	0.00604	0.00565	0.01045	0.01626	0.01987	0.11933	0.14227	0.57850	0.01823	0.00849	0.00245	0.00364	0.01543	0.00671	0.00604
86	0.01242	0.01151	0.01828	0.54292	0.03910	0.01386	0.01647	0.01636	0.01442	0.01833	0.02408	0.06462	0.13016	0.00998	0.00809	0.00243	0.03704	0.00853	0.00393	0.00747
87	0.01895	0.57156	0.03461	0.01619	0.07835	0.04891	0.04725	0.02297	0.06775	0.01866	0.01195	0.01358	0.01039	0.00643	0.00525	0.00170	0.00793	0.00462	0.00346	0.00948
88	0.01432	0.01118	0.01234	0.01171	0.01449	0.01203	0.00881	0.02523	0.35185	0.05224	0.07233	0.18865	0.12223	0.03282	0.00853	0.00259	0.00489	0.01186	0.03304	0.00883
89	0.01018	0.00760	0.01130	0.01130	0.01252	0.00882	0.00872	0.01262	0.01140	0.01642	0.01921	0.02871	0.01812	0.08108	0.69429	0.01126	0.01859	0.00774	0.00383	0.00628
90	0.00862	0.00722	0.00749	0.00743	0.00974	0.00610	0.00557	0.01061	0.01671	0.02037	0.14848	0.06667	0.62540	0.01761	0.00841	0.00238	0.00358	0.01477	0.00676	0.00610
91	0.01540	0.01303	0.01510	0.01085	0.01714	0.01014	0.00870	0.05200	0.01573	0.02432	0.01288	0.01489	0.01063	0.00544	0.00537	0.00111	0.00540	0.00433	0.00437	0.75318
92	0.01750	0.01846	0.02891	0.20865	0.30799	0.10336	0.16838	0.02197	0.01634	0.02118	0.01315	0.01773	0.01047	0.00658	0.00729	0.00221	0.01005	0.00659	0.00347	0.00969
93	0.54208	0.10740	0.01555	0.01090	0.01559	0.03835	0.00920	0.11686	0.01583	0.03133	0.01143	0.01289	0.00892	0.00690	0.00490	0.00208	0.00625	0.00433	0.03070	0.00851
94	0.01479	0.05244	0.10729	0.01014	0.01343	0.07679	0.00930	0.01857	0.01543	0.02434	0.03667	0.02358	0.01684	0.00953	0.02925	0.00209	0.00596	0.00629	0.51979	0.00745

[dist]
# distance from previous block
# <min> <max>
0	5

[block]
# block no. 4 follows, 29 sequences, length 85
# corresponding to MSA columns:
# 204-288
name=unknown_E
#
# <colnr> <probs for GDERKNQSTAVLIFYWHMCP>
#	G	D	E	R	K	N	Q	S	T	A	V	L	I	F	Y	W	H	M	C	P
0	0.02111	0.06824	0.01841	0.01543	0.01908	0.37206	0.01187	0.02841	0.21313	0.02228	0.09764	0.02310	0.04121	0.00910	0.00684	0.00205	0.00907	0.00682	0.00523	0.00893
1	0.01530	0.01034	0.01340	0.01128	0.01442	0.01001	0.00893	0.03905	0.01755	0.12406	0.28914	0.03315	0.03489	0.01609	0.09545	0.00318	0.07450	0.00875	0.00626	0.17426
2	0.01446	0.01018	0.01143	0.01020	0.01172	0.01081	0.00698	0.17595	0.01615	0.02170	0.02083	0.03773	0.02180	0.50746	0.08778	0.00612	0.00818	0.00915	0.00496	0.00641
3	0.01927	0.01660	0.02119	0.01776	0.01929	0.04648	0.01472	0.12066	0.01558	0.08633	0.01235	0.01652	0.01054	0.01133	0.01875	0.00283	0.53037	0.00629	0.00428	0.00887
4	0.00939	0.00715	0.00863	0.00847	0.01027	0.00639	0.00627	0.01203	0.01822	0.02446	0.42849	0.12501	0.27640	0.01646	0.00847	0.00236	0.00352	0.01430	0.00731	0.00639
5	0.00950	0.00655	0.00802	0.00885	0.00906	0.00634	0.00548	0.01013	0.01201	0.01602	0.03095	0.40030	0.03663	0.38140	0.02249	0.00487	0.00550	0.01536	0.00548	0.00506
6	0.01345	0.01266	0.02136	0.73264	0.04904	0.01582	0.01978	0.01819	0.01424	0.01819	0.01266	0.01898	0.00949	0.00712	0.00712	0.00237	0.00949	0.00633	0.00316	0.00791
7	0.00868	0.00620	0.00826	0.00991	0.01033	0.00578	0.00661	0.00991	0.01363	0.01818	0.03925	0.74510	0.04710	0.02231	0.00909	0.00289	0.00413	0.02024	0.00661	0.00578
8	0.00871	0.00632	0.00823	0.00967	0.01028	0.00584	0.00652	0.01007	0.01408	0.01864	0.06616	0.66654	0.09930	0.02169	0.00901	0.00283	0.00406	0.01956	0.00666	0.00584
9	0.00861	0.00643	0.00802	0.00928	0.01016	0.00584	0.00633	0.00999	0.01424	0.01842	0.04693	0.58694	0.20030	0.02131	0.00893	0.00278	0.00401	0.01902	0.00661	0.00584
10	0.01020	0.00864	0.01460	0.01369	0.01537	0.00808	0.13290	0.01234	0.01423	0.01905	0.03458	0.60886	0.04028	0.01925	0.00896	0.00280	0.00561	0.01802	0.00605	0.00650
11	0.01017	0.00763	0.01144	0.01144	0.01272	0.00890	0.00890	0.01272	0.01144	0.01653	0.01907	0.02797	0.01780	0.05340	0.72153	0.01144	0.01907	0.00763	0.00381	0.00636
12	0.01558	0.01558	0.02181	0.01869	0.01869	0.02181	0.01558	0.01714	0.01091	0.01714	0.00935	0.01558	0.00935	0.01246	0.02337	0.00312	0.73672	0.00623	0.00312	0.00779
13	0.01787	0.57732	0.20376	0.01418	0.02137	0.02531	0.01566	0.02162	0.01461	0.01818	0.01061	0.01231	0.00911	0.00626	0.00511	0.00170	0.00833	0.00417	0.00304	0.00948
14	0.01477	0.01266	0.01477	0.01055	0.01687	0.00949	0.00844	0.01793	0.01477	0.02320	0.01266	0.01477	0.01055	0.00527	0.00527	0.00105	0.00527	0.00422	0.00422	0.79328
15	0.01428	0.03683	0.71286	0.02030	0.03082	0.01654	0.02631	0.02255	0.01503	0.02255	0.01278	0.01503	0.00902	0.00677	0.00677	0.00226	0.01052	0.00526	0.00301	0.01052
16	0.00868	0.00620	0.00826	0.00991	0.01033	0.00578	0.00661	0.00991	0.01363	0.01818	0.03925	0.74510	0.04710	0.02231	0.00909	0.00289	0.00413	0.02024	0.00661	0.00578
17	0.01327	0.00664	0.00664	0.00664	0.00830	0.00664	0.00498	0.01659	0.01493	0.02655	0.02323	0.02655	0.01825	0.00830	0.00498	0.00166	0.00332	0.00664	0.78928	0.00664
18	0.02506	0.01785	0.01935	0.01534	0.02054	0.01965	0.01251	0.46883	0.16982	0.09811	0.02074	0.02001	0.01481	0.00880	0.00708	0.00218	0.00707	0.00683	0.03369	0.01175
19	0.01017	0.00711	0.00838	0.00853	0.00923	0.00688	0.00563	0.01126	0.01320	0.01753	0.13049	0.07633	0.10816	0.45891	0.02536	0.00520	0.00589	0.08119	0.00540	0.00514
20	0.00868	0.00620	0.00826	0.00991	0.01033	0.00578	0.00661	0.00991	0.01363	0.01818	0.03925	0.74510	0.04710	0.02231	0.00909	0.00289	0.00413	0.02024	0.00661	0.00578
21	0.01904	0.75404	0.03731	0.01218	0.01828	0.02818	0.01218	0.02132	0.01447	0.01675	0.00990	0.01142	0.00914	0.00609	0.00457	0.00152	0.00761	0.00381	0.00305	0.00914
22	0.01771	0.01530	0.01610	0.01449	0.01852	0.01771	0.01127	0.03784	0.69247	0.02979	0.02898	0.02657	0.02174	0.00966	0.00725	0.00242	0.00564	0.00805	0.00725	0.01127
23	0.01725	0.01604	0.02700	0.04053	0.64561	0.01604	0.02041	0.02140	0.01610	0.02354	0.01424	0.01839	0.01188	0.00651	0.00687	0.00208	0.00802	0.00637	0.07085	0.01088
24	0.01490	0.01414	0.02399	0.49250	0.27780	0.01620	0.02050	0.01947	0.01493	0.01996	0.01291	0.01851	0.01012	0.00685	0.00709	0.00228	0.00913	0.00633	0.00329	0.00908
25	0.00880	0.00723	0.00774	0.00761	0.00985	0.00617	0.00571	0.01096	0.01713	0.02138	0.21664	0.06501	0.55660	0.01724	0.00841	0.00237	0.00355	0.01453	0.00689	0.00617
26	0.02101	0.01694	0.01796	0.01516	0.01977	0.01925	0.01207	0.26488	0.46005	0.03511	0.02479	0.02323	0.01834	0.00927	0.00720	0.00232	0.00641	0.00747	0.00720	0.01157
27	0.01477	0.01266	0.01477	0.01055	0.01687	0.00949	0.00844	0.01793	0.01477	0.02320	0.01266	0.01477	0.01055	0.00527	0.00527	0.00105	0.00527	0.00422	0.00422	0.79328
28	0.01751	0.52311	0.25483	0.01480	0.02231	0.02443	0.01673	0.02172	0.01465	0.01862	0.01083	0.01259	0.00910	0.00631	0.00528	0.00176	0.00855	0.00428	0.00303	0.00958
29	0.01411	0.01280	0.02366	0.02037	0.06101	0.01228	0.27050	0.01866	0.04413	0.04284	0.02649	0.22185	0.02683	0.01313	0.00856	0.00264	0.00797	0.12989	0.03411	0.00817
30	0.01017	0.00763	0.01144	0.01144	0.01272	0.00890	0.00890	0.01272	0.01144	0.01653	0.01907	0.02797	0.01780	0.05340	0.72153	0.01144	0.01907	0.00763	0.00381	0.00636
31	0.02038	0.01320	0.01429	0.01204	0.01586	0.01423	0.00959	0.21535	0.18781	0.10726	0.02341	0.02358	0.01727	0.00876	0.00639	0.00204	0.00549	0.00698	0.28610	0.00995
32	0.01285	0.01101	0.01764	0.06436	0.18721	0.01108	0.05993	0.01652	0.03764	0.02087	0.02830	0.24663	0.03035	0.03522	0.00931	0.00283	0.00686	0.18812	0.00537	0.00789
33	0.21937	0.01649	0.01842	0.01462	0.01961	0.04807	0.08230	0.21586	0.08296	0.03259	0.07801	0.01963	0.01647	0.00800	0.00645	0.00208	0.00701	0.00638	0.00564	0.10003
34	0.01237	0.00618	0.00928	0.00928	0.00928	0.00618	0.00618	0.00928	0.00928	0.01237	0.01237	0.02165	0.01237	0.02474	0.02783	0.79283	0.00618	0.00618	0.00309	0.00309
35	0.01002	0.00696	0.00816	0.00839	0.00892	0.00675	0.00533	0.01084	0.01256	0.01665	0.09420	0.13177	0.09613	0.48537	0.02634	0.00537	0.00592	0.05007	0.00526	0.00500
36	0.01886	0.02125	0.03341	0.08112	0.05896	0.15410	0.41150	0.04534	0.06018	0.02257	0.01457	0.01829	0.01113	0.00667	0.00776	0.00227	0.01131	0.00734	0.00392	0.00946
37	0.02127	0.01637	0.01736	0.01446	0.01896	0.01841	0.01157	0.31341	0.33512	0.03595	0.02323	0.02248	0.01721	0.00903	0.00695	0.00221	0.00634	0.00719	0.09135	0.01113
38	0.00868	0.00620	0.00826	0.00991	0.01033	0.00578	0.00661	0.00991	0.01363	0.01818	0.03925	0.74510	0.04710	0.02231	0.00909	0.00289	0.00413	0.02024	0.00661	0.00578
39	0.01036	0.00690	0.00777	0.00777	0.00777	0.00690	0.00431	0.01036	0.01036	0.01381	0.02244	0.04660	0.02589	0.74975	0.03624	0.00690	0.00690	0.01036	0.00431	0.00431
40	0.03175	0.01243	0.01672	0.01282	0.01834	0.01094	0.01059	0.06088	0.02091	0.68333	0.02765	0.02395	0.01740	0.00880	0.00716	0.00220	0.00613	0.00713	0.00874	0.01212
41	0.30768	0.01604	0.01639	0.01305	0.01824	0.01740	0.01077	0.30484	0.02296	0.18195	0.01684	0.01662	0.01169	0.00790	0.00615	0.00218	0.00662	0.00565	0.00650	0.01052
42	0.01690	0.01413	0.01432	0.01276	0.01617	0.05698	0.00991	0.09842	0.35089	0.02975	0.17170	0.03176	0.05108	0.01059	0.00725	0.00224	0.00554	0.00879	0.08122	0.00960
43	0.01458	0.00790	0.00803	0.00756	0.00960	0.00810	0.00579	0.07960	0.01669	0.02828	0.02265	0.02565	0.01767	0.00832	0.00518	0.00170	0.00375	0.00662	0.71517	0.00716
44	0.02521	0.02204	0.02241	0.01774	0.02303	0.15156	0.07042	0.44200	0.09249	0.03643	0.01687	0.01739	0.01237	0.00821	0.00711	0.00213	0.00892	0.00640	0.00619	0.01110
45	0.00874	0.00622	0.00824	0.00983	0.01023	0.00583	0.00652	0.00993	0.01351	0.01801	0.03860	0.71809	0.04628	0.05044	0.01014	0.00305	0.00424	0.01986	0.00652	0.00573
46	0.01879	0.04705	0.11372	0.01586	0.02243	0.01631	0.07933	0.20620	0.08646	0.02952	0.01558	0.01692	0.01184	0.00692	0.00647	0.00180	0.00748	0.00574	0.00506	0.28652
47	0.01547	0.00847	0.01124	0.00987	0.01250	0.00764	0.00764	0.01868	0.02021	0.19652	0.53563	0.04606	0.05498	0.01314	0.00809	0.00223	0.00402	0.01147	0.00808	0.00805
48	0.00959	0.00726	0.00884	0.00845	0.01034	0.00651	0.00633	0.01249	0.01900	0.02582	0.51667	0.05770	0.25380	0.01558	0.00840	0.00229	0.00343	0.01351	0.00748	0.00651
49	0.01139	0.00860	0.01180	0.01108	0.01312	0.00818	0.07137	0.05395	0.01596	0.02204	0.03949	0.35412	0.17497	0.01639	0.00800	0.00247	0.00486	0.01463	0.15084	0.00675
50	0.02263	0.01583	0.01578	0.01356	0.01738	0.11558	0.01045	0.10251	0.18569	0.22781	0.02490	0.08670	0.02027	0.09535	0.01059	0.00280	0.00707	0.00841	0.00678	0.00991
51	0.01121	0.00811	0.01111	0.01261	0.01431	0.00801	0.01095	0.01436	0.01638	0.02113	0.04065	0.07931	0.09765	0.01953	0.00971	0.00320	0.00630	0.60237	0.00656	0.00651
52	0.01237	0.00618	0.00928	0.00928	0.00928	0.00618	0.00618	0.00928	0.00928	0.01237	0.01237	0.02165	0.01237	0.02474	0.02783	0.79283	0.00618	0.00618	0.00309	0.00309
53	0.01904	0.75404	0.03731	0.01218	0.01828	0.02818	0.01218	0.02132	0.01447	0.01675	0.00990	0.01142	0.00914	0.00609	0.00457	0.00152	0.00761	0.00381	0.00305	0.00914
54	0.00897	0.00649	0.00865	0.00985	0.01052	0.00625	0.00677	0.01048	0.01380	0.01854	0.07798	0.56975	0.07359	0.04571	0.09285	0.00394	0.00588	0.01782	0.00629	0.00588
55	0.01017	0.00763	0.01144	0.01144	0.01272	0.00890	0.00890	0.01272	0.01144	0.01653	0.01907	0.02797	0.01780	0.05340	0.72153	0.01144	0.01907	0.00763	0.00381	0.00636
56	0.01028	0.00687	0.00779	0.00786	0.00787	0.00686	0.00441	0.01034	0.01049	0.01399	0.02314	0.07578	0.02677	0.71937	0.03511	0.00674	0.00679	0.01077	0.00441	0.00438
57	0.01549	0.01649	0.03449	0.02585	0.03168	0.01559	0.51488	0.02082	0.01670	0.02244	0.02015	0.03427	0.01824	0.00937	0.00876	0.00262	0.01066	0.16831	0.00433	0.00885
58	0.01714	0.01924	0.03417	0.10800	0.03402	0.08502	0.42872	0.02186	0.01584	0.02081	0.01303	0.01797	0.01025	0.00734	0.01058	0.00246	0.13365	0.00744	0.00348	0.00898
59	0.02973	0.01568	0.01873	0.01436	0.01995	0.01575	0.01186	0.32891	0.02634	0.40764	0.02309	0.02099	0.01512	0.00869	0.00714	0.00217	0.00687	0.00682	0.00804	0.01211
60	0.01875	0.71063	0.07820	0.01267	0.01904	0.02747	0.01304	0.02140	0.01450	0.01710	0.01007	0.01164	0.00913	0.00613	0.00470	0.00157	0.00779	0.00390	0.00304	0.00922
61	0.01538	0.01264	0.01483	0.01062	0.01692	0.00953	0.00851	0.01853	0.01497	0.04788	0.01321	0.01511	0.01080	0.00540	0.00534	0.00110	0.00530	0.00432	0.00438	0.76523
62	0.01036	0.00690	0.00777	0.00777	0.00777	0.00690	0.00431	0.01036	0.01036	0.01381	0.02244	0.04660	0.02589	0.74975	0.03624	0.00690	0.00690	0.01036	0.00431	0.00431
63	0.01005	0.00693	0.00861	0.00926	0.00967	0.00690	0.00615	0.01096	0.01209	0.01612	0.02871	0.23517	0.03301	0.41832	0.06703	0.00564	0.00686	0.09822	0.00519	0.00512
64	0.01002	0.00743	0.00949	0.00971	0.01144	0.00689	0.00764	0.01294	0.01809	0.02438	0.37905	0.10465	0.17947	0.01694	0.00880	0.00257	0.00424	0.17254	0.00722	0.00649
65	0.01029	0.00698	0.00829	0.00870	0.00895	0.00693	0.00549	0.01085	0.01151	0.01528	0.02638	0.13558	0.03035	0.57018	0.02965	0.00596	0.00652	0.09246	0.00487	0.00477
66	0.01036	0.00690	0.00777	0.00777	0.00777	0.00690	0.00431	0.01036	0.01036	0.01381	0.02244	0.04660	0.02589	0.74975	0.03624	0.00690	0.00690	0.01036	0.00431	0.00431
67	0.00868	0.00620	0.00826	0.00991	0.01033	0.00578	0.00661	0.00991	0.01363	0.01818	0.03925	0.74510	0.04710	0.02231	0.00909	0.00289	0.00413	0.02024	0.00661	0.00578
68	0.10944	0.01650	0.01772	0.01391	0.01898	0.01779	0.01143	0.43057	0.02695	0.14759	0.01879	0.01873	0.01322	0.00835	0.00659	0.00210	0.00678	0.00628	0.09727	0.01101
69	0.00868	0.00620	0.00826	0.00991	0.01033	0.00578	0.00661	0.00991	0.01363	0.01818	0.03925	0.74510	0.04710	0.02231	0.00909	0.00289	0.00413	0.02024	0.00661	0.00578
70	0.00858	0.00722	0.00744	0.00738	0.00972	0.00608	0.00554	0.01053	0.01661	0.02013	0.13284	0.06705	0.64118	0.01770	0.00841	0.00239	0.00358	0.01482	0.00673	0.00608
71	0.01070	0.00790	0.01040	0.01147	0.01326	0.00759	0.00973	0.01369	0.01677	0.02168	0.11713	0.07497	0.17770	0.01878	0.00939	0.00299	0.00561	0.45706	0.00671	0.00646
72	0.00933	0.00684	0.00875	0.00914	0.01040	0.00627	0.00652	0.01167	0.01711	0.02336	0.36594	0.32979	0.13244	0.01804	0.00867	0.00252	0.00369	0.01605	0.00721	0.00627
73	0.00893	0.00723	0.00793	0.00776	0.00994	0.00623	0.00582	0.01122	0.01745	0.02214	0.26828	0.06375	0.50448	0.01695	0.00841	0.00235	0.00353	0.01436	0.00699	0.00623
74	0.02660	0.03394	0.02018	0.01834	0.02201	0.72116	0.01376	0.02843	0.02018	0.01743	0.01101	0.01284	0.00917	0.00734	0.00642	0.00183	0.01284	0.00459	0.00367	0.00825
75	0.24087	0.01288	0.01621	0.07409	0.02031	0.01272	0.03509	0.02907	0.01745	0.43932	0.02127	0.02012	0.01395	0.00796	0.00645	0.00223	0.00642	0.00623	0.00693	0.01045
76	0.01370	0.01291	0.02181	0.69094	0.08876	0.01589	0.01990	0.01841	0.01436	0.01850	0.01270	0.01890	0.00960	0.00707	0.00711	0.00236	0.00943	0.00633	0.00319	0.00811
77	0.01610	0.31048	0.45511	0.01720	0.02603	0.02098	0.02092	0.02208	0.01482	0.02034	0.01168	0.01366	0.00907	0.00651	0.00593	0.00198	0.00941	0.00471	0.00302	0.00999
78	0.01620	0.02082	0.12042	0.02811	0.03545	0.01738	0.57686	0.02230	0.01648	0.02261	0.01514	0.04574	0.01194	0.00670	0.00823	0.00240	0.01154	0.00847	0.00364	0.00957
79	0.00852	0.00710	0.00743	0.00760	0.00974	0.00601	0.00560	0.01032	0.01609	0.01950	0.09464	0.14588	0.60036	0.01838	0.00849	0.00245	0.00366	0.01554	0.00666	0.00601
80	0.00896	0.00672	0.00838	0.00959	0.01070	0.00615	0.00690	0.01061	0.01468	0.01886	0.04792	0.47870	0.22308	0.02082	0.00900	0.00281	0.00430	0.09927	0.00660	0.00594
81	0.05423	0.01807	0.02324	0.01848	0.04575	0.06058	0.13079	0.30528	0.02463	0.19258	0.01915	0.04246	0.01394	0.00839	0.00728	0.00221	0.00828	0.00718	0.00644	0.01103
82	0.01108	0.00791	0.01102	0.01266	0.01413	0.00786	0.01079	0.01407	0.01600	0.02087	0.03792	0.17403	0.04184	0.02004	0.00973	0.00322	0.00621	0.56759	0.00656	0.00645
83	0.01706	0.01792	0.06806	0.12077	0.51490	0.04331	0.02087	0.02200	0.03843	0.02255	0.01451	0.01986	0.01220	0.00706	0.00712	0.00219	0.00872	0.02823	0.00368	0.01056
84	0.02336	0.25969	0.04674	0.01787	0.07949	0.20780	0.01413	0.19714	0.02135	0.05052	0.01313	0.01439	0.01042	0.00721	0.00610	0.00186	0.00915	0.00508	0.00453	0.01002

[dist]
# distance from previous block
# <min> <max>
0	2

[block]
# block no. 5 follows, 29 sequences, length 52
# corresponding to MSA columns:
# 291-342
name=unknown_F
#
# <colnr> <probs for GDERKNQSTAVLIFYWHMCP>
#	G	D	E	R	K	N	Q	S	T	A	V	L	I	F	Y	W	H	M	C	P
0	0.02042	0.07589	0.38394	0.01785	0.02593	0.06929	0.01978	0.16680	0.02002	0.11110	0.01528	0.01622	0.01076	0.00740	0.00673	0.00215	0.00938	0.00560	0.00466	0.01081
1	0.04287	0.27226	0.07328	0.01515	0.02093	0.10569	0.01367	0.27556	0.06667	0.02922	0.01422	0.01500	0.01106	0.00747	0.00608	0.00192	0.00833	0.00527	0.00498	0.01037
2	0.01683	0.01611	0.02746	0.17516	0.58011	0.01671	0.02146	0.02115	0.01584	0.02230	0.01325	0.01788	0.01094	0.00649	0.00706	0.00216	0.00866	0.00634	0.00346	0.01064
3	0.01782	0.08815	0.31294	0.04292	0.02999	0.01837	0.19914	0.10548	0.04091	0.05482	0.01472	0.01703	0.01072	0.00692	0.00711	0.00222	0.00995	0.00634	0.00408	0.01037
4	0.01823	0.04436	0.20516	0.01867	0.07329	0.06487	0.03724	0.13585	0.20083	0.02833	0.08348	0.02218	0.01874	0.00855	0.00709	0.00222	0.00805	0.00702	0.00539	0.01046
5	0.00847	0.00702	0.00741	0.00773	0.00975	0.00597	0.00564	0.01016	0.01574	0.01903	0.06586	0.19753	0.57749	0.01885	0.00854	0.00250	0.00371	0.01602	0.00661	0.00597
6	0.00995	0.00744	0.00821	0.00795	0.01029	0.00638	0.00598	0.01212	0.01719	0.05542	0.20484	0.08643	0.50860	0.01697	0.00837	0.00238	0.00369	0.01435	0.00699	0.00646
7	0.04793	0.17191	0.10820	0.02447	0.23643	0.02009	0.03873	0.12288	0.11391	0.02630	0.01526	0.01705	0.01203	0.00714	0.00649	0.00207	0.00804	0.00592	0.00447	0.01068
8	0.01682	0.01114	0.01195	0.01098	0.01330	0.05743	0.00813	0.02153	0.12346	0.14563	0.09032	0.03943	0.02743	0.25317	0.01686	0.00382	0.00631	0.07037	0.06419	0.00772
