[name]
unknown

[dist]
# distance from previous block
# <min> <max>
0	64

[block]
# block no. 0 follows, 32 sequences, length 95
# corresponding to MSA columns:
# 70-164
name=unknown_A
#
# <colnr> <probs for GDERKNQSTAVLIFYWHMCP>
#	G	D	E	R	K	N	Q	S	T	A	V	L	I	F	Y	W	H	M	C	P
0	0.08128	0.05309	0.12026	0.01592	0.08474	0.03304	0.01306	0.08892	0.08710	0.06622	0.06369	0.07885	0.01926	0.00955	0.00742	0.00214	0.04595	0.05805	0.00502	0.06645
1	0.06317	0.01334	0.01377	0.06200	0.01702	0.08812	0.00956	0.13653	0.04111	0.11844	0.17371	0.05258	0.12037	0.01045	0.00689	0.00204	0.00590	0.00854	0.00610	0.05036
2	0.07399	0.06231	0.01886	0.01614	0.08880	0.07225	0.03695	0.13116	0.13024	0.10262	0.03640	0.01945	0.03567	0.00770	0.00666	0.00191	0.02800	0.00610	0.00529	0.11951
3	0.06629	0.03194	0.01167	0.01146	0.05649	0.00968	0.00804	0.06107	0.05965	0.02219	0.08977	0.20718	0.17703	0.04287	0.00826	0.00238	0.00476	0.03964	0.02497	0.06464
4	0.03768	0.03118	0.01668	0.09533	0.15075	0.01184	0.03351	0.05526	0.01496	0.04744	0.07649	0.07333	0.06573	0.11839	0.03196	0.00291	0.02800	0.00815	0.00456	0.09585
5	0.05002	0.04558	0.01790	0.06348	0.01985	0.03357	0.05812	0.17673	0.15927	0.05687	0.06151	0.09314	0.01993	0.00971	0.00730	0.00215	0.02906	0.03273	0.00567	0.05739
6	0.03415	0.03503	0.07957	0.03595	0.05494	0.06388	0.03757	0.09965	0.01636	0.04821	0.07573	0.16822	0.04121	0.06013	0.03600	0.03623	0.00706	0.00919	0.00494	0.05599
7	0.04260	0.03664	0.06752	0.14773	0.02082	0.08649	0.01134	0.05718	0.03591	0.02085	0.07728	0.15903	0.08541	0.03095	0.00755	0.00220	0.00660	0.00913	0.00476	0.09002
8	0.04142	0.06695	0.01797	0.07635	0.14082	0.09209	0.01179	0.07179	0.08101	0.03868	0.01655	0.06434	0.01504	0.11522	0.01016	0.00252	0.00714	0.00677	0.00439	0.11901
9	0.01264	0.04187	0.01400	0.03817	0.01481	0.01049	0.06327	0.10719	0.03688	0.02072	0.04604	0.27299	0.04974	0.19456	0.01395	0.00332	0.00597	0.01173	0.00525	0.03641
10	0.15021	0.01677	0.03901	0.01432	0.01807	0.14881	0.10005	0.04559	0.09187	0.02267	0.04536	0.04770	0.01557	0.06559	0.03240	0.00263	0.03686	0.00662	0.03770	0.06219
11	0.01919	0.01559	0.01660	0.01385	0.01709	0.10943	0.03273	0.20679	0.03894	0.10391	0.09808	0.05164	0.08805	0.03885	0.01023	0.00236	0.11428	0.00802	0.00572	0.00865
12	0.04749	0.06446	0.04715	0.04219	0.06782	0.16738	0.03880	0.08549	0.01570	0.01973	0.01704	0.02609	0.03745	0.22612	0.01432	0.00324	0.00814	0.02669	0.00408	0.04062
13	0.04242	0.44489	0.05861	0.04126	0.01990	0.09419	0.06633	0.02021	0.01404	0.01760	0.01068	0.01306	0.00923	0.00655	0.00643	0.00174	0.06991	0.00450	0.05017	0.00829
14	0.01418	0.00936	0.01099	0.01036	0.01137	0.06224	0.00744	0.01437	0.04747	0.07158	0.03578	0.05163	0.01616	0.07662	0.04655	0.42371	0.05334	0.00694	0.02477	0.00512
15	0.01498	0.04524	0.08035	0.29529	0.39439	0.01595	0.01986	0.01937	0.01445	0.01989	0.01219	0.01665	0.00977	0.00627	0.00655	0.00207	0.00845	0.00580	0.00314	0.00934
16	0.01346	0.03471	0.72942	0.01912	0.02904	0.01558	0.02479	0.02125	0.01417	0.02125	0.01204	0.01417	0.00850	0.00637	0.00637	0.00212	0.00992	0.00496	0.00283	0.00992
17	0.00976	0.00651	0.00732	0.00732	0.00732	0.00651	0.00407	0.00976	0.00976	0.01301	0.02114	0.04391	0.02439	0.76419	0.03415	0.00651	0.00651	0.00976	0.00407	0.00407
18	0.01656	0.00834	0.01068	0.00962	0.01240	0.00735	0.00739	0.01867	0.01659	0.28229	0.13331	0.19121	0.19087	0.03559	0.00841	0.00241	0.00449	0.02892	0.00710	0.00782
19	0.01251	0.00625	0.00625	0.00625	0.00782	0.00625	0.00469	0.01563	0.01407	0.02502	0.02189	0.02502	0.01720	0.00782	0.00469	0.00156	0.00313	0.00625	0.80144	0.00625
20	0.81159	0.01298	0.00986	0.00882	0.01298	0.01505	0.00727	0.01972	0.01142	0.03010	0.00934	0.01090	0.00727	0.00623	0.00415	0.00208	0.00519	0.00363	0.00415	0.00727
21	0.07830	0.00650	0.00836	0.00833	0.00897	0.00666	0.00576	0.01089	0.01006	0.01576	0.01425	0.04922	0.01354	0.01907	0.01990	0.56510	0.00522	0.00624	0.14390	0.00396
22	0.75567	0.01339	0.01059	0.00929	0.01353	0.01546	0.00766	0.06811	0.01285	0.03097	0.00982	0.01127	0.00756	0.00636	0.00433	0.00207	0.00535	0.00380	0.00433	0.00756
23	0.02911	0.01301	0.01656	0.01269	0.01792	0.01222	0.01049	0.17673	0.02187	0.57918	0.02423	0.02139	0.01549	0.00825	0.00674	0.00206	0.00607	0.00660	0.00796	0.01142
24	0.03010	0.01142	0.01557	0.01194	0.01713	0.00986	0.00986	0.03270	0.01920	0.72698	0.02647	0.02284	0.01661	0.00830	0.00675	0.00208	0.00571	0.00675	0.00830	0.01142
25	0.06122	0.00768	0.00879	0.00824	0.00952	0.00760	0.00561	0.03788	0.01438	0.04602	0.25913	0.04301	0.06480	0.37517	0.02025	0.00423	0.00516	0.01012	0.00554	0.00564
26	0.00875	0.00677	0.00736	0.00721	0.00923	0.00590	0.00541	0.01097	0.01622	0.02114	0.24529	0.05726	0.47843	0.01532	0.00766	0.00216	0.00331	0.01294	0.07279	0.00590
27	0.02506	0.03198	0.01901	0.01729	0.02074	0.73725	0.01296	0.02679	0.01901	0.01642	0.01037	0.01210	0.00864	0.00691	0.00605	0.00173	0.01210	0.00432	0.00346	0.00778
28	0.00845	0.00682	0.00751	0.00734	0.00938	0.00588	0.00550	0.01063	0.01651	0.02101	0.28196	0.05982	0.50382	0.01592	0.00792	0.00221	0.00332	0.01349	0.00661	0.00588
29	0.06046	0.01225	0.01320	0.01191	0.01510	0.01348	0.00913	0.09530	0.35920	0.07143	0.02777	0.13747	0.05199	0.05826	0.00863	0.00254	0.00526	0.00927	0.02832	0.00904
30	0.00869	0.00677	0.00789	0.00774	0.00956	0.00597	0.00575	0.01105	0.01690	0.02223	0.37515	0.10133	0.36553	0.01569	0.00796	0.00222	0.00332	0.01351	0.00678	0.00597
31	0.01742	0.01478	0.01559	0.01380	0.01773	0.01703	0.01080	0.09099	0.65368	0.02925	0.02638	0.02429	0.01973	0.00902	0.00682	0.00225	0.00548	0.00746	0.00682	0.01069
32	0.00965	0.00693	0.00946	0.00946	0.01020	0.00767	0.00673	0.01113	0.01039	0.01459	0.01919	0.03308	0.01969	0.32364	0.46827	0.00915	0.01358	0.00817	0.00377	0.00525
33	0.01391	0.01193	0.01391	0.00994	0.01590	0.00894	0.00795	0.01690	0.01391	0.02186	0.01193	0.01391	0.00994	0.00497	0.00497	0.00099	0.00497	0.00398	0.00398	0.80521
34	0.00812	0.00659	0.00721	0.00750	0.00929	0.00568	0.00546	0.00983	0.01507	0.01867	0.11783	0.21722	0.51294	0.01760	0.00807	0.00235	0.00349	0.01507	0.00633	0.00568
35	0.02051	0.02469	0.01660	0.01537	0.01817	0.52299	0.01162	0.02244	0.01660	0.01617	0.01261	0.01629	0.01103	0.01968	0.22110	0.00439	0.01383	0.00516	0.00350	0.00725
36	0.01661	0.01594	0.02724	0.04119	0.72233	0.01594	0.02059	0.02059	0.01528	0.02192	0.01262	0.01661	0.01063	0.00598	0.00664	0.00199	0.00797	0.00598	0.00332	0.01063
37	0.00899	0.00689	0.00834	0.00869	0.01039	0.00625	0.00674	0.01133	0.01610	0.02091	0.24324	0.14277	0.31682	0.01684	0.00827	0.00244	0.00395	0.14856	0.00655	0.00593
38	0.00814	0.00686	0.00709	0.00720	0.00941	0.00581	0.00551	0.00994	0.01530	0.01827	0.06563	0.06538	0.67039	0.01710	0.00803	0.00233	0.00360	0.06208	0.00623	0.00570
39	0.00976	0.00651	0.00732	0.00732	0.00732	0.00651	0.00407	0.00976	0.00976	0.01301	0.02114	0.04391	0.02439	0.76419	0.03415	0.00651	0.00651	0.00976	0.00407	0.00407
40	0.01267	0.01193	0.02013	0.74806	0.04621	0.01491	0.01863	0.01714	0.01342	0.01714	0.01193	0.01789	0.00894	0.00671	0.00671	0.00224	0.00894	0.00596	0.00298	0.00745
41	0.01584	0.01810	0.03959	0.02828	0.03507	0.01697	0.69796	0.02149	0.01584	0.02149	0.01357	0.01810	0.01018	0.00566	0.00792	0.00226	0.01131	0.00792	0.00339	0.00905
42	0.00995	0.00744	0.00961	0.01069	0.01245	0.00710	0.00909	0.01262	0.01540	0.01949	0.04528	0.07235	0.24329	0.01807	0.00887	0.00284	0.00534	0.47790	0.00619	0.00602
43	0.00844	0.00607	0.00805	0.00946	0.01006	0.00568	0.00657	0.00986	0.01340	0.01779	0.06461	0.64813	0.07093	0.02037	0.00857	0.00271	0.00404	0.07343	0.00627	0.00555
44	0.01436	0.01995	0.20714	0.01801	0.02062	0.01924	0.01734	0.01749	0.01130	0.01749	0.00966	0.01454	0.00873	0.01033	0.01790	0.00272	0.55661	0.00563	0.00291	0.00802
45	0.58080	0.10387	0.01433	0.01048	0.01474	0.12434	0.00868	0.02117	0.01302	0.04468	0.00994	0.01138	0.00787	0.00633	0.00452	0.00195	0.00647	0.00381	0.00401	0.00761
46	0.00953	0.00687	0.00904	0.00871	0.01025	0.00638	0.00660	0.01261	0.01855	0.02613	0.65247	0.07806	0.06113	0.01428	0.00802	0.00219	0.00337	0.05225	0.00727	0.00629
47	0.07898	0.01635	0.07862	0.01994	0.18744	0.03649	0.05370	0.07018	0.01598	0.06838	0.01318	0.01526	0.01028	0.00597	0.00587	0.00165	0.00694	0.00508	0.00416	0.30554
48	0.01772	0.00950	0.01172	0.01004	0.01347	0.00867	0.00789	0.02192	0.09270	0.28656	0.16511	0.08112	0.19194	0.01206	0.00729	0.00215	0.00452	0.01020	0.00720	0.03822
49	0.03655	0.03648	0.03604	0.03505	0.06586	0.07394	0.03347	0.09197	0.25095	0.05085	0.04564	0.07325	0.01870	0.00974	0.00854	0.00227	0.08940	0.02667	0.00541	0.00921
50	0.02089	0.01583	0.01801	0.04318	0.01985	0.07063	0.05176	0.23668	0.16932	0.13316	0.04630	0.05279	0.01752	0.03983	0.00848	0.00233	0.03008	0.00738	0.00616	0.00980
51	0.03010	0.01142	0.01557	0.01194	0.01713	0.00986	0.00986	0.03270	0.01920	0.72698	0.02647	0.02284	0.01661	0.00830	0.00675	0.00208	0.00571	0.00675	0.00830	0.01142
52	0.01039	0.00704	0.00844	0.00826	0.00927	0.00678	0.00553	0.01241	0.03973	0.04519	0.23982	0.12503	0.08506	0.34563	0.01948	0.00413	0.00491	0.01162	0.00573	0.00554
53	0.15131	0.04164	0.04919	0.09582	0.19642	0.09761	0.12349	0.03883	0.01510	0.03985	0.01353	0.05906	0.01155	0.00734	0.00687	0.00211	0.03139	0.00637	0.00380	0.00871
54	0.01592	0.04943	0.03941	0.02758	0.03432	0.01737	0.66929	0.02143	0.01575	0.02125	0.01340	0.01779	0.01012	0.00566	0.00777	0.00223	0.01114	0.00774	0.00337	0.00903
55	0.00822	0.00616	0.00765	0.00875	0.00968	0.00559	0.00606	0.00963	0.01372	0.01774	0.06434	0.54349	0.21744	0.01972	0.00840	0.00260	0.00381	0.03519	0.00626	0.00555
56	0.01929	0.01487	0.02182	0.23396	0.02929	0.01638	0.11456	0.25200	0.02031	0.10482	0.01554	0.01837	0.01138	0.01051	0.06021	0.00279	0.03316	0.00645	0.00495	0.00937
57	0.04668	0.01711	0.02214	0.10107	0.19294	0.08958	0.05156	0.12004	0.06672	0.02315	0.01290	0.01623	0.01049	0.00808	0.01034	0.00226	0.18969	0.00593	0.00399	0.00911
58	0.01346	0.03471	0.72942	0.01912	0.02904	0.01558	0.02479	0.02125	0.01417	0.02125	0.01204	0.01417	0.00850	0.00637	0.00637	0.00212	0.00992	0.00496	0.00283	0.00992
59	0.81159	0.01298	0.00986	0.00882	0.01298	0.01505	0.00727	0.01972	0.01142	0.03010	0.00934	0.01090	0.00727	0.00623	0.00415	0.00208	0.00519	0.00363	0.00415	0.00727
60	0.00856	0.00646	0.00781	0.00860	0.00977	0.00588	0.00616	0.01014	0.01410	0.01810	0.09100	0.36219	0.26731	0.07267	0.01023	0.00284	0.00410	0.08236	0.00614	0.00555
61	0.18635	0.01217	0.03672	0.10803	0.05789	0.01271	0.04606	0.04401	0.10356	0.02211	0.01927	0.04791	0.04156	0.17101	0.04275	0.00349	0.00713	0.02543	0.00447	0.00737
62	0.01008	0.00768	0.01011	0.01011	0.01065	0.00864	0.00717	0.01175	0.03089	0.01549	0.02276	0.20305	0.02507	0.28094	0.22701	0.00632	0.09168	0.01072	0.00439	0.00549
63	0.00818	0.00584	0.00779	0.00934	0.00973	0.00545	0.00623	0.00934	0.01285	0.01713	0.03698	0.75981	0.04438	0.02102	0.00856	0.00273	0.00389	0.01908	0.00623	0.00545
64	0.00959	0.00719	0.01078	0.01078	0.01198	0.00839	0.00839	0.01198	0.01078	0.01558	0.01797	0.02636	0.01677	0.05032	0.73760	0.01078	0.01797	0.00719	0.00359	0.00599
65	0.01267	0.01193	0.02013	0.74806	0.04621	0.01491	0.01863	0.01714	0.01342	0.01714	0.01193	0.01789	0.00894	0.00671	0.00671	0.00224	0.00894	0.00596	0.00298	0.00745
66	0.81159	0.01298	0.00986	0.00882	0.01298	0.01505	0.00727	0.01972	0.01142	0.03010	0.00934	0.01090	0.00727	0.00623	0.00415	0.00208	0.00519	0.00363	0.00415	0.00727
67	0.00896	0.00708	0.00824	0.00864	0.01061	0.00635	0.00694	0.01124	0.01575	0.01968	0.13036	0.06629	0.44365	0.01709	0.00833	0.00249	0.00420	0.21185	0.00634	0.00589
68	0.05876	0.00636	0.00786	0.00908	0.00966	0.00617	0.00605	0.01004	0.01240	0.01747	0.03343	0.63073	0.03976	0.10531	0.01122	0.00312	0.00427	0.01704	0.00585	0.00541
69	0.01391	0.01193	0.01391	0.00994	0.01590	0.00894	0.00795	0.01690	0.01391	0.02186	0.01193	0.01391	0.00994	0.00497	0.00497	0.00099	0.00497	0.00398	0.00398	0.80521
70	0.01391	0.01193	0.01391	0.00994	0.01590	0.00894	0.00795	0.01690	0.01391	0.02186	0.01193	0.01391	0.00994	0.00497	0.00497	0.00099	0.00497	0.00398	0.00398	0.80521
71	0.00836	0.00597	0.00800	0.00955	0.01003	0.00561	0.00655	0.00966	0.01303	0.01734	0.03688	0.71168	0.04397	0.02085	0.00861	0.00275	0.00405	0.06538	0.00623	0.00550
72	0.01506	0.00734	0.00877	0.00847	0.01055	0.00698	0.00657	0.01777	0.01501	0.15912	0.02657	0.14559	0.02359	0.01110	0.00617	0.00200	0.00406	0.07802	0.44011	0.00712
73	0.01584	0.01810	0.03959	0.02828	0.03507	0.01697	0.69796	0.02149	0.01584	0.02149	0.01357	0.01810	0.01018	0.00566	0.00792	0.00226	0.01131	0.00792	0.00339	0.00905
74	0.01628	0.01561	0.02664	0.10006	0.66602	0.01586	0.02043	0.02031	0.01512	0.02152	0.01256	0.01671	0.01049	0.00604	0.00665	0.00201	0.00805	0.00598	0.00329	0.01036
75	0.01946	0.01579	0.01673	0.01421	0.01850	0.01798	0.01129	0.24402	0.49734	0.03253	0.02380	0.02223	0.01764	0.00877	0.00679	0.00219	0.00596	0.00710	0.00679	0.01087
76	0.00924	0.00664	0.00804	0.00847	0.00991	0.00596	0.00611	0.01104	0.01500	0.04375	0.16747	0.32119	0.27599	0.04114	0.00900	0.00257	0.00383	0.04237	0.00644	0.00587
77	0.02551	0.01879	0.02014	0.01544	0.02081	0.02081	0.01275	0.69996	0.03155	0.04229	0.01611	0.01611	0.01141	0.00805	0.00671	0.00201	0.00738	0.00604	0.00671	0.01141
78	0.00922	0.00668	0.00871	0.00954	0.01049	0.00642	0.00687	0.01177	0.04175	0.02025	0.21206	0.43881	0.04684	0.04942	0.00948	0.00275	0.00413	0.09244	0.00646	0.00591
79	0.02551	0.01879	0.02014	0.01544	0.02081	0.02081	0.01275	0.69996	0.03155	0.04229	0.01611	0.01611	0.01141	0.00805	0.00671	0.00201	0.00738	0.00604	0.00671	0.01141
80	0.00828	0.00646	0.00752	0.00799	0.00947	0.00570	0.00571	0.01003	0.01503	0.01923	0.16551	0.31406	0.36528	0.01791	0.00816	0.00241	0.00354	0.01560	0.00642	0.00570
81	0.01081	0.00772	0.01081	0.01236	0.01390	0.00772	0.01081	0.01390	0.01545	0.02008	0.03553	0.07569	0.03862	0.01854	0.00927	0.00309	0.00618	0.67717	0.00618	0.00618
82	0.00976	0.00651	0.00732	0.00732	0.00732	0.00651	0.00407	0.00976	0.00976	0.01301	0.02114	0.04391	0.02439	0.76419	0.03415	0.00651	0.00651	0.00976	0.00407	0.00407
83	0.62370	0.01437	0.01232	0.01040	0.01485	0.01643	0.00858	0.18231	0.01623	0.03302	0.01096	0.01215	0.00826	0.00667	0.00476	0.00206	0.00571	0.00421	0.00476	0.00826
84	0.00986	0.00711	0.00891	0.00898	0.01064	0.00671	0.00700	0.01309	0.03482	0.02374	0.39242	0.09410	0.14438	0.01495	0.00795	0.00232	0.00386	0.13859	0.06431	0.00626
85	0.00961	0.00710	0.01032	0.01032	0.01135	0.00813	0.00781	0.01168	0.01065	0.01523	0.01840	0.02872	0.01780	0.14634	0.64299	0.01021	0.01643	0.00753	0.00366	0.00573
86	0.01566	0.39566	0.38779	0.01536	0.02322	0.02098	0.01824	0.02068	0.01390	0.01856	0.01071	0.01249	0.00855	0.00606	0.00536	0.00179	0.00857	0.00428	0.00285	0.00927
87	0.43368	0.04778	0.19950	0.01562	0.09638	0.01611	0.01381	0.06661	0.01401	0.02720	0.01086	0.01273	0.00829	0.00634	0.00518	0.00205	0.00694	0.00440	0.00385	0.00866
88	0.01364	0.00902	0.00988	0.00913	0.01141	0.00962	0.00703	0.07289	0.15272	0.02662	0.13907	0.02862	0.02509	0.01215	0.05878	0.00250	0.00497	0.00755	0.39180	0.00751
89	0.01372	0.01287	0.02213	0.38995	0.24718	0.01425	0.06675	0.01780	0.01414	0.01922	0.01473	0.07959	0.01282	0.00764	0.00685	0.00218	0.00817	0.00721	0.03446	0.00832
90	0.01439	0.01529	0.06053	0.29315	0.18671	0.01569	0.14807	0.01979	0.05960	0.01992	0.01538	0.01953	0.03795	0.00722	0.00797	0.00223	0.05766	0.00671	0.00350	0.00871
91	0.01289	0.01137	0.01602	0.28665	0.02678	0.01146	0.01222	0.01630	0.01319	0.01907	0.01264	0.01710	0.01045	0.01193	0.10469	0.00284	0.03136	0.00521	0.00352	0.37430
92	0.00989	0.00642	0.00857	0.00967	0.01049	0.00600	0.00679	0.01135	0.01358	0.06211	0.05918	0.60014	0.04202	0.04775	0.00946	0.00284	0.00429	0.07726	0.00631	0.00587
93	0.01227	0.00872	0.01068	0.03260	0.01315	0.00859	0.00794	0.06100	0.05335	0.04894	0.19207	0.10115	0.12182	0.01593	0.06598	0.00285	0.00557	0.08352	0.08921	0.06464
94	0.01421	0.13956	0.21858	0.01483	0.04611	0.05883	0.01422	0.01830	0.03232	0.03753	0.04006	0.10412	0.08925	0.01158	0.03829	0.00246	0.06972	0.00772	0.00408	0.03821

[dist]
# distance from previous block
# <min> <max>
0	2

[block]
# block no. 1 follows, 32 sequences, length 52
# corresponding to MSA columns:
# 167-218
name=unknown_B
#
# <colnr> <probs for GDERKNQSTAVLIFYWHMCP>
#	G	D	E	R	K	N	Q	S	T	A	V	L	I	F	Y	W	H	M	C	P
0	0.01276	0.01072	0.01256	0.10368	0.01686	0.06575	0.00954	0.08988	0.01473	0.01940	0.02272	0.26467	0.02402	0.08804	0.15903	0.00446	0.03546	0.01074	0.02833	0.00663
1	0.20010	0.04450	0.07015	0.06986	0.02088	0.18950	0.03703	0.02509	0.18560	0.02298	0.01452	0.01594	0.01132	0.00748	0.00696	0.00210	0.05782	0.00535	0.00431	0.00854
2	0.07343	0.02950	0.01189	0.01156	0.03377	0.05844	0.00875	0.04079	0.03092	0.02164	0.15923	0.12483	0.12125	0.06057	0.00995	0.00266	0.04057	0.14790	0.00566	0.00667
3	0.02057	0.06261	0.01874	0.03741	0.01956	0.44484	0.01221	0.02238	0.01616	0.01685	0.01070	0.01360	0.00925	0.00945	0.03647	0.03109	0.10274	0.00465	0.00340	0.10731
4	0.04211	0.10672	0.13858	0.01448	0.06690	0.01394	0.01262	0.09042	0.01631	0.08748	0.02971	0.05013	0.01301	0.00697	0.00579	0.00165	0.00651	0.00557	0.00447	0.28664
5	0.01086	0.00824	0.01171	0.01264	0.06440	0.00894	0.00887	0.01352	0.03009	0.03487	0.07160	0.07143	0.07353	0.09957	0.37739	0.00698	0.03868	0.04573	0.00452	0.00644
6	0.07242	0.00922	0.01084	0.01113	0.03531	0.00954	0.00794	0.06268	0.10500	0.03877	0.08614	0.24073	0.08173	0.09345	0.01123	0.04012	0.00505	0.06600	0.00585	0.00686
7	0.02593	0.01294	0.01596	0.01255	0.01731	0.01262	0.01025	0.18982	0.07341	0.44111	0.09420	0.02416	0.02039	0.00885	0.00686	0.00208	0.00582	0.00719	0.00772	0.01084
8	0.01694	0.01636	0.02642	0.09730	0.59065	0.04152	0.04008	0.05008	0.01598	0.02220	0.01266	0.01658	0.01044	0.00615	0.00667	0.00201	0.00827	0.00598	0.00345	0.01025
9	0.01303	0.00907	0.01045	0.00941	0.01200	0.00883	0.00725	0.07222	0.08994	0.07291	0.25997	0.04373	0.19216	0.05234	0.00874	0.00234	0.00431	0.03449	0.06139	0.03541
10	0.00993	0.00724	0.00844	0.00841	0.01019	0.00661	0.00622	0.03552	0.01592	0.04282	0.18928	0.17906	0.32582	0.07347	0.01003	0.00267	0.00405	0.05185	0.00639	0.00606
11	0.10777	0.01157	0.01500	0.01163	0.01672	0.01038	0.00960	0.03141	0.01843	0.65772	0.02477	0.02165	0.01568	0.00810	0.00649	0.00208	0.00566	0.00644	0.00789	0.01101
12	0.33423	0.01203	0.01335	0.01073	0.01551	0.01188	0.00885	0.02765	0.01617	0.45578	0.01981	0.01819	0.01297	0.00750	0.00574	0.00208	0.00551	0.00554	0.00669	0.00980
13	0.01297	0.01330	0.01121	0.01079	0.01287	0.18597	0.00818	0.01502	0.01656	0.01955	0.18751	0.11406	0.26463	0.01406	0.00823	0.00222	0.03875	0.05204	0.00565	0.00641
14	0.01370	0.00869	0.01056	0.00967	0.01198	0.00836	0.00736	0.07056	0.04879	0.12098	0.26838	0.11360	0.13828	0.08936	0.01039	0.00268	0.00456	0.04814	0.00676	0.00722
15	0.02964	0.01217	0.01603	0.01229	0.01750	0.01097	0.01016	0.10034	0.02046	0.65757	0.02542	0.02216	0.01608	0.00828	0.00674	0.00207	0.00588	0.00668	0.00814	0.01142
16	0.81159	0.01298	0.00986	0.00882	0.01298	0.01505	0.00727	0.01972	0.01142	0.03010	0.00934	0.01090	0.00727	0.00623	0.00415	0.00208	0.00519	0.00363	0.00415	0.00727
17	0.03850	0.01417	0.01507	0.01283	0.01680	0.01583	0.01019	0.20691	0.37471	0.07000	0.02309	0.02222	0.01708	0.00853	0.00642	0.00209	0.00556	0.00684	0.12304	0.01015
18	0.01339	0.00886	0.01033	0.00961	0.01181	0.00888	0.00716	0.01894	0.16099	0.10300	0.18347	0.06963	0.12360	0.15194	0.01233	0.00302	0.00472	0.04091	0.05016	0.00726
19	0.01346	0.03471	0.72942	0.01912	0.02904	0.01558	0.02479	0.02125	0.01417	0.02125	0.01204	0.01417	0.00850	0.00637	0.00637	0.00212	0.00992	0.00496	0.00283	0.00992
20	0.02800	0.01248	0.01584	0.01229	0.01727	0.01172	0.01010	0.14311	0.04367	0.55394	0.02454	0.02190	0.01590	0.00826	0.00664	0.00205	0.00584	0.00663	0.04869	0.01113
21	0.00975	0.00740	0.00847	0.00825	0.01029	0.00677	0.00616	0.01313	0.06640	0.04253	0.27037	0.13133	0.36344	0.01555	0.00788	0.00226	0.00358	0.01335	0.00671	0.00638
22	0.00824	0.00586	0.00777	0.00926	0.00964	0.00549	0.00615	0.00936	0.01273	0.01697	0.03637	0.73222	0.04361	0.04967	0.00955	0.00287	0.00399	0.01872	0.00615	0.00540
23	0.01210	0.00910	0.01132	0.01170	0.01373	0.00942	0.00958	0.06694	0.11563	0.02297	0.09718	0.15816	0.07203	0.01625	0.00844	0.00271	0.00540	0.34383	0.00643	0.00708
24	0.01391	0.01193	0.01391	0.00994	0.01590	0.00894	0.00795	0.01690	0.01391	0.02186	0.01193	0.01391	0.00994	0.00497	0.00497	0.00099	0.00497	0.00398	0.00398	0.80521
25	0.00942	0.00636	0.00742	0.00776	0.00784	0.00628	0.00453	0.00967	0.01042	0.01390	0.02456	0.19855	0.02871	0.60366	0.02862	0.00569	0.00594	0.01177	0.00453	0.00436
26	0.01346	0.03471	0.72942	0.01912	0.02904	0.01558	0.02479	0.02125	0.01417	0.02125	0.01204	0.01417	0.00850	0.00637	0.00637	0.00212	0.00992	0.00496	0.00283	0.00992
27	0.01267	0.01193	0.02013	0.74806	0.04621	0.01491	0.01863	0.01714	0.01342	0.01714	0.01193	0.01789	0.00894	0.00671	0.00671	0.00224	0.00894	0.00596	0.00298	0.00745
28	0.00924	0.00712	0.00849	0.00823	0.01004	0.00654	0.00613	0.01253	0.04949	0.02348	0.43191	0.10465	0.26733	0.01506	0.00792	0.00221	0.00339	0.01306	0.00691	0.00626
29	0.01584	0.01810	0.03959	0.02828	0.03507	0.01697	0.69796	0.02149	0.01584	0.02149	0.01357	0.01810	0.01018	0.00566	0.00792	0.00226	0.01131	0.00792	0.00339	0.00905
30	0.01669	0.01441	0.01517	0.01365	0.01745	0.01669	0.01062	0.03565	0.71021	0.02807	0.02731	0.02503	0.02048	0.00910	0.00683	0.00228	0.00531	0.00759	0.00683	0.01062
31	0.00816	0.00591	0.00772	0.00917	0.00969	0.00546	0.00615	0.00936	0.01301	0.01720	0.03912	0.71196	0.09086	0.02074	0.00852	0.00269	0.00386	0.01874	0.00623	0.00546
32	0.00849	0.00606	0.00814	0.00970	0.01022	0.00572	0.00677	0.00988	0.01315	0.01748	0.03681	0.67931	0.04370	0.02073	0.00865	0.00277	0.00416	0.09652	0.00622	0.00554
33	0.01981	0.01505	0.02886	0.02110	0.02696	0.01390	0.40865	0.02463	0.03867	0.24477	0.02201	0.02317	0.06365	0.00742	0.00751	0.00220	0.00878	0.00799	0.00526	0.00961
34	0.01688	0.52361	0.03042	0.01347	0.01735	0.02460	0.01252	0.01881	0.01254	0.01590	0.00916	0.01203	0.00867	0.00769	0.01006	0.00192	0.24893	0.00433	0.00289	0.00820
35	0.01914	0.01603	0.11824	0.06315	0.07220	0.01362	0.01317	0.21178	0.01867	0.12856	0.01526	0.01774	0.01149	0.01069	0.01076	0.17549	0.00713	0.00579	0.00488	0.06623
36	0.04176	0.01525	0.02116	0.19658	0.24428	0.04746	0.01614	0.09648	0.08050	0.08707	0.01492	0.01766	0.01142	0.00742	0.00792	0.00216	0.07184	0.00605	0.00438	0.00953
37	0.00989	0.00749	0.01078	0.01062	0.01157	0.00876	0.00806	0.01186	0.01060	0.01521	0.01797	0.02844	0.01752	0.15863	0.58997	0.00970	0.05604	0.00751	0.00363	0.00577
38	0.01442	0.01430	0.02005	0.01727	0.01733	0.01993	0.01436	0.01593	0.01030	0.01612	0.00928	0.01528	0.00922	0.01372	0.05874	0.00334	0.71425	0.00594	0.00297	0.00727
39	0.04809	0.09015	0.08741	0.12375	0.09795	0.14351	0.15194	0.02154	0.01531	0.06856	0.01354	0.04429	0.01107	0.00724	0.00734	0.00208	0.04764	0.00622	0.00370	0.00867
40	0.01414	0.01868	0.19104	0.16149	0.23008	0.01592	0.01902	0.01849	0.01329	0.01918	0.01206	0.01672	0.00997	0.01113	0.07205	0.00301	0.15602	0.00581	0.00309	0.00882
41	0.00947	0.00648	0.00782	0.00808	0.00829	0.00656	0.00496	0.00996	0.01040	0.01402	0.02341	0.16199	0.02682	0.55212	0.11585	0.00639	0.00747	0.01101	0.00437	0.00453
42	0.04500	0.01395	0.02248	0.17222	0.30991	0.01448	0.07514	0.07076	0.01662	0.06990	0.07586	0.02215	0.04686	0.00757	0.00685	0.00210	0.00755	0.00700	0.00435	0.00926
43	0.02506	0.03198	0.01901	0.01729	0.02074	0.73725	0.01296	0.02679	0.01901	0.01642	0.01037	0.01210	0.00864	0.00691	0.00605	0.00173	0.01210	0.00432	0.00346	0.00778
44	0.01603	0.01341	0.01461	0.01350	0.01696	0.01527	0.01075	0.06065	0.55715	0.02727	0.02828	0.03366	0.02331	0.01074	0.00726	0.00241	0.00555	0.12661	0.00671	0.00986
45	0.01785	0.01307	0.01879	0.07646	0.08795	0.01329	0.07414	0.10366	0.03403	0.14284	0.01712	0.04385	0.01409	0.07799	0.03775	0.00274	0.07159	0.00680	0.00490	0.14107
46	0.01566	0.12370	0.02214	0.04099	0.01850	0.05495	0.01394	0.03589	0.01195	0.01690	0.01019	0.03859	0.01002	0.01068	0.01733	0.00261	0.53929	0.00591	0.00317	0.00760
47	0.02950	0.01155	0.01555	0.01202	0.01714	0.01017	0.00990	0.03283	0.05021	0.69562	0.02651	0.02294	0.01678	0.00834	0.00675	0.00209	0.00569	0.00679	0.00824	0.01138
48	0.04002	0.00760	0.00874	0.00848	0.00933	0.00766	0.00562	0.04159	0.01243	0.04257	0.08029	0.04438	0.02757	0.54131	0.02627	0.00529	0.00616	0.07471	0.00482	0.00516
49	0.01621	0.01594	0.05483	0.33008	0.22497	0.04072	0.01797	0.11213	0.04253	0.02240	0.01306	0.01703	0.01014	0.00703	0.00744	0.00215	0.04660	0.00593	0.00373	0.00911
50	0.01133	0.01069	0.06422	0.01120	0.01316	0.03536	0.00934	0.01383	0.01369	0.03990	0.14006	0.09131	0.09040	0.09260	0.21695	0.00514	0.07398	0.05548	0.00490	0.00645
51	0.00859	0.00647	0.00797	0.00854	0.00982	0.00585	0.00616	0.01053	0.01530	0.02018	0.22933	0.34457	0.23578	0.01782	0.00825	0.00245	0.00367	0.04641	0.00654	0.00578

[dist]
# distance from previous block
# <min> <max>
0	1

[block]
# block no. 2 follows, 32 sequences, length 34
# corresponding to MSA columns:
# 220-253
name=unknown_C
#
# <colnr> <probs for GDERKNQSTAVLIFYWHMCP>
#	G	D	E	R	K	N	Q	S	T	A	V	L	I	F	Y	W	H	M	C	P
0	0.01626	0.01363	0.01702	0.08241	0.16166	0.03831	0.01252	0.11357	0.19962	0.05195	0.04443	0.11195	0.08716	0.01030	0.00707	0.00220	0.00628	0.00888	0.00559	0.00918
1	0.01878	0.02635	0.18847	0.05935	0.02412	0.30605	0.05430	0.04760	0.01600	0.01879	0.01116	0.01426	0.00907	0.00882	0.02909	0.00236	0.14859	0.00519	0.00331	0.00834
2	0.01167	0.01036	0.01501	0.01353	0.01478	0.03199	0.05277	0.01388	0.01114	0.01596	0.01542	0.02360	0.01462	0.07845	0.45503	0.00782	0.19710	0.00698	0.00344	0.00645
3	0.81159	0.01298	0.00986	0.00882	0.01298	0.01505	0.00727	0.01972	0.01142	0.03010	0.00934	0.01090	0.00727	0.00623	0.00415	0.00208	0.00519	0.00363	0.00415	0.00727
4	0.01017	0.00682	0.00835	0.00841	0.00966	0.00639	0.00593	0.01146	0.01365	0.05342	0.13289	0.16540	0.20724	0.19343	0.06221	0.05063	0.00547	0.03732	0.00563	0.00552
5	0.06983	0.01483	0.02041	0.18672	0.22893	0.01616	0.01540	0.15654	0.11251	0.06651	0.01571	0.01785	0.01185	0.00710	0.00649	0.00207	0.00732	0.00604	0.00475	0.03298
6	0.01346	0.03471	0.72942	0.01912	0.02904	0.01558	0.02479	0.02125	0.01417	0.02125	0.01204	0.01417	0.00850	0.00637	0.00637	0.00212	0.00992	0.00496	0.00283	0.00992
7	0.01015	0.00636	0.00780	0.00827	0.00915	0.00648	0.00579	0.01202	0.01232	0.01874	0.02555	0.25101	0.02655	0.14658	0.15713	0.00458	0.00689	0.01091	0.26813	0.00559
8	0.00959	0.00719	0.01078	0.01078	0.01198	0.00839	0.00839	0.01198	0.01078	0.01558	0.01797	0.02636	0.01677	0.05032	0.73760	0.01078	0.01797	0.00719	0.00359	0.00599
9	0.01267	0.01193	0.02013	0.74806	0.04621	0.01491	0.01863	0.01714	0.01342	0.01714	0.01193	0.01789	0.00894	0.00671	0.00671	0.00224	0.00894	0.00596	0.00298	0.00745
10	0.78089	0.01292	0.01009	0.00895	0.01314	0.01485	0.00737	0.02023	0.01172	0.05747	0.01002	0.01137	0.00763	0.00631	0.00425	0.00208	0.00521	0.00376	0.00432	0.00743
11	0.00999	0.00662	0.00852	0.00943	0.01056	0.00610	0.00679	0.01153	0.01385	0.06497	0.04018	0.49280	0.14311	0.04724	0.00940	0.00280	0.00432	0.09957	0.00628	0.00592
12	0.01068	0.01012	0.06708	0.01048	0.01272	0.00878	0.00885	0.01515	0.06727	0.02516	0.51039	0.07095	0.05047	0.01316	0.00874	0.00224	0.05409	0.04011	0.00659	0.00695
13	0.01500	0.01189	0.01402	0.01007	0.01598	0.00901	0.00808	0.01795	0.01427	0.06903	0.01290	0.01451	0.01038	0.00519	0.00509	0.00107	0.00502	0.00416	0.00426	0.75211
14	0.00836	0.00681	0.00739	0.00724	0.00932	0.00585	0.00543	0.01045	0.01630	0.02051	0.24488	0.06065	0.54121	0.01610	0.00793	0.00222	0.00334	0.01361	0.00654	0.00585
15	0.00844	0.00625	0.00771	0.00850	0.00944	0.00571	0.00583	0.00993	0.01404	0.01847	0.14345	0.44836	0.19108	0.07772	0.01035	0.00283	0.00388	0.01625	0.00623	0.00552
16	0.00960	0.00644	0.00885	0.00934	0.00993	0.00666	0.00655	0.01025	0.01109	0.01506	0.02472	0.23657	0.04637	0.15640	0.23379	0.15677	0.00896	0.03327	0.00445	0.00493
17	0.01267	0.01193	0.02013	0.74806	0.04621	0.01491	0.01863	0.01714	0.01342	0.01714	0.01193	0.01789	0.00894	0.00671	0.00671	0.00224	0.00894	0.00596	0.00298	0.00745
18	0.02506	0.03198	0.01901	0.01729	0.02074	0.73725	0.01296	0.02679	0.01901	0.01642	0.01037	0.01210	0.00864	0.00691	0.00605	0.00173	0.01210	0.00432	0.00346	0.00778
19	0.71820	0.01367	0.01108	0.00961	0.01391	0.01574	0.00792	0.10053	0.01381	0.03155	0.01015	0.01152	0.00776	0.00645	0.00446	0.00207	0.00545	0.00392	0.00446	0.00776
20	0.01211	0.00949	0.01121	0.00930	0.01313	0.00762	0.00705	0.01460	0.01363	0.02092	0.02027	0.22630	0.02060	0.00987	0.00595	0.00156	0.00443	0.00853	0.10551	0.47790
21	0.02581	0.01830	0.01983	0.01520	0.02056	0.02008	0.01256	0.65533	0.03072	0.08808	0.01680	0.01656	0.01176	0.00807	0.00671	0.00202	0.00727	0.00609	0.00682	0.01141
22	0.02506	0.03198	0.01901	0.01729	0.02074	0.73725	0.01296	0.02679	0.01901	0.01642	0.01037	0.01210	0.00864	0.00691	0.00605	0.00173	0.01210	0.00432	0.00346	0.00778
23	0.02107	0.00924	0.01243	0.01060	0.01393	0.00817	0.00824	0.02332	0.01735	0.42678	0.13909	0.19142	0.03056	0.04495	0.00853	0.00242	0.00494	0.01047	0.00751	0.00896
24	0.06362	0.00792	0.00979	0.01039	0.01208	0.00797	0.00824	0.01530	0.05443	0.05703	0.08085	0.22830	0.03507	0.03799	0.00867	0.00271	0.00496	0.26215	0.08597	0.00654
25	0.00976	0.00651	0.00732	0.00732	0.00732	0.00651	0.00407	0.00976	0.00976	0.01301	0.02114	0.04391	0.02439	0.76419	0.03415	0.00651	0.00651	0.00976	0.00407	0.00407
26	0.00976	0.00651	0.00732	0.00732	0.00732	0.00651	0.00407	0.00976	0.00976	0.01301	0.02114	0.04391	0.02439	0.76419	0.03415	0.00651	0.00651	0.00976	0.00407	0.00407
27	0.01129	0.00892	0.01020	0.00982	0.01210	0.00900	0.00755	0.06035	0.14035	0.02326	0.18638	0.13195	0.25113	0.01619	0.03586	0.00266	0.00479	0.06463	0.00651	0.00709
28	0.00823	0.00604	0.00774	0.00907	0.00977	0.00556	0.00621	0.00954	0.01329	0.01737	0.04151	0.63441	0.14389	0.02034	0.00849	0.00267	0.00390	0.04023	0.00623	0.00551
29	0.01301	0.01228	0.02075	0.68638	0.10521	0.01500	0.01881	0.01744	0.01358	0.01756	0.01199	0.01778	0.00909	0.00664	0.00670	0.00221	0.00886	0.00596	0.00301	0.00773
30	0.04602	0.34663	0.40577	0.01547	0.02338	0.02024	0.01844	0.02070	0.01383	0.01926	0.01078	0.01259	0.00850	0.00610	0.00541	0.00183	0.00857	0.00432	0.00290	0.00926
31	0.01434	0.02789	0.46048	0.04800	0.08797	0.01597	0.20730	0.02112	0.01469	0.02123	0.01250	0.01556	0.00915	0.00616	0.00683	0.00216	0.01010	0.00588	0.00303	0.00966
32	0.02357	0.01242	0.01515	0.01217	0.01645	0.01217	0.00982	0.22689	0.02211	0.35213	0.10033	0.09622	0.04920	0.01036	0.00708	0.00213	0.00567	0.00858	0.00745	0.01008
33	0.01797	0.06276	0.02595	0.04574	0.28319	0.05973	0.13311	0.15198	0.01847	0.02454	0.01673	0.02066	0.04931	0.00757	0.00731	0.00208	0.03015	0.02892	0.00420	0.00962

[dist]
# distance from previous block
# <min> <max>
9	20

[block]
# block no. 3 follows, 32 sequences, length 50
# corresponding to MSA columns:
# 274-323
name=unknown_D
#
# <colnr> <probs for GDERKNQSTAVLIFYWHMCP>
#	G	D	E	R	K	N	Q	S	T	A	V	L	I	F	Y	W	H	M	C	P
0	0.01307	0.00807	0.01012	0.00992	0.01177	0.00781	0.00726	0.01693	0.09829	0.13128	0.15816	0.32034	0.06700	0.07601	0.01001	0.00275	0.00447	0.03299	0.00666	0.00708
1	0.01760	0.01572	0.02299	0.02016	0.09470	0.06159	0.19605	0.08133	0.14373	0.08134	0.02102	0.02424	0.05774	0.04092	0.02599	0.00260	0.05589	0.02229	0.00495	0.00916
2	0.01901	0.09757	0.23932	0.01949	0.02590	0.26768	0.15842	0.05759	0.01703	0.02019	0.01173	0.01405	0.00906	0.00644	0.00641	0.00195	0.01058	0.00528	0.00337	0.00895
3	0.00976	0.00651	0.00732	0.00732	0.00732	0.00651	0.00407	0.00976	0.00976	0.01301	0.02114	0.04391	0.02439	0.76419	0.03415	0.00651	0.00651	0.00976	0.00407	0.00407
4	0.01043	0.00693	0.00817	0.00813	0.00986	0.00623	0.00595	0.01238	0.01531	0.06987	0.18317	0.18163	0.28292	0.08097	0.01006	0.00265	0.00394	0.03318	0.06215	0.00608
5	0.02236	0.01458	0.01549	0.01243	0.01670	0.05088	0.01006	0.33859	0.02384	0.18025	0.04541	0.02464	0.08886	0.00912	0.00657	0.00198	0.00615	0.00717	0.11513	0.00977
6	0.81159	0.01298	0.00986	0.00882	0.01298	0.01505	0.00727	0.01972	0.01142	0.03010	0.00934	0.01090	0.00727	0.00623	0.00415	0.00208	0.00519	0.00363	0.00415	0.00727
7	0.03010	0.01142	0.01557	0.01194	0.01713	0.00986	0.00986	0.03270	0.01920	0.72698	0.02647	0.02284	0.01661	0.00830	0.00675	0.00208	0.00571	0.00675	0.00830	0.01142
8	0.01212	0.00808	0.00995	0.00994	0.01172	0.00785	0.00747	0.08852	0.01681	0.06605	0.13966	0.34673	0.10592	0.01634	0.00795	0.00244	0.00443	0.08255	0.04870	0.00675
9	0.00826	0.00708	0.00711	0.00705	0.00937	0.00607	0.00530	0.01060	0.04114	0.01850	0.06646	0.06310	0.69361	0.01670	0.00789	0.00227	0.00347	0.01392	0.00625	0.00585
10	0.81159	0.01298	0.00986	0.00882	0.01298	0.01505	0.00727	0.01972	0.01142	0.03010	0.00934	0.01090	0.00727	0.00623	0.00415	0.00208	0.00519	0.00363	0.00415	0.00727
11	0.25557	0.01127	0.01291	0.01047	0.01493	0.01088	0.00857	0.02610	0.01667	0.43138	0.07178	0.02381	0.06052	0.00861	0.00614	0.00209	0.00524	0.00667	0.00690	0.00950
12	0.04529	0.00856	0.00943	0.00881	0.01006	0.00880	0.00590	0.11156	0.01431	0.01971	0.07401	0.10731	0.06936	0.45229	0.02298	0.00473	0.00590	0.01027	0.00503	0.00567
13	0.03788	0.00892	0.00967	0.00952	0.01172	0.00922	0.00709	0.01826	0.21471	0.02260	0.09806	0.20807	0.21008	0.01409	0.00730	0.00228	0.00408	0.01209	0.08717	0.00721
14	0.02551	0.01879	0.02014	0.01544	0.02081	0.02081	0.01275	0.69996	0.03155	0.04229	0.01611	0.01611	0.01141	0.00805	0.00671	0.00201	0.00738	0.00604	0.00671	0.01141
15	0.01860	0.01431	0.01531	0.01328	0.01724	0.01614	0.01047	0.13916	0.50779	0.07325	0.02508	0.02348	0.01856	0.00879	0.00664	0.00217	0.00550	0.00719	0.06658	0.01047
16	0.00910	0.00673	0.00842	0.00869	0.00992	0.00630	0.00618	0.01176	0.03952	0.02172	0.34033	0.30415	0.12820	0.05602	0.00949	0.00258	0.00370	0.01457	0.00665	0.00597
17	0.01045	0.00704	0.00788	0.00767	0.00791	0.00713	0.00445	0.03991	0.01071	0.01429	0.02092	0.04269	0.02383	0.73115	0.03295	0.00631	0.00654	0.00960	0.00418	0.00439
18	0.00959	0.00716	0.01064	0.01064	0.01179	0.00831	0.00821	0.01189	0.01074	0.01547	0.01810	0.02709	0.01709	0.08011	0.70825	0.01061	0.01749	0.00730	0.00361	0.00591
19	0.01391	0.01193	0.01391	0.00994	0.01590	0.00894	0.00795	0.01690	0.01391	0.02186	0.01193	0.01391	0.00994	0.00497	0.00497	0.00099	0.00497	0.00398	0.00398	0.80521
20	0.00920	0.00625	0.00795	0.00906	0.00989	0.00594	0.00646	0.01096	0.01367	0.01897	0.07157	0.47798	0.07340	0.04541	0.00900	0.00270	0.00411	0.09839	0.11344	0.00566
21	0.02506	0.03198	0.01901	0.01729	0.02074	0.73725	0.01296	0.02679	0.01901	0.01642	0.01037	0.01210	0.00864	0.00691	0.00605	0.00173	0.01210	0.00432	0.00346	0.00778
22	0.00943	0.00686	0.00887	0.00837	0.00998	0.00630	0.00628	0.01253	0.01883	0.02652	0.69036	0.05075	0.09199	0.01386	0.00791	0.00212	0.00318	0.01222	0.00734	0.00630
23	0.04317	0.00713	0.00802	0.00803	0.01002	0.00637	0.00593	0.01187	0.01538	0.06351	0.15464	0.21645	0.39252	0.01643	0.00784	0.00233	0.00369	0.01408	0.00645	0.00614
24	0.01661	0.01594	0.02724	0.04119	0.72233	0.01594	0.02059	0.02059	0.01528	0.02192	0.01262	0.01661	0.01063	0.00598	0.00664	0.00199	0.00797	0.00598	0.00332	0.01063
25	0.01008	0.00743	0.00875	0.00826	0.01028	0.00684	0.00620	0.01355	0.05852	0.04680	0.40660	0.05251	0.28457	0.03940	0.00869	0.00232	0.00357	0.01231	0.00687	0.00645
26	0.04582	0.01407	0.01795	0.01506	0.01728	0.01728	0.01239	0.10788	0.09534	0.13925	0.06025	0.01953	0.01520	0.01034	0.01430	0.00252	0.37506	0.00656	0.00507	0.00884
27	0.01029	0.00742	0.01017	0.01162	0.01306	0.00730	0.00986	0.01305	0.01511	0.01958	0.03779	0.16188	0.08295	0.01875	0.00909	0.00299	0.00571	0.55112	0.00619	0.00605
28	0.01584	0.01810	0.03959	0.02828	0.03507	0.01697	0.69796	0.02149	0.01584	0.02149	0.01357	0.01810	0.01018	0.00566	0.00792	0.00226	0.01131	0.00792	0.00339	0.00905
29	0.02323	0.01653	0.01804	0.03911	0.01979	0.01812	0.01174	0.54313	0.04368	0.06855	0.01894	0.01913	0.03561	0.00831	0.00656	0.00199	0.00677	0.00639	0.08379	0.01057
30	0.01530	0.08318	0.11695	0.20915	0.36285	0.01663	0.06168	0.01984	0.01457	0.02010	0.01215	0.01619	0.00974	0.00617	0.00650	0.00204	0.00860	0.00575	0.00314	0.00948
31	0.00864	0.00666	0.00798	0.00859	0.01010	0.00600	0.00644	0.01059	0.01511	0.01934	0.14483	0.26797	0.33035	0.01794	0.00831	0.00250	0.00392	0.11256	0.00638	0.00577
32	0.81159	0.01298	0.00986	0.00882	0.01298	0.01505	0.00727	0.01972	0.01142	0.03010	0.00934	0.01090	0.00727	0.00623	0.00415	0.00208	0.00519	0.00363	0.00415	0.00727
33	0.64774	0.01387	0.03140	0.01129	0.01549	0.01527	0.06843	0.01947	0.01206	0.02819	0.03339	0.01314	0.00951	0.00676	0.00572	0.00215	0.05009	0.00446	0.00409	0.00746
34	0.03912	0.11099	0.06236	0.03567	0.03913	0.11881	0.01130	0.06884	0.04525	0.04514	0.03252	0.01531	0.01167	0.00630	0.00555	0.00151	0.00696	0.00476	0.00420	0.33461
35	0.01194	0.00868	0.01074	0.01005	0.01096	0.00974	0.00709	0.03481	0.06964	0.03925	0.01973	0.03402	0.02018	0.42224	0.18093	0.00643	0.08503	0.00841	0.00430	0.00583
36	0.01411	0.09648	0.39644	0.07009	0.05397	0.01653	0.12429	0.01996	0.01424	0.02027	0.03574	0.03583	0.01165	0.00718	0.00752	0.00215	0.05517	0.00606	0.00320	0.00912
37	0.13760	0.01812	0.02102	0.03704	0.16854	0.08746	0.06100	0.28521	0.06823	0.03076	0.01431	0.01584	0.01084	0.00711	0.00635	0.00203	0.00781	0.00574	0.00500	0.00998
38	0.01117	0.00811	0.00953	0.00929	0.01086	0.00794	0.00673	0.07026	0.03775	0.01952	0.07707	0.15712	0.15001	0.21623	0.01610	0.05487	0.00523	0.08759	0.00547	0.03914
39	0.01228	0.00851	0.01081	0.05379	0.01363	0.00859	0.00788	0.03447	0.09552	0.04282	0.04034	0.17389	0.06721	0.09903	0.01465	0.18198	0.00545	0.06105	0.00507	0.06301
40	0.01627	0.01511	0.08450	0.01795	0.10426	0.01420	0.07430	0.08016	0.14626	0.08732	0.08353	0.02548	0.05410	0.03770	0.05960	0.00296	0.07443	0.00760	0.00520	0.00908
41	0.01883	0.01125	0.06153	0.01079	0.01464	0.00923	0.00923	0.04448	0.04755	0.30426	0.26677	0.03424	0.07566	0.01058	0.00709	0.00208	0.00488	0.00893	0.04908	0.00890
42	0.01030	0.00721	0.00862	0.00890	0.01012	0.00708	0.00641	0.03005	0.04751	0.02043	0.14840	0.23000	0.09788	0.16105	0.01287	0.00318	0.00454	0.08272	0.09681	0.00591
43	0.04096	0.01370	0.02121	0.23663	0.20405	0.03890	0.07976	0.04025	0.01515	0.02102	0.07808	0.07476	0.01710	0.00835	0.00768	0.00216	0.04718	0.00747	0.00396	0.04162
44	0.01408	0.08799	0.35983	0.10377	0.08036	0.01645	0.10297	0.01971	0.01385	0.01969	0.01224	0.01583	0.00951	0.00960	0.05774	0.00273	0.05597	0.00560	0.00302	0.00904
45	0.00888	0.00715	0.00798	0.00787	0.00995	0.00639	0.00601	0.01173	0.04169	0.02117	0.25433	0.05960	0.46065	0.01585	0.00797	0.00227	0.00357	0.05428	0.00659	0.00607
46	0.00955	0.00706	0.01052	0.01063	0.01173	0.00811	0.00817	0.01171	0.01087	0.01557	0.01910	0.07668	0.01853	0.04753	0.66697	0.03305	0.01665	0.00797	0.00376	0.00587
47	0.01377	0.01372	0.01648	0.16476	0.04619	0.11755	0.07176	0.04199	0.03413	0.01957	0.08079	0.07553	0.17986	0.03401	0.03287	0.00261	0.03331	0.00923	0.00467	0.00721
48	0.01770	0.04500	0.33674	0.01973	0.11653	0.01581	0.01858	0.16868	0.01854	0.08492	0.01633	0.04137	0.01302	0.00802	0.00670	0.00214	0.00827	0.04737	0.00451	0.01006
49	0.01267	0.01193	0.02013	0.74806	0.04621	0.01491	0.01863	0.01714	0.01342	0.01714	0.01193	0.01789	0.00894	0.00671	0.00671	0.00224	0.00894	0.00596	0.00298	0.00745

[dist]
# distance from previous block
# <min> <max>
1	2

[block]
# block no. 4 follows, 32 sequences, length 34
# corresponding to MSA columns:
# 326-359
name=unknown_E
#
# <colnr> <probs for GDERKNQSTAVLIFYWHMCP>
#	G	D	E	R	K	N	Q	S	T	A	V	L	I	F	Y	W	H	M	C	P
0	0.02074	0.01692	0.02265	0.11668	0.27279	0.01834	0.01627	0.37318	0.02350	0.03190	0.01435	0.01651	0.01082	0.00715	0.00669	0.00203	0.00779	0.00601	0.00504	0.01064
1	0.00934	0.00667	0.00763	0.00771	0.00915	0.00597	0.00539	0.01047	0.01391	0.03757	0.10830	0.15873	0.36504	0.14827	0.01395	0.06342	0.00424	0.01310	0.00577	0.00537
2	0.18260	0.01199	0.01648	0.34498	0.08193	0.01371	0.01382	0.01983	0.05737	0.08585	0.01770	0.04854	0.04158	0.00817	0.00638	0.00222	0.00706	0.02743	0.00433	0.00803
3	0.04161	0.01985	0.01839	0.01852	0.11434	0.26889	0.01289	0.11954	0.01766	0.05813	0.01349	0.01667	0.01115	0.01517	0.13171	0.02204	0.08181	0.00557	0.00414	0.00841
4	0.00957	0.00662	0.00783	0.00799	0.00851	0.00644	0.00514	0.01047	0.01214	0.01625	0.13135	0.10242	0.07457	0.49416	0.02482	0.00505	0.00559	0.06129	0.00502	0.00477
5	0.00961	0.00711	0.01037	0.01037	0.01142	0.00816	0.00787	0.01171	0.01066	0.01527	0.01835	0.02847	0.01769	0.13623	0.65295	0.01027	0.01659	0.00750	0.00365	0.00576
