[name]
unknown

[dist]
# distance from previous block
# <min> <max>
0	27

[block]
# block no. 0 follows, 28 sequences, length 9
# corresponding to MSA columns:
# 30-38
name=unknown_A
#
# <colnr> <probs for GDERKNQSTAVLIFYWHMCP>
#	G	D	E	R	K	N	Q	S	T	A	V	L	I	F	Y	W	H	M	C	P
0	0.01943	0.74891	0.03809	0.01244	0.01866	0.02876	0.01244	0.02177	0.01477	0.01710	0.01011	0.01166	0.00933	0.00622	0.00466	0.00155	0.00777	0.00389	0.00311	0.00933
1	0.01507	0.01292	0.01507	0.01077	0.01723	0.00969	0.00861	0.01830	0.01507	0.02369	0.01292	0.01507	0.01077	0.00538	0.00538	0.00108	0.00538	0.00431	0.00431	0.78898
2	0.03018	0.01628	0.01929	0.01479	0.02050	0.01648	0.01221	0.34797	0.02734	0.38245	0.02319	0.02118	0.01524	0.00886	0.00729	0.00222	0.00707	0.00694	0.00815	0.01237
3	0.00925	0.00739	0.00828	0.00806	0.01022	0.00642	0.00604	0.01171	0.01813	0.02335	0.31633	0.06384	0.45124	0.01702	0.00858	0.00239	0.00358	0.01448	0.00724	0.00642
4	0.01778	0.01733	0.03469	0.17736	0.12187	0.01716	0.40086	0.02315	0.01682	0.07706	0.01532	0.01977	0.01137	0.00664	0.00803	0.00239	0.01077	0.00777	0.00400	0.00986
5	0.01738	0.01848	0.08668	0.18885	0.10790	0.01727	0.30995	0.02267	0.01626	0.07516	0.01483	0.01922	0.01108	0.00712	0.00884	0.00243	0.05486	0.00738	0.00390	0.00975
6	0.02077	0.00978	0.01289	0.01077	0.01443	0.00861	0.00855	0.02374	0.02028	0.35037	0.31352	0.04179	0.10870	0.01243	0.00797	0.00229	0.00477	0.01059	0.00835	0.00942
7	0.02003	0.01252	0.01559	0.08841	0.02026	0.01317	0.01112	0.02987	0.27024	0.22350	0.18015	0.03184	0.03029	0.01048	0.00763	0.00236	0.00576	0.00890	0.00756	0.01033
8	0.05859	0.01712	0.02175	0.26887	0.07369	0.07444	0.04057	0.15366	0.06312	0.07524	0.01562	0.01865	0.01167	0.00819	0.00846	0.00236	0.06692	0.00646	0.00487	0.00975

[dist]
# distance from previous block
# <min> <max>
2	6

[block]
# block no. 1 follows, 28 sequences, length 16
# corresponding to MSA columns:
# 45-60
name=unknown_B
#
# <colnr> <probs for GDERKNQSTAVLIFYWHMCP>
#	G	D	E	R	K	N	Q	S	T	A	V	L	I	F	Y	W	H	M	C	P
0	0.02311	0.01572	0.01560	0.01311	0.01734	0.13936	0.01027	0.05540	0.06056	0.27469	0.13132	0.07193	0.04917	0.01054	0.00737	0.00214	0.00679	0.00861	0.00707	0.07992
1	0.02068	0.02159	0.02971	0.02268	0.02843	0.15753	0.30831	0.13735	0.09141	0.02666	0.01688	0.04385	0.01340	0.00780	0.00772	0.00225	0.01045	0.00767	0.00483	0.04080
2	0.01567	0.01458	0.02425	0.25279	0.05681	0.01565	0.17540	0.10653	0.01858	0.02463	0.08355	0.02883	0.10626	0.00950	0.00845	0.00241	0.03374	0.00876	0.00479	0.00883
3	0.41047	0.06263	0.01639	0.06864	0.01971	0.08914	0.01096	0.10398	0.10617	0.03036	0.01395	0.01526	0.01072	0.00749	0.00566	0.00220	0.00714	0.00510	0.00496	0.00907
4	0.00900	0.00663	0.00844	0.00958	0.01048	0.00607	0.00658	0.01064	0.01520	0.02012	0.13151	0.54825	0.14869	0.02107	0.00908	0.00279	0.00403	0.01887	0.00691	0.00607
5	0.01737	0.34901	0.37742	0.01699	0.02537	0.05925	0.01986	0.02279	0.01537	0.02015	0.01166	0.01361	0.00927	0.00664	0.00591	0.00195	0.00957	0.00468	0.00312	0.01000
6	0.07592	0.62634	0.05861	0.01291	0.01901	0.07004	0.01272	0.02223	0.01498	0.01848	0.01028	0.01189	0.00922	0.00636	0.00485	0.00165	0.00805	0.00399	0.00325	0.00922
7	0.01038	0.00779	0.01168	0.01168	0.01298	0.00909	0.00909	0.01298	0.01168	0.01687	0.01947	0.02856	0.01817	0.05452	0.71573	0.01168	0.01947	0.00779	0.00389	0.00649
8	0.02461	0.19420	0.02473	0.06086	0.02331	0.46644	0.01404	0.07347	0.01989	0.01971	0.01153	0.01348	0.00959	0.00728	0.00622	0.00186	0.01132	0.00475	0.00382	0.00889
9	0.01507	0.01292	0.01507	0.01077	0.01723	0.00969	0.00861	0.01830	0.01507	0.02369	0.01292	0.01507	0.01077	0.00538	0.00538	0.00108	0.00538	0.00431	0.00431	0.78898
10	0.01057	0.00705	0.00793	0.00793	0.00793	0.00705	0.00440	0.01057	0.01057	0.01409	0.02290	0.04757	0.02643	0.74454	0.03700	0.00705	0.00705	0.01057	0.00440	0.00440
11	0.02638	0.16973	0.10672	0.01478	0.02120	0.01829	0.01384	0.19904	0.02240	0.30625	0.01999	0.01898	0.01365	0.00810	0.00670	0.00209	0.00755	0.00617	0.00660	0.01154
12	0.06561	0.13910	0.21746	0.01899	0.02584	0.19742	0.11039	0.05120	0.01784	0.07156	0.01351	0.01538	0.01021	0.00705	0.00662	0.00209	0.01038	0.00553	0.00401	0.00982
13	0.01777	0.06693	0.10630	0.02654	0.06504	0.06888	0.41875	0.02429	0.05846	0.02296	0.01480	0.01841	0.01132	0.00653	0.00775	0.00227	0.01103	0.00738	0.00384	0.04075
14	0.11518	0.03731	0.01909	0.05815	0.02154	0.03642	0.06973	0.09766	0.09239	0.12748	0.02022	0.02087	0.04601	0.00786	0.00656	0.00198	0.00697	0.00644	0.00564	0.20251
15	0.06531	0.03723	0.02452	0.02210	0.13325	0.10012	0.13317	0.12946	0.07379	0.04812	0.03999	0.01892	0.01404	0.00740	0.00697	0.00205	0.00856	0.00653	0.00499	0.12348

[dist]
# distance from previous block
# <min> <max>
6	46

[block]
# block no. 2 follows, 28 sequences, length 6
# corresponding to MSA columns:
# 119-124
name=unknown_C
#
# <colnr> <probs for GDERKNQSTAVLIFYWHMCP>
#	G	D	E	R	K	N	Q	S	T	A	V	L	I	F	Y	W	H	M	C	P
0	0.01924	0.01990	0.13222	0.01470	0.01982	0.10409	0.01319	0.08000	0.17710	0.10638	0.05731	0.05317	0.07047	0.03919	0.00845	0.00241	0.00748	0.00811	0.00601	0.06074
1	0.07889	0.01985	0.02198	0.01761	0.02280	0.14325	0.12096	0.13516	0.18785	0.10295	0.01934	0.01969	0.01426	0.00805	0.00708	0.00219	0.00854	0.00672	0.00588	0.05695
2	0.08049	0.01765	0.02654	0.02007	0.02589	0.06137	0.28040	0.05774	0.12932	0.02587	0.01995	0.02194	0.05337	0.00763	0.00732	0.00215	0.00880	0.00747	0.00484	0.14120
3	0.01861	0.01281	0.01544	0.01120	0.01749	0.00989	0.00903	0.02175	0.01623	0.16088	0.01610	0.01702	0.01222	0.00611	0.00577	0.00131	0.00554	0.00491	0.00525	0.63242
4	0.02965	0.01246	0.01657	0.01257	0.01833	0.01052	0.01033	0.03254	0.01984	0.58942	0.02602	0.02311	0.01677	0.00839	0.00698	0.00205	0.00605	0.00680	0.00821	0.14339
5	0.01199	0.00970	0.01130	0.01084	0.01332	0.01010	0.00840	0.01937	0.19414	0.02431	0.19145	0.04882	0.22016	0.02154	0.12766	0.00403	0.00703	0.05131	0.00672	0.00782

[dist]
# distance from previous block
# <min> <max>
40	80

[block]
# block no. 3 follows, 28 sequences, length 12
# corresponding to MSA columns:
# 218-229
name=unknown_D
#
# <colnr> <probs for GDERKNQSTAVLIFYWHMCP>
#	G	D	E	R	K	N	Q	S	T	A	V	L	I	F	Y	W	H	M	C	P
0	0.08332	0.01223	0.01521	0.15067	0.02228	0.01195	0.01090	0.07680	0.01760	0.07249	0.11152	0.06468	0.05930	0.00938	0.00680	0.00196	0.00611	0.00782	0.00547	0.25352
1	0.01547	0.01523	0.02456	0.55735	0.06995	0.05144	0.09820	0.04367	0.01594	0.02028	0.01324	0.01897	0.01000	0.00717	0.00739	0.00238	0.01007	0.00663	0.00347	0.00858
2	0.05517	0.01401	0.01972	0.39722	0.05944	0.01593	0.01613	0.14617	0.01833	0.02526	0.01604	0.08053	0.01361	0.00866	0.00712	0.00227	0.00823	0.00737	0.00450	0.08428
3	0.02358	0.02912	0.01823	0.01705	0.02014	0.57691	0.01262	0.02534	0.01930	0.01794	0.01686	0.15491	0.01692	0.01047	0.00709	0.00208	0.01137	0.00780	0.00433	0.00793
4	0.02715	0.03464	0.02060	0.01873	0.02247	0.71536	0.01404	0.02903	0.02060	0.01779	0.01124	0.01311	0.00936	0.00749	0.00655	0.00187	0.01311	0.00468	0.00375	0.00843
5	0.01263	0.00631	0.00947	0.00947	0.00947	0.00631	0.00631	0.00947	0.00947	0.01263	0.01263	0.02210	0.01263	0.02525	0.02841	0.78851	0.00631	0.00631	0.00316	0.00316
6	0.01548	0.01422	0.02050	0.01464	0.02128	0.01139	0.13822	0.01928	0.01548	0.02361	0.01327	0.01596	0.01082	0.00553	0.00601	0.00134	0.00672	0.00514	0.00418	0.63693
7	0.01507	0.01292	0.01507	0.01077	0.01723	0.00969	0.00861	0.01830	0.01507	0.02369	0.01292	0.01507	0.01077	0.00538	0.00538	0.00108	0.00538	0.00431	0.00431	0.78898
8	0.00920	0.00659	0.00874	0.00989	0.01062	0.00613	0.00677	0.01098	0.01550	0.02108	0.19610	0.57657	0.05296	0.02089	0.00911	0.00279	0.00403	0.01887	0.00705	0.00613
9	0.01419	0.01177	0.01368	0.01021	0.01541	0.00917	0.00779	0.01679	0.01419	0.02181	0.01487	0.02141	0.01382	0.14962	0.01155	0.00224	0.00571	0.00553	0.00433	0.63587
10	0.02169	0.22381	0.21770	0.01818	0.06067	0.15623	0.01726	0.08298	0.01856	0.09811	0.01406	0.01529	0.01065	0.00720	0.00632	0.00199	0.00954	0.00522	0.00427	0.01028
11	0.01912	0.01898	0.02457	0.06830	0.32642	0.13669	0.06652	0.08627	0.01804	0.02315	0.01504	0.02171	0.01332	0.11717	0.01165	0.00288	0.00944	0.00694	0.00409	0.00969

[dist]
# distance from previous block
# <min> <max>
0	1

[block]
# block no. 4 follows, 28 sequences, length 28
# corresponding to MSA columns:
# 231-258
name=unknown_E
#
# <colnr> <probs for GDERKNQSTAVLIFYWHMCP>
#	G	D	E	R	K	N	Q	S	T	A	V	L	I	F	Y	W	H	M	C	P
0	0.01235	0.00702	0.00794	0.00794	0.00922	0.00727	0.00571	0.01490	0.01362	0.02253	0.02274	0.03152	0.02012	0.16603	0.14675	0.00468	0.00719	0.00774	0.47850	0.00624
1	0.08879	0.01100	0.01131	0.00956	0.01305	0.01112	0.00756	0.14277	0.01855	0.03063	0.01956	0.02195	0.01520	0.00787	0.00549	0.00174	0.00479	0.00608	0.44145	0.13152
2	0.01014	0.00722	0.00860	0.00866	0.00989	0.00677	0.00606	0.01205	0.01579	0.02141	0.25155	0.11897	0.16995	0.23221	0.01698	0.00382	0.00480	0.04824	0.04100	0.00589
3	0.01716	0.02060	0.10043	0.03374	0.22747	0.01792	0.42608	0.02298	0.01682	0.02339	0.01426	0.01875	0.01100	0.00630	0.00803	0.00235	0.01107	0.00768	0.00360	0.01038
4	0.01482	0.01292	0.01635	0.14706	0.02347	0.01092	0.01082	0.01835	0.01497	0.02271	0.01292	0.01589	0.01056	0.00574	0.00574	0.00133	0.00620	0.00472	0.00410	0.64039
5	0.01295	0.00697	0.00771	0.00771	0.00933	0.00721	0.00584	0.01618	0.01457	0.02515	0.02291	0.02738	0.01854	0.01723	0.14030	0.00359	0.00645	0.00697	0.63629	0.00672
6	0.01056	0.00706	0.00799	0.00797	0.00803	0.00704	0.00449	0.01069	0.01093	0.01464	0.04736	0.04781	0.02796	0.71800	0.03596	0.00687	0.00692	0.01066	0.00454	0.00449
7	0.01410	0.01087	0.01496	0.01351	0.01578	0.01249	0.02904	0.13943	0.01609	0.02259	0.01851	0.02563	0.01648	0.04258	0.53024	0.00924	0.04868	0.00751	0.00450	0.00777
8	0.01694	0.01897	0.03933	0.02864	0.03473	0.01905	0.55935	0.02228	0.01612	0.02228	0.01381	0.01897	0.01077	0.00727	0.01122	0.00258	0.13642	0.00820	0.00359	0.00948
9	0.01925	0.72140	0.06395	0.01276	0.01915	0.02830	0.01300	0.02181	0.01479	0.01733	0.01022	0.01180	0.00932	0.00625	0.00475	0.00158	0.00789	0.00394	0.00311	0.00938
10	0.00916	0.00727	0.00753	0.00753	0.00927	0.00640	0.00520	0.01047	0.01484	0.01804	0.05905	0.06352	0.50369	0.22715	0.01676	0.00377	0.00465	0.01397	0.00608	0.00564
11	0.02067	0.22406	0.20189	0.01890	0.02570	0.21277	0.10044	0.07435	0.01831	0.02177	0.01231	0.01444	0.00976	0.00692	0.00645	0.00199	0.01058	0.00528	0.00367	0.00973
12	0.00992	0.00731	0.00920	0.00893	0.01058	0.00667	0.00657	0.01281	0.01907	0.02632	0.52385	0.11763	0.15698	0.04016	0.00958	0.00253	0.00366	0.01405	0.00759	0.00659
13	0.01659	0.33201	0.43007	0.01729	0.02616	0.02180	0.02089	0.02250	0.01511	0.02057	0.01183	0.01382	0.00926	0.00662	0.00598	0.00199	0.00951	0.00476	0.00309	0.01016
14	0.00859	0.00736	0.00736	0.00736	0.00982	0.00614	0.00552	0.01043	0.01657	0.01964	0.07364	0.06996	0.69624	0.01841	0.00859	0.00245	0.00368	0.01534	0.00675	0.00614
15	0.01640	0.01444	0.01913	0.01457	0.02006	0.01344	0.08367	0.02308	0.14276	0.04166	0.01638	0.01819	0.01304	0.00709	0.00788	0.00172	0.07348	0.00579	0.00484	0.46238
16	0.01568	0.01269	0.01435	0.01181	0.01631	0.01187	0.00920	0.11899	0.11862	0.02715	0.05629	0.13777	0.08025	0.01085	0.00700	0.00192	0.00542	0.00915	0.00598	0.32871
17	0.01579	0.22018	0.35817	0.01669	0.02404	0.05851	0.01892	0.02112	0.01480	0.01998	0.01339	0.01676	0.01095	0.01582	0.14117	0.00386	0.01175	0.00540	0.00328	0.00943
18	0.01057	0.00705	0.00793	0.00793	0.00793	0.00705	0.00440	0.01057	0.01057	0.01409	0.02290	0.04757	0.02643	0.74454	0.03700	0.00705	0.00705	0.01057	0.00440	0.00440
19	0.01553	0.01728	0.03613	0.02621	0.03263	0.01605	0.54583	0.02084	0.01704	0.02259	0.02592	0.02919	0.14141	0.00846	0.00858	0.00245	0.01062	0.00987	0.00426	0.00911
20	0.01815	0.01707	0.02593	0.24765	0.39850	0.04889	0.02037	0.09205	0.01803	0.02429	0.01374	0.01813	0.01096	0.00701	0.00720	0.00223	0.00909	0.00640	0.00389	0.01042
21	0.01044	0.00773	0.00902	0.00895	0.01073	0.00722	0.00651	0.01305	0.06859	0.02079	0.16896	0.11971	0.33515	0.01881	0.01233	0.15204	0.00435	0.01318	0.00635	0.00610
22	0.01002	0.00722	0.00947	0.00933	0.01080	0.00668	0.00684	0.01303	0.01931	0.02713	0.57067	0.18473	0.06468	0.01637	0.00871	0.00241	0.00358	0.01458	0.00776	0.00668
23	0.16340	0.01409	0.02134	0.44531	0.10391	0.01652	0.05481	0.02084	0.05139	0.02267	0.01348	0.01824	0.01029	0.00717	0.00682	0.00237	0.00874	0.00620	0.00376	0.00866
24	0.01875	0.01829	0.02846	0.08514	0.06966	0.05878	0.23103	0.14521	0.01886	0.02538	0.01494	0.03582	0.01248	0.00997	0.02693	0.00274	0.16176	0.02190	0.00436	0.00954
25	0.00992	0.00768	0.01113	0.14669	0.01828	0.00797	0.00954	0.01196	0.01417	0.01871	0.03482	0.57148	0.04048	0.01970	0.00893	0.00287	0.00538	0.04786	0.00608	0.00635
26	0.01009	0.00751	0.01106	0.01139	0.01252	0.00848	0.00864	0.01244	0.01211	0.01719	0.02339	0.16389	0.02386	0.04848	0.58131	0.01002	0.01657	0.01024	0.00444	0.00638
27	0.01154	0.00940	0.01424	0.04604	0.05301	0.01125	0.01103	0.01422	0.01202	0.01739	0.01780	0.02622	0.01651	0.04532	0.57156	0.00984	0.09432	0.00750	0.00377	0.00699

[dist]
# distance from previous block
# <min> <max>
0	20

[block]
# block no. 5 follows, 28 sequences, length 19
# corresponding to MSA columns:
# 279-283,299-312
name=unknown_F
#
# <colnr> <probs for GDERKNQSTAVLIFYWHMCP>
#	G	D	E	R	K	N	Q	S	T	A	V	L	I	F	Y	W	H	M	C	P
0	0.00933	0.00688	0.00879	0.01013	0.01091	0.00654	0.00690	0.01164	0.04674	0.01956	0.06413	0.63657	0.09160	0.02158	0.00912	0.00287	0.00423	0.01945	0.00682	0.00622
1	0.01233	0.00631	0.00939	0.00952	0.00956	0.00628	0.00635	0.00952	0.00982	0.01310	0.01481	0.07928	0.01545	0.02505	0.02688	0.72592	0.00615	0.00746	0.00344	0.00338
2	0.01206	0.00820	0.01032	0.01092	0.01314	0.00759	0.00905	0.01469	0.01685	0.07517	0.05098	0.10718	0.28582	0.01871	0.00924	0.00290	0.00539	0.32800	0.00690	0.00690
3	0.01053	0.00714	0.00837	0.00833	0.00857	0.00720	0.00498	0.01102	0.01146	0.01552	0.07620	0.04658	0.02912	0.63089	0.08933	0.00704	0.00776	0.01055	0.00465	0.00477
4	0.01404	0.01316	0.01869	0.01658	0.01702	0.01781	0.01360	0.01597	0.01132	0.01728	0.01289	0.02018	0.01246	0.02684	0.25749	0.00605	0.49088	0.00684	0.00342	0.00746
5	0.28059	0.01409	0.01443	0.01222	0.01662	0.01529	0.00972	0.09534	0.18345	0.18510	0.02106	0.02228	0.01582	0.07300	0.00900	0.00272	0.00615	0.00662	0.00652	0.00996
6	0.04223	0.00764	0.00884	0.00931	0.01091	0.00734	0.00676	0.03444	0.01579	0.04259	0.06575	0.35332	0.14191	0.01706	0.00794	0.00251	0.00425	0.03839	0.17635	0.00667
7	0.01123	0.00886	0.01031	0.00998	0.01215	0.00876	0.00745	0.01734	0.14908	0.02573	0.33077	0.14845	0.20051	0.01580	0.00845	0.00245	0.00405	0.01374	0.00742	0.00747
8	0.01015	0.00725	0.00992	0.01160	0.01259	0.00702	0.00900	0.01236	0.01519	0.02000	0.03935	0.44192	0.04525	0.02155	0.00962	0.00313	0.00534	0.30577	0.00672	0.00626
9	0.01265	0.00785	0.00996	0.00993	0.01165	0.00731	0.00719	0.03537	0.01742	0.09557	0.23268	0.33851	0.09356	0.03689	0.00929	0.00267	0.00431	0.01527	0.04483	0.00709
10	0.01695	0.00905	0.01186	0.01118	0.01379	0.00837	0.00857	0.02030	0.05262	0.22670	0.16254	0.27306	0.06864	0.01605	0.00849	0.00260	0.00492	0.06822	0.00769	0.00839
11	0.02715	0.03464	0.02060	0.01873	0.02247	0.71536	0.01404	0.02903	0.02060	0.01779	0.01124	0.01311	0.00936	0.00749	0.00655	0.00187	0.01311	0.00468	0.00375	0.00843
12	0.01032	0.00816	0.00940	0.00908	0.01132	0.00761	0.00693	0.01457	0.07710	0.02485	0.34061	0.05990	0.33112	0.01618	0.00855	0.00242	0.00389	0.04369	0.00735	0.00695
13	0.00934	0.00712	0.00815	0.00836	0.00983	0.00640	0.00583	0.01106	0.01579	0.02036	0.18335	0.19303	0.32465	0.14769	0.01377	0.00333	0.00433	0.01509	0.00658	0.00593
14	0.69605	0.01322	0.01056	0.00951	0.01365	0.01511	0.00774	0.02040	0.01341	0.03217	0.09720	0.01721	0.01559	0.00778	0.00502	0.00225	0.00534	0.00511	0.00494	0.00774
15	0.69339	0.01383	0.01151	0.01001	0.01466	0.01555	0.00825	0.02326	0.01350	0.12280	0.01261	0.01354	0.00923	0.00705	0.00488	0.00225	0.00570	0.00439	0.00510	0.00848
16	0.00957	0.00685	0.00860	0.00971	0.01041	0.00649	0.00668	0.01086	0.01377	0.01803	0.03951	0.42849	0.11182	0.18862	0.01570	0.00389	0.00511	0.09402	0.00620	0.00568
17	0.01621	0.00945	0.01138	0.01025	0.01329	0.00868	0.00788	0.04936	0.05026	0.19292	0.15410	0.15477	0.26187	0.01531	0.00826	0.00244	0.00464	0.01306	0.00757	0.00831
18	0.00949	0.00826	0.03741	0.07320	0.01477	0.00727	0.00861	0.01141	0.01430	0.01885	0.04005	0.57877	0.10976	0.02033	0.00894	0.00283	0.00490	0.01826	0.00629	0.00631

[dist]
# distance from previous block
# <min> <max>
1	8

[block]
# block no. 6 follows, 28 sequences, length 69
# corresponding to MSA columns:
# 321-389
name=unknown_G
#
# <colnr> <probs for GDERKNQSTAVLIFYWHMCP>
#	G	D	E	R	K	N	Q	S	T	A	V	L	I	F	Y	W	H	M	C	P
0	0.09938	0.22504	0.18815	0.01691	0.05371	0.15365	0.01591	0.06089	0.01735	0.05805	0.01499	0.01635	0.03596	0.00744	0.00610	0.00200	0.00910	0.00528	0.00407	0.00966
1	0.01142	0.00742	0.00873	0.00851	0.00909	0.00723	0.00519	0.01200	0.01203	0.04202	0.07256	0.08517	0.02974	0.58405	0.04822	0.00623	0.00685	0.01096	0.00496	0.02762
2	0.06044	0.01585	0.04923	0.07777	0.06836	0.01656	0.01326	0.14070	0.28302	0.03092	0.11848	0.02845	0.02455	0.00995	0.00742	0.00238	0.00661	0.02928	0.00646	0.01030
3	0.01623	0.01419	0.01419	0.01297	0.01632	0.07125	0.01000	0.02833	0.37365	0.04640	0.12416	0.03603	0.12676	0.01482	0.05894	0.00305	0.00674	0.00959	0.00688	0.00949
4	0.01029	0.00705	0.00789	0.00797	0.00824	0.00690	0.00463	0.01054	0.01134	0.01487	0.02890	0.08226	0.09602	0.63641	0.03279	0.00639	0.00657	0.01153	0.00475	0.00465
5	0.56072	0.01287	0.01101	0.00976	0.01349	0.01444	0.00762	0.05059	0.01351	0.06777	0.01406	0.01990	0.01234	0.15335	0.01124	0.00320	0.00605	0.00557	0.00487	0.00765
6	0.00891	0.00637	0.00848	0.01008	0.01056	0.00594	0.00675	0.01026	0.01417	0.01895	0.06460	0.71413	0.04884	0.02248	0.00925	0.00293	0.00419	0.02038	0.00679	0.00594
7	0.38482	0.01555	0.01549	0.01251	0.01767	0.01684	0.01032	0.22062	0.02091	0.19563	0.01671	0.01656	0.01162	0.00787	0.00600	0.00223	0.00647	0.00552	0.00640	0.01028
8	0.00882	0.00723	0.00779	0.00807	0.01014	0.00620	0.00597	0.01070	0.01638	0.02007	0.10269	0.17545	0.53913	0.01895	0.00874	0.00255	0.00384	0.03429	0.00682	0.00616
9	0.00960	0.00667	0.00833	0.00923	0.00958	0.00640	0.00587	0.01053	0.01309	0.01757	0.07660	0.43385	0.04126	0.29435	0.01968	0.00445	0.00523	0.01637	0.00595	0.00540
10	0.01039	0.00775	0.01147	0.01147	0.01269	0.00897	0.00882	0.01284	0.01162	0.01672	0.01967	0.02964	0.01864	0.09378	0.67711	0.01142	0.01876	0.00795	0.00392	0.00637
11	0.01608	0.01038	0.01236	0.01176	0.01420	0.01061	0.00869	0.05732	0.17093	0.13116	0.03352	0.29424	0.05329	0.10514	0.01183	0.00319	0.00550	0.03437	0.00699	0.00843
12	0.00944	0.00727	0.00865	0.00878	0.01058	0.00648	0.00652	0.01188	0.01772	0.02327	0.30910	0.17096	0.31814	0.01780	0.00876	0.00251	0.00381	0.04469	0.00724	0.00641
13	0.00883	0.00643	0.00833	0.00984	0.01047	0.00593	0.00662	0.01015	0.01419	0.01867	0.04347	0.67182	0.11386	0.02233	0.00921	0.00290	0.00416	0.02012	0.00675	0.00593
14	0.01032	0.00694	0.00800	0.00825	0.00831	0.00688	0.00475	0.01050	0.01106	0.01475	0.02543	0.14937	0.02961	0.63839	0.03292	0.00644	0.00663	0.01206	0.00475	0.00463
15	0.01852	0.01583	0.01669	0.01488	0.01907	0.01829	0.01161	0.06805	0.65592	0.03112	0.02902	0.02667	0.02173	0.00981	0.00739	0.00245	0.00586	0.00814	0.00739	0.01155
16	0.01507	0.01292	0.01507	0.01077	0.01723	0.00969	0.00861	0.01830	0.01507	0.02369	0.01292	0.01507	0.01077	0.00538	0.00538	0.00108	0.00538	0.00431	0.00431	0.78898
17	0.01746	0.00875	0.01077	0.00957	0.01152	0.00813	0.00655	0.01850	0.01428	0.23544	0.02806	0.06310	0.06106	0.44683	0.02508	0.00513	0.00650	0.01010	0.00608	0.00710
18	0.05684	0.02012	0.02139	0.01645	0.02222	0.02231	0.01359	0.65011	0.03335	0.04531	0.01717	0.01724	0.01219	0.00865	0.00717	0.00218	0.00791	0.00645	0.00717	0.01219
19	0.01052	0.00724	0.00892	0.00892	0.00926	0.00759	0.00564	0.01121	0.01086	0.01483	0.02200	0.04255	0.02425	0.56249	0.21607	0.00827	0.01032	0.00984	0.00427	0.00495
20	0.00924	0.00681	0.00868	0.00968	0.01074	0.00626	0.00685	0.01111	0.01573	0.02087	0.16666	0.46893	0.15511	0.02046	0.00908	0.00277	0.00412	0.05374	0.00698	0.00616
21	0.01355	0.00678	0.00678	0.00678	0.00847	0.00678	0.00508	0.01694	0.01524	0.02710	0.02371	0.02710	0.01863	0.00847	0.00508	0.00169	0.00339	0.00678	0.78489	0.00678
22	0.01263	0.00631	0.00947	0.00947	0.00947	0.00631	0.00631	0.00947	0.00947	0.01263	0.01263	0.02210	0.01263	0.02525	0.02841	0.78851	0.00631	0.00631	0.00316	0.00316
23	0.01048	0.00740	0.00974	0.00974	0.01036	0.00803	0.00666	0.01173	0.01111	0.01543	0.02125	0.03842	0.02245	0.41240	0.36370	0.00928	0.01303	0.00923	0.00416	0.00541
24	0.01373	0.01292	0.02180	0.72707	0.05006	0.01615	0.02019	0.01857	0.01453	0.01857	0.01292	0.01938	0.00969	0.00727	0.00727	0.00242	0.00969	0.00646	0.00323	0.00807
25	0.01507	0.01292	0.01507	0.01077	0.01723	0.00969	0.00861	0.01830	0.01507	0.02369	0.01292	0.01507	0.01077	0.00538	0.00538	0.00108	0.00538	0.00431	0.00431	0.78898
26	0.11413	0.01177	0.01483	0.01179	0.01674	0.01064	0.00964	0.03012	0.01946	0.52174	0.07451	0.02941	0.08282	0.01000	0.00720	0.00227	0.00571	0.00806	0.00822	0.01093
27	0.01038	0.00779	0.01168	0.01168	0.01298	0.00909	0.00909	0.01298	0.01168	0.01687	0.01947	0.02856	0.01817	0.05452	0.71573	0.01168	0.01947	0.00779	0.00389	0.00649
28	0.01756	0.01714	0.03014	0.09920	0.58358	0.01728	0.08356	0.02209	0.01644	0.02328	0.01371	0.01826	0.01132	0.00651	0.00733	0.00221	0.00906	0.00667	0.00358	0.01107
29	0.03261	0.01237	0.01687	0.01293	0.01856	0.01068	0.01068	0.03543	0.02081	0.70423	0.02868	0.02474	0.01799	0.00900	0.00731	0.00225	0.00619	0.00731	0.00900	0.01237
30	0.01057	0.00705	0.00793	0.00793	0.00793	0.00705	0.00440	0.01057	0.01057	0.01409	0.02290	0.04757	0.02643	0.74454	0.03700	0.00705	0.00705	0.01057	0.00440	0.00440
31	0.01538	0.01461	0.02480	0.46188	0.30230	0.01659	0.02101	0.02002	0.01532	0.02058	0.01321	0.01884	0.01040	0.00696	0.00724	0.00232	0.00928	0.00647	0.00337	0.00941
32	0.02534	0.16007	0.02397	0.01665	0.02157	0.31164	0.01352	0.24684	0.06511	0.02792	0.01426	0.01517	0.01116	0.00782	0.00650	0.00196	0.00994	0.00538	0.00505	0.01011
33	0.01943	0.74891	0.03809	0.01244	0.01866	0.02876	0.01244	0.02177	0.01477	0.01710	0.01011	0.01166	0.00933	0.00622	0.00466	0.00155	0.00777	0.00389	0.00311	0.00933
34	0.02763	0.02036	0.02182	0.01672	0.02254	0.02254	0.01382	0.67496	0.03418	0.04581	0.01745	0.01745	0.01236	0.00873	0.00727	0.00218	0.00800	0.00654	0.00727	0.01236
35	0.02763	0.02036	0.02182	0.01672	0.02254	0.02254	0.01382	0.67496	0.03418	0.04581	0.01745	0.01745	0.01236	0.00873	0.00727	0.00218	0.00800	0.00654	0.00727	0.01236
36	0.01211	0.00744	0.00856	0.00827	0.00875	0.00728	0.00489	0.01237	0.01149	0.06422	0.02486	0.04659	0.04612	0.66928	0.03399	0.00656	0.00688	0.01048	0.00481	0.00503
37	0.02715	0.03464	0.02060	0.01873	0.02247	0.71536	0.01404	0.02903	0.02060	0.01779	0.01124	0.01311	0.00936	0.00749	0.00655	0.00187	0.01311	0.00468	0.00375	0.00843
38	0.01057	0.00705	0.00793	0.00793	0.00793	0.00705	0.00440	0.01057	0.01057	0.01409	0.02290	0.04757	0.02643	0.74454	0.03700	0.00705	0.00705	0.01057	0.00440	0.00440
39	0.01171	0.00837	0.01171	0.01339	0.01506	0.00837	0.01171	0.01506	0.01673	0.02175	0.03849	0.08199	0.04183	0.02008	0.01004	0.00335	0.00669	0.65027	0.00669	0.00669
40	0.01031	0.00743	0.00980	0.00958	0.01120	0.00692	0.00727	0.01357	0.01976	0.02774	0.59126	0.10631	0.06479	0.01588	0.00875	0.00243	0.00377	0.06865	0.00780	0.00678
41	0.01056	0.00708	0.00810	0.00810	0.00816	0.00714	0.00462	0.01068	0.01062	0.01422	0.02275	0.04670	0.02605	0.71309	0.06793	0.00726	0.00761	0.01044	0.00438	0.00450
42	0.01057	0.00705	0.00793	0.00793	0.00793	0.00705	0.00440	0.01057	0.01057	0.01409	0.02290	0.04757	0.02643	0.74454	0.03700	0.00705	0.00705	0.01057	0.00440	0.00440
43	0.01036	0.00696	0.00799	0.00819	0.00824	0.00691	0.00469	0.01052	0.01097	0.01463	0.02497	0.13088	0.02903	0.65768	0.03366	0.00655	0.00671	0.01179	0.00469	0.00458
44	0.00933	0.00739	0.00839	0.00814	0.01027	0.00645	0.00611	0.01187	0.01832	0.02379	0.34495	0.06312	0.42234	0.01686	0.00858	0.00238	0.00357	0.01438	0.00730	0.00645
45	0.01054	0.00717	0.00853	0.00853	0.00874	0.00738	0.00516	0.01096	0.01075	0.01454	0.02235	0.04450	0.02509	0.63314	0.14657	0.00780	0.00905	0.01012	0.00432	0.00474
46	0.01207	0.00827	0.00932	0.00898	0.00959	0.00844	0.00553	0.07492	0.01317	0.01758	0.02396	0.10857	0.02706	0.60658	0.03156	0.00620	0.00688	0.01111	0.00490	0.00531
47	0.01057	0.00705	0.00793	0.00793	0.00793	0.00705	0.00440	0.01057	0.01057	0.01409	0.02290	0.04757	0.02643	0.74454	0.03700	0.00705	0.00705	0.01057	0.00440	0.00440
48	0.01716	0.01961	0.04289	0.03064	0.03799	0.01838	0.67279	0.02328	0.01716	0.02328	0.01471	0.01961	0.01103	0.00613	0.00858	0.00245	0.01225	0.00858	0.00368	0.00980
49	0.01447	0.00998	0.01158	0.01120	0.01325	0.01039	0.00808	0.02131	0.21019	0.08745	0.03257	0.20343	0.06078	0.21799	0.01625	0.00388	0.00575	0.04714	0.00650	0.00780
50	0.00942	0.00714	0.00842	0.00870	0.01021	0.00645	0.00622	0.01138	0.01635	0.02132	0.22117	0.21434	0.29081	0.10013	0.01198	0.00307	0.00421	0.03578	0.00681	0.00610
51	0.00979	0.00744	0.00918	0.00887	0.01070	0.00692	0.00664	0.01250	0.01787	0.02414	0.39512	0.05563	0.25381	0.04680	0.09870	0.00369	0.00566	0.01305	0.00697	0.00650
52	0.01900	0.01578	0.01687	0.01497	0.01915	0.01802	0.01186	0.12914	0.54313	0.03201	0.02847	0.02969	0.02219	0.01044	0.00757	0.00249	0.00615	0.05445	0.00733	0.01128
53	0.07724	0.01003	0.01094	0.01033	0.01294	0.01025	0.00783	0.05913	0.13380	0.02676	0.22775	0.14749	0.20793	0.01499	0.00806	0.00245	0.00448	0.01276	0.00706	0.00777
54	0.00947	0.00741	0.00836	0.00829	0.01023	0.00657	0.00616	0.01168	0.01715	0.02200	0.24957	0.06377	0.40651	0.09084	0.01154	0.00292	0.00412	0.05034	0.00688	0.00621
55	0.01647	0.01825	0.03854	0.02817	0.03447	0.01762	0.56857	0.02196	0.01662	0.02264	0.01662	0.04975	0.01400	0.00795	0.00969	0.00257	0.05884	0.04400	0.00392	0.00937
56	0.02641	0.01392	0.01676	0.01360	0.01844	0.01400	0.01089	0.11219	0.21194	0.38653	0.02720	0.02604	0.01906	0.05748	0.00928	0.00262	0.00634	0.00769	0.00803	0.01160
57	0.00901	0.00737	0.00798	0.00809	0.01029	0.00635	0.00612	0.01111	0.01696	0.02094	0.15128	0.10524	0.54129	0.01828	0.00871	0.00251	0.00385	0.05147	0.00691	0.00625
58	0.79588	0.01406	0.01068	0.00956	0.01406	0.01631	0.00787	0.02137	0.01237	0.03261	0.01012	0.01181	0.00787	0.00675	0.00450	0.00225	0.00562	0.00394	0.00450	0.00787
59	0.01007	0.00751	0.00830	0.00812	0.00950	0.00687	0.00543	0.01123	0.01382	0.01775	0.08020	0.05607	0.27843	0.37055	0.02230	0.00465	0.00550	0.03616	0.00556	0.04199
60	0.01697	0.01545	0.01702	0.01453	0.07174	0.06716	0.01050	0.05035	0.04788	0.02455	0.01383	0.01582	0.01132	0.00600	0.00580	0.00134	0.00639	0.00479	0.00449	0.59409
61	0.44163	0.12370	0.01960	0.01539	0.07335	0.10199	0.04195	0.06540	0.01569	0.02831	0.01124	0.01318	0.00900	0.00684	0.00536	0.00210	0.00754	0.00461	0.00428	0.00883
62	0.19404	0.01623	0.01712	0.01402	0.01876	0.01773	0.01150	0.37154	0.02511	0.09556	0.01936	0.05585	0.01585	0.01041	0.00767	0.02826	0.00699	0.05709	0.00661	0.01033
63	0.79588	0.01406	0.01068	0.00956	0.01406	0.01631	0.00787	0.02137	0.01237	0.03261	0.01012	0.01181	0.00787	0.00675	0.00450	0.00225	0.00562	0.00394	0.00450	0.00787
64	0.01876	0.01613	0.01670	0.01480	0.01868	0.05696	0.01160	0.12752	0.44346	0.02977	0.02512	0.02513	0.01937	0.01677	0.12168	0.00388	0.00872	0.00770	0.00660	0.01065
65	0.01256	0.00689	0.00738	0.00731	0.00897	0.00669	0.00543	0.01536	0.01567	0.02562	0.11151	0.03467	0.09595	0.01141	0.00742	0.05349	0.00362	0.00844	0.55516	0.00648
66	0.74433	0.01362	0.01062	0.00953	0.01385	0.01569	0.00781	0.02087	0.01291	0.03239	0.05509	0.01460	0.01186	0.00728	0.00477	0.00225	0.00548	0.00454	0.00473	0.00781
67	0.00924	0.00699	0.00808	0.00865	0.00989	0.00633	0.00595	0.01066	0.01476	0.01881	0.08749	0.28834	0.29747	0.16020	0.01435	0.00352	0.00458	0.03254	0.00637	0.00578
68	0.00904	0.00733	0.00801	0.00843	0.01044	0.00639	0.00634	0.01092	0.01603	0.01955	0.06353	0.15992	0.51401	0.04326	0.00979	0.00277	0.00420	0.08725	0.00667	0.00611

[dist]
# distance from previous block
# <min> <max>
7	14

[block]
# block no. 7 follows, 28 sequences, length 37
# corresponding to MSA columns:
# 404-440
name=unknown_H
#
# <colnr> <probs for GDERKNQSTAVLIFYWHMCP>
#	G	D	E	R	K	N	Q	S	T	A	V	L	I	F	Y	W	H	M	C	P
0	0.53920	0.10863	0.01630	0.01161	0.01639	0.08835	0.00970	0.09269	0.01584	0.03062	0.01102	0.01253	0.00869	0.00697	0.00502	0.00212	0.00690	0.00429	0.00455	0.00859
1	0.01000	0.00814	0.00898	0.00889	0.01120	0.00750	0.00675	0.01396	0.07963	0.02262	0.19148	0.09919	0.43684	0.01722	0.00859	0.00250	0.00401	0.04866	0.00706	0.00680
2	0.08896	0.00822	0.00887	0.00877	0.01068	0.00789	0.00626	0.01360	0.03462	0.04437	0.13176	0.16075	0.26885	0.15848	0.01375	0.00338	0.00473	0.01334	0.00633	0.00640
3	0.01142	0.00798	0.01031	0.01053	0.03374	0.00743	0.00745	0.01478	0.03672	0.05596	0.42817	0.16841	0.12294	0.01570	0.00845	0.00240	0.00394	0.01384	0.03269	0.00714
4	0.76265	0.01398	0.01095	0.00971	0.01425	0.01606	0.00799	0.02198	0.01274	0.06185	0.01093	0.01237	0.00831	0.00685	0.00462	0.00225	0.00565	0.00408	0.00469	0.00807
5	0.00947	0.00773	0.00838	0.00870	0.01067	0.00704	0.00629	0.01257	0.06837	0.02004	0.05979	0.24347	0.45187	0.04008	0.00951	0.00272	0.00408	0.01605	0.00673	0.00645
6	0.00919	0.00669	0.00828	0.00926	0.01004	0.00619	0.00619	0.01052	0.01434	0.01885	0.09300	0.47130	0.15156	0.13329	0.01341	0.00345	0.00451	0.01766	0.00648	0.00578
7	0.01256	0.00865	0.01046	0.01046	0.01247	0.00844	0.00785	0.03848	0.08415	0.06465	0.17153	0.27547	0.14011	0.01699	0.00850	0.00259	0.00454	0.06566	0.04905	0.00740
8	0.00900	0.00643	0.00860	0.01029	0.01078	0.00603	0.00700	0.01037	0.01406	0.01872	0.03998	0.70603	0.04776	0.02264	0.00932	0.00297	0.00434	0.05299	0.00674	0.00594
9	0.01457	0.01006	0.01098	0.01023	0.01266	0.03184	0.00768	0.10432	0.01908	0.07443	0.14426	0.19562	0.17676	0.03744	0.00880	0.00250	0.00489	0.01272	0.11354	0.00760
10	0.00946	0.00782	0.00835	0.00814	0.01052	0.00693	0.00613	0.01263	0.05314	0.02223	0.20343	0.06434	0.52688	0.01720	0.00852	0.00242	0.00374	0.01449	0.00705	0.00658
11	0.03027	0.01313	0.01697	0.01334	0.01874	0.01219	0.01091	0.05750	0.12063	0.58134	0.02843	0.02485	0.01843	0.00912	0.00732	0.00228	0.00618	0.00742	0.00870	0.01224
12	0.01082	0.00796	0.00888	0.00887	0.01055	0.00752	0.00618	0.01376	0.07069	0.04186	0.08288	0.16994	0.30216	0.20670	0.01595	0.00372	0.00489	0.01401	0.00633	0.00634
13	0.37393	0.01210	0.01118	0.00973	0.01354	0.01317	0.00785	0.08931	0.01649	0.10273	0.01738	0.01887	0.01300	0.00777	0.00528	0.00206	0.00518	0.00551	0.26646	0.00844
14	0.01054	0.00718	0.00862	0.00862	0.00886	0.00742	0.00527	0.01102	0.01078	0.01461	0.02227	0.04406	0.02490	0.61725	0.16221	0.00790	0.00934	0.01006	0.00431	0.00479
15	0.26021	0.01062	0.01086	0.00976	0.01320	0.01071	0.00762	0.02027	0.03751	0.16335	0.07451	0.09396	0.17278	0.04395	0.00817	0.00255	0.00503	0.00969	0.03716	0.00809
16	0.05480	0.01116	0.01247	0.01131	0.01439	0.01158	0.00871	0.08639	0.17167	0.09644	0.13843	0.14642	0.10800	0.01317	0.00763	0.00238	0.00495	0.01116	0.08011	0.00883
17	0.06442	0.01183	0.01474	0.01198	0.01650	0.01114	0.00967	0.06579	0.06104	0.43689	0.06479	0.06169	0.02188	0.00988	0.00707	0.00223	0.00563	0.00809	0.10397	0.01077
18	0.02950	0.01168	0.01587	0.01241	0.01748	0.01015	0.01015	0.03240	0.02077	0.61021	0.12153	0.02886	0.02504	0.00981	0.00749	0.00225	0.00580	0.00812	0.00886	0.01160
19	0.12160	0.01140	0.01370	0.01144	0.01550	0.01101	0.00915	0.05456	0.05537	0.33242	0.17241	0.06492	0.02931	0.01068	0.00720	0.00227	0.00530	0.00881	0.05303	0.00990
20	0.40388	0.01252	0.01293	0.01118	0.01562	0.01299	0.00921	0.02534	0.01594	0.27593	0.02107	0.05924	0.01678	0.00963	0.00629	0.00239	0.00586	0.06745	0.00646	0.00930
21	0.02147	0.50254	0.06650	0.01471	0.02042	0.23067	0.01364	0.02397	0.01652	0.01760	0.01059	0.01227	0.00933	0.00663	0.00533	0.00169	0.00950	0.00420	0.00329	0.00913
22	0.00927	0.00690	0.00863	0.00924	0.01050	0.00626	0.00653	0.01135	0.01663	0.02222	0.25994	0.37966	0.18763	0.01931	0.00891	0.00263	0.00385	0.01713	0.00716	0.00626
23	0.00985	0.00697	0.00880	0.00968	0.01039	0.00666	0.00668	0.01129	0.01417	0.01886	0.10421	0.35082	0.07809	0.22557	0.01711	0.00407	0.00523	0.09964	0.00621	0.00569
24	0.00970	0.00693	0.00940	0.01108	0.01188	0.00663	0.00821	0.01158	0.01475	0.01950	0.03960	0.54578	0.04624	0.02198	0.00950	0.00307	0.00495	0.20636	0.00673	0.00614
25	0.00892	0.00681	0.00823	0.00931	0.01053	0.00612	0.00659	0.01051	0.01502	0.01912	0.05202	0.46291	0.28018	0.02106	0.00907	0.00280	0.00416	0.05384	0.00675	0.00603
26	0.02130	0.01632	0.01758	0.01488	0.01947	0.01819	0.01190	0.24351	0.38071	0.07214	0.02822	0.02778	0.05559	0.01021	0.00749	0.00239	0.00643	0.02712	0.00739	0.01140
27	0.01778	0.01705	0.02912	0.07887	0.66661	0.01721	0.02220	0.02212	0.01645	0.02349	0.01364	0.01806	0.01142	0.00652	0.00720	0.00217	0.00869	0.00648	0.00358	0.01134
28	0.00908	0.00738	0.00804	0.00788	0.01012	0.00635	0.00591	0.01138	0.01773	0.02238	0.25323	0.06543	0.51493	0.01738	0.00859	0.00241	0.00361	0.01471	0.00711	0.00635
29	0.01590	0.01590	0.02226	0.01908	0.01908	0.02226	0.01590	0.01749	0.01113	0.01749	0.00954	0.01590	0.00954	0.01272	0.02385	0.00318	0.73123	0.00636	0.00318	0.00795
30	0.01834	0.01512	0.02164	0.44385	0.03900	0.05379	0.05085	0.06571	0.08690	0.10787	0.01692	0.02041	0.01226	0.00780	0.00732	0.00236	0.00905	0.00677	0.00470	0.00935
31	0.00896	0.00747	0.00787	0.00802	0.01037	0.00638	0.00618	0.01100	0.01672	0.02017	0.09117	0.07062	0.61010	0.01846	0.00873	0.00254	0.00397	0.07826	0.00679	0.00622
32	0.01038	0.00779	0.01168	0.01168	0.01298	0.00909	0.00909	0.01298	0.01168	0.01687	0.01947	0.02856	0.01817	0.05452	0.71573	0.01168	0.01947	0.00779	0.00389	0.00649
33	0.01373	0.01292	0.02180	0.72707	0.05006	0.01615	0.02019	0.01857	0.01453	0.01857	0.01292	0.01938	0.00969	0.00727	0.00727	0.00242	0.00969	0.00646	0.00323	0.00807
34	0.02690	0.02077	0.02135	0.01669	0.02227	0.05917	0.01366	0.59320	0.08190	0.04317	0.01802	0.01794	0.01293	0.00874	0.00724	0.00219	0.00810	0.00657	0.00709	0.01209
35	0.11826	0.01760	0.01820	0.01504	0.01998	0.01991	0.01212	0.32867	0.30378	0.03775	0.02162	0.02080	0.01591	0.00896	0.00698	0.00231	0.00677	0.00692	0.00698	0.01145
36	0.55455	0.16103	0.01693	0.01063	0.01558	0.01882	0.00916	0.04526	0.03810	0.02956	0.01119	0.01266	0.00895	0.00677	0.00477	0.00207	0.00613	0.00419	0.00442	0.03923

[dist]
# distance from previous block
# <min> <max>
1	5

[block]
# block no. 8 follows, 28 sequences, length 38
# corresponding to MSA columns:
# 451-488
name=unknown_I
#
# <colnr> <probs for GDERKNQSTAVLIFYWHMCP>
#	G	D	E	R	K	N	Q	S	T	A	V	L	I	F	Y	W	H	M	C	P
0	0.02614	0.01962	0.02098	0.01642	0.02197	0.02185	0.01346	0.57566	0.13590	0.04341	0.01935	0.01896	0.01390	0.00890	0.00729	0.00223	0.00765	0.00681	0.00729	0.01223
1	0.01083	0.00768	0.01027	0.01121	0.01249	0.00749	0.00890	0.01343	0.01634	0.02189	0.18371	0.16486	0.04658	0.11975	0.01334	0.00357	0.00566	0.32901	0.00668	0.00630
2	0.08538	0.18282	0.05542	0.01368	0.01955	0.01792	0.01222	0.13853	0.05610	0.31701	0.02044	0.01922	0.01410	0.00809	0.00647	0.00209	0.00701	0.00610	0.00665	0.01121
3	0.01799	0.01727	0.02950	0.04462	0.69919	0.01727	0.02231	0.02231	0.01655	0.02375	0.01367	0.01799	0.01151	0.00648	0.00720	0.00216	0.00864	0.00648	0.00360	0.01151
4	0.11903	0.01256	0.01617	0.01255	0.01805	0.01132	0.01037	0.03383	0.01985	0.62819	0.02658	0.02328	0.01685	0.00874	0.00699	0.00225	0.00612	0.00693	0.00849	0.01186
5	0.01591	0.01697	0.03484	0.16310	0.06057	0.01678	0.44996	0.02141	0.01658	0.02222	0.01702	0.02657	0.01428	0.00794	0.00844	0.00254	0.01101	0.08075	0.00393	0.00918
6	0.02226	0.01880	0.10155	0.02300	0.02983	0.01567	0.35067	0.02730	0.01803	0.26139	0.01924	0.02083	0.01323	0.00745	0.00851	0.00239	0.03594	0.00772	0.00546	0.01073
7	0.01458	0.03760	0.70688	0.02072	0.03146	0.01688	0.02686	0.02302	0.01535	0.02302	0.01304	0.01535	0.00921	0.00691	0.00691	0.00230	0.01074	0.00537	0.00307	0.01074
8	0.01057	0.00705	0.00793	0.00793	0.00793	0.00705	0.00440	0.01057	0.01057	0.01409	0.02290	0.04757	0.02643	0.74454	0.03700	0.00705	0.00705	0.01057	0.00440	0.00440
9	0.02027	0.01615	0.02363	0.01875	0.02398	0.01692	0.18943	0.03396	0.39431	0.14157	0.02543	0.02470	0.01848	0.00871	0.00770	0.00243	0.00758	0.00816	0.00666	0.01119
10	0.02141	0.01769	0.01980	0.09771	0.05680	0.03870	0.01395	0.27328	0.31551	0.03416	0.02189	0.02180	0.01623	0.00891	0.00730	0.00232	0.00738	0.00721	0.00659	0.01135
11	0.07836	0.02976	0.42939	0.01929	0.02761	0.04904	0.07094	0.02635	0.15150	0.02507	0.01621	0.01768	0.01188	0.00746	0.00693	0.00232	0.00955	0.00605	0.00414	0.01049
12	0.01031	0.00709	0.00785	0.00785	0.00818	0.00693	0.00455	0.01055	0.01137	0.01484	0.02969	0.05056	0.11599	0.64744	0.03320	0.00643	0.00660	0.01121	0.00472	0.00464
13	0.00958	0.00673	0.00870	0.01001	0.01048	0.00645	0.00680	0.01080	0.01349	0.01792	0.03599	0.50598	0.04244	0.18600	0.01565	0.00393	0.00515	0.09204	0.00621	0.00566
14	0.11516	0.01379	0.02066	0.55618	0.06689	0.01670	0.01820	0.06916	0.01583	0.02264	0.01293	0.01821	0.00973	0.00728	0.00691	0.00237	0.00900	0.00614	0.00371	0.00850
15	0.02718	0.03373	0.02068	0.01860	0.02248	0.67114	0.01403	0.07025	0.02147	0.01958	0.01163	0.01339	0.00955	0.00757	0.00660	0.00189	0.01278	0.00480	0.00397	0.00868
16	0.01686	0.02599	0.28875	0.02458	0.03304	0.01758	0.33765	0.07260	0.01764	0.02493	0.01418	0.01755	0.01043	0.00657	0.00765	0.00229	0.01092	0.00695	0.00376	0.06008
17	0.01450	0.01383	0.01829	0.01611	0.01702	0.01808	0.01314	0.01829	0.08855	0.01932	0.02359	0.06101	0.12026	0.01503	0.03980	0.00323	0.47889	0.00871	0.00441	0.00793
18	0.01029	0.00743	0.00972	0.00914	0.01086	0.00686	0.00686	0.01372	0.02058	0.02915	0.69536	0.05430	0.06859	0.01486	0.00857	0.00229	0.00343	0.01315	0.00800	0.00686
19	0.01599	0.01733	0.03571	0.26781	0.04210	0.01762	0.45054	0.02168	0.01626	0.02168	0.01410	0.01953	0.01057	0.00652	0.00813	0.00244	0.01138	0.00786	0.00352	0.00922
20	0.12710	0.13978	0.11839	0.01771	0.02344	0.24830	0.08908	0.05850	0.07085	0.02345	0.01331	0.01508	0.01049	0.00721	0.00636	0.00206	0.01000	0.00537	0.00411	0.00941
21	0.03261	0.01237	0.01687	0.01293	0.01856	0.01068	0.01068	0.03543	0.02081	0.70423	0.02868	0.02474	0.01799	0.00900	0.00731	0.00225	0.00619	0.00731	0.00900	0.01237
22	0.03029	0.01367	0.01738	0.01359	0.01905	0.01292	0.01114	0.10822	0.10271	0.54826	0.02752	0.02420	0.01786	0.00907	0.00732	0.00227	0.00634	0.00733	0.00861	0.01227
23	0.06789	0.01677	0.01900	0.01484	0.02036	0.01760	0.01219	0.35664	0.08716	0.27785	0.02216	0.02063	0.01502	0.00882	0.00715	0.00223	0.00703	0.00683	0.00775	0.01206
24	0.14479	0.14350	0.06574	0.01586	0.02098	0.28799	0.01349	0.15194	0.04775	0.02627	0.01295	0.01423	0.01022	0.00747	0.00612	0.00199	0.00964	0.00499	0.00455	0.00952
25	0.02126	0.00978	0.01306	0.01108	0.01464	0.00864	0.00871	0.02406	0.01975	0.36658	0.25798	0.11778	0.06947	0.01297	0.00802	0.00235	0.00491	0.01117	0.00830	0.00949
26	0.02955	0.01169	0.01589	0.01241	0.01750	0.01016	0.01016	0.03245	0.02077	0.61161	0.12015	0.02880	0.02494	0.00980	0.00748	0.00225	0.00581	0.00811	0.00886	0.01161
27	0.02639	0.01528	0.01921	0.20621	0.02792	0.06265	0.01396	0.12852	0.02115	0.37121	0.02151	0.02138	0.01430	0.00839	0.00724	0.00226	0.00789	0.00678	0.00682	0.01094
28	0.02811	0.01535	0.01820	0.01442	0.01977	0.01565	0.01176	0.21969	0.16551	0.37254	0.02565	0.02315	0.01727	0.00910	0.00732	0.00228	0.00661	0.00728	0.00816	0.01218
29	0.02980	0.01377	0.01736	0.01365	0.01906	0.01316	0.01116	0.10782	0.12555	0.52564	0.02756	0.02429	0.01801	0.00910	0.00732	0.00228	0.00632	0.00736	0.00855	0.01224
30	0.00990	0.00744	0.00918	0.00883	0.01073	0.00672	0.00668	0.01292	0.01941	0.02645	0.51306	0.05926	0.22947	0.01595	0.00863	0.00237	0.00360	0.03510	0.00764	0.00667
31	0.06520	0.01908	0.02519	0.27510	0.03502	0.13658	0.15786	0.10892	0.01899	0.06761	0.01446	0.01801	0.01070	0.00733	0.00727	0.00228	0.01015	0.00653	0.00439	0.00933
32	0.02863	0.01919	0.02025	0.01582	0.02137	0.07178	0.01294	0.43782	0.04898	0.21751	0.02031	0.01934	0.01392	0.00874	0.00723	0.00218	0.00784	0.00666	0.00746	0.01204
33	0.01672	0.02091	0.11470	0.07275	0.03656	0.01805	0.50755	0.02412	0.06783	0.02350	0.01554	0.01968	0.01159	0.00657	0.00822	0.00243	0.01142	0.00805	0.00386	0.00993
34	0.01049	0.00738	0.00945	0.01037	0.01125	0.00720	0.00767	0.01223	0.01436	0.01899	0.08096	0.21692	0.06211	0.25610	0.01849	0.00436	0.00592	0.23394	0.00605	0.00576
