[name]
unknown

[dist]
# distance from previous block
# <min> <max>
4	57

[block]
# block no. 0 follows, 34 sequences, length 10
# corresponding to MSA columns:
# 64-73
name=unknown_A
#
# <colnr> <probs for GDERKNQSTAVLIFYWHMCP>
#	G	D	E	R	K	N	Q	S	T	A	V	L	I	F	Y	W	H	M	C	P
0	0.12992	0.01285	0.01756	0.08996	0.21716	0.02745	0.03949	0.05123	0.04770	0.07464	0.04352	0.03647	0.03671	0.04631	0.00753	0.00218	0.00652	0.03014	0.00442	0.07826
1	0.07795	0.01425	0.01834	0.01619	0.07824	0.04591	0.10550	0.11641	0.11612	0.02426	0.01675	0.10044	0.01472	0.00809	0.00678	0.00188	0.03478	0.00697	0.00465	0.19176
2	0.12890	0.01506	0.01807	0.18874	0.13749	0.09761	0.03352	0.07805	0.07245	0.03651	0.01485	0.02066	0.01242	0.00768	0.00663	0.00208	0.02743	0.06547	0.00414	0.03224
3	0.20241	0.01837	0.01696	0.05713	0.05092	0.14949	0.01165	0.31829	0.06521	0.03046	0.01333	0.01434	0.00998	0.00706	0.00579	0.00193	0.00744	0.00508	0.00500	0.00916
4	0.01307	0.01101	0.01347	0.05811	0.09543	0.01166	0.00983	0.06210	0.25049	0.02268	0.07065	0.12443	0.14677	0.04352	0.00805	0.00232	0.00515	0.00967	0.00562	0.03597
5	0.01114	0.00709	0.00922	0.04963	0.01164	0.00701	0.00663	0.01284	0.05130	0.07285	0.08790	0.25901	0.07738	0.16085	0.01525	0.13313	0.00491	0.01148	0.00520	0.00552
6	0.03797	0.01385	0.02272	0.10942	0.53113	0.01403	0.01750	0.01859	0.01451	0.02097	0.04498	0.02021	0.01359	0.00674	0.00643	0.00195	0.00724	0.04133	0.00354	0.05327
7	0.01228	0.00809	0.01064	0.01137	0.05252	0.00792	0.00784	0.05196	0.03546	0.10312	0.05348	0.34554	0.10315	0.05081	0.08890	0.00340	0.00598	0.03502	0.00579	0.00674
8	0.13867	0.01058	0.01198	0.01036	0.01359	0.01078	0.00807	0.11455	0.06742	0.22681	0.06161	0.15556	0.02196	0.05563	0.00793	0.00234	0.00505	0.00856	0.06028	0.00829
9	0.05635	0.00634	0.00784	0.00873	0.00971	0.00604	0.00615	0.01031	0.01357	0.01899	0.15143	0.51732	0.10167	0.01781	0.00787	0.00247	0.00375	0.04205	0.00606	0.00554

[dist]
# distance from previous block
# <min> <max>
0	8

[block]
# block no. 1 follows, 34 sequences, length 18
# corresponding to MSA columns:
# 82-99
name=unknown_B
#
# <colnr> <probs for GDERKNQSTAVLIFYWHMCP>
#	G	D	E	R	K	N	Q	S	T	A	V	L	I	F	Y	W	H	M	C	P
0	0.05097	0.00762	0.00918	0.00852	0.01085	0.00690	0.00661	0.01376	0.01628	0.08299	0.35227	0.08016	0.19391	0.01318	0.00728	0.00208	0.00378	0.06330	0.00641	0.06393
1	0.76078	0.01208	0.00944	0.00847	0.01229	0.01390	0.00693	0.01851	0.01152	0.02877	0.06041	0.01319	0.01085	0.00651	0.00426	0.00200	0.00486	0.00408	0.00422	0.00693
2	0.09637	0.00965	0.01156	0.00982	0.01321	0.00924	0.00780	0.02230	0.09526	0.29483	0.23895	0.03351	0.10988	0.01039	0.00673	0.00205	0.00442	0.00865	0.00696	0.00843
3	0.09098	0.00889	0.01070	0.00979	0.01248	0.00861	0.00748	0.01956	0.08786	0.22741	0.15105	0.23756	0.07594	0.01275	0.00703	0.00221	0.00436	0.01098	0.00664	0.00773
4	0.05551	0.00868	0.01028	0.00938	0.01205	0.00830	0.00726	0.03521	0.08155	0.17583	0.18545	0.14616	0.19220	0.01305	0.00720	0.00218	0.00421	0.03142	0.00663	0.00743
5	0.71122	0.01250	0.01021	0.00902	0.01306	0.01430	0.00739	0.02088	0.06328	0.07258	0.01128	0.01220	0.00848	0.00632	0.00434	0.00201	0.00504	0.00396	0.00443	0.00748
6	0.05407	0.01262	0.01479	0.01211	0.01640	0.01298	0.00976	0.12910	0.23606	0.33242	0.07995	0.02335	0.01966	0.00854	0.00651	0.00205	0.00540	0.00694	0.00711	0.01021
7	0.45606	0.01124	0.01058	0.00928	0.01286	0.01224	0.00748	0.06166	0.03317	0.11181	0.09760	0.04222	0.06427	0.00991	0.03303	0.00235	0.00528	0.00624	0.00521	0.00751
8	0.00940	0.00673	0.00973	0.00973	0.01063	0.00763	0.00726	0.01099	0.01009	0.01435	0.01735	0.02759	0.01694	0.15829	0.58678	0.06574	0.01479	0.00721	0.00349	0.00528
9	0.06034	0.01435	0.01604	0.01298	0.01720	0.01559	0.01050	0.35511	0.14299	0.15015	0.01857	0.01878	0.01351	0.01170	0.06042	0.05263	0.00703	0.00614	0.00618	0.00979
10	0.12214	0.00732	0.00828	0.00829	0.00981	0.00753	0.00608	0.01136	0.01198	0.01775	0.06324	0.10375	0.20139	0.15879	0.17961	0.03562	0.00742	0.02952	0.00470	0.00539
11	0.01180	0.00984	0.01400	0.05094	0.05923	0.02605	0.02703	0.05484	0.01219	0.01702	0.01639	0.02320	0.03315	0.05365	0.42527	0.04709	0.10156	0.00672	0.00356	0.00648
12	0.09545	0.05698	0.05809	0.06780	0.16839	0.11042	0.11358	0.09599	0.10257	0.04832	0.01402	0.01593	0.01075	0.00656	0.00618	0.00196	0.00805	0.00565	0.00416	0.00913
13	0.01607	0.01552	0.01434	0.05471	0.03630	0.20105	0.01038	0.06149	0.08682	0.05536	0.06870	0.07115	0.13110	0.01328	0.05953	0.00268	0.06061	0.02854	0.00491	0.00747
14	0.01582	0.01643	0.05520	0.01614	0.10253	0.18286	0.03876	0.08564	0.03485	0.01908	0.02004	0.02545	0.09377	0.06673	0.06290	0.11152	0.00845	0.03267	0.00406	0.00712
15	0.05723	0.03367	0.08559	0.07754	0.25901	0.01576	0.12306	0.11240	0.08362	0.02418	0.03864	0.01847	0.02801	0.00683	0.00649	0.00202	0.00768	0.00632	0.00412	0.00937
16	0.11661	0.15190	0.07086	0.01581	0.11558	0.06997	0.01204	0.04285	0.06382	0.12422	0.04708	0.01761	0.03134	0.00715	0.00613	0.00183	0.03155	0.00542	0.00449	0.06374
17	0.07719	0.07329	0.06611	0.18801	0.16251	0.13378	0.05401	0.07059	0.03101	0.02087	0.01172	0.01467	0.00925	0.00622	0.00594	0.00187	0.00830	0.00513	0.00350	0.05603

[dist]
# distance from previous block
# <min> <max>
7	12

[block]
# block no. 2 follows, 34 sequences, length 7
# corresponding to MSA columns:
# 113-119
name=unknown_C
#
# <colnr> <probs for GDERKNQSTAVLIFYWHMCP>
#	G	D	E	R	K	N	Q	S	T	A	V	L	I	F	Y	W	H	M	C	P
0	0.03600	0.01779	0.21412	0.01764	0.12100	0.01252	0.04757	0.04313	0.07464	0.14452	0.04803	0.06755	0.01630	0.04967	0.00788	0.00223	0.00696	0.00691	0.00473	0.06080
1	0.01311	0.00990	0.01186	0.04534	0.01478	0.00916	0.00811	0.04589	0.08541	0.06779	0.07767	0.05124	0.14648	0.01270	0.06448	0.00242	0.00569	0.03260	0.02907	0.26629
2	0.01570	0.01396	0.09495	0.04383	0.13039	0.01153	0.03276	0.02144	0.11981	0.13538	0.05560	0.06003	0.06292	0.00862	0.00650	0.00194	0.00606	0.03209	0.00510	0.14139
3	0.01112	0.00792	0.01063	0.07526	0.04422	0.00772	0.00802	0.01400	0.03641	0.07232	0.24989	0.16000	0.12917	0.06572	0.03066	0.00269	0.00490	0.03609	0.00584	0.02740
4	0.00793	0.00596	0.00736	0.00828	0.00923	0.00538	0.00573	0.00937	0.01355	0.01764	0.10973	0.51733	0.22190	0.01857	0.00803	0.00245	0.00356	0.01651	0.00611	0.00538
5	0.04669	0.20114	0.11327	0.02389	0.29230	0.04389	0.04708	0.04434	0.01514	0.09533	0.01268	0.01467	0.00994	0.00608	0.00578	0.00182	0.00767	0.00511	0.00368	0.00950
6	0.05244	0.02085	0.25537	0.06763	0.10910	0.04069	0.06100	0.11695	0.04530	0.02281	0.01326	0.01626	0.01032	0.01151	0.09202	0.00301	0.04329	0.00560	0.00368	0.00892

[dist]
# distance from previous block
# <min> <max>
2	3

[block]
# block no. 3 follows, 34 sequences, length 72
# corresponding to MSA columns:
# 123-125,129-197
name=unknown_D
#
# <colnr> <probs for GDERKNQSTAVLIFYWHMCP>
#	G	D	E	R	K	N	Q	S	T	A	V	L	I	F	Y	W	H	M	C	P
0	0.10267	0.18144	0.08386	0.01555	0.08755	0.14991	0.03046	0.03664	0.04097	0.04749	0.01170	0.01327	0.00940	0.00598	0.00527	0.00162	0.00747	0.00442	0.00367	0.16068
1	0.00873	0.00658	0.00818	0.00798	0.00949	0.00618	0.00591	0.01105	0.01552	0.02104	0.38862	0.07220	0.23075	0.06554	0.11004	0.00349	0.00527	0.01164	0.00609	0.00572
2	0.01600	0.03938	0.04899	0.12022	0.23023	0.01399	0.13601	0.03778	0.03343	0.07716	0.01347	0.01627	0.01039	0.00591	0.00622	0.00180	0.00755	0.00567	0.00382	0.17571
3	0.01180	0.00856	0.00975	0.00835	0.01166	0.00720	0.00647	0.01472	0.04664	0.09198	0.11984	0.06123	0.35018	0.01199	0.00677	0.00185	0.00395	0.01005	0.00580	0.21122
4	0.02046	0.01515	0.01818	0.01474	0.01906	0.01658	0.05818	0.33670	0.20034	0.09864	0.02053	0.02385	0.01599	0.00898	0.00737	0.00216	0.03523	0.07161	0.00623	0.01001
5	0.01261	0.01174	0.01973	0.54271	0.17158	0.01388	0.01726	0.01662	0.01299	0.01722	0.01222	0.01785	0.00971	0.01074	0.08432	0.00297	0.00935	0.00587	0.00300	0.00761
6	0.01456	0.01680	0.11436	0.21827	0.36283	0.01519	0.09733	0.01970	0.04071	0.02003	0.01255	0.01648	0.00987	0.00606	0.00653	0.00203	0.00842	0.00590	0.00319	0.00920
7	0.00877	0.00666	0.00831	0.00812	0.00973	0.00627	0.00614	0.01119	0.01561	0.02108	0.37717	0.04937	0.24772	0.04293	0.12560	0.00356	0.00557	0.03435	0.00607	0.00579
8	0.01099	0.00967	0.01158	0.07883	0.03374	0.05474	0.03072	0.03550	0.03820	0.02193	0.32454	0.08569	0.21366	0.01263	0.00734	0.00210	0.00477	0.01095	0.00588	0.00655
9	0.04185	0.01904	0.01551	0.01435	0.04329	0.29922	0.01063	0.16678	0.01841	0.02184	0.04189	0.02098	0.05473	0.05634	0.14305	0.00363	0.01030	0.00616	0.00436	0.00765
10	0.01647	0.06435	0.04312	0.01084	0.01650	0.01143	0.00922	0.08404	0.04069	0.10017	0.01374	0.01471	0.01062	0.00565	0.00520	0.00128	0.00542	0.00444	0.00451	0.53759
11	0.13457	0.01529	0.03623	0.01741	0.15809	0.10419	0.01167	0.07263	0.13179	0.07297	0.13561	0.02199	0.02017	0.00926	0.02884	0.00223	0.00674	0.00654	0.00510	0.00867
12	0.01764	0.68946	0.03217	0.01166	0.01684	0.05184	0.01129	0.04281	0.01376	0.01610	0.00922	0.01076	0.00839	0.00590	0.00505	0.00148	0.04077	0.00366	0.00291	0.00830
13	0.01798	0.14370	0.02047	0.03716	0.09056	0.15605	0.03042	0.06598	0.22753	0.03948	0.01825	0.01878	0.04459	0.00756	0.00639	0.00188	0.02654	0.00589	0.00461	0.03616
14	0.02125	0.01638	0.01826	0.01445	0.01918	0.01797	0.03496	0.48127	0.18054	0.03524	0.01838	0.04567	0.01400	0.00824	0.00652	0.00198	0.00657	0.00659	0.00624	0.04631
15	0.57517	0.08059	0.05079	0.01061	0.01491	0.13966	0.00914	0.02025	0.01255	0.02516	0.00930	0.01084	0.00739	0.00608	0.00443	0.00189	0.00652	0.00367	0.00372	0.00732
16	0.00787	0.00562	0.00750	0.00900	0.00937	0.00525	0.00600	0.00900	0.01237	0.01649	0.03561	0.76871	0.04274	0.02024	0.00825	0.00262	0.00375	0.01837	0.00600	0.00525
17	0.01601	0.17477	0.18213	0.02620	0.31786	0.06472	0.06651	0.02018	0.01428	0.01923	0.01120	0.01411	0.00919	0.00600	0.00640	0.00187	0.03193	0.00510	0.00301	0.00931
18	0.00798	0.00590	0.00729	0.00829	0.00905	0.00540	0.00560	0.00919	0.01281	0.01666	0.06181	0.53625	0.18883	0.08069	0.01011	0.00281	0.00383	0.01642	0.00586	0.00521
19	0.01252	0.01025	0.01150	0.01060	0.01321	0.01108	0.00811	0.02313	0.37375	0.02567	0.31108	0.06018	0.07949	0.01138	0.00711	0.00214	0.00413	0.00980	0.00674	0.00812
20	0.00787	0.00562	0.00750	0.00900	0.00937	0.00525	0.00600	0.00900	0.01237	0.01649	0.03561	0.76871	0.04274	0.02024	0.00825	0.00262	0.00375	0.01837	0.00600	0.00525
21	0.00937	0.00636	0.00752	0.00752	0.00769	0.00652	0.00451	0.00970	0.00954	0.01288	0.01992	0.03987	0.02244	0.66955	0.13483	0.00685	0.00784	0.00904	0.00385	0.00418
22	0.01525	0.01743	0.03813	0.02723	0.03377	0.01634	0.70915	0.02070	0.01525	0.02070	0.01307	0.01743	0.00980	0.00545	0.00763	0.00218	0.01089	0.00763	0.00327	0.00871
23	0.00927	0.00677	0.00963	0.00963	0.01053	0.00767	0.00714	0.01106	0.01016	0.01444	0.01800	0.02919	0.01781	0.21180	0.58624	0.00946	0.01482	0.00748	0.00356	0.00535
24	0.01455	0.01535	0.02980	0.09954	0.03017	0.01440	0.45509	0.01975	0.03968	0.02056	0.01302	0.01675	0.00998	0.00552	0.00683	0.00190	0.00908	0.00657	0.00347	0.18797
25	0.01637	0.01403	0.01478	0.01321	0.01692	0.01621	0.01030	0.05840	0.69639	0.02752	0.02591	0.02380	0.01941	0.00873	0.00657	0.00218	0.00518	0.00725	0.00657	0.01025
26	0.01204	0.00602	0.00602	0.00602	0.00753	0.00602	0.00452	0.01506	0.01355	0.02409	0.02108	0.02409	0.01656	0.00753	0.00452	0.00151	0.00301	0.00602	0.80879	0.00602
27	0.01340	0.01148	0.01340	0.00957	0.01531	0.00861	0.00766	0.01627	0.01340	0.02105	0.01148	0.01340	0.00957	0.00479	0.00479	0.00096	0.00479	0.00383	0.00383	0.81242
28	0.00940	0.00626	0.00705	0.00705	0.00705	0.00626	0.00392	0.00940	0.00940	0.01253	0.02036	0.04228	0.02349	0.77292	0.03289	0.00626	0.00626	0.00940	0.00392	0.00392
29	0.01204	0.00602	0.00602	0.00602	0.00753	0.00602	0.00452	0.01506	0.01355	0.02409	0.02108	0.02409	0.01656	0.00753	0.00452	0.00151	0.00301	0.00602	0.80879	0.00602
30	0.01260	0.00656	0.00662	0.00642	0.00809	0.00665	0.00486	0.04613	0.01430	0.02483	0.02083	0.02371	0.01631	0.00754	0.00460	0.00152	0.00319	0.00601	0.77297	0.00624
31	0.01599	0.01535	0.02623	0.03966	0.73262	0.01535	0.01983	0.01983	0.01471	0.02111	0.01215	0.01599	0.01023	0.00576	0.00640	0.00192	0.00768	0.00576	0.00320	0.01023
32	0.00914	0.00660	0.00864	0.00813	0.00965	0.00610	0.00610	0.01219	0.01829	0.02591	0.72921	0.04827	0.06097	0.01321	0.00762	0.00203	0.00305	0.01169	0.00711	0.00610
33	0.01220	0.01148	0.01938	0.75739	0.04450	0.01436	0.01794	0.01651	0.01292	0.01651	0.01148	0.01723	0.00861	0.00646	0.00646	0.00215	0.00861	0.00574	0.00287	0.00718
34	0.02492	0.01159	0.01474	0.01163	0.01611	0.01095	0.00949	0.12037	0.07059	0.50127	0.11459	0.02465	0.02137	0.00869	0.00664	0.00201	0.00537	0.00713	0.00758	0.01031
35	0.00931	0.00639	0.00777	0.00780	0.00809	0.00658	0.00487	0.00990	0.00999	0.01361	0.04541	0.06044	0.02395	0.58158	0.17159	0.00682	0.00825	0.00925	0.00400	0.00440
36	0.00787	0.00562	0.00750	0.00900	0.00937	0.00525	0.00600	0.00900	0.01237	0.01649	0.03561	0.76871	0.04274	0.02024	0.00825	0.00262	0.00375	0.01837	0.00600	0.00525
37	0.01727	0.77681	0.03386	0.01106	0.01658	0.02557	0.01106	0.01935	0.01313	0.01520	0.00898	0.01036	0.00829	0.00553	0.00415	0.00138	0.00691	0.00345	0.00276	0.00829
38	0.01134	0.00770	0.01097	0.01050	0.01192	0.00869	0.00812	0.03929	0.01154	0.06417	0.01755	0.02537	0.01605	0.08781	0.58111	0.03876	0.03219	0.00693	0.00387	0.00612
39	0.01250	0.01013	0.01339	0.06292	0.04291	0.03334	0.01044	0.09851	0.01407	0.01916	0.01861	0.03048	0.01777	0.05401	0.36953	0.00642	0.05698	0.11789	0.00416	0.00677
40	0.81856	0.01250	0.00950	0.00850	0.01250	0.01449	0.00700	0.01899	0.01100	0.02899	0.00900	0.01050	0.00700	0.00600	0.00400	0.00200	0.00500	0.00350	0.00400	0.00700
41	0.00806	0.00625	0.00707	0.00745	0.00878	0.00556	0.00520	0.00947	0.01370	0.01731	0.11064	0.25907	0.38519	0.11330	0.01102	0.00281	0.00377	0.01427	0.00583	0.00526
42	0.02373	0.01806	0.01891	0.01454	0.01969	0.04475	0.01195	0.63618	0.02871	0.03841	0.01502	0.01522	0.01079	0.00750	0.00632	0.00186	0.00710	0.00561	0.00616	0.06947
43	0.00923	0.00692	0.01038	0.01038	0.01154	0.00808	0.00808	0.01154	0.01038	0.01500	0.01731	0.02538	0.01615	0.04846	0.74732	0.01038	0.01731	0.00692	0.00346	0.00577
44	0.01929	0.32022	0.14639	0.01556	0.06331	0.09117	0.01416	0.19708	0.01835	0.04122	0.01180	0.01299	0.00928	0.00639	0.00543	0.00171	0.00787	0.00457	0.00392	0.00930
45	0.00871	0.00659	0.00803	0.00767	0.00939	0.00591	0.00575	0.01135	0.01726	0.02348	0.53813	0.05227	0.25356	0.01412	0.00763	0.00208	0.00311	0.01225	0.00679	0.00591
46	0.00901	0.00660	0.00845	0.00798	0.00957	0.00604	0.00599	0.01193	0.01797	0.02514	0.66882	0.04953	0.12183	0.01350	0.00762	0.00205	0.00307	0.01186	0.00701	0.00604
47	0.01296	0.03342	0.73944	0.01842	0.02797	0.01501	0.02387	0.02046	0.01364	0.02046	0.01160	0.01364	0.00818	0.00614	0.00614	0.00205	0.00955	0.00477	0.00273	0.00955
48	0.00914	0.00660	0.00864	0.00813	0.00965	0.00610	0.00610	0.01219	0.01829	0.02591	0.72921	0.04827	0.06097	0.01321	0.00762	0.00203	0.00305	0.01169	0.00711	0.00610
49	0.01939	0.54725	0.02907	0.01278	0.01763	0.24756	0.01150	0.02133	0.01472	0.01539	0.00929	0.01076	0.00830	0.00588	0.00466	0.00147	0.00837	0.00367	0.00294	0.00805
50	0.02001	0.01128	0.01408	0.01039	0.01581	0.00899	0.00844	0.02273	0.01556	0.32480	0.01743	0.01704	0.01230	0.00615	0.00551	0.00140	0.00509	0.00496	0.00560	0.47245
51	0.00914	0.00660	0.00864	0.00813	0.00965	0.00610	0.00610	0.01219	0.01829	0.02591	0.72921	0.04827	0.06097	0.01321	0.00762	0.00203	0.00305	0.01169	0.00711	0.00610
52	0.00817	0.00580	0.00766	0.00903	0.00945	0.00548	0.00612	0.00933	0.01230	0.01636	0.03426	0.66196	0.04078	0.08196	0.01032	0.00295	0.00410	0.06296	0.00582	0.00519
53	0.01220	0.01148	0.01938	0.75739	0.04450	0.01436	0.01794	0.01651	0.01292	0.01651	0.01148	0.01723	0.00861	0.00646	0.00646	0.00215	0.00861	0.00574	0.00287	0.00718
54	0.01563	0.07271	0.03389	0.04784	0.11612	0.03689	0.48865	0.02075	0.03689	0.02010	0.01278	0.01667	0.00993	0.00587	0.00759	0.00210	0.03666	0.00686	0.00330	0.00878
55	0.03951	0.17840	0.19640	0.01759	0.02417	0.01779	0.19463	0.13584	0.01716	0.09834	0.01347	0.01504	0.00988	0.00629	0.00614	0.00192	0.00840	0.00556	0.00408	0.00939
56	0.00828	0.00699	0.00723	0.00722	0.00935	0.00619	0.00539	0.01106	0.06324	0.01829	0.08012	0.10819	0.61386	0.01602	0.00761	0.00221	0.00343	0.01347	0.00607	0.00579
57	0.03665	0.01499	0.02347	0.16823	0.47605	0.01587	0.01798	0.12676	0.01673	0.02350	0.01247	0.01601	0.00997	0.00620	0.00636	0.00197	0.00770	0.00571	0.00367	0.00970
58	0.01122	0.00561	0.00842	0.00842	0.00842	0.00561	0.00561	0.00842	0.00842	0.01122	0.01122	0.01964	0.01122	0.02245	0.02525	0.81201	0.00561	0.00561	0.00281	0.00281
59	0.02312	0.01738	0.01858	0.01458	0.01949	0.01936	0.01193	0.59632	0.14748	0.03840	0.01734	0.01697	0.01247	0.00793	0.00648	0.00198	0.00677	0.00607	0.00648	0.01086
60	0.04461	0.14789	0.14340	0.01424	0.03886	0.04270	0.01310	0.21836	0.06405	0.07495	0.01402	0.01472	0.01050	0.00660	0.00567	0.00173	0.00702	0.00495	0.00464	0.12797
61	0.01117	0.00890	0.01334	0.01202	0.01405	0.00985	0.06475	0.06508	0.04721	0.01884	0.07613	0.02585	0.01914	0.03716	0.53617	0.00801	0.01427	0.00731	0.00412	0.00663
62	0.01542	0.01477	0.02519	0.14848	0.62829	0.01520	0.01954	0.01933	0.01444	0.02041	0.01205	0.01618	0.00999	0.00586	0.00641	0.00195	0.00782	0.00575	0.00315	0.00977
63	0.01599	0.01535	0.02623	0.03966	0.73262	0.01535	0.01983	0.01983	0.01471	0.02111	0.01215	0.01599	0.01023	0.00576	0.00640	0.00192	0.00768	0.00576	0.00320	0.01023
64	0.00914	0.00660	0.00864	0.00813	0.00965	0.00610	0.00610	0.01219	0.01829	0.02591	0.72921	0.04827	0.06097	0.01321	0.00762	0.00203	0.00305	0.01169	0.00711	0.00610
65	0.01340	0.01148	0.01340	0.00957	0.01531	0.00861	0.00766	0.01627	0.01340	0.02105	0.01148	0.01340	0.00957	0.00479	0.00479	0.00096	0.00479	0.00383	0.00383	0.81242
66	0.00828	0.00690	0.00731	0.00746	0.00960	0.00606	0.00580	0.01063	0.03798	0.01801	0.06010	0.06232	0.61638	0.01631	0.00777	0.00229	0.00368	0.10142	0.00601	0.00568
67	0.00828	0.00599	0.00783	0.00870	0.00952	0.00555	0.00608	0.01001	0.01419	0.01921	0.22778	0.51286	0.08592	0.01803	0.00806	0.00245	0.00359	0.03413	0.00630	0.00551
68	0.00798	0.00571	0.00760	0.00892	0.00940	0.00532	0.00601	0.00928	0.01289	0.01733	0.09694	0.70500	0.04435	0.01962	0.00819	0.00257	0.00369	0.01778	0.00610	0.00532
69	0.02016	0.01014	0.01266	0.01048	0.01421	0.00952	0.00838	0.05071	0.11068	0.37413	0.17430	0.03286	0.12276	0.01029	0.00689	0.00205	0.00471	0.00861	0.00730	0.00914
70	0.04037	0.03764	0.06816	0.15109	0.43446	0.03509	0.07475	0.01936	0.01416	0.02003	0.01171	0.01566	0.00954	0.00609	0.00686	0.00200	0.03499	0.00567	0.00313	0.00923
71	0.01272	0.01145	0.04767	0.01300	0.01635	0.01056	0.12274	0.05331	0.13094	0.04644	0.32421	0.05726	0.08194	0.01103	0.00735	0.00213	0.00536	0.03179	0.00606	0.00767

[dist]
# distance from previous block
# <min> <max>
1	3

[block]
# block no. 4 follows, 34 sequences, length 23
# corresponding to MSA columns:
# 201-223
name=unknown_E
#
# <colnr> <probs for GDERKNQSTAVLIFYWHMCP>
#	G	D	E	R	K	N	Q	S	T	A	V	L	I	F	Y	W	H	M	C	P
0	0.43322	0.11634	0.06067	0.01291	0.04271	0.11559	0.03727	0.07642	0.01430	0.02524	0.01009	0.01170	0.00797	0.00615	0.00482	0.00188	0.00692	0.00409	0.00381	0.00790
1	0.44565	0.04911	0.01730	0.06938	0.18270	0.01528	0.05653	0.03863	0.01309	0.02538	0.02763	0.01373	0.00951	0.00614	0.00512	0.00197	0.00635	0.00470	0.00378	0.00802
2	0.00923	0.00692	0.01038	0.01038	0.01154	0.00808	0.00808	0.01154	0.01038	0.01500	0.01731	0.02538	0.01615	0.04846	0.74732	0.01038	0.01731	0.00692	0.00346	0.00577
3	0.01235	0.01244	0.02436	0.07015	0.02440	0.01185	0.36772	0.01653	0.01584	0.02163	0.23985	0.07330	0.06117	0.00932	0.00758	0.00216	0.00751	0.00967	0.00473	0.00744
4	0.01525	0.01507	0.02847	0.02037	0.02656	0.01334	0.43320	0.01967	0.01476	0.05427	0.01310	0.01624	0.01001	0.00534	0.00659	0.00175	0.00852	0.00626	0.00368	0.28756
5	0.00843	0.00602	0.00814	0.00964	0.01026	0.00573	0.00698	0.00997	0.01293	0.01712	0.03530	0.61453	0.04151	0.01971	0.00840	0.00270	0.00424	0.16699	0.00599	0.00540
6	0.01973	0.02297	0.01635	0.01587	0.05161	0.45832	0.01153	0.02449	0.14073	0.01860	0.03853	0.06322	0.03905	0.00884	0.00639	0.00192	0.00905	0.04064	0.00438	0.00779
7	0.01707	0.74155	0.06733	0.01140	0.01712	0.02507	0.01166	0.01940	0.01315	0.01545	0.00911	0.01052	0.00829	0.00556	0.00424	0.00141	0.00704	0.00352	0.00276	0.00835
8	0.02456	0.01810	0.01939	0.01487	0.02004	0.02004	0.01228	0.71107	0.03038	0.04072	0.01551	0.01551	0.01099	0.00776	0.00646	0.00194	0.00711	0.00582	0.00646	0.01099
9	0.02281	0.01723	0.01840	0.01451	0.01937	0.01922	0.01186	0.57132	0.17298	0.03789	0.01774	0.01729	0.01279	0.00796	0.00649	0.00199	0.00670	0.00612	0.00649	0.01083
10	0.01496	0.00821	0.01132	0.01134	0.01369	0.00776	0.00961	0.01776	0.01603	0.20388	0.09686	0.08295	0.03417	0.01498	0.00816	0.00262	0.00548	0.42640	0.00658	0.00723
11	0.00764	0.00655	0.00655	0.00655	0.00873	0.00545	0.00491	0.00927	0.01473	0.01745	0.06546	0.06218	0.73000	0.01636	0.00764	0.00218	0.00327	0.01364	0.00600	0.00545
12	0.00797	0.00656	0.00700	0.00689	0.00893	0.00560	0.00517	0.00991	0.01551	0.01930	0.21064	0.05914	0.58366	0.01567	0.00763	0.00215	0.00322	0.01321	0.00624	0.00560
13	0.02456	0.01810	0.01939	0.01487	0.02004	0.02004	0.01228	0.71107	0.03038	0.04072	0.01551	0.01551	0.01099	0.00776	0.00646	0.00194	0.00711	0.00582	0.00646	0.01099
14	0.01675	0.00852	0.01112	0.01012	0.01271	0.00783	0.00774	0.05796	0.01662	0.28121	0.12929	0.30529	0.05930	0.01387	0.00742	0.00227	0.00453	0.03274	0.00691	0.00781
15	0.00797	0.00589	0.00747	0.00849	0.00930	0.00538	0.00583	0.00940	0.01342	0.01770	0.11788	0.57115	0.15882	0.01882	0.00808	0.00248	0.00359	0.01684	0.00612	0.00538
16	0.05061	0.01589	0.09880	0.01551	0.07043	0.01379	0.03123	0.18294	0.07425	0.34907	0.01988	0.01880	0.01338	0.00750	0.00639	0.00200	0.00657	0.00609	0.00634	0.01052
17	0.02205	0.01685	0.01798	0.01436	0.01908	0.01887	0.01167	0.51117	0.23437	0.03668	0.01870	0.01805	0.01357	0.00805	0.00650	0.00201	0.00652	0.00626	0.00650	0.01076
18	0.01035	0.00823	0.01132	0.01078	0.01179	0.00972	0.00831	0.03407	0.01140	0.01614	0.04174	0.05254	0.06094	0.12547	0.43466	0.00746	0.12742	0.00792	0.00386	0.00588
19	0.00795	0.00570	0.00743	0.00878	0.00921	0.00532	0.00583	0.00903	0.01228	0.01629	0.03584	0.69770	0.06808	0.06543	0.00971	0.00283	0.00388	0.01765	0.00587	0.00518
20	0.01587	0.01660	0.04626	0.12229	0.14399	0.12114	0.12721	0.03265	0.01450	0.04540	0.03336	0.03914	0.03564	0.03444	0.01015	0.00230	0.14073	0.00668	0.00364	0.00802
21	0.01757	0.70413	0.05677	0.01166	0.01719	0.07114	0.01158	0.01980	0.01348	0.01542	0.00914	0.01056	0.00829	0.00562	0.00432	0.00142	0.00730	0.00354	0.00280	0.00828
22	0.01494	0.01416	0.02383	0.19028	0.41319	0.01447	0.07608	0.03997	0.01482	0.02080	0.03132	0.01698	0.01116	0.00605	0.00639	0.00190	0.00773	0.00589	0.00340	0.08664

[dist]
# distance from previous block
# <min> <max>
1	3

[block]
# block no. 5 follows, 34 sequences, length 16
# corresponding to MSA columns:
# 227-242
name=unknown_F
#
# <colnr> <probs for GDERKNQSTAVLIFYWHMCP>
#	G	D	E	R	K	N	Q	S	T	A	V	L	I	F	Y	W	H	M	C	P
0	0.11343	0.27132	0.02550	0.01863	0.16040	0.07437	0.07798	0.06404	0.03804	0.04218	0.01167	0.01353	0.00950	0.00599	0.00536	0.00172	0.00737	0.00475	0.00365	0.05058
1	0.00792	0.00625	0.00714	0.00757	0.00906	0.00547	0.00543	0.00957	0.01443	0.01827	0.14483	0.29380	0.41292	0.01722	0.00784	0.00231	0.00340	0.01494	0.00615	0.00547
2	0.14398	0.10267	0.18095	0.06782	0.07067	0.05556	0.03707	0.04146	0.03498	0.06422	0.01407	0.07371	0.01194	0.00751	0.00628	0.00197	0.03142	0.00589	0.00389	0.04393
3	0.01525	0.30633	0.41425	0.01645	0.05094	0.05693	0.01840	0.02030	0.01374	0.01831	0.01057	0.01242	0.00831	0.00593	0.00540	0.00178	0.00861	0.00430	0.00279	0.00901
4	0.00837	0.00645	0.00768	0.00814	0.00949	0.00590	0.00581	0.01072	0.04070	0.01924	0.19457	0.34741	0.27800	0.01699	0.00784	0.00233	0.00349	0.01492	0.00626	0.00568
5	0.01648	0.00911	0.01146	0.00993	0.01289	0.00859	0.00784	0.06068	0.06518	0.24379	0.31412	0.06463	0.09919	0.01170	0.00721	0.00210	0.00433	0.03556	0.00713	0.00807
6	0.04480	0.05676	0.07079	0.02729	0.34138	0.14513	0.07886	0.04762	0.04837	0.02081	0.01215	0.01500	0.00990	0.00641	0.00698	0.00194	0.04765	0.00546	0.00346	0.00923
7	0.00988	0.00649	0.00825	0.00825	0.00906	0.00699	0.00581	0.01150	0.01069	0.01602	0.01921	0.03125	0.01891	0.30313	0.33118	0.00702	0.01028	0.00763	0.17329	0.00515
8	0.00925	0.00686	0.01008	0.01008	0.01113	0.00791	0.00770	0.01134	0.01029	0.01478	0.01758	0.02692	0.01682	0.11421	0.68248	0.01001	0.01630	0.00715	0.00350	0.00560
9	0.01340	0.01148	0.01340	0.00957	0.01531	0.00861	0.00766	0.01627	0.01340	0.02105	0.01148	0.01340	0.00957	0.00479	0.00479	0.00096	0.00479	0.00383	0.00383	0.81242
10	0.01733	0.01312	0.01452	0.01223	0.01554	0.03322	0.00981	0.23215	0.12945	0.07512	0.08505	0.02880	0.09554	0.03606	0.00895	0.00223	0.07574	0.04127	0.03053	0.04333
11	0.00989	0.00817	0.00871	0.00836	0.01069	0.00788	0.00631	0.03818	0.13993	0.02082	0.12880	0.10539	0.45363	0.01467	0.00745	0.00219	0.00374	0.01239	0.00624	0.00654
12	0.10808	0.05055	0.06398	0.05966	0.04389	0.03592	0.01237	0.35047	0.07231	0.09501	0.01556	0.01655	0.01142	0.02761	0.00677	0.00207	0.00694	0.00561	0.00546	0.00976
13	0.00949	0.00675	0.00905	0.00927	0.01009	0.00716	0.00682	0.01113	0.01141	0.01569	0.07555	0.04152	0.02589	0.30305	0.30344	0.00696	0.01024	0.12699	0.00434	0.00515
14	0.01405	0.01386	0.04976	0.04627	0.04054	0.06990	0.03480	0.06591	0.11798	0.02079	0.11558	0.08129	0.02208	0.09153	0.03651	0.00295	0.15602	0.00806	0.00466	0.00747
15	0.01770	0.56244	0.12956	0.01291	0.01867	0.13154	0.01305	0.02046	0.01397	0.01602	0.00950	0.01101	0.00828	0.00578	0.00467	0.00152	0.00798	0.00374	0.00284	0.00835

[dist]
# distance from previous block
# <min> <max>
4	5

[block]
# block no. 6 follows, 34 sequences, length 17
# corresponding to MSA columns:
# 248-264
name=unknown_G
#
# <colnr> <probs for GDERKNQSTAVLIFYWHMCP>
#	G	D	E	R	K	N	Q	S	T	A	V	L	I	F	Y	W	H	M	C	P
0	0.01518	0.01316	0.02113	0.09174	0.47509	0.01332	0.01609	0.01945	0.04955	0.05889	0.05474	0.02240	0.06927	0.00736	0.00649	0.00196	0.00672	0.00679	0.04141	0.00924
1	0.01564	0.01475	0.03360	0.01602	0.07773	0.09706	0.04201	0.11202	0.14517	0.02243	0.04436	0.04271	0.01853	0.05345	0.09851	0.00341	0.06722	0.08247	0.00480	0.00810
2	0.01504	0.39235	0.39877	0.01486	0.02247	0.02010	0.01768	0.01992	0.01339	0.01792	0.01033	0.01206	0.00824	0.00584	0.00518	0.00173	0.00827	0.00414	0.00275	0.00894
3	0.00779	0.00655	0.00675	0.00670	0.00882	0.00552	0.00503	0.00956	0.01508	0.01829	0.13109	0.06081	0.66384	0.01605	0.00763	0.00217	0.00325	0.01344	0.00611	0.00552
4	0.01222	0.00855	0.01168	0.01134	0.01357	0.00829	0.04151	0.01641	0.09062	0.08586	0.09215	0.21832	0.07040	0.01494	0.00788	0.00248	0.00510	0.24318	0.00611	0.03940
5	0.02414	0.03079	0.01831	0.01665	0.01998	0.74698	0.01248	0.02580	0.01831	0.01581	0.00999	0.01165	0.00832	0.00666	0.00583	0.00166	0.01165	0.00416	0.00333	0.00749
6	0.01511	0.01445	0.02463	0.20709	0.57210	0.01512	0.01939	0.01906	0.01429	0.02004	0.01200	0.01628	0.00986	0.00592	0.00641	0.00197	0.00789	0.00575	0.00312	0.00952
7	0.00923	0.00692	0.01038	0.01038	0.01154	0.00808	0.00808	0.01154	0.01038	0.01500	0.01731	0.02538	0.01615	0.04846	0.74732	0.01038	0.01731	0.00692	0.00346	0.00577
8	0.00939	0.00630	0.00722	0.00722	0.00728	0.00636	0.00413	0.00951	0.00945	0.01266	0.02020	0.04140	0.02311	0.73525	0.07004	0.00648	0.00684	0.00927	0.00389	0.00401
9	0.00796	0.00584	0.00748	0.00858	0.00931	0.00536	0.00586	0.00934	0.01326	0.01753	0.10651	0.60266	0.13850	0.01903	0.00810	0.00251	0.00362	0.01708	0.00611	0.00536
10	0.01035	0.00739	0.01032	0.01171	0.01320	0.00737	0.01019	0.01333	0.01505	0.01967	0.06954	0.07163	0.03839	0.01761	0.00886	0.00293	0.00580	0.65469	0.00601	0.00596
11	0.01113	0.00966	0.01113	0.01086	0.01186	0.07085	0.00806	0.01343	0.04467	0.01545	0.01957	0.13867	0.02030	0.17248	0.32953	0.00655	0.08720	0.00878	0.00400	0.00582
12	0.15459	0.01804	0.02530	0.05194	0.06204	0.15241	0.30666	0.04041	0.01492	0.02111	0.01180	0.01532	0.00934	0.00848	0.04740	0.00250	0.04030	0.00592	0.00347	0.00804
13	0.20509	0.22619	0.17096	0.01362	0.03967	0.07085	0.01310	0.08043	0.01517	0.09352	0.01189	0.01293	0.00902	0.00629	0.00515	0.00181	0.00726	0.00436	0.00393	0.00875
14	0.06217	0.06856	0.01904	0.05754	0.08708	0.11313	0.06123	0.10356	0.03450	0.11449	0.07796	0.01995	0.04070	0.00755	0.00648	0.00185	0.02429	0.00613	0.00480	0.08899
15	0.05210	0.01079	0.01339	0.01524	0.13767	0.03648	0.00982	0.01922	0.12931	0.10205	0.12433	0.16142	0.11085	0.01183	0.00704	0.00218	0.00513	0.03747	0.00579	0.00790
16	0.01342	0.07446	0.01650	0.06446	0.01798	0.01105	0.05840	0.05358	0.01461	0.02085	0.03852	0.05928	0.08072	0.00733	0.00568	0.00145	0.00555	0.00623	0.00419	0.44575

[dist]
# distance from previous block
# <min> <max>
1	5

[block]
# block no. 7 follows, 34 sequences, length 44
# corresponding to MSA columns:
# 270-313
name=unknown_H
#
# <colnr> <probs for GDERKNQSTAVLIFYWHMCP>
#	G	D	E	R	K	N	Q	S	T	A	V	L	I	F	Y	W	H	M	C	P
0	0.01635	0.20741	0.33177	0.03810	0.07478	0.11753	0.04658	0.02147	0.03370	0.03875	0.01164	0.01353	0.00899	0.00614	0.00573	0.00184	0.00887	0.00471	0.00313	0.00898
1	0.01562	0.15840	0.12752	0.01457	0.06631	0.01478	0.03468	0.04580	0.14266	0.09377	0.07400	0.02514	0.07882	0.01084	0.04863	0.00245	0.00700	0.02541	0.00488	0.00873
2	0.01068	0.04201	0.20060	0.01235	0.01675	0.01026	0.07387	0.01488	0.04341	0.01879	0.05862	0.06265	0.29692	0.05624	0.03090	0.00263	0.00647	0.03026	0.00466	0.00706
3	0.01492	0.09220	0.19013	0.01547	0.06462	0.05536	0.04149	0.02076	0.10566	0.07868	0.09435	0.06454	0.04311	0.00955	0.00669	0.00210	0.00690	0.08021	0.00480	0.00844
4	0.01398	0.05861	0.55383	0.01781	0.04574	0.05247	0.02066	0.02189	0.09231	0.02066	0.01374	0.03590	0.01051	0.00682	0.00616	0.00203	0.00884	0.00538	0.00329	0.00937
5	0.01309	0.08511	0.66376	0.01756	0.02651	0.01541	0.02234	0.01998	0.01356	0.01995	0.01225	0.03992	0.00941	0.00659	0.00607	0.00202	0.00916	0.00516	0.00285	0.00931
6	0.01221	0.01142	0.01918	0.70526	0.06531	0.01407	0.01755	0.01645	0.01319	0.01702	0.03931	0.01839	0.01069	0.00670	0.00650	0.00214	0.00837	0.00597	0.00305	0.00723
7	0.01578	0.01634	0.04977	0.08807	0.56218	0.03674	0.09649	0.01988	0.01472	0.02056	0.01213	0.01604	0.00995	0.00581	0.00651	0.00196	0.00828	0.00589	0.00317	0.00975
8	0.01122	0.00561	0.00842	0.00842	0.00842	0.00561	0.00561	0.00842	0.00842	0.01122	0.01122	0.01964	0.01122	0.02245	0.02525	0.81201	0.00561	0.00561	0.00281	0.00281
9	0.01220	0.01148	0.01938	0.75739	0.04450	0.01436	0.01794	0.01651	0.01292	0.01651	0.01148	0.01723	0.00861	0.00646	0.00646	0.00215	0.00861	0.00574	0.00287	0.00718
10	0.01674	0.01728	0.09709	0.05293	0.32105	0.01593	0.10891	0.10070	0.14011	0.04127	0.01537	0.01750	0.01180	0.00659	0.00658	0.00203	0.00776	0.00620	0.00422	0.00996
11	0.01122	0.00561	0.00842	0.00842	0.00842	0.00561	0.00561	0.00842	0.00842	0.01122	0.01122	0.01964	0.01122	0.02245	0.02525	0.81201	0.00561	0.00561	0.00281	0.00281
12	0.02693	0.01071	0.01445	0.01126	0.01593	0.00941	0.00923	0.02995	0.03968	0.65579	0.08475	0.02427	0.01989	0.00846	0.00659	0.00201	0.00528	0.00696	0.00788	0.01056
13	0.01727	0.77681	0.03386	0.01106	0.01658	0.02557	0.01106	0.01935	0.01313	0.01520	0.00898	0.01036	0.00829	0.00553	0.00415	0.00138	0.00691	0.00345	0.00276	0.00829
14	0.04259	0.34746	0.10675	0.01623	0.04854	0.12843	0.10238	0.10069	0.01622	0.02017	0.01082	0.01264	0.00883	0.00603	0.00541	0.00170	0.00840	0.00460	0.00339	0.00871
15	0.01167	0.01118	0.05596	0.01283	0.04132	0.01154	0.01025	0.03525	0.03736	0.02265	0.39061	0.05679	0.03774	0.01190	0.01127	0.00227	0.21774	0.00925	0.00542	0.00698
16	0.00818	0.00575	0.00741	0.00860	0.00890	0.00545	0.00558	0.00908	0.01177	0.01570	0.03254	0.62245	0.03886	0.17179	0.01321	0.00336	0.00426	0.01656	0.00558	0.00498
17	0.00914	0.00660	0.00864	0.00813	0.00965	0.00610	0.00610	0.01219	0.01829	0.02591	0.72921	0.04827	0.06097	0.01321	0.00762	0.00203	0.00305	0.01169	0.00711	0.00610
18	0.01414	0.01414	0.01979	0.01696	0.01696	0.01979	0.01414	0.01555	0.00990	0.01555	0.00848	0.01414	0.00848	0.01131	0.02120	0.00283	0.76110	0.00565	0.00283	0.00707
19	0.01156	0.00924	0.01073	0.01052	0.01254	0.00987	0.00785	0.02011	0.29827	0.02323	0.21075	0.26398	0.03804	0.01375	0.00743	0.00231	0.00418	0.03161	0.00652	0.00749
20	0.00780	0.00591	0.00720	0.00823	0.00917	0.00531	0.00566	0.00908	0.01311	0.01679	0.04492	0.54835	0.25708	0.01903	0.00806	0.00249	0.00360	0.01689	0.00600	0.00531
21	0.02417	0.01772	0.01897	0.01459	0.01965	0.01960	0.01204	0.68928	0.02985	0.04020	0.01569	0.01578	0.01116	0.00775	0.00640	0.00193	0.00698	0.00582	0.03158	0.01083
22	0.01340	0.01148	0.01340	0.00957	0.01531	0.00861	0.00766	0.01627	0.01340	0.02105	0.01148	0.01340	0.00957	0.00479	0.00479	0.00096	0.00479	0.00383	0.00383	0.81242
23	0.02414	0.03079	0.01831	0.01665	0.01998	0.74698	0.01248	0.02580	0.01831	0.01581	0.00999	0.01165	0.00832	0.00666	0.00583	0.00166	0.01165	0.00416	0.00333	0.00749
24	0.00970	0.00649	0.00814	0.00773	0.00925	0.00608	0.00580	0.01274	0.01739	0.02556	0.59473	0.04367	0.05253	0.01213	0.00703	0.00193	0.00304	0.01061	0.15935	0.00608
25	0.00923	0.00692	0.01038	0.01038	0.01154	0.00808	0.00808	0.01154	0.01038	0.01500	0.01731	0.02538	0.01615	0.04846	0.74732	0.01038	0.01731	0.00692	0.00346	0.00577
26	0.01270	0.01246	0.02247	0.63699	0.04273	0.01468	0.13192	0.01720	0.01330	0.01720	0.01175	0.01726	0.00881	0.00629	0.00665	0.00216	0.00899	0.00605	0.00294	0.00743
27	0.01641	0.01405	0.01480	0.01322	0.01693	0.01623	0.01031	0.06146	0.69327	0.02758	0.02587	0.02376	0.01937	0.00873	0.00657	0.00218	0.00519	0.00725	0.00657	0.01026
28	0.01181	0.00946	0.01301	0.09362	0.09882	0.00971	0.00996	0.01647	0.11768	0.03894	0.04432	0.29216	0.02638	0.03933	0.05021	0.00282	0.00598	0.03487	0.00510	0.07934
29	0.28508	0.17606	0.20544	0.01294	0.01877	0.07825	0.01321	0.08421	0.01472	0.04333	0.01080	0.01216	0.00829	0.00621	0.00503	0.00185	0.00733	0.00417	0.00370	0.00844
30	0.01296	0.03342	0.73944	0.01842	0.02797	0.01501	0.02387	0.02046	0.01364	0.02046	0.01160	0.01364	0.00818	0.00614	0.00614	0.00205	0.00955	0.00477	0.00273	0.00955
31	0.02838	0.01198	0.01560	0.01196	0.01698	0.01096	0.00988	0.12557	0.02014	0.64068	0.02411	0.02110	0.01530	0.00796	0.00649	0.00199	0.00572	0.00640	0.00778	0.01100
32	0.00907	0.00680	0.00945	0.07069	0.01266	0.00726	0.00745	0.01058	0.01151	0.01557	0.02630	0.37074	0.02980	0.16134	0.16445	0.00486	0.02829	0.04308	0.00475	0.00535
33	0.01457	0.05707	0.37711	0.02316	0.09791	0.03853	0.25824	0.02060	0.01442	0.02024	0.01200	0.01498	0.00895	0.00585	0.00658	0.00204	0.00978	0.00578	0.00298	0.00921
34	0.02071	0.01349	0.01523	0.01285	0.01706	0.01459	0.01023	0.10536	0.44422	0.23410	0.02492	0.02258	0.01772	0.00844	0.00654	0.00211	0.00544	0.00691	0.00697	0.01053
35	0.00940	0.00626	0.00705	0.00705	0.00705	0.00626	0.00392	0.00940	0.00940	0.01253	0.02036	0.04228	0.02349	0.77292	0.03289	0.00626	0.00626	0.00940	0.00392	0.00392
36	0.04248	0.02592	0.22278	0.07569	0.13930	0.28291	0.04502	0.05515	0.01626	0.01981	0.01126	0.01370	0.00876	0.00634	0.00610	0.00189	0.00975	0.00491	0.00327	0.00869
37	0.01122	0.00561	0.00842	0.00842	0.00842	0.00561	0.00561	0.00842	0.00842	0.01122	0.01122	0.01964	0.01122	0.02245	0.02525	0.81201	0.00561	0.00561	0.00281	0.00281
38	0.00940	0.00626	0.00705	0.00705	0.00705	0.00626	0.00392	0.00940	0.00940	0.01253	0.02036	0.04228	0.02349	0.77292	0.03289	0.00626	0.00626	0.00940	0.00392	0.00392
39	0.02371	0.01919	0.08218	0.01506	0.02060	0.01922	0.01320	0.62658	0.02849	0.06367	0.01552	0.01558	0.01092	0.00762	0.00644	0.00195	0.00727	0.00575	0.00619	0.01086
40	0.01397	0.14364	0.40370	0.02018	0.12549	0.01609	0.08093	0.01941	0.01387	0.01965	0.04160	0.01644	0.01147	0.03818	0.00717	0.00211	0.00858	0.00544	0.00308	0.00900
41	0.01360	0.00773	0.01004	0.00896	0.01121	0.00710	0.00684	0.01676	0.03894	0.17932	0.48698	0.06521	0.06417	0.04384	0.00842	0.00223	0.00380	0.01059	0.00709	0.00715
42	0.76124	0.01257	0.01036	0.00989	0.04263	0.01438	0.00761	0.01941	0.01138	0.05007	0.00963	0.01107	0.00740	0.00605	0.00417	0.00200	0.00512	0.00368	0.00409	0.00725
43	0.08409	0.05130	0.39891	0.09559	0.06631	0.04557	0.07277	0.01946	0.01353	0.02016	0.01225	0.04546	0.00982	0.00683	0.00658	0.00207	0.03200	0.00556	0.00309	0.00867

[dist]
# distance from previous block
# <min> <max>
0	2

[block]
# block no. 8 follows, 34 sequences, length 12
# corresponding to MSA columns:
# 316-327
name=unknown_I
#
# <colnr> <probs for GDERKNQSTAVLIFYWHMCP>
#	G	D	E	R	K	N	Q	S	T	A	V	L	I	F	Y	W	H	M	C	P
0	0.12722	0.00660	0.00857	0.00843	0.00900	0.00689	0.00581	0.00994	0.00879	0.01378	0.01090	0.01833	0.01062	0.02008	0.02220	0.69563	0.00552	0.00531	0.00298	0.00341
1	0.04930	0.20857	0.27643	0.05092	0.10581	0.01802	0.01669	0.05905	0.11602	0.02146	0.01323	0.01474	0.01023	0.00642	0.00568	0.00189	0.00768	0.00497	0.00361	0.00928
2	0.01590	0.05454	0.13975	0.05221	0.20700	0.01470	0.06788	0.11808	0.01704	0.06182	0.08487	0.02235	0.07139	0.00796	0.00711	0.00201	0.03508	0.00685	0.00439	0.00905
3	0.01428	0.01224	0.01453	0.01318	0.01484	0.06086	0.01041	0.06481	0.11487	0.05133	0.01861	0.13042	0.01759	0.02090	0.19681	0.00443	0.21996	0.00805	0.00451	0.00740
4	0.00940	0.00626	0.00705	0.00705	0.00705	0.00626	0.00392	0.00940	0.00940	0.01253	0.02036	0.04228	0.02349	0.77292	0.03289	0.00626	0.00626	0.00940	0.00392	0.00392
5	0.01498	0.01191	0.01389	0.01003	0.01570	0.00944	0.00807	0.06446	0.01482	0.05996	0.01249	0.01399	0.01000	0.00516	0.00499	0.00108	0.00498	0.00410	0.00423	0.71571
6	0.01769	0.01361	0.05506	0.01614	0.12274	0.01243	0.01171	0.07873	0.14430	0.16128	0.07162	0.02310	0.01793	0.00801	0.00671	0.00189	0.02446	0.03995	0.00551	0.16715
7	0.01122	0.00561	0.00842	0.00842	0.00842	0.00561	0.00561	0.00842	0.00842	0.01122	0.01122	0.01964	0.01122	0.02245	0.02525	0.81201	0.00561	0.00561	0.00281	0.00281
8	0.01340	0.03083	0.63697	0.02147	0.12921	0.01506	0.02329	0.02037	0.01380	0.02056	0.01168	0.01398	0.00848	0.00608	0.00618	0.00203	0.00928	0.00492	0.00280	0.00965
9	0.01370	0.12153	0.02110	0.47509	0.05720	0.01539	0.04941	0.04600	0.01392	0.01854	0.01247	0.01691	0.00967	0.00643	0.00596	0.00195	0.00776	0.00554	0.09386	0.00754
10	0.01818	0.11456	0.01645	0.01194	0.01524	0.11023	0.00957	0.15019	0.03551	0.13001	0.01958	0.09802	0.03288	0.06520	0.13961	0.00370	0.00871	0.00733	0.00504	0.00805
11	0.00813	0.00589	0.00771	0.00887	0.00956	0.00547	0.00616	0.00961	0.01335	0.01779	0.11737	0.60022	0.09343	0.01904	0.00817	0.00254	0.00375	0.05142	0.00612	0.00540

[dist]
# distance from previous block
# <min> <max>
0	6

[block]
# block no. 9 follows, 34 sequences, length 12
# corresponding to MSA columns:
# 334-345
name=unknown_J
#
# <colnr> <probs for GDERKNQSTAVLIFYWHMCP>
#	G	D	E	R	K	N	Q	S	T	A	V	L	I	F	Y	W	H	M	C	P
0	0.00914	0.00676	0.00879	0.00981	0.01118	0.00640	0.00789	0.01140	0.01452	0.01879	0.09579	0.23474	0.18214	0.01775	0.00840	0.00265	0.00465	0.33743	0.00606	0.00569
1	0.00855	0.00636	0.00795	0.00803	0.00940	0.00577	0.00584	0.01086	0.01618	0.02200	0.43344	0.22286	0.18796	0.01551	0.00777	0.00220	0.00326	0.01366	0.00663	0.00577
2	0.01321	0.01198	0.01244	0.01140	0.01332	0.15155	0.05388	0.01558	0.01292	0.01750	0.01675	0.02324	0.01490	0.08574	0.32018	0.00570	0.01149	0.00642	0.19558	0.00621
3	0.06104	0.00711	0.00882	0.00820	0.01000	0.00674	0.00622	0.01339	0.01767	0.05078	0.63459	0.04412	0.05445	0.01237	0.00724	0.00201	0.00326	0.01079	0.03487	0.00632
4	0.59981	0.01404	0.01222	0.01025	0.01457	0.01602	0.00845	0.20967	0.01634	0.03222	0.01079	0.01188	0.00810	0.00648	0.00468	0.00198	0.00558	0.00414	0.00468	0.00810
5	0.02432	0.01654	0.18779	0.01326	0.01925	0.01124	0.01297	0.02905	0.06356	0.51941	0.02223	0.02014	0.01438	0.00760	0.00642	0.00202	0.00644	0.00614	0.00665	0.01060
6	0.01387	0.01060	0.01207	0.01048	0.01352	0.02749	0.00798	0.07325	0.13164	0.05778	0.04381	0.09317	0.03736	0.11312	0.10190	0.01885	0.00682	0.02191	0.00504	0.19933
7	0.02571	0.01253	0.02051	0.01525	0.02062	0.01113	0.17640	0.02891	0.01772	0.56619	0.02253	0.02090	0.01452	0.00739	0.00677	0.00204	0.00679	0.00677	0.00687	0.01045
8	0.00975	0.00722	0.00949	0.01062	0.01228	0.00696	0.00910	0.01241	0.01484	0.01889	0.04166	0.07033	0.20246	0.01749	0.00862	0.00279	0.00531	0.52799	0.00596	0.00583
9	0.01106	0.00572	0.00857	0.00857	0.00867	0.00581	0.00581	0.00867	0.00857	0.01153	0.01171	0.02010	0.01162	0.02453	0.08306	0.74783	0.00655	0.00572	0.00286	0.00304
10	0.06467	0.00740	0.00922	0.00984	0.01148	0.00717	0.00761	0.01366	0.03163	0.08616	0.03562	0.35618	0.11301	0.01675	0.00788	0.00256	0.00459	0.20227	0.00605	0.00625
