[name]
unknown

[dist]
# distance from previous block
# <min> <max>
0	98

[block]
# block no. 0 follows, 33 sequences, length 47
# corresponding to MSA columns:
# 104-128,130-151
name=unknown_A
#
# <colnr> <probs for GDERKNQSTAVLIFYWHMCP>
#	G	D	E	R	K	N	Q	S	T	A	V	L	I	F	Y	W	H	M	C	P
0	0.01069	0.01012	0.05717	0.04922	0.01423	0.00891	0.00868	0.01615	0.12823	0.02236	0.26516	0.06569	0.19596	0.03175	0.02596	0.00248	0.00488	0.04287	0.00601	0.03348
1	0.01593	0.04478	0.04489	0.16925	0.18016	0.01475	0.01430	0.12867	0.07728	0.04064	0.01530	0.01892	0.01225	0.03025	0.09296	0.00306	0.00848	0.00603	0.03071	0.05138
2	0.01758	0.52543	0.05581	0.01455	0.06018	0.11016	0.04536	0.02017	0.01458	0.01709	0.05615	0.01403	0.01212	0.00631	0.00504	0.00158	0.00771	0.00454	0.00322	0.00839
3	0.02858	0.01161	0.01544	0.01181	0.01694	0.01021	0.00974	0.06714	0.01925	0.66337	0.02479	0.02166	0.01573	0.00799	0.00654	0.00199	0.00566	0.00646	0.00787	0.04723
4	0.01895	0.05542	0.07371	0.12084	0.02306	0.01431	0.04784	0.17209	0.04002	0.14881	0.03911	0.01779	0.01295	0.00695	0.00617	0.00180	0.00685	0.00573	0.00511	0.18247
5	0.01215	0.01068	0.03320	0.03323	0.03839	0.01070	0.03028	0.03613	0.24351	0.02308	0.15569	0.24556	0.07390	0.01323	0.00746	0.00231	0.00486	0.01171	0.00615	0.00777
6	0.04183	0.00812	0.01039	0.00936	0.01194	0.00733	0.00717	0.01781	0.01690	0.24275	0.28071	0.18026	0.11226	0.01330	0.00741	0.00219	0.00411	0.01152	0.00708	0.00755
7	0.01086	0.00602	0.00846	0.00844	0.00868	0.00611	0.00566	0.00949	0.00959	0.01321	0.04616	0.02589	0.01649	0.14768	0.09650	0.52974	0.00679	0.00678	0.03381	0.00362
8	0.01764	0.01930	0.05420	0.18111	0.34405	0.17606	0.03449	0.05773	0.01624	0.02037	0.01194	0.01548	0.00959	0.00634	0.00643	0.00196	0.00905	0.00551	0.00338	0.00913
9	0.08331	0.01237	0.01502	0.01317	0.01570	0.05744	0.05448	0.07130	0.06340	0.11603	0.03811	0.23423	0.02229	0.01394	0.04383	0.00275	0.11971	0.00980	0.00536	0.00777
10	0.00826	0.00590	0.00791	0.00944	0.00992	0.00555	0.00652	0.00957	0.01284	0.01707	0.03615	0.70155	0.04303	0.02040	0.00847	0.00271	0.00402	0.07918	0.00611	0.00541
11	0.02206	0.02698	0.01974	0.07668	0.10154	0.55731	0.01410	0.02419	0.01726	0.01676	0.01044	0.01297	0.00873	0.00697	0.00707	0.00184	0.05950	0.00465	0.00331	0.00789
12	0.78077	0.01298	0.01011	0.00894	0.01307	0.01501	0.00736	0.04921	0.01206	0.03006	0.00946	0.01092	0.00731	0.00619	0.00418	0.00203	0.00519	0.00367	0.00418	0.00731
13	0.00847	0.00651	0.00775	0.00783	0.00942	0.00579	0.00572	0.01065	0.01607	0.02123	0.33782	0.19226	0.31456	0.01608	0.00789	0.00225	0.00333	0.01398	0.00659	0.00579
14	0.00925	0.00670	0.00764	0.00761	0.00910	0.00604	0.00539	0.01082	0.01433	0.04003	0.17408	0.11575	0.33731	0.19209	0.01385	0.00322	0.00419	0.03125	0.00589	0.00548
15	0.01711	0.01365	0.01096	0.01004	0.01253	0.20098	0.00763	0.02021	0.03759	0.09850	0.08990	0.02424	0.03419	0.00829	0.00562	0.00172	0.00574	0.00647	0.38742	0.00720
16	0.00884	0.00662	0.00821	0.00801	0.00960	0.00598	0.00593	0.01143	0.01722	0.02351	0.50840	0.12423	0.20801	0.01490	0.00783	0.00217	0.00323	0.01303	0.00688	0.00598
17	0.00961	0.00735	0.01097	0.01085	0.01198	0.00871	0.00848	0.01192	0.01056	0.01531	0.01727	0.02540	0.01614	0.04783	0.71320	0.01027	0.04772	0.00700	0.00350	0.00593
18	0.01629	0.01564	0.02672	0.04041	0.72757	0.01564	0.02020	0.02020	0.01499	0.02151	0.01238	0.01629	0.01043	0.00587	0.00652	0.00196	0.00782	0.00587	0.00326	0.01043
19	0.01420	0.01202	0.01394	0.01001	0.01583	0.00933	0.00803	0.04966	0.01448	0.02241	0.01190	0.01375	0.00982	0.00502	0.00496	0.00102	0.00499	0.00400	0.00403	0.77058
20	0.02356	0.01259	0.01612	0.04617	0.04252	0.01148	0.01037	0.12789	0.01894	0.38975	0.01968	0.01874	0.01331	0.00712	0.00616	0.00176	0.00588	0.00576	0.00642	0.21577
21	0.36549	0.12074	0.07805	0.03937	0.01684	0.04893	0.01041	0.08687	0.05201	0.02584	0.01326	0.05686	0.01118	0.00734	0.00513	0.00196	0.00626	0.00522	0.04024	0.00799
22	0.01155	0.01111	0.05403	0.01049	0.01300	0.05907	0.00874	0.05106	0.05061	0.02245	0.24895	0.11250	0.18430	0.01413	0.00771	0.00229	0.00503	0.12012	0.00612	0.00675
23	0.01849	0.01556	0.01904	0.01900	0.14507	0.01743	0.01313	0.22735	0.25215	0.02871	0.01767	0.01849	0.01360	0.00814	0.00841	0.00211	0.10178	0.00627	0.00538	0.06222
24	0.01249	0.00920	0.03001	0.01060	0.03869	0.02618	0.00771	0.01598	0.06222	0.08514	0.22845	0.15859	0.05494	0.08945	0.04710	0.00296	0.00528	0.01054	0.07913	0.02533
25	0.09080	0.01710	0.04992	0.11401	0.15263	0.13504	0.04610	0.09816	0.01647	0.04102	0.01499	0.09187	0.01322	0.00809	0.00670	0.00202	0.02624	0.00669	0.02787	0.04105
26	0.01717	0.01705	0.02441	0.14530	0.06187	0.13141	0.21402	0.04346	0.03139	0.06758	0.01344	0.01727	0.01056	0.01032	0.06340	0.00281	0.11017	0.00632	0.00373	0.00831
27	0.01046	0.00709	0.00915	0.00875	0.01045	0.00660	0.00657	0.01368	0.03736	0.06396	0.54016	0.13258	0.08256	0.01413	0.00778	0.00218	0.00347	0.02952	0.00707	0.00648
28	0.01302	0.01238	0.02138	0.54904	0.14332	0.01437	0.06501	0.01733	0.01395	0.01843	0.05814	0.01943	0.01256	0.00685	0.00673	0.00215	0.00843	0.00638	0.00328	0.00781
29	0.06527	0.05871	0.06412	0.04584	0.14643	0.09521	0.09691	0.06409	0.04679	0.04160	0.01393	0.03847	0.01192	0.00920	0.02898	0.00240	0.13213	0.02548	0.00388	0.00863
30	0.01880	0.01467	0.01589	0.04268	0.05235	0.06207	0.01123	0.07356	0.42383	0.12913	0.02495	0.02487	0.03633	0.00889	0.00673	0.00216	0.00607	0.02945	0.00634	0.01001
31	0.00796	0.00637	0.00714	0.00772	0.00928	0.00555	0.00558	0.00949	0.01418	0.01751	0.05509	0.30629	0.46574	0.01809	0.00804	0.00241	0.00360	0.03835	0.00611	0.00550
32	0.00887	0.00725	0.00987	0.05746	0.01308	0.00679	0.04024	0.01096	0.01449	0.01866	0.12629	0.30707	0.28620	0.01659	0.00799	0.00241	0.00435	0.04967	0.00590	0.00586
33	0.11845	0.01365	0.01536	0.01378	0.03949	0.06011	0.04184	0.13604	0.12105	0.07242	0.01989	0.09883	0.03721	0.04105	0.04290	0.04553	0.06144	0.00763	0.00516	0.00817
34	0.02029	0.02291	0.01931	0.06268	0.13610	0.40499	0.01386	0.02251	0.01636	0.04826	0.01477	0.01706	0.05566	0.00796	0.00831	0.00197	0.10977	0.00553	0.00366	0.00803
35	0.00803	0.00617	0.00736	0.00813	0.00932	0.00550	0.00569	0.00954	0.01402	0.01796	0.10405	0.43640	0.30715	0.01852	0.00811	0.00245	0.00357	0.01631	0.00620	0.00550
36	0.01309	0.00747	0.00769	0.00717	0.00926	0.00749	0.00548	0.04151	0.06053	0.02515	0.02099	0.02352	0.01642	0.00758	0.00483	0.00156	0.00348	0.00607	0.67204	0.05868
37	0.01569	0.01636	0.10209	0.34936	0.20219	0.03483	0.06346	0.05268	0.01521	0.06625	0.01306	0.01693	0.00980	0.00648	0.00659	0.00209	0.00861	0.00588	0.00354	0.00888
38	0.16527	0.52951	0.10542	0.01176	0.01749	0.04400	0.01196	0.01996	0.01319	0.01869	0.00947	0.01099	0.00819	0.00582	0.00447	0.00161	0.00711	0.00370	0.00306	0.00832
39	0.00802	0.00573	0.00764	0.00917	0.00955	0.00535	0.00611	0.00917	0.01260	0.01681	0.03628	0.76434	0.04354	0.02062	0.00840	0.00267	0.00382	0.01872	0.00611	0.00535
40	0.02338	0.02816	0.01746	0.01578	0.01909	0.63025	0.01190	0.06125	0.01882	0.01830	0.01161	0.01335	0.00946	0.00693	0.00584	0.00169	0.01075	0.00452	0.08379	0.00767
41	0.04135	0.12627	0.28388	0.01833	0.06934	0.10855	0.06993	0.10908	0.01709	0.07736	0.01293	0.01445	0.00958	0.00651	0.00608	0.00193	0.00885	0.00513	0.00387	0.00950
42	0.00950	0.00678	0.00933	0.01085	0.01188	0.00662	0.00868	0.01172	0.01406	0.01846	0.03547	0.37093	0.04032	0.01923	0.00880	0.00288	0.00510	0.39757	0.00608	0.00575
43	0.01407	0.14831	0.18345	0.03053	0.14214	0.03584	0.05111	0.01795	0.01372	0.01870	0.01733	0.02013	0.08003	0.01208	0.08897	0.00287	0.04973	0.00607	0.00341	0.06358
44	0.01275	0.06168	0.01382	0.01065	0.01337	0.01018	0.06158	0.04803	0.08702	0.04551	0.35503	0.03548	0.05823	0.01191	0.03123	0.00226	0.00495	0.00922	0.11977	0.00732
45	0.01354	0.01337	0.02004	0.66052	0.07971	0.06854	0.01797	0.01770	0.01367	0.01702	0.01162	0.01706	0.00884	0.00656	0.00653	0.00214	0.00895	0.00573	0.00298	0.00750
46	0.01507	0.04356	0.07675	0.01399	0.03763	0.03221	0.10068	0.01856	0.01435	0.06427	0.01398	0.05449	0.01179	0.00622	0.00571	0.00145	0.00643	0.00548	0.00404	0.47333

[dist]
# distance from previous block
# <min> <max>
3	7

[block]
# block no. 1 follows, 33 sequences, length 11
# corresponding to MSA columns:
# 161-171
name=unknown_B
#
# <colnr> <probs for GDERKNQSTAVLIFYWHMCP>
#	G	D	E	R	K	N	Q	S	T	A	V	L	I	F	Y	W	H	M	C	P
0	0.01195	0.01082	0.01513	0.21522	0.06471	0.03687	0.01212	0.01529	0.03859	0.01790	0.09174	0.05348	0.06616	0.04843	0.16491	0.00420	0.11369	0.00788	0.00404	0.00687
1	0.01042	0.00811	0.01002	0.01025	0.05563	0.00736	0.00708	0.03996	0.01663	0.02291	0.30534	0.10934	0.22750	0.01314	0.00726	0.00202	0.00386	0.01136	0.04702	0.08477
2	0.01562	0.05757	0.09909	0.08876	0.01890	0.01262	0.01155	0.13312	0.04392	0.09894	0.09196	0.15852	0.02316	0.03245	0.03553	0.00257	0.02045	0.00888	0.03821	0.00818
3	0.00803	0.00639	0.00740	0.00791	0.00941	0.00576	0.00571	0.00959	0.01374	0.01720	0.05138	0.29550	0.42216	0.02139	0.08405	0.00324	0.00498	0.01481	0.00584	0.00552
4	0.06920	0.10056	0.37166	0.01443	0.02068	0.01426	0.01632	0.01853	0.01413	0.05277	0.08729	0.05937	0.07081	0.00883	0.00721	0.00210	0.05256	0.00686	0.00399	0.00844
5	0.30480	0.05930	0.01553	0.01163	0.01616	0.03511	0.04905	0.07055	0.09981	0.09985	0.05914	0.01720	0.01403	0.00704	0.00545	0.00188	0.00582	0.00535	0.00503	0.11727
6	0.25732	0.09540	0.03878	0.01356	0.04285	0.17849	0.01077	0.04628	0.15027	0.06232	0.01419	0.01481	0.01093	0.00688	0.00541	0.00190	0.00716	0.00483	0.00452	0.03334
7	0.13540	0.01548	0.05895	0.01224	0.01635	0.08339	0.01016	0.06551	0.23970	0.05756	0.09197	0.06144	0.02009	0.00870	0.00620	0.00199	0.00593	0.00695	0.00552	0.09646
8	0.10206	0.12646	0.06736	0.01549	0.06319	0.12962	0.05202	0.08395	0.08248	0.11630	0.08354	0.01883	0.01607	0.00751	0.00606	0.00192	0.00734	0.00592	0.00491	0.00899
9	0.07972	0.01658	0.09587	0.02027	0.17777	0.05945	0.05418	0.07133	0.06100	0.16222	0.01834	0.02347	0.01469	0.00969	0.03476	0.00245	0.00782	0.07601	0.00499	0.00942
10	0.01616	0.13646	0.16602	0.09981	0.10368	0.06735	0.01521	0.07876	0.03078	0.02126	0.01192	0.01427	0.00947	0.00619	0.00603	0.00172	0.02289	0.00479	0.00356	0.18368

[dist]
# distance from previous block
# <min> <max>
4	14

[block]
# block no. 2 follows, 33 sequences, length 35
# corresponding to MSA columns:
# 186-220
name=unknown_C
#
# <colnr> <probs for GDERKNQSTAVLIFYWHMCP>
#	G	D	E	R	K	N	Q	S	T	A	V	L	I	F	Y	W	H	M	C	P
0	0.10237	0.03712	0.07672	0.17651	0.05651	0.01445	0.06522	0.10645	0.03525	0.04028	0.06967	0.02482	0.09306	0.00878	0.00739	0.00216	0.04735	0.02325	0.00451	0.00816
1	0.01485	0.08431	0.07153	0.01169	0.01665	0.05841	0.01008	0.04901	0.13443	0.02184	0.01895	0.07818	0.05102	0.00787	0.00581	0.00160	0.00588	0.00636	0.00456	0.34698
2	0.02256	0.26070	0.02416	0.01436	0.01928	0.20032	0.01217	0.32055	0.02235	0.02699	0.01231	0.01317	0.00965	0.00691	0.00568	0.00173	0.00832	0.00475	0.00460	0.00945
3	0.00894	0.00642	0.00894	0.00954	0.01022	0.00680	0.00679	0.01038	0.01119	0.01545	0.02516	0.31633	0.02788	0.13070	0.34588	0.02707	0.01048	0.01190	0.00458	0.00535
4	0.06463	0.01338	0.01632	0.01257	0.01767	0.01303	0.01038	0.22711	0.02201	0.49899	0.02224	0.01995	0.01439	0.00798	0.00649	0.00202	0.00606	0.00628	0.00751	0.01101
5	0.01679	0.67133	0.08939	0.01170	0.01744	0.02410	0.01204	0.01941	0.01371	0.01652	0.04845	0.01294	0.01137	0.00611	0.00458	0.00150	0.00704	0.00409	0.00306	0.00843
6	0.01638	0.18386	0.02296	0.01653	0.04467	0.12091	0.01343	0.01809	0.01227	0.01605	0.01002	0.03792	0.00979	0.00965	0.01458	0.00235	0.43438	0.00549	0.00306	0.00760
7	0.01184	0.01008	0.01214	0.00957	0.01385	0.00820	0.02717	0.01520	0.04418	0.02143	0.11801	0.05423	0.16759	0.00918	0.00614	0.00152	0.00448	0.00779	0.00498	0.45242
8	0.00949	0.00785	0.00955	0.01037	0.01125	0.04642	0.02956	0.01149	0.04005	0.01732	0.03374	0.67024	0.03962	0.01892	0.00818	0.00259	0.00455	0.01713	0.00589	0.00578
9	0.01276	0.00837	0.01017	0.00903	0.01136	0.00803	0.00697	0.09268	0.01936	0.08370	0.47271	0.04309	0.11886	0.01236	0.00733	0.00204	0.00380	0.01063	0.05965	0.00711
10	0.01135	0.00833	0.01044	0.01054	0.04938	0.00817	0.00744	0.01651	0.11460	0.04656	0.46415	0.04273	0.10580	0.01215	0.00730	0.00206	0.00374	0.01058	0.06107	0.00711
11	0.81514	0.01273	0.00968	0.00866	0.01273	0.01477	0.00713	0.01935	0.01120	0.02954	0.00917	0.01069	0.00713	0.00611	0.00407	0.00204	0.00509	0.00356	0.00407	0.00713
12	0.01424	0.01300	0.04435	0.01042	0.01640	0.00968	0.00875	0.05377	0.01459	0.02250	0.01193	0.01378	0.00977	0.00510	0.00503	0.00108	0.00521	0.00405	0.00400	0.73237
13	0.01356	0.01189	0.01989	0.67406	0.08110	0.01442	0.01793	0.01783	0.01357	0.05550	0.01250	0.01774	0.00927	0.00663	0.00658	0.00217	0.00855	0.00589	0.00322	0.00769
14	0.00940	0.00705	0.01058	0.01058	0.01176	0.00823	0.00823	0.01176	0.01058	0.01528	0.01763	0.02586	0.01646	0.04937	0.74255	0.01058	0.01763	0.00705	0.00353	0.00588
15	0.01358	0.01553	0.06684	0.02194	0.02724	0.01372	0.46798	0.01858	0.03201	0.02071	0.05446	0.11486	0.06251	0.00896	0.00778	0.00229	0.00897	0.02975	0.00417	0.00811
16	0.01327	0.01378	0.08018	0.02855	0.03531	0.01109	0.07731	0.01797	0.06977	0.02108	0.03993	0.02462	0.05433	0.02825	0.00760	0.00184	0.03982	0.06040	0.00429	0.37061
17	0.01655	0.19653	0.24138	0.10491	0.08408	0.05892	0.04018	0.09212	0.06588	0.02154	0.01267	0.01473	0.00979	0.00648	0.00595	0.00191	0.00842	0.00511	0.00357	0.00926
18	0.01737	0.66802	0.10914	0.01226	0.01826	0.04930	0.01272	0.02006	0.01361	0.01609	0.00947	0.01096	0.00844	0.00574	0.00450	0.00149	0.00749	0.00369	0.00283	0.00856
19	0.00859	0.00637	0.00707	0.00735	0.00828	0.00587	0.00478	0.00945	0.01223	0.01545	0.04134	0.18562	0.29747	0.33940	0.01891	0.00409	0.00473	0.01294	0.00520	0.00485
20	0.01579	0.01354	0.02123	0.26601	0.28338	0.01451	0.03387	0.07526	0.04850	0.06078	0.04564	0.02030	0.03662	0.00718	0.00664	0.00205	0.00750	0.00650	0.00413	0.03059
21	0.03091	0.00651	0.00765	0.00816	0.00947	0.00645	0.00616	0.01312	0.01388	0.02162	0.08507	0.21473	0.04900	0.01511	0.04537	0.00256	0.00448	0.09959	0.35421	0.00594
22	0.02067	0.01370	0.01661	0.11404	0.03352	0.01479	0.01159	0.27596	0.11024	0.17180	0.02032	0.05100	0.01599	0.07204	0.00898	0.00247	0.00664	0.02393	0.00611	0.00960
23	0.01425	0.00830	0.01030	0.00937	0.01122	0.00824	0.00691	0.05462	0.07470	0.09143	0.07841	0.04638	0.02027	0.07857	0.01520	0.27504	0.00513	0.02552	0.11704	0.04912
24	0.04099	0.01272	0.01516	0.01193	0.01646	0.01256	0.00972	0.22691	0.04506	0.33351	0.10294	0.02303	0.01973	0.00848	0.00650	0.00195	0.00561	0.00682	0.04754	0.05238
25	0.05245	0.01868	0.01707	0.01578	0.06212	0.22644	0.01164	0.13160	0.11384	0.15350	0.01828	0.07606	0.01476	0.00877	0.00728	0.00205	0.04843	0.00668	0.00541	0.00917
26	0.03656	0.01285	0.01571	0.01457	0.06720	0.06853	0.05286	0.11515	0.01583	0.05870	0.02103	0.02532	0.09068	0.07035	0.20526	0.00456	0.04561	0.00713	0.00449	0.06760
27	0.00862	0.00660	0.00864	0.00960	0.01022	0.00662	0.00679	0.00997	0.01294	0.01723	0.05849	0.58442	0.11565	0.01918	0.00936	0.00263	0.06233	0.03926	0.00589	0.00556
28	0.56902	0.01336	0.01233	0.01134	0.04718	0.01498	0.00869	0.07843	0.05056	0.04944	0.01145	0.01276	0.00880	0.00653	0.00517	0.00199	0.02713	0.00425	0.00446	0.06213
29	0.01288	0.03642	0.01745	0.14030	0.15908	0.01173	0.05299	0.03403	0.05342	0.01962	0.04602	0.13247	0.08322	0.03809	0.00884	0.04629	0.00637	0.00874	0.00435	0.08768
30	0.01662	0.18389	0.08456	0.01418	0.01722	0.18402	0.01233	0.03687	0.01374	0.01661	0.01270	0.05752	0.01254	0.11013	0.01331	0.00265	0.19427	0.00606	0.00340	0.00738
31	0.05980	0.01354	0.01457	0.01266	0.01646	0.01503	0.01009	0.16194	0.38552	0.07168	0.06919	0.02816	0.05689	0.00971	0.00678	0.00219	0.00545	0.04404	0.00659	0.00970
32	0.06610	0.01757	0.01859	0.01439	0.01942	0.01946	0.01186	0.63744	0.02912	0.04007	0.01572	0.01594	0.01124	0.00780	0.00636	0.00196	0.00694	0.00581	0.04346	0.01075
33	0.81514	0.01273	0.00968	0.00866	0.01273	0.01477	0.00713	0.01935	0.01120	0.02954	0.00917	0.01069	0.00713	0.00611	0.00407	0.00204	0.00509	0.00356	0.00407	0.00713
34	0.00911	0.00663	0.00857	0.00828	0.00976	0.00609	0.00614	0.01195	0.01786	0.02500	0.62190	0.11858	0.09683	0.01432	0.00783	0.00214	0.00319	0.01267	0.00708	0.00609

[dist]
# distance from previous block
# <min> <max>
5	8

[block]
# block no. 3 follows, 33 sequences, length 33
# corresponding to MSA columns:
# 229-261
name=unknown_D
#
# <colnr> <probs for GDERKNQSTAVLIFYWHMCP>
#	G	D	E	R	K	N	Q	S	T	A	V	L	I	F	Y	W	H	M	C	P
0	0.81514	0.01273	0.00968	0.00866	0.01273	0.01477	0.00713	0.01935	0.01120	0.02954	0.00917	0.01069	0.00713	0.00611	0.00407	0.00204	0.00509	0.00356	0.00407	0.00713
1	0.01643	0.01481	0.01446	0.04178	0.04983	0.12833	0.01033	0.04229	0.31032	0.06503	0.05676	0.09745	0.10321	0.01049	0.00689	0.00215	0.00616	0.00872	0.00585	0.00870
2	0.06273	0.01432	0.02013	0.26572	0.20714	0.02973	0.01581	0.12607	0.06762	0.05547	0.01460	0.01865	0.01144	0.00733	0.00706	0.00213	0.03600	0.02474	0.00424	0.00906
3	0.01259	0.01000	0.01521	0.01425	0.04595	0.00984	0.11584	0.04382	0.09409	0.05611	0.04731	0.31284	0.08111	0.01460	0.00841	0.02771	0.00570	0.07171	0.00567	0.00723
4	0.01868	0.01129	0.01334	0.01115	0.01479	0.01137	0.00890	0.15585	0.11868	0.22032	0.16384	0.03286	0.13073	0.01252	0.04287	0.00250	0.00563	0.00873	0.00694	0.00903
5	0.01393	0.01229	0.01805	0.05539	0.16879	0.01416	0.03242	0.07692	0.04283	0.02020	0.03388	0.08842	0.01680	0.04746	0.13650	0.00394	0.18391	0.02217	0.00408	0.00786
6	0.01588	0.08024	0.02222	0.14885	0.14659	0.03221	0.11175	0.05714	0.04957	0.07627	0.04947	0.08489	0.01661	0.03059	0.02716	0.00244	0.02770	0.00756	0.00436	0.00850
7	0.00870	0.00676	0.00793	0.00858	0.00999	0.00626	0.00626	0.01110	0.04811	0.01811	0.06542	0.33088	0.31223	0.04790	0.00913	0.00264	0.00401	0.08420	0.00608	0.00572
8	0.01524	0.07759	0.05275	0.19487	0.20239	0.06737	0.14815	0.01905	0.01419	0.01870	0.01283	0.05337	0.01108	0.00729	0.00800	0.00212	0.07676	0.00652	0.00326	0.00848
9	0.01565	0.08804	0.13261	0.10388	0.10878	0.07809	0.13465	0.04615	0.04768	0.03773	0.04779	0.05113	0.01483	0.00935	0.03685	0.00241	0.00884	0.02300	0.00392	0.00862
10	0.05423	0.01863	0.01889	0.04441	0.07546	0.21795	0.06328	0.14981	0.01945	0.17788	0.01676	0.05136	0.01289	0.00777	0.00639	0.00195	0.00815	0.00624	0.03932	0.00917
11	0.01421	0.01375	0.02022	0.35771	0.15832	0.06282	0.04518	0.01790	0.01373	0.01848	0.01224	0.01697	0.00984	0.00825	0.03482	0.00233	0.06125	0.00569	0.03917	0.08713
12	0.01334	0.01221	0.04924	0.01049	0.01519	0.00964	0.00864	0.05225	0.01410	0.02121	0.03050	0.07987	0.01496	0.07497	0.00863	0.00181	0.03609	0.00605	0.00421	0.53661
13	0.01215	0.00948	0.01095	0.01044	0.01286	0.00970	0.00792	0.01961	0.24350	0.03951	0.13403	0.18020	0.10004	0.05124	0.00871	0.00247	0.00457	0.06964	0.00624	0.06674
14	0.01362	0.01250	0.02024	0.58821	0.13122	0.01486	0.01774	0.06243	0.01463	0.01909	0.01378	0.01871	0.03160	0.00689	0.00661	0.00215	0.00838	0.00611	0.00331	0.00792
15	0.01601	0.00927	0.01116	0.00971	0.01222	0.00916	0.00730	0.07010	0.09233	0.18167	0.23636	0.03501	0.03200	0.17747	0.01276	0.00299	0.00491	0.00888	0.06305	0.00765
16	0.00944	0.00693	0.00994	0.00994	0.01090	0.00788	0.00743	0.01135	0.01039	0.01481	0.01822	0.02910	0.01786	0.18450	0.60934	0.00979	0.01552	0.00753	0.00361	0.00552
17	0.01434	0.01401	0.02289	0.27722	0.23754	0.01675	0.05204	0.01773	0.01286	0.01811	0.01103	0.01621	0.00928	0.00786	0.01130	0.00234	0.24125	0.00592	0.00303	0.00828
18	0.00869	0.00647	0.00809	0.00818	0.00958	0.00587	0.00594	0.01102	0.01641	0.02230	0.42193	0.22959	0.18996	0.01588	0.00793	0.00225	0.00333	0.01399	0.00674	0.00587
19	0.01722	0.05013	0.02076	0.05402	0.25516	0.01681	0.01440	0.15472	0.18882	0.02602	0.04486	0.02065	0.03792	0.00806	0.00762	0.00209	0.05936	0.00664	0.00492	0.00980
20	0.74830	0.01239	0.00983	0.00875	0.01273	0.01417	0.00717	0.01946	0.01183	0.05405	0.04459	0.01298	0.01013	0.00654	0.00434	0.00204	0.00501	0.00408	0.00437	0.00723
21	0.01282	0.01192	0.01968	0.15369	0.08969	0.01232	0.16315	0.05942	0.03146	0.02019	0.04587	0.11398	0.14649	0.05428	0.00935	0.00249	0.03156	0.00964	0.00449	0.00749
22	0.00849	0.00601	0.00792	0.00927	0.00973	0.00572	0.00637	0.00972	0.01253	0.01666	0.03430	0.60260	0.04061	0.10795	0.01142	0.00315	0.00437	0.09207	0.00586	0.00527
23	0.81514	0.01273	0.00968	0.00866	0.01273	0.01477	0.00713	0.01935	0.01120	0.02954	0.00917	0.01069	0.00713	0.00611	0.00407	0.00204	0.00509	0.00356	0.00407	0.00713
24	0.01399	0.01471	0.05812	0.09089	0.17823	0.01388	0.25088	0.03782	0.03962	0.02091	0.05172	0.07030	0.03896	0.01174	0.07553	0.00295	0.00928	0.00804	0.00394	0.00848
25	0.02821	0.01154	0.01533	0.01196	0.01689	0.01036	0.00988	0.06714	0.03983	0.64829	0.02579	0.02405	0.01694	0.00853	0.00671	0.00208	0.00569	0.03184	0.00794	0.01099
26	0.01605	0.01394	0.01529	0.07511	0.01947	0.01623	0.01108	0.03347	0.65705	0.02664	0.02553	0.02398	0.01915	0.00874	0.00669	0.00223	0.00551	0.00731	0.00638	0.01016
27	0.01577	0.45910	0.23529	0.01364	0.01997	0.02135	0.01491	0.02028	0.04630	0.01811	0.04282	0.01406	0.01138	0.00655	0.00576	0.00173	0.03647	0.00456	0.00319	0.00876
28	0.02154	0.08773	0.01896	0.01522	0.01908	0.38985	0.01188	0.09496	0.23153	0.02202	0.01570	0.01601	0.01228	0.00745	0.00609	0.00186	0.00898	0.00532	0.00466	0.00890
29	0.07564	0.04080	0.01432	0.01231	0.01380	0.06888	0.02612	0.01512	0.01179	0.03434	0.01644	0.09905	0.01643	0.10595	0.20275	0.00493	0.19146	0.00759	0.03580	0.00648
30	0.00992	0.00704	0.00877	0.00866	0.00883	0.00763	0.00562	0.01026	0.00995	0.01360	0.02029	0.10192	0.02293	0.51995	0.10936	0.04648	0.07070	0.00959	0.00398	0.00454
31	0.04749	0.01194	0.01563	0.01685	0.16185	0.01191	0.01088	0.11904	0.04549	0.11987	0.02521	0.05526	0.13212	0.01209	0.03966	0.05903	0.02286	0.00767	0.00521	0.07994
32	0.01849	0.41632	0.02601	0.01270	0.01757	0.07290	0.01124	0.09509	0.22561	0.02180	0.01518	0.01538	0.01222	0.00693	0.00533	0.00173	0.00685	0.00499	0.00440	0.00926

[dist]
# distance from previous block
# <min> <max>
0	2

[block]
# block no. 4 follows, 33 sequences, length 146
# corresponding to MSA columns:
# 264-297,305-416
name=unknown_E
#
# <colnr> <probs for GDERKNQSTAVLIFYWHMCP>
#	G	D	E	R	K	N	Q	S	T	A	V	L	I	F	Y	W	H	M	C	P
0	0.52977	0.01433	0.01303	0.01078	0.01528	0.01612	0.00889	0.22431	0.01757	0.07811	0.01222	0.01297	0.00893	0.00677	0.00498	0.00202	0.00577	0.00446	0.00508	0.00860
1	0.01493	0.01394	0.02213	0.29654	0.32299	0.01558	0.01767	0.04300	0.05932	0.02041	0.01285	0.01702	0.01030	0.00681	0.00770	0.00210	0.06762	0.00588	0.00347	0.03976
2	0.01073	0.00798	0.00959	0.00948	0.03438	0.00751	0.00685	0.01492	0.08864	0.05791	0.36538	0.04921	0.28526	0.01361	0.00756	0.00213	0.00368	0.01168	0.00671	0.00680
3	0.01081	0.00877	0.01017	0.03452	0.01274	0.00893	0.00748	0.01748	0.19591	0.02357	0.30498	0.07081	0.22506	0.01329	0.00751	0.00220	0.00400	0.02806	0.00659	0.00712
4	0.03647	0.05610	0.43883	0.01544	0.02258	0.01325	0.01800	0.02097	0.01505	0.13214	0.07820	0.03994	0.01729	0.00838	0.00656	0.00213	0.00786	0.05729	0.00437	0.00915
5	0.01457	0.01388	0.02361	0.35845	0.42300	0.01519	0.01935	0.01869	0.01417	0.01941	0.01208	0.01686	0.00969	0.00619	0.00655	0.00206	0.00825	0.00586	0.00311	0.00904
6	0.02632	0.03930	0.01746	0.01306	0.01811	0.01462	0.01080	0.26898	0.08800	0.39948	0.02191	0.01989	0.01460	0.00805	0.00654	0.00201	0.00619	0.00635	0.00729	0.01104
7	0.01827	0.03611	0.01738	0.01657	0.08462	0.13344	0.01191	0.08566	0.44611	0.02576	0.02165	0.02199	0.01677	0.00838	0.00655	0.00210	0.00676	0.02439	0.00572	0.00987
8	0.01042	0.00771	0.00977	0.00955	0.01024	0.02907	0.00682	0.01121	0.01072	0.01463	0.05445	0.03142	0.04005	0.25582	0.30178	0.13048	0.04918	0.00790	0.00379	0.00497
9	0.01715	0.06323	0.02315	0.16596	0.31886	0.04104	0.01669	0.10352	0.06276	0.04038	0.01337	0.01651	0.01066	0.00700	0.00766	0.00206	0.07085	0.00578	0.00389	0.00946
10	0.01495	0.01486	0.02015	0.04241	0.08644	0.04943	0.01457	0.03232	0.01150	0.01694	0.00985	0.01557	0.00943	0.02833	0.03913	0.00299	0.57471	0.00583	0.00307	0.00752
11	0.00875	0.00671	0.00801	0.00768	0.00948	0.00597	0.00576	0.01132	0.01729	0.02320	0.47979	0.05445	0.30842	0.01465	0.00777	0.00213	0.00319	0.01264	0.00683	0.00597
12	0.08029	0.01508	0.02083	0.11649	0.26664	0.03533	0.03051	0.08341	0.11233	0.02336	0.01382	0.01666	0.01105	0.00724	0.00813	0.00210	0.09843	0.00579	0.00405	0.04845
13	0.01463	0.01306	0.06386	0.42848	0.03337	0.01330	0.03457	0.07272	0.01539	0.08334	0.04300	0.08683	0.01492	0.00824	0.00673	0.00214	0.00764	0.00723	0.00419	0.04638
14	0.14122	0.09758	0.21288	0.01460	0.03548	0.04018	0.03457	0.14855	0.04660	0.06108	0.01679	0.01864	0.05125	0.04453	0.00727	0.00220	0.00741	0.00575	0.00443	0.00898
15	0.07665	0.01480	0.01809	0.12053	0.17915	0.10539	0.01371	0.01980	0.04580	0.07693	0.01760	0.08939	0.03926	0.00938	0.00898	0.00223	0.12720	0.02270	0.00421	0.00820
16	0.00823	0.00658	0.00742	0.00786	0.00959	0.00577	0.00590	0.01002	0.01476	0.01834	0.09923	0.20690	0.47041	0.01743	0.00805	0.00239	0.00371	0.08562	0.00618	0.00561
17	0.04161	0.40402	0.12906	0.01382	0.01936	0.09121	0.01355	0.13103	0.01652	0.02094	0.01067	0.01226	0.00885	0.00659	0.00617	0.00174	0.05589	0.00431	0.00352	0.00888
18	0.06658	0.01455	0.02022	0.35248	0.19355	0.05869	0.01630	0.08901	0.03446	0.07213	0.01343	0.01685	0.01011	0.00671	0.00638	0.00207	0.00804	0.00572	0.00394	0.00878
19	0.00906	0.00705	0.00852	0.00886	0.01019	0.00682	0.00642	0.01188	0.05940	0.01961	0.18072	0.32583	0.22314	0.03988	0.00918	0.00253	0.02633	0.03243	0.00622	0.00593
20	0.01181	0.00662	0.00830	0.00850	0.00992	0.00619	0.00613	0.01395	0.01462	0.10182	0.14395	0.36582	0.03639	0.01458	0.00708	0.00220	0.00371	0.01288	0.21915	0.00637
21	0.02779	0.01288	0.01624	0.01258	0.01760	0.01228	0.01041	0.19902	0.02173	0.53668	0.02374	0.02249	0.01574	0.00842	0.00669	0.00205	0.00603	0.02891	0.00769	0.01103
22	0.02310	0.01582	0.01803	0.01439	0.01879	0.01744	0.01187	0.44858	0.06738	0.14245	0.01859	0.02084	0.01398	0.01002	0.02828	0.00237	0.06655	0.04469	0.00642	0.01039
23	0.00981	0.00748	0.00941	0.01011	0.01178	0.00736	0.00815	0.01332	0.06511	0.01956	0.08776	0.15845	0.20649	0.01916	0.05541	0.00314	0.00556	0.28974	0.00604	0.00615
24	0.01554	0.01776	0.03885	0.02775	0.03441	0.01665	0.70366	0.02109	0.01554	0.02109	0.01332	0.01776	0.00999	0.00555	0.00777	0.00222	0.01110	0.00777	0.00333	0.00888
25	0.02760	0.01249	0.01583	0.01226	0.01717	0.01179	0.01004	0.15769	0.04294	0.55589	0.02392	0.02194	0.01572	0.03390	0.00753	0.00218	0.00592	0.00662	0.00767	0.01093
26	0.02540	0.01622	0.03383	0.01408	0.01924	0.01666	0.01182	0.45116	0.04928	0.24296	0.01960	0.01961	0.01366	0.00826	0.00666	0.00203	0.00672	0.02488	0.00695	0.01100
27	0.01549	0.01533	0.01950	0.01670	0.01724	0.06265	0.01374	0.06040	0.01191	0.01737	0.00970	0.01555	0.00944	0.04300	0.02021	0.00290	0.63247	0.00584	0.00320	0.00735
28	0.01554	0.01776	0.03885	0.02775	0.03441	0.01665	0.70366	0.02109	0.01554	0.02109	0.01332	0.01776	0.00999	0.00555	0.00777	0.00222	0.01110	0.00777	0.00333	0.00888
29	0.01486	0.01411	0.02399	0.34804	0.37993	0.01540	0.04801	0.04055	0.01473	0.02009	0.01224	0.01689	0.00972	0.00623	0.00660	0.00207	0.00836	0.00594	0.00322	0.00904
30	0.01617	0.01660	0.04786	0.10221	0.37563	0.04017	0.13880	0.04213	0.08639	0.02179	0.01382	0.01721	0.01100	0.00649	0.00727	0.00208	0.03479	0.00627	0.00366	0.00964
31	0.01127	0.00757	0.01051	0.01162	0.01325	0.00743	0.00994	0.01416	0.01543	0.05492	0.08649	0.11404	0.03902	0.01749	0.00883	0.00289	0.00567	0.55691	0.00626	0.00628
32	0.00943	0.00652	0.00773	0.00773	0.00808	0.00665	0.00479	0.00994	0.01010	0.01352	0.02315	0.04141	0.06756	0.59642	0.15414	0.00684	0.00813	0.00942	0.00405	0.00442
33	0.01323	0.02965	0.58557	0.01903	0.04788	0.01535	0.03947	0.01974	0.01351	0.02016	0.01274	0.05088	0.01020	0.00748	0.00800	0.00220	0.08695	0.00574	0.00298	0.00925
34	0.01113	0.01100	0.05781	0.01174	0.01373	0.05905	0.05581	0.05283	0.01452	0.01891	0.05368	0.48605	0.05690	0.05323	0.00913	0.00264	0.00554	0.01448	0.00548	0.00634
35	0.01670	0.00998	0.01088	0.00934	0.01217	0.01044	0.00741	0.20581	0.01874	0.08165	0.02192	0.02371	0.04516	0.01082	0.05272	0.00230	0.00535	0.00650	0.44053	0.00787
36	0.73330	0.01231	0.00995	0.00890	0.01283	0.01415	0.00730	0.01935	0.01146	0.05565	0.01036	0.01212	0.00808	0.00896	0.05149	0.00258	0.00592	0.00391	0.00420	0.00721
37	0.01000	0.00739	0.00911	0.00856	0.01036	0.00696	0.00643	0.05616	0.01844	0.02540	0.53173	0.10339	0.15298	0.01411	0.00774	0.00213	0.00346	0.01233	0.00695	0.00637
38	0.01866	0.60175	0.03094	0.01259	0.01753	0.15201	0.01169	0.02067	0.01413	0.01562	0.00931	0.01100	0.00846	0.00615	0.00545	0.00154	0.04760	0.00377	0.00292	0.00824
39	0.01001	0.00802	0.00945	0.00930	0.01172	0.00722	0.00729	0.01324	0.05942	0.01955	0.06379	0.17254	0.27293	0.01516	0.00764	0.00227	0.00439	0.16345	0.00581	0.13679
40	0.03466	0.04020	0.08391	0.02629	0.05180	0.03589	0.58496	0.02110	0.01533	0.02100	0.01289	0.01693	0.00974	0.00565	0.00740	0.00216	0.01068	0.00721	0.00330	0.00889
41	0.02411	0.01798	0.01924	0.01496	0.02007	0.01999	0.01229	0.63443	0.10364	0.04001	0.01697	0.01674	0.01214	0.00801	0.00660	0.00200	0.00703	0.00609	0.00660	0.01111
42	0.01547	0.01826	0.06007	0.02747	0.03423	0.01661	0.68294	0.02108	0.01549	0.02108	0.01327	0.01764	0.00994	0.00557	0.00772	0.00222	0.01106	0.00768	0.00331	0.00890
43	0.02168	0.04026	0.19234	0.01442	0.02037	0.01289	0.04732	0.02828	0.13459	0.36336	0.02182	0.04090	0.01521	0.00796	0.00658	0.00209	0.00681	0.00663	0.00614	0.01035
44	0.02729	0.01084	0.01465	0.01161	0.01627	0.00953	0.00949	0.03021	0.03788	0.64775	0.02689	0.07137	0.01872	0.00923	0.00680	0.00211	0.00549	0.02527	0.00792	0.01067
45	0.00941	0.00703	0.01046	0.01046	0.01160	0.00817	0.00808	0.01168	0.01055	0.01520	0.01774	0.02646	0.01672	0.07412	0.71815	0.01044	0.01725	0.00714	0.00354	0.00581
46	0.01500	0.31896	0.44235	0.01653	0.04534	0.01946	0.01915	0.02039	0.01373	0.01880	0.01080	0.01268	0.00845	0.00600	0.00548	0.00182	0.00863	0.00438	0.00281	0.00926
47	0.00923	0.00668	0.00851	0.00957	0.01041	0.00643	0.00669	0.05402	0.01402	0.01858	0.03636	0.64897	0.07386	0.01950	0.00829	0.00262	0.00413	0.05022	0.00614	0.00577
48	0.02816	0.01085	0.01479	0.01155	0.01634	0.00940	0.00945	0.03061	0.01844	0.68630	0.02663	0.06994	0.01804	0.00895	0.00673	0.00208	0.00549	0.00740	0.00802	0.01083
49	0.01378	0.00954	0.01122	0.01056	0.03941	0.00966	0.00777	0.12733	0.06998	0.05191	0.31324	0.03619	0.09532	0.01090	0.00679	0.00197	0.00421	0.00924	0.16340	0.00759
50	0.01803	0.01590	0.02865	0.05043	0.36086	0.01558	0.23661	0.06721	0.01661	0.10291	0.01443	0.01745	0.01096	0.00618	0.00693	0.00206	0.00860	0.00656	0.00405	0.00999
51	0.81514	0.01273	0.00968	0.00866	0.01273	0.01477	0.00713	0.01935	0.01120	0.02954	0.00917	0.01069	0.00713	0.00611	0.00407	0.00204	0.00509	0.00356	0.00407	0.00713
52	0.01043	0.00824	0.01007	0.00966	0.01200	0.00729	0.00697	0.01357	0.06928	0.01934	0.04736	0.45776	0.03195	0.01472	0.00718	0.00211	0.00423	0.01314	0.00552	0.24920
53	0.00800	0.00651	0.00709	0.00730	0.00912	0.00559	0.00534	0.00974	0.01499	0.01859	0.13614	0.18705	0.52761	0.01701	0.00789	0.00229	0.00340	0.01453	0.00624	0.00559
54	0.01272	0.01200	0.02027	0.69918	0.09671	0.01470	0.01843	0.01708	0.01330	0.01717	0.01175	0.01746	0.00890	0.00653	0.00658	0.00218	0.00870	0.00585	0.00295	0.00755
55	0.01365	0.01170	0.01365	0.00975	0.01560	0.00878	0.00780	0.01658	0.01365	0.02145	0.01170	0.01365	0.00975	0.00488	0.00488	0.00098	0.00488	0.00390	0.00390	0.80888
56	0.02315	0.01056	0.01434	0.01277	0.06062	0.00958	0.00949	0.02654	0.05944	0.47745	0.12271	0.02800	0.06169	0.00987	0.00765	0.03614	0.00526	0.00771	0.00729	0.00975
57	0.01949	0.35343	0.11861	0.01527	0.04326	0.25286	0.01374	0.05155	0.04294	0.01815	0.01089	0.01236	0.00907	0.00631	0.00531	0.00166	0.00890	0.00426	0.00332	0.00861
58	0.02094	0.06424	0.01958	0.04731	0.07771	0.13378	0.03575	0.22967	0.03803	0.11073	0.01825	0.01885	0.05678	0.00757	0.00627	0.00183	0.00748	0.00598	0.00517	0.09407
59	0.01832	0.04327	0.05213	0.08157	0.25547	0.11355	0.03921	0.16660	0.06866	0.02455	0.01522	0.06398	0.01285	0.00764	0.00655	0.00201	0.00804	0.00654	0.00435	0.00950
60	0.01084	0.00891	0.01298	0.01122	0.01390	0.00822	0.11400	0.01422	0.05987	0.05433	0.10589	0.17552	0.32793	0.04096	0.00867	0.00243	0.00494	0.01271	0.00585	0.00663
61	0.01386	0.01189	0.01375	0.01003	0.01572	0.00935	0.00800	0.01798	0.06711	0.02192	0.01285	0.01448	0.01054	0.00518	0.00501	0.00107	0.00490	0.00417	0.00411	0.74808
62	0.00942	0.00712	0.00890	0.00937	0.01102	0.00673	0.00743	0.01244	0.03987	0.02096	0.23010	0.14233	0.22291	0.01647	0.00823	0.00249	0.00426	0.22747	0.00642	0.00604
63	0.00821	0.00654	0.00722	0.00733	0.00904	0.00570	0.00531	0.00996	0.01500	0.01891	0.18013	0.15232	0.46834	0.06479	0.00951	0.00252	0.00355	0.01389	0.00618	0.00555
64	0.00940	0.00705	0.01058	0.01058	0.01176	0.00823	0.00823	0.01176	0.01058	0.01528	0.01763	0.02586	0.01646	0.04937	0.74255	0.01058	0.01763	0.00705	0.00353	0.00588
65	0.38061	0.01652	0.03021	0.01206	0.01657	0.08524	0.00997	0.20840	0.07486	0.08728	0.01389	0.01432	0.01017	0.00705	0.00540	0.00200	0.00647	0.00486	0.00520	0.00893
66	0.01021	0.00706	0.00809	0.00801	0.01017	0.00626	0.00615	0.01214	0.01492	0.08059	0.06991	0.11524	0.46820	0.01809	0.05480	0.00281	0.00468	0.06389	0.03264	0.00613
67	0.01555	0.01488	0.02538	0.17767	0.59613	0.01545	0.01983	0.01955	0.01464	0.02060	0.01225	0.01654	0.01011	0.00600	0.00653	0.00200	0.00800	0.00586	0.00319	0.00983
68	0.01108	0.00602	0.00656	0.00699	0.00820	0.00591	0.00503	0.01361	0.01347	0.02237	0.02563	0.23229	0.02436	0.01131	0.00567	0.00185	0.00328	0.00967	0.58079	0.00591
69	0.00995	0.00719	0.00841	0.00792	0.01003	0.00644	0.00600	0.01291	0.04015	0.06038	0.37295	0.05320	0.35134	0.01445	0.00768	0.00214	0.00341	0.01235	0.00678	0.00633
70	0.04233	0.30118	0.26097	0.01660	0.06214	0.05565	0.01653	0.01980	0.01330	0.01816	0.01019	0.01268	0.00852	0.00687	0.00791	0.00194	0.12913	0.00450	0.00291	0.00870
71	0.00956	0.00642	0.00737	0.00737	0.00744	0.00649	0.00423	0.00970	0.00963	0.01291	0.02057	0.04210	0.02351	0.72776	0.07381	0.00662	0.00702	0.00943	0.00396	0.00410
72	0.01806	0.14394	0.12033	0.07907	0.13285	0.18442	0.06953	0.05666	0.09464	0.02045	0.01308	0.01515	0.01033	0.00657	0.00610	0.00190	0.00889	0.00531	0.00368	0.00904
73	0.01532	0.01260	0.01625	0.16475	0.05912	0.01181	0.01123	0.10946	0.01605	0.04295	0.01350	0.04001	0.01108	0.00630	0.00571	0.00150	0.00613	0.00524	0.00422	0.44677
74	0.01365	0.01170	0.01365	0.00975	0.01560	0.00878	0.00780	0.01658	0.01365	0.02145	0.01170	0.01365	0.00975	0.00488	0.00488	0.00098	0.00488	0.00390	0.00390	0.80888
75	0.01532	0.16096	0.29580	0.01500	0.02049	0.11345	0.01573	0.04172	0.01397	0.01820	0.01244	0.01734	0.01087	0.09756	0.06292	0.00307	0.06847	0.00534	0.00320	0.00813
76	0.00957	0.00638	0.00718	0.00718	0.00718	0.00638	0.00399	0.00957	0.00957	0.01276	0.02074	0.04308	0.02393	0.76864	0.03351	0.00638	0.00638	0.00957	0.00399	0.00399
77	0.01574	0.01310	0.01404	0.01264	0.01613	0.01486	0.00981	0.03187	0.60679	0.04496	0.09825	0.02815	0.04535	0.00960	0.00684	0.00221	0.00495	0.00807	0.00677	0.00987
78	0.00803	0.00612	0.00739	0.00825	0.00934	0.00548	0.00574	0.00948	0.01383	0.01778	0.09287	0.47652	0.27787	0.01879	0.00815	0.00248	0.00361	0.01661	0.00619	0.00548
79	0.01320	0.03405	0.73453	0.01876	0.02849	0.01529	0.02432	0.02085	0.01390	0.02085	0.01181	0.01390	0.00834	0.00625	0.00625	0.00208	0.00973	0.00486	0.00278	0.00973
80	0.00850	0.00664	0.00772	0.00767	0.00946	0.00586	0.00573	0.01075	0.01631	0.02128	0.33254	0.11301	0.38184	0.01571	0.00786	0.00222	0.00335	0.03115	0.00658	0.00582
81	0.01382	0.01326	0.02130	0.01703	0.01967	0.03829	0.20037	0.01686	0.01427	0.04481	0.16367	0.02632	0.06218	0.01274	0.05928	0.00292	0.25333	0.00812	0.00434	0.00743
82	0.02002	0.01017	0.01168	0.00970	0.01307	0.01012	0.00777	0.14685	0.03890	0.24512	0.02198	0.02230	0.01576	0.00790	0.00564	0.00179	0.00467	0.00628	0.39155	0.00874
83	0.00860	0.00707	0.00734	0.00720	0.00940	0.00625	0.00542	0.01142	0.05409	0.01954	0.13580	0.05814	0.58506	0.01554	0.00760	0.00218	0.00340	0.01302	0.03701	0.00592
84	0.09372	0.02975	0.01787	0.01623	0.01969	0.67860	0.01223	0.02568	0.01800	0.01729	0.01009	0.01177	0.00836	0.00673	0.00577	0.00173	0.01128	0.00418	0.00345	0.00759
85	0.01320	0.03405	0.73453	0.01876	0.02849	0.01529	0.02432	0.02085	0.01390	0.02085	0.01181	0.01390	0.00834	0.00625	0.00625	0.00208	0.00973	0.00486	0.00278	0.00973
86	0.01645	0.11884	0.01791	0.03923	0.01736	0.10743	0.01096	0.11607	0.16200	0.02169	0.01647	0.01940	0.01367	0.02018	0.22637	0.00454	0.05270	0.00602	0.00444	0.00826
87	0.01471	0.14936	0.51096	0.01779	0.02608	0.04204	0.06786	0.04236	0.01460	0.02041	0.01213	0.03092	0.00938	0.00651	0.00608	0.00198	0.00925	0.00518	0.00304	0.00934
88	0.01751	0.07018	0.16618	0.01747	0.07712	0.04264	0.08485	0.10481	0.07411	0.10977	0.03798	0.04239	0.03706	0.00853	0.00673	0.00208	0.00753	0.05910	0.00492	0.02905
89	0.01077	0.00828	0.01205	0.01129	0.01276	0.00942	0.03271	0.05641	0.01194	0.01691	0.01746	0.02651	0.01650	0.12277	0.57276	0.00907	0.03524	0.00725	0.00375	0.00615
90	0.00808	0.00584	0.00767	0.00910	0.00963	0.00542	0.00618	0.00931	0.01282	0.01695	0.03808	0.70199	0.08447	0.02032	0.00839	0.00266	0.00386	0.03776	0.00611	0.00538
91	0.11137	0.01178	0.01735	0.04345	0.24847	0.01186	0.02876	0.02001	0.03423	0.14841	0.01966	0.06357	0.01755	0.01052	0.00833	0.06621	0.00648	0.11865	0.00489	0.00847
92	0.04913	0.05376	0.03823	0.04501	0.01947	0.10584	0.02846	0.14011	0.21922	0.17179	0.02139	0.02064	0.04142	0.00811	0.00641	0.00203	0.00689	0.00641	0.00591	0.00977
93	0.00866	0.00638	0.00807	0.00918	0.00989	0.00614	0.00623	0.01096	0.05782	0.01765	0.05835	0.62243	0.07711	0.05608	0.00947	0.00278	0.00399	0.01708	0.00608	0.00564
94	0.00854	0.00670	0.00772	0.00746	0.00936	0.00588	0.00560	0.01091	0.01679	0.02202	0.38983	0.05639	0.39912	0.01509	0.00777	0.00215	0.00322	0.01292	0.00667	0.00588
95	0.01644	0.01533	0.01947	0.01658	0.01771	0.08184	0.03619	0.04150	0.01252	0.07116	0.01191	0.04696	0.01103	0.01197	0.03777	0.00287	0.53116	0.00635	0.00362	0.00762
96	0.01662	0.25778	0.36171	0.01581	0.02296	0.11415	0.01762	0.04472	0.05517	0.01966	0.01178	0.01329	0.00916	0.00634	0.00563	0.00183	0.00885	0.00455	0.00322	0.00915
97	0.00841	0.00653	0.00773	0.00836	0.00987	0.00585	0.00627	0.01026	0.01465	0.01856	0.11300	0.27061	0.36184	0.01777	0.00816	0.00246	0.00386	0.11397	0.00621	0.00563
98	0.71212	0.01253	0.01041	0.00906	0.01327	0.01410	0.00746	0.02102	0.01221	0.12168	0.01137	0.01223	0.00833	0.00638	0.00441	0.00204	0.00516	0.00397	0.00461	0.00766
99	0.00886	0.00697	0.00868	0.04518	0.01193	0.00669	0.00711	0.01125	0.03350	0.01826	0.08237	0.27334	0.29625	0.01919	0.05295	0.00296	0.00500	0.09782	0.00587	0.00583
100	0.03574	0.06820	0.13599	0.13082	0.25568	0.05642	0.11000	0.06385	0.01551	0.02125	0.01231	0.01584	0.00974	0.00763	0.03136	0.00229	0.00909	0.00571	0.00337	0.00920
101	0.00855	0.00629	0.00842	0.00947	0.01004	0.00616	0.00661	0.01004	0.01342	0.01820	0.13192	0.61127	0.04451	0.01916	0.00889	0.00261	0.03560	0.03712	0.00613	0.00557
102	0.01456	0.01434	0.02238	0.29150	0.24142	0.03667	0.03385	0.01792	0.01304	0.01803	0.01103	0.01612	0.00925	0.00776	0.01086	0.00230	0.22182	0.00583	0.00304	0.00826
103	0.02270	0.01728	0.01845	0.01468	0.01953	0.01933	0.01195	0.52509	0.21528	0.03773	0.01876	0.01816	0.01359	0.00818	0.00662	0.00204	0.00670	0.00634	0.00662	0.01099
104	0.01484	0.01084	0.01191	0.01072	0.01330	0.05030	0.00821	0.09625	0.12890	0.09222	0.31629	0.13334	0.03870	0.01206	0.00725	0.00213	0.00472	0.01037	0.02979	0.00786
105	0.05542	0.01150	0.01524	0.01173	0.01679	0.01021	0.00969	0.05448	0.01900	0.68545	0.02507	0.02180	0.01582	0.00807	0.00653	0.00203	0.00564	0.00650	0.00796	0.01107
106	0.01587	0.01310	0.01668	0.04048	0.01750	0.01626	0.01192	0.02385	0.26650	0.08573	0.03906	0.02089	0.01572	0.01323	0.07238	0.00315	0.30742	0.00674	0.00493	0.00860
107	0.01227	0.00614	0.00614	0.00614	0.00767	0.00614	0.00460	0.01534	0.01381	0.02454	0.02148	0.02454	0.01687	0.00767	0.00460	0.00153	0.00307	0.00614	0.80518	0.00614
108	0.01760	0.01501	0.01544	0.01352	0.01736	0.04204	0.01060	0.13411	0.55279	0.02917	0.06019	0.02406	0.02050	0.00893	0.00671	0.00217	0.00564	0.00733	0.00659	0.01022
109	0.20742	0.01527	0.02214	0.01798	0.06141	0.05008	0.22023	0.08234	0.01659	0.19266	0.01550	0.01694	0.01109	0.00809	0.03165	0.00236	0.00814	0.00605	0.00493	0.00914
110	0.00810	0.00644	0.00727	0.00757	0.00922	0.00561	0.00548	0.00987	0.01500	0.01897	0.16871	0.23866	0.44159	0.01714	0.00794	0.00231	0.00342	0.01478	0.00630	0.00561
