[name]
unknown

[dist]
# distance from previous block
# <min> <max>
0	91

[block]
# block no. 0 follows, 31 sequences, length 17
# corresponding to MSA columns:
# 173-189
name=unknown_A
#
# <colnr> <probs for GDERKNQSTAVLIFYWHMCP>
#	G	D	E	R	K	N	Q	S	T	A	V	L	I	F	Y	W	H	M	C	P
0	0.01438	0.01714	0.09351	0.01491	0.01804	0.17703	0.07649	0.01734	0.01443	0.01775	0.01976	0.12840	0.01975	0.06134	0.21983	0.00505	0.01181	0.06177	0.00414	0.00711
1	0.00876	0.00672	0.00804	0.00832	0.00976	0.00616	0.00598	0.01064	0.01508	0.01968	0.19768	0.22810	0.30296	0.06721	0.07017	0.00339	0.00497	0.01434	0.00625	0.00580
2	0.01502	0.09017	0.16569	0.01638	0.02152	0.03840	0.14762	0.04036	0.03750	0.06141	0.09826	0.10843	0.07895	0.01021	0.00785	0.00222	0.03771	0.00898	0.00479	0.00850
3	0.01397	0.01251	0.01943	0.60386	0.04122	0.01510	0.01723	0.09122	0.01587	0.02038	0.01723	0.02188	0.06620	0.00784	0.00694	0.00226	0.00849	0.00676	0.00373	0.00790
4	0.01441	0.01546	0.03181	0.05398	0.06138	0.01464	0.48147	0.01923	0.01601	0.02165	0.07708	0.08324	0.05910	0.00845	0.00802	0.00232	0.00951	0.00955	0.00418	0.00850
5	0.01505	0.11799	0.41544	0.01985	0.11180	0.07574	0.01988	0.02061	0.01506	0.02032	0.01814	0.01981	0.08650	0.00761	0.00642	0.00205	0.00898	0.00599	0.00339	0.00938
6	0.01597	0.01272	0.03985	0.15321	0.02244	0.03671	0.05408	0.02167	0.12423	0.12018	0.02115	0.10174	0.01808	0.04275	0.07502	0.00325	0.05151	0.00822	0.06895	0.00829
7	0.00952	0.06940	0.01052	0.00944	0.01081	0.00768	0.00699	0.01132	0.01464	0.01921	0.14130	0.44500	0.13568	0.01828	0.00823	0.00254	0.00423	0.06294	0.00624	0.00604
8	0.01706	0.01639	0.05535	0.01854	0.02304	0.08848	0.25935	0.04378	0.05733	0.09816	0.04175	0.12422	0.02005	0.07201	0.00992	0.00266	0.00857	0.02987	0.00498	0.00847
9	0.01341	0.01432	0.08117	0.08532	0.23655	0.01290	0.10455	0.01731	0.01485	0.02079	0.09184	0.10673	0.02184	0.03480	0.07426	0.00320	0.02424	0.02930	0.00423	0.00840
10	0.17920	0.01490	0.05251	0.09571	0.04856	0.07986	0.07193	0.02051	0.03725	0.10422	0.07512	0.02770	0.10131	0.03441	0.00760	0.00233	0.00706	0.02671	0.00501	0.00811
11	0.01321	0.00746	0.00873	0.01029	0.08588	0.00746	0.00656	0.01650	0.01448	0.02516	0.02128	0.02456	0.01680	0.00776	0.00500	0.00164	0.00373	0.00635	0.71026	0.00687
12	0.01902	0.14351	0.12701	0.05858	0.06508	0.07491	0.03376	0.15881	0.01875	0.06858	0.07147	0.01825	0.01472	0.00811	0.00818	0.00208	0.08918	0.00603	0.00456	0.00941
13	0.01449	0.01490	0.05908	0.05896	0.09501	0.07784	0.10689	0.05259	0.07703	0.02183	0.02657	0.18325	0.09658	0.01130	0.00732	0.00225	0.00708	0.01014	0.06881	0.00810
14	0.01416	0.01139	0.03728	0.04432	0.01527	0.03944	0.00927	0.07183	0.09170	0.07942	0.05208	0.12390	0.15565	0.08410	0.08814	0.01805	0.00718	0.04361	0.00573	0.00748
15	0.12281	0.01366	0.07348	0.06058	0.08052	0.01216	0.03224	0.08636	0.01698	0.02592	0.18625	0.05451	0.02578	0.02542	0.02331	0.00232	0.00636	0.02700	0.00513	0.11922
16	0.08111	0.09272	0.05260	0.07435	0.05175	0.07387	0.03075	0.03145	0.03539	0.05632	0.13108	0.10475	0.02381	0.01107	0.02997	0.00233	0.00682	0.00810	0.06881	0.03295

[dist]
# distance from previous block
# <min> <max>
0	17

[block]
# block no. 1 follows, 31 sequences, length 13
# corresponding to MSA columns:
# 207-219
name=unknown_B
#
# <colnr> <probs for GDERKNQSTAVLIFYWHMCP>
#	G	D	E	R	K	N	Q	S	T	A	V	L	I	F	Y	W	H	M	C	P
0	0.01947	0.10432	0.07879	0.03816	0.09347	0.09136	0.01315	0.14360	0.08684	0.09593	0.03673	0.03731	0.04472	0.00971	0.00828	0.06979	0.00745	0.00662	0.00506	0.00924
1	0.09638	0.05946	0.04476	0.03572	0.03742	0.01151	0.03897	0.03173	0.01418	0.02083	0.10908	0.26696	0.05631	0.07105	0.01074	0.00274	0.06864	0.01150	0.00513	0.00688
2	0.01986	0.09574	0.06085	0.01546	0.04601	0.17599	0.01250	0.19415	0.10263	0.02688	0.10081	0.02043	0.01821	0.00959	0.02980	0.00221	0.00819	0.00633	0.00520	0.04915
3	0.01359	0.03210	0.10094	0.21532	0.10614	0.01296	0.01450	0.03385	0.05319	0.02116	0.04149	0.04312	0.09933	0.00836	0.00660	0.00196	0.00697	0.00713	0.00421	0.17708
4	0.01478	0.05196	0.20014	0.01560	0.07099	0.05391	0.01387	0.04382	0.03613	0.05223	0.09264	0.11443	0.02254	0.05140	0.00841	0.00232	0.00708	0.03714	0.00476	0.10584
5	0.01799	0.13679	0.05720	0.01807	0.02335	0.01737	0.22090	0.18936	0.01971	0.04830	0.05038	0.08650	0.01818	0.00919	0.00722	0.00219	0.00819	0.05489	0.00500	0.00922
6	0.00927	0.00671	0.00813	0.00888	0.00976	0.00636	0.00624	0.01055	0.01309	0.01688	0.03889	0.26576	0.17679	0.25419	0.01700	0.00397	0.00512	0.13148	0.00564	0.00529
7	0.11453	0.21750	0.11926	0.12034	0.02291	0.04198	0.01387	0.13385	0.01648	0.02325	0.01250	0.01654	0.01051	0.07096	0.00879	0.00237	0.03655	0.00529	0.00389	0.00864
8	0.01640	0.01712	0.01862	0.01651	0.01765	0.14580	0.01323	0.02011	0.09757	0.01811	0.01464	0.09458	0.01427	0.01177	0.01618	0.00267	0.44571	0.00735	0.00393	0.00777
9	0.00977	0.00774	0.00872	0.00899	0.01076	0.00743	0.00663	0.01355	0.09920	0.01944	0.06969	0.20350	0.32934	0.09625	0.01106	0.00295	0.00442	0.07810	0.00622	0.00625
10	0.00860	0.00627	0.00791	0.00888	0.00966	0.00579	0.00602	0.01002	0.01394	0.01847	0.12362	0.51352	0.13777	0.08277	0.01078	0.00297	0.00404	0.01708	0.00631	0.00558
11	0.00987	0.00751	0.01032	0.09882	0.01468	0.00740	0.00793	0.01298	0.01783	0.02476	0.52702	0.12265	0.08419	0.01405	0.00799	0.00224	0.00404	0.01244	0.00680	0.00647
12	0.01800	0.62096	0.03180	0.01213	0.01730	0.08510	0.01150	0.02019	0.01406	0.01613	0.01054	0.01278	0.00967	0.01079	0.08204	0.00250	0.00892	0.00411	0.00306	0.00842

[dist]
# distance from previous block
# <min> <max>
3	10

[block]
# block no. 2 follows, 31 sequences, length 24
# corresponding to MSA columns:
# 234-257
name=unknown_C
#
# <colnr> <probs for GDERKNQSTAVLIFYWHMCP>
#	G	D	E	R	K	N	Q	S	T	A	V	L	I	F	Y	W	H	M	C	P
0	0.00985	0.00744	0.00926	0.01010	0.01118	0.00745	0.00706	0.01411	0.12158	0.02039	0.11692	0.55728	0.04376	0.01865	0.00838	0.00263	0.00411	0.01678	0.00659	0.00649
1	0.00993	0.00769	0.01166	0.09827	0.01603	0.00888	0.00946	0.01243	0.01164	0.01632	0.02061	0.13931	0.02053	0.04134	0.53296	0.00867	0.01499	0.00907	0.00401	0.00620
2	0.01327	0.00808	0.01022	0.07779	0.09627	0.00836	0.00802	0.01669	0.01443	0.02440	0.02026	0.02382	0.01597	0.00764	0.00521	0.00171	0.00432	0.00632	0.63021	0.00702
3	0.01365	0.01001	0.01500	0.01314	0.01561	0.01089	0.07132	0.09588	0.01451	0.06523	0.01837	0.02527	0.01611	0.06469	0.50771	0.00840	0.01519	0.00732	0.00435	0.00734
4	0.01217	0.01110	0.01322	0.01153	0.01385	0.09417	0.06975	0.01545	0.01908	0.02565	0.56554	0.04349	0.05295	0.01241	0.00784	0.00212	0.00507	0.01103	0.00668	0.00688
5	0.01516	0.01425	0.01495	0.07767	0.01905	0.09592	0.00945	0.01799	0.01449	0.02061	0.01258	0.01631	0.01084	0.05426	0.00728	0.00158	0.00641	0.00466	0.00390	0.58265
6	0.01516	0.01444	0.02440	0.03391	0.52385	0.01418	0.06118	0.01898	0.01596	0.02232	0.08352	0.02599	0.09976	0.00814	0.00713	0.00209	0.00734	0.00779	0.00412	0.00973
7	0.00961	0.00699	0.00904	0.00853	0.01017	0.00642	0.00640	0.01277	0.01919	0.02702	0.68316	0.05179	0.09493	0.01414	0.00807	0.00216	0.00324	0.01247	0.00748	0.00642
8	0.03070	0.01164	0.01588	0.01217	0.01746	0.01006	0.01006	0.03334	0.01958	0.72163	0.02699	0.02329	0.01694	0.00847	0.00688	0.00212	0.00582	0.00688	0.00847	0.01164
9	0.01275	0.00638	0.00638	0.00638	0.00797	0.00638	0.00478	0.01594	0.01435	0.02551	0.02232	0.02551	0.01754	0.00797	0.00478	0.00159	0.00319	0.00638	0.79755	0.00638
10	0.01702	0.01470	0.01547	0.01392	0.01779	0.01702	0.01083	0.03635	0.70453	0.02862	0.02785	0.02553	0.02088	0.00928	0.00696	0.00232	0.00541	0.00773	0.00696	0.01083
11	0.02556	0.03261	0.01939	0.01763	0.02115	0.73210	0.01322	0.02732	0.01939	0.01674	0.01058	0.01234	0.00881	0.00705	0.00617	0.00176	0.01234	0.00441	0.00353	0.00793
12	0.01158	0.00605	0.00868	0.00868	0.00868	0.00605	0.00566	0.00908	0.00908	0.01210	0.01341	0.02458	0.01394	0.14003	0.02802	0.67544	0.00605	0.00657	0.00316	0.00316
13	0.01693	0.01626	0.02777	0.04199	0.71689	0.01626	0.02100	0.02100	0.01558	0.02235	0.01287	0.01693	0.01084	0.00610	0.00677	0.00203	0.00813	0.00610	0.00339	0.01084
14	0.01292	0.01216	0.02052	0.74312	0.04712	0.01520	0.01900	0.01748	0.01368	0.01748	0.01216	0.01824	0.00912	0.00684	0.00684	0.00228	0.00912	0.00608	0.00304	0.00760
15	0.00947	0.00723	0.00874	0.00854	0.01030	0.00669	0.00633	0.01286	0.05151	0.02397	0.43082	0.13782	0.22938	0.01551	0.00810	0.00228	0.00349	0.01353	0.00705	0.00639
16	0.00897	0.00629	0.00808	0.00927	0.00966	0.00603	0.00619	0.01003	0.01253	0.01666	0.03351	0.51820	0.03961	0.20733	0.01537	0.00378	0.00484	0.07259	0.00579	0.00526
17	0.01078	0.00770	0.01075	0.01232	0.01379	0.00767	0.01061	0.01376	0.01551	0.02020	0.03636	0.13789	0.03990	0.01913	0.00939	0.00312	0.00609	0.61250	0.00630	0.00623
18	0.00879	0.00692	0.00806	0.00817	0.00999	0.00619	0.00614	0.01098	0.01614	0.02079	0.23707	0.13273	0.39625	0.01861	0.04403	0.00279	0.00434	0.04948	0.00654	0.00598
19	0.01244	0.00715	0.00966	0.01036	0.01173	0.00661	0.00756	0.01412	0.01452	0.13635	0.03572	0.54664	0.03974	0.01893	0.00851	0.00271	0.00457	0.09929	0.00670	0.00667
20	0.01883	0.01595	0.01640	0.04103	0.03845	0.07985	0.01161	0.09150	0.44682	0.07317	0.02577	0.02613	0.03858	0.00938	0.00700	0.00226	0.00644	0.03414	0.00646	0.01025
21	0.69468	0.03640	0.05345	0.02988	0.01547	0.03616	0.00907	0.02035	0.01215	0.02899	0.00979	0.01153	0.00761	0.00638	0.00450	0.00210	0.00594	0.00387	0.00406	0.00763
22	0.01613	0.01635	0.06468	0.04704	0.39803	0.05662	0.01707	0.06903	0.01720	0.02344	0.08117	0.04752	0.03859	0.00898	0.00718	0.00217	0.00762	0.06726	0.00442	0.00950
23	0.01832	0.01053	0.01297	0.01137	0.01407	0.01088	0.00861	0.06407	0.20172	0.18442	0.05633	0.02490	0.01870	0.04436	0.01491	0.27720	0.00576	0.00715	0.00585	0.00787

[dist]
# distance from previous block
# <min> <max>
3	5

[block]
# block no. 3 follows, 31 sequences, length 32
# corresponding to MSA columns:
# 264-295
name=unknown_D
#
# <colnr> <probs for GDERKNQSTAVLIFYWHMCP>
#	G	D	E	R	K	N	Q	S	T	A	V	L	I	F	Y	W	H	M	C	P
0	0.01999	0.50484	0.05642	0.01503	0.05533	0.17557	0.01308	0.05632	0.01610	0.01814	0.01037	0.01198	0.00903	0.00626	0.00509	0.00161	0.00854	0.00412	0.00328	0.00890
1	0.01306	0.00986	0.01193	0.00967	0.01374	0.00792	0.00746	0.01579	0.01555	0.06465	0.17085	0.12867	0.06602	0.01015	0.00650	0.00164	0.00447	0.00873	0.00552	0.42782
2	0.00875	0.00636	0.00832	0.00961	0.01041	0.00593	0.00683	0.01039	0.01413	0.01870	0.09326	0.55711	0.10391	0.02018	0.00871	0.00273	0.00415	0.09832	0.00644	0.00574
3	0.01815	0.19516	0.13230	0.04820	0.12042	0.01944	0.12039	0.17543	0.01885	0.02526	0.02903	0.04059	0.01239	0.00725	0.00649	0.00200	0.00841	0.00627	0.00419	0.00979
4	0.00809	0.00693	0.00693	0.00693	0.00924	0.00578	0.00520	0.00982	0.01559	0.01848	0.06931	0.06584	0.71411	0.01733	0.00809	0.00231	0.00347	0.01444	0.00635	0.00578
5	0.01468	0.01245	0.01445	0.01037	0.01642	0.00962	0.00831	0.04549	0.01494	0.02316	0.01234	0.01428	0.01020	0.00520	0.00514	0.00106	0.00517	0.00414	0.00417	0.76842
6	0.17062	0.01274	0.01532	0.01198	0.01710	0.01221	0.00989	0.10179	0.01950	0.52403	0.02270	0.02035	0.01465	0.00806	0.00640	0.00211	0.00591	0.00623	0.00753	0.01088
7	0.02218	0.21663	0.02338	0.01461	0.01949	0.14676	0.01227	0.29083	0.11189	0.02856	0.01513	0.01581	0.01178	0.00898	0.03061	0.00218	0.00841	0.00544	0.00514	0.00994
8	0.01080	0.05795	0.01274	0.01112	0.01278	0.00856	0.05154	0.01334	0.03758	0.04297	0.12009	0.47947	0.03982	0.01912	0.04584	0.00297	0.00544	0.01529	0.00604	0.00654
9	0.02724	0.01110	0.01492	0.01174	0.01646	0.00981	0.00958	0.03058	0.04469	0.59871	0.12339	0.02727	0.02377	0.00927	0.00705	0.00213	0.00544	0.00768	0.00828	0.01088
10	0.01497	0.01497	0.02095	0.01796	0.01796	0.02095	0.01497	0.01646	0.01048	0.01646	0.00898	0.01497	0.00898	0.01197	0.02245	0.00299	0.74704	0.00599	0.00299	0.00748
11	0.07657	0.01815	0.02131	0.05428	0.02314	0.06995	0.09259	0.37786	0.04651	0.12627	0.01678	0.01731	0.01187	0.00771	0.00677	0.00209	0.00799	0.00624	0.00605	0.01057
12	0.01570	0.04644	0.12736	0.07179	0.11371	0.05493	0.07398	0.05905	0.05217	0.02303	0.06244	0.01979	0.03517	0.00712	0.00643	0.00183	0.00758	0.00616	0.00421	0.21111
13	0.46486	0.03912	0.01452	0.01282	0.04282	0.16334	0.00982	0.02168	0.01385	0.04894	0.01062	0.01243	0.00848	0.00676	0.00589	0.00199	0.04786	0.00420	0.00408	0.06593
14	0.01428	0.01188	0.04154	0.01243	0.01549	0.01171	0.01056	0.14324	0.12551	0.02648	0.12625	0.04783	0.10290	0.01588	0.04804	0.00299	0.00649	0.22202	0.00640	0.00810
15	0.01055	0.00764	0.00870	0.00869	0.00957	0.00774	0.00566	0.03563	0.06646	0.01694	0.03015	0.16618	0.10859	0.43176	0.05216	0.00514	0.00621	0.01170	0.00508	0.00544
16	0.01264	0.04258	0.03139	0.10333	0.04324	0.01142	0.05560	0.01795	0.11638	0.02058	0.02478	0.27221	0.02542	0.01253	0.00736	0.00227	0.00606	0.05484	0.00516	0.13425
17	0.01845	0.01628	0.02245	0.24504	0.27052	0.06191	0.01735	0.14256	0.06423	0.05286	0.01471	0.01777	0.01125	0.00707	0.00678	0.00212	0.00831	0.00614	0.00435	0.00985
18	0.00852	0.00603	0.00788	0.00929	0.00964	0.00568	0.00610	0.00957	0.01274	0.01698	0.03585	0.67345	0.04291	0.10628	0.01173	0.00322	0.00428	0.01836	0.00610	0.00539
19	0.02350	0.01889	0.01884	0.01519	0.01980	0.09778	0.01226	0.51277	0.04605	0.03631	0.01740	0.05779	0.01385	0.01215	0.06253	0.00275	0.00863	0.00683	0.00621	0.01044
20	0.02301	0.08262	0.02276	0.01767	0.02214	0.38881	0.08946	0.14410	0.10121	0.02329	0.01391	0.01519	0.01090	0.00728	0.00646	0.00192	0.01021	0.00546	0.00446	0.00913
21	0.00926	0.00663	0.00893	0.00953	0.01016	0.00688	0.00661	0.01067	0.01183	0.01625	0.04865	0.31274	0.03128	0.20409	0.26724	0.00653	0.00958	0.01278	0.00494	0.00545
22	0.04656	0.06978	0.01845	0.04673	0.01985	0.01788	0.01152	0.23698	0.29699	0.05417	0.02000	0.01959	0.01491	0.00803	0.00645	0.00203	0.00635	0.00633	0.00612	0.09128
23	0.01563	0.07379	0.13543	0.04130	0.11377	0.04617	0.01376	0.08641	0.04177	0.05149	0.02222	0.15505	0.06290	0.01158	0.03067	0.00239	0.00738	0.00862	0.00475	0.07492
24	0.01879	0.14960	0.27599	0.01710	0.05010	0.06246	0.03814	0.10910	0.04075	0.09096	0.01424	0.01541	0.01054	0.00677	0.00616	0.00191	0.00844	0.00524	0.00425	0.07404
25	0.01534	0.15957	0.45022	0.01858	0.02663	0.04181	0.08112	0.02206	0.04570	0.02059	0.01241	0.01465	0.00941	0.00675	0.00711	0.00209	0.04794	0.00523	0.00316	0.00962
26	0.01495	0.01040	0.01466	0.15752	0.04988	0.01017	0.04872	0.04351	0.01666	0.15587	0.04219	0.04148	0.34232	0.01205	0.00750	0.00224	0.00586	0.01028	0.00583	0.00791
27	0.01733	0.09513	0.22911	0.06399	0.07814	0.03660	0.17893	0.02230	0.01562	0.12000	0.01620	0.06742	0.01296	0.00757	0.00691	0.00215	0.00900	0.00700	0.00412	0.00951
28	0.01748	0.01755	0.07907	0.04069	0.12144	0.07193	0.15040	0.10567	0.01705	0.06438	0.03718	0.02081	0.01396	0.06213	0.08414	0.00340	0.07261	0.00690	0.00428	0.00894
29	0.01105	0.00821	0.01141	0.05860	0.07279	0.00826	0.00936	0.01395	0.01547	0.02159	0.18996	0.07743	0.08509	0.06617	0.05795	0.00327	0.00609	0.18156	0.09520	0.00659
30	0.00853	0.00614	0.00812	0.00948	0.01008	0.00572	0.00650	0.00998	0.01377	0.01839	0.09142	0.65113	0.06921	0.02062	0.00869	0.00273	0.00398	0.04341	0.00644	0.00566
31	0.04580	0.02036	0.06671	0.02093	0.12900	0.15216	0.09426	0.16920	0.05954	0.13433	0.01670	0.03170	0.01252	0.00757	0.00680	0.00207	0.00865	0.00636	0.00520	0.01014

[dist]
# distance from previous block
# <min> <max>
0	1

[block]
# block no. 4 follows, 31 sequences, length 25
# corresponding to MSA columns:
# 297-321
name=unknown_E
#
# <colnr> <probs for GDERKNQSTAVLIFYWHMCP>
#	G	D	E	R	K	N	Q	S	T	A	V	L	I	F	Y	W	H	M	C	P
0	0.01914	0.20214	0.10363	0.01583	0.05915	0.08206	0.01351	0.07278	0.23059	0.07881	0.01798	0.01827	0.01379	0.00912	0.03230	0.00230	0.00783	0.00585	0.00499	0.00994
1	0.01017	0.00777	0.01117	0.01096	0.01192	0.00914	0.00835	0.01218	0.01080	0.01553	0.01815	0.02870	0.01769	0.15396	0.57837	0.00978	0.06813	0.00762	0.00369	0.00591
2	0.01821	0.15364	0.02024	0.01430	0.01821	0.08974	0.01166	0.05255	0.42705	0.02456	0.02074	0.02033	0.01612	0.00864	0.00778	0.00216	0.07219	0.00645	0.00553	0.00990
3	0.01528	0.01431	0.02262	0.17722	0.41798	0.01513	0.01769	0.02128	0.10846	0.02184	0.02019	0.02308	0.07966	0.00776	0.00694	0.00215	0.00751	0.00712	0.00409	0.00969
4	0.00964	0.00657	0.00790	0.00843	0.00867	0.00647	0.00531	0.01022	0.01125	0.01495	0.02689	0.22512	0.03125	0.50955	0.02606	0.00536	0.00594	0.07085	0.00489	0.00469
5	0.00830	0.00666	0.00741	0.00782	0.00952	0.00577	0.00564	0.01001	0.01522	0.01899	0.11764	0.26090	0.46571	0.01820	0.00827	0.00243	0.00359	0.01568	0.00646	0.00577
6	0.01026	0.00697	0.00847	0.00852	0.00977	0.00648	0.00599	0.01192	0.01473	0.05043	0.21116	0.16562	0.16997	0.22896	0.01586	0.00362	0.00468	0.05474	0.00611	0.00574
7	0.01253	0.00762	0.01006	0.00909	0.01120	0.00694	0.00694	0.01568	0.01939	0.12142	0.62036	0.04734	0.05811	0.01324	0.00791	0.00215	0.00358	0.01163	0.00766	0.00716
8	0.01292	0.01216	0.02052	0.74312	0.04712	0.01520	0.01900	0.01748	0.01368	0.01748	0.01216	0.01824	0.00912	0.00684	0.00684	0.00228	0.00912	0.00608	0.00304	0.00760
9	0.01591	0.01653	0.02082	0.01793	0.01824	0.08393	0.01481	0.01743	0.01127	0.01649	0.00912	0.01473	0.00897	0.01154	0.02101	0.00288	0.68198	0.00585	0.00304	0.00752
10	0.01419	0.01216	0.01419	0.01013	0.01621	0.00912	0.00811	0.01723	0.01419	0.02229	0.01216	0.01419	0.01013	0.00507	0.00507	0.00101	0.00507	0.00405	0.00405	0.80139
11	0.00967	0.00655	0.00772	0.00811	0.00826	0.00647	0.00490	0.01005	0.01084	0.01443	0.02547	0.18982	0.02964	0.57748	0.02842	0.00570	0.00608	0.04119	0.00469	0.00453
12	0.01372	0.03539	0.72412	0.01950	0.02961	0.01589	0.02528	0.02167	0.01444	0.02167	0.01228	0.01444	0.00867	0.00650	0.00650	0.00217	0.01011	0.00506	0.00289	0.01011
13	0.01292	0.01216	0.02052	0.74312	0.04712	0.01520	0.01900	0.01748	0.01368	0.01748	0.01216	0.01824	0.00912	0.00684	0.00684	0.00228	0.00912	0.00608	0.00304	0.00760
14	0.00832	0.00600	0.00790	0.00942	0.00989	0.00557	0.00630	0.00954	0.01320	0.01751	0.03905	0.72584	0.07364	0.02126	0.00870	0.00276	0.00395	0.01924	0.00635	0.00557
15	0.00834	0.00595	0.00794	0.00953	0.00992	0.00556	0.00635	0.00953	0.01310	0.01746	0.03771	0.75510	0.04525	0.02143	0.00873	0.00278	0.00397	0.01945	0.00635	0.00556
16	0.02601	0.01916	0.02053	0.01574	0.02122	0.02122	0.01300	0.69408	0.03217	0.04312	0.01643	0.01643	0.01163	0.00821	0.00684	0.00205	0.00753	0.00616	0.00684	0.01163
17	0.03070	0.01164	0.01588	0.01217	0.01746	0.01006	0.01006	0.03334	0.01958	0.72163	0.02699	0.02329	0.01694	0.00847	0.00688	0.00212	0.00582	0.00688	0.00847	0.01164
18	0.00981	0.00718	0.01022	0.01022	0.01118	0.00813	0.00759	0.01172	0.01077	0.01531	0.01903	0.03079	0.01880	0.20633	0.57975	0.01004	0.01577	0.00790	0.00377	0.00568
19	0.01334	0.01264	0.02107	0.64603	0.09336	0.01565	0.01888	0.01767	0.01361	0.01776	0.01201	0.01794	0.00923	0.00712	0.00784	0.00231	0.05659	0.00608	0.00306	0.00783
20	0.02556	0.03261	0.01939	0.01763	0.02115	0.73210	0.01322	0.02732	0.01939	0.01674	0.01058	0.01234	0.00881	0.00705	0.00617	0.00176	0.01234	0.00441	0.00353	0.00793
21	0.01693	0.01626	0.02777	0.04199	0.71689	0.01626	0.02100	0.02100	0.01558	0.02235	0.01287	0.01693	0.01084	0.00610	0.00677	0.00203	0.00813	0.00610	0.00339	0.01084
22	0.00881	0.00615	0.00780	0.00892	0.00920	0.00587	0.00571	0.00965	0.01218	0.01624	0.03299	0.54782	0.03930	0.23682	0.01635	0.00390	0.00475	0.01668	0.00571	0.00515
23	0.01326	0.03174	0.63137	0.01828	0.02729	0.01473	0.02306	0.02059	0.01490	0.02207	0.06944	0.02051	0.01466	0.00772	0.00677	0.00221	0.00937	0.03895	0.00343	0.00963
24	0.29872	0.08620	0.02058	0.01554	0.05421	0.01547	0.13570	0.02408	0.05457	0.17879	0.04280	0.01781	0.01335	0.00711	0.00597	0.00210	0.00683	0.00589	0.00514	0.00914

[dist]
# distance from previous block
# <min> <max>
0	3

[block]
# block no. 5 follows, 31 sequences, length 16
# corresponding to MSA columns:
# 325-334,336-341
name=unknown_F
#
# <colnr> <probs for GDERKNQSTAVLIFYWHMCP>
#	G	D	E	R	K	N	Q	S	T	A	V	L	I	F	Y	W	H	M	C	P
0	0.01403	0.01463	0.06834	0.07441	0.10384	0.03068	0.09591	0.03737	0.09107	0.02188	0.02519	0.10493	0.11540	0.00965	0.00699	0.00204	0.00684	0.00865	0.00470	0.16344
1	0.02404	0.01925	0.01959	0.04393	0.02144	0.09342	0.01287	0.53951	0.02829	0.03702	0.01582	0.01698	0.01172	0.01178	0.06974	0.00281	0.00902	0.00608	0.00608	0.01061
2	0.02629	0.01634	0.01849	0.01444	0.01966	0.01733	0.01184	0.41242	0.11283	0.24569	0.02104	0.01964	0.01439	0.00842	0.00687	0.00211	0.00675	0.00657	0.00735	0.01154
3	0.01735	0.06441	0.02690	0.16313	0.35027	0.06656	0.09669	0.02122	0.01537	0.05412	0.01295	0.01685	0.01039	0.00667	0.00758	0.00211	0.04822	0.00608	0.00354	0.00958
4	0.00977	0.00733	0.01100	0.01100	0.01222	0.00855	0.00855	0.01222	0.01100	0.01588	0.01833	0.02688	0.01710	0.05131	0.73245	0.01100	0.01833	0.00733	0.00367	0.00611
5	0.00995	0.00663	0.00746	0.00746	0.00746	0.00663	0.00415	0.00995	0.00995	0.01327	0.02156	0.04477	0.02487	0.75957	0.03482	0.00663	0.00663	0.00995	0.00415	0.00415
6	0.01580	0.01772	0.03761	0.09024	0.03579	0.01731	0.59755	0.02124	0.01563	0.02124	0.01344	0.01825	0.01020	0.00619	0.00873	0.00234	0.05052	0.00779	0.00340	0.00899
7	0.01987	0.05447	0.01785	0.01514	0.06210	0.01590	0.01160	0.25564	0.12362	0.10690	0.08418	0.02968	0.06898	0.01030	0.00774	0.00222	0.03502	0.06249	0.00644	0.00985
8	0.01306	0.01236	0.02055	0.69274	0.04509	0.01560	0.01872	0.01741	0.01346	0.01741	0.01194	0.01801	0.00911	0.00720	0.00792	0.00233	0.06039	0.00607	0.00304	0.00759
9	0.00943	0.00688	0.00843	0.00837	0.00943	0.00674	0.00580	0.01103	0.01359	0.01830	0.19612	0.07506	0.16524	0.28024	0.15061	0.00539	0.00726	0.01128	0.00537	0.00543
10	0.80789	0.01323	0.01006	0.00900	0.01323	0.01535	0.00741	0.02011	0.01164	0.03070	0.00953	0.01111	0.00741	0.00635	0.00423	0.00212	0.00529	0.00370	0.00423	0.00741
11	0.01462	0.01389	0.02359	0.44639	0.33058	0.01565	0.01984	0.01897	0.01448	0.01954	0.01246	0.01769	0.00985	0.00652	0.00681	0.00217	0.00870	0.00609	0.00319	0.00897
12	0.01425	0.07845	0.02371	0.11098	0.15401	0.01598	0.12094	0.01805	0.03402	0.01886	0.01575	0.04137	0.03199	0.01653	0.14719	0.00396	0.13505	0.00708	0.00358	0.00825
13	0.00809	0.00693	0.00693	0.00693	0.00924	0.00578	0.00520	0.00982	0.01559	0.01848	0.06931	0.06584	0.71411	0.01733	0.00809	0.00231	0.00347	0.01444	0.00635	0.00578
14	0.00857	0.00691	0.00763	0.00754	0.00956	0.00597	0.00562	0.01071	0.01659	0.02106	0.25694	0.09227	0.49358	0.01653	0.00811	0.00228	0.00342	0.01406	0.00670	0.00597
15	0.01544	0.01617	0.06999	0.26545	0.45809	0.01589	0.02063	0.01991	0.01490	0.02074	0.01260	0.01719	0.01015	0.00636	0.00678	0.00212	0.00857	0.00602	0.00324	0.00975

[dist]
# distance from previous block
# <min> <max>
0	4

[block]
# block no. 6 follows, 31 sequences, length 29
# corresponding to MSA columns:
# 346-374
name=unknown_G
#
# <colnr> <probs for GDERKNQSTAVLIFYWHMCP>
#	G	D	E	R	K	N	Q	S	T	A	V	L	I	F	Y	W	H	M	C	P
0	0.05005	0.01902	0.08538	0.09353	0.24476	0.10687	0.01681	0.06388	0.05939	0.09380	0.01451	0.01697	0.01119	0.00752	0.00825	0.00217	0.08603	0.00587	0.00427	0.00974
1	0.00961	0.00706	0.00991	0.01005	0.01102	0.00782	0.00741	0.01146	0.01117	0.01565	0.02267	0.09777	0.04835	0.17746	0.51020	0.00911	0.01429	0.00919	0.00410	0.00568
2	0.01292	0.01216	0.02052	0.74312	0.04712	0.01520	0.01900	0.01748	0.01368	0.01748	0.01216	0.01824	0.00912	0.00684	0.00684	0.00228	0.00912	0.00608	0.00304	0.00760
3	0.01623	0.01428	0.07379	0.04294	0.11464	0.01168	0.08244	0.03855	0.01651	0.11031	0.09957	0.02677	0.02024	0.00835	0.00683	0.00192	0.00674	0.07039	0.00503	0.23276
4	0.11565	0.05598	0.02036	0.01849	0.06888	0.49241	0.03665	0.02477	0.01722	0.01891	0.01056	0.01287	0.00885	0.00718	0.00719	0.00192	0.06580	0.00466	0.00353	0.00812
5	0.02496	0.01253	0.01578	0.01186	0.01742	0.01083	0.00972	0.09171	0.01907	0.43267	0.02123	0.01972	0.01425	0.00736	0.00630	0.00176	0.00574	0.00591	0.00690	0.26429
6	0.02198	0.01774	0.01823	0.01501	0.01969	0.04938	0.01204	0.37275	0.33131	0.03554	0.02127	0.02031	0.01564	0.00864	0.00687	0.00216	0.00679	0.00679	0.00676	0.01112
7	0.02010	0.02516	0.07109	0.07955	0.12997	0.39406	0.06005	0.02320	0.01735	0.01867	0.03205	0.01787	0.04209	0.00877	0.02913	0.00223	0.01079	0.00582	0.00365	0.00840
8	0.01596	0.06693	0.29843	0.04447	0.06062	0.03853	0.01754	0.10219	0.04499	0.04009	0.01902	0.02088	0.07809	0.01031	0.03884	0.00257	0.08070	0.00643	0.00411	0.00932
9	0.02445	0.11131	0.05750	0.01543	0.02119	0.02167	0.01346	0.57791	0.02904	0.03873	0.01537	0.01566	0.01114	0.00784	0.00653	0.00199	0.00763	0.00580	0.00617	0.01121
10	0.01001	0.00732	0.00905	0.00988	0.01094	0.00708	0.00688	0.07537	0.01517	0.02003	0.03863	0.61923	0.10495	0.01978	0.00849	0.00266	0.00426	0.01770	0.00640	0.00616
11	0.01650	0.04696	0.20263	0.07023	0.07465	0.03721	0.07076	0.07986	0.03528	0.09028	0.05809	0.09014	0.01952	0.00970	0.00721	0.00227	0.00794	0.06677	0.00487	0.00914
12	0.01805	0.01780	0.01833	0.07777	0.10909	0.19816	0.03467	0.08451	0.06969	0.04738	0.02174	0.07804	0.08180	0.01265	0.05884	0.00278	0.04774	0.00778	0.00469	0.00848
13	0.73267	0.01509	0.01095	0.00983	0.01399	0.08426	0.00797	0.02080	0.01239	0.02935	0.00963	0.01123	0.00754	0.00642	0.00442	0.00208	0.00597	0.00377	0.00417	0.00746
14	0.01978	0.39270	0.02752	0.04429	0.01967	0.18680	0.01268	0.02275	0.04939	0.04817	0.01148	0.01340	0.00979	0.00728	0.00758	0.00184	0.10818	0.00459	0.00352	0.00859
15	0.02029	0.56595	0.03154	0.01312	0.01853	0.14816	0.01209	0.08643	0.01660	0.01881	0.01036	0.01173	0.00906	0.00629	0.00493	0.00157	0.00820	0.00403	0.00341	0.00891
16	0.00968	0.00699	0.00914	0.00861	0.01022	0.00646	0.00646	0.01291	0.01937	0.02743	0.71328	0.05110	0.06455	0.01399	0.00807	0.00215	0.00323	0.01237	0.00753	0.00646
17	0.01821	0.01554	0.01766	0.01506	0.01934	0.01762	0.05180	0.12658	0.57032	0.03023	0.02543	0.02384	0.01898	0.00892	0.00701	0.00228	0.00607	0.00754	0.00674	0.01084
18	0.00995	0.00663	0.00746	0.00746	0.00746	0.00663	0.00415	0.00995	0.00995	0.01327	0.02156	0.04477	0.02487	0.75957	0.03482	0.00663	0.00663	0.00995	0.00415	0.00415
19	0.15736	0.04007	0.11002	0.15617	0.12269	0.01612	0.13950	0.07860	0.01586	0.04301	0.01402	0.05137	0.01137	0.00724	0.00657	0.00218	0.00834	0.00649	0.00399	0.00901
20	0.01372	0.03539	0.72412	0.01950	0.02961	0.01589	0.02528	0.02167	0.01444	0.02167	0.01228	0.01444	0.00867	0.00650	0.00650	0.00217	0.01011	0.00506	0.00289	0.01011
21	0.00995	0.00663	0.00746	0.00746	0.00746	0.00663	0.00415	0.00995	0.00995	0.01327	0.02156	0.04477	0.02487	0.75957	0.03482	0.00663	0.00663	0.00995	0.00415	0.00415
22	0.01404	0.00923	0.01124	0.01003	0.01268	0.00905	0.00775	0.03864	0.13313	0.11980	0.43759	0.04333	0.10069	0.01257	0.00769	0.00218	0.00408	0.01086	0.00745	0.00797
23	0.01855	0.08714	0.04506	0.06683	0.02430	0.06372	0.19204	0.08691	0.05783	0.11751	0.01892	0.11812	0.01629	0.00921	0.00793	0.00223	0.04511	0.00826	0.00495	0.00908
24	0.00982	0.00715	0.01008	0.01008	0.01099	0.00805	0.00741	0.01163	0.01072	0.01520	0.01916	0.03151	0.01911	0.23469	0.55183	0.00987	0.01530	0.00801	0.00379	0.00560
25	0.00852	0.00627	0.00799	0.00900	0.00987	0.00573	0.00620	0.01012	0.01448	0.01923	0.15220	0.54004	0.14597	0.01962	0.00853	0.00261	0.00378	0.01757	0.00654	0.00573
26	0.03873	0.01007	0.01157	0.01117	0.01362	0.01058	0.00833	0.02226	0.26816	0.09046	0.08344	0.30372	0.07098	0.01448	0.00768	0.00245	0.00464	0.01265	0.00680	0.00821
27	0.05786	0.14651	0.02171	0.08771	0.11290	0.12596	0.01340	0.06620	0.23439	0.04159	0.01702	0.01791	0.01323	0.00747	0.00622	0.00202	0.00762	0.00584	0.00480	0.00963
28	0.05023	0.11463	0.16976	0.01590	0.05999	0.03401	0.03143	0.14750	0.04164	0.02572	0.01313	0.01474	0.01021	0.00639	0.00585	0.00171	0.00742	0.00495	0.00423	0.24055

[dist]
# distance from previous block
# <min> <max>
2	11

[block]
# block no. 7 follows, 31 sequences, length 45
# corresponding to MSA columns:
# 386-394,396-403,405-432
name=unknown_H
#
# <colnr> <probs for GDERKNQSTAVLIFYWHMCP>
#	G	D	E	R	K	N	Q	S	T	A	V	L	I	F	Y	W	H	M	C	P
0	0.01738	0.12862	0.07040	0.01310	0.01743	0.01625	0.01148	0.14482	0.21754	0.05809	0.12546	0.02908	0.02437	0.03894	0.00794	0.00232	0.00623	0.05513	0.00602	0.00940
1	0.01347	0.01072	0.01300	0.11136	0.03794	0.05495	0.00976	0.04254	0.06049	0.04907	0.02089	0.07616	0.02052	0.23476	0.17340	0.00546	0.00966	0.04453	0.00457	0.00676
2	0.02556	0.03261	0.01939	0.01763	0.02115	0.73210	0.01322	0.02732	0.01939	0.01674	0.01058	0.01234	0.00881	0.00705	0.00617	0.00176	0.01234	0.00441	0.00353	0.00793
3	0.01372	0.03539	0.72412	0.01950	0.02961	0.01589	0.02528	0.02167	0.01444	0.02167	0.01228	0.01444	0.00867	0.00650	0.00650	0.00217	0.01011	0.00506	0.00289	0.01011
4	0.01497	0.01497	0.02095	0.01796	0.01796	0.02095	0.01497	0.01646	0.01048	0.01646	0.00898	0.01497	0.00898	0.01197	0.02245	0.00299	0.74704	0.00599	0.00299	0.00748
5	0.01188	0.00594	0.00891	0.00891	0.00891	0.00594	0.00594	0.00891	0.00891	0.01188	0.01188	0.02080	0.01188	0.02377	0.02674	0.80095	0.00594	0.00594	0.00297	0.00297
6	0.01624	0.02002	0.17820	0.14242	0.23697	0.05764	0.06080	0.02233	0.07139	0.05235	0.01600	0.02156	0.01299	0.00759	0.00697	0.00221	0.00874	0.05202	0.00395	0.00960
7	0.01545	0.01269	0.01463	0.01079	0.01639	0.01058	0.00865	0.11200	0.01717	0.02568	0.07473	0.01776	0.01515	0.00630	0.00558	0.00126	0.00525	0.00508	0.00475	0.62010
8	0.00950	0.00720	0.00763	0.00738	0.00979	0.00608	0.00558	0.01142	0.01616	0.05873	0.12561	0.06211	0.61583	0.01653	0.00802	0.00228	0.00358	0.01383	0.00658	0.00617
9	0.01863	0.04101	0.06124	0.01368	0.01737	0.08173	0.01155	0.17428	0.06123	0.10627	0.04349	0.02228	0.01614	0.04638	0.21639	0.00480	0.04278	0.00671	0.00520	0.00883
10	0.01759	0.19962	0.16636	0.08595	0.15027	0.08634	0.11043	0.06728	0.01636	0.02113	0.01205	0.01488	0.00957	0.00637	0.00628	0.00196	0.00923	0.00543	0.00341	0.00948
11	0.00834	0.00595	0.00794	0.00953	0.00992	0.00556	0.00635	0.00953	0.01310	0.01746	0.03771	0.75510	0.04525	0.02143	0.00873	0.00278	0.00397	0.01945	0.00635	0.00556
12	0.01275	0.00638	0.00638	0.00638	0.00797	0.00638	0.00478	0.01594	0.01435	0.02551	0.02232	0.02551	0.01754	0.00797	0.00478	0.00159	0.00319	0.00638	0.79755	0.00638
13	0.01694	0.01923	0.09960	0.01845	0.02170	0.11577	0.12811	0.04800	0.01455	0.04959	0.01402	0.06509	0.01283	0.05067	0.01448	0.00272	0.28912	0.00715	0.00381	0.00818
14	0.01382	0.01176	0.01379	0.01006	0.01578	0.00890	0.00799	0.01680	0.01434	0.02232	0.03897	0.04083	0.01334	0.00595	0.00530	0.00112	0.00496	0.00489	0.00426	0.74483
15	0.01275	0.00638	0.00638	0.00638	0.00797	0.00638	0.00478	0.01594	0.01435	0.02551	0.02232	0.02551	0.01754	0.00797	0.00478	0.00159	0.00319	0.00638	0.79755	0.00638
16	0.01489	0.01150	0.01378	0.01310	0.03924	0.04980	0.03402	0.10972	0.05306	0.07531	0.12364	0.27988	0.07040	0.03869	0.00928	0.00253	0.03498	0.01227	0.00620	0.00773
17	0.00901	0.00690	0.00833	0.00868	0.01033	0.00623	0.00658	0.01127	0.01627	0.02120	0.24806	0.18815	0.30884	0.01731	0.00839	0.00246	0.00388	0.10541	0.00669	0.00601
18	0.02047	0.07599	0.02566	0.05858	0.27848	0.30060	0.07915	0.04377	0.01744	0.02006	0.01189	0.01487	0.00980	0.00652	0.00649	0.00192	0.01008	0.00544	0.00351	0.00927
19	0.00977	0.00733	0.01100	0.01100	0.01222	0.00855	0.00855	0.01222	0.01100	0.01588	0.01833	0.02688	0.01710	0.05131	0.73245	0.01100	0.01833	0.00733	0.00367	0.00611
20	0.02107	0.22869	0.02303	0.01511	0.01922	0.33697	0.01229	0.02719	0.18326	0.01943	0.01440	0.01526	0.01173	0.00746	0.00652	0.00186	0.03842	0.00507	0.00417	0.00885
21	0.00912	0.00661	0.00773	0.00800	0.00887	0.00617	0.00526	0.01031	0.01349	0.01773	0.15015	0.21092	0.19136	0.30258	0.01849	0.00405	0.00476	0.01351	0.00570	0.00521
22	0.00861	0.00695	0.00766	0.00748	0.00956	0.00600	0.00561	0.01083	0.01683	0.02142	0.28034	0.06101	0.50124	0.01623	0.00808	0.00226	0.00339	0.01376	0.00674	0.00600
23	0.63416	0.01455	0.01238	0.01050	0.01501	0.01665	0.00865	0.16986	0.01620	0.03346	0.01106	0.01229	0.00835	0.00676	0.00481	0.00210	0.00579	0.00425	0.00481	0.00835
24	0.01660	0.01597	0.02690	0.07104	0.63054	0.01659	0.02042	0.02047	0.01508	0.02166	0.01252	0.01683	0.01061	0.00661	0.00805	0.00212	0.06815	0.00609	0.00334	0.01042
25	0.00977	0.00733	0.01100	0.01100	0.01222	0.00855	0.00855	0.01222	0.01100	0.01588	0.01833	0.02688	0.01710	0.05131	0.73245	0.01100	0.01833	0.00733	0.00367	0.00611
26	0.01429	0.12670	0.63783	0.01852	0.02810	0.01729	0.02358	0.02152	0.01438	0.02097	0.01193	0.01401	0.00868	0.00642	0.00624	0.00208	0.00976	0.00488	0.00289	0.00994
27	0.01748	0.01490	0.01613	0.05378	0.01965	0.01724	0.01144	0.08590	0.61521	0.02913	0.02611	0.02443	0.01953	0.00907	0.00695	0.00230	0.00578	0.00752	0.00674	0.01071
28	0.00840	0.00610	0.00780	0.00913	0.00972	0.00564	0.00611	0.00958	0.01320	0.01735	0.04024	0.64190	0.11645	0.06119	0.01008	0.00294	0.00406	0.01839	0.00623	0.00550
29	0.04806	0.01224	0.06748	0.01131	0.01405	0.05335	0.00937	0.07035	0.03589	0.04469	0.19857	0.18529	0.07890	0.01925	0.11616	0.00359	0.00734	0.01100	0.00583	0.00729
30	0.01613	0.33112	0.30026	0.04055	0.02411	0.02043	0.05435	0.04783	0.04024	0.02020	0.01285	0.04003	0.01068	0.00690	0.00584	0.00191	0.00851	0.00533	0.00337	0.00936
31	0.01829	0.76368	0.03585	0.01171	0.01756	0.02707	0.01171	0.02049	0.01390	0.01610	0.00951	0.01097	0.00878	0.00585	0.00439	0.00146	0.00732	0.00366	0.00293	0.00878
32	0.02755	0.01590	0.01841	0.01420	0.01954	0.01647	0.01170	0.39579	0.05541	0.32028	0.02123	0.01962	0.01420	0.00836	0.00686	0.00209	0.00674	0.00652	0.00751	0.01160
33	0.01884	0.05068	0.10200	0.05189	0.14143	0.09490	0.03755	0.06113	0.12974	0.12028	0.01997	0.08841	0.01670	0.00901	0.00692	0.00217	0.00772	0.02583	0.00515	0.00968
34	0.01177	0.01386	0.16862	0.01218	0.01541	0.00973	0.01123	0.01620	0.06936	0.05015	0.06188	0.23366	0.02706	0.11475	0.14791	0.00458	0.00854	0.01087	0.00500	0.00724
35	0.01495	0.00812	0.01021	0.00928	0.01194	0.00713	0.00709	0.01725	0.01731	0.21982	0.22237	0.16285	0.23535	0.01461	0.00785	0.00229	0.00415	0.01257	0.00726	0.00758
36	0.00834	0.00595	0.00794	0.00953	0.00992	0.00556	0.00635	0.00953	0.01310	0.01746	0.03771	0.75510	0.04525	0.02143	0.00873	0.00278	0.00397	0.01945	0.00635	0.00556
37	0.01620	0.11022	0.17861	0.02104	0.15845	0.06878	0.01678	0.05689	0.04219	0.02061	0.01311	0.01671	0.01098	0.01363	0.10907	0.00337	0.12506	0.00567	0.00354	0.00909
38	0.01342	0.01187	0.01929	0.15905	0.02494	0.01256	0.15001	0.06014	0.08582	0.02167	0.02452	0.17451	0.02428	0.01386	0.03366	0.00286	0.00788	0.14676	0.00510	0.00779
39	0.01232	0.00802	0.00948	0.00904	0.01151	0.00726	0.00700	0.01545	0.05293	0.12023	0.17117	0.11325	0.34896	0.01553	0.00802	0.00237	0.00414	0.06942	0.00689	0.00702
40	0.71139	0.03857	0.01172	0.00987	0.01409	0.08141	0.00808	0.02078	0.01242	0.02896	0.00962	0.01122	0.00758	0.00640	0.00442	0.00206	0.00600	0.00377	0.00413	0.00750
41	0.02003	0.01355	0.10365	0.01430	0.06657	0.01030	0.01188	0.02404	0.03901	0.32549	0.14601	0.03475	0.07813	0.01066	0.00736	0.00224	0.00594	0.06970	0.00684	0.00954
42	0.13891	0.08480	0.07275	0.01484	0.05815	0.04131	0.03269	0.13831	0.09082	0.04513	0.03510	0.01658	0.01267	0.00694	0.00586	0.00182	0.00675	0.00537	0.00482	0.18641
43	0.04478	0.16048	0.04518	0.01461	0.01915	0.20201	0.01231	0.18992	0.04935	0.02456	0.01295	0.01474	0.01047	0.00925	0.03124	0.02670	0.04948	0.00505	0.00439	0.07337
44	0.00940	0.00733	0.00837	0.00825	0.01017	0.00662	0.00611	0.04041	0.01709	0.02218	0.26280	0.16819	0.37526	0.01654	0.00813	0.00232	0.00365	0.01423	0.00674	0.00621

[dist]
# distance from previous block
# <min> <max>
8	10

[block]
# block no. 8 follows, 31 sequences, length 45
# corresponding to MSA columns:
# 444-458,476-505
name=unknown_I
#
# <colnr> <probs for GDERKNQSTAVLIFYWHMCP>
#	G	D	E	R	K	N	Q	S	T	A	V	L	I	F	Y	W	H	M	C	P
0	0.21790	0.01767	0.01646	0.01452	0.05125	0.13835	0.01102	0.13356	0.04487	0.02662	0.01229	0.01414	0.00983	0.00714	0.00719	0.00189	0.07886	0.00481	0.00446	0.18718
1	0.01702	0.01470	0.01547	0.01392	0.01779	0.01702	0.01083	0.03635	0.70453	0.02862	0.02785	0.02553	0.02088	0.00928	0.00696	0.00232	0.00541	0.00773	0.00696	0.01083
2	0.09488	0.04218	0.01875	0.09967	0.06423	0.03696	0.01277	0.25584	0.16154	0.09364	0.01801	0.01866	0.01326	0.00918	0.02844	0.00239	0.00740	0.00620	0.00580	0.01019
3	0.01994	0.04685	0.17388	0.05180	0.15346	0.01629	0.01648	0.19413	0.04132	0.12420	0.01606	0.01743	0.01175	0.00861	0.03054	0.00232	0.00818	0.00588	0.00499	0.05589
4	0.01640	0.04565	0.05111	0.08596	0.25901	0.11613	0.05492	0.02044	0.04651	0.01981	0.01724	0.04211	0.05914	0.00945	0.02500	0.00240	0.10920	0.00689	0.00375	0.00890
5	0.00834	0.00595	0.00794	0.00953	0.00992	0.00556	0.00635	0.00953	0.01310	0.01746	0.03771	0.75510	0.04525	0.02143	0.00873	0.00278	0.00397	0.01945	0.00635	0.00556
6	0.05194	0.11459	0.04195	0.19668	0.18545	0.01744	0.11944	0.04646	0.01489	0.02095	0.01264	0.01688	0.01025	0.00847	0.03495	0.00245	0.05913	0.00599	0.03061	0.00884
7	0.01792	0.01731	0.02403	0.11319	0.36624	0.11048	0.06047	0.04072	0.06713	0.04548	0.01436	0.01782	0.01153	0.00851	0.02802	0.02815	0.00894	0.00618	0.00390	0.00964
8	0.00977	0.00733	0.01100	0.01100	0.01222	0.00855	0.00855	0.01222	0.01100	0.01588	0.01833	0.02688	0.01710	0.05131	0.73245	0.01100	0.01833	0.00733	0.00367	0.00611
9	0.00977	0.00685	0.00842	0.00842	0.00893	0.00712	0.00546	0.01058	0.01063	0.01436	0.02394	0.04117	0.07029	0.50837	0.22990	0.00757	0.00971	0.00952	0.00416	0.00481
10	0.09052	0.12594	0.02325	0.04278	0.02202	0.06085	0.07593	0.36534	0.02377	0.05758	0.01433	0.01538	0.01063	0.00727	0.00628	0.00196	0.00787	0.00562	0.00537	0.03732
11	0.04537	0.05792	0.04336	0.01866	0.07199	0.01710	0.15240	0.11019	0.26718	0.02704	0.01854	0.01938	0.01411	0.00734	0.00669	0.00205	0.00733	0.00662	0.00520	0.10153
12	0.00832	0.00601	0.00788	0.00938	0.00989	0.00557	0.00629	0.00954	0.01324	0.01752	0.03946	0.71689	0.08233	0.02121	0.00870	0.00275	0.00394	0.01917	0.00635	0.00557
13	0.02031	0.07134	0.04921	0.01628	0.06930	0.01745	0.03519	0.32997	0.05994	0.03172	0.01489	0.01594	0.01131	0.00695	0.00621	0.00176	0.00701	0.00551	0.00530	0.22442
14	0.01047	0.03898	0.01375	0.01178	0.01388	0.00911	0.07965	0.01273	0.01369	0.01831	0.06405	0.24722	0.14958	0.04889	0.15348	0.00428	0.03265	0.03411	0.00514	0.03826
15	0.07124	0.08357	0.07104	0.04155	0.17968	0.11585	0.01456	0.15072	0.01826	0.02494	0.01275	0.01566	0.01042	0.03107	0.00745	0.00202	0.02901	0.00529	0.00414	0.11078
16	0.01589	0.05961	0.06904	0.09393	0.02312	0.01267	0.16430	0.04616	0.01628	0.13515	0.02939	0.13549	0.14747	0.01094	0.00746	0.00227	0.00721	0.00997	0.00526	0.00839
17	0.00814	0.00670	0.00717	0.00754	0.00940	0.00572	0.00547	0.00975	0.01501	0.01824	0.06186	0.22825	0.55651	0.01829	0.00824	0.00242	0.00358	0.01562	0.00635	0.00572
18	0.01557	0.01389	0.02330	0.38408	0.25069	0.01528	0.06238	0.04662	0.01554	0.05440	0.01568	0.01993	0.03857	0.00709	0.00695	0.00219	0.00852	0.00659	0.00372	0.00900
19	0.03981	0.17398	0.10166	0.15519	0.20649	0.01847	0.04437	0.06625	0.01581	0.06386	0.01284	0.01582	0.01009	0.00676	0.00694	0.00204	0.04083	0.00553	0.00372	0.00953
20	0.00846	0.00604	0.00808	0.00967	0.01012	0.00566	0.00656	0.00974	0.01322	0.01760	0.03764	0.72410	0.04498	0.02132	0.00877	0.00280	0.00408	0.04923	0.00635	0.00559
21	0.01312	0.00879	0.02704	0.01094	0.01293	0.00894	0.00862	0.03819	0.01308	0.11115	0.02213	0.05621	0.04304	0.11428	0.46979	0.00824	0.01383	0.00815	0.00464	0.00689
22	0.03616	0.17116	0.17798	0.07046	0.20641	0.08231	0.04240	0.09495	0.01696	0.02259	0.01217	0.01475	0.00966	0.00649	0.00619	0.00195	0.00883	0.00526	0.00358	0.00975
23	0.00895	0.00707	0.00903	0.00931	0.01090	0.00639	0.02897	0.01085	0.01490	0.01905	0.10687	0.29994	0.30954	0.04429	0.00939	0.00270	0.00430	0.08541	0.00627	0.00587
24	0.00977	0.00733	0.01100	0.01100	0.01222	0.00855	0.00855	0.01222	0.01100	0.01588	0.01833	0.02688	0.01710	0.05131	0.73245	0.01100	0.01833	0.00733	0.00367	0.00611
25	0.01517	0.02058	0.25088	0.14578	0.26686	0.01457	0.01996	0.02035	0.01527	0.06011	0.04438	0.02167	0.04149	0.00760	0.00688	0.00217	0.00838	0.02447	0.00381	0.00960
26	0.01415	0.10776	0.04660	0.03667	0.03933	0.04147	0.01071	0.05723	0.04651	0.04523	0.02448	0.21433	0.04770	0.01724	0.07952	0.03215	0.03540	0.06851	0.00500	0.03000
27	0.01829	0.76368	0.03585	0.01171	0.01756	0.02707	0.01171	0.02049	0.01390	0.01610	0.00951	0.01097	0.00878	0.00585	0.00439	0.00146	0.00732	0.00366	0.00293	0.00878
28	0.00963	0.00656	0.00781	0.00811	0.00827	0.00657	0.00488	0.01003	0.01062	0.01425	0.02437	0.17755	0.02816	0.56898	0.08039	0.00622	0.00698	0.01155	0.00453	0.00455
29	0.01464	0.01614	0.09738	0.29477	0.35064	0.01524	0.01971	0.01910	0.01441	0.01996	0.01303	0.01847	0.01068	0.03516	0.03052	0.00258	0.00897	0.00616	0.00324	0.00918
