[name]
unknown

[dist]
# distance from previous block
# <min> <max>
0	23

[block]
# block no. 0 follows, 39 sequences, length 24
# corresponding to MSA columns:
# 23-46
name=unknown_A
#
# <colnr> <probs for GDERKNQSTAVLIFYWHMCP>
#	G	D	E	R	K	N	Q	S	T	A	V	L	I	F	Y	W	H	M	C	P
0	0.01183	0.00962	0.01097	0.01028	0.01269	0.01051	0.00805	0.02190	0.39722	0.02350	0.28116	0.03542	0.03333	0.01049	0.00662	0.00204	0.00411	0.09659	0.00612	0.00754
1	0.00845	0.00603	0.00813	0.00819	0.00878	0.00659	0.00574	0.00965	0.00922	0.01286	0.01775	0.06434	0.01865	0.35050	0.43061	0.00763	0.01112	0.00774	0.00344	0.00456
2	0.01038	0.00628	0.00807	0.00813	0.00965	0.00567	0.00598	0.01213	0.01382	0.12696	0.19731	0.35575	0.15825	0.01475	0.00712	0.00214	0.00353	0.04228	0.00599	0.00581
3	0.01595	0.01513	0.02057	0.02700	0.46112	0.07767	0.01499	0.09580	0.11911	0.02146	0.01302	0.01517	0.01047	0.00599	0.00607	0.00175	0.02384	0.00527	0.00371	0.04591
4	0.02057	0.01753	0.01640	0.01331	0.01742	0.14726	0.01069	0.47549	0.13069	0.03051	0.01685	0.01668	0.04455	0.00742	0.00588	0.00178	0.00680	0.00559	0.00541	0.00917
5	0.01013	0.00514	0.00767	0.00773	0.00774	0.00512	0.00515	0.00773	0.00787	0.01050	0.01131	0.05367	0.01161	0.02045	0.02239	0.78969	0.00506	0.00568	0.00270	0.00267
6	0.01251	0.15575	0.64202	0.01575	0.02389	0.01532	0.01993	0.01856	0.01241	0.01794	0.01022	0.01199	0.00751	0.00553	0.00532	0.00177	0.00834	0.00417	0.00250	0.00855
7	0.01325	0.29981	0.50448	0.01449	0.02193	0.01714	0.01772	0.01837	0.01232	0.01703	0.00977	0.01143	0.00753	0.00542	0.00498	0.00166	0.00789	0.00394	0.00251	0.00834
8	0.00860	0.00573	0.00645	0.00645	0.00645	0.00573	0.00358	0.00860	0.00860	0.01147	0.01863	0.03870	0.02150	0.79217	0.03010	0.00573	0.00573	0.00860	0.00358	0.00358
9	0.01186	0.03059	0.76153	0.01686	0.02560	0.01373	0.02185	0.01873	0.01249	0.01873	0.01061	0.01249	0.00749	0.00562	0.00562	0.00187	0.00874	0.00437	0.00250	0.00874
10	0.01179	0.01105	0.01738	0.05927	0.45993	0.01082	0.01327	0.01461	0.01340	0.01795	0.02826	0.02956	0.27091	0.00871	0.00626	0.00185	0.00565	0.00781	0.00382	0.00770
11	0.09638	0.01115	0.03286	0.01132	0.03995	0.01008	0.00911	0.09109	0.01693	0.53080	0.04783	0.01923	0.01469	0.00719	0.00571	0.00181	0.00513	0.00575	0.03364	0.00936
12	0.05323	0.00996	0.01333	0.01031	0.01473	0.00873	0.00849	0.02775	0.01669	0.70601	0.05105	0.02070	0.01595	0.00744	0.00591	0.00183	0.00493	0.00604	0.00716	0.00977
13	0.01212	0.02876	0.67080	0.01786	0.02626	0.01389	0.11074	0.01876	0.01267	0.01876	0.01078	0.01292	0.00768	0.00554	0.00579	0.00189	0.00889	0.00470	0.00256	0.00864
14	0.01631	0.01643	0.01631	0.26437	0.06792	0.25829	0.01298	0.06776	0.04216	0.05201	0.01432	0.02140	0.01233	0.00760	0.00604	0.00190	0.00806	0.10290	0.00374	0.00717
15	0.00801	0.00578	0.00775	0.00904	0.00984	0.00552	0.00685	0.00966	0.01225	0.01606	0.03370	0.49273	0.07800	0.01755	0.00773	0.00249	0.00412	0.26240	0.00547	0.00504
16	0.00834	0.00623	0.00927	0.00939	0.01038	0.00716	0.00722	0.01035	0.00967	0.01385	0.01735	0.09219	0.01698	0.04203	0.70013	0.00886	0.01472	0.00728	0.00338	0.00524
17	0.00779	0.00562	0.00749	0.00879	0.00948	0.00533	0.00647	0.00928	0.01203	0.01581	0.03383	0.56179	0.07866	0.01776	0.00767	0.00246	0.00392	0.19535	0.00548	0.00498
18	0.01686	0.01507	0.09236	0.09071	0.08723	0.01296	0.35448	0.02109	0.01437	0.21239	0.01461	0.01661	0.01025	0.00576	0.00639	0.00192	0.00813	0.00617	0.00404	0.00858
19	0.03672	0.35447	0.02271	0.01269	0.01644	0.31919	0.01079	0.03705	0.01415	0.04238	0.00924	0.01077	0.00791	0.00609	0.00594	0.00153	0.07783	0.00376	0.00302	0.00732
20	0.01226	0.01051	0.01226	0.00876	0.01401	0.00788	0.00701	0.01489	0.01226	0.01927	0.01051	0.01226	0.00876	0.00438	0.00438	0.00088	0.00438	0.00350	0.00350	0.82832
21	0.03656	0.02984	0.08092	0.01307	0.05833	0.01016	0.06961	0.10788	0.01500	0.03688	0.02564	0.10060	0.10868	0.01107	0.00661	0.00210	0.00565	0.20482	0.06971	0.00686
22	0.01689	0.01747	0.02182	0.07024	0.40835	0.21110	0.07226	0.02035	0.03602	0.05223	0.01158	0.01424	0.00929	0.00568	0.00582	0.00174	0.00810	0.00510	0.00324	0.00847
23	0.01535	0.00836	0.00966	0.00845	0.01109	0.00833	0.00660	0.03799	0.15078	0.20901	0.10365	0.02605	0.06088	0.02341	0.00596	0.00179	0.00386	0.00685	0.29449	0.00743

[dist]
# distance from previous block
# <min> <max>
0	14

[block]
# block no. 1 follows, 39 sequences, length 21
# corresponding to MSA columns:
# 61-81
name=unknown_B
#
# <colnr> <probs for GDERKNQSTAVLIFYWHMCP>
#	G	D	E	R	K	N	Q	S	T	A	V	L	I	F	Y	W	H	M	C	P
0	0.01117	0.01051	0.01774	0.77795	0.04073	0.01314	0.01642	0.01511	0.01182	0.01511	0.01051	0.01577	0.00788	0.00591	0.00591	0.00197	0.00788	0.00526	0.00263	0.00657
1	0.00843	0.00621	0.00897	0.00902	0.00990	0.00706	0.00678	0.01020	0.00944	0.01345	0.01682	0.05200	0.01660	0.15130	0.63581	0.00871	0.01395	0.00703	0.00331	0.00502
2	0.01713	0.01389	0.01507	0.05248	0.01769	0.01585	0.01036	0.26692	0.46580	0.02844	0.02005	0.01910	0.01484	0.00760	0.00598	0.00193	0.00546	0.00615	0.00581	0.00945
3	0.00923	0.00665	0.00913	0.01030	0.01166	0.00655	0.00885	0.01183	0.01373	0.01790	0.07969	0.09114	0.07501	0.01607	0.00800	0.00262	0.00507	0.60564	0.00552	0.00541
4	0.01464	0.01405	0.02400	0.03630	0.75528	0.01405	0.01815	0.01815	0.01347	0.01932	0.01112	0.01464	0.00937	0.00527	0.00585	0.00176	0.00703	0.00527	0.00293	0.00937
5	0.00845	0.00634	0.00950	0.00950	0.01056	0.00739	0.00739	0.01056	0.00950	0.01373	0.01584	0.02323	0.01478	0.04435	0.76873	0.00950	0.01584	0.00634	0.00317	0.00528
6	0.01406	0.01017	0.01086	0.00962	0.01219	0.03996	0.00746	0.12578	0.18851	0.07239	0.20743	0.06969	0.04402	0.00935	0.00599	0.00181	0.00428	0.00784	0.15119	0.00741
7	0.01294	0.01294	0.01811	0.01553	0.01553	0.01811	0.01294	0.01423	0.00906	0.01423	0.00776	0.01294	0.00776	0.01035	0.01941	0.00259	0.78134	0.00518	0.00259	0.00647
8	0.02042	0.01881	0.02024	0.01725	0.07735	0.18668	0.11043	0.40295	0.04091	0.02790	0.01277	0.01388	0.00951	0.00647	0.00593	0.00175	0.00791	0.00524	0.00464	0.00898
9	0.01449	0.05488	0.02540	0.06090	0.60623	0.01461	0.10084	0.01811	0.01339	0.01884	0.01105	0.01456	0.00917	0.00525	0.00588	0.00177	0.00736	0.00536	0.00290	0.00901
10	0.51952	0.01545	0.01359	0.04174	0.01617	0.17328	0.08252	0.01922	0.03526	0.02269	0.00940	0.01112	0.00735	0.00566	0.00452	0.00179	0.00655	0.00391	0.00350	0.00676
11	0.01158	0.00861	0.01241	0.01262	0.08457	0.00893	0.04298	0.01407	0.02972	0.09393	0.16628	0.18200	0.11465	0.01298	0.03859	0.00236	0.11043	0.00973	0.03707	0.00649
12	0.00748	0.00545	0.00687	0.00765	0.00835	0.00503	0.00520	0.00876	0.01221	0.01623	0.14664	0.50625	0.13699	0.08659	0.00941	0.00256	0.00348	0.01454	0.00548	0.00484
13	0.01084	0.00809	0.00880	0.00889	0.02979	0.05222	0.00637	0.06882	0.01439	0.02036	0.18232	0.18174	0.08354	0.01385	0.06017	0.02206	0.00478	0.00936	0.20779	0.00580
14	0.00738	0.00531	0.00699	0.00803	0.00860	0.00493	0.00547	0.00869	0.01223	0.01645	0.14400	0.64872	0.06642	0.01742	0.00744	0.00230	0.00332	0.01572	0.00565	0.00493
15	0.01464	0.01405	0.02400	0.03630	0.75528	0.01405	0.01815	0.01815	0.01347	0.01932	0.01112	0.01464	0.00937	0.00527	0.00585	0.00176	0.00703	0.00527	0.00293	0.00937
16	0.00818	0.00597	0.00778	0.00875	0.00977	0.00567	0.00676	0.00999	0.01277	0.01668	0.09057	0.32706	0.14034	0.05072	0.00864	0.00257	0.00416	0.27304	0.00547	0.00507
17	0.01471	0.01270	0.01337	0.01203	0.01538	0.01471	0.00936	0.03142	0.74459	0.02474	0.02407	0.02206	0.01805	0.00802	0.00602	0.00201	0.00468	0.00669	0.00602	0.00936
18	0.01644	0.71832	0.02955	0.01063	0.01549	0.09854	0.01025	0.01830	0.01249	0.01397	0.00831	0.00961	0.00759	0.00516	0.00395	0.00129	0.00676	0.00323	0.00258	0.00752
19	0.01992	0.29359	0.02168	0.01347	0.01721	0.51081	0.01097	0.02157	0.01512	0.01428	0.00882	0.01026	0.00761	0.00574	0.00480	0.00143	0.00916	0.00359	0.00287	0.00711
20	0.01162	0.00903	0.01389	0.12830	0.11028	0.00904	0.06482	0.03617	0.01526	0.06815	0.33211	0.03145	0.08658	0.00926	0.00644	0.00186	0.00491	0.00832	0.04575	0.00676

[dist]
# distance from previous block
# <min> <max>
0	10

[block]
# block no. 2 follows, 39 sequences, length 29
# corresponding to MSA columns:
# 92-120
name=unknown_C
#
# <colnr> <probs for GDERKNQSTAVLIFYWHMCP>
#	G	D	E	R	K	N	Q	S	T	A	V	L	I	F	Y	W	H	M	C	P
0	0.01317	0.04109	0.01901	0.05547	0.35009	0.01217	0.06067	0.01804	0.10028	0.04005	0.18704	0.02350	0.03884	0.00747	0.00616	0.00182	0.00582	0.00693	0.00428	0.00812
1	0.01102	0.00551	0.00551	0.00551	0.00689	0.00551	0.00413	0.01378	0.01240	0.02205	0.01929	0.02205	0.01516	0.00689	0.00413	0.00138	0.00276	0.00551	0.82500	0.00551
2	0.00757	0.00555	0.00709	0.00771	0.00856	0.00514	0.00538	0.00913	0.01292	0.01737	0.22827	0.45055	0.13426	0.04035	0.02930	0.00250	0.00362	0.01407	0.00564	0.00501
3	0.01365	0.01546	0.03361	0.02416	0.02988	0.01449	0.70040	0.01845	0.01384	0.01877	0.01291	0.05137	0.01036	0.00561	0.00701	0.00201	0.00967	0.00743	0.00311	0.00783
4	0.00848	0.00619	0.00877	0.00877	0.00958	0.00700	0.00648	0.01009	0.00929	0.01319	0.01651	0.02693	0.01639	0.22325	0.59203	0.00860	0.01342	0.00688	0.00327	0.00487
5	0.01450	0.01402	0.02426	0.05902	0.70255	0.01406	0.04811	0.01809	0.01343	0.01917	0.01114	0.01473	0.00930	0.00528	0.00590	0.00177	0.00718	0.00534	0.00292	0.00922
6	0.01655	0.01229	0.01343	0.01180	0.01533	0.01377	0.00926	0.03102	0.63151	0.13890	0.02395	0.02176	0.01752	0.00791	0.00601	0.00198	0.00473	0.00657	0.00622	0.00947
7	0.01234	0.12311	0.67319	0.01604	0.02434	0.01490	0.02043	0.01860	0.01243	0.01815	0.01032	0.01212	0.00750	0.00555	0.00540	0.00180	0.00845	0.00422	0.00250	0.00860
8	0.01015	0.01009	0.00851	0.00815	0.01013	0.14675	0.00609	0.01197	0.01485	0.01765	0.22669	0.06925	0.41271	0.01271	0.00670	0.00189	0.00438	0.01056	0.00530	0.00548
9	0.01540	0.00972	0.01648	0.01352	0.01684	0.00896	0.18613	0.01826	0.01457	0.24752	0.07855	0.15967	0.02437	0.01081	0.00699	0.00215	0.00589	0.15125	0.00551	0.00740
10	0.01443	0.01456	0.02696	0.01936	0.02501	0.01343	0.46027	0.09594	0.01501	0.02103	0.01182	0.01477	0.00903	0.00505	0.00617	0.00167	0.00809	0.00587	0.00345	0.22807
11	0.01550	0.73633	0.08770	0.01064	0.01599	0.02265	0.01103	0.01779	0.01205	0.01429	0.00841	0.00972	0.00758	0.00510	0.00394	0.00131	0.00651	0.00326	0.00253	0.00768
12	0.00768	0.00555	0.00723	0.00794	0.00872	0.00516	0.00558	0.00930	0.01306	0.01768	0.24454	0.47102	0.08483	0.04053	0.00808	0.00234	0.00338	0.04661	0.00573	0.00503
13	0.01341	0.01280	0.02179	0.29835	0.50280	0.01373	0.01754	0.01708	0.01289	0.01783	0.01091	0.01504	0.00884	0.00550	0.00588	0.00183	0.00733	0.00526	0.00282	0.00838
14	0.01410	0.01350	0.02303	0.15118	0.64459	0.01391	0.01788	0.01768	0.01321	0.01867	0.01103	0.01481	0.00914	0.00537	0.00586	0.00179	0.00716	0.00527	0.00288	0.00893
15	0.00761	0.00615	0.00685	0.00706	0.00888	0.00539	0.00555	0.00947	0.01384	0.01710	0.12600	0.05744	0.54593	0.01493	0.00721	0.00212	0.00343	0.14430	0.00559	0.00514
16	0.01287	0.22626	0.57471	0.01513	0.02293	0.01621	0.01885	0.01847	0.01237	0.01750	0.01000	0.01172	0.00752	0.00548	0.00515	0.00172	0.00812	0.00406	0.00251	0.00845
17	0.01485	0.01457	0.02344	0.06326	0.69457	0.04861	0.01778	0.01829	0.01355	0.01894	0.01101	0.01450	0.00923	0.00533	0.00583	0.00175	0.00722	0.00520	0.00292	0.00915
18	0.00850	0.00576	0.00653	0.00662	0.00677	0.00570	0.00387	0.00869	0.00909	0.01201	0.02163	0.06534	0.06053	0.70278	0.02749	0.00534	0.00551	0.03029	0.00380	0.00375
19	0.01157	0.00972	0.00988	0.00898	0.01165	0.03062	0.00698	0.11970	0.18761	0.02128	0.05903	0.06048	0.39897	0.01201	0.00660	0.00198	0.00418	0.02630	0.00563	0.00682
20	0.29798	0.01805	0.01426	0.01271	0.03968	0.25312	0.00972	0.19297	0.04445	0.04930	0.01115	0.01203	0.00847	0.00622	0.00497	0.00172	0.00706	0.00419	0.00419	0.00775
21	0.02146	0.02717	0.01635	0.01488	0.01785	0.73338	0.01116	0.02304	0.01676	0.01490	0.04328	0.01220	0.00983	0.00637	0.00541	0.00154	0.01030	0.00413	0.00321	0.00680
22	0.00730	0.00522	0.00695	0.00817	0.00860	0.00487	0.00550	0.00848	0.01177	0.01581	0.09198	0.72690	0.04049	0.01800	0.00750	0.00236	0.00338	0.01631	0.00557	0.00487
23	0.00890	0.00649	0.00870	0.00973	0.01109	0.00629	0.00819	0.01131	0.01365	0.01773	0.09428	0.12890	0.12913	0.01601	0.00786	0.00253	0.00473	0.50360	0.00554	0.00534
24	0.14044	0.01267	0.01666	0.46294	0.05811	0.09625	0.04779	0.01624	0.01201	0.01686	0.01008	0.01435	0.00788	0.00670	0.00660	0.05262	0.00757	0.00485	0.00286	0.00650
25	0.01251	0.01242	0.01840	0.01563	0.01621	0.01650	0.07181	0.01416	0.00982	0.01484	0.01075	0.06337	0.01104	0.01069	0.01712	0.00253	0.63302	0.03980	0.00294	0.00644
26	0.00934	0.00667	0.00931	0.01067	0.01195	0.00664	0.00920	0.01192	0.01342	0.01748	0.03142	0.12626	0.03445	0.01652	0.00812	0.00270	0.00528	0.65782	0.00545	0.00539
27	0.02361	0.00998	0.01315	0.01040	0.01455	0.00905	0.00848	0.02748	0.09421	0.61386	0.09025	0.02254	0.01878	0.00783	0.00605	0.00185	0.00479	0.00646	0.00711	0.00958
28	0.02248	0.01656	0.01775	0.01361	0.01834	0.01834	0.01124	0.73556	0.02780	0.03727	0.01420	0.01420	0.01006	0.00710	0.00592	0.00177	0.00651	0.00532	0.00592	0.01006

[dist]
# distance from previous block
# <min> <max>
0	4

# created by:
# /home/cegg/simao/soft/augustus-3.2.1/scripts/msa2prfl.pl ./align_prep/EOG090W0NJU.fa
