[name]
unknown

[dist]
# distance from previous block
# <min> <max>
0	3

[block]
# block no. 0 follows, 30 sequences, length 7
# corresponding to MSA columns:
# 3-9
name=unknown_A
#
# <colnr> <probs for GDERKNQSTAVLIFYWHMCP>
#	G	D	E	R	K	N	Q	S	T	A	V	L	I	F	Y	W	H	M	C	P
0	0.01291	0.17711	0.01695	0.01265	0.01524	0.01244	0.01140	0.01591	0.01564	0.01988	0.03081	0.06351	0.03313	0.01628	0.00848	0.00283	0.00666	0.51553	0.00565	0.00700
1	0.02642	0.02263	0.02068	0.01649	0.02163	0.18040	0.01331	0.53933	0.02987	0.03792	0.01541	0.01582	0.01122	0.00811	0.00683	0.00203	0.00878	0.00588	0.00622	0.01102
2	0.02043	0.59247	0.03305	0.01287	0.01875	0.02627	0.01224	0.17109	0.01837	0.02262	0.01129	0.01245	0.00961	0.00651	0.00504	0.00163	0.00751	0.00431	0.00388	0.00961
3	0.01918	0.61680	0.08939	0.01305	0.01932	0.02602	0.01320	0.09703	0.01635	0.02001	0.01073	0.01211	0.00928	0.00630	0.00494	0.00162	0.00772	0.00414	0.00344	0.00940
4	0.01471	0.14715	0.61382	0.01867	0.02831	0.01796	0.02366	0.02191	0.01465	0.02123	0.01209	0.01419	0.00886	0.00653	0.00630	0.00210	0.00988	0.00494	0.00295	0.01010
5	0.01628	0.37540	0.28127	0.01663	0.02406	0.02128	0.09347	0.02110	0.01493	0.01974	0.04733	0.01546	0.01204	0.00663	0.00588	0.00189	0.00876	0.00522	0.00328	0.00937
6	0.01308	0.01084	0.01078	0.00995	0.01265	0.06576	0.00753	0.09025	0.01830	0.04658	0.13381	0.16259	0.32540	0.01513	0.00787	0.00227	0.00494	0.01276	0.00643	0.04308

[dist]
# distance from previous block
# <min> <max>
4	7

[block]
# block no. 1 follows, 30 sequences, length 20
# corresponding to MSA columns:
# 17-36
name=unknown_B
#
# <colnr> <probs for GDERKNQSTAVLIFYWHMCP>
#	G	D	E	R	K	N	Q	S	T	A	V	L	I	F	Y	W	H	M	C	P
0	0.01600	0.01521	0.02555	0.23137	0.49192	0.01589	0.02014	0.02023	0.01528	0.02143	0.01289	0.01748	0.01054	0.00637	0.00683	0.00209	0.00840	0.00610	0.00339	0.05289
1	0.05134	0.01551	0.01750	0.01734	0.09029	0.03645	0.03248	0.03334	0.54103	0.02781	0.02617	0.02496	0.03663	0.00904	0.00700	0.00231	0.00614	0.00763	0.00638	0.01063
2	0.00875	0.00685	0.00793	0.00816	0.00986	0.00603	0.00593	0.01080	0.01634	0.02108	0.23574	0.22605	0.37610	0.01775	0.00840	0.00243	0.00359	0.01538	0.00681	0.00603
3	0.01473	0.01448	0.02035	0.01760	0.01773	0.02009	0.01460	0.01636	0.01074	0.01673	0.01012	0.01650	0.01000	0.01627	0.09417	0.00388	0.66879	0.00625	0.00312	0.00749
4	0.00997	0.00748	0.01121	0.01121	0.01246	0.00872	0.00872	0.01246	0.01121	0.01620	0.01869	0.02741	0.01745	0.05234	0.72710	0.01121	0.01869	0.00748	0.00374	0.00623
5	0.75685	0.01340	0.01062	0.00937	0.01376	0.01532	0.00772	0.02134	0.01237	0.07313	0.01080	0.01209	0.00815	0.00661	0.00448	0.00216	0.00543	0.00398	0.00458	0.00782
6	0.02653	0.01955	0.02094	0.01606	0.02164	0.02164	0.01326	0.68796	0.03281	0.04398	0.01675	0.01675	0.01187	0.00838	0.00698	0.00209	0.00768	0.00628	0.00698	0.01187
7	0.00850	0.00607	0.00810	0.00972	0.01012	0.00567	0.00648	0.00972	0.01336	0.01781	0.03846	0.75020	0.04615	0.02186	0.00891	0.00283	0.00405	0.01984	0.00648	0.00567
8	0.01400	0.03610	0.71860	0.01989	0.03020	0.01621	0.02578	0.02210	0.01473	0.02210	0.01252	0.01473	0.00884	0.00663	0.00663	0.00221	0.01031	0.00516	0.00295	0.01031
9	0.01461	0.13137	0.62871	0.01884	0.02858	0.01771	0.02396	0.02194	0.01466	0.02135	0.01215	0.01427	0.00885	0.00654	0.00635	0.00212	0.00994	0.00497	0.00295	0.01013
10	0.02186	0.01587	0.02394	0.01829	0.02369	0.01607	0.20659	0.15715	0.17778	0.19430	0.05361	0.02282	0.01749	0.00824	0.00744	0.00225	0.00774	0.00769	0.00644	0.01072
11	0.01411	0.09057	0.59841	0.01860	0.02776	0.01634	0.02333	0.02129	0.01481	0.02154	0.01459	0.02045	0.01178	0.00776	0.00674	0.00225	0.00972	0.06683	0.00328	0.00984
12	0.01386	0.01525	0.08743	0.56724	0.14506	0.01573	0.02028	0.01876	0.01431	0.01897	0.01252	0.01804	0.00952	0.00683	0.00693	0.00228	0.00925	0.00611	0.00314	0.00848
13	0.02331	0.01629	0.03956	0.01907	0.13324	0.10397	0.04198	0.05441	0.07381	0.28886	0.03583	0.02258	0.01605	0.00957	0.00865	0.06494	0.00756	0.02421	0.00603	0.01007
14	0.01355	0.01284	0.02133	0.64678	0.07848	0.01602	0.01916	0.01792	0.01379	0.01799	0.01218	0.01828	0.00938	0.00735	0.00823	0.00237	0.06713	0.00619	0.00311	0.00791
15	0.01046	0.00916	0.01563	0.01383	0.01605	0.00850	0.15957	0.01303	0.01508	0.02023	0.12155	0.44266	0.09190	0.01696	0.00862	0.00261	0.00565	0.01590	0.00597	0.00665
16	0.02432	0.07336	0.01874	0.01594	0.08270	0.07522	0.01182	0.08835	0.05195	0.33875	0.04073	0.06123	0.01931	0.00965	0.00706	0.00218	0.00687	0.05470	0.00675	0.01037
17	0.02477	0.01581	0.07733	0.07282	0.05033	0.01462	0.01371	0.12848	0.06140	0.36516	0.02119	0.02061	0.01435	0.00858	0.00847	0.00226	0.07590	0.00662	0.00664	0.01094
18	0.11027	0.06795	0.05997	0.01486	0.07192	0.01390	0.01161	0.11652	0.03657	0.24278	0.05436	0.12888	0.02050	0.01010	0.00683	0.00221	0.00627	0.00833	0.00635	0.00982
19	0.03648	0.11093	0.04249	0.04974	0.04883	0.01423	0.01153	0.11475	0.05094	0.19488	0.09262	0.09510	0.04696	0.01073	0.00710	0.00222	0.00628	0.04847	0.00629	0.00942

[dist]
# distance from previous block
# <min> <max>
5	60

[block]
# block no. 2 follows, 30 sequences, length 94
# corresponding to MSA columns:
# 97-190
name=unknown_C
#
# <colnr> <probs for GDERKNQSTAVLIFYWHMCP>
#	G	D	E	R	K	N	Q	S	T	A	V	L	I	F	Y	W	H	M	C	P
0	0.13381	0.01588	0.03507	0.01378	0.01924	0.04563	0.05434	0.16793	0.04808	0.17656	0.03491	0.01816	0.01356	0.00737	0.00628	0.00190	0.00676	0.00585	0.00586	0.18904
1	0.13254	0.01435	0.01579	0.01399	0.04665	0.01543	0.01064	0.21420	0.17140	0.13153	0.06403	0.04499	0.05252	0.03152	0.00766	0.00235	0.00606	0.00766	0.00664	0.01004
2	0.06802	0.03752	0.01828	0.07067	0.07001	0.04412	0.03677	0.11012	0.05257	0.25038	0.02310	0.07219	0.03474	0.00959	0.00704	0.00222	0.00690	0.04632	0.00626	0.03318
3	0.07519	0.07252	0.13917	0.01438	0.01951	0.10301	0.01322	0.08342	0.13837	0.13134	0.02208	0.08590	0.03864	0.00959	0.00677	0.00220	0.00744	0.02207	0.00559	0.00961
4	0.06968	0.06831	0.01495	0.01143	0.01495	0.01278	0.00905	0.11579	0.06635	0.13986	0.05322	0.15389	0.08823	0.05994	0.00937	0.00250	0.02931	0.00967	0.00617	0.06456
5	0.39681	0.01172	0.01148	0.01035	0.01386	0.01267	0.00816	0.07558	0.01495	0.08822	0.03894	0.16080	0.01896	0.01352	0.06082	0.00293	0.00631	0.00799	0.00540	0.04052
6	0.02443	0.07782	0.02318	0.01781	0.02244	0.38001	0.10917	0.07723	0.01992	0.13176	0.04021	0.01695	0.01287	0.00750	0.00668	0.00195	0.01032	0.00582	0.00476	0.00918
7	0.01442	0.01499	0.01430	0.01265	0.01541	0.18405	0.06005	0.03531	0.01801	0.02153	0.20420	0.07226	0.25116	0.01308	0.00831	0.00222	0.03436	0.01087	0.00573	0.00709
8	0.01714	0.01719	0.02196	0.04885	0.13058	0.11262	0.06300	0.07590	0.01540	0.02058	0.01399	0.07244	0.01313	0.01296	0.06005	0.00309	0.28154	0.00721	0.00387	0.00849
9	0.01161	0.00987	0.01221	0.01073	0.01386	0.00946	0.06481	0.01761	0.15911	0.04144	0.09891	0.05220	0.44232	0.01447	0.00797	0.00234	0.00470	0.01238	0.00650	0.00748
10	0.02194	0.14338	0.02177	0.01444	0.01937	0.02051	0.01212	0.40586	0.09512	0.03397	0.01949	0.05176	0.04176	0.00912	0.00725	0.00207	0.03454	0.00690	0.00604	0.03259
11	0.02242	0.29632	0.02522	0.01432	0.01937	0.25289	0.01210	0.09077	0.04668	0.07367	0.01312	0.01405	0.01052	0.00689	0.00568	0.00170	0.00877	0.00469	0.00428	0.07656
12	0.01554	0.27570	0.49253	0.01725	0.02613	0.01999	0.02119	0.02170	0.01455	0.02022	0.01159	0.01356	0.00888	0.00641	0.00592	0.00197	0.00937	0.00468	0.00296	0.00986
13	0.00998	0.00745	0.01108	0.01108	0.01228	0.00865	0.00856	0.01238	0.01118	0.01610	0.01881	0.02809	0.01774	0.07845	0.70140	0.01105	0.01825	0.00758	0.00376	0.00616
14	0.01082	0.00754	0.00985	0.01083	0.01182	0.00754	0.00854	0.01280	0.01379	0.01805	0.03119	0.06600	0.03447	0.30232	0.01960	0.00458	0.00656	0.41253	0.00558	0.00558
15	0.01738	0.35471	0.36280	0.01580	0.02381	0.02081	0.01846	0.02247	0.01489	0.07238	0.01241	0.01385	0.00953	0.00649	0.00571	0.00189	0.00872	0.00467	0.00340	0.00983
16	0.00847	0.00619	0.00797	0.00940	0.01004	0.00569	0.00634	0.00975	0.01366	0.01794	0.04229	0.66899	0.12489	0.02136	0.00883	0.00278	0.00399	0.01923	0.00648	0.00569
17	0.01435	0.09109	0.66671	0.01928	0.02927	0.01707	0.02473	0.02201	0.01469	0.02167	0.01231	0.01446	0.00885	0.00658	0.00647	0.00216	0.01010	0.00505	0.00295	0.01021
18	0.04115	0.30540	0.19479	0.01507	0.02134	0.11981	0.01527	0.05083	0.08259	0.04725	0.01423	0.01665	0.01157	0.00730	0.00587	0.00192	0.00854	0.02695	0.00399	0.00947
19	0.01635	0.13244	0.54839	0.01819	0.02730	0.04354	0.02230	0.02303	0.01523	0.07226	0.01318	0.01484	0.00948	0.00671	0.00635	0.00209	0.00969	0.00508	0.00339	0.01016
20	0.01061	0.00771	0.01035	0.01127	0.01296	0.00746	0.00950	0.01369	0.01695	0.02242	0.20501	0.07102	0.11418	0.01788	0.00915	0.00288	0.00536	0.43846	0.00674	0.00641
21	0.02454	0.02213	0.14896	0.01628	0.02253	0.06082	0.01507	0.40503	0.05197	0.13633	0.01764	0.01751	0.01229	0.00806	0.00688	0.00212	0.00812	0.00614	0.00628	0.01133
22	0.01658	0.01588	0.02708	0.15983	0.59961	0.01640	0.02107	0.02081	0.01556	0.02196	0.01300	0.01750	0.01076	0.00635	0.00692	0.00212	0.00846	0.00621	0.00339	0.01050
23	0.01813	0.67728	0.11363	0.01284	0.01930	0.02632	0.01350	0.02103	0.01424	0.01706	0.01002	0.01159	0.00894	0.00604	0.00472	0.00157	0.00778	0.00389	0.00298	0.00911
24	0.01586	0.01507	0.02529	0.28245	0.45541	0.01624	0.02032	0.02077	0.04102	0.02132	0.01345	0.01806	0.01083	0.00660	0.00694	0.00217	0.00854	0.00628	0.00347	0.00991
25	0.01880	0.01512	0.05014	0.02173	0.07480	0.01345	0.30763	0.02330	0.01776	0.19486	0.13160	0.02794	0.02258	0.00859	0.00785	0.00229	0.00840	0.03800	0.00558	0.00957
26	0.03038	0.01168	0.01583	0.01220	0.01748	0.01008	0.01006	0.03304	0.01981	0.68802	0.02927	0.02550	0.04507	0.00900	0.00707	0.00217	0.00584	0.00733	0.00855	0.01164
27	0.00850	0.00607	0.00810	0.00972	0.01012	0.00567	0.00648	0.00972	0.01336	0.01781	0.03846	0.75020	0.04615	0.02186	0.00891	0.00283	0.00405	0.01984	0.00648	0.00567
28	0.00850	0.00607	0.00810	0.00972	0.01012	0.00567	0.00648	0.00972	0.01336	0.01781	0.03846	0.75020	0.04615	0.02186	0.00891	0.00283	0.00405	0.01984	0.00648	0.00567
29	0.01430	0.06635	0.66639	0.02032	0.05242	0.01671	0.02505	0.02203	0.01475	0.02188	0.01242	0.01467	0.00892	0.00659	0.00655	0.00217	0.01012	0.00513	0.00297	0.01028
30	0.01400	0.03610	0.71860	0.01989	0.03020	0.01621	0.02578	0.02210	0.01473	0.02210	0.01252	0.01473	0.00884	0.00663	0.00663	0.00221	0.01031	0.00516	0.00295	0.01031
31	0.01015	0.00677	0.00761	0.00761	0.00761	0.00677	0.00423	0.01015	0.01015	0.01353	0.02199	0.04567	0.02537	0.75476	0.03552	0.00677	0.00677	0.01015	0.00423	0.00423
32	0.01400	0.03610	0.71860	0.01989	0.03020	0.01621	0.02578	0.02210	0.01473	0.02210	0.01252	0.01473	0.00884	0.00663	0.00663	0.00221	0.01031	0.00516	0.00295	0.01031
33	0.01318	0.01240	0.02093	0.73798	0.04806	0.01550	0.01938	0.01783	0.01395	0.01783	0.01240	0.01860	0.00930	0.00698	0.00698	0.00233	0.00930	0.00620	0.00310	0.00775
34	0.01460	0.01385	0.02350	0.49651	0.27843	0.01588	0.02009	0.01908	0.01463	0.01956	0.01265	0.01814	0.00991	0.00671	0.00695	0.00224	0.00895	0.00621	0.00322	0.00890
35	0.01707	0.01661	0.02723	0.12074	0.61530	0.03796	0.02095	0.02121	0.01579	0.02206	0.01297	0.01728	0.01079	0.00633	0.00690	0.00209	0.00853	0.00616	0.00342	0.01059
36	0.01622	0.01550	0.02642	0.22193	0.54037	0.01630	0.02089	0.02049	0.01539	0.02152	0.01294	0.01761	0.01060	0.00641	0.00693	0.00214	0.00855	0.00621	0.00336	0.01020
37	0.03131	0.01188	0.01619	0.01242	0.01781	0.01026	0.01026	0.03401	0.01997	0.71606	0.02753	0.02375	0.01727	0.00864	0.00702	0.00216	0.00594	0.00702	0.00864	0.01188
38	0.01318	0.01240	0.02093	0.73798	0.04806	0.01550	0.01938	0.01783	0.01395	0.01783	0.01240	0.01860	0.00930	0.00698	0.00698	0.00233	0.00930	0.00620	0.00310	0.00775
39	0.01631	0.01782	0.03743	0.02777	0.05428	0.01687	0.58621	0.04893	0.01689	0.02292	0.01605	0.07433	0.01336	0.00721	0.00819	0.00237	0.01090	0.00898	0.00389	0.00928
40	0.00834	0.00700	0.00724	0.00733	0.00952	0.00590	0.00544	0.01013	0.01589	0.01917	0.09561	0.11551	0.63342	0.01783	0.00829	0.00238	0.00356	0.01500	0.00653	0.00590
41	0.02418	0.03011	0.02005	0.01804	0.02100	0.60334	0.01380	0.02593	0.01819	0.01703	0.01050	0.01305	0.00902	0.00807	0.00920	0.00202	0.14019	0.00478	0.00350	0.00801
42	0.00988	0.00713	0.00933	0.00878	0.01043	0.00658	0.00658	0.01317	0.01975	0.02798	0.70754	0.05213	0.06584	0.01427	0.00823	0.00219	0.00329	0.01262	0.00768	0.00658
43	0.02608	0.01928	0.02070	0.01584	0.02145	0.02118	0.01308	0.66284	0.03212	0.04318	0.01659	0.01667	0.01181	0.00826	0.00691	0.00205	0.00758	0.00620	0.00687	0.04130
44	0.01736	0.01499	0.01578	0.01420	0.01815	0.01736	0.01105	0.03708	0.69862	0.02919	0.02840	0.02604	0.02130	0.00947	0.00710	0.00237	0.00552	0.00789	0.00710	0.01105
45	0.01866	0.75896	0.03657	0.01194	0.01791	0.02761	0.01194	0.02090	0.01418	0.01642	0.00970	0.01119	0.00896	0.00597	0.00448	0.00149	0.00746	0.00373	0.00299	0.00896
46	0.01866	0.75896	0.03657	0.01194	0.01791	0.02761	0.01194	0.02090	0.01418	0.01642	0.00970	0.01119	0.00896	0.00597	0.00448	0.00149	0.00746	0.00373	0.00299	0.00896
47	0.11416	0.09613	0.06149	0.01414	0.01971	0.04830	0.01237	0.28163	0.04580	0.21201	0.01791	0.01739	0.01249	0.00786	0.00638	0.00206	0.00724	0.00583	0.00631	0.01079
48	0.01408	0.03552	0.69587	0.02021	0.03041	0.01625	0.04793	0.02211	0.01479	0.02211	0.01258	0.01487	0.00890	0.00660	0.00668	0.00221	0.01036	0.00526	0.00297	0.01028
49	0.00942	0.00712	0.00869	0.00830	0.01014	0.00639	0.00622	0.01228	0.01867	0.02541	0.52791	0.05637	0.24708	0.01523	0.00824	0.00224	0.00336	0.01321	0.00734	0.00639
50	0.01680	0.01610	0.02748	0.12242	0.63530	0.01646	0.02118	0.02101	0.01567	0.02223	0.01304	0.01742	0.01085	0.00630	0.00692	0.00210	0.00841	0.00622	0.00341	0.01068
51	0.01795	0.01657	0.02466	0.26529	0.32002	0.06350	0.04737	0.09417	0.01752	0.04624	0.01365	0.01763	0.01062	0.00683	0.00696	0.00215	0.00891	0.00622	0.00391	0.00982
52	0.02577	0.02949	0.01932	0.01721	0.02091	0.58521	0.01309	0.07494	0.02033	0.07220	0.01316	0.03292	0.01079	0.00789	0.00688	0.00190	0.02986	0.00525	0.00428	0.00857
53	0.00850	0.00607	0.00810	0.00972	0.01012	0.00567	0.00648	0.00972	0.01336	0.01781	0.03846	0.75020	0.04615	0.02186	0.00891	0.00283	0.00405	0.01984	0.00648	0.00567
54	0.01318	0.01240	0.02093	0.73798	0.04806	0.01550	0.01938	0.01783	0.01395	0.01783	0.01240	0.01860	0.00930	0.00698	0.00698	0.00233	0.00930	0.00620	0.00310	0.00775
55	0.01841	0.01686	0.03350	0.02617	0.08243	0.01646	0.44664	0.02316	0.01623	0.12615	0.01578	0.01944	0.01175	0.00863	0.03602	0.00270	0.07810	0.00767	0.00426	0.00963
56	0.00850	0.00607	0.00810	0.00972	0.01012	0.00567	0.00648	0.00972	0.01336	0.01781	0.03846	0.75020	0.04615	0.02186	0.00891	0.00283	0.00405	0.01984	0.00648	0.00567
57	0.43242	0.04043	0.03584	0.01329	0.01752	0.31707	0.01071	0.02368	0.01536	0.02465	0.01025	0.01196	0.00823	0.00677	0.00523	0.00199	0.00864	0.00412	0.00394	0.00790
58	0.01400	0.03610	0.71860	0.01989	0.03020	0.01621	0.02578	0.02210	0.01473	0.02210	0.01252	0.01473	0.00884	0.00663	0.00663	0.00221	0.01031	0.00516	0.00295	0.01031
59	0.01447	0.01240	0.01447	0.01034	0.01654	0.00930	0.00827	0.01757	0.01447	0.02274	0.01240	0.01447	0.01034	0.00517	0.00517	0.00103	0.00517	0.00413	0.00413	0.79742
60	0.00841	0.00708	0.00729	0.00724	0.00952	0.00596	0.00543	0.01033	0.01629	0.01976	0.13380	0.06567	0.64472	0.01734	0.00825	0.00234	0.00351	0.01452	0.00660	0.00596
61	0.01287	0.00653	0.00663	0.00661	0.00823	0.00651	0.00496	0.01612	0.01487	0.02611	0.05366	0.02719	0.02005	0.00841	0.00503	0.00165	0.00325	0.00678	0.75804	0.00651
62	0.00900	0.00655	0.00915	0.01022	0.01091	0.00670	0.00724	0.01064	0.01263	0.01727	0.03178	0.50582	0.03645	0.03217	0.25174	0.00567	0.00900	0.01566	0.00555	0.00586
63	0.01015	0.00677	0.00761	0.00761	0.00761	0.00677	0.00423	0.01015	0.01015	0.01353	0.02199	0.04567	0.02537	0.75476	0.03552	0.00677	0.00677	0.01015	0.00423	0.00423
64	0.80405	0.01350	0.01026	0.00918	0.01350	0.01565	0.00756	0.02051	0.01188	0.03131	0.00972	0.01134	0.00756	0.00648	0.00432	0.00216	0.00540	0.00378	0.00432	0.00756
65	0.01400	0.03610	0.71860	0.01989	0.03020	0.01621	0.02578	0.02210	0.01473	0.02210	0.01252	0.01473	0.00884	0.00663	0.00663	0.00221	0.01031	0.00516	0.00295	0.01031
66	0.80405	0.01350	0.01026	0.00918	0.01350	0.01565	0.00756	0.02051	0.01188	0.03131	0.00972	0.01134	0.00756	0.00648	0.00432	0.00216	0.00540	0.00378	0.00432	0.00756
67	0.01447	0.01240	0.01447	0.01034	0.01654	0.00930	0.00827	0.01757	0.01447	0.02274	0.01240	0.01447	0.01034	0.00517	0.00517	0.00103	0.00517	0.00413	0.00413	0.79742
68	0.03033	0.01163	0.01585	0.01230	0.01748	0.01006	0.01009	0.03297	0.01969	0.68620	0.02800	0.05481	0.01851	0.00920	0.00710	0.00219	0.00586	0.00757	0.00854	0.01161
69	0.01658	0.43639	0.34091	0.01549	0.02340	0.02252	0.01812	0.02143	0.01443	0.01895	0.01096	0.01277	0.00890	0.00626	0.00544	0.00181	0.00873	0.00437	0.00297	0.00956
70	0.01318	0.01240	0.02093	0.73798	0.04806	0.01550	0.01938	0.01783	0.01395	0.01783	0.01240	0.01860	0.00930	0.00698	0.00698	0.00233	0.00930	0.00620	0.00310	0.00775
71	0.01318	0.01240	0.02093	0.73798	0.04806	0.01550	0.01938	0.01783	0.01395	0.01783	0.01240	0.01860	0.00930	0.00698	0.00698	0.00233	0.00930	0.00620	0.00310	0.00775
72	0.01737	0.01484	0.01608	0.15555	0.02272	0.08308	0.01191	0.18248	0.11602	0.04398	0.07656	0.08412	0.12396	0.01100	0.00736	0.00225	0.00691	0.00910	0.00588	0.00883
73	0.01318	0.01240	0.02093	0.73798	0.04806	0.01550	0.01938	0.01783	0.01395	0.01783	0.01240	0.01860	0.00930	0.00698	0.00698	0.00233	0.00930	0.00620	0.00310	0.00775
74	0.00850	0.00607	0.00810	0.00972	0.01012	0.00567	0.00648	0.00972	0.01336	0.01781	0.03846	0.75020	0.04615	0.02186	0.00891	0.00283	0.00405	0.01984	0.00648	0.00567
75	0.01458	0.01383	0.02346	0.50041	0.27471	0.01587	0.02008	0.01906	0.01462	0.01953	0.01265	0.01815	0.00990	0.00672	0.00695	0.00224	0.00896	0.00621	0.00322	0.00888
76	0.01514	0.21328	0.55142	0.01794	0.02719	0.01900	0.02239	0.02180	0.01460	0.02071	0.01183	0.01387	0.00887	0.00647	0.00610	0.00203	0.00961	0.00481	0.00296	0.00998
77	0.00862	0.00615	0.00805	0.00949	0.01003	0.00570	0.00637	0.00972	0.01340	0.01768	0.04000	0.66938	0.09675	0.02162	0.00954	0.03255	0.00408	0.01892	0.00635	0.00559
78	0.00853	0.00615	0.00809	0.00957	0.01010	0.00571	0.00643	0.00984	0.01368	0.01819	0.06148	0.69688	0.07667	0.02143	0.00886	0.00279	0.00400	0.01937	0.00652	0.00571
79	0.02970	0.01446	0.01780	0.01364	0.01910	0.01410	0.01127	0.25464	0.02430	0.48931	0.02389	0.02139	0.01545	0.00855	0.00701	0.00214	0.00653	0.00677	0.00808	0.01187
80	0.04751	0.01519	0.01806	0.12291	0.04614	0.03325	0.01305	0.30400	0.04482	0.10701	0.01925	0.02423	0.01518	0.01214	0.05869	0.00287	0.00824	0.06252	0.03505	0.00990
81	0.00855	0.00621	0.00808	0.00946	0.01008	0.00573	0.00639	0.00992	0.01389	0.01841	0.07517	0.66104	0.09903	0.02115	0.00882	0.00276	0.00397	0.01907	0.00654	0.00573
82	0.80405	0.01350	0.01026	0.00918	0.01350	0.01565	0.00756	0.02051	0.01188	0.03131	0.00972	0.01134	0.00756	0.00648	0.00432	0.00216	0.00540	0.00378	0.00432	0.00756
83	0.01457	0.12487	0.63484	0.01891	0.02869	0.01761	0.02408	0.02195	0.01466	0.02140	0.01218	0.01430	0.00885	0.00655	0.00637	0.00212	0.00996	0.00498	0.00295	0.01015
84	0.02116	0.44949	0.03018	0.01626	0.07193	0.22358	0.01318	0.06647	0.01710	0.01889	0.01073	0.01241	0.00931	0.00649	0.00534	0.00166	0.00898	0.00430	0.00345	0.00906
85	0.09010	0.01200	0.01574	0.01217	0.01749	0.01067	0.01005	0.03298	0.01936	0.66396	0.02618	0.02281	0.01653	0.00847	0.00681	0.00216	0.00590	0.00677	0.00831	0.01155
86	0.00833	0.00700	0.00724	0.00734	0.00952	0.00590	0.00544	0.01012	0.01587	0.01915	0.09462	0.11850	0.63140	0.01785	0.00830	0.00239	0.00356	0.01503	0.00653	0.00590
87	0.01615	0.01570	0.02419	0.05012	0.38729	0.03893	0.06782	0.02047	0.04290	0.02194	0.01784	0.02099	0.06570	0.00756	0.00800	0.00205	0.06043	0.00674	0.00391	0.12127
88	0.01751	0.01665	0.05361	0.13529	0.40926	0.01613	0.12482	0.02257	0.03901	0.07495	0.01477	0.01840	0.01147	0.00658	0.00713	0.00217	0.00878	0.00661	0.00391	0.01036
89	0.01842	0.01551	0.02555	0.11582	0.52683	0.01577	0.01945	0.02316	0.04694	0.10147	0.01537	0.01855	0.01203	0.00672	0.00694	0.00212	0.00801	0.00638	0.00417	0.01078
90	0.01601	0.07356	0.10368	0.02380	0.12515	0.01772	0.21759	0.06306	0.01563	0.02178	0.01541	0.09864	0.01413	0.00919	0.01042	0.00240	0.15079	0.00803	0.00388	0.00911
91	0.07130	0.16473	0.24968	0.01458	0.02097	0.06196	0.01528	0.04445	0.05808	0.05169	0.08312	0.01896	0.01610	0.00903	0.03028	0.00226	0.00819	0.00577	0.00431	0.06925
92	0.01618	0.10421	0.50128	0.02073	0.07297	0.01703	0.07202	0.02286	0.01528	0.07439	0.01354	0.01553	0.00977	0.00663	0.00658	0.00214	0.00967	0.00545	0.00346	0.01028
93	0.04511	0.18925	0.49260	0.01952	0.07874	0.01867	0.02178	0.02173	0.01459	0.02128	0.01186	0.01404	0.00898	0.00645	0.00610	0.00204	0.00936	0.00488	0.00305	0.00997

[dist]
# distance from previous block
# <min> <max>
8	15

[block]
# block no. 3 follows, 30 sequences, length 128
# corresponding to MSA columns:
# 206-256,258-264,270-288,294-344
name=unknown_D
#
# <colnr> <probs for GDERKNQSTAVLIFYWHMCP>
#	G	D	E	R	K	N	Q	S	T	A	V	L	I	F	Y	W	H	M	C	P
0	0.01707	0.04056	0.10227	0.09752	0.02882	0.04744	0.24194	0.06208	0.13650	0.04408	0.01721	0.04325	0.01346	0.00747	0.00721	0.00218	0.00899	0.00725	0.00452	0.07015
1	0.01558	0.03403	0.57253	0.02064	0.02988	0.09495	0.09143	0.02276	0.01547	0.02157	0.01249	0.01491	0.00903	0.00662	0.00676	0.00218	0.01071	0.00540	0.00308	0.00998
2	0.10591	0.01784	0.04951	0.01566	0.02080	0.03336	0.06194	0.26025	0.26060	0.07129	0.02016	0.01978	0.01472	0.00828	0.00680	0.00222	0.00710	0.00667	0.00633	0.01079
3	0.01736	0.01499	0.01578	0.01420	0.01815	0.01736	0.01105	0.03708	0.69862	0.02919	0.02840	0.02604	0.02130	0.00947	0.00710	0.00237	0.00552	0.00789	0.00710	0.01105
4	0.01212	0.00606	0.00909	0.00909	0.00909	0.00606	0.00606	0.00909	0.00909	0.01212	0.01212	0.02121	0.01212	0.02424	0.02727	0.79697	0.00606	0.00606	0.00303	0.00303
5	0.00998	0.00742	0.01095	0.01095	0.01210	0.00858	0.00839	0.01229	0.01114	0.01600	0.01894	0.02876	0.01803	0.10422	0.67602	0.01089	0.01781	0.00767	0.00377	0.00608
6	0.01527	0.01527	0.02137	0.01832	0.01832	0.02137	0.01527	0.01679	0.01069	0.01679	0.00916	0.01527	0.00916	0.01221	0.02290	0.00305	0.74198	0.00611	0.00305	0.00763
7	0.01400	0.03610	0.71860	0.01989	0.03020	0.01621	0.02578	0.02210	0.01473	0.02210	0.01252	0.01473	0.00884	0.00663	0.00663	0.00221	0.01031	0.00516	0.00295	0.01031
8	0.74697	0.01338	0.01069	0.00942	0.01381	0.01526	0.00776	0.02151	0.01247	0.08189	0.01103	0.01225	0.00828	0.00664	0.00452	0.00216	0.00544	0.00402	0.00464	0.00788
9	0.01499	0.01271	0.01475	0.01058	0.01676	0.00984	0.00849	0.04670	0.01527	0.02366	0.01259	0.01457	0.01040	0.00531	0.00525	0.00108	0.00528	0.00423	0.00426	0.76328
10	0.01663	0.29469	0.36112	0.01576	0.02359	0.01927	0.01829	0.02181	0.01490	0.06235	0.01359	0.01707	0.01098	0.00706	0.00595	0.00194	0.00858	0.03652	0.00353	0.04636
11	0.02465	0.01736	0.05097	0.01491	0.02024	0.01764	0.01257	0.33630	0.20281	0.19405	0.02208	0.02070	0.01544	0.00864	0.00700	0.00219	0.00684	0.00682	0.00721	0.01158
12	0.00850	0.00607	0.00810	0.00972	0.01012	0.00567	0.00648	0.00972	0.01336	0.01781	0.03846	0.75020	0.04615	0.02186	0.00891	0.00283	0.00405	0.01984	0.00648	0.00567
13	0.01390	0.01421	0.04184	0.57669	0.07244	0.01591	0.12825	0.01882	0.01446	0.01887	0.01271	0.01849	0.00957	0.00676	0.00717	0.00232	0.00969	0.00651	0.00318	0.00822
14	0.01107	0.04514	0.04200	0.05389	0.01438	0.03863	0.00846	0.01475	0.05021	0.02266	0.29541	0.04944	0.30033	0.01389	0.00778	0.00222	0.00474	0.01174	0.00632	0.00694
15	0.03098	0.01240	0.01652	0.01266	0.01808	0.01103	0.01046	0.07872	0.02085	0.67010	0.02679	0.02327	0.01690	0.00862	0.00702	0.00215	0.00606	0.00697	0.00852	0.01188
16	0.01318	0.01240	0.02093	0.73798	0.04806	0.01550	0.01938	0.01783	0.01395	0.01783	0.01240	0.01860	0.00930	0.00698	0.00698	0.00233	0.00930	0.00620	0.00310	0.00775
17	0.01137	0.00851	0.01001	0.01020	0.01187	0.00842	0.00741	0.10438	0.03350	0.02182	0.04086	0.41093	0.18107	0.05147	0.02752	0.00301	0.00505	0.03952	0.00639	0.00668
18	0.01252	0.05200	0.01077	0.00926	0.00963	0.00738	0.00642	0.00981	0.00940	0.01238	0.01197	0.02060	0.01193	0.02313	0.02588	0.74843	0.00615	0.00592	0.00303	0.00339
19	0.00901	0.00786	0.00781	0.00806	0.01011	0.03140	0.00596	0.01072	0.01563	0.01868	0.06231	0.17764	0.55577	0.01804	0.00833	0.00244	0.00402	0.03390	0.00638	0.00595
20	0.03051	0.01248	0.01648	0.01271	0.01807	0.01124	0.01048	0.07614	0.04479	0.64859	0.02687	0.02338	0.01707	0.00865	0.00702	0.00216	0.00604	0.00700	0.00848	0.01185
21	0.01953	0.18636	0.07077	0.12455	0.02448	0.11842	0.04124	0.06755	0.06296	0.09487	0.04789	0.01808	0.01374	0.00796	0.00780	0.00208	0.07214	0.00592	0.00448	0.00918
22	0.00999	0.00739	0.01076	0.01076	0.01185	0.00848	0.00816	0.01217	0.01108	0.01587	0.01910	0.02970	0.01844	0.14028	0.64052	0.01066	0.01720	0.00781	0.00380	0.00598
23	0.02653	0.01955	0.02094	0.01606	0.02164	0.02164	0.01326	0.68796	0.03281	0.04398	0.01675	0.01675	0.01187	0.00838	0.00698	0.00209	0.00768	0.00628	0.00698	0.01187
24	0.00856	0.00612	0.00815	0.00968	0.01013	0.00571	0.00648	0.00986	0.01363	0.01824	0.06619	0.72127	0.04697	0.02155	0.00888	0.00281	0.00402	0.01954	0.00653	0.00571
25	0.01566	0.01248	0.01545	0.01291	0.06973	0.00982	0.00935	0.01882	0.01517	0.07050	0.04149	0.01684	0.01310	0.00585	0.00555	0.00124	0.00539	0.00483	0.00453	0.65131
26	0.01318	0.01240	0.02093	0.73798	0.04806	0.01550	0.01938	0.01783	0.01395	0.01783	0.01240	0.01860	0.00930	0.00698	0.00698	0.00233	0.00930	0.00620	0.00310	0.00775
27	0.03131	0.01188	0.01619	0.01242	0.01781	0.01026	0.01026	0.03401	0.01997	0.71606	0.02753	0.02375	0.01727	0.00864	0.00702	0.00216	0.00594	0.00702	0.00864	0.01188
28	0.01653	0.01597	0.02767	0.16232	0.56404	0.01645	0.05314	0.02084	0.01558	0.02192	0.01305	0.01758	0.01073	0.00633	0.00698	0.00213	0.00863	0.00631	0.00340	0.01040
29	0.01921	0.07890	0.11531	0.07427	0.13603	0.01471	0.10600	0.02389	0.04232	0.19597	0.01977	0.03957	0.03138	0.03875	0.00810	0.00234	0.00790	0.00713	0.02861	0.00984
30	0.01318	0.01240	0.02093	0.73798	0.04806	0.01550	0.01938	0.01783	0.01395	0.01783	0.01240	0.01860	0.00930	0.00698	0.00698	0.00233	0.00930	0.00620	0.00310	0.00775
31	0.00849	0.00612	0.00805	0.00959	0.01009	0.00568	0.00642	0.00973	0.01348	0.01786	0.04002	0.71723	0.07812	0.02166	0.00888	0.00281	0.00402	0.01959	0.00648	0.00568
32	0.03182	0.14701	0.46907	0.01836	0.05560	0.01744	0.02082	0.02301	0.04693	0.06425	0.03404	0.01638	0.01169	0.00698	0.00634	0.00209	0.00898	0.00541	0.00368	0.01009
33	0.01775	0.02236	0.22941	0.10274	0.26114	0.05437	0.06116	0.02283	0.01583	0.09649	0.01421	0.01713	0.01068	0.00694	0.00750	0.00219	0.03723	0.00602	0.00383	0.01019
34	0.03117	0.01210	0.01633	0.01252	0.01793	0.01059	0.01034	0.05318	0.02035	0.69635	0.02721	0.02355	0.01712	0.00863	0.00702	0.00216	0.00599	0.00700	0.00859	0.01188
35	0.01535	0.01346	0.02157	0.56154	0.11555	0.01606	0.01869	0.06985	0.01573	0.04565	0.01327	0.01841	0.00997	0.00721	0.00742	0.00230	0.02954	0.00624	0.00363	0.00857
36	0.01547	0.02550	0.36560	0.02287	0.12205	0.01575	0.11559	0.08675	0.01689	0.02400	0.01654	0.07873	0.01424	0.00849	0.00726	0.00230	0.00928	0.03886	0.00396	0.00988
37	0.01786	0.15259	0.26650	0.05377	0.05624	0.03814	0.11322	0.02289	0.01580	0.12181	0.01615	0.04632	0.01285	0.00769	0.00674	0.00214	0.00896	0.02646	0.00416	0.00972
38	0.01201	0.00814	0.01152	0.01275	0.05680	0.00773	0.02704	0.03656	0.01506	0.08064	0.06326	0.54570	0.03953	0.03670	0.00916	0.00276	0.00486	0.01649	0.00640	0.00688
39	0.01594	0.10056	0.31739	0.05403	0.13445	0.04001	0.09948	0.02224	0.04520	0.03896	0.03964	0.03379	0.01311	0.00723	0.00679	0.00214	0.00919	0.00633	0.00370	0.00983
40	0.01017	0.00846	0.01301	0.01204	0.01396	0.00793	0.09853	0.01319	0.03971	0.02120	0.18693	0.39502	0.11808	0.01711	0.00853	0.00256	0.00492	0.01568	0.00637	0.00659
41	0.01825	0.04096	0.01673	0.01181	0.01756	0.01243	0.00966	0.11861	0.01760	0.09996	0.01443	0.01572	0.01121	0.00635	0.00638	0.00142	0.03789	0.00483	0.00495	0.53323
42	0.21336	0.08137	0.09646	0.01375	0.01939	0.01822	0.01248	0.23951	0.10230	0.09078	0.01614	0.01637	0.01177	0.00757	0.00604	0.00208	0.00691	0.00552	0.00561	0.03438
43	0.02961	0.01297	0.01667	0.01296	0.01825	0.01208	0.01065	0.10461	0.07906	0.58537	0.02645	0.02319	0.01703	0.00868	0.00702	0.00217	0.00609	0.00701	0.00833	0.01180
44	0.01780	0.01447	0.01557	0.01374	0.01763	0.01638	0.01075	0.09412	0.54466	0.05052	0.10035	0.02792	0.02511	0.00986	0.00721	0.00232	0.00549	0.00823	0.00720	0.01067
45	0.01409	0.01325	0.02234	0.52663	0.21782	0.01539	0.01935	0.01855	0.01471	0.01955	0.04280	0.01972	0.01221	0.00710	0.00701	0.00225	0.00878	0.00648	0.00339	0.00855
46	0.02398	0.01351	0.01598	0.01335	0.01799	0.01399	0.01067	0.03562	0.37662	0.35510	0.02799	0.02495	0.01939	0.00907	0.00706	0.00227	0.00572	0.00748	0.00783	0.01144
47	0.25742	0.01292	0.01480	0.01174	0.01683	0.01268	0.00969	0.07835	0.01855	0.46575	0.02151	0.01960	0.01403	0.00798	0.00622	0.00215	0.00591	0.00601	0.00725	0.01061
48	0.01598	0.01336	0.02238	0.49456	0.14745	0.01543	0.04403	0.02026	0.01487	0.09384	0.01408	0.01882	0.01048	0.00721	0.00766	0.00230	0.03838	0.00637	0.00377	0.00877
49	0.01269	0.01105	0.01763	0.35103	0.12748	0.01238	0.01565	0.01632	0.01474	0.01921	0.02405	0.06537	0.07054	0.01189	0.00844	0.02690	0.00770	0.17504	0.00437	0.00752
50	0.01451	0.01523	0.02846	0.02129	0.02619	0.04782	0.40417	0.01925	0.01783	0.02416	0.26839	0.03074	0.03079	0.00902	0.00814	0.00227	0.00870	0.00966	0.00506	0.00831
51	0.01428	0.08020	0.67699	0.01940	0.02945	0.01690	0.02494	0.02203	0.01470	0.02175	0.01235	0.01452	0.00885	0.00659	0.00650	0.00217	0.01014	0.00507	0.00295	0.01023
52	0.01108	0.00735	0.00953	0.01027	0.01149	0.00698	0.00739	0.04348	0.01555	0.06283	0.09698	0.53084	0.06616	0.01940	0.00868	0.00272	0.00445	0.07161	0.00674	0.00649
53	0.01396	0.01467	0.02945	0.02249	0.02692	0.01437	0.42176	0.01805	0.01502	0.02049	0.02101	0.23891	0.02118	0.01126	0.00974	0.00256	0.07410	0.01154	0.00438	0.00813
54	0.01683	0.01613	0.02753	0.11760	0.63990	0.01646	0.02120	0.02103	0.01568	0.02226	0.01305	0.01741	0.01087	0.00630	0.00692	0.00210	0.00840	0.00622	0.00342	0.01070
55	0.01625	0.01554	0.02648	0.21630	0.54574	0.01631	0.02091	0.02052	0.01541	0.02156	0.01295	0.01760	0.01062	0.00641	0.00693	0.00214	0.00854	0.00621	0.00337	0.01023
56	0.01093	0.00700	0.00873	0.00926	0.01077	0.00625	0.00657	0.01253	0.01499	0.09356	0.06969	0.46203	0.22346	0.01903	0.00850	0.00261	0.00409	0.01682	0.00675	0.00643
57	0.01779	0.01800	0.03612	0.02626	0.03248	0.01765	0.53375	0.05426	0.04665	0.06557	0.01531	0.01907	0.01141	0.00680	0.00915	0.00238	0.06570	0.00790	0.00412	0.00961
58	0.02831	0.01509	0.01848	0.01425	0.01960	0.04338	0.04059	0.21899	0.02334	0.44178	0.02462	0.02253	0.03819	0.00868	0.00707	0.00214	0.00688	0.00701	0.00766	0.01141
59	0.01001	0.00808	0.00925	0.01042	0.01133	0.05003	0.00743	0.01169	0.01471	0.01906	0.09683	0.54408	0.06523	0.01986	0.00875	0.00274	0.00476	0.09331	0.00640	0.00599
60	0.04671	0.01570	0.01764	0.01435	0.01919	0.01683	0.01175	0.31903	0.17805	0.19619	0.02320	0.02491	0.01723	0.00943	0.00714	0.00226	0.00663	0.05534	0.00728	0.01116
61	0.01141	0.00934	0.01020	0.00863	0.01243	0.00765	0.00669	0.01440	0.04384	0.04146	0.04800	0.04640	0.42399	0.01285	0.00713	0.00191	0.00424	0.01064	0.00578	0.27302
62	0.01152	0.00995	0.01616	0.01426	0.01596	0.01109	0.10870	0.01394	0.01220	0.01720	0.02013	0.11527	0.02051	0.12343	0.33130	0.00700	0.11012	0.03060	0.00409	0.00657
63	0.01710	0.00959	0.01044	0.00913	0.01174	0.01004	0.00720	0.13657	0.01818	0.08997	0.02164	0.02380	0.01646	0.00836	0.00608	0.00181	0.03039	0.00650	0.55704	0.00797
64	0.02653	0.01955	0.02094	0.01606	0.02164	0.02164	0.01326	0.68796	0.03281	0.04398	0.01675	0.01675	0.01187	0.00838	0.00698	0.00209	0.00768	0.00628	0.00698	0.01187
65	0.01637	0.01954	0.06925	0.02902	0.03621	0.01759	0.65852	0.02234	0.01640	0.02234	0.01405	0.01865	0.01052	0.00591	0.00817	0.00235	0.01170	0.00811	0.00351	0.00945
66	0.00878	0.00709	0.00781	0.00763	0.00975	0.00612	0.00572	0.01104	0.01716	0.02183	0.27842	0.06225	0.49880	0.01656	0.00824	0.00230	0.00346	0.01404	0.00687	0.00612
67	0.80405	0.01350	0.01026	0.00918	0.01350	0.01565	0.00756	0.02051	0.01188	0.03131	0.00972	0.01134	0.00756	0.00648	0.00432	0.00216	0.00540	0.00378	0.00432	0.00756
68	0.01866	0.75896	0.03657	0.01194	0.01791	0.02761	0.01194	0.02090	0.01418	0.01642	0.00970	0.01119	0.00896	0.00597	0.00448	0.00149	0.00746	0.00373	0.00299	0.00896
69	0.01900	0.01559	0.01638	0.03025	0.01891	0.04200	0.01131	0.13125	0.48566	0.05909	0.07239	0.02572	0.02210	0.00947	0.00713	0.00228	0.00604	0.00778	0.00697	0.01072
70	0.01318	0.01240	0.02093	0.73798	0.04806	0.01550	0.01938	0.01783	0.01395	0.01783	0.01240	0.01860	0.00930	0.00698	0.00698	0.00233	0.00930	0.00620	0.00310	0.00775
71	0.01447	0.01240	0.01447	0.01034	0.01654	0.00930	0.00827	0.01757	0.01447	0.02274	0.01240	0.01447	0.01034	0.00517	0.00517	0.00103	0.00517	0.00413	0.00413	0.79742
72	0.00854	0.00699	0.00754	0.00760	0.00966	0.00598	0.00562	0.01051	0.01630	0.02027	0.17305	0.12881	0.53988	0.01750	0.00831	0.00237	0.00354	0.01486	0.00668	0.00598
73	0.02566	0.01878	0.02020	0.01573	0.02112	0.02078	0.01291	0.59290	0.10727	0.06477	0.01842	0.01803	0.01311	0.00851	0.00700	0.00213	0.00738	0.00649	0.00705	0.01178
74	0.12564	0.01120	0.01167	0.01071	0.01281	0.05966	0.00791	0.07209	0.01400	0.07153	0.01846	0.02894	0.01759	0.26563	0.23625	0.00641	0.01064	0.00749	0.00460	0.00678
75	0.01481	0.00735	0.00784	0.00736	0.00942	0.00725	0.00563	0.03685	0.01580	0.08442	0.04917	0.02656	0.01950	0.00841	0.00525	0.00171	0.00361	0.00677	0.67518	0.00711
76	0.02010	0.01682	0.02894	0.09906	0.03020	0.04386	0.33717	0.09338	0.04837	0.14962	0.01750	0.01986	0.01251	0.00706	0.00748	0.00224	0.00941	0.00736	0.03925	0.00983
77	0.01006	0.00678	0.00759	0.00759	0.00769	0.00673	0.00428	0.01014	0.01040	0.01376	0.02411	0.04660	0.05520	0.72256	0.03433	0.00657	0.00662	0.01035	0.00433	0.00430
78	0.02640	0.02324	0.02063	0.01657	0.02162	0.21165	0.01332	0.51007	0.02930	0.03673	0.01515	0.01563	0.01109	0.00806	0.00680	0.00201	0.00900	0.00580	0.00607	0.01085
79	0.01708	0.04045	0.13353	0.01387	0.02004	0.06833	0.01283	0.10957	0.01712	0.02448	0.01259	0.01464	0.01007	0.00651	0.00694	0.00158	0.05769	0.00475	0.00417	0.42377
80	0.02159	0.47177	0.02992	0.01433	0.01936	0.30428	0.01255	0.02365	0.01639	0.01668	0.01013	0.01174	0.00897	0.00645	0.00520	0.00161	0.00949	0.00403	0.00323	0.00861
81	0.02653	0.01955	0.02094	0.01606	0.02164	0.02164	0.01326	0.68796	0.03281	0.04398	0.01675	0.01675	0.01187	0.00838	0.00698	0.00209	0.00768	0.00628	0.00698	0.01187
82	0.01773	0.01870	0.09952	0.02983	0.35544	0.01727	0.06362	0.08632	0.18867	0.02623	0.01729	0.01926	0.01343	0.00725	0.00702	0.00218	0.00799	0.00667	0.00464	0.01093
83	0.00932	0.00680	0.00886	0.01001	0.01100	0.00648	0.00740	0.01114	0.01427	0.01874	0.06800	0.40620	0.12655	0.06444	0.04518	0.00347	0.00536	0.16469	0.00625	0.00585
84	0.00853	0.00613	0.00805	0.00957	0.01004	0.00570	0.00638	0.00974	0.01338	0.01776	0.03932	0.70802	0.07100	0.03842	0.00949	0.00291	0.00409	0.01942	0.00643	0.00564
85	0.01952	0.00917	0.01218	0.01091	0.01409	0.00814	0.00859	0.02186	0.01754	0.34551	0.09466	0.21184	0.10501	0.01432	0.00796	0.00245	0.00504	0.07486	0.00759	0.00875
86	0.01736	0.01499	0.01578	0.01420	0.01815	0.01736	0.01105	0.03708	0.69862	0.02919	0.02840	0.02604	0.02130	0.00947	0.00710	0.00237	0.00552	0.00789	0.00710	0.01105
87	0.11834	0.01512	0.01712	0.01334	0.01853	0.01560	0.01100	0.31208	0.02430	0.31809	0.02063	0.01941	0.01385	0.00825	0.00659	0.00211	0.00650	0.00630	0.04171	0.01114
88	0.05268	0.01906	0.02041	0.01569	0.02123	0.02102	0.01296	0.64163	0.03164	0.06825	0.01691	0.01683	0.01192	0.00832	0.00689	0.00210	0.00754	0.00623	0.00695	0.01172
89	0.01171	0.00606	0.00898	0.00916	0.00921	0.00602	0.00611	0.00916	0.00957	0.01276	0.01508	0.10321	0.01595	0.02397	0.02521	0.70764	0.00583	0.00761	0.00342	0.00333
90	0.02625	0.01941	0.02078	0.01600	0.02153	0.02151	0.01320	0.66801	0.05322	0.04353	0.01711	0.01704	0.01216	0.00841	0.00698	0.00210	0.00761	0.00633	0.00698	0.01184
91	0.71659	0.01418	0.01146	0.00995	0.01441	0.01633	0.00820	0.09559	0.01423	0.03273	0.01051	0.01195	0.00804	0.00669	0.00462	0.00215	0.00565	0.00406	0.00462	0.00804
92	0.00913	0.00679	0.00967	0.01059	0.01145	0.00637	0.03182	0.01086	0.01427	0.01915	0.09879	0.60793	0.04619	0.02038	0.00888	0.00279	0.00444	0.06808	0.00648	0.00595
93	0.01321	0.00690	0.00694	0.00686	0.00860	0.00701	0.00517	0.01723	0.04647	0.02616	0.02303	0.02602	0.01805	0.00819	0.00498	0.00166	0.00336	0.00657	0.75690	0.00672
94	0.01676	0.01600	0.02727	0.08413	0.64606	0.01624	0.02084	0.02088	0.01561	0.02226	0.01328	0.01771	0.01117	0.00789	0.03237	0.00241	0.00872	0.00626	0.00344	0.01068
95	0.00904	0.00668	0.00846	0.00891	0.01014	0.00609	0.00634	0.01122	0.01646	0.02227	0.32602	0.34893	0.15772	0.01800	0.00852	0.00249	0.00365	0.01599	0.00699	0.00609
96	0.01212	0.00606	0.00909	0.00909	0.00909	0.00606	0.00606	0.00909	0.00909	0.01212	0.01212	0.02121	0.01212	0.02424	0.02727	0.79697	0.00606	0.00606	0.00303	0.00303
97	0.02538	0.01897	0.02029	0.01582	0.02120	0.02110	0.01298	0.60622	0.11643	0.04212	0.01822	0.01792	0.01305	0.00851	0.00700	0.00213	0.00741	0.00648	0.00700	0.01176
98	0.00977	0.00713	0.00919	0.00867	0.01036	0.00654	0.00650	0.01297	0.01951	0.02741	0.66764	0.05307	0.10610	0.01448	0.00823	0.00220	0.00331	0.01275	0.00761	0.00654
99	0.01458	0.01250	0.01452	0.01048	0.01660	0.00961	0.00837	0.01832	0.04063	0.02299	0.01301	0.01491	0.01076	0.00533	0.00524	0.00108	0.00518	0.00428	0.00425	0.76735
100	0.06703	0.57973	0.06044	0.01416	0.05195	0.09216	0.01283	0.02161	0.01467	0.01793	0.01008	0.01177	0.00897	0.00616	0.00484	0.00162	0.00798	0.00398	0.00315	0.00894
101	0.01301	0.00650	0.00650	0.00650	0.00813	0.00650	0.00488	0.01626	0.01463	0.02602	0.02276	0.02602	0.01789	0.00813	0.00488	0.00163	0.00325	0.00650	0.79350	0.00650
102	0.03983	0.02279	0.21080	0.02014	0.11363	0.09601	0.04293	0.04645	0.23755	0.02520	0.06006	0.02089	0.01678	0.00804	0.00689	0.00220	0.00816	0.00668	0.00490	0.01010
103	0.00987	0.01036	0.08474	0.01201	0.01421	0.00772	0.05277	0.01221	0.01383	0.01882	0.03390	0.57149	0.05769	0.01833	0.00843	0.00264	0.00524	0.01667	0.00581	0.04325
104	0.01210	0.01053	0.03473	0.01807	0.17666	0.00956	0.03099	0.01537	0.03507	0.04209	0.16115	0.27397	0.12261	0.01456	0.00803	0.00241	0.00534	0.01314	0.00589	0.00771
105	0.01513	0.01585	0.03118	0.21687	0.12375	0.01630	0.35208	0.01997	0.01529	0.02069	0.01495	0.06694	0.01261	0.00753	0.00837	0.00237	0.03956	0.00812	0.00358	0.00886
106	0.01677	0.01438	0.01528	0.01378	0.01754	0.01652	0.01070	0.03521	0.64565	0.02910	0.08140	0.02807	0.02478	0.00984	0.00719	0.00235	0.00535	0.00826	0.00715	0.01070
107	0.00863	0.00617	0.00823	0.00971	0.01014	0.00586	0.00650	0.00986	0.01314	0.01758	0.03690	0.68942	0.04400	0.05027	0.04456	0.00338	0.00486	0.01889	0.00626	0.00564
108	0.01462	0.01392	0.02394	0.39337	0.29972	0.01542	0.05078	0.01892	0.01478	0.01995	0.01435	0.06274	0.01228	0.00754	0.00713	0.00226	0.00871	0.00714	0.00346	0.00897
109	0.80405	0.01350	0.01026	0.00918	0.01350	0.01565	0.00756	0.02051	0.01188	0.03131	0.00972	0.01134	0.00756	0.00648	0.00432	0.00216	0.00540	0.00378	0.00432	0.00756
110	0.01527	0.01527	0.02137	0.01832	0.01832	0.02137	0.01527	0.01679	0.01069	0.01679	0.00916	0.01527	0.00916	0.01221	0.02290	0.00305	0.74198	0.00611	0.00305	0.00763
111	0.02352	0.01791	0.04935	0.01740	0.05156	0.09631	0.08597	0.09901	0.20301	0.24791	0.02204	0.02118	0.01551	0.00818	0.00707	0.00219	0.00768	0.00691	0.00646	0.01085
112	0.06448	0.01128	0.01040	0.00932	0.01185	0.06301	0.00715	0.13825	0.01782	0.02806	0.01994	0.02381	0.01603	0.05938	0.00744	0.00211	0.00511	0.00640	0.49067	0.00750
113	0.02131	0.02574	0.01711	0.01584	0.01880	0.51780	0.01196	0.02328	0.01748	0.01693	0.01524	0.01854	0.04009	0.01888	0.18613	0.00417	0.01373	0.00566	0.00375	0.00754
114	0.01053	0.00729	0.00947	0.00883	0.01063	0.00668	0.00666	0.01374	0.01961	0.05061	0.65981	0.05177	0.08946	0.01421	0.00819	0.00220	0.00339	0.01252	0.00767	0.00673
115	0.53046	0.01505	0.01338	0.01118	0.01577	0.01710	0.00920	0.22568	0.01844	0.03498	0.01245	0.01364	0.00933	0.00713	0.00516	0.00212	0.00601	0.00467	0.03943	0.00884
116	0.22181	0.04466	0.01373	0.01056	0.01473	0.01311	0.00867	0.12406	0.01819	0.22720	0.01933	0.01959	0.01378	0.00780	0.00565	0.00198	0.00542	0.00580	0.21471	0.00923
117	0.01134	0.00761	0.00890	0.00829	0.01070	0.00662	0.00632	0.01378	0.01779	0.09727	0.30496	0.05685	0.39301	0.01542	0.00811	0.00227	0.00370	0.01311	0.00716	0.00679
