[name]
unknown

[dist]
# distance from previous block
# <min> <max>
2	26

[block]
# block no. 0 follows, 32 sequences, length 64
# corresponding to MSA columns:
# 26-89
name=unknown_A
#
# <colnr> <probs for GDERKNQSTAVLIFYWHMCP>
#	G	D	E	R	K	N	Q	S	T	A	V	L	I	F	Y	W	H	M	C	P
0	0.01183	0.00896	0.00950	0.00867	0.01108	0.00864	0.00644	0.12061	0.03765	0.03782	0.04822	0.07342	0.42445	0.14821	0.01236	0.00299	0.00471	0.01188	0.00599	0.00657
1	0.01565	0.01373	0.01898	0.09556	0.05032	0.01241	0.09144	0.10858	0.01649	0.02402	0.01270	0.01524	0.01008	0.00569	0.00581	0.00146	0.00660	0.00501	0.00414	0.48609
2	0.01189	0.00974	0.01563	0.01987	0.22784	0.01048	0.01190	0.01434	0.01199	0.01719	0.01584	0.02291	0.01449	0.03467	0.45823	0.07172	0.01396	0.00671	0.00346	0.00716
3	0.06760	0.01011	0.01484	0.25386	0.04856	0.01107	0.01336	0.01753	0.01489	0.09303	0.02433	0.04494	0.02357	0.01235	0.00774	0.00260	0.00703	0.32010	0.00512	0.00736
4	0.01661	0.01594	0.02724	0.04119	0.72233	0.01594	0.02059	0.02059	0.01528	0.02192	0.01262	0.01661	0.01063	0.00598	0.00664	0.00199	0.00797	0.00598	0.00332	0.01063
5	0.00976	0.00698	0.00815	0.00782	0.00971	0.00619	0.00577	0.01193	0.01642	0.05461	0.32050	0.07904	0.34553	0.07584	0.01001	0.00255	0.00368	0.01282	0.00661	0.00606
6	0.01429	0.00756	0.00954	0.00911	0.01088	0.00691	0.00645	0.01572	0.01419	0.19624	0.05948	0.27439	0.09638	0.20410	0.01434	0.00341	0.00491	0.01244	0.03298	0.00669
7	0.00841	0.00682	0.00746	0.00730	0.00936	0.00587	0.00547	0.01055	0.01642	0.02080	0.26626	0.06017	0.51966	0.01600	0.00793	0.00222	0.00333	0.01354	0.00658	0.00587
8	0.00959	0.00719	0.01078	0.01078	0.01198	0.00839	0.00839	0.01198	0.01078	0.01558	0.01797	0.02636	0.01677	0.05032	0.73760	0.01078	0.01797	0.00719	0.00359	0.00599
9	0.01554	0.00947	0.01146	0.01016	0.01301	0.00923	0.00792	0.06742	0.10359	0.16715	0.28325	0.08426	0.11692	0.01239	0.00741	0.00218	0.00439	0.02783	0.03832	0.00810
10	0.00823	0.00588	0.00783	0.00931	0.00974	0.00549	0.00623	0.00948	0.01309	0.01752	0.06416	0.73152	0.04513	0.02073	0.00854	0.00270	0.00386	0.01880	0.00627	0.00549
11	0.01669	0.01441	0.01517	0.01365	0.01745	0.01669	0.01062	0.03565	0.71021	0.02807	0.02731	0.02503	0.02048	0.00910	0.00683	0.00228	0.00531	0.00759	0.00683	0.01062
12	0.00976	0.00651	0.00732	0.00732	0.00732	0.00651	0.00407	0.00976	0.00976	0.01301	0.02114	0.04391	0.02439	0.76419	0.03415	0.00651	0.00651	0.00976	0.00407	0.00407
13	0.01086	0.00679	0.00885	0.00939	0.01073	0.00620	0.00677	0.01261	0.01478	0.09586	0.13050	0.46897	0.11890	0.01807	0.00825	0.00254	0.00407	0.05297	0.00661	0.00628
14	0.32048	0.01268	0.01334	0.01115	0.01564	0.01334	0.00906	0.02849	0.17140	0.30846	0.02023	0.01885	0.01397	0.00770	0.00579	0.00212	0.00543	0.00577	0.00641	0.00968
15	0.00959	0.00719	0.01078	0.01078	0.01198	0.00839	0.00839	0.01198	0.01078	0.01558	0.01797	0.02636	0.01677	0.05032	0.73760	0.01078	0.01797	0.00719	0.00359	0.00599
16	0.02556	0.01041	0.01367	0.01082	0.01535	0.00899	0.00883	0.02802	0.01832	0.57567	0.03337	0.03007	0.13681	0.00977	0.00686	0.00209	0.00520	0.00799	0.04200	0.01021
17	0.01070	0.00646	0.00969	0.00969	0.01024	0.00701	0.00701	0.01024	0.00969	0.01347	0.01458	0.02315	0.01402	0.03580	0.35502	0.43779	0.01144	0.00646	0.00323	0.00434
18	0.02320	0.01748	0.01873	0.01487	0.01975	0.01944	0.01210	0.55004	0.15635	0.03867	0.01900	0.04689	0.01438	0.00876	0.00681	0.00209	0.00686	0.00684	0.00671	0.01103
19	0.81159	0.01298	0.00986	0.00882	0.01298	0.01505	0.00727	0.01972	0.01142	0.03010	0.00934	0.01090	0.00727	0.00623	0.00415	0.00208	0.00519	0.00363	0.00415	0.00727
20	0.00949	0.00713	0.01034	0.01033	0.01156	0.00808	0.00795	0.01177	0.01127	0.01598	0.04230	0.03017	0.06274	0.07508	0.64216	0.00982	0.01616	0.00788	0.00389	0.00591
21	0.81159	0.01298	0.00986	0.00882	0.01298	0.01505	0.00727	0.01972	0.01142	0.03010	0.00934	0.01090	0.00727	0.00623	0.00415	0.00208	0.00519	0.00363	0.00415	0.00727
22	0.02615	0.01792	0.01896	0.01477	0.01993	0.06204	0.01210	0.49883	0.05006	0.18262	0.01828	0.01755	0.01262	0.00807	0.00668	0.00202	0.00726	0.00613	0.00685	0.01117
23	0.37892	0.04996	0.01562	0.01281	0.01702	0.23786	0.01023	0.14063	0.03787	0.02740	0.01136	0.01258	0.00885	0.00682	0.00526	0.00194	0.00777	0.00438	0.00441	0.00830
24	0.01003	0.00779	0.00937	0.00993	0.01155	0.00771	0.00749	0.01458	0.12193	0.02047	0.10656	0.31525	0.18048	0.01722	0.00823	0.00257	0.00434	0.13159	0.00642	0.00650
25	0.00813	0.00603	0.00758	0.00882	0.00960	0.00549	0.00600	0.00940	0.01335	0.01733	0.04331	0.61787	0.18224	0.02020	0.00843	0.00263	0.00379	0.01807	0.00623	0.00549
26	0.11551	0.01620	0.09571	0.08285	0.05111	0.01522	0.01293	0.17906	0.14257	0.11562	0.08863	0.02130	0.01782	0.00822	0.00651	0.00212	0.00657	0.00660	0.00576	0.00969
27	0.02305	0.02655	0.01949	0.01708	0.02013	0.48711	0.01328	0.12508	0.01914	0.02023	0.01092	0.01321	0.00909	0.00805	0.00934	0.00201	0.15928	0.00489	0.00384	0.00823
28	0.00815	0.00595	0.00767	0.00906	0.00966	0.00547	0.00610	0.00938	0.01312	0.01724	0.04046	0.68180	0.12014	0.02057	0.00849	0.00267	0.00384	0.01852	0.00623	0.00547
29	0.01331	0.01258	0.02128	0.63335	0.15594	0.01508	0.01895	0.01770	0.01372	0.01792	0.01204	0.01768	0.00922	0.00659	0.00670	0.00220	0.00879	0.00597	0.00304	0.00797
30	0.01767	0.72354	0.07745	0.01195	0.01794	0.02588	0.01229	0.02016	0.01367	0.01612	0.00949	0.01097	0.00860	0.00578	0.00443	0.00148	0.00734	0.00367	0.00287	0.00869
31	0.03010	0.01142	0.01557	0.01194	0.01713	0.00986	0.00986	0.03270	0.01920	0.72698	0.02647	0.02284	0.01661	0.00830	0.00675	0.00208	0.00571	0.00675	0.00830	0.01142
32	0.00915	0.00684	0.00848	0.00807	0.00981	0.00618	0.00605	0.01198	0.01816	0.02494	0.57269	0.05337	0.21064	0.01445	0.00792	0.00215	0.00322	0.01259	0.00713	0.00618
33	0.00849	0.00818	0.05972	0.00937	0.01095	0.00624	0.00727	0.01028	0.01360	0.01769	0.04346	0.52018	0.22213	0.01889	0.00824	0.00256	0.00420	0.01674	0.00598	0.00583
34	0.02784	0.01366	0.01679	0.01302	0.01816	0.01337	0.01071	0.21534	0.07453	0.48725	0.02370	0.02116	0.01548	0.00830	0.00674	0.00207	0.00614	0.00662	0.00776	0.01136
35	0.03010	0.01142	0.01557	0.01194	0.01713	0.00986	0.00986	0.03270	0.01920	0.72698	0.02647	0.02284	0.01661	0.00830	0.00675	0.00208	0.00571	0.00675	0.00830	0.01142
36	0.01346	0.03471	0.72942	0.01912	0.02904	0.01558	0.02479	0.02125	0.01417	0.02125	0.01204	0.01417	0.00850	0.00637	0.00637	0.00212	0.00992	0.00496	0.00283	0.00992
37	0.11372	0.01620	0.01683	0.01475	0.04994	0.08783	0.01130	0.19698	0.13938	0.18671	0.04866	0.01957	0.01545	0.00829	0.00717	0.00210	0.04272	0.00627	0.00616	0.00999
38	0.00900	0.00681	0.00813	0.00782	0.00951	0.00612	0.00576	0.01145	0.01710	0.02299	0.45269	0.05446	0.27794	0.06909	0.00982	0.00248	0.00348	0.01263	0.00676	0.00595
39	0.00976	0.00651	0.00732	0.00732	0.00732	0.00651	0.00407	0.00976	0.00976	0.01301	0.02114	0.04391	0.02439	0.76419	0.03415	0.00651	0.00651	0.00976	0.00407	0.00407
40	0.57080	0.03364	0.04723	0.01201	0.03963	0.01527	0.04591	0.05131	0.01344	0.02860	0.06143	0.01480	0.01191	0.00694	0.00535	0.00209	0.02277	0.00478	0.00431	0.00777
41	0.01889	0.67012	0.03301	0.01225	0.01769	0.12126	0.01168	0.02098	0.01435	0.01587	0.00947	0.01094	0.00862	0.00590	0.00454	0.00147	0.00783	0.00369	0.00295	0.00850
42	0.00939	0.00666	0.00832	0.00842	0.00938	0.00631	0.00587	0.01125	0.01496	0.02051	0.33832	0.15524	0.07741	0.23758	0.01587	0.00357	0.00446	0.05487	0.00610	0.00549
43	0.00924	0.00634	0.00773	0.00841	0.00866	0.00620	0.00532	0.00988	0.01129	0.01502	0.02799	0.31176	0.03277	0.43798	0.02297	0.00487	0.00551	0.05831	0.00501	0.00472
44	0.07634	0.01912	0.19168	0.09171	0.19264	0.01477	0.14616	0.04008	0.01527	0.04346	0.04662	0.06297	0.01429	0.00750	0.00681	0.00216	0.00839	0.00702	0.00386	0.00914
45	0.02380	0.02959	0.02024	0.02085	0.12543	0.62962	0.01410	0.02587	0.01846	0.01724	0.01071	0.01277	0.00894	0.00677	0.00614	0.00177	0.01148	0.00457	0.00344	0.00820
46	0.05296	0.00847	0.01074	0.00955	0.01204	0.00781	0.00714	0.01872	0.01611	0.26114	0.21097	0.14469	0.05284	0.14214	0.01197	0.00295	0.00481	0.01060	0.00677	0.00756
47	0.06788	0.05408	0.01002	0.00837	0.01075	0.00845	0.00651	0.04118	0.01622	0.02185	0.20367	0.12108	0.35944	0.01483	0.00748	0.00222	0.00399	0.02946	0.00616	0.00635
48	0.01563	0.10259	0.09374	0.01458	0.03793	0.01704	0.01242	0.02829	0.42303	0.02417	0.04241	0.02337	0.04183	0.01015	0.02939	0.00245	0.05882	0.00702	0.00547	0.00966
49	0.00912	0.00672	0.00853	0.00834	0.00986	0.00613	0.00615	0.01184	0.01772	0.02450	0.54554	0.14250	0.14798	0.01508	0.00800	0.00221	0.00329	0.01329	0.00709	0.00613
50	0.02355	0.01058	0.01391	0.01114	0.01525	0.00959	0.00901	0.07518	0.02004	0.46600	0.23457	0.03058	0.03032	0.00992	0.00710	0.00208	0.00506	0.00832	0.00791	0.00988
51	0.01588	0.01698	0.09075	0.19823	0.41848	0.01612	0.04316	0.06117	0.01563	0.02184	0.01255	0.01664	0.01003	0.00645	0.00708	0.00210	0.02781	0.00595	0.00340	0.00974
52	0.01706	0.01690	0.02647	0.06068	0.65484	0.06455	0.02002	0.02091	0.01547	0.02141	0.01245	0.01634	0.01044	0.00606	0.00660	0.00198	0.00828	0.00587	0.00332	0.01034
53	0.00907	0.00649	0.00739	0.00772	0.00838	0.00616	0.00492	0.00979	0.01181	0.01519	0.03561	0.17797	0.19420	0.42904	0.02252	0.00471	0.00529	0.03396	0.00504	0.00476
54	0.01597	0.01596	0.02498	0.25639	0.43405	0.06785	0.04852	0.02002	0.01500	0.02004	0.01229	0.01674	0.00995	0.00626	0.00667	0.00206	0.00871	0.00594	0.00323	0.00938
55	0.01796	0.31151	0.07485	0.01310	0.01803	0.08402	0.01193	0.11276	0.15437	0.02325	0.08085	0.01970	0.03533	0.00789	0.00585	0.00184	0.00700	0.00593	0.00471	0.00911
56	0.06694	0.00716	0.00831	0.00814	0.00995	0.00668	0.00606	0.01196	0.01671	0.02361	0.41088	0.13723	0.23232	0.01494	0.00773	0.00222	0.00346	0.01290	0.00670	0.00611
57	0.01431	0.01414	0.01985	0.01712	0.01721	0.01967	0.01422	0.01585	0.01031	0.01611	0.00947	0.01552	0.00938	0.01453	0.07378	0.00350	0.69882	0.00597	0.00298	0.00724
58	0.01464	0.23593	0.48610	0.06974	0.02701	0.01857	0.02066	0.02063	0.01396	0.01944	0.01128	0.01349	0.00856	0.00622	0.00583	0.00194	0.00909	0.00465	0.00285	0.00938
59	0.01034	0.00798	0.00957	0.00897	0.01099	0.00778	0.00679	0.01564	0.12158	0.02577	0.51825	0.04854	0.15510	0.01352	0.00775	0.00216	0.00352	0.01176	0.00713	0.00687
60	0.00932	0.00643	0.00734	0.00759	0.00788	0.00625	0.00452	0.00968	0.01081	0.01419	0.02841	0.16099	0.09767	0.56950	0.02740	0.00547	0.00577	0.01170	0.00463	0.00445
61	0.01794	0.76823	0.03516	0.01148	0.01722	0.02655	0.01148	0.02009	0.01363	0.01579	0.00933	0.01076	0.00861	0.00574	0.00431	0.00144	0.00718	0.00359	0.00287	0.00861
62	0.02805	0.01206	0.01567	0.01226	0.01719	0.01109	0.01003	0.10083	0.04986	0.59366	0.02592	0.05591	0.01751	0.00889	0.00683	0.00211	0.00578	0.00727	0.00798	0.01111
63	0.02909	0.01305	0.01658	0.01271	0.01794	0.01229	0.01050	0.18053	0.02194	0.57529	0.02418	0.02135	0.01546	0.00825	0.00674	0.00206	0.00608	0.00659	0.00795	0.01142

[dist]
# distance from previous block
# <min> <max>
0	1

[block]
# block no. 1 follows, 32 sequences, length 10
# corresponding to MSA columns:
# 91-100
name=unknown_B
#
# <colnr> <probs for GDERKNQSTAVLIFYWHMCP>
#	G	D	E	R	K	N	Q	S	T	A	V	L	I	F	Y	W	H	M	C	P
0	0.01489	0.22190	0.48790	0.01913	0.08796	0.01844	0.02099	0.02089	0.01413	0.01990	0.01139	0.01351	0.00872	0.00618	0.00587	0.00194	0.00904	0.00470	0.00289	0.00964
1	0.01413	0.14500	0.62503	0.01798	0.02726	0.01723	0.02279	0.02108	0.01409	0.02043	0.01163	0.01365	0.00852	0.00628	0.00606	0.00202	0.00950	0.00475	0.00284	0.00972
2	0.02082	0.13478	0.09040	0.01567	0.01997	0.37052	0.01339	0.08130	0.06320	0.02042	0.05838	0.01591	0.01322	0.00762	0.00688	0.00187	0.04788	0.00523	0.00404	0.00848
3	0.01251	0.00625	0.00625	0.00625	0.00782	0.00625	0.00469	0.01563	0.01407	0.02502	0.02189	0.02502	0.01720	0.00782	0.00469	0.00156	0.00313	0.00625	0.80144	0.00625
4	0.01145	0.01044	0.03792	0.06347	0.14867	0.00955	0.01042	0.05098	0.01678	0.02234	0.21009	0.09159	0.26459	0.01282	0.00752	0.00219	0.00505	0.01113	0.00566	0.00734
5	0.00995	0.00664	0.00866	0.00866	0.00906	0.00704	0.00574	0.01036	0.00996	0.01368	0.01882	0.03494	0.02016	0.42808	0.26681	0.11453	0.01022	0.00838	0.00376	0.00455
6	0.01745	0.01725	0.02626	0.07099	0.23467	0.06593	0.18901	0.08417	0.13911	0.02374	0.01536	0.01809	0.01199	0.00705	0.00779	0.00216	0.04837	0.00664	0.00423	0.00973
7	0.01251	0.00625	0.00625	0.00625	0.00782	0.00625	0.00469	0.01563	0.01407	0.02502	0.02189	0.02502	0.01720	0.00782	0.00469	0.00156	0.00313	0.00625	0.80144	0.00625
8	0.01467	0.01174	0.01378	0.01021	0.01576	0.00923	0.00811	0.01836	0.04977	0.06040	0.01468	0.04982	0.01245	0.00611	0.00533	0.00120	0.00498	0.00502	0.00446	0.68392
9	0.21220	0.12126	0.04183	0.01315	0.01780	0.13896	0.01109	0.13579	0.14665	0.07747	0.01528	0.01553	0.01153	0.00726	0.00567	0.00196	0.00720	0.00514	0.00503	0.00922

[dist]
# distance from previous block
# <min> <max>
1	31

[block]
# block no. 2 follows, 32 sequences, length 25
# corresponding to MSA columns:
# 132-156
name=unknown_C
#
# <colnr> <probs for GDERKNQSTAVLIFYWHMCP>
#	G	D	E	R	K	N	Q	S	T	A	V	L	I	F	Y	W	H	M	C	P
0	0.12062	0.01195	0.06400	0.01097	0.01464	0.01044	0.02727	0.05358	0.01656	0.12349	0.19439	0.06479	0.14638	0.01109	0.00760	0.00212	0.04211	0.00906	0.00591	0.06303
1	0.01536	0.01283	0.01772	0.16248	0.18036	0.01385	0.01355	0.04709	0.21720	0.05864	0.05397	0.06608	0.06892	0.00917	0.00692	0.00216	0.00639	0.00802	0.00521	0.03407
2	0.01882	0.01177	0.01442	0.01054	0.01627	0.00922	0.00853	0.02168	0.01552	0.23542	0.01633	0.01662	0.01196	0.00598	0.00551	0.00132	0.00519	0.00481	0.00529	0.56479
3	0.01259	0.01040	0.01523	0.04144	0.21482	0.01036	0.01123	0.04816	0.04272	0.02562	0.41532	0.06052	0.04201	0.01110	0.00744	0.00210	0.00501	0.00997	0.00600	0.00795
4	0.01662	0.01424	0.02255	0.15355	0.17043	0.01418	0.11674	0.06348	0.01574	0.07848	0.01357	0.01672	0.01050	0.00646	0.00733	0.00188	0.05130	0.00580	0.00404	0.21638
5	0.02358	0.18534	0.02238	0.01608	0.02001	0.58921	0.01266	0.02540	0.01789	0.01629	0.01015	0.01182	0.00864	0.00667	0.00569	0.00167	0.01107	0.00417	0.00333	0.00795
6	0.01469	0.01293	0.02178	0.19412	0.42094	0.01360	0.01707	0.01734	0.01350	0.01870	0.01226	0.01769	0.01046	0.00975	0.01074	0.16927	0.00774	0.00594	0.00316	0.00830
7	0.01585	0.01721	0.01324	0.01275	0.01459	0.31119	0.00932	0.01742	0.01436	0.01577	0.01809	0.13119	0.01861	0.13642	0.21860	0.00517	0.01171	0.00814	0.00400	0.00636
8	0.01352	0.01222	0.01697	0.01499	0.01577	0.01615	0.01227	0.05855	0.01183	0.01762	0.01261	0.01902	0.01187	0.02553	0.28115	0.00573	0.43731	0.00636	0.00342	0.00711
9	0.01428	0.01300	0.01975	0.05266	0.39124	0.01322	0.01485	0.02012	0.12030	0.02300	0.13390	0.02916	0.10778	0.00906	0.00703	0.00210	0.00628	0.00821	0.00484	0.00922
10	0.01391	0.01193	0.01391	0.00994	0.01590	0.00894	0.00795	0.01690	0.01391	0.02186	0.01193	0.01391	0.00994	0.00497	0.00497	0.00099	0.00497	0.00398	0.00398	0.80521
11	0.01814	0.01550	0.02326	0.06717	0.13332	0.01624	0.16140	0.19317	0.14184	0.05153	0.09093	0.02209	0.01809	0.00791	0.00711	0.00214	0.00756	0.00737	0.00537	0.00986
12	0.07551	0.01634	0.01786	0.01394	0.01900	0.01757	0.01144	0.45920	0.07043	0.13244	0.01762	0.01747	0.01252	0.00922	0.03008	0.00227	0.00708	0.00600	0.00651	0.05749
13	0.02135	0.41612	0.02744	0.01426	0.01891	0.36644	0.01219	0.02330	0.01621	0.01609	0.00983	0.01140	0.00863	0.00630	0.00514	0.00158	0.00953	0.00394	0.00315	0.00821
14	0.81159	0.01298	0.00986	0.00882	0.01298	0.01505	0.00727	0.01972	0.01142	0.03010	0.00934	0.01090	0.00727	0.00623	0.00415	0.00208	0.00519	0.00363	0.00415	0.00727
15	0.01251	0.00625	0.00625	0.00625	0.00782	0.00625	0.00469	0.01563	0.01407	0.02502	0.02189	0.02502	0.01720	0.00782	0.00469	0.00156	0.00313	0.00625	0.80144	0.00625
16	0.81159	0.01298	0.00986	0.00882	0.01298	0.01505	0.00727	0.01972	0.01142	0.03010	0.00934	0.01090	0.00727	0.00623	0.00415	0.00208	0.00519	0.00363	0.00415	0.00727
17	0.02323	0.01694	0.01850	0.01421	0.01956	0.01795	0.01165	0.50267	0.07703	0.07626	0.01681	0.01677	0.01212	0.00764	0.00644	0.00187	0.00674	0.00585	0.00636	0.14138
18	0.00965	0.06415	0.08593	0.01076	0.01264	0.00830	0.00891	0.01174	0.01310	0.01756	0.03144	0.55669	0.03648	0.01953	0.04013	0.00294	0.00551	0.05281	0.00551	0.00621
19	0.70692	0.05685	0.01112	0.00883	0.01294	0.01505	0.00736	0.01902	0.01183	0.02840	0.01358	0.01477	0.05884	0.00698	0.00443	0.00205	0.00518	0.00439	0.00423	0.00723
20	0.00832	0.00622	0.00759	0.00860	0.00951	0.00567	0.00592	0.00961	0.01337	0.01719	0.04418	0.49127	0.22687	0.07645	0.01037	0.00290	0.00404	0.04042	0.00606	0.00543
21	0.01600	0.06628	0.25431	0.11508	0.21985	0.06306	0.07855	0.05059	0.01546	0.02111	0.01215	0.01540	0.00943	0.00646	0.00691	0.00207	0.02895	0.00557	0.00325	0.00952
22	0.00877	0.00732	0.00927	0.00872	0.01083	0.00643	0.04434	0.01097	0.01587	0.02024	0.21351	0.14964	0.43752	0.01612	0.00801	0.00229	0.00385	0.01398	0.00634	0.00598
23	0.02151	0.15984	0.02291	0.01687	0.07043	0.21382	0.04045	0.24360	0.02095	0.02544	0.01303	0.01560	0.01069	0.04927	0.00758	0.00204	0.00866	0.00530	0.00446	0.04753
24	0.05303	0.01506	0.02149	0.01676	0.02153	0.01572	0.19189	0.17159	0.21374	0.06972	0.06776	0.02499	0.06828	0.00866	0.00712	0.00218	0.00709	0.00788	0.00586	0.00964

[dist]
# distance from previous block
# <min> <max>
1	3

[block]
# block no. 3 follows, 32 sequences, length 18
# corresponding to MSA columns:
# 160-170,175-181
name=unknown_D
#
# <colnr> <probs for GDERKNQSTAVLIFYWHMCP>
#	G	D	E	R	K	N	Q	S	T	A	V	L	I	F	Y	W	H	M	C	P
0	0.00880	0.00651	0.00820	0.00901	0.01000	0.00587	0.00610	0.01006	0.01287	0.01726	0.03593	0.57435	0.09487	0.08490	0.01046	0.00287	0.00418	0.01653	0.00584	0.07540
1	0.01379	0.01167	0.01345	0.01004	0.01529	0.00941	0.00785	0.01793	0.07503	0.02164	0.01409	0.01752	0.01214	0.07183	0.00769	0.00159	0.00513	0.00480	0.00424	0.66488
2	0.01623	0.01055	0.01106	0.01015	0.01257	0.07269	0.00776	0.07360	0.01657	0.14129	0.06759	0.14030	0.05156	0.04004	0.07154	0.00295	0.00632	0.02587	0.21393	0.00744
3	0.05445	0.08398	0.07383	0.01406	0.03271	0.08932	0.01195	0.22718	0.02103	0.16862	0.06533	0.05428	0.01658	0.00839	0.00639	0.00195	0.00705	0.00655	0.00576	0.05059
4	0.22312	0.19153	0.35281	0.01518	0.02251	0.01795	0.05044	0.02061	0.01341	0.02236	0.01081	0.01275	0.00829	0.00616	0.00541	0.00197	0.00814	0.00445	0.00321	0.00889
5	0.01440	0.01053	0.01289	0.01267	0.01528	0.01096	0.01082	0.19279	0.01964	0.02571	0.03332	0.05914	0.09163	0.01566	0.00848	0.00274	0.00625	0.44327	0.00632	0.00750
6	0.01901	0.01656	0.13650	0.01676	0.09778	0.01373	0.01355	0.02875	0.27378	0.20875	0.08344	0.02388	0.02010	0.00849	0.00680	0.00215	0.00630	0.00714	0.00620	0.01034
7	0.01773	0.03518	0.05593	0.05483	0.27673	0.01621	0.03828	0.21088	0.06333	0.02747	0.04525	0.02225	0.07575	0.00803	0.00678	0.00204	0.00723	0.00696	0.00486	0.02428
8	0.22131	0.00801	0.00720	0.00693	0.00917	0.00855	0.00536	0.01670	0.01338	0.02635	0.01861	0.02133	0.01460	0.00740	0.00455	0.00170	0.00367	0.00557	0.59311	0.00652
9	0.01360	0.00839	0.00858	0.00819	0.01033	0.00898	0.00624	0.02087	0.19597	0.02581	0.02331	0.02502	0.01806	0.00815	0.00525	0.00175	0.00370	0.00660	0.59381	0.00739
10	0.02269	0.28615	0.02496	0.01477	0.01953	0.30137	0.01239	0.20035	0.02041	0.02296	0.01151	0.01268	0.00936	0.00680	0.00561	0.00170	0.00914	0.00451	0.00410	0.00902
11	0.02312	0.08417	0.09171	0.01460	0.01990	0.07719	0.07639	0.02774	0.07796	0.35985	0.02122	0.04905	0.01534	0.02233	0.00713	0.00214	0.00727	0.00679	0.00608	0.01003
12	0.01871	0.01383	0.01925	0.01613	0.01749	0.01776	0.01342	0.02047	0.01261	0.20189	0.01342	0.01681	0.01085	0.01085	0.01803	0.00271	0.55693	0.00610	0.00434	0.00841
13	0.01656	0.57061	0.03123	0.20395	0.02480	0.02351	0.01335	0.01932	0.01358	0.01614	0.01001	0.01263	0.00870	0.00599	0.00493	0.00164	0.00764	0.00421	0.00290	0.00831
14	0.00939	0.00810	0.01062	0.20083	0.01893	0.00816	0.00885	0.01198	0.01518	0.01899	0.13829	0.08396	0.41419	0.01406	0.00764	0.00226	0.00484	0.01199	0.00554	0.00621
15	0.01179	0.00632	0.00653	0.00653	0.00769	0.00632	0.00453	0.01410	0.01294	0.02188	0.02169	0.02995	0.01908	0.20546	0.01239	0.00285	0.00401	0.00717	0.59309	0.00568
16	0.00963	0.00701	0.00988	0.00988	0.01076	0.00790	0.00726	0.01140	0.01052	0.01491	0.01880	0.03095	0.01877	0.23686	0.55379	0.00967	0.01498	0.00786	0.00372	0.00549
17	0.09130	0.45358	0.02666	0.01152	0.01694	0.02043	0.01068	0.04669	0.01569	0.22771	0.01461	0.01452	0.01095	0.00662	0.00509	0.00170	0.00658	0.00461	0.00472	0.00942

[dist]
# distance from previous block
# <min> <max>
0	6

[block]
# block no. 4 follows, 32 sequences, length 6
# corresponding to MSA columns:
# 188-193
name=unknown_E
#
# <colnr> <probs for GDERKNQSTAVLIFYWHMCP>
#	G	D	E	R	K	N	Q	S	T	A	V	L	I	F	Y	W	H	M	C	P
0	0.01523	0.01288	0.01392	0.01260	0.01594	0.01459	0.00975	0.03100	0.57022	0.02783	0.16736	0.03012	0.02916	0.01004	0.00705	0.00224	0.00488	0.00851	0.00694	0.00975
1	0.01190	0.00638	0.00680	0.00670	0.00826	0.00627	0.00502	0.01503	0.01507	0.02540	0.16303	0.03010	0.02654	0.00901	0.00534	0.00167	0.00313	0.00744	0.64062	0.00627
2	0.09159	0.02788	0.01814	0.01765	0.06441	0.58856	0.01259	0.02483	0.01778	0.01800	0.01188	0.05321	0.01061	0.00757	0.00606	0.00183	0.01079	0.00518	0.00366	0.00779
3	0.01889	0.01584	0.01864	0.01686	0.08012	0.07067	0.07048	0.29226	0.07411	0.02808	0.01840	0.04988	0.01641	0.16160	0.01248	0.00300	0.00764	0.03040	0.00532	0.00893
4	0.22930	0.44379	0.05799	0.01124	0.01627	0.05451	0.01067	0.01959	0.01326	0.01999	0.01148	0.06448	0.01080	0.00705	0.00475	0.00174	0.00677	0.00480	0.00348	0.00805
5	0.01661	0.01594	0.02724	0.04119	0.72233	0.01594	0.02059	0.02059	0.01528	0.02192	0.01262	0.01661	0.01063	0.00598	0.00664	0.00199	0.00797	0.00598	0.00332	0.01063

[dist]
# distance from previous block
# <min> <max>
0	4

[block]
# block no. 5 follows, 32 sequences, length 6
# corresponding to MSA columns:
# 198-203
name=unknown_F
#
# <colnr> <probs for GDERKNQSTAVLIFYWHMCP>
#	G	D	E	R	K	N	Q	S	T	A	V	L	I	F	Y	W	H	M	C	P
0	0.01550	0.12154	0.36651	0.19842	0.03064	0.01755	0.01989	0.11328	0.01630	0.02242	0.01222	0.01492	0.00902	0.00661	0.00624	0.00205	0.00897	0.00518	0.00341	0.00934
1	0.01236	0.01237	0.06341	0.01801	0.14936	0.01138	0.06679	0.01525	0.01464	0.04180	0.08882	0.13961	0.21022	0.01261	0.00957	0.00234	0.10824	0.01068	0.00493	0.00759
2	0.01305	0.00834	0.00980	0.00907	0.01025	0.00980	0.00717	0.01576	0.01313	0.02282	0.01864	0.02245	0.01512	0.00879	0.00899	0.00190	0.18884	0.00616	0.60340	0.00652
3	0.01982	0.58236	0.03143	0.01246	0.01811	0.02513	0.01180	0.18871	0.01808	0.02236	0.01101	0.01209	0.00931	0.00631	0.00490	0.00158	0.00723	0.00420	0.00382	0.00931
4	0.01070	0.00954	0.00936	0.01022	0.01107	0.10608	0.00699	0.01198	0.01382	0.01730	0.07368	0.55623	0.03902	0.07841	0.01024	0.00285	0.00519	0.01588	0.00574	0.00571
5	0.01669	0.20457	0.20923	0.01423	0.01988	0.01775	0.01436	0.18760	0.04438	0.02444	0.01678	0.11742	0.01518	0.01165	0.05445	0.00259	0.00814	0.00708	0.00447	0.00912

[dist]
# distance from previous block
# <min> <max>
0	1

[block]
# block no. 6 follows, 32 sequences, length 13
# corresponding to MSA columns:
# 205-217
name=unknown_G
#
# <colnr> <probs for GDERKNQSTAVLIFYWHMCP>
#	G	D	E	R	K	N	Q	S	T	A	V	L	I	F	Y	W	H	M	C	P
0	0.01466	0.01358	0.02259	0.11571	0.49512	0.01381	0.01738	0.01853	0.01584	0.02242	0.16062	0.02378	0.02148	0.00769	0.00692	0.00205	0.00708	0.00727	0.00413	0.00936
1	0.01362	0.06102	0.02151	0.51432	0.07041	0.01688	0.01744	0.01729	0.01286	0.01707	0.01114	0.01670	0.00897	0.00767	0.00976	0.00232	0.16458	0.00579	0.00298	0.00765
2	0.01188	0.00638	0.00682	0.00671	0.00828	0.00627	0.00503	0.01501	0.01510	0.02541	0.16802	0.03028	0.02687	0.00905	0.00537	0.00168	0.00314	0.00749	0.63493	0.00627
3	0.00851	0.00598	0.00769	0.00892	0.00923	0.00567	0.00578	0.00943	0.01220	0.01627	0.03366	0.60969	0.04019	0.17686	0.01393	0.00352	0.00444	0.01712	0.00578	0.00516
4	0.00924	0.00711	0.00995	0.00995	0.01137	0.00782	0.00770	0.01149	0.01173	0.01611	0.02846	0.03437	0.16415	0.04333	0.58460	0.00900	0.01492	0.00865	0.00415	0.00592
5	0.01631	0.01479	0.02059	0.09779	0.37259	0.06750	0.01552	0.06392	0.01665	0.05729	0.02492	0.02674	0.15934	0.00868	0.00688	0.00206	0.00726	0.00761	0.00438	0.00916
6	0.01001	0.00786	0.01070	0.01062	0.01201	0.00886	0.00821	0.01326	0.05783	0.01694	0.02665	0.07969	0.11226	0.05618	0.47411	0.00788	0.04595	0.03035	0.00439	0.00624
7	0.01251	0.00625	0.00625	0.00625	0.00782	0.00625	0.00469	0.01563	0.01407	0.02502	0.02189	0.02502	0.01720	0.00782	0.00469	0.00156	0.00313	0.00625	0.80144	0.00625
8	0.01486	0.37806	0.22134	0.01283	0.01892	0.04509	0.01389	0.01846	0.01433	0.01782	0.02242	0.02304	0.15767	0.00832	0.00570	0.00181	0.00732	0.00621	0.00359	0.00832
9	0.15762	0.03890	0.04277	0.01610	0.06559	0.14824	0.01243	0.27592	0.12607	0.03064	0.01506	0.01567	0.01135	0.00744	0.00609	0.00200	0.00767	0.00545	0.00525	0.00975
10	0.01109	0.00851	0.01176	0.01275	0.05928	0.00905	0.00934	0.05647	0.01395	0.01890	0.02798	0.05869	0.10886	0.06247	0.35269	0.00660	0.01154	0.14878	0.00473	0.00655
11	0.01631	0.04222	0.22067	0.02433	0.13632	0.06382	0.24847	0.06447	0.01646	0.02252	0.03430	0.01686	0.01134	0.00635	0.00686	0.00205	0.00956	0.00628	0.00358	0.04724
12	0.01774	0.03728	0.01910	0.02020	0.19418	0.01541	0.02713	0.12169	0.25546	0.07290	0.02337	0.07114	0.05254	0.00900	0.00682	0.00212	0.00628	0.00778	0.00568	0.03419

[dist]
# distance from previous block
# <min> <max>
0	11

[block]
# block no. 7 follows, 32 sequences, length 11
# corresponding to MSA columns:
# 248-258
name=unknown_H
#
# <colnr> <probs for GDERKNQSTAVLIFYWHMCP>
#	G	D	E	R	K	N	Q	S	T	A	V	L	I	F	Y	W	H	M	C	P
0	0.01255	0.00895	0.01049	0.01000	0.01227	0.02865	0.00783	0.01717	0.09845	0.08691	0.33309	0.07417	0.14451	0.01396	0.00786	0.00231	0.00441	0.11233	0.00690	0.00718
1	0.01809	0.01831	0.02329	0.11269	0.42975	0.16582	0.01762	0.02203	0.03948	0.04306	0.01382	0.04082	0.01167	0.00693	0.00660	0.00200	0.00864	0.00614	0.00369	0.00953
2	0.34134	0.01300	0.01336	0.01120	0.01567	0.01389	0.00910	0.05404	0.16972	0.26513	0.01936	0.01826	0.01351	0.00764	0.00572	0.00212	0.00548	0.00565	0.00625	0.00957
3	0.01251	0.00625	0.00625	0.00625	0.00782	0.00625	0.00469	0.01563	0.01407	0.02502	0.02189	0.02502	0.01720	0.00782	0.00469	0.00156	0.00313	0.00625	0.80144	0.00625
4	0.01616	0.01549	0.02644	0.12061	0.64636	0.01583	0.02037	0.02021	0.01507	0.02138	0.01254	0.01675	0.01044	0.00606	0.00665	0.00202	0.00808	0.00598	0.00328	0.01027
5	0.18428	0.01138	0.01365	0.01101	0.01550	0.01088	0.00898	0.02798	0.05569	0.46873	0.10170	0.02366	0.02025	0.00855	0.00636	0.00209	0.00529	0.00678	0.00728	0.00996
6	0.02979	0.01192	0.01588	0.01218	0.01738	0.01061	0.01006	0.07801	0.02004	0.68049	0.02577	0.02238	0.01626	0.00829	0.00675	0.00207	0.00582	0.00670	0.00820	0.01142
7	0.03010	0.01142	0.01557	0.01194	0.01713	0.00986	0.00986	0.03270	0.01920	0.72698	0.02647	0.02284	0.01661	0.00830	0.00675	0.00208	0.00571	0.00675	0.00830	0.01142
8	0.01762	0.01627	0.02643	0.03826	0.64266	0.01650	0.01970	0.09775	0.01713	0.02423	0.01302	0.01655	0.01072	0.00621	0.00665	0.00200	0.00790	0.00599	0.00371	0.01072
9	0.01092	0.00755	0.01017	0.01100	0.01253	0.00739	0.00895	0.01420	0.04104	0.04625	0.17312	0.20296	0.04331	0.01735	0.00868	0.00275	0.00507	0.36381	0.00653	0.00641
10	0.01082	0.00662	0.00901	0.00980	0.01082	0.00628	0.00688	0.01229	0.01334	0.09757	0.03365	0.59370	0.03812	0.02287	0.09027	0.00356	0.00568	0.01634	0.00617	0.00619

[dist]
# distance from previous block
# <min> <max>
0	1

[block]
# block no. 8 follows, 32 sequences, length 26
# corresponding to MSA columns:
# 260,261,263-286
name=unknown_I
#
# <colnr> <probs for GDERKNQSTAVLIFYWHMCP>
#	G	D	E	R	K	N	Q	S	T	A	V	L	I	F	Y	W	H	M	C	P
0	0.01854	0.01449	0.01559	0.01364	0.01768	0.01642	0.01072	0.08702	0.59734	0.08999	0.02637	0.02415	0.01944	0.00895	0.00681	0.00224	0.00551	0.00739	0.00695	0.01075
1	0.68811	0.01273	0.01076	0.00932	0.01363	0.01423	0.00768	0.02177	0.01265	0.14021	0.01205	0.01279	0.00874	0.00656	0.00456	0.00208	0.00527	0.00413	0.00481	0.00792
2	0.01737	0.01475	0.01556	0.01379	0.01771	0.01701	0.01079	0.08727	0.65748	0.02917	0.02644	0.02434	0.01978	0.00902	0.00682	0.00226	0.00547	0.00747	0.00682	0.01068
3	0.01245	0.01049	0.01360	0.01281	0.01535	0.01106	0.06501	0.02114	0.28045	0.02221	0.03364	0.25512	0.08588	0.01449	0.00791	0.00254	0.00536	0.11641	0.00622	0.00785
4	0.02023	0.01414	0.01566	0.01344	0.01766	0.01559	0.01063	0.08927	0.50935	0.17635	0.02622	0.02384	0.01893	0.00885	0.00680	0.00221	0.00556	0.00728	0.00713	0.01085
5	0.00823	0.00595	0.00768	0.00904	0.00957	0.00551	0.00604	0.00938	0.01291	0.01703	0.03880	0.67097	0.09861	0.05400	0.00966	0.00286	0.00397	0.01826	0.00613	0.00541
6	0.81159	0.01298	0.00986	0.00882	0.01298	0.01505	0.00727	0.01972	0.01142	0.03010	0.00934	0.01090	0.00727	0.00623	0.00415	0.00208	0.00519	0.00363	0.00415	0.00727
7	0.01251	0.00625	0.00625	0.00625	0.00782	0.00625	0.00469	0.01563	0.01407	0.02502	0.02189	0.02502	0.01720	0.00782	0.00469	0.00156	0.00313	0.00625	0.80144	0.00625
8	0.01708	0.01595	0.02632	0.07632	0.63328	0.01626	0.01989	0.07229	0.01642	0.02323	0.01285	0.01664	0.01060	0.00618	0.00665	0.00201	0.00798	0.00598	0.00356	0.01052
9	0.02284	0.01609	0.01749	0.01373	0.01809	0.01752	0.01097	0.53335	0.02679	0.07604	0.01764	0.02167	0.01412	0.14873	0.01182	0.00285	0.00712	0.00677	0.00631	0.01004
10	0.00963	0.00703	0.00996	0.00996	0.01087	0.00794	0.00736	0.01145	0.01054	0.01496	0.01873	0.03054	0.01859	0.22054	0.56987	0.00976	0.01524	0.00780	0.00371	0.00553
11	0.00958	0.00786	0.01185	0.01321	0.07001	0.00736	0.06035	0.01152	0.01380	0.01819	0.03765	0.49756	0.13738	0.01787	0.00831	0.00259	0.00486	0.05807	0.00577	0.00623
12	0.01817	0.65400	0.08796	0.01238	0.01841	0.02526	0.01261	0.07210	0.01504	0.01823	0.01006	0.01144	0.00882	0.00597	0.00465	0.00153	0.00740	0.00388	0.00316	0.00893
13	0.02771	0.01526	0.01795	0.01376	0.01905	0.01557	0.01137	0.38050	0.02564	0.37010	0.02107	0.01933	0.01390	0.00817	0.00673	0.00204	0.00658	0.00638	0.00747	0.01141
14	0.01584	0.01810	0.03959	0.02828	0.03507	0.01697	0.69796	0.02149	0.01584	0.02149	0.01357	0.01810	0.01018	0.00566	0.00792	0.00226	0.01131	0.00792	0.00339	0.00905
15	0.01770	0.01776	0.08080	0.03257	0.43947	0.01642	0.11265	0.09641	0.05081	0.04841	0.01427	0.01719	0.01117	0.00642	0.00682	0.00206	0.00831	0.00628	0.00401	0.01047
16	0.01697	0.02112	0.17894	0.22142	0.12248	0.11348	0.12803	0.02177	0.01545	0.07722	0.01328	0.01656	0.00985	0.00653	0.00674	0.00210	0.00958	0.00590	0.00356	0.00903
17	0.02783	0.01320	0.01639	0.01271	0.01777	0.01274	0.01045	0.19357	0.05633	0.50697	0.02388	0.02138	0.01556	0.00827	0.00668	0.00206	0.00602	0.00660	0.03034	0.01123
18	0.01251	0.00625	0.00625	0.00625	0.00782	0.00625	0.00469	0.01563	0.01407	0.02502	0.02189	0.02502	0.01720	0.00782	0.00469	0.00156	0.00313	0.00625	0.80144	0.00625
19	0.00966	0.00712	0.01057	0.01057	0.01168	0.00823	0.00812	0.01178	0.01067	0.01534	0.01790	0.02691	0.01693	0.07959	0.68504	0.03612	0.01710	0.00725	0.00359	0.00581
20	0.01251	0.00625	0.00625	0.00625	0.00782	0.00625	0.00469	0.01563	0.01407	0.02502	0.02189	0.02502	0.01720	0.00782	0.00469	0.00156	0.00313	0.00625	0.80144	0.00625
21	0.19024	0.01363	0.01547	0.01211	0.01705	0.04452	0.06126	0.07344	0.03559	0.11786	0.01686	0.05265	0.03179	0.00729	0.00574	0.00174	0.00602	0.00586	0.00498	0.28592
22	0.01500	0.15632	0.08068	0.01220	0.01758	0.03277	0.02979	0.03812	0.09297	0.02157	0.03937	0.07392	0.01526	0.00740	0.00571	0.00157	0.00613	0.00602	0.00433	0.34327
23	0.04374	0.01623	0.07264	0.04229	0.23417	0.05219	0.01418	0.09094	0.05761	0.04304	0.03486	0.07374	0.01489	0.00770	0.00636	0.00187	0.00692	0.00660	0.00447	0.17554
24	0.07970	0.07280	0.02303	0.04804	0.44923	0.03125	0.01615	0.01916	0.01406	0.03873	0.01254	0.01666	0.01067	0.01004	0.04271	0.08914	0.00798	0.00563	0.00345	0.00903
25	0.05668	0.01831	0.02131	0.10201	0.20989	0.15569	0.05269	0.13651	0.07019	0.04835	0.01492	0.03534	0.01196	0.00849	0.02666	0.00227	0.00873	0.00617	0.00444	0.00939

[dist]
# distance from previous block
# <min> <max>
4	65

# created by:
# /home/cegg/simao/soft/augustus-3.2.1/scripts/msa2prfl.pl ./align_prep/EOG090W0AMV.fa
