[name]
unknown

[dist]
# distance from previous block
# <min> <max>
0	147

[block]
# block no. 0 follows, 32 sequences, length 35
# corresponding to MSA columns:
# 207-241
name=unknown_A
#
# <colnr> <probs for GDERKNQSTAVLIFYWHMCP>
#	G	D	E	R	K	N	Q	S	T	A	V	L	I	F	Y	W	H	M	C	P
0	0.03636	0.07898	0.21047	0.01247	0.01724	0.01151	0.01272	0.01807	0.03254	0.10045	0.10002	0.09065	0.13499	0.01268	0.02683	0.00247	0.00658	0.08171	0.00525	0.00802
1	0.03433	0.06835	0.15000	0.09316	0.03745	0.04572	0.01279	0.01920	0.04562	0.08192	0.07888	0.06612	0.09471	0.00904	0.00645	0.00194	0.00659	0.00745	0.00469	0.13558
2	0.01898	0.46497	0.09923	0.01293	0.01892	0.02239	0.01272	0.13151	0.04908	0.05274	0.01242	0.01333	0.01002	0.00641	0.00516	0.00164	0.00722	0.00447	0.00397	0.05191
3	0.00824	0.00599	0.00780	0.00921	0.00981	0.00555	0.00628	0.00953	0.01317	0.01732	0.03984	0.67086	0.10749	0.02056	0.00853	0.00269	0.00393	0.04147	0.00623	0.00550
4	0.04628	0.01806	0.15022	0.03435	0.04281	0.03360	0.06743	0.10374	0.01829	0.33428	0.01864	0.01857	0.01260	0.00776	0.00777	0.00215	0.06117	0.00617	0.00581	0.01032
5	0.01668	0.09402	0.30388	0.03554	0.13752	0.04233	0.03319	0.06681	0.09695	0.05815	0.04096	0.01749	0.01294	0.00706	0.00640	0.00204	0.00827	0.00579	0.00411	0.00988
6	0.01310	0.01236	0.02090	0.67098	0.11994	0.01502	0.01885	0.01752	0.01362	0.01766	0.01200	0.01775	0.00913	0.00663	0.00670	0.00221	0.00884	0.00596	0.00302	0.00780
7	0.00826	0.00615	0.00772	0.00886	0.00975	0.00561	0.00615	0.00968	0.01368	0.01777	0.06536	0.55778	0.19441	0.01981	0.00843	0.00262	0.00385	0.04231	0.00626	0.00555
8	0.06043	0.10171	0.15082	0.09224	0.22458	0.07744	0.06094	0.02244	0.01538	0.11221	0.01359	0.01587	0.01027	0.00647	0.00626	0.00199	0.00845	0.00549	0.00386	0.00956
9	0.32304	0.10030	0.03783	0.01390	0.03491	0.27143	0.01114	0.09649	0.01670	0.02465	0.01060	0.01211	0.00846	0.00662	0.00524	0.00188	0.00828	0.00423	0.00399	0.00820
10	0.00868	0.00663	0.00798	0.00806	0.00963	0.00592	0.00588	0.01094	0.01646	0.02187	0.35453	0.19971	0.28672	0.01634	0.00805	0.00229	0.00339	0.01425	0.00675	0.00592
11	0.02128	0.39427	0.02729	0.01516	0.04247	0.34045	0.01248	0.04401	0.01662	0.01709	0.01011	0.01171	0.00878	0.00634	0.00523	0.00160	0.00939	0.00407	0.00326	0.00840
12	0.00834	0.00611	0.00776	0.00881	0.00959	0.00561	0.00600	0.00976	0.01376	0.01820	0.11521	0.55842	0.14216	0.04533	0.00929	0.00272	0.00383	0.01729	0.00628	0.00553
13	0.01829	0.46877	0.07879	0.01325	0.01828	0.18187	0.01243	0.02078	0.01456	0.01630	0.01070	0.01301	0.00950	0.01091	0.08480	0.00257	0.00965	0.00424	0.00308	0.00823
14	0.01928	0.55463	0.02999	0.01272	0.01775	0.20125	0.01158	0.02131	0.01503	0.01604	0.01203	0.01334	0.03824	0.00650	0.00489	0.00154	0.00823	0.00421	0.00316	0.00828
15	0.02483	0.01469	0.09347	0.01270	0.01851	0.01136	0.01141	0.07958	0.03900	0.45930	0.02170	0.01995	0.01433	0.00754	0.00641	0.00190	0.00616	0.00606	0.00682	0.14427
16	0.01780	0.52872	0.17203	0.01392	0.02039	0.06231	0.03800	0.02119	0.01431	0.04254	0.01069	0.01220	0.00893	0.00602	0.00503	0.00164	0.00808	0.00416	0.00311	0.00894
17	0.02020	0.10169	0.20661	0.01713	0.04185	0.01555	0.10984	0.10120	0.03742	0.21915	0.01803	0.05184	0.01339	0.00768	0.00663	0.00207	0.00789	0.00659	0.00516	0.01007
18	0.00879	0.00655	0.00818	0.00836	0.00974	0.00594	0.00605	0.01108	0.01645	0.02226	0.38705	0.25835	0.19353	0.01651	0.00811	0.00232	0.00342	0.01456	0.00681	0.00594
19	0.01128	0.00583	0.00864	0.00881	0.00885	0.00579	0.00587	0.00881	0.00919	0.01225	0.01442	0.10102	0.01522	0.02306	0.02430	0.71732	0.00562	0.00727	0.00328	0.00319
20	0.01953	0.07560	0.31707	0.01698	0.02409	0.07105	0.04034	0.22751	0.05066	0.07202	0.01460	0.01553	0.01049	0.00710	0.00641	0.00202	0.00871	0.00547	0.00459	0.01022
21	0.01829	0.01498	0.09739	0.13631	0.17652	0.01317	0.05418	0.02223	0.01601	0.21171	0.08828	0.02186	0.01717	0.00792	0.00769	0.00214	0.05033	0.00681	0.02759	0.00942
22	0.00818	0.00584	0.00779	0.00934	0.00973	0.00545	0.00623	0.00934	0.01285	0.01713	0.03698	0.75981	0.04438	0.02102	0.00856	0.00273	0.00389	0.01908	0.00623	0.00545
23	0.01826	0.01575	0.01602	0.01405	0.01805	0.04728	0.01101	0.12756	0.58715	0.02956	0.02505	0.02326	0.01873	0.00887	0.00678	0.00222	0.00588	0.00724	0.00667	0.01061
24	0.01807	0.18098	0.24959	0.01659	0.04236	0.03896	0.05659	0.09942	0.03436	0.09761	0.01500	0.03452	0.01185	0.00744	0.00664	0.00199	0.02926	0.02228	0.00423	0.03227
25	0.01877	0.17798	0.31332	0.03644	0.02344	0.06816	0.01707	0.08009	0.05704	0.12436	0.01469	0.01548	0.01066	0.00687	0.00605	0.00195	0.00839	0.00516	0.00424	0.00981
26	0.01346	0.03471	0.72942	0.01912	0.02904	0.01558	0.02479	0.02125	0.01417	0.02125	0.01204	0.01417	0.00850	0.00637	0.00637	0.00212	0.00992	0.00496	0.00283	0.00992
27	0.01403	0.01366	0.02418	0.48572	0.21629	0.01541	0.09764	0.01852	0.01417	0.01886	0.01229	0.01759	0.00951	0.00640	0.00683	0.00218	0.00897	0.00619	0.00312	0.00844
28	0.01636	0.04130	0.20664	0.08078	0.12795	0.08426	0.25586	0.02159	0.01550	0.04408	0.01357	0.01793	0.01056	0.00654	0.00699	0.00213	0.00994	0.02532	0.00345	0.00923
29	0.04396	0.10336	0.50806	0.01846	0.02645	0.01729	0.06887	0.02054	0.01370	0.02050	0.01143	0.01404	0.00862	0.00684	0.00790	0.00215	0.09047	0.00508	0.00294	0.00935
30	0.00973	0.00661	0.00786	0.00786	0.00804	0.00680	0.00474	0.01010	0.00992	0.01341	0.02065	0.04118	0.02321	0.65332	0.14340	0.00717	0.00829	0.00936	0.00399	0.00436
31	0.01484	0.02242	0.26026	0.02195	0.12606	0.09271	0.14637	0.01973	0.01495	0.02002	0.01633	0.05581	0.01478	0.04444	0.02917	0.00266	0.00956	0.07561	0.00365	0.00866
32	0.02100	0.03990	0.13568	0.04730	0.18741	0.07285	0.03497	0.04382	0.05216	0.24714	0.03925	0.01920	0.01404	0.00732	0.00661	0.00204	0.00771	0.00618	0.00522	0.01021
33	0.00894	0.00635	0.00811	0.00917	0.00979	0.00606	0.00638	0.01023	0.01289	0.01703	0.05664	0.44021	0.07827	0.18226	0.01419	0.00356	0.00475	0.11408	0.00579	0.00530
34	0.01023	0.00761	0.01021	0.01213	0.08764	0.00700	0.00769	0.01226	0.01511	0.05081	0.16404	0.34454	0.21234	0.01650	0.00800	0.00239	0.00416	0.01463	0.00621	0.00649

[dist]
# distance from previous block
# <min> <max>
0	1

[block]
# block no. 1 follows, 32 sequences, length 8
# corresponding to MSA columns:
# 243-250
name=unknown_B
#
# <colnr> <probs for GDERKNQSTAVLIFYWHMCP>
#	G	D	E	R	K	N	Q	S	T	A	V	L	I	F	Y	W	H	M	C	P
0	0.02227	0.02244	0.02075	0.05907	0.08301	0.29712	0.05669	0.19252	0.11036	0.04811	0.01497	0.01619	0.01139	0.00735	0.00654	0.00196	0.00928	0.00570	0.00481	0.00947
1	0.81159	0.01298	0.00986	0.00882	0.01298	0.01505	0.00727	0.01972	0.01142	0.03010	0.00934	0.01090	0.00727	0.00623	0.00415	0.00208	0.00519	0.00363	0.00415	0.00727
2	0.05836	0.42419	0.24094	0.01342	0.01977	0.02036	0.01472	0.01928	0.01359	0.01836	0.01310	0.09173	0.01232	0.00759	0.00538	0.00182	0.00755	0.00566	0.00329	0.00860
3	0.01553	0.07181	0.04340	0.01048	0.01382	0.08687	0.00878	0.01815	0.01722	0.15449	0.21486	0.04146	0.21992	0.01216	0.00721	0.00210	0.00542	0.04250	0.00622	0.00759
4	0.15629	0.05419	0.05173	0.01418	0.03409	0.05041	0.04025	0.09251	0.12152	0.05359	0.01945	0.10120	0.01767	0.01156	0.03321	0.00259	0.06590	0.06617	0.00507	0.00844
5	0.01810	0.01904	0.09826	0.05198	0.36698	0.06158	0.09171	0.09688	0.05823	0.05069	0.01428	0.01695	0.01108	0.00657	0.00674	0.00205	0.00851	0.00611	0.00404	0.01022
6	0.01093	0.00759	0.00911	0.00940	0.01115	0.00720	0.00688	0.01445	0.08886	0.07535	0.08083	0.36898	0.22196	0.01716	0.00806	0.00248	0.00411	0.04238	0.00652	0.00661
7	0.01004	0.06724	0.01102	0.00946	0.01139	0.00790	0.00719	0.01208	0.01464	0.01968	0.15777	0.35410	0.10928	0.01613	0.00773	0.00232	0.00432	0.08051	0.00593	0.09129

[dist]
# distance from previous block
# <min> <max>
1	36

[block]
# block no. 2 follows, 32 sequences, length 8
# corresponding to MSA columns:
# 290-297
name=unknown_C
#
# <colnr> <probs for GDERKNQSTAVLIFYWHMCP>
#	G	D	E	R	K	N	Q	S	T	A	V	L	I	F	Y	W	H	M	C	P
0	0.01709	0.22501	0.15764	0.03741	0.07216	0.06240	0.01412	0.04461	0.03206	0.07443	0.03549	0.01705	0.01248	0.03516	0.03603	0.00231	0.03071	0.00531	0.00391	0.08462
1	0.04537	0.07130	0.05329	0.01651	0.10997	0.06397	0.06099	0.01692	0.01403	0.03642	0.06504	0.08514	0.05176	0.05951	0.11133	0.00355	0.05475	0.00792	0.04389	0.02836
2	0.01428	0.10017	0.06767	0.04899	0.14487	0.06114	0.01271	0.06599	0.01604	0.02082	0.07105	0.12904	0.12123	0.01138	0.00778	0.00219	0.04370	0.04829	0.00470	0.00796
3	0.01678	0.07395	0.22316	0.05373	0.06932	0.05667	0.05082	0.11251	0.04238	0.07200	0.06326	0.10075	0.01774	0.00888	0.00675	0.00211	0.00783	0.00750	0.00466	0.00918
4	0.01740	0.10065	0.04888	0.08145	0.16983	0.16052	0.06327	0.04799	0.06196	0.03561	0.01529	0.06457	0.01333	0.01171	0.07596	0.00283	0.00954	0.00657	0.00395	0.00871
5	0.01112	0.00652	0.00743	0.00761	0.00910	0.00648	0.00578	0.01389	0.01418	0.02259	0.08023	0.08943	0.08456	0.01552	0.08790	0.00289	0.00508	0.05263	0.47096	0.00611
6	0.01410	0.01251	0.01635	0.01168	0.01772	0.00971	0.07352	0.01733	0.01410	0.02183	0.01208	0.01431	0.00996	0.00503	0.00525	0.00111	0.00557	0.00435	0.00392	0.72955
7	0.04751	0.01654	0.09411	0.07910	0.21762	0.01445	0.08492	0.06021	0.07091	0.11584	0.01555	0.01747	0.01162	0.00658	0.00646	0.00195	0.00752	0.00593	0.00449	0.12124

[dist]
# distance from previous block
# <min> <max>
2	4

[block]
# block no. 3 follows, 32 sequences, length 9
# corresponding to MSA columns:
# 302-310
name=unknown_D
#
# <colnr> <probs for GDERKNQSTAVLIFYWHMCP>
#	G	D	E	R	K	N	Q	S	T	A	V	L	I	F	Y	W	H	M	C	P
0	0.05767	0.30365	0.07416	0.03309	0.04053	0.23426	0.01264	0.04989	0.03416	0.01953	0.03843	0.01452	0.01153	0.00677	0.00542	0.00172	0.00843	0.00469	0.04052	0.00839
1	0.00850	0.00682	0.00759	0.00740	0.00942	0.00591	0.00555	0.01074	0.01665	0.02134	0.30637	0.05928	0.47921	0.01579	0.00792	0.00221	0.00331	0.01342	0.00665	0.00591
2	0.01602	0.01416	0.04731	0.04428	0.10841	0.01202	0.05151	0.05970	0.06165	0.06426	0.01484	0.01766	0.01187	0.00626	0.00592	0.00155	0.00631	0.02274	0.00443	0.42908
3	0.06418	0.05288	0.01778	0.01755	0.15305	0.03864	0.02735	0.08054	0.05806	0.13405	0.02023	0.10293	0.03413	0.01159	0.05483	0.00256	0.00709	0.00749	0.02443	0.09066
4	0.00907	0.00639	0.00767	0.00810	0.00861	0.00619	0.00516	0.00990	0.01185	0.01571	0.07128	0.25742	0.10579	0.38612	0.05711	0.00489	0.00578	0.01299	0.00511	0.00487
5	0.02086	0.13746	0.05028	0.01863	0.12991	0.17227	0.01357	0.19027	0.05130	0.05572	0.01443	0.03768	0.01169	0.00731	0.00612	0.00183	0.00812	0.00560	0.00461	0.06233
6	0.01947	0.13039	0.13791	0.01629	0.05472	0.01619	0.07577	0.11254	0.10733	0.16947	0.02076	0.04633	0.04671	0.00818	0.00655	0.00205	0.00723	0.00685	0.00534	0.00992
7	0.00947	0.00761	0.00993	0.00951	0.01143	0.00696	0.03840	0.01243	0.04765	0.02097	0.22778	0.27690	0.22911	0.01598	0.00795	0.00232	0.00402	0.01414	0.00634	0.04110
8	0.01741	0.01484	0.06308	0.01533	0.08056	0.01457	0.02972	0.23054	0.15871	0.02921	0.02181	0.04583	0.04488	0.04521	0.00779	0.00224	0.00618	0.00728	0.15553	0.00927

[dist]
# distance from previous block
# <min> <max>
1	3

[block]
# block no. 4 follows, 32 sequences, length 28
# corresponding to MSA columns:
# 314-335,337-342
name=unknown_E
#
# <colnr> <probs for GDERKNQSTAVLIFYWHMCP>
#	G	D	E	R	K	N	Q	S	T	A	V	L	I	F	Y	W	H	M	C	P
0	0.01950	0.01233	0.01489	0.01095	0.01665	0.01016	0.00889	0.07626	0.01685	0.22632	0.01645	0.01666	0.01198	0.00618	0.00562	0.00139	0.00538	0.00494	0.00544	0.51318
1	0.02548	0.01733	0.01905	0.01477	0.01998	0.01883	0.01215	0.54624	0.08452	0.14381	0.01857	0.01784	0.01292	0.00818	0.00673	0.00204	0.00697	0.00627	0.00696	0.01135
2	0.01450	0.03121	0.03651	0.01405	0.09527	0.01071	0.01016	0.01845	0.04852	0.03938	0.01356	0.01593	0.01119	0.00910	0.06450	0.00203	0.00659	0.00473	0.00406	0.54955
3	0.01445	0.00866	0.00932	0.00874	0.01072	0.02931	0.00645	0.04608	0.05634	0.10088	0.02555	0.10941	0.05146	0.12229	0.03932	0.00294	0.00517	0.00863	0.33735	0.00691
4	0.00962	0.00729	0.00897	0.00899	0.01061	0.00695	0.00669	0.01340	0.07276	0.02316	0.37791	0.19949	0.16201	0.01566	0.00804	0.00233	0.00369	0.04921	0.00685	0.00638
5	0.01384	0.01368	0.03971	0.19907	0.18001	0.04501	0.03132	0.03116	0.01397	0.01893	0.01758	0.08062	0.05152	0.04349	0.05212	0.00286	0.09014	0.00750	0.00374	0.06371
6	0.01251	0.01042	0.01120	0.01053	0.01163	0.06682	0.00746	0.04424	0.06831	0.01661	0.01894	0.03237	0.01933	0.38455	0.19893	0.00639	0.06160	0.00810	0.00416	0.00590
7	0.12044	0.02837	0.01778	0.01602	0.01966	0.58935	0.01216	0.05320	0.04870	0.01963	0.01121	0.01268	0.00910	0.00697	0.00588	0.00181	0.01078	0.00445	0.00382	0.00799
8	0.00910	0.00654	0.00800	0.00862	0.00997	0.00587	0.00619	0.01081	0.01472	0.04243	0.13019	0.39397	0.26438	0.01829	0.00825	0.00249	0.00380	0.04408	0.00644	0.00586
9	0.04638	0.01018	0.05585	0.00975	0.01258	0.00875	0.00801	0.01690	0.11448	0.08301	0.14341	0.09117	0.25677	0.01444	0.00946	0.09058	0.00464	0.01065	0.00600	0.00700
10	0.02506	0.03198	0.01901	0.01729	0.02074	0.73725	0.01296	0.02679	0.01901	0.01642	0.01037	0.01210	0.00864	0.00691	0.00605	0.00173	0.01210	0.00432	0.00346	0.00778
11	0.01116	0.00776	0.00915	0.00857	0.01074	0.00720	0.00644	0.01485	0.07260	0.07920	0.33379	0.07656	0.27494	0.04625	0.00888	0.00238	0.00379	0.01217	0.00684	0.00673
12	0.00892	0.00644	0.00784	0.00848	0.00977	0.00576	0.00598	0.01054	0.01457	0.04003	0.12864	0.42570	0.26597	0.01845	0.00822	0.00248	0.00370	0.01627	0.00643	0.00581
13	0.09121	0.01190	0.01461	0.01220	0.01592	0.01246	0.00987	0.15399	0.03661	0.28305	0.02066	0.05128	0.01578	0.01918	0.18880	0.00429	0.03581	0.00694	0.00614	0.00929
14	0.05856	0.01330	0.01616	0.01257	0.01748	0.01304	0.01033	0.22864	0.02254	0.43909	0.07863	0.02256	0.01846	0.00858	0.00673	0.00206	0.00598	0.00685	0.00759	0.01084
15	0.00959	0.00719	0.01078	0.01078	0.01198	0.00839	0.00839	0.01198	0.01078	0.01558	0.01797	0.02636	0.01677	0.05032	0.73760	0.01078	0.01797	0.00719	0.00359	0.00599
16	0.02368	0.01181	0.01465	0.01190	0.01622	0.01150	0.00959	0.08020	0.16249	0.41523	0.11713	0.02646	0.02321	0.00915	0.00685	0.00210	0.00533	0.00756	0.03454	0.01041
17	0.00966	0.00671	0.00868	0.00897	0.00990	0.00702	0.00645	0.01135	0.01175	0.01661	0.02671	0.14160	0.08038	0.21229	0.28931	0.00654	0.00982	0.03853	0.09224	0.00545
18	0.01208	0.00905	0.01069	0.01033	0.01260	0.00923	0.00796	0.01903	0.20329	0.05373	0.25679	0.13340	0.13197	0.01412	0.00781	0.00236	0.00431	0.08693	0.00684	0.00749
19	0.01673	0.02681	0.01297	0.01117	0.01423	0.01051	0.00891	0.03747	0.15707	0.20136	0.12215	0.03568	0.08453	0.03833	0.13108	0.00379	0.00729	0.06499	0.00646	0.00847
20	0.01204	0.01117	0.01738	0.49038	0.03473	0.03381	0.03237	0.01553	0.01346	0.01727	0.01848	0.19955	0.01828	0.01059	0.00767	0.00238	0.02933	0.02473	0.00387	0.00698
21	0.01047	0.00816	0.01138	0.01097	0.01172	0.00976	0.00832	0.01223	0.01067	0.01552	0.01791	0.05184	0.01796	0.18520	0.43563	0.00812	0.13024	0.00785	0.03025	0.00581
22	0.00959	0.00676	0.00885	0.00900	0.00960	0.00716	0.00619	0.01082	0.01098	0.01514	0.05128	0.09774	0.02531	0.37803	0.29405	0.00750	0.01044	0.03220	0.00428	0.00507
23	0.07160	0.07197	0.09021	0.01544	0.01958	0.44373	0.01293	0.02406	0.01721	0.06519	0.03446	0.03710	0.03312	0.00787	0.00651	0.00188	0.02964	0.00545	0.00399	0.00807
24	0.78074	0.01372	0.01022	0.00916	0.01328	0.04338	0.00749	0.02000	0.01172	0.02957	0.00938	0.01095	0.00732	0.00626	0.00423	0.00206	0.00546	0.00366	0.00413	0.00729
25	0.01641	0.33722	0.33125	0.01648	0.02399	0.04644	0.07273	0.04833	0.01495	0.01967	0.01114	0.01307	0.00880	0.00614	0.00564	0.00183	0.00887	0.00465	0.00307	0.00929
26	0.01272	0.01208	0.01781	0.01521	0.01627	0.01517	0.07273	0.01463	0.01159	0.01677	0.03847	0.02578	0.08963	0.08797	0.12154	0.00423	0.40926	0.00768	0.00366	0.00678
27	0.01249	0.03100	0.07527	0.06111	0.03698	0.04347	0.06424	0.01543	0.03187	0.01775	0.02353	0.22052	0.07724	0.05648	0.02782	0.00290	0.18015	0.01034	0.00433	0.00706

[dist]
# distance from previous block
# <min> <max>
0	3

[block]
# block no. 5 follows, 32 sequences, length 16
# corresponding to MSA columns:
# 346-349,356-367
name=unknown_F
#
# <colnr> <probs for GDERKNQSTAVLIFYWHMCP>
#	G	D	E	R	K	N	Q	S	T	A	V	L	I	F	Y	W	H	M	C	P
0	0.02010	0.01205	0.01560	0.01216	0.01688	0.01100	0.03587	0.06516	0.06070	0.27476	0.06950	0.02411	0.03833	0.00833	0.00714	0.00184	0.03908	0.02834	0.00617	0.25289
1	0.03506	0.01449	0.09049	0.01431	0.06023	0.05642	0.01157	0.08948	0.01664	0.06313	0.06930	0.15583	0.09224	0.01222	0.00831	0.00227	0.05945	0.07870	0.00530	0.06457
2	0.01410	0.11551	0.61001	0.01883	0.02809	0.01689	0.06427	0.02114	0.01421	0.02065	0.01183	0.01403	0.00861	0.00626	0.00624	0.00206	0.00970	0.00499	0.00287	0.00972
3	0.05491	0.01182	0.01493	0.01183	0.01657	0.01106	0.00966	0.07056	0.08911	0.52914	0.05622	0.02524	0.04990	0.00891	0.00676	0.00210	0.00554	0.00724	0.00778	0.01072
4	0.01695	0.00968	0.01178	0.01014	0.01324	0.00937	0.00796	0.06117	0.10642	0.21422	0.29578	0.03694	0.09441	0.01117	0.00714	0.00209	0.00438	0.00948	0.06922	0.00847
5	0.01891	0.03525	0.01665	0.01404	0.01731	0.20774	0.03690	0.10503	0.12894	0.07776	0.06092	0.04979	0.03718	0.05734	0.08102	0.00318	0.03119	0.00728	0.00520	0.00839
6	0.03608	0.03736	0.01389	0.01167	0.01413	0.03540	0.04170	0.05903	0.10897	0.02276	0.11788	0.05164	0.11925	0.03884	0.06615	0.00300	0.08179	0.03161	0.10148	0.00737
7	0.01015	0.00667	0.00813	0.00861	0.00955	0.00624	0.00585	0.01123	0.01279	0.05934	0.03618	0.32656	0.14639	0.26064	0.01670	0.00386	0.00491	0.05511	0.00565	0.00544
8	0.00904	0.00656	0.00828	0.00893	0.00997	0.00616	0.00631	0.01106	0.03638	0.01931	0.18094	0.39275	0.14515	0.04087	0.01015	0.05145	0.00400	0.04080	0.00622	0.00566
9	0.02005	0.08281	0.05436	0.07319	0.02372	0.24781	0.11752	0.12071	0.06359	0.04531	0.01558	0.01743	0.03101	0.00832	0.02437	0.00216	0.00954	0.00591	0.02782	0.00879
10	0.00867	0.00667	0.00785	0.00839	0.00971	0.00612	0.00591	0.01091	0.04088	0.01902	0.13922	0.35547	0.28382	0.05389	0.00942	0.00264	0.00380	0.01551	0.00631	0.00578
11	0.01928	0.01245	0.01325	0.01092	0.01444	0.01338	0.00877	0.32626	0.04858	0.06238	0.01968	0.02090	0.01468	0.00799	0.00577	0.00182	0.00524	0.00623	0.37902	0.00897
12	0.22943	0.15317	0.04674	0.01418	0.06165	0.04845	0.03100	0.12109	0.01672	0.10146	0.01596	0.08038	0.01383	0.00834	0.00583	0.00203	0.00670	0.02945	0.00484	0.00877
13	0.02297	0.02403	0.01723	0.01522	0.01888	0.43384	0.01166	0.09044	0.12008	0.08316	0.05853	0.01803	0.01494	0.00791	0.00635	0.00188	0.00928	0.00571	0.03115	0.00871
14	0.00901	0.00641	0.00821	0.00927	0.00994	0.00613	0.00653	0.01037	0.01299	0.01713	0.05464	0.41899	0.08198	0.17866	0.01409	0.00355	0.00481	0.13616	0.00579	0.00533
15	0.01752	0.04300	0.04117	0.21508	0.29154	0.03506	0.01705	0.15002	0.01806	0.04820	0.01605	0.01897	0.04446	0.00720	0.00663	0.00205	0.00794	0.00625	0.00417	0.00958

[dist]
# distance from previous block
# <min> <max>
0	1

[block]
# block no. 6 follows, 32 sequences, length 24
# corresponding to MSA columns:
# 369-392
name=unknown_G
#
# <colnr> <probs for GDERKNQSTAVLIFYWHMCP>
#	G	D	E	R	K	N	Q	S	T	A	V	L	I	F	Y	W	H	M	C	P
0	0.19996	0.02521	0.01713	0.07416	0.02106	0.46836	0.01213	0.07066	0.01773	0.02132	0.01066	0.01257	0.00855	0.00682	0.00572	0.00187	0.00998	0.00442	0.00380	0.00789
1	0.05487	0.01622	0.08489	0.11497	0.12342	0.03461	0.06986	0.04588	0.15812	0.10874	0.03750	0.01982	0.01431	0.00777	0.00766	0.00218	0.05686	0.00649	0.02638	0.00944
2	0.01762	0.01927	0.01483	0.04789	0.01762	0.32490	0.01051	0.05062	0.08768	0.02071	0.14356	0.02799	0.10634	0.01308	0.06569	0.00268	0.00892	0.00759	0.00495	0.00755
3	0.00970	0.00673	0.00844	0.00844	0.00883	0.00712	0.00547	0.01048	0.01009	0.01384	0.02011	0.03822	0.02192	0.53275	0.26222	0.00789	0.01022	0.00892	0.00391	0.00469
4	0.01597	0.29130	0.18697	0.01688	0.06323	0.05221	0.09574	0.05061	0.01572	0.02034	0.07183	0.01958	0.05773	0.00739	0.00605	0.00187	0.00801	0.00605	0.00373	0.00880
5	0.02127	0.22218	0.08691	0.01431	0.01947	0.17222	0.01283	0.19820	0.06567	0.06218	0.01430	0.01507	0.01099	0.00711	0.00580	0.00181	0.00811	0.00507	0.04707	0.00943
6	0.01777	0.01467	0.10838	0.04130	0.07554	0.01202	0.03422	0.08931	0.05405	0.17620	0.07637	0.06159	0.02012	0.02785	0.04183	0.00258	0.00706	0.03791	0.03192	0.06930
7	0.01447	0.08736	0.33898	0.01626	0.04061	0.01391	0.06438	0.04076	0.01527	0.06928	0.04495	0.10270	0.07258	0.00912	0.00671	0.00210	0.00773	0.00775	0.00424	0.04086
8	0.08159	0.13716	0.05092	0.01236	0.01642	0.01568	0.01057	0.18265	0.10962	0.07341	0.02282	0.17525	0.03780	0.01093	0.00663	0.00216	0.00603	0.03346	0.00568	0.00886
9	0.02901	0.01118	0.01522	0.01175	0.01675	0.00968	0.00968	0.03164	0.01919	0.68993	0.06311	0.02428	0.01908	0.00859	0.00681	0.00208	0.00557	0.00703	0.00826	0.01115
10	0.00929	0.00678	0.00785	0.00793	0.00966	0.00597	0.00575	0.01115	0.01548	0.04802	0.19730	0.20963	0.37402	0.04914	0.00915	0.00251	0.00368	0.01430	0.00647	0.00592
11	0.01538	0.08299	0.30030	0.01730	0.06955	0.01434	0.05849	0.02164	0.07257	0.09690	0.07896	0.02202	0.04110	0.01124	0.06551	0.00278	0.00864	0.00664	0.00440	0.00924
12	0.02546	0.01833	0.02088	0.01601	0.02135	0.06261	0.06751	0.49395	0.02748	0.15198	0.01726	0.01713	0.01200	0.00783	0.00677	0.00203	0.00771	0.00620	0.00651	0.01100
13	0.01248	0.00771	0.00991	0.00895	0.01116	0.00707	0.00685	0.01590	0.03841	0.12475	0.55148	0.04668	0.10617	0.01308	0.00772	0.00212	0.00360	0.01140	0.00741	0.00712
14	0.03409	0.01256	0.07764	0.01237	0.04093	0.01095	0.01020	0.08388	0.07917	0.14802	0.06719	0.09556	0.11739	0.01111	0.00734	0.00217	0.02890	0.03570	0.11639	0.00844
15	0.04287	0.01680	0.16061	0.01595	0.01998	0.03410	0.11183	0.03660	0.07048	0.02109	0.05274	0.15476	0.03519	0.01326	0.04355	0.00282	0.09820	0.05666	0.00457	0.00793
16	0.01811	0.02689	0.35978	0.06499	0.09443	0.13229	0.01936	0.07746	0.01693	0.08983	0.01406	0.01666	0.01044	0.00704	0.00650	0.00206	0.00933	0.02025	0.00390	0.00967
17	0.01739	0.00945	0.01111	0.00962	0.01272	0.00912	0.00768	0.10722	0.01808	0.20395	0.07321	0.03482	0.15572	0.01259	0.04099	0.00242	0.00523	0.03886	0.22170	0.00811
18	0.04583	0.01222	0.01502	0.05924	0.14217	0.04359	0.01131	0.03957	0.15163	0.02260	0.07117	0.12189	0.10609	0.01132	0.00784	0.00225	0.04523	0.03390	0.04903	0.00811
19	0.01900	0.04286	0.02288	0.01900	0.04780	0.27589	0.16948	0.04112	0.08006	0.03918	0.04596	0.07727	0.01569	0.00862	0.00804	0.00211	0.06514	0.00724	0.00430	0.00837
20	0.01629	0.01636	0.05623	0.01433	0.04846	0.15186	0.03612	0.07219	0.13588	0.02336	0.05694	0.07929	0.04470	0.01087	0.03238	0.00233	0.02726	0.00766	0.15936	0.00814
21	0.08864	0.06436	0.16915	0.04088	0.02437	0.09226	0.17622	0.05362	0.07179	0.02279	0.03876	0.04304	0.01321	0.00719	0.00648	0.00202	0.00856	0.00636	0.00402	0.06627
22	0.04217	0.01185	0.03159	0.01129	0.01293	0.10784	0.00846	0.06373	0.01397	0.04131	0.02139	0.28128	0.02290	0.01830	0.03991	0.22686	0.02327	0.01032	0.00469	0.00594
23	0.06687	0.00782	0.00917	0.00937	0.02522	0.00716	0.00663	0.01259	0.01408	0.05168	0.08735	0.27924	0.20468	0.07712	0.00972	0.00264	0.00437	0.03647	0.00581	0.08202

[dist]
# distance from previous block
# <min> <max>
3	19

[block]
# block no. 7 follows, 32 sequences, length 14
# corresponding to MSA columns:
# 412-425
name=unknown_H
#
# <colnr> <probs for GDERKNQSTAVLIFYWHMCP>
#	G	D	E	R	K	N	Q	S	T	A	V	L	I	F	Y	W	H	M	C	P
0	0.01901	0.04060	0.07014	0.01452	0.01853	0.19833	0.01202	0.14910	0.22568	0.02537	0.04663	0.06181	0.01826	0.04017	0.00784	0.00227	0.00772	0.02751	0.00540	0.00909
1	0.01274	0.01211	0.07410	0.09759	0.04923	0.01088	0.04808	0.07058	0.03311	0.04882	0.09592	0.24335	0.11874	0.01323	0.00819	0.00236	0.03651	0.01155	0.00541	0.00750
2	0.01633	0.05572	0.13617	0.04144	0.07230	0.09875	0.01312	0.10425	0.05485	0.06474	0.05896	0.15579	0.07803	0.01075	0.00695	0.00215	0.00707	0.00898	0.00510	0.00854
3	0.01580	0.01278	0.04607	0.01493	0.01871	0.04718	0.17437	0.01968	0.03652	0.15029	0.20312	0.14997	0.03118	0.01104	0.00751	0.00221	0.00648	0.01028	0.03379	0.00810
4	0.04873	0.00786	0.00953	0.01002	0.01161	0.00783	0.00761	0.01455	0.07788	0.04706	0.09033	0.27331	0.10560	0.08513	0.01052	0.00297	0.00483	0.17208	0.00615	0.00638
5	0.01471	0.01315	0.02227	0.16743	0.26494	0.01370	0.10699	0.01884	0.03932	0.05254	0.05448	0.02396	0.07459	0.01036	0.03971	0.03218	0.03081	0.00739	0.00406	0.00860
6	0.04826	0.10477	0.17967	0.01732	0.02311	0.08913	0.10905	0.13585	0.08203	0.06514	0.01436	0.01588	0.01080	0.00733	0.00761	0.00208	0.06800	0.00570	0.00436	0.00954
7	0.02086	0.51939	0.02930	0.01218	0.01751	0.02242	0.01140	0.07670	0.01604	0.16251	0.01333	0.01383	0.01047	0.00673	0.00582	0.00168	0.04167	0.00453	0.00428	0.00935
8	0.13600	0.00937	0.01048	0.00971	0.01238	0.00951	0.00743	0.01932	0.12005	0.12489	0.20447	0.16037	0.09491	0.01244	0.00700	0.00223	0.00431	0.01055	0.03696	0.00763
9	0.01534	0.05674	0.13626	0.14036	0.17566	0.05642	0.04228	0.01920	0.01480	0.07192	0.04785	0.05026	0.05063	0.04891	0.02656	0.00255	0.02457	0.00713	0.00402	0.00855
10	0.01736	0.10609	0.02246	0.01742	0.07190	0.07737	0.14949	0.09417	0.01671	0.07809	0.01957	0.10804	0.04323	0.04755	0.00896	0.00232	0.04771	0.00808	0.05512	0.00837
11	0.00813	0.00663	0.00708	0.00731	0.00914	0.00570	0.00529	0.00973	0.01482	0.01815	0.09169	0.17484	0.54798	0.05171	0.00923	0.00253	0.00361	0.01465	0.00619	0.00559
12	0.00889	0.00648	0.00792	0.00883	0.00987	0.00603	0.00636	0.01041	0.01353	0.01759	0.04201	0.35875	0.20971	0.11409	0.01166	0.00311	0.00445	0.12263	0.03222	0.00547
13	0.01890	0.05740	0.06442	0.06948	0.07596	0.04691	0.18828	0.12930	0.06711	0.11671	0.01809	0.05941	0.01457	0.00813	0.00705	0.00216	0.00827	0.03335	0.00497	0.00952

[dist]
# distance from previous block
# <min> <max>
0	9

[block]
# block no. 8 follows, 32 sequences, length 27
# corresponding to MSA columns:
# 435-461
name=unknown_I
#
# <colnr> <probs for GDERKNQSTAVLIFYWHMCP>
#	G	D	E	R	K	N	Q	S	T	A	V	L	I	F	Y	W	H	M	C	P
0	0.01793	0.04254	0.04733	0.13029	0.15458	0.03427	0.08894	0.13166	0.07075	0.06867	0.01512	0.01754	0.01150	0.00705	0.00719	0.00202	0.04064	0.00606	0.03483	0.07110
1	0.01772	0.03981	0.02021	0.11394	0.16904	0.09499	0.03324	0.13143	0.07574	0.04318	0.01618	0.06797	0.01381	0.01030	0.03388	0.02457	0.05605	0.00687	0.02215	0.00891
2	0.01164	0.03101	0.03269	0.03465	0.01366	0.01061	0.02780	0.05890	0.01295	0.01773	0.03966	0.17676	0.04001	0.24493	0.12179	0.00489	0.09948	0.01021	0.00449	0.00615
3	0.01254	0.01167	0.01233	0.01178	0.01298	0.12370	0.00886	0.01427	0.01183	0.01526	0.01652	0.02646	0.01623	0.18046	0.41549	0.00777	0.08513	0.00712	0.00360	0.00602
4	0.01245	0.00943	0.01207	0.01380	0.10857	0.00933	0.00902	0.04641	0.09360	0.04841	0.11501	0.18032	0.18516	0.01367	0.00748	0.00228	0.00471	0.05208	0.06873	0.00747
5	0.01244	0.00937	0.01398	0.05926	0.10643	0.00920	0.04981	0.04751	0.01500	0.06422	0.03098	0.38963	0.08099	0.01503	0.00781	0.00244	0.00547	0.03950	0.03374	0.00719
6	0.02535	0.01169	0.01455	0.01153	0.01599	0.01112	0.00940	0.12942	0.05078	0.45913	0.04857	0.02323	0.01774	0.00842	0.00647	0.00200	0.00545	0.00679	0.13202	0.01040
7	0.02808	0.01150	0.01510	0.01177	0.01666	0.01038	0.00966	0.05713	0.05368	0.61897	0.02581	0.02284	0.01664	0.00830	0.00661	0.00205	0.00558	0.00673	0.06147	0.01103
8	0.00831	0.00594	0.00776	0.00910	0.00956	0.00555	0.00605	0.00947	0.01289	0.01716	0.05614	0.67016	0.06506	0.07002	0.01022	0.00294	0.00403	0.01810	0.00612	0.00539
9	0.08870	0.01833	0.01931	0.01491	0.02018	0.02035	0.01231	0.64527	0.02993	0.04131	0.01557	0.01569	0.01108	0.00791	0.00651	0.00202	0.00721	0.00585	0.00651	0.01108
10	0.01684	0.52787	0.11647	0.01450	0.02011	0.02374	0.06865	0.01986	0.01346	0.01694	0.00993	0.01224	0.00875	0.00655	0.00702	0.00177	0.09937	0.00438	0.00292	0.00865
11	0.01010	0.00741	0.00876	0.00901	0.01068	0.00693	0.00658	0.04580	0.03716	0.04123	0.12234	0.34682	0.26628	0.01740	0.00810	0.00245	0.00399	0.03622	0.00646	0.00628
12	0.01313	0.01154	0.01590	0.03374	0.01598	0.01407	0.03771	0.07771	0.01355	0.01894	0.02243	0.15693	0.09375	0.03537	0.07552	0.03176	0.31126	0.00946	0.00434	0.00692
13	0.03514	0.04908	0.06039	0.24780	0.10530	0.01740	0.08234	0.13292	0.03754	0.02291	0.01290	0.01681	0.01013	0.00866	0.02913	0.00247	0.11039	0.00602	0.00383	0.00883
14	0.00834	0.00619	0.00782	0.00906	0.00993	0.00568	0.00636	0.00977	0.01356	0.01757	0.04328	0.56083	0.18375	0.01999	0.00849	0.00266	0.00397	0.07097	0.00623	0.00555
15	0.00900	0.00637	0.00773	0.00848	0.00902	0.00609	0.00560	0.00991	0.01209	0.01582	0.03395	0.33612	0.11192	0.32095	0.01890	0.00423	0.00508	0.06843	0.00535	0.00497
16	0.01764	0.04642	0.05841	0.03618	0.10318	0.05917	0.08493	0.17346	0.15714	0.02646	0.04042	0.04701	0.04746	0.00905	0.00746	0.00218	0.03170	0.03709	0.00519	0.00946
17	0.03227	0.05457	0.12474	0.07360	0.08587	0.01495	0.09112	0.11013	0.07273	0.08121	0.04618	0.10272	0.01808	0.00932	0.00739	0.00222	0.02751	0.03135	0.00493	0.00912
18	0.02627	0.01222	0.01525	0.01210	0.01682	0.01171	0.00986	0.10239	0.11963	0.49740	0.02513	0.02262	0.01666	0.00835	0.00659	0.00206	0.00562	0.00675	0.07169	0.01089
19	0.01516	0.05098	0.02282	0.05657	0.48195	0.01415	0.01661	0.01853	0.01472	0.04217	0.01910	0.07250	0.06618	0.01149	0.06553	0.00275	0.00808	0.00750	0.00388	0.00934
20	0.04166	0.04008	0.09845	0.09787	0.17521	0.11585	0.01586	0.09013	0.10170	0.08225	0.01502	0.01690	0.01145	0.00742	0.00753	0.00209	0.06077	0.00576	0.00441	0.00958
21	0.04349	0.09999	0.18980	0.07383	0.02211	0.01397	0.08795	0.04452	0.04245	0.05666	0.05959	0.10257	0.09336	0.01087	0.02770	0.00240	0.00755	0.00834	0.00453	0.00831
22	0.03691	0.05539	0.03300	0.03758	0.08050	0.01189	0.01016	0.10429	0.07241	0.05793	0.03007	0.16527	0.14372	0.01244	0.00763	0.02656	0.00556	0.03936	0.03018	0.03917
23	0.07508	0.01452	0.02040	0.06481	0.29269	0.01480	0.03456	0.12237	0.07077	0.02543	0.01702	0.05028	0.03863	0.00749	0.00641	0.00194	0.00685	0.00657	0.00447	0.12490
24	0.01601	0.04353	0.08738	0.18816	0.13679	0.03808	0.03565	0.06169	0.06621	0.07048	0.06185	0.04034	0.04215	0.00851	0.00811	0.00219	0.07261	0.00700	0.00440	0.00883
25	0.05854	0.08346	0.04815	0.11595	0.11969	0.11716	0.03258	0.07733	0.08198	0.07684	0.03422	0.03431	0.01342	0.00754	0.00663	0.00199	0.02515	0.00605	0.02465	0.03436
26	0.04041	0.03649	0.02228	0.08452	0.31753	0.08228	0.03579	0.07702	0.03662	0.08773	0.03148	0.01884	0.03367	0.00722	0.00696	0.00200	0.02865	0.00618	0.00435	0.03999

[dist]
# distance from previous block
# <min> <max>
0	15

[block]
# block no. 9 follows, 32 sequences, length 6
# corresponding to MSA columns:
# 477-482
name=unknown_J
#
# <colnr> <probs for GDERKNQSTAVLIFYWHMCP>
#	G	D	E	R	K	N	Q	S	T	A	V	L	I	F	Y	W	H	M	C	P
0	0.04502	0.06232	0.07919	0.06903	0.16628	0.11212	0.01385	0.07990	0.05961	0.02188	0.05046	0.02471	0.05467	0.08102	0.00955	0.00249	0.02462	0.03052	0.00431	0.00845
1	0.13166	0.01655	0.05471	0.07452	0.08986	0.04920	0.03755	0.16522	0.13590	0.12646	0.01713	0.01773	0.01245	0.00737	0.00631	0.00206	0.00708	0.00591	0.00541	0.03694
2	0.04618	0.05840	0.19283	0.05031	0.07299	0.08764	0.03122	0.08537	0.03177	0.07193	0.02149	0.09618	0.08338	0.00921	0.00663	0.00208	0.00762	0.00757	0.00457	0.03265
3	0.01054	0.00783	0.00938	0.00880	0.00951	0.00803	0.00573	0.01113	0.01058	0.01471	0.02048	0.10808	0.02324	0.53381	0.02720	0.00517	0.07776	0.00965	0.00416	0.09422
4	0.01768	0.01376	0.01862	0.01642	0.08111	0.01396	0.09569	0.22692	0.05898	0.06144	0.03813	0.05954	0.01746	0.15801	0.01226	0.00289	0.00702	0.00773	0.00528	0.08711
5	0.07138	0.05243	0.02225	0.06300	0.27689	0.06996	0.05930	0.10780	0.01750	0.02461	0.08186	0.01873	0.01524	0.00701	0.00638	0.00190	0.00749	0.00612	0.00425	0.08590

[dist]
# distance from previous block
# <min> <max>
4	11

[block]
# block no. 10 follows, 32 sequences, length 24
# corresponding to MSA columns:
# 494-509,514-521
name=unknown_K
#
# <colnr> <probs for GDERKNQSTAVLIFYWHMCP>
#	G	D	E	R	K	N	Q	S	T	A	V	L	I	F	Y	W	H	M	C	P
0	0.01543	0.07729	0.07873	0.01689	0.11350	0.09900	0.03671	0.03328	0.03079	0.04684	0.06828	0.08952	0.01897	0.07743	0.05803	0.00293	0.03503	0.00750	0.00431	0.08955
1	0.00998	0.00988	0.08098	0.04297	0.01376	0.00783	0.00885	0.03934	0.01498	0.02023	0.16008	0.34588	0.12641	0.01795	0.04178	0.02794	0.00536	0.01370	0.00575	0.00636
2	0.01957	0.17581	0.04846	0.01422	0.01932	0.11024	0.03007	0.18162	0.19136	0.02613	0.01602	0.01641	0.01240	0.00719	0.00596	0.00181	0.00733	0.00545	0.00496	0.10568
3	0.04266	0.01325	0.03660	0.26840	0.25299	0.01363	0.04343	0.01812	0.03358	0.02058	0.05410	0.07172	0.03403	0.00801	0.00675	0.00210	0.00744	0.00732	0.00387	0.06142
4	0.07163	0.07993	0.10716	0.02407	0.25923	0.01666	0.06383	0.07989	0.11904	0.06791	0.03567	0.01810	0.01335	0.00700	0.00641	0.00204	0.00746	0.00610	0.00451	0.01003
5	0.01596	0.01590	0.04225	0.07301	0.30715	0.04896	0.12454	0.04788	0.07165	0.02242	0.03738	0.04732	0.01500	0.00782	0.00755	0.00215	0.03786	0.02641	0.03951	0.00928
6	0.00886	0.00662	0.00833	0.00925	0.01038	0.00620	0.00672	0.01112	0.03458	0.01915	0.12210	0.43755	0.17428	0.01874	0.00840	0.00260	0.00404	0.09887	0.00638	0.00583
7	0.01720	0.01330	0.01936	0.09286	0.17002	0.03641	0.07642	0.05389	0.08819	0.13348	0.04840	0.12453	0.01956	0.03116	0.00783	0.00227	0.00691	0.00849	0.00523	0.04448
8	0.06908	0.01192	0.01684	0.05517	0.07528	0.03804	0.09384	0.06446	0.01533	0.05606	0.02335	0.25371	0.02406	0.01275	0.00850	0.00243	0.05841	0.08105	0.03214	0.00757
9	0.01410	0.00978	0.01140	0.01049	0.01245	0.02909	0.00808	0.08374	0.03388	0.07635	0.06373	0.13868	0.08491	0.04189	0.10857	0.00349	0.07966	0.00941	0.17314	0.00715
10	0.00932	0.04148	0.00915	0.00841	0.01004	0.00713	0.00618	0.01162	0.03492	0.01952	0.17039	0.24999	0.27175	0.06862	0.00970	0.00263	0.00401	0.03395	0.02525	0.00592
11	0.01613	0.01540	0.02620	0.06533	0.66961	0.01549	0.01995	0.02002	0.01511	0.02156	0.01357	0.04629	0.01191	0.00660	0.00672	0.00203	0.00784	0.00650	0.00343	0.01031
12	0.01611	0.01531	0.02596	0.03891	0.67273	0.01527	0.01960	0.02004	0.01554	0.02227	0.06179	0.01894	0.01430	0.00652	0.00673	0.00200	0.00764	0.00641	0.00360	0.01033
13	0.00817	0.00644	0.00729	0.00783	0.00930	0.00565	0.00554	0.00969	0.01441	0.01806	0.09030	0.31646	0.41441	0.04366	0.00905	0.00257	0.00367	0.01569	0.00622	0.00557
14	0.01412	0.10889	0.57636	0.01864	0.02729	0.01713	0.05340	0.02078	0.01392	0.02034	0.01160	0.01403	0.00861	0.00665	0.00732	0.00212	0.06136	0.00501	0.00287	0.00956
15	0.00969	0.00678	0.00873	0.00873	0.00922	0.00727	0.00583	0.01067	0.01018	0.01406	0.01985	0.03674	0.02128	0.47260	0.32149	0.00825	0.01119	0.00871	0.00387	0.00485
16	0.00965	0.00714	0.01044	0.01061	0.01176	0.00806	0.00823	0.01197	0.01152	0.01632	0.04678	0.05730	0.02175	0.08153	0.58621	0.00930	0.01533	0.06614	0.00408	0.00590
17	0.00861	0.00701	0.03006	0.00931	0.01026	0.00612	0.00669	0.01015	0.01310	0.01752	0.07756	0.52786	0.10114	0.07719	0.06107	0.00347	0.00516	0.01626	0.00585	0.00559
18	0.02553	0.01671	0.01862	0.01446	0.01958	0.01794	0.01188	0.51413	0.05866	0.17998	0.01934	0.04022	0.01386	0.00854	0.00678	0.00206	0.00685	0.00664	0.00703	0.01120
19	0.01057	0.00649	0.00949	0.00949	0.01001	0.00701	0.00677	0.01025	0.00973	0.01349	0.01532	0.02526	0.01511	0.10666	0.33633	0.38236	0.01117	0.00680	0.00332	0.00436
20	0.01314	0.00894	0.01058	0.00975	0.01219	0.00872	0.00741	0.06982	0.09678	0.09675	0.26909	0.16033	0.18180	0.01406	0.00769	0.00225	0.00417	0.01214	0.00694	0.00746
21	0.01574	0.01668	0.09697	0.07110	0.30051	0.07237	0.01638	0.01927	0.01502	0.06125	0.04888	0.11386	0.01795	0.00945	0.00827	0.00222	0.07059	0.03046	0.00417	0.00889
22	0.01882	0.12801	0.06149	0.12634	0.05422	0.01818	0.01384	0.25851	0.05177	0.05019	0.01613	0.04798	0.01326	0.00848	0.00742	0.00209	0.05505	0.02896	0.02988	0.00940
23	0.01259	0.03427	0.08250	0.10891	0.03902	0.01202	0.08554	0.01601	0.01283	0.03384	0.01691	0.06242	0.01510	0.04570	0.22780	0.00489	0.06868	0.00727	0.10646	0.00723

[dist]
# distance from previous block
# <min> <max>
0	16

# created by:
# /home/cegg/simao/soft/augustus-3.2.1/scripts/msa2prfl.pl ./align_prep/EOG090W076L.fa
