[name]
unknown

[dist]
# distance from previous block
# <min> <max>
0	29

[block]
# block no. 0 follows, 36 sequences, length 7
# corresponding to MSA columns:
# 29-35
name=unknown_A
#
# <colnr> <probs for GDERKNQSTAVLIFYWHMCP>
#	G	D	E	R	K	N	Q	S	T	A	V	L	I	F	Y	W	H	M	C	P
0	0.01004	0.00717	0.01004	0.01147	0.01291	0.00717	0.01004	0.01291	0.01434	0.01865	0.03299	0.07028	0.03586	0.01721	0.00861	0.00287	0.00574	0.70023	0.00574	0.00574
1	0.02231	0.20738	0.02179	0.01314	0.01820	0.01976	0.01131	0.48650	0.02416	0.09498	0.01424	0.01427	0.01037	0.00697	0.00568	0.00174	0.00667	0.00510	0.00548	0.00995
2	0.00759	0.00542	0.00723	0.00868	0.00904	0.00506	0.00578	0.00868	0.01193	0.01591	0.03434	0.77697	0.04121	0.01952	0.00795	0.00253	0.00361	0.01771	0.00578	0.00506
3	0.00890	0.00668	0.01001	0.01001	0.01113	0.00779	0.00779	0.01113	0.01001	0.01446	0.01669	0.02448	0.01558	0.04673	0.75634	0.01001	0.01669	0.00668	0.00334	0.00556
4	0.01666	0.78478	0.03265	0.01066	0.01599	0.02465	0.01066	0.01866	0.01266	0.01466	0.00866	0.00999	0.00800	0.00533	0.00400	0.00133	0.00666	0.00333	0.00267	0.00800
5	0.09685	0.70812	0.03032	0.01042	0.01560	0.02359	0.01027	0.01862	0.01246	0.01598	0.00866	0.01001	0.00787	0.00538	0.00398	0.00139	0.00648	0.00334	0.00278	0.00787
6	0.00820	0.00605	0.00734	0.00780	0.00871	0.00573	0.00540	0.00948	0.01222	0.01597	0.09468	0.26931	0.20928	0.20261	0.07533	0.00385	0.00520	0.04270	0.00519	0.00494

[dist]
# distance from previous block
# <min> <max>
2	9

[block]
# block no. 1 follows, 36 sequences, length 7
# corresponding to MSA columns:
# 46-52
name=unknown_B
#
# <colnr> <probs for GDERKNQSTAVLIFYWHMCP>
#	G	D	E	R	K	N	Q	S	T	A	V	L	I	F	Y	W	H	M	C	P
0	0.01582	0.20315	0.30067	0.01623	0.02294	0.01790	0.11151	0.13141	0.08218	0.02224	0.01269	0.01412	0.00958	0.00617	0.00575	0.00184	0.00802	0.00506	0.00362	0.00909
1	0.01523	0.01664	0.07768	0.02797	0.30034	0.01516	0.28865	0.05274	0.07128	0.02147	0.01322	0.01630	0.01030	0.00574	0.00657	0.00194	0.00840	0.00623	0.00350	0.04064
2	0.00870	0.00643	0.00817	0.00793	0.00950	0.00590	0.00608	0.01142	0.01679	0.02311	0.56701	0.05085	0.16405	0.01363	0.00747	0.00207	0.00323	0.07529	0.00659	0.00577
3	0.02203	0.20586	0.02148	0.01278	0.01770	0.01526	0.07576	0.14810	0.01827	0.32834	0.05935	0.01836	0.01468	0.00714	0.00586	0.00179	0.00626	0.00581	0.00571	0.00947
4	0.66597	0.01469	0.10970	0.00967	0.01431	0.01375	0.00910	0.01925	0.01139	0.07098	0.00999	0.01121	0.00744	0.00592	0.00428	0.00193	0.00544	0.00372	0.00393	0.00732
5	0.01082	0.00541	0.00812	0.00812	0.00812	0.00541	0.00541	0.00812	0.00812	0.01082	0.01082	0.01894	0.01082	0.02165	0.02435	0.81872	0.00541	0.00541	0.00271	0.00271
6	0.02368	0.01745	0.01870	0.01434	0.01932	0.01932	0.01184	0.72139	0.02929	0.03927	0.01496	0.01496	0.01060	0.00748	0.00623	0.00187	0.00686	0.00561	0.00623	0.01060

[dist]
# distance from previous block
# <min> <max>
0	1

[block]
# block no. 2 follows, 36 sequences, length 9
# corresponding to MSA columns:
# 54-62
name=unknown_C
#
# <colnr> <probs for GDERKNQSTAVLIFYWHMCP>
#	G	D	E	R	K	N	Q	S	T	A	V	L	I	F	Y	W	H	M	C	P
0	0.02368	0.01745	0.01870	0.01434	0.01932	0.01932	0.01184	0.72139	0.02929	0.03927	0.01496	0.01496	0.01060	0.00748	0.00623	0.00187	0.00686	0.00561	0.00623	0.01060
1	0.71141	0.01282	0.01051	0.00906	0.01308	0.01474	0.00747	0.11801	0.01325	0.02956	0.00957	0.01081	0.00729	0.00602	0.00419	0.00192	0.00511	0.00369	0.00419	0.00729
2	0.00739	0.00622	0.00640	0.00655	0.00848	0.00524	0.00484	0.00891	0.01397	0.01674	0.06022	0.13218	0.66929	0.01616	0.00742	0.00215	0.00320	0.01361	0.00579	0.00524
3	0.01542	0.01480	0.02529	0.03824	0.74217	0.01480	0.01912	0.01912	0.01419	0.02036	0.01172	0.01542	0.00987	0.00555	0.00617	0.00185	0.00740	0.00555	0.00308	0.00987
4	0.00823	0.00579	0.00754	0.00869	0.00913	0.00555	0.00598	0.00935	0.01169	0.01552	0.03119	0.52937	0.03672	0.17251	0.01283	0.00328	0.00440	0.11195	0.00537	0.00490
5	0.00854	0.00599	0.00777	0.00883	0.00935	0.00580	0.00624	0.00975	0.01174	0.01555	0.03021	0.42275	0.03516	0.21665	0.01427	0.00352	0.00473	0.17301	0.00525	0.00488
6	0.01435	0.01565	0.03196	0.02283	0.02898	0.01426	0.57616	0.01910	0.01435	0.02003	0.01230	0.01602	0.00941	0.00512	0.00680	0.00186	0.00932	0.00662	0.00326	0.17162
7	0.01922	0.01590	0.02087	0.01590	0.02093	0.01676	0.15349	0.37654	0.15983	0.03093	0.01610	0.01672	0.01185	0.00693	0.00632	0.00187	0.00699	0.00604	0.00538	0.09145
8	0.01429	0.01547	0.03097	0.02228	0.02807	0.01444	0.53663	0.01882	0.01406	0.01975	0.01205	0.01585	0.00934	0.00544	0.00753	0.00190	0.05184	0.00651	0.00324	0.17153

[dist]
# distance from previous block
# <min> <max>
0	1

[block]
# block no. 3 follows, 36 sequences, length 6
# corresponding to MSA columns:
# 64-69
name=unknown_D
#
# <colnr> <probs for GDERKNQSTAVLIFYWHMCP>
#	G	D	E	R	K	N	Q	S	T	A	V	L	I	F	Y	W	H	M	C	P
0	0.01851	0.01442	0.02610	0.01937	0.02471	0.01389	0.38230	0.02545	0.15846	0.22127	0.01845	0.01930	0.01301	0.00657	0.00685	0.00206	0.00796	0.00699	0.00504	0.00930
1	0.00898	0.00605	0.00782	0.00833	0.00941	0.00552	0.00588	0.01070	0.01405	0.05716	0.23113	0.46221	0.11605	0.01664	0.00764	0.00230	0.00347	0.01486	0.00618	0.00560
2	0.01699	0.01777	0.02377	0.03382	0.59794	0.16269	0.01771	0.02027	0.01488	0.01934	0.01130	0.01459	0.00950	0.00572	0.00606	0.00180	0.00817	0.00524	0.00311	0.00934
3	0.01478	0.01390	0.02348	0.03507	0.65567	0.01390	0.01804	0.01838	0.01421	0.02015	0.01424	0.02193	0.01295	0.00693	0.00646	0.00197	0.00720	0.08795	0.00340	0.00938
4	0.02113	0.00963	0.01228	0.01000	0.01388	0.00866	0.00806	0.02476	0.07963	0.47669	0.09276	0.03126	0.16390	0.00981	0.00658	0.00198	0.00464	0.00813	0.00713	0.00907
5	0.01846	0.01434	0.02069	0.01604	0.02047	0.07553	0.22133	0.06399	0.14219	0.19883	0.12090	0.02265	0.01954	0.00770	0.00670	0.00199	0.00704	0.00721	0.00552	0.00886

[dist]
# distance from previous block
# <min> <max>
6	21

[block]
# block no. 4 follows, 36 sequences, length 15
# corresponding to MSA columns:
# 92-106
name=unknown_E
#
# <colnr> <probs for GDERKNQSTAVLIFYWHMCP>
#	G	D	E	R	K	N	Q	S	T	A	V	L	I	F	Y	W	H	M	C	P
0	0.01318	0.01131	0.01304	0.00958	0.01491	0.00904	0.00764	0.01747	0.08650	0.02089	0.01254	0.01398	0.01023	0.00501	0.00479	0.00104	0.00465	0.00404	0.00396	0.73619
1	0.00931	0.00690	0.00890	0.00819	0.01007	0.00620	0.00627	0.01223	0.01697	0.02414	0.62409	0.04445	0.05240	0.01216	0.00714	0.00191	0.00327	0.04973	0.00647	0.08921
2	0.00906	0.00652	0.00751	0.00716	0.00900	0.00575	0.00531	0.01107	0.01527	0.05562	0.31263	0.05148	0.39080	0.07429	0.00921	0.00235	0.00341	0.01178	0.00613	0.00564
3	0.01803	0.45924	0.02539	0.01197	0.01637	0.19556	0.01060	0.08065	0.01580	0.01800	0.08427	0.01447	0.01343	0.00654	0.00492	0.00151	0.00738	0.00450	0.00353	0.00782
4	0.00759	0.00542	0.00723	0.00868	0.00904	0.00506	0.00578	0.00868	0.01193	0.01591	0.03434	0.77697	0.04121	0.01952	0.00795	0.00253	0.00361	0.01771	0.00578	0.00506
5	0.01559	0.01552	0.02389	0.12500	0.60041	0.07286	0.01834	0.01918	0.01425	0.01942	0.01148	0.01524	0.00953	0.00570	0.00613	0.00186	0.00781	0.00543	0.00306	0.00930
6	0.02282	0.01454	0.01708	0.01403	0.04995	0.01512	0.01098	0.37776	0.06005	0.23242	0.01749	0.01693	0.01215	0.00737	0.00655	0.00184	0.03019	0.00569	0.00618	0.08086
7	0.01518	0.01450	0.02450	0.06321	0.68450	0.01448	0.01853	0.01885	0.01407	0.02019	0.01167	0.01535	0.00978	0.00553	0.00610	0.00182	0.00731	0.00547	0.00310	0.04585
8	0.01499	0.01340	0.02010	0.17412	0.33505	0.02980	0.03056	0.06790	0.10484	0.03929	0.07762	0.03480	0.01573	0.00715	0.00636	0.00196	0.00687	0.00651	0.00414	0.00881
9	0.01546	0.15665	0.17678	0.09820	0.05847	0.10913	0.01377	0.01935	0.03735	0.08293	0.04452	0.05405	0.06781	0.00792	0.00634	0.00188	0.03134	0.00621	0.00387	0.00797
10	0.01656	0.31620	0.11801	0.09814	0.02127	0.05913	0.05382	0.01975	0.01374	0.10540	0.01247	0.03542	0.01009	0.00619	0.00524	0.00162	0.00720	0.00483	0.00354	0.09137
11	0.01561	0.27779	0.20062	0.01299	0.01834	0.08961	0.01312	0.02182	0.14622	0.04378	0.07105	0.01779	0.03223	0.00707	0.00548	0.00175	0.00700	0.00535	0.00396	0.00842
12	0.06627	0.26917	0.23964	0.03477	0.01957	0.08126	0.01384	0.01971	0.04511	0.04229	0.03550	0.04037	0.01150	0.00657	0.00523	0.00170	0.00730	0.00488	0.00341	0.05192
13	0.01487	0.08341	0.25890	0.01858	0.13198	0.01381	0.08766	0.06854	0.01510	0.08360	0.05157	0.06245	0.05046	0.02353	0.00678	0.00202	0.00736	0.00673	0.00402	0.00864
14	0.01428	0.05780	0.13550	0.07353	0.06649	0.08965	0.01224	0.04872	0.09937	0.01982	0.04907	0.01895	0.01385	0.07877	0.03180	0.00233	0.00720	0.00556	0.00387	0.17119

[dist]
# distance from previous block
# <min> <max>
5	70

[block]
# block no. 5 follows, 36 sequences, length 12
# corresponding to MSA columns:
# 177-188
name=unknown_F
#
# <colnr> <probs for GDERKNQSTAVLIFYWHMCP>
#	G	D	E	R	K	N	Q	S	T	A	V	L	I	F	Y	W	H	M	C	P
0	0.10120	0.05121	0.01572	0.02913	0.01666	0.04742	0.04219	0.19621	0.07132	0.13579	0.02097	0.04063	0.06777	0.03317	0.00692	0.00206	0.00608	0.05454	0.00538	0.05563
1	0.04177	0.01562	0.09051	0.04190	0.01732	0.09360	0.01103	0.13716	0.10929	0.06436	0.07309	0.12422	0.04411	0.00968	0.00718	0.00202	0.04852	0.00774	0.00508	0.05580
2	0.19180	0.01639	0.09174	0.01209	0.01612	0.11046	0.01047	0.11205	0.13889	0.06884	0.06020	0.04539	0.04409	0.01006	0.04281	0.00237	0.00685	0.00624	0.00495	0.00818
3	0.05337	0.01201	0.01120	0.03960	0.01368	0.14334	0.00800	0.03686	0.02968	0.05999	0.12415	0.10895	0.16448	0.03258	0.09423	0.00299	0.00694	0.00894	0.00500	0.04401
4	0.17919	0.01623	0.01519	0.01496	0.10358	0.15600	0.01047	0.18886	0.04710	0.02592	0.07788	0.02004	0.07199	0.00783	0.00582	0.00185	0.00660	0.00596	0.00476	0.03978
5	0.07934	0.15564	0.12198	0.07298	0.14215	0.11464	0.03666	0.08818	0.03233	0.05432	0.01317	0.01558	0.02235	0.00655	0.00567	0.00183	0.00773	0.01656	0.00373	0.00861
6	0.01488	0.32559	0.23148	0.06858	0.02050	0.01785	0.01414	0.05825	0.06212	0.01805	0.01144	0.01379	0.00934	0.00787	0.00740	0.09575	0.00730	0.00452	0.00317	0.00799
7	0.04380	0.23775	0.03762	0.01079	0.01360	0.01337	0.05008	0.01472	0.03952	0.01596	0.01722	0.11231	0.01764	0.15804	0.16521	0.00432	0.00842	0.02943	0.00374	0.00645
8	0.01581	0.43792	0.20972	0.01262	0.01833	0.04941	0.01337	0.05802	0.01371	0.01751	0.01039	0.01240	0.00872	0.00693	0.00616	0.05833	0.00733	0.00409	0.03119	0.00804
9	0.01165	0.00642	0.00880	0.00849	0.00885	0.00653	0.00573	0.05786	0.00979	0.01308	0.01226	0.02135	0.01229	0.10811	0.02396	0.66674	0.00563	0.00589	0.00312	0.00345
10	0.01745	0.23165	0.06195	0.01369	0.01739	0.31942	0.03585	0.01949	0.01474	0.01579	0.01561	0.10249	0.05501	0.00842	0.00641	0.00178	0.04589	0.00620	0.00350	0.00727
11	0.04739	0.00703	0.00832	0.00791	0.00908	0.00695	0.00552	0.05002	0.01425	0.02023	0.33325	0.08369	0.05908	0.25512	0.01583	0.05128	0.00441	0.00999	0.00537	0.00526

[dist]
# distance from previous block
# <min> <max>
1	2

[block]
# block no. 6 follows, 36 sequences, length 26
# corresponding to MSA columns:
# 191-216
name=unknown_G
#
# <colnr> <probs for GDERKNQSTAVLIFYWHMCP>
#	G	D	E	R	K	N	Q	S	T	A	V	L	I	F	Y	W	H	M	C	P
0	0.06016	0.42841	0.09570	0.01296	0.01790	0.25928	0.01210	0.02075	0.01421	0.01603	0.00922	0.01071	0.00793	0.00576	0.00470	0.00151	0.00829	0.00368	0.00290	0.00780
1	0.01250	0.03223	0.74875	0.01776	0.02697	0.01447	0.02302	0.01973	0.01315	0.01973	0.01118	0.01315	0.00789	0.00592	0.00592	0.00197	0.00921	0.00460	0.00263	0.00921
2	0.00890	0.00668	0.01001	0.01001	0.01113	0.00779	0.00779	0.01113	0.01001	0.01446	0.01669	0.02448	0.01558	0.04673	0.75634	0.01001	0.01669	0.00668	0.00334	0.00556
3	0.01723	0.72000	0.03136	0.01112	0.01627	0.08740	0.01078	0.01919	0.01309	0.01471	0.00875	0.01010	0.00800	0.00542	0.00414	0.00136	0.00706	0.00339	0.00271	0.00793
4	0.01366	0.01105	0.01300	0.00932	0.01482	0.00835	0.00747	0.01641	0.01316	0.05591	0.01174	0.01333	0.00953	0.00477	0.00470	0.00097	0.00465	0.00382	0.00389	0.77948
5	0.01210	0.00833	0.01295	0.01227	0.01444	0.00794	0.09389	0.01494	0.02908	0.10687	0.03042	0.27089	0.04693	0.01510	0.00790	0.00253	0.00554	0.29568	0.00569	0.00652
6	0.01059	0.00589	0.00871	0.06185	0.01062	0.00600	0.00620	0.00874	0.00895	0.01170	0.01533	0.02229	0.07317	0.02005	0.02160	0.69060	0.00542	0.00608	0.00297	0.00322
7	0.01292	0.01107	0.01292	0.00923	0.01477	0.00831	0.00738	0.01569	0.01292	0.02030	0.01107	0.01292	0.00923	0.00461	0.00461	0.00092	0.00461	0.00369	0.00369	0.81912
8	0.02327	0.02970	0.01766	0.01605	0.01926	0.75602	0.01204	0.02488	0.01766	0.01525	0.00963	0.01124	0.00803	0.00642	0.00562	0.00161	0.01124	0.00401	0.00321	0.00722
9	0.01381	0.26933	0.52314	0.01552	0.02351	0.01768	0.01913	0.01939	0.01300	0.01813	0.01039	0.01216	0.00793	0.00573	0.00531	0.00177	0.00841	0.00420	0.00264	0.00883
10	0.00891	0.00665	0.00989	0.00989	0.01096	0.00772	0.00763	0.01105	0.00998	0.01437	0.01680	0.02510	0.01585	0.07484	0.72860	0.00986	0.01628	0.00677	0.00335	0.00549
11	0.01320	0.15876	0.62835	0.01657	0.02512	0.01618	0.02094	0.01955	0.01307	0.01888	0.01076	0.01262	0.00791	0.00582	0.00560	0.00187	0.00878	0.00439	0.00264	0.00900
12	0.01542	0.01480	0.02529	0.03824	0.74217	0.01480	0.01912	0.01912	0.01419	0.02036	0.01172	0.01542	0.00987	0.00555	0.00617	0.00185	0.00740	0.00555	0.00308	0.00987
13	0.00828	0.00607	0.00777	0.00793	0.00913	0.00556	0.00572	0.01050	0.01551	0.02131	0.44899	0.27208	0.12771	0.01515	0.00754	0.00215	0.00317	0.01345	0.00641	0.00556
14	0.01241	0.00880	0.01296	0.01531	0.18168	0.00832	0.00933	0.01547	0.01685	0.10115	0.49207	0.03654	0.04269	0.01052	0.00696	0.00193	0.00424	0.00939	0.00607	0.00732
15	0.01496	0.10413	0.11279	0.03165	0.55063	0.01559	0.01818	0.01883	0.01389	0.01952	0.01290	0.01591	0.03206	0.00589	0.00593	0.00181	0.00740	0.00542	0.00307	0.00943
16	0.01417	0.20773	0.40840	0.02086	0.19188	0.01698	0.01916	0.01933	0.01328	0.01867	0.01071	0.01293	0.00838	0.00569	0.00552	0.00179	0.00818	0.00452	0.00275	0.00907
17	0.01108	0.00945	0.01259	0.12525	0.04957	0.04018	0.03510	0.04882	0.06440	0.01838	0.02630	0.40662	0.02872	0.01423	0.00736	0.00235	0.00552	0.08256	0.00507	0.00645
18	0.01393	0.01438	0.02309	0.43817	0.16083	0.07803	0.14694	0.01799	0.01362	0.01738	0.01135	0.01598	0.00877	0.00595	0.00637	0.00200	0.00881	0.00574	0.00293	0.00773
19	0.08722	0.21709	0.26321	0.01374	0.01994	0.08414	0.01449	0.09629	0.01556	0.11571	0.01234	0.01316	0.00911	0.00620	0.00531	0.00176	0.00761	0.00445	0.00385	0.00884
20	0.01452	0.01357	0.04488	0.09811	0.21679	0.05821	0.02608	0.10101	0.01565	0.04662	0.02282	0.10893	0.11666	0.00977	0.00740	0.00207	0.04745	0.03717	0.00436	0.00794
21	0.01449	0.13689	0.07813	0.39000	0.09966	0.07976	0.03097	0.04447	0.01375	0.01732	0.01073	0.01458	0.00846	0.00618	0.00624	0.00190	0.03073	0.00503	0.00295	0.00774
22	0.01391	0.26194	0.15903	0.04721	0.19800	0.01637	0.01458	0.01733	0.01315	0.01779	0.03989	0.09586	0.01394	0.00746	0.00603	0.00179	0.02935	0.00611	0.00329	0.03695
23	0.01441	0.01480	0.05080	0.34961	0.16108	0.07203	0.07084	0.06729	0.01448	0.01897	0.01180	0.01638	0.00941	0.03532	0.00709	0.00205	0.00813	0.00553	0.00323	0.06674
24	0.03275	0.15538	0.32832	0.10463	0.02296	0.04195	0.01604	0.03805	0.01352	0.01859	0.04124	0.07526	0.03843	0.00778	0.00644	0.00194	0.03939	0.00608	0.00333	0.00795
25	0.04016	0.16384	0.02192	0.11513	0.14265	0.11086	0.03943	0.03561	0.01364	0.05363	0.01150	0.03177	0.00982	0.00791	0.02470	0.00207	0.12819	0.00519	0.00334	0.03863

[dist]
# distance from previous block
# <min> <max>
29	86

[block]
# block no. 7 follows, 36 sequences, length 17
# corresponding to MSA columns:
# 329-345
name=unknown_H
#
# <colnr> <probs for GDERKNQSTAVLIFYWHMCP>
#	G	D	E	R	K	N	Q	S	T	A	V	L	I	F	Y	W	H	M	C	P
0	0.01464	0.01211	0.01706	0.29200	0.05473	0.04029	0.05888	0.10343	0.03809	0.07380	0.07829	0.02566	0.07327	0.00836	0.00654	0.00201	0.00687	0.04828	0.00451	0.04119
1	0.13433	0.01308	0.01507	0.06887	0.06770	0.07351	0.03795	0.08485	0.05865	0.15599	0.10401	0.02220	0.03443	0.00782	0.00599	0.00187	0.00604	0.02743	0.00516	0.07506
2	0.51969	0.01208	0.01184	0.00999	0.01394	0.01324	0.03361	0.07968	0.04359	0.13206	0.03397	0.04755	0.01191	0.00710	0.00491	0.00196	0.00517	0.00513	0.00486	0.00772
3	0.82504	0.01205	0.00916	0.00819	0.01205	0.01398	0.00675	0.01832	0.01060	0.02795	0.00868	0.01012	0.00675	0.00578	0.00386	0.00193	0.00482	0.00337	0.00386	0.00675
4	0.02086	0.00947	0.01247	0.01017	0.01382	0.00861	0.00817	0.02463	0.07377	0.45933	0.25292	0.02946	0.02956	0.00938	0.00662	0.00195	0.00452	0.00793	0.00733	0.00904
5	0.02661	0.01090	0.01442	0.01126	0.01594	0.00984	0.00923	0.03066	0.09456	0.66896	0.02466	0.02143	0.01581	0.00779	0.00627	0.00195	0.00526	0.00635	0.00756	0.01052
6	0.00736	0.00631	0.00631	0.00631	0.00842	0.00526	0.00473	0.00894	0.01420	0.01683	0.06312	0.05996	0.73964	0.01578	0.00736	0.00210	0.00316	0.01315	0.00579	0.00526
7	0.02795	0.01060	0.01446	0.01109	0.01591	0.00916	0.00916	0.03036	0.01783	0.74648	0.02458	0.02121	0.01542	0.00771	0.00627	0.00193	0.00530	0.00627	0.00771	0.01060
8	0.01292	0.01107	0.01292	0.00923	0.01477	0.00831	0.00738	0.01569	0.01292	0.02030	0.01107	0.01292	0.00923	0.00461	0.00461	0.00092	0.00461	0.00369	0.00369	0.81912
9	0.01292	0.01107	0.01292	0.00923	0.01477	0.00831	0.00738	0.01569	0.01292	0.02030	0.01107	0.01292	0.00923	0.00461	0.00461	0.00092	0.00461	0.00369	0.00369	0.81912
10	0.01404	0.01134	0.01399	0.01162	0.07196	0.00887	0.00841	0.01686	0.01332	0.06501	0.01196	0.01363	0.00966	0.00488	0.00484	0.00106	0.00488	0.00400	0.00389	0.70580
11	0.02368	0.01745	0.01870	0.01434	0.01932	0.01932	0.01184	0.72139	0.02929	0.03927	0.01496	0.01496	0.01060	0.00748	0.00623	0.00187	0.00686	0.00561	0.00623	0.01060
12	0.00759	0.00542	0.00723	0.00868	0.00904	0.00506	0.00578	0.00868	0.01193	0.01591	0.03434	0.77697	0.04121	0.01952	0.00795	0.00253	0.00361	0.01771	0.00578	0.00506
13	0.01478	0.01567	0.03130	0.02292	0.02848	0.01516	0.55415	0.05259	0.09396	0.02168	0.04663	0.02056	0.01362	0.00644	0.00723	0.00211	0.00923	0.03113	0.00389	0.00846
14	0.01223	0.05320	0.61066	0.01607	0.02409	0.01383	0.02004	0.01913	0.04322	0.01980	0.04248	0.01828	0.06618	0.00701	0.00604	0.00197	0.00825	0.00556	0.00318	0.00877
15	0.04114	0.05011	0.09676	0.01291	0.01770	0.01397	0.05012	0.21196	0.06819	0.05181	0.01917	0.02128	0.07668	0.00787	0.00658	0.00181	0.03960	0.03320	0.02478	0.15438
16	0.01942	0.03767	0.01576	0.01268	0.03236	0.04782	0.01002	0.33765	0.06580	0.11128	0.09048	0.04959	0.04153	0.00868	0.00627	0.00186	0.00589	0.02232	0.02610	0.05682

[dist]
# distance from previous block
# <min> <max>
2	30

[block]
# block no. 8 follows, 36 sequences, length 52
# corresponding to MSA columns:
# 378-429
name=unknown_I
#
# <colnr> <probs for GDERKNQSTAVLIFYWHMCP>
#	G	D	E	R	K	N	Q	S	T	A	V	L	I	F	Y	W	H	M	C	P
0	0.26698	0.01291	0.01581	0.01415	0.07644	0.01325	0.07659	0.13797	0.03439	0.08073	0.01471	0.03905	0.01218	0.00720	0.00557	0.00187	0.00595	0.05211	0.00464	0.12748
1	0.03644	0.00873	0.01107	0.01042	0.01225	0.02944	0.00813	0.06540	0.03347	0.07659	0.01786	0.02564	0.01613	0.09099	0.49363	0.00750	0.01299	0.03277	0.00413	0.00642
2	0.28175	0.03192	0.01294	0.01045	0.01411	0.01308	0.00845	0.17508	0.03425	0.16409	0.01590	0.03994	0.01261	0.05495	0.10147	0.00317	0.00694	0.00567	0.00514	0.00808
3	0.38342	0.01202	0.01212	0.01021	0.01433	0.01293	0.00830	0.04444	0.16445	0.25314	0.01733	0.01648	0.01215	0.00699	0.00520	0.00197	0.00505	0.00511	0.00565	0.00871
4	0.16478	0.01594	0.01667	0.01299	0.01776	0.01754	0.01073	0.54070	0.02506	0.09583	0.01465	0.01463	0.01032	0.00720	0.00582	0.00188	0.00637	0.00527	0.00594	0.00992
5	0.02347	0.01677	0.01815	0.01403	0.01892	0.01844	0.01155	0.63598	0.07044	0.08385	0.01620	0.01585	0.01141	0.00755	0.00624	0.00189	0.00664	0.00574	0.00633	0.01055
6	0.00873	0.00637	0.00821	0.00775	0.00925	0.00584	0.00581	0.01159	0.01743	0.02450	0.69854	0.04734	0.09943	0.01292	0.00735	0.00197	0.00295	0.01138	0.00679	0.00584
7	0.02795	0.01060	0.01446	0.01109	0.01591	0.00916	0.00916	0.03036	0.01783	0.74648	0.02458	0.02121	0.01542	0.00771	0.00627	0.00193	0.00530	0.00627	0.00771	0.01060
8	0.07553	0.01069	0.01414	0.01091	0.01567	0.00945	0.00901	0.02965	0.01740	0.70359	0.02363	0.02055	0.01491	0.00760	0.00612	0.00193	0.00527	0.00609	0.00748	0.01037
9	0.01520	0.01458	0.02490	0.08169	0.70043	0.01475	0.01901	0.01893	0.01408	0.02009	0.01168	0.01549	0.00978	0.00559	0.00617	0.00186	0.00746	0.00555	0.00307	0.00969
10	0.00736	0.00631	0.00631	0.00631	0.00842	0.00526	0.00473	0.00894	0.01420	0.01683	0.06312	0.05996	0.73964	0.01578	0.00736	0.00210	0.00316	0.01315	0.00579	0.00526
11	0.01004	0.00717	0.01004	0.01147	0.01291	0.00717	0.01004	0.01291	0.01434	0.01865	0.03299	0.07028	0.03586	0.01721	0.00861	0.00287	0.00574	0.70023	0.00574	0.00574
12	0.02795	0.01060	0.01446	0.01109	0.01591	0.00916	0.00916	0.03036	0.01783	0.74648	0.02458	0.02121	0.01542	0.00771	0.00627	0.00193	0.00530	0.00627	0.00771	0.01060
13	0.01516	0.01453	0.02481	0.09108	0.69140	0.01473	0.01899	0.01889	0.01406	0.02003	0.01167	0.01551	0.00976	0.00560	0.00617	0.00187	0.00747	0.00555	0.00306	0.00966
14	0.00891	0.00665	0.00987	0.00987	0.01093	0.00771	0.00761	0.01103	0.00997	0.01436	0.01682	0.02522	0.01590	0.08007	0.72344	0.00983	0.01621	0.00678	0.00336	0.00548
15	0.82504	0.01205	0.00916	0.00819	0.01205	0.01398	0.00675	0.01832	0.01060	0.02795	0.00868	0.01012	0.00675	0.00578	0.00386	0.00193	0.00482	0.00337	0.00386	0.00675
16	0.00905	0.00607	0.00694	0.00694	0.00699	0.00612	0.00396	0.00915	0.00910	0.01219	0.01950	0.04003	0.02233	0.74769	0.06461	0.00622	0.00652	0.00895	0.00376	0.00386
17	0.01542	0.01480	0.02529	0.03824	0.74217	0.01480	0.01912	0.01912	0.01419	0.02036	0.01172	0.01542	0.00987	0.00555	0.00617	0.00185	0.00740	0.00555	0.00308	0.00987
18	0.01370	0.25040	0.54114	0.01570	0.02378	0.01742	0.01944	0.01942	0.01301	0.01826	0.01045	0.01224	0.00792	0.00575	0.00536	0.00179	0.00847	0.00424	0.00264	0.00886
19	0.82504	0.01205	0.00916	0.00819	0.01205	0.01398	0.00675	0.01832	0.01060	0.02795	0.00868	0.01012	0.00675	0.00578	0.00386	0.00193	0.00482	0.00337	0.00386	0.00675
20	0.01471	0.01681	0.03676	0.02626	0.03256	0.01576	0.71954	0.01996	0.01471	0.01996	0.01261	0.01681	0.00945	0.00525	0.00735	0.00210	0.01050	0.00735	0.00315	0.00840
21	0.82504	0.01205	0.00916	0.00819	0.01205	0.01398	0.00675	0.01832	0.01060	0.02795	0.00868	0.01012	0.00675	0.00578	0.00386	0.00193	0.00482	0.00337	0.00386	0.00675
22	0.00759	0.00542	0.00723	0.00868	0.00904	0.00506	0.00578	0.00868	0.01193	0.01591	0.03434	0.77697	0.04121	0.01952	0.00795	0.00253	0.00361	0.01771	0.00578	0.00506
23	0.82504	0.01205	0.00916	0.00819	0.01205	0.01398	0.00675	0.01832	0.01060	0.02795	0.00868	0.01012	0.00675	0.00578	0.00386	0.00193	0.00482	0.00337	0.00386	0.00675
24	0.01516	0.01453	0.02481	0.09108	0.69140	0.01473	0.01899	0.01889	0.01406	0.02003	0.01167	0.01551	0.00976	0.00560	0.00617	0.00187	0.00747	0.00555	0.00306	0.00966
25	0.01542	0.01515	0.02765	0.03032	0.38798	0.01493	0.26056	0.07280	0.01554	0.02154	0.01382	0.01985	0.01167	0.00644	0.00676	0.00201	0.00831	0.05661	0.00354	0.00912
26	0.01250	0.03223	0.74875	0.01776	0.02697	0.01447	0.02302	0.01973	0.01315	0.01973	0.01118	0.01315	0.00789	0.00592	0.00592	0.00197	0.00921	0.00460	0.00263	0.00921
27	0.01471	0.01681	0.03676	0.02626	0.03256	0.01576	0.71954	0.01996	0.01471	0.01996	0.01261	0.01681	0.00945	0.00525	0.00735	0.00210	0.01050	0.00735	0.00315	0.00840
28	0.82504	0.01205	0.00916	0.00819	0.01205	0.01398	0.00675	0.01832	0.01060	0.02795	0.00868	0.01012	0.00675	0.00578	0.00386	0.00193	0.00482	0.00337	0.00386	0.00675
29	0.00919	0.00690	0.00885	0.00983	0.01148	0.00656	0.00835	0.01165	0.01430	0.01807	0.04257	0.06700	0.25976	0.01676	0.00821	0.00263	0.00492	0.48164	0.00575	0.00559
30	0.02462	0.01595	0.01777	0.01362	0.01857	0.01709	0.01125	0.56966	0.02678	0.19456	0.01707	0.01633	0.01166	0.00753	0.00624	0.00188	0.00651	0.00575	0.00656	0.01060
31	0.01179	0.00865	0.01072	0.01036	0.01243	0.00879	0.00846	0.12602	0.04290	0.02448	0.30026	0.07115	0.06003	0.01367	0.00761	0.00230	0.00468	0.26273	0.00627	0.00668
32	0.02795	0.01060	0.01446	0.01109	0.01591	0.00916	0.00916	0.03036	0.01783	0.74648	0.02458	0.02121	0.01542	0.00771	0.00627	0.00193	0.00530	0.00627	0.00771	0.01060
33	0.00759	0.00542	0.00723	0.00868	0.00904	0.00506	0.00578	0.00868	0.01193	0.01591	0.03434	0.77697	0.04121	0.01952	0.00795	0.00253	0.00361	0.01771	0.00578	0.00506
34	0.01471	0.01681	0.03676	0.02626	0.03256	0.01576	0.71954	0.01996	0.01471	0.01996	0.01261	0.01681	0.00945	0.00525	0.00735	0.00210	0.01050	0.00735	0.00315	0.00840
35	0.00882	0.00637	0.00833	0.00784	0.00931	0.00588	0.00588	0.01176	0.01764	0.02499	0.73888	0.04654	0.05879	0.01274	0.00735	0.00196	0.00294	0.01127	0.00686	0.00588
36	0.01250	0.03223	0.74875	0.01776	0.02697	0.01447	0.02302	0.01973	0.01315	0.01973	0.01118	0.01315	0.00789	0.00592	0.00592	0.00197	0.00921	0.00460	0.00263	0.00921
37	0.01542	0.01480	0.02529	0.03824	0.74217	0.01480	0.01912	0.01912	0.01419	0.02036	0.01172	0.01542	0.00987	0.00555	0.00617	0.00185	0.00740	0.00555	0.00308	0.00987
38	0.01550	0.01338	0.01409	0.01268	0.01620	0.01550	0.00986	0.03311	0.73091	0.02606	0.02536	0.02325	0.01902	0.00845	0.00634	0.00211	0.00493	0.00704	0.00634	0.00986
39	0.02368	0.01745	0.01870	0.01434	0.01932	0.01932	0.01184	0.72139	0.02929	0.03927	0.01496	0.01496	0.01060	0.00748	0.00623	0.00187	0.00686	0.00561	0.00623	0.01060
40	0.01542	0.01480	0.02529	0.03824	0.74217	0.01480	0.01912	0.01912	0.01419	0.02036	0.01172	0.01542	0.00987	0.00555	0.00617	0.00185	0.00740	0.00555	0.00308	0.00987
41	0.01177	0.01107	0.01869	0.76606	0.04291	0.01384	0.01730	0.01592	0.01246	0.01592	0.01107	0.01661	0.00831	0.00623	0.00623	0.00208	0.00831	0.00554	0.00277	0.00692
42	0.82504	0.01205	0.00916	0.00819	0.01205	0.01398	0.00675	0.01832	0.01060	0.02795	0.00868	0.01012	0.00675	0.00578	0.00386	0.00193	0.00482	0.00337	0.00386	0.00675
43	0.82504	0.01205	0.00916	0.00819	0.01205	0.01398	0.00675	0.01832	0.01060	0.02795	0.00868	0.01012	0.00675	0.00578	0.00386	0.00193	0.00482	0.00337	0.00386	0.00675
44	0.01177	0.01107	0.01869	0.76606	0.04291	0.01384	0.01730	0.01592	0.01246	0.01592	0.01107	0.01661	0.00831	0.00623	0.00623	0.00208	0.00831	0.00554	0.00277	0.00692
45	0.00736	0.00631	0.00631	0.00631	0.00842	0.00526	0.00473	0.00894	0.01420	0.01683	0.06312	0.05996	0.73964	0.01578	0.00736	0.00210	0.00316	0.01315	0.00579	0.00526
46	0.00790	0.00633	0.00705	0.00687	0.00874	0.00549	0.00516	0.00998	0.01547	0.01983	0.31197	0.05502	0.48892	0.01466	0.00736	0.00205	0.00308	0.01246	0.00618	0.00549
47	0.17142	0.01466	0.01706	0.01438	0.01623	0.04385	0.01190	0.15769	0.01399	0.02236	0.00968	0.01314	0.00838	0.00908	0.01390	0.00236	0.44365	0.00504	0.00366	0.00758
48	0.01265	0.06065	0.72171	0.01749	0.02655	0.01485	0.02255	0.01969	0.01314	0.01954	0.01109	0.01304	0.00790	0.00590	0.00585	0.00195	0.00911	0.00456	0.00263	0.00916
49	0.01455	0.01391	0.02371	0.21207	0.57516	0.01457	0.01869	0.01836	0.01377	0.01930	0.01157	0.01571	0.00950	0.00571	0.00618	0.00190	0.00762	0.00555	0.00301	0.00917
50	0.01427	0.35381	0.44275	0.01473	0.02228	0.01882	0.01774	0.01927	0.01294	0.01756	0.01010	0.01180	0.00794	0.00567	0.00510	0.00170	0.00812	0.00406	0.00265	0.00869
51	0.03109	0.01029	0.01549	0.01269	0.01582	0.02751	0.17567	0.05659	0.01608	0.02132	0.20583	0.04236	0.25244	0.01171	0.00728	0.00211	0.00556	0.07821	0.00533	0.00661

[dist]
# distance from previous block
# <min> <max>
0	2

[block]
# block no. 9 follows, 36 sequences, length 7
# corresponding to MSA columns:
# 432-438
name=unknown_J
#
# <colnr> <probs for GDERKNQSTAVLIFYWHMCP>
#	G	D	E	R	K	N	Q	S	T	A	V	L	I	F	Y	W	H	M	C	P
0	0.01129	0.00871	0.01237	0.01181	0.01389	0.00854	0.06743	0.07412	0.01458	0.01946	0.02696	0.16852	0.02906	0.10291	0.01059	0.00290	0.00585	0.34592	0.00521	0.05989
1	0.01561	0.00964	0.01211	0.01056	0.01396	0.00876	0.00859	0.08840	0.01608	0.17821	0.05757	0.13655	0.02411	0.01116	0.00672	0.00199	0.00505	0.18006	0.00577	0.20912
2	0.01587	0.01093	0.01300	0.01001	0.01473	0.00939	0.00798	0.02092	0.12726	0.16187	0.07986	0.01910	0.01632	0.00653	0.00544	0.00140	0.00465	0.00538	0.00516	0.46419
3	0.01489	0.06269	0.01447	0.00998	0.01500	0.01082	0.00813	0.07984	0.07714	0.06745	0.01701	0.01764	0.06196	0.00623	0.00516	0.00128	0.00491	0.00496	0.00448	0.51596
4	0.04702	0.01111	0.01266	0.01060	0.01427	0.01089	0.00845	0.15235	0.11263	0.04799	0.14032	0.07956	0.02373	0.00929	0.00620	0.00178	0.00486	0.06460	0.00552	0.23617
5	0.01414	0.01082	0.01465	0.01192	0.01571	0.01013	0.09030	0.05032	0.12316	0.09244	0.04727	0.04710	0.07847	0.06631	0.00830	0.00216	0.00555	0.08834	0.00511	0.21781
6	0.03982	0.03441	0.07453	0.01173	0.01556	0.07743	0.00994	0.13247	0.14433	0.08212	0.12909	0.08323	0.03875	0.02911	0.00692	0.00200	0.00577	0.00751	0.00544	0.06984

[dist]
# distance from previous block
# <min> <max>
0	41

[block]
# block no. 10 follows, 36 sequences, length 112
# corresponding to MSA columns:
# 488-599
name=unknown_K
#
# <colnr> <probs for GDERKNQSTAVLIFYWHMCP>
#	G	D	E	R	K	N	Q	S	T	A	V	L	I	F	Y	W	H	M	C	P
0	0.03401	0.01414	0.07464	0.01362	0.01811	0.05294	0.12993	0.05128	0.08221	0.09529	0.03857	0.10612	0.04140	0.03452	0.00710	0.00195	0.00640	0.00738	0.00467	0.18573
1	0.06442	0.05815	0.01911	0.01413	0.01817	0.01305	0.16536	0.12816	0.05533	0.08224	0.08784	0.10013	0.01945	0.02543	0.00731	0.00204	0.02479	0.02595	0.00495	0.08401
2	0.05993	0.03901	0.03535	0.01201	0.01643	0.07093	0.04470	0.14659	0.07706	0.06734	0.03669	0.06781	0.01445	0.03407	0.00659	0.00178	0.00604	0.00603	0.00474	0.25247
3	0.01749	0.03966	0.05730	0.07618	0.20168	0.08975	0.11427	0.09470	0.03954	0.09616	0.01412	0.03556	0.01107	0.00646	0.00614	0.00182	0.00767	0.00582	0.00409	0.08053
4	0.03994	0.07277	0.15367	0.03435	0.02148	0.03247	0.12311	0.16055	0.07481	0.04310	0.01492	0.01622	0.03210	0.00643	0.00587	0.00175	0.00723	0.00546	0.00420	0.14958
5	0.03725	0.02791	0.57605	0.01704	0.02492	0.03407	0.06352	0.01902	0.01333	0.01978	0.03204	0.01569	0.03377	0.00652	0.00645	0.00197	0.03302	0.00519	0.00296	0.02951
6	0.01366	0.01172	0.01584	0.01164	0.01687	0.00967	0.09545	0.04022	0.03211	0.03992	0.01308	0.04033	0.01100	0.00675	0.02791	0.00149	0.00577	0.00493	0.00394	0.59769
7	0.02195	0.01656	0.01773	0.01389	0.01865	0.01832	0.01136	0.58180	0.14808	0.03642	0.01660	0.01630	0.01198	0.00755	0.00620	0.00188	0.00646	0.00579	0.00617	0.03631
8	0.00736	0.00631	0.00631	0.00631	0.00842	0.00526	0.00473	0.00894	0.01420	0.01683	0.06312	0.05996	0.73964	0.01578	0.00736	0.00210	0.00316	0.01315	0.00579	0.00526
9	0.01550	0.01338	0.01409	0.01268	0.01620	0.01550	0.00986	0.03311	0.73091	0.02606	0.02536	0.02325	0.01902	0.00845	0.00634	0.00211	0.00493	0.00704	0.00634	0.00986
10	0.01266	0.06172	0.72068	0.01748	0.02654	0.01487	0.02254	0.01969	0.01314	0.01953	0.01108	0.01303	0.00790	0.00590	0.00584	0.00195	0.00911	0.00455	0.00263	0.00916
11	0.00795	0.00650	0.00712	0.00743	0.00939	0.00568	0.00589	0.00980	0.01423	0.01723	0.05657	0.06221	0.58658	0.01609	0.00763	0.00227	0.00372	0.16257	0.00578	0.00536
12	0.00986	0.00707	0.00981	0.01120	0.01261	0.00703	0.00970	0.01261	0.01424	0.01848	0.03402	0.09764	0.05900	0.01726	0.00854	0.00283	0.00557	0.65109	0.00574	0.00570
13	0.01519	0.01456	0.02486	0.08515	0.69710	0.01474	0.01900	0.01892	0.01408	0.02007	0.01168	0.01550	0.00977	0.00560	0.00617	0.00187	0.00746	0.00555	0.00306	0.00968
14	0.02032	0.05697	0.06351	0.01373	0.01798	0.19689	0.02996	0.24208	0.09732	0.08473	0.01554	0.01660	0.01175	0.03001	0.00660	0.00191	0.00748	0.00542	0.07238	0.00882
15	0.01292	0.01107	0.01292	0.00923	0.01477	0.00831	0.00738	0.01569	0.01292	0.02030	0.01107	0.01292	0.00923	0.00461	0.00461	0.00092	0.00461	0.00369	0.00369	0.81912
16	0.02368	0.01745	0.01870	0.01434	0.01932	0.01932	0.01184	0.72139	0.02929	0.03927	0.01496	0.01496	0.01060	0.00748	0.00623	0.00187	0.00686	0.00561	0.00623	0.01060
17	0.01542	0.01480	0.02529	0.03824	0.74217	0.01480	0.01912	0.01912	0.01419	0.02036	0.01172	0.01542	0.00987	0.00555	0.00617	0.00185	0.00740	0.00555	0.00308	0.00987
18	0.00877	0.00637	0.00826	0.00779	0.00928	0.00586	0.00584	0.01166	0.01752	0.02470	0.71548	0.04701	0.08237	0.01284	0.00735	0.00196	0.00295	0.01133	0.00682	0.00586
19	0.00869	0.00636	0.00815	0.00770	0.00923	0.00582	0.00577	0.01150	0.01732	0.02425	0.67754	0.04776	0.12059	0.01301	0.00735	0.00197	0.00296	0.01144	0.00676	0.00582
20	0.00763	0.00545	0.00727	0.00865	0.00905	0.00509	0.00579	0.00878	0.01212	0.01621	0.05834	0.75208	0.04181	0.01929	0.00793	0.00251	0.00359	0.01749	0.00582	0.00509
21	0.00759	0.00542	0.00723	0.00868	0.00904	0.00506	0.00578	0.00868	0.01193	0.01591	0.03434	0.77697	0.04121	0.01952	0.00795	0.00253	0.00361	0.01771	0.00578	0.00506
22	0.01220	0.01152	0.01948	0.67915	0.12641	0.01396	0.01752	0.01630	0.01266	0.01645	0.01115	0.01647	0.00849	0.00615	0.00622	0.00205	0.00820	0.00554	0.00281	0.00727
23	0.02327	0.02970	0.01766	0.01605	0.01926	0.75602	0.01204	0.02488	0.01766	0.01525	0.00963	0.01124	0.00803	0.00642	0.00562	0.00161	0.01124	0.00401	0.00321	0.00722
24	0.01004	0.00717	0.01004	0.01147	0.01291	0.00717	0.01004	0.01291	0.01434	0.01865	0.03299	0.07028	0.03586	0.01721	0.00861	0.00287	0.00574	0.70023	0.00574	0.00574
25	0.00882	0.00637	0.00833	0.00784	0.00931	0.00588	0.00588	0.01176	0.01764	0.02499	0.73888	0.04654	0.05879	0.01274	0.00735	0.00196	0.00294	0.01127	0.00686	0.00588
26	0.82504	0.01205	0.00916	0.00819	0.01205	0.01398	0.00675	0.01832	0.01060	0.02795	0.00868	0.01012	0.00675	0.00578	0.00386	0.00193	0.00482	0.00337	0.00386	0.00675
27	0.01292	0.01107	0.01292	0.00923	0.01477	0.00831	0.00738	0.01569	0.01292	0.02030	0.01107	0.01292	0.00923	0.00461	0.00461	0.00092	0.00461	0.00369	0.00369	0.81912
28	0.82504	0.01205	0.00916	0.00819	0.01205	0.01398	0.00675	0.01832	0.01060	0.02795	0.00868	0.01012	0.00675	0.00578	0.00386	0.00193	0.00482	0.00337	0.00386	0.00675
29	0.01370	0.25038	0.54116	0.01570	0.02379	0.01742	0.01944	0.01942	0.01301	0.01826	0.01045	0.01224	0.00792	0.00575	0.00536	0.00179	0.00847	0.00424	0.00264	0.00886
30	0.00882	0.00637	0.00833	0.00784	0.00931	0.00588	0.00588	0.01176	0.01764	0.02499	0.73888	0.04654	0.05879	0.01274	0.00735	0.00196	0.00294	0.01127	0.00686	0.00588
31	0.01666	0.78478	0.03265	0.01066	0.01599	0.02465	0.01066	0.01866	0.01266	0.01466	0.00866	0.00999	0.00800	0.00533	0.00400	0.00133	0.00666	0.00333	0.00267	0.00800
32	0.01500	0.48581	0.31714	0.01348	0.02035	0.02061	0.01557	0.01908	0.01286	0.01667	0.00966	0.01125	0.00795	0.00556	0.00476	0.00159	0.00767	0.00384	0.00265	0.00848
33	0.01566	0.60382	0.20484	0.01237	0.01863	0.02220	0.01363	0.01892	0.01278	0.01588	0.00927	0.01075	0.00797	0.00547	0.00446	0.00149	0.00728	0.00364	0.00266	0.00829
34	0.00759	0.00542	0.00723	0.00868	0.00904	0.00506	0.00578	0.00868	0.01193	0.01591	0.03434	0.77697	0.04121	0.01952	0.00795	0.00253	0.00361	0.01771	0.00578	0.00506
35	0.01250	0.03223	0.74875	0.01776	0.02697	0.01447	0.02302	0.01973	0.01315	0.01973	0.01118	0.01315	0.00789	0.00592	0.00592	0.00197	0.00921	0.00460	0.00263	0.00921
36	0.01292	0.01107	0.01292	0.00923	0.01477	0.00831	0.00738	0.01569	0.01292	0.02030	0.01107	0.01292	0.00923	0.00461	0.00461	0.00092	0.00461	0.00369	0.00369	0.81912
37	0.01250	0.03223	0.74875	0.01776	0.02697	0.01447	0.02302	0.01973	0.01315	0.01973	0.01118	0.01315	0.00789	0.00592	0.00592	0.00197	0.00921	0.00460	0.00263	0.00921
38	0.00882	0.00637	0.00833	0.00784	0.00931	0.00588	0.00588	0.01176	0.01764	0.02499	0.73888	0.04654	0.05879	0.01274	0.00735	0.00196	0.00294	0.01127	0.00686	0.00588
39	0.01542	0.01480	0.02529	0.03824	0.74217	0.01480	0.01912	0.01912	0.01419	0.02036	0.01172	0.01542	0.00987	0.00555	0.00617	0.00185	0.00740	0.00555	0.00308	0.00987
40	0.01652	0.75968	0.05654	0.01090	0.01636	0.02431	0.01107	0.01869	0.01268	0.01483	0.00875	0.01010	0.00799	0.00535	0.00406	0.00135	0.00675	0.00337	0.00266	0.00804
41	0.01250	0.03223	0.74875	0.01776	0.02697	0.01447	0.02302	0.01973	0.01315	0.01973	0.01118	0.01315	0.00789	0.00592	0.00592	0.00197	0.00921	0.00460	0.00263	0.00921
42	0.01161	0.00581	0.00581	0.00581	0.00726	0.00581	0.00436	0.01452	0.01307	0.02323	0.02033	0.02323	0.01597	0.00726	0.00436	0.00145	0.00290	0.00581	0.81562	0.00581
43	0.02264	0.02786	0.01761	0.01584	0.01904	0.66347	0.01200	0.05970	0.04704	0.01688	0.01049	0.01199	0.00861	0.00671	0.00619	0.00168	0.03702	0.00427	0.00347	0.00749
44	0.01545	0.01361	0.01558	0.01357	0.01727	0.01551	0.05640	0.03225	0.68394	0.02566	0.02452	0.02282	0.01839	0.00824	0.00641	0.00211	0.00530	0.00706	0.00613	0.00977
45	0.01542	0.01480	0.02529	0.03824	0.74217	0.01480	0.01912	0.01912	0.01419	0.02036	0.01172	0.01542	0.00987	0.00555	0.00617	0.00185	0.00740	0.00555	0.00308	0.00987
46	0.00890	0.00668	0.01001	0.01001	0.01113	0.00779	0.00779	0.01113	0.01001	0.01446	0.01669	0.02448	0.01558	0.04673	0.75634	0.01001	0.01669	0.00668	0.00334	0.00556
47	0.82504	0.01205	0.00916	0.00819	0.01205	0.01398	0.00675	0.01832	0.01060	0.02795	0.00868	0.01012	0.00675	0.00578	0.00386	0.00193	0.00482	0.00337	0.00386	0.00675
48	0.01443	0.37638	0.37501	0.01398	0.02118	0.01877	0.01639	0.01899	0.01291	0.01744	0.01002	0.01169	0.00802	0.00557	0.00496	0.00161	0.00776	0.00396	0.00271	0.05821
49	0.00882	0.00637	0.00833	0.00784	0.00931	0.00588	0.00588	0.01176	0.01764	0.02499	0.73888	0.04654	0.05879	0.01274	0.00735	0.00196	0.00294	0.01127	0.00686	0.00588
50	0.13003	0.01037	0.01040	0.00915	0.01210	0.06731	0.00716	0.03439	0.03935	0.17330	0.22273	0.03510	0.20303	0.01069	0.00644	0.00196	0.00456	0.00872	0.00603	0.00718
51	0.01636	0.01449	0.01907	0.31175	0.15114	0.05182	0.01492	0.18801	0.12594	0.02376	0.01421	0.01676	0.01073	0.00676	0.00621	0.00197	0.00744	0.00571	0.00421	0.00876
52	0.00882	0.00637	0.00833	0.00784	0.00931	0.00588	0.00588	0.01176	0.01764	0.02499	0.73888	0.04654	0.05879	0.01274	0.00735	0.00196	0.00294	0.01127	0.00686	0.00588
53	0.00835	0.00688	0.00815	0.00813	0.00961	0.00668	0.00617	0.01012	0.01400	0.01799	0.16700	0.17189	0.40732	0.01551	0.00871	0.00224	0.07290	0.04715	0.00569	0.00550
54	0.00736	0.00631	0.00631	0.00631	0.00842	0.00526	0.00473	0.00894	0.01420	0.01683	0.06312	0.05996	0.73964	0.01578	0.00736	0.00210	0.00316	0.01315	0.00579	0.00526
55	0.01223	0.01149	0.01582	0.01399	0.01475	0.03958	0.04593	0.01391	0.01054	0.01511	0.01376	0.02436	0.01399	0.11721	0.15588	0.00445	0.39829	0.06925	0.00329	0.00619
56	0.01250	0.03223	0.74875	0.01776	0.02697	0.01447	0.02302	0.01973	0.01315	0.01973	0.01118	0.01315	0.00789	0.00592	0.00592	0.00197	0.00921	0.00460	0.00263	0.00921
57	0.01203	0.00794	0.01054	0.03490	0.01284	0.00762	0.02558	0.03598	0.03900	0.11106	0.22662	0.11327	0.14543	0.03957	0.00825	0.00236	0.00455	0.14979	0.00610	0.00657
58	0.01216	0.01047	0.01218	0.00982	0.01365	0.03236	0.03033	0.01536	0.05742	0.01875	0.01889	0.04545	0.06071	0.12715	0.00961	0.00212	0.00523	0.06057	0.00418	0.45356
59	0.14400	0.18071	0.08017	0.01362	0.01761	0.30598	0.01184	0.02160	0.03732	0.04161	0.01026	0.01192	0.00842	0.00661	0.00657	0.00177	0.08486	0.00414	0.00335	0.00763
60	0.01729	0.05909	0.03898	0.01231	0.03982	0.04025	0.03824	0.04488	0.12775	0.22496	0.25491	0.02788	0.02857	0.00903	0.00650	0.00192	0.00525	0.00770	0.00618	0.00849
61	0.01524	0.06110	0.06038	0.01250	0.01699	0.05995	0.07688	0.05448	0.08472	0.08462	0.12378	0.02176	0.04768	0.00752	0.00631	0.00167	0.02613	0.00629	0.00475	0.22724
62	0.01616	0.01240	0.01521	0.01133	0.01624	0.01125	0.02992	0.12468	0.01565	0.09435	0.01279	0.01423	0.00996	0.00594	0.00651	0.00136	0.07332	0.00450	0.00437	0.51983
63	0.01354	0.20387	0.56137	0.01597	0.02411	0.01683	0.01977	0.01991	0.03598	0.01877	0.01106	0.01275	0.00827	0.00587	0.00549	0.00183	0.00849	0.00439	0.00276	0.00895
64	0.01331	0.16556	0.59763	0.01678	0.02520	0.01632	0.04407	0.01955	0.01312	0.01884	0.01078	0.01271	0.00796	0.00579	0.00563	0.00186	0.00880	0.00447	0.00265	0.00897
65	0.05206	0.01100	0.01424	0.01119	0.01582	0.01011	0.00917	0.03032	0.10702	0.63300	0.02417	0.02111	0.01559	0.00774	0.00620	0.00195	0.00524	0.00627	0.00742	0.01039
66	0.00878	0.00637	0.00827	0.00779	0.00928	0.00586	0.00584	0.01167	0.01753	0.02474	0.71883	0.04694	0.07899	0.01283	0.00735	0.00196	0.00295	0.01132	0.00683	0.00586
67	0.01233	0.01165	0.01971	0.65344	0.15111	0.01399	0.01758	0.01641	0.01273	0.01661	0.01117	0.01643	0.00855	0.00612	0.00622	0.00204	0.00817	0.00554	0.00282	0.00738
68	0.00736	0.00631	0.00631	0.00631	0.00842	0.00526	0.00473	0.00894	0.01420	0.01683	0.06312	0.05996	0.73964	0.01578	0.00736	0.00210	0.00316	0.01315	0.00579	0.00526
69	0.00906	0.00604	0.00680	0.00680	0.00680	0.00604	0.00378	0.00906	0.00906	0.01208	0.01963	0.04077	0.02265	0.78103	0.03171	0.00604	0.00604	0.00906	0.00378	0.00378
