[name]
unknown

[dist]
# distance from previous block
# <min> <max>
0	4

[block]
# block no. 0 follows, 29 sequences, length 74
# corresponding to MSA columns:
# 34-107
name=unknown_A
#
# <colnr> <probs for GDERKNQSTAVLIFYWHMCP>
#	G	D	E	R	K	N	Q	S	T	A	V	L	I	F	Y	W	H	M	C	P
0	0.01147	0.00820	0.01147	0.01311	0.01475	0.00820	0.01147	0.01475	0.01639	0.02131	0.03770	0.08032	0.04098	0.01967	0.00984	0.00328	0.00656	0.65741	0.00656	0.00656
1	0.71477	0.01350	0.01079	0.00945	0.01394	0.01520	0.00774	0.02048	0.01255	0.03114	0.02886	0.01295	0.00955	0.00672	0.00459	0.00211	0.00543	0.00413	0.00448	0.07161
2	0.00876	0.00642	0.00823	0.00948	0.01026	0.00589	0.00646	0.01026	0.01453	0.01920	0.10017	0.59658	0.13542	0.02108	0.00894	0.00277	0.00400	0.01892	0.00672	0.00589
3	0.01771	0.01530	0.01610	0.01449	0.01852	0.01771	0.01127	0.03784	0.69247	0.02979	0.02898	0.02657	0.02174	0.00966	0.00725	0.00242	0.00564	0.00805	0.00725	0.01127
4	0.01743	0.01672	0.02855	0.07568	0.67488	0.01687	0.02176	0.02168	0.01612	0.02303	0.01336	0.01769	0.01120	0.00638	0.00705	0.00213	0.00851	0.00634	0.00351	0.01112
5	0.01669	0.02003	0.07315	0.02956	0.03692	0.01794	0.64916	0.02280	0.01672	0.02280	0.01433	0.01901	0.01072	0.00604	0.00833	0.00239	0.01194	0.00826	0.00357	0.00965
6	0.01017	0.00763	0.01144	0.01144	0.01272	0.00890	0.00890	0.01272	0.01144	0.01653	0.01907	0.02797	0.01780	0.05340	0.72153	0.01144	0.01907	0.00763	0.00381	0.00636
7	0.00868	0.00620	0.00826	0.00991	0.01033	0.00578	0.00661	0.00991	0.01363	0.01818	0.03925	0.74510	0.04710	0.02231	0.00909	0.00289	0.00413	0.02024	0.00661	0.00578
8	0.01970	0.01266	0.02008	0.46766	0.06614	0.01411	0.01680	0.02377	0.01634	0.24564	0.01776	0.02065	0.01224	0.00764	0.00713	0.00231	0.00832	0.00660	0.00503	0.00943
9	0.01019	0.00757	0.01112	0.01112	0.01228	0.00873	0.00850	0.01251	0.01135	0.01629	0.01937	0.02960	0.01851	0.11435	0.66156	0.01105	0.01801	0.00787	0.00386	0.00618
10	0.06650	0.01133	0.01723	0.15668	0.14297	0.01166	0.04117	0.01836	0.01745	0.08059	0.29517	0.05563	0.03508	0.01055	0.00757	0.00227	0.00621	0.00943	0.00580	0.00836
11	0.01977	0.01277	0.01546	0.01131	0.01740	0.01019	0.00915	0.04546	0.01691	0.20684	0.01692	0.01737	0.01249	0.00633	0.00584	0.00140	0.00557	0.00508	0.00554	0.55820
12	0.09278	0.01251	0.01433	0.01172	0.01584	0.01255	0.00945	0.19415	0.02238	0.22409	0.18259	0.03232	0.09408	0.01075	0.00722	0.00219	0.00551	0.00873	0.03715	0.00966
13	0.47718	0.15747	0.01722	0.01091	0.01582	0.01804	0.00938	0.05459	0.05045	0.11244	0.01348	0.01414	0.01015	0.00703	0.00505	0.00208	0.00610	0.00459	0.00496	0.00892
14	0.02368	0.02395	0.01933	0.01740	0.05211	0.31772	0.01299	0.24670	0.07445	0.02872	0.06560	0.02092	0.04737	0.00887	0.00698	0.00205	0.00933	0.00660	0.00552	0.00971
15	0.01116	0.00711	0.00840	0.00839	0.00892	0.00689	0.00516	0.01177	0.01220	0.05152	0.07548	0.14523	0.04902	0.53659	0.02817	0.00564	0.00613	0.01189	0.00519	0.00514
16	0.02660	0.03394	0.02018	0.01834	0.02201	0.72116	0.01376	0.02843	0.02018	0.01743	0.01101	0.01284	0.00917	0.00734	0.00642	0.00183	0.01284	0.00459	0.00367	0.00825
17	0.00862	0.00702	0.00763	0.00790	0.00985	0.00604	0.00576	0.01047	0.01611	0.01992	0.12583	0.19681	0.51621	0.01852	0.00854	0.00248	0.00368	0.01582	0.00673	0.00604
18	0.00848	0.00722	0.00730	0.00728	0.00966	0.00604	0.00546	0.01034	0.01638	0.01959	0.09583	0.06795	0.67853	0.01790	0.00842	0.00240	0.00360	0.01495	0.00666	0.00604
19	0.02788	0.01472	0.01668	0.01346	0.01835	0.07275	0.01082	0.07463	0.12555	0.46839	0.04200	0.02445	0.01859	0.02841	0.00790	0.00232	0.00664	0.00725	0.00788	0.01132
20	0.02637	0.03920	0.02177	0.01642	0.02184	0.04060	0.01359	0.61971	0.03170	0.04227	0.01643	0.01677	0.01184	0.00861	0.00771	0.00215	0.03820	0.00629	0.00676	0.01175
21	0.26774	0.01622	0.01793	0.01394	0.01938	0.01712	0.05269	0.28205	0.02206	0.11225	0.01540	0.01603	0.01109	0.00743	0.00614	0.00206	0.00687	0.00556	0.00590	0.10214
22	0.04138	0.06854	0.09080	0.39610	0.07721	0.10902	0.01827	0.05980	0.01645	0.03890	0.01289	0.01700	0.00980	0.00711	0.00673	0.00219	0.00953	0.00578	0.00365	0.00885
23	0.01895	0.00879	0.01031	0.00896	0.01189	0.00834	0.00704	0.04662	0.01766	0.22617	0.08236	0.02780	0.02202	0.00899	0.00599	0.00188	0.00429	0.00731	0.46620	0.00844
24	0.02660	0.03394	0.02018	0.01834	0.02201	0.72116	0.01376	0.02843	0.02018	0.01743	0.01101	0.01284	0.00917	0.00734	0.00642	0.00183	0.01284	0.00459	0.00367	0.00825
25	0.12244	0.00947	0.01080	0.00977	0.01252	0.00927	0.00754	0.06117	0.01886	0.10424	0.33871	0.10301	0.13801	0.01357	0.00768	0.00230	0.00436	0.01149	0.00715	0.00764
26	0.01712	0.01522	0.01375	0.01270	0.03213	0.17418	0.00944	0.07838	0.02068	0.08051	0.31309	0.03972	0.14001	0.01221	0.00770	0.00216	0.00634	0.01008	0.00659	0.00800
27	0.01081	0.00745	0.00879	0.00858	0.00858	0.00787	0.00517	0.01076	0.01034	0.01396	0.02102	0.04319	0.02406	0.66180	0.03493	0.04807	0.05609	0.00986	0.00417	0.00448
28	0.01258	0.00787	0.01010	0.00920	0.01145	0.00710	0.00702	0.01567	0.01970	0.11174	0.54110	0.05149	0.13894	0.01427	0.00825	0.00226	0.00372	0.01243	0.00781	0.00730
29	0.01736	0.07738	0.01770	0.01476	0.05509	0.01665	0.01111	0.12940	0.34094	0.02943	0.11468	0.03095	0.09333	0.01047	0.00725	0.00226	0.00581	0.00866	0.00667	0.01011
30	0.00918	0.00662	0.00868	0.00960	0.01035	0.00635	0.00659	0.01078	0.01421	0.01922	0.13688	0.47178	0.07595	0.09155	0.08364	0.00401	0.00576	0.01669	0.00630	0.00586
31	0.08821	0.09335	0.25134	0.01924	0.02603	0.23422	0.11238	0.05508	0.01743	0.02238	0.01217	0.01444	0.00936	0.00684	0.00651	0.00207	0.01063	0.00531	0.00361	0.00940
32	0.47105	0.03784	0.05989	0.06232	0.10792	0.08696	0.01244	0.04681	0.01465	0.02798	0.01110	0.01338	0.00872	0.00675	0.00538	0.00215	0.00734	0.00459	0.00412	0.00862
33	0.01548	0.01524	0.05147	0.01936	0.02442	0.01401	0.30040	0.04128	0.10840	0.05639	0.10818	0.03297	0.12415	0.04408	0.00938	0.00257	0.00815	0.00974	0.00541	0.00892
34	0.01689	0.09546	0.49445	0.01902	0.02801	0.01850	0.04273	0.12392	0.04966	0.02580	0.01400	0.01570	0.01016	0.00709	0.00670	0.00218	0.00967	0.00554	0.00386	0.01065
35	0.80005	0.01377	0.01047	0.00936	0.01377	0.01597	0.00771	0.02093	0.01212	0.03195	0.00991	0.01157	0.00771	0.00661	0.00441	0.00220	0.00551	0.00386	0.00441	0.00771
36	0.01345	0.01266	0.02136	0.73264	0.04904	0.01582	0.01978	0.01819	0.01424	0.01819	0.01266	0.01898	0.00949	0.00712	0.00712	0.00237	0.00949	0.00633	0.00316	0.00791
37	0.01027	0.00724	0.00947	0.00947	0.01005	0.00783	0.00643	0.01145	0.01086	0.01507	0.02088	0.03799	0.02215	0.42792	0.35296	0.00900	0.01253	0.00910	0.00408	0.00526
38	0.01056	0.00740	0.00926	0.00872	0.01051	0.00675	0.00645	0.01340	0.01880	0.04818	0.53079	0.05408	0.15954	0.07183	0.01052	0.00262	0.00376	0.01283	0.00741	0.00660
39	0.05299	0.01157	0.01548	0.01216	0.01715	0.01017	0.00994	0.03167	0.01989	0.60919	0.08486	0.04976	0.02247	0.00967	0.00724	0.00223	0.00575	0.00797	0.00852	0.01132
40	0.01694	0.01105	0.01327	0.01143	0.01461	0.01117	0.00895	0.11584	0.12584	0.13256	0.39973	0.03961	0.04493	0.01209	0.00785	0.00225	0.00475	0.01036	0.00779	0.00900
41	0.47174	0.01344	0.01308	0.01073	0.01569	0.01402	0.00882	0.05207	0.01565	0.22907	0.01576	0.01578	0.01104	0.00721	0.00540	0.00209	0.00574	0.00496	0.00578	0.08192
42	0.09290	0.01225	0.01604	0.01241	0.01783	0.01090	0.01025	0.03361	0.01972	0.65643	0.02665	0.02323	0.01684	0.00864	0.00694	0.00220	0.00602	0.00690	0.00846	0.01177
43	0.02158	0.00907	0.01103	0.00932	0.01269	0.00834	0.00742	0.02464	0.01735	0.33054	0.02539	0.02552	0.01797	0.00853	0.00595	0.00190	0.00454	0.00687	0.44228	0.00907
44	0.01428	0.03683	0.71286	0.02030	0.03082	0.01654	0.02631	0.02255	0.01503	0.02255	0.01278	0.01503	0.00902	0.00677	0.00677	0.00226	0.01052	0.00526	0.00301	0.01052
45	0.01986	0.10463	0.02454	0.02060	0.08227	0.25412	0.04477	0.02203	0.01512	0.01799	0.01055	0.01455	0.00950	0.00921	0.01350	0.00239	0.31698	0.00552	0.00335	0.00849
46	0.00975	0.00727	0.00906	0.00861	0.01043	0.00658	0.00646	0.01279	0.01937	0.02669	0.57586	0.05625	0.19406	0.01525	0.00840	0.00227	0.00341	0.01331	0.00759	0.00658
47	0.01000	0.00770	0.00900	0.00908	0.01077	0.00739	0.00659	0.04606	0.01530	0.01964	0.06826	0.20526	0.32005	0.10152	0.12606	0.00442	0.00677	0.01397	0.00598	0.00618
48	0.00882	0.00716	0.00782	0.00780	0.00990	0.00616	0.00580	0.01095	0.01696	0.02133	0.21604	0.11147	0.50988	0.01752	0.00846	0.00240	0.00359	0.01489	0.00690	0.00616
49	0.01237	0.00618	0.00928	0.00928	0.00928	0.00618	0.00618	0.00928	0.00928	0.01237	0.01237	0.02165	0.01237	0.02474	0.02783	0.79283	0.00618	0.00618	0.00309	0.00309
50	0.01970	0.69102	0.03581	0.01272	0.01860	0.08882	0.01232	0.02194	0.01497	0.01681	0.01000	0.01155	0.00914	0.00620	0.00473	0.00155	0.00807	0.00388	0.00310	0.00906
51	0.00989	0.00729	0.00943	0.01080	0.01171	0.00719	0.00775	0.01309	0.07346	0.01967	0.03811	0.58187	0.04395	0.02080	0.00904	0.00291	0.00463	0.11536	0.00666	0.00638
52	0.01427	0.01391	0.02153	0.67378	0.06782	0.05303	0.01952	0.01885	0.01461	0.01831	0.01259	0.01862	0.00953	0.00711	0.00708	0.00234	0.00964	0.00624	0.00320	0.00803
53	0.00960	0.00718	0.00904	0.01028	0.01124	0.00697	0.00720	0.01262	0.07201	0.01945	0.04099	0.58755	0.09859	0.02072	0.00892	0.00283	0.00436	0.05747	0.00666	0.00632
54	0.67572	0.01387	0.01093	0.00985	0.01394	0.03690	0.00796	0.03919	0.01347	0.03105	0.04797	0.04800	0.01285	0.00784	0.00497	0.00222	0.00562	0.00519	0.00474	0.00771
55	0.01484	0.10243	0.61923	0.01999	0.02995	0.01768	0.05526	0.02245	0.01506	0.02203	0.01259	0.01489	0.00911	0.00667	0.00664	0.00219	0.01032	0.00527	0.00304	0.01035
56	0.01679	0.01616	0.02786	0.17685	0.55690	0.01674	0.04230	0.02117	0.01585	0.02227	0.01328	0.01794	0.01092	0.00648	0.00711	0.00217	0.00877	0.00641	0.00346	0.01057
57	0.02073	0.01039	0.01442	0.01380	0.07838	0.00935	0.00978	0.02382	0.01971	0.34034	0.29976	0.03733	0.06871	0.01132	0.00771	0.00222	0.00508	0.00975	0.00783	0.00959
58	0.01389	0.01200	0.02168	0.03508	0.02178	0.01146	0.24902	0.04742	0.01632	0.05429	0.05263	0.34472	0.02977	0.01397	0.00843	0.00256	0.00729	0.01358	0.03622	0.00787
59	0.01237	0.01533	0.16530	0.01241	0.01654	0.01096	0.01182	0.01996	0.14912	0.02685	0.37787	0.04066	0.08781	0.01213	0.00782	0.00229	0.00539	0.01041	0.00658	0.00839
60	0.00881	0.00633	0.00814	0.00953	0.01004	0.00590	0.00632	0.00998	0.01352	0.01785	0.04002	0.63362	0.09121	0.08860	0.01153	0.00322	0.00435	0.01897	0.00640	0.00567
61	0.01911	0.01542	0.01800	0.15335	0.02445	0.04361	0.01287	0.18654	0.14385	0.05890	0.01851	0.04179	0.01447	0.00853	0.00764	0.00210	0.04555	0.00673	0.04234	0.13624
62	0.47457	0.01331	0.01497	0.30864	0.02837	0.01591	0.01270	0.01980	0.01300	0.02626	0.01105	0.01464	0.00845	0.00682	0.00553	0.00227	0.00716	0.00488	0.00389	0.00779
63	0.01659	0.30799	0.42860	0.01715	0.02571	0.05017	0.02045	0.02233	0.01503	0.02015	0.01162	0.01358	0.00907	0.00653	0.00592	0.00196	0.00952	0.00468	0.00305	0.00991
64	0.01797	0.01872	0.05608	0.05987	0.59127	0.06440	0.02111	0.02271	0.03723	0.02290	0.01367	0.01751	0.01131	0.00655	0.00700	0.00212	0.00878	0.00623	0.00362	0.01095
65	0.01710	0.01582	0.08096	0.01740	0.02216	0.01424	0.18854	0.08711	0.09545	0.08922	0.11447	0.02840	0.04395	0.05721	0.03196	0.00288	0.03342	0.00855	0.04197	0.00921
66	0.04024	0.06823	0.34887	0.04329	0.02406	0.08104	0.01794	0.03758	0.03381	0.05539	0.12026	0.02315	0.04022	0.00857	0.00684	0.00216	0.00851	0.00679	0.02368	0.00936
67	0.01145	0.00758	0.00996	0.00919	0.01111	0.00695	0.00695	0.01477	0.02017	0.07119	0.65945	0.05138	0.06409	0.01420	0.00832	0.00224	0.00353	0.01252	0.00790	0.00706
68	0.01939	0.01613	0.01705	0.01483	0.01916	0.01849	0.01168	0.15317	0.57441	0.03249	0.02685	0.02487	0.02001	0.00946	0.00722	0.00237	0.00603	0.00776	0.00722	0.01142
69	0.01750	0.01144	0.01694	0.10602	0.02079	0.01214	0.07676	0.07668	0.01631	0.15133	0.01983	0.02529	0.01597	0.08582	0.16451	0.00462	0.04004	0.00739	0.12227	0.00837
70	0.00871	0.00634	0.00822	0.00962	0.01028	0.00584	0.00650	0.01009	0.01415	0.01872	0.07071	0.65285	0.10855	0.02158	0.00900	0.00282	0.00405	0.01944	0.00666	0.00584
71	0.02101	0.01148	0.01695	0.30963	0.02942	0.01203	0.01345	0.02460	0.01702	0.31270	0.02349	0.02465	0.05043	0.00854	0.00697	0.00222	0.00705	0.00717	0.09172	0.00946
72	0.02465	0.01249	0.01559	0.01232	0.01704	0.01169	0.00993	0.12407	0.05293	0.38157	0.13355	0.02795	0.02467	0.03754	0.00829	0.00228	0.00583	0.00787	0.00775	0.08200
73	0.02483	0.01909	0.01980	0.01566	0.02071	0.05707	0.01275	0.56443	0.03033	0.04010	0.01982	0.04779	0.03979	0.01146	0.04031	0.00259	0.00831	0.00724	0.00675	0.01116

[dist]
# distance from previous block
# <min> <max>
0	2

[block]
# block no. 1 follows, 29 sequences, length 21
# corresponding to MSA columns:
# 110-130
name=unknown_B
#
# <colnr> <probs for GDERKNQSTAVLIFYWHMCP>
#	G	D	E	R	K	N	Q	S	T	A	V	L	I	F	Y	W	H	M	C	P
0	0.16165	0.01567	0.02450	0.14629	0.36156	0.01709	0.06319	0.02072	0.01469	0.02345	0.01233	0.01664	0.01012	0.00706	0.00817	0.00228	0.07536	0.00601	0.00360	0.00963
1	0.01617	0.01674	0.02321	0.20990	0.22715	0.12330	0.09051	0.01983	0.01599	0.02010	0.01885	0.12928	0.03927	0.00947	0.00748	0.00230	0.00898	0.00870	0.00403	0.00875
2	0.01557	0.01415	0.01999	0.01867	0.07473	0.01802	0.03515	0.06034	0.01332	0.02007	0.01317	0.02023	0.01237	0.07551	0.06566	0.00369	0.43961	0.00679	0.06503	0.00795
3	0.00894	0.00687	0.00823	0.00896	0.01040	0.00616	0.00649	0.01081	0.01565	0.02008	0.13305	0.34679	0.30749	0.01949	0.00879	0.00265	0.00400	0.06233	0.00676	0.00604
4	0.03167	0.01257	0.01680	0.01288	0.01840	0.01113	0.01064	0.07188	0.02113	0.67202	0.02746	0.02383	0.01731	0.00880	0.00716	0.00220	0.00616	0.00712	0.00872	0.01212
5	0.01647	0.00869	0.01157	0.01004	0.01284	0.00781	0.00781	0.01965	0.02022	0.22786	0.50467	0.04472	0.05270	0.01288	0.00804	0.00223	0.00415	0.01121	0.00812	0.00830
6	0.80005	0.01377	0.01047	0.00936	0.01377	0.01597	0.00771	0.02093	0.01212	0.03195	0.00991	0.01157	0.00771	0.00661	0.00441	0.00220	0.00551	0.00386	0.00441	0.00771
7	0.01018	0.00758	0.01120	0.01120	0.01239	0.00877	0.00860	0.01256	0.01137	0.01635	0.01929	0.02919	0.01833	0.09902	0.67664	0.01115	0.01828	0.00781	0.00385	0.00622
8	0.02247	0.05724	0.05504	0.06011	0.01980	0.03498	0.01170	0.09338	0.07504	0.29547	0.16955	0.02803	0.02638	0.00967	0.00723	0.00218	0.00639	0.00796	0.00712	0.01022
9	0.01904	0.75404	0.03731	0.01218	0.01828	0.02818	0.01218	0.02132	0.01447	0.01675	0.00990	0.01142	0.00914	0.00609	0.00457	0.00152	0.00761	0.00381	0.00305	0.00914
10	0.80005	0.01377	0.01047	0.00936	0.01377	0.01597	0.00771	0.02093	0.01212	0.03195	0.00991	0.01157	0.00771	0.00661	0.00441	0.00220	0.00551	0.00386	0.00441	0.00771
11	0.01875	0.01688	0.01502	0.01355	0.01689	0.17658	0.01045	0.06417	0.21479	0.08107	0.16400	0.06507	0.06805	0.01138	0.00751	0.00226	0.00685	0.03110	0.00657	0.00905
12	0.01029	0.00743	0.00877	0.00839	0.01052	0.00654	0.00630	0.01284	0.01816	0.05528	0.36452	0.08620	0.34650	0.01615	0.00838	0.00234	0.00362	0.01386	0.00729	0.00661
13	0.01653	0.02174	0.17799	0.05842	0.31050	0.06609	0.10123	0.02152	0.01631	0.02259	0.07046	0.01984	0.01508	0.00747	0.00799	0.00223	0.04347	0.00677	0.00376	0.01002
14	0.01166	0.00935	0.01072	0.01038	0.01270	0.00949	0.00788	0.01895	0.20020	0.02515	0.26286	0.13440	0.19609	0.01522	0.00825	0.00246	0.00428	0.04513	0.00719	0.00767
15	0.01033	0.00701	0.00829	0.00829	0.00847	0.00719	0.00497	0.01069	0.01051	0.01420	0.02196	0.04393	0.02473	0.65018	0.13423	0.00755	0.00864	0.00997	0.00424	0.00461
16	0.01972	0.50548	0.14183	0.01443	0.02097	0.08754	0.01470	0.08523	0.01688	0.02042	0.01114	0.01267	0.00941	0.00654	0.00533	0.00173	0.00857	0.00436	0.00348	0.00956
17	0.00885	0.00645	0.00822	0.00941	0.01014	0.00595	0.00636	0.01028	0.01434	0.01899	0.09985	0.57016	0.12523	0.05744	0.01030	0.00298	0.00414	0.01849	0.00660	0.00582
18	0.06155	0.08167	0.18651	0.17275	0.08577	0.01763	0.01747	0.08413	0.14003	0.02537	0.04736	0.01964	0.01452	0.00779	0.00674	0.00222	0.00813	0.00634	0.00454	0.00985
19	0.02485	0.02126	0.01958	0.01614	0.02099	0.16249	0.01287	0.35744	0.19576	0.06604	0.01935	0.01894	0.01418	0.00859	0.00701	0.00215	0.00822	0.00649	0.00653	0.01112
20	0.18348	0.04094	0.01899	0.04078	0.14193	0.06510	0.03178	0.02580	0.13077	0.11356	0.01681	0.01784	0.01272	0.00720	0.00619	0.00201	0.00700	0.00575	0.00511	0.12624

[dist]
# distance from previous block
# <min> <max>
0	3

[block]
# block no. 2 follows, 29 sequences, length 63
# corresponding to MSA columns:
# 134-196
name=unknown_C
#
# <colnr> <probs for GDERKNQSTAVLIFYWHMCP>
#	G	D	E	R	K	N	Q	S	T	A	V	L	I	F	Y	W	H	M	C	P
0	0.01772	0.12031	0.39553	0.02022	0.02862	0.07574	0.13121	0.05543	0.01682	0.05398	0.01346	0.01563	0.00989	0.00678	0.00677	0.00215	0.01027	0.00569	0.00363	0.01016
1	0.02270	0.02142	0.03818	0.01500	0.01933	0.25326	0.01200	0.16988	0.08891	0.10397	0.06382	0.04507	0.07217	0.00966	0.00707	0.00209	0.00839	0.00743	0.00593	0.03373
2	0.01127	0.01183	0.07609	0.01025	0.01333	0.04241	0.00877	0.01513	0.04031	0.02470	0.37838	0.04934	0.22977	0.01387	0.00798	0.00222	0.00472	0.01182	0.00667	0.04116
3	0.04762	0.01189	0.01270	0.01069	0.01412	0.01259	0.00853	0.22892	0.04797	0.08594	0.05079	0.02399	0.01814	0.00868	0.00604	0.00193	0.00513	0.00683	0.38850	0.00902
4	0.01611	0.01241	0.01375	0.01204	0.01546	0.01304	0.00962	0.21574	0.13110	0.03075	0.17929	0.04431	0.18995	0.01328	0.00797	0.00237	0.00542	0.07139	0.00712	0.00888
5	0.01000	0.00675	0.00787	0.00822	0.00831	0.00667	0.00480	0.01026	0.01105	0.01473	0.02599	0.19414	0.03037	0.59610	0.03051	0.00606	0.00632	0.01244	0.00480	0.00462
6	0.02295	0.01269	0.01542	0.01259	0.01687	0.01257	0.01017	0.16922	0.08625	0.29587	0.19162	0.03281	0.04983	0.01081	0.00757	0.00225	0.00569	0.02650	0.00793	0.01039
7	0.47742	0.01216	0.01122	0.01007	0.01394	0.01303	0.00795	0.04230	0.01402	0.07687	0.01791	0.16790	0.01716	0.01002	0.00577	0.00224	0.00532	0.00768	0.00526	0.08177
8	0.01558	0.01558	0.02181	0.01869	0.01869	0.02181	0.01558	0.01714	0.01091	0.01714	0.00935	0.01558	0.00935	0.01246	0.02337	0.00312	0.73672	0.00623	0.00312	0.00779
9	0.01583	0.01503	0.02493	0.32799	0.37804	0.01665	0.02028	0.02096	0.04802	0.02128	0.01372	0.01856	0.01098	0.00702	0.00759	0.00227	0.03112	0.00642	0.00354	0.00977
10	0.05665	0.02049	0.02021	0.01591	0.02111	0.08955	0.01291	0.56161	0.03030	0.04029	0.01646	0.01779	0.01227	0.04161	0.00825	0.00232	0.00819	0.00631	0.00655	0.01121
11	0.02626	0.04147	0.19856	0.01473	0.02149	0.01294	0.01469	0.03128	0.05124	0.47697	0.02359	0.02156	0.01532	0.00824	0.00698	0.00221	0.00725	0.00661	0.00705	0.01157
12	0.00929	0.00725	0.00843	0.00813	0.01015	0.00638	0.00610	0.01191	0.01829	0.02414	0.40313	0.06046	0.36839	0.01621	0.00841	0.00232	0.00348	0.01390	0.00726	0.00638
13	0.02068	0.01677	0.01777	0.01509	0.01965	0.01910	0.01199	0.24197	0.48350	0.03457	0.02521	0.02356	0.01868	0.00931	0.00721	0.00233	0.00633	0.00753	0.00721	0.01154
14	0.01691	0.01048	0.01161	0.01028	0.01342	0.01072	0.00803	0.07289	0.16811	0.12422	0.09883	0.03423	0.12257	0.01072	0.00679	0.00211	0.00461	0.00884	0.25586	0.00877
15	0.00887	0.00634	0.00849	0.01014	0.01064	0.00596	0.00696	0.01026	0.01383	0.01840	0.03914	0.69786	0.04666	0.02212	0.00914	0.00292	0.00430	0.06553	0.00661	0.00584
16	0.02345	0.01666	0.02266	0.16864	0.02862	0.08958	0.12775	0.11572	0.02010	0.25977	0.02062	0.02153	0.03544	0.00808	0.00732	0.00223	0.00868	0.00708	0.00588	0.01019
17	0.01021	0.00747	0.01062	0.01062	0.01160	0.00845	0.00787	0.01218	0.01120	0.01592	0.01983	0.03217	0.01962	0.21028	0.56715	0.01042	0.01633	0.00824	0.00393	0.00590
18	0.01904	0.75404	0.03731	0.01218	0.01828	0.02818	0.01218	0.02132	0.01447	0.01675	0.00990	0.01142	0.00914	0.00609	0.00457	0.00152	0.00761	0.00381	0.00305	0.00914
19	0.04744	0.11313	0.10254	0.03830	0.03843	0.04157	0.01318	0.13562	0.01834	0.14394	0.01934	0.11756	0.01698	0.03262	0.00966	0.03662	0.05214	0.00789	0.00537	0.00933
20	0.07678	0.01590	0.11193	0.01685	0.02106	0.04281	0.18089	0.01705	0.01500	0.02115	0.02776	0.23692	0.09540	0.01422	0.02869	0.00279	0.03049	0.03167	0.00487	0.00778
21	0.80005	0.01377	0.01047	0.00936	0.01377	0.01597	0.00771	0.02093	0.01212	0.03195	0.00991	0.01157	0.00771	0.00661	0.00441	0.00220	0.00551	0.00386	0.00441	0.00771
22	0.01320	0.01224	0.01665	0.01523	0.01594	0.01569	0.01258	0.01509	0.01294	0.01830	0.02660	0.08800	0.12804	0.01536	0.01752	0.00302	0.43576	0.12616	0.00454	0.00714
23	0.01565	0.01569	0.02278	0.48403	0.17561	0.08285	0.01937	0.01982	0.01499	0.01907	0.01244	0.01793	0.00981	0.00731	0.00804	0.00232	0.05425	0.00616	0.00328	0.00861
24	0.00866	0.00624	0.00822	0.00979	0.01030	0.00579	0.00656	0.00993	0.01375	0.01822	0.04072	0.71475	0.07650	0.02212	0.00906	0.00287	0.00411	0.02001	0.00661	0.00579
25	0.01964	0.00967	0.01261	0.01058	0.01405	0.00866	0.00838	0.04043	0.02028	0.31635	0.34443	0.04127	0.09899	0.01226	0.00784	0.00224	0.00464	0.01047	0.00813	0.00909
26	0.02586	0.01905	0.02037	0.01582	0.02123	0.02111	0.01300	0.61118	0.07380	0.04310	0.01812	0.01812	0.01299	0.00861	0.00703	0.00213	0.00749	0.00652	0.04265	0.01181
27	0.80005	0.01377	0.01047	0.00936	0.01377	0.01597	0.00771	0.02093	0.01212	0.03195	0.00991	0.01157	0.00771	0.00661	0.00441	0.00220	0.00551	0.00386	0.00441	0.00771
28	0.18473	0.01838	0.01896	0.01481	0.02024	0.02038	0.01223	0.52158	0.02861	0.06839	0.01607	0.01625	0.01143	0.00816	0.00657	0.00215	0.00729	0.00592	0.00664	0.01121
29	0.01432	0.01348	0.02084	0.02770	0.34317	0.04640	0.05783	0.01732	0.01538	0.02086	0.02398	0.31671	0.02588	0.01294	0.00795	0.00244	0.00712	0.01211	0.00481	0.00876
30	0.01904	0.75404	0.03731	0.01218	0.01828	0.02818	0.01218	0.02132	0.01447	0.01675	0.00990	0.01142	0.00914	0.00609	0.00457	0.00152	0.00761	0.00381	0.00305	0.00914
31	0.01845	0.01688	0.01610	0.01454	0.01842	0.09169	0.01125	0.03588	0.59051	0.02833	0.02682	0.02511	0.02025	0.00935	0.00706	0.00232	0.00629	0.00762	0.04239	0.01074
32	0.01807	0.51768	0.22638	0.01476	0.02198	0.05835	0.01623	0.02201	0.01490	0.01842	0.01076	0.01251	0.00911	0.00634	0.00528	0.00174	0.00868	0.00425	0.00307	0.00948
33	0.01022	0.00763	0.00898	0.00905	0.01086	0.00707	0.00672	0.04413	0.01754	0.02336	0.24037	0.22090	0.26780	0.01721	0.00842	0.00247	0.00399	0.04402	0.04277	0.00651
34	0.00952	0.00761	0.00856	0.00826	0.01044	0.00683	0.00621	0.01279	0.04855	0.02353	0.32773	0.06035	0.41159	0.01623	0.00836	0.00234	0.00360	0.01383	0.00714	0.00654
35	0.00973	0.00715	0.00911	0.00886	0.01049	0.00653	0.00655	0.01268	0.01898	0.02633	0.55547	0.13102	0.13897	0.01581	0.00848	0.00233	0.00347	0.01394	0.00756	0.00653
36	0.01477	0.00917	0.01166	0.01057	0.01209	0.00945	0.00772	0.14456	0.01627	0.02195	0.13609	0.02795	0.04691	0.01947	0.01958	0.46764	0.00593	0.00772	0.00486	0.00564
37	0.01904	0.75404	0.03731	0.01218	0.01828	0.02818	0.01218	0.02132	0.01447	0.01675	0.00990	0.01142	0.00914	0.00609	0.00457	0.00152	0.00761	0.00381	0.00305	0.00914
38	0.01063	0.00807	0.00990	0.00949	0.01139	0.00779	0.00709	0.01551	0.09428	0.02678	0.50069	0.11694	0.12413	0.01509	0.00834	0.00234	0.00371	0.01325	0.00753	0.00707
39	0.00989	0.00723	0.00928	0.00885	0.01054	0.00663	0.00661	0.01304	0.01959	0.02739	0.62461	0.08002	0.11944	0.01513	0.00843	0.00228	0.00341	0.01333	0.00769	0.00663
40	0.04849	0.08919	0.19019	0.01491	0.02165	0.01545	0.01484	0.10814	0.04347	0.35111	0.02077	0.01960	0.01389	0.00798	0.00673	0.00215	0.00749	0.00622	0.00645	0.01128
41	0.01532	0.02958	0.43694	0.02429	0.03345	0.01714	0.29496	0.02266	0.01576	0.02266	0.01345	0.01675	0.00975	0.00645	0.00744	0.00232	0.01113	0.00655	0.00325	0.01015
42	0.02324	0.01420	0.01621	0.03447	0.01862	0.03575	0.01087	0.15147	0.18784	0.26256	0.08985	0.02714	0.04249	0.00967	0.00721	0.00222	0.00615	0.00789	0.04142	0.01073
43	0.80005	0.01377	0.01047	0.00936	0.01377	0.01597	0.00771	0.02093	0.01212	0.03195	0.00991	0.01157	0.00771	0.00661	0.00441	0.00220	0.00551	0.00386	0.00441	0.00771
44	0.01176	0.01034	0.01548	0.19355	0.15710	0.01066	0.01256	0.01492	0.01597	0.02104	0.13642	0.13899	0.20725	0.01311	0.00792	0.00238	0.00605	0.01158	0.00534	0.00759
45	0.01605	0.01055	0.01601	0.01308	0.01595	0.01091	0.12864	0.01955	0.01525	0.09824	0.02042	0.02381	0.01582	0.01047	0.04065	0.00246	0.08814	0.00701	0.43912	0.00788
46	0.01345	0.01266	0.02136	0.73264	0.04904	0.01582	0.01978	0.01819	0.01424	0.01819	0.01266	0.01898	0.00949	0.00712	0.00712	0.00237	0.00949	0.00633	0.00316	0.00791
47	0.00881	0.00625	0.00822	0.00975	0.01013	0.00587	0.00643	0.00995	0.01338	0.01784	0.03795	0.69113	0.04546	0.07852	0.01119	0.00320	0.00435	0.01948	0.00643	0.00567
48	0.02020	0.01553	0.01651	0.01425	0.03809	0.04629	0.01100	0.31380	0.11732	0.05435	0.13195	0.03035	0.10060	0.01059	0.00735	0.00219	0.00632	0.00857	0.04474	0.01001
49	0.80005	0.01377	0.01047	0.00936	0.01377	0.01597	0.00771	0.02093	0.01212	0.03195	0.00991	0.01157	0.00771	0.00661	0.00441	0.00220	0.00551	0.00386	0.00441	0.00771
50	0.01558	0.01558	0.02181	0.01869	0.01869	0.02181	0.01558	0.01714	0.01091	0.01714	0.00935	0.01558	0.00935	0.01246	0.02337	0.00312	0.73672	0.00623	0.00312	0.00779
51	0.02087	0.02169	0.02434	0.06138	0.36260	0.21623	0.01782	0.08703	0.07506	0.02397	0.01433	0.01703	0.01155	0.00714	0.00690	0.00207	0.00945	0.00600	0.00420	0.01036
52	0.41842	0.05885	0.01520	0.01143	0.01637	0.03699	0.00951	0.07567	0.01684	0.25452	0.01647	0.01618	0.01143	0.00747	0.00559	0.00215	0.00622	0.00515	0.00596	0.00960
53	0.01687	0.01115	0.01342	0.01071	0.01513	0.00970	0.00849	0.06128	0.04519	0.14932	0.21134	0.03250	0.09034	0.00999	0.00695	0.00183	0.00491	0.00839	0.00656	0.28593
54	0.00913	0.00724	0.00820	0.00796	0.01006	0.00631	0.00597	0.01160	0.01791	0.02323	0.34185	0.06196	0.43023	0.01654	0.00841	0.00233	0.00350	0.01411	0.00714	0.00631
55	0.01771	0.01530	0.01610	0.01449	0.01852	0.01771	0.01127	0.03784	0.69247	0.02979	0.02898	0.02657	0.02174	0.00966	0.00725	0.00242	0.00564	0.00805	0.00725	0.01127
56	0.02074	0.17492	0.07969	0.02398	0.15803	0.04237	0.17597	0.10665	0.01872	0.10932	0.01506	0.01711	0.01137	0.00685	0.00683	0.00207	0.00905	0.00628	0.00452	0.01048
57	0.01551	0.00824	0.01039	0.00944	0.01193	0.00744	0.00716	0.01817	0.01798	0.19276	0.27534	0.12427	0.11856	0.03949	0.00871	0.00241	0.00426	0.01168	0.10848	0.00776
58	0.01851	0.01193	0.01524	0.01319	0.01565	0.01334	0.01059	0.09377	0.03766	0.17363	0.09277	0.11424	0.04481	0.01247	0.01156	0.00250	0.19312	0.02699	0.08926	0.00875
59	0.01036	0.00690	0.00777	0.00777	0.00777	0.00690	0.00431	0.01036	0.01036	0.01381	0.02244	0.04660	0.02589	0.74975	0.03624	0.00690	0.00690	0.01036	0.00431	0.00431
60	0.01061	0.00794	0.01059	0.01180	0.01306	0.00804	0.00944	0.01348	0.03557	0.02011	0.03942	0.31177	0.09232	0.01987	0.00997	0.00304	0.03705	0.33302	0.00645	0.00644
61	0.05209	0.02305	0.17331	0.04734	0.17241	0.09245	0.14941	0.08180	0.07414	0.02494	0.01527	0.03443	0.01205	0.00735	0.00715	0.00223	0.00958	0.00670	0.00417	0.01015
62	0.07663	0.15038	0.13890	0.24452	0.07135	0.04298	0.03589	0.02224	0.07856	0.02144	0.01355	0.01665	0.01054	0.00693	0.00634	0.00210	0.00860	0.00558	0.00369	0.04313

[dist]
# distance from previous block
# <min> <max>
1	6

[block]
# block no. 3 follows, 29 sequences, length 40
# corresponding to MSA columns:
# 203-242
name=unknown_D
#
# <colnr> <probs for GDERKNQSTAVLIFYWHMCP>
#	G	D	E	R	K	N	Q	S	T	A	V	L	I	F	Y	W	H	M	C	P
0	0.02485	0.12188	0.02231	0.01709	0.02124	0.51273	0.01340	0.09138	0.02024	0.02027	0.01147	0.01325	0.00952	0.00740	0.00681	0.00184	0.03695	0.00471	0.00393	0.03873
1	0.00972	0.00752	0.00831	0.00814	0.01027	0.00681	0.00609	0.01294	0.04874	0.02301	0.25249	0.08697	0.40245	0.01605	0.00812	0.00232	0.00363	0.01364	0.06625	0.00651
2	0.01115	0.00737	0.00928	0.00916	0.01096	0.00663	0.00673	0.01357	0.01762	0.07955	0.34036	0.23974	0.18730	0.01688	0.00849	0.00245	0.00384	0.01483	0.00734	0.00676
3	0.00924	0.00720	0.00839	0.00818	0.01015	0.00635	0.00610	0.01178	0.01803	0.02374	0.37817	0.09081	0.36329	0.01652	0.00844	0.00235	0.00351	0.01421	0.00721	0.00635
4	0.02548	0.01915	0.02047	0.01606	0.02148	0.02134	0.01315	0.57206	0.14560	0.04231	0.01912	0.01871	0.01375	0.00874	0.00714	0.00218	0.00746	0.00669	0.00714	0.01197
5	0.07206	0.01588	0.01748	0.01371	0.01870	0.01687	0.01125	0.40098	0.02658	0.18917	0.02001	0.01974	0.01398	0.00845	0.00665	0.00209	0.00664	0.00646	0.12226	0.01105
6	0.02707	0.01995	0.02137	0.01638	0.02208	0.02208	0.01353	0.68159	0.03348	0.04488	0.01710	0.01710	0.01211	0.00855	0.00712	0.00214	0.00784	0.00641	0.00712	0.01211
7	0.01724	0.01652	0.02820	0.10780	0.64428	0.01682	0.02166	0.02151	0.01603	0.02279	0.01333	0.01775	0.01111	0.00642	0.00706	0.00214	0.00856	0.00634	0.00349	0.01097
8	0.01904	0.75404	0.03731	0.01218	0.01828	0.02818	0.01218	0.02132	0.01447	0.01675	0.00990	0.01142	0.00914	0.00609	0.00457	0.00152	0.00761	0.00381	0.00305	0.00914
9	0.01723	0.01444	0.01570	0.01429	0.01802	0.01655	0.01128	0.07234	0.54901	0.02909	0.02848	0.03109	0.02272	0.01319	0.05099	0.00303	0.00667	0.06834	0.00697	0.01058
10	0.01323	0.01193	0.02116	0.01676	0.01977	0.01161	0.25147	0.04454	0.01420	0.01917	0.02110	0.11929	0.02184	0.31139	0.06660	0.00486	0.00927	0.01050	0.00443	0.00690
11	0.00927	0.00721	0.00842	0.00820	0.01016	0.00636	0.00612	0.01184	0.01812	0.02392	0.39031	0.08706	0.35455	0.01644	0.00843	0.00234	0.00350	0.01414	0.00723	0.00636
12	0.01762	0.01692	0.02890	0.04371	0.70533	0.01692	0.02185	0.02185	0.01621	0.02326	0.01339	0.01762	0.01128	0.00634	0.00705	0.00211	0.00846	0.00634	0.00352	0.01128
13	0.01036	0.00690	0.00777	0.00777	0.00777	0.00690	0.00431	0.01036	0.01036	0.01381	0.02244	0.04660	0.02589	0.74975	0.03624	0.00690	0.00690	0.01036	0.00431	0.00431
14	0.01237	0.00618	0.00928	0.00928	0.00928	0.00618	0.00618	0.00928	0.00928	0.01237	0.01237	0.02165	0.01237	0.02474	0.02783	0.79283	0.00618	0.00618	0.00309	0.00309
15	0.02179	0.49148	0.03107	0.01443	0.01964	0.28085	0.01276	0.02392	0.01655	0.01700	0.01030	0.01194	0.00915	0.00655	0.00524	0.00164	0.00952	0.00409	0.00327	0.00882
16	0.00869	0.00653	0.00806	0.00915	0.01016	0.00590	0.00630	0.01021	0.01471	0.01909	0.08825	0.52484	0.22084	0.02071	0.00887	0.00272	0.00395	0.01842	0.00669	0.00590
17	0.01643	0.33623	0.38897	0.01749	0.02595	0.02150	0.06018	0.02205	0.01490	0.02014	0.01167	0.01377	0.00918	0.00644	0.00594	0.00196	0.00940	0.00484	0.00306	0.00989
18	0.01852	0.01700	0.01647	0.01484	0.01884	0.08197	0.01150	0.03698	0.63106	0.02866	0.02734	0.02531	0.02059	0.00945	0.00717	0.00236	0.00629	0.00773	0.00692	0.01100
19	0.01680	0.02427	0.22480	0.05278	0.08487	0.04849	0.35849	0.04243	0.03340	0.02318	0.01410	0.01776	0.01053	0.00650	0.00764	0.00231	0.01099	0.00706	0.00361	0.00998
20	0.01449	0.01269	0.01665	0.01455	0.01495	0.01641	0.01138	0.05634	0.01226	0.01807	0.01461	0.02629	0.01528	0.25613	0.02603	0.00426	0.42611	0.00762	0.02901	0.00687
21	0.01796	0.01624	0.01140	0.01076	0.01312	0.25807	0.00807	0.02076	0.01678	0.02334	0.01893	0.02172	0.01506	0.00796	0.00549	0.00172	0.00667	0.00592	0.51284	0.00721
22	0.01036	0.00690	0.00777	0.00777	0.00777	0.00690	0.00431	0.01036	0.01036	0.01381	0.02244	0.04660	0.02589	0.74975	0.03624	0.00690	0.00690	0.01036	0.00431	0.00431
23	0.01695	0.01623	0.02769	0.15472	0.59958	0.01674	0.02152	0.02126	0.01590	0.02245	0.01328	0.01784	0.01099	0.00647	0.00706	0.00216	0.00863	0.00634	0.00347	0.01074
24	0.01771	0.01530	0.01610	0.01449	0.01852	0.01771	0.01127	0.03784	0.69247	0.02979	0.02898	0.02657	0.02174	0.00966	0.00725	0.00242	0.00564	0.00805	0.00725	0.01127
25	0.00879	0.00658	0.00817	0.00914	0.01020	0.00596	0.00633	0.01044	0.01510	0.01977	0.13218	0.49187	0.20902	0.02028	0.00884	0.00269	0.00390	0.01803	0.00677	0.00596
26	0.07029	0.00844	0.00982	0.00930	0.01144	0.00828	0.00703	0.01564	0.07993	0.02721	0.47404	0.08013	0.14327	0.01432	0.00802	0.00230	0.00380	0.01237	0.00731	0.00707
27	0.48975	0.28435	0.02058	0.01069	0.01569	0.04370	0.00954	0.02132	0.01324	0.02593	0.00995	0.01156	0.00828	0.00645	0.00453	0.00194	0.00652	0.00386	0.00389	0.00825
28	0.01856	0.02054	0.02137	0.01860	0.01959	0.21070	0.01509	0.02019	0.01341	0.01722	0.00980	0.01484	0.00930	0.01108	0.01879	0.00277	0.54121	0.00579	0.00327	0.00792
29	0.01409	0.01368	0.02355	0.51927	0.06487	0.01602	0.10874	0.01945	0.04626	0.01954	0.01631	0.02149	0.04243	0.00777	0.00798	0.00240	0.03714	0.00709	0.00358	0.00832
30	0.02107	0.01665	0.01786	0.01501	0.01955	0.01875	0.01204	0.30339	0.36776	0.03569	0.05017	0.02566	0.02020	0.00976	0.00734	0.00233	0.00650	0.03181	0.00719	0.01127
31	0.01428	0.03683	0.71286	0.02030	0.03082	0.01654	0.02631	0.02255	0.01503	0.02255	0.01278	0.01503	0.00902	0.00677	0.00677	0.00226	0.01052	0.00526	0.00301	0.01052
32	0.00979	0.00727	0.00911	0.00865	0.01046	0.00659	0.00649	0.01287	0.01947	0.02692	0.59113	0.05588	0.17865	0.01517	0.00840	0.00227	0.00340	0.01325	0.00762	0.00659
33	0.01237	0.00618	0.00928	0.00928	0.00928	0.00618	0.00618	0.00928	0.00928	0.01237	0.01237	0.02165	0.01237	0.02474	0.02783	0.79283	0.00618	0.00618	0.00309	0.00309
34	0.30943	0.04624	0.01692	0.01362	0.04270	0.01729	0.01079	0.24928	0.02124	0.15532	0.01621	0.01647	0.01155	0.00769	0.00595	0.00213	0.00652	0.00551	0.03499	0.01015
35	0.01071	0.00694	0.00870	0.00935	0.01042	0.00638	0.00636	0.01202	0.01422	0.07037	0.06279	0.45678	0.13819	0.13638	0.01315	0.00339	0.00462	0.01666	0.00645	0.00609
36	0.02082	0.01161	0.01422	0.01192	0.01575	0.01139	0.00946	0.10333	0.11892	0.27105	0.23627	0.06182	0.05922	0.01153	0.00767	0.00227	0.00521	0.00975	0.00792	0.00986
37	0.00897	0.00637	0.00813	0.00942	0.00984	0.00599	0.00615	0.01001	0.01315	0.01744	0.03759	0.59131	0.07055	0.15298	0.01394	0.00359	0.00461	0.01825	0.00620	0.00553
38	0.01124	0.00801	0.01013	0.01036	0.01223	0.00766	0.00811	0.01505	0.06001	0.04896	0.27099	0.16860	0.14833	0.01705	0.00875	0.00263	0.00455	0.17330	0.00714	0.00691
39	0.08857	0.01691	0.02463	0.19748	0.42109	0.06496	0.01926	0.04334	0.01623	0.02320	0.01287	0.01704	0.01043	0.00669	0.00679	0.00216	0.00871	0.00600	0.00365	0.01000

[dist]
# distance from previous block
# <min> <max>
0	2

[block]
# block no. 4 follows, 29 sequences, length 25
# corresponding to MSA columns:
# 245-269
name=unknown_E
#
# <colnr> <probs for GDERKNQSTAVLIFYWHMCP>
#	G	D	E	R	K	N	Q	S	T	A	V	L	I	F	Y	W	H	M	C	P
0	0.01845	0.19101	0.07248	0.10346	0.15698	0.08140	0.12230	0.02443	0.09575	0.04548	0.01476	0.01729	0.01163	0.00691	0.00665	0.00207	0.00904	0.00609	0.00399	0.00985
1	0.00992	0.00721	0.00983	0.01007	0.01094	0.00779	0.00721	0.01157	0.01170	0.01619	0.02535	0.14064	0.05549	0.22812	0.40564	0.00859	0.01300	0.01054	0.00449	0.00573
2	0.00933	0.00667	0.00902	0.01066	0.01136	0.00635	0.00775	0.01105	0.01428	0.01891	0.03888	0.58932	0.04566	0.02169	0.00926	0.00298	0.00470	0.16955	0.00660	0.00596
3	0.00968	0.00726	0.00897	0.00854	0.01039	0.00655	0.00640	0.01267	0.01921	0.02632	0.55055	0.05687	0.21961	0.01539	0.00840	0.00228	0.00342	0.01339	0.00754	0.00655
4	0.02267	0.01431	0.01622	0.01370	0.01821	0.01534	0.01091	0.09599	0.39110	0.23759	0.02730	0.02497	0.01940	0.00923	0.00709	0.00228	0.00585	0.00755	0.04892	0.01136
5	0.76061	0.01369	0.01078	0.00953	0.01400	0.01569	0.00785	0.02164	0.01254	0.06678	0.01085	0.01222	0.00822	0.00672	0.00455	0.00220	0.00554	0.00403	0.00463	0.00794
6	0.01958	0.01145	0.01242	0.01048	0.01385	0.01198	0.00835	0.20491	0.05645	0.11352	0.02241	0.02364	0.01665	0.00850	0.00596	0.00190	0.00502	0.00671	0.43717	0.00906
7	0.31243	0.02117	0.01657	0.01600	0.06358	0.26812	0.01180	0.05780	0.01701	0.06135	0.01349	0.01762	0.01126	0.00808	0.00668	0.00216	0.03836	0.04345	0.00453	0.00854
8	0.01774	0.49256	0.25880	0.01507	0.02253	0.04906	0.01688	0.02198	0.01486	0.01868	0.01089	0.01266	0.00910	0.00636	0.00536	0.00177	0.00876	0.00431	0.00306	0.00956
9	0.02393	0.01998	0.02101	0.06594	0.02370	0.13470	0.05286	0.29161	0.14264	0.09959	0.01856	0.01897	0.01352	0.00844	0.00762	0.00220	0.03125	0.00658	0.00614	0.01076
10	0.10932	0.02765	0.42063	0.01888	0.02705	0.01625	0.10081	0.02423	0.09304	0.04720	0.03826	0.01804	0.01279	0.00732	0.00681	0.00228	0.00916	0.00612	0.00409	0.01008
11	0.00924	0.00660	0.00891	0.01056	0.01121	0.00627	0.00758	0.01088	0.01419	0.01880	0.03894	0.61193	0.04587	0.02178	0.00924	0.00297	0.00462	0.14789	0.00660	0.00594
12	0.01824	0.01810	0.02043	0.34637	0.03351	0.18114	0.03448	0.07954	0.01712	0.04309	0.01377	0.01879	0.01100	0.03173	0.05996	0.00304	0.05123	0.00621	0.00391	0.00833
13	0.00979	0.00727	0.00915	0.00889	0.01064	0.00663	0.00671	0.01278	0.01900	0.02610	0.52843	0.08551	0.17954	0.01575	0.00850	0.00235	0.00359	0.04533	0.00750	0.00655
14	0.01137	0.00684	0.01026	0.01026	0.01084	0.00742	0.00742	0.01084	0.01026	0.01426	0.01541	0.02452	0.01483	0.03775	0.34274	0.43812	0.01204	0.00684	0.00342	0.00457
15	0.01680	0.01699	0.06063	0.22496	0.43989	0.01691	0.04242	0.05474	0.01653	0.02296	0.01339	0.01788	0.01072	0.00667	0.00710	0.00220	0.00892	0.00636	0.00359	0.01033
16	0.00855	0.00667	0.00777	0.00865	0.00999	0.00589	0.00605	0.01006	0.01485	0.01867	0.05469	0.42733	0.35490	0.02030	0.00877	0.00266	0.00388	0.01779	0.00661	0.00589
17	0.01748	0.04189	0.01922	0.12594	0.07424	0.07487	0.04563	0.09821	0.16661	0.04708	0.04483	0.06718	0.01904	0.06866	0.05494	0.00321	0.00847	0.00807	0.00529	0.00913
18	0.01483	0.05348	0.14799	0.07446	0.07495	0.03499	0.05567	0.06361	0.01492	0.02034	0.01644	0.04747	0.01565	0.20948	0.01601	0.05028	0.00826	0.00744	0.00398	0.06975
19	0.01755	0.01636	0.03908	0.16605	0.08173	0.11006	0.01400	0.07534	0.09847	0.06754	0.08061	0.04671	0.08339	0.01027	0.00808	0.00232	0.03856	0.02959	0.00534	0.00895
20	0.01819	0.43969	0.14428	0.01779	0.08806	0.02357	0.04828	0.04693	0.07368	0.02076	0.01283	0.01450	0.01060	0.00662	0.00568	0.00184	0.00822	0.00497	0.00362	0.00988
21	0.12767	0.13700	0.04958	0.01515	0.04225	0.09418	0.03932	0.16631	0.04279	0.08805	0.01861	0.01920	0.05722	0.00796	0.00626	0.00198	0.00762	0.00601	0.00520	0.06764
22	0.08411	0.07215	0.04355	0.01811	0.08691	0.10353	0.06076	0.08869	0.06232	0.10938	0.05444	0.04477	0.01702	0.00896	0.00793	0.00219	0.05623	0.02832	0.00525	0.04538
23	0.02000	0.12394	0.06907	0.01873	0.10245	0.08387	0.06020	0.11268	0.12683	0.08904	0.02155	0.02318	0.06106	0.04643	0.00836	0.00236	0.00797	0.00705	0.00526	0.00999
24	0.01596	0.09242	0.12199	0.04559	0.07990	0.01410	0.04370	0.06831	0.04668	0.07451	0.16883	0.05208	0.08291	0.01007	0.00721	0.00214	0.00672	0.00861	0.00551	0.05277

[dist]
# distance from previous block
# <min> <max>
1	19

[block]
# block no. 5 follows, 29 sequences, length 76
# corresponding to MSA columns:
# 289-364
name=unknown_F
#
# <colnr> <probs for GDERKNQSTAVLIFYWHMCP>
#	G	D	E	R	K	N	Q	S	T	A	V	L	I	F	Y	W	H	M	C	P
0	0.04051	0.20880	0.19598	0.01629	0.04321	0.08715	0.03777	0.10023	0.01775	0.04304	0.01939	0.07921	0.06384	0.00900	0.00654	0.00208	0.00836	0.00708	0.00439	0.00938
1	0.04457	0.16568	0.11054	0.01305	0.01793	0.03983	0.01209	0.11255	0.04152	0.07460	0.06502	0.07381	0.10413	0.03848	0.00831	0.00230	0.02661	0.00815	0.00531	0.03551
2	0.04587	0.23388	0.20530	0.01513	0.02122	0.04398	0.03738	0.04780	0.08513	0.04697	0.06293	0.06395	0.01822	0.00896	0.00653	0.00212	0.00786	0.03278	0.00459	0.00940
3	0.01899	0.31383	0.11015	0.01502	0.02060	0.13999	0.04024	0.06377	0.08889	0.02182	0.06349	0.01934	0.03992	0.00793	0.00615	0.00191	0.00839	0.00595	0.00432	0.00930
4	0.01973	0.15853	0.13154	0.01485	0.02028	0.08799	0.01383	0.18579	0.08971	0.05162	0.10891	0.04837	0.02065	0.00913	0.00678	0.00208	0.00769	0.00714	0.00551	0.00987
5	0.01781	0.42994	0.23825	0.01512	0.02220	0.04846	0.01649	0.04469	0.04187	0.02016	0.01284	0.01593	0.01089	0.00707	0.00569	0.00188	0.00857	0.02905	0.00349	0.00961
6	0.12272	0.06693	0.04181	0.01327	0.01732	0.01483	0.03571	0.13273	0.12407	0.07218	0.07678	0.11648	0.04741	0.01170	0.00728	0.00239	0.00624	0.07481	0.00623	0.00908
7	0.01528	0.04079	0.01701	0.01908	0.18332	0.07803	0.01181	0.08432	0.05623	0.02372	0.08519	0.10624	0.22543	0.01249	0.00763	0.00226	0.00637	0.01062	0.00563	0.00856
8	0.01944	0.01510	0.01782	0.01495	0.01839	0.01751	0.01213	0.32635	0.08810	0.03106	0.01789	0.02122	0.01447	0.02313	0.23183	0.00519	0.10321	0.00693	0.00560	0.00969
9	0.01443	0.01227	0.01439	0.01043	0.01643	0.00929	0.00831	0.01761	0.01515	0.02359	0.06211	0.01752	0.01461	0.00594	0.00550	0.00114	0.00514	0.00484	0.00448	0.73682
10	0.00880	0.00656	0.00797	0.00896	0.00991	0.00597	0.00608	0.01013	0.01420	0.01834	0.06453	0.47979	0.22140	0.08869	0.01142	0.00312	0.00423	0.01772	0.00643	0.00573
11	0.01679	0.01604	0.02548	0.31363	0.13454	0.03450	0.12466	0.08911	0.05913	0.02303	0.01416	0.01862	0.01098	0.00766	0.00889	0.00238	0.08042	0.00673	0.00396	0.00931
12	0.01410	0.00803	0.00845	0.00789	0.00997	0.00814	0.00604	0.08097	0.01743	0.02841	0.10837	0.02998	0.04056	0.00934	0.00570	0.00180	0.00377	0.00760	0.59629	0.00717
