[name]
unknown

[dist]
# distance from previous block
# <min> <max>
0	194

[block]
# block no. 0 follows, 27 sequences, length 27
# corresponding to MSA columns:
# 279-305
name=unknown_A
#
# <colnr> <probs for GDERKNQSTAVLIFYWHMCP>
#	G	D	E	R	K	N	Q	S	T	A	V	L	I	F	Y	W	H	M	C	P
0	0.00904	0.00646	0.00861	0.01034	0.01077	0.00603	0.00689	0.01034	0.01421	0.01895	0.04092	0.73426	0.04910	0.02326	0.00948	0.00301	0.00431	0.02110	0.00689	0.00603
1	0.01030	0.00766	0.00964	0.00936	0.01126	0.00700	0.00717	0.01348	0.01989	0.02725	0.51453	0.06098	0.18720	0.01634	0.00889	0.00246	0.00384	0.06812	0.00781	0.00685
2	0.01846	0.01595	0.01679	0.01511	0.01930	0.01846	0.01175	0.03945	0.67938	0.03105	0.03022	0.02770	0.02266	0.01007	0.00755	0.00252	0.00588	0.00839	0.00755	0.01175
3	0.02519	0.26884	0.02719	0.01665	0.02166	0.37146	0.01376	0.13082	0.02131	0.02258	0.01212	0.01362	0.01005	0.00742	0.00617	0.00186	0.01073	0.00482	0.00419	0.00957
4	0.01611	0.01587	0.03259	0.02448	0.02994	0.01481	0.44664	0.02081	0.01683	0.06179	0.02296	0.21649	0.02207	0.01110	0.00888	0.00263	0.00990	0.01208	0.00493	0.00907
5	0.79154	0.01436	0.01091	0.00976	0.01436	0.01665	0.00804	0.02182	0.01263	0.03331	0.01034	0.01206	0.00804	0.00689	0.00459	0.00230	0.00574	0.00402	0.00459	0.00804
6	0.01482	0.01401	0.02372	0.59670	0.16941	0.01670	0.02102	0.01967	0.01522	0.01994	0.01334	0.01953	0.01024	0.00727	0.00741	0.00242	0.00970	0.00660	0.00337	0.00889
7	0.79154	0.01436	0.01091	0.00976	0.01436	0.01665	0.00804	0.02182	0.01263	0.03331	0.01034	0.01206	0.00804	0.00689	0.00459	0.00230	0.00574	0.00402	0.00459	0.00804
8	0.01071	0.00754	0.00984	0.00984	0.01044	0.00814	0.00667	0.01191	0.01131	0.01568	0.02180	0.03975	0.02316	0.42845	0.34320	0.00935	0.01296	0.00950	0.00426	0.00547
9	0.01581	0.01559	0.02177	0.01872	0.01885	0.02155	0.01554	0.01757	0.01210	0.01877	0.06115	0.01921	0.01431	0.01316	0.02318	0.00318	0.67086	0.00702	0.00362	0.00804
10	0.00978	0.00756	0.00891	0.00857	0.01064	0.00669	0.00643	0.01260	0.01929	0.02567	0.43022	0.06219	0.33126	0.01670	0.00876	0.00241	0.00361	0.01437	0.00763	0.00669
11	0.01467	0.01355	0.02227	0.68876	0.04983	0.01679	0.02032	0.04892	0.01577	0.02025	0.01341	0.01970	0.01002	0.00749	0.00742	0.00246	0.00982	0.00660	0.00349	0.00845
12	0.01384	0.00692	0.00692	0.00692	0.00865	0.00692	0.00519	0.01730	0.01557	0.02768	0.02422	0.02768	0.01903	0.00865	0.00519	0.00173	0.00346	0.00692	0.78031	0.00692
13	0.01652	0.01342	0.02092	0.44259	0.11067	0.01546	0.01768	0.05819	0.04277	0.06882	0.01817	0.02279	0.04269	0.00956	0.00912	0.06158	0.00873	0.00714	0.00432	0.00886
14	0.01061	0.00795	0.01193	0.01193	0.01326	0.00928	0.00928	0.01326	0.01193	0.01723	0.01988	0.02916	0.01856	0.05568	0.70968	0.01193	0.01988	0.00795	0.00398	0.00663
15	0.01828	0.02014	0.06863	0.03203	0.25199	0.04798	0.27017	0.02654	0.13797	0.02501	0.01719	0.02035	0.01333	0.00717	0.00789	0.00237	0.01003	0.00763	0.00439	0.01090
16	0.02241	0.01919	0.01892	0.01609	0.02082	0.07950	0.01273	0.24131	0.41479	0.03502	0.02460	0.02328	0.01830	0.00949	0.00744	0.00237	0.00726	0.00753	0.00719	0.01176
17	0.01464	0.01382	0.02338	0.62571	0.14187	0.01666	0.02092	0.01951	0.01514	0.01971	0.01330	0.01959	0.01016	0.00731	0.00741	0.00244	0.00974	0.00660	0.00335	0.00874
18	0.01916	0.42873	0.25332	0.01623	0.02380	0.10614	0.01772	0.02353	0.01598	0.01953	0.01144	0.01332	0.00949	0.00674	0.00574	0.00188	0.00958	0.00456	0.00324	0.00989
19	0.02438	0.01829	0.02594	0.03042	0.33225	0.09763	0.07349	0.02814	0.01889	0.24783	0.01886	0.02022	0.01366	0.00756	0.00743	0.00223	0.00885	0.00687	0.00554	0.01152
20	0.02167	0.01280	0.01528	0.01322	0.01733	0.01303	0.01054	0.06482	0.24181	0.25216	0.11012	0.06453	0.06321	0.01201	0.00798	0.00249	0.00576	0.05251	0.00805	0.01068
21	0.01008	0.00794	0.00930	0.00918	0.01150	0.00698	0.00712	0.01271	0.01797	0.02340	0.24733	0.09004	0.35831	0.01741	0.00882	0.00252	0.00421	0.09967	0.00713	0.04835
22	0.01828	0.01630	0.01980	0.02283	0.20322	0.05668	0.01422	0.09158	0.26457	0.02901	0.10939	0.07484	0.02583	0.01042	0.00772	0.00238	0.00694	0.00904	0.00629	0.01065
23	0.02340	0.02395	0.01851	0.01578	0.01998	0.33473	0.01217	0.12373	0.02103	0.06308	0.01914	0.02148	0.06320	0.04799	0.00931	0.00225	0.04249	0.00640	0.00502	0.12636
24	0.05225	0.30617	0.02730	0.01772	0.09285	0.14584	0.01350	0.02445	0.07399	0.04102	0.07486	0.01889	0.01662	0.00829	0.00740	0.00202	0.05698	0.00592	0.00442	0.00950
25	0.01671	0.01671	0.07301	0.02133	0.13377	0.03389	0.10633	0.12655	0.02002	0.02710	0.12864	0.03470	0.09676	0.06027	0.01080	0.00274	0.03763	0.03823	0.00551	0.00930
26	0.07767	0.05347	0.01766	0.01603	0.04571	0.24580	0.01177	0.02445	0.12839	0.02126	0.01823	0.05264	0.01646	0.07980	0.12658	0.00426	0.03952	0.00719	0.00467	0.00846

[dist]
# distance from previous block
# <min> <max>
8	68

[block]
# block no. 1 follows, 27 sequences, length 18
# corresponding to MSA columns:
# 391-408
name=unknown_B
#
# <colnr> <probs for GDERKNQSTAVLIFYWHMCP>
#	G	D	E	R	K	N	Q	S	T	A	V	L	I	F	Y	W	H	M	C	P
0	0.01417	0.01260	0.05124	0.01324	0.01642	0.01145	0.04137	0.12467	0.07701	0.02558	0.03505	0.36947	0.09747	0.01647	0.00849	0.00261	0.00587	0.01457	0.00653	0.05572
1	0.01856	0.05447	0.05635	0.01948	0.02423	0.13922	0.18956	0.04336	0.11134	0.04919	0.02244	0.12443	0.02057	0.01235	0.03147	0.00279	0.00975	0.05591	0.00524	0.00930
2	0.17419	0.05900	0.01849	0.01428	0.01936	0.19210	0.01154	0.06967	0.02007	0.32189	0.01942	0.01856	0.01334	0.00819	0.00658	0.00216	0.00822	0.00589	0.00652	0.01057
3	0.05658	0.05253	0.16076	0.01539	0.02112	0.01667	0.01454	0.06957	0.28113	0.11364	0.06031	0.04751	0.02135	0.00989	0.00736	0.00241	0.00708	0.02478	0.00648	0.01091
4	0.02210	0.01327	0.06590	0.01570	0.08627	0.01059	0.01200	0.02533	0.01889	0.34241	0.05916	0.07391	0.15916	0.01234	0.00801	0.00244	0.00623	0.04865	0.00741	0.01024
5	0.01671	0.01315	0.01553	0.01116	0.01769	0.00997	0.00895	0.01998	0.01583	0.07382	0.01438	0.01612	0.01154	0.00577	0.00564	0.00119	0.00556	0.00462	0.00475	0.72763
6	0.01181	0.00843	0.01179	0.01350	0.01514	0.00841	0.01169	0.01511	0.01694	0.02204	0.03939	0.11815	0.04306	0.02065	0.01021	0.00340	0.00670	0.60994	0.00684	0.00679
7	0.01539	0.01319	0.01539	0.01100	0.01759	0.00990	0.00880	0.01869	0.01539	0.02419	0.01319	0.01539	0.01100	0.00550	0.00550	0.00110	0.00550	0.00440	0.00440	0.78449
8	0.72721	0.01421	0.01145	0.01005	0.01475	0.01617	0.00828	0.02304	0.01336	0.08970	0.01194	0.01318	0.00892	0.00709	0.00484	0.00230	0.00579	0.00431	0.00498	0.00843
9	0.01384	0.00692	0.00692	0.00692	0.00865	0.00692	0.00519	0.01730	0.01557	0.02768	0.02422	0.02768	0.01903	0.00865	0.00519	0.00173	0.00346	0.00692	0.78031	0.00692
10	0.02021	0.01731	0.02034	0.01719	0.02034	0.02118	0.01397	0.19520	0.27270	0.03043	0.01967	0.02103	0.01543	0.01082	0.01354	0.00270	0.26402	0.00727	0.00598	0.01068
11	0.01196	0.00854	0.01196	0.01367	0.01538	0.00854	0.01196	0.01538	0.01709	0.02222	0.03931	0.08374	0.04272	0.02051	0.01025	0.00342	0.00684	0.64283	0.00684	0.00684
12	0.01688	0.01588	0.02674	0.13247	0.52763	0.01626	0.02067	0.02126	0.01710	0.02418	0.09174	0.02284	0.01823	0.00771	0.00752	0.00226	0.00835	0.00740	0.00414	0.01074
13	0.00877	0.00752	0.00752	0.00752	0.01003	0.00627	0.00564	0.01065	0.01692	0.02005	0.07520	0.07144	0.68978	0.01880	0.00877	0.00251	0.00376	0.01567	0.00689	0.00627
14	0.01070	0.00759	0.01010	0.01010	0.01079	0.00828	0.00699	0.01208	0.01139	0.01588	0.02156	0.03845	0.02259	0.38244	0.38844	0.00967	0.01382	0.00931	0.00423	0.00561
15	0.02478	0.02207	0.02298	0.01843	0.02357	0.16751	0.08865	0.31984	0.09377	0.05936	0.01801	0.01926	0.01350	0.01192	0.05929	0.00294	0.01035	0.00682	0.00606	0.01093
16	0.66008	0.06916	0.04854	0.01090	0.01601	0.01791	0.00965	0.05209	0.01401	0.03228	0.01084	0.01250	0.00843	0.00695	0.00486	0.00224	0.00628	0.00421	0.00455	0.00851
17	0.01821	0.41877	0.30927	0.01649	0.02461	0.05870	0.01882	0.02313	0.01563	0.01998	0.01161	0.01353	0.00948	0.00670	0.00580	0.00192	0.00946	0.00463	0.00319	0.01007

[dist]
# distance from previous block
# <min> <max>
0	4

[block]
# block no. 2 follows, 27 sequences, length 22
# corresponding to MSA columns:
# 413-434
name=unknown_C
#
# <colnr> <probs for GDERKNQSTAVLIFYWHMCP>
#	G	D	E	R	K	N	Q	S	T	A	V	L	I	F	Y	W	H	M	C	P
0	0.01637	0.02173	0.18579	0.06705	0.24344	0.01840	0.08456	0.02126	0.01537	0.02241	0.04176	0.01904	0.01306	0.00867	0.01168	0.00255	0.18633	0.00682	0.00362	0.01011
1	0.00984	0.00739	0.00911	0.00904	0.01077	0.00667	0.00664	0.01259	0.01892	0.02563	0.43272	0.16584	0.22293	0.01736	0.00887	0.00248	0.00369	0.01519	0.00765	0.00667
2	0.03331	0.01263	0.01723	0.01321	0.01895	0.01091	0.01091	0.03618	0.02125	0.69794	0.02929	0.02527	0.01838	0.00919	0.00747	0.00230	0.00632	0.00747	0.00919	0.01263
3	0.01644	0.11786	0.49857	0.02151	0.03112	0.05145	0.11543	0.02369	0.01612	0.02259	0.01313	0.01574	0.00969	0.00689	0.00701	0.00226	0.01095	0.00574	0.00326	0.01056
4	0.02685	0.14959	0.02368	0.01764	0.02202	0.54637	0.01382	0.02891	0.02008	0.06834	0.01260	0.01402	0.01021	0.00755	0.00643	0.00189	0.01197	0.00485	0.00412	0.00905
5	0.01051	0.00759	0.00992	0.00934	0.01109	0.00700	0.00700	0.01401	0.02101	0.02977	0.68888	0.05545	0.07005	0.01518	0.00876	0.00233	0.00350	0.01343	0.00817	0.00700
6	0.01763	0.07080	0.03080	0.16063	0.46274	0.01842	0.08777	0.02217	0.01647	0.02277	0.01367	0.01831	0.01122	0.00670	0.00732	0.00224	0.00932	0.00664	0.00358	0.01080
7	0.00877	0.00752	0.00752	0.00752	0.01003	0.00627	0.00564	0.01065	0.01692	0.02005	0.07520	0.07144	0.68978	0.01880	0.00877	0.00251	0.00376	0.01567	0.00689	0.00627
8	0.79154	0.01436	0.01091	0.00976	0.01436	0.01665	0.00804	0.02182	0.01263	0.03331	0.01034	0.01206	0.00804	0.00689	0.00459	0.00230	0.00574	0.00402	0.00459	0.00804
9	0.01915	0.64379	0.13254	0.01390	0.02090	0.02766	0.01479	0.02241	0.01517	0.01832	0.01075	0.01244	0.00951	0.00645	0.00509	0.00170	0.00837	0.00418	0.00317	0.00973
10	0.01507	0.01334	0.01746	0.01293	0.01899	0.01075	0.07244	0.01927	0.04513	0.02398	0.01879	0.05535	0.04925	0.00737	0.00628	0.00147	0.00604	0.00643	0.00473	0.59495
11	0.00904	0.00646	0.00861	0.01034	0.01077	0.00603	0.00689	0.01034	0.01421	0.01895	0.04092	0.73426	0.04910	0.02326	0.00948	0.00301	0.00431	0.02110	0.00689	0.00603
12	0.02015	0.01696	0.01911	0.01858	0.08920	0.01917	0.01330	0.14714	0.49910	0.03309	0.02639	0.02502	0.01979	0.00951	0.00751	0.00244	0.00658	0.00791	0.00713	0.01190
13	0.00900	0.00663	0.00844	0.00988	0.01065	0.00607	0.00669	0.01039	0.01466	0.01913	0.04653	0.62579	0.15395	0.02253	0.00936	0.00293	0.00422	0.02021	0.00689	0.00607
14	0.01197	0.01047	0.06208	0.04636	0.01551	0.00857	0.01000	0.01581	0.01955	0.05147	0.45664	0.05456	0.08596	0.01493	0.00874	0.00251	0.00498	0.10507	0.00734	0.00750
15	0.00928	0.00754	0.00822	0.00805	0.01034	0.00648	0.00604	0.01163	0.01811	0.02289	0.25402	0.06678	0.50920	0.01774	0.00877	0.00246	0.00369	0.01501	0.00727	0.00648
16	0.05040	0.02368	0.02080	0.01704	0.02217	0.20647	0.01361	0.38295	0.10160	0.06152	0.01770	0.01783	0.01299	0.00865	0.00716	0.00218	0.00917	0.00631	0.00645	0.01131
17	0.00880	0.00740	0.00764	0.00783	0.01011	0.00624	0.00578	0.01062	0.01662	0.01993	0.07139	0.14510	0.61858	0.01930	0.00885	0.00256	0.00382	0.01627	0.00689	0.00624
18	0.01918	0.64891	0.12773	0.01384	0.02081	0.02775	0.01468	0.02240	0.01516	0.01828	0.01072	0.01241	0.00951	0.00645	0.00507	0.00169	0.00835	0.00417	0.00317	0.00972
19	0.01975	0.11996	0.12897	0.04953	0.30409	0.04232	0.05195	0.06489	0.01797	0.07226	0.01462	0.01735	0.01144	0.00696	0.00692	0.00211	0.00901	0.00609	0.00419	0.04963
20	0.01726	0.02186	0.10953	0.03028	0.03813	0.01862	0.60195	0.02375	0.01734	0.02375	0.01485	0.01959	0.01108	0.00634	0.00859	0.00249	0.01236	0.00843	0.00369	0.01011
21	0.01860	0.27327	0.27529	0.02009	0.07542	0.02118	0.08102	0.04789	0.01675	0.05831	0.01352	0.01558	0.01045	0.00683	0.00643	0.00204	0.00937	0.00547	0.00378	0.03870

[dist]
# distance from previous block
# <min> <max>
0	30

[block]
# block no. 3 follows, 27 sequences, length 74
# corresponding to MSA columns:
# 465-491,507-553
name=unknown_D
#
# <colnr> <probs for GDERKNQSTAVLIFYWHMCP>
#	G	D	E	R	K	N	Q	S	T	A	V	L	I	F	Y	W	H	M	C	P
0	0.01358	0.01041	0.03918	0.01285	0.01567	0.00908	0.05627	0.01741	0.03905	0.09059	0.22011	0.16822	0.10810	0.01635	0.00898	0.00272	0.00566	0.15087	0.00712	0.00780
1	0.01064	0.00778	0.01107	0.01104	0.01212	0.00875	0.00821	0.01280	0.01215	0.01728	0.05325	0.03432	0.02276	0.19015	0.54131	0.01052	0.01655	0.00879	0.00429	0.00622
2	0.70808	0.01506	0.01215	0.01056	0.01530	0.01735	0.00870	0.09248	0.01507	0.03478	0.01116	0.01269	0.00854	0.00711	0.00490	0.00229	0.00601	0.00431	0.00490	0.00854
3	0.00946	0.00703	0.00892	0.01027	0.01136	0.00649	0.00744	0.01122	0.01526	0.01972	0.04806	0.48578	0.18637	0.02185	0.00945	0.00297	0.00460	0.12067	0.00688	0.00621
4	0.01555	0.01463	0.02431	0.35819	0.20620	0.01722	0.04404	0.01931	0.01454	0.01990	0.01287	0.01904	0.01060	0.00935	0.01173	0.05586	0.12775	0.00666	0.00340	0.00885
5	0.00957	0.00738	0.00874	0.00877	0.01061	0.00655	0.00644	0.01206	0.01826	0.02409	0.33616	0.17189	0.31683	0.01795	0.00888	0.00251	0.00374	0.01557	0.00745	0.00655
6	0.02425	0.01816	0.01955	0.01597	0.02114	0.02027	0.01287	0.35269	0.31705	0.08040	0.02398	0.02262	0.01739	0.00944	0.00748	0.00236	0.00705	0.00748	0.00759	0.01224
7	0.01937	0.57192	0.06079	0.01437	0.01977	0.05372	0.01390	0.02185	0.01473	0.01779	0.01039	0.01281	0.00956	0.00750	0.00810	0.00190	0.12453	0.00447	0.00321	0.00932
8	0.01384	0.00692	0.00692	0.00692	0.00865	0.00692	0.00519	0.01730	0.01557	0.02768	0.02422	0.02768	0.01903	0.00865	0.00519	0.00173	0.00346	0.00692	0.78031	0.00692
9	0.01356	0.01012	0.01178	0.01141	0.01363	0.01025	0.00846	0.16411	0.01948	0.02558	0.04151	0.38219	0.17494	0.02098	0.05242	0.00328	0.00606	0.01576	0.00684	0.00766
10	0.01051	0.00759	0.00992	0.00934	0.01109	0.00700	0.00700	0.01401	0.02101	0.02977	0.68888	0.05545	0.07005	0.01518	0.00876	0.00233	0.00350	0.01343	0.00817	0.00700
11	0.01502	0.01381	0.02104	0.56290	0.04399	0.01694	0.01863	0.02356	0.16388	0.02168	0.01701	0.02157	0.01276	0.00802	0.00745	0.00248	0.00899	0.00700	0.00425	0.00903
12	0.01985	0.74357	0.03890	0.01270	0.01905	0.02937	0.01270	0.02223	0.01508	0.01747	0.01032	0.01191	0.00953	0.00635	0.00476	0.00159	0.00794	0.00397	0.00318	0.00953
13	0.66869	0.01408	0.01193	0.01032	0.01510	0.01572	0.00850	0.02415	0.01403	0.14100	0.01341	0.01420	0.00971	0.00726	0.00506	0.00230	0.00584	0.00458	0.00534	0.00878
14	0.01054	0.00812	0.00982	0.01080	0.01207	0.00807	0.00754	0.01509	0.12229	0.02103	0.04299	0.54616	0.11597	0.02063	0.00909	0.00288	0.00450	0.01844	0.00700	0.00698
15	0.66778	0.01776	0.01255	0.01128	0.01575	0.12888	0.00906	0.02309	0.01400	0.03085	0.01052	0.01227	0.00829	0.00701	0.00493	0.00223	0.00698	0.00414	0.00447	0.00813
16	0.01639	0.00999	0.01311	0.04608	0.01469	0.01065	0.00886	0.15777	0.01558	0.02079	0.01401	0.02137	0.01269	0.02111	0.02312	0.57052	0.00700	0.00651	0.00417	0.00558
17	0.66869	0.01408	0.01193	0.01032	0.01510	0.01572	0.00850	0.02415	0.01403	0.14100	0.01341	0.01420	0.00971	0.00726	0.00506	0.00230	0.00584	0.00458	0.00534	0.00878
18	0.01705	0.03555	0.59072	0.02050	0.03065	0.01818	0.02527	0.12794	0.01879	0.02728	0.01405	0.01602	0.00993	0.00735	0.00711	0.00233	0.01052	0.00568	0.00383	0.01124
19	0.01752	0.02003	0.04380	0.03129	0.03880	0.01877	0.66583	0.02378	0.01752	0.02378	0.01502	0.02003	0.01126	0.00626	0.00876	0.00250	0.01252	0.00876	0.00375	0.01001
20	0.01584	0.01528	0.02386	0.36391	0.18479	0.04195	0.05873	0.02029	0.01570	0.02120	0.01363	0.01884	0.01084	0.00843	0.02983	0.00248	0.00956	0.00635	0.00363	0.13487
21	0.00904	0.00646	0.00861	0.01034	0.01077	0.00603	0.00689	0.01034	0.01421	0.01895	0.04092	0.73426	0.04910	0.02326	0.00948	0.00301	0.00431	0.02110	0.00689	0.00603
22	0.00902	0.00747	0.00790	0.00791	0.01021	0.00635	0.00589	0.01109	0.01732	0.02129	0.15540	0.10492	0.57251	0.01856	0.00881	0.00251	0.00376	0.01566	0.00706	0.00635
23	0.15121	0.32961	0.02693	0.01479	0.01989	0.28223	0.01260	0.04917	0.01766	0.02146	0.01104	0.01271	0.00941	0.00702	0.00556	0.00185	0.00963	0.00438	0.00381	0.00905
24	0.02011	0.34214	0.18330	0.01777	0.05889	0.04763	0.01706	0.10631	0.01796	0.04422	0.01275	0.01471	0.01031	0.00756	0.00759	0.00205	0.07020	0.00516	0.00396	0.01032
25	0.01673	0.25203	0.24866	0.01595	0.02244	0.04576	0.03607	0.04506	0.03856	0.02086	0.01491	0.02006	0.01298	0.09207	0.08468	0.00365	0.01041	0.00607	0.00374	0.00932
26	0.79154	0.01436	0.01091	0.00976	0.01436	0.01665	0.00804	0.02182	0.01263	0.03331	0.01034	0.01206	0.00804	0.00689	0.00459	0.00230	0.00574	0.00402	0.00459	0.00804
27	0.01384	0.00692	0.00692	0.00692	0.00865	0.00692	0.00519	0.01730	0.01557	0.02768	0.02422	0.02768	0.01903	0.00865	0.00519	0.00173	0.00346	0.00692	0.78031	0.00692
28	0.01801	0.01356	0.01598	0.01157	0.01804	0.01074	0.00932	0.05718	0.01711	0.09661	0.01516	0.01657	0.01187	0.00608	0.00581	0.00129	0.00574	0.00485	0.00507	0.65942
29	0.01004	0.00728	0.00956	0.01020	0.01148	0.00680	0.00755	0.01260	0.01765	0.02407	0.31904	0.31999	0.09367	0.01919	0.00923	0.00275	0.00427	0.10064	0.00743	0.00657
30	0.02027	0.70552	0.03794	0.01305	0.01926	0.06590	0.01279	0.02263	0.01540	0.01750	0.01038	0.01199	0.00953	0.00642	0.00487	0.00161	0.00823	0.00401	0.00321	0.00948
31	0.19931	0.01938	0.04160	0.11679	0.04929	0.13066	0.05918	0.06991	0.08802	0.04817	0.01505	0.01715	0.01150	0.00743	0.00652	0.00215	0.00852	0.00579	0.00478	0.09879
32	0.01489	0.03840	0.70064	0.02116	0.03213	0.01724	0.02743	0.02351	0.01567	0.02351	0.01332	0.01567	0.00940	0.00705	0.00705	0.00235	0.01097	0.00549	0.00313	0.01097
33	0.00877	0.00752	0.00752	0.00752	0.01003	0.00627	0.00564	0.01065	0.01692	0.02005	0.07520	0.07144	0.68978	0.01880	0.00877	0.00251	0.00376	0.01567	0.00689	0.00627
34	0.01155	0.00825	0.01149	0.01320	0.01473	0.00819	0.01125	0.01467	0.01668	0.02176	0.03953	0.17549	0.04362	0.02090	0.01014	0.00336	0.00648	0.55514	0.00684	0.00672
35	0.79154	0.01436	0.01091	0.00976	0.01436	0.01665	0.00804	0.02182	0.01263	0.03331	0.01034	0.01206	0.00804	0.00689	0.00459	0.00230	0.00574	0.00402	0.00459	0.00804
36	0.01627	0.01631	0.02968	0.02324	0.07078	0.01453	0.32638	0.02108	0.01668	0.02380	0.01667	0.02449	0.01427	0.00740	0.00765	0.00207	0.00922	0.06902	0.00428	0.28614
37	0.01080	0.00720	0.00810	0.00810	0.00810	0.00720	0.00450	0.01080	0.01080	0.01439	0.02339	0.04858	0.02699	0.73910	0.03779	0.00720	0.00720	0.01080	0.00450	0.00450
38	0.01745	0.02643	0.28714	0.02069	0.07087	0.08387	0.03996	0.05921	0.10578	0.02505	0.07248	0.02095	0.01677	0.00908	0.00977	0.00244	0.11045	0.00687	0.00452	0.01022
39	0.01061	0.00795	0.01193	0.01193	0.01326	0.00928	0.00928	0.01326	0.01193	0.01723	0.01988	0.02916	0.01856	0.05568	0.70968	0.01193	0.01988	0.00795	0.00398	0.00663
40	0.06655	0.07390	0.02150	0.01637	0.02150	0.15566	0.01325	0.33526	0.16064	0.03521	0.01817	0.01824	0.01360	0.00861	0.00697	0.00218	0.00857	0.00632	0.00630	0.01120
41	0.01956	0.02867	0.39024	0.02052	0.06301	0.04042	0.05765	0.06764	0.01817	0.13360	0.01624	0.01764	0.01143	0.00734	0.00711	0.00221	0.00962	0.00601	0.00459	0.07834
42	0.02129	0.58629	0.07132	0.01369	0.02013	0.05120	0.01352	0.06318	0.01696	0.06605	0.01228	0.01344	0.01032	0.00679	0.00530	0.00173	0.00820	0.00449	0.00387	0.00997
43	0.10189	0.05665	0.06098	0.19734	0.34625	0.04292	0.01967	0.02177	0.01594	0.02329	0.01396	0.01967	0.01168	0.00738	0.00699	0.00229	0.00890	0.02863	0.00375	0.01006
44	0.01906	0.01688	0.01638	0.01492	0.01869	0.09227	0.01145	0.05796	0.47315	0.05005	0.02910	0.12014	0.02425	0.01150	0.00771	0.00250	0.00659	0.00960	0.00711	0.01070
45	0.01977	0.01967	0.14546	0.02532	0.23958	0.01606	0.01771	0.09618	0.10806	0.11735	0.04436	0.04626	0.05254	0.00919	0.00753	0.00233	0.00783	0.00792	0.00566	0.01120
46	0.03331	0.01263	0.01723	0.01321	0.01895	0.01091	0.01091	0.03618	0.02125	0.69794	0.02929	0.02527	0.01838	0.00919	0.00747	0.00230	0.00632	0.00747	0.00919	0.01263
47	0.02001	0.01902	0.02323	0.10008	0.18363	0.11036	0.05950	0.12195	0.17419	0.02714	0.01854	0.02155	0.01470	0.03582	0.03523	0.00284	0.00937	0.00714	0.00516	0.01051
48	0.01051	0.00759	0.00992	0.00934	0.01109	0.00700	0.00700	0.01401	0.02101	0.02977	0.68888	0.05545	0.07005	0.01518	0.00876	0.00233	0.00350	0.01343	0.00817	0.00700
49	0.02011	0.09969	0.02432	0.06766	0.06665	0.17294	0.07556	0.06172	0.17560	0.02376	0.01794	0.02161	0.01471	0.01054	0.03348	0.00267	0.06645	0.02992	0.00485	0.00980
50	0.01080	0.00720	0.00810	0.00810	0.00810	0.00720	0.00450	0.01080	0.01080	0.01439	0.02339	0.04858	0.02699	0.73910	0.03779	0.00720	0.00720	0.01080	0.00450	0.00450
51	0.01682	0.01778	0.03447	0.02462	0.03183	0.01586	0.45003	0.02211	0.01682	0.02391	0.01442	0.01850	0.01118	0.00601	0.00769	0.00204	0.01021	0.00733	0.00397	0.26439
52	0.03331	0.01263	0.01723	0.01321	0.01895	0.01091	0.01091	0.03618	0.02125	0.69794	0.02929	0.02527	0.01838	0.00919	0.00747	0.00230	0.00632	0.00747	0.00919	0.01263
53	0.01624	0.01624	0.02274	0.01949	0.01949	0.02274	0.01624	0.01787	0.01137	0.01787	0.00975	0.01624	0.00975	0.01299	0.02436	0.00325	0.72552	0.00650	0.00325	0.00812
54	0.01810	0.01736	0.02964	0.08762	0.65286	0.01757	0.02265	0.02255	0.01678	0.02392	0.01392	0.01846	0.01164	0.00666	0.00735	0.00222	0.00889	0.00661	0.00365	0.01154
55	0.01080	0.00720	0.00810	0.00810	0.00810	0.00720	0.00450	0.01080	0.01080	0.01439	0.02339	0.04858	0.02699	0.73910	0.03779	0.00720	0.00720	0.01080	0.00450	0.00450
56	0.01539	0.01319	0.01539	0.01100	0.01759	0.00990	0.00880	0.01869	0.01539	0.02419	0.01319	0.01539	0.01100	0.00550	0.00550	0.00110	0.00550	0.00440	0.00440	0.78449
57	0.01170	0.00875	0.01257	0.01225	0.01386	0.01013	0.00958	0.05401	0.01336	0.01907	0.01976	0.02846	0.01819	0.05277	0.66598	0.01133	0.01916	0.00787	0.00419	0.00700
58	0.01812	0.01564	0.01645	0.01484	0.01897	0.01803	0.01153	0.03841	0.65559	0.03066	0.03183	0.02927	0.04662	0.01039	0.00760	0.00252	0.00580	0.00865	0.00753	0.01155
59	0.02533	0.15583	0.02120	0.01358	0.01873	0.01711	0.01134	0.08722	0.17670	0.30875	0.02447	0.02406	0.01771	0.05425	0.00884	0.00251	0.00674	0.00715	0.00719	0.01131
60	0.02822	0.02079	0.02228	0.01708	0.02302	0.02302	0.01411	0.66804	0.03490	0.04679	0.01782	0.01782	0.01262	0.00891	0.00743	0.00223	0.00817	0.00668	0.00743	0.01262
61	0.01051	0.00759	0.00992	0.00934	0.01109	0.00700	0.00700	0.01401	0.02101	0.02977	0.68888	0.05545	0.07005	0.01518	0.00876	0.00233	0.00350	0.01343	0.00817	0.00700
62	0.01061	0.00795	0.01193	0.01193	0.01326	0.00928	0.00928	0.01326	0.01193	0.01723	0.01988	0.02916	0.01856	0.05568	0.70968	0.01193	0.01988	0.00795	0.00398	0.00663
63	0.01061	0.00795	0.01193	0.01193	0.01326	0.00928	0.00928	0.01326	0.01193	0.01723	0.01988	0.02916	0.01856	0.05568	0.70968	0.01193	0.01988	0.00795	0.00398	0.00663
64	0.01731	0.01941	0.04039	0.02938	0.03567	0.01942	0.56058	0.02282	0.01652	0.02282	0.01416	0.01941	0.01102	0.00735	0.01129	0.00262	0.12804	0.00839	0.00367	0.00971
65	0.01384	0.00692	0.00692	0.00692	0.00865	0.00692	0.00519	0.01730	0.01557	0.02768	0.02422	0.02768	0.01903	0.00865	0.00519	0.00173	0.00346	0.00692	0.78031	0.00692
66	0.02640	0.03316	0.02123	0.01917	0.02255	0.62968	0.01456	0.02828	0.01992	0.01813	0.01127	0.01372	0.00958	0.00827	0.00874	0.00207	0.09597	0.00498	0.00376	0.00855
67	0.01051	0.00759	0.00992	0.00934	0.01109	0.00700	0.00700	0.01401	0.02101	0.02977	0.68888	0.05545	0.07005	0.01518	0.00876	0.00233	0.00350	0.01343	0.00817	0.00700
68	0.01609	0.01534	0.02531	0.40407	0.15582	0.01819	0.06770	0.05150	0.01582	0.02143	0.01313	0.01889	0.01043	0.00817	0.01025	0.00254	0.12577	0.00675	0.00359	0.00918
69	0.00913	0.00650	0.00859	0.01023	0.01064	0.00609	0.00677	0.01036	0.01405	0.01873	0.04006	0.70078	0.04802	0.05821	0.01086	0.00322	0.00445	0.02060	0.00677	0.00596
70	0.01384	0.00692	0.00692	0.00692	0.00865	0.00692	0.00519	0.01730	0.01557	0.02768	0.02422	0.02768	0.01903	0.00865	0.00519	0.00173	0.00346	0.00692	0.78031	0.00692
71	0.01592	0.03569	0.01364	0.01289	0.05019	0.01011	0.00916	0.06438	0.03879	0.13803	0.16916	0.26414	0.11644	0.01583	0.00843	0.00253	0.00511	0.01383	0.00729	0.00844
72	0.01580	0.01459	0.02404	0.03360	0.44403	0.01447	0.04247	0.02011	0.03671	0.02354	0.04736	0.12112	0.06338	0.01092	0.00803	0.00244	0.00764	0.05486	0.00480	0.01009
73	0.02401	0.04377	0.12556	0.01937	0.07140	0.06654	0.03938	0.08340	0.03960	0.25059	0.01882	0.01963	0.01342	0.00907	0.01038	0.00243	0.13923	0.00663	0.00581	0.01098

[dist]
# distance from previous block
# <min> <max>
4	21

[block]
# block no. 4 follows, 27 sequences, length 13
# corresponding to MSA columns:
# 697-709
name=unknown_E
#
# <colnr> <probs for GDERKNQSTAVLIFYWHMCP>
#	G	D	E	R	K	N	Q	S	T	A	V	L	I	F	Y	W	H	M	C	P
0	0.01858	0.01339	0.01568	0.01217	0.01787	0.01168	0.00966	0.02541	0.15451	0.13126	0.02044	0.04999	0.01620	0.00778	0.00640	0.00166	0.00565	0.00642	0.00591	0.46931
1	0.01539	0.01319	0.01539	0.01100	0.01759	0.00990	0.00880	0.01869	0.01539	0.02419	0.01319	0.01539	0.01100	0.00550	0.00550	0.00110	0.00550	0.00440	0.00440	0.78449
2	0.01857	0.10167	0.04333	0.03933	0.04806	0.01704	0.06146	0.11613	0.12230	0.08261	0.05942	0.15589	0.02373	0.01176	0.00896	0.00247	0.06161	0.00986	0.00601	0.00981
3	0.01384	0.00692	0.00692	0.00692	0.00865	0.00692	0.00519	0.01730	0.01557	0.02768	0.02422	0.02768	0.01903	0.00865	0.00519	0.00173	0.00346	0.00692	0.78031	0.00692
4	0.12053	0.14112	0.09973	0.01566	0.02106	0.19850	0.01395	0.14951	0.05909	0.02788	0.07190	0.01854	0.01589	0.00831	0.00652	0.00209	0.00896	0.00595	0.00502	0.00978
5	0.31067	0.01930	0.08036	0.09751	0.02260	0.11160	0.01309	0.07059	0.06119	0.06312	0.01543	0.03935	0.01227	0.01048	0.04102	0.00278	0.00865	0.00597	0.00488	0.00911
6	0.16474	0.01857	0.06696	0.06114	0.13208	0.08403	0.01423	0.09608	0.12354	0.02859	0.06401	0.02478	0.07258	0.00921	0.00700	0.00231	0.00760	0.00734	0.00539	0.00982
7	0.07788	0.01644	0.02300	0.28205	0.09438	0.05139	0.08106	0.11907	0.05755	0.06923	0.01699	0.04856	0.01334	0.00834	0.00739	0.00239	0.00897	0.00730	0.00489	0.00979
8	0.01795	0.01545	0.02163	0.33103	0.13937	0.04421	0.01716	0.11329	0.01884	0.05254	0.04169	0.04129	0.01453	0.00815	0.00729	0.00223	0.00859	0.00703	0.00463	0.09310
9	0.01657	0.01779	0.07455	0.34723	0.20103	0.06300	0.01957	0.05012	0.01687	0.02219	0.01631	0.02070	0.04143	0.00768	0.00727	0.00227	0.00933	0.00668	0.00383	0.05558
10	0.07463	0.01534	0.02172	0.51760	0.10301	0.06345	0.01892	0.02143	0.05366	0.02118	0.01391	0.01910	0.01064	0.00748	0.00716	0.00240	0.00949	0.00638	0.00371	0.00878
11	0.01515	0.01816	0.11521	0.35172	0.09961	0.01662	0.18093	0.02075	0.01621	0.02195	0.05930	0.02160	0.01439	0.00754	0.00779	0.00243	0.01016	0.00745	0.00375	0.00926
12	0.02026	0.11761	0.10673	0.18349	0.06853	0.01643	0.04821	0.02547	0.05494	0.19796	0.02283	0.02392	0.06453	0.00860	0.00719	0.00228	0.00819	0.00722	0.00536	0.01025

[dist]
# distance from previous block
# <min> <max>
1	18

[block]
# block no. 5 follows, 27 sequences, length 21
# corresponding to MSA columns:
# 730-750
name=unknown_F
#
# <colnr> <probs for GDERKNQSTAVLIFYWHMCP>
#	G	D	E	R	K	N	Q	S	T	A	V	L	I	F	Y	W	H	M	C	P
0	0.21811	0.24162	0.32491	0.01569	0.02363	0.02069	0.01802	0.02269	0.01471	0.02426	0.01166	0.01362	0.00909	0.00680	0.00573	0.00211	0.00871	0.00465	0.00353	0.00978
1	0.62555	0.01617	0.05643	0.01128	0.01647	0.01661	0.00993	0.06585	0.01505	0.09124	0.01267	0.01382	0.00933	0.00723	0.00519	0.00230	0.00629	0.00459	0.00509	0.00893
2	0.01914	0.01494	0.01776	0.01521	0.01928	0.01620	0.04925	0.19181	0.27458	0.05771	0.05333	0.13729	0.04972	0.01246	0.00808	0.00254	0.00650	0.03650	0.00723	0.01047
3	0.01574	0.01387	0.01789	0.01487	0.07727	0.01095	0.03800	0.01927	0.01562	0.02418	0.01334	0.01585	0.01107	0.00563	0.00580	0.00126	0.00609	0.00478	0.00431	0.68424
4	0.03331	0.01263	0.01723	0.01321	0.01895	0.01091	0.01091	0.03618	0.02125	0.69794	0.02929	0.02527	0.01838	0.00919	0.00747	0.00230	0.00632	0.00747	0.00919	0.01263
5	0.01762	0.01521	0.01598	0.01445	0.01850	0.01740	0.01122	0.03694	0.62172	0.03010	0.03413	0.03151	0.08073	0.01083	0.00766	0.00252	0.00569	0.00903	0.00750	0.01127
6	0.00877	0.00752	0.00752	0.00752	0.01003	0.00627	0.00564	0.01065	0.01692	0.02005	0.07520	0.07144	0.68978	0.01880	0.00877	0.00251	0.00376	0.01567	0.00689	0.00627
7	0.01489	0.03840	0.70064	0.02116	0.03213	0.01724	0.02743	0.02351	0.01567	0.02351	0.01332	0.01567	0.00940	0.00705	0.00705	0.00235	0.01097	0.00549	0.00313	0.01097
8	0.01051	0.00759	0.00992	0.00934	0.01109	0.00700	0.00700	0.01401	0.02101	0.02977	0.68888	0.05545	0.07005	0.01518	0.00876	0.00233	0.00350	0.01343	0.00817	0.00700
9	0.01067	0.00771	0.01069	0.01069	0.01159	0.00861	0.00773	0.01246	0.01156	0.01631	0.02102	0.03545	0.02129	0.27683	0.49226	0.01040	0.01578	0.00887	0.00415	0.00594
10	0.02822	0.02079	0.02228	0.01708	0.02302	0.02302	0.01411	0.66804	0.03490	0.04679	0.01782	0.01782	0.01262	0.00891	0.00743	0.00223	0.00817	0.00668	0.00743	0.01262
11	0.79154	0.01436	0.01091	0.00976	0.01436	0.01665	0.00804	0.02182	0.01263	0.03331	0.01034	0.01206	0.00804	0.00689	0.00459	0.00230	0.00574	0.00402	0.00459	0.00804
12	0.00916	0.00651	0.00858	0.01019	0.01059	0.00611	0.00673	0.01037	0.01399	0.01865	0.03976	0.68889	0.04764	0.07063	0.01135	0.00329	0.00450	0.02042	0.00673	0.00593
13	0.01093	0.00844	0.01256	0.01237	0.01362	0.01006	0.00968	0.01352	0.01190	0.01727	0.01929	0.02841	0.01805	0.05319	0.66982	0.01143	0.06093	0.00787	0.00393	0.00672
14	0.01051	0.00759	0.00992	0.00934	0.01109	0.00700	0.00700	0.01401	0.02101	0.02977	0.68888	0.05545	0.07005	0.01518	0.00876	0.00233	0.00350	0.01343	0.00817	0.00700
15	0.02773	0.03538	0.02104	0.01913	0.02295	0.70930	0.01434	0.02964	0.02104	0.01817	0.01148	0.01339	0.00956	0.00765	0.00669	0.00191	0.01339	0.00478	0.00383	0.00861
16	0.01532	0.09978	0.64304	0.02042	0.03099	0.01830	0.02615	0.02340	0.01562	0.02298	0.01306	0.01535	0.00941	0.00699	0.00685	0.00228	0.01071	0.00535	0.00314	0.01085
17	0.06313	0.02007	0.01820	0.01498	0.02005	0.23715	0.01190	0.03347	0.02082	0.45024	0.02273	0.02087	0.01509	0.00859	0.00710	0.00217	0.00858	0.00645	0.00726	0.01114
18	0.02457	0.07102	0.10321	0.01631	0.02190	0.17322	0.01435	0.14126	0.13467	0.16393	0.04747	0.02091	0.01658	0.00874	0.00712	0.00220	0.00871	0.00666	0.00622	0.01094
19	0.01881	0.41274	0.21866	0.01561	0.02263	0.10730	0.01662	0.02294	0.01636	0.02004	0.05620	0.01602	0.01350	0.00729	0.00590	0.00189	0.00915	0.00512	0.00357	0.00965
20	0.04522	0.00887	0.01127	0.01044	0.01305	0.00803	0.00785	0.01804	0.01828	0.16947	0.26655	0.24161	0.08451	0.01566	0.00837	0.00247	0.00453	0.01370	0.00763	0.04444

[dist]
# distance from previous block
# <min> <max>
5	12

[block]
# block no. 6 follows, 27 sequences, length 9
# corresponding to MSA columns:
# 763-771
name=unknown_G
#
# <colnr> <probs for GDERKNQSTAVLIFYWHMCP>
#	G	D	E	R	K	N	Q	S	T	A	V	L	I	F	Y	W	H	M	C	P
0	0.02136	0.56496	0.03449	0.01367	0.01982	0.02755	0.01292	0.14587	0.05658	0.02381	0.01288	0.01393	0.01086	0.00705	0.00543	0.00176	0.00787	0.00474	0.00423	0.01024
1	0.09186	0.15439	0.04145	0.01245	0.01653	0.06483	0.01056	0.09600	0.01996	0.08554	0.23094	0.09084	0.03316	0.01134	0.00719	0.00220	0.00638	0.00920	0.00628	0.00889
2	0.01348	0.00972	0.01169	0.01043	0.01261	0.00969	0.00780	0.12181	0.02176	0.03026	0.47685	0.04818	0.05401	0.12392	0.01294	0.00305	0.00484	0.01191	0.00749	0.00756
3	0.01920	0.01445	0.04046	0.02333	0.23066	0.01428	0.01432	0.08870	0.01742	0.13593	0.02010	0.05870	0.01793	0.15890	0.05869	0.00395	0.05973	0.00831	0.00527	0.00967
4	0.01640	0.02295	0.23982	0.25682	0.23640	0.01744	0.02307	0.05774	0.01684	0.02355	0.01372	0.01795	0.01045	0.00715	0.00728	0.00234	0.00982	0.00625	0.00359	0.01041
5	0.01527	0.03108	0.48664	0.14077	0.13547	0.01718	0.02560	0.02265	0.01572	0.02287	0.01340	0.01676	0.00984	0.00705	0.00716	0.00235	0.01047	0.00584	0.00324	0.01064
6	0.01980	0.01624	0.02841	0.18021	0.34705	0.01646	0.11788	0.02435	0.01728	0.13461	0.01650	0.02006	0.01239	0.00716	0.00760	0.00232	0.00919	0.00708	0.00452	0.01090
7	0.01989	0.01421	0.01747	0.04988	0.06797	0.01564	0.01249	0.05528	0.35176	0.14473	0.02593	0.02612	0.01949	0.01705	0.12376	0.00400	0.00876	0.00788	0.00676	0.01092
8	0.01349	0.13122	0.01611	0.01082	0.01460	0.01178	0.00865	0.03808	0.01634	0.02220	0.07767	0.22986	0.11360	0.01362	0.00736	0.00210	0.00533	0.03058	0.00567	0.23092

[dist]
# distance from previous block
# <min> <max>
0	2

[block]
# block no. 7 follows, 27 sequences, length 38
# corresponding to MSA columns:
# 774-811
name=unknown_H
#
# <colnr> <probs for GDERKNQSTAVLIFYWHMCP>
#	G	D	E	R	K	N	Q	S	T	A	V	L	I	F	Y	W	H	M	C	P
0	0.01725	0.15146	0.14544	0.01370	0.02100	0.01595	0.01338	0.07783	0.01712	0.02485	0.01311	0.01503	0.01058	0.00624	0.00582	0.00152	0.00718	0.00472	0.00421	0.43363
1	0.02218	0.53446	0.03363	0.01460	0.02020	0.23014	0.01319	0.02442	0.01684	0.01767	0.01066	0.01235	0.00954	0.00673	0.00533	0.00168	0.00955	0.00421	0.00337	0.00926
2	0.02744	0.01952	0.02056	0.01646	0.02162	0.13500	0.04521	0.25793	0.04533	0.23997	0.02071	0.02072	0.01461	0.01251	0.06478	0.00301	0.00959	0.00686	0.00690	0.01129
3	0.00892	0.00738	0.00768	0.00789	0.01001	0.00629	0.00572	0.01062	0.01625	0.01960	0.06821	0.14898	0.57622	0.05994	0.01049	0.00283	0.00402	0.01604	0.00676	0.00614
4	0.01384	0.00692	0.00692	0.00692	0.00865	0.00692	0.00519	0.01730	0.01557	0.02768	0.02422	0.02768	0.01903	0.00865	0.00519	0.00173	0.00346	0.00692	0.78031	0.00692
5	0.00951	0.00762	0.00854	0.00852	0.01075	0.00665	0.00653	0.01195	0.01805	0.02287	0.23893	0.06811	0.46859	0.01796	0.00889	0.00253	0.00394	0.06632	0.00724	0.00651
6	0.02822	0.02079	0.02228	0.01708	0.02302	0.02302	0.01411	0.66804	0.03490	0.04679	0.01782	0.01782	0.01262	0.00891	0.00743	0.00223	0.00817	0.00668	0.00743	0.01262
7	0.01757	0.01990	0.04307	0.03206	0.07415	0.01871	0.63107	0.02373	0.01749	0.02381	0.01496	0.01994	0.01129	0.00628	0.00868	0.00249	0.01232	0.00864	0.00375	0.01011
8	0.01483	0.01407	0.02354	0.57582	0.15151	0.01701	0.02073	0.01952	0.01498	0.01975	0.01313	0.01937	0.01018	0.00759	0.00833	0.00247	0.04841	0.00659	0.00336	0.00880
9	0.02640	0.02331	0.02103	0.01721	0.02235	0.18080	0.01375	0.41033	0.14468	0.03742	0.01853	0.01853	0.01368	0.00882	0.00728	0.00221	0.00897	0.00654	0.00662	0.01154
10	0.01080	0.00720	0.00810	0.00810	0.00810	0.00720	0.00450	0.01080	0.01080	0.01439	0.02339	0.04858	0.02699	0.73910	0.03779	0.00720	0.00720	0.01080	0.00450	0.00450
11	0.03331	0.01263	0.01723	0.01321	0.01895	0.01091	0.01091	0.03618	0.02125	0.69794	0.02929	0.02527	0.01838	0.00919	0.00747	0.00230	0.00632	0.00747	0.00919	0.01263
12	0.00891	0.00747	0.00775	0.00781	0.01014	0.00631	0.00581	0.01087	0.01706	0.02068	0.11689	0.10768	0.60961	0.01879	0.00881	0.00252	0.00377	0.01581	0.00698	0.00631
13	0.54288	0.01379	0.01298	0.01089	0.01586	0.01477	0.00898	0.02653	0.01546	0.25127	0.01655	0.01639	0.01143	0.00764	0.00554	0.00230	0.00593	0.00515	0.00610	0.00955
14	0.00901	0.00753	0.00785	0.00777	0.01017	0.00637	0.00583	0.01112	0.01749	0.02139	0.15986	0.06924	0.60429	0.01830	0.00877	0.00248	0.00372	0.01536	0.00707	0.00637
15	0.03108	0.01277	0.01668	0.01294	0.01832	0.01153	0.01064	0.08596	0.02183	0.58239	0.02788	0.02488	0.01797	0.00912	0.00725	0.00224	0.00620	0.00735	0.08087	0.01210
16	0.00899	0.00753	0.00782	0.00774	0.01016	0.00636	0.00581	0.01107	0.01742	0.02125	0.15058	0.06948	0.61366	0.01836	0.00877	0.00249	0.00373	0.01539	0.00705	0.00636
17	0.03210	0.01290	0.01719	0.01336	0.01898	0.01153	0.01098	0.03645	0.07493	0.64354	0.02936	0.02547	0.01873	0.00926	0.00747	0.00232	0.00628	0.00754	0.00905	0.01256
18	0.72915	0.01488	0.01184	0.01036	0.01506	0.01717	0.00854	0.07464	0.01445	0.03441	0.01095	0.01253	0.00841	0.00706	0.00483	0.00229	0.00594	0.00424	0.00483	0.00841
19	0.00914	0.00653	0.00870	0.01027	0.01079	0.00609	0.00690	0.01057	0.01465	0.01964	0.08243	0.69076	0.05044	0.02274	0.00943	0.00297	0.00426	0.02061	0.00697	0.00609
20	0.00980	0.00726	0.00789	0.00811	0.01006	0.00641	0.00594	0.01201	0.01675	0.02218	0.13382	0.17259	0.40856	0.01756	0.00834	0.00245	0.00377	0.01497	0.12511	0.00641
21	0.00904	0.00646	0.00861	0.01034	0.01077	0.00603	0.00689	0.01034	0.01421	0.01895	0.04092	0.73426	0.04910	0.02326	0.00948	0.00301	0.00431	0.02110	0.00689	0.00603
22	0.01157	0.00832	0.01147	0.01309	0.01474	0.00823	0.01123	0.01473	0.01685	0.02184	0.04123	0.13629	0.07553	0.02065	0.01012	0.00334	0.00648	0.56072	0.00684	0.00674
23	0.00910	0.00650	0.00866	0.01030	0.01078	0.00607	0.00690	0.01048	0.01448	0.01937	0.06608	0.70790	0.04991	0.02294	0.00945	0.00299	0.00428	0.02081	0.00694	0.00607
24	0.02514	0.01069	0.01433	0.01216	0.01627	0.00953	0.00986	0.02800	0.01947	0.44681	0.06723	0.10941	0.02741	0.01230	0.00787	0.00246	0.00575	0.08448	0.08044	0.01041
25	0.01183	0.00791	0.01019	0.00944	0.01151	0.00719	0.00714	0.01516	0.02069	0.07179	0.59646	0.05483	0.11739	0.01509	0.00867	0.00235	0.00370	0.01323	0.00813	0.00731
26	0.00958	0.00737	0.00875	0.00879	0.01062	0.00655	0.00645	0.01206	0.01825	0.02411	0.33723	0.17573	0.31181	0.01797	0.00888	0.00252	0.00374	0.01560	0.00745	0.00655
27	0.08776	0.01097	0.01402	0.01181	0.01599	0.00992	0.00935	0.02714	0.01883	0.43250	0.06281	0.17211	0.06911	0.01274	0.00778	0.00246	0.00557	0.01074	0.00815	0.01026
28	0.03220	0.01240	0.01679	0.01295	0.01855	0.01070	0.01067	0.03503	0.02105	0.66734	0.03136	0.02735	0.04868	0.00962	0.00752	0.00231	0.00620	0.00784	0.00908	0.01235
29	0.00987	0.00752	0.00877	0.00849	0.01032	0.00674	0.00618	0.01233	0.01821	0.02418	0.37189	0.06084	0.30542	0.10237	0.01220	0.00298	0.00404	0.01398	0.00724	0.00642
30	0.05951	0.00732	0.00904	0.01020	0.01129	0.00701	0.00723	0.01182	0.01522	0.02127	0.10607	0.51754	0.10306	0.02083	0.00909	0.00289	0.00445	0.06297	0.00687	0.00633
31	0.01201	0.00753	0.00840	0.00832	0.01031	0.00700	0.00633	0.01480	0.01697	0.04435	0.15649	0.05121	0.23165	0.05026	0.00899	0.00250	0.00410	0.06286	0.28914	0.00678
32	0.00895	0.00684	0.00823	0.00934	0.01050	0.00611	0.00645	0.01045	0.01518	0.01934	0.05310	0.49873	0.27677	0.02167	0.00923	0.00283	0.00411	0.01917	0.00689	0.00611
33	0.01031	0.00721	0.00961	0.01087	0.01192	0.00690	0.00815	0.01263	0.01610	0.02198	0.13989	0.41720	0.04896	0.02046	0.00933	0.00294	0.00480	0.18361	0.05068	0.00644
34	0.09403	0.01343	0.01696	0.01326	0.01882	0.01253	0.01090	0.06937	0.06447	0.56466	0.02718	0.02395	0.01750	0.00904	0.00723	0.00231	0.00634	0.00720	0.00861	0.01220
35	0.01526	0.01446	0.02450	0.52927	0.23345	0.01682	0.02123	0.02005	0.01543	0.02047	0.01341	0.01939	0.01043	0.00719	0.00740	0.00240	0.00959	0.00660	0.00341	0.00924
36	0.01402	0.01319	0.02227	0.72126	0.05113	0.01649	0.02062	0.01897	0.01484	0.01897	0.01319	0.01979	0.00990	0.00742	0.00742	0.00247	0.00990	0.00660	0.00330	0.00825
37	0.01672	0.01464	0.02227	0.58747	0.04579	0.01773	0.01938	0.14229	0.01866	0.02425	0.01407	0.01942	0.01041	0.00771	0.00742	0.00243	0.00957	0.00661	0.00408	0.00908

[dist]
# distance from previous block
# <min> <max>
1	11

[block]
# block no. 8 follows, 27 sequences, length 24
# corresponding to MSA columns:
# 823-846
name=unknown_I
#
# <colnr> <probs for GDERKNQSTAVLIFYWHMCP>
#	G	D	E	R	K	N	Q	S	T	A	V	L	I	F	Y	W	H	M	C	P
0	0.02001	0.01948	0.02868	0.04089	0.57857	0.07967	0.02132	0.07598	0.01874	0.02555	0.01406	0.01788	0.01163	0.00689	0.00730	0.00218	0.00917	0.00646	0.00399	0.01155
1	0.02072	0.04757	0.06564	0.02051	0.10305	0.04274	0.04992	0.17544	0.32995	0.03194	0.02220	0.02210	0.01670	0.00877	0.00740	0.00235	0.00775	0.00734	0.00628	0.01161
2	0.01606	0.07075	0.04261	0.01182	0.01561	0.01294	0.00986	0.08119	0.14027	0.08367	0.25491	0.04241	0.16246	0.01284	0.00792	0.00233	0.00530	0.01075	0.00723	0.00907
3	0.11758	0.01843	0.01924	0.01513	0.02047	0.02028	0.01242	0.51162	0.03024	0.04237	0.04993	0.02290	0.06709	0.00970	0.00725	0.00226	0.00734	0.00735	0.00708	0.01134
4	0.08566	0.02247	0.01886	0.01649	0.02060	0.22784	0.01291	0.13338	0.27938	0.02896	0.01960	0.01977	0.01506	0.00909	0.00816	0.00232	0.05662	0.00655	0.00588	0.01040
5	0.02386	0.01851	0.01985	0.01588	0.02131	0.02033	0.01285	0.40323	0.24320	0.03957	0.02144	0.02082	0.01575	0.00897	0.00729	0.00222	0.00717	0.00703	0.00719	0.08354
6	0.74869	0.01472	0.01155	0.01017	0.01484	0.01701	0.00838	0.05810	0.01388	0.03406	0.01076	0.01238	0.00830	0.00700	0.00475	0.00229	0.00588	0.00417	0.00475	0.00830
7	0.02822	0.02079	0.02228	0.01708	0.02302	0.02302	0.01411	0.66804	0.03490	0.04679	0.01782	0.01782	0.01262	0.00891	0.00743	0.00223	0.00817	0.00668	0.00743	0.01262
8	0.02822	0.02079	0.02228	0.01708	0.02302	0.02302	0.01411	0.66804	0.03490	0.04679	0.01782	0.01782	0.01262	0.00891	0.00743	0.00223	0.00817	0.00668	0.00743	0.01262
