[name]
unknown

[dist]
# distance from previous block
# <min> <max>
0	220

[block]
# block no. 0 follows, 29 sequences, length 14
# corresponding to MSA columns:
# 353-366
name=unknown_A
#
# <colnr> <probs for GDERKNQSTAVLIFYWHMCP>
#	G	D	E	R	K	N	Q	S	T	A	V	L	I	F	Y	W	H	M	C	P
0	0.00991	0.00794	0.00926	0.01022	0.01109	0.04244	0.00710	0.01146	0.01410	0.01843	0.07606	0.50045	0.08409	0.05577	0.10240	0.00405	0.00655	0.01662	0.00607	0.00599
1	0.01475	0.10725	0.64653	0.01950	0.02959	0.01768	0.02492	0.02243	0.01498	0.02198	0.01250	0.01468	0.00903	0.00670	0.00655	0.00218	0.01024	0.00512	0.00301	0.01039
2	0.01374	0.03300	0.62167	0.01883	0.02820	0.01526	0.02377	0.02137	0.01570	0.02333	0.10208	0.01998	0.01656	0.00778	0.00698	0.00225	0.00959	0.00625	0.00363	0.01003
3	0.01174	0.00786	0.00880	0.00821	0.01090	0.00671	0.00628	0.01393	0.01742	0.11038	0.17113	0.06023	0.50798	0.01626	0.00825	0.00235	0.00388	0.01365	0.00710	0.00692
4	0.01442	0.01388	0.02421	0.56131	0.16115	0.01617	0.06962	0.01917	0.01477	0.01941	0.01291	0.01877	0.00990	0.00690	0.00720	0.00233	0.00950	0.00649	0.00326	0.00862
5	0.02431	0.02056	0.10957	0.01606	0.02206	0.01945	0.01441	0.45192	0.10197	0.09248	0.01892	0.01875	0.01341	0.00845	0.00702	0.00217	0.00765	0.00651	0.03269	0.01163
6	0.01237	0.00618	0.00928	0.00928	0.00928	0.00618	0.00618	0.00928	0.00928	0.01237	0.01237	0.02165	0.01237	0.02474	0.02783	0.79283	0.00618	0.00618	0.00309	0.00309
7	0.70312	0.01407	0.01154	0.01002	0.01458	0.01603	0.00826	0.06453	0.01401	0.07421	0.01149	0.01270	0.00860	0.00687	0.00475	0.00220	0.00569	0.00422	0.00485	0.00827
8	0.02076	0.11299	0.02670	0.08409	0.22833	0.01985	0.06606	0.22854	0.07142	0.04903	0.01569	0.01774	0.01203	0.00735	0.00688	0.00211	0.00823	0.00634	0.00499	0.01088
9	0.02707	0.01995	0.02137	0.01638	0.02208	0.02208	0.01353	0.68159	0.03348	0.04488	0.01710	0.01710	0.01211	0.00855	0.00712	0.00214	0.00784	0.00641	0.00712	0.01211
10	0.01036	0.00690	0.00777	0.00777	0.00777	0.00690	0.00431	0.01036	0.01036	0.01381	0.02244	0.04660	0.02589	0.74975	0.03624	0.00690	0.00690	0.01036	0.00431	0.00431
11	0.01766	0.54634	0.23294	0.01453	0.02191	0.02481	0.01627	0.02168	0.01463	0.01843	0.01073	0.01247	0.00910	0.00629	0.00520	0.00173	0.00846	0.00423	0.00303	0.00954
12	0.01692	0.01585	0.02637	0.17284	0.52400	0.01653	0.02053	0.05021	0.01651	0.02307	0.01436	0.04448	0.01229	0.00718	0.00714	0.00219	0.00847	0.00685	0.00373	0.01047
13	0.00868	0.00620	0.00826	0.00991	0.01033	0.00578	0.00661	0.00991	0.01363	0.01818	0.03925	0.74510	0.04710	0.02231	0.00909	0.00289	0.00413	0.02024	0.00661	0.00578

[dist]
# distance from previous block
# <min> <max>
4	17

[block]
# block no. 1 follows, 29 sequences, length 121
# corresponding to MSA columns:
# 386-441,457,459-522
name=unknown_B
#
# <colnr> <probs for GDERKNQSTAVLIFYWHMCP>
#	G	D	E	R	K	N	Q	S	T	A	V	L	I	F	Y	W	H	M	C	P
0	0.06929	0.01364	0.01652	0.01301	0.01818	0.03214	0.01064	0.10460	0.05814	0.51529	0.05484	0.02386	0.01865	0.00893	0.00705	0.00220	0.00628	0.00713	0.00813	0.01150
1	0.80005	0.01377	0.01047	0.00936	0.01377	0.01597	0.00771	0.02093	0.01212	0.03195	0.00991	0.01157	0.00771	0.00661	0.00441	0.00220	0.00551	0.00386	0.00441	0.00771
2	0.01345	0.01266	0.02136	0.73264	0.04904	0.01582	0.01978	0.01819	0.01424	0.01819	0.01266	0.01898	0.00949	0.00712	0.00712	0.00237	0.00949	0.00633	0.00316	0.00791
3	0.01754	0.01721	0.02756	0.12721	0.59183	0.05058	0.02121	0.02172	0.01616	0.02236	0.01319	0.01756	0.01096	0.00649	0.00703	0.00213	0.00880	0.00626	0.00349	0.01072
4	0.01073	0.00723	0.00936	0.00923	0.01075	0.00665	0.00670	0.01332	0.01795	0.05828	0.44490	0.22093	0.09094	0.04847	0.00972	0.00261	0.00385	0.01439	0.00737	0.00661
5	0.01036	0.00690	0.00777	0.00777	0.00777	0.00690	0.00431	0.01036	0.01036	0.01381	0.02244	0.04660	0.02589	0.74975	0.03624	0.00690	0.00690	0.01036	0.00431	0.00431
6	0.01405	0.01332	0.02251	0.62782	0.10783	0.01604	0.03929	0.01924	0.03428	0.01913	0.01325	0.01909	0.01005	0.00709	0.00715	0.00235	0.00936	0.00644	0.00333	0.00837
7	0.01825	0.42379	0.28587	0.01540	0.02303	0.04340	0.01736	0.02277	0.01519	0.05927	0.01206	0.01355	0.00959	0.00654	0.00559	0.00184	0.00876	0.00456	0.00339	0.00980
8	0.01036	0.00690	0.00777	0.00777	0.00777	0.00690	0.00431	0.01036	0.01036	0.01381	0.02244	0.04660	0.02589	0.74975	0.03624	0.00690	0.00690	0.01036	0.00431	0.00431
9	0.00868	0.00620	0.00826	0.00991	0.01033	0.00578	0.00661	0.00991	0.01363	0.01818	0.03925	0.74510	0.04710	0.02231	0.00909	0.00289	0.00413	0.02024	0.00661	0.00578
10	0.01333	0.01222	0.02021	0.50340	0.13661	0.01427	0.01772	0.01758	0.01506	0.01995	0.08309	0.08087	0.01850	0.00897	0.00739	0.00236	0.00830	0.00810	0.00396	0.00811
11	0.06396	0.01323	0.01400	0.03812	0.01630	0.01443	0.00952	0.31489	0.02306	0.03476	0.01933	0.02118	0.01458	0.00827	0.00599	0.00193	0.00570	0.00637	0.36520	0.00920
12	0.05487	0.03564	0.67658	0.01973	0.02994	0.01651	0.02535	0.02247	0.01488	0.02304	0.01263	0.01485	0.00895	0.00676	0.00664	0.00225	0.01026	0.00519	0.00308	0.01038
13	0.01023	0.00742	0.01037	0.01037	0.01126	0.00832	0.00756	0.01202	0.01112	0.01573	0.02006	0.03343	0.02017	0.25753	0.52065	0.01011	0.01551	0.00843	0.00396	0.00576
14	0.02636	0.01926	0.02061	0.01588	0.02137	0.02128	0.01309	0.64724	0.03252	0.04393	0.01741	0.01758	0.01243	0.00853	0.00701	0.00211	0.00760	0.00642	0.04752	0.01183
15	0.01449	0.06807	0.68344	0.01994	0.03027	0.01704	0.02569	0.02250	0.01501	0.02230	0.01265	0.01488	0.00903	0.00674	0.00667	0.00222	0.01040	0.00520	0.00301	0.01046
16	0.01428	0.03683	0.71286	0.02030	0.03082	0.01654	0.02631	0.02255	0.01503	0.02255	0.01278	0.01503	0.00902	0.00677	0.00677	0.00226	0.01052	0.00526	0.00301	0.01052
17	0.02660	0.03394	0.02018	0.01834	0.02201	0.72116	0.01376	0.02843	0.02018	0.01743	0.01101	0.01284	0.00917	0.00734	0.00642	0.00183	0.01284	0.00459	0.00367	0.00825
18	0.00851	0.00725	0.00735	0.00740	0.00978	0.00608	0.00560	0.01036	0.01624	0.01930	0.07103	0.06891	0.68121	0.01809	0.00846	0.00243	0.00370	0.03565	0.00661	0.00603
19	0.01552	0.00801	0.01082	0.01089	0.01283	0.00727	0.00799	0.01731	0.01573	0.21729	0.03595	0.50030	0.03828	0.01828	0.00858	0.00272	0.00482	0.05252	0.00724	0.00765
20	0.01036	0.00690	0.00777	0.00777	0.00777	0.00690	0.00431	0.01036	0.01036	0.01381	0.02244	0.04660	0.02589	0.74975	0.03624	0.00690	0.00690	0.01036	0.00431	0.00431
21	0.01237	0.00618	0.00928	0.00928	0.00928	0.00618	0.00618	0.00928	0.00928	0.01237	0.01237	0.02165	0.01237	0.02474	0.02783	0.79283	0.00618	0.00618	0.00309	0.00309
22	0.00939	0.00696	0.00989	0.01087	0.01176	0.00655	0.03020	0.01121	0.01464	0.01963	0.09881	0.58393	0.04702	0.02075	0.00908	0.00286	0.00460	0.08915	0.00661	0.00609
23	0.03195	0.01212	0.01652	0.01267	0.01818	0.01047	0.01047	0.03470	0.02038	0.71026	0.02809	0.02424	0.01763	0.00881	0.00716	0.00220	0.00606	0.00716	0.00881	0.01212
24	0.01298	0.00670	0.00690	0.00685	0.00851	0.00664	0.00514	0.01630	0.01541	0.02673	0.08528	0.02898	0.02273	0.00887	0.00529	0.00171	0.00332	0.00721	0.71780	0.00664
25	0.01428	0.03683	0.71286	0.02030	0.03082	0.01654	0.02631	0.02255	0.01503	0.02255	0.01278	0.01503	0.00902	0.00677	0.00677	0.00226	0.01052	0.00526	0.00301	0.01052
26	0.01636	0.26821	0.35402	0.01963	0.02802	0.02065	0.15556	0.02220	0.01521	0.02070	0.01217	0.01471	0.00942	0.00639	0.00638	0.00205	0.00987	0.00543	0.00314	0.00988
27	0.00886	0.00627	0.00821	0.00968	0.01005	0.00591	0.00636	0.00996	0.01327	0.01770	0.03740	0.66838	0.04477	0.10221	0.01207	0.00333	0.00444	0.01916	0.00636	0.00562
28	0.01724	0.01653	0.02821	0.10672	0.64530	0.01682	0.02166	0.02152	0.01603	0.02280	0.01333	0.01775	0.01112	0.00642	0.00706	0.00214	0.00855	0.00634	0.00349	0.01097
29	0.01631	0.04782	0.02697	0.23609	0.32397	0.01749	0.08760	0.02213	0.07725	0.02180	0.01438	0.01864	0.01149	0.00709	0.00783	0.00226	0.04065	0.00659	0.00373	0.00989
30	0.01459	0.03294	0.61490	0.01873	0.02827	0.01528	0.02364	0.02201	0.01540	0.05525	0.01894	0.02037	0.07286	0.00789	0.00694	0.00227	0.00968	0.00625	0.00362	0.01019
31	0.04491	0.02280	0.08240	0.01675	0.03910	0.19161	0.01385	0.25726	0.11409	0.07132	0.03908	0.02021	0.03755	0.00864	0.00694	0.00213	0.00859	0.00653	0.00584	0.01039
32	0.02525	0.16570	0.02349	0.01698	0.02133	0.51432	0.01344	0.10048	0.02062	0.02039	0.01149	0.01306	0.00950	0.00724	0.00616	0.00181	0.01131	0.00465	0.00394	0.00885
33	0.05832	0.01354	0.01549	0.01137	0.01745	0.01142	0.00919	0.09874	0.01736	0.08731	0.01442	0.01572	0.01122	0.00605	0.00562	0.00135	0.00566	0.00472	0.00498	0.59009
34	0.01485	0.17728	0.51369	0.01764	0.02647	0.01796	0.02170	0.02147	0.01539	0.02194	0.07521	0.01780	0.01436	0.00734	0.00648	0.00211	0.00929	0.00567	0.00346	0.00990
35	0.01837	0.01195	0.04875	0.04293	0.11083	0.01063	0.01173	0.02238	0.05459	0.23640	0.12160	0.18033	0.02953	0.01463	0.04928	0.00290	0.00667	0.01059	0.00662	0.00928
36	0.00884	0.00723	0.00780	0.00766	0.00988	0.00619	0.00574	0.01104	0.01723	0.02161	0.23218	0.06463	0.54092	0.01715	0.00841	0.00236	0.00354	0.01448	0.00692	0.00619
37	0.04068	0.03219	0.58496	0.02025	0.06764	0.01564	0.02363	0.02162	0.01547	0.02346	0.07572	0.01856	0.01443	0.00745	0.00685	0.00224	0.00958	0.00597	0.00353	0.01012
38	0.01472	0.03328	0.58909	0.02223	0.07020	0.01647	0.08522	0.02238	0.01526	0.02264	0.01296	0.01556	0.00936	0.00662	0.00688	0.00222	0.01037	0.00558	0.00313	0.03583
39	0.01759	0.01741	0.02859	0.10482	0.57657	0.04765	0.05957	0.02186	0.01624	0.02252	0.01328	0.01763	0.01100	0.00644	0.00711	0.00214	0.00895	0.00639	0.00350	0.01074
40	0.03195	0.01212	0.01652	0.01267	0.01818	0.01047	0.01047	0.03470	0.02038	0.71026	0.02809	0.02424	0.01763	0.00881	0.00716	0.00220	0.00606	0.00716	0.00881	0.01212
41	0.01388	0.01445	0.06228	0.62817	0.10801	0.01596	0.02035	0.01878	0.01447	0.01891	0.01273	0.01863	0.00963	0.00703	0.00709	0.00234	0.00946	0.00627	0.00319	0.00837
42	0.01145	0.00848	0.01035	0.01006	0.01132	0.00885	0.00717	0.07256	0.01485	0.01998	0.08499	0.18092	0.11472	0.23750	0.14265	0.00540	0.03499	0.01210	0.00546	0.00621
43	0.00842	0.00721	0.00721	0.00721	0.00962	0.00601	0.00541	0.01022	0.01623	0.01924	0.07213	0.06853	0.70244	0.01803	0.00842	0.00240	0.00361	0.01503	0.00661	0.00601
44	0.01017	0.00763	0.01144	0.01144	0.01272	0.00890	0.00890	0.01272	0.01144	0.01653	0.01907	0.02797	0.01780	0.05340	0.72153	0.01144	0.01907	0.00763	0.00381	0.00636
45	0.01530	0.15925	0.55666	0.02026	0.06791	0.01856	0.02362	0.02230	0.01500	0.02159	0.01232	0.01456	0.00917	0.00662	0.00640	0.00212	0.00990	0.00507	0.00304	0.01033
46	0.01898	0.61633	0.06679	0.04396	0.01993	0.02525	0.01289	0.02173	0.01504	0.05789	0.03690	0.01422	0.01180	0.00664	0.00508	0.00166	0.00759	0.00452	0.00356	0.00923
47	0.01019	0.00756	0.01111	0.01111	0.01226	0.00872	0.00848	0.01250	0.01134	0.01628	0.01938	0.02968	0.01854	0.11710	0.65885	0.01103	0.01796	0.00788	0.00386	0.00617
48	0.00842	0.00721	0.00721	0.00721	0.00962	0.00601	0.00541	0.01022	0.01623	0.01924	0.07213	0.06853	0.70244	0.01803	0.00842	0.00240	0.00361	0.01503	0.00661	0.00601
49	0.02707	0.01995	0.02137	0.01638	0.02208	0.02208	0.01353	0.68159	0.03348	0.04488	0.01710	0.01710	0.01211	0.00855	0.00712	0.00214	0.00784	0.00641	0.00712	0.01211
50	0.00916	0.00929	0.04866	0.00829	0.01124	0.00713	0.00688	0.01214	0.04571	0.01989	0.06680	0.06358	0.63235	0.01701	0.00827	0.00240	0.00410	0.01415	0.00643	0.00650
51	0.00939	0.04983	0.00994	0.00981	0.01068	0.00718	0.00680	0.01076	0.01396	0.01843	0.06729	0.61678	0.07352	0.04785	0.00977	0.00291	0.00438	0.01837	0.00637	0.00598
52	0.02707	0.01995	0.02137	0.01638	0.02208	0.02208	0.01353	0.68159	0.03348	0.04488	0.01710	0.01710	0.01211	0.00855	0.00712	0.00214	0.00784	0.00641	0.00712	0.01211
53	0.01620	0.01395	0.04562	0.01131	0.01775	0.01032	0.00953	0.04375	0.01580	0.06396	0.01372	0.01541	0.01095	0.00567	0.00552	0.00121	0.00564	0.00452	0.00454	0.68462
54	0.01629	0.01556	0.02650	0.26310	0.49633	0.01657	0.02119	0.02069	0.01558	0.02165	0.01316	0.01806	0.01071	0.00659	0.00707	0.00220	0.00879	0.00634	0.00341	0.01021
55	0.01428	0.03683	0.71286	0.02030	0.03082	0.01654	0.02631	0.02255	0.01503	0.02255	0.01278	0.01503	0.00902	0.00677	0.00677	0.00226	0.01052	0.00526	0.00301	0.01052
56	0.01008	0.00728	0.00952	0.00896	0.01064	0.00672	0.00672	0.01344	0.02016	0.02855	0.70158	0.05319	0.06719	0.01456	0.00840	0.00224	0.00336	0.01288	0.00784	0.00672
57	0.02704	0.02067	0.02131	0.01648	0.02208	0.05819	0.01355	0.64785	0.03279	0.04346	0.01678	0.01688	0.01196	0.00849	0.00709	0.00212	0.00809	0.00632	0.00694	0.01191
58	0.00866	0.00625	0.00821	0.00978	0.01029	0.00580	0.00655	0.00993	0.01377	0.01823	0.04095	0.71016	0.08095	0.02209	0.00905	0.00287	0.00410	0.01997	0.00661	0.00580
59	0.01904	0.75404	0.03731	0.01218	0.01828	0.02818	0.01218	0.02132	0.01447	0.01675	0.00990	0.01142	0.00914	0.00609	0.00457	0.00152	0.00761	0.00381	0.00305	0.00914
60	0.02816	0.01819	0.02028	0.01555	0.02121	0.01948	0.01285	0.53651	0.03054	0.19411	0.01956	0.01870	0.01335	0.00861	0.00713	0.00215	0.00744	0.00658	0.00750	0.01211
61	0.01373	0.01321	0.02310	0.67332	0.04804	0.01600	0.07547	0.01858	0.01446	0.01858	0.01280	0.01900	0.00960	0.00702	0.00723	0.00238	0.00970	0.00650	0.00320	0.00805
62	0.01008	0.00728	0.00952	0.00896	0.01064	0.00672	0.00672	0.01344	0.02016	0.02855	0.70158	0.05319	0.06719	0.01456	0.00840	0.00224	0.00336	0.01288	0.00784	0.00672
63	0.01345	0.01266	0.02136	0.73264	0.04904	0.01582	0.01978	0.01819	0.01424	0.01819	0.01266	0.01898	0.00949	0.00712	0.00712	0.00237	0.00949	0.00633	0.00316	0.00791
64	0.05530	0.10124	0.61479	0.01899	0.02879	0.01757	0.02406	0.02235	0.01483	0.02251	0.01237	0.01452	0.00896	0.00670	0.00644	0.00219	0.01000	0.00506	0.00308	0.01025
65	0.00916	0.00797	0.00928	0.00874	0.01128	0.00694	0.03804	0.01172	0.03606	0.01995	0.08637	0.10426	0.59033	0.01735	0.00842	0.00243	0.00409	0.01474	0.00653	0.00635
66	0.01002	0.00728	0.00944	0.00890	0.01060	0.00669	0.00667	0.01333	0.02002	0.02824	0.68001	0.05372	0.08895	0.01468	0.00840	0.00225	0.00337	0.01295	0.00780	0.00669
67	0.02660	0.03394	0.02018	0.01834	0.02201	0.72116	0.01376	0.02843	0.02018	0.01743	0.01101	0.01284	0.00917	0.00734	0.00642	0.00183	0.01284	0.00459	0.00367	0.00825
68	0.01491	0.01504	0.02432	0.54474	0.07647	0.05739	0.10423	0.01952	0.01490	0.01895	0.01271	0.01848	0.00972	0.00712	0.00776	0.00236	0.03331	0.00649	0.00327	0.00831
69	0.02662	0.03327	0.02024	0.01825	0.02202	0.68762	0.01375	0.05977	0.02082	0.01874	0.01130	0.01305	0.00931	0.00740	0.00645	0.00185	0.01260	0.00467	0.00383	0.00844
70	0.01147	0.00820	0.01147	0.01311	0.01475	0.00820	0.01147	0.01475	0.01639	0.02131	0.03770	0.08032	0.04098	0.01967	0.00984	0.00328	0.00656	0.65741	0.00656	0.00656
71	0.01031	0.00776	0.01002	0.01029	0.02999	0.00733	0.00736	0.01398	0.04789	0.02588	0.47855	0.15683	0.11360	0.01575	0.00846	0.00239	0.00384	0.03558	0.00736	0.00684
72	0.04385	0.05167	0.42794	0.05155	0.03026	0.01698	0.13552	0.06242	0.01669	0.07597	0.01428	0.01651	0.01014	0.00688	0.00696	0.00225	0.00997	0.00597	0.00385	0.01033
73	0.01477	0.01266	0.01477	0.01055	0.01687	0.00949	0.00844	0.01793	0.01477	0.02320	0.01266	0.01477	0.01055	0.00527	0.00527	0.00105	0.00527	0.00422	0.00422	0.79328
74	0.01801	0.01545	0.01627	0.01455	0.01863	0.01785	0.01134	0.05868	0.67113	0.03028	0.02860	0.02626	0.02142	0.00962	0.00724	0.00241	0.00571	0.00800	0.00724	0.01130
75	0.01469	0.01230	0.01429	0.01090	0.01628	0.01017	0.00860	0.04125	0.07325	0.02472	0.07858	0.05708	0.01862	0.00748	0.00599	0.00141	0.00516	0.00624	0.00503	0.58798
76	0.01599	0.01629	0.02172	0.04117	0.01980	0.05218	0.01563	0.01766	0.01142	0.01718	0.00952	0.01557	0.00934	0.01207	0.02212	0.00304	0.68218	0.00616	0.00314	0.00781
77	0.01857	0.01462	0.01571	0.01398	0.01806	0.01649	0.01092	0.03623	0.59854	0.09152	0.03097	0.02837	0.05402	0.00998	0.00729	0.00240	0.00558	0.00830	0.00736	0.01110
78	0.01036	0.00690	0.00777	0.00777	0.00777	0.00690	0.00431	0.01036	0.01036	0.01381	0.02244	0.04660	0.02589	0.74975	0.03624	0.00690	0.00690	0.01036	0.00431	0.00431
79	0.01904	0.75404	0.03731	0.01218	0.01828	0.02818	0.01218	0.02132	0.01447	0.01675	0.00990	0.01142	0.00914	0.00609	0.00457	0.00152	0.00761	0.00381	0.00305	0.00914
80	0.01444	0.06023	0.69082	0.02003	0.03041	0.01692	0.02585	0.02251	0.01502	0.02236	0.01268	0.01492	0.00902	0.00674	0.00669	0.00223	0.01043	0.00521	0.00301	0.01048
81	0.03195	0.01212	0.01652	0.01267	0.01818	0.01047	0.01047	0.03470	0.02038	0.71026	0.02809	0.02424	0.01763	0.00881	0.00716	0.00220	0.00606	0.00716	0.00881	0.01212
82	0.01681	0.01921	0.04202	0.03001	0.03721	0.01801	0.67947	0.02281	0.01681	0.02281	0.01441	0.01921	0.01080	0.00600	0.00840	0.00240	0.01200	0.00840	0.00360	0.00960
83	0.00937	0.00759	0.01114	0.01122	0.01265	0.00695	0.06792	0.01115	0.01444	0.01881	0.04348	0.54487	0.17341	0.01997	0.00889	0.00275	0.00475	0.01813	0.00634	0.00618
84	0.01775	0.01928	0.04013	0.02877	0.03583	0.01838	0.61856	0.08307	0.01833	0.02483	0.01465	0.01901	0.01092	0.00624	0.00829	0.00238	0.01162	0.00822	0.00392	0.00983
85	0.00857	0.00722	0.00742	0.00737	0.00971	0.00608	0.00553	0.01051	0.01659	0.02009	0.12971	0.06713	0.64434	0.01772	0.00841	0.00239	0.00358	0.01483	0.00672	0.00608
86	0.01017	0.00763	0.01144	0.01144	0.01272	0.00890	0.00890	0.01272	0.01144	0.01653	0.01907	0.02797	0.01780	0.05340	0.72153	0.01144	0.01907	0.00763	0.00381	0.00636
87	0.01771	0.01530	0.01610	0.01449	0.01852	0.01771	0.01127	0.03784	0.69247	0.02979	0.02898	0.02657	0.02174	0.00966	0.00725	0.00242	0.00564	0.00805	0.00725	0.01127
88	0.00868	0.00620	0.00826	0.00991	0.01033	0.00578	0.00661	0.00991	0.01363	0.01818	0.03925	0.74510	0.04710	0.02231	0.00909	0.00289	0.00413	0.02024	0.00661	0.00578
89	0.01147	0.00820	0.01147	0.01311	0.01475	0.00820	0.01147	0.01475	0.01639	0.02131	0.03770	0.08032	0.04098	0.01967	0.00984	0.00328	0.00656	0.65741	0.00656	0.00656
90	0.01542	0.01547	0.02253	0.01906	0.01949	0.02105	0.05390	0.01722	0.01134	0.01750	0.01065	0.04047	0.01071	0.01242	0.02201	0.00307	0.66976	0.00683	0.00326	0.00783
91	0.01345	0.01266	0.02136	0.73264	0.04904	0.01582	0.01978	0.01819	0.01424	0.01819	0.01266	0.01898	0.00949	0.00712	0.00712	0.00237	0.00949	0.00633	0.00316	0.00791
92	0.01904	0.75404	0.03731	0.01218	0.01828	0.02818	0.01218	0.02132	0.01447	0.01675	0.00990	0.01142	0.00914	0.00609	0.00457	0.00152	0.00761	0.00381	0.00305	0.00914
93	0.02707	0.01995	0.02137	0.01638	0.02208	0.02208	0.01353	0.68159	0.03348	0.04488	0.01710	0.01710	0.01211	0.00855	0.00712	0.00214	0.00784	0.00641	0.00712	0.01211
94	0.01017	0.00763	0.01144	0.01144	0.01272	0.00890	0.00890	0.01272	0.01144	0.01653	0.01907	0.02797	0.01780	0.05340	0.72153	0.01144	0.01907	0.00763	0.00381	0.00636
95	0.01477	0.01266	0.01477	0.01055	0.01687	0.00949	0.00844	0.01793	0.01477	0.02320	0.01266	0.01477	0.01055	0.00527	0.00527	0.00105	0.00527	0.00422	0.00422	0.79328
96	0.01345	0.01266	0.02136	0.73264	0.04904	0.01582	0.01978	0.01819	0.01424	0.01819	0.01266	0.01898	0.00949	0.00712	0.00712	0.00237	0.00949	0.00633	0.00316	0.00791
97	0.01036	0.00690	0.00777	0.00777	0.00777	0.00690	0.00431	0.01036	0.01036	0.01381	0.02244	0.04660	0.02589	0.74975	0.03624	0.00690	0.00690	0.01036	0.00431	0.00431
98	0.00948	0.00705	0.00883	0.00883	0.01038	0.00640	0.00645	0.01212	0.01810	0.02470	0.44938	0.19706	0.18139	0.01678	0.00854	0.00240	0.00356	0.01478	0.00736	0.00640
99	0.02579	0.03223	0.01981	0.01799	0.02169	0.65682	0.01353	0.02929	0.08167	0.01856	0.01265	0.01410	0.01032	0.00755	0.00650	0.00189	0.01218	0.00490	0.00400	0.00853
100	0.02707	0.01995	0.02137	0.01638	0.02208	0.02208	0.01353	0.68159	0.03348	0.04488	0.01710	0.01710	0.01211	0.00855	0.00712	0.00214	0.00784	0.00641	0.00712	0.01211
101	0.01742	0.07994	0.12214	0.08218	0.02587	0.01594	0.12313	0.12547	0.01823	0.04205	0.01585	0.01808	0.03428	0.00689	0.00656	0.00185	0.00808	0.00600	0.00441	0.24563
102	0.01068	0.00917	0.01341	0.05242	0.11520	0.00872	0.04230	0.01305	0.01520	0.01965	0.04383	0.30693	0.25762	0.01683	0.00847	0.00258	0.00537	0.04574	0.00583	0.00700
103	0.01023	0.00739	0.01025	0.01025	0.01111	0.00825	0.00741	0.01195	0.01109	0.01565	0.02017	0.03402	0.02043	0.27963	0.49890	0.00997	0.01512	0.00851	0.00398	0.00569
104	0.01625	0.01555	0.02627	0.25482	0.47328	0.01679	0.02094	0.02052	0.01537	0.02143	0.01299	0.01795	0.01064	0.00685	0.00778	0.00224	0.04050	0.00633	0.00340	0.01009
105	0.01811	0.01704	0.05572	0.20065	0.13590	0.04105	0.07702	0.06966	0.21886	0.06418	0.01892	0.02083	0.01414	0.00783	0.00723	0.00230	0.00827	0.00698	0.00507	0.01024
106	0.01041	0.00741	0.01048	0.01059	0.01199	0.00682	0.03902	0.01249	0.01584	0.05124	0.20110	0.46709	0.09065	0.01878	0.00876	0.00265	0.00437	0.01698	0.00686	0.00649
107	0.02961	0.01192	0.01598	0.01258	0.01763	0.01054	0.01025	0.06061	0.02033	0.61798	0.02863	0.08986	0.02008	0.01004	0.00734	0.00226	0.00596	0.00832	0.00854	0.01154
108	0.01586	0.08417	0.03448	0.27008	0.03955	0.01819	0.39150	0.02109	0.01571	0.02067	0.01339	0.01842	0.01020	0.00639	0.00761	0.00231	0.01074	0.00727	0.00340	0.00898
109	0.01038	0.00840	0.01242	0.01230	0.01405	0.00800	0.07430	0.01340	0.04452	0.02013	0.05960	0.41802	0.12585	0.01890	0.00897	0.00281	0.00532	0.12969	0.00637	0.00659
110	0.06788	0.08384	0.02378	0.01739	0.02220	0.07892	0.14294	0.14086	0.15719	0.02689	0.01701	0.01905	0.01336	0.01194	0.07291	0.00301	0.04112	0.00659	0.00500	0.04812
111	0.07154	0.20610	0.05965	0.01551	0.02078	0.26992	0.01333	0.17181	0.02081	0.04506	0.01267	0.01387	0.01002	0.00720	0.00600	0.00186	0.00942	0.00486	0.00447	0.03514
112	0.40386	0.02053	0.10131	0.01486	0.05837	0.13714	0.01235	0.06274	0.01580	0.04646	0.01177	0.01346	0.00906	0.00683	0.00550	0.00206	0.00770	0.00457	0.00433	0.06128
113	0.04238	0.06266	0.01869	0.01392	0.01893	0.07315	0.01137	0.30963	0.07523	0.03254	0.05312	0.02311	0.05135	0.00889	0.00673	0.00196	0.00704	0.02855	0.00599	0.15478
114	0.06618	0.06321	0.07583	0.01737	0.08309	0.07614	0.03501	0.15936	0.08411	0.06771	0.01643	0.03696	0.01294	0.00759	0.00645	0.00192	0.00758	0.00605	0.00515	0.17093
115	0.12865	0.05693	0.08388	0.01550	0.02143	0.06477	0.06645	0.18154	0.02111	0.24146	0.01801	0.01790	0.01244	0.00770	0.00661	0.00211	0.00781	0.00603	0.00609	0.03355
116	0.27566	0.01496	0.03824	0.03713	0.01887	0.01468	0.03221	0.14406	0.01846	0.15886	0.01604	0.01679	0.01153	0.00725	0.00588	0.00200	0.00641	0.00541	0.04325	0.13230
117	0.22975	0.03679	0.05282	0.01319	0.01864	0.01621	0.03267	0.19133	0.07472	0.07404	0.01579	0.01663	0.01177	0.00730	0.00594	0.00197	0.00654	0.00546	0.03962	0.14881
118	0.05102	0.04297	0.02087	0.01742	0.06029	0.12624	0.05530	0.26044	0.09620	0.04964	0.01944	0.02123	0.04319	0.00848	0.00689	0.00207	0.00808	0.02454	0.00569	0.08002
119	0.15333	0.01685	0.08840	0.03804	0.02129	0.01543	0.06319	0.08487	0.18898	0.16547	0.02160	0.02131	0.03350	0.00823	0.00670	0.00222	0.00692	0.00670	0.00605	0.05093
120	0.09008	0.17544	0.07474	0.01728	0.02349	0.01828	0.17197	0.07059	0.06870	0.17442	0.01716	0.01797	0.01245	0.00717	0.00658	0.00209	0.00814	0.00625	0.00518	0.03201

[dist]
# distance from previous block
# <min> <max>
0	74

# created by:
# /home/cegg/simao/soft/augustus-3.2.1/scripts/msa2prfl.pl ./align_prep/EOG090W0I8J.fa
