[name]
unknown

[dist]
# distance from previous block
# <min> <max>
0	99

[block]
# block no. 0 follows, 34 sequences, length 121
# corresponding to MSA columns:
# 99-219
name=unknown_A
#
# <colnr> <probs for GDERKNQSTAVLIFYWHMCP>
#	G	D	E	R	K	N	Q	S	T	A	V	L	I	F	Y	W	H	M	C	P
0	0.01152	0.00845	0.01117	0.01214	0.01397	0.00872	0.01048	0.04659	0.07436	0.02094	0.03271	0.06624	0.03455	0.01664	0.00862	0.00286	0.00593	0.60155	0.00602	0.00653
1	0.07473	0.07965	0.17424	0.01270	0.01859	0.01228	0.01253	0.02683	0.01650	0.45879	0.03614	0.01906	0.01410	0.00738	0.00609	0.00196	0.00641	0.00579	0.00613	0.01009
2	0.01579	0.21640	0.45164	0.01632	0.02390	0.13307	0.01891	0.02103	0.01425	0.01843	0.01070	0.01252	0.00823	0.00607	0.00560	0.00182	0.00923	0.00435	0.00283	0.00891
3	0.28742	0.01310	0.01349	0.01111	0.01554	0.04576	0.00903	0.05961	0.10874	0.34482	0.01898	0.01770	0.01293	0.00737	0.00565	0.00201	0.00564	0.00548	0.00621	0.00942
4	0.01214	0.01043	0.01687	0.05527	0.08234	0.01055	0.12164	0.01687	0.07360	0.02014	0.02820	0.05175	0.05233	0.01342	0.00813	0.00262	0.00686	0.40451	0.00518	0.00717
5	0.01522	0.01333	0.01986	0.31916	0.21975	0.01493	0.01586	0.12805	0.07558	0.02327	0.07741	0.01996	0.01501	0.00727	0.00656	0.00205	0.00734	0.00642	0.00421	0.00876
6	0.01442	0.01571	0.03335	0.02459	0.03026	0.01481	0.58879	0.01944	0.01519	0.02046	0.01671	0.02698	0.01452	0.00758	0.00785	0.00232	0.01004	0.12502	0.00373	0.00824
7	0.01595	0.01539	0.05389	0.01593	0.08095	0.03853	0.03448	0.04863	0.47514	0.02543	0.04043	0.02168	0.01755	0.00792	0.00641	0.00202	0.00594	0.00671	0.00563	0.08137
8	0.00825	0.00649	0.00745	0.00739	0.00915	0.00569	0.00547	0.01040	0.01592	0.02071	0.32467	0.11902	0.40544	0.01546	0.00768	0.00216	0.00323	0.01328	0.00644	0.00569
9	0.02086	0.01354	0.05745	0.01533	0.02059	0.01143	0.18242	0.04199	0.03338	0.35101	0.09836	0.02252	0.01848	0.00759	0.00674	0.00197	0.00674	0.00704	0.00604	0.07652
10	0.10715	0.11195	0.28676	0.01651	0.07660	0.04035	0.01599	0.13114	0.03350	0.07692	0.03594	0.01529	0.01121	0.00672	0.00581	0.00192	0.00765	0.00511	0.00414	0.00934
11	0.01014	0.00735	0.01003	0.01137	0.01292	0.00724	0.00987	0.01298	0.01486	0.01915	0.03731	0.07182	0.10592	0.01770	0.00880	0.00290	0.00568	0.62211	0.00595	0.00590
12	0.00787	0.00562	0.00750	0.00900	0.00937	0.00525	0.00600	0.00900	0.01237	0.01649	0.03561	0.76871	0.04274	0.02024	0.00825	0.00262	0.00375	0.01837	0.00600	0.00525
13	0.14277	0.01474	0.02247	0.08142	0.51676	0.01541	0.01704	0.05562	0.03332	0.02321	0.01215	0.01540	0.00990	0.00602	0.00603	0.00196	0.00722	0.00544	0.00356	0.00956
14	0.45040	0.01317	0.01195	0.01004	0.01400	0.01484	0.00821	0.22840	0.01728	0.03178	0.01288	0.01416	0.00972	0.00677	0.00483	0.00190	0.00533	0.00460	0.13169	0.00805
15	0.00764	0.00655	0.00655	0.00655	0.00873	0.00545	0.00491	0.00927	0.01473	0.01745	0.06546	0.06218	0.73000	0.01636	0.00764	0.00218	0.00327	0.01364	0.00600	0.00545
16	0.01318	0.07188	0.70294	0.01804	0.02738	0.01555	0.02321	0.02040	0.01362	0.02019	0.01146	0.01347	0.00819	0.00611	0.00604	0.00201	0.00941	0.00471	0.00273	0.00948
17	0.01220	0.01148	0.01938	0.75739	0.04450	0.01436	0.01794	0.01651	0.01292	0.01651	0.01148	0.01723	0.00861	0.00646	0.00646	0.00215	0.00861	0.00574	0.00287	0.00718
18	0.00924	0.00689	0.01023	0.01023	0.01134	0.00799	0.00789	0.01144	0.01034	0.01489	0.01744	0.02615	0.01648	0.08112	0.71511	0.01020	0.01681	0.00703	0.00348	0.00569
19	0.02414	0.03079	0.01831	0.01665	0.01998	0.74698	0.01248	0.02580	0.01831	0.01581	0.00999	0.01165	0.00832	0.00666	0.00583	0.00166	0.01165	0.00416	0.00333	0.00749
20	0.01340	0.01148	0.01340	0.00957	0.01531	0.00861	0.00766	0.01627	0.01340	0.02105	0.01148	0.01340	0.00957	0.00479	0.00479	0.00096	0.00479	0.00383	0.00383	0.81242
21	0.01728	0.40466	0.23301	0.01574	0.07954	0.03932	0.01534	0.02108	0.01408	0.08884	0.01166	0.01296	0.00919	0.00600	0.00518	0.00169	0.00772	0.00435	0.00332	0.00906
22	0.02044	0.02463	0.01886	0.01676	0.01886	0.47793	0.01310	0.02201	0.01520	0.01572	0.00943	0.01257	0.00838	0.00838	0.01152	0.00209	0.28894	0.00471	0.00314	0.00733
23	0.00800	0.00568	0.00746	0.00883	0.00918	0.00533	0.00582	0.00903	0.01212	0.01616	0.03434	0.70823	0.04113	0.08291	0.01030	0.00293	0.00396	0.01762	0.00582	0.00514
24	0.01598	0.01553	0.09296	0.02247	0.26159	0.01275	0.06431	0.03580	0.04885	0.08295	0.01456	0.01779	0.01163	0.00625	0.00608	0.00172	0.00685	0.02722	0.00408	0.25062
25	0.01414	0.01203	0.01308	0.01187	0.01473	0.01372	0.00912	0.02735	0.50686	0.02438	0.09052	0.03025	0.07896	0.07351	0.00970	0.00255	0.04399	0.00828	0.00616	0.00880
26	0.00785	0.00571	0.00741	0.00878	0.00931	0.00527	0.00590	0.00902	0.01258	0.01658	0.03827	0.70582	0.10390	0.01990	0.00819	0.00258	0.00371	0.01795	0.00600	0.00527
27	0.01296	0.03342	0.73944	0.01842	0.02797	0.01501	0.02387	0.02046	0.01364	0.02046	0.01160	0.01364	0.00818	0.00614	0.00614	0.00205	0.00955	0.00477	0.00273	0.00955
28	0.01913	0.01540	0.05404	0.15813	0.26494	0.04070	0.04876	0.09359	0.01682	0.18019	0.01517	0.01725	0.01106	0.00678	0.00688	0.00202	0.02909	0.00591	0.00451	0.00964
29	0.00923	0.00692	0.01038	0.01038	0.01154	0.00808	0.00808	0.01154	0.01038	0.01500	0.01731	0.02538	0.01615	0.04846	0.74732	0.01038	0.01731	0.00692	0.00346	0.00577
30	0.00914	0.00660	0.00864	0.00813	0.00965	0.00610	0.00610	0.01219	0.01829	0.02591	0.72921	0.04827	0.06097	0.01321	0.00762	0.00203	0.00305	0.01169	0.00711	0.00610
31	0.04016	0.07742	0.52347	0.02004	0.06096	0.01590	0.13240	0.02035	0.01383	0.02047	0.01160	0.01405	0.00851	0.00597	0.00619	0.00202	0.00936	0.00515	0.00288	0.00928
32	0.01093	0.13463	0.13713	0.03739	0.01551	0.01127	0.01066	0.01431	0.02843	0.01812	0.06612	0.07930	0.25185	0.01511	0.06459	0.00277	0.00655	0.08381	0.00467	0.00686
33	0.01525	0.01743	0.03813	0.02723	0.03377	0.01634	0.70915	0.02070	0.01525	0.02070	0.01307	0.01743	0.00980	0.00545	0.00763	0.00218	0.01089	0.00763	0.00327	0.00871
34	0.02427	0.01374	0.01621	0.01263	0.01724	0.01399	0.01035	0.34759	0.02404	0.31575	0.11462	0.02246	0.01964	0.00858	0.00663	0.00198	0.00593	0.00687	0.00716	0.01034
35	0.01406	0.01306	0.02144	0.42861	0.24431	0.01476	0.04015	0.05104	0.04353	0.01992	0.03822	0.01818	0.01157	0.00662	0.00653	0.00207	0.00800	0.00609	0.00345	0.00840
36	0.03657	0.07678	0.58344	0.01748	0.02582	0.11118	0.02116	0.02105	0.01415	0.01977	0.01116	0.01310	0.00818	0.00617	0.00592	0.00196	0.00954	0.00458	0.00284	0.00914
37	0.02414	0.03079	0.01831	0.01665	0.01998	0.74698	0.01248	0.02580	0.01831	0.01581	0.00999	0.01165	0.00832	0.00666	0.00583	0.00166	0.01165	0.00416	0.00333	0.00749
38	0.02134	0.01247	0.01621	0.01374	0.03903	0.01260	0.05086	0.05435	0.27598	0.33252	0.07944	0.02414	0.02017	0.00846	0.00668	0.00208	0.00561	0.00722	0.00693	0.01017
39	0.00923	0.00692	0.01038	0.01038	0.01154	0.00808	0.00808	0.01154	0.01038	0.01500	0.01731	0.02538	0.01615	0.04846	0.74732	0.01038	0.01731	0.00692	0.00346	0.00577
40	0.01711	0.73735	0.03313	0.01136	0.01660	0.02527	0.01122	0.01915	0.01296	0.01522	0.00896	0.01056	0.00830	0.00583	0.00503	0.00146	0.04593	0.00357	0.00277	0.00823
41	0.00787	0.00562	0.00750	0.00900	0.00937	0.00525	0.00600	0.00900	0.01237	0.01649	0.03561	0.76871	0.04274	0.02024	0.00825	0.00262	0.00375	0.01837	0.00600	0.00525
42	0.03769	0.16027	0.59672	0.01686	0.02555	0.01680	0.02117	0.02023	0.01347	0.01981	0.01107	0.01299	0.00817	0.00603	0.00573	0.00193	0.00896	0.00451	0.00277	0.00926
43	0.02857	0.01101	0.01495	0.01144	0.01646	0.00947	0.00945	0.03108	0.01836	0.71802	0.02512	0.02176	0.01582	0.00791	0.00645	0.00197	0.00548	0.00643	0.00789	0.03234
44	0.02414	0.03079	0.01831	0.01665	0.01998	0.74698	0.01248	0.02580	0.01831	0.01581	0.00999	0.01165	0.00832	0.00666	0.00583	0.00166	0.01165	0.00416	0.00333	0.00749
45	0.00787	0.00562	0.00750	0.00900	0.00937	0.00525	0.00600	0.00900	0.01237	0.01649	0.03561	0.76871	0.04274	0.02024	0.00825	0.00262	0.00375	0.01837	0.00600	0.00525
46	0.02899	0.01100	0.01499	0.01150	0.01649	0.00950	0.00950	0.03149	0.01849	0.73709	0.02549	0.02199	0.01599	0.00800	0.00650	0.00200	0.00550	0.00650	0.00800	0.01100
47	0.00936	0.00652	0.00837	0.00797	0.00945	0.00606	0.00595	0.01235	0.01768	0.02545	0.64399	0.06916	0.05643	0.01293	0.00736	0.00200	0.00307	0.01140	0.07843	0.00606
48	0.00787	0.00562	0.00750	0.00900	0.00937	0.00525	0.00600	0.00900	0.01237	0.01649	0.03561	0.76871	0.04274	0.02024	0.00825	0.00262	0.00375	0.01837	0.00600	0.00525
49	0.01599	0.01535	0.02623	0.03966	0.73262	0.01535	0.01983	0.01983	0.01471	0.02111	0.01215	0.01599	0.01023	0.00576	0.00640	0.00192	0.00768	0.00576	0.00320	0.01023
50	0.00800	0.00568	0.00746	0.00883	0.00918	0.00533	0.00582	0.00903	0.01212	0.01616	0.03434	0.70823	0.04113	0.08291	0.01030	0.00293	0.00396	0.01762	0.00582	0.00514
51	0.00923	0.00692	0.01038	0.01038	0.01154	0.00808	0.00808	0.01154	0.01038	0.01500	0.01731	0.02538	0.01615	0.04846	0.74732	0.01038	0.01731	0.00692	0.00346	0.00577
52	0.01516	0.01725	0.03757	0.04898	0.03409	0.01628	0.68856	0.02057	0.01518	0.02057	0.01302	0.01742	0.00977	0.00548	0.00759	0.00218	0.01083	0.00757	0.00326	0.00867
53	0.00887	0.00604	0.00720	0.00773	0.00786	0.00591	0.00464	0.00926	0.01043	0.01391	0.02567	0.29499	0.03019	0.51108	0.02432	0.00500	0.00539	0.01252	0.00464	0.00438
54	0.02367	0.08136	0.01936	0.01627	0.01975	0.69809	0.01239	0.02536	0.01796	0.01577	0.00992	0.01156	0.00832	0.00658	0.00571	0.00165	0.01133	0.00411	0.00329	0.00754
55	0.01340	0.01148	0.01340	0.00957	0.01531	0.00861	0.00766	0.01627	0.01340	0.02105	0.01148	0.01340	0.00957	0.00479	0.00479	0.00096	0.00479	0.00383	0.00383	0.81242
56	0.01399	0.01590	0.09184	0.01723	0.01957	0.03609	0.11062	0.03681	0.04415	0.01807	0.01357	0.09151	0.01298	0.01206	0.04475	0.00286	0.39971	0.00721	0.00351	0.00757
57	0.01374	0.01191	0.01708	0.19382	0.15200	0.02964	0.01406	0.08880	0.01542	0.02056	0.02018	0.10241	0.02011	0.01129	0.00857	0.00240	0.07355	0.19241	0.00445	0.00762
58	0.00957	0.00690	0.00921	0.01040	0.04674	0.00704	0.00681	0.01082	0.01119	0.01513	0.02422	0.17821	0.02704	0.35353	0.15265	0.00563	0.00782	0.10752	0.00448	0.00512
59	0.02286	0.08891	0.04940	0.01702	0.04554	0.60087	0.01309	0.05575	0.01812	0.01727	0.01030	0.01196	0.00850	0.00656	0.00575	0.00168	0.01084	0.00426	0.00340	0.00789
60	0.01227	0.04919	0.01427	0.04746	0.03868	0.01039	0.05330	0.03388	0.07714	0.04069	0.06867	0.16221	0.06859	0.11073	0.01094	0.00276	0.02712	0.10390	0.00509	0.06273
61	0.01696	0.50847	0.12818	0.01272	0.01842	0.09685	0.01280	0.01979	0.01365	0.01649	0.00964	0.01133	0.00839	0.00585	0.00520	0.00151	0.03172	0.00381	0.00291	0.07529
62	0.00787	0.00655	0.00687	0.00679	0.00887	0.00555	0.00509	0.00973	0.01528	0.01877	0.16847	0.06002	0.62617	0.01587	0.00763	0.00216	0.00324	0.01333	0.00617	0.00555
63	0.01607	0.01388	0.01461	0.01315	0.01680	0.01607	0.01023	0.03433	0.72094	0.02703	0.02630	0.02411	0.01972	0.00877	0.00657	0.00219	0.00511	0.00731	0.00657	0.01023
64	0.01316	0.00868	0.01142	0.00995	0.01224	0.00911	0.06502	0.10027	0.01498	0.02361	0.01880	0.02280	0.01521	0.01748	0.18829	0.00381	0.00770	0.00635	0.44433	0.00679
65	0.01362	0.01370	0.02531	0.02018	0.04718	0.01344	0.36831	0.02043	0.14764	0.02122	0.04250	0.14367	0.04094	0.00958	0.00755	0.00228	0.00787	0.04173	0.00464	0.00819
66	0.00764	0.00655	0.00655	0.00655	0.00873	0.00545	0.00491	0.00927	0.01473	0.01745	0.06546	0.06218	0.73000	0.01636	0.00764	0.00218	0.00327	0.01364	0.00600	0.00545
67	0.00787	0.00562	0.00750	0.00900	0.00937	0.00525	0.00600	0.00900	0.01237	0.01649	0.03561	0.76871	0.04274	0.02024	0.00825	0.00262	0.00375	0.01837	0.00600	0.00525
68	0.00786	0.00566	0.00745	0.00889	0.00934	0.00526	0.00595	0.00901	0.01248	0.01654	0.03696	0.73685	0.07372	0.02007	0.00822	0.00260	0.00373	0.01816	0.00600	0.00526
69	0.01599	0.01535	0.02623	0.03966	0.73262	0.01535	0.01983	0.01983	0.01471	0.02111	0.01215	0.01599	0.01023	0.00576	0.00640	0.00192	0.00768	0.00576	0.00320	0.01023
70	0.02654	0.01077	0.01410	0.01099	0.01555	0.00967	0.00902	0.06951	0.01856	0.60388	0.02433	0.02188	0.01577	0.00792	0.00624	0.00193	0.00527	0.00640	0.11132	0.01035
71	0.00785	0.00570	0.00742	0.00879	0.00932	0.00527	0.00591	0.00902	0.01257	0.01657	0.03810	0.70988	0.09995	0.01992	0.00820	0.00259	0.00371	0.01797	0.00600	0.00527
72	0.01607	0.01388	0.01461	0.01315	0.01680	0.01607	0.01023	0.03433	0.72094	0.02703	0.02630	0.02411	0.01972	0.00877	0.00657	0.00219	0.00511	0.00731	0.00657	0.01023
73	0.02415	0.03043	0.01834	0.01659	0.01998	0.72620	0.01248	0.04539	0.01866	0.01653	0.01015	0.01176	0.00840	0.00669	0.00584	0.00167	0.01152	0.00421	0.00342	0.00759
74	0.00850	0.00589	0.00731	0.00819	0.00841	0.00567	0.00514	0.00916	0.01114	0.01486	0.02931	0.46852	0.03478	0.33128	0.01843	0.00413	0.00479	0.01466	0.00514	0.00470
75	0.01340	0.01148	0.01340	0.00957	0.01531	0.00861	0.00766	0.01627	0.01340	0.02105	0.01148	0.01340	0.00957	0.00479	0.00479	0.00096	0.00479	0.00383	0.00383	0.81242
76	0.01403	0.01395	0.01869	0.01613	0.01622	0.03932	0.01324	0.01533	0.01009	0.01531	0.00951	0.01641	0.00973	0.07459	0.02174	0.00308	0.67696	0.00592	0.00293	0.00682
77	0.01722	0.01445	0.01526	0.01338	0.01724	0.01661	0.01050	0.12569	0.62772	0.02888	0.02484	0.02295	0.01854	0.00863	0.00656	0.00216	0.00538	0.00710	0.00656	0.01033
78	0.01747	0.75562	0.03342	0.01121	0.01668	0.04606	0.01110	0.01953	0.01328	0.01522	0.00901	0.01040	0.00829	0.00556	0.00419	0.00139	0.00704	0.00348	0.00278	0.00827
79	0.00932	0.00623	0.00707	0.00714	0.00716	0.00622	0.00401	0.00938	0.00954	0.01272	0.02108	0.07662	0.02440	0.73734	0.03172	0.00609	0.00615	0.00982	0.00401	0.00398
80	0.00956	0.00732	0.00885	0.00834	0.01019	0.00697	0.00629	0.01386	0.08735	0.02447	0.53794	0.04842	0.17937	0.01335	0.00752	0.00208	0.00329	0.01161	0.00686	0.00639
81	0.00827	0.00591	0.00796	0.00945	0.01001	0.00559	0.00669	0.00969	0.01277	0.01694	0.03539	0.65895	0.04186	0.01987	0.00835	0.00268	0.00410	0.12417	0.00599	0.00536
82	0.01472	0.00681	0.00744	0.00689	0.00894	0.00657	0.00530	0.01765	0.01433	0.13655	0.02177	0.02376	0.01647	0.00760	0.00483	0.00158	0.00340	0.00610	0.68248	0.00681
83	0.01587	0.01523	0.02600	0.06319	0.71006	0.01532	0.01977	0.01972	0.01465	0.02096	0.01213	0.01603	0.01018	0.00578	0.00640	0.00193	0.00771	0.00576	0.00319	0.01013
84	0.01181	0.00610	0.00639	0.00639	0.00786	0.00619	0.00481	0.01476	0.01329	0.02333	0.02076	0.02420	0.01653	0.01094	0.06636	0.00224	0.00420	0.00610	0.74174	0.00600
85	0.00787	0.00562	0.00750	0.00900	0.00937	0.00525	0.00600	0.00900	0.01237	0.01649	0.03561	0.76871	0.04274	0.02024	0.00825	0.00262	0.00375	0.01837	0.00600	0.00525
86	0.00787	0.00562	0.00750	0.00900	0.00937	0.00525	0.00600	0.00900	0.01237	0.01649	0.03561	0.76871	0.04274	0.02024	0.00825	0.00262	0.00375	0.01837	0.00600	0.00525
87	0.01678	0.01615	0.01370	0.01276	0.01525	0.22287	0.00952	0.17275	0.05956	0.02235	0.02318	0.33818	0.02436	0.01286	0.00705	0.00217	0.00686	0.01081	0.00537	0.00747
88	0.04675	0.02395	0.41041	0.01568	0.04800	0.01313	0.01714	0.05164	0.01428	0.02199	0.01166	0.01361	0.00880	0.00575	0.00563	0.00168	0.00761	0.00449	0.00334	0.27448
89	0.01776	0.01535	0.06020	0.10991	0.23739	0.01465	0.12485	0.13572	0.01792	0.11349	0.07412	0.01960	0.01494	0.00704	0.00671	0.00202	0.00764	0.00660	0.00462	0.00948
90	0.01305	0.05306	0.02461	0.01848	0.04116	0.04579	0.34087	0.01669	0.01517	0.01965	0.09674	0.06404	0.18252	0.00963	0.00772	0.00213	0.02743	0.00943	0.00437	0.00747
91	0.01023	0.00691	0.00936	0.01048	0.01178	0.00674	0.00857	0.01275	0.01451	0.03621	0.08619	0.23868	0.03845	0.01715	0.00830	0.00269	0.00497	0.40896	0.06115	0.00591
92	0.01767	0.01887	0.12540	0.08589	0.20699	0.07998	0.17318	0.06855	0.01644	0.10209	0.03287	0.01721	0.01160	0.00647	0.00664	0.00201	0.00869	0.00614	0.00400	0.00932
93	0.01650	0.37738	0.24162	0.01449	0.02069	0.12998	0.03719	0.02025	0.01425	0.01736	0.02990	0.03183	0.01058	0.00645	0.00530	0.00170	0.00836	0.00468	0.00305	0.00843
94	0.03492	0.17261	0.32069	0.01578	0.06361	0.01621	0.01618	0.07835	0.03023	0.02183	0.03736	0.01464	0.01089	0.00622	0.00558	0.00173	0.00751	0.00478	0.00353	0.13735
95	0.01738	0.08210	0.01734	0.01252	0.01731	0.07113	0.02812	0.09846	0.24320	0.05644	0.01701	0.01716	0.01307	0.00676	0.00572	0.00163	0.00605	0.00537	0.00503	0.27820
96	0.00818	0.00657	0.00730	0.00712	0.00906	0.00569	0.00534	0.01033	0.01602	0.02052	0.30624	0.05713	0.48729	0.01522	0.00763	0.00213	0.00319	0.01293	0.00640	0.00569
97	0.04057	0.05952	0.02345	0.02077	0.14407	0.12348	0.15121	0.14387	0.06930	0.09308	0.01650	0.01789	0.03678	0.00710	0.00675	0.00196	0.02360	0.00618	0.00460	0.00931
98	0.01542	0.02040	0.16448	0.02037	0.02586	0.08056	0.29462	0.02273	0.14326	0.02074	0.01586	0.01827	0.03061	0.00722	0.00844	0.00218	0.08977	0.00666	0.00380	0.00878
99	0.00764	0.00655	0.00655	0.00655	0.00873	0.00545	0.00491	0.00927	0.01473	0.01745	0.06546	0.06218	0.73000	0.01636	0.00764	0.00218	0.00327	0.01364	0.00600	0.00545
100	0.01005	0.00879	0.01015	0.01175	0.08224	0.04053	0.00805	0.01262	0.03371	0.01871	0.08364	0.11786	0.38293	0.01512	0.00769	0.00231	0.00466	0.13725	0.00567	0.00626
101	0.01129	0.15483	0.03548	0.01062	0.01280	0.03153	0.00885	0.01348	0.01113	0.01500	0.01563	0.02330	0.01486	0.10136	0.50211	0.00784	0.01399	0.00634	0.00334	0.00624
102	0.00803	0.00570	0.00747	0.00876	0.00927	0.00528	0.00589	0.00899	0.01236	0.01630	0.03684	0.67113	0.09832	0.02003	0.00908	0.04446	0.00381	0.01731	0.00583	0.00514
103	0.19722	0.01132	0.01382	0.01086	0.01564	0.01056	0.00896	0.02883	0.01690	0.58622	0.02198	0.01954	0.01408	0.00757	0.00597	0.00200	0.00539	0.00586	0.00715	0.01014
104	0.01826	0.67175	0.03174	0.01175	0.01706	0.08892	0.01125	0.05570	0.01448	0.01658	0.00941	0.01074	0.00843	0.00574	0.00441	0.00144	0.00734	0.00364	0.00301	0.00836
105	0.00778	0.00655	0.00677	0.00690	0.00897	0.00554	0.00521	0.00946	0.01464	0.01750	0.06276	0.09162	0.66911	0.01659	0.00772	0.00224	0.00342	0.04576	0.00600	0.00547
106	0.00787	0.00562	0.00750	0.00900	0.00937	0.00525	0.00600	0.00900	0.01237	0.01649	0.03561	0.76871	0.04274	0.02024	0.00825	0.00262	0.00375	0.01837	0.00600	0.00525
107	0.01296	0.03342	0.73944	0.01842	0.02797	0.01501	0.02387	0.02046	0.01364	0.02046	0.01160	0.01364	0.00818	0.00614	0.00614	0.00205	0.00955	0.00477	0.00273	0.00955
108	0.01488	0.01683	0.09154	0.25776	0.09778	0.01579	0.31420	0.07308	0.01550	0.02095	0.01255	0.01675	0.00941	0.00604	0.00693	0.00212	0.00947	0.00647	0.00334	0.00861
109	0.01403	0.00696	0.00742	0.00697	0.00896	0.00692	0.00534	0.01780	0.05166	0.09882	0.02182	0.02387	0.01667	0.00764	0.00483	0.00159	0.00338	0.00614	0.68241	0.00677
110	0.01764	0.62414	0.04854	0.01316	0.01867	0.09133	0.07305	0.02009	0.01381	0.01586	0.00949	0.01118	0.00843	0.00564	0.00465	0.00149	0.00776	0.00392	0.00286	0.00828
111	0.00940	0.00626	0.00705	0.00705	0.00705	0.00626	0.00392	0.00940	0.00940	0.01253	0.02036	0.04228	0.02349	0.77292	0.03289	0.00626	0.00626	0.00940	0.00392	0.00392
112	0.01628	0.01563	0.06173	0.02064	0.05697	0.01446	0.34369	0.04367	0.14956	0.09415	0.09672	0.02228	0.01798	0.00731	0.00715	0.00212	0.00807	0.00763	0.00486	0.00911
113	0.01154	0.00999	0.01675	0.01451	0.01674	0.01025	0.16873	0.01463	0.03864	0.04177	0.04245	0.32887	0.04665	0.01606	0.04765	0.00292	0.08809	0.07205	0.00501	0.00672
114	0.01112	0.00668	0.00775	0.00744	0.00788	0.00655	0.00441	0.01135	0.01020	0.07644	0.02081	0.04049	0.02283	0.70545	0.03056	0.00589	0.00620	0.00914	0.00428	0.00454
115	0.01122	0.00561	0.00842	0.00842	0.00842	0.00561	0.00561	0.00842	0.00842	0.01122	0.01122	0.01964	0.01122	0.02245	0.02525	0.81201	0.00561	0.00561	0.00281	0.00281
116	0.01919	0.14618	0.06238	0.01725	0.02246	0.14062	0.18017	0.13298	0.13797	0.05548	0.01499	0.01613	0.01137	0.00674	0.00625	0.00191	0.00846	0.00581	0.00445	0.00920
117	0.01278	0.01386	0.06937	0.51821	0.06360	0.01489	0.09714	0.01711	0.01309	0.01736	0.01280	0.01784	0.02689	0.00695	0.00783	0.00220	0.07142	0.00609	0.00299	0.00757
118	0.01202	0.00728	0.00930	0.00853	0.01068	0.00654	0.00656	0.01468	0.01742	0.13614	0.46120	0.06852	0.16783	0.01329	0.00751	0.00210	0.00359	0.03308	0.00699	0.00673
119	0.05218	0.03633	0.11192	0.08025	0.05780	0.01382	0.09237	0.03466	0.01356	0.07639	0.01873	0.15405	0.03920	0.01042	0.00978	0.00232	0.16035	0.02388	0.00419	0.00779
120	0.04492	0.01658	0.01934	0.01813	0.11608	0.10624	0.08100	0.25964	0.07530	0.02855	0.12785	0.04101	0.01971	0.00833	0.00665	0.00198	0.00717	0.00708	0.00533	0.00911

[dist]
# distance from previous block
# <min> <max>
0	2

[block]
# block no. 1 follows, 34 sequences, length 46
# corresponding to MSA columns:
# 222-267
name=unknown_B
#
# <colnr> <probs for GDERKNQSTAVLIFYWHMCP>
#	G	D	E	R	K	N	Q	S	T	A	V	L	I	F	Y	W	H	M	C	P
0	0.01545	0.01534	0.01474	0.01603	0.08672	0.21187	0.01183	0.05528	0.01638	0.01943	0.02437	0.07181	0.04268	0.01286	0.00805	0.00242	0.03327	0.32953	0.00488	0.00707
1	0.01584	0.01357	0.01660	0.09106	0.04429	0.03368	0.03048	0.15768	0.04109	0.02404	0.01309	0.01551	0.01047	0.00871	0.05169	0.00205	0.03321	0.00499	0.00425	0.38770
2	0.04422	0.19949	0.37991	0.01578	0.02306	0.03830	0.04594	0.05948	0.07373	0.02113	0.01236	0.01385	0.00940	0.00625	0.00567	0.00186	0.00825	0.00477	0.00338	0.03318
3	0.00883	0.00685	0.00828	0.02520	0.01062	0.03093	0.00663	0.01014	0.01271	0.01648	0.03465	0.57870	0.07650	0.07252	0.00990	0.00285	0.00446	0.07273	0.00569	0.00534
4	0.01162	0.00728	0.00785	0.00754	0.00892	0.00751	0.00532	0.03852	0.07486	0.02098	0.06112	0.03196	0.04513	0.24208	0.03891	0.00338	0.00482	0.00775	0.36855	0.00590
5	0.01704	0.11256	0.07069	0.14206	0.07592	0.09472	0.12189	0.15367	0.01765	0.02271	0.05200	0.04265	0.01330	0.00736	0.00677	0.00197	0.02815	0.00629	0.00402	0.00857
6	0.01376	0.01427	0.04902	0.36057	0.19418	0.01574	0.09720	0.01772	0.01311	0.01801	0.01132	0.01632	0.00908	0.00698	0.00903	0.00221	0.13445	0.00591	0.00298	0.00811
7	0.00781	0.00655	0.00679	0.00673	0.00883	0.00553	0.00505	0.00961	0.01514	0.01844	0.14242	0.06057	0.65242	0.01600	0.00763	0.00216	0.00325	0.01341	0.00613	0.00553
8	0.01733	0.01274	0.01393	0.01197	0.01544	0.03399	0.00942	0.14226	0.30946	0.11106	0.21714	0.02869	0.02883	0.00967	0.00681	0.00207	0.00511	0.00807	0.00678	0.00923
9	0.78091	0.01276	0.00997	0.00880	0.01285	0.01476	0.00725	0.05182	0.01192	0.02955	0.00931	0.01073	0.00719	0.00608	0.00412	0.00200	0.00510	0.00361	0.00412	0.00719
10	0.00940	0.00626	0.00705	0.00705	0.00705	0.00626	0.00392	0.00940	0.00940	0.01253	0.02036	0.04228	0.02349	0.77292	0.03289	0.00626	0.00626	0.00940	0.00392	0.00392
11	0.01511	0.01467	0.02012	0.01661	0.01858	0.08594	0.12996	0.04548	0.01320	0.04255	0.04065	0.05553	0.01420	0.06088	0.06350	0.00321	0.34176	0.00706	0.00371	0.00727
12	0.01710	0.74622	0.06289	0.01136	0.01705	0.02513	0.01158	0.01939	0.01315	0.01542	0.00909	0.01050	0.00829	0.00555	0.00423	0.00141	0.00702	0.00351	0.00276	0.00834
13	0.02405	0.01762	0.01897	0.01462	0.01959	0.01948	0.01202	0.68405	0.02953	0.03959	0.01535	0.01567	0.01100	0.00832	0.00719	0.03309	0.00705	0.00581	0.00632	0.01067
14	0.00769	0.00655	0.00662	0.00660	0.00876	0.00548	0.00495	0.00938	0.01486	0.01777	0.09001	0.06167	0.70525	0.01625	0.00764	0.00218	0.00326	0.01356	0.00604	0.00548
15	0.01220	0.01148	0.01938	0.75739	0.04450	0.01436	0.01794	0.01651	0.01292	0.01651	0.01148	0.01723	0.00861	0.00646	0.00646	0.00215	0.00861	0.00574	0.00287	0.00718
16	0.01599	0.01535	0.02623	0.03966	0.73262	0.01535	0.01983	0.01983	0.01471	0.02111	0.01215	0.01599	0.01023	0.00576	0.00640	0.00192	0.00768	0.00576	0.00320	0.01023
17	0.00940	0.00626	0.00705	0.00705	0.00705	0.00626	0.00392	0.00940	0.00940	0.01253	0.02036	0.04228	0.02349	0.77292	0.03289	0.00626	0.00626	0.00940	0.00392	0.00392
18	0.00905	0.00660	0.00851	0.00803	0.00960	0.00606	0.00602	0.01201	0.01807	0.02539	0.68845	0.04912	0.10205	0.01340	0.00762	0.00204	0.00306	0.01181	0.00704	0.00606
19	0.01309	0.00703	0.00714	0.00676	0.00857	0.00719	0.00517	0.07317	0.01496	0.02548	0.02061	0.02337	0.01610	0.00755	0.00468	0.00154	0.00335	0.00601	0.74180	0.00644
20	0.01414	0.01414	0.01979	0.01696	0.01696	0.01979	0.01414	0.01555	0.00990	0.01555	0.00848	0.01414	0.00848	0.01131	0.02120	0.00283	0.76110	0.00565	0.00283	0.00707
21	0.00914	0.00660	0.00864	0.00813	0.00965	0.00610	0.00610	0.01219	0.01829	0.02591	0.72921	0.04827	0.06097	0.01321	0.00762	0.00203	0.00305	0.01169	0.00711	0.00610
22	0.00909	0.00660	0.00857	0.00807	0.00962	0.00607	0.00606	0.01209	0.01817	0.02562	0.70660	0.04874	0.08376	0.01332	0.00762	0.00204	0.00306	0.01175	0.00707	0.00607
23	0.81856	0.01250	0.00950	0.00850	0.01250	0.01449	0.00700	0.01899	0.01100	0.02899	0.00900	0.01050	0.00700	0.00600	0.00400	0.00200	0.00500	0.00350	0.00400	0.00700
24	0.00913	0.00785	0.00798	0.00772	0.01016	0.00734	0.00585	0.01372	0.14005	0.01915	0.05851	0.05543	0.60395	0.01502	0.00745	0.00218	0.00360	0.01251	0.00610	0.00630
25	0.01607	0.01388	0.01461	0.01315	0.01680	0.01607	0.01023	0.03433	0.72094	0.02703	0.02630	0.02411	0.01972	0.00877	0.00657	0.00219	0.00511	0.00731	0.00657	0.01023
26	0.00936	0.00641	0.00777	0.00777	0.00802	0.00666	0.00481	0.00986	0.00961	0.01306	0.01970	0.03863	0.02191	0.61640	0.18724	0.00715	0.00865	0.00886	0.00382	0.00432
27	0.01525	0.01743	0.03813	0.02723	0.03377	0.01634	0.70915	0.02070	0.01525	0.02070	0.01307	0.01743	0.00980	0.00545	0.00763	0.00218	0.01089	0.00763	0.00327	0.00871
28	0.01676	0.01420	0.01523	0.03832	0.01804	0.01639	0.01068	0.09863	0.63093	0.02799	0.02477	0.02305	0.01851	0.00859	0.00656	0.00217	0.00542	0.00711	0.00644	0.01020
29	0.00786	0.00650	0.00688	0.00690	0.00889	0.00553	0.00513	0.00966	0.01509	0.01856	0.15447	0.09882	0.60114	0.01614	0.00767	0.00219	0.00327	0.01363	0.00615	0.00553
30	0.01545	0.30749	0.28541	0.10014	0.08933	0.06386	0.01734	0.01987	0.01375	0.01782	0.01056	0.01291	0.00847	0.00594	0.00543	0.00177	0.00841	0.00444	0.00284	0.00875
31	0.01467	0.01391	0.02355	0.21779	0.52075	0.01460	0.01861	0.01858	0.01446	0.02022	0.05110	0.01806	0.01260	0.00634	0.00648	0.00198	0.00766	0.00608	0.00333	0.00924
32	0.06534	0.12306	0.05470	0.03294	0.01971	0.12088	0.08590	0.18324	0.04560	0.03782	0.06153	0.01844	0.03210	0.00985	0.05156	0.00237	0.00824	0.00591	0.00454	0.03627
33	0.01084	0.00955	0.01104	0.01111	0.01214	0.07076	0.00834	0.01324	0.04145	0.01733	0.08601	0.32836	0.03016	0.02321	0.17589	0.00426	0.09916	0.03613	0.00494	0.00608
34	0.00787	0.00562	0.00750	0.00900	0.00937	0.00525	0.00600	0.00900	0.01237	0.01649	0.03561	0.76871	0.04274	0.02024	0.00825	0.00262	0.00375	0.01837	0.00600	0.00525
35	0.02076	0.01190	0.01681	0.01659	0.13582	0.01136	0.03930	0.11504	0.01884	0.31913	0.11219	0.02876	0.06484	0.00925	0.00688	0.00206	0.00588	0.04863	0.00644	0.00952
36	0.01531	0.04983	0.28017	0.12106	0.04739	0.07667	0.20305	0.02052	0.01459	0.05835	0.01349	0.04598	0.01057	0.00668	0.00659	0.00206	0.00936	0.00624	0.00338	0.00871
37	0.00787	0.00562	0.00750	0.00900	0.00937	0.00525	0.00600	0.00900	0.01237	0.01649	0.03561	0.76871	0.04274	0.02024	0.00825	0.00262	0.00375	0.01837	0.00600	0.00525
38	0.00787	0.00562	0.00750	0.00900	0.00937	0.00525	0.00600	0.00900	0.01237	0.01649	0.03561	0.76871	0.04274	0.02024	0.00825	0.00262	0.00375	0.01837	0.00600	0.00525
39	0.81856	0.01250	0.00950	0.00850	0.01250	0.01449	0.00700	0.01899	0.01100	0.02899	0.00900	0.01050	0.00700	0.00600	0.00400	0.00200	0.00500	0.00350	0.00400	0.00700
40	0.56662	0.14264	0.01490	0.01010	0.01429	0.10871	0.00849	0.03560	0.01271	0.02529	0.00927	0.01073	0.00747	0.00604	0.00431	0.00185	0.00620	0.00363	0.00376	0.00737
41	0.00923	0.00729	0.00947	0.03566	0.05498	0.00676	0.00700	0.01195	0.01683	0.02279	0.46386	0.04932	0.25395	0.01345	0.00751	0.00207	0.00359	0.01169	0.00640	0.00620
42	0.01639	0.52289	0.17322	0.01269	0.01884	0.02180	0.01347	0.06162	0.01419	0.01802	0.01033	0.01205	0.00880	0.00750	0.03483	0.00190	0.00780	0.00402	0.00305	0.03657
43	0.03689	0.58232	0.07366	0.01232	0.01774	0.02274	0.03601	0.01951	0.01318	0.04118	0.00992	0.01157	0.00863	0.00598	0.00554	0.00156	0.05333	0.00394	0.00304	0.04096
44	0.01625	0.01528	0.04852	0.01815	0.11928	0.06483	0.11661	0.16957	0.05048	0.03913	0.14813	0.04387	0.08053	0.00895	0.00688	0.00200	0.00686	0.00796	0.00518	0.03156
45	0.01573	0.01564	0.04547	0.01488	0.04344	0.08501	0.05660	0.02859	0.46173	0.02470	0.09755	0.02524	0.03913	0.00879	0.00668	0.00211	0.00613	0.00748	0.00581	0.00929

[dist]
# distance from previous block
# <min> <max>
0	12

[block]
# block no. 2 follows, 34 sequences, length 14
# corresponding to MSA columns:
# 280-293
name=unknown_C
#
# <colnr> <probs for GDERKNQSTAVLIFYWHMCP>
#	G	D	E	R	K	N	Q	S	T	A	V	L	I	F	Y	W	H	M	C	P
0	0.01090	0.00643	0.00861	0.00929	0.01038	0.00589	0.00649	0.01233	0.01359	0.11766	0.07713	0.61989	0.04013	0.01810	0.00796	0.00250	0.00395	0.01630	0.00635	0.00610
1	0.01573	0.07226	0.10973	0.10408	0.40610	0.03423	0.01789	0.06054	0.04682	0.02124	0.01348	0.04487	0.01137	0.00670	0.00628	0.00195	0.00774	0.00599	0.00353	0.00948
2	0.01699	0.01458	0.02195	0.02117	0.15226	0.03880	0.12746	0.10505	0.01603	0.08706	0.03336	0.04089	0.01498	0.00934	0.01070	0.00232	0.20007	0.07397	0.00440	0.00861
3	0.01122	0.00561	0.00842	0.00842	0.00842	0.00561	0.00561	0.00842	0.00842	0.01122	0.01122	0.01964	0.01122	0.02245	0.02525	0.81201	0.00561	0.00561	0.00281	0.00281
4	0.00998	0.11413	0.01176	0.00852	0.01071	0.00874	0.00688	0.01247	0.01618	0.02143	0.38010	0.07647	0.21248	0.01358	0.00728	0.00208	0.00392	0.07098	0.00609	0.00620
5	0.01549	0.01532	0.02261	0.05981	0.53834	0.08352	0.01713	0.01876	0.01466	0.01979	0.01520	0.12069	0.01453	0.00789	0.00660	0.00200	0.00754	0.00736	0.00359	0.00916
6	0.01447	0.01369	0.02336	0.13519	0.50319	0.01397	0.04937	0.01834	0.01499	0.02112	0.11219	0.02074	0.01707	0.00688	0.00663	0.00198	0.00731	0.00667	0.00370	0.00916
7	0.01343	0.01364	0.01262	0.01215	0.01391	0.21607	0.00932	0.01555	0.01262	0.01523	0.01525	0.02152	0.01395	0.03669	0.53859	0.00793	0.01572	0.00615	0.00342	0.00625
8	0.52601	0.01754	0.01367	0.01188	0.01571	0.19718	0.03836	0.04813	0.01372	0.02533	0.00965	0.01141	0.00766	0.00640	0.00534	0.00195	0.03483	0.00401	0.00386	0.00735
9	0.01095	0.00579	0.00869	0.00869	0.00885	0.00596	0.00596	0.00885	0.00869	0.01175	0.01207	0.02044	0.01191	0.02608	0.12604	0.70012	0.00724	0.00579	0.00290	0.00322
10	0.01525	0.01456	0.02296	0.10862	0.40847	0.01616	0.03548	0.02087	0.11746	0.02049	0.01354	0.01703	0.01113	0.00725	0.00908	0.00215	0.14059	0.00601	0.00360	0.00931
11	0.01354	0.15227	0.31558	0.01473	0.01995	0.07050	0.01566	0.01753	0.01318	0.01774	0.01606	0.18260	0.01601	0.00984	0.00800	0.00212	0.09557	0.00766	0.00353	0.00792
12	0.01554	0.09426	0.24950	0.01847	0.02494	0.01611	0.21044	0.05361	0.13106	0.05081	0.01630	0.02019	0.01278	0.00719	0.00664	0.00209	0.00845	0.04833	0.00409	0.00921
13	0.53171	0.03543	0.03753	0.01067	0.01524	0.01603	0.00914	0.19797	0.01645	0.06113	0.01146	0.01238	0.00848	0.00653	0.00482	0.00197	0.00577	0.00426	0.00473	0.00832

[dist]
# distance from previous block
# <min> <max>
1	2

[block]
# block no. 3 follows, 34 sequences, length 17
# corresponding to MSA columns:
# 296-312
name=unknown_D
#
# <colnr> <probs for GDERKNQSTAVLIFYWHMCP>
#	G	D	E	R	K	N	Q	S	T	A	V	L	I	F	Y	W	H	M	C	P
0	0.00860	0.00627	0.00821	0.00921	0.01004	0.00604	0.00654	0.02590	0.01331	0.01775	0.07729	0.54778	0.09035	0.02149	0.07096	0.00322	0.00505	0.06061	0.00586	0.00554
1	0.00819	0.00632	0.00749	0.00773	0.00921	0.00561	0.00559	0.01016	0.01526	0.01997	0.27495	0.24872	0.32480	0.01638	0.00780	0.00225	0.00333	0.01428	0.00636	0.00561
2	0.00987	0.00734	0.00858	0.00887	0.00984	0.00747	0.00601	0.01353	0.12551	0.01742	0.06799	0.28946	0.07006	0.28781	0.01677	0.00382	0.00488	0.03372	0.00540	0.00565
3	0.01247	0.00968	0.01038	0.00907	0.01194	0.00951	0.00711	0.19960	0.01957	0.02519	0.16546	0.04718	0.42110	0.01350	0.00732	0.00209	0.00427	0.01119	0.00632	0.00706
4	0.02261	0.01093	0.01390	0.01061	0.01555	0.00921	0.00865	0.04669	0.01713	0.45344	0.02517	0.02326	0.08160	0.00791	0.00614	0.00173	0.00515	0.00643	0.00663	0.22724
5	0.01839	0.01971	0.01914	0.01822	0.08595	0.27834	0.04391	0.04324	0.07200	0.03766	0.05775	0.01861	0.01403	0.00878	0.01043	0.00215	0.21241	0.02735	0.00398	0.00797
6	0.01547	0.01647	0.03177	0.02342	0.02918	0.01627	0.52010	0.02439	0.20613	0.02241	0.01665	0.01924	0.01249	0.00634	0.00734	0.00218	0.00933	0.00754	0.00416	0.00912
7	0.01376	0.40131	0.18514	0.01215	0.01719	0.01770	0.01257	0.01680	0.01304	0.01673	0.01677	0.21622	0.01758	0.00965	0.00570	0.00187	0.00665	0.00779	0.00363	0.00775
8	0.08324	0.34953	0.37571	0.01443	0.02178	0.01948	0.01696	0.01986	0.01320	0.01894	0.01026	0.01197	0.00813	0.00587	0.00510	0.00176	0.00803	0.00410	0.00285	0.00879
9	0.01880	0.02141	0.01956	0.22049	0.14443	0.35846	0.01497	0.02310	0.08268	0.01794	0.01229	0.01506	0.00980	0.00665	0.00616	0.00189	0.00955	0.00515	0.00349	0.00812
10	0.00764	0.00655	0.00655	0.00655	0.00873	0.00545	0.00491	0.00927	0.01473	0.01745	0.06546	0.06218	0.73000	0.01636	0.00764	0.00218	0.00327	0.01364	0.00600	0.00545
11	0.01549	0.01502	0.02449	0.03352	0.53905	0.01655	0.01829	0.01867	0.01341	0.01961	0.01116	0.01549	0.00976	0.00726	0.01040	0.00216	0.21146	0.00573	0.00310	0.00938
12	0.01837	0.01502	0.01590	0.01361	0.01768	0.01714	0.01078	0.21738	0.53416	0.03073	0.02338	0.02178	0.01736	0.00849	0.00654	0.00212	0.00565	0.00690	0.00654	0.01043
13	0.01380	0.01272	0.02116	0.03137	0.53699	0.01262	0.01609	0.01690	0.01408	0.01986	0.01850	0.21959	0.01903	0.00968	0.00690	0.00211	0.00661	0.00917	0.00396	0.00889
14	0.01762	0.02082	0.01543	0.01398	0.01632	0.39737	0.01077	0.01923	0.01562	0.01620	0.02468	0.02583	0.20355	0.01024	0.00947	0.00204	0.16299	0.00703	0.00395	0.00685
15	0.01221	0.00967	0.01002	0.00880	0.01179	0.00940	0.00690	0.19910	0.01896	0.02375	0.05195	0.04956	0.53552	0.01404	0.00732	0.00212	0.00431	0.01152	0.00613	0.00695
16	0.01756	0.01571	0.01538	0.01361	0.01738	0.07844	0.01061	0.09759	0.59607	0.02737	0.02390	0.02224	0.01793	0.00849	0.00650	0.00212	0.00586	0.00690	0.00629	0.01007

[dist]
# distance from previous block
# <min> <max>
0	4

[block]
# block no. 4 follows, 34 sequences, length 11
# corresponding to MSA columns:
# 317-327
name=unknown_E
#
# <colnr> <probs for GDERKNQSTAVLIFYWHMCP>
#	G	D	E	R	K	N	Q	S	T	A	V	L	I	F	Y	W	H	M	C	P
0	0.00935	0.00644	0.00795	0.00795	0.00826	0.00676	0.00504	0.00998	0.00966	0.01320	0.01953	0.03770	0.02150	0.57651	0.22658	0.00738	0.00926	0.00873	0.00379	0.00442
1	0.01748	0.26616	0.31938	0.01511	0.02219	0.01974	0.01665	0.20734	0.01802	0.02428	0.01182	0.01310	0.00898	0.00638	0.00559	0.00181	0.00805	0.00464	0.00375	0.00954
2	0.02270	0.02228	0.01905	0.01589	0.01951	0.29624	0.01266	0.33699	0.02245	0.02714	0.01226	0.01382	0.00957	0.00792	0.00863	0.00198	0.13206	0.00516	0.00468	0.00902
3	0.01199	0.00858	0.01034	0.00999	0.01197	0.00877	0.00742	0.01853	0.20698	0.07205	0.27680	0.26180	0.04109	0.01381	0.00745	0.00226	0.00399	0.01220	0.00668	0.00729
4	0.22269	0.01354	0.01498	0.01179	0.01659	0.01395	0.00973	0.23611	0.02027	0.34932	0.01837	0.01717	0.01224	0.00743	0.00587	0.00198	0.00587	0.00555	0.00654	0.01001
5	0.22072	0.01228	0.01310	0.01070	0.01527	0.01232	0.00860	0.02526	0.20576	0.18510	0.01801	0.01750	0.01311	0.00689	0.00546	0.00179	0.00509	0.00529	0.00555	0.21221
6	0.01355	0.00728	0.00932	0.00913	0.01116	0.00645	0.00671	0.01516	0.01455	0.21207	0.03947	0.41001	0.18747	0.01607	0.00764	0.00236	0.00412	0.01410	0.00654	0.00685
7	0.00972	0.00695	0.00962	0.01111	0.01230	0.00684	0.00922	0.01220	0.01420	0.01857	0.03459	0.26153	0.03869	0.01850	0.00874	0.00288	0.00535	0.50727	0.00596	0.00576
8	0.02701	0.01310	0.01616	0.01251	0.01747	0.01275	0.01030	0.21591	0.06436	0.50519	0.02283	0.02036	0.01486	0.00798	0.00649	0.00199	0.00591	0.00636	0.00750	0.01095
9	0.02152	0.01532	0.01829	0.01455	0.01891	0.08171	0.09274	0.26361	0.04274	0.20308	0.02198	0.11207	0.04479	0.00936	0.00682	0.00206	0.00695	0.00795	0.00610	0.00945
10	0.01292	0.00859	0.00954	0.00831	0.01113	0.00793	0.00635	0.08072	0.01492	0.02361	0.02032	0.14207	0.01841	0.00888	0.00538	0.00158	0.00400	0.00743	0.38290	0.22500

[dist]
# distance from previous block
# <min> <max>
0	4

# created by:
# /home/cegg/simao/soft/augustus-3.2.1/scripts/msa2prfl.pl ./align_prep/EOG090W0BYQ.fa
