[name]
unknown

[dist]
# distance from previous block
# <min> <max>
15	97

[block]
# block no. 0 follows, 26 sequences, length 14
# corresponding to MSA columns:
# 446-459
name=unknown_A
#
# <colnr> <probs for GDERKNQSTAVLIFYWHMCP>
#	G	D	E	R	K	N	Q	S	T	A	V	L	I	F	Y	W	H	M	C	P
0	0.06552	0.05936	0.01569	0.01259	0.01628	0.11810	0.00982	0.08368	0.09311	0.07904	0.05159	0.08142	0.08294	0.04538	0.00856	0.00244	0.00683	0.00882	0.11529	0.04352
1	0.04431	0.01697	0.07364	0.02012	0.11445	0.01599	0.05539	0.17056	0.10675	0.06232	0.03863	0.06441	0.01789	0.01273	0.01171	0.14268	0.00778	0.00808	0.00569	0.00990
2	0.02126	0.05764	0.08402	0.01769	0.04639	0.12197	0.03861	0.20684	0.13627	0.03005	0.02396	0.05038	0.06635	0.05339	0.00942	0.00262	0.00866	0.00814	0.00590	0.01044
3	0.01102	0.00749	0.00947	0.00981	0.01125	0.00684	0.00694	0.01316	0.01730	0.05639	0.24969	0.33972	0.14918	0.06234	0.01097	0.00300	0.00433	0.01690	0.00743	0.00676
4	0.05517	0.07642	0.06308	0.01317	0.01738	0.08843	0.01102	0.12716	0.04441	0.02599	0.05056	0.11028	0.12026	0.08595	0.01062	0.00277	0.00727	0.00975	0.00571	0.07460
5	0.05620	0.22542	0.18182	0.02015	0.09278	0.04246	0.04188	0.12947	0.07325	0.04585	0.01531	0.01679	0.01181	0.00756	0.00664	0.00215	0.00897	0.00583	0.00465	0.01102
6	0.01213	0.00985	0.01053	0.01055	0.01125	0.06031	0.00706	0.01325	0.01380	0.01806	0.09649	0.18684	0.03421	0.36353	0.08606	0.00579	0.03643	0.01263	0.00536	0.00586
7	0.00995	0.00716	0.00945	0.01080	0.01162	0.00685	0.00771	0.01171	0.01509	0.02007	0.07329	0.48522	0.07822	0.07400	0.04480	0.00382	0.00568	0.11151	0.00679	0.00627
8	0.01866	0.21989	0.18444	0.08400	0.05198	0.07359	0.07514	0.04780	0.03742	0.04417	0.01736	0.01981	0.04332	0.01011	0.03903	0.00263	0.01016	0.00639	0.00409	0.01001
9	0.02106	0.02318	0.08279	0.06820	0.14910	0.19071	0.09145	0.08551	0.01977	0.04986	0.01847	0.03625	0.04267	0.00869	0.00811	0.00229	0.03559	0.00723	0.04906	0.01001
10	0.00931	0.00693	0.00848	0.00966	0.01060	0.00631	0.00653	0.01068	0.01496	0.01930	0.04938	0.51037	0.20969	0.07606	0.01168	0.00327	0.00448	0.01935	0.00686	0.00610
11	0.01597	0.01345	0.02047	0.01766	0.05160	0.01357	0.13300	0.04767	0.06735	0.04929	0.04809	0.08786	0.07614	0.06650	0.01279	0.02841	0.07854	0.03862	0.03997	0.09307
12	0.06681	0.05404	0.04408	0.01936	0.07646	0.07858	0.08599	0.09488	0.09549	0.02653	0.03928	0.10193	0.01992	0.01309	0.04316	0.00296	0.06861	0.02317	0.03609	0.00956
13	0.01266	0.01045	0.04234	0.01264	0.01483	0.00914	0.05734	0.04661	0.01632	0.04781	0.06797	0.33706	0.09105	0.14331	0.01433	0.00364	0.00619	0.05279	0.00639	0.00714

[dist]
# distance from previous block
# <min> <max>
6	27

[block]
# block no. 1 follows, 26 sequences, length 17
# corresponding to MSA columns:
# 487-503
name=unknown_B
#
# <colnr> <probs for GDERKNQSTAVLIFYWHMCP>
#	G	D	E	R	K	N	Q	S	T	A	V	L	I	F	Y	W	H	M	C	P
0	0.01737	0.13084	0.05256	0.01805	0.11761	0.06522	0.01301	0.02201	0.06936	0.05964	0.06895	0.11015	0.06593	0.01109	0.00735	0.00219	0.00712	0.03626	0.00544	0.11986
1	0.01675	0.12379	0.07013	0.04395	0.04451	0.04619	0.01338	0.07815	0.06138	0.02437	0.06058	0.07679	0.06706	0.01246	0.00943	0.02534	0.05435	0.09136	0.00537	0.07466
2	0.05158	0.04185	0.07400	0.01489	0.04307	0.08024	0.01206	0.07199	0.06926	0.11676	0.08608	0.07516	0.04706	0.05935	0.03311	0.00300	0.03441	0.00886	0.06793	0.00934
3	0.01772	0.11619	0.06731	0.06485	0.10864	0.10929	0.05230	0.04933	0.07596	0.02296	0.02398	0.11460	0.06784	0.03460	0.00848	0.00248	0.00841	0.00910	0.03666	0.00930
4	0.01995	0.04686	0.04620	0.07274	0.02291	0.03906	0.06371	0.17861	0.06842	0.08112	0.05111	0.02936	0.07780	0.09304	0.01219	0.00295	0.04718	0.00847	0.00594	0.03238
5	0.01699	0.08071	0.04659	0.04334	0.10390	0.08326	0.01288	0.02213	0.08299	0.05981	0.10505	0.06146	0.05195	0.01775	0.11701	0.00379	0.00941	0.00862	0.03643	0.03593
6	0.04906	0.01783	0.07443	0.11711	0.16931	0.05391	0.04095	0.06719	0.10405	0.02584	0.04426	0.08267	0.01878	0.01178	0.03736	0.00286	0.03418	0.00838	0.03014	0.00993
7	0.05407	0.09274	0.05873	0.04680	0.07531	0.20966	0.01461	0.06791	0.04249	0.07523	0.07669	0.02172	0.01771	0.03827	0.00993	0.00247	0.07436	0.00673	0.00499	0.00958
8	0.01023	0.00794	0.00936	0.00969	0.01149	0.00742	0.00718	0.01316	0.04423	0.02195	0.15248	0.19503	0.30185	0.06764	0.04770	0.00354	0.00537	0.07012	0.00695	0.00666
9	0.01129	0.00798	0.01122	0.01132	0.01271	0.00775	0.03319	0.01321	0.01484	0.05116	0.07262	0.36803	0.09872	0.09638	0.14753	0.00513	0.00812	0.01583	0.00628	0.00669
10	0.05128	0.05696	0.09780	0.02140	0.09646	0.01821	0.10770	0.13135	0.07161	0.09001	0.01901	0.05350	0.01525	0.01114	0.03758	0.00284	0.06672	0.00769	0.03284	0.01066
11	0.01657	0.19308	0.49267	0.02059	0.03044	0.02051	0.07893	0.02375	0.01604	0.02267	0.01308	0.01554	0.00980	0.00698	0.00684	0.00224	0.01066	0.00555	0.00327	0.01080
12	0.00939	0.00711	0.00884	0.00981	0.01101	0.00656	0.00688	0.01114	0.01557	0.02026	0.09161	0.44117	0.22962	0.02462	0.06570	0.00363	0.00548	0.01838	0.00689	0.00634
13	0.01891	0.05028	0.13877	0.10613	0.15085	0.06067	0.05135	0.07201	0.01826	0.09070	0.01997	0.12061	0.01789	0.03920	0.00897	0.00262	0.00896	0.00880	0.00497	0.01007
14	0.05136	0.10604	0.10378	0.01810	0.04757	0.08596	0.04237	0.17599	0.08577	0.07861	0.05105	0.02054	0.01605	0.01061	0.03380	0.00266	0.04660	0.00677	0.00561	0.01076
15	0.01188	0.03703	0.01077	0.00991	0.01155	0.00789	0.00712	0.01389	0.01688	0.06552	0.21708	0.30186	0.13486	0.10353	0.01249	0.00322	0.00473	0.01581	0.00711	0.00686
16	0.05336	0.02986	0.01615	0.04345	0.07422	0.01222	0.04117	0.01838	0.06820	0.05659	0.03051	0.15809	0.09929	0.08387	0.09032	0.02709	0.04632	0.03735	0.00556	0.00799

[dist]
# distance from previous block
# <min> <max>
3	8

[block]
# block no. 2 follows, 26 sequences, length 14
# corresponding to MSA columns:
# 512-525
name=unknown_C
#
# <colnr> <probs for GDERKNQSTAVLIFYWHMCP>
#	G	D	E	R	K	N	Q	S	T	A	V	L	I	F	Y	W	H	M	C	P
0	0.01175	0.01037	0.04590	0.01382	0.07446	0.00886	0.00962	0.04038	0.01787	0.02445	0.19123	0.29739	0.15421	0.01737	0.00877	0.00263	0.00500	0.01534	0.04304	0.00755
1	0.01688	0.01663	0.08001	0.01780	0.02153	0.01611	0.11529	0.14730	0.01894	0.02622	0.05765	0.09370	0.02247	0.10627	0.05510	0.00387	0.12767	0.04238	0.00528	0.00890
2	0.04680	0.01007	0.01240	0.01132	0.01377	0.00987	0.03109	0.07507	0.03959	0.07503	0.15744	0.19963	0.14046	0.12710	0.01326	0.00334	0.00555	0.01360	0.00694	0.00769
3	0.13169	0.14180	0.02280	0.01628	0.02121	0.33856	0.01312	0.11509	0.02130	0.09159	0.01408	0.01508	0.01088	0.00783	0.00641	0.00204	0.01026	0.00518	0.00496	0.00984
4	0.01988	0.10477	0.14453	0.08781	0.14233	0.09657	0.01831	0.14173	0.02004	0.02616	0.01643	0.08206	0.01447	0.00931	0.00812	0.00233	0.04282	0.00740	0.00458	0.01037
5	0.05005	0.23792	0.08758	0.01590	0.02158	0.08577	0.01455	0.14824	0.10226	0.07411	0.01732	0.01964	0.01380	0.00877	0.00766	0.00221	0.04865	0.02801	0.00531	0.01066
6	0.01132	0.00798	0.01037	0.01260	0.07219	0.00764	0.00778	0.01334	0.01514	0.02155	0.06235	0.35698	0.09687	0.10626	0.01211	0.00320	0.00494	0.01527	0.15536	0.00674
7	0.02239	0.08237	0.02504	0.11179	0.06547	0.13848	0.07384	0.21820	0.08966	0.02980	0.01992	0.02153	0.05045	0.00877	0.00744	0.00227	0.00943	0.00713	0.00544	0.01058
8	0.01533	0.10708	0.07543	0.07499	0.07828	0.01516	0.02955	0.02023	0.08003	0.04931	0.02553	0.17228	0.04678	0.07396	0.03939	0.00335	0.04812	0.03125	0.00520	0.00875
9	0.01121	0.00782	0.00956	0.00965	0.01152	0.00707	0.00717	0.01360	0.01793	0.05693	0.24930	0.19206	0.24819	0.05974	0.01086	0.00295	0.00446	0.06571	0.00742	0.00686
10	0.01752	0.02035	0.13540	0.19950	0.34002	0.01797	0.02214	0.04884	0.07744	0.02489	0.01565	0.01953	0.01222	0.00745	0.00750	0.00237	0.00933	0.00674	0.00409	0.01105
11	0.01063	0.00729	0.00891	0.00956	0.01052	0.00695	0.00664	0.01242	0.01530	0.02107	0.13076	0.27570	0.10042	0.19802	0.01639	0.00391	0.00512	0.07222	0.08206	0.00610
12	0.02024	0.01928	0.10912	0.01784	0.05678	0.01716	0.05306	0.28280	0.05185	0.03492	0.10953	0.02684	0.04937	0.01129	0.02999	0.00259	0.00810	0.00814	0.05177	0.03932
13	0.04600	0.01492	0.03834	0.05057	0.07003	0.07459	0.01233	0.03864	0.13952	0.02443	0.08729	0.16954	0.05510	0.01762	0.07328	0.00350	0.04554	0.02410	0.00590	0.00877

[dist]
# distance from previous block
# <min> <max>
0	1

[block]
# block no. 3 follows, 26 sequences, length 8
# corresponding to MSA columns:
# 527-534
name=unknown_D
#
# <colnr> <probs for GDERKNQSTAVLIFYWHMCP>
#	G	D	E	R	K	N	Q	S	T	A	V	L	I	F	Y	W	H	M	C	P
0	0.11260	0.33158	0.02449	0.01215	0.01628	0.08676	0.01023	0.05576	0.01557	0.02067	0.01493	0.02343	0.01485	0.21564	0.01488	0.00343	0.00817	0.00630	0.00412	0.00816
1	0.01873	0.04019	0.05446	0.01589	0.05769	0.03279	0.06014	0.12116	0.04569	0.11422	0.14182	0.03784	0.16619	0.01181	0.00797	0.00235	0.00670	0.01004	0.04464	0.00968
2	0.12972	0.04637	0.08540	0.01731	0.02254	0.05231	0.08000	0.15359	0.05526	0.11135	0.01726	0.01906	0.01291	0.01044	0.03318	0.00276	0.09579	0.00657	0.03773	0.01043
3	0.13354	0.05864	0.01524	0.07121	0.01792	0.06866	0.01031	0.03693	0.06177	0.02446	0.12074	0.07362	0.12220	0.07614	0.01133	0.00291	0.05111	0.02968	0.00568	0.00789
4	0.01642	0.08551	0.15425	0.20105	0.08076	0.05090	0.01811	0.02432	0.13329	0.02335	0.05586	0.02475	0.05716	0.00917	0.00799	0.00240	0.03279	0.00745	0.00465	0.00982
5	0.01574	0.05092	0.07483	0.01930	0.05769	0.05633	0.16981	0.01955	0.01747	0.06241	0.11526	0.24885	0.03210	0.01350	0.00856	0.00258	0.00800	0.01265	0.00572	0.00874
6	0.01712	0.01856	0.06736	0.02491	0.12338	0.02141	0.08018	0.02147	0.05881	0.02111	0.01279	0.01807	0.01130	0.01104	0.01845	0.00298	0.45090	0.00695	0.00373	0.00948
7	0.01518	0.01423	0.05336	0.11141	0.11480	0.01347	0.04834	0.08184	0.01697	0.02344	0.02265	0.06242	0.06761	0.08220	0.14435	0.00461	0.01042	0.00863	0.00470	0.09937

[dist]
# distance from previous block
# <min> <max>
6	18

[block]
# block no. 4 follows, 26 sequences, length 12
# corresponding to MSA columns:
# 553-564
name=unknown_E
#
# <colnr> <probs for GDERKNQSTAVLIFYWHMCP>
#	G	D	E	R	K	N	Q	S	T	A	V	L	I	F	Y	W	H	M	C	P
0	0.01128	0.00749	0.00953	0.00964	0.01059	0.00706	0.00644	0.01132	0.01267	0.01698	0.03013	0.21358	0.09627	0.20121	0.05532	0.21258	0.00653	0.01239	0.00509	0.06388
1	0.01836	0.01814	0.06301	0.15810	0.18253	0.03822	0.11339	0.08450	0.06284	0.04372	0.04937	0.04253	0.01636	0.00830	0.00772	0.00232	0.00906	0.00772	0.00483	0.06899
2	0.01028	0.00791	0.00954	0.00922	0.01135	0.00696	0.00683	0.01302	0.01886	0.02548	0.36683	0.15515	0.25069	0.01722	0.00886	0.00246	0.00390	0.01498	0.00754	0.05291
3	0.01392	0.01024	0.01185	0.01112	0.01377	0.01023	0.00840	0.06179	0.13863	0.06060	0.23909	0.17229	0.18597	0.01613	0.00870	0.00257	0.00469	0.01394	0.00771	0.00836
4	0.02340	0.10929	0.10027	0.02056	0.04903	0.12045	0.10081	0.27161	0.02435	0.03136	0.01506	0.01721	0.01156	0.00961	0.02940	0.00255	0.04094	0.00640	0.00515	0.01098
5	0.02074	0.01728	0.01924	0.01627	0.01917	0.08496	0.01313	0.17345	0.05760	0.07941	0.14270	0.02619	0.02410	0.01354	0.04213	0.00302	0.22318	0.00810	0.00608	0.00971
6	0.02182	0.40169	0.09417	0.01644	0.02311	0.05865	0.05768	0.16207	0.05306	0.02604	0.01387	0.01525	0.01120	0.00737	0.00618	0.00196	0.00892	0.00539	0.00447	0.01065
7	0.00973	0.00696	0.00931	0.01075	0.01150	0.00654	0.00755	0.01156	0.01573	0.02116	0.12753	0.57705	0.05242	0.02239	0.00966	0.00303	0.00454	0.07903	0.00721	0.00637
8	0.08159	0.01358	0.01534	0.01113	0.01769	0.01070	0.00892	0.01937	0.01549	0.02551	0.01323	0.01544	0.01098	0.00574	0.00554	0.00123	0.00564	0.00446	0.00451	0.71391
9	0.01818	0.16597	0.26279	0.01927	0.04732	0.01937	0.07326	0.09678	0.01811	0.05130	0.01690	0.07302	0.01443	0.01208	0.05406	0.00297	0.03213	0.00730	0.00440	0.01035
10	0.01518	0.04349	0.07150	0.01475	0.04124	0.01218	0.05999	0.06028	0.01741	0.06137	0.05192	0.22247	0.09397	0.01404	0.00894	0.00251	0.04875	0.01206	0.13954	0.00841
11	0.04929	0.01402	0.01736	0.01601	0.06969	0.05767	0.06539	0.06049	0.03379	0.05898	0.13333	0.09677	0.09283	0.05457	0.00958	0.00251	0.00675	0.01006	0.00599	0.14493

[dist]
# distance from previous block
# <min> <max>
1	9

[block]
# block no. 5 follows, 26 sequences, length 41
# corresponding to MSA columns:
# 574-588,591-616
name=unknown_F
#
# <colnr> <probs for GDERKNQSTAVLIFYWHMCP>
#	G	D	E	R	K	N	Q	S	T	A	V	L	I	F	Y	W	H	M	C	P
0	0.04163	0.01427	0.04437	0.01341	0.01704	0.04829	0.03604	0.09272	0.06475	0.06111	0.09944	0.06337	0.16588	0.04501	0.09952	0.00387	0.03511	0.01028	0.00617	0.03773
1	0.04513	0.04125	0.01947	0.06389	0.02230	0.08083	0.01294	0.26489	0.11199	0.11032	0.02400	0.05065	0.04121	0.03773	0.00880	0.00258	0.00795	0.03647	0.00679	0.01081
2	0.05336	0.02324	0.05481	0.01686	0.02207	0.17210	0.01392	0.26530	0.18667	0.05920	0.02003	0.01999	0.01483	0.00894	0.00725	0.00227	0.00878	0.00670	0.03236	0.01131
3	0.00975	0.00741	0.00903	0.00983	0.01122	0.00657	0.00677	0.01130	0.01511	0.01982	0.04716	0.48852	0.19616	0.05370	0.01053	0.00301	0.00449	0.01848	0.00674	0.06441
4	0.04754	0.05422	0.06733	0.11354	0.14150	0.07208	0.04204	0.11749	0.11541	0.07491	0.01898	0.02227	0.01471	0.00854	0.00735	0.00234	0.00869	0.02767	0.03263	0.01077
5	0.01918	0.13287	0.13764	0.07473	0.05826	0.01645	0.04439	0.05444	0.04160	0.13449	0.07664	0.02709	0.06004	0.05080	0.00907	0.00252	0.00795	0.00775	0.00547	0.03861
6	0.01687	0.00996	0.01251	0.01137	0.01402	0.00970	0.00882	0.01889	0.01705	0.20108	0.04675	0.16137	0.26686	0.05378	0.01214	0.00296	0.08722	0.03326	0.00712	0.00826
7	0.01355	0.00945	0.01234	0.05932	0.01613	0.00996	0.00953	0.01841	0.09379	0.07082	0.07999	0.15074	0.09396	0.05697	0.18347	0.00525	0.00925	0.05309	0.04620	0.00779
8	0.04893	0.12778	0.06521	0.08086	0.14248	0.11911	0.15412	0.05597	0.06356	0.02400	0.01454	0.01771	0.01157	0.00749	0.00786	0.00228	0.03561	0.00652	0.00414	0.01027
9	0.01781	0.01594	0.05076	0.05156	0.23137	0.01530	0.07707	0.09012	0.07287	0.05933	0.07747	0.13551	0.02517	0.01133	0.00824	0.00252	0.00782	0.03375	0.00574	0.01032
10	0.01070	0.00728	0.00864	0.00894	0.00912	0.00729	0.00536	0.01112	0.01172	0.01572	0.02678	0.16699	0.03093	0.56236	0.07968	0.00694	0.00774	0.01267	0.00499	0.00502
11	0.01449	0.01515	0.06696	0.13428	0.11600	0.04621	0.08176	0.01931	0.04703	0.02352	0.12001	0.16305	0.06290	0.01234	0.00823	0.00251	0.00766	0.01121	0.03867	0.00871
12	0.07970	0.10578	0.06588	0.05081	0.16318	0.14038	0.11542	0.02357	0.01720	0.04490	0.03911	0.03991	0.01431	0.00872	0.00851	0.02695	0.03489	0.00690	0.00419	0.00968
13	0.01445	0.01339	0.02272	0.04324	0.04494	0.01354	0.20157	0.05494	0.04435	0.02373	0.07780	0.16439	0.09769	0.04347	0.06670	0.00361	0.04345	0.01206	0.00550	0.00846
14	0.00990	0.00734	0.00923	0.00955	0.01102	0.00668	0.00686	0.01239	0.01831	0.02479	0.35036	0.29039	0.17723	0.01903	0.00920	0.00266	0.00391	0.01684	0.00766	0.00668
15	0.01874	0.13322	0.36086	0.02283	0.09157	0.10896	0.06486	0.04620	0.04101	0.02359	0.01388	0.01624	0.01060	0.00726	0.00700	0.00223	0.01071	0.00577	0.00370	0.01078
16	0.04402	0.12990	0.10624	0.05068	0.02395	0.01853	0.08846	0.14483	0.04675	0.04924	0.02269	0.12163	0.04716	0.01111	0.00842	0.00246	0.04068	0.02796	0.00540	0.00988
17	0.00940	0.00667	0.00875	0.01036	0.01076	0.00627	0.00682	0.01060	0.01421	0.01895	0.04021	0.66780	0.04815	0.08720	0.01227	0.00346	0.00466	0.02062	0.00682	0.00602
18	0.01798	0.05919	0.24079	0.08995	0.05584	0.04710	0.16740	0.06994	0.01832	0.05674	0.01943	0.06151	0.04395	0.00878	0.00780	0.00242	0.01017	0.00801	0.00444	0.01026
19	0.01720	0.09514	0.13266	0.06863	0.06673	0.04785	0.01455	0.02121	0.01603	0.05436	0.01570	0.02147	0.01350	0.06797	0.00916	0.00227	0.00800	0.02648	0.00431	0.29676
20	0.01194	0.00806	0.00948	0.00923	0.01017	0.00799	0.00601	0.03196	0.01386	0.03950	0.07851	0.08179	0.10323	0.45684	0.09421	0.00641	0.00780	0.01177	0.00545	0.00579
21	0.01208	0.00719	0.01031	0.01031	0.01072	0.00761	0.00713	0.01121	0.01079	0.01480	0.01724	0.02977	0.01747	0.15932	0.23786	0.40908	0.01093	0.00784	0.00376	0.00459
22	0.02010	0.10988	0.23062	0.04364	0.05899	0.08617	0.07270	0.11946	0.04967	0.05143	0.01827	0.02003	0.04403	0.00840	0.00787	0.00230	0.03445	0.00666	0.00464	0.01068
23	0.01866	0.02148	0.07610	0.01874	0.04569	0.19797	0.11153	0.07264	0.04250	0.02547	0.15731	0.09083	0.06574	0.01133	0.00811	0.00236	0.00905	0.00982	0.00562	0.00905
24	0.01018	0.00700	0.00894	0.01013	0.01074	0.00669	0.00688	0.01166	0.01452	0.01982	0.07052	0.47302	0.04467	0.15832	0.01500	0.00382	0.00508	0.06613	0.05086	0.00603
25	0.02164	0.12562	0.08947	0.09368	0.11378	0.07217	0.01674	0.10636	0.07798	0.11006	0.01876	0.02299	0.01490	0.00899	0.00793	0.00234	0.03547	0.04505	0.00533	0.01075
26	0.01699	0.17505	0.21757	0.01910	0.04975	0.01922	0.08991	0.04740	0.12989	0.02428	0.02037	0.12029	0.01822	0.00992	0.00738	0.00237	0.00867	0.00855	0.00479	0.01029
27	0.00943	0.00751	0.00826	0.00858	0.01048	0.00658	0.00621	0.01125	0.01659	0.02058	0.10727	0.18221	0.45416	0.08013	0.01164	0.00308	0.00433	0.03851	0.00693	0.00628
28	0.01999	0.69778	0.07741	0.01348	0.02024	0.02930	0.01384	0.02279	0.01545	0.01820	0.01072	0.01239	0.00973	0.00653	0.00500	0.00167	0.00829	0.00414	0.00324	0.00982
29	0.04608	0.05564	0.29564	0.12327	0.06524	0.04494	0.12391	0.08541	0.01808	0.02546	0.01391	0.01732	0.01039	0.00750	0.00802	0.00241	0.03602	0.00637	0.00387	0.01049
30	0.01808	0.01895	0.04120	0.01891	0.08146	0.18902	0.06968	0.07576	0.01858	0.02291	0.02365	0.23732	0.02438	0.04244	0.04287	0.00311	0.00936	0.01123	0.04258	0.00851
31	0.01463	0.00802	0.00811	0.00793	0.00996	0.00829	0.00599	0.02001	0.08365	0.02863	0.02538	0.02828	0.01982	0.00899	0.00555	0.00185	0.00379	0.00723	0.69631	0.00758
32	0.04287	0.03628	0.01517	0.01295	0.01448	0.01221	0.03335	0.04602	0.04476	0.01881	0.01820	0.02505	0.04858	0.02540	0.12956	0.36116	0.09752	0.00734	0.00411	0.00618
33	0.01074	0.00775	0.01014	0.00954	0.01133	0.00716	0.00716	0.01431	0.02147	0.03042	0.68211	0.05666	0.07157	0.01551	0.00895	0.00239	0.00358	0.01372	0.00835	0.00716
34	0.00975	0.00747	0.00897	0.00933	0.01105	0.00669	0.00685	0.01212	0.01789	0.02343	0.25678	0.23967	0.29391	0.01932	0.00922	0.00269	0.00406	0.04674	0.00745	0.00661
35	0.01869	0.47504	0.12972	0.01772	0.02484	0.02528	0.13860	0.02271	0.01594	0.01999	0.01313	0.04271	0.01166	0.00726	0.00616	0.00197	0.00929	0.00590	0.00350	0.00989
36	0.01573	0.01348	0.01573	0.01123	0.01798	0.01011	0.00899	0.01910	0.01573	0.02472	0.01348	0.01573	0.01123	0.00562	0.00562	0.00112	0.00562	0.00449	0.00449	0.77980
37	0.01843	0.06535	0.07205	0.01532	0.02001	0.01526	0.06390	0.13796	0.09435	0.08661	0.07306	0.13382	0.05654	0.01597	0.06894	0.00328	0.00829	0.01019	0.00636	0.03431
38	0.01932	0.02332	0.11989	0.05183	0.04816	0.17167	0.01569	0.06058	0.06802	0.02401	0.03862	0.03623	0.01458	0.00890	0.00944	0.00218	0.10674	0.00644	0.00455	0.16984
39	0.01537	0.01223	0.01438	0.01079	0.01652	0.00946	0.00856	0.01859	0.01680	0.05699	0.09366	0.02659	0.08761	0.00828	0.00642	0.00147	0.00525	0.00684	0.00541	0.57878
40	0.01926	0.10064	0.02684	0.08699	0.14373	0.04157	0.10465	0.07733	0.23972	0.02751	0.04125	0.02261	0.01718	0.00844	0.00751	0.00235	0.00844	0.00753	0.00546	0.01098

[dist]
# distance from previous block
# <min> <max>
0	1

[block]
# block no. 6 follows, 26 sequences, length 11
# corresponding to MSA columns:
# 618-628
name=unknown_G
#
# <colnr> <probs for GDERKNQSTAVLIFYWHMCP>
#	G	D	E	R	K	N	Q	S	T	A	V	L	I	F	Y	W	H	M	C	P
0	0.01703	0.01472	0.01899	0.13431	0.11000	0.01572	0.01394	0.05894	0.24569	0.02654	0.02154	0.04571	0.01767	0.04295	0.03949	0.00289	0.00776	0.00769	0.00556	0.15286
1	0.06053	0.01612	0.02465	0.12785	0.36738	0.01726	0.01878	0.08329	0.01804	0.04992	0.01561	0.01984	0.01256	0.01024	0.04400	0.00284	0.04414	0.00673	0.04954	0.01068
2	0.01803	0.25864	0.07881	0.01630	0.02001	0.02326	0.01491	0.05513	0.05348	0.02143	0.01432	0.05106	0.01317	0.01045	0.01329	0.00250	0.28044	0.00657	0.03889	0.00930
3	0.08114	0.08096	0.01737	0.01532	0.05092	0.16542	0.01133	0.04723	0.08486	0.02468	0.08311	0.15868	0.02780	0.01274	0.00759	0.00242	0.00755	0.06474	0.04753	0.00859
4	0.01315	0.00948	0.01284	0.01228	0.01362	0.01086	0.00925	0.04350	0.07003	0.01900	0.01940	0.02881	0.01813	0.10290	0.37367	0.17168	0.05240	0.00797	0.00438	0.00665
5	0.01432	0.01348	0.02275	0.71520	0.05224	0.01685	0.02107	0.01938	0.01517	0.01938	0.01348	0.02022	0.01011	0.00758	0.00758	0.00253	0.01011	0.00674	0.00337	0.00843
6	0.01289	0.01149	0.01796	0.37371	0.09196	0.01291	0.01568	0.01677	0.01622	0.02106	0.08154	0.11669	0.12913	0.01247	0.00828	0.00260	0.00769	0.03797	0.00498	0.00799
7	0.00958	0.00759	0.00786	0.00786	0.00966	0.00669	0.00541	0.01093	0.01542	0.01877	0.06104	0.06603	0.48748	0.23229	0.01781	0.00399	0.00489	0.01452	0.00631	0.00586
8	0.01539	0.01237	0.01717	0.02002	0.17572	0.03108	0.01228	0.01782	0.01595	0.05161	0.11091	0.06283	0.04614	0.06834	0.06612	0.08070	0.04801	0.03332	0.00512	0.10910
9	0.00954	0.00702	0.00881	0.00986	0.01075	0.00657	0.00671	0.01103	0.01487	0.01953	0.07656	0.46834	0.16014	0.09668	0.05303	0.00392	0.00549	0.01833	0.00668	0.00613
10	0.07287	0.16416	0.02609	0.07554	0.16151	0.07910	0.01564	0.18438	0.07067	0.02957	0.03982	0.01866	0.01422	0.00805	0.00683	0.00216	0.00851	0.00629	0.00513	0.01080

[dist]
# distance from previous block
# <min> <max>
1	15

[block]
# block no. 7 follows, 26 sequences, length 9
# corresponding to MSA columns:
# 644-652
name=unknown_H
#
# <colnr> <probs for GDERKNQSTAVLIFYWHMCP>
#	G	D	E	R	K	N	Q	S	T	A	V	L	I	F	Y	W	H	M	C	P
0	0.02064	0.04539	0.07272	0.25581	0.08778	0.09575	0.01792	0.15969	0.07039	0.05361	0.01643	0.01946	0.01237	0.00954	0.02806	0.00263	0.00991	0.00659	0.00493	0.01037
1	0.01080	0.00789	0.00995	0.01015	0.01144	0.00763	0.00716	0.01442	0.06184	0.02497	0.34536	0.28419	0.05606	0.09803	0.01242	0.00319	0.00444	0.01576	0.00744	0.00686
2	0.01963	0.01412	0.01604	0.01373	0.01693	0.01543	0.01062	0.29527	0.07120	0.03099	0.02161	0.03224	0.01966	0.17439	0.08203	0.08934	0.00879	0.05290	0.00610	0.00898
3	0.01337	0.00810	0.01047	0.01054	0.01250	0.00734	0.00782	0.01571	0.01787	0.12036	0.20178	0.32244	0.14396	0.01879	0.00915	0.00275	0.00459	0.05727	0.00770	0.00748
4	0.01645	0.01507	0.02371	0.02635	0.22760	0.01599	0.09572	0.06790	0.03619	0.02408	0.02516	0.08834	0.08158	0.05565	0.01271	0.00296	0.11409	0.05600	0.00497	0.00948
5	0.00966	0.00736	0.00870	0.00906	0.01060	0.00660	0.00641	0.01170	0.01710	0.02231	0.22059	0.25904	0.28834	0.07363	0.01141	0.00303	0.00420	0.01666	0.00720	0.00639
6	0.01879	0.01999	0.12138	0.01927	0.07382	0.01820	0.04716	0.11405	0.35217	0.03124	0.05570	0.02711	0.04731	0.00980	0.00777	0.00247	0.00746	0.00831	0.00653	0.01147
7	0.00996	0.00729	0.00862	0.00896	0.01026	0.00664	0.00617	0.01131	0.01572	0.02035	0.15330	0.22616	0.27006	0.13792	0.01550	0.05901	0.00471	0.01553	0.00658	0.00595
8	0.02334	0.30483	0.02850	0.01688	0.04800	0.14967	0.01387	0.08729	0.09061	0.08561	0.01562	0.01669	0.01246	0.00824	0.00782	0.00208	0.06760	0.00562	0.00487	0.01038

[dist]
# distance from previous block
# <min> <max>
3	6

[block]
# block no. 8 follows, 26 sequences, length 11
# corresponding to MSA columns:
# 660-670
name=unknown_I
#
# <colnr> <probs for GDERKNQSTAVLIFYWHMCP>
#	G	D	E	R	K	N	Q	S	T	A	V	L	I	F	Y	W	H	M	C	P
0	0.06912	0.06547	0.05749	0.03356	0.03646	0.03812	0.01256	0.11428	0.04413	0.21379	0.10806	0.06809	0.04879	0.01093	0.00840	0.00239	0.04240	0.00869	0.00687	0.01039
1	0.01917	0.01289	0.01606	0.06839	0.01983	0.01361	0.01158	0.15093	0.06257	0.12644	0.02830	0.15961	0.04885	0.01599	0.05116	0.00314	0.04286	0.05771	0.03571	0.05520
2	0.01487	0.01272	0.01672	0.01477	0.05497	0.01091	0.04390	0.01946	0.05496	0.02465	0.04898	0.03612	0.06288	0.01032	0.00733	0.00196	0.00629	0.13375	0.00542	0.41902
3	0.02188	0.21764	0.13821	0.01822	0.06282	0.16653	0.01604	0.12380	0.02091	0.04789	0.08182	0.01947	0.01696	0.00833	0.00677	0.00207	0.00939	0.00619	0.00481	0.01026
4	0.00980	0.00747	0.00885	0.00920	0.01083	0.00673	0.00666	0.01194	0.01725	0.02245	0.21857	0.22184	0.29520	0.07358	0.01145	0.00305	0.00433	0.04719	0.00719	0.00643
5	0.04567	0.01781	0.02814	0.05241	0.28172	0.06107	0.15504	0.02431	0.05138	0.06806	0.05679	0.02241	0.01651	0.01067	0.04690	0.00293	0.03533	0.00766	0.00466	0.01052
6	0.01025	0.00722	0.00846	0.00889	0.00947	0.00689	0.00557	0.01110	0.01349	0.01775	0.07836	0.23522	0.12522	0.40014	0.02492	0.00524	0.00584	0.01470	0.00583	0.00543
7	0.01108	0.00857	0.01097	0.01073	0.01255	0.00818	0.03058	0.04565	0.01691	0.02216	0.12464	0.25259	0.22283	0.09913	0.06501	0.00395	0.00625	0.03485	0.00662	0.00675
8	0.78701	0.01467	0.01115	0.00997	0.01467	0.01702	0.00821	0.02230	0.01291	0.03403	0.01056	0.01232	0.00821	0.00704	0.00469	0.00235	0.00587	0.00411	0.00469	0.00821
9	0.02203	0.01596	0.02061	0.01546	0.02153	0.01509	0.08450	0.19869	0.04993	0.12091	0.01878	0.01978	0.01386	0.00761	0.00687	0.00188	0.00715	0.00643	0.06453	0.28841
10	0.04537	0.15794	0.09511	0.01823	0.06253	0.04852	0.06324	0.06400	0.21638	0.06575	0.04701	0.02363	0.04219	0.00893	0.00714	0.00228	0.00795	0.00733	0.00568	0.01080

[dist]
# distance from previous block
# <min> <max>
0	3

[block]
# block no. 9 follows, 26 sequences, length 8
# corresponding to MSA columns:
# 674-681
name=unknown_J
#
# <colnr> <probs for GDERKNQSTAVLIFYWHMCP>
#	G	D	E	R	K	N	Q	S	T	A	V	L	I	F	Y	W	H	M	C	P
0	0.05622	0.06717	0.24277	0.01923	0.05060	0.05518	0.07938	0.04177	0.03809	0.10005	0.05667	0.02385	0.05748	0.01058	0.03026	0.00270	0.04552	0.00735	0.00492	0.01023
1	0.01950	0.02008	0.10769	0.08953	0.16080	0.06819	0.07437	0.05781	0.01805	0.08974	0.01656	0.04255	0.01328	0.00920	0.02541	0.00244	0.03441	0.00690	0.00465	0.13885
2	0.01367	0.01014	0.01515	0.01487	0.04521	0.01068	0.05815	0.01597	0.03465	0.05636	0.02615	0.20821	0.02764	0.15064	0.11552	0.06904	0.06999	0.04555	0.00532	0.00709
3	0.01557	0.01641	0.06543	0.38983	0.15458	0.01716	0.08111	0.02143	0.05110	0.02168	0.01603	0.05594	0.01327	0.00851	0.00853	0.00254	0.03979	0.00773	0.00389	0.00946
4	0.01823	0.13267	0.23975	0.09074	0.06817	0.04611	0.01879	0.04735	0.01673	0.06048	0.01513	0.01811	0.01169	0.00817	0.00858	0.00228	0.08460	0.00598	0.09644	0.01001
5	0.01549	0.01522	0.07757	0.06035	0.12438	0.03873	0.03502	0.05902	0.03596	0.06093	0.08254	0.13977	0.19686	0.01361	0.00832	0.00251	0.00692	0.01182	0.00601	0.00899
6	0.01030	0.00783	0.01046	0.01095	0.01193	0.00813	0.00792	0.01224	0.01488	0.02030	0.12468	0.34556	0.10363	0.06343	0.16345	0.00515	0.05083	0.01562	0.00623	0.00651
7	0.02349	0.07781	0.06514	0.01868	0.02416	0.16020	0.10411	0.21599	0.06453	0.06610	0.01863	0.05910	0.01533	0.04179	0.00892	0.00250	0.00970	0.00761	0.00565	0.01053

[dist]
# distance from previous block
# <min> <max>
5	7

[block]
# block no. 10 follows, 26 sequences, length 17
# corresponding to MSA columns:
# 692-695,708-720
name=unknown_K
#
# <colnr> <probs for GDERKNQSTAVLIFYWHMCP>
#	G	D	E	R	K	N	Q	S	T	A	V	L	I	F	Y	W	H	M	C	P
0	0.01318	0.00659	0.00988	0.00988	0.00988	0.00659	0.00659	0.00988	0.00988	0.01318	0.01318	0.02306	0.01318	0.02635	0.02964	0.77931	0.00659	0.00659	0.00329	0.00329
1	0.02269	0.43015	0.09037	0.01590	0.02203	0.22225	0.01486	0.06507	0.01849	0.02047	0.01163	0.01332	0.00993	0.00710	0.00581	0.00183	0.01000	0.00460	0.00370	0.00979
2	0.01978	0.06373	0.07654	0.04942	0.02255	0.07695	0.04423	0.10040	0.01910	0.09034	0.02066	0.06707	0.05247	0.00940	0.00823	0.00209	0.05465	0.00742	0.00526	0.20972
3	0.05567	0.25938	0.22193	0.06388	0.10651	0.07078	0.01874	0.04844	0.01700	0.02270	0.01515	0.01741	0.03733	0.00754	0.00644	0.00210	0.00937	0.00566	0.00375	0.01021
4	0.06630	0.08828	0.07346	0.04280	0.08163	0.10289	0.01322	0.08796	0.03728	0.02581	0.02141	0.14270	0.02018	0.01101	0.00709	0.00230	0.00764	0.02864	0.13035	0.00907
5	0.16604	0.25214	0.02571	0.01518	0.02058	0.19718	0.01287	0.17925	0.02141	0.02828	0.01271	0.01405	0.01023	0.00756	0.00600	0.00200	0.00917	0.00495	0.00473	0.00998
6	0.01000	0.00758	0.00893	0.00907	0.01075	0.00686	0.00659	0.01221	0.01747	0.02285	0.25319	0.15001	0.29144	0.10835	0.01286	0.00323	0.00445	0.05061	0.00714	0.00641
7	0.01286	0.00955	0.01246	0.01205	0.01335	0.01043	0.00901	0.04022	0.01564	0.05331	0.09893	0.26856	0.10192	0.08570	0.10628	0.00451	0.11803	0.01392	0.00612	0.00716
8	0.01934	0.11227	0.24088	0.02542	0.16189	0.07108	0.07867	0.08137	0.08890	0.02595	0.01565	0.01786	0.01204	0.00750	0.00721	0.00227	0.00991	0.00633	0.00430	0.01116
9	0.02637	0.03661	0.12219	0.01985	0.02485	0.60038	0.01666	0.02935	0.02067	0.01938	0.01201	0.01403	0.00975	0.00772	0.00689	0.00202	0.01331	0.00499	0.00380	0.00916
10	0.01014	0.00774	0.00944	0.01055	0.01180	0.00742	0.00742	0.01342	0.07244	0.02079	0.04777	0.51170	0.17361	0.02157	0.00940	0.00295	0.00453	0.04346	0.00710	0.00675
11	0.01323	0.01032	0.01480	0.05010	0.08079	0.01041	0.03677	0.07636	0.01746	0.02361	0.03362	0.41290	0.03742	0.01831	0.00910	0.00289	0.00618	0.10457	0.03335	0.00779
12	0.01700	0.01648	0.04634	0.18520	0.15879	0.06241	0.04712	0.10004	0.01892	0.02468	0.04515	0.08221	0.06993	0.05604	0.00994	0.00278	0.00866	0.03408	0.00498	0.00925
13	0.00968	0.00737	0.00895	0.00964	0.01118	0.00665	0.00704	0.01182	0.01707	0.02218	0.17897	0.31965	0.27182	0.02035	0.00935	0.00280	0.00426	0.06741	0.00729	0.00651
14	0.00983	0.00685	0.00863	0.00981	0.01011	0.00655	0.00624	0.01072	0.01338	0.01783	0.03593	0.50558	0.04275	0.25679	0.01918	0.00448	0.00537	0.01810	0.00624	0.00565
15	0.13568	0.23572	0.12642	0.01615	0.02225	0.14595	0.06084	0.06390	0.01773	0.02459	0.01330	0.01544	0.01068	0.00729	0.00606	0.00203	0.00920	0.00524	0.07199	0.00955
16	0.01014	0.00794	0.00929	0.01003	0.01160	0.00751	0.00710	0.01369	0.07929	0.02137	0.07751	0.41563	0.25974	0.02062	0.00922	0.00283	0.00434	0.01815	0.00716	0.00685

[dist]
# distance from previous block
# <min> <max>
0	1

[block]
# block no. 11 follows, 26 sequences, length 8
# corresponding to MSA columns:
# 722-729
name=unknown_L
#
# <colnr> <probs for GDERKNQSTAVLIFYWHMCP>
#	G	D	E	R	K	N	Q	S	T	A	V	L	I	F	Y	W	H	M	C	P
0	0.05071	0.05207	0.22117	0.01963	0.09224	0.01611	0.04134	0.07782	0.06545	0.09155	0.02118	0.02452	0.04685	0.05799	0.08495	0.00373	0.00999	0.00735	0.00503	0.01032
1	0.01067	0.00730	0.00828	0.00846	0.00872	0.00715	0.00494	0.01097	0.01191	0.01567	0.03016	0.12127	0.08461	0.60097	0.03316	0.00651	0.00676	0.01253	0.00505	0.00491
2	0.01789	0.01401	0.01636	0.01184	0.01847	0.01116	0.00953	0.06703	0.01758	0.07048	0.01491	0.01658	0.01185	0.00612	0.00589	0.00129	0.00587	0.00487	0.00504	0.67323
3	0.01904	0.01896	0.05105	0.05051	0.06617	0.12230	0.16035	0.08206	0.02008	0.05334	0.05093	0.03998	0.02365	0.01181	0.00868	0.00267	0.00973	0.19385	0.00551	0.00935
4	0.01909	0.06039	0.02732	0.10975	0.19987	0.01659	0.12485	0.04566	0.04108	0.08051	0.01598	0.01903	0.01237	0.00694	0.00718	0.00205	0.00859	0.00657	0.00461	0.19155
5	0.01773	0.09800	0.05322	0.01510	0.04557	0.01488	0.03781	0.06582	0.07487	0.05069	0.02031	0.02526	0.04031	0.00844	0.00674	0.00185	0.00689	0.05846	0.00521	0.35284
6	0.03673	0.06427	0.14197	0.01955	0.12136	0.01528	0.01560	0.07661	0.06821	0.10584	0.02500	0.08243	0.05921	0.01113	0.00819	0.02304	0.00759	0.05207	0.00566	0.06026
7	0.01961	0.14083	0.06696	0.01642	0.05255	0.05989	0.03781	0.14734	0.08914	0.04476	0.04098	0.05210	0.08301	0.03687	0.00835	0.00234	0.00773	0.00803	0.00562	0.07969

[dist]
# distance from previous block
# <min> <max>
0	10

[block]
# block no. 12 follows, 26 sequences, length 15
# corresponding to MSA columns:
# 744-758
name=unknown_M
#
# <colnr> <probs for GDERKNQSTAVLIFYWHMCP>
#	G	D	E	R	K	N	Q	S	T	A	V	L	I	F	Y	W	H	M	C	P
0	0.01395	0.08986	0.11641	0.01478	0.05153	0.01283	0.01266	0.01821	0.04541	0.05027	0.13650	0.18166	0.11810	0.01489	0.00904	0.00260	0.03690	0.05986	0.00607	0.00846
1	0.01660	0.06500	0.04410	0.01237	0.01582	0.09500	0.00995	0.02089	0.07831	0.07985	0.14504	0.09467	0.09824	0.10549	0.01180	0.00295	0.00674	0.02890	0.00623	0.06204
2	0.15951	0.17889	0.17912	0.04237	0.02384	0.04285	0.04349	0.02424	0.03883	0.07379	0.01394	0.01596	0.01079	0.00763	0.00757	0.00220	0.06166	0.00541	0.00426	0.06365
3	0.02018	0.11232	0.15922	0.01900	0.05825	0.04186	0.08714	0.10013	0.04789	0.09330	0.03710	0.04484	0.01541	0.00821	0.00712	0.00212	0.00862	0.00694	0.00515	0.12517
4	0.21316	0.07519	0.14937	0.03973	0.04952	0.07895	0.06829	0.02133	0.01597	0.02489	0.02247	0.04776	0.10596	0.00927	0.00678	0.00228	0.00828	0.00736	0.00447	0.04896
5	0.01614	0.10074	0.29927	0.06479	0.02638	0.01795	0.04253	0.07488	0.01660	0.02311	0.01805	0.02347	0.04727	0.09059	0.03754	0.00332	0.07672	0.00707	0.00401	0.00956
6	0.01414	0.00707	0.00707	0.00707	0.00884	0.00707	0.00530	0.01767	0.01591	0.02828	0.02474	0.02828	0.01944	0.00884	0.00530	0.00177	0.00353	0.00707	0.77554	0.00707
7	0.15946	0.01827	0.01647	0.01404	0.01800	0.14447	0.01120	0.15682	0.02077	0.11368	0.01783	0.01957	0.01351	0.01118	0.04278	0.00272	0.05800	0.00618	0.14545	0.00961
8	0.00896	0.00768	0.00768	0.00768	0.01025	0.00640	0.00576	0.01089	0.01729	0.02049	0.07684	0.07300	0.68304	0.01921	0.00896	0.00256	0.00384	0.01601	0.00704	0.00640
9	0.01414	0.00707	0.00707	0.00707	0.00884	0.00707	0.00530	0.01767	0.01591	0.02828	0.02474	0.02828	0.01944	0.00884	0.00530	0.00177	0.00353	0.00707	0.77554	0.00707
10	0.01117	0.00753	0.00928	0.00967	0.01024	0.00769	0.00651	0.01236	0.01264	0.01749	0.02714	0.11915	0.02990	0.42655	0.12950	0.00680	0.00868	0.08335	0.05881	0.00553
11	0.02293	0.01660	0.01737	0.01443	0.01886	0.04727	0.01161	0.30451	0.13660	0.07905	0.07314	0.02736	0.02159	0.01015	0.00740	0.00228	0.00682	0.03098	0.14016	0.01091
12	0.01537	0.06708	0.07335	0.01411	0.01719	0.01395	0.01219	0.04126	0.07414	0.07183	0.05206	0.13017	0.02433	0.02734	0.23140	0.00570	0.08526	0.02928	0.00541	0.00859
13	0.01645	0.05798	0.15529	0.24583	0.11628	0.06509	0.10211	0.02214	0.03488	0.02183	0.01831	0.04790	0.04616	0.00849	0.00764	0.00241	0.01003	0.00762	0.00392	0.00964
14	0.01563	0.12605	0.01790	0.01296	0.01584	0.01369	0.03616	0.12435	0.01884	0.04667	0.06295	0.38267	0.03503	0.04361	0.00951	0.00279	0.00614	0.01452	0.00645	0.00825

[dist]
# distance from previous block
# <min> <max>
0	2

[block]
# block no. 13 follows, 26 sequences, length 10
# corresponding to MSA columns:
# 761-770
name=unknown_N
#
# <colnr> <probs for GDERKNQSTAVLIFYWHMCP>
#	G	D	E	R	K	N	Q	S	T	A	V	L	I	F	Y	W	H	M	C	P
0	0.04458	0.10850	0.11961	0.05210	0.02424	0.24761	0.05050	0.04328	0.07217	0.02286	0.06384	0.04797	0.01748	0.01119	0.03980	0.00267	0.01064	0.00699	0.00459	0.00935
1	0.32643	0.10980	0.13257	0.01441	0.02039	0.07012	0.05104	0.02210	0.01536	0.02660	0.01757	0.02100	0.05924	0.00837	0.00615	0.00224	0.00794	0.03064	0.00440	0.05362
2	0.07385	0.05445	0.27557	0.05755	0.14805	0.01904	0.08393	0.09922	0.06712	0.02780	0.01537	0.01789	0.01155	0.00747	0.00726	0.00236	0.00969	0.00639	0.00433	0.01111
3	0.01047	0.00793	0.00981	0.00993	0.01177	0.00705	0.00720	0.01275	0.01694	0.02297	0.21285	0.30278	0.16017	0.05111	0.01031	0.00283	0.00447	0.04725	0.00702	0.08441
4	0.01573	0.01348	0.01573	0.01123	0.01798	0.01011	0.00899	0.01910	0.01573	0.02472	0.01348	0.01573	0.01123	0.00562	0.00562	0.00112	0.00562	0.00449	0.00449	0.77980
5	0.01822	0.09171	0.08372	0.01679	0.02172	0.10044	0.09682	0.11792	0.05898	0.02624	0.08050	0.07150	0.13442	0.01148	0.00847	0.00238	0.03414	0.00956	0.00560	0.00939
6	0.01412	0.01624	0.11455	0.04952	0.18543	0.01246	0.04075	0.01851	0.01774	0.02486	0.16956	0.03624	0.14762	0.01087	0.00786	0.00224	0.00696	0.00959	0.00536	0.10954
7	0.01779	0.01206	0.01379	0.01198	0.01527	0.01216	0.00928	0.21455	0.02269	0.08293	0.11112	0.13071	0.20447	0.01619	0.01061	0.08079	0.00577	0.01201	0.00717	0.00868
8	0.01414	0.00707	0.00707	0.00707	0.00884	0.00707	0.00530	0.01767	0.01591	0.02828	0.02474	0.02828	0.01944	0.00884	0.00530	0.00177	0.00353	0.00707	0.77554	0.00707
9	0.08576	0.30359	0.06202	0.01886	0.05080	0.18778	0.09823	0.07015	0.01853	0.02289	0.01229	0.01450	0.01016	0.00707	0.00627	0.00199	0.01007	0.00528	0.00393	0.00983

[dist]
# distance from previous block
# <min> <max>
0	2

[block]
# block no. 14 follows, 26 sequences, length 18
# corresponding to MSA columns:
# 773-790
name=unknown_O
#
# <colnr> <probs for GDERKNQSTAVLIFYWHMCP>
#	G	D	E	R	K	N	Q	S	T	A	V	L	I	F	Y	W	H	M	C	P
0	0.01983	0.01974	0.02792	0.11422	0.38169	0.10413	0.06476	0.07601	0.01913	0.02529	0.04193	0.01988	0.01397	0.00772	0.00813	0.00231	0.03132	0.00697	0.00423	0.01083
1	0.01414	0.00707	0.00707	0.00707	0.00884	0.00707	0.00530	0.01767	0.01591	0.02828	0.02474	0.02828	0.01944	0.00884	0.00530	0.00177	0.00353	0.00707	0.77554	0.00707
2	0.12576	0.01897	0.07538	0.12560	0.07212	0.10118	0.01483	0.12589	0.03970	0.02877	0.08558	0.05142	0.02063	0.00993	0.00733	0.00239	0.00825	0.03970	0.03718	0.00943
3	0.01726	0.01486	0.01792	0.07339	0.13337	0.07200	0.01339	0.15111	0.02077	0.02723	0.07875	0.25238	0.03071	0.01438	0.00846	0.00260	0.00732	0.04886	0.00615	0.00909
4	0.01408	0.01287	0.01607	0.08652	0.10759	0.06608	0.01219	0.01646	0.01553	0.02041	0.06346	0.10442	0.15261	0.04879	0.06841	0.03912	0.10015	0.01055	0.03706	0.00764
5	0.01127	0.00765	0.00981	0.00981	0.01056	0.00823	0.00674	0.01277	0.01202	0.01732	0.02247	0.03905	0.02310	0.37287	0.31656	0.00883	0.01245	0.00940	0.08332	0.00577
6	0.01659	0.01659	0.02323	0.01991	0.01991	0.02323	0.01659	0.01825	0.01162	0.01825	0.00996	0.01659	0.00996	0.01328	0.02489	0.00332	0.71955	0.00664	0.00332	0.00830
7	0.01962	0.03498	0.01629	0.06909	0.01963	0.01347	0.01098	0.11723	0.10846	0.16105	0.10781	0.09067	0.10474	0.01429	0.03979	0.00284	0.00680	0.01018	0.00717	0.04490
8	0.04403	0.05686	0.13455	0.01971	0.08815	0.04523	0.04372	0.14584	0.05103	0.15013	0.06575	0.05431	0.01899	0.00958	0.00822	0.00238	0.03664	0.00778	0.00605	0.01102
9	0.01414	0.00707	0.00707	0.00707	0.00884	0.00707	0.00530	0.01767	0.01591	0.02828	0.02474	0.02828	0.01944	0.00884	0.00530	0.00177	0.00353	0.00707	0.77554	0.00707
10	0.00938	0.00677	0.00891	0.01058	0.01120	0.00630	0.00723	0.01084	0.01482	0.01959	0.04361	0.66082	0.08393	0.02338	0.00968	0.00307	0.00450	0.05214	0.00704	0.00622
11	0.01461	0.01340	0.04508	0.05303	0.25236	0.01297	0.01464	0.05005	0.01584	0.02198	0.02344	0.12115	0.05116	0.11869	0.15277	0.00510	0.01032	0.00995	0.00467	0.00878
12	0.01623	0.02802	0.34766	0.12083	0.06159	0.01805	0.20026	0.02459	0.06345	0.02404	0.01533	0.01881	0.01127	0.00724	0.00779	0.00247	0.01104	0.00695	0.00375	0.01064
13	0.01301	0.00670	0.01005	0.01005	0.01014	0.00679	0.00679	0.01014	0.01005	0.01349	0.01369	0.02354	0.01359	0.02854	0.07786	0.72441	0.00757	0.00670	0.00335	0.00354
14	0.00991	0.00688	0.00860	0.00971	0.00998	0.00661	0.00613	0.01074	0.01322	0.01762	0.03511	0.47471	0.04172	0.28906	0.02049	0.00468	0.00550	0.01763	0.00613	0.00558
15	0.01795	0.04432	0.11793	0.02152	0.05183	0.07772	0.21213	0.05048	0.04334	0.05100	0.02175	0.11690	0.01972	0.01050	0.00811	0.00250	0.00948	0.05309	0.06014	0.00959
16	0.05218	0.01809	0.04938	0.01585	0.02115	0.01874	0.01330	0.24496	0.28368	0.12518	0.02545	0.02638	0.01902	0.01006	0.00767	0.00247	0.00713	0.03978	0.00754	0.01199
17	0.01237	0.01023	0.01255	0.04974	0.01570	0.04441	0.03450	0.04023	0.03826	0.02348	0.15418	0.37974	0.08812	0.01795	0.00889	0.00271	0.00550	0.01602	0.03816	0.00727

[dist]
# distance from previous block
# <min> <max>
4	6

[block]
# block no. 15 follows, 26 sequences, length 20
# corresponding to MSA columns:
# 797-816
name=unknown_P
#
# <colnr> <probs for GDERKNQSTAVLIFYWHMCP>
#	G	D	E	R	K	N	Q	S	T	A	V	L	I	F	Y	W	H	M	C	P
0	0.01574	0.00997	0.01194	0.01076	0.01302	0.00987	0.00793	0.09599	0.01860	0.10311	0.16833	0.04768	0.10100	0.25848	0.05624	0.00465	0.00690	0.04553	0.00667	0.00758
1	0.01094	0.00773	0.00939	0.00958	0.00974	0.00806	0.00600	0.01145	0.01185	0.01601	0.02666	0.18670	0.03083	0.51177	0.06869	0.00653	0.04504	0.01281	0.00500	0.00523
2	0.18011	0.16105	0.07436	0.01526	0.02062	0.15834	0.01346	0.06878	0.08467	0.10103	0.01574	0.01656	0.01202	0.00811	0.00707	0.00219	0.03994	0.00551	0.00510	0.01008
3	0.01383	0.03982	0.01984	0.05560	0.07693	0.01457	0.06742	0.01702	0.01614	0.02263	0.19210	0.03475	0.09103	0.01917	0.11545	0.00406	0.17664	0.00968	0.00516	0.00815
4	0.01728	0.01112	0.01253	0.01083	0.01437	0.01066	0.00851	0.14494	0.02200	0.13042	0.13285	0.07300	0.31049	0.01481	0.00831	0.00242	0.00511	0.01231	0.04923	0.00882
5	0.01630	0.01270	0.01583	0.01390	0.01586	0.01487	0.01088	0.09431	0.07134	0.06048	0.07137	0.03435	0.09043	0.14415	0.10511	0.00475	0.20018	0.00930	0.00558	0.00829
6	0.78701	0.01467	0.01115	0.00997	0.01467	0.01702	0.00821	0.02230	0.01291	0.03403	0.01056	0.01232	0.00821	0.00704	0.00469	0.00235	0.00587	0.00411	0.00469	0.00821
