[name]
unknown

[dist]
# distance from previous block
# <min> <max>
0	298

[block]
# block no. 0 follows, 29 sequences, length 12
# corresponding to MSA columns:
# 305-316
name=unknown_A
#
# <colnr> <probs for GDERKNQSTAVLIFYWHMCP>
#	G	D	E	R	K	N	Q	S	T	A	V	L	I	F	Y	W	H	M	C	P
0	0.02007	0.06309	0.01839	0.01732	0.12300	0.03730	0.01198	0.06865	0.15337	0.17568	0.06656	0.02936	0.06788	0.00972	0.00709	0.00217	0.00634	0.04110	0.03533	0.04558
1	0.01870	0.05434	0.02400	0.03027	0.41041	0.06359	0.01675	0.04601	0.01718	0.08271	0.01945	0.04993	0.06007	0.00805	0.00693	0.00204	0.00774	0.00715	0.00449	0.07020
2	0.11747	0.01502	0.01638	0.01390	0.01791	0.06340	0.03725	0.09413	0.19673	0.13468	0.06383	0.06107	0.02016	0.01225	0.04996	0.00282	0.03332	0.00772	0.00628	0.03571
3	0.07556	0.01480	0.01670	0.01507	0.04283	0.10326	0.04678	0.03727	0.04681	0.05642	0.01862	0.05736	0.03645	0.06118	0.15305	0.00430	0.09824	0.00733	0.00454	0.10342
4	0.01819	0.01497	0.05731	0.01562	0.05384	0.03911	0.05319	0.07142	0.18631	0.13364	0.08744	0.07444	0.09457	0.01109	0.00760	0.00232	0.00648	0.03356	0.00652	0.03239
5	0.06827	0.01728	0.01856	0.01438	0.01981	0.01831	0.01175	0.44577	0.06718	0.03832	0.05276	0.01881	0.01505	0.00821	0.00669	0.00196	0.00685	0.00629	0.00647	0.15727
6	0.01535	0.01460	0.02479	0.41887	0.34794	0.01632	0.02072	0.01986	0.01514	0.02050	0.01299	0.01836	0.01031	0.00677	0.00709	0.00226	0.00902	0.00634	0.00333	0.00944
7	0.00868	0.00620	0.00826	0.00991	0.01033	0.00578	0.00661	0.00991	0.01363	0.01818	0.03925	0.74510	0.04710	0.02231	0.00909	0.00289	0.00413	0.02024	0.00661	0.00578
8	0.01001	0.00685	0.00828	0.00859	0.00882	0.00691	0.00527	0.01053	0.01111	0.01496	0.02531	0.17964	0.02908	0.53083	0.10794	0.00664	0.00773	0.01196	0.00470	0.00483
9	0.01503	0.01435	0.01572	0.01512	0.06185	0.12242	0.06159	0.06907	0.05573	0.02369	0.16866	0.11414	0.15780	0.04166	0.00904	0.00250	0.00670	0.03117	0.00594	0.00783
10	0.01626	0.01318	0.01635	0.01390	0.01762	0.01430	0.08278	0.07771	0.33289	0.02800	0.02813	0.02841	0.07256	0.01165	0.04155	0.00266	0.00649	0.00818	0.17790	0.00948
11	0.02268	0.01871	0.01884	0.01563	0.02042	0.06659	0.01250	0.33854	0.33926	0.03603	0.02222	0.02122	0.01639	0.00899	0.00713	0.00225	0.00714	0.00705	0.00695	0.01146

[dist]
# distance from previous block
# <min> <max>
4	6

[block]
# block no. 1 follows, 29 sequences, length 36
# corresponding to MSA columns:
# 323-358
name=unknown_B
#
# <colnr> <probs for GDERKNQSTAVLIFYWHMCP>
#	G	D	E	R	K	N	Q	S	T	A	V	L	I	F	Y	W	H	M	C	P
0	0.01904	0.75404	0.03731	0.01218	0.01828	0.02818	0.01218	0.02132	0.01447	0.01675	0.00990	0.01142	0.00914	0.00609	0.00457	0.00152	0.00761	0.00381	0.00305	0.00914
1	0.01612	0.24451	0.42332	0.02105	0.11730	0.02000	0.02157	0.02210	0.01503	0.02095	0.01202	0.01432	0.00936	0.00651	0.00616	0.00202	0.00939	0.00498	0.00309	0.01022
2	0.01071	0.00858	0.00931	0.00961	0.01084	0.04265	0.00666	0.03482	0.01503	0.01936	0.10526	0.31153	0.16381	0.16455	0.05089	0.00389	0.00584	0.01466	0.00601	0.00600
3	0.01459	0.08358	0.66883	0.01977	0.03000	0.01730	0.02539	0.02247	0.01500	0.02217	0.01259	0.01480	0.00903	0.00672	0.00662	0.00221	0.01033	0.00517	0.00301	0.01043
4	0.01428	0.03683	0.71286	0.02030	0.03082	0.01654	0.02631	0.02255	0.01503	0.02255	0.01278	0.01503	0.00902	0.00677	0.00677	0.00226	0.01052	0.00526	0.00301	0.01052
5	0.01722	0.01612	0.02676	0.28212	0.46641	0.01705	0.02136	0.02124	0.01617	0.02245	0.01424	0.01959	0.01171	0.00737	0.00754	0.00241	0.00914	0.00668	0.00379	0.01062
6	0.01019	0.00710	0.00944	0.00971	0.01046	0.00761	0.00681	0.01176	0.01167	0.01657	0.02365	0.14880	0.02512	0.26846	0.34119	0.00798	0.01175	0.01046	0.05561	0.00563
7	0.01456	0.09901	0.61786	0.01922	0.02890	0.01715	0.02431	0.02205	0.01505	0.02197	0.01377	0.01798	0.01063	0.00735	0.00672	0.00224	0.01007	0.03775	0.00319	0.01020
8	0.01376	0.01298	0.02193	0.68048	0.09873	0.01590	0.01993	0.01847	0.01439	0.01858	0.01271	0.01888	0.00963	0.00706	0.00711	0.00235	0.00941	0.00633	0.00319	0.00817
9	0.02661	0.01320	0.01582	0.01246	0.01721	0.01298	0.01018	0.21573	0.02297	0.37586	0.02392	0.02268	0.01618	0.00863	0.00669	0.00207	0.00599	0.00684	0.17301	0.01096
10	0.01066	0.00805	0.01117	0.01092	0.01171	0.00934	0.00806	0.01236	0.01107	0.01576	0.01930	0.03259	0.01956	0.25997	0.45859	0.00940	0.07339	0.00834	0.00391	0.00586
11	0.01703	0.01591	0.02403	0.11012	0.07103	0.08044	0.20895	0.05202	0.05585	0.06930	0.12173	0.05803	0.06434	0.00950	0.00779	0.00230	0.00846	0.00903	0.00520	0.00894
12	0.04653	0.01682	0.01534	0.01347	0.01657	0.18093	0.01034	0.06379	0.09157	0.14479	0.10283	0.04574	0.03896	0.09679	0.03452	0.00306	0.05542	0.00802	0.00589	0.00864
13	0.00917	0.00654	0.00863	0.00966	0.01027	0.00628	0.00654	0.01068	0.01403	0.01904	0.12994	0.51488	0.04538	0.10441	0.06595	0.00389	0.00546	0.01714	0.00632	0.00580
14	0.01657	0.02112	0.12446	0.02857	0.06382	0.01776	0.53487	0.02351	0.05150	0.02316	0.01491	0.01900	0.01117	0.00630	0.00808	0.00237	0.01134	0.00790	0.00371	0.00988
15	0.05069	0.02622	0.10948	0.01874	0.02431	0.27957	0.09631	0.19978	0.02227	0.06245	0.01487	0.01750	0.01143	0.00783	0.00696	0.00211	0.01034	0.02442	0.00487	0.00986
16	0.01347	0.01109	0.01608	0.01425	0.01689	0.01121	0.10968	0.10502	0.09281	0.02452	0.08153	0.40581	0.03564	0.01601	0.00847	0.00261	0.00592	0.01469	0.00639	0.00789
17	0.01214	0.01006	0.01101	0.01070	0.01323	0.01046	0.00800	0.02091	0.27185	0.02389	0.10889	0.19285	0.24723	0.01543	0.00811	0.00249	0.00446	0.01328	0.00697	0.00802
18	0.02579	0.01679	0.01851	0.01509	0.01948	0.08142	0.01224	0.16777	0.13785	0.29673	0.02186	0.02093	0.01529	0.00926	0.00927	0.00231	0.10465	0.00679	0.00695	0.01103
19	0.73276	0.07755	0.01278	0.00961	0.01416	0.01703	0.00810	0.02097	0.01232	0.03064	0.00991	0.01155	0.00783	0.00657	0.00442	0.00214	0.00569	0.00385	0.00429	0.00783
20	0.01083	0.00768	0.00954	0.01004	0.01141	0.00728	0.00707	0.05696	0.01566	0.02183	0.08476	0.53335	0.04135	0.01846	0.00830	0.00256	0.00433	0.01652	0.07402	0.05806
21	0.02694	0.02378	0.02104	0.01692	0.02206	0.21371	0.01360	0.50255	0.02983	0.03735	0.01543	0.01593	0.01130	0.00822	0.00693	0.00205	0.00921	0.00591	0.00618	0.01105
22	0.01822	0.27121	0.39590	0.01659	0.02497	0.01958	0.01951	0.02377	0.01556	0.11255	0.01387	0.01507	0.01021	0.00682	0.00609	0.00201	0.00896	0.00503	0.00380	0.01028
23	0.01762	0.01692	0.02890	0.04371	0.70533	0.01692	0.02185	0.02185	0.01621	0.02326	0.01339	0.01762	0.01128	0.00634	0.00705	0.00211	0.00846	0.00634	0.00352	0.01128
24	0.01609	0.30925	0.45626	0.01721	0.02605	0.02096	0.02094	0.02208	0.01482	0.02035	0.01169	0.01366	0.00906	0.00651	0.00593	0.00198	0.00942	0.00471	0.00302	0.01000
25	0.02111	0.01059	0.01371	0.01210	0.01548	0.01000	0.00962	0.09368	0.01926	0.31530	0.06948	0.18567	0.03002	0.05064	0.00949	0.00274	0.00581	0.10851	0.00755	0.00925
26	0.01753	0.01894	0.02161	0.01862	0.01965	0.16008	0.03664	0.01934	0.01297	0.01735	0.01035	0.01579	0.00980	0.01335	0.05561	0.00327	0.53191	0.00605	0.00328	0.00787
27	0.01844	0.53319	0.12619	0.01343	0.01978	0.04740	0.01380	0.06432	0.01610	0.01958	0.01504	0.01622	0.05647	0.00720	0.00536	0.00173	0.00793	0.00497	0.00357	0.00928
28	0.01959	0.01097	0.01418	0.01360	0.05785	0.01054	0.00995	0.04043	0.11604	0.26878	0.12295	0.12602	0.09528	0.01276	0.00785	0.00240	0.00538	0.04843	0.00747	0.00951
29	0.00863	0.00639	0.00807	0.00941	0.01020	0.00583	0.00639	0.00997	0.01411	0.01837	0.04534	0.61968	0.16858	0.02152	0.00896	0.00280	0.00403	0.01928	0.00661	0.00583
30	0.02481	0.02616	0.01962	0.01699	0.02128	0.38168	0.01316	0.20616	0.16847	0.02747	0.01651	0.01694	0.01267	0.00816	0.00679	0.00204	0.00994	0.00582	0.00537	0.00994
31	0.08220	0.02352	0.02461	0.02344	0.14545	0.25459	0.11523	0.19544	0.02181	0.02751	0.01344	0.01566	0.01045	0.00722	0.00686	0.00208	0.01008	0.00589	0.00459	0.00996
32	0.02374	0.01144	0.01473	0.01259	0.01667	0.01079	0.01019	0.07698	0.07081	0.39681	0.03152	0.13545	0.04530	0.01251	0.00783	0.00246	0.00588	0.09619	0.00788	0.01022
33	0.01078	0.00731	0.00961	0.00927	0.01091	0.00673	0.00686	0.01377	0.01912	0.05584	0.56636	0.16333	0.06185	0.01556	0.00846	0.00234	0.00360	0.01382	0.00768	0.00680
34	0.01718	0.01063	0.01152	0.01021	0.01297	0.01113	0.00792	0.20986	0.02031	0.05344	0.02418	0.13937	0.02108	0.01064	0.00634	0.00202	0.00486	0.00878	0.40929	0.00828
35	0.01701	0.01659	0.02558	0.03754	0.56790	0.06133	0.01929	0.02069	0.01613	0.02220	0.01669	0.11455	0.01593	0.00854	0.00728	0.00220	0.00817	0.00809	0.00395	0.01035

[dist]
# distance from previous block
# <min> <max>
2	5

[block]
# block no. 2 follows, 29 sequences, length 15
# corresponding to MSA columns:
# 364-378
name=unknown_C
#
# <colnr> <probs for GDERKNQSTAVLIFYWHMCP>
#	G	D	E	R	K	N	Q	S	T	A	V	L	I	F	Y	W	H	M	C	P
0	0.01472	0.10329	0.65026	0.01954	0.02966	0.01762	0.02500	0.02244	0.01498	0.02201	0.01251	0.01470	0.00903	0.00670	0.00656	0.00219	0.01025	0.00513	0.00301	0.01040
1	0.01605	0.26696	0.43240	0.01857	0.02736	0.02043	0.08226	0.02218	0.01502	0.02070	0.01200	0.01425	0.00922	0.00648	0.00621	0.00203	0.00972	0.00508	0.00307	0.00999
2	0.00937	0.00706	0.00866	0.00866	0.01030	0.00635	0.00634	0.01191	0.01788	0.02410	0.40779	0.18533	0.23634	0.01694	0.00853	0.00241	0.00357	0.01483	0.00728	0.00635
3	0.02411	0.01879	0.02406	0.01816	0.02382	0.02014	0.13604	0.50879	0.02897	0.03939	0.01707	0.01821	0.01234	0.00806	0.00720	0.00215	0.00826	0.00680	0.06641	0.01123
4	0.00891	0.00646	0.00802	0.00916	0.00981	0.00600	0.00606	0.01003	0.01350	0.01763	0.04150	0.53011	0.14261	0.13919	0.01337	0.00347	0.00450	0.01786	0.00624	0.00558
5	0.59201	0.01477	0.01300	0.01094	0.01568	0.01664	0.00902	0.14429	0.01677	0.09181	0.01278	0.01366	0.00937	0.00716	0.00514	0.00219	0.00599	0.00461	0.00528	0.00890
6	0.00913	0.00667	0.00828	0.00938	0.01021	0.00621	0.00648	0.01048	0.01387	0.01800	0.04265	0.45425	0.16455	0.13111	0.01313	0.00344	0.00467	0.07554	0.00626	0.00567
7	0.00888	0.00657	0.00832	0.00949	0.01043	0.00602	0.00663	0.01049	0.01478	0.01938	0.10016	0.53108	0.16968	0.02075	0.00894	0.00277	0.00409	0.04890	0.00671	0.00594
8	0.01116	0.00826	0.01113	0.01090	0.01256	0.00876	0.00845	0.04004	0.04145	0.02273	0.25809	0.06775	0.03828	0.05044	0.30918	0.00636	0.01065	0.07114	0.00584	0.00684
9	0.01365	0.01036	0.01185	0.01097	0.01349	0.01057	0.00830	0.15216	0.08497	0.02759	0.20575	0.23272	0.15823	0.01555	0.00821	0.00244	0.00475	0.01345	0.00709	0.00789
10	0.00908	0.00743	0.00815	0.00850	0.01074	0.00649	0.00674	0.01121	0.01627	0.01969	0.06461	0.07111	0.55781	0.01839	0.00873	0.00260	0.00425	0.15549	0.00660	0.00613
11	0.00868	0.00620	0.00826	0.00991	0.01033	0.00578	0.00661	0.00991	0.01363	0.01818	0.03925	0.74510	0.04710	0.02231	0.00909	0.00289	0.00413	0.02024	0.00661	0.00578
12	0.01544	0.01306	0.01406	0.01279	0.01623	0.01459	0.00989	0.03077	0.50547	0.02858	0.15738	0.03538	0.09321	0.01134	0.00757	0.00238	0.00503	0.00959	0.00730	0.00994
13	0.01787	0.50340	0.24560	0.01494	0.02231	0.05227	0.01662	0.02199	0.01487	0.01857	0.01083	0.01260	0.00910	0.00635	0.00532	0.00176	0.00872	0.00429	0.00306	0.00953
14	0.01544	0.01334	0.01566	0.01279	0.04858	0.01135	0.00957	0.02179	0.14017	0.02442	0.01571	0.01708	0.01265	0.00613	0.00572	0.00135	0.00549	0.00502	0.00475	0.61298

[dist]
# distance from previous block
# <min> <max>
0	1

[block]
# block no. 3 follows, 29 sequences, length 57
# corresponding to MSA columns:
# 380-436
name=unknown_D
#
# <colnr> <probs for GDERKNQSTAVLIFYWHMCP>
#	G	D	E	R	K	N	Q	S	T	A	V	L	I	F	Y	W	H	M	C	P
0	0.01893	0.01732	0.02785	0.02126	0.02579	0.05437	0.27671	0.07456	0.04100	0.09673	0.03836	0.02131	0.03772	0.00891	0.01151	0.00246	0.18272	0.00764	0.00470	0.03015
1	0.02039	0.02191	0.05418	0.01556	0.01910	0.30729	0.01268	0.07896	0.06497	0.05841	0.04287	0.10658	0.02249	0.01178	0.00758	0.00234	0.00905	0.12996	0.00542	0.00848
2	0.03195	0.01212	0.01652	0.01267	0.01818	0.01047	0.01047	0.03470	0.02038	0.71026	0.02809	0.02424	0.01763	0.00881	0.00716	0.00220	0.00606	0.00716	0.00881	0.01212
3	0.02322	0.01390	0.01640	0.01293	0.01814	0.01335	0.01043	0.15299	0.13204	0.26934	0.02438	0.04775	0.03776	0.00885	0.00684	0.00199	0.00601	0.00720	0.00704	0.18944
4	0.01625	0.01531	0.02583	0.07107	0.58344	0.01540	0.01975	0.02011	0.01578	0.02236	0.01677	0.11355	0.01592	0.00848	0.00732	0.00223	0.00794	0.00818	0.00391	0.01040
5	0.08813	0.01561	0.01705	0.01363	0.01850	0.01672	0.01111	0.32977	0.10940	0.18278	0.02109	0.02048	0.01487	0.00856	0.00667	0.00214	0.00646	0.00660	0.09945	0.01100
6	0.00999	0.00738	0.01074	0.01096	0.01202	0.00834	0.00825	0.01217	0.01165	0.01654	0.02199	0.12390	0.02228	0.10264	0.57516	0.00997	0.01617	0.00950	0.00422	0.00613
7	0.01423	0.01313	0.02137	0.67389	0.04673	0.01633	0.01932	0.05303	0.01515	0.01956	0.01279	0.01878	0.00963	0.00735	0.00760	0.00238	0.03090	0.00633	0.00337	0.00813
8	0.01904	0.75404	0.03731	0.01218	0.01828	0.02818	0.01218	0.02132	0.01447	0.01675	0.00990	0.01142	0.00914	0.00609	0.00457	0.00152	0.00761	0.00381	0.00305	0.00914
9	0.00872	0.00629	0.00827	0.00975	0.01031	0.00583	0.00656	0.01008	0.01403	0.01866	0.06872	0.68432	0.07855	0.02178	0.00903	0.00284	0.00407	0.01969	0.00666	0.00583
10	0.01604	0.01355	0.01471	0.01378	0.01715	0.01541	0.01067	0.03239	0.55123	0.02761	0.03100	0.12537	0.02655	0.01209	0.00769	0.00254	0.00551	0.05939	0.00711	0.01019
11	0.00864	0.00633	0.00812	0.00956	0.01023	0.00581	0.00645	0.00995	0.01398	0.01832	0.04358	0.65595	0.13345	0.02175	0.00900	0.00283	0.00406	0.01956	0.00661	0.00581
12	0.00906	0.00715	0.00817	0.00811	0.01007	0.00626	0.00601	0.01140	0.01748	0.02265	0.30612	0.12305	0.40494	0.01711	0.00847	0.00239	0.00356	0.01468	0.00707	0.00626
13	0.02165	0.01607	0.01922	0.01580	0.02062	0.01755	0.06279	0.16728	0.40718	0.13294	0.02531	0.02373	0.01833	0.00903	0.00730	0.00233	0.00663	0.00761	0.00717	0.01144
14	0.01417	0.01379	0.02133	0.66213	0.04620	0.04871	0.01928	0.01861	0.01434	0.01810	0.01241	0.01852	0.00947	0.00741	0.00794	0.00239	0.04787	0.00624	0.00318	0.00792
15	0.01904	0.75404	0.03731	0.01218	0.01828	0.02818	0.01218	0.02132	0.01447	0.01675	0.00990	0.01142	0.00914	0.00609	0.00457	0.00152	0.00761	0.00381	0.00305	0.00914
16	0.80005	0.01377	0.01047	0.00936	0.01377	0.01597	0.00771	0.02093	0.01212	0.03195	0.00991	0.01157	0.00771	0.00661	0.00441	0.00220	0.00551	0.00386	0.00441	0.00771
17	0.00958	0.00673	0.00874	0.01001	0.01055	0.00649	0.00698	0.01091	0.01339	0.01775	0.03508	0.46152	0.04108	0.18964	0.01549	0.00389	0.00522	0.13532	0.00607	0.00559
18	0.27532	0.06732	0.06385	0.01362	0.01864	0.16725	0.01167	0.05657	0.07262	0.16611	0.01594	0.01613	0.01158	0.00753	0.00593	0.00210	0.00778	0.00524	0.00532	0.00950
19	0.04404	0.00797	0.00919	0.00928	0.01079	0.00784	0.00672	0.03322	0.03798	0.02190	0.16265	0.17452	0.14053	0.17831	0.01437	0.00348	0.00492	0.07429	0.05176	0.00625
20	0.00957	0.00726	0.00882	0.00843	0.01033	0.00650	0.00632	0.01246	0.01896	0.02572	0.51036	0.05785	0.26017	0.01561	0.00840	0.00229	0.00343	0.01353	0.00747	0.00650
21	0.00996	0.00786	0.01107	0.01082	0.01241	0.00737	0.05271	0.01284	0.04070	0.02180	0.22326	0.38072	0.12737	0.03525	0.00934	0.00270	0.00452	0.01610	0.00671	0.00650
22	0.07113	0.01569	0.01427	0.01279	0.01616	0.14455	0.00983	0.07927	0.14414	0.10705	0.12980	0.11434	0.08800	0.01181	0.00738	0.00227	0.00651	0.00967	0.00652	0.00884
23	0.02068	0.02340	0.02111	0.01844	0.02023	0.31216	0.01473	0.05252	0.01580	0.01854	0.01039	0.01451	0.00940	0.01015	0.01558	0.00254	0.40254	0.00556	0.00353	0.00818
24	0.00868	0.00620	0.00826	0.00991	0.01033	0.00578	0.00661	0.00991	0.01363	0.01818	0.03925	0.74510	0.04710	0.02231	0.00909	0.00289	0.00413	0.02024	0.00661	0.00578
25	0.02420	0.02131	0.01884	0.01592	0.02050	0.20144	0.01255	0.23525	0.25279	0.09190	0.02053	0.01984	0.01511	0.00863	0.00699	0.00216	0.00823	0.00656	0.00642	0.01082
26	0.01507	0.01857	0.11798	0.07620	0.02901	0.05558	0.30072	0.02043	0.03645	0.02137	0.02130	0.06440	0.04180	0.04097	0.00936	0.00269	0.00978	0.10539	0.00432	0.00858
27	0.00866	0.00627	0.00818	0.00971	0.01027	0.00580	0.00652	0.00994	0.01383	0.01826	0.04177	0.69328	0.09729	0.02198	0.00904	0.00285	0.00409	0.01984	0.00661	0.00580
28	0.00962	0.00733	0.00889	0.00868	0.01061	0.00659	0.00664	0.01245	0.01853	0.02484	0.43701	0.06048	0.28087	0.01613	0.00851	0.00238	0.00369	0.06297	0.00732	0.00647
29	0.01828	0.01161	0.01348	0.01249	0.01495	0.05802	0.00944	0.06267	0.04093	0.20932	0.03022	0.37065	0.03045	0.01553	0.00928	0.00258	0.06165	0.01322	0.00680	0.00844
30	0.01681	0.16163	0.50209	0.01834	0.02745	0.01933	0.02212	0.10918	0.01736	0.02447	0.01284	0.01467	0.00945	0.00688	0.00642	0.00211	0.00965	0.00516	0.00356	0.01049
31	0.01557	0.01437	0.02408	0.32537	0.38092	0.01568	0.01970	0.01994	0.01530	0.02142	0.01384	0.01887	0.01108	0.00681	0.00692	0.00219	0.00849	0.00636	0.06356	0.00953
32	0.01035	0.00743	0.01081	0.01081	0.01183	0.00845	0.00811	0.01217	0.01115	0.01589	0.01906	0.02999	0.01849	0.14320	0.58370	0.06438	0.01659	0.00789	0.00383	0.00586
33	0.09148	0.01214	0.01669	0.01475	0.01740	0.05665	0.13191	0.01718	0.04334	0.05312	0.02789	0.40057	0.03022	0.01525	0.00868	0.00262	0.03322	0.01379	0.00565	0.00744
34	0.01551	0.01477	0.02509	0.39162	0.37390	0.01636	0.02080	0.02000	0.01522	0.02070	0.01302	0.01831	0.01038	0.00674	0.00708	0.00225	0.00898	0.00634	0.00334	0.00958
35	0.00908	0.00637	0.00814	0.00939	0.00971	0.00606	0.00605	0.01002	0.01284	0.01712	0.03517	0.57580	0.04196	0.19862	0.01567	0.00386	0.00480	0.01785	0.00605	0.00543
36	0.02011	0.04245	0.02157	0.01800	0.03837	0.18908	0.10165	0.02929	0.26033	0.07015	0.06339	0.02227	0.01827	0.00888	0.00839	0.00226	0.06310	0.00719	0.00550	0.00975
37	0.01753	0.52743	0.25076	0.01475	0.02224	0.02450	0.01665	0.02171	0.01465	0.01858	0.01081	0.01256	0.00910	0.00630	0.00526	0.00175	0.00853	0.00427	0.00303	0.00958
38	0.03741	0.00877	0.01015	0.00959	0.01186	0.00870	0.00733	0.01716	0.12612	0.02694	0.41694	0.05013	0.16691	0.01406	0.00801	0.00231	0.00393	0.03140	0.03494	0.00735
39	0.04986	0.01174	0.01431	0.01185	0.01597	0.01138	0.00945	0.06219	0.13748	0.29183	0.22707	0.03194	0.03210	0.01039	0.00734	0.00219	0.00521	0.00871	0.00776	0.05125
40	0.01464	0.01387	0.02351	0.53569	0.23666	0.01613	0.02037	0.01924	0.01480	0.01964	0.01287	0.01860	0.01000	0.00690	0.00710	0.00230	0.00920	0.00633	0.00327	0.00887
41	0.07350	0.01791	0.02127	0.15109	0.08699	0.10108	0.05052	0.12652	0.13243	0.04701	0.01592	0.01834	0.01227	0.00839	0.00908	0.00234	0.10447	0.00638	0.00483	0.00966
42	0.01681	0.01921	0.04202	0.03001	0.03721	0.01801	0.67947	0.02281	0.01681	0.02281	0.01441	0.01921	0.01080	0.00600	0.00840	0.00240	0.01200	0.00840	0.00360	0.00960
43	0.01077	0.00689	0.00918	0.00991	0.01100	0.00635	0.00693	0.01260	0.01561	0.07351	0.18674	0.53492	0.04934	0.01954	0.00879	0.00269	0.00411	0.01759	0.00705	0.00648
44	0.00870	0.00659	0.00803	0.00900	0.01013	0.00592	0.00624	0.01027	0.01492	0.01927	0.09805	0.48328	0.25305	0.02041	0.00883	0.00269	0.00391	0.01808	0.00670	0.00592
45	0.01237	0.00618	0.00928	0.00928	0.00928	0.00618	0.00618	0.00928	0.00928	0.01237	0.01237	0.02165	0.01237	0.02474	0.02783	0.79283	0.00618	0.00618	0.00309	0.00309
46	0.00883	0.00628	0.00829	0.00976	0.01021	0.00589	0.00649	0.01010	0.01377	0.01843	0.06929	0.67608	0.04692	0.06018	0.01048	0.00307	0.00424	0.01938	0.00655	0.00575
47	0.00919	0.00659	0.00823	0.00909	0.00977	0.00617	0.00603	0.01051	0.01408	0.01877	0.12866	0.44251	0.10661	0.17243	0.01459	0.00359	0.00456	0.01670	0.00630	0.00563
48	0.07475	0.01382	0.02243	0.50274	0.21257	0.01611	0.01938	0.01933	0.01458	0.02053	0.01263	0.01807	0.00981	0.00688	0.00689	0.00229	0.00893	0.00614	0.00335	0.00875
49	0.01428	0.03683	0.71286	0.02030	0.03082	0.01654	0.02631	0.02255	0.01503	0.02255	0.01278	0.01503	0.00902	0.00677	0.00677	0.00226	0.01052	0.00526	0.00301	0.01052
50	0.01028	0.00730	0.00988	0.01138	0.01239	0.00713	0.00893	0.01246	0.01477	0.01941	0.03695	0.33844	0.04204	0.08560	0.01189	0.00345	0.00563	0.34963	0.00638	0.00605
51	0.00885	0.00712	0.00791	0.00807	0.01006	0.00618	0.00600	0.01091	0.01662	0.02088	0.18267	0.15522	0.47862	0.01801	0.00855	0.00247	0.00372	0.03518	0.00684	0.00613
52	0.01544	0.01469	0.02496	0.40398	0.36213	0.01634	0.02077	0.01994	0.01518	0.02061	0.01301	0.01834	0.01034	0.00675	0.00709	0.00225	0.00900	0.00634	0.00334	0.00952
53	0.02232	0.02386	0.01958	0.01715	0.02050	0.31721	0.01342	0.11487	0.19514	0.02421	0.01618	0.01748	0.01286	0.00905	0.00985	0.00226	0.14364	0.00603	0.00495	0.00946
54	0.13524	0.01557	0.02310	0.01765	0.02295	0.01588	0.19343	0.18047	0.02014	0.17423	0.01791	0.01982	0.01303	0.01354	0.10123	0.00346	0.00974	0.00690	0.00569	0.01003
55	0.11418	0.00813	0.00964	0.00901	0.01105	0.00794	0.00685	0.01442	0.01910	0.02900	0.61043	0.04771	0.05935	0.01351	0.00787	0.00223	0.00364	0.01169	0.00739	0.00685
56	0.03872	0.01527	0.01536	0.01362	0.01718	0.09474	0.01049	0.14953	0.17979	0.13935	0.02689	0.21885	0.02441	0.01243	0.00755	0.00239	0.00653	0.01043	0.00683	0.00964

[dist]
# distance from previous block
# <min> <max>
0	2

[block]
# block no. 4 follows, 29 sequences, length 345
# corresponding to MSA columns:
# 439-566,901-1091,1097-1122
name=unknown_E
#
# <colnr> <probs for GDERKNQSTAVLIFYWHMCP>
#	G	D	E	R	K	N	Q	S	T	A	V	L	I	F	Y	W	H	M	C	P
0	0.18246	0.02555	0.01873	0.01837	0.08450	0.40170	0.01301	0.10347	0.01951	0.02423	0.01277	0.04031	0.01081	0.00779	0.00625	0.00201	0.01002	0.00539	0.00432	0.00880
1	0.00987	0.00727	0.00923	0.00874	0.01051	0.00663	0.00655	0.01303	0.01966	0.02738	0.62226	0.05512	0.14724	0.01500	0.00840	0.00226	0.00339	0.01315	0.00768	0.00663
2	0.01875	0.53467	0.17821	0.01448	0.02128	0.09122	0.01531	0.02225	0.01513	0.01804	0.01061	0.01232	0.00912	0.00635	0.00521	0.00171	0.00872	0.00419	0.00310	0.00935
3	0.09915	0.02877	0.01915	0.01695	0.02100	0.50748	0.01298	0.12022	0.06786	0.02352	0.01300	0.01427	0.01032	0.00760	0.00639	0.00195	0.01094	0.00501	0.00447	0.00895
4	0.00887	0.00652	0.00832	0.00938	0.01028	0.00597	0.00646	0.01053	0.01506	0.02002	0.15195	0.53660	0.14300	0.02044	0.00888	0.00272	0.00393	0.01830	0.00681	0.00597
5	0.01254	0.00700	0.00770	0.00761	0.00942	0.00665	0.00567	0.01544	0.01594	0.05471	0.12527	0.10378	0.12120	0.01184	0.00640	0.00198	0.00356	0.00995	0.46661	0.00672
6	0.01192	0.00662	0.00930	0.00947	0.00970	0.00660	0.00632	0.02792	0.01084	0.01445	0.01829	0.15795	0.01989	0.08160	0.02445	0.56174	0.00591	0.00914	0.00395	0.00394
7	0.02575	0.02704	0.01934	0.01693	0.02110	0.44852	0.01302	0.11801	0.12886	0.08855	0.01629	0.01667	0.01236	0.00801	0.00672	0.00200	0.01038	0.00562	0.00519	0.00962
8	0.00967	0.00652	0.00815	0.00937	0.01027	0.00614	0.00661	0.01148	0.01430	0.01997	0.03921	0.50880	0.09865	0.01930	0.00838	0.00267	0.00414	0.06820	0.14217	0.00601
9	0.00966	0.00690	0.00939	0.01104	0.01189	0.00663	0.00832	0.01162	0.01461	0.01928	0.03870	0.51088	0.04494	0.02138	0.00935	0.00303	0.00499	0.24473	0.00659	0.00606
10	0.01345	0.01266	0.02136	0.73264	0.04904	0.01582	0.01978	0.01819	0.01424	0.01819	0.01266	0.01898	0.00949	0.00712	0.00712	0.00237	0.00949	0.00633	0.00316	0.00791
11	0.01496	0.01538	0.02693	0.02133	0.02404	0.01798	0.24976	0.01816	0.01327	0.01918	0.01443	0.07615	0.01366	0.01478	0.08221	0.00362	0.35415	0.00825	0.00363	0.00814
12	0.02886	0.01137	0.01534	0.01222	0.01712	0.00998	0.01011	0.03170	0.01963	0.60180	0.02846	0.02882	0.01951	0.00962	0.00720	0.00224	0.00588	0.05808	0.07082	0.01125
13	0.16234	0.01330	0.01542	0.01220	0.01719	0.01316	0.01002	0.14740	0.02080	0.40802	0.02250	0.02097	0.01497	0.00833	0.00647	0.00214	0.00603	0.00640	0.08151	0.01084
14	0.80005	0.01377	0.01047	0.00936	0.01377	0.01597	0.00771	0.02093	0.01212	0.03195	0.00991	0.01157	0.00771	0.00661	0.00441	0.00220	0.00551	0.00386	0.00441	0.00771
15	0.80005	0.01377	0.01047	0.00936	0.01377	0.01597	0.00771	0.02093	0.01212	0.03195	0.00991	0.01157	0.00771	0.00661	0.00441	0.00220	0.00551	0.00386	0.00441	0.00771
16	0.01904	0.75404	0.03731	0.01218	0.01828	0.02818	0.01218	0.02132	0.01447	0.01675	0.00990	0.01142	0.00914	0.00609	0.00457	0.00152	0.00761	0.00381	0.00305	0.00914
17	0.01077	0.00861	0.00982	0.00951	0.01172	0.00840	0.00711	0.01646	0.14241	0.02444	0.28862	0.13466	0.26916	0.01573	0.00827	0.00240	0.00395	0.01357	0.00717	0.00721
18	0.02505	0.01894	0.02023	0.01597	0.02131	0.02114	0.01304	0.54244	0.17592	0.04162	0.01967	0.01914	0.01419	0.00879	0.00715	0.00220	0.00736	0.00677	0.00715	0.01193
19	0.01642	0.01405	0.01920	0.01437	0.01996	0.01264	0.11037	0.08166	0.06407	0.04726	0.04016	0.02164	0.06053	0.00750	0.00704	0.00169	0.03115	0.00648	0.00499	0.41882
20	0.01634	0.01561	0.02658	0.25592	0.50318	0.01658	0.02121	0.02073	0.01561	0.02170	0.01317	0.01804	0.01073	0.00658	0.00707	0.00219	0.00878	0.00634	0.00341	0.01024
21	0.02660	0.03394	0.02018	0.01834	0.02201	0.72116	0.01376	0.02843	0.02018	0.01743	0.01101	0.01284	0.00917	0.00734	0.00642	0.00183	0.01284	0.00459	0.00367	0.00825
22	0.00873	0.00689	0.00787	0.00833	0.00999	0.00604	0.00598	0.01057	0.01594	0.02020	0.14971	0.28456	0.40211	0.01893	0.00863	0.00254	0.00374	0.01641	0.00678	0.00604
23	0.01698	0.01132	0.01224	0.01114	0.01353	0.06606	0.00822	0.02082	0.09644	0.16631	0.05457	0.05492	0.06516	0.24266	0.10551	0.00485	0.00814	0.02752	0.00592	0.00769
24	0.00957	0.00694	0.00944	0.01055	0.01090	0.00710	0.00728	0.01043	0.01300	0.01755	0.03432	0.61860	0.04081	0.02175	0.01200	0.07757	0.06269	0.01780	0.00600	0.00569
25	0.00923	0.00725	0.00835	0.00807	0.01012	0.00636	0.00605	0.01180	0.01816	0.02382	0.38174	0.06098	0.38998	0.01632	0.00841	0.00232	0.00349	0.01397	0.00722	0.00636
26	0.01576	0.26028	0.50239	0.01777	0.02691	0.02016	0.02191	0.02217	0.01486	0.02074	0.01188	0.01391	0.00906	0.00656	0.00608	0.00203	0.00962	0.00481	0.00302	0.01009
27	0.19569	0.01753	0.01962	0.01602	0.04162	0.06636	0.06485	0.26274	0.02287	0.19841	0.01743	0.01750	0.01215	0.00783	0.00659	0.00217	0.00760	0.00606	0.00631	0.01066
28	0.00881	0.00646	0.00827	0.00944	0.01027	0.00593	0.00646	0.01038	0.01476	0.01957	0.12326	0.57239	0.13620	0.02081	0.00892	0.00275	0.00397	0.01867	0.00676	0.00593
29	0.00868	0.00620	0.00826	0.00991	0.01033	0.00578	0.00661	0.00991	0.01363	0.01818	0.03925	0.74510	0.04710	0.02231	0.00909	0.00289	0.00413	0.02024	0.00661	0.00578
30	0.01806	0.67187	0.05627	0.01226	0.01804	0.02602	0.01218	0.02045	0.01442	0.01705	0.01233	0.06999	0.01216	0.00741	0.00500	0.00166	0.00743	0.00516	0.00333	0.00891
31	0.00936	0.00784	0.00823	0.00807	0.01047	0.00702	0.00607	0.01280	0.07051	0.02117	0.14382	0.08073	0.55469	0.01706	0.00834	0.00240	0.00375	0.01435	0.00681	0.00651
32	0.00998	0.00687	0.00843	0.00877	0.00905	0.00698	0.00549	0.01063	0.01119	0.01512	0.02536	0.18683	0.02899	0.49401	0.13572	0.00678	0.00820	0.01196	0.00471	0.00493
33	0.01143	0.01283	0.07239	0.01420	0.01843	0.01031	0.17021	0.01567	0.04591	0.02150	0.09727	0.04942	0.40452	0.01361	0.00823	0.00238	0.00626	0.01219	0.00571	0.00752
34	0.01559	0.08541	0.61170	0.01959	0.02926	0.07347	0.02435	0.02294	0.01541	0.02175	0.01244	0.01461	0.00904	0.00676	0.00659	0.00217	0.01051	0.00511	0.00306	0.01025
35	0.01890	0.02131	0.01791	0.01608	0.01850	0.33962	0.04325	0.02101	0.01569	0.01746	0.01418	0.02011	0.01291	0.06941	0.19575	0.00485	0.11098	0.00622	0.02841	0.00745
36	0.01345	0.01266	0.02136	0.73264	0.04904	0.01582	0.01978	0.01819	0.01424	0.01819	0.01266	0.01898	0.00949	0.00712	0.00712	0.00237	0.00949	0.00633	0.00316	0.00791
37	0.08391	0.01602	0.01665	0.01358	0.01851	0.05795	0.01091	0.19543	0.15797	0.12662	0.02061	0.04457	0.01605	0.00874	0.00668	0.00204	0.00660	0.02707	0.00636	0.16373
38	0.01247	0.00680	0.01042	0.07765	0.01304	0.00710	0.00747	0.01012	0.00975	0.01292	0.01240	0.02139	0.01210	0.02307	0.02587	0.71812	0.00650	0.00620	0.00310	0.00355
39	0.00883	0.00626	0.00822	0.00971	0.01009	0.00589	0.00639	0.00996	0.01332	0.01776	0.03766	0.67908	0.04509	0.09106	0.01166	0.00327	0.00439	0.01931	0.00639	0.00564
40	0.01704	0.45286	0.32100	0.01559	0.02354	0.02329	0.01812	0.02184	0.01471	0.01919	0.01111	0.01294	0.00909	0.00637	0.00549	0.00183	0.00884	0.00442	0.00303	0.00972
41	0.01876	0.01685	0.02706	0.03871	0.58661	0.01711	0.02015	0.06876	0.06532	0.04845	0.01525	0.01844	0.01229	0.00681	0.00707	0.00214	0.00814	0.00650	0.00421	0.01136
42	0.01271	0.07487	0.01543	0.01169	0.01317	0.03664	0.07620	0.01378	0.01198	0.01557	0.02074	0.03776	0.04384	0.49793	0.02757	0.00533	0.06574	0.00921	0.00409	0.00576
43	0.01655	0.01344	0.01749	0.01259	0.01892	0.01074	0.06716	0.04263	0.01598	0.07115	0.01402	0.01588	0.01111	0.00569	0.00574	0.00129	0.00600	0.00486	0.00458	0.64417
44	0.01220	0.06894	0.01182	0.00986	0.01113	0.07591	0.00686	0.01351	0.01417	0.01816	0.15519	0.17642	0.03487	0.31928	0.03787	0.00443	0.00661	0.01162	0.00527	0.00587
45	0.01108	0.00864	0.01214	0.01189	0.01353	0.00834	0.06078	0.07455	0.01615	0.02145	0.05674	0.54560	0.09283	0.01915	0.00878	0.00272	0.00505	0.01737	0.00645	0.00673
46	0.00934	0.00710	0.00859	0.00853	0.01026	0.00636	0.00628	0.01190	0.01796	0.02406	0.40373	0.15644	0.26999	0.01678	0.00850	0.00239	0.00355	0.01462	0.00727	0.00636
47	0.16500	0.01319	0.01924	0.07180	0.02217	0.01281	0.12600	0.02660	0.01708	0.32701	0.02024	0.02056	0.01383	0.00763	0.00661	0.00216	0.00698	0.00657	0.07950	0.03500
48	0.02139	0.01537	0.01707	0.01439	0.01868	0.01670	0.01161	0.33001	0.18068	0.08870	0.02682	0.09652	0.04685	0.01153	0.00764	0.00239	0.00656	0.06936	0.00717	0.01057
49	0.01369	0.00936	0.01122	0.00996	0.01262	0.00900	0.00770	0.09037	0.04502	0.08302	0.43086	0.04871	0.17269	0.01389	0.00812	0.00226	0.00420	0.01192	0.00759	0.00779
50	0.01302	0.00794	0.01038	0.00939	0.01163	0.00720	0.00718	0.01623	0.02002	0.12217	0.58123	0.04987	0.08806	0.01392	0.00823	0.00224	0.00374	0.01218	0.00792	0.00743
51	0.01019	0.00757	0.01115	0.01115	0.01232	0.00874	0.00854	0.01253	0.01136	0.01631	0.01934	0.02946	0.01845	0.10888	0.66694	0.01108	0.01810	0.00785	0.00385	0.00619
52	0.02097	0.01686	0.01749	0.01497	0.01945	0.04285	0.01184	0.18726	0.47931	0.06959	0.02554	0.02376	0.01884	0.00927	0.00718	0.00232	0.00642	0.00750	0.00718	0.01141
53	0.01023	0.00740	0.01029	0.01029	0.01116	0.00827	0.00746	0.01197	0.01110	0.01567	0.02013	0.03383	0.02035	0.27254	0.50587	0.01001	0.01524	0.00849	0.00397	0.00571
54	0.00911	0.00653	0.00865	0.00962	0.01042	0.00607	0.00664	0.01101	0.01566	0.02141	0.24531	0.52983	0.05335	0.01990	0.00887	0.00269	0.00389	0.01795	0.00699	0.00607
55	0.01345	0.01266	0.02136	0.73264	0.04904	0.01582	0.01978	0.01819	0.01424	0.01819	0.01266	0.01898	0.00949	0.00712	0.00712	0.00237	0.00949	0.00633	0.00316	0.00791
56	0.00868	0.00620	0.00826	0.00991	0.01033	0.00578	0.00661	0.00991	0.01363	0.01818	0.03925	0.74510	0.04710	0.02231	0.00909	0.00289	0.00413	0.02024	0.00661	0.00578
57	0.00851	0.00706	0.00745	0.00769	0.00976	0.00600	0.00564	0.01027	0.01595	0.01937	0.08716	0.17277	0.58070	0.01858	0.00852	0.00247	0.00368	0.01577	0.00665	0.00600
58	0.01428	0.03683	0.71286	0.02030	0.03082	0.01654	0.02631	0.02255	0.01503	0.02255	0.01278	0.01503	0.00902	0.00677	0.00677	0.00226	0.01052	0.00526	0.00301	0.01052
59	0.01904	0.75404	0.03731	0.01218	0.01828	0.02818	0.01218	0.02132	0.01447	0.01675	0.00990	0.01142	0.00914	0.00609	0.00457	0.00152	0.00761	0.00381	0.00305	0.00914
60	0.01558	0.01558	0.02181	0.01869	0.01869	0.02181	0.01558	0.01714	0.01091	0.01714	0.00935	0.01558	0.00935	0.01246	0.02337	0.00312	0.73672	0.00623	0.00312	0.00779
61	0.02549	0.02477	0.01840	0.01618	0.02001	0.41163	0.01247	0.06637	0.06396	0.15939	0.01750	0.02056	0.01389	0.04073	0.00859	0.00228	0.03108	0.03224	0.00527	0.00920
62	0.12083	0.01555	0.01665	0.01355	0.01794	0.06411	0.01101	0.18877	0.04000	0.25584	0.06412	0.02394	0.05865	0.00960	0.00820	0.00225	0.06479	0.00716	0.00680	0.01023
63	0.01510	0.01234	0.01440	0.01054	0.01642	0.00959	0.00842	0.03687	0.01579	0.04411	0.04856	0.01947	0.04622	0.00651	0.00568	0.00124	0.00520	0.00529	0.00472	0.67351
64	0.02105	0.01714	0.02220	0.04695	0.02265	0.10486	0.11168	0.09968	0.01769	0.16168	0.01632	0.01935	0.01257	0.01442	0.09790	0.00353	0.18933	0.00673	0.00496	0.00933
65	0.00889	0.00628	0.00820	0.00965	0.01001	0.00592	0.00632	0.00997	0.01322	0.01763	0.03715	0.65794	0.04445	0.11309	0.01248	0.00339	0.00448	0.01901	0.00632	0.00560
66	0.02134	0.01231	0.01448	0.01271	0.01641	0.04198	0.01022	0.09546	0.07934	0.27839	0.07990	0.11846	0.06000	0.01291	0.00793	0.00246	0.00606	0.11261	0.00749	0.00959
67	0.12349	0.01890	0.01765	0.01451	0.01924	0.18611	0.03175	0.07016	0.08211	0.18833	0.01732	0.01758	0.01265	0.00775	0.00708	0.00200	0.03949	0.00568	0.00561	0.13260
68	0.00868	0.00620	0.00826	0.00991	0.01033	0.00578	0.00661	0.00991	0.01363	0.01818	0.03925	0.74510	0.04710	0.02231	0.00909	0.00289	0.00413	0.02024	0.00661	0.00578
69	0.01428	0.01368	0.02383	0.52838	0.15868	0.01588	0.07136	0.01894	0.01466	0.01935	0.01320	0.01916	0.01026	0.00892	0.03837	0.00273	0.00993	0.00655	0.00329	0.00855
70	0.01853	0.02136	0.03510	0.02789	0.08505	0.14594	0.44382	0.02321	0.01681	0.02133	0.01323	0.01758	0.01041	0.00689	0.00936	0.00234	0.08093	0.00734	0.00356	0.00932
71	0.01711	0.01639	0.02797	0.12850	0.62456	0.01678	0.02160	0.02140	0.01597	0.02264	0.01330	0.01779	0.01106	0.00644	0.00706	0.00215	0.00859	0.00634	0.00348	0.01086
72	0.01428	0.03683	0.71286	0.02030	0.03082	0.01654	0.02631	0.02255	0.01503	0.02255	0.01278	0.01503	0.00902	0.00677	0.00677	0.00226	0.01052	0.00526	0.00301	0.01052
73	0.00984	0.00727	0.00919	0.00871	0.01049	0.00662	0.00653	0.01298	0.01960	0.02724	0.61299	0.05535	0.15659	0.01505	0.00840	0.00226	0.00339	0.01318	0.00767	0.00662
74	0.02144	0.01877	0.02106	0.02396	0.23261	0.14705	0.01493	0.08329	0.15100	0.11582	0.03942	0.02185	0.03713	0.00848	0.00758	0.00218	0.03054	0.00692	0.00549	0.01049
75	0.01036	0.00690	0.00777	0.00777	0.00777	0.00690	0.00431	0.01036	0.01036	0.01381	0.02244	0.04660	0.02589	0.74975	0.03624	0.00690	0.00690	0.01036	0.00431	0.00431
76	0.01207	0.00962	0.01115	0.01080	0.01310	0.00994	0.00819	0.02005	0.22522	0.02574	0.27577	0.15377	0.13200	0.01496	0.00823	0.00247	0.00438	0.04740	0.00724	0.00788
77	0.00895	0.00723	0.00795	0.00777	0.00995	0.00624	0.00583	0.01125	0.01749	0.02223	0.27430	0.06360	0.49841	0.01692	0.00841	0.00235	0.00353	0.01434	0.00701	0.00624
78	0.05030	0.01885	0.01988	0.01563	0.02100	0.04221	0.01278	0.49843	0.10919	0.10959	0.01921	0.01864	0.01358	0.00861	0.00704	0.00217	0.00748	0.00655	0.00712	0.01175
79	0.00870	0.00629	0.00824	0.00973	0.01030	0.00583	0.00654	0.01004	0.01398	0.01856	0.06160	0.68460	0.08563	0.02182	0.00903	0.00284	0.00408	0.01971	0.00665	0.00583
80	0.00864	0.00707	0.00767	0.00809	0.01005	0.00609	0.00600	0.01042	0.01573	0.01915	0.06368	0.20222	0.53533	0.01897	0.00863	0.00255	0.00388	0.05322	0.00661	0.00600
81	0.01345	0.01266	0.02136	0.73264	0.04904	0.01582	0.01978	0.01819	0.01424	0.01819	0.01266	0.01898	0.00949	0.00712	0.00712	0.00237	0.00949	0.00633	0.00316	0.00791
82	0.01548	0.21751	0.54267	0.01825	0.02766	0.01947	0.02275	0.02224	0.01489	0.02109	0.01205	0.01412	0.00905	0.00660	0.00621	0.00207	0.00979	0.00490	0.00302	0.01017
83	0.01384	0.01315	0.02165	0.62388	0.06602	0.01659	0.01933	0.01818	0.01389	0.01822	0.01228	0.01853	0.00953	0.00775	0.00910	0.00246	0.09814	0.00632	0.00317	0.00800
84	0.01041	0.00709	0.00824	0.00846	0.00880	0.00703	0.00534	0.01094	0.01147	0.01510	0.02702	0.05227	0.06218	0.61400	0.03126	0.00619	0.00669	0.09807	0.00473	0.00470
85	0.01943	0.01439	0.01909	0.01572	0.01929	0.05861	0.09668	0.09199	0.06642	0.16544	0.13074	0.07795	0.02589	0.01257	0.03224	0.00272	0.09827	0.03708	0.00626	0.00923
86	0.01794	0.58807	0.19364	0.01406	0.02118	0.02548	0.01545	0.02161	0.01460	0.01809	0.01057	0.01226	0.00911	0.00625	0.00508	0.00169	0.00829	0.00414	0.00304	0.00946
87	0.01138	0.00691	0.00729	0.00720	0.00906	0.00648	0.00540	0.01429	0.01619	0.02487	0.15340	0.04273	0.21570	0.01206	0.00652	0.00196	0.00341	0.01003	0.43865	0.00648
88	0.00880	0.00675	0.00811	0.00913	0.01041	0.00606	0.00653	0.01042	0.01486	0.01884	0.05184	0.43050	0.30004	0.02045	0.00889	0.00273	0.00412	0.06899	0.00661	0.00593
89	0.03890	0.01037	0.01229	0.01035	0.01401	0.00926	0.00797	0.01836	0.07968	0.06191	0.22966	0.06277	0.03316	0.06932	0.00929	0.00227	0.00490	0.03319	0.00606	0.28627
90	0.00854	0.00673	0.00772	0.00851	0.00996	0.00590	0.00598	0.01007	0.01499	0.01873	0.05638	0.39270	0.38844	0.02008	0.00874	0.00264	0.00386	0.01753	0.00661	0.00590
91	0.80005	0.01377	0.01047	0.00936	0.01377	0.01597	0.00771	0.02093	0.01212	0.03195	0.00991	0.01157	0.00771	0.00661	0.00441	0.00220	0.00551	0.00386	0.00441	0.00771
92	0.01345	0.01266	0.02136	0.73264	0.04904	0.01582	0.01978	0.01819	0.01424	0.01819	0.01266	0.01898	0.00949	0.00712	0.00712	0.00237	0.00949	0.00633	0.00316	0.00791
93	0.01862	0.69162	0.09611	0.01289	0.01937	0.02716	0.01341	0.02143	0.01452	0.01726	0.01015	0.01174	0.00913	0.00615	0.00476	0.00159	0.00787	0.00393	0.00304	0.00926
94	0.00950	0.00654	0.00802	0.00886	0.00907	0.00633	0.00548	0.01013	0.01202	0.01603	0.03099	0.40190	0.03668	0.37974	0.02243	0.00486	0.00549	0.01538	0.00548	0.00506
95	0.00985	0.00727	0.00921	0.00872	0.01050	0.00662	0.00654	0.01300	0.01963	0.02730	0.61652	0.05526	0.15303	0.01503	0.00840	0.00226	0.00339	0.01317	0.00767	0.00662
96	0.01345	0.01266	0.02136	0.73264	0.04904	0.01582	0.01978	0.01819	0.01424	0.01819	0.01266	0.01898	0.00949	0.00712	0.00712	0.00237	0.00949	0.00633	0.00316	0.00791
97	0.00868	0.00620	0.00826	0.00991	0.01033	0.00578	0.00661	0.00991	0.01363	0.01818	0.03925	0.74510	0.04710	0.02231	0.00909	0.00289	0.00413	0.02024	0.00661	0.00578
98	0.00868	0.00620	0.00826	0.00991	0.01033	0.00578	0.00661	0.00991	0.01363	0.01818	0.03925	0.74510	0.04710	0.02231	0.00909	0.00289	0.00413	0.02024	0.00661	0.00578
99	0.01681	0.01921	0.04202	0.03001	0.03721	0.01801	0.67947	0.02281	0.01681	0.02281	0.01441	0.01921	0.01080	0.00600	0.00840	0.00240	0.01200	0.00840	0.00360	0.00960
100	0.02589	0.03245	0.01985	0.01804	0.02173	0.66512	0.01356	0.02918	0.07374	0.01841	0.01244	0.01393	0.01017	0.00752	0.00649	0.00188	0.01227	0.00486	0.00395	0.00850
101	0.00999	0.00728	0.00939	0.00886	0.01058	0.00668	0.00665	0.01326	0.01995	0.02805	0.66778	0.05401	0.10129	0.01474	0.00840	0.00225	0.00337	0.01299	0.00777	0.00668
102	0.06508	0.01253	0.01647	0.01269	0.01816	0.01121	0.01048	0.06232	0.02059	0.65179	0.02682	0.02337	0.01696	0.00871	0.00704	0.00220	0.00611	0.00698	0.00855	0.01193
103	0.01345	0.01266	0.02136	0.73264	0.04904	0.01582	0.01978	0.01819	0.01424	0.01819	0.01266	0.01898	0.00949	0.00712	0.00712	0.00237	0.00949	0.00633	0.00316	0.00791
104	0.00848	0.00722	0.00730	0.00728	0.00966	0.00604	0.00546	0.01034	0.01637	0.01958	0.09514	0.06797	0.67922	0.01791	0.00842	0.00240	0.00360	0.01495	0.00666	0.00604
105	0.01531	0.01304	0.01504	0.01097	0.01713	0.01040	0.00877	0.03827	0.06007	0.02426	0.01386	0.01561	0.01133	0.00566	0.00546	0.00118	0.00537	0.00453	0.00450	0.71923
106	0.01448	0.03543	0.65941	0.02107	0.03133	0.01665	0.07835	0.02257	0.01517	0.02257	0.01291	0.01537	0.00916	0.00670	0.00690	0.00227	0.01064	0.00551	0.00305	0.01045
107	0.01015	0.00694	0.00771	0.00771	0.00796	0.00681	0.00443	0.01034	0.01098	0.01439	0.02776	0.04895	0.09834	0.67139	0.03326	0.00642	0.00655	0.01086	0.00456	0.00450
108	0.01639	0.14250	0.48332	0.01981	0.02872	0.08432	0.08475	0.02294	0.01560	0.02123	0.01233	0.01468	0.00922	0.00665	0.00656	0.00212	0.01044	0.00528	0.00313	0.01002
109	0.01962	0.01756	0.03236	0.02380	0.02991	0.04261	0.43255	0.07916	0.01868	0.13017	0.01996	0.06558	0.03591	0.00808	0.00807	0.00236	0.01002	0.00883	0.00498	0.00980
110	0.00881	0.00625	0.00822	0.00975	0.01013	0.00587	0.00643	0.00995	0.01338	0.01783	0.03793	0.69036	0.04543	0.07932	0.01122	0.00321	0.00435	0.01947	0.00643	0.00567
111	0.01237	0.00618	0.00928	0.00928	0.00928	0.00618	0.00618	0.00928	0.00928	0.01237	0.01237	0.02165	0.01237	0.02474	0.02783	0.79283	0.00618	0.00618	0.00309	0.00309
112	0.01571	0.01526	0.02681	0.34538	0.35425	0.01654	0.08244	0.02033	0.01540	0.02099	0.01316	0.01837	0.01045	0.00665	0.00721	0.00226	0.00925	0.00653	0.00337	0.00964
113	0.01904	0.75404	0.03731	0.01218	0.01828	0.02818	0.01218	0.02132	0.01447	0.01675	0.00990	0.01142	0.00914	0.00609	0.00457	0.00152	0.00761	0.00381	0.00305	0.00914
114	0.00871	0.00711	0.00774	0.00811	0.01012	0.00614	0.00606	0.01056	0.01591	0.01944	0.08033	0.18095	0.53207	0.01877	0.00862	0.00254	0.00389	0.06024	0.00664	0.00603
115	0.00868	0.00620	0.00826	0.00991	0.01033	0.00578	0.00661	0.00991	0.01363	0.01818	0.03925	0.74510	0.04710	0.02231	0.00909	0.00289	0.00413	0.02024	0.00661	0.00578
116	0.03917	0.01457	0.01508	0.01424	0.01597	0.13568	0.02976	0.01862	0.07664	0.01982	0.02382	0.22451	0.02503	0.04236	0.04288	0.00318	0.14867	0.07107	0.03159	0.00735
