[name]
unknown

[dist]
# distance from previous block
# <min> <max>
0	493

[block]
# block no. 0 follows, 30 sequences, length 55
# corresponding to MSA columns:
# 493-547
name=unknown_A
#
# <colnr> <probs for GDERKNQSTAVLIFYWHMCP>
#	G	D	E	R	K	N	Q	S	T	A	V	L	I	F	Y	W	H	M	C	P
0	0.01256	0.00817	0.02944	0.01033	0.01177	0.00743	0.00780	0.03460	0.01349	0.07597	0.02883	0.25680	0.07902	0.04169	0.06881	0.23597	0.00640	0.05980	0.00530	0.00583
1	0.01750	0.07321	0.11302	0.05042	0.29863	0.08246	0.12328	0.04066	0.06135	0.02270	0.04014	0.01826	0.01309	0.00689	0.00692	0.00210	0.00906	0.00642	0.00387	0.01004
2	0.01866	0.75896	0.03657	0.01194	0.01791	0.02761	0.01194	0.02090	0.01418	0.01642	0.00970	0.01119	0.00896	0.00597	0.00448	0.00149	0.00746	0.00373	0.00299	0.00896
3	0.02006	0.07433	0.20788	0.01897	0.09373	0.03616	0.04198	0.13624	0.09419	0.13250	0.01793	0.03989	0.01349	0.00785	0.00675	0.00211	0.00802	0.00645	0.00519	0.03627
4	0.01318	0.01240	0.02093	0.73798	0.04806	0.01550	0.01938	0.01783	0.01395	0.01783	0.01240	0.01860	0.00930	0.00698	0.00698	0.00233	0.00930	0.00620	0.00310	0.00775
5	0.01015	0.00677	0.00761	0.00761	0.00761	0.00677	0.00423	0.01015	0.01015	0.01353	0.02199	0.04567	0.02537	0.75476	0.03552	0.00677	0.00677	0.01015	0.00423	0.00423
6	0.02753	0.01439	0.02128	0.01601	0.02168	0.01356	0.12840	0.13532	0.04260	0.46769	0.02352	0.02186	0.01538	0.00814	0.00723	0.00219	0.00721	0.00714	0.00744	0.01142
7	0.01549	0.01541	0.02215	0.02104	0.09531	0.02084	0.01595	0.01731	0.01127	0.01746	0.00960	0.01549	0.00937	0.01155	0.02112	0.00294	0.66046	0.00612	0.00310	0.00801
8	0.00864	0.00670	0.00809	0.00874	0.01011	0.00615	0.00625	0.01035	0.01456	0.01868	0.09017	0.34612	0.31697	0.02306	0.08840	0.00353	0.00542	0.01592	0.00625	0.00588
9	0.01688	0.00904	0.01166	0.01042	0.01343	0.00797	0.00792	0.01962	0.03454	0.24562	0.14697	0.25985	0.08319	0.01408	0.00773	0.00229	0.00464	0.01229	0.00717	0.08469
10	0.02107	0.02102	0.02268	0.09515	0.23297	0.22490	0.03916	0.09416	0.10118	0.05720	0.01532	0.01740	0.01188	0.00730	0.00682	0.00207	0.00926	0.00603	0.00452	0.00993
11	0.01974	0.65262	0.03411	0.01282	0.01845	0.13006	0.01217	0.02192	0.01500	0.01651	0.00986	0.01140	0.00896	0.00615	0.00474	0.00154	0.00821	0.00384	0.00307	0.00883
12	0.01544	0.01237	0.01457	0.01046	0.01661	0.00936	0.00838	0.01851	0.01479	0.06254	0.01327	0.01500	0.01073	0.00537	0.00527	0.00110	0.00521	0.00430	0.00439	0.75232
13	0.01467	0.01393	0.02363	0.48386	0.29050	0.01590	0.02012	0.01914	0.01466	0.01965	0.01267	0.01812	0.00994	0.00670	0.00695	0.00223	0.00893	0.00621	0.00323	0.00896
14	0.01012	0.00690	0.00827	0.00827	0.00850	0.00712	0.00505	0.01057	0.01034	0.01402	0.02139	0.04234	0.02393	0.62670	0.16160	0.00758	0.00894	0.00966	0.00414	0.00459
15	0.01596	0.01507	0.02490	0.29230	0.39809	0.01670	0.01996	0.04230	0.01539	0.02128	0.01270	0.01759	0.01031	0.00699	0.00807	0.00223	0.06087	0.00621	0.00342	0.00964
16	0.19882	0.01548	0.02020	0.24383	0.08649	0.06582	0.08880	0.04677	0.06663	0.02370	0.01600	0.01914	0.04379	0.00759	0.00697	0.00225	0.02882	0.00629	0.00411	0.00851
17	0.00861	0.00701	0.00767	0.00796	0.00995	0.00606	0.00598	0.01052	0.01584	0.01951	0.10941	0.16007	0.52457	0.01812	0.00844	0.00247	0.00379	0.06152	0.00656	0.00595
18	0.01456	0.01253	0.01479	0.03908	0.01785	0.00993	0.00884	0.01852	0.04736	0.02286	0.01317	0.01519	0.01082	0.00545	0.00533	0.00115	0.00535	0.00440	0.00424	0.72860
19	0.01683	0.01613	0.02754	0.11700	0.64047	0.01647	0.02120	0.02103	0.01568	0.02227	0.01305	0.01741	0.01087	0.00630	0.00692	0.00210	0.00840	0.00622	0.00342	0.01070
20	0.02131	0.01549	0.01948	0.04404	0.13744	0.04286	0.01350	0.21683	0.04028	0.15116	0.12107	0.02339	0.02056	0.00930	0.00891	0.00223	0.08859	0.00731	0.00608	0.01016
21	0.01482	0.06024	0.53126	0.02278	0.07924	0.01692	0.13350	0.02205	0.01508	0.02197	0.01272	0.01545	0.00929	0.00645	0.00683	0.00220	0.01030	0.00568	0.00308	0.01016
22	0.01492	0.01302	0.02119	0.46763	0.18188	0.01490	0.01801	0.04304	0.01583	0.04811	0.07961	0.02166	0.01547	0.00763	0.00708	0.00224	0.00833	0.00685	0.00397	0.00865
23	0.01728	0.01647	0.02743	0.04079	0.66188	0.01664	0.02068	0.02253	0.06450	0.02325	0.01421	0.01790	0.01178	0.00645	0.00692	0.00209	0.00809	0.00634	0.00371	0.01105
24	0.00954	0.00712	0.00886	0.00843	0.01022	0.00644	0.00632	0.01252	0.01896	0.02611	0.57670	0.05521	0.19786	0.01497	0.00823	0.00223	0.00334	0.01305	0.00743	0.00644
25	0.01727	0.01658	0.02832	0.04283	0.71123	0.01658	0.02142	0.02142	0.01589	0.02280	0.01313	0.01727	0.01105	0.00622	0.00691	0.00207	0.00829	0.00622	0.00345	0.01105
26	0.00831	0.00707	0.00715	0.00713	0.00946	0.00592	0.00535	0.01013	0.01605	0.01920	0.09487	0.06659	0.68400	0.01754	0.00825	0.00235	0.00353	0.01465	0.00653	0.00592
27	0.01866	0.75896	0.03657	0.01194	0.01791	0.02761	0.01194	0.02090	0.01418	0.01642	0.00970	0.01119	0.00896	0.00597	0.00448	0.00149	0.00746	0.00373	0.00299	0.00896
28	0.01803	0.04512	0.06072	0.06121	0.55489	0.04507	0.02032	0.06902	0.01706	0.02365	0.01312	0.01675	0.01079	0.00645	0.00679	0.00206	0.00852	0.00601	0.00366	0.01077
29	0.01318	0.01240	0.02093	0.73798	0.04806	0.01550	0.01938	0.01783	0.01395	0.01783	0.01240	0.01860	0.00930	0.00698	0.00698	0.00233	0.00930	0.00620	0.00310	0.00775
30	0.01015	0.00677	0.00761	0.00761	0.00761	0.00677	0.00423	0.01015	0.01015	0.01353	0.02199	0.04567	0.02537	0.75476	0.03552	0.00677	0.00677	0.01015	0.00423	0.00423
31	0.01591	0.01952	0.11268	0.07618	0.18330	0.01676	0.40253	0.02146	0.01597	0.02203	0.01531	0.01946	0.03137	0.00646	0.00768	0.00227	0.01043	0.00751	0.00351	0.00966
32	0.16620	0.01689	0.05075	0.01360	0.01906	0.01682	0.01165	0.34506	0.02389	0.16208	0.01715	0.01711	0.01203	0.00776	0.00629	0.00203	0.00675	0.00577	0.03297	0.06612
33	0.01124	0.00803	0.01124	0.01285	0.01446	0.00803	0.01124	0.01446	0.01606	0.02088	0.03695	0.07871	0.04016	0.01928	0.00964	0.00321	0.00643	0.66426	0.00643	0.00643
34	0.01015	0.00677	0.00761	0.00761	0.00761	0.00677	0.00423	0.01015	0.01015	0.01353	0.02199	0.04567	0.02537	0.75476	0.03552	0.00677	0.00677	0.01015	0.00423	0.00423
35	0.01845	0.11469	0.14438	0.02447	0.23561	0.06569	0.01757	0.10278	0.12017	0.02462	0.01494	0.01690	0.01180	0.00741	0.00747	0.00211	0.05045	0.00586	0.00426	0.01036
36	0.01926	0.63174	0.07374	0.01311	0.01905	0.10953	0.01292	0.02179	0.01487	0.01682	0.00999	0.01156	0.00895	0.00615	0.00482	0.00157	0.00823	0.00390	0.00305	0.00893
37	0.04740	0.16239	0.21237	0.02767	0.32014	0.05283	0.01965	0.04044	0.01577	0.02205	0.01218	0.01498	0.00986	0.00640	0.00625	0.00199	0.00875	0.00529	0.00337	0.01021
38	0.01745	0.01730	0.02702	0.16063	0.47714	0.06755	0.06460	0.04428	0.01645	0.02222	0.01302	0.01725	0.01060	0.00647	0.00697	0.00212	0.00899	0.00623	0.00353	0.01018
39	0.01015	0.00677	0.00761	0.00761	0.00761	0.00677	0.00423	0.01015	0.01015	0.01353	0.02199	0.04567	0.02537	0.75476	0.03552	0.00677	0.00677	0.01015	0.00423	0.00423
40	0.02013	0.02040	0.02444	0.02911	0.33446	0.21194	0.07568	0.02444	0.05307	0.06892	0.05734	0.01917	0.01479	0.00729	0.00695	0.00205	0.00917	0.00646	0.00430	0.00987
41	0.01031	0.00820	0.01143	0.01025	0.01241	0.00763	0.05492	0.01407	0.04468	0.02566	0.49736	0.09110	0.15622	0.01444	0.00823	0.00227	0.00406	0.01286	0.00711	0.00680
42	0.01767	0.01784	0.02830	0.06394	0.50682	0.06907	0.10512	0.02283	0.05763	0.02252	0.01398	0.01771	0.01140	0.00647	0.00705	0.00212	0.00892	0.00645	0.00368	0.01050
43	0.01198	0.00825	0.01201	0.01154	0.01302	0.00955	0.00908	0.01446	0.01197	0.06654	0.01889	0.02629	0.01691	0.04447	0.59495	0.00957	0.06443	0.00731	0.04203	0.00674
44	0.01793	0.01754	0.05673	0.01490	0.01900	0.07074	0.01223	0.06855	0.51347	0.02802	0.05056	0.02435	0.02027	0.00939	0.00781	0.00233	0.04179	0.00749	0.00642	0.01049
45	0.01011	0.00762	0.00944	0.00908	0.01097	0.00717	0.00694	0.01405	0.05665	0.02597	0.51239	0.05515	0.17209	0.01494	0.00827	0.00230	0.00368	0.05911	0.00735	0.00670
46	0.01866	0.75896	0.03657	0.01194	0.01791	0.02761	0.01194	0.02090	0.01418	0.01642	0.00970	0.01119	0.00896	0.00597	0.00448	0.00149	0.00746	0.00373	0.00299	0.00896
47	0.01727	0.01658	0.02832	0.04283	0.71123	0.01658	0.02142	0.02142	0.01589	0.02280	0.01313	0.01727	0.01105	0.00622	0.00691	0.00207	0.00829	0.00622	0.00345	0.01105
48	0.01194	0.01050	0.01718	0.45732	0.03431	0.01289	0.01526	0.01576	0.01290	0.01720	0.01483	0.02201	0.01245	0.02449	0.28508	0.00576	0.01293	0.00669	0.00335	0.00716
49	0.80405	0.01350	0.01026	0.00918	0.01350	0.01565	0.00756	0.02051	0.01188	0.03131	0.00972	0.01134	0.00756	0.00648	0.00432	0.00216	0.00540	0.00378	0.00432	0.00756
50	0.01333	0.01256	0.02121	0.71164	0.07319	0.01554	0.01946	0.01797	0.01403	0.01802	0.01243	0.01855	0.00937	0.00695	0.00697	0.00232	0.00926	0.00620	0.00311	0.00788
51	0.01593	0.01400	0.01885	0.05896	0.19934	0.01256	0.01269	0.05784	0.04272	0.02396	0.01347	0.01601	0.01098	0.00589	0.00590	0.00149	0.00636	0.00506	0.00418	0.47380
52	0.00991	0.00767	0.00896	0.00859	0.01062	0.00708	0.00644	0.03041	0.04437	0.02441	0.38387	0.09728	0.30341	0.01566	0.00820	0.00230	0.00363	0.01349	0.00712	0.00658
53	0.02413	0.02888	0.02158	0.02126	0.11235	0.53580	0.04000	0.06684	0.01973	0.01989	0.01165	0.01376	0.00955	0.00701	0.00645	0.00184	0.01140	0.00496	0.00380	0.03911
54	0.01577	0.01848	0.10687	0.07771	0.30382	0.01647	0.22304	0.02059	0.01535	0.02161	0.01452	0.05950	0.01245	0.00748	0.00839	0.00229	0.05489	0.00749	0.00355	0.00974

[dist]
# distance from previous block
# <min> <max>
0	1

[block]
# block no. 1 follows, 30 sequences, length 24
# corresponding to MSA columns:
# 549-572
name=unknown_B
#
# <colnr> <probs for GDERKNQSTAVLIFYWHMCP>
#	G	D	E	R	K	N	Q	S	T	A	V	L	I	F	Y	W	H	M	C	P
0	0.02136	0.01672	0.01980	0.01756	0.06977	0.01841	0.04646	0.26481	0.34092	0.07370	0.02243	0.02164	0.01647	0.00862	0.00710	0.00224	0.00682	0.00717	0.00671	0.01130
1	0.02378	0.07151	0.08845	0.01767	0.05669	0.12257	0.01469	0.41610	0.06366	0.03432	0.01548	0.01613	0.01145	0.00783	0.00669	0.00204	0.00853	0.00583	0.00567	0.01090
2	0.02340	0.01704	0.01875	0.01526	0.01992	0.08301	0.04545	0.26518	0.14653	0.16966	0.04770	0.02410	0.01787	0.01056	0.03073	0.00250	0.00774	0.03726	0.00674	0.01061
3	0.01539	0.23052	0.50553	0.01751	0.02639	0.01933	0.02144	0.02239	0.04262	0.02086	0.01241	0.01424	0.00938	0.00657	0.00607	0.00202	0.00935	0.00488	0.00313	0.00998
4	0.02055	0.34593	0.09294	0.01500	0.02005	0.30866	0.01353	0.02310	0.01645	0.01732	0.01231	0.06088	0.01141	0.00758	0.00571	0.00177	0.00959	0.00524	0.00346	0.00852
5	0.00877	0.00624	0.00828	0.00982	0.01028	0.00588	0.00668	0.01005	0.01338	0.01780	0.03754	0.67061	0.04472	0.05837	0.01029	0.00306	0.00434	0.06190	0.00636	0.00565
6	0.01454	0.01532	0.06632	0.46528	0.23384	0.01595	0.05107	0.01931	0.01466	0.01970	0.01269	0.01800	0.00983	0.00669	0.00699	0.00225	0.00919	0.00624	0.00321	0.00892
7	0.01669	0.04190	0.02657	0.20288	0.50729	0.04285	0.02032	0.02080	0.01552	0.02121	0.01275	0.01720	0.01050	0.00642	0.00682	0.00210	0.00866	0.00606	0.00336	0.01010
8	0.01001	0.00731	0.01039	0.01039	0.01135	0.00827	0.00769	0.01193	0.01097	0.01559	0.01945	0.03159	0.01926	0.21309	0.56883	0.01020	0.01596	0.00809	0.00385	0.00577
9	0.00997	0.00748	0.01121	0.01121	0.01246	0.00872	0.00872	0.01246	0.01121	0.01620	0.01869	0.02741	0.01745	0.05234	0.72710	0.01121	0.01869	0.00748	0.00374	0.00623
10	0.01682	0.32599	0.28180	0.01606	0.02247	0.02159	0.01755	0.02108	0.01396	0.04627	0.01134	0.01375	0.00928	0.00749	0.00882	0.00207	0.14630	0.00483	0.00321	0.00932
11	0.00908	0.00693	0.00988	0.01066	0.01165	0.00653	0.03809	0.01074	0.01376	0.01821	0.03891	0.58490	0.09724	0.02216	0.04481	0.00321	0.00523	0.05588	0.00620	0.00593
12	0.07958	0.20990	0.13671	0.01510	0.02135	0.06447	0.01442	0.30490	0.02236	0.03035	0.01329	0.01431	0.01011	0.00719	0.00601	0.00192	0.00812	0.00511	0.00484	0.02997
13	0.02372	0.07781	0.10550	0.01597	0.02192	0.04388	0.01440	0.50759	0.02825	0.03771	0.04406	0.01741	0.01342	0.00819	0.00678	0.00206	0.00796	0.00616	0.00611	0.01112
14	0.10629	0.17246	0.10101	0.01487	0.02061	0.07473	0.01358	0.28926	0.09052	0.03099	0.01479	0.01542	0.01119	0.00750	0.00610	0.00200	0.00784	0.00539	0.00518	0.01026
15	0.01724	0.20586	0.39680	0.01678	0.02502	0.01946	0.01934	0.13284	0.01761	0.02443	0.01254	0.01420	0.00946	0.00668	0.00609	0.00195	0.00889	0.00494	0.00370	0.05619
16	0.01864	0.21502	0.33246	0.01663	0.02433	0.02060	0.01836	0.19947	0.04552	0.02674	0.01354	0.01480	0.01015	0.00703	0.00619	0.00200	0.00870	0.00520	0.00419	0.01041
17	0.04895	0.26088	0.17913	0.01505	0.02144	0.06773	0.01501	0.21330	0.01993	0.02643	0.01364	0.04303	0.01123	0.00752	0.00598	0.00191	0.00822	0.00548	0.00439	0.03076
18	0.01808	0.16222	0.33034	0.01636	0.02370	0.01872	0.01789	0.15612	0.07470	0.05447	0.01608	0.05277	0.01272	0.00794	0.00647	0.00210	0.00837	0.00616	0.00452	0.01026
19	0.08555	0.16539	0.28080	0.04104	0.07375	0.01825	0.01736	0.08254	0.06157	0.04383	0.03438	0.01636	0.01201	0.00706	0.00612	0.00202	0.00811	0.00540	0.00409	0.03435
20	0.06454	0.18124	0.30855	0.01777	0.04499	0.07463	0.04574	0.12489	0.01785	0.04011	0.01271	0.01439	0.00960	0.00680	0.00616	0.00201	0.00910	0.00510	0.00387	0.00995
21	0.04086	0.14498	0.22281	0.01822	0.09626	0.03837	0.01640	0.12208	0.09036	0.07110	0.01591	0.01751	0.01213	0.02423	0.00694	0.00214	0.00800	0.00572	0.03581	0.01015
22	0.04709	0.10258	0.31053	0.04452	0.06647	0.08058	0.01813	0.08295	0.01705	0.06908	0.02844	0.01627	0.01134	0.00826	0.02655	0.00227	0.00918	0.00540	0.00402	0.04929
23	0.01591	0.11460	0.18436	0.06554	0.07154	0.04512	0.08151	0.06104	0.04794	0.04220	0.05378	0.09505	0.04916	0.00918	0.00694	0.00214	0.00801	0.00792	0.00448	0.03359

[dist]
# distance from previous block
# <min> <max>
8	119

[block]
# block no. 2 follows, 30 sequences, length 42
# corresponding to MSA columns:
# 706-747
name=unknown_C
#
# <colnr> <probs for GDERKNQSTAVLIFYWHMCP>
#	G	D	E	R	K	N	Q	S	T	A	V	L	I	F	Y	W	H	M	C	P
0	0.04280	0.09116	0.03961	0.09612	0.08194	0.12567	0.01280	0.06357	0.03962	0.09707	0.05560	0.09276	0.06070	0.01047	0.00705	0.00221	0.00752	0.05948	0.00520	0.00865
1	0.01618	0.15090	0.12058	0.13626	0.12527	0.06124	0.01561	0.08691	0.01703	0.02229	0.06851	0.11344	0.01874	0.00928	0.00677	0.00212	0.00787	0.00777	0.00432	0.00889
2	0.12172	0.04125	0.11275	0.07033	0.26333	0.03889	0.03751	0.04059	0.03385	0.02354	0.04451	0.02149	0.06931	0.00806	0.00741	0.00218	0.04319	0.00667	0.00407	0.00933
3	0.01837	0.11221	0.13988	0.07848	0.17439	0.09424	0.01694	0.14286	0.01846	0.02413	0.01509	0.08096	0.01329	0.00841	0.00721	0.00212	0.03232	0.00677	0.00420	0.00965
4	0.13253	0.18942	0.22584	0.01739	0.08888	0.03902	0.01611	0.07331	0.03784	0.07863	0.03141	0.01581	0.01165	0.00701	0.00594	0.00201	0.00795	0.00523	0.00423	0.00978
5	0.19501	0.12393	0.06296	0.08098	0.08563	0.07338	0.01366	0.14806	0.01822	0.09210	0.01351	0.01514	0.01021	0.00724	0.00648	0.00206	0.03201	0.00521	0.00467	0.00953
6	0.11290	0.02208	0.18861	0.02097	0.14509	0.09238	0.03831	0.13211	0.03765	0.02626	0.01593	0.04419	0.01353	0.00950	0.02597	0.00245	0.00884	0.04918	0.00444	0.00961
7	0.05988	0.04381	0.22969	0.02410	0.23689	0.04931	0.03738	0.02180	0.03972	0.06478	0.04060	0.02265	0.08342	0.00805	0.00681	0.00214	0.00814	0.00683	0.00422	0.00978
8	0.01073	0.00816	0.01059	0.01051	0.01228	0.00780	0.02861	0.06475	0.01715	0.02279	0.18933	0.32046	0.16204	0.01760	0.00855	0.00258	0.00458	0.08820	0.00669	0.00660
9	0.01931	0.20368	0.02180	0.01308	0.01822	0.04274	0.01107	0.10929	0.15985	0.07424	0.01648	0.01698	0.01286	0.00733	0.00665	0.00177	0.04202	0.00540	0.00508	0.21213
10	0.01834	0.19298	0.16487	0.04134	0.15235	0.08471	0.03834	0.08715	0.01759	0.04299	0.06061	0.01746	0.01388	0.00715	0.00633	0.00194	0.00848	0.00574	0.00406	0.03369
11	0.08075	0.07816	0.09930	0.02368	0.21418	0.06119	0.05766	0.12600	0.14180	0.02689	0.01576	0.01737	0.01220	0.00722	0.00657	0.00211	0.00810	0.00605	0.00464	0.01037
12	0.01032	0.00767	0.00910	0.00912	0.01095	0.00720	0.00668	0.01404	0.07738	0.04317	0.25465	0.24317	0.24696	0.01675	0.00828	0.00243	0.00385	0.01462	0.00697	0.00668
13	0.01687	0.01592	0.02666	0.17097	0.56108	0.01658	0.02072	0.04676	0.01619	0.02270	0.01313	0.01750	0.01076	0.00644	0.00692	0.00212	0.00845	0.00622	0.00353	0.01047
14	0.04591	0.15876	0.13145	0.02426	0.18745	0.06632	0.13185	0.08776	0.05819	0.02380	0.01357	0.01599	0.01069	0.00665	0.00653	0.00204	0.00899	0.00585	0.00391	0.01003
15	0.01505	0.01431	0.02431	0.42068	0.35077	0.01600	0.02031	0.01947	0.01484	0.02010	0.01273	0.01800	0.01010	0.00663	0.00695	0.00221	0.00884	0.00621	0.00326	0.00926
16	0.00850	0.00607	0.00810	0.00972	0.01012	0.00567	0.00648	0.00972	0.01336	0.01781	0.03846	0.75020	0.04615	0.02186	0.00891	0.00283	0.00405	0.01984	0.00648	0.00567
17	0.01457	0.01514	0.06671	0.17576	0.26967	0.03369	0.03890	0.01995	0.07933	0.02101	0.01919	0.15353	0.01811	0.01109	0.03041	0.00260	0.00816	0.00887	0.00426	0.00903
18	0.01958	0.66870	0.03448	0.01269	0.01837	0.11456	0.01213	0.02176	0.01488	0.01650	0.00984	0.01137	0.00896	0.00612	0.00470	0.00153	0.00810	0.00383	0.00306	0.00885
19	0.00991	0.00747	0.00961	0.01006	0.01171	0.00658	0.00721	0.01172	0.01401	0.01935	0.05660	0.53126	0.03954	0.01821	0.00823	0.00250	0.00443	0.06921	0.00607	0.15631
20	0.02074	0.09682	0.21948	0.01692	0.02318	0.18461	0.01641	0.18379	0.12292	0.02665	0.01524	0.01607	0.01148	0.00754	0.00650	0.00204	0.00923	0.00555	0.00468	0.01014
21	0.00932	0.00711	0.00856	0.00820	0.01008	0.00635	0.00615	0.01209	0.01844	0.02487	0.49065	0.05725	0.28468	0.01543	0.00824	0.00225	0.00337	0.01334	0.00727	0.00635
22	0.01970	0.65651	0.03420	0.01279	0.01843	0.12631	0.01216	0.02188	0.01497	0.01651	0.00985	0.01139	0.00896	0.00614	0.00473	0.00154	0.00819	0.00384	0.00307	0.00883
23	0.00998	0.00742	0.01093	0.01093	0.01208	0.00857	0.00837	0.01228	0.01113	0.01599	0.01895	0.02885	0.01807	0.10753	0.67277	0.01087	0.01775	0.00769	0.00378	0.00607
24	0.02943	0.01148	0.01545	0.01198	0.01713	0.00990	0.00985	0.03205	0.01964	0.65914	0.03105	0.02730	0.07370	0.00937	0.00712	0.00218	0.00574	0.00765	0.00846	0.01139
25	0.01318	0.01240	0.02093	0.73798	0.04806	0.01550	0.01938	0.01783	0.01395	0.01783	0.01240	0.01860	0.00930	0.00698	0.00698	0.00233	0.00930	0.00620	0.00310	0.00775
26	0.80405	0.01350	0.01026	0.00918	0.01350	0.01565	0.00756	0.02051	0.01188	0.03131	0.00972	0.01134	0.00756	0.00648	0.00432	0.00216	0.00540	0.00378	0.00432	0.00756
27	0.01400	0.03610	0.71860	0.01989	0.03020	0.01621	0.02578	0.02210	0.01473	0.02210	0.01252	0.01473	0.00884	0.00663	0.00663	0.00221	0.01031	0.00516	0.00295	0.01031
28	0.74096	0.01399	0.01112	0.00973	0.01416	0.01614	0.00802	0.07467	0.01357	0.03234	0.01029	0.01178	0.00791	0.00663	0.00453	0.00215	0.00558	0.00398	0.00453	0.00791
29	0.01398	0.03958	0.03472	0.12256	0.07310	0.01042	0.01083	0.01761	0.03917	0.11129	0.20393	0.11702	0.15294	0.01255	0.00763	0.00228	0.00550	0.01088	0.00609	0.00792
30	0.00847	0.00620	0.00796	0.00937	0.01003	0.00570	0.00632	0.00976	0.01369	0.01795	0.04267	0.66101	0.13263	0.02132	0.00882	0.00277	0.00398	0.01917	0.00648	0.00570
31	0.01277	0.01092	0.06862	0.01377	0.04385	0.00896	0.05893	0.01565	0.01524	0.08637	0.09323	0.24870	0.07117	0.06211	0.05518	0.00339	0.00680	0.11120	0.00586	0.00728
32	0.02137	0.01678	0.01782	0.01479	0.01940	0.01894	0.01185	0.33099	0.37510	0.03578	0.02295	0.02183	0.01692	0.00893	0.00697	0.00222	0.00642	0.00712	0.03255	0.01127
33	0.01863	0.60142	0.12916	0.01336	0.01989	0.02557	0.01395	0.07347	0.01572	0.01936	0.01064	0.01212	0.00917	0.00625	0.00497	0.00164	0.00787	0.00413	0.00329	0.00937
34	0.02653	0.01955	0.02094	0.01606	0.02164	0.02164	0.01326	0.68796	0.03281	0.04398	0.01675	0.01675	0.01187	0.00838	0.00698	0.00209	0.00768	0.00628	0.00698	0.01187
35	0.02591	0.07764	0.02217	0.01573	0.02135	0.02211	0.01316	0.63555	0.03135	0.04181	0.01620	0.01632	0.01164	0.00819	0.00678	0.00205	0.00766	0.00608	0.00667	0.01164
36	0.02527	0.13801	0.02345	0.01540	0.02104	0.02260	0.01305	0.58109	0.02982	0.03956	0.01562	0.01586	0.01140	0.00799	0.00658	0.00200	0.00764	0.00587	0.00634	0.01140
37	0.01726	0.54169	0.24156	0.01433	0.02161	0.02418	0.01610	0.02126	0.01435	0.01813	0.01055	0.01226	0.00892	0.00617	0.00512	0.00171	0.00832	0.00416	0.00297	0.00936
38	0.01676	0.28455	0.42697	0.01672	0.02515	0.02023	0.01990	0.05420	0.01558	0.04299	0.01222	0.01389	0.00929	0.00655	0.00591	0.00195	0.00906	0.00478	0.00333	0.00997
39	0.01759	0.20279	0.41921	0.01726	0.02561	0.01997	0.02003	0.15448	0.01820	0.02512	0.01270	0.01430	0.00947	0.00682	0.00619	0.00202	0.00912	0.00505	0.00376	0.01030
40	0.02289	0.12378	0.10615	0.01551	0.02149	0.02105	0.01417	0.45092	0.07083	0.03597	0.01622	0.01664	0.01191	0.00789	0.00653	0.00203	0.00768	0.00590	0.03140	0.01105
41	0.08405	0.11281	0.13363	0.01550	0.02169	0.02076	0.01452	0.40493	0.06825	0.03513	0.01539	0.01591	0.01128	0.00772	0.00641	0.00206	0.00776	0.00569	0.00564	0.01087

[dist]
# distance from previous block
# <min> <max>
2	7

[block]
# block no. 3 follows, 30 sequences, length 16
# corresponding to MSA columns:
# 763-778
name=unknown_D
#
# <colnr> <probs for GDERKNQSTAVLIFYWHMCP>
#	G	D	E	R	K	N	Q	S	T	A	V	L	I	F	Y	W	H	M	C	P
0	0.01728	0.25718	0.15746	0.01509	0.02138	0.01907	0.06601	0.11457	0.05974	0.02393	0.04302	0.05069	0.01447	0.00763	0.00614	0.00187	0.00763	0.00613	0.00433	0.10638
1	0.01607	0.28362	0.32148	0.01557	0.02274	0.01933	0.01762	0.07115	0.01611	0.02153	0.01663	0.02276	0.03636	0.00836	0.00630	0.00207	0.00844	0.08071	0.00379	0.00936
2	0.01631	0.24130	0.16811	0.01378	0.01911	0.01703	0.03302	0.09112	0.01718	0.05505	0.10900	0.08737	0.02243	0.04702	0.00805	0.00230	0.00721	0.03103	0.00480	0.00877
3	0.07693	0.12757	0.22336	0.01735	0.04744	0.13137	0.07404	0.02221	0.06088	0.02106	0.03661	0.01882	0.01326	0.06425	0.03415	0.00272	0.00944	0.00593	0.00379	0.00883
4	0.00903	0.00721	0.00808	0.00803	0.01005	0.00625	0.00593	0.01104	0.01601	0.02043	0.18210	0.13665	0.42924	0.05401	0.00960	0.00257	0.00387	0.03501	0.00650	0.03839
5	0.01604	0.19576	0.42328	0.01649	0.02413	0.05307	0.01923	0.02103	0.01439	0.04314	0.01226	0.01487	0.00954	0.00860	0.00851	0.09324	0.00914	0.00497	0.00319	0.00911
6	0.01541	0.01568	0.02365	0.01959	0.02040	0.02095	0.09223	0.01743	0.01135	0.01743	0.00973	0.01568	0.00932	0.01149	0.02122	0.00297	0.65818	0.00635	0.00311	0.00784
7	0.14158	0.11735	0.17351	0.01446	0.04378	0.10715	0.01347	0.02048	0.01639	0.05285	0.18244	0.02523	0.02408	0.00896	0.00646	0.00208	0.00735	0.02913	0.00479	0.00846
8	0.01212	0.00606	0.00909	0.00909	0.00909	0.00606	0.00606	0.00909	0.00909	0.01212	0.01212	0.02121	0.01212	0.02424	0.02727	0.79697	0.00606	0.00606	0.00303	0.00303
9	0.80405	0.01350	0.01026	0.00918	0.01350	0.01565	0.00756	0.02051	0.01188	0.03131	0.00972	0.01134	0.00756	0.00648	0.00432	0.00216	0.00540	0.00378	0.00432	0.00756
10	0.01400	0.03610	0.71860	0.01989	0.03020	0.01621	0.02578	0.02210	0.01473	0.02210	0.01252	0.01473	0.00884	0.00663	0.00663	0.00221	0.01031	0.00516	0.00295	0.01031
11	0.00850	0.00607	0.00810	0.00972	0.01012	0.00567	0.00648	0.00972	0.01336	0.01781	0.03846	0.75020	0.04615	0.02186	0.00891	0.00283	0.00405	0.01984	0.00648	0.00567
12	0.01951	0.67567	0.03464	0.01263	0.01833	0.10785	0.01212	0.02170	0.01482	0.01649	0.00983	0.01135	0.00896	0.00611	0.00469	0.00153	0.00805	0.00382	0.00306	0.00886
13	0.02137	0.01828	0.02273	0.09219	0.24942	0.16015	0.04733	0.02461	0.01703	0.17241	0.01628	0.01984	0.01264	0.00790	0.00819	0.00219	0.06478	0.02819	0.00466	0.00983
14	0.01730	0.54845	0.23518	0.01426	0.02149	0.02429	0.01597	0.02125	0.01434	0.01807	0.01052	0.01222	0.00892	0.00616	0.00510	0.00170	0.00829	0.00415	0.00297	0.00935
15	0.03131	0.01188	0.01619	0.01242	0.01781	0.01026	0.01026	0.03401	0.01997	0.71606	0.02753	0.02375	0.01727	0.00864	0.00702	0.00216	0.00594	0.00702	0.00864	0.01188

[dist]
# distance from previous block
# <min> <max>
0	26

[block]
# block no. 4 follows, 30 sequences, length 36
# corresponding to MSA columns:
# 805-840
name=unknown_E
#
# <colnr> <probs for GDERKNQSTAVLIFYWHMCP>
#	G	D	E	R	K	N	Q	S	T	A	V	L	I	F	Y	W	H	M	C	P
0	0.01487	0.16821	0.57169	0.01814	0.02752	0.01809	0.02270	0.02174	0.01462	0.02107	0.01200	0.01407	0.00891	0.00646	0.00619	0.00204	0.00963	0.00486	0.00299	0.03418
1	0.01717	0.01482	0.01947	0.14387	0.05497	0.01702	0.06155	0.06523	0.37892	0.04508	0.02178	0.02253	0.01643	0.00870	0.00815	0.00235	0.05681	0.00727	0.02780	0.01006
2	0.01631	0.01408	0.01478	0.01338	0.01714	0.01604	0.01039	0.03397	0.62016	0.02800	0.03326	0.03076	0.10026	0.01041	0.00723	0.00237	0.00529	0.00868	0.00703	0.01045
3	0.01719	0.48197	0.19054	0.01585	0.04707	0.02302	0.05611	0.02110	0.01452	0.01865	0.01088	0.01286	0.00918	0.00608	0.00532	0.00170	0.00828	0.00444	0.00309	0.05215
4	0.01439	0.09346	0.53508	0.01968	0.06472	0.01690	0.02250	0.02107	0.01482	0.02171	0.05632	0.01698	0.01262	0.00738	0.00755	0.00219	0.05389	0.00563	0.00329	0.00984
5	0.01979	0.01418	0.01553	0.01250	0.01688	0.01468	0.01009	0.34999	0.04888	0.08282	0.09392	0.03334	0.19258	0.01113	0.00732	0.00213	0.00590	0.00897	0.00689	0.05248
6	0.01789	0.01526	0.01608	0.01431	0.01835	0.01761	0.01117	0.07511	0.65972	0.03006	0.02772	0.02549	0.02075	0.00940	0.00709	0.00235	0.00565	0.00780	0.00709	0.01109
7	0.01708	0.01759	0.02047	0.24827	0.09150	0.15962	0.01591	0.05391	0.01534	0.01928	0.01215	0.01700	0.01019	0.01180	0.06864	0.00302	0.17373	0.00588	0.00351	0.03512
8	0.01340	0.01263	0.02134	0.69966	0.08462	0.01556	0.01949	0.01803	0.01406	0.01810	0.01244	0.01853	0.00940	0.00693	0.00697	0.00231	0.00925	0.00620	0.00312	0.00793
9	0.00851	0.00631	0.00786	0.00907	0.00988	0.00576	0.00614	0.00980	0.01379	0.01788	0.04476	0.57820	0.18722	0.04772	0.00974	0.00288	0.00404	0.01839	0.00640	0.00566
10	0.03131	0.01188	0.01619	0.01242	0.01781	0.01026	0.01026	0.03401	0.01997	0.71606	0.02753	0.02375	0.01727	0.00864	0.00702	0.00216	0.00594	0.00702	0.00864	0.01188
11	0.01441	0.00797	0.00988	0.00909	0.01156	0.00711	0.00692	0.01692	0.01751	0.17769	0.24628	0.14174	0.19776	0.01422	0.00772	0.00225	0.00404	0.01223	0.08725	0.00747
12	0.01271	0.00657	0.00685	0.00701	0.00859	0.00656	0.00532	0.01587	0.01466	0.02536	0.02427	0.06032	0.02041	0.00937	0.00533	0.00177	0.00347	0.04551	0.71358	0.00646
13	0.02430	0.03032	0.02004	0.01803	0.02104	0.61149	0.01377	0.02606	0.01829	0.01703	0.01052	0.01302	0.00902	0.00801	0.00901	0.00200	0.13176	0.00476	0.00351	0.00802
14	0.01088	0.00782	0.01080	0.01234	0.01388	0.00774	0.01059	0.01387	0.01582	0.02053	0.03848	0.13611	0.06837	0.01943	0.00952	0.00314	0.00610	0.58180	0.00643	0.00634
15	0.01958	0.66878	0.03448	0.01269	0.01837	0.11449	0.01213	0.02176	0.01487	0.01650	0.00984	0.01137	0.00896	0.00612	0.00470	0.00153	0.00810	0.00383	0.00306	0.00885
16	0.01212	0.00606	0.00909	0.00909	0.00909	0.00606	0.00606	0.00909	0.00909	0.01212	0.01212	0.02121	0.01212	0.02424	0.02727	0.79697	0.00606	0.00606	0.00303	0.00303
17	0.01866	0.75896	0.03657	0.01194	0.01791	0.02761	0.01194	0.02090	0.01418	0.01642	0.00970	0.01119	0.00896	0.00597	0.00448	0.00149	0.00746	0.00373	0.00299	0.00896
18	0.01441	0.01440	0.02016	0.61867	0.04308	0.09317	0.01803	0.01868	0.01491	0.01831	0.05055	0.01979	0.01238	0.00740	0.00697	0.00226	0.00933	0.00637	0.00341	0.00772
19	0.00841	0.00708	0.00730	0.00724	0.00953	0.00596	0.00543	0.01033	0.01629	0.01976	0.13441	0.06565	0.64410	0.01733	0.00825	0.00234	0.00351	0.01452	0.00660	0.00596
20	0.01389	0.01413	0.05269	0.59244	0.15614	0.01571	0.01999	0.01861	0.01431	0.01883	0.01253	0.01822	0.00957	0.00684	0.00695	0.00228	0.00918	0.00616	0.00315	0.00841
21	0.03131	0.01188	0.01619	0.01242	0.01781	0.01026	0.01026	0.03401	0.01997	0.71606	0.02753	0.02375	0.01727	0.00864	0.00702	0.00216	0.00594	0.00702	0.00864	0.01188
22	0.01221	0.01073	0.04837	0.01088	0.01374	0.00958	0.02747	0.07754	0.07677	0.02774	0.43860	0.06466	0.12746	0.01330	0.00796	0.00224	0.00453	0.01157	0.00703	0.00761
23	0.01866	0.75896	0.03657	0.01194	0.01791	0.02761	0.01194	0.02090	0.01418	0.01642	0.00970	0.01119	0.00896	0.00597	0.00448	0.00149	0.00746	0.00373	0.00299	0.00896
24	0.00851	0.00642	0.00787	0.00890	0.00994	0.00578	0.00615	0.01000	0.01445	0.01869	0.08589	0.51466	0.23700	0.02023	0.00868	0.00266	0.00386	0.01796	0.00655	0.00578
25	0.01104	0.00792	0.01099	0.01255	0.01413	0.00787	0.01087	0.01413	0.01595	0.02069	0.03799	0.10685	0.05981	0.01934	0.00957	0.00317	0.00624	0.61808	0.00643	0.00638
26	0.00983	0.00718	0.00926	0.00889	0.01059	0.00662	0.00677	0.01300	0.01922	0.02683	0.61625	0.05493	0.11535	0.01484	0.00832	0.00227	0.00350	0.05231	0.00751	0.00652
27	0.00878	0.00627	0.00842	0.01004	0.01056	0.00591	0.00696	0.01020	0.01364	0.01813	0.03831	0.68172	0.04554	0.02160	0.00898	0.00287	0.00429	0.08556	0.00647	0.00575
28	0.00973	0.00644	0.00771	0.00840	0.00874	0.00627	0.00526	0.01058	0.01198	0.01663	0.02912	0.34530	0.03351	0.36517	0.02101	0.00456	0.00525	0.01393	0.08534	0.00508
29	0.02488	0.02681	0.02033	0.01743	0.02119	0.42205	0.01364	0.23026	0.02268	0.02535	0.01243	0.01420	0.00990	0.00818	0.00855	0.00204	0.10108	0.00525	0.00457	0.00920
30	0.02653	0.01955	0.02094	0.01606	0.02164	0.02164	0.01326	0.68796	0.03281	0.04398	0.01675	0.01675	0.01187	0.00838	0.00698	0.00209	0.00768	0.00628	0.00698	0.01187
31	0.01015	0.00677	0.00761	0.00761	0.00761	0.00677	0.00423	0.01015	0.01015	0.01353	0.02199	0.04567	0.02537	0.75476	0.03552	0.00677	0.00677	0.01015	0.00423	0.00423
32	0.00899	0.00667	0.00843	0.00933	0.01033	0.00622	0.00648	0.01122	0.03534	0.02021	0.16874	0.50925	0.13388	0.01952	0.00864	0.00264	0.00388	0.01746	0.00672	0.00603
33	0.01520	0.01284	0.01486	0.01068	0.01685	0.01005	0.00857	0.05823	0.01558	0.02403	0.01267	0.01461	0.01043	0.00536	0.00528	0.00110	0.00532	0.00426	0.00431	0.74977
34	0.01952	0.01471	0.01865	0.08633	0.02240	0.01433	0.05303	0.20544	0.06151	0.09875	0.01688	0.03619	0.01295	0.00732	0.00644	0.00178	0.00675	0.00611	0.00547	0.30545
35	0.72837	0.01441	0.01096	0.00982	0.01409	0.04590	0.00800	0.02172	0.04948	0.03059	0.01078	0.01219	0.00836	0.00667	0.00455	0.00216	0.00571	0.00403	0.00444	0.00777

[dist]
# distance from previous block
# <min> <max>
0	1

[block]
# block no. 5 follows, 30 sequences, length 7
# corresponding to MSA columns:
# 842-848
name=unknown_F
#
# <colnr> <probs for GDERKNQSTAVLIFYWHMCP>
#	G	D	E	R	K	N	Q	S	T	A	V	L	I	F	Y	W	H	M	C	P
0	0.66817	0.01455	0.01212	0.01038	0.01492	0.01670	0.00855	0.13716	0.01553	0.03352	0.01095	0.01228	0.00831	0.00681	0.00478	0.00215	0.00580	0.00422	0.00478	0.00831
1	0.01545	0.01101	0.01267	0.01132	0.01406	0.01147	0.00862	0.17268	0.10037	0.06579	0.14097	0.15998	0.10567	0.08335	0.05125	0.00325	0.00607	0.01124	0.00662	0.00817
2	0.00847	0.00699	0.00743	0.00752	0.00961	0.00595	0.00556	0.01036	0.01613	0.01985	0.14377	0.12781	0.57115	0.01765	0.00831	0.00238	0.00355	0.01494	0.00662	0.00595
3	0.01299	0.01152	0.01722	0.08735	0.14599	0.01354	0.01340	0.01544	0.01328	0.01895	0.02127	0.22495	0.02271	0.01504	0.03754	0.00298	0.22244	0.05873	0.03712	0.00755
4	0.02488	0.02051	0.02209	0.02089	0.14080	0.09674	0.01470	0.50164	0.02848	0.03742	0.01548	0.01639	0.01142	0.00788	0.00689	0.00206	0.00831	0.00608	0.00601	0.01132
5	0.00948	0.00712	0.00878	0.00837	0.01018	0.00642	0.00627	0.01241	0.01882	0.02578	0.55375	0.05576	0.22101	0.01509	0.00823	0.00223	0.00335	0.01313	0.00739	0.00642
6	0.01903	0.01620	0.01965	0.02120	0.17981	0.01797	0.01386	0.15371	0.41698	0.03044	0.02270	0.02228	0.01718	0.00851	0.00703	0.00225	0.00656	0.00720	0.00623	0.01120

[dist]
# distance from previous block
# <min> <max>
0	1

[block]
# block no. 6 follows, 30 sequences, length 22
# corresponding to MSA columns:
# 850-854,858-874
name=unknown_G
#
# <colnr> <probs for GDERKNQSTAVLIFYWHMCP>
#	G	D	E	R	K	N	Q	S	T	A	V	L	I	F	Y	W	H	M	C	P
0	0.00825	0.00707	0.00707	0.00707	0.00943	0.00589	0.00530	0.01001	0.01591	0.01885	0.07069	0.06716	0.70839	0.01767	0.00825	0.00236	0.00353	0.01473	0.00648	0.00589
1	0.00997	0.00748	0.01121	0.01121	0.01246	0.00872	0.00872	0.01246	0.01121	0.01620	0.01869	0.02741	0.01745	0.05234	0.72710	0.01121	0.01869	0.00748	0.00374	0.00623
2	0.01447	0.01240	0.01447	0.01034	0.01654	0.00930	0.00827	0.01757	0.01447	0.02274	0.01240	0.01447	0.01034	0.00517	0.00517	0.00103	0.00517	0.00413	0.00413	0.79742
3	0.02653	0.01955	0.02094	0.01606	0.02164	0.02164	0.01326	0.68796	0.03281	0.04398	0.01675	0.01675	0.01187	0.00838	0.00698	0.00209	0.00768	0.00628	0.00698	0.01187
4	0.01458	0.12717	0.63267	0.01889	0.02865	0.01764	0.02404	0.02195	0.01466	0.02138	0.01217	0.01429	0.00885	0.00655	0.00636	0.00212	0.00995	0.00498	0.00295	0.01014
5	0.01010	0.00695	0.00853	0.00853	0.00885	0.00726	0.00537	0.01074	0.01042	0.01421	0.02115	0.04102	0.02335	0.57600	0.21151	0.00790	0.00980	0.00947	0.00410	0.00474
6	0.80405	0.01350	0.01026	0.00918	0.01350	0.01565	0.00756	0.02051	0.01188	0.03131	0.00972	0.01134	0.00756	0.00648	0.00432	0.00216	0.00540	0.00378	0.00432	0.00756
7	0.01253	0.01106	0.01783	0.02407	0.29902	0.01076	0.04080	0.01526	0.01481	0.02025	0.02914	0.34531	0.07410	0.01439	0.00805	0.00249	0.00617	0.04077	0.00511	0.00808
8	0.01730	0.02308	0.24881	0.02782	0.18521	0.01624	0.26346	0.02318	0.01613	0.08888	0.01468	0.01766	0.01078	0.00646	0.00731	0.00223	0.00996	0.00669	0.00382	0.01030
9	0.01318	0.01240	0.02093	0.73798	0.04806	0.01550	0.01938	0.01783	0.01395	0.01783	0.01240	0.01860	0.00930	0.00698	0.00698	0.00233	0.00930	0.00620	0.00310	0.00775
10	0.01089	0.00784	0.01081	0.01234	0.01389	0.00775	0.01060	0.01389	0.01585	0.02055	0.03864	0.12984	0.07185	0.01940	0.00952	0.00314	0.00611	0.58431	0.00643	0.00634
11	0.02051	0.01545	0.02621	0.06245	0.44991	0.01507	0.08018	0.02447	0.01688	0.19418	0.01675	0.01907	0.01248	0.00682	0.00706	0.00213	0.00807	0.00660	0.00473	0.01097
12	0.01417	0.03500	0.68208	0.01959	0.02958	0.01627	0.02502	0.02288	0.05027	0.02247	0.01335	0.01532	0.00949	0.00678	0.00665	0.00222	0.01006	0.00530	0.00316	0.01035
13	0.01400	0.03610	0.71860	0.01989	0.03020	0.01621	0.02578	0.02210	0.01473	0.02210	0.01252	0.01473	0.00884	0.00663	0.00663	0.00221	0.01031	0.00516	0.00295	0.01031
14	0.01524	0.22909	0.53651	0.01777	0.02692	0.01925	0.02209	0.02178	0.01459	0.02058	0.01177	0.01379	0.00887	0.00645	0.00606	0.00202	0.00955	0.00478	0.00296	0.00995
15	0.01096	0.00933	0.05883	0.00981	0.01228	0.00724	0.00816	0.01370	0.01678	0.06785	0.24613	0.18631	0.24107	0.01620	0.00829	0.00244	0.00443	0.06666	0.00673	0.00681
16	0.01661	0.01627	0.02539	0.15852	0.28612	0.03979	0.07629	0.04789	0.03599	0.02123	0.01262	0.01724	0.01050	0.00806	0.01108	0.00239	0.19469	0.00636	0.00356	0.00939
17	0.80405	0.01350	0.01026	0.00918	0.01350	0.01565	0.00756	0.02051	0.01188	0.03131	0.00972	0.01134	0.00756	0.00648	0.00432	0.00216	0.00540	0.00378	0.00432	0.00756
18	0.01447	0.01240	0.01447	0.01034	0.01654	0.00930	0.00827	0.01757	0.01447	0.02274	0.01240	0.01447	0.01034	0.00517	0.00517	0.00103	0.00517	0.00413	0.00413	0.79742
19	0.01460	0.01299	0.04127	0.01833	0.15728	0.01201	0.05419	0.02117	0.15536	0.06814	0.05597	0.05739	0.23212	0.01121	0.00744	0.00221	0.00593	0.00980	0.00571	0.05689
20	0.01400	0.03610	0.71860	0.01989	0.03020	0.01621	0.02578	0.02210	0.01473	0.02210	0.01252	0.01473	0.00884	0.00663	0.00663	0.00221	0.01031	0.00516	0.00295	0.01031
21	0.00848	0.00615	0.00802	0.00952	0.01007	0.00568	0.00639	0.00974	0.01355	0.01789	0.04084	0.69981	0.09501	0.02155	0.00886	0.00280	0.00401	0.01946	0.00648	0.00568

[dist]
# distance from previous block
# <min> <max>
0	40

[block]
# block no. 7 follows, 30 sequences, length 66
# corresponding to MSA columns:
# 915-980
name=unknown_H
#
# <colnr> <probs for GDERKNQSTAVLIFYWHMCP>
#	G	D	E	R	K	N	Q	S	T	A	V	L	I	F	Y	W	H	M	C	P
0	0.02275	0.09488	0.13083	0.01665	0.05140	0.28819	0.01424	0.02596	0.01814	0.17849	0.04826	0.01972	0.04448	0.00805	0.00654	0.00197	0.00921	0.00599	0.00489	0.00936
1	0.04544	0.09863	0.60912	0.01865	0.02820	0.01736	0.02346	0.04264	0.01514	0.02263	0.01230	0.01435	0.00889	0.00662	0.00636	0.00214	0.00979	0.00501	0.00313	0.01013
2	0.01538	0.03416	0.66239	0.01929	0.02921	0.01573	0.02454	0.02305	0.01515	0.07763	0.01372	0.01545	0.00951	0.00679	0.00666	0.00221	0.00996	0.00531	0.00340	0.01044
3	0.60953	0.03952	0.07459	0.01166	0.04180	0.01544	0.00990	0.02077	0.01276	0.05769	0.01216	0.04642	0.01003	0.00726	0.00495	0.00217	0.00597	0.00487	0.00440	0.00807
4	0.02278	0.21095	0.06877	0.01787	0.07685	0.05307	0.04517	0.32567	0.02350	0.06901	0.01460	0.01554	0.01098	0.00732	0.00634	0.00195	0.00814	0.00560	0.00521	0.01068
5	0.01845	0.13377	0.20874	0.04334	0.15069	0.03973	0.06503	0.09803	0.09403	0.05951	0.01528	0.01695	0.01156	0.00704	0.00658	0.00208	0.00860	0.00589	0.00431	0.01037
6	0.01155	0.00960	0.04350	0.01369	0.06894	0.00944	0.01009	0.01426	0.01245	0.04812	0.02261	0.02982	0.07128	0.07329	0.51836	0.00879	0.01520	0.00794	0.00414	0.00693
7	0.01507	0.01539	0.02500	0.02023	0.02195	0.01940	0.16801	0.01768	0.01206	0.01801	0.01114	0.01715	0.01022	0.01431	0.08182	0.00362	0.51108	0.00671	0.00322	0.00792
8	0.01113	0.00846	0.01202	0.07748	0.03923	0.00857	0.01120	0.01431	0.01607	0.02101	0.09611	0.09613	0.09368	0.01729	0.00904	0.00292	0.00613	0.44642	0.00615	0.00663
9	0.01400	0.03610	0.71860	0.01989	0.03020	0.01621	0.02578	0.02210	0.01473	0.02210	0.01252	0.01473	0.00884	0.00663	0.00663	0.00221	0.01031	0.00516	0.00295	0.01031
10	0.01681	0.01611	0.02749	0.12114	0.63653	0.01646	0.02119	0.02101	0.01567	0.02224	0.01304	0.01742	0.01086	0.00630	0.00692	0.00210	0.00840	0.00622	0.00341	0.01068
11	0.00850	0.00607	0.00810	0.00972	0.01012	0.00567	0.00648	0.00972	0.01336	0.01781	0.03846	0.75020	0.04615	0.02186	0.00891	0.00283	0.00405	0.01984	0.00648	0.00567
12	0.01318	0.01240	0.02093	0.73798	0.04806	0.01550	0.01938	0.01783	0.01395	0.01783	0.01240	0.01860	0.00930	0.00698	0.00698	0.00233	0.00930	0.00620	0.00310	0.00775
13	0.01569	0.02164	0.19278	0.10936	0.17232	0.01686	0.32478	0.02160	0.01567	0.02188	0.01336	0.01754	0.01013	0.00625	0.00746	0.00226	0.01045	0.00689	0.00333	0.00976
14	0.00997	0.00748	0.01121	0.01121	0.01246	0.00872	0.00872	0.01246	0.01121	0.01620	0.01869	0.02741	0.01745	0.05234	0.72710	0.01121	0.01869	0.00748	0.00374	0.00623
15	0.01647	0.01882	0.04118	0.02941	0.03647	0.01765	0.68588	0.02235	0.01647	0.02235	0.01412	0.01882	0.01059	0.00588	0.00824	0.00235	0.01176	0.00824	0.00353	0.00941
16	0.00850	0.00607	0.00810	0.00972	0.01012	0.00567	0.00648	0.00972	0.01336	0.01781	0.03846	0.75020	0.04615	0.02186	0.00891	0.00283	0.00405	0.01984	0.00648	0.00567
17	0.02570	0.03192	0.02020	0.01899	0.05197	0.66467	0.01382	0.05639	0.02017	0.01850	0.01115	0.01297	0.00921	0.00720	0.00635	0.00182	0.01218	0.00465	0.00374	0.00839
18	0.01318	0.01240	0.02093	0.73798	0.04806	0.01550	0.01938	0.01783	0.01395	0.01783	0.01240	0.01860	0.00930	0.00698	0.00698	0.00233	0.00930	0.00620	0.00310	0.00775
19	0.00850	0.00607	0.00810	0.00972	0.01012	0.00567	0.00648	0.00972	0.01336	0.01781	0.03846	0.75020	0.04615	0.02186	0.00891	0.00283	0.00405	0.01984	0.00648	0.00567
20	0.01627	0.01556	0.02652	0.21223	0.54962	0.01632	0.02092	0.02054	0.01542	0.02159	0.01295	0.01760	0.01063	0.00640	0.00693	0.00213	0.00854	0.00621	0.00337	0.01025
21	0.00997	0.00748	0.01121	0.01121	0.01246	0.00872	0.00872	0.01246	0.01121	0.01620	0.01869	0.02741	0.01745	0.05234	0.72710	0.01121	0.01869	0.00748	0.00374	0.00623
22	0.00999	0.00738	0.01072	0.01072	0.01179	0.00845	0.00810	0.01214	0.01107	0.01583	0.01915	0.02994	0.01854	0.14939	0.63155	0.01060	0.01704	0.00785	0.00381	0.00595
23	0.00997	0.00748	0.01121	0.01121	0.01246	0.00872	0.00872	0.01246	0.01121	0.01620	0.01869	0.02741	0.01745	0.05234	0.72710	0.01121	0.01869	0.00748	0.00374	0.00623
24	0.03131	0.01188	0.01619	0.01242	0.01781	0.01026	0.01026	0.03401	0.01997	0.71606	0.02753	0.02375	0.01727	0.00864	0.00702	0.00216	0.00594	0.00702	0.00864	0.01188
25	0.00970	0.00713	0.00909	0.00860	0.01032	0.00651	0.00645	0.01283	0.01934	0.02700	0.63927	0.05374	0.13473	0.01463	0.00823	0.00221	0.00332	0.01285	0.00755	0.00651
26	0.01224	0.00769	0.00973	0.00911	0.01129	0.00690	0.00695	0.01500	0.01843	0.11321	0.42124	0.10085	0.18752	0.01494	0.00818	0.00230	0.00384	0.03610	0.00743	0.00705
27	0.01392	0.07322	0.44567	0.01595	0.02334	0.01399	0.01885	0.02006	0.01633	0.05433	0.20697	0.02534	0.02513	0.00881	0.00696	0.00216	0.00798	0.00723	0.00452	0.00926
28	0.01164	0.00660	0.00703	0.00708	0.00797	0.00659	0.00465	0.01343	0.01266	0.02039	0.02290	0.05612	0.02195	0.33005	0.01819	0.00388	0.00479	0.00847	0.43010	0.00550
29	0.01866	0.75896	0.03657	0.01194	0.01791	0.02761	0.01194	0.02090	0.01418	0.01642	0.00970	0.01119	0.00896	0.00597	0.00448	0.00149	0.00746	0.00373	0.00299	0.00896
30	0.05955	0.01941	0.01993	0.01566	0.02094	0.05045	0.01281	0.56792	0.09611	0.04086	0.01733	0.01725	0.01248	0.00835	0.00685	0.00211	0.00757	0.00625	0.00673	0.01144
