[name]
unknown

[dist]
# distance from previous block
# <min> <max>
1	29

[block]
# block no. 0 follows, 32 sequences, length 22
# corresponding to MSA columns:
# 235-247,249-257
name=unknown_A
#
# <colnr> <probs for GDERKNQSTAVLIFYWHMCP>
#	G	D	E	R	K	N	Q	S	T	A	V	L	I	F	Y	W	H	M	C	P
0	0.01496	0.10601	0.03104	0.07571	0.05499	0.06581	0.01043	0.06187	0.06076	0.05026	0.06984	0.03039	0.17345	0.03619	0.02660	0.00233	0.02337	0.00791	0.03335	0.06475
1	0.07331	0.03846	0.05101	0.06455	0.01693	0.01091	0.05265	0.06256	0.01510	0.02181	0.02961	0.15035	0.17558	0.01135	0.00709	0.00207	0.02554	0.00957	0.07644	0.10511
2	0.01627	0.48501	0.02801	0.14425	0.02190	0.05503	0.01210	0.01885	0.01399	0.01667	0.01450	0.01644	0.06299	0.00677	0.00515	0.00163	0.00728	0.00489	0.00325	0.06500
3	0.03744	0.08429	0.14231	0.09411	0.23031	0.05040	0.01669	0.07694	0.01631	0.04582	0.01706	0.02228	0.04547	0.00784	0.00652	0.00205	0.00788	0.05699	0.00402	0.03526
4	0.01954	0.13371	0.06550	0.04849	0.12917	0.17210	0.01360	0.05409	0.01647	0.12618	0.03107	0.01777	0.01276	0.01339	0.11427	0.00318	0.00991	0.00563	0.00428	0.00889
5	0.01391	0.01193	0.01391	0.00994	0.01590	0.00894	0.00795	0.01690	0.01391	0.02186	0.01193	0.01391	0.00994	0.00497	0.00497	0.00099	0.00497	0.00398	0.00398	0.80521
6	0.00974	0.00656	0.00758	0.00758	0.00767	0.00665	0.00440	0.00993	0.00984	0.01321	0.02090	0.04257	0.02381	0.70975	0.08780	0.00683	0.00738	0.00956	0.00403	0.00421
7	0.01677	0.09642	0.13930	0.11827	0.12280	0.01515	0.03823	0.04196	0.04384	0.11488	0.05009	0.01997	0.03877	0.00759	0.00721	0.00201	0.04615	0.00622	0.00439	0.06998
8	0.32107	0.06285	0.01654	0.03172	0.06072	0.10945	0.01130	0.01901	0.01279	0.02211	0.01209	0.05153	0.01133	0.00890	0.00947	0.00228	0.19075	0.03477	0.00379	0.00752
9	0.00947	0.00667	0.00920	0.01061	0.01149	0.00653	0.00818	0.01130	0.01362	0.01801	0.03433	0.41314	0.03923	0.02153	0.04487	0.03932	0.00559	0.28532	0.00593	0.00566
10	0.01525	0.01511	0.02037	0.12361	0.32404	0.09338	0.01560	0.03502	0.01519	0.01979	0.02105	0.08669	0.10131	0.00942	0.00827	0.00218	0.07328	0.00794	0.00396	0.00855
11	0.00795	0.00673	0.00687	0.00699	0.00911	0.00565	0.00518	0.00961	0.01511	0.01805	0.06564	0.11683	0.66886	0.01730	0.00798	0.00230	0.00344	0.01453	0.00623	0.00565
12	0.04214	0.21789	0.08014	0.03184	0.03888	0.06486	0.03435	0.10270	0.06024	0.23782	0.01700	0.01685	0.01216	0.00716	0.00599	0.00190	0.00733	0.00549	0.00531	0.00997
13	0.01973	0.49739	0.08032	0.01375	0.01911	0.23627	0.01288	0.02216	0.01527	0.01637	0.00983	0.01140	0.00861	0.00613	0.00497	0.00157	0.00883	0.00390	0.00304	0.00846
14	0.01783	0.05688	0.01614	0.01300	0.01609	0.09088	0.01027	0.02454	0.22394	0.11870	0.01867	0.02084	0.01489	0.04002	0.06674	0.07486	0.09757	0.00631	0.00507	0.06674
15	0.02133	0.07894	0.06862	0.01580	0.03656	0.07354	0.04877	0.25464	0.08061	0.11647	0.01739	0.01941	0.01320	0.00821	0.00748	0.00207	0.05419	0.02991	0.04297	0.00991
16	0.01115	0.00832	0.01002	0.00905	0.01118	0.00776	0.03318	0.06416	0.01544	0.03790	0.10670	0.11164	0.28109	0.18250	0.01350	0.00314	0.00485	0.01163	0.03753	0.03926
17	0.00818	0.00584	0.00779	0.00934	0.00973	0.00545	0.00623	0.00934	0.01285	0.01713	0.03698	0.75981	0.04438	0.02102	0.00856	0.00273	0.00389	0.01908	0.00623	0.00545
18	0.01722	0.34069	0.09321	0.04893	0.07472	0.11448	0.04131	0.04800	0.01502	0.01818	0.01258	0.01770	0.01140	0.06579	0.03099	0.00241	0.00866	0.02697	0.00339	0.00835
19	0.01855	0.10472	0.10180	0.01837	0.12756	0.06912	0.01409	0.09223	0.22337	0.07464	0.01844	0.02009	0.01435	0.00774	0.00638	0.00201	0.00720	0.02846	0.00507	0.04582
20	0.00871	0.00662	0.00801	0.00845	0.00989	0.00599	0.00622	0.01071	0.01541	0.02011	0.21951	0.25530	0.28408	0.03757	0.00893	0.00254	0.00382	0.07590	0.00646	0.00578
21	0.05487	0.11926	0.42661	0.01727	0.02511	0.05400	0.04704	0.10489	0.04855	0.02366	0.01276	0.01439	0.00944	0.00662	0.00612	0.00202	0.00900	0.00507	0.00361	0.00970

[dist]
# distance from previous block
# <min> <max>
0	1

[block]
# block no. 1 follows, 32 sequences, length 17
# corresponding to MSA columns:
# 259-275
name=unknown_B
#
# <colnr> <probs for GDERKNQSTAVLIFYWHMCP>
#	G	D	E	R	K	N	Q	S	T	A	V	L	I	F	Y	W	H	M	C	P
0	0.52720	0.06218	0.10593	0.01254	0.03795	0.01609	0.03643	0.06474	0.01379	0.05473	0.01103	0.01254	0.00834	0.00639	0.00493	0.00204	0.00639	0.00430	0.00418	0.00828
1	0.01267	0.01193	0.02013	0.74806	0.04621	0.01491	0.01863	0.01714	0.01342	0.01714	0.01193	0.01789	0.00894	0.00671	0.00671	0.00224	0.00894	0.00596	0.00298	0.00745
2	0.01704	0.01788	0.13890	0.06393	0.06180	0.01594	0.09668	0.19866	0.01816	0.04559	0.01565	0.02231	0.01328	0.09098	0.03467	0.00299	0.09418	0.03800	0.00445	0.00891
3	0.01646	0.01259	0.01422	0.03998	0.06044	0.05674	0.00969	0.09096	0.04218	0.11492	0.02919	0.07375	0.16766	0.01016	0.00669	0.00190	0.00576	0.03088	0.00552	0.21031
4	0.01251	0.00625	0.00625	0.00625	0.00782	0.00625	0.00469	0.01563	0.01407	0.02502	0.02189	0.02502	0.01720	0.00782	0.00469	0.00156	0.00313	0.00625	0.80144	0.00625
5	0.09954	0.08985	0.11555	0.05764	0.04246	0.03321	0.05771	0.04506	0.09920	0.04464	0.05632	0.01773	0.01400	0.00683	0.00590	0.00180	0.00685	0.00556	0.00438	0.19577
6	0.03542	0.03535	0.02022	0.18599	0.20095	0.08332	0.06262	0.01835	0.03823	0.01950	0.05194	0.07200	0.05881	0.05606	0.00902	0.00242	0.03003	0.00777	0.00399	0.00802
7	0.01251	0.00625	0.00625	0.00625	0.00782	0.00625	0.00469	0.01563	0.01407	0.02502	0.02189	0.02502	0.01720	0.00782	0.00469	0.00156	0.00313	0.00625	0.80144	0.00625
8	0.20576	0.04582	0.01808	0.01625	0.06794	0.22468	0.07777	0.02005	0.01420	0.02025	0.01236	0.01658	0.01072	0.03759	0.15512	0.00388	0.03641	0.00539	0.00361	0.00753
9	0.01626	0.01473	0.02491	0.21647	0.52028	0.01540	0.01960	0.02030	0.01500	0.05380	0.01310	0.01722	0.01049	0.00627	0.00666	0.00206	0.00811	0.00601	0.00347	0.00987
10	0.02551	0.01879	0.02014	0.01544	0.02081	0.02081	0.01275	0.69996	0.03155	0.04229	0.01611	0.01611	0.01141	0.00805	0.00671	0.00201	0.00738	0.00604	0.00671	0.01141
11	0.01267	0.01193	0.02013	0.74806	0.04621	0.01491	0.01863	0.01714	0.01342	0.01714	0.01193	0.01789	0.00894	0.00671	0.00671	0.00224	0.00894	0.00596	0.00298	0.00745
12	0.01548	0.01446	0.02433	0.03622	0.60478	0.01444	0.01869	0.01920	0.01514	0.02143	0.01650	0.06927	0.01562	0.00821	0.00703	0.00215	0.00753	0.07585	0.00380	0.00985
13	0.00969	0.00678	0.00872	0.00872	0.00921	0.00727	0.00582	0.01066	0.01017	0.01405	0.01986	0.03680	0.02131	0.47507	0.31905	0.00824	0.01115	0.00872	0.00387	0.00485
14	0.00973	0.00661	0.00785	0.00785	0.00804	0.00680	0.00473	0.01010	0.00992	0.01341	0.02065	0.04120	0.02322	0.65397	0.14276	0.00717	0.00828	0.00936	0.00399	0.00436
15	0.01251	0.00625	0.00625	0.00625	0.00782	0.00625	0.00469	0.01563	0.01407	0.02502	0.02189	0.02502	0.01720	0.00782	0.00469	0.00156	0.00313	0.00625	0.80144	0.00625
16	0.00959	0.00719	0.01078	0.01078	0.01198	0.00839	0.00839	0.01198	0.01078	0.01558	0.01797	0.02636	0.01677	0.05032	0.73760	0.01078	0.01797	0.00719	0.00359	0.00599

[dist]
# distance from previous block
# <min> <max>
0	2

[block]
# block no. 2 follows, 32 sequences, length 7
# corresponding to MSA columns:
# 278-284
name=unknown_C
#
# <colnr> <probs for GDERKNQSTAVLIFYWHMCP>
#	G	D	E	R	K	N	Q	S	T	A	V	L	I	F	Y	W	H	M	C	P
0	0.05038	0.01779	0.01700	0.01447	0.01838	0.11974	0.01148	0.23487	0.29991	0.03011	0.05756	0.02071	0.01720	0.00877	0.00751	0.00214	0.04941	0.00665	0.00602	0.00991
1	0.01251	0.00625	0.00625	0.00625	0.00782	0.00625	0.00469	0.01563	0.01407	0.02502	0.02189	0.02502	0.01720	0.00782	0.00469	0.00156	0.00313	0.00625	0.80144	0.00625
2	0.01222	0.00874	0.01113	0.01040	0.01186	0.00985	0.00786	0.09939	0.01357	0.01956	0.01847	0.02814	0.01742	0.19151	0.37429	0.00730	0.04558	0.00742	0.09893	0.00636
3	0.01148	0.00882	0.01066	0.01034	0.03410	0.00876	0.00759	0.05364	0.05989	0.04736	0.28982	0.08777	0.27294	0.01409	0.00854	0.00224	0.04661	0.01185	0.00650	0.00698
4	0.01446	0.01125	0.01340	0.00989	0.01524	0.00868	0.00788	0.01744	0.01492	0.07090	0.10259	0.01912	0.01717	0.00631	0.00546	0.00121	0.00479	0.00520	0.00471	0.64939
5	0.01126	0.01003	0.00999	0.00963	0.01147	0.09899	0.00727	0.01393	0.01792	0.02340	0.45883	0.08933	0.14385	0.01402	0.00780	0.00218	0.00456	0.05260	0.00659	0.00636
6	0.11974	0.01412	0.10382	0.01262	0.04496	0.01137	0.03283	0.07982	0.03613	0.08363	0.05125	0.05298	0.22505	0.01037	0.00664	0.00205	0.00570	0.00851	0.00534	0.09308

[dist]
# distance from previous block
# <min> <max>
0	2

[block]
# block no. 3 follows, 32 sequences, length 53
# corresponding to MSA columns:
# 287-293,413-458
name=unknown_D
#
# <colnr> <probs for GDERKNQSTAVLIFYWHMCP>
#	G	D	E	R	K	N	Q	S	T	A	V	L	I	F	Y	W	H	M	C	P
0	0.08290	0.04706	0.30514	0.04510	0.11074	0.05788	0.08871	0.02180	0.03153	0.06380	0.01386	0.01614	0.01032	0.00656	0.00621	0.00203	0.00854	0.00551	0.06693	0.00925
1	0.22135	0.10582	0.12631	0.04211	0.15915	0.05404	0.04020	0.04098	0.01468	0.04335	0.03818	0.05946	0.01310	0.00743	0.00587	0.00202	0.00733	0.00595	0.00397	0.00869
2	0.01137	0.00973	0.01484	0.14861	0.14467	0.01070	0.01174	0.01403	0.01300	0.01780	0.05988	0.10428	0.08145	0.08479	0.20237	0.00488	0.04577	0.00901	0.00415	0.00692
3	0.00930	0.00713	0.00823	0.00850	0.00982	0.00684	0.00592	0.01216	0.07299	0.01855	0.11220	0.25720	0.24571	0.15920	0.03266	0.00342	0.00466	0.01380	0.00592	0.00580
4	0.01387	0.01193	0.01413	0.03536	0.01695	0.00915	0.00832	0.01690	0.01390	0.02170	0.01193	0.01405	0.00990	0.00503	0.00503	0.00104	0.00511	0.00404	0.00394	0.77774
5	0.01443	0.01371	0.02088	0.24182	0.25008	0.03656	0.03820	0.01905	0.06917	0.01921	0.01576	0.02139	0.03382	0.06950	0.03584	0.00285	0.07902	0.00670	0.00363	0.00839
6	0.00940	0.00673	0.00843	0.00817	0.00974	0.00617	0.00607	0.01222	0.01772	0.02492	0.53827	0.10860	0.13810	0.01433	0.00776	0.00214	0.00325	0.01256	0.05925	0.00617
7	0.01667	0.01936	0.13667	0.05564	0.42517	0.03569	0.06344	0.06059	0.07790	0.02318	0.01401	0.01696	0.01108	0.00646	0.00669	0.00206	0.00837	0.00604	0.00375	0.01028
8	0.00816	0.00592	0.00771	0.00914	0.00968	0.00547	0.00614	0.00937	0.01304	0.01721	0.03948	0.70378	0.09879	0.02070	0.00851	0.00269	0.00385	0.01868	0.00623	0.00547
9	0.01391	0.01193	0.01391	0.00994	0.01590	0.00894	0.00795	0.01690	0.01391	0.02186	0.01193	0.01391	0.00994	0.00497	0.00497	0.00099	0.00497	0.00398	0.00398	0.80521
10	0.00844	0.00661	0.00751	0.00768	0.00931	0.00583	0.00553	0.01028	0.01535	0.01965	0.20855	0.19105	0.40059	0.06140	0.00960	0.00257	0.00362	0.01436	0.00637	0.00568
11	0.01669	0.10024	0.02912	0.03682	0.58776	0.01721	0.07449	0.02061	0.01514	0.02120	0.01233	0.01607	0.01037	0.00593	0.00648	0.00195	0.00815	0.00587	0.00328	0.01027
12	0.00822	0.00681	0.00720	0.00710	0.00924	0.00579	0.00533	0.01020	0.01599	0.01977	0.18957	0.06187	0.59699	0.01638	0.00793	0.00224	0.00336	0.01378	0.00645	0.00579
13	0.01824	0.73689	0.03447	0.01173	0.01737	0.05680	0.01154	0.02038	0.01386	0.01581	0.00937	0.01082	0.00861	0.00579	0.00438	0.00145	0.00739	0.00362	0.00290	0.00858
14	0.00803	0.00680	0.00694	0.00691	0.00913	0.00571	0.00518	0.00983	0.01554	0.01871	0.11134	0.06361	0.67588	0.01678	0.00793	0.00226	0.00338	0.01403	0.00631	0.00571
15	0.00803	0.00680	0.00693	0.00690	0.00912	0.00571	0.00518	0.00982	0.01553	0.01868	0.10880	0.06367	0.67844	0.01679	0.00793	0.00226	0.00338	0.01403	0.00630	0.00571
16	0.01661	0.01594	0.02724	0.04119	0.72233	0.01594	0.02059	0.02059	0.01528	0.02192	0.01262	0.01661	0.01063	0.00598	0.00664	0.00199	0.00797	0.00598	0.00332	0.01063
17	0.01468	0.01468	0.02055	0.01762	0.01762	0.02055	0.01468	0.01615	0.01028	0.01615	0.00881	0.01468	0.00881	0.01174	0.02202	0.00294	0.75191	0.00587	0.00294	0.00734
18	0.01774	0.01384	0.02156	0.17925	0.32473	0.01425	0.01632	0.05465	0.01611	0.12966	0.03699	0.01855	0.01277	0.00695	0.00711	0.00200	0.03374	0.00610	0.00436	0.08332
19	0.04393	0.01650	0.02431	0.31276	0.18577	0.09716	0.12582	0.05375	0.01558	0.02047	0.01219	0.01656	0.00954	0.00661	0.00719	0.00213	0.03169	0.00601	0.00340	0.00862
20	0.01346	0.03471	0.72942	0.01912	0.02904	0.01558	0.02479	0.02125	0.01417	0.02125	0.01204	0.01417	0.00850	0.00637	0.00637	0.00212	0.00992	0.00496	0.00283	0.00992
21	0.00799	0.00680	0.00688	0.00686	0.00910	0.00569	0.00515	0.00975	0.01544	0.01846	0.09281	0.06402	0.69457	0.01687	0.00793	0.00226	0.00339	0.01408	0.00627	0.00569
22	0.01854	0.62825	0.09688	0.01241	0.01842	0.04924	0.01265	0.02122	0.01422	0.06071	0.01068	0.01188	0.00910	0.00600	0.00471	0.00155	0.00751	0.00394	0.00323	0.00888
23	0.81159	0.01298	0.00986	0.00882	0.01298	0.01505	0.00727	0.01972	0.01142	0.03010	0.00934	0.01090	0.00727	0.00623	0.00415	0.00208	0.00519	0.00363	0.00415	0.00727
24	0.01661	0.01594	0.02724	0.04119	0.72233	0.01594	0.02059	0.02059	0.01528	0.02192	0.01262	0.01661	0.01063	0.00598	0.00664	0.00199	0.00797	0.00598	0.00332	0.01063
25	0.02551	0.01879	0.02014	0.01544	0.02081	0.02081	0.01275	0.69996	0.03155	0.04229	0.01611	0.01611	0.01141	0.00805	0.00671	0.00201	0.00738	0.00604	0.00671	0.01141
26	0.01712	0.01463	0.01542	0.01374	0.01761	0.01689	0.01073	0.06839	0.67676	0.02877	0.02676	0.02459	0.02004	0.00905	0.00682	0.00226	0.00541	0.00751	0.00682	0.01066
27	0.02906	0.01310	0.01661	0.01273	0.01797	0.01235	0.01052	0.18450	0.02201	0.57121	0.02411	0.02131	0.01543	0.00825	0.00674	0.00206	0.00609	0.00659	0.00794	0.01142
28	0.05839	0.00990	0.01162	0.00982	0.01324	0.00932	0.00780	0.09847	0.01903	0.23223	0.20263	0.04039	0.23582	0.01205	0.00724	0.00213	0.00458	0.01000	0.00707	0.00827
29	0.01468	0.01468	0.02055	0.01762	0.01762	0.02055	0.01468	0.01615	0.01028	0.01615	0.00881	0.01468	0.00881	0.01174	0.02202	0.00294	0.75191	0.00587	0.00294	0.00734
30	0.02892	0.01116	0.01519	0.01174	0.01672	0.00966	0.00966	0.03155	0.01919	0.68663	0.06637	0.02441	0.01930	0.00862	0.00681	0.00208	0.00556	0.00706	0.00825	0.01113
31	0.02733	0.01127	0.01568	0.01346	0.05846	0.00992	0.01030	0.03006	0.01884	0.61635	0.07122	0.02597	0.02002	0.00885	0.00690	0.00211	0.00569	0.02883	0.00788	0.01087
32	0.00896	0.00683	0.00827	0.00817	0.00991	0.00613	0.00617	0.01150	0.01714	0.02290	0.41428	0.10086	0.28388	0.01557	0.00804	0.00226	0.00347	0.05278	0.00685	0.00604
33	0.00818	0.00604	0.00765	0.00888	0.00963	0.00551	0.00604	0.00950	0.01346	0.01761	0.06394	0.61820	0.16063	0.02010	0.00844	0.00263	0.00379	0.01801	0.00627	0.00551
34	0.02931	0.01160	0.01555	0.01204	0.01715	0.01027	0.00991	0.03288	0.06027	0.68545	0.02652	0.02297	0.01684	0.00835	0.00675	0.00209	0.00569	0.00680	0.00822	0.01137
35	0.01478	0.01351	0.01569	0.01257	0.05379	0.05283	0.02975	0.01782	0.01435	0.02153	0.01192	0.01407	0.00990	0.00516	0.00521	0.00113	0.00574	0.00422	0.00389	0.69214
36	0.04071	0.23054	0.37496	0.04171	0.02459	0.06024	0.04040	0.02139	0.01441	0.05425	0.01204	0.01403	0.00919	0.00750	0.02550	0.00215	0.00917	0.00479	0.00323	0.00921
37	0.01740	0.56115	0.03331	0.05270	0.02099	0.04696	0.09343	0.02003	0.01381	0.01658	0.00996	0.01234	0.00883	0.00626	0.00621	0.00169	0.06248	0.00442	0.00296	0.00848
38	0.00950	0.00686	0.00897	0.00844	0.01002	0.00633	0.00633	0.01266	0.01899	0.02691	0.71879	0.05012	0.06331	0.01372	0.00791	0.00211	0.00317	0.01213	0.00739	0.00633
39	0.01746	0.01894	0.05192	0.24765	0.20371	0.16881	0.03862	0.05463	0.09293	0.02089	0.01372	0.01690	0.01071	0.00685	0.00659	0.00206	0.00901	0.00582	0.00377	0.00900
40	0.00831	0.00681	0.00733	0.00720	0.00930	0.00583	0.00540	0.01037	0.01620	0.02028	0.22779	0.06103	0.55845	0.01619	0.00793	0.00223	0.00334	0.01366	0.00651	0.00583
41	0.01060	0.00852	0.01209	0.01152	0.01229	0.01042	0.00888	0.01241	0.01051	0.01526	0.01674	0.02705	0.01652	0.16244	0.48192	0.00856	0.15746	0.00737	0.00355	0.00593
42	0.01614	0.01317	0.01400	0.01259	0.01624	0.01476	0.00979	0.03179	0.57492	0.06327	0.03306	0.03056	0.11996	0.01019	0.00698	0.00226	0.00506	0.00848	0.00682	0.00996
43	0.00959	0.00716	0.01061	0.01061	0.01175	0.00829	0.00817	0.01187	0.01073	0.01545	0.01813	0.02722	0.01715	0.08551	0.70293	0.01057	0.01741	0.00732	0.00362	0.00590
44	0.01391	0.01193	0.01391	0.00994	0.01590	0.00894	0.00795	0.01690	0.01391	0.02186	0.01193	0.01391	0.00994	0.00497	0.00497	0.00099	0.00497	0.00398	0.00398	0.80521
45	0.01879	0.42306	0.04336	0.01308	0.01780	0.19909	0.03560	0.02169	0.03469	0.01780	0.01192	0.01367	0.01011	0.00640	0.00503	0.00159	0.00803	0.00441	0.10565	0.00820
46	0.00865	0.00677	0.00727	0.00732	0.00892	0.00603	0.00520	0.01006	0.01408	0.01741	0.09202	0.05896	0.46541	0.21066	0.01480	0.00340	0.00434	0.04764	0.00573	0.00532
47	0.01391	0.01193	0.01391	0.00994	0.01590	0.00894	0.00795	0.01690	0.01391	0.02186	0.01193	0.01391	0.00994	0.00497	0.00497	0.00099	0.00497	0.00398	0.00398	0.80521
48	0.01608	0.36959	0.36508	0.01607	0.03969	0.05132	0.01810	0.02094	0.01416	0.01856	0.01074	0.01258	0.00861	0.00610	0.00542	0.00179	0.00871	0.00433	0.00289	0.00925
49	0.00942	0.00707	0.00981	0.00986	0.01106	0.00776	0.00748	0.01145	0.01142	0.01575	0.02574	0.03539	0.11388	0.13473	0.52585	0.00883	0.01416	0.03055	0.00410	0.00571
50	0.05398	0.07150	0.03950	0.17007	0.02376	0.09965	0.01263	0.20323	0.01934	0.04822	0.04002	0.08105	0.03398	0.00865	0.00644	0.00199	0.00745	0.00691	0.00484	0.06679
51	0.06075	0.09977	0.11471	0.03714	0.16197	0.08647	0.05550	0.05733	0.05826	0.08031	0.01875	0.03949	0.06372	0.00778	0.00636	0.00199	0.00771	0.00647	0.00437	0.03114
52	0.01650	0.23880	0.27768	0.02009	0.12848	0.10065	0.04693	0.02108	0.01487	0.01919	0.01246	0.01672	0.01052	0.00680	0.00600	0.00192	0.00895	0.04000	0.00319	0.00917

[dist]
# distance from previous block
# <min> <max>
0	19

[block]
# block no. 4 follows, 32 sequences, length 11
# corresponding to MSA columns:
# 479-489
name=unknown_E
#
# <colnr> <probs for GDERKNQSTAVLIFYWHMCP>
#	G	D	E	R	K	N	Q	S	T	A	V	L	I	F	Y	W	H	M	C	P
0	0.21601	0.04649	0.12097	0.09118	0.14613	0.14353	0.04780	0.02237	0.06607	0.02265	0.01227	0.01465	0.00961	0.00654	0.00588	0.00202	0.00831	0.00508	0.00370	0.00873
1	0.01297	0.00982	0.01142	0.01042	0.01300	0.01023	0.00799	0.02180	0.27087	0.05858	0.40254	0.04047	0.07862	0.01195	0.00747	0.00218	0.00407	0.01033	0.00717	0.00809
2	0.00939	0.00685	0.00883	0.00833	0.00996	0.00629	0.00625	0.01246	0.01875	0.02633	0.67605	0.05107	0.10641	0.01393	0.00791	0.00212	0.00318	0.01227	0.00731	0.00629
3	0.00818	0.00584	0.00779	0.00934	0.00973	0.00545	0.00623	0.00934	0.01285	0.01713	0.03698	0.75981	0.04438	0.02102	0.00856	0.00273	0.00389	0.01908	0.00623	0.00545
4	0.00824	0.00670	0.00730	0.00738	0.00931	0.00576	0.00545	0.01015	0.01569	0.01960	0.18206	0.14059	0.52466	0.01686	0.00800	0.00229	0.00341	0.01435	0.00644	0.00576
5	0.00972	0.00666	0.00810	0.00810	0.00838	0.00693	0.00505	0.01026	0.00999	0.01359	0.02042	0.03993	0.02267	0.60223	0.19374	0.00748	0.00911	0.00917	0.00396	0.00450
6	0.01363	0.01161	0.01360	0.00984	0.01553	0.00878	0.00785	0.01663	0.01423	0.02218	0.05657	0.01620	0.01331	0.00552	0.00516	0.00106	0.00486	0.00449	0.00419	0.75475
7	0.23771	0.01660	0.01665	0.01339	0.01821	0.01867	0.01096	0.42207	0.12128	0.03699	0.01584	0.01595	0.01156	0.00771	0.00603	0.00207	0.00650	0.00560	0.00603	0.01017
8	0.01795	0.01454	0.05597	0.02182	0.22947	0.01291	0.06758	0.05681	0.04938	0.14266	0.03727	0.01932	0.01400	0.00853	0.03570	0.00220	0.00726	0.00616	0.04307	0.15740
9	0.01796	0.15346	0.12435	0.02065	0.16461	0.15165	0.03486	0.04253	0.16094	0.02143	0.01623	0.01749	0.03097	0.00716	0.00620	0.00194	0.00828	0.00572	0.00410	0.00948
10	0.07597	0.01284	0.01591	0.01223	0.01744	0.01204	0.01008	0.14779	0.02054	0.51735	0.02264	0.02033	0.01468	0.00791	0.00646	0.00199	0.00592	0.00625	0.00748	0.06414

[dist]
# distance from previous block
# <min> <max>
0	3

[block]
# block no. 5 follows, 32 sequences, length 10
# corresponding to MSA columns:
# 493-502
name=unknown_F
#
# <colnr> <probs for GDERKNQSTAVLIFYWHMCP>
#	G	D	E	R	K	N	Q	S	T	A	V	L	I	F	Y	W	H	M	C	P
0	0.01102	0.00890	0.01245	0.05544	0.08134	0.00881	0.02833	0.04116	0.04478	0.02261	0.25756	0.21888	0.12228	0.01435	0.00786	0.00233	0.00479	0.04405	0.00610	0.00696
1	0.04467	0.05407	0.04299	0.01414	0.01902	0.06887	0.01177	0.33097	0.17252	0.05067	0.01822	0.04694	0.01415	0.00825	0.00642	0.00197	0.00690	0.00640	0.00591	0.07515
2	0.00887	0.00673	0.00817	0.00804	0.00970	0.00603	0.00594	0.01136	0.01717	0.02311	0.44242	0.13362	0.26332	0.01554	0.00799	0.00223	0.00332	0.01353	0.00690	0.00603
3	0.01963	0.10999	0.19134	0.04785	0.13457	0.01625	0.01604	0.14189	0.01820	0.15170	0.01511	0.01618	0.01097	0.00677	0.00619	0.00190	0.00761	0.00543	0.00469	0.07768
4	0.07291	0.20869	0.12012	0.04798	0.02434	0.10692	0.14941	0.15058	0.01804	0.02378	0.01205	0.01415	0.00937	0.00646	0.00605	0.00191	0.00893	0.00528	0.00386	0.00916
5	0.01018	0.00802	0.04995	0.00974	0.01109	0.00657	0.00733	0.01186	0.01308	0.06085	0.03329	0.51878	0.06355	0.08721	0.04376	0.00330	0.00518	0.01546	0.03478	0.00601
6	0.01006	0.00704	0.00876	0.00961	0.04932	0.00692	0.00562	0.01104	0.01209	0.01669	0.14261	0.10623	0.03186	0.49992	0.02479	0.00499	0.00567	0.01066	0.03109	0.00503
7	0.01702	0.11261	0.08114	0.05165	0.06922	0.06318	0.06376	0.11459	0.06084	0.05892	0.02058	0.06703	0.07476	0.03969	0.00847	0.00224	0.04459	0.00736	0.00464	0.03773
8	0.17043	0.01967	0.13215	0.12193	0.11063	0.08695	0.08832	0.09828	0.01635	0.04990	0.01245	0.01513	0.00941	0.00677	0.00676	0.00210	0.03441	0.00544	0.00393	0.00898
9	0.01714	0.02226	0.20624	0.03816	0.10057	0.15210	0.04291	0.04917	0.05031	0.05277	0.01512	0.04746	0.01273	0.05437	0.00957	0.00238	0.07430	0.00635	0.03736	0.00874

[dist]
# distance from previous block
# <min> <max>
3	47

[block]
# block no. 6 follows, 32 sequences, length 74
# corresponding to MSA columns:
# 559-632
name=unknown_G
#
# <colnr> <probs for GDERKNQSTAVLIFYWHMCP>
#	G	D	E	R	K	N	Q	S	T	A	V	L	I	F	Y	W	H	M	C	P
0	0.01380	0.01216	0.03486	0.08947	0.11722	0.04656	0.03217	0.03572	0.06591	0.04380	0.02132	0.06213	0.06431	0.06647	0.16881	0.02303	0.03091	0.00781	0.05596	0.00757
1	0.03391	0.03817	0.06817	0.01625	0.09486	0.03693	0.01229	0.05335	0.20467	0.07313	0.04303	0.07418	0.09667	0.01053	0.00870	0.00228	0.09324	0.02528	0.00540	0.00894
2	0.13335	0.01338	0.06825	0.03529	0.11294	0.02839	0.02892	0.04053	0.06969	0.08484	0.12213	0.08923	0.04661	0.03322	0.06165	0.00292	0.00698	0.00826	0.00520	0.00821
3	0.08347	0.14642	0.04422	0.03602	0.04043	0.20772	0.06353	0.09311	0.06213	0.03946	0.01282	0.01482	0.01029	0.00856	0.03216	0.00222	0.05776	0.00516	0.00404	0.03565
4	0.01922	0.02234	0.16024	0.08669	0.16061	0.17741	0.01674	0.08323	0.07869	0.08044	0.01549	0.01854	0.01204	0.00743	0.00659	0.00205	0.00883	0.02953	0.00434	0.00954
5	0.00975	0.00688	0.00862	0.00918	0.00995	0.00664	0.00613	0.04154	0.01281	0.01727	0.02978	0.47807	0.03475	0.19674	0.03445	0.03295	0.00516	0.01483	0.00545	0.03902
6	0.01377	0.01166	0.01356	0.00989	0.01548	0.00901	0.00789	0.03494	0.01468	0.02249	0.04688	0.01777	0.04234	0.00596	0.00528	0.00113	0.00489	0.00484	0.00430	0.71326
7	0.00848	0.00680	0.00745	0.00730	0.00926	0.00590	0.00540	0.01052	0.01609	0.02042	0.25465	0.05935	0.49433	0.05330	0.00923	0.00243	0.00349	0.01335	0.00646	0.00578
8	0.01717	0.07057	0.02299	0.10876	0.26081	0.04958	0.03424	0.07841	0.17750	0.02323	0.01559	0.01792	0.01238	0.00748	0.00789	0.00213	0.07316	0.00615	0.00431	0.00972
9	0.01387	0.01316	0.02165	0.50229	0.19979	0.01566	0.01852	0.01844	0.03528	0.01851	0.01231	0.01755	0.00968	0.00702	0.00793	0.00224	0.06862	0.00601	0.00318	0.00828
10	0.02700	0.01074	0.01452	0.01136	0.01604	0.00932	0.00929	0.02963	0.01904	0.62306	0.10544	0.02740	0.04721	0.00922	0.00692	0.00209	0.00534	0.00762	0.00813	0.01064
11	0.00899	0.00684	0.00827	0.00791	0.00972	0.00612	0.00593	0.01169	0.01780	0.02408	0.50955	0.05477	0.27432	0.01477	0.00792	0.00216	0.00324	0.01279	0.00701	0.00612
12	0.00956	0.00647	0.00733	0.00744	0.00757	0.00639	0.00427	0.00972	0.01023	0.01354	0.02437	0.09675	0.05667	0.67716	0.03113	0.00604	0.00618	0.01063	0.00432	0.00424
13	0.00793	0.00680	0.00680	0.00680	0.00906	0.00566	0.00510	0.00963	0.01529	0.01813	0.06797	0.06457	0.71961	0.01699	0.00793	0.00227	0.00340	0.01416	0.00623	0.00566
14	0.01794	0.76823	0.03516	0.01148	0.01722	0.02655	0.01148	0.02009	0.01363	0.01579	0.00933	0.01076	0.00861	0.00574	0.00431	0.00144	0.00718	0.00359	0.00287	0.00861
15	0.02551	0.01879	0.02014	0.01544	0.02081	0.02081	0.01275	0.69996	0.03155	0.04229	0.01611	0.01611	0.01141	0.00805	0.00671	0.00201	0.00738	0.00604	0.00671	0.01141
16	0.01669	0.01441	0.01517	0.01365	0.01745	0.01669	0.01062	0.03565	0.71021	0.02807	0.02731	0.02503	0.02048	0.00910	0.00683	0.00228	0.00531	0.00759	0.00683	0.01062
17	0.01166	0.00583	0.00874	0.00874	0.00874	0.00583	0.00583	0.00874	0.00874	0.01166	0.01166	0.02040	0.01166	0.02331	0.02622	0.80478	0.00583	0.00583	0.00291	0.00291
18	0.02155	0.02450	0.02088	0.06423	0.02264	0.40331	0.05795	0.10888	0.01820	0.02001	0.01108	0.01391	0.00915	0.00798	0.00966	0.00209	0.16685	0.00520	0.00373	0.00821
19	0.01584	0.01810	0.03959	0.02828	0.03507	0.01697	0.69796	0.02149	0.01584	0.02149	0.01357	0.01810	0.01018	0.00566	0.00792	0.00226	0.01131	0.00792	0.00339	0.00905
20	0.02013	0.01475	0.01562	0.01286	0.01694	0.01637	0.01034	0.36207	0.21421	0.03446	0.02050	0.02058	0.01522	0.00829	0.00629	0.00198	0.00585	0.00651	0.18700	0.01002
21	0.01472	0.01427	0.02303	0.43070	0.32525	0.03977	0.01925	0.01890	0.01438	0.01910	0.01216	0.01716	0.00963	0.00641	0.00666	0.00212	0.00865	0.00591	0.00314	0.00878
22	0.50604	0.01528	0.03863	0.01119	0.01589	0.01640	0.00954	0.22304	0.01784	0.05091	0.01353	0.01437	0.02856	0.00713	0.00517	0.00206	0.00598	0.00477	0.00503	0.00866
23	0.00793	0.00680	0.00680	0.00680	0.00906	0.00566	0.00510	0.00963	0.01529	0.01813	0.06797	0.06457	0.71961	0.01699	0.00793	0.00227	0.00340	0.01416	0.00623	0.00566
24	0.00953	0.00711	0.01028	0.01028	0.01142	0.00809	0.00784	0.01167	0.01090	0.01546	0.02056	0.02973	0.04977	0.11447	0.63935	0.01000	0.01625	0.00775	0.00376	0.00580
25	0.01880	0.01538	0.02459	0.03491	0.56908	0.03470	0.01825	0.02243	0.01595	0.13609	0.01547	0.03762	0.01246	0.00679	0.00670	0.00202	0.00761	0.00641	0.00421	0.01054
26	0.01794	0.76823	0.03516	0.01148	0.01722	0.02655	0.01148	0.02009	0.01363	0.01579	0.00933	0.01076	0.00861	0.00574	0.00431	0.00144	0.00718	0.00359	0.00287	0.00861
27	0.03910	0.02269	0.30668	0.02132	0.08124	0.01468	0.20443	0.02069	0.01471	0.06288	0.01476	0.06318	0.01195	0.00725	0.00727	0.00213	0.03057	0.00677	0.00368	0.06401
28	0.01267	0.01193	0.02013	0.74806	0.04621	0.01491	0.01863	0.01714	0.01342	0.01714	0.01193	0.01789	0.00894	0.00671	0.00671	0.00224	0.00894	0.00596	0.00298	0.00745
29	0.00852	0.00636	0.00770	0.00829	0.00937	0.00578	0.00573	0.01009	0.01437	0.01886	0.17404	0.36838	0.22620	0.09149	0.01078	0.00286	0.00388	0.01552	0.00624	0.00554
30	0.04337	0.01554	0.02200	0.42151	0.12546	0.09732	0.07191	0.04071	0.01505	0.04059	0.01234	0.01683	0.00947	0.00680	0.00715	0.00216	0.03423	0.00588	0.00343	0.00826
31	0.12946	0.18446	0.12351	0.03873	0.13681	0.01803	0.03268	0.08562	0.09440	0.02429	0.01394	0.01568	0.01096	0.00670	0.00567	0.00192	0.00713	0.00523	0.05553	0.00926
32	0.00815	0.00593	0.00769	0.00911	0.00967	0.00547	0.00612	0.00937	0.01308	0.01722	0.03988	0.69487	0.10745	0.02065	0.00851	0.00268	0.00385	0.01862	0.00623	0.00547
33	0.01484	0.01422	0.01996	0.19631	0.11985	0.05832	0.08298	0.01852	0.01450	0.02042	0.01234	0.01584	0.00992	0.00579	0.00598	0.00162	0.00739	0.00521	0.02402	0.35196
34	0.01497	0.00982	0.01113	0.01139	0.06322	0.01033	0.00797	0.02287	0.22252	0.06062	0.02278	0.02398	0.01746	0.00801	0.00558	0.00182	0.00431	0.00659	0.44331	0.03133
35	0.00902	0.00684	0.00831	0.00794	0.00973	0.00613	0.00596	0.01174	0.01787	0.02425	0.52178	0.05450	0.26198	0.01471	0.00792	0.00216	0.00324	0.01275	0.00704	0.00613
36	0.00901	0.00684	0.00830	0.00794	0.00973	0.00613	0.00595	0.01173	0.01785	0.02420	0.51833	0.05457	0.26546	0.01473	0.00792	0.00216	0.00324	0.01276	0.00703	0.00613
37	0.00812	0.00607	0.00755	0.00872	0.00957	0.00550	0.00595	0.00941	0.01344	0.01737	0.04453	0.59051	0.20881	0.02004	0.00841	0.00261	0.00377	0.01788	0.00623	0.00550
38	0.01602	0.01922	0.09591	0.04990	0.21933	0.03742	0.41835	0.02127	0.01557	0.02132	0.01305	0.01717	0.01008	0.00587	0.00735	0.00216	0.01025	0.00698	0.00332	0.00947
39	0.02486	0.02588	0.01951	0.01728	0.04614	0.42788	0.01303	0.25724	0.03936	0.04637	0.01328	0.01425	0.01017	0.00736	0.00634	0.00186	0.00999	0.00512	0.00479	0.00930
40	0.01287	0.01213	0.02048	0.71281	0.07993	0.01496	0.01873	0.01732	0.01351	0.01738	0.01196	0.01783	0.00903	0.00667	0.00671	0.00222	0.00890	0.00596	0.00300	0.00761
41	0.01068	0.00783	0.00933	0.00998	0.05539	0.00685	0.00684	0.01267	0.01519	0.07024	0.07239	0.13421	0.43975	0.03246	0.00825	0.00233	0.00411	0.03048	0.02916	0.04184
42	0.02495	0.01852	0.01982	0.01533	0.02059	0.02055	0.01262	0.65778	0.07463	0.04138	0.01682	0.01668	0.01199	0.00812	0.00672	0.00203	0.00725	0.00614	0.00672	0.01136
43	0.01534	0.01738	0.03751	0.02692	0.03342	0.01625	0.65398	0.02074	0.01580	0.02128	0.01703	0.02105	0.05522	0.00638	0.00792	0.00226	0.01081	0.00831	0.00357	0.00883
44	0.00976	0.00651	0.00732	0.00732	0.00732	0.00651	0.00407	0.00976	0.00976	0.01301	0.02114	0.04391	0.02439	0.76419	0.03415	0.00651	0.00651	0.00976	0.00407	0.00407
45	0.01166	0.00583	0.00874	0.00874	0.00874	0.00583	0.00583	0.00874	0.00874	0.01166	0.01166	0.02040	0.01166	0.02331	0.02622	0.80478	0.00583	0.00583	0.00291	0.00291
46	0.01267	0.01193	0.02013	0.74806	0.04621	0.01491	0.01863	0.01714	0.01342	0.01714	0.01193	0.01789	0.00894	0.00671	0.00671	0.00224	0.00894	0.00596	0.00298	0.00745
47	0.01517	0.01538	0.02092	0.01910	0.06247	0.04579	0.01499	0.01681	0.01090	0.01652	0.00911	0.01471	0.00892	0.01121	0.02047	0.00283	0.67832	0.00582	0.00298	0.00756
48	0.01584	0.01810	0.03959	0.02828	0.03507	0.01697	0.69796	0.02149	0.01584	0.02149	0.01357	0.01810	0.01018	0.00566	0.00792	0.00226	0.01131	0.00792	0.00339	0.00905
49	0.01609	0.01756	0.08798	0.10826	0.55604	0.03398	0.02041	0.02033	0.01494	0.02108	0.01233	0.01635	0.01017	0.00628	0.00706	0.00205	0.02992	0.00584	0.00324	0.01008
50	0.47845	0.04178	0.01646	0.01843	0.20104	0.08568	0.01162	0.03811	0.01376	0.02644	0.01048	0.01265	0.00844	0.00626	0.00506	0.00200	0.00672	0.00438	0.00389	0.00835
51	0.02403	0.01759	0.01893	0.01467	0.01966	0.01937	0.01206	0.63194	0.03013	0.04070	0.06093	0.01859	0.01491	0.00841	0.00672	0.00200	0.00696	0.00644	0.03507	0.01090
52	0.01391	0.01193	0.01391	0.00994	0.01590	0.00894	0.00795	0.01690	0.01391	0.02186	0.01193	0.01391	0.00994	0.00497	0.00497	0.00099	0.00497	0.00398	0.00398	0.80521
53	0.01301	0.05994	0.02108	0.70130	0.04437	0.01565	0.01818	0.01733	0.01343	0.01706	0.01176	0.01744	0.00892	0.00665	0.00656	0.00219	0.00883	0.00581	0.00297	0.00753
54	0.01166	0.00583	0.00874	0.00874	0.00874	0.00583	0.00583	0.00874	0.00874	0.01166	0.01166	0.02040	0.01166	0.02331	0.02622	0.80478	0.00583	0.00583	0.00291	0.00291
55	0.00962	0.00706	0.01013	0.01013	0.01110	0.00803	0.00757	0.01156	0.01059	0.01509	0.01857	0.02966	0.01821	0.18457	0.60531	0.00998	0.01582	0.00767	0.00368	0.00563
56	0.00818	0.00584	0.00779	0.00934	0.00973	0.00545	0.00623	0.00934	0.01285	0.01713	0.03698	0.75981	0.04438	0.02102	0.00856	0.00273	0.00389	0.01908	0.00623	0.00545
57	0.02915	0.01296	0.01652	0.01267	0.01790	0.01215	0.01047	0.17193	0.02178	0.58411	0.02431	0.02143	0.01552	0.00825	0.00674	0.00206	0.00606	0.00660	0.00797	0.01142
58	0.01669	0.01441	0.01517	0.01365	0.01745	0.01669	0.01062	0.03565	0.71021	0.02807	0.02731	0.02503	0.02048	0.00910	0.00683	0.00228	0.00531	0.00759	0.00683	0.01062
59	0.00839	0.00679	0.00746	0.00735	0.00936	0.00585	0.00549	0.01050	0.01630	0.02065	0.25639	0.08055	0.50910	0.01616	0.00794	0.00223	0.00335	0.01371	0.00657	0.00585
60	0.01346	0.03471	0.72942	0.01912	0.02904	0.01558	0.02479	0.02125	0.01417	0.02125	0.01204	0.01417	0.00850	0.00637	0.00637	0.00212	0.00992	0.00496	0.00283	0.00992
61	0.02990	0.01175	0.01577	0.01209	0.01729	0.01035	0.00999	0.06229	0.01975	0.69662	0.02601	0.02254	0.01638	0.00829	0.00675	0.00207	0.00578	0.00672	0.00823	0.01142
62	0.00832	0.00670	0.00741	0.00747	0.00936	0.00579	0.00551	0.01029	0.01586	0.02003	0.21428	0.14250	0.48951	0.01671	0.00800	0.00228	0.00340	0.01427	0.00650	0.00579
63	0.01468	0.01468	0.02055	0.01762	0.01762	0.02055	0.01468	0.01615	0.01028	0.01615	0.00881	0.01468	0.00881	0.01174	0.02202	0.00294	0.75191	0.00587	0.00294	0.00734
64	0.01551	0.02039	0.13476	0.02702	0.03424	0.01678	0.60510	0.02146	0.01561	0.02146	0.01336	0.01756	0.00995	0.00576	0.00771	0.00224	0.01112	0.00751	0.00332	0.00917
65	0.00945	0.00638	0.00741	0.00771	0.00779	0.00630	0.00448	0.00968	0.01036	0.01381	0.02421	0.18245	0.02826	0.62038	0.02920	0.00577	0.00600	0.01156	0.00448	0.00433
66	0.00835	0.00597	0.00794	0.00922	0.00977	0.00557	0.00624	0.00978	0.01366	0.01842	0.12720	0.66590	0.04688	0.02005	0.00848	0.00264	0.00380	0.01816	0.00638	0.00557
67	0.00880	0.00651	0.00824	0.00862	0.00989	0.00595	0.00624	0.01100	0.01604	0.02168	0.34070	0.30783	0.16721	0.01706	0.00820	0.00239	0.00357	0.03747	0.00673	0.00590
68	0.01346	0.03471	0.72942	0.01912	0.02904	0.01558	0.02479	0.02125	0.01417	0.02125	0.01204	0.01417	0.00850	0.00637	0.00637	0.00212	0.00992	0.00496	0.00283	0.00992
69	0.00893	0.00643	0.00830	0.00922	0.01008	0.00606	0.00660	0.01063	0.01409	0.01878	0.14781	0.40883	0.09897	0.10047	0.01131	0.00306	0.00436	0.11433	0.00617	0.00557
70	0.01398	0.01360	0.01897	0.01641	0.01654	0.01869	0.01353	0.01551	0.01071	0.01653	0.04516	0.01822	0.01255	0.04532	0.05470	0.00341	0.64944	0.00641	0.00324	0.00709
71	0.01194	0.01127	0.03648	0.04527	0.01545	0.04605	0.03780	0.01835	0.17880	0.02201	0.16552	0.22137	0.13535	0.01373	0.00763	0.00232	0.00517	0.01204	0.00607	0.00738
72	0.01720	0.01634	0.04913	0.01231	0.01510	0.18126	0.01008	0.08113	0.04102	0.04515	0.08406	0.02287	0.03806	0.00891	0.00787	0.00195	0.09518	0.00652	0.25818	0.00769
73	0.02623	0.01216	0.01513	0.04859	0.01797	0.04374	0.01014	0.04762	0.04781	0.52985	0.02466	0.02384	0.01662	0.00847	0.00662	0.00206	0.00599	0.02744	0.07464	0.01042

[dist]
# distance from previous block
# <min> <max>
2	107

[block]
# block no. 7 follows, 32 sequences, length 31
# corresponding to MSA columns:
# 743-773
name=unknown_H
#
# <colnr> <probs for GDERKNQSTAVLIFYWHMCP>
#	G	D	E	R	K	N	Q	S	T	A	V	L	I	F	Y	W	H	M	C	P
0	0.08453	0.05909	0.06058	0.01735	0.07051	0.01419	0.16440	0.06555	0.08519	0.08552	0.05827	0.06403	0.07147	0.00994	0.02818	0.00236	0.00738	0.00789	0.00500	0.03856
1	0.01643	0.01503	0.09060	0.07233	0.12761	0.01161	0.01280	0.03977	0.01525	0.10529	0.01388	0.01577	0.01065	0.00588	0.00576	0.00152	0.00640	0.00492	0.00427	0.42422
2	0.00959	0.00719	0.01078	0.01078	0.01198	0.00839	0.00839	0.01198	0.01078	0.01558	0.01797	0.02636	0.01677	0.05032	0.73760	0.01078	0.01797	0.00719	0.00359	0.00599
3	0.02126	0.17375	0.04329	0.05252	0.02008	0.37004	0.01229	0.06418	0.01790	0.05636	0.03741	0.01652	0.03331	0.00737	0.00587	0.00177	0.00925	0.00517	0.04344	0.00822
4	0.81159	0.01298	0.00986	0.00882	0.01298	0.01505	0.00727	0.01972	0.01142	0.03010	0.00934	0.01090	0.00727	0.00623	0.00415	0.00208	0.00519	0.00363	0.00415	0.00727
5	0.01558	0.04451	0.07349	0.07450	0.03487	0.01709	0.59511	0.02115	0.01552	0.02100	0.01324	0.01763	0.00996	0.00576	0.00763	0.00223	0.01094	0.00749	0.00332	0.00897
6	0.00960	0.00714	0.01051	0.01051	0.01162	0.00824	0.00805	0.01181	0.01070	0.01538	0.01822	0.02772	0.01737	0.10582	0.68291	0.01045	0.01708	0.00739	0.00363	0.00584
7	0.01794	0.76823	0.03516	0.01148	0.01722	0.02655	0.01148	0.02009	0.01363	0.01579	0.00933	0.01076	0.00861	0.00574	0.00431	0.00144	0.00718	0.00359	0.00287	0.00861
8	0.02442	0.09890	0.02048	0.01676	0.02042	0.67265	0.01283	0.02618	0.01853	0.01636	0.01028	0.01198	0.00864	0.00681	0.00589	0.00170	0.01165	0.00425	0.00340	0.00785
9	0.00822	0.00588	0.00783	0.00931	0.00974	0.00548	0.00623	0.00947	0.01308	0.01749	0.06242	0.73333	0.04509	0.02075	0.00854	0.00270	0.00387	0.01882	0.00627	0.00548
10	0.00828	0.00591	0.00790	0.00946	0.00989	0.00554	0.00641	0.00952	0.01295	0.01724	0.03693	0.73344	0.04416	0.02093	0.00859	0.00274	0.00398	0.04444	0.00623	0.00548
11	0.00969	0.00676	0.00859	0.00859	0.00903	0.00720	0.00565	0.01058	0.01013	0.01395	0.01998	0.03746	0.02159	0.50171	0.29280	0.00808	0.01072	0.00881	0.00389	0.00477
12	0.00976	0.00651	0.00732	0.00732	0.00732	0.00651	0.00407	0.00976	0.00976	0.01301	0.02114	0.04391	0.02439	0.76419	0.03415	0.00651	0.00651	0.00976	0.00407	0.00407
13	0.00974	0.00657	0.00766	0.00766	0.00778	0.00669	0.00449	0.00998	0.00986	0.01326	0.02083	0.04217	0.02364	0.69333	0.10398	0.00693	0.00764	0.00950	0.00402	0.00426
14	0.01808	0.01459	0.02222	0.12745	0.30554	0.03572	0.05718	0.08828	0.01710	0.11421	0.03945	0.05428	0.01465	0.00781	0.00730	0.00211	0.03135	0.00699	0.02613	0.00957
15	0.01223	0.01103	0.01225	0.01158	0.01237	0.08963	0.00856	0.01354	0.01134	0.01500	0.01731	0.06121	0.01813	0.27202	0.25824	0.00654	0.15151	0.00800	0.00373	0.00578
16	0.01071	0.00760	0.01047	0.01186	0.01325	0.00760	0.01014	0.01349	0.01488	0.01938	0.03410	0.07253	0.03720	0.09255	0.01174	0.00343	0.00621	0.61092	0.00597	0.00597
17	0.00959	0.00715	0.01060	0.01060	0.01174	0.00829	0.00816	0.01186	0.01073	0.01544	0.01814	0.02729	0.01718	0.08799	0.70048	0.01056	0.01737	0.00732	0.00362	0.00589
18	0.01915	0.18325	0.23441	0.01634	0.02264	0.11523	0.03964	0.20029	0.01912	0.02469	0.01241	0.01415	0.00959	0.00805	0.02540	0.00215	0.03490	0.00506	0.00399	0.00953
19	0.01270	0.01124	0.01807	0.02607	0.38285	0.01105	0.01392	0.01544	0.01431	0.01980	0.02507	0.31994	0.04615	0.01292	0.00757	0.00234	0.00612	0.04154	0.00470	0.00820
20	0.00796	0.00668	0.00691	0.00710	0.00914	0.00564	0.00523	0.00960	0.01501	0.01801	0.06433	0.14635	0.64019	0.01747	0.00800	0.00232	0.00346	0.01474	0.00623	0.00564
21	0.01468	0.01468	0.02055	0.01762	0.01762	0.02055	0.01468	0.01615	0.01028	0.01615	0.00881	0.01468	0.00881	0.01174	0.02202	0.00294	0.75191	0.00587	0.00294	0.00734
22	0.01702	0.09137	0.11843	0.02252	0.23933	0.01675	0.01561	0.14700	0.12229	0.02578	0.04757	0.05787	0.03280	0.00823	0.00660	0.00205	0.00713	0.00699	0.00475	0.00991
23	0.00873	0.00662	0.00872	0.00939	0.01055	0.00660	0.00693	0.01054	0.01288	0.01701	0.03792	0.31326	0.19478	0.02968	0.25093	0.00532	0.00859	0.05048	0.00535	0.00572
24	0.01041	0.08273	0.01320	0.01085	0.01250	0.01019	0.00869	0.01279	0.01107	0.01560	0.01711	0.02481	0.01596	0.04590	0.66481	0.00986	0.01690	0.00683	0.00352	0.00625
25	0.01757	0.50678	0.12426	0.01534	0.06531	0.07926	0.03571	0.02071	0.01432	0.01741	0.01023	0.01207	0.00884	0.00589	0.00501	0.00159	0.00801	0.00414	0.00301	0.04453
26	0.01602	0.01494	0.01984	0.01657	0.01786	0.01943	0.01376	0.10546	0.01341	0.02013	0.01007	0.01479	0.00926	0.01059	0.01833	0.00262	0.58060	0.00571	0.00353	0.08707
27	0.01854	0.23311	0.18992	0.01762	0.04496	0.17517	0.06992	0.07444	0.01625	0.01993	0.01110	0.01336	0.00902	0.00684	0.00724	0.00192	0.07352	0.00487	0.00335	0.00894
28	0.01797	0.17600	0.07254	0.02306	0.20379	0.05688	0.10310	0.11219	0.08148	0.02331	0.01441	0.01788	0.01184	0.00711	0.00678	0.00200	0.02709	0.02884	0.00407	0.00967
29	0.00861	0.00588	0.00763	0.00904	0.00954	0.00553	0.00608	0.00997	0.01297	0.01791	0.03548	0.68687	0.04168	0.01971	0.00818	0.00261	0.00382	0.01780	0.08517	0.00553
30	0.01103	0.00908	0.01451	0.15258	0.10991	0.00957	0.04157	0.01313	0.01279	0.01717	0.02443	0.26022	0.06591	0.01993	0.11472	0.09378	0.00791	0.01093	0.00437	0.00646

[dist]
# distance from previous block
# <min> <max>
4	282

# created by:
# /home/cegg/simao/soft/augustus-3.2.1/scripts/msa2prfl.pl ./align_prep/EOG090W0DJM.fa
