[name]
unknown

[dist]
# distance from previous block
# <min> <max>
0	352

[block]
# block no. 0 follows, 32 sequences, length 12
# corresponding to MSA columns:
# 495-506
name=unknown_A
#
# <colnr> <probs for GDERKNQSTAVLIFYWHMCP>
#	G	D	E	R	K	N	Q	S	T	A	V	L	I	F	Y	W	H	M	C	P
0	0.03347	0.06889	0.10047	0.05209	0.11468	0.01337	0.01285	0.06805	0.03930	0.05737	0.11566	0.06384	0.10265	0.01016	0.00778	0.00212	0.05339	0.02901	0.00497	0.04987
1	0.05726	0.17323	0.02208	0.06376	0.12563	0.05198	0.01297	0.13167	0.16288	0.04267	0.01720	0.01820	0.03429	0.00758	0.00655	0.00196	0.03071	0.00586	0.00475	0.02878
2	0.01474	0.08563	0.10501	0.33119	0.15829	0.01598	0.03883	0.06736	0.01506	0.02012	0.01338	0.05229	0.01118	0.00777	0.00722	0.02933	0.00833	0.00632	0.00345	0.00851
3	0.12034	0.01582	0.01796	0.06260	0.07916	0.07759	0.05005	0.09292	0.22324	0.10839	0.01829	0.01864	0.01355	0.00745	0.00630	0.00203	0.00689	0.00607	0.00542	0.06728
4	0.06990	0.01716	0.01887	0.26916	0.09252	0.16591	0.01461	0.07264	0.06732	0.12535	0.01506	0.01724	0.01107	0.00716	0.00642	0.00206	0.00843	0.00571	0.00452	0.00890
5	0.01776	0.06143	0.01901	0.22139	0.02566	0.07071	0.05449	0.09709	0.04651	0.12605	0.01661	0.02125	0.01324	0.08242	0.09423	0.00349	0.00923	0.00650	0.00459	0.00834
6	0.01667	0.01638	0.08708	0.09306	0.23108	0.06643	0.09531	0.02126	0.04342	0.08846	0.01720	0.07199	0.01424	0.00777	0.00666	0.00206	0.00776	0.00711	0.09701	0.00906
7	0.25320	0.01772	0.06558	0.01253	0.01695	0.12598	0.01063	0.11991	0.12825	0.06875	0.02142	0.02132	0.09432	0.00845	0.00599	0.00207	0.00675	0.00623	0.00523	0.00872
8	0.01642	0.01242	0.01786	0.22002	0.14816	0.01311	0.01373	0.07743	0.08085	0.11095	0.05266	0.10699	0.01833	0.00899	0.00685	0.00211	0.00671	0.00789	0.00505	0.07346
9	0.01197	0.09914	0.09679	0.01110	0.01381	0.01057	0.00981	0.01492	0.07732	0.01754	0.02661	0.15067	0.10134	0.01623	0.01232	0.21342	0.00587	0.09968	0.00462	0.00628
10	0.01645	0.10365	0.02661	0.03407	0.55745	0.01637	0.01805	0.02010	0.01493	0.02120	0.01215	0.01561	0.01031	0.00583	0.00617	0.00181	0.00753	0.00547	0.00334	0.10290
11	0.01032	0.00753	0.00907	0.00957	0.01073	0.00737	0.00666	0.09036	0.01504	0.01981	0.03667	0.52531	0.11727	0.08796	0.01065	0.00294	0.00449	0.01611	0.00608	0.00605

[dist]
# distance from previous block
# <min> <max>
5	13

[block]
# block no. 1 follows, 32 sequences, length 14
# corresponding to MSA columns:
# 520-533
name=unknown_B
#
# <colnr> <probs for GDERKNQSTAVLIFYWHMCP>
#	G	D	E	R	K	N	Q	S	T	A	V	L	I	F	Y	W	H	M	C	P
0	0.01937	0.42568	0.02796	0.06320	0.09534	0.09734	0.01271	0.04368	0.01561	0.09333	0.01425	0.01551	0.03695	0.00673	0.00538	0.00170	0.00761	0.00490	0.00382	0.00894
1	0.01445	0.12835	0.02129	0.01552	0.01663	0.01986	0.01316	0.01604	0.01133	0.01631	0.01527	0.01947	0.08546	0.01140	0.01781	0.00264	0.55798	0.00642	0.00328	0.00735
2	0.00917	0.00703	0.00947	0.00947	0.01085	0.00753	0.00719	0.01119	0.01187	0.01604	0.03122	0.03768	0.20001	0.09829	0.49219	0.00823	0.01328	0.00920	0.00432	0.00575
3	0.01401	0.03130	0.60671	0.01997	0.07287	0.01573	0.02299	0.02276	0.08933	0.02203	0.01373	0.01550	0.00993	0.00664	0.00644	0.00213	0.00929	0.00531	0.00330	0.01004
4	0.02325	0.01579	0.09777	0.01962	0.12818	0.01291	0.11174	0.02823	0.06706	0.39257	0.02102	0.02043	0.01418	0.00742	0.00686	0.00211	0.00728	0.00667	0.00615	0.01074
5	0.01953	0.01482	0.01903	0.01514	0.01969	0.01569	0.10440	0.23718	0.22635	0.10353	0.08858	0.02574	0.06103	0.00912	0.00710	0.00216	0.00651	0.00787	0.00649	0.01004
6	0.01267	0.01708	0.17598	0.01800	0.02339	0.01207	0.24634	0.01712	0.01452	0.02022	0.02244	0.19453	0.05627	0.01054	0.00748	0.00224	0.00793	0.04289	0.00428	0.09397
7	0.15777	0.01565	0.06288	0.09114	0.02425	0.05502	0.18839	0.02314	0.02997	0.18935	0.08132	0.02048	0.01603	0.00742	0.00664	0.00213	0.00776	0.00670	0.00505	0.00889
8	0.04167	0.01829	0.02481	0.07228	0.12579	0.11654	0.19763	0.14471	0.09319	0.02513	0.01534	0.03936	0.01221	0.00721	0.00687	0.00207	0.00881	0.00671	0.00446	0.03694
9	0.04170	0.01913	0.14491	0.09312	0.04547	0.04112	0.10146	0.19818	0.06261	0.08162	0.01676	0.06571	0.01329	0.00824	0.00740	0.00218	0.03565	0.00695	0.00491	0.00958
10	0.07692	0.09668	0.03740	0.06407	0.02114	0.07962	0.10107	0.03619	0.04201	0.14245	0.01890	0.02168	0.05809	0.00837	0.00807	0.00209	0.08747	0.03104	0.00468	0.06207
11	0.01851	0.01489	0.09210	0.03486	0.07408	0.01283	0.01203	0.16530	0.06944	0.16192	0.02679	0.08641	0.11218	0.00989	0.00685	0.00208	0.00618	0.00823	0.02500	0.06043
12	0.10147	0.01674	0.02086	0.06527	0.14168	0.09266	0.09842	0.12686	0.13537	0.06052	0.01660	0.03548	0.01303	0.00912	0.03449	0.00243	0.00823	0.00648	0.00485	0.00944
13	0.01791	0.01996	0.17155	0.08620	0.08629	0.03312	0.13991	0.16373	0.06351	0.06844	0.03388	0.03165	0.01303	0.00731	0.00686	0.00210	0.00844	0.00658	0.00462	0.03490

[dist]
# distance from previous block
# <min> <max>
9	102

[block]
# block no. 2 follows, 32 sequences, length 16
# corresponding to MSA columns:
# 650-665
name=unknown_C
#
# <colnr> <probs for GDERKNQSTAVLIFYWHMCP>
#	G	D	E	R	K	N	Q	S	T	A	V	L	I	F	Y	W	H	M	C	P
0	0.01533	0.03051	0.03053	0.13562	0.04218	0.13579	0.04879	0.05571	0.06425	0.02229	0.16332	0.04866	0.02486	0.00956	0.00696	0.00205	0.00726	0.06428	0.00493	0.08711
1	0.08874	0.03259	0.01678	0.04335	0.06593	0.08160	0.03698	0.18253	0.05647	0.02699	0.11321	0.02454	0.06004	0.04974	0.00796	0.00218	0.00666	0.00704	0.00522	0.09144
2	0.01576	0.01391	0.03446	0.01136	0.01588	0.06064	0.00901	0.05298	0.14991	0.05048	0.01700	0.02100	0.01440	0.12225	0.01006	0.00226	0.00604	0.00582	0.00478	0.38200
3	0.08710	0.02044	0.06410	0.01439	0.01803	0.24918	0.01193	0.09387	0.06785	0.07357	0.08533	0.02148	0.05946	0.00904	0.00823	0.00209	0.09417	0.00644	0.00490	0.00840
4	0.01435	0.02267	0.38282	0.01485	0.02128	0.01265	0.01644	0.02092	0.08751	0.08295	0.01828	0.08342	0.01579	0.11089	0.01032	0.00271	0.00775	0.00718	0.00427	0.06297
5	0.01784	0.16546	0.08184	0.01463	0.01950	0.14921	0.08266	0.10028	0.07124	0.04704	0.02489	0.02514	0.15471	0.00891	0.00648	0.00196	0.00780	0.00714	0.00466	0.00860
6	0.01004	0.00821	0.01239	0.01079	0.01277	0.00762	0.09966	0.01255	0.01572	0.02137	0.33185	0.12020	0.14267	0.14924	0.01272	0.00301	0.00498	0.01215	0.00596	0.00610
7	0.01416	0.11564	0.02426	0.22392	0.19551	0.01597	0.09561	0.01762	0.01394	0.01857	0.01668	0.10433	0.03989	0.00871	0.00796	0.00218	0.06550	0.00769	0.00359	0.00825
8	0.07853	0.01489	0.01360	0.01217	0.01535	0.12047	0.00937	0.18411	0.12489	0.02647	0.05240	0.16500	0.11023	0.01169	0.00693	0.00217	0.00616	0.00956	0.02774	0.00825
9	0.01226	0.00869	0.01413	0.07430	0.01612	0.00883	0.10115	0.01309	0.05800	0.01523	0.01882	0.02476	0.08509	0.01789	0.01888	0.49058	0.00655	0.00710	0.00359	0.00494
10	0.01176	0.00772	0.00993	0.00969	0.01180	0.00683	0.00705	0.01355	0.01374	0.09817	0.03189	0.43612	0.07871	0.01898	0.06959	0.00300	0.00545	0.01369	0.00584	0.14649
11	0.01536	0.01646	0.05393	0.11949	0.09628	0.01568	0.40728	0.06527	0.01600	0.02169	0.01497	0.05601	0.01256	0.04748	0.00895	0.00246	0.00976	0.00792	0.00372	0.00873
12	0.07014	0.07045	0.06847	0.30225	0.14022	0.06512	0.08722	0.02076	0.01476	0.07959	0.01298	0.01652	0.00980	0.00651	0.00642	0.00208	0.00866	0.00573	0.00362	0.00870
13	0.00968	0.00785	0.00860	0.00865	0.01056	0.00757	0.00629	0.01414	0.13093	0.01982	0.09566	0.20850	0.36199	0.06708	0.00967	0.00265	0.00402	0.01370	0.00626	0.00638
14	0.01811	0.01012	0.01294	0.01140	0.01442	0.00991	0.00882	0.02265	0.11669	0.27220	0.07740	0.24213	0.02780	0.01257	0.00824	0.00228	0.05254	0.01066	0.00678	0.06234
15	0.21302	0.06035	0.17159	0.01441	0.02002	0.08061	0.06222	0.09009	0.01625	0.13410	0.01447	0.01685	0.01097	0.05824	0.00778	0.00233	0.00778	0.00543	0.00458	0.00893

[dist]
# distance from previous block
# <min> <max>
20	106

[block]
# block no. 3 follows, 32 sequences, length 22
# corresponding to MSA columns:
# 804-825
name=unknown_D
#
# <colnr> <probs for GDERKNQSTAVLIFYWHMCP>
#	G	D	E	R	K	N	Q	S	T	A	V	L	I	F	Y	W	H	M	C	P
0	0.04414	0.01497	0.02065	0.04753	0.04580	0.03579	0.13757	0.16895	0.07778	0.10641	0.02098	0.02466	0.05833	0.00868	0.00763	0.00213	0.04060	0.05252	0.00537	0.07952
1	0.10868	0.01317	0.01334	0.01111	0.01508	0.06114	0.00880	0.07512	0.11074	0.06359	0.08846	0.02652	0.12157	0.00914	0.00691	0.00187	0.03872	0.00712	0.00541	0.21351
2	0.02107	0.01815	0.07832	0.01475	0.01994	0.08012	0.04277	0.24054	0.13764	0.12810	0.01999	0.04187	0.03148	0.00823	0.00662	0.00199	0.00717	0.00663	0.00589	0.08873
3	0.05277	0.01438	0.01939	0.04198	0.09093	0.01428	0.07860	0.18307	0.03642	0.09670	0.03617	0.04456	0.01392	0.00753	0.00697	0.00186	0.03578	0.00634	0.00512	0.21322
4	0.07159	0.01738	0.05117	0.25121	0.12384	0.10041	0.01546	0.17734	0.04831	0.02509	0.01570	0.01830	0.04062	0.00744	0.00649	0.00208	0.00822	0.00601	0.00432	0.00900
5	0.11342	0.01607	0.02005	0.18890	0.26425	0.10939	0.01527	0.01986	0.01463	0.02110	0.01164	0.01513	0.00945	0.00612	0.00598	0.00185	0.00786	0.00511	0.00348	0.15043
6	0.01309	0.01010	0.01153	0.00992	0.01328	0.00948	0.00767	0.06840	0.12172	0.05061	0.19296	0.08627	0.18007	0.01167	0.00701	0.00196	0.00440	0.00990	0.00620	0.18376
7	0.01178	0.00928	0.01320	0.01232	0.01450	0.00932	0.06464	0.07173	0.01735	0.02336	0.22185	0.12491	0.09040	0.01515	0.00890	0.00256	0.03455	0.24117	0.00621	0.00683
8	0.01957	0.01751	0.02189	0.05728	0.27135	0.08096	0.03414	0.22670	0.11994	0.02786	0.01591	0.01843	0.01255	0.03677	0.00775	0.00221	0.00786	0.00628	0.00487	0.01017
9	0.00937	0.00690	0.00996	0.01022	0.01118	0.00773	0.00763	0.01134	0.01103	0.01560	0.02142	0.14964	0.02206	0.11185	0.55127	0.00905	0.01457	0.00940	0.00408	0.00572
10	0.01953	0.05999	0.06423	0.08028	0.05147	0.04786	0.15437	0.21227	0.08726	0.07680	0.01644	0.01805	0.01211	0.00719	0.00665	0.00204	0.00808	0.00636	0.05928	0.00973
11	0.01842	0.71806	0.03406	0.01188	0.01746	0.07498	0.01158	0.02055	0.01400	0.01583	0.00940	0.01085	0.00861	0.00582	0.00442	0.00146	0.00751	0.00364	0.00291	0.00855
12	0.00818	0.00584	0.00779	0.00934	0.00973	0.00545	0.00623	0.00934	0.01285	0.01713	0.03698	0.75981	0.04438	0.02102	0.00856	0.00273	0.00389	0.01908	0.00623	0.00545
13	0.01391	0.01193	0.01391	0.00994	0.01590	0.00894	0.00795	0.01690	0.01391	0.02186	0.01193	0.01391	0.00994	0.00497	0.00497	0.00099	0.00497	0.00398	0.00398	0.80521
14	0.00959	0.00719	0.01078	0.01078	0.01198	0.00839	0.00839	0.01198	0.01078	0.01558	0.01797	0.02636	0.01677	0.05032	0.73760	0.01078	0.01797	0.00719	0.00359	0.00599
15	0.01081	0.00772	0.01081	0.01236	0.01390	0.00772	0.01081	0.01390	0.01545	0.02008	0.03553	0.07569	0.03862	0.01854	0.00927	0.00309	0.00618	0.67717	0.00618	0.00618
16	0.81159	0.01298	0.00986	0.00882	0.01298	0.01505	0.00727	0.01972	0.01142	0.03010	0.00934	0.01090	0.00727	0.00623	0.00415	0.00208	0.00519	0.00363	0.00415	0.00727
17	0.01346	0.03471	0.72942	0.01912	0.02904	0.01558	0.02479	0.02125	0.01417	0.02125	0.01204	0.01417	0.00850	0.00637	0.00637	0.00212	0.00992	0.00496	0.00283	0.00992
18	0.00927	0.00723	0.00867	0.00939	0.01132	0.00662	0.00776	0.01162	0.01536	0.01904	0.05286	0.06975	0.40238	0.01771	0.00855	0.00265	0.00469	0.32301	0.00621	0.00590
19	0.01669	0.01441	0.01517	0.01365	0.01745	0.01669	0.01062	0.03565	0.71021	0.02807	0.02731	0.02503	0.02048	0.00910	0.00683	0.00228	0.00531	0.00759	0.00683	0.01062
20	0.00818	0.00584	0.00779	0.00934	0.00973	0.00545	0.00623	0.00934	0.01285	0.01713	0.03698	0.75981	0.04438	0.02102	0.00856	0.00273	0.00389	0.01908	0.00623	0.00545
21	0.01809	0.57636	0.13550	0.01327	0.01936	0.10594	0.01361	0.02103	0.01433	0.01666	0.00985	0.01142	0.00860	0.00597	0.00481	0.00157	0.00814	0.00387	0.00293	0.00871

[dist]
# distance from previous block
# <min> <max>
0	1

[block]
# block no. 4 follows, 32 sequences, length 40
# corresponding to MSA columns:
# 827-866
name=unknown_E
#
# <colnr> <probs for GDERKNQSTAVLIFYWHMCP>
#	G	D	E	R	K	N	Q	S	T	A	V	L	I	F	Y	W	H	M	C	P
0	0.01991	0.01499	0.01626	0.01364	0.01756	0.03706	0.01120	0.41864	0.04564	0.03303	0.02194	0.02905	0.04576	0.01426	0.08002	0.00304	0.00793	0.11119	0.04946	0.00941
1	0.01661	0.01594	0.02724	0.04119	0.72233	0.01594	0.02059	0.02059	0.01528	0.02192	0.01262	0.01661	0.01063	0.00598	0.00664	0.00199	0.00797	0.00598	0.00332	0.01063
2	0.01391	0.01193	0.01391	0.00994	0.01590	0.00894	0.00795	0.01690	0.01391	0.02186	0.01193	0.01391	0.00994	0.00497	0.00497	0.00099	0.00497	0.00398	0.00398	0.80521
3	0.01267	0.01193	0.02013	0.74806	0.04621	0.01491	0.01863	0.01714	0.01342	0.01714	0.01193	0.01789	0.00894	0.00671	0.00671	0.00224	0.00894	0.00596	0.00298	0.00745
4	0.01267	0.01193	0.02013	0.74806	0.04621	0.01491	0.01863	0.01714	0.01342	0.01714	0.01193	0.01789	0.00894	0.00671	0.00671	0.00224	0.00894	0.00596	0.00298	0.00745
5	0.81159	0.01298	0.00986	0.00882	0.01298	0.01505	0.00727	0.01972	0.01142	0.03010	0.00934	0.01090	0.00727	0.00623	0.00415	0.00208	0.00519	0.00363	0.00415	0.00727
6	0.01267	0.01193	0.02013	0.74806	0.04621	0.01491	0.01863	0.01714	0.01342	0.01714	0.01193	0.01789	0.00894	0.00671	0.00671	0.00224	0.00894	0.00596	0.00298	0.00745
7	0.01661	0.01594	0.02724	0.04119	0.72233	0.01594	0.02059	0.02059	0.01528	0.02192	0.01262	0.01661	0.01063	0.00598	0.00664	0.00199	0.00797	0.00598	0.00332	0.01063
8	0.01391	0.01193	0.01391	0.00994	0.01590	0.00894	0.00795	0.01690	0.01391	0.02186	0.01193	0.01391	0.00994	0.00497	0.00497	0.00099	0.00497	0.00398	0.00398	0.80521
9	0.01661	0.01594	0.02724	0.04119	0.72233	0.01594	0.02059	0.02059	0.01528	0.02192	0.01262	0.01661	0.01063	0.00598	0.00664	0.00199	0.00797	0.00598	0.00332	0.01063
10	0.01661	0.01594	0.02724	0.04119	0.72233	0.01594	0.02059	0.02059	0.01528	0.02192	0.01262	0.01661	0.01063	0.00598	0.00664	0.00199	0.00797	0.00598	0.00332	0.01063
11	0.03010	0.01142	0.01557	0.01194	0.01713	0.00986	0.00986	0.03270	0.01920	0.72698	0.02647	0.02284	0.01661	0.00830	0.00675	0.00208	0.00571	0.00675	0.00830	0.01142
12	0.01794	0.76823	0.03516	0.01148	0.01722	0.02655	0.01148	0.02009	0.01363	0.01579	0.00933	0.01076	0.00861	0.00574	0.00431	0.00144	0.00718	0.00359	0.00287	0.00861
13	0.00793	0.00680	0.00680	0.00680	0.00906	0.00566	0.00510	0.00963	0.01529	0.01813	0.06797	0.06457	0.71961	0.01699	0.00793	0.00227	0.00340	0.01416	0.00623	0.00566
14	0.01251	0.00625	0.00625	0.00625	0.00782	0.00625	0.00469	0.01563	0.01407	0.02502	0.02189	0.02502	0.01720	0.00782	0.00469	0.00156	0.00313	0.00625	0.80144	0.00625
15	0.01468	0.01468	0.02055	0.01762	0.01762	0.02055	0.01468	0.01615	0.01028	0.01615	0.00881	0.01468	0.00881	0.01174	0.02202	0.00294	0.75191	0.00587	0.00294	0.00734
16	0.00818	0.00584	0.00779	0.00934	0.00973	0.00545	0.00623	0.00934	0.01285	0.01713	0.03698	0.75981	0.04438	0.02102	0.00856	0.00273	0.00389	0.01908	0.00623	0.00545
17	0.00793	0.00680	0.00680	0.00680	0.00906	0.00566	0.00510	0.00963	0.01529	0.01813	0.06797	0.06457	0.71961	0.01699	0.00793	0.00227	0.00340	0.01416	0.00623	0.00566
18	0.00959	0.00719	0.01078	0.01078	0.01198	0.00839	0.00839	0.01198	0.01078	0.01558	0.01797	0.02636	0.01677	0.05032	0.73760	0.01078	0.01797	0.00719	0.00359	0.00599
19	0.01622	0.01828	0.11462	0.03844	0.63606	0.01590	0.02112	0.02067	0.01514	0.02184	0.01255	0.01630	0.01036	0.00603	0.00661	0.00201	0.00821	0.00585	0.00326	0.01054
20	0.02506	0.03198	0.01901	0.01729	0.02074	0.73725	0.01296	0.02679	0.01901	0.01642	0.01037	0.01210	0.00864	0.00691	0.00605	0.00173	0.01210	0.00432	0.00346	0.00778
21	0.00959	0.00719	0.01078	0.01078	0.01198	0.00839	0.00839	0.01198	0.01078	0.01558	0.01797	0.02636	0.01677	0.05032	0.73760	0.01078	0.01797	0.00719	0.00359	0.00599
22	0.81159	0.01298	0.00986	0.00882	0.01298	0.01505	0.00727	0.01972	0.01142	0.03010	0.00934	0.01090	0.00727	0.00623	0.00415	0.00208	0.00519	0.00363	0.00415	0.00727
23	0.01711	0.01552	0.01638	0.01445	0.01835	0.05592	0.03895	0.03459	0.64410	0.02716	0.02582	0.02405	0.01942	0.00884	0.00683	0.00225	0.00593	0.00742	0.00650	0.01040
24	0.00917	0.00784	0.00806	0.00788	0.00989	0.03667	0.00587	0.01132	0.01655	0.02086	0.27547	0.08576	0.44945	0.01567	0.00787	0.00221	0.00371	0.01329	0.00649	0.00596
25	0.00909	0.00647	0.00794	0.00835	0.00912	0.00612	0.00563	0.01048	0.01362	0.01829	0.19450	0.26147	0.10796	0.26247	0.01677	0.00379	0.00463	0.04224	0.00579	0.00525
26	0.01430	0.01204	0.01399	0.01021	0.01591	0.00944	0.00814	0.05375	0.01483	0.02278	0.01321	0.04544	0.01147	0.00581	0.00522	0.00112	0.00506	0.00472	0.00422	0.72833
27	0.59244	0.01375	0.01312	0.04039	0.04639	0.03889	0.03659	0.02067	0.01275	0.07403	0.01106	0.01270	0.00840	0.00631	0.00479	0.00202	0.00596	0.00425	0.00428	0.05121
28	0.02046	0.04594	0.02001	0.04082	0.02115	0.04883	0.07343	0.23340	0.31471	0.07785	0.02067	0.02020	0.01518	0.00811	0.00675	0.00212	0.00699	0.00674	0.00615	0.01046
29	0.01573	0.01370	0.01632	0.01220	0.01773	0.05009	0.06063	0.04228	0.06578	0.05035	0.03780	0.01659	0.01277	0.00596	0.00561	0.00134	0.00591	0.00501	0.00449	0.55972
30	0.15880	0.04873	0.09741	0.04568	0.04067	0.12642	0.03529	0.12091	0.06941	0.04840	0.01346	0.01484	0.01027	0.00667	0.00579	0.00184	0.00761	0.00500	0.00443	0.13837
31	0.04296	0.01374	0.04309	0.03433	0.04581	0.03521	0.01074	0.11852	0.01671	0.10065	0.04192	0.05708	0.04380	0.04990	0.00975	0.00219	0.10115	0.00683	0.03851	0.18712
32	0.05400	0.06005	0.21372	0.03891	0.06066	0.01459	0.08412	0.06703	0.06897	0.08226	0.03818	0.04366	0.01460	0.00769	0.00648	0.00202	0.00757	0.02903	0.00451	0.10197
33	0.01885	0.08466	0.17180	0.04094	0.02197	0.11660	0.03687	0.13626	0.10134	0.07524	0.01653	0.06059	0.01331	0.00819	0.00711	0.00205	0.04013	0.00636	0.00472	0.03648
34	0.06112	0.04541	0.03924	0.15067	0.05581	0.03556	0.01181	0.06898	0.06672	0.04601	0.07288	0.06191	0.07578	0.01213	0.05902	0.00266	0.03116	0.00749	0.00473	0.09091
35	0.01911	0.01409	0.01647	0.05025	0.07354	0.07072	0.03066	0.15954	0.10843	0.14565	0.02265	0.16128	0.02023	0.06512	0.00905	0.00251	0.00671	0.00901	0.00592	0.00904
36	0.01712	0.04191	0.17590	0.01673	0.06117	0.05705	0.07710	0.08539	0.06328	0.09818	0.01977	0.09447	0.04331	0.00859	0.00666	0.00200	0.00747	0.00737	0.00480	0.11173
37	0.01731	0.03120	0.01591	0.09806	0.08895	0.03442	0.01135	0.12436	0.01794	0.13872	0.05338	0.15186	0.04451	0.01091	0.00703	0.00215	0.00620	0.05421	0.03318	0.05836
38	0.03861	0.13069	0.07085	0.01250	0.03709	0.07821	0.01054	0.07777	0.01696	0.04674	0.13703	0.04535	0.06343	0.00853	0.00610	0.00172	0.00621	0.00681	0.00483	0.20004
39	0.01706	0.04706	0.09760	0.06810	0.04309	0.05318	0.02989	0.11759	0.09056	0.08146	0.06323	0.08306	0.01875	0.00915	0.00709	0.00205	0.02817	0.02641	0.02919	0.08732

[dist]
# distance from previous block
# <min> <max>
6	285

[block]
# block no. 5 follows, 32 sequences, length 20
# corresponding to MSA columns:
# 1154-1173
name=unknown_F
#
# <colnr> <probs for GDERKNQSTAVLIFYWHMCP>
#	G	D	E	R	K	N	Q	S	T	A	V	L	I	F	Y	W	H	M	C	P
0	0.13501	0.08237	0.04101	0.04206	0.15311	0.03714	0.01203	0.03371	0.02907	0.13887	0.04044	0.10266	0.01661	0.00867	0.00662	0.00202	0.02834	0.00706	0.02114	0.06205
1	0.05438	0.11271	0.01901	0.14202	0.04762	0.01531	0.03200	0.10712	0.05227	0.04845	0.09384	0.04754	0.07356	0.00914	0.00762	0.00206	0.06186	0.00731	0.00482	0.06138
2	0.12101	0.09249	0.20097	0.06120	0.05530	0.04041	0.01449	0.11571	0.05457	0.02479	0.01526	0.07001	0.01280	0.00782	0.00598	0.00200	0.00729	0.00612	0.05526	0.03654
3	0.01781	0.14000	0.08638	0.05688	0.07104	0.04108	0.27542	0.06563	0.04005	0.07473	0.01395	0.01654	0.01058	0.00643	0.00705	0.00202	0.02720	0.00624	0.00395	0.03701
4	0.01674	0.27736	0.36394	0.04033	0.02438	0.13229	0.01831	0.02160	0.01472	0.01854	0.01087	0.01283	0.00857	0.00626	0.00565	0.00184	0.00932	0.00444	0.00295	0.00907
5	0.05479	0.03023	0.58245	0.01950	0.05573	0.01510	0.06309	0.02050	0.01410	0.02152	0.01339	0.05537	0.01060	0.00711	0.00648	0.00216	0.00934	0.00589	0.00314	0.00951
6	0.01391	0.01193	0.01391	0.00994	0.01590	0.00894	0.00795	0.01690	0.01391	0.02186	0.01193	0.01391	0.00994	0.00497	0.00497	0.00099	0.00497	0.00398	0.00398	0.80521
7	0.00818	0.00584	0.00779	0.00934	0.00973	0.00545	0.00623	0.00934	0.01285	0.01713	0.03698	0.75981	0.04438	0.02102	0.00856	0.00273	0.00389	0.01908	0.00623	0.00545
8	0.02506	0.03198	0.01901	0.01729	0.02074	0.73725	0.01296	0.02679	0.01901	0.01642	0.01037	0.01210	0.00864	0.00691	0.00605	0.00173	0.01210	0.00432	0.00346	0.00778
9	0.00818	0.00584	0.00779	0.00934	0.00973	0.00545	0.00623	0.00934	0.01285	0.01713	0.03698	0.75981	0.04438	0.02102	0.00856	0.00273	0.00389	0.01908	0.00623	0.00545
10	0.01251	0.00625	0.00625	0.00625	0.00782	0.00625	0.00469	0.01563	0.01407	0.02502	0.02189	0.02502	0.01720	0.00782	0.00469	0.00156	0.00313	0.00625	0.80144	0.00625
11	0.00849	0.00671	0.00767	0.00782	0.00961	0.00589	0.00581	0.01055	0.01591	0.02037	0.23338	0.16347	0.42067	0.01678	0.00807	0.00232	0.00352	0.04057	0.00653	0.00583
12	0.01304	0.01230	0.02079	0.68191	0.10949	0.01500	0.01882	0.01747	0.01359	0.01759	0.01199	0.01777	0.00910	0.00664	0.00670	0.00221	0.00885	0.00596	0.00301	0.00775
13	0.01736	0.67351	0.12481	0.01247	0.01875	0.02513	0.01320	0.02024	0.01370	0.01649	0.00968	0.01120	0.00860	0.00582	0.00457	0.00152	0.00753	0.00376	0.00287	0.00878
14	0.05139	0.01070	0.01643	0.01431	0.01684	0.01083	0.14660	0.10187	0.01579	0.02195	0.02718	0.42830	0.02998	0.01512	0.00849	0.00253	0.03269	0.03639	0.00550	0.00712
15	0.05826	0.02125	0.04389	0.09681	0.09401	0.25702	0.07854	0.11718	0.04674	0.02308	0.05705	0.01732	0.01326	0.00751	0.00718	0.00203	0.04003	0.00592	0.00422	0.00871
16	0.07448	0.06522	0.06864	0.06289	0.02236	0.03880	0.16367	0.06958	0.07672	0.02315	0.06008	0.07259	0.01668	0.00859	0.00800	0.00215	0.07397	0.00737	0.04826	0.03681
17	0.01232	0.23861	0.05808	0.01178	0.01500	0.01369	0.05249	0.01539	0.04963	0.01786	0.02727	0.36396	0.07118	0.01377	0.00699	0.00222	0.00572	0.01202	0.00488	0.00716
18	0.05898	0.01599	0.02198	0.10473	0.34852	0.06142	0.01621	0.09304	0.01658	0.05100	0.01286	0.01595	0.01029	0.00665	0.00715	0.00195	0.04865	0.00556	0.00395	0.09852
19	0.01068	0.00766	0.00906	0.00876	0.01088	0.00723	0.00664	0.04744	0.01544	0.06390	0.09051	0.14642	0.37349	0.02255	0.14406	0.00388	0.00652	0.01252	0.00597	0.00640

[dist]
# distance from previous block
# <min> <max>
97	242

[block]
# block no. 6 follows, 32 sequences, length 18
# corresponding to MSA columns:
# 1491-1508
name=unknown_G
#
# <colnr> <probs for GDERKNQSTAVLIFYWHMCP>
#	G	D	E	R	K	N	Q	S	T	A	V	L	I	F	Y	W	H	M	C	P
0	0.10134	0.01493	0.02118	0.01882	0.09855	0.03937	0.15381	0.10593	0.04938	0.05644	0.01629	0.06787	0.01414	0.03028	0.00853	0.00222	0.06040	0.02539	0.00460	0.11053
1	0.08148	0.01272	0.01781	0.01448	0.01865	0.01282	0.13465	0.04784	0.19706	0.12869	0.07480	0.09307	0.04312	0.00982	0.00703	0.00219	0.00619	0.03203	0.00596	0.05957
2	0.06104	0.01206	0.01476	0.01145	0.01648	0.01050	0.03544	0.06768	0.03948	0.10857	0.01758	0.07099	0.01518	0.00776	0.00595	0.00160	0.00550	0.04618	0.00507	0.44675
3	0.01595	0.01393	0.02052	0.08610	0.02332	0.01473	0.16805	0.05239	0.30551	0.05707	0.07934	0.02663	0.04097	0.00875	0.00719	0.00221	0.00691	0.02747	0.00565	0.03730
4	0.01661	0.01594	0.02724	0.04119	0.72233	0.01594	0.02059	0.02059	0.01528	0.02192	0.01262	0.01661	0.01063	0.00598	0.00664	0.00199	0.00797	0.00598	0.00332	0.01063
5	0.01267	0.01193	0.02013	0.74806	0.04621	0.01491	0.01863	0.01714	0.01342	0.01714	0.01193	0.01789	0.00894	0.00671	0.00671	0.00224	0.00894	0.00596	0.00298	0.00745
6	0.01661	0.01594	0.02724	0.04119	0.72233	0.01594	0.02059	0.02059	0.01528	0.02192	0.01262	0.01661	0.01063	0.00598	0.00664	0.00199	0.00797	0.00598	0.00332	0.01063
7	0.01267	0.01193	0.02013	0.74806	0.04621	0.01491	0.01863	0.01714	0.01342	0.01714	0.01193	0.01789	0.00894	0.00671	0.00671	0.00224	0.00894	0.00596	0.00298	0.00745
8	0.02551	0.01879	0.02014	0.01544	0.02081	0.02081	0.01275	0.69996	0.03155	0.04229	0.01611	0.01611	0.01141	0.00805	0.00671	0.00201	0.00738	0.00604	0.00671	0.01141
9	0.03010	0.01142	0.01557	0.01194	0.01713	0.00986	0.00986	0.03270	0.01920	0.72698	0.02647	0.02284	0.01661	0.00830	0.00675	0.00208	0.00571	0.00675	0.00830	0.01142
10	0.00793	0.00680	0.00680	0.00680	0.00906	0.00566	0.00510	0.00963	0.01529	0.01813	0.06797	0.06457	0.71961	0.01699	0.00793	0.00227	0.00340	0.01416	0.00623	0.00566
11	0.00976	0.00651	0.00732	0.00732	0.00732	0.00651	0.00407	0.00976	0.00976	0.01301	0.02114	0.04391	0.02439	0.76419	0.03415	0.00651	0.00651	0.00976	0.00407	0.00407
12	0.00793	0.00680	0.00680	0.00680	0.00906	0.00566	0.00510	0.00963	0.01529	0.01813	0.06797	0.06457	0.71961	0.01699	0.00793	0.00227	0.00340	0.01416	0.00623	0.00566
13	0.01391	0.01193	0.01391	0.00994	0.01590	0.00894	0.00795	0.01690	0.01391	0.02186	0.01193	0.01391	0.00994	0.00497	0.00497	0.00099	0.00497	0.00398	0.00398	0.80521
14	0.01391	0.01193	0.01391	0.00994	0.01590	0.00894	0.00795	0.01690	0.01391	0.02186	0.01193	0.01391	0.00994	0.00497	0.00497	0.00099	0.00497	0.00398	0.00398	0.80521
15	0.01037	0.00788	0.00985	0.01016	0.01206	0.00770	0.00827	0.01466	0.07987	0.02258	0.25647	0.06084	0.17759	0.01586	0.00836	0.00255	0.00461	0.27718	0.00663	0.00653
16	0.01644	0.01332	0.01635	0.01193	0.01777	0.03528	0.05761	0.05011	0.01551	0.08686	0.01351	0.01506	0.01059	0.00553	0.00546	0.00125	0.00584	0.00461	0.00444	0.61252
17	0.02190	0.01609	0.08126	0.01384	0.01897	0.01504	0.01198	0.15419	0.29256	0.23786	0.02308	0.02137	0.01621	0.00828	0.00668	0.00211	0.00622	0.00669	0.00678	0.03891

[dist]
# distance from previous block
# <min> <max>
0	8

[block]
# block no. 7 follows, 32 sequences, length 39
# corresponding to MSA columns:
# 1530-1538,1543-1572
name=unknown_H
#
# <colnr> <probs for GDERKNQSTAVLIFYWHMCP>
#	G	D	E	R	K	N	Q	S	T	A	V	L	I	F	Y	W	H	M	C	P
0	0.01517	0.01363	0.01452	0.01079	0.01646	0.05934	0.00857	0.04026	0.04705	0.02243	0.01267	0.01437	0.01039	0.00539	0.00518	0.00114	0.00555	0.00423	0.00416	0.68871
1	0.02381	0.01323	0.01581	0.01263	0.01752	0.01305	0.01021	0.11183	0.22050	0.36139	0.02381	0.02165	0.01635	0.00812	0.00656	0.00200	0.00571	0.00659	0.00719	0.10204
2	0.01808	0.01623	0.01561	0.01399	0.01780	0.09544	0.01085	0.03458	0.61002	0.05148	0.02542	0.02354	0.01905	0.00884	0.00674	0.00221	0.00607	0.00720	0.00651	0.01034
3	0.01346	0.03471	0.72942	0.01912	0.02904	0.01558	0.02479	0.02125	0.01417	0.02125	0.01204	0.01417	0.00850	0.00637	0.00637	0.00212	0.00992	0.00496	0.00283	0.00992
4	0.00950	0.00686	0.00897	0.00844	0.01002	0.00633	0.00633	0.01266	0.01899	0.02691	0.71879	0.05012	0.06331	0.01372	0.00791	0.00211	0.00317	0.01213	0.00739	0.00633
5	0.02551	0.01879	0.02014	0.01544	0.02081	0.02081	0.01275	0.69996	0.03155	0.04229	0.01611	0.01611	0.01141	0.00805	0.00671	0.00201	0.00738	0.00604	0.00671	0.01141
6	0.00793	0.00680	0.00680	0.00680	0.00906	0.00566	0.00510	0.00963	0.01529	0.01813	0.06797	0.06457	0.71961	0.01699	0.00793	0.00227	0.00340	0.01416	0.00623	0.00566
7	0.04369	0.00652	0.00639	0.00635	0.00802	0.00660	0.00479	0.01579	0.01397	0.02521	0.02140	0.02446	0.01681	0.00776	0.00467	0.00158	0.00321	0.00615	0.77033	0.00629
8	0.01661	0.01594	0.02724	0.04119	0.72233	0.01594	0.02059	0.02059	0.01528	0.02192	0.01262	0.01661	0.01063	0.00598	0.00664	0.00199	0.00797	0.00598	0.00332	0.01063
9	0.00976	0.00651	0.00732	0.00732	0.00732	0.00651	0.00407	0.00976	0.00976	0.01301	0.02114	0.04391	0.02439	0.76419	0.03415	0.00651	0.00651	0.00976	0.00407	0.00407
10	0.01661	0.01594	0.02724	0.04119	0.72233	0.01594	0.02059	0.02059	0.01528	0.02192	0.01262	0.01661	0.01063	0.00598	0.00664	0.00199	0.00797	0.00598	0.00332	0.01063
11	0.00976	0.00651	0.00732	0.00732	0.00732	0.00651	0.00407	0.00976	0.00976	0.01301	0.02114	0.04391	0.02439	0.76419	0.03415	0.00651	0.00651	0.00976	0.00407	0.00407
12	0.01669	0.01441	0.01517	0.01365	0.01745	0.01669	0.01062	0.03565	0.71021	0.02807	0.02731	0.02503	0.02048	0.00910	0.00683	0.00228	0.00531	0.00759	0.00683	0.01062
13	0.81159	0.01298	0.00986	0.00882	0.01298	0.01505	0.00727	0.01972	0.01142	0.03010	0.00934	0.01090	0.00727	0.00623	0.00415	0.00208	0.00519	0.00363	0.00415	0.00727
14	0.81159	0.01298	0.00986	0.00882	0.01298	0.01505	0.00727	0.01972	0.01142	0.03010	0.00934	0.01090	0.00727	0.00623	0.00415	0.00208	0.00519	0.00363	0.00415	0.00727
15	0.02869	0.04780	0.01732	0.01256	0.01781	0.01265	0.01047	0.15514	0.02122	0.56783	0.02377	0.02104	0.01528	0.00814	0.00663	0.00204	0.00609	0.00647	0.00776	0.01129
16	0.01645	0.01578	0.02695	0.06925	0.69549	0.01590	0.02051	0.02046	0.01520	0.02173	0.01259	0.01666	0.01056	0.00601	0.00665	0.00200	0.00801	0.00598	0.00331	0.01050
17	0.01391	0.01193	0.01391	0.00994	0.01590	0.00894	0.00795	0.01690	0.01391	0.02186	0.01193	0.01391	0.00994	0.00497	0.00497	0.00099	0.00497	0.00398	0.00398	0.80521
18	0.02259	0.01697	0.01809	0.01444	0.01920	0.01892	0.01174	0.49820	0.19340	0.03781	0.01916	0.01880	0.01395	0.00829	0.00662	0.00205	0.00662	0.00643	0.05583	0.01090
19	0.00818	0.00584	0.00779	0.00934	0.00973	0.00545	0.00623	0.00934	0.01285	0.01713	0.03698	0.75981	0.04438	0.02102	0.00856	0.00273	0.00389	0.01908	0.00623	0.00545
20	0.01547	0.02069	0.14702	0.02685	0.03413	0.01675	0.59313	0.02146	0.01558	0.02146	0.01334	0.01749	0.00992	0.00577	0.00768	0.00224	0.01109	0.00746	0.00331	0.00918
21	0.01346	0.03471	0.72942	0.01912	0.02904	0.01558	0.02479	0.02125	0.01417	0.02125	0.01204	0.01417	0.00850	0.00637	0.00637	0.00212	0.00992	0.00496	0.00283	0.00992
22	0.01661	0.01594	0.02724	0.04119	0.72233	0.01594	0.02059	0.02059	0.01528	0.02192	0.01262	0.01661	0.01063	0.00598	0.00664	0.00199	0.00797	0.00598	0.00332	0.01063
23	0.01661	0.01594	0.02724	0.04119	0.72233	0.01594	0.02059	0.02059	0.01528	0.02192	0.01262	0.01661	0.01063	0.00598	0.00664	0.00199	0.00797	0.00598	0.00332	0.01063
24	0.01384	0.01013	0.01251	0.01249	0.01497	0.01047	0.01067	0.16820	0.01906	0.02489	0.03441	0.06113	0.10103	0.01602	0.00856	0.00276	0.00617	0.45906	0.00630	0.00731
25	0.00818	0.00584	0.00779	0.00934	0.00973	0.00545	0.00623	0.00934	0.01285	0.01713	0.03698	0.75981	0.04438	0.02102	0.00856	0.00273	0.00389	0.01908	0.00623	0.00545
26	0.02551	0.01879	0.02014	0.01544	0.02081	0.02081	0.01275	0.69996	0.03155	0.04229	0.01611	0.01611	0.01141	0.00805	0.00671	0.00201	0.00738	0.00604	0.00671	0.01141
27	0.00950	0.00686	0.00897	0.00844	0.01002	0.00633	0.00633	0.01266	0.01899	0.02691	0.71879	0.05012	0.06331	0.01372	0.00791	0.00211	0.00317	0.01213	0.00739	0.00633
28	0.01794	0.76823	0.03516	0.01148	0.01722	0.02655	0.01148	0.02009	0.01363	0.01579	0.00933	0.01076	0.00861	0.00574	0.00431	0.00144	0.00718	0.00359	0.00287	0.00861
29	0.02698	0.01644	0.01868	0.01432	0.01963	0.01731	0.01183	0.48671	0.02760	0.26111	0.01942	0.01826	0.01307	0.00813	0.00672	0.00203	0.00685	0.00627	0.00722	0.01141
30	0.71580	0.01558	0.09622	0.01006	0.01490	0.01512	0.00937	0.01991	0.01175	0.02904	0.00967	0.01129	0.00741	0.00625	0.00442	0.00208	0.00576	0.00379	0.00399	0.00758
31	0.81159	0.01298	0.00986	0.00882	0.01298	0.01505	0.00727	0.01972	0.01142	0.03010	0.00934	0.01090	0.00727	0.00623	0.00415	0.00208	0.00519	0.00363	0.00415	0.00727
32	0.02506	0.03198	0.01901	0.01729	0.02074	0.73725	0.01296	0.02679	0.01901	0.01642	0.01037	0.01210	0.00864	0.00691	0.00605	0.00173	0.01210	0.00432	0.00346	0.00778
33	0.00972	0.00666	0.00812	0.00812	0.00840	0.00694	0.00506	0.01027	0.00999	0.01360	0.02041	0.03985	0.02263	0.59920	0.19673	0.00749	0.00916	0.00916	0.00396	0.00451
34	0.01267	0.01193	0.02013	0.74806	0.04621	0.01491	0.01863	0.01714	0.01342	0.01714	0.01193	0.01789	0.00894	0.00671	0.00671	0.00224	0.00894	0.00596	0.00298	0.00745
35	0.00959	0.00719	0.01078	0.01078	0.01198	0.00839	0.00839	0.01198	0.01078	0.01558	0.01797	0.02636	0.01677	0.05032	0.73760	0.01078	0.01797	0.00719	0.00359	0.00599
36	0.00961	0.00710	0.01032	0.01032	0.01136	0.00814	0.00781	0.01169	0.01065	0.01523	0.01840	0.02870	0.01779	0.14554	0.64377	0.01021	0.01644	0.00753	0.00366	0.00573
37	0.02545	0.02038	0.02000	0.01566	0.02080	0.10679	0.01278	0.61917	0.03004	0.03918	0.01542	0.01563	0.01108	0.00792	0.00663	0.00198	0.00795	0.00583	0.00632	0.01098
38	0.81159	0.01298	0.00986	0.00882	0.01298	0.01505	0.00727	0.01972	0.01142	0.03010	0.00934	0.01090	0.00727	0.00623	0.00415	0.00208	0.00519	0.00363	0.00415	0.00727

[dist]
# distance from previous block
# <min> <max>
0	1

[block]
# block no. 8 follows, 32 sequences, length 24
# corresponding to MSA columns:
# 1579-1595,1608-1614
name=unknown_I
#
# <colnr> <probs for GDERKNQSTAVLIFYWHMCP>
#	G	D	E	R	K	N	Q	S	T	A	V	L	I	F	Y	W	H	M	C	P
0	0.81159	0.01298	0.00986	0.00882	0.01298	0.01505	0.00727	0.01972	0.01142	0.03010	0.00934	0.01090	0.00727	0.00623	0.00415	0.00208	0.00519	0.00363	0.00415	0.00727
1	0.12550	0.49427	0.02774	0.01203	0.01718	0.12979	0.01101	0.02210	0.01461	0.07755	0.01093	0.01200	0.00911	0.00620	0.00475	0.00162	0.00752	0.00397	0.00359	0.00854
2	0.01642	0.01575	0.02690	0.07499	0.68999	0.01589	0.02050	0.02043	0.01519	0.02169	0.01259	0.01667	0.01055	0.00601	0.00665	0.00200	0.00802	0.00598	0.00331	0.01048
3	0.31225	0.01642	0.01536	0.01270	0.01727	0.05701	0.01031	0.28458	0.12808	0.06122	0.01546	0.01563	0.01135	0.00750	0.00576	0.00206	0.00645	0.00533	0.00568	0.00957
4	0.01766	0.01876	0.01475	0.01443	0.01702	0.31611	0.01143	0.04776	0.07155	0.01981	0.02363	0.09438	0.02394	0.01268	0.00757	0.00238	0.00848	0.26521	0.00511	0.00735
5	0.01411	0.01340	0.02273	0.48912	0.29389	0.01529	0.01935	0.01841	0.01410	0.01889	0.01218	0.01742	0.00956	0.00644	0.00668	0.00215	0.00859	0.00597	0.00311	0.00862
6	0.70711	0.01375	0.01123	0.00970	0.01402	0.01582	0.00800	0.11013	0.01409	0.03172	0.01024	0.01159	0.00782	0.00647	0.00449	0.00207	0.00548	0.00395	0.00449	0.00782
7	0.00997	0.00706	0.01018	0.01018	0.01143	0.00810	0.00790	0.01247	0.01122	0.01683	0.01849	0.02618	0.01683	0.04467	0.64019	0.00956	0.01600	0.00706	0.10963	0.00603
8	0.01413	0.14404	0.62594	0.01799	0.02728	0.01722	0.02281	0.02108	0.01409	0.02044	0.01164	0.01366	0.00852	0.00628	0.00607	0.00202	0.00951	0.00475	0.00284	0.00972
9	0.01180	0.00834	0.01003	0.00940	0.01047	0.00895	0.00648	0.10213	0.01295	0.01765	0.01955	0.03511	0.02045	0.45621	0.23497	0.00715	0.00995	0.00852	0.00428	0.00560
10	0.00895	0.00642	0.00730	0.00767	0.00830	0.00606	0.00482	0.00963	0.01180	0.01520	0.03604	0.21595	0.19540	0.41194	0.02191	0.00461	0.00515	0.01299	0.00509	0.00477
11	0.01483	0.01329	0.01976	0.01473	0.02008	0.01161	0.16929	0.08962	0.01610	0.02332	0.01609	0.11426	0.01473	0.00759	0.00632	0.00163	0.00656	0.00712	0.00443	0.42865
12	0.08085	0.01371	0.01917	0.62430	0.04127	0.07585	0.01720	0.01817	0.01372	0.01817	0.01158	0.01681	0.00878	0.00669	0.00644	0.00218	0.00890	0.00563	0.00312	0.00747
13	0.01584	0.26380	0.45244	0.01658	0.02465	0.07989	0.01963	0.02136	0.01441	0.01913	0.01105	0.01293	0.00855	0.00622	0.00570	0.00188	0.00924	0.00448	0.00290	0.00933
14	0.02276	0.01678	0.02285	0.01753	0.02278	0.05581	0.17635	0.26032	0.07997	0.18879	0.01941	0.02152	0.01422	0.00807	0.00711	0.00215	0.00798	0.03922	0.00608	0.01033
15	0.01668	0.01205	0.01542	0.01354	0.01652	0.05775	0.08225	0.10909	0.05173	0.14116	0.02764	0.32709	0.02779	0.01385	0.00774	0.00241	0.00621	0.05680	0.00619	0.00809
16	0.01363	0.01425	0.02894	0.14516	0.03116	0.01401	0.41972	0.01813	0.01486	0.01989	0.01877	0.15642	0.01777	0.00934	0.00791	0.00239	0.00928	0.04641	0.00399	0.00797
17	0.06889	0.08048	0.03151	0.11923	0.03130	0.03912	0.39387	0.11096	0.01722	0.02361	0.01297	0.01655	0.00981	0.00620	0.00699	0.00213	0.00975	0.00666	0.00379	0.00896
18	0.05406	0.01394	0.02221	0.12626	0.02567	0.01419	0.21572	0.13285	0.04457	0.02443	0.01794	0.13870	0.01620	0.00887	0.00702	0.00213	0.00766	0.00844	0.02363	0.09551
19	0.05902	0.11543	0.02530	0.03539	0.02306	0.01678	0.20505	0.18417	0.01964	0.15698	0.03230	0.02005	0.04765	0.00750	0.00667	0.00202	0.00777	0.00675	0.00528	0.02319
20	0.15303	0.08832	0.03506	0.01337	0.01755	0.06017	0.10698	0.01897	0.07258	0.02172	0.03127	0.14174	0.03011	0.01118	0.04232	0.00241	0.00714	0.00781	0.00446	0.13380
21	0.08518	0.06550	0.02204	0.01638	0.02097	0.09609	0.16208	0.13029	0.05129	0.04874	0.01640	0.06989	0.01425	0.00840	0.00732	0.00205	0.04287	0.03980	0.00468	0.09579
22	0.05861	0.01485	0.07814	0.01517	0.01970	0.01352	0.09763	0.13364	0.05932	0.19655	0.03969	0.07808	0.01968	0.01025	0.00796	0.00233	0.04304	0.09657	0.00597	0.00931
23	0.21598	0.01654	0.11271	0.02895	0.02083	0.01423	0.13201	0.09061	0.05695	0.02572	0.01552	0.09180	0.01343	0.00785	0.00617	0.00203	0.00703	0.00674	0.00444	0.13045

[dist]
# distance from previous block
# <min> <max>
7	148

[block]
# block no. 9 follows, 32 sequences, length 73
# corresponding to MSA columns:
# 1790-1862
name=unknown_J
#
# <colnr> <probs for GDERKNQSTAVLIFYWHMCP>
#	G	D	E	R	K	N	Q	S	T	A	V	L	I	F	Y	W	H	M	C	P
0	0.07849	0.03932	0.14036	0.01636	0.07325	0.05435	0.03980	0.10865	0.09860	0.05010	0.06428	0.07185	0.03429	0.00887	0.00727	0.00209	0.04271	0.00716	0.00489	0.05730
1	0.01820	0.16676	0.05838	0.01496	0.01987	0.03745	0.11035	0.16260	0.04816	0.06398	0.04063	0.04089	0.01458	0.04390	0.00817	0.00212	0.03607	0.00644	0.03203	0.07447
2	0.01763	0.12571	0.16124	0.17027	0.02541	0.03726	0.01500	0.08001	0.01624	0.13646	0.01757	0.05817	0.03816	0.00814	0.00689	0.00204	0.03315	0.00644	0.00448	0.03971
3	0.06497	0.10302	0.09743	0.08964	0.08153	0.07001	0.04918	0.11463	0.01658	0.04537	0.01691	0.14856	0.01589	0.00950	0.00739	0.00215	0.04651	0.00780	0.00439	0.00854
4	0.16266	0.01845	0.09409	0.11738	0.08357	0.11204	0.07112	0.07149	0.01604	0.07681	0.01471	0.01687	0.03398	0.00707	0.00657	0.00202	0.02828	0.00560	0.00416	0.05710
5	0.04415	0.01344	0.02222	0.38524	0.15032	0.01518	0.09095	0.04425	0.01449	0.02006	0.01348	0.03960	0.01126	0.00748	0.00769	0.00222	0.05182	0.02535	0.00349	0.03732
6	0.01627	0.01412	0.02312	0.26248	0.39924	0.01495	0.01830	0.02092	0.04494	0.07317	0.01404	0.01775	0.01094	0.00649	0.00662	0.00205	0.00790	0.00603	0.00376	0.03691
7	0.01500	0.01399	0.02290	0.15974	0.47257	0.01463	0.01784	0.01974	0.06267	0.02083	0.01585	0.08152	0.01430	0.03043	0.00766	0.00225	0.00757	0.00732	0.00377	0.00943
8	0.01329	0.01262	0.02097	0.60521	0.12093	0.01551	0.01852	0.01745	0.01336	0.01760	0.01174	0.01747	0.00913	0.00705	0.00800	0.00227	0.07209	0.00596	0.00302	0.00781
9	0.01704	0.01584	0.02583	0.10082	0.46758	0.01620	0.07632	0.09514	0.04297	0.02390	0.01354	0.01700	0.01086	0.00632	0.00670	0.00201	0.00806	0.00612	0.00383	0.04394
10	0.02039	0.01549	0.01675	0.01394	0.01824	0.01725	0.01114	0.31943	0.32965	0.06328	0.05272	0.05302	0.01927	0.00932	0.00689	0.00217	0.00607	0.00756	0.00684	0.01059
11	0.01390	0.01377	0.02046	0.64717	0.08488	0.07263	0.01830	0.01812	0.01398	0.01737	0.01184	0.01735	0.00902	0.00668	0.00665	0.00218	0.00914	0.00583	0.00304	0.00767
12	0.01513	0.01444	0.02457	0.30622	0.46883	0.01555	0.01986	0.01930	0.01458	0.02013	0.01236	0.01709	0.01000	0.00625	0.00667	0.00208	0.00834	0.00597	0.00319	0.00944
13	0.02511	0.01827	0.01967	0.01521	0.02047	0.02018	0.01252	0.63577	0.07380	0.06440	0.01716	0.01690	0.01216	0.00813	0.00672	0.00203	0.00720	0.00616	0.00677	0.01136
14	0.01204	0.00966	0.01218	0.01388	0.09006	0.00993	0.00903	0.07061	0.14423	0.02179	0.03375	0.41763	0.09679	0.01575	0.00782	0.00246	0.00484	0.01401	0.00606	0.00747
15	0.01647	0.01754	0.06247	0.02545	0.03191	0.01571	0.57631	0.02182	0.01623	0.07686	0.05734	0.02026	0.01384	0.00638	0.00777	0.00223	0.01033	0.00797	0.00400	0.00910
16	0.01267	0.01193	0.02013	0.74806	0.04621	0.01491	0.01863	0.01714	0.01342	0.01714	0.01193	0.01789	0.00894	0.00671	0.00671	0.00224	0.00894	0.00596	0.00298	0.00745
17	0.01479	0.03285	0.67244	0.01855	0.02809	0.01513	0.02360	0.02216	0.01457	0.07758	0.01319	0.01486	0.00915	0.00653	0.00640	0.00212	0.00958	0.00510	0.00327	0.01004
18	0.01720	0.01613	0.02677	0.03948	0.67595	0.01626	0.02007	0.06552	0.01635	0.02327	0.01285	0.01657	0.01068	0.00612	0.00665	0.00199	0.00793	0.00598	0.00355	0.01068
19	0.00818	0.00584	0.00779	0.00934	0.00973	0.00545	0.00623	0.00934	0.01285	0.01713	0.03698	0.75981	0.04438	0.02102	0.00856	0.00273	0.00389	0.01908	0.00623	0.00545
20	0.01346	0.03471	0.72942	0.01912	0.02904	0.01558	0.02479	0.02125	0.01417	0.02125	0.01204	0.01417	0.00850	0.00637	0.00637	0.00212	0.00992	0.00496	0.00283	0.00992
21	0.01600	0.01705	0.03421	0.06089	0.29318	0.01650	0.41778	0.02099	0.01553	0.02149	0.01315	0.01753	0.01030	0.00582	0.00739	0.00216	0.00997	0.00712	0.00335	0.00958
22	0.01669	0.01441	0.01517	0.01365	0.01745	0.01669	0.01062	0.03565	0.71021	0.02807	0.02731	0.02503	0.02048	0.00910	0.00683	0.00228	0.00531	0.00759	0.00683	0.01062
23	0.00976	0.00651	0.00732	0.00732	0.00732	0.00651	0.00407	0.00976	0.00976	0.01301	0.02114	0.04391	0.02439	0.76419	0.03415	0.00651	0.00651	0.00976	0.00407	0.00407
