[name]
unknown

[dist]
# distance from previous block
# <min> <max>
0	94

[block]
# block no. 0 follows, 32 sequences, length 15
# corresponding to MSA columns:
# 116-130
name=unknown_A
#
# <colnr> <probs for GDERKNQSTAVLIFYWHMCP>
#	G	D	E	R	K	N	Q	S	T	A	V	L	I	F	Y	W	H	M	C	P
0	0.01081	0.00772	0.01081	0.01236	0.01390	0.00772	0.01081	0.01390	0.01545	0.02008	0.03553	0.07569	0.03862	0.01854	0.00927	0.00309	0.00618	0.67717	0.00618	0.00618
1	0.01480	0.01418	0.02360	0.32152	0.36804	0.01607	0.01911	0.01868	0.01394	0.01932	0.01189	0.01689	0.00974	0.00695	0.00849	0.00220	0.09649	0.00596	0.00314	0.00897
2	0.01420	0.02655	0.46359	0.01825	0.02618	0.01439	0.11636	0.02142	0.05962	0.05723	0.02060	0.02184	0.09416	0.00780	0.00683	0.00217	0.00883	0.00673	0.00385	0.00941
3	0.04660	0.00745	0.00897	0.00830	0.01042	0.00688	0.00633	0.01422	0.01768	0.08251	0.46526	0.04735	0.17815	0.01320	0.00746	0.00210	0.00350	0.01134	0.05561	0.00666
4	0.00971	0.00712	0.00896	0.00996	0.01085	0.00703	0.00688	0.05233	0.05472	0.01928	0.03516	0.67223	0.04100	0.01955	0.00835	0.00266	0.00419	0.01762	0.00629	0.00611
5	0.01623	0.01305	0.01401	0.01267	0.01622	0.01463	0.00982	0.03161	0.56499	0.06924	0.03163	0.06765	0.08791	0.01044	0.00702	0.00229	0.00508	0.00877	0.00683	0.00992
6	0.02152	0.02475	0.01965	0.01722	0.01967	0.42143	0.01354	0.08716	0.01719	0.01879	0.01038	0.01337	0.00896	0.00869	0.01163	0.00217	0.26730	0.00502	0.00359	0.00797
7	0.01391	0.01193	0.01391	0.00994	0.01590	0.00894	0.00795	0.01690	0.01391	0.02186	0.01193	0.01391	0.00994	0.00497	0.00497	0.00099	0.00497	0.00398	0.00398	0.80521
8	0.01894	0.01541	0.01835	0.01578	0.03804	0.06710	0.08405	0.14565	0.27451	0.09620	0.06212	0.06286	0.02078	0.00954	0.00712	0.00221	0.00676	0.03860	0.00622	0.00975
9	0.15670	0.01570	0.11854	0.01506	0.06509	0.01295	0.04006	0.10313	0.01745	0.24602	0.03973	0.10541	0.01715	0.00903	0.00653	0.00215	0.00652	0.00747	0.00582	0.00949
10	0.81159	0.01298	0.00986	0.00882	0.01298	0.01505	0.00727	0.01972	0.01142	0.03010	0.00934	0.01090	0.00727	0.00623	0.00415	0.00208	0.00519	0.00363	0.00415	0.00727
11	0.00959	0.00719	0.01078	0.01078	0.01198	0.00839	0.00839	0.01198	0.01078	0.01558	0.01797	0.02636	0.01677	0.05032	0.73760	0.01078	0.01797	0.00719	0.00359	0.00599
12	0.00959	0.00719	0.01078	0.01078	0.01198	0.00839	0.00839	0.01198	0.01078	0.01558	0.01797	0.02636	0.01677	0.05032	0.73760	0.01078	0.01797	0.00719	0.00359	0.00599
13	0.01222	0.00921	0.01163	0.01229	0.01441	0.00956	0.01046	0.05313	0.11659	0.02226	0.03576	0.06437	0.08597	0.01650	0.00868	0.00285	0.00591	0.49483	0.00630	0.00706
14	0.01849	0.01848	0.02037	0.02124	0.16902	0.17556	0.05542	0.08565	0.16512	0.02311	0.01601	0.01820	0.01281	0.00994	0.04520	0.00253	0.08160	0.00615	0.04592	0.00919

[dist]
# distance from previous block
# <min> <max>
1	2

[block]
# block no. 1 follows, 32 sequences, length 22
# corresponding to MSA columns:
# 133-154
name=unknown_B
#
# <colnr> <probs for GDERKNQSTAVLIFYWHMCP>
#	G	D	E	R	K	N	Q	S	T	A	V	L	I	F	Y	W	H	M	C	P
0	0.01814	0.61170	0.11259	0.01293	0.01892	0.09579	0.01314	0.02089	0.01423	0.01647	0.00974	0.01128	0.00860	0.00593	0.00471	0.00154	0.00798	0.00382	0.00292	0.00868
1	0.00988	0.00723	0.00943	0.00892	0.01075	0.00662	0.00687	0.01303	0.01835	0.02593	0.61004	0.05067	0.05782	0.01371	0.00789	0.00215	0.00357	0.07888	0.00707	0.05119
2	0.00945	0.00658	0.00746	0.00764	0.00809	0.00639	0.00472	0.00995	0.01110	0.01442	0.03002	0.08913	0.13293	0.56593	0.02729	0.00545	0.00586	0.04844	0.00464	0.00451
3	0.77466	0.01325	0.01034	0.00913	0.01334	0.01532	0.00752	0.05168	0.01236	0.03068	0.00966	0.01114	0.00746	0.00631	0.00427	0.00207	0.00529	0.00375	0.00427	0.00746
4	0.05195	0.04797	0.21161	0.17197	0.08416	0.01652	0.08464	0.10996	0.08610	0.02406	0.01483	0.01865	0.01146	0.00721	0.00663	0.00216	0.00846	0.02828	0.00404	0.00935
5	0.01822	0.04013	0.14768	0.06584	0.17697	0.04939	0.08706	0.12072	0.13692	0.06602	0.01621	0.01778	0.01211	0.00706	0.00669	0.00209	0.00821	0.00619	0.00459	0.01012
6	0.81159	0.01298	0.00986	0.00882	0.01298	0.01505	0.00727	0.01972	0.01142	0.03010	0.00934	0.01090	0.00727	0.00623	0.00415	0.00208	0.00519	0.00363	0.00415	0.00727
7	0.01794	0.76823	0.03516	0.01148	0.01722	0.02655	0.01148	0.02009	0.01363	0.01579	0.00933	0.01076	0.00861	0.00574	0.00431	0.00144	0.00718	0.00359	0.00287	0.00861
8	0.00976	0.00651	0.00732	0.00732	0.00732	0.00651	0.00407	0.00976	0.00976	0.01301	0.02114	0.04391	0.02439	0.76419	0.03415	0.00651	0.00651	0.00976	0.00407	0.00407
9	0.01001	0.00842	0.00888	0.00848	0.01098	0.00810	0.00644	0.01558	0.16346	0.02145	0.14893	0.05418	0.48071	0.01487	0.00769	0.00225	0.00377	0.01249	0.00652	0.00681
10	0.01669	0.01441	0.01517	0.01365	0.01745	0.01669	0.01062	0.03565	0.71021	0.02807	0.02731	0.02503	0.02048	0.00910	0.00683	0.00228	0.00531	0.00759	0.00683	0.01062
11	0.02575	0.01840	0.01989	0.01525	0.02061	0.02022	0.01260	0.66404	0.03088	0.07914	0.01667	0.01647	0.01169	0.00807	0.00671	0.00202	0.00729	0.00608	0.00680	0.01141
12	0.01391	0.01193	0.01391	0.00994	0.01590	0.00894	0.00795	0.01690	0.01391	0.02186	0.01193	0.01391	0.00994	0.00497	0.00497	0.00099	0.00497	0.00398	0.00398	0.80521
13	0.01346	0.03471	0.72942	0.01912	0.02904	0.01558	0.02479	0.02125	0.01417	0.02125	0.01204	0.01417	0.00850	0.00637	0.00637	0.00212	0.00992	0.00496	0.00283	0.00992
14	0.00811	0.00667	0.00714	0.00730	0.00924	0.00570	0.00537	0.00987	0.01530	0.01881	0.12430	0.15889	0.56559	0.01724	0.00802	0.00231	0.00344	0.01465	0.00634	0.00570
15	0.14042	0.01747	0.01752	0.01402	0.01882	0.04484	0.01143	0.46860	0.11511	0.03720	0.01652	0.01661	0.01204	0.00787	0.00626	0.00203	0.00683	0.00583	0.03018	0.01041
16	0.01584	0.01810	0.03959	0.02828	0.03507	0.01697	0.69796	0.02149	0.01584	0.02149	0.01357	0.01810	0.01018	0.00566	0.00792	0.00226	0.01131	0.00792	0.00339	0.00905
17	0.00861	0.00656	0.00802	0.00901	0.01031	0.00598	0.00672	0.01035	0.01426	0.01808	0.04806	0.36940	0.29088	0.01905	0.00847	0.00263	0.00416	0.14755	0.00622	0.00567
18	0.00976	0.00651	0.00732	0.00732	0.00732	0.00651	0.00407	0.00976	0.00976	0.01301	0.02114	0.04391	0.02439	0.76419	0.03415	0.00651	0.00651	0.00976	0.00407	0.00407
19	0.76132	0.01288	0.01023	0.00902	0.01324	0.01472	0.00743	0.02056	0.01192	0.07493	0.01044	0.01167	0.00787	0.00636	0.00432	0.00208	0.00522	0.00383	0.00442	0.00753
20	0.01371	0.07596	0.69038	0.01869	0.02838	0.01620	0.02404	0.02118	0.01414	0.02094	0.01189	0.01397	0.00851	0.00634	0.00626	0.00209	0.00976	0.00488	0.00284	0.00984
21	0.00941	0.00694	0.00904	0.01015	0.01150	0.00658	0.00808	0.01168	0.01491	0.01931	0.08794	0.26843	0.17449	0.01863	0.00871	0.00276	0.00478	0.31451	0.00628	0.00588

[dist]
# distance from previous block
# <min> <max>
0	1

[block]
# block no. 2 follows, 32 sequences, length 13
# corresponding to MSA columns:
# 156-168
name=unknown_C
#
# <colnr> <probs for GDERKNQSTAVLIFYWHMCP>
#	G	D	E	R	K	N	Q	S	T	A	V	L	I	F	Y	W	H	M	C	P
0	0.34291	0.01270	0.01369	0.01100	0.01579	0.01292	0.00908	0.08735	0.01719	0.38626	0.01868	0.01745	0.01240	0.00745	0.00570	0.00207	0.00565	0.00544	0.00650	0.00975
1	0.01124	0.00767	0.00892	0.00837	0.01071	0.00690	0.00635	0.01442	0.05435	0.09570	0.27006	0.08827	0.36235	0.01480	0.00777	0.00222	0.00369	0.01262	0.00685	0.00674
2	0.01166	0.00583	0.00874	0.00874	0.00874	0.00583	0.00583	0.00874	0.00874	0.01166	0.01166	0.02040	0.01166	0.02331	0.02622	0.80478	0.00583	0.00583	0.00291	0.00291
3	0.01041	0.00727	0.00808	0.00812	0.00974	0.00705	0.00594	0.03545	0.03954	0.02023	0.06077	0.13090	0.24831	0.12284	0.04407	0.00319	0.00484	0.04676	0.18052	0.00598
4	0.00906	0.00699	0.00903	0.01029	0.04763	0.00658	0.00686	0.01088	0.01419	0.01872	0.14050	0.30117	0.21899	0.07600	0.06913	0.00342	0.00528	0.03356	0.00587	0.00587
5	0.02041	0.01990	0.01623	0.01434	0.01747	0.30565	0.01113	0.10657	0.07436	0.07899	0.06786	0.02003	0.01616	0.01452	0.11467	0.00325	0.05033	0.00615	0.03366	0.00830
6	0.01346	0.03471	0.72942	0.01912	0.02904	0.01558	0.02479	0.02125	0.01417	0.02125	0.01204	0.01417	0.00850	0.00637	0.00637	0.00212	0.00992	0.00496	0.00283	0.00992
7	0.01263	0.00799	0.01077	0.01136	0.05312	0.00834	0.00750	0.04932	0.06810	0.01716	0.01711	0.08221	0.01647	0.06089	0.07253	0.41455	0.00655	0.00741	0.07076	0.00523
8	0.01567	0.01604	0.02592	0.21159	0.06279	0.07199	0.25000	0.06364	0.03673	0.02063	0.01456	0.06210	0.01229	0.00911	0.03070	0.00253	0.07424	0.00738	0.00374	0.00835
9	0.01661	0.01594	0.02724	0.04119	0.72233	0.01594	0.02059	0.02059	0.01528	0.02192	0.01262	0.01661	0.01063	0.00598	0.00664	0.00199	0.00797	0.00598	0.00332	0.01063
10	0.00898	0.00672	0.00796	0.00835	0.00965	0.00619	0.00607	0.01067	0.01438	0.01857	0.14908	0.17370	0.27506	0.16559	0.01342	0.00327	0.00445	0.10644	0.00597	0.00549
11	0.44371	0.01433	0.01344	0.01149	0.01517	0.04159	0.00939	0.11590	0.05069	0.07102	0.01283	0.01430	0.00982	0.00757	0.00720	0.00215	0.10208	0.00480	0.04427	0.00824
12	0.01998	0.04256	0.05515	0.09745	0.12726	0.07611	0.01441	0.25817	0.04652	0.07561	0.01624	0.01967	0.01273	0.01142	0.06931	0.00280	0.00882	0.03105	0.00504	0.00971

[dist]
# distance from previous block
# <min> <max>
1	3

[block]
# block no. 3 follows, 32 sequences, length 27
# corresponding to MSA columns:
# 172-198
name=unknown_D
#
# <colnr> <probs for GDERKNQSTAVLIFYWHMCP>
#	G	D	E	R	K	N	Q	S	T	A	V	L	I	F	Y	W	H	M	C	P
0	0.01465	0.01376	0.05537	0.01108	0.01702	0.01049	0.00945	0.06054	0.01492	0.02293	0.01209	0.01409	0.00991	0.00548	0.00576	0.00119	0.03168	0.00423	0.00405	0.68131
1	0.00909	0.00635	0.00782	0.00827	0.00891	0.00606	0.00544	0.01001	0.01261	0.01681	0.12376	0.28316	0.11325	0.27124	0.04224	0.04600	0.00519	0.01337	0.00539	0.00501
2	0.01584	0.01810	0.03959	0.02828	0.03507	0.01697	0.69796	0.02149	0.01584	0.02149	0.01357	0.01810	0.01018	0.00566	0.00792	0.00226	0.01131	0.00792	0.00339	0.00905
3	0.00815	0.00631	0.00737	0.00813	0.00938	0.00560	0.00567	0.00958	0.01403	0.01775	0.07077	0.41054	0.34328	0.03996	0.00899	0.00261	0.00373	0.01643	0.00620	0.00553
4	0.00908	0.00684	0.00839	0.00800	0.00977	0.00615	0.00600	0.01186	0.01801	0.02457	0.54575	0.05396	0.23781	0.01459	0.00792	0.00215	0.00323	0.01267	0.00708	0.00615
5	0.01346	0.03471	0.72942	0.01912	0.02904	0.01558	0.02479	0.02125	0.01417	0.02125	0.01204	0.01417	0.00850	0.00637	0.00637	0.00212	0.00992	0.00496	0.00283	0.00992
6	0.00830	0.00593	0.00793	0.00949	0.00994	0.00556	0.00645	0.00957	0.01297	0.01727	0.03691	0.72630	0.04410	0.02090	0.00860	0.00274	0.00400	0.05131	0.00623	0.00549
7	0.81159	0.01298	0.00986	0.00882	0.01298	0.01505	0.00727	0.01972	0.01142	0.03010	0.00934	0.01090	0.00727	0.00623	0.00415	0.00208	0.00519	0.00363	0.00415	0.00727
8	0.01391	0.01193	0.01391	0.00994	0.01590	0.00894	0.00795	0.01690	0.01391	0.02186	0.01193	0.01391	0.00994	0.00497	0.00497	0.00099	0.00497	0.00398	0.00398	0.80521
9	0.81159	0.01298	0.00986	0.00882	0.01298	0.01505	0.00727	0.01972	0.01142	0.03010	0.00934	0.01090	0.00727	0.00623	0.00415	0.00208	0.00519	0.00363	0.00415	0.00727
10	0.01442	0.01390	0.02116	0.47340	0.18223	0.04413	0.01794	0.01978	0.07335	0.01899	0.01317	0.01785	0.01026	0.00702	0.00743	0.00220	0.04495	0.00604	0.00340	0.00839
11	0.76292	0.01288	0.01022	0.00902	0.01323	0.01473	0.00743	0.02053	0.01190	0.07350	0.01041	0.01164	0.00785	0.00636	0.00431	0.00208	0.00522	0.00383	0.00441	0.00753
12	0.01863	0.01494	0.01594	0.01385	0.01794	0.01700	0.01091	0.13542	0.57674	0.06197	0.02559	0.02359	0.01894	0.00891	0.00681	0.00223	0.00564	0.00732	0.00688	0.01078
13	0.00850	0.00605	0.00802	0.00948	0.00995	0.00571	0.00650	0.00977	0.01289	0.01714	0.03589	0.65635	0.04266	0.06589	0.01018	0.00299	0.00425	0.07626	0.00609	0.00543
14	0.01717	0.00990	0.01209	0.01098	0.01410	0.00952	0.00890	0.10495	0.04138	0.21212	0.03736	0.11818	0.17973	0.01379	0.00770	0.00240	0.00525	0.15874	0.02752	0.00821
15	0.01496	0.01699	0.11720	0.23360	0.11570	0.04900	0.10955	0.03947	0.01515	0.04687	0.04427	0.02133	0.05623	0.00907	0.02913	0.00245	0.05992	0.00683	0.00379	0.00847
16	0.01794	0.76823	0.03516	0.01148	0.01722	0.02655	0.01148	0.02009	0.01363	0.01579	0.00933	0.01076	0.00861	0.00574	0.00431	0.00144	0.00718	0.00359	0.00287	0.00861
17	0.00877	0.00677	0.00794	0.00800	0.00971	0.00605	0.00596	0.01097	0.01618	0.02111	0.29564	0.12534	0.34905	0.04585	0.00911	0.00247	0.00366	0.05501	0.00656	0.00585
18	0.00825	0.00596	0.00781	0.00914	0.00971	0.00552	0.00617	0.00959	0.01341	0.01786	0.08568	0.67189	0.08360	0.02029	0.00848	0.00266	0.00382	0.01832	0.00631	0.00552
19	0.01440	0.01397	0.02235	0.49505	0.26072	0.04265	0.01904	0.01861	0.01422	0.01864	0.01209	0.01726	0.00947	0.00648	0.00666	0.00214	0.00875	0.00591	0.00311	0.00848
20	0.00987	0.00725	0.00929	0.00871	0.01041	0.00687	0.00656	0.01386	0.05508	0.02697	0.68270	0.04881	0.06108	0.01348	0.00786	0.00212	0.00328	0.01190	0.00736	0.00656
21	0.00958	0.00629	0.00782	0.00828	0.00862	0.00624	0.00529	0.01014	0.01119	0.01543	0.04286	0.25940	0.02944	0.35515	0.07495	0.07339	0.00620	0.01194	0.05305	0.00472
22	0.02002	0.09464	0.06405	0.07023	0.17394	0.17084	0.03176	0.17200	0.09318	0.02490	0.01409	0.01584	0.01098	0.00700	0.00634	0.00195	0.00861	0.00556	0.00437	0.00971
23	0.01456	0.01424	0.02460	0.14135	0.27050	0.01531	0.14674	0.01906	0.05043	0.02009	0.01598	0.10894	0.01472	0.00878	0.00910	0.00231	0.10271	0.00803	0.00377	0.00877
24	0.00885	0.00619	0.00752	0.00830	0.00863	0.00592	0.00521	0.00954	0.01165	0.01539	0.03198	0.40342	0.07769	0.34579	0.01972	0.00435	0.00500	0.01469	0.00528	0.00486
25	0.25525	0.05630	0.08097	0.07494	0.29628	0.07063	0.01551	0.02089	0.01419	0.04081	0.01155	0.01429	0.00922	0.00625	0.00572	0.00200	0.00759	0.00496	0.00362	0.00904
26	0.07658	0.00948	0.01260	0.01264	0.06333	0.00942	0.02399	0.04711	0.03088	0.13797	0.14552	0.17512	0.07144	0.01801	0.10519	0.03022	0.00672	0.01032	0.00591	0.00755

[dist]
# distance from previous block
# <min> <max>
0	3

[block]
# block no. 4 follows, 32 sequences, length 30
# corresponding to MSA columns:
# 312-341
name=unknown_E
#
# <colnr> <probs for GDERKNQSTAVLIFYWHMCP>
#	G	D	E	R	K	N	Q	S	T	A	V	L	I	F	Y	W	H	M	C	P
0	0.03855	0.24379	0.05481	0.05894	0.05090	0.10318	0.05953	0.08463	0.03557	0.07725	0.01268	0.01464	0.01009	0.00714	0.00759	0.00192	0.09233	0.00513	0.00398	0.03736
1	0.15034	0.14435	0.08238	0.05124	0.16540	0.03445	0.10245	0.07521	0.01559	0.02308	0.01594	0.04527	0.05213	0.00740	0.00611	0.00201	0.00763	0.00628	0.00390	0.00883
2	0.01246	0.00772	0.00959	0.00937	0.01092	0.00735	0.00670	0.05336	0.01539	0.10482	0.15189	0.28093	0.08472	0.17266	0.01346	0.00327	0.00479	0.03791	0.00625	0.00642
3	0.02473	0.01805	0.01898	0.01494	0.02000	0.04933	0.01219	0.51727	0.12226	0.10484	0.01839	0.01780	0.01303	0.00817	0.00670	0.00204	0.00714	0.00625	0.00674	0.01115
4	0.00875	0.00662	0.00813	0.00862	0.01004	0.00600	0.00639	0.01084	0.01560	0.02049	0.23775	0.27407	0.25794	0.01747	0.00826	0.00245	0.00377	0.08442	0.00655	0.00584
5	0.01577	0.01608	0.02226	0.04869	0.02080	0.06187	0.08061	0.04608	0.01235	0.01782	0.00980	0.01505	0.00905	0.01051	0.01845	0.00273	0.57521	0.00599	0.00317	0.00771
6	0.00869	0.00621	0.00839	0.00981	0.01040	0.00598	0.00696	0.01017	0.01302	0.01735	0.03522	0.59712	0.04137	0.04311	0.05198	0.00335	0.00512	0.11418	0.00601	0.00555
7	0.00950	0.00686	0.00897	0.00844	0.01002	0.00633	0.00633	0.01266	0.01899	0.02691	0.71879	0.05012	0.06331	0.01372	0.00791	0.00211	0.00317	0.01213	0.00739	0.00633
8	0.01346	0.03471	0.72942	0.01912	0.02904	0.01558	0.02479	0.02125	0.01417	0.02125	0.01204	0.01417	0.00850	0.00637	0.00637	0.00212	0.00992	0.00496	0.00283	0.00992
9	0.00868	0.00691	0.00785	0.00797	0.00993	0.00608	0.00616	0.01088	0.01611	0.02039	0.21338	0.07999	0.46203	0.01654	0.00812	0.00235	0.00372	0.10055	0.00649	0.00588
10	0.02551	0.01879	0.02014	0.01544	0.02081	0.02081	0.01275	0.69996	0.03155	0.04229	0.01611	0.01611	0.01141	0.00805	0.00671	0.00201	0.00738	0.00604	0.00671	0.01141
11	0.01474	0.01486	0.08180	0.04458	0.01964	0.01142	0.03904	0.06551	0.01510	0.02281	0.01218	0.01447	0.00983	0.00567	0.00605	0.00135	0.03387	0.00453	0.00396	0.57858
12	0.05132	0.01232	0.04287	0.01192	0.01460	0.04232	0.00972	0.07597	0.09131	0.05509	0.17875	0.05162	0.02703	0.05976	0.13078	0.00386	0.07439	0.02361	0.00540	0.03736
13	0.00851	0.00606	0.00808	0.00957	0.01006	0.00573	0.00661	0.00983	0.01298	0.01726	0.03617	0.65993	0.04295	0.05180	0.00970	0.00292	0.00424	0.08601	0.00613	0.00547
14	0.02390	0.01658	0.02031	0.01548	0.02072	0.01745	0.08075	0.46847	0.02667	0.15000	0.02162	0.02122	0.06777	0.00856	0.00694	0.00207	0.00719	0.00698	0.00660	0.01072
15	0.01678	0.09371	0.12830	0.08720	0.29575	0.04191	0.05172	0.07085	0.01622	0.05167	0.01580	0.05263	0.03340	0.00739	0.00656	0.00203	0.00810	0.00653	0.00387	0.00957
16	0.01119	0.00811	0.01035	0.01149	0.06666	0.00759	0.00778	0.04152	0.01585	0.06029	0.13438	0.22913	0.25021	0.04872	0.00913	0.00257	0.00451	0.06770	0.00620	0.00663
17	0.01584	0.01810	0.03959	0.02828	0.03507	0.01697	0.69796	0.02149	0.01584	0.02149	0.01357	0.01810	0.01018	0.00566	0.00792	0.00226	0.01131	0.00792	0.00339	0.00905
18	0.02854	0.01190	0.01655	0.04139	0.05953	0.01070	0.01090	0.04935	0.01909	0.64071	0.02484	0.02211	0.01583	0.00810	0.00674	0.00208	0.00601	0.00665	0.00777	0.01122
19	0.01580	0.05264	0.16980	0.14261	0.14206	0.07017	0.21774	0.02190	0.06253	0.02064	0.01337	0.01675	0.01024	0.00635	0.00684	0.00211	0.00959	0.00622	0.00342	0.00921
20	0.01621	0.01561	0.01977	0.27029	0.17337	0.12643	0.03298	0.02138	0.09434	0.05050	0.01708	0.10126	0.01492	0.00852	0.00685	0.00216	0.00817	0.00746	0.00417	0.00851
21	0.00829	0.00593	0.00771	0.00909	0.00951	0.00554	0.00601	0.00939	0.01269	0.01683	0.03682	0.67763	0.06684	0.08048	0.01059	0.00301	0.00408	0.01815	0.00606	0.00535
22	0.01311	0.00684	0.00690	0.00668	0.00842	0.00693	0.00507	0.04744	0.01488	0.02582	0.02162	0.02460	0.01693	0.00783	0.00478	0.00158	0.00332	0.00624	0.76450	0.00649
23	0.07822	0.03014	0.03756	0.05993	0.06766	0.06202	0.03974	0.08950	0.03036	0.06699	0.09363	0.05602	0.04053	0.03409	0.12465	0.00358	0.03514	0.00746	0.00482	0.03796
24	0.08066	0.08198	0.11424	0.01833	0.10568	0.03795	0.05116	0.19701	0.16158	0.02824	0.01588	0.01679	0.01203	0.00717	0.00625	0.00200	0.00741	0.00578	0.00491	0.04498
25	0.05058	0.04826	0.04342	0.01356	0.01691	0.04591	0.01135	0.21950	0.10339	0.02728	0.09309	0.02621	0.06202	0.03148	0.01046	0.02091	0.12606	0.03554	0.00542	0.00865
26	0.01821	0.06300	0.11672	0.06820	0.09439	0.12315	0.03421	0.07923	0.13887	0.08165	0.02109	0.02322	0.06731	0.00842	0.00667	0.00208	0.00785	0.03155	0.00486	0.00931
27	0.01587	0.07257	0.16630	0.03575	0.01933	0.08434	0.01320	0.08445	0.09844	0.04415	0.08015	0.05580	0.06302	0.03754	0.00832	0.00224	0.03869	0.02363	0.00484	0.05140
28	0.07539	0.04080	0.05501	0.04242	0.01568	0.05603	0.03793	0.04559	0.03315	0.02140	0.10117	0.07245	0.16320	0.05266	0.05350	0.00288	0.02402	0.02933	0.04648	0.03090
29	0.05369	0.19437	0.17659	0.01520	0.04000	0.10596	0.04248	0.04230	0.08728	0.02129	0.03168	0.01676	0.03298	0.00690	0.00579	0.00179	0.00781	0.00529	0.00390	0.10793

[dist]
# distance from previous block
# <min> <max>
1	53

[block]
# block no. 5 follows, 32 sequences, length 10
# corresponding to MSA columns:
# 395-404
name=unknown_F
#
# <colnr> <probs for GDERKNQSTAVLIFYWHMCP>
#	G	D	E	R	K	N	Q	S	T	A	V	L	I	F	Y	W	H	M	C	P
0	0.03693	0.05025	0.04948	0.01379	0.05411	0.08377	0.02996	0.12588	0.04404	0.04565	0.07021	0.10623	0.14782	0.05099	0.00858	0.00242	0.00646	0.06009	0.00545	0.00789
1	0.05681	0.01274	0.01530	0.03282	0.09726	0.02685	0.01010	0.06043	0.07936	0.04767	0.09523	0.04099	0.01816	0.00737	0.00596	0.00160	0.00554	0.00615	0.00490	0.37475
2	0.01265	0.01064	0.01394	0.01217	0.01382	0.01237	0.00968	0.04039	0.01271	0.01875	0.05947	0.02515	0.06536	0.06567	0.16052	0.03445	0.25679	0.00708	0.04553	0.12284
3	0.01173	0.01020	0.01422	0.01592	0.11620	0.04541	0.01076	0.01429	0.01219	0.01713	0.04980	0.02452	0.01713	0.03714	0.50751	0.00807	0.07022	0.00701	0.00368	0.00687
4	0.13053	0.01421	0.02415	0.24176	0.17089	0.01546	0.18010	0.01893	0.01390	0.02102	0.01285	0.01852	0.01049	0.00840	0.03376	0.00254	0.04481	0.02591	0.00343	0.00835
5	0.01362	0.01919	0.25907	0.06150	0.11766	0.01288	0.04238	0.03382	0.07713	0.04447	0.03514	0.15043	0.05375	0.03907	0.00811	0.00241	0.00740	0.00883	0.00445	0.00870
6	0.64810	0.01317	0.01176	0.01188	0.07492	0.01494	0.00859	0.05938	0.01309	0.02980	0.01078	0.01255	0.00840	0.00641	0.00455	0.00203	0.00544	0.00414	0.05233	0.00774
7	0.01529	0.01520	0.12988	0.01515	0.08365	0.01236	0.01236	0.08113	0.15418	0.08552	0.09383	0.03442	0.13449	0.04985	0.00858	0.00244	0.00614	0.05098	0.00574	0.00882
8	0.01867	0.01413	0.01538	0.01327	0.01727	0.01561	0.01061	0.19269	0.38624	0.08248	0.02863	0.02959	0.08013	0.01012	0.00706	0.00225	0.00574	0.05318	0.00681	0.01014
9	0.01641	0.03701	0.07972	0.09523	0.06655	0.01376	0.02604	0.08673	0.01609	0.11932	0.04632	0.10180	0.06440	0.01010	0.00923	0.00220	0.12389	0.00799	0.00491	0.07229

[dist]
# distance from previous block
# <min> <max>
0	1

[block]
# block no. 6 follows, 32 sequences, length 16
# corresponding to MSA columns:
# 406-421
name=unknown_G
#
# <colnr> <probs for GDERKNQSTAVLIFYWHMCP>
#	G	D	E	R	K	N	Q	S	T	A	V	L	I	F	Y	W	H	M	C	P
0	0.10382	0.15143	0.11373	0.01596	0.05300	0.01905	0.03327	0.18472	0.06568	0.04677	0.01363	0.01548	0.01068	0.00933	0.03757	0.00243	0.10423	0.00541	0.00444	0.00937
1	0.47400	0.11440	0.03696	0.01383	0.08050	0.10748	0.01053	0.05570	0.01412	0.02616	0.01020	0.01192	0.00817	0.00633	0.00483	0.00194	0.00682	0.00409	0.00392	0.00810
2	0.01272	0.01065	0.01098	0.00994	0.01268	0.04223	0.00766	0.09722	0.13623	0.02520	0.24582	0.04551	0.29067	0.01318	0.00751	0.00217	0.00451	0.01105	0.00661	0.00748
3	0.01587	0.01750	0.08470	0.05692	0.27929	0.07495	0.05495	0.01976	0.01496	0.02113	0.01215	0.01519	0.00992	0.00575	0.00605	0.00165	0.00766	0.00514	0.00351	0.29294
4	0.01082	0.00722	0.00899	0.00846	0.01048	0.00647	0.00645	0.01350	0.01778	0.08262	0.45461	0.07310	0.22513	0.01446	0.00788	0.00219	0.00355	0.03263	0.00710	0.00656
5	0.01094	0.00890	0.01345	0.05118	0.05673	0.00998	0.04504	0.01290	0.01110	0.01560	0.01739	0.02945	0.01741	0.26195	0.34364	0.00743	0.06950	0.00779	0.00363	0.00601
6	0.01166	0.00583	0.00874	0.00874	0.00874	0.00583	0.00583	0.00874	0.00874	0.01166	0.01166	0.02040	0.01166	0.02331	0.02622	0.80478	0.00583	0.00583	0.00291	0.00291
7	0.01045	0.00841	0.01224	0.01175	0.01268	0.01033	0.00922	0.01256	0.01064	0.01554	0.01660	0.02532	0.01584	0.08138	0.58066	0.00924	0.14041	0.00710	0.00351	0.00612
8	0.01745	0.06855	0.02178	0.15468	0.18121	0.11057	0.03147	0.11925	0.05289	0.02212	0.01365	0.01725	0.01113	0.01207	0.09075	0.00305	0.05344	0.00587	0.00393	0.00889
9	0.01855	0.12750	0.02409	0.13584	0.05344	0.01877	0.09903	0.25959	0.04253	0.02759	0.06797	0.01869	0.01453	0.00781	0.00755	0.00207	0.05390	0.00640	0.00481	0.00936
10	0.00837	0.00637	0.00763	0.00823	0.00947	0.00571	0.00578	0.01003	0.01467	0.01904	0.16565	0.36937	0.28405	0.04247	0.00906	0.00258	0.00368	0.01584	0.00636	0.00563
11	0.01651	0.07285	0.26765	0.05689	0.09936	0.07607	0.05441	0.07409	0.01628	0.05802	0.05048	0.04531	0.01392	0.00881	0.02547	0.00231	0.04212	0.00631	0.00395	0.00918
12	0.01705	0.60730	0.08740	0.01459	0.07844	0.02385	0.01314	0.01981	0.01367	0.01673	0.01027	0.01233	0.00919	0.00810	0.04231	0.00202	0.00801	0.00408	0.00294	0.00875
13	0.00932	0.00680	0.00875	0.00837	0.00994	0.00624	0.00624	0.01228	0.01841	0.02578	0.63747	0.08759	0.10904	0.01433	0.00795	0.00215	0.00322	0.01264	0.00724	0.00624
14	0.01391	0.01193	0.01391	0.00994	0.01590	0.00894	0.00795	0.01690	0.01391	0.02186	0.01193	0.01391	0.00994	0.00497	0.00497	0.00099	0.00497	0.00398	0.00398	0.80521
15	0.01688	0.01991	0.11585	0.17037	0.21764	0.14532	0.05007	0.02155	0.04245	0.04097	0.03993	0.01745	0.01213	0.00693	0.00697	0.00203	0.02792	0.00588	0.00367	0.03606

[dist]
# distance from previous block
# <min> <max>
0	1

[block]
# block no. 7 follows, 32 sequences, length 19
# corresponding to MSA columns:
# 423-441
name=unknown_H
#
# <colnr> <probs for GDERKNQSTAVLIFYWHMCP>
#	G	D	E	R	K	N	Q	S	T	A	V	L	I	F	Y	W	H	M	C	P
0	0.27028	0.01765	0.05315	0.01649	0.11004	0.14056	0.03179	0.06536	0.05133	0.08505	0.05954	0.01731	0.01379	0.00728	0.00582	0.00200	0.00718	0.00551	0.03119	0.00868
1	0.00976	0.00651	0.00732	0.00732	0.00732	0.00651	0.00407	0.00976	0.00976	0.01301	0.02114	0.04391	0.02439	0.76419	0.03415	0.00651	0.00651	0.00976	0.00407	0.00407
2	0.02395	0.01764	0.01898	0.01495	0.02000	0.01957	0.01222	0.54300	0.16460	0.06641	0.01872	0.01813	0.01340	0.00827	0.00674	0.00207	0.00691	0.00637	0.00680	0.01126
3	0.00893	0.00642	0.00772	0.00805	0.00939	0.00580	0.00575	0.01052	0.01484	0.01975	0.20410	0.25810	0.27215	0.01741	0.00942	0.06783	0.00367	0.01400	0.05057	0.00557
4	0.00915	0.00663	0.00802	0.00807	0.00906	0.00633	0.00550	0.01067	0.01377	0.01850	0.22442	0.13818	0.16082	0.27134	0.07641	0.00441	0.00563	0.01217	0.00561	0.00531
5	0.00856	0.00646	0.00796	0.00862	0.00989	0.00586	0.00624	0.01044	0.01502	0.01966	0.18786	0.36113	0.24493	0.01815	0.00829	0.00249	0.00376	0.06246	0.00647	0.00575
6	0.03010	0.01142	0.01557	0.01194	0.01713	0.00986	0.00986	0.03270	0.01920	0.72698	0.02647	0.02284	0.01661	0.00830	0.00675	0.00208	0.00571	0.00675	0.00830	0.01142
7	0.01601	0.01699	0.02155	0.01824	0.01908	0.10721	0.05687	0.01777	0.01168	0.01651	0.00929	0.01458	0.00887	0.01078	0.01921	0.00275	0.61627	0.00581	0.00303	0.00750
8	0.01346	0.03471	0.72942	0.01912	0.02904	0.01558	0.02479	0.02125	0.01417	0.02125	0.01204	0.01417	0.00850	0.00637	0.00637	0.00212	0.00992	0.00496	0.00283	0.00992
9	0.00975	0.00655	0.00755	0.00755	0.00763	0.00663	0.00435	0.00990	0.00983	0.01318	0.02093	0.04275	0.02389	0.71709	0.08056	0.00679	0.00726	0.00959	0.00403	0.00419
10	0.00964	0.00646	0.00735	0.00747	0.00749	0.00643	0.00422	0.00973	0.00998	0.01331	0.02229	0.09593	0.02585	0.71019	0.03229	0.00623	0.00632	0.01043	0.00422	0.00417
11	0.01794	0.76823	0.03516	0.01148	0.01722	0.02655	0.01148	0.02009	0.01363	0.01579	0.00933	0.01076	0.00861	0.00574	0.00431	0.00144	0.00718	0.00359	0.00287	0.00861
12	0.02788	0.01117	0.01502	0.01172	0.01656	0.00985	0.00960	0.03118	0.04689	0.64182	0.08302	0.02515	0.02058	0.00878	0.00685	0.00209	0.00549	0.00722	0.00817	0.01097
13	0.00818	0.00584	0.00779	0.00934	0.00973	0.00545	0.00623	0.00934	0.01285	0.01713	0.03698	0.75981	0.04438	0.02102	0.00856	0.00273	0.00389	0.01908	0.00623	0.00545
14	0.01391	0.01193	0.01391	0.00994	0.01590	0.00894	0.00795	0.01690	0.01391	0.02186	0.01193	0.01391	0.00994	0.00497	0.00497	0.00099	0.00497	0.00398	0.00398	0.80521
15	0.00893	0.00732	0.00794	0.00770	0.00988	0.00657	0.00580	0.01217	0.06215	0.02117	0.24255	0.05803	0.49473	0.01558	0.00785	0.00222	0.00346	0.01318	0.00658	0.00617
16	0.01536	0.01580	0.02045	0.01759	0.01782	0.06714	0.01457	0.01684	0.01084	0.01617	0.00891	0.01451	0.00880	0.01143	0.02098	0.00286	0.70381	0.00577	0.00297	0.00737
17	0.01621	0.01543	0.02621	0.03934	0.68229	0.01540	0.01979	0.02015	0.01549	0.02220	0.05232	0.01849	0.01359	0.00641	0.00671	0.00200	0.00770	0.00632	0.00355	0.01039
18	0.00941	0.00636	0.00742	0.00776	0.00785	0.00627	0.00454	0.00967	0.01044	0.01391	0.02462	0.20102	0.02878	0.60109	0.02854	0.00568	0.00593	0.01180	0.00454	0.00437

[dist]
# distance from previous block
# <min> <max>
4	15

[block]
# block no. 8 follows, 32 sequences, length 13
# corresponding to MSA columns:
# 461-473
name=unknown_I
#
# <colnr> <probs for GDERKNQSTAVLIFYWHMCP>
#	G	D	E	R	K	N	Q	S	T	A	V	L	I	F	Y	W	H	M	C	P
0	0.15767	0.13696	0.09305	0.08316	0.09272	0.16335	0.01381	0.07240	0.01622	0.06866	0.01291	0.03769	0.01048	0.00707	0.00578	0.00193	0.00817	0.00523	0.00402	0.00873
1	0.46952	0.01349	0.05068	0.01264	0.06192	0.01369	0.03118	0.05072	0.01377	0.04746	0.06610	0.03439	0.03094	0.01108	0.06484	0.00281	0.00676	0.00572	0.00453	0.00775
2	0.01141	0.00599	0.00898	0.00898	0.00913	0.00613	0.00613	0.00913	0.00898	0.01212	0.01241	0.02111	0.01226	0.02653	0.11090	0.71027	0.00727	0.00599	0.00299	0.00328
3	0.01530	0.01457	0.02214	0.33528	0.22656	0.05605	0.05930	0.05623	0.01513	0.02012	0.01306	0.01856	0.01067	0.04513	0.00861	0.00235	0.03560	0.00620	0.03069	0.00846
4	0.01346	0.03471	0.72942	0.01912	0.02904	0.01558	0.02479	0.02125	0.01417	0.02125	0.01204	0.01417	0.00850	0.00637	0.00637	0.00212	0.00992	0.00496	0.00283	0.00992
5	0.00890	0.00681	0.00819	0.00808	0.00984	0.00610	0.00608	0.01140	0.01709	0.02276	0.40578	0.10069	0.30145	0.01560	0.00802	0.00225	0.00344	0.04465	0.00683	0.00602
6	0.00840	0.00598	0.00792	0.00939	0.00982	0.00563	0.00635	0.00961	0.01281	0.01706	0.03603	0.68390	0.04297	0.06200	0.01002	0.00295	0.00416	0.05348	0.00611	0.00541
7	0.00851	0.00682	0.00761	0.00741	0.00942	0.00591	0.00556	0.01076	0.01667	0.02140	0.31064	0.05919	0.47490	0.01577	0.00792	0.00221	0.00331	0.01341	0.00666	0.00591
8	0.01784	0.70966	0.03361	0.01165	0.01724	0.02578	0.01141	0.02130	0.06775	0.01674	0.01073	0.01187	0.00953	0.00600	0.00450	0.00150	0.00703	0.00390	0.00318	0.00877
9	0.00985	0.00793	0.00867	0.00828	0.01055	0.00740	0.00625	0.04538	0.07083	0.02214	0.21918	0.09193	0.43641	0.01537	0.00782	0.00224	0.00371	0.01302	0.00658	0.00648
10	0.01893	0.40981	0.07211	0.01253	0.01777	0.08719	0.01177	0.07305	0.04967	0.08393	0.04661	0.01840	0.05765	0.00752	0.00551	0.00173	0.00719	0.00545	0.00430	0.00890
11	0.05435	0.04114	0.11974	0.01702	0.09265	0.01334	0.08708	0.05559	0.06923	0.02337	0.01560	0.04200	0.01321	0.00715	0.00615	0.00179	0.00688	0.03784	0.02756	0.26830
12	0.06981	0.17243	0.16131	0.01611	0.06575	0.11895	0.01434	0.08141	0.07803	0.09735	0.01561	0.03703	0.01249	0.00758	0.00603	0.00196	0.00792	0.02203	0.00448	0.00937

[dist]
# distance from previous block
# <min> <max>
0	9

[block]
# block no. 9 follows, 32 sequences, length 10
# corresponding to MSA columns:
# 483-492
name=unknown_J
#
# <colnr> <probs for GDERKNQSTAVLIFYWHMCP>
#	G	D	E	R	K	N	Q	S	T	A	V	L	I	F	Y	W	H	M	C	P
0	0.13209	0.11119	0.12978	0.01454	0.04418	0.06793	0.05083	0.06078	0.05530	0.05812	0.03393	0.01592	0.01190	0.00660	0.00566	0.00178	0.00711	0.00512	0.02891	0.15833
1	0.05482	0.08157	0.05768	0.08624	0.37492	0.01658	0.05452	0.09250	0.01643	0.02375	0.01321	0.01647	0.01061	0.00639	0.00625	0.00196	0.00770	0.00574	0.06299	0.00968
2	0.00947	0.00638	0.00740	0.00769	0.00776	0.00631	0.00446	0.00968	0.01032	0.01376	0.02401	0.17377	0.02802	0.62939	0.02951	0.00582	0.00603	0.01145	0.00446	0.00432
3	0.01305	0.01233	0.01869	0.56649	0.07146	0.05081	0.01666	0.01700	0.01362	0.01749	0.01398	0.06004	0.01175	0.01019	0.05137	0.00273	0.00914	0.00670	0.02912	0.00738
4	0.00956	0.00691	0.00960	0.00969	0.01049	0.00767	0.00700	0.01118	0.01060	0.01491	0.01999	0.07340	0.02058	0.25738	0.49026	0.00907	0.01382	0.00862	0.00388	0.00540
5	0.01000	0.00776	0.01031	0.09531	0.01448	0.00770	0.00782	0.01382	0.04650	0.02489	0.53922	0.04681	0.12377	0.01305	0.00773	0.00215	0.00396	0.01143	0.00673	0.00657
6	0.00900	0.00723	0.00973	0.00984	0.01138	0.00667	0.04549	0.01137	0.03656	0.01888	0.09734	0.41280	0.24081	0.01794	0.00826	0.00251	0.00423	0.03781	0.00618	0.00597
7	0.02634	0.01746	0.01931	0.01480	0.02014	0.01882	0.01223	0.57900	0.02931	0.16641	0.01799	0.01733	0.01235	0.00810	0.00672	0.00203	0.00708	0.00617	0.00700	0.01141
8	0.12353	0.01604	0.02137	0.27967	0.22770	0.10469	0.05405	0.01989	0.01453	0.02064	0.01167	0.01567	0.00928	0.00632	0.00624	0.00202	0.00848	0.00546	0.00337	0.04939
9	0.02077	0.02080	0.07742	0.05957	0.09994	0.22352	0.01388	0.13539	0.07433	0.09914	0.03839	0.02049	0.01446	0.04359	0.00791	0.00222	0.00856	0.02550	0.00492	0.00920

[dist]
# distance from previous block
# <min> <max>
12	21

[block]
# block no. 10 follows, 32 sequences, length 75
# corresponding to MSA columns:
# 514-588
name=unknown_K
#
# <colnr> <probs for GDERKNQSTAVLIFYWHMCP>
#	G	D	E	R	K	N	Q	S	T	A	V	L	I	F	Y	W	H	M	C	P
0	0.06766	0.01200	0.01942	0.69718	0.04393	0.01492	0.01785	0.01732	0.01328	0.01804	0.01175	0.01741	0.00883	0.00668	0.00653	0.00223	0.00869	0.00580	0.00306	0.00744
1	0.01757	0.19675	0.21954	0.01567	0.04145	0.13271	0.01518	0.09458	0.08221	0.02241	0.06351	0.01847	0.03712	0.00759	0.00609	0.00190	0.00819	0.00573	0.00417	0.00913
2	0.01446	0.01608	0.09804	0.04826	0.01939	0.03669	0.03572	0.03966	0.03169	0.01926	0.03801	0.01922	0.03647	0.01141	0.03528	0.00277	0.41552	0.00642	0.06796	0.00770
3	0.00921	0.00689	0.00898	0.05927	0.01202	0.00663	0.00675	0.01140	0.01550	0.02104	0.33379	0.23762	0.12741	0.09995	0.01096	0.00279	0.00416	0.01353	0.00627	0.00584
4	0.01346	0.03471	0.72942	0.01912	0.02904	0.01558	0.02479	0.02125	0.01417	0.02125	0.01204	0.01417	0.00850	0.00637	0.00637	0.00212	0.00992	0.00496	0.00283	0.00992
5	0.00981	0.00750	0.00890	0.00858	0.01061	0.00715	0.00661	0.01256	0.03776	0.04392	0.20122	0.05229	0.38627	0.02038	0.11223	0.00348	0.02499	0.03334	0.00612	0.00627
6	0.02403	0.01737	0.01856	0.01440	0.01934	0.01916	0.01184	0.62239	0.02957	0.04033	0.01676	0.01712	0.01207	0.00803	0.00648	0.00196	0.00690	0.00607	0.09680	0.01083
7	0.01407	0.01019	0.01246	0.01011	0.01405	0.00851	0.00773	0.01631	0.01379	0.09546	0.01973	0.18587	0.01949	0.06655	0.00882	0.00199	0.03310	0.00820	0.00492	0.44867
8	0.01600	0.17533	0.33392	0.06771	0.02838	0.01767	0.17631	0.02159	0.01474	0.06851	0.01284	0.01524	0.00950	0.00624	0.00636	0.00202	0.00933	0.00556	0.00336	0.00939
9	0.05562	0.01442	0.01610	0.01295	0.01753	0.01531	0.01052	0.28541	0.16603	0.22582	0.02156	0.02045	0.01511	0.00824	0.00645	0.00204	0.00600	0.00648	0.08337	0.01059
10	0.13149	0.10413	0.16660	0.01215	0.01628	0.01245	0.01179	0.03818	0.01420	0.04372	0.02413	0.25006	0.04694	0.01263	0.00688	0.00233	0.00618	0.08746	0.00487	0.00752
11	0.06742	0.01117	0.01395	0.13534	0.01946	0.05054	0.04002	0.05545	0.03849	0.09472	0.17740	0.17777	0.06729	0.01195	0.00727	0.00224	0.00585	0.01039	0.00578	0.00751
12	0.00932	0.00789	0.00986	0.00939	0.01148	0.00738	0.04177	0.01230	0.05563	0.01957	0.11945	0.18750	0.41209	0.01627	0.00841	0.00238	0.02482	0.03212	0.00614	0.00621
13	0.06887	0.00821	0.01004	0.00937	0.01185	0.00765	0.00727	0.01649	0.01610	0.17681	0.19288	0.13521	0.17825	0.04036	0.03303	0.00273	0.00486	0.06620	0.00664	0.00717
14	0.10013	0.14882	0.06488	0.17850	0.12939	0.03843	0.12956	0.04163	0.01451	0.02054	0.01219	0.01649	0.01001	0.03382	0.03225	0.00246	0.00881	0.00570	0.00339	0.00848
15	0.01286	0.04699	0.06827	0.01724	0.02076	0.01399	0.21213	0.01679	0.03650	0.01855	0.02070	0.08143	0.07811	0.01936	0.17830	0.00433	0.13378	0.00845	0.00390	0.00756
16	0.00832	0.00656	0.00756	0.00822	0.00976	0.00580	0.00604	0.01001	0.01459	0.01824	0.07536	0.30223	0.40724	0.01840	0.00827	0.00249	0.00381	0.07520	0.00626	0.00566
17	0.05292	0.01217	0.01542	0.01196	0.01690	0.01134	0.00985	0.12628	0.02037	0.56026	0.02415	0.02165	0.01561	0.00817	0.00652	0.00203	0.00576	0.00652	0.06119	0.01094
18	0.01733	0.04092	0.17028	0.05407	0.11920	0.05815	0.16589	0.08223	0.12563	0.05565	0.01630	0.03614	0.01257	0.00722	0.00686	0.00213	0.00869	0.00665	0.00436	0.00975
19	0.01310	0.01079	0.01729	0.55375	0.03669	0.01294	0.01528	0.01670	0.01313	0.05596	0.01456	0.02250	0.01214	0.12115	0.03343	0.00311	0.00852	0.00662	0.02524	0.00709
20	0.00848	0.00626	0.00766	0.00842	0.00934	0.00574	0.00574	0.00988	0.01382	0.01813	0.13000	0.42996	0.19395	0.10671	0.01135	0.00299	0.00400	0.01599	0.00612	0.00545
21	0.01506	0.10770	0.35264	0.01948	0.09012	0.06009	0.07967	0.02081	0.05283	0.02012	0.03530	0.01657	0.01158	0.00816	0.00817	0.07501	0.00885	0.00558	0.00335	0.00892
22	0.07662	0.02453	0.37860	0.03699	0.04342	0.01494	0.09713	0.07851	0.01605	0.10012	0.01572	0.01797	0.02915	0.03228	0.00744	0.00227	0.00869	0.00594	0.00407	0.00955
23	0.01725	0.22590	0.02193	0.01369	0.01683	0.14020	0.04210	0.04291	0.05857	0.01903	0.01355	0.01746	0.01186	0.05865	0.01060	0.00225	0.15602	0.00550	0.11787	0.00781
24	0.81159	0.01298	0.00986	0.00882	0.01298	0.01505	0.00727	0.01972	0.01142	0.03010	0.00934	0.01090	0.00727	0.00623	0.00415	0.00208	0.00519	0.00363	0.00415	0.00727
25	0.81159	0.01298	0.00986	0.00882	0.01298	0.01505	0.00727	0.01972	0.01142	0.03010	0.00934	0.01090	0.00727	0.00623	0.00415	0.00208	0.00519	0.00363	0.00415	0.00727
26	0.01011	0.00672	0.00775	0.00778	0.00856	0.00641	0.00494	0.01079	0.01173	0.04710	0.03275	0.13728	0.16664	0.46364	0.04533	0.00510	0.00585	0.01161	0.00496	0.00496
27	0.20133	0.01223	0.01403	0.01124	0.01576	0.01215	0.00920	0.12388	0.01909	0.38213	0.09117	0.02202	0.01852	0.00834	0.00622	0.00206	0.00551	0.00648	0.02880	0.00983
28	0.00836	0.00589	0.00790	0.00941	0.00982	0.00553	0.00635	0.00946	0.01279	0.01704	0.03615	0.71696	0.04320	0.02102	0.00913	0.02763	0.00402	0.03781	0.00612	0.00539
29	0.00842	0.00678	0.00726	0.00716	0.00906	0.00588	0.00522	0.01022	0.01541	0.01925	0.18663	0.05965	0.52156	0.09526	0.01070	0.00268	0.00368	0.01331	0.00622	0.00562
30	0.01620	0.00837	0.01047	0.00957	0.01247	0.00752	0.00777	0.01876	0.01673	0.24370	0.10040	0.04728	0.21860	0.01310	0.00740	0.00226	0.00461	0.13930	0.10776	0.00771
31	0.01794	0.76823	0.03516	0.01148	0.01722	0.02655	0.01148	0.02009	0.01363	0.01579	0.00933	0.01076	0.00861	0.00574	0.00431	0.00144	0.00718	0.00359	0.00287	0.00861
32	0.00959	0.00719	0.01078	0.01078	0.01198	0.00839	0.00839	0.01198	0.01078	0.01558	0.01797	0.02636	0.01677	0.05032	0.73760	0.01078	0.01797	0.00719	0.00359	0.00599
33	0.81159	0.01298	0.00986	0.00882	0.01298	0.01505	0.00727	0.01972	0.01142	0.03010	0.00934	0.01090	0.00727	0.00623	0.00415	0.00208	0.00519	0.00363	0.00415	0.00727
34	0.01517	0.01487	0.02053	0.01752	0.01776	0.02056	0.01459	0.04724	0.01124	0.01734	0.00914	0.01474	0.00893	0.01158	0.02132	0.00289	0.71806	0.00588	0.00311	0.00753
35	0.01569	0.07504	0.18881	0.01368	0.01785	0.15747	0.01272	0.07635	0.03602	0.01934	0.01716	0.09625	0.01676	0.18805	0.03757	0.00337	0.00866	0.00752	0.00407	0.00759
36	0.72569	0.04725	0.01165	0.05503	0.01524	0.01557	0.00817	0.01958	0.01164	0.02865	0.00950	0.01133	0.00743	0.00624	0.00432	0.00206	0.00551	0.00378	0.00402	0.00734
37	0.01535	0.17398	0.49978	0.01703	0.02543	0.01813	0.02046	0.06752	0.06195	0.02206	0.01282	0.01437	0.00952	0.00655	0.00603	0.00199	0.00891	0.00494	0.00337	0.00981
38	0.13636	0.01538	0.02387	0.07764	0.54308	0.01597	0.01811	0.05114	0.01533	0.02379	0.01224	0.01580	0.01006	0.00615	0.00628	0.00202	0.00758	0.00563	0.00358	0.00997
39	0.21940	0.01514	0.05515	0.01376	0.03684	0.01585	0.03657	0.04899	0.39495	0.02808	0.02035	0.02005	0.01535	0.00791	0.00605	0.00217	0.00580	0.00629	0.04182	0.00949
40	0.01794	0.76823	0.03516	0.01148	0.01722	0.02655	0.01148	0.02009	0.01363	0.01579	0.00933	0.01076	0.00861	0.00574	0.00431	0.00144	0.00718	0.00359	0.00287	0.00861
41	0.01669	0.01441	0.01517	0.01365	0.01745	0.01669	0.01062	0.03565	0.71021	0.02807	0.02731	0.02503	0.02048	0.00910	0.00683	0.00228	0.00531	0.00759	0.00683	0.01062
42	0.00958	0.00643	0.00737	0.00755	0.00759	0.00639	0.00431	0.00971	0.01011	0.01347	0.02293	0.12467	0.02665	0.68035	0.03127	0.00608	0.00621	0.01081	0.00431	0.00422
43	0.01267	0.01193	0.02013	0.74806	0.04621	0.01491	0.01863	0.01714	0.01342	0.01714	0.01193	0.01789	0.00894	0.00671	0.00671	0.00224	0.00894	0.00596	0.00298	0.00745
44	0.10563	0.01189	0.01522	0.01179	0.01689	0.01085	0.00974	0.06079	0.01899	0.62934	0.02436	0.02139	0.01548	0.00809	0.00649	0.00207	0.00573	0.00641	0.00783	0.01102
45	0.00976	0.00651	0.00732	0.00732	0.00732	0.00651	0.00407	0.00976	0.00976	0.01301	0.02114	0.04391	0.02439	0.76419	0.03415	0.00651	0.00651	0.00976	0.00407	0.00407
46	0.01687	0.01535	0.02430	0.16733	0.39722	0.01660	0.04134	0.12360	0.01698	0.02357	0.01297	0.01699	0.01048	0.00814	0.02979	0.00238	0.05650	0.00608	0.00376	0.00975
47	0.01841	0.13321	0.05099	0.04866	0.18029	0.13929	0.23872	0.07161	0.01694	0.02126	0.01228	0.01539	0.00979	0.00618	0.00661	0.00197	0.00968	0.00595	0.00352	0.00927
48	0.01468	0.01468	0.02055	0.01762	0.01762	0.02055	0.01468	0.01615	0.01028	0.01615	0.00881	0.01468	0.00881	0.01174	0.02202	0.00294	0.75191	0.00587	0.00294	0.00734
49	0.01784	0.01731	0.05167	0.03210	0.38101	0.03710	0.21743	0.03945	0.03901	0.07895	0.01450	0.01760	0.01119	0.00627	0.00701	0.00208	0.00885	0.00658	0.00393	0.01014
50	0.01039	0.00939	0.01685	0.01463	0.01693	0.00876	0.20305	0.01292	0.01398	0.01873	0.05442	0.50471	0.05458	0.01629	0.00834	0.00256	0.00597	0.01552	0.00546	0.00651
51	0.01350	0.01272	0.01836	0.01562	0.01644	0.01647	0.05210	0.01567	0.01270	0.01928	0.16378	0.02314	0.02117	0.01160	0.01718	0.00264	0.50499	0.00737	0.04810	0.00716
52	0.01804	0.72253	0.05504	0.01190	0.01768	0.04952	0.01192	0.02035	0.01383	0.01597	0.00944	0.01091	0.00861	0.00580	0.00442	0.00147	0.00742	0.00365	0.00289	0.00862
