[name]
unknown

[dist]
# distance from previous block
# <min> <max>
0	37

[block]
# block no. 0 follows, 32 sequences, length 26
# corresponding to MSA columns:
# 38-55,58-65
name=unknown_A
#
# <colnr> <probs for GDERKNQSTAVLIFYWHMCP>
#	G	D	E	R	K	N	Q	S	T	A	V	L	I	F	Y	W	H	M	C	P
0	0.01737	0.01434	0.03801	0.01269	0.01586	0.08031	0.01020	0.20387	0.06978	0.07635	0.06342	0.20273	0.06701	0.01239	0.00788	0.00226	0.03714	0.02817	0.03179	0.00842
1	0.70572	0.01317	0.01123	0.07160	0.01617	0.01532	0.00849	0.05271	0.01257	0.02960	0.00989	0.01174	0.00761	0.00636	0.00449	0.00209	0.00561	0.00395	0.00418	0.00748
2	0.01326	0.01242	0.02093	0.55744	0.17943	0.01468	0.01835	0.01749	0.01361	0.01800	0.01247	0.01819	0.00980	0.00946	0.05524	0.00276	0.00935	0.00605	0.00309	0.00799
3	0.00943	0.00681	0.00843	0.00802	0.00972	0.00621	0.00602	0.01235	0.01805	0.02531	0.56362	0.05087	0.17005	0.01387	0.00770	0.00210	0.00320	0.01208	0.05993	0.00621
4	0.00872	0.00633	0.00795	0.00852	0.00944	0.00586	0.00585	0.01039	0.01453	0.01956	0.23534	0.38215	0.12884	0.11095	0.01149	0.00296	0.00395	0.01532	0.00629	0.00556
5	0.00865	0.00683	0.00780	0.00755	0.00950	0.00597	0.00566	0.01102	0.01699	0.02216	0.36704	0.05793	0.41803	0.01549	0.00792	0.00219	0.00329	0.01323	0.00676	0.00597
6	0.00959	0.00719	0.01078	0.01078	0.01198	0.00839	0.00839	0.01198	0.01078	0.01558	0.01797	0.02636	0.01677	0.05032	0.73760	0.01078	0.01797	0.00719	0.00359	0.00599
7	0.81159	0.01298	0.00986	0.00882	0.01298	0.01505	0.00727	0.01972	0.01142	0.03010	0.00934	0.01090	0.00727	0.00623	0.00415	0.00208	0.00519	0.00363	0.00415	0.00727
8	0.81159	0.01298	0.00986	0.00882	0.01298	0.01505	0.00727	0.01972	0.01142	0.03010	0.00934	0.01090	0.00727	0.00623	0.00415	0.00208	0.00519	0.00363	0.00415	0.00727
9	0.01429	0.01346	0.02270	0.36969	0.35873	0.01482	0.01873	0.01845	0.01465	0.02002	0.05919	0.01943	0.01334	0.00683	0.00676	0.00211	0.00811	0.00638	0.00343	0.00886
10	0.81159	0.01298	0.00986	0.00882	0.01298	0.01505	0.00727	0.01972	0.01142	0.03010	0.00934	0.01090	0.00727	0.00623	0.00415	0.00208	0.00519	0.00363	0.00415	0.00727
11	0.03010	0.01142	0.01557	0.01194	0.01713	0.00986	0.00986	0.03270	0.01920	0.72698	0.02647	0.02284	0.01661	0.00830	0.00675	0.00208	0.00571	0.00675	0.00830	0.01142
12	0.00818	0.00584	0.00779	0.00934	0.00973	0.00545	0.00623	0.00934	0.01285	0.01713	0.03698	0.75981	0.04438	0.02102	0.00856	0.00273	0.00389	0.01908	0.00623	0.00545
13	0.81159	0.01298	0.00986	0.00882	0.01298	0.01505	0.00727	0.01972	0.01142	0.03010	0.00934	0.01090	0.00727	0.00623	0.00415	0.00208	0.00519	0.00363	0.00415	0.00727
14	0.02699	0.04602	0.01897	0.01392	0.01923	0.01679	0.01158	0.41345	0.02603	0.30721	0.01986	0.01851	0.01332	0.00806	0.00663	0.00201	0.00672	0.00622	0.00718	0.01130
15	0.07434	0.01249	0.01584	0.01515	0.09839	0.01248	0.01074	0.10755	0.10965	0.29609	0.14989	0.02581	0.02376	0.00896	0.00678	0.00209	0.00562	0.00747	0.00689	0.01001
16	0.01214	0.00622	0.00638	0.00651	0.00798	0.00619	0.00482	0.01510	0.01397	0.02435	0.02316	0.08709	0.01949	0.00893	0.00502	0.00166	0.00319	0.00734	0.73426	0.00619
17	0.00938	0.00685	0.00881	0.00832	0.00995	0.00628	0.00624	0.01244	0.01872	0.02625	0.67023	0.05120	0.11228	0.01396	0.00792	0.00212	0.00318	0.01229	0.00730	0.00628
18	0.02247	0.07542	0.10049	0.01741	0.04056	0.13511	0.07484	0.33090	0.04538	0.07040	0.01489	0.01573	0.01090	0.00730	0.00651	0.00197	0.00861	0.00572	0.00520	0.01021
19	0.01386	0.01354	0.02217	0.01928	0.06296	0.01609	0.16167	0.01754	0.05152	0.01810	0.01359	0.01974	0.01219	0.04480	0.17588	0.00456	0.31453	0.00685	0.00346	0.00769
20	0.00976	0.00651	0.00732	0.00732	0.00732	0.00651	0.00407	0.00976	0.00976	0.01301	0.02114	0.04391	0.02439	0.76419	0.03415	0.00651	0.00651	0.00976	0.00407	0.00407
21	0.01661	0.01594	0.02724	0.04119	0.72233	0.01594	0.02059	0.02059	0.01528	0.02192	0.01262	0.01661	0.01063	0.00598	0.00664	0.00199	0.00797	0.00598	0.00332	0.01063
22	0.02459	0.01840	0.03815	0.01675	0.07830	0.12645	0.01268	0.29744	0.04357	0.21479	0.01875	0.04846	0.01385	0.00830	0.00669	0.00202	0.00758	0.00652	0.00623	0.01048
23	0.02120	0.02027	0.02332	0.02522	0.24994	0.24674	0.09890	0.02423	0.01687	0.13721	0.01448	0.01719	0.01132	0.03103	0.00799	0.00213	0.03248	0.00593	0.00422	0.00934
24	0.04907	0.05261	0.02076	0.01965	0.09285	0.59325	0.03645	0.02554	0.01811	0.01758	0.01064	0.01268	0.00885	0.00672	0.00606	0.00178	0.01127	0.00457	0.00344	0.00812
25	0.01107	0.00618	0.00878	0.00878	0.00906	0.00639	0.00597	0.00978	0.00950	0.01318	0.01457	0.02492	0.01458	0.12986	0.14999	0.51693	0.00790	0.00663	0.04217	0.00377

[dist]
# distance from previous block
# <min> <max>
0	8

[block]
# block no. 1 follows, 32 sequences, length 7
# corresponding to MSA columns:
# 84-90
name=unknown_B
#
# <colnr> <probs for GDERKNQSTAVLIFYWHMCP>
#	G	D	E	R	K	N	Q	S	T	A	V	L	I	F	Y	W	H	M	C	P
0	0.01166	0.00583	0.00874	0.00874	0.00874	0.00583	0.00583	0.00874	0.00874	0.01166	0.01166	0.02040	0.01166	0.02331	0.02622	0.80478	0.00583	0.00583	0.00291	0.00291
1	0.00950	0.00686	0.00897	0.00844	0.01002	0.00633	0.00633	0.01266	0.01899	0.02691	0.71879	0.05012	0.06331	0.01372	0.00791	0.00211	0.00317	0.01213	0.00739	0.00633
2	0.40038	0.01220	0.01236	0.01029	0.01451	0.01284	0.00840	0.08298	0.01655	0.23892	0.11064	0.02021	0.01798	0.00802	0.00566	0.00208	0.00527	0.00592	0.00606	0.00875
3	0.02339	0.01807	0.01782	0.01415	0.01873	0.08776	0.01149	0.52591	0.02755	0.03704	0.01648	0.01714	0.01206	0.00791	0.00633	0.00191	0.00716	0.00591	0.13295	0.01024
4	0.00863	0.00682	0.00777	0.00753	0.00949	0.00596	0.00565	0.01098	0.01694	0.02204	0.35827	0.05813	0.42687	0.01553	0.00792	0.00220	0.00329	0.01326	0.00675	0.00596
5	0.01812	0.59138	0.12713	0.01292	0.01919	0.02447	0.01341	0.09103	0.01557	0.01928	0.01040	0.01178	0.00889	0.00607	0.00483	0.00159	0.00757	0.00403	0.00327	0.00908
6	0.01004	0.00740	0.00943	0.01024	0.01140	0.00740	0.00765	0.01371	0.08665	0.01996	0.12606	0.35325	0.04123	0.08409	0.01074	0.00302	0.00475	0.18057	0.00624	0.00617

[dist]
# distance from previous block
# <min> <max>
0	25

[block]
# block no. 2 follows, 32 sequences, length 53
# corresponding to MSA columns:
# 116-168
name=unknown_C
#
# <colnr> <probs for GDERKNQSTAVLIFYWHMCP>
#	G	D	E	R	K	N	Q	S	T	A	V	L	I	F	Y	W	H	M	C	P
0	0.02034	0.01725	0.02208	0.02582	0.30857	0.09254	0.03771	0.14358	0.11341	0.10365	0.03660	0.01887	0.01403	0.00733	0.00671	0.00203	0.00767	0.00636	0.00507	0.01038
1	0.01581	0.02115	0.30415	0.01574	0.04124	0.01270	0.04288	0.04154	0.01578	0.11121	0.09172	0.01946	0.01611	0.00728	0.00684	0.00188	0.03100	0.00595	0.00444	0.19309
2	0.02439	0.03027	0.01866	0.01697	0.02041	0.67327	0.01285	0.05286	0.01934	0.01763	0.01183	0.01536	0.01021	0.00753	0.00623	0.00181	0.01162	0.03720	0.00372	0.00784
3	0.04794	0.21551	0.36181	0.01461	0.02193	0.01667	0.01681	0.01996	0.01444	0.03912	0.07337	0.01650	0.01364	0.00674	0.00574	0.00182	0.00778	0.00512	0.00356	0.09693
4	0.01680	0.04600	0.26359	0.02422	0.14041	0.05135	0.21927	0.05416	0.01615	0.06384	0.01408	0.03429	0.01084	0.00666	0.00689	0.00211	0.00952	0.00642	0.00370	0.00968
5	0.03010	0.01142	0.01557	0.01194	0.01713	0.00986	0.00986	0.03270	0.01920	0.72698	0.02647	0.02284	0.01661	0.00830	0.00675	0.00208	0.00571	0.00675	0.00830	0.01142
6	0.01794	0.76823	0.03516	0.01148	0.01722	0.02655	0.01148	0.02009	0.01363	0.01579	0.00933	0.01076	0.00861	0.00574	0.00431	0.00144	0.00718	0.00359	0.00287	0.00861
7	0.02139	0.00943	0.01265	0.01058	0.01412	0.00837	0.00844	0.02402	0.01823	0.42745	0.21549	0.07749	0.03212	0.03018	0.00792	0.00227	0.00488	0.03724	0.02860	0.00913
8	0.05014	0.02887	0.01894	0.01667	0.02051	0.57802	0.01274	0.15462	0.02116	0.02178	0.01143	0.01282	0.00913	0.00711	0.00612	0.00179	0.01098	0.00463	0.00410	0.00845
9	0.00842	0.00685	0.00748	0.00742	0.00949	0.00591	0.00563	0.01052	0.01617	0.02028	0.21994	0.06164	0.53633	0.01629	0.00798	0.00226	0.00346	0.04159	0.00650	0.00584
10	0.00936	0.00737	0.00855	0.00866	0.01040	0.00697	0.00633	0.01316	0.09012	0.02128	0.23034	0.24479	0.28514	0.01636	0.00798	0.00235	0.00367	0.01424	0.00661	0.00632
11	0.00929	0.00680	0.00872	0.00835	0.00992	0.00623	0.00622	0.01222	0.01834	0.02562	0.62583	0.08894	0.11967	0.01439	0.00795	0.00216	0.00322	0.01268	0.00722	0.00623
12	0.01704	0.15985	0.09445	0.02147	0.20475	0.09559	0.05756	0.04197	0.01549	0.02071	0.01170	0.01419	0.00965	0.00587	0.00578	0.00164	0.00792	0.00488	0.00348	0.20602
13	0.05806	0.01260	0.01729	0.22262	0.11222	0.01301	0.01303	0.03876	0.07563	0.06652	0.04365	0.01958	0.03151	0.00715	0.00660	0.00187	0.02675	0.00595	0.00439	0.22282
14	0.04306	0.38071	0.13131	0.01403	0.01987	0.08328	0.04047	0.11370	0.03772	0.02176	0.01208	0.01355	0.00979	0.00647	0.00532	0.00173	0.00787	0.00461	0.04364	0.00903
15	0.05969	0.03938	0.12450	0.03854	0.08140	0.02971	0.04052	0.06053	0.01675	0.29022	0.01982	0.08011	0.01529	0.01036	0.03789	0.00250	0.03039	0.00711	0.00559	0.00969
16	0.04143	0.17554	0.02197	0.01444	0.01925	0.19522	0.01197	0.31327	0.05156	0.02856	0.01363	0.01443	0.01053	0.00719	0.00589	0.00179	0.00817	0.00506	0.02435	0.03576
17	0.01133	0.00626	0.00874	0.00855	0.00904	0.00601	0.00576	0.00929	0.00963	0.01281	0.01716	0.02535	0.07421	0.06643	0.02404	0.64630	0.00561	0.00670	0.00333	0.04344
18	0.03827	0.01362	0.07587	0.01687	0.05734	0.01183	0.17375	0.04658	0.06720	0.04656	0.16310	0.13779	0.05069	0.01106	0.00754	0.00227	0.00668	0.04346	0.00538	0.02415
19	0.01751	0.08519	0.36678	0.01956	0.05556	0.07967	0.11006	0.07139	0.03477	0.07680	0.01372	0.01544	0.00999	0.00660	0.00647	0.00204	0.00937	0.00552	0.00379	0.00978
20	0.01584	0.01810	0.03959	0.02828	0.03507	0.01697	0.69796	0.02149	0.01584	0.02149	0.01357	0.01810	0.01018	0.00566	0.00792	0.00226	0.01131	0.00792	0.00339	0.00905
21	0.01362	0.03354	0.68103	0.01977	0.02946	0.01568	0.07201	0.02127	0.01428	0.02127	0.01215	0.01444	0.00862	0.00632	0.00648	0.00213	0.01001	0.00517	0.00287	0.00986
22	0.01832	0.08140	0.12066	0.01647	0.04050	0.01690	0.09685	0.20061	0.15969	0.06406	0.05790	0.02247	0.05731	0.00833	0.00677	0.00209	0.00725	0.00706	0.00546	0.00989
23	0.03825	0.13696	0.12204	0.01784	0.05665	0.03707	0.12248	0.08074	0.05087	0.07245	0.03339	0.01817	0.01272	0.04012	0.02764	0.00252	0.11083	0.00614	0.00415	0.00896
24	0.00900	0.00675	0.00833	0.00812	0.00976	0.00609	0.00602	0.01163	0.01755	0.02389	0.49908	0.11570	0.22313	0.01516	0.00797	0.00220	0.00329	0.01324	0.00700	0.00609
25	0.00904	0.00686	0.00916	0.00992	0.01056	0.00699	0.00707	0.01064	0.01383	0.01885	0.15402	0.53445	0.06260	0.01877	0.00963	0.00263	0.06919	0.03386	0.00614	0.00579
26	0.01946	0.04331	0.13831	0.06166	0.08200	0.07081	0.04877	0.24802	0.10416	0.04696	0.03824	0.01814	0.01339	0.00755	0.00659	0.00204	0.00794	0.00614	0.02652	0.00999
27	0.07968	0.01970	0.15949	0.04763	0.20065	0.04515	0.19735	0.02283	0.01559	0.12600	0.01444	0.01687	0.01060	0.00639	0.00673	0.00210	0.00887	0.00616	0.00404	0.00972
28	0.00889	0.00661	0.00827	0.00833	0.00977	0.00600	0.00607	0.01131	0.01686	0.02295	0.43556	0.21558	0.18702	0.01603	0.00807	0.00228	0.00338	0.01412	0.00690	0.00600
29	0.32706	0.04030	0.05334	0.05280	0.25575	0.01605	0.04240	0.05802	0.03385	0.04493	0.01219	0.01456	0.00954	0.00637	0.00565	0.00205	0.00697	0.00509	0.00401	0.00908
30	0.04477	0.18356	0.18197	0.01642	0.04285	0.13007	0.04343	0.13093	0.06286	0.06276	0.01421	0.01624	0.01106	0.00712	0.00606	0.00193	0.00849	0.02150	0.00428	0.00948
31	0.01619	0.01068	0.03237	0.01059	0.01386	0.00984	0.00851	0.11501	0.06740	0.17377	0.15145	0.14332	0.19322	0.01307	0.00747	0.00223	0.00481	0.01109	0.00688	0.00825
32	0.00818	0.00584	0.00779	0.00934	0.00973	0.00545	0.00623	0.00934	0.01285	0.01713	0.03698	0.75981	0.04438	0.02102	0.00856	0.00273	0.00389	0.01908	0.00623	0.00545
33	0.13982	0.14141	0.02444	0.02098	0.15875	0.22346	0.10340	0.02271	0.01562	0.05323	0.01162	0.01395	0.00940	0.00647	0.00631	0.00190	0.02909	0.00505	0.00364	0.00872
34	0.49598	0.17322	0.12252	0.01126	0.01657	0.04755	0.01098	0.02032	0.01260	0.02526	0.00978	0.01141	0.00779	0.00618	0.00459	0.00194	0.00659	0.00385	0.00366	0.00796
35	0.01764	0.11547	0.33677	0.01945	0.04533	0.12259	0.12378	0.08158	0.01676	0.04134	0.01249	0.01455	0.00933	0.00646	0.00637	0.00199	0.00974	0.00533	0.00352	0.00951
36	0.01571	0.01485	0.02489	0.06702	0.61171	0.01500	0.01897	0.01990	0.03492	0.02148	0.01514	0.08186	0.01379	0.00741	0.00682	0.00208	0.00758	0.00717	0.00366	0.01004
37	0.00863	0.00624	0.00805	0.00879	0.00965	0.00578	0.00607	0.01038	0.01471	0.01993	0.24293	0.46286	0.09578	0.05580	0.00961	0.00270	0.00377	0.01619	0.00647	0.00566
38	0.01821	0.60938	0.10907	0.01294	0.01889	0.10154	0.01309	0.02094	0.01427	0.01645	0.00974	0.01128	0.00860	0.00594	0.00472	0.00154	0.00800	0.00382	0.00293	0.00866
39	0.22328	0.01217	0.01439	0.01134	0.01629	0.01170	0.00936	0.06293	0.01790	0.52020	0.02171	0.01955	0.01404	0.00778	0.00610	0.00207	0.00566	0.00594	0.00720	0.01039
40	0.00907	0.00684	0.00838	0.00799	0.00976	0.00615	0.00600	0.01184	0.01799	0.02451	0.54148	0.05406	0.24212	0.01461	0.00792	0.00215	0.00323	0.01269	0.00707	0.00615
41	0.00834	0.00682	0.00726	0.00723	0.00927	0.00587	0.00540	0.01020	0.01555	0.01918	0.15686	0.06184	0.57006	0.05403	0.00928	0.00248	0.00361	0.03473	0.00628	0.00570
42	0.01312	0.00751	0.00688	0.00679	0.00845	0.04189	0.00509	0.01618	0.01431	0.02460	0.02133	0.02439	0.01678	0.00777	0.00476	0.00157	0.00356	0.00616	0.76253	0.00633
43	0.00950	0.00686	0.00897	0.00844	0.01002	0.00633	0.00633	0.01266	0.01899	0.02691	0.71879	0.05012	0.06331	0.01372	0.00791	0.00211	0.00317	0.01213	0.00739	0.00633
44	0.03010	0.01142	0.01557	0.01194	0.01713	0.00986	0.00986	0.03270	0.01920	0.72698	0.02647	0.02284	0.01661	0.00830	0.00675	0.00208	0.00571	0.00675	0.00830	0.01142
45	0.81159	0.01298	0.00986	0.00882	0.01298	0.01505	0.00727	0.01972	0.01142	0.03010	0.00934	0.01090	0.00727	0.00623	0.00415	0.00208	0.00519	0.00363	0.00415	0.00727
46	0.81159	0.01298	0.00986	0.00882	0.01298	0.01505	0.00727	0.01972	0.01142	0.03010	0.00934	0.01090	0.00727	0.00623	0.00415	0.00208	0.00519	0.00363	0.00415	0.00727
47	0.01147	0.00595	0.00892	0.00892	0.00902	0.00605	0.00605	0.00902	0.00892	0.01200	0.01221	0.02092	0.01210	0.02567	0.08840	0.73538	0.00689	0.00595	0.00297	0.00318
48	0.02649	0.01105	0.01532	0.01188	0.01673	0.00957	0.03649	0.02908	0.01853	0.60152	0.03167	0.02839	0.11303	0.00939	0.00696	0.00211	0.00561	0.00781	0.00782	0.01053
49	0.74204	0.01342	0.01246	0.01052	0.01491	0.01522	0.06763	0.01988	0.01181	0.02935	0.00971	0.01153	0.00752	0.00618	0.00448	0.00209	0.00573	0.00401	0.00409	0.00742
50	0.81159	0.01298	0.00986	0.00882	0.01298	0.01505	0.00727	0.01972	0.01142	0.03010	0.00934	0.01090	0.00727	0.00623	0.00415	0.00208	0.00519	0.00363	0.00415	0.00727
51	0.02456	0.03114	0.01909	0.01730	0.02059	0.70231	0.01305	0.02627	0.01859	0.01641	0.01030	0.01223	0.00865	0.00715	0.00683	0.00179	0.04817	0.00440	0.00343	0.00776
52	0.02803	0.01124	0.01494	0.01160	0.01654	0.00983	0.00953	0.05117	0.01924	0.64400	0.02978	0.02628	0.07789	0.00906	0.00685	0.00209	0.00556	0.00737	0.00807	0.01092

[dist]
# distance from previous block
# <min> <max>
0	1

[block]
# block no. 3 follows, 32 sequences, length 45
# corresponding to MSA columns:
# 170-214
name=unknown_D
#
# <colnr> <probs for GDERKNQSTAVLIFYWHMCP>
#	G	D	E	R	K	N	Q	S	T	A	V	L	I	F	Y	W	H	M	C	P
0	0.02258	0.02069	0.07049	0.02022	0.14254	0.15584	0.01475	0.26178	0.03984	0.11014	0.01511	0.01621	0.01120	0.00767	0.00762	0.00204	0.06022	0.00573	0.00515	0.01017
1	0.01849	0.01647	0.02414	0.03270	0.50519	0.05251	0.01762	0.08993	0.03961	0.06260	0.01404	0.01675	0.01120	0.00639	0.00651	0.00193	0.00770	0.00585	0.00410	0.06627
2	0.05825	0.68563	0.07549	0.01180	0.01771	0.02530	0.01206	0.02014	0.01355	0.01685	0.00949	0.01097	0.00854	0.00580	0.00442	0.00151	0.00724	0.00367	0.00293	0.00862
3	0.00889	0.00619	0.00781	0.00866	0.00895	0.00606	0.00554	0.00969	0.01151	0.01543	0.02952	0.43141	0.03471	0.31090	0.06930	0.00475	0.00589	0.01464	0.00521	0.00495
4	0.01670	0.00910	0.01149	0.01000	0.01292	0.00842	0.00777	0.07577	0.01890	0.23690	0.28682	0.12919	0.12242	0.01292	0.00754	0.00219	0.00441	0.01111	0.00732	0.00810
5	0.01685	0.01764	0.09717	0.03776	0.62362	0.01565	0.02057	0.02116	0.01533	0.05104	0.01314	0.01662	0.01066	0.00611	0.00662	0.00201	0.00807	0.00591	0.00348	0.01059
6	0.02407	0.02791	0.02163	0.01823	0.02243	0.52005	0.09300	0.15114	0.02097	0.02182	0.01181	0.01355	0.00934	0.00698	0.00639	0.00184	0.01113	0.00506	0.00405	0.00860
7	0.02350	0.01349	0.01505	0.01215	0.01644	0.03648	0.00982	0.22140	0.10019	0.28413	0.02213	0.02125	0.01542	0.00818	0.00630	0.00196	0.00582	0.00646	0.16968	0.01015
8	0.01689	0.59592	0.19825	0.01328	0.02000	0.02397	0.01461	0.02036	0.01376	0.01707	0.00997	0.01156	0.00858	0.00589	0.00479	0.00160	0.00782	0.00391	0.00286	0.00892
9	0.00932	0.00708	0.00970	0.08394	0.01420	0.00720	0.00815	0.01193	0.04882	0.01798	0.03383	0.57956	0.03903	0.01873	0.00836	0.00269	0.00470	0.08286	0.00593	0.00599
10	0.01081	0.00772	0.01081	0.01236	0.01390	0.00772	0.01081	0.01390	0.01545	0.02008	0.03553	0.07569	0.03862	0.01854	0.00927	0.00309	0.00618	0.67717	0.00618	0.00618
11	0.01143	0.00594	0.00870	0.00875	0.00893	0.00588	0.00595	0.00896	0.00932	0.01228	0.01549	0.02460	0.05098	0.02281	0.02468	0.73498	0.00571	0.02824	0.00320	0.00317
12	0.01438	0.01363	0.02334	0.30226	0.36408	0.01464	0.05132	0.01855	0.01498	0.02061	0.08322	0.02052	0.01526	0.00701	0.00686	0.00211	0.00802	0.00668	0.00361	0.00893
13	0.01584	0.01810	0.03959	0.02828	0.03507	0.01697	0.69796	0.02149	0.01584	0.02149	0.01357	0.01810	0.01018	0.00566	0.00792	0.00226	0.01131	0.00792	0.00339	0.00905
14	0.02546	0.02012	0.02002	0.01562	0.02080	0.09265	0.01277	0.63245	0.03029	0.03969	0.01553	0.01571	0.01113	0.00794	0.00665	0.00199	0.00786	0.00587	0.00639	0.01105
15	0.00963	0.00695	0.00915	0.00883	0.01041	0.00647	0.00678	0.01279	0.01864	0.02622	0.65028	0.05269	0.06083	0.01420	0.00805	0.00221	0.00347	0.07882	0.00727	0.00632
16	0.01216	0.00713	0.00927	0.00923	0.00944	0.04140	0.00625	0.00972	0.00941	0.01214	0.01245	0.04007	0.01253	0.02318	0.04404	0.72268	0.00641	0.00615	0.00305	0.00330
17	0.02249	0.01713	0.01848	0.01436	0.01959	0.01844	0.01173	0.50089	0.12844	0.03716	0.01713	0.01709	0.01252	0.00775	0.00647	0.00190	0.00672	0.00596	0.00632	0.12944
18	0.02551	0.01879	0.02014	0.01544	0.02081	0.02081	0.01275	0.69996	0.03155	0.04229	0.01611	0.01611	0.01141	0.00805	0.00671	0.00201	0.00738	0.00604	0.00671	0.01141
19	0.01582	0.01099	0.01254	0.01120	0.01421	0.01150	0.00865	0.11158	0.22341	0.10477	0.16218	0.14096	0.08699	0.01212	0.00727	0.00222	0.00476	0.01034	0.03983	0.00864
20	0.00795	0.00670	0.00690	0.00705	0.00913	0.00564	0.00521	0.00960	0.01505	0.01803	0.06487	0.13429	0.65190	0.01740	0.00799	0.00231	0.00345	0.01465	0.00623	0.00564
21	0.02816	0.01455	0.01751	0.01342	0.01869	0.01450	0.01109	0.31565	0.02444	0.43664	0.02208	0.01998	0.01441	0.00820	0.00673	0.00205	0.00642	0.00645	0.00763	0.01142
22	0.02822	0.01258	0.01606	0.01252	0.01759	0.01182	0.01027	0.11070	0.08994	0.57716	0.02535	0.02227	0.01639	0.00836	0.00675	0.00209	0.00586	0.00675	0.00797	0.01134
23	0.02253	0.01693	0.04329	0.01676	0.04536	0.01737	0.08116	0.32473	0.18474	0.14565	0.01988	0.01942	0.01411	0.00797	0.00685	0.00211	0.00713	0.00667	0.00642	0.01092
24	0.00857	0.00669	0.00777	0.00779	0.00953	0.00589	0.00573	0.01076	0.01638	0.02138	0.31505	0.15590	0.37197	0.01629	0.00801	0.00227	0.00338	0.01406	0.00668	0.00589
25	0.11478	0.01159	0.01495	0.01160	0.01668	0.01042	0.00958	0.03129	0.01836	0.65147	0.02462	0.02154	0.01560	0.00808	0.00647	0.00208	0.00565	0.00641	0.00785	0.01097
26	0.02679	0.01352	0.01652	0.01288	0.01784	0.01330	0.01056	0.22757	0.06548	0.44424	0.06173	0.02251	0.01790	0.00858	0.00681	0.00207	0.00604	0.00689	0.00770	0.01109
27	0.01696	0.01870	0.05625	0.02941	0.34068	0.11039	0.08543	0.02030	0.01440	0.01956	0.01136	0.01554	0.00974	0.00766	0.01088	0.00225	0.21221	0.00588	0.00322	0.00917
28	0.01188	0.01020	0.01433	0.01311	0.01374	0.01319	0.01047	0.01374	0.01067	0.01613	0.01462	0.02279	0.01407	0.08718	0.34570	0.00669	0.32162	0.00679	0.04668	0.00642
29	0.00818	0.00584	0.00779	0.00934	0.00973	0.00545	0.00623	0.00934	0.01285	0.01713	0.03698	0.75981	0.04438	0.02102	0.00856	0.00273	0.00389	0.01908	0.00623	0.00545
30	0.01690	0.01655	0.02522	0.07897	0.57542	0.06020	0.01910	0.02214	0.07844	0.02186	0.01377	0.01717	0.01130	0.00636	0.00663	0.00202	0.00804	0.00602	0.00363	0.01027
31	0.01751	0.09592	0.33130	0.01496	0.02231	0.01476	0.01641	0.04474	0.07426	0.14435	0.01567	0.01627	0.01127	0.00669	0.00604	0.00186	0.00759	0.00522	0.00444	0.14844
32	0.73224	0.05076	0.04788	0.00948	0.01400	0.01564	0.00837	0.01982	0.01167	0.02896	0.00948	0.01106	0.00739	0.00621	0.00427	0.00205	0.00553	0.00370	0.00402	0.00747
33	0.81159	0.01298	0.00986	0.00882	0.01298	0.01505	0.00727	0.01972	0.01142	0.03010	0.00934	0.01090	0.00727	0.00623	0.00415	0.00208	0.00519	0.00363	0.00415	0.00727
34	0.00901	0.00643	0.00800	0.00872	0.00945	0.00610	0.00599	0.01034	0.01325	0.01757	0.11744	0.33742	0.11002	0.22414	0.01554	0.00368	0.00470	0.08116	0.00577	0.00527
35	0.00829	0.00600	0.00784	0.00910	0.00972	0.00555	0.00617	0.00968	0.01360	0.01814	0.10506	0.64731	0.08862	0.02006	0.00846	0.00264	0.00379	0.01809	0.00634	0.00555
36	0.02292	0.01332	0.01542	0.01254	0.01686	0.01381	0.01011	0.22351	0.16301	0.27084	0.04316	0.04825	0.01825	0.00895	0.00664	0.00207	0.00572	0.00725	0.08698	0.01038
37	0.00818	0.00584	0.00779	0.00934	0.00973	0.00545	0.00623	0.00934	0.01285	0.01713	0.03698	0.75981	0.04438	0.02102	0.00856	0.00273	0.00389	0.01908	0.00623	0.00545
38	0.01616	0.01394	0.01493	0.01294	0.01715	0.01520	0.01011	0.03205	0.57626	0.02688	0.02435	0.02289	0.01845	0.00831	0.00647	0.00203	0.00524	0.00689	0.00628	0.16348
39	0.81159	0.01298	0.00986	0.00882	0.01298	0.01505	0.00727	0.01972	0.01142	0.03010	0.00934	0.01090	0.00727	0.00623	0.00415	0.00208	0.00519	0.00363	0.00415	0.00727
40	0.03010	0.01142	0.01557	0.01194	0.01713	0.00986	0.00986	0.03270	0.01920	0.72698	0.02647	0.02284	0.01661	0.00830	0.00675	0.00208	0.00571	0.00675	0.00830	0.01142
41	0.01714	0.01728	0.02573	0.05999	0.58203	0.09376	0.03631	0.02080	0.01544	0.02085	0.01268	0.01715	0.01083	0.03254	0.00757	0.00214	0.00848	0.00598	0.00335	0.00995
42	0.02088	0.01139	0.01434	0.01081	0.01614	0.00918	0.00872	0.02360	0.01623	0.33794	0.01973	0.05605	0.01469	0.00729	0.00595	0.00157	0.00525	0.00599	0.00603	0.40822
43	0.03010	0.01142	0.01557	0.01194	0.01713	0.00986	0.00986	0.03270	0.01920	0.72698	0.02647	0.02284	0.01661	0.00830	0.00675	0.00208	0.00571	0.00675	0.00830	0.01142
44	0.00882	0.00655	0.00877	0.01063	0.03491	0.00628	0.00691	0.01082	0.04180	0.01775	0.03573	0.70347	0.04221	0.02000	0.00843	0.00268	0.00409	0.01814	0.00615	0.00584

[dist]
# distance from previous block
# <min> <max>
0	1

[block]
# block no. 4 follows, 32 sequences, length 25
# corresponding to MSA columns:
# 216-240
name=unknown_E
#
# <colnr> <probs for GDERKNQSTAVLIFYWHMCP>
#	G	D	E	R	K	N	Q	S	T	A	V	L	I	F	Y	W	H	M	C	P
0	0.07578	0.14972	0.24422	0.01637	0.04537	0.01627	0.07190	0.04176	0.04885	0.20288	0.01606	0.01655	0.01136	0.00685	0.00612	0.00200	0.00780	0.00552	0.00469	0.00991
1	0.45176	0.01559	0.05470	0.01150	0.01648	0.01588	0.01000	0.20179	0.01773	0.09412	0.01293	0.01366	0.00939	0.00685	0.00523	0.00201	0.00608	0.00464	0.00512	0.04453
2	0.01669	0.01441	0.01517	0.01365	0.01745	0.01669	0.01062	0.03565	0.71021	0.02807	0.02731	0.02503	0.02048	0.00910	0.00683	0.00228	0.00531	0.00759	0.00683	0.01062
3	0.01456	0.01191	0.01398	0.01002	0.01595	0.00898	0.00803	0.01753	0.01413	0.05016	0.01251	0.01427	0.01021	0.00510	0.00504	0.00104	0.00500	0.00409	0.00415	0.77336
4	0.66556	0.05322	0.01260	0.01011	0.01381	0.01638	0.00846	0.01928	0.01139	0.02753	0.00927	0.01139	0.00754	0.00692	0.00649	0.00215	0.10271	0.00392	0.00393	0.00735
5	0.01333	0.00821	0.01143	0.01230	0.01432	0.00800	0.01069	0.01635	0.01594	0.11230	0.03435	0.06879	0.03574	0.01720	0.00894	0.00296	0.00612	0.58971	0.00646	0.00686
6	0.00796	0.00667	0.00693	0.00714	0.00915	0.00564	0.00525	0.00959	0.01496	0.01799	0.06377	0.15882	0.62808	0.01754	0.00802	0.00233	0.00347	0.01483	0.00623	0.00564
7	0.60369	0.01256	0.01138	0.00965	0.01408	0.01367	0.00796	0.02318	0.01349	0.21549	0.01390	0.01408	0.00975	0.00678	0.00484	0.00208	0.00533	0.00446	0.00526	0.00837
8	0.00959	0.00719	0.01078	0.01078	0.01198	0.00839	0.00839	0.01198	0.01078	0.01558	0.01797	0.02636	0.01677	0.05032	0.73760	0.01078	0.01797	0.00719	0.00359	0.00599
9	0.81159	0.01298	0.00986	0.00882	0.01298	0.01505	0.00727	0.01972	0.01142	0.03010	0.00934	0.01090	0.00727	0.00623	0.00415	0.00208	0.00519	0.00363	0.00415	0.00727
10	0.00980	0.00715	0.00922	0.01024	0.01157	0.00688	0.00823	0.01201	0.01445	0.01862	0.05716	0.15225	0.16015	0.11572	0.01215	0.00332	0.00537	0.37403	0.00595	0.00573
11	0.02719	0.01175	0.01497	0.01167	0.01641	0.01088	0.00958	0.12093	0.02021	0.54258	0.02447	0.02221	0.01598	0.00821	0.00647	0.00200	0.00560	0.00659	0.11156	0.01074
12	0.01661	0.01594	0.02724	0.04119	0.72233	0.01594	0.02059	0.02059	0.01528	0.02192	0.01262	0.01661	0.01063	0.00598	0.00664	0.00199	0.00797	0.00598	0.00332	0.01063
13	0.02950	0.01238	0.01617	0.01239	0.01761	0.01129	0.01024	0.11975	0.02082	0.63765	0.02512	0.02196	0.01593	0.00827	0.00674	0.00207	0.00593	0.00666	0.00810	0.01142
14	0.07151	0.01150	0.01527	0.01177	0.01691	0.01014	0.00972	0.03201	0.01879	0.69005	0.02556	0.02221	0.01611	0.00819	0.00661	0.00208	0.00568	0.00658	0.00808	0.01120
15	0.00922	0.00685	0.00859	0.00816	0.00986	0.00622	0.00612	0.01213	0.01835	0.02538	0.60547	0.05264	0.17759	0.01429	0.00792	0.00214	0.00321	0.01249	0.00719	0.00622
16	0.01484	0.01514	0.02313	0.01906	0.01998	0.02007	0.10730	0.01687	0.01103	0.01687	0.00945	0.01514	0.00899	0.01092	0.02011	0.00284	0.65151	0.00615	0.00300	0.00757
17	0.01494	0.01633	0.03409	0.02481	0.03028	0.01576	0.56354	0.01959	0.01468	0.02003	0.01432	0.02140	0.01203	0.10884	0.01231	0.00288	0.05440	0.00805	0.00346	0.00827
18	0.00874	0.00618	0.00814	0.00949	0.00998	0.00590	0.00657	0.01001	0.01280	0.01699	0.03472	0.57367	0.04099	0.11764	0.01200	0.00327	0.00454	0.10707	0.00594	0.00537
19	0.01819	0.01373	0.01492	0.01317	0.01710	0.01537	0.01032	0.03432	0.59148	0.12245	0.02866	0.02616	0.04517	0.00928	0.00686	0.00225	0.00530	0.00771	0.00701	0.01055
20	0.01589	0.01534	0.02655	0.16250	0.57575	0.01581	0.04983	0.02004	0.01498	0.02108	0.01254	0.01689	0.01032	0.00609	0.00671	0.00205	0.00828	0.00606	0.00327	0.01001
21	0.02551	0.01879	0.02014	0.01544	0.02081	0.02081	0.01275	0.69996	0.03155	0.04229	0.01611	0.01611	0.01141	0.00805	0.00671	0.00201	0.00738	0.00604	0.00671	0.01141
22	0.00818	0.00584	0.00779	0.00934	0.00973	0.00545	0.00623	0.00934	0.01285	0.01713	0.03698	0.75981	0.04438	0.02102	0.00856	0.00273	0.00389	0.01908	0.00623	0.00545
23	0.26109	0.01282	0.01426	0.01139	0.01611	0.01296	0.00937	0.13342	0.01883	0.37520	0.05518	0.01961	0.01540	0.00792	0.00603	0.00207	0.00569	0.00598	0.00677	0.00992
24	0.14895	0.03546	0.01633	0.01300	0.01695	0.11208	0.01060	0.09678	0.01777	0.29726	0.03376	0.01811	0.01339	0.00825	0.00813	0.00210	0.10392	0.00576	0.03206	0.00937

[dist]
# distance from previous block
# <min> <max>
0	1

[block]
# block no. 5 follows, 32 sequences, length 52
# corresponding to MSA columns:
# 242-275,280-289,312-319
name=unknown_F
#
# <colnr> <probs for GDERKNQSTAVLIFYWHMCP>
#	G	D	E	R	K	N	Q	S	T	A	V	L	I	F	Y	W	H	M	C	P
0	0.01568	0.04286	0.25606	0.02661	0.32114	0.01528	0.01925	0.05870	0.01557	0.02267	0.01242	0.01518	0.00980	0.00606	0.00622	0.00186	0.00807	0.00526	0.00345	0.13786
1	0.15211	0.26432	0.04706	0.01709	0.13342	0.14318	0.01257	0.04998	0.01573	0.02165	0.07415	0.01586	0.01375	0.00690	0.00546	0.00179	0.00756	0.00504	0.00383	0.00853
2	0.07259	0.01845	0.01952	0.01504	0.02034	0.02046	0.01242	0.65921	0.03034	0.04156	0.01570	0.01580	0.01116	0.00795	0.00656	0.00202	0.00725	0.00590	0.00656	0.01116
3	0.81159	0.01298	0.00986	0.00882	0.01298	0.01505	0.00727	0.01972	0.01142	0.03010	0.00934	0.01090	0.00727	0.00623	0.00415	0.00208	0.00519	0.00363	0.00415	0.00727
4	0.00829	0.00592	0.00792	0.00947	0.00991	0.00555	0.00643	0.00954	0.01296	0.01726	0.03692	0.73029	0.04413	0.02091	0.00859	0.00274	0.00399	0.04748	0.00623	0.00548
5	0.01391	0.01193	0.01391	0.00994	0.01590	0.00894	0.00795	0.01690	0.01391	0.02186	0.01193	0.01391	0.00994	0.00497	0.00497	0.00099	0.00497	0.00398	0.00398	0.80521
6	0.01901	0.04031	0.23299	0.02226	0.16984	0.05374	0.08318	0.06550	0.05127	0.15080	0.01578	0.01708	0.01140	0.00678	0.00658	0.00203	0.00841	0.00588	0.00448	0.03268
7	0.17499	0.24137	0.02314	0.01512	0.03782	0.33653	0.04429	0.02305	0.01572	0.01928	0.01008	0.01189	0.00849	0.00635	0.00528	0.00174	0.00918	0.00419	0.00341	0.00806
8	0.02529	0.01542	0.01747	0.01367	0.01861	0.01627	0.01120	0.39878	0.08773	0.24443	0.02057	0.01947	0.01414	0.00821	0.00661	0.00203	0.00643	0.00640	0.05626	0.01102
9	0.00893	0.00686	0.00819	0.00922	0.00993	0.02809	0.00626	0.01032	0.01375	0.01812	0.11975	0.57236	0.08181	0.06090	0.00980	0.00281	0.00417	0.01699	0.00616	0.00556
10	0.01600	0.00935	0.01178	0.01017	0.01304	0.00899	0.00795	0.06200	0.08189	0.19333	0.44967	0.03932	0.04522	0.01167	0.00747	0.00211	0.00422	0.01008	0.00751	0.00823
11	0.01459	0.00871	0.01094	0.00971	0.01226	0.00828	0.00745	0.03777	0.07849	0.16695	0.41600	0.07084	0.08181	0.03558	0.00838	0.00228	0.00413	0.01080	0.00729	0.00773
12	0.05381	0.01351	0.01570	0.01235	0.01702	0.01371	0.01011	0.26989	0.04579	0.33453	0.02152	0.02036	0.01461	0.00810	0.00636	0.00199	0.00592	0.00634	0.11785	0.01052
13	0.00860	0.00723	0.00754	0.00763	0.00976	0.00644	0.00565	0.01150	0.06579	0.01872	0.06096	0.15229	0.58049	0.01694	0.00793	0.00233	0.00360	0.01432	0.00627	0.00600
14	0.00838	0.00599	0.00802	0.00958	0.01006	0.00563	0.00659	0.00970	0.01305	0.01736	0.03687	0.70621	0.04393	0.02083	0.00862	0.00275	0.00407	0.07064	0.00622	0.00551
15	0.01391	0.01193	0.01391	0.00994	0.01590	0.00894	0.00795	0.01690	0.01391	0.02186	0.01193	0.01391	0.00994	0.00497	0.00497	0.00099	0.00497	0.00398	0.00398	0.80521
16	0.00933	0.00710	0.00861	0.00819	0.01002	0.00651	0.00616	0.01265	0.04131	0.02467	0.52662	0.05303	0.23217	0.01441	0.00788	0.00216	0.00330	0.01251	0.00707	0.00630
17	0.01701	0.01457	0.01535	0.01372	0.01757	0.01684	0.01070	0.05972	0.68563	0.02858	0.02690	0.02471	0.02015	0.00907	0.00682	0.00227	0.00539	0.00753	0.00682	0.01065
18	0.00818	0.00584	0.00779	0.00934	0.00973	0.00545	0.00623	0.00934	0.01285	0.01713	0.03698	0.75981	0.04438	0.02102	0.00856	0.00273	0.00389	0.01908	0.00623	0.00545
19	0.01794	0.76823	0.03516	0.01148	0.01722	0.02655	0.01148	0.02009	0.01363	0.01579	0.00933	0.01076	0.00861	0.00574	0.00431	0.00144	0.00718	0.00359	0.00287	0.00861
20	0.01669	0.01441	0.01517	0.01365	0.01745	0.01669	0.01062	0.03565	0.71021	0.02807	0.02731	0.02503	0.02048	0.00910	0.00683	0.00228	0.00531	0.00759	0.00683	0.01062
21	0.01346	0.01408	0.09545	0.01086	0.01688	0.00947	0.00973	0.01701	0.01440	0.02225	0.07542	0.01719	0.01457	0.00592	0.00539	0.00122	0.00537	0.00482	0.00415	0.64235
22	0.01113	0.00808	0.01105	0.01243	0.01409	0.00820	0.01080	0.01506	0.05253	0.02051	0.03509	0.07298	0.03765	0.01803	0.00914	0.00305	0.00613	0.64143	0.00621	0.00642
23	0.02506	0.03198	0.01901	0.01729	0.02074	0.73725	0.01296	0.02679	0.01901	0.01642	0.01037	0.01210	0.00864	0.00691	0.00605	0.00173	0.01210	0.00432	0.00346	0.00778
24	0.01267	0.01193	0.02013	0.74806	0.04621	0.01491	0.01863	0.01714	0.01342	0.01714	0.01193	0.01789	0.00894	0.00671	0.00671	0.00224	0.00894	0.00596	0.00298	0.00745
25	0.01654	0.01614	0.02834	0.04003	0.66062	0.01603	0.08142	0.02067	0.01533	0.02188	0.01271	0.01674	0.01059	0.00595	0.00676	0.00202	0.00827	0.00615	0.00333	0.01049
26	0.01130	0.00608	0.00876	0.00890	0.00916	0.00602	0.00616	0.00930	0.00974	0.01282	0.01721	0.02873	0.05242	0.05452	0.02407	0.65550	0.00576	0.06673	0.00343	0.00340
27	0.01081	0.00772	0.01081	0.01236	0.01390	0.00772	0.01081	0.01390	0.01545	0.02008	0.03553	0.07569	0.03862	0.01854	0.00927	0.00309	0.00618	0.67717	0.00618	0.00618
28	0.01450	0.01191	0.01397	0.01001	0.01595	0.00898	0.00802	0.01747	0.01411	0.04736	0.01245	0.01424	0.01018	0.00509	0.00503	0.00103	0.00500	0.00408	0.00413	0.77651
29	0.01987	0.13314	0.02543	0.02813	0.36378	0.27880	0.01648	0.02276	0.01639	0.01902	0.01132	0.01411	0.00961	0.00628	0.00608	0.00181	0.00935	0.00502	0.00330	0.00930
30	0.02995	0.01167	0.01573	0.01206	0.01725	0.01023	0.00996	0.05542	0.01963	0.70366	0.02612	0.02261	0.01643	0.00830	0.00675	0.00207	0.00577	0.00672	0.00825	0.01142
31	0.01794	0.76823	0.03516	0.01148	0.01722	0.02655	0.01148	0.02009	0.01363	0.01579	0.00933	0.01076	0.00861	0.00574	0.00431	0.00144	0.00718	0.00359	0.00287	0.00861
32	0.01286	0.01015	0.01136	0.01106	0.03211	0.01107	0.00751	0.02129	0.30739	0.02089	0.08616	0.03570	0.02584	0.35553	0.01944	0.00419	0.00574	0.00894	0.00551	0.00723
33	0.13675	0.01774	0.01842	0.01441	0.01952	0.01978	0.01186	0.56906	0.06367	0.03982	0.01573	0.01583	0.01129	0.00785	0.00635	0.00204	0.00697	0.00578	0.00635	0.01078
34	0.08972	0.01500	0.01618	0.01510	0.06251	0.01698	0.01119	0.16809	0.44113	0.03066	0.02229	0.02140	0.01670	0.00839	0.00648	0.00216	0.00582	0.00677	0.03310	0.01033
35	0.01166	0.00583	0.00874	0.00874	0.00874	0.00583	0.00583	0.00874	0.00874	0.01166	0.01166	0.02040	0.01166	0.02331	0.02622	0.80478	0.00583	0.00583	0.00291	0.00291
36	0.01669	0.01441	0.01517	0.01365	0.01745	0.01669	0.01062	0.03565	0.71021	0.02807	0.02731	0.02503	0.02048	0.00910	0.00683	0.00228	0.00531	0.00759	0.00683	0.01062
37	0.01505	0.01260	0.01452	0.01048	0.01638	0.01011	0.00842	0.08390	0.01564	0.02387	0.01234	0.01413	0.01008	0.00527	0.00514	0.00109	0.00521	0.00418	0.00424	0.72734
38	0.00894	0.00661	0.00845	0.00973	0.01043	0.00646	0.00662	0.01171	0.07547	0.01811	0.03611	0.69383	0.04223	0.01995	0.00841	0.00268	0.00402	0.01804	0.00628	0.00591
39	0.01625	0.11817	0.34842	0.02068	0.14368	0.01735	0.01906	0.06558	0.12368	0.04207	0.01482	0.01620	0.01114	0.00681	0.00626	0.00203	0.00826	0.00549	0.00393	0.01012
40	0.01041	0.01178	0.14010	0.01002	0.01202	0.00846	0.00854	0.01221	0.01073	0.01492	0.01898	0.03572	0.02029	0.51396	0.13889	0.00637	0.00892	0.00848	0.00377	0.00544
41	0.00893	0.00676	0.00823	0.00803	0.00972	0.00607	0.00596	0.01151	0.01742	0.02355	0.47305	0.10980	0.25597	0.01526	0.00797	0.00220	0.00329	0.01328	0.00695	0.00607
42	0.02783	0.01341	0.01660	0.01291	0.01801	0.01302	0.01060	0.18835	0.08413	0.50478	0.02413	0.02147	0.01575	0.00832	0.00675	0.00208	0.00606	0.00666	0.00780	0.01135
43	0.13731	0.19065	0.34986	0.01686	0.02429	0.05365	0.09843	0.02106	0.01407	0.02119	0.01113	0.01328	0.00854	0.00615	0.00575	0.00196	0.00886	0.00477	0.00314	0.00902
44	0.00850	0.00620	0.00814	0.00947	0.01006	0.00595	0.00644	0.01028	0.03371	0.01740	0.03664	0.67706	0.06314	0.02210	0.04741	0.00313	0.00467	0.01794	0.00611	0.00564
45	0.00975	0.00650	0.00746	0.00747	0.00767	0.00644	0.00437	0.01017	0.01083	0.01476	0.08445	0.07295	0.02850	0.64543	0.02993	0.00582	0.00600	0.01025	0.02685	0.00439
46	0.03899	0.09182	0.03396	0.01107	0.01249	0.01148	0.00885	0.01292	0.01202	0.01707	0.10358	0.15707	0.02388	0.04924	0.08190	0.17921	0.13543	0.00896	0.00421	0.00585
47	0.01620	0.01593	0.02471	0.13134	0.54848	0.06299	0.01906	0.01995	0.01515	0.02067	0.01368	0.05615	0.01208	0.00694	0.00671	0.00205	0.00816	0.00657	0.00344	0.00974
48	0.01166	0.00583	0.00874	0.00874	0.00874	0.00583	0.00583	0.00874	0.00874	0.01166	0.01166	0.02040	0.01166	0.02331	0.02622	0.80478	0.00583	0.00583	0.00291	0.00291
49	0.04658	0.01394	0.01513	0.01258	0.01675	0.01498	0.01014	0.26897	0.20614	0.11951	0.02838	0.02815	0.11670	0.00987	0.00682	0.00214	0.00576	0.02652	0.04107	0.00987
50	0.01617	0.01685	0.02900	0.14593	0.23850	0.05689	0.27461	0.02234	0.09008	0.02134	0.01432	0.01803	0.01114	0.00636	0.00712	0.00215	0.00934	0.00679	0.00368	0.00936
51	0.39704	0.08358	0.01818	0.01431	0.03731	0.20842	0.07166	0.06036	0.01527	0.02494	0.01047	0.01230	0.00834	0.00641	0.00522	0.00194	0.00794	0.00440	0.00391	0.00800

[dist]
# distance from previous block
# <min> <max>
0	2

[block]
# block no. 6 follows, 32 sequences, length 24
# corresponding to MSA columns:
# 322-345
name=unknown_G
#
# <colnr> <probs for GDERKNQSTAVLIFYWHMCP>
#	G	D	E	R	K	N	Q	S	T	A	V	L	I	F	Y	W	H	M	C	P
0	0.01521	0.10615	0.29557	0.02287	0.09949	0.01695	0.24065	0.04311	0.01543	0.02152	0.03054	0.03654	0.01170	0.00667	0.00679	0.00209	0.00946	0.00647	0.00340	0.00940
1	0.06266	0.24441	0.39098	0.07822	0.02572	0.05291	0.01880	0.02074	0.01401	0.01961	0.01100	0.01320	0.00850	0.00624	0.00565	0.00191	0.00886	0.00454	0.00296	0.00907
2	0.01256	0.01164	0.01901	0.65023	0.04190	0.01395	0.01714	0.01675	0.01343	0.01754	0.01311	0.05274	0.01071	0.00724	0.00665	0.00215	0.00837	0.00642	0.00322	0.07523
3	0.01511	0.01218	0.01424	0.01025	0.01615	0.00946	0.00823	0.04496	0.01486	0.05444	0.01275	0.01440	0.01030	0.00524	0.00512	0.00108	0.00510	0.00418	0.00428	0.73767
4	0.02093	0.01587	0.04014	0.02511	0.31874	0.05744	0.01510	0.07286	0.06552	0.21082	0.03384	0.01910	0.01396	0.00715	0.00658	0.00197	0.00716	0.00620	0.00525	0.05626
5	0.02451	0.02800	0.01895	0.01664	0.02050	0.53887	0.01274	0.16206	0.07441	0.02248	0.01282	0.01389	0.01010	0.00731	0.00624	0.00183	0.01064	0.00492	0.00437	0.00872
6	0.81159	0.01298	0.00986	0.00882	0.01298	0.01505	0.00727	0.01972	0.01142	0.03010	0.00934	0.01090	0.00727	0.00623	0.00415	0.00208	0.00519	0.00363	0.00415	0.00727
7	0.02446	0.04446	0.01987	0.01492	0.02011	0.01999	0.01232	0.56626	0.10797	0.07419	0.01767	0.01728	0.01261	0.00811	0.00664	0.00203	0.00705	0.00617	0.00667	0.01122
8	0.00818	0.00584	0.00779	0.00934	0.00973	0.00545	0.00623	0.00934	0.01285	0.01713	0.03698	0.75981	0.04438	0.02102	0.00856	0.00273	0.00389	0.01908	0.00623	0.00545
9	0.00876	0.00629	0.00831	0.00894	0.00986	0.00584	0.00627	0.01081	0.01557	0.02146	0.33923	0.44520	0.05277	0.01778	0.00828	0.00245	0.00357	0.01600	0.00674	0.00584
10	0.04762	0.01670	0.03042	0.02670	0.17377	0.01654	0.35588	0.09097	0.03507	0.08899	0.01484	0.01781	0.01110	0.00654	0.00777	0.00218	0.03613	0.00697	0.00427	0.00975
11	0.00832	0.00593	0.00783	0.00919	0.00963	0.00555	0.00613	0.00954	0.01302	0.01744	0.07240	0.68647	0.04439	0.05764	0.00980	0.00288	0.00398	0.01824	0.00618	0.00543
12	0.00942	0.01003	0.09070	0.00911	0.01188	0.00716	0.00803	0.01262	0.01719	0.02329	0.41776	0.05089	0.27903	0.01399	0.00774	0.00216	0.00402	0.01200	0.00647	0.00652
13	0.01602	0.01365	0.01467	0.01351	0.01704	0.01566	0.01064	0.03316	0.63069	0.02715	0.02825	0.03083	0.02256	0.01018	0.00711	0.00237	0.00541	0.08423	0.00675	0.01011
14	0.01583	0.01753	0.08579	0.03226	0.45837	0.05919	0.07645	0.02026	0.03557	0.02112	0.01573	0.10156	0.01444	0.00786	0.00692	0.00210	0.00813	0.00750	0.00373	0.00966
15	0.01986	0.42680	0.02812	0.01489	0.04342	0.22564	0.01255	0.02189	0.01498	0.03549	0.01015	0.01212	0.00893	0.00684	0.00698	0.00173	0.09380	0.00423	0.00321	0.00838
16	0.17259	0.02136	0.01838	0.01552	0.01940	0.31930	0.08934	0.09598	0.01743	0.04575	0.01285	0.01609	0.01057	0.04805	0.06682	0.00287	0.01016	0.00537	0.00414	0.00801
17	0.01646	0.01729	0.04628	0.02428	0.27128	0.13244	0.07203	0.05659	0.06087	0.02295	0.13382	0.02559	0.07377	0.00854	0.00697	0.00204	0.00766	0.00758	0.00462	0.00896
18	0.01770	0.01492	0.01574	0.01386	0.01783	0.01716	0.01086	0.11169	0.63253	0.02970	0.02603	0.02401	0.01944	0.00898	0.00681	0.00225	0.00555	0.00741	0.00681	0.01071
19	0.01512	0.09585	0.37159	0.02039	0.06357	0.03480	0.15091	0.03968	0.06158	0.02141	0.01352	0.01611	0.01027	0.00873	0.04536	0.00254	0.00993	0.00576	0.00340	0.00949
20	0.00965	0.09356	0.01117	0.00956	0.01091	0.00836	0.00699	0.01169	0.03897	0.01755	0.03657	0.55895	0.10792	0.01836	0.00797	0.00252	0.00433	0.03305	0.00587	0.00604
21	0.01055	0.00913	0.00934	0.00892	0.01115	0.04620	0.00671	0.01502	0.10885	0.02233	0.28145	0.07675	0.33974	0.01443	0.00770	0.00220	0.00405	0.01225	0.00656	0.00665
22	0.01220	0.01188	0.09854	0.01106	0.01436	0.00911	0.02117	0.03984	0.05807	0.05724	0.13708	0.16468	0.12325	0.07452	0.02940	0.00278	0.00568	0.04061	0.00564	0.08287
23	0.02006	0.05282	0.08138	0.01260	0.01743	0.01160	0.04367	0.08319	0.01794	0.28245	0.11412	0.06105	0.02197	0.04896	0.00814	0.00220	0.00612	0.00759	0.00620	0.10051

[dist]
# distance from previous block
# <min> <max>
0	17

# created by:
# /home/cegg/simao/soft/augustus-3.2.1/scripts/msa2prfl.pl ./align_prep/EOG090W0C0H.fa
