[name]
unknown

[dist]
# distance from previous block
# <min> <max>
0	274

[block]
# block no. 0 follows, 35 sequences, length 88
# corresponding to MSA columns:
# 454-541
name=unknown_A
#
# <colnr> <probs for GDERKNQSTAVLIFYWHMCP>
#	G	D	E	R	K	N	Q	S	T	A	V	L	I	F	Y	W	H	M	C	P
0	0.01162	0.03439	0.01117	0.05304	0.01345	0.03427	0.03587	0.03535	0.01442	0.08238	0.03826	0.29111	0.25609	0.01429	0.00719	0.00219	0.00470	0.01243	0.04143	0.00636
1	0.03646	0.00692	0.00870	0.00835	0.00997	0.00661	0.00635	0.01278	0.03991	0.02469	0.60678	0.07008	0.07323	0.01315	0.00742	0.00207	0.00331	0.05037	0.00673	0.00609
2	0.01827	0.01260	0.01551	0.01283	0.01666	0.01329	0.05377	0.14757	0.28433	0.16602	0.13634	0.05182	0.02381	0.00918	0.00671	0.00206	0.00542	0.00786	0.00657	0.00940
3	0.01485	0.01215	0.01553	0.01472	0.13466	0.01028	0.00984	0.06690	0.01474	0.05396	0.01309	0.04015	0.01100	0.00572	0.00527	0.00127	0.00533	0.00482	0.00410	0.56163
4	0.00979	0.00733	0.00863	0.00817	0.01015	0.00693	0.00617	0.01390	0.09374	0.04348	0.40765	0.07413	0.25898	0.01354	0.00737	0.00208	0.00337	0.01167	0.00658	0.00634
5	0.01616	0.01220	0.01622	0.05625	0.01828	0.03686	0.09542	0.12609	0.06914	0.10951	0.12905	0.02556	0.04212	0.01052	0.04699	0.00233	0.00663	0.02745	0.05150	0.10170
6	0.01480	0.01678	0.03638	0.06874	0.03376	0.01593	0.67462	0.02009	0.01484	0.02009	0.01275	0.01710	0.00956	0.00540	0.00742	0.00214	0.01057	0.00738	0.00319	0.00847
7	0.46275	0.01321	0.01194	0.01052	0.01441	0.01523	0.00845	0.08009	0.27421	0.02868	0.01557	0.01559	0.01176	0.00702	0.00505	0.00203	0.00512	0.00499	0.00505	0.00835
8	0.06288	0.01691	0.03353	0.02417	0.03027	0.01639	0.58643	0.10642	0.01657	0.02323	0.01290	0.01648	0.00961	0.00566	0.00714	0.00210	0.00990	0.00703	0.00364	0.00873
9	0.00954	0.00604	0.00715	0.00715	0.00715	0.00604	0.00413	0.00906	0.00906	0.01208	0.01843	0.03766	0.02097	0.64612	0.03099	0.14650	0.00604	0.00858	0.00366	0.00366
10	0.01578	0.01363	0.01434	0.01291	0.01650	0.01578	0.01004	0.03371	0.72602	0.02654	0.02582	0.02367	0.01937	0.00861	0.00646	0.00215	0.00502	0.00717	0.00646	0.01004
11	0.01315	0.01128	0.01315	0.00940	0.01503	0.00846	0.00752	0.01597	0.01315	0.02067	0.01128	0.01315	0.00940	0.00470	0.00470	0.00094	0.00470	0.00376	0.00376	0.81583
12	0.00773	0.00552	0.00736	0.00883	0.00920	0.00515	0.00589	0.00883	0.01215	0.01619	0.03497	0.77291	0.04196	0.01987	0.00810	0.00258	0.00368	0.01803	0.00589	0.00515
13	0.01435	0.01218	0.01393	0.01055	0.01564	0.01076	0.00843	0.06563	0.13300	0.02278	0.01388	0.01507	0.01112	0.00574	0.00559	0.00126	0.02776	0.00451	0.00435	0.60350
14	0.01325	0.12608	0.65555	0.01718	0.02606	0.01603	0.02187	0.01995	0.01333	0.01945	0.01106	0.01299	0.00805	0.00595	0.00578	0.00193	0.00905	0.00453	0.00268	0.00922
15	0.02846	0.01080	0.01472	0.01129	0.01619	0.00932	0.00932	0.03092	0.01816	0.74187	0.02503	0.02159	0.01570	0.00785	0.00638	0.00196	0.00540	0.00638	0.00785	0.01080
16	0.00839	0.00611	0.00794	0.00870	0.00958	0.00576	0.00612	0.01059	0.03398	0.01934	0.24397	0.49493	0.06733	0.01732	0.00787	0.00239	0.00356	0.03432	0.00623	0.00556
17	0.01183	0.00591	0.00591	0.00591	0.00739	0.00591	0.00443	0.01478	0.01330	0.02365	0.02069	0.02365	0.01626	0.00739	0.00443	0.00148	0.00296	0.00591	0.81227	0.00591
18	0.01565	0.25779	0.01778	0.00987	0.01249	0.01326	0.00810	0.06548	0.01232	0.08802	0.01202	0.01628	0.01054	0.01419	0.01489	0.41097	0.00602	0.00493	0.00352	0.00589
19	0.01263	0.00723	0.00946	0.00846	0.01057	0.00658	0.00650	0.01553	0.01774	0.15400	0.56799	0.04146	0.04956	0.01175	0.00712	0.00196	0.00342	0.01026	0.05092	0.00685
20	0.00779	0.00644	0.00684	0.00674	0.00875	0.00548	0.00505	0.00968	0.01516	0.01880	0.19873	0.05831	0.59940	0.01544	0.00749	0.00211	0.00317	0.01300	0.00611	0.00548
21	0.00854	0.00610	0.00829	0.00976	0.01048	0.00585	0.00729	0.01023	0.01294	0.01710	0.03452	0.54599	0.04020	0.01911	0.00831	0.00269	0.00438	0.23699	0.00587	0.00538
22	0.01393	0.23768	0.37203	0.14561	0.02752	0.01762	0.06499	0.01913	0.01323	0.01799	0.01074	0.01335	0.00824	0.00587	0.00563	0.00185	0.00858	0.00468	0.00275	0.00857
23	0.00773	0.00552	0.00736	0.00883	0.00920	0.00515	0.00589	0.00883	0.01215	0.01619	0.03497	0.77291	0.04196	0.01987	0.00810	0.00258	0.00368	0.01803	0.00589	0.00515
24	0.11772	0.01418	0.01453	0.01263	0.01652	0.01626	0.01000	0.15021	0.51612	0.02911	0.02187	0.02054	0.01632	0.00810	0.00612	0.00209	0.00535	0.00645	0.00612	0.00978
25	0.02327	0.01570	0.01758	0.03883	0.01940	0.01707	0.01146	0.47114	0.12836	0.16265	0.01839	0.01765	0.01284	0.00776	0.00637	0.00196	0.00646	0.00604	0.00651	0.01056
26	0.01736	0.01763	0.10890	0.06174	0.02756	0.01552	0.34875	0.15094	0.04942	0.09116	0.03641	0.01795	0.01210	0.00651	0.00690	0.00206	0.00875	0.00674	0.00440	0.00918
27	0.67642	0.01209	0.01107	0.14366	0.01791	0.01421	0.00880	0.01821	0.01114	0.02626	0.00927	0.01149	0.00716	0.00597	0.00436	0.00199	0.00554	0.00383	0.00373	0.00690
28	0.01406	0.01640	0.07210	0.19551	0.03392	0.01579	0.45666	0.01894	0.01393	0.01894	0.01202	0.01659	0.00916	0.00609	0.00822	0.00218	0.07157	0.00674	0.00305	0.00812
29	0.02112	0.01351	0.01607	0.01251	0.01696	0.01380	0.01024	0.24762	0.06106	0.22963	0.03661	0.01781	0.01346	0.00763	0.00751	0.00182	0.08243	0.00572	0.00589	0.17860
30	0.02846	0.01080	0.01472	0.01129	0.01619	0.00932	0.00932	0.03092	0.01816	0.74187	0.02503	0.02159	0.01570	0.00785	0.00638	0.00196	0.00540	0.00638	0.00785	0.01080
31	0.15563	0.01351	0.01311	0.01162	0.01503	0.05684	0.00911	0.09025	0.37407	0.02729	0.14323	0.02395	0.02274	0.00868	0.00614	0.00204	0.00521	0.00695	0.00591	0.00870
32	0.00774	0.00581	0.00719	0.00817	0.00906	0.00525	0.00562	0.00909	0.01308	0.01698	0.08363	0.54807	0.22030	0.01849	0.00791	0.00243	0.00352	0.01646	0.00595	0.00525
33	0.01470	0.26229	0.45044	0.01526	0.02300	0.01794	0.01819	0.05936	0.01417	0.01966	0.01081	0.01249	0.00829	0.00587	0.00538	0.00175	0.00823	0.00430	0.00295	0.04492
34	0.02001	0.01621	0.01622	0.01378	0.01749	0.11059	0.01095	0.16449	0.34041	0.12503	0.02009	0.01932	0.01480	0.00825	0.00755	0.00206	0.07091	0.00624	0.00590	0.00968
35	0.00787	0.00629	0.00704	0.00716	0.00888	0.00546	0.00525	0.00971	0.01487	0.01885	0.21023	0.17258	0.47150	0.01598	0.00759	0.00218	0.00324	0.01371	0.00614	0.00546
36	0.01212	0.01140	0.01891	0.63845	0.07892	0.01411	0.01695	0.01600	0.01256	0.01640	0.01217	0.05025	0.01003	0.00722	0.00738	0.00217	0.05869	0.00618	0.00297	0.00712
37	0.03596	0.01890	0.14350	0.09229	0.06216	0.08032	0.01417	0.22666	0.09570	0.12565	0.01692	0.01746	0.02707	0.00729	0.00622	0.00196	0.00742	0.00575	0.00506	0.00954
38	0.02212	0.01315	0.01620	0.06765	0.09930	0.06128	0.01114	0.13059	0.01802	0.33673	0.01895	0.01997	0.01353	0.05019	0.00804	0.00215	0.02920	0.00609	0.06635	0.00935
39	0.00772	0.00555	0.00733	0.00876	0.00918	0.00516	0.00586	0.00884	0.01221	0.01622	0.03583	0.75180	0.06250	0.01976	0.00808	0.00256	0.00367	0.01790	0.00589	0.00516
40	0.11169	0.01366	0.03875	0.18750	0.03637	0.06195	0.07688	0.07162	0.01524	0.10286	0.01994	0.02415	0.08846	0.00833	0.00682	0.00205	0.03305	0.05255	0.00443	0.04370
41	0.01503	0.01367	0.01316	0.07164	0.01652	0.14364	0.00958	0.16793	0.03506	0.02327	0.13763	0.13498	0.12151	0.01170	0.00698	0.00209	0.00619	0.05672	0.00545	0.00725
42	0.02146	0.01261	0.01728	0.19320	0.06258	0.01342	0.01260	0.13438	0.06523	0.32898	0.01858	0.01885	0.01271	0.00757	0.00719	0.00204	0.04990	0.00606	0.00577	0.00959
43	0.00923	0.00615	0.00692	0.00692	0.00692	0.00615	0.00384	0.00923	0.00923	0.01230	0.01999	0.04151	0.02306	0.77705	0.03229	0.00615	0.00615	0.00923	0.00384	0.00384
44	0.01395	0.01180	0.01357	0.00993	0.01539	0.00960	0.00795	0.05615	0.06431	0.02216	0.01252	0.01401	0.01018	0.00514	0.00491	0.00108	0.00485	0.00411	0.00409	0.71431
45	0.06430	0.04099	0.08562	0.01421	0.01719	0.01569	0.01262	0.05851	0.02757	0.20937	0.03969	0.01699	0.01234	0.00911	0.01256	0.00231	0.34217	0.00574	0.00458	0.00845
46	0.01007	0.00740	0.00964	0.01031	0.01202	0.00721	0.00870	0.03742	0.01571	0.02056	0.15927	0.06369	0.15008	0.01615	0.00825	0.00260	0.00497	0.44391	0.00607	0.00597
47	0.01625	0.01994	0.18604	0.02082	0.06668	0.01628	0.26748	0.14343	0.15054	0.02487	0.01531	0.01711	0.01133	0.00652	0.00670	0.00206	0.00851	0.00639	0.00424	0.00949
48	0.01487	0.01357	0.02171	0.20464	0.05206	0.01374	0.18838	0.06030	0.11879	0.04281	0.01445	0.01708	0.01096	0.00614	0.00627	0.00183	0.00744	0.00592	0.00403	0.19503
49	0.01315	0.01128	0.01315	0.00940	0.01503	0.00846	0.00752	0.01597	0.01315	0.02067	0.01128	0.01315	0.00940	0.00470	0.00470	0.00094	0.00470	0.00376	0.00376	0.81583
50	0.05327	0.07256	0.01874	0.01353	0.01842	0.03178	0.01125	0.47890	0.07911	0.13381	0.01659	0.01613	0.01174	0.00748	0.00609	0.00189	0.00660	0.00563	0.00615	0.01033
51	0.01507	0.01876	0.21083	0.19952	0.04581	0.05504	0.03345	0.11499	0.07598	0.04379	0.10751	0.02008	0.01653	0.00749	0.00641	0.00201	0.00761	0.00626	0.00430	0.00854
52	0.03830	0.10827	0.33550	0.04427	0.02501	0.01719	0.12796	0.08991	0.01466	0.02103	0.01123	0.01391	0.00860	0.00670	0.00800	0.00205	0.11024	0.00520	0.00319	0.00877
53	0.01060	0.00692	0.00875	0.00863	0.01032	0.00639	0.00643	0.01335	0.04102	0.09107	0.32034	0.24546	0.14895	0.01485	0.00756	0.00222	0.00364	0.04069	0.00654	0.00627
54	0.00822	0.00633	0.00754	0.00763	0.00919	0.00564	0.00564	0.01035	0.01550	0.02041	0.33010	0.17505	0.32269	0.01549	0.00763	0.00218	0.00329	0.03520	0.00633	0.00559
55	0.00906	0.00680	0.01020	0.01020	0.01133	0.00793	0.00793	0.01133	0.01020	0.01473	0.01699	0.02492	0.01586	0.04758	0.75191	0.01020	0.01699	0.00680	0.00340	0.00566
56	0.01696	0.78087	0.03324	0.01085	0.01628	0.02510	0.01085	0.01900	0.01289	0.01493	0.00882	0.01018	0.00814	0.00543	0.00407	0.00136	0.00678	0.00339	0.00271	0.00814
57	0.02039	0.01302	0.01480	0.01252	0.01663	0.01401	0.00996	0.08129	0.45226	0.25418	0.02482	0.02241	0.01760	0.00830	0.00642	0.00207	0.00528	0.00682	0.00689	0.01033
58	0.00773	0.00552	0.00736	0.00883	0.00920	0.00515	0.00589	0.00883	0.01215	0.01619	0.03497	0.77291	0.04196	0.01987	0.00810	0.00258	0.00368	0.01803	0.00589	0.00515
59	0.02324	0.00964	0.01305	0.01040	0.01440	0.00843	0.00843	0.02584	0.01810	0.54998	0.21495	0.02850	0.02753	0.00922	0.00667	0.00197	0.00475	0.00774	0.00762	0.00951
60	0.01623	0.11132	0.03186	0.02779	0.25632	0.01648	0.36319	0.02049	0.01473	0.06101	0.01274	0.01605	0.00992	0.00560	0.00661	0.00195	0.00889	0.00632	0.00339	0.00911
61	0.00773	0.00552	0.00736	0.00883	0.00920	0.00515	0.00589	0.00883	0.01215	0.01619	0.03497	0.77291	0.04196	0.01987	0.00810	0.00258	0.00368	0.01803	0.00589	0.00515
62	0.01196	0.00910	0.01271	0.01283	0.01500	0.00933	0.04950	0.07115	0.06221	0.02123	0.03046	0.06090	0.03184	0.01547	0.00835	0.00275	0.00615	0.55662	0.00578	0.00666
63	0.01691	0.01512	0.02714	0.02142	0.07080	0.01487	0.37712	0.09280	0.11695	0.09459	0.05767	0.03378	0.01520	0.00700	0.00705	0.00208	0.00823	0.00746	0.00470	0.00910
64	0.01341	0.18937	0.55141	0.01610	0.02416	0.01653	0.01988	0.01935	0.01310	0.01869	0.01117	0.01338	0.00851	0.00831	0.04885	0.00235	0.00927	0.00454	0.00273	0.00890
65	0.05996	0.01432	0.02032	0.44259	0.05870	0.10574	0.11523	0.01769	0.01375	0.01763	0.01493	0.01895	0.05973	0.00686	0.00637	0.00204	0.00855	0.00613	0.00322	0.00728
66	0.01570	0.01507	0.02575	0.03894	0.73748	0.01507	0.01947	0.01947	0.01444	0.02073	0.01193	0.01570	0.01005	0.00565	0.00628	0.00188	0.00754	0.00565	0.00314	0.01005
67	0.00783	0.00626	0.00701	0.00721	0.00887	0.00544	0.00526	0.00961	0.01468	0.01857	0.18920	0.20118	0.46408	0.01623	0.00761	0.00220	0.00326	0.01395	0.00610	0.00544
68	0.00906	0.00680	0.01020	0.01020	0.01133	0.00793	0.00793	0.01133	0.01020	0.01473	0.01699	0.02492	0.01586	0.04758	0.75191	0.01020	0.01699	0.00680	0.00340	0.00566
69	0.01557	0.01756	0.03028	0.02279	0.02705	0.09372	0.44194	0.01941	0.01379	0.01838	0.01124	0.01560	0.00910	0.00711	0.01109	0.00227	0.22545	0.00658	0.00309	0.00797
70	0.01578	0.01363	0.01434	0.01291	0.01650	0.01578	0.01004	0.03371	0.72602	0.02654	0.02582	0.02367	0.01937	0.00861	0.00646	0.00215	0.00502	0.00717	0.00646	0.01004
71	0.02498	0.01455	0.01671	0.01289	0.01770	0.01512	0.01062	0.42714	0.02464	0.29352	0.01910	0.01803	0.01289	0.00769	0.00625	0.00190	0.00617	0.00597	0.05361	0.01051
72	0.01598	0.01656	0.02725	0.17383	0.25137	0.08230	0.25326	0.06399	0.01558	0.02045	0.01213	0.01600	0.00947	0.00589	0.00665	0.00199	0.00911	0.00613	0.00332	0.00875
73	0.82186	0.01227	0.00932	0.00834	0.01227	0.01423	0.00687	0.01865	0.01080	0.02846	0.00883	0.01031	0.00687	0.00589	0.00393	0.00196	0.00491	0.00344	0.00393	0.00687
74	0.00907	0.00676	0.01002	0.01002	0.01109	0.00783	0.00771	0.01121	0.01014	0.01459	0.01716	0.02582	0.01625	0.08724	0.71278	0.00998	0.01640	0.00693	0.00342	0.00557
75	0.00923	0.00615	0.00692	0.00692	0.00692	0.00615	0.00384	0.00923	0.00923	0.01230	0.01999	0.04151	0.02306	0.77705	0.03229	0.00615	0.00615	0.00923	0.00384	0.00384
76	0.00804	0.00641	0.00720	0.00709	0.00892	0.00557	0.00528	0.01012	0.01561	0.02006	0.30251	0.08781	0.46271	0.01513	0.00752	0.00211	0.00316	0.01291	0.00628	0.00557
77	0.01101	0.00740	0.00928	0.00852	0.01029	0.00703	0.00636	0.05954	0.01757	0.06601	0.52078	0.08704	0.07303	0.07659	0.00945	0.00237	0.00371	0.01106	0.00663	0.00633
78	0.01631	0.01474	0.01459	0.01314	0.01670	0.06486	0.01019	0.03315	0.67879	0.02580	0.02475	0.02285	0.01862	0.00847	0.00641	0.00212	0.00545	0.00697	0.00624	0.00986
79	0.01320	0.01145	0.01357	0.00988	0.01514	0.00919	0.00794	0.01593	0.01293	0.02031	0.01108	0.01320	0.00933	0.00513	0.00577	0.00106	0.05544	0.00388	0.00369	0.76188
80	0.01325	0.12608	0.65555	0.01718	0.02606	0.01603	0.02187	0.01995	0.01333	0.01945	0.01106	0.01299	0.00805	0.00595	0.00578	0.00193	0.00905	0.00453	0.00268	0.00922
81	0.01669	0.01400	0.01829	0.30418	0.07869	0.01619	0.01420	0.22076	0.20197	0.02598	0.01621	0.01809	0.01205	0.00724	0.00637	0.00205	0.00708	0.00606	0.00479	0.00910
82	0.01289	0.01173	0.01897	0.60152	0.10419	0.01404	0.01674	0.06278	0.01396	0.01821	0.01297	0.06051	0.01070	0.00715	0.00644	0.00211	0.00800	0.00636	0.00326	0.00746
83	0.01247	0.01154	0.01903	0.73142	0.04272	0.01432	0.01739	0.04468	0.01338	0.01718	0.01144	0.01684	0.00855	0.00639	0.00634	0.00211	0.00840	0.00564	0.00296	0.00720
84	0.01665	0.01312	0.01520	0.11538	0.01937	0.03186	0.01080	0.31808	0.06735	0.02689	0.02002	0.20004	0.01910	0.05518	0.00885	0.00239	0.03716	0.00893	0.00539	0.00823
85	0.06709	0.01171	0.01772	0.51036	0.08461	0.01385	0.01529	0.08451	0.01464	0.02020	0.05450	0.05159	0.01316	0.00737	0.00632	0.00208	0.00748	0.00639	0.00364	0.00747
86	0.01890	0.01592	0.06032	0.14939	0.04285	0.01696	0.01362	0.34596	0.07854	0.06067	0.01544	0.04224	0.01191	0.00813	0.00795	0.00209	0.08849	0.00619	0.00509	0.00935
87	0.14918	0.13789	0.03452	0.20414	0.05804	0.06009	0.08138	0.06859	0.01465	0.04521	0.05252	0.01598	0.01165	0.00669	0.00622	0.00193	0.03438	0.00534	0.00372	0.00787

[dist]
# distance from previous block
# <min> <max>
0	66

[block]
# block no. 1 follows, 35 sequences, length 34
# corresponding to MSA columns:
# 608-641
name=unknown_B
#
# <colnr> <probs for GDERKNQSTAVLIFYWHMCP>
#	G	D	E	R	K	N	Q	S	T	A	V	L	I	F	Y	W	H	M	C	P
0	0.07738	0.04587	0.06945	0.08244	0.01938	0.01316	0.04611	0.13652	0.07606	0.06008	0.01561	0.04988	0.01254	0.00833	0.02954	0.00201	0.00646	0.00579	0.06680	0.17660
1	0.01506	0.01319	0.01966	0.22246	0.14091	0.01422	0.07656	0.16780	0.01716	0.02326	0.05478	0.04542	0.05808	0.00792	0.00715	0.00199	0.04025	0.00689	0.00424	0.06300
2	0.21095	0.01923	0.20546	0.01344	0.01906	0.03849	0.03292	0.16056	0.09184	0.04472	0.01380	0.01479	0.01019	0.00661	0.00552	0.00189	0.00679	0.00495	0.04018	0.05861
3	0.14805	0.01477	0.01872	0.04471	0.02027	0.05940	0.13718	0.14441	0.07412	0.14601	0.03614	0.01707	0.01247	0.00678	0.00600	0.00188	0.00688	0.00575	0.00506	0.09433
4	0.14037	0.01259	0.01938	0.37849	0.25401	0.01417	0.01608	0.01839	0.01323	0.05820	0.01183	0.01575	0.00909	0.00614	0.00595	0.00201	0.00745	0.00534	0.00336	0.00816
5	0.14927	0.01459	0.01711	0.01413	0.01819	0.01648	0.08446	0.16183	0.36441	0.02828	0.01878	0.01868	0.01410	0.00774	0.00681	0.00210	0.04192	0.00623	0.00550	0.00936
6	0.00941	0.00690	0.00913	0.01004	0.01154	0.00663	0.00836	0.01200	0.01495	0.01954	0.15215	0.11469	0.15344	0.01671	0.00830	0.00262	0.00481	0.42700	0.00604	0.00574
7	0.00773	0.00552	0.00736	0.00883	0.00920	0.00515	0.00589	0.00883	0.01215	0.01619	0.03497	0.77291	0.04196	0.01987	0.00810	0.00258	0.00368	0.01803	0.00589	0.00515
8	0.00983	0.00702	0.00978	0.01124	0.01253	0.00697	0.00955	0.01247	0.01422	0.01855	0.03380	0.18081	0.03736	0.01789	0.00866	0.00287	0.00550	0.58936	0.00585	0.00573
9	0.02233	0.01688	0.01803	0.01423	0.01899	0.01884	0.01162	0.56981	0.17926	0.03710	0.01750	0.01704	0.01263	0.00783	0.00637	0.00196	0.00656	0.00603	0.00637	0.01063
10	0.02004	0.06535	0.01778	0.01484	0.01814	0.37609	0.01164	0.08613	0.19245	0.02049	0.01519	0.01773	0.01251	0.00793	0.00712	0.00191	0.06434	0.03770	0.00438	0.00826
11	0.01663	0.27347	0.26136	0.01483	0.02094	0.01814	0.05492	0.06456	0.01468	0.09553	0.03295	0.01455	0.01067	0.00673	0.00686	0.00186	0.07393	0.00493	0.00363	0.00885
12	0.01272	0.03281	0.74418	0.01808	0.02746	0.01473	0.02344	0.02009	0.01339	0.02009	0.01138	0.01339	0.00804	0.00603	0.00603	0.00201	0.00938	0.00469	0.00268	0.00938
13	0.02846	0.01080	0.01472	0.01129	0.01619	0.00932	0.00932	0.03092	0.01816	0.74187	0.02503	0.02159	0.01570	0.00785	0.00638	0.00196	0.00540	0.00638	0.00785	0.01080
14	0.00991	0.00648	0.00858	0.00940	0.01060	0.00604	0.00706	0.01173	0.01383	0.07099	0.09330	0.43608	0.09894	0.01756	0.00802	0.00253	0.00421	0.17282	0.00611	0.00581
15	0.02021	0.01156	0.01532	0.05012	0.01690	0.01250	0.01049	0.07936	0.05019	0.33405	0.10929	0.02363	0.04199	0.00944	0.00989	0.00217	0.18092	0.00699	0.00607	0.00891
16	0.01338	0.01036	0.01375	0.01326	0.04862	0.01074	0.04926	0.19625	0.01744	0.02328	0.02740	0.23627	0.07755	0.01748	0.08856	0.00320	0.00693	0.13356	0.00545	0.00725
17	0.00989	0.00645	0.00844	0.00846	0.00983	0.00590	0.00614	0.01210	0.01571	0.07436	0.39873	0.30929	0.08003	0.01524	0.00762	0.00221	0.00343	0.01356	0.00660	0.00601
18	0.01310	0.01191	0.01646	0.01445	0.01518	0.01579	0.01185	0.06552	0.01135	0.01691	0.01159	0.01750	0.01091	0.02246	0.25260	0.00507	0.47134	0.00596	0.00324	0.00682
19	0.82186	0.01227	0.00932	0.00834	0.01227	0.01423	0.00687	0.01865	0.01080	0.02846	0.00883	0.01031	0.00687	0.00589	0.00393	0.00196	0.00491	0.00344	0.00393	0.00687
20	0.01330	0.13400	0.64801	0.01710	0.02595	0.01614	0.02174	0.01994	0.01333	0.01939	0.01104	0.01296	0.00805	0.00595	0.00576	0.00192	0.00902	0.00451	0.00268	0.00921
21	0.00907	0.00693	0.00861	0.00945	0.01120	0.00648	0.00793	0.01143	0.01454	0.01820	0.04660	0.06710	0.33267	0.01691	0.00823	0.00259	0.00473	0.40583	0.00586	0.00564
22	0.01750	0.01474	0.11201	0.01304	0.01735	0.01263	0.03955	0.20314	0.09742	0.14878	0.07525	0.15773	0.04204	0.01031	0.00680	0.00210	0.00597	0.00879	0.00595	0.00890
23	0.01578	0.01363	0.01434	0.01291	0.01650	0.01578	0.01004	0.03371	0.72602	0.02654	0.02582	0.02367	0.01937	0.00861	0.00646	0.00215	0.00502	0.00717	0.00646	0.01004
24	0.00902	0.01209	0.17046	0.00985	0.01308	0.00753	0.00942	0.01210	0.01449	0.01938	0.19033	0.19655	0.28386	0.01397	0.00729	0.00217	0.00463	0.01202	0.00541	0.00634
25	0.01197	0.01120	0.01884	0.69829	0.07299	0.01376	0.01721	0.01604	0.01274	0.01641	0.01230	0.04848	0.00993	0.00688	0.00641	0.00212	0.00822	0.00616	0.00296	0.00710
26	0.01679	0.62822	0.11858	0.01245	0.01838	0.02286	0.04346	0.01963	0.01324	0.04271	0.00991	0.01129	0.00847	0.00559	0.00454	0.00149	0.00722	0.00384	0.00292	0.00841
27	0.82186	0.01227	0.00932	0.00834	0.01227	0.01423	0.00687	0.01865	0.01080	0.02846	0.00883	0.01031	0.00687	0.00589	0.00393	0.00196	0.00491	0.00344	0.00393	0.00687
28	0.01869	0.45358	0.08897	0.01266	0.01769	0.08096	0.01217	0.05170	0.01451	0.11120	0.01147	0.01259	0.00925	0.00648	0.00625	0.00166	0.07378	0.00424	0.00359	0.00854
29	0.00996	0.00836	0.01273	0.07483	0.09934	0.00812	0.05313	0.01275	0.01534	0.02094	0.32244	0.18500	0.12643	0.01283	0.00737	0.00213	0.00463	0.01160	0.00560	0.00647
30	0.01578	0.01363	0.01434	0.01291	0.01650	0.01578	0.01004	0.03371	0.72602	0.02654	0.02582	0.02367	0.01937	0.00861	0.00646	0.00215	0.00502	0.00717	0.00646	0.01004
31	0.01388	0.01388	0.01943	0.01666	0.01666	0.01943	0.01388	0.01527	0.00972	0.01527	0.00833	0.01388	0.00833	0.01110	0.02082	0.00278	0.76544	0.00555	0.00278	0.00694
32	0.01497	0.01711	0.03743	0.02674	0.03316	0.01604	0.71444	0.02032	0.01497	0.02032	0.01283	0.01711	0.00963	0.00535	0.00749	0.00214	0.01070	0.00749	0.00321	0.00856
33	0.01975	0.00853	0.01044	0.00877	0.01190	0.00790	0.00698	0.04479	0.01604	0.35463	0.02299	0.04729	0.01668	0.00802	0.00551	0.00175	0.00424	0.00652	0.38898	0.00829

[dist]
# distance from previous block
# <min> <max>
0	12

[block]
# block no. 2 follows, 35 sequences, length 11
# corresponding to MSA columns:
# 654-664
name=unknown_C
#
# <colnr> <probs for GDERKNQSTAVLIFYWHMCP>
#	G	D	E	R	K	N	Q	S	T	A	V	L	I	F	Y	W	H	M	C	P
0	0.02370	0.03023	0.01798	0.01634	0.01961	0.75158	0.01226	0.02533	0.01798	0.01553	0.00981	0.01144	0.00817	0.00654	0.00572	0.00163	0.01144	0.00409	0.00327	0.00735
1	0.01635	0.01291	0.01615	0.06655	0.09598	0.01179	0.01050	0.15266	0.01677	0.06569	0.01290	0.01458	0.01003	0.00566	0.00540	0.00137	0.00575	0.00462	0.00436	0.46997
2	0.02301	0.02709	0.04731	0.01700	0.05030	0.53844	0.01296	0.16912	0.02012	0.02103	0.01109	0.01249	0.00879	0.00670	0.00589	0.00172	0.01026	0.00452	0.00388	0.00827
3	0.01696	0.78087	0.03324	0.01085	0.01628	0.02510	0.01085	0.01900	0.01289	0.01493	0.00882	0.01018	0.00814	0.00543	0.00407	0.00136	0.00678	0.00339	0.00271	0.00814
4	0.01530	0.01466	0.02502	0.11695	0.66261	0.01497	0.01927	0.01912	0.01426	0.02024	0.01186	0.01583	0.00988	0.00573	0.00629	0.00191	0.00764	0.00565	0.00311	0.00972
5	0.00839	0.00646	0.00767	0.00737	0.00912	0.00574	0.00553	0.01084	0.01658	0.02216	0.46949	0.05279	0.32654	0.01419	0.00749	0.00205	0.00308	0.01223	0.00655	0.00574
6	0.00794	0.00593	0.00744	0.00856	0.00947	0.00543	0.00610	0.00936	0.01297	0.01672	0.04193	0.52446	0.20954	0.01870	0.00802	0.00251	0.00380	0.08994	0.00588	0.00528
7	0.00900	0.00666	0.00939	0.00939	0.01037	0.00746	0.00701	0.01082	0.01026	0.01442	0.02022	0.02998	0.05802	0.17788	0.57931	0.00901	0.01425	0.00761	0.00362	0.00532
8	0.14734	0.01119	0.01336	0.01020	0.01519	0.00980	0.00834	0.02402	0.01534	0.39010	0.01792	0.01702	0.01222	0.00649	0.00544	0.00162	0.00509	0.00505	0.00587	0.27841
9	0.01298	0.01215	0.02040	0.63827	0.09073	0.01453	0.05172	0.05097	0.01376	0.01789	0.01159	0.01676	0.00874	0.00631	0.00639	0.00209	0.00843	0.00573	0.00303	0.00752
10	0.01817	0.01115	0.01304	0.01142	0.03758	0.01129	0.00873	0.13429	0.16013	0.19322	0.08854	0.02502	0.05454	0.00851	0.00610	0.00186	0.00484	0.00699	0.15245	0.05214

[dist]
# distance from previous block
# <min> <max>
1	20

[block]
# block no. 3 follows, 35 sequences, length 18
# corresponding to MSA columns:
# 685-702
name=unknown_D
#
# <colnr> <probs for GDERKNQSTAVLIFYWHMCP>
#	G	D	E	R	K	N	Q	S	T	A	V	L	I	F	Y	W	H	M	C	P
0	0.15072	0.01570	0.07664	0.01190	0.01710	0.04058	0.01036	0.18205	0.09322	0.06446	0.01402	0.01469	0.01053	0.00633	0.00538	0.00163	0.00598	0.00475	0.00478	0.26920
1	0.01802	0.01263	0.01434	0.01298	0.05281	0.03946	0.00981	0.20224	0.12732	0.12618	0.13406	0.02713	0.02273	0.00908	0.00646	0.00195	0.00549	0.05712	0.07499	0.04518
2	0.22065	0.01301	0.01497	0.05047	0.01756	0.01298	0.04391	0.13066	0.01515	0.02526	0.01122	0.01320	0.00889	0.00592	0.00582	0.00157	0.04471	0.00437	0.00409	0.35559
3	0.13036	0.01184	0.01737	0.35952	0.15939	0.01302	0.01415	0.01756	0.01290	0.05699	0.01219	0.01675	0.00971	0.04357	0.00706	0.00211	0.00708	0.00532	0.00346	0.09966
4	0.10880	0.01393	0.01771	0.12380	0.09802	0.01514	0.04864	0.25282	0.08176	0.02819	0.07603	0.03782	0.01554	0.00762	0.00619	0.00195	0.00650	0.00637	0.00498	0.04819
5	0.00928	0.00730	0.00982	0.09464	0.01427	0.00682	0.00754	0.01107	0.01240	0.01707	0.02763	0.53808	0.03177	0.01536	0.00723	0.00220	0.00442	0.01383	0.00512	0.16413
6	0.01376	0.20430	0.49568	0.01541	0.02344	0.01643	0.01870	0.01937	0.01325	0.01896	0.01078	0.01262	0.00822	0.00574	0.00542	0.00174	0.00824	0.00428	0.00281	0.10087
7	0.01198	0.01128	0.01903	0.76180	0.04369	0.01409	0.01762	0.01621	0.01268	0.01621	0.01128	0.01691	0.00846	0.00634	0.00634	0.00211	0.00846	0.00564	0.00282	0.00705
8	0.01336	0.01201	0.01903	0.67676	0.04096	0.01473	0.01699	0.09589	0.01464	0.01891	0.01173	0.01672	0.00872	0.00649	0.00634	0.00209	0.00829	0.00565	0.00322	0.00747
9	0.13424	0.01711	0.01764	0.01537	0.01664	0.17386	0.01251	0.01790	0.01162	0.01725	0.00871	0.01284	0.00808	0.00937	0.01515	0.00241	0.49429	0.00493	0.00305	0.00702
10	0.02412	0.01777	0.01904	0.01460	0.01967	0.01967	0.01206	0.71633	0.02983	0.03998	0.01523	0.01523	0.01079	0.00762	0.00635	0.00190	0.00698	0.00571	0.00635	0.01079
11	0.00829	0.00583	0.00758	0.00876	0.00918	0.00558	0.00595	0.00937	0.01184	0.01573	0.03189	0.55477	0.03768	0.16791	0.01291	0.00331	0.00440	0.08859	0.00548	0.00497
12	0.01258	0.01188	0.02010	0.64616	0.15468	0.01425	0.01791	0.01673	0.01297	0.01693	0.01138	0.01672	0.00871	0.00623	0.00633	0.00208	0.00831	0.00564	0.00287	0.00753
13	0.00809	0.00581	0.00739	0.00851	0.00905	0.00545	0.00576	0.00918	0.01206	0.01586	0.03521	0.55684	0.09980	0.13329	0.01172	0.00310	0.00414	0.05814	0.00558	0.00502
14	0.06128	0.00727	0.00858	0.00821	0.00890	0.00754	0.00539	0.06979	0.01088	0.01540	0.01652	0.06268	0.01777	0.37289	0.02468	0.28061	0.00582	0.00770	0.00378	0.00431
15	0.63244	0.01296	0.01122	0.03861	0.01468	0.01497	0.00814	0.09793	0.07402	0.02911	0.01109	0.01225	0.00844	0.00633	0.00451	0.00198	0.00529	0.00409	0.00437	0.00759
16	0.02270	0.01703	0.01883	0.07827	0.02158	0.01902	0.01244	0.62575	0.05982	0.03735	0.01537	0.01576	0.01098	0.00755	0.00635	0.00193	0.00702	0.00577	0.00605	0.01044
17	0.02231	0.01669	0.01802	0.01710	0.11816	0.11366	0.01207	0.33663	0.02238	0.16497	0.01759	0.08063	0.01393	0.00829	0.00641	0.00193	0.00707	0.00666	0.00573	0.00975

[dist]
# distance from previous block
# <min> <max>
3	28

[block]
# block no. 4 follows, 35 sequences, length 13
# corresponding to MSA columns:
# 732-744
name=unknown_E
#
# <colnr> <probs for GDERKNQSTAVLIFYWHMCP>
#	G	D	E	R	K	N	Q	S	T	A	V	L	I	F	Y	W	H	M	C	P
0	0.01407	0.01443	0.02546	0.15937	0.02809	0.01583	0.29022	0.01923	0.08009	0.01895	0.01255	0.01659	0.00999	0.00717	0.01015	0.00219	0.19054	0.00633	0.00338	0.07536
1	0.01198	0.01128	0.01903	0.76180	0.04369	0.01409	0.01762	0.01621	0.01268	0.01621	0.01128	0.01691	0.00846	0.00634	0.00634	0.00211	0.00846	0.00564	0.00282	0.00705
2	0.02145	0.01366	0.01496	0.01184	0.01593	0.01460	0.00966	0.43596	0.02384	0.13203	0.01803	0.01834	0.01292	0.00759	0.00584	0.00180	0.00570	0.00586	0.22051	0.00950
3	0.42489	0.01226	0.01374	0.01100	0.01553	0.01268	0.05597	0.05353	0.01476	0.30537	0.01567	0.01536	0.01065	0.00669	0.00522	0.00197	0.00558	0.00495	0.00551	0.00868
4	0.02412	0.01777	0.01904	0.01460	0.01967	0.01967	0.01206	0.71633	0.02983	0.03998	0.01523	0.01523	0.01079	0.00762	0.00635	0.00190	0.00698	0.00571	0.00635	0.01079
5	0.01455	0.01152	0.01301	0.01204	0.01492	0.01269	0.00959	0.13687	0.32791	0.02608	0.09620	0.10999	0.02765	0.01179	0.00717	0.00229	0.00517	0.14582	0.00631	0.00843
6	0.01233	0.01163	0.01966	0.69373	0.10902	0.01419	0.01779	0.01652	0.01285	0.01663	0.01134	0.01680	0.00861	0.00628	0.00634	0.00209	0.00837	0.00564	0.00285	0.00733
7	0.01757	0.01333	0.01504	0.01278	0.01603	0.01485	0.01013	0.37644	0.11039	0.02955	0.02080	0.18522	0.01915	0.01438	0.07760	0.00290	0.04051	0.00872	0.00582	0.00879
8	0.00876	0.00659	0.00801	0.00864	0.00981	0.00627	0.00611	0.05247	0.01372	0.01781	0.04036	0.49220	0.22116	0.01984	0.05408	0.00289	0.00459	0.01535	0.00576	0.00558
9	0.01798	0.01343	0.01571	0.01200	0.01669	0.01321	0.00979	0.21394	0.04711	0.09995	0.01406	0.01511	0.01072	0.00671	0.00720	0.00157	0.09038	0.00491	0.00490	0.38460
10	0.01569	0.01510	0.02017	0.18443	0.24991	0.08760	0.01536	0.09202	0.01509	0.02012	0.01273	0.06156	0.01125	0.00782	0.00866	0.00206	0.13087	0.00617	0.00356	0.03983
11	0.01690	0.01656	0.02039	0.25002	0.14374	0.15172	0.05350	0.06423	0.07673	0.05053	0.01300	0.01610	0.01011	0.00701	0.00770	0.00204	0.08205	0.00562	0.00372	0.00832
12	0.01495	0.05455	0.01695	0.01276	0.01648	0.03787	0.08350	0.15926	0.01601	0.02257	0.01437	0.01796	0.01194	0.01762	0.20958	0.00395	0.03533	0.00563	0.07699	0.17172

[dist]
# distance from previous block
# <min> <max>
2	38

[block]
# block no. 5 follows, 35 sequences, length 18
# corresponding to MSA columns:
# 791-808
name=unknown_F
#
# <colnr> <probs for GDERKNQSTAVLIFYWHMCP>
#	G	D	E	R	K	N	Q	S	T	A	V	L	I	F	Y	W	H	M	C	P
0	0.01615	0.01648	0.07381	0.03564	0.63366	0.01541	0.01916	0.07369	0.01557	0.02218	0.01215	0.01551	0.00997	0.00583	0.00627	0.00189	0.00762	0.00559	0.00336	0.01006
1	0.01781	0.01575	0.02407	0.03285	0.55782	0.01622	0.01761	0.19388	0.01829	0.02554	0.01276	0.01558	0.01023	0.00614	0.00630	0.00189	0.00740	0.00567	0.00394	0.01023
2	0.12574	0.01393	0.11110	0.01386	0.01851	0.01124	0.17036	0.01913	0.03812	0.13248	0.03942	0.04744	0.14380	0.00869	0.00635	0.00202	0.00634	0.00770	0.07591	0.00787
3	0.16819	0.01678	0.01728	0.01347	0.01834	0.01869	0.01112	0.59033	0.02639	0.03790	0.01408	0.01434	0.01008	0.00730	0.00591	0.00191	0.00661	0.00530	0.00591	0.01008
4	0.00785	0.00557	0.00732	0.00867	0.00901	0.00524	0.00572	0.00887	0.01190	0.01587	0.03371	0.71161	0.04037	0.08334	0.01012	0.00288	0.00389	0.01730	0.00572	0.00504
5	0.00785	0.00562	0.00728	0.00856	0.00897	0.00525	0.00566	0.00888	0.01199	0.01589	0.03492	0.67770	0.07031	0.08635	0.01020	0.00287	0.00388	0.01706	0.00571	0.00505
6	0.02402	0.01572	0.01748	0.01357	0.01836	0.01688	0.01111	0.51066	0.07069	0.18226	0.01806	0.01789	0.01272	0.03169	0.00717	0.00206	0.00651	0.00605	0.00658	0.01053
7	0.01258	0.01189	0.02012	0.64482	0.15597	0.01425	0.01792	0.01674	0.01297	0.01694	0.01138	0.01672	0.00871	0.00623	0.00633	0.00208	0.00831	0.00564	0.00287	0.00753
8	0.00768	0.00571	0.00717	0.00833	0.00907	0.00520	0.00566	0.00889	0.01263	0.01639	0.04111	0.62357	0.18733	0.01908	0.00797	0.00249	0.00358	0.01706	0.00589	0.00520
9	0.00923	0.00615	0.00692	0.00692	0.00692	0.00615	0.00384	0.00923	0.00923	0.01230	0.01999	0.04151	0.02306	0.77705	0.03229	0.00615	0.00615	0.00923	0.00384	0.00384
10	0.01282	0.01213	0.02054	0.59924	0.19972	0.01431	0.01803	0.01694	0.01308	0.01722	0.01142	0.01664	0.00881	0.00619	0.00633	0.00206	0.00825	0.00564	0.00289	0.00772
11	0.01206	0.01058	0.01771	0.59428	0.08170	0.01277	0.01578	0.01513	0.01208	0.01565	0.01128	0.01722	0.00897	0.00884	0.00932	0.13372	0.00792	0.00562	0.00283	0.00654
12	0.08947	0.01656	0.01738	0.01377	0.01848	0.01851	0.01126	0.53454	0.15400	0.03659	0.01661	0.01634	0.01201	0.00765	0.00616	0.00195	0.00645	0.00578	0.00616	0.01033
13	0.27235	0.01345	0.01660	0.02058	0.27685	0.01462	0.01222	0.05374	0.16530	0.02548	0.01458	0.01613	0.01143	0.00655	0.00546	0.00194	0.00586	0.00529	0.05277	0.00882
14	0.01380	0.01238	0.01953	0.61310	0.09185	0.01488	0.01705	0.10578	0.01500	0.01958	0.01183	0.01661	0.00887	0.00645	0.00634	0.00207	0.00820	0.00565	0.00329	0.00775
15	0.10948	0.01593	0.02026	0.15131	0.04859	0.08232	0.12597	0.23871	0.01909	0.07158	0.01429	0.04853	0.01115	0.00721	0.00628	0.00199	0.00779	0.00616	0.00462	0.00873
16	0.01532	0.01439	0.02306	0.11319	0.32538	0.01476	0.10617	0.06658	0.07759	0.02170	0.01317	0.01628	0.01052	0.00619	0.00688	0.00188	0.04025	0.00577	0.00369	0.11723
17	0.24953	0.01463	0.01487	0.02953	0.01665	0.09822	0.06730	0.16454	0.01657	0.04080	0.01285	0.01479	0.00991	0.00713	0.00609	0.03739	0.00642	0.00487	0.10907	0.07886

[dist]
# distance from previous block
# <min> <max>
4	34

[block]
# block no. 6 follows, 35 sequences, length 6
# corresponding to MSA columns:
# 843-848
name=unknown_G
#
# <colnr> <probs for GDERKNQSTAVLIFYWHMCP>
#	G	D	E	R	K	N	Q	S	T	A	V	L	I	F	Y	W	H	M	C	P
0	0.01300	0.00954	0.01076	0.00963	0.01165	0.01000	0.00709	0.21151	0.01646	0.02177	0.02762	0.10688	0.14766	0.25335	0.11061	0.00439	0.00702	0.00951	0.00507	0.00646
1	0.02082	0.02329	0.22617	0.01576	0.02189	0.08983	0.01533	0.44978	0.02397	0.03191	0.01360	0.01434	0.00975	0.00706	0.00619	0.00191	0.00810	0.00526	0.00500	0.01005
2	0.02049	0.01031	0.01515	0.22584	0.02351	0.01033	0.01185	0.02354	0.01596	0.40533	0.02263	0.02918	0.01735	0.00915	0.00679	0.00218	0.00635	0.12916	0.00605	0.00884
3	0.01661	0.01723	0.03415	0.02457	0.03075	0.01669	0.58894	0.14468	0.01763	0.02383	0.01326	0.01678	0.00983	0.00575	0.00728	0.00210	0.01003	0.00717	0.00377	0.00896
4	0.01053	0.00846	0.01100	0.01020	0.01037	0.01022	0.00734	0.01127	0.00951	0.01352	0.01620	0.03108	0.01775	0.44674	0.13892	0.00580	0.22480	0.00780	0.00347	0.00501
5	0.01336	0.01202	0.01495	0.01147	0.01550	0.01159	0.00934	0.01577	0.01217	0.01913	0.01043	0.01336	0.00909	0.00653	0.00931	0.00146	0.22211	0.00427	0.00348	0.58466

[dist]
# distance from previous block
# <min> <max>
0	10

[block]
# block no. 7 follows, 35 sequences, length 24
# corresponding to MSA columns:
# 859-882
name=unknown_H
#
# <colnr> <probs for GDERKNQSTAVLIFYWHMCP>
#	G	D	E	R	K	N	Q	S	T	A	V	L	I	F	Y	W	H	M	C	P
0	0.01315	0.01128	0.01315	0.00940	0.01503	0.00846	0.00752	0.01597	0.01315	0.02067	0.01128	0.01315	0.00940	0.00470	0.00470	0.00094	0.00470	0.00376	0.00376	0.81583
1	0.01918	0.01234	0.01595	0.05996	0.01864	0.01286	0.04577	0.02791	0.29259	0.26071	0.04081	0.02143	0.01661	0.00797	0.00713	0.00201	0.04682	0.00657	0.00611	0.07863
2	0.01319	0.11561	0.66550	0.01728	0.02622	0.01588	0.02205	0.01997	0.01334	0.01952	0.01110	0.01304	0.00805	0.00596	0.00581	0.00194	0.00909	0.00454	0.00268	0.00924
3	0.01102	0.00551	0.00826	0.00826	0.00826	0.00551	0.00551	0.00826	0.00826	0.01102	0.01102	0.01928	0.01102	0.02204	0.02479	0.81543	0.00551	0.00551	0.00275	0.00275
4	0.00923	0.00615	0.00692	0.00692	0.00692	0.00615	0.00384	0.00923	0.00923	0.01230	0.01999	0.04151	0.02306	0.77705	0.03229	0.00615	0.00615	0.00923	0.00384	0.00384
5	0.02370	0.03023	0.01798	0.01634	0.01961	0.75158	0.01226	0.02533	0.01798	0.01553	0.00981	0.01144	0.00817	0.00654	0.00572	0.00163	0.01144	0.00409	0.00327	0.00735
6	0.01964	0.01536	0.01754	0.01328	0.01849	0.01563	0.03818	0.41554	0.07095	0.03203	0.01457	0.01520	0.01087	0.00665	0.00586	0.00162	0.00625	0.00525	0.00539	0.27171
7	0.07569	0.01378	0.02085	0.24612	0.35075	0.01512	0.01646	0.06986	0.08932	0.02196	0.01320	0.01646	0.01037	0.00632	0.00615	0.00199	0.00731	0.00565	0.00368	0.00897
8	0.01709	0.00897	0.01153	0.00982	0.01285	0.00843	0.00773	0.02171	0.10472	0.29317	0.38255	0.03485	0.03841	0.01052	0.00694	0.00200	0.00414	0.00904	0.00724	0.00828
9	0.01051	0.00783	0.00966	0.03556	0.01191	0.00780	0.00702	0.01558	0.13044	0.04645	0.42565	0.11919	0.12186	0.01293	0.00731	0.00210	0.00369	0.01131	0.00654	0.00667
10	0.05785	0.01377	0.01850	0.01592	0.01641	0.01887	0.01321	0.01683	0.06351	0.01683	0.00967	0.01442	0.00908	0.01063	0.01882	0.00268	0.66713	0.00556	0.00311	0.00717
11	0.00805	0.00589	0.00807	0.04702	0.01111	0.00570	0.00667	0.00939	0.01228	0.01631	0.03371	0.70471	0.04003	0.01909	0.00804	0.00257	0.00401	0.04634	0.00573	0.00528
12	0.01371	0.01340	0.01836	0.01583	0.01619	0.01831	0.01309	0.01644	0.06397	0.01675	0.05530	0.01672	0.01240	0.01103	0.01890	0.00268	0.66042	0.00605	0.00332	0.00711
13	0.02229	0.01777	0.01701	0.01359	0.01790	0.11767	0.01099	0.52127	0.02584	0.03430	0.01527	0.01592	0.01122	0.00744	0.00599	0.00181	0.00701	0.00552	0.12158	0.00962
14	0.00892	0.00648	0.00840	0.00792	0.00944	0.00596	0.00594	0.01185	0.01781	0.02510	0.70664	0.04795	0.08756	0.01310	0.00748	0.00200	0.00300	0.01155	0.00694	0.00596
15	0.50778	0.01169	0.01146	0.00951	0.01382	0.01229	0.00784	0.02350	0.01371	0.31088	0.01524	0.01477	0.01037	0.00667	0.00490	0.00196	0.00510	0.00460	0.00548	0.00842
16	0.01578	0.01363	0.01434	0.01291	0.01650	0.01578	0.01004	0.03371	0.72602	0.02654	0.02582	0.02367	0.01937	0.00861	0.00646	0.00215	0.00502	0.00717	0.00646	0.01004
17	0.01497	0.01711	0.03743	0.02674	0.03316	0.01604	0.71444	0.02032	0.01497	0.02032	0.01283	0.01711	0.00963	0.00535	0.00749	0.00214	0.01070	0.00749	0.00321	0.00856
18	0.01578	0.01363	0.01434	0.01291	0.01650	0.01578	0.01004	0.03371	0.72602	0.02654	0.02582	0.02367	0.01937	0.00861	0.00646	0.00215	0.00502	0.00717	0.00646	0.01004
19	0.01758	0.03660	0.02013	0.17161	0.09407	0.10647	0.10379	0.09093	0.05681	0.11828	0.03956	0.02205	0.05857	0.00774	0.00653	0.00200	0.00766	0.02655	0.00460	0.00848
20	0.01903	0.19313	0.05338	0.01231	0.01705	0.01520	0.04035	0.08845	0.13481	0.20483	0.01858	0.05618	0.01460	0.03599	0.00680	0.00197	0.00611	0.00622	0.00528	0.06974
21	0.04649	0.01161	0.01487	0.01367	0.06094	0.01266	0.01019	0.02213	0.15923	0.17689	0.04324	0.02110	0.01563	0.05339	0.07411	0.00298	0.15451	0.00632	0.00506	0.09499
22	0.08536	0.14917	0.13598	0.04212	0.06767	0.01582	0.08696	0.13961	0.01611	0.02335	0.01425	0.05882	0.01216	0.00727	0.00577	0.00186	0.00702	0.02583	0.06458	0.04031
23	0.01572	0.16199	0.07694	0.05414	0.05040	0.07228	0.01185	0.11496	0.04116	0.02124	0.01500	0.04046	0.01346	0.00921	0.03523	0.00206	0.00723	0.07758	0.00407	0.17500

[dist]
# distance from previous block
# <min> <max>
1	26

[block]
# block no. 8 follows, 35 sequences, length 6
# corresponding to MSA columns:
# 913-918
name=unknown_I
#
# <colnr> <probs for GDERKNQSTAVLIFYWHMCP>
#	G	D	E	R	K	N	Q	S	T	A	V	L	I	F	Y	W	H	M	C	P
0	0.06693	0.01173	0.01558	0.06312	0.01815	0.01225	0.07805	0.14075	0.10927	0.09265	0.02036	0.16462	0.01832	0.01360	0.08275	0.00289	0.00712	0.00834	0.00523	0.06829
1	0.01389	0.10334	0.01778	0.05231	0.09010	0.01286	0.05508	0.11418	0.01518	0.02087	0.08420	0.02276	0.01724	0.11425	0.13128	0.00366	0.00817	0.00648	0.00412	0.11225
2	0.01070	0.00683	0.00923	0.00910	0.01003	0.00709	0.00657	0.06189	0.01151	0.01542	0.02151	0.12755	0.09042	0.02633	0.19793	0.36297	0.00795	0.00836	0.00393	0.00466
3	0.01613	0.28355	0.18731	0.01308	0.01888	0.01803	0.01329	0.14447	0.05597	0.02183	0.01248	0.01418	0.01003	0.00977	0.07087	0.00238	0.00799	0.00465	0.00374	0.09135
4	0.20398	0.09044	0.06235	0.06237	0.01811	0.07542	0.01091	0.19403	0.05653	0.02559	0.01606	0.01754	0.05645	0.01084	0.07112	0.00262	0.00762	0.00542	0.00443	0.00816
5	0.09733	0.01572	0.10971	0.01220	0.01672	0.01440	0.01100	0.29844	0.08254	0.06666	0.01726	0.04166	0.01315	0.00769	0.00575	0.00188	0.00593	0.00595	0.16701	0.00900

[dist]
# distance from previous block
# <min> <max>
87	300

[block]
# block no. 9 follows, 35 sequences, length 9
# corresponding to MSA columns:
# 1364-1372
name=unknown_J
#
# <colnr> <probs for GDERKNQSTAVLIFYWHMCP>
#	G	D	E	R	K	N	Q	S	T	A	V	L	I	F	Y	W	H	M	C	P
0	0.18659	0.01887	0.10235	0.01531	0.06493	0.16332	0.04367	0.10273	0.06908	0.02389	0.07183	0.01823	0.04143	0.00761	0.00655	0.00196	0.04351	0.00572	0.00430	0.00812
1	0.18137	0.01756	0.01388	0.01211	0.01574	0.23615	0.00947	0.11477	0.10513	0.08948	0.01978	0.01980	0.08492	0.00794	0.00571	0.00187	0.00695	0.00580	0.04349	0.00808
2	0.16494	0.01350	0.01561	0.01483	0.08921	0.06130	0.05058	0.15868	0.01723	0.06875	0.09034	0.09662	0.05947	0.00928	0.00695	0.00203	0.04320	0.00753	0.00505	0.02491
3	0.06124	0.01969	0.01613	0.01332	0.01771	0.27693	0.01045	0.17484	0.07757	0.05181	0.01323	0.01405	0.01020	0.00650	0.00559	0.00159	0.00767	0.00467	0.00454	0.21227
4	0.09350	0.01755	0.01626	0.08993	0.01962	0.22863	0.04507	0.13178	0.03337	0.02138	0.01380	0.06026	0.01239	0.08475	0.00914	0.00229	0.03809	0.00604	0.00408	0.07208
5	0.01559	0.01472	0.08734	0.01308	0.01704	0.01453	0.01119	0.08335	0.46115	0.05283	0.02213	0.02208	0.01686	0.01424	0.12127	0.00335	0.00747	0.00672	0.00565	0.00939
6	0.01598	0.09374	0.09894	0.07375	0.49520	0.01636	0.01831	0.07500	0.01531	0.02136	0.01179	0.01494	0.00962	0.00586	0.00604	0.00186	0.00766	0.00533	0.00329	0.00967
7	0.08121	0.08464	0.00964	0.00723	0.00973	0.00825	0.00575	0.01173	0.01441	0.01956	0.14883	0.04700	0.45174	0.01308	0.00663	0.00198	0.00367	0.01073	0.05826	0.00590
8	0.01069	0.00752	0.00910	0.00861	0.00952	0.00797	0.00587	0.08216	0.01221	0.01669	0.07038	0.03505	0.02265	0.45846	0.21013	0.00644	0.00875	0.00841	0.00421	0.00517

[dist]
# distance from previous block
# <min> <max>
0	45

[block]
# block no. 10 follows, 35 sequences, length 19
# corresponding to MSA columns:
# 1420-1438
name=unknown_K
#
# <colnr> <probs for GDERKNQSTAVLIFYWHMCP>
#	G	D	E	R	K	N	Q	S	T	A	V	L	I	F	Y	W	H	M	C	P
0	0.01454	0.01365	0.01885	0.01507	0.01854	0.09149	0.19630	0.13217	0.01851	0.02443	0.26964	0.10774	0.03084	0.01009	0.00717	0.00204	0.00669	0.00936	0.00535	0.00753
