[name]
unknown

[dist]
# distance from previous block
# <min> <max>
0	13

[block]
# block no. 0 follows, 34 sequences, length 16
# corresponding to MSA columns:
# 13-28
name=unknown_A
#
# <colnr> <probs for GDERKNQSTAVLIFYWHMCP>
#	G	D	E	R	K	N	Q	S	T	A	V	L	I	F	Y	W	H	M	C	P
0	0.01041	0.00744	0.01041	0.01190	0.01339	0.00744	0.01041	0.01339	0.01487	0.01934	0.03421	0.07288	0.03719	0.01785	0.00892	0.00297	0.00595	0.68913	0.00595	0.00595
1	0.01419	0.15170	0.59197	0.01716	0.02576	0.05231	0.02128	0.02054	0.01379	0.01940	0.01110	0.01302	0.00821	0.00607	0.00581	0.00192	0.00923	0.00453	0.00276	0.00925
2	0.00999	0.00731	0.00899	0.00880	0.01088	0.00627	0.00644	0.01184	0.01386	0.04861	0.09571	0.37377	0.16206	0.01532	0.00736	0.00215	0.00396	0.03826	0.00575	0.16266
3	0.01571	0.01420	0.05681	0.11418	0.02493	0.03471	0.23532	0.02092	0.07407	0.11400	0.05057	0.07431	0.01632	0.00777	0.00675	0.00202	0.00754	0.00755	0.05375	0.06857
4	0.01770	0.62912	0.06128	0.01204	0.01742	0.09593	0.01170	0.02086	0.05289	0.01614	0.01015	0.01139	0.00892	0.00585	0.00453	0.00148	0.00739	0.00379	0.00303	0.00837
5	0.01098	0.01001	0.03123	0.01060	0.01353	0.00936	0.06326	0.03843	0.15506	0.02132	0.11891	0.04689	0.35544	0.03451	0.00814	0.00232	0.00476	0.05239	0.00588	0.00700
6	0.01133	0.01036	0.01146	0.01110	0.01249	0.10524	0.00853	0.01340	0.01207	0.01581	0.05667	0.04912	0.05576	0.05912	0.48708	0.00758	0.05554	0.00752	0.00383	0.00599
7	0.00925	0.00685	0.01003	0.01003	0.01106	0.00789	0.00764	0.01131	0.01028	0.01474	0.01763	0.02717	0.01693	0.12497	0.67187	0.00995	0.01614	0.00718	0.00351	0.00557
8	0.02235	0.13648	0.02165	0.01790	0.09475	0.41726	0.01301	0.16205	0.01959	0.02129	0.01118	0.01270	0.00906	0.00662	0.00577	0.00171	0.00962	0.00456	0.00386	0.00860
9	0.01528	0.01461	0.02477	0.11610	0.63182	0.01488	0.01908	0.01909	0.01452	0.02048	0.01402	0.01781	0.03627	0.00622	0.00645	0.00195	0.00762	0.00604	0.00326	0.00973
10	0.07875	0.19802	0.10769	0.01270	0.01824	0.05297	0.01193	0.10996	0.01756	0.30627	0.01670	0.01608	0.01158	0.00695	0.00568	0.00183	0.00680	0.00515	0.00541	0.00972
11	0.01403	0.21825	0.56401	0.01659	0.02514	0.01763	0.02069	0.02019	0.01351	0.01915	0.01095	0.01283	0.00821	0.00599	0.00564	0.00188	0.00889	0.00445	0.00274	0.00924
12	0.00924	0.00688	0.01018	0.01018	0.01126	0.00797	0.00782	0.01141	0.01032	0.01485	0.01749	0.02642	0.01660	0.09275	0.70364	0.01013	0.01663	0.00707	0.00349	0.00566
13	0.00914	0.00660	0.00864	0.00813	0.00965	0.00610	0.00610	0.01219	0.01829	0.02591	0.72921	0.04827	0.06097	0.01321	0.00762	0.00203	0.00305	0.01169	0.00711	0.00610
14	0.01296	0.03342	0.73944	0.01842	0.02797	0.01501	0.02387	0.02046	0.01364	0.02046	0.01160	0.01364	0.00818	0.00614	0.00614	0.00205	0.00955	0.00477	0.00273	0.00955
15	0.01607	0.01388	0.01461	0.01315	0.01680	0.01607	0.01023	0.03433	0.72094	0.02703	0.02630	0.02411	0.01972	0.00877	0.00657	0.00219	0.00511	0.00731	0.00657	0.01023

[dist]
# distance from previous block
# <min> <max>
0	10

[block]
# block no. 1 follows, 34 sequences, length 55
# corresponding to MSA columns:
# 39-93
name=unknown_B
#
# <colnr> <probs for GDERKNQSTAVLIFYWHMCP>
#	G	D	E	R	K	N	Q	S	T	A	V	L	I	F	Y	W	H	M	C	P
0	0.02766	0.01129	0.01496	0.01167	0.01653	0.01018	0.00957	0.03178	0.09098	0.66381	0.02557	0.02221	0.01638	0.00808	0.00651	0.00202	0.00546	0.00658	0.00785	0.01092
1	0.02456	0.01810	0.01939	0.01487	0.02004	0.02004	0.01228	0.71107	0.03038	0.04072	0.01551	0.01551	0.01099	0.00776	0.00646	0.00194	0.00711	0.00582	0.00646	0.01099
2	0.81856	0.01250	0.00950	0.00850	0.01250	0.01449	0.00700	0.01899	0.01100	0.02899	0.00900	0.01050	0.00700	0.00600	0.00400	0.00200	0.00500	0.00350	0.00400	0.00700
3	0.02414	0.03079	0.01831	0.01665	0.01998	0.74698	0.01248	0.02580	0.01831	0.01581	0.00999	0.01165	0.00832	0.00666	0.00583	0.00166	0.01165	0.00416	0.00333	0.00749
4	0.01583	0.01518	0.02593	0.07101	0.70256	0.01531	0.01975	0.01968	0.01463	0.02091	0.01212	0.01605	0.01016	0.00579	0.00640	0.00193	0.00772	0.00576	0.00318	0.01010
5	0.00914	0.00660	0.00864	0.00813	0.00965	0.00610	0.00610	0.01219	0.01829	0.02591	0.72921	0.04827	0.06097	0.01321	0.00762	0.00203	0.00305	0.01169	0.00711	0.00610
6	0.02140	0.01557	0.01599	0.01272	0.01690	0.04522	0.01034	0.50935	0.02568	0.03556	0.01669	0.01751	0.01228	0.00766	0.00595	0.00182	0.00626	0.00580	0.20768	0.00960
7	0.01232	0.01161	0.01960	0.73452	0.06643	0.01439	0.01800	0.01661	0.01298	0.01666	0.01151	0.01719	0.00866	0.00644	0.00646	0.00215	0.00858	0.00574	0.00288	0.00728
8	0.01471	0.01641	0.03464	0.05758	0.03195	0.01601	0.59797	0.01963	0.01464	0.01996	0.01367	0.05030	0.01111	0.00656	0.00858	0.00224	0.06445	0.00787	0.00334	0.00838
9	0.01607	0.01388	0.01461	0.01315	0.01680	0.01607	0.01023	0.03433	0.72094	0.02703	0.02630	0.02411	0.01972	0.00877	0.00657	0.00219	0.00511	0.00731	0.00657	0.01023
10	0.00903	0.00657	0.00834	0.00791	0.00938	0.00605	0.00584	0.01174	0.01734	0.02421	0.62033	0.04903	0.11612	0.06864	0.00946	0.00235	0.00330	0.01169	0.00678	0.00588
11	0.00787	0.00562	0.00750	0.00900	0.00937	0.00525	0.00600	0.00900	0.01237	0.01649	0.03561	0.76871	0.04274	0.02024	0.00825	0.00262	0.00375	0.01837	0.00600	0.00525
12	0.01184	0.00609	0.00634	0.00634	0.00782	0.00617	0.00478	0.01480	0.01332	0.02343	0.02080	0.02418	0.01653	0.01050	0.05844	0.00215	0.00405	0.00609	0.75033	0.00600
13	0.81856	0.01250	0.00950	0.00850	0.01250	0.01449	0.00700	0.01899	0.01100	0.02899	0.00900	0.01050	0.00700	0.00600	0.00400	0.00200	0.00500	0.00350	0.00400	0.00700
14	0.02488	0.01758	0.01907	0.01462	0.01978	0.01927	0.01208	0.66174	0.02952	0.09128	0.01624	0.01598	0.01135	0.00777	0.00647	0.00194	0.00699	0.00587	0.00658	0.01099
15	0.01525	0.01743	0.03813	0.02723	0.03377	0.01634	0.70915	0.02070	0.01525	0.02070	0.01307	0.01743	0.00980	0.00545	0.00763	0.00218	0.01089	0.00763	0.00327	0.00871
16	0.02414	0.03079	0.01831	0.01665	0.01998	0.74698	0.01248	0.02580	0.01831	0.01581	0.00999	0.01165	0.00832	0.00666	0.00583	0.00166	0.01165	0.00416	0.00333	0.00749
17	0.00764	0.00655	0.00655	0.00655	0.00873	0.00545	0.00491	0.00927	0.01473	0.01745	0.06546	0.06218	0.73000	0.01636	0.00764	0.00218	0.00327	0.01364	0.00600	0.00545
18	0.00874	0.00652	0.00812	0.00787	0.00944	0.00590	0.00585	0.01136	0.01713	0.02349	0.54224	0.10343	0.19734	0.01437	0.00767	0.00211	0.00315	0.01257	0.00680	0.00590
19	0.00787	0.00562	0.00750	0.00900	0.00937	0.00525	0.00600	0.00900	0.01237	0.01649	0.03561	0.76871	0.04274	0.02024	0.00825	0.00262	0.00375	0.01837	0.00600	0.00525
20	0.01733	0.01907	0.02349	0.01906	0.02158	0.19361	0.16795	0.05547	0.01417	0.01807	0.01023	0.01434	0.00887	0.00871	0.01373	0.00236	0.37525	0.00574	0.00324	0.00774
21	0.81856	0.01250	0.00950	0.00850	0.01250	0.01449	0.00700	0.01899	0.01100	0.02899	0.00900	0.01050	0.00700	0.00600	0.00400	0.00200	0.00500	0.00350	0.00400	0.00700
22	0.01599	0.01535	0.02623	0.03966	0.73262	0.01535	0.01983	0.01983	0.01471	0.02111	0.01215	0.01599	0.01023	0.00576	0.00640	0.00192	0.00768	0.00576	0.00320	0.01023
23	0.00992	0.00704	0.00878	0.00825	0.00992	0.00677	0.00622	0.01400	0.06581	0.02580	0.60811	0.04412	0.05357	0.01232	0.00723	0.00199	0.00319	0.01080	0.08981	0.00637
24	0.00768	0.00655	0.00661	0.00660	0.00876	0.00547	0.00495	0.00936	0.01484	0.01772	0.08625	0.06175	0.70903	0.01627	0.00764	0.00218	0.00327	0.01358	0.00603	0.00547
25	0.00908	0.00660	0.00855	0.00806	0.00961	0.00607	0.00604	0.01207	0.01813	0.02554	0.70022	0.04887	0.09019	0.01335	0.00762	0.00204	0.00306	0.01177	0.00706	0.00607
26	0.01525	0.04717	0.03663	0.02585	0.03187	0.01695	0.63113	0.02027	0.01478	0.02011	0.01258	0.01691	0.00965	0.00588	0.00847	0.00219	0.06520	0.00732	0.00322	0.00858
27	0.02281	0.01729	0.01887	0.01556	0.04764	0.01919	0.01224	0.57135	0.14449	0.03767	0.01717	0.01696	0.01241	0.00785	0.00648	0.00198	0.00680	0.00606	0.00635	0.01083
28	0.22000	0.52707	0.08089	0.01096	0.01641	0.02196	0.01099	0.01934	0.01263	0.01909	0.00918	0.01065	0.00796	0.00569	0.00426	0.00159	0.00662	0.00357	0.00307	0.00806
29	0.02718	0.01126	0.01490	0.01153	0.01629	0.01012	0.00948	0.08611	0.01946	0.62806	0.07576	0.02337	0.01885	0.00836	0.00658	0.00200	0.00545	0.00682	0.00781	0.01064
30	0.00764	0.00655	0.00655	0.00655	0.00873	0.00545	0.00491	0.00927	0.01473	0.01745	0.06546	0.06218	0.73000	0.01636	0.00764	0.00218	0.00327	0.01364	0.00600	0.00545
31	0.00764	0.00655	0.00655	0.00655	0.00873	0.00545	0.00491	0.00927	0.01473	0.01745	0.06546	0.06218	0.73000	0.01636	0.00764	0.00218	0.00327	0.01364	0.00600	0.00545
32	0.01220	0.01148	0.01938	0.75739	0.04450	0.01436	0.01794	0.01651	0.01292	0.01651	0.01148	0.01723	0.00861	0.00646	0.00646	0.00215	0.00861	0.00574	0.00287	0.00718
33	0.79199	0.01245	0.00968	0.00860	0.01263	0.01433	0.00708	0.01941	0.01125	0.05283	0.00955	0.01088	0.00730	0.00607	0.00408	0.00200	0.00502	0.00360	0.00413	0.00713
34	0.01727	0.77681	0.03386	0.01106	0.01658	0.02557	0.01106	0.01935	0.01313	0.01520	0.00898	0.01036	0.00829	0.00553	0.00415	0.00138	0.00691	0.00345	0.00276	0.00829
35	0.00787	0.00562	0.00750	0.00900	0.00937	0.00525	0.00600	0.00900	0.01237	0.01649	0.03561	0.76871	0.04274	0.02024	0.00825	0.00262	0.00375	0.01837	0.00600	0.00525
36	0.02899	0.01100	0.01499	0.01150	0.01649	0.00950	0.00950	0.03149	0.01849	0.73709	0.02549	0.02199	0.01599	0.00800	0.00650	0.00200	0.00550	0.00650	0.00800	0.01100
37	0.02419	0.02777	0.01819	0.01613	0.01961	0.61197	0.01230	0.07563	0.01891	0.07319	0.01153	0.01282	0.00911	0.00700	0.00646	0.00175	0.03703	0.00451	0.00390	0.00800
38	0.00914	0.00660	0.00864	0.00813	0.00965	0.00610	0.00610	0.01219	0.01829	0.02591	0.72921	0.04827	0.06097	0.01321	0.00762	0.00203	0.00305	0.01169	0.00711	0.00610
39	0.01329	0.01259	0.02134	0.55228	0.24115	0.01464	0.01848	0.01746	0.01343	0.01782	0.01168	0.01687	0.00908	0.00626	0.00644	0.00209	0.00835	0.00575	0.00296	0.00805
40	0.01588	0.01282	0.01388	0.01243	0.01589	0.01448	0.00967	0.03141	0.59620	0.06397	0.11435	0.02702	0.02470	0.00928	0.00670	0.00216	0.00487	0.00781	0.00672	0.00975
41	0.81856	0.01250	0.00950	0.00850	0.01250	0.01449	0.00700	0.01899	0.01100	0.02899	0.00900	0.01050	0.00700	0.00600	0.00400	0.00200	0.00500	0.00350	0.00400	0.00700
42	0.01220	0.01148	0.01938	0.75739	0.04450	0.01436	0.01794	0.01651	0.01292	0.01651	0.01148	0.01723	0.00861	0.00646	0.00646	0.00215	0.00861	0.00574	0.00287	0.00718
43	0.00924	0.00687	0.01012	0.01012	0.01118	0.00793	0.00775	0.01137	0.01031	0.01480	0.01755	0.02672	0.01673	0.10573	0.69084	0.01006	0.01643	0.00712	0.00350	0.00562
44	0.01333	0.00727	0.00740	0.00693	0.00882	0.00746	0.00532	0.08670	0.01528	0.02580	0.02051	0.02321	0.01599	0.00755	0.00472	0.00155	0.00343	0.00600	0.72620	0.00653
45	0.00802	0.00656	0.00708	0.00695	0.00896	0.00562	0.00521	0.01001	0.01563	0.01960	0.23366	0.05866	0.56046	0.01556	0.00763	0.00214	0.00322	0.01314	0.00628	0.00562
46	0.00769	0.00655	0.00662	0.00660	0.00876	0.00548	0.00495	0.00937	0.01485	0.01775	0.08864	0.06170	0.70662	0.01625	0.00764	0.00218	0.00326	0.01357	0.00604	0.00548
47	0.14046	0.01728	0.01795	0.01394	0.01894	0.01923	0.01151	0.61005	0.02755	0.03901	0.01456	0.01478	0.01041	0.00750	0.00610	0.00195	0.00680	0.00548	0.00610	0.01041
48	0.01679	0.01647	0.02525	0.03654	0.63738	0.06564	0.01889	0.04404	0.01535	0.02126	0.01201	0.01562	0.01008	0.00606	0.00681	0.00193	0.03096	0.00565	0.00331	0.00998
49	0.11987	0.07944	0.10443	0.11757	0.02297	0.37650	0.01389	0.02203	0.01528	0.01806	0.01011	0.01255	0.00819	0.00665	0.00640	0.00186	0.04894	0.00440	0.00321	0.00767
50	0.02628	0.01201	0.01529	0.01186	0.01658	0.01129	0.00974	0.16572	0.02085	0.53251	0.08804	0.02311	0.01912	0.00843	0.00659	0.00199	0.00560	0.00684	0.00761	0.01055
51	0.00904	0.00658	0.00837	0.00793	0.00940	0.00606	0.00586	0.01177	0.01740	0.02434	0.62904	0.04894	0.11056	0.06536	0.00935	0.00233	0.00329	0.01168	0.00681	0.00590
52	0.00898	0.00806	0.00774	0.00781	0.00971	0.05616	0.00574	0.01070	0.01501	0.01818	0.13429	0.16917	0.49371	0.01595	0.00761	0.00220	0.00389	0.01351	0.00595	0.00564
53	0.01247	0.01165	0.01905	0.70655	0.04261	0.01447	0.01742	0.01773	0.06129	0.01723	0.01250	0.01770	0.00937	0.00662	0.00647	0.00216	0.00837	0.00585	0.00312	0.00739
54	0.01413	0.01280	0.01373	0.01005	0.01563	0.05906	0.00799	0.01692	0.01373	0.02070	0.01138	0.01328	0.00949	0.00491	0.00486	0.00101	0.00525	0.00385	0.00379	0.75743

[dist]
# distance from previous block
# <min> <max>
0	3

[block]
# block no. 2 follows, 34 sequences, length 78
# corresponding to MSA columns:
# 97-174
name=unknown_C
#
# <colnr> <probs for GDERKNQSTAVLIFYWHMCP>
#	G	D	E	R	K	N	Q	S	T	A	V	L	I	F	Y	W	H	M	C	P
0	0.01535	0.01520	0.02800	0.08156	0.46281	0.01509	0.20550	0.01961	0.01468	0.02084	0.01280	0.01686	0.01032	0.00581	0.00664	0.00198	0.00838	0.00627	0.04286	0.00942
1	0.00940	0.00626	0.00705	0.00705	0.00705	0.00626	0.00392	0.00940	0.00940	0.01253	0.02036	0.04228	0.02349	0.77292	0.03289	0.00626	0.00626	0.00940	0.00392	0.00392
2	0.02380	0.01801	0.01874	0.01455	0.01940	0.04757	0.01188	0.64993	0.02888	0.03837	0.01554	0.01668	0.01150	0.04538	0.00774	0.00214	0.00724	0.00593	0.00622	0.01050
3	0.01568	0.01474	0.02456	0.17751	0.56420	0.01539	0.01909	0.05322	0.01514	0.02118	0.01219	0.01621	0.00996	0.00599	0.00641	0.00197	0.00783	0.00576	0.00330	0.00968
4	0.77947	0.01277	0.00998	0.00881	0.01287	0.01477	0.00726	0.05307	0.01195	0.02957	0.00932	0.01074	0.00719	0.00608	0.00412	0.00200	0.00510	0.00361	0.00412	0.00719
5	0.00889	0.00657	0.00817	0.00778	0.00933	0.00599	0.00575	0.01150	0.01711	0.02359	0.56829	0.05036	0.17714	0.06027	0.00917	0.00232	0.00328	0.01189	0.00672	0.00585
6	0.02820	0.01117	0.01497	0.01160	0.01651	0.00990	0.00954	0.03166	0.06149	0.69363	0.02554	0.02212	0.01622	0.00804	0.00650	0.00201	0.00547	0.00655	0.00791	0.01095
7	0.00940	0.00626	0.00705	0.00705	0.00705	0.00626	0.00392	0.00940	0.00940	0.01253	0.02036	0.04228	0.02349	0.77292	0.03289	0.00626	0.00626	0.00940	0.00392	0.00392
8	0.00940	0.00626	0.00705	0.00705	0.00705	0.00626	0.00392	0.00940	0.00940	0.01253	0.02036	0.04228	0.02349	0.77292	0.03289	0.00626	0.00626	0.00940	0.00392	0.00392
9	0.01340	0.01148	0.01340	0.00957	0.01531	0.00861	0.00766	0.01627	0.01340	0.02105	0.01148	0.01340	0.00957	0.00479	0.00479	0.00096	0.00479	0.00383	0.00383	0.81242
10	0.00827	0.00598	0.00782	0.00914	0.00981	0.00561	0.00647	0.00966	0.01282	0.01684	0.03732	0.58683	0.09741	0.04552	0.00914	0.00276	0.00411	0.11324	0.00592	0.00532
11	0.01528	0.01462	0.02307	0.01846	0.02108	0.01737	0.19180	0.05301	0.10491	0.03783	0.03259	0.01955	0.01300	0.00951	0.01395	0.00250	0.36822	0.03119	0.00395	0.00812
12	0.00932	0.00701	0.00893	0.00988	0.01153	0.00662	0.00824	0.01176	0.01478	0.01875	0.06517	0.11129	0.26158	0.01738	0.00843	0.00267	0.00487	0.41003	0.00600	0.00575
13	0.81856	0.01250	0.00950	0.00850	0.01250	0.01449	0.00700	0.01899	0.01100	0.02899	0.00900	0.01050	0.00700	0.00600	0.00400	0.00200	0.00500	0.00350	0.00400	0.00700
14	0.01710	0.66091	0.11192	0.01212	0.01800	0.05623	0.01255	0.01976	0.01341	0.01582	0.00932	0.01079	0.00828	0.00565	0.00444	0.00147	0.00741	0.00363	0.00278	0.00840
15	0.01396	0.01388	0.01945	0.01673	0.01677	0.01937	0.01392	0.01541	0.00991	0.01553	0.00880	0.01454	0.00876	0.01265	0.04737	0.00310	0.73429	0.00570	0.00285	0.00702
16	0.00971	0.00720	0.00912	0.00854	0.01024	0.00691	0.00643	0.01400	0.07568	0.02600	0.67180	0.04629	0.05760	0.01285	0.00754	0.00205	0.00322	0.01133	0.00707	0.00643
17	0.00935	0.00645	0.00799	0.00799	0.00832	0.00678	0.00510	0.01000	0.00968	0.01323	0.01949	0.03749	0.02141	0.56730	0.23567	0.00743	0.00940	0.00869	0.00379	0.00444
18	0.00878	0.00659	0.00813	0.00775	0.00943	0.00594	0.00581	0.01149	0.01743	0.02388	0.56944	0.05162	0.22200	0.01397	0.00762	0.00207	0.00310	0.01215	0.00684	0.00594
19	0.81856	0.01250	0.00950	0.00850	0.01250	0.01449	0.00700	0.01899	0.01100	0.02899	0.00900	0.01050	0.00700	0.00600	0.00400	0.00200	0.00500	0.00350	0.00400	0.00700
20	0.01296	0.03342	0.73944	0.01842	0.02797	0.01501	0.02387	0.02046	0.01364	0.02046	0.01160	0.01364	0.00818	0.00614	0.00614	0.00205	0.00955	0.00477	0.00273	0.00955
21	0.30659	0.10197	0.01749	0.25773	0.04353	0.11921	0.01237	0.01910	0.01297	0.02088	0.01002	0.01310	0.00799	0.00633	0.00562	0.00195	0.02800	0.00444	0.00334	0.00736
22	0.02607	0.01477	0.01722	0.01330	0.01832	0.01522	0.01096	0.37876	0.06033	0.34524	0.02044	0.01879	0.01363	0.00791	0.00648	0.00198	0.00630	0.00619	0.00714	0.01095
23	0.00930	0.00666	0.00831	0.00793	0.00963	0.00601	0.00593	0.01193	0.01723	0.04299	0.53359	0.08827	0.19999	0.01410	0.00763	0.00209	0.00320	0.01231	0.00684	0.00605
24	0.00904	0.00660	0.00850	0.00802	0.00959	0.00605	0.00602	0.01200	0.01805	0.02535	0.68487	0.04919	0.10566	0.01342	0.00762	0.00204	0.00306	0.01182	0.00704	0.00605
25	0.02436	0.02407	0.01888	0.01570	0.02001	0.36178	0.01238	0.38893	0.02471	0.02901	0.01292	0.01370	0.00974	0.00724	0.00616	0.00181	0.00925	0.00504	0.00499	0.00934
26	0.02899	0.01100	0.01499	0.01150	0.01649	0.00950	0.00950	0.03149	0.01849	0.73709	0.02549	0.02199	0.01599	0.00800	0.00650	0.00200	0.00550	0.00650	0.00800	0.01100
27	0.06751	0.01128	0.01486	0.01145	0.01640	0.01006	0.00946	0.05111	0.01848	0.68169	0.02439	0.02124	0.01540	0.00789	0.00637	0.00200	0.00552	0.00633	0.00776	0.01080
28	0.03791	0.01018	0.01186	0.01055	0.01322	0.03391	0.03012	0.12397	0.03937	0.07578	0.23743	0.13148	0.15148	0.01286	0.00732	0.00217	0.00482	0.05198	0.00632	0.00727
29	0.00863	0.00658	0.00792	0.00759	0.00934	0.00588	0.00569	0.01119	0.01707	0.02301	0.50174	0.05303	0.29024	0.01429	0.00763	0.00208	0.00313	0.01235	0.00673	0.00588
30	0.81856	0.01250	0.00950	0.00850	0.01250	0.01449	0.00700	0.01899	0.01100	0.02899	0.00900	0.01050	0.00700	0.00600	0.00400	0.00200	0.00500	0.00350	0.00400	0.00700
31	0.02453	0.01907	0.01931	0.01500	0.02003	0.07580	0.01230	0.65851	0.02945	0.03881	0.01509	0.01522	0.01078	0.00767	0.00641	0.00192	0.00746	0.00569	0.00622	0.01072
32	0.00926	0.00681	0.00980	0.00980	0.01076	0.00776	0.00735	0.01117	0.01021	0.01457	0.01784	0.02832	0.01743	0.17433	0.62319	0.00967	0.01539	0.00735	0.00354	0.00545
33	0.00910	0.00660	0.00858	0.00808	0.00963	0.00608	0.00606	0.01211	0.01819	0.02567	0.71063	0.04865	0.07969	0.01330	0.00762	0.00204	0.00305	0.01174	0.00708	0.00608
34	0.00940	0.00717	0.01071	0.01061	0.01172	0.00848	0.00829	0.01168	0.01037	0.01502	0.01700	0.02500	0.01589	0.04718	0.72229	0.01012	0.04294	0.00688	0.00344	0.00581
35	0.00768	0.00655	0.00661	0.00659	0.00876	0.00547	0.00494	0.00936	0.01483	0.01771	0.08543	0.06176	0.70986	0.01627	0.00764	0.00218	0.00327	0.01358	0.00603	0.00547
36	0.81856	0.01250	0.00950	0.00850	0.01250	0.01449	0.00700	0.01899	0.01100	0.02899	0.00900	0.01050	0.00700	0.00600	0.00400	0.00200	0.00500	0.00350	0.00400	0.00700
37	0.01624	0.01593	0.02563	0.06247	0.67697	0.04896	0.01943	0.01999	0.01482	0.02071	0.01203	0.01583	0.01009	0.00582	0.00637	0.00192	0.00789	0.00568	0.00319	0.01001
38	0.02365	0.08339	0.01941	0.01625	0.01974	0.69612	0.01238	0.02535	0.01795	0.01577	0.00992	0.01156	0.00832	0.00658	0.00571	0.00164	0.01132	0.00411	0.00329	0.00755
39	0.01845	0.00841	0.01088	0.00917	0.01221	0.00757	0.00726	0.02125	0.01739	0.33724	0.27322	0.03171	0.03200	0.00974	0.00648	0.00191	0.00411	0.00823	0.17454	0.00823
40	0.00877	0.00656	0.00814	0.00781	0.00944	0.00593	0.00583	0.01145	0.01731	0.02374	0.56030	0.07613	0.20650	0.01414	0.00765	0.00209	0.00312	0.01234	0.00683	0.00593
41	0.00774	0.00649	0.00673	0.00680	0.00882	0.00548	0.00505	0.00943	0.01479	0.01789	0.10267	0.10659	0.64656	0.01643	0.00767	0.00220	0.00329	0.01382	0.00607	0.00548
42	0.81856	0.01250	0.00950	0.00850	0.01250	0.01449	0.00700	0.01899	0.01100	0.02899	0.00900	0.01050	0.00700	0.00600	0.00400	0.00200	0.00500	0.00350	0.00400	0.00700
43	0.01220	0.01148	0.01938	0.75739	0.04450	0.01436	0.01794	0.01651	0.01292	0.01651	0.01148	0.01723	0.00861	0.00646	0.00646	0.00215	0.00861	0.00574	0.00287	0.00718
44	0.01296	0.01189	0.01938	0.71194	0.04300	0.01470	0.01760	0.05902	0.01399	0.01799	0.01173	0.01712	0.00876	0.00654	0.00646	0.00214	0.00852	0.00575	0.00309	0.00741
45	0.01412	0.00802	0.00824	0.00749	0.00960	0.00835	0.00580	0.13044	0.01634	0.02685	0.02016	0.02267	0.01564	0.00757	0.00484	0.00158	0.00369	0.00599	0.67578	0.00685
46	0.01021	0.00778	0.00923	0.00868	0.01070	0.00757	0.00667	0.01438	0.09255	0.04397	0.37565	0.04895	0.26505	0.01366	0.00797	0.00215	0.02871	0.03305	0.00655	0.00651
47	0.00786	0.00566	0.00746	0.00889	0.00934	0.00526	0.00595	0.00901	0.01247	0.01654	0.03689	0.73852	0.07210	0.02008	0.00822	0.00261	0.00373	0.01817	0.00600	0.00526
48	0.01563	0.01499	0.02558	0.10746	0.66762	0.01526	0.01965	0.01952	0.01454	0.02067	0.01209	0.01611	0.01008	0.00582	0.00640	0.00194	0.00776	0.00576	0.00317	0.00995
49	0.01775	0.72721	0.03291	0.01130	0.01681	0.02521	0.01114	0.06457	0.01426	0.01687	0.00941	0.01070	0.00847	0.00567	0.00430	0.00142	0.00692	0.00361	0.00301	0.00847
50	0.01411	0.00844	0.00762	0.00726	0.00914	0.06954	0.00550	0.01698	0.01426	0.06702	0.02040	0.02290	0.01582	0.00748	0.00475	0.00155	0.00390	0.00589	0.69097	0.00645
51	0.01256	0.00669	0.00675	0.00657	0.00826	0.00683	0.00497	0.03482	0.04424	0.02467	0.02115	0.02386	0.01654	0.00759	0.00466	0.00155	0.00321	0.00607	0.75267	0.00634
52	0.00948	0.00729	0.00963	0.01016	0.02746	0.00740	0.00774	0.01172	0.01380	0.01842	0.15069	0.06663	0.18357	0.08514	0.16101	0.00439	0.03443	0.17995	0.00530	0.00579
53	0.00787	0.00655	0.00687	0.00679	0.00887	0.00555	0.00509	0.00973	0.01528	0.01877	0.16834	0.06003	0.62629	0.01587	0.00763	0.00216	0.00324	0.01333	0.00617	0.00555
54	0.01391	0.02968	0.62751	0.01738	0.02595	0.01399	0.02173	0.02068	0.01409	0.07219	0.01445	0.01908	0.01112	0.00723	0.00639	0.00212	0.00896	0.06080	0.00337	0.00936
55	0.01727	0.77681	0.03386	0.01106	0.01658	0.02557	0.01106	0.01935	0.01313	0.01520	0.00898	0.01036	0.00829	0.00553	0.00415	0.00138	0.00691	0.00345	0.00276	0.00829
56	0.35693	0.09526	0.01611	0.01268	0.01651	0.36976	0.01004	0.02232	0.01474	0.02129	0.00947	0.01104	0.00776	0.00627	0.00490	0.00178	0.00840	0.00381	0.00356	0.00736
57	0.02312	0.01288	0.01524	0.01251	0.01696	0.01326	0.01007	0.09633	0.31629	0.37199	0.02490	0.02228	0.01710	0.00830	0.00653	0.00207	0.00549	0.00678	0.00725	0.01067
58	0.00879	0.00659	0.00815	0.00776	0.00944	0.00595	0.00582	0.01151	0.01746	0.02395	0.57500	0.05150	0.21640	0.01394	0.00762	0.00207	0.00310	0.01214	0.00685	0.00595
59	0.00825	0.00599	0.00779	0.00857	0.00942	0.00553	0.00596	0.01001	0.01437	0.01949	0.25397	0.49774	0.09335	0.01779	0.00801	0.00241	0.00350	0.01597	0.00635	0.00553
60	0.01514	0.01143	0.01358	0.00978	0.01544	0.00871	0.00786	0.01797	0.01397	0.10088	0.01305	0.01436	0.01029	0.00514	0.00498	0.00107	0.00486	0.00413	0.00429	0.72308
61	0.01419	0.01146	0.01348	0.00967	0.01537	0.00866	0.00775	0.01704	0.01366	0.05751	0.01220	0.01384	0.00990	0.00495	0.00487	0.00101	0.00482	0.00396	0.00404	0.77162
62	0.01336	0.10180	0.67455	0.01774	0.02692	0.01598	0.02269	0.02036	0.01359	0.01998	0.01136	0.01334	0.00819	0.00608	0.00596	0.00199	0.00931	0.00465	0.00273	0.00943
63	0.01713	0.01364	0.01464	0.01301	0.01678	0.01553	0.01017	0.03410	0.66357	0.08502	0.02623	0.02393	0.01942	0.00870	0.00657	0.00218	0.00514	0.00724	0.00669	0.01029
64	0.01066	0.00856	0.00975	0.00911	0.01136	0.00864	0.00693	0.01748	0.20759	0.02417	0.37886	0.04508	0.21120	0.01277	0.00734	0.00211	0.00366	0.01097	0.00670	0.00706
65	0.00901	0.00656	0.00848	0.00808	0.00959	0.00603	0.00603	0.01190	0.01785	0.02507	0.66482	0.07978	0.09521	0.01368	0.00765	0.00207	0.00309	0.01207	0.00701	0.00603
66	0.03861	0.01178	0.01392	0.01020	0.01572	0.00957	0.00824	0.05745	0.01523	0.15747	0.01428	0.01506	0.01079	0.00559	0.00518	0.00124	0.00505	0.00443	0.00476	0.59542
67	0.02220	0.01652	0.01786	0.01363	0.01876	0.01757	0.01120	0.56699	0.02686	0.03676	0.01505	0.01549	0.01097	0.00725	0.00611	0.00176	0.00656	0.00549	0.03716	0.14583
68	0.00936	0.00641	0.00781	0.00781	0.00807	0.00668	0.00486	0.00988	0.00962	0.01309	0.01966	0.03843	0.02182	0.60782	0.19571	0.00720	0.00878	0.00883	0.00381	0.00434
69	0.01627	0.01228	0.01392	0.01283	0.01613	0.01357	0.01040	0.08709	0.41614	0.08060	0.02744	0.03640	0.02341	0.01108	0.00720	0.00237	0.00554	0.19164	0.00651	0.00919
70	0.01289	0.01234	0.01991	0.60939	0.12781	0.03128	0.01763	0.01691	0.01316	0.01704	0.01207	0.03629	0.00969	0.00688	0.00693	0.00215	0.03109	0.00603	0.00300	0.00751
71	0.00933	0.00662	0.00910	0.00908	0.00993	0.00719	0.00658	0.01064	0.01053	0.01462	0.04617	0.03219	0.06288	0.22300	0.43900	0.07403	0.01224	0.00801	0.00381	0.00506
72	0.20109	0.01523	0.01507	0.01245	0.01685	0.06544	0.01005	0.20909	0.18004	0.18292	0.01828	0.01748	0.01298	0.00757	0.00590	0.00200	0.00615	0.00567	0.00605	0.00968
73	0.55422	0.01262	0.01099	0.00940	0.01350	0.04410	0.00764	0.02083	0.01315	0.14740	0.05443	0.01489	0.01191	0.00671	0.00476	0.00192	0.00524	0.00454	0.00482	0.05694
74	0.02187	0.08426	0.02074	0.03960	0.10021	0.15358	0.01297	0.39687	0.02387	0.03037	0.04393	0.01586	0.01225	0.00733	0.00619	0.00185	0.00787	0.00555	0.00512	0.00970
75	0.23096	0.01140	0.01198	0.00924	0.01419	0.01000	0.00738	0.01656	0.01269	0.02292	0.01229	0.05884	0.01090	0.00606	0.00478	0.00134	0.00478	0.00463	0.00401	0.54504
76	0.28346	0.01289	0.01539	0.05278	0.04080	0.01361	0.05255	0.06449	0.12457	0.25057	0.01771	0.01746	0.01238	0.00714	0.00575	0.00204	0.00593	0.00561	0.00566	0.00920
77	0.01106	0.00950	0.01251	0.11864	0.08337	0.01002	0.00978	0.01641	0.13779	0.02070	0.15536	0.10644	0.22063	0.01236	0.00761	0.00221	0.02469	0.02831	0.00550	0.00712

[dist]
# distance from previous block
# <min> <max>
1	7

[block]
# block no. 3 follows, 34 sequences, length 26
# corresponding to MSA columns:
# 182-207
name=unknown_D
#
# <colnr> <probs for GDERKNQSTAVLIFYWHMCP>
#	G	D	E	R	K	N	Q	S	T	A	V	L	I	F	Y	W	H	M	C	P
0	0.26870	0.16775	0.19773	0.01273	0.01810	0.08856	0.01284	0.02056	0.06013	0.02169	0.01152	0.01340	0.00922	0.00940	0.06112	0.00250	0.00810	0.00439	0.00351	0.00806
1	0.01411	0.21697	0.18308	0.01337	0.05123	0.03416	0.01226	0.04247	0.08280	0.01808	0.01631	0.02312	0.03262	0.21844	0.01310	0.00304	0.00723	0.00625	0.00370	0.00765
2	0.00830	0.00595	0.00788	0.00871	0.00947	0.00553	0.00603	0.01007	0.01436	0.01965	0.26813	0.52719	0.04885	0.01789	0.00804	0.00243	0.00351	0.01613	0.00637	0.00553
3	0.01340	0.01148	0.01340	0.00957	0.01531	0.00861	0.00766	0.01627	0.01340	0.02105	0.01148	0.01340	0.00957	0.00479	0.00479	0.00096	0.00479	0.00383	0.00383	0.81242
4	0.01658	0.12427	0.39662	0.01586	0.02257	0.01614	0.01787	0.02205	0.03921	0.14357	0.01376	0.01510	0.01001	0.00718	0.00801	0.00206	0.11091	0.00511	0.00380	0.00932
5	0.04433	0.00822	0.00959	0.00817	0.01116	0.00762	0.00647	0.02092	0.01517	0.27036	0.02174	0.02240	0.01571	0.00751	0.00520	0.00167	0.00402	0.00600	0.46693	0.04682
6	0.01359	0.01156	0.01550	0.01422	0.01728	0.01246	0.08948	0.02395	0.34309	0.02307	0.02814	0.04393	0.02597	0.01222	0.00769	0.00252	0.00612	0.29503	0.00594	0.00825
7	0.01461	0.01349	0.02601	0.01955	0.02423	0.01263	0.39120	0.01845	0.01464	0.08383	0.03657	0.17013	0.01824	0.00904	0.00794	0.00216	0.03912	0.00936	0.00438	0.08442
8	0.01664	0.66794	0.13720	0.01213	0.01825	0.02402	0.01293	0.01951	0.01320	0.01597	0.00937	0.01084	0.00828	0.00562	0.00444	0.00148	0.00730	0.00365	0.00276	0.00848
9	0.00909	0.00915	0.06586	0.01119	0.01325	0.00723	0.07663	0.01135	0.01345	0.01781	0.06028	0.46612	0.15202	0.01673	0.00793	0.00246	0.00488	0.04305	0.00552	0.00601
10	0.01041	0.00744	0.01041	0.01190	0.01339	0.00744	0.01041	0.01339	0.01487	0.01934	0.03421	0.07288	0.03719	0.01785	0.00892	0.00297	0.00595	0.68913	0.00595	0.00595
11	0.01067	0.00746	0.00890	0.00869	0.01068	0.00699	0.00656	0.01429	0.08071	0.07578	0.24764	0.17516	0.25953	0.01484	0.00762	0.00224	0.00376	0.04546	0.00653	0.00650
12	0.01713	0.45834	0.22609	0.01394	0.02024	0.13237	0.01481	0.02064	0.01406	0.01675	0.00986	0.01146	0.00827	0.00587	0.00495	0.00161	0.00836	0.00393	0.00284	0.00852
13	0.00929	0.00645	0.00810	0.00815	0.00852	0.00679	0.00528	0.01005	0.00980	0.01343	0.01992	0.06108	0.02185	0.52296	0.25400	0.00742	0.00961	0.00892	0.00384	0.00454
14	0.01607	0.01388	0.01461	0.01315	0.01680	0.01607	0.01023	0.03433	0.72094	0.02703	0.02630	0.02411	0.01972	0.00877	0.00657	0.00219	0.00511	0.00731	0.00657	0.01023
15	0.01489	0.01428	0.02401	0.21904	0.50425	0.01544	0.01892	0.01866	0.01389	0.01952	0.01170	0.01616	0.00969	0.00636	0.00754	0.00205	0.06552	0.00575	0.00309	0.00922
16	0.05357	0.02241	0.01864	0.01527	0.01974	0.27827	0.01216	0.44204	0.02538	0.03144	0.01331	0.01396	0.00989	0.00730	0.00615	0.00184	0.00865	0.00514	0.00526	0.00960
17	0.00926	0.00681	0.00980	0.00980	0.01076	0.00776	0.00735	0.01117	0.01021	0.01457	0.01784	0.02833	0.01743	0.17461	0.62291	0.00967	0.01538	0.00735	0.00354	0.00545
18	0.00923	0.00692	0.01038	0.01038	0.01154	0.00808	0.00808	0.01154	0.01038	0.01500	0.01731	0.02538	0.01615	0.04846	0.74732	0.01038	0.01731	0.00692	0.00346	0.00577
19	0.01474	0.13120	0.23768	0.04707	0.02946	0.01733	0.36593	0.02013	0.01423	0.01953	0.01186	0.01521	0.00904	0.00588	0.00709	0.00205	0.03370	0.00608	0.00301	0.00879
20	0.01458	0.01487	0.01973	0.01695	0.01710	0.05184	0.01406	0.01600	0.01027	0.01556	0.00855	0.01403	0.00847	0.01110	0.02053	0.00278	0.72807	0.00559	0.00285	0.00709
21	0.00940	0.00626	0.00705	0.00705	0.00705	0.00626	0.00392	0.00940	0.00940	0.01253	0.02036	0.04228	0.02349	0.77292	0.03289	0.00626	0.00626	0.00940	0.00392	0.00392
22	0.00897	0.00717	0.01053	0.00996	0.01157	0.00658	0.06873	0.01127	0.01515	0.02050	0.29518	0.33583	0.14221	0.01577	0.00787	0.00230	0.00406	0.01427	0.00617	0.00590
23	0.01353	0.01161	0.01457	0.14008	0.02052	0.01003	0.00973	0.04382	0.01404	0.02098	0.01244	0.01623	0.01043	0.00565	0.00529	0.00128	0.00558	0.02823	0.00384	0.61212
24	0.02222	0.04102	0.04726	0.01659	0.12849	0.05495	0.01190	0.06514	0.10994	0.34809	0.02279	0.04232	0.04340	0.00817	0.00645	0.00199	0.00631	0.00676	0.00617	0.01004
25	0.01531	0.03498	0.01790	0.10293	0.18186	0.03107	0.01246	0.10277	0.10272	0.02294	0.01779	0.06029	0.04769	0.00753	0.00610	0.00176	0.00630	0.00643	0.00442	0.21674

[dist]
# distance from previous block
# <min> <max>
0	10

# created by:
# /home/cegg/simao/soft/augustus-3.2.1/scripts/msa2prfl.pl ./align_prep/EOG090W0EFD.fa
