[name]
unknown

[dist]
# distance from previous block
# <min> <max>
0	119

[block]
# block no. 0 follows, 27 sequences, length 6
# corresponding to MSA columns:
# 249-254
name=unknown_A
#
# <colnr> <probs for GDERKNQSTAVLIFYWHMCP>
#	G	D	E	R	K	N	Q	S	T	A	V	L	I	F	Y	W	H	M	C	P
0	0.01325	0.01150	0.02025	0.01779	0.02107	0.01108	0.18743	0.01745	0.01777	0.02373	0.12664	0.06248	0.03820	0.01590	0.00964	0.00301	0.00788	0.38102	0.00620	0.00772
1	0.01219	0.01101	0.01917	0.01557	0.01888	0.01057	0.18483	0.01604	0.01757	0.02416	0.28168	0.04234	0.12494	0.02200	0.16024	0.00448	0.00951	0.01128	0.00591	0.00764
2	0.01308	0.01040	0.01330	0.01563	0.11019	0.01083	0.00935	0.01860	0.15709	0.02065	0.02823	0.22445	0.02981	0.28281	0.01923	0.00434	0.00637	0.01245	0.00568	0.00753
3	0.01977	0.17303	0.02373	0.20449	0.02786	0.02021	0.01434	0.25858	0.02262	0.02909	0.02325	0.02482	0.10908	0.00939	0.00704	0.00220	0.00795	0.00737	0.00532	0.00986
4	0.01496	0.01999	0.20151	0.16723	0.02876	0.01330	0.01637	0.02005	0.01535	0.02288	0.01323	0.01642	0.01033	0.00633	0.00633	0.00173	0.00792	0.00517	0.00382	0.40831
5	0.01699	0.01654	0.02998	0.02865	0.20675	0.01647	0.26422	0.07065	0.01911	0.02665	0.16029	0.02686	0.02412	0.00886	0.00914	0.00241	0.04855	0.00891	0.00494	0.00993

[dist]
# distance from previous block
# <min> <max>
0	1

[block]
# block no. 1 follows, 27 sequences, length 8
# corresponding to MSA columns:
# 256-263
name=unknown_B
#
# <colnr> <probs for GDERKNQSTAVLIFYWHMCP>
#	G	D	E	R	K	N	Q	S	T	A	V	L	I	F	Y	W	H	M	C	P
0	0.02664	0.01839	0.02024	0.01597	0.02134	0.01997	0.01301	0.49610	0.08129	0.12031	0.02185	0.07294	0.01680	0.01010	0.00759	0.00232	0.00749	0.00798	0.00760	0.01207
1	0.02279	0.01745	0.12700	0.01593	0.02163	0.01372	0.06647	0.10445	0.07140	0.27704	0.07059	0.11251	0.02333	0.01080	0.00784	0.00242	0.00731	0.00933	0.00709	0.01089
2	0.10863	0.01331	0.01591	0.01385	0.07191	0.01123	0.00996	0.02069	0.01571	0.09098	0.01586	0.05162	0.01331	0.00699	0.00593	0.00154	0.00582	0.00566	0.00495	0.51614
3	0.02085	0.01623	0.07431	0.01458	0.02105	0.01282	0.06408	0.09982	0.01956	0.18128	0.05695	0.02067	0.01621	0.00750	0.00675	0.00179	0.00689	0.00633	0.00592	0.34641
4	0.02080	0.07915	0.12197	0.01588	0.02201	0.01459	0.08994	0.06243	0.04226	0.20165	0.02082	0.06792	0.01671	0.05839	0.00922	0.00247	0.00776	0.00765	0.00576	0.13261
5	0.25890	0.07886	0.18846	0.06657	0.02225	0.01629	0.01457	0.04739	0.03456	0.05273	0.08619	0.04399	0.01771	0.00857	0.00638	0.00226	0.00737	0.00653	0.00483	0.03560
6	0.08839	0.04084	0.08287	0.01555	0.06845	0.04256	0.01234	0.08356	0.09644	0.06307	0.07557	0.08860	0.07555	0.01043	0.00713	0.00218	0.00665	0.00858	0.00580	0.12544
7	0.01991	0.04648	0.07380	0.05105	0.17940	0.06090	0.01573	0.14960	0.08927	0.04487	0.01901	0.02054	0.04295	0.00795	0.00696	0.00204	0.00797	0.00654	0.00515	0.14987

[dist]
# distance from previous block
# <min> <max>
2	15

[block]
# block no. 2 follows, 27 sequences, length 10
# corresponding to MSA columns:
# 279-288
name=unknown_C
#
# <colnr> <probs for GDERKNQSTAVLIFYWHMCP>
#	G	D	E	R	K	N	Q	S	T	A	V	L	I	F	Y	W	H	M	C	P
0	0.01846	0.02106	0.17200	0.01756	0.02421	0.01644	0.09326	0.13388	0.12944	0.05115	0.03943	0.02196	0.03875	0.00837	0.00775	0.00216	0.02976	0.00704	0.00540	0.16194
1	0.04012	0.01735	0.08524	0.01655	0.08106	0.08915	0.01271	0.04587	0.10854	0.08738	0.13715	0.09313	0.06450	0.01111	0.00756	0.00226	0.00691	0.00932	0.00612	0.07799
2	0.01982	0.01825	0.01861	0.01851	0.11843	0.14266	0.01253	0.11280	0.06854	0.05234	0.02286	0.07048	0.07477	0.00939	0.00705	0.00198	0.00765	0.00765	0.00541	0.21025
3	0.01433	0.01023	0.01156	0.01049	0.01377	0.00969	0.00803	0.02056	0.15575	0.10046	0.12330	0.10931	0.29201	0.01480	0.00817	0.00240	0.00465	0.01254	0.00724	0.07073
4	0.01199	0.01373	0.05622	0.01016	0.01343	0.11117	0.00840	0.01433	0.01745	0.02001	0.06159	0.05909	0.54316	0.01636	0.00835	0.00241	0.00567	0.01337	0.00619	0.00693
5	0.01649	0.09385	0.24029	0.02288	0.10394	0.01751	0.14924	0.02199	0.01582	0.02288	0.01321	0.01647	0.01042	0.00679	0.00789	0.00207	0.05143	0.00595	0.00360	0.17728
6	0.02043	0.01912	0.01775	0.01582	0.02007	0.12109	0.01228	0.07597	0.54291	0.03010	0.02669	0.02498	0.02011	0.00964	0.00742	0.00241	0.00713	0.00775	0.00699	0.01134
7	0.02156	0.01984	0.02697	0.06404	0.43396	0.08010	0.01971	0.18980	0.02183	0.02931	0.01471	0.01785	0.01171	0.00733	0.00731	0.00220	0.00910	0.00647	0.00464	0.01156
8	0.01703	0.01417	0.01974	0.01417	0.02083	0.01129	0.10630	0.02073	0.01614	0.07372	0.01465	0.01681	0.01158	0.00588	0.00613	0.00140	0.00660	0.00527	0.00466	0.61293
9	0.01914	0.03855	0.01697	0.01422	0.04113	0.01363	0.01097	0.06383	0.11994	0.15324	0.02763	0.09044	0.07761	0.01117	0.00888	0.00225	0.07115	0.03339	0.00634	0.17953

[dist]
# distance from previous block
# <min> <max>
46	198

[block]
# block no. 3 follows, 27 sequences, length 8
# corresponding to MSA columns:
# 582-589
name=unknown_D
#
# <colnr> <probs for GDERKNQSTAVLIFYWHMCP>
#	G	D	E	R	K	N	Q	S	T	A	V	L	I	F	Y	W	H	M	C	P
0	0.07838	0.18243	0.02263	0.12283	0.02349	0.07256	0.01295	0.05051	0.01784	0.22487	0.03536	0.03794	0.01517	0.01034	0.03331	0.00254	0.03487	0.00652	0.00558	0.00989
1	0.01335	0.07672	0.33182	0.01665	0.04473	0.01392	0.01734	0.01894	0.04136	0.02135	0.02472	0.22317	0.04945	0.06164	0.00974	0.00282	0.00805	0.01070	0.00463	0.00890
2	0.01767	0.12512	0.01847	0.01130	0.01705	0.01262	0.00941	0.02080	0.01690	0.11001	0.11224	0.02189	0.02023	0.00750	0.00611	0.00151	0.00569	0.00603	0.00537	0.45410
3	0.01795	0.03185	0.50064	0.02158	0.03126	0.01656	0.12364	0.02538	0.01676	0.12081	0.01589	0.01773	0.01099	0.00724	0.00738	0.00237	0.01054	0.00628	0.00410	0.01106
4	0.01950	0.01121	0.01497	0.01307	0.01631	0.01185	0.01047	0.12062	0.01801	0.20690	0.02212	0.02635	0.01759	0.03581	0.41027	0.00781	0.01439	0.00762	0.00593	0.00919
5	0.02133	0.49986	0.11956	0.01445	0.02129	0.02566	0.01467	0.11647	0.01843	0.06847	0.01307	0.01415	0.01056	0.00700	0.00562	0.00183	0.00825	0.00479	0.00419	0.01037
6	0.01306	0.22705	0.01789	0.01038	0.01268	0.01367	0.00811	0.01468	0.01421	0.01847	0.10814	0.18893	0.03162	0.22493	0.06171	0.00428	0.00713	0.01119	0.00507	0.00680
7	0.00904	0.00646	0.00861	0.01034	0.01077	0.00603	0.00689	0.01034	0.01421	0.01895	0.04092	0.73426	0.04910	0.02326	0.00948	0.00301	0.00431	0.02110	0.00689	0.00603

[dist]
# distance from previous block
# <min> <max>
0	1

[block]
# block no. 4 follows, 27 sequences, length 20
# corresponding to MSA columns:
# 591-610
name=unknown_E
#
# <colnr> <probs for GDERKNQSTAVLIFYWHMCP>
#	G	D	E	R	K	N	Q	S	T	A	V	L	I	F	Y	W	H	M	C	P
0	0.01586	0.01851	0.12126	0.35532	0.30198	0.01705	0.02244	0.02112	0.01578	0.02170	0.01352	0.01865	0.01056	0.00705	0.00734	0.00235	0.00962	0.00645	0.00342	0.01002
1	0.01830	0.02271	0.13432	0.02832	0.03615	0.01902	0.50527	0.09326	0.01914	0.02622	0.01508	0.01917	0.01115	0.00666	0.00838	0.00245	0.01183	0.00807	0.00406	0.01043
2	0.01793	0.01312	0.01565	0.01131	0.01778	0.01004	0.00910	0.02116	0.01622	0.11942	0.01547	0.01679	0.01204	0.00602	0.00578	0.00127	0.00561	0.00483	0.00508	0.67539
3	0.02149	0.06520	0.17413	0.01643	0.02328	0.01904	0.01577	0.25733	0.14559	0.06228	0.01856	0.01883	0.01361	0.00813	0.00696	0.00213	0.00794	0.00631	0.00592	0.11107
4	0.01536	0.03513	0.58385	0.02296	0.03332	0.01751	0.14094	0.02356	0.01600	0.02356	0.01362	0.01645	0.00973	0.00691	0.00736	0.00238	0.01125	0.00607	0.00324	0.01080
5	0.01251	0.01367	0.11066	0.01727	0.13595	0.01059	0.01210	0.01564	0.01525	0.02131	0.15954	0.03972	0.08040	0.23342	0.08644	0.00473	0.00826	0.00992	0.00504	0.00758
6	0.01440	0.00974	0.01163	0.01048	0.01318	0.00933	0.00803	0.10720	0.02138	0.08517	0.33671	0.12428	0.18849	0.01544	0.00854	0.00243	0.00454	0.01328	0.00774	0.00801
7	0.07538	0.22025	0.30725	0.01738	0.02512	0.11884	0.01886	0.09347	0.01813	0.02438	0.01254	0.01433	0.00971	0.00714	0.00626	0.00207	0.00983	0.00501	0.00381	0.01022
8	0.01489	0.03840	0.70064	0.02116	0.03213	0.01724	0.02743	0.02351	0.01567	0.02351	0.01332	0.01567	0.00940	0.00705	0.00705	0.00235	0.01097	0.00549	0.00313	0.01097
9	0.02129	0.01831	0.01832	0.01582	0.02039	0.06393	0.01246	0.18259	0.48964	0.03382	0.02618	0.02452	0.01952	0.00965	0.00747	0.00241	0.00688	0.00777	0.00728	0.01175
10	0.12100	0.00881	0.01154	0.01138	0.01308	0.01019	0.00880	0.01431	0.01196	0.01932	0.01876	0.02799	0.01761	0.09264	0.56691	0.01027	0.01707	0.00758	0.00410	0.00669
11	0.01900	0.01542	0.02563	0.27091	0.37921	0.01630	0.02037	0.02338	0.01682	0.11768	0.01587	0.01983	0.01206	0.00725	0.00739	0.00231	0.00883	0.00673	0.00433	0.01069
12	0.00996	0.00730	0.00935	0.00939	0.01090	0.00669	0.00683	0.01275	0.01890	0.02607	0.46419	0.22452	0.13043	0.01755	0.00894	0.00252	0.00373	0.01556	0.00772	0.00669
13	0.00961	0.00751	0.00844	0.00823	0.01020	0.00663	0.00600	0.01186	0.01772	0.02290	0.28805	0.06329	0.39767	0.09524	0.01190	0.00295	0.00404	0.01434	0.00709	0.00634
14	0.21697	0.05210	0.06810	0.01660	0.02135	0.42091	0.01365	0.06806	0.01926	0.02414	0.01170	0.01346	0.00937	0.00746	0.00618	0.00205	0.01080	0.00474	0.00418	0.00892
15	0.01170	0.00881	0.01101	0.01144	0.01254	0.00914	0.00815	0.08189	0.01624	0.02172	0.03745	0.53022	0.08105	0.05601	0.01168	0.00312	0.05677	0.01765	0.00657	0.00683
16	0.07410	0.01719	0.02453	0.28171	0.30103	0.05856	0.01951	0.09137	0.01804	0.02507	0.01370	0.01808	0.01078	0.00723	0.00715	0.00229	0.00919	0.00632	0.00402	0.01013
17	0.01695	0.01388	0.01591	0.01196	0.01780	0.01204	0.00957	0.11574	0.05809	0.02855	0.08780	0.02080	0.01830	0.00732	0.00626	0.00148	0.00570	0.00595	0.00544	0.54047
18	0.02370	0.02020	0.02271	0.06374	0.15263	0.08644	0.01562	0.34316	0.08863	0.03512	0.01707	0.01840	0.01285	0.00815	0.00723	0.00216	0.00851	0.00650	0.00593	0.06126
19	0.02618	0.02075	0.02181	0.02077	0.12332	0.12978	0.01461	0.32908	0.04918	0.12672	0.04982	0.02032	0.01583	0.00873	0.00737	0.00220	0.00855	0.00685	0.00656	0.01156

[dist]
# distance from previous block
# <min> <max>
6	78

[block]
# block no. 5 follows, 27 sequences, length 11
# corresponding to MSA columns:
# 704-714
name=unknown_F
#
# <colnr> <probs for GDERKNQSTAVLIFYWHMCP>
#	G	D	E	R	K	N	Q	S	T	A	V	L	I	F	Y	W	H	M	C	P
0	0.01520	0.01332	0.01657	0.01491	0.01702	0.01629	0.01187	0.02468	0.26768	0.02461	0.12343	0.02893	0.02549	0.01984	0.13799	0.00438	0.21440	0.00854	0.00577	0.00907
1	0.23735	0.01453	0.01187	0.01111	0.01418	0.13518	0.00862	0.01852	0.01770	0.02662	0.23240	0.03974	0.14906	0.01236	0.00727	0.00233	0.00613	0.04149	0.00608	0.00745
2	0.01433	0.01115	0.01398	0.01235	0.01460	0.01225	0.00976	0.13102	0.02054	0.02864	0.33417	0.04056	0.08588	0.02026	0.11862	0.00393	0.10266	0.01061	0.00665	0.00805
3	0.01986	0.01841	0.02519	0.02539	0.19957	0.06424	0.11543	0.14024	0.12202	0.02911	0.05126	0.02111	0.01621	0.00786	0.00739	0.00214	0.00842	0.00716	0.00529	0.11370
4	0.02374	0.20775	0.05782	0.01380	0.01976	0.06429	0.01225	0.02918	0.10575	0.24710	0.01994	0.01928	0.01444	0.00778	0.00639	0.00193	0.00728	0.00592	0.00599	0.12962
5	0.55338	0.01829	0.11751	0.01233	0.01784	0.01702	0.01158	0.02480	0.11587	0.03146	0.01386	0.01502	0.01050	0.00741	0.00543	0.00234	0.00656	0.00492	0.00483	0.00906
6	0.01243	0.00991	0.01447	0.12495	0.12157	0.01017	0.01130	0.01549	0.03470	0.03547	0.10848	0.27329	0.06795	0.11136	0.01237	0.00323	0.00621	0.01343	0.00575	0.00748
7	0.01842	0.01686	0.01560	0.01417	0.01768	0.12119	0.01083	0.12581	0.27245	0.02788	0.03331	0.15601	0.11233	0.01304	0.00791	0.00247	0.00682	0.01081	0.00676	0.00965
8	0.02112	0.01536	0.01687	0.01477	0.01924	0.01712	0.01160	0.03886	0.56181	0.15019	0.03005	0.02726	0.02190	0.00991	0.00754	0.00248	0.00595	0.00823	0.00785	0.01191
9	0.01627	0.01544	0.12228	0.14366	0.11308	0.01225	0.01521	0.02076	0.01839	0.12808	0.24472	0.03415	0.06330	0.01066	0.00787	0.00235	0.00694	0.00927	0.00602	0.00930
10	0.01663	0.01464	0.01971	0.02044	0.13730	0.01729	0.01387	0.11633	0.01661	0.02319	0.02252	0.02917	0.10342	0.12391	0.01873	0.00342	0.28109	0.00843	0.00464	0.00866

[dist]
# distance from previous block
# <min> <max>
59	92

[block]
# block no. 6 follows, 27 sequences, length 8
# corresponding to MSA columns:
# 835-842
name=unknown_G
#
# <colnr> <probs for GDERKNQSTAVLIFYWHMCP>
#	G	D	E	R	K	N	Q	S	T	A	V	L	I	F	Y	W	H	M	C	P
0	0.08802	0.01558	0.01569	0.01298	0.01747	0.05460	0.01032	0.21225	0.10616	0.03256	0.13002	0.03049	0.10607	0.01050	0.00723	0.00213	0.00628	0.00838	0.00658	0.12668
1	0.01707	0.01609	0.02715	0.32572	0.21587	0.01727	0.11718	0.07839	0.01762	0.02393	0.01409	0.01897	0.01092	0.00703	0.00747	0.00229	0.00955	0.00679	0.00391	0.06269
2	0.02290	0.01603	0.01834	0.01473	0.01985	0.01682	0.01189	0.19086	0.22587	0.15533	0.02234	0.02166	0.01628	0.00891	0.00816	0.00217	0.05154	0.00690	0.00694	0.16248
3	0.06725	0.01761	0.02407	0.01880	0.02409	0.01896	0.15546	0.18543	0.21770	0.07032	0.02028	0.02108	0.01507	0.00868	0.00869	0.00240	0.05896	0.00740	0.00614	0.05161
4	0.01455	0.01423	0.02552	0.61714	0.04927	0.01684	0.11799	0.01969	0.01525	0.01969	0.01347	0.01983	0.01010	0.00725	0.00762	0.00248	0.01029	0.00692	0.00337	0.00851
5	0.01530	0.01450	0.02458	0.52266	0.23973	0.01683	0.02125	0.02009	0.01545	0.02052	0.01342	0.01938	0.01044	0.00718	0.00740	0.00239	0.00958	0.00660	0.00341	0.00928
6	0.02157	0.02024	0.02331	0.01835	0.02319	0.11925	0.09904	0.21193	0.06672	0.02925	0.01511	0.01740	0.01188	0.00850	0.01002	0.00219	0.13109	0.00633	0.00513	0.15951
7	0.15384	0.01565	0.01628	0.01394	0.01795	0.05143	0.01105	0.15172	0.13409	0.10955	0.02229	0.12704	0.01928	0.01101	0.00845	0.00241	0.06294	0.00854	0.00640	0.05614

[dist]
# distance from previous block
# <min> <max>
39	198

[block]
# block no. 7 follows, 27 sequences, length 24
# corresponding to MSA columns:
# 1089-1112
name=unknown_H
#
# <colnr> <probs for GDERKNQSTAVLIFYWHMCP>
#	G	D	E	R	K	N	Q	S	T	A	V	L	I	F	Y	W	H	M	C	P
0	0.69400	0.01351	0.01079	0.00971	0.01395	0.01545	0.00791	0.02085	0.01368	0.03287	0.09508	0.01748	0.01578	0.00793	0.00511	0.00230	0.00546	0.00519	0.00504	0.00791
1	0.01419	0.01319	0.02141	0.63256	0.04694	0.01567	0.01914	0.01893	0.01491	0.01962	0.01319	0.01924	0.01003	0.00718	0.00718	0.00230	0.00935	0.00632	0.00344	0.10519
2	0.01544	0.00722	0.01061	0.01011	0.01083	0.00700	0.00700	0.01298	0.01112	0.09844	0.01494	0.02290	0.01358	0.02372	0.02632	0.68639	0.00643	0.00657	0.00397	0.00440
3	0.02193	0.02017	0.03383	0.02480	0.03130	0.02073	0.36322	0.29252	0.02449	0.03311	0.01594	0.01893	0.01176	0.00768	0.00894	0.00242	0.04416	0.00779	0.00526	0.01101
4	0.01176	0.09982	0.01530	0.01203	0.01398	0.01179	0.00971	0.01438	0.01232	0.01726	0.01869	0.02701	0.01743	0.04952	0.62165	0.01064	0.01839	0.00746	0.00388	0.00699
5	0.01827	0.01794	0.03184	0.04378	0.61112	0.01778	0.10309	0.02291	0.01698	0.02419	0.01410	0.01858	0.01170	0.00657	0.00753	0.00224	0.00928	0.00688	0.00368	0.01154
6	0.01983	0.01662	0.01755	0.01538	0.01982	0.01910	0.01208	0.12709	0.58952	0.03325	0.02849	0.02632	0.02126	0.00991	0.00754	0.00248	0.00620	0.00815	0.00754	0.01187
7	0.02204	0.01772	0.01880	0.01583	0.02067	0.02013	0.01261	0.26956	0.44346	0.03681	0.02568	0.02408	0.01899	0.00965	0.00751	0.00241	0.00671	0.00777	0.00751	0.01207
8	0.01539	0.01319	0.01539	0.01100	0.01759	0.00990	0.00880	0.01869	0.01539	0.02419	0.01319	0.01539	0.01100	0.00550	0.00550	0.00110	0.00550	0.00440	0.00440	0.78449
9	0.01837	0.01764	0.03013	0.04557	0.69279	0.01764	0.02278	0.02278	0.01690	0.02425	0.01396	0.01837	0.01176	0.00661	0.00735	0.00220	0.00882	0.00661	0.00367	0.01176
10	0.01539	0.01319	0.01539	0.01100	0.01759	0.00990	0.00880	0.01869	0.01539	0.02419	0.01319	0.01539	0.01100	0.00550	0.00550	0.00110	0.00550	0.00440	0.00440	0.78449
11	0.01517	0.01436	0.02434	0.54340	0.22003	0.01679	0.02119	0.01997	0.01539	0.02036	0.01340	0.01942	0.01039	0.00721	0.00740	0.00240	0.00961	0.00660	0.00340	0.00917
12	0.00978	0.00756	0.00892	0.00858	0.01065	0.00670	0.00644	0.01261	0.01931	0.02572	0.43314	0.06212	0.32831	0.01669	0.00876	0.00241	0.00361	0.01436	0.00764	0.00670
13	0.02484	0.01761	0.01905	0.01584	0.02066	0.11185	0.04935	0.09643	0.21254	0.24725	0.02719	0.02800	0.04110	0.00997	0.00765	0.00238	0.00766	0.04224	0.00728	0.01114
14	0.00877	0.00752	0.00752	0.00752	0.01003	0.00627	0.00564	0.01065	0.01692	0.02005	0.07520	0.07144	0.68978	0.01880	0.00877	0.00251	0.00376	0.01567	0.00689	0.00627
15	0.01402	0.01319	0.02227	0.72126	0.05113	0.01649	0.02062	0.01897	0.01484	0.01897	0.01319	0.01979	0.00990	0.00742	0.00742	0.00247	0.00990	0.00660	0.00330	0.00825
16	0.01785	0.01710	0.02919	0.12687	0.61558	0.01750	0.02252	0.02232	0.01666	0.02362	0.01387	0.01854	0.01153	0.00671	0.00736	0.00224	0.00895	0.00661	0.00363	0.01134
17	0.01833	0.01834	0.03266	0.02430	0.03036	0.05045	0.40052	0.02524	0.09697	0.06509	0.02006	0.04556	0.03681	0.00816	0.00887	0.00241	0.03929	0.00869	0.00478	0.06312
18	0.09897	0.10051	0.01754	0.01250	0.01664	0.05484	0.01021	0.14718	0.06385	0.10146	0.22036	0.03220	0.07216	0.01091	0.00727	0.00222	0.00619	0.00873	0.00681	0.00944
19	0.11499	0.25758	0.16557	0.01481	0.02103	0.08698	0.01475	0.06965	0.06757	0.02479	0.06065	0.01939	0.03749	0.00816	0.00621	0.00206	0.00824	0.00592	0.00450	0.00967
20	0.01801	0.35484	0.21319	0.01505	0.02194	0.05132	0.01594	0.02304	0.04757	0.04261	0.05287	0.04616	0.01553	0.00802	0.00615	0.00195	0.00834	0.00600	0.00409	0.04737
21	0.04912	0.20848	0.24328	0.01665	0.02349	0.13351	0.03775	0.02423	0.04837	0.04923	0.04136	0.02040	0.05776	0.00824	0.00659	0.00210	0.00928	0.00621	0.00422	0.00972
22	0.01917	0.19371	0.18899	0.01683	0.02346	0.08731	0.08216	0.02343	0.01685	0.10295	0.01924	0.07777	0.04078	0.00881	0.00685	0.00210	0.00884	0.00724	0.00457	0.06894
23	0.12808	0.06063	0.06617	0.03929	0.09488	0.01665	0.16198	0.05727	0.07954	0.02651	0.03989	0.06278	0.01684	0.00861	0.00719	0.00227	0.00816	0.02685	0.00483	0.09159

[dist]
# distance from previous block
# <min> <max>
11	52

[block]
# block no. 8 follows, 27 sequences, length 7
# corresponding to MSA columns:
# 1169-1175
name=unknown_I
#
# <colnr> <probs for GDERKNQSTAVLIFYWHMCP>
#	G	D	E	R	K	N	Q	S	T	A	V	L	I	F	Y	W	H	M	C	P
0	0.06247	0.26663	0.17674	0.07646	0.02590	0.03981	0.07773	0.02398	0.06091	0.05790	0.05347	0.01852	0.01448	0.00757	0.00648	0.00211	0.00875	0.00604	0.00423	0.00984
1	0.04993	0.09886	0.22823	0.05979	0.06178	0.01703	0.10700	0.05903	0.04119	0.02457	0.04370	0.09180	0.01702	0.00896	0.00723	0.00227	0.00877	0.00786	0.00440	0.06055
2	0.06409	0.34487	0.20008	0.01769	0.02519	0.02345	0.10636	0.09575	0.01766	0.02407	0.01256	0.01464	0.01000	0.00683	0.00617	0.00202	0.00922	0.00532	0.00381	0.01022
3	0.01233	0.04725	0.06190	0.01522	0.04695	0.01166	0.05358	0.01624	0.06303	0.02124	0.07375	0.41482	0.03645	0.01712	0.01002	0.00277	0.06695	0.01509	0.00593	0.00771
4	0.01806	0.29285	0.39071	0.01767	0.02645	0.02224	0.02071	0.08904	0.01743	0.02370	0.01269	0.01453	0.00978	0.00699	0.00626	0.00206	0.00958	0.00506	0.00359	0.01062
5	0.13285	0.07748	0.07978	0.01258	0.01828	0.01415	0.01116	0.08015	0.01731	0.13077	0.01787	0.06549	0.01502	0.05059	0.00806	0.00220	0.00663	0.00656	0.00539	0.24769
6	0.07786	0.01980	0.10412	0.01571	0.02126	0.01875	0.01406	0.37758	0.06972	0.03763	0.08548	0.02255	0.01885	0.01321	0.06692	0.00310	0.00872	0.00724	0.00647	0.01095

[dist]
# distance from previous block
# <min> <max>
6	34

[block]
# block no. 9 follows, 27 sequences, length 62
# corresponding to MSA columns:
# 1210-1271
name=unknown_J
#
# <colnr> <probs for GDERKNQSTAVLIFYWHMCP>
#	G	D	E	R	K	N	Q	S	T	A	V	L	I	F	Y	W	H	M	C	P
0	0.04851	0.05639	0.07558	0.05862	0.07669	0.01681	0.03434	0.11939	0.07058	0.08465	0.02085	0.06420	0.04828	0.00969	0.00900	0.00229	0.08607	0.00761	0.00536	0.10511
1	0.10127	0.04529	0.05887	0.01192	0.01695	0.01193	0.02839	0.02068	0.07048	0.09041	0.03132	0.08598	0.16115	0.01082	0.00694	0.00206	0.00583	0.00891	0.00573	0.22508
2	0.01689	0.08026	0.35464	0.02310	0.11127	0.05552	0.07961	0.02534	0.10271	0.02416	0.04478	0.01930	0.01424	0.00765	0.00720	0.00229	0.00977	0.00650	0.00409	0.01068
3	0.01849	0.04121	0.02923	0.05098	0.21537	0.01711	0.19880	0.05801	0.04217	0.05972	0.04545	0.02049	0.01466	0.00751	0.00845	0.00222	0.04861	0.00725	0.00457	0.10972
4	0.01734	0.01444	0.01787	0.01961	0.17233	0.04065	0.01240	0.12294	0.04339	0.05211	0.10488	0.05337	0.15423	0.01092	0.00756	0.00213	0.00644	0.00927	0.00597	0.13215
5	0.01261	0.01097	0.01168	0.01124	0.01355	0.07278	0.00808	0.01456	0.01496	0.02009	0.05730	0.35236	0.03296	0.07383	0.07441	0.00356	0.00704	0.01335	0.00563	0.18904
6	0.01501	0.01224	0.01399	0.01093	0.01564	0.01054	0.00827	0.04447	0.07906	0.02375	0.03989	0.02540	0.01772	0.16969	0.01307	0.00268	0.00595	0.00660	0.00497	0.48013
7	0.01305	0.01039	0.04638	0.01082	0.01362	0.00892	0.00882	0.01823	0.08940	0.07935	0.38075	0.10293	0.13911	0.01502	0.00854	0.00246	0.00456	0.03206	0.00762	0.00797
8	0.01590	0.03423	0.55389	0.02230	0.03215	0.01792	0.11401	0.05204	0.01662	0.02436	0.01362	0.01639	0.00982	0.00726	0.00798	0.00240	0.03888	0.00603	0.00342	0.01080
9	0.01846	0.01595	0.01679	0.01511	0.01930	0.01846	0.01175	0.03945	0.67938	0.03105	0.03022	0.02770	0.02266	0.01007	0.00755	0.00252	0.00588	0.00839	0.00755	0.01175
10	0.00899	0.00694	0.00822	0.00915	0.01048	0.00616	0.00638	0.01061	0.01558	0.01981	0.07963	0.43741	0.31183	0.02113	0.00916	0.00278	0.00405	0.01859	0.00694	0.00616
11	0.02373	0.02801	0.02423	0.06890	0.25446	0.43177	0.01760	0.02667	0.01926	0.02030	0.01243	0.01547	0.01034	0.00728	0.00696	0.00205	0.01162	0.00552	0.00374	0.00967
12	0.01051	0.00759	0.00992	0.00934	0.01109	0.00700	0.00700	0.01401	0.02101	0.02977	0.68888	0.05545	0.07005	0.01518	0.00876	0.00233	0.00350	0.01343	0.00817	0.00700
13	0.01501	0.03758	0.67137	0.02161	0.03243	0.01731	0.05587	0.02352	0.01576	0.02352	0.01340	0.01587	0.00949	0.00702	0.00713	0.00236	0.01104	0.00563	0.00316	0.01093
14	0.00877	0.00752	0.00752	0.00752	0.01003	0.00627	0.00564	0.01065	0.01692	0.02005	0.07520	0.07144	0.68978	0.01880	0.00877	0.00251	0.00376	0.01567	0.00689	0.00627
15	0.02822	0.02079	0.02228	0.01708	0.02302	0.02302	0.01411	0.66804	0.03490	0.04679	0.01782	0.01782	0.01262	0.00891	0.00743	0.00223	0.00817	0.00668	0.00743	0.01262
16	0.01846	0.01595	0.01679	0.01511	0.01930	0.01846	0.01175	0.03945	0.67938	0.03105	0.03022	0.02770	0.02266	0.01007	0.00755	0.00252	0.00588	0.00839	0.00755	0.01175
17	0.01908	0.01308	0.01577	0.01145	0.01787	0.01010	0.00923	0.02229	0.01660	0.16268	0.01650	0.01742	0.01251	0.00626	0.00590	0.00135	0.00567	0.00503	0.00538	0.62584
18	0.05557	0.01441	0.02015	0.01524	0.02117	0.01327	0.07507	0.10915	0.02201	0.50779	0.02531	0.02307	0.01638	0.00866	0.00742	0.00226	0.00709	0.00727	0.00812	0.04058
19	0.02123	0.55779	0.03394	0.01394	0.01978	0.16868	0.01283	0.02357	0.01633	0.01798	0.01071	0.01240	0.00961	0.00657	0.00520	0.00163	0.00893	0.00416	0.00338	0.05134
20	0.01083	0.00763	0.00952	0.00932	0.00978	0.00750	0.02811	0.01137	0.01183	0.01567	0.02732	0.11724	0.05345	0.58940	0.03188	0.00631	0.00696	0.03601	0.00488	0.00499
21	0.02294	0.10484	0.02400	0.05123	0.14381	0.17286	0.01508	0.24406	0.02387	0.02963	0.04692	0.02089	0.05052	0.00867	0.00708	0.00211	0.00905	0.00671	0.00529	0.01045
22	0.02199	0.55193	0.03412	0.01436	0.02011	0.18896	0.01314	0.04648	0.01717	0.01865	0.01085	0.01246	0.00964	0.00675	0.00531	0.00169	0.00923	0.00425	0.00348	0.00942
23	0.01348	0.01033	0.01189	0.01105	0.01377	0.01058	0.00841	0.02208	0.22676	0.05247	0.32534	0.08313	0.15245	0.01436	0.00837	0.00245	0.00443	0.01238	0.00774	0.00853
24	0.01148	0.00859	0.01244	0.01219	0.01374	0.00996	0.00952	0.04571	0.01307	0.01870	0.01978	0.02860	0.01826	0.05336	0.67488	0.01145	0.01930	0.00789	0.00415	0.00693
25	0.01067	0.00769	0.01057	0.01057	0.01143	0.00854	0.00759	0.01239	0.01153	0.01623	0.02113	0.03604	0.02154	0.29756	0.47188	0.01026	0.01539	0.00896	0.00416	0.00587
26	0.01489	0.03840	0.70064	0.02116	0.03213	0.01724	0.02743	0.02351	0.01567	0.02351	0.01332	0.01567	0.00940	0.00705	0.00705	0.00235	0.01097	0.00549	0.00313	0.01097
27	0.00879	0.00747	0.00757	0.00764	0.01006	0.00626	0.00569	0.01064	0.01680	0.02001	0.07372	0.10019	0.66200	0.01899	0.00880	0.00253	0.00378	0.01590	0.00689	0.00626
28	0.03331	0.01263	0.01723	0.01321	0.01895	0.01091	0.01091	0.03618	0.02125	0.69794	0.02929	0.02527	0.01838	0.00919	0.00747	0.00230	0.00632	0.00747	0.00919	0.01263
29	0.01846	0.01595	0.01679	0.01511	0.01930	0.01846	0.01175	0.03945	0.67938	0.03105	0.03022	0.02770	0.02266	0.01007	0.00755	0.00252	0.00588	0.00839	0.00755	0.01175
30	0.00879	0.00744	0.00761	0.00774	0.01008	0.00625	0.00574	0.01063	0.01671	0.01997	0.07253	0.12312	0.63983	0.01915	0.00883	0.00255	0.00380	0.01609	0.00689	0.00625
31	0.01837	0.01764	0.03013	0.04557	0.69279	0.01764	0.02278	0.02278	0.01690	0.02425	0.01396	0.01837	0.01176	0.00661	0.00735	0.00220	0.00882	0.00661	0.00367	0.01176
32	0.02695	0.02029	0.02257	0.01912	0.07331	0.02237	0.01464	0.58533	0.06848	0.04423	0.01820	0.01840	0.01310	0.00880	0.00743	0.00224	0.00809	0.00677	0.00715	0.01251
33	0.01595	0.01352	0.01569	0.01126	0.01783	0.01047	0.00903	0.04685	0.01624	0.02517	0.01340	0.01550	0.01107	0.00565	0.00558	0.00115	0.00561	0.00450	0.00453	0.75101
34	0.01065	0.00780	0.01113	0.01113	0.01217	0.00884	0.00828	0.01274	0.01169	0.01664	0.02062	0.03324	0.02033	0.19904	0.56874	0.01094	0.01722	0.00855	0.00409	0.00618
35	0.01787	0.01538	0.05865	0.01378	0.01821	0.01518	0.01145	0.05384	0.40774	0.09052	0.06035	0.03546	0.14640	0.01156	0.00778	0.00247	0.00584	0.00959	0.00732	0.01063
36	0.01080	0.00720	0.00810	0.00810	0.00810	0.00720	0.00450	0.01080	0.01080	0.01439	0.02339	0.04858	0.02699	0.73910	0.03779	0.00720	0.00720	0.01080	0.00450	0.00450
37	0.01752	0.02003	0.04380	0.03129	0.03880	0.01877	0.66583	0.02378	0.01752	0.02378	0.01502	0.02003	0.01126	0.00626	0.00876	0.00250	0.01252	0.00876	0.00375	0.01001
38	0.01712	0.00905	0.01204	0.01046	0.01337	0.00814	0.00814	0.02044	0.02108	0.22367	0.49747	0.04669	0.05505	0.01344	0.00838	0.00232	0.00432	0.01170	0.00847	0.00864
39	0.79154	0.01436	0.01091	0.00976	0.01436	0.01665	0.00804	0.02182	0.01263	0.03331	0.01034	0.01206	0.00804	0.00689	0.00459	0.00230	0.00574	0.00402	0.00459	0.00804
40	0.01738	0.01474	0.01624	0.11983	0.02242	0.06180	0.01209	0.02955	0.35006	0.06584	0.11745	0.06584	0.05275	0.01113	0.00777	0.00246	0.00653	0.00941	0.00678	0.00993
41	0.01251	0.01019	0.01211	0.01151	0.01351	0.04892	0.02842	0.05595	0.01974	0.02655	0.36739	0.22150	0.07505	0.01650	0.00882	0.00254	0.00505	0.04919	0.00730	0.00727
42	0.01721	0.01645	0.02803	0.22601	0.52144	0.01733	0.02220	0.02176	0.01635	0.02284	0.01376	0.01875	0.01126	0.00683	0.00737	0.00228	0.00911	0.00661	0.00357	0.01082
43	0.02565	0.03143	0.02306	0.02501	0.17205	0.55534	0.01622	0.02812	0.02012	0.01952	0.01203	0.01450	0.01005	0.00742	0.00684	0.00198	0.01237	0.00519	0.00379	0.00931
44	0.01846	0.01595	0.01679	0.01511	0.01930	0.01846	0.01175	0.03945	0.67938	0.03105	0.03022	0.02770	0.02266	0.01007	0.00755	0.00252	0.00588	0.00839	0.00755	0.01175
45	0.01402	0.01319	0.02227	0.72126	0.05113	0.01649	0.02062	0.01897	0.01484	0.01897	0.01319	0.01979	0.00990	0.00742	0.00742	0.00247	0.00990	0.00660	0.00330	0.00825
46	0.01052	0.00763	0.01010	0.01006	0.01105	0.00815	0.00716	0.01225	0.01257	0.01735	0.07300	0.04115	0.07810	0.28861	0.36991	0.00885	0.01302	0.00994	0.00469	0.00588
47	0.00908	0.00742	0.00802	0.00811	0.01028	0.00636	0.00599	0.01116	0.01730	0.02151	0.17055	0.13764	0.52342	0.01868	0.00884	0.00253	0.00378	0.01587	0.00710	0.00636
48	0.01846	0.01595	0.01679	0.01511	0.01930	0.01846	0.01175	0.03945	0.67938	0.03105	0.03022	0.02770	0.02266	0.01007	0.00755	0.00252	0.00588	0.00839	0.00755	0.01175
49	0.01039	0.00750	0.00982	0.00942	0.01107	0.00693	0.00700	0.01372	0.02048	0.02892	0.63800	0.10875	0.06840	0.01581	0.00881	0.00239	0.00357	0.01403	0.00807	0.00693
50	0.01846	0.01595	0.01679	0.01511	0.01930	0.01846	0.01175	0.03945	0.67938	0.03105	0.03022	0.02770	0.02266	0.01007	0.00755	0.00252	0.00588	0.00839	0.00755	0.01175
51	0.02781	0.02059	0.02205	0.01700	0.02286	0.02283	0.01401	0.64136	0.06226	0.04612	0.01835	0.01824	0.01305	0.00896	0.00743	0.00224	0.00807	0.00676	0.00743	0.01259
52	0.01846	0.01595	0.01679	0.01511	0.01930	0.01846	0.01175	0.03945	0.67938	0.03105	0.03022	0.02770	0.02266	0.01007	0.00755	0.00252	0.00588	0.00839	0.00755	0.01175
53	0.01014	0.00832	0.01025	0.00989	0.01170	0.00788	0.03072	0.01195	0.01550	0.01959	0.08497	0.13798	0.37174	0.14324	0.01477	0.00346	0.04203	0.05338	0.00624	0.00624
54	0.01697	0.03033	0.44769	0.02868	0.24606	0.01704	0.02507	0.02393	0.01636	0.05843	0.01435	0.01704	0.01063	0.00702	0.00717	0.00230	0.01003	0.00595	0.00362	0.01131
55	0.01815	0.01741	0.02973	0.08031	0.65980	0.01758	0.02267	0.02259	0.01680	0.02398	0.01392	0.01845	0.01166	0.00666	0.00735	0.00222	0.00887	0.00661	0.00366	0.01158
56	0.01977	0.01621	0.01822	0.09656	0.04624	0.05248	0.01291	0.25069	0.15199	0.03209	0.08687	0.08126	0.02331	0.03955	0.03561	0.00292	0.00786	0.00890	0.00645	0.01012
57	0.00955	0.00694	0.00820	0.00898	0.00973	0.00646	0.00583	0.01056	0.01371	0.01772	0.04294	0.36229	0.18618	0.25478	0.01851	0.00426	0.00512	0.01653	0.00611	0.00559
58	0.02151	0.09369	0.18153	0.01994	0.08639	0.01681	0.08071	0.07512	0.06918	0.19449	0.06997	0.02245	0.01789	0.00838	0.00732	0.00226	0.00830	0.00717	0.00580	0.01110
59	0.01830	0.05110	0.08293	0.01515	0.02096	0.09841	0.03795	0.05086	0.20959	0.02612	0.04165	0.02026	0.01613	0.00776	0.00666	0.00189	0.00747	0.00626	0.00529	0.27527
60	0.02086	0.08647	0.14685	0.01463	0.02099	0.01580	0.01394	0.08839	0.13619	0.17190	0.05233	0.02357	0.04287	0.00873	0.00696	0.00210	0.00709	0.00698	0.00619	0.12715
61	0.01721	0.10005	0.22095	0.05072	0.02366	0.01698	0.01637	0.07992	0.04338	0.05355	0.03669	0.02124	0.04219	0.03441	0.00953	0.00232	0.07812	0.00645	0.00455	0.14168

[dist]
# distance from previous block
# <min> <max>
0	7

[block]
# block no. 10 follows, 27 sequences, length 19
# corresponding to MSA columns:
# 1281-1299
name=unknown_K
#
# <colnr> <probs for GDERKNQSTAVLIFYWHMCP>
#	G	D	E	R	K	N	Q	S	T	A	V	L	I	F	Y	W	H	M	C	P
0	0.02009	0.01505	0.01677	0.08221	0.02097	0.04574	0.01164	0.25185	0.05449	0.08787	0.07383	0.11248	0.11273	0.01205	0.00782	0.00234	0.00681	0.00998	0.00678	0.04849
1	0.02252	0.02244	0.12979	0.01808	0.05256	0.10296	0.03392	0.24823	0.06170	0.08761	0.10072	0.02277	0.01975	0.00903	0.00742	0.00221	0.00847	0.00723	0.00616	0.03641
2	0.05674	0.16242	0.01967	0.01255	0.01724	0.05362	0.01036	0.11773	0.01859	0.04941	0.02235	0.15137	0.04923	0.01085	0.00676	0.00201	0.00662	0.02935	0.00541	0.19773
3	0.06923	0.20672	0.02352	0.01496	0.01996	0.10529	0.01245	0.13255	0.28498	0.02863	0.01962	0.01936	0.01519	0.00844	0.00653	0.00215	0.00767	0.00627	0.00577	0.01071
4	0.13989	0.03453	0.58963	0.01932	0.02927	0.01715	0.02431	0.02324	0.01518	0.02509	0.01284	0.01509	0.00918	0.00703	0.00666	0.00234	0.01013	0.00525	0.00337	0.01050
5	0.01539	0.01319	0.01539	0.01100	0.01759	0.00990	0.00880	0.01869	0.01539	0.02419	0.01319	0.01539	0.01100	0.00550	0.00550	0.00110	0.00550	0.00440	0.00440	0.78449
6	0.00904	0.00646	0.00861	0.01034	0.01077	0.00603	0.00689	0.01034	0.01421	0.01895	0.04092	0.73426	0.04910	0.02326	0.00948	0.00301	0.00431	0.02110	0.00689	0.00603
7	0.01846	0.01595	0.01679	0.01511	0.01930	0.01846	0.01175	0.03945	0.67938	0.03105	0.03022	0.02770	0.02266	0.01007	0.00755	0.00252	0.00588	0.00839	0.00755	0.01175
8	0.01489	0.03840	0.70064	0.02116	0.03213	0.01724	0.02743	0.02351	0.01567	0.02351	0.01332	0.01567	0.00940	0.00705	0.00705	0.00235	0.01097	0.00549	0.00313	0.01097
9	0.02773	0.03538	0.02104	0.01913	0.02295	0.70930	0.01434	0.02964	0.02104	0.01817	0.01148	0.01339	0.00956	0.00765	0.00669	0.00191	0.01339	0.00478	0.00383	0.00861
10	0.00879	0.00744	0.00760	0.00773	0.01008	0.00625	0.00573	0.01063	0.01672	0.01997	0.07265	0.12075	0.64212	0.01913	0.00883	0.00254	0.00380	0.01607	0.00689	0.00625
11	0.00904	0.00646	0.00861	0.01034	0.01077	0.00603	0.00689	0.01034	0.01421	0.01895	0.04092	0.73426	0.04910	0.02326	0.00948	0.00301	0.00431	0.02110	0.00689	0.00603
12	0.07424	0.01659	0.12607	0.01408	0.02018	0.01229	0.01320	0.03114	0.05010	0.45176	0.02845	0.02803	0.05300	0.00975	0.00742	0.00238	0.00690	0.03534	0.00763	0.01145
13	0.02453	0.02115	0.01917	0.01714	0.05003	0.20785	0.01284	0.15531	0.16453	0.13223	0.02127	0.05756	0.01661	0.00930	0.00724	0.00218	0.00849	0.00726	0.00635	0.05894
14	0.02144	0.01641	0.01771	0.01524	0.01987	0.01848	0.01205	0.13998	0.51345	0.09695	0.02814	0.02588	0.02064	0.00980	0.00752	0.00245	0.00629	0.00803	0.00769	0.01197
15	0.17865	0.01646	0.04674	0.01358	0.01911	0.01611	0.01147	0.17708	0.13028	0.15661	0.02171	0.02117	0.03840	0.00856	0.00665	0.00217	0.00656	0.00653	0.00658	0.11556
16	0.02335	0.01552	0.02134	0.01876	0.08618	0.04861	0.08585	0.05871	0.06036	0.26587	0.08141	0.02419	0.01973	0.00891	0.00850	0.00222	0.05204	0.00752	0.00655	0.10438
17	0.01931	0.01179	0.01621	0.01346	0.01753	0.01132	0.05032	0.05988	0.04951	0.20935	0.02633	0.03145	0.06035	0.05442	0.19230	0.00497	0.01013	0.04272	0.00619	0.11247
18	0.13704	0.19734	0.05262	0.05478	0.05239	0.01718	0.01211	0.04735	0.01493	0.02245	0.01752	0.02139	0.04940	0.02092	0.20029	0.00472	0.01082	0.00622	0.00412	0.05642

[dist]
# distance from previous block
# <min> <max>
0	8

[block]
# block no. 11 follows, 27 sequences, length 15
# corresponding to MSA columns:
# 1308-1322
name=unknown_L
#
# <colnr> <probs for GDERKNQSTAVLIFYWHMCP>
#	G	D	E	R	K	N	Q	S	T	A	V	L	I	F	Y	W	H	M	C	P
0	0.01061	0.00827	0.01155	0.07276	0.06318	0.00806	0.00899	0.01242	0.01428	0.01917	0.03486	0.49253	0.06396	0.09227	0.01180	0.00322	0.00543	0.01678	0.00599	0.04386
1	0.01914	0.37003	0.18334	0.01571	0.02230	0.09275	0.01618	0.05572	0.05138	0.02151	0.01519	0.02062	0.01338	0.00826	0.00626	0.00204	0.00899	0.06340	0.00401	0.00978
2	0.35657	0.01670	0.01639	0.01333	0.01854	0.01851	0.01095	0.26950	0.06961	0.11788	0.01686	0.01694	0.01206	0.00816	0.00622	0.00229	0.00674	0.00575	0.00643	0.01059
3	0.02474	0.01811	0.01959	0.01533	0.02081	0.01943	0.01252	0.47187	0.08562	0.07169	0.02490	0.02427	0.08228	0.00978	0.00744	0.00220	0.00725	0.00761	0.00725	0.06732
4	0.00969	0.00745	0.00887	0.00874	0.01065	0.00662	0.00647	0.01235	0.01875	0.02494	0.38710	0.13043	0.30633	0.01739	0.00884	0.00247	0.00368	0.01507	0.00755	0.00662
5	0.02551	0.01343	0.01644	0.01344	0.01818	0.01333	0.01081	0.09153	0.18950	0.36436	0.13168	0.02992	0.02702	0.01032	0.00769	0.00235	0.00593	0.00856	0.00845	0.01153
6	0.01846	0.01595	0.01679	0.01511	0.01930	0.01846	0.01175	0.03945	0.67938	0.03105	0.03022	0.02770	0.02266	0.01007	0.00755	0.00252	0.00588	0.00839	0.00755	0.01175
7	0.00904	0.00646	0.00861	0.01034	0.01077	0.00603	0.00689	0.01034	0.01421	0.01895	0.04092	0.73426	0.04910	0.02326	0.00948	0.00301	0.00431	0.02110	0.00689	0.00603
8	0.01765	0.01405	0.01857	0.01825	0.15544	0.01157	0.01184	0.02113	0.01624	0.08604	0.01483	0.01691	0.01183	0.00606	0.00606	0.00143	0.00625	0.00513	0.00469	0.55602
9	0.02262	0.01248	0.01571	0.01180	0.01762	0.01008	0.00955	0.02576	0.01837	0.31211	0.07728	0.02300	0.01915	0.00789	0.00661	0.00172	0.00568	0.00647	0.00676	0.38934
10	0.00897	0.00734	0.00792	0.00816	0.01025	0.00629	0.00597	0.01089	0.01681	0.02071	0.12266	0.18400	0.52577	0.01925	0.00889	0.00258	0.00383	0.01641	0.00700	0.00629
11	0.04350	0.01568	0.01754	0.01523	0.01836	0.06618	0.01217	0.14157	0.13220	0.09844	0.02069	0.05768	0.01720	0.02046	0.16124	0.00456	0.13405	0.00780	0.00580	0.00965
12	0.00948	0.00693	0.00890	0.00979	0.01084	0.00652	0.00686	0.01100	0.01493	0.01969	0.10391	0.42755	0.17827	0.02501	0.08125	0.04344	0.00581	0.01720	0.00653	0.00609
13	0.11909	0.07913	0.14891	0.01559	0.02169	0.11932	0.01458	0.05659	0.14080	0.16577	0.01907	0.01889	0.01376	0.00811	0.00667	0.00220	0.00828	0.00605	0.00571	0.02981
14	0.11297	0.21654	0.05909	0.01432	0.02030	0.08363	0.01278	0.16874	0.02086	0.14207	0.01569	0.01611	0.01166	0.00755	0.00615	0.00196	0.00793	0.00536	0.00546	0.07083

[dist]
# distance from previous block
# <min> <max>
0	2

[block]
# block no. 12 follows, 27 sequences, length 31
# corresponding to MSA columns:
# 1325-1355
name=unknown_M
#
# <colnr> <probs for GDERKNQSTAVLIFYWHMCP>
#	G	D	E	R	K	N	Q	S	T	A	V	L	I	F	Y	W	H	M	C	P
0	0.07490	0.01646	0.02531	0.01964	0.02494	0.01682	0.22559	0.17321	0.08900	0.07203	0.08643	0.03049	0.02215	0.00992	0.00812	0.00250	0.00847	0.07771	0.00615	0.01017
1	0.02037	0.07524	0.32860	0.01714	0.02503	0.01538	0.03903	0.04310	0.01763	0.20822	0.03596	0.02010	0.01428	0.01072	0.05016	0.00280	0.00950	0.00636	0.00519	0.05521
2	0.01777	0.01535	0.01613	0.01457	0.01864	0.01760	0.01132	0.03740	0.63219	0.03027	0.03342	0.03081	0.07018	0.01069	0.00764	0.00252	0.00572	0.00891	0.00751	0.01136
3	0.01466	0.01239	0.01459	0.01084	0.01672	0.00946	0.00855	0.01785	0.01572	0.02427	0.06301	0.06182	0.01751	0.00726	0.00597	0.00130	0.00528	0.00605	0.00482	0.68191
4	0.01669	0.01468	0.06243	0.01211	0.01840	0.01090	0.01042	0.04859	0.01670	0.07183	0.04185	0.01865	0.01429	0.00948	0.04918	0.00203	0.00685	0.00537	0.00490	0.56465
5	0.00904	0.00646	0.00861	0.01034	0.01077	0.00603	0.00689	0.01034	0.01421	0.01895	0.04092	0.73426	0.04910	0.02326	0.00948	0.00301	0.00431	0.02110	0.00689	0.00603
6	0.01489	0.03840	0.70064	0.02116	0.03213	0.01724	0.02743	0.02351	0.01567	0.02351	0.01332	0.01567	0.00940	0.00705	0.00705	0.00235	0.01097	0.00549	0.00313	0.01097
7	0.01780	0.01537	0.01615	0.01459	0.01867	0.01763	0.01133	0.03747	0.63392	0.03030	0.03330	0.03070	0.06845	0.01067	0.00764	0.00252	0.00573	0.00889	0.00751	0.01137
8	0.00980	0.00750	0.00911	0.00969	0.01143	0.00680	0.00740	0.01219	0.01722	0.02228	0.19073	0.21582	0.29577	0.01933	0.00920	0.00275	0.00441	0.13495	0.00715	0.00648
9	0.01846	0.01595	0.01679	0.01511	0.01930	0.01846	0.01175	0.03945	0.67938	0.03105	0.03022	0.02770	0.02266	0.01007	0.00755	0.00252	0.00588	0.00839	0.00755	0.01175
10	0.01554	0.13138	0.61339	0.02004	0.03041	0.01884	0.02549	0.02334	0.01560	0.02271	0.01293	0.01518	0.00942	0.00696	0.00675	0.00225	0.01057	0.00529	0.00314	0.01078
11	0.02117	0.01670	0.01780	0.01514	0.01978	0.01875	0.01202	0.21605	0.43308	0.05834	0.02939	0.02746	0.06010	0.01024	0.00759	0.00243	0.00641	0.00832	0.00754	0.01170
12	0.01080	0.00720	0.00810	0.00810	0.00810	0.00720	0.00450	0.01080	0.01080	0.01439	0.02339	0.04858	0.02699	0.73910	0.03779	0.00720	0.00720	0.01080	0.00450	0.00450
13	0.02787	0.02147	0.02203	0.01713	0.02290	0.06213	0.01405	0.61103	0.05513	0.04464	0.01786	0.01789	0.01278	0.00888	0.00739	0.00222	0.00839	0.00663	0.00722	0.01237
14	0.01596	0.01354	0.01434	0.01310	0.01660	0.01511	0.01002	0.03149	0.49114	0.02814	0.07710	0.03757	0.12853	0.06176	0.00989	0.00283	0.00549	0.00999	0.00728	0.01012
15	0.01871	0.01549	0.01661	0.01461	0.01872	0.01756	0.01144	0.11900	0.50817	0.03296	0.11485	0.03003	0.02754	0.01059	0.00769	0.00246	0.00587	0.00883	0.00762	0.01124
16	0.01846	0.02429	0.12649	0.02784	0.03499	0.10919	0.46744	0.02425	0.01747	0.02275	0.01410	0.01841	0.01073	0.00684	0.00896	0.00244	0.04413	0.00771	0.00366	0.00987
17	0.01652	0.01567	0.01723	0.01676	0.06510	0.08866	0.05139	0.02739	0.31127	0.02564	0.06142	0.09372	0.13082	0.01240	0.00802	0.00249	0.00676	0.03267	0.00649	0.00959
18	0.01216	0.00997	0.01524	0.02076	0.20505	0.00971	0.01211	0.01472	0.01565	0.02135	0.05951	0.41297	0.03847	0.01782	0.00895	0.00281	0.00591	0.10299	0.00602	0.00781
19	0.00904	0.00646	0.00861	0.01034	0.01077	0.00603	0.00689	0.01034	0.01421	0.01895	0.04092	0.73426	0.04910	0.02326	0.00948	0.00301	0.00431	0.02110	0.00689	0.00603
20	0.01807	0.01733	0.02959	0.09259	0.64814	0.01756	0.02263	0.02252	0.01676	0.02389	0.01391	0.01847	0.01163	0.00667	0.00735	0.00222	0.00889	0.00661	0.00365	0.01151
21	0.01846	0.01595	0.01679	0.01511	0.01930	0.01846	0.01175	0.03945	0.67938	0.03105	0.03022	0.02770	0.02266	0.01007	0.00755	0.00252	0.00588	0.00839	0.00755	0.01175
22	0.01642	0.01858	0.07380	0.02214	0.02451	0.02151	0.15685	0.01953	0.01299	0.01953	0.01113	0.01702	0.01005	0.01114	0.01982	0.00303	0.52299	0.00691	0.00335	0.00872
23	0.00914	0.00723	0.00827	0.00891	0.01064	0.00636	0.00649	0.01100	0.01626	0.02036	0.09681	0.29328	0.40352	0.02018	0.00909	0.00272	0.00410	0.05242	0.00696	0.00626
24	0.00904	0.00646	0.00861	0.01034	0.01077	0.00603	0.00689	0.01034	0.01421	0.01895	0.04092	0.73426	0.04910	0.02326	0.00948	0.00301	0.00431	0.02110	0.00689	0.00603
25	0.01539	0.01319	0.01539	0.01100	0.01759	0.00990	0.00880	0.01869	0.01539	0.02419	0.01319	0.01539	0.01100	0.00550	0.00550	0.00110	0.00550	0.00440	0.00440	0.78449
26	0.01005	0.00757	0.00929	0.00886	0.01081	0.00681	0.00664	0.01312	0.01993	0.02720	0.52650	0.05968	0.23402	0.01614	0.00876	0.00238	0.00357	0.01402	0.00783	0.00681
