[name]
unknown

[dist]
# distance from previous block
# <min> <max>
0	9

[block]
# block no. 0 follows, 34 sequences, length 14
# corresponding to MSA columns:
# 9-22
name=unknown_A
#
# <colnr> <probs for GDERKNQSTAVLIFYWHMCP>
#	G	D	E	R	K	N	Q	S	T	A	V	L	I	F	Y	W	H	M	C	P
0	0.01041	0.00744	0.01041	0.01190	0.01339	0.00744	0.01041	0.01339	0.01487	0.01934	0.03421	0.07288	0.03719	0.01785	0.00892	0.00297	0.00595	0.68913	0.00595	0.00595
1	0.01779	0.72115	0.03270	0.01147	0.01684	0.07940	0.01116	0.01983	0.01352	0.01525	0.00906	0.01046	0.00829	0.00561	0.00427	0.00140	0.00726	0.00351	0.00281	0.00823
2	0.00782	0.00582	0.00729	0.00847	0.00923	0.00529	0.00576	0.00906	0.01288	0.01670	0.04200	0.61746	0.18986	0.01941	0.00812	0.00253	0.00365	0.01736	0.00600	0.00529
3	0.03914	0.01783	0.03548	0.06811	0.05760	0.09545	0.01322	0.34932	0.04728	0.08170	0.01435	0.01568	0.01067	0.00793	0.00844	0.00207	0.11531	0.00564	0.00517	0.00960
4	0.01437	0.01662	0.12573	0.15259	0.46818	0.01443	0.01913	0.01862	0.01410	0.01994	0.01360	0.06841	0.01194	0.00694	0.00650	0.00202	0.00782	0.00649	0.00327	0.00929
5	0.01273	0.00741	0.00971	0.00934	0.01118	0.00690	0.00721	0.01503	0.01576	0.14483	0.28431	0.10324	0.06704	0.12250	0.01135	0.00288	0.00459	0.15102	0.00644	0.00651
6	0.01569	0.01346	0.01736	0.06898	0.16218	0.01283	0.01176	0.11461	0.10090	0.02417	0.01395	0.01576	0.01105	0.00598	0.00567	0.00152	0.00599	0.00504	0.00433	0.38877
7	0.08078	0.06737	0.01875	0.12161	0.02257	0.50750	0.01287	0.02304	0.01624	0.01685	0.00999	0.01243	0.00827	0.00677	0.00653	0.00181	0.05155	0.00438	0.00325	0.00743
8	0.01659	0.23365	0.31011	0.01431	0.02143	0.01625	0.03603	0.02111	0.01420	0.12151	0.01288	0.01400	0.00959	0.00601	0.00548	0.00170	0.00756	0.00460	0.00367	0.12933
9	0.01548	0.01766	0.08417	0.13167	0.35262	0.05558	0.20814	0.01999	0.01473	0.02002	0.01215	0.01613	0.00963	0.00585	0.00669	0.00202	0.00905	0.00610	0.00314	0.00920
10	0.01501	0.01410	0.02371	0.03515	0.62929	0.01403	0.01787	0.01874	0.01522	0.02180	0.11464	0.02060	0.01749	0.00682	0.00657	0.00194	0.00701	0.00660	0.00376	0.00964
11	0.00825	0.00578	0.00759	0.00874	0.00933	0.00541	0.00594	0.00973	0.01327	0.01819	0.13407	0.63140	0.04413	0.01865	0.00799	0.00249	0.00361	0.01684	0.04318	0.00541
12	0.01386	0.01558	0.10274	0.03520	0.01993	0.07669	0.13333	0.05263	0.01423	0.01978	0.03473	0.01908	0.01301	0.01795	0.20793	0.00414	0.04285	0.00605	0.04776	0.12255
13	0.00784	0.00573	0.00738	0.00870	0.00929	0.00527	0.00587	0.00903	0.01266	0.01661	0.03923	0.68303	0.12608	0.01977	0.00817	0.00257	0.00369	0.01779	0.00600	0.00527

[dist]
# distance from previous block
# <min> <max>
5	12

[block]
# block no. 1 follows, 34 sequences, length 81
# corresponding to MSA columns:
# 35-70,92-136
name=unknown_B
#
# <colnr> <probs for GDERKNQSTAVLIFYWHMCP>
#	G	D	E	R	K	N	Q	S	T	A	V	L	I	F	Y	W	H	M	C	P
0	0.16019	0.01034	0.01237	0.01016	0.01411	0.00984	0.00821	0.02463	0.05342	0.40445	0.15737	0.02725	0.06198	0.00913	0.00634	0.00203	0.00481	0.00739	0.00696	0.00904
1	0.81856	0.01250	0.00950	0.00850	0.01250	0.01449	0.00700	0.01899	0.01100	0.02899	0.00900	0.01050	0.00700	0.00600	0.00400	0.00200	0.00500	0.00350	0.00400	0.00700
2	0.00973	0.00618	0.00697	0.00703	0.00733	0.00613	0.00420	0.01014	0.01024	0.01444	0.02211	0.07137	0.04460	0.57367	0.02664	0.04160	0.00557	0.00927	0.11850	0.00427
3	0.02306	0.00957	0.01276	0.01050	0.01433	0.00840	0.00841	0.02532	0.01698	0.52478	0.04457	0.11411	0.06050	0.03387	0.00759	0.00222	0.00505	0.02792	0.04073	0.00934
4	0.00971	0.00617	0.00750	0.00812	0.00878	0.00594	0.00544	0.01090	0.01196	0.03798	0.02904	0.35079	0.04960	0.26074	0.01564	0.00363	0.00462	0.04995	0.11835	0.00514
5	0.00787	0.00562	0.00750	0.00900	0.00937	0.00525	0.00600	0.00900	0.01237	0.01649	0.03561	0.76871	0.04274	0.02024	0.00825	0.00262	0.00375	0.01837	0.00600	0.00525
6	0.01340	0.01148	0.01340	0.00957	0.01531	0.00861	0.00766	0.01627	0.01340	0.02105	0.01148	0.01340	0.00957	0.00479	0.00479	0.00096	0.00479	0.00383	0.00383	0.81242
7	0.00932	0.00625	0.00714	0.00718	0.00726	0.00621	0.00410	0.00951	0.00992	0.01330	0.05293	0.07275	0.02598	0.70741	0.03072	0.00592	0.00601	0.00987	0.00415	0.00407
8	0.00948	0.00629	0.00829	0.00876	0.00985	0.00579	0.00620	0.01137	0.01486	0.05972	0.27965	0.45398	0.06733	0.01698	0.00791	0.00237	0.00359	0.01523	0.00650	0.00587
9	0.01122	0.00561	0.00842	0.00842	0.00842	0.00561	0.00561	0.00842	0.00842	0.01122	0.01122	0.01964	0.01122	0.02245	0.02525	0.81201	0.00561	0.00561	0.00281	0.00281
10	0.02249	0.01037	0.01306	0.01078	0.01458	0.00979	0.00858	0.06667	0.08798	0.43778	0.02538	0.10338	0.01925	0.03176	0.00722	0.00215	0.00508	0.00785	0.10638	0.00948
11	0.00863	0.00658	0.00793	0.00759	0.00934	0.00588	0.00569	0.01121	0.01708	0.02305	0.50462	0.05297	0.28734	0.01428	0.00763	0.00208	0.00312	0.01235	0.00674	0.00588
12	0.02414	0.03079	0.01831	0.01665	0.01998	0.74698	0.01248	0.02580	0.01831	0.01581	0.00999	0.01165	0.00832	0.00666	0.00583	0.00166	0.01165	0.00416	0.00333	0.00749
13	0.02096	0.01044	0.01311	0.01075	0.01434	0.00998	0.00847	0.08138	0.09118	0.37678	0.17223	0.02944	0.02625	0.09328	0.00964	0.00249	0.00516	0.00794	0.00709	0.00911
14	0.00965	0.00666	0.00752	0.00723	0.00897	0.00598	0.00527	0.01164	0.01506	0.04980	0.24557	0.04990	0.33682	0.11907	0.01077	0.00263	0.00369	0.01142	0.08665	0.00571
15	0.01122	0.00561	0.00842	0.00842	0.00842	0.00561	0.00561	0.00842	0.00842	0.01122	0.01122	0.01964	0.01122	0.02245	0.02525	0.81201	0.00561	0.00561	0.00281	0.00281
16	0.00940	0.00626	0.00705	0.00705	0.00705	0.00626	0.00392	0.00940	0.00940	0.01253	0.02036	0.04228	0.02349	0.77292	0.03289	0.00626	0.00626	0.00940	0.00392	0.00392
17	0.01342	0.00770	0.00946	0.00865	0.00990	0.00769	0.00586	0.04669	0.01203	0.13567	0.02036	0.03477	0.02035	0.49162	0.12538	0.02415	0.00768	0.00831	0.00463	0.00567
18	0.05467	0.07581	0.04373	0.04426	0.35299	0.11991	0.03361	0.08811	0.04949	0.05757	0.01309	0.01533	0.01036	0.00634	0.00608	0.00188	0.00794	0.00539	0.00391	0.00953
19	0.01407	0.02988	0.60935	0.01827	0.02698	0.01471	0.07095	0.04273	0.01467	0.05296	0.03725	0.01554	0.01056	0.00647	0.00632	0.00205	0.00916	0.00533	0.00327	0.00948
20	0.06181	0.01106	0.01477	0.01137	0.01633	0.00970	0.00939	0.03097	0.01818	0.70766	0.02481	0.02151	0.01562	0.00791	0.00639	0.00200	0.00548	0.00637	0.00783	0.01083
21	0.00940	0.00626	0.00705	0.00705	0.00705	0.00626	0.00392	0.00940	0.00940	0.01253	0.02036	0.04228	0.02349	0.77292	0.03289	0.00626	0.00626	0.00940	0.00392	0.00392
22	0.06539	0.01098	0.01560	0.23058	0.12056	0.01227	0.01250	0.05916	0.06735	0.02159	0.13740	0.05856	0.03769	0.01107	0.02947	0.04303	0.02529	0.02956	0.00452	0.00744
23	0.01592	0.01419	0.03981	0.09264	0.42841	0.01371	0.09409	0.01975	0.01511	0.08930	0.06546	0.05231	0.01559	0.00717	0.00671	0.00202	0.00745	0.00699	0.00403	0.00935
24	0.01444	0.01275	0.03506	0.01015	0.01589	0.03321	0.00838	0.01739	0.01380	0.05312	0.01207	0.01374	0.00978	0.00503	0.00494	0.00106	0.00518	0.00399	0.00397	0.72606
25	0.01538	0.01428	0.08561	0.01292	0.01814	0.01146	0.06191	0.04157	0.03069	0.09449	0.01390	0.03235	0.01118	0.00744	0.02332	0.00175	0.08157	0.00520	0.00420	0.43263
26	0.00928	0.00671	0.00932	0.00932	0.01010	0.00750	0.00674	0.01085	0.01007	0.01421	0.01828	0.03080	0.01850	0.28057	0.51842	0.00906	0.01377	0.00772	0.00361	0.00518
27	0.01504	0.14858	0.43877	0.01667	0.02452	0.03977	0.07022	0.03756	0.01438	0.04369	0.01178	0.01363	0.00879	0.00598	0.00581	0.00183	0.00864	0.00475	0.00317	0.08644
28	0.01302	0.03301	0.72141	0.01864	0.02811	0.01504	0.04150	0.02047	0.01368	0.02047	0.01163	0.01374	0.00823	0.00612	0.00618	0.00205	0.00958	0.00485	0.00274	0.00953
29	0.01525	0.01743	0.03813	0.02723	0.03377	0.01634	0.70915	0.02070	0.01525	0.02070	0.01307	0.01743	0.00980	0.00545	0.00763	0.00218	0.01089	0.00763	0.00327	0.00871
30	0.01688	0.01613	0.02586	0.03659	0.63103	0.03911	0.04285	0.07308	0.01605	0.02243	0.01237	0.01587	0.01022	0.00593	0.00643	0.00192	0.00787	0.00578	0.00346	0.01015
31	0.01606	0.04078	0.13634	0.02229	0.02854	0.01590	0.43205	0.05204	0.05410	0.06736	0.01488	0.03917	0.01144	0.00661	0.00756	0.00215	0.03269	0.00717	0.00386	0.00900
32	0.00764	0.00655	0.00655	0.00655	0.00873	0.00545	0.00491	0.00927	0.01473	0.01745	0.06546	0.06218	0.73000	0.01636	0.00764	0.00218	0.00327	0.01364	0.00600	0.00545
33	0.01499	0.01433	0.02441	0.23018	0.54996	0.01509	0.01933	0.01895	0.01424	0.01989	0.01198	0.01632	0.00980	0.00594	0.00641	0.00198	0.00792	0.00575	0.00311	0.00942
34	0.01517	0.01461	0.02518	0.18998	0.56504	0.01518	0.04218	0.01916	0.01435	0.02013	0.01204	0.01630	0.00988	0.00589	0.00645	0.00198	0.00798	0.00582	0.00313	0.00954
35	0.00924	0.00687	0.01014	0.01014	0.01121	0.00794	0.00777	0.01138	0.01031	0.01482	0.01753	0.02662	0.01669	0.10146	0.69505	0.01008	0.01650	0.00710	0.00349	0.00563
36	0.00914	0.00660	0.00864	0.00813	0.00965	0.00610	0.00610	0.01219	0.01829	0.02591	0.72921	0.04827	0.06097	0.01321	0.00762	0.00203	0.00305	0.01169	0.00711	0.00610
37	0.00860	0.00713	0.00760	0.00748	0.00959	0.00645	0.00560	0.01184	0.07568	0.01949	0.16003	0.09594	0.53068	0.01545	0.00758	0.00218	0.00342	0.01306	0.00622	0.00595
38	0.00994	0.00714	0.00906	0.00942	0.01018	0.00745	0.00679	0.03784	0.01228	0.01663	0.02683	0.24238	0.04490	0.26547	0.09779	0.00466	0.03799	0.12243	0.02552	0.00531
39	0.02456	0.01810	0.01939	0.01487	0.02004	0.02004	0.01228	0.71107	0.03038	0.04072	0.01551	0.01551	0.01099	0.00776	0.00646	0.00194	0.00711	0.00582	0.00646	0.01099
40	0.28504	0.01087	0.01230	0.01014	0.01426	0.01066	0.00820	0.02474	0.01538	0.41694	0.04073	0.07176	0.01638	0.02686	0.00647	0.00215	0.00516	0.00656	0.00642	0.00897
41	0.00928	0.00672	0.00753	0.00735	0.00938	0.00582	0.00550	0.01127	0.01549	0.05923	0.20449	0.11289	0.47057	0.01530	0.00754	0.00216	0.00338	0.01300	0.02722	0.00590
42	0.81856	0.01250	0.00950	0.00850	0.01250	0.01449	0.00700	0.01899	0.01100	0.02899	0.00900	0.01050	0.00700	0.00600	0.00400	0.00200	0.00500	0.00350	0.00400	0.00700
43	0.02474	0.01259	0.01534	0.01233	0.01696	0.01253	0.01000	0.10377	0.22548	0.45591	0.02468	0.02193	0.01656	0.00820	0.00652	0.00205	0.00555	0.00666	0.00742	0.01077
44	0.00995	0.00696	0.00855	0.00895	0.01018	0.00671	0.00628	0.01301	0.08086	0.05313	0.13556	0.41739	0.11570	0.08335	0.01002	0.00274	0.00403	0.01448	0.00613	0.00602
45	0.00844	0.00664	0.00743	0.00744	0.00908	0.00597	0.00536	0.01066	0.03489	0.01913	0.21444	0.13449	0.40129	0.09352	0.01026	0.00261	0.00363	0.01308	0.00607	0.00556
46	0.01217	0.00650	0.00920	0.00888	0.00924	0.00664	0.00609	0.05835	0.00998	0.01332	0.01153	0.01935	0.01121	0.02140	0.02392	0.75444	0.00572	0.00563	0.00307	0.00339
47	0.01496	0.00931	0.01076	0.00975	0.01230	0.00930	0.00728	0.03582	0.18331	0.16929	0.05120	0.12448	0.15326	0.14525	0.01153	0.00289	0.00483	0.01005	0.02682	0.00761
48	0.03828	0.00838	0.01001	0.00893	0.01167	0.00785	0.00698	0.01817	0.07657	0.18707	0.26320	0.04183	0.20959	0.01201	0.00703	0.00207	0.00397	0.02773	0.05124	0.00743
49	0.05442	0.00888	0.01130	0.00963	0.01292	0.00792	0.00759	0.02105	0.01684	0.36908	0.17242	0.11706	0.14042	0.01165	0.00699	0.00210	0.00444	0.00986	0.00710	0.00832
50	0.00807	0.00593	0.00764	0.00864	0.00939	0.00557	0.00594	0.00945	0.01288	0.01707	0.08692	0.54588	0.13637	0.04369	0.06138	0.00318	0.00467	0.01616	0.00583	0.00533
51	0.01241	0.00946	0.01059	0.00996	0.01235	0.00978	0.00748	0.06129	0.22800	0.05236	0.12440	0.18472	0.19392	0.04298	0.00830	0.00239	0.00434	0.01149	0.00634	0.00744
52	0.06757	0.01230	0.01423	0.01177	0.01586	0.01268	0.00941	0.11110	0.23678	0.30767	0.06512	0.02446	0.03720	0.03506	0.00738	0.00221	0.00537	0.00708	0.00690	0.00986
53	0.01122	0.00561	0.00842	0.00842	0.00842	0.00561	0.00561	0.00842	0.00842	0.01122	0.01122	0.01964	0.01122	0.02245	0.02525	0.81201	0.00561	0.00561	0.00281	0.00281
54	0.00879	0.00694	0.00780	0.00745	0.00946	0.00618	0.00562	0.03311	0.01666	0.02160	0.33013	0.05509	0.43837	0.01482	0.00759	0.00211	0.00331	0.01260	0.00646	0.00589
55	0.01034	0.00810	0.00903	0.00867	0.01094	0.00787	0.00660	0.01552	0.15248	0.04300	0.17597	0.09345	0.36549	0.01526	0.02915	0.00244	0.00416	0.02852	0.00630	0.00668
56	0.01072	0.00845	0.00930	0.00893	0.01129	0.00833	0.00680	0.01667	0.18819	0.04428	0.14979	0.10610	0.35652	0.01412	0.00743	0.00222	0.00389	0.03370	0.00637	0.00690
57	0.00938	0.00631	0.00730	0.00730	0.00738	0.00640	0.00423	0.00956	0.00947	0.01271	0.02013	0.04102	0.02294	0.71865	0.08641	0.00657	0.00709	0.00921	0.00388	0.00405
58	0.01525	0.01743	0.03813	0.02723	0.03377	0.01634	0.70915	0.02070	0.01525	0.02070	0.01307	0.01743	0.00980	0.00545	0.00763	0.00218	0.01089	0.00763	0.00327	0.00871
59	0.01351	0.01065	0.01190	0.01135	0.01402	0.01159	0.00871	0.02435	0.40184	0.05468	0.05326	0.18504	0.09458	0.01265	0.00723	0.00233	0.00468	0.06290	0.00643	0.00833
60	0.01731	0.01945	0.02446	0.06422	0.15545	0.22058	0.17111	0.02033	0.01452	0.01785	0.01097	0.01495	0.00924	0.00821	0.02628	0.00232	0.18577	0.00573	0.00315	0.00812
61	0.01220	0.01148	0.01938	0.75739	0.04450	0.01436	0.01794	0.01651	0.01292	0.01651	0.01148	0.01723	0.00861	0.00646	0.00646	0.00215	0.00861	0.00574	0.00287	0.00718
62	0.01968	0.00968	0.01238	0.01032	0.01386	0.00899	0.00821	0.02429	0.10734	0.37501	0.24999	0.03321	0.07813	0.01029	0.00694	0.00205	0.00453	0.00871	0.00741	0.00899
63	0.02188	0.05732	0.20828	0.01544	0.04149	0.05851	0.03732	0.13198	0.01836	0.29807	0.01752	0.01735	0.01195	0.00816	0.02528	0.00217	0.00780	0.00567	0.00542	0.01004
64	0.01122	0.00561	0.00842	0.00842	0.00842	0.00561	0.00561	0.00842	0.00842	0.01122	0.01122	0.01964	0.01122	0.02245	0.02525	0.81201	0.00561	0.00561	0.00281	0.00281
65	0.81856	0.01250	0.00950	0.00850	0.01250	0.01449	0.00700	0.01899	0.01100	0.02899	0.00900	0.01050	0.00700	0.00600	0.00400	0.00200	0.00500	0.00350	0.00400	0.00700
66	0.01853	0.07785	0.45202	0.01563	0.02340	0.01393	0.01825	0.02401	0.01520	0.25578	0.01598	0.01616	0.01076	0.00671	0.00612	0.00198	0.00803	0.00525	0.00446	0.00994
67	0.01184	0.00825	0.00971	0.00939	0.01075	0.00864	0.00662	0.01654	0.16990	0.05245	0.08167	0.09352	0.02695	0.33145	0.04755	0.04076	0.00589	0.05685	0.00520	0.00611
68	0.34146	0.01159	0.01282	0.01031	0.01491	0.01147	0.00851	0.02654	0.01553	0.45687	0.01896	0.01744	0.01243	0.00721	0.00551	0.00200	0.00530	0.00531	0.00641	0.00941
69	0.01708	0.74332	0.06565	0.01139	0.01710	0.02509	0.01163	0.01940	0.01315	0.01544	0.00910	0.01051	0.00829	0.00556	0.00424	0.00141	0.00703	0.00351	0.00276	0.00835
70	0.01790	0.06346	0.08685	0.12497	0.02216	0.03345	0.03090	0.18429	0.01780	0.13061	0.01657	0.02100	0.01311	0.01478	0.13269	0.00347	0.02887	0.04367	0.00477	0.00869
71	0.00820	0.00648	0.00749	0.00813	0.00973	0.00576	0.00618	0.00995	0.01417	0.01756	0.05232	0.24071	0.43237	0.01760	0.00802	0.00244	0.00388	0.13753	0.00599	0.00549
72	0.02423	0.01793	0.01921	0.01480	0.01991	0.01988	0.01220	0.68478	0.05721	0.04019	0.01593	0.01585	0.01133	0.00780	0.00647	0.00195	0.00703	0.00588	0.00647	0.01096
73	0.00948	0.00637	0.00778	0.00784	0.00824	0.00663	0.00503	0.01028	0.01005	0.01410	0.02037	0.06911	0.02213	0.51557	0.19729	0.00673	0.00851	0.00897	0.06096	0.00456
74	0.00790	0.00650	0.00698	0.00722	0.00912	0.00558	0.00542	0.00962	0.01462	0.01783	0.08942	0.14413	0.57895	0.01676	0.00778	0.00227	0.00348	0.05487	0.00605	0.00549
75	0.00835	0.00711	0.00858	0.00797	0.01012	0.00617	0.04398	0.01021	0.01469	0.01816	0.12875	0.07962	0.54864	0.06754	0.00939	0.00246	0.00389	0.01296	0.00582	0.00559
76	0.01332	0.01118	0.01299	0.00937	0.01488	0.00847	0.00748	0.01620	0.01341	0.02122	0.01202	0.01399	0.00996	0.00494	0.00477	0.00099	0.00469	0.00395	0.04838	0.76779
77	0.01240	0.01030	0.02781	0.01120	0.01346	0.01073	0.00864	0.02094	0.30338	0.04474	0.07098	0.29308	0.06925	0.01380	0.00791	0.00237	0.03392	0.03120	0.00616	0.00772
78	0.77376	0.01217	0.00945	0.00848	0.01234	0.01403	0.00695	0.01862	0.01140	0.02882	0.04886	0.01259	0.00998	0.00640	0.00420	0.00200	0.00489	0.00395	0.00417	0.00695
79	0.01400	0.01314	0.04459	0.11335	0.04274	0.05274	0.02901	0.14644	0.05765	0.02280	0.06225	0.03457	0.23141	0.01239	0.03623	0.00246	0.03102	0.04048	0.00510	0.00764
80	0.01858	0.01131	0.01453	0.01214	0.06310	0.00922	0.00900	0.02140	0.01547	0.26238	0.05597	0.01839	0.01462	0.00640	0.00563	0.00143	0.00512	0.00529	0.00537	0.44464

[dist]
# distance from previous block
# <min> <max>
0	22

# created by:
# /home/cegg/simao/soft/augustus-3.2.1/scripts/msa2prfl.pl ./align_prep/EOG090W0N4N.fa
