[name]
unknown

[dist]
# distance from previous block
# <min> <max>
0	64

[block]
# block no. 0 follows, 34 sequences, length 47
# corresponding to MSA columns:
# 135-181
name=unknown_A
#
# <colnr> <probs for GDERKNQSTAVLIFYWHMCP>
#	G	D	E	R	K	N	Q	S	T	A	V	L	I	F	Y	W	H	M	C	P
0	0.01027	0.00736	0.00987	0.01096	0.01229	0.00732	0.00892	0.04673	0.01503	0.01983	0.06714	0.28545	0.03875	0.01787	0.00853	0.00277	0.00518	0.41369	0.00605	0.00599
1	0.01565	0.01776	0.11605	0.12651	0.08731	0.01582	0.35632	0.04372	0.01498	0.06252	0.01306	0.01677	0.00978	0.00638	0.00814	0.00217	0.06818	0.00659	0.00349	0.00881
2	0.00801	0.00656	0.00707	0.00694	0.00896	0.00562	0.00521	0.01000	0.01562	0.01957	0.23176	0.05870	0.56237	0.01557	0.00763	0.00214	0.00322	0.01315	0.00628	0.00562
3	0.01607	0.01388	0.01461	0.01315	0.01680	0.01607	0.01023	0.03433	0.72094	0.02703	0.02630	0.02411	0.01972	0.00877	0.00657	0.00219	0.00511	0.00731	0.00657	0.01023
4	0.01981	0.02046	0.01895	0.01600	0.01973	0.30122	0.09902	0.20471	0.02014	0.02347	0.01827	0.09967	0.03913	0.00942	0.00678	0.00202	0.00879	0.05954	0.00473	0.00815
5	0.02484	0.01330	0.01567	0.01262	0.01720	0.03460	0.01031	0.16610	0.13915	0.42054	0.02363	0.02335	0.01648	0.00854	0.00661	0.00206	0.00596	0.04133	0.00721	0.01050
6	0.01383	0.01315	0.02232	0.44898	0.34019	0.01478	0.01875	0.01794	0.01369	0.01849	0.01177	0.01670	0.00931	0.00616	0.00643	0.00205	0.00821	0.00575	0.00301	0.00849
7	0.02348	0.02981	0.01978	0.01743	0.02100	0.69290	0.06405	0.02542	0.01808	0.01618	0.01022	0.01208	0.00843	0.00657	0.00596	0.00170	0.01160	0.00442	0.00332	0.00758
8	0.02899	0.01100	0.01499	0.01150	0.01649	0.00950	0.00950	0.03149	0.01849	0.73709	0.02549	0.02199	0.01599	0.00800	0.00650	0.00200	0.00550	0.00650	0.00800	0.01100
9	0.01558	0.01493	0.02547	0.11856	0.65697	0.01524	0.01962	0.01946	0.01452	0.02060	0.01208	0.01613	0.01006	0.00583	0.00640	0.00194	0.00778	0.00576	0.00316	0.00990
10	0.01607	0.01388	0.01461	0.01315	0.01680	0.01607	0.01023	0.03433	0.72094	0.02703	0.02630	0.02411	0.01972	0.00877	0.00657	0.00219	0.00511	0.00731	0.00657	0.01023
11	0.00787	0.00562	0.00750	0.00900	0.00937	0.00525	0.00600	0.00900	0.01237	0.01649	0.03561	0.76871	0.04274	0.02024	0.00825	0.00262	0.00375	0.01837	0.00600	0.00525
12	0.02326	0.01745	0.01866	0.01460	0.01954	0.01943	0.01197	0.60763	0.13594	0.03863	0.01716	0.01683	0.01232	0.00791	0.00648	0.00198	0.00680	0.00604	0.00648	0.01087
13	0.01374	0.01194	0.01437	0.01054	0.01609	0.00965	0.03177	0.01830	0.08698	0.02166	0.01308	0.01465	0.01063	0.00522	0.00507	0.00113	0.00503	0.00432	0.00409	0.70175
14	0.02317	0.01747	0.01893	0.01480	0.01955	0.01962	0.01217	0.60669	0.09956	0.03804	0.01625	0.01632	0.01175	0.00804	0.00723	0.00201	0.04546	0.00596	0.00629	0.01071
15	0.01414	0.01414	0.01979	0.01696	0.01696	0.01979	0.01414	0.01555	0.00990	0.01555	0.00848	0.01414	0.00848	0.01131	0.02120	0.00283	0.76110	0.00565	0.00283	0.00707
16	0.01014	0.00725	0.01006	0.01132	0.01276	0.00717	0.00970	0.01303	0.01514	0.01995	0.11405	0.10473	0.04019	0.01744	0.00874	0.00285	0.00551	0.57794	0.00609	0.00593
17	0.01586	0.01521	0.02598	0.06553	0.70782	0.01532	0.01976	0.01971	0.01465	0.02094	0.01213	0.01604	0.01018	0.00578	0.00640	0.00193	0.00771	0.00576	0.00319	0.01012
18	0.01518	0.01723	0.03700	0.02660	0.03274	0.01655	0.66654	0.02038	0.01492	0.02038	0.01279	0.01723	0.00972	0.00581	0.00846	0.00222	0.05689	0.00750	0.00324	0.00861
19	0.01204	0.00602	0.00602	0.00602	0.00753	0.00602	0.00452	0.01506	0.01355	0.02409	0.02108	0.02409	0.01656	0.00753	0.00452	0.00151	0.00301	0.00602	0.80879	0.00602
20	0.00764	0.00655	0.00655	0.00655	0.00873	0.00545	0.00491	0.00927	0.01473	0.01745	0.06546	0.06218	0.73000	0.01636	0.00764	0.00218	0.00327	0.01364	0.00600	0.00545
21	0.00906	0.00689	0.00832	0.00929	0.01011	0.02765	0.00667	0.01061	0.01334	0.01748	0.10040	0.43956	0.07891	0.10090	0.01089	0.00297	0.00454	0.13123	0.00579	0.00538
22	0.02507	0.01728	0.01889	0.01448	0.01963	0.01883	0.01196	0.63307	0.02902	0.12065	0.01666	0.01626	0.01156	0.00778	0.00647	0.00195	0.00693	0.00590	0.00664	0.01099
23	0.01321	0.07714	0.69795	0.01798	0.02730	0.01563	0.02312	0.02040	0.01361	0.02015	0.01144	0.01345	0.00819	0.00610	0.00602	0.00201	0.00939	0.00470	0.00273	0.00948
24	0.02240	0.01796	0.02214	0.01762	0.04749	0.05651	0.12098	0.46720	0.04867	0.06790	0.01536	0.01619	0.01110	0.00742	0.00705	0.00200	0.03000	0.00609	0.00566	0.01028
25	0.01220	0.01148	0.01938	0.75739	0.04450	0.01436	0.01794	0.01651	0.01292	0.01651	0.01148	0.01723	0.00861	0.00646	0.00646	0.00215	0.00861	0.00574	0.00287	0.00718
26	0.00940	0.00626	0.00705	0.00705	0.00705	0.00626	0.00392	0.00940	0.00940	0.01253	0.02036	0.04228	0.02349	0.77292	0.03289	0.00626	0.00626	0.00940	0.00392	0.00392
27	0.01709	0.73196	0.03303	0.01140	0.01661	0.02523	0.01124	0.01912	0.01294	0.01522	0.00895	0.01059	0.00830	0.00587	0.00515	0.00147	0.05126	0.00358	0.00277	0.00822
28	0.00940	0.00626	0.00705	0.00705	0.00705	0.00626	0.00392	0.00940	0.00940	0.01253	0.02036	0.04228	0.02349	0.77292	0.03289	0.00626	0.00626	0.00940	0.00392	0.00392
29	0.00787	0.00562	0.00750	0.00900	0.00937	0.00525	0.00600	0.00900	0.01237	0.01649	0.03561	0.76871	0.04274	0.02024	0.00825	0.00262	0.00375	0.01837	0.00600	0.00525
30	0.01499	0.01433	0.02442	0.22884	0.55124	0.01509	0.01933	0.01895	0.01424	0.01990	0.01198	0.01632	0.00981	0.00594	0.00641	0.00198	0.00792	0.00575	0.00311	0.00943
31	0.01657	0.65605	0.14848	0.01225	0.01843	0.02385	0.01314	0.01953	0.01321	0.01606	0.00941	0.01090	0.00827	0.00563	0.00447	0.00149	0.00734	0.00367	0.00276	0.00850
32	0.00786	0.00567	0.00745	0.00888	0.00934	0.00526	0.00595	0.00901	0.01248	0.01654	0.03705	0.73472	0.07579	0.02006	0.00822	0.00260	0.00373	0.01814	0.00600	0.00526
33	0.00914	0.00660	0.00864	0.00813	0.00965	0.00610	0.00610	0.01219	0.01829	0.02591	0.72921	0.04827	0.06097	0.01321	0.00762	0.00203	0.00305	0.01169	0.00711	0.00610
34	0.01526	0.01477	0.02417	0.16136	0.57123	0.03333	0.01880	0.01904	0.01450	0.02006	0.01383	0.01769	0.03481	0.00627	0.00644	0.00196	0.00779	0.00599	0.00324	0.00947
35	0.09871	0.04970	0.01775	0.01481	0.01867	0.41805	0.01161	0.20625	0.02042	0.02396	0.01241	0.01491	0.01008	0.00725	0.00584	0.00180	0.00927	0.02825	0.02193	0.00831
36	0.00802	0.00625	0.00723	0.00762	0.00905	0.00552	0.00544	0.00970	0.01446	0.01849	0.17027	0.28470	0.37601	0.03660	0.00848	0.00240	0.00346	0.01470	0.00614	0.00546
37	0.01340	0.01148	0.01340	0.00957	0.01531	0.00861	0.00766	0.01627	0.01340	0.02105	0.01148	0.01340	0.00957	0.00479	0.00479	0.00096	0.00479	0.00383	0.00383	0.81242
38	0.01705	0.73880	0.06994	0.01143	0.01717	0.02503	0.01171	0.01940	0.01316	0.01547	0.00912	0.01053	0.00829	0.00556	0.00425	0.00142	0.00704	0.00352	0.00276	0.00836
39	0.01238	0.00755	0.00943	0.00865	0.01107	0.00669	0.00678	0.01492	0.01687	0.14587	0.33675	0.04897	0.23912	0.01340	0.00747	0.00213	0.00385	0.07296	0.00676	0.02837
40	0.06735	0.01749	0.05312	0.01393	0.01888	0.05988	0.01175	0.37736	0.14108	0.12694	0.01765	0.01715	0.01255	0.00764	0.00625	0.00196	0.00678	0.00583	0.00611	0.03030
41	0.21582	0.01125	0.01201	0.01020	0.01376	0.01179	0.00816	0.11468	0.09695	0.16171	0.19319	0.02702	0.06137	0.00925	0.00617	0.00202	0.00478	0.00737	0.02416	0.00833
42	0.05962	0.01449	0.06138	0.01353	0.01849	0.05278	0.09796	0.09071	0.01688	0.23694	0.01844	0.01912	0.03163	0.00942	0.04965	0.00230	0.00728	0.00594	0.05331	0.14014
43	0.06435	0.35599	0.35160	0.01503	0.02234	0.01965	0.05139	0.01990	0.01334	0.01870	0.01037	0.01221	0.00824	0.00583	0.00521	0.00176	0.00818	0.00426	0.00285	0.00880
44	0.01525	0.26733	0.43556	0.01532	0.02293	0.01788	0.01817	0.03763	0.01410	0.05487	0.01239	0.03918	0.00987	0.00657	0.00560	0.00185	0.00825	0.00494	0.00321	0.00911
45	0.01908	0.17811	0.19342	0.04170	0.07952	0.17984	0.03318	0.02270	0.01544	0.13457	0.01376	0.03691	0.01076	0.00682	0.00585	0.00183	0.00850	0.00524	0.00388	0.00889
46	0.06275	0.09893	0.17238	0.01233	0.03248	0.03096	0.01162	0.03955	0.01546	0.13790	0.14755	0.09932	0.02360	0.02993	0.00697	0.00208	0.00601	0.00772	0.05439	0.00807

[dist]
# distance from previous block
# <min> <max>
61	237

[block]
# block no. 1 follows, 34 sequences, length 11
# corresponding to MSA columns:
# 513-523
name=unknown_B
#
# <colnr> <probs for GDERKNQSTAVLIFYWHMCP>
#	G	D	E	R	K	N	Q	S	T	A	V	L	I	F	Y	W	H	M	C	P
0	0.07632	0.05966	0.13160	0.03377	0.04284	0.14267	0.01257	0.11208	0.01605	0.03902	0.01587	0.04869	0.03575	0.01253	0.09053	0.00289	0.04700	0.00599	0.06619	0.00798
1	0.01794	0.05684	0.07501	0.01995	0.16947	0.10996	0.04295	0.14464	0.17746	0.02398	0.01543	0.01711	0.01209	0.00839	0.00797	0.07386	0.00756	0.00579	0.00447	0.00914
2	0.01571	0.01035	0.01383	0.01428	0.12462	0.00919	0.00931	0.04081	0.01486	0.16549	0.02278	0.16906	0.05414	0.04850	0.00768	0.00203	0.00519	0.00845	0.03304	0.23068
3	0.03438	0.09267	0.05196	0.01255	0.01596	0.18108	0.06150	0.01895	0.07598	0.02060	0.18905	0.02846	0.10184	0.01078	0.03341	0.00220	0.00709	0.00765	0.04660	0.00729
4	0.00880	0.05737	0.00916	0.00768	0.00963	0.00697	0.00584	0.01085	0.01547	0.01993	0.27382	0.14631	0.37501	0.01513	0.00748	0.00214	0.00350	0.01295	0.00615	0.00582
5	0.01670	0.45804	0.02881	0.01877	0.20468	0.02096	0.01318	0.06451	0.01444	0.01842	0.01099	0.01352	0.00968	0.00955	0.07086	0.00236	0.00805	0.00452	0.00318	0.00876
6	0.01111	0.02389	0.48171	0.01445	0.02125	0.01163	0.01729	0.01650	0.01383	0.01932	0.02805	0.08980	0.20463	0.01006	0.00672	0.00213	0.00738	0.00829	0.00388	0.00809
7	0.01727	0.77681	0.03386	0.01106	0.01658	0.02557	0.01106	0.01935	0.01313	0.01520	0.00898	0.01036	0.00829	0.00553	0.00415	0.00138	0.00691	0.00345	0.00276	0.00829
8	0.01013	0.00837	0.01087	0.01076	0.01205	0.05291	0.00834	0.01240	0.01087	0.01505	0.01686	0.02455	0.01568	0.04592	0.70233	0.00986	0.01696	0.00676	0.00345	0.00587
9	0.08064	0.45028	0.02689	0.07811	0.01965	0.02226	0.01168	0.20099	0.01748	0.02309	0.01092	0.01234	0.00893	0.00623	0.00495	0.00164	0.00697	0.00428	0.00384	0.00880
10	0.01816	0.04646	0.08122	0.01538	0.04335	0.20517	0.01246	0.08006	0.31670	0.02355	0.05303	0.01941	0.01603	0.00800	0.00677	0.00200	0.03192	0.00613	0.00504	0.00914

[dist]
# distance from previous block
# <min> <max>
0	212

# created by:
# /home/cegg/simao/soft/augustus-3.2.1/scripts/msa2prfl.pl ./align_prep/EOG090W0GZQ.fa
