[name]
unknown

[dist]
# distance from previous block
# <min> <max>
3	34

[block]
# block no. 0 follows, 37 sequences, length 10
# corresponding to MSA columns:
# 85-94
name=unknown_A
#
# <colnr> <probs for GDERKNQSTAVLIFYWHMCP>
#	G	D	E	R	K	N	Q	S	T	A	V	L	I	F	Y	W	H	M	C	P
0	0.01755	0.02004	0.14413	0.09316	0.02160	0.16201	0.01344	0.19410	0.20182	0.02428	0.01659	0.01719	0.03242	0.00723	0.00601	0.00189	0.00754	0.00560	0.00459	0.00881
1	0.01345	0.01305	0.02264	0.21391	0.43032	0.01352	0.08909	0.01715	0.01357	0.01856	0.01622	0.01971	0.07868	0.00654	0.00630	0.00192	0.00741	0.00634	0.00321	0.00841
2	0.01338	0.15511	0.35606	0.02084	0.21600	0.01535	0.01793	0.01816	0.01279	0.01815	0.01126	0.01414	0.00908	0.00980	0.08423	0.00262	0.00891	0.00477	0.00278	0.00864
3	0.01372	0.21800	0.33574	0.01363	0.01961	0.01581	0.01515	0.09103	0.01408	0.01941	0.03909	0.01547	0.01124	0.01303	0.13636	0.00314	0.00921	0.00491	0.00324	0.00814
4	0.01124	0.00774	0.01122	0.01046	0.01056	0.00937	0.00784	0.01018	0.00855	0.01214	0.01044	0.01764	0.01033	0.02059	0.09261	0.51141	0.22544	0.00545	0.00272	0.00408
5	0.01176	0.14843	0.16360	0.01489	0.09092	0.01220	0.04598	0.01527	0.01368	0.01841	0.09782	0.10717	0.05018	0.01066	0.00660	0.00209	0.00627	0.17265	0.00424	0.00717
6	0.01544	0.01500	0.08807	0.27872	0.07463	0.05232	0.05425	0.08813	0.04176	0.09047	0.01448	0.03075	0.02320	0.00739	0.00764	0.00205	0.08588	0.01794	0.00386	0.00802
7	0.09780	0.01511	0.01802	0.22463	0.11586	0.14992	0.08001	0.01968	0.10306	0.01893	0.01618	0.04716	0.05345	0.00725	0.00601	0.00194	0.00755	0.00619	0.00370	0.00753
8	0.01038	0.00883	0.01384	0.01956	0.28913	0.00861	0.01066	0.01242	0.01256	0.01729	0.02530	0.49002	0.02879	0.01396	0.00715	0.00223	0.00496	0.01286	0.00467	0.00677
9	0.01593	0.04370	0.32936	0.01730	0.10123	0.03725	0.01636	0.16101	0.07333	0.04483	0.01314	0.01437	0.00971	0.00620	0.00575	0.00178	0.00748	0.00491	0.00389	0.09246

[dist]
# distance from previous block
# <min> <max>
2	3

[block]
# block no. 1 follows, 37 sequences, length 17
# corresponding to MSA columns:
# 98-114
name=unknown_B
#
# <colnr> <probs for GDERKNQSTAVLIFYWHMCP>
#	G	D	E	R	K	N	Q	S	T	A	V	L	I	F	Y	W	H	M	C	P
0	0.01318	0.04513	0.09294	0.01481	0.01821	0.04146	0.10851	0.03760	0.01211	0.01741	0.01130	0.01550	0.00981	0.01462	0.15419	0.00346	0.23018	0.00532	0.00313	0.15114
1	0.00852	0.00672	0.00749	0.00759	0.00910	0.00639	0.00545	0.01140	0.08233	0.01702	0.08948	0.16562	0.36097	0.14031	0.03228	0.00299	0.00423	0.03130	0.00542	0.00540
2	0.09449	0.01510	0.02628	0.02565	0.26279	0.01511	0.30026	0.11386	0.01575	0.02316	0.01231	0.01542	0.00955	0.00567	0.00625	0.00191	0.00802	0.00598	0.03367	0.00877
3	0.01273	0.01301	0.02485	0.47716	0.07090	0.01430	0.26365	0.01717	0.01309	0.01722	0.01143	0.01633	0.00862	0.00575	0.00650	0.00204	0.00887	0.00606	0.00287	0.00744
4	0.04522	0.07573	0.10527	0.01202	0.01644	0.01353	0.01089	0.15146	0.16313	0.16429	0.12299	0.02370	0.02027	0.00835	0.00612	0.00193	0.00566	0.03842	0.00570	0.00888
5	0.01790	0.49586	0.02760	0.01251	0.01753	0.05096	0.05388	0.17037	0.06459	0.02064	0.01120	0.01218	0.00921	0.00593	0.00481	0.00153	0.00688	0.00426	0.00366	0.00852
6	0.00919	0.00671	0.00900	0.01021	0.01159	0.00652	0.00861	0.01162	0.01378	0.01773	0.03681	0.15449	0.13741	0.01699	0.00820	0.00267	0.00502	0.52230	0.00565	0.00549
7	0.02287	0.02917	0.01735	0.01577	0.01892	0.76030	0.01183	0.02444	0.01735	0.01498	0.00946	0.01104	0.00788	0.00631	0.00552	0.00158	0.01104	0.00394	0.00315	0.00710
8	0.01568	0.01651	0.02019	0.20022	0.34222	0.19212	0.01590	0.01886	0.01437	0.01763	0.01277	0.01933	0.01122	0.00685	0.00616	0.00190	0.00823	0.06858	0.00322	0.00803
9	0.00746	0.00533	0.00710	0.00852	0.00888	0.00497	0.00568	0.00852	0.01172	0.01563	0.03374	0.78088	0.04049	0.01918	0.00781	0.00249	0.00355	0.01740	0.00568	0.00497
10	0.00723	0.00620	0.00620	0.00620	0.00827	0.00517	0.00465	0.00878	0.01395	0.01654	0.06201	0.05891	0.74421	0.01550	0.00723	0.00207	0.00310	0.01292	0.00568	0.00517
11	0.00986	0.00705	0.00986	0.01127	0.01268	0.00705	0.00986	0.01268	0.01409	0.01832	0.03241	0.06905	0.03523	0.01691	0.00845	0.00282	0.00564	0.70549	0.00564	0.00564
12	0.02207	0.12187	0.01914	0.01512	0.01853	0.67045	0.01166	0.02370	0.01675	0.01491	0.00935	0.01089	0.00788	0.00618	0.00533	0.00154	0.01049	0.00386	0.00309	0.00719
13	0.00874	0.00656	0.00984	0.00984	0.01093	0.00765	0.00765	0.01093	0.00984	0.01421	0.01640	0.02405	0.01530	0.04591	0.76062	0.00984	0.01640	0.00656	0.00328	0.00547
14	0.00753	0.00536	0.00708	0.00843	0.00877	0.00502	0.00558	0.00854	0.01158	0.01544	0.03301	0.74331	0.03956	0.05801	0.00900	0.00266	0.00367	0.01697	0.00558	0.00491
15	0.00866	0.00626	0.00818	0.00770	0.00914	0.00578	0.00578	0.01155	0.01733	0.02455	0.74346	0.04572	0.05776	0.01251	0.00722	0.00193	0.00289	0.01107	0.00674	0.00578
16	0.01530	0.01403	0.01508	0.01320	0.01675	0.06028	0.05323	0.03021	0.61634	0.02420	0.02482	0.02330	0.04905	0.00830	0.00629	0.00204	0.00548	0.00702	0.00583	0.00925

[dist]
# distance from previous block
# <min> <max>
1	13

[block]
# block no. 2 follows, 37 sequences, length 11
# corresponding to MSA columns:
# 137-147
name=unknown_C
#
# <colnr> <probs for GDERKNQSTAVLIFYWHMCP>
#	G	D	E	R	K	N	Q	S	T	A	V	L	I	F	Y	W	H	M	C	P
0	0.02746	0.01042	0.01421	0.01089	0.01563	0.00900	0.00900	0.02983	0.01752	0.75093	0.02415	0.02083	0.01515	0.00758	0.00616	0.00189	0.00521	0.00616	0.00758	0.01042
1	0.02746	0.01042	0.01421	0.01089	0.01563	0.00900	0.00900	0.02983	0.01752	0.75093	0.02415	0.02083	0.01515	0.00758	0.00616	0.00189	0.00521	0.00616	0.00758	0.01042
2	0.01167	0.02832	0.65839	0.01631	0.02426	0.01304	0.02047	0.01801	0.01277	0.01891	0.01388	0.11047	0.01191	0.00751	0.00607	0.00201	0.00835	0.00616	0.00298	0.00853
3	0.01480	0.01419	0.02421	0.10927	0.67774	0.01445	0.01861	0.01848	0.01377	0.01957	0.01145	0.01526	0.00955	0.00552	0.00607	0.00184	0.00736	0.00545	0.00300	0.00941
4	0.00890	0.00593	0.00668	0.00668	0.00668	0.00593	0.00371	0.00890	0.00890	0.01187	0.01929	0.04006	0.02225	0.78487	0.03116	0.00593	0.00593	0.00890	0.00371	0.00371
5	0.01426	0.01794	0.10761	0.02552	0.06557	0.01531	0.62025	0.01955	0.01427	0.01960	0.01220	0.01609	0.00915	0.00524	0.00703	0.00204	0.01005	0.00687	0.00304	0.00840
6	0.01404	0.01675	0.14164	0.02019	0.02534	0.01395	0.39073	0.01848	0.01376	0.06602	0.03949	0.06155	0.01382	0.00760	0.00849	0.00216	0.09618	0.03821	0.00364	0.00796
7	0.01228	0.03166	0.75316	0.01745	0.02649	0.01422	0.02262	0.01939	0.01292	0.01939	0.01099	0.01292	0.00775	0.00582	0.00582	0.00194	0.00905	0.00452	0.00258	0.00905
8	0.02466	0.01492	0.01699	0.01303	0.01787	0.01568	0.01076	0.49583	0.02505	0.27429	0.01782	0.01673	0.01198	0.00742	0.00613	0.00186	0.00623	0.00572	0.00660	0.01041
9	0.73512	0.05735	0.05283	0.00873	0.01290	0.01436	0.00776	0.01809	0.01068	0.02626	0.00866	0.01011	0.00676	0.00566	0.00391	0.00186	0.00508	0.00338	0.00365	0.00684
10	0.00932	0.00611	0.00793	0.00819	0.00941	0.00557	0.00586	0.01118	0.01437	0.07194	0.29310	0.39541	0.10722	0.01560	0.00743	0.00220	0.00339	0.01390	0.00620	0.00567

[dist]
# distance from previous block
# <min> <max>
0	1

[block]
# block no. 3 follows, 37 sequences, length 80
# corresponding to MSA columns:
# 149-213,216-230
name=unknown_D
#
# <colnr> <probs for GDERKNQSTAVLIFYWHMCP>
#	G	D	E	R	K	N	Q	S	T	A	V	L	I	F	Y	W	H	M	C	P
0	0.10244	0.01921	0.26965	0.01631	0.07636	0.04662	0.10184	0.05372	0.03006	0.02219	0.13590	0.02030	0.03253	0.00723	0.00600	0.00190	0.00707	0.00619	0.03651	0.00796
1	0.01379	0.01412	0.10460	0.01065	0.01647	0.01008	0.00962	0.09328	0.01447	0.02191	0.01131	0.01294	0.00905	0.00500	0.00486	0.00114	0.00533	0.00394	0.00377	0.63366
2	0.09479	0.01394	0.01498	0.01170	0.01635	0.01446	0.00952	0.33803	0.11481	0.07271	0.01520	0.01538	0.01121	0.00664	0.00549	0.00164	0.00558	0.00507	0.02409	0.20842
3	0.01069	0.00706	0.00896	0.00841	0.01028	0.00663	0.00646	0.01419	0.06029	0.09028	0.49346	0.08110	0.11038	0.01267	0.00717	0.00203	0.00344	0.05360	0.00657	0.00634
4	0.01394	0.35598	0.28928	0.01271	0.01872	0.01698	0.01409	0.01771	0.01269	0.03880	0.01310	0.10648	0.01212	0.00720	0.00519	0.00168	0.00695	0.00557	0.00318	0.04763
5	0.00795	0.00537	0.00693	0.00818	0.00866	0.00506	0.00551	0.00923	0.01186	0.01651	0.03204	0.68742	0.03743	0.01769	0.00738	0.00236	0.00347	0.01596	0.10594	0.00506
6	0.02093	0.18274	0.02092	0.04289	0.01907	0.26468	0.01172	0.29614	0.02033	0.02408	0.01131	0.01249	0.00888	0.00662	0.00590	0.00167	0.03242	0.00452	0.00417	0.00852
7	0.02199	0.01658	0.01815	0.01497	0.05176	0.01836	0.01174	0.61574	0.10792	0.03627	0.01571	0.01564	0.01131	0.00737	0.00613	0.00186	0.00655	0.00567	0.00599	0.01030
8	0.00795	0.00568	0.00766	0.00903	0.00961	0.00539	0.00649	0.00940	0.01233	0.01639	0.05295	0.62439	0.03995	0.01856	0.00792	0.00253	0.00393	0.14901	0.00570	0.00512
9	0.01656	0.76557	0.03163	0.01063	0.01581	0.04650	0.01051	0.01851	0.01259	0.01442	0.00854	0.00986	0.00786	0.00527	0.00398	0.00132	0.00668	0.00329	0.00263	0.00783
10	0.03890	0.38254	0.15433	0.01380	0.01921	0.19571	0.04761	0.05224	0.01447	0.01711	0.00964	0.01120	0.00800	0.00570	0.00489	0.00156	0.00819	0.00395	0.00295	0.00799
11	0.01156	0.01088	0.01836	0.77016	0.04216	0.01360	0.01700	0.01564	0.01224	0.01564	0.01088	0.01632	0.00816	0.00612	0.00612	0.00204	0.00816	0.00544	0.00272	0.00680
12	0.00754	0.00647	0.00649	0.00644	0.00856	0.00555	0.00484	0.00969	0.04158	0.01688	0.06059	0.05753	0.71643	0.01523	0.00720	0.00207	0.00317	0.01269	0.00571	0.00534
13	0.01133	0.01020	0.01720	0.31290	0.08370	0.01111	0.10045	0.03670	0.01327	0.01752	0.01960	0.21380	0.01991	0.01058	0.00696	0.00223	0.00685	0.09496	0.00400	0.00672
14	0.00730	0.00620	0.00630	0.00627	0.00831	0.00520	0.00471	0.00892	0.01412	0.01693	0.09516	0.05827	0.71081	0.01536	0.00723	0.00206	0.00309	0.01283	0.00574	0.00520
15	0.01156	0.01088	0.01836	0.77016	0.04216	0.01360	0.01700	0.01564	0.01224	0.01564	0.01088	0.01632	0.00816	0.00612	0.00612	0.00204	0.00816	0.00544	0.00272	0.00680
16	0.01429	0.38440	0.38381	0.01457	0.02171	0.01895	0.04890	0.01890	0.01277	0.01707	0.00989	0.01164	0.00787	0.00552	0.00500	0.00165	0.00794	0.00406	0.00262	0.00845
17	0.02746	0.01042	0.01421	0.01089	0.01563	0.00900	0.00900	0.02983	0.01752	0.75093	0.02415	0.02083	0.01515	0.00758	0.00616	0.00189	0.00521	0.00616	0.00758	0.01042
18	0.00774	0.00622	0.00690	0.00673	0.00858	0.00538	0.00505	0.00977	0.01515	0.01938	0.30375	0.05423	0.50069	0.01444	0.00723	0.00202	0.00303	0.01226	0.00606	0.00538
19	0.01434	0.01678	0.06390	0.02273	0.02822	0.06156	0.54514	0.01935	0.03031	0.01928	0.01484	0.02251	0.01248	0.00676	0.00718	0.00212	0.00962	0.09150	0.00345	0.00793
20	0.08192	0.02272	0.05325	0.01457	0.01855	0.41327	0.03517	0.09419	0.08235	0.10710	0.01322	0.01382	0.00992	0.00663	0.00566	0.00174	0.00877	0.00472	0.00427	0.00815
21	0.82811	0.01184	0.00900	0.00805	0.01184	0.01373	0.00663	0.01799	0.01042	0.02746	0.00852	0.00994	0.00663	0.00568	0.00379	0.00189	0.00474	0.00331	0.00379	0.00663
22	0.01260	0.04911	0.01992	0.60901	0.08811	0.01397	0.04849	0.01646	0.01256	0.03811	0.01146	0.01657	0.00881	0.02260	0.00659	0.00207	0.00798	0.00551	0.00292	0.00716
23	0.00814	0.00687	0.00713	0.00695	0.00909	0.00619	0.00525	0.01133	0.08294	0.01823	0.12946	0.05411	0.60370	0.01451	0.00714	0.00205	0.00324	0.01216	0.00585	0.00566
24	0.01448	0.01785	0.14679	0.02135	0.02763	0.01417	0.46513	0.01939	0.01397	0.05503	0.01240	0.01557	0.00926	0.00549	0.00704	0.00191	0.03421	0.00623	0.00328	0.10880
25	0.01354	0.12670	0.62569	0.01624	0.02460	0.01523	0.02041	0.01976	0.01309	0.05434	0.01131	0.01291	0.00813	0.00583	0.00559	0.00186	0.00854	0.00444	0.00283	0.00896
26	0.02720	0.01084	0.01447	0.01109	0.01584	0.00963	0.00916	0.07393	0.01823	0.70582	0.02355	0.02045	0.01485	0.00756	0.00615	0.00189	0.00531	0.00611	0.00748	0.01042
27	0.01261	0.01083	0.01169	0.01112	0.03314	0.01183	0.00831	0.02428	0.47064	0.02298	0.08957	0.03390	0.21271	0.01045	0.00657	0.00206	0.00430	0.00878	0.00604	0.00820
28	0.01982	0.11377	0.01786	0.03382	0.01677	0.03581	0.04252	0.08297	0.03516	0.30906	0.01895	0.10947	0.01532	0.00891	0.00796	0.00200	0.10887	0.00696	0.00540	0.00860
29	0.00812	0.00597	0.00845	0.00954	0.01026	0.00567	0.02677	0.00963	0.01225	0.01625	0.03288	0.62319	0.03860	0.01835	0.00792	0.00254	0.00414	0.14869	0.00560	0.00519
30	0.00841	0.00618	0.00788	0.00759	0.00903	0.00565	0.00564	0.01101	0.01652	0.02297	0.61280	0.10293	0.13388	0.01336	0.00727	0.00198	0.00296	0.01176	0.00654	0.00565
31	0.02287	0.02917	0.01735	0.01577	0.01892	0.76030	0.01183	0.02444	0.01735	0.01498	0.00946	0.01104	0.00788	0.00631	0.00552	0.00158	0.01104	0.00394	0.00315	0.00710
32	0.01561	0.01686	0.08936	0.04742	0.02930	0.01498	0.52688	0.04270	0.01478	0.08673	0.01319	0.01642	0.00965	0.00577	0.00749	0.00206	0.04210	0.00672	0.00353	0.00847
33	0.00758	0.00541	0.00724	0.00866	0.00907	0.00507	0.00589	0.00873	0.01184	0.01576	0.03367	0.74558	0.04023	0.01907	0.00784	0.00250	0.00365	0.05152	0.00568	0.00500
34	0.01316	0.01305	0.01831	0.01576	0.01582	0.01820	0.01311	0.01454	0.00940	0.01471	0.00845	0.01392	0.00840	0.01246	0.05681	0.00303	0.73612	0.00542	0.00271	0.00664
35	0.01269	0.01088	0.01269	0.00907	0.01451	0.00816	0.00725	0.01541	0.01269	0.01995	0.01088	0.01269	0.00907	0.00453	0.00453	0.00091	0.00453	0.00363	0.00363	0.82229
36	0.01246	0.06482	0.72157	0.01714	0.02602	0.01465	0.02208	0.01934	0.01290	0.01917	0.01088	0.01279	0.00776	0.00579	0.00573	0.00191	0.00894	0.00447	0.00259	0.00899
37	0.00755	0.00539	0.00721	0.00863	0.00902	0.00505	0.00584	0.00868	0.01181	0.01573	0.03369	0.75363	0.04028	0.01909	0.00784	0.00250	0.00363	0.04375	0.00568	0.00500
38	0.00746	0.00533	0.00710	0.00852	0.00888	0.00497	0.00568	0.00852	0.01172	0.01563	0.03374	0.78088	0.04049	0.01918	0.00781	0.00249	0.00355	0.01740	0.00568	0.00497
39	0.07342	0.73396	0.03045	0.01030	0.01544	0.02348	0.01020	0.01831	0.01230	0.01532	0.00851	0.00983	0.00777	0.00527	0.00392	0.00135	0.00642	0.00328	0.00270	0.00777
40	0.02294	0.02698	0.01753	0.01546	0.01893	0.62481	0.01179	0.15272	0.01944	0.01929	0.01042	0.01171	0.00835	0.00650	0.00563	0.00162	0.01025	0.00423	0.00370	0.00770
41	0.01619	0.75540	0.06366	0.01078	0.01618	0.02378	0.01101	0.01838	0.01246	0.01462	0.00862	0.00996	0.00785	0.00526	0.00401	0.00134	0.00666	0.00333	0.00262	0.00791
42	0.01138	0.01064	0.01787	0.73680	0.04070	0.01322	0.01650	0.01533	0.01222	0.01564	0.01188	0.04981	0.00958	0.00669	0.00619	0.00206	0.00796	0.00596	0.00285	0.00672
43	0.00936	0.00746	0.01016	0.01001	0.01103	0.03072	0.00769	0.01132	0.00997	0.01407	0.01610	0.02451	0.01535	0.10188	0.65164	0.00900	0.04440	0.00662	0.00329	0.00542
44	0.00746	0.00533	0.00710	0.00852	0.00888	0.00497	0.00568	0.00852	0.01172	0.01563	0.03374	0.78088	0.04049	0.01918	0.00781	0.00249	0.00355	0.01740	0.00568	0.00497
45	0.00890	0.00664	0.00954	0.00947	0.01035	0.00766	0.00714	0.01069	0.00967	0.01383	0.01666	0.02648	0.01629	0.17073	0.61644	0.00898	0.03510	0.00692	0.00334	0.00520
46	0.00890	0.00593	0.00668	0.00668	0.00668	0.00593	0.00371	0.00890	0.00890	0.01187	0.01929	0.04006	0.02225	0.78487	0.03116	0.00593	0.00593	0.00890	0.00371	0.00371
47	0.01330	0.01327	0.01873	0.05346	0.01736	0.01849	0.01357	0.01478	0.00952	0.01478	0.00818	0.01354	0.00804	0.01049	0.01940	0.00265	0.73571	0.00536	0.00268	0.00670
48	0.00746	0.00533	0.00710	0.00852	0.00888	0.00497	0.00568	0.00852	0.01172	0.01563	0.03374	0.78088	0.04049	0.01918	0.00781	0.00249	0.00355	0.01740	0.00568	0.00497
49	0.01445	0.01651	0.03612	0.02580	0.03199	0.01548	0.72446	0.01961	0.01445	0.01961	0.01238	0.01651	0.00929	0.00516	0.00722	0.00206	0.01032	0.00722	0.00310	0.00826
50	0.01445	0.01651	0.03612	0.02580	0.03199	0.01548	0.72446	0.01961	0.01445	0.01961	0.01238	0.01651	0.00929	0.00516	0.00722	0.00206	0.01032	0.00722	0.00310	0.00826
51	0.00768	0.00568	0.00802	0.00907	0.00961	0.00530	0.02841	0.00887	0.01181	0.01575	0.03306	0.75671	0.03950	0.01873	0.00779	0.00247	0.00377	0.01708	0.00560	0.00508
52	0.01372	0.01437	0.02418	0.01911	0.02105	0.01773	0.23563	0.01626	0.01096	0.01626	0.00939	0.01437	0.00843	0.00898	0.01607	0.00249	0.53509	0.00594	0.00281	0.00718
53	0.00746	0.00533	0.00710	0.00852	0.00888	0.00497	0.00568	0.00852	0.01172	0.01563	0.03374	0.78088	0.04049	0.01918	0.00781	0.00249	0.00355	0.01740	0.00568	0.00497
54	0.00726	0.00609	0.00631	0.00649	0.00834	0.00514	0.00478	0.00875	0.01368	0.01642	0.05852	0.14792	0.65744	0.01596	0.00731	0.00212	0.00316	0.01347	0.00568	0.00514
55	0.01228	0.03166	0.75316	0.01745	0.02649	0.01422	0.02262	0.01939	0.01292	0.01939	0.01099	0.01292	0.00775	0.00582	0.00582	0.00194	0.00905	0.00452	0.00258	0.00905
56	0.00746	0.00533	0.00710	0.00852	0.00888	0.00497	0.00568	0.00852	0.01172	0.01563	0.03374	0.78088	0.04049	0.01918	0.00781	0.00249	0.00355	0.01740	0.00568	0.00497
57	0.00723	0.00620	0.00620	0.00620	0.00827	0.00517	0.00465	0.00878	0.01395	0.01654	0.06201	0.05891	0.74421	0.01550	0.00723	0.00207	0.00310	0.01292	0.00568	0.00517
58	0.01161	0.01095	0.01837	0.74948	0.04144	0.01374	0.01690	0.01561	0.01216	0.01561	0.01080	0.01624	0.00816	0.00625	0.00650	0.00206	0.02915	0.00544	0.00272	0.00680
59	0.02238	0.12378	0.05129	0.01250	0.01710	0.13365	0.01068	0.11099	0.11211	0.31658	0.01799	0.01690	0.01253	0.00704	0.00573	0.00178	0.00664	0.00535	0.00560	0.00937
60	0.68867	0.01484	0.01044	0.00939	0.01306	0.14301	0.00753	0.01911	0.01162	0.02530	0.00869	0.01013	0.00685	0.00579	0.00409	0.00184	0.00583	0.00342	0.00368	0.00671
61	0.01348	0.01319	0.03666	0.39843	0.35098	0.01419	0.03406	0.03313	0.01342	0.01824	0.01128	0.01570	0.00890	0.00583	0.00611	0.00194	0.00781	0.00547	0.00294	0.00823
62	0.01032	0.00672	0.00802	0.00746	0.00955	0.00588	0.00567	0.01250	0.01570	0.11031	0.33352	0.07058	0.35408	0.01342	0.00711	0.00200	0.00329	0.01147	0.00635	0.00606
63	0.01241	0.05651	0.72949	0.01722	0.02614	0.01454	0.02222	0.01935	0.01291	0.01922	0.01090	0.01282	0.00776	0.00580	0.00575	0.00192	0.00896	0.00448	0.00259	0.00901
64	0.01253	0.07787	0.70914	0.01702	0.02584	0.01483	0.02188	0.01932	0.01289	0.01908	0.01083	0.01273	0.00776	0.00578	0.00570	0.00190	0.00889	0.00445	0.00259	0.00897
65	0.02746	0.01042	0.01421	0.01089	0.01563	0.00900	0.00900	0.02983	0.01752	0.75093	0.02415	0.02083	0.01515	0.00758	0.00616	0.00189	0.00521	0.00616	0.00758	0.01042
66	0.00754	0.00539	0.00718	0.00846	0.00890	0.00503	0.00569	0.00874	0.01212	0.01627	0.08462	0.72818	0.04172	0.01870	0.00777	0.00245	0.00350	0.01695	0.00576	0.00503
67	0.01842	0.01327	0.01928	0.07823	0.02084	0.01456	0.12408	0.14219	0.10209	0.19497	0.04811	0.01864	0.01377	0.00793	0.00902	0.00210	0.15234	0.00631	0.00509	0.00878
68	0.00890	0.00593	0.00668	0.00668	0.00668	0.00593	0.00371	0.00890	0.00890	0.01187	0.01929	0.04006	0.02225	0.78487	0.03116	0.00593	0.00593	0.00890	0.00371	0.00371
69	0.02746	0.01042	0.01421	0.01089	0.01563	0.00900	0.00900	0.02983	0.01752	0.75093	0.02415	0.02083	0.01515	0.00758	0.00616	0.00189	0.00521	0.00616	0.00758	0.01042
70	0.01554	0.01659	0.03393	0.02436	0.03039	0.01591	0.63657	0.10673	0.01621	0.02195	0.01267	0.01629	0.00943	0.00543	0.00709	0.00204	0.00988	0.00701	0.00347	0.00852
71	0.01932	0.08785	0.18799	0.01413	0.01953	0.11851	0.01347	0.20937	0.13230	0.11457	0.01536	0.01540	0.01112	0.00685	0.00580	0.00182	0.00736	0.00517	0.00479	0.00930
72	0.01471	0.01568	0.03920	0.07198	0.18753	0.05187	0.26725	0.02018	0.10238	0.01914	0.01275	0.01612	0.01016	0.00667	0.00880	0.00208	0.13561	0.00616	0.00337	0.00836
73	0.00750	0.00547	0.00696	0.00813	0.00869	0.00505	0.00545	0.00858	0.01187	0.01556	0.03671	0.64984	0.13150	0.05667	0.00890	0.00260	0.00361	0.01639	0.00558	0.00493
74	0.02348	0.01533	0.01698	0.01308	0.01778	0.01647	0.01078	0.56167	0.02590	0.17075	0.01672	0.01624	0.01155	0.00738	0.00604	0.00183	0.00626	0.00564	0.04593	0.01018
75	0.01228	0.03166	0.75316	0.01745	0.02649	0.01422	0.02262	0.01939	0.01292	0.01939	0.01099	0.01292	0.00775	0.00582	0.00582	0.00194	0.00905	0.00452	0.00258	0.00905
76	0.02635	0.01141	0.01467	0.01128	0.01596	0.01056	0.00931	0.14462	0.01926	0.61406	0.02248	0.01987	0.01438	0.00753	0.00610	0.00187	0.00540	0.00604	0.02857	0.01029
77	0.82811	0.01184	0.00900	0.00805	0.01184	0.01373	0.00663	0.01799	0.01042	0.02746	0.00852	0.00994	0.00663	0.00568	0.00379	0.00189	0.00474	0.00331	0.00379	0.00663
78	0.01415	0.02904	0.66205	0.01664	0.02515	0.01357	0.02094	0.02067	0.01349	0.10958	0.01261	0.01390	0.00867	0.00603	0.00586	0.00193	0.00857	0.00472	0.00320	0.00922
79	0.04784	0.15055	0.10329	0.01360	0.01887	0.06462	0.01240	0.42459	0.02233	0.06511	0.01315	0.01358	0.00962	0.00671	0.00560	0.00175	0.00709	0.00488	0.00493	0.00949

[dist]
# distance from previous block
# <min> <max>
0	4

[block]
# block no. 4 follows, 37 sequences, length 35
# corresponding to MSA columns:
# 235-239,245-274
name=unknown_E
#
# <colnr> <probs for GDERKNQSTAVLIFYWHMCP>
#	G	D	E	R	K	N	Q	S	T	A	V	L	I	F	Y	W	H	M	C	P
0	0.01169	0.00704	0.00851	0.00768	0.01003	0.00614	0.00592	0.01391	0.01593	0.16168	0.31529	0.04650	0.34065	0.01283	0.00702	0.00198	0.00343	0.01090	0.00645	0.00642
1	0.00768	0.00558	0.00758	0.03447	0.01014	0.00534	0.00621	0.00891	0.01182	0.01572	0.03292	0.73014	0.03921	0.01866	0.00778	0.00248	0.00378	0.04096	0.00558	0.00506
2	0.03626	0.03386	0.01532	0.04015	0.01695	0.27798	0.02764	0.13854	0.08116	0.08738	0.01514	0.01737	0.01193	0.06034	0.00734	0.00200	0.00750	0.00534	0.11001	0.00778
3	0.01244	0.03050	0.69793	0.01809	0.02692	0.01431	0.07667	0.01940	0.01304	0.01940	0.01109	0.01320	0.00787	0.00577	0.00592	0.00195	0.00914	0.00473	0.00262	0.00899
4	0.00746	0.00533	0.00710	0.00852	0.00888	0.00497	0.00568	0.00852	0.01172	0.01563	0.03374	0.78088	0.04049	0.01918	0.00781	0.00249	0.00355	0.01740	0.00568	0.00497
5	0.01228	0.03166	0.75316	0.01745	0.02649	0.01422	0.02262	0.01939	0.01292	0.01939	0.01099	0.01292	0.00775	0.00582	0.00582	0.00194	0.00905	0.00452	0.00258	0.00905
6	0.01156	0.01088	0.01836	0.77016	0.04216	0.01360	0.01700	0.01564	0.01224	0.01564	0.01088	0.01632	0.00816	0.00612	0.00612	0.00204	0.00816	0.00544	0.00272	0.00680
7	0.01567	0.01309	0.01394	0.01228	0.01576	0.01494	0.00962	0.11303	0.59663	0.02706	0.07905	0.02364	0.02072	0.00852	0.00629	0.00204	0.00492	0.00707	0.00626	0.00947
8	0.00758	0.00546	0.00719	0.00835	0.00888	0.00507	0.00565	0.00887	0.01242	0.01665	0.11330	0.67242	0.06886	0.01830	0.00773	0.00241	0.00346	0.01653	0.00580	0.00507
9	0.02746	0.01042	0.01421	0.01089	0.01563	0.00900	0.00900	0.02983	0.01752	0.75093	0.02415	0.02083	0.01515	0.00758	0.00616	0.00189	0.00521	0.00616	0.00758	0.01042
10	0.00746	0.00533	0.00710	0.00852	0.00888	0.00497	0.00568	0.00852	0.01172	0.01563	0.03374	0.78088	0.04049	0.01918	0.00781	0.00249	0.00355	0.01740	0.00568	0.00497
11	0.00746	0.00533	0.00710	0.00852	0.00888	0.00497	0.00568	0.00852	0.01172	0.01563	0.03374	0.78088	0.04049	0.01918	0.00781	0.00249	0.00355	0.01740	0.00568	0.00497
12	0.02746	0.01042	0.01421	0.01089	0.01563	0.00900	0.00900	0.02983	0.01752	0.75093	0.02415	0.02083	0.01515	0.00758	0.00616	0.00189	0.00521	0.00616	0.00758	0.01042
13	0.00890	0.00593	0.00668	0.00668	0.00668	0.00593	0.00371	0.00890	0.00890	0.01187	0.01929	0.04006	0.02225	0.78487	0.03116	0.00593	0.00593	0.00890	0.00371	0.00371
14	0.01327	0.20345	0.49950	0.01485	0.02259	0.01580	0.01800	0.01867	0.01278	0.01830	0.01040	0.01218	0.00793	0.00553	0.00523	0.00167	0.00794	0.00413	0.00272	0.10504
15	0.01420	0.23066	0.32522	0.01971	0.16505	0.01727	0.05153	0.01923	0.03662	0.01818	0.01082	0.01304	0.00861	0.00584	0.00603	0.00179	0.04002	0.00461	0.00283	0.00874
16	0.01269	0.01088	0.01269	0.00907	0.01451	0.00816	0.00725	0.01541	0.01269	0.01995	0.01088	0.01269	0.00907	0.00453	0.00453	0.00091	0.00453	0.00363	0.00363	0.82229
17	0.01311	0.04447	0.06913	0.01694	0.04153	0.01461	0.17775	0.04285	0.08461	0.01856	0.01666	0.15013	0.01615	0.01006	0.01063	0.00229	0.22496	0.03424	0.00389	0.00745
18	0.01565	0.01732	0.10587	0.04802	0.22136	0.12967	0.03023	0.06150	0.10169	0.04255	0.01639	0.09728	0.01463	0.00825	0.00674	0.00198	0.03246	0.03596	0.00407	0.00838
19	0.02195	0.01587	0.01696	0.01315	0.01766	0.01751	0.01082	0.64704	0.02701	0.03682	0.01528	0.01560	0.01100	0.00732	0.00592	0.00179	0.00630	0.00553	0.09657	0.00989
20	0.01269	0.01088	0.01269	0.00907	0.01451	0.00816	0.00725	0.01541	0.01269	0.01995	0.01088	0.01269	0.00907	0.00453	0.00453	0.00091	0.00453	0.00363	0.00363	0.82229
21	0.00890	0.00595	0.00678	0.00678	0.00681	0.00599	0.00384	0.00897	0.00893	0.01194	0.01919	0.03954	0.02203	0.76103	0.05469	0.00606	0.00627	0.00883	0.00370	0.00377
22	0.14366	0.01382	0.01553	0.03522	0.01746	0.01456	0.01014	0.35677	0.02163	0.28456	0.01696	0.01618	0.01143	0.00714	0.00579	0.00187	0.00595	0.00541	0.00618	0.00974
23	0.01575	0.68935	0.02993	0.01087	0.01550	0.02296	0.01056	0.01768	0.01207	0.01442	0.00887	0.01081	0.00825	0.00771	0.04340	0.00185	0.06613	0.00360	0.00266	0.00765
24	0.00746	0.00533	0.00710	0.00852	0.00888	0.00497	0.00568	0.00852	0.01172	0.01563	0.03374	0.78088	0.04049	0.01918	0.00781	0.00249	0.00355	0.01740	0.00568	0.00497
25	0.00746	0.00533	0.00710	0.00852	0.00888	0.00497	0.00568	0.00852	0.01172	0.01563	0.03374	0.78088	0.04049	0.01918	0.00781	0.00249	0.00355	0.01740	0.00568	0.00497
26	0.04141	0.10881	0.15042	0.01501	0.01875	0.07244	0.09515	0.01774	0.01259	0.07583	0.01416	0.12166	0.01319	0.00899	0.00964	0.00211	0.20422	0.00676	0.00359	0.00752
27	0.01303	0.01204	0.01781	0.01325	0.01821	0.01052	0.16420	0.01737	0.06888	0.02024	0.03965	0.01789	0.01268	0.00597	0.00602	0.00142	0.03103	0.03444	0.00388	0.49147
28	0.01902	0.01448	0.01763	0.07463	0.07600	0.01594	0.03852	0.29281	0.26543	0.09229	0.01837	0.01823	0.01337	0.00737	0.00620	0.00195	0.00625	0.00610	0.00567	0.00975
29	0.01315	0.01316	0.01947	0.01639	0.01694	0.01773	0.06777	0.01485	0.00980	0.01507	0.00895	0.01437	0.00863	0.01271	0.07002	0.00312	0.66280	0.00558	0.00275	0.00673
30	0.06020	0.01131	0.01781	0.68031	0.03900	0.01393	0.01607	0.05817	0.01312	0.01770	0.01097	0.01585	0.00820	0.00617	0.00598	0.00202	0.00787	0.00532	0.00299	0.00701
31	0.01418	0.01584	0.03294	0.05567	0.03019	0.01586	0.59519	0.01876	0.01364	0.01876	0.01171	0.01607	0.00907	0.00598	0.00898	0.00215	0.11714	0.00689	0.00302	0.00798
32	0.01515	0.01454	0.02485	0.03757	0.74669	0.01454	0.01879	0.01879	0.01394	0.02000	0.01151	0.01515	0.00970	0.00545	0.00606	0.00182	0.00727	0.00545	0.00303	0.00970
33	0.00794	0.00623	0.00718	0.00694	0.00870	0.00547	0.00520	0.01015	0.01561	0.02048	0.39756	0.05242	0.40619	0.01403	0.00723	0.00200	0.00300	0.01201	0.00620	0.00547
34	0.02628	0.01016	0.01383	0.01069	0.01522	0.00879	0.00879	0.02868	0.01751	0.70524	0.06939	0.02240	0.01783	0.00789	0.00622	0.00190	0.00506	0.00646	0.00752	0.01013

[dist]
# distance from previous block
# <min> <max>
0	1

[block]
# block no. 5 follows, 37 sequences, length 13
# corresponding to MSA columns:
# 276-288
name=unknown_F
#
# <colnr> <probs for GDERKNQSTAVLIFYWHMCP>
#	G	D	E	R	K	N	Q	S	T	A	V	L	I	F	Y	W	H	M	C	P
0	0.01247	0.03053	0.70476	0.01878	0.07435	0.01424	0.02236	0.01935	0.01299	0.01943	0.01102	0.01307	0.00788	0.00579	0.00583	0.00193	0.00893	0.00459	0.00261	0.00909
1	0.00777	0.00557	0.00739	0.00831	0.00895	0.00518	0.00571	0.00932	0.01319	0.01796	0.21950	0.58846	0.04501	0.01743	0.00766	0.00234	0.00338	0.01574	0.00596	0.00518
2	0.02287	0.02917	0.01735	0.01577	0.01892	0.76030	0.01183	0.02444	0.01735	0.01498	0.00946	0.01104	0.00788	0.00631	0.00552	0.00158	0.01104	0.00394	0.00315	0.00710
3	0.02573	0.01127	0.01450	0.01133	0.01593	0.01051	0.00929	0.08590	0.10068	0.61081	0.02348	0.02057	0.01518	0.00764	0.00616	0.00191	0.00529	0.00619	0.00731	0.01033
4	0.02746	0.01042	0.01421	0.01089	0.01563	0.00900	0.00900	0.02983	0.01752	0.75093	0.02415	0.02083	0.01515	0.00758	0.00616	0.00189	0.00521	0.00616	0.00758	0.01042
5	0.00725	0.00615	0.00625	0.00633	0.00830	0.00516	0.00471	0.00877	0.01383	0.01649	0.06049	0.09787	0.70623	0.01570	0.00727	0.00209	0.00312	0.01316	0.00568	0.00516
6	0.00746	0.00533	0.00710	0.00852	0.00888	0.00497	0.00568	0.00852	0.01172	0.01563	0.03374	0.78088	0.04049	0.01918	0.00781	0.00249	0.00355	0.01740	0.00568	0.00497
7	0.01419	0.01357	0.02312	0.23290	0.55885	0.01429	0.01831	0.01795	0.01349	0.01884	0.01135	0.01546	0.00929	0.00563	0.00608	0.00188	0.00751	0.00545	0.00295	0.00892
8	0.01263	0.00852	0.01042	0.01050	0.01270	0.00879	0.00876	0.04202	0.14584	0.07489	0.03015	0.04857	0.07374	0.01297	0.00718	0.00235	0.00497	0.36687	0.11126	0.00687
9	0.01228	0.03166	0.75316	0.01745	0.02649	0.01422	0.02262	0.01939	0.01292	0.01939	0.01099	0.01292	0.00775	0.00582	0.00582	0.00194	0.00905	0.00452	0.00258	0.00905
10	0.01494	0.01708	0.05377	0.01629	0.01783	0.16294	0.06068	0.01692	0.01148	0.01529	0.00933	0.01386	0.00858	0.01170	0.06724	0.00288	0.48419	0.00525	0.00284	0.00690
11	0.01483	0.01505	0.05803	0.20685	0.10242	0.01552	0.22628	0.13349	0.01547	0.02109	0.01233	0.03691	0.00989	0.00685	0.00809	0.00207	0.09688	0.00627	0.00349	0.00816
12	0.01422	0.05375	0.47922	0.01608	0.02332	0.04158	0.06437	0.05371	0.05842	0.06339	0.01612	0.01719	0.05803	0.00674	0.00598	0.00192	0.00812	0.00548	0.00353	0.00881

[dist]
# distance from previous block
# <min> <max>
0	6

[block]
# block no. 6 follows, 37 sequences, length 41
# corresponding to MSA columns:
# 295-318,320-336
name=unknown_G
#
# <colnr> <probs for GDERKNQSTAVLIFYWHMCP>
#	G	D	E	R	K	N	Q	S	T	A	V	L	I	F	Y	W	H	M	C	P
0	0.01932	0.13078	0.02076	0.01424	0.01870	0.07588	0.08321	0.32976	0.11152	0.05057	0.01486	0.01581	0.01129	0.00982	0.06371	0.00241	0.00786	0.00551	0.00491	0.00908
1	0.01692	0.01388	0.01639	0.01352	0.01754	0.01529	0.06595	0.18138	0.43099	0.05050	0.02183	0.02095	0.03772	0.00791	0.00650	0.00197	0.02025	0.00661	0.00580	0.04811
2	0.01847	0.01854	0.10648	0.01390	0.01827	0.13091	0.01216	0.22878	0.18282	0.06062	0.03316	0.01789	0.01329	0.00764	0.00687	0.00190	0.05374	0.02193	0.00500	0.04763
3	0.01462	0.01119	0.01315	0.00951	0.01486	0.00884	0.00765	0.05614	0.01402	0.08745	0.01230	0.01354	0.00969	0.00497	0.00477	0.00105	0.00472	0.00396	0.00412	0.70346
4	0.01366	0.01302	0.02215	0.34180	0.45412	0.01415	0.01804	0.01748	0.01323	0.01819	0.01125	0.01564	0.00906	0.00573	0.00608	0.00191	0.00764	0.00545	0.00290	0.00849
5	0.00779	0.00573	0.00736	0.00846	0.00928	0.00531	0.00605	0.00924	0.01266	0.01655	0.07301	0.53788	0.15398	0.01797	0.00777	0.00243	0.00371	0.10395	0.00573	0.00513
6	0.01558	0.01315	0.01462	0.01264	0.01566	0.10801	0.06534	0.18259	0.05142	0.04605	0.02131	0.02847	0.06740	0.01616	0.14503	0.00343	0.00849	0.10996	0.06723	0.00743
7	0.01996	0.04362	0.01585	0.01307	0.01642	0.28280	0.01007	0.20992	0.11465	0.06707	0.01523	0.01844	0.01257	0.12224	0.00956	0.00237	0.00781	0.00560	0.00469	0.00805
8	0.00757	0.00544	0.00718	0.00837	0.00889	0.00506	0.00566	0.00882	0.01233	0.01651	0.10283	0.68865	0.06314	0.01843	0.00774	0.00242	0.00347	0.01666	0.00578	0.00506
9	0.00768	0.00550	0.00730	0.00837	0.00893	0.00512	0.00570	0.00908	0.01275	0.01727	0.16413	0.64582	0.04366	0.01795	0.00770	0.00238	0.00343	0.01624	0.00588	0.00512
10	0.01443	0.01381	0.02355	0.18385	0.60601	0.01436	0.01843	0.01816	0.01360	0.01913	0.01139	0.01538	0.00939	0.00559	0.00607	0.00186	0.00745	0.00545	0.00297	0.00912
11	0.00842	0.00583	0.00770	0.00876	0.00956	0.00556	0.00644	0.01022	0.01301	0.01788	0.12289	0.48127	0.03966	0.01692	0.00759	0.00240	0.00384	0.15720	0.06958	0.00527
12	0.00734	0.00614	0.00639	0.00647	0.00837	0.00519	0.00480	0.00893	0.01398	0.01695	0.10137	0.11473	0.64713	0.01561	0.00728	0.00209	0.00312	0.01316	0.00575	0.00519
13	0.00760	0.00543	0.00726	0.00868	0.00910	0.00509	0.00593	0.00877	0.01186	0.01578	0.03366	0.73913	0.04018	0.01904	0.00785	0.00251	0.00367	0.05776	0.00568	0.00501
14	0.01063	0.00532	0.00797	0.00797	0.00797	0.00532	0.00532	0.00797	0.00797	0.01063	0.01063	0.01861	0.01063	0.02127	0.02392	0.82190	0.00532	0.00532	0.00266	0.00266
15	0.02573	0.01134	0.01443	0.01115	0.01571	0.01059	0.00918	0.15377	0.01925	0.57878	0.02220	0.01986	0.01433	0.00751	0.00604	0.00186	0.00534	0.00601	0.05679	0.01013
16	0.01425	0.01789	0.10132	0.02504	0.03149	0.01536	0.66064	0.01959	0.01431	0.01959	0.01226	0.01619	0.00915	0.00522	0.00710	0.00205	0.01020	0.00698	0.00305	0.00833
17	0.01783	0.28395	0.20796	0.01348	0.01940	0.03097	0.01378	0.23415	0.03934	0.05343	0.01228	0.01317	0.00934	0.00687	0.01727	0.00181	0.00736	0.00456	0.00400	0.00904
18	0.01306	0.02691	0.54861	0.02275	0.20709	0.01434	0.04328	0.01924	0.01322	0.01955	0.01116	0.01359	0.00829	0.00570	0.00592	0.00191	0.00864	0.00484	0.00271	0.00918
19	0.00746	0.00533	0.00710	0.00852	0.00888	0.00497	0.00568	0.00852	0.01172	0.01563	0.03374	0.78088	0.04049	0.01918	0.00781	0.00249	0.00355	0.01740	0.00568	0.00497
20	0.01799	0.57253	0.03932	0.01105	0.01597	0.03836	0.01052	0.02096	0.05542	0.12705	0.01189	0.01243	0.00960	0.00596	0.00494	0.00150	0.02857	0.00402	0.00360	0.00832
21	0.01626	0.01433	0.02259	0.13481	0.52600	0.03006	0.01718	0.08244	0.01531	0.06382	0.01241	0.01552	0.00983	0.00586	0.00607	0.00185	0.00730	0.00547	0.00353	0.00935
22	0.01377	0.01318	0.02212	0.29091	0.44546	0.01454	0.01775	0.01738	0.01300	0.01808	0.01103	0.01542	0.00903	0.00609	0.00716	0.00196	0.06633	0.00544	0.00290	0.00846
23	0.01812	0.04620	0.06373	0.05149	0.30747	0.28761	0.01512	0.07706	0.01620	0.01916	0.01242	0.01470	0.03149	0.00627	0.00582	0.00174	0.00859	0.00501	0.00335	0.00846
24	0.00857	0.00657	0.00795	0.00767	0.00931	0.00613	0.00574	0.01176	0.05487	0.02169	0.46359	0.09219	0.23309	0.01436	0.02719	0.00221	0.00345	0.01160	0.00628	0.00577
25	0.01610	0.01579	0.02234	0.13824	0.48002	0.09597	0.01699	0.07894	0.01517	0.02023	0.01136	0.01478	0.00928	0.00598	0.00648	0.00185	0.03299	0.00529	0.00325	0.00896
26	0.00878	0.00642	0.00912	0.00912	0.00996	0.00726	0.00675	0.01047	0.00962	0.01368	0.01706	0.02770	0.01689	0.21454	0.59415	0.00895	0.01401	0.00709	0.00338	0.00506
27	0.01249	0.01050	0.01224	0.00888	0.01401	0.00797	0.00708	0.01522	0.01288	0.02024	0.03961	0.01437	0.01122	0.00495	0.00463	0.00097	0.00440	0.00400	0.03611	0.75825
28	0.01443	0.01333	0.02260	0.25646	0.51447	0.01410	0.01797	0.01816	0.01353	0.03967	0.01169	0.01566	0.00939	0.00571	0.00608	0.00189	0.00748	0.00547	0.00307	0.00885
29	0.00956	0.00683	0.00951	0.01092	0.01220	0.00678	0.00933	0.01215	0.01379	0.01798	0.03258	0.15982	0.03590	0.01720	0.00837	0.00278	0.00537	0.61774	0.00564	0.00555
30	0.01662	0.01353	0.01559	0.01518	0.10013	0.01492	0.01082	0.23318	0.34041	0.02805	0.06632	0.02419	0.05578	0.00858	0.00636	0.00199	0.00550	0.02774	0.00581	0.00931
31	0.01680	0.60454	0.02838	0.01236	0.05180	0.12831	0.01080	0.01878	0.01329	0.01486	0.01133	0.01259	0.04288	0.00589	0.00442	0.00141	0.00706	0.00393	0.00286	0.00771
32	0.00743	0.00543	0.00699	0.00825	0.00881	0.00500	0.00556	0.00855	0.01199	0.01573	0.03712	0.69451	0.12467	0.01874	0.00774	0.00244	0.00350	0.01687	0.00568	0.00500
33	0.14902	0.04395	0.14674	0.01211	0.01739	0.01296	0.01148	0.10686	0.08200	0.33021	0.01773	0.01677	0.01199	0.00692	0.00564	0.00189	0.00601	0.00530	0.00561	0.00941
34	0.09282	0.01759	0.01529	0.01320	0.01697	0.18272	0.01036	0.19888	0.33629	0.02657	0.01747	0.01704	0.01315	0.00739	0.00582	0.00189	0.00668	0.00558	0.00529	0.00901
35	0.11585	0.01083	0.01359	0.01072	0.01523	0.01010	0.00880	0.02876	0.08336	0.60273	0.02247	0.01980	0.01453	0.00743	0.00590	0.00191	0.00512	0.00591	0.00703	0.00993
36	0.01449	0.06000	0.03923	0.01442	0.08192	0.01393	0.02916	0.07878	0.34508	0.03828	0.06460	0.10912	0.04228	0.00939	0.00677	0.00203	0.02859	0.00795	0.00538	0.00860
37	0.00754	0.00616	0.00650	0.00648	0.00826	0.00529	0.00474	0.00911	0.01388	0.01708	0.13766	0.07777	0.58580	0.07560	0.00913	0.00237	0.00331	0.01252	0.00565	0.00512
38	0.03254	0.17731	0.45375	0.01448	0.02159	0.01524	0.01711	0.02010	0.03990	0.08564	0.05682	0.01532	0.01187	0.00636	0.00553	0.00181	0.00758	0.00488	0.00346	0.00870
39	0.05242	0.06843	0.11039	0.01359	0.04188	0.05229	0.06559	0.16112	0.01605	0.03973	0.01254	0.01578	0.01030	0.07656	0.00771	0.00193	0.00671	0.00498	0.00396	0.23805
40	0.01490	0.01382	0.01624	0.01652	0.18043	0.07887	0.01061	0.06088	0.03662	0.02082	0.01156	0.01353	0.00948	0.00519	0.00512	0.00127	0.00589	0.00428	0.00368	0.49031

[dist]
# distance from previous block
# <min> <max>
0	54

# created by:
# /home/cegg/simao/soft/augustus-3.2.1/scripts/msa2prfl.pl ./align_prep/EOG090W0CAH.fa
