[name]
unknown

[dist]
# distance from previous block
# <min> <max>
7	65

[block]
# block no. 0 follows, 29 sequences, length 9
# corresponding to MSA columns:
# 69-77
name=unknown_A
#
# <colnr> <probs for GDERKNQSTAVLIFYWHMCP>
#	G	D	E	R	K	N	Q	S	T	A	V	L	I	F	Y	W	H	M	C	P
0	0.01412	0.05549	0.01715	0.06434	0.01876	0.08477	0.06196	0.01857	0.07525	0.02196	0.17693	0.07565	0.08399	0.01549	0.06834	0.00309	0.05716	0.04541	0.00540	0.03619
1	0.01466	0.04205	0.06994	0.01487	0.05832	0.01199	0.05792	0.02077	0.13078	0.07978	0.06445	0.12848	0.14467	0.01476	0.05450	0.00288	0.00693	0.01033	0.00579	0.06611
2	0.01943	0.09174	0.04334	0.07743	0.02222	0.17773	0.01309	0.11056	0.04662	0.02316	0.01324	0.01578	0.01081	0.00920	0.03556	0.00223	0.07712	0.00526	0.00425	0.20124
3	0.01615	0.14853	0.08382	0.01418	0.04623	0.03263	0.05114	0.02128	0.08198	0.08343	0.20740	0.02994	0.02906	0.05390	0.00863	0.00235	0.00644	0.00817	0.06607	0.00867
4	0.08314	0.07722	0.02240	0.41550	0.08353	0.01818	0.01738	0.01875	0.01354	0.01941	0.01157	0.01691	0.00940	0.00801	0.00993	0.00242	0.15535	0.00588	0.00328	0.00821
5	0.01515	0.01070	0.01112	0.01007	0.01209	0.04920	0.00739	0.12401	0.01634	0.02365	0.01982	0.02872	0.01798	0.19890	0.10616	0.05168	0.00773	0.00743	0.24972	0.03214
6	0.30109	0.16487	0.07249	0.01268	0.01705	0.01812	0.01163	0.02021	0.01367	0.05050	0.05020	0.01787	0.01338	0.00843	0.00844	0.00220	0.13185	0.02785	0.00422	0.05324
7	0.02707	0.01995	0.02137	0.01638	0.02208	0.02208	0.01353	0.68159	0.03348	0.04488	0.01710	0.01710	0.01211	0.00855	0.00712	0.00214	0.00784	0.00641	0.00712	0.01211
8	0.08845	0.01888	0.06417	0.01879	0.02491	0.01841	0.17843	0.30026	0.06247	0.12688	0.01776	0.01856	0.01255	0.00775	0.00721	0.00224	0.00846	0.00682	0.00602	0.01098

[dist]
# distance from previous block
# <min> <max>
3	5

[block]
# block no. 1 follows, 29 sequences, length 7
# corresponding to MSA columns:
# 83-89
name=unknown_B
#
# <colnr> <probs for GDERKNQSTAVLIFYWHMCP>
#	G	D	E	R	K	N	Q	S	T	A	V	L	I	F	Y	W	H	M	C	P
0	0.02452	0.02212	0.02402	0.01880	0.02421	0.15537	0.12096	0.39440	0.08481	0.03474	0.01651	0.01743	0.01216	0.00800	0.00721	0.00215	0.00928	0.00652	0.00590	0.01089
1	0.02599	0.02116	0.01949	0.01597	0.02089	0.17630	0.01275	0.33069	0.14544	0.12914	0.01938	0.01882	0.01393	0.00851	0.00699	0.00213	0.00832	0.00640	0.00661	0.01110
2	0.08665	0.02487	0.01973	0.01652	0.02120	0.30495	0.01304	0.32813	0.06424	0.03187	0.01475	0.01548	0.01113	0.00797	0.00663	0.00204	0.00956	0.00557	0.00552	0.01015
3	0.35282	0.01406	0.01744	0.01442	0.01788	0.01622	0.09741	0.05990	0.01469	0.02723	0.09044	0.01955	0.01618	0.01187	0.05774	0.00303	0.15014	0.00636	0.00457	0.00804
4	0.01824	0.63432	0.15008	0.01354	0.02037	0.02623	0.01454	0.02153	0.01456	0.01772	0.01038	0.01203	0.00912	0.00620	0.00494	0.00165	0.00810	0.00405	0.00304	0.00937
5	0.00868	0.00717	0.00729	0.00729	0.00936	0.00613	0.00526	0.01024	0.01542	0.01849	0.06526	0.06550	0.60891	0.11919	0.01226	0.00303	0.00406	0.01438	0.00629	0.00578
6	0.01327	0.00664	0.00664	0.00664	0.00830	0.00664	0.00498	0.01659	0.01493	0.02655	0.02323	0.02655	0.01825	0.00830	0.00498	0.00166	0.00332	0.00664	0.78928	0.00664

[dist]
# distance from previous block
# <min> <max>
9	20

[block]
# block no. 2 follows, 29 sequences, length 139
# corresponding to MSA columns:
# 113-163,171-212,214-259
name=unknown_C
#
# <colnr> <probs for GDERKNQSTAVLIFYWHMCP>
#	G	D	E	R	K	N	Q	S	T	A	V	L	I	F	Y	W	H	M	C	P
0	0.08457	0.02136	0.01745	0.01475	0.01920	0.30178	0.01157	0.07104	0.02051	0.29285	0.06060	0.01998	0.01615	0.00839	0.00673	0.00205	0.00874	0.00617	0.00622	0.00988
1	0.07345	0.01271	0.01455	0.01058	0.01672	0.01002	0.00850	0.01907	0.01488	0.06163	0.01330	0.01505	0.01073	0.00557	0.00531	0.00120	0.00533	0.00435	0.00449	0.69256
2	0.00868	0.00620	0.00826	0.00991	0.01033	0.00578	0.00661	0.00991	0.01363	0.01818	0.03925	0.74510	0.04710	0.02231	0.00909	0.00289	0.00413	0.02024	0.00661	0.00578
3	0.00869	0.00651	0.00807	0.00918	0.01017	0.00589	0.00631	0.01019	0.01465	0.01902	0.08398	0.53614	0.21375	0.02080	0.00888	0.00273	0.00396	0.01852	0.00668	0.00589
4	0.02868	0.01357	0.01696	0.01342	0.01866	0.01311	0.01095	0.10434	0.15166	0.50775	0.02709	0.02392	0.01783	0.00895	0.00717	0.00224	0.00617	0.00725	0.00833	0.01195
5	0.01477	0.01266	0.01477	0.01055	0.01687	0.00949	0.00844	0.01793	0.01477	0.02320	0.01266	0.01477	0.01055	0.00527	0.00527	0.00105	0.00527	0.00422	0.00422	0.79328
6	0.01327	0.00664	0.00664	0.00664	0.00830	0.00664	0.00498	0.01659	0.01493	0.02655	0.02323	0.02655	0.01825	0.00830	0.00498	0.00166	0.00332	0.00664	0.78928	0.00664
7	0.01008	0.00754	0.01124	0.01135	0.01256	0.00870	0.00875	0.01254	0.01158	0.01663	0.02036	0.07367	0.01967	0.05142	0.67613	0.01090	0.01812	0.00843	0.00399	0.00632
8	0.01327	0.00664	0.00664	0.00664	0.00830	0.00664	0.00498	0.01659	0.01493	0.02655	0.02323	0.02655	0.01825	0.00830	0.00498	0.00166	0.00332	0.00664	0.78928	0.00664
9	0.02789	0.01862	0.02055	0.01576	0.02142	0.02012	0.01302	0.57221	0.03126	0.15739	0.01896	0.01830	0.01304	0.00859	0.00713	0.00215	0.00754	0.00654	0.00741	0.01211
10	0.80005	0.01377	0.01047	0.00936	0.01377	0.01597	0.00771	0.02093	0.01212	0.03195	0.00991	0.01157	0.00771	0.00661	0.00441	0.00220	0.00551	0.00386	0.00441	0.00771
11	0.02707	0.01995	0.02137	0.01638	0.02208	0.02208	0.01353	0.68159	0.03348	0.04488	0.01710	0.01710	0.01211	0.00855	0.00712	0.00214	0.00784	0.00641	0.00712	0.01211
12	0.00868	0.00620	0.00826	0.00991	0.01033	0.00578	0.00661	0.00991	0.01363	0.01818	0.03925	0.74510	0.04710	0.02231	0.00909	0.00289	0.00413	0.02024	0.00661	0.00578
13	0.01492	0.01416	0.02403	0.48902	0.28112	0.01621	0.02051	0.01949	0.01494	0.01999	0.01292	0.01850	0.01012	0.00685	0.00709	0.00228	0.00913	0.00633	0.00329	0.00910
14	0.01049	0.00767	0.01102	0.01092	0.01187	0.00881	0.00817	0.01226	0.01112	0.01586	0.01898	0.03042	0.01862	0.16933	0.54507	0.05339	0.03832	0.00797	0.00384	0.00587
15	0.01008	0.00728	0.00952	0.00896	0.01064	0.00672	0.00672	0.01344	0.02016	0.02855	0.70158	0.05319	0.06719	0.01456	0.00840	0.00224	0.00336	0.01288	0.00784	0.00672
16	0.01558	0.01558	0.02181	0.01869	0.01869	0.02181	0.01558	0.01714	0.01091	0.01714	0.00935	0.01558	0.00935	0.01246	0.02337	0.00312	0.73672	0.00623	0.00312	0.00779
17	0.01681	0.01921	0.04202	0.03001	0.03721	0.01801	0.67947	0.02281	0.01681	0.02281	0.01441	0.01921	0.01080	0.00600	0.00840	0.00240	0.01200	0.00840	0.00360	0.00960
18	0.02871	0.01497	0.01855	0.01453	0.01986	0.05804	0.04784	0.09215	0.09832	0.49056	0.02536	0.02286	0.01669	0.00864	0.00719	0.00221	0.00693	0.00710	0.00787	0.01164
19	0.01327	0.00664	0.00664	0.00664	0.00830	0.00664	0.00498	0.01659	0.01493	0.02655	0.02323	0.02655	0.01825	0.00830	0.00498	0.00166	0.00332	0.00664	0.78928	0.00664
20	0.00868	0.00620	0.00826	0.00991	0.01033	0.00578	0.00661	0.00991	0.01363	0.01818	0.03925	0.74510	0.04710	0.02231	0.00909	0.00289	0.00413	0.02024	0.00661	0.00578
21	0.01657	0.01875	0.04058	0.07895	0.03804	0.01785	0.63352	0.02249	0.01663	0.02249	0.01428	0.01919	0.01071	0.00608	0.00831	0.00240	0.01183	0.00826	0.00357	0.00949
22	0.01669	0.02005	0.07395	0.02955	0.03691	0.01794	0.64838	0.02280	0.01672	0.02280	0.01433	0.01901	0.01072	0.00604	0.00833	0.00239	0.01193	0.00825	0.00357	0.00965
23	0.01237	0.00618	0.00928	0.00928	0.00928	0.00618	0.00618	0.00928	0.00928	0.01237	0.01237	0.02165	0.01237	0.02474	0.02783	0.79283	0.00618	0.00618	0.00309	0.00309
24	0.00852	0.00679	0.00765	0.00834	0.00991	0.00592	0.00591	0.01009	0.01515	0.01879	0.05841	0.35089	0.42894	0.01982	0.00870	0.00261	0.00383	0.01720	0.00661	0.00592
25	0.01918	0.01590	0.02361	0.03132	0.41866	0.01648	0.01735	0.02819	0.22672	0.09861	0.01980	0.02111	0.01520	0.00764	0.00712	0.00222	0.00733	0.00696	0.00524	0.01137
26	0.02983	0.01434	0.01769	0.01361	0.01905	0.01391	0.01123	0.23309	0.02423	0.48296	0.02455	0.02212	0.01595	0.00871	0.00708	0.00216	0.00651	0.00691	0.03412	0.01193
27	0.02707	0.01995	0.02137	0.01638	0.02208	0.02208	0.01353	0.68159	0.03348	0.04488	0.01710	0.01710	0.01211	0.00855	0.00712	0.00214	0.00784	0.00641	0.00712	0.01211
28	0.01888	0.45543	0.22451	0.01512	0.02218	0.09664	0.01626	0.02281	0.01540	0.03923	0.01137	0.01297	0.00936	0.00649	0.00546	0.00178	0.00893	0.00440	0.00327	0.00952
29	0.01454	0.01254	0.01307	0.01201	0.01548	0.01372	0.00927	0.02842	0.46186	0.02619	0.04370	0.04088	0.25387	0.01252	0.00764	0.00241	0.00494	0.01043	0.00703	0.00948
30	0.01706	0.01827	0.02077	0.50958	0.04042	0.19718	0.01776	0.02191	0.05307	0.01863	0.01313	0.01782	0.01008	0.00732	0.00695	0.00224	0.01014	0.00598	0.00352	0.00818
31	0.02642	0.01474	0.01704	0.01338	0.01831	0.01512	0.01095	0.31293	0.04584	0.29142	0.02257	0.02157	0.01546	0.00864	0.00680	0.00209	0.00638	0.00678	0.13234	0.01122
32	0.01327	0.00664	0.00664	0.00664	0.00830	0.00664	0.00498	0.01659	0.01493	0.02655	0.02323	0.02655	0.01825	0.00830	0.00498	0.00166	0.00332	0.00664	0.78928	0.00664
33	0.01428	0.03683	0.71286	0.02030	0.03082	0.01654	0.02631	0.02255	0.01503	0.02255	0.01278	0.01503	0.00902	0.00677	0.00677	0.00226	0.01052	0.00526	0.00301	0.01052
34	0.00868	0.00620	0.00826	0.00991	0.01033	0.00578	0.00661	0.00991	0.01363	0.01818	0.03925	0.74510	0.04710	0.02231	0.00909	0.00289	0.00413	0.02024	0.00661	0.00578
35	0.01327	0.00664	0.00664	0.00664	0.00830	0.00664	0.00498	0.01659	0.01493	0.02655	0.02323	0.02655	0.01825	0.00830	0.00498	0.00166	0.00332	0.00664	0.78928	0.00664
36	0.01762	0.01692	0.02890	0.04371	0.70533	0.01692	0.02185	0.02185	0.01621	0.02326	0.01339	0.01762	0.01128	0.00634	0.00705	0.00211	0.00846	0.00634	0.00352	0.01128
37	0.01036	0.00690	0.00777	0.00777	0.00777	0.00690	0.00431	0.01036	0.01036	0.01381	0.02244	0.04660	0.02589	0.74975	0.03624	0.00690	0.00690	0.01036	0.00431	0.00431
38	0.01812	0.01830	0.02443	0.01880	0.02441	0.10317	0.21648	0.05026	0.20314	0.02496	0.01764	0.01922	0.01359	0.00708	0.00699	0.00198	0.00848	0.00668	0.00490	0.21137
39	0.01036	0.00690	0.00777	0.00777	0.00777	0.00690	0.00431	0.01036	0.01036	0.01381	0.02244	0.04660	0.02589	0.74975	0.03624	0.00690	0.00690	0.01036	0.00431	0.00431
40	0.00867	0.00722	0.00757	0.00748	0.00977	0.00612	0.00561	0.01071	0.01683	0.02067	0.16895	0.06617	0.60473	0.01750	0.00841	0.00238	0.00357	0.01470	0.00680	0.00612
41	0.01118	0.00798	0.01113	0.01277	0.01428	0.00794	0.01096	0.01424	0.01610	0.02098	0.03787	0.15127	0.04163	0.01995	0.00976	0.00324	0.00630	0.58941	0.00656	0.00647
42	0.01561	0.01600	0.02440	0.04212	0.02242	0.03920	0.12841	0.01810	0.01231	0.01810	0.01111	0.01719	0.01025	0.01423	0.07398	0.00358	0.51505	0.00667	0.00327	0.00800
43	0.02389	0.01604	0.01786	0.01467	0.01956	0.01744	0.01180	0.23969	0.33224	0.18931	0.02504	0.02306	0.01777	0.00912	0.00719	0.00228	0.00642	0.00733	0.00756	0.01173
44	0.01762	0.01692	0.02890	0.04371	0.70533	0.01692	0.02185	0.02185	0.01621	0.02326	0.01339	0.01762	0.01128	0.00634	0.00705	0.00211	0.00846	0.00634	0.00352	0.01128
45	0.01196	0.01022	0.01064	0.01012	0.01303	0.01044	0.00770	0.02068	0.27260	0.02318	0.05396	0.08982	0.40819	0.01509	0.00801	0.00244	0.00441	0.01267	0.00685	0.00799
46	0.01762	0.01692	0.02890	0.04371	0.70533	0.01692	0.02185	0.02185	0.01621	0.02326	0.01339	0.01762	0.01128	0.00634	0.00705	0.00211	0.00846	0.00634	0.00352	0.01128
47	0.01571	0.01263	0.01486	0.01066	0.01695	0.00955	0.00855	0.01885	0.01507	0.06099	0.01351	0.01529	0.01094	0.00547	0.00538	0.00112	0.00532	0.00438	0.00447	0.75032
48	0.01007	0.00691	0.00772	0.00778	0.00807	0.00676	0.00452	0.01032	0.01115	0.01459	0.02874	0.07442	0.10419	0.63954	0.03207	0.00624	0.00643	0.01125	0.00466	0.00456
49	0.02234	0.02046	0.01703	0.01498	0.01869	0.25392	0.01191	0.22555	0.02271	0.05329	0.01942	0.02708	0.01668	0.01143	0.03301	0.00249	0.00910	0.10423	0.10663	0.00905
50	0.01475	0.03370	0.59666	0.02252	0.05858	0.01675	0.11270	0.02256	0.01532	0.02261	0.01302	0.01569	0.00935	0.00665	0.00699	0.00227	0.01064	0.00572	0.00311	0.01043
51	0.01237	0.00618	0.00928	0.00928	0.00928	0.00618	0.00618	0.00928	0.00928	0.01237	0.01237	0.02165	0.01237	0.02474	0.02783	0.79283	0.00618	0.00618	0.00309	0.00309
52	0.01393	0.02674	0.42426	0.31759	0.03842	0.01624	0.02358	0.02073	0.01470	0.02073	0.01273	0.01668	0.00922	0.00691	0.00691	0.00230	0.01009	0.00571	0.00307	0.00943
53	0.01967	0.01664	0.02304	0.05037	0.21041	0.01748	0.06658	0.25355	0.06726	0.03048	0.01897	0.05867	0.03707	0.00870	0.00772	0.00218	0.03013	0.00752	0.00534	0.06823
54	0.00868	0.00620	0.00826	0.00991	0.01033	0.00578	0.00661	0.00991	0.01363	0.01818	0.03925	0.74510	0.04710	0.02231	0.00909	0.00289	0.00413	0.02024	0.00661	0.00578
55	0.01564	0.22017	0.50236	0.01875	0.02795	0.01961	0.05860	0.02225	0.01499	0.02107	0.01213	0.01434	0.00915	0.00655	0.00629	0.00207	0.00986	0.00506	0.00305	0.01012
56	0.01075	0.00788	0.01052	0.01189	0.01356	0.00765	0.01009	0.01363	0.01615	0.02072	0.04351	0.12991	0.15082	0.01960	0.00954	0.00310	0.00588	0.50179	0.00657	0.00641
57	0.02552	0.01918	0.02050	0.01607	0.02149	0.02136	0.01316	0.57499	0.14260	0.04238	0.01906	0.01866	0.01370	0.00873	0.00714	0.00218	0.00747	0.00668	0.00714	0.01197
58	0.35382	0.01389	0.01443	0.01156	0.01670	0.01421	0.00951	0.11173	0.01807	0.27197	0.01752	0.01706	0.01205	0.00751	0.00581	0.00209	0.00598	0.00539	0.00630	0.08439
59	0.00970	0.00724	0.00893	0.00911	0.01060	0.00653	0.00647	0.01171	0.01578	0.02135	0.23448	0.29014	0.15653	0.09400	0.01138	0.00293	0.00426	0.03485	0.00657	0.05745
60	0.01428	0.03683	0.71286	0.02030	0.03082	0.01654	0.02631	0.02255	0.01503	0.02255	0.01278	0.01503	0.00902	0.00677	0.00677	0.00226	0.01052	0.00526	0.00301	0.01052
61	0.01300	0.01181	0.01925	0.50224	0.10057	0.01380	0.01691	0.01733	0.01566	0.02076	0.15230	0.02722	0.04247	0.00887	0.00741	0.00232	0.00799	0.00791	0.00424	0.00792
62	0.01345	0.01266	0.02136	0.73264	0.04904	0.01582	0.01978	0.01819	0.01424	0.01819	0.01266	0.01898	0.00949	0.00712	0.00712	0.00237	0.00949	0.00633	0.00316	0.00791
63	0.01571	0.01497	0.02545	0.35871	0.40525	0.01642	0.02090	0.02018	0.01531	0.02095	0.01306	0.01825	0.01046	0.00670	0.00708	0.00223	0.00893	0.00634	0.00336	0.00974
64	0.00868	0.00620	0.00826	0.00991	0.01033	0.00578	0.00661	0.00991	0.01363	0.01818	0.03925	0.74510	0.04710	0.02231	0.00909	0.00289	0.00413	0.02024	0.00661	0.00578
65	0.01093	0.00635	0.00811	0.00879	0.00937	0.00618	0.00594	0.01142	0.01255	0.01837	0.02683	0.32420	0.02907	0.06587	0.01496	0.22011	0.00467	0.01239	0.19874	0.00516
66	0.01288	0.00666	0.00688	0.00694	0.00847	0.00668	0.00511	0.01594	0.01457	0.02536	0.02366	0.05369	0.01965	0.04535	0.02655	0.00223	0.00396	0.00734	0.70159	0.00649
67	0.02683	0.01436	0.01733	0.01396	0.01899	0.01447	0.01147	0.20261	0.12991	0.37532	0.02611	0.02709	0.01865	0.00972	0.00737	0.00230	0.00649	0.05752	0.00795	0.01155
68	0.00984	0.00722	0.00922	0.00881	0.01052	0.00660	0.00657	0.01294	0.01945	0.02710	0.60500	0.08554	0.13409	0.01527	0.00843	0.00229	0.00342	0.01343	0.00765	0.00660
69	0.01514	0.00858	0.01117	0.01109	0.01318	0.00814	0.00825	0.01867	0.07425	0.18011	0.09131	0.41240	0.03937	0.01727	0.00848	0.00266	0.00481	0.06001	0.00727	0.00785
70	0.01036	0.00690	0.00777	0.00777	0.00777	0.00690	0.00431	0.01036	0.01036	0.01381	0.02244	0.04660	0.02589	0.74975	0.03624	0.00690	0.00690	0.01036	0.00431	0.00431
71	0.01607	0.01639	0.02174	0.01868	0.01884	0.05286	0.01550	0.01764	0.01132	0.01715	0.00942	0.01546	0.00934	0.01224	0.02262	0.00306	0.70459	0.00616	0.00314	0.00781
72	0.04927	0.01058	0.01263	0.01091	0.01427	0.01037	0.00842	0.05139	0.10179	0.28620	0.02687	0.11136	0.02203	0.08939	0.00998	0.00270	0.00539	0.00890	0.15833	0.00922
73	0.01722	0.00885	0.01165	0.01011	0.01307	0.00789	0.00787	0.02019	0.01971	0.25553	0.40591	0.06981	0.09658	0.01317	0.00801	0.00226	0.00431	0.01139	0.00803	0.00844
74	0.03138	0.01224	0.01651	0.01274	0.01819	0.01075	0.01050	0.03483	0.04720	0.68312	0.02813	0.02433	0.01779	0.00885	0.00716	0.00221	0.00604	0.00720	0.00875	0.01208
75	0.04555	0.01049	0.01379	0.01182	0.01566	0.00952	0.00924	0.02684	0.05007	0.44605	0.03106	0.24574	0.02661	0.01294	0.00768	0.00243	0.00543	0.01114	0.00794	0.01001
76	0.01265	0.00912	0.01101	0.01119	0.01299	0.00928	0.00816	0.06784	0.12421	0.05060	0.08505	0.45158	0.06235	0.01790	0.00852	0.00268	0.00474	0.03569	0.00693	0.00750
77	0.01327	0.00664	0.00664	0.00664	0.00830	0.00664	0.00498	0.01659	0.01493	0.02655	0.02323	0.02655	0.01825	0.00830	0.00498	0.00166	0.00332	0.00664	0.78928	0.00664
78	0.01000	0.00728	0.00942	0.00888	0.01059	0.00669	0.00666	0.01329	0.01998	0.02814	0.67363	0.05387	0.09539	0.01471	0.00840	0.00225	0.00337	0.01297	0.00778	0.00669
79	0.01666	0.00882	0.01100	0.00984	0.01295	0.00770	0.00772	0.01908	0.01809	0.24896	0.16272	0.10433	0.27960	0.01480	0.00813	0.00239	0.00457	0.04692	0.00755	0.00816
80	0.01237	0.00618	0.00928	0.00928	0.00928	0.00618	0.00618	0.00928	0.00928	0.01237	0.01237	0.02165	0.01237	0.02474	0.02783	0.79283	0.00618	0.00618	0.00309	0.00309
81	0.02707	0.01995	0.02137	0.01638	0.02208	0.02208	0.01353	0.68159	0.03348	0.04488	0.01710	0.01710	0.01211	0.00855	0.00712	0.00214	0.00784	0.00641	0.00712	0.01211
82	0.00868	0.00620	0.00826	0.00991	0.01033	0.00578	0.00661	0.00991	0.01363	0.01818	0.03925	0.74510	0.04710	0.02231	0.00909	0.00289	0.00413	0.02024	0.00661	0.00578
83	0.01142	0.00787	0.01042	0.01018	0.01125	0.00900	0.00767	0.01368	0.01212	0.01871	0.01993	0.02963	0.01856	0.15031	0.37337	0.00756	0.06871	0.00770	0.20569	0.00621
84	0.01008	0.00728	0.00952	0.00896	0.01064	0.00672	0.00672	0.01344	0.02016	0.02855	0.70158	0.05319	0.06719	0.01456	0.00840	0.00224	0.00336	0.01288	0.00784	0.00672
85	0.00868	0.00620	0.00826	0.00991	0.01033	0.00578	0.00661	0.00991	0.01363	0.01818	0.03925	0.74510	0.04710	0.02231	0.00909	0.00289	0.00413	0.02024	0.00661	0.00578
86	0.00894	0.00723	0.00794	0.00776	0.00994	0.00623	0.00582	0.01123	0.01747	0.02217	0.27037	0.06370	0.50237	0.01694	0.00841	0.00235	0.00353	0.01435	0.00700	0.00623
87	0.01600	0.27970	0.43182	0.01741	0.02565	0.02089	0.02071	0.02173	0.01454	0.02018	0.01155	0.01384	0.00908	0.00695	0.00724	0.00207	0.06292	0.00484	0.00303	0.00985
88	0.07443	0.01274	0.02051	0.67656	0.04631	0.01583	0.01884	0.01841	0.01407	0.01926	0.01244	0.01841	0.00935	0.00708	0.00691	0.00236	0.00918	0.00614	0.00326	0.00789
89	0.02559	0.01559	0.01785	0.01442	0.01948	0.01648	0.01167	0.23249	0.25441	0.27500	0.02505	0.02286	0.01736	0.00902	0.00718	0.00226	0.00645	0.00724	0.00776	0.01183
90	0.02288	0.01007	0.01348	0.01116	0.01505	0.00884	0.00888	0.02565	0.01961	0.43212	0.22239	0.09032	0.06440	0.01190	0.00772	0.00228	0.00503	0.01015	0.00827	0.00982
91	0.01494	0.13657	0.61891	0.01917	0.02907	0.01816	0.02434	0.02238	0.01496	0.02174	0.01238	0.01453	0.00904	0.00667	0.00646	0.00215	0.01012	0.00506	0.00301	0.01033
92	0.01507	0.15541	0.60116	0.01895	0.02875	0.01846	0.02397	0.02235	0.01494	0.02159	0.01230	0.01444	0.00904	0.00665	0.00640	0.00213	0.01004	0.00502	0.00301	0.01029
93	0.01566	0.00854	0.01089	0.00966	0.01248	0.00755	0.00746	0.01841	0.01902	0.21350	0.34602	0.08654	0.18758	0.01414	0.00810	0.00230	0.00420	0.01217	0.00778	0.00800
94	0.01623	0.01847	0.06380	0.30382	0.09286	0.10890	0.16315	0.02063	0.01553	0.01969	0.01393	0.05222	0.01164	0.00792	0.00851	0.00236	0.06105	0.00715	0.00351	0.00864
95	0.01515	0.04011	0.02274	0.39547	0.23006	0.05630	0.01846	0.01921	0.01509	0.01952	0.01571	0.04222	0.03438	0.00951	0.03495	0.00261	0.00934	0.00691	0.00354	0.00875
96	0.80005	0.01377	0.01047	0.00936	0.01377	0.01597	0.00771	0.02093	0.01212	0.03195	0.00991	0.01157	0.00771	0.00661	0.00441	0.00220	0.00551	0.00386	0.00441	0.00771
97	0.01158	0.00925	0.01380	0.03293	0.05857	0.00920	0.06388	0.04276	0.01507	0.02029	0.07512	0.29226	0.05716	0.13339	0.06662	0.00400	0.00708	0.07471	0.00561	0.00674
98	0.00898	0.00686	0.00828	0.00892	0.01033	0.00615	0.00642	0.01092	0.01594	0.02071	0.17948	0.34193	0.28247	0.01917	0.00875	0.00261	0.00390	0.04525	0.00685	0.00608
99	0.09109	0.32776	0.25707	0.01471	0.02204	0.02033	0.01621	0.02384	0.01539	0.13130	0.01378	0.01470	0.01033	0.00680	0.00570	0.00194	0.00814	0.00484	0.00408	0.00995
100	0.01237	0.00618	0.00928	0.00928	0.00928	0.00618	0.00618	0.00928	0.00928	0.01237	0.01237	0.02165	0.01237	0.02474	0.02783	0.79283	0.00618	0.00618	0.00309	0.00309
101	0.04498	0.01446	0.01622	0.01192	0.01803	0.01277	0.00965	0.17918	0.01922	0.02877	0.01364	0.01522	0.01083	0.00611	0.00569	0.00136	0.00590	0.00474	0.00493	0.57636
102	0.01022	0.00685	0.00780	0.00793	0.00796	0.00682	0.00449	0.01032	0.01061	0.01415	0.02374	0.10075	0.02753	0.69335	0.03414	0.00659	0.00669	0.01112	0.00449	0.00443
103	0.01237	0.00618	0.00928	0.00928	0.00928	0.00618	0.00618	0.00928	0.00928	0.01237	0.01237	0.02165	0.01237	0.02474	0.02783	0.79283	0.00618	0.00618	0.00309	0.00309
104	0.01749	0.01505	0.01594	0.01444	0.01839	0.01738	0.01128	0.03704	0.66903	0.02949	0.02928	0.02843	0.02240	0.01001	0.00734	0.00245	0.00567	0.03057	0.00722	0.01111
105	0.01762	0.01692	0.02890	0.04371	0.70533	0.01692	0.02185	0.02185	0.01621	0.02326	0.01339	0.01762	0.01128	0.00634	0.00705	0.00211	0.00846	0.00634	0.00352	0.01128
106	0.00880	0.00629	0.00841	0.01006	0.01052	0.00589	0.00683	0.01013	0.01376	0.01832	0.03918	0.71559	0.04682	0.02219	0.00912	0.00291	0.00424	0.04853	0.00661	0.00582
107	0.01275	0.00804	0.00936	0.00858	0.01130	0.00693	0.00659	0.01512	0.01795	0.13595	0.23102	0.05716	0.42152	0.01559	0.00820	0.00233	0.00395	0.01316	0.00730	0.00721
108	0.07127	0.00778	0.00951	0.00893	0.01085	0.00741	0.00675	0.01391	0.01940	0.02849	0.62613	0.05049	0.08460	0.01406	0.00809	0.00224	0.00353	0.01225	0.00753	0.00677
109	0.01002	0.00721	0.00938	0.00895	0.01050	0.00668	0.00661	0.01313	0.01941	0.02741	0.63990	0.08583	0.06440	0.04756	0.00967	0.00248	0.00355	0.01312	0.00762	0.00657
110	0.05137	0.01196	0.01456	0.01220	0.01637	0.01184	0.00973	0.03017	0.20913	0.33641	0.18301	0.03110	0.02985	0.01029	0.00737	0.00227	0.00530	0.00861	0.00798	0.01047
111	0.01093	0.00762	0.00890	0.00836	0.01071	0.00665	0.00635	0.01346	0.01819	0.07670	0.33141	0.05869	0.38423	0.01587	0.00831	0.00232	0.00369	0.01352	0.00729	0.00678
112	0.73880	0.01327	0.01039	0.00933	0.01353	0.01526	0.00763	0.02035	0.01274	0.03168	0.06354	0.01479	0.01232	0.00723	0.00472	0.00221	0.00534	0.00456	0.00467	0.00763
113	0.01378	0.00973	0.01103	0.01031	0.01173	0.01012	0.00703	0.16507	0.01653	0.02210	0.02552	0.21929	0.02816	0.39185	0.02255	0.00477	0.00641	0.01199	0.00555	0.00649
114	0.01870	0.01563	0.01661	0.01469	0.01884	0.01791	0.01158	0.12223	0.57816	0.03145	0.02775	0.02746	0.02123	0.00991	0.00733	0.00241	0.00596	0.03374	0.00720	0.01119
115	0.80005	0.01377	0.01047	0.00936	0.01377	0.01597	0.00771	0.02093	0.01212	0.03195	0.00991	0.01157	0.00771	0.00661	0.00441	0.00220	0.00551	0.00386	0.00441	0.00771
116	0.76245	0.01346	0.01042	0.00934	0.01362	0.01553	0.00766	0.02057	0.01250	0.03179	0.04284	0.01355	0.01054	0.00699	0.00460	0.00221	0.00541	0.00429	0.00457	0.00766
117	0.01353	0.00785	0.01000	0.00961	0.01172	0.00702	0.00710	0.01574	0.01720	0.15353	0.23520	0.26438	0.16538	0.03675	0.00915	0.00259	0.00426	0.01438	0.00733	0.00727
118	0.01177	0.00765	0.01006	0.00925	0.01122	0.00701	0.00701	0.01509	0.02017	0.08141	0.64936	0.05095	0.06334	0.01411	0.00830	0.00224	0.00357	0.01243	0.00791	0.00714
119	0.01034	0.00696	0.00805	0.00805	0.00815	0.00706	0.00467	0.01054	0.01044	0.01402	0.02218	0.04515	0.02526	0.69576	0.08937	0.00726	0.00785	0.01014	0.00428	0.00447
120	0.01124	0.00812	0.01114	0.01266	0.01435	0.00803	0.01100	0.01440	0.01638	0.02115	0.04037	0.07941	0.09226	0.01954	0.00973	0.00321	0.00633	0.60760	0.00656	0.00651
121	0.01020	0.00754	0.01098	0.01098	0.01210	0.00865	0.00833	0.01242	0.01131	0.01619	0.01949	0.03030	0.01881	0.14054	0.63578	0.01088	0.01755	0.00797	0.00388	0.00610
122	0.00897	0.00786	0.00835	0.00810	0.01032	0.00724	0.00620	0.01076	0.01582	0.01907	0.06727	0.06442	0.64871	0.01760	0.00958	0.00246	0.06045	0.01435	0.00634	0.00615
123	0.01681	0.01921	0.04202	0.03001	0.03721	0.01801	0.67947	0.02281	0.01681	0.02281	0.01441	0.01921	0.01080	0.00600	0.00840	0.00240	0.01200	0.00840	0.00360	0.00960
124	0.07417	0.00720	0.00697	0.00689	0.00870	0.00737	0.00517	0.01670	0.01455	0.02650	0.02217	0.02612	0.01771	0.03514	0.00607	0.00189	0.00362	0.00656	0.69987	0.00664
125	0.01680	0.01608	0.02742	0.17925	0.57621	0.01670	0.02144	0.02113	0.01583	0.02227	0.01325	0.01789	0.01093	0.00650	0.00706	0.00217	0.00866	0.00634	0.00345	0.01062
126	0.02571	0.01450	0.02294	0.01732	0.02299	0.01362	0.17919	0.06226	0.09467	0.41098	0.04286	0.02369	0.01747	0.00835	0.00752	0.00227	0.00752	0.00770	0.00722	0.01124
127	0.01017	0.00763	0.01144	0.01144	0.01272	0.00890	0.00890	0.01272	0.01144	0.01653	0.01907	0.02797	0.01780	0.05340	0.72153	0.01144	0.01907	0.00763	0.00381	0.00636
128	0.00924	0.00672	0.00815	0.00910	0.01032	0.00614	0.00652	0.01107	0.01501	0.01992	0.08336	0.41637	0.22577	0.01943	0.00860	0.00265	0.00406	0.06419	0.06736	0.00602
129	0.01755	0.01760	0.06327	0.04622	0.02170	0.07617	0.06504	0.02318	0.12415	0.07400	0.01882	0.02295	0.04617	0.01076	0.01411	0.00266	0.31257	0.02957	0.00459	0.00891
130	0.00864	0.00635	0.00811	0.00951	0.01022	0.00582	0.00643	0.00996	0.01402	0.01833	0.04414	0.64452	0.14452	0.02167	0.00899	0.00282	0.00405	0.01947	0.00661	0.00582
131	0.01281	0.00671	0.00699	0.00699	0.00845	0.00677	0.00509	0.01574	0.01428	0.02471	0.02295	0.02875	0.01904	0.08957	0.04242	0.00268	0.00445	0.00708	0.66812	0.00638
132	0.01825	0.01675	0.02440	0.29481	0.07134	0.07497	0.11254	0.08795	0.01702	0.06958	0.01379	0.01805	0.01056	0.00808	0.00993	0.00241	0.12990	0.00654	0.00407	0.00906
133	0.01414	0.01336	0.02260	0.61877	0.15752	0.01600	0.02012	0.01880	0.01456	0.01903	0.01278	0.01876	0.00979	0.00699	0.00711	0.00233	0.00932	0.00633	0.00322	0.00847
134	0.01237	0.00618	0.00928	0.00928	0.00928	0.00618	0.00618	0.00928	0.00928	0.01237	0.01237	0.02165	0.01237	0.02474	0.02783	0.79283	0.00618	0.00618	0.00309	0.00309
135	0.01554	0.01480	0.02515	0.38670	0.37859	0.01637	0.02082	0.02003	0.01523	0.02074	0.01303	0.01830	0.01039	0.00673	0.00708	0.00224	0.00897	0.00634	0.00335	0.00960
136	0.03176	0.01242	0.01671	0.01281	0.01833	0.01092	0.01059	0.05994	0.02089	0.68431	0.02766	0.02396	0.01741	0.00880	0.00716	0.00220	0.00613	0.00713	0.00875	0.01212
137	0.01183	0.00962	0.01332	0.17435	0.01924	0.01139	0.00995	0.01334	0.01148	0.01562	0.01844	0.05526	0.01970	0.40283	0.06444	0.00540	0.12511	0.00893	0.00390	0.00584
138	0.02660	0.03394	0.02018	0.01834	0.02201	0.72116	0.01376	0.02843	0.02018	0.01743	0.01101	0.01284	0.00917	0.00734	0.00642	0.00183	0.01284	0.00459	0.00367	0.00825

[dist]
# distance from previous block
# <min> <max>
2	2

[block]
# block no. 3 follows, 29 sequences, length 19
# corresponding to MSA columns:
# 269-287
name=unknown_D
#
# <colnr> <probs for GDERKNQSTAVLIFYWHMCP>
#	G	D	E	R	K	N	Q	S	T	A	V	L	I	F	Y	W	H	M	C	P
0	0.00929	0.00777	0.00976	0.12267	0.01606	0.00749	0.00804	0.01139	0.01514	0.01876	0.05296	0.26185	0.39808	0.01758	0.00841	0.00254	0.00469	0.01520	0.00607	0.00624
1	0.01047	0.00822	0.01166	0.12456	0.01689	0.00918	0.00921	0.01225	0.01253	0.01697	0.02639	0.32488	0.02960	0.16971	0.13107	0.00502	0.05733	0.01307	0.00492	0.00605
2	0.00970	0.00809	0.01013	0.12239	0.01615	0.00777	0.00807	0.01243	0.01708	0.02183	0.24876	0.05616	0.40517	0.01528	0.00821	0.00235	0.00446	0.01302	0.00643	0.00652
3	0.01681	0.01921	0.04202	0.03001	0.03721	0.01801	0.67947	0.02281	0.01681	0.02281	0.01441	0.01921	0.01080	0.00600	0.00840	0.00240	0.01200	0.00840	0.00360	0.00960
4	0.02694	0.07901	0.02076	0.01703	0.02116	0.56214	0.01313	0.02895	0.01983	0.12689	0.01363	0.01455	0.01051	0.00749	0.00641	0.00187	0.01142	0.00494	0.00444	0.00893
5	0.02638	0.01089	0.01474	0.01172	0.01626	0.00951	0.00951	0.02929	0.02032	0.53668	0.19959	0.03161	0.03025	0.01028	0.00748	0.00221	0.00537	0.00862	0.00857	0.01074
6	0.13888	0.01283	0.01409	0.01036	0.01638	0.01052	0.00832	0.01840	0.01435	0.02459	0.01222	0.01426	0.01010	0.00548	0.00514	0.00124	0.00531	0.00416	0.00425	0.66912
7	0.05800	0.03278	0.56810	0.02123	0.03089	0.01674	0.12852	0.02250	0.01515	0.02311	0.01288	0.01550	0.00923	0.00664	0.00689	0.00228	0.01048	0.00568	0.00318	0.01022
8	0.01763	0.01685	0.02839	0.04253	0.67766	0.01695	0.02143	0.02250	0.04347	0.02353	0.01402	0.01798	0.01170	0.00648	0.00706	0.00213	0.00835	0.00641	0.00367	0.01128
9	0.01568	0.01048	0.01294	0.01108	0.01432	0.04165	0.03446	0.01855	0.01834	0.15984	0.29281	0.11469	0.10812	0.01282	0.00777	0.00217	0.00501	0.01115	0.00698	0.10115
10	0.01768	0.01281	0.01560	0.01270	0.01632	0.03990	0.01020	0.02026	0.01604	0.15856	0.11796	0.05023	0.04868	0.01010	0.01041	0.00206	0.16724	0.00751	0.00557	0.26018
11	0.01335	0.00970	0.01187	0.01070	0.01402	0.00832	0.00819	0.04164	0.01575	0.06678	0.03058	0.29110	0.08001	0.01426	0.00756	0.00217	0.00502	0.07820	0.00592	0.28486
12	0.04913	0.01299	0.01558	0.01222	0.01721	0.03859	0.04053	0.04614	0.03235	0.15719	0.06123	0.06743	0.01895	0.00848	0.00645	0.00176	0.00592	0.02375	0.03613	0.34798
13	0.07726	0.01359	0.01599	0.01274	0.01749	0.01337	0.03733	0.13388	0.13412	0.07394	0.15317	0.02530	0.02415	0.00876	0.00672	0.00192	0.00574	0.00728	0.00622	0.23102
14	0.07164	0.04662	0.13042	0.01621	0.02225	0.01697	0.08493	0.23038	0.02058	0.02996	0.01529	0.04480	0.01226	0.00787	0.00733	0.00202	0.04159	0.00630	0.03535	0.15724
15	0.01816	0.01408	0.01626	0.01278	0.01751	0.05087	0.03569	0.12534	0.04946	0.07105	0.01609	0.04447	0.01337	0.01009	0.00968	0.12668	0.00654	0.00604	0.00499	0.35085
16	0.01924	0.01685	0.01915	0.12841	0.02464	0.07202	0.04034	0.19894	0.16418	0.02933	0.04962	0.02039	0.01573	0.00799	0.00684	0.00201	0.00748	0.00656	0.00557	0.16469
17	0.01722	0.12021	0.01981	0.01406	0.04288	0.01467	0.04719	0.14619	0.01927	0.05353	0.12193	0.05300	0.02315	0.04045	0.03622	0.00248	0.00696	0.03438	0.00546	0.18095
18	0.01780	0.01351	0.01469	0.03886	0.01682	0.05668	0.00980	0.14110	0.05008	0.07092	0.06322	0.06512	0.01972	0.06477	0.00988	0.00234	0.05536	0.00755	0.12951	0.15228

[dist]
# distance from previous block
# <min> <max>
6	42

[block]
# block no. 4 follows, 29 sequences, length 6
# corresponding to MSA columns:
# 337-342
name=unknown_E
#
# <colnr> <probs for GDERKNQSTAVLIFYWHMCP>
#	G	D	E	R	K	N	Q	S	T	A	V	L	I	F	Y	W	H	M	C	P
0	0.08577	0.01749	0.01476	0.01357	0.01642	0.23539	0.01042	0.06602	0.01719	0.06780	0.06652	0.07965	0.01966	0.02346	0.22855	0.00501	0.01197	0.00761	0.00489	0.00784
1	0.01780	0.01555	0.01618	0.07818	0.04612	0.12665	0.01176	0.08970	0.04463	0.05823	0.06867	0.02897	0.06756	0.01022	0.00864	0.00219	0.08142	0.05523	0.10140	0.07091
2	0.10786	0.01348	0.05045	0.01226	0.01625	0.01294	0.01003	0.06526	0.16959	0.17985	0.02213	0.02618	0.01775	0.14116	0.08169	0.00391	0.00762	0.00730	0.00605	0.04823
3	0.01893	0.06978	0.10112	0.01491	0.06093	0.01353	0.01234	0.10995	0.06456	0.17630	0.07442	0.13843	0.09132	0.01162	0.00742	0.00229	0.00635	0.00978	0.00640	0.00964
4	0.07522	0.12896	0.01951	0.01470	0.04402	0.06239	0.03695	0.11713	0.11861	0.02543	0.02200	0.17276	0.02124	0.01117	0.00697	0.00222	0.00679	0.04351	0.00546	0.06495
5	0.07404	0.05795	0.19392	0.01372	0.01910	0.03957	0.01341	0.03921	0.06051	0.09189	0.07504	0.16206	0.02296	0.01068	0.00696	0.00219	0.00685	0.00888	0.00533	0.09575

[dist]
# distance from previous block
# <min> <max>
3	555

# created by:
# /home/cegg/simao/soft/augustus-3.2.1/scripts/msa2prfl.pl ./align_prep/EOG090W08RW.fa
