[name]
unknown

[dist]
# distance from previous block
# <min> <max>
0	59

[block]
# block no. 0 follows, 35 sequences, length 9
# corresponding to MSA columns:
# 59-67
name=unknown_A
#
# <colnr> <probs for GDERKNQSTAVLIFYWHMCP>
#	G	D	E	R	K	N	Q	S	T	A	V	L	I	F	Y	W	H	M	C	P
0	0.01022	0.00730	0.01022	0.01168	0.01314	0.00730	0.01022	0.01314	0.01460	0.01899	0.03359	0.07156	0.03651	0.01752	0.00876	0.00292	0.00584	0.69478	0.00584	0.00584
1	0.02449	0.01717	0.01867	0.01431	0.01937	0.01878	0.01182	0.65750	0.02883	0.10023	0.01607	0.01578	0.01121	0.00764	0.00635	0.00191	0.00684	0.00577	0.00648	0.01079
2	0.00804	0.00576	0.00764	0.00862	0.00927	0.00536	0.00591	0.00961	0.01358	0.01848	0.20795	0.59340	0.04639	0.01817	0.00795	0.00243	0.00351	0.01641	0.00616	0.00536
3	0.02370	0.03023	0.01798	0.01634	0.01961	0.75158	0.01226	0.02533	0.01798	0.01553	0.00981	0.01144	0.00817	0.00654	0.00572	0.00163	0.01144	0.00409	0.00327	0.00735
4	0.01578	0.01363	0.01434	0.01291	0.01650	0.01578	0.01004	0.03371	0.72602	0.02654	0.02582	0.02367	0.01937	0.00861	0.00646	0.00215	0.00502	0.00717	0.00646	0.01004
5	0.02846	0.01080	0.01472	0.01129	0.01619	0.00932	0.00932	0.03092	0.01816	0.74187	0.02503	0.02159	0.01570	0.00785	0.00638	0.00196	0.00540	0.00638	0.00785	0.01080
6	0.01388	0.01388	0.01943	0.01666	0.01666	0.01943	0.01388	0.01527	0.00972	0.01527	0.00833	0.01388	0.00833	0.01110	0.02082	0.00278	0.76544	0.00555	0.00278	0.00694
7	0.02330	0.00983	0.01304	0.01062	0.01461	0.00871	0.00852	0.02623	0.04766	0.54858	0.05924	0.11377	0.06675	0.01004	0.00670	0.00206	0.00494	0.00845	0.00740	0.00955
8	0.02293	0.11830	0.01985	0.01558	0.01922	0.62003	0.01208	0.06760	0.01811	0.01698	0.01003	0.01153	0.00833	0.00647	0.00556	0.00162	0.01061	0.00410	0.00339	0.00766

[dist]
# distance from previous block
# <min> <max>
0	1

[block]
# block no. 1 follows, 35 sequences, length 9
# corresponding to MSA columns:
# 69-77
name=unknown_B
#
# <colnr> <probs for GDERKNQSTAVLIFYWHMCP>
#	G	D	E	R	K	N	Q	S	T	A	V	L	I	F	Y	W	H	M	C	P
0	0.46657	0.09596	0.01488	0.01135	0.01488	0.19108	0.00928	0.01993	0.01261	0.02264	0.00901	0.01093	0.00746	0.00653	0.00610	0.00191	0.08445	0.00380	0.00353	0.00712
1	0.82186	0.01227	0.00932	0.00834	0.01227	0.01423	0.00687	0.01865	0.01080	0.02846	0.00883	0.01031	0.00687	0.00589	0.00393	0.00196	0.00491	0.00344	0.00393	0.00687
2	0.00898	0.00648	0.00848	0.00798	0.00948	0.00599	0.00599	0.01197	0.01796	0.02544	0.73413	0.04739	0.05986	0.01297	0.00748	0.00200	0.00299	0.01147	0.00698	0.00599
3	0.00773	0.00552	0.00736	0.00883	0.00920	0.00515	0.00589	0.00883	0.01215	0.01619	0.03497	0.77291	0.04196	0.01987	0.00810	0.00258	0.00368	0.01803	0.00589	0.00515
4	0.00753	0.00631	0.00655	0.00673	0.00865	0.00533	0.00496	0.00907	0.01416	0.01702	0.06053	0.15184	0.64652	0.01655	0.00757	0.00220	0.00327	0.01398	0.00589	0.00533
5	0.01388	0.01388	0.01943	0.01666	0.01666	0.01943	0.01388	0.01527	0.00972	0.01527	0.00833	0.01388	0.00833	0.01110	0.02082	0.00278	0.76544	0.00555	0.00278	0.00694
6	0.02514	0.01389	0.01526	0.01223	0.01659	0.09590	0.00986	0.15937	0.02004	0.45484	0.05223	0.06075	0.01720	0.00852	0.00644	0.00195	0.00620	0.00683	0.00690	0.00989
7	0.76229	0.06915	0.01109	0.00853	0.01257	0.01504	0.00717	0.01867	0.01095	0.02746	0.00883	0.01030	0.00696	0.00585	0.00394	0.00192	0.00505	0.00343	0.00384	0.00696
8	0.01308	0.09580	0.68432	0.01747	0.02652	0.01561	0.02238	0.02000	0.01335	0.01966	0.01117	0.01312	0.00804	0.00598	0.00586	0.00195	0.00916	0.00458	0.00268	0.00927

[dist]
# distance from previous block
# <min> <max>
0	1

[block]
# block no. 2 follows, 35 sequences, length 14
# corresponding to MSA columns:
# 79-92
name=unknown_C
#
# <colnr> <probs for GDERKNQSTAVLIFYWHMCP>
#	G	D	E	R	K	N	Q	S	T	A	V	L	I	F	Y	W	H	M	C	P
0	0.00750	0.00643	0.00643	0.00643	0.00857	0.00536	0.00482	0.00910	0.01446	0.01714	0.06427	0.06105	0.73490	0.01607	0.00750	0.00214	0.00321	0.01339	0.00589	0.00536
1	0.00779	0.00580	0.00728	0.00843	0.00924	0.00529	0.00584	0.00908	0.01276	0.01652	0.04134	0.58554	0.19403	0.01893	0.00799	0.00250	0.00367	0.04683	0.00589	0.00523
2	0.00785	0.00567	0.00743	0.00861	0.00920	0.00525	0.00584	0.00918	0.01289	0.01723	0.11116	0.65574	0.08261	0.01893	0.00800	0.00249	0.00358	0.01708	0.00601	0.00525
3	0.00993	0.00738	0.00907	0.00864	0.00872	0.00831	0.00567	0.01030	0.00937	0.01292	0.01799	0.03613	0.02030	0.60930	0.07988	0.00591	0.12359	0.00849	0.00365	0.00444
4	0.02042	0.01369	0.01468	0.01169	0.01562	0.01483	0.00951	0.46198	0.02405	0.06754	0.01742	0.01820	0.01275	0.00756	0.00574	0.00177	0.00563	0.00581	0.26189	0.00924
5	0.01703	0.68175	0.08574	0.01171	0.01731	0.06590	0.01188	0.01944	0.01322	0.01535	0.00907	0.01049	0.00813	0.00554	0.00431	0.00142	0.00725	0.00353	0.00274	0.00819
6	0.05195	0.12091	0.02062	0.01767	0.09516	0.43255	0.01279	0.06498	0.01656	0.01798	0.01005	0.01217	0.00849	0.00681	0.00708	0.00177	0.08682	0.00439	0.00335	0.00789
7	0.00890	0.00648	0.00837	0.00790	0.00943	0.00595	0.00592	0.01181	0.01777	0.02499	0.69748	0.04814	0.09679	0.01314	0.00748	0.00200	0.00300	0.01158	0.00692	0.00595
8	0.01839	0.01474	0.01516	0.01301	0.01680	0.05783	0.01027	0.20398	0.39423	0.07274	0.02329	0.04489	0.03885	0.01021	0.03408	0.00236	0.00626	0.00708	0.00618	0.00967
9	0.00906	0.00683	0.00863	0.00931	0.01095	0.00639	0.00766	0.01151	0.01501	0.01934	0.15641	0.08937	0.26320	0.01641	0.00813	0.00251	0.00447	0.34307	0.00604	0.00569
10	0.01321	0.11833	0.66291	0.01726	0.02618	0.01592	0.02200	0.01997	0.01334	0.01950	0.01109	0.01303	0.00805	0.00596	0.00580	0.00193	0.00908	0.00454	0.00268	0.00923
11	0.00957	0.00598	0.00724	0.00730	0.00731	0.00597	0.00430	0.00899	0.00913	0.01217	0.01857	0.06584	0.02110	0.57637	0.02963	0.18856	0.00591	0.00874	0.00368	0.00365
12	0.01706	0.01390	0.01702	0.01428	0.01658	0.01681	0.01164	0.31125	0.01855	0.02578	0.01500	0.09654	0.01374	0.01436	0.08941	0.00316	0.28492	0.00708	0.00469	0.00825
13	0.73558	0.01446	0.08769	0.00938	0.01389	0.01428	0.00864	0.01880	0.01107	0.02757	0.00911	0.01063	0.00699	0.00590	0.00415	0.00197	0.00538	0.00357	0.00379	0.00714

[dist]
# distance from previous block
# <min> <max>
0	1

[block]
# block no. 3 follows, 35 sequences, length 101
# corresponding to MSA columns:
# 94-180,183-196
name=unknown_D
#
# <colnr> <probs for GDERKNQSTAVLIFYWHMCP>
#	G	D	E	R	K	N	Q	S	T	A	V	L	I	F	Y	W	H	M	C	P
0	0.01594	0.01784	0.02925	0.02179	0.02704	0.12244	0.45040	0.02132	0.07217	0.02009	0.03508	0.01729	0.01165	0.00621	0.00750	0.00200	0.04157	0.00672	0.00362	0.07007
1	0.04497	0.38504	0.24264	0.01425	0.02057	0.10603	0.03795	0.04958	0.01435	0.01825	0.01011	0.01173	0.00823	0.00584	0.00505	0.00165	0.00817	0.00410	0.00298	0.00850
2	0.09084	0.10540	0.02499	0.01781	0.02256	0.18519	0.26483	0.03959	0.08633	0.03899	0.01512	0.01772	0.03457	0.00673	0.00624	0.00193	0.00875	0.02033	0.00390	0.00818
3	0.07070	0.01196	0.01463	0.01091	0.01603	0.01045	0.03427	0.07848	0.01545	0.15743	0.03240	0.01575	0.01179	0.00601	0.00569	0.00140	0.02483	0.00477	0.00479	0.47226
4	0.03334	0.01977	0.34464	0.01341	0.01940	0.01115	0.01474	0.02047	0.04000	0.18509	0.10508	0.06193	0.08580	0.00897	0.00649	0.00204	0.00661	0.00740	0.00498	0.00869
5	0.00922	0.00618	0.00707	0.00718	0.00726	0.00617	0.00418	0.00938	0.00955	0.01271	0.02106	0.06727	0.02426	0.71959	0.03048	0.00589	0.00605	0.03851	0.00400	0.00397
6	0.01494	0.01343	0.02167	0.05231	0.48870	0.01347	0.03900	0.05884	0.02952	0.03946	0.01957	0.08439	0.08059	0.00807	0.00660	0.00199	0.00680	0.00753	0.00400	0.00912
7	0.82186	0.01227	0.00932	0.00834	0.01227	0.01423	0.00687	0.01865	0.01080	0.02846	0.00883	0.01031	0.00687	0.00589	0.00393	0.00196	0.00491	0.00344	0.00393	0.00687
8	0.01909	0.01527	0.01699	0.01581	0.08798	0.03424	0.01149	0.30600	0.28338	0.04746	0.02077	0.04493	0.03386	0.00834	0.00642	0.00200	0.00613	0.00679	0.00595	0.02710
9	0.01570	0.01507	0.02575	0.03894	0.73748	0.01507	0.01947	0.01947	0.01444	0.02073	0.01193	0.01570	0.01005	0.00565	0.00628	0.00188	0.00754	0.00565	0.00314	0.01005
10	0.03856	0.01514	0.04156	0.12960	0.11248	0.05147	0.18772	0.06236	0.07985	0.05664	0.05770	0.01878	0.01366	0.00825	0.02691	0.00230	0.07802	0.00649	0.00406	0.00843
11	0.82186	0.01227	0.00932	0.00834	0.01227	0.01423	0.00687	0.01865	0.01080	0.02846	0.00883	0.01031	0.00687	0.00589	0.00393	0.00196	0.00491	0.00344	0.00393	0.00687
12	0.01240	0.01148	0.01897	0.69460	0.06528	0.01409	0.01721	0.03929	0.01330	0.01715	0.01200	0.03520	0.00940	0.00669	0.00638	0.00211	0.00826	0.00594	0.00302	0.00723
13	0.00826	0.00628	0.00761	0.00831	0.00961	0.00572	0.00620	0.01001	0.01388	0.01777	0.11066	0.29269	0.29697	0.04398	0.00879	0.00255	0.00391	0.13550	0.00591	0.00538
14	0.00907	0.00678	0.01011	0.01011	0.01121	0.00788	0.00782	0.01127	0.01017	0.01466	0.01707	0.02536	0.01605	0.06704	0.73271	0.01009	0.01670	0.00686	0.00341	0.00562
15	0.00773	0.00552	0.00736	0.00883	0.00920	0.00515	0.00589	0.00883	0.01215	0.01619	0.03497	0.77291	0.04196	0.01987	0.00810	0.00258	0.00368	0.01803	0.00589	0.00515
16	0.01578	0.01363	0.01434	0.01291	0.01650	0.01578	0.01004	0.03371	0.72602	0.02654	0.02582	0.02367	0.01937	0.00861	0.00646	0.00215	0.00502	0.00717	0.00646	0.01004
17	0.01714	0.01430	0.01511	0.01318	0.01701	0.01641	0.01037	0.14487	0.61265	0.02873	0.02410	0.02229	0.01797	0.00845	0.00644	0.00211	0.00534	0.00693	0.00644	0.01016
18	0.01388	0.01388	0.01943	0.01666	0.01666	0.01943	0.01388	0.01527	0.00972	0.01527	0.00833	0.01388	0.00833	0.01110	0.02082	0.00278	0.76544	0.00555	0.00278	0.00694
19	0.01198	0.01128	0.01903	0.76180	0.04369	0.01409	0.01762	0.01621	0.01268	0.01621	0.01128	0.01691	0.00846	0.00634	0.00634	0.00211	0.00846	0.00564	0.00282	0.00705
20	0.00961	0.00697	0.00943	0.01060	0.01202	0.00679	0.00894	0.01222	0.01460	0.01901	0.08954	0.13923	0.10765	0.01727	0.00847	0.00274	0.00515	0.50808	0.00594	0.00574
21	0.00755	0.00643	0.00650	0.00648	0.00860	0.00538	0.00486	0.00920	0.01458	0.01743	0.08778	0.06057	0.71121	0.01596	0.00750	0.00214	0.00321	0.01332	0.00593	0.00538
22	0.00920	0.00626	0.00749	0.00749	0.00768	0.00646	0.00455	0.00959	0.00939	0.01272	0.01947	0.03863	0.02181	0.65034	0.15729	0.00685	0.00803	0.00880	0.00377	0.00416
23	0.02370	0.03023	0.01798	0.01634	0.01961	0.75158	0.01226	0.02533	0.01798	0.01553	0.00981	0.01144	0.00817	0.00654	0.00572	0.00163	0.01144	0.00409	0.00327	0.00735
24	0.05861	0.01901	0.01697	0.01393	0.01811	0.24134	0.01113	0.22709	0.02079	0.25089	0.01605	0.01579	0.01125	0.00745	0.00673	0.00188	0.04269	0.00532	0.00560	0.00939
25	0.01581	0.01519	0.02455	0.08190	0.59219	0.03645	0.04131	0.05170	0.01517	0.02106	0.01368	0.01712	0.03294	0.00613	0.00635	0.00191	0.00765	0.00591	0.00336	0.00961
26	0.01915	0.25084	0.04799	0.02075	0.22039	0.16335	0.01417	0.15217	0.01754	0.02157	0.01118	0.01303	0.00918	0.00614	0.00551	0.00168	0.00803	0.00464	0.00363	0.00906
27	0.04650	0.04173	0.05282	0.03257	0.04839	0.09276	0.18056	0.21441	0.07359	0.04444	0.03797	0.05405	0.01366	0.00744	0.00647	0.00195	0.00787	0.00663	0.00470	0.03151
28	0.08871	0.05119	0.02000	0.13494	0.22148	0.06287	0.01413	0.17854	0.06645	0.08048	0.01399	0.01578	0.01056	0.00664	0.00598	0.00191	0.00720	0.00543	0.00446	0.00928
29	0.01550	0.52344	0.27790	0.01334	0.02013	0.02153	0.01519	0.01937	0.01306	0.01670	0.00970	0.01128	0.00810	0.00563	0.00474	0.00158	0.00768	0.00384	0.00270	0.00857
30	0.01556	0.01466	0.08021	0.10155	0.20462	0.03052	0.03347	0.03869	0.01465	0.09083	0.03228	0.01824	0.01224	0.00658	0.00644	0.00174	0.03077	0.03057	0.00398	0.23241
31	0.00948	0.00677	0.00938	0.01084	0.01198	0.00667	0.00894	0.01187	0.01388	0.01816	0.03400	0.27926	0.03812	0.01822	0.00857	0.00282	0.00520	0.49436	0.00586	0.00564
32	0.01386	0.01495	0.03091	0.12992	0.07697	0.01457	0.49591	0.01856	0.01449	0.01961	0.03619	0.07530	0.01347	0.00684	0.00729	0.00215	0.00941	0.00803	0.00347	0.00810
33	0.02412	0.01777	0.01904	0.01460	0.01967	0.01967	0.01206	0.71633	0.02983	0.03998	0.01523	0.01523	0.01079	0.00762	0.00635	0.00190	0.00698	0.00571	0.00635	0.01079
34	0.00923	0.00615	0.00692	0.00692	0.00692	0.00615	0.00384	0.00923	0.00923	0.01230	0.01999	0.04151	0.02306	0.77705	0.03229	0.00615	0.00615	0.00923	0.00384	0.00384
35	0.02412	0.01777	0.01904	0.01460	0.01967	0.01967	0.01206	0.71633	0.02983	0.03998	0.01523	0.01523	0.01079	0.00762	0.00635	0.00190	0.00698	0.00571	0.00635	0.01079
36	0.01337	0.00771	0.00912	0.00833	0.00952	0.00760	0.00554	0.05894	0.01225	0.13319	0.02107	0.03783	0.02163	0.56960	0.02539	0.00506	0.00607	0.03752	0.00474	0.00551
37	0.01315	0.01128	0.01315	0.00940	0.01503	0.00846	0.00752	0.01597	0.01315	0.02067	0.01128	0.01315	0.00940	0.00470	0.00470	0.00094	0.00470	0.00376	0.00376	0.81583
38	0.00923	0.00615	0.00692	0.00692	0.00692	0.00615	0.00384	0.00923	0.00923	0.01230	0.01999	0.04151	0.02306	0.77705	0.03229	0.00615	0.00615	0.00923	0.00384	0.00384
39	0.00835	0.00646	0.00760	0.00732	0.00909	0.00572	0.00549	0.01074	0.01646	0.02189	0.44754	0.05323	0.34866	0.01429	0.00749	0.00206	0.00309	0.01229	0.00652	0.00572
40	0.02066	0.01337	0.01510	0.01266	0.01685	0.01442	0.01011	0.12696	0.42178	0.23889	0.02413	0.02189	0.01711	0.00825	0.00642	0.00206	0.00540	0.00674	0.00685	0.01037
41	0.00820	0.00598	0.00783	0.00914	0.00992	0.00561	0.00664	0.00973	0.01289	0.01686	0.03791	0.55394	0.11706	0.01898	0.00816	0.00260	0.00406	0.15329	0.00588	0.00531
42	0.02100	0.01736	0.02067	0.11480	0.04657	0.07077	0.08284	0.46520	0.02433	0.03211	0.01412	0.01560	0.01029	0.00708	0.00636	0.00192	0.00778	0.00576	0.02577	0.00968
43	0.01567	0.46196	0.30227	0.01385	0.02068	0.05512	0.01569	0.01971	0.01332	0.01691	0.00984	0.01146	0.00810	0.00571	0.00489	0.00162	0.00799	0.00392	0.00273	0.00857
44	0.00898	0.00648	0.00848	0.00798	0.00948	0.00599	0.00599	0.01197	0.01796	0.02544	0.73413	0.04739	0.05986	0.01297	0.00748	0.00200	0.00299	0.01147	0.00698	0.00599
45	0.09694	0.10066	0.50909	0.01613	0.02395	0.01592	0.03711	0.03826	0.06674	0.02144	0.01209	0.01367	0.00888	0.00617	0.00570	0.00195	0.00832	0.00472	0.00320	0.00906
46	0.00798	0.00598	0.00740	0.00802	0.00911	0.00541	0.00564	0.00967	0.01415	0.01870	0.21422	0.41619	0.21994	0.01722	0.00780	0.00232	0.00339	0.01526	0.00616	0.00541
47	0.01280	0.03232	0.72179	0.01836	0.02764	0.01477	0.04534	0.02010	0.01344	0.02010	0.01143	0.01351	0.00809	0.00601	0.00607	0.00201	0.00942	0.00478	0.00270	0.00935
48	0.01497	0.01711	0.03743	0.02674	0.03316	0.01604	0.71444	0.02032	0.01497	0.02032	0.01283	0.01711	0.00963	0.00535	0.00749	0.00214	0.01070	0.00749	0.00321	0.00856
49	0.01315	0.01128	0.01315	0.00940	0.01503	0.00846	0.00752	0.01597	0.01315	0.02067	0.01128	0.01315	0.00940	0.00470	0.00470	0.00094	0.00470	0.00376	0.00376	0.81583
50	0.00925	0.00672	0.00886	0.00896	0.01049	0.00633	0.00715	0.01213	0.01676	0.02303	0.48769	0.05530	0.09557	0.01449	0.00786	0.00227	0.00384	0.21081	0.00658	0.00590
51	0.00923	0.00615	0.00692	0.00692	0.00692	0.00615	0.00384	0.00923	0.00923	0.01230	0.01999	0.04151	0.02306	0.77705	0.03229	0.00615	0.00615	0.00923	0.00384	0.00384
52	0.72083	0.01297	0.01055	0.00913	0.01321	0.01492	0.00753	0.10700	0.01321	0.02992	0.00964	0.01093	0.00737	0.00611	0.00423	0.00196	0.00517	0.00372	0.00423	0.00737
53	0.02785	0.01066	0.01452	0.01118	0.01598	0.00922	0.00922	0.03032	0.01815	0.71917	0.04750	0.02241	0.01710	0.00801	0.00641	0.00196	0.00532	0.00654	0.00782	0.01064
54	0.02370	0.03023	0.01798	0.01634	0.01961	0.75158	0.01226	0.02533	0.01798	0.01553	0.00981	0.01144	0.00817	0.00654	0.00572	0.00163	0.01144	0.00409	0.00327	0.00735
55	0.01017	0.00735	0.01011	0.00983	0.01109	0.00833	0.00749	0.05513	0.01146	0.01647	0.01745	0.02632	0.01646	0.13373	0.57626	0.00871	0.01427	0.00698	0.04659	0.00577
56	0.00752	0.00633	0.00652	0.00667	0.00863	0.00533	0.00493	0.00908	0.01422	0.01704	0.06126	0.13410	0.66380	0.01646	0.00756	0.00219	0.00326	0.01387	0.00589	0.00533
57	0.03868	0.01566	0.05224	0.03728	0.69006	0.01504	0.01926	0.01947	0.01430	0.02092	0.01182	0.01546	0.00988	0.00567	0.00620	0.00189	0.00753	0.00555	0.00315	0.00993
58	0.79970	0.01223	0.00947	0.00842	0.01238	0.01409	0.00694	0.01899	0.01100	0.04839	0.00929	0.01062	0.00712	0.00594	0.00399	0.00196	0.00492	0.00352	0.00404	0.00698
59	0.01514	0.01439	0.02431	0.03647	0.67687	0.01435	0.01850	0.01879	0.01445	0.02051	0.01487	0.01998	0.03789	0.00659	0.00644	0.00194	0.00730	0.03815	0.00337	0.00968
60	0.00956	0.00634	0.00765	0.00732	0.00887	0.00591	0.00549	0.01242	0.01648	0.02424	0.49539	0.04268	0.10976	0.01185	0.00672	0.00188	0.00300	0.01025	0.20825	0.00591
61	0.01190	0.01115	0.01899	0.66796	0.04053	0.01355	0.04627	0.01607	0.01310	0.01692	0.04595	0.02035	0.01194	0.00702	0.00653	0.00214	0.00820	0.03128	0.00314	0.00702
62	0.02832	0.01102	0.01486	0.01139	0.01630	0.00965	0.00941	0.05269	0.01853	0.71958	0.02472	0.02139	0.01555	0.00784	0.00638	0.00196	0.00545	0.00636	0.00780	0.01080
63	0.01497	0.01711	0.03743	0.02674	0.03316	0.01604	0.71444	0.02032	0.01497	0.02032	0.01283	0.01711	0.00963	0.00535	0.00749	0.00214	0.01070	0.00749	0.00321	0.00856
64	0.01345	0.01262	0.03504	0.01183	0.01759	0.00978	0.09333	0.01720	0.03724	0.02081	0.01195	0.01399	0.00972	0.00494	0.00513	0.00115	0.00555	0.00435	0.00375	0.67057
65	0.02370	0.03023	0.01798	0.01634	0.01961	0.75158	0.01226	0.02533	0.01798	0.01553	0.00981	0.01144	0.00817	0.00654	0.00572	0.00163	0.01144	0.00409	0.00327	0.00735
66	0.82186	0.01227	0.00932	0.00834	0.01227	0.01423	0.00687	0.01865	0.01080	0.02846	0.00883	0.01031	0.00687	0.00589	0.00393	0.00196	0.00491	0.00344	0.00393	0.00687
67	0.02370	0.03023	0.01798	0.01634	0.01961	0.75158	0.01226	0.02533	0.01798	0.01553	0.00981	0.01144	0.00817	0.00654	0.00572	0.00163	0.01144	0.00409	0.00327	0.00735
68	0.01042	0.00575	0.00800	0.00800	0.00806	0.00582	0.00519	0.00869	0.00863	0.01157	0.01380	0.02567	0.01457	0.22986	0.06622	0.55054	0.00631	0.00660	0.00309	0.00321
69	0.00981	0.00910	0.04080	0.00922	0.01189	0.00788	0.03984	0.03900	0.08053	0.02117	0.22213	0.07013	0.38752	0.01349	0.00731	0.00210	0.00408	0.01156	0.00597	0.00645
70	0.82186	0.01227	0.00932	0.00834	0.01227	0.01423	0.00687	0.01865	0.01080	0.02846	0.00883	0.01031	0.00687	0.00589	0.00393	0.00196	0.00491	0.00344	0.00393	0.00687
71	0.01277	0.03123	0.68435	0.05316	0.02842	0.01475	0.04853	0.01992	0.01342	0.01992	0.01143	0.01369	0.00811	0.00602	0.00610	0.00202	0.00938	0.00483	0.00270	0.00924
72	0.01639	0.00826	0.01125	0.00943	0.01228	0.00754	0.03981	0.01931	0.01672	0.26087	0.28831	0.03154	0.03206	0.00953	0.00636	0.00186	0.00414	0.00822	0.20846	0.00767
73	0.01570	0.01501	0.02522	0.03772	0.70378	0.01511	0.01903	0.02013	0.04770	0.02100	0.01258	0.01607	0.01048	0.00579	0.00629	0.00190	0.00742	0.00572	0.00330	0.01005
74	0.00923	0.00615	0.00692	0.00692	0.00692	0.00615	0.00384	0.00923	0.00923	0.01230	0.01999	0.04151	0.02306	0.77705	0.03229	0.00615	0.00615	0.00923	0.00384	0.00384
75	0.01570	0.01507	0.02575	0.03894	0.73748	0.01507	0.01947	0.01947	0.01444	0.02073	0.01193	0.01570	0.01005	0.00565	0.00628	0.00188	0.00754	0.00565	0.00314	0.01005
76	0.00789	0.00574	0.00738	0.00857	0.00920	0.00531	0.00585	0.00914	0.01259	0.01660	0.06377	0.62037	0.11596	0.04571	0.00888	0.00265	0.00376	0.03960	0.00586	0.00518
77	0.01290	0.01125	0.01499	0.03547	0.04276	0.01332	0.02947	0.04210	0.18877	0.02064	0.09458	0.08933	0.02262	0.01507	0.08655	0.00319	0.19767	0.06694	0.00485	0.00752
78	0.00923	0.00615	0.00692	0.00692	0.00692	0.00615	0.00384	0.00923	0.00923	0.01230	0.01999	0.04151	0.02306	0.77705	0.03229	0.00615	0.00615	0.00923	0.00384	0.00384
79	0.01558	0.01495	0.02554	0.06181	0.71553	0.01504	0.01941	0.01937	0.01439	0.02058	0.01191	0.01574	0.01000	0.00567	0.00628	0.00189	0.00757	0.00565	0.00313	0.00995
80	0.02204	0.01714	0.01873	0.04170	0.04054	0.08538	0.01251	0.40655	0.02279	0.10911	0.01433	0.01541	0.01054	0.00807	0.00889	0.00205	0.14360	0.00560	0.00537	0.00963
81	0.82186	0.01227	0.00932	0.00834	0.01227	0.01423	0.00687	0.01865	0.01080	0.02846	0.00883	0.01031	0.00687	0.00589	0.00393	0.00196	0.00491	0.00344	0.00393	0.00687
82	0.82186	0.01227	0.00932	0.00834	0.01227	0.01423	0.00687	0.01865	0.01080	0.02846	0.00883	0.01031	0.00687	0.00589	0.00393	0.00196	0.00491	0.00344	0.00393	0.00687
83	0.02687	0.01033	0.01388	0.01077	0.01535	0.00900	0.00886	0.02938	0.01769	0.67327	0.02461	0.02179	0.01576	0.00781	0.00619	0.00192	0.00516	0.00633	0.08469	0.01033
84	0.00808	0.00690	0.00700	0.00689	0.00911	0.00605	0.00519	0.01079	0.06087	0.01799	0.08095	0.05823	0.66900	0.01549	0.00743	0.00214	0.00332	0.01293	0.00596	0.00568
85	0.01432	0.31498	0.47602	0.01536	0.02324	0.01864	0.01869	0.01968	0.01320	0.01814	0.01042	0.01218	0.00808	0.00580	0.00529	0.00176	0.00840	0.00420	0.00269	0.00891
86	0.00919	0.00630	0.00770	0.00770	0.00797	0.00657	0.00482	0.00973	0.00946	0.01288	0.01927	0.03755	0.02134	0.60295	0.20404	0.00712	0.00874	0.00865	0.00374	0.00428
87	0.74621	0.01213	0.00984	0.00862	0.01264	0.01376	0.00710	0.01982	0.01150	0.09649	0.01038	0.01138	0.00771	0.00608	0.00416	0.00196	0.00495	0.00372	0.00430	0.00724
88	0.01556	0.01630	0.03222	0.02359	0.02936	0.01584	0.55048	0.08097	0.08058	0.02250	0.01539	0.02062	0.01213	0.00653	0.00737	0.00216	0.00959	0.04617	0.00392	0.00873
89	0.02798	0.01110	0.01485	0.01144	0.01632	0.00984	0.00943	0.05365	0.03765	0.69936	0.02473	0.02144	0.01564	0.00786	0.00638	0.00197	0.00544	0.00638	0.00776	0.01078
90	0.00949	0.00678	0.00938	0.01084	0.01198	0.00667	0.00895	0.01188	0.01388	0.01816	0.03399	0.27782	0.03811	0.01822	0.00857	0.00282	0.00521	0.49575	0.00586	0.00564
91	0.00799	0.00598	0.00846	0.00943	0.01008	0.00557	0.03245	0.00927	0.01232	0.01638	0.03499	0.72377	0.06097	0.01922	0.00806	0.00255	0.00393	0.01750	0.00579	0.00529
92	0.01369	0.01302	0.02211	0.43050	0.36167	0.01454	0.01847	0.01770	0.01349	0.01828	0.01158	0.01636	0.00919	0.00603	0.00631	0.00201	0.00803	0.00564	0.00297	0.00842
93	0.02769	0.01085	0.01464	0.01127	0.01607	0.00951	0.00929	0.04973	0.01848	0.69798	0.04848	0.02228	0.01704	0.00802	0.00642	0.00196	0.00536	0.00653	0.00778	0.01063
94	0.02846	0.01080	0.01472	0.01129	0.01619	0.00932	0.00932	0.03092	0.01816	0.74187	0.02503	0.02159	0.01570	0.00785	0.00638	0.00196	0.00540	0.00638	0.00785	0.01080
95	0.01863	0.03813	0.04136	0.01868	0.09432	0.03974	0.11960	0.21722	0.01815	0.09954	0.01453	0.04442	0.01168	0.00950	0.03550	0.00241	0.15665	0.00637	0.00457	0.00900
96	0.01014	0.00766	0.00964	0.01047	0.01190	0.00783	0.00823	0.01476	0.12954	0.01915	0.05060	0.28844	0.06509	0.04453	0.00895	0.00275	0.00484	0.29336	0.00591	0.00621
97	0.02846	0.01080	0.01472	0.01129	0.01619	0.00932	0.00932	0.03092	0.01816	0.74187	0.02503	0.02159	0.01570	0.00785	0.00638	0.00196	0.00540	0.00638	0.00785	0.01080
98	0.01724	0.01601	0.02553	0.05628	0.09815	0.03568	0.28083	0.20463	0.08708	0.02572	0.01619	0.02146	0.01305	0.00738	0.00697	0.00210	0.00836	0.06368	0.00454	0.00911
99	0.03356	0.01326	0.01874	0.59434	0.03813	0.05370	0.01626	0.12022	0.01545	0.01998	0.01173	0.01622	0.00875	0.00653	0.00625	0.00205	0.00831	0.00551	0.00339	0.00761
100	0.10173	0.02570	0.01764	0.01576	0.01882	0.55897	0.03413	0.02313	0.01624	0.01705	0.01038	0.01358	0.00897	0.00722	0.00719	0.00184	0.08573	0.02530	0.00336	0.00726

[dist]
# distance from previous block
# <min> <max>
2	8

[block]
# block no. 4 follows, 35 sequences, length 8
# corresponding to MSA columns:
# 216-223
name=unknown_E
#
# <colnr> <probs for GDERKNQSTAVLIFYWHMCP>
#	G	D	E	R	K	N	Q	S	T	A	V	L	I	F	Y	W	H	M	C	P
0	0.09529	0.32538	0.02255	0.01201	0.01657	0.05718	0.03443	0.07013	0.08809	0.12971	0.01530	0.01786	0.01239	0.00841	0.02941	0.00204	0.00689	0.04331	0.00448	0.00856
1	0.02136	0.11076	0.06759	0.01173	0.01722	0.01307	0.01045	0.13063	0.01769	0.30839	0.01703	0.01646	0.01186	0.00658	0.00563	0.00162	0.00591	0.00512	0.00557	0.21535
2	0.01315	0.01128	0.01315	0.00940	0.01503	0.00846	0.00752	0.01597	0.01315	0.02067	0.01128	0.01315	0.00940	0.00470	0.00470	0.00094	0.00470	0.00376	0.00376	0.81583
3	0.01315	0.01128	0.01315	0.00940	0.01503	0.00846	0.00752	0.01597	0.01315	0.02067	0.01128	0.01315	0.00940	0.00470	0.00470	0.00094	0.00470	0.00376	0.00376	0.81583
4	0.01315	0.01128	0.01315	0.00940	0.01503	0.00846	0.00752	0.01597	0.01315	0.02067	0.01128	0.01315	0.00940	0.00470	0.00470	0.00094	0.00470	0.00376	0.00376	0.81583
5	0.00956	0.00752	0.01114	0.01086	0.01187	0.00911	0.00854	0.01173	0.01015	0.01478	0.01610	0.02379	0.01509	0.04384	0.67699	0.00944	0.09370	0.00667	0.00333	0.00579
6	0.01573	0.01548	0.07859	0.01480	0.01897	0.06410	0.12333	0.12580	0.17542	0.04854	0.18183	0.02769	0.02489	0.00905	0.00688	0.00207	0.00662	0.04617	0.00551	0.00854
7	0.01420	0.01189	0.01371	0.00989	0.01548	0.00952	0.00795	0.08259	0.01474	0.02251	0.01165	0.01335	0.00953	0.00498	0.00485	0.00103	0.00492	0.00394	0.00400	0.73926

[dist]
# distance from previous block
# <min> <max>
0	1

[block]
# block no. 5 follows, 35 sequences, length 14
# corresponding to MSA columns:
# 225-238
name=unknown_F
#
# <colnr> <probs for GDERKNQSTAVLIFYWHMCP>
#	G	D	E	R	K	N	Q	S	T	A	V	L	I	F	Y	W	H	M	C	P
0	0.13629	0.01488	0.06169	0.01331	0.01762	0.03455	0.05849	0.12574	0.24798	0.06953	0.01966	0.05467	0.01599	0.00847	0.00622	0.00206	0.00613	0.05213	0.00540	0.04919
1	0.43785	0.01427	0.01326	0.01108	0.01533	0.01624	0.00905	0.24802	0.12737	0.03191	0.01354	0.01397	0.01007	0.00687	0.00510	0.00197	0.00560	0.00475	0.00510	0.00863
2	0.18548	0.05116	0.10906	0.01354	0.01877	0.15553	0.06273	0.07688	0.01555	0.09032	0.01212	0.01339	0.00913	0.00608	0.00537	0.00170	0.00741	0.00453	0.00407	0.15718
3	0.01153	0.00614	0.00869	0.00848	0.00872	0.00623	0.00572	0.04213	0.00935	0.01248	0.01179	0.02050	0.01177	0.06930	0.02439	0.72519	0.00562	0.00576	0.00300	0.00321
4	0.01091	0.00969	0.01304	0.01215	0.01340	0.05488	0.03243	0.01310	0.01075	0.01505	0.01503	0.02208	0.01398	0.03786	0.56507	0.00822	0.13655	0.00646	0.00328	0.00607
5	0.02151	0.01512	0.14700	0.01262	0.01856	0.01034	0.03674	0.02504	0.01600	0.41460	0.01887	0.01795	0.01260	0.00668	0.00596	0.00174	0.00614	0.00549	0.00578	0.20127
6	0.02846	0.01080	0.01472	0.01129	0.01619	0.00932	0.00932	0.03092	0.01816	0.74187	0.02503	0.02159	0.01570	0.00785	0.00638	0.00196	0.00540	0.00638	0.00785	0.01080
7	0.01424	0.01183	0.01565	0.01122	0.01690	0.00926	0.07763	0.01728	0.01363	0.06305	0.01224	0.01404	0.00979	0.00495	0.00507	0.00112	0.00533	0.00428	0.00394	0.68854
8	0.01315	0.01128	0.01315	0.00940	0.01503	0.00846	0.00752	0.01597	0.01315	0.02067	0.01128	0.01315	0.00940	0.00470	0.00470	0.00094	0.00470	0.00376	0.00376	0.81583
9	0.01539	0.01192	0.01384	0.01017	0.01547	0.00997	0.00819	0.11595	0.01606	0.06607	0.04984	0.01571	0.01256	0.00572	0.00517	0.00119	0.00498	0.00459	0.00453	0.61267
10	0.02823	0.01117	0.01496	0.01147	0.01638	0.00988	0.00947	0.06801	0.01879	0.70389	0.02450	0.02125	0.01544	0.00784	0.00638	0.00196	0.00548	0.00634	0.00777	0.01080
11	0.00906	0.00680	0.01020	0.01020	0.01133	0.00793	0.00793	0.01133	0.01020	0.01473	0.01699	0.02492	0.01586	0.04758	0.75191	0.01020	0.01699	0.00680	0.00340	0.00566
12	0.01867	0.01383	0.02397	0.01817	0.02293	0.01366	0.30110	0.02489	0.13978	0.23496	0.01958	0.05828	0.01471	0.00777	0.00786	0.00215	0.05570	0.00752	0.00526	0.00920
13	0.01696	0.01093	0.01362	0.05104	0.01656	0.00890	0.00839	0.01964	0.01428	0.21032	0.01528	0.01680	0.01159	0.03864	0.00641	0.00150	0.00515	0.00479	0.00479	0.52441

[dist]
# distance from previous block
# <min> <max>
4	5

[block]
# block no. 6 follows, 35 sequences, length 7
# corresponding to MSA columns:
# 244-250
name=unknown_G
#
# <colnr> <probs for GDERKNQSTAVLIFYWHMCP>
#	G	D	E	R	K	N	Q	S	T	A	V	L	I	F	Y	W	H	M	C	P
0	0.00906	0.00680	0.01020	0.01020	0.01133	0.00793	0.00793	0.01133	0.01020	0.01473	0.01699	0.02492	0.01586	0.04758	0.75191	0.01020	0.01699	0.00680	0.00340	0.00566
1	0.82186	0.01227	0.00932	0.00834	0.01227	0.01423	0.00687	0.01865	0.01080	0.02846	0.00883	0.01031	0.00687	0.00589	0.00393	0.00196	0.00491	0.00344	0.00393	0.00687
2	0.01102	0.00551	0.00826	0.00826	0.00826	0.00551	0.00551	0.00826	0.00826	0.01102	0.01102	0.01928	0.01102	0.02204	0.02479	0.81543	0.00551	0.00551	0.00275	0.00275
3	0.01048	0.00803	0.01059	0.01015	0.01196	0.00794	0.03483	0.05686	0.07353	0.02271	0.30918	0.23185	0.07038	0.01446	0.00765	0.00228	0.00425	0.10011	0.00628	0.00645
4	0.01315	0.01128	0.01315	0.00940	0.01503	0.00846	0.00752	0.01597	0.01315	0.02067	0.01128	0.01315	0.00940	0.00470	0.00470	0.00094	0.00470	0.00376	0.00376	0.81583
5	0.06458	0.01301	0.01831	0.01337	0.01893	0.01136	0.15378	0.05594	0.04980	0.02242	0.01238	0.01443	0.00986	0.00526	0.00540	0.00136	0.00609	0.00478	0.00393	0.51501
6	0.04643	0.01382	0.01502	0.03913	0.01672	0.07525	0.01061	0.07995	0.26370	0.06781	0.08014	0.02158	0.01795	0.01252	0.07728	0.00290	0.13898	0.00661	0.00517	0.00841

[dist]
# distance from previous block
# <min> <max>
5	8

[block]
# block no. 7 follows, 35 sequences, length 10
# corresponding to MSA columns:
# 259-268
name=unknown_H
#
# <colnr> <probs for GDERKNQSTAVLIFYWHMCP>
#	G	D	E	R	K	N	Q	S	T	A	V	L	I	F	Y	W	H	M	C	P
0	0.01429	0.01124	0.01327	0.00954	0.01512	0.00852	0.00765	0.01708	0.01352	0.07399	0.01229	0.01378	0.00986	0.00493	0.00482	0.00102	0.00475	0.00395	0.00406	0.75632
1	0.01751	0.01180	0.01533	0.01118	0.01666	0.00963	0.05287	0.04970	0.01521	0.19932	0.01493	0.01557	0.01103	0.00564	0.00536	0.00131	0.00535	0.00472	0.00484	0.53203
2	0.04314	0.16411	0.03730	0.01151	0.01655	0.05124	0.02491	0.04670	0.11562	0.11815	0.03001	0.01591	0.01235	0.00628	0.00529	0.00151	0.00589	0.00487	0.00459	0.28408
3	0.06396	0.13181	0.01906	0.01417	0.01810	0.46610	0.01121	0.02519	0.01693	0.15838	0.01260	0.01319	0.00958	0.00660	0.00553	0.00168	0.00927	0.00440	0.00412	0.00812
4	0.16756	0.01335	0.01409	0.01206	0.01570	0.01519	0.00968	0.24347	0.23104	0.02886	0.01755	0.01874	0.01362	0.01542	0.15198	0.00361	0.00797	0.00594	0.00535	0.00883
5	0.01000	0.00856	0.01394	0.01149	0.01402	0.00789	0.14464	0.01331	0.01701	0.02358	0.52358	0.04287	0.11981	0.01180	0.00748	0.00204	0.00452	0.01089	0.00613	0.00642
6	0.00883	0.00643	0.00798	0.00798	0.00880	0.00662	0.00548	0.00995	0.01059	0.01411	0.02760	0.03947	0.15996	0.36981	0.28211	0.00680	0.00941	0.00918	0.00409	0.00478
7	0.01292	0.00959	0.01271	0.01222	0.01458	0.00984	0.03707	0.15097	0.01816	0.02423	0.14636	0.05438	0.03434	0.01435	0.00803	0.00254	0.00578	0.41897	0.00603	0.00694
8	0.01809	0.01896	0.15959	0.01494	0.01984	0.01740	0.01381	0.28354	0.25291	0.02912	0.01724	0.01750	0.01281	0.00799	0.00782	0.00210	0.08522	0.00597	0.00529	0.00987
9	0.01663	0.48066	0.04568	0.01140	0.01598	0.09297	0.03935	0.03832	0.01405	0.01776	0.01166	0.01346	0.00987	0.00600	0.00457	0.00147	0.00674	0.00423	0.16147	0.00775

[dist]
# distance from previous block
# <min> <max>
0	20

[block]
# block no. 8 follows, 35 sequences, length 15
# corresponding to MSA columns:
# 289-303
name=unknown_I
#
# <colnr> <probs for GDERKNQSTAVLIFYWHMCP>
#	G	D	E	R	K	N	Q	S	T	A	V	L	I	F	Y	W	H	M	C	P
0	0.01998	0.15209	0.01812	0.01272	0.01657	0.13608	0.01075	0.12988	0.04496	0.17811	0.02023	0.02926	0.01760	0.00957	0.00644	0.00203	0.00698	0.17471	0.00539	0.00850
1	0.01504	0.01467	0.01402	0.01064	0.01585	0.14139	0.00837	0.01765	0.01402	0.01975	0.01101	0.01285	0.00918	0.00503	0.00488	0.00106	0.00590	0.00382	0.00367	0.67121
2	0.01290	0.01100	0.01288	0.00937	0.01476	0.00830	0.00744	0.01564	0.01311	0.02046	0.01239	0.04899	0.01093	0.00541	0.00486	0.00102	0.00465	0.00443	0.00386	0.77759
3	0.01589	0.01119	0.01344	0.00973	0.01524	0.00861	0.00784	0.01865	0.01405	0.14968	0.01374	0.01466	0.01052	0.00526	0.00500	0.00112	0.00482	0.00423	0.00449	0.67182
4	0.00909	0.00668	0.00961	0.00961	0.01054	0.00761	0.00720	0.01095	0.01002	0.01429	0.01753	0.02789	0.01715	0.17807	0.62318	0.00947	0.01505	0.00723	0.00348	0.00534
5	0.01339	0.01170	0.01516	0.01460	0.14397	0.00951	0.00957	0.01638	0.01364	0.02094	0.05027	0.01545	0.01223	0.00531	0.00513	0.00117	0.00511	0.00451	0.00382	0.62813
6	0.82186	0.01227	0.00932	0.00834	0.01227	0.01423	0.00687	0.01865	0.01080	0.02846	0.00883	0.01031	0.00687	0.00589	0.00393	0.00196	0.00491	0.00344	0.00393	0.00687
7	0.01079	0.00847	0.00914	0.00837	0.01087	0.00807	0.00651	0.13617	0.01766	0.02248	0.15189	0.07128	0.46216	0.01426	0.00735	0.00212	0.00396	0.03588	0.00613	0.00643
8	0.06763	0.01821	0.01650	0.01773	0.14512	0.28310	0.02607	0.02147	0.08095	0.05453	0.04826	0.02317	0.05363	0.05054	0.02909	0.00237	0.00822	0.04136	0.00427	0.00777
9	0.28235	0.01394	0.01500	0.01172	0.01654	0.01452	0.03898	0.24353	0.03490	0.10060	0.01351	0.01413	0.00988	0.00645	0.00530	0.00176	0.00583	0.00478	0.00509	0.16120
10	0.22825	0.01140	0.01278	0.01038	0.01445	0.02553	0.03766	0.03257	0.04388	0.09962	0.03332	0.01813	0.02645	0.03613	0.10031	0.00284	0.00680	0.00525	0.00446	0.24979
11	0.01573	0.01327	0.01624	0.14696	0.02140	0.11069	0.06306	0.04543	0.04494	0.10683	0.03588	0.01943	0.01343	0.01711	0.19600	0.00393	0.00999	0.00595	0.00420	0.10954
12	0.14496	0.01220	0.01695	0.01400	0.01762	0.03786	0.14566	0.05610	0.03730	0.09976	0.03235	0.02807	0.01702	0.03548	0.09325	0.00319	0.02578	0.12925	0.00470	0.04849
13	0.12094	0.05235	0.01560	0.01194	0.01560	0.01189	0.08214	0.06957	0.05235	0.02139	0.04462	0.01910	0.01394	0.01991	0.25200	0.00447	0.00965	0.00575	0.00403	0.17277
14	0.09759	0.01060	0.01292	0.01091	0.01441	0.02751	0.04154	0.03281	0.07121	0.13785	0.05138	0.15404	0.01977	0.01378	0.09172	0.00280	0.00651	0.00789	0.00515	0.18961

[dist]
# distance from previous block
# <min> <max>
49	278

# created by:
# /home/cegg/simao/soft/augustus-3.2.1/scripts/msa2prfl.pl ./align_prep/EOG090W0AHP.fa
