[name]
unknown

[dist]
# distance from previous block
# <min> <max>
3	322

[block]
# block no. 0 follows, 30 sequences, length 10
# corresponding to MSA columns:
# 370-379
name=unknown_A
#
# <colnr> <probs for GDERKNQSTAVLIFYWHMCP>
#	G	D	E	R	K	N	Q	S	T	A	V	L	I	F	Y	W	H	M	C	P
0	0.01109	0.00892	0.01106	0.05855	0.01473	0.00930	0.00868	0.01679	0.14072	0.02214	0.16552	0.12841	0.18552	0.01991	0.10052	0.00360	0.00652	0.07462	0.00624	0.00716
1	0.01283	0.01020	0.01332	0.01207	0.01439	0.01031	0.05745	0.13560	0.01783	0.02350	0.06825	0.30332	0.17680	0.04764	0.01005	0.00272	0.03502	0.03531	0.00618	0.00721
2	0.01622	0.06992	0.24835	0.03015	0.32292	0.01734	0.10690	0.02267	0.05696	0.02250	0.01377	0.01681	0.01078	0.00649	0.00685	0.00213	0.00916	0.00608	0.00349	0.01047
3	0.01145	0.00856	0.01141	0.01406	0.13654	0.00856	0.00738	0.01221	0.01120	0.01523	0.02036	0.04046	0.02275	0.61759	0.03028	0.00591	0.00704	0.00943	0.00409	0.00548
4	0.00945	0.00675	0.00918	0.01080	0.01161	0.00648	0.00812	0.01135	0.01429	0.01887	0.03794	0.51909	0.04409	0.02097	0.00916	0.00296	0.00487	0.24163	0.00646	0.00593
5	0.01532	0.10132	0.47851	0.01928	0.04682	0.01734	0.06189	0.06521	0.01560	0.02233	0.01314	0.01682	0.01028	0.05413	0.00887	0.00245	0.03191	0.00565	0.00335	0.00978
6	0.00888	0.00634	0.00802	0.00909	0.00964	0.00595	0.00599	0.01005	0.01337	0.01778	0.08230	0.52915	0.08757	0.15537	0.01369	0.00348	0.00446	0.01724	0.00615	0.00548
7	0.01243	0.00932	0.01081	0.00975	0.01221	0.00911	0.00748	0.13580	0.02076	0.02797	0.37826	0.09603	0.21403	0.01454	0.00805	0.00226	0.00421	0.01246	0.00717	0.00732
8	0.58315	0.01433	0.01176	0.01006	0.01467	0.04921	0.00815	0.02114	0.04619	0.02894	0.01117	0.01269	0.00881	0.00642	0.00471	0.00195	0.00571	0.00408	0.00439	0.15249
9	0.01877	0.02039	0.02052	0.27768	0.11593	0.25451	0.01613	0.02517	0.14160	0.02028	0.01488	0.01778	0.01161	0.00741	0.00676	0.00212	0.00958	0.00594	0.00404	0.00888

[dist]
# distance from previous block
# <min> <max>
2	7

[block]
# block no. 1 follows, 30 sequences, length 35
# corresponding to MSA columns:
# 387-421
name=unknown_B
#
# <colnr> <probs for GDERKNQSTAVLIFYWHMCP>
#	G	D	E	R	K	N	Q	S	T	A	V	L	I	F	Y	W	H	M	C	P
0	0.01613	0.01671	0.02125	0.01829	0.01858	0.07796	0.01512	0.01768	0.01142	0.01682	0.00929	0.01505	0.00915	0.01181	0.02157	0.00295	0.68347	0.00598	0.00310	0.00767
1	0.01235	0.00955	0.01110	0.01089	0.01313	0.00979	0.00850	0.06591	0.14337	0.02381	0.13311	0.12141	0.17117	0.07385	0.01047	0.00290	0.00513	0.15960	0.00661	0.00735
2	0.01868	0.01703	0.02720	0.03877	0.60659	0.01735	0.02018	0.12256	0.01846	0.02601	0.01368	0.01719	0.01118	0.00655	0.00692	0.00208	0.00820	0.00623	0.00399	0.01118
3	0.01318	0.01240	0.02093	0.73798	0.04806	0.01550	0.01938	0.01783	0.01395	0.01783	0.01240	0.01860	0.00930	0.00698	0.00698	0.00233	0.00930	0.00620	0.00310	0.00775
4	0.01672	0.01460	0.01656	0.12403	0.02269	0.01708	0.01231	0.03416	0.59472	0.02747	0.02597	0.02491	0.01948	0.00909	0.00708	0.00236	0.00610	0.00763	0.00649	0.01055
5	0.80405	0.01350	0.01026	0.00918	0.01350	0.01565	0.00756	0.02051	0.01188	0.03131	0.00972	0.01134	0.00756	0.00648	0.00432	0.00216	0.00540	0.00378	0.00432	0.00756
6	0.01212	0.00606	0.00909	0.00909	0.00909	0.00606	0.00606	0.00909	0.00909	0.01212	0.01212	0.02121	0.01212	0.02424	0.02727	0.79697	0.00606	0.00606	0.00303	0.00303
7	0.01176	0.00962	0.06147	0.00977	0.01239	0.00753	0.00819	0.01526	0.01916	0.08118	0.56240	0.04813	0.09908	0.01348	0.00802	0.00220	0.00403	0.01177	0.00733	0.00723
8	0.00988	0.00796	0.01115	0.07086	0.07189	0.00794	0.00886	0.01187	0.01442	0.01916	0.09090	0.45189	0.13925	0.01785	0.00885	0.00261	0.02640	0.01587	0.00595	0.00645
9	0.01342	0.01104	0.01696	0.37509	0.09462	0.01303	0.01453	0.01721	0.01404	0.02049	0.01649	0.05940	0.01381	0.00843	0.00772	0.00219	0.06383	0.00701	0.22309	0.00759
10	0.11627	0.20628	0.07979	0.01885	0.09734	0.26605	0.04439	0.02328	0.01600	0.01990	0.01085	0.01319	0.00910	0.00685	0.00662	0.00192	0.04638	0.00471	0.00344	0.00878
11	0.00912	0.00710	0.00829	0.00799	0.00996	0.00626	0.00599	0.01171	0.01798	0.02377	0.41366	0.05906	0.36235	0.01584	0.00824	0.00227	0.00340	0.01359	0.00713	0.00626
12	0.01926	0.04480	0.16472	0.01990	0.11997	0.19244	0.01604	0.08629	0.01789	0.04068	0.03527	0.01609	0.01182	0.00725	0.00734	0.00191	0.05194	0.00539	0.00407	0.13695
13	0.05504	0.56440	0.03254	0.01361	0.01912	0.15322	0.03921	0.02220	0.01518	0.01744	0.01008	0.01176	0.00896	0.00621	0.00495	0.00161	0.00847	0.00405	0.00318	0.00875
14	0.01421	0.01131	0.01345	0.01055	0.01463	0.01041	0.00845	0.01711	0.01394	0.02269	0.01460	0.01759	0.01212	0.00701	0.00778	0.00149	0.11648	0.00505	0.20875	0.47239
15	0.01400	0.03610	0.71860	0.01989	0.03020	0.01621	0.02578	0.02210	0.01473	0.02210	0.01252	0.01473	0.00884	0.00663	0.00663	0.00221	0.01031	0.00516	0.00295	0.01031
16	0.01945	0.01589	0.01927	0.01728	0.07019	0.01750	0.06501	0.21620	0.34252	0.03205	0.02234	0.02221	0.01673	0.00851	0.00693	0.00220	0.00661	0.00721	0.08118	0.01072
17	0.00851	0.00708	0.00744	0.00735	0.00959	0.00600	0.00551	0.01053	0.01654	0.02035	0.17512	0.06469	0.60303	0.01711	0.00824	0.00233	0.00349	0.01438	0.00668	0.00600
18	0.02939	0.01495	0.01810	0.01387	0.01935	0.01482	0.01146	0.29612	0.02512	0.44668	0.02321	0.02095	0.01511	0.00853	0.00700	0.00213	0.00664	0.00672	0.00797	0.01187
19	0.80405	0.01350	0.01026	0.00918	0.01350	0.01565	0.00756	0.02051	0.01188	0.03131	0.00972	0.01134	0.00756	0.00648	0.00432	0.00216	0.00540	0.00378	0.00432	0.00756
20	0.01527	0.01527	0.02137	0.01832	0.01832	0.02137	0.01527	0.01679	0.01069	0.01679	0.00916	0.01527	0.00916	0.01221	0.02290	0.00305	0.74198	0.00611	0.00305	0.00763
21	0.01124	0.00803	0.01124	0.01285	0.01446	0.00803	0.01124	0.01446	0.01606	0.02088	0.03695	0.07871	0.04016	0.01928	0.00964	0.00321	0.00643	0.66426	0.00643	0.00643
22	0.01023	0.00787	0.01173	0.01157	0.01276	0.00936	0.00905	0.01268	0.01119	0.01623	0.01821	0.02680	0.01703	0.05032	0.69175	0.01081	0.05501	0.00741	0.00370	0.00630
23	0.01558	0.01288	0.02056	0.62815	0.04375	0.01554	0.01821	0.06799	0.01580	0.07475	0.01391	0.01888	0.01012	0.00721	0.00698	0.00230	0.00892	0.00627	0.00382	0.00838
24	0.01124	0.00803	0.01124	0.01285	0.01446	0.00803	0.01124	0.01446	0.01606	0.02088	0.03695	0.07871	0.04016	0.01928	0.00964	0.00321	0.00643	0.66426	0.00643	0.00643
25	0.21192	0.01398	0.01587	0.01247	0.01766	0.01409	0.01030	0.17818	0.02096	0.40363	0.02091	0.01926	0.01377	0.00807	0.00637	0.00214	0.00620	0.00609	0.00725	0.01086
26	0.00995	0.00745	0.00952	0.01047	0.01215	0.00702	0.00857	0.01253	0.01606	0.02062	0.10978	0.14973	0.23303	0.01865	0.00903	0.00283	0.00504	0.34481	0.00657	0.00620
27	0.00993	0.00720	0.00968	0.01115	0.01236	0.00694	0.00891	0.01225	0.01501	0.01953	0.04038	0.33672	0.09883	0.02014	0.00924	0.00299	0.00527	0.36094	0.00645	0.00609
28	0.02157	0.01655	0.01776	0.01481	0.01945	0.01860	0.01184	0.28333	0.41027	0.07151	0.02395	0.02240	0.01751	0.00901	0.00705	0.00225	0.00636	0.00723	0.00714	0.01140
29	0.01047	0.00718	0.00807	0.00804	0.00827	0.00729	0.00468	0.01157	0.04708	0.01453	0.02294	0.07073	0.02592	0.68774	0.03301	0.00638	0.00660	0.01039	0.00447	0.00465
30	0.00862	0.00612	0.00806	0.00956	0.00994	0.00575	0.00632	0.00975	0.01313	0.01751	0.03727	0.69944	0.04466	0.07467	0.01082	0.00312	0.00424	0.01914	0.00632	0.00556
31	0.00881	0.00647	0.00827	0.00914	0.01011	0.00593	0.00635	0.01062	0.01529	0.02050	0.21071	0.48727	0.13596	0.01942	0.00865	0.00261	0.00379	0.01737	0.00678	0.00593
32	0.13749	0.41255	0.05380	0.01292	0.01856	0.06265	0.03866	0.02242	0.07313	0.02086	0.01191	0.01332	0.01000	0.00636	0.00508	0.00171	0.00734	0.00441	0.00371	0.08311
33	0.17937	0.18185	0.13674	0.01480	0.02059	0.15708	0.03421	0.08133	0.05320	0.02410	0.01227	0.01376	0.00969	0.00677	0.00566	0.00191	0.00844	0.00473	0.00401	0.04950
34	0.02004	0.16238	0.06781	0.02359	0.21946	0.07195	0.03324	0.17772	0.08061	0.02634	0.01433	0.01623	0.01138	0.00729	0.00709	0.00203	0.03786	0.00576	0.00447	0.01040

[dist]
# distance from previous block
# <min> <max>
0	3

[block]
# block no. 2 follows, 30 sequences, length 52
# corresponding to MSA columns:
# 425-476
name=unknown_C
#
# <colnr> <probs for GDERKNQSTAVLIFYWHMCP>
#	G	D	E	R	K	N	Q	S	T	A	V	L	I	F	Y	W	H	M	C	P
0	0.05194	0.11121	0.29846	0.01798	0.04960	0.01807	0.04792	0.10617	0.09874	0.05400	0.01596	0.01877	0.01232	0.00782	0.00723	0.00220	0.03744	0.02962	0.00442	0.01012
1	0.26175	0.05457	0.01931	0.01925	0.13961	0.25151	0.01310	0.07129	0.01672	0.02434	0.01114	0.01346	0.00913	0.00719	0.00695	0.00205	0.06113	0.00479	0.00397	0.00873
2	0.00864	0.00627	0.00816	0.00940	0.01010	0.00579	0.00640	0.01013	0.01429	0.01906	0.11739	0.61614	0.10114	0.02066	0.00878	0.00272	0.00392	0.01861	0.00662	0.00579
3	0.02070	0.55863	0.03193	0.01361	0.01892	0.22060	0.01237	0.02282	0.01572	0.01660	0.01000	0.01158	0.00896	0.00631	0.00498	0.00158	0.00888	0.00394	0.00315	0.00872
4	0.01566	0.01528	0.02683	0.24771	0.33513	0.01614	0.12920	0.02115	0.05623	0.02178	0.03708	0.01961	0.01288	0.00685	0.00720	0.00222	0.00884	0.00686	0.00372	0.00964
5	0.01513	0.01151	0.01172	0.01043	0.01322	0.05339	0.00784	0.10173	0.09899	0.08110	0.11471	0.04357	0.24715	0.14379	0.01254	0.00303	0.00558	0.01055	0.00636	0.00767
6	0.01550	0.01480	0.02497	0.32781	0.40721	0.01635	0.02030	0.01973	0.01486	0.02048	0.01265	0.01773	0.01025	0.00680	0.00765	0.00222	0.04164	0.00621	0.00329	0.00954
7	0.01141	0.00666	0.00707	0.00712	0.00880	0.00634	0.00528	0.01425	0.01543	0.02436	0.11902	0.08645	0.15524	0.01163	0.00621	0.00192	0.00336	0.00973	0.49338	0.00634
8	0.01031	0.00744	0.01012	0.01162	0.01295	0.00725	0.00956	0.01289	0.01533	0.01992	0.03966	0.25755	0.08738	0.01986	0.00935	0.00305	0.00559	0.44753	0.00644	0.00619
9	0.01567	0.02508	0.30100	0.02831	0.16426	0.01688	0.30206	0.02207	0.01569	0.02234	0.01331	0.01694	0.01000	0.00624	0.00736	0.00224	0.01053	0.00665	0.00329	0.01008
10	0.00940	0.00682	0.00906	0.01053	0.01152	0.00648	0.00798	0.01134	0.01450	0.01894	0.04087	0.46223	0.10417	0.02061	0.00909	0.00292	0.00480	0.23632	0.00646	0.00594
11	0.02901	0.01353	0.01697	0.01323	0.01851	0.01297	0.01086	0.14693	0.09412	0.52754	0.02577	0.02279	0.01677	0.00868	0.00702	0.00217	0.00619	0.00698	0.00819	0.01179
12	0.00855	0.00616	0.00811	0.00957	0.01011	0.00572	0.00643	0.00988	0.01375	0.01830	0.06905	0.69131	0.07452	0.02136	0.00885	0.00279	0.00399	0.01931	0.00653	0.00572
13	0.00936	0.00711	0.00861	0.00823	0.01011	0.00636	0.00617	0.01216	0.01852	0.02506	0.50385	0.05693	0.27136	0.01536	0.00824	0.00225	0.00337	0.01329	0.00730	0.00636
14	0.01527	0.01527	0.02137	0.01832	0.01832	0.02137	0.01527	0.01679	0.01069	0.01679	0.00916	0.01527	0.00916	0.01221	0.02290	0.00305	0.74198	0.00611	0.00305	0.00763
15	0.01866	0.75896	0.03657	0.01194	0.01791	0.02761	0.01194	0.02090	0.01418	0.01642	0.00970	0.01119	0.00896	0.00597	0.00448	0.00149	0.00746	0.00373	0.00299	0.00896
16	0.00867	0.00619	0.00829	0.00991	0.01038	0.00581	0.00677	0.01000	0.01352	0.01800	0.03837	0.70962	0.04579	0.02171	0.00895	0.00286	0.00419	0.05879	0.00647	0.00571
17	0.03131	0.01188	0.01619	0.01242	0.01781	0.01026	0.01026	0.03401	0.01997	0.71606	0.02753	0.02375	0.01727	0.00864	0.00702	0.00216	0.00594	0.00702	0.00864	0.01188
18	0.01400	0.03610	0.71860	0.01989	0.03020	0.01621	0.02578	0.02210	0.01473	0.02210	0.01252	0.01473	0.00884	0.00663	0.00663	0.00221	0.01031	0.00516	0.00295	0.01031
19	0.05025	0.01204	0.01264	0.01055	0.01397	0.01287	0.00845	0.27682	0.02177	0.06180	0.02012	0.02176	0.01513	0.00818	0.00576	0.00185	0.00516	0.00633	0.42571	0.00884
20	0.00834	0.00690	0.00732	0.00757	0.00958	0.00588	0.00554	0.01007	0.01560	0.01898	0.08623	0.18155	0.57586	0.01827	0.00836	0.00243	0.00361	0.01552	0.00652	0.00588
21	0.00988	0.00713	0.00933	0.00878	0.01043	0.00658	0.00658	0.01317	0.01975	0.02798	0.70754	0.05213	0.06584	0.01427	0.00823	0.00219	0.00329	0.01262	0.00768	0.00658
22	0.80405	0.01350	0.01026	0.00918	0.01350	0.01565	0.00756	0.02051	0.01188	0.03131	0.00972	0.01134	0.00756	0.00648	0.00432	0.00216	0.00540	0.00378	0.00432	0.00756
23	0.01866	0.75896	0.03657	0.01194	0.01791	0.02761	0.01194	0.02090	0.01418	0.01642	0.00970	0.01119	0.00896	0.00597	0.00448	0.00149	0.00746	0.00373	0.00299	0.00896
24	0.00839	0.00693	0.00723	0.00743	0.00940	0.00592	0.00538	0.00999	0.01524	0.01840	0.06377	0.15025	0.58529	0.06274	0.00998	0.00268	0.00379	0.01508	0.00634	0.00576
25	0.01736	0.01499	0.01578	0.01420	0.01815	0.01736	0.01105	0.03708	0.69862	0.02919	0.02840	0.02604	0.02130	0.00947	0.00710	0.00237	0.00552	0.00789	0.00710	0.01105
26	0.01447	0.01240	0.01447	0.01034	0.01654	0.00930	0.00827	0.01757	0.01447	0.02274	0.01240	0.01447	0.01034	0.00517	0.00517	0.00103	0.00517	0.00413	0.00413	0.79742
27	0.01250	0.01090	0.01556	0.04667	0.05733	0.01360	0.01135	0.01435	0.01146	0.01668	0.03514	0.02643	0.01671	0.17390	0.23759	0.00617	0.27578	0.00754	0.00366	0.00670
28	0.01349	0.07103	0.00908	0.00697	0.00897	0.00831	0.00548	0.01666	0.01460	0.02519	0.02164	0.02475	0.01712	0.00794	0.00484	0.00161	0.00361	0.00627	0.72571	0.00671
29	0.73734	0.01519	0.01107	0.00993	0.01419	0.07663	0.00807	0.02114	0.01255	0.03009	0.00981	0.01144	0.00768	0.00654	0.00449	0.00213	0.00601	0.00384	0.00426	0.00760
30	0.00905	0.00710	0.00818	0.00791	0.00992	0.00623	0.00593	0.01156	0.01779	0.02333	0.38296	0.05979	0.39333	0.01600	0.00824	0.00228	0.00342	0.01369	0.00707	0.00623
31	0.02293	0.06942	0.02007	0.01429	0.01987	0.01871	0.01184	0.41894	0.08810	0.06583	0.01692	0.01706	0.01245	0.00768	0.00645	0.00187	0.00689	0.00585	0.00621	0.16861
32	0.01570	0.01504	0.07846	0.08036	0.18624	0.01203	0.01386	0.01959	0.01548	0.06454	0.06084	0.01864	0.01449	0.00653	0.00618	0.00164	0.00662	0.00565	0.00430	0.37380
33	0.01673	0.22373	0.37114	0.01725	0.02501	0.03866	0.06857	0.02210	0.01517	0.07186	0.01453	0.05916	0.01189	0.00748	0.00633	0.00205	0.00902	0.00601	0.00366	0.00966
34	0.01476	0.14323	0.51532	0.01877	0.05529	0.01748	0.02177	0.02205	0.04491	0.02190	0.05132	0.01687	0.01265	0.00706	0.00642	0.00210	0.00919	0.00552	0.00342	0.00996
35	0.01727	0.01658	0.02832	0.04283	0.71123	0.01658	0.02142	0.02142	0.01589	0.02280	0.01313	0.01727	0.01105	0.00622	0.00691	0.00207	0.00829	0.00622	0.00345	0.01105
36	0.01432	0.01393	0.02037	0.16926	0.04432	0.01868	0.01557	0.01655	0.01175	0.01727	0.01243	0.07805	0.01237	0.01175	0.01791	0.00285	0.50438	0.00729	0.00336	0.00759
37	0.01766	0.01334	0.06101	0.29013	0.13542	0.01283	0.01574	0.02140	0.01571	0.19379	0.02045	0.13567	0.01740	0.00962	0.00726	0.00232	0.00753	0.00851	0.00507	0.00912
38	0.01270	0.01105	0.01823	0.22878	0.12614	0.01182	0.06155	0.01641	0.01512	0.01999	0.02496	0.13176	0.02566	0.01320	0.00828	0.00268	0.00761	0.25163	0.00483	0.00760
39	0.01400	0.03610	0.71860	0.01989	0.03020	0.01621	0.02578	0.02210	0.01473	0.02210	0.01252	0.01473	0.00884	0.00663	0.00663	0.00221	0.01031	0.00516	0.00295	0.01031
40	0.01565	0.42211	0.02618	0.01354	0.06071	0.01998	0.01098	0.01753	0.01333	0.01666	0.01555	0.06558	0.01629	0.15119	0.01251	0.00284	0.06181	0.04616	0.00367	0.00775
41	0.01760	0.05448	0.30709	0.02461	0.23049	0.01600	0.02000	0.07856	0.01744	0.09100	0.06337	0.01902	0.01459	0.00736	0.00680	0.00212	0.00845	0.00622	0.00432	0.01050
42	0.03131	0.01188	0.01619	0.01242	0.01781	0.01026	0.01026	0.03401	0.01997	0.71606	0.02753	0.02375	0.01727	0.00864	0.00702	0.00216	0.00594	0.00702	0.00864	0.01188
43	0.01089	0.00792	0.01075	0.01216	0.01386	0.00778	0.01054	0.01393	0.01605	0.02064	0.04097	0.07734	0.11991	0.01909	0.00947	0.00311	0.00608	0.58674	0.00643	0.00636
44	0.01563	0.02228	0.24981	0.02644	0.26547	0.04165	0.05776	0.05079	0.04317	0.02286	0.01866	0.09403	0.04321	0.00868	0.00714	0.00223	0.00854	0.00774	0.00404	0.00988
45	0.01675	0.26140	0.34106	0.01969	0.10779	0.04188	0.01937	0.04032	0.05175	0.02119	0.01261	0.01451	0.00989	0.00659	0.00600	0.00196	0.00891	0.00499	0.00337	0.00998
46	0.00831	0.00682	0.00732	0.00772	0.00960	0.00584	0.00559	0.00994	0.01528	0.01859	0.06273	0.23589	0.54480	0.01871	0.00841	0.00247	0.00366	0.01599	0.00648	0.00584
47	0.01975	0.00978	0.01126	0.00970	0.01294	0.00967	0.00766	0.05224	0.10409	0.23932	0.02470	0.02494	0.01788	0.00847	0.00591	0.00190	0.00455	0.00683	0.41945	0.00896
48	0.01786	0.10795	0.14358	0.02833	0.30108	0.01859	0.09508	0.09888	0.07603	0.02484	0.01446	0.01700	0.01136	0.00674	0.00675	0.00209	0.00862	0.00613	0.00404	0.01059
49	0.01001	0.03573	0.01066	0.01079	0.01147	0.03022	0.00765	0.01130	0.01336	0.01765	0.03402	0.63677	0.04044	0.01999	0.00986	0.00277	0.06772	0.01758	0.00596	0.00603
50	0.01238	0.00796	0.00972	0.00980	0.01173	0.00746	0.00713	0.01575	0.07741	0.11270	0.09179	0.37854	0.19574	0.01746	0.00829	0.00254	0.00426	0.01534	0.00691	0.00710
51	0.61537	0.07272	0.12895	0.01115	0.01658	0.01664	0.01089	0.02080	0.01252	0.02868	0.01018	0.01189	0.00787	0.00647	0.00471	0.00212	0.00636	0.00400	0.00399	0.00812

[dist]
# distance from previous block
# <min> <max>
3	4

[block]
# block no. 3 follows, 30 sequences, length 53
# corresponding to MSA columns:
# 482-488,496-541
name=unknown_D
#
# <colnr> <probs for GDERKNQSTAVLIFYWHMCP>
#	G	D	E	R	K	N	Q	S	T	A	V	L	I	F	Y	W	H	M	C	P
0	0.01768	0.10697	0.12165	0.01904	0.15497	0.01530	0.01442	0.11042	0.01810	0.07498	0.08186	0.04044	0.01720	0.00772	0.00642	0.00185	0.00698	0.00641	0.00481	0.17279
1	0.01406	0.07049	0.27997	0.19057	0.06638	0.01569	0.01864	0.02140	0.10488	0.02102	0.01701	0.08230	0.01441	0.01052	0.04080	0.00268	0.00898	0.00713	0.00391	0.00915
2	0.00950	0.00743	0.00868	0.00924	0.01103	0.00688	0.00713	0.01221	0.04225	0.01968	0.07830	0.17917	0.35920	0.05116	0.00985	0.00283	0.00451	0.16837	0.00644	0.00614
3	0.00937	0.00680	0.00954	0.01065	0.01150	0.00698	0.00789	0.01128	0.01308	0.01776	0.03200	0.42332	0.03621	0.03110	0.23559	0.00553	0.00902	0.11081	0.00561	0.00596
4	0.04847	0.05050	0.27926	0.02396	0.15696	0.11420	0.10541	0.05877	0.03530	0.04278	0.01348	0.01587	0.01020	0.00673	0.00673	0.00212	0.00975	0.00575	0.00375	0.01003
5	0.00878	0.00646	0.00829	0.00965	0.01051	0.00597	0.00684	0.01031	0.01408	0.01833	0.04345	0.56393	0.15153	0.02090	0.00889	0.00280	0.00424	0.09280	0.00647	0.00579
6	0.01008	0.00702	0.00892	0.00892	0.00937	0.00748	0.00586	0.01099	0.01053	0.01450	0.02079	0.03905	0.02250	0.50006	0.28628	0.00838	0.01109	0.00918	0.00405	0.00495
7	0.01552	0.02032	0.17803	0.22094	0.27908	0.05426	0.05199	0.02059	0.01554	0.02123	0.04672	0.01859	0.01264	0.00694	0.00696	0.00218	0.00916	0.00629	0.00347	0.00955
8	0.01400	0.03610	0.71860	0.01989	0.03020	0.01621	0.02578	0.02210	0.01473	0.02210	0.01252	0.01473	0.00884	0.00663	0.00663	0.00221	0.01031	0.00516	0.00295	0.01031
9	0.00998	0.00744	0.01105	0.01105	0.01224	0.00864	0.00852	0.01236	0.01117	0.01608	0.01884	0.02823	0.01780	0.08366	0.69626	0.01102	0.01816	0.00760	0.00376	0.00614
10	0.01400	0.03610	0.71860	0.01989	0.03020	0.01621	0.02578	0.02210	0.01473	0.02210	0.01252	0.01473	0.00884	0.00663	0.00663	0.00221	0.01031	0.00516	0.00295	0.01031
11	0.01995	0.02263	0.20251	0.04193	0.14324	0.13271	0.03523	0.02411	0.01650	0.16451	0.01690	0.06382	0.01346	0.00844	0.00809	0.00222	0.06264	0.00673	0.00458	0.00981
12	0.15431	0.01682	0.03151	0.08985	0.12809	0.01676	0.39684	0.02181	0.01546	0.04210	0.01342	0.01741	0.01019	0.00620	0.00722	0.00227	0.00979	0.00696	0.00376	0.00924
13	0.01557	0.02580	0.35586	0.02156	0.09042	0.04721	0.11958	0.06309	0.03747	0.02402	0.07784	0.02274	0.01671	0.00806	0.00722	0.00225	0.00929	0.04149	0.00410	0.00972
14	0.02190	0.01725	0.01834	0.01512	0.01988	0.01948	0.01214	0.35935	0.36895	0.03651	0.02263	0.02144	0.01663	0.00893	0.00704	0.00223	0.00659	0.00709	0.00704	0.01145
15	0.01878	0.01355	0.01534	0.01134	0.01724	0.04135	0.00911	0.05277	0.01662	0.15688	0.01545	0.01628	0.01168	0.00607	0.00566	0.00133	0.00576	0.00481	0.00511	0.57485
16	0.01400	0.03610	0.71860	0.01989	0.03020	0.01621	0.02578	0.02210	0.01473	0.02210	0.01252	0.01473	0.00884	0.00663	0.00663	0.00221	0.01031	0.00516	0.00295	0.01031
17	0.03040	0.01334	0.01710	0.01311	0.01854	0.01243	0.01083	0.15880	0.02242	0.58780	0.02547	0.02242	0.01624	0.00859	0.00701	0.00215	0.00627	0.00688	0.00832	0.01187
18	0.01636	0.01624	0.02988	0.13460	0.42205	0.01637	0.19169	0.02099	0.01573	0.02210	0.01360	0.01815	0.01092	0.00630	0.00719	0.00216	0.00916	0.00674	0.02974	0.01002
19	0.00990	0.00694	0.00897	0.00915	0.00965	0.00735	0.00610	0.01094	0.01089	0.01498	0.02265	0.11816	0.02484	0.41869	0.28241	0.00793	0.01077	0.01027	0.00430	0.00511
20	0.01186	0.00757	0.00996	0.00911	0.01111	0.00692	0.00692	0.01509	0.01977	0.09151	0.64476	0.04951	0.06136	0.01375	0.00812	0.00219	0.00354	0.01210	0.00777	0.00707
21	0.01727	0.01658	0.02832	0.04283	0.71123	0.01658	0.02142	0.02142	0.01589	0.02280	0.01313	0.01727	0.01105	0.00622	0.00691	0.00207	0.00829	0.00622	0.00345	0.01105
22	0.01823	0.69270	0.09908	0.01267	0.01904	0.02657	0.01321	0.02101	0.01423	0.01694	0.00996	0.01152	0.00894	0.00603	0.00467	0.00156	0.00772	0.00386	0.00298	0.00908
23	0.00862	0.00612	0.00806	0.00956	0.00994	0.00575	0.00631	0.00975	0.01312	0.01750	0.03725	0.69830	0.04462	0.07585	0.01087	0.00312	0.00425	0.01912	0.00631	0.00556
24	0.01866	0.75896	0.03657	0.01194	0.01791	0.02761	0.01194	0.02090	0.01418	0.01642	0.00970	0.01119	0.00896	0.00597	0.00448	0.00149	0.00746	0.00373	0.00299	0.00896
25	0.01357	0.01233	0.01988	0.59330	0.07160	0.01486	0.01776	0.05271	0.01505	0.01946	0.01637	0.07383	0.03366	0.00844	0.00716	0.00234	0.00861	0.00747	0.00367	0.00790
26	0.00916	0.00654	0.00853	0.00937	0.00995	0.00647	0.00633	0.01045	0.01270	0.01714	0.06542	0.41957	0.05988	0.18632	0.13388	0.00504	0.00702	0.01515	0.00559	0.00550
27	0.01866	0.75896	0.03657	0.01194	0.01791	0.02761	0.01194	0.02090	0.01418	0.01642	0.00970	0.01119	0.00896	0.00597	0.00448	0.00149	0.00746	0.00373	0.00299	0.00896
28	0.01034	0.00736	0.01009	0.01162	0.01278	0.00724	0.00942	0.01278	0.01494	0.01957	0.03668	0.28526	0.04129	0.05609	0.01068	0.00327	0.00571	0.43246	0.00633	0.00608
29	0.00902	0.00695	0.00828	0.00850	0.01019	0.00620	0.00630	0.01128	0.01673	0.02189	0.28090	0.19801	0.31963	0.01742	0.00845	0.00244	0.00371	0.05108	0.00689	0.00611
30	0.01020	0.00724	0.00984	0.01131	0.01236	0.00710	0.00898	0.01244	0.01461	0.01918	0.03616	0.30805	0.04093	0.08481	0.01166	0.00339	0.00563	0.38390	0.00625	0.00597
31	0.01642	0.01940	0.07489	0.02757	0.03453	0.01755	0.59155	0.02363	0.07633	0.02294	0.01529	0.01924	0.01144	0.00624	0.00805	0.00235	0.01114	0.00804	0.00381	0.00960
32	0.03131	0.01188	0.01619	0.01242	0.01781	0.01026	0.01026	0.03401	0.01997	0.71606	0.02753	0.02375	0.01727	0.00864	0.00702	0.00216	0.00594	0.00702	0.00864	0.01188
33	0.01174	0.00775	0.00951	0.00912	0.00993	0.00810	0.00605	0.04333	0.01188	0.04462	0.02113	0.03875	0.02238	0.50966	0.20975	0.00749	0.00982	0.00916	0.00441	0.00541
34	0.01477	0.03339	0.62030	0.01955	0.02870	0.01695	0.02419	0.05697	0.01534	0.02279	0.01245	0.01489	0.00903	0.00721	0.00808	0.00228	0.07448	0.00530	0.00317	0.01016
35	0.00997	0.00748	0.01121	0.01121	0.01246	0.00872	0.00872	0.01246	0.01121	0.01620	0.01869	0.02741	0.01745	0.05234	0.72710	0.01121	0.01869	0.00748	0.00374	0.00623
36	0.01400	0.03610	0.71860	0.01989	0.03020	0.01621	0.02578	0.02210	0.01473	0.02210	0.01252	0.01473	0.00884	0.00663	0.00663	0.00221	0.01031	0.00516	0.00295	0.01031
37	0.01702	0.01747	0.06180	0.04057	0.64557	0.01679	0.02134	0.02123	0.01559	0.02248	0.01291	0.01705	0.01086	0.00652	0.00764	0.00213	0.04260	0.00616	0.00341	0.01086
38	0.01452	0.01393	0.05749	0.57499	0.07259	0.01526	0.01856	0.05008	0.01529	0.04650	0.01577	0.02057	0.04027	0.00752	0.00701	0.00229	0.00885	0.00655	0.00365	0.00831
39	0.09066	0.48988	0.18929	0.01370	0.02049	0.02362	0.01476	0.05257	0.01497	0.02039	0.01068	0.01228	0.00894	0.00628	0.00507	0.00175	0.00793	0.00418	0.00329	0.00927
40	0.05736	0.05916	0.07350	0.02090	0.10761	0.45980	0.04146	0.06235	0.01894	0.02045	0.01157	0.01369	0.00939	0.00696	0.00635	0.00190	0.01106	0.00494	0.00372	0.00889
41	0.01577	0.01374	0.04976	0.07463	0.15498	0.04570	0.04814	0.04245	0.06404	0.06698	0.06362	0.02782	0.09341	0.01090	0.03819	0.00247	0.00712	0.00778	0.16384	0.00866
42	0.01449	0.01193	0.01393	0.01072	0.01587	0.00974	0.00839	0.07415	0.01586	0.02373	0.01726	0.14128	0.01663	0.00832	0.00597	0.00144	0.00519	0.00702	0.00478	0.59327
43	0.34119	0.01321	0.01534	0.09930	0.11465	0.04154	0.03053	0.01825	0.01345	0.02423	0.01693	0.15877	0.01680	0.01009	0.00703	0.00236	0.03932	0.02485	0.00443	0.00774
44	0.04686	0.01699	0.04565	0.08342	0.40089	0.04977	0.09652	0.02050	0.01540	0.02190	0.03476	0.04347	0.01332	0.00761	0.00842	0.00223	0.07199	0.00691	0.00366	0.00971
45	0.01017	0.00834	0.01137	0.01184	0.01214	0.00954	0.00865	0.01146	0.01270	0.01756	0.03123	0.56886	0.03703	0.01948	0.01236	0.00289	0.18613	0.01645	0.00563	0.00615
46	0.01598	0.09789	0.23479	0.02493	0.03282	0.01823	0.42928	0.02213	0.01574	0.02169	0.01322	0.01689	0.00992	0.00611	0.00740	0.00223	0.01092	0.00690	0.00331	0.00962
47	0.01400	0.03610	0.71860	0.01989	0.03020	0.01621	0.02578	0.02210	0.01473	0.02210	0.01252	0.01473	0.00884	0.00663	0.00663	0.00221	0.01031	0.00516	0.00295	0.01031
48	0.01015	0.00677	0.00761	0.00761	0.00761	0.00677	0.00423	0.01015	0.01015	0.01353	0.02199	0.04567	0.02537	0.75476	0.03552	0.00677	0.00677	0.01015	0.00423	0.00423
49	0.01015	0.00677	0.00761	0.00761	0.00761	0.00677	0.00423	0.01015	0.01015	0.01353	0.02199	0.04567	0.02537	0.75476	0.03552	0.00677	0.00677	0.01015	0.00423	0.00423
50	0.01722	0.40246	0.02690	0.01378	0.04745	0.04390	0.03113	0.06596	0.07940	0.02175	0.11686	0.04285	0.04691	0.00862	0.00598	0.00185	0.00677	0.00673	0.00461	0.00886
51	0.02663	0.02073	0.04711	0.01575	0.02113	0.12906	0.01315	0.41419	0.04650	0.16819	0.01807	0.01764	0.01261	0.00820	0.00687	0.00207	0.00815	0.00615	0.00662	0.01120
52	0.01681	0.01443	0.01481	0.01334	0.01702	0.03622	0.01035	0.05172	0.55787	0.02847	0.05996	0.02887	0.06127	0.00998	0.00708	0.00230	0.00546	0.00828	0.04549	0.01027

[dist]
# distance from previous block
# <min> <max>
0	1

[block]
# block no. 4 follows, 30 sequences, length 29
# corresponding to MSA columns:
# 543-571
name=unknown_E
#
# <colnr> <probs for GDERKNQSTAVLIFYWHMCP>
#	G	D	E	R	K	N	Q	S	T	A	V	L	I	F	Y	W	H	M	C	P
0	0.57910	0.07207	0.07110	0.01108	0.01603	0.07921	0.00992	0.02120	0.01309	0.02783	0.01015	0.01185	0.00801	0.00646	0.00473	0.00203	0.00658	0.00397	0.00404	0.04155
1	0.01709	0.01629	0.02724	0.07326	0.63956	0.01658	0.02071	0.02218	0.05621	0.02295	0.01400	0.01785	0.01158	0.00645	0.00692	0.00210	0.00817	0.00632	0.00365	0.01090
2	0.00943	0.00680	0.00749	0.00762	0.00837	0.00641	0.00474	0.01007	0.01216	0.01550	0.03817	0.11013	0.23501	0.47012	0.02503	0.00510	0.00556	0.01234	0.00510	0.00485
3	0.04202	0.01944	0.02479	0.11636	0.21713	0.13806	0.10763	0.17372	0.01993	0.02588	0.01381	0.01755	0.01100	0.03279	0.00793	0.00227	0.00935	0.00628	0.00430	0.00976
4	0.01588	0.07630	0.02137	0.01689	0.01783	0.04998	0.01400	0.01881	0.06496	0.01757	0.01146	0.01730	0.01096	0.05131	0.02016	0.00302	0.55472	0.00620	0.00345	0.00784
5	0.01443	0.01425	0.06938	0.01108	0.01760	0.00984	0.00963	0.01792	0.01449	0.02269	0.01241	0.01449	0.01022	0.00528	0.00528	0.00113	0.00557	0.00421	0.00404	0.73604
6	0.01048	0.00748	0.00987	0.01160	0.07277	0.00744	0.00667	0.01112	0.01148	0.01551	0.02466	0.21919	0.02824	0.42928	0.05756	0.04815	0.00673	0.01190	0.00464	0.00524
7	0.00944	0.00740	0.00860	0.00849	0.01039	0.00677	0.00629	0.01274	0.05398	0.02305	0.32729	0.14362	0.32382	0.01634	0.00826	0.00235	0.00361	0.01412	0.00701	0.00643
8	0.04722	0.01604	0.02068	0.10930	0.12541	0.06743	0.07854	0.16234	0.10399	0.02729	0.06949	0.04904	0.03882	0.00934	0.00729	0.00226	0.00775	0.04304	0.00531	0.00941
9	0.04340	0.14502	0.06019	0.02791	0.31601	0.04016	0.07404	0.16413	0.01920	0.02626	0.01320	0.01583	0.01056	0.00666	0.00651	0.00200	0.00844	0.00581	0.00414	0.01051
10	0.00864	0.00648	0.00804	0.00906	0.01011	0.00588	0.00634	0.01025	0.01466	0.01906	0.10487	0.49292	0.21735	0.02005	0.00870	0.00267	0.00393	0.03859	0.00658	0.00583
11	0.01694	0.00974	0.01335	0.01314	0.07680	0.00905	0.00918	0.04502	0.01995	0.21296	0.43538	0.03999	0.04576	0.01180	0.00774	0.00217	0.00462	0.01029	0.00753	0.00861
12	0.01784	0.08427	0.11914	0.04700	0.12326	0.15992	0.05144	0.07037	0.08190	0.02197	0.01749	0.05260	0.03509	0.01221	0.07251	0.00292	0.00989	0.00679	0.00422	0.00917
13	0.08850	0.07351	0.50158	0.01733	0.02599	0.01622	0.02086	0.02392	0.04648	0.10127	0.01452	0.01575	0.01025	0.00693	0.00636	0.00216	0.00898	0.00528	0.00391	0.01019
14	0.00893	0.00932	0.07250	0.00935	0.01163	0.00677	0.00768	0.01111	0.01492	0.01905	0.07452	0.33397	0.35854	0.01822	0.00836	0.00253	0.00435	0.01582	0.00620	0.00623
15	0.04105	0.08656	0.12909	0.01680	0.07324	0.11825	0.01406	0.02053	0.07683	0.01983	0.01809	0.02320	0.04252	0.01929	0.18090	0.00436	0.06873	0.03430	0.00400	0.00836
16	0.01695	0.03142	0.10925	0.07859	0.24516	0.01405	0.07783	0.04577	0.01699	0.10467	0.07717	0.02526	0.07467	0.00836	0.00710	0.00215	0.00759	0.00757	0.03980	0.00964
17	0.01511	0.03855	0.08195	0.17615	0.05671	0.01632	0.37560	0.02088	0.03511	0.02193	0.07717	0.02145	0.01550	0.00705	0.00767	0.00229	0.00996	0.00778	0.00386	0.00895
18	0.01275	0.01183	0.01976	0.67151	0.04460	0.01461	0.01820	0.01709	0.01390	0.01783	0.01478	0.08538	0.01267	0.00834	0.00715	0.00237	0.00882	0.00745	0.00341	0.00756
19	0.01897	0.06006	0.22028	0.02158	0.12557	0.09590	0.05886	0.09623	0.04335	0.07694	0.01513	0.04011	0.01198	0.00801	0.00827	0.00220	0.07599	0.00629	0.00429	0.00998
20	0.02035	0.05755	0.19672	0.07921	0.08271	0.02758	0.01590	0.05567	0.04883	0.24050	0.03998	0.06992	0.01665	0.00871	0.00693	0.00219	0.00760	0.00723	0.00556	0.01021
21	0.08409	0.00850	0.01117	0.01075	0.01215	0.00873	0.03813	0.01381	0.01276	0.07182	0.02675	0.32160	0.02948	0.20925	0.07181	0.00437	0.04045	0.01276	0.00536	0.00626
22	0.07344	0.01382	0.08636	0.01306	0.04647	0.04333	0.01069	0.04424	0.01595	0.13458	0.04566	0.10750	0.04986	0.04454	0.06413	0.00302	0.00717	0.03843	0.07747	0.08027
23	0.01860	0.12082	0.09755	0.08049	0.18340	0.08255	0.01576	0.11768	0.01832	0.05350	0.04647	0.05001	0.01461	0.00779	0.00654	0.00198	0.00805	0.00640	0.00443	0.06507
24	0.07227	0.02031	0.10487	0.01839	0.10283	0.15445	0.03429	0.09276	0.08137	0.11286	0.06169	0.05485	0.04098	0.00890	0.00688	0.00214	0.00802	0.00722	0.00534	0.00959
25	0.11809	0.01679	0.08433	0.01681	0.10286	0.08458	0.03157	0.10783	0.03698	0.02525	0.06301	0.09966	0.01952	0.06887	0.03220	0.00279	0.00760	0.00791	0.03767	0.03569
26	0.09562	0.06407	0.01685	0.01404	0.05402	0.05891	0.01053	0.12499	0.16989	0.07338	0.08984	0.03995	0.04256	0.03475	0.00756	0.00221	0.00627	0.00730	0.00588	0.08137
27	0.01962	0.06447	0.01840	0.04849	0.04796	0.16227	0.03332	0.11900	0.10385	0.09237	0.07520	0.07486	0.09015	0.01020	0.00709	0.00214	0.00748	0.00833	0.00573	0.00907
28	0.09470	0.05469	0.01928	0.01558	0.01972	0.23729	0.07267	0.09661	0.16926	0.02481	0.03499	0.04519	0.06776	0.00899	0.00672	0.00211	0.00835	0.00711	0.00516	0.00898

[dist]
# distance from previous block
# <min> <max>
0	86

# created by:
# /home/cegg/simao/soft/augustus-3.2.1/scripts/msa2prfl.pl ./align_prep/EOG090W0EG7.fa
