[name]
unknown

[dist]
# distance from previous block
# <min> <max>
2	48

[block]
# block no. 0 follows, 38 sequences, length 13
# corresponding to MSA columns:
# 70-82
name=unknown_A
#
# <colnr> <probs for GDERKNQSTAVLIFYWHMCP>
#	G	D	E	R	K	N	Q	S	T	A	V	L	I	F	Y	W	H	M	C	P
0	0.05149	0.01350	0.01604	0.01234	0.01702	0.04298	0.05340	0.23202	0.05952	0.26538	0.02989	0.01686	0.01251	0.00674	0.00575	0.00169	0.00591	0.00545	0.00570	0.14579
1	0.05068	0.01369	0.08798	0.01184	0.01621	0.01225	0.03143	0.16737	0.15679	0.19556	0.07295	0.02394	0.09775	0.00835	0.00611	0.00189	0.00546	0.00684	0.00578	0.02713
2	0.04716	0.06974	0.34095	0.01565	0.04594	0.01486	0.06369	0.12697	0.11083	0.03683	0.01626	0.01711	0.05408	0.00677	0.00581	0.00188	0.00729	0.00551	0.00391	0.00877
3	0.01586	0.01301	0.01578	0.01680	0.18500	0.06293	0.01076	0.04817	0.15533	0.10185	0.03898	0.04757	0.01424	0.00675	0.00564	0.00160	0.00564	0.00574	0.00459	0.24374
4	0.00923	0.00682	0.00845	0.00885	0.01014	0.00651	0.00642	0.07497	0.01385	0.01852	0.08494	0.50780	0.09762	0.01615	0.00733	0.00226	0.00389	0.06647	0.00560	0.04417
5	0.01454	0.01301	0.01710	0.01381	0.01760	0.03993	0.14256	0.11452	0.27860	0.02426	0.13248	0.05843	0.02142	0.00823	0.00635	0.00189	0.00584	0.00742	0.00527	0.07674
6	0.01156	0.00884	0.00987	0.00855	0.01147	0.00835	0.00665	0.07990	0.11237	0.05495	0.19293	0.03821	0.29435	0.01103	0.00645	0.00181	0.00385	0.00925	0.00572	0.12389
7	0.01350	0.01252	0.08035	0.00979	0.01541	0.00862	0.00863	0.01654	0.01284	0.07333	0.01166	0.01308	0.00923	0.00479	0.00469	0.00105	0.00491	0.00383	0.00375	0.69150
8	0.01463	0.01157	0.01596	0.01303	0.04252	0.01117	0.09673	0.11002	0.07152	0.08345	0.15569	0.02225	0.04074	0.00761	0.00676	0.00167	0.04991	0.00651	0.00490	0.23335
9	0.01301	0.01030	0.01214	0.00905	0.01370	0.00830	0.00721	0.05795	0.01435	0.04986	0.13237	0.01823	0.01707	0.00602	0.00504	0.00115	0.00435	0.00497	0.00436	0.61056
10	0.01626	0.15632	0.39327	0.01490	0.02183	0.01717	0.01668	0.25027	0.01768	0.02435	0.01157	0.01275	0.00849	0.00611	0.00550	0.00177	0.00773	0.00455	0.00368	0.00913
11	0.47290	0.08223	0.01318	0.01032	0.01399	0.16800	0.00834	0.02116	0.12192	0.02311	0.01099	0.01189	0.00866	0.00606	0.00444	0.00178	0.00609	0.00391	0.00386	0.00717
12	0.01459	0.01354	0.13911	0.01293	0.01728	0.01021	0.11327	0.03628	0.07358	0.16420	0.24565	0.02684	0.02625	0.00843	0.00642	0.00188	0.00570	0.02075	0.02209	0.04099

[dist]
# distance from previous block
# <min> <max>
0	1

[block]
# block no. 1 follows, 38 sequences, length 43
# corresponding to MSA columns:
# 84-126
name=unknown_B
#
# <colnr> <probs for GDERKNQSTAVLIFYWHMCP>
#	G	D	E	R	K	N	Q	S	T	A	V	L	I	F	Y	W	H	M	C	P
0	0.01467	0.03565	0.05057	0.08815	0.51132	0.03824	0.04260	0.01862	0.03653	0.04034	0.01475	0.01753	0.05201	0.00615	0.00599	0.00182	0.00712	0.00577	0.00331	0.00887
1	0.04611	0.00987	0.01203	0.01040	0.05497	0.00812	0.00769	0.01458	0.01334	0.02057	0.13878	0.02233	0.01903	0.00684	0.00526	0.00130	0.00442	0.05928	0.00421	0.54088
2	0.01264	0.00826	0.00960	0.00839	0.01064	0.03844	0.00625	0.01466	0.01440	0.14307	0.29346	0.03437	0.07593	0.16175	0.04470	0.00287	0.00493	0.00842	0.00547	0.10176
3	0.02198	0.05802	0.01788	0.01374	0.01806	0.23424	0.01107	0.40886	0.03914	0.06375	0.01316	0.01355	0.00974	0.00673	0.00567	0.00167	0.00763	0.00484	0.00496	0.04531
4	0.01514	0.03227	0.03946	0.00956	0.01467	0.00868	0.00801	0.01781	0.01335	0.16166	0.01415	0.04822	0.01136	0.00574	0.00494	0.00119	0.00475	0.00467	0.00434	0.58003
5	0.01489	0.01429	0.02442	0.03692	0.75106	0.01429	0.01846	0.01846	0.01370	0.01965	0.01132	0.01489	0.00953	0.00536	0.00596	0.00179	0.00715	0.00536	0.00298	0.00953
6	0.00719	0.00578	0.00641	0.00692	0.00834	0.00501	0.00494	0.00854	0.01292	0.01593	0.05093	0.31983	0.49314	0.01654	0.00731	0.00218	0.00321	0.01428	0.00559	0.00501
7	0.01424	0.24118	0.42609	0.01482	0.02174	0.06460	0.04289	0.01907	0.01322	0.03994	0.04205	0.01348	0.01004	0.00590	0.00530	0.00171	0.00800	0.00449	0.00293	0.00832
8	0.04292	0.01425	0.02194	0.10237	0.35419	0.01488	0.08637	0.19212	0.01714	0.04610	0.01317	0.01706	0.01053	0.00635	0.00611	0.00188	0.00720	0.03242	0.00395	0.00904
9	0.00719	0.00577	0.00643	0.00695	0.00835	0.00501	0.00495	0.00854	0.01289	0.01591	0.05050	0.33111	0.48215	0.01659	0.00732	0.00219	0.00321	0.01435	0.00559	0.00501
10	0.01337	0.00719	0.00950	0.00832	0.01057	0.00649	0.00645	0.01607	0.01695	0.21284	0.53911	0.03795	0.04471	0.01089	0.00674	0.00187	0.00343	0.00947	0.03123	0.00685
11	0.10453	0.15714	0.01902	0.01458	0.07090	0.24699	0.03585	0.08560	0.11881	0.03541	0.01265	0.01447	0.01032	0.04153	0.00636	0.00186	0.00751	0.00474	0.00387	0.00786
12	0.01567	0.27982	0.30510	0.01473	0.02093	0.08608	0.05107	0.09663	0.01458	0.01893	0.01021	0.01191	0.00804	0.00589	0.00571	0.00169	0.03742	0.00426	0.00301	0.00835
13	0.00711	0.00609	0.00609	0.00609	0.00813	0.00508	0.00457	0.00863	0.01371	0.01625	0.06094	0.05789	0.74862	0.01524	0.00711	0.00203	0.00305	0.01270	0.00559	0.00508
14	0.02104	0.01257	0.01453	0.01175	0.01589	0.01311	0.00950	0.22686	0.22580	0.29258	0.05021	0.02151	0.04054	0.00803	0.00614	0.00190	0.00529	0.00649	0.00657	0.00969
15	0.10499	0.01585	0.01884	0.01759	0.12856	0.13057	0.09817	0.13479	0.05476	0.19193	0.01474	0.01545	0.01065	0.00655	0.00622	0.00184	0.02955	0.00536	0.00474	0.00883
16	0.00733	0.00524	0.00698	0.00838	0.00873	0.00489	0.00558	0.00838	0.01152	0.01536	0.03316	0.78466	0.03979	0.01885	0.00768	0.00244	0.00349	0.01710	0.00558	0.00489
17	0.02071	0.02427	0.01629	0.01463	0.01790	0.54453	0.01111	0.06582	0.18923	0.01851	0.01319	0.01380	0.01041	0.00672	0.00562	0.00168	0.00917	0.00466	0.00398	0.00776
18	0.00733	0.00524	0.00698	0.00838	0.00873	0.00489	0.00558	0.00838	0.01152	0.01536	0.03316	0.78466	0.03979	0.01885	0.00768	0.00244	0.00349	0.01710	0.00558	0.00489
19	0.00734	0.00563	0.00673	0.00745	0.00852	0.00502	0.00521	0.00870	0.01277	0.01638	0.09912	0.45259	0.30899	0.01697	0.00742	0.00224	0.00327	0.01495	0.00567	0.00502
20	0.01207	0.03112	0.75741	0.01715	0.02604	0.01397	0.02223	0.01905	0.01270	0.01905	0.01080	0.01270	0.00762	0.00572	0.00572	0.00191	0.00889	0.00445	0.00254	0.00889
21	0.00851	0.00615	0.00804	0.00757	0.00899	0.00568	0.00568	0.01135	0.01703	0.02412	0.74788	0.04494	0.05676	0.01230	0.00710	0.00189	0.00284	0.01088	0.00662	0.00568
22	0.06945	0.01398	0.01581	0.01236	0.01690	0.01471	0.01021	0.42034	0.04391	0.26722	0.01796	0.01813	0.01257	0.00754	0.00598	0.00187	0.00593	0.02897	0.00633	0.00985
23	0.01233	0.06432	0.69764	0.01716	0.02577	0.01445	0.04869	0.01901	0.01274	0.01884	0.01074	0.01270	0.00768	0.00567	0.00569	0.00188	0.00883	0.00449	0.00256	0.00881
24	0.00733	0.00524	0.00698	0.00838	0.00873	0.00489	0.00558	0.00838	0.01152	0.01536	0.03316	0.78466	0.03979	0.01885	0.00768	0.00244	0.00349	0.01710	0.00558	0.00489
25	0.02238	0.01711	0.01775	0.01382	0.01847	0.04977	0.01133	0.65959	0.07029	0.03618	0.01483	0.01477	0.01061	0.00723	0.00600	0.00181	0.00669	0.00543	0.00590	0.01005
26	0.10763	0.22310	0.05302	0.01239	0.01697	0.04136	0.06617	0.10297	0.15548	0.10828	0.04547	0.01612	0.01293	0.00664	0.00531	0.00174	0.00617	0.00520	0.00457	0.00849
27	0.01094	0.00624	0.00832	0.00863	0.00985	0.00570	0.00611	0.01240	0.01312	0.14513	0.12040	0.53929	0.03709	0.03667	0.00794	0.00236	0.00375	0.01418	0.00599	0.00588
28	0.00733	0.00524	0.00698	0.00838	0.00873	0.00489	0.00558	0.00838	0.01152	0.01536	0.03316	0.78466	0.03979	0.01885	0.00768	0.00244	0.00349	0.01710	0.00558	0.00489
29	0.01489	0.01429	0.02442	0.03692	0.75106	0.01429	0.01846	0.01846	0.01370	0.01965	0.01132	0.01489	0.00953	0.00536	0.00596	0.00179	0.00715	0.00536	0.00298	0.00953
30	0.01475	0.01443	0.02555	0.08792	0.52658	0.01454	0.14917	0.04065	0.03055	0.01995	0.01182	0.01538	0.00956	0.00548	0.00618	0.00185	0.00769	0.00571	0.00313	0.00908
31	0.01320	0.01186	0.01934	0.48083	0.23717	0.01358	0.01635	0.01803	0.06911	0.04432	0.01241	0.01637	0.00949	0.00605	0.00601	0.00194	0.00742	0.00549	0.00320	0.00783
32	0.00733	0.00524	0.00698	0.00838	0.00873	0.00489	0.00558	0.00838	0.01152	0.01536	0.03316	0.78466	0.03979	0.01885	0.00768	0.00244	0.00349	0.01710	0.00558	0.00489
33	0.02247	0.02867	0.01705	0.01550	0.01860	0.76443	0.01162	0.02402	0.01705	0.01472	0.00930	0.01085	0.00775	0.00620	0.00542	0.00155	0.01085	0.00387	0.00310	0.00697
34	0.00733	0.00524	0.00698	0.00838	0.00873	0.00489	0.00558	0.00838	0.01152	0.01536	0.03316	0.78466	0.03979	0.01885	0.00768	0.00244	0.00349	0.01710	0.00558	0.00489
35	0.01281	0.01089	0.01266	0.00907	0.01440	0.00837	0.00727	0.03843	0.01299	0.02020	0.01081	0.01254	0.00895	0.00455	0.00451	0.00092	0.00453	0.00362	0.00364	0.79884
36	0.01557	0.69581	0.12346	0.01116	0.01678	0.02256	0.01180	0.01814	0.01228	0.01477	0.00867	0.01004	0.00771	0.00522	0.00409	0.00136	0.00674	0.00337	0.00257	0.00787
37	0.02376	0.01114	0.01400	0.01120	0.01553	0.01073	0.00910	0.05203	0.20423	0.54421	0.02364	0.02079	0.01564	0.00762	0.00607	0.00191	0.00507	0.00622	0.00706	0.01005
38	0.01586	0.01096	0.01308	0.00954	0.01472	0.00878	0.00770	0.05864	0.01429	0.16245	0.01342	0.01413	0.01014	0.00519	0.00485	0.00113	0.00471	0.00415	0.00445	0.62182
39	0.01184	0.00713	0.00917	0.00888	0.01068	0.00673	0.00693	0.01449	0.04026	0.13782	0.23832	0.09649	0.09390	0.11140	0.01020	0.00265	0.00436	0.17665	0.00595	0.00616
40	0.01123	0.00703	0.00961	0.01020	0.01178	0.00682	0.00853	0.01366	0.01405	0.09634	0.10604	0.09100	0.03414	0.07437	0.00962	0.00280	0.00514	0.47608	0.00571	0.00588
41	0.01425	0.01038	0.01249	0.00929	0.01429	0.00806	0.00753	0.01688	0.01320	0.11865	0.01383	0.01718	0.01140	0.00565	0.00492	0.00114	0.00462	0.05017	0.00422	0.66184
42	0.01260	0.00837	0.01286	0.01122	0.01379	0.00773	0.09878	0.01536	0.01503	0.14194	0.23623	0.08192	0.06476	0.03947	0.00802	0.00227	0.00503	0.18857	0.00573	0.03031

[dist]
# distance from previous block
# <min> <max>
7	21

[block]
# block no. 2 follows, 38 sequences, length 44
# corresponding to MSA columns:
# 148-191
name=unknown_C
#
# <colnr> <probs for GDERKNQSTAVLIFYWHMCP>
#	G	D	E	R	K	N	Q	S	T	A	V	L	I	F	Y	W	H	M	C	P
0	0.01420	0.27704	0.39487	0.01418	0.02098	0.01637	0.04376	0.01888	0.01317	0.06519	0.05887	0.01444	0.01138	0.00604	0.00527	0.00170	0.00750	0.00467	0.00315	0.00835
1	0.01256	0.11843	0.62492	0.01582	0.02404	0.01473	0.01986	0.01868	0.01263	0.01852	0.01051	0.01233	0.00772	0.00557	0.00542	0.00177	0.00832	0.00425	0.00261	0.06133
2	0.01219	0.08400	0.68044	0.01636	0.02470	0.01435	0.02081	0.01861	0.01263	0.01858	0.01139	0.03891	0.00873	0.00612	0.00565	0.00188	0.00853	0.00479	0.00265	0.00867
3	0.01520	0.12732	0.49271	0.01498	0.02236	0.01490	0.01776	0.08314	0.01464	0.10543	0.02918	0.01409	0.00983	0.00613	0.00557	0.00181	0.00779	0.00470	0.00351	0.00894
4	0.01810	0.01568	0.21083	0.01388	0.04794	0.01030	0.06285	0.02196	0.01538	0.33372	0.11894	0.02191	0.03632	0.00749	0.00614	0.00185	0.00616	0.00641	0.00536	0.03876
5	0.02231	0.01393	0.12517	0.01340	0.06434	0.01048	0.01144	0.04155	0.05865	0.49520	0.02006	0.01846	0.01320	0.00691	0.00590	0.00181	0.00578	0.00565	0.00608	0.05969
6	0.01352	0.01226	0.06177	0.01132	0.04534	0.00909	0.03479	0.03183	0.01342	0.06359	0.04370	0.01465	0.01132	0.00517	0.00494	0.00115	0.00507	0.00433	0.00387	0.60885
7	0.01439	0.01617	0.10219	0.05469	0.52734	0.01438	0.11702	0.01903	0.03976	0.01961	0.01183	0.01515	0.00955	0.00548	0.00610	0.00185	0.00769	0.00556	0.00304	0.00918
8	0.01754	0.01261	0.02072	0.02254	0.28988	0.01210	0.13135	0.05501	0.03282	0.21910	0.05589	0.02139	0.06680	0.00709	0.00632	0.00188	0.00650	0.00668	0.00479	0.00900
9	0.00897	0.00695	0.00964	0.00995	0.06341	0.00645	0.02201	0.01179	0.01642	0.02298	0.61594	0.04331	0.11531	0.01191	0.00701	0.00190	0.00333	0.01056	0.00619	0.00595
10	0.01454	0.01526	0.02996	0.03114	0.39109	0.01475	0.37399	0.01887	0.01395	0.01946	0.01174	0.01556	0.00933	0.00522	0.00653	0.00191	0.00865	0.00623	0.00301	0.00882
11	0.01753	0.01540	0.01497	0.01293	0.01663	0.09051	0.01017	0.19208	0.50425	0.02706	0.02066	0.01945	0.01543	0.00775	0.00603	0.00194	0.00580	0.00619	0.00580	0.00943
12	0.02136	0.01587	0.04349	0.01322	0.01786	0.01662	0.01113	0.53866	0.09730	0.09866	0.05162	0.01719	0.01361	0.00753	0.00607	0.00184	0.00620	0.00584	0.00606	0.00989
13	0.00874	0.00587	0.00674	0.00674	0.00680	0.00593	0.00386	0.00886	0.00880	0.01179	0.01880	0.03849	0.02149	0.74698	0.07170	0.00605	0.00641	0.00862	0.00362	0.00374
14	0.01583	0.01500	0.01584	0.01680	0.14044	0.10283	0.01128	0.02875	0.53237	0.02301	0.02047	0.01980	0.01562	0.00746	0.00601	0.00194	0.00588	0.00621	0.00523	0.00922
15	0.00834	0.00607	0.00785	0.00756	0.00892	0.00558	0.00561	0.01096	0.01640	0.02299	0.65273	0.10656	0.09190	0.01299	0.00714	0.00194	0.00290	0.01149	0.00648	0.00558
16	0.01489	0.01429	0.02442	0.03692	0.75106	0.01429	0.01846	0.01846	0.01370	0.01965	0.01132	0.01489	0.00953	0.00536	0.00596	0.00179	0.00715	0.00536	0.00298	0.00953
17	0.00778	0.00563	0.00746	0.00876	0.00943	0.00530	0.00633	0.00920	0.01212	0.01594	0.03469	0.59585	0.08441	0.01817	0.00777	0.00248	0.00387	0.15420	0.00558	0.00503
18	0.01065	0.00834	0.01005	0.01025	0.01208	0.00882	0.00808	0.01755	0.24308	0.02069	0.14594	0.19135	0.04806	0.01367	0.00727	0.00232	0.00440	0.22479	0.00591	0.00668
19	0.04807	0.01391	0.02286	0.03171	0.59008	0.01386	0.04270	0.04528	0.01449	0.10023	0.01269	0.01533	0.01000	0.00565	0.00592	0.00181	0.00692	0.00542	0.00360	0.00946
20	0.00874	0.00587	0.00676	0.00676	0.00683	0.00594	0.00389	0.00887	0.00881	0.01181	0.01877	0.03837	0.02144	0.74156	0.07705	0.00607	0.00648	0.00860	0.00362	0.00375
21	0.01597	0.77005	0.05265	0.01049	0.01575	0.02352	0.01064	0.01804	0.01224	0.01430	0.00843	0.00974	0.00772	0.00516	0.00391	0.00130	0.00650	0.00325	0.00257	0.00775
22	0.01336	0.27665	0.52323	0.01494	0.02262	0.01714	0.01838	0.01872	0.01255	0.01747	0.01001	0.01172	0.00765	0.00553	0.00512	0.00171	0.00810	0.00405	0.00255	0.00851
23	0.01555	0.01450	0.02389	0.03502	0.69050	0.01465	0.01788	0.07738	0.01490	0.02116	0.01157	0.01485	0.00959	0.00551	0.00596	0.00179	0.00710	0.00536	0.00323	0.00959
24	0.01414	0.01685	0.07270	0.02588	0.09066	0.01507	0.63310	0.01919	0.01408	0.01929	0.01203	0.01593	0.00908	0.00513	0.00693	0.00200	0.00983	0.00682	0.00301	0.00827
25	0.01489	0.01429	0.02442	0.03692	0.75106	0.01429	0.01846	0.01846	0.01370	0.01965	0.01132	0.01489	0.00953	0.00536	0.00596	0.00179	0.00715	0.00536	0.00298	0.00953
26	0.00834	0.00614	0.00780	0.00739	0.00888	0.00560	0.00554	0.01102	0.01662	0.02316	0.66348	0.04653	0.14177	0.01266	0.00710	0.00191	0.00286	0.01110	0.00649	0.00560
27	0.02542	0.01029	0.01380	0.01051	0.01524	0.00875	0.00866	0.02779	0.01671	0.67573	0.02232	0.01961	0.01424	0.00712	0.00588	0.00176	0.00505	0.00578	0.00703	0.09833
28	0.00731	0.00530	0.00691	0.00820	0.00868	0.00490	0.00551	0.00840	0.01169	0.01543	0.03528	0.72902	0.09405	0.01857	0.00763	0.00241	0.00346	0.01676	0.00558	0.00490
29	0.00711	0.00609	0.00609	0.00609	0.00813	0.00508	0.00457	0.00863	0.01371	0.01625	0.06094	0.05789	0.74862	0.01524	0.00711	0.00203	0.00305	0.01270	0.00559	0.00508
30	0.01489	0.01429	0.02442	0.03692	0.75106	0.01429	0.01846	0.01846	0.01370	0.01965	0.01132	0.01489	0.00953	0.00536	0.00596	0.00179	0.00715	0.00536	0.00298	0.00953
31	0.01201	0.02947	0.70900	0.01640	0.02481	0.01343	0.02107	0.01873	0.01270	0.01927	0.01136	0.01333	0.00812	0.00580	0.00562	0.00187	0.00850	0.00452	0.05531	0.00868
32	0.00849	0.00612	0.00722	0.00711	0.00872	0.00557	0.00544	0.01088	0.01512	0.02083	0.37223	0.04815	0.27829	0.01294	0.00683	0.00194	0.00311	0.06572	0.10982	0.00546
33	0.01489	0.01429	0.02442	0.03692	0.75106	0.01429	0.01846	0.01846	0.01370	0.01965	0.01132	0.01489	0.00953	0.00536	0.00596	0.00179	0.00715	0.00536	0.00298	0.00953
34	0.15805	0.02230	0.01551	0.01358	0.01714	0.44771	0.01050	0.13460	0.05771	0.05246	0.01141	0.01228	0.00882	0.00642	0.00530	0.00168	0.00856	0.00427	0.00401	0.00769
35	0.00756	0.00573	0.00793	0.00875	0.00949	0.00529	0.03194	0.00880	0.01186	0.01560	0.03543	0.67693	0.11632	0.01795	0.00759	0.00238	0.00368	0.01625	0.00549	0.00503
36	0.00766	0.00549	0.00720	0.00835	0.00890	0.00516	0.00577	0.00892	0.01200	0.01597	0.07945	0.61186	0.06817	0.05880	0.00888	0.00260	0.00372	0.07063	0.00555	0.00493
37	0.01280	0.06585	0.50960	0.01466	0.02233	0.01323	0.01751	0.04562	0.01322	0.01966	0.01078	0.01255	0.00804	0.00544	0.00532	0.00162	0.00760	0.00420	0.00293	0.20704
38	0.70073	0.10976	0.01197	0.00848	0.01235	0.04127	0.00717	0.01795	0.01073	0.02495	0.00841	0.00980	0.00671	0.00555	0.00380	0.00178	0.00509	0.00327	0.00356	0.00668
39	0.01059	0.00780	0.00997	0.01070	0.01235	0.00817	0.00899	0.01560	0.13636	0.01900	0.02885	0.05508	0.02966	0.05758	0.02836	0.00292	0.00555	0.49779	0.04859	0.00611
40	0.02247	0.02867	0.01705	0.01550	0.01860	0.76443	0.01162	0.02402	0.01705	0.01472	0.00930	0.01085	0.00775	0.00620	0.00542	0.00155	0.01085	0.00387	0.00310	0.00697
41	0.00733	0.00524	0.00698	0.00838	0.00873	0.00489	0.00558	0.00838	0.01152	0.01536	0.03316	0.78466	0.03979	0.01885	0.00768	0.00244	0.00349	0.01710	0.00558	0.00489
42	0.00851	0.00615	0.00804	0.00757	0.00899	0.00568	0.00568	0.01135	0.01703	0.02412	0.74788	0.04494	0.05676	0.01230	0.00710	0.00189	0.00284	0.01088	0.00662	0.00568
43	0.01420	0.01623	0.03550	0.02535	0.03144	0.01521	0.72921	0.01927	0.01420	0.01927	0.01217	0.01623	0.00913	0.00507	0.00710	0.00203	0.01014	0.00710	0.00304	0.00811

[dist]
# distance from previous block
# <min> <max>
0	3

[block]
# block no. 3 follows, 38 sequences, length 35
# corresponding to MSA columns:
# 195-229
name=unknown_D
#
# <colnr> <probs for GDERKNQSTAVLIFYWHMCP>
#	G	D	E	R	K	N	Q	S	T	A	V	L	I	F	Y	W	H	M	C	P
0	0.00875	0.00583	0.00656	0.00656	0.00656	0.00583	0.00365	0.00875	0.00875	0.01166	0.01895	0.03937	0.02187	0.78858	0.03062	0.00583	0.00583	0.00875	0.00365	0.00365
1	0.00824	0.00614	0.00767	0.00728	0.00882	0.00556	0.00546	0.01083	0.01639	0.02261	0.61571	0.04743	0.18988	0.01286	0.00710	0.00192	0.00288	0.01123	0.00642	0.00556
2	0.01207	0.03112	0.75741	0.01715	0.02604	0.01397	0.02223	0.01905	0.01270	0.01905	0.01080	0.01270	0.00762	0.00572	0.00572	0.00191	0.00889	0.00445	0.00254	0.00889
3	0.08450	0.01698	0.01731	0.01346	0.01812	0.05151	0.01107	0.64507	0.02641	0.03605	0.01375	0.01393	0.00984	0.00705	0.00582	0.00180	0.00666	0.00518	0.00571	0.00980
4	0.02038	0.00890	0.01181	0.00962	0.01308	0.00795	0.00771	0.04200	0.01700	0.47537	0.21531	0.06084	0.02697	0.00921	0.00631	0.00187	0.00438	0.00778	0.04492	0.00858
5	0.01247	0.01069	0.01247	0.00891	0.01426	0.00802	0.00713	0.01515	0.01247	0.01960	0.01069	0.01247	0.00891	0.00446	0.00446	0.00089	0.00446	0.00356	0.00356	0.82536
6	0.01647	0.01143	0.01421	0.01200	0.01553	0.01210	0.05648	0.02713	0.41440	0.18401	0.14331	0.02533	0.02335	0.00849	0.00633	0.00198	0.00488	0.00733	0.00629	0.00895
7	0.00830	0.00641	0.00756	0.00729	0.00894	0.00589	0.00542	0.01122	0.04969	0.02085	0.43425	0.07427	0.29160	0.03232	0.00765	0.00206	0.00310	0.01148	0.00613	0.00557
8	0.00833	0.00608	0.00783	0.00752	0.00891	0.00558	0.00559	0.01095	0.01641	0.02295	0.64921	0.09635	0.10587	0.01296	0.00714	0.00194	0.00290	0.01144	0.00648	0.00558
9	0.01463	0.01405	0.02426	0.03526	0.68614	0.01401	0.04976	0.01823	0.01373	0.01956	0.01227	0.01730	0.01063	0.00585	0.00611	0.00184	0.00721	0.03679	0.00309	0.00929
10	0.08708	0.03135	0.19591	0.01308	0.03877	0.01182	0.01246	0.09057	0.01639	0.41523	0.01783	0.01679	0.01172	0.00675	0.00573	0.00185	0.00622	0.00530	0.00560	0.00954
11	0.01652	0.74011	0.03054	0.01065	0.01566	0.07434	0.01038	0.01842	0.01255	0.01419	0.00843	0.00973	0.00772	0.00522	0.00397	0.00130	0.00673	0.00326	0.00261	0.00767
12	0.00745	0.00609	0.00658	0.00659	0.00842	0.00523	0.00495	0.00923	0.01424	0.01772	0.18612	0.08405	0.57446	0.01487	0.00716	0.00204	0.00309	0.03075	0.00578	0.00519
13	0.03801	0.01575	0.08433	0.01247	0.01771	0.01440	0.01098	0.38416	0.03787	0.11933	0.01448	0.01465	0.01036	0.00646	0.00559	0.00162	0.00607	0.00497	0.00526	0.19551
14	0.01486	0.01437	0.02487	0.03645	0.72153	0.01433	0.04762	0.01850	0.01372	0.01964	0.01135	0.01494	0.00951	0.00535	0.00600	0.00180	0.00727	0.00543	0.00298	0.00947
15	0.01467	0.52448	0.28687	0.01270	0.01917	0.02034	0.01449	0.01838	0.01239	0.01588	0.00922	0.01072	0.00769	0.00535	0.00451	0.00150	0.00730	0.00365	0.00256	0.00813
16	0.01207	0.03112	0.75741	0.01715	0.02604	0.01397	0.02223	0.01905	0.01270	0.01905	0.01080	0.01270	0.00762	0.00572	0.00572	0.00191	0.00889	0.00445	0.00254	0.00889
17	0.02699	0.01024	0.01396	0.01070	0.01536	0.00884	0.00884	0.02932	0.01722	0.75522	0.02373	0.02048	0.01489	0.00745	0.00605	0.00186	0.00512	0.00605	0.00745	0.01024
18	0.01290	0.18941	0.60645	0.01572	0.02383	0.01602	0.01974	0.01884	0.01260	0.01803	0.01029	0.01207	0.00764	0.00560	0.00533	0.00178	0.00838	0.00419	0.00255	0.00865
19	0.01486	0.01438	0.02492	0.03640	0.71829	0.01434	0.05082	0.01850	0.01372	0.01964	0.01135	0.01495	0.00951	0.00535	0.00601	0.00180	0.00728	0.00544	0.00298	0.00946
20	0.00731	0.00529	0.00692	0.00822	0.00868	0.00490	0.00551	0.00839	0.01167	0.01542	0.03508	0.73435	0.08885	0.01860	0.00764	0.00241	0.00346	0.01680	0.00558	0.00490
21	0.01516	0.01408	0.02412	0.06165	0.68297	0.01410	0.03599	0.01874	0.01377	0.04450	0.01174	0.01515	0.00965	0.00545	0.00599	0.00180	0.00718	0.00543	0.00312	0.00942
22	0.01385	0.05503	0.62210	0.01661	0.02481	0.01384	0.05261	0.02009	0.01322	0.09507	0.01211	0.01356	0.00845	0.00585	0.00575	0.00188	0.00847	0.00469	0.00307	0.00895
23	0.02290	0.01200	0.06433	0.01115	0.01574	0.01012	0.00967	0.07622	0.08257	0.52419	0.05374	0.02247	0.05079	0.00794	0.00612	0.00189	0.00526	0.00648	0.00677	0.00965
24	0.00742	0.00543	0.00688	0.00791	0.00854	0.00500	0.00534	0.00857	0.01197	0.01572	0.07036	0.60551	0.14450	0.05594	0.00870	0.00252	0.00351	0.01574	0.00554	0.00489
25	0.01766	0.01595	0.07349	0.01292	0.01699	0.07438	0.01097	0.22487	0.31862	0.06368	0.03815	0.02101	0.01584	0.00797	0.00607	0.00193	0.00605	0.03741	0.02692	0.00913
26	0.01594	0.01445	0.02348	0.03449	0.67882	0.03650	0.01760	0.01937	0.01404	0.06969	0.01210	0.01515	0.00984	0.00553	0.00595	0.00178	0.00712	0.00536	0.00329	0.00950
27	0.01117	0.00677	0.00871	0.00787	0.00986	0.00609	0.00603	0.01377	0.01667	0.13468	0.55637	0.04274	0.13204	0.01191	0.00694	0.00190	0.00321	0.01036	0.00663	0.00630
28	0.83108	0.01163	0.00884	0.00791	0.01163	0.01350	0.00651	0.01768	0.01024	0.02699	0.00838	0.00977	0.00651	0.00558	0.00372	0.00186	0.00465	0.00326	0.00372	0.00651
29	0.25940	0.01064	0.01248	0.00990	0.01428	0.01019	0.00817	0.02595	0.01520	0.54474	0.01929	0.01738	0.01247	0.00691	0.00538	0.00186	0.00498	0.00524	0.00637	0.00916
30	0.01092	0.01572	0.25546	0.01145	0.01581	0.01016	0.01175	0.03539	0.13208	0.02199	0.28350	0.03155	0.12022	0.00970	0.00646	0.00194	0.00526	0.00819	0.00505	0.00740
31	0.00832	0.00606	0.00696	0.00673	0.00839	0.00543	0.00505	0.01064	0.01515	0.02082	0.38345	0.04703	0.32153	0.01275	0.00672	0.00188	0.00292	0.01089	0.11384	0.00543
32	0.01148	0.04717	0.52255	0.01432	0.02107	0.01220	0.01727	0.03397	0.01409	0.02045	0.18346	0.02142	0.04005	0.00753	0.00603	0.00188	0.00719	0.00616	0.00366	0.00803
33	0.00722	0.00600	0.00632	0.00645	0.00825	0.00509	0.00476	0.00877	0.01366	0.01664	0.10046	0.14224	0.62248	0.01548	0.00718	0.00207	0.00309	0.01310	0.00565	0.00509
34	0.01242	0.08123	0.51575	0.01562	0.02278	0.01386	0.06029	0.03583	0.04602	0.02008	0.10502	0.01726	0.01450	0.00662	0.00586	0.00187	0.00778	0.00546	0.00333	0.00841

[dist]
# distance from previous block
# <min> <max>
0	0

# created by:
# /home/cegg/simao/soft/augustus-3.2.1/scripts/msa2prfl.pl ./align_prep/EOG090W0IEY.fa
