[name]
unknown

[dist]
# distance from previous block
# <min> <max>
0	144

[block]
# block no. 0 follows, 27 sequences, length 59
# corresponding to MSA columns:
# 421-479
name=unknown_A
#
# <colnr> <probs for GDERKNQSTAVLIFYWHMCP>
#	G	D	E	R	K	N	Q	S	T	A	V	L	I	F	Y	W	H	M	C	P
0	0.15856	0.01422	0.01683	0.01457	0.03902	0.01487	0.03663	0.09064	0.18236	0.20588	0.12381	0.02696	0.02438	0.00968	0.00722	0.00236	0.00618	0.00794	0.00727	0.01062
1	0.17251	0.01935	0.04560	0.01455	0.01955	0.09396	0.01202	0.24451	0.11424	0.06673	0.01804	0.01974	0.01384	0.04968	0.00838	0.00247	0.00769	0.00632	0.02535	0.04547
2	0.01564	0.01552	0.02834	0.02259	0.05403	0.01533	0.32116	0.02185	0.09194	0.02323	0.05708	0.05861	0.02079	0.10162	0.01296	0.00311	0.04538	0.03871	0.00480	0.04730
3	0.01090	0.00801	0.01052	0.01161	0.01321	0.00756	0.00922	0.01333	0.01574	0.02072	0.04066	0.28217	0.10065	0.05649	0.01097	0.00326	0.00569	0.31839	0.00659	0.05432
4	0.02474	0.01907	0.02032	0.01638	0.02170	0.02140	0.01327	0.44390	0.26471	0.04118	0.02224	0.02134	0.01620	0.00933	0.00747	0.00233	0.00735	0.00729	0.00747	0.01231
5	0.01750	0.01620	0.02687	0.27134	0.30237	0.01744	0.08191	0.09478	0.01819	0.02473	0.01546	0.05139	0.01286	0.00787	0.00761	0.00237	0.00926	0.00748	0.00413	0.01023
6	0.01489	0.03840	0.70064	0.02116	0.03213	0.01724	0.02743	0.02351	0.01567	0.02351	0.01332	0.01567	0.00940	0.00705	0.00705	0.00235	0.01097	0.00549	0.00313	0.01097
7	0.01078	0.00755	0.00974	0.00982	0.01041	0.00806	0.00667	0.01195	0.01152	0.01584	0.02279	0.04278	0.02449	0.44415	0.29376	0.00883	0.01204	0.03899	0.00441	0.00542
8	0.01056	0.00781	0.01135	0.01143	0.01256	0.00891	0.00863	0.01285	0.01190	0.01698	0.02116	0.06066	0.02079	0.13247	0.60379	0.01102	0.01779	0.00882	0.00416	0.00636
9	0.01724	0.01704	0.05520	0.05109	0.05839	0.01655	0.28380	0.05347	0.10475	0.05230	0.02084	0.07841	0.01818	0.04961	0.01098	0.00285	0.05358	0.04107	0.00500	0.00964
10	0.00897	0.00746	0.00793	0.00802	0.01028	0.00641	0.00596	0.01094	0.01677	0.02046	0.10823	0.11885	0.57663	0.02037	0.03658	0.00291	0.00442	0.01563	0.00686	0.00631
11	0.00910	0.00651	0.00867	0.01030	0.01078	0.00607	0.00690	0.01048	0.01448	0.01938	0.06678	0.70717	0.04994	0.02294	0.00945	0.00299	0.00427	0.02080	0.00694	0.00607
12	0.01875	0.11888	0.28233	0.02531	0.14030	0.07498	0.12751	0.08146	0.01826	0.02457	0.01359	0.01637	0.01042	0.00697	0.00710	0.00221	0.01043	0.00607	0.00377	0.01072
13	0.02561	0.01390	0.01661	0.01382	0.01873	0.01410	0.01106	0.03655	0.31584	0.37019	0.03167	0.02833	0.04906	0.01000	0.00756	0.00240	0.00601	0.00823	0.00836	0.01197
14	0.00930	0.00751	0.00827	0.00815	0.01037	0.00648	0.00608	0.01164	0.01806	0.02291	0.25663	0.08665	0.48623	0.01786	0.00879	0.00247	0.00370	0.01516	0.00727	0.00648
15	0.01000	0.00779	0.00987	0.01085	0.04501	0.00707	0.00735	0.01250	0.01785	0.02380	0.30398	0.22774	0.25314	0.01788	0.00887	0.00255	0.00405	0.01569	0.00723	0.00677
16	0.02178	0.07455	0.09406	0.06569	0.22884	0.20709	0.01853	0.12013	0.02006	0.02479	0.01329	0.01619	0.01070	0.00763	0.00784	0.00217	0.04627	0.00582	0.00414	0.01042
17	0.02822	0.02079	0.02228	0.01708	0.02302	0.02302	0.01411	0.66804	0.03490	0.04679	0.01782	0.01782	0.01262	0.00891	0.00743	0.00223	0.00817	0.00668	0.00743	0.01262
18	0.01605	0.01608	0.05449	0.23557	0.26473	0.01562	0.01848	0.02038	0.01555	0.02227	0.01328	0.01781	0.01079	0.00695	0.00784	0.00207	0.04825	0.00600	0.00370	0.20409
19	0.01099	0.00831	0.01181	0.01161	0.01259	0.00968	0.00873	0.01304	0.01166	0.01669	0.01998	0.03233	0.01974	0.19253	0.53034	0.01043	0.06076	0.00844	0.00404	0.00629
20	0.01061	0.00795	0.01193	0.01193	0.01326	0.00928	0.00928	0.01326	0.01193	0.01723	0.01988	0.02916	0.01856	0.05568	0.70968	0.01193	0.01988	0.00795	0.00398	0.00663
21	0.01842	0.01726	0.05893	0.01537	0.01998	0.01821	0.01266	0.06608	0.58686	0.03126	0.05106	0.02746	0.02300	0.01001	0.00756	0.00249	0.00621	0.00831	0.00730	0.01158
22	0.02107	0.01506	0.01735	0.01295	0.01916	0.01358	0.01050	0.17644	0.05367	0.12293	0.01736	0.01794	0.01298	0.00704	0.00633	0.00160	0.00626	0.00556	0.00594	0.45629
23	0.02688	0.11182	0.02297	0.01843	0.02253	0.63591	0.01417	0.02884	0.02039	0.01809	0.01135	0.01323	0.00956	0.00751	0.00649	0.00188	0.01280	0.00469	0.00375	0.00871
24	0.01539	0.01319	0.01539	0.01100	0.01759	0.00990	0.00880	0.01869	0.01539	0.02419	0.01319	0.01539	0.01100	0.00550	0.00550	0.00110	0.00550	0.00440	0.00440	0.78449
25	0.02088	0.05947	0.14474	0.01942	0.04966	0.26028	0.03650	0.09310	0.01869	0.02237	0.01362	0.01752	0.01141	0.03359	0.07997	0.00335	0.09614	0.00596	0.00402	0.00931
26	0.01523	0.03627	0.62890	0.02313	0.07314	0.01734	0.05672	0.02348	0.01583	0.02357	0.01344	0.01604	0.00964	0.00699	0.00715	0.00235	0.01091	0.00571	0.00320	0.01098
27	0.03331	0.01263	0.01723	0.01321	0.01895	0.01091	0.01091	0.03618	0.02125	0.69794	0.02929	0.02527	0.01838	0.00919	0.00747	0.00230	0.00632	0.00747	0.00919	0.01263
28	0.01384	0.00692	0.00692	0.00692	0.00865	0.00692	0.00519	0.01730	0.01557	0.02768	0.02422	0.02768	0.01903	0.00865	0.00519	0.00173	0.00346	0.00692	0.78031	0.00692
29	0.00913	0.00696	0.00839	0.00924	0.01055	0.00623	0.00647	0.01089	0.01598	0.02065	0.13150	0.42242	0.27335	0.02073	0.00915	0.00276	0.00402	0.01829	0.00705	0.00623
30	0.01045	0.00705	0.00820	0.00854	0.00862	0.00697	0.00497	0.01071	0.01147	0.01529	0.02684	0.18348	0.03134	0.59827	0.03222	0.00637	0.00663	0.01282	0.00497	0.00480
31	0.00994	0.00734	0.00929	0.00927	0.01086	0.00669	0.00678	0.01273	0.01897	0.02604	0.46050	0.20031	0.15896	0.01742	0.00891	0.00250	0.00371	0.01537	0.00771	0.00669
32	0.01502	0.01277	0.01498	0.01087	0.01710	0.00968	0.00866	0.01834	0.01582	0.02461	0.06424	0.01842	0.01546	0.00623	0.00574	0.00119	0.00535	0.00508	0.00468	0.72575
33	0.02728	0.02033	0.02175	0.01689	0.02266	0.02258	0.01388	0.60735	0.09713	0.04527	0.01902	0.01878	0.01359	0.00902	0.00744	0.00226	0.00795	0.00685	0.00744	0.01254
34	0.00899	0.00723	0.00805	0.00865	0.01048	0.00629	0.00629	0.01075	0.01608	0.01980	0.06301	0.27882	0.46296	0.02026	0.00905	0.00270	0.00406	0.04341	0.00689	0.00622
35	0.01985	0.74357	0.03890	0.01270	0.01905	0.02937	0.01270	0.02223	0.01508	0.01747	0.01032	0.01191	0.00953	0.00635	0.00476	0.00159	0.00794	0.00397	0.00318	0.00953
36	0.01584	0.01330	0.01451	0.01378	0.01692	0.01499	0.01039	0.03132	0.49373	0.02768	0.03320	0.22490	0.03004	0.01375	0.00809	0.00266	0.00544	0.01194	0.00737	0.01015
37	0.00903	0.00651	0.00856	0.01020	0.01073	0.00604	0.00683	0.01035	0.01435	0.01901	0.04261	0.70149	0.08077	0.02304	0.00944	0.00299	0.00428	0.02084	0.00689	0.00604
38	0.02773	0.03538	0.02104	0.01913	0.02295	0.70930	0.01434	0.02964	0.02104	0.01817	0.01148	0.01339	0.00956	0.00765	0.00669	0.00191	0.01339	0.00478	0.00383	0.00861
39	0.01796	0.01975	0.04162	0.06220	0.03849	0.01890	0.59995	0.05938	0.01837	0.02484	0.01509	0.01989	0.01128	0.00646	0.00863	0.00249	0.01215	0.00855	0.00394	0.01008
40	0.02714	0.06471	0.04983	0.01864	0.02296	0.61626	0.01464	0.02940	0.02057	0.05259	0.01240	0.01402	0.01000	0.00765	0.00666	0.00194	0.01270	0.00491	0.00404	0.00895
41	0.01473	0.01350	0.01967	0.45371	0.06829	0.04890	0.01726	0.05086	0.01657	0.02120	0.04187	0.11180	0.01951	0.01070	0.00790	0.00256	0.00880	0.05953	0.00443	0.00822
42	0.00977	0.00704	0.00825	0.00878	0.00955	0.00660	0.00567	0.01079	0.01379	0.01795	0.07711	0.28042	0.17651	0.31030	0.02069	0.00456	0.00531	0.01538	0.00600	0.00552
43	0.01850	0.21799	0.02844	0.28204	0.17680	0.08231	0.01801	0.05433	0.01692	0.02102	0.01265	0.01664	0.01030	0.00705	0.00661	0.00211	0.00935	0.00572	0.00360	0.00961
44	0.01543	0.01394	0.04798	0.01848	0.13758	0.01287	0.01240	0.08860	0.11302	0.02651	0.08187	0.21287	0.04706	0.01266	0.00782	0.00233	0.00615	0.01115	0.00603	0.12523
45	0.01962	0.05637	0.05780	0.02695	0.21507	0.11567	0.10936	0.10089	0.04556	0.02513	0.01747	0.06532	0.01558	0.00929	0.00863	0.00238	0.05185	0.04227	0.00461	0.01019
46	0.01396	0.05442	0.28641	0.01632	0.02179	0.01324	0.04650	0.01853	0.01523	0.05861	0.02519	0.30831	0.02615	0.01399	0.00891	0.00263	0.04392	0.01208	0.00503	0.00880
47	0.01558	0.01083	0.01284	0.01154	0.01456	0.01108	0.00890	0.02451	0.23110	0.10613	0.37492	0.04387	0.07748	0.01303	0.00823	0.00240	0.00459	0.01124	0.00803	0.00913
48	0.18757	0.02228	0.10160	0.01613	0.02229	0.05491	0.01445	0.42249	0.02720	0.03972	0.01539	0.01613	0.01112	0.00820	0.00675	0.00224	0.00825	0.00588	0.00613	0.01126
49	0.01766	0.01693	0.03246	0.13548	0.18604	0.01660	0.31086	0.02278	0.01719	0.06450	0.03489	0.02310	0.01440	0.00744	0.00807	0.00239	0.01014	0.03150	0.00427	0.04329
50	0.03207	0.01273	0.01710	0.01319	0.01876	0.01121	0.01086	0.06020	0.02178	0.64188	0.05872	0.02634	0.02049	0.00945	0.00752	0.00230	0.00626	0.00770	0.00907	0.01238
51	0.00904	0.00646	0.00861	0.01034	0.01077	0.00603	0.00689	0.01034	0.01421	0.01895	0.04092	0.73426	0.04910	0.02326	0.00948	0.00301	0.00431	0.02110	0.00689	0.00603
52	0.04425	0.01521	0.02369	0.07021	0.18573	0.01471	0.08784	0.05643	0.04431	0.34701	0.02203	0.02212	0.01509	0.00809	0.00751	0.00232	0.00790	0.00727	0.00661	0.01169
53	0.02440	0.01795	0.02057	0.01765	0.05196	0.01985	0.01386	0.43811	0.07299	0.07260	0.02144	0.04957	0.01754	0.01076	0.00882	0.00246	0.05188	0.06910	0.00702	0.01146
54	0.00952	0.00721	0.01057	0.01150	0.01233	0.00674	0.04353	0.01108	0.01440	0.01922	0.03948	0.69455	0.04700	0.02231	0.00944	0.00299	0.00476	0.02042	0.00672	0.00625
55	0.01855	0.10261	0.12798	0.01450	0.02124	0.13880	0.01340	0.04877	0.01722	0.02320	0.01278	0.01479	0.01039	0.00637	0.00596	0.00154	0.00816	0.00469	0.00409	0.40496
56	0.01134	0.00821	0.01077	0.01051	0.01117	0.00927	0.00745	0.01277	0.01160	0.01666	0.02091	0.03670	0.02165	0.35412	0.31229	0.00850	0.06923	0.00904	0.05198	0.00581
57	0.01289	0.00645	0.00967	0.00967	0.00967	0.00645	0.00645	0.00967	0.00967	0.01289	0.01289	0.02257	0.01289	0.02579	0.02901	0.78401	0.00645	0.00645	0.00322	0.00322
58	0.09848	0.18337	0.09017	0.06928	0.06154	0.31485	0.01562	0.02512	0.01739	0.02042	0.01150	0.01400	0.00954	0.00734	0.00679	0.00203	0.03494	0.00489	0.00363	0.00911

[dist]
# distance from previous block
# <min> <max>
0	1

[block]
# block no. 1 follows, 27 sequences, length 17
# corresponding to MSA columns:
# 481-497
name=unknown_B
#
# <colnr> <probs for GDERKNQSTAVLIFYWHMCP>
#	G	D	E	R	K	N	Q	S	T	A	V	L	I	F	Y	W	H	M	C	P
0	0.04766	0.13570	0.02442	0.10326	0.09117	0.43718	0.01547	0.02637	0.01876	0.01922	0.01172	0.01437	0.00977	0.00730	0.00649	0.00197	0.01148	0.00503	0.00368	0.00899
1	0.79154	0.01436	0.01091	0.00976	0.01436	0.01665	0.00804	0.02182	0.01263	0.03331	0.01034	0.01206	0.00804	0.00689	0.00459	0.00230	0.00574	0.00402	0.00459	0.00804
2	0.01608	0.07718	0.52436	0.09801	0.06314	0.01765	0.02483	0.02346	0.01585	0.05260	0.01386	0.01644	0.00997	0.00712	0.00698	0.00231	0.01036	0.00565	0.00345	0.01069
3	0.02773	0.03538	0.02104	0.01913	0.02295	0.70930	0.01434	0.02964	0.02104	0.01817	0.01148	0.01339	0.00956	0.00765	0.00669	0.00191	0.01339	0.00478	0.00383	0.00861
4	0.01624	0.01624	0.02274	0.01949	0.01949	0.02274	0.01624	0.01787	0.01137	0.01787	0.00975	0.01624	0.00975	0.01299	0.02436	0.00325	0.72552	0.00650	0.00325	0.00812
5	0.00916	0.00693	0.00848	0.00955	0.01074	0.00626	0.00671	0.01084	0.01554	0.02002	0.08773	0.46773	0.24632	0.02133	0.00925	0.00284	0.00419	0.04324	0.00696	0.00619
6	0.00902	0.00725	0.00805	0.00844	0.01033	0.00628	0.00611	0.01092	0.01664	0.02077	0.12961	0.24221	0.45917	0.01959	0.00895	0.00262	0.00388	0.01685	0.00702	0.00628
7	0.01089	0.00710	0.00825	0.00834	0.00836	0.00708	0.00478	0.01068	0.01087	0.01449	0.02336	0.07960	0.02688	0.64468	0.03568	0.07208	0.00699	0.01093	0.00451	0.00447
8	0.02776	0.03466	0.02110	0.01902	0.02295	0.67549	0.01433	0.06109	0.02172	0.01958	0.01179	0.01361	0.00971	0.00771	0.00673	0.00193	0.01313	0.00487	0.00400	0.00880
9	0.01180	0.00835	0.01141	0.01288	0.01435	0.00835	0.01090	0.01473	0.01620	0.02111	0.03705	0.07874	0.04049	0.12260	0.01417	0.00395	0.00689	0.55304	0.00650	0.00650
10	0.00972	0.00737	0.00902	0.00946	0.01111	0.00667	0.00705	0.01211	0.01752	0.02304	0.25512	0.24075	0.26088	0.01900	0.00910	0.00268	0.00414	0.08147	0.00729	0.00650
11	0.01841	0.01360	0.01605	0.01165	0.01810	0.01083	0.00939	0.06104	0.01733	0.10913	0.01548	0.01677	0.01201	0.00617	0.00586	0.00132	0.00576	0.00492	0.00518	0.64101
12	0.71085	0.01424	0.01209	0.08360	0.01817	0.01664	0.00934	0.02153	0.01286	0.03182	0.01063	0.01286	0.00823	0.00695	0.00489	0.00232	0.00617	0.00429	0.00446	0.00806
13	0.09344	0.01711	0.05959	0.01428	0.01907	0.03847	0.01200	0.19358	0.17836	0.12633	0.11072	0.02680	0.02337	0.04323	0.00872	0.00255	0.00682	0.00790	0.00702	0.01064
14	0.02307	0.08733	0.01744	0.03592	0.01766	0.01227	0.01015	0.05296	0.01971	0.33373	0.15768	0.06419	0.02868	0.04439	0.00882	0.00242	0.00601	0.00885	0.00744	0.06130
15	0.09594	0.01332	0.01493	0.01087	0.01726	0.01060	0.00872	0.01902	0.01511	0.02514	0.01290	0.01505	0.01069	0.00564	0.00540	0.00122	0.00552	0.00436	0.00442	0.70391
16	0.02230	0.50483	0.03283	0.01414	0.02005	0.09698	0.01297	0.11994	0.04972	0.04603	0.01313	0.01413	0.01091	0.00713	0.00558	0.00178	0.00838	0.00478	0.00428	0.01010

[dist]
# distance from previous block
# <min> <max>
0	5

[block]
# block no. 2 follows, 27 sequences, length 38
# corresponding to MSA columns:
# 503-540
name=unknown_C
#
# <colnr> <probs for GDERKNQSTAVLIFYWHMCP>
#	G	D	E	R	K	N	Q	S	T	A	V	L	I	F	Y	W	H	M	C	P
0	0.01901	0.55347	0.14981	0.01434	0.02115	0.06224	0.01506	0.02248	0.01576	0.01907	0.04054	0.01453	0.01215	0.00693	0.00543	0.00177	0.00855	0.00468	0.00342	0.00961
1	0.00996	0.00717	0.00943	0.00971	0.01097	0.00664	0.00696	0.01263	0.01847	0.02572	0.44618	0.30971	0.06220	0.01820	0.00903	0.00259	0.00380	0.01630	0.00769	0.00664
2	0.02312	0.02251	0.04532	0.01929	0.10512	0.22600	0.01391	0.12164	0.02079	0.08943	0.01499	0.01646	0.01154	0.00721	0.00663	0.00181	0.00899	0.00546	0.00499	0.23479
3	0.01476	0.01180	0.01308	0.01210	0.01508	0.01253	0.00921	0.09941	0.24619	0.02849	0.15299	0.17162	0.15283	0.01484	0.00832	0.00254	0.00507	0.01274	0.00740	0.00899
4	0.49513	0.21150	0.01939	0.01110	0.01631	0.01988	0.00975	0.04738	0.01481	0.08139	0.01209	0.01327	0.00942	0.00700	0.00497	0.00210	0.00647	0.00438	0.00468	0.00897
5	0.01819	0.07902	0.06164	0.25429	0.23168	0.12743	0.01962	0.02219	0.01620	0.02044	0.01263	0.01720	0.01033	0.00759	0.00851	0.00229	0.07166	0.00604	0.00347	0.00959
6	0.03292	0.01325	0.01761	0.01350	0.01926	0.01183	0.01115	0.08418	0.02229	0.64847	0.02842	0.02470	0.01794	0.00917	0.00746	0.00229	0.00646	0.00741	0.00905	0.01263
7	0.01009	0.00779	0.00945	0.01037	0.01228	0.00715	0.00835	0.01252	0.01663	0.02078	0.05619	0.16453	0.34402	0.02008	0.00946	0.00294	0.00507	0.26894	0.00687	0.00646
8	0.00929	0.00743	0.00832	0.00833	0.01041	0.00645	0.00616	0.01157	0.01780	0.02270	0.24607	0.13555	0.44728	0.01823	0.00884	0.00251	0.00374	0.01559	0.00726	0.00645
9	0.02687	0.01105	0.01489	0.01222	0.01654	0.00970	0.00964	0.02931	0.01936	0.51269	0.05820	0.14043	0.02602	0.06499	0.01005	0.00277	0.00595	0.01012	0.00844	0.01076
10	0.75230	0.01444	0.01121	0.01003	0.01461	0.01675	0.00823	0.02272	0.04648	0.03319	0.01135	0.01285	0.00878	0.00705	0.00474	0.00231	0.00575	0.00424	0.00474	0.00823
11	0.20475	0.01373	0.01624	0.01276	0.01826	0.01327	0.01054	0.08794	0.02048	0.49057	0.02399	0.02163	0.01553	0.00864	0.00681	0.00229	0.00635	0.00662	0.00799	0.01159
12	0.74096	0.06216	0.01275	0.00996	0.01466	0.01749	0.00835	0.02185	0.01279	0.03227	0.01034	0.01205	0.00814	0.00686	0.00461	0.00225	0.00589	0.00402	0.00450	0.00814
13	0.01097	0.00758	0.00900	0.00919	0.00978	0.00736	0.00591	0.01170	0.01220	0.01638	0.02688	0.13175	0.03070	0.52987	0.02945	0.00593	0.00673	0.08899	0.00506	0.04455
14	0.02443	0.34423	0.02950	0.01542	0.02125	0.12263	0.01352	0.29085	0.02414	0.02971	0.01359	0.01457	0.01082	0.00760	0.00614	0.00190	0.00880	0.00521	0.00503	0.01068
15	0.02586	0.01973	0.02183	0.01860	0.06627	0.02187	0.01426	0.51515	0.14711	0.04254	0.01975	0.01960	0.01433	0.00897	0.00744	0.00228	0.00781	0.00698	0.00720	0.01241
16	0.01229	0.03925	0.01226	0.01113	0.01197	0.00811	0.03224	0.01144	0.01179	0.01568	0.02117	0.18953	0.02297	0.02530	0.06632	0.44874	0.00715	0.04351	0.00433	0.00481
17	0.01980	0.01622	0.01732	0.01507	0.01938	0.01842	0.01184	0.16943	0.48771	0.03391	0.06274	0.04971	0.02390	0.01052	0.00765	0.00246	0.00618	0.00871	0.00754	0.01150
18	0.01085	0.00807	0.01139	0.01127	0.01222	0.00926	0.00837	0.01282	0.01163	0.01657	0.02037	0.03342	0.02029	0.22040	0.52165	0.01047	0.04211	0.00859	0.00408	0.00616
19	0.01416	0.01347	0.02312	0.69388	0.05064	0.01658	0.04622	0.01916	0.01495	0.01916	0.01327	0.01980	0.00995	0.00738	0.00748	0.00248	0.01000	0.00668	0.00332	0.00832
20	0.01665	0.01539	0.03770	0.01461	0.01937	0.04407	0.05751	0.09131	0.12356	0.02572	0.02174	0.04376	0.05371	0.01627	0.11929	0.00355	0.03183	0.00739	0.00523	0.25132
21	0.60050	0.03932	0.04237	0.01187	0.01677	0.09800	0.01009	0.06301	0.01519	0.03152	0.01106	0.01272	0.00860	0.00710	0.00512	0.00223	0.00706	0.00433	0.00458	0.00856
22	0.01080	0.00720	0.00810	0.00810	0.00810	0.00720	0.00450	0.01080	0.01080	0.01439	0.02339	0.04858	0.02699	0.73910	0.03779	0.00720	0.00720	0.01080	0.00450	0.00450
23	0.01985	0.74357	0.03890	0.01270	0.01905	0.02937	0.01270	0.02223	0.01508	0.01747	0.01032	0.01191	0.00953	0.00635	0.00476	0.00159	0.00794	0.00397	0.00318	0.00953
24	0.00966	0.00734	0.00869	0.00875	0.01041	0.00659	0.00629	0.01193	0.01758	0.02323	0.30628	0.17431	0.28515	0.07672	0.01124	0.00291	0.00403	0.01530	0.00720	0.00637
25	0.02798	0.01980	0.02155	0.01649	0.02244	0.02145	0.01360	0.58780	0.03290	0.09543	0.01847	0.01827	0.01298	0.00876	0.00733	0.00218	0.00790	0.00663	0.00741	0.05060
26	0.00914	0.00703	0.00840	0.00934	0.01071	0.00629	0.00665	0.01086	0.01571	0.02000	0.08145	0.41110	0.30373	0.02102	0.00921	0.00280	0.00418	0.04922	0.00694	0.00620
27	0.01539	0.01319	0.01539	0.01100	0.01759	0.00990	0.00880	0.01869	0.01539	0.02419	0.01319	0.01539	0.01100	0.00550	0.00550	0.00110	0.00550	0.00440	0.00440	0.78449
28	0.01032	0.00751	0.00956	0.00953	0.01107	0.00697	0.00708	0.01312	0.01869	0.02569	0.44475	0.13076	0.12757	0.07577	0.01133	0.00291	0.00421	0.06907	0.00749	0.00660
29	0.01096	0.00753	0.01049	0.01049	0.01124	0.00828	0.00748	0.01205	0.01129	0.01581	0.02001	0.03410	0.02033	0.25612	0.41872	0.11262	0.01431	0.00860	0.00403	0.00554
30	0.02822	0.02079	0.02228	0.01708	0.02302	0.02302	0.01411	0.66804	0.03490	0.04679	0.01782	0.01782	0.01262	0.00891	0.00743	0.00223	0.00817	0.00668	0.00743	0.01262
31	0.01764	0.01364	0.01607	0.03846	0.01915	0.01155	0.00984	0.07159	0.05250	0.07955	0.01843	0.01962	0.04182	0.00695	0.00613	0.00147	0.00588	0.00561	0.00525	0.55883
32	0.01377	0.00858	0.01144	0.06244	0.01515	0.00837	0.00859	0.01581	0.01588	0.12951	0.08230	0.33071	0.13673	0.06252	0.03905	0.00335	0.02679	0.01492	0.00672	0.00736
33	0.01754	0.00960	0.01342	0.01216	0.01497	0.00879	0.03723	0.03851	0.01840	0.22444	0.14819	0.31375	0.05936	0.01629	0.00867	0.00264	0.00530	0.03450	0.00767	0.00857
34	0.02117	0.11752	0.11075	0.08662	0.05209	0.13242	0.04434	0.07364	0.01888	0.11947	0.04322	0.02396	0.01618	0.00919	0.00817	0.00231	0.04882	0.05639	0.00500	0.00984
35	0.09219	0.02349	0.10459	0.04588	0.04489	0.21314	0.07221	0.04835	0.01722	0.02259	0.01652	0.06595	0.03752	0.00941	0.00930	0.00232	0.10344	0.00705	0.00421	0.05975
36	0.06329	0.01040	0.01335	0.01252	0.01445	0.01142	0.03424	0.03830	0.06846	0.02242	0.08003	0.22309	0.12450	0.04248	0.11794	0.00426	0.09296	0.01264	0.00584	0.00740
37	0.01894	0.12066	0.05627	0.07917	0.15319	0.09356	0.08531	0.05040	0.01733	0.04911	0.04128	0.02163	0.03160	0.00873	0.00929	0.00229	0.09788	0.02480	0.00427	0.03426

[dist]
# distance from previous block
# <min> <max>
2	9

[block]
# block no. 3 follows, 27 sequences, length 27
# corresponding to MSA columns:
# 550-559,563-579
name=unknown_D
#
# <colnr> <probs for GDERKNQSTAVLIFYWHMCP>
#	G	D	E	R	K	N	Q	S	T	A	V	L	I	F	Y	W	H	M	C	P
0	0.09351	0.04198	0.04571	0.05464	0.05425	0.11070	0.01389	0.10228	0.10683	0.02579	0.01528	0.01863	0.01261	0.04012	0.01131	0.00251	0.14539	0.00616	0.00474	0.09367
1	0.06389	0.01704	0.07049	0.05170	0.04756	0.09017	0.06161	0.06535	0.06942	0.10004	0.06752	0.10549	0.05874	0.03251	0.04544	0.00305	0.00847	0.02655	0.00579	0.00916
2	0.01864	0.06475	0.07572	0.08123	0.12461	0.04972	0.09612	0.08291	0.11461	0.04310	0.01877	0.02200	0.03146	0.00827	0.00789	0.00223	0.03503	0.02305	0.00486	0.09503
3	0.01607	0.01410	0.02362	0.53743	0.18422	0.01641	0.02050	0.02078	0.01565	0.06005	0.01430	0.01982	0.01079	0.00736	0.00741	0.00241	0.00946	0.00665	0.00372	0.00924
4	0.01913	0.06088	0.02485	0.02942	0.34449	0.07850	0.01700	0.07605	0.07095	0.02549	0.03494	0.02075	0.03845	0.00788	0.00753	0.00209	0.02920	0.00669	0.00458	0.10114
5	0.01377	0.01044	0.01181	0.01147	0.01230	0.08462	0.00823	0.01331	0.01205	0.01548	0.03892	0.02650	0.01713	0.09381	0.20260	0.37612	0.03528	0.00728	0.00377	0.00510
6	0.00961	0.00679	0.00891	0.01039	0.01090	0.00647	0.00711	0.01095	0.01405	0.01867	0.03830	0.56786	0.04533	0.12248	0.01350	0.00364	0.00499	0.08760	0.00655	0.00590
7	0.00988	0.00727	0.00929	0.00997	0.01114	0.00684	0.00702	0.01269	0.04097	0.02321	0.26725	0.42790	0.09946	0.01967	0.00911	0.00273	0.00405	0.01761	0.00736	0.00659
8	0.01032	0.00802	0.00952	0.00963	0.01168	0.00743	0.00742	0.01387	0.05125	0.02409	0.27140	0.12267	0.30018	0.01777	0.00898	0.00262	0.00427	0.10467	0.00735	0.00685
9	0.02456	0.01759	0.01865	0.01482	0.01979	0.04806	0.01203	0.42564	0.02928	0.10967	0.10268	0.02863	0.09373	0.01069	0.00770	0.00226	0.00718	0.00845	0.00748	0.01111
10	0.02638	0.01620	0.01851	0.01431	0.01988	0.01635	0.01173	0.34700	0.02703	0.23477	0.02705	0.02566	0.08816	0.00975	0.00740	0.00217	0.00688	0.00768	0.00760	0.08549
11	0.01660	0.01854	0.03996	0.02900	0.03574	0.01738	0.59383	0.02231	0.01716	0.02325	0.01785	0.09806	0.01540	0.00812	0.00884	0.00256	0.01162	0.01011	0.00410	0.00958
12	0.01157	0.00850	0.01025	0.01041	0.01257	0.00774	0.00763	0.01478	0.06173	0.05051	0.04452	0.38246	0.19045	0.01858	0.00870	0.00265	0.00466	0.05369	0.00676	0.09188
13	0.02773	0.03538	0.02104	0.01913	0.02295	0.70930	0.01434	0.02964	0.02104	0.01817	0.01148	0.01339	0.00956	0.00765	0.00669	0.00191	0.01339	0.00478	0.00383	0.00861
14	0.00982	0.00769	0.00900	0.00950	0.01130	0.00705	0.00706	0.01274	0.04520	0.02183	0.14948	0.25725	0.32667	0.01933	0.00906	0.00271	0.00426	0.07634	0.00710	0.00660
15	0.01789	0.05371	0.01862	0.01640	0.04636	0.15188	0.01224	0.08942	0.01685	0.02137	0.01833	0.12957	0.01863	0.08496	0.08089	0.00383	0.16691	0.00875	0.00462	0.03876
16	0.04256	0.08428	0.01989	0.01368	0.01929	0.01546	0.04949	0.15040	0.07808	0.02888	0.05250	0.04556	0.04220	0.00835	0.00659	0.00180	0.00652	0.00687	0.00550	0.32211
17	0.01969	0.05202	0.14175	0.10852	0.13892	0.07785	0.04147	0.02480	0.04531	0.13927	0.01859	0.02115	0.02808	0.01258	0.07466	0.00321	0.03044	0.00676	0.00474	0.01018
18	0.01193	0.00970	0.01484	0.01345	0.01487	0.01080	0.07083	0.01409	0.01237	0.01737	0.02064	0.03603	0.02095	0.24724	0.33789	0.00831	0.08191	0.04611	0.00421	0.00647
19	0.01396	0.01918	0.22116	0.08337	0.02383	0.01381	0.04085	0.01924	0.05003	0.04617	0.04255	0.17198	0.04653	0.04039	0.05279	0.00336	0.08710	0.01024	0.00480	0.00867
20	0.05694	0.01650	0.05153	0.28705	0.03547	0.01738	0.14417	0.11679	0.03910	0.06082	0.01532	0.01955	0.01148	0.00887	0.00953	0.04847	0.04019	0.00695	0.00449	0.00938
21	0.01528	0.22082	0.14841	0.01601	0.02178	0.01770	0.10955	0.02098	0.07832	0.02192	0.06027	0.09542	0.12223	0.01078	0.00729	0.00226	0.00776	0.00927	0.00484	0.00911
22	0.00947	0.00690	0.00901	0.01055	0.01140	0.00645	0.00754	0.01115	0.01496	0.01958	0.04441	0.56094	0.11811	0.02234	0.00952	0.00302	0.00464	0.11694	0.00688	0.00618
23	0.04935	0.01424	0.02513	0.04066	0.04341	0.01459	0.25307	0.01968	0.03995	0.04745	0.02375	0.11176	0.05701	0.04359	0.01263	0.04443	0.08703	0.05905	0.00485	0.00837
24	0.06502	0.02864	0.39117	0.02044	0.06085	0.01771	0.04198	0.12037	0.01888	0.10371	0.01552	0.01717	0.01101	0.00783	0.00800	0.00237	0.04764	0.00602	0.00460	0.01109
25	0.00909	0.00682	0.00844	0.00955	0.01061	0.00616	0.00658	0.01070	0.01542	0.02006	0.09954	0.51436	0.21268	0.02151	0.00924	0.00283	0.00411	0.01914	0.00699	0.00616
26	0.02200	0.01494	0.04129	0.01947	0.12836	0.01418	0.04128	0.12260	0.08434	0.21613	0.15935	0.03107	0.02773	0.01026	0.00786	0.00235	0.00682	0.03196	0.00716	0.01088

[dist]
# distance from previous block
# <min> <max>
0	7

[block]
# block no. 4 follows, 27 sequences, length 10
# corresponding to MSA columns:
# 587-596
name=unknown_E
#
# <colnr> <probs for GDERKNQSTAVLIFYWHMCP>
#	G	D	E	R	K	N	Q	S	T	A	V	L	I	F	Y	W	H	M	C	P
0	0.08569	0.22826	0.19647	0.02055	0.08333	0.05964	0.08785	0.05780	0.01654	0.02327	0.01231	0.01504	0.00994	0.00733	0.00779	0.00218	0.06684	0.00549	0.00367	0.01001
1	0.00984	0.00757	0.00888	0.00935	0.01090	0.00700	0.00669	0.01252	0.04498	0.02129	0.15028	0.28283	0.27685	0.07708	0.01133	0.00306	0.00439	0.04183	0.00692	0.00642
2	0.01105	0.00770	0.01120	0.01166	0.01292	0.00716	0.04245	0.01297	0.01548	0.05697	0.09498	0.57276	0.04698	0.02078	0.00930	0.00291	0.00489	0.04420	0.00696	0.00672
3	0.01042	0.00807	0.01089	0.01285	0.07013	0.00752	0.00843	0.01286	0.01705	0.02292	0.23031	0.32242	0.15948	0.01856	0.00902	0.00269	0.00454	0.05797	0.00698	0.00690
4	0.00904	0.00646	0.00861	0.01034	0.01077	0.00603	0.00689	0.01034	0.01421	0.01895	0.04092	0.73426	0.04910	0.02326	0.00948	0.00301	0.00431	0.02110	0.00689	0.00603
5	0.24313	0.13936	0.19394	0.01703	0.02393	0.01919	0.12127	0.07413	0.01653	0.02752	0.01319	0.01554	0.01011	0.00700	0.00617	0.00219	0.00858	0.00552	0.04600	0.00964
6	0.01921	0.01427	0.02059	0.07241	0.13138	0.01337	0.06279	0.07432	0.03877	0.13345	0.04260	0.08237	0.01806	0.00876	0.00718	0.00202	0.00709	0.00781	0.00560	0.23794
7	0.01384	0.00692	0.00692	0.00692	0.00865	0.00692	0.00519	0.01730	0.01557	0.02768	0.02422	0.02768	0.01903	0.00865	0.00519	0.00173	0.00346	0.00692	0.78031	0.00692
8	0.07695	0.07205	0.14633	0.01532	0.04652	0.03724	0.01352	0.02078	0.09169	0.02372	0.06564	0.18237	0.02418	0.01169	0.00816	0.00234	0.04582	0.00961	0.00515	0.10092
9	0.06754	0.05283	0.06517	0.05743	0.02535	0.20175	0.10452	0.06010	0.06757	0.06771	0.01465	0.01728	0.01148	0.00867	0.01031	0.00240	0.14493	0.00626	0.00448	0.00955

[dist]
# distance from previous block
# <min> <max>
14	47

[block]
# block no. 5 follows, 27 sequences, length 111
# corresponding to MSA columns:
# 652-757,763-767
name=unknown_F
#
# <colnr> <probs for GDERKNQSTAVLIFYWHMCP>
#	G	D	E	R	K	N	Q	S	T	A	V	L	I	F	Y	W	H	M	C	P
0	0.01054	0.00788	0.01170	0.01174	0.01305	0.00904	0.00907	0.01319	0.01249	0.01795	0.05548	0.05654	0.02237	0.05237	0.64738	0.01110	0.01846	0.00872	0.00430	0.00663
1	0.01540	0.01345	0.01680	0.04871	0.02012	0.01057	0.03364	0.01889	0.01544	0.02390	0.01326	0.01579	0.01095	0.00563	0.00572	0.00122	0.00599	0.00467	0.00432	0.71552
2	0.04366	0.17869	0.06905	0.11108	0.02504	0.06024	0.03992	0.09964	0.03859	0.10670	0.01637	0.03972	0.01315	0.01112	0.04499	0.00277	0.07811	0.00652	0.00483	0.00979
3	0.01079	0.00828	0.00969	0.00938	0.01139	0.00780	0.00692	0.03271	0.05673	0.02534	0.33615	0.13288	0.25173	0.05440	0.01024	0.00272	0.00413	0.01435	0.00739	0.00697
4	0.00991	0.04609	0.03590	0.01095	0.01213	0.00785	0.00809	0.01161	0.01418	0.01894	0.03710	0.62961	0.04382	0.02364	0.04941	0.00343	0.00564	0.01888	0.00639	0.00643
5	0.04477	0.02192	0.17535	0.05064	0.07522	0.01792	0.26225	0.05010	0.04229	0.04508	0.01622	0.05449	0.01318	0.00845	0.00968	0.00253	0.08775	0.00790	0.00420	0.01005
6	0.01804	0.01949	0.10123	0.20664	0.12401	0.05966	0.06028	0.04217	0.16707	0.05016	0.01769	0.02046	0.01345	0.00830	0.00861	0.00244	0.05842	0.00694	0.00469	0.01025
7	0.39829	0.01463	0.01490	0.01210	0.01732	0.01541	0.00998	0.11951	0.01904	0.28437	0.01851	0.01783	0.01257	0.00804	0.00607	0.00229	0.00630	0.00569	0.00672	0.01042
8	0.01723	0.01633	0.04336	0.04499	0.11530	0.03944	0.05323	0.05202	0.33014	0.02784	0.08012	0.07616	0.02518	0.01074	0.00788	0.00249	0.00708	0.03368	0.00632	0.01046
9	0.01080	0.00720	0.00810	0.00810	0.00810	0.00720	0.00450	0.01080	0.01080	0.01439	0.02339	0.04858	0.02699	0.73910	0.03779	0.00720	0.00720	0.01080	0.00450	0.00450
10	0.01384	0.00692	0.00692	0.00692	0.00865	0.00692	0.00519	0.01730	0.01557	0.02768	0.02422	0.02768	0.01903	0.00865	0.00519	0.00173	0.00346	0.00692	0.78031	0.00692
11	0.00915	0.00655	0.00854	0.01008	0.01056	0.00612	0.00669	0.01038	0.01409	0.01869	0.04103	0.66395	0.07153	0.07067	0.01133	0.00327	0.00448	0.02022	0.00673	0.00594
12	0.01004	0.00755	0.00944	0.00941	0.01120	0.00696	0.00711	0.01287	0.01856	0.02508	0.39149	0.12243	0.22058	0.01953	0.04924	0.00307	0.00481	0.05653	0.00740	0.00669
13	0.11343	0.00976	0.01065	0.00982	0.01278	0.00936	0.00757	0.05378	0.01797	0.11229	0.12954	0.11024	0.28664	0.05000	0.00950	0.00272	0.00489	0.03441	0.00698	0.00769
14	0.04199	0.01341	0.02154	0.61984	0.04631	0.01653	0.01932	0.01899	0.01459	0.01968	0.01289	0.01909	0.00988	0.00763	0.00820	0.00244	0.05068	0.00639	0.00340	0.04719
15	0.57555	0.01618	0.01413	0.01183	0.01681	0.01846	0.00976	0.20468	0.01894	0.03712	0.01246	0.01369	0.00934	0.00746	0.00540	0.00228	0.00643	0.00477	0.00540	0.00934
16	0.02267	0.01207	0.04710	0.01238	0.01655	0.01010	0.01027	0.05887	0.02052	0.35868	0.19305	0.14426	0.03531	0.01278	0.00808	0.00242	0.00562	0.01097	0.00819	0.01011
17	0.01481	0.01447	0.02220	0.68088	0.04951	0.05634	0.02026	0.01958	0.01520	0.01892	0.01310	0.01942	0.00988	0.00744	0.00738	0.00244	0.01010	0.00649	0.00333	0.00827
18	0.00929	0.00670	0.00882	0.01025	0.01096	0.00624	0.00705	0.01091	0.01510	0.02015	0.10276	0.61204	0.08151	0.02218	0.00941	0.00294	0.00431	0.04621	0.00701	0.00617
19	0.49509	0.01498	0.01400	0.01174	0.01670	0.01652	0.00963	0.11087	0.06185	0.16126	0.01626	0.01638	0.01159	0.00781	0.00571	0.00230	0.00618	0.00532	0.00604	0.00977
20	0.01808	0.02066	0.04188	0.03150	0.07562	0.05336	0.59616	0.02402	0.01766	0.02353	0.01478	0.01960	0.01121	0.00635	0.00858	0.00246	0.01235	0.00844	0.00375	0.01004
21	0.01991	0.01518	0.01809	0.01340	0.01948	0.01371	0.03468	0.19493	0.02091	0.07492	0.01608	0.01848	0.01271	0.04188	0.00782	0.00183	0.00662	0.00569	0.00552	0.45817
22	0.02024	0.17127	0.02047	0.01307	0.01767	0.01751	0.01090	0.11173	0.19807	0.13022	0.08798	0.05495	0.09355	0.01083	0.00723	0.00225	0.00620	0.00874	0.00680	0.01031
23	0.00904	0.00646	0.00861	0.01034	0.01077	0.00603	0.00689	0.01034	0.01421	0.01895	0.04092	0.73426	0.04910	0.02326	0.00948	0.00301	0.00431	0.02110	0.00689	0.00603
24	0.00972	0.00704	0.00932	0.01083	0.01174	0.00664	0.00792	0.01162	0.01532	0.02020	0.07016	0.51696	0.09366	0.02200	0.00957	0.00304	0.00479	0.15630	0.00693	0.00626
25	0.01650	0.26803	0.48515	0.01841	0.02787	0.02119	0.02263	0.02309	0.01548	0.02154	0.01234	0.01445	0.00944	0.00682	0.00631	0.00210	0.00998	0.00499	0.00315	0.01050
26	0.02398	0.01275	0.01537	0.01275	0.01724	0.01236	0.01045	0.15790	0.04642	0.30937	0.03580	0.03836	0.13769	0.01204	0.00786	0.00242	0.00612	0.07717	0.05342	0.01052
27	0.01033	0.00746	0.01004	0.01164	0.01278	0.00717	0.00908	0.01262	0.01568	0.02049	0.04249	0.39855	0.08914	0.02173	0.00978	0.00316	0.00540	0.29917	0.00687	0.00641
28	0.03257	0.01382	0.01796	0.01377	0.01954	0.01267	0.01138	0.12819	0.02324	0.60312	0.02762	0.02418	0.01754	0.00915	0.00746	0.00229	0.00659	0.00735	0.00893	0.01263
29	0.02661	0.01438	0.01995	0.01559	0.02081	0.01403	0.08195	0.11552	0.10536	0.38118	0.02552	0.02543	0.01784	0.04825	0.04952	0.00314	0.00800	0.00782	0.00763	0.01148
30	0.54064	0.01940	0.01582	0.01365	0.01808	0.16808	0.05380	0.02349	0.01474	0.02872	0.01087	0.01306	0.00866	0.00727	0.00616	0.00227	0.03806	0.00461	0.00431	0.00830
31	0.01468	0.00773	0.00782	0.00752	0.00949	0.00787	0.00571	0.05553	0.01670	0.02880	0.02384	0.02710	0.01865	0.00866	0.00532	0.00176	0.00374	0.00691	0.73490	0.00725
32	0.00877	0.00752	0.00752	0.00752	0.01003	0.00627	0.00564	0.01065	0.01692	0.02005	0.07520	0.07144	0.68978	0.01880	0.00877	0.00251	0.00376	0.01567	0.00689	0.00627
33	0.01539	0.01319	0.01539	0.01100	0.01759	0.00990	0.00880	0.01869	0.01539	0.02419	0.01319	0.01539	0.01100	0.00550	0.00550	0.00110	0.00550	0.00440	0.00440	0.78449
34	0.01004	0.00751	0.00932	0.00900	0.01084	0.00679	0.00670	0.01306	0.01973	0.02702	0.51735	0.09799	0.20443	0.01643	0.00880	0.00241	0.00361	0.01436	0.00782	0.00679
35	0.00938	0.00758	0.00835	0.00825	0.01052	0.00656	0.00625	0.01176	0.01807	0.02285	0.24514	0.06744	0.49296	0.01785	0.00882	0.00249	0.00380	0.03817	0.00725	0.00649
36	0.01656	0.00976	0.01183	0.01063	0.01370	0.00912	0.00843	0.07474	0.02026	0.16327	0.21077	0.07170	0.20638	0.01468	0.00831	0.00245	0.00490	0.07433	0.05980	0.00840
37	0.02760	0.01304	0.03893	0.01302	0.01818	0.01115	0.01102	0.07333	0.02147	0.49275	0.09228	0.03310	0.06817	0.01083	0.00779	0.00237	0.00619	0.03892	0.00851	0.01136
38	0.01985	0.74357	0.03890	0.01270	0.01905	0.02937	0.01270	0.02223	0.01508	0.01747	0.01032	0.01191	0.00953	0.00635	0.00476	0.00159	0.00794	0.00397	0.00318	0.00953
39	0.06282	0.02413	0.02018	0.01691	0.02169	0.24491	0.01335	0.33100	0.10414	0.03394	0.01771	0.04399	0.01395	0.00908	0.00714	0.00219	0.00934	0.00668	0.00611	0.01075
40	0.01077	0.00747	0.00963	0.01012	0.01153	0.00718	0.00735	0.01268	0.01504	0.05200	0.08579	0.31201	0.17702	0.06855	0.14876	0.00484	0.00756	0.03880	0.00637	0.00652
41	0.01034	0.00789	0.00955	0.00917	0.01122	0.00724	0.00696	0.01397	0.04240	0.02675	0.46663	0.06011	0.24509	0.01623	0.00877	0.00243	0.00378	0.03677	0.00774	0.00695
42	0.01047	0.00748	0.01024	0.01196	0.01301	0.00725	0.00936	0.01279	0.01561	0.02054	0.04013	0.41744	0.04599	0.02192	0.00985	0.00321	0.00554	0.32390	0.00686	0.00642
43	0.01539	0.01319	0.01539	0.01100	0.01759	0.00990	0.00880	0.01869	0.01539	0.02419	0.01319	0.01539	0.01100	0.00550	0.00550	0.00110	0.00550	0.00440	0.00440	0.78449
44	0.01079	0.00722	0.00823	0.00823	0.00827	0.00727	0.00466	0.01088	0.01083	0.01449	0.02327	0.04791	0.02670	0.71554	0.06095	0.00736	0.00763	0.01070	0.00448	0.00457
45	0.04537	0.02248	0.17026	0.01946	0.02525	0.06414	0.10991	0.11350	0.01900	0.15391	0.01655	0.01868	0.01214	0.01024	0.03228	0.00278	0.14181	0.00667	0.00510	0.01047
46	0.09838	0.45021	0.16243	0.01464	0.02156	0.05791	0.01526	0.06603	0.01656	0.02225	0.01146	0.01312	0.00956	0.00678	0.00546	0.00187	0.00858	0.00449	0.00363	0.00982
47	0.01086	0.00837	0.01064	0.01001	0.01176	0.00828	0.00760	0.01449	0.03999	0.02738	0.52134	0.08009	0.14122	0.01564	0.00979	0.00245	0.05198	0.01338	0.00761	0.00710
48	0.00903	0.00718	0.00812	0.00863	0.01037	0.00626	0.00619	0.01088	0.01643	0.02064	0.12395	0.28796	0.41835	0.01991	0.00900	0.00266	0.00391	0.01724	0.00702	0.00626
49	0.01967	0.71838	0.06254	0.01300	0.01952	0.02894	0.01323	0.02228	0.01511	0.01768	0.01043	0.01204	0.00952	0.00638	0.00485	0.00162	0.00805	0.00402	0.00317	0.00958
50	0.01289	0.00645	0.00967	0.00967	0.00967	0.00645	0.00645	0.00967	0.00967	0.01289	0.01289	0.02257	0.01289	0.02579	0.02901	0.78401	0.00645	0.00645	0.00322	0.00322
51	0.01933	0.06166	0.04935	0.09277	0.18726	0.01940	0.01651	0.15052	0.19353	0.02884	0.02060	0.02215	0.03888	0.00892	0.00845	0.00237	0.05586	0.00721	0.00542	0.01097
52	0.01275	0.01125	0.01811	0.36937	0.11637	0.01274	0.01566	0.01622	0.01476	0.01948	0.02315	0.26639	0.02416	0.03584	0.00908	0.00278	0.00775	0.01172	0.00462	0.00781
53	0.02729	0.01126	0.01492	0.01197	0.01656	0.00982	0.00956	0.02977	0.01962	0.52480	0.05386	0.06002	0.08696	0.07583	0.01041	0.00278	0.00598	0.00926	0.00843	0.01087
54	0.03132	0.01582	0.01920	0.01472	0.02054	0.01565	0.01216	0.28326	0.02659	0.44331	0.02480	0.02236	0.01613	0.00908	0.00745	0.00227	0.00704	0.00716	0.00850	0.01263
55	0.00967	0.00751	0.00884	0.00889	0.01086	0.00668	0.00670	0.01221	0.01823	0.02378	0.30264	0.13001	0.34933	0.01797	0.00893	0.00255	0.00392	0.05733	0.00738	0.00656
56	0.01319	0.01036	0.01422	0.23420	0.02388	0.01158	0.01130	0.05488	0.03979	0.02024	0.06647	0.05723	0.02537	0.30862	0.02022	0.00448	0.00771	0.06449	0.00492	0.00685
57	0.00929	0.00737	0.00836	0.00846	0.01044	0.00643	0.00621	0.01153	0.01763	0.02256	0.23923	0.17103	0.41817	0.01850	0.00888	0.00254	0.00377	0.01590	0.00725	0.00643
58	0.04258	0.01371	0.02004	0.38016	0.03561	0.01552	0.03577	0.07873	0.04242	0.02344	0.01662	0.04893	0.01407	0.01017	0.02885	0.00263	0.03075	0.03744	0.00438	0.11820
59	0.01489	0.03840	0.70064	0.02116	0.03213	0.01724	0.02743	0.02351	0.01567	0.02351	0.01332	0.01567	0.00940	0.00705	0.00705	0.00235	0.01097	0.00549	0.00313	0.01097
60	0.02409	0.11517	0.04617	0.01393	0.01883	0.11945	0.01182	0.11245	0.02182	0.24056	0.15094	0.02759	0.04554	0.00991	0.00726	0.00215	0.00740	0.00782	0.00684	0.01026
61	0.01951	0.40860	0.16919	0.01581	0.02212	0.13845	0.01601	0.02306	0.01585	0.01883	0.01156	0.01398	0.00995	0.00942	0.04039	0.00238	0.04738	0.00474	0.00332	0.00946
62	0.00903	0.00691	0.00829	0.00925	0.01052	0.00617	0.00644	0.01067	0.01560	0.02000	0.09212	0.45268	0.28330	0.02115	0.00918	0.00279	0.00406	0.01867	0.00697	0.00617
63	0.09569	0.01371	0.01765	0.06263	0.01926	0.01696	0.01287	0.08664	0.01546	0.05826	0.01967	0.19528	0.02013	0.01392	0.01482	0.00288	0.31086	0.00995	0.00505	0.00832
64	0.05363	0.01961	0.02043	0.01748	0.04568	0.08685	0.03330	0.37475	0.12628	0.03670	0.02094	0.09294	0.01736	0.01021	0.00752	0.00233	0.00800	0.00821	0.00668	0.01113
65	0.00976	0.00743	0.00893	0.00926	0.01080	0.00681	0.00662	0.01245	0.03620	0.02289	0.25538	0.28088	0.24126	0.04442	0.00999	0.00279	0.00404	0.01635	0.00723	0.00652
66	0.01085	0.00827	0.01006	0.01026	0.01222	0.00774	0.00778	0.03243	0.03990	0.02370	0.20265	0.24275	0.20855	0.01831	0.00897	0.00267	0.00455	0.10607	0.00714	0.03511
67	0.02051	0.12125	0.12233	0.06836	0.10991	0.05632	0.07901	0.18255	0.08755	0.02871	0.01584	0.01779	0.01211	0.00758	0.00703	0.00217	0.00908	0.00631	0.00486	0.04072
68	0.01347	0.01286	0.05106	0.03969	0.15315	0.01188	0.01227	0.02022	0.13905	0.02569	0.21720	0.07915	0.16837	0.01301	0.00816	0.00242	0.00569	0.01136	0.00641	0.00888
69	0.01125	0.00707	0.00945	0.01052	0.01150	0.00652	0.00725	0.01283	0.01528	0.07868	0.08329	0.62719	0.04783	0.02149	0.00925	0.00291	0.00443	0.01940	0.00718	0.00667
70	0.01849	0.02014	0.12680	0.11606	0.33660	0.01832	0.02093	0.08412	0.04216	0.04573	0.01476	0.01842	0.01166	0.00788	0.00913	0.00239	0.08480	0.00653	0.00417	0.01094
71	0.02579	0.01766	0.02246	0.02385	0.21182	0.04251	0.01538	0.24840	0.05008	0.21167	0.02178	0.02182	0.03481	0.00863	0.00743	0.00225	0.00783	0.00714	0.00669	0.01201
72	0.00969	0.00756	0.00879	0.00848	0.01059	0.00666	0.00636	0.01243	0.01908	0.02519	0.39933	0.06300	0.36245	0.01689	0.00876	0.00242	0.00362	0.01448	0.00757	0.00666
73	0.02711	0.02013	0.02168	0.01655	0.02255	0.02188	0.01365	0.61161	0.03321	0.04482	0.01742	0.01761	0.01248	0.00861	0.00726	0.00213	0.00794	0.00649	0.00716	0.07970
74	0.02006	0.12442	0.06075	0.02066	0.10775	0.12493	0.07427	0.08206	0.01821	0.04936	0.01516	0.05859	0.01318	0.00842	0.00837	0.00209	0.07323	0.00664	0.00443	0.12744
75	0.01654	0.10109	0.27918	0.02191	0.07554	0.04109	0.14304	0.02443	0.09521	0.02437	0.08848	0.02196	0.01808	0.00805	0.00739	0.00229	0.00946	0.00721	0.00439	0.01028
76	0.01604	0.01573	0.02442	0.48986	0.23091	0.05666	0.02087	0.02066	0.01578	0.02042	0.01331	0.01902	0.01040	0.00721	0.00736	0.00237	0.00979	0.00650	0.00344	0.00926
77	0.01176	0.00922	0.01217	0.14118	0.04379	0.00899	0.00964	0.01475	0.01777	0.05645	0.21199	0.05365	0.35122	0.01487	0.00840	0.00244	0.00514	0.01269	0.00654	0.00734
78	0.06656	0.01540	0.11349	0.01485	0.04986	0.03261	0.05115	0.01980	0.06504	0.07115	0.18242	0.08850	0.13068	0.05425	0.00965	0.00269	0.00651	0.01074	0.00612	0.00851
79	0.01520	0.03644	0.63423	0.02292	0.06684	0.01733	0.05781	0.02349	0.01583	0.02356	0.01344	0.01602	0.00962	0.00699	0.00715	0.00235	0.01093	0.00570	0.00319	0.01097
80	0.01034	0.00737	0.01002	0.01167	0.01263	0.00714	0.00896	0.01249	0.01531	0.02017	0.03961	0.43395	0.04561	0.04766	0.01082	0.00334	0.00548	0.28434	0.00678	0.00632
81	0.01650	0.01721	0.03421	0.22312	0.07281	0.01759	0.38649	0.04414	0.01697	0.02282	0.01488	0.02041	0.01144	0.01000	0.05520	0.00310	0.01194	0.00792	0.00377	0.00947
82	0.01738	0.02197	0.22991	0.17889	0.16313	0.01599	0.09724	0.02273	0.01610	0.08878	0.01517	0.01903	0.01131	0.00842	0.00890	0.05470	0.00973	0.00660	0.00395	0.01006
83	0.01792	0.02029	0.04086	0.02961	0.03655	0.04568	0.58559	0.02454	0.04918	0.02370	0.01542	0.02000	0.01169	0.00674	0.00919	0.00251	0.03814	0.00851	0.00392	0.00997
84	0.48998	0.01306	0.01058	0.00983	0.01337	0.05030	0.00775	0.01965	0.01461	0.02997	0.09010	0.06935	0.04514	0.00960	0.00572	0.00227	0.00546	0.00702	0.09863	0.00762
