[name]
unknown

[dist]
# distance from previous block
# <min> <max>
3	40

[block]
# block no. 0 follows, 35 sequences, length 31
# corresponding to MSA columns:
# 211-241
name=unknown_A
#
# <colnr> <probs for GDERKNQSTAVLIFYWHMCP>
#	G	D	E	R	K	N	Q	S	T	A	V	L	I	F	Y	W	H	M	C	P
0	0.14995	0.01297	0.04172	0.01154	0.01576	0.01295	0.00958	0.05493	0.28675	0.22883	0.06923	0.02148	0.01797	0.00800	0.00602	0.00201	0.00521	0.00638	0.00625	0.03248
1	0.09707	0.01255	0.01539	0.01283	0.03706	0.01251	0.05477	0.11945	0.15257	0.16518	0.04238	0.02288	0.06362	0.00799	0.00611	0.00187	0.00558	0.02419	0.00568	0.14031
2	0.07716	0.01667	0.01746	0.06347	0.04787	0.13530	0.05305	0.14325	0.22289	0.09092	0.01710	0.01740	0.01268	0.00718	0.00608	0.00192	0.00707	0.00576	0.00516	0.05160
3	0.01914	0.01644	0.01751	0.01438	0.01866	0.09109	0.05816	0.24653	0.30898	0.04705	0.01940	0.03930	0.01484	0.00794	0.00636	0.00196	0.00663	0.00651	0.00575	0.05336
4	0.02176	0.01411	0.01577	0.01282	0.01693	0.04106	0.01035	0.24782	0.18166	0.23866	0.08264	0.02161	0.01825	0.00847	0.00703	0.00201	0.03584	0.00667	0.00661	0.00993
5	0.02318	0.02916	0.01774	0.01612	0.01941	0.70389	0.01211	0.02588	0.06387	0.01624	0.01084	0.01223	0.00890	0.00667	0.00577	0.00167	0.01102	0.00429	0.00348	0.00753
6	0.01370	0.01170	0.01436	0.11517	0.01935	0.00997	0.00923	0.06140	0.01417	0.02130	0.01153	0.01382	0.00935	0.00512	0.00504	0.00117	0.00537	0.00415	0.00379	0.65032
7	0.01259	0.01048	0.01164	0.01238	0.01427	0.08936	0.01056	0.06005	0.01596	0.01997	0.02980	0.06134	0.03175	0.01568	0.00827	0.00271	0.00653	0.57471	0.00559	0.00633
8	0.01675	0.01762	0.02529	0.07661	0.50008	0.13936	0.09239	0.02036	0.01499	0.01954	0.01163	0.01520	0.00959	0.00581	0.00632	0.00188	0.00859	0.00558	0.00315	0.00926
9	0.01696	0.78087	0.03324	0.01085	0.01628	0.02510	0.01085	0.01900	0.01289	0.01493	0.00882	0.01018	0.00814	0.00543	0.00407	0.00136	0.00678	0.00339	0.00271	0.00814
10	0.00887	0.00619	0.00712	0.00721	0.00764	0.00606	0.00442	0.00940	0.01051	0.01384	0.05338	0.09599	0.11957	0.55351	0.06576	0.00543	0.00606	0.01036	0.00435	0.00432
11	0.01272	0.03281	0.74418	0.01808	0.02746	0.01473	0.02344	0.02009	0.01339	0.02009	0.01138	0.01339	0.00804	0.00603	0.00603	0.00201	0.00938	0.00469	0.00268	0.00938
12	0.00898	0.00648	0.00848	0.00798	0.00948	0.00599	0.00599	0.01197	0.01796	0.02544	0.73413	0.04739	0.05986	0.01297	0.00748	0.00200	0.00299	0.01147	0.00698	0.00599
13	0.01570	0.01092	0.01259	0.01102	0.01414	0.01159	0.00861	0.06673	0.32917	0.13069	0.27736	0.03131	0.03274	0.00999	0.00680	0.00205	0.00447	0.00850	0.00684	0.00875
14	0.02320	0.01711	0.01986	0.01521	0.02026	0.01862	0.06043	0.61885	0.02785	0.06519	0.01604	0.01743	0.01173	0.00779	0.00650	0.00196	0.00714	0.02818	0.00617	0.01047
15	0.01315	0.01128	0.01315	0.00940	0.01503	0.00846	0.00752	0.01597	0.01315	0.02067	0.01128	0.01315	0.00940	0.00470	0.00470	0.00094	0.00470	0.00376	0.00376	0.81583
16	0.01315	0.01128	0.01315	0.00940	0.01503	0.00846	0.00752	0.01597	0.01315	0.02067	0.01128	0.01315	0.00940	0.00470	0.00470	0.00094	0.00470	0.00376	0.00376	0.81583
17	0.01503	0.43987	0.35733	0.01415	0.02138	0.02038	0.01659	0.01949	0.01312	0.01728	0.00999	0.01164	0.00809	0.00570	0.00496	0.00165	0.00797	0.00398	0.00270	0.00870
18	0.01696	0.78087	0.03324	0.01085	0.01628	0.02510	0.01085	0.01900	0.01289	0.01493	0.00882	0.01018	0.00814	0.00543	0.00407	0.00136	0.00678	0.00339	0.00271	0.00814
19	0.02168	0.01656	0.01767	0.01410	0.01875	0.01854	0.01147	0.51707	0.23304	0.03606	0.01832	0.01769	0.01329	0.00790	0.00638	0.00198	0.00641	0.00614	0.00638	0.01057
20	0.00861	0.00668	0.00786	0.00753	0.00934	0.00605	0.00566	0.01153	0.03868	0.02225	0.45155	0.05196	0.32110	0.01404	0.00746	0.00206	0.00314	0.01208	0.00654	0.00587
21	0.02412	0.01777	0.01904	0.01460	0.01967	0.01967	0.01206	0.71633	0.02983	0.03998	0.01523	0.01523	0.01079	0.00762	0.00635	0.00190	0.00698	0.00571	0.00635	0.01079
22	0.02513	0.01432	0.01657	0.01278	0.01759	0.01478	0.01053	0.40443	0.02425	0.31687	0.01942	0.01824	0.01305	0.00770	0.00625	0.00190	0.00612	0.00599	0.05356	0.01051
23	0.00816	0.00587	0.00783	0.00924	0.00987	0.00554	0.00661	0.00960	0.01267	0.01672	0.03588	0.62131	0.06836	0.01931	0.00819	0.00262	0.00404	0.13701	0.00588	0.00528
24	0.02099	0.01949	0.27194	0.01756	0.11684	0.01259	0.01578	0.06559	0.01667	0.35163	0.01793	0.01756	0.01197	0.00690	0.00624	0.00197	0.00717	0.00565	0.00532	0.01020
25	0.00923	0.00615	0.00692	0.00692	0.00692	0.00615	0.00384	0.00923	0.00923	0.01230	0.01999	0.04151	0.02306	0.77705	0.03229	0.00615	0.00615	0.00923	0.00384	0.00384
26	0.02412	0.01777	0.01904	0.01460	0.01967	0.01967	0.01206	0.71633	0.02983	0.03998	0.01523	0.01523	0.01079	0.00762	0.00635	0.00190	0.00698	0.00571	0.00635	0.01079
27	0.01315	0.01128	0.01315	0.00940	0.01503	0.00846	0.00752	0.01597	0.01315	0.02067	0.01128	0.01315	0.00940	0.00470	0.00470	0.00094	0.00470	0.00376	0.00376	0.81583
28	0.02447	0.01242	0.01670	0.01257	0.01772	0.01131	0.05705	0.13802	0.01904	0.46823	0.02049	0.01896	0.01352	0.00715	0.00619	0.00181	0.00590	0.00594	0.00666	0.13585
29	0.02025	0.01400	0.01543	0.01286	0.01703	0.01536	0.01029	0.21906	0.38451	0.16074	0.02262	0.02098	0.01626	0.00816	0.00635	0.00203	0.00556	0.00659	0.03167	0.01026
30	0.00793	0.00606	0.00730	0.00792	0.00915	0.00543	0.00566	0.00957	0.01399	0.01810	0.15699	0.37644	0.29549	0.01732	0.00780	0.00234	0.00347	0.03760	0.00606	0.00538

[dist]
# distance from previous block
# <min> <max>
1	3

[block]
# block no. 1 follows, 35 sequences, length 34
# corresponding to MSA columns:
# 245-278
name=unknown_B
#
# <colnr> <probs for GDERKNQSTAVLIFYWHMCP>
#	G	D	E	R	K	N	Q	S	T	A	V	L	I	F	Y	W	H	M	C	P
0	0.01511	0.01674	0.03531	0.02895	0.16097	0.01587	0.58832	0.02017	0.01488	0.02039	0.01267	0.01686	0.00970	0.00540	0.00727	0.00209	0.01012	0.00715	0.00320	0.00883
1	0.02258	0.02790	0.01747	0.01586	0.01917	0.64811	0.01195	0.02651	0.11755	0.01707	0.01206	0.01316	0.00975	0.00683	0.00582	0.00171	0.01054	0.00452	0.00372	0.00773
2	0.00922	0.00618	0.00705	0.00705	0.00710	0.00622	0.00401	0.00931	0.00927	0.01240	0.01987	0.04083	0.02277	0.74703	0.06191	0.00632	0.00660	0.00913	0.00383	0.00392
3	0.00773	0.00552	0.00736	0.00883	0.00920	0.00515	0.00589	0.00883	0.01215	0.01619	0.03497	0.77291	0.04196	0.01987	0.00810	0.00258	0.00368	0.01803	0.00589	0.00515
4	0.00803	0.00636	0.00723	0.00720	0.00894	0.00555	0.00533	0.01007	0.01544	0.01991	0.29260	0.12628	0.43382	0.01537	0.00755	0.00213	0.00318	0.01318	0.00627	0.00555
5	0.02846	0.01080	0.01472	0.01129	0.01619	0.00932	0.00932	0.03092	0.01816	0.74187	0.02503	0.02159	0.01570	0.00785	0.00638	0.00196	0.00540	0.00638	0.00785	0.01080
6	0.78483	0.01220	0.00958	0.00848	0.01245	0.01400	0.00698	0.01922	0.01114	0.06176	0.00959	0.01083	0.00728	0.00598	0.00404	0.00196	0.00493	0.00357	0.00411	0.00705
7	0.02412	0.01777	0.01904	0.01460	0.01967	0.01967	0.01206	0.71633	0.02983	0.03998	0.01523	0.01523	0.01079	0.00762	0.00635	0.00190	0.00698	0.00571	0.00635	0.01079
8	0.01102	0.00551	0.00826	0.00826	0.00826	0.00551	0.00551	0.00826	0.00826	0.01102	0.01102	0.01928	0.01102	0.02204	0.02479	0.81543	0.00551	0.00551	0.00275	0.00275
9	0.01696	0.78087	0.03324	0.01085	0.01628	0.02510	0.01085	0.01900	0.01289	0.01493	0.00882	0.01018	0.00814	0.00543	0.00407	0.00136	0.00678	0.00339	0.00271	0.00814
10	0.01792	0.01654	0.01220	0.01097	0.01362	0.28286	0.00839	0.11673	0.01734	0.02294	0.01591	0.01797	0.01251	0.00711	0.00518	0.00160	0.00665	0.00521	0.40125	0.00713
11	0.02183	0.02323	0.01935	0.09687	0.02287	0.39045	0.05082	0.23041	0.04311	0.02350	0.01225	0.01386	0.00941	0.00684	0.00609	0.00181	0.00954	0.00502	0.00424	0.00850
12	0.00891	0.00648	0.00838	0.00791	0.00943	0.00596	0.00593	0.01184	0.01779	0.02505	0.70233	0.04804	0.09191	0.01312	0.00748	0.00200	0.00300	0.01156	0.00693	0.00596
13	0.01198	0.01128	0.01903	0.76180	0.04369	0.01409	0.01762	0.01621	0.01268	0.01621	0.01128	0.01691	0.00846	0.00634	0.00634	0.00211	0.00846	0.00564	0.00282	0.00705
14	0.01183	0.00591	0.00591	0.00591	0.00739	0.00591	0.00443	0.01478	0.01330	0.02365	0.02069	0.02365	0.01626	0.00739	0.00443	0.00148	0.00296	0.00591	0.81227	0.00591
15	0.01102	0.00551	0.00826	0.00826	0.00826	0.00551	0.00551	0.00826	0.00826	0.01102	0.01102	0.01928	0.01102	0.02204	0.02479	0.81543	0.00551	0.00551	0.00275	0.00275
16	0.01272	0.03281	0.74418	0.01808	0.02746	0.01473	0.02344	0.02009	0.01339	0.02009	0.01138	0.01339	0.00804	0.00603	0.00603	0.00201	0.00938	0.00469	0.00268	0.00938
17	0.00879	0.00648	0.00822	0.00778	0.00936	0.00591	0.00584	0.01161	0.01751	0.02438	0.64882	0.04913	0.14583	0.01336	0.00748	0.00201	0.00302	0.01172	0.00684	0.00591
18	0.01427	0.03065	0.67251	0.01741	0.02635	0.01420	0.02205	0.02115	0.01386	0.09101	0.01273	0.01420	0.00879	0.00621	0.00606	0.00200	0.00898	0.00485	0.00319	0.00952
19	0.01623	0.09109	0.03350	0.02281	0.02881	0.01583	0.54597	0.02081	0.01507	0.09245	0.01571	0.01863	0.03892	0.00603	0.00704	0.00204	0.00948	0.00721	0.00373	0.00861
20	0.02075	0.01817	0.01701	0.01421	0.01841	0.13809	0.01129	0.33281	0.30353	0.03065	0.01853	0.01795	0.01376	0.00783	0.00629	0.00196	0.00694	0.00602	0.00588	0.00993
21	0.82186	0.01227	0.00932	0.00834	0.01227	0.01423	0.00687	0.01865	0.01080	0.02846	0.00883	0.01031	0.00687	0.00589	0.00393	0.00196	0.00491	0.00344	0.00393	0.00687
22	0.01647	0.01456	0.02226	0.03111	0.52729	0.03557	0.01652	0.05364	0.07287	0.06247	0.03448	0.05597	0.01407	0.00705	0.00641	0.00194	0.00698	0.00656	0.00407	0.00969
23	0.01684	0.01415	0.01494	0.01312	0.01690	0.01628	0.01030	0.12065	0.63735	0.02825	0.02447	0.02259	0.01827	0.00848	0.00644	0.00212	0.00527	0.00699	0.00644	0.01014
24	0.00903	0.00676	0.00843	0.00812	0.00970	0.00633	0.00604	0.01245	0.05310	0.02366	0.55384	0.11203	0.13919	0.01374	0.00749	0.00207	0.00318	0.01207	0.00673	0.00604
25	0.05215	0.01104	0.01275	0.00938	0.01466	0.00861	0.00746	0.01621	0.01314	0.04216	0.01267	0.04868	0.01098	0.00556	0.00487	0.00110	0.00468	0.00449	0.00399	0.71544
26	0.01550	0.01487	0.02538	0.07817	0.69983	0.01502	0.01937	0.01929	0.01435	0.02048	0.01190	0.01577	0.00996	0.00569	0.00628	0.00190	0.00759	0.00565	0.00312	0.00989
27	0.02546	0.01561	0.01770	0.01357	0.01860	0.01647	0.01121	0.50412	0.02621	0.25729	0.01826	0.01720	0.01231	0.00769	0.00636	0.00192	0.00649	0.00592	0.00681	0.01079
28	0.01147	0.00746	0.00999	0.01068	0.01257	0.00714	0.00912	0.01415	0.01507	0.08697	0.07008	0.06414	0.14149	0.01618	0.00829	0.00267	0.00527	0.49494	0.00609	0.00624
29	0.01547	0.01682	0.03302	0.03046	0.26503	0.03703	0.46492	0.02019	0.01489	0.02032	0.01245	0.01648	0.00972	0.00548	0.00704	0.00204	0.00968	0.00678	0.00319	0.00901
30	0.10054	0.01478	0.01517	0.01284	0.01694	0.03733	0.01024	0.20573	0.39474	0.09167	0.02088	0.01964	0.01528	0.00795	0.00614	0.00204	0.00573	0.00627	0.00620	0.00990
31	0.01052	0.00704	0.00942	0.01060	0.01207	0.00704	0.00914	0.01345	0.01436	0.01986	0.03118	0.06260	0.03272	0.01563	0.00795	0.00265	0.00530	0.56591	0.15670	0.00585
32	0.35188	0.19082	0.01859	0.01150	0.01604	0.01660	0.06711	0.02263	0.12653	0.10361	0.01367	0.01422	0.01037	0.00639	0.00493	0.00187	0.00589	0.00468	0.00443	0.00825
33	0.65212	0.03517	0.01103	0.00896	0.01311	0.01366	0.00744	0.02091	0.01221	0.15886	0.01180	0.01237	0.00853	0.00623	0.00438	0.00194	0.00505	0.00397	0.00461	0.00763

[dist]
# distance from previous block
# <min> <max>
0	1

[block]
# block no. 2 follows, 35 sequences, length 18
# corresponding to MSA columns:
# 280-297
name=unknown_C
#
# <colnr> <probs for GDERKNQSTAVLIFYWHMCP>
#	G	D	E	R	K	N	Q	S	T	A	V	L	I	F	Y	W	H	M	C	P
0	0.01315	0.01128	0.01315	0.00940	0.01503	0.00846	0.00752	0.01597	0.01315	0.02067	0.01128	0.01315	0.00940	0.00470	0.00470	0.00094	0.00470	0.00376	0.00376	0.81583
1	0.00853	0.00647	0.00786	0.00751	0.00920	0.00579	0.00563	0.01110	0.01690	0.02292	0.53098	0.05153	0.26458	0.01391	0.00749	0.00204	0.00306	0.01205	0.00665	0.00579
2	0.00807	0.00607	0.00878	0.00968	0.01033	0.00567	0.03931	0.00938	0.01228	0.01639	0.03392	0.73726	0.04043	0.01919	0.00807	0.00256	0.00401	0.01754	0.00576	0.00531
3	0.01696	0.78087	0.03324	0.01085	0.01628	0.02510	0.01085	0.01900	0.01289	0.01493	0.00882	0.01018	0.00814	0.00543	0.00407	0.00136	0.00678	0.00339	0.00271	0.00814
4	0.01016	0.00675	0.00886	0.00818	0.00989	0.00619	0.00619	0.01312	0.01797	0.06905	0.69097	0.04582	0.05717	0.01266	0.00742	0.00199	0.00314	0.01116	0.00704	0.00628
5	0.01475	0.00733	0.00791	0.00718	0.00933	0.00728	0.00557	0.06448	0.01504	0.11497	0.02087	0.02282	0.01582	0.00746	0.00481	0.00157	0.00354	0.00596	0.65647	0.00686
6	0.01102	0.00551	0.00826	0.00826	0.00826	0.00551	0.00551	0.00826	0.00826	0.01102	0.01102	0.01928	0.01102	0.02204	0.02479	0.81543	0.00551	0.00551	0.00275	0.00275
7	0.02215	0.01604	0.01846	0.01459	0.01855	0.01834	0.01205	0.47009	0.05284	0.11059	0.01531	0.01599	0.01117	0.00840	0.00933	0.00210	0.16245	0.00581	0.00578	0.00997
8	0.01696	0.78087	0.03324	0.01085	0.01628	0.02510	0.01085	0.01900	0.01289	0.01493	0.00882	0.01018	0.00814	0.00543	0.00407	0.00136	0.00678	0.00339	0.00271	0.00814
9	0.01696	0.78087	0.03324	0.01085	0.01628	0.02510	0.01085	0.01900	0.01289	0.01493	0.00882	0.01018	0.00814	0.00543	0.00407	0.00136	0.00678	0.00339	0.00271	0.00814
10	0.78444	0.01220	0.00958	0.00848	0.01245	0.01400	0.00699	0.01923	0.01114	0.06211	0.00960	0.01084	0.00729	0.00598	0.00404	0.00196	0.00493	0.00357	0.00411	0.00706
11	0.01779	0.01463	0.01548	0.01332	0.01726	0.01672	0.01053	0.19850	0.55795	0.02978	0.02326	0.02163	0.01729	0.00837	0.00643	0.00209	0.00549	0.00682	0.00643	0.01022
12	0.01570	0.01507	0.02575	0.03894	0.73748	0.01507	0.01947	0.01947	0.01444	0.02073	0.01193	0.01570	0.01005	0.00565	0.00628	0.00188	0.00754	0.00565	0.00314	0.01005
13	0.01061	0.00684	0.00900	0.00826	0.01004	0.00626	0.00626	0.01355	0.01797	0.08530	0.67488	0.04523	0.05617	0.01254	0.00739	0.00199	0.00319	0.01105	0.00706	0.00639
14	0.00929	0.00625	0.00727	0.00737	0.00751	0.00629	0.00443	0.00957	0.00963	0.01285	0.02081	0.04296	0.02372	0.69832	0.05715	0.00608	0.00653	0.05598	0.00396	0.00405
15	0.00954	0.00702	0.00918	0.01014	0.01168	0.00676	0.00854	0.01205	0.01453	0.01870	0.08348	0.06645	0.18084	0.05306	0.00954	0.00286	0.00514	0.47903	0.00583	0.00566
16	0.02757	0.01060	0.01444	0.01114	0.01589	0.00917	0.00917	0.03005	0.01815	0.70906	0.05751	0.02277	0.01773	0.00809	0.00643	0.00196	0.00529	0.00661	0.00781	0.01058
17	0.20741	0.01589	0.01629	0.01288	0.01760	0.01765	0.01060	0.47877	0.06722	0.07282	0.01491	0.01494	0.01066	0.00729	0.00580	0.00194	0.00630	0.00531	0.00587	0.00984

[dist]
# distance from previous block
# <min> <max>
0	1

[block]
# block no. 3 follows, 35 sequences, length 118
# corresponding to MSA columns:
# 299-326,328-336,339-368,376-387,391-429
name=unknown_D
#
# <colnr> <probs for GDERKNQSTAVLIFYWHMCP>
#	G	D	E	R	K	N	Q	S	T	A	V	L	I	F	Y	W	H	M	C	P
0	0.05783	0.71790	0.05466	0.01096	0.01643	0.02422	0.01105	0.01901	0.01280	0.01578	0.00890	0.01029	0.00807	0.00547	0.00413	0.00141	0.00677	0.00344	0.00277	0.00812
1	0.01611	0.01585	0.02535	0.03779	0.70091	0.05260	0.01910	0.01977	0.01462	0.02046	0.01182	0.01548	0.00995	0.00570	0.00625	0.00187	0.00774	0.00557	0.00315	0.00991
2	0.01508	0.01452	0.02558	0.01977	0.02451	0.01461	0.36401	0.08907	0.16037	0.02322	0.01981	0.02906	0.01704	0.00864	0.00742	0.00227	0.00822	0.14356	0.00469	0.00853
3	0.01584	0.00800	0.01068	0.00914	0.01184	0.00716	0.00716	0.01864	0.01803	0.27760	0.48455	0.03831	0.04432	0.01117	0.00709	0.00198	0.00384	0.00968	0.00729	0.00768
4	0.01540	0.01477	0.02521	0.09727	0.68149	0.01499	0.01932	0.01921	0.01430	0.02036	0.01188	0.01580	0.00992	0.00571	0.00629	0.00190	0.00761	0.00565	0.00311	0.00981
5	0.01328	0.00673	0.00778	0.00747	0.00938	0.00640	0.00577	0.01596	0.01443	0.12295	0.08495	0.08615	0.05971	0.00998	0.00568	0.00180	0.00356	0.05450	0.47699	0.00651
6	0.01102	0.00551	0.00826	0.00826	0.00826	0.00551	0.00551	0.00826	0.00826	0.01102	0.01102	0.01928	0.01102	0.02204	0.02479	0.81543	0.00551	0.00551	0.00275	0.00275
7	0.01696	0.78087	0.03324	0.01085	0.01628	0.02510	0.01085	0.01900	0.01289	0.01493	0.00882	0.01018	0.00814	0.00543	0.00407	0.00136	0.00678	0.00339	0.00271	0.00814
8	0.00773	0.00552	0.00736	0.00883	0.00920	0.00515	0.00589	0.00883	0.01215	0.01619	0.03497	0.77291	0.04196	0.01987	0.00810	0.00258	0.00368	0.01803	0.00589	0.00515
9	0.08744	0.01126	0.01396	0.01098	0.01560	0.02877	0.00900	0.02879	0.03461	0.61447	0.02542	0.02253	0.05157	0.00811	0.00623	0.00197	0.00540	0.00647	0.00730	0.01011
10	0.02431	0.01649	0.01813	0.01400	0.01897	0.01790	0.01153	0.57500	0.06692	0.14495	0.01730	0.01666	0.01201	0.00771	0.00636	0.00193	0.00663	0.00589	0.00658	0.01075
11	0.02144	0.28134	0.02308	0.01451	0.01850	0.50856	0.01179	0.02321	0.01628	0.01533	0.00948	0.01102	0.00816	0.00617	0.00517	0.00154	0.00988	0.00385	0.00308	0.00762
12	0.01497	0.01711	0.03743	0.02674	0.03316	0.01604	0.71444	0.02032	0.01497	0.02032	0.01283	0.01711	0.00963	0.00535	0.00749	0.00214	0.01070	0.00749	0.00321	0.00856
13	0.01477	0.01156	0.01341	0.01151	0.01461	0.01250	0.03108	0.15828	0.27426	0.02840	0.26918	0.03005	0.03125	0.00975	0.00669	0.00200	0.00475	0.00831	0.05918	0.00846
14	0.00937	0.00684	0.00845	0.00878	0.01057	0.00627	0.00709	0.01175	0.01534	0.04022	0.20294	0.08128	0.30296	0.01574	0.00791	0.00238	0.00414	0.24598	0.00618	0.00581
15	0.01491	0.01691	0.03661	0.02615	0.03254	0.01578	0.69036	0.02017	0.01491	0.02033	0.01278	0.01698	0.00962	0.00533	0.00739	0.00210	0.01049	0.00736	0.00323	0.03605
16	0.00898	0.00648	0.00848	0.00798	0.00948	0.00599	0.00599	0.01197	0.01796	0.02544	0.73413	0.04739	0.05986	0.01297	0.00748	0.00200	0.00299	0.01147	0.00698	0.00599
17	0.02846	0.01080	0.01472	0.01129	0.01619	0.00932	0.00932	0.03092	0.01816	0.74187	0.02503	0.02159	0.01570	0.00785	0.00638	0.00196	0.00540	0.00638	0.00785	0.01080
18	0.05420	0.01206	0.01930	0.01447	0.01952	0.01085	0.16618	0.02723	0.01716	0.52184	0.05400	0.02135	0.01603	0.00745	0.00658	0.00200	0.00645	0.00675	0.00663	0.00993
19	0.01388	0.01388	0.01943	0.01666	0.01666	0.01943	0.01388	0.01527	0.00972	0.01527	0.00833	0.01388	0.00833	0.01110	0.02082	0.00278	0.76544	0.00555	0.00278	0.00694
20	0.01693	0.70263	0.05140	0.01200	0.01752	0.04375	0.04706	0.01926	0.01314	0.01535	0.00912	0.01065	0.00821	0.00547	0.00434	0.00142	0.00717	0.00365	0.00275	0.00817
21	0.11227	0.01252	0.01441	0.01138	0.01605	0.06974	0.00930	0.02916	0.01736	0.60756	0.02208	0.01958	0.01416	0.00754	0.00607	0.00194	0.00583	0.00588	0.00707	0.01010
22	0.01380	0.01145	0.01330	0.00973	0.01519	0.00907	0.00777	0.01783	0.07082	0.04165	0.01284	0.01424	0.01038	0.00510	0.00489	0.00107	0.00474	0.00411	0.00409	0.72792
23	0.00850	0.00647	0.00782	0.00748	0.00918	0.00578	0.00561	0.01105	0.01683	0.02276	0.51792	0.05180	0.27774	0.01397	0.00749	0.00204	0.00306	0.01209	0.00663	0.00578
24	0.01548	0.01485	0.02535	0.08145	0.69668	0.01502	0.01936	0.01928	0.01434	0.02046	0.01189	0.01577	0.00996	0.00569	0.00628	0.00190	0.00759	0.00565	0.00312	0.00987
25	0.01556	0.01340	0.01416	0.01275	0.01627	0.01547	0.00991	0.03302	0.70348	0.02650	0.04837	0.02442	0.02065	0.00875	0.00649	0.00215	0.00496	0.00731	0.00647	0.00991
26	0.01183	0.00591	0.00591	0.00591	0.00739	0.00591	0.00443	0.01478	0.01330	0.02365	0.02069	0.02365	0.01626	0.00739	0.00443	0.00148	0.00296	0.00591	0.81227	0.00591
27	0.01388	0.01388	0.01943	0.01666	0.01666	0.01943	0.01388	0.01527	0.00972	0.01527	0.00833	0.01388	0.00833	0.01110	0.02082	0.00278	0.76544	0.00555	0.00278	0.00694
28	0.01096	0.00564	0.00841	0.00852	0.00863	0.00564	0.00586	0.00863	0.00874	0.01161	0.01270	0.02317	0.01291	0.02170	0.02360	0.75508	0.00553	0.05671	0.00298	0.00298
29	0.00795	0.00644	0.00705	0.00690	0.00885	0.00555	0.00518	0.00998	0.01553	0.01968	0.26906	0.05687	0.52852	0.01512	0.00749	0.00210	0.00315	0.01280	0.00622	0.00555
30	0.01566	0.01520	0.02645	0.03820	0.69512	0.01513	0.06126	0.01952	0.01448	0.02070	0.01199	0.01579	0.01002	0.00563	0.00635	0.00190	0.00773	0.00576	0.00314	0.00996
31	0.42162	0.01199	0.01233	0.01005	0.01448	0.01245	0.00829	0.07065	0.01529	0.34118	0.01634	0.01557	0.01099	0.00686	0.00516	0.00196	0.00526	0.00487	0.00580	0.00885
32	0.04480	0.01357	0.01489	0.01149	0.01651	0.01320	0.00925	0.21377	0.15733	0.02745	0.01514	0.01569	0.01165	0.00631	0.00547	0.00148	0.00540	0.00496	0.00501	0.40663
33	0.02152	0.02491	0.01695	0.01518	0.01860	0.51249	0.01155	0.07918	0.17049	0.02009	0.03881	0.01560	0.01256	0.00729	0.00599	0.00178	0.00943	0.00513	0.00431	0.00814
34	0.00906	0.00680	0.01020	0.01020	0.01133	0.00793	0.00793	0.01133	0.01020	0.01473	0.01699	0.02492	0.01586	0.04758	0.75191	0.01020	0.01699	0.00680	0.00340	0.00566
35	0.02128	0.01637	0.01707	0.01388	0.01833	0.04506	0.01119	0.40649	0.28286	0.06992	0.01939	0.01849	0.01407	0.00795	0.00636	0.00199	0.00635	0.00622	0.00635	0.01039
36	0.01183	0.00591	0.00591	0.00591	0.00739	0.00591	0.00443	0.01478	0.01330	0.02365	0.02069	0.02365	0.01626	0.00739	0.00443	0.00148	0.00296	0.00591	0.81227	0.00591
37	0.00773	0.00552	0.00736	0.00883	0.00920	0.00515	0.00589	0.00883	0.01215	0.01619	0.03497	0.77291	0.04196	0.01987	0.00810	0.00258	0.00368	0.01803	0.00589	0.00515
38	0.01022	0.00730	0.01022	0.01168	0.01314	0.00730	0.01022	0.01314	0.01460	0.01899	0.03359	0.07156	0.03651	0.01752	0.00876	0.00292	0.00584	0.69478	0.00584	0.00584
39	0.01578	0.01363	0.01434	0.01291	0.01650	0.01578	0.01004	0.03371	0.72602	0.02654	0.02582	0.02367	0.01937	0.00861	0.00646	0.00215	0.00502	0.00717	0.00646	0.01004
40	0.74449	0.01223	0.00983	0.00869	0.01266	0.01400	0.00713	0.01994	0.03794	0.07090	0.01043	0.01148	0.00786	0.00611	0.00417	0.00197	0.00494	0.00375	0.00425	0.00722
41	0.02412	0.01777	0.01904	0.01460	0.01967	0.01967	0.01206	0.71633	0.02983	0.03998	0.01523	0.01523	0.01079	0.00762	0.00635	0.00190	0.00698	0.00571	0.00635	0.01079
42	0.01102	0.00551	0.00826	0.00826	0.00826	0.00551	0.00551	0.00826	0.00826	0.01102	0.01102	0.01928	0.01102	0.02204	0.02479	0.81543	0.00551	0.00551	0.00275	0.00275
43	0.01696	0.78087	0.03324	0.01085	0.01628	0.02510	0.01085	0.01900	0.01289	0.01493	0.00882	0.01018	0.00814	0.00543	0.00407	0.00136	0.00678	0.00339	0.00271	0.00814
44	0.01570	0.01507	0.02575	0.03894	0.73748	0.01507	0.01947	0.01947	0.01444	0.02073	0.01193	0.01570	0.01005	0.00565	0.00628	0.00188	0.00754	0.00565	0.00314	0.01005
45	0.01578	0.01363	0.01434	0.01291	0.01650	0.01578	0.01004	0.03371	0.72602	0.02654	0.02582	0.02367	0.01937	0.00861	0.00646	0.00215	0.00502	0.00717	0.00646	0.01004
46	0.00772	0.00555	0.00733	0.00874	0.00918	0.00516	0.00585	0.00884	0.01223	0.01623	0.03606	0.74633	0.06784	0.01973	0.00807	0.00256	0.00366	0.01786	0.00589	0.00516
47	0.01548	0.01485	0.02536	0.08125	0.69687	0.01502	0.01936	0.01928	0.01434	0.02046	0.01189	0.01577	0.00996	0.00569	0.00628	0.00190	0.00759	0.00565	0.00312	0.00987
48	0.01144	0.00777	0.00854	0.00844	0.00866	0.00746	0.00487	0.01087	0.01064	0.01441	0.02179	0.04347	0.02459	0.75220	0.03228	0.00639	0.00683	0.00976	0.00455	0.00503
49	0.01102	0.00551	0.00826	0.00826	0.00826	0.00551	0.00551	0.00826	0.00826	0.01102	0.01102	0.01928	0.01102	0.02204	0.02479	0.81543	0.00551	0.00551	0.00275	0.00275
50	0.01696	0.78087	0.03324	0.01085	0.01628	0.02510	0.01085	0.01900	0.01289	0.01493	0.00882	0.01018	0.00814	0.00543	0.00407	0.00136	0.00678	0.00339	0.00271	0.00814
51	0.01384	0.01125	0.01242	0.01179	0.01451	0.01258	0.00899	0.02650	0.49786	0.04208	0.02843	0.21417	0.02568	0.01180	0.00696	0.00229	0.00473	0.03913	0.00632	0.00865
52	0.01198	0.01128	0.01903	0.76180	0.04369	0.01409	0.01762	0.01621	0.01268	0.01621	0.01128	0.01691	0.00846	0.00634	0.00634	0.00211	0.00846	0.00564	0.00282	0.00705
53	0.02070	0.01682	0.01899	0.01510	0.01975	0.04307	0.06810	0.41880	0.25038	0.03327	0.01823	0.01795	0.01334	0.00771	0.00645	0.00199	0.00681	0.00627	0.00602	0.01025
54	0.01808	0.01264	0.01528	0.01128	0.01667	0.02955	0.03732	0.09906	0.01634	0.17999	0.01475	0.01535	0.01091	0.00579	0.00539	0.00134	0.00553	0.00471	0.00491	0.49512
55	0.01938	0.02222	0.02101	0.02022	0.12810	0.38446	0.11802	0.05703	0.05399	0.01976	0.08188	0.01723	0.01439	0.00701	0.00631	0.00182	0.00937	0.00579	0.00392	0.00811
56	0.01315	0.01128	0.01315	0.00940	0.01503	0.00846	0.00752	0.01597	0.01315	0.02067	0.01128	0.01315	0.00940	0.00470	0.00470	0.00094	0.00470	0.00376	0.00376	0.81583
57	0.01200	0.00814	0.00982	0.01018	0.01226	0.03114	0.00846	0.01437	0.01499	0.10631	0.04042	0.09448	0.22867	0.01569	0.00799	0.00253	0.00513	0.36507	0.00602	0.00633
58	0.00954	0.00688	0.00938	0.01076	0.01191	0.00682	0.00876	0.01227	0.03370	0.01826	0.03383	0.30613	0.03786	0.01807	0.00847	0.00278	0.00509	0.44789	0.00587	0.00573
59	0.01886	0.01443	0.01723	0.01413	0.01839	0.01582	0.06719	0.20014	0.40448	0.10172	0.04281	0.02154	0.01728	0.00815	0.00653	0.00207	0.00594	0.00688	0.00632	0.01006
60	0.00790	0.00636	0.00682	0.00706	0.00873	0.00555	0.00516	0.00935	0.01364	0.01660	0.05428	0.12973	0.53922	0.10458	0.01051	0.00270	0.00377	0.05721	0.00565	0.00519
61	0.02155	0.02630	0.02121	0.01790	0.02180	0.54521	0.13781	0.04287	0.07146	0.01785	0.01170	0.01348	0.00935	0.00651	0.00611	0.00177	0.01070	0.00497	0.00358	0.00786
62	0.00773	0.00552	0.00736	0.00883	0.00920	0.00515	0.00589	0.00883	0.01215	0.01619	0.03497	0.77291	0.04196	0.01987	0.00810	0.00258	0.00368	0.01803	0.00589	0.00515
63	0.01410	0.01181	0.01354	0.00989	0.01531	0.00963	0.00793	0.08341	0.03405	0.02257	0.01374	0.01517	0.03302	0.00545	0.00499	0.00110	0.00488	0.00435	0.00415	0.69092
64	0.01272	0.03281	0.74418	0.01808	0.02746	0.01473	0.02344	0.02009	0.01339	0.02009	0.01138	0.01339	0.00804	0.00603	0.00603	0.00201	0.00938	0.00469	0.00268	0.00938
65	0.01198	0.01128	0.01903	0.76180	0.04369	0.01409	0.01762	0.01621	0.01268	0.01621	0.01128	0.01691	0.00846	0.00634	0.00634	0.00211	0.00846	0.00564	0.00282	0.00705
66	0.01208	0.00607	0.00630	0.00618	0.00774	0.00601	0.00465	0.01503	0.01371	0.04226	0.06414	0.02504	0.01889	0.00774	0.00467	0.00152	0.00302	0.00626	0.74263	0.00604
67	0.00906	0.00680	0.01020	0.01020	0.01133	0.00793	0.00793	0.01133	0.01020	0.01473	0.01699	0.02492	0.01586	0.04758	0.75191	0.01020	0.01699	0.00680	0.00340	0.00566
68	0.04711	0.00669	0.00675	0.00652	0.00832	0.00680	0.00496	0.01636	0.04240	0.05270	0.02057	0.02300	0.01596	0.00740	0.00457	0.00155	0.00322	0.00588	0.71291	0.00632
69	0.02714	0.01079	0.01449	0.01125	0.01598	0.00954	0.00924	0.03040	0.05421	0.68054	0.04970	0.02259	0.01742	0.00807	0.00642	0.00197	0.00530	0.00660	0.00775	0.01059
70	0.01784	0.72188	0.03182	0.01089	0.01628	0.02389	0.01074	0.01991	0.01329	0.07061	0.01006	0.01105	0.00872	0.00561	0.00425	0.00140	0.00668	0.00362	0.00311	0.00834
71	0.00894	0.00648	0.00843	0.00794	0.00945	0.00597	0.00596	0.01190	0.01787	0.02523	0.71701	0.04774	0.07711	0.01305	0.00748	0.00200	0.00300	0.01152	0.00696	0.00597
72	0.01667	0.73004	0.08155	0.01135	0.01704	0.02440	0.01171	0.01907	0.01292	0.01528	0.00899	0.01039	0.00813	0.00547	0.00420	0.00140	0.00696	0.00348	0.00271	0.00822
73	0.00907	0.00675	0.00996	0.00996	0.01101	0.00780	0.00764	0.01118	0.01013	0.01455	0.01721	0.02611	0.01638	0.09998	0.70022	0.00990	0.01621	0.00697	0.00343	0.00553
74	0.01315	0.01128	0.01315	0.00940	0.01503	0.00846	0.00752	0.01597	0.01315	0.02067	0.01128	0.01315	0.00940	0.00470	0.00470	0.00094	0.00470	0.00376	0.00376	0.81583
75	0.01022	0.00730	0.01022	0.01168	0.01314	0.00730	0.01022	0.01314	0.01460	0.01899	0.03359	0.07156	0.03651	0.01752	0.00876	0.00292	0.00584	0.69478	0.00584	0.00584
76	0.02846	0.01080	0.01472	0.01129	0.01619	0.00932	0.00932	0.03092	0.01816	0.74187	0.02503	0.02159	0.01570	0.00785	0.00638	0.00196	0.00540	0.00638	0.00785	0.01080
77	0.00960	0.00662	0.00868	0.00809	0.00969	0.00609	0.00609	0.01258	0.01796	0.04837	0.71144	0.04656	0.05844	0.01281	0.00745	0.00199	0.00307	0.01131	0.00701	0.00614
78	0.00898	0.00648	0.00848	0.00798	0.00948	0.00599	0.00599	0.01197	0.01796	0.02544	0.73413	0.04739	0.05986	0.01297	0.00748	0.00200	0.00299	0.01147	0.00698	0.00599
79	0.78722	0.01202	0.00920	0.00826	0.01211	0.01385	0.00678	0.01824	0.01095	0.02798	0.01119	0.01246	0.03784	0.00632	0.00408	0.00197	0.00484	0.00386	0.00401	0.00681
80	0.01578	0.01363	0.01434	0.01291	0.01650	0.01578	0.01004	0.03371	0.72602	0.02654	0.02582	0.02367	0.01937	0.00861	0.00646	0.00215	0.00502	0.00717	0.00646	0.01004
81	0.02846	0.01080	0.01472	0.01129	0.01619	0.00932	0.00932	0.03092	0.01816	0.74187	0.02503	0.02159	0.01570	0.00785	0.00638	0.00196	0.00540	0.00638	0.00785	0.01080
82	0.60046	0.08938	0.01325	0.00994	0.01398	0.11163	0.00821	0.05400	0.01287	0.02603	0.00927	0.01068	0.00736	0.00601	0.00429	0.00186	0.00604	0.00363	0.00384	0.00725
83	0.01258	0.01224	0.01897	0.72383	0.04247	0.05167	0.01734	0.01667	0.01295	0.01617	0.01120	0.01663	0.00844	0.00635	0.00631	0.00209	0.00861	0.00556	0.00284	0.00706
84	0.45419	0.01395	0.03472	0.01278	0.01622	0.01582	0.07857	0.07763	0.01260	0.02508	0.00978	0.01249	0.00793	0.00754	0.00879	0.02229	0.17394	0.00458	0.00375	0.00735
85	0.00787	0.00595	0.00727	0.00799	0.00906	0.00535	0.00559	0.00943	0.01379	0.01800	0.15919	0.44383	0.24847	0.01761	0.00782	0.00235	0.00343	0.01558	0.00607	0.00535
86	0.00823	0.00644	0.00681	0.00700	0.00881	0.00570	0.00514	0.01040	0.03488	0.01808	0.06979	0.17358	0.51402	0.01556	0.00727	0.00215	0.00331	0.01320	0.08409	0.00553
87	0.00840	0.00640	0.00772	0.00752	0.00916	0.00572	0.00559	0.01080	0.01639	0.02204	0.46291	0.10265	0.28266	0.01448	0.00753	0.00208	0.00311	0.01257	0.00654	0.00572
88	0.00906	0.00680	0.01020	0.01020	0.01133	0.00793	0.00793	0.01133	0.01020	0.01473	0.01699	0.02492	0.01586	0.04758	0.75191	0.01020	0.01699	0.00680	0.00340	0.00566
89	0.01808	0.01691	0.02858	0.02108	0.02661	0.01732	0.39341	0.25432	0.08873	0.02737	0.01478	0.01704	0.01093	0.00657	0.00734	0.00208	0.02807	0.00681	0.00456	0.00941
90	0.00773	0.00552	0.00736	0.00883	0.00920	0.00515	0.00589	0.00883	0.01215	0.01619	0.03497	0.77291	0.04196	0.01987	0.00810	0.00258	0.00368	0.01803	0.00589	0.00515
91	0.01322	0.09993	0.64332	0.01787	0.02674	0.01574	0.05780	0.02000	0.01343	0.01963	0.01123	0.01329	0.00813	0.00594	0.00592	0.00196	0.00921	0.00471	0.00271	0.00922
92	0.51541	0.01853	0.01270	0.01133	0.01509	0.26007	0.00893	0.05642	0.01416	0.02474	0.00948	0.01093	0.00750	0.00619	0.00465	0.00185	0.00719	0.00377	0.00383	0.00723
93	0.03995	0.01543	0.02303	0.06347	0.34203	0.01625	0.08927	0.18027	0.11922	0.02589	0.01464	0.01679	0.01133	0.00653	0.00638	0.00197	0.00736	0.00601	0.00436	0.00982
94	0.01315	0.01128	0.01315	0.00940	0.01503	0.00846	0.00752	0.01597	0.01315	0.02067	0.01128	0.01315	0.00940	0.00470	0.00470	0.00094	0.00470	0.00376	0.00376	0.81583
95	0.01676	0.01489	0.02352	0.10921	0.02571	0.04458	0.25659	0.02488	0.22423	0.10888	0.01750	0.01910	0.01294	0.00720	0.00782	0.00215	0.06372	0.00676	0.00465	0.00892
96	0.01295	0.03126	0.67443	0.01894	0.02802	0.01486	0.09164	0.02011	0.01355	0.02011	0.01153	0.01376	0.00819	0.00596	0.00617	0.00202	0.00951	0.00496	0.00273	0.00929
97	0.00922	0.00643	0.00833	0.00833	0.00886	0.00692	0.00565	0.01030	0.00976	0.01367	0.01869	0.03376	0.01972	0.43670	0.34705	0.00780	0.01082	0.00807	0.02521	0.00470
98	0.01551	0.01482	0.02492	0.07466	0.67146	0.01505	0.01897	0.01991	0.04462	0.02074	0.01249	0.01610	0.01036	0.00581	0.00629	0.00191	0.00748	0.00572	0.00326	0.00990
99	0.01270	0.01201	0.01998	0.54604	0.08790	0.01387	0.06824	0.01770	0.05684	0.01796	0.02988	0.01777	0.01063	0.00642	0.00636	0.00203	0.00799	0.00590	0.00325	0.05654
100	0.04470	0.00937	0.01554	0.01293	0.01575	0.00889	0.18599	0.01342	0.01464	0.02019	0.19801	0.12862	0.17745	0.01527	0.06756	0.00285	0.00645	0.05077	0.00518	0.00641
101	0.01342	0.15658	0.62656	0.01689	0.02561	0.01645	0.02136	0.01991	0.01331	0.01924	0.01096	0.01286	0.00805	0.00593	0.00570	0.00190	0.00895	0.00447	0.00268	0.00917
102	0.02176	0.01610	0.01742	0.01382	0.01826	0.01774	0.01122	0.60107	0.05729	0.03651	0.01809	0.10792	0.01495	0.00915	0.00656	0.00200	0.00650	0.00728	0.00630	0.01007
103	0.01487	0.01327	0.01434	0.04871	0.01725	0.06514	0.00879	0.07962	0.01499	0.02180	0.01152	0.01341	0.00938	0.00518	0.00501	0.00114	0.00560	0.00405	0.00391	0.64202
104	0.00773	0.00552	0.00736	0.00883	0.00920	0.00515	0.00589	0.00883	0.01215	0.01619	0.03497	0.77291	0.04196	0.01987	0.00810	0.00258	0.00368	0.01803	0.00589	0.00515
105	0.01570	0.01507	0.02575	0.03894	0.73748	0.01507	0.01947	0.01947	0.01444	0.02073	0.01193	0.01570	0.01005	0.00565	0.00628	0.00188	0.00754	0.00565	0.00314	0.01005
106	0.00933	0.00719	0.01071	0.01056	0.01163	0.00858	0.00826	0.01155	0.01017	0.01476	0.01651	0.02430	0.01544	0.04553	0.71087	0.00978	0.05901	0.00673	0.00336	0.00574
107	0.01497	0.01711	0.03743	0.02674	0.03316	0.01604	0.71444	0.02032	0.01497	0.02032	0.01283	0.01711	0.00963	0.00535	0.00749	0.00214	0.01070	0.00749	0.00321	0.00856
108	0.01309	0.01274	0.01791	0.01561	0.01576	0.01756	0.01289	0.01458	0.00985	0.01523	0.01025	0.03995	0.01034	0.01583	0.10950	0.00367	0.64942	0.00611	0.00295	0.00673
109	0.01198	0.01128	0.01903	0.76180	0.04369	0.01409	0.01762	0.01621	0.01268	0.01621	0.01128	0.01691	0.00846	0.00634	0.00634	0.00211	0.00846	0.00564	0.00282	0.00705
110	0.01382	0.00765	0.00808	0.00756	0.00968	0.00791	0.00580	0.01937	0.13886	0.08032	0.02193	0.02349	0.01676	0.00764	0.00494	0.00163	0.00351	0.00617	0.60785	0.00702
111	0.00832	0.00643	0.00759	0.00736	0.00909	0.00570	0.00550	0.01069	0.01633	0.02171	0.43468	0.07342	0.34139	0.01446	0.00751	0.00207	0.00310	0.01246	0.00650	0.00570
112	0.02704	0.01309	0.01614	0.01237	0.01734	0.01272	0.01022	0.25596	0.02199	0.51141	0.02181	0.01950	0.01409	0.00777	0.00637	0.00194	0.00592	0.00616	0.00736	0.01079
113	0.00766	0.00643	0.00665	0.00660	0.00867	0.00542	0.00495	0.00942	0.01484	0.01804	0.13737	0.05956	0.66124	0.01573	0.00750	0.00213	0.00319	0.01318	0.00601	0.00542
114	0.00927	0.00620	0.00706	0.00712	0.00718	0.00620	0.00412	0.00939	0.00945	0.01258	0.02057	0.04279	0.02364	0.74474	0.03129	0.00601	0.00614	0.03839	0.00393	0.00393
115	0.01370	0.01262	0.02068	0.55403	0.16616	0.01477	0.03418	0.07339	0.01444	0.01904	0.01175	0.01656	0.00896	0.00630	0.00636	0.00206	0.00823	0.00569	0.00317	0.00792
116	0.01719	0.75479	0.03271	0.01105	0.01640	0.05034	0.01090	0.01922	0.01307	0.01495	0.00885	0.01022	0.00814	0.00547	0.00413	0.00137	0.00695	0.00342	0.00273	0.00811
117	0.01526	0.01445	0.02450	0.03674	0.67902	0.01445	0.01872	0.01896	0.01446	0.02058	0.01368	0.02021	0.01218	0.00661	0.00648	0.00197	0.00740	0.06126	0.00336	0.00971

[dist]
# distance from previous block
# <min> <max>
0	1

[block]
# block no. 4 follows, 35 sequences, length 23
# corresponding to MSA columns:
# 431-453
name=unknown_E
#
# <colnr> <probs for GDERKNQSTAVLIFYWHMCP>
#	G	D	E	R	K	N	Q	S	T	A	V	L	I	F	Y	W	H	M	C	P
0	0.01672	0.01803	0.05914	0.03247	0.53840	0.12221	0.01784	0.02153	0.07378	0.02042	0.01275	0.01563	0.01045	0.00604	0.00620	0.00188	0.00799	0.00550	0.00341	0.00962
1	0.01650	0.01690	0.02597	0.03538	0.59545	0.09492	0.08212	0.02018	0.01488	0.02013	0.01178	0.01537	0.00981	0.00572	0.00633	0.00188	0.00825	0.00565	0.00316	0.00962
2	0.03610	0.01365	0.06093	0.01527	0.04234	0.01228	0.15351	0.12847	0.04775	0.19589	0.13560	0.02654	0.08536	0.00867	0.00680	0.00202	0.00641	0.00779	0.00576	0.00885
3	0.01315	0.01128	0.01315	0.00940	0.01503	0.00846	0.00752	0.01597	0.01315	0.02067	0.01128	0.01315	0.00940	0.00470	0.00470	0.00094	0.00470	0.00376	0.00376	0.81583
4	0.01644	0.01357	0.01417	0.01266	0.01621	0.03626	0.00985	0.03218	0.62592	0.06986	0.06161	0.02440	0.02089	0.00872	0.00648	0.00212	0.00513	0.00725	0.00647	0.00980
5	0.82186	0.01227	0.00932	0.00834	0.01227	0.01423	0.00687	0.01865	0.01080	0.02846	0.00883	0.01031	0.00687	0.00589	0.00393	0.00196	0.00491	0.00344	0.00393	0.00687
6	0.00922	0.00651	0.00876	0.00876	0.00946	0.00716	0.00620	0.01062	0.00992	0.01408	0.01830	0.03140	0.01870	0.33290	0.44322	0.00830	0.01225	0.00772	0.03155	0.00496
7	0.02846	0.01080	0.01472	0.01129	0.01619	0.00932	0.00932	0.03092	0.01816	0.74187	0.02503	0.02159	0.01570	0.00785	0.00638	0.00196	0.00540	0.00638	0.00785	0.01080
8	0.00790	0.00584	0.00738	0.00826	0.00913	0.00533	0.00571	0.00940	0.01353	0.01790	0.15649	0.52444	0.16937	0.01804	0.00789	0.00240	0.00348	0.01611	0.00607	0.00533
9	0.82186	0.01227	0.00932	0.00834	0.01227	0.01423	0.00687	0.01865	0.01080	0.02846	0.00883	0.01031	0.00687	0.00589	0.00393	0.00196	0.00491	0.00344	0.00393	0.00687
10	0.02412	0.01777	0.01904	0.01460	0.01967	0.01967	0.01206	0.71633	0.02983	0.03998	0.01523	0.01523	0.01079	0.00762	0.00635	0.00190	0.00698	0.00571	0.00635	0.01079
11	0.00954	0.00758	0.00871	0.00823	0.01027	0.00730	0.00623	0.01440	0.12726	0.02283	0.39957	0.04826	0.27932	0.01332	0.00733	0.00207	0.00338	0.01144	0.00654	0.00641
12	0.01272	0.03281	0.74418	0.01808	0.02746	0.01473	0.02344	0.02009	0.01339	0.02009	0.01138	0.01339	0.00804	0.00603	0.00603	0.00201	0.00938	0.00469	0.00268	0.00938
13	0.82186	0.01227	0.00932	0.00834	0.01227	0.01423	0.00687	0.01865	0.01080	0.02846	0.00883	0.01031	0.00687	0.00589	0.00393	0.00196	0.00491	0.00344	0.00393	0.00687
14	0.01198	0.01128	0.01903	0.76180	0.04369	0.01409	0.01762	0.01621	0.01268	0.01621	0.01128	0.01691	0.00846	0.00634	0.00634	0.00211	0.00846	0.00564	0.00282	0.00705
15	0.00898	0.00648	0.00848	0.00798	0.00948	0.00599	0.00599	0.01197	0.01796	0.02544	0.73413	0.04739	0.05986	0.01297	0.00748	0.00200	0.00299	0.01147	0.00698	0.00599
16	0.02668	0.01040	0.01415	0.01099	0.01558	0.00902	0.00902	0.02919	0.01814	0.67648	0.08975	0.02395	0.01973	0.00832	0.00648	0.00197	0.00518	0.00684	0.00777	0.01036
17	0.00759	0.00635	0.00661	0.00672	0.00867	0.00537	0.00497	0.00921	0.01441	0.01744	0.09321	0.12538	0.63979	0.01627	0.00755	0.00217	0.00325	0.01372	0.00594	0.00537
18	0.01487	0.01642	0.03356	0.02628	0.09487	0.01648	0.54170	0.01945	0.01410	0.01957	0.01205	0.01648	0.00946	0.00627	0.00946	0.00222	0.12816	0.00702	0.00313	0.00844
19	0.00981	0.00790	0.01164	0.01120	0.01216	0.00972	0.00886	0.01194	0.01012	0.01481	0.01564	0.02320	0.01468	0.04189	0.63784	0.00904	0.13377	0.00660	0.00330	0.00586
20	0.00957	0.00641	0.00845	0.00840	0.00973	0.00590	0.00612	0.01197	0.01623	0.05805	0.49039	0.26272	0.05233	0.01478	0.00761	0.00217	0.00332	0.01318	0.00670	0.00597
21	0.02154	0.02455	0.01758	0.01549	0.01884	0.50877	0.03427	0.05637	0.08968	0.05384	0.01537	0.01631	0.04870	0.00755	0.00672	0.00181	0.04542	0.00526	0.00407	0.00787
22	0.01272	0.01098	0.01365	0.01023	0.01525	0.00867	0.03928	0.01596	0.03645	0.02035	0.01445	0.09797	0.01335	0.00654	0.00526	0.00121	0.00487	0.00562	0.00406	0.66314

[dist]
# distance from previous block
# <min> <max>
1	3

[block]
# block no. 5 follows, 35 sequences, length 11
# corresponding to MSA columns:
# 457-467
name=unknown_F
#
# <colnr> <probs for GDERKNQSTAVLIFYWHMCP>
#	G	D	E	R	K	N	Q	S	T	A	V	L	I	F	Y	W	H	M	C	P
0	0.01626	0.01525	0.02530	0.03731	0.68948	0.01538	0.01897	0.06607	0.01547	0.02201	0.01215	0.01567	0.01010	0.00578	0.00628	0.00189	0.00750	0.00566	0.00335	0.01010
1	0.01661	0.62208	0.14744	0.01230	0.01826	0.06003	0.01296	0.01949	0.01323	0.01579	0.00928	0.01076	0.00813	0.00558	0.00447	0.00148	0.00744	0.00364	0.00274	0.00830
2	0.02250	0.02843	0.02065	0.01777	0.02147	0.65059	0.10867	0.02464	0.01757	0.01618	0.01022	0.01222	0.00837	0.00637	0.00596	0.00170	0.01134	0.00455	0.00326	0.00752
3	0.00902	0.00606	0.00698	0.00718	0.00723	0.00601	0.00412	0.00917	0.00963	0.01284	0.02204	0.14194	0.02566	0.67309	0.02897	0.00566	0.00581	0.01043	0.00412	0.00402
4	0.01549	0.01300	0.01405	0.01284	0.01622	0.01484	0.01018	0.06990	0.58855	0.02627	0.02628	0.02976	0.02123	0.00977	0.00677	0.00224	0.00525	0.10150	0.00636	0.00951
5	0.00923	0.00615	0.00692	0.00692	0.00692	0.00615	0.00384	0.00923	0.00923	0.01230	0.01999	0.04151	0.02306	0.77705	0.03229	0.00615	0.00615	0.00923	0.00384	0.00384
6	0.01570	0.01507	0.02575	0.03894	0.73748	0.01507	0.01947	0.01947	0.01444	0.02073	0.01193	0.01570	0.01005	0.00565	0.00628	0.00188	0.00754	0.00565	0.00314	0.01005
7	0.01183	0.00591	0.00591	0.00591	0.00739	0.00591	0.00443	0.01478	0.01330	0.02365	0.02069	0.02365	0.01626	0.00739	0.00443	0.00148	0.00296	0.00591	0.81227	0.00591
8	0.01388	0.01388	0.01943	0.01666	0.01666	0.01943	0.01388	0.01527	0.00972	0.01527	0.00833	0.01388	0.00833	0.01110	0.02082	0.00278	0.76544	0.00555	0.00278	0.00694
9	0.01198	0.01128	0.01903	0.76180	0.04369	0.01409	0.01762	0.01621	0.01268	0.01621	0.01128	0.01691	0.00846	0.00634	0.00634	0.00211	0.00846	0.00564	0.00282	0.00705
10	0.01893	0.01400	0.01535	0.01255	0.01646	0.01525	0.01008	0.39068	0.16358	0.05722	0.14186	0.04997	0.04673	0.00943	0.00666	0.00200	0.00562	0.00768	0.00650	0.00945

[dist]
# distance from previous block
# <min> <max>
0	2

[block]
# block no. 6 follows, 35 sequences, length 101
# corresponding to MSA columns:
