[name]
unknown

[dist]
# distance from previous block
# <min> <max>
0	33

[block]
# block no. 0 follows, 32 sequences, length 17
# corresponding to MSA columns:
# 116-132
name=unknown_A
#
# <colnr> <probs for GDERKNQSTAVLIFYWHMCP>
#	G	D	E	R	K	N	Q	S	T	A	V	L	I	F	Y	W	H	M	C	P
0	0.02391	0.01177	0.01481	0.01215	0.01634	0.01136	0.00989	0.12228	0.07861	0.41451	0.05692	0.03050	0.02124	0.06048	0.00892	0.00249	0.00590	0.08045	0.00740	0.01005
1	0.02014	0.01989	0.02191	0.08799	0.25659	0.19014	0.01588	0.17053	0.06791	0.02475	0.01361	0.01602	0.01077	0.00724	0.00734	0.00202	0.04762	0.00570	0.00429	0.00967
2	0.01765	0.01707	0.01621	0.01577	0.06494	0.13647	0.01141	0.03187	0.51360	0.02522	0.02551	0.02427	0.05250	0.00892	0.00674	0.00216	0.00653	0.00726	0.00600	0.00990
3	0.75423	0.01286	0.01028	0.00905	0.01328	0.01467	0.00746	0.02068	0.01199	0.08125	0.01060	0.01178	0.00795	0.00638	0.00434	0.00208	0.00523	0.00386	0.00446	0.00757
4	0.00852	0.00620	0.00792	0.00915	0.00988	0.00578	0.00637	0.00986	0.01321	0.01725	0.03982	0.54626	0.13261	0.07482	0.01043	0.00298	0.00425	0.08317	0.00607	0.00545
5	0.00834	0.00594	0.00785	0.00919	0.00964	0.00556	0.00614	0.00959	0.01313	0.01762	0.08325	0.67882	0.04479	0.05382	0.00967	0.00285	0.00396	0.01818	0.00621	0.00545
6	0.00969	0.00753	0.00848	0.00821	0.00993	0.00718	0.00590	0.01331	0.08800	0.02090	0.25682	0.07561	0.28723	0.15674	0.01280	0.00304	0.00413	0.01217	0.00624	0.00608
7	0.01153	0.00769	0.00932	0.00891	0.01100	0.00713	0.00667	0.01505	0.06770	0.09613	0.30028	0.17440	0.22856	0.01498	0.00783	0.00227	0.00378	0.01301	0.00693	0.00684
8	0.02039	0.01517	0.01654	0.01370	0.01799	0.01678	0.01097	0.29871	0.31890	0.08179	0.09510	0.02394	0.02107	0.00911	0.00689	0.00214	0.00594	0.00739	0.00694	0.01054
9	0.02041	0.02394	0.01902	0.01763	0.05396	0.44001	0.04330	0.02258	0.01681	0.01822	0.06315	0.01671	0.01343	0.00822	0.00903	0.00200	0.14108	0.00554	0.05726	0.00769
10	0.07274	0.01049	0.01210	0.00993	0.01405	0.00910	0.00766	0.01794	0.06213	0.09100	0.04661	0.14792	0.04830	0.03704	0.00712	0.00186	0.00482	0.00798	0.00521	0.38598
11	0.08164	0.01530	0.01878	0.01987	0.18985	0.06026	0.01297	0.11817	0.10318	0.28185	0.01952	0.01912	0.01373	0.00756	0.00649	0.00205	0.00681	0.00618	0.00608	0.01059
12	0.01715	0.01753	0.02695	0.11171	0.44124	0.09168	0.11350	0.03962	0.01585	0.02117	0.01243	0.01641	0.01015	0.00633	0.00720	0.00206	0.02985	0.00607	0.00339	0.00970
13	0.01124	0.00734	0.00904	0.00903	0.01068	0.00689	0.00661	0.01366	0.04022	0.08858	0.14833	0.22247	0.18978	0.11874	0.03774	0.00327	0.00491	0.05890	0.00625	0.00630
14	0.16685	0.01451	0.05278	0.01725	0.11124	0.01495	0.03754	0.09086	0.04112	0.12704	0.07554	0.02075	0.01620	0.01017	0.03519	0.00255	0.13138	0.02017	0.00501	0.00892
15	0.04065	0.01545	0.02183	0.10647	0.24536	0.06475	0.06476	0.09245	0.01691	0.11706	0.01667	0.01994	0.03682	0.00827	0.00854	0.02937	0.06254	0.01842	0.00446	0.00929
16	0.03125	0.00990	0.01117	0.01053	0.01283	0.01031	0.00783	0.11516	0.14606	0.04935	0.08783	0.27154	0.10315	0.06308	0.00923	0.00261	0.00479	0.01216	0.03368	0.00755

[dist]
# distance from previous block
# <min> <max>
0	1

[block]
# block no. 1 follows, 32 sequences, length 6
# corresponding to MSA columns:
# 134-139
name=unknown_B
#
# <colnr> <probs for GDERKNQSTAVLIFYWHMCP>
#	G	D	E	R	K	N	Q	S	T	A	V	L	I	F	Y	W	H	M	C	P
0	0.00983	0.00687	0.00842	0.00908	0.01024	0.00657	0.00649	0.04742	0.01499	0.02063	0.10795	0.45906	0.11117	0.01751	0.00791	0.00246	0.00396	0.04457	0.09884	0.00601
1	0.01719	0.07509	0.01844	0.04565	0.04795	0.04794	0.03610	0.09879	0.05373	0.07353	0.03465	0.02180	0.01480	0.00778	0.00686	0.00177	0.03987	0.06316	0.00478	0.29013
2	0.01552	0.04048	0.01508	0.13364	0.07776	0.01128	0.01097	0.04719	0.07442	0.14737	0.08488	0.11138	0.14796	0.01162	0.00726	0.00224	0.00574	0.04116	0.00585	0.00822
3	0.01297	0.00826	0.00956	0.00894	0.01154	0.00756	0.00679	0.01662	0.08617	0.14690	0.10799	0.15774	0.36322	0.01497	0.00770	0.00229	0.00406	0.01274	0.00676	0.00722
4	0.01768	0.01859	0.07693	0.12290	0.14235	0.11139	0.16628	0.09984	0.01766	0.05971	0.01901	0.02135	0.08048	0.00762	0.00698	0.00209	0.00890	0.00697	0.00422	0.00905
5	0.06321	0.01715	0.05855	0.06499	0.45462	0.04795	0.08665	0.02127	0.04523	0.02213	0.01297	0.01641	0.01052	0.00614	0.00652	0.00200	0.00821	0.00589	0.00353	0.04606

[dist]
# distance from previous block
# <min> <max>
0	2

[block]
# block no. 2 follows, 32 sequences, length 14
# corresponding to MSA columns:
# 142-155
name=unknown_C
#
# <colnr> <probs for GDERKNQSTAVLIFYWHMCP>
#	G	D	E	R	K	N	Q	S	T	A	V	L	I	F	Y	W	H	M	C	P
0	0.01180	0.00732	0.00944	0.00887	0.01084	0.00680	0.00673	0.01442	0.01686	0.10892	0.37700	0.11085	0.14257	0.01780	0.08426	0.00307	0.00513	0.01165	0.03894	0.00674
1	0.01348	0.01211	0.04312	0.14209	0.13655	0.05381	0.01222	0.01695	0.03998	0.06770	0.09841	0.24229	0.06924	0.01235	0.00740	0.00228	0.00623	0.01094	0.00517	0.00766
2	0.10726	0.02250	0.02034	0.02211	0.19139	0.32319	0.01443	0.08025	0.01714	0.02142	0.01109	0.01377	0.00924	0.00737	0.00822	0.00202	0.11088	0.00501	0.00371	0.00867
3	0.01598	0.01353	0.01620	0.01643	0.10686	0.01506	0.01142	0.11240	0.33398	0.02739	0.12671	0.02868	0.07509	0.01000	0.00806	0.00223	0.05613	0.00821	0.00614	0.00951
4	0.00837	0.00598	0.00801	0.00956	0.01004	0.00562	0.00656	0.00968	0.01304	0.01734	0.03688	0.70979	0.04396	0.02084	0.00862	0.00275	0.00406	0.06720	0.00622	0.00550
5	0.00959	0.00719	0.01078	0.01078	0.01198	0.00839	0.00839	0.01198	0.01078	0.01558	0.01797	0.02636	0.01677	0.05032	0.73760	0.01078	0.01797	0.00719	0.00359	0.00599
6	0.00844	0.00673	0.00756	0.00754	0.00942	0.00585	0.00558	0.01055	0.01622	0.02077	0.26745	0.12266	0.45487	0.01634	0.00798	0.00226	0.00337	0.01397	0.00659	0.00585
7	0.01559	0.01666	0.02952	0.02536	0.12430	0.04618	0.32674	0.01938	0.01390	0.01937	0.01213	0.01711	0.01017	0.01030	0.05608	0.00292	0.23567	0.00684	0.00326	0.00852
8	0.00879	0.00651	0.00836	0.00887	0.00985	0.00639	0.00626	0.01039	0.01303	0.01740	0.10423	0.30375	0.15789	0.12156	0.17993	0.00493	0.00732	0.01357	0.00546	0.00552
9	0.01583	0.01507	0.01573	0.03893	0.09061	0.17104	0.01125	0.01771	0.01437	0.06039	0.07040	0.13651	0.02130	0.10892	0.03930	0.00314	0.14922	0.00865	0.00443	0.00720
10	0.01481	0.01190	0.01352	0.01053	0.01515	0.01069	0.00838	0.14546	0.04521	0.02642	0.13927	0.02644	0.09735	0.00851	0.00619	0.00157	0.00496	0.00700	0.00543	0.40120
11	0.10514	0.08640	0.09356	0.04747	0.09901	0.15205	0.06900	0.05872	0.01598	0.05441	0.01253	0.01526	0.01003	0.02990	0.00675	0.00195	0.00827	0.00511	0.00388	0.12458
12	0.04701	0.01401	0.04097	0.09628	0.09464	0.08568	0.01141	0.04377	0.07542	0.09850	0.05226	0.05599	0.01718	0.06393	0.00953	0.04890	0.00674	0.00694	0.05867	0.07216
13	0.01749	0.02147	0.17390	0.07302	0.06814	0.14422	0.08598	0.08299	0.04499	0.05672	0.01655	0.04195	0.03459	0.02575	0.02408	0.00230	0.00899	0.00642	0.00417	0.06630

[dist]
# distance from previous block
# <min> <max>
1	17

[block]
# block no. 3 follows, 32 sequences, length 15
# corresponding to MSA columns:
# 173-187
name=unknown_D
#
# <colnr> <probs for GDERKNQSTAVLIFYWHMCP>
#	G	D	E	R	K	N	Q	S	T	A	V	L	I	F	Y	W	H	M	C	P
0	0.01765	0.01603	0.01948	0.08119	0.10916	0.10227	0.07618	0.17083	0.05753	0.02511	0.01639	0.06358	0.01381	0.01088	0.05876	0.00257	0.00844	0.00678	0.05590	0.08747
1	0.19065	0.01145	0.01140	0.01017	0.01332	0.05185	0.00781	0.07545	0.01516	0.02373	0.08319	0.16500	0.06677	0.01391	0.05586	0.02862	0.00607	0.00867	0.00505	0.15588
2	0.01634	0.04528	0.07713	0.03679	0.01959	0.01253	0.05597	0.09302	0.05813	0.07431	0.03791	0.04431	0.01399	0.00691	0.00596	0.00159	0.00626	0.00582	0.00473	0.38343
3	0.01706	0.04412	0.02014	0.10237	0.10759	0.06569	0.08049	0.10238	0.01745	0.08596	0.09344	0.04564	0.07236	0.00929	0.00846	0.00216	0.08298	0.00769	0.02617	0.00855
4	0.00963	0.00680	0.00897	0.00923	0.00988	0.00718	0.00646	0.01074	0.01151	0.01593	0.04885	0.21578	0.06226	0.21162	0.21550	0.06295	0.03651	0.01113	0.03386	0.00522
5	0.22339	0.01637	0.01573	0.01282	0.01724	0.06997	0.01043	0.35386	0.02245	0.07488	0.01507	0.01606	0.01115	0.00993	0.04779	0.00249	0.00740	0.00542	0.05812	0.00944
6	0.01623	0.01572	0.02460	0.20937	0.27449	0.04478	0.10226	0.06844	0.04520	0.02168	0.01300	0.01700	0.01037	0.00688	0.00803	0.00213	0.07093	0.00614	0.00363	0.03912
7	0.01690	0.01315	0.01656	0.05658	0.04623	0.06194	0.08119	0.07584	0.14203	0.11638	0.04294	0.10551	0.06118	0.09565	0.01016	0.00268	0.00668	0.00894	0.03106	0.00841
8	0.00877	0.00679	0.00802	0.00808	0.00984	0.00605	0.00609	0.01108	0.01651	0.02159	0.31684	0.12877	0.34921	0.01622	0.00808	0.00231	0.00355	0.05960	0.00668	0.00594
9	0.01791	0.01142	0.01325	0.01190	0.03491	0.02763	0.00911	0.12434	0.09178	0.19656	0.10872	0.05802	0.19249	0.01304	0.03100	0.00247	0.00567	0.03427	0.00676	0.00875
10	0.11537	0.15548	0.06413	0.06194	0.04858	0.12938	0.08076	0.19762	0.04195	0.02605	0.01269	0.01441	0.00981	0.00678	0.00597	0.00193	0.00839	0.00521	0.00431	0.00923
11	0.00840	0.00659	0.00765	0.00822	0.00979	0.00584	0.00607	0.01020	0.01489	0.01878	0.11389	0.27763	0.39272	0.01807	0.00824	0.00247	0.00378	0.07474	0.00633	0.00570
12	0.00959	0.00719	0.01078	0.01078	0.01198	0.00839	0.00839	0.01198	0.01078	0.01558	0.01797	0.02636	0.01677	0.05032	0.73760	0.01078	0.01797	0.00719	0.00359	0.00599
13	0.01974	0.01483	0.01906	0.06564	0.05089	0.01572	0.07326	0.32793	0.06536	0.08448	0.08214	0.02691	0.07857	0.00941	0.00714	0.00214	0.00686	0.03406	0.00614	0.00971
14	0.01861	0.11695	0.04348	0.05071	0.10764	0.15066	0.12121	0.11934	0.08485	0.02317	0.01554	0.05808	0.01302	0.00763	0.00648	0.00198	0.00849	0.00655	0.03652	0.00908

[dist]
# distance from previous block
# <min> <max>
3	22

[block]
# block no. 4 follows, 32 sequences, length 15
# corresponding to MSA columns:
# 213-227
name=unknown_E
#
# <colnr> <probs for GDERKNQSTAVLIFYWHMCP>
#	G	D	E	R	K	N	Q	S	T	A	V	L	I	F	Y	W	H	M	C	P
0	0.07342	0.05757	0.10366	0.06461	0.13450	0.31944	0.02751	0.03435	0.01631	0.01966	0.01189	0.03021	0.00995	0.00703	0.00656	0.00192	0.03249	0.00519	0.02166	0.02207
1	0.00910	0.00710	0.00898	0.01030	0.04438	0.00664	0.00685	0.01163	0.04564	0.01956	0.14522	0.40930	0.21507	0.01765	0.00814	0.00246	0.00392	0.01565	0.00629	0.00612
2	0.01856	0.65192	0.06476	0.01236	0.01815	0.06232	0.01224	0.06156	0.01502	0.01767	0.00991	0.01131	0.00878	0.00597	0.00463	0.00152	0.00757	0.00384	0.00313	0.00880
3	0.00974	0.00729	0.00903	0.00904	0.01055	0.00702	0.00666	0.01349	0.07407	0.02303	0.38307	0.19958	0.11940	0.05171	0.00930	0.00253	0.00384	0.04756	0.00676	0.00632
4	0.01529	0.01385	0.01870	0.54299	0.03791	0.08647	0.01624	0.05978	0.01533	0.04459	0.01337	0.01797	0.01002	0.00696	0.00648	0.00211	0.00857	0.00586	0.06972	0.00777
5	0.00875	0.00665	0.00795	0.00798	0.00953	0.00596	0.00580	0.01094	0.01631	0.02167	0.35159	0.17370	0.28439	0.04729	0.00912	0.00245	0.00351	0.01390	0.00666	0.00586
6	0.00868	0.00626	0.00832	0.00968	0.01042	0.00589	0.00695	0.01031	0.01375	0.01824	0.07800	0.57187	0.07549	0.01999	0.00862	0.00273	0.00421	0.12867	0.00629	0.00563
7	0.00901	0.00668	0.00847	0.00918	0.01021	0.00636	0.00643	0.01179	0.05542	0.02046	0.22116	0.47821	0.09528	0.01809	0.00824	0.00250	0.00375	0.01620	0.00657	0.00600
8	0.19430	0.01667	0.04442	0.04837	0.10676	0.06504	0.01271	0.18994	0.06345	0.11518	0.01557	0.03305	0.01185	0.00778	0.00693	0.00211	0.04531	0.00582	0.00520	0.00954
9	0.09940	0.01548	0.04874	0.01278	0.01804	0.02845	0.03155	0.21571	0.08321	0.07157	0.01708	0.01769	0.03119	0.00712	0.00591	0.00174	0.00621	0.00557	0.03376	0.24880
10	0.01044	0.00792	0.00998	0.03743	0.01285	0.00779	0.00778	0.06228	0.03396	0.01986	0.03563	0.44044	0.11539	0.01892	0.03927	0.00288	0.00520	0.07871	0.00593	0.04734
11	0.04941	0.01707	0.11191	0.14273	0.46621	0.01521	0.01951	0.01971	0.01488	0.02172	0.04860	0.01798	0.01267	0.00655	0.00658	0.00206	0.00799	0.00606	0.00345	0.00969
12	0.01881	0.04760	0.06209	0.01651	0.04949	0.21510	0.06345	0.09944	0.07333	0.05088	0.01595	0.05597	0.01371	0.04597	0.06522	0.00286	0.03758	0.00650	0.00442	0.05510
13	0.11609	0.01567	0.01927	0.08213	0.05596	0.08219	0.09985	0.11508	0.05222	0.02429	0.01432	0.04955	0.01201	0.00942	0.04061	0.00236	0.04823	0.00616	0.00431	0.15028
14	0.19209	0.12256	0.09859	0.01533	0.07806	0.12383	0.01255	0.04618	0.02678	0.06951	0.01344	0.01683	0.01104	0.02189	0.00673	0.00202	0.03565	0.02880	0.02865	0.04949

[dist]
# distance from previous block
# <min> <max>
3	10

[block]
# block no. 5 follows, 32 sequences, length 14
# corresponding to MSA columns:
# 238-251
name=unknown_F
#
# <colnr> <probs for GDERKNQSTAVLIFYWHMCP>
#	G	D	E	R	K	N	Q	S	T	A	V	L	I	F	Y	W	H	M	C	P
0	0.01533	0.01321	0.01794	0.11818	0.02246	0.01478	0.09150	0.02693	0.37761	0.05225	0.05325	0.09703	0.02126	0.00982	0.00773	0.00232	0.03479	0.00864	0.00576	0.00920
1	0.01612	0.01650	0.01909	0.10963	0.23759	0.16341	0.03073	0.02036	0.06823	0.02008	0.02061	0.07589	0.08063	0.00867	0.00666	0.00200	0.00773	0.00745	0.03899	0.04962
2	0.01547	0.01619	0.06166	0.12816	0.30198	0.06265	0.04211	0.03867	0.05058	0.02039	0.01418	0.03797	0.01212	0.01230	0.09097	0.00314	0.07242	0.00645	0.00361	0.00898
3	0.01644	0.01629	0.03524	0.06282	0.05966	0.12580	0.05690	0.02121	0.08515	0.04576	0.01638	0.01800	0.04250	0.00659	0.00596	0.00158	0.00706	0.00547	0.00426	0.36692
4	0.01149	0.00742	0.00893	0.00822	0.01054	0.00651	0.00628	0.01398	0.01752	0.11257	0.36594	0.05252	0.32419	0.01436	0.00777	0.00217	0.00358	0.01227	0.00703	0.00671
5	0.01664	0.55597	0.23606	0.01369	0.02064	0.02338	0.01533	0.02043	0.01379	0.01737	0.01011	0.01175	0.00858	0.00592	0.00490	0.00163	0.00797	0.00398	0.00286	0.00899
6	0.00910	0.00671	0.00894	0.00944	0.01066	0.00655	0.00709	0.01136	0.01478	0.02007	0.22959	0.26124	0.11911	0.02373	0.14574	0.00406	0.00656	0.09329	0.00605	0.00591
7	0.00890	0.00713	0.00848	0.00834	0.00998	0.00671	0.00623	0.01104	0.01601	0.02103	0.29403	0.15062	0.35301	0.01607	0.00880	0.00231	0.04525	0.01363	0.00646	0.00597
8	0.00909	0.00669	0.00772	0.00796	0.00894	0.00638	0.00541	0.01016	0.01231	0.01573	0.03849	0.11030	0.25316	0.34829	0.07843	0.00491	0.00618	0.05977	0.00506	0.00501
9	0.01219	0.00868	0.01030	0.00952	0.01102	0.00921	0.00683	0.12107	0.01461	0.02000	0.06059	0.03591	0.07478	0.32471	0.21302	0.00617	0.00915	0.00880	0.03735	0.00609
10	0.01727	0.65067	0.09055	0.01199	0.01809	0.02431	0.01231	0.01994	0.01370	0.01670	0.00975	0.01128	0.00870	0.00573	0.00453	0.00146	0.00723	0.00373	0.00295	0.06911
11	0.04735	0.10845	0.03674	0.07536	0.15495	0.01640	0.07576	0.13212	0.04719	0.04866	0.01494	0.01814	0.01198	0.01342	0.11645	0.00331	0.02487	0.00604	0.03879	0.00905
12	0.05176	0.07234	0.09657	0.04125	0.03446	0.10676	0.07545	0.03629	0.06388	0.09853	0.04388	0.03896	0.03389	0.00814	0.00763	0.00201	0.07054	0.00641	0.03851	0.07274
13	0.01061	0.00820	0.01132	0.01089	0.01216	0.00878	0.03767	0.03739	0.01334	0.01861	0.05602	0.25582	0.08416	0.09090	0.16280	0.00458	0.07519	0.03224	0.06322	0.00612

[dist]
# distance from previous block
# <min> <max>
15	48

[block]
# block no. 6 follows, 32 sequences, length 100
# corresponding to MSA columns:
# 308-338,340-361,371-417
name=unknown_G
#
# <colnr> <probs for GDERKNQSTAVLIFYWHMCP>
#	G	D	E	R	K	N	Q	S	T	A	V	L	I	F	Y	W	H	M	C	P
0	0.01622	0.09154	0.16312	0.01468	0.03827	0.10756	0.03526	0.08760	0.05539	0.04263	0.02090	0.11536	0.06210	0.04424	0.00780	0.00222	0.00746	0.00780	0.02936	0.05048
1	0.08452	0.04033	0.13258	0.05808	0.08359	0.08396	0.03438	0.08476	0.01669	0.04276	0.09075	0.12723	0.05293	0.00994	0.00672	0.00212	0.00706	0.00834	0.02503	0.00823
2	0.01474	0.08242	0.01680	0.01325	0.04130	0.06465	0.06753	0.04176	0.05397	0.05250	0.08342	0.13166	0.06215	0.01152	0.02693	0.00220	0.00636	0.03581	0.06363	0.12740
3	0.01694	0.17942	0.08388	0.06370	0.06381	0.11575	0.03344	0.08414	0.07431	0.02229	0.11435	0.04126	0.01891	0.00824	0.00670	0.00193	0.02750	0.00653	0.00446	0.03241
4	0.01824	0.14062	0.26602	0.03923	0.09139	0.03783	0.09281	0.14862	0.01803	0.06554	0.01340	0.01521	0.00994	0.00661	0.00633	0.00199	0.00877	0.00548	0.00401	0.00993
5	0.04171	0.17052	0.10904	0.04161	0.06171	0.09277	0.03304	0.15101	0.06461	0.02401	0.03860	0.03684	0.01348	0.03075	0.00738	0.00206	0.02919	0.00590	0.00434	0.04142
6	0.13245	0.10027	0.10712	0.01211	0.01601	0.06980	0.03094	0.03666	0.03771	0.05842	0.10898	0.14186	0.04748	0.03350	0.00803	0.03126	0.00637	0.00854	0.00491	0.00757
7	0.01609	0.01867	0.13711	0.05702	0.41783	0.01570	0.09678	0.05215	0.03340	0.02279	0.01342	0.01681	0.01065	0.00623	0.00665	0.00202	0.00836	0.00603	0.02835	0.03396
8	0.01270	0.00999	0.01248	0.05201	0.01569	0.01034	0.03046	0.04879	0.17627	0.04458	0.15898	0.07267	0.18034	0.01345	0.00778	0.00239	0.00512	0.13195	0.00638	0.00764
9	0.00980	0.00796	0.03246	0.01069	0.01208	0.00842	0.00850	0.01223	0.01092	0.01586	0.01811	0.02708	0.01703	0.09386	0.64867	0.00998	0.01656	0.00726	0.02656	0.00599
10	0.08385	0.22064	0.15321	0.05909	0.15575	0.15995	0.01586	0.02143	0.01491	0.01952	0.01087	0.01325	0.00893	0.00620	0.00561	0.00181	0.00866	0.00458	0.00321	0.03266
11	0.01967	0.02227	0.01784	0.01588	0.01855	0.38611	0.03313	0.04665	0.05968	0.01843	0.01318	0.01644	0.01120	0.01463	0.12297	0.00339	0.12794	0.00547	0.03886	0.00771
12	0.01015	0.00754	0.00953	0.00891	0.01070	0.00727	0.00672	0.01475	0.08171	0.02701	0.65605	0.04785	0.05943	0.01330	0.00782	0.00213	0.00336	0.01172	0.00734	0.00672
13	0.01212	0.00744	0.00981	0.00889	0.01093	0.00678	0.00678	0.01522	0.01902	0.11619	0.63050	0.04664	0.05736	0.01303	0.00777	0.00211	0.00349	0.01145	0.00750	0.00698
14	0.00840	0.00601	0.00801	0.00939	0.00993	0.00562	0.00642	0.00982	0.01350	0.01812	0.09759	0.66887	0.04583	0.02027	0.00854	0.00269	0.00392	0.04519	0.00633	0.00556
15	0.81159	0.01298	0.00986	0.00882	0.01298	0.01505	0.00727	0.01972	0.01142	0.03010	0.00934	0.01090	0.00727	0.00623	0.00415	0.00208	0.00519	0.00363	0.00415	0.00727
16	0.81159	0.01298	0.00986	0.00882	0.01298	0.01505	0.00727	0.01972	0.01142	0.03010	0.00934	0.01090	0.00727	0.00623	0.00415	0.00208	0.00519	0.00363	0.00415	0.00727
17	0.01669	0.01441	0.01517	0.01365	0.01745	0.01669	0.01062	0.03565	0.71021	0.02807	0.02731	0.02503	0.02048	0.00910	0.00683	0.00228	0.00531	0.00759	0.00683	0.01062
18	0.00976	0.00651	0.00732	0.00732	0.00732	0.00651	0.00407	0.00976	0.00976	0.01301	0.02114	0.04391	0.02439	0.76419	0.03415	0.00651	0.00651	0.00976	0.00407	0.00407
19	0.01794	0.76823	0.03516	0.01148	0.01722	0.02655	0.01148	0.02009	0.01363	0.01579	0.00933	0.01076	0.00861	0.00574	0.00431	0.00144	0.00718	0.00359	0.00287	0.00861
20	0.01267	0.01193	0.02013	0.74806	0.04621	0.01491	0.01863	0.01714	0.01342	0.01714	0.01193	0.01789	0.00894	0.00671	0.00671	0.00224	0.00894	0.00596	0.00298	0.00745
21	0.00812	0.00607	0.00755	0.00874	0.00957	0.00550	0.00596	0.00941	0.01343	0.01736	0.04432	0.59520	0.20426	0.02007	0.00841	0.00262	0.00378	0.01791	0.00623	0.00550
22	0.01468	0.01468	0.02055	0.01762	0.01762	0.02055	0.01468	0.01615	0.01028	0.01615	0.00881	0.01468	0.00881	0.01174	0.02202	0.00294	0.75191	0.00587	0.00294	0.00734
23	0.04216	0.01938	0.01467	0.01342	0.01637	0.32485	0.01015	0.02269	0.10651	0.05944	0.10330	0.10327	0.07375	0.01040	0.00717	0.00203	0.02840	0.00812	0.00514	0.02876
24	0.74068	0.01283	0.01038	0.00911	0.01335	0.01458	0.00750	0.02090	0.01213	0.09333	0.01090	0.01198	0.00811	0.00642	0.00439	0.00208	0.00524	0.00392	0.00453	0.00764
25	0.01468	0.01468	0.02055	0.01762	0.01762	0.02055	0.01468	0.01615	0.01028	0.01615	0.00881	0.01468	0.00881	0.01174	0.02202	0.00294	0.75191	0.00587	0.00294	0.00734
26	0.01661	0.01594	0.02724	0.04119	0.72233	0.01594	0.02059	0.02059	0.01528	0.02192	0.01262	0.01661	0.01063	0.00598	0.00664	0.00199	0.00797	0.00598	0.00332	0.01063
27	0.00853	0.00782	0.02983	0.00776	0.01009	0.00635	0.00609	0.01103	0.03679	0.01919	0.11774	0.12363	0.55860	0.01651	0.00790	0.00229	0.00369	0.01394	0.00624	0.00599
28	0.00852	0.00598	0.00768	0.00891	0.00921	0.00568	0.00576	0.00943	0.01218	0.01624	0.03356	0.60526	0.04006	0.18146	0.01409	0.00354	0.00446	0.01706	0.00576	0.00515
29	0.00817	0.00587	0.00775	0.00925	0.00971	0.00546	0.00619	0.00935	0.01293	0.01716	0.03808	0.73509	0.06839	0.02088	0.00854	0.00271	0.00388	0.01890	0.00623	0.00546
30	0.04386	0.01728	0.01832	0.01471	0.01955	0.01937	0.01194	0.47505	0.24212	0.03754	0.01941	0.01875	0.01412	0.00833	0.00668	0.00210	0.00668	0.00646	0.00668	0.01105
31	0.01450	0.05464	0.44940	0.02224	0.03085	0.01649	0.27349	0.02130	0.01477	0.02115	0.01251	0.01550	0.00913	0.00609	0.00687	0.00215	0.01034	0.00601	0.00304	0.00955
32	0.03010	0.01142	0.01557	0.01194	0.01713	0.00986	0.00986	0.03270	0.01920	0.72698	0.02647	0.02284	0.01661	0.00830	0.00675	0.00208	0.00571	0.00675	0.00830	0.01142
33	0.01492	0.00838	0.01056	0.00928	0.01200	0.00757	0.00720	0.04097	0.01853	0.20289	0.36487	0.07055	0.17927	0.01306	0.00760	0.00215	0.00403	0.01121	0.00732	0.00763
34	0.00816	0.00590	0.00772	0.00917	0.00969	0.00546	0.00615	0.00936	0.01301	0.01719	0.03903	0.71389	0.08897	0.02076	0.00852	0.00269	0.00386	0.01875	0.00623	0.00546
35	0.01286	0.01180	0.01910	0.61885	0.04063	0.01462	0.01715	0.04111	0.01385	0.01800	0.01405	0.08101	0.01205	0.00825	0.00770	0.00231	0.04878	0.00708	0.00339	0.00742
36	0.01898	0.00941	0.01078	0.00924	0.01234	0.00930	0.00731	0.07433	0.07621	0.23103	0.02325	0.02371	0.01687	0.00809	0.00563	0.00181	0.00439	0.00650	0.44234	0.00852
37	0.01852	0.01710	0.03848	0.10279	0.13298	0.09272	0.03411	0.17125	0.19762	0.02703	0.01769	0.01908	0.01346	0.00758	0.00650	0.00204	0.00742	0.00628	0.07768	0.00966
38	0.01596	0.01977	0.18528	0.16797	0.27747	0.01638	0.05734	0.09145	0.04051	0.02300	0.01318	0.01657	0.01017	0.00668	0.00712	0.00212	0.02975	0.00591	0.00361	0.00975
39	0.01553	0.01500	0.04387	0.24405	0.39265	0.01603	0.01905	0.01941	0.01418	0.04151	0.01234	0.01686	0.01003	0.00701	0.00862	0.00219	0.10312	0.00596	0.00331	0.00928
40	0.00872	0.00619	0.00808	0.00911	0.00992	0.00578	0.00639	0.01046	0.01432	0.01949	0.16889	0.52918	0.07685	0.01883	0.00831	0.00256	0.00383	0.05266	0.03473	0.00570
41	0.01493	0.01194	0.01316	0.01189	0.01508	0.01316	0.00920	0.02825	0.46710	0.05571	0.21358	0.03338	0.06254	0.01065	0.00716	0.00222	0.00467	0.00906	0.00701	0.00929
42	0.00923	0.00681	0.00862	0.00825	0.00988	0.00620	0.00616	0.01211	0.01823	0.02530	0.60109	0.08095	0.15331	0.01447	0.00794	0.00216	0.00323	0.01270	0.00718	0.00620
43	0.81159	0.01298	0.00986	0.00882	0.01298	0.01505	0.00727	0.01972	0.01142	0.03010	0.00934	0.01090	0.00727	0.00623	0.00415	0.00208	0.00519	0.00363	0.00415	0.00727
44	0.00939	0.00685	0.00882	0.00833	0.00996	0.00629	0.00625	0.01246	0.01874	0.02631	0.67489	0.05110	0.10758	0.01394	0.00791	0.00212	0.00318	0.01227	0.00731	0.00629
45	0.01669	0.01441	0.01517	0.01365	0.01745	0.01669	0.01062	0.03565	0.71021	0.02807	0.02731	0.02503	0.02048	0.00910	0.00683	0.00228	0.00531	0.00759	0.00683	0.01062
46	0.01845	0.54983	0.06276	0.01276	0.01822	0.09099	0.01216	0.04157	0.10248	0.01838	0.01201	0.01299	0.01018	0.00637	0.00495	0.00162	0.00753	0.00429	0.00353	0.00892
47	0.06367	0.05063	0.15870	0.01349	0.01829	0.03710	0.03199	0.08578	0.13278	0.09408	0.11921	0.09459	0.05148	0.00998	0.00681	0.00215	0.00643	0.00831	0.00561	0.00891
48	0.08028	0.04813	0.08115	0.01825	0.07680	0.35341	0.03625	0.13702	0.01957	0.06959	0.01271	0.01408	0.00972	0.00695	0.00615	0.00189	0.00970	0.00500	0.00428	0.00906
49	0.01072	0.00766	0.01071	0.01225	0.01376	0.00764	0.01065	0.01374	0.01536	0.01998	0.03558	0.09957	0.03882	0.01862	0.00924	0.00308	0.00610	0.65419	0.00618	0.00615
50	0.00980	0.00834	0.00871	0.00886	0.01079	0.03096	0.00647	0.01368	0.10501	0.01965	0.09459	0.25565	0.36968	0.01658	0.00791	0.00237	0.00406	0.01426	0.00629	0.00636
51	0.01743	0.01763	0.08290	0.03134	0.41212	0.01620	0.10651	0.09334	0.03453	0.04512	0.01372	0.01677	0.01083	0.00645	0.00715	0.00203	0.02883	0.00612	0.00391	0.04705
52	0.21103	0.01705	0.01709	0.06053	0.02011	0.05847	0.01157	0.40042	0.04183	0.05387	0.01455	0.01549	0.01065	0.00877	0.02795	0.00230	0.00744	0.00546	0.00564	0.00979
53	0.01661	0.01594	0.02724	0.04119	0.72233	0.01594	0.02059	0.02059	0.01528	0.02192	0.01262	0.01661	0.01063	0.00598	0.00664	0.00199	0.00797	0.00598	0.00332	0.01063
54	0.01230	0.01087	0.01572	0.02096	0.27548	0.01074	0.01181	0.01673	0.08870	0.02111	0.09163	0.15178	0.20141	0.01324	0.02520	0.00243	0.00572	0.01087	0.00524	0.00807
55	0.00818	0.00584	0.00779	0.00934	0.00973	0.00545	0.00623	0.00934	0.01285	0.01713	0.03698	0.75981	0.04438	0.02102	0.00856	0.00273	0.00389	0.01908	0.00623	0.00545
56	0.01368	0.00927	0.01157	0.01031	0.01180	0.02974	0.00760	0.05931	0.01190	0.01678	0.01237	0.01863	0.01138	0.01686	0.01922	0.47426	0.07630	0.00555	0.05566	0.12783
57	0.01346	0.03471	0.72942	0.01912	0.02904	0.01558	0.02479	0.02125	0.01417	0.02125	0.01204	0.01417	0.00850	0.00637	0.00637	0.00212	0.00992	0.00496	0.00283	0.00992
58	0.00818	0.00584	0.00779	0.00934	0.00973	0.00545	0.00623	0.00934	0.01285	0.01713	0.03698	0.75981	0.04438	0.02102	0.00856	0.00273	0.00389	0.01908	0.00623	0.00545
59	0.00809	0.00680	0.00701	0.00696	0.00916	0.00573	0.00522	0.00993	0.01566	0.01900	0.13302	0.06313	0.65402	0.01667	0.00793	0.00225	0.00338	0.01396	0.00635	0.00573
60	0.01247	0.02588	0.47711	0.01783	0.02511	0.01331	0.09782	0.01842	0.01404	0.02029	0.01819	0.19329	0.01729	0.00980	0.00708	0.00228	0.00863	0.00868	0.00371	0.00875
61	0.01524	0.01333	0.01459	0.01066	0.01647	0.04339	0.00852	0.06544	0.01539	0.02305	0.01215	0.01398	0.00998	0.00528	0.00514	0.00110	0.00547	0.00414	0.00414	0.71253
62	0.01210	0.00728	0.00821	0.00798	0.00975	0.00714	0.00596	0.04482	0.03489	0.04458	0.17521	0.14005	0.08082	0.01171	0.00638	0.00195	0.00359	0.00998	0.38101	0.00660
63	0.01871	0.10551	0.35255	0.01759	0.04456	0.01729	0.04860	0.16576	0.03617	0.10824	0.01478	0.01575	0.01052	0.00691	0.00636	0.00203	0.00848	0.00548	0.00444	0.01027
64	0.01495	0.05677	0.06928	0.04305	0.21774	0.04085	0.11364	0.02079	0.10814	0.02146	0.07212	0.02425	0.07867	0.00950	0.02655	0.00237	0.05922	0.00743	0.00428	0.00895
65	0.01267	0.01193	0.02013	0.74806	0.04621	0.01491	0.01863	0.01714	0.01342	0.01714	0.01193	0.01789	0.00894	0.00671	0.00671	0.00224	0.00894	0.00596	0.00298	0.00745
66	0.00837	0.00694	0.00741	0.00764	0.00980	0.00598	0.00597	0.01028	0.01532	0.01842	0.06304	0.06626	0.61603	0.01723	0.00813	0.00239	0.00382	0.11501	0.00622	0.00574
67	0.01921	0.06246	0.15946	0.01872	0.11045	0.10523	0.04644	0.12371	0.05575	0.11079	0.01707	0.06322	0.01370	0.00927	0.02909	0.00230	0.00838	0.00658	0.02861	0.00957
68	0.05977	0.08111	0.14789	0.01653	0.08244	0.11818	0.03097	0.04417	0.03676	0.06886	0.09467	0.08549	0.01936	0.00907	0.00728	0.00207	0.04673	0.00724	0.03289	0.00851
69	0.00916	0.00664	0.00864	0.00858	0.00993	0.00612	0.00627	0.01185	0.01755	0.02452	0.55125	0.20287	0.08068	0.01539	0.00805	0.00225	0.00333	0.01369	0.00710	0.00612
70	0.01440	0.01563	0.10219	0.19799	0.29208	0.01397	0.08045	0.01861	0.01452	0.04190	0.01661	0.12985	0.01526	0.00852	0.00704	0.00220	0.00804	0.00805	0.00379	0.00889
71	0.03966	0.34460	0.18352	0.01671	0.06840	0.13989	0.03567	0.04560	0.01554	0.03834	0.01115	0.01287	0.00905	0.00625	0.00546	0.00175	0.00869	0.00447	0.00332	0.00905
72	0.00976	0.00651	0.00732	0.00732	0.00732	0.00651	0.00407	0.00976	0.00976	0.01301	0.02114	0.04391	0.02439	0.76419	0.03415	0.00651	0.00651	0.00976	0.00407	0.00407
73	0.00971	0.00634	0.00838	0.00932	0.01021	0.00584	0.00643	0.01121	0.01401	0.06363	0.11211	0.60982	0.06909	0.01926	0.00835	0.00260	0.00391	0.01735	0.00649	0.00594
74	0.01563	0.02504	0.30680	0.04445	0.02502	0.13903	0.09494	0.02251	0.10174	0.02063	0.01662	0.07358	0.01423	0.00853	0.00734	0.00221	0.03233	0.03659	0.00391	0.00887
75	0.01718	0.64844	0.12622	0.01234	0.01851	0.02449	0.01304	0.02011	0.01372	0.01678	0.01006	0.01164	0.00885	0.00589	0.00459	0.00153	0.00742	0.00385	0.02661	0.00871
76	0.00878	0.00688	0.00797	0.00785	0.00978	0.00608	0.00599	0.01118	0.01685	0.02193	0.33851	0.05925	0.40005	0.01572	0.00801	0.00225	0.00348	0.05674	0.00671	0.00598
77	0.01869	0.51089	0.09940	0.01318	0.01867	0.16877	0.01279	0.02136	0.01480	0.01688	0.01039	0.01203	0.00900	0.00614	0.00488	0.00157	0.00826	0.00400	0.03984	0.00846
78	0.05342	0.01422	0.01559	0.05831	0.01884	0.05212	0.00993	0.15470	0.01795	0.08112	0.01448	0.03808	0.01157	0.00662	0.00570	0.00150	0.00613	0.00520	0.00485	0.42967
79	0.09526	0.08379	0.11104	0.01404	0.01895	0.05570	0.01262	0.16753	0.26145	0.02788	0.01895	0.02121	0.01498	0.02973	0.00711	0.00224	0.00693	0.03556	0.00539	0.00966
80	0.00817	0.00606	0.00763	0.00882	0.00961	0.00552	0.00601	0.00950	0.01351	0.01762	0.06351	0.60236	0.17719	0.02001	0.00842	0.00262	0.00377	0.01790	0.00626	0.00552
81	0.01593	0.10713	0.25998	0.06094	0.10269	0.03837	0.10450	0.04601	0.07070	0.04346	0.05356	0.01794	0.01340	0.00711	0.00697	0.00207	0.02990	0.00606	0.00387	0.00941
82	0.01003	0.00770	0.01116	0.01099	0.01229	0.00899	0.00856	0.01318	0.04231	0.01665	0.04900	0.02704	0.01878	0.04585	0.65388	0.00981	0.03626	0.00739	0.00389	0.00625
83	0.01882	0.17957	0.25761	0.01710	0.04096	0.26113	0.01670	0.05233	0.01627	0.01914	0.01119	0.01329	0.00900	0.00790	0.02711	0.00211	0.03305	0.00463	0.00326	0.00883
84	0.00902	0.00684	0.00831	0.00794	0.00973	0.00613	0.00596	0.01174	0.01787	0.02425	0.52158	0.05450	0.26219	0.01471	0.00792	0.00216	0.00324	0.01275	0.00704	0.00613
85	0.00962	0.00756	0.02789	0.00878	0.01043	0.00660	0.00678	0.01262	0.01793	0.02529	0.61139	0.07118	0.05787	0.06678	0.00978	0.00247	0.00368	0.03017	0.00696	0.00623
86	0.01594	0.01375	0.06012	0.01102	0.01714	0.01016	0.00948	0.05967	0.01544	0.08207	0.01340	0.01481	0.01049	0.00552	0.00531	0.00122	0.00549	0.00439	0.00443	0.64014
87	0.00795	0.00673	0.00687	0.00698	0.00911	0.00565	0.00518	0.00961	0.01512	0.01806	0.06579	0.11358	0.67202	0.01728	0.00797	0.00230	0.00343	0.01451	0.00623	0.00565
88	0.04260	0.10807	0.02361	0.01720	0.04239	0.12005	0.11701	0.27933	0.04153	0.07430	0.01547	0.03724	0.01206	0.00882	0.02838	0.00224	0.00863	0.00622	0.00512	0.00972
89	0.01825	0.73581	0.03445	0.01174	0.01738	0.05784	0.01155	0.02039	0.01387	0.01581	0.00937	0.01082	0.00861	0.00579	0.00438	0.00145	0.00739	0.00362	0.00290	0.00857
90	0.01184	0.00953	0.01171	0.01030	0.01398	0.00789	0.00830	0.01455	0.01442	0.02070	0.04645	0.13349	0.06316	0.01173	0.00687	0.00190	0.00502	0.19071	0.00510	0.41235
91	0.00969	0.00681	0.00884	0.00896	0.00950	0.00726	0.00612	0.01080	0.01050	0.01445	0.02102	0.05991	0.02265	0.43015	0.30676	0.00791	0.01089	0.03879	0.00404	0.00495
92	0.81159	0.01298	0.00986	0.00882	0.01298	0.01505	0.00727	0.01972	0.01142	0.03010	0.00934	0.01090	0.00727	0.00623	0.00415	0.00208	0.00519	0.00363	0.00415	0.00727
93	0.01391	0.01193	0.01391	0.00994	0.01590	0.00894	0.00795	0.01690	0.01391	0.02186	0.01193	0.01391	0.00994	0.00497	0.00497	0.00099	0.00497	0.00398	0.00398	0.80521
94	0.01710	0.01462	0.01540	0.01374	0.01760	0.01688	0.01072	0.06631	0.67889	0.02872	0.02679	0.02462	0.02006	0.00905	0.00682	0.00226	0.00541	0.00751	0.00682	0.01066
95	0.01780	0.01496	0.02407	0.05363	0.47544	0.03488	0.05973	0.02144	0.01592	0.12049	0.01954	0.02181	0.07527	0.00733	0.00684	0.00205	0.00760	0.00690	0.00428	0.01002
96	0.01854	0.26343	0.10659	0.01395	0.01915	0.05231	0.01300	0.16749	0.16259	0.02489	0.01551	0.01638	0.01219	0.00885	0.03175	0.00220	0.02986	0.00540	0.02638	0.00955
97	0.01818	0.69065	0.06474	0.01217	0.01796	0.06977	0.01216	0.02055	0.01399	0.01607	0.00951	0.01100	0.00861	0.00584	0.00450	0.00148	0.00760	0.00369	0.00290	0.00862
98	0.01519	0.01414	0.03948	0.01112	0.01693	0.04277	0.00919	0.05475	0.06029	0.02308	0.01308	0.01468	0.01059	0.00554	0.00528	0.00120	0.00561	0.00437	0.00424	0.64847
99	0.01969	0.08800	0.04427	0.06510	0.04208	0.24685	0.01310	0.09127	0.23052	0.02287	0.01692	0.01883	0.01347	0.00801	0.00685	0.00203	0.03122	0.02501	0.00475	0.00915

[dist]
# distance from previous block
# <min> <max>
0	9

[block]
# block no. 7 follows, 32 sequences, length 42
# corresponding to MSA columns:
# 427-468
name=unknown_H
#
# <colnr> <probs for GDERKNQSTAVLIFYWHMCP>
#	G	D	E	R	K	N	Q	S	T	A	V	L	I	F	Y	W	H	M	C	P
0	0.00965	0.00679	0.00865	0.00947	0.01020	0.00671	0.00690	0.01107	0.01251	0.01647	0.03110	0.20626	0.06611	0.30212	0.05448	0.00464	0.00627	0.22015	0.00527	0.00519
1	0.01609	0.28969	0.27321	0.04261	0.02638	0.05357	0.16928	0.02102	0.01455	0.01901	0.01134	0.01387	0.00894	0.00603	0.00598	0.00190	0.00933	0.00514	0.00301	0.00908
2	0.00932	0.00666	0.00910	0.01065	0.01154	0.00644	0.00822	0.01132	0.01398	0.01841	0.03635	0.46281	0.04188	0.01994	0.00887	0.00288	0.00489	0.30478	0.00621	0.00577
3	0.00798	0.00662	0.00698	0.00727	0.00919	0.00562	0.00531	0.00958	0.01484	0.01794	0.06226	0.19270	0.59517	0.01774	0.00805	0.00235	0.00349	0.01507	0.00623	0.00562
4	0.00933	0.00681	0.00876	0.00837	0.00994	0.00624	0.00624	0.01230	0.01845	0.02584	0.64181	0.08391	0.10831	0.01428	0.00795	0.00215	0.00322	0.01260	0.00725	0.00624
5	0.00985	0.00723	0.00928	0.00870	0.01039	0.00684	0.00654	0.01380	0.05319	0.02696	0.68458	0.04888	0.06119	0.01349	0.00786	0.00212	0.00327	0.01191	0.00736	0.00654
6	0.02551	0.01879	0.02014	0.01544	0.02081	0.02081	0.01275	0.69996	0.03155	0.04229	0.01611	0.01611	0.01141	0.00805	0.00671	0.00201	0.00738	0.00604	0.00671	0.01141
7	0.07607	0.06825	0.31644	0.01636	0.02347	0.01590	0.06524	0.09013	0.08874	0.15064	0.01635	0.01687	0.01151	0.00707	0.00635	0.00209	0.00803	0.00569	0.00474	0.01007
8	0.01346	0.03471	0.72942	0.01912	0.02904	0.01558	0.02479	0.02125	0.01417	0.02125	0.01204	0.01417	0.00850	0.00637	0.00637	0.00212	0.00992	0.00496	0.00283	0.00992
9	0.01669	0.01441	0.01517	0.01365	0.01745	0.01669	0.01062	0.03565	0.71021	0.02807	0.02731	0.02503	0.02048	0.00910	0.00683	0.00228	0.00531	0.00759	0.00683	0.01062
10	0.01347	0.01112	0.03279	0.01726	0.16109	0.03511	0.01106	0.03417	0.04857	0.06870	0.11183	0.23209	0.02932	0.01866	0.11779	0.00359	0.00757	0.03269	0.00537	0.00775
11	0.04410	0.01396	0.02368	0.38634	0.33198	0.01545	0.05088	0.01891	0.01425	0.01986	0.01220	0.01709	0.00966	0.00633	0.00664	0.00213	0.00850	0.00597	0.00319	0.00887
12	0.81159	0.01298	0.00986	0.00882	0.01298	0.01505	0.00727	0.01972	0.01142	0.03010	0.00934	0.01090	0.00727	0.00623	0.00415	0.00208	0.00519	0.00363	0.00415	0.00727
13	0.61537	0.01283	0.01145	0.00972	0.01414	0.01412	0.00801	0.04540	0.01379	0.18194	0.01329	0.01367	0.00944	0.00674	0.00480	0.00207	0.00538	0.00439	0.00514	0.00831
14	0.01533	0.11337	0.07365	0.01601	0.08435	0.10695	0.05594	0.01804	0.01495	0.06655	0.06317	0.15859	0.07347	0.03908	0.03033	0.00255	0.04621	0.00909	0.00459	0.00777
15	0.01559	0.01481	0.02493	0.05920	0.62711	0.01482	0.01897	0.01932	0.01508	0.02132	0.01664	0.06110	0.04655	0.00738	0.00682	0.00205	0.00755	0.00711	0.00362	0.01000
16	0.00905	0.00684	0.00836	0.00798	0.00975	0.00614	0.00598	0.01181	0.01795	0.02443	0.53516	0.05420	0.24849	0.01464	0.00792	0.00215	0.00323	0.01271	0.00706	0.00614
17	0.02506	0.03198	0.01901	0.01729	0.02074	0.73725	0.01296	0.02679	0.01901	0.01642	0.01037	0.01210	0.00864	0.00691	0.00605	0.00173	0.01210	0.00432	0.00346	0.00778
18	0.01402	0.10044	0.61167	0.01881	0.02789	0.01680	0.05481	0.02100	0.01408	0.02060	0.01177	0.01406	0.00860	0.00645	0.00674	0.00209	0.03263	0.00500	0.00287	0.00968
19	0.01036	0.00952	0.04601	0.03695	0.12649	0.00823	0.00964	0.01304	0.01522	0.02065	0.17532	0.23971	0.18987	0.01454	0.00770	0.00230	0.00477	0.02876	0.03409	0.00683
20	0.01267	0.01193	0.02013	0.74806	0.04621	0.01491	0.01863	0.01714	0.01342	0.01714	0.01193	0.01789	0.00894	0.00671	0.00671	0.00224	0.00894	0.00596	0.00298	0.00745
21	0.01742	0.01294	0.03641	0.02254	0.25746	0.01220	0.06109	0.02213	0.07682	0.16830	0.07738	0.08477	0.02137	0.03717	0.00806	0.00232	0.00654	0.03193	0.03381	0.00934
22	0.01688	0.04715	0.28747	0.02439	0.14799	0.04295	0.19029	0.11868	0.01743	0.02410	0.01297	0.01567	0.00971	0.00637	0.00678	0.00209	0.00956	0.00597	0.00364	0.00992
23	0.02099	0.02438	0.02258	0.05350	0.32293	0.40185	0.01644	0.02379	0.01721	0.01881	0.01139	0.01424	0.00951	0.00651	0.00633	0.00186	0.01022	0.00509	0.00338	0.00899
24	0.32216	0.04680	0.01753	0.05160	0.05834	0.26675	0.05547	0.04314	0.01546	0.02338	0.01094	0.01310	0.00873	0.00654	0.00542	0.00193	0.00840	0.00456	0.03188	0.00790
25	0.00839	0.00601	0.00786	0.00925	0.00976	0.00563	0.00627	0.00960	0.01290	0.01707	0.03739	0.65179	0.07408	0.06540	0.01011	0.00295	0.00414	0.04991	0.00610	0.00541
26	0.05648	0.02061	0.02145	0.12717	0.18568	0.24841	0.04877	0.11536	0.01821	0.02262	0.01212	0.01489	0.00963	0.00659	0.00630	0.00189	0.00918	0.00530	0.00387	0.06546
27	0.01439	0.01617	0.11330	0.01960	0.14930	0.01252	0.11264	0.04299	0.03830	0.02215	0.01835	0.06102	0.06256	0.00744	0.00642	0.00178	0.00702	0.00681	0.00410	0.28316
28	0.00827	0.00590	0.00789	0.00945	0.00988	0.00553	0.00639	0.00950	0.01294	0.01723	0.03693	0.73612	0.04418	0.02094	0.00859	0.00274	0.00397	0.04187	0.00623	0.00548
29	0.01721	0.41817	0.15456	0.03464	0.04659	0.04576	0.04560	0.02071	0.01476	0.06543	0.04725	0.01649	0.03344	0.00682	0.00550	0.00175	0.00770	0.00515	0.00361	0.00887
30	0.00926	0.00735	0.00839	0.00812	0.01013	0.00676	0.00609	0.01285	0.06878	0.02254	0.33866	0.08761	0.35859	0.01520	0.00787	0.00222	0.00347	0.01304	0.00676	0.00631
31	0.01318	0.01235	0.01756	0.03592	0.04157	0.01643	0.01274	0.01489	0.01060	0.01599	0.01205	0.01985	0.01192	0.08477	0.17429	0.00486	0.48444	0.00649	0.00319	0.00689
32	0.01673	0.01317	0.06210	0.01167	0.01536	0.01248	0.00987	0.18329	0.14283	0.07782	0.22632	0.02939	0.02934	0.00977	0.00676	0.00203	0.00518	0.00811	0.12889	0.00888
33	0.00874	0.00683	0.00792	0.00765	0.00956	0.00601	0.00573	0.01120	0.01720	0.02266	0.40402	0.05711	0.38073	0.01530	0.00792	0.00219	0.00328	0.01311	0.00683	0.00601
34	0.07604	0.19246	0.22671	0.02067	0.17407	0.04004	0.04107	0.04306	0.01484	0.02144	0.01147	0.01379	0.00919	0.00605	0.00572	0.00182	0.00808	0.00480	0.00332	0.08536
35	0.00822	0.00595	0.00778	0.00913	0.00970	0.00551	0.00616	0.00952	0.01330	0.01765	0.07100	0.68013	0.09035	0.02041	0.00849	0.00267	0.00383	0.01842	0.00628	0.00551
36	0.01415	0.00766	0.00995	0.00945	0.01163	0.00683	0.00704	0.01623	0.01628	0.20413	0.19799	0.30589	0.13515	0.01545	0.00785	0.00235	0.00413	0.01357	0.00704	0.00724
37	0.01550	0.12371	0.25738	0.02025	0.13068	0.08432	0.08060	0.02017	0.01499	0.02022	0.03571	0.03914	0.02909	0.00699	0.00625	0.00189	0.00850	0.00591	0.00347	0.09522
38	0.01893	0.47184	0.07505	0.01284	0.01825	0.11501	0.01218	0.07257	0.03757	0.04411	0.01485	0.01567	0.05222	0.00698	0.00523	0.00166	0.00767	0.00483	0.00375	0.00879
39	0.01634	0.01848	0.14190	0.01825	0.12057	0.06247	0.02903	0.12683	0.08420	0.02462	0.06436	0.05660	0.01698	0.04457	0.00861	0.00221	0.04168	0.00689	0.00464	0.11077
40	0.01784	0.12279	0.04135	0.01715	0.10241	0.13826	0.03313	0.07167	0.01605	0.07203	0.03782	0.08882	0.01615	0.04586	0.03404	0.00256	0.09427	0.00710	0.03241	0.00828
41	0.03905	0.01361	0.04293	0.01692	0.10305	0.01372	0.05470	0.08371	0.06266	0.02345	0.05849	0.08420	0.01746	0.01014	0.02591	0.00227	0.13424	0.00731	0.06021	0.14598

[dist]
# distance from previous block
# <min> <max>
0	5

[block]
# block no. 8 follows, 32 sequences, length 28
# corresponding to MSA columns:
# 474-501
name=unknown_I
#
# <colnr> <probs for GDERKNQSTAVLIFYWHMCP>
#	G	D	E	R	K	N	Q	S	T	A	V	L	I	F	Y	W	H	M	C	P
0	0.03858	0.13885	0.07950	0.03713	0.05577	0.10152	0.04316	0.15775	0.01814	0.02375	0.05307	0.06705	0.05858	0.00908	0.00769	0.00205	0.06986	0.00701	0.02286	0.00859
1	0.13084	0.11179	0.28284	0.01882	0.10695	0.01673	0.05526	0.03982	0.04764	0.02235	0.01332	0.04260	0.01097	0.00861	0.03117	0.00238	0.03956	0.00569	0.00358	0.00908
2	0.06373	0.07914	0.26792	0.01456	0.01993	0.06541	0.01513	0.01866	0.01397	0.03993	0.03687	0.04281	0.08600	0.00995	0.02720	0.00232	0.11649	0.00647	0.00382	0.06968
3	0.01419	0.02984	0.54894	0.02388	0.17984	0.01585	0.02349	0.02091	0.01426	0.02120	0.01204	0.01472	0.00898	0.00650	0.00704	0.00213	0.03807	0.00522	0.00294	0.00997
4	0.01374	0.08008	0.68648	0.01865	0.02831	0.01626	0.02397	0.02118	0.01413	0.02091	0.01187	0.01396	0.00851	0.00634	0.00625	0.00208	0.00975	0.00487	0.00284	0.00984
5	0.01964	0.31832	0.04053	0.04149	0.05808	0.06046	0.01194	0.11845	0.04013	0.11115	0.03194	0.04139	0.01329	0.00844	0.00700	0.05147	0.00712	0.00565	0.00453	0.00897
6	0.01661	0.01594	0.02724	0.04119	0.72233	0.01594	0.02059	0.02059	0.01528	0.02192	0.01262	0.01661	0.01063	0.00598	0.00664	0.00199	0.00797	0.00598	0.00332	0.01063
7	0.00878	0.00689	0.00800	0.00806	0.00997	0.00611	0.00621	0.01109	0.01641	0.02111	0.26987	0.08458	0.40766	0.01627	0.00810	0.00233	0.00367	0.09236	0.00659	0.00593
