[name]
unknown

[dist]
# distance from previous block
# <min> <max>
0	212

[block]
# block no. 0 follows, 33 sequences, length 52
# corresponding to MSA columns:
# 247-298
name=unknown_A
#
# <colnr> <probs for GDERKNQSTAVLIFYWHMCP>
#	G	D	E	R	K	N	Q	S	T	A	V	L	I	F	Y	W	H	M	C	P
0	0.00882	0.00697	0.00813	0.00856	0.01020	0.00633	0.00619	0.01136	0.05333	0.01838	0.06311	0.36798	0.30440	0.01735	0.00789	0.00239	0.00383	0.04128	0.00606	0.04744
1	0.01026	0.00839	0.01089	0.01080	0.01205	0.04938	0.00831	0.01248	0.01099	0.01523	0.01734	0.02579	0.01632	0.07666	0.67192	0.00991	0.01685	0.00700	0.00354	0.00590
2	0.01451	0.06369	0.56849	0.03627	0.02843	0.01562	0.10110	0.02132	0.01431	0.05778	0.01261	0.01472	0.00896	0.00625	0.00636	0.00207	0.00953	0.00525	0.00313	0.00959
3	0.02439	0.01812	0.01940	0.01502	0.02017	0.02012	0.01236	0.65644	0.08116	0.04047	0.01661	0.01645	0.01185	0.00798	0.00659	0.00199	0.00710	0.00604	0.00659	0.01114
4	0.00942	0.00651	0.00788	0.00771	0.00837	0.00628	0.00499	0.01076	0.01349	0.01864	0.31796	0.06799	0.04065	0.42688	0.02187	0.00445	0.00492	0.01084	0.00543	0.00497
5	0.47774	0.01415	0.01283	0.01088	0.01512	0.01614	0.00887	0.19115	0.11983	0.03204	0.01378	0.01442	0.01034	0.00702	0.00510	0.00204	0.00558	0.00480	0.02961	0.00859
6	0.00964	0.00702	0.00840	0.00796	0.00977	0.00640	0.00591	0.01251	0.03588	0.04328	0.43780	0.05165	0.25902	0.06453	0.00942	0.00241	0.00352	0.01208	0.00670	0.00612
7	0.00957	0.00638	0.00718	0.00718	0.00718	0.00638	0.00399	0.00957	0.00957	0.01276	0.02074	0.04308	0.02393	0.76864	0.03351	0.00638	0.00638	0.00957	0.00399	0.00399
8	0.01227	0.00614	0.00614	0.00614	0.00767	0.00614	0.00460	0.01534	0.01381	0.02454	0.02148	0.02454	0.01687	0.00767	0.00460	0.00153	0.00307	0.00614	0.80518	0.00614
9	0.01365	0.01170	0.01365	0.00975	0.01560	0.00878	0.00780	0.01658	0.01365	0.02145	0.01170	0.01365	0.00975	0.00488	0.00488	0.00098	0.00488	0.00390	0.00390	0.80888
10	0.03895	0.01625	0.01447	0.04026	0.01683	0.17587	0.00982	0.18945	0.05635	0.02629	0.09925	0.04474	0.04370	0.00863	0.00618	0.00182	0.00667	0.00676	0.11317	0.08453
11	0.01902	0.41289	0.16893	0.01415	0.04284	0.03816	0.01398	0.05325	0.03110	0.12995	0.01313	0.01384	0.01010	0.00636	0.00528	0.00171	0.00746	0.00456	0.00393	0.00935
12	0.01567	0.01462	0.02447	0.37985	0.07530	0.01646	0.17189	0.13926	0.01677	0.02234	0.01266	0.01705	0.00956	0.00681	0.00765	0.00218	0.04895	0.00629	0.00368	0.00852
13	0.01017	0.00689	0.00856	0.00918	0.01033	0.00650	0.00639	0.04894	0.01413	0.05671	0.03800	0.54801	0.13371	0.05786	0.00943	0.00273	0.00417	0.01621	0.00614	0.00594
14	0.01503	0.34019	0.44436	0.01566	0.02369	0.01975	0.01891	0.02038	0.01368	0.01863	0.01071	0.01252	0.00838	0.00600	0.00541	0.00180	0.00861	0.00431	0.00279	0.00920
15	0.01369	0.05212	0.01569	0.05501	0.04397	0.03660	0.04750	0.07300	0.04609	0.02093	0.02097	0.23140	0.02100	0.01170	0.00914	0.00224	0.12986	0.00957	0.15226	0.00726
16	0.00880	0.00634	0.00840	0.00920	0.01018	0.00594	0.00672	0.01086	0.01503	0.02043	0.26682	0.41359	0.06736	0.01779	0.00827	0.00251	0.00387	0.10567	0.00648	0.00574
17	0.07141	0.23378	0.16734	0.10954	0.05677	0.03529	0.09261	0.06826	0.04383	0.02093	0.01181	0.01427	0.00932	0.00642	0.00629	0.00193	0.03287	0.00508	0.00343	0.00882
18	0.00846	0.00682	0.03105	0.00978	0.01058	0.00590	0.00716	0.01001	0.01291	0.01724	0.03536	0.66757	0.04183	0.01991	0.00841	0.00269	0.00424	0.08851	0.00600	0.00556
19	0.00839	0.00611	0.00797	0.00917	0.00995	0.00568	0.00650	0.00997	0.01365	0.01807	0.10051	0.55929	0.10957	0.01934	0.00836	0.00262	0.00395	0.08918	0.00621	0.00552
20	0.01557	0.01607	0.12025	0.34188	0.07293	0.01476	0.09875	0.05190	0.07360	0.08754	0.01496	0.01858	0.01108	0.02521	0.00734	0.00225	0.00841	0.00624	0.00397	0.00873
21	0.01802	0.18891	0.18202	0.04374	0.02159	0.08944	0.01461	0.13859	0.19333	0.02416	0.01549	0.01610	0.01182	0.00713	0.00595	0.00192	0.00776	0.00537	0.00447	0.00956
22	0.01320	0.03405	0.73453	0.01876	0.02849	0.01529	0.02432	0.02085	0.01390	0.02085	0.01181	0.01390	0.00834	0.00625	0.00625	0.00208	0.00973	0.00486	0.00278	0.00973
23	0.01811	0.72119	0.03349	0.01153	0.01714	0.02566	0.01135	0.06647	0.01457	0.01726	0.00961	0.01092	0.00864	0.00579	0.00439	0.00145	0.00705	0.00368	0.00307	0.00864
24	0.00903	0.00700	0.00905	0.00844	0.01029	0.00631	0.02650	0.01173	0.01731	0.02349	0.49487	0.07930	0.24349	0.01439	0.00779	0.00214	0.00343	0.01259	0.00677	0.00608
25	0.00802	0.00573	0.00764	0.00917	0.00955	0.00535	0.00611	0.00917	0.01260	0.01681	0.03628	0.76434	0.04354	0.02062	0.00840	0.00267	0.00382	0.01872	0.00611	0.00535
26	0.00824	0.00648	0.00709	0.00729	0.00880	0.00571	0.00512	0.00967	0.01404	0.01754	0.10955	0.17215	0.44554	0.13890	0.01205	0.00296	0.00389	0.01381	0.00586	0.00532
27	0.01834	0.57284	0.10264	0.01298	0.01865	0.14578	0.01283	0.02094	0.01432	0.01614	0.00959	0.01112	0.00844	0.00589	0.00472	0.00153	0.00813	0.00378	0.00291	0.00844
28	0.01106	0.00572	0.00847	0.00864	0.00868	0.00568	0.00576	0.00864	0.00902	0.01202	0.01415	0.10131	0.01494	0.02262	0.02384	0.72045	0.00551	0.00714	0.00321	0.00313
29	0.02001	0.04600	0.04408	0.01637	0.03641	0.03925	0.07648	0.28593	0.24618	0.04960	0.01836	0.01854	0.01365	0.00801	0.00746	0.00211	0.04921	0.00642	0.00572	0.01023
30	0.01472	0.01653	0.10266	0.18775	0.22452	0.01513	0.16703	0.05731	0.01553	0.02148	0.06048	0.03625	0.01395	0.00713	0.00735	0.00213	0.03066	0.00687	0.00366	0.00887
31	0.01365	0.01170	0.01365	0.00975	0.01560	0.00878	0.00780	0.01658	0.01365	0.02145	0.01170	0.01365	0.00975	0.00488	0.00488	0.00098	0.00488	0.00390	0.00390	0.80888
32	0.00851	0.00651	0.00824	0.00966	0.03208	0.00598	0.00662	0.01005	0.01354	0.01741	0.04376	0.45053	0.23819	0.03895	0.00891	0.00266	0.00410	0.08275	0.00596	0.00560
33	0.00957	0.00695	0.01009	0.01009	0.01120	0.00798	0.00772	0.01178	0.01067	0.01558	0.01807	0.02710	0.01705	0.10158	0.65030	0.00979	0.01602	0.00720	0.04553	0.00575
34	0.00831	0.00621	0.00779	0.00894	0.00993	0.00570	0.00643	0.00983	0.01354	0.01744	0.04370	0.49696	0.21328	0.01931	0.00834	0.00261	0.00400	0.10608	0.00611	0.00550
35	0.02459	0.03138	0.01866	0.01696	0.02035	0.74221	0.01272	0.02629	0.01866	0.01611	0.01018	0.01187	0.00848	0.00678	0.00594	0.00170	0.01187	0.00424	0.00339	0.00763
36	0.00952	0.00641	0.00742	0.00746	0.00755	0.00648	0.00433	0.00971	0.00973	0.01305	0.02098	0.06235	0.02399	0.69950	0.08008	0.00656	0.00706	0.00966	0.00402	0.00415
37	0.01473	0.01248	0.01343	0.01218	0.01545	0.01407	0.00943	0.02981	0.55937	0.02693	0.15589	0.03066	0.05685	0.01008	0.00694	0.00220	0.00475	0.00852	0.00677	0.00945
38	0.01436	0.01426	0.01982	0.01689	0.01720	0.01957	0.01406	0.01588	0.01027	0.01614	0.00880	0.01436	0.00870	0.01117	0.02073	0.00278	0.71723	0.00566	0.00293	0.04918
39	0.03276	0.01542	0.17414	0.01334	0.04330	0.01170	0.01225	0.08553	0.01620	0.05772	0.13975	0.03149	0.16220	0.01395	0.07116	0.00287	0.07406	0.00831	0.02597	0.00786
40	0.09701	0.18482	0.06481	0.01402	0.05495	0.05593	0.04233	0.02374	0.01557	0.26961	0.01743	0.06204	0.01347	0.00755	0.00584	0.00187	0.00670	0.00600	0.00514	0.05116
41	0.00790	0.00663	0.00686	0.00689	0.00899	0.00560	0.00513	0.00965	0.01516	0.01835	0.11204	0.09127	0.64981	0.01661	0.00781	0.00223	0.00334	0.01395	0.00619	0.00560
42	0.01419	0.00794	0.01080	0.01060	0.01279	0.00740	0.00863	0.01691	0.01669	0.18089	0.23031	0.13393	0.04063	0.01486	0.00808	0.00249	0.00486	0.26396	0.00687	0.00718
43	0.06915	0.21984	0.20039	0.01563	0.04783	0.23901	0.01460	0.02178	0.01498	0.03828	0.01138	0.01419	0.00952	0.04911	0.00705	0.00202	0.00901	0.00460	0.00330	0.00834
44	0.01443	0.01718	0.15539	0.35226	0.21910	0.01506	0.04381	0.01918	0.01400	0.04691	0.01243	0.01664	0.00946	0.00650	0.00699	0.00213	0.03078	0.00577	0.00320	0.00879
45	0.00856	0.00630	0.00786	0.00890	0.00981	0.00587	0.00637	0.01000	0.01320	0.01704	0.04083	0.42446	0.18558	0.10109	0.01112	0.00304	0.00436	0.12438	0.00587	0.00536
46	0.04652	0.15671	0.32561	0.05410	0.02350	0.01625	0.05437	0.04079	0.06084	0.05957	0.04860	0.01867	0.01343	0.03213	0.00699	0.00214	0.00800	0.01896	0.00386	0.00896
47	0.01604	0.21420	0.21325	0.13319	0.15186	0.09661	0.01767	0.02021	0.01420	0.01827	0.01091	0.01384	0.00884	0.00635	0.00643	0.00190	0.03960	0.00482	0.00297	0.00883
48	0.00932	0.00686	0.00877	0.08922	0.01231	0.00703	0.00637	0.01035	0.01129	0.01481	0.02789	0.22193	0.09369	0.39416	0.05374	0.00479	0.00622	0.01175	0.00459	0.00493
49	0.00971	0.00796	0.03815	0.01015	0.01149	0.00811	0.00801	0.01192	0.01069	0.01551	0.01808	0.02813	0.01737	0.16237	0.56564	0.00916	0.01485	0.00733	0.03965	0.00573
50	0.03837	0.04612	0.23533	0.11204	0.11775	0.04374	0.01708	0.18021	0.03890	0.04604	0.01394	0.01597	0.01034	0.00683	0.00621	0.00199	0.00805	0.00546	0.04609	0.00954
51	0.17907	0.11427	0.05889	0.01551	0.09930	0.01550	0.02624	0.02319	0.10429	0.14840	0.04307	0.01745	0.01350	0.00738	0.00690	0.00199	0.06376	0.00554	0.00481	0.05096

[dist]
# distance from previous block
# <min> <max>
0	6

[block]
# block no. 1 follows, 33 sequences, length 15
# corresponding to MSA columns:
# 305-319
name=unknown_B
#
# <colnr> <probs for GDERKNQSTAVLIFYWHMCP>
#	G	D	E	R	K	N	Q	S	T	A	V	L	I	F	Y	W	H	M	C	P
0	0.00972	0.00886	0.04847	0.01012	0.01205	0.00781	0.00855	0.01240	0.01547	0.02071	0.24190	0.11910	0.21052	0.01552	0.00908	0.00246	0.05913	0.17592	0.00602	0.00620
1	0.08433	0.18967	0.48519	0.01737	0.06008	0.01757	0.01981	0.02044	0.01361	0.02049	0.01104	0.01302	0.00836	0.00609	0.00564	0.00193	0.00865	0.00451	0.00292	0.00926
2	0.01496	0.01365	0.02109	0.28733	0.27751	0.01538	0.01702	0.05816	0.09902	0.02125	0.01523	0.02115	0.01262	0.00766	0.00753	0.00219	0.04798	0.04745	0.00389	0.00892
3	0.00932	0.00743	0.00942	0.00905	0.01095	0.00690	0.03053	0.01266	0.05804	0.02168	0.30444	0.16139	0.27139	0.01528	0.00787	0.00227	0.00383	0.04487	0.00648	0.00620
4	0.01297	0.03546	0.04885	0.03551	0.01599	0.01112	0.05957	0.05152	0.12643	0.04348	0.10989	0.10878	0.02426	0.02002	0.18779	0.00420	0.00857	0.00868	0.07935	0.00756
5	0.76588	0.01236	0.00962	0.00863	0.01255	0.01425	0.00707	0.01893	0.01166	0.02935	0.05287	0.01305	0.01049	0.00656	0.00430	0.00204	0.00497	0.00407	0.00427	0.00707
6	0.01702	0.67482	0.12717	0.01226	0.01843	0.02462	0.01299	0.01986	0.01345	0.01620	0.00950	0.01100	0.00843	0.00571	0.00449	0.00150	0.00740	0.00370	0.00281	0.00862
7	0.00880	0.00669	0.00798	0.00767	0.00936	0.00600	0.00567	0.01124	0.01689	0.02269	0.45938	0.05371	0.28754	0.05646	0.00920	0.00236	0.00337	0.01246	0.00668	0.00586
8	0.00991	0.00673	0.00960	0.00960	0.01051	0.00753	0.00715	0.01136	0.01044	0.01519	0.01743	0.02688	0.01664	0.12224	0.51189	0.11674	0.01368	0.00708	0.06410	0.00528
9	0.05179	0.00795	0.01016	0.00921	0.01160	0.00733	0.00711	0.01680	0.01747	0.18542	0.41423	0.11270	0.07595	0.01289	0.00743	0.00216	0.00394	0.03147	0.00710	0.00727
10	0.01265	0.00765	0.00944	0.00876	0.01048	0.00784	0.02861	0.01529	0.01354	0.05355	0.02243	0.15282	0.02026	0.01010	0.00696	0.00187	0.06946	0.00828	0.49573	0.04429
11	0.01761	0.14015	0.26476	0.01763	0.07347	0.07560	0.05122	0.04785	0.11337	0.09521	0.03136	0.01683	0.01239	0.00693	0.00615	0.00196	0.00812	0.00556	0.00423	0.00959
12	0.04080	0.19593	0.18525	0.04116	0.09052	0.08301	0.08940	0.06109	0.01527	0.02075	0.01248	0.01510	0.00996	0.00789	0.03340	0.00216	0.00866	0.00515	0.07332	0.00869
13	0.03872	0.08518	0.06916	0.01236	0.05493	0.01154	0.00991	0.04239	0.04995	0.02147	0.04541	0.13587	0.04423	0.00872	0.00591	0.00165	0.00543	0.00731	0.00448	0.34538
14	0.01477	0.05858	0.15881	0.01282	0.01764	0.10462	0.01194	0.04216	0.07084	0.03693	0.08198	0.10505	0.03732	0.01050	0.03431	0.00216	0.00714	0.00732	0.00456	0.18056

[dist]
# distance from previous block
# <min> <max>
8	41

[block]
# block no. 2 follows, 33 sequences, length 46
# corresponding to MSA columns:
# 361-406
name=unknown_C
#
# <colnr> <probs for GDERKNQSTAVLIFYWHMCP>
#	G	D	E	R	K	N	Q	S	T	A	V	L	I	F	Y	W	H	M	C	P
0	0.04612	0.10025	0.17322	0.01359	0.01934	0.12078	0.03638	0.03433	0.01518	0.06355	0.03263	0.05103	0.03135	0.00713	0.00579	0.00168	0.00737	0.00561	0.00401	0.23067
1	0.03590	0.48339	0.26246	0.01360	0.02054	0.02160	0.01531	0.01996	0.01350	0.01782	0.01012	0.01177	0.00843	0.00582	0.00491	0.00163	0.00779	0.00398	0.00288	0.03858
2	0.01893	0.03722	0.01261	0.00990	0.01323	0.00856	0.00794	0.02169	0.01807	0.34821	0.31809	0.03447	0.05506	0.01152	0.02525	0.00223	0.00476	0.00891	0.03479	0.00855
3	0.01459	0.02633	0.44040	0.03725	0.02709	0.04161	0.14210	0.02148	0.05100	0.05425	0.03783	0.01884	0.04316	0.00707	0.00668	0.00211	0.00911	0.00622	0.00364	0.00925
4	0.00944	0.00687	0.00911	0.00989	0.01125	0.00653	0.00788	0.01199	0.01566	0.02094	0.24382	0.20747	0.10645	0.01714	0.00844	0.00260	0.00448	0.28769	0.00643	0.00592
5	0.01176	0.01049	0.01722	0.27773	0.05767	0.01158	0.08486	0.03483	0.01433	0.01922	0.09263	0.23552	0.02533	0.01178	0.00812	0.00236	0.04181	0.03120	0.00454	0.00701
6	0.01375	0.01550	0.09724	0.09202	0.02470	0.01271	0.19274	0.01824	0.03216	0.02042	0.01381	0.05941	0.01175	0.00674	0.00707	0.00177	0.04616	0.00627	0.00368	0.32384
7	0.00802	0.00573	0.00764	0.00917	0.00955	0.00535	0.00611	0.00917	0.01260	0.01681	0.03628	0.76434	0.04354	0.02062	0.00840	0.00267	0.00382	0.01872	0.00611	0.00535
8	0.04094	0.01435	0.02124	0.21874	0.21112	0.03836	0.08577	0.04242	0.16182	0.02235	0.01585	0.01873	0.01226	0.00688	0.00648	0.00207	0.00757	0.00628	0.05779	0.00898
9	0.04085	0.01194	0.05635	0.04648	0.06514	0.00994	0.01028	0.05087	0.01581	0.17391	0.06470	0.14309	0.05219	0.00991	0.00656	0.00192	0.00550	0.02549	0.00550	0.20359
10	0.01474	0.14897	0.58737	0.01722	0.02607	0.01669	0.02151	0.02125	0.01407	0.05672	0.01213	0.01381	0.00877	0.00625	0.00595	0.00198	0.00909	0.00474	0.00306	0.00960
11	0.01683	0.15701	0.02219	0.01589	0.01763	0.16262	0.01329	0.01847	0.01239	0.01581	0.00933	0.01357	0.00883	0.01074	0.03880	0.00263	0.44841	0.00509	0.00299	0.00747
12	0.02117	0.00942	0.01278	0.01076	0.01435	0.00839	0.00878	0.02394	0.01831	0.43341	0.23202	0.03693	0.03252	0.01100	0.00727	0.00217	0.00493	0.09515	0.00762	0.00908
13	0.01527	0.02033	0.21917	0.06258	0.33528	0.01512	0.14221	0.02036	0.01475	0.04355	0.01366	0.04305	0.01109	0.00655	0.00674	0.00208	0.00875	0.00642	0.00339	0.00966
14	0.31702	0.12091	0.01603	0.03224	0.01609	0.01516	0.00947	0.02446	0.10240	0.21573	0.01673	0.01776	0.01242	0.00748	0.00588	0.00203	0.02915	0.02493	0.00531	0.00881
15	0.00794	0.00668	0.00689	0.00683	0.00899	0.00562	0.00513	0.00975	0.01538	0.01867	0.13408	0.06190	0.65696	0.01634	0.00778	0.00221	0.00331	0.01369	0.00623	0.00562
16	0.01412	0.01398	0.01962	0.01690	0.01697	0.01948	0.01405	0.01561	0.01011	0.01581	0.00916	0.01506	0.00909	0.01368	0.06276	0.00332	0.71440	0.00583	0.00292	0.00713
17	0.05393	0.51215	0.22325	0.01331	0.01997	0.02242	0.01466	0.04189	0.01398	0.01843	0.01009	0.01164	0.00844	0.00590	0.00484	0.00164	0.00769	0.00396	0.00299	0.00882
18	0.00802	0.00573	0.00764	0.00917	0.00955	0.00535	0.00611	0.00917	0.01260	0.01681	0.03628	0.76434	0.04354	0.02062	0.00840	0.00267	0.00382	0.01872	0.00611	0.00535
19	0.00940	0.00705	0.01058	0.01058	0.01176	0.00823	0.00823	0.01176	0.01058	0.01528	0.01763	0.02586	0.01646	0.04937	0.74255	0.01058	0.01763	0.00705	0.00353	0.00588
20	0.01365	0.01170	0.01365	0.00975	0.01560	0.00878	0.00780	0.01658	0.01365	0.02145	0.01170	0.01365	0.00975	0.00488	0.00488	0.00098	0.00488	0.00390	0.00390	0.80888
21	0.02954	0.01120	0.01528	0.01171	0.01681	0.00968	0.00968	0.03208	0.01884	0.73213	0.02597	0.02241	0.01630	0.00815	0.00662	0.00204	0.00560	0.00662	0.00815	0.01120
22	0.05921	0.02718	0.01851	0.05424	0.02131	0.54094	0.01272	0.14913	0.02028	0.02136	0.01123	0.01283	0.00893	0.00695	0.00600	0.00179	0.01057	0.00460	0.00398	0.00824
23	0.01653	0.50935	0.18901	0.01371	0.01964	0.04631	0.01454	0.01980	0.01334	0.01674	0.00973	0.01172	0.00844	0.00638	0.00643	0.00171	0.08112	0.00406	0.00283	0.00859
24	0.00924	0.00710	0.00873	0.00956	0.01136	0.00659	0.00792	0.01159	0.01500	0.01874	0.04927	0.09305	0.34799	0.01759	0.00848	0.00265	0.00475	0.35848	0.00609	0.00581
25	0.01320	0.03405	0.73453	0.01876	0.02849	0.01529	0.02432	0.02085	0.01390	0.02085	0.01181	0.01390	0.00834	0.00625	0.00625	0.00208	0.00973	0.00486	0.00278	0.00973
26	0.01735	0.01066	0.01151	0.03029	0.01342	0.01134	0.00787	0.24827	0.01978	0.06213	0.01950	0.02131	0.01471	0.00774	0.00542	0.00172	0.00475	0.00608	0.47804	0.00810
27	0.01161	0.00905	0.01226	0.06583	0.01443	0.01021	0.00906	0.01404	0.01511	0.05771	0.30936	0.10322	0.11244	0.01305	0.01090	0.00233	0.18422	0.01039	0.02815	0.00664
28	0.01366	0.07551	0.59001	0.01999	0.08335	0.01571	0.04437	0.02046	0.01416	0.02077	0.03486	0.01516	0.01031	0.00640	0.00625	0.00204	0.00924	0.00519	0.00298	0.00957
29	0.00979	0.00662	0.00867	0.00866	0.01003	0.00608	0.00630	0.01222	0.01668	0.05520	0.46016	0.26767	0.07591	0.01552	0.00791	0.00226	0.00345	0.01382	0.00690	0.00615
30	0.00957	0.00638	0.00718	0.00718	0.00718	0.00638	0.00399	0.00957	0.00957	0.01276	0.02074	0.04308	0.02393	0.76864	0.03351	0.00638	0.00638	0.00957	0.00399	0.00399
31	0.01269	0.08917	0.47930	0.01578	0.02273	0.03653	0.01850	0.01813	0.01369	0.01928	0.01740	0.19330	0.01678	0.00966	0.00659	0.00216	0.00816	0.00805	0.00360	0.00851
32	0.01345	0.01269	0.02078	0.28944	0.35998	0.01354	0.01690	0.01714	0.01434	0.01919	0.02148	0.02483	0.13267	0.00798	0.00676	0.00209	0.00739	0.00724	0.00363	0.00848
33	0.00821	0.00575	0.00757	0.00903	0.00946	0.00538	0.00604	0.00945	0.01266	0.01716	0.03561	0.73077	0.04233	0.02004	0.00823	0.00262	0.00379	0.01814	0.04237	0.00538
34	0.00851	0.00669	0.00771	0.00766	0.00952	0.00589	0.00579	0.01075	0.01625	0.02103	0.30716	0.09144	0.41206	0.01574	0.00787	0.00223	0.00341	0.04793	0.00653	0.00582
35	0.01645	0.06345	0.14147	0.25633	0.11212	0.07053	0.04035	0.02053	0.01469	0.11001	0.01572	0.01845	0.04171	0.00725	0.00713	0.00208	0.04335	0.00594	0.00379	0.00865
36	0.01707	0.01576	0.09208	0.01788	0.11109	0.05889	0.10117	0.06272	0.08148	0.13600	0.15555	0.02746	0.07563	0.00895	0.00698	0.00207	0.00684	0.00793	0.00549	0.00898
37	0.00802	0.00573	0.00764	0.00917	0.00955	0.00535	0.00611	0.00917	0.01260	0.01681	0.03628	0.76434	0.04354	0.02062	0.00840	0.00267	0.00382	0.01872	0.00611	0.00535
38	0.01473	0.01234	0.01423	0.01026	0.01606	0.00988	0.00825	0.08170	0.01529	0.02335	0.01209	0.01385	0.00989	0.00516	0.00504	0.00107	0.00510	0.00409	0.00415	0.73349
39	0.27812	0.01137	0.01251	0.01017	0.01448	0.01134	0.00833	0.05732	0.01631	0.38315	0.01954	0.01863	0.01320	0.00742	0.00554	0.00197	0.00519	0.00555	0.11060	0.00924
40	0.06102	0.00783	0.01043	0.00999	0.01176	0.00815	0.00752	0.01514	0.01232	0.14488	0.02223	0.15350	0.02148	0.12650	0.34915	0.00664	0.01091	0.00909	0.00489	0.00658
41	0.81514	0.01273	0.00968	0.00866	0.01273	0.01477	0.00713	0.01935	0.01120	0.02954	0.00917	0.01069	0.00713	0.00611	0.00407	0.00204	0.00509	0.00356	0.00407	0.00713
42	0.00879	0.00674	0.00807	0.00782	0.00962	0.00602	0.00592	0.01136	0.01716	0.02296	0.45514	0.05534	0.30742	0.01482	0.00782	0.00216	0.00330	0.03678	0.00678	0.00596
43	0.00957	0.00638	0.00718	0.00718	0.00718	0.00638	0.00399	0.00957	0.00957	0.01276	0.02074	0.04308	0.02393	0.76864	0.03351	0.00638	0.00638	0.00957	0.00399	0.00399
44	0.01879	0.01355	0.01585	0.13964	0.02118	0.04616	0.01131	0.23985	0.07475	0.12025	0.17956	0.02536	0.02384	0.00900	0.00678	0.00204	0.00628	0.00742	0.02937	0.00902
45	0.06531	0.03487	0.09530	0.02583	0.32639	0.06157	0.04673	0.10866	0.01738	0.06814	0.05626	0.01881	0.03153	0.00708	0.00643	0.00198	0.00764	0.00617	0.00430	0.00964

[dist]
# distance from previous block
# <min> <max>
2	20

[block]
# block no. 3 follows, 33 sequences, length 80
# corresponding to MSA columns:
# 427-474,476-499,502-509
name=unknown_D
#
# <colnr> <probs for GDERKNQSTAVLIFYWHMCP>
#	G	D	E	R	K	N	Q	S	T	A	V	L	I	F	Y	W	H	M	C	P
0	0.00826	0.00598	0.00789	0.00919	0.00980	0.00549	0.00618	0.00948	0.01265	0.01700	0.03526	0.73306	0.04213	0.01997	0.00826	0.00260	0.00386	0.01810	0.00602	0.03883
1	0.02893	0.01102	0.01496	0.01152	0.01648	0.00955	0.00950	0.03149	0.01866	0.70716	0.02581	0.02248	0.01632	0.00813	0.00655	0.00202	0.00551	0.00660	0.03627	0.01102
2	0.02954	0.01120	0.01528	0.01171	0.01681	0.00968	0.00968	0.03208	0.01884	0.73213	0.02597	0.02241	0.01630	0.00815	0.00662	0.00204	0.00560	0.00662	0.00815	0.01120
3	0.01144	0.00572	0.00858	0.00858	0.00858	0.00572	0.00572	0.00858	0.00858	0.01144	0.01144	0.02001	0.01144	0.02287	0.02573	0.80846	0.00572	0.00572	0.00286	0.00286
4	0.01166	0.00837	0.01128	0.01235	0.01414	0.00852	0.01075	0.06432	0.01631	0.02130	0.03346	0.06998	0.03593	0.01743	0.00891	0.00295	0.00615	0.63365	0.00610	0.00644
5	0.00912	0.00665	0.00858	0.00824	0.00975	0.00611	0.00613	0.01200	0.01796	0.02515	0.63193	0.10246	0.10290	0.01419	0.00781	0.00212	0.00317	0.01253	0.00709	0.00611
6	0.01533	0.01713	0.03536	0.02579	0.03121	0.01730	0.57494	0.02011	0.01452	0.02011	0.01245	0.01713	0.00974	0.00666	0.01035	0.00234	0.15032	0.00739	0.00325	0.00857
7	0.02503	0.01844	0.01976	0.01515	0.02042	0.02042	0.01251	0.70562	0.03095	0.04149	0.01581	0.01581	0.01120	0.00790	0.00659	0.00198	0.00724	0.00593	0.00659	0.01120
8	0.00940	0.00705	0.01058	0.01058	0.01176	0.00823	0.00823	0.01176	0.01058	0.01528	0.01763	0.02586	0.01646	0.04937	0.74255	0.01058	0.01763	0.00705	0.00353	0.00588
9	0.00940	0.00705	0.01058	0.01058	0.01176	0.00823	0.00823	0.01176	0.01058	0.01528	0.01763	0.02586	0.01646	0.04937	0.74255	0.01058	0.01763	0.00705	0.00353	0.00588
10	0.81514	0.01273	0.00968	0.00866	0.01273	0.01477	0.00713	0.01935	0.01120	0.02954	0.00917	0.01069	0.00713	0.00611	0.00407	0.00204	0.00509	0.00356	0.00407	0.00713
11	0.08707	0.01132	0.01487	0.01149	0.01651	0.01005	0.00949	0.03115	0.01828	0.68067	0.02474	0.02155	0.01562	0.00800	0.00643	0.00204	0.00556	0.00640	0.00785	0.01091
12	0.01061	0.00758	0.01061	0.01212	0.01364	0.00758	0.01061	0.01364	0.01515	0.01970	0.03486	0.07426	0.03789	0.01819	0.00909	0.00303	0.00606	0.68326	0.00606	0.00606
13	0.00957	0.00638	0.00718	0.00718	0.00718	0.00638	0.00399	0.00957	0.00957	0.01276	0.02074	0.04308	0.02393	0.76864	0.03351	0.00638	0.00638	0.00957	0.00399	0.00399
14	0.02503	0.01844	0.01976	0.01515	0.02042	0.02042	0.01251	0.70562	0.03095	0.04149	0.01581	0.01581	0.01120	0.00790	0.00659	0.00198	0.00724	0.00593	0.00659	0.01120
15	0.01061	0.00758	0.01061	0.01212	0.01364	0.00758	0.01061	0.01364	0.01515	0.01970	0.03486	0.07426	0.03789	0.01819	0.00909	0.00303	0.00606	0.68326	0.00606	0.00606
16	0.01554	0.01776	0.03885	0.02775	0.03441	0.01665	0.70366	0.02109	0.01554	0.02109	0.01332	0.01776	0.00999	0.00555	0.00777	0.00222	0.01110	0.00777	0.00333	0.00888
17	0.01637	0.01414	0.01489	0.01340	0.01712	0.01637	0.01042	0.03498	0.71568	0.02754	0.02679	0.02456	0.02010	0.00893	0.00670	0.00223	0.00521	0.00744	0.00670	0.01042
18	0.01343	0.01254	0.02106	0.38571	0.30879	0.01393	0.01760	0.01725	0.01381	0.01866	0.01486	0.10503	0.01352	0.00796	0.00677	0.00216	0.00782	0.00737	0.00343	0.00830
19	0.01365	0.01170	0.01365	0.00975	0.01560	0.00878	0.00780	0.01658	0.01365	0.02145	0.01170	0.01365	0.00975	0.00488	0.00488	0.00098	0.00488	0.00390	0.00390	0.80888
20	0.01480	0.10420	0.54690	0.01876	0.05271	0.03809	0.04293	0.02113	0.01414	0.04575	0.01198	0.01404	0.00878	0.00641	0.00661	0.00203	0.03327	0.00493	0.00303	0.00951
21	0.00985	0.00728	0.00972	0.00951	0.01006	0.00825	0.00673	0.01105	0.01008	0.01417	0.01840	0.03293	0.01932	0.37660	0.36460	0.00809	0.06643	0.00812	0.00369	0.00511
22	0.01243	0.01170	0.01975	0.75282	0.04534	0.01463	0.01828	0.01682	0.01316	0.01682	0.01170	0.01755	0.00878	0.00658	0.00658	0.00219	0.00878	0.00585	0.00293	0.00731
23	0.01243	0.01170	0.01975	0.75282	0.04534	0.01463	0.01828	0.01682	0.01316	0.01682	0.01170	0.01755	0.00878	0.00658	0.00658	0.00219	0.00878	0.00585	0.00293	0.00731
24	0.01508	0.01409	0.02370	0.06142	0.58801	0.01417	0.01832	0.01875	0.01479	0.02087	0.01606	0.06838	0.01513	0.00802	0.00689	0.00211	0.00743	0.07351	0.00370	0.00957
25	0.81514	0.01273	0.00968	0.00866	0.01273	0.01477	0.00713	0.01935	0.01120	0.02954	0.00917	0.01069	0.00713	0.00611	0.00407	0.00204	0.00509	0.00356	0.00407	0.00713
26	0.00941	0.00702	0.01043	0.01043	0.01156	0.00815	0.00805	0.01166	0.01054	0.01517	0.01777	0.02660	0.01678	0.08020	0.71216	0.01040	0.01715	0.00716	0.00355	0.00580
27	0.81514	0.01273	0.00968	0.00866	0.01273	0.01477	0.00713	0.01935	0.01120	0.02954	0.00917	0.01069	0.00713	0.00611	0.00407	0.00204	0.00509	0.00356	0.00407	0.00713
28	0.01017	0.00864	0.00902	0.00875	0.01122	0.00852	0.00660	0.01646	0.20791	0.02038	0.05291	0.11688	0.46821	0.01490	0.00754	0.00227	0.00390	0.01256	0.00627	0.00688
29	0.01252	0.01157	0.01890	0.20817	0.17831	0.01291	0.06438	0.01561	0.01317	0.01807	0.04624	0.08125	0.05550	0.05964	0.08643	0.00338	0.09473	0.00802	0.00375	0.00745
30	0.00802	0.00573	0.00764	0.00917	0.00955	0.00535	0.00611	0.00917	0.01260	0.01681	0.03628	0.76434	0.04354	0.02062	0.00840	0.00267	0.00382	0.01872	0.00611	0.00535
31	0.02954	0.01120	0.01528	0.01171	0.01681	0.00968	0.00968	0.03208	0.01884	0.73213	0.02597	0.02241	0.01630	0.00815	0.00662	0.00204	0.00560	0.00662	0.00815	0.01120
32	0.01513	0.01444	0.02457	0.34526	0.16131	0.01600	0.15568	0.07760	0.05887	0.02124	0.01333	0.01755	0.01022	0.00667	0.00732	0.00216	0.03399	0.00634	0.00361	0.00871
33	0.01692	0.01239	0.01546	0.16267	0.02129	0.06563	0.01157	0.10588	0.01562	0.14180	0.01665	0.02145	0.01350	0.06215	0.23190	0.00492	0.06133	0.00644	0.00456	0.00787
34	0.00802	0.00573	0.00764	0.00917	0.00955	0.00535	0.00611	0.00917	0.01260	0.01681	0.03628	0.76434	0.04354	0.02062	0.00840	0.00267	0.00382	0.01872	0.00611	0.00535
35	0.01734	0.01393	0.01491	0.01327	0.01710	0.01589	0.01037	0.03477	0.66479	0.07899	0.02673	0.02440	0.01982	0.00887	0.00669	0.00222	0.00524	0.00738	0.00680	0.01048
36	0.01676	0.01528	0.02601	0.13826	0.48799	0.01564	0.08646	0.06295	0.01594	0.05165	0.01316	0.01684	0.01044	0.00616	0.00666	0.00202	0.00815	0.00609	0.00363	0.00991
37	0.01349	0.01199	0.08017	0.13767	0.12035	0.01055	0.01248	0.03986	0.03311	0.09279	0.07831	0.29043	0.02686	0.01234	0.00730	0.00229	0.00602	0.01101	0.00520	0.00779
38	0.00932	0.00673	0.00880	0.00828	0.00984	0.00621	0.00621	0.01242	0.01863	0.02640	0.72410	0.04918	0.06212	0.01346	0.00776	0.00207	0.00311	0.01191	0.00725	0.00621
39	0.01583	0.00944	0.01256	0.07361	0.03991	0.00884	0.02773	0.01915	0.05607	0.23535	0.06090	0.09495	0.29408	0.01233	0.00727	0.00219	0.00499	0.01051	0.00635	0.00796
40	0.01724	0.13552	0.31873	0.04681	0.07722	0.01670	0.11078	0.06775	0.01587	0.11200	0.01373	0.01545	0.00995	0.00640	0.00626	0.00198	0.00865	0.00546	0.00384	0.00967
41	0.01333	0.01301	0.02009	0.67083	0.08381	0.05462	0.01809	0.01754	0.01357	0.01706	0.01166	0.01717	0.00886	0.00655	0.00654	0.00215	0.00889	0.00576	0.00297	0.00751
42	0.78352	0.01348	0.01004	0.00899	0.01304	0.04386	0.00735	0.01963	0.01150	0.02900	0.00921	0.01074	0.00718	0.00614	0.00415	0.00202	0.00536	0.00359	0.00405	0.00715
43	0.00940	0.00705	0.01058	0.01058	0.01176	0.00823	0.00823	0.01176	0.01058	0.01528	0.01763	0.02586	0.01646	0.04937	0.74255	0.01058	0.01763	0.00705	0.00353	0.00588
44	0.01324	0.01197	0.01701	0.01911	0.19235	0.02934	0.07353	0.05432	0.10272	0.02134	0.05491	0.12090	0.17073	0.03881	0.04733	0.00277	0.00672	0.00988	0.00501	0.00799
45	0.01365	0.01170	0.01365	0.00975	0.01560	0.00878	0.00780	0.01658	0.01365	0.02145	0.01170	0.01365	0.00975	0.00488	0.00488	0.00098	0.00488	0.00390	0.00390	0.80888
46	0.00957	0.00638	0.00718	0.00718	0.00718	0.00638	0.00399	0.00957	0.00957	0.01276	0.02074	0.04308	0.02393	0.76864	0.03351	0.00638	0.00638	0.00957	0.00399	0.00399
47	0.00932	0.00673	0.00880	0.00828	0.00984	0.00621	0.00621	0.01242	0.01863	0.02640	0.72410	0.04918	0.06212	0.01346	0.00776	0.00207	0.00311	0.01191	0.00725	0.00621
48	0.00925	0.00675	0.00871	0.00830	0.00990	0.00621	0.00627	0.01225	0.01826	0.02556	0.65396	0.05103	0.10854	0.01385	0.00781	0.00211	0.00322	0.03473	0.00713	0.00616
49	0.00778	0.00667	0.00667	0.00667	0.00889	0.00556	0.00500	0.00945	0.01501	0.01778	0.06669	0.06336	0.72490	0.01667	0.00778	0.00222	0.00333	0.01389	0.00611	0.00556
50	0.01230	0.01153	0.01939	0.73102	0.04429	0.01435	0.01793	0.01660	0.01315	0.01682	0.01242	0.03944	0.00979	0.00699	0.00664	0.00221	0.00863	0.00623	0.00302	0.00726
51	0.01371	0.01190	0.01413	0.01030	0.01572	0.00961	0.00828	0.01652	0.01339	0.02104	0.01148	0.01371	0.00967	0.00536	0.00610	0.00111	0.05977	0.00404	0.00383	0.75034
52	0.03961	0.03085	0.60366	0.01982	0.02889	0.01548	0.12857	0.02084	0.01406	0.02117	0.01196	0.01439	0.00855	0.00614	0.00642	0.00210	0.00979	0.00527	0.00291	0.00951
53	0.02459	0.03138	0.01866	0.01696	0.02035	0.74221	0.01272	0.02629	0.01866	0.01611	0.01018	0.01187	0.00848	0.00678	0.00594	0.00170	0.01187	0.00424	0.00339	0.00763
54	0.01678	0.44784	0.28509	0.01412	0.02119	0.02129	0.01594	0.04542	0.01443	0.04822	0.01105	0.01245	0.00884	0.00604	0.00514	0.00170	0.00796	0.00422	0.00316	0.00912
55	0.02954	0.01120	0.01528	0.01171	0.01681	0.00968	0.00968	0.03208	0.01884	0.73213	0.02597	0.02241	0.01630	0.00815	0.00662	0.00204	0.00560	0.00662	0.00815	0.01120
56	0.02503	0.01844	0.01976	0.01515	0.02042	0.02042	0.01251	0.70562	0.03095	0.04149	0.01581	0.01581	0.01120	0.00790	0.00659	0.00198	0.00724	0.00593	0.00659	0.01120
57	0.01360	0.01363	0.02566	0.28247	0.16986	0.01425	0.23785	0.01784	0.01421	0.01911	0.01560	0.11591	0.01408	0.00796	0.00719	0.00222	0.00868	0.00817	0.00354	0.00816
58	0.12505	0.01897	0.01762	0.01413	0.01882	0.13296	0.01145	0.45133	0.02528	0.07388	0.01482	0.01518	0.01072	0.00750	0.00610	0.00193	0.00748	0.00541	0.03142	0.00995
59	0.00802	0.00573	0.00764	0.00917	0.00955	0.00535	0.00611	0.00917	0.01260	0.01681	0.03628	0.76434	0.04354	0.02062	0.00840	0.00267	0.00382	0.01872	0.00611	0.00535
60	0.00940	0.00705	0.01058	0.01058	0.01176	0.00823	0.00823	0.01176	0.01058	0.01528	0.01763	0.02586	0.01646	0.04937	0.74255	0.01058	0.01763	0.00705	0.00353	0.00588
61	0.01764	0.01530	0.01916	0.02215	0.24267	0.04698	0.01372	0.12133	0.27738	0.04566	0.02004	0.07099	0.01644	0.00859	0.00717	0.00213	0.03002	0.00730	0.00533	0.00998
62	0.01629	0.01564	0.02672	0.04041	0.72757	0.01564	0.02020	0.02020	0.01499	0.02151	0.01238	0.01629	0.01043	0.00587	0.00652	0.00196	0.00782	0.00587	0.00326	0.01043
63	0.00802	0.00573	0.00764	0.00917	0.00955	0.00535	0.00611	0.00917	0.01260	0.01681	0.03628	0.76434	0.04354	0.02062	0.00840	0.00267	0.00382	0.01872	0.00611	0.00535
64	0.81514	0.01273	0.00968	0.00866	0.01273	0.01477	0.00713	0.01935	0.01120	0.02954	0.00917	0.01069	0.00713	0.00611	0.00407	0.00204	0.00509	0.00356	0.00407	0.00713
65	0.00956	0.00645	0.00752	0.00752	0.00763	0.00656	0.00441	0.00979	0.00967	0.01301	0.02044	0.04138	0.02320	0.69766	0.10348	0.00680	0.00749	0.00932	0.00394	0.00418
66	0.01390	0.01914	0.23019	0.26177	0.17853	0.01471	0.01885	0.04682	0.05370	0.02091	0.03726	0.01947	0.04206	0.00716	0.00657	0.00210	0.00819	0.00619	0.00358	0.00890
67	0.01553	0.01494	0.02571	0.17729	0.57709	0.01547	0.03863	0.01958	0.01465	0.02059	0.01228	0.01658	0.01010	0.00599	0.00656	0.00201	0.00809	0.00592	0.00320	0.00979
68	0.01620	0.01061	0.01378	0.10606	0.01789	0.02986	0.01016	0.07457	0.01593	0.18341	0.06868	0.25851	0.04921	0.01288	0.00909	0.00236	0.09651	0.01071	0.00582	0.00777
69	0.00948	0.00677	0.00912	0.00912	0.00980	0.00744	0.00641	0.01082	0.01015	0.01420	0.01897	0.03324	0.01966	0.35744	0.43886	0.00878	0.01281	0.00813	0.00372	0.00507
70	0.01521	0.07798	0.27680	0.10974	0.02949	0.04543	0.20592	0.04968	0.05363	0.02109	0.01294	0.01573	0.00968	0.00623	0.00653	0.00203	0.00932	0.00580	0.00340	0.04337
71	0.01543	0.01288	0.01390	0.01273	0.01610	0.01450	0.01004	0.07892	0.51048	0.02659	0.03033	0.05429	0.07772	0.01086	0.00710	0.00232	0.00527	0.08455	0.00656	0.00945
72	0.01209	0.00713	0.00888	0.00815	0.01016	0.00655	0.00621	0.01500	0.01746	0.10713	0.45829	0.04263	0.10248	0.01202	0.00704	0.00198	0.00341	0.01038	0.15628	0.00672
73	0.01243	0.01170	0.01975	0.75282	0.04534	0.01463	0.01828	0.01682	0.01316	0.01682	0.01170	0.01755	0.00878	0.00658	0.00658	0.00219	0.00878	0.00585	0.00293	0.00731
74	0.07804	0.00945	0.01212	0.01056	0.01401	0.00869	0.00868	0.02225	0.01725	0.35845	0.15982	0.03960	0.08012	0.01156	0.00721	0.00225	0.00502	0.13922	0.00713	0.00856
75	0.01176	0.00987	0.01248	0.08542	0.07813	0.01022	0.00938	0.03760	0.16198	0.02344	0.25308	0.04080	0.21609	0.01185	0.00729	0.00214	0.00470	0.01020	0.00604	0.00754
76	0.00910	0.00637	0.00797	0.00884	0.00936	0.00618	0.00607	0.01017	0.01200	0.01581	0.03125	0.32368	0.06403	0.31219	0.01831	0.00417	0.00522	0.13905	0.00527	0.00496
77	0.01380	0.01205	0.01614	0.21220	0.07846	0.01391	0.01293	0.02344	0.29587	0.02253	0.08580	0.02842	0.02125	0.01111	0.03897	0.00263	0.03028	0.06651	0.00516	0.00853
78	0.01365	0.01170	0.01365	0.00975	0.01560	0.00878	0.00780	0.01658	0.01365	0.02145	0.01170	0.01365	0.00975	0.00488	0.00488	0.00098	0.00488	0.00390	0.00390	0.80888
79	0.01538	0.13033	0.03661	0.08265	0.07442	0.09107	0.01211	0.07380	0.03349	0.01850	0.01480	0.07072	0.01432	0.11947	0.05801	0.00324	0.13294	0.00683	0.00379	0.00751

[dist]
# distance from previous block
# <min> <max>
0	193

# created by:
# /home/cegg/simao/soft/augustus-3.2.1/scripts/msa2prfl.pl ./align_prep/EOG090W05ON.fa
