[name]
unknown

[dist]
# distance from previous block
# <min> <max>
0	30

[block]
# block no. 0 follows, 35 sequences, length 55
# corresponding to MSA columns:
# 63-117
name=unknown_A
#
# <colnr> <probs for GDERKNQSTAVLIFYWHMCP>
#	G	D	E	R	K	N	Q	S	T	A	V	L	I	F	Y	W	H	M	C	P
0	0.04649	0.09338	0.09818	0.01412	0.01899	0.05415	0.01270	0.34810	0.05225	0.09175	0.01491	0.01624	0.01118	0.00852	0.02426	0.00214	0.06033	0.01759	0.00517	0.00957
1	0.01828	0.01659	0.01807	0.01521	0.03639	0.10899	0.06519	0.20999	0.21761	0.02644	0.01716	0.01938	0.01355	0.00779	0.00708	0.00193	0.04867	0.03571	0.00512	0.11087
2	0.00919	0.00628	0.00759	0.00759	0.00782	0.00651	0.00467	0.00965	0.00942	0.01279	0.01938	0.03814	0.02160	0.62871	0.17863	0.00697	0.00836	0.00873	0.00375	0.00421
3	0.01614	0.01381	0.01455	0.01298	0.01663	0.01595	0.01013	0.06334	0.69580	0.02712	0.02536	0.02330	0.01899	0.00856	0.00645	0.00214	0.00511	0.00711	0.00645	0.01007
4	0.01183	0.00591	0.00591	0.00591	0.00739	0.00591	0.00443	0.01478	0.01330	0.02365	0.02069	0.02365	0.01626	0.00739	0.00443	0.00148	0.00296	0.00591	0.81227	0.00591
5	0.00807	0.00612	0.00706	0.00748	0.00888	0.00540	0.00539	0.00915	0.01327	0.01651	0.06760	0.24536	0.43047	0.01769	0.00958	0.09090	0.00367	0.03674	0.00558	0.00505
6	0.01988	0.01775	0.01585	0.01378	0.01761	0.18542	0.01076	0.12299	0.40467	0.09124	0.02064	0.01953	0.01530	0.00793	0.00626	0.00198	0.00680	0.00619	0.00583	0.00959
7	0.01183	0.00591	0.00591	0.00591	0.00739	0.00591	0.00443	0.01478	0.01330	0.02365	0.02069	0.02365	0.01626	0.00739	0.00443	0.00148	0.00296	0.00591	0.81227	0.00591
8	0.06141	0.07040	0.02029	0.23628	0.13485	0.04160	0.06892	0.12265	0.01575	0.02186	0.01393	0.06859	0.01187	0.00738	0.00641	0.00197	0.02418	0.00633	0.05726	0.00806
9	0.01029	0.00674	0.00879	0.00823	0.00993	0.00615	0.00619	0.01306	0.01745	0.07763	0.60987	0.09661	0.07836	0.01318	0.00744	0.00204	0.00323	0.01162	0.00693	0.00626
10	0.01898	0.01103	0.01685	0.20543	0.15771	0.01105	0.01281	0.02204	0.01556	0.31929	0.05496	0.07302	0.03635	0.00835	0.00655	0.00203	0.00628	0.00729	0.00547	0.00894
11	0.00922	0.00617	0.00704	0.00704	0.00708	0.00621	0.00399	0.00930	0.00926	0.01239	0.01988	0.04092	0.02280	0.75076	0.05822	0.00630	0.00654	0.00914	0.00383	0.00391
12	0.01852	0.01487	0.04505	0.10773	0.20498	0.06146	0.03009	0.07591	0.11556	0.17155	0.04138	0.01949	0.01417	0.02610	0.00731	0.00209	0.02330	0.00621	0.00492	0.00932
13	0.03910	0.43280	0.02545	0.01239	0.01705	0.14439	0.01094	0.07929	0.14584	0.01953	0.01262	0.01328	0.01039	0.00639	0.00497	0.00161	0.00721	0.00439	0.00382	0.00854
14	0.08983	0.01026	0.01269	0.01047	0.01437	0.00940	0.00830	0.06959	0.01634	0.38011	0.02353	0.18918	0.01978	0.01000	0.00635	0.00197	0.00499	0.00840	0.00647	0.10798
15	0.01530	0.24274	0.40963	0.01463	0.02175	0.01644	0.01707	0.02017	0.01368	0.09699	0.01378	0.06640	0.01127	0.00702	0.00565	0.00186	0.00780	0.00543	0.00348	0.00888
16	0.00972	0.00703	0.00917	0.00903	0.01091	0.00635	0.03193	0.01186	0.01486	0.06068	0.16684	0.19935	0.29886	0.01566	0.00775	0.00232	0.00408	0.12157	0.00609	0.00593
17	0.01435	0.01592	0.03411	0.02458	0.03030	0.01496	0.63700	0.01911	0.01435	0.01945	0.01361	0.01977	0.01109	0.08944	0.01019	0.00258	0.01020	0.00768	0.00328	0.00804
18	0.03936	0.01131	0.01870	0.73633	0.04263	0.01410	0.01725	0.01629	0.01262	0.01662	0.01119	0.01669	0.00840	0.00633	0.00626	0.00211	0.00834	0.00556	0.00286	0.00704
19	0.01688	0.05322	0.24721	0.01894	0.02535	0.09350	0.22991	0.13007	0.01704	0.04578	0.01346	0.03483	0.01032	0.00655	0.00644	0.00197	0.00908	0.00602	0.02450	0.00893
20	0.01388	0.01388	0.01943	0.01666	0.01666	0.01943	0.01388	0.01527	0.00972	0.01527	0.00833	0.01388	0.00833	0.01110	0.02082	0.00278	0.76544	0.00555	0.00278	0.00694
21	0.00908	0.00671	0.00975	0.00975	0.01074	0.00769	0.00738	0.01105	0.01006	0.01440	0.01740	0.02715	0.01683	0.14571	0.65511	0.00965	0.01553	0.00712	0.00346	0.00542
22	0.06744	0.01448	0.02395	0.11573	0.61496	0.01491	0.01845	0.01906	0.01402	0.02073	0.01166	0.01548	0.00967	0.00574	0.00613	0.00191	0.00747	0.00551	0.00316	0.00952
23	0.01722	0.01380	0.01483	0.01288	0.01649	0.01555	0.01010	0.23550	0.42283	0.02921	0.02384	0.11984	0.01976	0.00979	0.00664	0.00213	0.00543	0.00816	0.00635	0.00962
24	0.01641	0.67608	0.11030	0.01182	0.01751	0.02380	0.01232	0.01900	0.01285	0.01550	0.00908	0.01064	0.00814	0.00566	0.00479	0.00147	0.03008	0.00360	0.00271	0.00824
25	0.01089	0.00555	0.00817	0.00817	0.00817	0.00555	0.00539	0.00833	0.00833	0.01111	0.01165	0.02084	0.01186	0.07476	0.02532	0.75891	0.00555	0.00577	0.00283	0.00283
26	0.01388	0.01388	0.01943	0.01666	0.01666	0.01943	0.01388	0.01527	0.00972	0.01527	0.00833	0.01388	0.00833	0.01110	0.02082	0.00278	0.76544	0.00555	0.00278	0.00694
27	0.01198	0.01128	0.01903	0.76180	0.04369	0.01409	0.01762	0.01621	0.01268	0.01621	0.01128	0.01691	0.00846	0.00634	0.00634	0.00211	0.00846	0.00564	0.00282	0.00705
28	0.00907	0.00677	0.01006	0.01006	0.01115	0.00786	0.00777	0.01124	0.01016	0.01463	0.01711	0.02559	0.01615	0.07680	0.72309	0.01003	0.01656	0.00689	0.00342	0.00559
29	0.02370	0.03023	0.01798	0.01634	0.01961	0.75158	0.01226	0.02533	0.01798	0.01553	0.00981	0.01144	0.00817	0.00654	0.00572	0.00163	0.01144	0.00409	0.00327	0.00735
30	0.00773	0.00552	0.00736	0.00883	0.00920	0.00515	0.00589	0.00883	0.01215	0.01619	0.03497	0.77291	0.04196	0.01987	0.00810	0.00258	0.00368	0.01803	0.00589	0.00515
31	0.01550	0.01494	0.02506	0.03651	0.65893	0.01555	0.01886	0.01901	0.01393	0.02013	0.01154	0.01550	0.00986	0.00625	0.00786	0.00198	0.09013	0.00564	0.00310	0.00971
32	0.01152	0.01065	0.01776	0.67975	0.03993	0.01312	0.01634	0.01540	0.01263	0.01621	0.01386	0.09929	0.01211	0.00782	0.00653	0.00216	0.00794	0.00699	0.00315	0.00684
33	0.01514	0.01433	0.02348	0.14682	0.55265	0.01500	0.01816	0.02052	0.09172	0.02067	0.01335	0.01675	0.01082	0.00608	0.00631	0.00195	0.00740	0.00582	0.00345	0.00959
34	0.01110	0.00935	0.06073	0.00936	0.01186	0.00781	0.00778	0.01585	0.09440	0.07069	0.49458	0.06369	0.09359	0.01209	0.00722	0.00204	0.00385	0.01053	0.00658	0.00691
35	0.02542	0.01297	0.01448	0.01155	0.01590	0.09069	0.00935	0.08776	0.01871	0.51642	0.03960	0.02168	0.03396	0.00798	0.00622	0.00189	0.00591	0.00634	0.06333	0.00983
36	0.10293	0.10682	0.42322	0.01616	0.02349	0.03318	0.06956	0.09254	0.01499	0.02254	0.01156	0.01342	0.00855	0.00611	0.00568	0.00191	0.00833	0.00475	0.02534	0.00892
37	0.00776	0.00563	0.00726	0.00854	0.00907	0.00520	0.00572	0.00887	0.01227	0.01616	0.03729	0.68129	0.10766	0.04384	0.00882	0.00265	0.00372	0.01731	0.00582	0.00513
38	0.01350	0.01266	0.04572	0.01070	0.01587	0.01022	0.00902	0.03435	0.01323	0.02056	0.01106	0.01330	0.00926	0.00553	0.00656	0.00121	0.08786	0.00405	0.00367	0.67167
39	0.01496	0.01196	0.01386	0.01004	0.01559	0.00971	0.00808	0.09289	0.01517	0.05166	0.01226	0.01372	0.00980	0.00514	0.00495	0.00109	0.00497	0.00408	0.00420	0.69586
40	0.00933	0.00666	0.00852	0.00824	0.00990	0.00611	0.00636	0.01211	0.01710	0.03936	0.54733	0.05139	0.15191	0.01379	0.00760	0.00212	0.00339	0.08609	0.00672	0.00599
41	0.01874	0.01543	0.01673	0.01500	0.06273	0.03430	0.01124	0.27194	0.37613	0.03029	0.01996	0.01927	0.01489	0.00779	0.00628	0.00196	0.00600	0.00628	0.00597	0.05905
42	0.01862	0.00957	0.01240	0.01066	0.01360	0.00926	0.00838	0.07794	0.01678	0.33391	0.09588	0.20688	0.08103	0.01208	0.00799	0.00218	0.05779	0.01010	0.00667	0.00829
43	0.01272	0.05184	0.70166	0.01756	0.02658	0.01473	0.02254	0.01980	0.01353	0.02013	0.03454	0.01440	0.00970	0.00623	0.00602	0.00199	0.00910	0.00487	0.00282	0.00923
44	0.01422	0.25837	0.47847	0.01735	0.07365	0.01790	0.01935	0.01972	0.01331	0.01857	0.01065	0.01258	0.00821	0.00582	0.00545	0.00180	0.00846	0.00436	0.00272	0.00905
45	0.00923	0.00615	0.00692	0.00692	0.00692	0.00615	0.00384	0.00923	0.00923	0.01230	0.01999	0.04151	0.02306	0.77705	0.03229	0.00615	0.00615	0.00923	0.00384	0.00384
46	0.01372	0.01880	0.19706	0.02116	0.04406	0.02939	0.37411	0.01858	0.01423	0.03877	0.01669	0.15134	0.01517	0.00821	0.00716	0.00216	0.00893	0.00857	0.00369	0.00821
47	0.04624	0.01407	0.05293	0.16422	0.20536	0.01407	0.13759	0.03378	0.12342	0.02076	0.01719	0.06464	0.03519	0.00886	0.03201	0.00236	0.00780	0.00710	0.00393	0.00848
48	0.01252	0.01168	0.01961	0.58031	0.16548	0.01379	0.01743	0.01658	0.01313	0.01721	0.01295	0.02051	0.01070	0.00700	0.00650	0.00213	0.00811	0.05376	0.00309	0.00750
49	0.01356	0.00885	0.01153	0.01125	0.06226	0.00850	0.00797	0.09151	0.01869	0.12040	0.45915	0.06093	0.07650	0.01156	0.00715	0.00200	0.00409	0.01006	0.00668	0.00737
50	0.01222	0.02432	0.01341	0.01406	0.10784	0.02560	0.05759	0.01428	0.01375	0.09623	0.04685	0.29472	0.15178	0.05180	0.04314	0.00278	0.00575	0.01188	0.00524	0.00678
51	0.01747	0.01971	0.12964	0.04664	0.02257	0.17618	0.16081	0.08732	0.03241	0.08926	0.01863	0.08891	0.04970	0.00843	0.00668	0.00203	0.00846	0.02250	0.00438	0.00828
52	0.01826	0.01466	0.02617	0.01967	0.02439	0.01479	0.34284	0.09714	0.01653	0.17226	0.01669	0.02172	0.01297	0.00784	0.00899	0.00222	0.10823	0.06111	0.00467	0.00884
53	0.01191	0.01246	0.06918	0.50510	0.09050	0.01295	0.04751	0.01594	0.01292	0.01721	0.01467	0.11293	0.01307	0.00797	0.00654	0.00213	0.00780	0.00724	0.02474	0.00724
54	0.04586	0.10613	0.26765	0.06099	0.02367	0.10130	0.06527	0.12196	0.05389	0.07501	0.01324	0.01459	0.00971	0.00648	0.00592	0.00190	0.00835	0.00509	0.00394	0.00906

[dist]
# distance from previous block
# <min> <max>
1	9

[block]
# block no. 1 follows, 35 sequences, length 39
# corresponding to MSA columns:
# 127-165
name=unknown_B
#
# <colnr> <probs for GDERKNQSTAVLIFYWHMCP>
#	G	D	E	R	K	N	Q	S	T	A	V	L	I	F	Y	W	H	M	C	P
0	0.04086	0.33264	0.11295	0.01575	0.06157	0.16638	0.06763	0.02054	0.01428	0.04450	0.01199	0.01371	0.02927	0.00636	0.00587	0.00170	0.03795	0.00462	0.00321	0.00821
1	0.03898	0.08609	0.14543	0.01950	0.14475	0.05760	0.11383	0.04418	0.07812	0.02087	0.04521	0.05281	0.04359	0.00840	0.00652	0.00205	0.00749	0.07210	0.00409	0.00840
2	0.02183	0.01625	0.01936	0.01691	0.08919	0.01764	0.03983	0.48315	0.09973	0.07882	0.01660	0.01696	0.01205	0.00878	0.03117	0.00222	0.00721	0.00601	0.00592	0.01038
3	0.01070	0.00922	0.04065	0.01206	0.03886	0.00823	0.07825	0.02910	0.02967	0.03643	0.24378	0.18332	0.07014	0.08355	0.03034	0.00282	0.00544	0.07549	0.00554	0.00641
4	0.01252	0.01061	0.01237	0.01143	0.01309	0.06917	0.00891	0.10290	0.01337	0.01799	0.01740	0.02418	0.04087	0.08727	0.45541	0.00723	0.07827	0.00675	0.00384	0.00642
5	0.01183	0.00591	0.00591	0.00591	0.00739	0.00591	0.00443	0.01478	0.01330	0.02365	0.02069	0.02365	0.01626	0.00739	0.00443	0.00148	0.00296	0.00591	0.81227	0.00591
6	0.01624	0.01910	0.11597	0.09643	0.28748	0.12659	0.06092	0.06149	0.05465	0.02047	0.01325	0.04455	0.01105	0.00692	0.00689	0.00198	0.03762	0.00597	0.00354	0.00891
7	0.01545	0.00848	0.01057	0.00905	0.01189	0.00781	0.00708	0.05679	0.01687	0.22545	0.24702	0.03611	0.14156	0.04303	0.05076	0.00257	0.00492	0.00901	0.05742	0.03816
8	0.01183	0.00591	0.00591	0.00591	0.00739	0.00591	0.00443	0.01478	0.01330	0.02365	0.02069	0.02365	0.01626	0.00739	0.00443	0.00148	0.00296	0.00591	0.81227	0.00591
9	0.04122	0.01342	0.02144	0.36799	0.20261	0.01556	0.05764	0.07707	0.01429	0.01986	0.01143	0.01591	0.00904	0.00678	0.00804	0.00212	0.09850	0.00567	0.00325	0.00815
10	0.01556	0.01493	0.02549	0.06687	0.71067	0.01504	0.01940	0.01934	0.01438	0.02055	0.01191	0.01575	0.00999	0.00568	0.00628	0.00189	0.00757	0.00565	0.00313	0.00993
11	0.01736	0.01661	0.06076	0.01499	0.01895	0.09405	0.10504	0.26333	0.07024	0.02601	0.03547	0.11874	0.04310	0.04714	0.00854	0.00227	0.03587	0.00802	0.00507	0.00845
12	0.00922	0.00618	0.00704	0.00704	0.00709	0.00622	0.00400	0.00931	0.00926	0.01239	0.01987	0.04088	0.02279	0.74905	0.05992	0.00631	0.00657	0.00913	0.00383	0.00391
13	0.18699	0.01927	0.01759	0.01797	0.14642	0.22535	0.01219	0.19831	0.04605	0.05381	0.01256	0.01379	0.00962	0.00665	0.00566	0.00185	0.00778	0.00485	0.00446	0.00884
14	0.01876	0.06263	0.01649	0.01340	0.01712	0.18708	0.01056	0.13888	0.36171	0.02526	0.01908	0.01869	0.01453	0.00770	0.00599	0.00190	0.00679	0.00592	0.05835	0.00915
15	0.03300	0.04282	0.02738	0.07112	0.31567	0.03933	0.23243	0.04473	0.04188	0.04951	0.01299	0.01623	0.01019	0.00604	0.00692	0.00199	0.02890	0.00613	0.00356	0.00916
16	0.02055	0.02378	0.02050	0.02376	0.26609	0.44027	0.01454	0.05007	0.01704	0.01848	0.01081	0.01312	0.00897	0.00620	0.00590	0.00170	0.00966	0.00467	0.00336	0.04053
17	0.02403	0.01366	0.02171	0.01610	0.02145	0.01284	0.20536	0.13736	0.01914	0.42970	0.02008	0.01933	0.01323	0.00712	0.00668	0.00200	0.00712	0.00658	0.00632	0.01017
18	0.01033	0.00842	0.01165	0.01095	0.01148	0.01037	0.00833	0.01176	0.00981	0.01420	0.01560	0.02663	0.01590	0.23676	0.37025	0.00721	0.20434	0.00714	0.00336	0.00549
19	0.01562	0.30806	0.27791	0.01470	0.02095	0.09430	0.04309	0.02110	0.08177	0.01817	0.01261	0.04246	0.01055	0.00661	0.00544	0.00177	0.00804	0.00501	0.00326	0.00857
20	0.02295	0.02807	0.01783	0.01608	0.01922	0.65880	0.01218	0.02523	0.04485	0.03691	0.01078	0.01235	0.00883	0.00692	0.00665	0.00173	0.05523	0.00436	0.00350	0.00753
21	0.01388	0.01388	0.01943	0.01666	0.01666	0.01943	0.01388	0.01527	0.00972	0.01527	0.00833	0.01388	0.00833	0.01110	0.02082	0.00278	0.76544	0.00555	0.00278	0.00694
22	0.00831	0.00623	0.00823	0.00984	0.03755	0.00582	0.00661	0.00979	0.01289	0.01695	0.06009	0.53564	0.13819	0.03882	0.00864	0.00260	0.00401	0.07862	0.00576	0.00543
23	0.02022	0.07580	0.01883	0.01633	0.07018	0.36141	0.03823	0.13423	0.01839	0.04865	0.01605	0.10274	0.03499	0.00841	0.00617	0.00183	0.00869	0.00653	0.00428	0.00803
24	0.04935	0.01760	0.01873	0.01440	0.01944	0.01950	0.01189	0.69425	0.02923	0.03962	0.01503	0.01508	0.01066	0.00756	0.00627	0.00191	0.00692	0.00564	0.00627	0.01066
25	0.01570	0.01534	0.02491	0.09671	0.65414	0.04278	0.01905	0.01943	0.01444	0.02016	0.01180	0.01564	0.00985	0.00574	0.00626	0.00189	0.00776	0.00559	0.00312	0.00970
26	0.01556	0.01484	0.02481	0.06613	0.66764	0.01508	0.01884	0.02017	0.05610	0.02089	0.01272	0.01622	0.01053	0.00585	0.00629	0.00191	0.00743	0.00574	0.00332	0.00993
27	0.01388	0.01388	0.01943	0.01666	0.01666	0.01943	0.01388	0.01527	0.00972	0.01527	0.00833	0.01388	0.00833	0.01110	0.02082	0.00278	0.76544	0.00555	0.00278	0.00694
28	0.01528	0.01448	0.02451	0.11980	0.58110	0.01482	0.04308	0.04434	0.01475	0.02074	0.01281	0.04212	0.01098	0.00629	0.00640	0.00194	0.00760	0.00615	0.00332	0.00951
29	0.01352	0.13707	0.40945	0.01741	0.09037	0.01469	0.03319	0.01864	0.01374	0.04412	0.03277	0.06451	0.04652	0.00779	0.00612	0.00197	0.00781	0.02820	0.00346	0.00865
30	0.01910	0.01910	0.03731	0.08808	0.08518	0.28398	0.01224	0.12535	0.01796	0.07615	0.04304	0.10710	0.01562	0.00856	0.00630	0.00190	0.00808	0.00683	0.03006	0.00805
31	0.03977	0.01214	0.12974	0.01200	0.01518	0.00903	0.06992	0.04101	0.01399	0.06796	0.06763	0.32901	0.04729	0.01494	0.04935	0.00268	0.00614	0.01133	0.05397	0.00691
32	0.01506	0.01564	0.14642	0.02131	0.23913	0.01233	0.05605	0.03839	0.04330	0.11103	0.05586	0.08518	0.09388	0.00894	0.00706	0.00206	0.02716	0.00787	0.00457	0.00877
33	0.03162	0.03209	0.09244	0.13771	0.30313	0.10968	0.03203	0.01953	0.02703	0.04492	0.05369	0.04578	0.01361	0.00709	0.00656	0.00195	0.02279	0.00615	0.00361	0.00859
34	0.01343	0.01184	0.04096	0.01306	0.05607	0.06241	0.04534	0.09830	0.01442	0.04444	0.04763	0.11438	0.04642	0.21084	0.11953	0.00428	0.03689	0.00865	0.00446	0.00665
35	0.01344	0.04105	0.15726	0.01436	0.07332	0.03440	0.01212	0.11516	0.04750	0.02196	0.06233	0.19175	0.08617	0.01084	0.00714	0.00205	0.03236	0.00911	0.00475	0.06292
36	0.04754	0.02034	0.25404	0.07167	0.07112	0.03504	0.04709	0.14592	0.04081	0.10575	0.05769	0.01748	0.01312	0.00720	0.00682	0.00201	0.03693	0.00579	0.00444	0.00920
37	0.07108	0.16195	0.12401	0.01399	0.01893	0.06691	0.10023	0.10353	0.03844	0.04779	0.03050	0.04051	0.05197	0.05338	0.02409	0.00228	0.00753	0.00621	0.00410	0.03258
38	0.10343	0.06750	0.05127	0.01544	0.04371	0.09104	0.11452	0.17718	0.01734	0.03666	0.03712	0.01879	0.04842	0.03230	0.03658	0.00238	0.05719	0.00604	0.01817	0.02493

[dist]
# distance from previous block
# <min> <max>
2	59

[block]
# block no. 2 follows, 35 sequences, length 12
# corresponding to MSA columns:
# 238-249
name=unknown_C
#
# <colnr> <probs for GDERKNQSTAVLIFYWHMCP>
#	G	D	E	R	K	N	Q	S	T	A	V	L	I	F	Y	W	H	M	C	P
0	0.03267	0.29936	0.17850	0.01180	0.01700	0.01580	0.01218	0.03294	0.01487	0.10006	0.13247	0.02363	0.06258	0.00819	0.00573	0.00180	0.00629	0.03162	0.00438	0.00813
1	0.07442	0.15424	0.09962	0.01262	0.03759	0.03344	0.01135	0.11834	0.01667	0.08155	0.07134	0.03124	0.08153	0.00986	0.00635	0.00204	0.00625	0.13863	0.00494	0.00799
2	0.08052	0.22409	0.32829	0.01378	0.02006	0.01679	0.01531	0.06654	0.03872	0.02026	0.01266	0.03815	0.01066	0.04237	0.04440	0.00244	0.00808	0.00512	0.00336	0.00840
3	0.03662	0.28654	0.13947	0.01238	0.01756	0.01678	0.03779	0.04175	0.11639	0.08360	0.06204	0.02139	0.08701	0.00779	0.00567	0.00181	0.00635	0.00612	0.00443	0.00850
4	0.01615	0.44275	0.18407	0.01302	0.01871	0.06783	0.01357	0.06169	0.01447	0.01796	0.01241	0.03842	0.01135	0.00707	0.00521	0.00170	0.00750	0.05455	0.00329	0.00827
5	0.04758	0.07330	0.14932	0.01326	0.01842	0.01585	0.01256	0.35133	0.02130	0.02902	0.02158	0.04328	0.10587	0.00898	0.00632	0.00197	0.00664	0.04276	0.00517	0.02548
6	0.01406	0.30195	0.42629	0.01494	0.02223	0.01788	0.01779	0.01912	0.01331	0.01813	0.01227	0.01699	0.01041	0.00675	0.00554	0.00185	0.00815	0.06075	0.00295	0.00864
7	0.01114	0.06721	0.10614	0.00985	0.01320	0.00947	0.00896	0.06174	0.01604	0.02174	0.27188	0.05317	0.18919	0.01205	0.00771	0.04233	0.00475	0.03058	0.00536	0.05748
8	0.01267	0.06120	0.61727	0.01653	0.02496	0.01417	0.02070	0.01922	0.01367	0.02028	0.06135	0.01560	0.01172	0.00640	0.00596	0.00191	0.00853	0.00504	0.00305	0.05977
9	0.01561	0.12554	0.40485	0.01642	0.02390	0.01672	0.06625	0.14626	0.03541	0.02324	0.01222	0.01382	0.00905	0.00617	0.00586	0.00185	0.00828	0.00490	0.00355	0.06011
10	0.07585	0.06439	0.04629	0.00855	0.01087	0.00823	0.00703	0.01238	0.01518	0.02158	0.34484	0.15588	0.17959	0.01319	0.00697	0.00207	0.00389	0.01129	0.00582	0.00613
11	0.01682	0.57638	0.12728	0.01217	0.01791	0.04637	0.01252	0.06686	0.01446	0.01772	0.03434	0.01227	0.01007	0.00595	0.00466	0.00151	0.00717	0.00402	0.00312	0.00839

[dist]
# distance from previous block
# <min> <max>
4	21

[block]
# block no. 3 follows, 35 sequences, length 15
# corresponding to MSA columns:
# 271-285
name=unknown_D
#
# <colnr> <probs for GDERKNQSTAVLIFYWHMCP>
#	G	D	E	R	K	N	Q	S	T	A	V	L	I	F	Y	W	H	M	C	P
0	0.02296	0.07456	0.04447	0.01581	0.01969	0.57522	0.01253	0.12486	0.01922	0.01919	0.01059	0.01198	0.00854	0.00661	0.00572	0.00167	0.01044	0.00430	0.00366	0.00797
1	0.06247	0.01115	0.01371	0.01256	0.09458	0.00920	0.00864	0.01578	0.01305	0.02068	0.01369	0.09317	0.01274	0.00647	0.00518	0.00128	0.00492	0.00545	0.00392	0.59136
2	0.00791	0.00619	0.00692	0.00721	0.00863	0.00547	0.00509	0.00937	0.01372	0.01729	0.12575	0.22387	0.41986	0.10123	0.01039	0.00267	0.00363	0.01380	0.00578	0.00521
3	0.01528	0.08799	0.07686	0.03645	0.20764	0.09074	0.02682	0.04406	0.08294	0.01976	0.01590	0.06585	0.02995	0.03035	0.00766	0.00201	0.04997	0.01969	0.00385	0.08622
4	0.01652	0.02012	0.12781	0.04659	0.07826	0.23124	0.03381	0.05242	0.01582	0.02030	0.06485	0.01695	0.01333	0.00684	0.00621	0.00171	0.03010	0.00529	0.09357	0.11828
5	0.01893	0.02214	0.01766	0.13149	0.07470	0.43660	0.01304	0.02218	0.05924	0.01659	0.01193	0.01491	0.00990	0.01126	0.08929	0.00274	0.03157	0.00497	0.00339	0.00747
6	0.01816	0.56256	0.02829	0.01198	0.01673	0.20074	0.01092	0.02008	0.01420	0.01517	0.01163	0.01284	0.04183	0.00619	0.00463	0.00146	0.00775	0.00402	0.00300	0.00782
7	0.01183	0.00591	0.00591	0.00591	0.00739	0.00591	0.00443	0.01478	0.01330	0.02365	0.02069	0.02365	0.01626	0.00739	0.00443	0.00148	0.00296	0.00591	0.81227	0.00591
8	0.00769	0.00566	0.00722	0.00847	0.00911	0.00518	0.00573	0.00887	0.01249	0.01634	0.03936	0.66612	0.14591	0.01930	0.00801	0.00251	0.00361	0.01734	0.00589	0.00518
9	0.00923	0.00615	0.00692	0.00692	0.00692	0.00615	0.00384	0.00923	0.00923	0.01230	0.01999	0.04151	0.02306	0.77705	0.03229	0.00615	0.00615	0.00923	0.00384	0.00384
10	0.01183	0.00591	0.00591	0.00591	0.00739	0.00591	0.00443	0.01478	0.01330	0.02365	0.02069	0.02365	0.01626	0.00739	0.00443	0.00148	0.00296	0.00591	0.81227	0.00591
11	0.06188	0.05939	0.04479	0.01507	0.10385	0.09416	0.01094	0.08107	0.07737	0.07074	0.06154	0.07361	0.01735	0.01355	0.10545	0.00297	0.00787	0.01978	0.00462	0.07400
12	0.01486	0.01562	0.01818	0.01589	0.01652	0.13133	0.01297	0.01639	0.01105	0.01525	0.00952	0.01473	0.00914	0.01445	0.09978	0.00342	0.56566	0.00546	0.00292	0.00686
13	0.01417	0.01355	0.02046	0.10138	0.07652	0.01741	0.06267	0.01687	0.03087	0.03715	0.03579	0.01625	0.01089	0.00966	0.01589	0.00252	0.50126	0.00598	0.00323	0.00746
14	0.02233	0.01555	0.01706	0.01330	0.01783	0.01686	0.01090	0.55986	0.02701	0.09231	0.09612	0.01960	0.01682	0.00822	0.00641	0.00190	0.00627	0.00641	0.03514	0.01008

[dist]
# distance from previous block
# <min> <max>
0	1

[block]
# block no. 4 follows, 35 sequences, length 48
# corresponding to MSA columns:
# 287-334
name=unknown_E
#
# <colnr> <probs for GDERKNQSTAVLIFYWHMCP>
#	G	D	E	R	K	N	Q	S	T	A	V	L	I	F	Y	W	H	M	C	P
0	0.01659	0.03807	0.17733	0.18776	0.17407	0.01435	0.01683	0.08627	0.01566	0.12747	0.01489	0.01908	0.01147	0.00718	0.00674	0.00204	0.02873	0.04234	0.00409	0.00904
1	0.02103	0.23049	0.02157	0.01356	0.01796	0.23407	0.01126	0.16222	0.13110	0.07655	0.01429	0.01454	0.01102	0.00687	0.00556	0.00172	0.00780	0.00488	0.00457	0.00894
2	0.00860	0.00623	0.00805	0.00908	0.00998	0.00591	0.00673	0.01025	0.01312	0.01721	0.07763	0.38417	0.11997	0.09522	0.01063	0.00295	0.00442	0.19886	0.00573	0.00528
3	0.01039	0.00902	0.04864	0.00948	0.01167	0.00791	0.00771	0.06186	0.06203	0.02355	0.38053	0.15484	0.11958	0.01360	0.00743	0.00216	0.00404	0.05269	0.00632	0.00655
4	0.01685	0.05629	0.10938	0.08513	0.40976	0.06168	0.03881	0.07390	0.01570	0.05453	0.01242	0.01526	0.00978	0.00604	0.00616	0.00189	0.00798	0.00542	0.00352	0.00952
5	0.02187	0.02721	0.01657	0.01513	0.01820	0.65741	0.01134	0.02360	0.01761	0.01627	0.03829	0.01581	0.04914	0.00730	0.00583	0.00167	0.01038	0.00491	0.03432	0.00715
6	0.00787	0.00576	0.00743	0.00865	0.00934	0.00532	0.00599	0.00919	0.01275	0.01674	0.05967	0.62323	0.13013	0.01906	0.00804	0.00252	0.00372	0.05344	0.00592	0.00524
7	0.01546	0.01648	0.08282	0.03728	0.68107	0.01505	0.01978	0.01952	0.01436	0.02067	0.01189	0.01552	0.00989	0.00568	0.00626	0.00189	0.00768	0.00558	0.00310	0.01000
8	0.01388	0.01388	0.01943	0.01666	0.01666	0.01943	0.01388	0.01527	0.00972	0.01527	0.00833	0.01388	0.00833	0.01110	0.02082	0.00278	0.76544	0.00555	0.00278	0.00694
9	0.01022	0.00730	0.01022	0.01168	0.01314	0.00730	0.01022	0.01314	0.01460	0.01899	0.03359	0.07156	0.03651	0.01752	0.00876	0.00292	0.00584	0.69478	0.00584	0.00584
10	0.04143	0.01487	0.01596	0.01307	0.01721	0.01653	0.01048	0.37170	0.26652	0.05990	0.05770	0.02099	0.01692	0.03838	0.00740	0.00216	0.00595	0.00662	0.00631	0.00990
11	0.01091	0.01387	0.17926	0.01130	0.01520	0.00942	0.03496	0.06275	0.03605	0.02256	0.26764	0.06565	0.20398	0.01173	0.00710	0.00208	0.00521	0.02773	0.00547	0.00711
12	0.02173	0.03454	0.08863	0.01476	0.09194	0.01118	0.01171	0.05183	0.05014	0.41021	0.08703	0.02474	0.01928	0.00839	0.00650	0.00200	0.00590	0.04335	0.00639	0.00976
13	0.01388	0.01388	0.01943	0.01666	0.01666	0.01943	0.01388	0.01527	0.00972	0.01527	0.00833	0.01388	0.00833	0.01110	0.02082	0.00278	0.76544	0.00555	0.00278	0.00694
14	0.07690	0.01724	0.01821	0.01411	0.01906	0.01916	0.01163	0.64311	0.05586	0.03869	0.01522	0.01523	0.01086	0.00754	0.00619	0.00192	0.00677	0.00562	0.00619	0.01050
15	0.00923	0.00615	0.00692	0.00692	0.00692	0.00615	0.00384	0.00923	0.00923	0.01230	0.01999	0.04151	0.02306	0.77705	0.03229	0.00615	0.00615	0.00923	0.00384	0.00384
16	0.00923	0.00615	0.00692	0.00692	0.00692	0.00615	0.00384	0.00923	0.00923	0.01230	0.01999	0.04151	0.02306	0.77705	0.03229	0.00615	0.00615	0.00923	0.00384	0.00384
17	0.00773	0.00634	0.00682	0.00690	0.00877	0.00542	0.00510	0.00949	0.01472	0.01823	0.15733	0.13324	0.56587	0.01602	0.00756	0.00217	0.00323	0.01360	0.00605	0.00542
18	0.01315	0.01128	0.01315	0.00940	0.01503	0.00846	0.00752	0.01597	0.01315	0.02067	0.01128	0.01315	0.00940	0.00470	0.00470	0.00094	0.00470	0.00376	0.00376	0.81583
19	0.01668	0.75312	0.03242	0.01083	0.01610	0.02449	0.01075	0.01872	0.01279	0.01492	0.00911	0.01071	0.00842	0.00694	0.03088	0.00167	0.00715	0.00351	0.00274	0.00805
20	0.01523	0.00910	0.01100	0.00954	0.01270	0.00841	0.00741	0.01988	0.12429	0.21387	0.16301	0.10846	0.16689	0.01139	0.00681	0.00199	0.00423	0.00971	0.00649	0.08959
21	0.01294	0.07144	0.70747	0.01771	0.02688	0.01527	0.02279	0.02003	0.01337	0.01982	0.01125	0.01323	0.00804	0.00600	0.00593	0.00198	0.00924	0.00462	0.00268	0.00931
22	0.00910	0.00663	0.00937	0.00937	0.01022	0.00748	0.00691	0.01080	0.00995	0.01412	0.01774	0.02908	0.01766	0.23038	0.57158	0.00918	0.01428	0.00741	0.00351	0.00521
23	0.01108	0.00600	0.00633	0.00631	0.00779	0.00587	0.00471	0.01391	0.01395	0.02330	0.11945	0.05271	0.06149	0.00900	0.00513	0.00162	0.00300	0.00745	0.63501	0.00587
24	0.01134	0.00898	0.01027	0.00939	0.01174	0.00922	0.00720	0.05323	0.20885	0.02513	0.39787	0.04157	0.15601	0.01202	0.00715	0.00206	0.00378	0.01033	0.00663	0.00722
25	0.01745	0.72605	0.03213	0.01126	0.01653	0.07816	0.01096	0.01946	0.01326	0.01497	0.00889	0.01027	0.00814	0.00551	0.00419	0.00138	0.00712	0.00344	0.00275	0.00808
26	0.00850	0.00658	0.00792	0.00817	0.00983	0.00583	0.00613	0.01046	0.01446	0.01893	0.18028	0.24808	0.29271	0.01600	0.00764	0.00225	0.00369	0.09417	0.00597	0.05240
27	0.05741	0.01893	0.20363	0.08625	0.34086	0.03503	0.03924	0.01869	0.01352	0.01986	0.01236	0.04380	0.01045	0.00769	0.02542	0.00222	0.04682	0.00580	0.00314	0.00889
28	0.77040	0.01280	0.02996	0.03570	0.01382	0.01424	0.00771	0.01860	0.01094	0.02779	0.00899	0.01063	0.00696	0.00591	0.00407	0.00197	0.00516	0.00355	0.00385	0.00695
29	0.00773	0.00552	0.00736	0.00883	0.00920	0.00515	0.00589	0.00883	0.01215	0.01619	0.03497	0.77291	0.04196	0.01987	0.00810	0.00258	0.00368	0.01803	0.00589	0.00515
30	0.00772	0.00557	0.00731	0.00870	0.00917	0.00516	0.00583	0.00885	0.01227	0.01625	0.03659	0.73355	0.08027	0.01966	0.00806	0.00255	0.00365	0.01778	0.00589	0.00516
31	0.05570	0.03112	0.09483	0.06107	0.01665	0.02602	0.02783	0.07216	0.08788	0.02106	0.05911	0.20588	0.06122	0.01435	0.06365	0.00279	0.02631	0.03129	0.03389	0.00719
32	0.00929	0.00712	0.01062	0.01049	0.01157	0.00846	0.00821	0.01151	0.01017	0.01475	0.01659	0.02441	0.01551	0.04589	0.71808	0.00985	0.05162	0.00674	0.00337	0.00572
33	0.00773	0.00552	0.00736	0.00883	0.00920	0.00515	0.00589	0.00883	0.01215	0.01619	0.03497	0.77291	0.04196	0.01987	0.00810	0.00258	0.00368	0.01803	0.00589	0.00515
34	0.67873	0.01200	0.01030	0.00887	0.01298	0.01335	0.00731	0.02086	0.01212	0.15717	0.01175	0.01234	0.00846	0.00624	0.00437	0.00196	0.00500	0.00397	0.00463	0.00758
35	0.01381	0.06895	0.63431	0.01822	0.04586	0.01506	0.04195	0.02053	0.01366	0.05325	0.01194	0.01378	0.00850	0.00605	0.00599	0.00197	0.00905	0.00481	0.00295	0.00937
36	0.01570	0.01507	0.02575	0.03894	0.73748	0.01507	0.01947	0.01947	0.01444	0.02073	0.01193	0.01570	0.01005	0.00565	0.00628	0.00188	0.00754	0.00565	0.00314	0.01005
37	0.00833	0.00646	0.00758	0.00730	0.00908	0.00571	0.00548	0.01072	0.01643	0.02181	0.44147	0.05336	0.35478	0.01432	0.00749	0.00206	0.00309	0.01231	0.00651	0.00571
38	0.06463	0.01046	0.01104	0.00954	0.01232	0.03579	0.00745	0.16306	0.01713	0.13003	0.04041	0.02631	0.04278	0.09931	0.02821	0.00254	0.00542	0.03277	0.25332	0.00748
39	0.01727	0.01592	0.06160	0.10362	0.07945	0.10208	0.14452	0.07024	0.05441	0.13039	0.05867	0.02177	0.05898	0.00943	0.04110	0.00237	0.00823	0.00681	0.00462	0.00850
40	0.44373	0.11115	0.08578	0.00995	0.01389	0.03470	0.00902	0.01727	0.01130	0.02240	0.01113	0.01528	0.00977	0.08247	0.09663	0.00326	0.00734	0.00451	0.00356	0.00687
41	0.01014	0.00794	0.00938	0.00908	0.00954	0.03703	0.00623	0.01099	0.00990	0.01340	0.01772	0.03309	0.01910	0.46609	0.24352	0.00689	0.07359	0.00799	0.00360	0.00478
42	0.00928	0.00733	0.01007	0.01030	0.01215	0.00686	0.04548	0.01173	0.01451	0.01851	0.07785	0.13073	0.26712	0.01639	0.00815	0.00254	0.00489	0.33460	0.00578	0.00577
43	0.01183	0.00591	0.00591	0.00591	0.00739	0.00591	0.00443	0.01478	0.01330	0.02365	0.02069	0.02365	0.01626	0.00739	0.00443	0.00148	0.00296	0.00591	0.81227	0.00591
44	0.00767	0.00574	0.00713	0.00824	0.00905	0.00520	0.00562	0.00890	0.01272	0.01643	0.04220	0.59709	0.21311	0.01893	0.00795	0.00247	0.00357	0.01689	0.00589	0.00520
45	0.01133	0.00586	0.00852	0.00840	0.00854	0.00591	0.00565	0.02754	0.00887	0.01184	0.01136	0.01973	0.01131	0.04045	0.02448	0.77316	0.00557	0.00561	0.00288	0.00300
46	0.01183	0.00591	0.00591	0.00591	0.00739	0.00591	0.00443	0.01478	0.01330	0.02365	0.02069	0.02365	0.01626	0.00739	0.00443	0.00148	0.00296	0.00591	0.81227	0.00591
47	0.02313	0.05122	0.04451	0.01614	0.01980	0.66080	0.01261	0.06596	0.01837	0.01712	0.01016	0.01170	0.00832	0.00655	0.00572	0.00166	0.01097	0.00418	0.00341	0.00765

[dist]
# distance from previous block
# <min> <max>
0	2

[block]
# block no. 5 follows, 35 sequences, length 47
# corresponding to MSA columns:
# 337-383
name=unknown_F
#
# <colnr> <probs for GDERKNQSTAVLIFYWHMCP>
#	G	D	E	R	K	N	Q	S	T	A	V	L	I	F	Y	W	H	M	C	P
0	0.76044	0.01179	0.00907	0.00816	0.01190	0.01360	0.00669	0.01835	0.01099	0.02810	0.00973	0.01132	0.00758	0.00600	0.00396	0.00193	0.00476	0.00362	0.06522	0.00680
1	0.01505	0.01661	0.07748	0.25610	0.40794	0.08023	0.01856	0.01904	0.01414	0.01884	0.01150	0.01552	0.00924	0.00597	0.00623	0.00194	0.00830	0.00544	0.00302	0.00884
2	0.04233	0.01441	0.05105	0.05500	0.01817	0.06368	0.01100	0.07064	0.31243	0.15719	0.03734	0.02538	0.01814	0.00878	0.00646	0.00210	0.00605	0.06760	0.02302	0.00920
3	0.00928	0.00622	0.00711	0.00719	0.00727	0.00622	0.00420	0.00945	0.00953	0.01268	0.02076	0.04321	0.02382	0.73417	0.03096	0.00597	0.00613	0.04793	0.00396	0.00396
4	0.07380	0.07992	0.01836	0.01408	0.01653	0.04668	0.11912	0.01527	0.01149	0.01678	0.01318	0.01877	0.01187	0.02595	0.35291	0.00586	0.14344	0.00601	0.00323	0.00672
5	0.04733	0.01705	0.01811	0.01418	0.01902	0.01899	0.01163	0.60375	0.12236	0.03783	0.01645	0.01621	0.01182	0.00770	0.00629	0.00194	0.00666	0.00584	0.00629	0.01057
6	0.01322	0.00772	0.01054	0.05243	0.01365	0.00742	0.00829	0.03271	0.01520	0.16391	0.13656	0.30842	0.03563	0.01488	0.00765	0.00239	0.00471	0.15158	0.00628	0.00680
7	0.01431	0.23220	0.38562	0.01736	0.02449	0.01811	0.12725	0.01946	0.01322	0.01836	0.01068	0.01314	0.00834	0.00614	0.00685	0.00191	0.06620	0.00484	0.00278	0.00873
8	0.06816	0.01109	0.01459	0.01124	0.01611	0.00989	0.00929	0.05174	0.01815	0.68410	0.02391	0.02083	0.01511	0.00775	0.00626	0.00196	0.00542	0.00621	0.00761	0.01060
9	0.01739	0.00945	0.01190	0.01015	0.01329	0.00911	0.00799	0.02311	0.15627	0.28626	0.33791	0.03337	0.03589	0.01026	0.00688	0.00201	0.00426	0.00878	0.00720	0.00853
10	0.01324	0.01336	0.02503	0.47360	0.11480	0.01476	0.21780	0.01774	0.01353	0.01787	0.01179	0.01684	0.00896	0.00598	0.00666	0.00210	0.00900	0.00617	0.00297	0.00780
11	0.04724	0.01440	0.02094	0.05975	0.24235	0.04454	0.08908	0.10054	0.05278	0.19522	0.01722	0.02046	0.01313	0.00726	0.00649	0.00201	0.00720	0.04487	0.00497	0.00954
12	0.01388	0.01388	0.01943	0.01666	0.01666	0.01943	0.01388	0.01527	0.00972	0.01527	0.00833	0.01388	0.00833	0.01110	0.02082	0.00278	0.76544	0.00555	0.00278	0.00694
13	0.01022	0.00730	0.01022	0.01168	0.01314	0.00730	0.01022	0.01314	0.01460	0.01899	0.03359	0.07156	0.03651	0.01752	0.00876	0.00292	0.00584	0.69478	0.00584	0.00584
14	0.00936	0.00829	0.01185	0.01191	0.07009	0.00756	0.08187	0.01200	0.03079	0.01885	0.13118	0.15998	0.39384	0.01413	0.00747	0.00217	0.00444	0.01248	0.00553	0.00623
15	0.01624	0.65285	0.15491	0.01209	0.01819	0.02333	0.01301	0.01918	0.01298	0.01581	0.00926	0.01073	0.00812	0.00553	0.00441	0.00147	0.00723	0.00361	0.00271	0.00835
16	0.01570	0.01507	0.02575	0.03894	0.73748	0.01507	0.01947	0.01947	0.01444	0.02073	0.01193	0.01570	0.01005	0.00565	0.00628	0.00188	0.00754	0.00565	0.00314	0.01005
17	0.66624	0.01445	0.01112	0.00972	0.01371	0.08037	0.00790	0.09328	0.01345	0.02853	0.00960	0.01093	0.00740	0.00613	0.00434	0.00193	0.00571	0.00373	0.00412	0.00733
18	0.01388	0.01388	0.01943	0.01666	0.01666	0.01943	0.01388	0.01527	0.00972	0.01527	0.00833	0.01388	0.00833	0.01110	0.02082	0.00278	0.76544	0.00555	0.00278	0.00694
19	0.01278	0.00778	0.00795	0.00760	0.00959	0.00830	0.00579	0.01936	0.18563	0.02435	0.02193	0.02366	0.01701	0.00768	0.00492	0.00164	0.00346	0.00622	0.61743	0.00691
20	0.01581	0.01580	0.02635	0.07004	0.59726	0.04830	0.09385	0.01967	0.01458	0.02024	0.01190	0.01572	0.00984	0.00569	0.00639	0.00191	0.00809	0.00578	0.00314	0.00963
21	0.00990	0.00716	0.00978	0.01095	0.01246	0.00703	0.00943	0.01273	0.01490	0.01944	0.10004	0.06855	0.09160	0.01700	0.00855	0.00278	0.00538	0.58057	0.00595	0.00582
22	0.00821	0.00617	0.00862	0.08347	0.01270	0.00617	0.00712	0.00968	0.01216	0.01615	0.03246	0.64834	0.05299	0.01970	0.04141	0.00286	0.00474	0.01620	0.00547	0.00537
23	0.01383	0.01380	0.01718	0.01497	0.01522	0.07268	0.01204	0.01500	0.01026	0.01478	0.01043	0.01841	0.01083	0.14155	0.02163	0.00327	0.57861	0.00607	0.00300	0.00644
24	0.01305	0.08953	0.69028	0.01753	0.02661	0.01552	0.02248	0.02001	0.01336	0.01970	0.01119	0.01315	0.00804	0.00598	0.00588	0.00196	0.00918	0.00459	0.00268	0.00928
25	0.82186	0.01227	0.00932	0.00834	0.01227	0.01423	0.00687	0.01865	0.01080	0.02846	0.00883	0.01031	0.00687	0.00589	0.00393	0.00196	0.00491	0.00344	0.00393	0.00687
26	0.09319	0.09707	0.33328	0.01315	0.01888	0.01274	0.01449	0.01818	0.01393	0.08685	0.10806	0.12647	0.02012	0.00899	0.00614	0.00201	0.00668	0.00737	0.00429	0.00810
27	0.02627	0.01148	0.01480	0.01166	0.01636	0.01070	0.00953	0.05347	0.13333	0.60323	0.02484	0.02172	0.01614	0.00797	0.00639	0.00199	0.00539	0.00649	0.00758	0.01067
28	0.00787	0.00562	0.00752	0.00899	0.00942	0.00527	0.00613	0.00908	0.01228	0.01635	0.03489	0.73331	0.04165	0.01974	0.00813	0.00260	0.00380	0.05624	0.00589	0.00519
29	0.02359	0.00965	0.01297	0.01051	0.01451	0.00839	0.00845	0.02585	0.01717	0.57008	0.06490	0.11966	0.06497	0.01012	0.00672	0.00205	0.00493	0.00853	0.00744	0.00951
30	0.01272	0.03281	0.74418	0.01808	0.02746	0.01473	0.02344	0.02009	0.01339	0.02009	0.01138	0.01339	0.00804	0.00603	0.00603	0.00201	0.00938	0.00469	0.00268	0.00938
31	0.00908	0.00674	0.00988	0.00988	0.01091	0.00776	0.00754	0.01113	0.01010	0.01450	0.01728	0.02650	0.01655	0.11707	0.68336	0.00981	0.01596	0.00703	0.00344	0.00549
32	0.01993	0.01224	0.05033	0.01158	0.01562	0.01125	0.00978	0.13616	0.11446	0.29854	0.19759	0.02828	0.02651	0.00937	0.00671	0.00202	0.00522	0.02824	0.00689	0.00929
33	0.01630	0.46545	0.15228	0.01279	0.01888	0.04279	0.03473	0.05841	0.01419	0.01814	0.01009	0.01165	0.00848	0.00559	0.00477	0.00148	0.00725	0.00394	0.00308	0.10972
34	0.00917	0.00636	0.00800	0.00800	0.00837	0.00674	0.00519	0.00992	0.00954	0.01310	0.01900	0.03606	0.02069	0.53705	0.26905	0.00748	0.00972	0.00843	0.00370	0.00444
35	0.00906	0.00680	0.01020	0.01020	0.01133	0.00793	0.00793	0.01133	0.01020	0.01473	0.01699	0.02492	0.01586	0.04758	0.75191	0.01020	0.01699	0.00680	0.00340	0.00566
36	0.01730	0.74317	0.03248	0.01113	0.01645	0.06158	0.01093	0.01931	0.01315	0.01496	0.00887	0.01024	0.00814	0.00548	0.00415	0.00137	0.00702	0.00343	0.00274	0.00810
37	0.00908	0.00674	0.00990	0.00990	0.01094	0.00777	0.00757	0.01114	0.01011	0.01451	0.01726	0.02640	0.01650	0.11244	0.68793	0.00984	0.01603	0.00701	0.00344	0.00550
38	0.02337	0.01740	0.01862	0.01445	0.01939	0.01933	0.01188	0.65563	0.09173	0.03879	0.01617	0.01598	0.01155	0.00770	0.00636	0.00193	0.00681	0.00584	0.00636	0.01072
39	0.02280	0.01625	0.01927	0.01596	0.05937	0.01751	0.04717	0.48096	0.10472	0.12381	0.01733	0.01709	0.01226	0.00753	0.00642	0.00195	0.00678	0.00604	0.00621	0.01055
40	0.02408	0.01888	0.01894	0.01475	0.01967	0.08475	0.01208	0.65489	0.02877	0.03781	0.01475	0.01489	0.01056	0.00752	0.00629	0.00188	0.00738	0.00557	0.00607	0.01048
41	0.00949	0.00743	0.01102	0.01077	0.01180	0.00895	0.00846	0.01168	0.01015	0.01477	0.01622	0.02394	0.01519	0.04434	0.68691	0.00954	0.08354	0.00669	0.00334	0.00578
42	0.01315	0.01128	0.01315	0.00940	0.01503	0.00846	0.00752	0.01597	0.01315	0.02067	0.01128	0.01315	0.00940	0.00470	0.00470	0.00094	0.00470	0.00376	0.00376	0.81583
43	0.01714	0.70998	0.05360	0.01115	0.01662	0.02401	0.01116	0.01987	0.03606	0.03762	0.00994	0.01106	0.00873	0.00562	0.00428	0.00142	0.00676	0.00364	0.00299	0.00832
44	0.04259	0.08517	0.02075	0.01512	0.01843	0.07219	0.12549	0.02079	0.01462	0.19680	0.10060	0.01969	0.01648	0.00855	0.01024	0.00213	0.21111	0.00640	0.00467	0.00818
45	0.03324	0.10793	0.32284	0.01953	0.07533	0.04817	0.16774	0.05544	0.01487	0.05811	0.01244	0.01504	0.00941	0.02455	0.00675	0.00203	0.00883	0.00541	0.00336	0.00898
46	0.06240	0.20018	0.30733	0.01507	0.02129	0.13842	0.03710	0.03656	0.03665	0.01925	0.02942	0.01447	0.02511	0.00656	0.00588	0.00182	0.02604	0.00477	0.00325	0.00842

[dist]
# distance from previous block
# <min> <max>
0	6

[block]
# block no. 6 follows, 35 sequences, length 8
# corresponding to MSA columns:
# 390-397
name=unknown_G
#
# <colnr> <probs for GDERKNQSTAVLIFYWHMCP>
#	G	D	E	R	K	N	Q	S	T	A	V	L	I	F	Y	W	H	M	C	P
0	0.01331	0.08140	0.07958	0.01047	0.01464	0.01106	0.00927	0.07420	0.03236	0.05134	0.14397	0.05718	0.13000	0.00933	0.00666	0.00172	0.03390	0.00758	0.00494	0.22709
1	0.01657	0.63799	0.02929	0.01111	0.01583	0.08382	0.01046	0.01848	0.01324	0.01511	0.01160	0.08906	0.01164	0.00701	0.00462	0.00151	0.00685	0.00496	0.00309	0.00777
2	0.01648	0.10061	0.43460	0.01607	0.02349	0.01503	0.04729	0.07954	0.01557	0.13168	0.01472	0.01757	0.01095	0.00693	0.00611	0.00198	0.00819	0.03984	0.00396	0.00938
3	0.01228	0.10502	0.52827	0.01522	0.02273	0.01405	0.01864	0.01811	0.01386	0.01973	0.08165	0.02104	0.08779	0.00763	0.00611	0.00195	0.00790	0.00606	0.00340	0.00853
4	0.00917	0.00688	0.00872	0.00842	0.01022	0.00617	0.00642	0.01175	0.01608	0.02230	0.43746	0.13675	0.12530	0.01388	0.00744	0.00208	0.00355	0.08237	0.00632	0.07871
5	0.01519	0.10995	0.29569	0.01421	0.02055	0.04264	0.03107	0.10466	0.04592	0.03835	0.09351	0.01764	0.01508	0.00689	0.00586	0.00176	0.00724	0.00547	0.00407	0.12424
6	0.06165	0.00988	0.06474	0.00855	0.01187	0.00763	0.00729	0.01355	0.03595	0.05122	0.12551	0.07105	0.36809	0.01222	0.00670	0.00194	0.00414	0.01018	0.00545	0.12236
7	0.01576	0.14073	0.04320	0.01052	0.01616	0.01246	0.00915	0.07649	0.01487	0.07152	0.01216	0.01343	0.00969	0.00533	0.00490	0.00120	0.00545	0.00408	0.00405	0.52886

[dist]
# distance from previous block
# <min> <max>
0	2

[block]
# block no. 7 follows, 35 sequences, length 29
# corresponding to MSA columns:
# 405-433
name=unknown_H
#
# <colnr> <probs for GDERKNQSTAVLIFYWHMCP>
#	G	D	E	R	K	N	Q	S	T	A	V	L	I	F	Y	W	H	M	C	P
0	0.01314	0.08568	0.26354	0.01307	0.01821	0.03277	0.01344	0.02002	0.14574	0.03733	0.13842	0.10679	0.02295	0.00917	0.00634	0.00197	0.00633	0.00766	0.00466	0.05278
1	0.00768	0.00572	0.00716	0.00831	0.00906	0.00520	0.00565	0.00889	0.01265	0.01640	0.04138	0.61712	0.19361	0.01904	0.00797	0.00248	0.00358	0.01702	0.00589	0.00520
2	0.01663	0.62309	0.15662	0.01213	0.01823	0.02273	0.01300	0.01961	0.01316	0.04157	0.00984	0.01114	0.00839	0.00562	0.00449	0.00149	0.00719	0.00372	0.00289	0.00845
3	0.43744	0.23667	0.01755	0.00999	0.01443	0.01775	0.00874	0.06655	0.07810	0.04643	0.01128	0.01215	0.00890	0.00617	0.00443	0.00180	0.00562	0.00400	0.00408	0.00791
4	0.09875	0.26180	0.10412	0.01302	0.01827	0.05759	0.01216	0.20910	0.12314	0.02535	0.01340	0.01398	0.01038	0.00666	0.00533	0.00177	0.00692	0.00476	0.00439	0.00911
5	0.04419	0.44790	0.22445	0.01283	0.01886	0.06046	0.01387	0.01910	0.01362	0.01766	0.06510	0.01398	0.01203	0.00625	0.00495	0.00162	0.00739	0.00441	0.00310	0.00823
6	0.00983	0.00734	0.01006	0.00983	0.01073	0.00838	0.00730	0.03692	0.01077	0.01518	0.01819	0.06922	0.01845	0.21807	0.47254	0.00811	0.05200	0.00790	0.00372	0.00545
7	0.01441	0.01673	0.07239	0.02366	0.02956	0.01489	0.57277	0.03883	0.01529	0.02092	0.06833	0.02019	0.01397	0.03811	0.00840	0.00228	0.00974	0.00766	0.00358	0.00827
8	0.00806	0.00576	0.00774	0.00921	0.00972	0.00544	0.00646	0.00940	0.01247	0.01656	0.03478	0.68047	0.04124	0.01957	0.00818	0.00262	0.00397	0.10723	0.00588	0.00524
