[name]
unknown

[dist]
# distance from previous block
# <min> <max>
10	127

[block]
# block no. 0 follows, 25 sequences, length 14
# corresponding to MSA columns:
# 137-150
name=unknown_A
#
# <colnr> <probs for GDERKNQSTAVLIFYWHMCP>
#	G	D	E	R	K	N	Q	S	T	A	V	L	I	F	Y	W	H	M	C	P
0	0.08328	0.01118	0.01393	0.01213	0.01534	0.01114	0.05451	0.04488	0.08205	0.09606	0.11984	0.10091	0.12723	0.07807	0.01077	0.00292	0.00575	0.01126	0.11023	0.00851
1	0.07080	0.04160	0.01960	0.01916	0.12150	0.01450	0.03535	0.06552	0.09876	0.16348	0.09322	0.11055	0.02733	0.01172	0.00799	0.00249	0.00677	0.04203	0.00690	0.04076
2	0.01505	0.01336	0.05621	0.01285	0.01549	0.04502	0.01046	0.10395	0.01842	0.02539	0.07008	0.20424	0.07836	0.02185	0.10459	0.04433	0.04038	0.01192	0.10010	0.00795
3	0.01711	0.01301	0.01785	0.01676	0.07532	0.03182	0.07691	0.08692	0.04170	0.07584	0.27774	0.06258	0.06452	0.01226	0.00829	0.00238	0.00625	0.01090	0.09260	0.00923
4	0.11889	0.06137	0.02176	0.15748	0.05225	0.08848	0.04582	0.08168	0.05944	0.08402	0.03737	0.02126	0.01494	0.01374	0.07961	0.00345	0.03667	0.00686	0.00515	0.00977
5	0.20825	0.01294	0.01449	0.01199	0.01681	0.01292	0.00973	0.03112	0.08591	0.34692	0.02504	0.02380	0.01720	0.00902	0.00668	0.00232	0.00589	0.00694	0.14114	0.01091
6	0.02204	0.42306	0.03312	0.01585	0.02097	0.05834	0.01436	0.14351	0.01924	0.02423	0.01222	0.01459	0.01062	0.00858	0.00964	0.00214	0.14780	0.00525	0.00421	0.01024
7	0.01461	0.00890	0.01054	0.00956	0.01259	0.00770	0.00737	0.01728	0.01980	0.15121	0.24580	0.06043	0.37171	0.01659	0.00890	0.00252	0.00436	0.01403	0.00805	0.00805
8	0.01164	0.01478	0.14334	0.01549	0.01891	0.01008	0.08571	0.01506	0.01554	0.02129	0.03408	0.50596	0.03876	0.01899	0.00933	0.00295	0.00682	0.01742	0.00607	0.00777
9	0.01051	0.00791	0.00972	0.00927	0.01130	0.00712	0.00695	0.01374	0.02086	0.02851	0.52293	0.06218	0.22689	0.01682	0.00915	0.00248	0.00373	0.01462	0.00819	0.00712
10	0.01113	0.00808	0.01131	0.01131	0.01230	0.00907	0.00826	0.01311	0.01212	0.01715	0.02182	0.03629	0.02191	0.25050	0.50789	0.01104	0.01696	0.00916	0.00431	0.00628
11	0.02368	0.01767	0.02288	0.15411	0.02941	0.05857	0.08370	0.17055	0.07878	0.15633	0.02019	0.02154	0.01444	0.00845	0.00761	0.00231	0.00870	0.00719	0.03529	0.07859
12	0.02052	0.01552	0.04745	0.13248	0.04885	0.01474	0.11521	0.08622	0.05215	0.17575	0.03278	0.03499	0.14257	0.01104	0.00836	0.00256	0.00819	0.03383	0.00643	0.01035
13	0.01991	0.09169	0.05855	0.08847	0.07974	0.01491	0.01351	0.05858	0.03955	0.16192	0.02676	0.05605	0.08467	0.05795	0.04556	0.00313	0.00814	0.00851	0.00588	0.07652

[dist]
# distance from previous block
# <min> <max>
2	10

[block]
# block no. 1 follows, 25 sequences, length 29
# corresponding to MSA columns:
# 162-179,209-219
name=unknown_B
#
# <colnr> <probs for GDERKNQSTAVLIFYWHMCP>
#	G	D	E	R	K	N	Q	S	T	A	V	L	I	F	Y	W	H	M	C	P
0	0.05064	0.01660	0.17909	0.01346	0.04396	0.01057	0.01238	0.01560	0.01606	0.02185	0.04655	0.09501	0.31820	0.11169	0.01259	0.00325	0.00666	0.01239	0.00562	0.00784
1	0.01832	0.09759	0.42992	0.01963	0.02857	0.04559	0.04774	0.02511	0.01763	0.09397	0.05446	0.02312	0.01629	0.00872	0.00752	0.00242	0.01015	0.03784	0.00450	0.01090
2	0.04670	0.07543	0.59653	0.02162	0.03239	0.01874	0.05508	0.02443	0.01630	0.02464	0.01370	0.01621	0.00986	0.00728	0.00722	0.00242	0.01114	0.00574	0.00337	0.01121
3	0.01113	0.00760	0.00914	0.00925	0.00951	0.00779	0.00567	0.01166	0.01169	0.01582	0.02499	0.08971	0.02821	0.57452	0.14439	0.00805	0.00948	0.01147	0.00477	0.00516
4	0.07265	0.05306	0.06813	0.24408	0.03397	0.14647	0.06868	0.10572	0.01961	0.02543	0.01510	0.04679	0.01233	0.00837	0.00736	0.00233	0.01022	0.00686	0.00444	0.04838
5	0.02144	0.67428	0.03922	0.01364	0.02024	0.03014	0.01339	0.07456	0.01744	0.02074	0.01142	0.01294	0.01021	0.00685	0.00520	0.00171	0.00831	0.00438	0.00368	0.01021
6	0.01253	0.00808	0.01048	0.01124	0.01282	0.00752	0.00844	0.01467	0.01676	0.07882	0.08687	0.34428	0.12773	0.06856	0.01175	0.00336	0.00535	0.15637	0.00731	0.00708
7	0.01776	0.01422	0.01828	0.01313	0.02002	0.01106	0.05357	0.02138	0.01673	0.07895	0.01528	0.01725	0.01213	0.00611	0.00614	0.00135	0.00632	0.00517	0.00496	0.66019
8	0.03448	0.01368	0.01829	0.01403	0.02004	0.01212	0.01159	0.07289	0.02301	0.64826	0.02991	0.02595	0.01885	0.00958	0.00779	0.00240	0.00671	0.00775	0.00949	0.01319
9	0.01824	0.01634	0.02732	0.28312	0.06771	0.01776	0.17546	0.06725	0.11825	0.05991	0.01979	0.05981	0.01569	0.00893	0.00824	0.00259	0.00969	0.00861	0.00508	0.01023
10	0.01128	0.00752	0.00846	0.00846	0.00846	0.00752	0.00470	0.01128	0.01128	0.01503	0.02443	0.05074	0.02819	0.72751	0.03946	0.00752	0.00752	0.01128	0.00470	0.00470
11	0.78228	0.01499	0.01140	0.01020	0.01499	0.01739	0.00840	0.02279	0.01320	0.03479	0.01080	0.01260	0.00840	0.00720	0.00480	0.00240	0.00600	0.00420	0.00480	0.00840
12	0.27552	0.05834	0.05367	0.01492	0.06278	0.05118	0.01179	0.04562	0.01656	0.06193	0.01360	0.01543	0.01070	0.00689	0.00584	0.00189	0.00709	0.00492	0.00480	0.27653
13	0.01914	0.07763	0.06725	0.01921	0.10853	0.05706	0.01413	0.19730	0.02227	0.02923	0.04166	0.18369	0.05962	0.03230	0.00900	0.00265	0.00778	0.03556	0.00607	0.00991
14	0.00952	0.00747	0.00841	0.00897	0.01062	0.00658	0.00630	0.01121	0.01644	0.02060	0.09257	0.28495	0.38716	0.07865	0.01187	0.00318	0.00439	0.01770	0.00706	0.00635
15	0.01809	0.01405	0.01644	0.01211	0.01855	0.01145	0.00971	0.06348	0.03878	0.07278	0.05056	0.01956	0.01576	0.00693	0.00626	0.00143	0.00589	0.00560	0.00546	0.60711
16	0.06395	0.13977	0.06744	0.01503	0.02118	0.01919	0.01343	0.23497	0.02368	0.13221	0.01987	0.05059	0.01602	0.00942	0.00708	0.00218	0.00766	0.03810	0.00635	0.11189
17	0.12647	0.13424	0.11534	0.02129	0.09380	0.21262	0.05284	0.10982	0.02036	0.02676	0.01327	0.01545	0.01052	0.00757	0.00674	0.00217	0.01042	0.00556	0.00439	0.01038
18	0.63979	0.01555	0.01234	0.01093	0.01557	0.05197	0.00888	0.02371	0.01486	0.07846	0.05652	0.01664	0.01354	0.00798	0.00541	0.00238	0.00630	0.00514	0.00534	0.00869
19	0.00960	0.00741	0.00877	0.00941	0.01099	0.00658	0.00669	0.01161	0.01725	0.02226	0.16924	0.34092	0.30964	0.02090	0.00947	0.00281	0.00412	0.01831	0.00744	0.00658
20	0.01788	0.01804	0.06511	0.22083	0.40358	0.01780	0.02212	0.05611	0.01824	0.02536	0.04903	0.02142	0.01484	0.00776	0.00776	0.00240	0.00932	0.00721	0.00416	0.01104
21	0.38196	0.01186	0.01167	0.01039	0.01408	0.01256	0.00826	0.02098	0.01779	0.10209	0.28945	0.03293	0.03650	0.01105	0.00693	0.00242	0.00509	0.00867	0.00686	0.00846
22	0.01254	0.01007	0.01237	0.05894	0.01612	0.04492	0.01006	0.01511	0.01569	0.02055	0.09654	0.07725	0.06002	0.16899	0.17016	0.00604	0.01028	0.18187	0.00571	0.00676
23	0.05081	0.00934	0.01208	0.01115	0.01387	0.00867	0.00847	0.01991	0.01925	0.19742	0.26857	0.20852	0.06990	0.01824	0.04469	0.00313	0.00563	0.01371	0.00804	0.00860
24	0.01257	0.03318	0.01156	0.00988	0.01224	0.00828	0.00759	0.01593	0.02120	0.07039	0.53451	0.05653	0.14559	0.01563	0.00892	0.00243	0.00404	0.01359	0.00825	0.00768
25	0.04946	0.01510	0.01820	0.08572	0.02232	0.10482	0.06371	0.01914	0.01525	0.02099	0.01669	0.02295	0.01459	0.02986	0.31600	0.00665	0.01467	0.00690	0.00415	0.15281
26	0.03156	0.01450	0.01876	0.01450	0.02022	0.01363	0.01194	0.10661	0.03911	0.51434	0.02700	0.02435	0.01761	0.00953	0.00858	0.00236	0.04387	0.00745	0.00867	0.06539
27	0.02095	0.26508	0.22258	0.03998	0.02542	0.17951	0.01799	0.02542	0.01806	0.05118	0.05500	0.01773	0.01435	0.00792	0.00663	0.00208	0.01025	0.00569	0.00408	0.01010
28	0.01632	0.01530	0.04673	0.03662	0.05009	0.01173	0.01127	0.02109	0.05024	0.02544	0.01476	0.01706	0.01205	0.00618	0.00608	0.00138	0.00632	0.00504	0.00464	0.64166

[dist]
# distance from previous block
# <min> <max>
1	3

[block]
# block no. 2 follows, 25 sequences, length 12
# corresponding to MSA columns:
# 223-234
name=unknown_C
#
# <colnr> <probs for GDERKNQSTAVLIFYWHMCP>
#	G	D	E	R	K	N	Q	S	T	A	V	L	I	F	Y	W	H	M	C	P
0	0.01995	0.20942	0.02470	0.01573	0.01990	0.10364	0.03649	0.06284	0.11766	0.04945	0.01930	0.02516	0.01681	0.04425	0.11635	0.00408	0.05828	0.04131	0.00505	0.00961
1	0.34871	0.01395	0.01522	0.01228	0.01778	0.01391	0.01014	0.03149	0.01841	0.41165	0.02228	0.02060	0.01466	0.00859	0.00654	0.00240	0.00635	0.00629	0.00758	0.01118
2	0.01445	0.00723	0.00723	0.00723	0.00903	0.00723	0.00542	0.01807	0.01626	0.02891	0.02529	0.02891	0.01987	0.00903	0.00542	0.00181	0.00361	0.00723	0.77055	0.00723
3	0.08258	0.15489	0.02439	0.01908	0.08586	0.06247	0.01436	0.05590	0.17073	0.02597	0.05346	0.02098	0.01705	0.00991	0.01102	0.00250	0.16664	0.00685	0.00513	0.01022
4	0.01931	0.06856	0.16451	0.02196	0.15144	0.04145	0.01724	0.09058	0.01929	0.06090	0.03802	0.04888	0.01544	0.00817	0.00708	0.00204	0.00833	0.00675	0.00490	0.20516
5	0.01272	0.00900	0.01074	0.01080	0.01317	0.00837	0.00842	0.05248	0.01902	0.06105	0.12225	0.19058	0.29430	0.01927	0.00944	0.00285	0.00506	0.13552	0.00750	0.00747
6	0.01961	0.18751	0.08838	0.05654	0.09493	0.06703	0.09163	0.02348	0.01779	0.10243	0.05184	0.10347	0.04270	0.01017	0.00754	0.00232	0.00876	0.00881	0.00509	0.00999
7	0.11586	0.01936	0.11831	0.05512	0.12433	0.01546	0.01552	0.08921	0.01837	0.05501	0.01473	0.01708	0.01140	0.00698	0.00656	0.00193	0.00772	0.00557	0.00478	0.29671
8	0.01886	0.01369	0.01636	0.01183	0.01859	0.01049	0.00952	0.02224	0.01699	0.12338	0.01628	0.01761	0.01263	0.00632	0.00605	0.00133	0.00587	0.00507	0.00534	0.66155
9	0.01608	0.01378	0.01608	0.01148	0.01837	0.01034	0.00919	0.01952	0.01608	0.02527	0.01378	0.01608	0.01148	0.00574	0.00574	0.00115	0.00574	0.00459	0.00459	0.77491
10	0.01982	0.02229	0.07182	0.16429	0.10386	0.17927	0.01711	0.05214	0.08179	0.02428	0.05210	0.02065	0.01549	0.00854	0.00830	0.00226	0.04596	0.00666	0.00464	0.09871
11	0.02173	0.04767	0.02110	0.05474	0.05963	0.29647	0.03461	0.04914	0.14119	0.02327	0.02294	0.09705	0.05228	0.01089	0.00830	0.00239	0.03320	0.00857	0.00529	0.00956

[dist]
# distance from previous block
# <min> <max>
0	6

[block]
# block no. 3 follows, 25 sequences, length 11
# corresponding to MSA columns:
# 241-251
name=unknown_D
#
# <colnr> <probs for GDERKNQSTAVLIFYWHMCP>
#	G	D	E	R	K	N	Q	S	T	A	V	L	I	F	Y	W	H	M	C	P
0	0.11095	0.04468	0.01859	0.01550	0.02011	0.21311	0.01215	0.08257	0.17700	0.10672	0.02356	0.04714	0.04682	0.00980	0.00721	0.00230	0.00854	0.00740	0.00628	0.03958
1	0.23064	0.01761	0.02057	0.01744	0.05578	0.07261	0.08827	0.10565	0.02038	0.16646	0.06382	0.02110	0.01675	0.00844	0.00702	0.00229	0.00794	0.00681	0.00619	0.06424
2	0.01900	0.01953	0.02413	0.18571	0.29038	0.15240	0.01846	0.02260	0.01718	0.02156	0.01502	0.02211	0.01325	0.09374	0.01127	0.00287	0.01004	0.00692	0.00392	0.04990
3	0.01254	0.00711	0.00967	0.00967	0.00976	0.00720	0.00621	0.01076	0.01067	0.01431	0.01779	0.03357	0.01903	0.27540	0.07640	0.45560	0.00791	0.00843	0.00389	0.00406
4	0.10964	0.01018	0.01186	0.01038	0.01382	0.00946	0.00808	0.02092	0.01937	0.20761	0.23670	0.04768	0.20013	0.04854	0.00973	0.00271	0.00500	0.01159	0.00786	0.00874
5	0.01930	0.01004	0.01311	0.01150	0.01471	0.00915	0.00889	0.04680	0.02140	0.24628	0.32083	0.14436	0.07160	0.01490	0.00875	0.00253	0.00496	0.01295	0.00861	0.00932
6	0.00950	0.00710	0.00883	0.01002	0.01109	0.00644	0.00690	0.01117	0.01607	0.02094	0.10033	0.51770	0.20063	0.02254	0.00966	0.00297	0.00430	0.02008	0.00730	0.00644
7	0.00956	0.00792	0.00841	0.00843	0.01091	0.00677	0.00642	0.01181	0.01819	0.02227	0.14681	0.07336	0.57018	0.01929	0.00925	0.00265	0.00407	0.04969	0.00735	0.00667
8	0.02543	0.01803	0.06440	0.07463	0.13632	0.01637	0.05691	0.15329	0.02254	0.24643	0.02054	0.02118	0.01432	0.00822	0.00762	0.00227	0.00834	0.00705	0.00653	0.08957
9	0.01519	0.01434	0.02424	0.62951	0.12850	0.01737	0.02180	0.02029	0.01576	0.02047	0.01388	0.02049	0.01057	0.00765	0.00774	0.00255	0.01020	0.00689	0.00349	0.00905
10	0.38126	0.01220	0.01377	0.01248	0.01585	0.01393	0.04410	0.01874	0.01313	0.02642	0.01571	0.02137	0.01370	0.03090	0.32742	0.00710	0.01327	0.00638	0.00445	0.00782

[dist]
# distance from previous block
# <min> <max>
0	4

[block]
# block no. 4 follows, 25 sequences, length 54
# corresponding to MSA columns:
# 256-284,303-308,310-328
name=unknown_E
#
# <colnr> <probs for GDERKNQSTAVLIFYWHMCP>
#	G	D	E	R	K	N	Q	S	T	A	V	L	I	F	Y	W	H	M	C	P
0	0.06882	0.15207	0.09435	0.01826	0.02361	0.44548	0.01561	0.02882	0.01985	0.04874	0.01271	0.01443	0.01027	0.00772	0.00660	0.00203	0.01199	0.00500	0.00409	0.00956
1	0.01445	0.00723	0.00723	0.00723	0.00903	0.00723	0.00542	0.01807	0.01626	0.02891	0.02529	0.02891	0.01987	0.00903	0.00542	0.00181	0.00361	0.00723	0.77055	0.00723
2	0.02383	0.01889	0.02121	0.01928	0.07881	0.02101	0.01426	0.33217	0.28175	0.03965	0.04965	0.02430	0.01964	0.00984	0.00786	0.00245	0.00745	0.00796	0.00750	0.01251
3	0.01127	0.00755	0.00863	0.00863	0.00869	0.00761	0.00492	0.01139	0.01133	0.01516	0.02427	0.04985	0.02780	0.69819	0.06825	0.00773	0.00810	0.01115	0.00467	0.00480
4	0.01713	0.03790	0.63241	0.02142	0.03243	0.01746	0.02723	0.02564	0.01685	0.07870	0.01528	0.01719	0.01059	0.00755	0.00740	0.00245	0.01106	0.00590	0.00379	0.01160
5	0.01528	0.16347	0.18345	0.12532	0.08393	0.01746	0.04842	0.02000	0.01663	0.02202	0.05481	0.08477	0.11214	0.01073	0.00760	0.00239	0.00853	0.00910	0.00451	0.00943
6	0.01919	0.01842	0.03147	0.04759	0.67914	0.01842	0.02380	0.02380	0.01765	0.02533	0.01458	0.01919	0.01228	0.00691	0.00768	0.00230	0.00921	0.00691	0.00384	0.01228
7	0.01063	0.00791	0.00989	0.00939	0.01137	0.00717	0.00704	0.01396	0.02113	0.02916	0.56150	0.06110	0.18792	0.01657	0.00915	0.00247	0.00371	0.01447	0.00828	0.00717
8	0.01409	0.01299	0.02167	0.61891	0.04815	0.01606	0.01987	0.01887	0.01524	0.01968	0.01591	0.06058	0.01328	0.01236	0.05831	0.00334	0.01077	0.00784	0.00371	0.00836
9	0.02062	0.02172	0.01708	0.01604	0.01930	0.28987	0.01258	0.07045	0.07734	0.02492	0.11075	0.04108	0.05758	0.01460	0.03233	0.00288	0.00981	0.14624	0.00605	0.00877
10	0.07126	0.01328	0.01767	0.01362	0.01956	0.01169	0.01125	0.03706	0.02175	0.65281	0.02962	0.02572	0.01867	0.00948	0.00765	0.00240	0.00657	0.00762	0.00936	0.01296
11	0.01815	0.02200	0.08187	0.03208	0.04013	0.01952	0.61594	0.02482	0.01819	0.02482	0.01559	0.02066	0.01166	0.00658	0.00905	0.00261	0.01298	0.00896	0.00389	0.01051
12	0.05985	0.02128	0.05934	0.10710	0.14576	0.16944	0.04533	0.05294	0.01953	0.13003	0.01967	0.05543	0.01644	0.00965	0.00778	0.00244	0.00976	0.05259	0.00533	0.01031
13	0.03479	0.01320	0.01799	0.01380	0.01979	0.01140	0.01140	0.03779	0.02219	0.68451	0.03059	0.02639	0.01919	0.00960	0.00780	0.00240	0.00660	0.00780	0.00960	0.01320
14	0.48954	0.01796	0.01529	0.03944	0.01920	0.07204	0.01087	0.12985	0.08566	0.03507	0.01446	0.01571	0.01098	0.00798	0.00590	0.00239	0.00723	0.00530	0.00550	0.00965
15	0.01113	0.00811	0.01144	0.01144	0.01247	0.00914	0.00842	0.01319	0.01216	0.01724	0.02170	0.03562	0.02163	0.22856	0.52944	0.01120	0.01739	0.00906	0.00429	0.00636
16	0.04545	0.45253	0.03136	0.01372	0.01932	0.07413	0.01248	0.07648	0.01823	0.07380	0.03707	0.01824	0.01431	0.04078	0.04052	0.00262	0.00893	0.00558	0.00456	0.00990
17	0.03071	0.01232	0.01676	0.01330	0.01857	0.01076	0.01092	0.03382	0.02197	0.57042	0.11423	0.03321	0.02730	0.01094	0.00810	0.00246	0.00624	0.03647	0.00935	0.01216
18	0.02033	0.01000	0.01336	0.01134	0.01481	0.00892	0.00892	0.02373	0.02204	0.28792	0.42174	0.04553	0.05195	0.01339	0.00862	0.00242	0.00481	0.01158	0.00895	0.00963
19	0.00932	0.00786	0.00807	0.00802	0.01057	0.00661	0.00601	0.01143	0.01804	0.02183	0.13038	0.07317	0.62361	0.01931	0.00916	0.00260	0.00390	0.01616	0.00732	0.00661
20	0.01034	0.00790	0.00948	0.00908	0.01119	0.00704	0.00681	0.01340	0.02044	0.02752	0.46474	0.06381	0.28570	0.01719	0.00915	0.00250	0.00375	0.01485	0.00806	0.00704
21	0.01477	0.01369	0.01935	0.01722	0.01768	0.01839	0.01402	0.01674	0.01204	0.01828	0.01430	0.02291	0.01401	0.05961	0.24804	0.00657	0.45338	0.00749	0.00370	0.00780
22	0.02896	0.03695	0.02197	0.01998	0.02397	0.69638	0.01498	0.03096	0.02197	0.01898	0.01199	0.01398	0.00999	0.00799	0.00699	0.00200	0.01398	0.00499	0.00400	0.00899
23	0.01570	0.04648	0.01573	0.01513	0.06932	0.14969	0.01057	0.01897	0.02103	0.02692	0.41271	0.04534	0.07876	0.01343	0.00845	0.00234	0.00653	0.02787	0.00690	0.00814
24	0.16532	0.11272	0.10979	0.01888	0.05162	0.34099	0.01583	0.02678	0.01820	0.02282	0.01190	0.01423	0.00978	0.00783	0.00733	0.00217	0.04541	0.00501	0.00393	0.00943
25	0.16103	0.02054	0.02119	0.01650	0.02246	0.02288	0.01363	0.54311	0.03239	0.04641	0.01725	0.01756	0.01235	0.00894	0.00724	0.00234	0.00809	0.00649	0.00724	0.01235
26	0.02542	0.28708	0.05857	0.01756	0.02294	0.39653	0.01496	0.05514	0.02011	0.02027	0.01193	0.01374	0.01011	0.00753	0.00631	0.00191	0.01158	0.00481	0.00388	0.00963
27	0.02135	0.30154	0.20786	0.02034	0.08234	0.07248	0.04944	0.06094	0.01836	0.07730	0.01434	0.01609	0.01115	0.00734	0.00659	0.00210	0.00974	0.00557	0.00420	0.01096
28	0.00945	0.00675	0.00900	0.01080	0.01125	0.00630	0.00720	0.01080	0.01484	0.01979	0.04274	0.72245	0.05128	0.02429	0.00990	0.00315	0.00450	0.02204	0.00720	0.00630
29	0.01479	0.03474	0.57442	0.02004	0.02989	0.01622	0.02509	0.02290	0.01730	0.02565	0.12419	0.02330	0.02039	0.00878	0.00766	0.00245	0.01016	0.00711	0.00415	0.01077
30	0.01614	0.01513	0.02259	0.10252	0.02634	0.01476	0.12380	0.02143	0.06372	0.02432	0.04478	0.02265	0.04192	0.00839	0.00935	0.00207	0.09088	0.00711	0.00470	0.33741
31	0.01249	0.00892	0.01249	0.01428	0.01606	0.00892	0.01249	0.01606	0.01785	0.02320	0.04105	0.08746	0.04462	0.02142	0.01071	0.00357	0.00714	0.62695	0.00714	0.00714
32	0.02685	0.02060	0.02372	0.06893	0.02631	0.02316	0.03499	0.52248	0.06328	0.04351	0.01832	0.01924	0.01327	0.00940	0.00879	0.00243	0.04805	0.00712	0.00708	0.01246
33	0.03392	0.01339	0.01797	0.01391	0.01981	0.01184	0.01145	0.03798	0.05839	0.64780	0.03064	0.02653	0.01945	0.00965	0.00780	0.00241	0.00657	0.00785	0.00950	0.01314
34	0.02333	0.09389	0.07421	0.04823	0.20880	0.16585	0.06159	0.07813	0.02027	0.10185	0.01683	0.04261	0.01352	0.00826	0.00744	0.00226	0.01009	0.00693	0.00489	0.01101
35	0.02377	0.30070	0.02944	0.01746	0.02180	0.32688	0.01466	0.02591	0.01788	0.01864	0.01122	0.01389	0.01001	0.00841	0.00934	0.00210	0.13003	0.00497	0.00363	0.00927
36	0.05579	0.10858	0.01996	0.01309	0.01898	0.01577	0.01086	0.13338	0.04044	0.13396	0.02155	0.06004	0.04190	0.00891	0.00672	0.00189	0.00658	0.00703	0.00614	0.28844
37	0.01970	0.05760	0.06493	0.01565	0.02060	0.01815	0.04133	0.20124	0.22059	0.03294	0.08479	0.03204	0.08000	0.06332	0.01024	0.00282	0.00729	0.00913	0.00687	0.01077
38	0.44711	0.17882	0.02089	0.06496	0.05677	0.07858	0.01188	0.02343	0.01494	0.02808	0.01132	0.01364	0.00924	0.00716	0.00540	0.00221	0.00770	0.00460	0.00424	0.00903
39	0.00936	0.00781	0.00816	0.00818	0.01062	0.00661	0.00610	0.01147	0.01798	0.02194	0.13815	0.10207	0.58601	0.01946	0.00919	0.00262	0.00393	0.01638	0.00734	0.00661
40	0.01545	0.01350	0.01607	0.06629	0.01893	0.07656	0.03068	0.01909	0.07100	0.04117	0.06610	0.12915	0.06283	0.07770	0.07479	0.06051	0.11291	0.03413	0.00542	0.00771
41	0.00916	0.00785	0.00785	0.00785	0.01047	0.00655	0.00589	0.01113	0.01767	0.02095	0.07855	0.07462	0.67599	0.01964	0.00916	0.00262	0.00393	0.01636	0.00720	0.00655
42	0.01698	0.01375	0.01617	0.01160	0.01844	0.01039	0.00929	0.02040	0.01637	0.05703	0.01459	0.01658	0.01186	0.00593	0.00584	0.00121	0.00578	0.00475	0.00483	0.73820
43	0.02993	0.02098	0.02281	0.01749	0.02368	0.02295	0.01445	0.60003	0.03522	0.10386	0.01965	0.01929	0.01371	0.00933	0.00776	0.00233	0.00836	0.00705	0.00792	0.01319
44	0.01100	0.00800	0.01040	0.01002	0.01189	0.00740	0.00766	0.01455	0.02137	0.02988	0.58972	0.06127	0.10449	0.01652	0.00927	0.00254	0.00396	0.06444	0.00835	0.00726
45	0.01128	0.00752	0.00846	0.00846	0.00846	0.00752	0.00470	0.01128	0.01128	0.01503	0.02443	0.05074	0.02819	0.72751	0.03946	0.00752	0.00752	0.01128	0.00470	0.00470
46	0.01072	0.00792	0.01001	0.00949	0.01143	0.00721	0.00712	0.01414	0.02135	0.02966	0.59097	0.06027	0.15813	0.01638	0.00915	0.00246	0.00370	0.01435	0.00835	0.00721
47	0.51623	0.01737	0.01559	0.01290	0.01819	0.01974	0.01064	0.24562	0.02142	0.03976	0.01356	0.01472	0.01009	0.00794	0.00584	0.00237	0.00689	0.00518	0.00584	0.01009
48	0.01701	0.07125	0.36403	0.02119	0.02883	0.01856	0.10140	0.02319	0.01595	0.05963	0.01599	0.05201	0.01308	0.01140	0.04130	0.00305	0.12050	0.00725	0.00396	0.01042
49	0.01979	0.07813	0.01898	0.01450	0.01890	0.01855	0.01164	0.19290	0.28291	0.03264	0.05118	0.05265	0.09602	0.03459	0.03894	0.00305	0.00726	0.00938	0.00712	0.01087
50	0.02513	0.01866	0.01931	0.01622	0.02130	0.06494	0.01291	0.18938	0.35583	0.14933	0.02690	0.02495	0.01940	0.00989	0.00778	0.00247	0.00733	0.00791	0.00789	0.01243
51	0.72756	0.01486	0.01188	0.01046	0.01535	0.01695	0.00862	0.02389	0.01385	0.08235	0.01225	0.01361	0.00919	0.00737	0.00502	0.00240	0.00604	0.00446	0.00515	0.00875
52	0.01572	0.01399	0.04685	0.08778	0.10688	0.01359	0.01354	0.11981	0.06747	0.02744	0.07557	0.18576	0.12214	0.01478	0.00869	0.00269	0.00683	0.05480	0.00643	0.00925
53	0.01667	0.01468	0.03517	0.01421	0.04521	0.06815	0.01079	0.10542	0.08306	0.05279	0.08068	0.06603	0.23727	0.04787	0.05646	0.00342	0.00760	0.03896	0.00667	0.00888

[dist]
# distance from previous block
# <min> <max>
0	1

[block]
# block no. 5 follows, 25 sequences, length 7
# corresponding to MSA columns:
# 330-336
name=unknown_F
#
# <colnr> <probs for GDERKNQSTAVLIFYWHMCP>
#	G	D	E	R	K	N	Q	S	T	A	V	L	I	F	Y	W	H	M	C	P
0	0.00933	0.00719	0.00854	0.00963	0.01094	0.00640	0.00668	0.01093	0.01597	0.02025	0.05695	0.46535	0.29921	0.02244	0.00961	0.00294	0.00427	0.01979	0.00720	0.00640
1	0.01865	0.01449	0.02395	0.07744	0.27413	0.01419	0.07841	0.02267	0.01812	0.12305	0.02841	0.07564	0.07960	0.01168	0.00857	0.00264	0.00822	0.10411	0.00568	0.01034
2	0.02346	0.02481	0.17601	0.01790	0.02438	0.07958	0.01688	0.28312	0.08849	0.07627	0.02036	0.05759	0.01590	0.01230	0.04471	0.00295	0.00978	0.00762	0.00628	0.01161
3	0.01665	0.09125	0.01884	0.04835	0.06386	0.07678	0.01184	0.05493	0.01676	0.04183	0.04462	0.10090	0.10082	0.12254	0.06557	0.00401	0.09703	0.01005	0.00515	0.00822
4	0.01160	0.00860	0.01157	0.01106	0.01267	0.00896	0.00812	0.01381	0.01345	0.01923	0.08580	0.03702	0.02621	0.22183	0.39176	0.00909	0.01419	0.00928	0.00477	0.08098
5	0.01857	0.01579	0.01811	0.01605	0.01953	0.08706	0.07217	0.08746	0.18447	0.07060	0.03079	0.28604	0.03010	0.01486	0.00865	0.00271	0.00730	0.01315	0.00693	0.00965
6	0.08983	0.05280	0.01591	0.01334	0.01667	0.05931	0.01057	0.02233	0.14203	0.02329	0.02007	0.02486	0.01720	0.03229	0.33928	0.00710	0.01378	0.00717	0.00494	0.08722

[dist]
# distance from previous block
# <min> <max>
0	6

[block]
# block no. 6 follows, 25 sequences, length 7
# corresponding to MSA columns:
# 343-349
name=unknown_G
#
# <colnr> <probs for GDERKNQSTAVLIFYWHMCP>
#	G	D	E	R	K	N	Q	S	T	A	V	L	I	F	Y	W	H	M	C	P
0	0.23880	0.09636	0.09773	0.05815	0.04672	0.06373	0.06311	0.06438	0.01695	0.02730	0.01529	0.07449	0.01351	0.00887	0.00726	0.00233	0.03256	0.00685	0.00457	0.06106
1	0.01187	0.00835	0.01057	0.01030	0.01145	0.00901	0.00749	0.01399	0.01417	0.02066	0.09425	0.04152	0.08372	0.22014	0.23417	0.00693	0.05232	0.01012	0.13249	0.00647
2	0.01410	0.00919	0.01134	0.01083	0.01256	0.00933	0.00769	0.01797	0.08517	0.08668	0.12302	0.11311	0.06392	0.26213	0.13301	0.00590	0.00844	0.01189	0.00636	0.00735
3	0.00972	0.00744	0.00893	0.00948	0.01105	0.00664	0.00676	0.01187	0.01762	0.02301	0.21256	0.32481	0.28109	0.02052	0.00945	0.00278	0.00408	0.01801	0.00753	0.00664
4	0.01129	0.00959	0.01423	0.08699	0.01846	0.00921	0.07376	0.01422	0.01755	0.02302	0.19511	0.19306	0.22638	0.05864	0.01094	0.00297	0.00581	0.01494	0.00663	0.00719
5	0.00920	0.00771	0.00801	0.00825	0.01058	0.00651	0.00607	0.01108	0.01729	0.02079	0.07376	0.16122	0.59248	0.02026	0.00926	0.00269	0.00400	0.01712	0.00720	0.00651
6	0.02393	0.03085	0.09158	0.01857	0.02308	0.44078	0.01521	0.02992	0.12732	0.02189	0.01857	0.08881	0.01644	0.01000	0.00748	0.00227	0.01144	0.00743	0.00489	0.00953

[dist]
# distance from previous block
# <min> <max>
6	10

[block]
# block no. 7 follows, 25 sequences, length 53
# corresponding to MSA columns:
# 360-406,409-414
name=unknown_H
#
# <colnr> <probs for GDERKNQSTAVLIFYWHMCP>
#	G	D	E	R	K	N	Q	S	T	A	V	L	I	F	Y	W	H	M	C	P
0	0.00940	0.00693	0.00881	0.01032	0.01112	0.00634	0.00699	0.01085	0.01530	0.01998	0.04848	0.61846	0.15156	0.02354	0.00978	0.00306	0.00441	0.02113	0.00720	0.00634
1	0.00945	0.00727	0.00847	0.00939	0.01073	0.00649	0.00647	0.01097	0.01581	0.01997	0.05677	0.40143	0.31591	0.06941	0.01156	0.00322	0.00446	0.01890	0.00703	0.00630
2	0.00932	0.00723	0.00849	0.00950	0.01091	0.00641	0.00662	0.01094	0.01609	0.02030	0.05848	0.43760	0.32596	0.02224	0.00957	0.00292	0.00425	0.01955	0.00720	0.00641
3	0.01608	0.01378	0.01608	0.01148	0.01837	0.01034	0.00919	0.01952	0.01608	0.02527	0.01378	0.01608	0.01148	0.00574	0.00574	0.00115	0.00574	0.00459	0.00459	0.77491
4	0.01110	0.00745	0.00851	0.00868	0.00872	0.00740	0.00493	0.01123	0.01161	0.01548	0.02614	0.11357	0.03035	0.66173	0.03670	0.00711	0.00723	0.01228	0.00493	0.00485
5	0.02788	0.01361	0.01672	0.01341	0.01815	0.01315	0.01070	0.16950	0.02334	0.37639	0.02767	0.07378	0.02090	0.07762	0.01068	0.00286	0.00671	0.00884	0.07670	0.01140
6	0.01006	0.00850	0.00879	0.00860	0.01128	0.00754	0.00648	0.01363	0.06528	0.02269	0.12853	0.06979	0.57444	0.01863	0.00907	0.00260	0.00406	0.01560	0.00737	0.00703
7	0.01063	0.00766	0.01006	0.00999	0.01151	0.00709	0.00729	0.01377	0.02036	0.02856	0.53352	0.20666	0.06826	0.01774	0.00931	0.00260	0.00385	0.01582	0.00824	0.00709
8	0.01040	0.00790	0.00956	0.00915	0.01123	0.00707	0.00686	0.01351	0.02058	0.02785	0.48452	0.06325	0.26571	0.01706	0.00915	0.00250	0.00374	0.01477	0.00811	0.00707
9	0.62777	0.01452	0.01209	0.01091	0.01543	0.01658	0.00881	0.02434	0.07467	0.06084	0.01571	0.06225	0.01315	0.00875	0.00555	0.00247	0.00594	0.00597	0.00545	0.00882
10	0.00986	0.00759	0.00909	0.00992	0.01156	0.00683	0.00733	0.01195	0.01706	0.02176	0.11647	0.31261	0.31075	0.02122	0.00963	0.00292	0.00452	0.09502	0.00732	0.00660
11	0.01445	0.00723	0.00723	0.00723	0.00903	0.00723	0.00542	0.01807	0.01626	0.02891	0.02529	0.02891	0.01987	0.00903	0.00542	0.00181	0.00361	0.00723	0.77055	0.00723
12	0.01162	0.00763	0.00874	0.00891	0.00921	0.00763	0.00548	0.01222	0.01225	0.01681	0.02605	0.05258	0.02912	0.60905	0.03429	0.00673	0.00720	0.06857	0.06079	0.00511
13	0.00961	0.00736	0.00867	0.00961	0.01098	0.00661	0.00676	0.01123	0.01591	0.02012	0.05607	0.38076	0.30488	0.06935	0.01162	0.00325	0.00460	0.04926	0.00703	0.00633
14	0.01175	0.00901	0.01016	0.00961	0.01224	0.00838	0.00729	0.01655	0.09013	0.04690	0.29294	0.06192	0.36062	0.01692	0.00897	0.00255	0.00415	0.01440	0.00785	0.00767
15	0.01239	0.00889	0.01235	0.01407	0.01589	0.00885	0.01228	0.01591	0.01784	0.02313	0.04225	0.08705	0.06476	0.02136	0.01066	0.00354	0.00704	0.60748	0.00714	0.00712
16	0.08243	0.00840	0.00964	0.00971	0.01177	0.00794	0.00727	0.01382	0.01846	0.02623	0.30432	0.18381	0.22197	0.01791	0.00896	0.00267	0.00428	0.04589	0.00751	0.00701
17	0.13439	0.01033	0.01063	0.00990	0.01290	0.01030	0.00747	0.01944	0.08931	0.08672	0.07188	0.07763	0.26579	0.09504	0.01141	0.00308	0.00515	0.01176	0.05891	0.00796
18	0.01103	0.00773	0.00930	0.00930	0.00985	0.00791	0.00593	0.01184	0.01214	0.01625	0.02867	0.04843	0.08681	0.51147	0.18376	0.00817	0.01015	0.01109	0.00481	0.00537
19	0.01288	0.00941	0.01273	0.01426	0.01618	0.00958	0.01228	0.01770	0.06495	0.02375	0.04042	0.10708	0.04334	0.02073	0.01047	0.00349	0.00697	0.55910	0.00720	0.00748
20	0.00976	0.00788	0.00869	0.00849	0.01084	0.00680	0.00636	0.01229	0.01909	0.02432	0.27663	0.06907	0.47581	0.01838	0.00916	0.00256	0.00384	0.01559	0.00764	0.00680
21	0.01658	0.00923	0.01229	0.01118	0.01396	0.00868	0.00866	0.01947	0.01876	0.18929	0.23704	0.09472	0.13122	0.02491	0.16278	0.00475	0.00832	0.01210	0.00753	0.00851
22	0.01724	0.01643	0.02794	0.33155	0.41044	0.01791	0.02282	0.02208	0.01673	0.02296	0.01424	0.01983	0.01145	0.00727	0.00771	0.00242	0.00969	0.00690	0.00367	0.01071
23	0.01433	0.00724	0.00728	0.00728	0.00901	0.00724	0.00539	0.01780	0.01606	0.02836	0.02526	0.02977	0.02020	0.03728	0.00676	0.00203	0.00377	0.00739	0.74045	0.00713
24	0.00941	0.00778	0.00826	0.00831	0.01067	0.00663	0.00617	0.01155	0.01801	0.02215	0.15164	0.11975	0.55392	0.01950	0.00921	0.00263	0.00393	0.01648	0.00737	0.00663
25	0.01719	0.01663	0.02901	0.32826	0.36595	0.01800	0.06858	0.02217	0.01679	0.02294	0.01432	0.01995	0.01141	0.00724	0.00782	0.00245	0.00997	0.00706	0.00368	0.01059
26	0.01852	0.43730	0.31617	0.01703	0.02572	0.02528	0.01982	0.02379	0.01602	0.02093	0.01212	0.01411	0.00990	0.00695	0.00599	0.00200	0.00964	0.00482	0.00330	0.01059
27	0.01497	0.01725	0.09981	0.44507	0.04382	0.01731	0.09069	0.02027	0.01538	0.02066	0.01442	0.02088	0.01127	0.01268	0.07350	0.00355	0.05883	0.00714	0.00354	0.00897
28	0.01438	0.01343	0.02254	0.67395	0.05129	0.01668	0.02082	0.01936	0.01547	0.01981	0.01523	0.05578	0.01238	0.00858	0.00786	0.00261	0.01004	0.00765	0.00363	0.00850
29	0.01546	0.01512	0.02384	0.62677	0.05015	0.04632	0.03829	0.02036	0.01567	0.01986	0.01358	0.02021	0.01035	0.00802	0.00864	0.00260	0.04573	0.00687	0.00348	0.00867
30	0.01890	0.01469	0.02735	0.05181	0.02761	0.01370	0.28570	0.02313	0.01826	0.16214	0.03040	0.16327	0.08141	0.01231	0.00900	0.00270	0.00893	0.03288	0.00612	0.00969
31	0.01428	0.01303	0.02162	0.52721	0.04428	0.01573	0.03739	0.01898	0.01584	0.02049	0.01929	0.05575	0.01753	0.01076	0.00892	0.00280	0.03186	0.11170	0.00421	0.00834
32	0.01464	0.01378	0.02326	0.70887	0.05340	0.01723	0.02153	0.01981	0.01550	0.01981	0.01378	0.02067	0.01034	0.00775	0.00775	0.00258	0.01034	0.00689	0.00345	0.00861
33	0.01537	0.01466	0.02133	0.12924	0.02431	0.01979	0.01619	0.01785	0.01258	0.01871	0.01295	0.02035	0.01211	0.02187	0.16165	0.00514	0.45704	0.00712	0.00356	0.00818
34	0.01464	0.01378	0.02326	0.70887	0.05340	0.01723	0.02153	0.01981	0.01550	0.01981	0.01378	0.02067	0.01034	0.00775	0.00775	0.00258	0.01034	0.00689	0.00345	0.00861
35	0.00945	0.00675	0.00900	0.01080	0.01125	0.00630	0.00720	0.01080	0.01484	0.01979	0.04274	0.72245	0.05128	0.02429	0.00990	0.00315	0.00450	0.02204	0.00720	0.00630
36	0.01608	0.01378	0.01608	0.01148	0.01837	0.01034	0.00919	0.01952	0.01608	0.02527	0.01378	0.01608	0.01148	0.00574	0.00574	0.00115	0.00574	0.00459	0.00459	0.77491
37	0.02208	0.02089	0.02186	0.02403	0.18650	0.17237	0.01539	0.07464	0.12739	0.05608	0.01848	0.02043	0.01454	0.00862	0.00840	0.00224	0.05601	0.00668	0.07684	0.06654
38	0.02806	0.02071	0.02283	0.10068	0.02726	0.04744	0.01532	0.50899	0.03236	0.09062	0.01866	0.01926	0.01316	0.00909	0.00773	0.00235	0.00881	0.00696	0.00723	0.01248
39	0.02108	0.01566	0.01795	0.01547	0.01960	0.01707	0.01274	0.33177	0.07677	0.03697	0.09882	0.04036	0.02837	0.01742	0.07304	0.00359	0.00863	0.14680	0.00738	0.01051
40	0.00945	0.00675	0.00900	0.01080	0.01125	0.00630	0.00720	0.01080	0.01484	0.01979	0.04274	0.72245	0.05128	0.02429	0.00990	0.00315	0.00450	0.02204	0.00720	0.00630
41	0.01976	0.01898	0.02790	0.20975	0.40938	0.07080	0.02170	0.08222	0.01920	0.02565	0.01456	0.01911	0.01170	0.00743	0.00765	0.00235	0.00980	0.00676	0.00412	0.01119
42	0.01904	0.01884	0.03385	0.04511	0.57282	0.01862	0.12821	0.02397	0.01776	0.02525	0.01477	0.01948	0.01220	0.00685	0.00792	0.00235	0.00985	0.00728	0.00385	0.01198
43	0.00924	0.00755	0.00816	0.00865	0.01068	0.00648	0.00625	0.01104	0.01691	0.02063	0.06883	0.25043	0.50646	0.02090	0.00936	0.00276	0.00408	0.01790	0.00720	0.00648
44	0.05018	0.01619	0.07597	0.01238	0.01958	0.01134	0.01089	0.02012	0.01598	0.02563	0.01366	0.01595	0.01120	0.00595	0.00585	0.00132	0.00627	0.00468	0.00448	0.67239
45	0.01549	0.01280	0.01366	0.01235	0.01591	0.01357	0.00957	0.08174	0.29146	0.02974	0.14009	0.04802	0.25561	0.01434	0.00850	0.00257	0.00523	0.01200	0.00773	0.00965
46	0.01664	0.01245	0.01655	0.10348	0.02089	0.01428	0.01231	0.06597	0.06144	0.08693	0.13217	0.15689	0.05838	0.01434	0.01213	0.00277	0.15700	0.01141	0.03515	0.00882
47	0.01869	0.01791	0.03056	0.12088	0.60979	0.01829	0.02355	0.02335	0.01742	0.02472	0.01450	0.01935	0.01207	0.00700	0.00768	0.00233	0.00934	0.00691	0.00379	0.01188
48	0.01114	0.00805	0.01117	0.01117	0.01210	0.00899	0.00808	0.01302	0.01208	0.01704	0.02195	0.03701	0.02223	0.27443	0.48439	0.01086	0.01649	0.00927	0.00433	0.00620
49	0.02056	0.01697	0.02420	0.06908	0.12001	0.01818	0.11017	0.03443	0.35926	0.10293	0.02544	0.02549	0.01885	0.00911	0.00803	0.00255	0.00795	0.00832	0.00661	0.01186
50	0.01919	0.01842	0.03147	0.04759	0.67914	0.01842	0.02380	0.02380	0.01765	0.02533	0.01458	0.01919	0.01228	0.00691	0.00768	0.00230	0.00921	0.00691	0.00384	0.01228
51	0.43807	0.02503	0.01623	0.01466	0.01910	0.32764	0.01141	0.02652	0.01721	0.02756	0.01134	0.01323	0.00912	0.00756	0.00580	0.00222	0.00965	0.00456	0.00443	0.00867
52	0.02126	0.43086	0.09137	0.01536	0.02161	0.07819	0.01491	0.11489	0.01955	0.02388	0.01571	0.02227	0.01432	0.00886	0.00640	0.00207	0.00893	0.07496	0.00444	0.01016

[dist]
# distance from previous block
# <min> <max>
1	4

[block]
# block no. 8 follows, 25 sequences, length 57
# corresponding to MSA columns:
# 428-451,608-618,623-644
name=unknown_I
#
# <colnr> <probs for GDERKNQSTAVLIFYWHMCP>
#	G	D	E	R	K	N	Q	S	T	A	V	L	I	F	Y	W	H	M	C	P
0	0.01149	0.00892	0.01390	0.01318	0.01478	0.01002	0.04448	0.01420	0.01267	0.01808	0.02085	0.03194	0.01983	0.12133	0.59412	0.01143	0.01904	0.00865	0.00419	0.00690
1	0.01771	0.32806	0.41825	0.01842	0.02788	0.02328	0.02225	0.02400	0.01611	0.02193	0.01261	0.01473	0.00988	0.00706	0.00637	0.00212	0.01014	0.00507	0.00329	0.01083
2	0.01929	0.01666	0.01753	0.01578	0.02016	0.01929	0.01227	0.04120	0.66513	0.03243	0.03156	0.02893	0.02367	0.01052	0.00789	0.00263	0.00614	0.00877	0.00789	0.01227
3	0.01445	0.00723	0.00723	0.00723	0.00903	0.00723	0.00542	0.01807	0.01626	0.02891	0.02529	0.02891	0.01987	0.00903	0.00542	0.00181	0.00361	0.00723	0.77055	0.00723
4	0.02816	0.01173	0.01587	0.01267	0.01751	0.01026	0.01026	0.03134	0.02212	0.50270	0.20990	0.03516	0.03421	0.01134	0.00817	0.00241	0.00578	0.00953	0.00930	0.01156
5	0.00916	0.00785	0.00785	0.00785	0.01047	0.00655	0.00589	0.01113	0.01767	0.02095	0.07855	0.07462	0.67599	0.01964	0.00916	0.00262	0.00393	0.01636	0.00720	0.00655
6	0.01445	0.00723	0.00723	0.00723	0.00903	0.00723	0.00542	0.01807	0.01626	0.02891	0.02529	0.02891	0.01987	0.00903	0.00542	0.00181	0.00361	0.00723	0.77055	0.00723
7	0.00943	0.00681	0.00893	0.01062	0.01120	0.00631	0.00712	0.01082	0.01501	0.01986	0.04487	0.68386	0.08850	0.02401	0.00985	0.00312	0.00446	0.02170	0.00720	0.00631
8	0.01876	0.46826	0.28725	0.01664	0.02511	0.02585	0.01913	0.02373	0.01599	0.02065	0.01197	0.01394	0.00990	0.00691	0.00589	0.00196	0.00950	0.00475	0.00330	0.01053
9	0.01989	0.58882	0.13338	0.01470	0.02190	0.02816	0.01545	0.02448	0.05453	0.02001	0.01247	0.01399	0.01075	0.00697	0.00550	0.00183	0.00862	0.00465	0.00358	0.01031
10	0.01116	0.00797	0.01077	0.01077	0.01157	0.00877	0.00758	0.01276	0.01196	0.01674	0.02232	0.03904	0.02311	0.34129	0.41873	0.01037	0.01516	0.00956	0.00438	0.00598
11	0.01743	0.01222	0.06571	0.01246	0.01639	0.00952	0.03291	0.02106	0.02031	0.19680	0.28806	0.07783	0.14872	0.01441	0.00875	0.00253	0.00555	0.03234	0.00791	0.00909
12	0.01598	0.09769	0.63352	0.02136	0.03242	0.01906	0.02737	0.02444	0.01632	0.02403	0.01365	0.01604	0.00983	0.00731	0.00717	0.00239	0.01120	0.00560	0.00328	0.01133
13	0.56781	0.09930	0.01649	0.01222	0.01708	0.13510	0.01007	0.02424	0.01499	0.03022	0.01100	0.01282	0.00884	0.00727	0.00519	0.00225	0.00762	0.00433	0.00449	0.00867
14	0.01762	0.31646	0.42910	0.01857	0.02810	0.02307	0.02251	0.02402	0.01612	0.02203	0.01266	0.01480	0.00987	0.00707	0.00641	0.00214	0.01019	0.00510	0.00329	0.01086
15	0.01821	0.01742	0.02970	0.19037	0.54403	0.01816	0.02331	0.02294	0.01719	0.02414	0.01441	0.01951	0.01186	0.00709	0.00769	0.00236	0.00945	0.00690	0.00375	0.01149
16	0.00945	0.00675	0.00900	0.01080	0.01125	0.00630	0.00720	0.01080	0.01484	0.01979	0.04274	0.72245	0.05128	0.02429	0.00990	0.00315	0.00450	0.02204	0.00720	0.00630
17	0.01464	0.01378	0.02326	0.70887	0.05340	0.01723	0.02153	0.01981	0.01550	0.01981	0.01378	0.02067	0.01034	0.00775	0.00775	0.00258	0.01034	0.00689	0.00345	0.00861
18	0.01054	0.00791	0.00976	0.00930	0.01132	0.00713	0.00697	0.01379	0.02092	0.02865	0.53162	0.06193	0.21811	0.01676	0.00915	0.00248	0.00372	0.01459	0.00821	0.00713
19	0.00945	0.00675	0.00900	0.01080	0.01125	0.00630	0.00720	0.01080	0.01484	0.01979	0.04274	0.72245	0.05128	0.02429	0.00990	0.00315	0.00450	0.02204	0.00720	0.00630
20	0.01608	0.01378	0.01608	0.01148	0.01837	0.01034	0.00919	0.01952	0.01608	0.02527	0.01378	0.01608	0.01148	0.00574	0.00574	0.00115	0.00574	0.00459	0.00459	0.77491
21	0.01445	0.00723	0.00723	0.00723	0.00903	0.00723	0.00542	0.01807	0.01626	0.02891	0.02529	0.02891	0.01987	0.00903	0.00542	0.00181	0.00361	0.00723	0.77055	0.00723
22	0.02635	0.01825	0.02296	0.11361	0.13503	0.06831	0.01632	0.17722	0.02307	0.23099	0.01978	0.02088	0.01401	0.00905	0.00917	0.00244	0.06734	0.00704	0.00645	0.01173
23	0.01696	0.01696	0.02375	0.02036	0.02036	0.02375	0.01696	0.01866	0.01187	0.01866	0.01018	0.01696	0.01018	0.01357	0.02545	0.00339	0.71332	0.00679	0.00339	0.00848
24	0.02754	0.01340	0.01716	0.01306	0.01900	0.01144	0.01065	0.06224	0.02120	0.42022	0.07323	0.02547	0.02076	0.00897	0.00732	0.00205	0.00624	0.00733	0.00803	0.22469
25	0.01108	0.00831	0.01246	0.01246	0.01385	0.00969	0.00969	0.01385	0.01246	0.01800	0.02077	0.03046	0.01938	0.05815	0.69678	0.01246	0.02077	0.00831	0.00415	0.00692
26	0.01696	0.01696	0.02375	0.02036	0.02036	0.02375	0.01696	0.01866	0.01187	0.01866	0.01018	0.01696	0.01018	0.01357	0.02545	0.00339	0.71332	0.00679	0.00339	0.00848
27	0.02292	0.01563	0.01733	0.01453	0.01905	0.01690	0.01168	0.23964	0.21066	0.11446	0.08021	0.03006	0.02412	0.01071	0.00773	0.00242	0.00649	0.03446	0.10960	0.01139
28	0.01934	0.05614	0.02838	0.03627	0.43142	0.08838	0.02023	0.02294	0.01703	0.02296	0.01691	0.02100	0.04817	0.00882	0.01052	0.00244	0.12717	0.00707	0.00394	0.01087
29	0.01445	0.00723	0.00723	0.00723	0.00903	0.00723	0.00542	0.01807	0.01626	0.02891	0.02529	0.02891	0.01987	0.00903	0.00542	0.00181	0.00361	0.00723	0.77055	0.00723
30	0.00916	0.00785	0.00785	0.00785	0.01047	0.00655	0.00589	0.01113	0.01767	0.02095	0.07855	0.07462	0.67599	0.01964	0.00916	0.00262	0.00393	0.01636	0.00720	0.00655
31	0.02073	0.73217	0.04063	0.01327	0.01990	0.03068	0.01327	0.02322	0.01575	0.01824	0.01078	0.01244	0.00995	0.00663	0.00498	0.00166	0.00829	0.00415	0.00332	0.00995
32	0.01548	0.01313	0.01567	0.04100	0.01902	0.01067	0.00961	0.01998	0.05019	0.02620	0.10538	0.02267	0.02052	0.00746	0.00640	0.00146	0.00567	0.00620	0.00525	0.59803
33	0.01347	0.00673	0.01010	0.01010	0.01010	0.00673	0.00673	0.01010	0.01010	0.01347	0.01347	0.02357	0.01347	0.02694	0.03030	0.77441	0.00673	0.00673	0.00337	0.00337
34	0.00945	0.00675	0.00900	0.01080	0.01125	0.00630	0.00720	0.01080	0.01484	0.01979	0.04274	0.72245	0.05128	0.02429	0.00990	0.00315	0.00450	0.02204	0.00720	0.00630
35	0.01929	0.01666	0.01753	0.01578	0.02016	0.01929	0.01227	0.04120	0.66513	0.03243	0.03156	0.02893	0.02367	0.01052	0.00789	0.00263	0.00614	0.00877	0.00789	0.01227
36	0.01740	0.02339	0.21187	0.12160	0.39197	0.01767	0.02406	0.02326	0.01697	0.02458	0.01476	0.01901	0.01168	0.00723	0.00750	0.00236	0.00973	0.00659	0.03698	0.01137
37	0.02896	0.03695	0.02197	0.01998	0.02397	0.69638	0.01498	0.03096	0.02197	0.01898	0.01199	0.01398	0.00999	0.00799	0.00699	0.00200	0.01398	0.00499	0.00400	0.00899
38	0.01530	0.01445	0.02445	0.61307	0.14405	0.01740	0.02186	0.02039	0.01582	0.02061	0.01390	0.02046	0.01062	0.00763	0.00774	0.00254	0.01017	0.00689	0.00350	0.00914
39	0.01464	0.01378	0.02326	0.70887	0.05340	0.01723	0.02153	0.01981	0.01550	0.01981	0.01378	0.02067	0.01034	0.00775	0.00775	0.00258	0.01034	0.00689	0.00345	0.00861
40	0.01175	0.04703	0.05225	0.01067	0.01332	0.00915	0.00889	0.01566	0.02130	0.03004	0.60155	0.05311	0.06614	0.01487	0.00882	0.00240	0.00436	0.01302	0.00795	0.00770
41	0.01445	0.00723	0.00723	0.00723	0.00903	0.00723	0.00542	0.01807	0.01626	0.02891	0.02529	0.02891	0.01987	0.00903	0.00542	0.00181	0.00361	0.00723	0.77055	0.00723
42	0.01608	0.01378	0.01608	0.01148	0.01837	0.01034	0.00919	0.01952	0.01608	0.02527	0.01378	0.01608	0.01148	0.00574	0.00574	0.00115	0.00574	0.00459	0.00459	0.77491
43	0.01035	0.00806	0.00950	0.00960	0.01181	0.00722	0.00751	0.01316	0.01914	0.02476	0.27321	0.07120	0.36394	0.01867	0.00942	0.00272	0.00439	0.12079	0.00764	0.00691
