[name]
unknown

[dist]
# distance from previous block
# <min> <max>
20	76

[block]
# block no. 0 follows, 31 sequences, length 7
# corresponding to MSA columns:
# 90-96
name=unknown_A
#
# <colnr> <probs for GDERKNQSTAVLIFYWHMCP>
#	G	D	E	R	K	N	Q	S	T	A	V	L	I	F	Y	W	H	M	C	P
0	0.01104	0.00747	0.00882	0.00864	0.01013	0.00737	0.00631	0.05242	0.01579	0.02253	0.20518	0.11826	0.10954	0.14195	0.05759	0.00348	0.00524	0.04067	0.16141	0.00616
1	0.07100	0.04838	0.15731	0.01471	0.05908	0.03633	0.01303	0.18204	0.04946	0.02845	0.06019	0.02029	0.01573	0.00920	0.02885	0.00224	0.00707	0.00616	0.18143	0.00906
2	0.01557	0.16765	0.07655	0.09707	0.03679	0.05646	0.01180	0.08766	0.04234	0.02180	0.02069	0.06250	0.06036	0.05939	0.00812	0.00229	0.00688	0.03257	0.12551	0.00799
3	0.05915	0.12234	0.10095	0.05107	0.01930	0.06424	0.05168	0.05011	0.05745	0.08273	0.15707	0.06780	0.04989	0.02809	0.00743	0.00220	0.00683	0.00807	0.00523	0.00839
4	0.01733	0.08428	0.07246	0.07277	0.02122	0.15793	0.06452	0.05250	0.03933	0.05864	0.06046	0.04673	0.03955	0.05726	0.03475	0.00261	0.04132	0.00697	0.00442	0.06492
5	0.17655	0.09929	0.10994	0.01687	0.09419	0.13123	0.01358	0.06277	0.01573	0.02320	0.03783	0.04230	0.01337	0.00812	0.00714	0.00205	0.06114	0.03108	0.00405	0.04958
6	0.07434	0.11420	0.22913	0.05171	0.10478	0.08646	0.04248	0.05282	0.03843	0.02185	0.01347	0.04237	0.01119	0.00876	0.03179	0.00234	0.02655	0.00574	0.00366	0.03793

[dist]
# distance from previous block
# <min> <max>
1	16

[block]
# block no. 1 follows, 31 sequences, length 13
# corresponding to MSA columns:
# 113-125
name=unknown_B
#
# <colnr> <probs for GDERKNQSTAVLIFYWHMCP>
#	G	D	E	R	K	N	Q	S	T	A	V	L	I	F	Y	W	H	M	C	P
0	0.05605	0.16401	0.09752	0.01681	0.05982	0.07496	0.07927	0.09544	0.05761	0.05283	0.05351	0.01769	0.01388	0.00871	0.02941	0.00222	0.04267	0.00583	0.00438	0.06739
1	0.06287	0.11898	0.06726	0.14365	0.02332	0.04727	0.04822	0.08241	0.06681	0.09448	0.09651	0.05821	0.01929	0.00866	0.00655	0.00208	0.00712	0.00718	0.03039	0.00876
2	0.01590	0.08727	0.05853	0.01369	0.05089	0.03294	0.01089	0.11639	0.10201	0.05467	0.08614	0.10121	0.07599	0.03349	0.04689	0.00275	0.04218	0.00875	0.05094	0.00849
3	0.01861	0.13370	0.10384	0.01963	0.13351	0.08490	0.04845	0.10601	0.04748	0.07537	0.04098	0.05961	0.01508	0.00989	0.03431	0.00240	0.04553	0.00670	0.00455	0.00944
4	0.01042	0.00783	0.00978	0.01062	0.04193	0.00763	0.00707	0.01365	0.07173	0.01993	0.11156	0.30579	0.09414	0.12120	0.04628	0.00337	0.00521	0.01318	0.05533	0.04336
5	0.01487	0.01280	0.02001	0.16157	0.19752	0.01389	0.06307	0.04929	0.01560	0.05044	0.05637	0.04434	0.10021	0.00943	0.00894	0.00225	0.09826	0.00795	0.06474	0.00844
6	0.00967	0.00688	0.00896	0.00917	0.00999	0.00715	0.00647	0.01084	0.01146	0.01544	0.02753	0.10515	0.10507	0.27451	0.28452	0.05049	0.01027	0.03676	0.00445	0.00521
7	0.01340	0.01260	0.01638	0.01463	0.01508	0.04697	0.01166	0.01490	0.01091	0.01584	0.01327	0.02236	0.01341	0.13725	0.19575	0.00544	0.42328	0.00686	0.00336	0.00665
8	0.01045	0.00781	0.00933	0.00899	0.01047	0.00786	0.00644	0.03546	0.06087	0.02048	0.21055	0.07466	0.15887	0.21816	0.12514	0.00475	0.00679	0.01111	0.00572	0.00609
9	0.00972	0.00714	0.01023	0.01032	0.01130	0.00806	0.00769	0.01169	0.01094	0.01554	0.01996	0.07124	0.01999	0.16738	0.57532	0.00980	0.01557	0.00845	0.00390	0.00575
10	0.01548	0.01483	0.06631	0.26552	0.09987	0.03543	0.04699	0.05517	0.12130	0.05142	0.04848	0.05295	0.01701	0.00932	0.00786	0.03195	0.00779	0.03903	0.00460	0.00868
11	0.01173	0.00775	0.00983	0.01011	0.01171	0.00724	0.00718	0.01448	0.06223	0.08357	0.03266	0.49954	0.03628	0.06719	0.00989	0.00280	0.00460	0.03901	0.00624	0.07598
12	0.01950	0.19046	0.02723	0.04838	0.02353	0.17945	0.16246	0.06769	0.05625	0.04251	0.01295	0.01560	0.01046	0.00789	0.00860	0.03753	0.07127	0.00570	0.00386	0.00867

[dist]
# distance from previous block
# <min> <max>
12	22

[block]
# block no. 2 follows, 31 sequences, length 15
# corresponding to MSA columns:
# 149-163
name=unknown_C
#
# <colnr> <probs for GDERKNQSTAVLIFYWHMCP>
#	G	D	E	R	K	N	Q	S	T	A	V	L	I	F	Y	W	H	M	C	P
0	0.26542	0.06476	0.13853	0.01304	0.01812	0.09623	0.01218	0.10461	0.04117	0.06287	0.01684	0.06676	0.03638	0.00832	0.00587	0.00208	0.00715	0.00614	0.02486	0.00868
1	0.06209	0.28619	0.40519	0.01669	0.02480	0.01982	0.05642	0.02118	0.01419	0.02027	0.01124	0.01326	0.00873	0.00623	0.00572	0.00193	0.00894	0.00466	0.00301	0.00944
2	0.01759	0.09890	0.41670	0.01873	0.02692	0.03741	0.09374	0.12455	0.01770	0.06468	0.01362	0.01531	0.00980	0.00675	0.00654	0.00208	0.00942	0.00551	0.00390	0.01015
3	0.00959	0.00755	0.00963	0.00958	0.01126	0.00710	0.03010	0.01268	0.05717	0.02071	0.19339	0.26383	0.23217	0.05690	0.00971	0.00269	0.00428	0.04900	0.00643	0.00623
4	0.01820	0.01558	0.05372	0.01444	0.04829	0.07331	0.04354	0.14174	0.01931	0.10489	0.10759	0.06732	0.04593	0.00892	0.00670	0.00186	0.00656	0.00749	0.00556	0.20905
5	0.02111	0.00997	0.01280	0.01062	0.01427	0.00902	0.00838	0.04780	0.03668	0.38498	0.17457	0.06160	0.11016	0.05526	0.00898	0.00244	0.00504	0.00954	0.00760	0.00919
6	0.02845	0.01375	0.01691	0.01303	0.01821	0.01336	0.01074	0.23795	0.02326	0.48005	0.02350	0.02125	0.01531	0.00837	0.00678	0.00207	0.00624	0.00663	0.04273	0.01141
7	0.02085	0.10455	0.02087	0.01561	0.01961	0.19005	0.03353	0.19702	0.17265	0.02622	0.01715	0.05526	0.01417	0.00884	0.00792	0.00210	0.07238	0.00654	0.00517	0.00949
8	0.01442	0.01424	0.01880	0.01618	0.01682	0.05475	0.03354	0.01625	0.01247	0.01817	0.12019	0.02240	0.01867	0.05717	0.01966	0.00300	0.52506	0.00721	0.00382	0.00720
9	0.01234	0.00686	0.00947	0.00945	0.01016	0.00687	0.00667	0.01232	0.05315	0.03980	0.06552	0.09606	0.02106	0.02054	0.02002	0.51841	0.00543	0.04266	0.03865	0.00455
10	0.01208	0.00895	0.04051	0.01009	0.01220	0.00768	0.00793	0.05665	0.01611	0.08119	0.09873	0.36007	0.14847	0.01665	0.00803	0.00248	0.00457	0.05303	0.04773	0.00686
11	0.00834	0.00595	0.00794	0.00953	0.00992	0.00556	0.00635	0.00953	0.01310	0.01746	0.03771	0.75510	0.04525	0.02143	0.00873	0.00278	0.00397	0.01945	0.00635	0.00556
12	0.01419	0.01216	0.01419	0.01013	0.01621	0.00912	0.00811	0.01723	0.01419	0.02229	0.01216	0.01419	0.01013	0.00507	0.00507	0.00101	0.00507	0.00405	0.00405	0.80139
13	0.02680	0.01837	0.01869	0.01481	0.01988	0.10859	0.01202	0.37231	0.06735	0.24094	0.01951	0.01849	0.01341	0.00820	0.00678	0.00205	0.00751	0.00624	0.00691	0.01111
14	0.01957	0.01581	0.04588	0.17045	0.15696	0.04137	0.08251	0.12724	0.04058	0.15113	0.03610	0.02144	0.04415	0.00781	0.00701	0.00215	0.00797	0.00692	0.00511	0.00982

[dist]
# distance from previous block
# <min> <max>
0	1

[block]
# block no. 3 follows, 31 sequences, length 18
# corresponding to MSA columns:
# 165-182
name=unknown_D
#
# <colnr> <probs for GDERKNQSTAVLIFYWHMCP>
#	G	D	E	R	K	N	Q	S	T	A	V	L	I	F	Y	W	H	M	C	P
0	0.01687	0.17876	0.29656	0.04030	0.02547	0.01915	0.09073	0.13482	0.01714	0.02351	0.01270	0.01523	0.00981	0.00902	0.04195	0.00249	0.04676	0.00547	0.00368	0.00960
1	0.00950	0.00659	0.00779	0.00808	0.00842	0.00652	0.00498	0.01004	0.01104	0.01464	0.02788	0.17475	0.08029	0.51230	0.08324	0.00595	0.00683	0.01182	0.00468	0.00468
2	0.01512	0.05117	0.05789	0.01473	0.03231	0.10348	0.01209	0.01742	0.01397	0.05182	0.08297	0.05016	0.05951	0.05498	0.08718	0.00354	0.24708	0.03287	0.00430	0.00741
3	0.59673	0.05074	0.01287	0.01053	0.01448	0.07794	0.00863	0.04289	0.01304	0.02775	0.01042	0.01257	0.00844	0.00965	0.05396	0.00268	0.03082	0.00416	0.00412	0.00758
4	0.00862	0.00616	0.00825	0.00971	0.01027	0.00579	0.00672	0.01008	0.01366	0.01826	0.07555	0.66258	0.04587	0.02082	0.00875	0.00277	0.00411	0.06994	0.00641	0.00567
5	0.01188	0.00594	0.00891	0.00891	0.00891	0.00594	0.00594	0.00891	0.00891	0.01188	0.01188	0.02080	0.01188	0.02377	0.02674	0.80095	0.00594	0.00594	0.00297	0.00297
6	0.01417	0.10635	0.65705	0.01874	0.02844	0.01698	0.02395	0.02155	0.01439	0.02112	0.01201	0.01411	0.00868	0.00644	0.00629	0.00210	0.00984	0.00492	0.00289	0.00998
7	0.02511	0.02429	0.01957	0.01640	0.02070	0.33183	0.01293	0.30842	0.05836	0.06226	0.01461	0.01535	0.01100	0.00793	0.00723	0.00198	0.04142	0.00550	0.00531	0.00979
8	0.00834	0.00595	0.00794	0.00953	0.00992	0.00556	0.00635	0.00953	0.01310	0.01746	0.03771	0.75510	0.04525	0.02143	0.00873	0.00278	0.00397	0.01945	0.00635	0.00556
9	0.00944	0.00731	0.00874	0.00856	0.01011	0.00722	0.00637	0.01143	0.01455	0.01940	0.16415	0.07636	0.31953	0.09391	0.12728	0.00411	0.04360	0.01181	0.05021	0.00590
10	0.00972	0.00712	0.01015	0.01025	0.01119	0.00802	0.00760	0.01163	0.01092	0.01548	0.02006	0.07263	0.02020	0.18246	0.55943	0.00970	0.01530	0.00853	0.00391	0.00571
11	0.05629	0.42326	0.24630	0.01440	0.02127	0.05625	0.01573	0.02205	0.05303	0.01928	0.01145	0.01294	0.00936	0.00633	0.00527	0.00178	0.00822	0.00436	0.00324	0.00920
12	0.02041	0.12237	0.12806	0.01475	0.02027	0.13668	0.01351	0.24497	0.05054	0.02761	0.01450	0.01613	0.01127	0.02439	0.00671	0.00194	0.00810	0.00535	0.05463	0.07781
13	0.24895	0.09633	0.01931	0.01704	0.10217	0.23999	0.01217	0.10836	0.05440	0.02534	0.01210	0.01362	0.00965	0.00688	0.00563	0.00193	0.00831	0.00473	0.00425	0.00884
14	0.00927	0.00713	0.00832	0.00856	0.01020	0.00651	0.00619	0.03993	0.01621	0.02102	0.18732	0.30061	0.31850	0.01768	0.00825	0.00243	0.00377	0.01540	0.00661	0.00609
15	0.01693	0.01626	0.02777	0.04199	0.71689	0.01626	0.02100	0.02100	0.01558	0.02235	0.01287	0.01693	0.01084	0.00610	0.00677	0.00203	0.00813	0.00610	0.00339	0.01084
16	0.01524	0.16934	0.43789	0.01931	0.06616	0.04803	0.05451	0.02103	0.01451	0.02012	0.01260	0.04090	0.01024	0.00708	0.00684	0.00207	0.03599	0.00553	0.00311	0.00951
17	0.02149	0.15370	0.05488	0.02082	0.12396	0.35380	0.05421	0.06552	0.01783	0.01959	0.01128	0.01361	0.00937	0.00692	0.00693	0.00188	0.04684	0.00495	0.00355	0.00888

[dist]
# distance from previous block
# <min> <max>
0	11

[block]
# block no. 4 follows, 31 sequences, length 54
# corresponding to MSA columns:
# 194-247
name=unknown_E
#
# <colnr> <probs for GDERKNQSTAVLIFYWHMCP>
#	G	D	E	R	K	N	Q	S	T	A	V	L	I	F	Y	W	H	M	C	P
0	0.00907	0.00677	0.00852	0.00963	0.01051	0.00652	0.00662	0.01183	0.06811	0.01892	0.07342	0.60899	0.09584	0.01978	0.00851	0.00267	0.00401	0.01778	0.00646	0.00603
1	0.00857	0.00613	0.00819	0.00966	0.01019	0.00574	0.00664	0.00999	0.01360	0.01819	0.07451	0.67613	0.04595	0.02088	0.00874	0.00277	0.00407	0.05801	0.00641	0.00565
2	0.01982	0.08059	0.02476	0.13808	0.20647	0.12952	0.06620	0.13472	0.01850	0.05858	0.01330	0.01617	0.01039	0.00709	0.00741	0.00206	0.04679	0.00582	0.00414	0.00959
3	0.01002	0.00677	0.00819	0.00819	0.00852	0.00704	0.00513	0.01068	0.01035	0.01431	0.02088	0.04012	0.02289	0.57584	0.18595	0.00739	0.00905	0.00924	0.03477	0.00466
4	0.01941	0.00951	0.01256	0.01083	0.01419	0.00864	0.00878	0.04331	0.01916	0.32758	0.26540	0.04231	0.07517	0.01227	0.00770	0.00228	0.00492	0.09951	0.00768	0.00881
5	0.01374	0.02370	0.34866	0.02135	0.08373	0.01467	0.16008	0.01993	0.03986	0.02112	0.01747	0.14306	0.01594	0.00918	0.00784	0.00233	0.03605	0.00838	0.00380	0.00913
6	0.01985	0.01541	0.01655	0.01418	0.01848	0.01740	0.01123	0.17320	0.51624	0.08039	0.02541	0.02347	0.01868	0.00900	0.00693	0.00225	0.00588	0.00735	0.00704	0.01105
7	0.02156	0.01219	0.01465	0.01254	0.01664	0.01227	0.01021	0.08943	0.20848	0.30285	0.03163	0.03494	0.08770	0.01099	0.00738	0.00233	0.00571	0.10102	0.00740	0.01010
8	0.01025	0.00697	0.00930	0.01051	0.01159	0.00666	0.00802	0.01217	0.01423	0.04418	0.03721	0.39789	0.07231	0.06777	0.01059	0.00312	0.00505	0.25993	0.00627	0.00597
9	0.01196	0.03349	0.13298	0.03829	0.01687	0.00982	0.03869	0.04714	0.01510	0.05091	0.03247	0.37796	0.10199	0.01555	0.00794	0.00251	0.00591	0.04761	0.00555	0.00726
10	0.00985	0.00671	0.00800	0.00807	0.00827	0.00687	0.00489	0.01026	0.01024	0.01384	0.02179	0.07349	0.02463	0.62249	0.13659	0.00711	0.00824	0.00998	0.00417	0.00450
11	0.02747	0.01681	0.01908	0.01463	0.02004	0.01773	0.01208	0.48769	0.02824	0.25506	0.01973	0.01857	0.01329	0.00829	0.00686	0.00207	0.00700	0.00638	0.00735	0.01164
12	0.01795	0.33587	0.11110	0.07354	0.05021	0.05485	0.15672	0.08577	0.01649	0.02090	0.01177	0.01428	0.00948	0.00627	0.00599	0.00187	0.00894	0.00529	0.00346	0.00924
13	0.01396	0.01234	0.01890	0.25960	0.14526	0.01491	0.01543	0.01730	0.01344	0.01954	0.01502	0.02318	0.01319	0.00923	0.01080	0.00239	0.20040	0.06131	0.12596	0.00783
14	0.25388	0.02138	0.03574	0.03552	0.07078	0.27169	0.06010	0.07354	0.01709	0.05093	0.01229	0.01421	0.00954	0.00684	0.00582	0.00198	0.00878	0.00495	0.03647	0.00848
15	0.00959	0.00699	0.00902	0.00851	0.01016	0.00642	0.00638	0.01273	0.01915	0.02692	0.67614	0.05195	0.10201	0.01418	0.00807	0.00216	0.00324	0.01249	0.00746	0.00642
16	0.02105	0.45505	0.02928	0.01502	0.04462	0.26980	0.01262	0.04896	0.01656	0.01760	0.01027	0.01187	0.00898	0.00637	0.00519	0.00161	0.00909	0.00410	0.00330	0.00867
17	0.01687	0.03725	0.04470	0.01534	0.05435	0.01429	0.06761	0.08141	0.17971	0.05086	0.01708	0.01820	0.01321	0.00702	0.00680	0.00177	0.03650	0.00583	0.03003	0.30117
18	0.02284	0.02795	0.01906	0.01716	0.01996	0.55706	0.01308	0.02511	0.04171	0.01698	0.01134	0.01451	0.00989	0.03712	0.01009	0.00218	0.13758	0.00501	0.00358	0.00781
19	0.00856	0.00681	0.00769	0.00777	0.00961	0.00593	0.00571	0.01064	0.01629	0.02082	0.24369	0.15999	0.43834	0.01698	0.00817	0.00233	0.00347	0.01458	0.00668	0.00593
20	0.00843	0.00690	0.00743	0.00739	0.00947	0.00591	0.00551	0.01045	0.01626	0.02029	0.20114	0.09322	0.55019	0.01682	0.00811	0.00230	0.00344	0.01423	0.00660	0.00591
21	0.10715	0.01649	0.01782	0.01423	0.01896	0.03670	0.01164	0.34376	0.10592	0.18450	0.01875	0.01824	0.01321	0.00839	0.00751	0.00215	0.05102	0.00619	0.00662	0.01075
22	0.01223	0.00618	0.00749	0.00755	0.00844	0.00616	0.00532	0.01277	0.01203	0.01952	0.01852	0.05033	0.01619	0.01506	0.01410	0.33554	0.00437	0.00667	0.43659	0.00492
23	0.02556	0.03261	0.01939	0.01763	0.02115	0.73210	0.01322	0.02732	0.01939	0.01674	0.01058	0.01234	0.00881	0.00705	0.00617	0.00176	0.01234	0.00441	0.00353	0.00793
24	0.06126	0.01305	0.02136	0.55776	0.18023	0.01542	0.01871	0.01835	0.01394	0.01925	0.01215	0.01755	0.00936	0.00666	0.00667	0.00222	0.00869	0.00594	0.00318	0.00824
25	0.00913	0.00662	0.00861	0.00886	0.01007	0.00610	0.00636	0.01156	0.01696	0.02347	0.44287	0.30223	0.08804	0.01679	0.00831	0.00238	0.00350	0.01499	0.00706	0.00610
26	0.01007	0.00711	0.00862	0.00831	0.01023	0.00632	0.00620	0.01257	0.01751	0.05845	0.39682	0.12158	0.27987	0.01554	0.00808	0.00226	0.00351	0.01347	0.00707	0.00640
27	0.00834	0.00595	0.00794	0.00953	0.00992	0.00556	0.00635	0.00953	0.01310	0.01746	0.03771	0.75510	0.04525	0.02143	0.00873	0.00278	0.00397	0.01945	0.00635	0.00556
28	0.00842	0.00599	0.00791	0.00942	0.00980	0.00561	0.00624	0.00955	0.01294	0.01725	0.03689	0.71930	0.04422	0.05864	0.01005	0.00297	0.00410	0.01897	0.00624	0.00549
29	0.01479	0.01470	0.02061	0.01772	0.01776	0.02052	0.01474	0.01632	0.01050	0.01644	0.00931	0.01538	0.00927	0.01335	0.04731	0.00327	0.72153	0.00603	0.00302	0.00744
30	0.80789	0.01323	0.01006	0.00900	0.01323	0.01535	0.00741	0.02011	0.01164	0.03070	0.00953	0.01111	0.00741	0.00635	0.00423	0.00212	0.00529	0.00370	0.00423	0.00741
31	0.01391	0.01187	0.01389	0.01010	0.01592	0.00895	0.00802	0.01687	0.01414	0.02207	0.01335	0.04881	0.01177	0.00583	0.00524	0.00110	0.00502	0.00477	0.00416	0.76420
32	0.01419	0.01216	0.01419	0.01013	0.01621	0.00912	0.00811	0.01723	0.01419	0.02229	0.01216	0.01419	0.01013	0.00507	0.00507	0.00101	0.00507	0.00405	0.00405	0.80139
33	0.80789	0.01323	0.01006	0.00900	0.01323	0.01535	0.00741	0.02011	0.01164	0.03070	0.00953	0.01111	0.00741	0.00635	0.00423	0.00212	0.00529	0.00370	0.00423	0.00741
34	0.01702	0.01470	0.01547	0.01392	0.01779	0.01702	0.01083	0.03635	0.70453	0.02862	0.02785	0.02553	0.02088	0.00928	0.00696	0.00232	0.00541	0.00773	0.00696	0.01083
35	0.80789	0.01323	0.01006	0.00900	0.01323	0.01535	0.00741	0.02011	0.01164	0.03070	0.00953	0.01111	0.00741	0.00635	0.00423	0.00212	0.00529	0.00370	0.00423	0.00741
36	0.01693	0.01626	0.02777	0.04199	0.71689	0.01626	0.02100	0.02100	0.01558	0.02235	0.01287	0.01693	0.01084	0.00610	0.00677	0.00203	0.00813	0.00610	0.00339	0.01084
37	0.01702	0.01470	0.01547	0.01392	0.01779	0.01702	0.01083	0.03635	0.70453	0.02862	0.02785	0.02553	0.02088	0.00928	0.00696	0.00232	0.00541	0.00773	0.00696	0.01083
38	0.02547	0.01890	0.02023	0.01563	0.02101	0.02097	0.01287	0.65475	0.07237	0.04225	0.01711	0.01697	0.01219	0.00828	0.00685	0.00207	0.00740	0.00625	0.00685	0.01159
39	0.00844	0.00603	0.00806	0.00964	0.01008	0.00565	0.00653	0.00970	0.01320	0.01758	0.03765	0.72930	0.04503	0.02134	0.00876	0.00279	0.00406	0.04424	0.00635	0.00559
40	0.01464	0.00719	0.00759	0.00714	0.00915	0.00712	0.00547	0.03759	0.01531	0.08385	0.02253	0.02505	0.01731	0.00802	0.00502	0.00165	0.00354	0.00641	0.70845	0.00697
41	0.01628	0.01570	0.02710	0.15109	0.58723	0.01613	0.04530	0.02048	0.01530	0.02157	0.01279	0.01719	0.01055	0.00620	0.00683	0.00208	0.00841	0.00617	0.00334	0.01027
42	0.07716	0.01174	0.01553	0.01198	0.01721	0.01037	0.00990	0.03255	0.01911	0.68032	0.02595	0.02256	0.01637	0.00834	0.00672	0.00212	0.00579	0.00669	0.00821	0.01139
43	0.00831	0.00604	0.00785	0.00929	0.00986	0.00558	0.00625	0.00955	0.01333	0.01756	0.04059	0.69229	0.10621	0.02106	0.00867	0.00274	0.00392	0.01899	0.00635	0.00558
44	0.03070	0.01164	0.01588	0.01217	0.01746	0.01006	0.01006	0.03334	0.01958	0.72163	0.02699	0.02329	0.01694	0.00847	0.00688	0.00212	0.00582	0.00688	0.00847	0.01164
45	0.01599	0.01799	0.03780	0.02740	0.03340	0.01778	0.60259	0.02119	0.01540	0.02119	0.01320	0.01799	0.01020	0.00659	0.00997	0.00240	0.10871	0.00780	0.00340	0.00900
46	0.01693	0.01626	0.02777	0.04199	0.71689	0.01626	0.02100	0.02100	0.01558	0.02235	0.01287	0.01693	0.01084	0.00610	0.00677	0.00203	0.00813	0.00610	0.00339	0.01084
47	0.01060	0.00659	0.00881	0.00970	0.01067	0.00607	0.00671	0.01211	0.01429	0.08579	0.09830	0.62083	0.04430	0.01951	0.00849	0.00266	0.00408	0.01760	0.00666	0.00622
48	0.02721	0.01469	0.01749	0.01359	0.01873	0.01485	0.01116	0.30087	0.06398	0.38010	0.04887	0.02169	0.01682	0.00862	0.00692	0.00210	0.00639	0.00685	0.00769	0.01140
49	0.00832	0.00694	0.00725	0.00717	0.00938	0.00587	0.00538	0.01027	0.01614	0.01978	0.16281	0.06370	0.61980	0.01684	0.00808	0.00229	0.00343	0.01414	0.00652	0.00587
50	0.01305	0.01247	0.02175	0.65147	0.04463	0.01508	0.07444	0.01762	0.01377	0.01778	0.01257	0.01864	0.00958	0.00871	0.03898	0.00267	0.00973	0.00630	0.00310	0.00767
51	0.01038	0.00773	0.00967	0.01064	0.01185	0.00784	0.00785	0.01482	0.11971	0.02014	0.05358	0.45447	0.03965	0.03753	0.00915	0.00283	0.00467	0.14396	0.02702	0.00652
52	0.21841	0.01883	0.02054	0.08859	0.06495	0.15344	0.10138	0.15255	0.01840	0.05513	0.01278	0.01501	0.00970	0.00709	0.00679	0.00210	0.03540	0.00547	0.00446	0.00896
53	0.03944	0.21905	0.11884	0.03677	0.07352	0.07691	0.01472	0.14537	0.01768	0.04458	0.01223	0.01423	0.00979	0.00720	0.00754	0.00192	0.08609	0.00499	0.00402	0.06509

[dist]
# distance from previous block
# <min> <max>
0	1

[block]
# block no. 5 follows, 31 sequences, length 20
# corresponding to MSA columns:
# 249-268
name=unknown_F
#
# <colnr> <probs for GDERKNQSTAVLIFYWHMCP>
#	G	D	E	R	K	N	Q	S	T	A	V	L	I	F	Y	W	H	M	C	P
0	0.01558	0.03237	0.02105	0.41888	0.10044	0.01550	0.04421	0.05018	0.06029	0.07170	0.01737	0.02103	0.04776	0.00786	0.00771	0.00226	0.04644	0.00671	0.00408	0.00859
1	0.00989	0.00688	0.00869	0.00869	0.00912	0.00730	0.00568	0.01074	0.01031	0.01418	0.02043	0.03853	0.02216	0.51240	0.27828	0.00816	0.01071	0.00904	0.00398	0.00483
2	0.01735	0.01425	0.01711	0.07496	0.06138	0.05149	0.04547	0.13893	0.13842	0.07106	0.02630	0.02853	0.11887	0.03051	0.02569	0.00242	0.00700	0.02816	0.00556	0.09655
3	0.01490	0.01374	0.02072	0.14697	0.12688	0.01673	0.05023	0.05277	0.03942	0.01991	0.01328	0.01893	0.01153	0.03577	0.07657	0.00336	0.28307	0.00646	0.04062	0.00816
4	0.34795	0.01268	0.01268	0.01084	0.01495	0.01371	0.00867	0.04681	0.15875	0.20247	0.01911	0.01983	0.01413	0.05154	0.00735	0.00240	0.00552	0.00588	0.03565	0.00908
5	0.01339	0.01563	0.11527	0.09727	0.04215	0.01455	0.10805	0.01688	0.01399	0.03829	0.04425	0.04651	0.16859	0.01102	0.01179	0.00248	0.21931	0.00857	0.00416	0.00785
6	0.00850	0.00603	0.00789	0.00931	0.00966	0.00567	0.00612	0.00957	0.01277	0.01702	0.03601	0.68060	0.04311	0.09885	0.01147	0.00318	0.00425	0.01845	0.00612	0.00541
7	0.00874	0.00681	0.00773	0.00775	0.00944	0.00602	0.00559	0.01069	0.01590	0.02048	0.24687	0.13636	0.39194	0.08242	0.01052	0.00270	0.00373	0.01400	0.00650	0.00580
8	0.01406	0.08891	0.67354	0.01893	0.02872	0.01671	0.02428	0.02158	0.01440	0.02126	0.01207	0.01419	0.00867	0.00645	0.00634	0.00211	0.00991	0.00495	0.00289	0.01001
9	0.00817	0.00693	0.00705	0.00702	0.00929	0.00581	0.00526	0.00998	0.01579	0.01895	0.10286	0.06507	0.68027	0.01715	0.00808	0.00230	0.00345	0.01433	0.00641	0.00581
10	0.02556	0.03261	0.01939	0.01763	0.02115	0.73210	0.01322	0.02732	0.01939	0.01674	0.01058	0.01234	0.00881	0.00705	0.00617	0.00176	0.01234	0.00441	0.00353	0.00793
11	0.02604	0.01772	0.01947	0.01508	0.02041	0.01926	0.01241	0.54810	0.07972	0.14232	0.01883	0.01811	0.01310	0.00833	0.00686	0.00208	0.00712	0.00638	0.00709	0.01158
12	0.01497	0.01497	0.02095	0.01796	0.01796	0.02095	0.01497	0.01646	0.01048	0.01646	0.00898	0.01497	0.00898	0.01197	0.02245	0.00299	0.74704	0.00599	0.00299	0.00748
13	0.10960	0.01669	0.01735	0.01369	0.01855	0.01827	0.01122	0.51788	0.02744	0.03808	0.02354	0.02319	0.11573	0.00936	0.00674	0.00210	0.00668	0.00712	0.00648	0.01030
14	0.00854	0.00611	0.00812	0.00939	0.00997	0.00569	0.00637	0.01003	0.01403	0.01895	0.13826	0.65031	0.04812	0.02033	0.00863	0.00269	0.00386	0.01840	0.00653	0.00569
15	0.00995	0.00663	0.00746	0.00746	0.00746	0.00663	0.00415	0.00995	0.00995	0.01327	0.02156	0.04477	0.02487	0.75957	0.03482	0.00663	0.00663	0.00995	0.00415	0.00415
16	0.02362	0.01730	0.01859	0.01451	0.01917	0.01905	0.01168	0.59225	0.02886	0.03867	0.01719	0.02064	0.01361	0.12005	0.01101	0.00273	0.00740	0.00672	0.00644	0.01052
17	0.01545	0.01470	0.02437	0.06553	0.58409	0.01465	0.01856	0.01919	0.01550	0.02158	0.02124	0.02427	0.11545	0.00780	0.00697	0.00208	0.00747	0.00734	0.00381	0.00995
18	0.01377	0.00805	0.01085	0.01014	0.01108	0.00848	0.00726	0.11123	0.01258	0.01693	0.01321	0.02076	0.01237	0.02422	0.09477	0.60257	0.00742	0.00611	0.00362	0.00458
19	0.01099	0.00806	0.01048	0.01260	0.11306	0.00806	0.00665	0.01159	0.01079	0.01462	0.02026	0.04063	0.02278	0.64741	0.03065	0.00595	0.00686	0.00938	0.00403	0.00514

[dist]
# distance from previous block
# <min> <max>
1	35

[block]
# block no. 6 follows, 31 sequences, length 38
# corresponding to MSA columns:
# 304-341
name=unknown_G
#
# <colnr> <probs for GDERKNQSTAVLIFYWHMCP>
#	G	D	E	R	K	N	Q	S	T	A	V	L	I	F	Y	W	H	M	C	P
0	0.02601	0.01916	0.02053	0.01574	0.02122	0.02122	0.01300	0.69408	0.03217	0.04312	0.01643	0.01643	0.01163	0.00821	0.00684	0.00205	0.00753	0.00616	0.00684	0.01163
1	0.72527	0.01306	0.01067	0.00933	0.01368	0.01478	0.00769	0.02152	0.01249	0.10415	0.01138	0.01241	0.00842	0.00658	0.00452	0.00212	0.00535	0.00404	0.00468	0.00786
2	0.01693	0.01626	0.02777	0.04199	0.71689	0.01626	0.02100	0.02100	0.01558	0.02235	0.01287	0.01693	0.01084	0.00610	0.00677	0.00203	0.00813	0.00610	0.00339	0.01084
3	0.00834	0.00595	0.00794	0.00953	0.00992	0.00556	0.00635	0.00953	0.01310	0.01746	0.03771	0.75510	0.04525	0.02143	0.00873	0.00278	0.00397	0.01945	0.00635	0.00556
4	0.00960	0.00699	0.00903	0.00852	0.01017	0.00642	0.00639	0.01275	0.01917	0.02697	0.67953	0.05188	0.09860	0.01416	0.00807	0.00216	0.00324	0.01248	0.00747	0.00642
5	0.01703	0.01098	0.01703	0.01485	0.01830	0.01056	0.11785	0.04302	0.05305	0.18777	0.05084	0.10639	0.02889	0.01356	0.00831	0.00263	0.00672	0.27739	0.00646	0.00838
6	0.01638	0.01578	0.02567	0.23096	0.47088	0.03693	0.03927	0.04329	0.01576	0.02156	0.01276	0.01718	0.01032	0.00639	0.00681	0.00210	0.00860	0.00610	0.00342	0.00985
7	0.00962	0.00688	0.00938	0.01074	0.01177	0.00664	0.00835	0.01186	0.01489	0.01980	0.10834	0.39206	0.04478	0.01957	0.00897	0.00287	0.00488	0.29617	0.00645	0.00597
8	0.00995	0.00663	0.00746	0.00746	0.00746	0.00663	0.00415	0.00995	0.00995	0.01327	0.02156	0.04477	0.02487	0.75957	0.03482	0.00663	0.00663	0.00995	0.00415	0.00415
9	0.07576	0.14059	0.11506	0.01603	0.02163	0.13416	0.07404	0.12782	0.12724	0.07964	0.01575	0.01642	0.01180	0.00726	0.00625	0.00200	0.00835	0.00564	0.00482	0.00974
10	0.01660	0.02007	0.17625	0.11277	0.27127	0.01628	0.15090	0.04443	0.01581	0.05972	0.01358	0.01710	0.01037	0.00664	0.00761	0.00219	0.03855	0.00630	0.00363	0.00993
11	0.00838	0.00690	0.00737	0.00733	0.00944	0.00589	0.00547	0.01036	0.01617	0.02005	0.18392	0.09028	0.57097	0.01689	0.00811	0.00230	0.00344	0.01426	0.00656	0.00589
12	0.05732	0.01470	0.02312	0.23763	0.24368	0.04319	0.09703	0.02012	0.03676	0.04145	0.06151	0.02100	0.03313	0.00752	0.00744	0.00219	0.03253	0.00685	0.00395	0.00888
13	0.01694	0.08020	0.41485	0.01873	0.02663	0.06817	0.09111	0.09160	0.04052	0.04662	0.01424	0.03463	0.01082	0.00714	0.00662	0.00211	0.00950	0.00587	0.00382	0.00988
14	0.00913	0.00677	0.00834	0.00904	0.01019	0.00638	0.00641	0.01121	0.04148	0.01868	0.10286	0.38083	0.20858	0.04446	0.03189	0.04599	0.00455	0.04131	0.00614	0.00576
15	0.01065	0.00697	0.00851	0.00854	0.01025	0.00627	0.00624	0.01283	0.01618	0.07349	0.24405	0.25798	0.22337	0.01621	0.00794	0.00233	0.00370	0.01416	0.06394	0.00639
16	0.01748	0.05347	0.37496	0.01855	0.02611	0.05405	0.12047	0.06445	0.01667	0.10904	0.03801	0.01842	0.01263	0.03621	0.00786	0.00230	0.00929	0.00615	0.00415	0.00974
17	0.01875	0.46654	0.08353	0.01318	0.01861	0.15158	0.01254	0.05716	0.01607	0.01832	0.01563	0.01668	0.07184	0.00727	0.00534	0.00168	0.00811	0.00500	0.00355	0.00862
18	0.01741	0.01725	0.06688	0.13945	0.08474	0.05537	0.08355	0.15222	0.03517	0.02534	0.01353	0.01616	0.01044	0.00645	0.00637	0.00180	0.00790	0.00557	0.00428	0.25014
19	0.01856	0.13270	0.05247	0.12769	0.07554	0.16104	0.08833	0.08289	0.08670	0.02157	0.01423	0.01800	0.01162	0.00760	0.00745	0.00209	0.05167	0.02685	0.00402	0.00899
20	0.02192	0.01608	0.01630	0.01374	0.01748	0.11256	0.01083	0.21617	0.09280	0.17785	0.04288	0.10749	0.03664	0.03507	0.00882	0.00235	0.04678	0.00829	0.00641	0.00957
21	0.00858	0.00613	0.00798	0.00935	0.00983	0.00576	0.00628	0.00976	0.01301	0.01723	0.03740	0.63488	0.06971	0.08996	0.01117	0.00313	0.00429	0.04394	0.00614	0.00546
22	0.01171	0.00761	0.00985	0.00902	0.01104	0.00704	0.00686	0.01527	0.03773	0.08924	0.61298	0.04840	0.07976	0.01347	0.00793	0.00216	0.00353	0.01182	0.00756	0.00702
23	0.01221	0.00647	0.00674	0.00667	0.00829	0.00636	0.00500	0.01535	0.01501	0.02549	0.10866	0.03007	0.04794	0.00904	0.00530	0.00169	0.00320	0.00740	0.67274	0.00636
24	0.00913	0.00697	0.00837	0.00802	0.00988	0.00622	0.00602	0.01183	0.01805	0.02432	0.48889	0.05624	0.29088	0.01515	0.00807	0.00221	0.00331	0.01309	0.00712	0.00622
25	0.00834	0.00595	0.00794	0.00953	0.00992	0.00556	0.00635	0.00953	0.01310	0.01746	0.03771	0.75510	0.04525	0.02143	0.00873	0.00278	0.00397	0.01945	0.00635	0.00556
26	0.00846	0.00695	0.00745	0.00732	0.00947	0.00593	0.00549	0.01054	0.01648	0.02057	0.21979	0.06240	0.56232	0.01655	0.00808	0.00227	0.00341	0.01396	0.00663	0.00593
27	0.01829	0.76368	0.03585	0.01171	0.01756	0.02707	0.01171	0.02049	0.01390	0.01610	0.00951	0.01097	0.00878	0.00585	0.00439	0.00146	0.00732	0.00366	0.00293	0.00878
28	0.01372	0.03539	0.72412	0.01950	0.02961	0.01589	0.02528	0.02167	0.01444	0.02167	0.01228	0.01444	0.00867	0.00650	0.00650	0.00217	0.01011	0.00506	0.00289	0.01011
29	0.00942	0.00698	0.00878	0.00833	0.01006	0.00634	0.00625	0.01240	0.01875	0.02596	0.60735	0.05353	0.17140	0.01454	0.00807	0.00218	0.00327	0.01271	0.00734	0.00634
30	0.01372	0.03539	0.72412	0.01950	0.02961	0.01589	0.02528	0.02167	0.01444	0.02167	0.01228	0.01444	0.00867	0.00650	0.00650	0.00217	0.01011	0.00506	0.00289	0.01011
31	0.02601	0.01916	0.02053	0.01574	0.02122	0.02122	0.01300	0.69408	0.03217	0.04312	0.01643	0.01643	0.01163	0.00821	0.00684	0.00205	0.00753	0.00616	0.00684	0.01163
32	0.00838	0.00621	0.00784	0.00912	0.00993	0.00568	0.00628	0.00974	0.01367	0.01776	0.04381	0.59842	0.17527	0.02055	0.00863	0.00270	0.00395	0.04008	0.00635	0.00562
33	0.02811	0.01222	0.01580	0.01250	0.01753	0.01137	0.01020	0.03391	0.14927	0.59041	0.02715	0.02371	0.01768	0.00862	0.00690	0.00216	0.00574	0.00704	0.00818	0.01149
34	0.01410	0.01183	0.01650	0.03735	0.01603	0.01534	0.01178	0.01571	0.01118	0.06143	0.01409	0.02274	0.01364	0.13986	0.16122	0.00506	0.41458	0.00695	0.00367	0.00695
35	0.02914	0.01174	0.01624	0.01251	0.01767	0.01035	0.03073	0.03241	0.04013	0.65212	0.02643	0.02329	0.01688	0.00839	0.00684	0.00211	0.00588	0.00692	0.03888	0.01134
36	0.01292	0.01216	0.02052	0.74312	0.04712	0.01520	0.01900	0.01748	0.01368	0.01748	0.01216	0.01824	0.00912	0.00684	0.00684	0.00228	0.00912	0.00608	0.00304	0.00760
37	0.08871	0.13117	0.12407	0.12785	0.17002	0.07450	0.03687	0.12637	0.01745	0.02415	0.01229	0.01497	0.00962	0.00665	0.00617	0.00200	0.00852	0.00531	0.00383	0.00950

[dist]
# distance from previous block
# <min> <max>
1	3

[block]
# block no. 7 follows, 31 sequences, length 84
# corresponding to MSA columns:
# 345-421,425-431
name=unknown_H
#
# <colnr> <probs for GDERKNQSTAVLIFYWHMCP>
#	G	D	E	R	K	N	Q	S	T	A	V	L	I	F	Y	W	H	M	C	P
0	0.05287	0.01989	0.01912	0.01518	0.02024	0.14194	0.01230	0.43283	0.02692	0.16487	0.01716	0.01682	0.01200	0.00800	0.00665	0.00202	0.00797	0.00591	0.00649	0.01085
1	0.57523	0.01549	0.01273	0.01098	0.01535	0.06005	0.00892	0.13184	0.06567	0.03173	0.01204	0.01310	0.00916	0.00691	0.00498	0.00210	0.00610	0.00444	0.00481	0.00838
2	0.01942	0.02029	0.01841	0.01597	0.01954	0.27235	0.07669	0.11234	0.15901	0.02369	0.05005	0.14156	0.02027	0.01023	0.00711	0.00215	0.00844	0.00852	0.00530	0.00867
3	0.01372	0.03539	0.72412	0.01950	0.02961	0.01589	0.02528	0.02167	0.01444	0.02167	0.01228	0.01444	0.00867	0.00650	0.00650	0.00217	0.01011	0.00506	0.00289	0.01011
4	0.01419	0.01216	0.01419	0.01013	0.01621	0.00912	0.00811	0.01723	0.01419	0.02229	0.01216	0.01419	0.01013	0.00507	0.00507	0.00101	0.00507	0.00405	0.00405	0.80139
5	0.02263	0.01738	0.02029	0.10296	0.07333	0.01931	0.01389	0.50000	0.06804	0.03712	0.04433	0.01861	0.01395	0.00819	0.00689	0.00210	0.00746	0.00649	0.00618	0.01085
6	0.01829	0.76368	0.03585	0.01171	0.01756	0.02707	0.01171	0.02049	0.01390	0.01610	0.00951	0.01097	0.00878	0.00585	0.00439	0.00146	0.00732	0.00366	0.00293	0.00878
7	0.02682	0.01631	0.01860	0.01439	0.01962	0.01713	0.01183	0.46105	0.02750	0.25528	0.02054	0.04609	0.01455	0.00879	0.00693	0.00210	0.00686	0.00688	0.00734	0.01141
8	0.00888	0.00707	0.00808	0.00852	0.01047	0.00627	0.00668	0.01099	0.01570	0.01949	0.10607	0.12262	0.46313	0.01776	0.00844	0.00252	0.00412	0.16084	0.00643	0.00592
9	0.01292	0.01216	0.02052	0.74312	0.04712	0.01520	0.01900	0.01748	0.01368	0.01748	0.01216	0.01824	0.00912	0.00684	0.00684	0.00228	0.00912	0.00608	0.00304	0.00760
10	0.01414	0.00824	0.01074	0.00954	0.01197	0.00762	0.00735	0.01795	0.04901	0.16415	0.54856	0.04452	0.05329	0.01270	0.00779	0.00215	0.00383	0.01109	0.00769	0.00767
11	0.00968	0.00699	0.00914	0.00861	0.01022	0.00646	0.00646	0.01291	0.01937	0.02743	0.71328	0.05110	0.06455	0.01399	0.00807	0.00215	0.00323	0.01237	0.00753	0.00646
12	0.02556	0.03261	0.01939	0.01763	0.02115	0.73210	0.01322	0.02732	0.01939	0.01674	0.01058	0.01234	0.00881	0.00705	0.00617	0.00176	0.01234	0.00441	0.00353	0.00793
13	0.03034	0.01221	0.01623	0.01244	0.01775	0.01090	0.01028	0.08353	0.02054	0.67009	0.02619	0.02276	0.01653	0.00845	0.00688	0.00211	0.00595	0.00683	0.00834	0.01164
14	0.00903	0.00656	0.00852	0.00889	0.01004	0.00604	0.00634	0.01133	0.01655	0.02278	0.39581	0.34343	0.09467	0.01727	0.00834	0.00242	0.00355	0.01542	0.00697	0.00604
15	0.00832	0.00600	0.00789	0.00941	0.00989	0.00557	0.00630	0.00954	0.01321	0.01751	0.03907	0.72532	0.07415	0.02126	0.00870	0.00276	0.00395	0.01923	0.00635	0.00557
16	0.01702	0.01470	0.01547	0.01392	0.01779	0.01702	0.01083	0.03635	0.70453	0.02862	0.02785	0.02553	0.02088	0.00928	0.00696	0.00232	0.00541	0.00773	0.00696	0.01083
17	0.01657	0.01977	0.06199	0.02792	0.03477	0.05551	0.63354	0.02220	0.01626	0.02163	0.01361	0.01799	0.01024	0.00586	0.00792	0.00227	0.01153	0.00778	0.00344	0.00919
18	0.00833	0.00615	0.00780	0.00906	0.00982	0.00562	0.00616	0.00968	0.01372	0.01795	0.06400	0.61619	0.15949	0.02051	0.00860	0.00268	0.00386	0.01838	0.00639	0.00562
19	0.01829	0.76368	0.03585	0.01171	0.01756	0.02707	0.01171	0.02049	0.01390	0.01610	0.00951	0.01097	0.00878	0.00585	0.00439	0.00146	0.00732	0.00366	0.00293	0.00878
20	0.01866	0.08997	0.02786	0.18992	0.12200	0.10507	0.19898	0.07383	0.01716	0.07118	0.01364	0.01692	0.01037	0.00660	0.00685	0.00208	0.00951	0.00625	0.00393	0.00922
21	0.00837	0.00664	0.00756	0.00822	0.00981	0.00583	0.00599	0.01000	0.01472	0.01825	0.05589	0.31200	0.43189	0.01889	0.00840	0.00253	0.00383	0.05909	0.00635	0.00573
22	0.01633	0.01542	0.02599	0.22419	0.47630	0.01629	0.04709	0.05613	0.01599	0.02217	0.01291	0.01731	0.01041	0.00639	0.00685	0.00211	0.00849	0.00617	0.00348	0.00996
23	0.04132	0.01456	0.06508	0.38924	0.13249	0.01525	0.04658	0.03933	0.03539	0.04336	0.01586	0.04215	0.03458	0.00789	0.00772	0.00228	0.04789	0.00679	0.00376	0.00850
24	0.01149	0.00923	0.01349	0.01300	0.03671	0.01089	0.03448	0.01364	0.01140	0.01693	0.01714	0.02664	0.01638	0.14321	0.38067	0.00740	0.14618	0.00738	0.07738	0.00636
25	0.01709	0.01360	0.01584	0.01217	0.03688	0.01168	0.00948	0.14797	0.01786	0.04981	0.01350	0.01500	0.01067	0.00581	0.00552	0.00128	0.00565	0.00461	0.00472	0.60085
26	0.02556	0.03261	0.01939	0.01763	0.02115	0.73210	0.01322	0.02732	0.01939	0.01674	0.01058	0.01234	0.00881	0.00705	0.00617	0.00176	0.01234	0.00441	0.00353	0.00793
27	0.01109	0.00732	0.00953	0.00879	0.01069	0.00668	0.00666	0.01422	0.01923	0.07564	0.63941	0.04975	0.08731	0.01373	0.00799	0.00216	0.00342	0.01207	0.00755	0.00679
28	0.00860	0.00621	0.00802	0.00936	0.00998	0.00580	0.00641	0.00989	0.01328	0.01746	0.03925	0.60155	0.10156	0.07149	0.01051	0.00303	0.00426	0.06162	0.00620	0.00553
29	0.00887	0.00736	0.00781	0.00762	0.00988	0.00651	0.00574	0.01182	0.05318	0.02072	0.18904	0.06089	0.55400	0.01626	0.00802	0.00228	0.00352	0.01369	0.00661	0.00617
30	0.00857	0.00617	0.00796	0.00929	0.00984	0.00577	0.00628	0.00978	0.01312	0.01730	0.03853	0.61423	0.09169	0.08508	0.01098	0.00310	0.00426	0.04640	0.00616	0.00548
31	0.02296	0.01337	0.01565	0.01316	0.01765	0.01399	0.01049	0.03504	0.40676	0.32990	0.02747	0.02455	0.01917	0.00893	0.00693	0.00223	0.00559	0.00736	0.00762	0.01118
32	0.01702	0.01470	0.01547	0.01392	0.01779	0.01702	0.01083	0.03635	0.70453	0.02862	0.02785	0.02553	0.02088	0.00928	0.00696	0.00232	0.00541	0.00773	0.00696	0.01083
33	0.02601	0.01916	0.02053	0.01574	0.02122	0.02122	0.01300	0.69408	0.03217	0.04312	0.01643	0.01643	0.01163	0.00821	0.00684	0.00205	0.00753	0.00616	0.00684	0.01163
34	0.02556	0.03261	0.01939	0.01763	0.02115	0.73210	0.01322	0.02732	0.01939	0.01674	0.01058	0.01234	0.00881	0.00705	0.00617	0.00176	0.01234	0.00441	0.00353	0.00793
35	0.00879	0.00651	0.00824	0.00897	0.01011	0.00596	0.00642	0.01074	0.01538	0.02048	0.22442	0.40393	0.17258	0.01855	0.00847	0.00254	0.00380	0.05155	0.00666	0.00588
36	0.02017	0.01440	0.01586	0.01370	0.01794	0.01596	0.01082	0.07668	0.53305	0.16072	0.02697	0.02454	0.01956	0.00906	0.00694	0.00227	0.00562	0.00748	0.00724	0.01103
37	0.21725	0.09756	0.27578	0.01949	0.11074	0.04576	0.07992	0.02163	0.01432	0.04204	0.01185	0.01409	0.00902	0.00635	0.00589	0.00206	0.00847	0.00501	0.00352	0.00926
38	0.02646	0.01415	0.01684	0.01330	0.01829	0.01432	0.01086	0.22376	0.13788	0.38688	0.02393	0.02176	0.01609	0.00851	0.00681	0.00212	0.00616	0.00680	0.03375	0.01133
39	0.00809	0.00693	0.00693	0.00693	0.00924	0.00578	0.00520	0.00982	0.01559	0.01848	0.06931	0.06584	0.71411	0.01733	0.00809	0.00231	0.00347	0.01444	0.00635	0.00578
40	0.01829	0.76368	0.03585	0.01171	0.01756	0.02707	0.01171	0.02049	0.01390	0.01610	0.00951	0.01097	0.00878	0.00585	0.00439	0.00146	0.00732	0.00366	0.00293	0.00878
41	0.00962	0.00682	0.00899	0.04835	0.01215	0.00644	0.00703	0.01150	0.01488	0.04539	0.16611	0.46299	0.13768	0.01822	0.00835	0.00255	0.00411	0.01627	0.00647	0.00609
42	0.03070	0.01164	0.01588	0.01217	0.01746	0.01006	0.01006	0.03334	0.01958	0.72163	0.02699	0.02329	0.01694	0.00847	0.00688	0.00212	0.00582	0.00688	0.00847	0.01164
43	0.00995	0.00663	0.00746	0.00746	0.00746	0.00663	0.00415	0.00995	0.00995	0.01327	0.02156	0.04477	0.02487	0.75957	0.03482	0.00663	0.00663	0.00995	0.00415	0.00415
44	0.00974	0.00710	0.00902	0.00912	0.01049	0.00668	0.00660	0.03893	0.01734	0.02382	0.39527	0.30882	0.09790	0.01670	0.00826	0.00239	0.00369	0.01485	0.00699	0.00629
45	0.01829	0.76368	0.03585	0.01171	0.01756	0.02707	0.01171	0.02049	0.01390	0.01610	0.00951	0.01097	0.00878	0.00585	0.00439	0.00146	0.00732	0.00366	0.00293	0.00878
46	0.01292	0.01216	0.02052	0.74312	0.04712	0.01520	0.01900	0.01748	0.01368	0.01748	0.01216	0.01824	0.00912	0.00684	0.00684	0.00228	0.00912	0.00608	0.00304	0.00760
47	0.03015	0.01177	0.01586	0.01224	0.01748	0.01033	0.01009	0.03346	0.04709	0.69379	0.02702	0.02338	0.01709	0.00850	0.00688	0.00213	0.00581	0.00691	0.00841	0.01161
48	0.01829	0.76368	0.03585	0.01171	0.01756	0.02707	0.01171	0.02049	0.01390	0.01610	0.00951	0.01097	0.00878	0.00585	0.00439	0.00146	0.00732	0.00366	0.00293	0.00878
49	0.00831	0.00680	0.00728	0.00760	0.00948	0.00586	0.00558	0.00995	0.01499	0.01821	0.06112	0.17680	0.55365	0.04538	0.00923	0.00258	0.00378	0.04145	0.00627	0.00570
50	0.01511	0.01408	0.02354	0.13899	0.49857	0.01443	0.01823	0.01911	0.01594	0.02250	0.13193	0.02294	0.01972	0.00755	0.00700	0.00209	0.00744	0.00716	0.00404	0.00962
51	0.01471	0.01636	0.05507	0.14134	0.08327	0.01544	0.42890	0.01978	0.01561	0.02121	0.05256	0.07173	0.01551	0.00753	0.00778	0.00230	0.00988	0.00854	0.00379	0.00871
52	0.00989	0.00742	0.01047	0.03433	0.01222	0.00837	0.00787	0.01166	0.01116	0.01564	0.02137	0.13930	0.02241	0.19408	0.42568	0.00825	0.04043	0.00961	0.00412	0.00571
53	0.00838	0.00675	0.00747	0.00771	0.00953	0.00584	0.00562	0.01024	0.01568	0.01967	0.16313	0.20046	0.48028	0.01762	0.00821	0.00238	0.00353	0.01511	0.00654	0.00584
54	0.62690	0.04232	0.06331	0.01008	0.01498	0.01511	0.00902	0.02054	0.01245	0.05669	0.01064	0.01208	0.00815	0.00633	0.00458	0.00201	0.00572	0.00396	0.00424	0.07089
55	0.01447	0.01492	0.03254	0.01300	0.01564	0.14666	0.01017	0.01718	0.03965	0.01865	0.01994	0.23192	0.02091	0.01527	0.06914	0.00287	0.11853	0.00934	0.00451	0.18469
56	0.01419	0.01216	0.01419	0.01013	0.01621	0.00912	0.00811	0.01723	0.01419	0.02229	0.01216	0.01419	0.01013	0.00507	0.00507	0.00101	0.00507	0.00405	0.00405	0.80139
57	0.07347	0.01972	0.03810	0.01495	0.01996	0.12140	0.01229	0.36452	0.13023	0.07749	0.01726	0.01718	0.01257	0.00792	0.00652	0.00202	0.00761	0.00592	0.00609	0.04479
58	0.06559	0.01654	0.18589	0.01374	0.03820	0.01170	0.01293	0.01995	0.06539	0.09676	0.13176	0.05157	0.06661	0.01146	0.03449	0.00246	0.03642	0.03444	0.00524	0.09884
59	0.01637	0.04290	0.04029	0.10933	0.09498	0.03787	0.07754	0.05983	0.03801	0.09274	0.03533	0.08068	0.04970	0.01206	0.04758	0.03483	0.05525	0.00778	0.00466	0.06225
60	0.10587	0.01180	0.01531	0.01187	0.01705	0.01057	0.00980	0.03206	0.01881	0.65480	0.02530	0.02211	0.01601	0.00826	0.00662	0.00212	0.00577	0.00657	0.00806	0.01123
61	0.01037	0.00737	0.00786	0.00754	0.01009	0.00620	0.00572	0.01217	0.01591	0.08909	0.06400	0.08454	0.62177	0.01657	0.00799	0.00231	0.00372	0.01385	0.00657	0.00636
62	0.03673	0.00838	0.01246	0.09861	0.04268	0.00971	0.00989	0.01326	0.01143	0.01661	0.01734	0.02632	0.01619	0.09665	0.54200	0.00900	0.01553	0.00721	0.00364	0.00636
63	0.01705	0.04785	0.15609	0.07885	0.26082	0.05671	0.09775	0.09908	0.01733	0.02367	0.01544	0.01835	0.03660	0.00697	0.00674	0.00207	0.00875	0.00628	0.03382	0.00977
64	0.00819	0.00693	0.00707	0.00704	0.00930	0.00582	0.00528	0.01001	0.01583	0.01904	0.10973	0.06492	0.67333	0.01712	0.00808	0.00230	0.00345	0.01431	0.00643	0.00582
65	0.00935	0.00701	0.01006	0.01039	0.01152	0.00772	0.00785	0.01148	0.01177	0.01640	0.02609	0.18248	0.07351	0.04258	0.52813	0.00864	0.01424	0.01039	0.00442	0.00597
66	0.01603	0.03389	0.06975	0.15832	0.08903	0.01602	0.03280	0.14940	0.07437	0.02377	0.01621	0.02239	0.01373	0.05796	0.09554	0.00358	0.08278	0.03128	0.00439	0.00876
67	0.16715	0.05890	0.01943	0.01517	0.04566	0.02002	0.01208	0.46798	0.06825	0.03768	0.01536	0.01574	0.01125	0.00773	0.00624	0.00205	0.00700	0.00567	0.00603	0.01063
