[name]
unknown

[dist]
# distance from previous block
# <min> <max>
0	16

[block]
# block no. 0 follows, 30 sequences, length 8
# corresponding to MSA columns:
# 16-23
name=unknown_A
#
# <colnr> <probs for GDERKNQSTAVLIFYWHMCP>
#	G	D	E	R	K	N	Q	S	T	A	V	L	I	F	Y	W	H	M	C	P
0	0.01158	0.00774	0.01034	0.01163	0.01324	0.00774	0.01002	0.01480	0.01579	0.02187	0.03423	0.06860	0.03589	0.01714	0.00872	0.00291	0.00582	0.53802	0.15748	0.00644
1	0.11177	0.01700	0.02208	0.01696	0.02227	0.01809	0.14088	0.33833	0.08665	0.08039	0.06108	0.02009	0.01578	0.00817	0.00701	0.00219	0.00761	0.00697	0.00618	0.01049
2	0.01858	0.01063	0.01489	0.01621	0.14733	0.00965	0.01044	0.02146	0.01817	0.27117	0.17827	0.03888	0.19182	0.01152	0.00755	0.00220	0.00526	0.00989	0.00692	0.00917
3	0.01511	0.01532	0.01977	0.02077	0.15029	0.09662	0.04251	0.01755	0.01375	0.01839	0.02004	0.02439	0.10312	0.01774	0.13472	0.00398	0.26678	0.00740	0.00378	0.00795
4	0.00944	0.00692	0.00885	0.00879	0.01026	0.00633	0.00643	0.01217	0.01810	0.02505	0.51085	0.19028	0.12834	0.01610	0.00836	0.00234	0.00347	0.01425	0.00732	0.00633
5	0.16264	0.00886	0.01025	0.01063	0.01263	0.00924	0.00864	0.01436	0.01524	0.02317	0.13828	0.14647	0.11702	0.01591	0.00867	0.00270	0.03468	0.24796	0.00609	0.00655
6	0.01542	0.00721	0.00778	0.00728	0.00941	0.00700	0.00559	0.01860	0.01534	0.11695	0.02339	0.02572	0.01781	0.00820	0.00516	0.00170	0.00361	0.00657	0.69006	0.00721
7	0.01314	0.00753	0.00979	0.00972	0.01158	0.00677	0.00709	0.01514	0.01628	0.15410	0.18179	0.38267	0.12267	0.01722	0.00832	0.00251	0.00419	0.01525	0.00715	0.00708

[dist]
# distance from previous block
# <min> <max>
0	19

[block]
# block no. 1 follows, 30 sequences, length 6
# corresponding to MSA columns:
# 43-48
name=unknown_B
#
# <colnr> <probs for GDERKNQSTAVLIFYWHMCP>
#	G	D	E	R	K	N	Q	S	T	A	V	L	I	F	Y	W	H	M	C	P
0	0.10136	0.07750	0.09034	0.01929	0.13383	0.10478	0.01451	0.12735	0.04152	0.09222	0.01487	0.01655	0.01137	0.00769	0.00761	0.00209	0.07025	0.00561	0.05152	0.00974
1	0.50221	0.01928	0.01411	0.01233	0.01664	0.19447	0.00983	0.11429	0.01674	0.02949	0.01095	0.01239	0.00851	0.00692	0.00518	0.00206	0.00751	0.00430	0.00450	0.00828
2	0.80405	0.01350	0.01026	0.00918	0.01350	0.01565	0.00756	0.02051	0.01188	0.03131	0.00972	0.01134	0.00756	0.00648	0.00432	0.00216	0.00540	0.00378	0.00432	0.00756
3	0.01250	0.01189	0.01082	0.01078	0.01282	0.12628	0.00802	0.01602	0.07459	0.02092	0.16050	0.22251	0.21567	0.01577	0.00807	0.00241	0.00546	0.05191	0.00627	0.00679
4	0.01408	0.01135	0.01358	0.01013	0.01531	0.00877	0.00790	0.01617	0.01358	0.02098	0.01236	0.01559	0.01063	0.00832	0.00882	0.13267	0.00532	0.00445	0.00395	0.66604
5	0.00857	0.00677	0.00772	0.00815	0.00979	0.00592	0.00586	0.01038	0.01567	0.01987	0.15401	0.27984	0.40575	0.01849	0.00845	0.00248	0.00366	0.01603	0.00666	0.00592

[dist]
# distance from previous block
# <min> <max>
0	4

[block]
# block no. 2 follows, 30 sequences, length 7
# corresponding to MSA columns:
# 53-59
name=unknown_C
#
# <colnr> <probs for GDERKNQSTAVLIFYWHMCP>
#	G	D	E	R	K	N	Q	S	T	A	V	L	I	F	Y	W	H	M	C	P
0	0.01167	0.00863	0.00975	0.00948	0.01048	0.00925	0.00622	0.01635	0.16470	0.01745	0.02393	0.07268	0.02479	0.49724	0.08330	0.00595	0.00732	0.00988	0.00494	0.00598
1	0.01981	0.01679	0.01696	0.01381	0.01863	0.07172	0.01099	0.24178	0.22949	0.03121	0.04416	0.02166	0.03967	0.00841	0.00664	0.00193	0.00655	0.00665	0.00612	0.18702
2	0.01664	0.01767	0.02171	0.47870	0.13552	0.17508	0.01834	0.02058	0.01553	0.01836	0.01214	0.01707	0.00948	0.00692	0.00681	0.00217	0.00990	0.00582	0.00326	0.00829
3	0.01527	0.01438	0.02252	0.05104	0.35809	0.01494	0.05865	0.04768	0.05028	0.02237	0.02660	0.02882	0.16764	0.00963	0.00887	0.00227	0.07881	0.00833	0.00442	0.00939
4	0.01555	0.01501	0.02350	0.30107	0.36506	0.04994	0.01913	0.01969	0.01554	0.02082	0.04754	0.02173	0.01414	0.00747	0.00708	0.00221	0.00856	0.03305	0.00365	0.00926
5	0.62604	0.01207	0.01005	0.00909	0.01281	0.01362	0.00734	0.01887	0.01364	0.03056	0.16613	0.02048	0.02062	0.00822	0.00520	0.00217	0.00493	0.00576	0.00507	0.00734
6	0.01785	0.24025	0.18358	0.01600	0.05578	0.11773	0.01499	0.04435	0.03656	0.02086	0.01208	0.01387	0.00982	0.00631	0.00566	0.00167	0.00831	0.00459	0.00360	0.18614

[dist]
# distance from previous block
# <min> <max>
0	1

[block]
# block no. 3 follows, 30 sequences, length 25
# corresponding to MSA columns:
# 61-85
name=unknown_D
#
# <colnr> <probs for GDERKNQSTAVLIFYWHMCP>
#	G	D	E	R	K	N	Q	S	T	A	V	L	I	F	Y	W	H	M	C	P
0	0.18774	0.01286	0.01277	0.01192	0.03497	0.08284	0.04250	0.05777	0.03735	0.02584	0.09000	0.05527	0.12125	0.01038	0.00643	0.00212	0.00575	0.03068	0.16405	0.00752
1	0.01648	0.22872	0.43932	0.01723	0.02554	0.05631	0.02024	0.04581	0.05011	0.02143	0.01262	0.01431	0.00961	0.00669	0.00607	0.00200	0.00933	0.00492	0.00334	0.00992
2	0.02180	0.01980	0.01681	0.01453	0.01866	0.25254	0.01143	0.11275	0.09774	0.11310	0.04180	0.04550	0.01792	0.00934	0.00688	0.00202	0.00815	0.06929	0.00565	0.11428
3	0.00901	0.00661	0.00846	0.00964	0.01060	0.00615	0.00694	0.01069	0.01442	0.01885	0.07885	0.47467	0.15396	0.04538	0.00978	0.00291	0.00438	0.11642	0.00646	0.00582
4	0.01777	0.01454	0.01838	0.01398	0.01963	0.01362	0.07766	0.11096	0.17156	0.06283	0.01753	0.01829	0.01339	0.00681	0.00624	0.00166	0.00628	0.00582	0.00535	0.39769
5	0.01015	0.00677	0.00761	0.00761	0.00761	0.00677	0.00423	0.01015	0.01015	0.01353	0.02199	0.04567	0.02537	0.75476	0.03552	0.00677	0.00677	0.01015	0.00423	0.00423
6	0.02622	0.01883	0.02041	0.01561	0.02121	0.02050	0.01288	0.62421	0.03132	0.07705	0.01710	0.01700	0.01207	0.00824	0.00690	0.00205	0.00748	0.00622	0.00693	0.04776
7	0.01640	0.01333	0.01696	0.01921	0.17251	0.01419	0.01222	0.02758	0.34570	0.07189	0.10798	0.05355	0.07757	0.01027	0.00733	0.00228	0.00571	0.00892	0.00638	0.01001
8	0.00900	0.00716	0.00815	0.00835	0.01036	0.00631	0.00644	0.01124	0.01656	0.02089	0.19076	0.10114	0.45389	0.01744	0.00847	0.00247	0.00391	0.10465	0.00671	0.00609
9	0.18860	0.01221	0.01499	0.01176	0.01693	0.01136	0.00971	0.03126	0.01832	0.57668	0.02390	0.02122	0.01530	0.00820	0.00647	0.00216	0.00583	0.00636	0.00776	0.01100
10	0.02653	0.01955	0.02094	0.01606	0.02164	0.02164	0.01326	0.68796	0.03281	0.04398	0.01675	0.01675	0.01187	0.00838	0.00698	0.00209	0.00768	0.00628	0.00698	0.01187
11	0.00872	0.00617	0.00803	0.00944	0.00979	0.00581	0.00618	0.00977	0.01293	0.01724	0.03627	0.65646	0.04339	0.11938	0.01245	0.00336	0.00441	0.01855	0.00618	0.00548
12	0.02358	0.02725	0.01931	0.01714	0.02042	0.49509	0.01320	0.11464	0.01985	0.02061	0.01215	0.01477	0.01017	0.01197	0.07378	0.00282	0.08569	0.00517	0.00401	0.00839
13	0.72570	0.01410	0.01133	0.00987	0.01432	0.01626	0.00813	0.08777	0.01399	0.03259	0.01043	0.01188	0.00799	0.00667	0.00459	0.00215	0.00563	0.00403	0.00459	0.00799
14	0.01047	0.00773	0.00938	0.00875	0.01059	0.00725	0.00650	0.04728	0.01893	0.02596	0.49964	0.05247	0.17581	0.07619	0.01044	0.00260	0.00385	0.01247	0.00714	0.00654
15	0.01635	0.01707	0.02121	0.01829	0.01865	0.09217	0.01509	0.01791	0.01160	0.01682	0.00932	0.01500	0.00914	0.01171	0.02123	0.00293	0.66877	0.00595	0.00311	0.00768
16	0.01128	0.00823	0.01112	0.01252	0.01412	0.00833	0.01059	0.01531	0.06086	0.02102	0.03659	0.16600	0.03972	0.01898	0.00937	0.00311	0.00604	0.53371	0.00648	0.00663
17	0.01014	0.00681	0.00785	0.00785	0.00793	0.00689	0.00453	0.01030	0.01022	0.01371	0.02177	0.04446	0.02485	0.70828	0.08128	0.00706	0.00755	0.00997	0.00420	0.00436
18	0.17677	0.01029	0.01054	0.00994	0.01239	0.01110	0.00740	0.07723	0.10485	0.04458	0.02385	0.18800	0.02304	0.11188	0.01034	0.00286	0.00511	0.00962	0.15277	0.00744
19	0.01719	0.01681	0.02962	0.04148	0.64323	0.01669	0.08837	0.02151	0.01595	0.02275	0.01323	0.01743	0.01101	0.00618	0.00704	0.00210	0.00864	0.00642	0.00346	0.01089
20	0.02473	0.01697	0.01851	0.01444	0.01953	0.01834	0.01183	0.49521	0.06852	0.10836	0.01900	0.01887	0.01353	0.00834	0.00672	0.00204	0.00685	0.00641	0.08601	0.03579
21	0.01455	0.01531	0.02921	0.02248	0.02630	0.01625	0.36907	0.01832	0.01429	0.01995	0.01766	0.16436	0.01733	0.01079	0.01232	0.00264	0.20702	0.00999	0.00399	0.00818
22	0.30284	0.11503	0.01856	0.01413	0.03897	0.18155	0.01112	0.12550	0.08649	0.02758	0.01302	0.01409	0.01021	0.00716	0.00556	0.00200	0.00776	0.00481	0.00464	0.00897
23	0.01346	0.01099	0.01101	0.01044	0.01292	0.08051	0.00796	0.01791	0.09926	0.07361	0.23118	0.11303	0.22767	0.01448	0.00795	0.00233	0.00499	0.04617	0.00676	0.00737
24	0.01678	0.07320	0.08011	0.01981	0.12066	0.01649	0.10016	0.14088	0.10500	0.02641	0.07956	0.04935	0.08795	0.00959	0.00795	0.00223	0.04087	0.00825	0.00522	0.00955

[dist]
# distance from previous block
# <min> <max>
5	23

[block]
# block no. 4 follows, 30 sequences, length 12
# corresponding to MSA columns:
# 110-121
name=unknown_E
#
# <colnr> <probs for GDERKNQSTAVLIFYWHMCP>
#	G	D	E	R	K	N	Q	S	T	A	V	L	I	F	Y	W	H	M	C	P
0	0.01647	0.04812	0.01473	0.01285	0.01598	0.05476	0.01010	0.04941	0.29522	0.08096	0.03102	0.17547	0.05853	0.01311	0.00764	0.00246	0.00587	0.09171	0.00659	0.00900
1	0.01661	0.15814	0.30381	0.01838	0.06613	0.01770	0.06574	0.09077	0.01667	0.02354	0.01259	0.01470	0.00971	0.00635	0.00614	0.00186	0.00857	0.00511	0.00367	0.15382
2	0.01880	0.35562	0.20866	0.01509	0.02150	0.14713	0.01554	0.05012	0.03798	0.01996	0.01208	0.01370	0.00983	0.00666	0.00556	0.00179	0.00888	0.00459	0.03727	0.00924
3	0.14907	0.01265	0.01323	0.01202	0.01491	0.04370	0.00930	0.08028	0.21221	0.04348	0.03759	0.02357	0.01693	0.01743	0.09805	0.16840	0.00768	0.02632	0.00526	0.00792
4	0.01677	0.01303	0.01438	0.01304	0.01648	0.01448	0.01023	0.07344	0.44065	0.06070	0.10157	0.06618	0.02770	0.01112	0.00739	0.00237	0.00535	0.05665	0.03857	0.00989
5	0.00936	0.00711	0.00888	0.00874	0.01036	0.00679	0.00649	0.01173	0.01594	0.02144	0.30053	0.08254	0.24552	0.06935	0.15926	0.00443	0.00681	0.01236	0.00623	0.00612
6	0.01162	0.00741	0.00945	0.00937	0.01122	0.00670	0.00702	0.01401	0.01713	0.09762	0.29514	0.23875	0.17267	0.01663	0.00837	0.00246	0.00403	0.05647	0.00716	0.00678
7	0.01212	0.00606	0.00909	0.00909	0.00909	0.00606	0.00606	0.00909	0.00909	0.01212	0.01212	0.02121	0.01212	0.02424	0.02727	0.79697	0.00606	0.00606	0.00303	0.00303
8	0.01607	0.01677	0.06922	0.21117	0.50716	0.01629	0.02119	0.02058	0.01535	0.02154	0.01291	0.01744	0.01049	0.00643	0.00691	0.00214	0.00866	0.00615	0.00334	0.01020
9	0.01481	0.20603	0.50556	0.01720	0.02586	0.01823	0.02112	0.02117	0.01496	0.02117	0.06158	0.01657	0.01295	0.00702	0.00623	0.00204	0.00913	0.00535	0.00329	0.00972
10	0.01050	0.00767	0.01034	0.09111	0.01393	0.00837	0.00761	0.01191	0.01122	0.01519	0.02085	0.03941	0.02219	0.42997	0.22552	0.00731	0.01039	0.04708	0.00409	0.00532
11	0.01657	0.08217	0.33575	0.01731	0.03942	0.13166	0.01800	0.02139	0.01520	0.03716	0.03823	0.01786	0.01254	0.03762	0.00934	0.00232	0.09168	0.00569	0.06113	0.00895

[dist]
# distance from previous block
# <min> <max>
0	1

[block]
# block no. 5 follows, 30 sequences, length 14
# corresponding to MSA columns:
# 123-136
name=unknown_F
#
# <colnr> <probs for GDERKNQSTAVLIFYWHMCP>
#	G	D	E	R	K	N	Q	S	T	A	V	L	I	F	Y	W	H	M	C	P
0	0.05816	0.01671	0.01812	0.01430	0.01930	0.01817	0.01170	0.44778	0.09942	0.13053	0.01963	0.01921	0.01390	0.00843	0.00671	0.00210	0.00676	0.00646	0.07146	0.01116
1	0.00872	0.00685	0.00789	0.00812	0.00984	0.00602	0.00590	0.01075	0.01630	0.02094	0.22595	0.22219	0.39014	0.01778	0.00840	0.00243	0.00359	0.01538	0.00679	0.00602
2	0.01269	0.01038	0.01169	0.01135	0.01395	0.01100	0.00883	0.02223	0.29678	0.02468	0.14212	0.11465	0.16897	0.01441	0.00804	0.00251	0.00478	0.10586	0.00691	0.00817
3	0.00891	0.00647	0.00826	0.00952	0.01027	0.00605	0.00663	0.01030	0.01368	0.01789	0.04094	0.52831	0.12831	0.08685	0.01129	0.00317	0.00448	0.08676	0.00627	0.00565
4	0.00851	0.00713	0.00743	0.00749	0.00976	0.00605	0.00571	0.01044	0.01613	0.01947	0.10426	0.06697	0.63507	0.01757	0.00832	0.00240	0.00368	0.05110	0.00654	0.00596
5	0.28440	0.01078	0.01165	0.00994	0.01373	0.01076	0.00798	0.02203	0.01686	0.24736	0.20556	0.03053	0.08142	0.01012	0.00653	0.00218	0.00486	0.00802	0.00676	0.00854
6	0.01231	0.00754	0.00860	0.00818	0.01054	0.00669	0.00625	0.01472	0.01663	0.10709	0.15155	0.08791	0.34277	0.01452	0.00754	0.00222	0.00384	0.02990	0.15436	0.00685
7	0.09259	0.01376	0.01652	0.01288	0.01799	0.01353	0.01060	0.20843	0.02276	0.43044	0.06958	0.02277	0.01832	0.00877	0.00687	0.00214	0.00618	0.00693	0.00777	0.01115
8	0.01870	0.01559	0.01716	0.12698	0.04646	0.07673	0.01241	0.25419	0.08968	0.02928	0.05693	0.05974	0.05035	0.01197	0.04746	0.00267	0.00787	0.00777	0.05884	0.00925
9	0.50256	0.04019	0.01146	0.00987	0.01329	0.04545	0.00781	0.04432	0.01337	0.02726	0.01536	0.12808	0.01466	0.00994	0.00641	0.04191	0.00559	0.00668	0.04856	0.00722
10	0.06533	0.01401	0.01211	0.01147	0.01414	0.15685	0.00881	0.02062	0.09908	0.06212	0.12040	0.09758	0.09992	0.01200	0.00708	0.00221	0.00610	0.06432	0.11821	0.00761
11	0.11701	0.13348	0.05202	0.01327	0.01813	0.01820	0.01138	0.15031	0.25581	0.02869	0.01966	0.06411	0.01605	0.00867	0.00627	0.00208	0.00633	0.00677	0.00563	0.06611
12	0.01564	0.02658	0.38129	0.02555	0.22225	0.03484	0.04263	0.04711	0.04522	0.02340	0.03844	0.01887	0.03255	0.00727	0.00688	0.00217	0.00911	0.00623	0.00372	0.01027
13	0.04746	0.05859	0.09516	0.06613	0.16279	0.04919	0.01436	0.03252	0.04965	0.09665	0.02007	0.05583	0.04094	0.01345	0.08328	0.00312	0.02110	0.02666	0.05404	0.00903

[dist]
# distance from previous block
# <min> <max>
0	1

[block]
# block no. 6 follows, 30 sequences, length 20
# corresponding to MSA columns:
# 138-157
name=unknown_G
#
# <colnr> <probs for GDERKNQSTAVLIFYWHMCP>
#	G	D	E	R	K	N	Q	S	T	A	V	L	I	F	Y	W	H	M	C	P
0	0.01486	0.08540	0.01532	0.01143	0.01451	0.04270	0.04191	0.04399	0.06042	0.09685	0.31219	0.09982	0.10761	0.01259	0.00758	0.00219	0.00521	0.01086	0.00664	0.00791
1	0.00847	0.00618	0.00799	0.00943	0.01005	0.00569	0.00635	0.00975	0.01363	0.01793	0.04194	0.67657	0.11755	0.02141	0.00884	0.00278	0.00399	0.01929	0.00648	0.00569
2	0.01686	0.12696	0.21058	0.09649	0.02835	0.08588	0.15376	0.06011	0.06299	0.02183	0.01532	0.01799	0.02854	0.00877	0.03381	0.00246	0.00998	0.00622	0.00378	0.00932
3	0.01877	0.05645	0.07151	0.04966	0.20675	0.10511	0.03706	0.10237	0.07888	0.05815	0.01747	0.08569	0.01512	0.00984	0.02471	0.00240	0.03831	0.00735	0.00468	0.00973
4	0.00904	0.00658	0.00811	0.00914	0.00980	0.00624	0.00605	0.01062	0.03276	0.01745	0.03881	0.51643	0.11869	0.15971	0.01381	0.00351	0.00455	0.01706	0.00607	0.00558
5	0.01381	0.00757	0.01014	0.01040	0.01211	0.00690	0.00761	0.01561	0.01540	0.17347	0.07047	0.48891	0.05989	0.01825	0.00848	0.00266	0.00457	0.05958	0.00701	0.00715
6	0.04791	0.38384	0.19368	0.01425	0.02071	0.05165	0.01486	0.05496	0.05138	0.05636	0.01382	0.04361	0.01159	0.00728	0.00563	0.00187	0.00798	0.00527	0.00389	0.00946
7	0.01828	0.01064	0.01339	0.01272	0.04912	0.01058	0.00923	0.11114	0.05590	0.19852	0.06765	0.17675	0.05053	0.04177	0.05991	0.00307	0.00631	0.01027	0.08545	0.00877
8	0.01410	0.00978	0.01158	0.01016	0.01291	0.00960	0.00789	0.12166	0.05253	0.07762	0.41614	0.04578	0.15592	0.01327	0.00790	0.00221	0.00431	0.01135	0.00742	0.00788
9	0.01063	0.00773	0.00956	0.00925	0.00945	0.00853	0.00604	0.01118	0.01037	0.01428	0.02019	0.03975	0.02250	0.56973	0.14334	0.00710	0.08215	0.00932	0.00403	0.00488
10	0.29090	0.12022	0.01909	0.04984	0.01930	0.16364	0.03840	0.06598	0.01586	0.06340	0.01230	0.01450	0.00980	0.01005	0.05430	0.00264	0.03228	0.00489	0.00423	0.00839
11	0.06634	0.01250	0.01565	0.01231	0.01728	0.01174	0.01008	0.10821	0.04692	0.50736	0.06244	0.02597	0.05240	0.00926	0.00700	0.00217	0.00585	0.00747	0.00801	0.01107
12	0.01025	0.00760	0.00981	0.01087	0.01253	0.00726	0.00904	0.01286	0.01574	0.02013	0.06798	0.11147	0.20549	0.05152	0.01035	0.00310	0.00548	0.41596	0.00639	0.00616
13	0.05505	0.00918	0.01076	0.00974	0.01227	0.00896	0.00758	0.09422	0.01992	0.06209	0.40045	0.06653	0.16249	0.01386	0.00789	0.00226	0.00425	0.03796	0.00718	0.00738
14	0.00907	0.00638	0.00823	0.00939	0.00985	0.00607	0.00627	0.01025	0.01320	0.01766	0.07283	0.52866	0.04264	0.17338	0.01443	0.00363	0.00470	0.05182	0.00608	0.00546
15	0.01219	0.00825	0.00936	0.00895	0.01047	0.00844	0.00650	0.03180	0.05294	0.04268	0.06646	0.04414	0.15832	0.24965	0.01694	0.00368	0.04204	0.05182	0.16907	0.00628
16	0.01117	0.00761	0.00944	0.00884	0.01091	0.00693	0.00667	0.01442	0.03604	0.07400	0.47750	0.08089	0.19961	0.01479	0.00815	0.00226	0.00362	0.01285	0.00743	0.00688
17	0.63104	0.01509	0.01231	0.01067	0.01511	0.04218	0.00871	0.11005	0.05159	0.03236	0.01168	0.01288	0.00891	0.00691	0.00489	0.00215	0.00597	0.00436	0.00479	0.00833
18	0.01070	0.00929	0.01254	0.14727	0.08745	0.00930	0.01020	0.01405	0.03949	0.02031	0.10803	0.08478	0.35933	0.01423	0.00794	0.00237	0.00530	0.04472	0.00568	0.00701
19	0.02080	0.28175	0.14313	0.01889	0.10849	0.13208	0.04280	0.02441	0.01639	0.12950	0.01378	0.01507	0.01059	0.00672	0.00598	0.00187	0.00879	0.00511	0.00405	0.00979

[dist]
# distance from previous block
# <min> <max>
0	1

[block]
# block no. 7 follows, 30 sequences, length 16
# corresponding to MSA columns:
# 159-174
name=unknown_H
#
# <colnr> <probs for GDERKNQSTAVLIFYWHMCP>
#	G	D	E	R	K	N	Q	S	T	A	V	L	I	F	Y	W	H	M	C	P
0	0.01609	0.08165	0.59046	0.01868	0.02813	0.01689	0.02319	0.05954	0.01603	0.06672	0.01352	0.01518	0.00955	0.00681	0.00653	0.00215	0.00970	0.00524	0.00353	0.01041
1	0.00879	0.00675	0.00810	0.00888	0.01028	0.00607	0.00647	0.01061	0.01523	0.01948	0.11477	0.35085	0.30901	0.01924	0.00865	0.00262	0.00400	0.07770	0.00659	0.00591
2	0.01803	0.01772	0.11139	0.08390	0.38866	0.01542	0.01864	0.08202	0.01745	0.08583	0.01780	0.02037	0.04564	0.00737	0.00688	0.00211	0.00792	0.00659	0.03582	0.01042
3	0.02174	0.09549	0.06443	0.01999	0.08708	0.29845	0.04310	0.12250	0.04061	0.02240	0.01236	0.01469	0.01008	0.00783	0.00867	0.00207	0.10989	0.00537	0.00402	0.00923
4	0.01503	0.01052	0.01327	0.01154	0.01496	0.00989	0.04519	0.06470	0.09238	0.12053	0.03921	0.18545	0.21646	0.01381	0.00772	0.00230	0.00521	0.03423	0.00648	0.09113
5	0.01721	0.01465	0.02319	0.25240	0.34653	0.01582	0.01835	0.02362	0.11319	0.08150	0.01632	0.01949	0.01251	0.00713	0.00697	0.00220	0.00801	0.00652	0.00431	0.01010
6	0.02152	0.02479	0.01681	0.01554	0.01856	0.46651	0.01159	0.09034	0.01951	0.02004	0.01969	0.18333	0.04075	0.01101	0.00702	0.00208	0.00984	0.00852	0.00469	0.00785
7	0.00988	0.00722	0.00854	0.00850	0.01045	0.00631	0.00623	0.01199	0.01637	0.04892	0.22340	0.23012	0.32412	0.01702	0.00825	0.00238	0.00376	0.01477	0.00679	0.03497
8	0.01584	0.32129	0.44951	0.01675	0.02535	0.02071	0.02032	0.02162	0.01451	0.01986	0.01141	0.01334	0.00889	0.00637	0.00578	0.00193	0.00919	0.00459	0.00296	0.00978
9	0.01385	0.01334	0.02335	0.61190	0.11020	0.01579	0.07594	0.01855	0.01435	0.01868	0.01262	0.01850	0.00958	0.00681	0.00708	0.00230	0.00941	0.00638	0.00317	0.00821
10	0.00903	0.00647	0.00826	0.00941	0.01006	0.00609	0.00644	0.01036	0.01358	0.01796	0.06946	0.50068	0.09432	0.13385	0.01298	0.00340	0.00459	0.07130	0.00618	0.00557
11	0.01727	0.01658	0.02832	0.04283	0.71123	0.01658	0.02142	0.02142	0.01589	0.02280	0.01313	0.01727	0.01105	0.00622	0.00691	0.00207	0.00829	0.00622	0.00345	0.01105
12	0.01479	0.01404	0.02383	0.46498	0.30850	0.01593	0.02018	0.01924	0.01471	0.01978	0.01269	0.01808	0.00999	0.00668	0.00695	0.00223	0.00890	0.00621	0.00324	0.00905
13	0.01684	0.36688	0.36526	0.01614	0.02407	0.06320	0.01872	0.02189	0.01478	0.01920	0.01113	0.01299	0.00890	0.00636	0.00562	0.00186	0.00914	0.00447	0.00300	0.00956
14	0.01354	0.00835	0.01063	0.01082	0.01261	0.00800	0.00802	0.07505	0.01645	0.11678	0.03673	0.47689	0.07740	0.01831	0.00851	0.00268	0.00484	0.08040	0.00682	0.00717
15	0.01440	0.01365	0.02314	0.53023	0.24625	0.01583	0.01999	0.01890	0.01453	0.01931	0.01262	0.01821	0.00983	0.00675	0.00696	0.00225	0.00900	0.00621	0.00321	0.00874

[dist]
# distance from previous block
# <min> <max>
0	6

[block]
# block no. 8 follows, 30 sequences, length 14
# corresponding to MSA columns:
# 181-194
name=unknown_I
#
# <colnr> <probs for GDERKNQSTAVLIFYWHMCP>
#	G	D	E	R	K	N	Q	S	T	A	V	L	I	F	Y	W	H	M	C	P
0	0.03358	0.01601	0.01822	0.01759	0.09934	0.13470	0.06314	0.09770	0.01906	0.07457	0.16159	0.09239	0.05729	0.01063	0.00808	0.00217	0.04227	0.00895	0.00557	0.03714
1	0.04125	0.00770	0.00859	0.00830	0.01003	0.00814	0.00626	0.04973	0.01436	0.02366	0.02233	0.02807	0.03722	0.07844	0.17535	0.00433	0.00744	0.00714	0.45513	0.00656
2	0.03480	0.01074	0.01231	0.01173	0.01365	0.06554	0.00908	0.08101	0.01532	0.02101	0.10068	0.06513	0.02434	0.06424	0.40129	0.00733	0.01322	0.03685	0.00480	0.00691
3	0.01663	0.01407	0.01734	0.01270	0.01875	0.03121	0.06324	0.06740	0.03918	0.05403	0.01399	0.01571	0.01109	0.00580	0.00572	0.00133	0.00613	0.00488	0.00457	0.59624
4	0.00931	0.00721	0.00858	0.00912	0.01069	0.00669	0.00670	0.01216	0.05103	0.02060	0.15337	0.30986	0.28036	0.01836	0.00853	0.00257	0.00402	0.06792	0.00669	0.00623
5	0.00881	0.00701	0.00790	0.00784	0.00981	0.00610	0.00582	0.01104	0.01699	0.02181	0.27978	0.11460	0.44410	0.01686	0.00829	0.00234	0.00349	0.01442	0.00688	0.00610
6	0.01812	0.67498	0.11580	0.01286	0.01934	0.02629	0.01355	0.02104	0.01424	0.01708	0.01003	0.01161	0.00894	0.00605	0.00473	0.00158	0.00779	0.00390	0.00298	0.00911
7	0.01902	0.01498	0.02298	0.16006	0.21799	0.04103	0.08270	0.07765	0.01748	0.14148	0.04244	0.02062	0.01425	0.01097	0.06284	0.00289	0.02933	0.00683	0.00475	0.00973
8	0.01176	0.00715	0.00919	0.00978	0.01127	0.00646	0.00702	0.01337	0.01485	0.11523	0.04250	0.49833	0.15753	0.01917	0.00856	0.00267	0.00433	0.04744	0.00678	0.00661
9	0.00935	0.00668	0.00907	0.01069	0.01146	0.00640	0.00795	0.01118	0.01420	0.01876	0.03799	0.54266	0.04430	0.02106	0.00913	0.00295	0.00478	0.21901	0.00646	0.00590
10	0.01521	0.19708	0.51945	0.01876	0.02787	0.01886	0.06765	0.02185	0.01473	0.02084	0.01200	0.01422	0.00898	0.00643	0.00626	0.00206	0.00977	0.00505	0.00299	0.00995
11	0.04848	0.00991	0.01104	0.00952	0.01232	0.01003	0.00734	0.13019	0.01835	0.13910	0.09020	0.02865	0.02212	0.10425	0.00980	0.00252	0.00496	0.00752	0.32567	0.00802
12	0.01379	0.00822	0.01030	0.01026	0.01216	0.00788	0.00757	0.04811	0.04555	0.12610	0.09157	0.39621	0.06477	0.01654	0.00803	0.00251	0.00451	0.03993	0.07869	0.00732
13	0.01773	0.40044	0.17237	0.01505	0.04815	0.04401	0.01473	0.05449	0.07785	0.02103	0.01342	0.01487	0.01091	0.00674	0.00547	0.00179	0.00779	0.00485	0.05887	0.00945

[dist]
# distance from previous block
# <min> <max>
0	30

[block]
# block no. 9 follows, 30 sequences, length 27
# corresponding to MSA columns:
# 225-251
name=unknown_J
#
# <colnr> <probs for GDERKNQSTAVLIFYWHMCP>
#	G	D	E	R	K	N	Q	S	T	A	V	L	I	F	Y	W	H	M	C	P
0	0.04564	0.01704	0.01594	0.01402	0.01768	0.12396	0.01097	0.13072	0.32428	0.02802	0.07391	0.02664	0.07121	0.01125	0.03027	0.00252	0.03234	0.00776	0.00620	0.00963
1	0.01788	0.46992	0.03136	0.04147	0.02090	0.09103	0.09408	0.02125	0.04257	0.01795	0.01536	0.05169	0.04317	0.00756	0.00570	0.00180	0.00813	0.00590	0.00361	0.00867
2	0.00978	0.00680	0.00828	0.00902	0.01029	0.00615	0.00635	0.01123	0.01435	0.05198	0.04653	0.42360	0.24597	0.07394	0.01061	0.00296	0.00429	0.04549	0.00642	0.00597
3	0.00970	0.00688	0.00848	0.00910	0.01031	0.00635	0.00651	0.01137	0.01473	0.03660	0.12265	0.32124	0.19909	0.11961	0.01234	0.00321	0.00451	0.08507	0.00636	0.00587
4	0.27647	0.15964	0.01947	0.08751	0.03826	0.15644	0.01156	0.04643	0.01530	0.05738	0.01207	0.01441	0.00972	0.01001	0.05687	0.00262	0.00873	0.00474	0.00405	0.00832
5	0.00988	0.00709	0.00976	0.01054	0.01142	0.00741	0.00788	0.01175	0.01266	0.01719	0.02854	0.23700	0.03148	0.15826	0.25871	0.00645	0.01003	0.15303	0.00514	0.00577
6	0.01761	0.01466	0.01482	0.01299	0.01662	0.06668	0.01014	0.12702	0.33014	0.05460	0.15875	0.03241	0.09194	0.01079	0.00734	0.00224	0.00577	0.00891	0.00693	0.00965
7	0.01582	0.13658	0.46880	0.01904	0.02759	0.04444	0.08413	0.05477	0.01576	0.02197	0.01265	0.01512	0.00951	0.00833	0.03423	0.00245	0.01032	0.00536	0.00326	0.00987
8	0.01852	0.01215	0.01327	0.01128	0.01471	0.01298	0.00894	0.20690	0.14699	0.08277	0.10625	0.02648	0.02267	0.00923	0.00644	0.00200	0.00510	0.00748	0.27658	0.00923
9	0.00875	0.00695	0.00790	0.00819	0.01002	0.00609	0.00608	0.01077	0.01613	0.02039	0.17537	0.19100	0.43466	0.01793	0.00845	0.00246	0.00375	0.05241	0.00669	0.00600
10	0.00941	0.00711	0.00981	0.01223	0.06057	0.00672	0.00798	0.01110	0.01403	0.01858	0.03887	0.57333	0.09196	0.02015	0.00880	0.00279	0.00458	0.08957	0.00626	0.00615
11	0.01722	0.00989	0.01076	0.00949	0.01229	0.01028	0.00743	0.13470	0.06695	0.09614	0.02296	0.04570	0.01786	0.00988	0.02462	0.00210	0.00486	0.00704	0.48159	0.00824
12	0.01819	0.01557	0.01713	0.01458	0.03757	0.06811	0.02703	0.14313	0.18273	0.04460	0.01855	0.03751	0.01492	0.01238	0.07875	0.00281	0.02875	0.00646	0.00539	0.22586
13	0.01474	0.11389	0.57997	0.01991	0.02944	0.01759	0.08634	0.02199	0.01484	0.02150	0.01236	0.01473	0.00902	0.00649	0.00654	0.00214	0.01014	0.00529	0.00301	0.01008
14	0.05241	0.02580	0.01856	0.01617	0.02017	0.44649	0.01249	0.13186	0.02098	0.11240	0.01443	0.01571	0.01107	0.01076	0.05785	0.00258	0.01113	0.00529	0.00482	0.00903
15	0.01889	0.01852	0.09085	0.01811	0.02174	0.09963	0.10270	0.02209	0.01516	0.13872	0.01642	0.02330	0.01389	0.01016	0.01286	0.00254	0.26676	0.07361	0.00450	0.02958
16	0.03722	0.03886	0.06815	0.01578	0.01947	0.01226	0.15556	0.01925	0.06735	0.09046	0.04223	0.23689	0.02625	0.04964	0.00991	0.00273	0.03658	0.05786	0.00546	0.00808
17	0.00881	0.00653	0.00816	0.00933	0.01028	0.00602	0.00659	0.01029	0.01405	0.01815	0.04478	0.49146	0.19450	0.05733	0.01016	0.00296	0.00431	0.08419	0.00636	0.00572
18	0.04388	0.01457	0.02794	0.02380	0.10008	0.01429	0.35161	0.01882	0.01532	0.02171	0.02015	0.14603	0.01945	0.01027	0.00878	0.00248	0.04519	0.07114	0.03607	0.00841
19	0.03976	0.01718	0.07660	0.01650	0.02145	0.04417	0.13429	0.10862	0.24872	0.05129	0.07614	0.02762	0.08745	0.00941	0.00734	0.00227	0.00725	0.00827	0.00591	0.00976
20	0.01444	0.00999	0.01372	0.09847	0.11229	0.01044	0.01059	0.06527	0.01643	0.05788	0.08370	0.07014	0.04176	0.01425	0.07938	0.00300	0.00683	0.03228	0.25131	0.00784
21	0.00858	0.00613	0.00817	0.00966	0.01014	0.00572	0.00648	0.00991	0.01373	0.01839	0.07670	0.71031	0.04728	0.02143	0.00887	0.00280	0.00401	0.01943	0.00655	0.00572
22	0.02010	0.39858	0.15817	0.01530	0.02134	0.24317	0.01499	0.02329	0.01602	0.01768	0.01056	0.01229	0.00894	0.00647	0.00544	0.00172	0.00959	0.00423	0.00317	0.00894
23	0.16286	0.06953	0.16112	0.01362	0.01872	0.04721	0.01311	0.07005	0.06093	0.10636	0.04571	0.05943	0.06552	0.00965	0.00732	0.00224	0.04278	0.02963	0.00518	0.00901
24	0.01010	0.00700	0.00928	0.00936	0.00992	0.00752	0.00639	0.01107	0.01071	0.01482	0.02081	0.07126	0.02221	0.37274	0.33301	0.05365	0.01175	0.00924	0.00406	0.00510
25	0.02153	0.01270	0.01524	0.01296	0.01696	0.01293	0.01069	0.20739	0.07737	0.22700	0.08788	0.03711	0.04558	0.01155	0.00762	0.00236	0.00608	0.14177	0.03542	0.00986
26	0.06464	0.07988	0.44422	0.01696	0.02493	0.01558	0.04973	0.04191	0.01580	0.05105	0.06387	0.02126	0.06477	0.00800	0.00666	0.00217	0.00864	0.00643	0.00400	0.00954

[dist]
# distance from previous block
# <min> <max>
0	1

[block]
# block no. 10 follows, 30 sequences, length 39
# corresponding to MSA columns:
# 253-291
name=unknown_K
#
# <colnr> <probs for GDERKNQSTAVLIFYWHMCP>
#	G	D	E	R	K	N	Q	S	T	A	V	L	I	F	Y	W	H	M	C	P
0	0.04054	0.01334	0.01594	0.06550	0.01872	0.05187	0.06683	0.14356	0.06110	0.04689	0.01891	0.04048	0.01501	0.01007	0.03727	0.00235	0.02482	0.00675	0.26372	0.05634
1	0.00981	0.00673	0.00804	0.00836	0.00981	0.00622	0.00610	0.01221	0.01611	0.02272	0.24069	0.24227	0.18311	0.01602	0.00781	0.00232	0.00363	0.03316	0.15871	0.00617
2	0.22421	0.26396	0.02215	0.01243	0.01736	0.06009	0.01078	0.15118	0.10194	0.02754	0.01390	0.01474	0.01100	0.00714	0.00536	0.00191	0.00686	0.00489	0.03329	0.00927
3	0.13229	0.01872	0.01949	0.01512	0.02053	0.02083	0.01249	0.59717	0.02996	0.04226	0.01580	0.01602	0.01128	0.00812	0.00662	0.00210	0.00737	0.00594	0.00662	0.01128
4	0.01274	0.01129	0.05088	0.11131	0.02023	0.01002	0.04840	0.04386	0.01550	0.04363	0.02822	0.25773	0.05616	0.01408	0.00791	0.00244	0.00631	0.13190	0.00541	0.12198
5	0.01035	0.00695	0.00925	0.00925	0.00974	0.00745	0.00626	0.01092	0.01043	0.01440	0.01933	0.03508	0.02042	0.37604	0.30944	0.11602	0.01141	0.00853	0.00387	0.00486
6	0.31992	0.01149	0.01141	0.00975	0.01362	0.01211	0.00788	0.06074	0.03834	0.19713	0.01880	0.01935	0.01357	0.00768	0.00538	0.00201	0.00505	0.00562	0.23148	0.00866
7	0.01405	0.00739	0.00767	0.00730	0.00910	0.00745	0.00543	0.05171	0.01536	0.04779	0.02253	0.02723	0.01822	0.07554	0.00782	0.00213	0.00389	0.00684	0.65579	0.00675
8	0.00886	0.00667	0.00824	0.00899	0.01025	0.00605	0.00646	0.01076	0.01547	0.02026	0.17706	0.38478	0.23317	0.01907	0.00864	0.00260	0.00390	0.05609	0.00671	0.00595
9	0.01213	0.00902	0.01092	0.01110	0.01284	0.00920	0.00826	0.10519	0.07606	0.02375	0.10423	0.42163	0.06474	0.01776	0.00847	0.00265	0.00482	0.08334	0.00672	0.00716
10	0.01086	0.00800	0.00914	0.00855	0.01088	0.00726	0.00649	0.05321	0.01843	0.05058	0.30154	0.08017	0.37793	0.01564	0.00814	0.00229	0.00381	0.01331	0.00704	0.00673
11	0.12652	0.05554	0.09472	0.10089	0.06536	0.01842	0.06466	0.03712	0.01321	0.02098	0.01133	0.01592	0.00966	0.01119	0.05236	0.00299	0.28153	0.00581	0.00343	0.00836
12	0.48688	0.03503	0.01768	0.01428	0.01867	0.14691	0.10742	0.02194	0.01398	0.02628	0.01052	0.01286	0.00838	0.00682	0.00625	0.00215	0.04736	0.00468	0.00397	0.00796
13	0.01544	0.01258	0.01689	0.17884	0.13962	0.04094	0.01321	0.06040	0.01550	0.02317	0.01612	0.02031	0.01289	0.00808	0.00833	0.00209	0.10658	0.00624	0.29465	0.00811
14	0.00912	0.00840	0.04751	0.00926	0.01123	0.00662	0.00735	0.01143	0.01580	0.02068	0.18822	0.28911	0.28649	0.01781	0.00843	0.00251	0.00415	0.04311	0.00653	0.00623
15	0.02465	0.01080	0.01429	0.01175	0.01594	0.00978	0.00938	0.02860	0.07268	0.48727	0.12136	0.11211	0.02755	0.01100	0.00741	0.00226	0.00533	0.00934	0.00814	0.01037
16	0.01602	0.00894	0.01120	0.00974	0.01245	0.00844	0.00759	0.06739	0.02001	0.17227	0.41578	0.03983	0.04480	0.01177	0.00740	0.00210	0.00416	0.01010	0.12193	0.00806
17	0.14816	0.01297	0.01549	0.01236	0.01741	0.01268	0.01011	0.06860	0.11175	0.47991	0.02431	0.02176	0.01603	0.00840	0.00661	0.00218	0.00589	0.00660	0.00767	0.01110
18	0.01916	0.01589	0.01679	0.01457	0.01883	0.01820	0.01148	0.16508	0.56769	0.03210	0.02611	0.02421	0.01945	0.00925	0.00708	0.00231	0.00595	0.00757	0.00708	0.01121
19	0.01928	0.08417	0.33289	0.01796	0.02559	0.09185	0.06117	0.15235	0.01914	0.06751	0.01395	0.01542	0.01016	0.00697	0.00654	0.00203	0.00936	0.00545	0.00425	0.05395
20	0.33526	0.11675	0.04060	0.01208	0.01724	0.01777	0.01055	0.19253	0.01892	0.13636	0.01465	0.01508	0.01063	0.00727	0.00552	0.00204	0.00645	0.00502	0.02573	0.00957
21	0.01173	0.00620	0.00880	0.00880	0.00880	0.00620	0.00570	0.00930	0.00930	0.01240	0.01406	0.02602	0.01473	0.16790	0.02889	0.64158	0.00620	0.00686	0.00327	0.00327
22	0.01315	0.00824	0.01130	0.01075	0.01148	0.00907	0.00778	0.05422	0.04934	0.01611	0.01496	0.05249	0.01445	0.02461	0.10258	0.52259	0.06138	0.00693	0.00373	0.00484
23	0.01944	0.35116	0.14765	0.01574	0.02224	0.03906	0.06320	0.16404	0.07170	0.02466	0.01347	0.01471	0.01063	0.00689	0.00589	0.00188	0.00827	0.00518	0.00420	0.00998
24	0.00850	0.00607	0.00810	0.00972	0.01012	0.00567	0.00648	0.00972	0.01336	0.01781	0.03846	0.75020	0.04615	0.02186	0.00891	0.00283	0.00405	0.01984	0.00648	0.00567
25	0.01943	0.37924	0.02830	0.01462	0.01866	0.06783	0.01302	0.09398	0.03528	0.04381	0.01153	0.01387	0.00997	0.00824	0.01016	0.00206	0.21225	0.00495	0.00379	0.00901
26	0.01529	0.01200	0.01519	0.01176	0.01677	0.01029	0.05452	0.03379	0.08515	0.08258	0.04744	0.05264	0.12119	0.00881	0.00647	0.00168	0.00542	0.00754	0.00539	0.40606
27	0.01199	0.07759	0.07846	0.12751	0.01967	0.01159	0.01130	0.03550	0.05165	0.02153	0.14239	0.12052	0.19137	0.01325	0.00764	0.00234	0.00587	0.05684	0.00554	0.00743
28	0.01533	0.24298	0.52340	0.01761	0.02668	0.01947	0.02182	0.02175	0.01457	0.02047	0.01172	0.01372	0.00887	0.00644	0.00601	0.00200	0.00950	0.00475	0.00296	0.00992
29	0.01471	0.01254	0.02000	0.48810	0.12291	0.01457	0.01727	0.01999	0.06475	0.06313	0.01787	0.06483	0.03329	0.00838	0.00713	0.00232	0.00821	0.00745	0.00409	0.00848
30	0.01682	0.01857	0.09953	0.08938	0.50982	0.01671	0.08390	0.04029	0.01617	0.02292	0.01321	0.01724	0.01068	0.00635	0.00701	0.00213	0.00888	0.00630	0.00348	0.01060
31	0.00850	0.00607	0.00810	0.00972	0.01012	0.00567	0.00648	0.00972	0.01336	0.01781	0.03846	0.75020	0.04615	0.02186	0.00891	0.00283	0.00405	0.01984	0.00648	0.00567
32	0.00849	0.00612	0.00804	0.00958	0.01009	0.00568	0.00642	0.00973	0.01349	0.01787	0.04014	0.71470	0.08057	0.02164	0.00887	0.00281	0.00402	0.01957	0.00648	0.00568
33	0.01507	0.01086	0.01332	0.01221	0.01516	0.01103	0.03504	0.10376	0.14151	0.08768	0.03812	0.21190	0.16304	0.01494	0.00810	0.00253	0.00544	0.09527	0.00673	0.00828
34	0.01107	0.00851	0.01008	0.01053	0.01170	0.03234	0.00759	0.01385	0.06029	0.03667	0.06933	0.36654	0.07988	0.10590	0.07066	0.00385	0.03126	0.05766	0.00594	0.00634
35	0.01274	0.00738	0.00978	0.01020	0.01166	0.00682	0.00724	0.01485	0.03143	0.13847	0.09929	0.54302	0.04247	0.01859	0.00848	0.00265	0.00434	0.01668	0.00698	0.00694
36	0.04824	0.00906	0.01088	0.01046	0.01298	0.00875	0.00795	0.01910	0.10389	0.15894	0.09048	0.26925	0.15232	0.01553	0.00798	0.00250	0.00466	0.05223	0.00698	0.00782
37	0.02388	0.01969	0.01845	0.01544	0.01965	0.21223	0.03137	0.18999	0.08067	0.16857	0.05707	0.02233	0.01704	0.01063	0.03520	0.00248	0.03040	0.02897	0.00607	0.00986
38	0.02160	0.01405	0.01746	0.01416	0.01861	0.01453	0.05158	0.20765	0.16366	0.19925	0.12723	0.02964	0.04086	0.01008	0.00742	0.00225	0.00625	0.03607	0.00727	0.01039

[dist]
# distance from previous block
# <min> <max>
0	1

[block]
# block no. 11 follows, 30 sequences, length 31
# corresponding to MSA columns:
# 294-306,310-327
name=unknown_L
#
# <colnr> <probs for GDERKNQSTAVLIFYWHMCP>
#	G	D	E	R	K	N	Q	S	T	A	V	L	I	F	Y	W	H	M	C	P
0	0.07632	0.10930	0.02092	0.01487	0.01980	0.12328	0.01223	0.39110	0.06730	0.03364	0.01714	0.03886	0.02802	0.00847	0.00649	0.00203	0.00788	0.00624	0.00581	0.01031
1	0.09737	0.01787	0.01706	0.04062	0.06151	0.13966	0.01176	0.20878	0.12061	0.02939	0.07702	0.04644	0.05076	0.00920	0.00676	0.00210	0.00730	0.00724	0.00569	0.04287
2	0.01963	0.01256	0.01333	0.01139	0.01487	0.04359	0.00903	0.16424	0.11414	0.13975	0.02367	0.02444	0.03732	0.01179	0.05667	0.00261	0.00643	0.00696	0.27841	0.00916
3	0.01628	0.01447	0.01483	0.01409	0.04479	0.07772	0.01045	0.09271	0.26745	0.02560	0.02984	0.12297	0.09660	0.01171	0.00734	0.00226	0.00611	0.05181	0.00614	0.08684
4	0.01799	0.01358	0.02145	0.01684	0.02135	0.01334	0.20979	0.08652	0.12064	0.14142	0.02806	0.12202	0.08722	0.01052	0.00763	0.00232	0.00712	0.00986	0.05302	0.00929
5	0.01557	0.01485	0.02081	0.20468	0.14729	0.08365	0.08603	0.04671	0.01514	0.02003	0.01557	0.04509	0.01410	0.12653	0.01251	0.00294	0.05569	0.00732	0.05748	0.00800
6	0.01841	0.72107	0.07231	0.01236	0.01855	0.02701	0.01267	0.02096	0.01421	0.01672	0.00985	0.01138	0.00895	0.00600	0.00459	0.00153	0.00761	0.00381	0.00298	0.00903
7	0.01011	0.00813	0.00909	0.00890	0.01105	0.00775	0.00666	0.01475	0.11284	0.02255	0.22884	0.11394	0.35235	0.03546	0.00889	0.00249	0.00395	0.02868	0.00683	0.00675
8	0.01493	0.01209	0.01425	0.01040	0.01630	0.00918	0.00827	0.01793	0.01466	0.05297	0.01427	0.04885	0.01229	0.00609	0.00542	0.00117	0.00515	0.00499	0.00444	0.72634
9	0.00966	0.00712	0.00903	0.00855	0.01029	0.00649	0.00642	0.01275	0.01925	0.02678	0.62373	0.05410	0.15041	0.01471	0.00823	0.00222	0.00332	0.01290	0.00752	0.00649
10	0.01009	0.00699	0.00875	0.00875	0.00914	0.00738	0.00564	0.01088	0.01048	0.01437	0.02095	0.03992	0.02287	0.53347	0.25339	0.00817	0.01052	0.00931	0.00407	0.00486
11	0.00850	0.00607	0.00810	0.00972	0.01012	0.00567	0.00648	0.00972	0.01336	0.01781	0.03846	0.75020	0.04615	0.02186	0.00891	0.00283	0.00405	0.01984	0.00648	0.00567
12	0.01447	0.01240	0.01447	0.01034	0.01654	0.00930	0.00827	0.01757	0.01447	0.02274	0.01240	0.01447	0.01034	0.00517	0.00517	0.00103	0.00517	0.00413	0.00413	0.79742
13	0.01495	0.01421	0.02196	0.05311	0.15804	0.05511	0.14274	0.03884	0.01501	0.02078	0.04019	0.02368	0.03607	0.04869	0.15466	0.00424	0.08401	0.00741	0.05807	0.00823
14	0.01639	0.01623	0.05167	0.03822	0.59847	0.01549	0.02030	0.02057	0.01587	0.02253	0.01610	0.02490	0.01463	0.00787	0.00724	0.00222	0.00813	0.08892	0.00381	0.01044
15	0.02608	0.06002	0.02171	0.01595	0.02144	0.06399	0.01321	0.61283	0.03103	0.04090	0.01602	0.01621	0.01154	0.00818	0.00681	0.00204	0.00796	0.00604	0.00656	0.01149
16	0.01537	0.01237	0.01456	0.01045	0.01661	0.00935	0.00838	0.01845	0.01477	0.05993	0.01321	0.01497	0.01071	0.00535	0.00527	0.00109	0.00521	0.00429	0.00438	0.75528
17	0.06323	0.02514	0.01933	0.01803	0.06281	0.38943	0.01322	0.12507	0.11792	0.05240	0.01490	0.01589	0.01157	0.00782	0.00704	0.00201	0.03455	0.00547	0.00481	0.00936
18	0.00971	0.00751	0.00892	0.00866	0.01056	0.00695	0.00645	0.01337	0.05974	0.02436	0.41137	0.11458	0.26069	0.01567	0.00822	0.00231	0.00357	0.01360	0.00717	0.00657
19	0.02547	0.01170	0.01554	0.05621	0.01882	0.01015	0.01007	0.02841	0.01810	0.48245	0.02305	0.02157	0.01532	0.00776	0.00649	0.00189	0.00582	0.00631	0.05411	0.18075
20	0.01002	0.00699	0.00886	0.00889	0.00939	0.00733	0.00586	0.01104	0.01117	0.01538	0.06239	0.06473	0.02601	0.46428	0.25049	0.00776	0.01022	0.00979	0.00436	0.00505
21	0.01318	0.01240	0.02093	0.73798	0.04806	0.01550	0.01938	0.01783	0.01395	0.01783	0.01240	0.01860	0.00930	0.00698	0.00698	0.00233	0.00930	0.00620	0.00310	0.00775
22	0.01270	0.00724	0.00921	0.00939	0.01044	0.00678	0.00627	0.01371	0.01326	0.12675	0.03087	0.38438	0.03418	0.28076	0.01808	0.00413	0.00531	0.01436	0.00602	0.00614
23	0.00932	0.00711	0.00856	0.00819	0.01008	0.00635	0.00615	0.01209	0.01844	0.02486	0.48973	0.05727	0.28560	0.01543	0.00824	0.00225	0.00338	0.01334	0.00727	0.00635
24	0.10031	0.01551	0.01584	0.01333	0.01746	0.03897	0.01061	0.25866	0.24112	0.05300	0.04846	0.02167	0.01725	0.00940	0.00747	0.03587	0.00624	0.00678	0.07206	0.01001
25	0.01010	0.00690	0.00760	0.00748	0.00937	0.00626	0.00559	0.01272	0.01660	0.02355	0.24261	0.06990	0.30392	0.01406	0.00730	0.00211	0.00340	0.01190	0.23238	0.00626
26	0.04831	0.01331	0.01610	0.08207	0.08758	0.01367	0.01133	0.07832	0.20545	0.02630	0.01929	0.05076	0.01563	0.00795	0.00629	0.00189	0.00594	0.00664	0.08353	0.21965
27	0.00899	0.00669	0.00851	0.00936	0.01047	0.00602	0.00647	0.01061	0.01441	0.01934	0.11320	0.55344	0.11940	0.01955	0.00853	0.00260	0.00398	0.01752	0.00646	0.05446
28	0.01489	0.01016	0.01168	0.01064	0.01358	0.01003	0.00829	0.10787	0.09707	0.10669	0.12592	0.13933	0.24669	0.01464	0.00797	0.00239	0.00482	0.05223	0.00702	0.00808
29	0.09990	0.01838	0.01928	0.01584	0.03870	0.16776	0.08094	0.09032	0.01785	0.11384	0.01457	0.01683	0.01134	0.03290	0.00795	0.00202	0.04034	0.00554	0.00478	0.20092
30	0.21437	0.10850	0.03954	0.05727	0.01976	0.11767	0.02689	0.09960	0.03669	0.02414	0.01216	0.01512	0.01004	0.01103	0.05302	0.02901	0.10760	0.00519	0.00408	0.00833

[dist]
# distance from previous block
# <min> <max>
0	2

[block]
# block no. 12 follows, 30 sequences, length 11
# corresponding to MSA columns:
# 330-340
name=unknown_M
#
# <colnr> <probs for GDERKNQSTAVLIFYWHMCP>
#	G	D	E	R	K	N	Q	S	T	A	V	L	I	F	Y	W	H	M	C	P
0	0.01341	0.00940	0.01113	0.01022	0.01289	0.00909	0.00816	0.11512	0.02006	0.06805	0.27714	0.05350	0.23539	0.01479	0.00819	0.00238	0.00466	0.11186	0.00710	0.00747
1	0.01760	0.01708	0.13769	0.01603	0.02038	0.01475	0.08467	0.13425	0.01765	0.09819	0.07135	0.02169	0.01651	0.01345	0.06562	0.06464	0.12107	0.00694	0.05160	0.00884
2	0.00908	0.00691	0.00790	0.00797	0.00977	0.00611	0.00585	0.01132	0.01665	0.02197	0.26187	0.16310	0.36690	0.01668	0.00814	0.00233	0.00352	0.01435	0.05347	0.00611
3	0.10671	0.00820	0.00855	0.00860	0.01048	0.00855	0.00637	0.04014	0.05526	0.02521	0.04512	0.23006	0.02601	0.01209	0.00626	0.00211	0.00403	0.01021	0.37921	0.00686
4	0.03863	0.00830	0.01027	0.00923	0.01185	0.00763	0.00711	0.01875	0.01767	0.20214	0.26653	0.10640	0.08909	0.01238	0.00721	0.00215	0.00411	0.01058	0.16215	0.00781
5	0.00854	0.00623	0.00805	0.00939	0.01006	0.00574	0.00636	0.00992	0.01394	0.01842	0.07426	0.64287	0.11847	0.02104	0.00880	0.00275	0.00396	0.01894	0.00654	0.00574
