[name]
unknown

[dist]
# distance from previous block
# <min> <max>
7	234

[block]
# block no. 0 follows, 36 sequences, length 42
# corresponding to MSA columns:
# 394-435
name=unknown_A
#
# <colnr> <probs for GDERKNQSTAVLIFYWHMCP>
#	G	D	E	R	K	N	Q	S	T	A	V	L	I	F	Y	W	H	M	C	P
0	0.36875	0.17265	0.06316	0.01010	0.01456	0.01518	0.00918	0.03447	0.06150	0.11960	0.06653	0.01545	0.01300	0.00668	0.00481	0.00182	0.00546	0.00471	0.00448	0.00790
1	0.03075	0.09841	0.49222	0.02050	0.15766	0.01574	0.02019	0.05805	0.01413	0.02061	0.01120	0.01331	0.00839	0.00588	0.00576	0.00188	0.00842	0.00469	0.00294	0.00924
2	0.01074	0.00828	0.00906	0.04076	0.01169	0.06197	0.00681	0.01283	0.02687	0.06708	0.14988	0.34929	0.16302	0.01479	0.00723	0.00219	0.00430	0.01293	0.03431	0.00595
3	0.04578	0.04196	0.17501	0.01766	0.14677	0.01269	0.03628	0.06905	0.03950	0.24336	0.06147	0.05172	0.01566	0.00755	0.00619	0.00194	0.00658	0.00641	0.00508	0.00933
4	0.03231	0.07131	0.06462	0.01426	0.07099	0.08344	0.01112	0.27913	0.03640	0.02619	0.04472	0.13297	0.05335	0.00938	0.00622	0.00192	0.00638	0.00763	0.03927	0.00839
5	0.00917	0.00593	0.00783	0.00876	0.00960	0.00550	0.00605	0.01044	0.01244	0.07108	0.03478	0.63867	0.08531	0.01956	0.04042	0.00278	0.00428	0.01606	0.00582	0.00551
6	0.01399	0.01601	0.12081	0.31180	0.28903	0.01469	0.07071	0.05343	0.01419	0.01950	0.01163	0.01565	0.00901	0.00594	0.00625	0.00197	0.00819	0.00556	0.00307	0.00858
7	0.01369	0.08859	0.35520	0.05397	0.02365	0.01377	0.11365	0.01922	0.04466	0.07292	0.01617	0.12704	0.01409	0.00804	0.00631	0.00202	0.00782	0.00708	0.00372	0.00840
8	0.01748	0.03548	0.20712	0.01379	0.01900	0.07789	0.01338	0.24816	0.05334	0.07303	0.04462	0.02046	0.07312	0.01080	0.06202	0.00251	0.00793	0.00618	0.00483	0.00887
9	0.01515	0.02450	0.36328	0.01710	0.02348	0.13143	0.12051	0.03623	0.04481	0.05172	0.06749	0.03502	0.01406	0.00715	0.00632	0.00196	0.00866	0.01893	0.00370	0.00849
10	0.01468	0.13717	0.46795	0.01604	0.02344	0.05170	0.03709	0.07745	0.06059	0.02091	0.02918	0.01428	0.01009	0.00629	0.00575	0.00187	0.00836	0.00486	0.00331	0.00899
11	0.01370	0.01305	0.02219	0.38017	0.41366	0.01435	0.01827	0.01762	0.01337	0.01827	0.01142	0.01598	0.00913	0.00587	0.00620	0.00196	0.00783	0.00554	0.00294	0.00848
12	0.01121	0.00774	0.00940	0.00951	0.01102	0.02161	0.00706	0.06507	0.03221	0.06675	0.04712	0.36100	0.08338	0.03791	0.11562	0.00350	0.00614	0.05686	0.04074	0.00616
13	0.04922	0.01353	0.02172	0.23447	0.44285	0.01451	0.01715	0.03438	0.05678	0.03736	0.01260	0.01612	0.01000	0.00601	0.00610	0.00193	0.00733	0.00556	0.00340	0.00896
14	0.01648	0.01519	0.02729	0.02026	0.02531	0.06352	0.43629	0.04508	0.01610	0.11991	0.09566	0.03818	0.01707	0.00720	0.00709	0.00205	0.00860	0.02600	0.00442	0.00828
15	0.01649	0.01597	0.03376	0.02421	0.03032	0.01487	0.62378	0.02136	0.01513	0.11789	0.01422	0.01740	0.01026	0.00558	0.00721	0.00208	0.00980	0.00721	0.00377	0.00870
16	0.01026	0.00840	0.01026	0.01019	0.01096	0.04106	0.00765	0.01187	0.01149	0.01630	0.02363	0.29344	0.05387	0.04620	0.16009	0.00398	0.15247	0.01052	0.11172	0.00565
17	0.06604	0.01314	0.01527	0.01512	0.11294	0.08645	0.01053	0.07323	0.03548	0.27619	0.06158	0.06950	0.06204	0.00895	0.00734	0.00200	0.06277	0.00712	0.00561	0.00869
18	0.01348	0.20965	0.57992	0.01609	0.02438	0.01687	0.02011	0.01948	0.01304	0.01854	0.01059	0.01241	0.00792	0.00578	0.00547	0.00182	0.00861	0.00430	0.00264	0.00892
19	0.02337	0.01309	0.01553	0.01238	0.01673	0.01333	0.01013	0.33182	0.03527	0.32898	0.02154	0.07949	0.01639	0.00902	0.00650	0.00200	0.00587	0.04185	0.00679	0.00991
20	0.05755	0.01511	0.02638	0.01951	0.02465	0.01504	0.39706	0.18036	0.03296	0.05058	0.01516	0.04986	0.01186	0.00671	0.00666	0.00200	0.00821	0.00704	0.06470	0.00859
21	0.01323	0.01275	0.02095	0.25234	0.02723	0.01500	0.15675	0.06807	0.01339	0.01826	0.01528	0.07675	0.04808	0.00895	0.01065	0.00229	0.22210	0.00721	0.00348	0.00724
22	0.01210	0.01142	0.01930	0.69866	0.10766	0.01393	0.01747	0.01622	0.01262	0.01633	0.01113	0.01650	0.00845	0.00617	0.00622	0.00206	0.00822	0.00554	0.00280	0.00719
23	0.01250	0.03223	0.74875	0.01776	0.02697	0.01447	0.02302	0.01973	0.01315	0.01973	0.01118	0.01315	0.00789	0.00592	0.00592	0.00197	0.00921	0.00460	0.00263	0.00921
24	0.01466	0.01402	0.02391	0.19041	0.59597	0.01460	0.01874	0.01845	0.01383	0.01943	0.01158	0.01567	0.00954	0.00569	0.00618	0.00190	0.00759	0.00555	0.00302	0.00925
25	0.01025	0.00671	0.00798	0.00764	0.00964	0.00587	0.00573	0.01225	0.01532	0.10519	0.25050	0.14815	0.36274	0.01445	0.00731	0.00210	0.00341	0.01241	0.00632	0.00604
26	0.00768	0.00549	0.00731	0.00861	0.00906	0.00512	0.00579	0.00890	0.01235	0.01658	0.08677	0.72261	0.04252	0.01902	0.00791	0.00249	0.00356	0.01723	0.00586	0.00512
27	0.00980	0.00688	0.00906	0.00947	0.01111	0.00651	0.00781	0.01250	0.01558	0.04370	0.28218	0.05901	0.14321	0.01515	0.00792	0.00241	0.00438	0.34124	0.00620	0.00587
28	0.01177	0.01107	0.01869	0.76606	0.04291	0.01384	0.01730	0.01592	0.01246	0.01592	0.01107	0.01661	0.00831	0.00623	0.00623	0.00208	0.00831	0.00554	0.00277	0.00692
29	0.01177	0.01107	0.01869	0.76606	0.04291	0.01384	0.01730	0.01592	0.01246	0.01592	0.01107	0.01661	0.00831	0.00623	0.00623	0.00208	0.00831	0.00554	0.00277	0.00692
30	0.00976	0.00874	0.00868	0.00963	0.01043	0.10632	0.00663	0.01099	0.01295	0.01621	0.06164	0.64200	0.03750	0.01746	0.00761	0.00238	0.00461	0.01559	0.00548	0.00539
31	0.02424	0.01142	0.01703	0.01300	0.01779	0.01031	0.10474	0.02808	0.06844	0.56004	0.02496	0.02271	0.05137	0.00784	0.00647	0.00197	0.00587	0.00682	0.00690	0.00998
32	0.02124	0.01597	0.01481	0.01264	0.01625	0.19118	0.00987	0.15431	0.10146	0.23414	0.04327	0.12056	0.01801	0.00919	0.00637	0.00194	0.00668	0.00739	0.00591	0.00880
33	0.01518	0.01465	0.02445	0.03529	0.64433	0.01538	0.01838	0.01857	0.01356	0.01963	0.01124	0.01518	0.00964	0.00627	0.00809	0.00197	0.11015	0.00554	0.00304	0.00946
34	0.01419	0.06295	0.61921	0.01699	0.02546	0.01557	0.02098	0.11427	0.01531	0.02214	0.01158	0.01326	0.00826	0.00610	0.00588	0.00193	0.00878	0.00468	0.00312	0.00934
35	0.01458	0.01597	0.03273	0.02385	0.02958	0.01537	0.60022	0.02136	0.11116	0.02065	0.01504	0.04286	0.01180	0.00616	0.00724	0.00212	0.00952	0.00765	0.00367	0.00849
36	0.01312	0.08842	0.59732	0.01835	0.02687	0.01543	0.11595	0.01968	0.01333	0.01937	0.01118	0.01340	0.00811	0.00578	0.00596	0.00194	0.00919	0.00488	0.00270	0.00901
37	0.01076	0.00836	0.01247	0.01135	0.01338	0.00807	0.10284	0.01403	0.06520	0.04979	0.08377	0.20396	0.11486	0.12700	0.01119	0.00290	0.00537	0.14325	0.00533	0.00612
38	0.01370	0.01513	0.03201	0.02346	0.02869	0.01446	0.59254	0.01822	0.01411	0.01920	0.01534	0.11914	0.01368	0.00742	0.00800	0.00219	0.04268	0.00867	0.00349	0.00788
39	0.01495	0.47586	0.32660	0.01357	0.02050	0.02047	0.01573	0.01910	0.01286	0.01674	0.00970	0.01129	0.00795	0.00557	0.00479	0.00160	0.00771	0.00385	0.00265	0.00849
40	0.00888	0.00650	0.00940	0.00950	0.01046	0.00737	0.00717	0.01082	0.01014	0.01455	0.01837	0.08202	0.01818	0.11469	0.61307	0.00887	0.01437	0.00771	0.02257	0.00536
41	0.01400	0.00748	0.00989	0.00903	0.01133	0.00674	0.00702	0.01645	0.01646	0.22452	0.34830	0.14054	0.08624	0.01277	0.00722	0.00210	0.00391	0.06213	0.00680	0.00704

[dist]
# distance from previous block
# <min> <max>
0	27

[block]
# block no. 1 follows, 36 sequences, length 7
# corresponding to MSA columns:
# 463-469
name=unknown_B
#
# <colnr> <probs for GDERKNQSTAVLIFYWHMCP>
#	G	D	E	R	K	N	Q	S	T	A	V	L	I	F	Y	W	H	M	C	P
0	0.07268	0.01745	0.01529	0.09890	0.01924	0.22685	0.01073	0.23055	0.01930	0.06882	0.01408	0.01557	0.01057	0.00690	0.00558	0.00175	0.00737	0.00507	0.14518	0.00813
1	0.01445	0.01857	0.11835	0.02529	0.03192	0.01561	0.63972	0.01993	0.01453	0.01993	0.01244	0.01639	0.00927	0.00533	0.00719	0.00209	0.01036	0.00704	0.00309	0.00850
2	0.00758	0.00595	0.00686	0.00742	0.00875	0.00523	0.00527	0.00906	0.01354	0.01712	0.10692	0.35753	0.39250	0.01709	0.00761	0.00227	0.00333	0.01489	0.00587	0.00523
3	0.02338	0.01634	0.01592	0.01309	0.01736	0.15407	0.01045	0.18232	0.17737	0.29355	0.01980	0.01839	0.01375	0.00758	0.00615	0.00189	0.00669	0.00587	0.00623	0.00980
4	0.01312	0.11043	0.62788	0.01670	0.02514	0.01561	0.02090	0.02044	0.05741	0.01959	0.01179	0.01344	0.00859	0.00601	0.00574	0.00191	0.00868	0.00462	0.00286	0.00912
5	0.00865	0.00621	0.00859	0.00986	0.01071	0.00616	0.00759	0.01052	0.01259	0.01674	0.03176	0.42784	0.03621	0.02188	0.09646	0.00354	0.00594	0.26788	0.00548	0.00537
6	0.01510	0.01448	0.02472	0.10122	0.68166	0.01472	0.01896	0.01884	0.01404	0.01997	0.01166	0.01552	0.00973	0.00561	0.00617	0.00187	0.00748	0.00555	0.00306	0.00961

[dist]
# distance from previous block
# <min> <max>
6	11

[block]
# block no. 2 follows, 36 sequences, length 42
# corresponding to MSA columns:
# 481-522
name=unknown_C
#
# <colnr> <probs for GDERKNQSTAVLIFYWHMCP>
#	G	D	E	R	K	N	Q	S	T	A	V	L	I	F	Y	W	H	M	C	P
0	0.02219	0.01792	0.01762	0.01392	0.01860	0.10731	0.01128	0.50522	0.08586	0.05122	0.01512	0.01520	0.01101	0.00721	0.00604	0.00178	0.00701	0.00540	0.00571	0.07438
1	0.02314	0.01195	0.01456	0.01173	0.01605	0.01190	0.00950	0.11493	0.20670	0.43186	0.06162	0.02232	0.01808	0.00815	0.00634	0.00197	0.00527	0.00666	0.00712	0.01016
2	0.00792	0.00564	0.00751	0.00889	0.00936	0.00533	0.00615	0.00915	0.01206	0.01603	0.03355	0.66883	0.03982	0.05247	0.00906	0.00272	0.00395	0.09078	0.00569	0.00508
3	0.00784	0.00559	0.00743	0.00872	0.00919	0.00525	0.00595	0.00908	0.01227	0.01641	0.07128	0.67561	0.04125	0.04391	0.00873	0.00263	0.00377	0.05421	0.00577	0.00510
4	0.01666	0.78478	0.03265	0.01066	0.01599	0.02465	0.01066	0.01866	0.01266	0.01466	0.00866	0.00999	0.00800	0.00533	0.00400	0.00133	0.00666	0.00333	0.00267	0.00800
5	0.01292	0.01107	0.01292	0.00923	0.01477	0.00831	0.00738	0.01569	0.01292	0.02030	0.01107	0.01292	0.00923	0.00461	0.00461	0.00092	0.00461	0.00369	0.00369	0.81912
6	0.02682	0.01067	0.01437	0.01122	0.01587	0.00942	0.00930	0.05454	0.01806	0.68118	0.02469	0.02365	0.01636	0.00822	0.00639	0.00198	0.00538	0.04398	0.00755	0.01034
7	0.00956	0.00650	0.00853	0.00802	0.00957	0.00597	0.00601	0.01237	0.01733	0.05492	0.67044	0.08520	0.05600	0.01289	0.00734	0.00199	0.00308	0.01141	0.00684	0.00603
8	0.02329	0.02918	0.01770	0.01598	0.01926	0.72495	0.01203	0.05426	0.01815	0.01626	0.00986	0.01139	0.00813	0.00647	0.00564	0.00162	0.01105	0.00408	0.00334	0.00737
9	0.00998	0.00747	0.00867	0.00880	0.01036	0.00739	0.00642	0.06803	0.07955	0.01998	0.09782	0.34669	0.18278	0.04256	0.00818	0.00238	0.00396	0.03659	0.04631	0.00606
10	0.00759	0.00562	0.00709	0.00820	0.00893	0.00513	0.00559	0.00883	0.01256	0.01639	0.06378	0.61575	0.17464	0.01858	0.00782	0.00243	0.00350	0.01663	0.00582	0.00513
11	0.00795	0.00595	0.00687	0.00732	0.00830	0.00542	0.00493	0.00908	0.01245	0.01595	0.09029	0.29318	0.28719	0.20072	0.01341	0.00318	0.00399	0.01355	0.00538	0.00488
12	0.01369	0.01667	0.10774	0.02118	0.02620	0.01492	0.42422	0.01934	0.07598	0.01946	0.01522	0.09320	0.01316	0.00772	0.00875	0.00221	0.10084	0.00784	0.00359	0.00809
13	0.01356	0.01310	0.02300	0.29350	0.37515	0.01395	0.08971	0.01742	0.01349	0.01846	0.01299	0.06356	0.01123	0.00663	0.00642	0.00200	0.00781	0.00649	0.00315	0.00837
14	0.00759	0.00542	0.00723	0.00868	0.00904	0.00506	0.00578	0.00868	0.01193	0.01591	0.03434	0.77697	0.04121	0.01952	0.00795	0.00253	0.00361	0.01771	0.00578	0.00506
15	0.01320	0.01253	0.02127	0.48146	0.31634	0.01422	0.01801	0.01717	0.01313	0.01765	0.01133	0.01615	0.00892	0.00596	0.00621	0.00199	0.00795	0.00554	0.00289	0.00807
16	0.01684	0.01850	0.02889	0.02413	0.11961	0.14439	0.40237	0.05910	0.08289	0.02079	0.01329	0.01616	0.01021	0.00591	0.00674	0.00197	0.00952	0.00642	0.00361	0.00864
17	0.01250	0.03223	0.74875	0.01776	0.02697	0.01447	0.02302	0.01973	0.01315	0.01973	0.01118	0.01315	0.00789	0.00592	0.00592	0.00197	0.00921	0.00460	0.00263	0.00921
18	0.00758	0.00546	0.00719	0.00858	0.00901	0.00507	0.00574	0.00869	0.01202	0.01594	0.03550	0.74801	0.06941	0.01937	0.00793	0.00251	0.00360	0.01753	0.00578	0.00507
19	0.01468	0.01227	0.01921	0.01936	0.17440	0.01226	0.14531	0.04550	0.15473	0.08423	0.09803	0.05878	0.09155	0.00905	0.00684	0.00206	0.00621	0.03196	0.00510	0.00847
20	0.02092	0.01465	0.06698	0.01316	0.01785	0.01408	0.02810	0.16248	0.29535	0.26441	0.02182	0.02013	0.01522	0.00777	0.00629	0.00200	0.00585	0.00635	0.00643	0.01016
21	0.01572	0.01294	0.01383	0.01245	0.01590	0.01480	0.00967	0.03200	0.67079	0.05706	0.02569	0.05359	0.01976	0.00887	0.00640	0.00212	0.00489	0.00744	0.00638	0.00970
22	0.01438	0.01374	0.02342	0.24490	0.54362	0.01453	0.01861	0.01821	0.01370	0.01910	0.01154	0.01576	0.00943	0.00574	0.00619	0.00191	0.00766	0.00555	0.00299	0.00903
23	0.05650	0.01142	0.01396	0.01138	0.01556	0.01121	0.00917	0.08833	0.16471	0.44970	0.02402	0.08040	0.01743	0.00870	0.00631	0.00201	0.00521	0.00715	0.00699	0.00985
24	0.01407	0.01456	0.05978	0.27079	0.45063	0.01452	0.04927	0.01816	0.01360	0.01888	0.01152	0.01575	0.00925	0.00577	0.00623	0.00194	0.00792	0.00558	0.00296	0.00882
25	0.00759	0.00542	0.00723	0.00868	0.00904	0.00506	0.00578	0.00868	0.01193	0.01591	0.03434	0.77697	0.04121	0.01952	0.00795	0.00253	0.00361	0.01771	0.00578	0.00506
26	0.01279	0.08482	0.69871	0.01726	0.02620	0.01518	0.02216	0.01966	0.01312	0.01938	0.01101	0.01293	0.00790	0.00588	0.00579	0.00193	0.00903	0.00452	0.00263	0.00912
27	0.01490	0.46745	0.33461	0.01365	0.02062	0.02036	0.01587	0.01911	0.01287	0.01680	0.00972	0.01133	0.00795	0.00558	0.00481	0.00160	0.00774	0.00387	0.00265	0.00851
28	0.01550	0.01338	0.01409	0.01268	0.01620	0.01550	0.00986	0.03311	0.73091	0.02606	0.02536	0.02325	0.01902	0.00845	0.00634	0.00211	0.00493	0.00704	0.00634	0.00986
29	0.01474	0.01671	0.03619	0.02686	0.06798	0.01571	0.68458	0.01992	0.01468	0.01998	0.01256	0.01674	0.00947	0.00527	0.00729	0.00209	0.01035	0.00726	0.00315	0.00848
30	0.02329	0.02933	0.01769	0.01600	0.01926	0.73400	0.01203	0.04570	0.01800	0.01597	0.00979	0.01135	0.00810	0.00645	0.00564	0.00161	0.01111	0.00406	0.00330	0.00732
31	0.01250	0.03223	0.74875	0.01776	0.02697	0.01447	0.02302	0.01973	0.01315	0.01973	0.01118	0.01315	0.00789	0.00592	0.00592	0.00197	0.00921	0.00460	0.00263	0.00921
32	0.00759	0.00542	0.00723	0.00868	0.00904	0.00506	0.00578	0.00868	0.01193	0.01591	0.03434	0.77697	0.04121	0.01952	0.00795	0.00253	0.00361	0.01771	0.00578	0.00506
33	0.02285	0.01705	0.01771	0.01397	0.01865	0.05727	0.01139	0.54037	0.12395	0.08702	0.01679	0.01635	0.01196	0.00757	0.00622	0.00189	0.00671	0.00577	0.00619	0.01032
34	0.02795	0.01060	0.01446	0.01109	0.01591	0.00916	0.00916	0.03036	0.01783	0.74648	0.02458	0.02121	0.01542	0.00771	0.00627	0.00193	0.00530	0.00627	0.00771	0.01060
35	0.01082	0.00541	0.00812	0.00812	0.00812	0.00541	0.00541	0.00812	0.00812	0.01082	0.01082	0.01894	0.01082	0.02165	0.02435	0.81872	0.00541	0.00541	0.00271	0.00271
36	0.01542	0.01480	0.02529	0.03824	0.74217	0.01480	0.01912	0.01912	0.01419	0.02036	0.01172	0.01542	0.00987	0.00555	0.00617	0.00185	0.00740	0.00555	0.00308	0.00987
37	0.00906	0.00604	0.00680	0.00680	0.00680	0.00604	0.00378	0.00906	0.00906	0.01208	0.01963	0.04077	0.02265	0.78103	0.03171	0.00604	0.00604	0.00906	0.00378	0.00378
38	0.01550	0.01338	0.01409	0.01268	0.01620	0.01550	0.00986	0.03311	0.73091	0.02606	0.02536	0.02325	0.01902	0.00845	0.00634	0.00211	0.00493	0.00704	0.00634	0.00986
39	0.01292	0.01107	0.01292	0.00923	0.01477	0.00831	0.00738	0.01569	0.01292	0.02030	0.01107	0.01292	0.00923	0.00461	0.00461	0.00092	0.00461	0.00369	0.00369	0.81912
40	0.01666	0.78478	0.03265	0.01066	0.01599	0.02465	0.01066	0.01866	0.01266	0.01466	0.00866	0.00999	0.00800	0.00533	0.00400	0.00133	0.00666	0.00333	0.00267	0.00800
41	0.02305	0.01711	0.01870	0.05434	0.02058	0.01903	0.01213	0.68385	0.02840	0.03802	0.01475	0.01505	0.01047	0.00741	0.00623	0.00188	0.00693	0.00561	0.00605	0.01040

[dist]
# distance from previous block
# <min> <max>
0	10

[block]
# block no. 3 follows, 36 sequences, length 93
# corresponding to MSA columns:
# 533-625
name=unknown_D
#
# <colnr> <probs for GDERKNQSTAVLIFYWHMCP>
#	G	D	E	R	K	N	Q	S	T	A	V	L	I	F	Y	W	H	M	C	P
0	0.02327	0.02970	0.01766	0.01605	0.01926	0.75602	0.01204	0.02488	0.01766	0.01525	0.00963	0.01124	0.00803	0.00642	0.00562	0.00161	0.01124	0.00401	0.00321	0.00722
1	0.01550	0.01338	0.01409	0.01268	0.01620	0.01550	0.00986	0.03311	0.73091	0.02606	0.02536	0.02325	0.01902	0.00845	0.00634	0.00211	0.00493	0.00704	0.00634	0.00986
2	0.82504	0.01205	0.00916	0.00819	0.01205	0.01398	0.00675	0.01832	0.01060	0.02795	0.00868	0.01012	0.00675	0.00578	0.00386	0.00193	0.00482	0.00337	0.00386	0.00675
3	0.01542	0.01480	0.02529	0.03824	0.74217	0.01480	0.01912	0.01912	0.01419	0.02036	0.01172	0.01542	0.00987	0.00555	0.00617	0.00185	0.00740	0.00555	0.00308	0.00987
4	0.01219	0.01150	0.01945	0.68253	0.12317	0.01395	0.01751	0.01629	0.01266	0.01643	0.01115	0.01647	0.00849	0.00615	0.00622	0.00205	0.00820	0.00554	0.00280	0.00726
5	0.00759	0.00542	0.00723	0.00868	0.00904	0.00506	0.00578	0.00868	0.01193	0.01591	0.03434	0.77697	0.04121	0.01952	0.00795	0.00253	0.00361	0.01771	0.00578	0.00506
6	0.00995	0.00714	0.00991	0.01130	0.01275	0.00711	0.00986	0.01277	0.01434	0.01858	0.03403	0.06992	0.06026	0.01716	0.00856	0.00284	0.00565	0.67641	0.00574	0.00572
7	0.02795	0.01060	0.01446	0.01109	0.01591	0.00916	0.00916	0.03036	0.01783	0.74648	0.02458	0.02121	0.01542	0.00771	0.00627	0.00193	0.00530	0.00627	0.00771	0.01060
8	0.01542	0.01480	0.02529	0.03824	0.74217	0.01480	0.01912	0.01912	0.01419	0.02036	0.01172	0.01542	0.00987	0.00555	0.00617	0.00185	0.00740	0.00555	0.00308	0.00987
9	0.01161	0.00581	0.00581	0.00581	0.00726	0.00581	0.00436	0.01452	0.01307	0.02323	0.02033	0.02323	0.01597	0.00726	0.00436	0.00145	0.00290	0.00581	0.81562	0.00581
10	0.01177	0.01107	0.01869	0.76606	0.04291	0.01384	0.01730	0.01592	0.01246	0.01592	0.01107	0.01661	0.00831	0.00623	0.00623	0.00208	0.00831	0.00554	0.00277	0.00692
11	0.00791	0.00586	0.00832	0.00936	0.00996	0.00549	0.03026	0.00919	0.01210	0.01613	0.03356	0.72901	0.03996	0.01896	0.00795	0.00253	0.00392	0.03864	0.00569	0.00520
12	0.00759	0.00542	0.00723	0.00868	0.00904	0.00506	0.00578	0.00868	0.01193	0.01591	0.03434	0.77697	0.04121	0.01952	0.00795	0.00253	0.00361	0.01771	0.00578	0.00506
13	0.00944	0.00747	0.01105	0.01074	0.01173	0.00908	0.00846	0.01157	0.00996	0.01452	0.01571	0.02323	0.01473	0.04262	0.67188	0.00918	0.10310	0.00654	0.00327	0.00571
14	0.01471	0.01681	0.03676	0.02626	0.03256	0.01576	0.71954	0.01996	0.01471	0.01996	0.01261	0.01681	0.00945	0.00525	0.00735	0.00210	0.01050	0.00735	0.00315	0.00840
15	0.01250	0.03223	0.74875	0.01776	0.02697	0.01447	0.02302	0.01973	0.01315	0.01973	0.01118	0.01315	0.00789	0.00592	0.00592	0.00197	0.00921	0.00460	0.00263	0.00921
16	0.02327	0.02970	0.01766	0.01605	0.01926	0.75602	0.01204	0.02488	0.01766	0.01525	0.00963	0.01124	0.00803	0.00642	0.00562	0.00161	0.01124	0.00401	0.00321	0.00722
17	0.01250	0.03223	0.74875	0.01776	0.02697	0.01447	0.02302	0.01973	0.01315	0.01973	0.01118	0.01315	0.00789	0.00592	0.00592	0.00197	0.00921	0.00460	0.00263	0.00921
18	0.01297	0.11860	0.66656	0.01694	0.02571	0.01564	0.02160	0.01961	0.01310	0.01915	0.01089	0.01279	0.00790	0.00585	0.00570	0.00190	0.00892	0.00446	0.00263	0.00907
19	0.00759	0.00542	0.00723	0.00868	0.00904	0.00506	0.00578	0.00868	0.01193	0.01591	0.03434	0.77697	0.04121	0.01952	0.00795	0.00253	0.00361	0.01771	0.00578	0.00506
20	0.82504	0.01205	0.00916	0.00819	0.01205	0.01398	0.00675	0.01832	0.01060	0.02795	0.00868	0.01012	0.00675	0.00578	0.00386	0.00193	0.00482	0.00337	0.00386	0.00675
21	0.01454	0.01285	0.02161	0.36717	0.37917	0.01401	0.01767	0.01837	0.01363	0.06368	0.01223	0.01632	0.00951	0.00599	0.00620	0.00196	0.00768	0.00559	0.00323	0.00858
22	0.00962	0.00741	0.01003	0.01044	0.01227	0.00715	0.03257	0.01273	0.03704	0.01909	0.10648	0.06227	0.20436	0.01576	0.00808	0.00255	0.00499	0.42553	0.00579	0.00586
23	0.01116	0.00950	0.01000	0.00932	0.01201	0.00993	0.00715	0.02009	0.33730	0.02175	0.10938	0.04217	0.35135	0.01220	0.00690	0.00209	0.00394	0.01022	0.00614	0.00739
24	0.02462	0.01642	0.01771	0.01368	0.01856	0.04666	0.01125	0.53968	0.02628	0.19563	0.01689	0.01620	0.01157	0.00749	0.00622	0.00187	0.00669	0.00569	0.00644	0.01046
25	0.02305	0.02087	0.01881	0.01633	0.06444	0.23472	0.01235	0.47363	0.02494	0.03105	0.01320	0.01390	0.00980	0.00705	0.00605	0.00179	0.00817	0.00514	0.00515	0.00956
26	0.82504	0.01205	0.00916	0.00819	0.01205	0.01398	0.00675	0.01832	0.01060	0.02795	0.00868	0.01012	0.00675	0.00578	0.00386	0.00193	0.00482	0.00337	0.00386	0.00675
27	0.01177	0.01107	0.01869	0.76606	0.04291	0.01384	0.01730	0.01592	0.01246	0.01592	0.01107	0.01661	0.00831	0.00623	0.00623	0.00208	0.00831	0.00554	0.00277	0.00692
28	0.00763	0.00587	0.00698	0.00766	0.00882	0.00522	0.00538	0.00910	0.01342	0.01722	0.11934	0.41833	0.31799	0.01734	0.00766	0.00230	0.00336	0.01524	0.00590	0.00522
29	0.02795	0.01060	0.01446	0.01109	0.01591	0.00916	0.00916	0.03036	0.01783	0.74648	0.02458	0.02121	0.01542	0.00771	0.00627	0.00193	0.00530	0.00627	0.00771	0.01060
30	0.01514	0.01447	0.02465	0.03719	0.71603	0.01446	0.01865	0.01875	0.01411	0.02020	0.01253	0.04257	0.01099	0.00605	0.00623	0.00187	0.00727	0.00599	0.00318	0.00970
31	0.00759	0.00542	0.00723	0.00868	0.00904	0.00506	0.00578	0.00868	0.01193	0.01591	0.03434	0.77697	0.04121	0.01952	0.00795	0.00253	0.00361	0.01771	0.00578	0.00506
32	0.01250	0.03223	0.74875	0.01776	0.02697	0.01447	0.02302	0.01973	0.01315	0.01973	0.01118	0.01315	0.00789	0.00592	0.00592	0.00197	0.00921	0.00460	0.00263	0.00921
33	0.51870	0.01305	0.01159	0.01010	0.01400	0.01502	0.00817	0.10705	0.19932	0.02883	0.01375	0.01410	0.01039	0.00668	0.00479	0.00197	0.00509	0.00459	0.00479	0.00802
34	0.01434	0.36592	0.43122	0.01461	0.02210	0.01899	0.01754	0.01926	0.01294	0.01748	0.01006	0.01175	0.00794	0.00566	0.00507	0.00169	0.00808	0.00404	0.00265	0.00867
35	0.00764	0.00544	0.00721	0.00861	0.00896	0.00509	0.00571	0.00869	0.01183	0.01577	0.03383	0.75133	0.04056	0.04603	0.00878	0.00265	0.00370	0.01741	0.00571	0.00502
36	0.02730	0.01154	0.04074	0.01140	0.01638	0.00960	0.00972	0.04703	0.01795	0.70313	0.02387	0.02077	0.01504	0.00764	0.00625	0.00193	0.00548	0.00619	0.00749	0.01055
37	0.00795	0.00568	0.00764	0.00908	0.00960	0.00537	0.00640	0.00929	0.01228	0.01630	0.03414	0.67430	0.04043	0.01918	0.00805	0.00258	0.00392	0.11686	0.00578	0.00516
38	0.01471	0.01681	0.03676	0.02626	0.03256	0.01576	0.71954	0.01996	0.01471	0.01996	0.01261	0.01681	0.00945	0.00525	0.00735	0.00210	0.01050	0.00735	0.00315	0.00840
39	0.01519	0.01457	0.02488	0.08340	0.69879	0.01474	0.01901	0.01892	0.01408	0.02008	0.01168	0.01549	0.00977	0.00559	0.00617	0.00186	0.00746	0.00555	0.00306	0.00969
40	0.02283	0.01840	0.01842	0.01513	0.04474	0.10240	0.01190	0.59467	0.02696	0.03515	0.01576	0.01598	0.03336	0.00755	0.00620	0.00185	0.00726	0.00566	0.00576	0.01002
41	0.00916	0.00622	0.00740	0.00756	0.00781	0.00630	0.00478	0.00965	0.00973	0.01300	0.02093	0.04292	0.02363	0.64013	0.08251	0.00597	0.00679	0.08740	0.00397	0.00413
42	0.05750	0.01862	0.01769	0.01403	0.01858	0.12728	0.01139	0.56407	0.02622	0.03468	0.01409	0.01449	0.01024	0.00724	0.00598	0.00182	0.00728	0.00529	0.03375	0.00977
43	0.01248	0.05784	0.69822	0.01720	0.02597	0.01451	0.02200	0.01932	0.01310	0.01942	0.01188	0.03909	0.00903	0.00636	0.00592	0.00197	0.00893	0.00501	0.00274	0.00902
44	0.01250	0.03223	0.74875	0.01776	0.02697	0.01447	0.02302	0.01973	0.01315	0.01973	0.01118	0.01315	0.00789	0.00592	0.00592	0.00197	0.00921	0.00460	0.00263	0.00921
45	0.00879	0.00633	0.00836	0.00826	0.00960	0.00590	0.00624	0.01151	0.01670	0.02339	0.59636	0.13161	0.05476	0.01390	0.00753	0.00210	0.00326	0.07299	0.00664	0.00577
46	0.01485	0.01422	0.02426	0.15209	0.63279	0.01465	0.01884	0.01862	0.01392	0.01966	0.01162	0.01561	0.00962	0.00566	0.00618	0.00189	0.00754	0.00555	0.00303	0.00941
47	0.01492	0.01462	0.02594	0.11946	0.57644	0.01481	0.10409	0.01886	0.01405	0.01980	0.01175	0.01572	0.00964	0.00559	0.00632	0.00191	0.00788	0.00577	0.00306	0.00936
48	0.02368	0.01745	0.01870	0.01434	0.01932	0.01932	0.01184	0.72139	0.02929	0.03927	0.01496	0.01496	0.01060	0.00748	0.00623	0.00187	0.00686	0.00561	0.00623	0.01060
49	0.01458	0.01645	0.03476	0.02514	0.03072	0.01613	0.63935	0.01939	0.01412	0.01939	0.01210	0.01645	0.00931	0.00589	0.00884	0.00217	0.09674	0.00714	0.00310	0.00822
50	0.02197	0.01725	0.01741	0.01389	0.01824	0.08115	0.01123	0.58714	0.02648	0.03476	0.01652	0.09417	0.01357	0.00865	0.00636	0.00192	0.00689	0.00674	0.00593	0.00973
51	0.01263	0.05576	0.72636	0.01754	0.02662	0.01479	0.02263	0.01970	0.01314	0.01957	0.01110	0.01306	0.00790	0.00590	0.00586	0.00195	0.00913	0.00456	0.00263	0.00917
52	0.00791	0.00560	0.00734	0.00855	0.00896	0.00529	0.00574	0.00901	0.01190	0.01590	0.05704	0.63778	0.03948	0.10569	0.01066	0.00292	0.00396	0.04571	0.00559	0.00497
53	0.01606	0.67583	0.13632	0.01169	0.01758	0.02318	0.01245	0.01881	0.01273	0.01539	0.00903	0.01045	0.00798	0.00542	0.00428	0.00143	0.00703	0.00352	0.00266	0.00817
54	0.10741	0.16227	0.42212	0.01477	0.02201	0.01671	0.01713	0.10978	0.01498	0.04262	0.01131	0.01270	0.00834	0.00605	0.00539	0.00184	0.00784	0.00441	0.00338	0.00893
55	0.00871	0.00601	0.00679	0.00694	0.00722	0.00585	0.00410	0.00901	0.00995	0.01302	0.02612	0.12043	0.10605	0.61397	0.02645	0.00522	0.00546	0.01044	0.00422	0.00408
56	0.00757	0.00552	0.00713	0.00841	0.00897	0.00508	0.00566	0.00871	0.01219	0.01601	0.03761	0.69552	0.12055	0.01910	0.00789	0.00248	0.00356	0.01719	0.00578	0.00508
57	0.01672	0.01564	0.03245	0.02330	0.02934	0.01447	0.58373	0.02144	0.01513	0.13361	0.01443	0.01736	0.01038	0.00561	0.00709	0.00203	0.00949	0.00706	0.00388	0.03685
58	0.01515	0.51139	0.29280	0.01324	0.01998	0.02095	0.01515	0.01905	0.01284	0.01650	0.00958	0.01114	0.00796	0.00554	0.00470	0.00157	0.00759	0.00379	0.00265	0.00844
59	0.00784	0.00557	0.00725	0.00850	0.00890	0.00525	0.00568	0.00887	0.01174	0.01559	0.03329	0.65273	0.05514	0.10586	0.01066	0.00293	0.00395	0.03976	0.00555	0.00494
60	0.01666	0.78478	0.03265	0.01066	0.01599	0.02465	0.01066	0.01866	0.01266	0.01466	0.00866	0.00999	0.00800	0.00533	0.00400	0.00133	0.00666	0.00333	0.00267	0.00800
61	0.01191	0.02928	0.66441	0.01646	0.02486	0.01342	0.02094	0.01851	0.01327	0.01940	0.01708	0.01847	0.09101	0.00704	0.00608	0.00199	0.00852	0.00557	0.00299	0.00876
62	0.01666	0.78478	0.03265	0.01066	0.01599	0.02465	0.01066	0.01866	0.01266	0.01466	0.00866	0.00999	0.00800	0.00533	0.00400	0.00133	0.00666	0.00333	0.00267	0.00800
63	0.00896	0.00646	0.00852	0.00825	0.00972	0.00603	0.00635	0.01189	0.01726	0.02427	0.65869	0.04924	0.05618	0.01325	0.00749	0.00206	0.00326	0.08953	0.00673	0.00586
64	0.01263	0.05606	0.72607	0.01753	0.02662	0.01479	0.02263	0.01970	0.01314	0.01957	0.01110	0.01305	0.00790	0.00590	0.00586	0.00195	0.00913	0.00456	0.00263	0.00917
65	0.82504	0.01205	0.00916	0.00819	0.01205	0.01398	0.00675	0.01832	0.01060	0.02795	0.00868	0.01012	0.00675	0.00578	0.00386	0.00193	0.00482	0.00337	0.00386	0.00675
66	0.00976	0.00697	0.00972	0.01116	0.01247	0.00693	0.00956	0.01243	0.01407	0.01833	0.03314	0.15056	0.03647	0.01747	0.00853	0.00283	0.00550	0.62270	0.00574	0.00566
67	0.01480	0.01642	0.03419	0.02472	0.03070	0.01573	0.63892	0.02145	0.09606	0.02065	0.01405	0.01754	0.01054	0.00562	0.00724	0.00210	0.00987	0.00732	0.00351	0.00857
68	0.05193	0.01726	0.01836	0.01412	0.01907	0.01913	0.01166	0.69661	0.02864	0.03887	0.01474	0.01479	0.01046	0.00742	0.00615	0.00187	0.00678	0.00553	0.00615	0.01046
69	0.01550	0.01338	0.01409	0.01268	0.01620	0.01550	0.00986	0.03311	0.73091	0.02606	0.02536	0.02325	0.01902	0.00845	0.00634	0.00211	0.00493	0.00704	0.00634	0.00986
70	0.00758	0.00632	0.00661	0.00654	0.00855	0.00535	0.00490	0.00936	0.01471	0.01805	0.16372	0.05796	0.63828	0.01533	0.00736	0.00208	0.00312	0.01287	0.00595	0.00535
71	0.00822	0.00612	0.00836	0.00891	0.00982	0.00633	0.00648	0.00989	0.01146	0.01558	0.05337	0.32128	0.10943	0.05283	0.33489	0.00583	0.00931	0.01191	0.00470	0.00529
72	0.01059	0.00886	0.00865	0.00845	0.00912	0.09153	0.00553	0.01131	0.01059	0.01337	0.03949	0.03510	0.03956	0.51666	0.16013	0.00605	0.00842	0.00822	0.00377	0.00459
73	0.00759	0.00542	0.00723	0.00868	0.00904	0.00506	0.00578	0.00868	0.01193	0.01591	0.03434	0.77697	0.04121	0.01952	0.00795	0.00253	0.00361	0.01771	0.00578	0.00506
74	0.01471	0.01681	0.03676	0.02626	0.03256	0.01576	0.71954	0.01996	0.01471	0.01996	0.01261	0.01681	0.00945	0.00525	0.00735	0.00210	0.01050	0.00735	0.00315	0.00840
75	0.04285	0.01637	0.03461	0.04794	0.03171	0.01563	0.65331	0.02015	0.03455	0.02028	0.01278	0.01675	0.00959	0.00539	0.00717	0.00209	0.01008	0.00715	0.00325	0.00834
76	0.01291	0.02971	0.64148	0.02039	0.10841	0.01455	0.04713	0.01967	0.01333	0.01981	0.01129	0.01354	0.00817	0.00585	0.00600	0.00196	0.00905	0.00481	0.00270	0.00925
77	0.00759	0.00542	0.00723	0.00868	0.00904	0.00506	0.00578	0.00868	0.01193	0.01591	0.03434	0.77697	0.04121	0.01952	0.00795	0.00253	0.00361	0.01771	0.00578	0.00506
78	0.01342	0.01276	0.02167	0.43712	0.35894	0.01428	0.01813	0.01737	0.01324	0.01792	0.01137	0.01607	0.00901	0.00592	0.00620	0.00197	0.00790	0.00554	0.00291	0.00825
79	0.01839	0.01316	0.02008	0.08311	0.36638	0.01349	0.01482	0.02373	0.11898	0.21207	0.01692	0.01811	0.01248	0.00678	0.00671	0.00196	0.03240	0.00595	0.00474	0.00973
80	0.02194	0.01290	0.01501	0.01227	0.01650	0.01345	0.00987	0.19073	0.25785	0.31103	0.02302	0.05278	0.01660	0.00841	0.00635	0.00200	0.00547	0.00686	0.00683	0.01012
81	0.01350	0.01527	0.10409	0.28934	0.29150	0.01515	0.01800	0.01736	0.01268	0.01781	0.01083	0.01528	0.00881	0.00674	0.00857	0.00209	0.13646	0.00542	0.00286	0.00824
82	0.01542	0.33288	0.34430	0.04629	0.02205	0.01842	0.01629	0.03983	0.03565	0.05899	0.01145	0.01284	0.00879	0.00592	0.00520	0.00172	0.00773	0.00433	0.00315	0.00876
83	0.01821	0.04742	0.04279	0.12529	0.10356	0.01562	0.01283	0.17969	0.24903	0.11305	0.01815	0.01841	0.01328	0.00728	0.00616	0.00196	0.00639	0.00600	0.00531	0.00959
84	0.04483	0.00735	0.00882	0.00877	0.03460	0.00683	0.00632	0.01313	0.04079	0.06479	0.37679	0.06667	0.27121	0.01293	0.00708	0.00202	0.00347	0.01109	0.00626	0.00625
85	0.01820	0.03314	0.04560	0.01626	0.02084	0.09972	0.18401	0.14128	0.16412	0.10348	0.04406	0.02186	0.03017	0.00776	0.00658	0.00200	0.00749	0.03941	0.00511	0.00891
86	0.10722	0.01230	0.03421	0.01392	0.09658	0.03504	0.00988	0.14078	0.10259	0.02500	0.13896	0.15344	0.02504	0.01027	0.00643	0.00202	0.00531	0.03314	0.00532	0.04253
87	0.00962	0.00845	0.00867	0.00955	0.01046	0.09139	0.00657	0.01084	0.01263	0.01602	0.03051	0.65639	0.03603	0.01738	0.00754	0.00236	0.00453	0.01554	0.00540	0.04014
88	0.01357	0.02189	0.31010	0.10680	0.03030	0.01502	0.31240	0.02043	0.06973	0.01988	0.01287	0.01586	0.00946	0.00587	0.00659	0.00205	0.00931	0.00605	0.00315	0.00866
89	0.01480	0.01442	0.02580	0.07781	0.28278	0.01429	0.25042	0.05805	0.01474	0.02084	0.01283	0.03198	0.01047	0.00606	0.00684	0.00189	0.03172	0.00626	0.03813	0.07985
90	0.01456	0.07215	0.54747	0.03880	0.04998	0.04733	0.02027	0.10029	0.01519	0.02141	0.01142	0.01327	0.00829	0.00608	0.00585	0.00191	0.00879	0.00468	0.00309	0.00917
91	0.05343	0.02155	0.01504	0.01414	0.03696	0.45527	0.01035	0.06070	0.01669	0.01809	0.04029	0.12763	0.04065	0.00881	0.00600	0.00177	0.00853	0.00669	0.00403	0.05338
92	0.01791	0.01323	0.05572	0.01436	0.09760	0.06241	0.01052	0.09355	0.06235	0.20611	0.04819	0.09376	0.01769	0.02971	0.04907	0.00243	0.00652	0.00714	0.05639	0.05532

[dist]
# distance from previous block
# <min> <max>
31	295

# created by:
# /home/cegg/simao/soft/augustus-3.2.1/scripts/msa2prfl.pl ./align_prep/EOG090W0FYB.fa
