[name]
unknown

[dist]
# distance from previous block
# <min> <max>
0	123

[block]
# block no. 0 follows, 29 sequences, length 48
# corresponding to MSA columns:
# 211-258
name=unknown_A
#
# <colnr> <probs for GDERKNQSTAVLIFYWHMCP>
#	G	D	E	R	K	N	Q	S	T	A	V	L	I	F	Y	W	H	M	C	P
0	0.05903	0.01888	0.15743	0.01466	0.01951	0.07789	0.03218	0.05403	0.10276	0.09119	0.02739	0.11666	0.09680	0.01140	0.00788	0.00236	0.03057	0.04003	0.00553	0.03382
1	0.01864	0.07926	0.01710	0.01323	0.01710	0.10501	0.01045	0.12380	0.17766	0.06588	0.09270	0.12267	0.05182	0.01108	0.00716	0.00216	0.00655	0.00910	0.00624	0.06239
2	0.11455	0.10896	0.17679	0.01488	0.02048	0.08901	0.01439	0.14514	0.04381	0.04535	0.04696	0.05136	0.01534	0.01231	0.06800	0.00292	0.00911	0.00646	0.00479	0.00940
3	0.05614	0.01406	0.06048	0.30747	0.13076	0.01425	0.01621	0.01989	0.07899	0.02185	0.04552	0.02720	0.06200	0.01033	0.02973	0.00260	0.00813	0.04547	0.00434	0.04459
4	0.08712	0.01990	0.05889	0.06658	0.09591	0.16043	0.01404	0.10521	0.05586	0.14648	0.02858	0.01802	0.01297	0.00779	0.00713	0.00208	0.03132	0.00591	0.00526	0.07052
5	0.01977	0.01727	0.02437	0.12145	0.21231	0.09183	0.10300	0.02509	0.07886	0.12412	0.01655	0.01901	0.01251	0.00739	0.00783	0.00217	0.04210	0.00655	0.00466	0.06316
6	0.01387	0.07269	0.01449	0.01185	0.01436	0.05002	0.00935	0.09309	0.05661	0.02225	0.07250	0.14987	0.11805	0.02488	0.20180	0.00484	0.02497	0.03144	0.00550	0.00757
7	0.01428	0.03683	0.71286	0.02030	0.03082	0.01654	0.02631	0.02255	0.01503	0.02255	0.01278	0.01503	0.00902	0.00677	0.00677	0.00226	0.01052	0.00526	0.00301	0.01052
8	0.01607	0.15834	0.53265	0.01828	0.02752	0.01832	0.02246	0.02359	0.04613	0.05342	0.01372	0.01536	0.01002	0.00688	0.00643	0.00213	0.00959	0.00523	0.00347	0.01039
9	0.09573	0.03927	0.13291	0.01762	0.06095	0.01738	0.07140	0.21422	0.10583	0.06134	0.01764	0.02100	0.01390	0.08788	0.01000	0.00272	0.00797	0.00674	0.00536	0.01013
10	0.00925	0.00669	0.00821	0.00886	0.00971	0.00623	0.00594	0.01066	0.01443	0.01916	0.15450	0.36814	0.14665	0.18064	0.01485	0.00359	0.00453	0.01600	0.00632	0.00566
11	0.01091	0.00860	0.01261	0.01638	0.13322	0.00831	0.01029	0.01325	0.01513	0.02037	0.07346	0.41483	0.06161	0.01836	0.00883	0.00278	0.00535	0.15261	0.00613	0.00697
12	0.01800	0.08167	0.04797	0.35591	0.13530	0.01556	0.01702	0.02203	0.01591	0.15595	0.01877	0.02164	0.04854	0.00782	0.00694	0.00222	0.00821	0.00669	0.00450	0.00935
13	0.11680	0.01629	0.02553	0.09960	0.52573	0.01695	0.01947	0.05363	0.01636	0.02497	0.01307	0.01695	0.01071	0.00655	0.00672	0.00215	0.00815	0.00603	0.00378	0.01057
14	0.00868	0.00620	0.00826	0.00991	0.01033	0.00578	0.00661	0.00991	0.01363	0.01818	0.03925	0.74510	0.04710	0.02231	0.00909	0.00289	0.00413	0.02024	0.00661	0.00578
15	0.09426	0.02825	0.02009	0.01992	0.09489	0.49327	0.01393	0.07181	0.05958	0.02194	0.01264	0.01434	0.01021	0.00738	0.00640	0.00195	0.01095	0.00504	0.00416	0.00897
16	0.04718	0.01775	0.05679	0.01599	0.02105	0.07753	0.08409	0.15679	0.15122	0.17697	0.06509	0.04312	0.03535	0.00925	0.00729	0.00225	0.00751	0.00778	0.00654	0.01046
17	0.01835	0.01876	0.02671	0.12886	0.52486	0.11567	0.02045	0.02231	0.01652	0.02179	0.01296	0.01713	0.01075	0.00658	0.00697	0.00211	0.00921	0.00610	0.00350	0.01042
18	0.01327	0.00664	0.00664	0.00664	0.00830	0.00664	0.00498	0.01659	0.01493	0.02655	0.02323	0.02655	0.01825	0.00830	0.00498	0.00166	0.00332	0.00664	0.78928	0.00664
19	0.01968	0.01438	0.01674	0.09103	0.02092	0.01560	0.01165	0.28999	0.11533	0.07924	0.13747	0.05265	0.08260	0.01080	0.00753	0.00227	0.00638	0.00892	0.00688	0.00993
20	0.01978	0.04318	0.07286	0.02693	0.11794	0.05992	0.36756	0.06310	0.01806	0.10363	0.01550	0.01853	0.01146	0.00676	0.00793	0.00227	0.02276	0.00728	0.00435	0.01019
21	0.01730	0.02120	0.09763	0.38014	0.09848	0.18757	0.05709	0.02175	0.01609	0.01920	0.01243	0.01696	0.00960	0.00700	0.00698	0.00221	0.01047	0.00591	0.00333	0.00867
22	0.01780	0.56043	0.19663	0.01431	0.02126	0.02522	0.01564	0.02148	0.01449	0.01814	0.01056	0.01241	0.00912	0.00646	0.00570	0.00175	0.03193	0.00423	0.00304	0.00942
23	0.01825	0.09790	0.01699	0.01330	0.01689	0.23005	0.01048	0.02342	0.13390	0.05201	0.03103	0.07487	0.16289	0.01147	0.00714	0.00216	0.00760	0.04666	0.00544	0.03755
24	0.02376	0.01846	0.02144	0.09412	0.02445	0.02136	0.01453	0.50382	0.02780	0.03756	0.01538	0.01706	0.01139	0.00902	0.00972	0.00232	0.12441	0.00637	0.00606	0.01097
25	0.02822	0.01809	0.02022	0.01550	0.02116	0.01933	0.01281	0.52841	0.03038	0.20244	0.01970	0.01879	0.01342	0.00861	0.00713	0.00215	0.00741	0.00659	0.00752	0.01211
26	0.01327	0.00664	0.00664	0.00664	0.00830	0.00664	0.00498	0.01659	0.01493	0.02655	0.02323	0.02655	0.01825	0.00830	0.00498	0.00166	0.00332	0.00664	0.78928	0.00664
27	0.01162	0.00898	0.01212	0.01388	0.08693	0.00868	0.00948	0.04946	0.01805	0.02440	0.26177	0.17761	0.12989	0.01618	0.00859	0.00256	0.00495	0.14093	0.00671	0.00721
28	0.01356	0.00852	0.01179	0.01264	0.01466	0.00831	0.01085	0.01670	0.01691	0.09587	0.08118	0.07153	0.03983	0.03782	0.01016	0.00319	0.00630	0.52626	0.00683	0.00711
29	0.01314	0.00793	0.01068	0.01086	0.01222	0.00774	0.00787	0.01488	0.01527	0.13358	0.10693	0.50188	0.04184	0.01858	0.00966	0.00272	0.05394	0.01634	0.00687	0.00707
30	0.01704	0.02041	0.14892	0.03960	0.58697	0.01685	0.02264	0.02198	0.01601	0.02314	0.01329	0.01717	0.01088	0.00642	0.00700	0.00214	0.00882	0.00615	0.00343	0.01115
31	0.00956	0.00694	0.00900	0.01038	0.01110	0.00675	0.00725	0.01196	0.05020	0.01889	0.03756	0.59459	0.04386	0.06312	0.01063	0.00314	0.00463	0.08785	0.00651	0.00608
32	0.01157	0.00857	0.01036	0.00954	0.01169	0.00821	0.00724	0.08490	0.02059	0.02823	0.48909	0.09147	0.16152	0.01491	0.00830	0.00229	0.00393	0.01295	0.00749	0.00713
33	0.15457	0.01373	0.01374	0.01213	0.01589	0.03557	0.00954	0.08850	0.27943	0.06098	0.13600	0.03130	0.09859	0.01060	0.00702	0.00230	0.00547	0.00854	0.00673	0.00938
34	0.01073	0.00793	0.01124	0.01102	0.01237	0.00892	0.00842	0.03426	0.01301	0.01851	0.09302	0.03195	0.02365	0.10771	0.56235	0.00976	0.01596	0.00839	0.00440	0.00641
35	0.01178	0.00794	0.01066	0.01133	0.01303	0.00764	0.00931	0.01468	0.01698	0.05598	0.19807	0.10417	0.07591	0.06199	0.01084	0.00313	0.00552	0.36754	0.00685	0.00667
36	0.02487	0.19897	0.02411	0.01693	0.02116	0.56234	0.01340	0.02680	0.01887	0.01727	0.01075	0.01252	0.00916	0.00705	0.00600	0.00176	0.01164	0.00441	0.00353	0.00846
37	0.01491	0.01423	0.02364	0.45185	0.23978	0.01679	0.01994	0.01916	0.01446	0.01958	0.01252	0.01821	0.01000	0.00747	0.00885	0.00238	0.08774	0.00632	0.00327	0.00889
38	0.00936	0.00684	0.00875	0.00992	0.01092	0.00640	0.00721	0.01111	0.01472	0.01925	0.08092	0.43090	0.14561	0.06726	0.01083	0.00311	0.00465	0.13979	0.00652	0.00593
39	0.00945	0.00678	0.00888	0.00999	0.01070	0.00662	0.00704	0.01092	0.01337	0.01776	0.03607	0.43257	0.07740	0.14125	0.09044	0.00448	0.00647	0.09816	0.00593	0.00572
40	0.01641	0.01551	0.02623	0.08069	0.59155	0.01565	0.02008	0.02035	0.01582	0.02241	0.01614	0.09629	0.01504	0.00811	0.00727	0.00221	0.00805	0.00784	0.00384	0.01049
41	0.01861	0.01847	0.02571	0.03584	0.51100	0.09313	0.01912	0.02537	0.13531	0.02378	0.01587	0.01868	0.01289	0.00703	0.00702	0.00214	0.00844	0.00645	0.00419	0.01095
42	0.02697	0.01503	0.01854	0.01437	0.01979	0.01494	0.03266	0.23314	0.09659	0.35528	0.03776	0.02219	0.01679	0.00865	0.00712	0.00215	0.00665	0.00702	0.00767	0.05669
43	0.02439	0.11347	0.02229	0.09275	0.02372	0.07774	0.01348	0.33760	0.07920	0.11917	0.01754	0.01789	0.01268	0.00810	0.00675	0.00209	0.00800	0.00614	0.00611	0.01089
44	0.00890	0.00713	0.00750	0.00751	0.00936	0.00622	0.00533	0.01045	0.01533	0.01882	0.10453	0.08206	0.51492	0.15468	0.01363	0.00325	0.00422	0.01415	0.00627	0.00574
45	0.01768	0.21998	0.22179	0.01767	0.02507	0.01891	0.13265	0.04431	0.05496	0.06174	0.01422	0.01602	0.01088	0.00660	0.00633	0.00193	0.00870	0.00559	0.00399	0.11097
46	0.00895	0.00660	0.00815	0.00905	0.00998	0.00604	0.00617	0.01044	0.01463	0.01922	0.12327	0.46080	0.18035	0.08793	0.01139	0.00309	0.00419	0.01739	0.00654	0.00581
47	0.27736	0.01875	0.01614	0.01379	0.01833	0.13275	0.01099	0.17626	0.18070	0.06298	0.01709	0.01718	0.01274	0.00799	0.00615	0.00218	0.00729	0.00570	0.00578	0.00984

[dist]
# distance from previous block
# <min> <max>
0	1

[block]
# block no. 1 follows, 29 sequences, length 8
# corresponding to MSA columns:
# 260-267
name=unknown_B
#
# <colnr> <probs for GDERKNQSTAVLIFYWHMCP>
#	G	D	E	R	K	N	Q	S	T	A	V	L	I	F	Y	W	H	M	C	P
0	0.08186	0.31602	0.02736	0.11096	0.07827	0.12975	0.01406	0.12363	0.01819	0.02309	0.01182	0.01402	0.00971	0.00686	0.00577	0.00188	0.00860	0.00487	0.00393	0.00936
1	0.00948	0.00697	0.00849	0.00894	0.01013	0.00645	0.00634	0.01129	0.01541	0.02036	0.20183	0.24853	0.19529	0.15044	0.01373	0.00338	0.00452	0.06609	0.00649	0.00585
2	0.01467	0.02395	0.33394	0.09926	0.13575	0.01541	0.02044	0.02280	0.11153	0.02287	0.01867	0.06466	0.01596	0.00907	0.00729	0.00239	0.00871	0.05856	0.00420	0.00988
3	0.00903	0.00707	0.00818	0.00825	0.01009	0.00622	0.00606	0.01129	0.01718	0.02230	0.28556	0.17107	0.37727	0.01751	0.00852	0.00242	0.00360	0.01511	0.00704	0.00622
4	0.01605	0.01309	0.01618	0.11890	0.05195	0.01456	0.01225	0.12200	0.24698	0.02845	0.14755	0.07321	0.02940	0.01145	0.00774	0.00242	0.00623	0.06575	0.00648	0.00936
5	0.01685	0.15276	0.08729	0.10042	0.17474	0.01929	0.30356	0.02185	0.01586	0.02132	0.01307	0.01712	0.01033	0.00626	0.00717	0.00217	0.01010	0.00669	0.00339	0.00977
6	0.01984	0.02497	0.14381	0.01674	0.02183	0.23501	0.01477	0.03216	0.36165	0.02465	0.02048	0.02023	0.01554	0.00842	0.00690	0.00221	0.00875	0.00647	0.00537	0.01020
7	0.13053	0.01652	0.01961	0.22910	0.02878	0.01878	0.01444	0.35934	0.02411	0.06851	0.01533	0.01725	0.01099	0.00787	0.00675	0.00222	0.00792	0.00607	0.00565	0.01025

[dist]
# distance from previous block
# <min> <max>
11	18

[block]
# block no. 2 follows, 29 sequences, length 41
# corresponding to MSA columns:
# 286-326
name=unknown_C
#
# <colnr> <probs for GDERKNQSTAVLIFYWHMCP>
#	G	D	E	R	K	N	Q	S	T	A	V	L	I	F	Y	W	H	M	C	P
0	0.09690	0.06037	0.11084	0.16028	0.02667	0.05445	0.01506	0.15719	0.01993	0.20502	0.01707	0.01799	0.01186	0.00770	0.00664	0.00217	0.00810	0.00595	0.00554	0.01026
1	0.13954	0.01388	0.01566	0.01549	0.08710	0.03955	0.01114	0.15520	0.04424	0.13590	0.06348	0.06988	0.09441	0.01122	0.00726	0.00234	0.00635	0.07161	0.00638	0.00936
2	0.04926	0.11523	0.08462	0.02023	0.11239	0.07654	0.07991	0.09603	0.13953	0.02541	0.01924	0.02641	0.01656	0.00910	0.00711	0.00228	0.00829	0.09712	0.00495	0.00981
3	0.02310	0.20005	0.02421	0.01476	0.02036	0.02227	0.01260	0.39247	0.11844	0.03463	0.01670	0.01687	0.01261	0.00791	0.00641	0.00196	0.00733	0.00587	0.00597	0.05547
4	0.01635	0.47076	0.18530	0.01348	0.01981	0.02197	0.01443	0.01995	0.01492	0.01889	0.05186	0.06569	0.04425	0.00828	0.00573	0.00186	0.00764	0.00619	0.00368	0.00897
5	0.01622	0.32841	0.43822	0.01700	0.02572	0.02127	0.02057	0.02205	0.01480	0.02019	0.01161	0.01357	0.00907	0.00649	0.00587	0.00196	0.00934	0.00467	0.00302	0.00996
6	0.01948	0.10440	0.29483	0.01685	0.02362	0.01806	0.01784	0.11844	0.07148	0.12621	0.01693	0.03569	0.01274	0.00845	0.00842	0.00227	0.08266	0.00624	0.00489	0.01049
7	0.01993	0.01943	0.14348	0.02342	0.14031	0.01583	0.16307	0.06491	0.11739	0.16061	0.01987	0.04685	0.01494	0.00803	0.00743	0.00229	0.00851	0.00754	0.00537	0.01079
8	0.01184	0.00735	0.00960	0.00968	0.01112	0.00686	0.00691	0.01383	0.01588	0.09613	0.22207	0.32766	0.08053	0.09095	0.05263	0.00349	0.00523	0.01479	0.00681	0.00664
9	0.22434	0.01358	0.01664	0.01385	0.01783	0.01440	0.08250	0.17712	0.01873	0.08779	0.02064	0.14198	0.01908	0.04573	0.04870	0.00309	0.00746	0.03202	0.00575	0.00876
10	0.01504	0.21277	0.08885	0.05363	0.02169	0.06611	0.11600	0.01851	0.01579	0.02010	0.08913	0.17197	0.02483	0.01120	0.00724	0.00224	0.00783	0.04432	0.00459	0.00814
11	0.00902	0.00663	0.00859	0.00973	0.01066	0.00620	0.00688	0.01073	0.01468	0.01942	0.10455	0.51136	0.13719	0.02227	0.04199	0.00319	0.00484	0.05951	0.00659	0.00598
12	0.00929	0.00726	0.00846	0.00845	0.01042	0.00643	0.00642	0.01177	0.01762	0.02291	0.30873	0.09489	0.37978	0.01702	0.00855	0.00243	0.00376	0.06240	0.00708	0.00631
13	0.02784	0.01196	0.01581	0.01269	0.01756	0.01089	0.01044	0.05521	0.06137	0.54543	0.07493	0.03039	0.02287	0.01008	0.00745	0.00230	0.00595	0.05713	0.00842	0.01127
14	0.08288	0.28055	0.02497	0.01490	0.01953	0.33594	0.01239	0.07613	0.01862	0.02101	0.04445	0.01454	0.01209	0.00729	0.00577	0.00180	0.00960	0.00480	0.00398	0.00875
15	0.01762	0.01692	0.02890	0.04371	0.70533	0.01692	0.02185	0.02185	0.01621	0.02326	0.01339	0.01762	0.01128	0.00634	0.00705	0.00211	0.00846	0.00634	0.00352	0.01128
16	0.01120	0.00741	0.00924	0.00941	0.01112	0.00673	0.00696	0.01332	0.01644	0.07764	0.20196	0.25512	0.21012	0.05924	0.01021	0.00282	0.00435	0.07319	0.00695	0.00657
17	0.01333	0.00782	0.01125	0.04379	0.01316	0.00824	0.00811	0.04319	0.01218	0.05519	0.01756	0.08802	0.01699	0.02915	0.19475	0.41059	0.00941	0.00788	0.00410	0.00529
18	0.05196	0.05416	0.02098	0.11453	0.14335	0.16508	0.01453	0.04611	0.08297	0.20945	0.01809	0.01891	0.01311	0.00771	0.00676	0.00212	0.00843	0.00614	0.00541	0.01021
19	0.01036	0.00690	0.00777	0.00777	0.00777	0.00690	0.00431	0.01036	0.01036	0.01381	0.02244	0.04660	0.02589	0.74975	0.03624	0.00690	0.00690	0.01036	0.00431	0.00431
20	0.01280	0.00792	0.00974	0.00920	0.01157	0.00700	0.00701	0.01528	0.01796	0.12987	0.28107	0.13527	0.27317	0.01594	0.00834	0.00240	0.00407	0.03680	0.00738	0.00720
21	0.05793	0.01525	0.02402	0.28876	0.25223	0.01704	0.06203	0.05256	0.08970	0.02332	0.01473	0.01878	0.01151	0.00730	0.00763	0.00230	0.03470	0.00653	0.00400	0.00965
22	0.02429	0.01856	0.01980	0.01582	0.02102	0.02078	0.01286	0.49026	0.22933	0.04039	0.02063	0.01991	0.01497	0.00888	0.00716	0.00222	0.00718	0.00690	0.00716	0.01186
23	0.01345	0.01266	0.02136	0.73264	0.04904	0.01582	0.01978	0.01819	0.01424	0.01819	0.01266	0.01898	0.00949	0.00712	0.00712	0.00237	0.00949	0.00633	0.00316	0.00791
24	0.02624	0.01801	0.01978	0.01552	0.02091	0.01963	0.01270	0.47882	0.14072	0.14123	0.02070	0.01973	0.01452	0.00877	0.00715	0.00219	0.00721	0.00679	0.00739	0.01197
25	0.00878	0.00652	0.00819	0.00926	0.01022	0.00593	0.00638	0.01037	0.01488	0.01954	0.11943	0.53172	0.18160	0.02059	0.00888	0.00272	0.00394	0.01837	0.00675	0.00593
26	0.01578	0.01504	0.02558	0.34724	0.41618	0.01643	0.02094	0.02024	0.01534	0.02103	0.01307	0.01822	0.01049	0.00669	0.00708	0.00223	0.00891	0.00634	0.00337	0.00979
27	0.01168	0.00664	0.00996	0.00996	0.01036	0.00704	0.00704	0.01036	0.00996	0.01368	0.01448	0.02363	0.01408	0.03375	0.24585	0.54724	0.01024	0.00664	0.00332	0.00412
28	0.01519	0.01544	0.05332	0.40495	0.29913	0.01655	0.02065	0.01973	0.01488	0.02028	0.01279	0.01814	0.01015	0.00705	0.00783	0.00230	0.04271	0.00629	0.00329	0.00931
29	0.01231	0.00793	0.00972	0.00933	0.01122	0.00721	0.00682	0.01424	0.01565	0.09056	0.17450	0.12754	0.15885	0.19876	0.01527	0.00354	0.00507	0.07695	0.00638	0.04816
30	0.01405	0.01056	0.01211	0.01148	0.01368	0.01108	0.00844	0.15218	0.11738	0.02589	0.09162	0.32711	0.06760	0.08926	0.01103	0.00299	0.00529	0.01373	0.00669	0.00783
31	0.01678	0.28975	0.09177	0.06201	0.02183	0.04810	0.03549	0.02026	0.01495	0.02016	0.01164	0.01391	0.00976	0.00596	0.00544	0.00151	0.00748	0.00447	0.00355	0.31519
32	0.19803	0.06716	0.18885	0.01529	0.02095	0.23739	0.01455	0.02455	0.01625	0.09239	0.01349	0.01599	0.01056	0.04706	0.00762	0.00231	0.00930	0.00512	0.00420	0.00892
33	0.02614	0.17638	0.02206	0.01370	0.01912	0.03810	0.01165	0.15965	0.11036	0.31806	0.02158	0.02001	0.01499	0.00824	0.00658	0.00206	0.00689	0.00633	0.00687	0.01124
34	0.01836	0.65113	0.13424	0.01335	0.02008	0.02651	0.01421	0.02150	0.01455	0.01758	0.01031	0.01194	0.00912	0.00619	0.00488	0.00163	0.00803	0.00402	0.00304	0.00934
35	0.00979	0.00703	0.00878	0.00871	0.00992	0.00656	0.00610	0.01202	0.01685	0.02322	0.41175	0.15651	0.10766	0.16685	0.01422	0.00331	0.00422	0.01364	0.00683	0.00603
36	0.01000	0.00722	0.00945	0.00901	0.01062	0.00667	0.00671	0.01325	0.01981	0.02800	0.66593	0.09042	0.06611	0.01497	0.00844	0.00227	0.00340	0.01327	0.00777	0.00667
37	0.01078	0.00740	0.00940	0.00924	0.01095	0.00678	0.00691	0.01344	0.01802	0.05612	0.41469	0.14574	0.14912	0.05176	0.00988	0.00265	0.00402	0.05920	0.00729	0.00662
38	0.02652	0.01816	0.01978	0.01554	0.02068	0.04673	0.01273	0.46025	0.05196	0.16663	0.01921	0.01906	0.01355	0.01078	0.04058	0.00261	0.03009	0.00659	0.00704	0.01153
39	0.17496	0.01481	0.01628	0.01309	0.01820	0.01542	0.01067	0.17781	0.14389	0.26923	0.02146	0.02011	0.01485	0.00830	0.00654	0.00217	0.00624	0.00636	0.00706	0.05257
40	0.10019	0.05098	0.13857	0.02483	0.22098	0.05866	0.04967	0.21918	0.02094	0.02987	0.01382	0.01598	0.01056	0.00713	0.00669	0.00213	0.00870	0.00583	0.00460	0.01070

[dist]
# distance from previous block
# <min> <max>
0	2

[block]
# block no. 3 follows, 29 sequences, length 15
# corresponding to MSA columns:
# 329-343
name=unknown_D
#
# <colnr> <probs for GDERKNQSTAVLIFYWHMCP>
#	G	D	E	R	K	N	Q	S	T	A	V	L	I	F	Y	W	H	M	C	P
0	0.03731	0.11393	0.19852	0.02129	0.14000	0.07510	0.05418	0.10631	0.01793	0.02475	0.01294	0.01522	0.01015	0.00659	0.00635	0.00190	0.00875	0.00533	0.00395	0.13949
1	0.10254	0.24576	0.07793	0.02045	0.13494	0.04961	0.08609	0.07049	0.10354	0.02421	0.01418	0.01597	0.01134	0.00691	0.00613	0.00201	0.00819	0.00559	0.00418	0.00994
2	0.80005	0.01377	0.01047	0.00936	0.01377	0.01597	0.00771	0.02093	0.01212	0.03195	0.00991	0.01157	0.00771	0.00661	0.00441	0.00220	0.00551	0.00386	0.00441	0.00771
3	0.05427	0.02015	0.02450	0.08062	0.07811	0.11362	0.12962	0.29478	0.06143	0.04928	0.01581	0.01758	0.01171	0.00765	0.00714	0.00218	0.00915	0.00651	0.00538	0.01052
4	0.00882	0.00632	0.00816	0.00957	0.01005	0.00590	0.00633	0.00997	0.01347	0.01783	0.03941	0.64473	0.07956	0.08959	0.01157	0.00324	0.00436	0.01905	0.00640	0.00566
5	0.14042	0.02737	0.01889	0.01764	0.05094	0.46358	0.01299	0.08688	0.07565	0.02335	0.01299	0.01439	0.01035	0.00749	0.00628	0.00198	0.01051	0.00501	0.00438	0.00891
6	0.00919	0.00673	0.00811	0.00872	0.00966	0.00621	0.00586	0.01059	0.01443	0.01896	0.13906	0.34463	0.18757	0.17960	0.01479	0.00357	0.00451	0.01587	0.00629	0.00565
7	0.58694	0.10850	0.04171	0.01091	0.01590	0.01820	0.00962	0.09367	0.01487	0.03110	0.01081	0.01229	0.00842	0.00676	0.00482	0.00211	0.00622	0.00418	0.00448	0.00848
8	0.00927	0.00665	0.00879	0.00951	0.01046	0.00618	0.00666	0.01140	0.01638	0.02254	0.31781	0.45410	0.05555	0.01905	0.00880	0.00262	0.00381	0.01715	0.00713	0.00618
9	0.02707	0.01910	0.02074	0.01599	0.02160	0.02093	0.01318	0.60025	0.06086	0.09929	0.01852	0.01810	0.01298	0.00862	0.00713	0.00215	0.00759	0.00654	0.00727	0.01207
10	0.00914	0.00692	0.00850	0.00922	0.01062	0.00628	0.00676	0.01116	0.01593	0.02072	0.16967	0.33573	0.25741	0.01927	0.00883	0.00266	0.00408	0.08416	0.00683	0.00611
11	0.01664	0.13836	0.19116	0.22437	0.15850	0.01898	0.01978	0.08062	0.01645	0.02233	0.01265	0.01627	0.00989	0.00707	0.00727	0.00217	0.03854	0.00568	0.00353	0.00974
12	0.01831	0.01630	0.10742	0.16783	0.02693	0.01353	0.04439	0.02428	0.08836	0.16076	0.01752	0.01909	0.01273	0.00726	0.00707	0.00198	0.02667	0.00605	0.00503	0.22850
13	0.04863	0.01452	0.01746	0.07020	0.07746	0.03937	0.01216	0.13350	0.08976	0.16573	0.04506	0.04459	0.07793	0.00963	0.00796	0.00219	0.04732	0.00770	0.00613	0.08271
14	0.01651	0.14999	0.18419	0.09201	0.19676	0.01791	0.01805	0.04560	0.07203	0.02295	0.03872	0.01781	0.01305	0.00702	0.00646	0.00200	0.00816	0.00583	0.00394	0.08099

[dist]
# distance from previous block
# <min> <max>
0	3

[block]
# block no. 4 follows, 29 sequences, length 7
# corresponding to MSA columns:
# 347-353
name=unknown_E
#
# <colnr> <probs for GDERKNQSTAVLIFYWHMCP>
#	G	D	E	R	K	N	Q	S	T	A	V	L	I	F	Y	W	H	M	C	P
0	0.01087	0.01336	0.13734	0.01318	0.04652	0.00915	0.04133	0.01434	0.01626	0.02207	0.21072	0.15505	0.20308	0.06271	0.00998	0.00269	0.00569	0.01253	0.00585	0.00726
1	0.13891	0.02664	0.38238	0.01994	0.02813	0.01605	0.17532	0.02233	0.01528	0.05410	0.01606	0.01828	0.04086	0.00716	0.00687	0.00229	0.00958	0.00630	0.00378	0.00973
2	0.01790	0.20889	0.30904	0.01656	0.02401	0.02043	0.01800	0.11498	0.15490	0.02561	0.01594	0.01676	0.01205	0.00743	0.00636	0.00209	0.00844	0.00562	0.00444	0.01055
3	0.67930	0.01351	0.01142	0.00988	0.01446	0.01511	0.00814	0.02310	0.01342	0.13858	0.01277	0.01356	0.00927	0.00696	0.00484	0.00220	0.00559	0.00438	0.00510	0.00840
4	0.01345	0.01266	0.02136	0.73264	0.04904	0.01582	0.01978	0.01819	0.01424	0.01819	0.01266	0.01898	0.00949	0.00712	0.00712	0.00237	0.00949	0.00633	0.00316	0.00791
5	0.46311	0.01400	0.01591	0.09692	0.14616	0.01538	0.01205	0.02267	0.01424	0.12106	0.01334	0.01524	0.00992	0.00692	0.00557	0.00221	0.00657	0.00504	0.00470	0.00899
6	0.01680	0.01642	0.02904	0.16329	0.51536	0.01685	0.09491	0.02132	0.01593	0.02232	0.01338	0.01804	0.01091	0.00644	0.00721	0.00219	0.00904	0.00657	0.00347	0.01050

[dist]
# distance from previous block
# <min> <max>
0	3

[block]
# block no. 5 follows, 29 sequences, length 53
# corresponding to MSA columns:
# 359-411
name=unknown_F
#
# <colnr> <probs for GDERKNQSTAVLIFYWHMCP>
#	G	D	E	R	K	N	Q	S	T	A	V	L	I	F	Y	W	H	M	C	P
0	0.04139	0.06155	0.02616	0.03143	0.37825	0.27388	0.04208	0.02423	0.01748	0.02101	0.01229	0.01546	0.01029	0.00669	0.00667	0.00199	0.01006	0.00558	0.00358	0.00991
1	0.13812	0.02825	0.02193	0.01984	0.05964	0.49299	0.09555	0.02628	0.01837	0.02053	0.01140	0.01370	0.00927	0.00701	0.00640	0.00197	0.01143	0.00505	0.00376	0.00851
2	0.01143	0.00868	0.01156	0.01241	0.01402	0.00912	0.01035	0.01517	0.05466	0.02053	0.03691	0.10690	0.09868	0.04457	0.07642	0.00398	0.04460	0.40720	0.00611	0.00671
3	0.58598	0.01374	0.01434	0.01210	0.01635	0.01537	0.07750	0.02077	0.01307	0.06228	0.01353	0.07049	0.01166	0.00813	0.00614	0.00232	0.03772	0.00587	0.00465	0.00797
4	0.01807	0.01270	0.01546	0.01137	0.01722	0.01031	0.00919	0.02107	0.01563	0.15321	0.01541	0.01660	0.01183	0.00631	0.00656	0.00138	0.04285	0.00488	0.00503	0.60493
5	0.00908	0.00667	0.00808	0.00902	0.00987	0.00617	0.00611	0.01030	0.01372	0.01771	0.04345	0.41881	0.19411	0.16497	0.01434	0.00359	0.00467	0.04760	0.00615	0.00558
6	0.00871	0.00653	0.00810	0.00932	0.01030	0.00593	0.00647	0.01016	0.01441	0.01856	0.04779	0.54472	0.21829	0.02110	0.00894	0.00278	0.00408	0.04133	0.00661	0.00587
7	0.06616	0.01073	0.01424	0.01238	0.01643	0.00983	0.01032	0.02674	0.01860	0.43173	0.05753	0.06321	0.02655	0.01238	0.00787	0.00253	0.00600	0.18904	0.00784	0.00991
8	0.02499	0.01054	0.01434	0.01203	0.01616	0.00931	0.00974	0.02765	0.01908	0.49283	0.08803	0.12694	0.02805	0.01215	0.00778	0.00240	0.00562	0.07385	0.00822	0.01027
9	0.09265	0.01039	0.01320	0.01156	0.01528	0.00967	0.00949	0.02433	0.01796	0.35493	0.09277	0.04210	0.06684	0.05003	0.00919	0.00270	0.00577	0.15447	0.00746	0.00921
10	0.01937	0.00936	0.01257	0.01072	0.01402	0.00837	0.00853	0.02247	0.02007	0.31575	0.38571	0.04228	0.04503	0.01238	0.00795	0.00227	0.00465	0.04133	0.00819	0.00899
11	0.07502	0.00845	0.01085	0.01143	0.01343	0.00820	0.00909	0.01628	0.01563	0.12226	0.03558	0.30982	0.05444	0.01798	0.00871	0.00287	0.00544	0.26061	0.00674	0.00717
12	0.01762	0.01692	0.02890	0.04371	0.70533	0.01692	0.02185	0.02185	0.01621	0.02326	0.01339	0.01762	0.01128	0.00634	0.00705	0.00211	0.00846	0.00634	0.00352	0.01128
13	0.06119	0.00956	0.01077	0.00971	0.01289	0.00897	0.00757	0.01958	0.08382	0.18020	0.07654	0.04938	0.33517	0.06038	0.00960	0.00267	0.00482	0.04225	0.00696	0.00799
14	0.67557	0.01299	0.01068	0.00949	0.01367	0.01470	0.00775	0.02085	0.01341	0.06695	0.08479	0.01668	0.01459	0.00757	0.00498	0.00221	0.00531	0.00499	0.00500	0.00784
15	0.00939	0.00683	0.00897	0.01019	0.01120	0.00641	0.00750	0.01136	0.01525	0.02020	0.12366	0.46033	0.11020	0.02041	0.00909	0.00284	0.00448	0.14884	0.00675	0.00608
16	0.00902	0.00696	0.00823	0.00849	0.01013	0.00618	0.00615	0.01117	0.01681	0.02196	0.26612	0.24310	0.32398	0.01805	0.00859	0.00248	0.00367	0.01572	0.00701	0.00618
17	0.67888	0.01409	0.01290	0.01361	0.09711	0.01589	0.00951	0.02153	0.01290	0.05480	0.01097	0.01274	0.00849	0.00666	0.00482	0.00219	0.00588	0.00427	0.00446	0.00830
18	0.22785	0.01182	0.01371	0.01111	0.01582	0.01128	0.00908	0.02768	0.01786	0.43180	0.06949	0.02659	0.07725	0.00940	0.00663	0.00222	0.00553	0.00734	0.00742	0.01011
19	0.00863	0.00639	0.00806	0.00939	0.01019	0.00583	0.00638	0.00997	0.01414	0.01838	0.04561	0.61411	0.17398	0.02148	0.00896	0.00280	0.00403	0.01923	0.00661	0.00583
20	0.02156	0.01025	0.01312	0.01125	0.01500	0.00929	0.00896	0.02507	0.06063	0.37583	0.06972	0.08646	0.14277	0.05258	0.00936	0.00264	0.00544	0.06289	0.00772	0.00946
21	0.00968	0.00662	0.00797	0.00864	0.00880	0.00645	0.00524	0.01018	0.01168	0.01558	0.02924	0.32940	0.03447	0.45523	0.02525	0.00528	0.00578	0.01436	0.00524	0.00491
22	0.01762	0.01692	0.02890	0.04371	0.70533	0.01692	0.02185	0.02185	0.01621	0.02326	0.01339	0.01762	0.01128	0.00634	0.00705	0.00211	0.00846	0.00634	0.00352	0.01128
23	0.49534	0.01312	0.01287	0.01068	0.01552	0.01379	0.00880	0.02639	0.01540	0.30104	0.01713	0.01659	0.01164	0.00748	0.00550	0.00220	0.00573	0.00517	0.00615	0.00946
24	0.00864	0.00634	0.00811	0.00953	0.01023	0.00582	0.00644	0.00996	0.01400	0.01833	0.04395	0.64832	0.14085	0.02170	0.00899	0.00282	0.00406	0.01950	0.00661	0.00582
25	0.02186	0.01012	0.01311	0.01099	0.01427	0.00944	0.00835	0.02481	0.05331	0.37532	0.08235	0.03336	0.02435	0.22218	0.06046	0.00413	0.00687	0.00862	0.00706	0.00905
26	0.00876	0.00623	0.00824	0.00980	0.01019	0.00584	0.00649	0.00994	0.01346	0.01795	0.03837	0.70868	0.04599	0.06024	0.01050	0.00310	0.00428	0.01973	0.00649	0.00571
27	0.00900	0.00643	0.00864	0.01029	0.01085	0.00607	0.00718	0.01048	0.01396	0.01854	0.03907	0.66732	0.04638	0.02200	0.00918	0.00294	0.00442	0.09479	0.00660	0.00587
28	0.01599	0.00911	0.01179	0.01023	0.01300	0.00846	0.00796	0.05714	0.02098	0.18305	0.51002	0.04457	0.05282	0.01291	0.00805	0.00223	0.00423	0.01121	0.00802	0.00825
29	0.80005	0.01377	0.01047	0.00936	0.01377	0.01597	0.00771	0.02093	0.01212	0.03195	0.00991	0.01157	0.00771	0.00661	0.00441	0.00220	0.00551	0.00386	0.00441	0.00771
30	0.01762	0.01692	0.02890	0.04371	0.70533	0.01692	0.02185	0.02185	0.01621	0.02326	0.01339	0.01762	0.01128	0.00634	0.00705	0.00211	0.00846	0.00634	0.00352	0.01128
31	0.03195	0.01212	0.01652	0.01267	0.01818	0.01047	0.01047	0.03470	0.02038	0.71026	0.02809	0.02424	0.01763	0.00881	0.00716	0.00220	0.00606	0.00716	0.00881	0.01212
32	0.00868	0.00620	0.00826	0.00991	0.01033	0.00578	0.00661	0.00991	0.01363	0.01818	0.03925	0.74510	0.04710	0.02231	0.00909	0.00289	0.00413	0.02024	0.00661	0.00578
33	0.00862	0.00643	0.00803	0.00931	0.01017	0.00583	0.00634	0.00998	0.01422	0.01842	0.04665	0.59271	0.19471	0.02135	0.00894	0.00278	0.00401	0.01907	0.00661	0.00583
34	0.00959	0.00701	0.00901	0.00904	0.01047	0.00643	0.00658	0.01229	0.01821	0.02520	0.48438	0.22426	0.11748	0.01676	0.00857	0.00241	0.00357	0.01487	0.00743	0.00643
35	0.02707	0.01995	0.02137	0.01638	0.02208	0.02208	0.01353	0.68159	0.03348	0.04488	0.01710	0.01710	0.01211	0.00855	0.00712	0.00214	0.00784	0.00641	0.00712	0.01211
36	0.01762	0.01692	0.02890	0.04371	0.70533	0.01692	0.02185	0.02185	0.01621	0.02326	0.01339	0.01762	0.01128	0.00634	0.00705	0.00211	0.00846	0.00634	0.00352	0.01128
37	0.00852	0.00679	0.00765	0.00833	0.00991	0.00592	0.00590	0.01009	0.01516	0.01880	0.05857	0.34758	0.43215	0.01980	0.00869	0.00261	0.00382	0.01718	0.00661	0.00592
38	0.03195	0.01212	0.01652	0.01267	0.01818	0.01047	0.01047	0.03470	0.02038	0.71026	0.02809	0.02424	0.01763	0.00881	0.00716	0.00220	0.00606	0.00716	0.00881	0.01212
39	0.00893	0.00630	0.00819	0.00959	0.00995	0.00595	0.00627	0.00998	0.01314	0.01753	0.03674	0.64095	0.04393	0.13078	0.01314	0.00349	0.00454	0.01877	0.00627	0.00556
40	0.00908	0.00650	0.00866	0.00994	0.01064	0.00608	0.00691	0.01079	0.01490	0.02011	0.15104	0.58951	0.05013	0.02085	0.00902	0.00280	0.00414	0.05610	0.00681	0.00599
41	0.00868	0.00620	0.00826	0.00991	0.01033	0.00578	0.00661	0.00991	0.01363	0.01818	0.03925	0.74510	0.04710	0.02231	0.00909	0.00289	0.00413	0.02024	0.00661	0.00578
42	0.03105	0.01356	0.01742	0.01335	0.01890	0.01261	0.01103	0.15392	0.02279	0.58763	0.02607	0.02292	0.01661	0.00876	0.00715	0.00219	0.00639	0.00702	0.00850	0.01212
43	0.15095	0.01387	0.01526	0.01255	0.01689	0.01465	0.01012	0.20998	0.10129	0.17780	0.17379	0.02693	0.02608	0.00977	0.00698	0.00222	0.00581	0.00780	0.00721	0.01007
44	0.00888	0.00717	0.00789	0.00784	0.00993	0.00619	0.00583	0.01107	0.01713	0.02168	0.23915	0.10381	0.49379	0.01735	0.00845	0.00239	0.00357	0.01475	0.00694	0.00619
45	0.00844	0.00711	0.00732	0.00748	0.00969	0.00599	0.00553	0.01019	0.01597	0.01913	0.06885	0.13605	0.63704	0.01846	0.00848	0.00245	0.00366	0.01555	0.00661	0.00599
46	0.62656	0.01417	0.01231	0.01048	0.01515	0.01589	0.00864	0.08819	0.01528	0.11874	0.01292	0.01371	0.00940	0.00708	0.00502	0.00220	0.00581	0.00453	0.00523	0.00870
47	0.00864	0.00634	0.00811	0.00953	0.01023	0.00582	0.00644	0.00996	0.01400	0.01833	0.04395	0.64832	0.14085	0.02170	0.00899	0.00282	0.00406	0.01950	0.00661	0.00582
48	0.01762	0.01692	0.02890	0.04371	0.70533	0.01692	0.02185	0.02185	0.01621	0.02326	0.01339	0.01762	0.01128	0.00634	0.00705	0.00211	0.00846	0.00634	0.00352	0.01128
49	0.01762	0.01692	0.02890	0.04371	0.70533	0.01692	0.02185	0.02185	0.01621	0.02326	0.01339	0.01762	0.01128	0.00634	0.00705	0.00211	0.00846	0.00634	0.00352	0.01128
50	0.00868	0.00620	0.00826	0.00991	0.01033	0.00578	0.00661	0.00991	0.01363	0.01818	0.03925	0.74510	0.04710	0.02231	0.00909	0.00289	0.00413	0.02024	0.00661	0.00578
51	0.00959	0.00658	0.00799	0.00875	0.00894	0.00639	0.00537	0.01015	0.01186	0.01581	0.03014	0.36658	0.03560	0.41651	0.02380	0.00507	0.00563	0.01488	0.00537	0.00499
52	0.02412	0.01877	0.02118	0.01677	0.02117	0.02179	0.01385	0.50579	0.06433	0.03817	0.01609	0.01729	0.01204	0.00944	0.01058	0.00236	0.16237	0.00646	0.00628	0.01115

[dist]
# distance from previous block
# <min> <max>
5	68

# created by:
# /home/cegg/simao/soft/augustus-3.2.1/scripts/msa2prfl.pl ./align_prep/EOG090W0GWR.fa
