[name]
unknown

[dist]
# distance from previous block
# <min> <max>
0	0

[block]
# block no. 0 follows, 37 sequences, length 38
# corresponding to MSA columns:
# 0-37
name=unknown_A
#
# <colnr> <probs for GDERKNQSTAVLIFYWHMCP>
#	G	D	E	R	K	N	Q	S	T	A	V	L	I	F	Y	W	H	M	C	P
0	0.00986	0.00705	0.00986	0.01127	0.01268	0.00705	0.00986	0.01268	0.01409	0.01832	0.03241	0.06905	0.03523	0.01691	0.00845	0.00282	0.00564	0.70549	0.00564	0.00564
1	0.01269	0.01088	0.01269	0.00907	0.01451	0.00816	0.00725	0.01541	0.01269	0.01995	0.01088	0.01269	0.00907	0.00453	0.00453	0.00091	0.00453	0.00363	0.00363	0.82229
2	0.00890	0.00593	0.00668	0.00668	0.00668	0.00593	0.00371	0.00890	0.00890	0.01187	0.01929	0.04006	0.02225	0.78487	0.03116	0.00593	0.00593	0.00890	0.00371	0.00371
3	0.00986	0.00705	0.00986	0.01127	0.01268	0.00705	0.00986	0.01268	0.01409	0.01832	0.03241	0.06905	0.03523	0.01691	0.00845	0.00282	0.00564	0.70549	0.00564	0.00564
4	0.01199	0.01117	0.01737	0.02493	0.44805	0.01077	0.01310	0.01483	0.01405	0.01885	0.05335	0.03244	0.28522	0.00942	0.00653	0.00191	0.00558	0.00842	0.00414	0.00788
5	0.82811	0.01184	0.00900	0.00805	0.01184	0.01373	0.00663	0.01799	0.01042	0.02746	0.00852	0.00994	0.00663	0.00568	0.00379	0.00189	0.00474	0.00331	0.00379	0.00663
6	0.01484	0.01250	0.01840	0.30250	0.18761	0.04181	0.03347	0.03364	0.01393	0.09412	0.01420	0.01709	0.03440	0.00617	0.00588	0.00175	0.00699	0.00544	0.00365	0.15161
7	0.02428	0.03986	0.13039	0.01224	0.01769	0.01139	0.01145	0.10331	0.01786	0.53569	0.02056	0.01858	0.01325	0.00720	0.00603	0.00188	0.00602	0.00574	0.00648	0.01012
8	0.01269	0.01088	0.01269	0.00907	0.01451	0.00816	0.00725	0.01541	0.01269	0.01995	0.01088	0.01269	0.00907	0.00453	0.00453	0.00091	0.00453	0.00363	0.00363	0.82229
9	0.00764	0.00622	0.00676	0.00662	0.00852	0.00534	0.00497	0.00957	0.01491	0.01880	0.25438	0.05519	0.55042	0.01466	0.00723	0.00203	0.00304	0.01240	0.00598	0.00534
10	0.01156	0.01088	0.01836	0.77016	0.04216	0.01360	0.01700	0.01564	0.01224	0.01564	0.01088	0.01632	0.00816	0.00612	0.00612	0.00204	0.00816	0.00544	0.00272	0.00680
11	0.01156	0.01088	0.01836	0.77016	0.04216	0.01360	0.01700	0.01564	0.01224	0.01564	0.01088	0.01632	0.00816	0.00612	0.00612	0.00204	0.00816	0.00544	0.00272	0.00680
12	0.01574	0.01340	0.01413	0.01256	0.01611	0.01547	0.00981	0.07682	0.69051	0.02643	0.02426	0.02232	0.01816	0.00824	0.00622	0.00206	0.00497	0.00683	0.00622	0.00973
13	0.00827	0.00578	0.00735	0.00818	0.00911	0.00527	0.00572	0.00967	0.01289	0.04162	0.10604	0.54308	0.16397	0.01746	0.00761	0.00235	0.00351	0.03099	0.00585	0.00528
14	0.04394	0.04757	0.04129	0.05009	0.43887	0.07575	0.14774	0.01916	0.01401	0.01942	0.01123	0.01457	0.00918	0.00546	0.00601	0.00180	0.00799	0.00541	0.00306	0.03744
15	0.00876	0.00651	0.00958	0.00958	0.01059	0.00751	0.00733	0.01077	0.00976	0.01402	0.01663	0.02535	0.01587	0.10584	0.70146	0.00952	0.01555	0.00675	0.00331	0.00532
16	0.00746	0.00533	0.00710	0.00852	0.00888	0.00497	0.00568	0.00852	0.01172	0.01563	0.03374	0.78088	0.04049	0.01918	0.00781	0.00249	0.00355	0.01740	0.00568	0.00497
17	0.01600	0.02637	0.35193	0.01785	0.04869	0.23265	0.08624	0.04346	0.03805	0.01889	0.01250	0.01643	0.01004	0.00666	0.00605	0.00189	0.00929	0.04549	0.00322	0.00829
18	0.02537	0.01257	0.03887	0.01355	0.06836	0.01132	0.01058	0.15193	0.01911	0.55018	0.02117	0.01910	0.01369	0.00733	0.00613	0.00188	0.00575	0.00594	0.00684	0.01032
19	0.82811	0.01184	0.00900	0.00805	0.01184	0.01373	0.00663	0.01799	0.01042	0.02746	0.00852	0.00994	0.00663	0.00568	0.00379	0.00189	0.00474	0.00331	0.00379	0.00663
20	0.01380	0.01356	0.04042	0.32571	0.39678	0.01416	0.03483	0.03605	0.01361	0.01873	0.01134	0.01552	0.00903	0.00575	0.00607	0.00190	0.00767	0.00543	0.00299	0.02664
21	0.00743	0.00544	0.00699	0.00823	0.00880	0.00500	0.00555	0.00856	0.01201	0.01574	0.03736	0.68837	0.13066	0.01871	0.00774	0.00243	0.00349	0.01683	0.00568	0.00500
22	0.00997	0.00674	0.00841	0.00789	0.00951	0.00633	0.00586	0.01279	0.04077	0.06797	0.46140	0.04434	0.13446	0.10927	0.02841	0.00266	0.00390	0.02730	0.00615	0.00586
23	0.00781	0.00548	0.00700	0.00807	0.00834	0.00521	0.00520	0.00862	0.01103	0.01471	0.03021	0.59986	0.03603	0.20627	0.01352	0.00333	0.00413	0.01532	0.00520	0.00466
24	0.01463	0.01396	0.02376	0.08863	0.67076	0.01414	0.01820	0.01820	0.01374	0.01954	0.01225	0.04206	0.01067	0.00598	0.00613	0.00186	0.00720	0.00587	0.00310	0.00932
25	0.01562	0.55980	0.19936	0.01314	0.04103	0.04905	0.01361	0.01882	0.01278	0.01576	0.00922	0.01075	0.00789	0.00542	0.00449	0.00148	0.00732	0.00366	0.00264	0.00816
26	0.05826	0.01648	0.03981	0.07927	0.37866	0.09416	0.13493	0.06792	0.01518	0.03991	0.01178	0.01482	0.00932	0.00575	0.00609	0.00186	0.00806	0.00548	0.00339	0.00887
27	0.00767	0.00619	0.00683	0.00673	0.00855	0.00534	0.00502	0.00961	0.01490	0.01892	0.26645	0.07898	0.51388	0.01472	0.00725	0.00204	0.00305	0.01251	0.00600	0.00534
28	0.01446	0.01454	0.02687	0.13724	0.46162	0.01466	0.20244	0.01856	0.01383	0.01929	0.01165	0.01567	0.00937	0.00547	0.00637	0.00191	0.00819	0.00591	0.00300	0.00891
29	0.00745	0.00621	0.00650	0.00643	0.00840	0.00526	0.00482	0.00920	0.01446	0.01773	0.16382	0.05694	0.64165	0.01506	0.00723	0.00205	0.00307	0.01264	0.00584	0.00526
30	0.00901	0.00603	0.00706	0.00731	0.00755	0.00601	0.00459	0.00951	0.00982	0.01321	0.02175	0.08612	0.02469	0.62273	0.02620	0.00522	0.00566	0.09428	0.02917	0.00408
31	0.02191	0.01541	0.01757	0.01376	0.01840	0.01675	0.03748	0.46715	0.16746	0.13208	0.01793	0.01722	0.01266	0.00749	0.00619	0.00190	0.00629	0.00594	0.00623	0.01019
32	0.00798	0.00620	0.00725	0.00705	0.00874	0.00547	0.00526	0.01020	0.01562	0.02063	0.41195	0.07485	0.36864	0.01408	0.00725	0.00201	0.00301	0.01211	0.00623	0.00547
33	0.02241	0.02614	0.01680	0.01508	0.01815	0.63917	0.01144	0.02408	0.01682	0.07465	0.01091	0.01232	0.00872	0.00665	0.00625	0.00165	0.04814	0.00425	0.02907	0.00730
34	0.00876	0.00652	0.00962	0.00962	0.01064	0.00753	0.00738	0.01079	0.00977	0.01405	0.01660	0.02515	0.01578	0.09687	0.71031	0.00957	0.01567	0.00672	0.00331	0.00534
35	0.02240	0.02839	0.01742	0.01578	0.01878	0.72351	0.01190	0.02396	0.01695	0.01497	0.00939	0.01116	0.00789	0.00653	0.00624	0.00163	0.04887	0.00401	0.00313	0.00708
36	0.01335	0.01123	0.01202	0.01099	0.01393	0.01249	0.00847	0.05361	0.49802	0.02403	0.08483	0.08595	0.12419	0.01040	0.00656	0.00208	0.00443	0.00880	0.00615	0.00844
37	0.05835	0.01076	0.01356	0.01235	0.03760	0.02808	0.02410	0.09217	0.05877	0.09604	0.09664	0.05377	0.04297	0.04467	0.17227	0.00391	0.13491	0.00719	0.00469	0.00721

[dist]
# distance from previous block
# <min> <max>
0	4

[block]
# block no. 1 follows, 37 sequences, length 68
# corresponding to MSA columns:
# 42-109
name=unknown_B
#
# <colnr> <probs for GDERKNQSTAVLIFYWHMCP>
#	G	D	E	R	K	N	Q	S	T	A	V	L	I	F	Y	W	H	M	C	P
0	0.72156	0.04173	0.04394	0.00895	0.01300	0.05142	0.00775	0.01839	0.01095	0.02600	0.00868	0.01013	0.00679	0.00570	0.00397	0.00186	0.00531	0.00340	0.00366	0.00681
1	0.01583	0.22235	0.17058	0.01847	0.12180	0.11421	0.12116	0.03413	0.01422	0.03458	0.01300	0.01491	0.04044	0.00603	0.00556	0.00170	0.00806	0.00505	0.00316	0.03477
2	0.01522	0.01533	0.01781	0.01538	0.01614	0.13173	0.01258	0.01672	0.01135	0.04712	0.04568	0.01497	0.01080	0.00999	0.01660	0.00244	0.58462	0.00546	0.00317	0.00687
3	0.01485	0.01528	0.01858	0.01595	0.01651	0.09971	0.01315	0.04659	0.01108	0.01579	0.00848	0.01319	0.00812	0.01009	0.01789	0.00252	0.65722	0.00521	0.00288	0.00690
4	0.03784	0.03918	0.19501	0.02116	0.18661	0.03065	0.13883	0.09584	0.01569	0.07065	0.04732	0.03353	0.03022	0.00694	0.00625	0.00193	0.00761	0.02204	0.00393	0.00876
5	0.82811	0.01184	0.00900	0.00805	0.01184	0.01373	0.00663	0.01799	0.01042	0.02746	0.00852	0.00994	0.00663	0.00568	0.00379	0.00189	0.00474	0.00331	0.00379	0.00663
6	0.02349	0.01062	0.01356	0.01093	0.01515	0.00995	0.00884	0.02878	0.16129	0.54991	0.02625	0.04736	0.04823	0.00844	0.00627	0.00196	0.00499	0.00696	0.00716	0.00987
7	0.01265	0.01213	0.02096	0.53945	0.22778	0.01394	0.05281	0.01667	0.01280	0.01699	0.01112	0.01602	0.00862	0.00590	0.00616	0.00198	0.00803	0.00553	0.00282	0.00764
8	0.01592	0.48252	0.23337	0.03322	0.01960	0.05221	0.01406	0.01939	0.01304	0.05265	0.01009	0.01147	0.00820	0.00559	0.00470	0.00155	0.00742	0.00386	0.00288	0.00826
9	0.00885	0.00591	0.00669	0.00674	0.00676	0.00590	0.00378	0.00889	0.00900	0.01200	0.01981	0.06682	0.02291	0.75722	0.03031	0.00581	0.00585	0.00921	0.00378	0.00375
10	0.00990	0.00668	0.00847	0.00785	0.00959	0.00618	0.00594	0.01306	0.03763	0.06639	0.60437	0.04417	0.11196	0.01223	0.00706	0.00193	0.00310	0.01069	0.02670	0.00611
11	0.00906	0.00620	0.00711	0.00702	0.00702	0.00640	0.00406	0.00911	0.00892	0.01197	0.01888	0.03909	0.02174	0.75684	0.03076	0.00582	0.03373	0.00877	0.00367	0.00382
12	0.01063	0.00532	0.00797	0.00797	0.00797	0.00532	0.00532	0.00797	0.00797	0.01063	0.01063	0.01861	0.01063	0.02127	0.02392	0.82190	0.00532	0.00532	0.00266	0.00266
13	0.01377	0.01371	0.01427	0.03511	0.03615	0.16627	0.01035	0.01639	0.04789	0.01588	0.01318	0.01851	0.01190	0.05547	0.22144	0.00443	0.22417	0.00568	0.06897	0.00645
14	0.00755	0.00556	0.00709	0.00821	0.00892	0.00511	0.00567	0.00882	0.01236	0.01616	0.06141	0.61223	0.15684	0.01827	0.00772	0.00241	0.00353	0.04137	0.00572	0.00505
15	0.03034	0.01105	0.01267	0.00920	0.01443	0.00878	0.00737	0.05416	0.01353	0.02122	0.01137	0.01311	0.00933	0.00480	0.00460	0.00100	0.00460	0.00380	0.03329	0.73137
16	0.01445	0.01651	0.03612	0.02580	0.03199	0.01548	0.72446	0.01961	0.01445	0.01961	0.01238	0.01651	0.00929	0.00516	0.00722	0.00206	0.01032	0.00722	0.00310	0.00826
17	0.00765	0.00602	0.00690	0.00711	0.00863	0.00528	0.00517	0.00942	0.01430	0.01835	0.22736	0.21921	0.41170	0.01558	0.00736	0.00213	0.00315	0.01347	0.00595	0.00528
18	0.01402	0.01574	0.03405	0.02461	0.03041	0.01478	0.67038	0.01895	0.01434	0.01942	0.01394	0.04340	0.01142	0.00612	0.00730	0.00211	0.00990	0.03777	0.00329	0.00804
19	0.00878	0.00642	0.00914	0.00914	0.01000	0.00727	0.00679	0.01049	0.00963	0.01370	0.01703	0.02756	0.01683	0.20818	0.60044	0.00898	0.01410	0.00707	0.00337	0.00508
20	0.01491	0.01430	0.02441	0.08692	0.69923	0.01448	0.01867	0.01857	0.01382	0.01970	0.01147	0.01523	0.00959	0.00550	0.00606	0.00183	0.00733	0.00545	0.00301	0.00950
21	0.02288	0.02875	0.01738	0.01571	0.01893	0.73441	0.01182	0.04896	0.01775	0.01581	0.00964	0.01117	0.00797	0.00634	0.00554	0.00159	0.01089	0.00400	0.00326	0.00721
22	0.01264	0.01088	0.01295	0.04353	0.01576	0.00841	0.00769	0.01542	0.01267	0.01975	0.01088	0.01286	0.00903	0.00461	0.00461	0.00096	0.00470	0.00371	0.00359	0.78537
23	0.04143	0.25840	0.10728	0.01510	0.04912	0.22223	0.04617	0.07614	0.05575	0.03156	0.01102	0.01248	0.00890	0.00618	0.00572	0.00167	0.03491	0.00438	0.00340	0.00815
24	0.00866	0.00626	0.00818	0.00770	0.00914	0.00578	0.00578	0.01155	0.01733	0.02455	0.74346	0.04572	0.05776	0.01251	0.00722	0.00193	0.00289	0.01107	0.00674	0.00578
25	0.01445	0.01651	0.03612	0.02580	0.03199	0.01548	0.72446	0.01961	0.01445	0.01961	0.01238	0.01651	0.00929	0.00516	0.00722	0.00206	0.01032	0.00722	0.00310	0.00826
26	0.00843	0.00620	0.00739	0.00709	0.00872	0.00558	0.00532	0.01090	0.01595	0.02194	0.47901	0.04809	0.26672	0.01304	0.00701	0.00193	0.00295	0.01124	0.06691	0.00558
27	0.00970	0.00803	0.02937	0.00862	0.01069	0.02793	0.03307	0.01218	0.01550	0.04947	0.36977	0.11755	0.23548	0.01300	0.00707	0.00200	0.00378	0.01132	0.02953	0.00593
28	0.01539	0.01230	0.01321	0.01179	0.01512	0.01393	0.00919	0.04396	0.60559	0.06177	0.07198	0.02409	0.02079	0.00847	0.00620	0.00202	0.00468	0.00707	0.04312	0.00930
29	0.00851	0.00588	0.00689	0.00720	0.00749	0.00576	0.00443	0.00896	0.00999	0.01318	0.02560	0.18927	0.08047	0.53546	0.04554	0.00500	0.00555	0.02638	0.00428	0.00417
30	0.01456	0.01394	0.02378	0.15800	0.63088	0.01439	0.01849	0.01827	0.01366	0.01928	0.01141	0.01534	0.00944	0.00556	0.00607	0.00185	0.00742	0.00545	0.00298	0.00922
31	0.02287	0.02917	0.01735	0.01577	0.01892	0.76030	0.01183	0.02444	0.01735	0.01498	0.00946	0.01104	0.00788	0.00631	0.00552	0.00158	0.01104	0.00394	0.00315	0.00710
32	0.00922	0.00701	0.00980	0.06801	0.03465	0.00700	0.00897	0.01156	0.01332	0.01726	0.03404	0.24438	0.11798	0.01618	0.00790	0.00256	0.00504	0.37415	0.00536	0.00562
33	0.01589	0.01316	0.01398	0.01245	0.01599	0.01510	0.00972	0.05149	0.69028	0.05216	0.02461	0.02254	0.01833	0.00825	0.00622	0.00206	0.00491	0.00685	0.00627	0.00974
34	0.01269	0.01088	0.01269	0.00907	0.01451	0.00816	0.00725	0.01541	0.01269	0.01995	0.01088	0.01269	0.00907	0.00453	0.00453	0.00091	0.00453	0.00363	0.00363	0.82229
35	0.02085	0.01594	0.01701	0.01359	0.01806	0.01785	0.01105	0.51726	0.24174	0.03467	0.01777	0.01715	0.01290	0.00764	0.00616	0.00191	0.00617	0.00594	0.00616	0.01019
36	0.01269	0.01088	0.01269	0.00907	0.01451	0.00816	0.00725	0.01541	0.01269	0.01995	0.01088	0.01269	0.00907	0.00453	0.00453	0.00091	0.00453	0.00363	0.00363	0.82229
37	0.00890	0.00593	0.00668	0.00668	0.00668	0.00593	0.00371	0.00890	0.00890	0.01187	0.01929	0.04006	0.02225	0.78487	0.03116	0.00593	0.00593	0.00890	0.00371	0.00371
38	0.00761	0.00616	0.00670	0.00674	0.00850	0.00533	0.00499	0.00933	0.01420	0.01771	0.17324	0.10494	0.53947	0.04215	0.00813	0.00222	0.00325	0.02831	0.00579	0.00522
39	0.01272	0.01178	0.01968	0.44104	0.20190	0.01355	0.04806	0.01682	0.04968	0.01694	0.01170	0.01646	0.00930	0.00734	0.00801	0.06390	0.03517	0.00559	0.00298	0.00738
40	0.01103	0.00577	0.00601	0.00596	0.00734	0.00572	0.00443	0.01380	0.01321	0.02267	0.09955	0.02588	0.02052	0.03202	0.00544	0.00162	0.00295	0.00640	0.70404	0.00565
41	0.00880	0.00633	0.00866	0.00866	0.00935	0.00701	0.00618	0.01018	0.00949	0.01334	0.01747	0.03000	0.01789	0.32081	0.48925	0.00839	0.01250	0.00743	0.00344	0.00481
42	0.00861	0.00611	0.00811	0.00833	0.00886	0.00653	0.00572	0.00972	0.00974	0.01346	0.02024	0.14619	0.02202	0.34742	0.34405	0.00710	0.01011	0.00918	0.00382	0.00466
43	0.04308	0.26819	0.48554	0.01489	0.02243	0.03237	0.01802	0.01911	0.01277	0.01802	0.01009	0.01181	0.00775	0.00564	0.00514	0.00173	0.00815	0.00408	0.00265	0.00855
44	0.04258	0.36113	0.02326	0.01262	0.01692	0.24867	0.01079	0.08830	0.10770	0.01865	0.01148	0.01232	0.00945	0.00617	0.00491	0.00156	0.00768	0.00416	0.00361	0.00806
45	0.80456	0.01199	0.00927	0.00823	0.01205	0.01389	0.00678	0.03873	0.01095	0.02779	0.00870	0.01008	0.00674	0.00573	0.00386	0.00189	0.00479	0.00338	0.00386	0.00674
46	0.01494	0.10609	0.09175	0.20671	0.26186	0.07322	0.03684	0.04515	0.03465	0.01843	0.01117	0.01445	0.00898	0.00609	0.00648	0.00186	0.04480	0.00508	0.00307	0.00835
47	0.01469	0.14708	0.10824	0.11544	0.10738	0.05023	0.21798	0.02050	0.10414	0.01868	0.01263	0.01528	0.00986	0.00598	0.00635	0.00189	0.02641	0.00560	0.00329	0.00835
48	0.00933	0.00698	0.00895	0.00988	0.01141	0.00682	0.00823	0.01232	0.04642	0.01788	0.03837	0.11257	0.19218	0.03848	0.00869	0.00268	0.00490	0.45266	0.00562	0.00561
49	0.00749	0.00542	0.00708	0.00834	0.00885	0.00501	0.00562	0.00865	0.01208	0.01602	0.06214	0.70620	0.08711	0.01869	0.00775	0.00244	0.00350	0.01687	0.00572	0.00501
50	0.00758	0.00618	0.00671	0.00664	0.00850	0.00531	0.00496	0.00944	0.01468	0.01842	0.22367	0.08170	0.55505	0.01492	0.00725	0.00205	0.00307	0.01264	0.00594	0.00531
51	0.01637	0.78856	0.03208	0.01047	0.01571	0.02422	0.01047	0.01833	0.01244	0.01440	0.00851	0.00982	0.00786	0.00524	0.00393	0.00131	0.00655	0.00327	0.00262	0.00786
52	0.00861	0.00632	0.00727	0.00703	0.00886	0.00554	0.00527	0.01072	0.01524	0.04539	0.31921	0.08419	0.40415	0.01402	0.00714	0.00201	0.00311	0.01198	0.02838	0.00559
53	0.01578	0.71356	0.02998	0.01038	0.01511	0.02283	0.01010	0.01759	0.01211	0.01424	0.00922	0.01195	0.00883	0.05776	0.00622	0.00166	0.02870	0.00371	0.00269	0.00754
54	0.20947	0.01745	0.01576	0.01285	0.01711	0.13193	0.01045	0.43055	0.02228	0.03170	0.01303	0.01478	0.00994	0.00711	0.00556	0.00184	0.00690	0.02730	0.00511	0.00887
55	0.01450	0.01401	0.02428	0.16277	0.59113	0.01443	0.05266	0.01829	0.01367	0.01923	0.01145	0.01542	0.00941	0.00555	0.00613	0.00187	0.00757	0.00554	0.00298	0.00913
56	0.03825	0.06239	0.04586	0.01638	0.09998	0.16438	0.01219	0.26190	0.17103	0.02630	0.01472	0.01523	0.01120	0.00685	0.00579	0.00179	0.00723	0.00523	0.00476	0.02853
57	0.01527	0.01511	0.02252	0.18674	0.49879	0.07972	0.01748	0.03886	0.01420	0.01907	0.01121	0.01498	0.00920	0.00584	0.00635	0.00186	0.02560	0.00532	0.00306	0.00882
58	0.01423	0.29876	0.43251	0.01505	0.02220	0.04812	0.03264	0.01909	0.01287	0.01732	0.01000	0.01184	0.00784	0.00575	0.00556	0.00172	0.02927	0.00414	0.00263	0.00846
59	0.01333	0.22628	0.56775	0.01565	0.02372	0.01679	0.01949	0.01911	0.01280	0.01810	0.01035	0.01213	0.00778	0.00567	0.00533	0.00178	0.00840	0.00420	0.00259	0.00874
60	0.00736	0.00618	0.00640	0.00641	0.00836	0.00521	0.00478	0.00901	0.01416	0.01719	0.11899	0.08301	0.66124	0.01538	0.00725	0.00207	0.00310	0.01292	0.00577	0.00521
61	0.00879	0.00701	0.00977	0.00992	0.01097	0.00719	0.03384	0.01053	0.01243	0.01660	0.07887	0.35530	0.13067	0.04083	0.06151	0.00305	0.07323	0.11888	0.00516	0.00543
62	0.01599	0.26770	0.27974	0.01558	0.02190	0.07728	0.09342	0.10382	0.01509	0.01965	0.01060	0.01241	0.00829	0.00591	0.00577	0.00173	0.02894	0.00452	0.00312	0.00853
63	0.01339	0.01339	0.01875	0.01607	0.01607	0.01875	0.01339	0.01473	0.00937	0.01473	0.00804	0.01339	0.00804	0.01071	0.02009	0.00268	0.77367	0.00536	0.00268	0.00670
64	0.00749	0.00539	0.00711	0.00842	0.00887	0.00501	0.00565	0.00864	0.01199	0.01598	0.06015	0.73101	0.06397	0.01882	0.00777	0.00245	0.00351	0.01703	0.00572	0.00501
65	0.00907	0.00735	0.00917	0.03374	0.03226	0.00693	0.02582	0.04308	0.02994	0.01884	0.12920	0.20136	0.36580	0.01438	0.00718	0.00213	0.00391	0.03134	0.02266	0.00583
66	0.01682	0.04672	0.02191	0.15672	0.31179	0.20384	0.04774	0.05280	0.03049	0.01859	0.01116	0.01428	0.00907	0.00604	0.00626	0.00182	0.02731	0.00510	0.00320	0.00836
67	0.00940	0.00695	0.00856	0.00803	0.00972	0.00673	0.00606	0.01372	0.09194	0.02417	0.60055	0.04298	0.08717	0.01199	0.00698	0.00193	0.00310	0.01049	0.04340	0.00615

[dist]
# distance from previous block
# <min> <max>
0	2

[block]
# block no. 2 follows, 37 sequences, length 8
# corresponding to MSA columns:
# 112-119
name=unknown_C
#
# <colnr> <probs for GDERKNQSTAVLIFYWHMCP>
#	G	D	E	R	K	N	Q	S	T	A	V	L	I	F	Y	W	H	M	C	P
0	0.00798	0.00607	0.00735	0.00737	0.00881	0.00543	0.00540	0.01011	0.01522	0.02035	0.39519	0.18322	0.27587	0.01469	0.00733	0.00207	0.00308	0.01281	0.00621	0.00543
1	0.59431	0.01008	0.00805	0.00738	0.01049	0.01143	0.00596	0.01693	0.01111	0.02613	0.01180	0.01363	0.00922	0.00610	0.00393	0.00176	0.00420	0.00400	0.23712	0.00636
2	0.01515	0.01454	0.02485	0.03757	0.74669	0.01454	0.01879	0.01879	0.01394	0.02000	0.01151	0.01515	0.00970	0.00545	0.00606	0.00182	0.00727	0.00545	0.00303	0.00970
3	0.02012	0.01558	0.01660	0.01345	0.01778	0.01751	0.01087	0.45436	0.30583	0.03349	0.01870	0.01789	0.01365	0.00772	0.00616	0.00193	0.00599	0.00606	0.00616	0.01013
4	0.05162	0.10548	0.15655	0.15308	0.17439	0.01441	0.06506	0.03893	0.03308	0.01884	0.01366	0.08706	0.01210	0.00883	0.03933	0.00227	0.00774	0.00627	0.00333	0.00799
5	0.01492	0.16561	0.34410	0.02031	0.17447	0.01626	0.05406	0.04373	0.01378	0.05564	0.01140	0.01347	0.00873	0.00590	0.00608	0.00182	0.03292	0.00477	0.00308	0.00896
6	0.01238	0.01244	0.08978	0.01439	0.05406	0.01064	0.13317	0.01875	0.15100	0.05500	0.31556	0.05526	0.03211	0.00943	0.00681	0.00199	0.00551	0.00868	0.00541	0.00765
7	0.00810	0.00626	0.00938	0.00973	0.01063	0.00584	0.05935	0.00965	0.01248	0.01682	0.10324	0.65017	0.03989	0.01746	0.00771	0.00240	0.00399	0.01601	0.00559	0.00530

[dist]
# distance from previous block
# <min> <max>
5	7

[block]
# block no. 3 follows, 37 sequences, length 44
# corresponding to MSA columns:
# 127-170
name=unknown_D
#
# <colnr> <probs for GDERKNQSTAVLIFYWHMCP>
#	G	D	E	R	K	N	Q	S	T	A	V	L	I	F	Y	W	H	M	C	P
0	0.01330	0.02751	0.58105	0.01806	0.05049	0.01425	0.07161	0.02098	0.08322	0.04313	0.01287	0.01447	0.00923	0.00605	0.00598	0.00196	0.00855	0.00503	0.00315	0.00912
1	0.01511	0.01573	0.09320	0.04385	0.48200	0.01423	0.03935	0.10539	0.01559	0.02182	0.01501	0.04362	0.03949	0.00682	0.00624	0.00190	0.00717	0.02069	0.00361	0.00920
2	0.01477	0.01464	0.04109	0.03276	0.58769	0.01434	0.05904	0.01990	0.08716	0.02041	0.01466	0.01747	0.03600	0.00608	0.00618	0.00187	0.00710	0.00594	0.00344	0.00944
3	0.01518	0.58053	0.07671	0.01123	0.01612	0.02021	0.03722	0.01757	0.01281	0.03666	0.04010	0.08667	0.01320	0.00697	0.00474	0.00153	0.00638	0.00526	0.00323	0.00766
4	0.02205	0.02795	0.01917	0.01674	0.02019	0.68815	0.08086	0.02397	0.01707	0.01543	0.00974	0.01157	0.00802	0.00620	0.00568	0.00162	0.01097	0.00426	0.00315	0.00721
5	0.01368	0.01154	0.01320	0.00975	0.01496	0.00961	0.00780	0.06715	0.08386	0.02181	0.01251	0.01382	0.01009	0.00510	0.00481	0.00109	0.00472	0.00408	0.00405	0.68638
6	0.05255	0.01006	0.01325	0.01034	0.01479	0.00879	0.00850	0.02739	0.01693	0.65535	0.02729	0.02416	0.08549	0.00828	0.00618	0.00191	0.00499	0.00671	0.00727	0.00978
7	0.02287	0.02917	0.01735	0.01577	0.01892	0.76030	0.01183	0.02444	0.01735	0.01498	0.00946	0.01104	0.00788	0.00631	0.00552	0.00158	0.01104	0.00394	0.00315	0.00710
8	0.00884	0.00594	0.00666	0.00666	0.00674	0.00591	0.00374	0.00890	0.00909	0.01204	0.02088	0.04076	0.04917	0.75619	0.03026	0.00579	0.00583	0.00905	0.00378	0.00376
9	0.82811	0.01184	0.00900	0.00805	0.01184	0.01373	0.00663	0.01799	0.01042	0.02746	0.00852	0.00994	0.00663	0.00568	0.00379	0.00189	0.00474	0.00331	0.00379	0.00663
10	0.00966	0.00794	0.01014	0.01032	0.04028	0.03558	0.00750	0.01241	0.03079	0.01894	0.29867	0.05095	0.08773	0.02495	0.29486	0.00498	0.03463	0.00885	0.00488	0.00592
11	0.63677	0.01308	0.01067	0.00955	0.01305	0.08537	0.02991	0.01789	0.01131	0.02473	0.01045	0.03446	0.00896	0.00858	0.04565	0.00234	0.00615	0.02075	0.00378	0.00659
12	0.01129	0.00574	0.00589	0.00589	0.00730	0.00579	0.00443	0.01412	0.01271	0.02245	0.01981	0.02287	0.01567	0.00882	0.03722	0.00179	0.00344	0.00574	0.78334	0.00569
13	0.03166	0.17233	0.24172	0.01796	0.13678	0.03405	0.04707	0.07759	0.01476	0.06455	0.01287	0.01650	0.01042	0.00641	0.00562	0.00177	0.00743	0.04417	0.00355	0.05279
14	0.01259	0.01183	0.01992	0.47346	0.27899	0.01342	0.01690	0.01645	0.01314	0.01768	0.05746	0.01778	0.01182	0.00630	0.00617	0.00196	0.00753	0.00580	0.00308	0.00772
15	0.03712	0.01531	0.01858	0.01615	0.05278	0.06636	0.02603	0.20226	0.01565	0.03951	0.01064	0.01379	0.00893	0.00872	0.01316	0.00222	0.40152	0.00524	0.00382	0.04221
16	0.01141	0.00571	0.00571	0.00571	0.00713	0.00571	0.00428	0.01426	0.01284	0.02282	0.01997	0.02282	0.01569	0.00713	0.00428	0.00143	0.00285	0.00571	0.81886	0.00571
17	0.00831	0.00646	0.00695	0.00700	0.00909	0.00554	0.00546	0.01004	0.01410	0.04375	0.05693	0.05877	0.62917	0.01539	0.00735	0.00215	0.00349	0.09887	0.00575	0.00542
18	0.01141	0.00571	0.00571	0.00571	0.00713	0.00571	0.00428	0.01426	0.01284	0.02282	0.01997	0.02282	0.01569	0.00713	0.00428	0.00143	0.00285	0.00571	0.81886	0.00571
19	0.01194	0.02665	0.58188	0.04554	0.02470	0.01360	0.03665	0.01802	0.01304	0.01919	0.06283	0.01711	0.03831	0.00694	0.00693	0.00200	0.05779	0.00543	0.00301	0.00842
20	0.00785	0.00631	0.00702	0.00697	0.00875	0.00556	0.00518	0.01011	0.03200	0.01893	0.25034	0.11627	0.47341	0.01481	0.00726	0.00206	0.00312	0.01264	0.00599	0.00543
21	0.01194	0.01002	0.01210	0.00947	0.01380	0.00818	0.00759	0.01448	0.01244	0.01896	0.01414	0.04375	0.01325	0.02527	0.05588	0.00189	0.02758	0.07240	0.00384	0.62305
22	0.78851	0.04973	0.01012	0.00817	0.01203	0.01424	0.00682	0.01801	0.01052	0.02683	0.00852	0.00994	0.00669	0.00566	0.00379	0.00187	0.00482	0.00331	0.00373	0.00669
23	0.01445	0.01651	0.03612	0.02580	0.03199	0.01548	0.72446	0.01961	0.01445	0.01961	0.01238	0.01651	0.00929	0.00516	0.00722	0.00206	0.01032	0.00722	0.00310	0.00826
24	0.00833	0.00612	0.00782	0.00778	0.00911	0.00561	0.00576	0.01075	0.01586	0.02187	0.51819	0.17382	0.13476	0.01415	0.00736	0.00207	0.00312	0.03555	0.00640	0.00556
25	0.01348	0.01115	0.01296	0.00938	0.01473	0.00876	0.00752	0.04002	0.03594	0.03837	0.01177	0.01327	0.00956	0.00482	0.00468	0.00100	0.00463	0.00385	0.00389	0.75022
26	0.01141	0.00571	0.00571	0.00571	0.00713	0.00571	0.00428	0.01426	0.01284	0.02282	0.01997	0.02282	0.01569	0.00713	0.00428	0.00143	0.00285	0.00571	0.81886	0.00571
27	0.01407	0.01177	0.01341	0.00993	0.01512	0.01001	0.00796	0.09338	0.08445	0.02249	0.01265	0.01389	0.01014	0.00520	0.00487	0.00112	0.00480	0.00415	0.00415	0.65642
28	0.56737	0.01258	0.01208	0.06731	0.01592	0.01424	0.02264	0.12913	0.01401	0.07981	0.01086	0.01208	0.00800	0.00610	0.00457	0.00190	0.00545	0.00410	0.00433	0.00753
29	0.00911	0.00711	0.00839	0.00824	0.00993	0.00692	0.00610	0.01353	0.12478	0.02117	0.34278	0.18665	0.20444	0.01383	0.00719	0.00209	0.00336	0.01208	0.00622	0.00608
30	0.00906	0.00646	0.00834	0.00834	0.03194	0.00601	0.00596	0.01189	0.01657	0.02376	0.60740	0.04323	0.09234	0.01192	0.00689	0.00188	0.00303	0.01046	0.08866	0.00586
31	0.01395	0.01073	0.01307	0.01044	0.04737	0.00836	0.00783	0.01660	0.01322	0.09055	0.01411	0.03668	0.02872	0.00556	0.00492	0.00112	0.00466	0.00458	0.00409	0.66344
32	0.00767	0.00549	0.00729	0.00838	0.00893	0.00511	0.00570	0.00906	0.01271	0.01720	0.15860	0.65154	0.04352	0.01801	0.00771	0.00239	0.00343	0.01629	0.00587	0.00511
33	0.01269	0.01088	0.01269	0.00907	0.01451	0.00816	0.00725	0.01541	0.01269	0.01995	0.01088	0.01269	0.00907	0.00453	0.00453	0.00091	0.00453	0.00363	0.00363	0.82229
34	0.01495	0.11761	0.07910	0.02386	0.34023	0.11823	0.03008	0.01803	0.01335	0.01734	0.01183	0.01599	0.01035	0.04029	0.12004	0.00309	0.00923	0.00522	0.00302	0.00816
35	0.01290	0.03854	0.04008	0.01459	0.03280	0.01576	0.02863	0.05139	0.01134	0.01634	0.01550	0.02140	0.08141	0.07849	0.03215	0.00290	0.47667	0.01915	0.00332	0.00666
36	0.00981	0.00672	0.00944	0.01061	0.01180	0.00669	0.00896	0.01186	0.01332	0.01744	0.05347	0.09500	0.03314	0.01741	0.01032	0.10552	0.00541	0.56253	0.00530	0.00524
37	0.01156	0.01088	0.01836	0.77016	0.04216	0.01360	0.01700	0.01564	0.01224	0.01564	0.01088	0.01632	0.00816	0.00612	0.00612	0.00204	0.00816	0.00544	0.00272	0.00680
38	0.79946	0.01179	0.00918	0.00815	0.01197	0.01356	0.00671	0.01842	0.01067	0.05335	0.00908	0.01033	0.00693	0.00575	0.00387	0.00189	0.00475	0.00342	0.00392	0.00676
39	0.01438	0.01374	0.02304	0.03453	0.67516	0.01364	0.01742	0.01782	0.01394	0.01966	0.01641	0.01939	0.08085	0.00643	0.00617	0.00184	0.00687	0.00618	0.00329	0.00926
40	0.00953	0.00725	0.00989	0.01028	0.03645	0.00809	0.00719	0.01186	0.05453	0.01465	0.01942	0.10074	0.03322	0.21012	0.36888	0.03439	0.04619	0.00817	0.00378	0.00537
41	0.01117	0.01007	0.01556	0.10787	0.31602	0.01007	0.01213	0.01372	0.01319	0.01750	0.02917	0.11033	0.23426	0.01196	0.03485	0.02591	0.00600	0.00901	0.00407	0.00714
42	0.01173	0.01095	0.01100	0.03650	0.01264	0.13169	0.00773	0.01319	0.01149	0.01463	0.01731	0.11708	0.01820	0.22381	0.19068	0.00483	0.05348	0.02492	0.00370	0.08446
43	0.04976	0.08972	0.06716	0.01600	0.09043	0.07640	0.10210	0.02240	0.01472	0.28204	0.01601	0.01748	0.01175	0.03844	0.04397	0.00237	0.02546	0.00560	0.00469	0.02348

[dist]
# distance from previous block
# <min> <max>
0	11

# created by:
# /home/cegg/simao/soft/augustus-3.2.1/scripts/msa2prfl.pl ./align_prep/EOG090W0FQ4.fa
