[name]
unknown

[dist]
# distance from previous block
# <min> <max>
0	422

[block]
# block no. 0 follows, 29 sequences, length 48
# corresponding to MSA columns:
# 434-439,455-496
name=unknown_A
#
# <colnr> <probs for GDERKNQSTAVLIFYWHMCP>
#	G	D	E	R	K	N	Q	S	T	A	V	L	I	F	Y	W	H	M	C	P
0	0.01870	0.62877	0.03347	0.01267	0.01813	0.06966	0.01221	0.02107	0.01503	0.01728	0.01295	0.01890	0.01255	0.00763	0.00525	0.00173	0.00783	0.07391	0.00346	0.00881
1	0.50670	0.01372	0.01523	0.01234	0.01720	0.01456	0.08032	0.02407	0.01486	0.18960	0.04059	0.01691	0.01259	0.00736	0.00563	0.00223	0.00625	0.00546	0.00548	0.00891
2	0.00979	0.08635	0.01138	0.01016	0.01118	0.00818	0.00721	0.01114	0.01372	0.01802	0.03610	0.66647	0.04303	0.02057	0.00860	0.00275	0.00450	0.01848	0.00623	0.00614
3	0.01099	0.00849	0.01176	0.01381	0.08591	0.00827	0.00912	0.01463	0.05435	0.02360	0.28206	0.29093	0.04860	0.01670	0.00860	0.00259	0.00468	0.09104	0.00677	0.00712
4	0.01022	0.00853	0.01220	0.01061	0.01313	0.00768	0.07837	0.01332	0.01843	0.02470	0.40930	0.05488	0.28180	0.01485	0.00840	0.00231	0.00437	0.01315	0.00696	0.00678
5	0.01979	0.01210	0.01608	0.01327	0.01715	0.01219	0.08096	0.12105	0.08693	0.16931	0.02444	0.02943	0.01911	0.00950	0.00684	0.00216	0.00604	0.07401	0.27029	0.00935
6	0.02995	0.01153	0.01547	0.01202	0.01712	0.01006	0.00988	0.03276	0.01980	0.63699	0.02757	0.02448	0.01769	0.00876	0.00693	0.00214	0.00577	0.00710	0.09246	0.01153
7	0.01669	0.01539	0.02613	0.10122	0.57243	0.01567	0.01999	0.02018	0.01529	0.02165	0.01322	0.01818	0.01124	0.00838	0.00928	0.08688	0.00831	0.00633	0.00345	0.01010
8	0.71574	0.01365	0.01163	0.08688	0.01755	0.01596	0.00900	0.02064	0.01235	0.03047	0.01021	0.01236	0.00790	0.00666	0.00470	0.00222	0.00594	0.00412	0.00427	0.00773
9	0.00874	0.00649	0.00816	0.00931	0.01022	0.00591	0.00639	0.01027	0.01469	0.01926	0.10142	0.55526	0.17623	0.02082	0.00890	0.00274	0.00396	0.01861	0.00671	0.00591
10	0.32873	0.01760	0.01565	0.01312	0.01759	0.08737	0.01061	0.25073	0.07191	0.03411	0.01477	0.01578	0.01114	0.00783	0.00626	0.00215	0.02493	0.00536	0.05486	0.00949
11	0.00954	0.00708	0.00978	0.01049	0.01156	0.00739	0.00778	0.01152	0.01300	0.01764	0.03292	0.29790	0.09748	0.05203	0.33075	0.00681	0.01103	0.05393	0.00530	0.00608
12	0.01633	0.17329	0.46105	0.01913	0.02766	0.07151	0.06334	0.02255	0.01525	0.02085	0.01206	0.01446	0.00918	0.00686	0.00708	0.00213	0.03909	0.00517	0.00311	0.00992
13	0.01814	0.01535	0.02145	0.18609	0.15969	0.01690	0.04809	0.14503	0.18507	0.04679	0.02128	0.04520	0.04159	0.00875	0.00731	0.00230	0.00767	0.00767	0.00538	0.01022
14	0.01084	0.00749	0.00953	0.00889	0.01084	0.00679	0.00671	0.01396	0.01964	0.05785	0.58758	0.05394	0.14957	0.01476	0.00835	0.00226	0.00351	0.01291	0.00772	0.00687
15	0.00948	0.00695	0.00824	0.00858	0.00967	0.00645	0.00589	0.01100	0.01472	0.01931	0.16827	0.21279	0.21112	0.22735	0.01657	0.00381	0.00475	0.04324	0.00619	0.00563
16	0.01531	0.01056	0.01567	0.01343	0.01661	0.01001	0.10403	0.04265	0.06612	0.13826	0.13405	0.22742	0.12324	0.01452	0.00830	0.00250	0.00573	0.03660	0.00679	0.00821
17	0.02673	0.03001	0.02051	0.01779	0.02203	0.52472	0.01370	0.21197	0.02392	0.02514	0.01272	0.01404	0.01000	0.00768	0.00662	0.00192	0.01143	0.00510	0.00464	0.00934
18	0.00869	0.00656	0.00804	0.00906	0.01014	0.00591	0.00626	0.01023	0.01482	0.01916	0.09147	0.50195	0.24084	0.02055	0.00885	0.00271	0.00393	0.01824	0.00669	0.00591
19	0.00904	0.00658	0.00836	0.00942	0.01025	0.00610	0.00649	0.01058	0.01456	0.01927	0.11640	0.49994	0.13288	0.07590	0.01101	0.00307	0.00428	0.04346	0.00657	0.00584
20	0.01670	0.01543	0.02620	0.10254	0.57429	0.01571	0.02005	0.02023	0.01532	0.02168	0.01322	0.01816	0.01123	0.00831	0.00919	0.08351	0.00832	0.00633	0.00345	0.01013
21	0.01558	0.00857	0.01087	0.00955	0.01243	0.00756	0.00742	0.01842	0.01931	0.20998	0.37429	0.04895	0.20111	0.01382	0.00807	0.00227	0.00414	0.01184	0.00782	0.00801
22	0.01029	0.00747	0.01084	0.01084	0.01188	0.00851	0.00815	0.01225	0.01120	0.01598	0.01928	0.03034	0.01872	0.15011	0.59767	0.04187	0.01685	0.00795	0.00386	0.00594
23	0.01997	0.01423	0.01455	0.01294	0.04003	0.06108	0.00980	0.27568	0.02275	0.05952	0.02305	0.05547	0.05086	0.00939	0.00642	0.00199	0.00605	0.00745	0.29957	0.00918
24	0.01966	0.69433	0.03589	0.01269	0.01859	0.08563	0.01231	0.02191	0.01494	0.01681	0.00999	0.01154	0.00914	0.00620	0.00472	0.00155	0.00805	0.00387	0.00310	0.00906
25	0.01770	0.01583	0.07795	0.01255	0.01896	0.01227	0.01099	0.10135	0.06301	0.07788	0.01546	0.01658	0.01188	0.00636	0.00590	0.00147	0.00613	0.00506	0.00501	0.51766
26	0.57491	0.01359	0.01169	0.01021	0.01447	0.01538	0.00831	0.07708	0.05437	0.06244	0.04091	0.01607	0.01237	0.00747	0.00512	0.00218	0.00551	0.00500	0.05454	0.00837
27	0.02462	0.03122	0.04707	0.01874	0.02291	0.57919	0.05477	0.02884	0.08903	0.01922	0.01313	0.01473	0.01056	0.00747	0.00664	0.00194	0.01196	0.00520	0.00401	0.00873
28	0.00868	0.00620	0.00826	0.00991	0.01033	0.00578	0.00661	0.00991	0.01363	0.01818	0.03925	0.74510	0.04710	0.02231	0.00909	0.00289	0.00413	0.02024	0.00661	0.00578
29	0.00989	0.00722	0.00930	0.00889	0.01055	0.00662	0.00662	0.01303	0.01955	0.02737	0.62392	0.09086	0.10910	0.01520	0.00844	0.00229	0.00342	0.01341	0.00769	0.00662
30	0.00893	0.00660	0.00804	0.00906	0.00995	0.00607	0.00616	0.01020	0.01391	0.01794	0.04498	0.46363	0.20467	0.11977	0.01263	0.00333	0.00445	0.03771	0.00630	0.00566
31	0.00982	0.00727	0.00916	0.00868	0.01048	0.00661	0.00651	0.01293	0.01954	0.02709	0.60247	0.05561	0.16721	0.01510	0.00840	0.00227	0.00340	0.01322	0.00765	0.00661
32	0.00877	0.00668	0.00807	0.00888	0.01013	0.00598	0.00622	0.01046	0.01534	0.01985	0.13443	0.42898	0.27077	0.01988	0.00877	0.00264	0.00386	0.01755	0.00677	0.00598
33	0.41041	0.02393	0.01536	0.01389	0.01792	0.37123	0.01076	0.02471	0.01618	0.02463	0.01046	0.01221	0.00845	0.00698	0.00542	0.00202	0.00920	0.00422	0.00403	0.00799
34	0.04357	0.01311	0.01459	0.01223	0.01616	0.01384	0.00964	0.16561	0.19141	0.18413	0.02515	0.02632	0.03357	0.07393	0.00930	0.00257	0.00586	0.00750	0.14150	0.01001
35	0.02229	0.08305	0.09699	0.01706	0.02276	0.05765	0.05631	0.31841	0.14840	0.04966	0.01769	0.01816	0.01309	0.00829	0.00758	0.00219	0.03716	0.00641	0.00584	0.01100
36	0.10316	0.37377	0.10996	0.01326	0.01948	0.06568	0.01298	0.03863	0.03421	0.06560	0.01250	0.01372	0.01010	0.00655	0.00531	0.00173	0.00766	0.00448	0.00394	0.09727
37	0.01581	0.05254	0.04639	0.01890	0.10805	0.01440	0.08109	0.01906	0.04675	0.07175	0.01587	0.02098	0.01345	0.01998	0.15787	0.11917	0.13025	0.00676	0.03284	0.00809
38	0.01427	0.12168	0.55433	0.01819	0.02708	0.01681	0.02246	0.02105	0.01481	0.02137	0.01526	0.09284	0.01312	0.00835	0.00674	0.00223	0.00948	0.00669	0.00340	0.00985
39	0.01465	0.03430	0.61634	0.02169	0.03174	0.01675	0.12029	0.02259	0.01529	0.02259	0.01301	0.01563	0.00928	0.00666	0.00700	0.00228	0.01074	0.00571	0.00309	0.01039
40	0.01846	0.02360	0.19622	0.06249	0.18624	0.08746	0.19252	0.04266	0.03375	0.06616	0.01465	0.01762	0.01099	0.00679	0.00729	0.00222	0.01014	0.00654	0.00394	0.01026
41	0.01099	0.00836	0.01281	0.01205	0.01323	0.00924	0.05026	0.01260	0.01155	0.01624	0.01984	0.09115	0.02013	0.14804	0.40251	0.09278	0.04933	0.00896	0.00401	0.00592
42	0.00990	0.00698	0.00880	0.00914	0.00991	0.00713	0.00623	0.01122	0.01216	0.01666	0.03001	0.18915	0.09511	0.29177	0.21913	0.00663	0.00924	0.01195	0.04341	0.00548
43	0.01269	0.01071	0.01369	0.04728	0.11495	0.01082	0.01028	0.04177	0.13300	0.02433	0.17080	0.08058	0.24884	0.01367	0.00800	0.00238	0.00517	0.03655	0.00637	0.00813
44	0.02132	0.08202	0.22206	0.01910	0.08106	0.08778	0.01729	0.18350	0.09712	0.09498	0.01679	0.01745	0.01225	0.00769	0.00676	0.00213	0.00872	0.00595	0.00515	0.01087
45	0.01559	0.01724	0.07860	0.06150	0.24257	0.04666	0.15762	0.02071	0.05811	0.02167	0.01895	0.14436	0.01797	0.02877	0.00901	0.00250	0.03538	0.00922	0.00426	0.00931
46	0.00901	0.00645	0.00835	0.00968	0.01025	0.00606	0.00655	0.01031	0.01376	0.01823	0.05808	0.58464	0.08028	0.09659	0.01186	0.00328	0.00449	0.05001	0.00641	0.00571
47	0.01931	0.12908	0.21248	0.02243	0.15528	0.19652	0.03678	0.02355	0.01672	0.05406	0.01451	0.06100	0.01238	0.00779	0.00664	0.00206	0.00973	0.00622	0.00381	0.00965

[dist]
# distance from previous block
# <min> <max>
2	11

[block]
# block no. 1 follows, 29 sequences, length 102
# corresponding to MSA columns:
# 508-609
name=unknown_B
#
# <colnr> <probs for GDERKNQSTAVLIFYWHMCP>
#	G	D	E	R	K	N	Q	S	T	A	V	L	I	F	Y	W	H	M	C	P
0	0.02045	0.02287	0.17938	0.01645	0.02237	0.08287	0.01541	0.20302	0.25356	0.05433	0.04241	0.02091	0.01642	0.00861	0.00706	0.00224	0.00796	0.00678	0.00597	0.01092
1	0.02220	0.01313	0.01519	0.01259	0.01649	0.03746	0.00995	0.18768	0.04603	0.25371	0.17649	0.09465	0.03019	0.04019	0.00872	0.00244	0.00598	0.00950	0.00756	0.00986
2	0.02011	0.05940	0.27556	0.01806	0.02537	0.04400	0.08804	0.10575	0.01841	0.14789	0.01585	0.01713	0.01130	0.00740	0.00760	0.00213	0.04394	0.00593	0.00476	0.08137
3	0.01787	0.01481	0.01454	0.01342	0.03385	0.12470	0.01005	0.10195	0.12145	0.07071	0.16082	0.02916	0.02664	0.03908	0.10794	0.00356	0.00837	0.00807	0.08438	0.00864
4	0.07498	0.01702	0.01538	0.01362	0.01714	0.15393	0.01054	0.09964	0.16251	0.06703	0.02445	0.12425	0.05832	0.01089	0.00776	0.00223	0.04184	0.00858	0.03319	0.05672
5	0.09478	0.01400	0.01608	0.01282	0.01748	0.01427	0.01044	0.25974	0.02411	0.26180	0.14524	0.02747	0.05043	0.00991	0.00717	0.00219	0.00606	0.00793	0.00755	0.01051
6	0.06069	0.07377	0.07113	0.01483	0.02009	0.13450	0.01270	0.11398	0.18912	0.17069	0.01996	0.01931	0.01446	0.00812	0.00661	0.00209	0.00770	0.00617	0.00605	0.04804
7	0.01544	0.21216	0.54771	0.01831	0.02775	0.01938	0.02286	0.02225	0.01490	0.02113	0.01207	0.01415	0.00905	0.00660	0.00623	0.00208	0.00981	0.00491	0.00302	0.01018
8	0.01345	0.01266	0.02136	0.73264	0.04904	0.01582	0.01978	0.01819	0.01424	0.01819	0.01266	0.01898	0.00949	0.00712	0.00712	0.00237	0.00949	0.00633	0.00316	0.00791
9	0.01509	0.07710	0.56620	0.02227	0.10720	0.01733	0.02436	0.02299	0.04146	0.02256	0.01330	0.01556	0.00978	0.00679	0.00668	0.00220	0.00992	0.00541	0.00323	0.01056
10	0.04428	0.07545	0.02242	0.20990	0.13742	0.04064	0.06236	0.05219	0.01673	0.09669	0.05823	0.07237	0.03732	0.00908	0.00769	0.00226	0.03334	0.00783	0.00472	0.00906
11	0.01470	0.00963	0.01164	0.01088	0.01348	0.00946	0.00847	0.06558	0.09071	0.11349	0.19861	0.12975	0.14433	0.05011	0.00963	0.00271	0.00499	0.09674	0.00718	0.00793
12	0.01017	0.00763	0.01144	0.01144	0.01272	0.00890	0.00890	0.01272	0.01144	0.01653	0.01907	0.02797	0.01780	0.05340	0.72153	0.01144	0.01907	0.00763	0.00381	0.00636
13	0.00909	0.00766	0.03925	0.01049	0.01144	0.00640	0.00771	0.01080	0.01401	0.01881	0.05652	0.66209	0.04570	0.02129	0.00900	0.00286	0.00450	0.04983	0.00648	0.00605
14	0.05461	0.10169	0.33471	0.02020	0.05090	0.01746	0.13830	0.07087	0.01680	0.06549	0.01530	0.05467	0.01213	0.00761	0.00690	0.00222	0.00937	0.00664	0.00405	0.01007
15	0.80005	0.01377	0.01047	0.00936	0.01377	0.01597	0.00771	0.02093	0.01212	0.03195	0.00991	0.01157	0.00771	0.00661	0.00441	0.00220	0.00551	0.00386	0.00441	0.00771
16	0.80005	0.01377	0.01047	0.00936	0.01377	0.01597	0.00771	0.02093	0.01212	0.03195	0.00991	0.01157	0.00771	0.00661	0.00441	0.00220	0.00551	0.00386	0.00441	0.00771
17	0.01017	0.00731	0.00882	0.00859	0.01053	0.00650	0.00638	0.01269	0.01798	0.05048	0.37139	0.13969	0.29035	0.01650	0.00844	0.00237	0.00364	0.01430	0.00729	0.00656
18	0.01196	0.01100	0.02018	0.01684	0.01959	0.01063	0.23141	0.01456	0.01433	0.01926	0.02878	0.36699	0.06140	0.01747	0.03406	0.05936	0.03600	0.01408	0.00513	0.00697
19	0.01030	0.00688	0.00778	0.00783	0.00785	0.00687	0.00439	0.01034	0.01046	0.01394	0.02295	0.06807	0.02654	0.72739	0.03541	0.00678	0.00682	0.01066	0.00439	0.00436
20	0.00918	0.00725	0.00831	0.00830	0.01031	0.00637	0.00628	0.01158	0.01747	0.02252	0.28534	0.09648	0.41247	0.01714	0.00853	0.00242	0.00372	0.05301	0.00703	0.00628
21	0.02532	0.01908	0.02039	0.01603	0.02142	0.02127	0.01311	0.56151	0.15640	0.04206	0.01931	0.01886	0.01391	0.00876	0.00715	0.00219	0.00743	0.00672	0.00715	0.01195
22	0.24329	0.01527	0.01543	0.01314	0.01772	0.01710	0.01054	0.14002	0.31077	0.11233	0.02148	0.02045	0.01567	0.00851	0.00641	0.00228	0.00602	0.00648	0.00660	0.01050
23	0.01368	0.01312	0.02282	0.68292	0.04821	0.01598	0.06646	0.01852	0.01442	0.01852	0.01278	0.01900	0.00959	0.00704	0.00721	0.00238	0.00967	0.00647	0.00320	0.00803
24	0.00858	0.00722	0.00744	0.00738	0.00972	0.00608	0.00554	0.01053	0.01662	0.02015	0.13384	0.06702	0.64017	0.01769	0.00841	0.00239	0.00358	0.01482	0.00673	0.00608
25	0.00887	0.00628	0.00820	0.00966	0.01003	0.00592	0.00634	0.00997	0.01325	0.01766	0.03726	0.66260	0.04459	0.10823	0.01230	0.00337	0.00446	0.01907	0.00634	0.00561
26	0.00990	0.00727	0.00927	0.00877	0.01053	0.00664	0.00658	0.01310	0.01974	0.02757	0.63510	0.05481	0.13428	0.01492	0.00840	0.00226	0.00339	0.01310	0.00771	0.00664
27	0.00998	0.00720	0.00943	0.00903	0.01062	0.00665	0.00671	0.01319	0.01969	0.02782	0.65471	0.10215	0.06577	0.01511	0.00845	0.00229	0.00341	0.01340	0.00775	0.00665
28	0.01881	0.71955	0.06979	0.01257	0.01888	0.02762	0.01286	0.02138	0.01450	0.01703	0.01004	0.01160	0.00913	0.00612	0.00467	0.00156	0.00775	0.00388	0.00304	0.00920
29	0.00893	0.00639	0.00844	0.00999	0.01054	0.00600	0.00684	0.01028	0.01379	0.01828	0.03950	0.65443	0.06464	0.04691	0.01005	0.00304	0.00438	0.06522	0.00653	0.00580
30	0.00867	0.00623	0.00823	0.00982	0.01030	0.00579	0.00657	0.00993	0.01372	0.01821	0.04037	0.72193	0.06954	0.02216	0.00907	0.00288	0.00411	0.02006	0.00661	0.00579
31	0.01762	0.01692	0.02890	0.04371	0.70533	0.01692	0.02185	0.02185	0.01621	0.02326	0.01339	0.01762	0.01128	0.00634	0.00705	0.00211	0.00846	0.00634	0.00352	0.01128
32	0.10558	0.07759	0.02363	0.02134	0.11664	0.37735	0.09637	0.02495	0.01769	0.02084	0.01215	0.01472	0.00994	0.00691	0.00634	0.00195	0.01052	0.00527	0.04145	0.00877
33	0.01374	0.01296	0.02189	0.68389	0.09548	0.01590	0.01992	0.01845	0.01438	0.01855	0.01271	0.01889	0.00962	0.00706	0.00711	0.00235	0.00942	0.00633	0.00319	0.00815
34	0.00947	0.00718	0.00873	0.00850	0.01031	0.00644	0.00631	0.01221	0.01850	0.02499	0.46369	0.10721	0.25814	0.01616	0.00845	0.00234	0.00349	0.01405	0.00738	0.00644
35	0.01477	0.01266	0.01477	0.01055	0.01687	0.00949	0.00844	0.01793	0.01477	0.02320	0.01266	0.01477	0.01055	0.00527	0.00527	0.00105	0.00527	0.00422	0.00422	0.79328
36	0.01014	0.00740	0.00882	0.00894	0.01073	0.00671	0.00651	0.01289	0.04001	0.04707	0.23851	0.25617	0.28459	0.01765	0.00852	0.00249	0.00385	0.01539	0.00706	0.00655
37	0.01985	0.13539	0.29390	0.01837	0.04569	0.15190	0.01849	0.08536	0.03994	0.06437	0.01370	0.01533	0.01038	0.00747	0.00740	0.00210	0.05097	0.00532	0.00403	0.01003
38	0.01302	0.01151	0.01343	0.01404	0.04069	0.07856	0.00997	0.01455	0.01400	0.04118	0.02867	0.46414	0.03289	0.01766	0.01178	0.00279	0.16400	0.01472	0.00552	0.00688
39	0.00896	0.00723	0.00797	0.00779	0.00995	0.00624	0.00584	0.01128	0.01752	0.02230	0.27942	0.06348	0.49324	0.01689	0.00841	0.00235	0.00353	0.01432	0.00702	0.00624
40	0.01921	0.01604	0.01695	0.01479	0.01909	0.01841	0.01163	0.14111	0.58675	0.03221	0.02708	0.02505	0.02019	0.00948	0.00723	0.00237	0.00599	0.00779	0.00723	0.01141
41	0.80005	0.01377	0.01047	0.00936	0.01377	0.01597	0.00771	0.02093	0.01212	0.03195	0.00991	0.01157	0.00771	0.00661	0.00441	0.00220	0.00551	0.00386	0.00441	0.00771
42	0.00919	0.00723	0.00775	0.00790	0.00963	0.00644	0.00570	0.01068	0.01476	0.01805	0.05631	0.06407	0.46906	0.20377	0.01561	0.00363	0.00472	0.07385	0.00602	0.00563
43	0.00906	0.00686	0.00817	0.00874	0.01006	0.00620	0.00618	0.01079	0.01539	0.01993	0.15477	0.31281	0.27766	0.08358	0.01116	0.00298	0.00416	0.03901	0.00660	0.00591
44	0.00996	0.00727	0.00935	0.00883	0.01056	0.00667	0.00662	0.01320	0.01987	0.02788	0.65596	0.05430	0.11322	0.01481	0.00840	0.00225	0.00338	0.01303	0.00775	0.00667
45	0.01139	0.00770	0.00992	0.01022	0.01151	0.00795	0.00754	0.05789	0.01508	0.02156	0.08170	0.30106	0.03303	0.02595	0.17743	0.04261	0.00791	0.03612	0.12698	0.00646
46	0.01417	0.01339	0.02266	0.61390	0.16215	0.01601	0.02013	0.01882	0.01458	0.01907	0.01278	0.01875	0.00980	0.00699	0.00711	0.00233	0.00931	0.00633	0.00323	0.00849
47	0.03195	0.01212	0.01652	0.01267	0.01818	0.01047	0.01047	0.03470	0.02038	0.71026	0.02809	0.02424	0.01763	0.00881	0.00716	0.00220	0.00606	0.00716	0.00881	0.01212
48	0.01558	0.01558	0.02181	0.01869	0.01869	0.02181	0.01558	0.01714	0.01091	0.01714	0.00935	0.01558	0.00935	0.01246	0.02337	0.00312	0.73672	0.00623	0.00312	0.00779
49	0.02029	0.02166	0.07608	0.13053	0.05362	0.18098	0.06229	0.09944	0.20680	0.04959	0.01800	0.01930	0.01352	0.00795	0.00705	0.00221	0.00912	0.00650	0.00508	0.00999
50	0.00875	0.00723	0.00767	0.00756	0.00982	0.00615	0.00567	0.01086	0.01702	0.02110	0.19817	0.06546	0.57525	0.01734	0.00841	0.00237	0.00356	0.01460	0.00686	0.00615
51	0.00896	0.00680	0.00861	0.03077	0.01153	0.00630	0.00694	0.01066	0.01479	0.01916	0.08296	0.48588	0.20922	0.02025	0.00886	0.00274	0.00423	0.04877	0.00657	0.00599
52	0.01723	0.03318	0.46709	0.04905	0.07739	0.16749	0.02258	0.02407	0.03731	0.02156	0.01294	0.01526	0.00963	0.00696	0.00674	0.00216	0.01068	0.00532	0.00332	0.01001
53	0.02731	0.02050	0.02101	0.01631	0.02186	0.07131	0.01338	0.59830	0.03179	0.08065	0.01728	0.01720	0.01221	0.00848	0.00708	0.00212	0.00809	0.00632	0.00697	0.01183
54	0.01273	0.00778	0.00930	0.00898	0.01033	0.00871	0.00692	0.01559	0.01360	0.02296	0.02086	0.02636	0.01747	0.04184	0.16663	0.00414	0.08232	0.00693	0.50993	0.00662
55	0.01623	0.01828	0.03961	0.02858	0.03530	0.01713	0.63146	0.02189	0.01658	0.02248	0.01618	0.07101	0.01339	0.00717	0.00845	0.00244	0.01144	0.00925	0.00382	0.00933
56	0.01491	0.13141	0.62377	0.01923	0.02916	0.01807	0.02445	0.02239	0.01496	0.02179	0.01240	0.01456	0.00904	0.00668	0.00648	0.00216	0.01014	0.00507	0.00301	0.01034
57	0.03182	0.01233	0.01665	0.01277	0.01828	0.01077	0.01055	0.05184	0.02073	0.69263	0.02780	0.02405	0.01748	0.00881	0.00716	0.00220	0.00611	0.00714	0.00877	0.01212
58	0.01036	0.00690	0.00777	0.00777	0.00777	0.00690	0.00431	0.01036	0.01036	0.01381	0.02244	0.04660	0.02589	0.74975	0.03624	0.00690	0.00690	0.01036	0.00431	0.00431
59	0.02866	0.01216	0.01603	0.01251	0.01753	0.01098	0.01024	0.08816	0.02149	0.56311	0.11536	0.02741	0.02364	0.00954	0.00732	0.00220	0.00586	0.00784	0.00854	0.01141
60	0.00871	0.00630	0.00824	0.00970	0.01029	0.00583	0.00653	0.01006	0.01404	0.01862	0.06502	0.67433	0.09255	0.02174	0.00902	0.00284	0.00407	0.01963	0.00665	0.00583
61	0.01345	0.01266	0.02136	0.73264	0.04904	0.01582	0.01978	0.01819	0.01424	0.01819	0.01266	0.01898	0.00949	0.00712	0.00712	0.00237	0.00949	0.00633	0.00316	0.00791
62	0.00868	0.00620	0.00826	0.00991	0.01033	0.00578	0.00661	0.00991	0.01363	0.01818	0.03925	0.74510	0.04710	0.02231	0.00909	0.00289	0.00413	0.02024	0.00661	0.00578
63	0.01020	0.00754	0.01097	0.01097	0.01207	0.00864	0.00831	0.01241	0.01130	0.01618	0.01951	0.03039	0.01885	0.14377	0.63260	0.01085	0.01749	0.00798	0.00388	0.00609
64	0.01345	0.01266	0.02136	0.73264	0.04904	0.01582	0.01978	0.01819	0.01424	0.01819	0.01266	0.01898	0.00949	0.00712	0.00712	0.00237	0.00949	0.00633	0.00316	0.00791
65	0.01633	0.01810	0.03855	0.02960	0.08550	0.01706	0.57882	0.02189	0.01660	0.02258	0.01618	0.05552	0.01344	0.00720	0.00838	0.00243	0.01121	0.02734	0.00382	0.00946
66	0.05586	0.07064	0.02310	0.20219	0.19608	0.11759	0.01667	0.06754	0.09389	0.02294	0.01423	0.01742	0.01134	0.00757	0.00770	0.00220	0.05342	0.00598	0.00410	0.00953
67	0.02660	0.03394	0.02018	0.01834	0.02201	0.72116	0.01376	0.02843	0.02018	0.01743	0.01101	0.01284	0.00917	0.00734	0.00642	0.00183	0.01284	0.00459	0.00367	0.00825
68	0.01750	0.01684	0.02847	0.04219	0.66378	0.01721	0.02147	0.02157	0.01589	0.02289	0.01315	0.01750	0.01116	0.00671	0.00804	0.00218	0.05253	0.00634	0.00350	0.01107
69	0.01866	0.01662	0.01731	0.01658	0.06589	0.06752	0.01208	0.09098	0.49614	0.02970	0.06951	0.02588	0.02224	0.00949	0.00724	0.00232	0.00639	0.00786	0.00676	0.01083
70	0.76947	0.01349	0.01032	0.00926	0.01356	0.01561	0.00761	0.02076	0.01223	0.03174	0.01043	0.01215	0.00812	0.00668	0.00443	0.00218	0.00542	0.00396	0.03491	0.00767
71	0.01036	0.00690	0.00777	0.00777	0.00777	0.00690	0.00431	0.01036	0.01036	0.01381	0.02244	0.04660	0.02589	0.74975	0.03624	0.00690	0.00690	0.01036	0.00431	0.00431
72	0.00875	0.00723	0.00768	0.00757	0.00983	0.00616	0.00568	0.01087	0.01703	0.02113	0.20021	0.06541	0.57318	0.01733	0.00841	0.00237	0.00356	0.01459	0.00686	0.00616
73	0.01817	0.01795	0.02837	0.04217	0.66398	0.05953	0.02136	0.02225	0.01645	0.02291	0.01325	0.01733	0.01115	0.00640	0.00701	0.00210	0.00872	0.00624	0.00353	0.01110
74	0.03171	0.01249	0.01676	0.01285	0.01836	0.01102	0.01061	0.06562	0.02101	0.67847	0.02757	0.02390	0.01736	0.00880	0.00716	0.00220	0.00614	0.00712	0.00873	0.01212
75	0.01036	0.00690	0.00777	0.00777	0.00777	0.00690	0.00431	0.01036	0.01036	0.01381	0.02244	0.04660	0.02589	0.74975	0.03624	0.00690	0.00690	0.01036	0.00431	0.00431
76	0.02404	0.01844	0.01966	0.01577	0.02093	0.02067	0.01280	0.47314	0.24687	0.03999	0.02094	0.02016	0.01523	0.00891	0.00716	0.00223	0.00712	0.00694	0.00716	0.01184
77	0.03986	0.11182	0.02142	0.05409	0.04016	0.33224	0.01334	0.10176	0.09163	0.02280	0.01415	0.01591	0.01136	0.00788	0.00733	0.00201	0.05373	0.00540	0.04402	0.00907
78	0.02564	0.02037	0.02204	0.01705	0.02250	0.07652	0.06067	0.55097	0.03035	0.04025	0.01671	0.01736	0.01208	0.00826	0.00706	0.00211	0.00831	0.00642	0.04398	0.01136
79	0.02368	0.01216	0.01542	0.01177	0.01710	0.01037	0.00956	0.06359	0.01933	0.37586	0.10238	0.02428	0.02096	0.00837	0.00671	0.00184	0.00559	0.00687	0.00716	0.25700
80	0.01292	0.02033	0.26265	0.01772	0.02350	0.01291	0.15060	0.01899	0.06345	0.02158	0.02715	0.22904	0.08379	0.01225	0.00794	0.00249	0.00803	0.01124	0.00478	0.00863
81	0.02957	0.01331	0.01699	0.01324	0.01848	0.01249	0.01084	0.16153	0.02257	0.53639	0.02659	0.06644	0.01832	0.00958	0.00727	0.00223	0.00629	0.00780	0.00834	0.01173
82	0.01036	0.00690	0.00777	0.00777	0.00777	0.00690	0.00431	0.01036	0.01036	0.01381	0.02244	0.04660	0.02589	0.74975	0.03624	0.00690	0.00690	0.01036	0.00431	0.00431
83	0.01771	0.01530	0.01610	0.01449	0.01852	0.01771	0.01127	0.03784	0.69247	0.02979	0.02898	0.02657	0.02174	0.00966	0.00725	0.00242	0.00564	0.00805	0.00725	0.01127
84	0.06814	0.00870	0.01021	0.00961	0.01166	0.00864	0.00726	0.05419	0.01725	0.04829	0.27946	0.04827	0.14244	0.13588	0.06917	0.00381	0.00597	0.05786	0.00642	0.00677
85	0.76286	0.01474	0.01093	0.00980	0.01417	0.04988	0.00800	0.02129	0.01251	0.03125	0.00997	0.01163	0.00778	0.00664	0.00450	0.00219	0.00586	0.00389	0.00437	0.00774
86	0.01034	0.00732	0.00969	0.00979	0.01048	0.00790	0.00687	0.01171	0.01122	0.01552	0.02181	0.04003	0.02306	0.38365	0.35145	0.00878	0.01251	0.04825	0.00422	0.00539
87	0.23116	0.01531	0.01537	0.01322	0.01728	0.08364	0.01083	0.11482	0.01864	0.21512	0.02045	0.04521	0.01679	0.01009	0.00779	0.00238	0.05323	0.09311	0.00618	0.00937
88	0.01676	0.01800	0.03144	0.06102	0.11889	0.04979	0.30512	0.02077	0.01474	0.02047	0.01231	0.01747	0.01023	0.00837	0.01319	0.00258	0.25926	0.00712	0.00341	0.00906
89	0.00978	0.00720	0.00915	0.00879	0.01049	0.00657	0.00654	0.01281	0.01926	0.02673	0.58094	0.09702	0.14727	0.01547	0.00844	0.00230	0.00344	0.01360	0.00761	0.00657
90	0.01417	0.03532	0.67059	0.02022	0.03031	0.01622	0.04390	0.02214	0.01504	0.02241	0.01371	0.03952	0.01034	0.00726	0.00689	0.00228	0.01035	0.00585	0.00314	0.01034
91	0.01518	0.01506	0.02721	0.40532	0.20352	0.01672	0.14850	0.01993	0.01510	0.02027	0.01306	0.01858	0.01017	0.00690	0.00792	0.00234	0.03510	0.00673	0.00333	0.00905
92	0.01039	0.00809	0.00953	0.00903	0.01116	0.00765	0.00681	0.01504	0.08883	0.02598	0.44903	0.05488	0.24687	0.01506	0.00828	0.00231	0.00367	0.01300	0.00742	0.00699
93	0.01127	0.00805	0.01125	0.01289	0.01444	0.00802	0.01113	0.01441	0.01620	0.02109	0.03781	0.12776	0.04142	0.01986	0.00978	0.00325	0.00638	0.61194	0.00656	0.00650
94	0.01549	0.01474	0.02504	0.39595	0.36978	0.01636	0.02079	0.01998	0.01520	0.02067	0.01302	0.01832	0.01037	0.00674	0.00709	0.00225	0.00899	0.00634	0.00334	0.00956
95	0.02487	0.01999	0.01840	0.01718	0.07096	0.22826	0.01251	0.05216	0.18942	0.23674	0.04165	0.02151	0.01692	0.00856	0.00699	0.00214	0.00816	0.00669	0.00638	0.01051
96	0.00898	0.00655	0.00855	0.00981	0.01060	0.00599	0.00665	0.01039	0.01400	0.01878	0.06106	0.66407	0.07177	0.02114	0.00887	0.00277	0.00414	0.01910	0.00655	0.04024
97	0.01026	0.00694	0.00786	0.00786	0.00800	0.00693	0.00451	0.01042	0.01065	0.01413	0.02450	0.04697	0.05521	0.69587	0.05657	0.00685	0.00714	0.01047	0.00440	0.00445
98	0.01168	0.00800	0.01005	0.00941	0.01141	0.00761	0.00709	0.01605	0.06746	0.06030	0.53701	0.08257	0.08157	0.01416	0.00814	0.00226	0.00370	0.01242	0.04190	0.00723
99	0.01715	0.01594	0.02582	0.21291	0.46004	0.01700	0.02022	0.06178	0.05574	0.02368	0.01433	0.01845	0.01148	0.00686	0.00708	0.00220	0.00852	0.00644	0.00387	0.01049
100	0.01881	0.02734	0.22506	0.05129	0.13936	0.21967	0.05308	0.02433	0.05733	0.02092	0.01307	0.01596	0.01035	0.00760	0.00857	0.00222	0.08612	0.00572	0.00359	0.00961
101	0.00865	0.00631	0.00814	0.00960	0.01025	0.00581	0.00647	0.00995	0.01393	0.01830	0.04303	0.66725	0.12251	0.02182	0.00901	0.00284	0.00407	0.01964	0.00661	0.00581

[dist]
# distance from previous block
# <min> <max>
4	17

[block]
# block no. 2 follows, 29 sequences, length 114
# corresponding to MSA columns:
# 627-670,674-743
name=unknown_C
#
# <colnr> <probs for GDERKNQSTAVLIFYWHMCP>
#	G	D	E	R	K	N	Q	S	T	A	V	L	I	F	Y	W	H	M	C	P
0	0.01679	0.02488	0.28848	0.03173	0.33390	0.01719	0.10042	0.05889	0.01680	0.02414	0.01349	0.01680	0.01042	0.00659	0.00711	0.00220	0.00962	0.00618	0.00354	0.01084
1	0.01807	0.01213	0.01468	0.01083	0.01666	0.00947	0.00871	0.02112	0.01627	0.17162	0.04921	0.02014	0.03497	0.00684	0.00592	0.00140	0.00531	0.00557	0.00545	0.56564
2	0.03817	0.08046	0.23258	0.01840	0.02490	0.01529	0.18224	0.05052	0.01708	0.05646	0.10607	0.06850	0.05950	0.00927	0.00741	0.00227	0.00849	0.00847	0.00470	0.00922
3	0.01217	0.00909	0.01105	0.01015	0.01235	0.00904	0.00771	0.07428	0.08465	0.02922	0.51950	0.08997	0.07467	0.01413	0.00822	0.00229	0.00402	0.01236	0.00761	0.00755
4	0.00933	0.00817	0.03004	0.00852	0.01083	0.00677	0.00675	0.01196	0.01742	0.02274	0.30733	0.05878	0.40088	0.01833	0.04798	0.00284	0.00458	0.01350	0.00681	0.00644
5	0.01428	0.03683	0.71286	0.02030	0.03082	0.01654	0.02631	0.02255	0.01503	0.02255	0.01278	0.01503	0.00902	0.00677	0.00677	0.00226	0.01052	0.00526	0.00301	0.01052
6	0.00892	0.00641	0.00835	0.00981	0.01039	0.00600	0.00668	0.01024	0.01375	0.01816	0.04013	0.62578	0.08456	0.06459	0.01068	0.00312	0.00440	0.05578	0.00647	0.00576
7	0.01611	0.01672	0.02507	0.02054	0.02183	0.04214	0.12418	0.01840	0.01215	0.01807	0.01022	0.01609	0.00958	0.01125	0.02041	0.00296	0.59643	0.00654	0.00321	0.00810
8	0.01100	0.00733	0.00922	0.00914	0.01091	0.00660	0.00670	0.01341	0.01757	0.07517	0.33846	0.24342	0.19038	0.01697	0.00850	0.00245	0.00383	0.01491	0.00732	0.00672
9	0.01656	0.05366	0.10938	0.02039	0.14123	0.04698	0.07299	0.04064	0.01580	0.02282	0.01268	0.01556	0.01035	0.00639	0.00725	0.00173	0.05305	0.00528	0.00383	0.34343
10	0.00944	0.00695	0.00893	0.01024	0.01134	0.00651	0.00765	0.01130	0.01477	0.01911	0.04439	0.42175	0.16461	0.04020	0.00989	0.00302	0.00477	0.19261	0.00653	0.00600
11	0.02073	0.01680	0.01780	0.01510	0.01967	0.01912	0.01200	0.24552	0.47987	0.03466	0.02515	0.02351	0.01863	0.00930	0.00721	0.00233	0.00635	0.00752	0.00721	0.01154
12	0.04015	0.01657	0.06239	0.01800	0.07032	0.01435	0.12925	0.09364	0.08565	0.07227	0.01609	0.01774	0.01224	0.00663	0.00653	0.00180	0.00736	0.00597	0.00492	0.31814
13	0.01999	0.01963	0.02394	0.04862	0.39193	0.16384	0.01749	0.07819	0.01836	0.04596	0.01521	0.06091	0.01321	0.00776	0.00697	0.00207	0.00886	0.00676	0.00424	0.04605
14	0.01188	0.00818	0.01132	0.01274	0.01445	0.00806	0.01098	0.01497	0.01635	0.04313	0.03850	0.11719	0.06001	0.01943	0.00966	0.00320	0.00631	0.58033	0.00663	0.00667
15	0.01511	0.01299	0.03837	0.01747	0.07725	0.01219	0.13494	0.08322	0.06934	0.06455	0.06377	0.21380	0.12087	0.01306	0.00805	0.00244	0.00661	0.01196	0.02542	0.00860
16	0.04891	0.01881	0.04657	0.05246	0.04928	0.10925	0.17817	0.15296	0.05191	0.06524	0.01887	0.11729	0.01646	0.00955	0.00800	0.00233	0.03075	0.00853	0.00516	0.00951
17	0.00878	0.00710	0.00786	0.00832	0.01024	0.00618	0.00622	0.01065	0.01584	0.01948	0.08121	0.20437	0.49513	0.01893	0.00867	0.00257	0.00396	0.07181	0.00664	0.00603
18	0.01681	0.01921	0.04202	0.03001	0.03721	0.01801	0.67947	0.02281	0.01681	0.02281	0.01441	0.01921	0.01080	0.00600	0.00840	0.00240	0.01200	0.00840	0.00360	0.00960
19	0.04207	0.06195	0.01757	0.01399	0.01830	0.06762	0.01123	0.11664	0.35431	0.11175	0.02427	0.02445	0.01833	0.00918	0.00686	0.00223	0.00650	0.02782	0.05433	0.01060
20	0.02300	0.01650	0.01698	0.05396	0.01939	0.13487	0.01170	0.12388	0.03777	0.21173	0.01924	0.02043	0.01409	0.01041	0.03414	0.00250	0.09849	0.00640	0.13496	0.00955
21	0.00875	0.00664	0.00808	0.00910	0.01026	0.00598	0.00639	0.01033	0.01486	0.01910	0.08013	0.47205	0.26055	0.02048	0.00886	0.00272	0.00401	0.03912	0.00667	0.00593
22	0.00868	0.00620	0.00826	0.00991	0.01033	0.00578	0.00661	0.00991	0.01363	0.01818	0.03925	0.74510	0.04710	0.02231	0.00909	0.00289	0.00413	0.02024	0.00661	0.00578
23	0.01829	0.64163	0.14319	0.01346	0.02024	0.02635	0.01440	0.02151	0.01456	0.01766	0.01035	0.01199	0.00912	0.00620	0.00491	0.00164	0.00807	0.00404	0.00304	0.00936
24	0.00881	0.00679	0.00768	0.00830	0.00987	0.00598	0.00590	0.01052	0.01529	0.01950	0.07890	0.33014	0.39191	0.01912	0.00851	0.00255	0.00379	0.01659	0.04388	0.00598
25	0.01100	0.00802	0.01082	0.01214	0.01388	0.00784	0.01045	0.01409	0.01655	0.02138	0.07384	0.07747	0.12975	0.01921	0.00958	0.00311	0.00601	0.54175	0.00663	0.00649
26	0.02496	0.03045	0.02018	0.01945	0.06928	0.59541	0.01388	0.05688	0.02051	0.01978	0.05435	0.01588	0.01306	0.00777	0.00662	0.00189	0.01172	0.00531	0.00408	0.00855
27	0.05540	0.00878	0.01090	0.01041	0.01171	0.00976	0.00757	0.05931	0.01279	0.01851	0.02125	0.03409	0.04391	0.29532	0.34062	0.00809	0.03257	0.00854	0.00434	0.00613
28	0.01282	0.00991	0.01087	0.01071	0.01308	0.01048	0.00804	0.02161	0.26589	0.02434	0.05609	0.20648	0.14943	0.01440	0.00766	0.00243	0.00453	0.03470	0.12848	0.00804
29	0.00955	0.00720	0.00882	0.00854	0.01034	0.00648	0.00636	0.01237	0.01873	0.02545	0.49422	0.09579	0.23821	0.01593	0.00844	0.00232	0.00347	0.01387	0.00744	0.00648
30	0.01695	0.06824	0.02984	0.15151	0.47072	0.01766	0.09959	0.02134	0.01584	0.02193	0.01315	0.01760	0.01078	0.00641	0.00705	0.00215	0.00899	0.00641	0.00344	0.01038
31	0.01535	0.05458	0.59291	0.02080	0.03057	0.03648	0.08579	0.04170	0.01586	0.02292	0.01293	0.01532	0.00928	0.00674	0.00686	0.00223	0.01057	0.00553	0.00320	0.01038
32	0.00859	0.00653	0.00792	0.00902	0.01009	0.00586	0.00621	0.01002	0.01449	0.01853	0.05009	0.52201	0.26319	0.02090	0.00887	0.00273	0.00396	0.01852	0.00661	0.00586
33	0.01736	0.01665	0.02843	0.08650	0.66457	0.01685	0.02172	0.02163	0.01609	0.02295	0.01335	0.01771	0.01117	0.00639	0.00705	0.00213	0.00852	0.00634	0.00350	0.01107
34	0.01609	0.01435	0.02202	0.51015	0.11211	0.01711	0.01869	0.11729	0.03674	0.02297	0.01375	0.01867	0.01042	0.00750	0.00765	0.00234	0.03289	0.00639	0.00390	0.00898
35	0.00868	0.00695	0.00789	0.00834	0.01006	0.00616	0.00603	0.01043	0.01536	0.01919	0.08806	0.26139	0.44096	0.02131	0.05291	0.00310	0.00471	0.01598	0.00649	0.00600
36	0.02660	0.03394	0.02018	0.01834	0.02201	0.72116	0.01376	0.02843	0.02018	0.01743	0.01101	0.01284	0.00917	0.00734	0.00642	0.00183	0.01284	0.00459	0.00367	0.00825
37	0.01524	0.01412	0.02197	0.25864	0.22980	0.01403	0.03812	0.01933	0.01508	0.02156	0.01293	0.01714	0.01042	0.00622	0.00650	0.00184	0.00782	0.00567	0.00365	0.27992
38	0.01532	0.01292	0.01415	0.01342	0.01616	0.05454	0.01057	0.07337	0.26548	0.02437	0.02622	0.07215	0.02377	0.04429	0.19231	0.00497	0.00978	0.11163	0.00592	0.00866
39	0.00930	0.00671	0.00884	0.00970	0.01067	0.00625	0.00690	0.01138	0.01605	0.02184	0.25940	0.45224	0.07620	0.01944	0.00888	0.00268	0.00401	0.05635	0.00701	0.00615
40	0.01748	0.56170	0.16715	0.01354	0.02019	0.02440	0.01456	0.02101	0.01498	0.01871	0.05901	0.01506	0.01319	0.00682	0.00527	0.00172	0.00788	0.00473	0.00337	0.00924
41	0.01232	0.00875	0.01078	0.01136	0.01312	0.00883	0.00851	0.01774	0.14790	0.06311	0.03833	0.40519	0.08000	0.01829	0.00869	0.00279	0.00492	0.12509	0.00686	0.00739
42	0.01627	0.25262	0.36356	0.01988	0.02834	0.02041	0.16075	0.02223	0.01524	0.02083	0.01224	0.01482	0.00944	0.00640	0.00644	0.00206	0.00995	0.00548	0.00315	0.00990
43	0.01616	0.14881	0.53221	0.01818	0.02737	0.01791	0.02236	0.03729	0.01578	0.05956	0.03262	0.01607	0.01121	0.00703	0.00649	0.00213	0.00956	0.00537	0.00355	0.01032
44	0.00888	0.00678	0.00816	0.00877	0.01015	0.00606	0.00621	0.01078	0.01594	0.02077	0.19255	0.36035	0.28060	0.01915	0.00871	0.00258	0.00378	0.01684	0.00687	0.00606
45	0.01886	0.01677	0.01669	0.01485	0.01896	0.06269	0.01157	0.07723	0.60881	0.02994	0.02710	0.02511	0.02034	0.00944	0.00719	0.00236	0.00623	0.00773	0.00701	0.01113
46	0.01160	0.00819	0.01041	0.00971	0.01174	0.00786	0.00741	0.01640	0.07851	0.05387	0.59669	0.05066	0.06055	0.01408	0.00830	0.00229	0.00376	0.03289	0.00778	0.00731
47	0.01428	0.03683	0.71286	0.02030	0.03082	0.01654	0.02631	0.02255	0.01503	0.02255	0.01278	0.01503	0.00902	0.00677	0.00677	0.00226	0.01052	0.00526	0.00301	0.01052
48	0.07465	0.03268	0.01958	0.01779	0.02150	0.67736	0.01338	0.02797	0.01968	0.01833	0.01094	0.01276	0.00908	0.00729	0.00630	0.00186	0.01239	0.00454	0.00371	0.00822
49	0.02404	0.00980	0.01234	0.01011	0.01399	0.00884	0.00814	0.02703	0.01807	0.42067	0.02603	0.02522	0.01789	0.00859	0.00624	0.00197	0.00490	0.00694	0.33939	0.00980
50	0.00919	0.00713	0.00837	0.00830	0.01016	0.00630	0.00613	0.01163	0.01770	0.02331	0.35137	0.13819	0.34272	0.01695	0.00848	0.00239	0.00355	0.01465	0.00716	0.00630
51	0.06713	0.01684	0.01735	0.01449	0.01922	0.06633	0.01157	0.17983	0.30752	0.18656	0.02379	0.02212	0.01699	0.00889	0.00698	0.00225	0.00672	0.00701	0.00716	0.01124
52	0.01699	0.01789	0.07583	0.03934	0.59041	0.01689	0.02130	0.02127	0.01563	0.02259	0.01332	0.01770	0.01125	0.00850	0.03469	0.00253	0.05326	0.00631	0.00347	0.01083
53	0.01888	0.01776	0.02531	0.05336	0.42908	0.05990	0.03635	0.09497	0.09782	0.02584	0.01544	0.01823	0.01236	0.00698	0.00697	0.00209	0.00826	0.00637	0.00439	0.05962
54	0.01024	0.00691	0.00806	0.00816	0.00827	0.00697	0.00478	0.01049	0.01064	0.01427	0.02324	0.08868	0.02664	0.65568	0.08266	0.00697	0.00759	0.01078	0.00442	0.00455
55	0.01572	0.01432	0.02181	0.01816	0.01949	0.01809	0.09755	0.01783	0.01237	0.05977	0.01417	0.05987	0.01370	0.06567	0.05381	0.00362	0.47467	0.00770	0.00383	0.00786
56	0.01737	0.01666	0.02844	0.08557	0.66545	0.01685	0.02173	0.02163	0.01609	0.02296	0.01335	0.01771	0.01117	0.00639	0.00705	0.00213	0.00852	0.00634	0.00350	0.01107
57	0.01308	0.01168	0.01760	0.01443	0.01778	0.03557	0.16513	0.01596	0.01642	0.06334	0.09023	0.12623	0.31024	0.01417	0.00925	0.00246	0.05066	0.01253	0.00581	0.00745
58	0.00868	0.00620	0.00826	0.00991	0.01033	0.00578	0.00661	0.00991	0.01363	0.01818	0.03925	0.74510	0.04710	0.02231	0.00909	0.00289	0.00413	0.02024	0.00661	0.00578
59	0.01670	0.01862	0.03872	0.02944	0.07552	0.01841	0.55724	0.02205	0.01604	0.02213	0.01372	0.01866	0.01065	0.00682	0.01018	0.00247	0.10159	0.00801	0.00354	0.00948
60	0.02097	0.01416	0.01928	0.03160	0.02046	0.01462	0.08981	0.21933	0.04156	0.17343	0.05782	0.07354	0.06220	0.01297	0.04097	0.00280	0.03486	0.05314	0.00661	0.00988
61	0.01740	0.02010	0.04069	0.02930	0.03629	0.06074	0.63901	0.02315	0.01701	0.02248	0.01420	0.01882	0.01071	0.00608	0.00828	0.00237	0.01206	0.00817	0.00361	0.00952
62	0.00880	0.00629	0.00837	0.00983	0.01036	0.00587	0.00662	0.01022	0.01421	0.01909	0.09742	0.68433	0.04886	0.02163	0.00903	0.00283	0.00406	0.01960	0.00672	0.00587
63	0.01874	0.70948	0.07928	0.01269	0.01906	0.02745	0.01306	0.02140	0.01450	0.01711	0.01008	0.01165	0.00913	0.00613	0.00471	0.00157	0.00780	0.00390	0.00304	0.00922
64	0.04454	0.01182	0.01323	0.01036	0.01519	0.01051	0.00824	0.05809	0.07463	0.07436	0.01789	0.01935	0.01389	0.00687	0.00558	0.00150	0.00503	0.00546	0.19746	0.40600
65	0.00881	0.00719	0.00781	0.00785	0.00998	0.00618	0.00588	0.01090	0.01677	0.02089	0.18151	0.10814	0.53041	0.01772	0.00849	0.00243	0.00368	0.03238	0.00683	0.00614
66	0.01237	0.00618	0.00928	0.00928	0.00928	0.00618	0.00618	0.00928	0.00928	0.01237	0.01237	0.02165	0.01237	0.02474	0.02783	0.79283	0.00618	0.00618	0.00309	0.00309
67	0.01803	0.04519	0.02201	0.01839	0.01938	0.16996	0.01508	0.01967	0.01299	0.01718	0.00972	0.01485	0.00930	0.01116	0.01913	0.00279	0.55821	0.00580	0.00323	0.00793
68	0.01787	0.01871	0.04023	0.02879	0.03588	0.01748	0.63251	0.02364	0.01706	0.07107	0.01537	0.01956	0.01128	0.00620	0.00832	0.00239	0.01159	0.00832	0.00397	0.00978
69	0.00868	0.00620	0.00826	0.00991	0.01033	0.00578	0.00661	0.00991	0.01363	0.01818	0.03925	0.74510	0.04710	0.02231	0.00909	0.00289	0.00413	0.02024	0.00661	0.00578
70	0.05503	0.02259	0.01984	0.01609	0.02099	0.20183	0.01290	0.45103	0.02821	0.03628	0.01559	0.01631	0.01153	0.00815	0.00672	0.00203	0.00879	0.00586	0.04959	0.01064
71	0.02195	0.01810	0.09093	0.01470	0.01994	0.03766	0.01283	0.28919	0.08336	0.12670	0.02100	0.06640	0.01705	0.05189	0.00881	0.00244	0.00730	0.02873	0.00638	0.07463
72	0.01734	0.01688	0.02956	0.14833	0.32642	0.01742	0.19045	0.06500	0.07153	0.02423	0.01503	0.01894	0.01176	0.00679	0.00743	0.00226	0.00928	0.00702	0.00402	0.01035
73	0.01996	0.01641	0.01737	0.01495	0.01937	0.01876	0.01181	0.19244	0.53421	0.03341	0.02613	0.02429	0.01942	0.00939	0.00722	0.00235	0.00616	0.00766	0.00722	0.01147
74	0.01692	0.01620	0.02763	0.15984	0.59470	0.01673	0.02150	0.02124	0.01588	0.02241	0.01327	0.01785	0.01098	0.00648	0.00706	0.00216	0.00863	0.00634	0.00346	0.01071
75	0.01529	0.01629	0.09105	0.02110	0.02631	0.01372	0.33619	0.02065	0.05350	0.07006	0.02336	0.23385	0.02244	0.01129	0.00830	0.00252	0.00877	0.01150	0.00500	0.00883
76	0.00875	0.00657	0.00831	0.00942	0.01038	0.00613	0.00654	0.01025	0.01404	0.01827	0.04515	0.51858	0.19936	0.02418	0.07501	0.00357	0.00539	0.01784	0.00635	0.00589
77	0.01004	0.00722	0.00889	0.00869	0.01038	0.00653	0.00636	0.01258	0.01791	0.04005	0.42051	0.14123	0.20990	0.05569	0.00995	0.00261	0.00377	0.01402	0.00723	0.00643
78	0.02703	0.01484	0.01963	0.01512	0.02051	0.01468	0.07313	0.20009	0.08770	0.37682	0.02384	0.02226	0.01599	0.00854	0.00717	0.00220	0.00690	0.00714	0.04487	0.01154
79	0.01904	0.75404	0.03731	0.01218	0.01828	0.02818	0.01218	0.02132	0.01447	0.01675	0.00990	0.01142	0.00914	0.00609	0.00457	0.00152	0.00761	0.00381	0.00305	0.00914
80	0.00866	0.00624	0.00821	0.00979	0.01030	0.00579	0.00656	0.00993	0.01375	0.01823	0.04075	0.71420	0.07703	0.02211	0.00906	0.00287	0.00411	0.02000	0.00661	0.00579
81	0.01762	0.01692	0.02890	0.04371	0.70533	0.01692	0.02185	0.02185	0.01621	0.02326	0.01339	0.01762	0.01128	0.00634	0.00705	0.00211	0.00846	0.00634	0.00352	0.01128
82	0.01333	0.05205	0.01327	0.01132	0.01425	0.01234	0.00878	0.02315	0.30184	0.02514	0.15730	0.11800	0.17602	0.01373	0.00782	0.00241	0.00478	0.02906	0.00690	0.00852
83	0.00953	0.00742	0.01128	0.01158	0.01258	0.00697	0.06728	0.01111	0.01369	0.01829	0.03582	0.63045	0.04233	0.07190	0.01093	0.00313	0.00504	0.01848	0.00618	0.00603
84	0.01493	0.01358	0.02139	0.61226	0.04427	0.01686	0.01887	0.08319	0.01589	0.02074	0.01286	0.01856	0.00974	0.00763	0.00826	0.00240	0.06038	0.00633	0.00355	0.00831
85	0.02147	0.03730	0.01834	0.01481	0.01882	0.08138	0.01182	0.32664	0.11835	0.04965	0.01933	0.04507	0.01586	0.05981	0.09927	0.00365	0.03514	0.00727	0.00602	0.01000
86	0.00928	0.00662	0.00883	0.01014	0.01086	0.00626	0.00718	0.01101	0.01470	0.01974	0.12191	0.54394	0.04803	0.04813	0.01011	0.00301	0.00446	0.10317	0.00667	0.00595
87	0.01007	0.00796	0.01113	0.01144	0.01325	0.00742	0.04879	0.01249	0.01563	0.02007	0.06412	0.27665	0.22219	0.01906	0.00909	0.00284	0.00525	0.22975	0.00644	0.00636
88	0.01325	0.00997	0.01187	0.08688	0.01650	0.01009	0.00889	0.07914	0.08056	0.06002	0.11127	0.09718	0.29057	0.05765	0.00971	0.00268	0.00526	0.03447	0.00646	0.00758
89	0.02249	0.01696	0.01918	0.01533	0.01990	0.08149	0.07746	0.27755	0.08600	0.10642	0.01979	0.02071	0.01455	0.00974	0.03023	0.00238	0.00783	0.00676	0.15503	0.01020
