[name]
unknown

[dist]
# distance from previous block
# <min> <max>
0	42

[block]
# block no. 0 follows, 37 sequences, length 64
# corresponding to MSA columns:
# 42-105
name=unknown_A
#
# <colnr> <probs for GDERKNQSTAVLIFYWHMCP>
#	G	D	E	R	K	N	Q	S	T	A	V	L	I	F	Y	W	H	M	C	P
0	0.01630	0.53831	0.04677	0.01083	0.01537	0.04055	0.01036	0.01847	0.01322	0.08754	0.01421	0.06446	0.01345	0.00760	0.00496	0.00162	0.00634	0.07830	0.00363	0.00771
1	0.49023	0.09186	0.15614	0.01027	0.01514	0.01429	0.01020	0.03541	0.01210	0.02447	0.05943	0.01315	0.01063	0.00614	0.00451	0.00182	0.00567	0.00414	0.00369	0.03072
2	0.05848	0.41200	0.19508	0.01320	0.01908	0.01892	0.07229	0.01931	0.04532	0.03842	0.01095	0.01291	0.00901	0.02736	0.00557	0.00172	0.00717	0.00431	0.00307	0.02583
3	0.01416	0.19062	0.30356	0.01308	0.01906	0.01488	0.01421	0.02059	0.12189	0.06499	0.10034	0.01809	0.01589	0.00689	0.00557	0.00175	0.00662	0.00543	0.00400	0.05837
4	0.01269	0.01180	0.05944	0.01186	0.01554	0.01046	0.08841	0.10614	0.09928	0.02414	0.27550	0.05580	0.04400	0.02332	0.00692	0.00189	0.00515	0.00813	0.00534	0.13419
5	0.00748	0.00621	0.00654	0.00646	0.00842	0.00527	0.00484	0.00926	0.01453	0.01791	0.17899	0.05665	0.62637	0.01499	0.00723	0.00204	0.00306	0.01260	0.00587	0.00527
6	0.01995	0.01532	0.01655	0.01290	0.01764	0.01639	0.01051	0.47517	0.15390	0.03294	0.01587	0.01582	0.01167	0.00702	0.00586	0.00172	0.00600	0.00543	0.00570	0.15364
7	0.01585	0.69280	0.12330	0.01136	0.01708	0.02296	0.01201	0.01846	0.01250	0.01503	0.00882	0.01021	0.00784	0.00531	0.00417	0.00139	0.00686	0.00343	0.00261	0.00801
8	0.01655	0.03815	0.03182	0.02266	0.02845	0.03944	0.56450	0.02146	0.03524	0.11740	0.01411	0.01690	0.01025	0.00561	0.00690	0.00200	0.00940	0.00685	0.00377	0.00854
9	0.01255	0.08175	0.70544	0.01699	0.02578	0.01488	0.02181	0.01932	0.01289	0.01906	0.01082	0.01272	0.00776	0.00578	0.00569	0.00190	0.00888	0.00444	0.00259	0.00897
10	0.01515	0.01454	0.02485	0.03757	0.74669	0.01454	0.01879	0.01879	0.01394	0.02000	0.01151	0.01515	0.00970	0.00545	0.00606	0.00182	0.00727	0.00545	0.00303	0.00970
11	0.00817	0.00605	0.00762	0.00763	0.00894	0.00550	0.00557	0.01044	0.01556	0.02131	0.47837	0.20642	0.16690	0.01444	0.00735	0.00207	0.00307	0.01274	0.00634	0.00550
12	0.01168	0.01100	0.01857	0.74633	0.06508	0.01363	0.01706	0.01574	0.01230	0.01578	0.01090	0.01628	0.00821	0.00610	0.00612	0.00203	0.00813	0.00544	0.00273	0.00689
13	0.00727	0.00620	0.00626	0.00624	0.00829	0.00518	0.00468	0.00886	0.01405	0.01676	0.08105	0.05854	0.72503	0.01542	0.00723	0.00206	0.00309	0.01287	0.00571	0.00518
14	0.01214	0.00703	0.00930	0.00829	0.01034	0.00637	0.00637	0.01493	0.01736	0.15893	0.61039	0.04112	0.04988	0.01160	0.00702	0.00192	0.00332	0.01016	0.00689	0.00663
15	0.02359	0.01656	0.01770	0.01369	0.01848	0.04006	0.01126	0.59967	0.04460	0.12766	0.01599	0.01556	0.01114	0.00737	0.00611	0.00184	0.00663	0.00558	0.00622	0.01029
16	0.01808	0.58829	0.02819	0.01187	0.01656	0.21834	0.01083	0.01994	0.01373	0.01455	0.00876	0.01014	0.00786	0.00552	0.00435	0.00138	0.00773	0.00345	0.00276	0.00766
17	0.00890	0.00593	0.00668	0.00668	0.00668	0.00593	0.00371	0.00890	0.00890	0.01187	0.01929	0.04006	0.02225	0.78487	0.03116	0.00593	0.00593	0.00890	0.00371	0.00371
18	0.00725	0.00614	0.00627	0.00637	0.00831	0.00515	0.00472	0.00877	0.01379	0.01647	0.06000	0.11022	0.69420	0.01576	0.00728	0.00210	0.00313	0.01324	0.00568	0.00515
19	0.00848	0.00667	0.01005	0.10587	0.01442	0.00670	0.03989	0.01024	0.01209	0.01601	0.02978	0.59556	0.03459	0.01672	0.00762	0.00244	0.00460	0.06771	0.00519	0.00540
20	0.01339	0.01339	0.01875	0.01607	0.01607	0.01875	0.01339	0.01473	0.00937	0.01473	0.00804	0.01339	0.00804	0.01071	0.02009	0.00268	0.77367	0.00536	0.00268	0.00670
21	0.02437	0.01537	0.01727	0.01324	0.01810	0.01635	0.01094	0.54280	0.02581	0.22625	0.01719	0.01631	0.01166	0.00741	0.00613	0.00185	0.00633	0.00568	0.00651	0.01041
22	0.01269	0.01088	0.01269	0.00907	0.01451	0.00816	0.00725	0.01541	0.01269	0.01995	0.01088	0.01269	0.00907	0.00453	0.00453	0.00091	0.00453	0.00363	0.00363	0.82229
23	0.01269	0.01088	0.01269	0.00907	0.01451	0.00816	0.00725	0.01541	0.01269	0.01995	0.01088	0.01269	0.00907	0.00453	0.00453	0.00091	0.00453	0.00363	0.00363	0.82229
24	0.82811	0.01184	0.00900	0.00805	0.01184	0.01373	0.00663	0.01799	0.01042	0.02746	0.00852	0.00994	0.00663	0.00568	0.00379	0.00189	0.00474	0.00331	0.00379	0.00663
25	0.01228	0.03166	0.75316	0.01745	0.02649	0.01422	0.02262	0.01939	0.01292	0.01939	0.01099	0.01292	0.00775	0.00582	0.00582	0.00194	0.00905	0.00452	0.00258	0.00905
26	0.00872	0.00586	0.00673	0.00691	0.00695	0.00581	0.00396	0.00885	0.00926	0.01234	0.02112	0.13378	0.02456	0.68801	0.02820	0.00550	0.00563	0.00998	0.00396	0.00387
27	0.02287	0.02917	0.01735	0.01577	0.01892	0.76030	0.01183	0.02444	0.01735	0.01498	0.00946	0.01104	0.00788	0.00631	0.00552	0.00158	0.01104	0.00394	0.00315	0.00710
28	0.01228	0.03166	0.75316	0.01745	0.02649	0.01422	0.02262	0.01939	0.01292	0.01939	0.01099	0.01292	0.00775	0.00582	0.00582	0.00194	0.00905	0.00452	0.00258	0.00905
29	0.00848	0.00625	0.00793	0.00751	0.00903	0.00570	0.00563	0.01120	0.01690	0.02353	0.65725	0.04739	0.14460	0.01289	0.00722	0.00194	0.00291	0.01130	0.00661	0.00570
30	0.00872	0.00586	0.00673	0.00691	0.00695	0.00581	0.00396	0.00885	0.00926	0.01234	0.02112	0.13378	0.02456	0.68801	0.02820	0.00550	0.00563	0.00998	0.00396	0.00387
31	0.02263	0.02704	0.01734	0.01543	0.01882	0.63826	0.01172	0.11354	0.04603	0.01837	0.01071	0.01195	0.00861	0.00652	0.00562	0.00163	0.01026	0.00425	0.00365	0.00761
32	0.01637	0.78856	0.03208	0.01047	0.01571	0.02422	0.01047	0.01833	0.01244	0.01440	0.00851	0.00982	0.00786	0.00524	0.00393	0.00131	0.00655	0.00327	0.00262	0.00786
33	0.01059	0.00672	0.00861	0.00787	0.00976	0.00606	0.00600	0.01325	0.01692	0.10513	0.57645	0.04460	0.13981	0.01234	0.00710	0.00194	0.00318	0.01075	0.00670	0.00622
34	0.01156	0.01088	0.01836	0.77016	0.04216	0.01360	0.01700	0.01564	0.01224	0.01564	0.01088	0.01632	0.00816	0.00612	0.00612	0.00204	0.00816	0.00544	0.00272	0.00680
35	0.01069	0.01168	0.13311	0.01269	0.07055	0.00845	0.03722	0.01411	0.01505	0.04630	0.32538	0.03965	0.09226	0.05791	0.00847	0.00229	0.00515	0.09711	0.00525	0.00668
36	0.00746	0.00533	0.00710	0.00852	0.00888	0.00497	0.00568	0.00852	0.01172	0.01563	0.03374	0.78088	0.04049	0.01918	0.00781	0.00249	0.00355	0.01740	0.00568	0.00497
37	0.00746	0.00533	0.00710	0.00852	0.00888	0.00497	0.00568	0.00852	0.01172	0.01563	0.03374	0.78088	0.04049	0.01918	0.00781	0.00249	0.00355	0.01740	0.00568	0.00497
38	0.02126	0.05248	0.01911	0.01894	0.13317	0.56790	0.01289	0.05662	0.01703	0.01687	0.00997	0.01186	0.00829	0.00627	0.00586	0.00164	0.02464	0.00426	0.00325	0.00768
39	0.02242	0.08106	0.01835	0.01541	0.01870	0.71001	0.01173	0.02403	0.01701	0.01494	0.00940	0.01096	0.00788	0.00623	0.00541	0.00156	0.01073	0.00390	0.00312	0.00715
40	0.01585	0.69280	0.12330	0.01136	0.01708	0.02296	0.01201	0.01846	0.01250	0.01503	0.00882	0.01021	0.00784	0.00531	0.00417	0.00139	0.00686	0.00343	0.00261	0.00801
41	0.01831	0.17491	0.01918	0.06509	0.03932	0.19286	0.01102	0.06659	0.20735	0.08064	0.02852	0.01613	0.01253	0.00680	0.00553	0.00172	0.00705	0.00514	0.00446	0.03688
42	0.00746	0.00533	0.00710	0.00852	0.00888	0.00497	0.00568	0.00852	0.01172	0.01563	0.03374	0.78088	0.04049	0.01918	0.00781	0.00249	0.00355	0.01740	0.00568	0.00497
43	0.00776	0.00554	0.00745	0.00887	0.00936	0.00523	0.00621	0.00905	0.01202	0.01597	0.03357	0.69083	0.03982	0.01889	0.00789	0.00253	0.00382	0.10445	0.00568	0.00506
44	0.01515	0.01454	0.02485	0.03757	0.74669	0.01454	0.01879	0.01879	0.01394	0.02000	0.01151	0.01515	0.00970	0.00545	0.00606	0.00182	0.00727	0.00545	0.00303	0.00970
45	0.01258	0.08787	0.69961	0.01693	0.02569	0.01496	0.02171	0.01931	0.01289	0.01902	0.01080	0.01269	0.00776	0.00577	0.00568	0.00189	0.00886	0.00443	0.00259	0.00896
46	0.61091	0.14594	0.01422	0.01054	0.05774	0.04162	0.00821	0.01832	0.01122	0.02433	0.00874	0.01028	0.00707	0.00561	0.00401	0.00178	0.00542	0.00346	0.00352	0.00704
47	0.02493	0.00977	0.01331	0.01059	0.01477	0.00849	0.00858	0.02714	0.01679	0.65791	0.02536	0.11699	0.01836	0.00904	0.00637	0.00197	0.00500	0.00758	0.00734	0.00973
48	0.06860	0.01374	0.01468	0.01191	0.01550	0.01505	0.00944	0.49057	0.02276	0.03148	0.01719	0.10392	0.01521	0.10693	0.00928	0.00242	0.00604	0.00715	0.02956	0.00858
49	0.43819	0.01158	0.01195	0.01082	0.02860	0.01313	0.00875	0.05577	0.01267	0.10689	0.01372	0.01957	0.01175	0.00804	0.00703	0.00208	0.10802	0.09291	0.00441	0.03413
50	0.02535	0.00995	0.01353	0.01053	0.01490	0.00864	0.00864	0.02778	0.01750	0.66934	0.10495	0.02363	0.01994	0.00813	0.00628	0.00190	0.00495	0.00671	0.00748	0.00990
51	0.00882	0.00594	0.00656	0.00660	0.00697	0.00579	0.00392	0.00924	0.00989	0.01332	0.02515	0.06250	0.11366	0.61246	0.02562	0.00504	0.00530	0.00944	0.05971	0.00407
52	0.06795	0.01191	0.01481	0.01142	0.01614	0.01134	0.00943	0.17583	0.01952	0.56358	0.02135	0.01898	0.01371	0.00743	0.00603	0.00188	0.00551	0.00587	0.00707	0.01022
53	0.01405	0.01569	0.03282	0.02391	0.02910	0.01549	0.60725	0.01857	0.01370	0.01884	0.01264	0.04510	0.01031	0.00639	0.00887	0.00216	0.10663	0.00737	0.00314	0.00793
54	0.00874	0.00656	0.00984	0.00984	0.01093	0.00765	0.00765	0.01093	0.00984	0.01421	0.01640	0.02405	0.01530	0.04591	0.76062	0.00984	0.01640	0.00656	0.00328	0.00547
55	0.02222	0.02715	0.01672	0.01509	0.01824	0.67625	0.01138	0.06167	0.01770	0.01671	0.01036	0.01192	0.00848	0.00641	0.00548	0.00158	0.01033	0.00413	0.05099	0.00719
56	0.01507	0.01446	0.02469	0.05492	0.73000	0.01452	0.01874	0.01871	0.01390	0.01989	0.01150	0.01518	0.00966	0.00547	0.00606	0.00182	0.00729	0.00545	0.00302	0.00963
57	0.01561	0.64846	0.16555	0.01176	0.01771	0.02237	0.01272	0.01852	0.01253	0.01532	0.00897	0.01039	0.00784	0.00534	0.00428	0.00143	0.00701	0.00350	0.00261	0.00808
58	0.01551	0.01811	0.03374	0.02453	0.03034	0.10971	0.63430	0.02022	0.01481	0.01902	0.01201	0.01582	0.00911	0.00531	0.00701	0.00200	0.01041	0.00681	0.00310	0.00811
59	0.00751	0.00535	0.00709	0.00846	0.00880	0.00501	0.00561	0.00854	0.01162	0.01550	0.03323	0.75504	0.03985	0.04588	0.00863	0.00261	0.00363	0.01711	0.00561	0.00493
60	0.01471	0.01266	0.01338	0.01214	0.01548	0.01453	0.00947	0.03087	0.68179	0.02498	0.02681	0.02583	0.05193	0.00888	0.00634	0.00210	0.00479	0.02776	0.00619	0.00937
61	0.01348	0.01135	0.01312	0.00944	0.01484	0.00897	0.00758	0.06845	0.01389	0.02134	0.01116	0.01284	0.00917	0.00474	0.00465	0.00098	0.00470	0.00377	0.00381	0.76172
62	0.00951	0.00644	0.00845	0.00785	0.00944	0.00592	0.00592	0.01238	0.01734	0.05735	0.71098	0.04460	0.05583	0.01229	0.00717	0.00192	0.00299	0.01085	0.00678	0.00599
63	0.01462	0.01478	0.02055	0.20035	0.40058	0.10803	0.01606	0.01786	0.01379	0.01797	0.01458	0.01796	0.05934	0.00663	0.00659	0.00188	0.03665	0.00577	0.01781	0.00820

[dist]
# distance from previous block
# <min> <max>
3	5

[block]
# block no. 1 follows, 37 sequences, length 45
# corresponding to MSA columns:
# 111-155
name=unknown_B
#
# <colnr> <probs for GDERKNQSTAVLIFYWHMCP>
#	G	D	E	R	K	N	Q	S	T	A	V	L	I	F	Y	W	H	M	C	P
0	0.08362	0.22248	0.40103	0.01508	0.04367	0.07860	0.01667	0.01919	0.01311	0.01859	0.02996	0.01268	0.00912	0.00587	0.00518	0.00174	0.00798	0.00426	0.00287	0.00830
1	0.01244	0.01141	0.01398	0.01260	0.01375	0.07419	0.03696	0.05184	0.02941	0.01650	0.01656	0.16083	0.01709	0.07500	0.14580	0.01804	0.25279	0.00808	0.02653	0.00620
2	0.01514	0.01381	0.01618	0.01529	0.10082	0.12957	0.05915	0.01781	0.02559	0.07773	0.01454	0.07850	0.01302	0.02966	0.07739	0.00251	0.06356	0.00605	0.00388	0.23980
3	0.01550	0.00899	0.01109	0.00958	0.01239	0.00883	0.00750	0.04315	0.15228	0.21991	0.36633	0.03294	0.03597	0.01004	0.00661	0.00192	0.00400	0.00860	0.03647	0.00790
4	0.00747	0.00544	0.00704	0.00827	0.00882	0.00501	0.00558	0.00864	0.01210	0.01597	0.05669	0.68715	0.11205	0.01862	0.00774	0.00243	0.00349	0.01677	0.00571	0.00501
5	0.00730	0.00620	0.00630	0.00627	0.00831	0.00520	0.00471	0.00892	0.01412	0.01693	0.09514	0.05827	0.71083	0.01536	0.00723	0.00206	0.00309	0.01283	0.00574	0.00520
6	0.01716	0.01411	0.01493	0.01285	0.01665	0.01613	0.01016	0.19933	0.56568	0.02873	0.02246	0.02088	0.01670	0.00807	0.00620	0.00202	0.00530	0.00658	0.00620	0.00986
7	0.01296	0.15762	0.63316	0.01629	0.02470	0.01588	0.02060	0.01921	0.01284	0.01856	0.01057	0.01241	0.00777	0.00572	0.00550	0.00183	0.00863	0.00432	0.00259	0.00885
8	0.01159	0.01067	0.01500	0.01337	0.01371	0.01426	0.01082	0.01308	0.00948	0.01434	0.01155	0.01888	0.01145	0.08511	0.25016	0.00516	0.47635	0.00602	0.00295	0.00607
9	0.02287	0.02917	0.01735	0.01577	0.01892	0.76030	0.01183	0.02444	0.01735	0.01498	0.00946	0.01104	0.00788	0.00631	0.00552	0.00158	0.01104	0.00394	0.00315	0.00710
10	0.01602	0.72546	0.09219	0.01106	0.01661	0.02339	0.01149	0.01842	0.01248	0.01482	0.00872	0.01008	0.00785	0.00529	0.00409	0.00136	0.00675	0.00338	0.00262	0.00795
11	0.00745	0.00536	0.00707	0.00843	0.00885	0.00498	0.00564	0.00853	0.01181	0.01566	0.03483	0.75302	0.06764	0.01904	0.00779	0.00247	0.00353	0.01723	0.00568	0.00498
12	0.79846	0.01189	0.00917	0.00821	0.01199	0.01379	0.00674	0.01852	0.03687	0.02740	0.00912	0.01041	0.00707	0.00578	0.00388	0.00190	0.00474	0.00345	0.00388	0.00674
13	0.34963	0.01758	0.01412	0.01189	0.01591	0.19598	0.00952	0.23487	0.01801	0.06339	0.01139	0.01219	0.00850	0.00643	0.00503	0.00180	0.00689	0.00427	0.00453	0.00807
14	0.34159	0.01720	0.01714	0.01384	0.01805	0.17543	0.13273	0.15187	0.01610	0.02537	0.01086	0.01255	0.00831	0.00608	0.00520	0.00183	0.00738	0.00460	0.02615	0.00769
15	0.01145	0.01073	0.01805	0.74938	0.04125	0.01336	0.01669	0.01545	0.01223	0.01564	0.01150	0.03718	0.00904	0.00648	0.00617	0.00205	0.00803	0.00577	0.00280	0.00675
16	0.00889	0.00596	0.00682	0.00682	0.00687	0.00601	0.00389	0.00899	0.00894	0.01198	0.01915	0.03932	0.02194	0.75104	0.06456	0.00611	0.00641	0.00879	0.00369	0.00379
17	0.00882	0.00628	0.00841	0.00841	0.00901	0.00688	0.00587	0.01001	0.00941	0.01315	0.01770	0.03129	0.01845	0.37998	0.43085	0.00807	0.01167	0.00762	0.00347	0.00467
18	0.01637	0.78856	0.03208	0.01047	0.01571	0.02422	0.01047	0.01833	0.01244	0.01440	0.00851	0.00982	0.00786	0.00524	0.00393	0.00131	0.00655	0.00327	0.00262	0.00786
19	0.05520	0.10154	0.01539	0.00984	0.01499	0.01097	0.00821	0.05095	0.01442	0.19488	0.01383	0.01426	0.01032	0.00552	0.00489	0.00128	0.00504	0.00426	0.00457	0.45964
20	0.01256	0.01248	0.01829	0.68457	0.03944	0.07589	0.01646	0.01634	0.01258	0.01556	0.01068	0.01579	0.00813	0.00627	0.00649	0.00202	0.03156	0.00531	0.00275	0.00682
21	0.01912	0.01462	0.01554	0.01275	0.01679	0.01640	0.01026	0.39462	0.30500	0.03217	0.01915	0.01857	0.01410	0.00771	0.00601	0.00190	0.00567	0.00608	0.07380	0.00974
22	0.01486	0.01448	0.02537	0.08300	0.64259	0.01456	0.07740	0.01866	0.01387	0.01969	0.01155	0.01534	0.00956	0.00547	0.00616	0.00185	0.00758	0.00560	0.00302	0.00939
23	0.01366	0.01491	0.03155	0.07801	0.03005	0.01423	0.59046	0.01848	0.01448	0.01983	0.07335	0.01913	0.01344	0.00590	0.00705	0.00203	0.00931	0.00737	0.02890	0.00786
24	0.02286	0.01670	0.01796	0.01389	0.01869	0.01847	0.01144	0.66249	0.07428	0.05701	0.01561	0.01539	0.01107	0.00742	0.00613	0.00185	0.00657	0.00562	0.00617	0.01036
25	0.00890	0.00593	0.00668	0.00668	0.00668	0.00593	0.00371	0.00890	0.00890	0.01187	0.01929	0.04006	0.02225	0.78487	0.03116	0.00593	0.00593	0.00890	0.00371	0.00371
26	0.01475	0.01414	0.02413	0.11827	0.66908	0.01444	0.01859	0.01844	0.01375	0.01952	0.01144	0.01528	0.00953	0.00553	0.00607	0.00184	0.00737	0.00545	0.00300	0.00938
27	0.00878	0.00643	0.00917	0.00917	0.01003	0.00729	0.00682	0.01050	0.00964	0.01371	0.01701	0.02744	0.01678	0.20239	0.60615	0.00901	0.01418	0.00705	0.00337	0.00509
28	0.01637	0.78856	0.03208	0.01047	0.01571	0.02422	0.01047	0.01833	0.01244	0.01440	0.00851	0.00982	0.00786	0.00524	0.00393	0.00131	0.00655	0.00327	0.00262	0.00786
29	0.01330	0.01306	0.01795	0.01515	0.01586	0.01736	0.01258	0.01482	0.00981	0.01542	0.00841	0.01330	0.00817	0.00990	0.01804	0.00245	0.67250	0.00513	0.00280	0.11398
30	0.00744	0.00540	0.00703	0.00833	0.00883	0.00499	0.00560	0.00855	0.01191	0.01570	0.03609	0.72080	0.09905	0.01887	0.00776	0.00245	0.00351	0.01703	0.00568	0.00499
31	0.01198	0.01131	0.01911	0.68496	0.12410	0.01371	0.01721	0.01601	0.01244	0.01615	0.01095	0.01618	0.00834	0.00604	0.00611	0.00201	0.00806	0.00544	0.00276	0.00714
32	0.01427	0.01365	0.02326	0.21706	0.57407	0.01431	0.01835	0.01802	0.01352	0.01893	0.01136	0.01544	0.00932	0.00562	0.00607	0.00187	0.00749	0.00545	0.00295	0.00899
33	0.01264	0.08921	0.60778	0.01722	0.02543	0.01479	0.07941	0.01902	0.01318	0.01921	0.03917	0.01424	0.00982	0.00597	0.00584	0.00190	0.00872	0.00490	0.00279	0.00876
34	0.02585	0.01078	0.01416	0.01110	0.01566	0.00982	0.00909	0.03019	0.11198	0.65552	0.02425	0.02110	0.01562	0.00767	0.00617	0.00192	0.00516	0.00626	0.00740	0.01032
35	0.02021	0.01603	0.02011	0.01547	0.02020	0.01733	0.12323	0.50277	0.10465	0.03303	0.01640	0.05314	0.01262	0.00769	0.00639	0.00193	0.00693	0.00652	0.00564	0.00973
36	0.01650	0.55457	0.15789	0.01241	0.01804	0.11927	0.01280	0.01932	0.01317	0.01536	0.00907	0.01053	0.00784	0.00548	0.00447	0.00146	0.00758	0.00358	0.00268	0.00797
37	0.00868	0.00631	0.00886	0.00898	0.00975	0.00702	0.00655	0.01025	0.00977	0.01377	0.01851	0.08993	0.01902	0.21938	0.52546	0.00831	0.01286	0.00800	0.00358	0.00501
38	0.01384	0.10213	0.30167	0.02111	0.02827	0.01592	0.39014	0.01939	0.01367	0.01899	0.01146	0.01449	0.00857	0.00541	0.00636	0.00194	0.00946	0.00581	0.00286	0.00851
39	0.01755	0.12409	0.03845	0.01188	0.01680	0.11241	0.01001	0.18954	0.07179	0.03760	0.01260	0.01349	0.00987	0.00592	0.00516	0.00141	0.00636	0.00439	0.00427	0.30642
40	0.00993	0.00672	0.00966	0.00945	0.01003	0.00762	0.00706	0.01034	0.00986	0.01406	0.05767	0.06022	0.01729	0.04695	0.28784	0.28699	0.08816	0.02241	0.03314	0.00459
41	0.01336	0.07739	0.55980	0.01605	0.02378	0.01517	0.01932	0.04171	0.13598	0.02066	0.01329	0.01445	0.00969	0.00624	0.00577	0.00192	0.00810	0.00488	0.00331	0.00912
42	0.04187	0.01043	0.01229	0.00912	0.01406	0.00826	0.00730	0.01735	0.01330	0.12664	0.01383	0.03619	0.01109	0.00556	0.00483	0.00115	0.00453	0.00448	0.04390	0.61383
43	0.01580	0.66560	0.11572	0.01198	0.01770	0.02266	0.04457	0.01851	0.01259	0.01522	0.00897	0.01049	0.00791	0.00530	0.00430	0.00142	0.00701	0.00360	0.00264	0.00801
44	0.03914	0.01152	0.01542	0.06742	0.01788	0.01124	0.05898	0.06381	0.07071	0.16665	0.08753	0.01902	0.01574	0.00710	0.00691	0.00169	0.06843	0.00576	0.00490	0.26015

[dist]
# distance from previous block
# <min> <max>
0	1

[block]
# block no. 2 follows, 37 sequences, length 32
# corresponding to MSA columns:
# 157-160,163-190
name=unknown_C
#
# <colnr> <probs for GDERKNQSTAVLIFYWHMCP>
#	G	D	E	R	K	N	Q	S	T	A	V	L	I	F	Y	W	H	M	C	P
0	0.04780	0.01187	0.01414	0.01136	0.01561	0.01187	0.00922	0.15123	0.16267	0.40032	0.04779	0.02236	0.04915	0.00815	0.00617	0.00193	0.00522	0.00658	0.00682	0.00976
1	0.01228	0.03166	0.75316	0.01745	0.02649	0.01422	0.02262	0.01939	0.01292	0.01939	0.01099	0.01292	0.00775	0.00582	0.00582	0.00194	0.00905	0.00452	0.00258	0.00905
2	0.01480	0.01321	0.05012	0.01587	0.13911	0.01110	0.05690	0.09935	0.01513	0.05539	0.01439	0.03509	0.03423	0.00598	0.00545	0.00141	0.00579	0.00520	0.00404	0.41745
3	0.01063	0.00532	0.00797	0.00797	0.00797	0.00532	0.00532	0.00797	0.00797	0.01063	0.01063	0.01861	0.01063	0.02127	0.02392	0.82190	0.00532	0.00532	0.00266	0.00266
4	0.01156	0.01088	0.01836	0.77016	0.04216	0.01360	0.01700	0.01564	0.01224	0.01564	0.01088	0.01632	0.00816	0.00612	0.00612	0.00204	0.00816	0.00544	0.00272	0.00680
5	0.02393	0.01282	0.01535	0.01199	0.01644	0.01286	0.00981	0.32101	0.02194	0.38506	0.04702	0.06009	0.01608	0.00829	0.00627	0.00190	0.00568	0.00667	0.00683	0.00995
6	0.02451	0.01009	0.01360	0.01069	0.01514	0.00870	0.00883	0.02695	0.01689	0.62048	0.04458	0.02444	0.01738	0.00816	0.00623	0.00189	0.00512	0.05694	0.00711	0.07229
7	0.00743	0.00544	0.00698	0.00822	0.00880	0.00500	0.00555	0.00856	0.01201	0.01575	0.03745	0.68607	0.13290	0.01869	0.00774	0.00243	0.00349	0.01681	0.00568	0.00500
8	0.01460	0.37649	0.27379	0.01596	0.02267	0.01908	0.16178	0.01895	0.01301	0.01714	0.01014	0.01224	0.00812	0.00541	0.00524	0.00168	0.00816	0.00451	0.00271	0.00834
9	0.01399	0.12063	0.19104	0.01232	0.01675	0.06429	0.01201	0.05818	0.11360	0.05225	0.06291	0.08308	0.12038	0.00931	0.00672	0.00194	0.04093	0.00739	0.00447	0.00782
10	0.01278	0.03052	0.70908	0.01795	0.05041	0.01409	0.02213	0.01964	0.01308	0.03881	0.01135	0.01321	0.00802	0.00585	0.00583	0.00193	0.00889	0.00460	0.00273	0.00910
11	0.01034	0.00723	0.00846	0.00857	0.01002	0.00711	0.00610	0.01393	0.12243	0.06708	0.03468	0.29677	0.17511	0.16227	0.01183	0.00297	0.00431	0.03940	0.00552	0.00589
12	0.01293	0.16572	0.01500	0.01030	0.01320	0.02982	0.00829	0.05135	0.24778	0.02006	0.05106	0.16642	0.12286	0.02773	0.00682	0.00208	0.00491	0.03104	0.00520	0.00742
13	0.01966	0.01595	0.07001	0.01493	0.01946	0.09239	0.11910	0.08742	0.17410	0.23363	0.01909	0.02043	0.01401	0.00761	0.00678	0.00199	0.03119	0.03768	0.00541	0.00915
14	0.00874	0.00656	0.00984	0.00984	0.01093	0.00765	0.00765	0.01093	0.00984	0.01421	0.01640	0.02405	0.01530	0.04591	0.76062	0.00984	0.01640	0.00656	0.00328	0.00547
15	0.01331	0.01109	0.01179	0.01069	0.01367	0.01229	0.00828	0.04758	0.48842	0.02427	0.10486	0.03099	0.14392	0.00987	0.00642	0.00202	0.00433	0.00826	0.03954	0.00839
16	0.06631	0.03374	0.05292	0.03879	0.08336	0.04626	0.15859	0.12011	0.01679	0.20911	0.01735	0.04512	0.01367	0.00762	0.00636	0.00198	0.00715	0.06105	0.00494	0.00876
17	0.02232	0.07054	0.03950	0.01572	0.05707	0.38727	0.01208	0.20530	0.01971	0.09539	0.01238	0.01316	0.00936	0.00658	0.00568	0.00168	0.00881	0.00462	0.00431	0.00853
18	0.01339	0.01339	0.01875	0.01607	0.01607	0.01875	0.01339	0.01473	0.00937	0.01473	0.00804	0.01339	0.00804	0.01071	0.02009	0.00268	0.77367	0.00536	0.00268	0.00670
19	0.00876	0.00651	0.00957	0.00957	0.01057	0.00751	0.00732	0.01076	0.00976	0.01401	0.01664	0.02541	0.01590	0.10894	0.69839	0.00950	0.01550	0.00676	0.00332	0.00532
20	0.01360	0.01462	0.09257	0.32962	0.31744	0.01414	0.01750	0.04928	0.03811	0.01911	0.01292	0.01662	0.02553	0.00616	0.00609	0.00193	0.00761	0.00557	0.00317	0.00839
21	0.01642	0.13447	0.02094	0.01674	0.07384	0.16928	0.01296	0.05515	0.01283	0.01640	0.00902	0.01258	0.00823	0.00840	0.01286	0.00214	0.40260	0.00477	0.00298	0.00738
22	0.82811	0.01184	0.00900	0.00805	0.01184	0.01373	0.00663	0.01799	0.01042	0.02746	0.00852	0.00994	0.00663	0.00568	0.00379	0.00189	0.00474	0.00331	0.00379	0.00663
23	0.01640	0.00944	0.01153	0.00974	0.01281	0.00912	0.00775	0.12244	0.05872	0.23250	0.29416	0.03495	0.11451	0.01058	0.00674	0.00195	0.00432	0.02771	0.00671	0.00792
24	0.12411	0.00974	0.00970	0.00837	0.01109	0.01050	0.00666	0.21447	0.01698	0.02786	0.01696	0.01882	0.01300	0.00700	0.00473	0.00160	0.00419	0.00533	0.48175	0.00715
25	0.02110	0.01522	0.01652	0.01308	0.01735	0.01668	0.01063	0.58609	0.04846	0.05592	0.01744	0.09458	0.01409	0.00860	0.00624	0.00190	0.00617	0.00681	0.03344	0.00967
26	0.00862	0.00626	0.00812	0.00766	0.00912	0.00576	0.00574	0.01147	0.01722	0.02430	0.72280	0.04612	0.07857	0.01260	0.00722	0.00193	0.00289	0.01113	0.00671	0.00576
27	0.00885	0.00602	0.00709	0.00700	0.00731	0.00598	0.00426	0.00948	0.01051	0.01432	0.15385	0.04045	0.02857	0.61089	0.05665	0.00535	0.00580	0.00921	0.00425	0.00417
28	0.63001	0.01262	0.01098	0.00929	0.01333	0.01424	0.00766	0.13762	0.01406	0.08646	0.01079	0.01160	0.00794	0.00611	0.00437	0.00188	0.00511	0.00391	0.00448	0.00756
29	0.01364	0.01300	0.02211	0.34627	0.44982	0.01415	0.01803	0.01746	0.01322	0.01816	0.01125	0.01564	0.00905	0.00573	0.00609	0.00191	0.00765	0.00545	0.00290	0.00848
30	0.02007	0.01589	0.01909	0.07611	0.14303	0.05514	0.03330	0.36512	0.10683	0.08014	0.01540	0.01615	0.01126	0.00695	0.00613	0.00187	0.00693	0.00568	0.00521	0.00969
31	0.01387	0.05748	0.14743	0.01841	0.02341	0.04472	0.30764	0.06977	0.01484	0.02003	0.05413	0.10667	0.01594	0.00815	0.00742	0.00206	0.04702	0.02945	0.00376	0.00781

[dist]
# distance from previous block
# <min> <max>
1	3

[block]
# block no. 3 follows, 37 sequences, length 20
# corresponding to MSA columns:
# 194-213
name=unknown_D
#
# <colnr> <probs for GDERKNQSTAVLIFYWHMCP>
#	G	D	E	R	K	N	Q	S	T	A	V	L	I	F	Y	W	H	M	C	P
0	0.45058	0.04954	0.04501	0.01091	0.01488	0.13076	0.00929	0.12463	0.01471	0.02558	0.01148	0.01537	0.00963	0.00685	0.00485	0.00188	0.00635	0.05627	0.00407	0.00735
1	0.12381	0.01649	0.03849	0.01895	0.13730	0.15132	0.16727	0.03734	0.06395	0.07652	0.07766	0.01859	0.03166	0.00684	0.00606	0.00188	0.00753	0.00608	0.00418	0.00810
2	0.01019	0.00904	0.00870	0.00813	0.01040	0.06323	0.00618	0.05310	0.06632	0.02007	0.20204	0.04740	0.44622	0.01319	0.00697	0.00199	0.00398	0.01100	0.00579	0.00606
3	0.01455	0.01227	0.01499	0.01292	0.01629	0.01352	0.07424	0.08343	0.45060	0.02534	0.09991	0.02749	0.02243	0.00898	0.00650	0.00207	0.00526	0.05943	0.04106	0.00873
4	0.00762	0.00545	0.00724	0.00842	0.00891	0.00508	0.00569	0.00892	0.01246	0.01680	0.12722	0.68405	0.04276	0.01830	0.00773	0.00241	0.00346	0.01657	0.00582	0.00508
5	0.01310	0.01099	0.01167	0.01061	0.01326	0.04513	0.00828	0.08422	0.29489	0.02439	0.24315	0.03439	0.09568	0.01167	0.02938	0.00226	0.00494	0.04824	0.00606	0.00769
6	0.02184	0.00919	0.01232	0.01015	0.01390	0.00804	0.00826	0.02412	0.01656	0.53610	0.07682	0.07976	0.08337	0.01005	0.00660	0.00202	0.00480	0.06008	0.00709	0.00894
7	0.01141	0.00571	0.00571	0.00571	0.00713	0.00571	0.00428	0.01426	0.01284	0.02282	0.01997	0.02282	0.01569	0.00713	0.00428	0.00143	0.00285	0.00571	0.81886	0.00571
8	0.00724	0.00616	0.00624	0.00630	0.00829	0.00516	0.00470	0.00877	0.01386	0.01650	0.06079	0.09011	0.71379	0.01566	0.00726	0.00209	0.00312	0.01311	0.00568	0.00516
9	0.01228	0.03166	0.75316	0.01745	0.02649	0.01422	0.02262	0.01939	0.01292	0.01939	0.01099	0.01292	0.00775	0.00582	0.00582	0.00194	0.00905	0.00452	0.00258	0.00905
10	0.01816	0.66258	0.02918	0.01054	0.01570	0.02176	0.01023	0.02019	0.01326	0.13364	0.01104	0.01160	0.00904	0.00562	0.00429	0.00140	0.00633	0.00374	0.00342	0.00827
11	0.01339	0.01339	0.01875	0.01607	0.01607	0.01875	0.01339	0.01473	0.00937	0.01473	0.00804	0.01339	0.00804	0.01071	0.02009	0.00268	0.77367	0.00536	0.00268	0.00670
12	0.01332	0.01470	0.03142	0.02300	0.02825	0.01378	0.60810	0.01781	0.01401	0.01896	0.01584	0.14025	0.01434	0.00743	0.00732	0.00213	0.00922	0.00887	0.00351	0.00772
13	0.00890	0.00593	0.00668	0.00668	0.00668	0.00593	0.00371	0.00890	0.00890	0.01187	0.01929	0.04006	0.02225	0.78487	0.03116	0.00593	0.00593	0.00890	0.00371	0.00371
14	0.01445	0.01651	0.03612	0.02580	0.03199	0.01548	0.72446	0.01961	0.01445	0.01961	0.01238	0.01651	0.00929	0.00516	0.00722	0.00206	0.01032	0.00722	0.00310	0.00826
15	0.01269	0.01088	0.01269	0.00907	0.01451	0.00816	0.00725	0.01541	0.01269	0.01995	0.01088	0.01269	0.00907	0.00453	0.00453	0.00091	0.00453	0.00363	0.00363	0.82229
16	0.01612	0.01660	0.02461	0.03392	0.60343	0.11284	0.06467	0.01959	0.01442	0.01931	0.01130	0.01470	0.00943	0.00555	0.00607	0.00180	0.00797	0.00537	0.00305	0.00926
17	0.02287	0.02917	0.01735	0.01577	0.01892	0.76030	0.01183	0.02444	0.01735	0.01498	0.00946	0.01104	0.00788	0.00631	0.00552	0.00158	0.01104	0.00394	0.00315	0.00710
18	0.00925	0.00615	0.00778	0.00778	0.00844	0.00658	0.00537	0.01058	0.00991	0.01457	0.01825	0.03090	0.01843	0.36506	0.31693	0.00676	0.00960	0.00745	0.13550	0.00473
19	0.01063	0.00532	0.00797	0.00797	0.00797	0.00532	0.00532	0.00797	0.00797	0.01063	0.01063	0.01861	0.01063	0.02127	0.02392	0.82190	0.00532	0.00532	0.00266	0.00266

[dist]
# distance from previous block
# <min> <max>
0	5

[block]
# block no. 4 follows, 37 sequences, length 13
# corresponding to MSA columns:
# 219-231
name=unknown_E
#
# <colnr> <probs for GDERKNQSTAVLIFYWHMCP>
#	G	D	E	R	K	N	Q	S	T	A	V	L	I	F	Y	W	H	M	C	P
0	0.02287	0.02917	0.01735	0.01577	0.01892	0.76030	0.01183	0.02444	0.01735	0.01498	0.00946	0.01104	0.00788	0.00631	0.00552	0.00158	0.01104	0.00394	0.00315	0.00710
1	0.82811	0.01184	0.00900	0.00805	0.01184	0.01373	0.00663	0.01799	0.01042	0.02746	0.00852	0.00994	0.00663	0.00568	0.00379	0.00189	0.00474	0.00331	0.00379	0.00663
2	0.01257	0.01052	0.01612	0.56739	0.03389	0.01268	0.01427	0.07854	0.01382	0.01895	0.01283	0.01733	0.00970	0.00641	0.00579	0.00191	0.00709	0.00549	0.14779	0.00693
3	0.01063	0.00532	0.00797	0.00797	0.00797	0.00532	0.00532	0.00797	0.00797	0.01063	0.01063	0.01861	0.01063	0.02127	0.02392	0.82190	0.00532	0.00532	0.00266	0.00266
4	0.01155	0.01042	0.01724	0.70224	0.03905	0.01290	0.01587	0.01552	0.01229	0.01628	0.01169	0.01690	0.00883	0.00621	0.00596	0.00199	0.00769	0.00546	0.07523	0.00670
5	0.02277	0.01690	0.01809	0.01398	0.01879	0.01875	0.01151	0.68326	0.07261	0.03777	0.01533	0.01520	0.01092	0.00741	0.00613	0.00185	0.00662	0.00560	0.00613	0.01037
6	0.01228	0.01267	0.02565	0.01901	0.02343	0.01184	0.45502	0.01659	0.01553	0.02146	0.28647	0.02746	0.02746	0.00792	0.00722	0.00201	0.00753	0.00867	0.00446	0.00733
7	0.01053	0.00535	0.00790	0.00790	0.00790	0.00535	0.00522	0.00803	0.00803	0.01070	0.01113	0.01983	0.01130	0.06480	0.02434	0.77539	0.00535	0.00552	0.00272	0.00272
8	0.01884	0.01664	0.01523	0.01297	0.01617	0.17500	0.01011	0.26517	0.14954	0.04708	0.01679	0.05386	0.01403	0.07972	0.00917	0.00227	0.05235	0.00631	0.03043	0.00833
9	0.00877	0.00647	0.00799	0.00771	0.00917	0.00602	0.00567	0.03357	0.01609	0.02205	0.49200	0.13214	0.16370	0.05104	0.00842	0.00220	0.00327	0.01182	0.00628	0.00563
10	0.01802	0.01466	0.01507	0.01281	0.01662	0.05118	0.01015	0.23224	0.43923	0.05272	0.05474	0.02092	0.01748	0.00810	0.00621	0.00197	0.00561	0.00654	0.00612	0.00962
11	0.00846	0.00586	0.00691	0.00714	0.00753	0.00566	0.00442	0.00912	0.01080	0.01443	0.10847	0.19583	0.07970	0.48426	0.02191	0.00449	0.00489	0.01119	0.00460	0.00431
12	0.09304	0.15306	0.01968	0.01317	0.01747	0.10901	0.07748	0.20707	0.07029	0.02399	0.01428	0.08161	0.01235	0.00737	0.00557	0.00174	0.00679	0.00588	0.00439	0.07575

[dist]
# distance from previous block
# <min> <max>
1	4

[block]
# block no. 5 follows, 37 sequences, length 33
# corresponding to MSA columns:
# 237-257,261-272
name=unknown_F
#
# <colnr> <probs for GDERKNQSTAVLIFYWHMCP>
#	G	D	E	R	K	N	Q	S	T	A	V	L	I	F	Y	W	H	M	C	P
0	0.40571	0.10583	0.01454	0.01019	0.01446	0.04560	0.00852	0.13438	0.05871	0.08583	0.01197	0.01258	0.00901	0.00617	0.00464	0.00176	0.00556	0.00416	0.00445	0.05595
1	0.02034	0.01573	0.01561	0.01379	0.04645	0.13805	0.01051	0.17091	0.23151	0.17806	0.03475	0.01995	0.01508	0.00772	0.00610	0.00188	0.00641	0.02581	0.00576	0.03560
2	0.02512	0.01026	0.01369	0.01073	0.01511	0.00914	0.00878	0.02851	0.06455	0.64399	0.08305	0.02300	0.01887	0.00803	0.00625	0.00191	0.00499	0.00661	0.00742	0.00999
3	0.01294	0.12170	0.61137	0.01725	0.02562	0.01552	0.07490	0.01928	0.01298	0.01880	0.01079	0.01282	0.00788	0.00570	0.00570	0.00187	0.00884	0.00458	0.00263	0.00884
4	0.00768	0.00574	0.00715	0.00790	0.00888	0.00522	0.00556	0.00923	0.01330	0.01749	0.16583	0.46039	0.21070	0.01707	0.00759	0.00230	0.00338	0.03354	0.00587	0.00518
5	0.01328	0.01286	0.02250	0.40592	0.33306	0.01414	0.07562	0.01727	0.01312	0.01777	0.01127	0.01585	0.00889	0.00577	0.00619	0.00195	0.00797	0.00559	0.00288	0.00812
6	0.82811	0.01184	0.00900	0.00805	0.01184	0.01373	0.00663	0.01799	0.01042	0.02746	0.00852	0.00994	0.00663	0.00568	0.00379	0.00189	0.00474	0.00331	0.00379	0.00663
7	0.01207	0.00923	0.01039	0.00932	0.01185	0.00933	0.00734	0.17494	0.06807	0.02469	0.24971	0.06109	0.25087	0.01245	0.00701	0.00204	0.00419	0.06240	0.00613	0.00689
8	0.00746	0.00533	0.00710	0.00852	0.00888	0.00497	0.00568	0.00852	0.01172	0.01563	0.03374	0.78088	0.04049	0.01918	0.00781	0.00249	0.00355	0.01740	0.00568	0.00497
9	0.01473	0.01411	0.02408	0.12407	0.66351	0.01443	0.01858	0.01841	0.01374	0.01948	0.01144	0.01529	0.00951	0.00553	0.00607	0.00184	0.00738	0.00545	0.00299	0.00935
10	0.00821	0.00616	0.00761	0.00741	0.00891	0.00556	0.00550	0.01061	0.01601	0.02181	0.51494	0.11506	0.22208	0.01384	0.00728	0.00201	0.00300	0.01209	0.00639	0.00556
11	0.01451	0.01635	0.03520	0.02676	0.09046	0.01540	0.66673	0.01954	0.01441	0.01964	0.01231	0.01640	0.00932	0.00518	0.00713	0.00204	0.01007	0.00708	0.00309	0.00837
12	0.00866	0.00626	0.00818	0.00770	0.00914	0.00578	0.00578	0.01155	0.01733	0.02455	0.74346	0.04572	0.05776	0.01251	0.00722	0.00193	0.00289	0.01107	0.00674	0.00578
13	0.01339	0.01339	0.01875	0.01607	0.01607	0.01875	0.01339	0.01473	0.00937	0.01473	0.00804	0.01339	0.00804	0.01071	0.02009	0.00268	0.77367	0.00536	0.00268	0.00670
14	0.00874	0.00656	0.00984	0.00984	0.01093	0.00765	0.00765	0.01093	0.00984	0.01421	0.01640	0.02405	0.01530	0.04591	0.76062	0.00984	0.01640	0.00656	0.00328	0.00547
15	0.00874	0.00656	0.00984	0.00984	0.01093	0.00765	0.00765	0.01093	0.00984	0.01421	0.01640	0.02405	0.01530	0.04591	0.76062	0.00984	0.01640	0.00656	0.00328	0.00547
16	0.01228	0.03166	0.75316	0.01745	0.02649	0.01422	0.02262	0.01939	0.01292	0.01939	0.01099	0.01292	0.00775	0.00582	0.00582	0.00194	0.00905	0.00452	0.00258	0.00905
17	0.01593	0.70882	0.10805	0.01121	0.01685	0.02317	0.01175	0.01844	0.01249	0.01493	0.00877	0.01015	0.00784	0.00530	0.00413	0.00138	0.00681	0.00340	0.00261	0.00798
18	0.82811	0.01184	0.00900	0.00805	0.01184	0.01373	0.00663	0.01799	0.01042	0.02746	0.00852	0.00994	0.00663	0.00568	0.00379	0.00189	0.00474	0.00331	0.00379	0.00663
19	0.02287	0.02917	0.01735	0.01577	0.01892	0.76030	0.01183	0.02444	0.01735	0.01498	0.00946	0.01104	0.00788	0.00631	0.00552	0.00158	0.01104	0.00394	0.00315	0.00710
20	0.00866	0.00626	0.00818	0.00770	0.00914	0.00578	0.00578	0.01155	0.01733	0.02455	0.74346	0.04572	0.05776	0.01251	0.00722	0.00193	0.00289	0.01107	0.00674	0.00578
21	0.01445	0.01651	0.03612	0.02580	0.03199	0.01548	0.72446	0.01961	0.01445	0.01961	0.01238	0.01651	0.00929	0.00516	0.00722	0.00206	0.01032	0.00722	0.00310	0.00826
22	0.00746	0.00533	0.00710	0.00852	0.00888	0.00497	0.00568	0.00852	0.01172	0.01563	0.03374	0.78088	0.04049	0.01918	0.00781	0.00249	0.00355	0.01740	0.00568	0.00497
23	0.00929	0.07026	0.01014	0.00793	0.00968	0.00728	0.00616	0.01211	0.01693	0.02372	0.68333	0.04279	0.05367	0.01192	0.00695	0.00187	0.00319	0.01043	0.00640	0.00595
24	0.02291	0.01697	0.01817	0.01401	0.01885	0.01882	0.01155	0.69535	0.06029	0.03800	0.01515	0.01506	0.01078	0.00739	0.00613	0.00185	0.00665	0.00557	0.00613	0.01038
25	0.02295	0.01669	0.01797	0.01388	0.01869	0.01843	0.01143	0.66260	0.06898	0.06223	0.01561	0.01537	0.01105	0.00741	0.00613	0.00185	0.00657	0.00561	0.00618	0.01037
26	0.01515	0.01454	0.02485	0.03757	0.74669	0.01454	0.01879	0.01879	0.01394	0.02000	0.01151	0.01515	0.00970	0.00545	0.00606	0.00182	0.00727	0.00545	0.00303	0.00970
27	0.01314	0.19195	0.60046	0.01597	0.02421	0.01633	0.02005	0.01916	0.01282	0.01833	0.01046	0.01227	0.00778	0.00569	0.00542	0.00181	0.00852	0.00426	0.00259	0.00879
28	0.00869	0.00614	0.00715	0.00690	0.00844	0.00560	0.00511	0.01103	0.01519	0.02127	0.39525	0.04565	0.24642	0.05558	0.00810	0.00211	0.00311	0.01065	0.13213	0.00547
29	0.01467	0.01433	0.02116	0.28255	0.39073	0.07618	0.01684	0.04673	0.01437	0.01902	0.03751	0.01628	0.01078	0.00608	0.00608	0.00188	0.00771	0.00553	0.00319	0.00838
30	0.03280	0.04241	0.48655	0.01810	0.08291	0.04280	0.05049	0.01990	0.01359	0.07959	0.03808	0.01490	0.01037	0.00632	0.00639	0.00193	0.03577	0.00504	0.00326	0.00882
31	0.02072	0.01723	0.03844	0.01358	0.01832	0.06987	0.01126	0.48488	0.13188	0.03264	0.01539	0.01542	0.01127	0.00711	0.00594	0.00177	0.00662	0.00540	0.00559	0.08668
32	0.00785	0.00572	0.00731	0.00796	0.00881	0.00527	0.00553	0.00947	0.01354	0.01825	0.24826	0.45653	0.12132	0.04416	0.00841	0.00240	0.00339	0.01472	0.00593	0.00519

[dist]
# distance from previous block
# <min> <max>
0	1

[block]
# block no. 6 follows, 37 sequences, length 70
# corresponding to MSA columns:
# 274-343
name=unknown_G
#
# <colnr> <probs for GDERKNQSTAVLIFYWHMCP>
#	G	D	E	R	K	N	Q	S	T	A	V	L	I	F	Y	W	H	M	C	P
0	0.01427	0.01114	0.01313	0.01056	0.01429	0.03213	0.02896	0.07993	0.10402	0.08119	0.19597	0.02486	0.05293	0.00820	0.00647	0.00163	0.03357	0.00679	0.00526	0.27471
1	0.01071	0.00716	0.00841	0.00774	0.00997	0.00644	0.00598	0.04196	0.01620	0.10041	0.30481	0.04840	0.36146	0.01325	0.00710	0.00201	0.00348	0.03203	0.00629	0.00619
2	0.02136	0.01506	0.01645	0.01318	0.01762	0.01655	0.01070	0.42534	0.24271	0.12622	0.01903	0.01797	0.01354	0.00767	0.00616	0.00192	0.00596	0.00602	0.00634	0.01019
3	0.10929	0.15238	0.01912	0.01341	0.01751	0.30711	0.01090	0.23058	0.04551	0.02361	0.01131	0.01223	0.00889	0.00644	0.00526	0.00166	0.00809	0.00433	0.00412	0.00825
4	0.01381	0.02869	0.64888	0.01645	0.02491	0.01345	0.02062	0.02026	0.01337	0.09225	0.01229	0.01370	0.00855	0.00594	0.00580	0.00189	0.00848	0.00465	0.00312	0.04290
5	0.01639	0.03803	0.10647	0.02225	0.23101	0.01294	0.17196	0.04132	0.01521	0.15969	0.05725	0.02083	0.06434	0.00697	0.00639	0.00191	0.00719	0.00664	0.00433	0.00888
6	0.01646	0.09337	0.06153	0.02137	0.02725	0.03060	0.49460	0.02129	0.03576	0.11548	0.01380	0.01634	0.01010	0.00563	0.00663	0.00195	0.00907	0.00650	0.00371	0.00855
7	0.01249	0.01021	0.01137	0.01090	0.01321	0.01132	0.00822	0.03933	0.42345	0.02220	0.06071	0.22362	0.02702	0.05070	0.00805	0.00240	0.00456	0.04649	0.00595	0.00779
8	0.05750	0.01047	0.01401	0.01078	0.01548	0.00917	0.00891	0.02939	0.01725	0.72379	0.02356	0.02043	0.01483	0.00751	0.00607	0.00189	0.00519	0.00605	0.00743	0.01028
9	0.01536	0.01494	0.02464	0.03698	0.72697	0.03475	0.01860	0.01894	0.01403	0.01986	0.01146	0.01504	0.00965	0.00548	0.00605	0.00181	0.00737	0.00541	0.00303	0.00963
10	0.01448	0.23580	0.48414	0.01522	0.02282	0.01741	0.01822	0.08949	0.01437	0.01994	0.01068	0.01226	0.00805	0.00581	0.00533	0.00176	0.00814	0.00428	0.00295	0.00886
11	0.00782	0.00588	0.00683	0.00722	0.00824	0.00534	0.00492	0.00907	0.01263	0.01628	0.12856	0.28082	0.28913	0.17459	0.01234	0.00298	0.00380	0.01328	0.00541	0.00488
12	0.00777	0.00620	0.00695	0.00681	0.00861	0.00539	0.00509	0.00980	0.01515	0.01947	0.31282	0.07052	0.47485	0.01448	0.00724	0.00202	0.00303	0.01234	0.00607	0.00539
13	0.03757	0.01287	0.02295	0.42359	0.22194	0.01419	0.14437	0.01724	0.01302	0.01784	0.01124	0.01586	0.00871	0.00576	0.00623	0.00198	0.00822	0.00570	0.00290	0.00781
14	0.00863	0.00684	0.00968	0.02797	0.01145	0.00646	0.05656	0.03022	0.01319	0.01741	0.10176	0.47537	0.15010	0.04399	0.00838	0.00243	0.00418	0.01444	0.00547	0.00546
15	0.00820	0.00620	0.00731	0.00706	0.00854	0.00558	0.00514	0.01027	0.01514	0.02024	0.41948	0.04962	0.29192	0.10664	0.01011	0.00246	0.00333	0.01145	0.00601	0.00532
16	0.01293	0.02530	0.50548	0.04163	0.11912	0.01380	0.07487	0.03728	0.01354	0.01998	0.01225	0.03147	0.00937	0.00614	0.00594	0.00192	0.00837	0.00526	0.04659	0.00877
17	0.01502	0.22514	0.40871	0.01535	0.02252	0.01728	0.05236	0.09030	0.04452	0.03749	0.01167	0.01307	0.00875	0.00593	0.00545	0.00178	0.00796	0.00457	0.00324	0.00889
18	0.02430	0.01519	0.08943	0.01280	0.01803	0.01345	0.01139	0.30332	0.02150	0.39729	0.01911	0.01763	0.01255	0.00731	0.00611	0.00188	0.00619	0.00574	0.00651	0.01028
19	0.01228	0.03166	0.75316	0.01745	0.02649	0.01422	0.02262	0.01939	0.01292	0.01939	0.01099	0.01292	0.00775	0.00582	0.00582	0.00194	0.00905	0.00452	0.00258	0.00905
20	0.04523	0.04770	0.01867	0.01600	0.04023	0.46320	0.04106	0.15600	0.04553	0.02051	0.01109	0.01255	0.00885	0.00665	0.00627	0.00172	0.04245	0.00455	0.00381	0.00794
21	0.01494	0.37086	0.21642	0.01233	0.01785	0.01764	0.01299	0.03597	0.07510	0.05719	0.04114	0.07568	0.01370	0.00722	0.00523	0.00170	0.00662	0.00555	0.00367	0.00821
22	0.00874	0.00656	0.00984	0.00984	0.01093	0.00765	0.00765	0.01093	0.00984	0.01421	0.01640	0.02405	0.01530	0.04591	0.76062	0.00984	0.01640	0.00656	0.00328	0.00547
23	0.01445	0.01651	0.03612	0.02580	0.03199	0.01548	0.72446	0.01961	0.01445	0.01961	0.01238	0.01651	0.00929	0.00516	0.00722	0.00206	0.01032	0.00722	0.00310	0.00826
24	0.01472	0.01414	0.01329	0.01338	0.05908	0.14977	0.00958	0.02394	0.35789	0.02098	0.02449	0.13483	0.05592	0.01002	0.00638	0.00203	0.00581	0.03675	0.03903	0.00797
25	0.02746	0.01042	0.01421	0.01089	0.01563	0.00900	0.00900	0.02983	0.01752	0.75093	0.02415	0.02083	0.01515	0.00758	0.00616	0.00189	0.00521	0.00616	0.00758	0.01042
26	0.00738	0.00621	0.00640	0.00635	0.00836	0.00523	0.00476	0.00906	0.01429	0.01733	0.12986	0.05760	0.67585	0.01521	0.00723	0.00205	0.00308	0.01273	0.00579	0.00523
