[name]
unknown

[dist]
# distance from previous block
# <min> <max>
0	16

[block]
# block no. 0 follows, 28 sequences, length 36
# corresponding to MSA columns:
# 16-28,30-52
name=unknown_A
#
# <colnr> <probs for GDERKNQSTAVLIFYWHMCP>
#	G	D	E	R	K	N	Q	S	T	A	V	L	I	F	Y	W	H	M	C	P
0	0.01493	0.01456	0.04444	0.04206	0.12960	0.09104	0.01285	0.04722	0.03743	0.02219	0.04876	0.22586	0.02929	0.03507	0.00902	0.00267	0.00720	0.13075	0.00550	0.04956
1	0.01788	0.09183	0.11834	0.01480	0.04429	0.03484	0.01276	0.14642	0.04947	0.08420	0.06294	0.14757	0.07527	0.05552	0.00922	0.00259	0.00701	0.00986	0.00588	0.00928
2	0.02112	0.01993	0.06411	0.01963	0.09477	0.08262	0.02998	0.24632	0.19353	0.03148	0.01917	0.02045	0.01471	0.01271	0.07129	0.00312	0.03148	0.00687	0.00580	0.01087
3	0.00970	0.00702	0.00879	0.00937	0.01052	0.00642	0.00647	0.01152	0.01540	0.02103	0.18211	0.41281	0.10978	0.08457	0.01127	0.00301	0.00427	0.01651	0.03105	0.03838
4	0.01587	0.05479	0.02096	0.09847	0.16511	0.05965	0.05692	0.06208	0.01702	0.02281	0.04587	0.19259	0.02197	0.01083	0.00741	0.00219	0.00745	0.00972	0.00482	0.12348
5	0.05427	0.06195	0.19997	0.02376	0.15408	0.08323	0.11232	0.04688	0.01642	0.02300	0.01388	0.01757	0.01117	0.01254	0.09360	0.00329	0.01106	0.00611	0.00372	0.05118
6	0.01036	0.00721	0.00913	0.00954	0.01085	0.00689	0.00684	0.01176	0.01418	0.04110	0.06219	0.26259	0.21802	0.08581	0.13371	0.06095	0.00717	0.02975	0.00592	0.00601
7	0.01006	0.00714	0.00922	0.00965	0.01061	0.00735	0.00681	0.01174	0.01282	0.01775	0.03183	0.21807	0.10374	0.18585	0.26125	0.00672	0.01002	0.01243	0.06106	0.00588
8	0.01823	0.08954	0.24978	0.04270	0.16103	0.06149	0.01907	0.06407	0.05711	0.06118	0.01636	0.04971	0.01322	0.00815	0.00740	0.00222	0.03146	0.00656	0.03038	0.01035
9	0.02464	0.04644	0.04119	0.10371	0.04597	0.07307	0.03614	0.26286	0.02379	0.18077	0.01790	0.01857	0.01263	0.00793	0.00700	0.00210	0.00823	0.00630	0.00612	0.07463
10	0.01038	0.00779	0.01168	0.01168	0.01298	0.00909	0.00909	0.01298	0.01168	0.01687	0.01947	0.02856	0.01817	0.05452	0.71573	0.01168	0.01947	0.00779	0.00389	0.00649
11	0.01579	0.01801	0.13196	0.10331	0.38503	0.01502	0.01973	0.02063	0.01630	0.02364	0.05886	0.02423	0.01682	0.00806	0.00721	0.00224	0.00817	0.04093	0.07400	0.01006
12	0.02038	0.07254	0.02540	0.07820	0.27801	0.16972	0.05165	0.05923	0.04052	0.05578	0.06560	0.01998	0.01573	0.00770	0.00707	0.00211	0.00918	0.00661	0.00448	0.01008
13	0.01269	0.00668	0.01015	0.04885	0.01170	0.00685	0.00707	0.00997	0.00975	0.01295	0.01264	0.02195	0.01247	0.02427	0.02725	0.74537	0.00650	0.00632	0.00316	0.00343
14	0.00981	0.00741	0.00905	0.00864	0.01056	0.00665	0.00648	0.01278	0.01944	0.02645	0.51877	0.05875	0.24686	0.01587	0.00858	0.00233	0.00350	0.01377	0.00765	0.00665
15	0.07340	0.01277	0.01447	0.02960	0.01674	0.01316	0.00979	0.18620	0.07687	0.14904	0.17579	0.03508	0.12422	0.01141	0.00749	0.00227	0.00559	0.00934	0.03720	0.00957
16	0.06868	0.11920	0.11990	0.07569	0.20787	0.07074	0.07000	0.06289	0.05292	0.06345	0.01467	0.01709	0.01134	0.00708	0.00673	0.00215	0.00898	0.00599	0.00424	0.01037
17	0.02566	0.03204	0.02122	0.02013	0.05810	0.61612	0.01465	0.02764	0.01954	0.01808	0.01121	0.01362	0.00949	0.00791	0.00814	0.00201	0.07728	0.00493	0.00369	0.00855
18	0.01665	0.01287	0.01523	0.01096	0.01735	0.00978	0.00880	0.01984	0.01559	0.08473	0.01433	0.01594	0.01141	0.00571	0.00556	0.00118	0.00546	0.00458	0.00473	0.71932
19	0.05176	0.11790	0.07069	0.02328	0.05551	0.15490	0.29666	0.06472	0.01812	0.02301	0.01441	0.04878	0.01201	0.00740	0.00730	0.00220	0.01070	0.00716	0.00398	0.00950
20	0.01340	0.00968	0.01267	0.01391	0.07763	0.00953	0.00940	0.05311	0.06042	0.06685	0.15929	0.23203	0.12548	0.03696	0.04032	0.00309	0.00576	0.05594	0.00671	0.00781
21	0.03599	0.00879	0.01095	0.01028	0.01257	0.00838	0.00773	0.03895	0.04830	0.11474	0.35158	0.20733	0.08491	0.01547	0.00836	0.00245	0.00430	0.01356	0.00762	0.00773
22	0.20838	0.01631	0.01673	0.01367	0.01859	0.01803	0.01112	0.28929	0.15446	0.10859	0.01964	0.01933	0.01418	0.00849	0.00652	0.00223	0.00654	0.00635	0.05075	0.01081
23	0.01930	0.55658	0.15602	0.01430	0.02129	0.02608	0.01514	0.08058	0.01661	0.02073	0.01129	0.01284	0.00958	0.00657	0.00530	0.00174	0.00832	0.00439	0.00348	0.00985
24	0.00972	0.00711	0.00820	0.00829	0.00970	0.00646	0.00577	0.01122	0.01546	0.02019	0.18397	0.14257	0.29645	0.16119	0.01528	0.04739	0.00450	0.01388	0.02687	0.00577
25	0.01458	0.03760	0.70688	0.02072	0.03146	0.01688	0.02686	0.02302	0.01535	0.02302	0.01304	0.01535	0.00921	0.00691	0.00691	0.00230	0.01074	0.00537	0.00307	0.01074
26	0.02116	0.01812	0.04543	0.01536	0.01991	0.06824	0.01269	0.25329	0.25493	0.05499	0.06091	0.05108	0.02207	0.01062	0.00759	0.00238	0.00717	0.05635	0.00692	0.01077
27	0.01898	0.01478	0.01603	0.01410	0.01809	0.01645	0.01101	0.13921	0.43158	0.06839	0.05243	0.09199	0.05205	0.01130	0.00763	0.00244	0.00585	0.00947	0.00740	0.01082
28	0.01786	0.01065	0.01291	0.01119	0.01460	0.01037	0.00877	0.04516	0.14533	0.20302	0.29317	0.04245	0.12878	0.01268	0.00799	0.00233	0.00476	0.01079	0.00795	0.00924
29	0.01838	0.01709	0.02742	0.09636	0.47777	0.01796	0.04649	0.08159	0.06769	0.02551	0.01501	0.01872	0.01213	0.00724	0.00797	0.00226	0.03847	0.00669	0.00417	0.01108
30	0.01262	0.00650	0.00918	0.00918	0.00955	0.00659	0.00631	0.01097	0.01059	0.01534	0.01497	0.02339	0.01403	0.02455	0.07381	0.60161	0.00677	0.00650	0.13355	0.00400
31	0.01308	0.00929	0.01111	0.01061	0.01276	0.00910	0.00788	0.12122	0.01974	0.04857	0.22489	0.30494	0.14421	0.01714	0.00858	0.00254	0.00460	0.01500	0.00726	0.00748
32	0.02669	0.01984	0.02130	0.01639	0.02216	0.02181	0.01350	0.61985	0.06203	0.04422	0.01780	0.01778	0.01273	0.00864	0.00720	0.00215	0.00779	0.00653	0.00715	0.04443
33	0.01042	0.00764	0.01091	0.01091	0.01194	0.00867	0.00812	0.01249	0.01145	0.01630	0.02018	0.03246	0.01987	0.19621	0.57635	0.01073	0.01692	0.00836	0.00400	0.00606
34	0.01033	0.00700	0.00795	0.00810	0.00825	0.00690	0.00466	0.01052	0.01114	0.01474	0.02671	0.11066	0.05835	0.64730	0.03324	0.00647	0.00664	0.01169	0.00472	0.00462
35	0.01377	0.01048	0.01162	0.01079	0.01356	0.01066	0.00815	0.07621	0.17553	0.05168	0.13975	0.13984	0.24512	0.04777	0.00951	0.00267	0.00483	0.01278	0.00711	0.00817

[dist]
# distance from previous block
# <min> <max>
0	32

[block]
# block no. 1 follows, 28 sequences, length 7
# corresponding to MSA columns:
# 85,87-92
name=unknown_B
#
# <colnr> <probs for GDERKNQSTAVLIFYWHMCP>
#	G	D	E	R	K	N	Q	S	T	A	V	L	I	F	Y	W	H	M	C	P
0	0.02674	0.01252	0.01590	0.01245	0.01726	0.01150	0.00998	0.11357	0.02096	0.44688	0.06867	0.02764	0.02100	0.09359	0.01066	0.00271	0.00629	0.00775	0.00785	0.06608
1	0.79588	0.01406	0.01068	0.00956	0.01406	0.01631	0.00787	0.02137	0.01237	0.03261	0.01012	0.01181	0.00787	0.00675	0.00450	0.00225	0.00562	0.00394	0.00450	0.00787
2	0.01565	0.01533	0.02663	0.36539	0.24449	0.01738	0.09538	0.02015	0.01511	0.02059	0.01301	0.01862	0.01039	0.00745	0.00909	0.00242	0.08351	0.00670	0.00339	0.00932
3	0.00931	0.00708	0.00786	0.00814	0.00946	0.00640	0.00550	0.01059	0.01454	0.01833	0.08571	0.18918	0.34592	0.22980	0.01696	0.00387	0.00475	0.01485	0.00614	0.00563
4	0.06448	0.02812	0.02197	0.10021	0.02632	0.45742	0.06104	0.11311	0.02105	0.02277	0.01245	0.01480	0.00984	0.00749	0.00677	0.00204	0.01159	0.00537	0.00419	0.00898
5	0.02383	0.24066	0.02652	0.01844	0.07591	0.30421	0.01409	0.14071	0.04948	0.02355	0.01298	0.01444	0.01061	0.00735	0.00621	0.00188	0.00996	0.00507	0.00432	0.00977
6	0.02638	0.01974	0.02111	0.01647	0.02207	0.02196	0.01351	0.59175	0.11941	0.04380	0.01904	0.01872	0.01365	0.00887	0.00729	0.00222	0.00771	0.00676	0.00729	0.01225

[dist]
# distance from previous block
# <min> <max>
0	1

[block]
# block no. 2 follows, 28 sequences, length 26
# corresponding to MSA columns:
# 95-120
name=unknown_C
#
# <colnr> <probs for GDERKNQSTAVLIFYWHMCP>
#	G	D	E	R	K	N	Q	S	T	A	V	L	I	F	Y	W	H	M	C	P
0	0.01151	0.00806	0.00989	0.00987	0.01163	0.00769	0.00715	0.01540	0.07830	0.05998	0.27096	0.27235	0.14007	0.05087	0.00994	0.00276	0.00424	0.01498	0.00726	0.00706
1	0.01534	0.00894	0.01152	0.01067	0.01311	0.00847	0.00811	0.01945	0.07790	0.16232	0.32046	0.16072	0.06706	0.01531	0.00930	0.03881	0.00457	0.03230	0.00763	0.00802
2	0.02253	0.01693	0.01844	0.01496	0.01960	0.01862	0.01204	0.44059	0.13497	0.03929	0.11047	0.07333	0.02380	0.01068	0.00760	0.00229	0.00678	0.00865	0.00735	0.01106
3	0.01474	0.03645	0.66461	0.02135	0.03188	0.01698	0.06797	0.02304	0.01546	0.02304	0.01315	0.01562	0.00932	0.00686	0.00701	0.00231	0.01084	0.00558	0.00311	0.01068
4	0.00913	0.00656	0.00843	0.00964	0.01028	0.00611	0.00646	0.01051	0.01440	0.01919	0.10072	0.56730	0.09235	0.08839	0.01173	0.00324	0.00437	0.01868	0.00665	0.00587
5	0.00967	0.00726	0.00895	0.00883	0.01056	0.00655	0.00651	0.01240	0.01866	0.02531	0.44955	0.15262	0.22281	0.01684	0.00867	0.00242	0.00360	0.01473	0.00752	0.00655
6	0.01038	0.00779	0.01168	0.01168	0.01298	0.00909	0.00909	0.01298	0.01168	0.01687	0.01947	0.02856	0.01817	0.05452	0.71573	0.01168	0.01947	0.00779	0.00389	0.00649
7	0.02374	0.01754	0.01867	0.01498	0.01989	0.01949	0.01216	0.45362	0.16767	0.04008	0.02083	0.02077	0.01526	0.00893	0.00700	0.00218	0.00691	0.00692	0.11194	0.01143
8	0.01124	0.00726	0.00967	0.01070	0.01191	0.00676	0.00785	0.01314	0.01545	0.07243	0.07862	0.49883	0.07833	0.02058	0.00918	0.00290	0.00472	0.12686	0.00698	0.00660
9	0.02480	0.01868	0.02029	0.01538	0.02134	0.01964	0.01264	0.52677	0.02987	0.04082	0.01643	0.01692	0.01200	0.00797	0.00685	0.00193	0.00741	0.00604	0.00660	0.18762
10	0.02516	0.03120	0.02146	0.08569	0.08173	0.59288	0.01530	0.02751	0.01971	0.01836	0.01159	0.01409	0.00957	0.00739	0.00667	0.00195	0.01242	0.00499	0.00369	0.00865
11	0.00904	0.00653	0.00861	0.01020	0.01082	0.00609	0.00703	0.01049	0.01426	0.01884	0.04177	0.65701	0.08278	0.02235	0.00929	0.00295	0.00436	0.06485	0.00674	0.00597
12	0.00924	0.00691	0.00874	0.00982	0.01089	0.00650	0.00702	0.01090	0.01447	0.01878	0.04539	0.43630	0.19720	0.04895	0.07474	0.00381	0.00580	0.07211	0.00640	0.00603
13	0.01382	0.01028	0.01227	0.01102	0.01365	0.01038	0.00863	0.13112	0.06483	0.03109	0.45308	0.04891	0.09036	0.01403	0.00837	0.00236	0.00462	0.05544	0.00767	0.00807
14	0.00949	0.00665	0.00852	0.00978	0.01017	0.00636	0.00648	0.01057	0.01324	0.01762	0.03554	0.51750	0.04208	0.20843	0.01647	0.00403	0.00511	0.06024	0.00614	0.00557
15	0.01153	0.00796	0.00963	0.00957	0.01035	0.00828	0.00636	0.05671	0.01317	0.01809	0.02489	0.16109	0.02735	0.40948	0.15641	0.00666	0.00881	0.01137	0.03660	0.00570
16	0.02715	0.03464	0.02060	0.01873	0.02247	0.71536	0.01404	0.02903	0.02060	0.01779	0.01124	0.01311	0.00936	0.00749	0.00655	0.00187	0.01311	0.00468	0.00375	0.00843
17	0.01943	0.74891	0.03809	0.01244	0.01866	0.02876	0.01244	0.02177	0.01477	0.01710	0.01011	0.01166	0.00933	0.00622	0.00466	0.00155	0.00777	0.00389	0.00311	0.00933
18	0.01321	0.01213	0.01946	0.37932	0.03384	0.01453	0.05420	0.01689	0.01441	0.01924	0.02163	0.11140	0.05996	0.01146	0.01027	0.00264	0.11627	0.05291	0.02860	0.00764
19	0.01157	0.00801	0.00928	0.00935	0.01149	0.00727	0.00685	0.01457	0.05889	0.08306	0.08668	0.28499	0.34441	0.01828	0.00863	0.00259	0.00421	0.01581	0.00706	0.00701
20	0.00935	0.00753	0.00863	0.00904	0.01113	0.00681	0.00707	0.01151	0.01600	0.01972	0.06019	0.10727	0.47476	0.02228	0.07358	0.00349	0.00572	0.13319	0.00648	0.00626
21	0.01621	0.05433	0.08634	0.11438	0.08726	0.07455	0.01433	0.06088	0.01670	0.04567	0.07867	0.04529	0.01904	0.01756	0.13931	0.00397	0.04481	0.00741	0.06468	0.00861
22	0.02087	0.05683	0.08467	0.04561	0.21659	0.08178	0.01746	0.12095	0.05763	0.08627	0.01536	0.01776	0.01196	0.00837	0.00969	0.00232	0.12432	0.00625	0.00471	0.01059
23	0.10237	0.01732	0.06188	0.01620	0.06372	0.03857	0.01290	0.23749	0.04665	0.21187	0.09754	0.02315	0.01987	0.00904	0.00711	0.00222	0.00706	0.00716	0.00692	0.01096
24	0.01577	0.01543	0.02189	0.27543	0.17908	0.08314	0.05430	0.03589	0.03672	0.02077	0.01824	0.06734	0.03776	0.01403	0.08979	0.00342	0.01036	0.00783	0.00404	0.00878
25	0.06364	0.05444	0.02195	0.11491	0.12322	0.16005	0.08570	0.02116	0.01598	0.02139	0.01505	0.03944	0.01281	0.01182	0.06934	0.00294	0.03230	0.00654	0.09222	0.03509

[dist]
# distance from previous block
# <min> <max>
2	26

[block]
# block no. 3 follows, 28 sequences, length 56
# corresponding to MSA columns:
# 147-172,181-210
name=unknown_D
#
# <colnr> <probs for GDERKNQSTAVLIFYWHMCP>
#	G	D	E	R	K	N	Q	S	T	A	V	L	I	F	Y	W	H	M	C	P
0	0.01783	0.01468	0.01689	0.03798	0.01922	0.05737	0.03941	0.13981	0.07717	0.04916	0.03950	0.07492	0.01785	0.01358	0.08049	0.00290	0.00808	0.00741	0.04025	0.24548
1	0.19021	0.01974	0.07630	0.04749	0.14639	0.07012	0.15558	0.08223	0.06299	0.02735	0.01424	0.01690	0.01098	0.00698	0.00677	0.00221	0.00888	0.00618	0.00439	0.04407
2	0.01500	0.01144	0.01273	0.01158	0.01414	0.04013	0.00854	0.12052	0.04038	0.04641	0.02683	0.21797	0.05145	0.15000	0.10265	0.00434	0.00788	0.01124	0.00573	0.10104
3	0.25650	0.03741	0.10564	0.08880	0.04217	0.01486	0.07395	0.02122	0.01477	0.07107	0.01662	0.01912	0.03349	0.00767	0.00664	0.00219	0.03140	0.00598	0.11468	0.03582
4	0.01916	0.10600	0.12298	0.04776	0.04627	0.07852	0.01494	0.21753	0.02046	0.02696	0.01560	0.01913	0.01267	0.02006	0.19484	0.00463	0.01196	0.00622	0.00465	0.00965
5	0.01603	0.01541	0.02623	0.15379	0.33225	0.01624	0.10949	0.02124	0.05931	0.02201	0.01739	0.02284	0.03704	0.05052	0.03520	0.00293	0.04091	0.00747	0.00394	0.00975
6	0.00903	0.00681	0.00812	0.00890	0.01020	0.00607	0.00623	0.01039	0.01509	0.01920	0.08553	0.39012	0.31297	0.02072	0.01003	0.04670	0.00408	0.01730	0.00661	0.00589
7	0.01825	0.01789	0.02886	0.06632	0.64783	0.04781	0.02188	0.02248	0.01666	0.02331	0.01354	0.01782	0.01136	0.00655	0.00717	0.00216	0.00887	0.00640	0.00359	0.01126
8	0.01028	0.00921	0.03863	0.00983	0.01208	0.00790	0.00767	0.01451	0.08332	0.02298	0.21546	0.23201	0.27446	0.01730	0.00857	0.00253	0.00426	0.01503	0.00698	0.00699
9	0.01312	0.00750	0.01024	0.01030	0.01102	0.00758	0.00726	0.01329	0.06168	0.04028	0.02052	0.09769	0.02098	0.08767	0.02325	0.48001	0.00618	0.07212	0.00448	0.00483
10	0.00913	0.00652	0.00875	0.01043	0.01097	0.00614	0.00722	0.01059	0.01419	0.01886	0.03991	0.67701	0.04748	0.02252	0.00935	0.00299	0.00445	0.08075	0.00674	0.00598
11	0.01851	0.01583	0.01668	0.01488	0.01906	0.01828	0.01161	0.06702	0.65697	0.03110	0.02904	0.02669	0.02175	0.00981	0.00739	0.00245	0.00585	0.00814	0.00739	0.01154
12	0.01192	0.00949	0.01095	0.01022	0.01269	0.00956	0.00777	0.01937	0.18851	0.02756	0.40181	0.05055	0.18275	0.01431	0.00828	0.00237	0.00407	0.01234	0.00760	0.00789
13	0.00890	0.00680	0.00817	0.00904	0.01031	0.00608	0.00632	0.01058	0.01551	0.01996	0.11488	0.43363	0.28277	0.02045	0.00896	0.00271	0.00395	0.01803	0.00687	0.00608
14	0.01532	0.12300	0.55327	0.01953	0.02860	0.01891	0.02394	0.02229	0.01484	0.02172	0.01232	0.01495	0.00926	0.00743	0.00839	0.00230	0.08530	0.00529	0.00309	0.01028
15	0.01038	0.00779	0.01168	0.01168	0.01298	0.00909	0.00909	0.01298	0.01168	0.01687	0.01947	0.02856	0.01817	0.05452	0.71573	0.01168	0.01947	0.00779	0.00389	0.00649
16	0.01975	0.01396	0.01494	0.01280	0.01660	0.01534	0.01011	0.22961	0.23209	0.05607	0.02468	0.06392	0.01942	0.00981	0.00680	0.00218	0.00571	0.00795	0.22813	0.01015
17	0.01471	0.03671	0.67408	0.02121	0.03178	0.01696	0.05876	0.02303	0.01544	0.02303	0.01313	0.01556	0.00930	0.00687	0.00699	0.00231	0.01082	0.00553	0.00310	0.01070
18	0.01398	0.00894	0.01135	0.01024	0.01271	0.00856	0.00785	0.01917	0.09221	0.11558	0.53850	0.04760	0.05713	0.01357	0.00829	0.00230	0.00403	0.01187	0.00806	0.00806
19	0.01095	0.00755	0.00888	0.00916	0.00963	0.00753	0.00572	0.04762	0.01302	0.01737	0.02837	0.27870	0.03292	0.46059	0.02601	0.00540	0.00615	0.01374	0.00535	0.00535
20	0.00936	0.00688	0.00794	0.00857	0.00983	0.00624	0.00590	0.01093	0.01491	0.01952	0.08405	0.32527	0.28161	0.10975	0.01217	0.00316	0.00428	0.01615	0.05757	0.00591
21	0.01458	0.03760	0.70688	0.02072	0.03146	0.01688	0.02686	0.02302	0.01535	0.02302	0.01304	0.01535	0.00921	0.00691	0.00691	0.00230	0.01074	0.00537	0.00307	0.01074
22	0.01013	0.00725	0.00857	0.00890	0.01067	0.00639	0.00642	0.01205	0.01644	0.05451	0.15386	0.30565	0.33483	0.01897	0.00877	0.00260	0.00396	0.01652	0.00705	0.00647
23	0.05170	0.01836	0.01948	0.01557	0.02065	0.02050	0.01259	0.47376	0.17837	0.04020	0.02021	0.02103	0.01516	0.04811	0.00879	0.00251	0.00736	0.00704	0.00705	0.01159
24	0.09977	0.01265	0.01595	0.01253	0.01766	0.01175	0.01028	0.08304	0.02108	0.51987	0.09541	0.02605	0.02188	0.00938	0.00718	0.00225	0.00599	0.00755	0.00834	0.01138
25	0.01746	0.05758	0.02851	0.16673	0.41417	0.01822	0.06870	0.04466	0.03890	0.02309	0.01389	0.01821	0.01131	0.00705	0.00791	0.00225	0.04059	0.00654	0.00374	0.01049
26	0.01849	0.05674	0.02831	0.15862	0.42473	0.05356	0.05675	0.07289	0.01772	0.02388	0.01358	0.01770	0.01101	0.00681	0.00712	0.00218	0.00915	0.00637	0.00381	0.01061
27	0.01079	0.00869	0.01240	0.03624	0.12198	0.00832	0.00964	0.01321	0.01610	0.02170	0.16775	0.35957	0.13156	0.01750	0.00868	0.00262	0.00493	0.03481	0.00638	0.00711
28	0.05077	0.00705	0.00955	0.03377	0.01091	0.00723	0.00658	0.01085	0.01052	0.01503	0.01669	0.08515	0.01748	0.12848	0.02536	0.51526	0.00623	0.00804	0.03098	0.00410
29	0.69630	0.01538	0.01208	0.01056	0.01515	0.04162	0.00865	0.08322	0.01472	0.03333	0.01085	0.01239	0.00835	0.00696	0.00483	0.00223	0.00611	0.00421	0.00473	0.00831
30	0.02028	0.02658	0.18719	0.02181	0.09318	0.21685	0.08939	0.06853	0.04818	0.04805	0.05466	0.01875	0.01435	0.00787	0.00763	0.00217	0.03139	0.00637	0.00440	0.03237
31	0.01896	0.01620	0.06000	0.13821	0.24699	0.01585	0.01690	0.07047	0.13735	0.11250	0.04335	0.02425	0.04953	0.00857	0.00736	0.00230	0.00764	0.00749	0.00543	0.01067
32	0.79588	0.01406	0.01068	0.00956	0.01406	0.01631	0.00787	0.02137	0.01237	0.03261	0.01012	0.01181	0.00787	0.00675	0.00450	0.00225	0.00562	0.00394	0.00450	0.00787
33	0.01633	0.01558	0.02651	0.30970	0.44705	0.01684	0.02148	0.02086	0.01577	0.02174	0.01338	0.01853	0.01081	0.00678	0.00722	0.00226	0.00905	0.00647	0.00346	0.01018
34	0.01263	0.00631	0.00947	0.00947	0.00947	0.00631	0.00631	0.00947	0.00947	0.01263	0.01263	0.02210	0.01263	0.02525	0.02841	0.78851	0.00631	0.00631	0.00316	0.00316
35	0.01247	0.00827	0.00989	0.00997	0.01157	0.00800	0.00705	0.01573	0.08034	0.08120	0.06209	0.26838	0.14565	0.19498	0.01557	0.00375	0.00524	0.04656	0.00648	0.00678
36	0.01056	0.00755	0.00863	0.00849	0.01044	0.00670	0.00620	0.01253	0.01658	0.05552	0.18797	0.10769	0.37189	0.11964	0.01261	0.00312	0.00437	0.03633	0.00679	0.00636
37	0.01077	0.00807	0.00891	0.00848	0.01100	0.00716	0.00643	0.01400	0.05173	0.05900	0.22220	0.06152	0.47127	0.01660	0.00846	0.00240	0.00386	0.01401	0.00721	0.00692
38	0.04472	0.01136	0.01347	0.01160	0.01518	0.01130	0.00912	0.07836	0.13642	0.20098	0.24986	0.06326	0.09915	0.01234	0.00783	0.00234	0.00504	0.01042	0.00781	0.00945
39	0.03769	0.00875	0.01006	0.00988	0.01194	0.00867	0.00736	0.04546	0.07427	0.05086	0.16609	0.21827	0.13448	0.03924	0.00889	0.00259	0.00447	0.03534	0.11838	0.00730
40	0.00953	0.00749	0.00866	0.00883	0.01066	0.00679	0.00644	0.01247	0.04530	0.02252	0.23935	0.22066	0.33887	0.01807	0.00870	0.00252	0.00382	0.01567	0.00713	0.00651
41	0.01716	0.01961	0.04289	0.03064	0.03799	0.01838	0.67279	0.02328	0.01716	0.02328	0.01471	0.01961	0.01103	0.00613	0.00858	0.00245	0.01225	0.00858	0.00368	0.00980
42	0.01371	0.00941	0.01114	0.01078	0.01300	0.00947	0.00798	0.01992	0.16680	0.08628	0.15803	0.21997	0.10996	0.07541	0.01065	0.00292	0.00483	0.03267	0.02922	0.00788
43	0.01110	0.00766	0.00897	0.00923	0.01022	0.00745	0.00621	0.01303	0.04638	0.03981	0.03605	0.19042	0.13600	0.36682	0.02237	0.00482	0.00584	0.06611	0.00573	0.00577
44	0.01799	0.01727	0.02950	0.04462	0.69919	0.01727	0.02231	0.02231	0.01655	0.02375	0.01367	0.01799	0.01151	0.00648	0.00720	0.00216	0.00864	0.00648	0.00360	0.01151
45	0.01893	0.01036	0.01164	0.01019	0.01337	0.01055	0.00800	0.06647	0.13444	0.16670	0.06406	0.02757	0.02160	0.00920	0.00628	0.00201	0.00467	0.00749	0.39737	0.00910
46	0.01627	0.00967	0.01160	0.01036	0.01340	0.00895	0.00798	0.08566	0.01967	0.17593	0.17001	0.16085	0.24998	0.01535	0.00828	0.00243	0.00473	0.01310	0.00754	0.00827
47	0.30809	0.01269	0.01291	0.01185	0.01538	0.01379	0.00948	0.13743	0.03855	0.07529	0.02353	0.18500	0.02304	0.01260	0.00704	0.00254	0.00592	0.09019	0.00617	0.00851
48	0.01603	0.01321	0.02190	0.59899	0.09797	0.01567	0.01937	0.02062	0.01535	0.09028	0.01462	0.01983	0.01070	0.00738	0.00727	0.00238	0.00924	0.00655	0.00386	0.00879
49	0.00932	0.00655	0.00844	0.00966	0.01002	0.00630	0.00629	0.01034	0.01304	0.01744	0.03523	0.54953	0.04183	0.19401	0.04282	0.00425	0.00547	0.01779	0.00609	0.00557
50	0.00933	0.00711	0.00801	0.00837	0.00974	0.00643	0.00578	0.01075	0.01482	0.01873	0.09298	0.20246	0.33829	0.19639	0.01571	0.00370	0.00469	0.03473	0.00626	0.00573
51	0.00882	0.00648	0.00827	0.00970	0.01043	0.00594	0.00656	0.01017	0.01432	0.01872	0.04516	0.63822	0.14637	0.02211	0.00917	0.00288	0.00414	0.01986	0.00675	0.00594
52	0.00996	0.00758	0.00927	0.00988	0.01130	0.00722	0.00710	0.01342	0.06947	0.02217	0.19129	0.38256	0.17100	0.01908	0.00887	0.00269	0.00415	0.03928	0.00708	0.00663
53	0.01240	0.01059	0.01539	0.03644	0.11726	0.01213	0.01143	0.01456	0.01280	0.01800	0.02325	0.08736	0.07519	0.14000	0.24183	0.00625	0.14435	0.00937	0.00424	0.00716
54	0.01511	0.01465	0.02022	0.15442	0.05308	0.06918	0.07353	0.01866	0.03701	0.02030	0.08833	0.04977	0.01978	0.06855	0.03579	0.00320	0.21024	0.00813	0.03215	0.00790
55	0.01529	0.03739	0.01483	0.01253	0.01464	0.01374	0.00984	0.13064	0.05369	0.02366	0.01912	0.02694	0.01724	0.13351	0.24503	0.00607	0.10514	0.00756	0.10535	0.00781

[dist]
# distance from previous block
# <min> <max>
0	1

[block]
# block no. 4 follows, 28 sequences, length 6
# corresponding to MSA columns:
# 212-217
name=unknown_E
#
# <colnr> <probs for GDERKNQSTAVLIFYWHMCP>
#	G	D	E	R	K	N	Q	S	T	A	V	L	I	F	Y	W	H	M	C	P
0	0.08958	0.01777	0.02468	0.07162	0.44561	0.06889	0.01858	0.02506	0.12059	0.02488	0.01560	0.01856	0.01259	0.00715	0.00694	0.00221	0.00830	0.00638	0.00426	0.01077
1	0.01774	0.06155	0.41435	0.01939	0.02766	0.08200	0.05349	0.08196	0.12420	0.02544	0.01585	0.01725	0.01165	0.00752	0.00697	0.00225	0.00988	0.00596	0.00421	0.01069
2	0.09942	0.07942	0.02252	0.18902	0.21069	0.09219	0.01618	0.02126	0.03990	0.02178	0.01510	0.07643	0.01358	0.00851	0.00755	0.00224	0.04211	0.00696	0.00398	0.03114
3	0.00940	0.00771	0.00847	0.00823	0.01067	0.00650	0.00612	0.01151	0.01669	0.02119	0.15261	0.14499	0.47148	0.01736	0.00841	0.00238	0.00385	0.01477	0.00673	0.07094
4	0.01065	0.00878	0.00955	0.00940	0.01177	0.00845	0.00701	0.01614	0.14263	0.02282	0.14644	0.15466	0.39100	0.01693	0.00846	0.00250	0.00411	0.01445	0.00704	0.00721
5	0.01695	0.01722	0.06447	0.07616	0.13983	0.01622	0.18577	0.08486	0.12206	0.02579	0.02052	0.07610	0.03719	0.00873	0.00763	0.00229	0.00849	0.00841	0.00490	0.07641

[dist]
# distance from previous block
# <min> <max>
0	1

[block]
# block no. 5 follows, 28 sequences, length 15
# corresponding to MSA columns:
# 219-233
name=unknown_F
#
# <colnr> <probs for GDERKNQSTAVLIFYWHMCP>
#	G	D	E	R	K	N	Q	S	T	A	V	L	I	F	Y	W	H	M	C	P
0	0.01523	0.01306	0.01514	0.01098	0.01731	0.01013	0.00876	0.01937	0.05027	0.02404	0.01379	0.01571	0.01137	0.00562	0.00549	0.00115	0.00540	0.00451	0.00447	0.74820
1	0.01924	0.01415	0.01638	0.01220	0.01829	0.01231	0.00984	0.11868	0.06709	0.10898	0.01668	0.01745	0.01269	0.00663	0.00604	0.00148	0.00589	0.00528	0.00553	0.52516
2	0.00939	0.00764	0.00840	0.00860	0.01072	0.00682	0.00645	0.01220	0.04527	0.02106	0.12991	0.16049	0.47388	0.01838	0.00872	0.00256	0.00399	0.05218	0.00690	0.00644
3	0.01644	0.01244	0.01597	0.01284	0.04124	0.00992	0.03338	0.01952	0.01570	0.09905	0.01814	0.10626	0.01623	0.00801	0.00626	0.00153	0.00569	0.00690	0.00509	0.54939
4	0.01884	0.01200	0.01469	0.01125	0.01663	0.00988	0.00901	0.02262	0.04489	0.19855	0.07909	0.02419	0.04644	0.00971	0.03328	0.00200	0.00590	0.00658	0.00604	0.42843
5	0.00952	0.00739	0.01119	0.01176	0.01274	0.00690	0.06010	0.01118	0.01418	0.01893	0.03803	0.68210	0.04511	0.02144	0.00922	0.00291	0.00486	0.01970	0.00650	0.00622
6	0.02210	0.14015	0.02559	0.06241	0.11431	0.33696	0.05502	0.05318	0.01862	0.02029	0.01340	0.01837	0.01169	0.00800	0.00735	0.00207	0.03665	0.04085	0.00389	0.00910
7	0.01373	0.01292	0.02180	0.72707	0.05006	0.01615	0.02019	0.01857	0.01453	0.01857	0.01292	0.01938	0.00969	0.00727	0.00727	0.00242	0.00969	0.00646	0.00323	0.00807
8	0.04773	0.05318	0.13075	0.19013	0.21559	0.12837	0.01934	0.05822	0.01728	0.02267	0.01395	0.01921	0.01144	0.00757	0.00698	0.00222	0.00966	0.03219	0.00380	0.00972
9	0.02162	0.04039	0.06036	0.02644	0.28148	0.13041	0.01640	0.02694	0.09053	0.15336	0.01889	0.04274	0.01504	0.03364	0.00815	0.00235	0.00848	0.00698	0.00516	0.01064
10	0.01124	0.00755	0.00941	0.01023	0.03195	0.00703	0.00679	0.01283	0.01479	0.05871	0.09275	0.28535	0.16295	0.18796	0.01526	0.00366	0.00501	0.03506	0.03519	0.00628
11	0.08215	0.01934	0.05022	0.06006	0.09979	0.12638	0.05350	0.13705	0.09077	0.04419	0.02170	0.02441	0.07186	0.00896	0.00710	0.00220	0.00830	0.03005	0.00525	0.05671
12	0.01760	0.02153	0.17202	0.07678	0.22588	0.06006	0.01856	0.09111	0.03665	0.02426	0.01464	0.01944	0.01217	0.06641	0.01028	0.00257	0.04874	0.00633	0.00406	0.07092
13	0.07720	0.11174	0.08170	0.01985	0.11301	0.14073	0.05011	0.08767	0.08390	0.06566	0.01791	0.08652	0.01541	0.00893	0.00686	0.00218	0.00856	0.00727	0.00494	0.00987
14	0.14221	0.04232	0.07377	0.04931	0.06143	0.13198	0.06966	0.06053	0.09219	0.02446	0.02044	0.06891	0.05889	0.03668	0.00865	0.00248	0.03478	0.00764	0.00477	0.00893

[dist]
# distance from previous block
# <min> <max>
1	26

[block]
# block no. 6 follows, 28 sequences, length 9
# corresponding to MSA columns:
# 260-268
name=unknown_G
#
# <colnr> <probs for GDERKNQSTAVLIFYWHMCP>
#	G	D	E	R	K	N	Q	S	T	A	V	L	I	F	Y	W	H	M	C	P
0	0.01673	0.14827	0.07058	0.03640	0.06932	0.04569	0.09622	0.01996	0.01618	0.09324	0.05379	0.14611	0.06936	0.04797	0.00883	0.00247	0.00753	0.00966	0.00507	0.03662
1	0.07459	0.05402	0.05256	0.01602	0.02020	0.06843	0.07556	0.05680	0.06258	0.07801	0.03414	0.06853	0.03352	0.00984	0.01032	0.00230	0.15475	0.00741	0.00493	0.11547
2	0.02426	0.02146	0.02199	0.02153	0.13903	0.14777	0.01491	0.35799	0.08385	0.03419	0.01680	0.01809	0.01278	0.01031	0.03969	0.00258	0.00938	0.00639	0.00584	0.01115
3	0.01879	0.04263	0.13360	0.01550	0.02089	0.01586	0.05970	0.24965	0.02268	0.06296	0.10328	0.02917	0.09352	0.03544	0.06060	0.00309	0.00847	0.00839	0.00596	0.00982
4	0.19486	0.01353	0.01476	0.01237	0.01664	0.01433	0.00987	0.12060	0.13596	0.21464	0.07140	0.02516	0.01998	0.06184	0.04020	0.00303	0.00669	0.00728	0.00685	0.01000
5	0.01039	0.00715	0.00829	0.00825	0.00865	0.00712	0.00501	0.01096	0.01181	0.01577	0.07367	0.04832	0.07913	0.58790	0.08287	0.00671	0.00746	0.01091	0.00480	0.00486
6	0.01681	0.01425	0.01912	0.08478	0.10866	0.01538	0.05982	0.12509	0.20522	0.02713	0.05341	0.07875	0.05562	0.09032	0.01089	0.00290	0.00714	0.00929	0.00586	0.00956
7	0.00986	0.00734	0.00931	0.01063	0.01145	0.00723	0.00727	0.01323	0.08714	0.01985	0.03892	0.66216	0.04526	0.02137	0.00907	0.00290	0.00438	0.01931	0.00682	0.00651
8	0.05348	0.01563	0.02579	0.08632	0.54697	0.01591	0.01978	0.02068	0.01593	0.02324	0.01633	0.09643	0.01520	0.00832	0.00730	0.00227	0.00808	0.00790	0.00396	0.01049

[dist]
# distance from previous block
# <min> <max>
0	1

[block]
# block no. 7 follows, 28 sequences, length 11
# corresponding to MSA columns:
# 270-280
name=unknown_H
#
# <colnr> <probs for GDERKNQSTAVLIFYWHMCP>
#	G	D	E	R	K	N	Q	S	T	A	V	L	I	F	Y	W	H	M	C	P
0	0.02763	0.02036	0.02182	0.01672	0.02254	0.02254	0.01382	0.67496	0.03418	0.04581	0.01745	0.01745	0.01236	0.00873	0.00727	0.00218	0.00800	0.00654	0.00727	0.01236
1	0.73102	0.01396	0.01161	0.06906	0.01704	0.01629	0.00889	0.02114	0.01255	0.03145	0.01035	0.01244	0.00802	0.00679	0.00473	0.00226	0.00596	0.00415	0.00439	0.00789
2	0.01536	0.01411	0.02175	0.37116	0.19797	0.01613	0.01804	0.02306	0.14714	0.02290	0.06519	0.02306	0.01680	0.00813	0.00737	0.00236	0.00822	0.00729	0.00448	0.00949
3	0.01029	0.00786	0.00939	0.00905	0.01095	0.00735	0.00669	0.01412	0.06123	0.02550	0.42577	0.09435	0.22233	0.05087	0.00990	0.00261	0.00386	0.01368	0.00740	0.00680
4	0.00960	0.00744	0.00879	0.00878	0.01076	0.00663	0.00670	0.01221	0.01814	0.02375	0.32817	0.09385	0.34635	0.01727	0.00875	0.00249	0.00388	0.07271	0.00727	0.00648
5	0.01373	0.01292	0.02180	0.72707	0.05006	0.01615	0.02019	0.01857	0.01453	0.01857	0.01292	0.01938	0.00969	0.00727	0.00727	0.00242	0.00969	0.00646	0.00323	0.00807
6	0.02000	0.01621	0.02373	0.15525	0.31642	0.01731	0.01785	0.15178	0.07811	0.07653	0.01711	0.01975	0.01301	0.00761	0.00717	0.00223	0.00808	0.00671	0.03419	0.01095
7	0.00988	0.00741	0.00915	0.00872	0.01061	0.00669	0.00654	0.01293	0.01961	0.02687	0.54610	0.05806	0.21927	0.01571	0.00858	0.00233	0.00349	0.01367	0.00770	0.00669
8	0.01853	0.17122	0.13648	0.14004	0.10041	0.10737	0.01764	0.06018	0.07854	0.02199	0.01375	0.01654	0.01099	0.00771	0.00797	0.00218	0.06916	0.00570	0.00389	0.00973
9	0.23506	0.01745	0.05999	0.01360	0.01856	0.05972	0.01168	0.21430	0.02084	0.14061	0.01704	0.01826	0.01253	0.01298	0.08299	0.00321	0.00861	0.00591	0.03673	0.00993
10	0.14081	0.01564	0.01694	0.01351	0.01868	0.04115	0.01103	0.21972	0.05593	0.31083	0.02486	0.02321	0.05705	0.00916	0.00694	0.00224	0.00671	0.00704	0.00742	0.01113

[dist]
# distance from previous block
# <min> <max>
1	2

[block]
# block no. 8 follows, 28 sequences, length 12
# corresponding to MSA columns:
# 283-294
name=unknown_I
#
# <colnr> <probs for GDERKNQSTAVLIFYWHMCP>
#	G	D	E	R	K	N	Q	S	T	A	V	L	I	F	Y	W	H	M	C	P
0	0.01260	0.00964	0.01093	0.01050	0.01282	0.00956	0.00792	0.11256	0.06048	0.02493	0.12084	0.21428	0.25242	0.05357	0.01000	0.00280	0.00492	0.05497	0.00689	0.00738
1	0.02138	0.01660	0.04794	0.04782	0.02646	0.01664	0.22496	0.06641	0.04375	0.21200	0.04631	0.02176	0.01545	0.00891	0.01091	0.00251	0.14674	0.00767	0.00556	0.01023
2	0.01460	0.01389	0.08694	0.01213	0.01537	0.04593	0.01026	0.06478	0.07437	0.05063	0.02893	0.13721	0.08945	0.11392	0.09247	0.00402	0.00796	0.02724	0.07273	0.03715
3	0.01382	0.01559	0.09587	0.65070	0.04805	0.01623	0.02091	0.01905	0.01462	0.01905	0.01293	0.01894	0.00964	0.00723	0.00723	0.00241	0.00980	0.00634	0.00321	0.00836
4	0.01962	0.18459	0.02172	0.01417	0.01858	0.07052	0.01173	0.17389	0.20647	0.02753	0.02189	0.05766	0.03906	0.01435	0.08339	0.00317	0.00860	0.00740	0.00569	0.00998
5	0.01181	0.00646	0.00905	0.00923	0.00928	0.00641	0.00598	0.00976	0.01017	0.01356	0.01763	0.10474	0.01920	0.16780	0.02805	0.54842	0.00623	0.00871	0.00379	0.00370
6	0.01942	0.01921	0.08261	0.06128	0.45786	0.04398	0.05143	0.04922	0.04271	0.07879	0.01549	0.01858	0.01211	0.00698	0.00724	0.00220	0.00886	0.00655	0.00427	0.01123
7	0.01671	0.01157	0.01432	0.04479	0.01764	0.00942	0.00908	0.01959	0.01591	0.13690	0.02262	0.12759	0.05147	0.00932	0.00654	0.00169	0.00546	0.00790	0.00553	0.46595
8	0.01293	0.01076	0.01316	0.01196	0.01448	0.04392	0.03132	0.01521	0.01563	0.04462	0.11826	0.32060	0.06428	0.01521	0.00927	0.00236	0.06347	0.01312	0.00593	0.17352
9	0.01612	0.01544	0.09914	0.06692	0.09338	0.01248	0.04261	0.05441	0.04225	0.08337	0.08102	0.09831	0.04168	0.01200	0.04278	0.00258	0.00755	0.00852	0.00530	0.17414
10	0.10093	0.07509	0.09889	0.04600	0.05177	0.01522	0.01256	0.10200	0.04272	0.04324	0.02065	0.05062	0.06588	0.06472	0.00949	0.00246	0.03681	0.00717	0.02737	0.12642
11	0.04849	0.03998	0.07020	0.01704	0.07161	0.11645	0.05238	0.10819	0.05182	0.04559	0.06570	0.04156	0.08040	0.00904	0.00695	0.00201	0.00772	0.00742	0.00522	0.15222

[dist]
# distance from previous block
# <min> <max>
4	13

[block]
# block no. 9 follows, 28 sequences, length 55
# corresponding to MSA columns:
# 308-355,367-373
name=unknown_J
#
# <colnr> <probs for GDERKNQSTAVLIFYWHMCP>
#	G	D	E	R	K	N	Q	S	T	A	V	L	I	F	Y	W	H	M	C	P
0	0.01991	0.09936	0.10348	0.08401	0.19758	0.09317	0.01696	0.09322	0.05815	0.07515	0.01842	0.02016	0.04718	0.00788	0.00686	0.00211	0.00858	0.00643	0.00467	0.03671
1	0.05744	0.08573	0.08450	0.04083	0.04698	0.06825	0.17378	0.04302	0.08720	0.02361	0.04497	0.08650	0.07313	0.00959	0.00738	0.00226	0.00840	0.00867	0.00480	0.04294
2	0.01734	0.03888	0.04441	0.01624	0.04056	0.01373	0.11668	0.08969	0.07118	0.10394	0.12186	0.03142	0.10105	0.01438	0.06199	0.03762	0.03086	0.00893	0.00589	0.03337
3	0.03968	0.01365	0.09322	0.01257	0.01577	0.01169	0.01064	0.09052	0.10105	0.02464	0.07075	0.28560	0.08076	0.05820	0.01027	0.00282	0.02878	0.01282	0.00614	0.03042
4	0.07778	0.09735	0.08983	0.03831	0.08656	0.05732	0.06792	0.06553	0.04019	0.11235	0.01797	0.01925	0.04037	0.00745	0.00652	0.00196	0.00785	0.00611	0.00489	0.15449
5	0.11114	0.01535	0.04192	0.20191	0.17470	0.03877	0.06261	0.01940	0.01489	0.02212	0.01704	0.05831	0.04282	0.03255	0.00893	0.00244	0.05090	0.00730	0.00397	0.07292
6	0.04303	0.07366	0.08046	0.15356	0.08742	0.11530	0.06949	0.11771	0.01883	0.02438	0.05594	0.02247	0.03325	0.06298	0.00929	0.00255	0.00913	0.00697	0.00445	0.00912
7	0.01081	0.00942	0.01555	0.01472	0.03486	0.00876	0.13259	0.01330	0.01519	0.01996	0.03964	0.43825	0.13962	0.01834	0.00903	0.00279	0.00593	0.05828	0.00608	0.00688
8	0.01194	0.00934	0.01327	0.08195	0.11025	0.00931	0.01039	0.01510	0.04259	0.04207	0.10804	0.32541	0.11664	0.04113	0.00947	0.00277	0.00548	0.03130	0.00613	0.00741
9	0.01165	0.01007	0.01491	0.01298	0.01582	0.00947	0.11708	0.06229	0.01715	0.02214	0.07253	0.25291	0.28704	0.01831	0.03833	0.00296	0.00623	0.01473	0.00621	0.00718
10	0.09539	0.01251	0.01636	0.01266	0.01819	0.01115	0.01045	0.03427	0.02011	0.64899	0.02715	0.02368	0.01716	0.00881	0.00708	0.00225	0.00614	0.00703	0.00863	0.01200
11	0.01458	0.03760	0.70688	0.02072	0.03146	0.01688	0.02686	0.02302	0.01535	0.02302	0.01304	0.01535	0.00921	0.00691	0.00691	0.00230	0.01074	0.00537	0.00307	0.01074
12	0.01458	0.01143	0.01339	0.01267	0.01536	0.01247	0.00994	0.09368	0.22053	0.02618	0.09053	0.09947	0.06964	0.05022	0.12647	0.00430	0.00801	0.10602	0.00654	0.00857
13	0.00906	0.00675	0.00850	0.00980	0.01080	0.00619	0.00693	0.01066	0.01479	0.01910	0.04758	0.52531	0.19537	0.02153	0.00919	0.00288	0.00433	0.07847	0.00674	0.00603
14	0.01073	0.00824	0.01211	0.01191	0.01305	0.00977	0.00923	0.01311	0.01158	0.01675	0.01907	0.02891	0.01813	0.09271	0.63346	0.01089	0.06215	0.00787	0.00388	0.00646
15	0.00899	0.00738	0.00792	0.00779	0.01006	0.00631	0.00584	0.01121	0.01752	0.02189	0.22072	0.06625	0.54776	0.01757	0.00859	0.00241	0.00362	0.01482	0.00705	0.00631
16	0.01609	0.01071	0.01289	0.01203	0.01484	0.01080	0.00944	0.12176	0.08479	0.10563	0.13871	0.20575	0.09885	0.01567	0.00849	0.00261	0.00539	0.10970	0.00734	0.00850
17	0.01781	0.01709	0.02918	0.07322	0.67199	0.01722	0.02222	0.02215	0.01647	0.02353	0.01364	0.01805	0.01144	0.00651	0.00720	0.00217	0.00868	0.00648	0.00358	0.01137
18	0.01507	0.01292	0.01507	0.01077	0.01723	0.00969	0.00861	0.01830	0.01507	0.02369	0.01292	0.01507	0.01077	0.00538	0.00538	0.00108	0.00538	0.00431	0.00431	0.78898
19	0.00938	0.00697	0.00883	0.00987	0.01107	0.00642	0.00720	0.01134	0.01572	0.02058	0.13007	0.41820	0.18727	0.02047	0.00915	0.00282	0.00435	0.10721	0.00690	0.00619
20	0.01097	0.00742	0.00871	0.00873	0.01058	0.00662	0.00632	0.01301	0.01655	0.06700	0.17651	0.21819	0.29965	0.06322	0.01026	0.00277	0.00412	0.01489	0.04791	0.00656
21	0.01477	0.01442	0.02002	0.01740	0.01773	0.01966	0.01439	0.01648	0.01163	0.01761	0.01577	0.02157	0.06686	0.01723	0.08945	0.00394	0.60262	0.00724	0.00354	0.00766
22	0.00886	0.00633	0.00843	0.01012	0.01054	0.00590	0.00675	0.01012	0.01392	0.01856	0.04006	0.73979	0.04808	0.02277	0.00928	0.00295	0.00422	0.02066	0.00675	0.00590
23	0.22581	0.01231	0.04069	0.01100	0.01511	0.01153	0.00914	0.02417	0.06145	0.23623	0.04356	0.10459	0.07561	0.01075	0.00668	0.00230	0.00542	0.00862	0.08590	0.00913
24	0.02345	0.01435	0.01596	0.01300	0.01742	0.01519	0.01049	0.26675	0.12960	0.17624	0.02337	0.02305	0.01675	0.00889	0.00672	0.00211	0.00605	0.00703	0.21281	0.01075
25	0.01108	0.00835	0.01112	0.01163	0.01343	0.00804	0.02715	0.03549	0.01674	0.02176	0.09025	0.20622	0.16625	0.05057	0.01054	0.00312	0.00560	0.28939	0.00665	0.00662
26	0.14740	0.01309	0.01589	0.16197	0.02319	0.01441	0.01196	0.16833	0.01934	0.10716	0.04968	0.10560	0.02023	0.05072	0.03393	0.00298	0.00743	0.03193	0.00585	0.00892
27	0.01489	0.01048	0.01478	0.06806	0.13515	0.01051	0.01126	0.05182	0.01738	0.08247	0.12651	0.13850	0.07328	0.03800	0.03721	0.00291	0.00638	0.05547	0.09671	0.00822
28	0.01430	0.01128	0.01241	0.01232	0.04211	0.04776	0.00814	0.06962	0.10950	0.01983	0.02137	0.03529	0.02132	0.38249	0.11075	0.05223	0.00882	0.00883	0.00485	0.00676
29	0.69393	0.05320	0.01301	0.01028	0.01497	0.01746	0.00859	0.07338	0.01423	0.03285	0.01070	0.01225	0.00831	0.00688	0.00473	0.00221	0.00593	0.00414	0.00465	0.00831
30	0.01743	0.05811	0.11284	0.10409	0.02894	0.04756	0.17930	0.08236	0.12579	0.02504	0.01753	0.02185	0.01389	0.00941	0.03138	0.00257	0.00958	0.03329	0.00462	0.07441
31	0.01756	0.04714	0.02647	0.20768	0.36165	0.06098	0.04837	0.04185	0.04372	0.02264	0.01503	0.02088	0.01254	0.00749	0.00726	0.00226	0.00909	0.03340	0.00389	0.01012
32	0.02351	0.04596	0.02111	0.08777	0.02406	0.12161	0.03394	0.20061	0.15580	0.12887	0.01923	0.01975	0.01409	0.00878	0.00835	0.00228	0.06088	0.00666	0.00606	0.01067
33	0.01249	0.00640	0.00960	0.00960	0.00968	0.00648	0.00648	0.00968	0.00960	0.01288	0.01303	0.02248	0.01295	0.02698	0.06899	0.74265	0.00709	0.00640	0.00320	0.00335
34	0.01699	0.01630	0.02447	0.05396	0.41125	0.05132	0.04637	0.02216	0.06613	0.02396	0.07188	0.05251	0.01832	0.00808	0.00727	0.00213	0.00791	0.00755	0.00445	0.08700
35	0.01651	0.01509	0.02228	0.01600	0.02263	0.01274	0.16914	0.06850	0.01700	0.02524	0.01369	0.01634	0.01095	0.00581	0.00629	0.00149	0.00724	0.00550	0.00438	0.54316
36	0.01198	0.00664	0.00984	0.00990	0.01018	0.00690	0.00684	0.01025	0.01010	0.01374	0.01525	0.04700	0.01535	0.05477	0.17018	0.57745	0.00899	0.00721	0.00346	0.00397
37	0.01125	0.00795	0.00995	0.01055	0.01193	0.00770	0.00773	0.03968	0.03879	0.03950	0.10951	0.37407	0.10482	0.08303	0.01149	0.00319	0.00496	0.11053	0.00677	0.00663
38	0.00945	0.00712	0.00879	0.00962	0.01082	0.00664	0.00673	0.01203	0.04471	0.02110	0.15844	0.46084	0.17684	0.02001	0.00894	0.00272	0.00404	0.01780	0.00699	0.00636
39	0.04690	0.01618	0.01866	0.01464	0.01991	0.01676	0.01196	0.37458	0.02717	0.27953	0.02316	0.07934	0.01721	0.00993	0.00738	0.00227	0.00698	0.00792	0.00778	0.01172
40	0.00913	0.00651	0.00866	0.01007	0.01052	0.00626	0.00674	0.01039	0.01345	0.01804	0.03693	0.62333	0.04380	0.08582	0.06970	0.00401	0.00571	0.01876	0.00632	0.00583
41	0.11822	0.01181	0.01305	0.01161	0.01499	0.01220	0.00895	0.09508	0.12668	0.15757	0.03197	0.14175	0.10386	0.08977	0.01061	0.00294	0.00575	0.02746	0.00681	0.00893
42	0.01059	0.00751	0.00948	0.01014	0.01182	0.00690	0.00782	0.01293	0.01663	0.04645	0.15175	0.26243	0.22213	0.01918	0.00910	0.00279	0.00464	0.17414	0.00702	0.00655
43	0.01925	0.68893	0.03849	0.01393	0.02025	0.02791	0.06675	0.02189	0.01497	0.01761	0.01048	0.01231	0.00947	0.00621	0.00499	0.00163	0.00814	0.00427	0.00316	0.00937
44	0.01106	0.00746	0.00941	0.00998	0.01136	0.00691	0.00706	0.03443	0.01634	0.06163	0.13787	0.47953	0.14004	0.01973	0.00890	0.00272	0.00427	0.01756	0.00708	0.00667
45	0.02090	0.01357	0.07111	0.01284	0.01734	0.01161	0.01101	0.02775	0.16051	0.29521	0.06216	0.07664	0.10741	0.01469	0.06027	0.00307	0.00690	0.00948	0.00732	0.01019
46	0.02763	0.02036	0.02182	0.01672	0.02254	0.02254	0.01382	0.67496	0.03418	0.04581	0.01745	0.01745	0.01236	0.00873	0.00727	0.00218	0.00800	0.00654	0.00727	0.01236
47	0.00982	0.00750	0.01020	0.01261	0.06716	0.00705	0.00796	0.01153	0.01473	0.01956	0.07402	0.51760	0.11952	0.05069	0.01018	0.00298	0.00468	0.03936	0.00645	0.00640
48	0.01875	0.01973	0.02492	0.12425	0.14721	0.16134	0.09705	0.06009	0.01665	0.02116	0.01287	0.01760	0.01081	0.01157	0.05921	0.00305	0.17449	0.00643	0.00373	0.00909
49	0.01029	0.00810	0.01027	0.01097	0.01219	0.00826	0.00824	0.01295	0.04452	0.02009	0.06706	0.38230	0.17757	0.01977	0.01035	0.00289	0.06433	0.11680	0.00652	0.00653
50	0.01359	0.01050	0.01244	0.01167	0.01328	0.04727	0.00873	0.06845	0.01420	0.04078	0.02198	0.03279	0.04835	0.21757	0.36783	0.00817	0.04257	0.00848	0.00455	0.00678
