[name]
unknown

[dist]
# distance from previous block
# <min> <max>
0	135

[block]
# block no. 0 follows, 28 sequences, length 14
# corresponding to MSA columns:
# 524-537
name=unknown_A
#
# <colnr> <probs for GDERKNQSTAVLIFYWHMCP>
#	G	D	E	R	K	N	Q	S	T	A	V	L	I	F	Y	W	H	M	C	P
0	0.01593	0.03770	0.06757	0.04114	0.02040	0.01210	0.03780	0.06081	0.01637	0.02478	0.01370	0.01605	0.01104	0.00598	0.00578	0.00139	0.00637	0.00489	0.03993	0.56025
1	0.11108	0.04894	0.04373	0.16367	0.15103	0.01673	0.01517	0.05068	0.17483	0.09250	0.02074	0.02208	0.04167	0.00829	0.00688	0.00229	0.00738	0.00687	0.00529	0.01015
2	0.01711	0.25709	0.22158	0.04063	0.07166	0.04849	0.01702	0.04996	0.05757	0.02214	0.04999	0.02044	0.05504	0.00824	0.00703	0.00208	0.03393	0.00623	0.00406	0.00971
3	0.01066	0.00827	0.01128	0.01045	0.01245	0.00778	0.03932	0.01463	0.05255	0.02659	0.48109	0.14953	0.11620	0.01562	0.00862	0.00241	0.00411	0.01393	0.00747	0.00704
4	0.01344	0.01371	0.10508	0.08508	0.04718	0.01119	0.01251	0.01958	0.10755	0.05822	0.18238	0.09934	0.13327	0.01336	0.00813	0.00249	0.00608	0.06675	0.00626	0.00839
5	0.01507	0.01292	0.01507	0.01077	0.01723	0.00969	0.00861	0.01830	0.01507	0.02369	0.01292	0.01507	0.01077	0.00538	0.00538	0.00108	0.00538	0.00431	0.00431	0.78898
6	0.01592	0.01473	0.01801	0.07281	0.02134	0.07330	0.08943	0.06218	0.22011	0.02464	0.05396	0.13669	0.07270	0.03717	0.03050	0.00292	0.00762	0.03113	0.00596	0.00888
7	0.22911	0.04384	0.04962	0.04082	0.04641	0.06845	0.01301	0.28070	0.02219	0.05538	0.01448	0.01664	0.01112	0.03343	0.00821	0.00239	0.04298	0.00573	0.00543	0.01004
8	0.01038	0.00779	0.01168	0.01168	0.01298	0.00909	0.00909	0.01298	0.01168	0.01687	0.01947	0.02856	0.01817	0.05452	0.71573	0.01168	0.01947	0.00779	0.00389	0.00649
9	0.01732	0.04442	0.14221	0.19793	0.04984	0.04639	0.04380	0.08391	0.04739	0.06632	0.05197	0.02261	0.04556	0.01026	0.02969	0.00265	0.07664	0.00710	0.00460	0.00940
10	0.00887	0.00661	0.00827	0.00946	0.01040	0.00601	0.00648	0.01038	0.01485	0.01935	0.08205	0.55552	0.19248	0.02139	0.00909	0.00281	0.00406	0.01909	0.00681	0.00601
11	0.04936	0.20349	0.20108	0.04399	0.10508	0.01987	0.06531	0.02062	0.01453	0.02068	0.01352	0.05378	0.01201	0.00991	0.03297	0.00259	0.11195	0.00637	0.00349	0.00941
12	0.00876	0.00669	0.00806	0.00915	0.01029	0.00599	0.00632	0.01023	0.01485	0.01894	0.05186	0.50443	0.27583	0.02124	0.00904	0.00278	0.00403	0.01879	0.00675	0.00599
13	0.01495	0.02522	0.32751	0.09148	0.04884	0.01719	0.14802	0.02080	0.01464	0.02115	0.01353	0.01869	0.01085	0.04255	0.03953	0.00306	0.12261	0.00661	0.00333	0.00943

[dist]
# distance from previous block
# <min> <max>
1	4

[block]
# block no. 1 follows, 28 sequences, length 19
# corresponding to MSA columns:
# 543-561
name=unknown_B
#
# <colnr> <probs for GDERKNQSTAVLIFYWHMCP>
#	G	D	E	R	K	N	Q	S	T	A	V	L	I	F	Y	W	H	M	C	P
0	0.01401	0.00968	0.01172	0.01097	0.01385	0.00903	0.00856	0.05677	0.04664	0.08592	0.07733	0.17770	0.16506	0.04178	0.03109	0.00291	0.00567	0.11667	0.00660	0.10803
1	0.09910	0.21595	0.30537	0.01913	0.06915	0.05940	0.05992	0.02339	0.01562	0.05261	0.01272	0.01475	0.00976	0.00676	0.00620	0.00208	0.00933	0.00516	0.00360	0.01001
2	0.01888	0.19446	0.24253	0.04958	0.07090	0.12094	0.09944	0.02458	0.04589	0.04764	0.01368	0.01592	0.01056	0.00693	0.00662	0.00209	0.01001	0.00564	0.00371	0.01000
3	0.29051	0.06089	0.01834	0.01559	0.05989	0.08851	0.05064	0.11058	0.03998	0.06695	0.01666	0.08289	0.01441	0.01107	0.04126	0.00270	0.00802	0.00687	0.00514	0.00909
4	0.01680	0.01361	0.01743	0.04041	0.07890	0.05485	0.05968	0.04904	0.15828	0.08795	0.13164	0.11464	0.05668	0.01444	0.04820	0.00295	0.00737	0.03163	0.00634	0.00916
5	0.01055	0.00712	0.00831	0.00831	0.00845	0.00726	0.00489	0.01082	0.01069	0.01438	0.02255	0.04561	0.02558	0.67345	0.10692	0.00752	0.00833	0.01028	0.00435	0.00462
6	0.01718	0.05355	0.10260	0.05369	0.21508	0.01836	0.04629	0.07005	0.12422	0.02440	0.01855	0.04454	0.03753	0.00925	0.01007	0.00243	0.13012	0.00737	0.00452	0.01019
7	0.79588	0.01406	0.01068	0.00956	0.01406	0.01631	0.00787	0.02137	0.01237	0.03261	0.01012	0.01181	0.00787	0.00675	0.00450	0.00225	0.00562	0.00394	0.00450	0.00787
8	0.01781	0.06348	0.02278	0.33498	0.03419	0.09383	0.05563	0.06164	0.07043	0.05224	0.04831	0.02038	0.01413	0.00837	0.00859	0.00235	0.07082	0.00673	0.00437	0.00895
9	0.00992	0.00735	0.00926	0.00892	0.01067	0.00668	0.00664	0.01296	0.01950	0.02694	0.55332	0.10074	0.16828	0.01594	0.00862	0.00236	0.00352	0.01398	0.00772	0.00668
10	0.01881	0.01734	0.02370	0.21764	0.27529	0.10890	0.04071	0.02342	0.05755	0.07250	0.01522	0.01910	0.01193	0.00839	0.00853	0.05157	0.00913	0.00647	0.00413	0.00966
11	0.00899	0.00742	0.00796	0.00827	0.01050	0.00639	0.00635	0.01097	0.01642	0.01982	0.06722	0.11434	0.57523	0.01889	0.00881	0.00259	0.00408	0.09280	0.00674	0.00619
12	0.08705	0.08508	0.02178	0.04207	0.06335	0.33971	0.04013	0.02670	0.10694	0.02175	0.04376	0.01749	0.01376	0.00815	0.00761	0.00211	0.05334	0.00582	0.00437	0.00900
13	0.00991	0.00715	0.00900	0.00953	0.01064	0.00672	0.00683	0.01189	0.01586	0.02128	0.22768	0.25721	0.12325	0.15278	0.01421	0.00351	0.00476	0.09511	0.00667	0.00603
14	0.01767	0.05039	0.01899	0.06130	0.13054	0.01607	0.01304	0.07591	0.29048	0.06065	0.12967	0.05697	0.02652	0.01016	0.00747	0.00233	0.00632	0.00873	0.00645	0.01034
15	0.01460	0.00902	0.01097	0.01141	0.04454	0.05165	0.00757	0.01395	0.01270	0.04407	0.05806	0.02436	0.01717	0.01890	0.01971	0.47840	0.00614	0.00677	0.14487	0.00514
16	0.01783	0.01565	0.08285	0.05978	0.04138	0.03659	0.02821	0.10935	0.04857	0.11585	0.06376	0.10743	0.10572	0.01201	0.00875	0.00241	0.05106	0.03912	0.00603	0.04767
17	0.12993	0.17813	0.09638	0.03600	0.11243	0.06242	0.06735	0.06624	0.08962	0.02470	0.01460	0.01696	0.01171	0.01015	0.05173	0.00271	0.00916	0.00577	0.00425	0.00977
18	0.01754	0.12841	0.10958	0.06315	0.02208	0.01621	0.04473	0.04545	0.16711	0.09343	0.02599	0.06052	0.08952	0.00962	0.00700	0.00217	0.00707	0.00799	0.00551	0.07694

[dist]
# distance from previous block
# <min> <max>
0	56

[block]
# block no. 2 follows, 28 sequences, length 11
# corresponding to MSA columns:
# 623-633
name=unknown_C
#
# <colnr> <probs for GDERKNQSTAVLIFYWHMCP>
#	G	D	E	R	K	N	Q	S	T	A	V	L	I	F	Y	W	H	M	C	P
0	0.03633	0.09694	0.05375	0.01427	0.04139	0.01419	0.03163	0.05190	0.11108	0.04709	0.06802	0.11017	0.04221	0.03095	0.00974	0.04378	0.03314	0.05312	0.00547	0.10483
1	0.01644	0.01913	0.17115	0.05398	0.07419	0.03843	0.05061	0.09776	0.05438	0.05578	0.08450	0.07712	0.07215	0.03898	0.00932	0.00259	0.02794	0.04085	0.00536	0.00931
2	0.05694	0.17334	0.09439	0.06385	0.07613	0.08850	0.01401	0.04263	0.03951	0.05441	0.01533	0.01730	0.02901	0.00835	0.02582	0.00209	0.00828	0.00540	0.00422	0.18050
3	0.01008	0.00757	0.00903	0.00899	0.01053	0.00710	0.00640	0.01310	0.04884	0.02308	0.31486	0.16970	0.19960	0.12331	0.01279	0.00314	0.00426	0.01429	0.00695	0.00640
4	0.01827	0.01912	0.05972	0.09403	0.13884	0.10516	0.09317	0.09169	0.08622	0.02528	0.06305	0.02259	0.04269	0.00847	0.00805	0.00221	0.04071	0.00724	0.00478	0.06871
5	0.01218	0.00798	0.00953	0.00881	0.01131	0.00699	0.00672	0.01484	0.01884	0.10476	0.34316	0.05769	0.33862	0.01573	0.00843	0.00236	0.00387	0.01342	0.00757	0.00719
6	0.06067	0.01416	0.01957	0.16549	0.14085	0.04703	0.03860	0.06480	0.01788	0.17655	0.02321	0.11933	0.04244	0.01038	0.00753	0.00239	0.00763	0.02626	0.00565	0.00958
7	0.06221	0.05299	0.06819	0.37242	0.14351	0.01712	0.01836	0.09086	0.01690	0.02342	0.01484	0.06041	0.01238	0.00811	0.00706	0.00232	0.00875	0.00696	0.00400	0.00919
8	0.11317	0.01152	0.01509	0.01285	0.01632	0.01155	0.08661	0.05397	0.09525	0.07270	0.18307	0.12301	0.14959	0.01308	0.00786	0.00242	0.00558	0.01142	0.00664	0.00829
9	0.01653	0.16347	0.35114	0.06735	0.08855	0.01873	0.02059	0.07691	0.01717	0.02378	0.04116	0.02045	0.01383	0.00794	0.00680	0.00220	0.00919	0.04021	0.00388	0.01014
10	0.01359	0.01229	0.02003	0.33172	0.10716	0.01396	0.04534	0.01751	0.01461	0.01974	0.01845	0.07251	0.01727	0.01542	0.09229	0.00361	0.04791	0.08499	0.00406	0.04755

[dist]
# distance from previous block
# <min> <max>
0	4

[block]
# block no. 3 follows, 28 sequences, length 10
# corresponding to MSA columns:
# 638-647
name=unknown_D
#
# <colnr> <probs for GDERKNQSTAVLIFYWHMCP>
#	G	D	E	R	K	N	Q	S	T	A	V	L	I	F	Y	W	H	M	C	P
0	0.01832	0.01939	0.07998	0.10729	0.34897	0.05840	0.09520	0.07924	0.04089	0.02439	0.01435	0.01829	0.01145	0.00777	0.00827	0.03752	0.00933	0.00659	0.00397	0.01041
1	0.07388	0.05149	0.02509	0.13271	0.38489	0.05912	0.01823	0.04869	0.01670	0.02387	0.01307	0.01683	0.01072	0.00664	0.00667	0.00205	0.00844	0.00584	0.00382	0.09123
2	0.01941	0.10479	0.07576	0.05788	0.02325	0.01856	0.05355	0.19205	0.06580	0.04381	0.01529	0.01744	0.01193	0.00943	0.03272	0.00237	0.07827	0.00596	0.00494	0.16679
3	0.01413	0.01213	0.05132	0.01378	0.05489	0.01144	0.01032	0.09387	0.11191	0.02403	0.08859	0.11061	0.10686	0.07431	0.06128	0.09708	0.00700	0.04286	0.00582	0.00780
4	0.01054	0.00742	0.00998	0.01021	0.01141	0.00764	0.00742	0.01246	0.01349	0.03930	0.07921	0.20337	0.10133	0.13293	0.31126	0.00707	0.01099	0.01234	0.00538	0.00624
5	0.01348	0.05047	0.01267	0.01061	0.01347	0.01067	0.00834	0.05759	0.11914	0.05590	0.21278	0.10636	0.23305	0.01499	0.00819	0.00243	0.00475	0.05005	0.00710	0.00797
6	0.00935	0.00713	0.00821	0.00841	0.00992	0.00640	0.00591	0.01117	0.01608	0.02082	0.20593	0.19345	0.31925	0.12964	0.01307	0.00322	0.00424	0.01513	0.00669	0.00600
7	0.01493	0.08463	0.02275	0.07320	0.05623	0.01818	0.06773	0.01848	0.04342	0.01876	0.01402	0.02002	0.01261	0.02172	0.20057	0.00507	0.28907	0.00678	0.00362	0.00820
8	0.00969	0.00654	0.00829	0.00944	0.01008	0.00619	0.00634	0.01127	0.01431	0.02002	0.08989	0.53491	0.04424	0.08766	0.01130	0.00313	0.00432	0.01746	0.09898	0.00595
9	0.01980	0.06731	0.30258	0.02073	0.07080	0.06046	0.05336	0.16556	0.03807	0.05825	0.01477	0.01665	0.01093	0.00782	0.00819	0.00227	0.06121	0.00598	0.00449	0.01078

[dist]
# distance from previous block
# <min> <max>
0	5

[block]
# block no. 4 follows, 28 sequences, length 20
# corresponding to MSA columns:
# 653-672
name=unknown_E
#
# <colnr> <probs for GDERKNQSTAVLIFYWHMCP>
#	G	D	E	R	K	N	Q	S	T	A	V	L	I	F	Y	W	H	M	C	P
0	0.01799	0.14738	0.09533	0.06447	0.19399	0.01980	0.19554	0.07124	0.01720	0.02349	0.01329	0.01689	0.01063	0.00683	0.00780	0.00216	0.04293	0.00640	0.00375	0.04286
1	0.01658	0.07937	0.01771	0.01626	0.09137	0.04330	0.01166	0.07363	0.12919	0.04520	0.02696	0.07329	0.06841	0.03792	0.03210	0.03915	0.00717	0.12095	0.00565	0.06412
2	0.01004	0.00701	0.00862	0.00925	0.01047	0.00637	0.00640	0.01165	0.01531	0.04576	0.12765	0.40329	0.19926	0.08990	0.01163	0.00312	0.00434	0.01700	0.00676	0.00618
3	0.01774	0.01926	0.10771	0.09344	0.26481	0.04240	0.10218	0.02365	0.06405	0.05758	0.01534	0.01838	0.01190	0.00680	0.00707	0.00209	0.00881	0.00639	0.00416	0.12624
4	0.01960	0.01788	0.05109	0.13485	0.16033	0.09605	0.05606	0.05908	0.07569	0.10880	0.04619	0.02257	0.04279	0.00818	0.00721	0.00216	0.00838	0.00706	0.00509	0.07093
5	0.55857	0.13739	0.01611	0.01070	0.01540	0.04908	0.00910	0.05621	0.01441	0.02984	0.01114	0.01279	0.00888	0.00687	0.00479	0.00209	0.00634	0.00422	0.03773	0.00833
6	0.06289	0.05150	0.01887	0.01474	0.01954	0.07571	0.01190	0.25094	0.19375	0.13659	0.05152	0.04221	0.01860	0.00941	0.00710	0.00224	0.00713	0.00737	0.00696	0.01103
7	0.01761	0.01793	0.11034	0.12484	0.09429	0.01622	0.09277	0.08512	0.17778	0.06665	0.02292	0.06074	0.04155	0.00945	0.00764	0.00242	0.00813	0.02798	0.00542	0.01021
8	0.15566	0.00907	0.00986	0.00943	0.01180	0.00989	0.00736	0.01798	0.04647	0.04920	0.02243	0.02643	0.04436	0.02286	0.22468	0.00497	0.00899	0.00701	0.30427	0.00729
9	0.01354	0.02634	0.41171	0.01866	0.02606	0.01455	0.09428	0.01976	0.01562	0.02245	0.07520	0.06651	0.07246	0.01209	0.04578	0.00290	0.04044	0.00824	0.00410	0.00932
10	0.01134	0.00731	0.00938	0.00973	0.01125	0.00662	0.00696	0.01339	0.01667	0.08320	0.21698	0.40076	0.14122	0.01883	0.00882	0.00264	0.00411	0.01673	0.00728	0.00677
11	0.01808	0.26267	0.17230	0.10535	0.08001	0.05388	0.04454	0.06398	0.04071	0.02167	0.01272	0.01551	0.01027	0.00734	0.00758	0.00211	0.06241	0.00545	0.00363	0.00979
12	0.00918	0.00715	0.00828	0.00902	0.01061	0.00640	0.00664	0.01093	0.01544	0.01928	0.05598	0.27946	0.37482	0.05846	0.01050	0.00297	0.00441	0.09780	0.00662	0.00604
13	0.01949	0.07927	0.06892	0.03921	0.04303	0.04573	0.05030	0.12784	0.20858	0.06039	0.01913	0.02024	0.01467	0.01079	0.04638	0.00269	0.04470	0.00663	0.00549	0.08654
14	0.01052	0.00724	0.00890	0.00890	0.00923	0.00757	0.00561	0.01119	0.01086	0.01481	0.02202	0.04266	0.02429	0.56623	0.21239	0.00824	0.01026	0.00985	0.00427	0.00494
15	0.01764	0.04004	0.11228	0.05284	0.16779	0.07788	0.06454	0.05692	0.09945	0.04892	0.06698	0.02539	0.01870	0.02770	0.06026	0.00308	0.00943	0.03551	0.00486	0.00981
16	0.79588	0.01406	0.01068	0.00956	0.01406	0.01631	0.00787	0.02137	0.01237	0.03261	0.01012	0.01181	0.00787	0.00675	0.00450	0.00225	0.00562	0.00394	0.00450	0.00787
17	0.04731	0.02392	0.02152	0.05535	0.09762	0.33758	0.06772	0.02713	0.12943	0.02163	0.01647	0.02044	0.01366	0.01099	0.05017	0.00274	0.01104	0.03165	0.00446	0.00917
18	0.00958	0.00780	0.00926	0.00954	0.01117	0.00749	0.00718	0.01150	0.01583	0.02016	0.11036	0.23941	0.37520	0.01895	0.01000	0.00269	0.05766	0.06330	0.00659	0.00631
19	0.08682	0.04284	0.08905	0.01400	0.01799	0.03622	0.01204	0.06701	0.25677	0.05811	0.01938	0.02121	0.01519	0.01255	0.01239	0.17979	0.03767	0.00662	0.00535	0.00899

[dist]
# distance from previous block
# <min> <max>
0	5

[block]
# block no. 5 follows, 28 sequences, length 12
# corresponding to MSA columns:
# 678-689
name=unknown_F
#
# <colnr> <probs for GDERKNQSTAVLIFYWHMCP>
#	G	D	E	R	K	N	Q	S	T	A	V	L	I	F	Y	W	H	M	C	P
0	0.01942	0.06330	0.15107	0.09024	0.10890	0.08736	0.01687	0.12986	0.10366	0.04548	0.03445	0.01875	0.01370	0.00771	0.00686	0.00210	0.00857	0.00618	0.00485	0.08067
1	0.02035	0.05596	0.04002	0.01443	0.01883	0.04777	0.01178	0.14549	0.31291	0.10065	0.05973	0.09538	0.02324	0.01071	0.00741	0.00235	0.00652	0.00883	0.00697	0.01068
2	0.01856	0.06184	0.39184	0.01836	0.02626	0.04559	0.02040	0.14427	0.07764	0.05108	0.03426	0.01793	0.01288	0.00803	0.00767	0.00228	0.03967	0.00606	0.00459	0.01079
3	0.62173	0.01373	0.01190	0.01010	0.01494	0.01494	0.00830	0.02279	0.01369	0.11479	0.01270	0.01374	0.00942	0.00689	0.00494	0.00213	0.00567	0.00439	0.00504	0.08819
4	0.00942	0.00675	0.00808	0.00889	0.00950	0.00635	0.00572	0.01033	0.01316	0.01715	0.03944	0.38475	0.14600	0.27846	0.01901	0.00433	0.00514	0.01621	0.00592	0.00541
5	0.01053	0.00722	0.00882	0.00882	0.00913	0.00753	0.00552	0.01115	0.01084	0.01476	0.02208	0.04303	0.02446	0.57981	0.19903	0.00815	0.01001	0.00991	0.00428	0.00490
6	0.01563	0.01760	0.09810	0.22489	0.25576	0.01650	0.11153	0.02054	0.01568	0.02165	0.01567	0.02426	0.01346	0.00832	0.00855	0.00246	0.04856	0.06754	0.00372	0.00959
7	0.26005	0.09244	0.05030	0.01453	0.01941	0.13405	0.01240	0.17942	0.04477	0.06079	0.01371	0.01494	0.01049	0.00791	0.00713	0.00217	0.05555	0.00521	0.00506	0.00965
8	0.02005	0.04727	0.10518	0.07657	0.09116	0.01796	0.01536	0.22327	0.14638	0.06240	0.01910	0.02166	0.01478	0.05095	0.05292	0.00310	0.00869	0.00693	0.00563	0.01065
9	0.01038	0.00779	0.01168	0.01168	0.01298	0.00909	0.00909	0.01298	0.01168	0.01687	0.01947	0.02856	0.01817	0.05452	0.71573	0.01168	0.01947	0.00779	0.00389	0.00649
10	0.01564	0.01392	0.01694	0.01759	0.10127	0.05140	0.04166	0.04363	0.24816	0.02666	0.15490	0.06685	0.07456	0.01226	0.00805	0.00247	0.00634	0.08187	0.00652	0.00931
11	0.01824	0.40511	0.06586	0.01422	0.01956	0.09669	0.04588	0.02308	0.09153	0.02015	0.05427	0.05231	0.04854	0.00860	0.00610	0.00192	0.00791	0.00659	0.00429	0.00914

[dist]
# distance from previous block
# <min> <max>
0	22

[block]
# block no. 6 follows, 28 sequences, length 53
# corresponding to MSA columns:
# 712-749,752-766
name=unknown_G
#
# <colnr> <probs for GDERKNQSTAVLIFYWHMCP>
#	G	D	E	R	K	N	Q	S	T	A	V	L	I	F	Y	W	H	M	C	P
0	0.01460	0.01556	0.06246	0.26125	0.09137	0.01762	0.04617	0.01815	0.01376	0.01919	0.01705	0.04126	0.06145	0.01037	0.01354	0.00269	0.27404	0.00750	0.00361	0.00837
1	0.01538	0.01255	0.03745	0.01332	0.01657	0.01225	0.04921	0.10387	0.11272	0.02326	0.02322	0.04861	0.07633	0.01836	0.07602	0.21134	0.02633	0.02238	0.00504	0.09578
2	0.01049	0.00732	0.00931	0.00927	0.00983	0.00771	0.00615	0.01162	0.01172	0.01620	0.07441	0.04179	0.02699	0.45849	0.25994	0.00821	0.01089	0.00985	0.00452	0.00529
3	0.01360	0.00806	0.01001	0.00944	0.01164	0.00720	0.00696	0.01582	0.01749	0.14339	0.24174	0.17664	0.20823	0.08302	0.01109	0.00288	0.00446	0.01378	0.00731	0.00726
4	0.10994	0.01206	0.01535	0.01219	0.01718	0.01106	0.00996	0.03146	0.04124	0.53130	0.10626	0.02698	0.02310	0.00949	0.00717	0.00226	0.00578	0.00768	0.00835	0.01121
5	0.01799	0.01436	0.01560	0.01412	0.01786	0.01618	0.01090	0.07481	0.51146	0.06175	0.03035	0.13374	0.02526	0.01169	0.00767	0.00251	0.00569	0.00994	0.00737	0.01076
6	0.01690	0.01631	0.01983	0.01850	0.06990	0.12958	0.08161	0.09491	0.01666	0.02163	0.01610	0.02192	0.01407	0.02924	0.33073	0.00656	0.07605	0.00700	0.00416	0.00834
7	0.01007	0.00730	0.00931	0.01005	0.01111	0.00673	0.00696	0.01156	0.01394	0.01893	0.06053	0.45613	0.04092	0.15379	0.01408	0.00355	0.00505	0.07698	0.00614	0.07687
8	0.05359	0.01521	0.02458	0.42713	0.09818	0.01760	0.09992	0.09711	0.01708	0.02344	0.01344	0.01852	0.01024	0.00748	0.00814	0.00241	0.04640	0.00661	0.00385	0.00908
9	0.01287	0.01059	0.01255	0.01035	0.01469	0.00843	0.00796	0.01544	0.01487	0.02175	0.02568	0.16578	0.08285	0.04606	0.00821	0.00198	0.00516	0.04724	0.00515	0.48238
10	0.09383	0.14136	0.02199	0.04284	0.02128	0.39957	0.01316	0.04256	0.01803	0.03924	0.01208	0.01451	0.01010	0.01038	0.04946	0.00255	0.04960	0.00495	0.00392	0.00858
11	0.02066	0.02525	0.05557	0.06287	0.05885	0.34961	0.07454	0.02343	0.01712	0.01890	0.01411	0.07958	0.01311	0.00960	0.01028	0.00233	0.14487	0.00700	0.00383	0.00849
12	0.03128	0.01208	0.01644	0.01271	0.01810	0.01046	0.01046	0.03413	0.02079	0.66386	0.06854	0.02651	0.02102	0.00935	0.00739	0.00225	0.00602	0.00766	0.00894	0.01204
13	0.01539	0.01510	0.02676	0.46203	0.07144	0.01742	0.16180	0.04637	0.01572	0.02084	0.01326	0.01902	0.01016	0.00747	0.00885	0.00247	0.06671	0.00692	0.00350	0.00876
14	0.01512	0.01810	0.12738	0.38763	0.17080	0.01702	0.05700	0.02071	0.03307	0.02077	0.01343	0.01851	0.01038	0.00739	0.00827	0.00240	0.05282	0.00646	0.00341	0.00933
15	0.01036	0.00750	0.00995	0.01046	0.01197	0.00709	0.00818	0.01330	0.01808	0.02465	0.35762	0.18600	0.08753	0.01796	0.00913	0.00272	0.00453	0.19903	0.00734	0.00660
16	0.01057	0.00705	0.00793	0.00793	0.00793	0.00705	0.00440	0.01057	0.01057	0.01409	0.02290	0.04757	0.02643	0.74454	0.03700	0.00705	0.00705	0.01057	0.00440	0.00440
17	0.01507	0.01292	0.01507	0.01077	0.01723	0.00969	0.00861	0.01830	0.01507	0.02369	0.01292	0.01507	0.01077	0.00538	0.00538	0.00108	0.00538	0.00431	0.00431	0.78898
18	0.01430	0.00750	0.00758	0.00731	0.00922	0.00762	0.00555	0.05217	0.01626	0.02810	0.02338	0.02658	0.01830	0.00848	0.00520	0.00172	0.00363	0.00676	0.74326	0.00707
19	0.01064	0.00724	0.00870	0.00906	0.00940	0.00726	0.00587	0.01134	0.01179	0.01567	0.02626	0.09354	0.02985	0.56141	0.05618	0.00639	0.00728	0.11228	0.00489	0.00493
20	0.01889	0.70476	0.03640	0.01224	0.01819	0.02746	0.01211	0.02129	0.01512	0.01782	0.05091	0.01420	0.01286	0.00673	0.00490	0.00160	0.00751	0.00444	0.00340	0.00918
21	0.01458	0.07619	0.56389	0.05403	0.03058	0.01697	0.05182	0.02199	0.01542	0.02226	0.01656	0.01877	0.05039	0.00754	0.00696	0.00228	0.01016	0.00607	0.00333	0.01021
22	0.01474	0.01257	0.01472	0.01073	0.01687	0.00949	0.00851	0.01787	0.01501	0.02341	0.01437	0.05387	0.01276	0.00631	0.00559	0.00118	0.00532	0.00518	0.00444	0.74705
23	0.10172	0.01948	0.16473	0.03552	0.02305	0.01498	0.08842	0.13174	0.01858	0.08320	0.04357	0.02115	0.01476	0.07438	0.00950	0.00253	0.00802	0.00659	0.00501	0.13306
24	0.01020	0.00749	0.01042	0.01083	0.01192	0.00809	0.00812	0.01226	0.01262	0.01736	0.02799	0.14569	0.06590	0.13970	0.40874	0.00841	0.01335	0.06998	0.00482	0.00611
25	0.01799	0.01727	0.02950	0.04462	0.69919	0.01727	0.02231	0.02231	0.01655	0.02375	0.01367	0.01799	0.01151	0.00648	0.00720	0.00216	0.00864	0.00648	0.00360	0.01151
26	0.02287	0.01249	0.01529	0.01267	0.01692	0.01239	0.01012	0.08837	0.17107	0.31095	0.20802	0.03260	0.03209	0.01075	0.00767	0.00230	0.00551	0.00902	0.00821	0.01069
27	0.01649	0.01416	0.01675	0.01665	0.11369	0.04590	0.01111	0.04633	0.14668	0.02373	0.01880	0.02113	0.04126	0.01016	0.00976	0.12025	0.00646	0.00623	0.00482	0.30964
28	0.01028	0.00709	0.00784	0.00784	0.00821	0.00691	0.00457	0.01055	0.01146	0.01491	0.03041	0.05088	0.12548	0.63716	0.03280	0.00637	0.00655	0.01128	0.00475	0.00466
29	0.01767	0.04805	0.21712	0.05406	0.17278	0.05559	0.11654	0.04855	0.08700	0.04607	0.03492	0.03860	0.01442	0.00781	0.00732	0.00228	0.00936	0.00707	0.00435	0.01044
30	0.00915	0.00687	0.00849	0.00918	0.01044	0.00620	0.00647	0.01111	0.01627	0.02150	0.21385	0.39793	0.21671	0.01968	0.00893	0.00266	0.00388	0.01743	0.00706	0.00620
31	0.02593	0.01978	0.02070	0.01623	0.02163	0.04479	0.01327	0.56754	0.08438	0.04276	0.05449	0.02004	0.01605	0.00910	0.00733	0.00220	0.00775	0.00697	0.00720	0.01187
32	0.00980	0.00735	0.00908	0.00876	0.01059	0.00663	0.00653	0.01273	0.01925	0.02627	0.50920	0.09480	0.22001	0.01615	0.00862	0.00236	0.00353	0.01408	0.00763	0.00663
33	0.02065	0.01160	0.01547	0.01411	0.05675	0.01104	0.02783	0.05368	0.09416	0.27935	0.20375	0.06955	0.08676	0.01179	0.00787	0.00233	0.00552	0.01016	0.00773	0.00992
34	0.01430	0.01363	0.02177	0.48775	0.06480	0.01746	0.01868	0.01819	0.01361	0.01841	0.01236	0.01883	0.01009	0.01070	0.04239	0.00301	0.19615	0.00649	0.00326	0.00810
35	0.01671	0.01437	0.01841	0.01711	0.12073	0.01271	0.02927	0.07739	0.06681	0.02573	0.01512	0.01804	0.01250	0.03580	0.00732	0.00172	0.00638	0.00549	0.00467	0.49374
36	0.01767	0.01599	0.02555	0.27001	0.32630	0.01735	0.04583	0.12005	0.01849	0.02516	0.01493	0.04286	0.01224	0.00762	0.00736	0.00229	0.00889	0.00705	0.00414	0.01022
37	0.12777	0.08636	0.11707	0.04397	0.04239	0.22531	0.01521	0.05921	0.07605	0.04086	0.01357	0.01556	0.01073	0.00804	0.00823	0.00221	0.08846	0.00539	0.00425	0.00935
38	0.01196	0.00837	0.01114	0.01157	0.01292	0.00874	0.00892	0.01511	0.05037	0.04759	0.07026	0.18481	0.03489	0.13664	0.14649	0.00524	0.02893	0.19345	0.00594	0.00669
39	0.05546	0.01348	0.01637	0.01691	0.10228	0.01502	0.01170	0.06012	0.24685	0.02753	0.15639	0.03375	0.10829	0.01152	0.00944	0.00245	0.08741	0.00928	0.00632	0.00943
40	0.02485	0.01289	0.01576	0.01293	0.01758	0.01265	0.01039	0.07065	0.19404	0.38091	0.09833	0.03062	0.06442	0.01036	0.00753	0.00232	0.00575	0.00857	0.00824	0.01122
41	0.01007	0.00798	0.01058	0.10598	0.01623	0.00808	0.00863	0.01315	0.05474	0.01988	0.06806	0.46105	0.15048	0.01888	0.00875	0.00274	0.00492	0.01682	0.00637	0.00661
42	0.02327	0.01660	0.01801	0.01435	0.01867	0.01811	0.01130	0.46019	0.05629	0.06381	0.01975	0.02548	0.01643	0.18758	0.01450	0.00338	0.00760	0.00763	0.00665	0.01039
43	0.02721	0.03306	0.02073	0.01850	0.02248	0.63853	0.01402	0.10066	0.02210	0.02090	0.01193	0.01359	0.00970	0.00763	0.00663	0.00191	0.01254	0.00489	0.00414	0.00886
44	0.01685	0.01309	0.01501	0.01431	0.01768	0.01448	0.01167	0.06246	0.38267	0.05546	0.03216	0.04645	0.02865	0.01348	0.00835	0.00276	0.00623	0.24121	0.00720	0.00984
45	0.01610	0.01573	0.08693	0.03442	0.02079	0.01111	0.04487	0.02003	0.01552	0.06271	0.01393	0.01602	0.01101	0.00584	0.00587	0.00138	0.00645	0.00487	0.00439	0.60201
46	0.01098	0.00848	0.01068	0.01158	0.04662	0.00813	0.00789	0.04223	0.04956	0.02407	0.24750	0.30016	0.16963	0.01744	0.00865	0.00256	0.00434	0.01541	0.00703	0.00708
47	0.01608	0.04416	0.20104	0.06095	0.12592	0.03448	0.01638	0.02128	0.05577	0.08801	0.02437	0.13600	0.06653	0.04637	0.00935	0.00262	0.02716	0.00926	0.00492	0.00933
48	0.01855	0.06271	0.08302	0.20878	0.04910	0.08868	0.01593	0.14296	0.12254	0.02565	0.01759	0.02253	0.01423	0.04180	0.02923	0.00277	0.00913	0.03034	0.00485	0.00959
49	0.02059	0.01721	0.02044	0.04767	0.02266	0.04439	0.07262	0.26236	0.24112	0.03313	0.04501	0.02634	0.01915	0.01182	0.04141	0.00282	0.00823	0.04582	0.00651	0.01071
50	0.01675	0.02221	0.23989	0.01954	0.08511	0.01608	0.06005	0.13147	0.12651	0.02815	0.07834	0.04907	0.07530	0.00971	0.00753	0.00234	0.00800	0.00829	0.00537	0.01029
51	0.02089	0.07845	0.22465	0.01868	0.04962	0.19970	0.03513	0.13892	0.02039	0.04226	0.03460	0.01787	0.03019	0.00780	0.00680	0.00205	0.00984	0.00590	0.00448	0.05180
52	0.01352	0.04575	0.01558	0.01390	0.04055	0.01176	0.04384	0.04536	0.05426	0.04381	0.15391	0.10444	0.15405	0.01654	0.03813	0.00298	0.06880	0.11881	0.00622	0.00780

[dist]
# distance from previous block
# <min> <max>
0	5

[block]
# block no. 7 follows, 28 sequences, length 29
# corresponding to MSA columns:
# 772-800
name=unknown_H
#
# <colnr> <probs for GDERKNQSTAVLIFYWHMCP>
#	G	D	E	R	K	N	Q	S	T	A	V	L	I	F	Y	W	H	M	C	P
0	0.11728	0.06162	0.06077	0.05599	0.11654	0.04636	0.06239	0.10625	0.04154	0.02695	0.01374	0.01608	0.01084	0.00668	0.00627	0.00187	0.00773	0.00547	0.00446	0.23117
1	0.14805	0.38028	0.07464	0.01447	0.04074	0.06255	0.01310	0.07466	0.04108	0.02350	0.03323	0.01474	0.01173	0.00727	0.00610	0.00192	0.03362	0.00487	0.00403	0.00940
2	0.01542	0.01021	0.01566	0.01594	0.08206	0.01060	0.04778	0.01721	0.03264	0.10715	0.02099	0.11289	0.01993	0.04953	0.14500	0.19808	0.05769	0.02914	0.00484	0.00722
3	0.01162	0.00976	0.03563	0.01041	0.01270	0.00896	0.00835	0.04889	0.04292	0.02676	0.42425	0.05087	0.14534	0.04745	0.03548	0.00292	0.02779	0.03557	0.00709	0.00726
4	0.01410	0.01037	0.03614	0.15312	0.04558	0.01004	0.03141	0.01594	0.03334	0.07219	0.07501	0.06715	0.10269	0.01638	0.01499	0.27455	0.00671	0.00889	0.00478	0.00663
5	0.01865	0.58608	0.07632	0.01299	0.01904	0.02563	0.01293	0.04284	0.05398	0.02001	0.06105	0.01603	0.01442	0.00717	0.00532	0.00173	0.00754	0.00498	0.00383	0.00946
6	0.01490	0.01392	0.01993	0.01689	0.01852	0.01721	0.07846	0.02002	0.12000	0.02088	0.08398	0.02619	0.02001	0.09678	0.05875	0.00382	0.34895	0.00811	0.00456	0.00811
7	0.01057	0.00705	0.00793	0.00793	0.00793	0.00705	0.00440	0.01057	0.01057	0.01409	0.02290	0.04757	0.02643	0.74454	0.03700	0.00705	0.00705	0.01057	0.00440	0.00440
8	0.01843	0.07801	0.31101	0.02260	0.09793	0.01841	0.10821	0.08646	0.05429	0.07417	0.01539	0.01748	0.01136	0.00750	0.00797	0.00229	0.04716	0.00627	0.00428	0.01076
9	0.01536	0.02000	0.17538	0.11635	0.11693	0.01578	0.15549	0.02322	0.11507	0.02414	0.08142	0.02446	0.04268	0.00828	0.00758	0.00232	0.00881	0.00781	0.00456	0.03435
10	0.01948	0.01631	0.01723	0.01508	0.01944	0.01874	0.01184	0.13208	0.59032	0.03267	0.02780	0.02570	0.02075	0.00970	0.00738	0.00242	0.00608	0.00797	0.00738	0.01163
11	0.01650	0.01255	0.01484	0.01109	0.01683	0.00997	0.00877	0.04711	0.01618	0.08110	0.01673	0.07148	0.01464	0.02517	0.00669	0.00151	0.00552	0.00604	0.00501	0.61226
12	0.01654	0.03921	0.12282	0.05285	0.02147	0.01181	0.02760	0.02053	0.01565	0.09379	0.01627	0.06271	0.01357	0.00725	0.00622	0.00163	0.00669	0.00604	0.00465	0.45270
13	0.01107	0.00808	0.01087	0.01232	0.01401	0.00788	0.01050	0.01406	0.01650	0.02122	0.04339	0.13001	0.13132	0.02006	0.00979	0.00320	0.00610	0.51639	0.00671	0.00656
14	0.02766	0.01903	0.02084	0.01611	0.02180	0.02073	0.01327	0.55209	0.07432	0.12926	0.01967	0.01901	0.01372	0.00883	0.00728	0.00221	0.00762	0.00675	0.00750	0.01231
15	0.01672	0.01406	0.01541	0.01366	0.01772	0.01527	0.01075	0.04981	0.46267	0.02916	0.09107	0.03194	0.02626	0.01047	0.00743	0.00232	0.00562	0.05657	0.00698	0.11611
16	0.01452	0.01229	0.01258	0.01169	0.01304	0.09459	0.00847	0.06674	0.01430	0.01899	0.01917	0.03217	0.01923	0.31054	0.19607	0.00647	0.07118	0.00822	0.06323	0.00650
17	0.02273	0.01901	0.02617	0.02014	0.02582	0.07093	0.21318	0.18917	0.18537	0.11915	0.02058	0.02109	0.01487	0.00816	0.00765	0.00232	0.00889	0.00753	0.00617	0.01108
18	0.00931	0.00657	0.00848	0.00963	0.01012	0.00621	0.00635	0.01059	0.01405	0.01892	0.10771	0.54472	0.04650	0.14826	0.01405	0.00360	0.00463	0.01809	0.00647	0.00574
19	0.42823	0.01338	0.01364	0.01126	0.01623	0.01390	0.00926	0.02826	0.04348	0.32820	0.01908	0.01812	0.01291	0.00786	0.00585	0.00226	0.00588	0.00560	0.00660	0.01000
20	0.00971	0.00681	0.00821	0.00884	0.00932	0.00651	0.00560	0.01061	0.01309	0.01738	0.08164	0.32465	0.09108	0.34849	0.02172	0.00472	0.00540	0.01514	0.00578	0.00531
21	0.01141	0.00801	0.00991	0.00950	0.01135	0.00757	0.00705	0.01511	0.05635	0.05306	0.41992	0.10026	0.13622	0.08502	0.01127	0.00285	0.00422	0.03659	0.00738	0.00695
22	0.00950	0.00772	0.00848	0.00835	0.01063	0.00684	0.00635	0.01248	0.04124	0.02257	0.23169	0.06490	0.48173	0.01726	0.00861	0.00245	0.00382	0.04176	0.00709	0.00654
23	0.02600	0.01760	0.01951	0.01545	0.02063	0.01901	0.01256	0.47507	0.07965	0.13873	0.02199	0.08245	0.01705	0.01008	0.00746	0.00228	0.00723	0.00802	0.00749	0.01173
24	0.01847	0.41869	0.15720	0.01879	0.07745	0.02361	0.08424	0.02243	0.01527	0.04361	0.01202	0.01436	0.00998	0.00682	0.00686	0.00195	0.04989	0.00511	0.00341	0.00984
25	0.01097	0.00772	0.00920	0.00961	0.01034	0.00764	0.00627	0.06050	0.01416	0.01881	0.03249	0.37440	0.06020	0.32007	0.02057	0.00457	0.00565	0.01523	0.00582	0.00578
26	0.01702	0.07212	0.20899	0.02107	0.10300	0.03714	0.07491	0.07045	0.10775	0.02469	0.04562	0.02217	0.01578	0.03446	0.00960	0.00248	0.06906	0.02473	0.00450	0.03444
27	0.01727	0.01741	0.07663	0.07411	0.16184	0.04093	0.09218	0.12093	0.01838	0.02510	0.01772	0.02721	0.01581	0.05321	0.04912	0.00311	0.03221	0.08139	0.00458	0.07088
28	0.01113	0.01010	0.05010	0.06632	0.01529	0.00853	0.00874	0.01409	0.03967	0.02103	0.15894	0.15251	0.17134	0.11108	0.01291	0.04388	0.00541	0.01209	0.00579	0.08103

[dist]
# distance from previous block
# <min> <max>
5	29

[block]
# block no. 8 follows, 28 sequences, length 20
# corresponding to MSA columns:
# 832-851
name=unknown_I
#
# <colnr> <probs for GDERKNQSTAVLIFYWHMCP>
#	G	D	E	R	K	N	Q	S	T	A	V	L	I	F	Y	W	H	M	C	P
0	0.02223	0.11132	0.07507	0.01813	0.02376	0.16503	0.13560	0.11110	0.05537	0.11860	0.04805	0.02150	0.04506	0.00833	0.00714	0.00214	0.00928	0.00698	0.00530	0.01001
1	0.27701	0.06161	0.04514	0.05339	0.02128	0.04017	0.05940	0.12197	0.08855	0.02978	0.01435	0.01593	0.01103	0.00715	0.00598	0.00206	0.00724	0.00539	0.00490	0.12768
2	0.20404	0.11416	0.01882	0.02667	0.03474	0.05238	0.03790	0.08834	0.15984	0.02740	0.04072	0.07765	0.04330	0.01011	0.00724	0.02791	0.00674	0.00755	0.00541	0.00908
3	0.08274	0.11386	0.02189	0.05214	0.12257	0.08864	0.04225	0.05795	0.06595	0.11782	0.02295	0.02365	0.09118	0.00861	0.00672	0.00208	0.00760	0.00696	0.00522	0.05921
4	0.01318	0.00988	0.01179	0.01051	0.01379	0.00881	0.00795	0.01726	0.07902	0.05851	0.09313	0.18488	0.11722	0.05313	0.03223	0.00270	0.00541	0.03562	0.00610	0.23888
5	0.04635	0.06185	0.14793	0.16075	0.07761	0.01608	0.01620	0.05773	0.13714	0.06247	0.10486	0.02507	0.03753	0.00894	0.00716	0.00229	0.00761	0.00745	0.00523	0.00977
6	0.00927	0.00739	0.00837	0.00853	0.01059	0.00648	0.00648	0.01156	0.01726	0.02186	0.20574	0.12123	0.44514	0.01812	0.00877	0.00254	0.00394	0.07337	0.00702	0.00633
7	0.09353	0.01919	0.02365	0.14524	0.14047	0.13088	0.09335	0.08428	0.08819	0.04435	0.01512	0.01802	0.01171	0.00777	0.00806	0.00230	0.05320	0.00640	0.00452	0.00976
8	0.00973	0.00727	0.00880	0.00865	0.01027	0.00659	0.00626	0.01220	0.01791	0.02416	0.40321	0.12401	0.22775	0.08726	0.01140	0.00286	0.00392	0.01420	0.00720	0.00634
9	0.01244	0.00638	0.00933	0.00933	0.00933	0.00638	0.00614	0.00957	0.00957	0.01276	0.01357	0.02443	0.01389	0.09106	0.02919	0.71702	0.00638	0.00670	0.00327	0.00327
10	0.27590	0.01417	0.01512	0.01232	0.01717	0.01484	0.01006	0.14967	0.06103	0.25986	0.08160	0.02203	0.01854	0.00881	0.00651	0.00225	0.00607	0.00666	0.00703	0.01036
11	0.01685	0.01643	0.02302	0.44218	0.03952	0.08765	0.07764	0.08852	0.01707	0.02152	0.01363	0.01961	0.01080	0.04046	0.00965	0.00260	0.05386	0.00666	0.00380	0.00855
12	0.01739	0.05654	0.07240	0.15348	0.13586	0.05421	0.14507	0.03559	0.03554	0.04225	0.01418	0.01762	0.01105	0.00661	0.00692	0.00201	0.00903	0.00620	0.00398	0.17408
13	0.09997	0.28957	0.18953	0.01437	0.02092	0.02052	0.01489	0.10924	0.01762	0.06064	0.01738	0.05639	0.04414	0.00839	0.00611	0.00205	0.00782	0.00623	0.00448	0.00975
14	0.01186	0.04286	0.01179	0.04158	0.01280	0.00965	0.00748	0.04870	0.01465	0.01985	0.14940	0.04150	0.06583	0.31890	0.16667	0.00615	0.00897	0.01001	0.00514	0.00621
15	0.05527	0.01073	0.01415	0.01387	0.04688	0.01078	0.03251	0.05332	0.04661	0.08884	0.08471	0.26224	0.06961	0.01519	0.00908	0.00259	0.04580	0.07591	0.00640	0.05553
16	0.05019	0.13539	0.11736	0.04842	0.04790	0.06642	0.08227	0.14433	0.11621	0.06335	0.01655	0.01775	0.01246	0.00755	0.00673	0.00211	0.00858	0.00613	0.00502	0.04526
17	0.02187	0.01922	0.08486	0.01789	0.02354	0.07788	0.13932	0.12888	0.12416	0.16703	0.05909	0.02540	0.05876	0.00909	0.00760	0.00230	0.00830	0.00796	0.00627	0.01058
18	0.01101	0.00904	0.04574	0.01075	0.01251	0.00762	0.00822	0.01435	0.05664	0.05100	0.17311	0.45820	0.07629	0.01876	0.00878	0.00270	0.00455	0.01677	0.00695	0.00698
19	0.01964	0.03597	0.04231	0.02835	0.29869	0.05340	0.07672	0.10512	0.08935	0.07201	0.03395	0.07683	0.01706	0.00878	0.00745	0.00227	0.00822	0.00800	0.00515	0.01074

[dist]
# distance from previous block
# <min> <max>
0	2

[block]
# block no. 9 follows, 28 sequences, length 53
# corresponding to MSA columns:
# 855-902,911-915
name=unknown_J
#
# <colnr> <probs for GDERKNQSTAVLIFYWHMCP>
#	G	D	E	R	K	N	Q	S	T	A	V	L	I	F	Y	W	H	M	C	P
0	0.01486	0.00853	0.01068	0.00951	0.01231	0.00752	0.00735	0.01771	0.01952	0.17901	0.37288	0.05195	0.23069	0.01452	0.00829	0.00232	0.00412	0.01243	0.00788	0.00790
1	0.04589	0.01363	0.02045	0.01767	0.06535	0.03594	0.14880	0.02013	0.03469	0.07487	0.04772	0.11226	0.01979	0.01393	0.07742	0.00306	0.02960	0.00864	0.04420	0.16595
2	0.05309	0.11956	0.13690	0.04480	0.06142	0.13546	0.10463	0.02431	0.04454	0.09479	0.01926	0.05109	0.04240	0.00868	0.00703	0.00221	0.00919	0.02649	0.00460	0.00954
3	0.01705	0.01564	0.02420	0.15806	0.42318	0.05030	0.01881	0.02092	0.01643	0.05061	0.04051	0.09768	0.01729	0.00883	0.00745	0.00229	0.00829	0.00819	0.00426	0.01002
4	0.01285	0.00845	0.01017	0.00992	0.01208	0.00794	0.00729	0.01669	0.08135	0.10319	0.17785	0.24962	0.21184	0.04477	0.00960	0.00272	0.00441	0.01461	0.00724	0.00740
5	0.01426	0.01256	0.01417	0.05865	0.03570	0.09174	0.02950	0.01721	0.01709	0.03740	0.22174	0.11832	0.03392	0.04409	0.03781	0.00266	0.00670	0.00991	0.04487	0.15169
6	0.01676	0.04713	0.05024	0.09775	0.15780	0.04389	0.03662	0.06819	0.13381	0.04336	0.09496	0.11320	0.02395	0.01083	0.00809	0.02203	0.00732	0.00913	0.00545	0.00949
7	0.01437	0.00908	0.01083	0.00963	0.01250	0.00829	0.00746	0.06204	0.02013	0.13217	0.32186	0.05272	0.28117	0.01479	0.00829	0.00233	0.00427	0.01256	0.00766	0.00784
8	0.01153	0.00819	0.01113	0.01131	0.01257	0.00857	0.00867	0.01383	0.01522	0.04933	0.16079	0.21524	0.05796	0.07690	0.13787	0.00471	0.06098	0.12242	0.00614	0.00665
9	0.04656	0.07563	0.07594	0.03960	0.11244	0.17856	0.04212	0.12558	0.06948	0.02648	0.08823	0.02048	0.01755	0.00820	0.00690	0.00207	0.00883	0.00655	0.00494	0.04385
10	0.01452	0.01354	0.06440	0.01430	0.03494	0.01364	0.01148	0.08978	0.12151	0.02368	0.07779	0.06099	0.04191	0.10897	0.18633	0.00530	0.09448	0.00889	0.00527	0.00828
11	0.00907	0.00683	0.00816	0.00897	0.01007	0.00624	0.00614	0.01049	0.01457	0.01873	0.07341	0.39408	0.25592	0.10824	0.03143	0.00349	0.00476	0.01709	0.00644	0.00585
12	0.01687	0.02440	0.26587	0.08281	0.03274	0.04155	0.27288	0.02302	0.01677	0.07160	0.03810	0.02150	0.04237	0.00755	0.00772	0.00236	0.01047	0.00749	0.00408	0.00987
13	0.01845	0.16308	0.14331	0.10472	0.08137	0.16630	0.01659	0.02209	0.01618	0.04304	0.01663	0.06792	0.03897	0.00896	0.00796	0.00218	0.06251	0.00676	0.00390	0.00906
14	0.01042	0.00763	0.01092	0.01104	0.01210	0.00860	0.00829	0.01254	0.01176	0.01663	0.02149	0.05788	0.02152	0.17199	0.54704	0.01026	0.01631	0.03327	0.00419	0.00612
15	0.01135	0.00785	0.00893	0.00923	0.00948	0.03576	0.00578	0.01097	0.01148	0.01491	0.02389	0.19711	0.02738	0.38083	0.02743	0.19028	0.00648	0.01161	0.00461	0.00462
16	0.14151	0.11234	0.02238	0.01840	0.07207	0.34322	0.03838	0.09539	0.01922	0.02344	0.01198	0.01420	0.00982	0.00796	0.00712	0.03434	0.01013	0.00503	0.00413	0.00895
17	0.01488	0.01346	0.06211	0.08909	0.01930	0.01249	0.01104	0.12982	0.09878	0.02789	0.14898	0.03827	0.18685	0.01179	0.00755	0.00225	0.00581	0.00982	0.06908	0.04075
18	0.02151	0.01673	0.04303	0.01368	0.01997	0.01515	0.01152	0.28134	0.02316	0.08875	0.01603	0.01683	0.01194	0.00707	0.00635	0.00166	0.00669	0.00548	0.00583	0.38727
19	0.00958	0.00705	0.00905	0.00957	0.01060	0.00691	0.00672	0.01131	0.01421	0.01905	0.12172	0.29030	0.14450	0.13532	0.16461	0.00527	0.00772	0.01460	0.00595	0.00596
20	0.11850	0.01274	0.01443	0.01154	0.03812	0.01054	0.00877	0.01829	0.01491	0.02476	0.03205	0.03725	0.03141	0.00667	0.00560	0.00139	0.00539	0.00530	0.00454	0.59782
21	0.00889	0.00647	0.00839	0.00981	0.01049	0.00597	0.00663	0.01031	0.01446	0.01912	0.07156	0.64597	0.11113	0.02201	0.00918	0.00288	0.00413	0.01983	0.00680	0.00597
22	0.01754	0.01844	0.09683	0.04115	0.09654	0.06360	0.01361	0.05841	0.08321	0.04020	0.01515	0.01697	0.01191	0.00660	0.00625	0.00166	0.00725	0.00535	0.00458	0.39475
23	0.01764	0.01829	0.06357	0.04110	0.59271	0.01764	0.04710	0.02205	0.01614	0.02326	0.01339	0.01777	0.01124	0.00692	0.00840	0.00225	0.05933	0.00649	0.00355	0.01116
24	0.00886	0.00660	0.00825	0.00948	0.01040	0.00600	0.00648	0.01034	0.01478	0.01924	0.07483	0.56418	0.19113	0.02149	0.00910	0.00282	0.00407	0.01918	0.00680	0.00600
25	0.02066	0.63567	0.03532	0.01343	0.01926	0.13762	0.01269	0.02292	0.01569	0.01721	0.01028	0.01189	0.00933	0.00642	0.00496	0.00161	0.00862	0.00401	0.00321	0.00919
26	0.00984	0.00720	0.00896	0.00924	0.01080	0.00660	0.00687	0.01241	0.01762	0.02395	0.32828	0.22144	0.19161	0.01764	0.00872	0.00254	0.00393	0.06627	0.03961	0.00646
27	0.01012	0.00746	0.00953	0.00948	0.01120	0.00687	0.00725	0.01315	0.01905	0.02612	0.47899	0.10916	0.15387	0.01657	0.00881	0.00249	0.00392	0.09172	0.00757	0.00667
28	0.05561	0.01256	0.01653	0.01281	0.01819	0.01125	0.01054	0.06594	0.02119	0.61263	0.06402	0.02558	0.02016	0.00923	0.00729	0.00225	0.00611	0.00748	0.00871	0.01192
29	0.00905	0.00685	0.00839	0.00937	0.01059	0.00619	0.00665	0.01078	0.01543	0.01993	0.10397	0.44140	0.24914	0.02063	0.00905	0.00277	0.00412	0.05274	0.00685	0.00610
30	0.01507	0.01292	0.01507	0.01077	0.01723	0.00969	0.00861	0.01830	0.01507	0.02369	0.01292	0.01507	0.01077	0.00538	0.00538	0.00108	0.00538	0.00431	0.00431	0.78898
31	0.14973	0.02272	0.11960	0.04562	0.02210	0.19022	0.01444	0.13426	0.02003	0.07902	0.03164	0.02479	0.01567	0.00936	0.00696	0.00230	0.00896	0.08796	0.00521	0.00938
32	0.01013	0.00726	0.00981	0.01012	0.01088	0.00773	0.00711	0.01172	0.01225	0.01700	0.05862	0.17858	0.02918	0.25162	0.33595	0.00807	0.01190	0.01148	0.00483	0.00577
33	0.09374	0.01740	0.02162	0.01676	0.02235	0.03533	0.10516	0.25230	0.12812	0.16057	0.02001	0.01989	0.01420	0.00820	0.00711	0.00221	0.00768	0.00683	0.00661	0.05389
34	0.11049	0.07549	0.06626	0.01387	0.01918	0.01687	0.01210	0.15549	0.16853	0.19106	0.02421	0.02325	0.05251	0.01028	0.02637	0.00250	0.00706	0.00702	0.00665	0.01081
35	0.01559	0.09164	0.01577	0.01182	0.01504	0.04208	0.00934	0.08784	0.11990	0.04649	0.29895	0.11798	0.04071	0.01260	0.00767	0.00223	0.00537	0.01072	0.00685	0.04138
36	0.01615	0.01647	0.05338	0.24484	0.31103	0.04243	0.05203	0.02038	0.01581	0.02160	0.03689	0.01941	0.01272	0.00775	0.00805	0.03506	0.00888	0.00653	0.00366	0.06693
37	0.01775	0.01239	0.01515	0.04184	0.01819	0.00995	0.00916	0.02073	0.01572	0.14154	0.01641	0.01934	0.01313	0.06049	0.00813	0.00178	0.00583	0.00538	0.00509	0.56199
38	0.05688	0.01389	0.01700	0.01500	0.06518	0.01371	0.01124	0.20396	0.02327	0.30077	0.09149	0.03009	0.10431	0.01037	0.00745	0.00225	0.00626	0.00844	0.00759	0.01084
39	0.02167	0.46444	0.03148	0.01469	0.01991	0.16032	0.01318	0.10376	0.01802	0.02082	0.01119	0.01298	0.00973	0.00727	0.00682	0.00182	0.06415	0.00456	0.00375	0.00942
40	0.05998	0.02604	0.01949	0.01672	0.02093	0.39018	0.01304	0.17384	0.02269	0.10204	0.01501	0.01606	0.01135	0.00817	0.00737	0.00205	0.04063	0.00553	0.03922	0.00964
41	0.01373	0.00735	0.01038	0.01000	0.01043	0.00751	0.00687	0.05845	0.01129	0.01507	0.01298	0.02175	0.01261	0.02404	0.02685	0.73064	0.00644	0.00633	0.00346	0.00383
