[name]
unknown

[dist]
# distance from previous block
# <min> <max>
0	34

[block]
# block no. 0 follows, 33 sequences, length 34
# corresponding to MSA columns:
# 34-67
name=unknown_A
#
# <colnr> <probs for GDERKNQSTAVLIFYWHMCP>
#	G	D	E	R	K	N	Q	S	T	A	V	L	I	F	Y	W	H	M	C	P
0	0.01098	0.00889	0.01094	0.01190	0.05916	0.00905	0.00826	0.01711	0.18306	0.02193	0.17032	0.23277	0.14896	0.01463	0.00770	0.00236	0.00437	0.06418	0.00628	0.00716
1	0.00921	0.00679	0.00838	0.00910	0.01019	0.00644	0.00637	0.05556	0.01465	0.01932	0.09192	0.55069	0.14954	0.01862	0.00814	0.00251	0.00392	0.01660	0.00623	0.00583
2	0.01324	0.01300	0.01967	0.70410	0.04369	0.06279	0.01791	0.01745	0.01353	0.01677	0.01160	0.01718	0.00876	0.00660	0.00654	0.00216	0.00898	0.00574	0.00296	0.00733
3	0.00874	0.00671	0.00800	0.00768	0.00948	0.00597	0.00576	0.01131	0.01727	0.02317	0.47748	0.05450	0.31075	0.01466	0.00777	0.00213	0.00319	0.01265	0.00682	0.00597
4	0.01514	0.01701	0.03675	0.02639	0.03260	0.01597	0.65735	0.02033	0.01514	0.02054	0.01381	0.01943	0.01091	0.05606	0.00947	0.00250	0.01079	0.00789	0.00337	0.00856
5	0.02390	0.01768	0.01891	0.01471	0.01972	0.01961	0.01208	0.62851	0.08558	0.03980	0.01688	0.01680	0.01210	0.00798	0.00653	0.00198	0.00694	0.00606	0.03326	0.01096
6	0.02096	0.01301	0.01532	0.01151	0.01680	0.01185	0.00938	0.19454	0.01949	0.22824	0.01722	0.01716	0.01229	0.00669	0.00579	0.00155	0.00560	0.00528	0.04134	0.34598
7	0.01438	0.23198	0.54692	0.01675	0.02539	0.01817	0.02082	0.02054	0.01376	0.01941	0.01110	0.01300	0.00837	0.00609	0.00571	0.00190	0.00901	0.00450	0.00279	0.00939
8	0.81514	0.01273	0.00968	0.00866	0.01273	0.01477	0.00713	0.01935	0.01120	0.02954	0.00917	0.01069	0.00713	0.00611	0.00407	0.00204	0.00509	0.00356	0.00407	0.00713
9	0.01461	0.01256	0.01323	0.01211	0.01545	0.01413	0.00935	0.02970	0.57100	0.02549	0.03375	0.06190	0.13701	0.01069	0.00695	0.00225	0.00484	0.00898	0.00658	0.00941
10	0.01697	0.01477	0.02440	0.06556	0.59134	0.01477	0.01838	0.03802	0.01562	0.07676	0.01611	0.01907	0.04523	0.00664	0.00659	0.00198	0.00746	0.00631	0.00385	0.01014
11	0.01243	0.01170	0.01975	0.75282	0.04534	0.01463	0.01828	0.01682	0.01316	0.01682	0.01170	0.01755	0.00878	0.00658	0.00658	0.00219	0.00878	0.00585	0.00293	0.00731
12	0.00829	0.00669	0.00738	0.00720	0.00920	0.00577	0.00540	0.01043	0.01621	0.02064	0.28463	0.05866	0.50518	0.01561	0.00778	0.00217	0.00326	0.01323	0.00649	0.00577
13	0.01528	0.15269	0.46895	0.01727	0.02523	0.05240	0.05019	0.04785	0.07133	0.02106	0.01272	0.01435	0.00949	0.00642	0.00602	0.00197	0.00899	0.00499	0.00330	0.00949
14	0.01075	0.00735	0.00875	0.00834	0.01045	0.00672	0.00640	0.01391	0.04646	0.07562	0.32522	0.07190	0.28538	0.01422	0.00760	0.00218	0.00364	0.04860	0.04001	0.00650
15	0.01975	0.11533	0.04992	0.01440	0.03212	0.10816	0.02617	0.27504	0.04079	0.05445	0.01704	0.10524	0.01485	0.00967	0.02123	0.00212	0.02338	0.00696	0.02962	0.03375
16	0.01508	0.11724	0.04023	0.01511	0.12025	0.01275	0.01077	0.04262	0.04832	0.05113	0.01596	0.10699	0.01461	0.00755	0.00573	0.00156	0.00576	0.00635	0.00430	0.35769
17	0.02061	0.08137	0.02129	0.01885	0.13790	0.04591	0.04164	0.27329	0.16375	0.07598	0.01711	0.01772	0.01284	0.00793	0.00704	0.02798	0.00709	0.00607	0.00545	0.01017
18	0.04807	0.44949	0.04727	0.01222	0.01771	0.02152	0.01145	0.14597	0.03744	0.13235	0.01354	0.01385	0.01045	0.00656	0.00515	0.00167	0.00681	0.00459	0.00448	0.00942
19	0.01955	0.01889	0.01612	0.01411	0.01773	0.22112	0.01094	0.17460	0.27343	0.02683	0.09199	0.04772	0.02004	0.00898	0.00663	0.00202	0.00727	0.00707	0.00577	0.00919
20	0.01205	0.00988	0.01105	0.01070	0.01302	0.01061	0.00799	0.02163	0.33944	0.02329	0.13577	0.23365	0.11682	0.01369	0.00745	0.00233	0.00430	0.01193	0.00655	0.00785
21	0.01622	0.01255	0.01785	0.08377	0.26005	0.01308	0.01330	0.13348	0.04387	0.05978	0.06485	0.06340	0.01864	0.03187	0.00742	0.00217	0.00635	0.03540	0.10710	0.00885
22	0.01612	0.10302	0.18143	0.05951	0.04192	0.01761	0.22528	0.10003	0.09386	0.02297	0.01447	0.01774	0.01123	0.00698	0.00738	0.00212	0.04376	0.02140	0.00392	0.00926
23	0.00807	0.00581	0.00766	0.00903	0.00954	0.00540	0.00607	0.00933	0.01298	0.01730	0.07054	0.70353	0.07008	0.02013	0.00835	0.00263	0.00377	0.01821	0.00617	0.00540
24	0.00947	0.00680	0.00931	0.00931	0.01005	0.00754	0.00665	0.01094	0.01021	0.01435	0.01879	0.03227	0.01924	0.31702	0.47871	0.00902	0.01345	0.00799	0.00370	0.00517
25	0.01389	0.18332	0.50303	0.01675	0.02485	0.01683	0.04845	0.01995	0.01424	0.02020	0.06859	0.01621	0.01275	0.00668	0.00602	0.00195	0.00870	0.00527	0.00317	0.00915
26	0.01580	0.01361	0.02138	0.11847	0.35903	0.01414	0.04024	0.08497	0.05106	0.04728	0.04480	0.07736	0.01736	0.00863	0.00696	0.00215	0.00719	0.05589	0.00444	0.00924
27	0.00995	0.00692	0.00872	0.00816	0.00998	0.00625	0.00616	0.01278	0.01802	0.05624	0.58023	0.05042	0.17389	0.01377	0.00772	0.00210	0.00326	0.01201	0.00709	0.00632
28	0.01335	0.03696	0.01989	0.04744	0.01891	0.01583	0.10200	0.03836	0.01185	0.01716	0.01258	0.01905	0.01160	0.04422	0.22461	0.00500	0.34435	0.00645	0.00328	0.00712
29	0.01811	0.25743	0.17543	0.01864	0.11837	0.13019	0.03984	0.02263	0.05460	0.06514	0.01254	0.01419	0.00993	0.00650	0.00617	0.00183	0.03090	0.00488	0.00355	0.00913
30	0.02308	0.01226	0.01461	0.01194	0.01612	0.03331	0.00958	0.09542	0.14482	0.39458	0.12996	0.04177	0.02372	0.00929	0.00682	0.00207	0.00547	0.00768	0.00741	0.01008
31	0.00913	0.00614	0.00730	0.00785	0.00805	0.00600	0.00477	0.00967	0.01084	0.01471	0.02633	0.30025	0.03065	0.46875	0.02330	0.00485	0.00532	0.01270	0.03882	0.00457
32	0.24110	0.10168	0.07225	0.05451	0.09061	0.19881	0.02843	0.10122	0.01638	0.02377	0.01093	0.01288	0.00865	0.00643	0.00547	0.00188	0.00819	0.00454	0.00381	0.00844
33	0.00846	0.00603	0.00797	0.00896	0.00951	0.00579	0.00607	0.00982	0.01288	0.01747	0.11965	0.54012	0.04167	0.10095	0.06881	0.00361	0.00509	0.01598	0.00583	0.00535

[dist]
# distance from previous block
# <min> <max>
0	2

[block]
# block no. 1 follows, 33 sequences, length 8
# corresponding to MSA columns:
# 70-77
name=unknown_B
#
# <colnr> <probs for GDERKNQSTAVLIFYWHMCP>
#	G	D	E	R	K	N	Q	S	T	A	V	L	I	F	Y	W	H	M	C	P
0	0.01064	0.12105	0.01233	0.00894	0.01016	0.00983	0.00649	0.01174	0.01062	0.01416	0.01890	0.07203	0.02039	0.39330	0.24542	0.00673	0.00980	0.00839	0.00379	0.00531
1	0.41980	0.04025	0.03978	0.04940	0.01678	0.09518	0.00967	0.02313	0.08086	0.12096	0.01389	0.01468	0.01027	0.00680	0.00511	0.00199	0.00628	0.00468	0.03234	0.00816
2	0.00957	0.00638	0.00718	0.00718	0.00718	0.00638	0.00399	0.00957	0.00957	0.01276	0.02074	0.04308	0.02393	0.76864	0.03351	0.00638	0.00638	0.00957	0.00399	0.00399
3	0.23523	0.01441	0.01440	0.01182	0.01628	0.06189	0.00958	0.15881	0.08757	0.25655	0.02066	0.01964	0.04946	0.00799	0.00596	0.00203	0.00604	0.00597	0.00620	0.00951
4	0.00802	0.00573	0.00764	0.00917	0.00955	0.00535	0.00611	0.00917	0.01260	0.01681	0.03628	0.76434	0.04354	0.02062	0.00840	0.00267	0.00382	0.01872	0.00611	0.00535
5	0.01028	0.00774	0.01053	0.01016	0.01087	0.00908	0.00755	0.01188	0.01044	0.01524	0.01764	0.02928	0.01764	0.24902	0.39774	0.00779	0.10759	0.00755	0.05645	0.00552
6	0.01527	0.01399	0.02285	0.20430	0.44088	0.01489	0.01804	0.06468	0.01536	0.02126	0.01379	0.01977	0.01170	0.00949	0.05343	0.00261	0.00855	0.03633	0.00355	0.00926
7	0.06645	0.16777	0.30811	0.01867	0.04969	0.04771	0.15191	0.05303	0.01496	0.02111	0.01233	0.03696	0.00990	0.00652	0.00610	0.00197	0.00891	0.00558	0.00330	0.00903

[dist]
# distance from previous block
# <min> <max>
0	2

[block]
# block no. 2 follows, 33 sequences, length 15
# corresponding to MSA columns:
# 80-94
name=unknown_C
#
# <colnr> <probs for GDERKNQSTAVLIFYWHMCP>
#	G	D	E	R	K	N	Q	S	T	A	V	L	I	F	Y	W	H	M	C	P
0	0.01298	0.01226	0.02073	0.65184	0.14204	0.01477	0.01856	0.01730	0.01342	0.01748	0.01180	0.01737	0.00901	0.00648	0.00657	0.00216	0.00864	0.00585	0.00297	0.00775
1	0.10762	0.02333	0.01995	0.01896	0.10171	0.37156	0.06313	0.11579	0.05048	0.04861	0.01263	0.01417	0.00984	0.00681	0.00608	0.00187	0.00947	0.00507	0.00420	0.00872
2	0.01322	0.01150	0.01696	0.12095	0.07012	0.03680	0.10732	0.04167	0.01328	0.01861	0.01699	0.06886	0.01634	0.20818	0.01523	0.00326	0.08731	0.00784	0.11883	0.00674
3	0.01752	0.01550	0.02195	0.02701	0.35647	0.07029	0.06201	0.06254	0.10601	0.07862	0.01809	0.10190	0.01573	0.00827	0.00681	0.00208	0.00736	0.00758	0.00462	0.00964
4	0.01747	0.20927	0.15104	0.04757	0.13334	0.15545	0.04070	0.02352	0.12258	0.01961	0.01328	0.01498	0.01060	0.00654	0.00587	0.00186	0.00849	0.00511	0.00361	0.00911
5	0.01292	0.03102	0.64852	0.01758	0.02652	0.01432	0.02224	0.02002	0.01425	0.02130	0.06655	0.01660	0.01253	0.00675	0.00631	0.00204	0.00902	0.00537	0.00317	0.04297
6	0.00799	0.00626	0.00724	0.00787	0.00924	0.00551	0.00557	0.00952	0.01420	0.01793	0.09720	0.36954	0.38218	0.01819	0.00805	0.00241	0.00353	0.01587	0.00619	0.00551
7	0.01449	0.01097	0.01494	0.05548	0.01696	0.01127	0.05800	0.05466	0.06026	0.09327	0.12004	0.02858	0.10197	0.03072	0.05267	0.00262	0.09429	0.00781	0.04330	0.12770
8	0.02359	0.01610	0.01773	0.01380	0.01846	0.01740	0.01122	0.54013	0.02730	0.11847	0.05215	0.02031	0.01527	0.06667	0.00872	0.00233	0.00678	0.00658	0.00660	0.01040
9	0.02318	0.01873	0.01902	0.01519	0.01977	0.08200	0.01236	0.51459	0.12225	0.03588	0.01640	0.01658	0.01203	0.00816	0.00744	0.00204	0.05177	0.00598	0.00611	0.01055
10	0.13284	0.01336	0.01999	0.33145	0.23121	0.01552	0.01638	0.01915	0.05476	0.02059	0.01215	0.01632	0.00966	0.00688	0.00750	0.00216	0.07271	0.00560	0.00341	0.00835
11	0.02404	0.01888	0.01903	0.01494	0.01989	0.07654	0.01219	0.59843	0.06210	0.03809	0.01748	0.01740	0.03376	0.00814	0.00658	0.00197	0.00739	0.00612	0.00633	0.01070
12	0.01656	0.01511	0.02713	0.20061	0.21426	0.01580	0.22872	0.06055	0.01567	0.07572	0.01354	0.01737	0.01029	0.00656	0.00781	0.00216	0.05275	0.00650	0.00375	0.00913
13	0.01580	0.01571	0.08305	0.03542	0.04661	0.01535	0.06946	0.09513	0.39881	0.02602	0.02337	0.10727	0.01934	0.00948	0.00692	0.00223	0.00635	0.00829	0.00575	0.00964
14	0.00872	0.00642	0.00817	0.00834	0.00963	0.00586	0.00603	0.01105	0.01633	0.02237	0.43009	0.26862	0.14187	0.01605	0.00796	0.00227	0.00335	0.01423	0.00676	0.00586

[dist]
# distance from previous block
# <min> <max>
1	3

[block]
# block no. 3 follows, 33 sequences, length 24
# corresponding to MSA columns:
# 98-112,123-131
name=unknown_D
#
# <colnr> <probs for GDERKNQSTAVLIFYWHMCP>
#	G	D	E	R	K	N	Q	S	T	A	V	L	I	F	Y	W	H	M	C	P
0	0.58481	0.01290	0.01136	0.00989	0.01376	0.01476	0.00812	0.09558	0.03071	0.05452	0.02866	0.01500	0.01061	0.00715	0.00536	0.00207	0.03270	0.01984	0.03448	0.00772
1	0.00816	0.00581	0.00767	0.00902	0.00944	0.00544	0.00601	0.00934	0.01272	0.01704	0.06711	0.69403	0.04338	0.05911	0.00968	0.00284	0.00392	0.01793	0.00605	0.00532
2	0.03991	0.01846	0.02275	0.13214	0.30976	0.16250	0.05258	0.12135	0.01771	0.02294	0.01253	0.01564	0.00996	0.00649	0.00637	0.00195	0.00867	0.00559	0.02345	0.00925
3	0.01440	0.01440	0.02016	0.01728	0.01728	0.02016	0.01440	0.01584	0.01008	0.01584	0.00864	0.01440	0.00864	0.01152	0.02160	0.00288	0.75659	0.00576	0.00288	0.00720
4	0.81514	0.01273	0.00968	0.00866	0.01273	0.01477	0.00713	0.01935	0.01120	0.02954	0.00917	0.01069	0.00713	0.00611	0.00407	0.00204	0.00509	0.00356	0.00407	0.00713
5	0.01760	0.77260	0.03450	0.01126	0.01690	0.02605	0.01126	0.01971	0.01338	0.01549	0.00915	0.01056	0.00845	0.00563	0.00422	0.00141	0.00704	0.00352	0.00282	0.00845
6	0.00973	0.00721	0.00943	0.01059	0.01218	0.00692	0.00891	0.01228	0.01491	0.01901	0.04249	0.12894	0.20043	0.01803	0.00873	0.00281	0.00523	0.47021	0.00608	0.00588
7	0.00806	0.00620	0.00739	0.00811	0.00932	0.00552	0.00569	0.00961	0.01416	0.01818	0.11963	0.41924	0.30855	0.01835	0.00810	0.00244	0.00356	0.01614	0.00623	0.00552
8	0.00941	0.00702	0.01040	0.01040	0.01151	0.00813	0.00800	0.01164	0.01053	0.01515	0.01780	0.02680	0.01686	0.08853	0.70395	0.01035	0.01702	0.00719	0.00355	0.00578
9	0.00829	0.00595	0.00806	0.00945	0.00997	0.00572	0.00655	0.00964	0.01257	0.01683	0.03457	0.66138	0.04085	0.02301	0.07288	0.00339	0.00516	0.05442	0.00588	0.00543
10	0.01860	0.01411	0.02040	0.07586	0.19700	0.05507	0.09211	0.03729	0.10239	0.17964	0.09905	0.02265	0.01874	0.00778	0.00677	0.00204	0.00701	0.00705	0.02702	0.00944
11	0.01413	0.01285	0.01850	0.01479	0.04497	0.01177	0.11393	0.04105	0.01421	0.02116	0.01403	0.04746	0.01266	0.00728	0.00780	0.00164	0.09524	0.04405	0.00397	0.45850
12	0.01061	0.00845	0.01209	0.01113	0.01323	0.00819	0.07276	0.01407	0.05368	0.03718	0.22751	0.15853	0.17168	0.03218	0.00898	0.00249	0.02631	0.11832	0.00609	0.00650
13	0.02446	0.10836	0.06813	0.01489	0.01951	0.37834	0.01247	0.05164	0.01824	0.22054	0.01486	0.01500	0.01078	0.00705	0.00598	0.00180	0.00924	0.00494	0.00475	0.00901
14	0.65482	0.01564	0.09234	0.01037	0.01519	0.01533	0.00955	0.08019	0.01325	0.02961	0.01005	0.01151	0.00763	0.00629	0.00454	0.00204	0.00581	0.00392	0.00415	0.00778
15	0.05044	0.01227	0.01424	0.01180	0.01620	0.01230	0.00942	0.02987	0.30571	0.29889	0.02653	0.02430	0.05761	0.00854	0.00644	0.00202	0.00521	0.00698	0.00683	0.09440
16	0.01663	0.01407	0.01650	0.05364	0.01852	0.07572	0.06707	0.23860	0.02106	0.02797	0.21010	0.06927	0.02780	0.03036	0.00778	0.00215	0.00652	0.03675	0.00575	0.05374
17	0.01206	0.00898	0.01036	0.01019	0.01208	0.00925	0.00749	0.12229	0.10685	0.02314	0.07291	0.40340	0.09800	0.01560	0.00759	0.00237	0.00441	0.01370	0.05231	0.00703
18	0.01322	0.05269	0.01483	0.10739	0.01703	0.01069	0.06921	0.08541	0.01321	0.01769	0.01693	0.02534	0.04637	0.16336	0.01792	0.25951	0.00669	0.00698	0.04984	0.00570
19	0.01914	0.14372	0.03955	0.11263	0.09681	0.05414	0.01361	0.22161	0.03405	0.05795	0.01328	0.01515	0.01026	0.00696	0.00682	0.00185	0.04999	0.00524	0.00446	0.09277
20	0.03737	0.15955	0.04629	0.01620	0.02127	0.08437	0.15755	0.06382	0.19806	0.10714	0.03221	0.01845	0.01398	0.00720	0.00632	0.00198	0.00766	0.00622	0.00495	0.00942
21	0.04051	0.06976	0.10144	0.01709	0.06068	0.08570	0.11750	0.14545	0.01802	0.08486	0.01357	0.01512	0.01021	0.00628	0.00605	0.00174	0.00784	0.00530	0.00439	0.18848
22	0.05502	0.01819	0.06747	0.01502	0.05152	0.09790	0.01212	0.23687	0.13897	0.08738	0.01648	0.01671	0.01217	0.00719	0.00612	0.00184	0.00701	0.00554	0.00540	0.14109
23	0.06337	0.05974	0.05631	0.06489	0.01959	0.06862	0.01150	0.12943	0.24458	0.06757	0.02066	0.02055	0.05218	0.00794	0.00618	0.00195	0.00649	0.00624	0.00537	0.08686

[dist]
# distance from previous block
# <min> <max>
10	47

[block]
# block no. 4 follows, 33 sequences, length 28
# corresponding to MSA columns:
# 186-196,199-215
name=unknown_E
#
# <colnr> <probs for GDERKNQSTAVLIFYWHMCP>
#	G	D	E	R	K	N	Q	S	T	A	V	L	I	F	Y	W	H	M	C	P
0	0.01661	0.01353	0.01665	0.09244	0.05315	0.01371	0.03062	0.21830	0.08965	0.02695	0.04893	0.02134	0.04285	0.05253	0.00784	0.00202	0.00628	0.00635	0.00506	0.23520
1	0.01978	0.01497	0.01769	0.01729	0.12448	0.05043	0.01196	0.29315	0.02121	0.09960	0.01896	0.14632	0.01686	0.00966	0.00732	0.00204	0.03648	0.00795	0.00562	0.07822
2	0.04230	0.01568	0.01816	0.01548	0.05002	0.09856	0.08445	0.18867	0.09410	0.13298	0.07327	0.04314	0.03932	0.04928	0.00817	0.00226	0.00708	0.00732	0.00573	0.02405
3	0.07841	0.01870	0.03871	0.01378	0.01760	0.22854	0.02680	0.09689	0.14983	0.08139	0.02006	0.11319	0.03371	0.00925	0.00643	0.00201	0.00746	0.00735	0.00521	0.04466
4	0.01231	0.01026	0.01050	0.00946	0.01194	0.08280	0.00716	0.03491	0.01734	0.04437	0.36730	0.09397	0.12385	0.01213	0.00710	0.00194	0.00450	0.01036	0.03276	0.10506
5	0.05760	0.03567	0.08690	0.01569	0.09515	0.01108	0.10395	0.01746	0.04034	0.07248	0.21541	0.03463	0.16594	0.01031	0.00705	0.00209	0.00587	0.00914	0.00535	0.00787
6	0.01308	0.03279	0.70002	0.01845	0.02778	0.01492	0.02367	0.02050	0.01396	0.02079	0.01291	0.01678	0.00975	0.00682	0.00639	0.00213	0.00955	0.03721	0.00294	0.00955
7	0.01733	0.64628	0.06609	0.01234	0.01760	0.04808	0.01221	0.01964	0.01328	0.01580	0.00927	0.01110	0.00846	0.00622	0.00592	0.00158	0.07379	0.00381	0.00284	0.00837
8	0.01605	0.16764	0.39535	0.01588	0.04259	0.01598	0.01770	0.04035	0.01483	0.09411	0.01435	0.01556	0.02853	0.00651	0.00583	0.00184	0.00801	0.00499	0.00367	0.09024
9	0.00915	0.00672	0.00857	0.00811	0.00973	0.00614	0.00608	0.01210	0.01824	0.02545	0.65202	0.05073	0.13479	0.01381	0.00777	0.00209	0.00313	0.01212	0.00712	0.00614
10	0.01760	0.77260	0.03450	0.01126	0.01690	0.02605	0.01126	0.01971	0.01338	0.01549	0.00915	0.01056	0.00845	0.00563	0.00422	0.00141	0.00704	0.00352	0.00282	0.00845
11	0.01110	0.01262	0.08942	0.01584	0.01947	0.01011	0.23442	0.01458	0.01456	0.01976	0.10663	0.30951	0.08724	0.01318	0.00786	0.00236	0.00665	0.01263	0.00501	0.00704
12	0.01469	0.01849	0.16120	0.02252	0.05248	0.01421	0.40092	0.01979	0.01516	0.05774	0.01953	0.06658	0.06198	0.00798	0.00748	0.00224	0.00928	0.03511	0.00394	0.00867
13	0.00802	0.00573	0.00764	0.00917	0.00955	0.00535	0.00611	0.00917	0.01260	0.01681	0.03628	0.76434	0.04354	0.02062	0.00840	0.00267	0.00382	0.01872	0.00611	0.00535
14	0.01444	0.00828	0.01125	0.01038	0.01195	0.00866	0.00780	0.09668	0.01328	0.09743	0.01664	0.04531	0.01498	0.02633	0.21282	0.36007	0.00904	0.02462	0.00427	0.00578
15	0.08741	0.01521	0.02489	0.06928	0.63342	0.01552	0.01895	0.01998	0.01457	0.02202	0.01207	0.01585	0.01006	0.00592	0.00630	0.00197	0.00762	0.00566	0.00332	0.00999
16	0.01165	0.01017	0.06340	0.01239	0.01482	0.00858	0.06481	0.03535	0.03806	0.06045	0.05109	0.35853	0.05513	0.01602	0.00811	0.00258	0.00556	0.17065	0.00582	0.00682
17	0.01864	0.63012	0.05358	0.01216	0.01781	0.04501	0.01187	0.11007	0.01585	0.01909	0.01014	0.01139	0.00881	0.00598	0.00464	0.00151	0.00728	0.00390	0.00333	0.00883
18	0.81514	0.01273	0.00968	0.00866	0.01273	0.01477	0.00713	0.01935	0.01120	0.02954	0.00917	0.01069	0.00713	0.00611	0.00407	0.00204	0.00509	0.00356	0.00407	0.00713
19	0.01633	0.01441	0.02229	0.12108	0.37629	0.01531	0.03679	0.09567	0.07645	0.04118	0.01610	0.07865	0.01392	0.00793	0.00734	0.00212	0.03723	0.00713	0.00422	0.00954
20	0.00789	0.00667	0.00683	0.00679	0.00896	0.00561	0.00509	0.00967	0.01527	0.01842	0.11511	0.06231	0.67609	0.01644	0.00778	0.00221	0.00332	0.01375	0.00620	0.00561
21	0.01450	0.02048	0.21091	0.02541	0.14640	0.01577	0.30472	0.01968	0.01425	0.02027	0.01321	0.03877	0.01078	0.00851	0.03774	0.00255	0.07701	0.00682	0.00323	0.00898
22	0.03655	0.01194	0.02011	0.70533	0.04399	0.01470	0.04180	0.01704	0.01319	0.01735	0.01168	0.01735	0.00877	0.00653	0.00655	0.00219	0.00875	0.00585	0.00297	0.00736
23	0.05145	0.05962	0.10890	0.03054	0.38848	0.04888	0.15489	0.02056	0.01485	0.02113	0.01207	0.01548	0.00974	0.00586	0.00643	0.00196	0.00863	0.00577	0.00325	0.03148
24	0.01334	0.01255	0.02116	0.62403	0.12767	0.01497	0.03857	0.03638	0.01395	0.01820	0.01195	0.01736	0.00908	0.00650	0.00661	0.00216	0.00869	0.00591	0.00308	0.00785
25	0.01733	0.74740	0.03365	0.01117	0.01666	0.02540	0.01110	0.01947	0.01355	0.01585	0.03268	0.01183	0.01021	0.00589	0.00434	0.00143	0.00691	0.00380	0.00296	0.00837
26	0.01602	0.11920	0.44981	0.01605	0.02403	0.01607	0.01875	0.07772	0.03816	0.07301	0.01330	0.01457	0.00966	0.00641	0.00595	0.00189	0.00831	0.00491	0.00371	0.08245
27	0.01629	0.01564	0.02672	0.04041	0.72757	0.01564	0.02020	0.02020	0.01499	0.02151	0.01238	0.01629	0.01043	0.00587	0.00652	0.00196	0.00782	0.00587	0.00326	0.01043

[dist]
# distance from previous block
# <min> <max>
0	8

[block]
# block no. 5 follows, 33 sequences, length 43
# corresponding to MSA columns:
# 224-266
name=unknown_F
#
# <colnr> <probs for GDERKNQSTAVLIFYWHMCP>
#	G	D	E	R	K	N	Q	S	T	A	V	L	I	F	Y	W	H	M	C	P
0	0.00842	0.00613	0.00834	0.04162	0.01109	0.00603	0.00663	0.00971	0.01227	0.01641	0.03279	0.62805	0.03872	0.07684	0.06062	0.00347	0.00517	0.01668	0.00564	0.00537
1	0.01227	0.00614	0.00614	0.00614	0.00767	0.00614	0.00460	0.01534	0.01381	0.02454	0.02148	0.02454	0.01687	0.00767	0.00460	0.00153	0.00307	0.00614	0.80518	0.00614
2	0.01267	0.01203	0.01980	0.66269	0.04190	0.01530	0.01781	0.01670	0.01279	0.01670	0.01133	0.01717	0.00876	0.00719	0.00842	0.00228	0.10041	0.00584	0.00292	0.00730
3	0.01440	0.01440	0.02016	0.01728	0.01728	0.02016	0.01440	0.01584	0.01008	0.01584	0.00864	0.01440	0.00864	0.01152	0.02160	0.00288	0.75659	0.00576	0.00288	0.00720
4	0.33016	0.02208	0.01484	0.01321	0.01704	0.38528	0.01025	0.02421	0.01580	0.09580	0.01143	0.01251	0.00877	0.00667	0.00529	0.00186	0.00860	0.00423	0.00415	0.00781
5	0.02288	0.01338	0.01557	0.04281	0.01789	0.04182	0.01030	0.22346	0.04123	0.31100	0.06710	0.08058	0.04206	0.00947	0.00679	0.00205	0.00606	0.00775	0.00685	0.03094
6	0.07232	0.02730	0.01875	0.03847	0.09998	0.57756	0.01315	0.02451	0.01741	0.01750	0.01066	0.01321	0.00900	0.02517	0.00657	0.00187	0.01078	0.00455	0.00342	0.00782
7	0.48009	0.01440	0.01293	0.01079	0.01522	0.05991	0.00882	0.12340	0.01622	0.18211	0.01383	0.01405	0.00979	0.00686	0.00511	0.00201	0.00594	0.00461	0.00528	0.00864
8	0.01265	0.00909	0.01314	0.30506	0.07879	0.01025	0.01125	0.01631	0.01364	0.02124	0.01689	0.02113	0.01316	0.00710	0.00554	0.00183	0.00570	0.00600	0.42431	0.00694
9	0.01227	0.00614	0.00614	0.00614	0.00767	0.00614	0.00460	0.01534	0.01381	0.02454	0.02148	0.02454	0.01687	0.00767	0.00460	0.00153	0.00307	0.00614	0.80518	0.00614
10	0.00924	0.00668	0.00863	0.00821	0.00969	0.00617	0.00608	0.01212	0.01798	0.02530	0.65502	0.06981	0.08151	0.04400	0.00881	0.00227	0.00326	0.01207	0.00705	0.00608
11	0.01440	0.01440	0.02016	0.01728	0.01728	0.02016	0.01440	0.01584	0.01008	0.01584	0.00864	0.01440	0.00864	0.01152	0.02160	0.00288	0.75659	0.00576	0.00288	0.00720
12	0.01227	0.00614	0.00614	0.00614	0.00767	0.00614	0.00460	0.01534	0.01381	0.02454	0.02148	0.02454	0.01687	0.00767	0.00460	0.00153	0.00307	0.00614	0.80518	0.00614
13	0.02453	0.01819	0.01948	0.01505	0.02023	0.02018	0.01239	0.66692	0.07047	0.04068	0.01644	0.01631	0.01171	0.00796	0.00659	0.00199	0.00713	0.00601	0.00659	0.01115
14	0.01754	0.01222	0.01450	0.01059	0.01626	0.01000	0.00857	0.08201	0.01616	0.15079	0.01463	0.01542	0.01106	0.00574	0.00534	0.00126	0.00522	0.00457	0.00491	0.59322
15	0.00801	0.00577	0.00760	0.00906	0.00952	0.00536	0.00607	0.00918	0.01270	0.01685	0.03753	0.73552	0.07156	0.02046	0.00838	0.00266	0.00380	0.01852	0.00611	0.00536
16	0.01320	0.03405	0.73453	0.01876	0.02849	0.01529	0.02432	0.02085	0.01390	0.02085	0.01181	0.01390	0.00834	0.00625	0.00625	0.00208	0.00973	0.00486	0.00278	0.00973
17	0.01437	0.01168	0.01372	0.00984	0.01566	0.00882	0.00789	0.01728	0.01389	0.05367	0.01235	0.01405	0.01005	0.00502	0.00495	0.00102	0.00491	0.00402	0.00409	0.77272
18	0.00980	0.00661	0.00914	0.00914	0.00973	0.00721	0.00643	0.01052	0.00992	0.01382	0.01763	0.03054	0.01808	0.28063	0.39196	0.14090	0.01198	0.00766	0.00357	0.00476
19	0.01812	0.71775	0.03333	0.01169	0.01715	0.07905	0.01137	0.02020	0.01377	0.01553	0.00923	0.01066	0.00845	0.00572	0.00435	0.00143	0.00740	0.00357	0.00286	0.00839
20	0.01341	0.06901	0.70139	0.01841	0.02794	0.01580	0.02371	0.02079	0.01387	0.02059	0.01169	0.01374	0.00834	0.00623	0.00616	0.00205	0.00960	0.00480	0.00278	0.00967
21	0.08114	0.01810	0.08835	0.01353	0.01830	0.13420	0.01169	0.12406	0.11420	0.24851	0.04654	0.01989	0.01531	0.02814	0.00705	0.00212	0.00712	0.00612	0.00595	0.00967
22	0.00940	0.00705	0.01058	0.01058	0.01176	0.00823	0.00823	0.01176	0.01058	0.01528	0.01763	0.02586	0.01646	0.04937	0.74255	0.01058	0.01763	0.00705	0.00353	0.00588
23	0.00812	0.00580	0.00776	0.00928	0.00971	0.00543	0.00629	0.00934	0.01270	0.01692	0.03623	0.73733	0.04332	0.02053	0.00843	0.00269	0.00391	0.04473	0.00611	0.00538
24	0.01539	0.01472	0.02509	0.20670	0.56833	0.01540	0.01976	0.01941	0.01456	0.02041	0.01222	0.01659	0.01004	0.00603	0.00653	0.00201	0.00804	0.00586	0.00318	0.00970
25	0.01361	0.08423	0.65473	0.01865	0.02796	0.01609	0.05422	0.02078	0.01394	0.02049	0.01170	0.01384	0.00842	0.00618	0.00618	0.00204	0.00961	0.00490	0.00281	0.00960
26	0.01517	0.01666	0.03271	0.02431	0.02878	0.01780	0.47733	0.01937	0.01375	0.01937	0.01178	0.01666	0.00955	0.00751	0.01231	0.00244	0.25590	0.00711	0.00318	0.00833
27	0.02208	0.02661	0.02110	0.02406	0.23440	0.52231	0.01499	0.02445	0.01755	0.01774	0.01084	0.01321	0.00907	0.00651	0.00611	0.00177	0.01065	0.00473	0.00335	0.00848
28	0.00784	0.00667	0.00675	0.00673	0.00893	0.00558	0.00505	0.00956	0.01514	0.01809	0.09040	0.06284	0.70100	0.01656	0.00778	0.00222	0.00333	0.01382	0.00615	0.00558
29	0.01629	0.01564	0.02672	0.04041	0.72757	0.01564	0.02020	0.02020	0.01499	0.02151	0.01238	0.01629	0.01043	0.00587	0.00652	0.00196	0.00782	0.00587	0.00326	0.01043
30	0.01440	0.01440	0.02016	0.01728	0.01728	0.02016	0.01440	0.01584	0.01008	0.01584	0.00864	0.01440	0.00864	0.01152	0.02160	0.00288	0.75659	0.00576	0.00288	0.00720
31	0.00903	0.00630	0.00847	0.00980	0.01044	0.00607	0.00717	0.01042	0.01287	0.01702	0.03343	0.47765	0.03883	0.08190	0.01149	0.04122	0.00474	0.20206	0.00577	0.00532
32	0.02503	0.01844	0.01976	0.01515	0.02042	0.02042	0.01251	0.70562	0.03095	0.04149	0.01581	0.01581	0.01120	0.00790	0.00659	0.00198	0.00724	0.00593	0.00659	0.01120
33	0.00957	0.00638	0.00718	0.00718	0.00718	0.00638	0.00399	0.00957	0.00957	0.01276	0.02074	0.04308	0.02393	0.76864	0.03351	0.00638	0.00638	0.00957	0.00399	0.00399
34	0.01483	0.01511	0.02010	0.01727	0.01741	0.05022	0.01433	0.01628	0.01044	0.01585	0.00871	0.01430	0.00864	0.01133	0.02095	0.00283	0.72559	0.00570	0.00290	0.00722
35	0.02636	0.01630	0.01843	0.01413	0.01935	0.01724	0.01167	0.50644	0.02737	0.24572	0.01881	0.01776	0.01270	0.00798	0.00660	0.00199	0.00676	0.00613	0.00705	0.01120
36	0.00958	0.00725	0.01067	0.01057	0.01163	0.00849	0.00815	0.01174	0.01050	0.01513	0.01755	0.02663	0.01670	0.09585	0.67209	0.01005	0.04091	0.00718	0.00354	0.00580
37	0.00798	0.00589	0.00747	0.00874	0.00944	0.00538	0.00592	0.00921	0.01301	0.01697	0.04147	0.64490	0.15964	0.01995	0.00830	0.00260	0.00374	0.01789	0.00611	0.00538
38	0.01284	0.01214	0.02034	0.66177	0.10053	0.01495	0.01827	0.01706	0.01318	0.01717	0.01162	0.01731	0.00891	0.00674	0.00723	0.00220	0.04138	0.00585	0.00295	0.00757
39	0.01629	0.01564	0.02672	0.04041	0.72757	0.01564	0.02020	0.02020	0.01499	0.02151	0.01238	0.01629	0.01043	0.00587	0.00652	0.00196	0.00782	0.00587	0.00326	0.01043
40	0.03115	0.00847	0.01363	0.01281	0.01477	0.00806	0.12595	0.01254	0.01386	0.01863	0.03381	0.39852	0.09122	0.01678	0.00829	0.00263	0.00558	0.17156	0.00557	0.00618
41	0.01612	0.01393	0.01526	0.01462	0.05060	0.01596	0.01089	0.03335	0.65190	0.02691	0.02646	0.02634	0.02042	0.00919	0.00679	0.00225	0.00537	0.03690	0.00651	0.01023
42	0.08108	0.01584	0.01763	0.01366	0.01875	0.01682	0.01126	0.44491	0.04575	0.23886	0.01858	0.01760	0.01263	0.00788	0.00642	0.00200	0.00656	0.00601	0.00686	0.01089

[dist]
# distance from previous block
# <min> <max>
0	4

[block]
# block no. 6 follows, 33 sequences, length 101
# corresponding to MSA columns:
# 282-297,300-384
name=unknown_G
#
# <colnr> <probs for GDERKNQSTAVLIFYWHMCP>
#	G	D	E	R	K	N	Q	S	T	A	V	L	I	F	Y	W	H	M	C	P
0	0.74230	0.01300	0.01123	0.01155	0.07791	0.01485	0.00832	0.01943	0.01155	0.02880	0.00946	0.01120	0.00743	0.00609	0.00430	0.00203	0.00534	0.00377	0.00400	0.00743
1	0.01705	0.01708	0.02599	0.03827	0.66309	0.08189	0.01952	0.02076	0.01532	0.02102	0.01218	0.01589	0.01025	0.00595	0.00646	0.00193	0.00819	0.00572	0.00327	0.01017
2	0.00955	0.00647	0.00764	0.00764	0.00779	0.00663	0.00456	0.00987	0.00971	0.01310	0.02033	0.04077	0.02293	0.67218	0.12860	0.00695	0.00789	0.00924	0.00393	0.00424
3	0.00864	0.00636	0.00794	0.00833	0.00947	0.00584	0.00591	0.01057	0.01509	0.02028	0.29318	0.30342	0.16999	0.07383	0.00998	0.00266	0.00373	0.03280	0.00637	0.00562
4	0.02262	0.01322	0.01993	0.01515	0.02005	0.01265	0.15531	0.13274	0.05192	0.34572	0.09350	0.02333	0.01909	0.00813	0.00691	0.00206	0.00665	0.00732	0.03370	0.00999
5	0.00834	0.00586	0.00755	0.00876	0.00907	0.00556	0.00568	0.00925	0.01199	0.01598	0.03313	0.61779	0.03956	0.17261	0.01350	0.00343	0.00434	0.01686	0.00568	0.00507
6	0.01463	0.27306	0.50799	0.01634	0.02474	0.01877	0.02010	0.02048	0.01373	0.01911	0.01095	0.01282	0.00837	0.00605	0.00560	0.00187	0.00886	0.00443	0.00279	0.00931
7	0.01731	0.58564	0.15992	0.01303	0.01924	0.07572	0.01373	0.02039	0.01385	0.01650	0.00971	0.01126	0.00843	0.00583	0.00471	0.00155	0.00787	0.00382	0.00285	0.00862
8	0.00843	0.00691	0.00751	0.00785	0.00964	0.00623	0.00569	0.01110	0.06200	0.01817	0.05520	0.26307	0.48025	0.01729	0.00789	0.00235	0.00360	0.01485	0.00615	0.00583
9	0.02352	0.02191	0.01868	0.04040	0.02067	0.26082	0.01242	0.39068	0.07237	0.03076	0.01469	0.01538	0.01097	0.00755	0.00632	0.00190	0.00859	0.00547	0.02723	0.00968
10	0.01227	0.00614	0.00614	0.00614	0.00767	0.00614	0.00460	0.01534	0.01381	0.02454	0.02148	0.02454	0.01687	0.00767	0.00460	0.00153	0.00307	0.00614	0.80518	0.00614
11	0.01414	0.01322	0.02201	0.49545	0.26541	0.01516	0.01870	0.04278	0.01440	0.01923	0.01207	0.01708	0.00940	0.00640	0.00656	0.00211	0.00841	0.00586	0.00317	0.00846
12	0.00787	0.00667	0.00680	0.00677	0.00895	0.00560	0.00508	0.00963	0.01523	0.01831	0.10690	0.06249	0.68436	0.01648	0.00778	0.00221	0.00332	0.01377	0.00618	0.00560
13	0.01596	0.01530	0.02611	0.10236	0.66824	0.01555	0.02004	0.01991	0.01483	0.02110	0.01232	0.01640	0.01028	0.00593	0.00652	0.00198	0.00790	0.00586	0.00323	0.01016
14	0.01695	0.01555	0.01523	0.03183	0.01763	0.11894	0.00991	0.11771	0.14695	0.02449	0.04022	0.03820	0.01502	0.00741	0.00595	0.00162	0.00634	0.02264	0.00492	0.34247
15	0.81514	0.01273	0.00968	0.00866	0.01273	0.01477	0.00713	0.01935	0.01120	0.02954	0.00917	0.01069	0.00713	0.00611	0.00407	0.00204	0.00509	0.00356	0.00407	0.00713
16	0.01227	0.00614	0.00614	0.00614	0.00767	0.00614	0.00460	0.01534	0.01381	0.02454	0.02148	0.02454	0.01687	0.00767	0.00460	0.00153	0.00307	0.00614	0.80518	0.00614
17	0.01503	0.01429	0.02395	0.27214	0.47507	0.01534	0.01917	0.01971	0.04349	0.02023	0.01276	0.01705	0.01029	0.00623	0.00655	0.00204	0.00802	0.00593	0.00329	0.00941
18	0.01575	0.46243	0.32849	0.01441	0.02177	0.02153	0.01675	0.02019	0.01360	0.01774	0.01027	0.01196	0.00840	0.00589	0.00508	0.00169	0.00817	0.00408	0.00280	0.00899
19	0.01440	0.01440	0.02016	0.01728	0.01728	0.02016	0.01440	0.01584	0.01008	0.01584	0.00864	0.01440	0.00864	0.01152	0.02160	0.00288	0.75659	0.00576	0.00288	0.00720
20	0.01372	0.01192	0.01456	0.01040	0.01628	0.00906	0.03285	0.01674	0.01372	0.02144	0.01176	0.01380	0.00976	0.00490	0.00498	0.00102	0.00510	0.00404	0.00388	0.78009
21	0.01444	0.01168	0.01373	0.00985	0.01566	0.00882	0.00789	0.01735	0.01391	0.05674	0.01241	0.01409	0.01008	0.00504	0.00496	0.00103	0.00491	0.00404	0.00411	0.76928
22	0.01144	0.00572	0.00858	0.00858	0.00858	0.00572	0.00572	0.00858	0.00858	0.01144	0.01144	0.02001	0.01144	0.02287	0.02573	0.80846	0.00572	0.00572	0.00286	0.00286
23	0.01365	0.01170	0.01365	0.00975	0.01560	0.00878	0.00780	0.01658	0.01365	0.02145	0.01170	0.01365	0.00975	0.00488	0.00488	0.00098	0.00488	0.00390	0.00390	0.80888
24	0.01463	0.01404	0.02417	0.34267	0.41425	0.01524	0.04252	0.01880	0.01423	0.01950	0.01212	0.01688	0.00971	0.00616	0.00659	0.00207	0.00834	0.00592	0.00312	0.00905
25	0.81514	0.01273	0.00968	0.00866	0.01273	0.01477	0.00713	0.01935	0.01120	0.02954	0.00917	0.01069	0.00713	0.00611	0.00407	0.00204	0.00509	0.00356	0.00407	0.00713
26	0.00789	0.00665	0.00670	0.00670	0.00878	0.00561	0.00494	0.00946	0.01466	0.01747	0.06380	0.06208	0.68076	0.06402	0.00940	0.00248	0.00353	0.01362	0.00598	0.00546
27	0.01227	0.00614	0.00614	0.00614	0.00767	0.00614	0.00460	0.01534	0.01381	0.02454	0.02148	0.02454	0.01687	0.00767	0.00460	0.00153	0.00307	0.00614	0.80518	0.00614
28	0.02471	0.01828	0.01958	0.01508	0.02030	0.02027	0.01244	0.68142	0.05566	0.04099	0.01620	0.01612	0.01152	0.00794	0.00659	0.00198	0.00717	0.00598	0.00659	0.01117
29	0.01782	0.01539	0.02543	0.03680	0.63452	0.01535	0.01895	0.05276	0.01605	0.08292	0.01370	0.01679	0.01096	0.00615	0.00653	0.00196	0.00761	0.00593	0.00383	0.01053
30	0.01227	0.00614	0.00614	0.00614	0.00767	0.00614	0.00460	0.01534	0.01381	0.02454	0.02148	0.02454	0.01687	0.00767	0.00460	0.00153	0.00307	0.00614	0.80518	0.00614
31	0.01554	0.01776	0.03885	0.02775	0.03441	0.01665	0.70366	0.02109	0.01554	0.02109	0.01332	0.01776	0.00999	0.00555	0.00777	0.00222	0.01110	0.00777	0.00333	0.00888
32	0.01365	0.01170	0.01365	0.00975	0.01560	0.00878	0.00780	0.01658	0.01365	0.02145	0.01170	0.01365	0.00975	0.00488	0.00488	0.00098	0.00488	0.00390	0.00390	0.80888
33	0.16765	0.02170	0.01757	0.01517	0.03754	0.27629	0.01172	0.29838	0.02217	0.05317	0.01285	0.01372	0.00964	0.00713	0.00590	0.00189	0.00846	0.00492	0.00496	0.00917
34	0.02920	0.01174	0.01561	0.01197	0.01707	0.01047	0.00989	0.08202	0.01974	0.68092	0.02522	0.02192	0.01592	0.00813	0.00662	0.00203	0.00572	0.00657	0.00803	0.01120
35	0.00820	0.00669	0.00725	0.00711	0.00915	0.00574	0.00533	0.01026	0.01600	0.02015	0.24690	0.05947	0.54321	0.01579	0.00778	0.00218	0.00327	0.01335	0.00642	0.00574
36	0.01637	0.01414	0.01489	0.01340	0.01712	0.01637	0.01042	0.03498	0.71568	0.02754	0.02679	0.02456	0.02010	0.00893	0.00670	0.00223	0.00521	0.00744	0.00670	0.01042
37	0.00802	0.00573	0.00764	0.00917	0.00955	0.00535	0.00611	0.00917	0.01260	0.01681	0.03628	0.76434	0.04354	0.02062	0.00840	0.00267	0.00382	0.01872	0.00611	0.00535
38	0.02352	0.02940	0.01808	0.01656	0.01987	0.67233	0.01251	0.02606	0.05056	0.01682	0.01217	0.01555	0.01047	0.00745	0.00613	0.00179	0.01128	0.03810	0.00368	0.00768
39	0.01276	0.01170	0.01923	0.68603	0.04271	0.01443	0.01765	0.03999	0.01388	0.01782	0.01315	0.02069	0.01050	0.00728	0.00672	0.00223	0.00857	0.04406	0.00323	0.00737
40	0.01554	0.01776	0.03885	0.02775	0.03441	0.01665	0.70366	0.02109	0.01554	0.02109	0.01332	0.01776	0.00999	0.00555	0.00777	0.00222	0.01110	0.00777	0.00333	0.00888
41	0.01440	0.01091	0.01298	0.01054	0.01459	0.01005	0.02472	0.05802	0.13902	0.08208	0.15670	0.03074	0.13184	0.00945	0.00649	0.00176	0.00471	0.00797	0.00584	0.26720
42	0.00940	0.00705	0.01058	0.01058	0.01176	0.00823	0.00823	0.01176	0.01058	0.01528	0.01763	0.02586	0.01646	0.04937	0.74255	0.01058	0.01763	0.00705	0.00353	0.00588
43	0.01243	0.01170	0.01975	0.75282	0.04534	0.01463	0.01828	0.01682	0.01316	0.01682	0.01170	0.01755	0.00878	0.00658	0.00658	0.00219	0.00878	0.00585	0.00293	0.00731
44	0.01440	0.01440	0.02016	0.01728	0.01728	0.02016	0.01440	0.01584	0.01008	0.01584	0.00864	0.01440	0.00864	0.01152	0.02160	0.00288	0.75659	0.00576	0.00288	0.00720
45	0.00979	0.00736	0.00914	0.00858	0.01038	0.00703	0.00647	0.01410	0.07809	0.02576	0.60806	0.04828	0.11522	0.01335	0.00767	0.00210	0.00331	0.01169	0.00710	0.00652
46	0.01760	0.77260	0.03450	0.01126	0.01690	0.02605	0.01126	0.01971	0.01338	0.01549	0.00915	0.01056	0.00845	0.00563	0.00422	0.00141	0.00704	0.00352	0.00282	0.00845
47	0.02459	0.03138	0.01866	0.01696	0.02035	0.74221	0.01272	0.02629	0.01866	0.01611	0.01018	0.01187	0.00848	0.00678	0.00594	0.00170	0.01187	0.00424	0.00339	0.00763
48	0.00922	0.00673	0.00867	0.00818	0.00978	0.00617	0.00614	0.01224	0.01841	0.02588	0.68412	0.05004	0.10242	0.01365	0.00777	0.00208	0.00312	0.01203	0.00718	0.00617
49	0.01199	0.00791	0.01062	0.01141	0.01315	0.00783	0.00944	0.01564	0.06006	0.07858	0.07542	0.19008	0.03746	0.01693	0.00853	0.00278	0.00539	0.42381	0.00635	0.00664
50	0.00950	0.00635	0.00720	0.00727	0.00729	0.00633	0.00409	0.00955	0.00971	0.01295	0.02146	0.07627	0.02484	0.73421	0.03235	0.00621	0.00626	0.00999	0.00409	0.00405
51	0.01349	0.06401	0.67513	0.01884	0.02827	0.01580	0.05340	0.02081	0.01395	0.02064	0.01177	0.01393	0.00842	0.00620	0.00624	0.00206	0.00968	0.00494	0.00281	0.00964
52	0.02266	0.02819	0.01891	0.04909	0.02102	0.61142	0.01319	0.02444	0.01724	0.01611	0.01003	0.01247	0.00852	0.00743	0.00811	0.00188	0.11391	0.00452	0.00330	0.00756
53	0.02123	0.01370	0.01531	0.01286	0.03513	0.06221	0.00994	0.02862	0.22478	0.28873	0.02144	0.02012	0.01521	0.00746	0.00619	0.00182	0.00581	0.00605	0.00627	0.19715
54	0.10683	0.03847	0.09280	0.01775	0.09747	0.10980	0.03181	0.15473	0.05886	0.11819	0.01448	0.01573	0.01082	0.00757	0.00792	0.00208	0.09503	0.00549	0.00474	0.00942
55	0.00819	0.00635	0.00756	0.00827	0.00958	0.00558	0.00578	0.00961	0.01354	0.01738	0.04645	0.46940	0.29509	0.01843	0.00801	0.00243	0.00369	0.01624	0.00601	0.04241
56	0.00932	0.00673	0.00880	0.00828	0.00984	0.00621	0.00621	0.01242	0.01863	0.02640	0.72410	0.04918	0.06212	0.01346	0.00776	0.00207	0.00311	0.01191	0.00725	0.00621
57	0.01351	0.08506	0.68618	0.01825	0.02769	0.01603	0.02342	0.02077	0.01386	0.02048	0.01163	0.01367	0.00835	0.00621	0.00611	0.00204	0.00954	0.00477	0.00278	0.00964
58	0.01290	0.01392	0.06908	0.67683	0.04332	0.03967	0.01851	0.01742	0.01340	0.01707	0.01166	0.01710	0.00874	0.00657	0.00654	0.00217	0.00895	0.00573	0.00293	0.00749
59	0.00951	0.00635	0.00720	0.00727	0.00728	0.00634	0.00408	0.00956	0.00971	0.01294	0.02142	0.07453	0.02479	0.73602	0.03241	0.00622	0.00627	0.00997	0.00408	0.00405
60	0.00800	0.00579	0.00757	0.00899	0.00950	0.00536	0.00603	0.00919	0.01277	0.01687	0.03838	0.71592	0.09060	0.02035	0.00836	0.00264	0.00379	0.01838	0.00611	0.00536
61	0.02388	0.07110	0.06810	0.01614	0.02041	0.52026	0.01315	0.09103	0.01922	0.07978	0.01211	0.01321	0.00939	0.00691	0.00598	0.00176	0.01047	0.00461	0.00403	0.00847
62	0.00940	0.00705	0.01058	0.01058	0.01176	0.00823	0.00823	0.01176	0.01058	0.01528	0.01763	0.02586	0.01646	0.04937	0.74255	0.01058	0.01763	0.00705	0.00353	0.00588
63	0.01144	0.00572	0.00858	0.00858	0.00858	0.00572	0.00572	0.00858	0.00858	0.01144	0.01144	0.02001	0.01144	0.02287	0.02573	0.80846	0.00572	0.00572	0.00286	0.00286
64	0.01243	0.01170	0.01975	0.75282	0.04534	0.01463	0.01828	0.01682	0.01316	0.01682	0.01170	0.01755	0.00878	0.00658	0.00658	0.00219	0.00878	0.00585	0.00293	0.00731
65	0.02009	0.01295	0.01473	0.01223	0.01627	0.01360	0.00978	0.19174	0.23817	0.20084	0.11005	0.02817	0.08245	0.00969	0.00687	0.00210	0.00539	0.00796	0.00704	0.00988
66	0.01728	0.01459	0.01539	0.01358	0.01746	0.01680	0.01064	0.10483	0.64436	0.02899	0.02565	0.02365	0.01917	0.00882	0.00669	0.00221	0.00542	0.00729	0.00669	0.01050
67	0.73610	0.01308	0.01055	0.00920	0.01339	0.01500	0.00758	0.06715	0.01281	0.05224	0.01015	0.01141	0.00770	0.00630	0.00433	0.00203	0.00526	0.00382	0.00437	0.00754
68	0.01432	0.01440	0.01926	0.01672	0.01686	0.04397	0.01378	0.01575	0.01055	0.01592	0.01058	0.06543	0.01101	0.01198	0.02017	0.00283	0.67969	0.00659	0.00312	0.00709
69	0.01554	0.01776	0.03885	0.02775	0.03441	0.01665	0.70366	0.02109	0.01554	0.02109	0.01332	0.01776	0.00999	0.00555	0.00777	0.00222	0.01110	0.00777	0.00333	0.00888
70	0.01243	0.01170	0.01975	0.75282	0.04534	0.01463	0.01828	0.01682	0.01316	0.01682	0.01170	0.01755	0.00878	0.00658	0.00658	0.00219	0.00878	0.00585	0.00293	0.00731
71	0.00857	0.00665	0.00788	0.00833	0.00997	0.00597	0.00636	0.01062	0.01522	0.01943	0.17139	0.19495	0.36548	0.01710	0.00811	0.00242	0.00384	0.12569	0.00630	0.00572
72	0.77613	0.01266	0.00995	0.00881	0.01293	0.01452	0.00726	0.01998	0.01158	0.06442	0.01000	0.01128	0.00758	0.00621	0.00420	0.00204	0.00512	0.00372	0.00428	0.00733
73	0.00965	0.00666	0.00870	0.00887	0.00941	0.00704	0.00612	0.01059	0.01042	0.01425	0.02088	0.06016	0.02255	0.40392	0.26913	0.04723	0.01004	0.06557	0.00401	0.00478
74	0.00802	0.00573	0.00764	0.00917	0.00955	0.00535	0.00611	0.00917	0.01260	0.01681	0.03628	0.76434	0.04354	0.02062	0.00840	0.00267	0.00382	0.01872	0.00611	0.00535
75	0.00942	0.00700	0.01033	0.01033	0.01142	0.00809	0.00792	0.01159	0.01051	0.01510	0.01786	0.02714	0.01701	0.10262	0.69006	0.01027	0.01680	0.00724	0.00356	0.00574
76	0.81514	0.01273	0.00968	0.00866	0.01273	0.01477	0.00713	0.01935	0.01120	0.02954	0.00917	0.01069	0.00713	0.00611	0.00407	0.00204	0.00509	0.00356	0.00407	0.00713
77	0.01499	0.01382	0.01878	0.28860	0.10970	0.05492	0.04855	0.04129	0.20698	0.02161	0.01695	0.01981	0.01306	0.00899	0.03706	0.00245	0.00791	0.00637	0.05958	0.00858
78	0.00940	0.00705	0.01058	0.01058	0.01176	0.00823	0.00823	0.01176	0.01058	0.01528	0.01763	0.02586	0.01646	0.04937	0.74255	0.01058	0.01763	0.00705	0.00353	0.00588
79	0.01320	0.03405	0.73453	0.01876	0.02849	0.01529	0.02432	0.02085	0.01390	0.02085	0.01181	0.01390	0.00834	0.00625	0.00625	0.00208	0.00973	0.00486	0.00278	0.00973
80	0.01150	0.00959	0.01396	0.07576	0.06537	0.00919	0.08119	0.04796	0.01646	0.04537	0.18183	0.07704	0.31337	0.01270	0.00752	0.00217	0.00517	0.01119	0.00568	0.00699
81	0.01491	0.01504	0.01944	0.01680	0.01727	0.05666	0.01386	0.01758	0.05927	0.01665	0.01024	0.01531	0.00966	0.01222	0.04116	0.00300	0.64449	0.00584	0.00319	0.00741
