[name]
unknown

[dist]
# distance from previous block
# <min> <max>
5	24

[block]
# block no. 0 follows, 35 sequences, length 14
# corresponding to MSA columns:
# 25-38
name=unknown_A
#
# <colnr> <probs for GDERKNQSTAVLIFYWHMCP>
#	G	D	E	R	K	N	Q	S	T	A	V	L	I	F	Y	W	H	M	C	P
0	0.06592	0.00836	0.01166	0.07924	0.09734	0.00842	0.00948	0.01385	0.01373	0.06813	0.07970	0.31080	0.06456	0.01420	0.00737	0.00237	0.00504	0.12792	0.00537	0.00657
1	0.01654	0.01385	0.02312	0.11724	0.54782	0.01400	0.01774	0.02017	0.01468	0.10307	0.01419	0.01864	0.01152	0.00644	0.00639	0.00196	0.00733	0.03191	0.00375	0.00963
2	0.11876	0.01528	0.01491	0.01332	0.04350	0.13151	0.01020	0.16156	0.08514	0.19013	0.04714	0.02300	0.01625	0.03972	0.00726	0.00216	0.00664	0.05904	0.00568	0.00881
3	0.03430	0.00664	0.00838	0.00881	0.01004	0.00627	0.00639	0.01192	0.01354	0.07543	0.13361	0.35498	0.09482	0.10909	0.01073	0.00287	0.00428	0.09630	0.00589	0.00571
4	0.01655	0.01498	0.02372	0.13608	0.52371	0.01568	0.01801	0.13234	0.01670	0.02323	0.01238	0.01579	0.00995	0.00607	0.00630	0.00192	0.00757	0.00566	0.00362	0.00975
5	0.01702	0.01443	0.02421	0.06480	0.62666	0.01437	0.01823	0.02065	0.01480	0.10347	0.01341	0.01643	0.01063	0.00593	0.00629	0.00190	0.00733	0.00574	0.00367	0.01001
6	0.04779	0.00986	0.01201	0.01143	0.04744	0.00994	0.00841	0.03662	0.17807	0.16834	0.24036	0.05639	0.07944	0.03115	0.00753	0.00219	0.00454	0.03394	0.00649	0.00808
7	0.11964	0.00787	0.00933	0.00850	0.01080	0.00753	0.00656	0.01533	0.01625	0.13254	0.41764	0.06907	0.09702	0.03005	0.00749	0.00214	0.00379	0.02528	0.00648	0.00669
8	0.01530	0.17251	0.37079	0.01446	0.02151	0.01614	0.01637	0.11831	0.01584	0.04328	0.01567	0.01671	0.06155	0.00682	0.00571	0.00179	0.00760	0.00519	0.00368	0.07078
9	0.01478	0.01565	0.07663	0.17361	0.55523	0.01486	0.01941	0.01890	0.01404	0.01983	0.01177	0.01576	0.00960	0.00581	0.00627	0.00194	0.00784	0.00558	0.00305	0.00943
10	0.00948	0.00768	0.01029	0.01187	0.11160	0.00707	0.00753	0.01217	0.01641	0.02228	0.43143	0.04703	0.25553	0.01287	0.00732	0.00202	0.00370	0.01123	0.00611	0.00637
11	0.01414	0.16397	0.09342	0.01265	0.03048	0.10508	0.05406	0.01890	0.10680	0.03551	0.06307	0.03006	0.22768	0.00961	0.00627	0.00190	0.00639	0.00782	0.00457	0.00761
12	0.01369	0.01372	0.02065	0.01715	0.01789	0.01814	0.09376	0.01544	0.01029	0.01565	0.00964	0.01613	0.00948	0.06257	0.02007	0.00293	0.62697	0.00602	0.00290	0.00691
13	0.14185	0.01397	0.01606	0.01423	0.05855	0.01558	0.01089	0.18709	0.16817	0.13613	0.01662	0.01697	0.01230	0.00783	0.00795	0.00205	0.11261	0.00565	0.00541	0.05009

[dist]
# distance from previous block
# <min> <max>
0	1

[block]
# block no. 1 follows, 35 sequences, length 85
# corresponding to MSA columns:
# 40-62,78-139
name=unknown_B
#
# <colnr> <probs for GDERKNQSTAVLIFYWHMCP>
#	G	D	E	R	K	N	Q	S	T	A	V	L	I	F	Y	W	H	M	C	P
0	0.01406	0.01313	0.02025	0.12715	0.41125	0.02814	0.01523	0.01734	0.01368	0.01937	0.01368	0.07293	0.01251	0.03324	0.00701	0.00193	0.00687	0.00631	0.00345	0.16248
1	0.00788	0.00569	0.00730	0.00852	0.00906	0.00530	0.00573	0.00899	0.01220	0.01606	0.03660	0.63443	0.10643	0.07621	0.00987	0.00281	0.00387	0.03222	0.00573	0.00509
2	0.01332	0.01263	0.02022	0.48510	0.24177	0.03561	0.01724	0.01726	0.01351	0.01799	0.03068	0.01743	0.01052	0.00636	0.00627	0.00201	0.00795	0.00576	0.03052	0.00786
3	0.01479	0.01259	0.01349	0.01219	0.01547	0.01435	0.00945	0.03055	0.62295	0.02638	0.12892	0.02712	0.02526	0.00924	0.00660	0.00213	0.00473	0.00780	0.00653	0.00945
4	0.01940	0.15927	0.01888	0.01378	0.01709	0.43836	0.01082	0.02248	0.07189	0.01687	0.06595	0.01667	0.01387	0.03476	0.05175	0.00232	0.00963	0.00509	0.00372	0.00739
5	0.00754	0.00643	0.00648	0.00647	0.00859	0.00537	0.00485	0.00918	0.01455	0.01735	0.08126	0.06071	0.71778	0.01599	0.00750	0.00214	0.00321	0.01334	0.00592	0.00537
6	0.04235	0.01145	0.01399	0.01014	0.01566	0.00900	0.03089	0.01784	0.01368	0.09984	0.01275	0.01411	0.01001	0.00510	0.00495	0.00113	0.00498	0.00416	0.00419	0.67378
7	0.02846	0.01080	0.01472	0.01129	0.01619	0.00932	0.00932	0.03092	0.01816	0.74187	0.02503	0.02159	0.01570	0.00785	0.00638	0.00196	0.00540	0.00638	0.00785	0.01080
8	0.69402	0.01271	0.01285	0.01064	0.01482	0.01422	0.09799	0.01875	0.01141	0.02727	0.00970	0.01158	0.00750	0.00586	0.00440	0.00197	0.00560	0.00403	0.02764	0.00706
9	0.01157	0.00852	0.01170	0.01217	0.01405	0.00865	0.03192	0.08635	0.01596	0.02094	0.03116	0.13430	0.03353	0.01635	0.00840	0.00276	0.00590	0.53358	0.00582	0.00637
10	0.02846	0.01080	0.01472	0.01129	0.01619	0.00932	0.00932	0.03092	0.01816	0.74187	0.02503	0.02159	0.01570	0.00785	0.00638	0.00196	0.00540	0.00638	0.00785	0.01080
11	0.02249	0.01296	0.01499	0.01277	0.03744	0.06077	0.01001	0.16554	0.05295	0.35351	0.11838	0.02623	0.02152	0.00900	0.00663	0.00200	0.00587	0.05061	0.00679	0.00954
12	0.07304	0.01154	0.01441	0.01098	0.01599	0.01026	0.00901	0.08149	0.01759	0.49183	0.02039	0.01864	0.01346	0.00705	0.00588	0.00174	0.00535	0.00560	0.00664	0.17912
13	0.51994	0.01309	0.01288	0.01212	0.07090	0.01437	0.00900	0.12472	0.01503	0.13706	0.01247	0.01316	0.00904	0.00642	0.00484	0.00195	0.00550	0.00439	0.00482	0.00830
14	0.01315	0.01128	0.01315	0.00940	0.01503	0.00846	0.00752	0.01597	0.01315	0.02067	0.01128	0.01315	0.00940	0.00470	0.00470	0.00094	0.00470	0.00376	0.00376	0.81583
15	0.01315	0.01128	0.01315	0.00940	0.01503	0.00846	0.00752	0.01597	0.01315	0.02067	0.01128	0.01315	0.00940	0.00470	0.00470	0.00094	0.00470	0.00376	0.00376	0.81583
16	0.00773	0.00552	0.00736	0.00883	0.00920	0.00515	0.00589	0.00883	0.01215	0.01619	0.03497	0.77291	0.04196	0.01987	0.00810	0.00258	0.00368	0.01803	0.00589	0.00515
17	0.82186	0.01227	0.00932	0.00834	0.01227	0.01423	0.00687	0.01865	0.01080	0.02846	0.00883	0.01031	0.00687	0.00589	0.00393	0.00196	0.00491	0.00344	0.00393	0.00687
18	0.01454	0.01214	0.01388	0.01019	0.01564	0.01015	0.00818	0.09521	0.05825	0.02318	0.01260	0.01402	0.01016	0.00526	0.00499	0.00112	0.00497	0.00418	0.00421	0.67711
19	0.01144	0.01038	0.01862	0.01590	0.01905	0.00990	0.23891	0.01501	0.01482	0.01943	0.05290	0.05190	0.10378	0.01325	0.00817	0.00255	0.00705	0.37525	0.00503	0.00668
20	0.00773	0.00552	0.00736	0.00883	0.00920	0.00515	0.00589	0.00883	0.01215	0.01619	0.03497	0.77291	0.04196	0.01987	0.00810	0.00258	0.00368	0.01803	0.00589	0.00515
21	0.82186	0.01227	0.00932	0.00834	0.01227	0.01423	0.00687	0.01865	0.01080	0.02846	0.00883	0.01031	0.00687	0.00589	0.00393	0.00196	0.00491	0.00344	0.00393	0.00687
22	0.01585	0.01658	0.03518	0.02672	0.08492	0.01556	0.61958	0.02090	0.01513	0.06412	0.01351	0.01728	0.01003	0.00552	0.00733	0.00211	0.01014	0.00728	0.00349	0.00880
23	0.01195	0.01114	0.01816	0.63424	0.03836	0.01401	0.01623	0.01560	0.01214	0.01583	0.01165	0.01847	0.00954	0.06456	0.00967	0.00248	0.08040	0.00590	0.00289	0.00680
24	0.39582	0.01899	0.01360	0.01193	0.01578	0.28709	0.00939	0.05275	0.01517	0.11034	0.01143	0.01230	0.00859	0.00644	0.00499	0.00184	0.00748	0.00413	0.00426	0.00769
25	0.00771	0.00627	0.00683	0.00704	0.00879	0.00539	0.00514	0.00938	0.01445	0.01792	0.13579	0.18696	0.53345	0.01639	0.00760	0.00220	0.00327	0.01400	0.00602	0.00539
26	0.02370	0.03023	0.01798	0.01634	0.01961	0.75158	0.01226	0.02533	0.01798	0.01553	0.00981	0.01144	0.00817	0.00654	0.00572	0.00163	0.01144	0.00409	0.00327	0.00735
27	0.00766	0.00643	0.00666	0.00660	0.00867	0.00543	0.00495	0.00943	0.01485	0.01808	0.13994	0.05951	0.65864	0.01572	0.00750	0.00213	0.00319	0.01317	0.00601	0.00543
28	0.02561	0.01238	0.04010	0.01231	0.01751	0.01051	0.04251	0.08009	0.01827	0.56679	0.02203	0.01987	0.01423	0.00737	0.00626	0.00188	0.00583	0.00609	0.00698	0.08337
29	0.02649	0.01515	0.01630	0.01300	0.01760	0.15721	0.03597	0.04706	0.04153	0.52984	0.02134	0.01932	0.01398	0.00752	0.00629	0.00191	0.00682	0.00597	0.00669	0.01001
30	0.00923	0.00615	0.00692	0.00692	0.00692	0.00615	0.00384	0.00923	0.00923	0.01230	0.01999	0.04151	0.02306	0.77705	0.03229	0.00615	0.00615	0.00923	0.00384	0.00384
31	0.01142	0.00598	0.00617	0.00612	0.00762	0.00590	0.00459	0.01433	0.01377	0.02359	0.08770	0.02712	0.04503	0.00820	0.00482	0.00155	0.00297	0.00668	0.71054	0.00590
32	0.01556	0.01493	0.02550	0.06557	0.71192	0.01504	0.01940	0.01935	0.01438	0.02056	0.01191	0.01575	0.00999	0.00568	0.00628	0.00189	0.00757	0.00565	0.00313	0.00994
33	0.01713	0.66564	0.08814	0.01184	0.01741	0.07874	0.01195	0.01956	0.01331	0.01538	0.00910	0.01052	0.00814	0.00556	0.00435	0.00143	0.00734	0.00355	0.00275	0.00818
34	0.00923	0.00615	0.00692	0.00692	0.00692	0.00615	0.00384	0.00923	0.00923	0.01230	0.01999	0.04151	0.02306	0.77705	0.03229	0.00615	0.00615	0.00923	0.00384	0.00384
35	0.02370	0.03023	0.01798	0.01634	0.01961	0.75158	0.01226	0.02533	0.01798	0.01553	0.00981	0.01144	0.00817	0.00654	0.00572	0.00163	0.01144	0.00409	0.00327	0.00735
36	0.01550	0.05264	0.49523	0.01747	0.04822	0.01490	0.04311	0.05468	0.07975	0.09719	0.01429	0.01537	0.01013	0.00647	0.00611	0.00199	0.00834	0.00522	0.00377	0.00960
37	0.01375	0.01339	0.02365	0.40072	0.31198	0.01469	0.09451	0.01792	0.01362	0.01841	0.01170	0.01646	0.00920	0.00597	0.00644	0.00203	0.00834	0.00585	0.00299	0.00838
38	0.01578	0.01363	0.01434	0.01291	0.01650	0.01578	0.01004	0.03371	0.72602	0.02654	0.02582	0.02367	0.01937	0.00861	0.00646	0.00215	0.00502	0.00717	0.00646	0.01004
39	0.04588	0.01443	0.05532	0.02675	0.39327	0.01309	0.05327	0.02348	0.01559	0.27081	0.01639	0.01754	0.01179	0.00642	0.00629	0.00193	0.00697	0.00589	0.00478	0.01009
40	0.01711	0.33605	0.12494	0.01407	0.01858	0.14816	0.01334	0.03897	0.06719	0.01733	0.01070	0.01263	0.00907	0.00698	0.00777	0.00182	0.13950	0.00441	0.00319	0.00818
41	0.00838	0.00696	0.00804	0.00817	0.00991	0.00663	0.00638	0.01016	0.01377	0.01707	0.05174	0.10410	0.50349	0.01819	0.05518	0.00282	0.05070	0.10724	0.00554	0.00552
42	0.01570	0.01507	0.02575	0.03894	0.73748	0.01507	0.01947	0.01947	0.01444	0.02073	0.01193	0.01570	0.01005	0.00565	0.00628	0.00188	0.00754	0.00565	0.00314	0.01005
43	0.01296	0.02787	0.55960	0.05241	0.02737	0.01413	0.08879	0.01947	0.01349	0.02000	0.01151	0.01389	0.00836	0.00583	0.00603	0.00191	0.00894	0.00490	0.00286	0.09968
44	0.82186	0.01227	0.00932	0.00834	0.01227	0.01423	0.00687	0.01865	0.01080	0.02846	0.00883	0.01031	0.00687	0.00589	0.00393	0.00196	0.00491	0.00344	0.00393	0.00687
45	0.00823	0.00683	0.00724	0.00707	0.00917	0.00604	0.00532	0.01098	0.05350	0.01922	0.18946	0.05644	0.56807	0.01508	0.00744	0.00211	0.00327	0.01269	0.00613	0.00573
46	0.01315	0.01128	0.01315	0.00940	0.01503	0.00846	0.00752	0.01597	0.01315	0.02067	0.01128	0.01315	0.00940	0.00470	0.00470	0.00094	0.00470	0.00376	0.00376	0.81583
47	0.00778	0.00573	0.00731	0.00854	0.00923	0.00526	0.00586	0.00902	0.01260	0.01644	0.03963	0.63474	0.15309	0.01918	0.00802	0.00252	0.00368	0.04027	0.00589	0.00521
48	0.01315	0.01128	0.01315	0.00940	0.01503	0.00846	0.00752	0.01597	0.01315	0.02067	0.01128	0.01315	0.00940	0.00470	0.00470	0.00094	0.00470	0.00376	0.00376	0.81583
49	0.01365	0.00904	0.00955	0.00873	0.01108	0.00973	0.00674	0.08005	0.20476	0.02601	0.09335	0.02532	0.02100	0.00829	0.00544	0.00175	0.00386	0.00679	0.44742	0.00744
50	0.01199	0.01116	0.01791	0.65986	0.03952	0.01369	0.01627	0.01709	0.06626	0.01704	0.01558	0.02010	0.05334	0.00710	0.00642	0.00212	0.00788	0.00622	0.00328	0.00717
51	0.00911	0.00656	0.00807	0.00769	0.00942	0.00589	0.00577	0.01165	0.01682	0.04414	0.50791	0.07525	0.24049	0.01389	0.00747	0.00205	0.00315	0.01207	0.00668	0.00593
52	0.01661	0.01485	0.06388	0.07942	0.29756	0.01479	0.01523	0.10492	0.10082	0.08131	0.01525	0.01813	0.01204	0.02921	0.05354	0.00263	0.06026	0.00600	0.00426	0.00929
53	0.00935	0.00662	0.00840	0.00793	0.00962	0.00602	0.00601	0.01212	0.01739	0.04439	0.60367	0.04912	0.15412	0.01336	0.00748	0.00204	0.00315	0.02635	0.00683	0.00603
54	0.01944	0.02238	0.01948	0.04564	0.20633	0.39906	0.01397	0.02312	0.07968	0.01778	0.01205	0.01487	0.01012	0.02948	0.00775	0.00197	0.06016	0.00507	0.00349	0.00816
55	0.02002	0.01398	0.01589	0.01189	0.01718	0.01337	0.00971	0.31727	0.02099	0.13174	0.01493	0.01524	0.01089	0.00639	0.00564	0.00150	0.00577	0.00497	0.00545	0.35717
56	0.01696	0.78087	0.03324	0.01085	0.01628	0.02510	0.01085	0.01900	0.01289	0.01493	0.00882	0.01018	0.00814	0.00543	0.00407	0.00136	0.00678	0.00339	0.00271	0.00814
57	0.04999	0.01181	0.01944	0.63373	0.13165	0.01423	0.01736	0.01674	0.01282	0.01736	0.01125	0.01645	0.00859	0.00623	0.00622	0.00208	0.00817	0.00554	0.00291	0.00743
58	0.02271	0.01713	0.01796	0.01421	0.01894	0.04233	0.01158	0.53997	0.15902	0.06372	0.01741	0.01693	0.01249	0.00777	0.00635	0.00194	0.00670	0.00596	0.00632	0.01054
59	0.00919	0.00688	0.01001	0.00995	0.01092	0.00798	0.00757	0.01116	0.01007	0.01444	0.01716	0.02668	0.01656	0.13522	0.64780	0.00953	0.03291	0.00706	0.00344	0.00547
60	0.01524	0.17969	0.22306	0.01702	0.06464	0.08184	0.09138	0.06217	0.01475	0.01918	0.01666	0.01846	0.08802	0.00749	0.00723	0.00192	0.07368	0.00582	0.00341	0.00833
61	0.00788	0.00577	0.00744	0.00871	0.00940	0.00533	0.00605	0.00918	0.01264	0.01652	0.03889	0.62512	0.13678	0.01918	0.00806	0.00254	0.00377	0.06563	0.00589	0.00523
62	0.01139	0.01048	0.06517	0.01001	0.01279	0.00931	0.00836	0.01863	0.20940	0.03973	0.41450	0.03905	0.10285	0.01143	0.00707	0.00205	0.00409	0.00986	0.00644	0.00739
63	0.00775	0.00640	0.00684	0.00706	0.00896	0.00549	0.00532	0.00945	0.01438	0.01747	0.08415	0.12888	0.59837	0.01641	0.00764	0.00223	0.00342	0.05847	0.00593	0.00539
64	0.01444	0.01490	0.02045	0.01725	0.01781	0.05620	0.05629	0.01608	0.01045	0.01559	0.00868	0.01395	0.00840	0.01052	0.01925	0.00268	0.68158	0.00560	0.00283	0.00706
65	0.01702	0.01474	0.02254	0.02513	0.30259	0.01543	0.10537	0.17052	0.07080	0.04840	0.01609	0.08469	0.01381	0.00795	0.00753	0.00206	0.05430	0.00715	0.00447	0.00941
66	0.01315	0.01128	0.01315	0.00940	0.01503	0.00846	0.00752	0.01597	0.01315	0.02067	0.01128	0.01315	0.00940	0.00470	0.00470	0.00094	0.00470	0.00376	0.00376	0.81583
67	0.01298	0.01109	0.01297	0.00938	0.01484	0.00835	0.00746	0.01574	0.01312	0.02053	0.01205	0.03784	0.01045	0.00519	0.00481	0.00099	0.00467	0.00422	0.00383	0.78949
68	0.02017	0.00978	0.01253	0.01050	0.01413	0.00911	0.00847	0.02479	0.11336	0.40342	0.17067	0.03303	0.08021	0.01018	0.00684	0.00207	0.00473	0.04979	0.00722	0.00902
69	0.01596	0.01305	0.01490	0.01413	0.06984	0.01425	0.01026	0.11583	0.42483	0.04165	0.12381	0.02470	0.02268	0.00863	0.00647	0.00200	0.00516	0.00726	0.00613	0.05845
70	0.00929	0.00679	0.00926	0.00917	0.00983	0.00765	0.00658	0.01066	0.00981	0.01382	0.01784	0.03086	0.01834	0.32418	0.45268	0.00840	0.03858	0.00768	0.00355	0.00501
71	0.00881	0.00617	0.00794	0.00831	0.00872	0.00640	0.00549	0.00971	0.01022	0.01395	0.02288	0.21908	0.02576	0.38535	0.22661	0.00639	0.00855	0.01074	0.00423	0.00468
72	0.00773	0.00552	0.00736	0.00883	0.00920	0.00515	0.00589	0.00883	0.01215	0.01619	0.03497	0.77291	0.04196	0.01987	0.00810	0.00258	0.00368	0.01803	0.00589	0.00515
73	0.01482	0.01386	0.02320	0.03460	0.63841	0.01386	0.01735	0.01808	0.01374	0.01958	0.01303	0.01920	0.01181	0.11026	0.00981	0.00246	0.00735	0.00614	0.00324	0.00921
74	0.01497	0.01711	0.03743	0.02674	0.03316	0.01604	0.71444	0.02032	0.01497	0.02032	0.01283	0.01711	0.00963	0.00535	0.00749	0.00214	0.01070	0.00749	0.00321	0.00856
75	0.02846	0.01080	0.01472	0.01129	0.01619	0.00932	0.00932	0.03092	0.01816	0.74187	0.02503	0.02159	0.01570	0.00785	0.00638	0.00196	0.00540	0.00638	0.00785	0.01080
76	0.02846	0.01080	0.01472	0.01129	0.01619	0.00932	0.00932	0.03092	0.01816	0.74187	0.02503	0.02159	0.01570	0.00785	0.00638	0.00196	0.00540	0.00638	0.00785	0.01080
77	0.82186	0.01227	0.00932	0.00834	0.01227	0.01423	0.00687	0.01865	0.01080	0.02846	0.00883	0.01031	0.00687	0.00589	0.00393	0.00196	0.00491	0.00344	0.00393	0.00687
78	0.00822	0.00652	0.00691	0.00681	0.00889	0.00552	0.00511	0.00999	0.01487	0.03702	0.13758	0.08294	0.61632	0.01563	0.00749	0.00214	0.00326	0.01315	0.00607	0.00556
79	0.01607	0.01804	0.05272	0.02192	0.02756	0.08938	0.45426	0.05602	0.10537	0.02151	0.01543	0.01807	0.02836	0.00625	0.00697	0.00203	0.00942	0.00693	0.00385	0.03985
80	0.01291	0.01217	0.02056	0.54117	0.23296	0.01412	0.01778	0.01698	0.01332	0.01772	0.03291	0.01749	0.01042	0.00635	0.00636	0.00205	0.00804	0.00581	0.00303	0.00784
81	0.64842	0.01195	0.01050	0.00899	0.01313	0.01316	0.00741	0.02133	0.01241	0.18441	0.01237	0.01277	0.00880	0.00632	0.00446	0.00196	0.00501	0.00408	0.00478	0.00773
82	0.02283	0.01236	0.01811	0.04154	0.12058	0.01187	0.06485	0.05297	0.09966	0.42748	0.02181	0.02197	0.01515	0.00771	0.00654	0.00202	0.00623	0.02978	0.00638	0.01014
83	0.00978	0.00710	0.00963	0.01080	0.01229	0.00694	0.00923	0.01252	0.01476	0.01920	0.08918	0.09056	0.10773	0.01711	0.00852	0.00276	0.00530	0.55487	0.00593	0.00578
84	0.05175	0.02086	0.29789	0.04372	0.13735	0.04219	0.03046	0.04684	0.05806	0.04291	0.01362	0.01693	0.01080	0.03332	0.09865	0.00313	0.03387	0.00551	0.00351	0.00865

[dist]
# distance from previous block
# <min> <max>
1	2

[block]
# block no. 2 follows, 35 sequences, length 24
# corresponding to MSA columns:
# 157-180
name=unknown_C
#
# <colnr> <probs for GDERKNQSTAVLIFYWHMCP>
#	G	D	E	R	K	N	Q	S	T	A	V	L	I	F	Y	W	H	M	C	P
0	0.13942	0.01386	0.01766	0.23074	0.20395	0.07661	0.01392	0.01917	0.07126	0.02069	0.05225	0.03368	0.01306	0.00701	0.00630	0.00196	0.02605	0.00580	0.00374	0.04285
1	0.01329	0.08836	0.63082	0.01711	0.02572	0.01561	0.02139	0.02111	0.07105	0.02022	0.01236	0.01398	0.00896	0.00619	0.00591	0.00197	0.00883	0.00479	0.00299	0.00934
2	0.01005	0.00815	0.00924	0.00852	0.01092	0.00777	0.00647	0.01529	0.14748	0.02227	0.30421	0.06368	0.27139	0.01270	0.00709	0.00200	0.00360	0.01086	0.00623	0.07208
3	0.02527	0.01156	0.01453	0.01132	0.01581	0.01094	0.00929	0.16537	0.02004	0.50666	0.05330	0.02162	0.01668	0.00798	0.00625	0.00191	0.00539	0.00642	0.07951	0.01015
4	0.82186	0.01227	0.00932	0.00834	0.01227	0.01423	0.00687	0.01865	0.01080	0.02846	0.00883	0.01031	0.00687	0.00589	0.00393	0.00196	0.00491	0.00344	0.00393	0.00687
5	0.01496	0.01407	0.02379	0.06367	0.63140	0.01418	0.01838	0.01865	0.01439	0.02036	0.01428	0.02188	0.01289	0.00698	0.00656	0.00201	0.00739	0.08126	0.00342	0.00947
6	0.00791	0.00644	0.00700	0.00686	0.00882	0.00553	0.00515	0.00991	0.01544	0.01947	0.25207	0.05722	0.54565	0.01520	0.00749	0.00210	0.00315	0.01285	0.00620	0.00553
7	0.01732	0.01439	0.01521	0.01322	0.01708	0.01650	0.01041	0.15998	0.59724	0.02902	0.02386	0.02211	0.01778	0.00842	0.00643	0.00211	0.00538	0.00690	0.00643	0.01018
8	0.00831	0.00622	0.00867	0.09517	0.01302	0.00624	0.00711	0.00970	0.01203	0.01596	0.03133	0.64145	0.03696	0.06455	0.00937	0.00274	0.00438	0.01607	0.00541	0.00529
9	0.01570	0.01507	0.02575	0.03894	0.73748	0.01507	0.01947	0.01947	0.01444	0.02073	0.01193	0.01570	0.01005	0.00565	0.00628	0.00188	0.00754	0.00565	0.00314	0.01005
10	0.01388	0.01388	0.01943	0.01666	0.01666	0.01943	0.01388	0.01527	0.00972	0.01527	0.00833	0.01388	0.00833	0.01110	0.02082	0.00278	0.76544	0.00555	0.00278	0.00694
11	0.00961	0.00628	0.00802	0.00847	0.00972	0.00569	0.00601	0.01128	0.01414	0.07691	0.17540	0.45465	0.15606	0.01693	0.00774	0.00234	0.00361	0.01505	0.00626	0.00581
12	0.00907	0.00676	0.01000	0.01000	0.01106	0.00782	0.00768	0.01120	0.01014	0.01458	0.01717	0.02593	0.01630	0.09196	0.70813	0.00995	0.01633	0.00694	0.00343	0.00555
13	0.01272	0.03281	0.74418	0.01808	0.02746	0.01473	0.02344	0.02009	0.01339	0.02009	0.01138	0.01339	0.00804	0.00603	0.00603	0.00201	0.00938	0.00469	0.00268	0.00938
14	0.00750	0.00643	0.00643	0.00643	0.00857	0.00536	0.00482	0.00910	0.01446	0.01714	0.06427	0.06105	0.73490	0.01607	0.00750	0.00214	0.00321	0.01339	0.00589	0.00536
15	0.02846	0.01080	0.01472	0.01129	0.01619	0.00932	0.00932	0.03092	0.01816	0.74187	0.02503	0.02159	0.01570	0.00785	0.00638	0.00196	0.00540	0.00638	0.00785	0.01080
16	0.01728	0.01429	0.02227	0.02836	0.43487	0.05355	0.07526	0.02076	0.01541	0.12847	0.06466	0.01916	0.01460	0.00662	0.00634	0.00189	0.00711	0.00625	0.05352	0.00935
17	0.00751	0.00638	0.00648	0.00655	0.00860	0.00534	0.00488	0.00909	0.01434	0.01709	0.06274	0.09804	0.69890	0.01626	0.00753	0.00216	0.00324	0.01363	0.00589	0.00534
18	0.01570	0.01507	0.02575	0.03894	0.73748	0.01507	0.01947	0.01947	0.01444	0.02073	0.01193	0.01570	0.01005	0.00565	0.00628	0.00188	0.00754	0.00565	0.00314	0.01005
19	0.01825	0.01354	0.01688	0.05886	0.01879	0.01458	0.05881	0.33185	0.02117	0.09444	0.02581	0.06174	0.15526	0.00995	0.00791	0.00209	0.06768	0.00799	0.00565	0.00875
20	0.01452	0.02353	0.30023	0.02167	0.02868	0.07458	0.36083	0.02021	0.01478	0.02011	0.04952	0.01683	0.01152	0.00610	0.00679	0.00204	0.00986	0.00637	0.00321	0.00863
21	0.01696	0.78087	0.03324	0.01085	0.01628	0.02510	0.01085	0.01900	0.01289	0.01493	0.00882	0.01018	0.00814	0.00543	0.00407	0.00136	0.00678	0.00339	0.00271	0.00814
22	0.01284	0.01101	0.01279	0.00923	0.01468	0.00829	0.00737	0.01560	0.01323	0.02048	0.01419	0.01578	0.04923	0.00532	0.00485	0.00101	0.00462	0.00429	0.00388	0.77133
23	0.01276	0.01063	0.01277	0.05113	0.01578	0.00947	0.00826	0.03353	0.09739	0.02112	0.05087	0.06376	0.01570	0.01018	0.06587	0.00208	0.00581	0.00585	0.02299	0.48404

[dist]
# distance from previous block
# <min> <max>
0	2

[block]
# block no. 3 follows, 35 sequences, length 62
# corresponding to MSA columns:
# 183-244
name=unknown_D
#
# <colnr> <probs for GDERKNQSTAVLIFYWHMCP>
#	G	D	E	R	K	N	Q	S	T	A	V	L	I	F	Y	W	H	M	C	P
0	0.01238	0.01224	0.01051	0.01093	0.01217	0.19837	0.00788	0.01375	0.01349	0.01581	0.02567	0.37381	0.02912	0.10728	0.04621	0.00316	0.00686	0.08983	0.00484	0.00567
1	0.04192	0.01757	0.20772	0.01571	0.02184	0.01208	0.14304	0.02500	0.03085	0.35404	0.05182	0.01958	0.01449	0.00712	0.00648	0.00201	0.00728	0.00632	0.00548	0.00967
2	0.03233	0.00662	0.00830	0.00892	0.01000	0.00644	0.00631	0.01232	0.05639	0.05292	0.08270	0.48969	0.05543	0.01700	0.00864	0.05555	0.00395	0.03005	0.05072	0.00574
3	0.01111	0.00886	0.01276	0.06775	0.10695	0.00909	0.02752	0.04717	0.04463	0.01889	0.04784	0.27991	0.02940	0.10265	0.01049	0.00286	0.00563	0.15489	0.00508	0.00650
4	0.01914	0.08302	0.01784	0.01321	0.01769	0.04129	0.01076	0.29350	0.31632	0.02987	0.01859	0.01801	0.01393	0.00757	0.00604	0.00187	0.00611	0.00591	0.00577	0.07355
5	0.00826	0.00590	0.00797	0.00944	0.01004	0.00561	0.00681	0.00975	0.01267	0.01679	0.03467	0.62328	0.04080	0.01937	0.00824	0.00265	0.00414	0.16241	0.00588	0.00530
6	0.01404	0.04548	0.35514	0.02274	0.04988	0.01568	0.36419	0.02016	0.01419	0.02008	0.01204	0.01520	0.00888	0.00566	0.00670	0.00205	0.00990	0.00606	0.00295	0.00896
7	0.07533	0.04220	0.22669	0.02199	0.02865	0.01599	0.41463	0.01982	0.01388	0.02044	0.01178	0.01521	0.00887	0.00589	0.00746	0.00210	0.05124	0.00620	0.00308	0.00855
8	0.00864	0.00666	0.00803	0.00836	0.01010	0.00605	0.00666	0.01094	0.01530	0.01968	0.22025	0.08054	0.35211	0.01582	0.00787	0.00234	0.00391	0.20495	0.00615	0.00564
9	0.01206	0.00650	0.00690	0.00668	0.00835	0.00650	0.00505	0.01575	0.04958	0.04219	0.11810	0.02683	0.02233	0.00822	0.00500	0.00159	0.00313	0.00674	0.64224	0.00625
10	0.01467	0.03970	0.13556	0.10946	0.17616	0.06885	0.21628	0.02004	0.06090	0.01954	0.01541	0.04275	0.03792	0.00681	0.00661	0.00202	0.00864	0.00665	0.00346	0.00858
11	0.01286	0.00956	0.01280	0.10004	0.05748	0.04446	0.01154	0.01584	0.01479	0.07892	0.02797	0.06741	0.02879	0.01428	0.00799	0.00262	0.00643	0.47415	0.00539	0.00669
12	0.00806	0.00598	0.00732	0.00793	0.00889	0.00546	0.00546	0.00954	0.01351	0.01781	0.17445	0.39853	0.20330	0.09121	0.01019	0.00271	0.00368	0.01485	0.00590	0.00523
13	0.00850	0.00633	0.00732	0.00724	0.00890	0.00565	0.00536	0.01075	0.01561	0.02104	0.33528	0.11481	0.33381	0.01439	0.00728	0.00206	0.00314	0.01237	0.07452	0.00565
14	0.62749	0.01150	0.00978	0.00876	0.01229	0.01294	0.00701	0.04597	0.01208	0.07371	0.01298	0.07978	0.01147	0.04442	0.00591	0.00222	0.00497	0.00528	0.00445	0.00699
15	0.00907	0.00738	0.00823	0.00790	0.00998	0.00700	0.00599	0.01321	0.10591	0.02072	0.25866	0.05044	0.40608	0.01570	0.04318	0.00249	0.00404	0.01170	0.00617	0.00616
16	0.02846	0.01080	0.01472	0.01129	0.01619	0.00932	0.00932	0.03092	0.01816	0.74187	0.02503	0.02159	0.01570	0.00785	0.00638	0.00196	0.00540	0.00638	0.00785	0.01080
17	0.01236	0.01174	0.01939	0.64681	0.07327	0.01472	0.01730	0.01626	0.01244	0.01632	0.01099	0.01653	0.00852	0.00683	0.00792	0.00218	0.09082	0.00563	0.00283	0.00718
18	0.01901	0.01570	0.01894	0.01524	0.01956	0.01757	0.08539	0.31038	0.33200	0.03083	0.01928	0.01906	0.01430	0.00798	0.00721	0.00208	0.04301	0.00653	0.00589	0.01004
19	0.01262	0.00810	0.00720	0.00701	0.00865	0.07147	0.00526	0.01546	0.01412	0.02309	0.08188	0.02465	0.01935	0.00780	0.00481	0.00154	0.00371	0.00624	0.67101	0.00605
20	0.82186	0.01227	0.00932	0.00834	0.01227	0.01423	0.00687	0.01865	0.01080	0.02846	0.00883	0.01031	0.00687	0.00589	0.00393	0.00196	0.00491	0.00344	0.00393	0.00687
21	0.00750	0.00643	0.00643	0.00643	0.00857	0.00536	0.00482	0.00910	0.01446	0.01714	0.06427	0.06105	0.73490	0.01607	0.00750	0.00214	0.00321	0.01339	0.00589	0.00536
22	0.01420	0.02708	0.50694	0.02149	0.10218	0.01474	0.14654	0.02059	0.01402	0.05492	0.01236	0.01470	0.00890	0.00595	0.00633	0.00202	0.00923	0.00537	0.00307	0.00937
23	0.00831	0.00646	0.00755	0.00728	0.00907	0.00570	0.00546	0.01068	0.01638	0.02169	0.43178	0.05356	0.36455	0.01437	0.00749	0.00206	0.00309	0.01234	0.00649	0.00570
24	0.00958	0.00711	0.00900	0.00841	0.01009	0.00685	0.00634	0.01388	0.08020	0.02554	0.67187	0.04530	0.05630	0.01259	0.00739	0.00201	0.00317	0.01109	0.00694	0.00634
25	0.01420	0.03807	0.04033	0.38016	0.23555	0.06392	0.01732	0.01782	0.01323	0.01741	0.01096	0.01557	0.00886	0.00666	0.00784	0.00207	0.09368	0.00544	0.00293	0.00801
26	0.01579	0.25410	0.31525	0.01781	0.09466	0.05870	0.03356	0.06725	0.01457	0.01947	0.01072	0.01279	0.00852	0.00618	0.00624	0.00181	0.04607	0.00454	0.00304	0.00892
27	0.00793	0.00598	0.00813	0.00905	0.00982	0.00555	0.02437	0.00925	0.01244	0.01637	0.03738	0.64207	0.12485	0.01992	0.03204	0.00276	0.00424	0.01683	0.00574	0.00528
28	0.01738	0.66729	0.04754	0.01269	0.04785	0.08625	0.01163	0.01958	0.01340	0.01534	0.00909	0.01059	0.00822	0.00554	0.00435	0.00142	0.00727	0.00358	0.00278	0.00818
29	0.05383	0.01134	0.01331	0.00996	0.01511	0.00939	0.00806	0.05839	0.01498	0.13408	0.03819	0.01740	0.01285	0.00608	0.00524	0.00130	0.00493	0.02602	0.00472	0.55481
30	0.01685	0.04473	0.21035	0.02140	0.20809	0.12724	0.03760	0.02225	0.07594	0.08930	0.07173	0.01809	0.01449	0.00692	0.00622	0.00191	0.00791	0.00581	0.00407	0.00910
31	0.01347	0.09858	0.66421	0.01728	0.02620	0.01553	0.02200	0.02025	0.01346	0.03643	0.01147	0.01330	0.00822	0.00602	0.00586	0.00195	0.00905	0.00461	0.00280	0.00930
32	0.00964	0.00765	0.01131	0.01098	0.01197	0.00932	0.00865	0.01180	0.01014	0.01479	0.01594	0.02359	0.01495	0.04317	0.66353	0.00930	0.10747	0.00665	0.00332	0.00582
33	0.25389	0.01618	0.12190	0.01723	0.09729	0.01408	0.12893	0.02249	0.06763	0.15496	0.01442	0.01565	0.01044	0.00653	0.00626	0.00203	0.03146	0.00541	0.00442	0.00881
34	0.03745	0.06083	0.22789	0.02178	0.10456	0.01591	0.25921	0.03777	0.11489	0.03642	0.01414	0.01634	0.01060	0.00615	0.00647	0.00202	0.00862	0.00607	0.00367	0.00919
35	0.00923	0.00615	0.00692	0.00692	0.00692	0.00615	0.00384	0.00923	0.00923	0.01230	0.01999	0.04151	0.02306	0.77705	0.03229	0.00615	0.00615	0.00923	0.00384	0.00384
36	0.00794	0.00571	0.00758	0.00900	0.00953	0.00535	0.00623	0.00922	0.01244	0.01647	0.03582	0.68778	0.06446	0.01954	0.00814	0.00259	0.00385	0.07725	0.00588	0.00522
37	0.01486	0.02392	0.39206	0.02351	0.24246	0.03148	0.03371	0.03954	0.01475	0.05992	0.03760	0.01687	0.02792	0.00652	0.00624	0.00196	0.00825	0.00557	0.00344	0.00943
38	0.01359	0.09605	0.61201	0.01799	0.02664	0.03890	0.06906	0.02018	0.01360	0.01952	0.01121	0.01331	0.00816	0.00595	0.00595	0.00195	0.00931	0.00475	0.00274	0.00915
39	0.01198	0.01128	0.01903	0.76180	0.04369	0.01409	0.01762	0.01621	0.01268	0.01621	0.01128	0.01691	0.00846	0.00634	0.00634	0.00211	0.00846	0.00564	0.00282	0.00705
40	0.01518	0.01709	0.14728	0.07852	0.41016	0.01423	0.03216	0.05277	0.03425	0.04456	0.01350	0.01808	0.01121	0.07382	0.00856	0.00231	0.00769	0.00591	0.00350	0.00921
41	0.01485	0.03163	0.10016	0.03517	0.06453	0.01008	0.09302	0.01821	0.01547	0.17730	0.16732	0.14083	0.06375	0.01063	0.00701	0.00211	0.00589	0.02863	0.00551	0.00791
42	0.00994	0.00857	0.00980	0.01051	0.06858	0.04017	0.00716	0.03295	0.01571	0.02023	0.24575	0.04669	0.36400	0.01642	0.07272	0.00276	0.00519	0.01099	0.00566	0.00620
43	0.00882	0.00722	0.02732	0.00815	0.00986	0.00624	0.00626	0.01174	0.03396	0.02233	0.46928	0.13499	0.18377	0.03176	0.00807	0.00219	0.00341	0.01229	0.00645	0.00591
44	0.01483	0.04518	0.56472	0.01833	0.05748	0.01449	0.05093	0.02163	0.03643	0.09742	0.01333	0.01479	0.00937	0.00624	0.00611	0.00199	0.00873	0.00508	0.00340	0.00952
45	0.01635	0.07001	0.33881	0.02031	0.07582	0.06646	0.18668	0.04091	0.01506	0.09067	0.01295	0.01498	0.00940	0.00606	0.00630	0.00196	0.00910	0.00550	0.00349	0.00919
46	0.01352	0.01462	0.02911	0.04939	0.02737	0.03321	0.50153	0.01769	0.01412	0.01876	0.01753	0.08738	0.04496	0.06703	0.03172	0.00271	0.00954	0.00862	0.00360	0.00759
47	0.01349	0.07988	0.02200	0.28737	0.30713	0.01437	0.03801	0.01703	0.01350	0.01811	0.01456	0.08866	0.01345	0.00772	0.00643	0.00204	0.00746	0.03731	0.00337	0.00813
48	0.01567	0.01773	0.13201	0.12201	0.44402	0.04212	0.05909	0.01998	0.01441	0.05455	0.01237	0.01571	0.00973	0.00591	0.00630	0.00194	0.00815	0.00559	0.00327	0.00943
49	0.01344	0.04497	0.52799	0.01884	0.02690	0.01452	0.15024	0.01983	0.01382	0.03983	0.01346	0.03772	0.01056	0.00676	0.00642	0.00207	0.00916	0.03136	0.00313	0.00898
50	0.00796	0.00594	0.00779	0.03668	0.01057	0.00561	0.00637	0.00933	0.01259	0.01644	0.03801	0.61758	0.13473	0.01875	0.00798	0.00251	0.00389	0.04621	0.00577	0.00528
51	0.01403	0.01848	0.14921	0.07561	0.07831	0.01500	0.46666	0.01928	0.01436	0.01979	0.01370	0.05992	0.01118	0.00638	0.00712	0.00212	0.00971	0.00739	0.00324	0.00849
52	0.01410	0.02602	0.54295	0.01587	0.02337	0.01266	0.01908	0.01992	0.01385	0.11509	0.01654	0.12236	0.01387	0.00824	0.00637	0.00208	0.00804	0.00681	0.00382	0.00896
53	0.01630	0.01566	0.08580	0.05080	0.48481	0.01415	0.01726	0.05059	0.04702	0.08268	0.03498	0.01890	0.03909	0.00669	0.00636	0.00193	0.00712	0.00614	0.00398	0.00972
54	0.01405	0.01339	0.02277	0.35884	0.43045	0.01464	0.01865	0.01803	0.01367	0.01873	0.01164	0.01624	0.00934	0.00596	0.00631	0.00199	0.00794	0.00565	0.00300	0.00872
55	0.01303	0.04740	0.61767	0.01756	0.02586	0.03817	0.04312	0.01963	0.01369	0.01973	0.01327	0.01848	0.01060	0.00702	0.00626	0.00207	0.00911	0.06539	0.00299	0.00895
56	0.02721	0.01148	0.01498	0.01163	0.01645	0.01051	0.00956	0.07728	0.07269	0.64029	0.02443	0.02132	0.01565	0.00789	0.00638	0.00197	0.00548	0.00639	0.00764	0.01074
57	0.01534	0.01470	0.02509	0.10992	0.66935	0.01498	0.01929	0.01915	0.01427	0.02028	0.01187	0.01582	0.00989	0.00572	0.00629	0.00191	0.00763	0.00565	0.00311	0.00975
58	0.00936	0.00670	0.00899	0.01014	0.01125	0.00653	0.00815	0.01154	0.01376	0.01806	0.07719	0.23032	0.06909	0.08449	0.01054	0.00303	0.00507	0.40454	0.00575	0.00549
59	0.00955	0.00598	0.00801	0.00905	0.00982	0.00552	0.00619	0.01077	0.01267	0.07999	0.03409	0.70687	0.03965	0.01882	0.00795	0.00252	0.00383	0.01701	0.00606	0.00565
60	0.01231	0.01161	0.01962	0.69826	0.10468	0.01418	0.01778	0.01650	0.01284	0.01661	0.01133	0.01681	0.00860	0.00628	0.00634	0.00209	0.00838	0.00564	0.00285	0.00731
61	0.01719	0.01239	0.01387	0.01236	0.01589	0.01365	0.00978	0.05159	0.49757	0.13879	0.04385	0.05040	0.02156	0.00961	0.00670	0.00218	0.00511	0.06128	0.00662	0.00960

[dist]
# distance from previous block
# <min> <max>
0	5

# created by:
# /home/cegg/simao/soft/augustus-3.2.1/scripts/msa2prfl.pl ./align_prep/EOG090W0I2Q.fa
