[name]
unknown

[dist]
# distance from previous block
# <min> <max>
0	88

[block]
# block no. 0 follows, 38 sequences, length 25
# corresponding to MSA columns:
# 88-112
name=unknown_A
#
# <colnr> <probs for GDERKNQSTAVLIFYWHMCP>
#	G	D	E	R	K	N	Q	S	T	A	V	L	I	F	Y	W	H	M	C	P
0	0.00940	0.00679	0.00944	0.01050	0.01188	0.00682	0.00899	0.01207	0.01367	0.01800	0.08452	0.06147	0.06085	0.01903	0.08208	0.00335	0.00628	0.56396	0.00540	0.00552
1	0.00934	0.00683	0.00893	0.01051	0.08072	0.00670	0.00625	0.03631	0.01125	0.01501	0.02546	0.31348	0.07129	0.30649	0.01691	0.04876	0.00491	0.01145	0.00445	0.00496
2	0.03155	0.01431	0.01693	0.01326	0.01755	0.01531	0.06509	0.46072	0.06591	0.08403	0.02072	0.04845	0.08425	0.00914	0.02262	0.00206	0.00638	0.00681	0.00575	0.00917
3	0.09905	0.01228	0.04312	0.34956	0.07692	0.02574	0.01314	0.10171	0.04118	0.04741	0.01704	0.01970	0.08148	0.00867	0.03648	0.00225	0.00713	0.00592	0.00382	0.00740
4	0.00762	0.00574	0.00683	0.00740	0.00843	0.00521	0.00516	0.00895	0.01259	0.01623	0.11512	0.35356	0.27889	0.10479	0.01007	0.00264	0.00361	0.03677	0.00547	0.00491
5	0.05756	0.01363	0.01951	0.26345	0.29025	0.08652	0.04542	0.02978	0.01307	0.01774	0.01113	0.01535	0.00911	0.00893	0.05541	0.03907	0.00826	0.00524	0.00299	0.00759
6	0.12766	0.17262	0.07268	0.05504	0.05195	0.22031	0.06657	0.04193	0.01399	0.01839	0.00975	0.01178	0.00796	0.00568	0.00528	0.00160	0.02210	0.00414	0.00314	0.08743
7	0.00858	0.00582	0.00681	0.00688	0.00710	0.00572	0.00411	0.00907	0.01016	0.01374	0.12095	0.11192	0.02841	0.60728	0.02516	0.00496	0.00519	0.00985	0.00424	0.00405
8	0.01006	0.00698	0.00839	0.00817	0.00946	0.00678	0.00578	0.08052	0.01442	0.04264	0.21828	0.26311	0.10643	0.17703	0.01208	0.00289	0.00413	0.01179	0.00555	0.00554
9	0.04101	0.01410	0.01532	0.05497	0.07907	0.10466	0.01083	0.22617	0.07944	0.02399	0.08565	0.01926	0.01564	0.01451	0.14553	0.00330	0.04815	0.00599	0.00454	0.00789
10	0.01209	0.01204	0.01822	0.58029	0.03562	0.07371	0.06981	0.01569	0.01255	0.01562	0.01289	0.09072	0.01119	0.00721	0.00621	0.00201	0.00797	0.00651	0.00302	0.00664
11	0.01271	0.01248	0.01741	0.01499	0.01513	0.01718	0.01243	0.01417	0.00998	0.01542	0.08019	0.01627	0.01267	0.01070	0.01851	0.00256	0.70188	0.00581	0.00302	0.00649
12	0.01281	0.01229	0.02121	0.46473	0.30666	0.01380	0.04914	0.01670	0.01275	0.01715	0.01099	0.01562	0.00863	0.00573	0.00604	0.00192	0.00779	0.00543	0.00280	0.00781
13	0.01307	0.01309	0.01900	0.52986	0.15035	0.08202	0.01625	0.01658	0.01253	0.01592	0.01045	0.01516	0.00823	0.00627	0.00700	0.00198	0.06711	0.00521	0.00276	0.00715
14	0.01440	0.01360	0.02259	0.03336	0.65496	0.01367	0.01701	0.01864	0.05271	0.02029	0.06846	0.01759	0.01362	0.00604	0.00605	0.00181	0.00669	0.00586	0.00342	0.00923
15	0.00828	0.00585	0.00655	0.00664	0.00716	0.00559	0.00407	0.00879	0.01034	0.01341	0.05696	0.10194	0.17940	0.53378	0.02291	0.00461	0.00494	0.01033	0.00432	0.00413
16	0.00823	0.00605	0.00708	0.00719	0.00860	0.00541	0.00520	0.00989	0.01370	0.03608	0.21492	0.18714	0.33815	0.09216	0.00957	0.00247	0.00348	0.03382	0.00569	0.00519
17	0.12467	0.00720	0.00804	0.00763	0.00922	0.00728	0.00558	0.01253	0.05086	0.02116	0.38247	0.05065	0.09040	0.16075	0.03420	0.00290	0.00420	0.00929	0.00542	0.00554
18	0.42562	0.01207	0.01117	0.00993	0.01347	0.01374	0.00804	0.10330	0.21491	0.02673	0.01717	0.01950	0.04198	0.00759	0.00508	0.00197	0.00490	0.05034	0.00484	0.00766
19	0.66674	0.01197	0.01011	0.00879	0.01262	0.01363	0.00720	0.06375	0.06774	0.07434	0.01097	0.01172	0.00819	0.00600	0.00420	0.00187	0.00481	0.00384	0.00429	0.00722
20	0.01011	0.00655	0.00833	0.00777	0.00959	0.00592	0.00595	0.01263	0.01624	0.09442	0.51439	0.05994	0.17318	0.01263	0.00705	0.00196	0.00322	0.03767	0.00646	0.00600
21	0.00835	0.00637	0.00746	0.00745	0.00881	0.00598	0.00533	0.01105	0.06056	0.01882	0.28679	0.17437	0.24794	0.11153	0.01009	0.00253	0.00351	0.01195	0.00574	0.00536
22	0.06112	0.00646	0.00751	0.00735	0.00882	0.00610	0.00543	0.01076	0.01440	0.02027	0.38710	0.07340	0.20217	0.11393	0.01003	0.00250	0.00356	0.04807	0.00572	0.00530
23	0.56264	0.01238	0.01117	0.00943	0.01341	0.01387	0.00774	0.13367	0.05614	0.11218	0.01204	0.01248	0.00875	0.00621	0.00449	0.00186	0.00503	0.00413	0.00465	0.00771
24	0.47295	0.01247	0.01160	0.00999	0.01379	0.01406	0.00820	0.16292	0.10614	0.06512	0.01390	0.01658	0.01098	0.00704	0.00490	0.00193	0.00514	0.04974	0.00479	0.00776

[dist]
# distance from previous block
# <min> <max>
9	10

[block]
# block no. 1 follows, 38 sequences, length 61
# corresponding to MSA columns:
# 123-183
name=unknown_B
#
# <colnr> <probs for GDERKNQSTAVLIFYWHMCP>
#	G	D	E	R	K	N	Q	S	T	A	V	L	I	F	Y	W	H	M	C	P
0	0.01383	0.01322	0.02251	0.25720	0.53902	0.01402	0.01794	0.01754	0.01320	0.01837	0.01113	0.01523	0.00908	0.00556	0.00597	0.00185	0.00741	0.00536	0.00289	0.00868
1	0.00767	0.00553	0.00715	0.00825	0.00884	0.00518	0.00571	0.00889	0.01189	0.01570	0.06094	0.57724	0.09799	0.07733	0.00943	0.00268	0.00378	0.07543	0.00547	0.00489
2	0.01024	0.00904	0.01430	0.46454	0.05588	0.01043	0.01265	0.01331	0.01264	0.01641	0.09228	0.10815	0.09967	0.00967	0.00696	0.02499	0.00630	0.02261	0.00378	0.00618
3	0.01256	0.07809	0.64826	0.01841	0.08765	0.01462	0.02114	0.01893	0.01276	0.01879	0.01069	0.01269	0.00779	0.00565	0.00562	0.00186	0.00858	0.00445	0.00258	0.00887
4	0.01094	0.00652	0.00893	0.00871	0.00936	0.00681	0.00621	0.07068	0.01039	0.01400	0.01435	0.06259	0.01450	0.07332	0.12699	0.50250	0.00687	0.03901	0.00335	0.00398
5	0.01404	0.01723	0.09585	0.02433	0.05610	0.01515	0.59664	0.01955	0.04020	0.01934	0.01235	0.01602	0.00931	0.00540	0.00726	0.00203	0.03112	0.00675	0.00310	0.00824
6	0.01307	0.09296	0.59798	0.01761	0.04689	0.01476	0.07532	0.01925	0.01293	0.03919	0.01107	0.01300	0.00800	0.00566	0.00568	0.00186	0.00862	0.00462	0.00273	0.00879
7	0.01521	0.01728	0.08519	0.17821	0.40407	0.12707	0.03651	0.03194	0.01407	0.01833	0.01092	0.01435	0.00880	0.00567	0.00590	0.00181	0.00810	0.00510	0.00296	0.00850
8	0.01234	0.02345	0.44021	0.05661	0.02668	0.01384	0.21232	0.01809	0.01272	0.01837	0.01154	0.01478	0.00869	0.00907	0.07170	0.00263	0.03061	0.00540	0.00274	0.00820
9	0.01809	0.00933	0.01161	0.00974	0.01310	0.00885	0.00775	0.02327	0.15564	0.35982	0.19795	0.03083	0.10848	0.00960	0.00643	0.00192	0.00428	0.00808	0.00679	0.00845
10	0.01347	0.01316	0.02112	0.27455	0.40717	0.04542	0.04243	0.01699	0.01322	0.01774	0.01345	0.05059	0.03152	0.00648	0.00610	0.00189	0.00742	0.00609	0.00308	0.00810
11	0.01338	0.07341	0.57933	0.01819	0.09834	0.01410	0.01999	0.01932	0.01302	0.06247	0.01193	0.02917	0.00892	0.00602	0.00569	0.00186	0.00823	0.00482	0.00294	0.00888
12	0.00846	0.00596	0.00708	0.00724	0.00785	0.00581	0.00478	0.00937	0.01096	0.01454	0.10922	0.10260	0.12142	0.44671	0.05826	0.00460	0.00544	0.06082	0.00450	0.00438
13	0.02865	0.00585	0.00720	0.00794	0.00875	0.00548	0.00540	0.00969	0.01165	0.04751	0.03363	0.50744	0.12908	0.13521	0.01096	0.00287	0.00393	0.02842	0.00532	0.00501
14	0.01359	0.10690	0.51836	0.01662	0.03971	0.07936	0.04469	0.01983	0.04957	0.01847	0.01175	0.01443	0.00903	0.00609	0.00565	0.00184	0.00851	0.02419	0.00288	0.00853
15	0.04190	0.01144	0.01901	0.50833	0.20422	0.01320	0.03098	0.01607	0.01252	0.01705	0.01217	0.01895	0.01009	0.00652	0.00609	0.00200	0.00757	0.05161	0.00298	0.00730
16	0.01773	0.01283	0.01365	0.01181	0.01517	0.05126	0.00925	0.16852	0.31551	0.14524	0.02239	0.09995	0.01838	0.04309	0.00734	0.00216	0.00544	0.02547	0.00599	0.00882
17	0.01309	0.01164	0.01955	0.53770	0.23091	0.01339	0.01678	0.01690	0.01274	0.05358	0.01151	0.01595	0.00877	0.00591	0.00600	0.00194	0.00764	0.00539	0.00299	0.00763
18	0.01276	0.01212	0.02057	0.48240	0.32225	0.01373	0.01740	0.01659	0.01269	0.01707	0.01094	0.01558	0.00862	0.00576	0.00599	0.00192	0.00767	0.00535	0.00279	0.00781
19	0.01254	0.01398	0.09499	0.10233	0.09150	0.01292	0.20968	0.04217	0.02952	0.01868	0.03169	0.10093	0.01650	0.00909	0.00826	0.00219	0.09081	0.10109	0.00374	0.00739
20	0.01378	0.01508	0.02975	0.02210	0.02688	0.03606	0.53752	0.01835	0.02966	0.01852	0.01378	0.02060	0.01157	0.00805	0.03418	0.00240	0.08352	0.06724	0.00329	0.00765
21	0.01278	0.01265	0.01820	0.01555	0.01586	0.01731	0.03706	0.01430	0.00942	0.01459	0.00880	0.01423	0.00860	0.01353	0.08800	0.00326	0.68119	0.00544	0.00270	0.00652
22	0.00910	0.00655	0.00804	0.00782	0.00798	0.00717	0.00504	0.00954	0.00893	0.01225	0.01758	0.03477	0.01965	0.61103	0.13900	0.00613	0.07366	0.00811	0.00350	0.00415
23	0.01283	0.05575	0.56716	0.01973	0.12992	0.01447	0.04031	0.01958	0.04930	0.01927	0.01150	0.01349	0.00848	0.00575	0.00574	0.00188	0.00838	0.00472	0.00280	0.00895
24	0.03607	0.01563	0.01682	0.01314	0.01743	0.01745	0.01081	0.61320	0.04721	0.03519	0.01476	0.01515	0.01071	0.00734	0.00640	0.00182	0.03777	0.00543	0.06804	0.00964
25	0.01463	0.01258	0.01295	0.01161	0.01484	0.03326	0.00902	0.08819	0.54765	0.02457	0.02773	0.05666	0.10143	0.00927	0.00627	0.00202	0.00483	0.00770	0.00595	0.00882
26	0.03256	0.04599	0.59205	0.01646	0.04417	0.01373	0.01956	0.04066	0.01365	0.10802	0.01235	0.01360	0.00860	0.00594	0.00568	0.00188	0.00817	0.00463	0.00327	0.00903
27	0.01264	0.01231	0.02165	0.47754	0.22284	0.01396	0.09657	0.01658	0.01262	0.01689	0.01093	0.01568	0.00853	0.00587	0.00653	0.00197	0.03098	0.00554	0.00279	0.00757
28	0.01608	0.01266	0.01360	0.01201	0.01554	0.01432	0.00941	0.05652	0.63361	0.08812	0.02499	0.02289	0.03648	0.00825	0.00614	0.00202	0.00482	0.00684	0.00622	0.00950
29	0.01273	0.00631	0.00666	0.00632	0.00809	0.00627	0.00483	0.01608	0.04335	0.08550	0.02018	0.02226	0.01550	0.00709	0.00444	0.00147	0.00308	0.00569	0.71798	0.00617
30	0.01992	0.17280	0.08353	0.01458	0.01850	0.48312	0.01235	0.05850	0.01594	0.01617	0.00944	0.01108	0.00787	0.00623	0.00590	0.00160	0.04802	0.00395	0.00308	0.00743
31	0.01398	0.01548	0.03253	0.02571	0.11331	0.01484	0.59403	0.01860	0.01386	0.01899	0.01270	0.04463	0.01027	0.00582	0.00745	0.00204	0.03734	0.00720	0.00312	0.00810
32	0.01348	0.01116	0.01377	0.01202	0.01514	0.01205	0.07032	0.02451	0.43608	0.05335	0.10519	0.03096	0.08919	0.02957	0.00717	0.00216	0.00495	0.05492	0.00581	0.00819
33	0.00994	0.00689	0.00745	0.00698	0.00936	0.00597	0.00535	0.01225	0.04400	0.10800	0.08425	0.05128	0.59876	0.01386	0.00694	0.00200	0.00336	0.01156	0.00588	0.00592
34	0.00967	0.00680	0.00843	0.00911	0.02876	0.00647	0.00647	0.03218	0.04301	0.05446	0.06747	0.35462	0.19266	0.04853	0.00824	0.00240	0.00397	0.08267	0.02836	0.00573
35	0.16438	0.01663	0.01515	0.01249	0.01651	0.14585	0.01008	0.35084	0.04775	0.09173	0.01449	0.01659	0.01112	0.02272	0.00610	0.00191	0.00675	0.03510	0.00516	0.00865
36	0.00765	0.00546	0.00734	0.00874	0.00923	0.00516	0.00613	0.00892	0.01183	0.01571	0.03298	0.68883	0.03910	0.01855	0.00776	0.00249	0.00376	0.10981	0.00558	0.00497
37	0.14898	0.01245	0.01372	0.01127	0.01518	0.01317	0.00912	0.27817	0.08328	0.21832	0.01925	0.10407	0.01540	0.00861	0.00591	0.00194	0.00538	0.02092	0.00598	0.00888
38	0.07069	0.01463	0.11448	0.01409	0.09657	0.04568	0.01109	0.09147	0.06680	0.05600	0.06779	0.08623	0.03640	0.00783	0.00600	0.00172	0.02131	0.00642	0.00440	0.18041
39	0.06539	0.01563	0.11296	0.01221	0.01642	0.09047	0.03495	0.07786	0.19231	0.11920	0.08279	0.02206	0.06458	0.00788	0.00590	0.00185	0.00596	0.00638	0.03481	0.03041
40	0.00942	0.00600	0.00794	0.00847	0.00955	0.00553	0.00608	0.01110	0.01347	0.08110	0.19572	0.48340	0.06688	0.01612	0.00742	0.00227	0.00358	0.05441	0.00598	0.00557
41	0.03487	0.01191	0.01636	0.24566	0.16163	0.02976	0.01288	0.11263	0.07698	0.02093	0.01516	0.03852	0.02680	0.00932	0.05075	0.00235	0.03496	0.00595	0.08490	0.00767
42	0.01457	0.12071	0.33958	0.01809	0.09936	0.09835	0.09074	0.01977	0.04468	0.04012	0.01400	0.01562	0.04579	0.00623	0.00572	0.00180	0.00816	0.00516	0.00316	0.00839
43	0.02075	0.01451	0.04126	0.01451	0.08131	0.05125	0.01102	0.25254	0.13405	0.23457	0.06642	0.01922	0.01563	0.00750	0.00607	0.00185	0.00599	0.00606	0.00595	0.00955
44	0.00931	0.00699	0.00794	0.00756	0.00957	0.00650	0.00571	0.01295	0.09341	0.05202	0.28368	0.08209	0.37328	0.01332	0.00698	0.00200	0.00327	0.01137	0.00607	0.00597
45	0.01237	0.04971	0.01153	0.03091	0.01277	0.07467	0.00755	0.10862	0.11538	0.01987	0.06108	0.17413	0.21344	0.07061	0.00837	0.00228	0.00502	0.00994	0.00517	0.00659
46	0.04391	0.03678	0.02247	0.08842	0.47781	0.05720	0.03371	0.11535	0.01551	0.02152	0.01136	0.01437	0.00921	0.00580	0.00608	0.00180	0.02111	0.00519	0.00338	0.00902
47	0.01522	0.02995	0.14157	0.01089	0.01473	0.05933	0.01001	0.06184	0.05496	0.17627	0.08713	0.11613	0.10975	0.02585	0.00671	0.00199	0.00548	0.00814	0.05645	0.00761
48	0.00791	0.00547	0.00673	0.00761	0.00838	0.00507	0.00523	0.00934	0.01222	0.01684	0.07492	0.52619	0.13413	0.03254	0.00758	0.00229	0.00335	0.01444	0.11474	0.00503
49	0.03754	0.41788	0.02471	0.01320	0.04415	0.22791	0.01105	0.12596	0.01596	0.01835	0.00964	0.01090	0.00814	0.00577	0.00469	0.00147	0.00767	0.00381	0.00327	0.00793
50	0.04945	0.01264	0.01334	0.01172	0.01521	0.01436	0.00921	0.09557	0.56192	0.06283	0.02254	0.02108	0.01676	0.00786	0.00589	0.00196	0.00483	0.00641	0.05717	0.00926
51	0.01512	0.27191	0.33509	0.01448	0.02082	0.10089	0.04477	0.03420	0.02867	0.03449	0.02389	0.01386	0.00963	0.00604	0.00525	0.00169	0.00797	0.01999	0.00303	0.00821
52	0.01763	0.12819	0.28509	0.01677	0.11457	0.03383	0.01539	0.07582	0.04485	0.18952	0.01430	0.01483	0.01020	0.00622	0.00560	0.00178	0.00716	0.00492	0.00416	0.00920
53	0.00747	0.00580	0.00681	0.00721	0.00852	0.00513	0.00516	0.00909	0.01359	0.01752	0.18946	0.31697	0.35388	0.01594	0.00731	0.00215	0.00316	0.01392	0.00579	0.00513
54	0.00847	0.00588	0.00752	0.00786	0.00899	0.00536	0.00561	0.01030	0.01411	0.04561	0.30946	0.38052	0.13693	0.01547	0.00732	0.00216	0.00324	0.01376	0.00605	0.00541
55	0.01816	0.05687	0.20298	0.01559	0.02095	0.20521	0.12147	0.05716	0.01575	0.15175	0.03035	0.01695	0.04626	0.00670	0.00594	0.00180	0.00827	0.00551	0.00405	0.00829
56	0.01417	0.07779	0.10452	0.05945	0.32308	0.01506	0.24248	0.01871	0.02789	0.01891	0.01212	0.01639	0.00989	0.00570	0.00620	0.00188	0.00816	0.02593	0.00304	0.00863
57	0.00731	0.00530	0.00691	0.00820	0.00868	0.00490	0.00551	0.00840	0.01169	0.01543	0.03530	0.72859	0.09447	0.01857	0.00763	0.00241	0.00346	0.01676	0.00558	0.00490
58	0.01254	0.01219	0.02141	0.50359	0.20937	0.01389	0.09194	0.01650	0.01260	0.01678	0.01094	0.01572	0.00849	0.00585	0.00640	0.00197	0.02400	0.00553	0.00278	0.00751
59	0.10322	0.03833	0.07827	0.03534	0.01960	0.17524	0.10319	0.12968	0.15224	0.02262	0.02891	0.02952	0.01176	0.00698	0.00634	0.00188	0.03903	0.00552	0.00420	0.00813
60	0.42784	0.01784	0.01277	0.01205	0.04501	0.28761	0.00900	0.03485	0.01361	0.04843	0.01131	0.01250	0.03278	0.00623	0.00468	0.00175	0.00702	0.00404	0.00371	0.00697

[dist]
# distance from previous block
# <min> <max>
1	27

[block]
# block no. 2 follows, 38 sequences, length 47
# corresponding to MSA columns:
# 213-259
name=unknown_C
#
# <colnr> <probs for GDERKNQSTAVLIFYWHMCP>
#	G	D	E	R	K	N	Q	S	T	A	V	L	I	F	Y	W	H	M	C	P
0	0.13912	0.16138	0.15716	0.01371	0.06823	0.06076	0.01217	0.06099	0.09385	0.08332	0.01272	0.01354	0.00968	0.00598	0.00504	0.00166	0.00647	0.00443	0.00389	0.08587
1	0.04303	0.24193	0.05958	0.01501	0.04942	0.34468	0.05208	0.07354	0.01579	0.01758	0.02936	0.01222	0.00934	0.00600	0.00515	0.00157	0.00859	0.00424	0.00324	0.00765
2	0.01450	0.01390	0.02372	0.11816	0.67286	0.01419	0.01827	0.01812	0.01351	0.01918	0.01125	0.01502	0.00936	0.00543	0.00596	0.00181	0.00724	0.00536	0.00294	0.00922
3	0.00788	0.00598	0.00746	0.00808	0.02495	0.00544	0.00556	0.00965	0.01381	0.01838	0.27116	0.30863	0.22824	0.04657	0.00823	0.00228	0.00334	0.01334	0.00579	0.00524
4	0.01839	0.07232	0.21663	0.01487	0.07298	0.01355	0.01359	0.13810	0.05348	0.22902	0.03610	0.04945	0.01347	0.00734	0.00618	0.00187	0.02265	0.00588	0.00495	0.00918
5	0.01061	0.00679	0.00908	0.01007	0.04739	0.00644	0.00678	0.03632	0.01321	0.09792	0.07095	0.50791	0.06979	0.01658	0.03468	0.00251	0.00434	0.01361	0.02906	0.00598
6	0.01045	0.00522	0.00784	0.00784	0.00784	0.00522	0.00522	0.00784	0.00784	0.01045	0.01045	0.01829	0.01045	0.02090	0.02351	0.82497	0.00522	0.00522	0.00261	0.00261
7	0.01639	0.12129	0.36728	0.01678	0.06288	0.24942	0.01682	0.04919	0.01468	0.01790	0.01021	0.01195	0.00789	0.00584	0.00542	0.00171	0.00901	0.00421	0.00288	0.00824
8	0.01335	0.11952	0.47949	0.03788	0.10563	0.03527	0.06854	0.01926	0.03264	0.01850	0.01098	0.01312	0.00825	0.00565	0.00562	0.00182	0.00840	0.00465	0.00274	0.00868
9	0.00761	0.00544	0.00730	0.00865	0.00913	0.00512	0.00603	0.00889	0.01190	0.01585	0.05014	0.68978	0.03964	0.01845	0.00773	0.00247	0.00370	0.09159	0.00560	0.00498
10	0.01497	0.01470	0.02468	0.05382	0.67335	0.03462	0.05818	0.01858	0.01378	0.01939	0.01129	0.01488	0.00942	0.00538	0.00601	0.00180	0.00744	0.00542	0.00298	0.00931
11	0.00803	0.00635	0.00764	0.04570	0.01018	0.00580	0.00569	0.01027	0.01508	0.01984	0.38416	0.04916	0.36440	0.03209	0.00762	0.00206	0.00327	0.01136	0.00588	0.00541
12	0.00928	0.00746	0.01094	0.01163	0.06466	0.00722	0.05511	0.01229	0.05655	0.01895	0.22362	0.35068	0.05503	0.03787	0.00799	0.00231	0.00428	0.05272	0.00548	0.00593
13	0.02036	0.01038	0.01278	0.01026	0.01405	0.00989	0.00831	0.15784	0.03833	0.38573	0.15022	0.02801	0.10852	0.00918	0.00635	0.00188	0.00476	0.00757	0.00678	0.00882
14	0.00828	0.00589	0.00645	0.00648	0.00703	0.00561	0.00393	0.00871	0.01013	0.01297	0.03044	0.06110	0.21545	0.56567	0.02385	0.00475	0.00504	0.00999	0.00420	0.00405
15	0.02122	0.01287	0.01451	0.01189	0.01599	0.03159	0.00956	0.16579	0.28994	0.30813	0.02177	0.01985	0.01512	0.00763	0.00601	0.00190	0.00536	0.00614	0.02492	0.00978
16	0.01237	0.01190	0.02045	0.53824	0.19680	0.01388	0.05710	0.01624	0.01241	0.01650	0.01080	0.01568	0.00841	0.00600	0.00662	0.00198	0.03902	0.00544	0.00276	0.00739
17	0.01468	0.00974	0.01146	0.01007	0.01260	0.01009	0.00785	0.18329	0.05502	0.12482	0.09992	0.20374	0.12983	0.01184	0.00737	0.00204	0.04787	0.00988	0.04054	0.00736
18	0.03793	0.00985	0.01181	0.00977	0.01323	0.00966	0.00783	0.08575	0.12011	0.34047	0.10685	0.02408	0.03777	0.00816	0.00583	0.00181	0.00447	0.00668	0.14938	0.00858
19	0.01564	0.00988	0.01153	0.01008	0.01303	0.01022	0.00788	0.06284	0.26565	0.18346	0.19233	0.06998	0.04753	0.00962	0.00631	0.00193	0.00425	0.00816	0.06150	0.00818
20	0.00856	0.00613	0.00750	0.00792	0.00875	0.00593	0.00542	0.01003	0.02969	0.03537	0.07787	0.37948	0.15939	0.18090	0.02583	0.00316	0.02476	0.01312	0.00518	0.00502
21	0.00862	0.00617	0.00730	0.00723	0.00889	0.00543	0.00534	0.01054	0.01459	0.05612	0.28177	0.18326	0.35377	0.01452	0.00715	0.00205	0.00316	0.01255	0.00602	0.00550
22	0.00859	0.00645	0.00967	0.00967	0.01074	0.00752	0.00752	0.01074	0.00967	0.01396	0.01611	0.02363	0.01504	0.04512	0.76474	0.00967	0.01611	0.00645	0.00322	0.00537
23	0.05661	0.01108	0.01317	0.01051	0.01442	0.01092	0.00854	0.21483	0.01921	0.36057	0.07799	0.04259	0.04860	0.00828	0.00596	0.00183	0.00500	0.00667	0.07423	0.00897
24	0.14689	0.01364	0.02545	0.01196	0.01534	0.09618	0.04859	0.16985	0.03253	0.07232	0.01681	0.07569	0.04391	0.01364	0.12030	0.00303	0.03416	0.00630	0.00449	0.04892
25	0.01723	0.01137	0.01302	0.01100	0.01424	0.01197	0.00869	0.26064	0.13934	0.14152	0.13167	0.13941	0.02406	0.00995	0.00639	0.00195	0.00489	0.00837	0.03586	0.00844
26	0.00907	0.00664	0.00886	0.00995	0.01137	0.00644	0.00843	0.01153	0.01380	0.01780	0.06719	0.11484	0.14920	0.01637	0.00802	0.00259	0.00489	0.52198	0.00560	0.00543
27	0.00809	0.00544	0.00722	0.00840	0.00889	0.00506	0.00564	0.00915	0.01163	0.04209	0.03233	0.73142	0.03827	0.04476	0.00840	0.00254	0.00363	0.01641	0.00559	0.00504
28	0.01241	0.00850	0.01113	0.00954	0.01192	0.02431	0.04573	0.05527	0.03773	0.11691	0.51558	0.03761	0.06711	0.01085	0.00684	0.00189	0.00397	0.00955	0.00637	0.00676
29	0.01050	0.00718	0.00852	0.00789	0.00999	0.00669	0.00601	0.01421	0.08687	0.09428	0.36372	0.06641	0.26960	0.01254	0.00692	0.00196	0.00334	0.01076	0.00629	0.00629
30	0.01480	0.01006	0.01157	0.01047	0.01310	0.01068	0.00794	0.06749	0.31367	0.13903	0.08366	0.17789	0.02500	0.07594	0.00855	0.00238	0.00461	0.00916	0.00605	0.00795
31	0.00746	0.00538	0.00678	0.00790	0.00856	0.00495	0.00537	0.00866	0.01191	0.01580	0.03690	0.63911	0.14889	0.01778	0.00744	0.00233	0.00339	0.01593	0.04051	0.00495
32	0.01184	0.01118	0.01891	0.67419	0.13763	0.01349	0.01694	0.01579	0.01226	0.01595	0.01078	0.01588	0.00822	0.00593	0.00601	0.00198	0.00790	0.00535	0.00271	0.00707
33	0.00790	0.00629	0.00711	0.00703	0.00875	0.00563	0.00522	0.01039	0.04168	0.01915	0.28792	0.12011	0.42261	0.01432	0.00712	0.00202	0.00308	0.01228	0.00595	0.00543
34	0.01420	0.01623	0.03550	0.02535	0.03144	0.01521	0.72921	0.01927	0.01420	0.01927	0.01217	0.01623	0.00913	0.00507	0.00710	0.00203	0.01014	0.00710	0.00304	0.00811
35	0.00755	0.00545	0.00697	0.00809	0.00861	0.00508	0.00546	0.00861	0.01155	0.01518	0.03434	0.61215	0.10520	0.09476	0.00993	0.00275	0.00376	0.04437	0.00539	0.00481
36	0.09807	0.02531	0.01643	0.01454	0.01796	0.58242	0.01112	0.12947	0.01810	0.01935	0.00998	0.01129	0.00801	0.00630	0.00535	0.00162	0.00964	0.00405	0.00360	0.00742
37	0.00760	0.00583	0.00696	0.00728	0.00858	0.00519	0.00523	0.00935	0.01397	0.01828	0.25427	0.29397	0.31069	0.01556	0.00729	0.00213	0.00313	0.01361	0.00589	0.00519
38	0.00752	0.00581	0.00691	0.00756	0.00880	0.00520	0.00550	0.00905	0.01307	0.01663	0.10003	0.35935	0.34263	0.01662	0.00744	0.00225	0.00342	0.07148	0.00566	0.00508
39	0.69886	0.01189	0.00998	0.00860	0.01249	0.01345	0.00709	0.07127	0.01220	0.09364	0.01021	0.01108	0.00755	0.00587	0.00410	0.00186	0.00484	0.00367	0.00423	0.00713
40	0.77715	0.01178	0.00933	0.00821	0.01200	0.01354	0.00676	0.04393	0.01111	0.04966	0.00907	0.01027	0.00691	0.00570	0.00388	0.00186	0.00474	0.00342	0.00392	0.00676
41	0.01067	0.00836	0.01152	0.01073	0.01191	0.01011	0.00850	0.07003	0.01124	0.01639	0.01487	0.02152	0.01367	0.05624	0.51457	0.00728	0.14275	0.00619	0.04754	0.00593
42	0.00909	0.00649	0.00843	0.00929	0.01048	0.00630	0.00716	0.01181	0.05400	0.03546	0.09102	0.36786	0.09661	0.01642	0.00767	0.00244	0.00419	0.24401	0.00573	0.00557
43	0.00963	0.00644	0.00887	0.00869	0.00967	0.00694	0.00634	0.01120	0.01033	0.05564	0.06254	0.04827	0.02013	0.24951	0.45021	0.00749	0.01147	0.00761	0.00385	0.00517
44	0.01330	0.01255	0.02132	0.24305	0.40084	0.01330	0.06560	0.01751	0.04258	0.01869	0.03238	0.04226	0.01188	0.00633	0.00609	0.00189	0.00713	0.00608	0.02898	0.00824
45	0.01687	0.49089	0.12269	0.01264	0.03683	0.09978	0.01212	0.05525	0.01382	0.05236	0.01014	0.01148	0.00844	0.00668	0.02591	0.00170	0.00746	0.00385	0.00307	0.00803
46	0.01485	0.01232	0.01377	0.01202	0.03318	0.04254	0.03288	0.18418	0.19755	0.02442	0.03650	0.02590	0.10442	0.01074	0.04979	0.00227	0.00599	0.04622	0.04655	0.10390

[dist]
# distance from previous block
# <min> <max>
1	23

[block]
# block no. 3 follows, 38 sequences, length 11
# corresponding to MSA columns:
# 283-293
name=unknown_D
#
# <colnr> <probs for GDERKNQSTAVLIFYWHMCP>
#	G	D	E	R	K	N	Q	S	T	A	V	L	I	F	Y	W	H	M	C	P
0	0.03858	0.01355	0.04464	0.02153	0.25356	0.01342	0.11395	0.08794	0.12880	0.04135	0.08015	0.06361	0.03228	0.00775	0.00673	0.00195	0.03022	0.00706	0.00440	0.00852
1	0.00977	0.06170	0.03684	0.00811	0.01035	0.00769	0.00649	0.01273	0.06695	0.05349	0.14357	0.17750	0.32004	0.04806	0.00786	0.00219	0.00390	0.01134	0.00546	0.00596
2	0.09328	0.13896	0.08276	0.01265	0.01732	0.10801	0.01117	0.22798	0.15214	0.04422	0.01393	0.01423	0.01054	0.00655	0.00533	0.00171	0.00665	0.00480	0.00456	0.04321
3	0.04353	0.12947	0.09854	0.01399	0.06803	0.08047	0.01155	0.16869	0.05795	0.04529	0.05912	0.06856	0.01488	0.01031	0.05842	0.00233	0.03371	0.00603	0.00429	0.02486
4	0.01487	0.15804	0.25502	0.03119	0.01938	0.10750	0.02873	0.06540	0.04726	0.04466	0.07493	0.01915	0.04931	0.00717	0.00564	0.00175	0.00723	0.02352	0.00378	0.03550
5	0.00872	0.00666	0.00889	0.00881	0.01016	0.00627	0.03696	0.03274	0.01385	0.01842	0.20470	0.28767	0.16301	0.08230	0.00942	0.00253	0.00405	0.08390	0.00556	0.00537
6	0.01415	0.01544	0.03198	0.07934	0.18233	0.01489	0.53178	0.01883	0.01394	0.01908	0.01189	0.01593	0.00914	0.00520	0.00679	0.00198	0.00937	0.00662	0.00300	0.00831
7	0.01512	0.01975	0.28177	0.01693	0.05314	0.01432	0.11207	0.04273	0.21719	0.09395	0.01604	0.01684	0.01172	0.00680	0.00691	0.00199	0.05375	0.00574	0.00421	0.00902
8	0.01493	0.04634	0.02201	0.05769	0.36332	0.03674	0.10840	0.05500	0.04234	0.05583	0.04289	0.01951	0.05849	0.00832	0.04002	0.00219	0.00743	0.00626	0.00376	0.00853
9	0.00859	0.00645	0.00967	0.00967	0.01074	0.00752	0.00752	0.01074	0.00967	0.01396	0.01611	0.02363	0.01504	0.04512	0.76474	0.00967	0.01611	0.00645	0.00322	0.00537
10	0.00872	0.00626	0.00810	0.00910	0.00989	0.00611	0.00651	0.05975	0.01299	0.01727	0.03168	0.64135	0.03707	0.01775	0.00764	0.00244	0.00397	0.10247	0.00561	0.00534

[dist]
# distance from previous block
# <min> <max>
9	199

[block]
# block no. 4 follows, 38 sequences, length 43
# corresponding to MSA columns:
# 496-510,513-540
name=unknown_E
#
# <colnr> <probs for GDERKNQSTAVLIFYWHMCP>
#	G	D	E	R	K	N	Q	S	T	A	V	L	I	F	Y	W	H	M	C	P
0	0.79319	0.01188	0.00927	0.00819	0.01196	0.01374	0.00675	0.05112	0.01108	0.02750	0.00866	0.00999	0.00669	0.00566	0.00383	0.00186	0.00475	0.00336	0.00383	0.00669
1	0.00868	0.00623	0.00735	0.00730	0.00886	0.00564	0.00535	0.01095	0.03127	0.04396	0.28272	0.18393	0.29562	0.03374	0.00763	0.00213	0.00323	0.01216	0.03773	0.00551
2	0.01474	0.07154	0.19454	0.10877	0.07129	0.06199	0.14316	0.10556	0.04938	0.02089	0.05609	0.01616	0.01188	0.00637	0.00628	0.00185	0.02427	0.00558	0.00357	0.02607
3	0.01514	0.20394	0.12330	0.13543	0.18268	0.12663	0.04780	0.01888	0.02921	0.01691	0.01127	0.01520	0.00949	0.00606	0.00550	0.00174	0.00791	0.03196	0.00296	0.00798
4	0.00736	0.00532	0.00697	0.00821	0.00870	0.00493	0.00553	0.00851	0.01187	0.01575	0.06267	0.71141	0.08381	0.01837	0.00762	0.00240	0.00344	0.01659	0.00562	0.00493
5	0.03559	0.00961	0.01056	0.00913	0.01193	0.00995	0.00729	0.20087	0.05064	0.09088	0.07195	0.02850	0.12265	0.01027	0.02956	0.00203	0.00471	0.03891	0.24761	0.00734
6	0.04775	0.06782	0.06298	0.15441	0.14848	0.04865	0.03704	0.09855	0.07954	0.04909	0.01547	0.11014	0.01359	0.00770	0.00592	0.00188	0.00665	0.00661	0.00404	0.03368
7	0.00862	0.00672	0.00953	0.02851	0.01097	0.00650	0.05329	0.01075	0.03062	0.01741	0.20445	0.30505	0.09501	0.14068	0.04132	0.00306	0.00476	0.01224	0.00520	0.00529
8	0.00768	0.00615	0.00683	0.00698	0.00870	0.00540	0.00531	0.00944	0.01388	0.01729	0.14885	0.08463	0.51240	0.04918	0.00830	0.00228	0.00344	0.09248	0.00564	0.00514
9	0.01266	0.02063	0.33775	0.23082	0.20172	0.01395	0.06191	0.01791	0.01284	0.01819	0.01097	0.01435	0.00827	0.00568	0.00594	0.00191	0.00831	0.00507	0.00271	0.00839
10	0.04266	0.05144	0.20258	0.10142	0.24898	0.04368	0.01626	0.08988	0.06440	0.04468	0.01355	0.01554	0.02623	0.00621	0.00576	0.00184	0.00733	0.00520	0.00357	0.00878
11	0.01607	0.01780	0.09838	0.02453	0.32021	0.13487	0.05618	0.01923	0.01360	0.06619	0.01247	0.01525	0.02795	0.00681	0.00837	0.00193	0.14318	0.00534	0.00326	0.00839
12	0.00964	0.00671	0.00862	0.00801	0.00961	0.00641	0.00606	0.04543	0.01692	0.04089	0.61891	0.06954	0.05008	0.01351	0.04033	0.00224	0.00368	0.01042	0.02706	0.00595
13	0.04485	0.01426	0.12667	0.08560	0.20345	0.01210	0.03213	0.07111	0.07961	0.03932	0.06200	0.06311	0.10447	0.02691	0.00677	0.00203	0.00620	0.00724	0.00422	0.00795
14	0.01245	0.02957	0.16604	0.11515	0.14949	0.01207	0.02824	0.04452	0.06450	0.03407	0.08588	0.12773	0.03442	0.00878	0.00681	0.00197	0.03740	0.00758	0.00404	0.02929
15	0.00865	0.00684	0.00788	0.00749	0.00936	0.00642	0.00565	0.01247	0.09193	0.02119	0.40637	0.04757	0.31991	0.01300	0.00700	0.00196	0.00312	0.01115	0.00617	0.00585
16	0.00996	0.00709	0.00885	0.00911	0.01063	0.00704	0.00700	0.01411	0.11161	0.04475	0.21828	0.24676	0.07472	0.01421	0.00723	0.00223	0.00393	0.15867	0.03775	0.00607
17	0.08426	0.06501	0.18871	0.09564	0.14423	0.01411	0.09707	0.07101	0.01464	0.14905	0.01320	0.01486	0.00952	0.00598	0.00575	0.00185	0.00733	0.00517	0.00389	0.00875
18	0.10031	0.08677	0.01758	0.06451	0.03407	0.08748	0.04022	0.25464	0.04820	0.02527	0.01362	0.01476	0.03307	0.00637	0.00534	0.00162	0.00650	0.00488	0.00433	0.15045
19	0.00937	0.00752	0.00950	0.00987	0.04553	0.00759	0.00713	0.03943	0.04327	0.01909	0.20276	0.11310	0.25697	0.01751	0.10425	0.00306	0.04051	0.05232	0.00530	0.00592
20	0.01923	0.01524	0.01605	0.01334	0.04636	0.06636	0.01032	0.41176	0.06907	0.04650	0.03047	0.03503	0.01231	0.00705	0.00572	0.00165	0.00613	0.00550	0.02589	0.15603
21	0.00733	0.00524	0.00698	0.00838	0.00873	0.00489	0.00558	0.00838	0.01152	0.01536	0.03316	0.78466	0.03979	0.01885	0.00768	0.00244	0.00349	0.01710	0.00558	0.00489
22	0.03920	0.02929	0.02084	0.02660	0.44083	0.01416	0.03695	0.07806	0.12131	0.06616	0.01594	0.01879	0.02906	0.00663	0.00602	0.00187	0.00649	0.02846	0.00411	0.00923
23	0.01437	0.14150	0.12837	0.08044	0.24739	0.01581	0.18973	0.04593	0.01389	0.01892	0.01185	0.01619	0.00976	0.00586	0.00596	0.00184	0.00798	0.03266	0.00306	0.00847
24	0.01448	0.01616	0.07193	0.08421	0.31332	0.06636	0.20493	0.01844	0.01372	0.01883	0.01124	0.01460	0.00898	0.00530	0.00602	0.00174	0.00803	0.00543	0.00303	0.11325
25	0.00757	0.00549	0.00714	0.00836	0.00895	0.00512	0.00581	0.00879	0.01184	0.01556	0.03512	0.62819	0.10347	0.04311	0.00842	0.00254	0.00371	0.08036	0.00552	0.00492
26	0.01768	0.01516	0.01680	0.01634	0.11228	0.06490	0.01167	0.25648	0.28898	0.02697	0.01784	0.01960	0.01398	0.00789	0.00693	0.00197	0.05213	0.03791	0.00525	0.00923
27	0.00735	0.00529	0.00697	0.00826	0.00871	0.00491	0.00555	0.00847	0.01175	0.01563	0.05322	0.73575	0.06881	0.01853	0.00764	0.00241	0.00346	0.01676	0.00561	0.00491
28	0.01709	0.01486	0.02138	0.22374	0.04272	0.10272	0.19516	0.10827	0.03273	0.12518	0.04601	0.01730	0.01194	0.00646	0.00627	0.00190	0.00799	0.00600	0.00417	0.00811
29	0.01562	0.69826	0.09741	0.01109	0.01642	0.02274	0.01147	0.01800	0.01217	0.01461	0.00857	0.01004	0.00772	0.00537	0.00453	0.00139	0.03084	0.00339	0.00257	0.00779
30	0.00976	0.00717	0.00849	0.00837	0.01010	0.00698	0.00618	0.01410	0.13309	0.05319	0.24253	0.25096	0.19817	0.01390	0.00706	0.00210	0.00349	0.01215	0.00605	0.00616
31	0.01219	0.03023	0.71443	0.01763	0.02636	0.01404	0.06432	0.01906	0.01279	0.01906	0.01088	0.01291	0.00771	0.00568	0.00580	0.00191	0.00897	0.00460	0.00257	0.00884
32	0.01590	0.01808	0.07709	0.02088	0.05699	0.12539	0.36734	0.02132	0.09166	0.05408	0.01310	0.01572	0.00999	0.00623	0.00770	0.00199	0.07874	0.00612	0.00352	0.00817
33	0.00749	0.00591	0.00680	0.00738	0.00879	0.00523	0.00546	0.00902	0.01312	0.01635	0.06617	0.28834	0.43212	0.01645	0.00742	0.00224	0.00344	0.08759	0.00561	0.00508
34	0.00861	0.00596	0.00742	0.00752	0.00783	0.00622	0.00482	0.00926	0.00919	0.01254	0.01918	0.08694	0.02128	0.53540	0.22620	0.00663	0.00843	0.00871	0.00367	0.00419
35	0.01015	0.00527	0.00784	0.00795	0.00801	0.00529	0.00534	0.00799	0.00818	0.01095	0.01234	0.07519	0.01279	0.02167	0.05051	0.73313	0.00551	0.00615	0.00286	0.00289
36	0.08175	0.04793	0.01643	0.04777	0.01784	0.01478	0.01032	0.35123	0.04465	0.28059	0.01707	0.01629	0.01161	0.00706	0.00577	0.00182	0.00596	0.00542	0.00604	0.00966
37	0.00747	0.00591	0.00663	0.00686	0.00833	0.00517	0.00493	0.00904	0.01356	0.01716	0.16825	0.21222	0.44494	0.05178	0.00833	0.00228	0.00324	0.01316	0.00567	0.00507
38	0.01332	0.01575	0.09437	0.02032	0.02563	0.01381	0.45930	0.02001	0.12716	0.01999	0.03671	0.05032	0.04328	0.00702	0.00687	0.00205	0.00834	0.02389	0.00383	0.00803
39	0.01805	0.01344	0.01474	0.01259	0.01615	0.03413	0.01028	0.29715	0.22749	0.08598	0.03882	0.02713	0.01819	0.00932	0.00679	0.00206	0.02419	0.12865	0.00593	0.00893
40	0.02213	0.01308	0.01504	0.01184	0.01620	0.01349	0.00968	0.34119	0.09403	0.29435	0.02306	0.02139	0.08017	0.00813	0.00614	0.00187	0.00556	0.00645	0.00651	0.00969
41	0.00799	0.00622	0.00733	0.00763	0.00908	0.00571	0.00563	0.01045	0.04586	0.01831	0.20803	0.25478	0.31850	0.01533	0.00729	0.00216	0.00335	0.05511	0.00584	0.00539
42	0.01837	0.05234	0.03532	0.04285	0.04921	0.20307	0.01056	0.22736	0.04880	0.05886	0.04468	0.01907	0.05834	0.02317	0.00620	0.00180	0.00694	0.00573	0.07931	0.00801

[dist]
# distance from previous block
# <min> <max>
0	5

[block]
# block no. 5 follows, 38 sequences, length 16
# corresponding to MSA columns:
# 546-561
name=unknown_F
#
# <colnr> <probs for GDERKNQSTAVLIFYWHMCP>
#	G	D	E	R	K	N	Q	S	T	A	V	L	I	F	Y	W	H	M	C	P
0	0.12323	0.05863	0.08493	0.16574	0.10760	0.11154	0.04747	0.05390	0.02702	0.01926	0.01245	0.04031	0.01069	0.00805	0.02783	0.00212	0.04015	0.03458	0.01706	0.00743
1	0.01818	0.48762	0.05994	0.01231	0.01704	0.22455	0.01130	0.07643	0.01484	0.01642	0.00921	0.01050	0.00792	0.00562	0.00454	0.00143	0.00776	0.00363	0.00299	0.00777
2	0.01189	0.01014	0.01180	0.00870	0.01360	0.00768	0.00689	0.01441	0.01251	0.01919	0.01498	0.05233	0.05767	0.00583	0.00478	0.00104	0.00432	0.00480	0.00379	0.73366
3	0.01134	0.00995	0.00920	0.00880	0.01086	0.11054	0.00663	0.01484	0.08927	0.04348	0.19377	0.11167	0.26201	0.01222	0.00664	0.00195	0.00440	0.02777	0.05854	0.00612
4	0.01497	0.06457	0.08289	0.05911	0.46745	0.01436	0.01616	0.08453	0.01461	0.03475	0.01301	0.05616	0.01138	0.03223	0.00672	0.00195	0.00695	0.00590	0.00344	0.00888
5	0.04731	0.04336	0.01745	0.04405	0.14751	0.40039	0.01208	0.05412	0.03532	0.01827	0.04633	0.01450	0.01122	0.00657	0.00594	0.00168	0.03266	0.00477	0.04897	0.00749
6	0.00877	0.00640	0.00797	0.00870	0.00976	0.00617	0.00651	0.03969	0.01284	0.01666	0.03477	0.33402	0.15415	0.12224	0.01082	0.00290	0.00442	0.20273	0.00533	0.00515
7	0.05956	0.01192	0.01446	0.03505	0.09840	0.02949	0.00982	0.15535	0.07305	0.18569	0.14353	0.02142	0.01954	0.00758	0.00588	0.00175	0.00529	0.00627	0.02326	0.09271
8	0.01636	0.03509	0.09634	0.07458	0.18877	0.01518	0.13194	0.15498	0.07282	0.07171	0.01365	0.01581	0.01033	0.00726	0.02352	0.00209	0.05096	0.00569	0.00402	0.00891
9	0.00879	0.00670	0.00981	0.00973	0.01065	0.00786	0.00748	0.01070	0.00967	0.01391	0.01668	0.06067	0.01629	0.08955	0.64188	0.00870	0.05527	0.00704	0.00333	0.00530
10	0.00889	0.00679	0.00814	0.00862	0.00983	0.00675	0.00624	0.01258	0.11909	0.01766	0.10213	0.35640	0.14036	0.08830	0.00953	0.00262	0.00397	0.08088	0.00557	0.00562
11	0.00768	0.00560	0.00713	0.00797	0.00867	0.00527	0.00549	0.00895	0.01199	0.01587	0.09563	0.49032	0.13256	0.09645	0.04627	0.00304	0.00428	0.03659	0.00536	0.00490
12	0.08533	0.02800	0.01399	0.01036	0.01506	0.03162	0.03905	0.03991	0.05172	0.05742	0.01259	0.03731	0.01043	0.00570	0.00528	0.00129	0.02709	0.00452	0.00397	0.51939
13	0.01616	0.07407	0.08249	0.01550	0.06501	0.05919	0.09850	0.11470	0.08613	0.06833	0.01364	0.03237	0.01082	0.00658	0.00673	0.00171	0.06700	0.00534	0.00407	0.17166
14	0.05846	0.19221	0.12708	0.03723	0.06457	0.09081	0.08974	0.03957	0.06874	0.04322	0.04385	0.06396	0.01316	0.00690	0.00552	0.00174	0.00706	0.00572	0.00368	0.03674
15	0.04050	0.03767	0.07438	0.04671	0.06739	0.08273	0.00920	0.01459	0.02722	0.01891	0.18268	0.09729	0.04786	0.08162	0.02614	0.00237	0.02054	0.00790	0.08487	0.02942

[dist]
# distance from previous block
# <min> <max>
3	18

[block]
# block no. 6 follows, 38 sequences, length 46
# corresponding to MSA columns:
# 580-625
name=unknown_G
#
# <colnr> <probs for GDERKNQSTAVLIFYWHMCP>
#	G	D	E	R	K	N	Q	S	T	A	V	L	I	F	Y	W	H	M	C	P
0	0.12971	0.10502	0.18415	0.01464	0.08980	0.01375	0.03491	0.08507	0.01449	0.11851	0.01392	0.01488	0.03296	0.00608	0.00524	0.00167	0.00639	0.00476	0.00397	0.12008
1	0.01066	0.00974	0.05584	0.03259	0.08749	0.00838	0.03124	0.01420	0.07087	0.04531	0.05665	0.18707	0.18171	0.05602	0.00813	0.00227	0.00492	0.07057	0.00488	0.06144
2	0.00848	0.00605	0.00773	0.00845	0.00909	0.00600	0.00586	0.03513	0.01161	0.01549	0.02863	0.44831	0.05498	0.18173	0.08674	0.00385	0.00547	0.06648	0.00496	0.00492
3	0.01669	0.16750	0.05923	0.06347	0.11292	0.10097	0.15919	0.12240	0.01578	0.05072	0.01266	0.04352	0.01056	0.03063	0.00656	0.00189	0.00784	0.00567	0.00364	0.00817
4	0.01591	0.06552	0.07500	0.02395	0.31787	0.10705	0.07147	0.06849	0.12644	0.02054	0.01392	0.04241	0.01150	0.00648	0.00592	0.00182	0.00739	0.00576	0.00372	0.00883
5	0.00837	0.00631	0.00796	0.00883	0.01023	0.00590	0.00712	0.01042	0.01348	0.01716	0.06706	0.19749	0.26814	0.01643	0.00776	0.00244	0.00425	0.32977	0.00560	0.00527
6	0.00835	0.00626	0.00763	0.00765	0.00889	0.00601	0.00553	0.01065	0.03960	0.01811	0.26503	0.14164	0.20198	0.13852	0.08232	0.00338	0.00485	0.03297	0.00541	0.00522
7	0.04589	0.10410	0.06200	0.03739	0.12048	0.15994	0.07746	0.07919	0.01517	0.08358	0.03997	0.05330	0.01323	0.05442	0.02639	0.00221	0.00769	0.00591	0.00391	0.00778
8	0.01349	0.18967	0.49604	0.01596	0.02325	0.01627	0.06284	0.01883	0.01260	0.03634	0.01052	0.01250	0.00794	0.00589	0.00625	0.00182	0.05415	0.00444	0.00271	0.00849
9	0.01545	0.01316	0.01388	0.01234	0.01583	0.01519	0.00964	0.07508	0.69628	0.02595	0.02387	0.02195	0.01786	0.00810	0.00611	0.00203	0.00488	0.00672	0.00611	0.00957
10	0.01106	0.00725	0.02064	0.00929	0.01084	0.00678	0.00719	0.01314	0.02590	0.12091	0.09647	0.32583	0.09883	0.04350	0.03600	0.00270	0.03241	0.11961	0.00564	0.00601
11	0.01539	0.62796	0.14354	0.01294	0.06091	0.02171	0.01263	0.01820	0.01239	0.01524	0.00892	0.01043	0.00781	0.00525	0.00427	0.00141	0.00686	0.00353	0.00259	0.00801
12	0.00750	0.00562	0.00691	0.00760	0.00855	0.00509	0.00528	0.00894	0.01291	0.01691	0.15571	0.45417	0.22787	0.03776	0.00806	0.00234	0.00333	0.01471	0.00570	0.00503
13	0.00747	0.00534	0.00700	0.00827	0.00867	0.00500	0.00554	0.00851	0.01147	0.01522	0.03308	0.69814	0.05986	0.06615	0.00909	0.00265	0.00367	0.03455	0.00546	0.00483
14	0.01314	0.11973	0.58682	0.01647	0.02424	0.05112	0.04276	0.01901	0.01278	0.01811	0.01038	0.01238	0.00770	0.00582	0.00603	0.00185	0.03613	0.00439	0.00259	0.00855
15	0.02120	0.01644	0.01736	0.01471	0.06140	0.05903	0.01131	0.56502	0.06638	0.03385	0.01486	0.01522	0.01083	0.00709	0.00588	0.00178	0.00655	0.00542	0.05600	0.00968
16	0.06539	0.36242	0.21260	0.01403	0.04525	0.01820	0.05895	0.04136	0.01317	0.04486	0.03764	0.01303	0.00995	0.00593	0.00544	0.00165	0.03452	0.00439	0.00312	0.00809
17	0.01357	0.14682	0.60157	0.01571	0.02377	0.01518	0.01960	0.01950	0.01290	0.06216	0.01119	0.01270	0.00807	0.00573	0.00545	0.00181	0.00829	0.00435	0.00284	0.00879
18	0.01085	0.00693	0.00851	0.00777	0.00968	0.00638	0.00586	0.03946	0.01609	0.10220	0.42984	0.05875	0.18175	0.06004	0.00834	0.00216	0.00347	0.01038	0.02546	0.00609
19	0.01361	0.01145	0.01769	0.01713	0.13760	0.01132	0.14917	0.10571	0.07001	0.05942	0.09272	0.08815	0.14500	0.00979	0.00676	0.00201	0.00592	0.04389	0.00495	0.00770
20	0.05184	0.12870	0.11424	0.01343	0.01822	0.11069	0.01218	0.27448	0.09686	0.07365	0.01368	0.01411	0.01017	0.00677	0.00601	0.00177	0.03475	0.00489	0.00461	0.00894
21	0.00796	0.00578	0.00748	0.00800	0.00895	0.00536	0.00574	0.00982	0.01393	0.01895	0.31658	0.37637	0.09952	0.03529	0.00802	0.00230	0.00338	0.05542	0.00594	0.00522
22	0.01645	0.00905	0.01078	0.00940	0.01234	0.00898	0.00750	0.04814	0.15879	0.24324	0.12033	0.02947	0.06195	0.00916	0.00602	0.00187	0.00423	0.05437	0.18003	0.00792
23	0.01486	0.08870	0.09221	0.07293	0.04745	0.03239	0.14523	0.11910	0.09165	0.04974	0.01703	0.07729	0.01491	0.00949	0.03374	0.00226	0.00746	0.07128	0.00426	0.00802
24	0.02099	0.01647	0.01761	0.02951	0.01835	0.07349	0.01159	0.48042	0.05328	0.07374	0.01392	0.01470	0.01025	0.00769	0.00814	0.00193	0.12794	0.00537	0.00529	0.00931
25	0.01754	0.01549	0.01229	0.01077	0.01356	0.23817	0.00834	0.19097	0.03772	0.02392	0.01539	0.01700	0.01193	0.00685	0.00506	0.00156	0.00621	0.00507	0.35493	0.00725
26	0.00813	0.00638	0.00739	0.00723	0.00892	0.00580	0.00538	0.01095	0.04967	0.02014	0.36524	0.10673	0.34845	0.01386	0.00710	0.00200	0.00307	0.01194	0.00608	0.00554
27	0.06649	0.01540	0.01695	0.16287	0.10023	0.10019	0.01235	0.28682	0.08749	0.02623	0.01368	0.01532	0.01029	0.00665	0.00571	0.00182	0.00692	0.00523	0.05082	0.00855
28	0.01480	0.01363	0.01824	0.42187	0.05718	0.08762	0.04903	0.10705	0.04960	0.04555	0.01402	0.01722	0.03672	0.00677	0.00655	0.00195	0.03541	0.00566	0.00361	0.00753
29	0.54763	0.01166	0.01082	0.00906	0.01304	0.01272	0.00746	0.08914	0.01364	0.19430	0.01277	0.01300	0.00902	0.00621	0.00449	0.00184	0.00490	0.00417	0.02643	0.00770
30	0.00864	0.00581	0.00670	0.00680	0.00687	0.00582	0.00392	0.00879	0.00898	0.01202	0.01989	0.09340	0.02294	0.70587	0.05494	0.00572	0.00602	0.00928	0.00377	0.00380
