[name]
unknown

[dist]
# distance from previous block
# <min> <max>
0	485

[block]
# block no. 0 follows, 33 sequences, length 9
# corresponding to MSA columns:
# 485-493
name=unknown_A
#
# <colnr> <probs for GDERKNQSTAVLIFYWHMCP>
#	G	D	E	R	K	N	Q	S	T	A	V	L	I	F	Y	W	H	M	C	P
0	0.01032	0.00739	0.01020	0.01127	0.01279	0.00727	0.00963	0.01337	0.01593	0.02120	0.18879	0.06866	0.04330	0.01713	0.00880	0.00282	0.00540	0.53332	0.00633	0.00610
1	0.01579	0.01500	0.02485	0.13270	0.58013	0.01557	0.01916	0.02094	0.07096	0.02137	0.01345	0.01712	0.01098	0.00621	0.00654	0.00201	0.00774	0.00599	0.00349	0.01001
2	0.00954	0.00643	0.00741	0.00734	0.00756	0.00636	0.00431	0.00998	0.01087	0.01472	0.12141	0.04395	0.02940	0.66055	0.02982	0.00577	0.00591	0.00991	0.00446	0.00431
3	0.01241	0.00914	0.01056	0.00942	0.01204	0.00881	0.00709	0.07870	0.07520	0.04585	0.12721	0.11471	0.15287	0.09634	0.05889	0.00302	0.00545	0.00992	0.04076	0.12160
4	0.01273	0.01002	0.01278	0.01414	0.11450	0.01007	0.00912	0.01901	0.18251	0.05366	0.19022	0.12020	0.11821	0.06158	0.00894	0.00242	0.00479	0.01032	0.00597	0.03882
5	0.01617	0.06986	0.26578	0.02569	0.27575	0.04086	0.05433	0.06911	0.07786	0.02262	0.01348	0.01575	0.01042	0.00641	0.00635	0.00200	0.00845	0.00557	0.00361	0.00995
6	0.13513	0.01781	0.01766	0.01527	0.05010	0.12602	0.03579	0.29496	0.08434	0.04885	0.01542	0.03354	0.01220	0.03689	0.00753	0.00215	0.02346	0.00592	0.00527	0.03169
7	0.01423	0.11867	0.01441	0.01004	0.01318	0.01161	0.00806	0.08256	0.08408	0.08241	0.20396	0.11122	0.13441	0.03227	0.00757	0.00213	0.00476	0.00981	0.00603	0.04860
8	0.07038	0.04372	0.01694	0.01391	0.03672	0.06992	0.04557	0.20396	0.09868	0.11706	0.04073	0.12673	0.04581	0.00981	0.00665	0.00207	0.00641	0.00815	0.00585	0.03094

[dist]
# distance from previous block
# <min> <max>
2	3

[block]
# block no. 1 follows, 33 sequences, length 9
# corresponding to MSA columns:
# 498-506
name=unknown_B
#
# <colnr> <probs for GDERKNQSTAVLIFYWHMCP>
#	G	D	E	R	K	N	Q	S	T	A	V	L	I	F	Y	W	H	M	C	P
0	0.28059	0.15000	0.06811	0.01165	0.01689	0.04831	0.02783	0.04039	0.01469	0.17946	0.01364	0.01416	0.00999	0.00641	0.00514	0.00180	0.00637	0.00456	0.00465	0.09534
1	0.01459	0.01520	0.01955	0.62199	0.04090	0.14398	0.01729	0.01850	0.01414	0.01669	0.01143	0.01654	0.00872	0.00662	0.00647	0.00211	0.00933	0.00556	0.00301	0.00737
2	0.00900	0.00635	0.00832	0.00914	0.00983	0.00617	0.00647	0.00966	0.01237	0.01617	0.03591	0.43737	0.15296	0.01983	0.01194	0.14588	0.03354	0.05861	0.00540	0.00506
3	0.67243	0.01255	0.01147	0.14095	0.01853	0.01474	0.00911	0.01890	0.01155	0.02728	0.00962	0.01191	0.00742	0.00619	0.00452	0.00206	0.00575	0.00397	0.00387	0.00716
4	0.15560	0.01132	0.01321	0.01253	0.04588	0.03016	0.04903	0.04651	0.13251	0.02352	0.07916	0.10192	0.08962	0.02934	0.06363	0.00289	0.03253	0.00855	0.06462	0.00747
5	0.00795	0.00600	0.00736	0.00845	0.00936	0.00541	0.00579	0.00925	0.01330	0.01709	0.04506	0.56202	0.24020	0.01948	0.00822	0.00254	0.00368	0.01732	0.00611	0.00541
6	0.03744	0.03653	0.01730	0.05889	0.08498	0.04009	0.01189	0.21796	0.23288	0.02876	0.09055	0.02361	0.01954	0.01050	0.03957	0.00246	0.00688	0.02497	0.00573	0.00948
7	0.12687	0.12160	0.10698	0.01284	0.01682	0.07513	0.05626	0.06215	0.01489	0.02145	0.04356	0.17281	0.05982	0.01032	0.00682	0.00209	0.03342	0.00841	0.04023	0.00753
8	0.01199	0.01019	0.03250	0.03689	0.07591	0.03491	0.02985	0.05642	0.01449	0.04362	0.04817	0.24998	0.14476	0.16517	0.01274	0.00311	0.00570	0.01188	0.00518	0.00653

[dist]
# distance from previous block
# <min> <max>
1	14

[block]
# block no. 2 follows, 33 sequences, length 13
# corresponding to MSA columns:
# 521-526,528-534
name=unknown_C
#
# <colnr> <probs for GDERKNQSTAVLIFYWHMCP>
#	G	D	E	R	K	N	Q	S	T	A	V	L	I	F	Y	W	H	M	C	P
0	0.15518	0.07136	0.13044	0.01444	0.01911	0.23339	0.01311	0.11468	0.04453	0.02347	0.01486	0.02115	0.01292	0.00825	0.00609	0.00203	0.00841	0.09398	0.00429	0.00832
1	0.01526	0.01196	0.04744	0.08301	0.10099	0.01132	0.01104	0.10831	0.05979	0.10422	0.11667	0.11879	0.07903	0.07244	0.00920	0.00247	0.00586	0.00925	0.00558	0.02734
2	0.01569	0.01483	0.07084	0.07203	0.15650	0.02849	0.04293	0.14530	0.10288	0.02588	0.09777	0.02629	0.06402	0.00877	0.00671	0.00205	0.00656	0.02918	0.07437	0.00888
3	0.00978	0.00764	0.01010	0.01224	0.10350	0.00740	0.00732	0.01119	0.01241	0.01629	0.03359	0.17779	0.18942	0.27373	0.06807	0.00430	0.00616	0.03857	0.00483	0.00567
4	0.01428	0.05790	0.32757	0.07058	0.10896	0.04960	0.10282	0.04488	0.01517	0.02058	0.01924	0.02124	0.10334	0.00758	0.00660	0.00206	0.00865	0.00655	0.00353	0.00889
5	0.01637	0.01414	0.01489	0.01340	0.01712	0.01637	0.01042	0.03498	0.71568	0.02754	0.02679	0.02456	0.02010	0.00893	0.00670	0.00223	0.00521	0.00744	0.00670	0.01042
6	0.11924	0.01184	0.01313	0.00961	0.01522	0.00957	0.00771	0.01694	0.01333	0.02252	0.01137	0.01326	0.00941	0.00504	0.00477	0.00111	0.00490	0.00386	0.00392	0.70326
7	0.01188	0.00791	0.01003	0.01028	0.01162	0.00805	0.00747	0.01546	0.10180	0.09071	0.05265	0.42752	0.03477	0.08719	0.01092	0.00292	0.03467	0.06146	0.00610	0.00660
8	0.01227	0.00745	0.00945	0.00939	0.01086	0.00697	0.00659	0.04314	0.01426	0.11544	0.08525	0.42202	0.03527	0.14449	0.01217	0.00307	0.00463	0.01384	0.00605	0.03740
9	0.15144	0.00797	0.00913	0.00950	0.01126	0.00806	0.00707	0.01426	0.04591	0.06443	0.10009	0.39454	0.06197	0.01571	0.00743	0.00246	0.00432	0.07205	0.00601	0.00641
10	0.01003	0.00858	0.01348	0.10914	0.01742	0.00855	0.10195	0.01258	0.02952	0.01752	0.05214	0.34047	0.12056	0.11373	0.01123	0.00295	0.00574	0.01325	0.00508	0.00608
11	0.01338	0.01066	0.01347	0.01215	0.01404	0.01244	0.00956	0.12687	0.09251	0.02225	0.10157	0.07090	0.02217	0.05764	0.26946	0.00542	0.12517	0.00811	0.00489	0.00737
12	0.01804	0.01573	0.01682	0.01717	0.11099	0.08301	0.01187	0.03203	0.51017	0.07490	0.02330	0.02215	0.01748	0.00827	0.00660	0.00213	0.00620	0.00688	0.00604	0.01022

[dist]
# distance from previous block
# <min> <max>
0	5

[block]
# block no. 3 follows, 33 sequences, length 13
# corresponding to MSA columns:
# 540-552
name=unknown_D
#
# <colnr> <probs for GDERKNQSTAVLIFYWHMCP>
#	G	D	E	R	K	N	Q	S	T	A	V	L	I	F	Y	W	H	M	C	P
0	0.01394	0.01114	0.01320	0.00969	0.01504	0.00854	0.00772	0.01686	0.01444	0.05574	0.08928	0.01790	0.01571	0.00596	0.00527	0.00114	0.00472	0.00489	0.00446	0.68435
1	0.01427	0.01414	0.01756	0.01546	0.01594	0.08303	0.01252	0.01560	0.01084	0.01545	0.01069	0.01720	0.01048	0.04552	0.12667	0.04394	0.51493	0.00595	0.00306	0.00671
2	0.00806	0.00591	0.00757	0.00878	0.00948	0.00542	0.00597	0.00938	0.01326	0.01747	0.07840	0.63129	0.13544	0.01970	0.00828	0.00258	0.00372	0.01770	0.00617	0.00542
3	0.02017	0.01603	0.01702	0.01416	0.01856	0.01815	0.01134	0.32913	0.41535	0.03366	0.02197	0.02072	0.01619	0.00848	0.00665	0.00212	0.00610	0.00678	0.00665	0.01076
4	0.01885	0.01336	0.01974	0.16686	0.20346	0.03165	0.01476	0.02192	0.01483	0.21985	0.01552	0.01795	0.01154	0.00861	0.02729	0.00233	0.12765	0.00594	0.00456	0.05334
5	0.01508	0.34943	0.43560	0.01556	0.02354	0.01988	0.01875	0.02036	0.01368	0.01856	0.01068	0.01247	0.00839	0.00599	0.00539	0.00180	0.00858	0.00429	0.00280	0.00918
6	0.01029	0.00693	0.00891	0.00837	0.01014	0.00630	0.00629	0.01311	0.01795	0.06674	0.57922	0.08851	0.12453	0.01386	0.00773	0.00212	0.00332	0.01217	0.00712	0.00639
7	0.00885	0.00618	0.00756	0.00833	0.00871	0.00595	0.00538	0.00963	0.01155	0.01525	0.03102	0.36656	0.07211	0.35041	0.01949	0.00431	0.00506	0.05371	0.00517	0.00480
8	0.01695	0.09082	0.24289	0.02422	0.20411	0.01682	0.13156	0.08216	0.01613	0.06950	0.01316	0.01559	0.00994	0.00642	0.00691	0.00202	0.03159	0.00571	0.00369	0.00980
9	0.01334	0.01270	0.01516	0.07493	0.12871	0.10323	0.01189	0.01683	0.06064	0.01842	0.02383	0.18326	0.05389	0.01599	0.07511	0.00313	0.06998	0.10711	0.00460	0.00724
10	0.01073	0.00856	0.00983	0.00934	0.01100	0.03754	0.00705	0.04734	0.01687	0.02302	0.36854	0.13556	0.14534	0.01593	0.04884	0.00264	0.04192	0.01163	0.04198	0.00634
11	0.01694	0.01375	0.01407	0.01221	0.01540	0.05092	0.00937	0.19153	0.30159	0.02785	0.09517	0.02722	0.02220	0.12654	0.01081	0.00274	0.00592	0.00765	0.03929	0.00886
12	0.08955	0.05983	0.03783	0.03779	0.16265	0.01578	0.08203	0.14598	0.11288	0.06550	0.01608	0.01855	0.01259	0.04527	0.00755	0.00218	0.00697	0.00608	0.03741	0.03747

[dist]
# distance from previous block
# <min> <max>
1	8

[block]
# block no. 4 follows, 33 sequences, length 22
# corresponding to MSA columns:
# 561-582
name=unknown_E
#
# <colnr> <probs for GDERKNQSTAVLIFYWHMCP>
#	G	D	E	R	K	N	Q	S	T	A	V	L	I	F	Y	W	H	M	C	P
0	0.01630	0.08806	0.05688	0.01734	0.07452	0.08372	0.15131	0.06343	0.05337	0.02185	0.01442	0.01650	0.02877	0.00619	0.00596	0.00164	0.00754	0.00550	0.02342	0.26326
1	0.01351	0.01528	0.08099	0.01958	0.02394	0.01389	0.33884	0.01740	0.01376	0.01945	0.03996	0.09157	0.01616	0.07998	0.01182	0.00264	0.11365	0.00835	0.02730	0.05193
2	0.09196	0.00760	0.00873	0.00870	0.01059	0.00719	0.00646	0.01292	0.01403	0.06797	0.11308	0.22964	0.18848	0.09897	0.01035	0.00278	0.00441	0.07314	0.00584	0.03716
3	0.00845	0.00613	0.00805	0.00934	0.01011	0.00573	0.00668	0.01001	0.01349	0.01781	0.07430	0.56836	0.10028	0.01957	0.00842	0.00266	0.00407	0.11488	0.00616	0.00551
4	0.01677	0.01392	0.02334	0.01808	0.02201	0.01438	0.26011	0.12581	0.04261	0.08963	0.03748	0.11485	0.01687	0.01051	0.01056	0.06562	0.09586	0.00849	0.00479	0.00832
5	0.00931	0.00720	0.00878	0.00913	0.01049	0.00707	0.00680	0.01207	0.05471	0.01894	0.13360	0.24166	0.22205	0.07977	0.03759	0.00309	0.02688	0.09907	0.00593	0.00587
6	0.01864	0.01513	0.01628	0.01236	0.01774	0.03656	0.01000	0.28717	0.07529	0.02958	0.01443	0.01529	0.01108	0.00643	0.00572	0.00149	0.00604	0.00498	0.00515	0.41064
7	0.00796	0.00596	0.00740	0.00856	0.00939	0.00540	0.00584	0.00923	0.01319	0.01704	0.04365	0.59451	0.20862	0.01967	0.00825	0.00256	0.00370	0.01755	0.00611	0.00540
8	0.02117	0.01556	0.01680	0.01303	0.01810	0.04188	0.01057	0.33825	0.09152	0.10900	0.03906	0.01773	0.01376	0.00737	0.00616	0.00174	0.00628	0.00575	0.00597	0.22030
9	0.07372	0.01866	0.01774	0.01590	0.05540	0.14708	0.01202	0.25772	0.24170	0.02947	0.01730	0.01748	0.01308	0.00798	0.00708	0.00205	0.04433	0.00594	0.00553	0.00981
10	0.01417	0.01154	0.01284	0.01203	0.01503	0.01264	0.00963	0.07708	0.36912	0.02563	0.08901	0.04140	0.11200	0.01217	0.00743	0.00237	0.00515	0.15562	0.00652	0.00860
11	0.01247	0.10715	0.09870	0.01171	0.01496	0.01135	0.03397	0.01529	0.01411	0.06697	0.08750	0.10646	0.14738	0.04401	0.08084	0.00322	0.05288	0.07905	0.00491	0.00707
12	0.01498	0.01505	0.02163	0.01808	0.03680	0.07411	0.18754	0.04746	0.10599	0.02002	0.01867	0.13529	0.03271	0.03101	0.01185	0.00252	0.20538	0.00869	0.00430	0.00791
13	0.01147	0.00767	0.01010	0.01084	0.01239	0.00761	0.00889	0.03670	0.01482	0.05208	0.03305	0.13624	0.06764	0.09470	0.03350	0.00339	0.00598	0.40988	0.03690	0.00616
14	0.01545	0.01910	0.22654	0.05392	0.06081	0.01456	0.07868	0.06791	0.08994	0.07610	0.05598	0.07287	0.01643	0.00879	0.00846	0.00222	0.09244	0.00723	0.02359	0.00897
15	0.01547	0.16668	0.40011	0.05204	0.06224	0.06574	0.04731	0.03872	0.05485	0.02030	0.01226	0.01425	0.00931	0.00633	0.00598	0.00194	0.00896	0.00496	0.00320	0.00932
16	0.10590	0.01240	0.01441	0.04786	0.01719	0.01238	0.00953	0.15610	0.06423	0.25306	0.03675	0.02118	0.03631	0.02835	0.00680	0.00200	0.00566	0.00622	0.04940	0.11427
17	0.00931	0.00660	0.00838	0.00874	0.01013	0.00603	0.00648	0.01147	0.01561	0.04168	0.28340	0.29175	0.17759	0.01676	0.00808	0.00239	0.00375	0.07935	0.00657	0.00593
18	0.01668	0.01704	0.10029	0.10752	0.33210	0.01548	0.09552	0.07073	0.07619	0.06211	0.01514	0.01879	0.01187	0.00679	0.00673	0.00208	0.00807	0.02297	0.00405	0.00983
19	0.04613	0.03535	0.12976	0.01696	0.06255	0.01292	0.12391	0.05144	0.01522	0.16584	0.01969	0.15640	0.01750	0.01221	0.05292	0.00275	0.05643	0.00848	0.00489	0.00866
20	0.01401	0.01094	0.01466	0.01233	0.01478	0.02992	0.10263	0.13443	0.04143	0.02168	0.03592	0.07494	0.03564	0.18871	0.08419	0.06672	0.00761	0.00829	0.09443	0.00675
21	0.16631	0.11233	0.11610	0.06811	0.12237	0.22029	0.01425	0.02183	0.01494	0.04428	0.01109	0.01321	0.00881	0.00629	0.00554	0.00183	0.00851	0.00452	0.00349	0.03590

[dist]
# distance from previous block
# <min> <max>
0	5

[block]
# block no. 5 follows, 33 sequences, length 71
# corresponding to MSA columns:
# 588-624,630-663
name=unknown_F
#
# <colnr> <probs for GDERKNQSTAVLIFYWHMCP>
#	G	D	E	R	K	N	Q	S	T	A	V	L	I	F	Y	W	H	M	C	P
0	0.33645	0.01642	0.01544	0.03413	0.04509	0.07209	0.01064	0.26701	0.09202	0.03192	0.01364	0.01446	0.01020	0.00710	0.00555	0.00201	0.00660	0.00502	0.00513	0.00910
1	0.00849	0.00638	0.00730	0.00760	0.00874	0.00580	0.00517	0.00980	0.01357	0.01744	0.13454	0.22104	0.30306	0.20458	0.01434	0.00335	0.00418	0.01369	0.00573	0.00520
2	0.07259	0.01479	0.01670	0.01306	0.01798	0.03441	0.01071	0.30560	0.04923	0.34632	0.03751	0.01948	0.01473	0.00805	0.00647	0.00201	0.00634	0.00625	0.00707	0.01071
3	0.06260	0.17509	0.23307	0.01979	0.14191	0.05651	0.03466	0.06545	0.03470	0.04172	0.01201	0.01414	0.00946	0.00670	0.00700	0.00196	0.06545	0.00499	0.00351	0.00927
4	0.00955	0.00649	0.00774	0.00774	0.00794	0.00669	0.00469	0.00993	0.00974	0.01318	0.02023	0.04024	0.02270	0.64989	0.15057	0.00708	0.00824	0.00916	0.00391	0.00430
5	0.01177	0.00741	0.00914	0.00842	0.01058	0.00673	0.00641	0.01483	0.03559	0.11225	0.41862	0.07015	0.20078	0.01337	0.00748	0.00210	0.00354	0.01153	0.04255	0.00677
6	0.64739	0.01320	0.01136	0.00969	0.01400	0.01487	0.00798	0.09631	0.01416	0.10299	0.01162	0.01246	0.00852	0.00652	0.00461	0.00203	0.00538	0.00414	0.00477	0.00800
7	0.01066	0.00826	0.01197	0.01187	0.01328	0.00841	0.05828	0.04876	0.01404	0.01876	0.02968	0.34192	0.03324	0.08672	0.05101	0.00348	0.03472	0.20341	0.00547	0.00609
8	0.01651	0.01570	0.02409	0.05789	0.38549	0.04273	0.09226	0.07462	0.01611	0.02266	0.01250	0.01572	0.01015	0.00584	0.00629	0.00177	0.00770	0.00559	0.00366	0.18271
9	0.08026	0.18488	0.43253	0.01771	0.07112	0.06797	0.01912	0.02082	0.01397	0.02015	0.01097	0.01296	0.00841	0.00612	0.00565	0.00190	0.00881	0.00450	0.00297	0.00915
10	0.01295	0.00988	0.01330	0.01187	0.01352	0.01164	0.03122	0.09554	0.01367	0.02044	0.01652	0.02271	0.01456	0.05553	0.32313	0.00589	0.14866	0.00662	0.16550	0.00683
11	0.03680	0.00852	0.00966	0.00908	0.01143	0.02572	0.00668	0.02709	0.01484	0.05228	0.14376	0.28714	0.15076	0.03383	0.00790	0.00221	0.00428	0.01227	0.00581	0.14995
12	0.01856	0.01659	0.01515	0.01322	0.01673	0.15010	0.01023	0.14872	0.30482	0.05277	0.08830	0.02541	0.04751	0.05233	0.00820	0.00230	0.00663	0.00733	0.00599	0.00912
13	0.00974	0.00636	0.00759	0.00781	0.00859	0.00636	0.00527	0.01120	0.01200	0.01742	0.06943	0.15683	0.06924	0.29090	0.12106	0.00483	0.00648	0.01040	0.17333	0.00517
14	0.01007	0.00659	0.00834	0.00900	0.01008	0.00624	0.00638	0.03255	0.01449	0.04737	0.12717	0.49468	0.06293	0.01718	0.00778	0.00242	0.00386	0.03328	0.09362	0.00598
15	0.04041	0.01329	0.01426	0.01256	0.01596	0.01489	0.00974	0.17650	0.38967	0.02875	0.07004	0.10602	0.02324	0.04436	0.00806	0.00239	0.00542	0.00862	0.00644	0.00937
16	0.00849	0.00652	0.00769	0.00795	0.00941	0.00578	0.00564	0.01021	0.01458	0.01905	0.18882	0.28613	0.29545	0.06640	0.00958	0.00257	0.00370	0.01445	0.00614	0.03145
17	0.01438	0.01511	0.02688	0.22767	0.05872	0.04270	0.29832	0.01897	0.03405	0.01889	0.01473	0.01927	0.03764	0.00888	0.03737	0.00259	0.10547	0.00697	0.00337	0.00804
18	0.01932	0.59070	0.03061	0.01266	0.01774	0.20180	0.01162	0.02133	0.01467	0.01564	0.00940	0.01088	0.00846	0.00591	0.00464	0.00148	0.00823	0.00370	0.00296	0.00825
19	0.04607	0.01144	0.01313	0.01001	0.01507	0.00945	0.00800	0.04225	0.03909	0.04259	0.01644	0.02064	0.03990	0.03486	0.00643	0.00149	0.00507	0.04267	0.00444	0.59097
20	0.12047	0.01426	0.01417	0.01170	0.01567	0.08188	0.00941	0.21555	0.04132	0.19501	0.01837	0.01872	0.01323	0.00916	0.03319	0.00221	0.00653	0.00577	0.16426	0.00914
21	0.01286	0.04516	0.47848	0.01554	0.02259	0.03503	0.01839	0.01916	0.03430	0.02084	0.07059	0.02022	0.03732	0.01125	0.07334	0.00280	0.00914	0.00601	0.05832	0.00865
22	0.01426	0.01259	0.05960	0.01356	0.04362	0.01154	0.05676	0.04344	0.22258	0.07454	0.05370	0.16369	0.09092	0.04143	0.00812	0.00234	0.00560	0.00983	0.00574	0.06614
23	0.01503	0.01242	0.01366	0.04070	0.01658	0.01386	0.00974	0.05305	0.47525	0.02658	0.09953	0.02848	0.04007	0.00948	0.00668	0.00213	0.00503	0.02802	0.05845	0.04526
24	0.01535	0.01478	0.03992	0.06381	0.11236	0.06649	0.08081	0.01910	0.03102	0.04906	0.01523	0.01737	0.04232	0.00612	0.00585	0.00152	0.00677	0.00536	0.00396	0.40278
25	0.01785	0.01577	0.04607	0.01509	0.04023	0.03667	0.06915	0.26485	0.06280	0.02839	0.04730	0.05934	0.01520	0.00907	0.02612	0.00207	0.03440	0.00661	0.00513	0.19790
26	0.73928	0.01287	0.01051	0.02980	0.01406	0.01483	0.00772	0.04571	0.01224	0.05059	0.00999	0.01143	0.00760	0.00625	0.00432	0.00204	0.00529	0.00381	0.00426	0.00741
27	0.09375	0.01074	0.01380	0.01249	0.01332	0.01356	0.00978	0.03444	0.01100	0.01737	0.01502	0.07655	0.01559	0.16607	0.15994	0.00492	0.31418	0.00748	0.00369	0.00630
28	0.01721	0.01931	0.02125	0.03439	0.02080	0.25099	0.14436	0.01946	0.01407	0.01681	0.01183	0.01804	0.01091	0.10799	0.01434	0.00273	0.22283	0.00607	0.00332	0.04329
29	0.01469	0.16920	0.31142	0.04247	0.14333	0.01684	0.07249	0.03999	0.01477	0.02051	0.04864	0.01722	0.02649	0.00776	0.02524	0.00216	0.00863	0.00566	0.00334	0.00914
30	0.04199	0.01435	0.02014	0.08527	0.34298	0.05535	0.01513	0.04127	0.06740	0.05967	0.03680	0.08413	0.01609	0.00838	0.00719	0.00208	0.03442	0.02418	0.00433	0.03886
31	0.16126	0.38965	0.09067	0.01235	0.01753	0.09069	0.03025	0.02042	0.04488	0.01940	0.01331	0.03629	0.03598	0.00688	0.00501	0.00174	0.00720	0.00485	0.00350	0.00815
32	0.01772	0.01534	0.04063	0.01844	0.15892	0.05125	0.01258	0.22558	0.10413	0.04441	0.11097	0.02635	0.05817	0.03796	0.00824	0.00224	0.02601	0.02627	0.00554	0.00926
33	0.00959	0.00702	0.00842	0.00816	0.00999	0.00639	0.00608	0.01257	0.04228	0.04522	0.39144	0.12869	0.26993	0.01492	0.00776	0.00219	0.00341	0.01294	0.00677	0.00622
34	0.01871	0.01323	0.01535	0.01133	0.01693	0.01168	0.00920	0.18316	0.01854	0.13129	0.01479	0.01546	0.01106	0.00608	0.00554	0.00137	0.00555	0.00479	0.00517	0.50076
35	0.00841	0.00639	0.00757	0.00787	0.00920	0.00574	0.00557	0.01018	0.01486	0.01942	0.23126	0.26182	0.29315	0.07608	0.00998	0.00264	0.00365	0.01442	0.00625	0.00555
36	0.01077	0.00598	0.00824	0.00824	0.00829	0.00604	0.00530	0.00903	0.00897	0.01202	0.01458	0.02739	0.01551	0.25401	0.06036	0.52527	0.00646	0.00697	0.00324	0.00334
37	0.03964	0.01481	0.01616	0.06918	0.01982	0.01690	0.01132	0.18219	0.47280	0.02974	0.02234	0.02142	0.01664	0.00834	0.00655	0.00213	0.00592	0.00679	0.00625	0.03106
38	0.01395	0.01352	0.02105	0.53862	0.19203	0.04727	0.01818	0.01862	0.03859	0.01819	0.01231	0.01727	0.00952	0.00652	0.00654	0.00212	0.00858	0.00584	0.00315	0.00812
39	0.08113	0.01835	0.03939	0.09641	0.02105	0.20361	0.03451	0.07979	0.04981	0.07400	0.01572	0.01866	0.04251	0.03869	0.02711	0.00250	0.13859	0.00594	0.00422	0.00802
40	0.81514	0.01273	0.00968	0.00866	0.01273	0.01477	0.00713	0.01935	0.01120	0.02954	0.00917	0.01069	0.00713	0.00611	0.00407	0.00204	0.00509	0.00356	0.00407	0.00713
41	0.01466	0.01400	0.02366	0.32754	0.42585	0.01540	0.01922	0.01868	0.01407	0.01941	0.01197	0.01673	0.00969	0.00636	0.00709	0.00209	0.03555	0.00586	0.00311	0.00905
42	0.01364	0.01518	0.11817	0.07723	0.20481	0.01314	0.03064	0.07352	0.03691	0.02230	0.11034	0.04483	0.12688	0.01042	0.02293	0.00232	0.05567	0.00811	0.00452	0.00843
43	0.01698	0.01498	0.01478	0.01372	0.03365	0.14703	0.02835	0.10730	0.13157	0.05991	0.02582	0.06917	0.07814	0.01216	0.02903	0.00243	0.00715	0.13394	0.03648	0.03739
44	0.00858	0.00647	0.00792	0.00826	0.00951	0.00603	0.00592	0.01037	0.01424	0.01876	0.19344	0.24237	0.24524	0.09206	0.07796	0.00350	0.00510	0.03281	0.00592	0.00554
45	0.01939	0.10188	0.01858	0.01399	0.01820	0.11451	0.01125	0.17082	0.40337	0.02757	0.02035	0.01951	0.01542	0.00807	0.00630	0.00202	0.00672	0.00627	0.00580	0.00999
46	0.02225	0.01192	0.01477	0.01137	0.01642	0.01054	0.00920	0.08355	0.06255	0.36835	0.02105	0.05254	0.01523	0.00769	0.00614	0.00173	0.00540	0.00629	0.00647	0.26654
47	0.03890	0.30922	0.21436	0.01568	0.04255	0.05365	0.05861	0.06069	0.03564	0.09422	0.01289	0.01406	0.00985	0.00635	0.00558	0.00181	0.00802	0.00482	0.00379	0.00930
48	0.01532	0.01519	0.06721	0.25243	0.34094	0.01490	0.04909	0.05815	0.01541	0.04126	0.01526	0.01979	0.03671	0.00695	0.00669	0.00209	0.00808	0.02174	0.00363	0.00915
49	0.00935	0.00700	0.01046	0.01052	0.01167	0.00811	0.00814	0.01165	0.01066	0.01534	0.01838	0.05535	0.01754	0.04823	0.71324	0.01026	0.01708	0.00752	0.00363	0.00586
50	0.01052	0.00755	0.01049	0.01196	0.01350	0.00752	0.01044	0.01351	0.01515	0.01964	0.03581	0.07393	0.05854	0.01814	0.00905	0.00301	0.00598	0.66314	0.00606	0.00605
51	0.01813	0.39339	0.15125	0.01564	0.05191	0.12350	0.04045	0.06762	0.04712	0.01927	0.01130	0.01283	0.00929	0.00621	0.00532	0.00170	0.00831	0.00446	0.00336	0.00893
52	0.00941	0.00688	0.00836	0.00900	0.01044	0.00642	0.00666	0.01188	0.04539	0.03897	0.08057	0.34329	0.24866	0.03571	0.00875	0.00261	0.00413	0.11075	0.00620	0.00592
53	0.00978	0.00699	0.00886	0.00872	0.01050	0.00641	0.00683	0.01256	0.01729	0.04262	0.44925	0.05577	0.19231	0.01480	0.00797	0.00227	0.00374	0.13031	0.00683	0.00619
54	0.01474	0.03076	0.61468	0.01898	0.02807	0.01495	0.08312	0.02178	0.01445	0.07865	0.01310	0.01493	0.00913	0.00635	0.00642	0.00209	0.00951	0.00526	0.00326	0.00977
55	0.01951	0.04387	0.04420	0.01316	0.03931	0.07277	0.01051	0.12160	0.14802	0.19557	0.12907	0.02776	0.08701	0.00947	0.00674	0.00203	0.00599	0.00772	0.00637	0.00931
56	0.01080	0.00701	0.00826	0.00814	0.00867	0.00704	0.00512	0.03523	0.01120	0.04321	0.02251	0.10739	0.02507	0.58484	0.06194	0.00580	0.00667	0.03179	0.00449	0.00481
57	0.01604	0.01587	0.04850	0.11566	0.54667	0.01547	0.08576	0.02024	0.01491	0.03902	0.01273	0.01665	0.01029	0.00598	0.00664	0.00201	0.00824	0.00604	0.00334	0.00994
58	0.01365	0.01170	0.01365	0.00975	0.01560	0.00878	0.00780	0.01658	0.01365	0.02145	0.01170	0.01365	0.00975	0.00488	0.00488	0.00098	0.00488	0.00390	0.00390	0.80888
59	0.01755	0.74381	0.03375	0.01135	0.01691	0.02568	0.01123	0.02029	0.04004	0.01595	0.00982	0.01109	0.00889	0.00576	0.00432	0.00144	0.00697	0.00367	0.00296	0.00852
60	0.01096	0.00722	0.00907	0.00939	0.01122	0.00667	0.00748	0.01324	0.01530	0.07999	0.12528	0.14597	0.23059	0.04282	0.00900	0.00264	0.00456	0.23323	0.02914	0.00622
61	0.00933	0.00693	0.00984	0.00984	0.01091	0.00779	0.00741	0.01129	0.01072	0.01508	0.02121	0.03074	0.06273	0.15112	0.59332	0.00944	0.01510	0.00785	0.00376	0.00558
62	0.01047	0.00948	0.03215	0.01303	0.01550	0.00855	0.15644	0.01350	0.01522	0.02109	0.25670	0.23912	0.05552	0.03795	0.04479	0.00283	0.00606	0.02799	0.02710	0.00652
63	0.16082	0.01159	0.01319	0.01094	0.01522	0.01128	0.00887	0.06698	0.09076	0.26640	0.02325	0.06352	0.04816	0.00907	0.00622	0.00200	0.00530	0.05106	0.00620	0.12917
64	0.00883	0.00603	0.00784	0.00903	0.00977	0.00553	0.00615	0.01008	0.01307	0.04446	0.03871	0.67059	0.10583	0.01978	0.00828	0.00261	0.00384	0.01780	0.00619	0.00559
65	0.01855	0.01060	0.01130	0.00972	0.01259	0.05181	0.00754	0.10120	0.03569	0.20245	0.02118	0.02406	0.01631	0.08193	0.04140	0.00261	0.00573	0.00653	0.33080	0.00799
66	0.01791	0.73963	0.03379	0.01152	0.01705	0.05790	0.01133	0.02001	0.01361	0.01552	0.00920	0.01062	0.00845	0.00568	0.00430	0.00142	0.00726	0.00355	0.00284	0.00841
67	0.59851	0.01289	0.01148	0.00978	0.01409	0.01434	0.00804	0.06485	0.04505	0.14823	0.01319	0.01360	0.00950	0.00669	0.00477	0.00204	0.00532	0.00440	0.00503	0.00821
68	0.01719	0.64973	0.03158	0.05874	0.01849	0.04632	0.01160	0.01945	0.01344	0.01594	0.00979	0.01168	0.00879	0.00598	0.00497	0.00152	0.03004	0.00386	0.03266	0.00823
69	0.01591	0.01357	0.01475	0.01382	0.03831	0.01543	0.01046	0.05652	0.59369	0.02716	0.05029	0.02813	0.04865	0.00959	0.00685	0.00224	0.00526	0.03285	0.00656	0.00996
70	0.02156	0.21634	0.02213	0.01465	0.01850	0.38708	0.01185	0.11229	0.01791	0.01893	0.01070	0.01274	0.00906	0.00799	0.00755	0.06237	0.03237	0.00444	0.00361	0.00794

[dist]
# distance from previous block
# <min> <max>
0	2

[block]
# block no. 6 follows, 33 sequences, length 27
# corresponding to MSA columns:
# 666-692
name=unknown_G
#
# <colnr> <probs for GDERKNQSTAVLIFYWHMCP>
#	G	D	E	R	K	N	Q	S	T	A	V	L	I	F	Y	W	H	M	C	P
0	0.02195	0.04506	0.09348	0.01449	0.01982	0.01859	0.01289	0.51414	0.06156	0.03620	0.01622	0.01665	0.01176	0.00768	0.00630	0.00194	0.00702	0.00583	0.07798	0.01045
1	0.08878	0.01548	0.01639	0.01381	0.03792	0.05223	0.01073	0.30930	0.11316	0.13712	0.01872	0.05281	0.01450	0.03566	0.00732	0.00214	0.00648	0.00655	0.00610	0.05481
2	0.01741	0.01714	0.07740	0.09215	0.37569	0.04883	0.04311	0.08151	0.01635	0.06584	0.01319	0.01615	0.01034	0.00639	0.00683	0.00194	0.02901	0.00568	0.00384	0.07117
3	0.01608	0.01542	0.02633	0.08041	0.68927	0.01558	0.02010	0.02001	0.01489	0.02124	0.01234	0.01636	0.01034	0.00591	0.00652	0.00197	0.00787	0.00586	0.00324	0.01025
4	0.01287	0.01214	0.02053	0.67291	0.12187	0.01474	0.01850	0.01720	0.01337	0.01735	0.01178	0.01741	0.00896	0.00650	0.00657	0.00217	0.00867	0.00585	0.00296	0.00766
5	0.01231	0.02532	0.03626	0.00885	0.01160	0.03364	0.00715	0.01461	0.01621	0.12374	0.19366	0.10286	0.36080	0.01407	0.00746	0.00216	0.00427	0.01188	0.00636	0.00679
6	0.01648	0.01418	0.02004	0.03388	0.03827	0.04116	0.16438	0.18949	0.06665	0.04641	0.10827	0.07411	0.08143	0.01016	0.00774	0.00220	0.02835	0.04276	0.00550	0.00857
7	0.01663	0.01641	0.02600	0.06527	0.66157	0.05762	0.01970	0.02043	0.01513	0.02102	0.01223	0.01608	0.01025	0.00595	0.00649	0.00195	0.00809	0.00577	0.00325	0.01015
8	0.02421	0.01540	0.01733	0.01357	0.01837	0.01638	0.01111	0.43231	0.08571	0.20430	0.05508	0.02007	0.01591	0.00832	0.00661	0.00200	0.00635	0.00653	0.02969	0.01074
9	0.01029	0.00840	0.01024	0.00980	0.01147	0.04790	0.03246	0.01298	0.01666	0.02270	0.41650	0.16494	0.08423	0.01555	0.03424	0.00251	0.00473	0.05473	0.03348	0.00619
10	0.01558	0.25310	0.25619	0.08528	0.02392	0.03816	0.06144	0.05683	0.03480	0.02036	0.01262	0.01487	0.00985	0.00637	0.00562	0.00183	0.00805	0.00498	0.08142	0.00874
11	0.01542	0.01548	0.01959	0.54109	0.05814	0.13205	0.01679	0.06162	0.04146	0.01876	0.01229	0.01676	0.00935	0.00676	0.00648	0.00210	0.00902	0.00566	0.00338	0.00781
12	0.01950	0.01532	0.01625	0.01363	0.01782	0.01732	0.01088	0.29544	0.40520	0.03280	0.02218	0.02114	0.01642	0.00845	0.00653	0.00209	0.00587	0.00677	0.05593	0.01046
13	0.01563	0.01749	0.15752	0.02268	0.19871	0.03150	0.14232	0.03929	0.01570	0.08333	0.03748	0.05812	0.05201	0.00841	0.00693	0.00212	0.00779	0.04715	0.04686	0.00895
14	0.01609	0.01742	0.08263	0.09027	0.15644	0.12788	0.03643	0.03968	0.14771	0.04180	0.03877	0.05171	0.07532	0.00900	0.00681	0.00211	0.00754	0.03902	0.00465	0.00872
15	0.00949	0.00694	0.00920	0.00916	0.00987	0.00672	0.04052	0.01045	0.01149	0.01515	0.02834	0.21913	0.07258	0.42962	0.02217	0.00469	0.00579	0.07902	0.00480	0.00486
16	0.01002	0.00737	0.00870	0.00911	0.00983	0.02367	0.00635	0.01181	0.03670	0.01650	0.08054	0.17949	0.03204	0.35963	0.05940	0.00476	0.00629	0.12756	0.00505	0.00518
17	0.01664	0.23789	0.31998	0.03452	0.07822	0.11028	0.04843	0.04669	0.01513	0.01949	0.01112	0.01321	0.00874	0.00615	0.00575	0.00184	0.00904	0.00468	0.00307	0.00912
18	0.01498	0.03860	0.13891	0.03927	0.14211	0.01429	0.20142	0.06223	0.03303	0.04816	0.05143	0.05496	0.01548	0.02853	0.08397	0.00308	0.00939	0.00734	0.00404	0.00878
19	0.01195	0.00617	0.00617	0.00617	0.00776	0.00609	0.00463	0.01492	0.01389	0.02406	0.02471	0.02732	0.06751	0.00831	0.00483	0.00158	0.00309	0.00669	0.74804	0.00609
20	0.00861	0.00632	0.00818	0.00889	0.00990	0.00616	0.00638	0.01032	0.01304	0.01755	0.08519	0.37576	0.15461	0.04743	0.16040	0.00427	0.00665	0.03332	0.03146	0.00556
21	0.01617	0.08723	0.35879	0.04640	0.13071	0.07858	0.03210	0.07736	0.05380	0.02190	0.01263	0.01476	0.00960	0.00659	0.00656	0.00200	0.02663	0.00519	0.00345	0.00955
22	0.01284	0.01166	0.01921	0.38453	0.09916	0.01357	0.06167	0.01628	0.01323	0.03174	0.04212	0.02264	0.05596	0.03678	0.05710	0.01992	0.08382	0.00690	0.00351	0.00734
23	0.01365	0.01336	0.01940	0.04930	0.01831	0.01813	0.03602	0.01548	0.01047	0.01598	0.01019	0.01626	0.00979	0.01643	0.12181	0.00391	0.59544	0.00601	0.00299	0.00707
24	0.07413	0.01665	0.04447	0.11660	0.20043	0.07067	0.17610	0.08637	0.03643	0.04758	0.01469	0.05945	0.01213	0.00719	0.00672	0.00209	0.00844	0.00681	0.00404	0.00901
25	0.01900	0.01907	0.14662	0.05111	0.30968	0.03613	0.06476	0.12528	0.01783	0.12447	0.01470	0.01669	0.01087	0.00659	0.00657	0.00201	0.00812	0.00589	0.00437	0.01024
26	0.02177	0.01613	0.01739	0.01376	0.01824	0.01765	0.01116	0.55792	0.05085	0.03692	0.05155	0.05539	0.05574	0.03505	0.00770	0.00218	0.00659	0.00740	0.00648	0.01012

[dist]
# distance from previous block
# <min> <max>
0	4

[block]
# block no. 7 follows, 33 sequences, length 26
# corresponding to MSA columns:
# 697-722
name=unknown_H
#
# <colnr> <probs for GDERKNQSTAVLIFYWHMCP>
#	G	D	E	R	K	N	Q	S	T	A	V	L	I	F	Y	W	H	M	C	P
0	0.06381	0.11705	0.09497	0.01979	0.12417	0.25844	0.06027	0.14413	0.01856	0.02287	0.01169	0.01358	0.00925	0.00653	0.00598	0.00184	0.00922	0.00495	0.00384	0.00904
1	0.02197	0.01599	0.01878	0.01741	0.11297	0.01721	0.01251	0.41724	0.11194	0.09858	0.05160	0.02050	0.03609	0.00830	0.00668	0.00202	0.00661	0.00668	0.00632	0.01060
2	0.16048	0.01263	0.03347	0.03137	0.03779	0.02886	0.00921	0.15490	0.04202	0.12595	0.01764	0.02183	0.01423	0.12280	0.03999	0.00295	0.00647	0.00621	0.12303	0.00815
3	0.00841	0.00615	0.00783	0.00870	0.00958	0.00568	0.00608	0.01003	0.01407	0.01874	0.17260	0.47310	0.13809	0.04984	0.00927	0.00267	0.00381	0.04358	0.00624	0.00552
4	0.00836	0.00628	0.00758	0.00821	0.00933	0.00571	0.00577	0.00991	0.01401	0.01820	0.14072	0.36037	0.25270	0.08403	0.01035	0.00279	0.00388	0.04025	0.00608	0.00544
5	0.46965	0.01179	0.01173	0.00978	0.01409	0.01232	0.00803	0.02372	0.01454	0.29382	0.05965	0.01748	0.01398	0.00733	0.00526	0.00204	0.00516	0.00523	0.00580	0.00861
6	0.01804	0.01108	0.01353	0.01057	0.01502	0.00979	0.00846	0.08969	0.04055	0.21455	0.19431	0.02543	0.02505	0.00833	0.00629	0.00167	0.00488	0.00694	0.00623	0.28959
7	0.00863	0.00670	0.00785	0.00756	0.00942	0.00592	0.00567	0.01110	0.01702	0.02257	0.43157	0.05549	0.35703	0.01489	0.00777	0.00214	0.00321	0.01279	0.00674	0.00592
8	0.01378	0.01886	0.29155	0.01334	0.01870	0.01151	0.01415	0.06970	0.05058	0.07636	0.31222	0.02993	0.03221	0.00966	0.00696	0.00207	0.00626	0.00814	0.00551	0.00850
9	0.76305	0.01263	0.01005	0.00886	0.01300	0.01443	0.00730	0.02020	0.01171	0.07612	0.01028	0.01147	0.00774	0.00625	0.00424	0.00204	0.00513	0.00377	0.00434	0.00740
10	0.69695	0.01250	0.01052	0.00912	0.01334	0.01400	0.00751	0.02127	0.01235	0.13524	0.01169	0.01246	0.00851	0.00642	0.00446	0.00204	0.00517	0.00402	0.00469	0.00774
11	0.06925	0.00948	0.01186	0.01120	0.01293	0.05750	0.03773	0.01343	0.01149	0.01656	0.01862	0.02623	0.04543	0.08878	0.52957	0.00838	0.01469	0.00710	0.00369	0.00607
12	0.01953	0.20059	0.02049	0.01422	0.04463	0.28257	0.01108	0.12208	0.01824	0.02098	0.03884	0.04894	0.06017	0.00814	0.00584	0.00175	0.00809	0.00599	0.05973	0.00808
13	0.01160	0.01070	0.04901	0.01315	0.05467	0.00914	0.06546	0.01577	0.08267	0.03851	0.05226	0.27561	0.13606	0.01329	0.00734	0.00219	0.00524	0.03331	0.00539	0.11862
14	0.03830	0.07110	0.07530	0.07501	0.18069	0.08660	0.08953	0.04668	0.01430	0.01920	0.01373	0.04801	0.01272	0.11429	0.01170	0.00269	0.08195	0.00662	0.00352	0.00808
15	0.04120	0.01475	0.09244	0.01745	0.14620	0.03706	0.01271	0.07088	0.01744	0.30698	0.05205	0.10607	0.03674	0.00928	0.00675	0.00209	0.00640	0.00788	0.00599	0.00965
16	0.01240	0.01069	0.01727	0.61707	0.03849	0.01308	0.01580	0.01655	0.01328	0.01822	0.01348	0.01882	0.01025	0.00678	0.00622	0.00207	0.00774	0.00590	0.14877	0.00710
17	0.01688	0.05364	0.26268	0.05462	0.14703	0.01581	0.06532	0.09823	0.09376	0.08103	0.01586	0.03886	0.01214	0.00718	0.00651	0.00207	0.00805	0.00618	0.00429	0.00985
18	0.01459	0.07277	0.26141	0.05765	0.19540	0.01477	0.11140	0.01951	0.01458	0.05065	0.03451	0.07437	0.03393	0.00769	0.00666	0.00208	0.00825	0.00702	0.00367	0.00910
19	0.01851	0.01275	0.01369	0.01124	0.01457	0.01394	0.00902	0.36441	0.02222	0.03199	0.02011	0.02219	0.04637	0.03796	0.00760	0.00203	0.03718	0.00650	0.29910	0.00863
20	0.01068	0.00785	0.00870	0.00816	0.01052	0.00715	0.00620	0.07151	0.01700	0.05813	0.16984	0.11500	0.45455	0.01526	0.00767	0.00220	0.00379	0.01290	0.00645	0.00643
21	0.01635	0.11409	0.15061	0.09436	0.27061	0.07045	0.13331	0.02081	0.01488	0.03601	0.01212	0.01534	0.00958	0.00604	0.00636	0.00196	0.00894	0.00562	0.00322	0.00932
22	0.04052	0.03973	0.04923	0.01370	0.01599	0.04508	0.03962	0.04397	0.03382	0.07818	0.01693	0.02257	0.04228	0.09356	0.17611	0.00458	0.22602	0.00672	0.00404	0.00736
23	0.01092	0.00699	0.00872	0.00897	0.01068	0.00631	0.00673	0.01279	0.01489	0.09970	0.11625	0.29077	0.23764	0.03926	0.00879	0.00256	0.00417	0.10124	0.00639	0.00622
24	0.04675	0.01331	0.09652	0.13826	0.17631	0.01158	0.01380	0.01810	0.04714	0.09178	0.02248	0.23581	0.03879	0.01098	0.00700	0.00225	0.00645	0.00975	0.00474	0.00818
25	0.07486	0.11442	0.10295	0.04157	0.19857	0.03098	0.07000	0.06804	0.08303	0.09462	0.04727	0.01783	0.01352	0.00692	0.00620	0.00197	0.00738	0.00591	0.00443	0.00953

[dist]
# distance from previous block
# <min> <max>
0	3

[block]
# block no. 8 follows, 33 sequences, length 15
# corresponding to MSA columns:
# 726-740
name=unknown_I
#
# <colnr> <probs for GDERKNQSTAVLIFYWHMCP>
#	G	D	E	R	K	N	Q	S	T	A	V	L	I	F	Y	W	H	M	C	P
0	0.11582	0.18705	0.10949	0.02018	0.18407	0.10806	0.04055	0.04515	0.01470	0.02055	0.01181	0.01562	0.01013	0.02530	0.02881	0.00225	0.02890	0.01949	0.00342	0.00865
1	0.01564	0.08683	0.08460	0.01339	0.03553	0.06248	0.03625	0.05915	0.09417	0.05242	0.06026	0.04390	0.03968	0.00959	0.03558	0.00213	0.03507	0.00640	0.04797	0.17896
2	0.00925	0.00664	0.00815	0.00857	0.00971	0.00638	0.00606	0.03360	0.01416	0.01924	0.13336	0.35229	0.15684	0.07671	0.07054	0.00335	0.00504	0.01399	0.06044	0.00569
3	0.17695	0.06558	0.05098	0.01169	0.01579	0.03431	0.00987	0.19751	0.04513	0.11781	0.05370	0.08578	0.03958	0.05762	0.00788	0.00232	0.00609	0.00724	0.00557	0.00861
4	0.81514	0.01273	0.00968	0.00866	0.01273	0.01477	0.00713	0.01935	0.01120	0.02954	0.00917	0.01069	0.00713	0.00611	0.00407	0.00204	0.00509	0.00356	0.00407	0.00713
5	0.00960	0.00679	0.00920	0.00906	0.01015	0.00722	0.00669	0.01178	0.01277	0.01842	0.20762	0.03511	0.03005	0.16606	0.36935	0.00695	0.01075	0.00874	0.05806	0.00565
6	0.01389	0.00790	0.00993	0.00912	0.01144	0.00718	0.00695	0.03238	0.01668	0.18260	0.24681	0.13594	0.17750	0.06731	0.00945	0.00252	0.00428	0.04428	0.00678	0.00706
7	0.00813	0.00638	0.00700	0.00739	0.00878	0.00564	0.00512	0.00940	0.01351	0.01672	0.05145	0.23978	0.43657	0.13960	0.01211	0.00301	0.00395	0.01443	0.00577	0.00525
8	0.01788	0.37020	0.24552	0.01488	0.02175	0.02003	0.05907	0.06292	0.01533	0.09762	0.01248	0.01365	0.00954	0.00623	0.00547	0.00177	0.00797	0.00469	0.00365	0.00933
9	0.76276	0.01263	0.01005	0.00886	0.01300	0.01443	0.00730	0.02020	0.01171	0.07638	0.01029	0.01148	0.00774	0.00625	0.00424	0.00204	0.00513	0.00377	0.00435	0.00740
10	0.00842	0.00602	0.00740	0.00833	0.00882	0.00566	0.00540	0.00931	0.01206	0.01581	0.03560	0.48441	0.11830	0.22498	0.01520	0.00364	0.00446	0.01565	0.00553	0.00500
11	0.01485	0.01434	0.01897	0.01640	0.01725	0.01930	0.01350	0.02018	0.17012	0.01850	0.01276	0.01671	0.01124	0.01093	0.01822	0.00273	0.58617	0.00614	0.00375	0.00793
12	0.01927	0.22219	0.02313	0.10902	0.06521	0.24447	0.02712	0.06398	0.05620	0.04088	0.02906	0.01741	0.01217	0.00724	0.00591	0.00183	0.00863	0.03399	0.00390	0.00839
13	0.23122	0.02222	0.01501	0.01369	0.01682	0.41444	0.01053	0.02209	0.01530	0.01991	0.01106	0.01360	0.00928	0.01116	0.08065	0.00273	0.04215	0.00449	0.03640	0.00724
14	0.60253	0.01454	0.01174	0.01030	0.01440	0.05939	0.00834	0.08322	0.09627	0.02956	0.01190	0.01286	0.00910	0.00664	0.00472	0.00203	0.00571	0.00427	0.00457	0.00791

[dist]
# distance from previous block
# <min> <max>
0	1

[block]
# block no. 9 follows, 33 sequences, length 9
# corresponding to MSA columns:
# 742-750
name=unknown_J
#
# <colnr> <probs for GDERKNQSTAVLIFYWHMCP>
#	G	D	E	R	K	N	Q	S	T	A	V	L	I	F	Y	W	H	M	C	P
0	0.01749	0.19774	0.24886	0.01486	0.02098	0.01849	0.01540	0.17329	0.08234	0.04988	0.01520	0.05678	0.01235	0.00782	0.00669	0.00198	0.04004	0.00590	0.00438	0.00952
1	0.01738	0.00975	0.01209	0.01030	0.01328	0.00948	0.00798	0.06897	0.10239	0.23903	0.31105	0.03523	0.03594	0.08560	0.00975	0.00250	0.00472	0.00913	0.00708	0.00835
2	0.01601	0.01805	0.18090	0.01784	0.06509	0.01425	0.12482	0.06471	0.18914	0.08233	0.01939	0.06367	0.01541	0.01093	0.05793	0.00273	0.00820	0.00725	0.03196	0.00937
3	0.04221	0.05577	0.19574	0.04814	0.11141	0.20986	0.03956	0.04756	0.06125	0.04029	0.01355	0.01709	0.01105	0.06890	0.00839	0.00230	0.00904	0.00551	0.00372	0.00867
4	0.00922	0.01030	0.10639	0.00979	0.01242	0.00720	0.00874	0.01205	0.01516	0.02006	0.19045	0.19949	0.26696	0.01556	0.00785	0.00236	0.00456	0.08927	0.00590	0.00628
5	0.01646	0.17585	0.04658	0.01861	0.16175	0.04522	0.04238	0.09570	0.06741	0.02205	0.01470	0.04159	0.01277	0.00955	0.04944	0.00227	0.00768	0.02556	0.00407	0.14036
6	0.06747	0.01073	0.05887	0.00978	0.01246	0.00960	0.00785	0.07055	0.07354	0.06211	0.05142	0.11146	0.11177	0.19362	0.03557	0.00338	0.00573	0.00932	0.06187	0.03292
7	0.01927	0.15778	0.23125	0.01744	0.07310	0.08738	0.03777	0.13741	0.05697	0.09926	0.01428	0.01523	0.01056	0.00677	0.00605	0.00191	0.00825	0.00524	0.00432	0.00976
8	0.01768	0.06622	0.10646	0.02222	0.11368	0.03782	0.26392	0.06113	0.07201	0.10128	0.01578	0.03524	0.01209	0.00674	0.00679	0.00204	0.00860	0.00669	0.00430	0.03929

[dist]
# distance from previous block
# <min> <max>
5	15

[block]
# block no. 10 follows, 33 sequences, length 36
# corresponding to MSA columns:
# 766-801
name=unknown_K
#
# <colnr> <probs for GDERKNQSTAVLIFYWHMCP>
#	G	D	E	R	K	N	Q	S	T	A	V	L	I	F	Y	W	H	M	C	P
0	0.01701	0.39967	0.28370	0.01517	0.04230	0.04621	0.01624	0.04459	0.01464	0.04978	0.01120	0.01267	0.00891	0.00609	0.00527	0.00172	0.00814	0.00432	0.00320	0.00915
1	0.01476	0.01387	0.02352	0.06392	0.55280	0.01391	0.03996	0.01821	0.01438	0.02029	0.01576	0.11063	0.01511	0.04446	0.00810	0.00228	0.00740	0.00770	0.00364	0.00931
2	0.00976	0.00733	0.00922	0.00911	0.01089	0.00651	0.00667	0.01174	0.01411	0.01960	0.17634	0.30088	0.06265	0.09441	0.01032	0.00265	0.00436	0.08584	0.00572	0.15189
3	0.01351	0.01264	0.02099	0.45956	0.24964	0.01454	0.01782	0.01751	0.01370	0.01850	0.01402	0.01887	0.03427	0.00692	0.00707	0.00212	0.03457	0.00614	0.02944	0.00816
4	0.01022	0.00743	0.00893	0.00884	0.01060	0.00699	0.00670	0.05276	0.01643	0.03658	0.24796	0.16175	0.23779	0.06366	0.00957	0.00259	0.00415	0.09455	0.00638	0.00614
5	0.01303	0.00890	0.01076	0.01036	0.01254	0.00885	0.00814	0.13311	0.01795	0.06268	0.14328	0.22264	0.12193	0.01506	0.00779	0.00239	0.00476	0.14749	0.04133	0.00702
6	0.01335	0.01567	0.14013	0.01429	0.01855	0.02720	0.08829	0.04423	0.03396	0.02007	0.03454	0.06755	0.01740	0.11729	0.01198	0.00266	0.08274	0.06467	0.00412	0.18132
7	0.81514	0.01273	0.00968	0.00866	0.01273	0.01477	0.00713	0.01935	0.01120	0.02954	0.00917	0.01069	0.00713	0.00611	0.00407	0.00204	0.00509	0.00356	0.00407	0.00713
8	0.02029	0.01009	0.01167	0.00964	0.01304	0.00996	0.00774	0.14988	0.01866	0.25872	0.02188	0.02221	0.01562	0.00787	0.00563	0.00178	0.00468	0.00626	0.39565	0.00874
9	0.01070	0.00617	0.00910	0.00910	0.00946	0.00653	0.00637	0.00961	0.00925	0.01269	0.01392	0.02327	0.01376	0.07843	0.24494	0.51395	0.00940	0.00637	0.00313	0.00385
10	0.02134	0.05646	0.01822	0.01596	0.04054	0.40619	0.01194	0.11526	0.14648	0.02172	0.01593	0.07142	0.01365	0.00829	0.00629	0.00190	0.00911	0.00615	0.00459	0.00856
11	0.01365	0.01170	0.01365	0.00975	0.01560	0.00878	0.00780	0.01658	0.01365	0.02145	0.01170	0.01365	0.00975	0.00488	0.00488	0.00098	0.00488	0.00390	0.00390	0.80888
12	0.04152	0.01138	0.03539	0.03664	0.01683	0.01104	0.05271	0.05492	0.04688	0.23188	0.08432	0.20835	0.02497	0.01169	0.00857	0.00228	0.07880	0.00987	0.00607	0.02589
13	0.01359	0.01133	0.01223	0.01135	0.01393	0.07297	0.02965	0.02020	0.20010	0.06509	0.17334	0.14241	0.13264	0.01295	0.00745	0.00226	0.00516	0.05946	0.00629	0.00760
