[name]
unknown

[dist]
# distance from previous block
# <min> <max>
14	100

[block]
# block no. 0 follows, 32 sequences, length 19
# corresponding to MSA columns:
# 124-142
name=unknown_A
#
# <colnr> <probs for GDERKNQSTAVLIFYWHMCP>
#	G	D	E	R	K	N	Q	S	T	A	V	L	I	F	Y	W	H	M	C	P
0	0.06044	0.08913	0.39992	0.01746	0.05765	0.04842	0.01863	0.08236	0.05370	0.05171	0.04861	0.01662	0.01251	0.00706	0.00622	0.00204	0.00845	0.00546	0.00397	0.00965
1	0.04762	0.16796	0.42847	0.01829	0.08058	0.01744	0.01954	0.05179	0.01504	0.05298	0.01229	0.01406	0.00918	0.00634	0.00591	0.00194	0.00861	0.00483	0.00338	0.03376
2	0.01530	0.17594	0.35455	0.03810	0.02679	0.04012	0.15243	0.04015	0.01528	0.02085	0.04991	0.01628	0.01190	0.00658	0.00635	0.00200	0.00925	0.00569	0.00333	0.00920
3	0.05924	0.07330	0.23067	0.01529	0.02084	0.07112	0.07776	0.03993	0.09639	0.04260	0.10917	0.06894	0.04845	0.00901	0.00670	0.00211	0.00753	0.00758	0.00467	0.00868
4	0.05443	0.43006	0.06334	0.01377	0.01914	0.16714	0.04532	0.02225	0.05337	0.01812	0.01102	0.01253	0.00936	0.00617	0.00511	0.00162	0.00820	0.00426	0.00335	0.05147
5	0.01551	0.05324	0.01442	0.01086	0.01447	0.03343	0.00853	0.01876	0.05926	0.10699	0.06462	0.02486	0.01817	0.13975	0.03399	0.00278	0.06409	0.02020	0.00482	0.29126
6	0.01026	0.00734	0.00967	0.00972	0.01088	0.00752	0.00716	0.01229	0.03273	0.01708	0.07984	0.09697	0.02733	0.21995	0.22668	0.05621	0.00913	0.10607	0.00468	0.04848
7	0.06624	0.05137	0.18170	0.02519	0.24576	0.09020	0.09782	0.07142	0.01624	0.02264	0.01383	0.06174	0.01178	0.00723	0.00655	0.00206	0.00872	0.00639	0.00370	0.00944
8	0.01559	0.05456	0.10914	0.02303	0.17080	0.03460	0.18441	0.04557	0.03096	0.05007	0.06588	0.09103	0.01877	0.00896	0.00768	0.00221	0.03079	0.04268	0.00435	0.00892
9	0.00826	0.00592	0.00797	0.00943	0.00987	0.00563	0.00636	0.00951	0.01272	0.01703	0.03579	0.71383	0.04265	0.02286	0.05427	0.00323	0.00478	0.01833	0.00606	0.00548
10	0.01042	0.00720	0.00977	0.01093	0.04882	0.00670	0.00745	0.01261	0.01563	0.06010	0.25481	0.36040	0.09357	0.01674	0.00815	0.00244	0.00409	0.05720	0.00655	0.00640
11	0.02059	0.05211	0.08017	0.01890	0.12218	0.06544	0.03329	0.29767	0.08817	0.06440	0.05558	0.03915	0.01561	0.00815	0.00669	0.00204	0.00749	0.00665	0.00553	0.01022
12	0.13140	0.06504	0.05621	0.01520	0.08236	0.01637	0.01162	0.09683	0.31616	0.04540	0.01971	0.01970	0.01492	0.00779	0.00604	0.00207	0.00596	0.00617	0.07132	0.00971
13	0.00935	0.00632	0.00766	0.00814	0.00848	0.00622	0.00511	0.01015	0.01148	0.01575	0.06100	0.27662	0.03218	0.41498	0.05466	0.00500	0.00584	0.01264	0.04360	0.00482
14	0.14838	0.01850	0.01708	0.04348	0.07720	0.18564	0.01166	0.19311	0.01988	0.05733	0.06562	0.01701	0.01386	0.00736	0.00603	0.00186	0.00760	0.00549	0.00492	0.09798
15	0.24173	0.04101	0.01620	0.01372	0.03232	0.17922	0.01065	0.11925	0.06812	0.05196	0.01324	0.01563	0.01072	0.04412	0.00841	0.00222	0.07467	0.00511	0.00454	0.04716
16	0.06921	0.05654	0.05288	0.05827	0.14686	0.05074	0.02755	0.10593	0.03581	0.05012	0.03413	0.02216	0.07953	0.01263	0.08875	0.00292	0.00824	0.00653	0.00449	0.08674
17	0.01578	0.03242	0.10339	0.06664	0.12715	0.04836	0.01389	0.11672	0.13006	0.02430	0.05388	0.09754	0.03960	0.01060	0.02880	0.00237	0.02700	0.00784	0.00490	0.04876
18	0.06093	0.01508	0.02024	0.03728	0.22554	0.07332	0.07191	0.06020	0.07552	0.06525	0.07973	0.02360	0.05565	0.02955	0.02864	0.00248	0.05426	0.00718	0.00469	0.00894

[dist]
# distance from previous block
# <min> <max>
15	118

[block]
# block no. 1 follows, 32 sequences, length 36
# corresponding to MSA columns:
# 290-325
name=unknown_B
#
# <colnr> <probs for GDERKNQSTAVLIFYWHMCP>
#	G	D	E	R	K	N	Q	S	T	A	V	L	I	F	Y	W	H	M	C	P
0	0.05866	0.16384	0.24126	0.01651	0.04265	0.04336	0.04747	0.04437	0.08772	0.05951	0.08836	0.04076	0.01829	0.00875	0.00683	0.00226	0.00800	0.00675	0.00485	0.00981
1	0.01814	0.30363	0.10599	0.01599	0.08435	0.03958	0.01334	0.04565	0.04124	0.06435	0.03764	0.05546	0.03600	0.01004	0.03254	0.00234	0.00782	0.00639	0.00456	0.07492
2	0.04525	0.09677	0.19338	0.04682	0.06477	0.04948	0.04305	0.09820	0.04845	0.04909	0.06430	0.02008	0.04922	0.00783	0.00696	0.00199	0.03797	0.00619	0.00436	0.06585
3	0.01666	0.04723	0.27558	0.01919	0.06698	0.07808	0.10666	0.07021	0.07562	0.05148	0.03571	0.01893	0.03619	0.00758	0.00745	0.00212	0.04719	0.00627	0.02151	0.00939
4	0.04570	0.11946	0.16496	0.01497	0.02036	0.06689	0.07078	0.02414	0.14906	0.09939	0.04701	0.02315	0.01655	0.03553	0.00746	0.00222	0.00753	0.04733	0.00482	0.03270
5	0.01661	0.15102	0.17805	0.06005	0.02253	0.01546	0.09406	0.05888	0.04150	0.10101	0.04884	0.02187	0.03525	0.03318	0.00730	0.00212	0.00757	0.02482	0.02972	0.05017
6	0.01540	0.11751	0.22686	0.08978	0.06515	0.08351	0.08328	0.02030	0.03992	0.04022	0.01718	0.08664	0.04192	0.00843	0.00713	0.00211	0.03518	0.00704	0.00376	0.00865
7	0.07078	0.17427	0.24772	0.01528	0.02139	0.14229	0.05695	0.02067	0.01500	0.04015	0.01726	0.04835	0.06998	0.00781	0.00605	0.00193	0.00848	0.00605	0.00368	0.02591
8	0.01409	0.26160	0.24708	0.05269	0.04444	0.01691	0.01542	0.01832	0.01381	0.01873	0.04298	0.04578	0.01442	0.01234	0.08743	0.00288	0.00894	0.03306	0.00346	0.04562
9	0.05608	0.17515	0.04405	0.01254	0.03648	0.03387	0.02365	0.04177	0.11872	0.13190	0.09184	0.10080	0.06142	0.00987	0.00640	0.00203	0.00584	0.00811	0.03083	0.00866
10	0.17872	0.12609	0.11100	0.01343	0.04915	0.03575	0.01152	0.04669	0.04926	0.05697	0.04169	0.18649	0.01954	0.01035	0.00679	0.00216	0.03332	0.00829	0.00471	0.00808
11	0.01545	0.10921	0.15860	0.01542	0.06443	0.09563	0.01348	0.05580	0.03452	0.02061	0.04724	0.04547	0.04050	0.04517	0.03527	0.00247	0.06024	0.01960	0.02247	0.09842
12	0.01406	0.03883	0.06038	0.01351	0.07816	0.01086	0.01000	0.06467	0.09028	0.07826	0.07316	0.16993	0.12372	0.05087	0.03011	0.00263	0.00578	0.01024	0.02533	0.04921
13	0.04674	0.14400	0.04529	0.04958	0.15122	0.19700	0.03046	0.07525	0.01641	0.02025	0.01446	0.08732	0.01337	0.01150	0.06636	0.00265	0.00934	0.00647	0.00386	0.00844
14	0.01912	0.58664	0.03246	0.01358	0.01897	0.15681	0.05388	0.02141	0.01476	0.01625	0.00978	0.01146	0.00871	0.00595	0.00485	0.00154	0.00834	0.00399	0.00301	0.00848
15	0.01604	0.01357	0.01691	0.05035	0.01954	0.01207	0.05177	0.13318	0.04568	0.02530	0.01337	0.01521	0.01058	0.00579	0.00561	0.00136	0.00599	0.00482	0.00447	0.54842
16	0.00973	0.00660	0.00780	0.00780	0.00796	0.00676	0.00466	0.01006	0.00990	0.01336	0.02071	0.04149	0.02335	0.66592	0.13099	0.00709	0.00808	0.00940	0.00400	0.00433
17	0.01675	0.01213	0.01521	0.03992	0.09597	0.01272	0.01089	0.16990	0.11742	0.08476	0.16801	0.05450	0.04717	0.03461	0.00809	0.00233	0.00573	0.06544	0.02958	0.00886
18	0.01555	0.01473	0.05562	0.06997	0.23966	0.06976	0.04741	0.01986	0.05842	0.07947	0.08725	0.12050	0.07306	0.00998	0.00713	0.00216	0.00696	0.00893	0.00489	0.00871
19	0.01445	0.01443	0.02114	0.11465	0.02199	0.01968	0.03830	0.01646	0.01088	0.01646	0.00938	0.01522	0.00887	0.01087	0.01952	0.00282	0.62854	0.00595	0.00296	0.00741
20	0.00905	0.00663	0.00795	0.00861	0.00939	0.00636	0.00572	0.01097	0.04686	0.01726	0.07471	0.39720	0.13344	0.21644	0.01514	0.00361	0.00454	0.01497	0.00575	0.00542
21	0.03927	0.08080	0.06704	0.10861	0.07570	0.15643	0.09960	0.06538	0.01622	0.05532	0.01425	0.04967	0.01182	0.00772	0.00751	0.00205	0.06364	0.00622	0.06430	0.00846
22	0.01372	0.03976	0.01393	0.04616	0.01505	0.09370	0.00942	0.06003	0.05615	0.01786	0.01926	0.02770	0.05118	0.19078	0.23539	0.00575	0.08597	0.00742	0.00410	0.00668
23	0.05682	0.35617	0.28310	0.01533	0.02227	0.10308	0.03896	0.02131	0.01440	0.01874	0.01057	0.01240	0.00856	0.00613	0.00536	0.00178	0.00877	0.00431	0.00301	0.00893
24	0.00832	0.00605	0.00782	0.00906	0.00972	0.00560	0.00617	0.00968	0.01344	0.01779	0.08139	0.61995	0.10925	0.03661	0.00905	0.00273	0.00391	0.03169	0.00625	0.00551
25	0.02087	0.14153	0.04647	0.01412	0.01913	0.08016	0.01213	0.32757	0.05695	0.02969	0.01417	0.01520	0.01092	0.00738	0.00683	0.00182	0.04886	0.00527	0.03032	0.11061
26	0.01818	0.22697	0.13596	0.01362	0.03336	0.02918	0.01280	0.09853	0.06153	0.10220	0.01638	0.04674	0.02528	0.00734	0.00578	0.00175	0.00687	0.00566	0.00458	0.14729
27	0.03942	0.15196	0.35497	0.01855	0.06297	0.07810	0.06323	0.07976	0.01630	0.05657	0.01256	0.01432	0.00937	0.00648	0.00610	0.00196	0.00907	0.00507	0.00359	0.00963
28	0.01298	0.12430	0.01391	0.01081	0.01292	0.04042	0.00865	0.04270	0.01505	0.05234	0.04871	0.32431	0.03225	0.03053	0.00810	0.00251	0.00546	0.16043	0.04686	0.00675
29	0.00972	0.00668	0.00883	0.00921	0.01045	0.00639	0.00666	0.01170	0.01453	0.05244	0.19867	0.35519	0.11821	0.02320	0.13164	0.00386	0.00613	0.01429	0.00615	0.00605
30	0.01544	0.12089	0.31052	0.01879	0.09820	0.08773	0.04149	0.02201	0.08901	0.02121	0.07122	0.01975	0.04026	0.00753	0.00639	0.00201	0.00836	0.00611	0.00388	0.00922
31	0.02123	0.04606	0.01748	0.01543	0.08223	0.06703	0.01125	0.23373	0.05556	0.17933	0.08524	0.08318	0.05299	0.00977	0.00689	0.00207	0.00646	0.00802	0.00635	0.00971
32	0.00855	0.00623	0.00807	0.00899	0.00988	0.00575	0.00630	0.01029	0.01458	0.01956	0.19503	0.50505	0.11536	0.01887	0.00838	0.00255	0.00376	0.04060	0.00649	0.00570
33	0.01947	0.01501	0.01751	0.01418	0.01835	0.04139	0.06578	0.33654	0.07918	0.06488	0.02678	0.06453	0.12443	0.01100	0.00799	0.03525	0.00672	0.03559	0.00614	0.00927
34	0.02307	0.01911	0.01781	0.01476	0.01900	0.21727	0.04317	0.18435	0.11720	0.16388	0.05464	0.01987	0.01585	0.00810	0.00656	0.00197	0.00782	0.00633	0.04960	0.00963
35	0.10824	0.01674	0.06965	0.04813	0.10784	0.06635	0.05844	0.15159	0.08563	0.07789	0.05050	0.06799	0.03083	0.00877	0.00669	0.00214	0.00721	0.02091	0.00522	0.00925

[dist]
# distance from previous block
# <min> <max>
2	4

[block]
# block no. 2 follows, 32 sequences, length 23
# corresponding to MSA columns:
# 330-337,339-353
name=unknown_C
#
# <colnr> <probs for GDERKNQSTAVLIFYWHMCP>
#	G	D	E	R	K	N	Q	S	T	A	V	L	I	F	Y	W	H	M	C	P
0	0.01573	0.05324	0.22658	0.02170	0.19084	0.09265	0.03925	0.05209	0.06138	0.02184	0.06112	0.02215	0.05848	0.04473	0.00797	0.00225	0.00820	0.00665	0.00403	0.00912
1	0.01609	0.03710	0.05158	0.04919	0.23025	0.03399	0.05084	0.06713	0.21581	0.02427	0.06394	0.06604	0.01862	0.00868	0.00745	0.00217	0.03472	0.00758	0.00493	0.00960
2	0.01640	0.04375	0.08386	0.01613	0.05317	0.03392	0.05572	0.17867	0.10575	0.02515	0.02340	0.07877	0.10116	0.01183	0.03634	0.00258	0.11138	0.00811	0.00504	0.00887
3	0.01785	0.01719	0.02099	0.02393	0.26085	0.11458	0.05561	0.11018	0.16150	0.02479	0.04128	0.02328	0.08154	0.00827	0.00684	0.00206	0.00754	0.00716	0.00490	0.00964
4	0.04570	0.01027	0.03534	0.05678	0.09454	0.00966	0.06132	0.01477	0.05609	0.01985	0.06640	0.25041	0.15244	0.06016	0.00929	0.00264	0.00564	0.03645	0.00527	0.00696
5	0.01837	0.01989	0.09786	0.01898	0.12010	0.16671	0.04005	0.12408	0.05758	0.05233	0.01954	0.03697	0.07241	0.03832	0.03544	0.00258	0.05852	0.00687	0.00454	0.00888
6	0.01145	0.00590	0.00859	0.00859	0.00859	0.00590	0.00564	0.00885	0.00885	0.01180	0.01267	0.02291	0.01302	0.10266	0.02707	0.71928	0.00590	0.00625	0.00304	0.00304
7	0.04956	0.01343	0.01575	0.01305	0.06687	0.01172	0.00964	0.13376	0.01691	0.02570	0.01258	0.01435	0.01013	0.00562	0.00535	0.00128	0.00560	0.00446	0.00440	0.57982
8	0.04280	0.01671	0.07917	0.04990	0.13689	0.06747	0.07171	0.09083	0.13443	0.07389	0.11247	0.02457	0.05253	0.00853	0.00688	0.00210	0.00716	0.00739	0.00526	0.00931
9	0.00835	0.00610	0.00784	0.00915	0.00984	0.00565	0.00631	0.00967	0.01323	0.01732	0.04038	0.60869	0.12926	0.04130	0.00925	0.00280	0.00405	0.05916	0.00616	0.00548
10	0.65079	0.01481	0.04662	0.04972	0.01621	0.03726	0.00936	0.04236	0.01252	0.02846	0.00985	0.01178	0.00765	0.00654	0.00519	0.00211	0.03315	0.00401	0.00404	0.00756
11	0.01983	0.02210	0.02124	0.15245	0.07233	0.33473	0.08254	0.06827	0.03929	0.01993	0.01251	0.01552	0.00997	0.00718	0.00739	0.00200	0.05626	0.00550	0.04268	0.00827
12	0.05852	0.00678	0.00787	0.00846	0.00972	0.00638	0.00597	0.01067	0.01400	0.01920	0.13014	0.36056	0.21598	0.08152	0.01025	0.00282	0.00405	0.03542	0.00606	0.00564
13	0.01226	0.01115	0.03640	0.06004	0.11328	0.01120	0.01110	0.03162	0.12488	0.02099	0.07301	0.08318	0.17406	0.04296	0.05470	0.00305	0.04291	0.08030	0.00528	0.00762
14	0.01076	0.00715	0.00830	0.00807	0.00985	0.00673	0.00600	0.01364	0.03865	0.05146	0.23194	0.07353	0.21924	0.08408	0.03084	0.00277	0.00427	0.03520	0.15128	0.00624
15	0.01483	0.04044	0.23490	0.01903	0.02505	0.03371	0.21132	0.05895	0.08541	0.02224	0.03739	0.05622	0.03778	0.01049	0.04845	0.00270	0.04062	0.00744	0.00408	0.00895
16	0.00945	0.00828	0.01035	0.00956	0.01204	0.00760	0.06020	0.01308	0.08338	0.01921	0.05481	0.16666	0.48862	0.01596	0.00792	0.00234	0.00429	0.01380	0.00607	0.00638
17	0.01436	0.01219	0.01415	0.01015	0.01609	0.00940	0.00814	0.04331	0.01460	0.02265	0.01209	0.01400	0.01000	0.00509	0.00504	0.00103	0.00506	0.00406	0.00408	0.77451
18	0.01612	0.04352	0.07072	0.09924	0.32800	0.03529	0.14995	0.04606	0.06781	0.02197	0.01481	0.04940	0.01236	0.00699	0.00688	0.00210	0.00852	0.00685	0.00377	0.00963
19	0.01393	0.06603	0.01244	0.00949	0.01243	0.00988	0.00733	0.09123	0.01635	0.07186	0.10165	0.14241	0.11553	0.09560	0.00971	0.00244	0.00489	0.00972	0.08497	0.12212
20	0.04132	0.07330	0.13056	0.10618	0.07102	0.08934	0.01376	0.05668	0.06315	0.03674	0.07233	0.06037	0.03646	0.00821	0.00633	0.00193	0.00729	0.00669	0.00439	0.11396
21	0.04700	0.09056	0.18531	0.01839	0.13031	0.06525	0.01506	0.11197	0.08733	0.02469	0.05966	0.05852	0.01626	0.00812	0.00632	0.00201	0.00738	0.00659	0.05001	0.00925
22	0.04629	0.13410	0.09014	0.04851	0.12976	0.11844	0.01360	0.07485	0.07408	0.04143	0.07614	0.03988	0.01646	0.00778	0.00615	0.00191	0.00743	0.00621	0.03487	0.03195

[dist]
# distance from previous block
# <min> <max>
14	36

[block]
# block no. 3 follows, 32 sequences, length 12
# corresponding to MSA columns:
# 398-409
name=unknown_D
#
# <colnr> <probs for GDERKNQSTAVLIFYWHMCP>
#	G	D	E	R	K	N	Q	S	T	A	V	L	I	F	Y	W	H	M	C	P
0	0.01825	0.05529	0.06906	0.02232	0.19462	0.03605	0.12064	0.09482	0.04649	0.12490	0.01882	0.11255	0.01629	0.02988	0.00773	0.00225	0.00764	0.00800	0.00491	0.00950
1	0.00849	0.00607	0.00811	0.00949	0.01007	0.00570	0.00658	0.00997	0.01357	0.01820	0.09604	0.64737	0.04559	0.02020	0.00856	0.00270	0.00400	0.06740	0.00633	0.00558
2	0.13448	0.01572	0.07142	0.01506	0.06253	0.10569	0.01171	0.01711	0.01228	0.01870	0.01318	0.02046	0.01248	0.13592	0.11708	0.00417	0.19665	0.00609	0.02221	0.00707
3	0.00970	0.00765	0.00887	0.00870	0.01061	0.00730	0.00645	0.01409	0.10460	0.02272	0.31581	0.15701	0.27089	0.01529	0.00788	0.00227	0.00362	0.01325	0.00676	0.00653
4	0.01605	0.01875	0.11883	0.03582	0.49748	0.01610	0.15601	0.02086	0.01525	0.02175	0.01274	0.01659	0.01027	0.00596	0.00686	0.00206	0.00888	0.00624	0.00327	0.01022
5	0.01969	0.03987	0.06668	0.01554	0.02130	0.01472	0.12865	0.18975	0.06222	0.13661	0.04687	0.01871	0.01419	0.00711	0.00649	0.00184	0.00709	0.00621	0.00544	0.19100
6	0.01546	0.01455	0.02589	0.10708	0.06561	0.01470	0.30275	0.13073	0.01729	0.02323	0.01826	0.12957	0.01696	0.05721	0.00931	0.00256	0.00866	0.02733	0.00443	0.00842
7	0.00913	0.00741	0.00823	0.00862	0.01038	0.00698	0.00622	0.01283	0.10259	0.01902	0.05127	0.31857	0.37930	0.01749	0.00803	0.00244	0.00383	0.01516	0.00631	0.00621
8	0.01812	0.01331	0.02148	0.03662	0.03908	0.01396	0.18627	0.02330	0.10330	0.18385	0.02039	0.04510	0.03539	0.00923	0.01007	0.02398	0.13198	0.00751	0.06815	0.00891
9	0.14540	0.09117	0.01829	0.10488	0.07093	0.19510	0.01235	0.03581	0.01603	0.11081	0.01586	0.02238	0.01351	0.00823	0.00618	0.00204	0.00800	0.09020	0.00448	0.02834
10	0.02275	0.02784	0.01970	0.06586	0.08298	0.56798	0.01396	0.02558	0.04781	0.01744	0.01133	0.01353	0.00935	0.00711	0.00683	0.00186	0.04168	0.00477	0.00354	0.00811
11	0.01083	0.00706	0.00834	0.00835	0.01033	0.00616	0.00613	0.01258	0.01528	0.10488	0.10250	0.27801	0.37084	0.01696	0.00799	0.00238	0.00382	0.01466	0.00657	0.00635

[dist]
# distance from previous block
# <min> <max>
2	17

[block]
# block no. 4 follows, 32 sequences, length 61
# corresponding to MSA columns:
# 427-487
name=unknown_E
#
# <colnr> <probs for GDERKNQSTAVLIFYWHMCP>
#	G	D	E	R	K	N	Q	S	T	A	V	L	I	F	Y	W	H	M	C	P
0	0.01394	0.01579	0.11150	0.01157	0.01688	0.07391	0.01043	0.03003	0.01555	0.02202	0.11055	0.02400	0.07156	0.00780	0.00601	0.00153	0.00600	0.02235	0.00450	0.42409
1	0.00892	0.00636	0.00789	0.00882	0.00944	0.00605	0.00601	0.01003	0.01253	0.01639	0.03571	0.39195	0.11446	0.23710	0.01604	0.00382	0.00487	0.09289	0.00559	0.00516
2	0.01861	0.06651	0.01752	0.01395	0.01814	0.04540	0.01113	0.14845	0.52051	0.02924	0.02353	0.02205	0.01768	0.00861	0.00661	0.00215	0.00605	0.00693	0.00641	0.01051
3	0.05733	0.06345	0.06863	0.01340	0.04462	0.07633	0.01109	0.08992	0.01706	0.15973	0.01531	0.03159	0.01172	0.00669	0.00575	0.00161	0.00658	0.00518	0.00492	0.30910
4	0.00849	0.00600	0.00785	0.00920	0.00959	0.00568	0.00613	0.00958	0.01255	0.01671	0.03485	0.63811	0.04153	0.11819	0.01194	0.00323	0.00433	0.04479	0.00594	0.00530
5	0.01584	0.01810	0.03959	0.02828	0.03507	0.01697	0.69796	0.02149	0.01584	0.02149	0.01357	0.01810	0.01018	0.00566	0.00792	0.00226	0.01131	0.00792	0.00339	0.00905
6	0.05378	0.01629	0.02030	0.11559	0.20301	0.07964	0.02757	0.20010	0.04422	0.07735	0.01684	0.04636	0.01389	0.00825	0.00677	0.00212	0.00774	0.04559	0.00497	0.00961
7	0.01424	0.08328	0.63200	0.01891	0.02820	0.04050	0.04984	0.02137	0.01436	0.02073	0.01186	0.01402	0.00858	0.00632	0.00629	0.00207	0.00986	0.00496	0.00288	0.00972
8	0.00913	0.00663	0.00814	0.00904	0.01005	0.00635	0.00628	0.01184	0.06056	0.01926	0.08801	0.52219	0.12392	0.01825	0.00804	0.00251	0.00382	0.01628	0.06374	0.00594
9	0.00958	0.00643	0.00737	0.00755	0.00759	0.00638	0.00431	0.00971	0.01011	0.01348	0.02296	0.12594	0.02668	0.67904	0.03122	0.00607	0.00621	0.01083	0.00431	0.00422
10	0.03872	0.01672	0.01971	0.04596	0.02137	0.04180	0.06142	0.36523	0.12230	0.11227	0.01800	0.01847	0.01304	0.00971	0.03589	0.00245	0.03404	0.00640	0.00610	0.01040
11	0.00815	0.00675	0.00713	0.00716	0.00923	0.00574	0.00532	0.01000	0.01562	0.01919	0.14949	0.10399	0.59548	0.01681	0.00797	0.00227	0.00340	0.01419	0.00638	0.00574
12	0.01103	0.00741	0.00867	0.00868	0.01070	0.00669	0.00646	0.01348	0.04391	0.09500	0.07533	0.23518	0.35564	0.04230	0.00889	0.00255	0.00411	0.05109	0.00645	0.00644
13	0.02530	0.03034	0.01894	0.01695	0.02060	0.66452	0.01282	0.06699	0.01977	0.04746	0.01138	0.01278	0.00914	0.00704	0.00612	0.00176	0.01155	0.00452	0.00385	0.00815
14	0.04558	0.02451	0.01820	0.04036	0.02031	0.43278	0.01249	0.10921	0.06057	0.06888	0.04012	0.01588	0.01229	0.00786	0.00741	0.00195	0.06322	0.00534	0.00450	0.00853
15	0.00959	0.00719	0.01078	0.01078	0.01198	0.00839	0.00839	0.01198	0.01078	0.01558	0.01797	0.02636	0.01677	0.05032	0.73760	0.01078	0.01797	0.00719	0.00359	0.00599
16	0.01637	0.01826	0.03469	0.02922	0.16099	0.06815	0.49831	0.02128	0.01586	0.02105	0.01399	0.04356	0.01136	0.00635	0.00757	0.00219	0.01049	0.00769	0.00348	0.00913
17	0.01794	0.76823	0.03516	0.01148	0.01722	0.02655	0.01148	0.02009	0.01363	0.01579	0.00933	0.01076	0.00861	0.00574	0.00431	0.00144	0.00718	0.00359	0.00287	0.00861
18	0.00839	0.00600	0.00777	0.00901	0.00950	0.00561	0.00599	0.00959	0.01303	0.01737	0.07722	0.62552	0.07011	0.08787	0.01082	0.00301	0.00407	0.01763	0.00610	0.00539
19	0.01014	0.00768	0.01109	0.01095	0.01201	0.00908	0.00851	0.01241	0.01113	0.01643	0.01891	0.08177	0.01823	0.04160	0.56539	0.00881	0.08077	0.00792	0.06110	0.00609
20	0.00998	0.00756	0.01064	0.01040	0.01129	0.00873	0.00780	0.01186	0.01109	0.01585	0.06509	0.03077	0.02092	0.19360	0.49076	0.00875	0.06735	0.00796	0.00390	0.00571
21	0.03837	0.01220	0.01367	0.01051	0.01573	0.01064	0.00833	0.02091	0.16222	0.02360	0.01564	0.01676	0.01248	0.00603	0.00533	0.00133	0.00495	0.00485	0.04555	0.57092
22	0.07766	0.04013	0.34662	0.01890	0.02567	0.08530	0.14038	0.04397	0.01480	0.02141	0.01213	0.01518	0.00933	0.00936	0.05103	0.00267	0.06771	0.00554	0.00328	0.00894
23	0.01253	0.01148	0.01925	0.63801	0.04145	0.01394	0.03747	0.01688	0.01392	0.01835	0.06327	0.02055	0.01328	0.00723	0.00674	0.00220	0.00832	0.00648	0.04129	0.00736
24	0.02073	0.05565	0.01995	0.01587	0.02027	0.18517	0.06113	0.19015	0.30522	0.02770	0.01887	0.01873	0.01427	0.00794	0.00658	0.00205	0.00790	0.00629	0.00558	0.00994
25	0.01089	0.00877	0.01238	0.01274	0.06219	0.00948	0.04039	0.01206	0.01139	0.01574	0.03838	0.17781	0.02517	0.37538	0.05234	0.00481	0.10947	0.01066	0.00431	0.00563
26	0.05053	0.28123	0.09680	0.04335	0.04115	0.08763	0.03774	0.19396	0.03307	0.02444	0.01320	0.01467	0.02272	0.00698	0.00612	0.00185	0.02606	0.00506	0.00413	0.00931
27	0.02321	0.02859	0.01869	0.01824	0.07023	0.62081	0.01296	0.02519	0.01815	0.01713	0.01137	0.01363	0.00952	0.00895	0.04084	0.00217	0.01172	0.00466	0.03611	0.00784
28	0.18032	0.01484	0.08286	0.03430	0.01834	0.01307	0.01117	0.13598	0.01875	0.33749	0.02256	0.02140	0.06344	0.00825	0.00628	0.00209	0.00621	0.00635	0.00639	0.00992
29	0.01630	0.25262	0.43985	0.01637	0.02445	0.03910	0.01935	0.06196	0.01532	0.04008	0.01182	0.01344	0.00893	0.00635	0.00578	0.00190	0.00889	0.00464	0.00324	0.00960
30	0.01519	0.12113	0.45701	0.06807	0.02889	0.01710	0.11212	0.04444	0.01502	0.04222	0.01247	0.01485	0.00911	0.00634	0.00637	0.00206	0.00948	0.00534	0.00322	0.00957
31	0.00834	0.00665	0.00733	0.00747	0.00920	0.00580	0.00539	0.01009	0.01517	0.01906	0.16569	0.16100	0.46938	0.06728	0.00978	0.00259	0.00364	0.01424	0.00627	0.00563
32	0.01299	0.01244	0.02160	0.68136	0.06429	0.01507	0.06308	0.01752	0.01363	0.01756	0.01205	0.01787	0.00907	0.00662	0.00679	0.00223	0.00907	0.00609	0.00302	0.00765
33	0.00985	0.00728	0.01023	0.00989	0.01069	0.00741	0.04686	0.01104	0.01110	0.01508	0.02327	0.16380	0.02584	0.40084	0.18600	0.00643	0.00891	0.03600	0.00437	0.00512
34	0.01124	0.00790	0.00967	0.00913	0.01112	0.00771	0.00697	0.01616	0.10282	0.05041	0.47047	0.06753	0.09213	0.01316	0.00758	0.00216	0.00368	0.03892	0.06428	0.00696
35	0.00959	0.00719	0.01078	0.01078	0.01198	0.00839	0.00839	0.01198	0.01078	0.01558	0.01797	0.02636	0.01677	0.05032	0.73760	0.01078	0.01797	0.00719	0.00359	0.00599
36	0.01358	0.00800	0.00836	0.00783	0.00989	0.00832	0.00599	0.06652	0.08365	0.02672	0.08368	0.02660	0.02118	0.00848	0.00533	0.00171	0.00365	0.00689	0.59654	0.00706
37	0.01014	0.00673	0.00862	0.00953	0.01061	0.00630	0.00666	0.01224	0.04255	0.06877	0.03873	0.59574	0.10517	0.01918	0.00832	0.00262	0.00408	0.03146	0.00640	0.00613
38	0.01468	0.01468	0.02055	0.01762	0.01762	0.02055	0.01468	0.01615	0.01028	0.01615	0.00881	0.01468	0.00881	0.01174	0.02202	0.00294	0.75191	0.00587	0.00294	0.00734
39	0.02310	0.01102	0.01390	0.01128	0.01551	0.01028	0.00910	0.06275	0.09842	0.43838	0.12307	0.03105	0.10169	0.01008	0.00704	0.00212	0.00515	0.00836	0.00770	0.01000
40	0.00952	0.00665	0.00838	0.00856	0.00991	0.00605	0.00613	0.01162	0.01593	0.04621	0.32739	0.29486	0.16100	0.04522	0.00910	0.00251	0.00367	0.01457	0.00671	0.00601
41	0.02506	0.03198	0.01901	0.01729	0.02074	0.73725	0.01296	0.02679	0.01901	0.01642	0.01037	0.01210	0.00864	0.00691	0.00605	0.00173	0.01210	0.00432	0.00346	0.00778
42	0.01468	0.01468	0.02055	0.01762	0.01762	0.02055	0.01468	0.01615	0.01028	0.01615	0.00881	0.01468	0.00881	0.01174	0.02202	0.00294	0.75191	0.00587	0.00294	0.00734
43	0.01033	0.00727	0.00876	0.00884	0.01090	0.00653	0.00700	0.01269	0.01626	0.06516	0.19677	0.09159	0.35145	0.01626	0.00818	0.00243	0.00414	0.16257	0.00660	0.00628
44	0.00835	0.00598	0.00783	0.00924	0.00971	0.00560	0.00622	0.00953	0.01284	0.01702	0.03708	0.66945	0.06674	0.06490	0.01008	0.00295	0.00411	0.04088	0.00610	0.00540
45	0.01661	0.01594	0.02724	0.04119	0.72233	0.01594	0.02059	0.02059	0.01528	0.02192	0.01262	0.01661	0.01063	0.00598	0.00664	0.00199	0.00797	0.00598	0.00332	0.01063
46	0.01872	0.01462	0.01575	0.01362	0.01767	0.01648	0.01074	0.14090	0.52806	0.07729	0.05252	0.02444	0.02045	0.00906	0.00685	0.00221	0.00559	0.00746	0.00693	0.01063
47	0.01275	0.01176	0.01902	0.64533	0.04170	0.01446	0.01723	0.01818	0.06408	0.01859	0.06056	0.02057	0.01343	0.00735	0.00680	0.00223	0.00829	0.00650	0.00356	0.00761
48	0.02131	0.01674	0.01618	0.01381	0.01778	0.12670	0.01084	0.21109	0.22010	0.13592	0.02348	0.10264	0.03355	0.00985	0.00688	0.00214	0.00679	0.00795	0.00642	0.00984
49	0.01467	0.01515	0.08416	0.09549	0.42837	0.01377	0.01734	0.01917	0.03907	0.02143	0.01655	0.09778	0.01491	0.00799	0.00665	0.00207	0.00723	0.00738	0.08152	0.00929
50	0.00857	0.00688	0.00769	0.00764	0.00966	0.00599	0.00584	0.01079	0.01636	0.02077	0.25237	0.06118	0.48568	0.01616	0.00802	0.00228	0.00352	0.05816	0.00656	0.00589
51	0.00913	0.00705	0.01037	0.01084	0.01200	0.00661	0.05332	0.01104	0.01396	0.01856	0.08374	0.52937	0.07816	0.01893	0.00854	0.00268	0.00463	0.10910	0.00611	0.00587
52	0.01414	0.01372	0.02033	0.09937	0.13296	0.01773	0.01523	0.01630	0.01167	0.01728	0.01250	0.08800	0.01258	0.01118	0.01659	0.00269	0.47951	0.00719	0.00332	0.00770
53	0.01724	0.01895	0.02017	0.01753	0.01839	0.19751	0.01426	0.01878	0.01243	0.01622	0.00919	0.01404	0.00877	0.01055	0.01808	0.00264	0.56925	0.00549	0.00306	0.00745
54	0.02453	0.02989	0.01883	0.01691	0.02053	0.63949	0.01279	0.07372	0.06635	0.01899	0.01191	0.01325	0.00963	0.00714	0.00615	0.00179	0.01132	0.00466	0.00391	0.00822
55	0.05363	0.01566	0.09291	0.01583	0.08642	0.05043	0.01254	0.13457	0.01923	0.23915	0.08294	0.07853	0.02121	0.00980	0.00696	0.00217	0.00665	0.05567	0.00616	0.00956
56	0.01557	0.01477	0.02477	0.16297	0.54964	0.01536	0.01931	0.02006	0.03937	0.02110	0.01401	0.04755	0.01206	0.00683	0.00674	0.00208	0.00788	0.00657	0.00350	0.00986
57	0.00820	0.00618	0.00759	0.00856	0.00956	0.00557	0.00592	0.00966	0.01399	0.01812	0.09524	0.51133	0.23706	0.01935	0.00834	0.00255	0.00370	0.01718	0.00631	0.00557
58	0.02253	0.01774	0.11893	0.01638	0.02215	0.03961	0.12534	0.16937	0.03264	0.27979	0.02048	0.04093	0.02709	0.00905	0.02444	0.00232	0.00798	0.00697	0.00599	0.01027
59	0.01899	0.01848	0.14322	0.04493	0.38711	0.03531	0.01849	0.02316	0.01575	0.17052	0.01519	0.01732	0.01135	0.00686	0.00734	0.00208	0.04335	0.00592	0.00427	0.01037
60	0.05206	0.01575	0.08803	0.02154	0.22708	0.01416	0.01442	0.11517	0.09705	0.15973	0.02023	0.11005	0.01683	0.00897	0.00680	0.00215	0.00673	0.00774	0.00548	0.01004

[dist]
# distance from previous block
# <min> <max>
0	29

[block]
# block no. 5 follows, 32 sequences, length 39
# corresponding to MSA columns:
# 517-555
name=unknown_F
#
# <colnr> <probs for GDERKNQSTAVLIFYWHMCP>
#	G	D	E	R	K	N	Q	S	T	A	V	L	I	F	Y	W	H	M	C	P
0	0.01023	0.00817	0.00984	0.01010	0.04456	0.00753	0.00714	0.03851	0.04085	0.02252	0.26254	0.11600	0.30562	0.01463	0.00773	0.00220	0.00398	0.03469	0.00638	0.04678
1	0.05456	0.08086	0.01590	0.01058	0.01599	0.01174	0.00868	0.06146	0.03860	0.07855	0.03852	0.03284	0.01328	0.00636	0.00536	0.00136	0.00531	0.00501	0.00466	0.51036
2	0.01631	0.46456	0.20006	0.01406	0.02030	0.05556	0.04020	0.01985	0.01404	0.01746	0.01248	0.07399	0.01161	0.00721	0.00538	0.00175	0.00796	0.00540	0.00319	0.00864
3	0.01603	0.13424	0.42644	0.01659	0.02436	0.01685	0.04042	0.10902	0.01686	0.05208	0.04569	0.01798	0.04000	0.00730	0.00631	0.00202	0.00851	0.00575	0.00392	0.00963
4	0.00977	0.00695	0.00956	0.00953	0.01045	0.00768	0.00696	0.01160	0.01109	0.01593	0.05465	0.03214	0.02118	0.23519	0.47911	0.00877	0.01347	0.00807	0.04240	0.00551
5	0.01290	0.01226	0.02100	0.70171	0.06716	0.01501	0.04141	0.01740	0.01356	0.01744	0.01200	0.01786	0.00904	0.00665	0.00675	0.00223	0.00899	0.00603	0.00301	0.00761
6	0.01794	0.76823	0.03516	0.01148	0.01722	0.02655	0.01148	0.02009	0.01363	0.01579	0.00933	0.01076	0.00861	0.00574	0.00431	0.00144	0.00718	0.00359	0.00287	0.00861
7	0.01578	0.01794	0.03869	0.02777	0.03424	0.01714	0.66550	0.02124	0.01557	0.02124	0.01335	0.01794	0.01012	0.00595	0.00859	0.00229	0.04650	0.00782	0.00337	0.00897
8	0.81159	0.01298	0.00986	0.00882	0.01298	0.01505	0.00727	0.01972	0.01142	0.03010	0.00934	0.01090	0.00727	0.00623	0.00415	0.00208	0.00519	0.00363	0.00415	0.00727
9	0.00833	0.00592	0.00778	0.00916	0.00955	0.00555	0.00606	0.00946	0.01276	0.01706	0.05286	0.68695	0.04332	0.07801	0.01052	0.00300	0.00408	0.01818	0.00609	0.00537
10	0.01318	0.00864	0.01156	0.01171	0.06461	0.00824	0.00810	0.01735	0.06892	0.11592	0.48998	0.05926	0.04867	0.03381	0.00836	0.00225	0.00412	0.01075	0.00704	0.00753
11	0.01267	0.01193	0.02013	0.74806	0.04621	0.01491	0.01863	0.01714	0.01342	0.01714	0.01193	0.01789	0.00894	0.00671	0.00671	0.00224	0.00894	0.00596	0.00298	0.00745
12	0.01352	0.01140	0.01352	0.01024	0.01565	0.00879	0.00831	0.01652	0.01411	0.02164	0.01489	0.02167	0.01354	0.00667	0.00551	0.00126	0.00512	0.08851	0.00425	0.70487
13	0.01661	0.01594	0.02724	0.04119	0.72233	0.01594	0.02059	0.02059	0.01528	0.02192	0.01262	0.01661	0.01063	0.00598	0.00664	0.00199	0.00797	0.00598	0.00332	0.01063
14	0.01030	0.00708	0.00897	0.00837	0.01024	0.00641	0.00632	0.01321	0.01843	0.06117	0.58336	0.05096	0.16200	0.01395	0.00786	0.00213	0.00333	0.01217	0.00726	0.00649
15	0.00830	0.00594	0.00790	0.00926	0.00976	0.00553	0.00624	0.00965	0.01342	0.01805	0.10105	0.69312	0.04616	0.02034	0.00850	0.00267	0.00382	0.01842	0.00634	0.00553
16	0.00834	0.00680	0.00715	0.00716	0.00911	0.00587	0.00527	0.01001	0.01498	0.01829	0.10960	0.06169	0.57443	0.09628	0.01076	0.00273	0.00381	0.03607	0.00608	0.00556
17	0.00871	0.00672	0.00800	0.00816	0.00982	0.00600	0.00609	0.01094	0.01622	0.02124	0.29467	0.17731	0.32737	0.01659	0.00811	0.00234	0.00357	0.05561	0.00664	0.00590
18	0.01028	0.00717	0.00926	0.00893	0.01053	0.00675	0.00662	0.01378	0.04796	0.04864	0.55351	0.16498	0.05678	0.01454	0.00794	0.00222	0.00346	0.01290	0.00720	0.00654
19	0.01391	0.01193	0.01391	0.00994	0.01590	0.00894	0.00795	0.01690	0.01391	0.02186	0.01193	0.01391	0.00994	0.00497	0.00497	0.00099	0.00497	0.00398	0.00398	0.80521
20	0.00976	0.00651	0.00732	0.00732	0.00732	0.00651	0.00407	0.00976	0.00976	0.01301	0.02114	0.04391	0.02439	0.76419	0.03415	0.00651	0.00651	0.00976	0.00407	0.00407
21	0.01388	0.01316	0.02231	0.53122	0.25362	0.01523	0.01924	0.01820	0.01399	0.01861	0.01214	0.01750	0.00946	0.00648	0.00669	0.00216	0.00865	0.00597	0.00309	0.00843
22	0.01761	0.20041	0.22544	0.03497	0.05337	0.09838	0.01656	0.11171	0.01630	0.02132	0.01147	0.01397	0.00928	0.00833	0.02584	0.00223	0.11527	0.00497	0.00349	0.00908
23	0.02569	0.01599	0.01879	0.01445	0.01961	0.01678	0.03619	0.43767	0.04292	0.23701	0.01952	0.01872	0.01333	0.00805	0.00668	0.00203	0.00681	0.00636	0.04232	0.01108
24	0.02389	0.00972	0.01264	0.01020	0.01416	0.00865	0.00825	0.02667	0.01788	0.48941	0.08353	0.02569	0.02069	0.00864	0.00632	0.00195	0.00484	0.00707	0.21013	0.00968
25	0.00909	0.00684	0.00956	0.03658	0.01185	0.00729	0.00750	0.01064	0.01204	0.01645	0.02894	0.46693	0.03314	0.06964	0.20217	0.00505	0.04111	0.01437	0.00515	0.00567
26	0.01538	0.01485	0.04251	0.32479	0.31956	0.01540	0.10164	0.01980	0.01472	0.04801	0.01299	0.01750	0.01008	0.00634	0.00682	0.00213	0.00873	0.00621	0.00338	0.00916
27	0.00893	0.00717	0.00766	0.00747	0.00963	0.00640	0.00562	0.01189	0.05137	0.02083	0.20217	0.05758	0.51051	0.01545	0.00771	0.00220	0.00343	0.01301	0.04487	0.00609
28	0.00935	0.00685	0.00876	0.00829	0.00993	0.00627	0.00621	0.01238	0.01864	0.02608	0.65733	0.05149	0.12529	0.01403	0.00792	0.00213	0.00319	0.01233	0.00728	0.00627
29	0.01786	0.07589	0.16345	0.02504	0.21817	0.14620	0.11659	0.05100	0.08072	0.02171	0.01351	0.01589	0.01060	0.00653	0.00652	0.00200	0.00925	0.00575	0.00369	0.00964
30	0.01263	0.01117	0.01189	0.01177	0.01400	0.07091	0.02213	0.01935	0.20625	0.02133	0.06824	0.22509	0.12111	0.01491	0.00788	0.00249	0.00546	0.13990	0.00615	0.00735
31	0.00861	0.00647	0.00799	0.00897	0.01012	0.00593	0.00655	0.01026	0.01408	0.01808	0.06811	0.40107	0.24326	0.04264	0.00927	0.00274	0.00416	0.11988	0.00619	0.00561
32	0.07693	0.00936	0.01188	0.01214	0.07345	0.00865	0.03202	0.01644	0.01567	0.14384	0.04466	0.04740	0.36189	0.01319	0.00737	0.00226	0.00490	0.08239	0.02812	0.00741
33	0.02049	0.22074	0.07561	0.10980	0.07519	0.10178	0.01450	0.22393	0.01998	0.05826	0.01305	0.01466	0.01001	0.00687	0.00596	0.00186	0.00821	0.00513	0.00438	0.00958
34	0.00837	0.00695	0.00842	0.00842	0.01028	0.00606	0.03159	0.01014	0.01478	0.01838	0.08790	0.26293	0.46668	0.01757	0.00811	0.00239	0.00383	0.01525	0.00618	0.00576
35	0.00852	0.00610	0.00772	0.00875	0.00930	0.00571	0.00579	0.00967	0.01296	0.01722	0.08584	0.53688	0.09305	0.14434	0.01274	0.00328	0.00424	0.01665	0.00595	0.00530
36	0.01233	0.00845	0.01095	0.01175	0.07079	0.00813	0.00782	0.01550	0.06086	0.09756	0.15495	0.14312	0.18687	0.10502	0.07224	0.00347	0.00578	0.01146	0.00598	0.00697
37	0.46474	0.01293	0.01301	0.03862	0.07479	0.01342	0.00909	0.01935	0.03267	0.02653	0.01097	0.01290	0.00876	0.00595	0.00476	0.00177	0.00550	0.00413	0.00407	0.23604
38	0.04221	0.10099	0.29697	0.02317	0.19067	0.12647	0.04630	0.05849	0.01603	0.02156	0.01185	0.01425	0.00922	0.00636	0.00619	0.00196	0.00928	0.00510	0.00332	0.00959

[dist]
# distance from previous block
# <min> <max>
1	9

[block]
# block no. 6 follows, 32 sequences, length 14
# corresponding to MSA columns:
# 565-578
name=unknown_G
#
# <colnr> <probs for GDERKNQSTAVLIFYWHMCP>
#	G	D	E	R	K	N	Q	S	T	A	V	L	I	F	Y	W	H	M	C	P
0	0.32864	0.06476	0.01715	0.01726	0.16398	0.01601	0.01147	0.05925	0.08250	0.07495	0.01395	0.01552	0.01082	0.00707	0.00634	0.00206	0.04956	0.00512	0.04474	0.00886
1	0.07040	0.01954	0.02034	0.01748	0.05937	0.17357	0.08309	0.28144	0.05113	0.06012	0.01582	0.04811	0.01252	0.00803	0.00692	0.00203	0.02592	0.00637	0.02824	0.00955
2	0.00911	0.00684	0.00844	0.00804	0.00979	0.00617	0.00603	0.01192	0.01809	0.02476	0.55960	0.05366	0.22385	0.01452	0.00792	0.00215	0.00322	0.01263	0.00710	0.00617
3	0.01433	0.00897	0.01128	0.01105	0.01353	0.00874	0.00897	0.04768	0.07734	0.13931	0.08555	0.14385	0.13560	0.01530	0.00814	0.00256	0.00516	0.24843	0.00671	0.00751
4	0.02373	0.02956	0.01995	0.01982	0.09453	0.63083	0.01384	0.02569	0.01825	0.01699	0.01054	0.01268	0.00886	0.00702	0.00679	0.00181	0.04307	0.00456	0.00342	0.00806
5	0.01367	0.01207	0.01984	0.05934	0.39826	0.01253	0.01520	0.01669	0.01338	0.01896	0.01541	0.02337	0.01417	0.06147	0.21167	0.03854	0.01054	0.03304	0.00352	0.00834
6	0.01765	0.09946	0.11223	0.02808	0.36650	0.12153	0.01762	0.05893	0.03456	0.02144	0.01370	0.05313	0.01189	0.00710	0.00638	0.00196	0.00842	0.00607	0.00366	0.00969
7	0.01267	0.01193	0.02013	0.74806	0.04621	0.01491	0.01863	0.01714	0.01342	0.01714	0.01193	0.01789	0.00894	0.00671	0.00671	0.00224	0.00894	0.00596	0.00298	0.00745
8	0.00976	0.00651	0.00732	0.00732	0.00732	0.00651	0.00407	0.00976	0.00976	0.01301	0.02114	0.04391	0.02439	0.76419	0.03415	0.00651	0.00651	0.00976	0.00407	0.00407
9	0.01153	0.01281	0.10053	0.01313	0.01590	0.04937	0.07019	0.01510	0.04341	0.01895	0.05551	0.24379	0.05854	0.08394	0.05035	0.00334	0.00717	0.13457	0.00514	0.00674
10	0.05041	0.23935	0.31155	0.01815	0.07959	0.06118	0.04626	0.05103	0.04586	0.02106	0.01202	0.01386	0.00938	0.00635	0.00579	0.00190	0.00865	0.00484	0.00334	0.00942
11	0.01575	0.30966	0.43263	0.01607	0.02418	0.01997	0.01918	0.05506	0.01484	0.02026	0.01123	0.01299	0.00869	0.00622	0.00561	0.00186	0.00876	0.00450	0.00304	0.00950
12	0.00968	0.00680	0.00882	0.00882	0.00934	0.00732	0.00594	0.01072	0.01020	0.01412	0.01977	0.03629	0.02109	0.45442	0.33940	0.00836	0.01148	0.00864	0.00386	0.00490
13	0.17851	0.01535	0.01606	0.01466	0.05605	0.01739	0.01105	0.20475	0.35503	0.03185	0.01998	0.01941	0.01493	0.00808	0.00625	0.00215	0.00597	0.00630	0.00607	0.01015

[dist]
# distance from previous block
# <min> <max>
0	1

[block]
# block no. 7 follows, 32 sequences, length 40
# corresponding to MSA columns:
# 580-619
name=unknown_H
#
# <colnr> <probs for GDERKNQSTAVLIFYWHMCP>
#	G	D	E	R	K	N	Q	S	T	A	V	L	I	F	Y	W	H	M	C	P
0	0.81159	0.01298	0.00986	0.00882	0.01298	0.01505	0.00727	0.01972	0.01142	0.03010	0.00934	0.01090	0.00727	0.00623	0.00415	0.00208	0.00519	0.00363	0.00415	0.00727
1	0.15085	0.10145	0.09294	0.03554	0.02039	0.30739	0.01299	0.09819	0.03440	0.06920	0.01241	0.01360	0.00952	0.00689	0.00575	0.00188	0.00905	0.00467	0.00419	0.00870
2	0.01583	0.02817	0.47835	0.01745	0.02542	0.01655	0.02009	0.11932	0.16451	0.02564	0.01586	0.01675	0.01145	0.00719	0.00652	0.00214	0.00858	0.00567	0.00423	0.01028
3	0.00832	0.00632	0.00770	0.00867	0.00980	0.00570	0.00616	0.00986	0.01404	0.01800	0.07128	0.46076	0.26670	0.01927	0.00838	0.00258	0.00386	0.06074	0.00627	0.00560
4	0.01554	0.00958	0.01308	0.04789	0.03526	0.00946	0.02490	0.01886	0.04925	0.20032	0.09962	0.06175	0.17808	0.01853	0.13653	0.00371	0.03555	0.00937	0.00595	0.02678
5	0.01014	0.00713	0.00929	0.01028	0.01125	0.00706	0.00804	0.01202	0.01337	0.01747	0.03202	0.12671	0.05572	0.25980	0.01721	0.00414	0.00599	0.38146	0.00550	0.00541
6	0.01470	0.01239	0.01433	0.01031	0.01623	0.00975	0.00827	0.06299	0.01510	0.02324	0.01221	0.01406	0.01004	0.00518	0.00509	0.00106	0.00513	0.00411	0.00416	0.75164
7	0.01648	0.01571	0.02653	0.10348	0.57950	0.01607	0.05320	0.04119	0.04134	0.02230	0.01325	0.01709	0.01084	0.00621	0.00672	0.00204	0.00811	0.00613	0.00352	0.01028
8	0.01643	0.01586	0.02372	0.09186	0.48587	0.05136	0.01798	0.02239	0.11544	0.02212	0.03683	0.01870	0.01343	0.00696	0.00718	0.00207	0.03156	0.00632	0.00392	0.00999
9	0.02422	0.03039	0.01983	0.01966	0.09047	0.66557	0.01372	0.02618	0.01864	0.01697	0.01060	0.01255	0.00884	0.00682	0.00611	0.00175	0.01169	0.00449	0.00344	0.00806
10	0.01391	0.01193	0.01391	0.00994	0.01590	0.00894	0.00795	0.01690	0.01391	0.02186	0.01193	0.01391	0.00994	0.00497	0.00497	0.00099	0.00497	0.00398	0.00398	0.80521
11	0.01641	0.01574	0.02688	0.07660	0.68846	0.01589	0.02049	0.02042	0.01519	0.02168	0.01259	0.01667	0.01054	0.00602	0.00665	0.00201	0.00802	0.00598	0.00330	0.01047
12	0.01391	0.01193	0.01391	0.00994	0.01590	0.00894	0.00795	0.01690	0.01391	0.02186	0.01193	0.01391	0.00994	0.00497	0.00497	0.00099	0.00497	0.00398	0.00398	0.80521
13	0.01535	0.08575	0.51580	0.01691	0.02503	0.01528	0.02036	0.02145	0.01440	0.09211	0.01419	0.01758	0.01079	0.03160	0.00769	0.00223	0.03199	0.02513	0.00357	0.03279
14	0.01794	0.76823	0.03516	0.01148	0.01722	0.02655	0.01148	0.02009	0.01363	0.01579	0.00933	0.01076	0.00861	0.00574	0.00431	0.00144	0.00718	0.00359	0.00287	0.00861
15	0.00959	0.00719	0.01078	0.01078	0.01198	0.00839	0.00839	0.01198	0.01078	0.01558	0.01797	0.02636	0.01677	0.05032	0.73760	0.01078	0.01797	0.00719	0.00359	0.00599
16	0.01411	0.03088	0.60463	0.01981	0.06165	0.01500	0.05221	0.02121	0.01471	0.04665	0.04748	0.01654	0.01167	0.00676	0.00654	0.00212	0.00940	0.00555	0.00330	0.00979
17	0.01242	0.01329	0.07309	0.13324	0.10641	0.01220	0.15233	0.01667	0.04408	0.01943	0.02310	0.26691	0.03835	0.01190	0.00804	0.00241	0.02688	0.02704	0.00449	0.00773
18	0.01482	0.01230	0.01344	0.01260	0.01563	0.01379	0.00972	0.06063	0.47478	0.02582	0.03058	0.16655	0.05058	0.01220	0.00735	0.00240	0.00514	0.05581	0.00664	0.00921
19	0.00968	0.00647	0.00734	0.00742	0.00744	0.00645	0.00417	0.00974	0.00991	0.01321	0.02191	0.07872	0.02537	0.72806	0.03291	0.00632	0.00638	0.01021	0.00417	0.00413
20	0.02088	0.01687	0.04788	0.03856	0.19396	0.04163	0.09825	0.18918	0.08761	0.14707	0.01742	0.01862	0.01274	0.00850	0.02815	0.00233	0.00812	0.00646	0.00533	0.01043
21	0.81159	0.01298	0.00986	0.00882	0.01298	0.01505	0.00727	0.01972	0.01142	0.03010	0.00934	0.01090	0.00727	0.00623	0.00415	0.00208	0.00519	0.00363	0.00415	0.00727
22	0.02506	0.03198	0.01901	0.01729	0.02074	0.73725	0.01296	0.02679	0.01901	0.01642	0.01037	0.01210	0.00864	0.00691	0.00605	0.00173	0.01210	0.00432	0.00346	0.00778
23	0.01452	0.01201	0.01269	0.01150	0.01486	0.01310	0.00892	0.04713	0.44815	0.04369	0.05661	0.03708	0.22867	0.01151	0.00718	0.00226	0.00476	0.00958	0.00670	0.00909
24	0.01860	0.65968	0.05922	0.01219	0.01805	0.02552	0.01211	0.09398	0.01560	0.01887	0.01017	0.01147	0.00891	0.00602	0.00464	0.00152	0.00730	0.00391	0.00329	0.00896
25	0.01794	0.76823	0.03516	0.01148	0.01722	0.02655	0.01148	0.02009	0.01363	0.01579	0.00933	0.01076	0.00861	0.00574	0.00431	0.00144	0.00718	0.00359	0.00287	0.00861
26	0.02049	0.10412	0.01999	0.01721	0.07506	0.33387	0.01254	0.02888	0.27587	0.02113	0.01675	0.01714	0.01321	0.00753	0.00620	0.00192	0.00870	0.00559	0.00464	0.00916
27	0.00976	0.00651	0.00732	0.00732	0.00732	0.00651	0.00407	0.00976	0.00976	0.01301	0.02114	0.04391	0.02439	0.76419	0.03415	0.00651	0.00651	0.00976	0.00407	0.00407
28	0.01470	0.01400	0.02379	0.38356	0.39486	0.01544	0.01964	0.01892	0.01438	0.01961	0.01228	0.01723	0.00981	0.00633	0.00667	0.00211	0.00844	0.00597	0.00316	0.00909
