[name]
unknown

[dist]
# distance from previous block
# <min> <max>
2	108

[block]
# block no. 0 follows, 34 sequences, length 39
# corresponding to MSA columns:
# 223-261
name=unknown_A
#
# <colnr> <probs for GDERKNQSTAVLIFYWHMCP>
#	G	D	E	R	K	N	Q	S	T	A	V	L	I	F	Y	W	H	M	C	P
0	0.05433	0.05976	0.10588	0.19108	0.12961	0.03121	0.01444	0.03967	0.05497	0.07094	0.01745	0.14912	0.01596	0.00909	0.00686	0.00213	0.02737	0.00772	0.00420	0.00821
1	0.01649	0.08234	0.05685	0.08708	0.16103	0.05774	0.09426	0.06597	0.04678	0.08312	0.03878	0.04102	0.01395	0.02799	0.05402	0.02725	0.02617	0.00649	0.00414	0.00852
2	0.05965	0.01718	0.08829	0.08996	0.18844	0.07838	0.05506	0.11865	0.04991	0.02259	0.01582	0.01909	0.04697	0.03581	0.03546	0.00250	0.05747	0.00615	0.00396	0.00866
3	0.03712	0.03436	0.06268	0.18258	0.22124	0.13976	0.01507	0.04031	0.01496	0.03697	0.01361	0.04996	0.01147	0.00822	0.02843	0.00216	0.00825	0.00589	0.05221	0.03475
4	0.05758	0.04523	0.09214	0.01665	0.11867	0.10433	0.01245	0.15410	0.05086	0.03804	0.01636	0.06162	0.03198	0.04110	0.03246	0.02614	0.00751	0.00631	0.00441	0.08206
5	0.05376	0.07290	0.16098	0.05976	0.15049	0.05463	0.01464	0.12278	0.04785	0.02322	0.03535	0.01865	0.03578	0.02527	0.04386	0.00241	0.00787	0.00580	0.03193	0.03209
6	0.04886	0.13820	0.07797	0.06183	0.09501	0.01616	0.05424	0.11810	0.11966	0.11535	0.07645	0.01946	0.01602	0.00741	0.00615	0.00194	0.00673	0.00616	0.00499	0.00931
7	0.08198	0.04152	0.08395	0.03804	0.18347	0.05412	0.07040	0.07055	0.10512	0.02296	0.04943	0.02134	0.01509	0.02996	0.02882	0.00235	0.00752	0.04047	0.00426	0.04864
8	0.04033	0.04818	0.07778	0.08912	0.27250	0.05904	0.05042	0.09445	0.03910	0.04231	0.01314	0.01632	0.01054	0.03141	0.00697	0.00199	0.00766	0.00552	0.00383	0.08939
9	0.04128	0.03736	0.08865	0.06630	0.14119	0.04898	0.05359	0.16709	0.01807	0.08236	0.06010	0.13041	0.01820	0.00909	0.00666	0.00206	0.00703	0.00788	0.00490	0.00883
10	0.01460	0.01024	0.04466	0.01056	0.01386	0.00861	0.02876	0.05026	0.04023	0.16447	0.11216	0.18432	0.11260	0.04339	0.00809	0.00224	0.00494	0.02995	0.00598	0.11009
11	0.01275	0.00753	0.00960	0.00901	0.01118	0.00676	0.00673	0.01530	0.03271	0.15916	0.25777	0.25442	0.13020	0.01422	0.00745	0.00218	0.00388	0.01247	0.00666	0.04003
12	0.01315	0.01187	0.05515	0.09868	0.04007	0.01121	0.04203	0.08354	0.10032	0.04436	0.16131	0.08096	0.12439	0.01093	0.00732	0.00213	0.01979	0.04159	0.00547	0.04574
13	0.01253	0.01022	0.01525	0.12981	0.15502	0.01084	0.02992	0.01718	0.10709	0.04848	0.04390	0.19771	0.04520	0.04320	0.08444	0.02020	0.00717	0.00967	0.00470	0.00747
14	0.04913	0.13388	0.08218	0.03103	0.01827	0.12815	0.04689	0.08713	0.03604	0.01971	0.01556	0.03644	0.04582	0.04696	0.08922	0.00306	0.09125	0.00603	0.00380	0.02945
15	0.04387	0.08880	0.01661	0.01271	0.04806	0.01374	0.00981	0.19811	0.05379	0.09803	0.03502	0.08165	0.01663	0.04228	0.02811	0.00223	0.00616	0.03030	0.00527	0.16883
16	0.00968	0.00666	0.00766	0.00759	0.00785	0.00685	0.00454	0.01070	0.04166	0.01338	0.02038	0.04009	0.02273	0.67977	0.08947	0.00641	0.00711	0.00910	0.00400	0.00435
17	0.01636	0.06444	0.32020	0.01464	0.02079	0.01289	0.04511	0.02192	0.05683	0.17949	0.07111	0.02242	0.01665	0.04796	0.03827	0.00259	0.00784	0.02682	0.00467	0.00899
18	0.01981	0.02033	0.07559	0.04250	0.15723	0.19329	0.03724	0.13870	0.11465	0.07206	0.01479	0.01618	0.01127	0.00722	0.00715	0.00198	0.05052	0.00562	0.00450	0.00938
19	0.01758	0.01002	0.01294	0.01226	0.06767	0.00950	0.00885	0.08773	0.04298	0.25079	0.20883	0.03512	0.14197	0.01124	0.00770	0.03179	0.00484	0.02316	0.00665	0.00836
20	0.03886	0.05028	0.17320	0.04397	0.21788	0.01590	0.10813	0.10691	0.03502	0.04206	0.03810	0.01662	0.01172	0.00669	0.00703	0.00199	0.04204	0.00585	0.00387	0.03387
21	0.01634	0.18877	0.16905	0.04690	0.09013	0.08949	0.07980	0.06329	0.05046	0.02005	0.03805	0.01540	0.01131	0.00700	0.00751	0.00195	0.08696	0.00536	0.00349	0.00870
22	0.01568	0.01517	0.02629	0.09205	0.64844	0.01533	0.05261	0.01963	0.01461	0.02075	0.01215	0.01615	0.01009	0.00579	0.00646	0.00195	0.00790	0.00585	0.00318	0.00994
23	0.01904	0.14867	0.14817	0.01692	0.06826	0.30067	0.01434	0.04122	0.14417	0.01952	0.01334	0.01444	0.01055	0.00673	0.00580	0.00181	0.00894	0.00487	0.00379	0.00875
24	0.01572	0.01507	0.02573	0.09122	0.68318	0.01528	0.01969	0.01959	0.01458	0.02078	0.01211	0.01608	0.01012	0.00581	0.00640	0.00194	0.00774	0.00576	0.00317	0.01002
25	0.04896	0.12134	0.34633	0.04029	0.08600	0.14329	0.05583	0.02076	0.01449	0.01926	0.01188	0.01555	0.00957	0.00654	0.00597	0.00193	0.00914	0.03107	0.00309	0.00874
26	0.01977	0.01680	0.01608	0.01377	0.01775	0.11746	0.01084	0.19165	0.39407	0.07295	0.04458	0.02102	0.01721	0.00833	0.00647	0.00204	0.00645	0.00661	0.00621	0.00994
27	0.00929	0.00669	0.00922	0.00922	0.00997	0.00745	0.00663	0.01079	0.01004	0.01414	0.01837	0.03127	0.01871	0.30086	0.49841	0.00895	0.01346	0.00778	0.00362	0.00512
28	0.00810	0.00713	0.04431	0.00919	0.01024	0.00576	0.00677	0.00961	0.01271	0.01680	0.03783	0.64945	0.11995	0.01909	0.00807	0.00254	0.00399	0.01714	0.00583	0.00549
29	0.01573	0.27743	0.34246	0.01470	0.02156	0.05128	0.01650	0.04388	0.06268	0.03890	0.04835	0.01520	0.01197	0.00660	0.00558	0.00181	0.00795	0.00491	0.00351	0.00899
30	0.01003	0.00724	0.00932	0.01004	0.01161	0.00708	0.00828	0.01326	0.04103	0.02048	0.15703	0.08619	0.12302	0.04119	0.00898	0.00270	0.00486	0.37954	0.05213	0.00598
31	0.00814	0.00625	0.00745	0.00781	0.00920	0.00557	0.00561	0.01000	0.01494	0.01951	0.24184	0.29595	0.31090	0.01678	0.00784	0.00229	0.00337	0.01468	0.00631	0.00557
32	0.01411	0.07122	0.12546	0.29367	0.13969	0.05775	0.01725	0.01795	0.01304	0.01744	0.01113	0.01559	0.00908	0.00891	0.04202	0.00250	0.12684	0.00539	0.00294	0.00801
33	0.01024	0.00847	0.02694	0.00924	0.01175	0.00744	0.03387	0.01370	0.07126	0.05328	0.08772	0.08325	0.42013	0.04146	0.00853	0.00242	0.00440	0.09362	0.00594	0.00636
34	0.00931	0.00661	0.00880	0.00880	0.00940	0.00722	0.00610	0.01052	0.00991	0.01383	0.01876	0.03341	0.01964	0.39266	0.40788	0.00843	0.01206	0.00810	0.00368	0.00489
35	0.01516	0.02068	0.26759	0.02183	0.18649	0.02797	0.08951	0.04935	0.07006	0.06302	0.06447	0.02120	0.05868	0.00747	0.00661	0.00204	0.00781	0.00663	0.00415	0.00929
36	0.11076	0.02160	0.12792	0.01947	0.14461	0.22558	0.03850	0.06113	0.03708	0.06910	0.01361	0.05031	0.01119	0.00733	0.00659	0.00196	0.03497	0.00565	0.00399	0.00866
37	0.01504	0.07822	0.06841	0.35998	0.12693	0.04446	0.03589	0.07127	0.07642	0.02006	0.01286	0.01643	0.00994	0.00669	0.00671	0.00204	0.03106	0.00562	0.00352	0.00843
38	0.06443	0.34299	0.06515	0.01332	0.04219	0.13652	0.01155	0.07725	0.04439	0.01969	0.01133	0.01343	0.00966	0.03420	0.00601	0.00173	0.00744	0.00434	0.00355	0.09082

[dist]
# distance from previous block
# <min> <max>
0	2

[block]
# block no. 1 follows, 34 sequences, length 174
# corresponding to MSA columns:
# 264-437
name=unknown_B
#
# <colnr> <probs for GDERKNQSTAVLIFYWHMCP>
#	G	D	E	R	K	N	Q	S	T	A	V	L	I	F	Y	W	H	M	C	P
0	0.01338	0.01304	0.01740	0.09922	0.06404	0.05793	0.03460	0.01677	0.06328	0.01727	0.01808	0.05906	0.06993	0.01447	0.08556	0.00325	0.31329	0.02848	0.00374	0.00720
1	0.01292	0.01217	0.02055	0.57190	0.19852	0.01429	0.01799	0.01702	0.01331	0.01755	0.01240	0.04074	0.01006	0.00674	0.00650	0.00212	0.00825	0.00615	0.00304	0.00781
2	0.01292	0.01206	0.01948	0.56274	0.07969	0.01439	0.04311	0.01899	0.10437	0.01865	0.04100	0.01924	0.01219	0.00694	0.00656	0.00214	0.00798	0.00624	0.00354	0.00777
3	0.57933	0.04623	0.04042	0.01073	0.01492	0.15259	0.00902	0.04524	0.01325	0.02608	0.00952	0.01101	0.00748	0.00617	0.00452	0.00191	0.00657	0.00375	0.00387	0.00738
4	0.01368	0.01355	0.01984	0.07359	0.01936	0.01822	0.04739	0.01563	0.01099	0.01662	0.06100	0.01700	0.01235	0.01079	0.01844	0.00269	0.61243	0.00619	0.00316	0.00709
5	0.00999	0.00682	0.00877	0.00816	0.00991	0.00621	0.00616	0.01289	0.01799	0.06008	0.63719	0.04818	0.11669	0.01323	0.00757	0.00204	0.00319	0.01160	0.00706	0.00628
6	0.01289	0.03075	0.64999	0.01814	0.02705	0.01445	0.05536	0.01987	0.01366	0.02034	0.01258	0.04276	0.00964	0.00659	0.00624	0.00203	0.00921	0.00540	0.00292	0.04012
7	0.00940	0.00626	0.00705	0.00705	0.00705	0.00626	0.00392	0.00940	0.00940	0.01253	0.02036	0.04228	0.02349	0.77292	0.03289	0.00626	0.00626	0.00940	0.00392	0.00392
8	0.00773	0.00652	0.00670	0.00673	0.00881	0.00548	0.00502	0.00943	0.01485	0.01792	0.10344	0.08678	0.66590	0.01632	0.00766	0.00219	0.00328	0.01369	0.00607	0.00548
9	0.01014	0.00958	0.05562	0.01305	0.04845	0.00917	0.05966	0.01286	0.01128	0.01597	0.01900	0.02669	0.05051	0.09157	0.52670	0.00819	0.01444	0.00730	0.00355	0.00627
10	0.02301	0.01220	0.01511	0.01210	0.01617	0.01224	0.00983	0.19728	0.04765	0.37114	0.11592	0.05959	0.02177	0.00941	0.00745	0.00207	0.04256	0.00758	0.00709	0.00985
11	0.02887	0.01120	0.01512	0.01159	0.01659	0.00979	0.00957	0.05053	0.01883	0.71758	0.02521	0.02181	0.01585	0.00799	0.00650	0.00200	0.00554	0.00648	0.00795	0.01100
12	0.00871	0.00642	0.00896	0.06367	0.01274	0.00636	0.00777	0.01045	0.01293	0.01708	0.03358	0.57090	0.03913	0.01875	0.00826	0.00266	0.00455	0.15580	0.00576	0.00553
13	0.01583	0.01476	0.02529	0.13553	0.60185	0.01508	0.03677	0.01973	0.01459	0.04054	0.01246	0.01636	0.01017	0.00591	0.00644	0.00196	0.00782	0.00582	0.00329	0.00980
14	0.01421	0.01470	0.01722	0.03590	0.01733	0.14764	0.05267	0.01631	0.01200	0.01573	0.01227	0.01800	0.01129	0.02330	0.27757	0.00527	0.29269	0.00596	0.00317	0.00678
15	0.01016	0.00725	0.01012	0.01161	0.01298	0.00722	0.00997	0.01294	0.01462	0.01905	0.03435	0.14310	0.03775	0.01809	0.00886	0.00294	0.00573	0.62144	0.00595	0.00588
16	0.01483	0.11404	0.34813	0.02138	0.19078	0.01540	0.03612	0.03320	0.01471	0.04843	0.06391	0.01675	0.01294	0.00652	0.00608	0.00190	0.00798	0.00547	0.00349	0.03793
17	0.07311	0.11474	0.45447	0.01651	0.02423	0.01622	0.05842	0.03920	0.06939	0.05609	0.01311	0.01452	0.00955	0.00635	0.00590	0.00198	0.00839	0.00500	0.00350	0.00933
18	0.00936	0.00640	0.00772	0.00772	0.00795	0.00663	0.00475	0.00983	0.00959	0.01302	0.01975	0.03889	0.02202	0.62748	0.17631	0.00709	0.00848	0.00890	0.00382	0.00429
19	0.70171	0.01528	0.03843	0.00976	0.01390	0.09379	0.00824	0.01979	0.01189	0.02724	0.00920	0.01074	0.00719	0.00607	0.00428	0.00196	0.00589	0.00362	0.00388	0.00715
20	0.00908	0.00656	0.00858	0.00817	0.00964	0.00606	0.00609	0.01204	0.01800	0.02546	0.69573	0.08304	0.06009	0.01355	0.00765	0.00206	0.00308	0.01201	0.00706	0.00606
21	0.01615	0.02147	0.14839	0.01772	0.02086	0.18808	0.07812	0.01911	0.01326	0.01718	0.02431	0.01528	0.02265	0.00890	0.01320	0.00233	0.35658	0.00559	0.00310	0.00771
22	0.01428	0.01448	0.05683	0.17339	0.43372	0.01466	0.01804	0.01806	0.01365	0.01926	0.01289	0.01871	0.01109	0.00985	0.06112	0.00269	0.06481	0.03037	0.00320	0.00889
23	0.01727	0.77681	0.03386	0.01106	0.01658	0.02557	0.01106	0.01935	0.01313	0.01520	0.00898	0.01036	0.00829	0.00553	0.00415	0.00138	0.00691	0.00345	0.00276	0.00829
24	0.00785	0.00572	0.00740	0.00875	0.00931	0.00527	0.00589	0.00902	0.01261	0.01659	0.03860	0.69806	0.11146	0.01986	0.00819	0.00258	0.00370	0.01790	0.00600	0.00527
25	0.01626	0.12040	0.51448	0.01642	0.02462	0.01597	0.01974	0.06991	0.01534	0.10877	0.01325	0.01439	0.00935	0.00640	0.00596	0.00195	0.00856	0.00490	0.00364	0.00967
26	0.01329	0.00757	0.00984	0.00881	0.01116	0.00680	0.00685	0.01606	0.01782	0.17762	0.47953	0.04504	0.12442	0.01260	0.00743	0.00208	0.00370	0.03516	0.00714	0.00707
27	0.00923	0.00692	0.01038	0.01038	0.01154	0.00808	0.00808	0.01154	0.01038	0.01500	0.01731	0.02538	0.01615	0.04846	0.74732	0.01038	0.01731	0.00692	0.00346	0.00577
28	0.01599	0.01535	0.02623	0.03966	0.73262	0.01535	0.01983	0.01983	0.01471	0.02111	0.01215	0.01599	0.01023	0.00576	0.00640	0.00192	0.00768	0.00576	0.00320	0.01023
29	0.02398	0.01367	0.01900	0.07811	0.14669	0.03156	0.03935	0.13484	0.01912	0.39660	0.01956	0.01909	0.01316	0.00731	0.00650	0.00199	0.00675	0.00618	0.00619	0.01037
30	0.00789	0.00582	0.00739	0.00855	0.00928	0.00532	0.00582	0.00920	0.01305	0.01711	0.07378	0.61635	0.15827	0.01926	0.00812	0.00252	0.00364	0.01726	0.00605	0.00532
31	0.00812	0.00645	0.00734	0.00774	0.00941	0.00568	0.00579	0.00994	0.01465	0.01837	0.12912	0.20494	0.45018	0.01695	0.00788	0.00233	0.00360	0.07986	0.00612	0.00553
32	0.01810	0.61600	0.03196	0.01302	0.01831	0.12736	0.06169	0.02036	0.01402	0.01569	0.00942	0.01106	0.00841	0.00568	0.00464	0.00148	0.00787	0.00386	0.00288	0.00821
33	0.00899	0.00687	0.00830	0.00802	0.00974	0.00635	0.00598	0.01227	0.05057	0.02310	0.47372	0.10276	0.23078	0.01432	0.00762	0.00212	0.00326	0.01246	0.00672	0.00607
34	0.00897	0.00630	0.00821	0.00933	0.00993	0.00612	0.00673	0.01034	0.01234	0.01631	0.03141	0.39038	0.03636	0.20743	0.01459	0.00363	0.00500	0.20605	0.00546	0.00511
35	0.01340	0.01148	0.01340	0.00957	0.01531	0.00861	0.00766	0.01627	0.01340	0.02105	0.01148	0.01340	0.00957	0.00479	0.00479	0.00096	0.00479	0.00383	0.00383	0.81242
36	0.01577	0.01666	0.07776	0.03812	0.68171	0.01533	0.02012	0.01988	0.01464	0.02106	0.01211	0.01582	0.01009	0.00578	0.00638	0.00193	0.00781	0.00569	0.00316	0.01019
37	0.72987	0.06791	0.01235	0.00940	0.01361	0.01537	0.03421	0.01908	0.01131	0.02768	0.00915	0.01075	0.00720	0.00594	0.00415	0.00196	0.00536	0.00365	0.00388	0.00716
38	0.01550	0.01460	0.02444	0.08259	0.54801	0.01464	0.05185	0.04553	0.01537	0.02181	0.05445	0.01790	0.01309	0.00626	0.00646	0.00191	0.00746	0.00611	0.00357	0.04846
39	0.00954	0.00663	0.00843	0.00870	0.00924	0.00690	0.00606	0.01062	0.01063	0.01435	0.02220	0.04402	0.02432	0.46790	0.19252	0.00661	0.00874	0.13367	0.00418	0.00471
40	0.00812	0.00656	0.00721	0.00705	0.00902	0.00566	0.00529	0.01020	0.01586	0.02015	0.27691	0.05775	0.51686	0.01536	0.00763	0.00213	0.00320	0.01301	0.00635	0.00566
41	0.01640	0.01161	0.01375	0.01031	0.01550	0.00969	0.00827	0.05305	0.06644	0.13887	0.05726	0.01772	0.01444	0.00623	0.00544	0.00133	0.00493	0.00507	0.00502	0.53866
42	0.01558	0.01449	0.01965	0.19627	0.08148	0.05050	0.09856	0.08152	0.26286	0.02319	0.02020	0.02299	0.04347	0.00802	0.00674	0.00214	0.00730	0.03136	0.00480	0.00889
43	0.02375	0.02999	0.01813	0.01648	0.01982	0.71200	0.01238	0.02621	0.05194	0.01635	0.01077	0.01225	0.00887	0.00676	0.00586	0.00169	0.01134	0.00431	0.00348	0.00762
44	0.01100	0.00819	0.01167	0.06706	0.05652	0.00798	0.03372	0.01349	0.01448	0.07044	0.11277	0.13281	0.23184	0.01817	0.09664	0.00327	0.00640	0.09156	0.00546	0.00652
45	0.00949	0.00633	0.00791	0.00819	0.00862	0.00635	0.00545	0.00985	0.01050	0.01393	0.02429	0.10178	0.06686	0.41758	0.09538	0.11141	0.00683	0.08064	0.00424	0.00437
46	0.01529	0.01726	0.03699	0.02655	0.03295	0.01633	0.67542	0.02136	0.04931	0.02100	0.01371	0.01775	0.01028	0.00561	0.00757	0.00218	0.01061	0.00761	0.00343	0.00879
47	0.05583	0.01159	0.01459	0.01153	0.01606	0.01097	0.00941	0.09966	0.07505	0.51195	0.09286	0.02362	0.01983	0.00847	0.00651	0.00201	0.00538	0.00688	0.00749	0.01030
48	0.01230	0.02566	0.51697	0.01590	0.02304	0.01292	0.01901	0.01898	0.05538	0.02040	0.05172	0.05371	0.03801	0.00918	0.00735	0.03321	0.00808	0.06594	0.00369	0.00855
49	0.00920	0.00618	0.00710	0.00730	0.00735	0.00613	0.00418	0.00935	0.00978	0.01304	0.02231	0.13538	0.02596	0.67647	0.02973	0.00580	0.00594	0.01055	0.00418	0.00409
50	0.01187	0.00946	0.01466	0.04964	0.01743	0.00972	0.09330	0.06444	0.01536	0.02033	0.02749	0.08103	0.02861	0.01850	0.08814	0.00355	0.00789	0.42666	0.00525	0.00665
51	0.01400	0.01408	0.01830	0.01599	0.01631	0.06088	0.01312	0.01549	0.01055	0.01556	0.01063	0.05108	0.01078	0.01468	0.08256	0.00340	0.61634	0.00628	0.00306	0.00689
52	0.00924	0.00689	0.01022	0.01022	0.01132	0.00799	0.00787	0.01143	0.01034	0.01488	0.01746	0.02621	0.01651	0.08402	0.71225	0.01018	0.01677	0.00704	0.00348	0.00568
53	0.01340	0.01148	0.01340	0.00957	0.01531	0.00861	0.00766	0.01627	0.01340	0.02105	0.01148	0.01340	0.00957	0.00479	0.00479	0.00096	0.00479	0.00383	0.00383	0.81242
54	0.01526	0.01461	0.02491	0.17809	0.59990	0.01516	0.01947	0.01919	0.01437	0.02022	0.01202	0.01623	0.00992	0.00589	0.00641	0.00196	0.00786	0.00575	0.00314	0.00965
55	0.01476	0.01963	0.14865	0.02467	0.03096	0.01651	0.52171	0.02009	0.01440	0.02009	0.01232	0.01645	0.00940	0.00621	0.00890	0.00223	0.09428	0.00695	0.00313	0.00867
56	0.01525	0.01743	0.03813	0.02723	0.03377	0.01634	0.70915	0.02070	0.01525	0.02070	0.01307	0.01743	0.00980	0.00545	0.00763	0.00218	0.01089	0.00763	0.00327	0.00871
57	0.01435	0.14399	0.03145	0.02080	0.02598	0.01608	0.44497	0.01844	0.01382	0.01844	0.01344	0.01888	0.01130	0.05702	0.11856	0.00350	0.01090	0.00692	0.00325	0.00792
58	0.01312	0.00714	0.00767	0.00727	0.00919	0.00721	0.00554	0.01759	0.08321	0.06653	0.09830	0.02658	0.02163	0.00829	0.00517	0.00166	0.00337	0.00679	0.59702	0.00673
59	0.05157	0.00903	0.01097	0.00915	0.01281	0.00787	0.00733	0.02092	0.01655	0.38062	0.05722	0.03953	0.32646	0.01166	0.00691	0.00208	0.00446	0.00958	0.00695	0.00832
60	0.00891	0.00736	0.00792	0.00773	0.00987	0.00679	0.00580	0.01271	0.09669	0.02013	0.18639	0.08981	0.48647	0.01508	0.00754	0.00218	0.00347	0.01277	0.00628	0.00612
61	0.01711	0.52300	0.12889	0.06682	0.02101	0.02162	0.04746	0.02029	0.01370	0.07164	0.01099	0.01255	0.00897	0.00586	0.00494	0.00162	0.00748	0.00424	0.00319	0.00861
62	0.00827	0.00589	0.00780	0.00896	0.00954	0.00554	0.00617	0.00971	0.01318	0.01775	0.12913	0.59501	0.04397	0.05517	0.00938	0.00274	0.00390	0.05650	0.00605	0.00534
63	0.00787	0.00562	0.00750	0.00900	0.00937	0.00525	0.00600	0.00900	0.01237	0.01649	0.03561	0.76871	0.04274	0.02024	0.00825	0.00262	0.00375	0.01837	0.00600	0.00525
64	0.01402	0.10875	0.47195	0.01617	0.02366	0.01522	0.05877	0.06011	0.01480	0.02168	0.03512	0.01590	0.01107	0.00651	0.00589	0.00191	0.00824	0.00522	0.09607	0.00893
65	0.01555	0.07215	0.05460	0.02944	0.23678	0.01668	0.43728	0.02034	0.01489	0.02041	0.01247	0.01639	0.00977	0.00556	0.00697	0.00204	0.00963	0.00670	0.00320	0.00915
66	0.01041	0.00744	0.01041	0.01190	0.01339	0.00744	0.01041	0.01339	0.01487	0.01934	0.03421	0.07288	0.03719	0.01785	0.00892	0.00297	0.00595	0.68913	0.00595	0.00595
67	0.01296	0.03342	0.73944	0.01842	0.02797	0.01501	0.02387	0.02046	0.01364	0.02046	0.01160	0.01364	0.00818	0.00614	0.00614	0.00205	0.00955	0.00477	0.00273	0.00955
68	0.01635	0.47671	0.10757	0.03909	0.10495	0.05643	0.01381	0.01923	0.01347	0.01665	0.01138	0.01340	0.02939	0.00636	0.00589	0.00167	0.05185	0.00441	0.00294	0.00844
69	0.02077	0.02528	0.01696	0.06902	0.02015	0.56386	0.01202	0.02264	0.01663	0.01592	0.01202	0.04353	0.01072	0.02461	0.06315	0.00251	0.02930	0.00521	0.01857	0.00715
70	0.60378	0.01255	0.01147	0.08201	0.01630	0.01435	0.00856	0.07421	0.01326	0.07181	0.01114	0.01268	0.00832	0.00635	0.00460	0.00199	0.00549	0.00416	0.02945	0.00754
71	0.00900	0.00653	0.00848	0.00813	0.00960	0.00601	0.00605	0.01186	0.01773	0.02493	0.65522	0.10082	0.08372	0.01383	0.00767	0.00208	0.00311	0.01224	0.00699	0.00601
72	0.00942	0.00695	0.00832	0.00901	0.01073	0.00655	0.00731	0.01210	0.03145	0.01904	0.04502	0.11843	0.30598	0.01620	0.00786	0.00247	0.00441	0.28573	0.08719	0.00581
73	0.01452	0.01145	0.01351	0.00971	0.01540	0.00868	0.00779	0.01737	0.01377	0.07279	0.01250	0.01402	0.01003	0.00502	0.00491	0.00103	0.00484	0.00402	0.00413	0.75452
74	0.01727	0.77681	0.03386	0.01106	0.01658	0.02557	0.01106	0.01935	0.01313	0.01520	0.00898	0.01036	0.00829	0.00553	0.00415	0.00138	0.00691	0.00345	0.00276	0.00829
75	0.01452	0.01209	0.06808	0.04721	0.01557	0.06254	0.00979	0.03604	0.01400	0.11930	0.10329	0.02456	0.01931	0.06637	0.21320	0.07053	0.02361	0.00677	0.00453	0.06869
76	0.01355	0.07211	0.63167	0.01787	0.02636	0.03387	0.02220	0.02018	0.01346	0.01971	0.01119	0.01345	0.00822	0.00649	0.00711	0.00206	0.06376	0.00475	0.00275	0.00925
77	0.01024	0.00748	0.01005	0.01118	0.01266	0.00750	0.00936	0.01384	0.05580	0.01989	0.08977	0.16209	0.05180	0.01725	0.00857	0.00279	0.00532	0.49224	0.00609	0.00611
78	0.06033	0.02780	0.53636	0.01832	0.02655	0.01449	0.12624	0.01960	0.01381	0.02078	0.01556	0.01754	0.06051	0.00676	0.00635	0.00207	0.00903	0.00578	0.00312	0.00898
79	0.01854	0.20316	0.17572	0.01437	0.01998	0.03474	0.04217	0.14128	0.05133	0.12541	0.01628	0.04678	0.01316	0.00789	0.00647	0.00195	0.02846	0.03840	0.00464	0.00924
80	0.01012	0.00825	0.01287	0.01246	0.01450	0.00786	0.10036	0.01287	0.01452	0.01888	0.05641	0.19603	0.13783	0.01632	0.00840	0.00266	0.00570	0.35221	0.00565	0.00611
81	0.00786	0.00567	0.00745	0.00888	0.00934	0.00526	0.00594	0.00901	0.01249	0.01654	0.03708	0.73403	0.07646	0.02005	0.00822	0.00260	0.00373	0.01814	0.00600	0.00526
82	0.00888	0.00645	0.00819	0.00918	0.02773	0.00586	0.00631	0.01057	0.01411	0.03910	0.14091	0.42851	0.21643	0.01748	0.00793	0.00240	0.00374	0.03436	0.00614	0.00573
83	0.02357	0.02893	0.01895	0.01820	0.07147	0.65134	0.01300	0.06570	0.01876	0.01766	0.01047	0.01219	0.00862	0.00666	0.00590	0.00170	0.01110	0.00437	0.00350	0.00789
84	0.00840	0.00692	0.00808	0.06125	0.01158	0.00628	0.00619	0.01064	0.01563	0.01983	0.25347	0.05491	0.48444	0.01474	0.00755	0.00214	0.00359	0.01250	0.00610	0.00576
85	0.00939	0.00629	0.00718	0.00718	0.00723	0.00634	0.00409	0.00948	0.00944	0.01263	0.02023	0.04159	0.02319	0.74331	0.06209	0.00643	0.00672	0.00930	0.00390	0.00399
86	0.78813	0.01271	0.00988	0.00874	0.01278	0.01471	0.00720	0.04552	0.01174	0.02944	0.00925	0.01069	0.00715	0.00607	0.00409	0.00200	0.00508	0.00359	0.00409	0.00715
87	0.01560	0.05419	0.10922	0.15618	0.32038	0.08585	0.01727	0.04618	0.03757	0.02042	0.04222	0.04029	0.01284	0.00693	0.00633	0.00196	0.00800	0.00606	0.00355	0.00896
88	0.01352	0.01263	0.02019	0.27937	0.16515	0.01486	0.05668	0.03211	0.03512	0.01794	0.01330	0.05402	0.01195	0.05356	0.01176	0.02306	0.16708	0.00671	0.00335	0.00762
89	0.51565	0.01395	0.01285	0.01061	0.01504	0.01560	0.00875	0.21808	0.01726	0.10041	0.01245	0.01304	0.00900	0.00669	0.00494	0.00198	0.00565	0.00445	0.00509	0.00852
90	0.01209	0.04806	0.01507	0.01268	0.01412	0.06498	0.05041	0.01391	0.01232	0.01638	0.05537	0.11643	0.08414	0.09790	0.13076	0.00408	0.20606	0.03487	0.00409	0.00627
91	0.01444	0.01125	0.01333	0.00966	0.01517	0.00858	0.00774	0.01729	0.01400	0.07709	0.04191	0.01549	0.01217	0.00538	0.00503	0.00108	0.00477	0.00436	0.00429	0.71697
92	0.00876	0.00631	0.00792	0.00855	0.00958	0.00596	0.00602	0.01123	0.04141	0.02001	0.22759	0.44301	0.09892	0.01682	0.00774	0.00234	0.00353	0.01501	0.05357	0.00573
93	0.01274	0.01286	0.04816	0.53543	0.15798	0.01409	0.04428	0.01694	0.01331	0.01760	0.01308	0.06111	0.01093	0.00710	0.00659	0.00214	0.00829	0.00652	0.00312	0.00773
94	0.01547	0.01482	0.02528	0.13917	0.63722	0.01521	0.01957	0.01937	0.01446	0.02047	0.01206	0.01616	0.01001	0.00585	0.00641	0.00195	0.00781	0.00575	0.00315	0.00981
95	0.00939	0.00658	0.00891	0.00905	0.00991	0.00713	0.00658	0.01113	0.01104	0.01582	0.05472	0.09429	0.02301	0.22131	0.39658	0.00745	0.01137	0.02822	0.06222	0.00530
96	0.01097	0.00633	0.00952	0.07143	0.01183	0.00669	0.00694	0.00962	0.00924	0.01237	0.01307	0.02289	0.01298	0.06784	0.09858	0.59033	0.00712	0.02557	0.00303	0.00364
97	0.01254	0.01307	0.06228	0.65888	0.09629	0.01447	0.01844	0.01700	0.01310	0.01709	0.01154	0.01692	0.00871	0.00639	0.00644	0.00213	0.00860	0.00569	0.00289	0.00755
98	0.01105	0.00875	0.01405	0.01391	0.01606	0.00860	0.10201	0.01435	0.01492	0.01951	0.03144	0.06561	0.03360	0.01622	0.00875	0.00287	0.00660	0.59978	0.00560	0.00631
99	0.01085	0.00758	0.01009	0.01111	0.01271	0.00751	0.00931	0.01416	0.04836	0.04489	0.03553	0.14160	0.08584	0.03885	0.00925	0.00290	0.00547	0.49181	0.00600	0.00617
100	0.00923	0.00692	0.01038	0.01038	0.01154	0.00808	0.00808	0.01154	0.01038	0.01500	0.01731	0.02538	0.01615	0.04846	0.74732	0.01038	0.01731	0.00692	0.00346	0.00577
101	0.01122	0.00561	0.00842	0.00842	0.00842	0.00561	0.00561	0.00842	0.00842	0.01122	0.01122	0.01964	0.01122	0.02245	0.02525	0.81201	0.00561	0.00561	0.00281	0.00281
102	0.01133	0.00868	0.01285	0.01297	0.01505	0.00875	0.07028	0.01563	0.06584	0.02029	0.03104	0.06171	0.03235	0.01552	0.00838	0.00276	0.00614	0.54092	0.05301	0.00650
103	0.05176	0.01129	0.01304	0.00966	0.01506	0.00883	0.00779	0.01623	0.01337	0.02133	0.01270	0.01676	0.01107	0.00561	0.00499	0.00113	0.00486	0.04414	0.00396	0.72642
104	0.01587	0.01523	0.02601	0.06238	0.71083	0.01532	0.01977	0.01972	0.01466	0.02096	0.01213	0.01603	0.01018	0.00578	0.00640	0.00193	0.00771	0.00576	0.00319	0.01014
105	0.00926	0.00626	0.00716	0.00731	0.00745	0.00620	0.00428	0.00948	0.00994	0.01317	0.02328	0.09628	0.04754	0.67288	0.02962	0.00578	0.00598	0.02982	0.00419	0.00412
106	0.01643	0.01471	0.02392	0.17721	0.51131	0.01540	0.01846	0.08172	0.01589	0.04432	0.01274	0.01638	0.01016	0.00614	0.00642	0.00197	0.00774	0.00578	0.00358	0.00973
107	0.02270	0.02824	0.01919	0.05539	0.09522	0.63501	0.01352	0.02472	0.01767	0.01640	0.01029	0.01238	0.00854	0.00655	0.00592	0.00172	0.01109	0.00440	0.00329	0.00776
108	0.01326	0.00750	0.01035	0.01127	0.05357	0.00686	0.00759	0.01496	0.01426	0.18278	0.06610	0.50112	0.05208	0.01614	0.00769	0.00240	0.00434	0.01446	0.00635	0.00691
109	0.02399	0.02267	0.01875	0.01545	0.01986	0.29318	0.01226	0.42075	0.05917	0.03070	0.01396	0.01448	0.01041	0.00739	0.00623	0.00185	0.00872	0.00527	0.00529	0.00964
110	0.01340	0.01148	0.01340	0.00957	0.01531	0.00861	0.00766	0.01627	0.01340	0.02105	0.01148	0.01340	0.00957	0.00479	0.00479	0.00096	0.00479	0.00383	0.00383	0.81242
111	0.01122	0.00561	0.00842	0.00842	0.00842	0.00561	0.00561	0.00842	0.00842	0.01122	0.01122	0.01964	0.01122	0.02245	0.02525	0.81201	0.00561	0.00561	0.00281	0.00281
112	0.01255	0.01066	0.01273	0.00968	0.01447	0.00855	0.00766	0.01520	0.01305	0.02002	0.01519	0.05633	0.03848	0.00999	0.06998	0.00196	0.02430	0.00528	0.00397	0.64999
113	0.00906	0.00630	0.00810	0.00835	0.00951	0.00581	0.00595	0.01102	0.01486	0.02095	0.32613	0.33008	0.06310	0.01581	0.00839	0.04096	0.00351	0.01340	0.06411	0.03459
114	0.01385	0.01175	0.01364	0.00979	0.01551	0.00908	0.00785	0.04467	0.01409	0.02186	0.01165	0.01348	0.00963	0.00491	0.00485	0.00100	0.00488	0.00391	0.00394	0.77967
115	0.01639	0.12797	0.11895	0.07223	0.12505	0.20186	0.05865	0.01950	0.01448	0.01732	0.01416	0.04115	0.03684	0.06257	0.00871	0.00222	0.04478	0.00595	0.00331	0.00791
116	0.01352	0.01275	0.03882	0.01232	0.03481	0.00994	0.06957	0.01675	0.01361	0.02096	0.02975	0.01473	0.01083	0.00533	0.00571	0.00121	0.02943	0.00449	0.00378	0.65169
117	0.01147	0.00795	0.00982	0.00916	0.01149	0.00717	0.00700	0.04734	0.01608	0.07331	0.23548	0.21355	0.13918	0.01394	0.00737	0.00212	0.00408	0.06562	0.00620	0.11167
118	0.01307	0.01120	0.01294	0.00946	0.01488	0.00862	0.00754	0.01633	0.03579	0.02098	0.01585	0.01726	0.06194	0.00575	0.00505	0.00108	0.00469	0.00465	0.00407	0.72884
119	0.05975	0.17781	0.04747	0.01665	0.08397	0.29544	0.01273	0.11417	0.09432	0.02147	0.01249	0.01366	0.01001	0.00667	0.00562	0.00175	0.00861	0.00471	0.00398	0.00871
120	0.03727	0.69048	0.07958	0.01161	0.01732	0.04193	0.01184	0.01957	0.01323	0.01591	0.00918	0.01062	0.00825	0.00561	0.00431	0.00145	0.00715	0.00356	0.00281	0.00832
121	0.01796	0.02695	0.02784	0.01138	0.01614	0.01189	0.00930	0.12384	0.14066	0.15826	0.05069	0.04858	0.03045	0.00774	0.00599	0.00167	0.00530	0.00633	0.00570	0.29333
122	0.00981	0.00752	0.01073	0.09415	0.08319	0.00779	0.00827	0.01144	0.01175	0.01606	0.02451	0.32967	0.02744	0.21269	0.08320	0.00412	0.00656	0.01193	0.03349	0.00568
123	0.01241	0.06673	0.47119	0.01562	0.02246	0.02775	0.03499	0.01828	0.02780	0.02035	0.10125	0.11687	0.01934	0.00885	0.00652	0.00208	0.00785	0.00742	0.00379	0.00845
124	0.00795	0.00582	0.00749	0.00869	0.00938	0.00536	0.00595	0.00928	0.01302	0.01715	0.07444	0.62908	0.13122	0.01935	0.00815	0.00254	0.00369	0.03005	0.00605	0.00533
125	0.02899	0.01100	0.01499	0.01150	0.01649	0.00950	0.00950	0.03149	0.01849	0.73709	0.02549	0.02199	0.01599	0.00800	0.00650	0.00200	0.00550	0.00650	0.00800	0.01100
126	0.01540	0.01516	0.02478	0.13643	0.46227	0.05079	0.08717	0.01901	0.01430	0.01956	0.01243	0.01757	0.01051	0.00698	0.00775	0.03308	0.03195	0.02261	0.00321	0.00903
127	0.00846	0.00617	0.00807	0.00900	0.00994	0.00594	0.00653	0.01016	0.01311	0.01752	0.08189	0.43950	0.13480	0.02232	0.10325	0.00353	0.00559	0.08285	0.02590	0.00549
128	0.02899	0.01100	0.01499	0.01150	0.01649	0.00950	0.00950	0.03149	0.01849	0.73709	0.02549	0.02199	0.01599	0.00800	0.00650	0.00200	0.00550	0.00650	0.00800	0.01100
129	0.00848	0.00666	0.00776	0.00805	0.00984	0.00594	0.00627	0.01061	0.01529	0.01941	0.18760	0.11064	0.41881	0.01630	0.00792	0.00233	0.00377	0.14245	0.00621	0.00566
130	0.01630	0.04486	0.37197	0.02048	0.10296	0.09595	0.10681	0.04302	0.01552	0.07220	0.04023	0.01606	0.01130	0.00651	0.00636	0.00198	0.00906	0.00556	0.00358	0.00927
131	0.01352	0.01289	0.02205	0.50447	0.27130	0.01473	0.03383	0.01770	0.01356	0.01812	0.01174	0.01682	0.00917	0.00621	0.00646	0.00208	0.00835	0.00579	0.00299	0.00822
132	0.00837	0.00669	0.00763	0.00815	0.00999	0.00595	0.00643	0.01031	0.01455	0.01785	0.05470	0.12850	0.48924	0.01710	0.00802	0.00243	0.00401	0.18853	0.00599	0.00556
133	0.04118	0.01213	0.01298	0.01098	0.01442	0.01316	0.00880	0.25038	0.15899	0.07765	0.02063	0.02226	0.01568	0.00816	0.00582	0.00188	0.00510	0.02770	0.28326	0.00885
134	0.02252	0.04121	0.01883	0.01438	0.01924	0.01937	0.01180	0.54466	0.17731	0.03699	0.01761	0.01719	0.01277	0.00790	0.00641	0.00198	0.00668	0.00606	0.00637	0.01074
135	0.00968	0.00712	0.00931	0.00950	0.04514	0.00652	0.00666	0.01253	0.01756	0.04003	0.57410	0.04829	0.16271	0.01322	0.00754	0.00205	0.00336	0.01159	0.00677	0.00631
136	0.01727	0.77681	0.03386	0.01106	0.01658	0.02557	0.01106	0.01935	0.01313	0.01520	0.00898	0.01036	0.00829	0.00553	0.00415	0.00138	0.00691	0.00345	0.00276	0.00829
137	0.00969	0.00739	0.00931	0.00866	0.01081	0.00643	0.00647	0.01221	0.01573	0.02226	0.37942	0.20236	0.07551	0.01336	0.00723	0.00198	0.00366	0.03302	0.00612	0.16837
138	0.01519	0.03646	0.02576	0.15299	0.07023	0.05415	0.29331	0.02170	0.13090	0.04095	0.01691	0.08186	0.01410	0.00759	0.00700	0.00214	0.00851	0.00770	0.00409	0.00847
139	0.02148	0.01709	0.01776	0.03323	0.01957	0.05412	0.01182	0.45345	0.21908	0.03450	0.01865	0.01938	0.01395	0.00824	0.00653	0.00203	0.00679	0.02573	0.00623	0.01037
140	0.01410	0.01603	0.13752	0.05824	0.18590	0.02661	0.08314	0.04683	0.04980	0.04507	0.18639	0.02581	0.05186	0.00855	0.00736	0.00206	0.03403	0.00758	0.00459	0.00852
141	0.00830	0.00653	0.00749	0.00733	0.00916	0.00573	0.00547	0.01053	0.01618	0.02109	0.35264	0.08428	0.41195	0.01515	0.00765	0.00213	0.00319	0.01298	0.00648	0.00573
142	0.01977	0.03804	0.03057	0.02856	0.03510	0.01806	0.02671	0.33658	0.33474	0.03227	0.01984	0.01923	0.01465	0.00800	0.00646	0.00205	0.00638	0.00643	0.00614	0.01041
143	0.01098	0.06526	0.12807	0.01050	0.01382	0.00994	0.00969	0.01626	0.09610	0.02366	0.42707	0.06389	0.07659	0.01145	0.00705	0.00204	0.00463	0.00985	0.00595	0.00721
144	0.00959	0.00662	0.00868	0.00868	0.00907	0.00715	0.00586	0.01016	0.00980	0.01351	0.01897	0.07551	0.02054	0.39773	0.25962	0.08806	0.03349	0.00862	0.00374	0.00458
145	0.01505	0.12954	0.12511	0.05304	0.12965	0.04492	0.26294	0.01936	0.01396	0.01881	0.01196	0.01581	0.00970	0.00919	0.06108	0.00262	0.05964	0.00597	0.00308	0.00855
146	0.01901	0.01469	0.01579	0.01345	0.01756	0.01656	0.01067	0.19664	0.50608	0.07989	0.02365	0.02190	0.01737	0.00847	0.00654	0.00212	0.00562	0.00689	0.00665	0.01046
147	0.04130	0.12635	0.10271	0.02427	0.29439	0.01779	0.03099	0.18161	0.01791	0.05438	0.01276	0.01487	0.00998	0.00654	0.00659	0.00191	0.03642	0.00534	0.00406	0.00984
148	0.01783	0.42572	0.20255	0.01383	0.02013	0.07186	0.01447	0.12803	0.01630	0.02051	0.01071	0.01206	0.00869	0.00610	0.00511	0.00165	0.00791	0.00419	0.00337	0.00896
149	0.00850	0.00640	0.00787	0.00788	0.00935	0.00576	0.00576	0.01080	0.01620	0.02186	0.42004	0.19153	0.23359	0.01540	0.00775	0.00219	0.00324	0.01349	0.00660	0.00576
150	0.01420	0.02083	0.30515	0.02046	0.19283	0.01278	0.01707	0.01937	0.02956	0.04915	0.01399	0.05915	0.01161	0.00668	0.00602	0.00179	0.00735	0.00571	0.00359	0.20269
151	0.04255	0.47256	0.21167	0.01311	0.01956	0.02123	0.01419	0.06069	0.01452	0.06155	0.01102	0.01220	0.00884	0.00598	0.00493	0.00164	0.00745	0.00411	0.00332	0.00889
152	0.02469	0.01536	0.01745	0.01353	0.01837	0.01630	0.01114	0.47880	0.02583	0.22457	0.01840	0.01793	0.01271	0.00978	0.04218	0.00235	0.00707	0.00606	0.02687	0.01061
153	0.00828	0.00657	0.00749	0.00781	0.00940	0.00592	0.00564	0.01065	0.04340	0.01883	0.15485	0.27681	0.38762	0.01678	0.00778	0.00230	0.00346	0.01455	0.00619	0.00568
154	0.01647	0.63896	0.16470	0.01242	0.01869	0.02361	0.01343	0.01955	0.01322	0.01618	0.00947	0.01097	0.00827	0.00564	0.00452	0.00151	0.00740	0.00370	0.00276	0.00853
155	0.01640	0.40055	0.11533	0.02075	0.21445	0.04115	0.04144	0.01970	0.01372	0.01768	0.01032	0.01274	0.00888	0.00592	0.00584	0.00170	0.03708	0.00450	0.00292	0.00892
156	0.01607	0.01388	0.01461	0.01315	0.01680	0.01607	0.01023	0.03433	0.72094	0.02703	0.02630	0.02411	0.01972	0.00877	0.00657	0.00219	0.00511	0.00731	0.00657	0.01023
157	0.01108	0.00571	0.00856	0.00856	0.00864	0.00579	0.00579	0.00864	0.00856	0.01150	0.01166	0.02006	0.01158	0.02433	0.07742	0.75409	0.00646	0.00571	0.00285	0.00302
158	0.00770	0.00655	0.00664	0.00661	0.00877	0.00548	0.00496	0.00940	0.01488	0.01782	0.09431	0.06158	0.70091	0.01623	0.00764	0.00218	0.00326	0.01355	0.00605	0.00548
159	0.00931	0.00661	0.00841	0.00808	0.00967	0.00602	0.00601	0.01198	0.01729	0.04104	0.56214	0.11428	0.14671	0.01413	0.00765	0.00210	0.00320	0.01242	0.00689	0.00605
160	0.02455	0.01846	0.01936	0.01492	0.02004	0.04087	0.01229	0.69143	0.03003	0.04001	0.01535	0.01540	0.01091	0.00772	0.00645	0.00193	0.00724	0.00577	0.00637	0.01089
161	0.37430	0.01222	0.01265	0.01040	0.01475	0.01279	0.00852	0.08525	0.05071	0.29654	0.04985	0.01768	0.01385	0.00737	0.00545	0.00200	0.00529	0.00540	0.00599	0.00897
162	0.01355	0.01339	0.02583	0.02010	0.02460	0.01280	0.39528	0.05050	0.01581	0.02097	0.02396	0.03878	0.07185	0.01042	0.00800	0.00243	0.00853	0.23101	0.00450	0.00768
163	0.02501	0.01738	0.01894	0.01452	0.01968	0.01896	0.01200	0.64191	0.02917	0.11160	0.01653	0.01617	0.01150	0.00778	0.00647	0.00195	0.00695	0.00589	0.00662	0.01099
164	0.03166	0.01281	0.01507	0.10512	0.04894	0.04062	0.00989	0.06338	0.01471	0.02169	0.01268	0.01491	0.02297	0.00555	0.00525	0.00129	0.00580	0.00447	0.00388	0.55929
165	0.01353	0.11540	0.15130	0.01319	0.04398	0.02777	0.01191	0.05697	0.16992	0.02189	0.08570	0.07442	0.14301	0.01034	0.00660	0.00206	0.00597	0.03278	0.00505	0.00822
166	0.01525	0.01743	0.03813	0.02723	0.03377	0.01634	0.70915	0.02070	0.01525	0.02070	0.01307	0.01743	0.00980	0.00545	0.00763	0.00218	0.01089	0.00763	0.00327	0.00871
167	0.01645	0.01790	0.12105	0.13158	0.18733	0.01601	0.17421	0.17306	0.01792	0.02450	0.01473	0.01847	0.02803	0.00681	0.00675	0.00206	0.00852	0.02134	0.00396	0.00931
168	0.01459	0.14172	0.36453	0.08548	0.11934	0.03396	0.04588	0.01983	0.01413	0.04194	0.03318	0.01633	0.02861	0.00652	0.00603	0.00193	0.00844	0.00535	0.00322	0.00899
169	0.00787	0.00562	0.00750	0.00900	0.00937	0.00525	0.00600	0.00900	0.01237	0.01649	0.03561	0.76871	0.04274	0.02024	0.00825	0.00262	0.00375	0.01837	0.00600	0.00525
170	0.00785	0.00572	0.00739	0.00873	0.00930	0.00527	0.00588	0.00903	0.01263	0.01660	0.03885	0.69211	0.11724	0.01982	0.00818	0.00258	0.00370	0.01786	0.00600	0.00527
171	0.04092	0.03502	0.13191	0.13884	0.08240	0.07388	0.04253	0.04810	0.01596	0.20947	0.04297	0.07811	0.01530	0.00809	0.00647	0.00204	0.00742	0.00684	0.00485	0.00888
172	0.01584	0.07006	0.17329	0.09174	0.31274	0.03282	0.03243	0.04165	0.01517	0.06906	0.04867	0.04095	0.01340	0.00694	0.00634	0.00196	0.00775	0.00614	0.00375	0.00930
173	0.01339	0.01343	0.02032	0.01707	0.01819	0.03071	0.11635	0.01538	0.01126	0.01646	0.01373	0.13551	0.01432	0.01259	0.03283	0.00284	0.49720	0.00798	0.00342	0.00700

[dist]
# distance from previous block
# <min> <max>
1	5

[block]
# block no. 2 follows, 34 sequences, length 30
# corresponding to MSA columns:
# 443-472
name=unknown_C
#
# <colnr> <probs for GDERKNQSTAVLIFYWHMCP>
#	G	D	E	R	K	N	Q	S	T	A	V	L	I	F	Y	W	H	M	C	P
0	0.06032	0.23455	0.11610	0.01633	0.04081	0.13278	0.10583	0.11922	0.05756	0.04048	0.01244	0.01390	0.00971	0.00637	0.00570	0.00180	0.00832	0.00498	0.00387	0.00893
1	0.01544	0.06298	0.18983	0.02278	0.24188	0.08962	0.04008	0.02215	0.13383	0.02106	0.04544	0.01990	0.05229	0.00730	0.00634	0.00197	0.00773	0.00622	0.00396	0.00921
2	0.06830	0.01196	0.01376	0.01040	0.01566	0.01035	0.00837	0.04546	0.09091	0.14547	0.01546	0.01591	0.01165	0.00595	0.00528	0.00137	0.00504	0.00471	0.00494	0.50906
3	0.00890	0.00634	0.00772	0.00811	0.00950	0.00566	0.00580	0.01065	0.01462	0.04741	0.18947	0.35759	0.27051	0.01702	0.00785	0.00233	0.00352	0.01495	0.00631	0.00572
4	0.00978	0.00734	0.01015	0.04042	0.01206	0.00833	0.00755	0.01248	0.05020	0.01511	0.01834	0.02924	0.01790	0.22734	0.49489	0.00855	0.01348	0.00752	0.00373	0.00561
5	0.00860	0.00658	0.00789	0.00756	0.00932	0.00587	0.00567	0.01115	0.01701	0.02288	0.49130	0.05325	0.30077	0.01434	0.00763	0.00209	0.00313	0.01238	0.00671	0.00587
6	0.01363	0.09196	0.59694	0.01958	0.06704	0.01597	0.06647	0.02035	0.01376	0.02009	0.01151	0.01375	0.00841	0.00602	0.00609	0.00199	0.00931	0.00490	0.00279	0.00943
7	0.81856	0.01250	0.00950	0.00850	0.01250	0.01449	0.00700	0.01899	0.01100	0.02899	0.00900	0.01050	0.00700	0.00600	0.00400	0.00200	0.00500	0.00350	0.00400	0.00700
8	0.04771	0.01299	0.05158	0.05272	0.01771	0.01042	0.00945	0.06581	0.03093	0.05036	0.03782	0.01546	0.01173	0.00572	0.00524	0.00130	0.00539	0.00457	0.00425	0.55887
9	0.00990	0.03866	0.01061	0.00919	0.01006	0.00797	0.04193	0.01090	0.01026	0.01389	0.01961	0.07608	0.02143	0.48165	0.20445	0.00666	0.00910	0.00895	0.00384	0.00487
10	0.01402	0.05540	0.01979	0.27920	0.14299	0.03098	0.04595	0.03821	0.11422	0.02003	0.06513	0.03527	0.01610	0.03932	0.00823	0.00228	0.03795	0.02282	0.00403	0.00807
11	0.00837	0.00652	0.00759	0.00743	0.00920	0.00575	0.00553	0.01064	0.01629	0.02141	0.37872	0.09501	0.37420	0.01508	0.00766	0.00214	0.00319	0.01297	0.00653	0.00575
12	0.01097	0.00578	0.00867	0.00867	0.00882	0.00593	0.00593	0.00882	0.00867	0.01171	0.01201	0.02038	0.01186	0.02579	0.11814	0.70889	0.00712	0.00578	0.00289	0.00319
13	0.00824	0.00600	0.00764	0.00840	0.00924	0.00554	0.00578	0.00983	0.01392	0.01869	0.20777	0.47122	0.12470	0.06009	0.00940	0.00263	0.00366	0.01569	0.00615	0.00540
14	0.10905	0.01299	0.01957	0.38103	0.16282	0.01461	0.03429	0.07818	0.01513	0.09260	0.01310	0.01655	0.00969	0.00651	0.00620	0.00206	0.00765	0.00562	0.00389	0.00847
15	0.08872	0.25481	0.02158	0.07453	0.04725	0.22150	0.01160	0.02062	0.05276	0.01768	0.01362	0.01572	0.04221	0.00960	0.05337	0.00231	0.03604	0.00491	0.00346	0.00771
16	0.04914	0.01464	0.02292	0.15150	0.18421	0.04978	0.15836	0.04485	0.04395	0.11830	0.01517	0.03681	0.01176	0.00704	0.00724	0.00208	0.04218	0.00647	0.02474	0.00887
17	0.01869	0.01233	0.01543	0.10041	0.01914	0.01288	0.03539	0.23727	0.03582	0.14143	0.01782	0.02102	0.01374	0.08321	0.03397	0.00256	0.00664	0.00629	0.11787	0.06807
18	0.00858	0.00656	0.00789	0.00778	0.00947	0.00587	0.00585	0.01099	0.01649	0.02197	0.41468	0.09745	0.30227	0.01499	0.00772	0.00216	0.00330	0.04358	0.00659	0.00581
19	0.02085	0.20936	0.02141	0.01451	0.01851	0.39810	0.01167	0.05007	0.15867	0.01879	0.01321	0.01398	0.01070	0.00684	0.00559	0.00171	0.00902	0.00468	0.00395	0.00836
20	0.00923	0.00692	0.01038	0.01038	0.01154	0.00808	0.00808	0.01154	0.01038	0.01500	0.01731	0.02538	0.01615	0.04846	0.74732	0.01038	0.01731	0.00692	0.00346	0.00577
21	0.00938	0.00632	0.00735	0.00735	0.00745	0.00643	0.00429	0.00959	0.00949	0.01275	0.02008	0.04076	0.02283	0.70760	0.09730	0.00664	0.00726	0.00917	0.00387	0.00408
22	0.01062	0.00853	0.00978	0.00969	0.01173	0.00873	0.00734	0.01728	0.21577	0.02186	0.18060	0.19343	0.19422	0.01448	0.00756	0.00231	0.00407	0.06868	0.00639	0.00694
23	0.00787	0.00562	0.00750	0.00900	0.00937	0.00525	0.00600	0.00900	0.01237	0.01649	0.03561	0.76871	0.04274	0.02024	0.00825	0.00262	0.00375	0.01837	0.00600	0.00525
24	0.01315	0.01206	0.01971	0.57257	0.14118	0.01428	0.01725	0.05260	0.01405	0.01843	0.01315	0.05922	0.01089	0.00720	0.00655	0.00213	0.00813	0.00646	0.00328	0.00771
25	0.19555	0.01310	0.01502	0.01268	0.04236	0.01342	0.00994	0.15765	0.08736	0.35812	0.01966	0.01829	0.01327	0.00752	0.00596	0.00200	0.00574	0.00578	0.00654	0.01004
26	0.01780	0.54264	0.09478	0.01509	0.09267	0.06876	0.01314	0.02054	0.01395	0.05389	0.01047	0.01194	0.00889	0.00581	0.00479	0.00155	0.00746	0.00402	0.00311	0.00870
