[name]
unknown

[dist]
# distance from previous block
# <min> <max>
0	35

[block]
# block no. 0 follows, 34 sequences, length 11
# corresponding to MSA columns:
# 38-48
name=unknown_A
#
# <colnr> <probs for GDERKNQSTAVLIFYWHMCP>
#	G	D	E	R	K	N	Q	S	T	A	V	L	I	F	Y	W	H	M	C	P
0	0.37926	0.08902	0.03883	0.04250	0.01694	0.07920	0.04396	0.01970	0.01310	0.07681	0.01338	0.01879	0.01141	0.00879	0.02844	0.00231	0.03539	0.07053	0.00413	0.00751
1	0.01120	0.04776	0.06094	0.01070	0.01259	0.05454	0.04546	0.01295	0.01285	0.03728	0.07649	0.32717	0.03028	0.21368	0.01409	0.00333	0.00584	0.01206	0.00490	0.00589
2	0.11277	0.01318	0.04321	0.01245	0.01756	0.01169	0.07213	0.06817	0.06470	0.18432	0.01616	0.01700	0.01190	0.00898	0.05226	0.00221	0.00666	0.00534	0.00504	0.27426
3	0.02074	0.01476	0.01624	0.01277	0.01724	0.01556	0.01036	0.46854	0.02485	0.06889	0.04869	0.07291	0.01597	0.00857	0.00632	0.00185	0.00606	0.00681	0.06009	0.10279
4	0.01138	0.00910	0.01371	0.01542	0.13587	0.00869	0.06024	0.01456	0.04855	0.05381	0.14945	0.29261	0.13291	0.01382	0.00753	0.00226	0.00491	0.01254	0.00563	0.00704
5	0.07444	0.01473	0.02208	0.03141	0.53037	0.04660	0.01658	0.01900	0.01462	0.02136	0.03186	0.02020	0.03500	0.00685	0.00629	0.00192	0.00715	0.03854	0.00362	0.05739
6	0.07881	0.01047	0.01240	0.00991	0.01403	0.00940	0.00789	0.04369	0.05859	0.18253	0.21515	0.02549	0.02575	0.00827	0.00606	0.00168	0.00458	0.00686	0.00593	0.27251
7	0.05138	0.01523	0.04106	0.06598	0.18922	0.06303	0.08051	0.09485	0.08957	0.04087	0.04013	0.02368	0.04841	0.00798	0.00655	0.00200	0.00717	0.05647	0.00454	0.07136
8	0.06886	0.01193	0.01391	0.01171	0.05789	0.01037	0.00866	0.09395	0.01549	0.05287	0.01744	0.04033	0.06872	0.00678	0.00542	0.00138	0.00511	0.00547	0.00451	0.49919
9	0.04511	0.08151	0.10115	0.01782	0.12194	0.01501	0.06823	0.10417	0.12943	0.10996	0.06138	0.02151	0.01628	0.00770	0.00636	0.00198	0.00677	0.03612	0.00503	0.04256
10	0.07483	0.04117	0.03446	0.01107	0.01342	0.04424	0.03976	0.01607	0.04378	0.06909	0.11053	0.15250	0.02882	0.10908	0.01062	0.00280	0.01866	0.13685	0.03563	0.00663

[dist]
# distance from previous block
# <min> <max>
16	23

[block]
# block no. 1 follows, 34 sequences, length 21
# corresponding to MSA columns:
# 72-92
name=unknown_B
#
# <colnr> <probs for GDERKNQSTAVLIFYWHMCP>
#	G	D	E	R	K	N	Q	S	T	A	V	L	I	F	Y	W	H	M	C	P
0	0.04639	0.06380	0.01814	0.01501	0.06353	0.15785	0.01137	0.15547	0.10020	0.27527	0.01837	0.01759	0.01290	0.00743	0.00615	0.00190	0.00717	0.00569	0.00590	0.00989
1	0.01638	0.00979	0.01169	0.05046	0.01449	0.00999	0.00822	0.07129	0.14259	0.17562	0.16740	0.02994	0.07035	0.00951	0.00637	0.00195	0.00453	0.00794	0.18327	0.00822
2	0.01420	0.01165	0.01878	0.24936	0.26655	0.01255	0.01516	0.01749	0.01401	0.07903	0.03898	0.10727	0.01740	0.03041	0.00812	0.00230	0.03506	0.04943	0.00411	0.00811
3	0.04229	0.06328	0.01799	0.01431	0.04700	0.08615	0.05935	0.13836	0.06134	0.16930	0.05635	0.02128	0.01594	0.00797	0.00671	0.00191	0.03354	0.03340	0.07182	0.05167
4	0.01805	0.01899	0.02646	0.02638	0.24001	0.15481	0.21083	0.09403	0.03332	0.02166	0.01233	0.01554	0.00988	0.00666	0.00808	0.00204	0.08222	0.00601	0.00363	0.00906
5	0.00814	0.00611	0.00756	0.00816	0.00928	0.00552	0.00575	0.00989	0.01449	0.01918	0.22292	0.40575	0.21879	0.01745	0.00793	0.00236	0.00345	0.01546	0.00629	0.00552
6	0.23960	0.09985	0.15967	0.04633	0.02013	0.05975	0.06867	0.02173	0.04047	0.12355	0.05220	0.01621	0.01243	0.00677	0.00559	0.00195	0.00711	0.00523	0.00430	0.00845
7	0.01483	0.01066	0.01407	0.01179	0.01462	0.01104	0.04352	0.07569	0.06868	0.11303	0.09894	0.06215	0.05421	0.08747	0.09977	0.00344	0.09354	0.00792	0.00518	0.10945
8	0.03865	0.01210	0.01335	0.01090	0.01460	0.03220	0.00870	0.22520	0.03918	0.11915	0.21747	0.02767	0.05464	0.00927	0.00644	0.00185	0.00511	0.00758	0.06130	0.09465
9	0.01414	0.01414	0.01979	0.01696	0.01696	0.01979	0.01414	0.01555	0.00990	0.01555	0.00848	0.01414	0.00848	0.01131	0.02120	0.00283	0.76110	0.00565	0.00283	0.00707
10	0.01323	0.01148	0.01424	0.11517	0.01943	0.00942	0.00911	0.01630	0.01333	0.02041	0.01148	0.01394	0.00944	0.00502	0.00502	0.00113	0.00533	0.00410	0.00369	0.69872
11	0.00798	0.00570	0.00759	0.00893	0.00939	0.00532	0.00601	0.00926	0.01286	0.01727	0.09290	0.70920	0.04424	0.01966	0.00820	0.00258	0.00369	0.01782	0.00609	0.00532
12	0.01438	0.02262	0.36443	0.12428	0.08425	0.01397	0.11294	0.02000	0.01423	0.07891	0.01553	0.01899	0.03499	0.00795	0.02574	0.00231	0.00901	0.02300	0.00351	0.00895
13	0.01885	0.12023	0.04567	0.01365	0.03517	0.01344	0.06539	0.05803	0.04101	0.25447	0.03731	0.12257	0.04162	0.03011	0.00848	0.00220	0.06946	0.00804	0.00554	0.00874
14	0.02338	0.01764	0.01970	0.01685	0.07966	0.01943	0.01280	0.61621	0.06667	0.03833	0.01582	0.01602	0.01140	0.00764	0.00646	0.00195	0.00705	0.00589	0.00620	0.01088
15	0.01253	0.03109	0.67802	0.01763	0.02641	0.01419	0.02237	0.01950	0.01353	0.02013	0.01361	0.07701	0.01108	0.00732	0.00632	0.00209	0.00906	0.00592	0.00300	0.00919
16	0.01284	0.01062	0.01753	0.25598	0.18286	0.01125	0.04938	0.01590	0.01362	0.06567	0.02086	0.27316	0.02114	0.01105	0.00712	0.00225	0.00666	0.01019	0.00437	0.00753
17	0.05034	0.05356	0.01956	0.01845	0.09731	0.52552	0.01302	0.11024	0.01899	0.01993	0.01084	0.01252	0.00882	0.00663	0.00585	0.00173	0.01025	0.00449	0.00371	0.00824
18	0.00993	0.07142	0.01179	0.00988	0.01121	0.00924	0.00763	0.01183	0.01045	0.01460	0.01712	0.02697	0.01673	0.16680	0.56469	0.00894	0.01458	0.00705	0.00348	0.00567
19	0.08455	0.12868	0.05417	0.09483	0.03927	0.09293	0.04455	0.01997	0.01366	0.10233	0.03049	0.01528	0.01073	0.00761	0.00925	0.00203	0.18330	0.00520	0.00378	0.05740
20	0.01608	0.09565	0.09764	0.02248	0.23946	0.01400	0.10564	0.02026	0.04299	0.11775	0.01919	0.12735	0.03590	0.00857	0.00662	0.00204	0.00712	0.00788	0.00439	0.00900

[dist]
# distance from previous block
# <min> <max>
0	1

[block]
# block no. 2 follows, 34 sequences, length 31
# corresponding to MSA columns:
# 94-124
name=unknown_C
#
# <colnr> <probs for GDERKNQSTAVLIFYWHMCP>
#	G	D	E	R	K	N	Q	S	T	A	V	L	I	F	Y	W	H	M	C	P
0	0.01832	0.05821	0.06560	0.04489	0.11335	0.30886	0.05217	0.02092	0.01482	0.01709	0.01096	0.01537	0.00963	0.00787	0.00978	0.00208	0.19172	0.02725	0.00319	0.00791
1	0.01445	0.01714	0.12611	0.19105	0.08579	0.02929	0.27318	0.03734	0.03004	0.03899	0.02875	0.07015	0.01304	0.00721	0.00698	0.00214	0.00893	0.00733	0.00364	0.00843
2	0.01339	0.17408	0.18870	0.01372	0.01811	0.01485	0.04890	0.06206	0.02897	0.01871	0.01633	0.13885	0.01576	0.01605	0.12459	0.03487	0.05325	0.00741	0.00375	0.00765
3	0.01842	0.01805	0.01958	0.17684	0.15695	0.20888	0.03272	0.12047	0.01762	0.04478	0.01399	0.01908	0.01155	0.00729	0.00636	0.00193	0.00852	0.05076	0.01953	0.04667
4	0.00936	0.00707	0.00941	0.05143	0.01307	0.00700	0.00840	0.01202	0.03678	0.01810	0.03767	0.32544	0.13588	0.01760	0.00828	0.00266	0.00487	0.28332	0.00582	0.00583
5	0.02039	0.11936	0.11596	0.01716	0.02175	0.41751	0.08137	0.05224	0.01677	0.01786	0.01051	0.01263	0.00857	0.00667	0.00681	0.00181	0.05660	0.00465	0.00328	0.00810
6	0.01155	0.00828	0.01081	0.01156	0.01322	0.00844	0.00968	0.08672	0.01588	0.02084	0.03153	0.14834	0.03422	0.06400	0.01007	0.00303	0.00583	0.49384	0.00588	0.00627
7	0.01696	0.01445	0.02246	0.06296	0.02349	0.05122	0.25338	0.05601	0.15225	0.12327	0.07325	0.04346	0.05988	0.00828	0.00706	0.00212	0.00753	0.00796	0.00521	0.00880
8	0.00931	0.00692	0.00892	0.00963	0.01122	0.00653	0.00789	0.01186	0.01540	0.02010	0.18970	0.11292	0.20625	0.01667	0.00830	0.00256	0.00455	0.33924	0.00621	0.00582
9	0.00804	0.00586	0.00762	0.00895	0.00961	0.00543	0.00621	0.00936	0.01281	0.01681	0.03868	0.64131	0.11532	0.01965	0.00823	0.00260	0.00386	0.06833	0.00599	0.00532
10	0.01220	0.01148	0.01938	0.75739	0.04450	0.01436	0.01794	0.01651	0.01292	0.01651	0.01148	0.01723	0.00861	0.00646	0.00646	0.00215	0.00861	0.00574	0.00287	0.00718
11	0.02417	0.02907	0.01836	0.01708	0.04300	0.67780	0.01254	0.02596	0.01820	0.06032	0.01101	0.01243	0.00886	0.00671	0.00589	0.00169	0.01114	0.00436	0.00361	0.00780
12	0.01409	0.01254	0.01453	0.14224	0.02012	0.04190	0.01093	0.04297	0.33841	0.02355	0.14258	0.02810	0.07012	0.00967	0.00775	0.00217	0.05642	0.00791	0.00560	0.00839
13	0.01458	0.02095	0.20581	0.02401	0.03058	0.01638	0.46957	0.02009	0.01429	0.02009	0.01223	0.01616	0.00927	0.00624	0.00871	0.00222	0.09026	0.00673	0.00309	0.00874
14	0.81856	0.01250	0.00950	0.00850	0.01250	0.01449	0.00700	0.01899	0.01100	0.02899	0.00900	0.01050	0.00700	0.00600	0.00400	0.00200	0.00500	0.00350	0.00400	0.00700
15	0.00800	0.00583	0.00758	0.00891	0.00955	0.00540	0.00615	0.00930	0.01277	0.01677	0.03870	0.65089	0.11540	0.01968	0.00822	0.00260	0.00383	0.05909	0.00600	0.00531
16	0.14577	0.01474	0.01763	0.01512	0.01641	0.06739	0.01248	0.01814	0.01137	0.07857	0.01010	0.01404	0.00887	0.00986	0.01615	0.00255	0.52465	0.00528	0.00349	0.00742
17	0.02747	0.01064	0.01444	0.01119	0.01586	0.00924	0.00914	0.02988	0.01810	0.68172	0.04967	0.02376	0.01787	0.04060	0.00766	0.00218	0.00545	0.00680	0.00779	0.01053
18	0.01360	0.01212	0.01603	0.01145	0.01727	0.00943	0.08217	0.01674	0.01360	0.02102	0.01165	0.01383	0.00960	0.00486	0.00509	0.00109	0.00543	0.00423	0.00377	0.72705
19	0.00830	0.00595	0.00788	0.00926	0.00985	0.00562	0.00653	0.00967	0.01272	0.01680	0.03598	0.61005	0.06791	0.04872	0.00927	0.00280	0.00415	0.11732	0.00591	0.00531
20	0.01388	0.01320	0.02241	0.43925	0.34952	0.01480	0.01878	0.01798	0.01371	0.01855	0.01178	0.01668	0.00933	0.00615	0.00643	0.00205	0.00820	0.00575	0.00302	0.00853
21	0.00850	0.00634	0.00819	0.00911	0.01017	0.00610	0.00677	0.01019	0.01296	0.01688	0.03889	0.36964	0.18698	0.04373	0.11170	0.00377	0.00599	0.13307	0.00558	0.00545
22	0.17716	0.01219	0.01547	0.01291	0.01705	0.01253	0.07591	0.04208	0.17139	0.25290	0.02227	0.02698	0.01741	0.00895	0.00648	0.00220	0.00593	0.10498	0.00612	0.00909
23	0.01273	0.00788	0.01098	0.01185	0.01377	0.00769	0.01030	0.01565	0.01533	0.10897	0.03312	0.06653	0.03454	0.01662	0.00862	0.00285	0.00589	0.60388	0.00621	0.00658
24	0.01311	0.05923	0.71495	0.01816	0.02757	0.01537	0.02343	0.02042	0.01362	0.02028	0.01150	0.01353	0.00819	0.00612	0.00607	0.00202	0.00946	0.00473	0.00273	0.00951
25	0.00957	0.00787	0.01174	0.23450	0.02055	0.00840	0.02556	0.01197	0.01306	0.01710	0.03106	0.37859	0.11746	0.01474	0.00753	0.00240	0.00540	0.04516	0.03136	0.00599
26	0.01549	0.01540	0.02131	0.09675	0.38265	0.10900	0.03832	0.01823	0.01377	0.01810	0.01265	0.01909	0.01150	0.10829	0.01155	0.03406	0.05630	0.00608	0.00324	0.00821
27	0.02672	0.01161	0.01495	0.01160	0.01621	0.01073	0.00943	0.12638	0.01942	0.57728	0.02364	0.02277	0.01591	0.07203	0.00870	0.00235	0.00579	0.00664	0.00744	0.01040
28	0.02375	0.01110	0.01417	0.01139	0.01565	0.01048	0.00922	0.06158	0.12566	0.48601	0.13383	0.02606	0.02327	0.00891	0.00668	0.00203	0.00514	0.00739	0.00757	0.01012
29	0.01731	0.07896	0.13461	0.18312	0.12955	0.01700	0.09804	0.19408	0.01817	0.04852	0.01307	0.01570	0.00974	0.00650	0.00636	0.00199	0.00827	0.00568	0.00401	0.00934
30	0.01564	0.01538	0.02796	0.07261	0.41697	0.01532	0.21592	0.05232	0.01552	0.02156	0.01389	0.01994	0.01171	0.00654	0.00691	0.00207	0.00851	0.04830	0.00352	0.00940

[dist]
# distance from previous block
# <min> <max>
0	1

[block]
# block no. 3 follows, 34 sequences, length 52
# corresponding to MSA columns:
# 126-177
name=unknown_D
#
# <colnr> <probs for GDERKNQSTAVLIFYWHMCP>
#	G	D	E	R	K	N	Q	S	T	A	V	L	I	F	Y	W	H	M	C	P
0	0.06076	0.00696	0.00780	0.00747	0.00944	0.00636	0.00565	0.01138	0.01629	0.02249	0.39858	0.05178	0.34387	0.01409	0.00739	0.00209	0.00327	0.01199	0.00644	0.00588
1	0.81856	0.01250	0.00950	0.00850	0.01250	0.01449	0.00700	0.01899	0.01100	0.02899	0.00900	0.01050	0.00700	0.00600	0.00400	0.00200	0.00500	0.00350	0.00400	0.00700
2	0.01261	0.01204	0.01947	0.60138	0.03870	0.01550	0.01714	0.01631	0.01228	0.01631	0.01085	0.01658	0.00859	0.00748	0.00957	0.00230	0.16717	0.00572	0.00286	0.00715
3	0.00814	0.00592	0.00794	0.00932	0.00973	0.00572	0.00638	0.00934	0.01240	0.01658	0.03483	0.72203	0.04161	0.01991	0.00862	0.00264	0.02414	0.04352	0.00591	0.00532
4	0.01412	0.01191	0.01379	0.00991	0.01562	0.00935	0.00795	0.06113	0.01449	0.02232	0.01174	0.01353	0.00966	0.00498	0.00489	0.00102	0.00494	0.00396	0.00400	0.76067
5	0.00940	0.00626	0.00705	0.00705	0.00705	0.00626	0.00392	0.00940	0.00940	0.01253	0.02036	0.04228	0.02349	0.77292	0.03289	0.00626	0.00626	0.00940	0.00392	0.00392
6	0.00808	0.00577	0.00773	0.00923	0.00969	0.00542	0.00635	0.00935	0.01257	0.01672	0.03550	0.71302	0.04229	0.02005	0.00830	0.00265	0.00392	0.07205	0.00599	0.00530
7	0.01451	0.01405	0.05930	0.01277	0.01879	0.01089	0.09858	0.07301	0.01502	0.02256	0.01202	0.01410	0.00963	0.00519	0.00536	0.00126	0.00603	0.00453	0.00390	0.59852
8	0.02456	0.01810	0.01939	0.01487	0.02004	0.02004	0.01228	0.71107	0.03038	0.04072	0.01551	0.01551	0.01099	0.00776	0.00646	0.00194	0.00711	0.00582	0.00646	0.01099
9	0.02239	0.01843	0.06532	0.01497	0.02004	0.01922	0.01285	0.55844	0.11184	0.03681	0.01629	0.01638	0.01177	0.00791	0.00702	0.00201	0.03564	0.00592	0.00610	0.01065
10	0.12138	0.06466	0.01801	0.10147	0.02148	0.50191	0.01230	0.02302	0.01616	0.01749	0.01011	0.01243	0.00836	0.00746	0.02137	0.00195	0.02541	0.00431	0.00332	0.00739
11	0.00976	0.00651	0.00853	0.00899	0.01019	0.00598	0.00648	0.01162	0.01445	0.06042	0.21369	0.42666	0.06918	0.03803	0.00861	0.00250	0.00390	0.06213	0.00628	0.02608
12	0.06900	0.01082	0.01585	0.01376	0.01724	0.01058	0.10305	0.07833	0.01680	0.20173	0.02605	0.07025	0.02426	0.01220	0.00759	0.00246	0.00645	0.29951	0.00603	0.00805
13	0.01510	0.06789	0.05620	0.22260	0.03904	0.01473	0.03075	0.03996	0.09202	0.09692	0.01707	0.10214	0.01479	0.01043	0.03207	0.00249	0.12615	0.00728	0.00431	0.00807
14	0.01844	0.52002	0.11569	0.01305	0.01904	0.02121	0.05743	0.02145	0.01416	0.12813	0.01212	0.01302	0.00957	0.00598	0.00497	0.00161	0.00726	0.00435	0.00360	0.00889
15	0.01281	0.00887	0.01075	0.00960	0.01199	0.00886	0.00740	0.06539	0.12800	0.08312	0.49676	0.04056	0.06615	0.01182	0.00729	0.00205	0.00385	0.01024	0.00702	0.00745
16	0.00786	0.00583	0.00729	0.00845	0.00918	0.00532	0.00572	0.00906	0.01278	0.01659	0.04131	0.60589	0.18255	0.03870	0.00875	0.00263	0.00372	0.01717	0.00595	0.00526
17	0.01356	0.01095	0.01408	0.08909	0.09649	0.01195	0.01074	0.02242	0.30249	0.05329	0.02631	0.25250	0.02498	0.01196	0.00712	0.00230	0.00537	0.03038	0.00570	0.00830
18	0.73056	0.01378	0.01054	0.00930	0.01333	0.05335	0.00759	0.05963	0.01251	0.02898	0.00943	0.01085	0.00730	0.00613	0.00424	0.00198	0.00547	0.00367	0.00411	0.00726
19	0.01480	0.04137	0.01972	0.48616	0.08915	0.09768	0.01616	0.05532	0.05572	0.01857	0.01254	0.01684	0.00971	0.00796	0.03036	0.00231	0.00882	0.00562	0.00337	0.00782
20	0.01641	0.66343	0.03031	0.01080	0.01568	0.02312	0.01051	0.01855	0.01294	0.01584	0.01027	0.01222	0.00930	0.00802	0.04283	0.00189	0.02531	0.00387	0.06074	0.00797
21	0.01307	0.22587	0.26151	0.01364	0.01925	0.01537	0.05049	0.01804	0.05937	0.01881	0.04634	0.12000	0.09403	0.00933	0.00620	0.00197	0.00694	0.00774	0.00396	0.00807
22	0.01378	0.19084	0.17198	0.01349	0.01818	0.01513	0.04585	0.03889	0.13078	0.01996	0.02118	0.07614	0.04163	0.05000	0.00790	0.00234	0.00685	0.12259	0.00443	0.00806
23	0.00790	0.00652	0.00697	0.00720	0.00914	0.00559	0.00543	0.00964	0.01465	0.01781	0.08578	0.12849	0.59360	0.01671	0.00778	0.00227	0.00349	0.05950	0.00604	0.00549
24	0.37539	0.28628	0.04247	0.01058	0.01532	0.01893	0.00962	0.05722	0.09251	0.02420	0.01136	0.01234	0.00913	0.00624	0.00454	0.00180	0.00595	0.00407	0.00394	0.00811
25	0.01111	0.00758	0.00870	0.00791	0.00906	0.00725	0.00501	0.03769	0.01104	0.03740	0.01907	0.03633	0.02073	0.59851	0.04572	0.00536	0.00636	0.00836	0.00412	0.11270
26	0.06585	0.02226	0.35958	0.01507	0.02141	0.01401	0.04973	0.04406	0.16414	0.02289	0.01603	0.01844	0.01235	0.05263	0.00761	0.00226	0.00746	0.00575	0.06807	0.03041
27	0.01727	0.77681	0.03386	0.01106	0.01658	0.02557	0.01106	0.01935	0.01313	0.01520	0.00898	0.01036	0.00829	0.00553	0.00415	0.00138	0.00691	0.00345	0.00276	0.00829
28	0.00820	0.00648	0.00704	0.00703	0.00864	0.00574	0.00500	0.00972	0.01402	0.01754	0.13965	0.08272	0.47256	0.15361	0.03118	0.00313	0.00416	0.01263	0.00570	0.00526
29	0.00847	0.00592	0.00751	0.00848	0.00879	0.00572	0.00550	0.00932	0.01142	0.01525	0.03013	0.49375	0.03562	0.26469	0.03644	0.00402	0.00500	0.03386	0.00525	0.00485
30	0.15469	0.02705	0.01693	0.01520	0.01875	0.58432	0.01157	0.06457	0.01781	0.01943	0.01015	0.01169	0.00826	0.00661	0.00556	0.00174	0.01029	0.00415	0.00362	0.00761
31	0.01365	0.01126	0.01216	0.01136	0.01424	0.03891	0.00880	0.04090	0.29787	0.04174	0.04770	0.17135	0.08156	0.01218	0.00707	0.00221	0.00504	0.08937	0.00600	0.08664
32	0.01414	0.01268	0.06390	0.02978	0.01654	0.00957	0.00921	0.04445	0.03010	0.06407	0.03703	0.03600	0.04447	0.00755	0.02407	0.00155	0.00553	0.00535	0.00437	0.53962
33	0.01369	0.15881	0.62043	0.01717	0.02605	0.01679	0.02171	0.02027	0.01356	0.01958	0.01115	0.01309	0.00820	0.00604	0.00580	0.00193	0.00910	0.00455	0.00273	0.00934
34	0.01355	0.01323	0.01256	0.01147	0.01296	0.17787	0.04811	0.01560	0.04986	0.01556	0.04349	0.06832	0.02078	0.37171	0.05524	0.00444	0.03197	0.02345	0.00409	0.00573
35	0.01547	0.05869	0.05578	0.21051	0.08254	0.07810	0.03513	0.09997	0.01586	0.04415	0.04209	0.05876	0.01449	0.02971	0.02651	0.02754	0.00760	0.00656	0.08277	0.00776
36	0.01296	0.03342	0.73944	0.01842	0.02797	0.01501	0.02387	0.02046	0.01364	0.02046	0.01160	0.01364	0.00818	0.00614	0.00614	0.00205	0.00955	0.00477	0.00273	0.00955
37	0.01280	0.01263	0.03961	0.13586	0.06453	0.02948	0.12980	0.04091	0.04876	0.02011	0.13385	0.02932	0.10287	0.07843	0.01092	0.00255	0.08760	0.00826	0.00440	0.00730
38	0.01504	0.00976	0.01267	0.01213	0.01463	0.02791	0.03144	0.09002	0.01703	0.13974	0.06682	0.15365	0.03140	0.01458	0.00798	0.00255	0.00583	0.33322	0.00626	0.00735
39	0.40711	0.01078	0.01137	0.15398	0.01811	0.01226	0.00897	0.03921	0.01291	0.04282	0.06551	0.10065	0.01646	0.03549	0.00639	0.00223	0.00547	0.00663	0.03678	0.00686
40	0.01445	0.01651	0.05132	0.02330	0.02885	0.04682	0.53015	0.01919	0.01517	0.02002	0.01848	0.05312	0.05139	0.00782	0.00765	0.00224	0.00975	0.07189	0.00375	0.00812
41	0.01340	0.01148	0.01340	0.00957	0.01531	0.00861	0.00766	0.01627	0.01340	0.02105	0.01148	0.01340	0.00957	0.00479	0.00479	0.00096	0.00479	0.00383	0.00383	0.81242
42	0.01486	0.01454	0.02058	0.01728	0.01791	0.01965	0.04478	0.06069	0.01146	0.01740	0.00914	0.01437	0.00870	0.01082	0.01965	0.00274	0.67920	0.00575	0.00308	0.00739
43	0.02500	0.01006	0.01356	0.01070	0.01498	0.00879	0.00872	0.02761	0.01824	0.58946	0.14015	0.02637	0.02336	0.00883	0.00659	0.00198	0.00499	0.00732	0.04330	0.00998
44	0.00938	0.00838	0.05581	0.00891	0.01099	0.00671	0.00741	0.01264	0.01762	0.02477	0.61140	0.04806	0.09090	0.01316	0.00760	0.00209	0.00363	0.04754	0.00671	0.00628
45	0.01006	0.00729	0.00951	0.00977	0.01141	0.00713	0.00793	0.01384	0.05367	0.02311	0.37989	0.05627	0.06539	0.01470	0.00798	0.00240	0.00430	0.27751	0.03160	0.00624
46	0.01296	0.03342	0.73944	0.01842	0.02797	0.01501	0.02387	0.02046	0.01364	0.02046	0.01160	0.01364	0.00818	0.00614	0.00614	0.00205	0.00955	0.00477	0.00273	0.00955
47	0.01476	0.01414	0.02277	0.27265	0.37877	0.03326	0.03319	0.03749	0.01418	0.01940	0.01201	0.01662	0.00982	0.00827	0.04009	0.00242	0.05242	0.00580	0.00318	0.00876
48	0.04209	0.01680	0.02069	0.01958	0.14995	0.04926	0.05327	0.36628	0.04980	0.12219	0.01584	0.01653	0.01147	0.00733	0.00685	0.00198	0.02825	0.00592	0.00558	0.01033
49	0.00787	0.00562	0.00750	0.00900	0.00937	0.00525	0.00600	0.00900	0.01237	0.01649	0.03561	0.76871	0.04274	0.02024	0.00825	0.00262	0.00375	0.01837	0.00600	0.00525
50	0.77201	0.01364	0.03261	0.00903	0.01318	0.03416	0.00767	0.01922	0.01128	0.02837	0.00910	0.01063	0.00707	0.00602	0.00411	0.00199	0.00532	0.00356	0.00394	0.00709
51	0.00805	0.00655	0.00719	0.00760	0.00931	0.00579	0.00555	0.01011	0.03621	0.01755	0.05495	0.25749	0.49491	0.01725	0.00781	0.00233	0.00355	0.03621	0.00602	0.00556

[dist]
# distance from previous block
# <min> <max>
0	31

# created by:
# /home/cegg/simao/soft/augustus-3.2.1/scripts/msa2prfl.pl ./align_prep/EOG090W0K88.fa
