[name]
unknown

[dist]
# distance from previous block
# <min> <max>
0	82

[block]
# block no. 0 follows, 30 sequences, length 6
# corresponding to MSA columns:
# 87-92
name=unknown_A
#
# <colnr> <probs for GDERKNQSTAVLIFYWHMCP>
#	G	D	E	R	K	N	Q	S	T	A	V	L	I	F	Y	W	H	M	C	P
0	0.01012	0.00688	0.00819	0.00819	0.00839	0.00708	0.00495	0.01052	0.01032	0.01396	0.02146	0.04273	0.02410	0.64187	0.14667	0.00748	0.00868	0.00972	0.00415	0.00455
1	0.01209	0.02213	0.37833	0.01429	0.02005	0.01164	0.01602	0.01710	0.01484	0.02146	0.18131	0.03110	0.02646	0.18770	0.01393	0.00330	0.00778	0.00814	0.00439	0.00796
2	0.01863	0.19393	0.02637	0.23177	0.18648	0.02012	0.01660	0.17994	0.01897	0.02489	0.01296	0.01608	0.01024	0.00690	0.00636	0.00201	0.00824	0.00563	0.00408	0.00978
3	0.00922	0.00663	0.00874	0.00923	0.01028	0.00615	0.00653	0.01151	0.01669	0.02311	0.38694	0.38662	0.05641	0.01791	0.00855	0.00250	0.00365	0.01608	0.00710	0.00615
4	0.01176	0.02188	0.37803	0.01451	0.01998	0.01142	0.01599	0.01627	0.01331	0.01902	0.02100	0.19835	0.02174	0.18952	0.01410	0.00345	0.00796	0.00987	0.00410	0.00774
5	0.01689	0.01766	0.03448	0.03640	0.38791	0.01709	0.33981	0.02187	0.01617	0.02258	0.01360	0.01802	0.01083	0.00606	0.00754	0.00221	0.00996	0.00718	0.00349	0.01027

[dist]
# distance from previous block
# <min> <max>
0	28

[block]
# block no. 1 follows, 30 sequences, length 20
# corresponding to MSA columns:
# 121-140
name=unknown_B
#
# <colnr> <probs for GDERKNQSTAVLIFYWHMCP>
#	G	D	E	R	K	N	Q	S	T	A	V	L	I	F	Y	W	H	M	C	P
0	0.01015	0.00677	0.00761	0.00761	0.00761	0.00677	0.00423	0.01015	0.01015	0.01353	0.02199	0.04567	0.02537	0.75476	0.03552	0.00677	0.00677	0.01015	0.00423	0.00423
1	0.01647	0.01882	0.04118	0.02941	0.03647	0.01765	0.68588	0.02235	0.01647	0.02235	0.01412	0.01882	0.01059	0.00588	0.00824	0.00235	0.01176	0.00824	0.00353	0.00941
2	0.01318	0.01240	0.02093	0.73798	0.04806	0.01550	0.01938	0.01783	0.01395	0.01783	0.01240	0.01860	0.00930	0.00698	0.00698	0.00233	0.00930	0.00620	0.00310	0.00775
3	0.01448	0.00792	0.00807	0.00754	0.00960	0.00815	0.00579	0.08933	0.01661	0.02797	0.02211	0.02501	0.01723	0.00816	0.00511	0.00168	0.00373	0.00648	0.70793	0.00709
4	0.00850	0.00607	0.00810	0.00972	0.01012	0.00567	0.00648	0.00972	0.01336	0.01781	0.03846	0.75020	0.04615	0.02186	0.00891	0.00283	0.00405	0.01984	0.00648	0.00567
5	0.01039	0.00760	0.01005	0.01071	0.01243	0.00726	0.00888	0.01344	0.01730	0.02303	0.26913	0.06817	0.13667	0.01736	0.00898	0.00275	0.00498	0.35762	0.00686	0.00641
6	0.01727	0.01658	0.02832	0.04283	0.71123	0.01658	0.02142	0.02142	0.01589	0.02280	0.01313	0.01727	0.01105	0.00622	0.00691	0.00207	0.00829	0.00622	0.00345	0.01105
7	0.00851	0.00708	0.00744	0.00735	0.00959	0.00600	0.00551	0.01053	0.01654	0.02035	0.17515	0.06469	0.60300	0.01711	0.00824	0.00233	0.00349	0.01438	0.00668	0.00600
8	0.00850	0.00607	0.00810	0.00972	0.01012	0.00567	0.00648	0.00972	0.01336	0.01781	0.03846	0.75020	0.04615	0.02186	0.00891	0.00283	0.00405	0.01984	0.00648	0.00567
9	0.02530	0.03197	0.01989	0.01800	0.02134	0.67631	0.01361	0.02707	0.01913	0.01706	0.01067	0.01278	0.00900	0.00755	0.00748	0.00189	0.06474	0.00461	0.00356	0.00806
10	0.00825	0.00707	0.00707	0.00707	0.00943	0.00589	0.00530	0.01001	0.01591	0.01885	0.07069	0.06716	0.70839	0.01767	0.00825	0.00236	0.00353	0.01473	0.00648	0.00589
11	0.01627	0.35641	0.37395	0.01773	0.06551	0.02130	0.01937	0.02152	0.01456	0.01961	0.01130	0.01331	0.00902	0.00631	0.00569	0.00188	0.00892	0.00459	0.00299	0.00975
12	0.00850	0.00607	0.00810	0.00972	0.01012	0.00567	0.00648	0.00972	0.01336	0.01781	0.03846	0.75020	0.04615	0.02186	0.00891	0.00283	0.00405	0.01984	0.00648	0.00567
13	0.01212	0.00606	0.00909	0.00909	0.00909	0.00606	0.00606	0.00909	0.00909	0.01212	0.01212	0.02121	0.01212	0.02424	0.02727	0.79697	0.00606	0.00606	0.00303	0.00303
14	0.01643	0.01572	0.02680	0.18575	0.57489	0.01636	0.02100	0.02068	0.01549	0.02178	0.01298	0.01755	0.01069	0.00637	0.00692	0.00212	0.00850	0.00621	0.00338	0.01037
15	0.00850	0.00607	0.00810	0.00972	0.01012	0.00567	0.00648	0.00972	0.01336	0.01781	0.03846	0.75020	0.04615	0.02186	0.00891	0.00283	0.00405	0.01984	0.00648	0.00567
16	0.00997	0.00748	0.01121	0.01121	0.01246	0.00872	0.00872	0.01246	0.01121	0.01620	0.01869	0.02741	0.01745	0.05234	0.72710	0.01121	0.01869	0.00748	0.00374	0.00623
17	0.00850	0.00607	0.00810	0.00972	0.01012	0.00567	0.00648	0.00972	0.01336	0.01781	0.03846	0.75020	0.04615	0.02186	0.00891	0.00283	0.00405	0.01984	0.00648	0.00567
18	0.05034	0.01855	0.01932	0.01593	0.02063	0.11286	0.06000	0.20350	0.29510	0.09747	0.02123	0.02055	0.01555	0.00843	0.00693	0.00219	0.00751	0.00681	0.00639	0.01070
19	0.00997	0.00748	0.01121	0.01121	0.01246	0.00872	0.00872	0.01246	0.01121	0.01620	0.01869	0.02741	0.01745	0.05234	0.72710	0.01121	0.01869	0.00748	0.00374	0.00623

[dist]
# distance from previous block
# <min> <max>
0	13

[block]
# block no. 2 follows, 30 sequences, length 47
# corresponding to MSA columns:
# 154-200
name=unknown_C
#
# <colnr> <probs for GDERKNQSTAVLIFYWHMCP>
#	G	D	E	R	K	N	Q	S	T	A	V	L	I	F	Y	W	H	M	C	P
0	0.01711	0.01642	0.02804	0.06960	0.68569	0.01654	0.02134	0.02128	0.01581	0.02261	0.01310	0.01732	0.01099	0.00625	0.00691	0.00208	0.00833	0.00622	0.00344	0.01093
1	0.01014	0.00724	0.00998	0.01159	0.01272	0.00708	0.00933	0.01255	0.01498	0.01965	0.03756	0.34850	0.04257	0.02032	0.00934	0.00306	0.00547	0.40535	0.00645	0.00612
2	0.03131	0.01188	0.01619	0.01242	0.01781	0.01026	0.01026	0.03401	0.01997	0.71606	0.02753	0.02375	0.01727	0.00864	0.00702	0.00216	0.00594	0.00702	0.00864	0.01188
3	0.01647	0.01882	0.04118	0.02941	0.03647	0.01765	0.68588	0.02235	0.01647	0.02235	0.01412	0.01882	0.01059	0.00588	0.00824	0.00235	0.01176	0.00824	0.00353	0.00941
4	0.03131	0.01188	0.01619	0.01242	0.01781	0.01026	0.01026	0.03401	0.01997	0.71606	0.02753	0.02375	0.01727	0.00864	0.00702	0.00216	0.00594	0.00702	0.00864	0.01188
5	0.00997	0.00748	0.01121	0.01121	0.01246	0.00872	0.00872	0.01246	0.01121	0.01620	0.01869	0.02741	0.01745	0.05234	0.72710	0.01121	0.01869	0.00748	0.00374	0.00623
6	0.01866	0.75896	0.03657	0.01194	0.01791	0.02761	0.01194	0.02090	0.01418	0.01642	0.00970	0.01119	0.00896	0.00597	0.00448	0.00149	0.00746	0.00373	0.00299	0.00896
7	0.01015	0.00677	0.00761	0.00761	0.00761	0.00677	0.00423	0.01015	0.01015	0.01353	0.02199	0.04567	0.02537	0.75476	0.03552	0.00677	0.00677	0.01015	0.00423	0.00423
8	0.03131	0.01188	0.01619	0.01242	0.01781	0.01026	0.01026	0.03401	0.01997	0.71606	0.02753	0.02375	0.01727	0.00864	0.00702	0.00216	0.00594	0.00702	0.00864	0.01188
9	0.00850	0.00607	0.00810	0.00972	0.01012	0.00567	0.00648	0.00972	0.01336	0.01781	0.03846	0.75020	0.04615	0.02186	0.00891	0.00283	0.00405	0.01984	0.00648	0.00567
10	0.18088	0.24959	0.33932	0.01518	0.02269	0.04529	0.01735	0.02161	0.01415	0.02213	0.01102	0.01288	0.00861	0.00642	0.00548	0.00197	0.00851	0.00441	0.00327	0.00925
11	0.01659	0.02066	0.17252	0.03804	0.56897	0.01650	0.02233	0.02156	0.01565	0.02265	0.01300	0.01674	0.01059	0.00630	0.00685	0.00210	0.00871	0.00600	0.00335	0.01090
12	0.01042	0.16413	0.01323	0.00809	0.01120	0.01043	0.00669	0.01229	0.01555	0.01834	0.05795	0.05547	0.56229	0.01523	0.00746	0.00218	0.00436	0.01243	0.00575	0.00653
13	0.63884	0.01327	0.01249	0.16142	0.02072	0.01562	0.01003	0.01995	0.01231	0.02849	0.01028	0.01285	0.00792	0.00658	0.00487	0.00219	0.00621	0.00428	0.00406	0.00760
14	0.01515	0.00863	0.01195	0.01243	0.01470	0.00825	0.01054	0.01804	0.01660	0.16578	0.03514	0.13788	0.03601	0.01733	0.00901	0.00295	0.00607	0.45916	0.00689	0.00748
15	0.01729	0.60168	0.03083	0.01135	0.01607	0.02311	0.01071	0.01843	0.01312	0.01552	0.01021	0.01329	0.00962	0.00979	0.00924	0.16766	0.00717	0.00422	0.00299	0.00772
16	0.00833	0.00675	0.00739	0.00790	0.00965	0.00582	0.00567	0.00992	0.01510	0.01852	0.06052	0.28275	0.49937	0.01900	0.00846	0.00251	0.00370	0.01634	0.00648	0.00582
17	0.01493	0.01383	0.02046	0.01708	0.01820	0.01786	0.08724	0.01730	0.01215	0.01933	0.01255	0.01791	0.01114	0.01066	0.01751	0.00268	0.50693	0.00643	0.16822	0.00759
18	0.02511	0.01779	0.01936	0.01529	0.02051	0.01955	0.01248	0.48319	0.17054	0.11160	0.02032	0.01943	0.01441	0.00863	0.00701	0.00216	0.00705	0.00670	0.00718	0.01170
19	0.01069	0.00831	0.01225	0.16203	0.01856	0.00960	0.00971	0.01294	0.01149	0.01580	0.01829	0.03062	0.01794	0.23705	0.38549	0.00813	0.01343	0.00795	0.00374	0.00599
20	0.02305	0.01735	0.01880	0.01475	0.02007	0.01865	0.01200	0.43687	0.16890	0.05874	0.01891	0.01859	0.01379	0.00816	0.00675	0.00200	0.00682	0.00634	0.00665	0.12282
21	0.00928	0.00815	0.01000	0.15983	0.01752	0.00789	0.00828	0.01164	0.01542	0.01861	0.05756	0.07730	0.54269	0.01556	0.00800	0.00236	0.00475	0.01310	0.00577	0.00627
22	0.01171	0.00621	0.00878	0.00878	0.00878	0.00621	0.00568	0.00931	0.00931	0.01242	0.01418	0.02632	0.01489	0.17684	0.02900	0.63190	0.00621	0.00691	0.00328	0.00328
23	0.18610	0.02345	0.02212	0.01808	0.02264	0.30729	0.14562	0.10463	0.03756	0.02467	0.01237	0.01453	0.00970	0.00717	0.00697	0.00208	0.03657	0.00546	0.00422	0.00876
24	0.01738	0.58212	0.05300	0.16383	0.02456	0.02475	0.01389	0.02029	0.01415	0.01688	0.01035	0.01284	0.00902	0.00620	0.00506	0.00169	0.00793	0.00429	0.00301	0.00874
25	0.00961	0.00739	0.01035	0.01035	0.01183	0.00813	0.00801	0.01195	0.01219	0.01675	0.02955	0.03572	0.16178	0.04510	0.57694	0.00936	0.01553	0.00899	0.00431	0.00616
26	0.00902	0.00710	0.00814	0.00788	0.00990	0.00622	0.00591	0.01151	0.01774	0.02319	0.37350	0.06001	0.40288	0.01605	0.00824	0.00228	0.00342	0.01373	0.00705	0.00622
27	0.01576	0.01462	0.01469	0.01340	0.01586	0.13441	0.03662	0.06893	0.13187	0.02159	0.05717	0.03643	0.04057	0.17051	0.08219	0.00414	0.02846	0.09999	0.00524	0.00756
28	0.01078	0.00794	0.01039	0.16018	0.01606	0.00859	0.00739	0.01175	0.01094	0.01443	0.01999	0.04001	0.02201	0.59855	0.02956	0.00584	0.00730	0.00932	0.00399	0.00496
29	0.00885	0.00622	0.00800	0.00928	0.00960	0.00590	0.00601	0.00981	0.01269	0.01692	0.03502	0.60303	0.04181	0.17496	0.01447	0.00366	0.00462	0.01781	0.00601	0.00537
30	0.01588	0.01994	0.17124	0.15804	0.45449	0.01632	0.02198	0.02094	0.01531	0.02179	0.01288	0.01697	0.01029	0.00643	0.00686	0.00214	0.00889	0.00599	0.00329	0.01033
31	0.16452	0.02132	0.16438	0.01533	0.02166	0.01854	0.01462	0.37766	0.02426	0.08935	0.01544	0.01590	0.01088	0.00769	0.00643	0.00214	0.00768	0.00565	0.00579	0.01077
32	0.01055	0.00697	0.00858	0.00820	0.00969	0.00658	0.00602	0.01354	0.01782	0.02628	0.50317	0.04609	0.05220	0.07923	0.00997	0.00248	0.00359	0.01112	0.17152	0.00636
33	0.17954	0.10974	0.49670	0.01679	0.02538	0.01733	0.02048	0.02164	0.01408	0.02341	0.01163	0.01364	0.00858	0.00653	0.00591	0.00212	0.00898	0.00471	0.00324	0.00959
34	0.19122	0.01226	0.01480	0.01155	0.01680	0.01130	0.00951	0.02972	0.01779	0.51100	0.02246	0.02033	0.01462	0.00788	0.00629	0.00206	0.00576	0.00608	0.00733	0.08125
35	0.01147	0.16414	0.01471	0.00928	0.01186	0.01086	0.00755	0.01429	0.01791	0.02415	0.46413	0.07061	0.12729	0.01320	0.00747	0.00209	0.00422	0.01127	0.00652	0.00697
36	0.63884	0.01327	0.01249	0.16142	0.02072	0.01562	0.01003	0.01995	0.01231	0.02849	0.01028	0.01285	0.00792	0.00658	0.00487	0.00219	0.00621	0.00428	0.00406	0.00760
37	0.02648	0.02085	0.02083	0.01624	0.02163	0.08862	0.01328	0.62526	0.03157	0.04142	0.01619	0.01636	0.01159	0.00826	0.00692	0.00207	0.00814	0.00611	0.00666	0.01151
38	0.00998	0.00741	0.01089	0.01089	0.01203	0.00855	0.00832	0.01225	0.01112	0.01596	0.01899	0.02905	0.01815	0.11517	0.66523	0.01082	0.01762	0.00772	0.00378	0.00605
39	0.03131	0.01188	0.01619	0.01242	0.01781	0.01026	0.01026	0.03401	0.01997	0.71606	0.02753	0.02375	0.01727	0.00864	0.00702	0.00216	0.00594	0.00702	0.00864	0.01188
40	0.01400	0.03610	0.71860	0.01989	0.03020	0.01621	0.02578	0.02210	0.01473	0.02210	0.01252	0.01473	0.00884	0.00663	0.00663	0.00221	0.01031	0.00516	0.00295	0.01031
41	0.02607	0.03326	0.01978	0.01798	0.02157	0.72674	0.01348	0.02787	0.01978	0.01708	0.01079	0.01258	0.00899	0.00719	0.00629	0.00180	0.01258	0.00449	0.00360	0.00809
42	0.01647	0.01882	0.04118	0.02941	0.03647	0.01765	0.68588	0.02235	0.01647	0.02235	0.01412	0.01882	0.01059	0.00588	0.00824	0.00235	0.01176	0.00824	0.00353	0.00941
43	0.01723	0.01669	0.02896	0.04217	0.67773	0.01663	0.05441	0.02146	0.01592	0.02278	0.01318	0.01735	0.01103	0.00620	0.00697	0.00209	0.00846	0.00632	0.00346	0.01097
44	0.00825	0.00707	0.00707	0.00707	0.00943	0.00589	0.00530	0.01001	0.01591	0.01885	0.07069	0.06716	0.70839	0.01767	0.00825	0.00236	0.00353	0.01473	0.00648	0.00589
45	0.02115	0.01688	0.01792	0.01497	0.01959	0.01913	0.01196	0.30640	0.42312	0.03531	0.02358	0.02219	0.01740	0.00902	0.00705	0.00225	0.00641	0.00722	0.00705	0.01139
46	0.03131	0.01188	0.01619	0.01242	0.01781	0.01026	0.01026	0.03401	0.01997	0.71606	0.02753	0.02375	0.01727	0.00864	0.00702	0.00216	0.00594	0.00702	0.00864	0.01188

[dist]
# distance from previous block
# <min> <max>
0	3

[block]
# block no. 3 follows, 30 sequences, length 142
# corresponding to MSA columns:
# 216-357
name=unknown_D
#
# <colnr> <probs for GDERKNQSTAVLIFYWHMCP>
#	G	D	E	R	K	N	Q	S	T	A	V	L	I	F	Y	W	H	M	C	P
0	0.00982	0.00713	0.00924	0.00872	0.01039	0.00656	0.00654	0.01305	0.01961	0.02765	0.68418	0.05268	0.08942	0.01439	0.00823	0.00220	0.00330	0.01270	0.00764	0.00656
1	0.00997	0.00748	0.01121	0.01121	0.01246	0.00872	0.00872	0.01246	0.01121	0.01620	0.01869	0.02741	0.01745	0.05234	0.72710	0.01121	0.01869	0.00748	0.00374	0.00623
2	0.01647	0.01882	0.04118	0.02941	0.03647	0.01765	0.68588	0.02235	0.01647	0.02235	0.01412	0.01882	0.01059	0.00588	0.00824	0.00235	0.01176	0.00824	0.00353	0.00941
3	0.01464	0.01390	0.02357	0.48966	0.28496	0.01589	0.02011	0.01911	0.01465	0.01960	0.01266	0.01813	0.00993	0.00671	0.00695	0.00224	0.00894	0.00621	0.00323	0.00893
4	0.37826	0.01260	0.01353	0.01096	0.01587	0.01268	0.00904	0.02795	0.01634	0.40862	0.01953	0.01818	0.01291	0.00767	0.00581	0.00216	0.00570	0.00556	0.00670	0.00994
5	0.00974	0.00713	0.00914	0.00863	0.01034	0.00653	0.00648	0.01290	0.01943	0.02721	0.65371	0.05340	0.12016	0.01455	0.00823	0.00221	0.00331	0.01280	0.00758	0.00653
6	0.00961	0.00816	0.00850	0.00839	0.01037	0.03833	0.00621	0.01184	0.01711	0.02172	0.27760	0.12808	0.39610	0.01649	0.00822	0.00233	0.00391	0.01408	0.00675	0.00620
7	0.02166	0.02401	0.01775	0.01607	0.01984	0.36765	0.01225	0.03253	0.36341	0.02321	0.01970	0.01939	0.01522	0.00834	0.00670	0.00209	0.00901	0.00621	0.00537	0.00959
8	0.01447	0.01240	0.01447	0.01034	0.01654	0.00930	0.00827	0.01757	0.01447	0.02274	0.01240	0.01447	0.01034	0.00517	0.00517	0.00103	0.00517	0.00413	0.00413	0.79742
9	0.00973	0.00754	0.00913	0.00992	0.01191	0.00695	0.00824	0.01221	0.01598	0.01985	0.05403	0.07286	0.37842	0.01847	0.00893	0.00278	0.00496	0.33547	0.00645	0.00616
10	0.00926	0.00736	0.00836	0.00823	0.01023	0.00663	0.00612	0.01233	0.04760	0.02251	0.29524	0.11835	0.38976	0.01644	0.00825	0.00234	0.00358	0.01410	0.00694	0.00635
11	0.48486	0.02026	0.01546	0.01430	0.04557	0.24596	0.04044	0.02301	0.01480	0.02595	0.01040	0.01232	0.00830	0.00667	0.00524	0.00205	0.00813	0.00431	0.00401	0.00796
12	0.00914	0.00736	0.00831	0.00879	0.01092	0.00653	0.00707	0.01134	0.01595	0.01946	0.06065	0.07060	0.50958	0.01815	0.00866	0.00261	0.00439	0.20798	0.00646	0.00605
13	0.01400	0.03610	0.71860	0.01989	0.03020	0.01621	0.02578	0.02210	0.01473	0.02210	0.01252	0.01473	0.00884	0.00663	0.00663	0.00221	0.01031	0.00516	0.00295	0.01031
14	0.01627	0.01709	0.02984	0.02260	0.02764	0.04573	0.38335	0.02425	0.16103	0.02362	0.08596	0.02309	0.01819	0.00814	0.00932	0.00238	0.07934	0.00825	0.00466	0.00925
15	0.00863	0.00618	0.00801	0.00942	0.00988	0.00577	0.00623	0.00977	0.01320	0.01750	0.03851	0.66004	0.07407	0.08363	0.01113	0.00314	0.00426	0.01879	0.00629	0.00556
16	0.01212	0.00606	0.00909	0.00909	0.00909	0.00606	0.00606	0.00909	0.00909	0.01212	0.01212	0.02121	0.01212	0.02424	0.02727	0.79697	0.00606	0.00606	0.00303	0.00303
17	0.01727	0.01658	0.02832	0.04283	0.71123	0.01658	0.02142	0.02142	0.01589	0.02280	0.01313	0.01727	0.01105	0.00622	0.00691	0.00207	0.00829	0.00622	0.00345	0.01105
18	0.01789	0.64008	0.14873	0.01325	0.01993	0.02574	0.01422	0.02109	0.01427	0.01735	0.01017	0.01178	0.00894	0.00608	0.00483	0.00161	0.00793	0.00397	0.00298	0.00918
19	0.00997	0.00748	0.01121	0.01121	0.01246	0.00872	0.00872	0.01246	0.01121	0.01620	0.01869	0.02741	0.01745	0.05234	0.72710	0.01121	0.01869	0.00748	0.00374	0.00623
20	0.00939	0.00744	0.00866	0.00927	0.01134	0.00671	0.00756	0.01171	0.01597	0.01963	0.05784	0.07156	0.45396	0.01828	0.00878	0.00268	0.00464	0.26204	0.00646	0.00609
21	0.02620	0.01409	0.01948	0.01511	0.02022	0.03980	0.09818	0.11754	0.02079	0.43387	0.04392	0.05704	0.01885	0.00932	0.00735	0.00223	0.00704	0.03081	0.00736	0.01079
22	0.01014	0.00679	0.00776	0.00776	0.00781	0.00685	0.00441	0.01024	0.01019	0.01364	0.02185	0.04492	0.02505	0.72613	0.06370	0.00695	0.00725	0.01004	0.00421	0.00431
23	0.01400	0.03610	0.71860	0.01989	0.03020	0.01621	0.02578	0.02210	0.01473	0.02210	0.01252	0.01473	0.00884	0.00663	0.00663	0.00221	0.01031	0.00516	0.00295	0.01031
24	0.01620	0.01804	0.03679	0.02695	0.03245	0.01847	0.53731	0.02112	0.01519	0.02112	0.01302	0.01804	0.01027	0.00729	0.01148	0.00251	0.17354	0.00776	0.00342	0.00902
25	0.18029	0.02500	0.01800	0.01678	0.05649	0.41588	0.01234	0.07112	0.01890	0.10460	0.01308	0.01419	0.00999	0.00725	0.00607	0.00195	0.00982	0.00486	0.00455	0.00884
26	0.00825	0.00707	0.00707	0.00707	0.00943	0.00589	0.00530	0.01001	0.01591	0.01885	0.07069	0.06716	0.70839	0.01767	0.00825	0.00236	0.00353	0.01473	0.00648	0.00589
27	0.02607	0.03326	0.01978	0.01798	0.02157	0.72674	0.01348	0.02787	0.01978	0.01708	0.01079	0.01258	0.00899	0.00719	0.00629	0.00180	0.01258	0.00449	0.00360	0.00809
28	0.01473	0.01264	0.01459	0.01069	0.01668	0.01003	0.00852	0.01934	0.07661	0.02333	0.01386	0.01552	0.01133	0.00556	0.00534	0.00115	0.00520	0.00448	0.00440	0.72599
29	0.00841	0.00708	0.00730	0.00724	0.00953	0.00596	0.00543	0.01033	0.01629	0.01977	0.13445	0.06565	0.64406	0.01733	0.00825	0.00234	0.00351	0.01452	0.00660	0.00596
30	0.00825	0.00707	0.00707	0.00707	0.00943	0.00589	0.00530	0.01001	0.01591	0.01885	0.07069	0.06716	0.70839	0.01767	0.00825	0.00236	0.00353	0.01473	0.00648	0.00589
31	0.02950	0.01478	0.01799	0.01379	0.01926	0.01457	0.01140	0.28165	0.02483	0.46155	0.02345	0.02110	0.01523	0.00854	0.00700	0.00213	0.00660	0.00674	0.00801	0.01187
32	0.01425	0.07505	0.68184	0.01946	0.02954	0.01682	0.02504	0.02203	0.01470	0.02179	0.01237	0.01454	0.00885	0.00659	0.00651	0.00217	0.01016	0.00508	0.00295	0.01024
33	0.01657	0.01586	0.02705	0.16263	0.59694	0.01639	0.02107	0.02080	0.01556	0.02194	0.01300	0.01750	0.01075	0.00635	0.00692	0.00212	0.00846	0.00621	0.00339	0.01048
34	0.01124	0.00803	0.01124	0.01285	0.01446	0.00803	0.01124	0.01446	0.01606	0.02088	0.03695	0.07871	0.04016	0.01928	0.00964	0.00321	0.00643	0.66426	0.00643	0.00643
35	0.07711	0.01553	0.01802	0.01390	0.01932	0.01587	0.01148	0.33609	0.02542	0.36219	0.02143	0.01974	0.01417	0.00838	0.00683	0.00213	0.00671	0.00648	0.00760	0.01160
36	0.00925	0.00697	0.00872	0.00977	0.01115	0.00644	0.00748	0.01127	0.01511	0.01932	0.06878	0.32685	0.24889	0.01960	0.00889	0.00278	0.00454	0.20171	0.00650	0.00598
37	0.01400	0.03610	0.71860	0.01989	0.03020	0.01621	0.02578	0.02210	0.01473	0.02210	0.01252	0.01473	0.00884	0.00663	0.00663	0.00221	0.01031	0.00516	0.00295	0.01031
38	0.01318	0.01240	0.02093	0.73798	0.04806	0.01550	0.01938	0.01783	0.01395	0.01783	0.01240	0.01860	0.00930	0.00698	0.00698	0.00233	0.00930	0.00620	0.00310	0.00775
39	0.02653	0.01955	0.02094	0.01606	0.02164	0.02164	0.01326	0.68796	0.03281	0.04398	0.01675	0.01675	0.01187	0.00838	0.00698	0.00209	0.00768	0.00628	0.00698	0.01187
40	0.01407	0.01331	0.02253	0.58733	0.19178	0.01574	0.01982	0.01861	0.01437	0.01891	0.01256	0.01832	0.00968	0.00681	0.00696	0.00227	0.00908	0.00621	0.00318	0.00847
41	0.01806	0.66678	0.12354	0.01295	0.01948	0.02616	0.01371	0.02105	0.01425	0.01714	0.01006	0.01165	0.00894	0.00605	0.00475	0.00158	0.00783	0.00391	0.00298	0.00913
42	0.00997	0.00748	0.01121	0.01121	0.01246	0.00872	0.00872	0.01246	0.01121	0.01620	0.01869	0.02741	0.01745	0.05234	0.72710	0.01121	0.01869	0.00748	0.00374	0.00623
43	0.01124	0.00803	0.01124	0.01285	0.01446	0.00803	0.01124	0.01446	0.01606	0.02088	0.03695	0.07871	0.04016	0.01928	0.00964	0.00321	0.00643	0.66426	0.00643	0.00643
44	0.02609	0.03273	0.01982	0.01790	0.02158	0.69973	0.01347	0.05315	0.02027	0.01811	0.01102	0.01274	0.00910	0.00724	0.00632	0.00181	0.01240	0.00456	0.00373	0.00823
45	0.03109	0.01222	0.01641	0.01258	0.01799	0.01077	0.01039	0.06331	0.02055	0.68594	0.02705	0.02344	0.01703	0.00863	0.00702	0.00216	0.00602	0.00698	0.00856	0.01188
46	0.01318	0.01240	0.02093	0.73798	0.04806	0.01550	0.01938	0.01783	0.01395	0.01783	0.01240	0.01860	0.00930	0.00698	0.00698	0.00233	0.00930	0.00620	0.00310	0.00775
47	0.01318	0.01240	0.02093	0.73798	0.04806	0.01550	0.01938	0.01783	0.01395	0.01783	0.01240	0.01860	0.00930	0.00698	0.00698	0.00233	0.00930	0.00620	0.00310	0.00775
48	0.00988	0.00713	0.00933	0.00878	0.01043	0.00658	0.00658	0.01317	0.01975	0.02798	0.70754	0.05213	0.06584	0.01427	0.00823	0.00219	0.00329	0.01262	0.00768	0.00658
49	0.03092	0.01250	0.01658	0.01271	0.01813	0.01118	0.01050	0.08731	0.02102	0.66128	0.02665	0.02318	0.01683	0.00862	0.00701	0.00215	0.00608	0.00696	0.00850	0.01188
50	0.01727	0.01658	0.02832	0.04283	0.71123	0.01658	0.02142	0.02142	0.01589	0.02280	0.01313	0.01727	0.01105	0.00622	0.00691	0.00207	0.00829	0.00622	0.00345	0.01105
51	0.01400	0.03610	0.71860	0.01989	0.03020	0.01621	0.02578	0.02210	0.01473	0.02210	0.01252	0.01473	0.00884	0.00663	0.00663	0.00221	0.01031	0.00516	0.00295	0.01031
52	0.00877	0.00619	0.00802	0.00937	0.00971	0.00585	0.00611	0.00979	0.01284	0.01712	0.03578	0.63561	0.04277	0.14107	0.01324	0.00347	0.00449	0.01826	0.00611	0.00543
53	0.01400	0.03610	0.71860	0.01989	0.03020	0.01621	0.02578	0.02210	0.01473	0.02210	0.01252	0.01473	0.00884	0.00663	0.00663	0.00221	0.01031	0.00516	0.00295	0.01031
54	0.02054	0.01328	0.01455	0.01255	0.01593	0.08657	0.00992	0.02507	0.10433	0.27447	0.08722	0.06283	0.10926	0.01380	0.05305	0.00284	0.06909	0.00884	0.00668	0.00918
55	0.01091	0.00915	0.01297	0.01142	0.01352	0.00920	0.06479	0.01461	0.04801	0.02435	0.40451	0.08968	0.16226	0.01419	0.00959	0.00236	0.07272	0.01223	0.00660	0.00695
56	0.01659	0.01432	0.01504	0.01360	0.01741	0.01639	0.01056	0.03479	0.64091	0.02832	0.03198	0.02951	0.07938	0.01016	0.00720	0.00237	0.00535	0.00847	0.00705	0.01061
57	0.01461	0.01386	0.02351	0.49519	0.27968	0.01588	0.02009	0.01908	0.01463	0.01956	0.01266	0.01814	0.00991	0.00671	0.00695	0.00224	0.00895	0.00621	0.00322	0.00891
58	0.80405	0.01350	0.01026	0.00918	0.01350	0.01565	0.00756	0.02051	0.01188	0.03131	0.00972	0.01134	0.00756	0.00648	0.00432	0.00216	0.00540	0.00378	0.00432	0.00756
59	0.00847	0.00620	0.00796	0.00937	0.01003	0.00570	0.00633	0.00976	0.01369	0.01795	0.04263	0.66185	0.13181	0.02132	0.00882	0.00277	0.00398	0.01918	0.00648	0.00570
60	0.02609	0.03270	0.01982	0.01790	0.02158	0.69801	0.01347	0.05477	0.02031	0.01817	0.01103	0.01275	0.00911	0.00724	0.00632	0.00181	0.01238	0.00457	0.00373	0.00824
61	0.01340	0.01263	0.02133	0.70073	0.08360	0.01556	0.01949	0.01802	0.01406	0.01810	0.01244	0.01853	0.00940	0.00694	0.00697	0.00231	0.00925	0.00620	0.00312	0.00793
62	0.02618	0.02978	0.02007	0.01749	0.02159	0.54782	0.01343	0.19536	0.02308	0.02390	0.01230	0.01364	0.00972	0.00749	0.00647	0.00187	0.01134	0.00495	0.00445	0.00905
63	0.01801	0.00995	0.01214	0.01141	0.01414	0.03613	0.00882	0.04535	0.01715	0.25830	0.03502	0.30838	0.08200	0.01561	0.00813	0.00255	0.00543	0.09613	0.00712	0.00824
64	0.01447	0.01240	0.01447	0.01034	0.01654	0.00930	0.00827	0.01757	0.01447	0.02274	0.01240	0.01447	0.01034	0.00517	0.00517	0.00103	0.00517	0.00413	0.00413	0.79742
65	0.02895	0.01566	0.01854	0.01421	0.01970	0.01588	0.01174	0.35693	0.02631	0.38419	0.02221	0.02030	0.01460	0.00851	0.00700	0.00213	0.00680	0.00665	0.00782	0.01187
66	0.01072	0.00813	0.01000	0.00936	0.01135	0.00791	0.00707	0.01601	0.10607	0.02755	0.57970	0.04977	0.10178	0.01387	0.00809	0.00223	0.00359	0.01215	0.00753	0.00711
67	0.01458	0.01275	0.01590	0.01136	0.01761	0.00975	0.04458	0.01783	0.01458	0.02272	0.01249	0.01470	0.01035	0.00521	0.00533	0.00110	0.00552	0.00435	0.00410	0.75519
68	0.01447	0.01240	0.01447	0.01034	0.01654	0.00930	0.00827	0.01757	0.01447	0.02274	0.01240	0.01447	0.01034	0.00517	0.00517	0.00103	0.00517	0.00413	0.00413	0.79742
69	0.01763	0.01628	0.01564	0.01422	0.01797	0.09010	0.01104	0.03410	0.57348	0.02717	0.02883	0.02832	0.05263	0.00994	0.00716	0.00234	0.00619	0.02992	0.00669	0.01034
70	0.42624	0.01047	0.00991	0.00949	0.01243	0.01131	0.00730	0.01740	0.01384	0.07194	0.10852	0.22664	0.02660	0.01198	0.00630	0.00235	0.00478	0.00967	0.00564	0.00718
71	0.01843	0.11075	0.02121	0.01562	0.01879	0.02076	0.01296	0.14265	0.26391	0.02601	0.01753	0.01891	0.01400	0.00975	0.01204	0.00244	0.25279	0.00648	0.00520	0.00978
72	0.01625	0.01347	0.02020	0.11555	0.28325	0.01265	0.01469	0.01977	0.01529	0.07626	0.01580	0.07151	0.01369	0.00731	0.00648	0.00181	0.00685	0.00658	0.00427	0.27832
73	0.01400	0.03610	0.71860	0.01989	0.03020	0.01621	0.02578	0.02210	0.01473	0.02210	0.01252	0.01473	0.00884	0.00663	0.00663	0.00221	0.01031	0.00516	0.00295	0.01031
74	0.01400	0.03610	0.71860	0.01989	0.03020	0.01621	0.02578	0.02210	0.01473	0.02210	0.01252	0.01473	0.00884	0.00663	0.00663	0.00221	0.01031	0.00516	0.00295	0.01031
75	0.01058	0.00823	0.01117	0.04290	0.01370	0.00808	0.03469	0.01423	0.05776	0.02262	0.29158	0.15379	0.11317	0.08954	0.01112	0.00291	0.00492	0.09598	0.00647	0.00656
76	0.01698	0.01628	0.02779	0.09284	0.66352	0.01650	0.02127	0.02116	0.01575	0.02244	0.01307	0.01737	0.01093	0.00627	0.00691	0.00209	0.00836	0.00622	0.00343	0.01082
77	0.01647	0.01882	0.04118	0.02941	0.03647	0.01765	0.68588	0.02235	0.01647	0.02235	0.01412	0.01882	0.01059	0.00588	0.00824	0.00235	0.01176	0.00824	0.00353	0.00941
78	0.01202	0.00761	0.01002	0.00914	0.01116	0.00695	0.00695	0.01526	0.01978	0.09687	0.63946	0.04929	0.06098	0.01370	0.00811	0.00219	0.00356	0.01206	0.00778	0.00711
79	0.01466	0.13876	0.62174	0.01876	0.02846	0.01783	0.02382	0.02193	0.01465	0.02129	0.01212	0.01423	0.00886	0.00654	0.00632	0.00211	0.00991	0.00495	0.00295	0.01012
80	0.00850	0.00607	0.00810	0.00972	0.01012	0.00567	0.00648	0.00972	0.01336	0.01781	0.03846	0.75020	0.04615	0.02186	0.00891	0.00283	0.00405	0.01984	0.00648	0.00567
81	0.01212	0.00606	0.00909	0.00909	0.00909	0.00606	0.00606	0.00909	0.00909	0.01212	0.01212	0.02121	0.01212	0.02424	0.02727	0.79697	0.00606	0.00606	0.00303	0.00303
82	0.01679	0.01635	0.02867	0.11129	0.58779	0.01656	0.07738	0.02114	0.01574	0.02226	0.01314	0.01754	0.01084	0.00627	0.00703	0.00212	0.00869	0.00639	0.00343	0.01058
83	0.01689	0.01619	0.02764	0.10732	0.64971	0.01648	0.02123	0.02108	0.01571	0.02234	0.01306	0.01739	0.01089	0.00629	0.00691	0.00210	0.00838	0.00622	0.00342	0.01075
84	0.01002	0.00728	0.01019	0.01019	0.01109	0.00817	0.00745	0.01181	0.01091	0.01544	0.01962	0.03258	0.01969	0.25127	0.53124	0.00995	0.01531	0.00823	0.00388	0.00566
85	0.00830	0.00707	0.00715	0.00713	0.00946	0.00592	0.00535	0.01013	0.01604	0.01917	0.09307	0.06663	0.68581	0.01755	0.00825	0.00235	0.00353	0.01465	0.00652	0.00592
86	0.04967	0.01671	0.01700	0.01389	0.01874	0.13053	0.01113	0.09659	0.13500	0.40094	0.02337	0.02127	0.01579	0.00845	0.00683	0.00213	0.00711	0.00659	0.00727	0.01099
87	0.01136	0.00639	0.00886	0.00886	0.00898	0.00651	0.00578	0.00971	0.00959	0.01290	0.01555	0.02878	0.01640	0.23572	0.09455	0.49814	0.00743	0.00736	0.00344	0.00367
88	0.01400	0.03610	0.71860	0.01989	0.03020	0.01621	0.02578	0.02210	0.01473	0.02210	0.01252	0.01473	0.00884	0.00663	0.00663	0.00221	0.01031	0.00516	0.00295	0.01031
89	0.01555	0.01482	0.02522	0.33512	0.43239	0.01613	0.02056	0.01991	0.01508	0.02071	0.01282	0.01783	0.01032	0.00654	0.00694	0.00218	0.00872	0.00621	0.00331	0.00967
90	0.04804	0.01910	0.02047	0.01573	0.02128	0.02106	0.01300	0.64565	0.03176	0.06829	0.01696	0.01686	0.01195	0.00833	0.00691	0.00210	0.00755	0.00624	0.00697	0.01175
91	0.02607	0.03326	0.01978	0.01798	0.02157	0.72674	0.01348	0.02787	0.01978	0.01708	0.01079	0.01258	0.00899	0.00719	0.00629	0.00180	0.01258	0.00449	0.00360	0.00809
92	0.01447	0.01240	0.01447	0.01034	0.01654	0.00930	0.00827	0.01757	0.01447	0.02274	0.01240	0.01447	0.01034	0.00517	0.00517	0.00103	0.00517	0.00413	0.00413	0.79742
93	0.00850	0.00607	0.00810	0.00972	0.01012	0.00567	0.00648	0.00972	0.01336	0.01781	0.03846	0.75020	0.04615	0.02186	0.00891	0.00283	0.00405	0.01984	0.00648	0.00567
94	0.01318	0.01240	0.02093	0.73798	0.04806	0.01550	0.01938	0.01783	0.01395	0.01783	0.01240	0.01860	0.00930	0.00698	0.00698	0.00233	0.00930	0.00620	0.00310	0.00775
95	0.02141	0.01701	0.01806	0.01502	0.01969	0.01925	0.01203	0.32496	0.40414	0.03573	0.02325	0.02193	0.01713	0.00899	0.00705	0.00225	0.00648	0.00718	0.00705	0.01141
96	0.01400	0.03610	0.71860	0.01989	0.03020	0.01621	0.02578	0.02210	0.01473	0.02210	0.01252	0.01473	0.00884	0.00663	0.00663	0.00221	0.01031	0.00516	0.00295	0.01031
97	0.01866	0.75896	0.03657	0.01194	0.01791	0.02761	0.01194	0.02090	0.01418	0.01642	0.00970	0.01119	0.00896	0.00597	0.00448	0.00149	0.00746	0.00373	0.00299	0.00896
98	0.01805	0.01534	0.01587	0.01410	0.01818	0.03886	0.01098	0.03592	0.62496	0.05488	0.02720	0.02508	0.02034	0.00920	0.00700	0.00229	0.00574	0.00760	0.00694	0.04147
99	0.02843	0.01415	0.01731	0.01353	0.01880	0.01393	0.01109	0.19566	0.10586	0.46658	0.02498	0.02230	0.01643	0.00867	0.00702	0.00217	0.00632	0.00694	0.00804	0.01177
100	0.00850	0.00607	0.00810	0.00972	0.01012	0.00567	0.00648	0.00972	0.01336	0.01781	0.03846	0.75020	0.04615	0.02186	0.00891	0.00283	0.00405	0.01984	0.00648	0.00567
101	0.00949	0.00703	0.00885	0.00857	0.01023	0.00639	0.00636	0.01235	0.01857	0.02559	0.54437	0.11365	0.17175	0.01548	0.00829	0.00228	0.00340	0.01358	0.00738	0.00639
102	0.02303	0.01439	0.01644	0.01378	0.01838	0.01537	0.01100	0.10120	0.40087	0.26456	0.02694	0.02433	0.01899	0.00908	0.00706	0.00227	0.00588	0.00743	0.00761	0.01141
103	0.01363	0.01287	0.02175	0.66096	0.12154	0.01562	0.01961	0.01823	0.01417	0.01838	0.01248	0.01846	0.00950	0.00689	0.00697	0.00230	0.00919	0.00620	0.00314	0.00812
104	0.01318	0.01240	0.02093	0.73798	0.04806	0.01550	0.01938	0.01783	0.01395	0.01783	0.01240	0.01860	0.00930	0.00698	0.00698	0.00233	0.00930	0.00620	0.00310	0.00775
105	0.00988	0.00713	0.00933	0.00878	0.01043	0.00658	0.00658	0.01317	0.01975	0.02798	0.70754	0.05213	0.06584	0.01427	0.00823	0.00219	0.00329	0.01262	0.00768	0.00658
106	0.01113	0.00796	0.01108	0.01251	0.01412	0.00791	0.01085	0.01435	0.01638	0.02148	0.09363	0.07647	0.04233	0.01885	0.00952	0.00313	0.00616	0.60917	0.00653	0.00644
107	0.01015	0.00677	0.00761	0.00761	0.00761	0.00677	0.00423	0.01015	0.01015	0.01353	0.02199	0.04567	0.02537	0.75476	0.03552	0.00677	0.00677	0.01015	0.00423	0.00423
108	0.03131	0.01188	0.01619	0.01242	0.01781	0.01026	0.01026	0.03401	0.01997	0.71606	0.02753	0.02375	0.01727	0.00864	0.00702	0.00216	0.00594	0.00702	0.00864	0.01188
109	0.01187	0.00973	0.01041	0.00993	0.01225	0.01015	0.00727	0.01953	0.25175	0.02125	0.04293	0.07763	0.27842	0.16179	0.04113	0.00359	0.00547	0.01139	0.00615	0.00736
110	0.01400	0.03610	0.71860	0.01989	0.03020	0.01621	0.02578	0.02210	0.01473	0.02210	0.01252	0.01473	0.00884	0.00663	0.00663	0.00221	0.01031	0.00516	0.00295	0.01031
111	0.01647	0.01882	0.04118	0.02941	0.03647	0.01765	0.68588	0.02235	0.01647	0.02235	0.01412	0.01882	0.01059	0.00588	0.00824	0.00235	0.01176	0.00824	0.00353	0.00941
112	0.01353	0.00701	0.00706	0.00687	0.00865	0.00709	0.00520	0.04230	0.01534	0.02671	0.02253	0.02566	0.01765	0.00814	0.00496	0.00164	0.00342	0.00650	0.76300	0.00671
113	0.00850	0.00607	0.00810	0.00972	0.01012	0.00567	0.00648	0.00972	0.01336	0.01781	0.03846	0.75020	0.04615	0.02186	0.00891	0.00283	0.00405	0.01984	0.00648	0.00567
114	0.00850	0.00607	0.00810	0.00972	0.01012	0.00567	0.00648	0.00972	0.01336	0.01781	0.03846	0.75020	0.04615	0.02186	0.00891	0.00283	0.00405	0.01984	0.00648	0.00567
115	0.01182	0.00674	0.00757	0.00737	0.00900	0.00653	0.00552	0.01509	0.01657	0.02676	0.28208	0.03590	0.03605	0.01045	0.00615	0.00184	0.00327	0.00882	0.49592	0.00653
116	0.00887	0.00634	0.00852	0.01014	0.01071	0.00599	0.00712	0.01036	0.01373	0.01823	0.03826	0.65938	0.04534	0.02151	0.00901	0.00289	0.00437	0.10700	0.00647	0.00577
117	0.40717	0.01301	0.01218	0.01072	0.01480	0.01452	0.00860	0.02642	0.20449	0.11751	0.01850	0.01848	0.01366	0.00775	0.00549	0.00216	0.00529	0.00561	0.08465	0.00897
118	0.01527	0.01527	0.02137	0.01832	0.01832	0.02137	0.01527	0.01679	0.01069	0.01679	0.00916	0.01527	0.00916	0.01221	0.02290	0.00305	0.74198	0.00611	0.00305	0.00763
119	0.01527	0.01527	0.02137	0.01832	0.01832	0.02137	0.01527	0.01679	0.01069	0.01679	0.00916	0.01527	0.00916	0.01221	0.02290	0.00305	0.74198	0.00611	0.00305	0.00763
120	0.01648	0.01234	0.01468	0.01058	0.01669	0.00942	0.00851	0.01953	0.01513	0.10537	0.01421	0.01558	0.01116	0.00558	0.00539	0.00117	0.00526	0.00448	0.00467	0.70379
121	0.02566	0.31769	0.02499	0.01259	0.01824	0.01848	0.01125	0.09413	0.01889	0.36310	0.01917	0.01792	0.01334	0.00752	0.00598	0.00188	0.00673	0.00560	0.00616	0.01068
122	0.00965	0.00707	0.00871	0.00833	0.00985	0.00650	0.00603	0.01222	0.01774	0.02440	0.50467	0.05363	0.16442	0.12214	0.01219	0.00288	0.00383	0.01260	0.00699	0.00613
123	0.01212	0.00606	0.00909	0.00909	0.00909	0.00606	0.00606	0.00909	0.00909	0.01212	0.01212	0.02121	0.01212	0.02424	0.02727	0.79697	0.00606	0.00606	0.00303	0.00303
124	0.01308	0.01226	0.01709	0.01520	0.01578	0.01627	0.01243	0.01490	0.01136	0.01683	0.01800	0.02387	0.08149	0.02403	0.21918	0.00528	0.46495	0.00735	0.00359	0.00707
125	0.01546	0.02113	0.17114	0.02588	0.03304	0.01640	0.48878	0.02151	0.01609	0.02216	0.01609	0.02402	0.01321	0.00737	0.00806	0.00241	0.01095	0.07331	0.00370	0.00929
126	0.03131	0.01188	0.01619	0.01242	0.01781	0.01026	0.01026	0.03401	0.01997	0.71606	0.02753	0.02375	0.01727	0.00864	0.00702	0.00216	0.00594	0.00702	0.00864	0.01188
127	0.03087	0.01259	0.01663	0.01275	0.01817	0.01131	0.01054	0.09467	0.02116	0.65372	0.02653	0.02310	0.01677	0.00861	0.00701	0.00215	0.00610	0.00695	0.00848	0.01188
128	0.01591	0.01757	0.03568	0.02629	0.03158	0.01798	0.51670	0.02068	0.01512	0.02099	0.01401	0.04642	0.01166	0.00785	0.01139	0.00252	0.16700	0.00823	0.00354	0.00889
129	0.01011	0.00693	0.00843	0.00843	0.00871	0.00721	0.00525	0.01067	0.01039	0.01414	0.02124	0.04152	0.02357	0.59538	0.19244	0.00777	0.00947	0.00954	0.00412	0.00468
130	0.00850	0.00607	0.00810	0.00972	0.01012	0.00567	0.00648	0.00972	0.01336	0.01781	0.03846	0.75020	0.04615	0.02186	0.00891	0.00283	0.00405	0.01984	0.00648	0.00567
131	0.01670	0.45577	0.32263	0.01527	0.02307	0.02283	0.01775	0.02140	0.01441	0.01880	0.01088	0.01268	0.00891	0.00625	0.00538	0.00179	0.00866	0.00433	0.00297	0.00952
132	0.01468	0.01395	0.02399	0.01913	0.02262	0.01488	0.25252	0.07482	0.05770	0.02200	0.02020	0.17539	0.01957	0.01653	0.10057	0.00365	0.12486	0.01009	0.00462	0.00825
133	0.02561	0.01909	0.02043	0.01587	0.02129	0.02121	0.01304	0.62279	0.09947	0.04250	0.01792	0.01768	0.01281	0.00849	0.00699	0.00212	0.00746	0.00644	0.00699	0.01179
134	0.02660	0.01649	0.01851	0.01432	0.01952	0.01746	0.01179	0.46464	0.02800	0.21361	0.02001	0.01932	0.01375	0.00842	0.00681	0.00207	0.00686	0.00649	0.07389	0.01142
135	0.01750	0.01605	0.02750	0.10553	0.59751	0.01623	0.04153	0.02168	0.01591	0.05339	0.01374	0.01773	0.01116	0.00639	0.00696	0.00211	0.00839	0.00632	0.00366	0.01073
136	0.01198	0.00886	0.01225	0.01111	0.01320	0.00869	0.05109	0.01427	0.01603	0.08360	0.18832	0.21267	0.23478	0.01580	0.00975	0.00249	0.07828	0.01350	0.00640	0.00693
137	0.00850	0.00607	0.00810	0.00972	0.01012	0.00567	0.00648	0.00972	0.01336	0.01781	0.03846	0.75020	0.04615	0.02186	0.00891	0.00283	0.00405	0.01984	0.00648	0.00567
138	0.01786	0.01455	0.01931	0.01593	0.02038	0.01558	0.12338	0.03181	0.44785	0.09977	0.04979	0.02805	0.06467	0.00946	0.00739	0.00234	0.00641	0.00844	0.00664	0.01039
139	0.01457	0.12526	0.63447	0.01891	0.02869	0.01761	0.02408	0.02195	0.01466	0.02140	0.01217	0.01430	0.00885	0.00655	0.00636	0.00212	0.00996	0.00498	0.00295	0.01015
140	0.01727	0.01658	0.02832	0.04283	0.71123	0.01658	0.02142	0.02142	0.01589	0.02280	0.01313	0.01727	0.01105	0.00622	0.00691	0.00207	0.00829	0.00622	0.00345	0.01105
141	0.72668	0.01333	0.01085	0.00950	0.01393	0.01511	0.00783	0.02186	0.01269	0.09986	0.01150	0.01258	0.00853	0.00669	0.00459	0.00216	0.00545	0.00410	0.00475	0.00799

[dist]
# distance from previous block
# <min> <max>
0	68

[block]
# block no. 4 follows, 30 sequences, length 163
# corresponding to MSA columns:
# 426-588
name=unknown_E
#
# <colnr> <probs for GDERKNQSTAVLIFYWHMCP>
#	G	D	E	R	K	N	Q	S	T	A	V	L	I	F	Y	W	H	M	C	P
0	0.01866	0.75896	0.03657	0.01194	0.01791	0.02761	0.01194	0.02090	0.01418	0.01642	0.00970	0.01119	0.00896	0.00597	0.00448	0.00149	0.00746	0.00373	0.00299	0.00896
1	0.01287	0.00957	0.01151	0.01043	0.01275	0.00970	0.00796	0.11272	0.08527	0.02948	0.48217	0.10841	0.05202	0.01366	0.00800	0.00226	0.00421	0.01192	0.00742	0.00769
2	0.02311	0.02818	0.02349	0.01976	0.02408	0.50030	0.14527	0.02791	0.10252	0.01960	0.01361	0.01546	0.01082	0.00721	0.00677	0.00198	0.01156	0.00565	0.00401	0.00871
3	0.03109	0.01222	0.01641	0.01258	0.01799	0.01077	0.01039	0.06358	0.02055	0.68566	0.02704	0.02344	0.01703	0.00863	0.00702	0.00216	0.00602	0.00698	0.00856	0.01188
4	0.02954	0.01285	0.01661	0.01281	0.01806	0.01187	0.01055	0.13568	0.02198	0.57790	0.05811	0.02400	0.01873	0.00886	0.00707	0.00215	0.00609	0.00717	0.00833	0.01162
5	0.01668	0.01598	0.02726	0.14339	0.61530	0.01642	0.02112	0.02090	0.01561	0.02208	0.01302	0.01746	0.01080	0.00633	0.00692	0.00211	0.00844	0.00622	0.00340	0.01058
6	0.01268	0.01275	0.01071	0.01088	0.01274	0.17078	0.00794	0.01446	0.01626	0.01900	0.10261	0.29299	0.23086	0.01650	0.00809	0.00242	0.00588	0.04013	0.00593	0.00640
7	0.00977	0.00661	0.00772	0.00809	0.00818	0.00651	0.00474	0.01005	0.01088	0.01451	0.02575	0.20675	0.03012	0.58719	0.02943	0.00587	0.00614	0.01236	0.00474	0.00456
8	0.07541	0.01737	0.01855	0.01463	0.01968	0.04995	0.01198	0.43686	0.02675	0.17106	0.01829	0.01840	0.01294	0.01159	0.06149	0.00279	0.00825	0.00628	0.00674	0.01100
9	0.01801	0.65933	0.13056	0.01304	0.01960	0.02604	0.01385	0.02106	0.01426	0.01720	0.01009	0.01168	0.00894	0.00606	0.00477	0.00159	0.00786	0.00393	0.00298	0.00914
10	0.01400	0.03610	0.71860	0.01989	0.03020	0.01621	0.02578	0.02210	0.01473	0.02210	0.01252	0.01473	0.00884	0.00663	0.00663	0.00221	0.01031	0.00516	0.00295	0.01031
11	0.02609	0.01046	0.01377	0.01098	0.01535	0.00924	0.00892	0.02894	0.01891	0.52824	0.07825	0.02635	0.02108	0.00897	0.00669	0.00206	0.00521	0.00734	0.16275	0.01042
12	0.12585	0.01270	0.01585	0.01232	0.01760	0.01185	0.01017	0.08586	0.02003	0.57694	0.02446	0.02165	0.01564	0.00835	0.00668	0.00215	0.00601	0.00656	0.00797	0.01134
13	0.02487	0.02381	0.01794	0.01578	0.01986	0.38440	0.01214	0.03163	0.20056	0.17001	0.01906	0.01856	0.01404	0.00811	0.00666	0.00203	0.00928	0.00594	0.00561	0.00969
14	0.00960	0.00741	0.00895	0.00938	0.01133	0.00676	0.00758	0.01218	0.01677	0.02147	0.19405	0.06787	0.34737	0.01749	0.00871	0.00261	0.00446	0.23308	0.00672	0.00622
15	0.00950	0.00670	0.00873	0.00932	0.00979	0.00688	0.00622	0.01060	0.01160	0.01579	0.02712	0.29727	0.03086	0.30428	0.20678	0.00650	0.00890	0.01298	0.00492	0.00528
16	0.01400	0.03610	0.71860	0.01989	0.03020	0.01621	0.02578	0.02210	0.01473	0.02210	0.01252	0.01473	0.00884	0.00663	0.00663	0.00221	0.01031	0.00516	0.00295	0.01031
17	0.01318	0.01240	0.02093	0.73798	0.04806	0.01550	0.01938	0.01783	0.01395	0.01783	0.01240	0.01860	0.00930	0.00698	0.00698	0.00233	0.00930	0.00620	0.00310	0.00775
18	0.03037	0.01338	0.01713	0.01313	0.01857	0.01249	0.01085	0.16247	0.02249	0.58403	0.02541	0.02238	0.01621	0.00859	0.00701	0.00215	0.00628	0.00687	0.00831	0.01187
19	0.01398	0.01192	0.01240	0.01134	0.01470	0.01281	0.00877	0.05215	0.39098	0.02553	0.04533	0.04258	0.30355	0.01280	0.00757	0.00235	0.00479	0.01064	0.00684	0.00896
20	0.02619	0.02576	0.01977	0.01669	0.02117	0.37858	0.01306	0.27651	0.05689	0.07636	0.01503	0.01556	0.01123	0.00784	0.00664	0.00196	0.00995	0.00550	0.00538	0.00991
21	0.38525	0.01552	0.01460	0.01237	0.01693	0.01772	0.01002	0.20462	0.20036	0.03416	0.01659	0.01671	0.01238	0.00779	0.00578	0.00220	0.00605	0.00555	0.00578	0.00965
