[name]
unknown

[dist]
# distance from previous block
# <min> <max>
0	349

[block]
# block no. 0 follows, 30 sequences, length 39
# corresponding to MSA columns:
# 651-689
name=unknown_A
#
# <colnr> <probs for GDERKNQSTAVLIFYWHMCP>
#	G	D	E	R	K	N	Q	S	T	A	V	L	I	F	Y	W	H	M	C	P
0	0.01119	0.00815	0.00999	0.01042	0.01177	0.00805	0.00740	0.10788	0.01678	0.02241	0.08771	0.55644	0.07661	0.01913	0.00854	0.00265	0.00449	0.01707	0.00664	0.00664
1	0.01635	0.02673	0.34579	0.04475	0.09833	0.03603	0.23289	0.07264	0.01688	0.02365	0.01336	0.01648	0.00986	0.00651	0.00719	0.00223	0.01041	0.00633	0.00351	0.01009
2	0.05129	0.09667	0.21752	0.01881	0.05172	0.20854	0.08821	0.02438	0.01660	0.10152	0.01394	0.01592	0.01054	0.00919	0.04336	0.00249	0.01045	0.00550	0.00397	0.00938
3	0.01362	0.07191	0.51678	0.01732	0.02541	0.01524	0.02088	0.02094	0.04985	0.02203	0.06434	0.06888	0.01641	0.01007	0.03432	0.00256	0.00929	0.00684	0.00377	0.00953
4	0.02354	0.02869	0.02149	0.06991	0.15558	0.54395	0.01539	0.02597	0.01865	0.01822	0.01134	0.01388	0.00941	0.00699	0.00646	0.00189	0.01155	0.00494	0.00354	0.00864
5	0.04957	0.09136	0.12312	0.11723	0.20298	0.04721	0.07294	0.04557	0.01665	0.14513	0.01514	0.01733	0.01118	0.00687	0.00665	0.00210	0.00855	0.00597	0.00437	0.01009
6	0.04489	0.15654	0.17677	0.04903	0.02612	0.16876	0.14246	0.05152	0.03335	0.02098	0.01221	0.01487	0.00966	0.00701	0.00751	0.00208	0.05805	0.00552	0.00354	0.00914
7	0.00850	0.00607	0.00810	0.00972	0.01012	0.00567	0.00648	0.00972	0.01336	0.01781	0.03846	0.75020	0.04615	0.02186	0.00891	0.00283	0.00405	0.01984	0.00648	0.00567
8	0.01998	0.01977	0.05317	0.04265	0.02017	0.19472	0.02865	0.19672	0.08577	0.04386	0.06651	0.06935	0.04782	0.04115	0.00839	0.00237	0.00820	0.03613	0.00560	0.00902
9	0.05313	0.04097	0.09322	0.03715	0.08936	0.07660	0.06305	0.10405	0.10451	0.10895	0.07275	0.02455	0.04608	0.00875	0.00695	0.00216	0.00754	0.02311	0.02740	0.00970
10	0.08002	0.01980	0.01991	0.01692	0.05581	0.13889	0.04155	0.36872	0.02531	0.08959	0.01621	0.01695	0.01181	0.00783	0.00659	0.00203	0.00813	0.00596	0.05754	0.01042
11	0.00909	0.00670	0.00862	0.00981	0.01086	0.00623	0.00721	0.01094	0.01478	0.01934	0.09356	0.45460	0.15734	0.02010	0.00889	0.00278	0.00436	0.14234	0.00656	0.00592
12	0.01445	0.12717	0.60834	0.01851	0.02798	0.01734	0.02339	0.02165	0.01483	0.02157	0.03513	0.01552	0.01074	0.00680	0.00641	0.00212	0.00972	0.00522	0.00311	0.01002
13	0.01471	0.11115	0.47026	0.02090	0.06942	0.01700	0.10037	0.02124	0.01495	0.02135	0.01425	0.04245	0.01166	0.00745	0.00679	0.00220	0.00968	0.03110	0.00330	0.00979
14	0.00850	0.00607	0.00810	0.00972	0.01012	0.00567	0.00648	0.00972	0.01336	0.01781	0.03846	0.75020	0.04615	0.02186	0.00891	0.00283	0.00405	0.01984	0.00648	0.00567
15	0.01851	0.71047	0.03687	0.01308	0.01913	0.02696	0.05609	0.02099	0.01433	0.01681	0.00999	0.01169	0.00906	0.00596	0.00472	0.00155	0.00774	0.00403	0.00302	0.00899
16	0.01907	0.01720	0.08620	0.14469	0.04199	0.03840	0.09306	0.20419	0.03644	0.09947	0.02205	0.08320	0.06379	0.00943	0.00733	0.00226	0.00803	0.00818	0.00542	0.00960
17	0.01613	0.07740	0.17841	0.02618	0.03382	0.01810	0.50168	0.02219	0.01595	0.02186	0.01347	0.01743	0.01011	0.00604	0.00763	0.00226	0.01115	0.00727	0.00337	0.00956
18	0.01686	0.01676	0.02037	0.01751	0.01837	0.08435	0.01440	0.05582	0.04056	0.01920	0.01106	0.01598	0.01014	0.01127	0.01914	0.00280	0.57550	0.00606	0.03584	0.00800
19	0.01888	0.04555	0.16106	0.04421	0.02841	0.06446	0.26780	0.04680	0.06577	0.12271	0.01759	0.02158	0.01333	0.00757	0.00741	0.00227	0.00963	0.04051	0.00464	0.00983
20	0.01309	0.04132	0.13825	0.06987	0.02586	0.01325	0.25553	0.01764	0.01557	0.02129	0.09979	0.19209	0.04328	0.01105	0.00791	0.00239	0.00824	0.01079	0.00462	0.00814
21	0.02443	0.06992	0.03483	0.01398	0.01873	0.11687	0.01154	0.17712	0.09981	0.25110	0.07263	0.02245	0.01844	0.02730	0.00753	0.00219	0.00726	0.00682	0.00665	0.01040
22	0.00982	0.00767	0.00912	0.00978	0.01157	0.00727	0.00758	0.01322	0.06665	0.02023	0.07418	0.23027	0.30409	0.01835	0.00867	0.00268	0.00454	0.18138	0.00656	0.00639
23	0.01805	0.16604	0.31397	0.04491	0.02754	0.11706	0.12617	0.02334	0.01592	0.06544	0.01298	0.01515	0.00973	0.00661	0.00647	0.00204	0.01001	0.00545	0.00351	0.00961
24	0.01792	0.07440	0.15995	0.08590	0.27063	0.14664	0.10292	0.02251	0.01618	0.02073	0.01241	0.01582	0.00991	0.00648	0.00675	0.00206	0.00992	0.00578	0.00333	0.00976
25	0.01213	0.00726	0.00966	0.00973	0.01128	0.00664	0.00703	0.01432	0.01666	0.11675	0.28827	0.38906	0.04962	0.01721	0.00840	0.00250	0.00402	0.01538	0.00722	0.00686
26	0.00939	0.00731	0.01070	0.01093	0.01220	0.00679	0.05469	0.01139	0.01486	0.01988	0.13835	0.50933	0.09590	0.01916	0.00875	0.00269	0.00457	0.05056	0.00645	0.00612
27	0.05604	0.03633	0.13957	0.01870	0.09359	0.09360	0.03726	0.17973	0.08118	0.14599	0.01752	0.01802	0.01260	0.00765	0.00667	0.00210	0.00814	0.00607	0.02870	0.01055
28	0.01147	0.01042	0.06148	0.01177	0.01398	0.00901	0.03486	0.04007	0.01572	0.04612	0.12600	0.34750	0.13146	0.01679	0.00939	0.00260	0.05575	0.04255	0.00614	0.00693
29	0.01789	0.01776	0.02772	0.04107	0.66246	0.06680	0.02086	0.02187	0.01616	0.02239	0.01296	0.01694	0.01091	0.00629	0.00686	0.00205	0.00859	0.00610	0.00346	0.01084
30	0.04387	0.20937	0.18622	0.07285	0.14829	0.01917	0.05946	0.05701	0.05445	0.06572	0.01396	0.01601	0.01075	0.00674	0.00625	0.00202	0.00840	0.00553	0.00394	0.00999
31	0.07742	0.07657	0.27281	0.06615	0.07879	0.03419	0.06390	0.11772	0.01767	0.05340	0.01755	0.01927	0.05933	0.00764	0.00663	0.00214	0.00863	0.00621	0.00423	0.00975
32	0.00965	0.00738	0.00899	0.01001	0.01089	0.02444	0.00694	0.03153	0.01446	0.01907	0.07120	0.58493	0.08392	0.02244	0.05575	0.00327	0.00526	0.01755	0.00630	0.00602
33	0.01665	0.01872	0.07929	0.02807	0.14390	0.03842	0.40363	0.02159	0.01596	0.04649	0.01565	0.06894	0.01314	0.00758	0.00864	0.00234	0.04947	0.00823	0.00384	0.00944
34	0.07110	0.04973	0.16787	0.02520	0.25842	0.03966	0.05179	0.04715	0.03938	0.05170	0.09122	0.02037	0.01685	0.00771	0.00730	0.00215	0.03164	0.00658	0.00432	0.00985
35	0.01711	0.02133	0.13194	0.08266	0.31721	0.08348	0.20059	0.02212	0.01610	0.02169	0.01303	0.01697	0.01028	0.00633	0.00717	0.00216	0.01000	0.00644	0.00339	0.00999
36	0.01390	0.01322	0.01367	0.01292	0.01397	0.12931	0.00978	0.01556	0.01337	0.01767	0.04444	0.17294	0.02258	0.10825	0.12154	0.00432	0.19221	0.00961	0.06419	0.00657
37	0.05117	0.05353	0.16990	0.06292	0.04866	0.16916	0.11168	0.05423	0.04312	0.09578	0.01432	0.01642	0.01071	0.00741	0.00786	0.00217	0.06142	0.00586	0.00420	0.00949
38	0.03370	0.13790	0.14303	0.06962	0.03776	0.06361	0.01414	0.14410	0.08677	0.02594	0.05781	0.02073	0.03449	0.00907	0.02220	0.00222	0.00779	0.00631	0.07350	0.00931

[dist]
# distance from previous block
# <min> <max>
0	7

[block]
# block no. 1 follows, 30 sequences, length 7
# corresponding to MSA columns:
# 697-703
name=unknown_B
#
# <colnr> <probs for GDERKNQSTAVLIFYWHMCP>
#	G	D	E	R	K	N	Q	S	T	A	V	L	I	F	Y	W	H	M	C	P
0	0.01155	0.00764	0.01061	0.01253	0.05878	0.00726	0.00840	0.01331	0.01426	0.07551	0.03426	0.47320	0.03873	0.07890	0.01090	0.00311	0.00510	0.12314	0.00626	0.00655
1	0.01767	0.06442	0.02379	0.02573	0.28257	0.04235	0.06973	0.08193	0.01688	0.06953	0.01931	0.02238	0.06906	0.01351	0.09497	0.00325	0.06197	0.00705	0.00437	0.00955
2	0.07473	0.01725	0.04613	0.02123	0.08598	0.04430	0.23503	0.13125	0.09305	0.05327	0.08938	0.02317	0.03661	0.00811	0.00734	0.00222	0.00833	0.00773	0.00521	0.00968
3	0.01600	0.12698	0.22871	0.04945	0.13625	0.06922	0.01752	0.04410	0.04251	0.02099	0.01765	0.07335	0.05004	0.00889	0.00797	0.00219	0.06809	0.00696	0.00386	0.00926
4	0.01692	0.04445	0.01851	0.01647	0.07375	0.08660	0.06183	0.09533	0.01668	0.07129	0.02126	0.08331	0.06189	0.05184	0.14582	0.00410	0.06665	0.00813	0.00478	0.05042
5	0.07708	0.10814	0.15540	0.03996	0.07900	0.13559	0.03351	0.07830	0.01767	0.13573	0.01630	0.06439	0.01312	0.00807	0.00648	0.00207	0.00851	0.00635	0.00471	0.00962
6	0.01659	0.12184	0.27711	0.01903	0.08029	0.07666	0.06145	0.06151	0.07648	0.02288	0.06417	0.02001	0.01541	0.04736	0.00817	0.00233	0.00879	0.00631	0.00410	0.00951

[dist]
# distance from previous block
# <min> <max>
447	882

[block]
# block no. 2 follows, 30 sequences, length 39
# corresponding to MSA columns:
# 2261-2299
name=unknown_C
#
# <colnr> <probs for GDERKNQSTAVLIFYWHMCP>
#	G	D	E	R	K	N	Q	S	T	A	V	L	I	F	Y	W	H	M	C	P
0	0.02003	0.08297	0.05429	0.01974	0.10821	0.11798	0.07581	0.10856	0.17925	0.07281	0.01969	0.03569	0.03430	0.00837	0.00736	0.00215	0.03063	0.00689	0.00521	0.01005
1	0.01399	0.00950	0.01097	0.01030	0.01232	0.03026	0.00759	0.07640	0.01719	0.10470	0.15416	0.24604	0.13765	0.10218	0.01171	0.00294	0.02538	0.01305	0.00655	0.00713
2	0.03561	0.10865	0.17076	0.01418	0.01924	0.06933	0.03903	0.07132	0.04582	0.09181	0.14595	0.05668	0.02399	0.06684	0.00906	0.00246	0.00740	0.00781	0.00523	0.00882
3	0.03475	0.14494	0.12941	0.03507	0.04080	0.05450	0.14829	0.06775	0.11074	0.06349	0.05047	0.04083	0.01620	0.00811	0.00686	0.00215	0.00837	0.02297	0.00472	0.00958
4	0.00972	0.00715	0.00899	0.00979	0.01084	0.00696	0.00689	0.04675	0.01448	0.01908	0.03918	0.49477	0.13504	0.05920	0.07793	0.00372	0.00574	0.03158	0.00613	0.00603
5	0.06953	0.02241	0.20597	0.03848	0.10537	0.07420	0.10916	0.08083	0.11984	0.02503	0.01945	0.02096	0.06206	0.00790	0.00693	0.00220	0.00867	0.00679	0.00446	0.00977
6	0.04104	0.01847	0.07231	0.02064	0.14842	0.15102	0.08391	0.05483	0.01715	0.06164	0.02378	0.05132	0.09920	0.04415	0.02888	0.00268	0.00876	0.05845	0.00469	0.00865
7	0.01606	0.02994	0.46961	0.05333	0.03055	0.05019	0.13359	0.04875	0.03855	0.04379	0.01384	0.01621	0.00994	0.00677	0.00694	0.00222	0.01023	0.00588	0.00355	0.01007
8	0.01529	0.01492	0.02358	0.44962	0.28932	0.04964	0.01984	0.01962	0.01494	0.01961	0.01259	0.01783	0.00993	0.00671	0.00692	0.00221	0.00909	0.00613	0.00325	0.00898
9	0.04199	0.21054	0.17558	0.01802	0.02445	0.17801	0.12707	0.05163	0.01709	0.07473	0.01296	0.01474	0.00994	0.00669	0.00626	0.00195	0.00976	0.00532	0.00385	0.00944
10	0.01619	0.09694	0.41898	0.07472	0.04739	0.07498	0.04140	0.04284	0.08030	0.02217	0.01380	0.01586	0.01028	0.00693	0.00654	0.00213	0.00962	0.00547	0.00356	0.00992
11	0.00885	0.00636	0.00813	0.00929	0.00991	0.00594	0.00626	0.01015	0.01367	0.01814	0.08308	0.54912	0.09595	0.10768	0.01198	0.00323	0.00435	0.03601	0.00629	0.00560
12	0.01161	0.01124	0.07198	0.04503	0.01517	0.00938	0.00955	0.07572	0.04040	0.02401	0.20569	0.11615	0.25756	0.01478	0.00806	0.00239	0.00506	0.06261	0.00637	0.00727
13	0.09022	0.01799	0.04418	0.14660	0.19065	0.11613	0.11473	0.04289	0.04870	0.03998	0.01442	0.01768	0.01120	0.00690	0.00664	0.00211	0.00878	0.00614	0.06489	0.00918
14	0.03710	0.01002	0.01369	0.01630	0.14245	0.00991	0.01004	0.04821	0.05330	0.07330	0.13615	0.30755	0.06138	0.03704	0.00874	0.00256	0.00521	0.01297	0.00618	0.00787
15	0.00914	0.00691	0.00844	0.00847	0.01008	0.00621	0.00620	0.01158	0.01739	0.02336	0.39322	0.19376	0.24631	0.01674	0.00837	0.00237	0.00351	0.01464	0.00710	0.00621
16	0.07831	0.02103	0.15618	0.02059	0.02700	0.05488	0.26881	0.05291	0.14262	0.05616	0.01851	0.02020	0.03519	0.00742	0.00721	0.00226	0.00919	0.00713	0.00462	0.00976
17	0.01640	0.07120	0.05549	0.01439	0.01880	0.01358	0.11096	0.08436	0.11539	0.10024	0.10617	0.07306	0.14936	0.01130	0.00753	0.00227	0.00644	0.02807	0.00609	0.00891
18	0.01561	0.01472	0.02446	0.03641	0.58042	0.01457	0.01852	0.01926	0.01566	0.02197	0.02090	0.08936	0.08022	0.00874	0.00722	0.00217	0.00745	0.00827	0.00402	0.01007
19	0.01659	0.01689	0.08453	0.01762	0.01936	0.01966	0.01545	0.02053	0.07682	0.07244	0.01271	0.01689	0.01091	0.01116	0.01868	0.00284	0.54827	0.00626	0.00386	0.00853
20	0.02096	0.04144	0.12221	0.07472	0.02633	0.29302	0.11396	0.07565	0.03681	0.05533	0.01409	0.01755	0.01112	0.00767	0.00754	0.00212	0.04096	0.02534	0.00411	0.00908
21	0.01423	0.03446	0.65455	0.02079	0.03080	0.01634	0.08820	0.02212	0.01490	0.02212	0.01267	0.01512	0.00901	0.00656	0.00678	0.00222	0.01045	0.00545	0.00300	0.01023
22	0.02247	0.02146	0.01766	0.01503	0.01906	0.25908	0.01174	0.31712	0.02450	0.02931	0.02332	0.08892	0.09934	0.01035	0.00708	0.00209	0.00851	0.00795	0.00572	0.00928
23	0.01304	0.00990	0.01192	0.01146	0.01344	0.01041	0.00871	0.12964	0.07055	0.02531	0.15890	0.31732	0.07641	0.01631	0.00899	0.00256	0.03980	0.06119	0.00667	0.00748
24	0.01862	0.01786	0.03318	0.08101	0.09551	0.01778	0.41043	0.13718	0.04157	0.05274	0.01534	0.01874	0.01136	0.00665	0.00772	0.00227	0.01013	0.00750	0.00440	0.01001
25	0.00958	0.00711	0.01039	0.01082	0.01184	0.00792	0.00813	0.01174	0.01178	0.01663	0.02390	0.21800	0.02502	0.04430	0.53773	0.00901	0.01483	0.01074	0.00446	0.00608
26	0.01334	0.01269	0.01976	0.13878	0.02300	0.01608	0.07202	0.01593	0.01210	0.01743	0.01478	0.08802	0.01444	0.01958	0.15614	0.00445	0.34267	0.00788	0.00356	0.00735
27	0.02356	0.03211	0.03352	0.01453	0.01884	0.19018	0.01176	0.20983	0.04145	0.17969	0.02325	0.09091	0.04999	0.01027	0.00713	0.00217	0.00791	0.03693	0.00626	0.00972
28	0.01487	0.17089	0.59142	0.01841	0.02791	0.01833	0.02320	0.02187	0.01463	0.02104	0.01200	0.01407	0.00886	0.00651	0.00623	0.00208	0.00978	0.00489	0.00295	0.01006
29	0.00892	0.00740	0.00861	0.06403	0.01264	0.00673	0.00671	0.01112	0.01616	0.02020	0.16943	0.12369	0.48640	0.01666	0.00821	0.00237	0.00399	0.01419	0.00642	0.00613
30	0.01520	0.01854	0.09827	0.02586	0.05016	0.01578	0.50563	0.02074	0.01643	0.02262	0.08085	0.06187	0.01762	0.00763	0.00809	0.00234	0.01031	0.00895	0.00403	0.00907
31	0.01307	0.01229	0.02097	0.61013	0.07156	0.01474	0.04845	0.01744	0.01409	0.01824	0.01491	0.08581	0.01282	0.00826	0.00721	0.00236	0.00889	0.00755	0.00345	0.00777
32	0.00857	0.00617	0.00815	0.00970	0.01022	0.00574	0.00657	0.00986	0.01353	0.01794	0.03966	0.70501	0.07153	0.02163	0.00890	0.00283	0.00410	0.03773	0.00648	0.00570
33	0.02065	0.02199	0.01886	0.01638	0.02025	0.30759	0.06538	0.11774	0.14362	0.02390	0.02299	0.04461	0.07576	0.00988	0.00718	0.00217	0.00908	0.05787	0.00524	0.00887
34	0.03691	0.01630	0.07845	0.03540	0.02488	0.01445	0.24017	0.06137	0.01684	0.15225	0.03645	0.02166	0.03036	0.03134	0.04175	0.00273	0.06046	0.00725	0.00489	0.08608
35	0.01327	0.01186	0.08027	0.07736	0.08127	0.00982	0.03127	0.01660	0.03001	0.09062	0.11900	0.23703	0.08048	0.07681	0.01022	0.00278	0.00603	0.01196	0.00568	0.00765
36	0.01092	0.07881	0.06668	0.01143	0.01342	0.01032	0.00954	0.01320	0.01437	0.01940	0.11850	0.35832	0.07328	0.03749	0.01033	0.00272	0.07475	0.06421	0.00565	0.00666
37	0.05811	0.02015	0.04243	0.01778	0.03908	0.18058	0.12062	0.20006	0.06178	0.02724	0.03658	0.10746	0.03781	0.00962	0.00719	0.00219	0.00866	0.00817	0.00525	0.00921
38	0.01779	0.06011	0.31413	0.01920	0.04629	0.01595	0.11853	0.07522	0.06052	0.11306	0.04980	0.02151	0.01519	0.00789	0.00707	0.00222	0.00878	0.03185	0.00471	0.01017

[dist]
# distance from previous block
# <min> <max>
5	116

[block]
# block no. 3 follows, 30 sequences, length 39
# corresponding to MSA columns:
# 2485-2523
name=unknown_D
#
# <colnr> <probs for GDERKNQSTAVLIFYWHMCP>
#	G	D	E	R	K	N	Q	S	T	A	V	L	I	F	Y	W	H	M	C	P
0	0.01851	0.06056	0.13007	0.02930	0.08246	0.05077	0.03163	0.09329	0.10189	0.11181	0.06175	0.07669	0.01858	0.00901	0.00724	0.00211	0.02471	0.00746	0.00536	0.07681
1	0.06182	0.11904	0.36417	0.01889	0.07179	0.04324	0.03392	0.11079	0.03328	0.02469	0.01414	0.04816	0.01137	0.00751	0.00643	0.00211	0.00890	0.00590	0.00390	0.00995
2	0.01555	0.01499	0.01735	0.07082	0.01945	0.09946	0.03934	0.08455	0.05477	0.02096	0.02423	0.14609	0.10035	0.01386	0.03314	0.00280	0.22021	0.00951	0.00477	0.00781
3	0.01695	0.04262	0.22480	0.01762	0.08040	0.05340	0.03537	0.09236	0.07971	0.07585	0.10856	0.04627	0.05976	0.02613	0.00774	0.00228	0.00765	0.00780	0.00520	0.00953
4	0.04215	0.05210	0.02301	0.07374	0.22956	0.15616	0.06905	0.08305	0.03117	0.04542	0.06092	0.04652	0.04035	0.00825	0.00693	0.00209	0.00854	0.00711	0.00451	0.00935
5	0.01422	0.01095	0.01868	0.01671	0.05600	0.01053	0.17388	0.01712	0.01511	0.09948	0.02865	0.30245	0.05817	0.03013	0.00930	0.00260	0.03707	0.03175	0.05948	0.00772
6	0.09632	0.01580	0.01734	0.03626	0.03208	0.11689	0.07804	0.09098	0.10579	0.11701	0.02557	0.12537	0.07908	0.01057	0.00711	0.00225	0.00718	0.00892	0.01851	0.00893
7	0.01998	0.29311	0.13798	0.01776	0.07636	0.02005	0.07089	0.05174	0.04463	0.14409	0.01499	0.01615	0.01136	0.00712	0.00691	0.00198	0.04497	0.00551	0.00440	0.01003
8	0.07003	0.05765	0.15261	0.05580	0.11461	0.01763	0.27618	0.02328	0.09323	0.02306	0.01457	0.01770	0.01116	0.00678	0.00767	0.00226	0.03558	0.00670	0.00382	0.00968
9	0.01432	0.01183	0.01119	0.01054	0.01299	0.10292	0.00794	0.05081	0.06266	0.06559	0.14932	0.13645	0.21173	0.03759	0.00854	0.00241	0.00541	0.03024	0.06025	0.00728
10	0.10577	0.09114	0.08962	0.02207	0.19230	0.08321	0.05074	0.11520	0.01823	0.10168	0.01568	0.05614	0.01276	0.00776	0.00651	0.00208	0.00810	0.00640	0.00470	0.00994
11	0.01709	0.01459	0.04473	0.01391	0.06257	0.07666	0.01008	0.13089	0.09313	0.07677	0.02822	0.03424	0.13098	0.21812	0.01509	0.00345	0.00697	0.00877	0.00555	0.00820
12	0.00922	0.00676	0.00875	0.01015	0.01085	0.00657	0.00699	0.01179	0.06034	0.01872	0.03771	0.67279	0.04421	0.02091	0.00881	0.00282	0.00425	0.04578	0.00652	0.00607
13	0.01802	0.04471	0.11842	0.09834	0.16823	0.11292	0.13151	0.07112	0.09521	0.02349	0.01506	0.01778	0.01162	0.00701	0.00690	0.00213	0.00927	0.00631	0.03217	0.00976
14	0.01677	0.04783	0.41091	0.02271	0.15465	0.01568	0.03885	0.05143	0.01621	0.09217	0.01576	0.05813	0.01241	0.00766	0.00685	0.00219	0.00898	0.00647	0.00400	0.01035
15	0.01630	0.02065	0.18048	0.07909	0.52124	0.01643	0.02226	0.02135	0.01552	0.02235	0.01295	0.01679	0.01046	0.00635	0.00685	0.00212	0.00880	0.00598	0.00332	0.01069
16	0.01702	0.01112	0.01117	0.00985	0.01263	0.04165	0.00767	0.18588	0.01959	0.05122	0.02437	0.07463	0.05266	0.00959	0.00598	0.00189	0.00493	0.00770	0.44246	0.00801
17	0.01965	0.20969	0.22689	0.02090	0.14333	0.16349	0.01776	0.02386	0.01627	0.07821	0.01284	0.01462	0.01000	0.00668	0.00611	0.00192	0.00935	0.00501	0.00366	0.00978
18	0.01901	0.09876	0.05387	0.04750	0.06590	0.05149	0.04961	0.02198	0.01701	0.22534	0.07708	0.04825	0.14694	0.03671	0.00810	0.00230	0.00669	0.00863	0.00586	0.00897
19	0.00882	0.00634	0.00826	0.00960	0.01022	0.00593	0.00658	0.01021	0.01377	0.01827	0.06948	0.59786	0.08167	0.06471	0.01047	0.00304	0.00429	0.05842	0.00640	0.00568
20	0.05451	0.10579	0.22650	0.01657	0.05653	0.01678	0.01584	0.07313	0.15709	0.17991	0.01900	0.01878	0.01355	0.00768	0.00650	0.00213	0.00753	0.00604	0.00543	0.01068
21	0.02212	0.08792	0.10475	0.01879	0.11739	0.03547	0.05908	0.02723	0.08947	0.28090	0.01966	0.01998	0.01399	0.00873	0.00817	0.05648	0.00748	0.00640	0.00565	0.01033
22	0.02771	0.02109	0.01860	0.01529	0.02007	0.25053	0.01215	0.20347	0.05283	0.27884	0.01921	0.01832	0.01329	0.00813	0.00677	0.00203	0.00857	0.00603	0.00647	0.01059
23	0.00862	0.00629	0.00823	0.00951	0.01020	0.00590	0.00650	0.01005	0.01376	0.01826	0.06948	0.61375	0.10831	0.02287	0.04975	0.00324	0.00480	0.01833	0.00637	0.00576
24	0.01048	0.00871	0.01217	0.05286	0.01501	0.00895	0.04540	0.01370	0.05533	0.01995	0.09518	0.34387	0.15523	0.01716	0.00949	0.00266	0.05536	0.06583	0.00603	0.00662
25	0.01555	0.01953	0.13267	0.02110	0.05416	0.06396	0.25308	0.03388	0.09272	0.02224	0.02424	0.02822	0.11297	0.00927	0.00856	0.00236	0.05085	0.04118	0.00445	0.00900
26	0.01450	0.09229	0.62763	0.01978	0.02957	0.01719	0.06080	0.02202	0.01478	0.02166	0.01239	0.01468	0.00894	0.00654	0.00655	0.00216	0.01017	0.00521	0.00298	0.01016
27	0.01656	0.01857	0.03971	0.03094	0.11347	0.01753	0.61006	0.02225	0.01640	0.02240	0.01400	0.01865	0.01064	0.00592	0.00808	0.00232	0.01137	0.00801	0.00352	0.00960
28	0.02046	0.01946	0.05982	0.01734	0.02249	0.09092	0.12035	0.27541	0.15366	0.03148	0.06741	0.02303	0.04827	0.00879	0.00726	0.00218	0.00808	0.00747	0.00591	0.01021
29	0.02235	0.02578	0.02231	0.09599	0.13692	0.41728	0.05198	0.06697	0.05632	0.02071	0.01285	0.01530	0.01030	0.00714	0.00666	0.00198	0.01082	0.00545	0.00392	0.00901
30	0.01930	0.02039	0.02036	0.01700	0.02074	0.26262	0.11894	0.11581	0.03537	0.02400	0.13234	0.02666	0.04604	0.01154	0.04114	0.00257	0.03572	0.03601	0.00504	0.00840
31	0.01609	0.01460	0.02540	0.35886	0.30959	0.01584	0.07850	0.02054	0.01528	0.05837	0.01367	0.01837	0.01055	0.00667	0.00706	0.00222	0.00893	0.00643	0.00358	0.00944
32	0.01281	0.05546	0.01803	0.01838	0.14345	0.01238	0.06287	0.01679	0.06120	0.02011	0.04822	0.12735	0.11648	0.01987	0.13742	0.00400	0.05050	0.06197	0.00488	0.00784
33	0.00935	0.00649	0.00858	0.00984	0.01063	0.00604	0.00689	0.01093	0.01432	0.03545	0.09018	0.59863	0.07534	0.02059	0.00884	0.00278	0.00420	0.06836	0.00662	0.00595
34	0.01498	0.01648	0.05856	0.04380	0.02879	0.01534	0.40603	0.02238	0.12810	0.02257	0.02211	0.12108	0.04745	0.00922	0.00804	0.00241	0.00920	0.00985	0.00461	0.00901
35	0.04134	0.05615	0.12865	0.06763	0.02558	0.24239	0.12307	0.04564	0.01786	0.10549	0.05193	0.01795	0.01342	0.00752	0.00716	0.00209	0.02649	0.00611	0.00438	0.00913
36	0.01501	0.02899	0.43996	0.02381	0.03278	0.01680	0.29729	0.02220	0.01545	0.02220	0.01318	0.01642	0.00956	0.00632	0.00729	0.00227	0.01091	0.00642	0.00319	0.00994
37	0.01239	0.01126	0.01605	0.01886	0.16475	0.05222	0.06084	0.01505	0.01529	0.02028	0.09403	0.30476	0.07118	0.01727	0.05435	0.00304	0.00701	0.04856	0.00537	0.00743
38	0.02010	0.03640	0.02137	0.01667	0.02096	0.06324	0.14807	0.08374	0.10256	0.18149	0.06760	0.08740	0.02153	0.01024	0.00843	0.00234	0.04937	0.04289	0.00607	0.00952

[dist]
# distance from previous block
# <min> <max>
0	1

[block]
# block no. 4 follows, 30 sequences, length 34
# corresponding to MSA columns:
# 2525-2558
name=unknown_E
#
# <colnr> <probs for GDERKNQSTAVLIFYWHMCP>
#	G	D	E	R	K	N	Q	S	T	A	V	L	I	F	Y	W	H	M	C	P
0	0.01621	0.12935	0.43962	0.01821	0.02638	0.04561	0.06060	0.08931	0.01692	0.02342	0.03596	0.04092	0.01239	0.00746	0.00659	0.00211	0.00939	0.00598	0.00370	0.00987
1	0.01924	0.01286	0.01686	0.01371	0.01791	0.01268	0.06562	0.16211	0.08680	0.16431	0.13898	0.09747	0.02746	0.01087	0.00746	0.00220	0.00607	0.04466	0.00680	0.08592
2	0.01581	0.01521	0.04447	0.02113	0.08466	0.01478	0.24077	0.13202	0.01848	0.02511	0.06273	0.11014	0.06355	0.01207	0.03381	0.00272	0.04355	0.04517	0.00500	0.00883
3	0.06575	0.03262	0.53902	0.01864	0.02749	0.07591	0.02224	0.09613	0.01697	0.02468	0.01267	0.01457	0.00911	0.00686	0.00650	0.00216	0.00990	0.00514	0.00353	0.01013
4	0.01628	0.01682	0.05079	0.09707	0.44031	0.01621	0.17047	0.02093	0.01583	0.02214	0.01467	0.02127	0.01244	0.00699	0.00737	0.00223	0.00911	0.04536	0.00360	0.01010
5	0.01538	0.02910	0.43053	0.04406	0.04671	0.11346	0.07588	0.02120	0.01512	0.02037	0.01430	0.04705	0.01204	0.07381	0.00940	0.00259	0.01009	0.00642	0.00336	0.00914
6	0.02217	0.04248	0.08188	0.01551	0.02078	0.07590	0.09144	0.08761	0.07761	0.26174	0.04485	0.02714	0.07459	0.00930	0.00722	0.00220	0.00751	0.03368	0.00632	0.01008
7	0.07572	0.01997	0.01816	0.01735	0.08061	0.21325	0.01263	0.16079	0.12738	0.10163	0.02019	0.02332	0.03350	0.00896	0.00685	0.00215	0.00821	0.05384	0.00569	0.00977
8	0.01778	0.01054	0.01287	0.01165	0.01449	0.01042	0.00885	0.15820	0.03681	0.18368	0.07064	0.35260	0.05174	0.01515	0.00797	0.00246	0.00522	0.01321	0.00716	0.00858
9	0.02005	0.01739	0.09987	0.09806	0.02565	0.05597	0.13829	0.09358	0.05097	0.19265	0.03714	0.10192	0.01773	0.00926	0.00739	0.00228	0.00816	0.00833	0.00562	0.00970
10	0.01603	0.05543	0.02589	0.15011	0.50435	0.01612	0.01925	0.02008	0.01583	0.02211	0.07460	0.02026	0.01553	0.00704	0.00690	0.00209	0.00796	0.00665	0.00375	0.01001
11	0.01589	0.23784	0.39014	0.02095	0.10068	0.01962	0.08010	0.02171	0.01485	0.02058	0.01193	0.01436	0.00927	0.00633	0.00619	0.00200	0.00941	0.00514	0.00306	0.00993
12	0.00869	0.00632	0.00812	0.00928	0.01001	0.00583	0.00630	0.01016	0.01426	0.01897	0.11948	0.57823	0.11316	0.04426	0.00962	0.00284	0.00400	0.01817	0.00655	0.00575
13	0.01556	0.16392	0.46445	0.08254	0.02937	0.01858	0.05124	0.05772	0.01562	0.02189	0.01230	0.01472	0.00914	0.00660	0.00636	0.00209	0.00963	0.00519	0.00321	0.00988
14	0.01318	0.01240	0.02093	0.73798	0.04806	0.01550	0.01938	0.01783	0.01395	0.01783	0.01240	0.01860	0.00930	0.00698	0.00698	0.00233	0.00930	0.00620	0.00310	0.00775
15	0.00850	0.00607	0.00810	0.00972	0.01012	0.00567	0.00648	0.00972	0.01336	0.01781	0.03846	0.75020	0.04615	0.02186	0.00891	0.00283	0.00405	0.01984	0.00648	0.00567
16	0.01371	0.01344	0.02421	0.62331	0.04619	0.01585	0.12725	0.01856	0.01436	0.01856	0.01268	0.01864	0.00951	0.00680	0.00718	0.00233	0.00970	0.00653	0.00317	0.00802
17	0.01983	0.01848	0.13867	0.01680	0.02226	0.05089	0.11688	0.04924	0.14782	0.19597	0.08220	0.04873	0.02007	0.00902	0.00776	0.00227	0.02928	0.00782	0.00595	0.01007
18	0.01527	0.01527	0.02137	0.01832	0.01832	0.02137	0.01527	0.01679	0.01069	0.01679	0.00916	0.01527	0.00916	0.01221	0.02290	0.00305	0.74198	0.00611	0.00305	0.00763
19	0.00863	0.00617	0.00825	0.00987	0.01033	0.00578	0.00670	0.00994	0.01349	0.01796	0.03839	0.71822	0.04587	0.02174	0.00894	0.00285	0.00416	0.05053	0.00648	0.00570
20	0.00940	0.00692	0.00887	0.00933	0.01070	0.00639	0.00696	0.01183	0.01679	0.02267	0.32704	0.26905	0.14983	0.01770	0.00862	0.00254	0.00396	0.09822	0.00698	0.00619
21	0.01634	0.03234	0.60579	0.01966	0.05040	0.01545	0.02364	0.02362	0.01545	0.11176	0.01448	0.01598	0.01000	0.00688	0.00669	0.00220	0.00968	0.00543	0.00370	0.01054
22	0.00989	0.00770	0.00915	0.00926	0.01126	0.00719	0.00725	0.01345	0.05662	0.02275	0.26549	0.08900	0.30549	0.01658	0.00847	0.00249	0.00416	0.14040	0.00689	0.00651
23	0.01502	0.03467	0.67727	0.01945	0.02947	0.01586	0.02487	0.02280	0.01504	0.06294	0.01341	0.01526	0.00934	0.00675	0.00665	0.00221	0.01006	0.00527	0.00328	0.01041
24	0.01923	0.22475	0.29511	0.01726	0.02480	0.04756	0.07722	0.08841	0.01733	0.10502	0.01403	0.01533	0.01033	0.00682	0.00626	0.00200	0.00899	0.00535	0.00410	0.01012
25	0.04838	0.01747	0.01844	0.05478	0.02072	0.13745	0.04204	0.17940	0.06845	0.11014	0.01992	0.10237	0.01734	0.01050	0.00886	0.00234	0.08514	0.04134	0.00566	0.00926
26	0.01198	0.01059	0.01662	0.01475	0.01618	0.01293	0.07073	0.01451	0.01154	0.01691	0.01572	0.02338	0.01460	0.03739	0.47333	0.00823	0.21304	0.00717	0.00354	0.00689
27	0.01790	0.01509	0.01604	0.01431	0.01829	0.01733	0.01125	0.09398	0.60917	0.03014	0.02774	0.02754	0.02130	0.00980	0.00720	0.00238	0.00575	0.03681	0.00706	0.01091
28	0.01591	0.02418	0.29312	0.02445	0.06821	0.01605	0.32820	0.02204	0.01558	0.05480	0.01456	0.01901	0.01114	0.05038	0.00910	0.00253	0.01046	0.00702	0.00359	0.00965
29	0.01416	0.06080	0.69529	0.01962	0.02978	0.01660	0.02531	0.02206	0.01471	0.02191	0.01243	0.01461	0.00884	0.00661	0.00656	0.00219	0.01022	0.00511	0.00295	0.01027
30	0.02129	0.01284	0.01837	0.01484	0.01926	0.01254	0.10963	0.06205	0.16357	0.29163	0.02880	0.13917	0.05200	0.01087	0.00756	0.00234	0.00640	0.00970	0.00703	0.01009
31	0.01127	0.00721	0.00953	0.00994	0.01142	0.00666	0.00740	0.01351	0.01630	0.08335	0.23418	0.35803	0.08456	0.01791	0.00860	0.00261	0.00428	0.09963	0.00701	0.00660
32	0.01512	0.02170	0.24495	0.10613	0.05121	0.05343	0.10804	0.07318	0.05763	0.02274	0.02035	0.12957	0.04591	0.00966	0.00735	0.00232	0.00871	0.00858	0.00435	0.00906
33	0.01934	0.01081	0.01359	0.01223	0.01545	0.01063	0.00974	0.12433	0.05557	0.23923	0.07325	0.21700	0.03086	0.01413	0.00801	0.00251	0.00562	0.12135	0.00732	0.00901

[dist]
# distance from previous block
# <min> <max>
0	4

[block]
# block no. 5 follows, 30 sequences, length 116
# corresponding to MSA columns:
# 2563-2625,2628-2680
name=unknown_F
#
# <colnr> <probs for GDERKNQSTAVLIFYWHMCP>
#	G	D	E	R	K	N	Q	S	T	A	V	L	I	F	Y	W	H	M	C	P
0	0.01958	0.09545	0.20660	0.03759	0.11409	0.11769	0.10657	0.02546	0.06852	0.11873	0.01560	0.01717	0.01153	0.00700	0.00672	0.00209	0.00929	0.00596	0.00430	0.01006
1	0.01534	0.14936	0.45069	0.01804	0.02623	0.01743	0.07411	0.02215	0.04721	0.04026	0.01401	0.01739	0.01096	0.05780	0.00842	0.00242	0.00937	0.00569	0.00344	0.00968
2	0.01245	0.00880	0.01074	0.01113	0.01285	0.00908	0.00836	0.05569	0.12212	0.04374	0.03316	0.39200	0.03531	0.01831	0.03259	0.00294	0.00533	0.10993	0.06822	0.00726
3	0.01561	0.02030	0.16788	0.10150	0.27541	0.01627	0.22420	0.02100	0.01554	0.02183	0.01429	0.04774	0.01175	0.00692	0.00735	0.00224	0.00968	0.00719	0.00347	0.00986
4	0.07188	0.03936	0.05886	0.03856	0.01996	0.08426	0.03969	0.09894	0.08023	0.24707	0.06784	0.02644	0.03751	0.00930	0.00700	0.00220	0.00716	0.04749	0.00638	0.00988
5	0.01600	0.01540	0.02646	0.20294	0.50661	0.01603	0.04789	0.02026	0.01546	0.02150	0.01483	0.01924	0.03286	0.00675	0.00702	0.00215	0.00852	0.00657	0.00347	0.01005
6	0.00971	0.00758	0.01159	0.01179	0.01307	0.00714	0.06783	0.01182	0.01464	0.01965	0.10418	0.52626	0.04420	0.01932	0.00887	0.00278	0.00497	0.10208	0.00633	0.00619
7	0.01840	0.05655	0.01948	0.03147	0.01970	0.11440	0.10827	0.02247	0.06361	0.14997	0.07969	0.12810	0.02514	0.01161	0.00826	0.00238	0.03688	0.08930	0.00577	0.00855
8	0.01843	0.01782	0.12943	0.01975	0.02592	0.01406	0.28190	0.05084	0.03522	0.17088	0.08877	0.02626	0.07037	0.00848	0.00766	0.00227	0.00854	0.00835	0.00539	0.00967
9	0.01799	0.00890	0.01163	0.01047	0.01337	0.00799	0.00800	0.02072	0.03581	0.29655	0.15797	0.24750	0.10500	0.01449	0.00792	0.00239	0.00465	0.01262	0.00757	0.00846
10	0.01423	0.03448	0.65508	0.02078	0.03079	0.01634	0.08768	0.02212	0.01490	0.02212	0.01267	0.01512	0.00900	0.00656	0.00678	0.00222	0.01045	0.00545	0.00300	0.01023
11	0.04753	0.07574	0.43448	0.04967	0.02926	0.01685	0.13868	0.02177	0.01494	0.04525	0.01434	0.01686	0.02672	0.00698	0.00725	0.00222	0.03244	0.00592	0.00340	0.00971
12	0.01506	0.09114	0.13338	0.33751	0.19720	0.01722	0.07171	0.01998	0.01475	0.01987	0.01246	0.01698	0.00971	0.00656	0.00676	0.00217	0.00923	0.00596	0.00318	0.00917
13	0.01301	0.01187	0.11702	0.01128	0.01440	0.00829	0.01003	0.01629	0.01694	0.11774	0.27735	0.24842	0.06385	0.01480	0.00806	0.00241	0.00502	0.02898	0.00668	0.00758
14	0.01846	0.01635	0.02573	0.10393	0.48184	0.01731	0.01932	0.11411	0.01783	0.04633	0.01374	0.01739	0.01106	0.00708	0.00802	0.00217	0.05839	0.00624	0.00404	0.01064
15	0.02149	0.02233	0.02708	0.02552	0.16584	0.24310	0.19115	0.08149	0.01869	0.06970	0.01369	0.01646	0.01065	0.00716	0.00806	0.00213	0.05546	0.00625	0.00415	0.00960
16	0.02570	0.01886	0.01999	0.01556	0.02085	0.03976	0.01276	0.58385	0.05791	0.07511	0.04587	0.01880	0.01464	0.00864	0.00702	0.00210	0.00746	0.00659	0.00700	0.01151
17	0.02521	0.01825	0.01936	0.01524	0.02040	0.03757	0.01245	0.51559	0.11360	0.09106	0.01909	0.01868	0.01360	0.00849	0.00690	0.00211	0.00724	0.00650	0.03719	0.01146
18	0.02063	0.01952	0.01743	0.01528	0.01942	0.16583	0.01191	0.13871	0.45127	0.02902	0.02288	0.02176	0.01724	0.00882	0.00691	0.00220	0.00734	0.00693	0.00635	0.01056
19	0.02217	0.00984	0.01335	0.01141	0.01507	0.00876	0.00919	0.02490	0.01883	0.42029	0.17699	0.10870	0.03322	0.01236	0.00776	0.00235	0.00523	0.08211	0.00797	0.00951
20	0.01031	0.00798	0.01153	0.01142	0.01236	0.00940	0.00873	0.01239	0.01130	0.01621	0.02012	0.10197	0.02027	0.10138	0.53491	0.00926	0.08150	0.00883	0.00400	0.00614
21	0.01736	0.01499	0.01578	0.01420	0.01815	0.01736	0.01105	0.03708	0.69862	0.02919	0.02840	0.02604	0.02130	0.00947	0.00710	0.00237	0.00552	0.00789	0.00710	0.01105
22	0.02653	0.01955	0.02094	0.01606	0.02164	0.02164	0.01326	0.68796	0.03281	0.04398	0.01675	0.01675	0.01187	0.00838	0.00698	0.00209	0.00768	0.00628	0.00698	0.01187
23	0.02759	0.01283	0.01534	0.01223	0.01695	0.06580	0.00990	0.03025	0.01976	0.55699	0.10254	0.02779	0.05059	0.00952	0.00714	0.00214	0.00607	0.00775	0.00805	0.01075
24	0.02595	0.02257	0.02105	0.01786	0.05668	0.18457	0.01373	0.50130	0.02893	0.03668	0.01519	0.01582	0.01116	0.00799	0.00682	0.00202	0.00885	0.00587	0.00602	0.01095
25	0.00848	0.00708	0.00740	0.00732	0.00957	0.00599	0.00549	0.01047	0.01647	0.02018	0.16327	0.06497	0.61499	0.01718	0.00824	0.00233	0.00350	0.01442	0.00665	0.00599
26	0.01299	0.01214	0.02040	0.70817	0.04651	0.01510	0.01885	0.01750	0.01393	0.01783	0.01347	0.04856	0.01081	0.00759	0.00706	0.00235	0.00909	0.00676	0.00324	0.00767
27	0.02860	0.04986	0.01668	0.01218	0.01728	0.01155	0.01010	0.05033	0.05311	0.58091	0.02604	0.02319	0.01694	0.00850	0.00675	0.00210	0.00586	0.00684	0.06188	0.01132
28	0.02607	0.03326	0.01978	0.01798	0.02157	0.72674	0.01348	0.02787	0.01978	0.01708	0.01079	0.01258	0.00899	0.00719	0.00629	0.00180	0.01258	0.00449	0.00360	0.00809
29	0.01647	0.01882	0.04118	0.02941	0.03647	0.01765	0.68588	0.02235	0.01647	0.02235	0.01412	0.01882	0.01059	0.00588	0.00824	0.00235	0.01176	0.00824	0.00353	0.00941
30	0.01583	0.01953	0.10625	0.02494	0.03013	0.01866	0.40635	0.02058	0.01448	0.02058	0.01240	0.01728	0.00996	0.00794	0.01266	0.00256	0.24037	0.00724	0.00332	0.00895
31	0.01579	0.00843	0.01116	0.00977	0.01246	0.00757	0.00757	0.01882	0.01955	0.21974	0.48404	0.06171	0.06906	0.01297	0.00791	0.00220	0.00406	0.01129	0.00789	0.00802
32	0.01400	0.03610	0.71860	0.01989	0.03020	0.01621	0.02578	0.02210	0.01473	0.02210	0.01252	0.01473	0.00884	0.00663	0.00663	0.00221	0.01031	0.00516	0.00295	0.01031
33	0.01993	0.01627	0.01723	0.01472	0.01913	0.01856	0.01167	0.21957	0.51194	0.03334	0.02514	0.02343	0.01866	0.00916	0.00707	0.00229	0.00613	0.00744	0.00707	0.01128
34	0.00862	0.00615	0.00823	0.00985	0.01030	0.00577	0.00668	0.00991	0.01347	0.01794	0.03840	0.72238	0.04591	0.02176	0.00894	0.00285	0.00415	0.04654	0.00648	0.00570
35	0.01609	0.01929	0.08448	0.08341	0.03592	0.01736	0.55070	0.02281	0.05441	0.02236	0.01468	0.01893	0.01097	0.00622	0.00796	0.00234	0.01112	0.00785	0.00366	0.00943
36	0.07930	0.01931	0.02306	0.01817	0.02286	0.19044	0.17633	0.04832	0.01814	0.21601	0.04514	0.01914	0.01406	0.00797	0.00831	0.00219	0.06991	0.00659	0.00528	0.00946
37	0.01647	0.01882	0.04118	0.02941	0.03647	0.01765	0.68588	0.02235	0.01647	0.02235	0.01412	0.01882	0.01059	0.00588	0.00824	0.00235	0.01176	0.00824	0.00353	0.00941
38	0.01149	0.00851	0.01128	0.01119	0.01271	0.00902	0.00877	0.04081	0.01555	0.04226	0.15131	0.18828	0.10772	0.02363	0.14643	0.00430	0.07320	0.12090	0.00594	0.00670
39	0.02065	0.01486	0.02422	0.15775	0.08234	0.03843	0.18089	0.04028	0.03247	0.23799	0.04008	0.04067	0.01529	0.00806	0.00790	0.00227	0.03316	0.00751	0.00539	0.00979
40	0.01090	0.00675	0.00896	0.00986	0.01090	0.00619	0.00683	0.01239	0.01447	0.08957	0.07587	0.61586	0.06483	0.01996	0.00866	0.00271	0.00418	0.01797	0.00677	0.00636
41	0.00869	0.00663	0.00799	0.00862	0.00994	0.00593	0.00610	0.01051	0.01551	0.02020	0.18322	0.37661	0.27705	0.01891	0.00855	0.00254	0.00372	0.01664	0.00672	0.00593
42	0.04662	0.01352	0.07019	0.01370	0.01743	0.01240	0.07248	0.05583	0.20123	0.04728	0.17751	0.13206	0.06423	0.01218	0.00768	0.00238	0.00583	0.03244	0.00636	0.00865
43	0.01736	0.02233	0.11931	0.02683	0.10151	0.12390	0.39930	0.02259	0.01686	0.02186	0.04857	0.01891	0.01299	0.00663	0.00761	0.00221	0.01092	0.00730	0.00367	0.00935
44	0.01649	0.01903	0.06159	0.02916	0.08136	0.01751	0.58047	0.02311	0.05463	0.02276	0.01480	0.01898	0.01116	0.00613	0.00803	0.00233	0.01113	0.00797	0.00371	0.00965
45	0.01341	0.01264	0.02134	0.69899	0.08526	0.01556	0.01949	0.01803	0.01406	0.01811	0.01244	0.01853	0.00940	0.00693	0.00697	0.00231	0.00925	0.00620	0.00312	0.00794
46	0.01803	0.66179	0.12825	0.01301	0.01956	0.02608	0.01380	0.02106	0.01425	0.01718	0.01008	0.01167	0.00894	0.00606	0.00477	0.00159	0.00785	0.00392	0.00298	0.00914
47	0.01601	0.23307	0.43469	0.01933	0.06503	0.01963	0.05402	0.04407	0.01534	0.02132	0.01200	0.01417	0.00918	0.00645	0.00614	0.00201	0.00940	0.00501	0.00315	0.00999
48	0.00987	0.00734	0.00882	0.00937	0.01065	0.00694	0.00657	0.05644	0.01560	0.02041	0.09580	0.45597	0.19320	0.05666	0.00993	0.00283	0.00426	0.01670	0.00649	0.00614
49	0.04666	0.01551	0.06619	0.13122	0.07680	0.01432	0.31299	0.01882	0.01560	0.02189	0.07958	0.12939	0.02044	0.00926	0.00780	0.00237	0.00891	0.00955	0.00427	0.00844
50	0.07299	0.01875	0.01897	0.03745	0.09888	0.19763	0.03329	0.05506	0.09128	0.22772	0.01927	0.04786	0.01456	0.00842	0.00716	0.00214	0.02631	0.00664	0.00571	0.00991
51	0.01648	0.01706	0.06595	0.14445	0.57486	0.01640	0.02136	0.02092	0.01554	0.02202	0.01299	0.01733	0.01067	0.00635	0.00690	0.00212	0.00855	0.00616	0.00337	0.01052
52	0.00853	0.00627	0.00801	0.00929	0.01004	0.00575	0.00631	0.00993	0.01404	0.01846	0.07609	0.61720	0.14272	0.02088	0.00878	0.00273	0.00394	0.01874	0.00654	0.00575
53	0.07021	0.01836	0.01918	0.01511	0.02019	0.04342	0.01233	0.54881	0.02921	0.07360	0.01816	0.06679	0.01413	0.00916	0.00694	0.00214	0.00738	0.00704	0.00676	0.01107
54	0.04073	0.12803	0.07489	0.01393	0.01914	0.05434	0.05038	0.06130	0.04122	0.29813	0.04053	0.06032	0.05055	0.00932	0.00683	0.00213	0.00702	0.02504	0.00623	0.00996
55	0.02759	0.01137	0.01534	0.01212	0.01678	0.01029	0.00991	0.03069	0.03417	0.58207	0.08262	0.02605	0.02114	0.01037	0.02668	0.00242	0.02872	0.00747	0.03324	0.01097
56	0.01445	0.10721	0.65150	0.01911	0.02899	0.01733	0.02442	0.02198	0.01468	0.02154	0.01225	0.01438	0.00885	0.00656	0.00642	0.00214	0.01003	0.00502	0.00295	0.01018
57	0.01851	0.69275	0.08281	0.01262	0.01884	0.04301	0.01292	0.02114	0.01435	0.01682	0.00992	0.01147	0.00895	0.00604	0.00467	0.00155	0.00778	0.00385	0.00300	0.00903
58	0.01781	0.01747	0.05984	0.22946	0.14936	0.07529	0.12669	0.05974	0.05039	0.07627	0.01568	0.04283	0.01236	0.00764	0.00760	0.00225	0.02877	0.00695	0.00423	0.00939
59	0.01256	0.09644	0.16303	0.06871	0.01868	0.03560	0.01225	0.01622	0.01606	0.03955	0.16982	0.11513	0.18436	0.01240	0.00737	0.00222	0.00622	0.01042	0.00529	0.00766
60	0.01864	0.01699	0.02022	0.01685	0.02035	0.15460	0.13996	0.11756	0.01850	0.08551	0.02226	0.24361	0.02197	0.01210	0.00871	0.00238	0.05539	0.01055	0.00539	0.00846
61	0.01829	0.01595	0.02553	0.11008	0.40218	0.01661	0.06397	0.12046	0.01815	0.05650	0.01545	0.05401	0.01292	0.00767	0.00761	0.00219	0.03068	0.00707	0.00432	0.01037
62	0.01848	0.02025	0.02955	0.02277	0.02717	0.15310	0.31996	0.07379	0.01681	0.02148	0.01280	0.01710	0.01041	0.01009	0.04712	0.00283	0.17692	0.00685	0.00372	0.00879
63	0.02004	0.01897	0.09824	0.02125	0.08328	0.04572	0.19558	0.14157	0.10569	0.11885	0.04180	0.04364	0.01583	0.00809	0.00737	0.00223	0.00855	0.00756	0.00543	0.01034
64	0.03001	0.01227	0.01701	0.01454	0.06523	0.01086	0.01104	0.03322	0.03643	0.65173	0.02657	0.02336	0.01695	0.00849	0.00701	0.00216	0.00609	0.00698	0.00824	0.01180
65	0.06690	0.06564	0.01891	0.01346	0.01891	0.01558	0.01126	0.25505	0.02355	0.40570	0.02177	0.01990	0.01439	0.00826	0.00670	0.00209	0.00661	0.00638	0.00747	0.01146
66	0.00864	0.00618	0.00822	0.00963	0.01015	0.00576	0.00649	0.01005	0.01398	0.01881	0.10372	0.68212	0.04807	0.02112	0.00884	0.00277	0.00397	0.01913	0.00660	0.00576
67	0.01900	0.01418	0.01593	0.04347	0.01902	0.01604	0.01121	0.03458	0.53033	0.12746	0.02686	0.02507	0.01975	0.00929	0.00750	0.00233	0.02821	0.00760	0.03139	0.01079
68	0.02609	0.03256	0.01983	0.01788	0.02158	0.69089	0.01347	0.06142	0.02044	0.01845	0.01109	0.01280	0.00914	0.00725	0.00633	0.00181	0.01233	0.00459	0.00377	0.00828
69	0.00850	0.00607	0.00810	0.00972	0.01012	0.00567	0.00648	0.00972	0.01336	0.01781	0.03846	0.75020	0.04615	0.02186	0.00891	0.00283	0.00405	0.01984	0.00648	0.00567
70	0.01635	0.01967	0.07456	0.02894	0.03616	0.01758	0.65335	0.02234	0.01638	0.02234	0.01404	0.01862	0.01050	0.00592	0.00816	0.00235	0.01169	0.00808	0.00350	0.00946
71	0.01321	0.00810	0.00903	0.00850	0.01068	0.00764	0.00629	0.06033	0.01637	0.08964	0.06744	0.12573	0.24676	0.09496	0.01028	0.00267	0.00439	0.01139	0.19974	0.00685
72	0.01586	0.00846	0.01125	0.00980	0.01249	0.00761	0.00761	0.01899	0.01981	0.22023	0.51755	0.04420	0.05227	0.01269	0.00789	0.00218	0.00403	0.01105	0.00795	0.00806
73	0.00849	0.00611	0.00805	0.00961	0.01009	0.00568	0.00643	0.00973	0.01347	0.01786	0.03980	0.72190	0.07360	0.02169	0.00888	0.00281	0.00403	0.01963	0.00648	0.00568
74	0.01403	0.03376	0.64511	0.05519	0.03042	0.01646	0.02488	0.02159	0.01447	0.02159	0.01233	0.01495	0.00888	0.00696	0.00756	0.00226	0.05130	0.00526	0.00296	0.01004
75	0.01619	0.01843	0.04002	0.02865	0.03555	0.01725	0.66282	0.02193	0.01645	0.02223	0.01604	0.02046	0.03424	0.00628	0.00824	0.00235	0.01149	0.00846	0.00363	0.00929
76	0.01015	0.00677	0.00761	0.00761	0.00761	0.00677	0.00423	0.01015	0.01015	0.01353	0.02199	0.04567	0.02537	0.75476	0.03552	0.00677	0.00677	0.01015	0.00423	0.00423
77	0.01647	0.01882	0.04118	0.02941	0.03647	0.01765	0.68588	0.02235	0.01647	0.02235	0.01412	0.01882	0.01059	0.00588	0.00824	0.00235	0.01176	0.00824	0.00353	0.00941
