[name]
unknown

[dist]
# distance from previous block
# <min> <max>
0	439

[block]
# block no. 0 follows, 31 sequences, length 43
# corresponding to MSA columns:
# 439-476,481-485
name=unknown_A
#
# <colnr> <probs for GDERKNQSTAVLIFYWHMCP>
#	G	D	E	R	K	N	Q	S	T	A	V	L	I	F	Y	W	H	M	C	P
0	0.01466	0.11666	0.12577	0.01857	0.13750	0.01474	0.04778	0.07576	0.06707	0.02255	0.06057	0.16178	0.04863	0.02867	0.00774	0.00231	0.00691	0.02880	0.00482	0.00871
1	0.06860	0.11105	0.12205	0.03372	0.01743	0.02765	0.04520	0.05927	0.03008	0.03631	0.06318	0.03115	0.09838	0.15974	0.01255	0.00302	0.02248	0.03080	0.01977	0.00757
2	0.01602	0.13432	0.18657	0.05543	0.06027	0.05363	0.15679	0.06619	0.05816	0.02239	0.05758	0.02166	0.06559	0.00779	0.00678	0.00208	0.00860	0.00689	0.00411	0.00914
3	0.01700	0.25446	0.18848	0.03643	0.14001	0.03498	0.01611	0.09045	0.03455	0.02166	0.03129	0.01652	0.01186	0.02986	0.00783	0.04215	0.00803	0.00538	0.00369	0.00925
4	0.01672	0.08179	0.17623	0.02467	0.27110	0.04878	0.01744	0.08949	0.05862	0.02376	0.03777	0.03719	0.04849	0.00775	0.00661	0.00203	0.00789	0.00656	0.00417	0.03294
5	0.01523	0.17765	0.22712	0.05770	0.17307	0.01739	0.04583	0.02120	0.07331	0.02106	0.05410	0.01983	0.03467	0.02523	0.00705	0.00212	0.00805	0.00619	0.00377	0.00941
6	0.01253	0.01206	0.01973	0.32099	0.04494	0.01289	0.11867	0.01624	0.01446	0.01895	0.02658	0.02959	0.18609	0.00938	0.00800	0.00220	0.04729	0.00828	0.00404	0.08709
7	0.04271	0.12766	0.18626	0.04868	0.06003	0.06883	0.01491	0.07520	0.14061	0.03618	0.03330	0.10237	0.01681	0.00899	0.00654	0.00212	0.00757	0.00729	0.00466	0.00927
8	0.15309	0.01586	0.09556	0.03751	0.09983	0.01398	0.10517	0.08563	0.03714	0.13522	0.04166	0.11415	0.01748	0.00908	0.00681	0.00223	0.00715	0.00796	0.00523	0.00924
9	0.01067	0.00742	0.00827	0.00779	0.01026	0.00634	0.00593	0.01279	0.01674	0.09079	0.19221	0.05866	0.51592	0.01578	0.00796	0.00226	0.00365	0.01327	0.00680	0.00650
10	0.01438	0.08859	0.02417	0.50365	0.18067	0.01667	0.04017	0.01864	0.01417	0.01848	0.01209	0.01725	0.00948	0.00655	0.00662	0.00215	0.00881	0.00590	0.00311	0.00843
11	0.01796	0.10206	0.26418	0.02537	0.23853	0.03836	0.07333	0.03869	0.01602	0.10114	0.01401	0.01615	0.01050	0.00653	0.00653	0.00204	0.00884	0.00568	0.00384	0.01027
12	0.01696	0.17684	0.38881	0.04334	0.07876	0.01905	0.01991	0.13604	0.01742	0.02412	0.01247	0.01440	0.00938	0.00664	0.00617	0.00200	0.00892	0.00508	0.00361	0.01007
13	0.01141	0.01067	0.01017	0.01097	0.01205	0.12991	0.00771	0.01284	0.01404	0.01722	0.03214	0.53321	0.05756	0.02184	0.08088	0.00341	0.00682	0.01550	0.00560	0.00602
14	0.02035	0.01574	0.01978	0.05300	0.18961	0.01663	0.01376	0.35526	0.02394	0.06125	0.02484	0.02536	0.13149	0.00920	0.00704	0.00210	0.00698	0.00758	0.00582	0.01026
15	0.03647	0.04530	0.16114	0.01969	0.06265	0.12264	0.11314	0.13304	0.13413	0.02529	0.01518	0.01690	0.01159	0.00759	0.00792	0.00217	0.06484	0.00608	0.00445	0.00977
16	0.01307	0.01178	0.01195	0.01295	0.01467	0.13115	0.01063	0.01566	0.01594	0.01934	0.03209	0.17701	0.03512	0.01729	0.00877	0.00285	0.00695	0.45049	0.00583	0.00646
17	0.02278	0.01772	0.02085	0.01956	0.13931	0.01893	0.01376	0.47525	0.06433	0.03669	0.01602	0.01679	0.01185	0.00759	0.00666	0.00196	0.00727	0.00602	0.00598	0.09068
18	0.00985	0.00659	0.00749	0.00759	0.00762	0.00657	0.00428	0.00992	0.01015	0.01353	0.02256	0.08914	0.02615	0.71346	0.03319	0.00639	0.00647	0.01054	0.00428	0.00423
19	0.06459	0.02954	0.54186	0.01786	0.02671	0.01490	0.03941	0.02357	0.01520	0.14173	0.01467	0.01586	0.01005	0.00681	0.00647	0.00216	0.00913	0.00537	0.00394	0.01019
20	0.01849	0.32889	0.32199	0.01506	0.02261	0.01946	0.01713	0.02318	0.01510	0.13890	0.01366	0.01454	0.01012	0.00657	0.00570	0.00187	0.00824	0.00480	0.00386	0.00983
21	0.00916	0.00722	0.01002	0.13446	0.01629	0.00730	0.00847	0.01107	0.01367	0.01771	0.03824	0.50178	0.14351	0.01823	0.00833	0.00263	0.00484	0.03533	0.00578	0.00596
22	0.01238	0.01173	0.02231	0.01882	0.04102	0.01140	0.27712	0.01601	0.01449	0.01963	0.02406	0.19761	0.02472	0.01949	0.13212	0.00404	0.00993	0.13107	0.00467	0.00737
23	0.01695	0.14404	0.03059	0.05474	0.48970	0.01821	0.10707	0.02093	0.01531	0.02109	0.01240	0.01615	0.01038	0.00603	0.00654	0.00198	0.00846	0.00594	0.00331	0.01018
24	0.00963	0.00722	0.00934	0.00997	0.01146	0.00642	0.00716	0.01135	0.01358	0.01862	0.03318	0.55410	0.03861	0.01836	0.00819	0.00252	0.00441	0.08840	0.00595	0.14152
25	0.01565	0.01480	0.02529	0.03556	0.55835	0.01464	0.05584	0.01967	0.01626	0.02319	0.13251	0.02285	0.01998	0.00742	0.00707	0.00207	0.00748	0.00728	0.00410	0.01000
26	0.01455	0.06264	0.43805	0.05387	0.09489	0.01736	0.05566	0.02048	0.01390	0.02041	0.01171	0.01498	0.00904	0.00734	0.00924	0.00227	0.13564	0.00545	0.00299	0.00951
27	0.01555	0.05250	0.21387	0.09910	0.26251	0.01678	0.19875	0.02105	0.01518	0.02133	0.01276	0.01656	0.00989	0.00618	0.00695	0.00214	0.00961	0.00624	0.00322	0.00982
28	0.00982	0.00846	0.01348	0.01247	0.01450	0.00779	0.12352	0.01206	0.01439	0.01869	0.04073	0.42039	0.19143	0.01763	0.00853	0.00262	0.00532	0.06604	0.00585	0.00629
29	0.67137	0.01199	0.00969	0.00909	0.01267	0.01368	0.00723	0.01830	0.01189	0.02844	0.01434	0.13814	0.01387	0.00893	0.00500	0.00223	0.00507	0.00639	0.00460	0.00709
30	0.02401	0.03808	0.13833	0.01448	0.02040	0.01535	0.01348	0.20700	0.11455	0.29516	0.02122	0.01997	0.01444	0.00809	0.00671	0.00211	0.00694	0.00640	0.02217	0.01109
31	0.01694	0.14364	0.02875	0.07582	0.56023	0.01804	0.01930	0.02071	0.01519	0.02101	0.01226	0.01599	0.01039	0.00610	0.00637	0.00195	0.00804	0.00568	0.00329	0.01031
32	0.01138	0.00872	0.01044	0.01017	0.01214	0.00881	0.00766	0.05014	0.13501	0.02496	0.31209	0.21332	0.10148	0.01519	0.00805	0.00239	0.00418	0.04973	0.00696	0.00719
33	0.00999	0.00742	0.01100	0.01127	0.01255	0.00844	0.00897	0.01255	0.01181	0.01667	0.02138	0.03546	0.02091	0.04578	0.60901	0.00966	0.01627	0.12062	0.00411	0.00614
34	0.02313	0.07294	0.02231	0.02288	0.18128	0.52459	0.01492	0.02545	0.01818	0.01800	0.01104	0.01331	0.00928	0.00676	0.00620	0.00181	0.01106	0.00475	0.00346	0.00865
35	0.01724	0.03007	0.51164	0.01931	0.05580	0.01685	0.02178	0.17067	0.01861	0.05422	0.01380	0.01534	0.00974	0.00694	0.00660	0.00213	0.00929	0.00541	0.00400	0.01054
36	0.02459	0.14098	0.01922	0.01256	0.01752	0.01500	0.01055	0.06439	0.17540	0.38816	0.04436	0.02219	0.01761	0.00836	0.00651	0.00205	0.00599	0.00665	0.00707	0.01081
37	0.01210	0.00904	0.01067	0.01012	0.01239	0.00889	0.00791	0.12820	0.01928	0.02564	0.25298	0.14930	0.20254	0.01551	0.00815	0.00240	0.00456	0.10648	0.00680	0.00703
38	0.01111	0.13583	0.01262	0.00875	0.00990	0.01008	0.00608	0.01184	0.01119	0.01458	0.02181	0.14887	0.02478	0.46714	0.07312	0.00544	0.00713	0.01018	0.00425	0.00529
39	0.60596	0.01734	0.13388	0.01311	0.05212	0.01555	0.03416	0.02048	0.01247	0.02844	0.01031	0.01222	0.00790	0.00634	0.00488	0.00213	0.00647	0.00420	0.00394	0.00810
40	0.04136	0.01671	0.07146	0.04063	0.11501	0.03892	0.01313	0.20049	0.13538	0.03976	0.06836	0.02371	0.07042	0.00863	0.00673	0.00203	0.00672	0.00707	0.00554	0.08795
41	0.01726	0.03636	0.16454	0.08950	0.28338	0.04929	0.03782	0.09663	0.08310	0.02404	0.01421	0.01695	0.01108	0.00705	0.00736	0.00213	0.03922	0.00597	0.00396	0.01014
42	0.01756	0.01713	0.05607	0.07462	0.40208	0.03919	0.04380	0.13354	0.01808	0.02480	0.01620	0.05521	0.03356	0.00781	0.00740	0.00213	0.02958	0.00700	0.00416	0.01007

[dist]
# distance from previous block
# <min> <max>
3	22

[block]
# block no. 1 follows, 31 sequences, length 23
# corresponding to MSA columns:
# 508-530
name=unknown_B
#
# <colnr> <probs for GDERKNQSTAVLIFYWHMCP>
#	G	D	E	R	K	N	Q	S	T	A	V	L	I	F	Y	W	H	M	C	P
0	0.01623	0.01577	0.01668	0.03714	0.14377	0.13114	0.01179	0.02374	0.21465	0.02286	0.09660	0.04199	0.04738	0.05341	0.00844	0.00228	0.00683	0.00759	0.00518	0.09653
1	0.01698	0.20254	0.18038	0.09549	0.02394	0.04908	0.05057	0.05734	0.07440	0.07178	0.05696	0.02092	0.05562	0.00789	0.00636	0.00201	0.00787	0.00634	0.00439	0.00915
2	0.01280	0.00919	0.01045	0.00941	0.01104	0.00918	0.00637	0.12001	0.01433	0.01956	0.02132	0.11208	0.02306	0.45538	0.04597	0.00500	0.00668	0.00962	0.00479	0.09374
3	0.01823	0.09983	0.02822	0.03467	0.51815	0.04057	0.04812	0.08872	0.01720	0.02355	0.01282	0.01614	0.01061	0.00630	0.00655	0.00197	0.00826	0.00587	0.00369	0.01053
4	0.01568	0.01364	0.02052	0.58968	0.04166	0.01647	0.01773	0.16021	0.01758	0.02289	0.01306	0.01786	0.00965	0.00713	0.00684	0.00223	0.00878	0.00610	0.00384	0.00845
5	0.01585	0.17564	0.20447	0.03224	0.01955	0.01516	0.01378	0.05999	0.05569	0.09231	0.05686	0.16988	0.03974	0.01056	0.00673	0.00215	0.00685	0.00876	0.00497	0.00882
6	0.02565	0.02977	0.01963	0.01723	0.02116	0.58214	0.01317	0.16797	0.02208	0.02231	0.01181	0.01320	0.00941	0.00730	0.00631	0.00182	0.01132	0.00478	0.00423	0.00871
7	0.01707	0.17377	0.02920	0.06215	0.54401	0.01850	0.01896	0.02076	0.01515	0.02085	0.01213	0.01573	0.01034	0.00607	0.00627	0.00192	0.00799	0.00558	0.00328	0.01028
8	0.11214	0.02911	0.01847	0.01648	0.02028	0.58149	0.01255	0.09342	0.01981	0.02093	0.01105	0.01261	0.00894	0.00709	0.00602	0.00183	0.01108	0.00450	0.00394	0.00825
9	0.09283	0.01227	0.01877	0.58838	0.04030	0.01454	0.01663	0.01772	0.01353	0.01934	0.01190	0.01708	0.00906	0.00659	0.00638	0.00212	0.00829	0.00562	0.00327	0.09538
10	0.01419	0.01216	0.01419	0.01013	0.01621	0.00912	0.00811	0.01723	0.01419	0.02229	0.01216	0.01419	0.01013	0.00507	0.00507	0.00101	0.00507	0.00405	0.00405	0.80139
11	0.01328	0.01743	0.17012	0.54810	0.04275	0.01547	0.06025	0.01863	0.01399	0.01863	0.01228	0.01745	0.00910	0.00670	0.00684	0.00226	0.00947	0.00598	0.00303	0.00823
12	0.01372	0.03539	0.72412	0.01950	0.02961	0.01589	0.02528	0.02167	0.01444	0.02167	0.01228	0.01444	0.00867	0.00650	0.00650	0.00217	0.01011	0.00506	0.00289	0.01011
13	0.01069	0.01012	0.06664	0.01221	0.01477	0.00827	0.03940	0.01405	0.01612	0.02129	0.14311	0.08418	0.14807	0.01644	0.00871	0.00274	0.00582	0.36461	0.00611	0.00664
14	0.02429	0.01831	0.01956	0.01539	0.02056	0.02041	0.01259	0.56828	0.16076	0.04034	0.01861	0.01817	0.01340	0.00842	0.00687	0.00210	0.00712	0.00646	0.00687	0.01148
15	0.02701	0.01625	0.01857	0.01438	0.01968	0.01707	0.01183	0.42026	0.07404	0.27686	0.02087	0.01942	0.01410	0.00837	0.00686	0.00209	0.00679	0.00652	0.00741	0.01158
16	0.01667	0.01599	0.02730	0.08777	0.67316	0.01619	0.02087	0.02077	0.01545	0.02203	0.01282	0.01702	0.01072	0.00614	0.00678	0.00205	0.00819	0.00609	0.00336	0.01063
17	0.01398	0.01170	0.01841	0.38584	0.14289	0.01310	0.01542	0.01853	0.04571	0.06199	0.12415	0.02682	0.05566	0.02802	0.00781	0.00233	0.00734	0.00770	0.00448	0.00814
18	0.01582	0.01437	0.02330	0.07806	0.17072	0.01291	0.16008	0.01977	0.01510	0.05273	0.01333	0.01641	0.01056	0.00572	0.00630	0.00166	0.00746	0.00564	0.00390	0.36616
19	0.04519	0.00749	0.00925	0.00864	0.01059	0.00696	0.00657	0.01339	0.01833	0.02664	0.57614	0.04833	0.09104	0.01336	0.00769	0.00212	0.00349	0.02946	0.03427	0.04104
20	0.01746	0.01496	0.01738	0.04784	0.11253	0.06297	0.01135	0.11123	0.03581	0.05087	0.01403	0.01661	0.01135	0.03200	0.00683	0.00167	0.00659	0.00514	0.00451	0.41888
21	0.03782	0.01106	0.01626	0.18878	0.05326	0.01143	0.05163	0.04119	0.03436	0.18552	0.04816	0.07825	0.05559	0.12965	0.01162	0.00297	0.00688	0.02203	0.00542	0.00815
22	0.03157	0.06358	0.02896	0.01201	0.05412	0.05203	0.00825	0.01325	0.01345	0.01806	0.07679	0.34690	0.03238	0.16777	0.01355	0.00327	0.02482	0.01283	0.02016	0.00624

[dist]
# distance from previous block
# <min> <max>
2	11

[block]
# block no. 2 follows, 31 sequences, length 49
# corresponding to MSA columns:
# 542-590
name=unknown_C
#
# <colnr> <probs for GDERKNQSTAVLIFYWHMCP>
#	G	D	E	R	K	N	Q	S	T	A	V	L	I	F	Y	W	H	M	C	P
0	0.01925	0.04829	0.02681	0.03588	0.53663	0.01773	0.01913	0.04958	0.09413	0.02523	0.01704	0.02153	0.01446	0.03150	0.00851	0.00260	0.00839	0.00700	0.00471	0.01161
1	0.01690	0.01899	0.12311	0.04760	0.36691	0.06273	0.01816	0.02266	0.08777	0.04701	0.01545	0.04562	0.01283	0.00745	0.00738	0.00210	0.03960	0.00645	0.00400	0.04728
2	0.01635	0.06327	0.06471	0.03779	0.06734	0.10247	0.05670	0.02294	0.15782	0.06347	0.12307	0.05192	0.04062	0.03305	0.03188	0.00250	0.00745	0.00787	0.00523	0.04356
3	0.05191	0.03744	0.13106	0.08659	0.06903	0.01269	0.13633	0.01905	0.01602	0.09022	0.14012	0.06031	0.08343	0.00972	0.00728	0.00223	0.00730	0.02582	0.00498	0.00845
4	0.01357	0.01102	0.01248	0.04478	0.01534	0.04001	0.00833	0.04700	0.05420	0.04472	0.09374	0.14971	0.07095	0.06804	0.02770	0.00244	0.00571	0.00922	0.00531	0.27575
5	0.01269	0.01191	0.01988	0.70853	0.04534	0.01476	0.01835	0.01712	0.01377	0.01753	0.01484	0.02048	0.04224	0.00733	0.00690	0.00228	0.00885	0.00647	0.00320	0.00751
6	0.01829	0.76368	0.03585	0.01171	0.01756	0.02707	0.01171	0.02049	0.01390	0.01610	0.00951	0.01097	0.00878	0.00585	0.00439	0.00146	0.00732	0.00366	0.00293	0.00878
7	0.01419	0.01216	0.01419	0.01013	0.01621	0.00912	0.00811	0.01723	0.01419	0.02229	0.01216	0.01419	0.01013	0.00507	0.00507	0.00101	0.00507	0.00405	0.00405	0.80139
8	0.01292	0.01216	0.02052	0.74312	0.04712	0.01520	0.01900	0.01748	0.01368	0.01748	0.01216	0.01824	0.00912	0.00684	0.00684	0.00228	0.00912	0.00608	0.00304	0.00760
9	0.00994	0.00666	0.00760	0.00760	0.00765	0.00671	0.00432	0.01004	0.00999	0.01337	0.02143	0.04406	0.02456	0.73132	0.06264	0.00681	0.00710	0.00984	0.00413	0.00422
10	0.01810	0.73258	0.06525	0.01204	0.01807	0.02659	0.01229	0.02054	0.01392	0.01633	0.00963	0.01112	0.00877	0.00588	0.00448	0.00149	0.00744	0.00372	0.00292	0.00884
11	0.04415	0.02172	0.15734	0.01508	0.02139	0.08368	0.01407	0.31210	0.02243	0.03091	0.01380	0.01494	0.01029	0.00694	0.00620	0.00179	0.00782	0.00519	0.00499	0.20517
12	0.01109	0.00918	0.01236	0.08954	0.08925	0.03362	0.00999	0.03561	0.01446	0.01903	0.03069	0.50377	0.03508	0.01719	0.00823	0.00261	0.00551	0.06052	0.00561	0.00666
13	0.01574	0.00936	0.01174	0.00996	0.01270	0.00949	0.06130	0.10400	0.01695	0.07225	0.02100	0.02370	0.01615	0.00989	0.03963	0.00219	0.00529	0.00656	0.54447	0.00761
14	0.80789	0.01323	0.01006	0.00900	0.01323	0.01535	0.00741	0.02011	0.01164	0.03070	0.00953	0.01111	0.00741	0.00635	0.00423	0.00212	0.00529	0.00370	0.00423	0.00741
15	0.01722	0.04725	0.17044	0.01684	0.04297	0.11028	0.04959	0.07625	0.25690	0.02431	0.02017	0.02105	0.03748	0.01154	0.06476	0.00285	0.00892	0.00662	0.00491	0.00965
16	0.00990	0.00684	0.00853	0.00853	0.00890	0.00721	0.00548	0.01064	0.01027	0.01406	0.02058	0.03934	0.02252	0.54481	0.24636	0.00796	0.01018	0.00915	0.00400	0.00474
17	0.02222	0.37342	0.02730	0.01453	0.01948	0.28291	0.01247	0.13512	0.01894	0.02083	0.01105	0.01238	0.00927	0.00668	0.00545	0.00167	0.00918	0.00435	0.00380	0.00895
18	0.07798	0.07201	0.34190	0.01785	0.09976	0.01453	0.01743	0.03516	0.01543	0.04589	0.08612	0.02153	0.06054	0.00786	0.00640	0.00203	0.00768	0.00633	0.00409	0.05947
19	0.01693	0.06576	0.04866	0.09118	0.49035	0.06574	0.01884	0.02160	0.05123	0.02136	0.01488	0.01816	0.03194	0.00672	0.00662	0.00202	0.00823	0.00612	0.00360	0.01007
20	0.02033	0.01484	0.08186	0.01817	0.11666	0.01300	0.06103	0.02651	0.12836	0.27279	0.06148	0.02502	0.05061	0.01062	0.03948	0.00259	0.03292	0.00747	0.00611	0.01014
21	0.00995	0.00663	0.00746	0.00746	0.00746	0.00663	0.00415	0.00995	0.00995	0.01327	0.02156	0.04477	0.02487	0.75957	0.03482	0.00663	0.00663	0.00995	0.00415	0.00415
22	0.01715	0.01533	0.02516	0.15371	0.51407	0.01594	0.01937	0.06448	0.01636	0.04852	0.01367	0.01765	0.01102	0.00781	0.02878	0.00235	0.00848	0.00616	0.00375	0.01024
23	0.01926	0.02147	0.11838	0.10205	0.15892	0.15228	0.06144	0.13505	0.01852	0.04486	0.01357	0.01635	0.01046	0.00726	0.00758	0.00209	0.05383	0.00580	0.04133	0.00947
24	0.02563	0.05683	0.04917	0.01609	0.02084	0.35143	0.01313	0.23098	0.02287	0.12655	0.01475	0.01519	0.01084	0.00753	0.00641	0.00191	0.00963	0.00529	0.00520	0.00972
25	0.00977	0.00733	0.01100	0.01100	0.01222	0.00855	0.00855	0.01222	0.01100	0.01588	0.01833	0.02688	0.01710	0.05131	0.73245	0.01100	0.01833	0.00733	0.00367	0.00611
26	0.13786	0.01580	0.02151	0.06841	0.26008	0.04217	0.05297	0.13712	0.01848	0.13205	0.01581	0.01894	0.01213	0.00734	0.00657	0.00212	0.00760	0.02804	0.00495	0.01004
27	0.00995	0.00663	0.00746	0.00746	0.00746	0.00663	0.00415	0.00995	0.00995	0.01327	0.02156	0.04477	0.02487	0.75957	0.03482	0.00663	0.00663	0.00995	0.00415	0.00415
28	0.00875	0.00650	0.00816	0.00872	0.00990	0.00591	0.00617	0.01074	0.01572	0.02108	0.27557	0.38209	0.17941	0.01809	0.00838	0.00247	0.00362	0.01607	0.00676	0.00591
29	0.02335	0.09970	0.02069	0.01573	0.01989	0.32999	0.01252	0.25054	0.04547	0.02585	0.01360	0.01552	0.01093	0.02796	0.03925	0.00240	0.02739	0.00534	0.00471	0.00918
30	0.01712	0.23901	0.21773	0.06485	0.16651	0.07666	0.04024	0.04334	0.01539	0.02011	0.01154	0.01422	0.00934	0.00649	0.00648	0.00194	0.03130	0.00504	0.00321	0.00949
31	0.00876	0.00677	0.00804	0.00851	0.01001	0.00616	0.00625	0.01062	0.01492	0.01911	0.13394	0.23932	0.33655	0.05479	0.04836	0.00315	0.00474	0.06796	0.00625	0.00579
32	0.01361	0.01277	0.02152	0.58029	0.17352	0.01511	0.01906	0.01802	0.01412	0.01853	0.01325	0.02034	0.01065	0.00718	0.00693	0.00227	0.00882	0.03259	0.00324	0.00817
33	0.07283	0.07700	0.27268	0.02128	0.13328	0.01589	0.10224	0.03834	0.03684	0.06681	0.03567	0.01938	0.01309	0.00882	0.03341	0.00246	0.00892	0.02745	0.00399	0.00960
34	0.01889	0.05477	0.06731	0.02748	0.29172	0.22336	0.09089	0.02368	0.06783	0.02069	0.01526	0.01775	0.03591	0.00699	0.00668	0.00200	0.00943	0.00608	0.00376	0.00950
35	0.01574	0.29968	0.45298	0.01661	0.02498	0.04158	0.01999	0.02141	0.01440	0.01950	0.01122	0.01312	0.00871	0.00628	0.00572	0.00190	0.00916	0.00453	0.00292	0.00956
36	0.01027	0.00855	0.01201	0.01540	0.15532	0.00807	0.00914	0.01252	0.01503	0.01996	0.12652	0.28191	0.23356	0.01745	0.03986	0.00277	0.00522	0.01382	0.00577	0.00684
37	0.09499	0.01916	0.15245	0.02402	0.26638	0.06045	0.01646	0.04042	0.06331	0.09781	0.04035	0.04516	0.01477	0.02622	0.00727	0.00222	0.00769	0.00655	0.00453	0.00978
38	0.01879	0.01746	0.07317	0.04969	0.12243	0.01599	0.30819	0.05325	0.11011	0.13324	0.01761	0.01962	0.01279	0.00689	0.00737	0.00222	0.00901	0.00723	0.00480	0.01014
39	0.00905	0.00617	0.00816	0.00952	0.01014	0.00571	0.00643	0.01031	0.01340	0.04027	0.03853	0.70600	0.06902	0.02086	0.00865	0.00274	0.00401	0.01886	0.00642	0.00576
40	0.01607	0.01705	0.06260	0.13067	0.45350	0.04339	0.08201	0.02028	0.01523	0.02105	0.01371	0.04842	0.01180	0.00703	0.00735	0.00214	0.02774	0.00673	0.00344	0.00979
41	0.01854	0.05069	0.13755	0.03106	0.39844	0.08914	0.05852	0.04670	0.01661	0.06836	0.01353	0.01632	0.01061	0.00646	0.00666	0.00203	0.00886	0.00583	0.00377	0.01033
42	0.01498	0.02588	0.38348	0.02249	0.09996	0.04152	0.16021	0.02100	0.01518	0.04166	0.01581	0.07680	0.01337	0.00796	0.00712	0.00224	0.00955	0.02768	0.00363	0.00949
43	0.00852	0.00604	0.00808	0.00949	0.00997	0.00571	0.00640	0.00963	0.01293	0.01722	0.03684	0.67524	0.06281	0.02271	0.04119	0.03271	0.00466	0.01827	0.00611	0.00549
44	0.01624	0.09225	0.12948	0.12662	0.29607	0.06355	0.06904	0.02103	0.03323	0.02073	0.03586	0.01728	0.01191	0.00680	0.00710	0.00207	0.03176	0.00599	0.00345	0.00953
45	0.01793	0.04588	0.20499	0.02180	0.16954	0.11459	0.03466	0.07980	0.10889	0.05032	0.01832	0.04616	0.04087	0.00802	0.00674	0.00210	0.00845	0.00665	0.00445	0.00984
46	0.01692	0.01731	0.14983	0.01532	0.04513	0.01444	0.03374	0.06617	0.29969	0.09003	0.11429	0.02558	0.02264	0.00895	0.00692	0.00219	0.00634	0.00756	0.04701	0.00995
47	0.01596	0.02046	0.22089	0.06810	0.10538	0.01596	0.04481	0.02770	0.30984	0.04635	0.04051	0.02126	0.01617	0.00792	0.00688	0.00223	0.00753	0.00679	0.00503	0.01024
48	0.01863	0.66364	0.03316	0.01211	0.01760	0.09571	0.01161	0.02076	0.01450	0.01625	0.01183	0.01314	0.03492	0.00640	0.00470	0.00152	0.00767	0.00413	0.00311	0.00858

[dist]
# distance from previous block
# <min> <max>
2	8

[block]
# block no. 3 follows, 31 sequences, length 45
# corresponding to MSA columns:
# 599-643
name=unknown_D
#
# <colnr> <probs for GDERKNQSTAVLIFYWHMCP>
#	G	D	E	R	K	N	Q	S	T	A	V	L	I	F	Y	W	H	M	C	P
0	0.01139	0.03256	0.01376	0.09046	0.06361	0.01084	0.01005	0.01424	0.04211	0.01678	0.01957	0.10711	0.01976	0.16798	0.29494	0.00654	0.05898	0.00875	0.00404	0.00654
1	0.01372	0.01006	0.04221	0.01149	0.01358	0.00881	0.00868	0.03965	0.07468	0.10066	0.06557	0.48178	0.06471	0.01781	0.00859	0.00276	0.00505	0.01553	0.00690	0.00777
2	0.00996	0.00767	0.00890	0.00948	0.01116	0.00681	0.00704	0.01155	0.01592	0.02034	0.11370	0.25786	0.35743	0.01896	0.00891	0.00275	0.00443	0.11389	0.00679	0.00647
3	0.01579	0.01983	0.10914	0.05997	0.06205	0.01702	0.56786	0.02166	0.01584	0.02171	0.01357	0.01797	0.01017	0.00590	0.00781	0.00228	0.01115	0.00760	0.00338	0.00931
4	0.01310	0.01234	0.02084	0.71236	0.07651	0.01525	0.01909	0.01763	0.01376	0.01769	0.01219	0.01818	0.00920	0.00681	0.00684	0.00227	0.00908	0.00608	0.00306	0.00774
5	0.00962	0.00717	0.00917	0.01032	0.01148	0.00698	0.00772	0.01268	0.06257	0.01934	0.05588	0.44711	0.11063	0.01935	0.00871	0.00278	0.00459	0.18133	0.00641	0.00616
6	0.01596	0.06892	0.32254	0.01822	0.08200	0.12914	0.01759	0.04273	0.06578	0.02193	0.07012	0.02230	0.07728	0.00829	0.00665	0.00207	0.00861	0.00657	0.00410	0.00919
7	0.02454	0.07136	0.05771	0.01741	0.02141	0.65680	0.01378	0.02666	0.01884	0.01697	0.01061	0.01238	0.00880	0.00696	0.00609	0.00177	0.01195	0.00440	0.00346	0.00809
8	0.01620	0.01785	0.03740	0.05252	0.16498	0.01704	0.54508	0.02161	0.01597	0.02187	0.01361	0.01816	0.01043	0.00586	0.00779	0.00225	0.01082	0.00764	0.00343	0.00948
9	0.01469	0.01771	0.12026	0.01539	0.05658	0.14741	0.03242	0.01745	0.01507	0.04594	0.02873	0.18127	0.15147	0.03514	0.00983	0.00246	0.08572	0.01021	0.00471	0.00753
10	0.01285	0.01169	0.01899	0.50859	0.11025	0.01371	0.01660	0.01754	0.03508	0.02020	0.14537	0.02453	0.02013	0.00818	0.00707	0.00223	0.00779	0.00732	0.00404	0.00782
11	0.01700	0.03086	0.57669	0.01817	0.02729	0.01530	0.02227	0.06138	0.01623	0.12934	0.01475	0.01590	0.01009	0.00690	0.00658	0.00215	0.00931	0.00540	0.00396	0.01043
12	0.03498	0.09254	0.26522	0.12052	0.04993	0.01635	0.06582	0.05496	0.01483	0.02138	0.03080	0.01803	0.01181	0.03244	0.03680	0.00263	0.07093	0.00592	0.04537	0.00875
13	0.01720	0.01918	0.13612	0.16783	0.29651	0.03852	0.05748	0.08596	0.01674	0.05005	0.01336	0.01685	0.01031	0.00684	0.00742	0.00215	0.03779	0.00602	0.00376	0.00989
14	0.01494	0.01396	0.02344	0.24414	0.43208	0.01482	0.01891	0.01904	0.01525	0.02108	0.05378	0.02337	0.01532	0.00764	0.00705	0.00219	0.00802	0.05196	0.00372	0.00933
15	0.01526	0.01344	0.01890	0.19002	0.11247	0.08353	0.07363	0.01737	0.01380	0.05462	0.01678	0.07728	0.03533	0.03447	0.01273	0.15354	0.05827	0.00751	0.00383	0.00720
16	0.01642	0.09234	0.19232	0.06241	0.19978	0.09808	0.04147	0.02052	0.01453	0.01948	0.01284	0.01625	0.02724	0.00770	0.00946	0.00219	0.14888	0.00569	0.00322	0.00915
17	0.08477	0.03168	0.12466	0.04966	0.09669	0.01300	0.08310	0.02094	0.07856	0.09764	0.06058	0.09166	0.07152	0.01021	0.00715	0.00229	0.00696	0.05501	0.00514	0.00877
18	0.01491	0.07638	0.06180	0.08462	0.40284	0.01508	0.05322	0.01861	0.01480	0.02049	0.01724	0.15567	0.01689	0.00903	0.00701	0.00217	0.00764	0.00846	0.00386	0.00930
19	0.01544	0.07458	0.25093	0.11853	0.07622	0.05624	0.17737	0.02066	0.01510	0.04130	0.01502	0.07987	0.01270	0.00768	0.00697	0.00219	0.00945	0.00714	0.00358	0.00905
20	0.03545	0.06163	0.19868	0.04904	0.08606	0.06973	0.16204	0.02122	0.01534	0.08647	0.01679	0.10942	0.01463	0.00858	0.00755	0.00222	0.03429	0.00770	0.00411	0.00906
21	0.01438	0.04665	0.14536	0.11501	0.24653	0.01481	0.11256	0.01943	0.03302	0.02157	0.08131	0.04512	0.05801	0.00813	0.00708	0.00216	0.00812	0.00761	0.00399	0.00914
22	0.01445	0.01786	0.19450	0.07091	0.11936	0.01300	0.10745	0.05632	0.01581	0.05867	0.03848	0.22018	0.02129	0.01086	0.00747	0.00233	0.00773	0.00997	0.00463	0.00874
23	0.01482	0.01738	0.13288	0.14020	0.20070	0.01486	0.13039	0.05356	0.03629	0.02214	0.03813	0.02414	0.02832	0.01087	0.05674	0.00285	0.00938	0.05329	0.00396	0.00910
24	0.01710	0.02466	0.30748	0.05375	0.19856	0.03662	0.11752	0.08946	0.01707	0.05288	0.01362	0.01629	0.01011	0.00658	0.00685	0.00213	0.00941	0.00595	0.00375	0.01022
25	0.01480	0.03210	0.56001	0.02113	0.03030	0.05397	0.14838	0.02201	0.01502	0.02145	0.01248	0.01508	0.00899	0.00639	0.00677	0.00217	0.01049	0.00558	0.00303	0.00983
26	0.01573	0.01529	0.02660	0.22808	0.45939	0.01622	0.07362	0.01997	0.01494	0.02081	0.01262	0.01734	0.01028	0.00647	0.00743	0.00215	0.03382	0.00625	0.00329	0.00973
27	0.03669	0.05811	0.09943	0.04386	0.13928	0.06183	0.22512	0.08727	0.01740	0.02357	0.05488	0.05390	0.01623	0.00812	0.00723	0.00219	0.00895	0.04256	0.00422	0.00915
28	0.01712	0.12444	0.40559	0.01975	0.07877	0.05736	0.06074	0.02347	0.04210	0.08754	0.01396	0.01558	0.01022	0.00667	0.00638	0.00205	0.00922	0.00538	0.00369	0.00999
29	0.01244	0.01053	0.01137	0.06102	0.03532	0.07359	0.00866	0.01464	0.01570	0.06790	0.08103	0.09809	0.35647	0.01627	0.04181	0.00273	0.03497	0.04491	0.00573	0.00679
30	0.01256	0.01396	0.09360	0.12707	0.07212	0.01185	0.14113	0.01720	0.04715	0.03350	0.06674	0.09141	0.20484	0.01128	0.00764	0.00232	0.00710	0.02580	0.00486	0.00789
31	0.01718	0.04729	0.18473	0.04983	0.24983	0.07187	0.15657	0.02324	0.06368	0.04892	0.01421	0.01701	0.01091	0.00652	0.00687	0.00211	0.00932	0.00620	0.00372	0.00998
32	0.05889	0.01244	0.01814	0.01716	0.10774	0.01180	0.06647	0.07242	0.01854	0.34675	0.06059	0.06934	0.02124	0.00992	0.00727	0.00226	0.00648	0.07586	0.00671	0.00998
33	0.00923	0.00737	0.00907	0.00984	0.03127	0.00722	0.00670	0.01065	0.01358	0.01753	0.05861	0.29535	0.28769	0.11856	0.03461	0.00335	0.05341	0.01451	0.00569	0.00577
34	0.01653	0.06341	0.07707	0.17021	0.33206	0.04062	0.06466	0.02115	0.03606	0.05543	0.01476	0.05122	0.01230	0.00719	0.00679	0.00211	0.00841	0.00665	0.00376	0.00961
35	0.01624	0.02389	0.32083	0.10855	0.07769	0.01621	0.12065	0.09419	0.03384	0.05440	0.01472	0.03965	0.01127	0.00737	0.00739	0.00222	0.03076	0.00644	0.00391	0.00976
36	0.80789	0.01323	0.01006	0.00900	0.01323	0.01535	0.00741	0.02011	0.01164	0.03070	0.00953	0.01111	0.00741	0.00635	0.00423	0.00212	0.00529	0.00370	0.00423	0.00741
37	0.01481	0.02192	0.26416	0.13344	0.29334	0.01560	0.08188	0.02029	0.01486	0.02116	0.01374	0.04880	0.01132	0.00698	0.00689	0.00217	0.00907	0.00650	0.00330	0.00974
38	0.01575	0.01664	0.05373	0.12536	0.38083	0.01600	0.21708	0.02040	0.01537	0.02139	0.01401	0.04609	0.01174	0.00670	0.00723	0.00218	0.00916	0.00716	0.00346	0.00972
39	0.01354	0.01149	0.01345	0.00987	0.01540	0.00875	0.00784	0.01655	0.01471	0.02261	0.07776	0.01955	0.04266	0.00635	0.00546	0.00117	0.00484	0.00521	0.00446	0.69835
40	0.01410	0.01231	0.01591	0.01512	0.05928	0.03614	0.01125	0.04747	0.03500	0.03907	0.19167	0.02986	0.05959	0.06630	0.05368	0.00324	0.28926	0.00839	0.00489	0.00746
41	0.00989	0.00688	0.00871	0.00871	0.00914	0.00731	0.00570	0.01075	0.01032	0.01419	0.02042	0.03847	0.02214	0.51012	0.28053	0.00817	0.01075	0.00903	0.00398	0.00484
42	0.01448	0.01510	0.07137	0.10381	0.39252	0.01364	0.03733	0.01834	0.01490	0.02096	0.01902	0.10902	0.05552	0.00862	0.00697	0.00209	0.00743	0.00801	0.00391	0.07696
43	0.01709	0.01660	0.02176	0.22816	0.26907	0.09217	0.01698	0.05030	0.17349	0.02263	0.01599	0.01875	0.01247	0.00722	0.00677	0.00214	0.00821	0.00629	0.00425	0.00965
44	0.01676	0.01607	0.02745	0.07299	0.68727	0.01621	0.02091	0.02084	0.01549	0.02214	0.01284	0.01699	0.01076	0.00613	0.00678	0.00204	0.00817	0.00610	0.00337	0.01069

[dist]
# distance from previous block
# <min> <max>
0	52

[block]
# block no. 4 follows, 31 sequences, length 18
# corresponding to MSA columns:
# 696-713
name=unknown_E
#
# <colnr> <probs for GDERKNQSTAVLIFYWHMCP>
#	G	D	E	R	K	N	Q	S	T	A	V	L	I	F	Y	W	H	M	C	P
0	0.05751	0.01839	0.02137	0.01957	0.12432	0.05359	0.03771	0.44666	0.02645	0.10220	0.01624	0.01681	0.01166	0.00770	0.00674	0.00205	0.00774	0.00610	0.00609	0.01107
1	0.01395	0.11237	0.49894	0.01676	0.02480	0.01599	0.02018	0.02147	0.06664	0.02232	0.10571	0.01972	0.01697	0.00762	0.00650	0.00210	0.00853	0.00606	0.00381	0.00953
2	0.01544	0.01459	0.02406	0.18306	0.41200	0.01540	0.05209	0.02121	0.09286	0.02166	0.01625	0.07155	0.01407	0.00770	0.00702	0.00218	0.00790	0.00734	0.00394	0.00969
3	0.01522	0.01473	0.02572	0.33060	0.38931	0.01590	0.07036	0.01961	0.01484	0.02031	0.01265	0.01759	0.01009	0.00638	0.00690	0.00215	0.00879	0.00624	0.00325	0.00938
4	0.01660	0.00871	0.01114	0.01007	0.01292	0.00786	0.00782	0.01962	0.04361	0.25792	0.19125	0.16730	0.15722	0.01407	0.00781	0.00233	0.00451	0.04381	0.00735	0.00809
5	0.01328	0.04688	0.15615	0.13205	0.14679	0.04867	0.01574	0.01723	0.01487	0.01993	0.05669	0.18318	0.02335	0.01148	0.00739	0.00235	0.00750	0.08399	0.00440	0.00809
6	0.07296	0.15603	0.29549	0.01535	0.02215	0.10263	0.01640	0.05570	0.03880	0.10183	0.01665	0.01740	0.04555	0.00738	0.00609	0.00199	0.00845	0.00546	0.00420	0.00948
7	0.00834	0.00595	0.00794	0.00953	0.00992	0.00556	0.00635	0.00953	0.01310	0.01746	0.03771	0.75510	0.04525	0.02143	0.00873	0.00278	0.00397	0.01945	0.00635	0.00556
8	0.00909	0.00686	0.00840	0.00825	0.00992	0.00617	0.00610	0.01167	0.01761	0.02383	0.45871	0.13471	0.24217	0.01575	0.00815	0.00227	0.00338	0.01374	0.00707	0.00617
9	0.02233	0.14775	0.14502	0.01687	0.04936	0.12235	0.04222	0.17625	0.04016	0.14976	0.01566	0.01616	0.01136	0.00724	0.00633	0.00196	0.00846	0.00554	0.00503	0.01020
10	0.01635	0.10158	0.03503	0.08492	0.21362	0.01797	0.38737	0.02117	0.01556	0.02103	0.01297	0.01719	0.01022	0.00595	0.00722	0.00214	0.00998	0.00690	0.00335	0.00948
11	0.00983	0.00710	0.00983	0.00983	0.01064	0.00792	0.00710	0.01147	0.01065	0.01502	0.01939	0.03279	0.01967	0.28543	0.50185	0.00955	0.01446	0.00820	0.00382	0.00546
12	0.01429	0.12526	0.63918	0.01854	0.02812	0.01727	0.02360	0.02152	0.01438	0.02098	0.01194	0.01402	0.00868	0.00642	0.00624	0.00208	0.00977	0.00488	0.00289	0.00995
13	0.01594	0.15926	0.28472	0.02321	0.17654	0.01823	0.08392	0.04776	0.03544	0.02156	0.01337	0.03885	0.01098	0.00704	0.00699	0.00207	0.03495	0.00593	0.00345	0.00979
14	0.00834	0.00595	0.00794	0.00953	0.00992	0.00556	0.00635	0.00953	0.01310	0.01746	0.03771	0.75510	0.04525	0.02143	0.00873	0.00278	0.00397	0.01945	0.00635	0.00556
15	0.01657	0.01842	0.10644	0.03945	0.63925	0.01621	0.02148	0.02107	0.01545	0.02227	0.01280	0.01665	0.01059	0.00614	0.00674	0.00205	0.00835	0.00598	0.00333	0.01075
16	0.01947	0.10135	0.11018	0.02796	0.32750	0.14336	0.04363	0.07554	0.01742	0.05155	0.01294	0.01547	0.01030	0.00654	0.00644	0.00196	0.00901	0.00553	0.00379	0.01005
17	0.02020	0.04995	0.07208	0.03976	0.14624	0.04769	0.01506	0.24675	0.16530	0.04618	0.01694	0.01799	0.01285	0.00804	0.00787	0.00216	0.06287	0.00623	0.00531	0.01052

[dist]
# distance from previous block
# <min> <max>
0	2

[block]
# block no. 5 follows, 31 sequences, length 22
# corresponding to MSA columns:
# 716-737
name=unknown_F
#
# <colnr> <probs for GDERKNQSTAVLIFYWHMCP>
#	G	D	E	R	K	N	Q	S	T	A	V	L	I	F	Y	W	H	M	C	P
0	0.64424	0.01613	0.01211	0.01064	0.01489	0.10412	0.00861	0.07901	0.01436	0.03005	0.01025	0.01172	0.00795	0.00660	0.00470	0.00207	0.00635	0.00400	0.00437	0.00784
1	0.01690	0.01525	0.02519	0.21241	0.49027	0.01606	0.01970	0.05763	0.01616	0.04546	0.01336	0.01744	0.01066	0.00647	0.00680	0.00210	0.00826	0.00612	0.00366	0.01011
2	0.00844	0.00611	0.00798	0.00928	0.00990	0.00565	0.00628	0.00984	0.01380	0.01839	0.09791	0.64974	0.09035	0.02053	0.00863	0.00269	0.00387	0.01851	0.00645	0.00565
3	0.04516	0.04499	0.13130	0.02652	0.18707	0.06182	0.27181	0.03517	0.03184	0.03479	0.05202	0.01862	0.01334	0.00668	0.00709	0.00214	0.00946	0.00681	0.00383	0.00954
4	0.01633	0.01557	0.02613	0.14663	0.58465	0.01613	0.02024	0.02115	0.04593	0.02189	0.01343	0.01751	0.01102	0.00635	0.00679	0.00208	0.00816	0.00617	0.00349	0.01035
5	0.01480	0.01483	0.01942	0.01693	0.01730	0.05834	0.01394	0.01644	0.01104	0.01640	0.01043	0.01656	0.01015	0.01743	0.12488	0.00409	0.60051	0.00610	0.00312	0.00731
6	0.00855	0.00670	0.00779	0.00841	0.00997	0.00594	0.00618	0.01034	0.01507	0.01901	0.10533	0.29256	0.38523	0.01856	0.00842	0.00253	0.00386	0.07332	0.00644	0.00580
7	0.01553	0.07547	0.30364	0.05399	0.29556	0.01694	0.09997	0.02121	0.01502	0.02143	0.01249	0.01576	0.00973	0.00623	0.00665	0.00209	0.00928	0.00575	0.00316	0.01011
8	0.01551	0.01481	0.02520	0.29020	0.47978	0.01588	0.02029	0.01975	0.01491	0.02063	0.01262	0.01740	0.01023	0.00636	0.00680	0.00212	0.00848	0.00609	0.00326	0.00969
9	0.01295	0.01212	0.02016	0.31285	0.16341	0.01368	0.06151	0.01641	0.01385	0.01865	0.01930	0.18148	0.03649	0.01059	0.00877	0.00241	0.07422	0.00938	0.00395	0.00782
10	0.01677	0.01712	0.08213	0.42031	0.05544	0.07085	0.06151	0.10062	0.03505	0.05460	0.01379	0.01765	0.01016	0.00704	0.00684	0.00219	0.00914	0.00608	0.00391	0.00879
11	0.01641	0.01617	0.02880	0.06412	0.56911	0.01607	0.12180	0.02068	0.01560	0.02200	0.01466	0.01865	0.03147	0.00640	0.00701	0.00209	0.00854	0.00664	0.00347	0.01033
12	0.01651	0.01768	0.08144	0.06412	0.60890	0.01624	0.05276	0.02097	0.01545	0.02211	0.01284	0.01686	0.01059	0.00614	0.00682	0.00206	0.00847	0.00611	0.00334	0.01059
13	0.01678	0.01749	0.01590	0.03213	0.03020	0.26130	0.06259	0.01956	0.03155	0.05007	0.04559	0.10963	0.15258	0.01242	0.00756	0.00228	0.00803	0.11184	0.00514	0.00737
14	0.01883	0.01338	0.01818	0.01895	0.16416	0.01349	0.03961	0.19136	0.04537	0.13467	0.11013	0.09701	0.08360	0.01051	0.00733	0.00218	0.00626	0.00915	0.00623	0.00961
15	0.04110	0.01473	0.02313	0.12811	0.21511	0.01568	0.09002	0.07864	0.03252	0.16383	0.03257	0.01915	0.01304	0.00776	0.00871	0.00224	0.09242	0.00658	0.00481	0.00984
16	0.01638	0.01612	0.02701	0.17329	0.52201	0.03767	0.06665	0.02058	0.01537	0.02123	0.01273	0.01715	0.01042	0.00624	0.00686	0.00209	0.00868	0.00618	0.00333	0.01002
17	0.01907	0.36294	0.11026	0.01479	0.02067	0.06105	0.06017	0.17068	0.01891	0.02408	0.06563	0.01626	0.01379	0.00714	0.00582	0.00180	0.00794	0.00539	0.00422	0.00938
18	0.01574	0.01449	0.02337	0.42482	0.11873	0.01688	0.08431	0.11400	0.01649	0.02203	0.01274	0.01757	0.00979	0.00728	0.00830	0.00228	0.07253	0.00628	0.00366	0.00870
19	0.01656	0.01649	0.03731	0.13173	0.38004	0.08778	0.03507	0.02064	0.03610	0.03374	0.03278	0.01995	0.01324	0.06431	0.00886	0.00237	0.00832	0.00639	0.00375	0.04456
20	0.01893	0.01523	0.02509	0.14995	0.40963	0.01555	0.06153	0.06875	0.01705	0.12856	0.01519	0.01817	0.01150	0.00670	0.00689	0.00210	0.00812	0.00634	0.00434	0.01038
21	0.04777	0.00857	0.01158	0.01081	0.01303	0.00783	0.05922	0.01266	0.01360	0.01906	0.03239	0.32124	0.11198	0.10430	0.01102	0.00288	0.00525	0.07535	0.00542	0.12604

[dist]
# distance from previous block
# <min> <max>
0	11

# created by:
# /home/cegg/simao/soft/augustus-3.2.1/scripts/msa2prfl.pl ./align_prep/EOG090W0G6X.fa
