[name]
unknown

[dist]
# distance from previous block
# <min> <max>
7	88

[block]
# block no. 0 follows, 39 sequences, length 12
# corresponding to MSA columns:
# 94-105
name=unknown_A
#
# <colnr> <probs for GDERKNQSTAVLIFYWHMCP>
#	G	D	E	R	K	N	Q	S	T	A	V	L	I	F	Y	W	H	M	C	P
0	0.05481	0.01225	0.01548	0.01693	0.19066	0.02474	0.01087	0.20816	0.06342	0.06677	0.07920	0.11797	0.04806	0.00888	0.00657	0.00189	0.03266	0.00746	0.00494	0.02830
1	0.09794	0.07014	0.04309	0.01207	0.03170	0.03873	0.00997	0.28175	0.07589	0.10053	0.01529	0.03828	0.01173	0.00726	0.00610	0.00178	0.04767	0.00540	0.09622	0.00845
2	0.01072	0.01059	0.08814	0.03648	0.01239	0.05935	0.00791	0.03303	0.03425	0.04657	0.06348	0.27601	0.08455	0.17578	0.01154	0.00283	0.00523	0.01047	0.02497	0.00574
3	0.01277	0.07354	0.11801	0.09031	0.12354	0.01130	0.01137	0.05491	0.01280	0.04428	0.03254	0.05229	0.01373	0.15780	0.01017	0.00239	0.00618	0.00595	0.00357	0.16256
4	0.01965	0.07132	0.12164	0.01315	0.01832	0.01628	0.01202	0.40973	0.10185	0.10122	0.01511	0.01500	0.01080	0.00676	0.00568	0.00175	0.00638	0.00518	0.00525	0.04292
5	0.00831	0.00599	0.00724	0.00722	0.00872	0.00533	0.00530	0.01028	0.01450	0.04604	0.33826	0.20209	0.29056	0.01424	0.00706	0.00202	0.00308	0.01241	0.00598	0.00538
6	0.01019	0.00551	0.00767	0.00791	0.00836	0.00551	0.00572	0.00944	0.00948	0.01336	0.01568	0.02811	0.01567	0.04642	0.01793	0.52916	0.00487	0.13322	0.12223	0.00355
7	0.01690	0.03734	0.01761	0.01926	0.23529	0.08657	0.01212	0.14827	0.19492	0.06951	0.06286	0.04268	0.01560	0.00732	0.00593	0.00182	0.00618	0.00618	0.00479	0.00885
8	0.01098	0.00986	0.01619	0.53894	0.10465	0.01162	0.01452	0.01446	0.01211	0.01598	0.01475	0.09528	0.01349	0.00797	0.00619	0.00203	0.00698	0.06515	0.03230	0.00654
9	0.17191	0.01031	0.01282	0.01003	0.01444	0.00952	0.00828	0.02676	0.01569	0.62742	0.02061	0.01823	0.01316	0.00699	0.00554	0.00183	0.00495	0.00545	0.00666	0.00941
10	0.00789	0.00579	0.00687	0.00737	0.00831	0.00536	0.00520	0.00897	0.01173	0.01498	0.06262	0.23590	0.26457	0.19862	0.01325	0.03126	0.00411	0.09761	0.00497	0.00461
11	0.01695	0.04598	0.01648	0.01502	0.09602	0.01602	0.01087	0.22889	0.43270	0.02726	0.01923	0.01852	0.01442	0.00734	0.00588	0.00188	0.00552	0.00600	0.00551	0.00949

[dist]
# distance from previous block
# <min> <max>
0	1

[block]
# block no. 1 follows, 39 sequences, length 42
# corresponding to MSA columns:
# 107-148
name=unknown_B
#
# <colnr> <probs for GDERKNQSTAVLIFYWHMCP>
#	G	D	E	R	K	N	Q	S	T	A	V	L	I	F	Y	W	H	M	C	P
0	0.02000	0.05000	0.03894	0.01792	0.12237	0.48362	0.01270	0.10166	0.01676	0.01779	0.00991	0.01178	0.00814	0.00632	0.00633	0.00165	0.05893	0.00427	0.00329	0.00762
1	0.02206	0.01586	0.01714	0.01329	0.01790	0.01747	0.01093	0.63455	0.08792	0.07843	0.01557	0.01521	0.01100	0.00719	0.00593	0.00180	0.00627	0.00548	0.00601	0.01000
2	0.01220	0.02842	0.65990	0.01879	0.07806	0.01384	0.06955	0.01870	0.01265	0.01879	0.01074	0.01287	0.00773	0.00555	0.00573	0.00187	0.00870	0.00461	0.00256	0.00873
3	0.01027	0.00514	0.00770	0.00770	0.00770	0.00514	0.00514	0.00770	0.00770	0.01027	0.01027	0.01798	0.01027	0.02054	0.02311	0.82794	0.00514	0.00514	0.00257	0.00257
4	0.01329	0.03265	0.07894	0.00979	0.01495	0.00906	0.00858	0.01688	0.04953	0.07633	0.01323	0.05186	0.01105	0.00562	0.00484	0.00118	0.00483	0.00458	0.00391	0.58889
5	0.01548	0.73146	0.09235	0.01068	0.01605	0.02259	0.01110	0.01779	0.01206	0.01432	0.00842	0.00974	0.00758	0.00511	0.00395	0.00132	0.00653	0.00326	0.00253	0.00769
6	0.01465	0.01389	0.02275	0.03344	0.66808	0.01413	0.01711	0.01971	0.09963	0.01996	0.01265	0.01551	0.01039	0.00559	0.00587	0.00179	0.00675	0.00544	0.00329	0.00937
7	0.01341	0.32970	0.47594	0.01422	0.02152	0.01751	0.01726	0.01833	0.01230	0.01685	0.00968	0.01131	0.00753	0.00540	0.00491	0.00164	0.00780	0.00390	0.00251	0.00829
8	0.01187	0.12540	0.57931	0.01480	0.02224	0.01397	0.01837	0.01755	0.01273	0.01824	0.05660	0.01659	0.05458	0.00648	0.00555	0.00180	0.00774	0.00507	0.00291	0.00819
9	0.00860	0.00573	0.00645	0.00645	0.00645	0.00573	0.00358	0.00860	0.00860	0.01147	0.01863	0.03870	0.02150	0.79217	0.03010	0.00573	0.00573	0.00860	0.00358	0.00358
10	0.00721	0.00515	0.00686	0.00823	0.00858	0.00480	0.00549	0.00823	0.01132	0.01510	0.03259	0.78831	0.03911	0.01853	0.00755	0.00240	0.00343	0.01681	0.00549	0.00480
11	0.01581	0.79572	0.03099	0.01012	0.01518	0.02340	0.01012	0.01771	0.01202	0.01391	0.00822	0.00949	0.00759	0.00506	0.00379	0.00126	0.00632	0.00316	0.00253	0.00759
12	0.00859	0.00594	0.00788	0.00747	0.00870	0.00553	0.00553	0.01075	0.01568	0.02213	0.66473	0.04109	0.05043	0.01309	0.00888	0.09921	0.00307	0.01004	0.00605	0.00523
13	0.00709	0.00599	0.00613	0.00610	0.00805	0.00504	0.00457	0.00868	0.01372	0.01654	0.11017	0.05599	0.70226	0.01477	0.00699	0.00199	0.00298	0.01235	0.00557	0.00504
14	0.00845	0.00634	0.00950	0.00950	0.01056	0.00739	0.00739	0.01056	0.00950	0.01373	0.01584	0.02323	0.01478	0.04435	0.76873	0.00950	0.01584	0.00634	0.00317	0.00528
15	0.01027	0.00514	0.00770	0.00770	0.00770	0.00514	0.00514	0.00770	0.00770	0.01027	0.01027	0.01798	0.01027	0.02054	0.02311	0.82794	0.00514	0.00514	0.00257	0.00257
16	0.08000	0.01278	0.01464	0.01173	0.01586	0.01330	0.00971	0.35975	0.02103	0.26727	0.01871	0.02213	0.01418	0.02549	0.00655	0.00199	0.00576	0.08386	0.00610	0.00915
17	0.01117	0.01051	0.01774	0.77795	0.04073	0.01314	0.01642	0.01511	0.01182	0.01511	0.01051	0.01577	0.00788	0.00591	0.00591	0.00197	0.00788	0.00526	0.00263	0.00657
18	0.01396	0.01595	0.03490	0.02493	0.03091	0.01496	0.73380	0.01894	0.01396	0.01894	0.01196	0.01595	0.00897	0.00499	0.00698	0.00199	0.00997	0.00698	0.00299	0.00798
19	0.01538	0.00764	0.00970	0.00827	0.01102	0.00670	0.00645	0.01749	0.01554	0.31850	0.24424	0.03729	0.20951	0.05570	0.00789	0.00210	0.00392	0.00910	0.00642	0.00713
20	0.00742	0.00565	0.00660	0.00707	0.00813	0.00508	0.00489	0.00872	0.01247	0.01603	0.12628	0.33080	0.31410	0.10715	0.00991	0.00257	0.00346	0.01346	0.00539	0.00482
21	0.79301	0.01170	0.00915	0.00807	0.01178	0.01352	0.00665	0.05361	0.01096	0.02707	0.00854	0.00984	0.00659	0.00557	0.00377	0.00183	0.00467	0.00331	0.00377	0.00659
22	0.00722	0.00593	0.00613	0.00617	0.00785	0.00509	0.00445	0.00856	0.01289	0.01560	0.07079	0.08487	0.62001	0.10665	0.00974	0.00245	0.00333	0.01216	0.00529	0.00483
23	0.00861	0.00634	0.00708	0.00708	0.00851	0.00580	0.00500	0.04091	0.01298	0.03667	0.07509	0.20578	0.37922	0.16058	0.01136	0.00276	0.00380	0.01210	0.00525	0.00508
24	0.00747	0.00566	0.00689	0.00732	0.00847	0.00508	0.00521	0.00914	0.01352	0.01781	0.24487	0.35120	0.26470	0.01561	0.00721	0.00212	0.00311	0.01374	0.00578	0.00508
25	0.83394	0.01144	0.00869	0.00778	0.01144	0.01327	0.00640	0.01738	0.01006	0.02653	0.00823	0.00961	0.00640	0.00549	0.00366	0.00183	0.00457	0.00320	0.00366	0.00640
26	0.00729	0.00585	0.00651	0.00667	0.00826	0.00507	0.00488	0.00895	0.01372	0.01730	0.18782	0.18590	0.49087	0.01506	0.00709	0.00204	0.00303	0.01292	0.00569	0.00507
27	0.09725	0.00720	0.00805	0.00759	0.00960	0.00695	0.00573	0.02825	0.03613	0.08134	0.25053	0.13143	0.21507	0.03196	0.00699	0.00203	0.00350	0.01013	0.05433	0.00594
28	0.01018	0.00535	0.00794	0.00811	0.00828	0.00535	0.00570	0.00828	0.00846	0.01122	0.01296	0.02420	0.01331	0.02001	0.02120	0.72256	0.00518	0.09584	0.00294	0.00294
29	0.83394	0.01144	0.00869	0.00778	0.01144	0.01327	0.00640	0.01738	0.01006	0.02653	0.00823	0.00961	0.00640	0.00549	0.00366	0.00183	0.00457	0.00320	0.00366	0.00640
30	0.00713	0.00545	0.00655	0.00743	0.00837	0.00487	0.00513	0.00832	0.01209	0.01541	0.04236	0.52683	0.29429	0.01726	0.00735	0.00226	0.00328	0.01526	0.00549	0.00487
31	0.00728	0.00579	0.00648	0.00673	0.00821	0.00505	0.00486	0.00881	0.01331	0.01675	0.15052	0.22624	0.46826	0.03497	0.00770	0.00217	0.00314	0.01315	0.00559	0.00500
32	0.01226	0.01051	0.01226	0.00876	0.01401	0.00788	0.00701	0.01489	0.01226	0.01927	0.01051	0.01226	0.00876	0.00438	0.00438	0.00088	0.00438	0.00350	0.00350	0.82832
33	0.00731	0.00522	0.00698	0.00835	0.00874	0.00489	0.00567	0.00841	0.01142	0.01521	0.03254	0.75677	0.03889	0.01843	0.00758	0.00242	0.00352	0.04735	0.00549	0.00483
34	0.01465	0.01389	0.02275	0.03344	0.66808	0.01413	0.01711	0.01971	0.09963	0.01996	0.01265	0.01551	0.01039	0.00559	0.00587	0.00179	0.00675	0.00544	0.00329	0.00937
35	0.83394	0.01144	0.00869	0.00778	0.01144	0.01327	0.00640	0.01738	0.01006	0.02653	0.00823	0.00961	0.00640	0.00549	0.00366	0.00183	0.00457	0.00320	0.00366	0.00640
36	0.00838	0.00572	0.00643	0.00652	0.00671	0.00561	0.00378	0.00857	0.00919	0.01207	0.02305	0.08489	0.08600	0.67870	0.02675	0.00521	0.00536	0.00943	0.00386	0.00378
37	0.00731	0.00570	0.00657	0.00697	0.00826	0.00504	0.00495	0.00879	0.01305	0.01663	0.14766	0.30137	0.38808	0.04212	0.00796	0.00224	0.00321	0.01356	0.00557	0.00496
38	0.42890	0.01075	0.01122	0.00915	0.01327	0.01097	0.00755	0.02312	0.01351	0.39417	0.01581	0.01489	0.01054	0.00641	0.00481	0.00183	0.00480	0.00458	0.00550	0.00824
39	0.00719	0.00520	0.00681	0.00810	0.00854	0.00481	0.00543	0.00825	0.01145	0.01515	0.03419	0.74558	0.08081	0.01832	0.00752	0.00238	0.00341	0.01656	0.00549	0.00481
40	0.01160	0.00642	0.00846	0.00843	0.00993	0.00581	0.00609	0.01318	0.01345	0.17730	0.14886	0.43955	0.07448	0.03768	0.00774	0.00227	0.00372	0.01299	0.00600	0.00604
41	0.00857	0.00570	0.00778	0.00920	0.03099	0.00531	0.00605	0.00975	0.01172	0.05941	0.03141	0.71988	0.03678	0.01747	0.00740	0.00235	0.00363	0.01583	0.00552	0.00525

[dist]
# distance from previous block
# <min> <max>
0	2

[block]
# block no. 2 follows, 39 sequences, length 16
# corresponding to MSA columns:
# 151-166
name=unknown_C
#
# <colnr> <probs for GDERKNQSTAVLIFYWHMCP>
#	G	D	E	R	K	N	Q	S	T	A	V	L	I	F	Y	W	H	M	C	P
0	0.00848	0.00568	0.00649	0.00661	0.00664	0.00565	0.00375	0.00857	0.00884	0.01179	0.01988	0.10580	0.02308	0.72292	0.02808	0.00544	0.00553	0.00934	0.00375	0.00369
1	0.06949	0.00777	0.00979	0.00840	0.01086	0.00721	0.00644	0.01741	0.01519	0.28068	0.34064	0.03264	0.03310	0.12278	0.00974	0.00241	0.00412	0.00823	0.00618	0.00692
2	0.09335	0.00640	0.00758	0.00795	0.00932	0.00609	0.00570	0.01114	0.01258	0.07463	0.11993	0.45670	0.13670	0.01506	0.00688	0.00218	0.00353	0.01324	0.00557	0.00549
3	0.01021	0.00648	0.00797	0.00745	0.00936	0.00574	0.00564	0.01238	0.01528	0.11678	0.37731	0.10769	0.26948	0.01292	0.00689	0.00194	0.00320	0.01115	0.00621	0.00592
4	0.02221	0.02468	0.01706	0.01474	0.01830	0.54216	0.01137	0.23837	0.02009	0.02135	0.01067	0.01173	0.00835	0.00640	0.00551	0.00160	0.00941	0.00427	0.00391	0.00782
5	0.04769	0.00963	0.01191	0.00965	0.01320	0.00929	0.00784	0.11597	0.01647	0.41260	0.02008	0.01970	0.01389	0.01045	0.07375	0.00241	0.00568	0.00571	0.18556	0.00852
6	0.60724	0.08138	0.01164	0.00851	0.01247	0.01330	0.00717	0.01959	0.01154	0.16470	0.01110	0.01160	0.00808	0.00580	0.00411	0.00178	0.00482	0.00372	0.00425	0.00721
7	0.00930	0.00659	0.00804	0.00778	0.00948	0.00621	0.00585	0.04167	0.01435	0.05769	0.24404	0.15992	0.27429	0.01781	0.10662	0.00299	0.00494	0.01120	0.00559	0.00565
8	0.00845	0.00660	0.00777	0.00765	0.00935	0.00621	0.00583	0.01187	0.07793	0.02005	0.34287	0.09674	0.29459	0.01350	0.00703	0.00202	0.00328	0.06666	0.00596	0.00564
9	0.00845	0.00634	0.00950	0.00950	0.01056	0.00739	0.00739	0.01056	0.00950	0.01373	0.01584	0.02323	0.01478	0.04435	0.76873	0.00950	0.01584	0.00634	0.00317	0.00528
10	0.00762	0.00556	0.00696	0.00765	0.00843	0.00515	0.00529	0.00896	0.01233	0.01634	0.15446	0.43318	0.15118	0.10784	0.01004	0.00265	0.00361	0.04246	0.00543	0.00484
11	0.00845	0.00634	0.00950	0.00950	0.01056	0.00739	0.00739	0.01056	0.00950	0.01373	0.01584	0.02323	0.01478	0.04435	0.76873	0.00950	0.01584	0.00634	0.00317	0.00528
12	0.01255	0.00727	0.00834	0.00752	0.00896	0.00720	0.00523	0.07962	0.01295	0.11144	0.08087	0.03186	0.04050	0.38609	0.01735	0.00363	0.00483	0.00765	0.16056	0.00557
13	0.01830	0.01568	0.01457	0.01217	0.01587	0.13759	0.00966	0.32880	0.17223	0.04888	0.02343	0.02266	0.13712	0.00847	0.00602	0.00182	0.00617	0.00659	0.00544	0.00853
14	0.02115	0.02045	0.01641	0.01389	0.01743	0.35229	0.01092	0.28105	0.03841	0.07230	0.01268	0.01375	0.00970	0.00920	0.05537	0.00220	0.03542	0.00478	0.00444	0.00818
15	0.00864	0.00588	0.00706	0.00715	0.00738	0.00603	0.00449	0.00910	0.00905	0.01218	0.01907	0.03840	0.02139	0.64021	0.12931	0.00605	0.00709	0.05392	0.00365	0.00393

[dist]
# distance from previous block
# <min> <max>
0	1

[block]
# block no. 3 follows, 39 sequences, length 27
# corresponding to MSA columns:
# 168,173-182,184-199
name=unknown_D
#
# <colnr> <probs for GDERKNQSTAVLIFYWHMCP>
#	G	D	E	R	K	N	Q	S	T	A	V	L	I	F	Y	W	H	M	C	P
0	0.06540	0.02002	0.01997	0.03466	0.03785	0.32622	0.17070	0.16087	0.01745	0.02124	0.01145	0.01342	0.00887	0.00604	0.00566	0.00170	0.00868	0.00495	0.05719	0.00767
1	0.00772	0.00602	0.00701	0.00676	0.00844	0.00531	0.00507	0.00991	0.01522	0.02010	0.42875	0.05013	0.38146	0.01344	0.00698	0.00192	0.00289	0.01153	0.00603	0.00531
2	0.01606	0.76523	0.03042	0.01032	0.01530	0.05300	0.01017	0.01794	0.01220	0.01394	0.00826	0.00953	0.00759	0.00510	0.00386	0.00128	0.00650	0.00319	0.00255	0.00756
3	0.01225	0.10529	0.69020	0.01620	0.02458	0.01468	0.02070	0.01863	0.01244	0.01826	0.01038	0.01219	0.00750	0.00556	0.00544	0.00181	0.00850	0.00425	0.00250	0.00863
4	0.01250	0.15476	0.64297	0.01576	0.02390	0.01530	0.01995	0.01856	0.01241	0.01795	0.01022	0.01200	0.00751	0.00553	0.00532	0.00177	0.00835	0.00417	0.00250	0.00855
5	0.01502	0.06636	0.54265	0.01491	0.02232	0.01292	0.01797	0.02048	0.01336	0.17422	0.01382	0.03707	0.00994	0.00633	0.00565	0.00185	0.00767	0.00501	0.00360	0.00884
6	0.00892	0.00685	0.00967	0.00942	0.01013	0.00807	0.00709	0.01048	0.00926	0.01328	0.01567	0.02566	0.01559	0.20682	0.53182	0.00799	0.08834	0.00672	0.00320	0.00502
7	0.83394	0.01144	0.00869	0.00778	0.01144	0.01327	0.00640	0.01738	0.01006	0.02653	0.00823	0.00961	0.00640	0.00549	0.00366	0.00183	0.00457	0.00320	0.00366	0.00640
8	0.83394	0.01144	0.00869	0.00778	0.01144	0.01327	0.00640	0.01738	0.01006	0.02653	0.00823	0.00961	0.00640	0.00549	0.00366	0.00183	0.00457	0.00320	0.00366	0.00640
9	0.01777	0.00893	0.01125	0.00965	0.01292	0.00826	0.00787	0.05172	0.06567	0.36546	0.08133	0.03605	0.17599	0.01058	0.00656	0.00200	0.00455	0.10899	0.00646	0.00798
10	0.01027	0.00514	0.00770	0.00770	0.00770	0.00514	0.00514	0.00770	0.00770	0.01027	0.01027	0.01798	0.01027	0.02054	0.02311	0.82794	0.00514	0.00514	0.00257	0.00257
11	0.01186	0.03059	0.76153	0.01686	0.02560	0.01373	0.02185	0.01873	0.01249	0.01873	0.01061	0.01249	0.00749	0.00562	0.00562	0.00187	0.00874	0.00437	0.00250	0.00874
12	0.00720	0.00538	0.00670	0.00768	0.00845	0.00488	0.00526	0.00841	0.01205	0.01565	0.06835	0.58783	0.20577	0.01744	0.00739	0.00229	0.00330	0.01555	0.00553	0.00488
13	0.01212	0.01027	0.01100	0.01013	0.01289	0.01127	0.00785	0.02344	0.47711	0.02250	0.11852	0.03360	0.18409	0.01027	0.00641	0.00201	0.00411	0.02863	0.00594	0.00784
14	0.01464	0.01405	0.02400	0.03630	0.75528	0.01405	0.01815	0.01815	0.01347	0.01932	0.01112	0.01464	0.00937	0.00527	0.00585	0.00176	0.00703	0.00527	0.00293	0.00937
15	0.01186	0.03059	0.76153	0.01686	0.02560	0.01373	0.02185	0.01873	0.01249	0.01873	0.01061	0.01249	0.00749	0.00562	0.00562	0.00187	0.00874	0.00437	0.00250	0.00874
16	0.83394	0.01144	0.00869	0.00778	0.01144	0.01327	0.00640	0.01738	0.01006	0.02653	0.00823	0.00961	0.00640	0.00549	0.00366	0.00183	0.00457	0.00320	0.00366	0.00640
17	0.00860	0.00573	0.00645	0.00645	0.00645	0.00573	0.00358	0.00860	0.00860	0.01147	0.01863	0.03870	0.02150	0.79217	0.03010	0.00573	0.00573	0.00860	0.00358	0.00358
18	0.00948	0.00678	0.00947	0.01076	0.01212	0.00676	0.00938	0.01221	0.01374	0.01793	0.05942	0.06583	0.03488	0.01617	0.00812	0.00269	0.00534	0.68799	0.00549	0.00545
19	0.01471	0.01270	0.01337	0.01203	0.01538	0.01471	0.00936	0.03142	0.74459	0.02474	0.02407	0.02206	0.01805	0.00802	0.00602	0.00201	0.00468	0.00669	0.00602	0.00936
20	0.02244	0.01770	0.01765	0.01377	0.01833	0.09157	0.01126	0.66605	0.02673	0.03504	0.01370	0.01385	0.00982	0.00700	0.00586	0.00175	0.00691	0.00518	0.00564	0.00974
21	0.00860	0.00573	0.00645	0.00645	0.00645	0.00573	0.00358	0.00860	0.00860	0.01147	0.01863	0.03870	0.02150	0.79217	0.03010	0.00573	0.00573	0.00860	0.00358	0.00358
22	0.02653	0.01006	0.01372	0.01052	0.01510	0.00869	0.00869	0.02882	0.01693	0.75937	0.02333	0.02013	0.01464	0.00732	0.00595	0.00183	0.00503	0.00595	0.00732	0.01006
23	0.65870	0.01150	0.00949	0.00827	0.01184	0.01315	0.00678	0.10382	0.01243	0.02741	0.00999	0.01133	0.00767	0.00582	0.00398	0.00178	0.00464	0.00368	0.08097	0.00676
24	0.00860	0.00573	0.00645	0.00645	0.00645	0.00573	0.00358	0.00860	0.00860	0.01147	0.01863	0.03870	0.02150	0.79217	0.03010	0.00573	0.00573	0.00860	0.00358	0.00358
25	0.00721	0.00515	0.00686	0.00823	0.00858	0.00480	0.00549	0.00823	0.01132	0.01510	0.03259	0.78831	0.03911	0.01853	0.00755	0.00240	0.00343	0.01681	0.00549	0.00480
26	0.00864	0.03040	0.00867	0.00764	0.00914	0.00617	0.00585	0.01140	0.01649	0.02321	0.70550	0.04385	0.05360	0.01201	0.00692	0.00187	0.00299	0.03367	0.00635	0.00564

[dist]
# distance from previous block
# <min> <max>
1	5

[block]
# block no. 4 follows, 39 sequences, length 10
# corresponding to MSA columns:
# 205-214
name=unknown_E
#
# <colnr> <probs for GDERKNQSTAVLIFYWHMCP>
#	G	D	E	R	K	N	Q	S	T	A	V	L	I	F	Y	W	H	M	C	P
0	0.00877	0.11217	0.01009	0.00734	0.00952	0.00801	0.00577	0.01120	0.05055	0.01704	0.13793	0.14430	0.42971	0.01339	0.00658	0.00194	0.00356	0.01128	0.00525	0.00561
1	0.00803	0.00676	0.00781	0.00766	0.00888	0.00682	0.00565	0.00924	0.01192	0.01501	0.04340	0.15650	0.45044	0.11814	0.01181	0.00263	0.10784	0.01162	0.00485	0.00498
2	0.00897	0.00727	0.01078	0.00944	0.01133	0.00669	0.10289	0.01066	0.01300	0.01696	0.18901	0.04278	0.27903	0.10882	0.01171	0.09547	0.00464	0.06062	0.00481	0.00511
3	0.00922	0.00724	0.01088	0.01288	0.11962	0.00781	0.00822	0.01111	0.01021	0.01443	0.01775	0.12569	0.01812	0.13548	0.45596	0.00691	0.01154	0.00787	0.00350	0.00559
4	0.01659	0.01160	0.01419	0.01369	0.09759	0.01217	0.00969	0.19043	0.19128	0.13520	0.21459	0.02499	0.02476	0.00848	0.00622	0.00186	0.00492	0.00717	0.00597	0.00862
5	0.35107	0.01116	0.01192	0.01189	0.09574	0.01199	0.00823	0.12356	0.01394	0.12333	0.01356	0.01693	0.01095	0.11056	0.00809	0.00230	0.00523	0.00498	0.05722	0.00734
6	0.00755	0.00550	0.00685	0.00770	0.00837	0.00511	0.00526	0.00868	0.01165	0.01526	0.07049	0.48619	0.15227	0.13166	0.01079	0.00282	0.00377	0.05009	0.00526	0.00472
7	0.01337	0.01209	0.01723	0.11953	0.12741	0.01490	0.01286	0.10993	0.01284	0.01824	0.01264	0.10150	0.01217	0.01102	0.04611	0.00256	0.33844	0.00658	0.00344	0.00715
8	0.06672	0.00966	0.00959	0.00945	0.01062	0.10849	0.00682	0.03760	0.01154	0.01557	0.03697	0.22210	0.02123	0.16197	0.17704	0.04522	0.03127	0.00890	0.00400	0.00521
9	0.01588	0.35362	0.22014	0.01586	0.10187	0.16755	0.01438	0.01920	0.01324	0.01590	0.00936	0.01109	0.00777	0.00544	0.00481	0.00153	0.00790	0.00385	0.00267	0.00795

[dist]
# distance from previous block
# <min> <max>
0	33

# created by:
# /home/cegg/simao/soft/augustus-3.2.1/scripts/msa2prfl.pl ./align_prep/EOG090W0LWQ.fa
