[name]
unknown

[dist]
# distance from previous block
# <min> <max>
0	283

[block]
# block no. 0 follows, 32 sequences, length 170
# corresponding to MSA columns:
# 290-459
name=unknown_A
#
# <colnr> <probs for GDERKNQSTAVLIFYWHMCP>
#	G	D	E	R	K	N	Q	S	T	A	V	L	I	F	Y	W	H	M	C	P
0	0.01354	0.01253	0.01895	0.02148	0.19684	0.01521	0.01423	0.01596	0.01214	0.01782	0.01475	0.04868	0.01446	0.01962	0.17495	0.00443	0.31799	0.05516	0.00353	0.00774
1	0.01280	0.00921	0.01160	0.01195	0.01422	0.00939	0.01012	0.06586	0.08844	0.04765	0.05791	0.06224	0.11129	0.01612	0.00855	0.00277	0.00575	0.44058	0.00640	0.00715
2	0.01009	0.00782	0.01197	0.01298	0.06330	0.00893	0.00927	0.01260	0.01111	0.01603	0.01759	0.02566	0.01633	0.04712	0.68479	0.01015	0.01725	0.00710	0.00357	0.00633
3	0.02463	0.01797	0.01940	0.01499	0.02026	0.01969	0.01233	0.60452	0.07813	0.06526	0.01712	0.01690	0.01218	0.00803	0.00666	0.00200	0.00709	0.00610	0.00668	0.04006
4	0.01669	0.01441	0.01517	0.01365	0.01745	0.01669	0.01062	0.03565	0.71021	0.02807	0.02731	0.02503	0.02048	0.00910	0.00683	0.00228	0.00531	0.00759	0.00683	0.01062
5	0.02703	0.01210	0.01700	0.01316	0.01820	0.01106	0.05952	0.03176	0.09871	0.57560	0.02551	0.02281	0.01661	0.00819	0.00678	0.00210	0.00600	0.00692	0.02993	0.01101
6	0.02543	0.03049	0.01877	0.01690	0.02048	0.68470	0.01274	0.02722	0.01903	0.06776	0.01153	0.01288	0.00922	0.00701	0.00610	0.00175	0.01164	0.00450	0.00381	0.00804
7	0.00818	0.00584	0.00779	0.00934	0.00973	0.00545	0.00623	0.00934	0.01285	0.01713	0.03698	0.75981	0.04438	0.02102	0.00856	0.00273	0.00389	0.01908	0.00623	0.00545
8	0.02056	0.01634	0.01735	0.01444	0.01892	0.01850	0.01156	0.32762	0.41194	0.03432	0.02239	0.02111	0.01650	0.00864	0.00678	0.00216	0.00622	0.00691	0.00678	0.01097
9	0.01794	0.76823	0.03516	0.01148	0.01722	0.02655	0.01148	0.02009	0.01363	0.01579	0.00933	0.01076	0.00861	0.00574	0.00431	0.00144	0.00718	0.00359	0.00287	0.00861
10	0.01371	0.01253	0.02025	0.02923	0.46378	0.01229	0.01528	0.01702	0.01555	0.02171	0.12367	0.11003	0.09672	0.00995	0.00718	0.00212	0.00633	0.00921	0.00454	0.00890
11	0.01388	0.03173	0.60586	0.02076	0.03012	0.01583	0.14537	0.02129	0.01447	0.02129	0.01232	0.01487	0.00880	0.00625	0.00665	0.00215	0.01017	0.00549	0.00293	0.00976
12	0.00818	0.00584	0.00779	0.00934	0.00973	0.00545	0.00623	0.00934	0.01285	0.01713	0.03698	0.75981	0.04438	0.02102	0.00856	0.00273	0.00389	0.01908	0.00623	0.00545
13	0.01661	0.01594	0.02724	0.04119	0.72233	0.01594	0.02059	0.02059	0.01528	0.02192	0.01262	0.01661	0.01063	0.00598	0.00664	0.00199	0.00797	0.00598	0.00332	0.01063
14	0.01467	0.23317	0.54158	0.01706	0.02584	0.01855	0.02119	0.02094	0.01402	0.01977	0.01131	0.01325	0.00853	0.00620	0.00581	0.00194	0.00917	0.00459	0.00284	0.00956
15	0.01567	0.01843	0.06212	0.02719	0.03360	0.01718	0.62527	0.02110	0.01538	0.02110	0.01318	0.01772	0.01002	0.00612	0.00888	0.00231	0.06477	0.00767	0.00334	0.00896
16	0.81159	0.01298	0.00986	0.00882	0.01298	0.01505	0.00727	0.01972	0.01142	0.03010	0.00934	0.01090	0.00727	0.00623	0.00415	0.00208	0.00519	0.00363	0.00415	0.00727
17	0.02506	0.03198	0.01901	0.01729	0.02074	0.73725	0.01296	0.02679	0.01901	0.01642	0.01037	0.01210	0.00864	0.00691	0.00605	0.00173	0.01210	0.00432	0.00346	0.00778
18	0.01344	0.01242	0.01974	0.56524	0.08956	0.03661	0.04120	0.01768	0.01389	0.01851	0.01311	0.01842	0.01003	0.00675	0.00650	0.00213	0.00840	0.00602	0.09276	0.00762
19	0.00868	0.00632	0.00842	0.00974	0.01019	0.00619	0.00675	0.00995	0.01279	0.01710	0.03507	0.64260	0.04166	0.06122	0.01047	0.00297	0.02901	0.06941	0.00600	0.00549
20	0.00975	0.00653	0.00745	0.00745	0.00749	0.00657	0.00423	0.00984	0.00980	0.01310	0.02102	0.04326	0.02411	0.73787	0.06008	0.00666	0.00693	0.00966	0.00405	0.00414
21	0.07339	0.04928	0.04225	0.01451	0.01948	0.13760	0.01212	0.36748	0.02455	0.14222	0.04096	0.01711	0.01315	0.00785	0.00639	0.00196	0.00770	0.00580	0.00601	0.01021
22	0.01566	0.00846	0.01176	0.01114	0.01340	0.00782	0.03068	0.04137	0.01564	0.22716	0.03229	0.44906	0.03355	0.01616	0.00799	0.00252	0.00494	0.05607	0.00676	0.00758
23	0.01319	0.01263	0.02023	0.56043	0.03887	0.01636	0.01762	0.01689	0.01261	0.01689	0.01113	0.01706	0.00891	0.00800	0.01064	0.00242	0.19979	0.00594	0.00297	0.00742
24	0.01637	0.01570	0.02681	0.08334	0.68202	0.01588	0.02048	0.02039	0.01517	0.02164	0.01258	0.01668	0.01053	0.00602	0.00665	0.00201	0.00803	0.00598	0.00330	0.01044
25	0.00960	0.00713	0.01046	0.01046	0.01155	0.00821	0.00798	0.01177	0.01069	0.01534	0.01827	0.02800	0.01749	0.11694	0.67196	0.01038	0.01690	0.00743	0.00364	0.00581
26	0.01453	0.21088	0.56268	0.01729	0.02620	0.01822	0.02159	0.02097	0.01404	0.01994	0.01139	0.01335	0.00853	0.00622	0.00588	0.00196	0.00926	0.00463	0.00284	0.00960
27	0.01776	0.73970	0.06216	0.01178	0.01768	0.02612	0.01200	0.02014	0.01365	0.01600	0.00943	0.01090	0.00861	0.00577	0.00439	0.00146	0.00728	0.00364	0.00287	0.00866
28	0.03010	0.01142	0.01557	0.01194	0.01713	0.00986	0.00986	0.03270	0.01920	0.72698	0.02647	0.02284	0.01661	0.00830	0.00675	0.00208	0.00571	0.00675	0.00830	0.01142
29	0.01359	0.00794	0.00967	0.00885	0.01154	0.00696	0.00697	0.01598	0.01712	0.18103	0.21864	0.05245	0.33814	0.01434	0.00777	0.00225	0.00410	0.06850	0.00699	0.00718
30	0.02377	0.02567	0.01969	0.01674	0.02075	0.42831	0.03739	0.22787	0.04516	0.02478	0.01425	0.01543	0.02883	0.00772	0.00695	0.00191	0.03584	0.00539	0.00460	0.00894
31	0.01209	0.00623	0.00640	0.00653	0.00795	0.00620	0.00479	0.01498	0.01385	0.02406	0.02305	0.08312	0.01953	0.03005	0.00582	0.00179	0.00328	0.00736	0.71678	0.00613
32	0.00959	0.00719	0.01078	0.01078	0.01198	0.00839	0.00839	0.01198	0.01078	0.01558	0.01797	0.02636	0.01677	0.05032	0.73760	0.01078	0.01797	0.00719	0.00359	0.00599
33	0.01930	0.01571	0.01664	0.01418	0.01844	0.01791	0.01125	0.23248	0.50913	0.03228	0.02399	0.02239	0.01779	0.00879	0.00679	0.00220	0.00592	0.00713	0.00679	0.01085
34	0.01661	0.01594	0.02724	0.04119	0.72233	0.01594	0.02059	0.02059	0.01528	0.02192	0.01262	0.01661	0.01063	0.00598	0.00664	0.00199	0.00797	0.00598	0.00332	0.01063
35	0.02956	0.01126	0.01528	0.01176	0.01684	0.00975	0.00970	0.03217	0.01904	0.70509	0.02633	0.02291	0.01663	0.00829	0.00668	0.00206	0.00563	0.00673	0.03304	0.01126
36	0.00793	0.00680	0.00680	0.00680	0.00906	0.00566	0.00510	0.00963	0.01529	0.01813	0.06797	0.06457	0.71961	0.01699	0.00793	0.00227	0.00340	0.01416	0.00623	0.00566
37	0.00815	0.00687	0.00710	0.00722	0.00943	0.00582	0.00553	0.00995	0.01531	0.01827	0.06553	0.06541	0.66839	0.01711	0.00803	0.00233	0.00361	0.06403	0.00623	0.00570
38	0.01661	0.01594	0.02724	0.04119	0.72233	0.01594	0.02059	0.02059	0.01528	0.02192	0.01262	0.01661	0.01063	0.00598	0.00664	0.00199	0.00797	0.00598	0.00332	0.01063
39	0.02506	0.03198	0.01901	0.01729	0.02074	0.73725	0.01296	0.02679	0.01901	0.01642	0.01037	0.01210	0.00864	0.00691	0.00605	0.00173	0.01210	0.00432	0.00346	0.00778
40	0.01426	0.01213	0.01410	0.01010	0.01605	0.00930	0.00810	0.03758	0.01445	0.02248	0.01205	0.01398	0.00998	0.00506	0.00502	0.00102	0.00504	0.00404	0.00406	0.78117
41	0.07614	0.11735	0.01915	0.01436	0.01852	0.23803	0.01147	0.11000	0.27886	0.02479	0.01722	0.01718	0.01332	0.00767	0.00606	0.00196	0.00786	0.00561	0.00509	0.00936
42	0.01641	0.01806	0.01962	0.01658	0.02006	0.25025	0.16685	0.02003	0.03760	0.02063	0.15517	0.03458	0.06528	0.01048	0.00749	0.00219	0.00854	0.11778	0.00490	0.00749
43	0.02577	0.01155	0.01513	0.01140	0.01680	0.00962	0.00935	0.02847	0.01779	0.53804	0.02257	0.02045	0.01482	0.00741	0.00627	0.00179	0.00551	0.00600	0.00714	0.22411
44	0.01499	0.01322	0.01598	0.01424	0.01723	0.01523	0.05173	0.02826	0.47517	0.02454	0.02610	0.14712	0.02262	0.01119	0.00883	0.00242	0.08638	0.00935	0.00610	0.00930
45	0.00959	0.00719	0.01078	0.01078	0.01198	0.00839	0.00839	0.01198	0.01078	0.01558	0.01797	0.02636	0.01677	0.05032	0.73760	0.01078	0.01797	0.00719	0.00359	0.00599
46	0.00975	0.00653	0.00746	0.00746	0.00750	0.00658	0.00424	0.00985	0.00980	0.01311	0.02102	0.04321	0.02409	0.73589	0.06204	0.00667	0.00696	0.00966	0.00405	0.00414
47	0.01669	0.01441	0.01517	0.01365	0.01745	0.01669	0.01062	0.03565	0.71021	0.02807	0.02731	0.02503	0.02048	0.00910	0.00683	0.00228	0.00531	0.00759	0.00683	0.01062
48	0.02506	0.03198	0.01901	0.01729	0.02074	0.73725	0.01296	0.02679	0.01901	0.01642	0.01037	0.01210	0.00864	0.00691	0.00605	0.00173	0.01210	0.00432	0.00346	0.00778
49	0.01267	0.01193	0.02013	0.74806	0.04621	0.01491	0.01863	0.01714	0.01342	0.01714	0.01193	0.01789	0.00894	0.00671	0.00671	0.00224	0.00894	0.00596	0.00298	0.00745
50	0.03010	0.01142	0.01557	0.01194	0.01713	0.00986	0.00986	0.03270	0.01920	0.72698	0.02647	0.02284	0.01661	0.00830	0.00675	0.00208	0.00571	0.00675	0.00830	0.01142
51	0.00818	0.00584	0.00779	0.00934	0.00973	0.00545	0.00623	0.00934	0.01285	0.01713	0.03698	0.75981	0.04438	0.02102	0.00856	0.00273	0.00389	0.01908	0.00623	0.00545
52	0.01335	0.00707	0.00716	0.00685	0.00866	0.00720	0.00522	0.06019	0.01521	0.02614	0.02151	0.02444	0.01682	0.00783	0.00482	0.00159	0.00340	0.00624	0.74969	0.00659
53	0.01418	0.01419	0.01704	0.01525	0.01607	0.10176	0.01233	0.01599	0.01149	0.01599	0.01212	0.01836	0.01151	0.02433	0.26421	0.00547	0.41345	0.00614	0.00322	0.00693
54	0.00814	0.00598	0.00764	0.00896	0.00963	0.00548	0.00606	0.00939	0.01322	0.01728	0.04165	0.65510	0.14607	0.02041	0.00847	0.00266	0.00382	0.01833	0.00623	0.00548
55	0.01661	0.01594	0.02724	0.04119	0.72233	0.01594	0.02059	0.02059	0.01528	0.02192	0.01262	0.01661	0.01063	0.00598	0.00664	0.00199	0.00797	0.00598	0.00332	0.01063
56	0.00877	0.00627	0.00847	0.01002	0.01068	0.00596	0.00727	0.01037	0.01343	0.01780	0.03665	0.60508	0.04308	0.02046	0.00872	0.00281	0.00441	0.16792	0.00622	0.00561
57	0.01629	0.01476	0.02485	0.03688	0.62409	0.01466	0.01875	0.01995	0.01519	0.04886	0.01558	0.09071	0.01422	0.00756	0.00684	0.00207	0.00748	0.00731	0.00380	0.01014
58	0.01294	0.01220	0.02061	0.69987	0.09231	0.01498	0.01877	0.01738	0.01354	0.01747	0.01197	0.01780	0.00906	0.00666	0.00670	0.00222	0.00888	0.00596	0.00300	0.00767
59	0.01137	0.00599	0.00890	0.00890	0.00903	0.00612	0.00603	0.00911	0.00899	0.01211	0.01265	0.02186	0.01264	0.05279	0.10018	0.69380	0.00711	0.00611	0.00303	0.00327
60	0.01465	0.22916	0.54537	0.01710	0.02591	0.01849	0.02126	0.02094	0.01403	0.01980	0.01132	0.01326	0.00853	0.00621	0.00583	0.00194	0.00919	0.00459	0.00284	0.00957
61	0.02209	0.01417	0.01918	0.01508	0.01966	0.01432	0.10545	0.27448	0.04311	0.22722	0.02275	0.15176	0.01888	0.01015	0.00722	0.00220	0.00677	0.00888	0.00662	0.01000
62	0.02353	0.01445	0.01642	0.01305	0.01761	0.01520	0.01062	0.34154	0.10353	0.22041	0.06875	0.02200	0.01787	0.00861	0.00665	0.00203	0.00605	0.00684	0.07430	0.01054
63	0.01391	0.00760	0.00775	0.00724	0.00922	0.00782	0.00556	0.08932	0.01595	0.02688	0.02127	0.02406	0.01658	0.00784	0.00491	0.00161	0.00359	0.00623	0.71586	0.00681
64	0.01552	0.01647	0.03082	0.02383	0.05609	0.03418	0.45506	0.02310	0.14517	0.02246	0.03905	0.07320	0.01613	0.00769	0.00766	0.00227	0.00930	0.00861	0.00436	0.00903
65	0.01794	0.76823	0.03516	0.01148	0.01722	0.02655	0.01148	0.02009	0.01363	0.01579	0.00933	0.01076	0.00861	0.00574	0.00431	0.00144	0.00718	0.00359	0.00287	0.00861
66	0.01334	0.00706	0.00714	0.00684	0.00865	0.00719	0.00521	0.05942	0.01519	0.02612	0.02152	0.02445	0.01683	0.00783	0.00482	0.00159	0.00340	0.00624	0.75058	0.00658
67	0.01282	0.01207	0.02039	0.72200	0.07114	0.01495	0.01871	0.01727	0.01349	0.01732	0.01195	0.01784	0.00901	0.00668	0.00671	0.00223	0.00891	0.00596	0.00299	0.00757
68	0.01269	0.01177	0.01969	0.69655	0.04386	0.01472	0.01801	0.01678	0.01314	0.01690	0.01182	0.01789	0.00905	0.00752	0.00795	0.03407	0.03140	0.00595	0.00298	0.00727
69	0.03010	0.01142	0.01557	0.01194	0.01713	0.00986	0.00986	0.03270	0.01920	0.72698	0.02647	0.02284	0.01661	0.00830	0.00675	0.00208	0.00571	0.00675	0.00830	0.01142
70	0.00818	0.00584	0.00779	0.00934	0.00973	0.00545	0.00623	0.00934	0.01285	0.01713	0.03698	0.75981	0.04438	0.02102	0.00856	0.00273	0.00389	0.01908	0.00623	0.00545
71	0.01794	0.76823	0.03516	0.01148	0.01722	0.02655	0.01148	0.02009	0.01363	0.01579	0.00933	0.01076	0.00861	0.00574	0.00431	0.00144	0.00718	0.00359	0.00287	0.00861
72	0.00939	0.00717	0.00887	0.00964	0.01141	0.00665	0.00790	0.01179	0.01546	0.01957	0.09555	0.11368	0.31635	0.01774	0.00859	0.00267	0.00470	0.32067	0.00629	0.00593
73	0.01763	0.71781	0.08288	0.01201	0.01803	0.02580	0.01240	0.02017	0.01367	0.01616	0.00951	0.01100	0.00860	0.00578	0.00445	0.00148	0.00736	0.00368	0.00287	0.00870
74	0.08699	0.01678	0.01774	0.01369	0.01898	0.10315	0.05655	0.20313	0.03904	0.07260	0.01411	0.01519	0.01069	0.00652	0.00586	0.00164	0.00700	0.00509	0.00498	0.30029
75	0.05092	0.02337	0.01551	0.01406	0.01726	0.45729	0.01066	0.04217	0.06373	0.04544	0.01472	0.01625	0.01162	0.00731	0.00577	0.00176	0.00907	0.00507	0.18020	0.00783
76	0.00897	0.00697	0.01058	0.01098	0.01194	0.00654	0.06527	0.01054	0.01307	0.01745	0.03438	0.64978	0.04057	0.04607	0.00944	0.00283	0.00469	0.03831	0.00591	0.00573
77	0.00924	0.00673	0.00873	0.00875	0.01017	0.00622	0.00653	0.01193	0.01738	0.02405	0.50286	0.18004	0.10564	0.01559	0.00812	0.00230	0.00352	0.05906	0.00701	0.00611
78	0.01661	0.01594	0.02724	0.04119	0.72233	0.01594	0.02059	0.02059	0.01528	0.02192	0.01262	0.01661	0.01063	0.00598	0.00664	0.00199	0.00797	0.00598	0.00332	0.01063
79	0.73759	0.01283	0.01040	0.00912	0.01337	0.01456	0.00751	0.02095	0.01216	0.09609	0.01096	0.01203	0.00815	0.00643	0.00440	0.00208	0.00524	0.00393	0.00455	0.00766
80	0.01468	0.01468	0.02055	0.01762	0.01762	0.02055	0.01468	0.01615	0.01028	0.01615	0.00881	0.01468	0.00881	0.01174	0.02202	0.00294	0.75191	0.00587	0.00294	0.00734
81	0.00976	0.00651	0.00732	0.00732	0.00732	0.00651	0.00407	0.00976	0.00976	0.01301	0.02114	0.04391	0.02439	0.76419	0.03415	0.00651	0.00651	0.00976	0.00407	0.00407
82	0.00976	0.00651	0.00732	0.00732	0.00732	0.00651	0.00407	0.00976	0.00976	0.01301	0.02114	0.04391	0.02439	0.76419	0.03415	0.00651	0.00651	0.00976	0.00407	0.00407
83	0.00818	0.00584	0.00779	0.00934	0.00973	0.00545	0.00623	0.00934	0.01285	0.01713	0.03698	0.75981	0.04438	0.02102	0.00856	0.00273	0.00389	0.01908	0.00623	0.00545
84	0.81159	0.01298	0.00986	0.00882	0.01298	0.01505	0.00727	0.01972	0.01142	0.03010	0.00934	0.01090	0.00727	0.00623	0.00415	0.00208	0.00519	0.00363	0.00415	0.00727
85	0.01292	0.01353	0.02749	0.02093	0.02543	0.01263	0.43617	0.01692	0.01488	0.01991	0.02467	0.24849	0.07190	0.01118	0.00812	0.00240	0.00847	0.01178	0.00447	0.00770
86	0.09360	0.01239	0.01503	0.01177	0.01656	0.01193	0.00967	0.14989	0.02028	0.47863	0.02273	0.02083	0.01494	0.00804	0.00633	0.00202	0.00572	0.00631	0.08277	0.01058
87	0.00818	0.00584	0.00779	0.00934	0.00973	0.00545	0.00623	0.00934	0.01285	0.01713	0.03698	0.75981	0.04438	0.02102	0.00856	0.00273	0.00389	0.01908	0.00623	0.00545
88	0.01028	0.00794	0.01130	0.01140	0.01296	0.00772	0.05263	0.03530	0.03974	0.02045	0.11368	0.40266	0.06514	0.01763	0.00846	0.00265	0.00495	0.16257	0.00620	0.00634
89	0.06551	0.03272	0.65866	0.01877	0.02820	0.01560	0.04698	0.02116	0.01405	0.02183	0.01192	0.01409	0.00848	0.00634	0.00628	0.00213	0.00966	0.00497	0.00294	0.00971
90	0.01001	0.00752	0.00958	0.01067	0.01199	0.00749	0.00824	0.01384	0.08958	0.01945	0.03803	0.37862	0.09676	0.01851	0.00857	0.00277	0.00482	0.25099	0.00628	0.00629
91	0.01500	0.28717	0.49047	0.01649	0.02497	0.01936	0.02021	0.02085	0.01398	0.01937	0.01111	0.01300	0.00854	0.00616	0.00566	0.00189	0.00897	0.00449	0.00285	0.00947
92	0.01629	0.01539	0.01278	0.01212	0.01442	0.21725	0.00909	0.11377	0.01746	0.02170	0.02369	0.23821	0.04343	0.01498	0.05746	0.00272	0.00764	0.02847	0.12598	0.00715
93	0.00983	0.00725	0.01006	0.00995	0.01073	0.00825	0.00726	0.01144	0.01044	0.01479	0.01863	0.03144	0.01887	0.27287	0.49052	0.00915	0.04143	0.00795	0.00372	0.00544
94	0.01794	0.76823	0.03516	0.01148	0.01722	0.02655	0.01148	0.02009	0.01363	0.01579	0.00933	0.01076	0.00861	0.00574	0.00431	0.00144	0.00718	0.00359	0.00287	0.00861
95	0.01346	0.03471	0.72942	0.01912	0.02904	0.01558	0.02479	0.02125	0.01417	0.02125	0.01204	0.01417	0.00850	0.00637	0.00637	0.00212	0.00992	0.00496	0.00283	0.00992
96	0.02976	0.01197	0.01591	0.01220	0.01740	0.01068	0.01008	0.08268	0.02013	0.67570	0.02570	0.02233	0.01622	0.00829	0.00674	0.00207	0.00583	0.00669	0.00819	0.01142
97	0.00833	0.00681	0.00736	0.00722	0.00931	0.00584	0.00542	0.01041	0.01625	0.02039	0.23586	0.06085	0.55031	0.01615	0.00793	0.00223	0.00334	0.01364	0.00653	0.00584
98	0.01661	0.01594	0.02724	0.04119	0.72233	0.01594	0.02059	0.02059	0.01528	0.02192	0.01262	0.01661	0.01063	0.00598	0.00664	0.00199	0.00797	0.00598	0.00332	0.01063
99	0.01435	0.01419	0.01991	0.01717	0.01725	0.01976	0.01427	0.01588	0.01031	0.01611	0.00941	0.01544	0.00933	0.01426	0.06876	0.00345	0.70397	0.00596	0.00298	0.00725
100	0.00818	0.00584	0.00779	0.00934	0.00973	0.00545	0.00623	0.00934	0.01285	0.01713	0.03698	0.75981	0.04438	0.02102	0.00856	0.00273	0.00389	0.01908	0.00623	0.00545
101	0.01491	0.01624	0.03360	0.05283	0.03127	0.01598	0.52948	0.01978	0.01513	0.02059	0.01584	0.04909	0.01370	0.00788	0.00921	0.00241	0.07365	0.06626	0.00368	0.00847
102	0.01249	0.01173	0.01962	0.71973	0.04479	0.01455	0.01812	0.01686	0.01349	0.01718	0.01407	0.01967	0.03611	0.00710	0.00676	0.00224	0.00873	0.00628	0.00311	0.00739
103	0.03010	0.01142	0.01557	0.01194	0.01713	0.00986	0.00986	0.03270	0.01920	0.72698	0.02647	0.02284	0.01661	0.00830	0.00675	0.00208	0.00571	0.00675	0.00830	0.01142
104	0.01493	0.01500	0.01530	0.01341	0.01549	0.18372	0.05898	0.04326	0.01583	0.01984	0.19678	0.02952	0.02649	0.13247	0.10164	0.00386	0.09400	0.00804	0.00465	0.00679
105	0.01794	0.76823	0.03516	0.01148	0.01722	0.02655	0.01148	0.02009	0.01363	0.01579	0.00933	0.01076	0.00861	0.00574	0.00431	0.00144	0.00718	0.00359	0.00287	0.00861
106	0.00818	0.00584	0.00779	0.00934	0.00973	0.00545	0.00623	0.00934	0.01285	0.01713	0.03698	0.75981	0.04438	0.02102	0.00856	0.00273	0.00389	0.01908	0.00623	0.00545
107	0.08546	0.01330	0.01626	0.01255	0.01771	0.01287	0.01037	0.19209	0.02161	0.51211	0.02274	0.02036	0.01469	0.00809	0.00655	0.00206	0.00607	0.00635	0.00762	0.01112
108	0.01618	0.01550	0.02646	0.11867	0.64822	0.01583	0.02038	0.02021	0.01507	0.02140	0.01255	0.01675	0.01044	0.00606	0.00665	0.00202	0.00808	0.00598	0.00328	0.01028
109	0.01377	0.08593	0.68095	0.01859	0.02822	0.01635	0.02386	0.02117	0.01413	0.02087	0.01185	0.01393	0.00851	0.00633	0.00623	0.00208	0.00973	0.00486	0.00284	0.00983
110	0.01584	0.01810	0.03959	0.02828	0.03507	0.01697	0.69796	0.02149	0.01584	0.02149	0.01357	0.01810	0.01018	0.00566	0.00792	0.00226	0.01131	0.00792	0.00339	0.00905
111	0.01661	0.01594	0.02724	0.04119	0.72233	0.01594	0.02059	0.02059	0.01528	0.02192	0.01262	0.01661	0.01063	0.00598	0.00664	0.00199	0.00797	0.00598	0.00332	0.01063
112	0.00955	0.00804	0.01348	0.01274	0.01427	0.00751	0.13014	0.01152	0.01338	0.01791	0.03279	0.62695	0.03825	0.01827	0.00845	0.00264	0.00522	0.01708	0.00572	0.00609
113	0.02506	0.03198	0.01901	0.01729	0.02074	0.73725	0.01296	0.02679	0.01901	0.01642	0.01037	0.01210	0.00864	0.00691	0.00605	0.00173	0.01210	0.00432	0.00346	0.00778
114	0.00971	0.00670	0.00832	0.00832	0.00866	0.00705	0.00531	0.01040	0.01005	0.01375	0.02023	0.03885	0.02220	0.55846	0.23687	0.00774	0.00981	0.00902	0.00393	0.00462
115	0.81159	0.01298	0.00986	0.00882	0.01298	0.01505	0.00727	0.01972	0.01142	0.03010	0.00934	0.01090	0.00727	0.00623	0.00415	0.00208	0.00519	0.00363	0.00415	0.00727
116	0.01794	0.76823	0.03516	0.01148	0.01722	0.02655	0.01148	0.02009	0.01363	0.01579	0.00933	0.01076	0.00861	0.00574	0.00431	0.00144	0.00718	0.00359	0.00287	0.00861
117	0.01810	0.68906	0.08196	0.01202	0.01803	0.02516	0.01233	0.02065	0.01388	0.04334	0.01017	0.01146	0.00891	0.00588	0.00454	0.00151	0.00731	0.00380	0.00308	0.00881
118	0.00844	0.00692	0.00751	0.00766	0.00977	0.00599	0.00594	0.01045	0.01564	0.01915	0.12130	0.06473	0.57386	0.01690	0.00810	0.00236	0.00374	0.09942	0.00633	0.00579
119	0.05306	0.01278	0.01519	0.01257	0.01711	0.01303	0.01010	0.03351	0.32019	0.39657	0.02621	0.02336	0.01795	0.00858	0.00669	0.00216	0.00552	0.00700	0.00751	0.01092
120	0.05185	0.01527	0.01693	0.01341	0.01802	0.01629	0.01092	0.44734	0.02578	0.16493	0.01994	0.08058	0.01541	0.00911	0.00665	0.00206	0.00641	0.00720	0.06149	0.01041
121	0.01407	0.01419	0.02881	0.02138	0.02638	0.01323	0.45355	0.01864	0.01642	0.04335	0.17412	0.07647	0.04905	0.00894	0.00793	0.00225	0.00857	0.00978	0.00472	0.00816
122	0.00817	0.00587	0.00775	0.00926	0.00971	0.00546	0.00619	0.00935	0.01292	0.01716	0.03796	0.73784	0.06572	0.02089	0.00854	0.00271	0.00388	0.01892	0.00623	0.00546
123	0.01267	0.01193	0.02013	0.74806	0.04621	0.01491	0.01863	0.01714	0.01342	0.01714	0.01193	0.01789	0.00894	0.00671	0.00671	0.00224	0.00894	0.00596	0.00298	0.00745
124	0.01408	0.01049	0.01682	0.01435	0.01743	0.01001	0.15784	0.04006	0.06002	0.11319	0.03186	0.29721	0.09111	0.01420	0.00803	0.00248	0.00614	0.08110	0.00593	0.00764
125	0.02936	0.01125	0.01533	0.01181	0.01687	0.00973	0.00973	0.03198	0.01920	0.70177	0.05141	0.02382	0.01829	0.00850	0.00679	0.00208	0.00562	0.00694	0.00827	0.01124
126	0.01283	0.01209	0.02041	0.72004	0.07301	0.01495	0.01871	0.01728	0.01349	0.01733	0.01195	0.01784	0.00901	0.00668	0.00671	0.00223	0.00891	0.00596	0.00299	0.00758
127	0.01661	0.01594	0.02724	0.04119	0.72233	0.01594	0.02059	0.02059	0.01528	0.02192	0.01262	0.01661	0.01063	0.00598	0.00664	0.00199	0.00797	0.00598	0.00332	0.01063
128	0.01571	0.01503	0.02562	0.20219	0.56833	0.01571	0.02015	0.01981	0.01485	0.02083	0.01246	0.01690	0.01024	0.00614	0.00666	0.00205	0.00819	0.00597	0.00324	0.00991
129	0.01267	0.01173	0.01964	0.72235	0.04488	0.01461	0.01815	0.01709	0.01344	0.01742	0.01227	0.01814	0.00923	0.00675	0.00664	0.00221	0.00874	0.00597	0.03065	0.00741
130	0.01091	0.00610	0.00818	0.00818	0.00818	0.00610	0.00513	0.00914	0.00914	0.01219	0.01540	0.02969	0.01669	0.31606	0.02936	0.48935	0.00610	0.00738	0.00337	0.00337
131	0.02263	0.02576	0.02420	0.01963	0.02422	0.42722	0.18873	0.10174	0.04126	0.04221	0.01285	0.01482	0.00996	0.00683	0.00665	0.00193	0.01096	0.00561	0.00406	0.00871
132	0.00864	0.00656	0.00797	0.00830	0.00974	0.00589	0.00603	0.01073	0.01586	0.02096	0.28566	0.26813	0.26785	0.01710	0.00815	0.00237	0.00355	0.03404	0.00663	0.00585
133	0.01330	0.01337	0.02588	0.16242	0.09779	0.01336	0.30693	0.01742	0.01463	0.01964	0.01966	0.18692	0.01927	0.01007	0.00778	0.00238	0.00858	0.04856	0.00410	0.00793
134	0.01346	0.03471	0.72942	0.01912	0.02904	0.01558	0.02479	0.02125	0.01417	0.02125	0.01204	0.01417	0.00850	0.00637	0.00637	0.00212	0.00992	0.00496	0.00283	0.00992
135	0.01346	0.03471	0.72942	0.01912	0.02904	0.01558	0.02479	0.02125	0.01417	0.02125	0.01204	0.01417	0.00850	0.00637	0.00637	0.00212	0.00992	0.00496	0.00283	0.00992
136	0.01641	0.01650	0.03041	0.03787	0.54579	0.01621	0.19459	0.02082	0.01542	0.02181	0.01287	0.01699	0.01051	0.00590	0.00697	0.00206	0.00883	0.00648	0.00334	0.01022
137	0.01267	0.01193	0.02013	0.74806	0.04621	0.01491	0.01863	0.01714	0.01342	0.01714	0.01193	0.01789	0.00894	0.00671	0.00671	0.00224	0.00894	0.00596	0.00298	0.00745
138	0.00798	0.00677	0.00689	0.00692	0.00911	0.00568	0.00517	0.00971	0.01533	0.01835	0.08600	0.08528	0.67996	0.01702	0.00795	0.00228	0.00341	0.01425	0.00626	0.00568
139	0.02376	0.01377	0.01678	0.01332	0.01759	0.05964	0.05608	0.13524	0.04249	0.34049	0.02118	0.02075	0.01464	0.00812	0.00724	0.00202	0.04624	0.00645	0.14432	0.00988
140	0.01584	0.01810	0.03959	0.02828	0.03507	0.01697	0.69796	0.02149	0.01584	0.02149	0.01357	0.01810	0.01018	0.00566	0.00792	0.00226	0.01131	0.00792	0.00339	0.00905
141	0.01432	0.17536	0.59629	0.01766	0.02677	0.01769	0.02224	0.02103	0.01406	0.02020	0.01152	0.01351	0.00852	0.00625	0.00598	0.00199	0.00939	0.00470	0.00284	0.00967
142	0.00793	0.00680	0.00680	0.00680	0.00906	0.00566	0.00510	0.00963	0.01529	0.01813	0.06797	0.06457	0.71961	0.01699	0.00793	0.00227	0.00340	0.01416	0.00623	0.00566
143	0.01363	0.06323	0.70243	0.01883	0.02858	0.01601	0.02427	0.02120	0.01415	0.02104	0.01194	0.01403	0.00850	0.00635	0.00629	0.00210	0.00981	0.00490	0.00283	0.00987
144	0.00818	0.00584	0.00779	0.00934	0.00973	0.00545	0.00623	0.00934	0.01285	0.01713	0.03698	0.75981	0.04438	0.02102	0.00856	0.00273	0.00389	0.01908	0.00623	0.00545
145	0.01479	0.01637	0.03470	0.02540	0.03109	0.01560	0.58138	0.01970	0.01523	0.02072	0.01645	0.11498	0.01460	0.00790	0.00854	0.00235	0.03865	0.00930	0.00375	0.00851
146	0.02191	0.01701	0.01811	0.01471	0.01944	0.01913	0.01188	0.42914	0.30823	0.03649	0.02068	0.01975	0.01511	0.00848	0.00676	0.00212	0.00654	0.00667	0.00676	0.01109
147	0.00984	0.00745	0.01094	0.01089	0.01218	0.00868	0.00847	0.01282	0.03557	0.01602	0.01830	0.02631	0.01691	0.04886	0.71170	0.01048	0.01752	0.00720	0.00371	0.00615
148	0.00821	0.00594	0.00776	0.00914	0.00970	0.00550	0.00616	0.00948	0.01323	0.01755	0.06361	0.68784	0.09014	0.02049	0.00850	0.00267	0.00383	0.01850	0.00627	0.00550
149	0.02445	0.03022	0.01876	0.01695	0.02050	0.65943	0.01278	0.04977	0.07130	0.01815	0.01183	0.01320	0.00962	0.00712	0.00613	0.00178	0.01143	0.00462	0.00382	0.00811
150	0.03884	0.01401	0.02508	0.43397	0.18959	0.01553	0.14897	0.01881	0.01422	0.01941	0.01231	0.01744	0.00949	0.00633	0.00685	0.00218	0.00907	0.00627	0.00317	0.00844
151	0.00818	0.00584	0.00779	0.00934	0.00973	0.00545	0.00623	0.00934	0.01285	0.01713	0.03698	0.75981	0.04438	0.02102	0.00856	0.00273	0.00389	0.01908	0.00623	0.00545
152	0.00819	0.00674	0.00724	0.00751	0.00948	0.00579	0.00563	0.00996	0.01513	0.01842	0.08374	0.14979	0.57294	0.01747	0.00809	0.00237	0.00362	0.05593	0.00627	0.00569
153	0.01604	0.01479	0.04492	0.11808	0.19904	0.08867	0.01376	0.03862	0.03768	0.08591	0.13464	0.02832	0.10759	0.00936	0.00747	0.00210	0.03162	0.00789	0.00493	0.00855
154	0.03916	0.14875	0.52119	0.04556	0.02646	0.04460	0.02091	0.02082	0.01429	0.02048	0.03202	0.01464	0.01010	0.00652	0.00602	0.00200	0.00918	0.00492	0.00304	0.00935
155	0.01794	0.76823	0.03516	0.01148	0.01722	0.02655	0.01148	0.02009	0.01363	0.01579	0.00933	0.01076	0.00861	0.00574	0.00431	0.00144	0.00718	0.00359	0.00287	0.00861
156	0.01793	0.01035	0.01446	0.05946	0.07171	0.01025	0.01156	0.02247	0.08284	0.24386	0.02872	0.07031	0.02617	0.01280	0.00785	0.00254	0.00617	0.28537	0.00650	0.00865
157	0.04099	0.14803	0.41912	0.01992	0.07420	0.01720	0.11799	0.02057	0.01435	0.02062	0.01384	0.01610	0.03508	0.00653	0.00626	0.00203	0.00914	0.00553	0.00312	0.00938
158	0.01868	0.01829	0.01975	0.36744	0.07340	0.21183	0.01581	0.08226	0.04412	0.06526	0.01344	0.01668	0.01012	0.00704	0.00653	0.00206	0.00926	0.00564	0.00395	0.00845
159	0.01653	0.01666	0.02561	0.32023	0.05554	0.09136	0.21860	0.10711	0.01709	0.02173	0.01360	0.04031	0.01076	0.00702	0.00706	0.00217	0.00959	0.00679	0.00374	0.00850
160	0.00834	0.00636	0.00768	0.00844	0.00966	0.00570	0.00599	0.01000	0.01455	0.01879	0.13346	0.40820	0.28127	0.01863	0.00828	0.00250	0.00370	0.03643	0.00637	0.00566
161	0.02408	0.01934	0.17319	0.01581	0.04419	0.08497	0.03928	0.04760	0.05872	0.39240	0.02054	0.01943	0.01369	0.00761	0.00664	0.00207	0.00757	0.00616	0.00615	0.01057
162	0.04220	0.04760	0.09119	0.05036	0.28102	0.08010	0.01607	0.12559	0.03808	0.08984	0.01710	0.03724	0.03893	0.00755	0.00653	0.00202	0.00780	0.00634	0.00455	0.00989
163	0.00917	0.00624	0.00818	0.00917	0.01001	0.00575	0.00631	0.01069	0.01404	0.04560	0.12764	0.59659	0.08681	0.01934	0.00837	0.00259	0.00384	0.01740	0.00646	0.00581
164	0.01605	0.01604	0.04786	0.12124	0.47991	0.01584	0.09036	0.04043	0.04212	0.02206	0.01397	0.01891	0.01155	0.00660	0.00686	0.00210	0.00832	0.02625	0.00359	0.00995
165	0.01326	0.04505	0.17443	0.01532	0.06414	0.03965	0.05296	0.06273	0.01564	0.04133	0.04848	0.24724	0.10702	0.01352	0.02609	0.00249	0.00696	0.01089	0.00494	0.00786
166	0.06624	0.20043	0.20380	0.01897	0.06953	0.10342	0.13366	0.06789	0.01599	0.02148	0.01162	0.01388	0.00914	0.00620	0.00598	0.00189	0.00903	0.00510	0.00342	0.03233
167	0.07290	0.16320	0.27273	0.01650	0.02298	0.14111	0.07363	0.06794	0.01608	0.02160	0.01262	0.01586	0.01012	0.00685	0.00597	0.00194	0.00903	0.02715	0.03290	0.00890
168	0.14899	0.06163	0.01614	0.01276	0.01679	0.15456	0.01015	0.16089	0.15259	0.05109	0.01936	0.02029	0.05476	0.03745	0.00708	0.00213	0.00700	0.00607	0.02844	0.03183
169	0.01587	0.09180	0.08582	0.03286	0.04285	0.10102	0.03133	0.04065	0.08434	0.08309	0.04636	0.17708	0.06818	0.03496	0.00785	0.00232	0.00682	0.03354	0.00518	0.00808

[dist]
# distance from previous block
# <min> <max>
0	24

[block]
# block no. 1 follows, 32 sequences, length 111
# corresponding to MSA columns:
# 484-498,502-597
name=unknown_B
#
# <colnr> <probs for GDERKNQSTAVLIFYWHMCP>
#	G	D	E	R	K	N	Q	S	T	A	V	L	I	F	Y	W	H	M	C	P
0	0.01206	0.01068	0.06452	0.01309	0.08215	0.00895	0.00931	0.01596	0.08147	0.06443	0.08164	0.24167	0.13790	0.10279	0.01068	0.00279	0.00521	0.01192	0.00562	0.03714
1	0.01804	0.01932	0.12196	0.04915	0.23285	0.08329	0.15422	0.04290	0.03879	0.10426	0.01789	0.01994	0.05195	0.00715	0.00690	0.00208	0.00870	0.00669	0.00424	0.00967
2	0.01783	0.27759	0.17231	0.09911	0.04709	0.04123	0.06882	0.06935	0.01596	0.08776	0.01452	0.01622	0.03102	0.00676	0.00593	0.00189	0.00820	0.00537	0.00384	0.00920
3	0.01745	0.01484	0.02279	0.11212	0.41028	0.03953	0.03836	0.04897	0.04226	0.09050	0.01735	0.04106	0.03597	0.00737	0.00673	0.00206	0.00757	0.00678	0.02825	0.00978
4	0.01504	0.01200	0.01886	0.11206	0.10146	0.01192	0.12431	0.08417	0.01786	0.09251	0.16842	0.03364	0.15857	0.01015	0.00739	0.00216	0.00651	0.00921	0.00550	0.00828
5	0.01521	0.01762	0.15681	0.08895	0.04691	0.01448	0.17263	0.08663	0.06040	0.04547	0.01952	0.07882	0.01752	0.00974	0.00799	0.00238	0.03409	0.11150	0.00456	0.00876
6	0.01462	0.07870	0.56357	0.02092	0.09390	0.01658	0.04834	0.04872	0.01501	0.02183	0.01215	0.01441	0.00889	0.00634	0.00634	0.00207	0.00951	0.00512	0.00306	0.00993
7	0.00859	0.00673	0.00742	0.00743	0.00934	0.00592	0.00553	0.01064	0.01559	0.02006	0.18734	0.10673	0.47525	0.01746	0.03745	0.00257	0.00396	0.01337	0.05279	0.00583
8	0.01331	0.03356	0.70006	0.01864	0.02816	0.01521	0.02395	0.02078	0.01399	0.02091	0.01241	0.01538	0.00915	0.03719	0.00750	0.00230	0.00978	0.00515	0.00288	0.00968
9	0.01494	0.02438	0.33517	0.13959	0.03194	0.03745	0.19896	0.06535	0.01564	0.02166	0.01289	0.01637	0.00955	0.00815	0.03658	0.00251	0.01035	0.00604	0.00331	0.00916
10	0.01531	0.02201	0.25845	0.07175	0.28543	0.01585	0.13325	0.04805	0.01539	0.02193	0.01289	0.01648	0.01002	0.00785	0.03423	0.00243	0.00957	0.00601	0.00330	0.00980
11	0.03778	0.00901	0.01212	0.14826	0.05729	0.00969	0.03686	0.04016	0.01451	0.02369	0.01846	0.02223	0.01448	0.00869	0.02798	0.00206	0.00549	0.00619	0.49800	0.00704
12	0.01685	0.40989	0.30673	0.01504	0.02220	0.08961	0.01686	0.02118	0.01435	0.01800	0.01049	0.01223	0.00857	0.00610	0.00528	0.00173	0.00872	0.00420	0.00291	0.00905
13	0.02152	0.14791	0.02051	0.01515	0.01905	0.40328	0.01203	0.06859	0.14013	0.02042	0.03566	0.01759	0.01350	0.00775	0.00610	0.00185	0.00934	0.02672	0.00436	0.00855
14	0.01466	0.01311	0.01531	0.01353	0.01522	0.08567	0.02852	0.07879	0.01418	0.01998	0.01680	0.02162	0.04155	0.02156	0.22279	0.00475	0.23395	0.00656	0.12427	0.00718
15	0.01276	0.01015	0.01123	0.01055	0.01321	0.01049	0.00820	0.10847	0.18028	0.02451	0.10215	0.14044	0.25130	0.01434	0.00771	0.00236	0.00468	0.07297	0.00653	0.00767
16	0.02226	0.01794	0.01953	0.01849	0.11587	0.11106	0.03185	0.26612	0.15415	0.11799	0.02002	0.01992	0.03763	0.00809	0.00672	0.00205	0.00745	0.00652	0.00593	0.01042
17	0.01336	0.02939	0.55744	0.10846	0.03047	0.01540	0.06073	0.02020	0.01400	0.02046	0.01283	0.03952	0.00984	0.00703	0.00708	0.00219	0.03350	0.00574	0.00300	0.00934
18	0.00818	0.00584	0.00779	0.00934	0.00973	0.00545	0.00623	0.00934	0.01285	0.01713	0.03698	0.75981	0.04438	0.02102	0.00856	0.00273	0.00389	0.01908	0.00623	0.00545
19	0.02466	0.03131	0.01907	0.01730	0.02062	0.70956	0.01303	0.02638	0.01868	0.01641	0.01031	0.01220	0.00865	0.00710	0.00667	0.00178	0.04068	0.00438	0.00344	0.00776
20	0.07499	0.18000	0.04525	0.01487	0.01946	0.27560	0.03340	0.12119	0.04264	0.06690	0.01417	0.01749	0.01169	0.00759	0.00598	0.00188	0.00883	0.04487	0.00441	0.00878
21	0.00811	0.00610	0.00752	0.00865	0.00955	0.00551	0.00592	0.00942	0.01351	0.01740	0.04542	0.57047	0.22827	0.01992	0.00839	0.00260	0.00376	0.01774	0.00623	0.00551
22	0.00976	0.00651	0.00732	0.00732	0.00732	0.00651	0.00407	0.00976	0.00976	0.01301	0.02114	0.04391	0.02439	0.76419	0.03415	0.00651	0.00651	0.00976	0.00407	0.00407
23	0.02889	0.01221	0.01598	0.01239	0.01748	0.01115	0.01025	0.11515	0.02062	0.61805	0.02548	0.02377	0.01670	0.00862	0.00683	0.00210	0.00593	0.02912	0.00804	0.01124
24	0.01661	0.01594	0.02724	0.04119	0.72233	0.01594	0.02059	0.02059	0.01528	0.02192	0.01262	0.01661	0.01063	0.00598	0.00664	0.00199	0.00797	0.00598	0.00332	0.01063
25	0.00953	0.00694	0.00901	0.00871	0.01033	0.00642	0.00668	0.01260	0.01844	0.02573	0.61498	0.05341	0.10033	0.01437	0.00804	0.00221	0.00347	0.07530	0.00720	0.00628
26	0.01778	0.74283	0.05920	0.01175	0.01763	0.02617	0.01194	0.02013	0.01365	0.01598	0.00942	0.01088	0.00861	0.00576	0.00438	0.00146	0.00727	0.00364	0.00287	0.00866
27	0.01517	0.31576	0.46342	0.01620	0.02451	0.01978	0.01969	0.02081	0.01396	0.01916	0.01100	0.01286	0.00854	0.00613	0.00558	0.00186	0.00887	0.00443	0.00285	0.00942
28	0.01396	0.01371	0.02100	0.60884	0.13429	0.06000	0.01854	0.01820	0.01401	0.01773	0.01192	0.01736	0.00915	0.00662	0.00666	0.00217	0.00901	0.00586	0.00306	0.00789
29	0.01267	0.01193	0.02013	0.74806	0.04621	0.01491	0.01863	0.01714	0.01342	0.01714	0.01193	0.01789	0.00894	0.00671	0.00671	0.00224	0.00894	0.00596	0.00298	0.00745
30	0.01289	0.01225	0.02097	0.70364	0.06593	0.01501	0.04080	0.01739	0.01355	0.01743	0.01200	0.01786	0.00903	0.00665	0.00675	0.00223	0.00899	0.00603	0.00301	0.00760
31	0.01634	0.01560	0.02655	0.03996	0.69557	0.01558	0.02006	0.02029	0.01542	0.02211	0.03915	0.01787	0.01261	0.00627	0.00669	0.00200	0.00779	0.00621	0.00347	0.01047
32	0.01267	0.01193	0.02013	0.74806	0.04621	0.01491	0.01863	0.01714	0.01342	0.01714	0.01193	0.01789	0.00894	0.00671	0.00671	0.00224	0.00894	0.00596	0.00298	0.00745
33	0.01526	0.32945	0.45046	0.01605	0.02429	0.01999	0.01944	0.02078	0.01395	0.01905	0.01095	0.01280	0.00854	0.00612	0.00554	0.00185	0.00882	0.00441	0.00285	0.00939
34	0.00950	0.00686	0.00897	0.00844	0.01002	0.00633	0.00633	0.01266	0.01899	0.02691	0.71879	0.05012	0.06331	0.01372	0.00791	0.00211	0.00317	0.01213	0.00739	0.00633
35	0.01391	0.01193	0.01391	0.00994	0.01590	0.00894	0.00795	0.01690	0.01391	0.02186	0.01193	0.01391	0.00994	0.00497	0.00497	0.00099	0.00497	0.00398	0.00398	0.80521
36	0.01794	0.76823	0.03516	0.01148	0.01722	0.02655	0.01148	0.02009	0.01363	0.01579	0.00933	0.01076	0.00861	0.00574	0.00431	0.00144	0.00718	0.00359	0.00287	0.00861
37	0.00981	0.00738	0.01066	0.01055	0.01152	0.00858	0.00800	0.01182	0.01062	0.01523	0.01808	0.02845	0.01757	0.15237	0.60793	0.00986	0.04467	0.00751	0.00364	0.00576
38	0.00818	0.00584	0.00779	0.00934	0.00973	0.00545	0.00623	0.00934	0.01285	0.01713	0.03698	0.75981	0.04438	0.02102	0.00856	0.00273	0.00389	0.01908	0.00623	0.00545
39	0.01251	0.00625	0.00625	0.00625	0.00782	0.00625	0.00469	0.01563	0.01407	0.02502	0.02189	0.02502	0.01720	0.00782	0.00469	0.00156	0.00313	0.00625	0.80144	0.00625
40	0.81159	0.01298	0.00986	0.00882	0.01298	0.01505	0.00727	0.01972	0.01142	0.03010	0.00934	0.01090	0.00727	0.00623	0.00415	0.00208	0.00519	0.00363	0.00415	0.00727
41	0.01661	0.01594	0.02724	0.04119	0.72233	0.01594	0.02059	0.02059	0.01528	0.02192	0.01262	0.01661	0.01063	0.00598	0.00664	0.00199	0.00797	0.00598	0.00332	0.01063
42	0.00793	0.00680	0.00680	0.00680	0.00906	0.00566	0.00510	0.00963	0.01529	0.01813	0.06797	0.06457	0.71961	0.01699	0.00793	0.00227	0.00340	0.01416	0.00623	0.00566
43	0.02551	0.01879	0.02014	0.01544	0.02081	0.02081	0.01275	0.69996	0.03155	0.04229	0.01611	0.01611	0.01141	0.00805	0.00671	0.00201	0.00738	0.00604	0.00671	0.01141
44	0.00976	0.00651	0.00732	0.00732	0.00732	0.00651	0.00407	0.00976	0.00976	0.01301	0.02114	0.04391	0.02439	0.76419	0.03415	0.00651	0.00651	0.00976	0.00407	0.00407
45	0.01346	0.03471	0.72942	0.01912	0.02904	0.01558	0.02479	0.02125	0.01417	0.02125	0.01204	0.01417	0.00850	0.00637	0.00637	0.00212	0.00992	0.00496	0.00283	0.00992
46	0.00800	0.00671	0.00696	0.00709	0.00916	0.00566	0.00524	0.00969	0.01516	0.01829	0.08415	0.13193	0.63442	0.01729	0.00799	0.00231	0.00344	0.01458	0.00626	0.00566
47	0.00818	0.00584	0.00779	0.00934	0.00973	0.00545	0.00623	0.00934	0.01285	0.01713	0.03698	0.75981	0.04438	0.02102	0.00856	0.00273	0.00389	0.01908	0.00623	0.00545
48	0.01608	0.01649	0.02611	0.11058	0.02808	0.08363	0.31354	0.04891	0.13116	0.02303	0.08452	0.02197	0.01709	0.00744	0.00723	0.00216	0.00883	0.00755	0.03688	0.00870
49	0.01479	0.25256	0.52323	0.01685	0.02553	0.01884	0.02084	0.02091	0.01401	0.01963	0.01124	0.01316	0.00853	0.00619	0.00576	0.00192	0.00910	0.00455	0.00284	0.00953
50	0.01391	0.01193	0.01391	0.00994	0.01590	0.00894	0.00795	0.01690	0.01391	0.02186	0.01193	0.01391	0.00994	0.00497	0.00497	0.00099	0.00497	0.00398	0.00398	0.80521
51	0.00950	0.00686	0.00897	0.00844	0.01002	0.00633	0.00633	0.01266	0.01899	0.02691	0.71879	0.05012	0.06331	0.01372	0.00791	0.00211	0.00317	0.01213	0.00739	0.00633
52	0.00798	0.00680	0.00686	0.00685	0.00909	0.00569	0.00514	0.00972	0.01541	0.01840	0.08806	0.06413	0.69935	0.01689	0.00793	0.00226	0.00339	0.01410	0.00627	0.00569
53	0.01669	0.01441	0.01517	0.01365	0.01745	0.01669	0.01062	0.03565	0.71021	0.02807	0.02731	0.02503	0.02048	0.00910	0.00683	0.00228	0.00531	0.00759	0.00683	0.01062
54	0.01391	0.01193	0.01391	0.00994	0.01590	0.00894	0.00795	0.01690	0.01391	0.02186	0.01193	0.01391	0.00994	0.00497	0.00497	0.00099	0.00497	0.00398	0.00398	0.80521
55	0.02551	0.01879	0.02014	0.01544	0.02081	0.02081	0.01275	0.69996	0.03155	0.04229	0.01611	0.01611	0.01141	0.00805	0.00671	0.00201	0.00738	0.00604	0.00671	0.01141
56	0.81159	0.01298	0.00986	0.00882	0.01298	0.01505	0.00727	0.01972	0.01142	0.03010	0.00934	0.01090	0.00727	0.00623	0.00415	0.00208	0.00519	0.00363	0.00415	0.00727
57	0.00821	0.00689	0.00719	0.00734	0.00953	0.00587	0.00566	0.01005	0.01531	0.01832	0.06481	0.06566	0.65322	0.01714	0.00806	0.00235	0.00367	0.07880	0.00623	0.00571
58	0.01669	0.01441	0.01517	0.01365	0.01745	0.01669	0.01062	0.03565	0.71021	0.02807	0.02731	0.02503	0.02048	0.00910	0.00683	0.00228	0.00531	0.00759	0.00683	0.01062
59	0.00959	0.00719	0.01078	0.01078	0.01198	0.00839	0.00839	0.01198	0.01078	0.01558	0.01797	0.02636	0.01677	0.05032	0.73760	0.01078	0.01797	0.00719	0.00359	0.00599
60	0.01375	0.08196	0.68470	0.01863	0.02828	0.01629	0.02393	0.02117	0.01413	0.02090	0.01187	0.01395	0.00851	0.00633	0.00624	0.00208	0.00974	0.00487	0.00284	0.00983
61	0.01355	0.01283	0.02172	0.58976	0.19763	0.01514	0.01907	0.01792	0.01383	0.01821	0.01208	0.01760	0.00932	0.00654	0.00669	0.00218	0.00873	0.00597	0.00306	0.00816
62	0.01661	0.01594	0.02724	0.04119	0.72233	0.01594	0.02059	0.02059	0.01528	0.02192	0.01262	0.01661	0.01063	0.00598	0.00664	0.00199	0.00797	0.00598	0.00332	0.01063
63	0.01794	0.76823	0.03516	0.01148	0.01722	0.02655	0.01148	0.02009	0.01363	0.01579	0.00933	0.01076	0.00861	0.00574	0.00431	0.00144	0.00718	0.00359	0.00287	0.00861
64	0.00795	0.00674	0.00686	0.00696	0.00911	0.00565	0.00517	0.00961	0.01514	0.01806	0.06598	0.10936	0.67611	0.01725	0.00797	0.00230	0.00343	0.01448	0.00623	0.00565
65	0.01346	0.03471	0.72942	0.01912	0.02904	0.01558	0.02479	0.02125	0.01417	0.02125	0.01204	0.01417	0.00850	0.00637	0.00637	0.00212	0.00992	0.00496	0.00283	0.00992
66	0.01346	0.03471	0.72942	0.01912	0.02904	0.01558	0.02479	0.02125	0.01417	0.02125	0.01204	0.01417	0.00850	0.00637	0.00637	0.00212	0.00992	0.00496	0.00283	0.00992
67	0.01468	0.01468	0.02055	0.01762	0.01762	0.02055	0.01468	0.01615	0.01028	0.01615	0.00881	0.01468	0.00881	0.01174	0.02202	0.00294	0.75191	0.00587	0.00294	0.00734
68	0.00818	0.00584	0.00779	0.00934	0.00973	0.00545	0.00623	0.00934	0.01285	0.01713	0.03698	0.75981	0.04438	0.02102	0.00856	0.00273	0.00389	0.01908	0.00623	0.00545
69	0.01561	0.01967	0.10499	0.02741	0.03450	0.01684	0.63414	0.02147	0.01568	0.02147	0.01343	0.01773	0.01002	0.00572	0.00777	0.00225	0.01118	0.00764	0.00334	0.00913
70	0.01267	0.01193	0.02013	0.74806	0.04621	0.01491	0.01863	0.01714	0.01342	0.01714	0.01193	0.01789	0.00894	0.00671	0.00671	0.00224	0.00894	0.00596	0.00298	0.00745
