[name]
unknown

[dist]
# distance from previous block
# <min> <max>
0	150

[block]
# block no. 0 follows, 37 sequences, length 18
# corresponding to MSA columns:
# 150-167
name=unknown_A
#
# <colnr> <probs for GDERKNQSTAVLIFYWHMCP>
#	G	D	E	R	K	N	Q	S	T	A	V	L	I	F	Y	W	H	M	C	P
0	0.09686	0.05132	0.11886	0.01087	0.01477	0.05468	0.00988	0.02009	0.10615	0.15317	0.20052	0.05398	0.06570	0.00914	0.00612	0.00192	0.00532	0.00748	0.00542	0.00778
1	0.10136	0.01077	0.01116	0.00969	0.01264	0.01164	0.00758	0.19310	0.15528	0.04152	0.02442	0.04259	0.11817	0.04280	0.00745	0.03094	0.00472	0.00707	0.15954	0.00755
2	0.01022	0.00707	0.00834	0.00779	0.00960	0.00673	0.00586	0.05183	0.03770	0.04517	0.38803	0.07788	0.18072	0.03950	0.00765	0.00207	0.00341	0.01050	0.09391	0.00605
3	0.01156	0.01088	0.01836	0.77016	0.04216	0.01360	0.01700	0.01564	0.01224	0.01564	0.01088	0.01632	0.00816	0.00612	0.00612	0.00204	0.00816	0.00544	0.00272	0.00680
4	0.04062	0.03387	0.03552	0.01157	0.01333	0.27104	0.00875	0.01584	0.01243	0.01449	0.01468	0.07101	0.01517	0.25000	0.09898	0.00400	0.07277	0.00672	0.00345	0.00577
5	0.02746	0.01042	0.01421	0.01089	0.01563	0.00900	0.00900	0.02983	0.01752	0.75093	0.02415	0.02083	0.01515	0.00758	0.00616	0.00189	0.00521	0.00616	0.00758	0.01042
6	0.02313	0.01676	0.01845	0.01486	0.04702	0.01839	0.01180	0.66952	0.02773	0.06789	0.01497	0.01497	0.01058	0.00728	0.00612	0.00184	0.00669	0.00554	0.00606	0.01038
7	0.01505	0.01448	0.02451	0.03640	0.70688	0.01477	0.01849	0.01857	0.01369	0.01971	0.01132	0.01505	0.00961	0.00574	0.00682	0.00186	0.04904	0.00545	0.00301	0.00953
8	0.01515	0.01454	0.02485	0.03757	0.74669	0.01454	0.01879	0.01879	0.01394	0.02000	0.01151	0.01515	0.00970	0.00545	0.00606	0.00182	0.00727	0.00545	0.00303	0.00970
9	0.01831	0.01284	0.01419	0.01212	0.01586	0.01413	0.00955	0.12116	0.47609	0.16410	0.02320	0.02215	0.01710	0.04184	0.00729	0.00218	0.00521	0.00668	0.00636	0.00966
10	0.64702	0.01264	0.01114	0.01007	0.03831	0.01430	0.00788	0.12118	0.01352	0.06182	0.01023	0.01131	0.00767	0.00600	0.00431	0.00188	0.00513	0.00384	0.00427	0.00746
11	0.54513	0.01301	0.01150	0.00988	0.01381	0.01493	0.00805	0.14705	0.13785	0.02913	0.01243	0.01300	0.00937	0.00643	0.00462	0.00192	0.00511	0.00432	0.00462	0.00783
12	0.07499	0.01639	0.01663	0.01323	0.01766	0.05146	0.01078	0.53080	0.11716	0.03449	0.01557	0.01557	0.01131	0.00730	0.00588	0.00184	0.00641	0.00548	0.03731	0.00973
13	0.01650	0.01320	0.01413	0.01245	0.01608	0.01503	0.00976	0.07244	0.64728	0.07433	0.02427	0.02224	0.01797	0.00820	0.00622	0.00205	0.00498	0.00679	0.00631	0.00978
14	0.01273	0.01261	0.02296	0.50010	0.15852	0.01413	0.15699	0.01695	0.01296	0.01716	0.01128	0.01616	0.00864	0.00582	0.00633	0.00201	0.00844	0.00579	0.00285	0.00757
15	0.02025	0.02486	0.01556	0.01428	0.01705	0.61990	0.01068	0.02158	0.01612	0.01477	0.01368	0.01563	0.06176	0.00984	0.04273	0.05626	0.01034	0.00481	0.00331	0.00659
16	0.01532	0.01322	0.01948	0.09380	0.16960	0.03044	0.10965	0.05123	0.12275	0.07810	0.03888	0.01849	0.03063	0.00665	0.00650	0.00179	0.03121	0.00597	0.00426	0.15202
17	0.24454	0.01412	0.01590	0.01695	0.18332	0.06572	0.02607	0.10503	0.04264	0.02397	0.01323	0.01489	0.03743	0.00625	0.00550	0.00171	0.02259	0.00481	0.00396	0.15136

[dist]
# distance from previous block
# <min> <max>
1	3

[block]
# block no. 1 follows, 37 sequences, length 35
# corresponding to MSA columns:
# 171-202,205-207
name=unknown_B
#
# <colnr> <probs for GDERKNQSTAVLIFYWHMCP>
#	G	D	E	R	K	N	Q	S	T	A	V	L	I	F	Y	W	H	M	C	P
0	0.11874	0.01069	0.01335	0.06650	0.08373	0.01056	0.02525	0.05571	0.06763	0.08380	0.11093	0.02098	0.03638	0.00716	0.00550	0.00166	0.00498	0.00595	0.08564	0.18486
1	0.01210	0.01135	0.01879	0.62285	0.13019	0.01334	0.01654	0.01603	0.01249	0.01650	0.01096	0.01591	0.00842	0.00592	0.00600	0.00193	0.00779	0.00531	0.00282	0.06476
2	0.01332	0.01112	0.01389	0.04917	0.06763	0.00891	0.00861	0.01616	0.01292	0.04495	0.01138	0.01333	0.00928	0.00478	0.00478	0.00106	0.00493	0.00393	0.00368	0.69617
3	0.01490	0.01429	0.02439	0.08931	0.69694	0.01448	0.01866	0.01856	0.01382	0.01969	0.01147	0.01523	0.00959	0.00550	0.00606	0.00183	0.00733	0.00545	0.00301	0.00949
4	0.01279	0.01253	0.01774	0.05307	0.01679	0.01728	0.01293	0.01432	0.00962	0.01477	0.00957	0.03812	0.00956	0.01323	0.07131	0.00315	0.65804	0.00582	0.00282	0.00656
5	0.01156	0.01088	0.01836	0.77016	0.04216	0.01360	0.01700	0.01564	0.01224	0.01564	0.01088	0.01632	0.00816	0.00612	0.00612	0.00204	0.00816	0.00544	0.00272	0.00680
6	0.73364	0.01199	0.01055	0.04424	0.06558	0.01378	0.00796	0.01794	0.01075	0.02640	0.00884	0.01060	0.00692	0.00569	0.00405	0.00190	0.00507	0.00356	0.00369	0.00686
7	0.01087	0.00586	0.00813	0.00808	0.00880	0.00561	0.00562	0.00983	0.01006	0.06503	0.02207	0.12357	0.11851	0.02018	0.04728	0.50941	0.00520	0.00807	0.00385	0.00398
8	0.01339	0.01268	0.02126	0.26451	0.43899	0.01376	0.01704	0.01688	0.01304	0.01807	0.01274	0.07002	0.01133	0.00689	0.00685	0.00198	0.04285	0.00630	0.00311	0.00831
9	0.01028	0.00782	0.01138	0.15361	0.06809	0.00803	0.00890	0.01337	0.01551	0.04167	0.45332	0.03557	0.05420	0.01204	0.04173	0.00229	0.00489	0.00906	0.04188	0.00634
10	0.07269	0.01580	0.03037	0.02345	0.07876	0.03566	0.52777	0.04095	0.01449	0.02053	0.01273	0.04242	0.01021	0.00579	0.00673	0.00198	0.00915	0.00689	0.00335	0.04028
11	0.01555	0.63836	0.17517	0.01186	0.01785	0.02224	0.01288	0.01854	0.01253	0.01539	0.00900	0.01044	0.00784	0.00535	0.00430	0.00143	0.00704	0.00352	0.00261	0.00809
12	0.75133	0.01320	0.00982	0.00875	0.01252	0.06708	0.00712	0.03551	0.01135	0.02684	0.00874	0.01014	0.00681	0.00577	0.00397	0.00187	0.00523	0.00341	0.00380	0.00675
13	0.01360	0.06994	0.12792	0.06663	0.03557	0.01613	0.02856	0.01687	0.04374	0.04661	0.04089	0.01680	0.03153	0.00931	0.01334	0.02468	0.38161	0.00567	0.00328	0.00733
14	0.01071	0.00846	0.01057	0.05378	0.03720	0.03209	0.00749	0.02538	0.05574	0.01562	0.08524	0.04344	0.03692	0.27116	0.14612	0.08417	0.05892	0.00771	0.00393	0.00534
15	0.00866	0.00626	0.00818	0.00770	0.00914	0.00578	0.00578	0.01155	0.01733	0.02455	0.74346	0.04572	0.05776	0.01251	0.00722	0.00193	0.00289	0.01107	0.00674	0.00578
16	0.01596	0.01721	0.10771	0.01834	0.02363	0.01584	0.27632	0.15917	0.18213	0.02439	0.01526	0.01689	0.01141	0.00665	0.00719	0.00200	0.04816	0.00627	0.00434	0.04113
17	0.01951	0.01416	0.07709	0.04594	0.21681	0.01243	0.05543	0.05826	0.05611	0.29030	0.01696	0.01741	0.01194	0.00656	0.00632	0.00185	0.02079	0.00571	0.00503	0.06138
18	0.80269	0.01201	0.00929	0.00824	0.01206	0.01390	0.00679	0.04036	0.01100	0.02782	0.00872	0.01009	0.00675	0.00573	0.00386	0.00189	0.00480	0.00338	0.00386	0.00675
19	0.01505	0.01351	0.01596	0.03217	0.07978	0.04063	0.03068	0.05863	0.44032	0.02311	0.02074	0.02343	0.01669	0.00943	0.02290	0.00229	0.08437	0.05623	0.00522	0.00885
20	0.00761	0.00624	0.00678	0.00710	0.00892	0.00541	0.00545	0.00929	0.01378	0.01670	0.05551	0.12334	0.58612	0.01602	0.00745	0.00221	0.00349	0.10771	0.00568	0.00521
21	0.00746	0.00533	0.00710	0.00852	0.00888	0.00497	0.00568	0.00852	0.01172	0.01563	0.03374	0.78088	0.04049	0.01918	0.00781	0.00249	0.00355	0.01740	0.00568	0.00497
22	0.01915	0.00859	0.01147	0.00942	0.01274	0.00756	0.00753	0.02168	0.01728	0.43189	0.30809	0.03237	0.06570	0.00988	0.00662	0.00191	0.00420	0.00840	0.00716	0.00835
23	0.01428	0.01162	0.01335	0.01342	0.06664	0.01292	0.00954	0.02681	0.51241	0.05626	0.02562	0.16789	0.02207	0.01016	0.00652	0.00213	0.00479	0.00880	0.00596	0.00882
24	0.01445	0.01651	0.03612	0.02580	0.03199	0.01548	0.72446	0.01961	0.01445	0.01961	0.01238	0.01651	0.00929	0.00516	0.00722	0.00206	0.01032	0.00722	0.00310	0.00826
25	0.01254	0.01284	0.01365	0.29364	0.02361	0.17143	0.01127	0.01538	0.03590	0.01587	0.02171	0.25548	0.07043	0.01094	0.00660	0.00208	0.00689	0.00940	0.00405	0.00627
26	0.01538	0.01328	0.01715	0.10720	0.16444	0.04285	0.01277	0.02394	0.29871	0.07265	0.01736	0.01880	0.01346	0.00954	0.04561	0.00245	0.10509	0.00607	0.00455	0.00871
27	0.01095	0.00880	0.01029	0.00978	0.01212	0.00862	0.00719	0.03388	0.19752	0.01966	0.02615	0.40483	0.02749	0.01299	0.00667	0.00203	0.00417	0.01150	0.00540	0.17995
28	0.01134	0.01065	0.01775	0.73200	0.04047	0.01318	0.01638	0.01530	0.01233	0.01568	0.01343	0.01845	0.04493	0.00659	0.00618	0.00204	0.00791	0.00581	0.00287	0.00672
29	0.00913	0.00591	0.00659	0.00659	0.00672	0.00591	0.00376	0.00939	0.00926	0.01287	0.01935	0.03849	0.02166	0.71400	0.02871	0.00552	0.00565	0.00861	0.07799	0.00389
30	0.01283	0.01246	0.01724	0.01490	0.01490	0.01715	0.01218	0.01400	0.00932	0.01437	0.00944	0.01672	0.00981	0.10746	0.02147	0.00309	0.67773	0.00580	0.00281	0.00632
31	0.01269	0.01088	0.01269	0.00907	0.01451	0.00816	0.00725	0.01541	0.01269	0.01995	0.01088	0.01269	0.00907	0.00453	0.00453	0.00091	0.00453	0.00363	0.00363	0.82229
32	0.82811	0.01184	0.00900	0.00805	0.01184	0.01373	0.00663	0.01799	0.01042	0.02746	0.00852	0.00994	0.00663	0.00568	0.00379	0.00189	0.00474	0.00331	0.00379	0.00663
33	0.00775	0.00571	0.00804	0.00910	0.00966	0.00540	0.02475	0.00901	0.01178	0.01574	0.03246	0.71337	0.03854	0.01981	0.03752	0.00277	0.00429	0.03368	0.00552	0.00509
34	0.02148	0.02695	0.01677	0.01530	0.01820	0.68068	0.01153	0.02310	0.01654	0.01491	0.00999	0.01215	0.00849	0.00963	0.06707	0.00227	0.03063	0.00419	0.00315	0.00695

[dist]
# distance from previous block
# <min> <max>
0	11

[block]
# block no. 2 follows, 37 sequences, length 6
# corresponding to MSA columns:
# 219-224
name=unknown_C
#
# <colnr> <probs for GDERKNQSTAVLIFYWHMCP>
#	G	D	E	R	K	N	Q	S	T	A	V	L	I	F	Y	W	H	M	C	P
0	0.00866	0.00626	0.00818	0.00770	0.00914	0.00578	0.00578	0.01155	0.01733	0.02455	0.74346	0.04572	0.05776	0.01251	0.00722	0.00193	0.00289	0.01107	0.00674	0.00578
1	0.72856	0.01249	0.01016	0.00880	0.01272	0.01438	0.00725	0.10560	0.01269	0.02884	0.00929	0.01053	0.00710	0.00589	0.00408	0.00189	0.00498	0.00359	0.00408	0.00710
2	0.00889	0.00594	0.00704	0.00733	0.00759	0.00595	0.00459	0.00946	0.00986	0.01345	0.02197	0.13992	0.02488	0.55781	0.06040	0.00523	0.00595	0.05486	0.04469	0.00419
3	0.82811	0.01184	0.00900	0.00805	0.01184	0.01373	0.00663	0.01799	0.01042	0.02746	0.00852	0.00994	0.00663	0.00568	0.00379	0.00189	0.00474	0.00331	0.00379	0.00663
4	0.01226	0.01101	0.01734	0.40975	0.19201	0.01236	0.01459	0.04948	0.01387	0.01852	0.04918	0.02278	0.10209	0.00751	0.00621	0.00195	0.00681	0.00662	0.03832	0.00733
5	0.02215	0.11330	0.01898	0.01518	0.01857	0.67876	0.01168	0.02377	0.01680	0.01492	0.00936	0.01090	0.00788	0.00619	0.00534	0.00155	0.01054	0.00387	0.00309	0.00718

[dist]
# distance from previous block
# <min> <max>
0	1

[block]
# block no. 3 follows, 37 sequences, length 34
# corresponding to MSA columns:
# 226-259
name=unknown_D
#
# <colnr> <probs for GDERKNQSTAVLIFYWHMCP>
#	G	D	E	R	K	N	Q	S	T	A	V	L	I	F	Y	W	H	M	C	P
0	0.01627	0.01396	0.01441	0.01271	0.01632	0.03361	0.00995	0.10633	0.64291	0.02673	0.02345	0.02169	0.01754	0.00815	0.00620	0.00204	0.00520	0.00670	0.00614	0.00970
1	0.00743	0.00543	0.00700	0.00825	0.00881	0.00499	0.00556	0.00855	0.01198	0.01573	0.03701	0.69732	0.12193	0.01875	0.00775	0.00244	0.00350	0.01688	0.00568	0.00499
2	0.00898	0.00601	0.00708	0.00708	0.00729	0.00616	0.00428	0.00941	0.00920	0.01265	0.01891	0.03712	0.02102	0.64982	0.13151	0.00629	0.00726	0.00844	0.03747	0.00404
3	0.02746	0.01042	0.01421	0.01089	0.01563	0.00900	0.00900	0.02983	0.01752	0.75093	0.02415	0.02083	0.01515	0.00758	0.00616	0.00189	0.00521	0.00616	0.00758	0.01042
4	0.00852	0.00632	0.00822	0.00928	0.01050	0.00602	0.00737	0.01050	0.01318	0.01696	0.03859	0.28535	0.18810	0.01835	0.03508	0.00281	0.00484	0.31912	0.00558	0.00532
5	0.01235	0.03521	0.41006	0.01664	0.07790	0.01304	0.04621	0.01913	0.09377	0.02048	0.09449	0.02042	0.05026	0.00739	0.00643	0.00194	0.02671	0.00613	0.03304	0.00840
6	0.01858	0.01358	0.01611	0.01427	0.07358	0.08552	0.01066	0.03864	0.01428	0.22966	0.01405	0.01529	0.01055	0.00717	0.00889	0.00177	0.18535	0.00498	0.00451	0.23256
7	0.82811	0.01184	0.00900	0.00805	0.01184	0.01373	0.00663	0.01799	0.01042	0.02746	0.00852	0.00994	0.00663	0.00568	0.00379	0.00189	0.00474	0.00331	0.00379	0.00663
8	0.01444	0.01399	0.02249	0.20916	0.48025	0.03499	0.03090	0.01887	0.05485	0.01897	0.01198	0.01573	0.00974	0.00596	0.00654	0.00191	0.03177	0.00552	0.00313	0.00881
9	0.00866	0.00626	0.00818	0.00770	0.00914	0.00578	0.00578	0.01155	0.01733	0.02455	0.74346	0.04572	0.05776	0.01251	0.00722	0.00193	0.00289	0.01107	0.00674	0.00578
10	0.00975	0.00700	0.00944	0.03754	0.01178	0.00711	0.00757	0.02688	0.01411	0.03862	0.24132	0.04471	0.10611	0.06093	0.18410	0.00420	0.00719	0.17061	0.00527	0.00576
11	0.00868	0.00633	0.00821	0.00795	0.00943	0.00586	0.00610	0.01147	0.01677	0.02337	0.62554	0.04895	0.10356	0.01316	0.00734	0.00202	0.00317	0.07980	0.00656	0.00572
12	0.01696	0.01401	0.01482	0.01281	0.01658	0.01603	0.01011	0.18183	0.58350	0.02840	0.02272	0.02109	0.01690	0.00810	0.00621	0.00202	0.00525	0.00662	0.00621	0.00984
13	0.01234	0.00660	0.00669	0.00636	0.00806	0.00674	0.00485	0.06988	0.01408	0.02405	0.01956	0.02219	0.01528	0.00715	0.00442	0.00146	0.00316	0.00569	0.75537	0.00607
14	0.01228	0.03166	0.75316	0.01745	0.02649	0.01422	0.02262	0.01939	0.01292	0.01939	0.01099	0.01292	0.00775	0.00582	0.00582	0.00194	0.00905	0.00452	0.00258	0.00905
15	0.01424	0.01378	0.04213	0.05252	0.56647	0.01314	0.03127	0.01770	0.01369	0.03103	0.01447	0.07585	0.02766	0.00674	0.00616	0.00184	0.00684	0.00647	0.00338	0.05461
16	0.01073	0.00733	0.00862	0.00803	0.01011	0.00678	0.00598	0.01404	0.07957	0.09229	0.24161	0.11593	0.25617	0.07426	0.00889	0.00232	0.00373	0.01095	0.00599	0.03668
17	0.01748	0.50747	0.07159	0.01331	0.01836	0.19360	0.06728	0.01991	0.01376	0.01524	0.00918	0.01081	0.00797	0.00551	0.00467	0.00147	0.00803	0.00381	0.00278	0.00778
18	0.01122	0.00932	0.01112	0.00891	0.01292	0.00726	0.00681	0.01347	0.01242	0.01873	0.01731	0.22893	0.01791	0.00866	0.00546	0.00135	0.00426	0.00750	0.00421	0.59222
19	0.02167	0.10053	0.01931	0.01688	0.07270	0.63466	0.01222	0.02344	0.01663	0.01530	0.00952	0.01123	0.00802	0.00614	0.00541	0.00157	0.01033	0.00399	0.00309	0.00736
20	0.01063	0.00637	0.00837	0.00860	0.00887	0.03461	0.00596	0.00904	0.00929	0.01203	0.01524	0.12139	0.01628	0.02009	0.01994	0.62147	0.00533	0.05983	0.00330	0.00336
21	0.01550	0.56519	0.16029	0.01255	0.03500	0.02139	0.01279	0.01979	0.07651	0.01642	0.01048	0.01166	0.00884	0.00562	0.00452	0.00150	0.00686	0.00387	0.00294	0.00828
22	0.01330	0.01326	0.01873	0.05493	0.01742	0.01848	0.01358	0.01478	0.00952	0.01478	0.00818	0.01354	0.00804	0.01048	0.01937	0.00265	0.73422	0.00536	0.00268	0.00670
23	0.04895	0.04585	0.01535	0.01226	0.01631	0.01558	0.00983	0.18202	0.43824	0.06506	0.02040	0.01925	0.01514	0.00758	0.00590	0.00190	0.00532	0.00607	0.00586	0.06313
24	0.01051	0.00532	0.00794	0.00800	0.00801	0.00530	0.00533	0.00800	0.00812	0.01082	0.01152	0.04779	0.01178	0.02119	0.02331	0.79053	0.00525	0.00578	0.00277	0.00275
25	0.01023	0.00727	0.00824	0.00765	0.00968	0.02738	0.00582	0.01253	0.01608	0.08680	0.40128	0.04745	0.31070	0.01302	0.00708	0.00197	0.00341	0.01112	0.00632	0.00600
26	0.01508	0.01514	0.02929	0.11767	0.11112	0.03163	0.45170	0.03834	0.01473	0.06215	0.01470	0.01805	0.03797	0.00594	0.00682	0.00201	0.00905	0.00684	0.00349	0.00827
27	0.01311	0.01187	0.01804	0.49376	0.09759	0.05700	0.04168	0.01667	0.01314	0.05421	0.01449	0.06822	0.01255	0.00767	0.00639	0.00207	0.00772	0.05329	0.00342	0.00712
28	0.01618	0.01797	0.03710	0.01273	0.01497	0.32168	0.01005	0.01858	0.04120	0.03132	0.01906	0.08009	0.08531	0.02729	0.00885	0.00202	0.13471	0.02045	0.09379	0.00664
29	0.00930	0.00722	0.01050	0.01035	0.01129	0.00858	0.00812	0.01130	0.01006	0.01443	0.01702	0.02758	0.01661	0.08937	0.58077	0.00833	0.08905	0.06119	0.00343	0.00548
30	0.20731	0.01214	0.03358	0.01181	0.04923	0.01138	0.00936	0.07616	0.04356	0.39519	0.01794	0.01686	0.01207	0.00677	0.00548	0.00182	0.00534	0.00522	0.00590	0.07287
31	0.53699	0.03381	0.03885	0.06944	0.01596	0.07338	0.00921	0.05231	0.01210	0.02433	0.00972	0.02883	0.00798	0.00649	0.00551	0.00193	0.05842	0.00414	0.00366	0.00695
32	0.01173	0.01108	0.01855	0.71926	0.05995	0.01384	0.01690	0.01569	0.01217	0.01572	0.01078	0.01617	0.00820	0.00629	0.00670	0.00206	0.03989	0.00544	0.00273	0.00687
33	0.01411	0.07498	0.27557	0.01826	0.07236	0.06056	0.14613	0.04498	0.02470	0.01916	0.01246	0.03606	0.01035	0.00743	0.02183	0.00205	0.05939	0.02452	0.00320	0.07190

[dist]
# distance from previous block
# <min> <max>
0	2

[block]
# block no. 4 follows, 37 sequences, length 18
# corresponding to MSA columns:
# 262-279
name=unknown_E
#
# <colnr> <probs for GDERKNQSTAVLIFYWHMCP>
#	G	D	E	R	K	N	Q	S	T	A	V	L	I	F	Y	W	H	M	C	P
0	0.03673	0.01594	0.07512	0.02028	0.07993	0.01516	0.31500	0.06262	0.22441	0.02244	0.01732	0.01896	0.03465	0.00673	0.00690	0.00204	0.02602	0.00674	0.00423	0.00878
1	0.01609	0.03682	0.06133	0.01384	0.05050	0.23549	0.01075	0.02368	0.25946	0.02053	0.09315	0.02123	0.05074	0.00781	0.00594	0.00178	0.00680	0.00617	0.00466	0.07323
2	0.00765	0.00602	0.00665	0.00696	0.00837	0.00532	0.00495	0.00900	0.01301	0.01619	0.08229	0.20142	0.45404	0.11579	0.01049	0.00267	0.00363	0.03509	0.00548	0.00498
3	0.00924	0.00696	0.00997	0.01008	0.01104	0.00797	0.00791	0.01123	0.01049	0.01472	0.01923	0.03368	0.01941	0.12724	0.49178	0.00766	0.05635	0.13597	0.00373	0.00536
4	0.01743	0.01378	0.02288	0.03264	0.61156	0.01352	0.01698	0.02083	0.01460	0.15511	0.01385	0.01620	0.01070	0.00585	0.00608	0.00183	0.00689	0.00558	0.00387	0.00983
5	0.01512	0.01462	0.02529	0.03711	0.71861	0.01458	0.04651	0.01882	0.01396	0.01998	0.01155	0.01520	0.00968	0.00544	0.00611	0.00183	0.00739	0.00552	0.00303	0.00964
6	0.01041	0.00799	0.01077	0.01011	0.01082	0.00976	0.00782	0.01216	0.01013	0.01556	0.01545	0.02373	0.01468	0.14721	0.32244	0.00590	0.19909	0.00648	0.15396	0.00553
7	0.01149	0.00807	0.00909	0.00828	0.00936	0.00845	0.00554	0.14171	0.01298	0.01739	0.03453	0.03489	0.04263	0.54695	0.07901	0.00526	0.00670	0.00827	0.00425	0.00516
8	0.02206	0.02548	0.01767	0.01549	0.01867	0.55435	0.01194	0.15327	0.01872	0.01932	0.01030	0.01193	0.00837	0.00691	0.00699	0.00173	0.08113	0.00436	0.00366	0.00767
9	0.00894	0.00615	0.00740	0.00709	0.00863	0.00566	0.00532	0.01160	0.01595	0.02293	0.49903	0.04363	0.16148	0.01200	0.00668	0.00186	0.00292	0.01038	0.15668	0.00566
10	0.00747	0.00615	0.00656	0.00658	0.00844	0.00525	0.00489	0.00919	0.01433	0.01771	0.16520	0.10241	0.59409	0.01527	0.00727	0.00207	0.00310	0.01292	0.00585	0.00525
11	0.01519	0.01202	0.01380	0.01006	0.01538	0.01019	0.00813	0.14734	0.01584	0.05023	0.01207	0.01336	0.00954	0.00517	0.00489	0.00111	0.00497	0.00407	0.00423	0.64241
12	0.01370	0.10514	0.38694	0.15595	0.04700	0.06751	0.04030	0.01909	0.02768	0.03033	0.03058	0.01446	0.00964	0.00605	0.00573	0.00185	0.00836	0.00486	0.00297	0.02185
13	0.01302	0.01280	0.06634	0.04990	0.14698	0.02485	0.01087	0.05043	0.01464	0.02138	0.14657	0.01949	0.01809	0.00651	0.00556	0.00144	0.00544	0.00557	0.00409	0.37603
14	0.01695	0.01558	0.05171	0.02213	0.02809	0.01395	0.54193	0.02154	0.01497	0.16627	0.01466	0.01718	0.01041	0.00565	0.00690	0.00200	0.00911	0.00684	0.00399	0.03015
15	0.01609	0.03726	0.01833	0.01494	0.01598	0.01712	0.01249	0.01764	0.01098	0.15080	0.01103	0.01466	0.00935	0.00996	0.01700	0.00249	0.60746	0.00544	0.00358	0.00742
16	0.01861	0.03144	0.02312	0.03935	0.08943	0.18965	0.24795	0.03354	0.01551	0.15374	0.01425	0.01638	0.01062	0.00797	0.04163	0.00221	0.00902	0.00584	0.04151	0.00826
17	0.01543	0.01223	0.01658	0.41187	0.05235	0.08499	0.03325	0.01869	0.01400	0.15215	0.01802	0.02052	0.07238	0.00720	0.00611	0.00194	0.00726	0.00612	0.04148	0.00744

[dist]
# distance from previous block
# <min> <max>
0	7

[block]
# block no. 5 follows, 37 sequences, length 6
# corresponding to MSA columns:
# 287-292
name=unknown_F
#
# <colnr> <probs for GDERKNQSTAVLIFYWHMCP>
#	G	D	E	R	K	N	Q	S	T	A	V	L	I	F	Y	W	H	M	C	P
0	0.00864	0.00582	0.00675	0.00702	0.00708	0.00576	0.00407	0.00883	0.00942	0.01256	0.02195	0.17643	0.02561	0.64392	0.02686	0.00530	0.00550	0.01047	0.00407	0.00394
1	0.01383	0.01341	0.02031	0.13171	0.38429	0.04816	0.01554	0.01692	0.01345	0.01878	0.10556	0.01877	0.01532	0.00747	0.00878	0.00201	0.14808	0.00609	0.00341	0.00811
2	0.00878	0.00807	0.05434	0.00902	0.01099	0.00619	0.00698	0.01065	0.01239	0.01720	0.06911	0.51628	0.06736	0.01511	0.00702	0.00211	0.00401	0.01350	0.00517	0.15573
3	0.00947	0.00819	0.01068	0.01121	0.06859	0.00863	0.00793	0.01151	0.01384	0.01852	0.21686	0.08342	0.31122	0.01333	0.00958	0.00218	0.14535	0.03835	0.00518	0.00597
4	0.01607	0.60117	0.16094	0.01209	0.01787	0.07194	0.01275	0.01893	0.01286	0.01534	0.00902	0.01046	0.00784	0.00541	0.00437	0.00144	0.00730	0.00354	0.00265	0.00802
5	0.01829	0.06493	0.17246	0.05552	0.08957	0.01410	0.07855	0.07975	0.12465	0.21471	0.01688	0.01717	0.01192	0.00666	0.00604	0.00191	0.00696	0.00570	0.00483	0.00941

[dist]
# distance from previous block
# <min> <max>
0	16

# created by:
# /home/cegg/simao/soft/augustus-3.2.1/scripts/msa2prfl.pl ./align_prep/EOG090W0H11.fa
