[name]
unknown

[dist]
# distance from previous block
# <min> <max>
0	89

[block]
# block no. 0 follows, 28 sequences, length 15
# corresponding to MSA columns:
# 125-139
name=unknown_A
#
# <colnr> <probs for GDERKNQSTAVLIFYWHMCP>
#	G	D	E	R	K	N	Q	S	T	A	V	L	I	F	Y	W	H	M	C	P
0	0.01652	0.01062	0.01283	0.01196	0.01492	0.01076	0.00929	0.02430	0.21161	0.15333	0.15863	0.16620	0.07877	0.01444	0.00826	0.00256	0.00509	0.07330	0.00759	0.00901
1	0.06163	0.01270	0.01452	0.01067	0.01675	0.00992	0.00849	0.01813	0.01486	0.02400	0.01392	0.04612	0.01220	0.00621	0.00550	0.00123	0.00535	0.00499	0.00442	0.70837
2	0.01636	0.01358	0.02194	0.36147	0.12237	0.01516	0.06144	0.04329	0.03358	0.08417	0.07898	0.02509	0.04703	0.00874	0.00814	0.00238	0.03484	0.00772	0.00466	0.00906
3	0.46994	0.13900	0.04245	0.05657	0.06599	0.06215	0.01150	0.02223	0.01403	0.04449	0.01118	0.01321	0.00888	0.00678	0.00517	0.00212	0.00710	0.00444	0.00415	0.00863
4	0.07286	0.03258	0.12213	0.02025	0.07044	0.51953	0.01613	0.02719	0.01902	0.01991	0.01160	0.01370	0.00940	0.00729	0.00652	0.00198	0.01198	0.00486	0.00368	0.00895
5	0.01355	0.05296	0.08456	0.05347	0.04885	0.01193	0.04471	0.05630	0.05829	0.04022	0.04619	0.35849	0.04669	0.01550	0.00826	0.00261	0.00639	0.03708	0.00586	0.00810
6	0.06863	0.04977	0.02125	0.01873	0.08519	0.04422	0.06318	0.16503	0.29156	0.03059	0.02094	0.02160	0.01605	0.01169	0.05647	0.00294	0.00830	0.00711	0.00598	0.01077
7	0.12633	0.01369	0.01617	0.01294	0.01777	0.01360	0.01047	0.18004	0.02171	0.37479	0.02366	0.06901	0.01737	0.02852	0.00863	0.03292	0.00643	0.00762	0.00753	0.01081
8	0.74518	0.01542	0.01134	0.01016	0.01461	0.06242	0.00828	0.02187	0.01291	0.03164	0.01019	0.01189	0.00797	0.00680	0.00463	0.00222	0.00612	0.00399	0.00445	0.00791
9	0.01868	0.04474	0.01800	0.04487	0.08538	0.22459	0.01248	0.04467	0.17442	0.02354	0.08532	0.03136	0.11988	0.01059	0.00739	0.00223	0.00806	0.02923	0.00555	0.00905
10	0.01139	0.00886	0.01020	0.01010	0.01085	0.04635	0.00690	0.01259	0.01158	0.01547	0.02082	0.03768	0.02202	0.41347	0.32165	0.00872	0.01262	0.00908	0.00415	0.00550
11	0.01973	0.01977	0.12198	0.03885	0.04582	0.01817	0.06080	0.18240	0.29756	0.05349	0.02262	0.04964	0.01733	0.00918	0.00744	0.00237	0.00764	0.00777	0.00625	0.01119
12	0.01830	0.02647	0.29461	0.02742	0.23326	0.06594	0.05711	0.06011	0.07476	0.04978	0.01543	0.01770	0.01163	0.00720	0.00714	0.00224	0.00960	0.00621	0.00413	0.01098
13	0.01545	0.01516	0.02484	0.10914	0.15887	0.04596	0.17740	0.03744	0.03472	0.02257	0.08441	0.02661	0.05780	0.01551	0.11315	0.00373	0.03558	0.00832	0.00442	0.00893
14	0.01721	0.03719	0.03988	0.01608	0.09425	0.05126	0.01166	0.07698	0.10829	0.05527	0.02542	0.02623	0.11341	0.01132	0.04522	0.00241	0.00724	0.00725	0.00533	0.24811

[dist]
# distance from previous block
# <min> <max>
3	14

[block]
# block no. 1 follows, 28 sequences, length 12
# corresponding to MSA columns:
# 155-158,169-176
name=unknown_B
#
# <colnr> <probs for GDERKNQSTAVLIFYWHMCP>
#	G	D	E	R	K	N	Q	S	T	A	V	L	I	F	Y	W	H	M	C	P
0	0.01043	0.00810	0.01069	0.01105	0.01274	0.00762	0.03467	0.04125	0.01612	0.02078	0.04671	0.39223	0.21672	0.01986	0.00910	0.00283	0.00498	0.12095	0.00664	0.00654
1	0.04571	0.01812	0.11957	0.20038	0.13832	0.06700	0.09072	0.01934	0.01522	0.02068	0.01722	0.12997	0.01612	0.01051	0.00884	0.05226	0.00899	0.00851	0.00395	0.00857
2	0.06366	0.16956	0.10578	0.04734	0.02372	0.04516	0.08180	0.11612	0.05815	0.05257	0.01485	0.03771	0.01216	0.00868	0.00951	0.00231	0.13034	0.00637	0.00448	0.00973
3	0.01355	0.00678	0.00678	0.00678	0.00847	0.00678	0.00508	0.01694	0.01524	0.02710	0.02371	0.02710	0.01863	0.00847	0.00508	0.00169	0.00339	0.00678	0.78489	0.00678
4	0.01062	0.00811	0.00987	0.00970	0.01154	0.00781	0.00716	0.01529	0.09238	0.02583	0.40285	0.18694	0.15165	0.01637	0.00858	0.00246	0.00388	0.01439	0.00751	0.00708
5	0.04274	0.04518	0.07496	0.03885	0.05685	0.04608	0.05998	0.02385	0.06562	0.18485	0.02494	0.10292	0.02208	0.01487	0.06303	0.00321	0.00849	0.10617	0.00594	0.00939
6	0.08168	0.12843	0.02114	0.01562	0.05984	0.05741	0.01215	0.14076	0.11933	0.23068	0.04683	0.02097	0.01667	0.00848	0.00670	0.00214	0.00707	0.00657	0.00657	0.01095
7	0.01355	0.00678	0.00678	0.00678	0.00847	0.00678	0.00508	0.01694	0.01524	0.02710	0.02371	0.02710	0.01863	0.00847	0.00508	0.00169	0.00339	0.00678	0.78489	0.00678
8	0.01355	0.00678	0.00678	0.00678	0.00847	0.00678	0.00508	0.01694	0.01524	0.02710	0.02371	0.02710	0.01863	0.00847	0.00508	0.00169	0.00339	0.00678	0.78489	0.00678
9	0.01797	0.06112	0.17578	0.01899	0.08631	0.11219	0.04130	0.06981	0.08417	0.05624	0.06385	0.11260	0.02063	0.01166	0.03277	0.00262	0.00886	0.00843	0.00507	0.00963
10	0.01823	0.08298	0.12856	0.03019	0.31448	0.01856	0.10294	0.09536	0.06123	0.02573	0.01709	0.01974	0.03730	0.00739	0.00719	0.00220	0.00889	0.00681	0.00426	0.01089
11	0.09105	0.04709	0.10575	0.09573	0.07677	0.06499	0.01474	0.12798	0.04058	0.08158	0.01620	0.04743	0.01288	0.00788	0.00659	0.00204	0.00789	0.00625	0.00497	0.14162

[dist]
# distance from previous block
# <min> <max>
6	17

[block]
# block no. 2 follows, 28 sequences, length 24
# corresponding to MSA columns:
# 207-230
name=unknown_C
#
# <colnr> <probs for GDERKNQSTAVLIFYWHMCP>
#	G	D	E	R	K	N	Q	S	T	A	V	L	I	F	Y	W	H	M	C	P
0	0.04128	0.00888	0.01235	0.01234	0.01453	0.00865	0.04931	0.01452	0.01662	0.02235	0.12800	0.06614	0.15849	0.04845	0.03894	0.00344	0.00654	0.33599	0.00640	0.00675
1	0.01520	0.05570	0.01630	0.01330	0.01505	0.01426	0.01057	0.04281	0.04684	0.07453	0.06606	0.02832	0.02027	0.13968	0.21849	0.00591	0.19634	0.00794	0.00475	0.00768
2	0.05890	0.16543	0.06647	0.02249	0.16651	0.33282	0.01580	0.02487	0.01758	0.01992	0.01191	0.01453	0.01007	0.00873	0.03288	0.00229	0.01087	0.00504	0.00359	0.00930
3	0.10325	0.03866	0.08623	0.07023	0.10686	0.06861	0.04061	0.14878	0.05128	0.08743	0.01629	0.01950	0.01264	0.00824	0.00786	0.00225	0.05151	0.02737	0.00509	0.04731
4	0.01876	0.01594	0.02237	0.09888	0.29316	0.01725	0.01671	0.04852	0.29199	0.06768	0.02115	0.02227	0.01613	0.00816	0.00729	0.00232	0.00739	0.00724	0.00555	0.01124
5	0.01355	0.00678	0.00678	0.00678	0.00847	0.00678	0.00508	0.01694	0.01524	0.02710	0.02371	0.02710	0.01863	0.00847	0.00508	0.00169	0.00339	0.00678	0.78489	0.00678
6	0.01042	0.00765	0.01096	0.01096	0.01201	0.00869	0.00819	0.01252	0.01147	0.01634	0.02013	0.03221	0.01976	0.18728	0.58514	0.01079	0.01708	0.00832	0.00399	0.00609
7	0.01530	0.01526	0.02303	0.01931	0.02019	0.01999	0.09009	0.01733	0.01203	0.01813	0.01305	0.07598	0.01339	0.03702	0.02136	0.00321	0.56595	0.00791	0.00357	0.00788
8	0.00943	0.00735	0.00856	0.00835	0.01036	0.00648	0.00623	0.01203	0.01843	0.02426	0.37729	0.08917	0.36231	0.01684	0.00861	0.00239	0.00358	0.01448	0.00736	0.00648
9	0.01660	0.02176	0.18878	0.11564	0.12289	0.01759	0.19918	0.05462	0.09005	0.02426	0.01627	0.02095	0.01272	0.00774	0.00829	0.00242	0.03815	0.02779	0.00412	0.01017
10	0.01355	0.00678	0.00678	0.00678	0.00847	0.00678	0.00508	0.01694	0.01524	0.02710	0.02371	0.02710	0.01863	0.00847	0.00508	0.00169	0.00339	0.00678	0.78489	0.00678
11	0.01597	0.01494	0.08077	0.01673	0.08303	0.05395	0.06007	0.02029	0.05269	0.10006	0.20195	0.03529	0.09927	0.03800	0.04363	0.02810	0.03133	0.00947	0.00587	0.00859
12	0.02536	0.02127	0.02040	0.01656	0.02169	0.11894	0.01331	0.43702	0.18297	0.03831	0.01938	0.01908	0.01421	0.00881	0.00720	0.00220	0.00820	0.00667	0.00680	0.01161
13	0.02644	0.08703	0.02252	0.01711	0.02207	0.30097	0.01372	0.34009	0.04846	0.03165	0.01474	0.01554	0.01123	0.00806	0.00677	0.00201	0.00996	0.00563	0.00551	0.01050
14	0.01705	0.11130	0.28453	0.02238	0.16620	0.01676	0.01930	0.02354	0.06291	0.07817	0.05746	0.02193	0.01627	0.01023	0.04067	0.00266	0.00908	0.02479	0.00441	0.01037
15	0.10371	0.04466	0.01385	0.01194	0.01472	0.01003	0.04844	0.01749	0.01589	0.12949	0.06208	0.30466	0.09039	0.01597	0.00816	0.00264	0.00555	0.08612	0.00653	0.00770
16	0.01355	0.00678	0.00678	0.00678	0.00847	0.00678	0.00508	0.01694	0.01524	0.02710	0.02371	0.02710	0.01863	0.00847	0.00508	0.00169	0.00339	0.00678	0.78489	0.00678
17	0.01263	0.00834	0.01101	0.01223	0.04577	0.00796	0.00822	0.01584	0.06510	0.09400	0.09232	0.48230	0.07842	0.01866	0.00873	0.00272	0.00466	0.01671	0.00698	0.00738
18	0.01507	0.01292	0.01507	0.01077	0.01723	0.00969	0.00861	0.01830	0.01507	0.02369	0.01292	0.01507	0.01077	0.00538	0.00538	0.00108	0.00538	0.00431	0.00431	0.78898
19	0.01272	0.01085	0.04636	0.01642	0.12721	0.00958	0.01078	0.04251	0.01702	0.04429	0.17919	0.27537	0.07017	0.06097	0.01024	0.00284	0.00558	0.04393	0.00627	0.00771
20	0.01333	0.01272	0.06231	0.01723	0.11429	0.01123	0.03360	0.04170	0.01443	0.02077	0.01927	0.09960	0.01867	0.08421	0.26218	0.00586	0.01157	0.00839	0.00434	0.14429
21	0.01523	0.01436	0.02111	0.49922	0.10797	0.04901	0.01824	0.05176	0.04422	0.02094	0.01767	0.04970	0.04332	0.00849	0.00737	0.00238	0.00901	0.00742	0.00396	0.00862
22	0.05429	0.01817	0.06119	0.03655	0.07610	0.12594	0.01243	0.07572	0.03782	0.07337	0.06264	0.05651	0.04442	0.00868	0.00671	0.00191	0.00741	0.00699	0.00518	0.22798
23	0.06837	0.17131	0.13313	0.10662	0.02589	0.09369	0.06463	0.07174	0.06363	0.04873	0.01642	0.07493	0.01397	0.00851	0.00669	0.00218	0.00879	0.00687	0.00444	0.00945

[dist]
# distance from previous block
# <min> <max>
1	10

[block]
# block no. 3 follows, 28 sequences, length 13
# corresponding to MSA columns:
# 241-253
name=unknown_D
#
# <colnr> <probs for GDERKNQSTAVLIFYWHMCP>
#	G	D	E	R	K	N	Q	S	T	A	V	L	I	F	Y	W	H	M	C	P
0	0.05786	0.14565	0.08888	0.01573	0.02116	0.14215	0.04702	0.13868	0.11358	0.05613	0.02201	0.02227	0.08082	0.00882	0.00675	0.00212	0.00841	0.00678	0.00526	0.00991
1	0.01687	0.15690	0.02279	0.15330	0.09685	0.05208	0.01400	0.01990	0.01532	0.05512	0.01954	0.02219	0.08708	0.00869	0.00863	0.00206	0.09832	0.00654	0.00414	0.13968
2	0.01188	0.00938	0.01124	0.01052	0.01310	0.00886	0.00782	0.01740	0.12601	0.02507	0.26245	0.23281	0.07553	0.01480	0.00804	0.00230	0.00436	0.01304	0.00688	0.13851
3	0.02059	0.02094	0.09834	0.06135	0.09447	0.01949	0.24854	0.25676	0.05137	0.03142	0.01597	0.01856	0.01178	0.00739	0.00769	0.00231	0.00983	0.00720	0.00503	0.01096
4	0.01155	0.00826	0.01149	0.01291	0.01459	0.00820	0.01117	0.01491	0.01716	0.02258	0.11186	0.07890	0.04482	0.01950	0.00988	0.00323	0.00633	0.57910	0.00684	0.00671
5	0.01261	0.00805	0.01028	0.00964	0.01191	0.00729	0.00749	0.01568	0.01955	0.10221	0.45183	0.05626	0.17137	0.01530	0.00857	0.00241	0.00408	0.07036	0.00777	0.00733
6	0.00886	0.00633	0.00843	0.01012	0.01054	0.00590	0.00675	0.01012	0.01392	0.01856	0.04006	0.73979	0.04808	0.02277	0.00928	0.00295	0.00422	0.02066	0.00675	0.00590
7	0.01001	0.00742	0.00934	0.00886	0.01069	0.00674	0.00664	0.01319	0.01993	0.02761	0.59472	0.05683	0.17019	0.01544	0.00858	0.00231	0.00347	0.01350	0.00780	0.00674
8	0.02010	0.02118	0.02434	0.25486	0.20228	0.21482	0.04750	0.08666	0.01879	0.02252	0.01315	0.01708	0.01038	0.00722	0.00711	0.00218	0.01034	0.00606	0.00388	0.00953
9	0.01537	0.01319	0.01521	0.01117	0.01739	0.01053	0.00890	0.02034	0.08225	0.02436	0.01459	0.01628	0.01191	0.00583	0.00558	0.00122	0.00542	0.00470	0.00462	0.71113
10	0.01052	0.00770	0.00991	0.00949	0.01120	0.00728	0.00706	0.01453	0.05009	0.02828	0.60792	0.11304	0.06469	0.01533	0.00858	0.00235	0.00360	0.01358	0.00786	0.00699
11	0.15768	0.15548	0.17098	0.08264	0.05976	0.04733	0.01531	0.04988	0.01561	0.02379	0.01429	0.07306	0.01260	0.00800	0.00615	0.00206	0.00797	0.00615	0.00402	0.08725
12	0.07485	0.29981	0.13043	0.03941	0.05324	0.07042	0.01473	0.07027	0.01706	0.07347	0.01309	0.01461	0.01033	0.00680	0.00579	0.00185	0.00822	0.00487	0.00413	0.08662

[dist]
# distance from previous block
# <min> <max>
1	8

[block]
# block no. 4 follows, 28 sequences, length 12
# corresponding to MSA columns:
# 262-273
name=unknown_E
#
# <colnr> <probs for GDERKNQSTAVLIFYWHMCP>
#	G	D	E	R	K	N	Q	S	T	A	V	L	I	F	Y	W	H	M	C	P
0	0.02017	0.06290	0.09163	0.04691	0.02157	0.06411	0.01385	0.15394	0.18888	0.09321	0.02468	0.05217	0.03567	0.01061	0.00749	0.00240	0.00757	0.08569	0.00625	0.01029
1	0.01263	0.00631	0.00947	0.00947	0.00947	0.00631	0.00631	0.00947	0.00947	0.01263	0.01263	0.02210	0.01263	0.02525	0.02841	0.78851	0.00631	0.00631	0.00316	0.00316
2	0.04074	0.06130	0.06651	0.04773	0.04626	0.01688	0.04329	0.23246	0.08878	0.05766	0.05030	0.08987	0.01876	0.01029	0.00802	0.03261	0.00727	0.00801	0.00587	0.06739
3	0.01771	0.40950	0.20019	0.05917	0.02494	0.02314	0.06090	0.05313	0.01585	0.02044	0.01211	0.01465	0.01000	0.00886	0.03950	0.00236	0.00949	0.00504	0.00338	0.00964
4	0.01196	0.05327	0.01167	0.01009	0.01197	0.00946	0.00741	0.07070	0.03807	0.02240	0.14272	0.27888	0.15949	0.08724	0.01209	0.04025	0.00496	0.01421	0.00640	0.00678
5	0.00911	0.00667	0.00868	0.00978	0.01065	0.00625	0.00677	0.01080	0.01495	0.01997	0.12899	0.53237	0.12033	0.02318	0.05203	0.00334	0.00498	0.01830	0.00674	0.00609
6	0.01817	0.16609	0.12002	0.02105	0.17945	0.03925	0.01530	0.05830	0.04889	0.07743	0.01828	0.08031	0.01660	0.09790	0.01043	0.00273	0.00797	0.00756	0.00461	0.00966
7	0.12590	0.08965	0.05753	0.01988	0.05100	0.01906	0.19125	0.16688	0.04562	0.11483	0.01629	0.01788	0.01192	0.00756	0.00754	0.00226	0.03259	0.00658	0.00528	0.01049
8	0.10300	0.04900	0.06461	0.01342	0.01763	0.04615	0.01158	0.08927	0.13507	0.10986	0.06978	0.06646	0.05148	0.01401	0.05029	0.00298	0.00743	0.08236	0.00628	0.00935
9	0.02093	0.12380	0.02497	0.07561	0.11062	0.17062	0.07157	0.12521	0.01944	0.04794	0.03987	0.01925	0.01374	0.04226	0.00959	0.03111	0.03328	0.00637	0.00448	0.00935
10	0.04856	0.20132	0.13804	0.01604	0.05189	0.01822	0.03521	0.10892	0.01796	0.11349	0.01569	0.01796	0.01226	0.03042	0.06483	0.00286	0.00889	0.00574	0.00473	0.08696
11	0.06558	0.16668	0.07189	0.06658	0.09637	0.18447	0.03915	0.02254	0.04760	0.02133	0.06432	0.06256	0.04410	0.00893	0.00669	0.00210	0.00875	0.00711	0.00432	0.00890

[dist]
# distance from previous block
# <min> <max>
20	117

[block]
# block no. 5 follows, 28 sequences, length 13
# corresponding to MSA columns:
# 405-417
name=unknown_F
#
# <colnr> <probs for GDERKNQSTAVLIFYWHMCP>
#	G	D	E	R	K	N	Q	S	T	A	V	L	I	F	Y	W	H	M	C	P
0	0.12519	0.12239	0.07094	0.01461	0.01963	0.10978	0.01278	0.17624	0.09469	0.06355	0.04376	0.04822	0.01706	0.00929	0.00670	0.00220	0.00780	0.03969	0.00562	0.00987
1	0.06975	0.20450	0.06890	0.06761	0.04411	0.08233	0.01379	0.13811	0.05316	0.05662	0.01526	0.01832	0.01233	0.00769	0.00625	0.00196	0.00804	0.03027	0.00477	0.09622
2	0.01355	0.00678	0.00678	0.00678	0.00847	0.00678	0.00508	0.01694	0.01524	0.02710	0.02371	0.02710	0.01863	0.00847	0.00508	0.00169	0.00339	0.00678	0.78489	0.00678
3	0.12244	0.05816	0.04792	0.01231	0.01788	0.01267	0.03312	0.05358	0.01623	0.09819	0.01759	0.10179	0.01552	0.00834	0.00617	0.00177	0.00612	0.00681	0.00513	0.35827
4	0.01454	0.06121	0.20628	0.03983	0.08741	0.03921	0.01518	0.01881	0.01534	0.02158	0.04466	0.06651	0.04806	0.07244	0.00943	0.00243	0.00770	0.02930	0.00426	0.19583
5	0.02426	0.02959	0.02204	0.02103	0.08396	0.52440	0.04119	0.02660	0.01902	0.01895	0.01159	0.01415	0.00974	0.00757	0.00785	0.00196	0.06370	0.00510	0.00373	0.06357
6	0.01632	0.03416	0.60059	0.02074	0.03080	0.01645	0.07085	0.02411	0.01595	0.08191	0.01451	0.01646	0.01010	0.00703	0.00706	0.00231	0.01046	0.00576	0.00362	0.01082
7	0.01276	0.02057	0.26773	0.07015	0.02454	0.01282	0.09263	0.01871	0.04468	0.02282	0.11405	0.03667	0.20939	0.01115	0.00782	0.00238	0.00776	0.00968	0.00497	0.00870
8	0.01355	0.00678	0.00678	0.00678	0.00847	0.00678	0.00508	0.01694	0.01524	0.02710	0.02371	0.02710	0.01863	0.00847	0.00508	0.00169	0.00339	0.00678	0.78489	0.00678
9	0.01024	0.01037	0.07734	0.00979	0.01259	0.00764	0.00845	0.01372	0.01896	0.02592	0.45676	0.05481	0.23619	0.01506	0.00841	0.00233	0.00422	0.01299	0.00717	0.00704
10	0.08039	0.01639	0.02351	0.10656	0.20236	0.05123	0.10702	0.06091	0.01693	0.02497	0.01381	0.01729	0.01101	0.00655	0.00662	0.00194	0.00819	0.00596	0.03880	0.19956
11	0.01581	0.05144	0.01716	0.01467	0.03624	0.10044	0.06017	0.06526	0.04750	0.04479	0.12138	0.18916	0.08989	0.05750	0.01067	0.00271	0.04993	0.01150	0.00582	0.00796
12	0.15806	0.06622	0.06060	0.01646	0.02121	0.09980	0.08574	0.15560	0.01922	0.02808	0.06073	0.01831	0.01440	0.00982	0.03058	0.00252	0.09271	0.00622	0.00478	0.04895

[dist]
# distance from previous block
# <min> <max>
1	6

[block]
# block no. 6 follows, 28 sequences, length 16
# corresponding to MSA columns:
# 424-438,440
name=unknown_G
#
# <colnr> <probs for GDERKNQSTAVLIFYWHMCP>
#	G	D	E	R	K	N	Q	S	T	A	V	L	I	F	Y	W	H	M	C	P
0	0.05630	0.13190	0.08243	0.23947	0.02809	0.07623	0.01474	0.06107	0.01649	0.02170	0.06608	0.09955	0.01902	0.04713	0.00846	0.00249	0.00826	0.00793	0.00436	0.00829
1	0.04208	0.03979	0.08030	0.04112	0.01931	0.13232	0.01236	0.06373	0.06028	0.11860	0.10980	0.03286	0.13301	0.01119	0.00840	0.00231	0.04996	0.02770	0.00592	0.00898
2	0.65794	0.01453	0.03489	0.03999	0.01606	0.01589	0.00904	0.04301	0.01349	0.03177	0.01150	0.01347	0.00887	0.00696	0.00483	0.00222	0.00590	0.00437	0.05721	0.00806
3	0.01134	0.00914	0.01008	0.00970	0.01197	0.00908	0.00715	0.01754	0.16834	0.02355	0.19436	0.10309	0.28858	0.09003	0.01126	0.00292	0.00448	0.01314	0.00694	0.00732
4	0.01355	0.00678	0.00678	0.00678	0.00847	0.00678	0.00508	0.01694	0.01524	0.02710	0.02371	0.02710	0.01863	0.00847	0.00508	0.00169	0.00339	0.00678	0.78489	0.00678
5	0.01769	0.05759	0.10069	0.13175	0.18368	0.05841	0.16652	0.04718	0.09532	0.02347	0.01527	0.01866	0.01187	0.00729	0.00789	0.00230	0.03340	0.00680	0.00405	0.01016
6	0.01355	0.00678	0.00678	0.00678	0.00847	0.00678	0.00508	0.01694	0.01524	0.02710	0.02371	0.02710	0.01863	0.00847	0.00508	0.00169	0.00339	0.00678	0.78489	0.00678
7	0.01656	0.06215	0.01850	0.01939	0.18038	0.01290	0.01240	0.05899	0.04338	0.08704	0.08984	0.08286	0.10997	0.01149	0.00754	0.00222	0.00622	0.06934	0.00582	0.10298
8	0.01437	0.04813	0.13959	0.11520	0.02346	0.01485	0.01474	0.03956	0.10269	0.02247	0.04235	0.13835	0.04421	0.01159	0.00947	0.00244	0.09592	0.03295	0.00491	0.08275
9	0.62352	0.08908	0.01483	0.05916	0.01723	0.01787	0.00959	0.02102	0.01270	0.02930	0.01028	0.01252	0.00823	0.00703	0.00569	0.00224	0.04324	0.00423	0.00420	0.00804
10	0.01115	0.00815	0.01023	0.01018	0.01111	0.00886	0.00703	0.01431	0.08023	0.01710	0.02347	0.08516	0.02438	0.36355	0.28506	0.00803	0.01135	0.00998	0.00468	0.00601
11	0.01486	0.01606	0.10936	0.12164	0.18093	0.01404	0.03880	0.02033	0.06767	0.04849	0.11244	0.08031	0.08096	0.01066	0.00864	0.00241	0.04891	0.00923	0.00503	0.00921
12	0.01352	0.01475	0.09007	0.50691	0.04067	0.01523	0.01887	0.01795	0.01430	0.01890	0.01560	0.06345	0.01361	0.00980	0.00929	0.03253	0.05251	0.04049	0.00359	0.00796
13	0.02561	0.06202	0.02196	0.06031	0.05894	0.56108	0.01474	0.07313	0.02075	0.02008	0.01185	0.01396	0.00970	0.00746	0.00660	0.00193	0.01209	0.00497	0.00393	0.00888
14	0.01806	0.01553	0.04148	0.02155	0.14463	0.01537	0.10322	0.14773	0.01953	0.07240	0.02640	0.05884	0.11799	0.01233	0.03612	0.00274	0.07085	0.03097	0.00540	0.03885
15	0.02191	0.01974	0.14318	0.02102	0.07951	0.01595	0.15103	0.12467	0.07178	0.20142	0.02092	0.06116	0.01570	0.00865	0.00760	0.00234	0.00855	0.00788	0.00593	0.01106

[dist]
# distance from previous block
# <min> <max>
25	63

[block]
# block no. 7 follows, 28 sequences, length 35
# corresponding to MSA columns:
# 536-570
name=unknown_H
#
# <colnr> <probs for GDERKNQSTAVLIFYWHMCP>
#	G	D	E	R	K	N	Q	S	T	A	V	L	I	F	Y	W	H	M	C	P
0	0.02198	0.05193	0.07382	0.01608	0.02192	0.01774	0.06309	0.28107	0.10714	0.09753	0.04524	0.04457	0.01680	0.00876	0.00714	0.00213	0.00746	0.00723	0.00633	0.10204
1	0.01838	0.05230	0.13014	0.07657	0.08290	0.01617	0.01522	0.12140	0.15844	0.08528	0.06999	0.02849	0.07011	0.00981	0.00740	0.00233	0.00733	0.03154	0.00590	0.01030
2	0.01838	0.01797	0.08733	0.02141	0.19034	0.05332	0.01471	0.10354	0.03830	0.06499	0.02065	0.04893	0.06515	0.00834	0.00686	0.00194	0.00737	0.00701	0.00499	0.21847
3	0.01626	0.03769	0.07716	0.05493	0.10505	0.01370	0.04000	0.07053	0.05482	0.02569	0.07138	0.01990	0.01624	0.00710	0.00647	0.00172	0.00687	0.00607	0.00471	0.36374
4	0.03711	0.01711	0.07688	0.02896	0.02050	0.03756	0.03438	0.10684	0.19793	0.04824	0.05640	0.02414	0.03493	0.00860	0.00688	0.00201	0.00676	0.02320	0.00579	0.22577
5	0.01370	0.03095	0.01611	0.06014	0.13539	0.05573	0.01178	0.01765	0.05864	0.02268	0.16385	0.19445	0.07149	0.01366	0.00862	0.00243	0.03395	0.03993	0.00575	0.04309
6	0.07620	0.01677	0.02648	0.07079	0.45215	0.04457	0.08434	0.02125	0.01636	0.02346	0.01928	0.02268	0.07848	0.00772	0.00725	0.00223	0.00852	0.00729	0.00397	0.01023
7	0.01728	0.04379	0.07070	0.05682	0.19029	0.07524	0.17833	0.02345	0.09195	0.02263	0.01706	0.07326	0.01475	0.00848	0.00849	0.00232	0.05254	0.00787	0.00424	0.04052
8	0.00887	0.00655	0.00830	0.00961	0.01043	0.00598	0.00654	0.01032	0.01464	0.01917	0.07247	0.59738	0.15973	0.02171	0.00913	0.00284	0.00409	0.01945	0.00680	0.00598
9	0.01591	0.06811	0.01790	0.01403	0.01749	0.01386	0.07497	0.06217	0.19917	0.06047	0.12996	0.11171	0.04738	0.06639	0.01011	0.00280	0.00631	0.06586	0.00651	0.00889
10	0.01011	0.00742	0.00947	0.00896	0.01075	0.00678	0.00672	0.01338	0.02016	0.02817	0.63153	0.05591	0.13302	0.01522	0.00858	0.00230	0.00346	0.01337	0.00787	0.00678
11	0.02512	0.01921	0.02167	0.04647	0.07294	0.02131	0.01439	0.51716	0.11810	0.04108	0.01860	0.01884	0.01349	0.00865	0.00728	0.00223	0.00782	0.00676	0.00686	0.01202
12	0.01899	0.00986	0.01263	0.01079	0.01421	0.00903	0.00849	0.02329	0.06923	0.27912	0.33632	0.04289	0.10931	0.01267	0.00802	0.00230	0.00465	0.01084	0.00820	0.00918
13	0.01433	0.01744	0.21393	0.05031	0.02034	0.01128	0.01440	0.04384	0.01859	0.08341	0.27715	0.06284	0.05324	0.01230	0.00804	0.00242	0.00665	0.07466	0.00618	0.00866
14	0.02642	0.02126	0.02106	0.01640	0.02205	0.09835	0.01336	0.54282	0.03091	0.04066	0.01634	0.01675	0.01188	0.00828	0.00702	0.00205	0.00833	0.00613	0.00661	0.08331
15	0.01799	0.01727	0.02950	0.04462	0.69919	0.01727	0.02231	0.02231	0.01655	0.02375	0.01367	0.01799	0.01151	0.00648	0.00720	0.00216	0.00864	0.00648	0.00360	0.01151
16	0.01534	0.08786	0.38420	0.01919	0.07774	0.05291	0.01981	0.02260	0.07030	0.02341	0.09637	0.02384	0.05845	0.00869	0.00706	0.00223	0.00879	0.00702	0.00429	0.00990
17	0.01000	0.00742	0.00932	0.00885	0.01069	0.00674	0.00664	0.01317	0.01991	0.02756	0.59142	0.05692	0.17352	0.01545	0.00858	0.00231	0.00347	0.01351	0.00779	0.00674
18	0.01571	0.01587	0.02971	0.36684	0.19661	0.01706	0.21041	0.02081	0.01576	0.02114	0.01361	0.01913	0.01050	0.00675	0.00763	0.00237	0.01019	0.00708	0.00344	0.00937
19	0.00886	0.00633	0.00843	0.01012	0.01054	0.00590	0.00675	0.01012	0.01392	0.01856	0.04006	0.73979	0.04808	0.02277	0.00928	0.00295	0.00422	0.02066	0.00675	0.00590
20	0.01507	0.01292	0.01507	0.01077	0.01723	0.00969	0.00861	0.01830	0.01507	0.02369	0.01292	0.01507	0.01077	0.00538	0.00538	0.00108	0.00538	0.00431	0.00431	0.78898
21	0.01571	0.10001	0.59013	0.01966	0.02944	0.04935	0.02441	0.02377	0.04112	0.02254	0.01333	0.01537	0.00972	0.00698	0.00671	0.00222	0.01039	0.00532	0.00327	0.01054
22	0.02543	0.05815	0.02376	0.02123	0.07729	0.51256	0.06364	0.09217	0.02115	0.02144	0.01226	0.01436	0.00996	0.00738	0.00675	0.00196	0.01198	0.00527	0.00406	0.00920
23	0.01592	0.05621	0.58745	0.02241	0.09535	0.01699	0.02520	0.02351	0.01571	0.05559	0.01377	0.01594	0.00986	0.00694	0.00688	0.00226	0.01023	0.00553	0.00341	0.01085
24	0.01503	0.00848	0.01123	0.00995	0.01249	0.00767	0.00767	0.01832	0.02062	0.17241	0.55388	0.04803	0.05785	0.01362	0.00831	0.00228	0.00401	0.01191	0.00821	0.00803
25	0.01984	0.01638	0.01799	0.01649	0.05419	0.01852	0.01236	0.17738	0.47774	0.03342	0.05598	0.02573	0.02155	0.00966	0.00741	0.00238	0.00629	0.00798	0.00720	0.01149
26	0.00886	0.00633	0.00843	0.01012	0.01054	0.00590	0.00675	0.01012	0.01392	0.01856	0.04006	0.73979	0.04808	0.02277	0.00928	0.00295	0.00422	0.02066	0.00675	0.00590
27	0.02513	0.01624	0.01821	0.01467	0.01976	0.01732	0.01189	0.29738	0.20922	0.20737	0.02701	0.02511	0.05746	0.00969	0.00739	0.00229	0.00666	0.00773	0.00771	0.01176
28	0.03261	0.01237	0.01687	0.01293	0.01856	0.01068	0.01068	0.03543	0.02081	0.70423	0.02868	0.02474	0.01799	0.00900	0.00731	0.00225	0.00619	0.00731	0.00900	0.01237
29	0.01221	0.01032	0.01105	0.01078	0.01193	0.08285	0.00767	0.01392	0.01338	0.01757	0.10666	0.03693	0.02663	0.28765	0.31057	0.00780	0.01236	0.00913	0.00459	0.00601
30	0.01552	0.01278	0.01405	0.01267	0.01601	0.01406	0.00980	0.05884	0.40693	0.03012	0.24280	0.03769	0.07420	0.01187	0.00783	0.00239	0.00500	0.01010	0.00755	0.00977
31	0.01307	0.05338	0.04912	0.01090	0.01387	0.06325	0.00906	0.05486	0.01996	0.02636	0.39819	0.04809	0.16867	0.01381	0.00808	0.00227	0.00519	0.02750	0.00684	0.00751
32	0.01523	0.01343	0.01719	0.01228	0.01880	0.01035	0.05904	0.01868	0.01523	0.02366	0.01306	0.01542	0.01079	0.00544	0.00563	0.00118	0.00591	0.00463	0.00426	0.72982
33	0.02170	0.37872	0.02938	0.01425	0.02006	0.02149	0.06189	0.09780	0.03876	0.14371	0.01687	0.05321	0.01380	0.00790	0.00609	0.00189	0.00748	0.00617	0.00505	0.05379
34	0.01716	0.07663	0.50804	0.01883	0.02801	0.08552	0.02244	0.02387	0.01611	0.06034	0.01356	0.01541	0.00984	0.00692	0.00664	0.00212	0.01014	0.00524	0.00356	0.06961

[dist]
# distance from previous block
# <min> <max>
0	9

[block]
# block no. 8 follows, 28 sequences, length 15
# corresponding to MSA columns:
# 580-594
name=unknown_I
#
# <colnr> <probs for GDERKNQSTAVLIFYWHMCP>
#	G	D	E	R	K	N	Q	S	T	A	V	L	I	F	Y	W	H	M	C	P
0	0.12128	0.09062	0.32915	0.01680	0.02420	0.01737	0.04489	0.07705	0.07225	0.04531	0.06235	0.03636	0.01572	0.00818	0.00671	0.00225	0.00843	0.00647	0.00458	0.01005
1	0.06468	0.01638	0.02531	0.05273	0.24240	0.01979	0.06297	0.01974	0.01351	0.02090	0.01140	0.01671	0.01019	0.00967	0.01560	0.00271	0.37623	0.00641	0.00343	0.00924
2	0.01041	0.00768	0.01116	0.01116	0.01227	0.00880	0.00843	0.01264	0.01153	0.01648	0.01995	0.03123	0.01933	0.15137	0.62046	0.01103	0.01773	0.00818	0.00397	0.00620
3	0.02227	0.02331	0.02453	0.07324	0.16146	0.25057	0.08594	0.13510	0.10408	0.02586	0.01553	0.01768	0.01209	0.00763	0.00717	0.00215	0.01012	0.00633	0.00471	0.01021
4	0.01041	0.00770	0.01122	0.01122	0.01235	0.00883	0.00851	0.01268	0.01154	0.01653	0.01990	0.03092	0.01920	0.14012	0.63153	0.01111	0.01793	0.00813	0.00396	0.00623
5	0.01807	0.06480	0.20793	0.01463	0.01991	0.06187	0.01435	0.05681	0.01780	0.15356	0.07923	0.20983	0.02615	0.01221	0.00760	0.00238	0.00739	0.01031	0.00585	0.00931
6	0.01263	0.00631	0.00947	0.00947	0.00947	0.00631	0.00631	0.00947	0.00947	0.01263	0.01263	0.02210	0.01263	0.02525	0.02841	0.78851	0.00631	0.00631	0.00316	0.00316
7	0.02114	0.01793	0.01953	0.01888	0.10228	0.06161	0.01339	0.23795	0.30827	0.03366	0.06954	0.02397	0.02023	0.00929	0.00736	0.00229	0.00711	0.00760	0.00671	0.01126
8	0.01141	0.00740	0.00960	0.01052	0.01152	0.00703	0.00724	0.04171	0.01516	0.06690	0.03753	0.62860	0.04348	0.05191	0.01023	0.00304	0.00464	0.01868	0.00683	0.00658
9	0.00909	0.00682	0.00843	0.00923	0.01043	0.00616	0.00646	0.01095	0.01597	0.02104	0.18537	0.42845	0.21508	0.02002	0.00896	0.00269	0.00392	0.01776	0.00701	0.00616
10	0.06268	0.14543	0.02467	0.01634	0.02174	0.06229	0.08263	0.28645	0.08715	0.06148	0.06416	0.01993	0.01638	0.00839	0.00688	0.00212	0.00799	0.00671	0.00595	0.01063
11	0.01729	0.01923	0.04073	0.03289	0.14476	0.01820	0.56775	0.02313	0.01706	0.02336	0.01454	0.01935	0.01111	0.00618	0.00836	0.00240	0.01167	0.00824	0.00366	0.01008
12	0.01507	0.01292	0.01507	0.01077	0.01723	0.00969	0.00861	0.01830	0.01507	0.02369	0.01292	0.01507	0.01077	0.00538	0.00538	0.00108	0.00538	0.00431	0.00431	0.78898
13	0.07187	0.16157	0.28817	0.02362	0.19537	0.01896	0.01993	0.05723	0.01662	0.02432	0.04778	0.01719	0.01295	0.00716	0.00650	0.00211	0.00877	0.00574	0.00379	0.01036
14	0.51680	0.05495	0.03801	0.03159	0.05427	0.08077	0.01087	0.06188	0.01532	0.06160	0.01189	0.01350	0.00911	0.00702	0.00529	0.00218	0.00702	0.00456	0.00461	0.00877

[dist]
# distance from previous block
# <min> <max>
5	8

[block]
# block no. 9 follows, 28 sequences, length 27
# corresponding to MSA columns:
# 605-629,631,632
name=unknown_J
#
# <colnr> <probs for GDERKNQSTAVLIFYWHMCP>
#	G	D	E	R	K	N	Q	S	T	A	V	L	I	F	Y	W	H	M	C	P
0	0.02014	0.41415	0.06220	0.01504	0.01988	0.19150	0.01370	0.02253	0.01578	0.01770	0.01302	0.01512	0.03721	0.00793	0.00798	0.00192	0.10696	0.00495	0.00342	0.00886
1	0.01850	0.01883	0.03973	0.03021	0.08588	0.01766	0.56909	0.02422	0.01741	0.07989	0.01579	0.01991	0.01164	0.00639	0.00837	0.00241	0.01148	0.00832	0.00411	0.01015
2	0.02630	0.02736	0.01986	0.01729	0.02161	0.42783	0.01334	0.14462	0.12527	0.08168	0.01660	0.01699	0.01258	0.00820	0.00687	0.00205	0.01050	0.00577	0.00536	0.00992
3	0.34469	0.01546	0.02044	0.15241	0.12184	0.01709	0.09374	0.08957	0.01631	0.02883	0.01280	0.01601	0.00984	0.00698	0.00620	0.00227	0.00782	0.00568	0.02290	0.00911
4	0.12244	0.01801	0.10932	0.03991	0.03999	0.01583	0.03655	0.21448	0.02178	0.13815	0.04919	0.02624	0.03301	0.00946	0.00718	0.00231	0.00748	0.06438	0.00613	0.03817
5	0.01748	0.01611	0.02236	0.02290	0.16495	0.01737	0.10336	0.03173	0.42129	0.02751	0.02632	0.02623	0.05090	0.00905	0.00757	0.00240	0.00715	0.00824	0.00606	0.01102
6	0.01176	0.00752	0.00994	0.00977	0.01142	0.00689	0.00715	0.01448	0.01856	0.08360	0.43846	0.26092	0.05801	0.01677	0.00868	0.00249	0.00391	0.01494	0.00770	0.00704
7	0.01862	0.01911	0.07955	0.07953	0.37763	0.01808	0.10864	0.10962	0.06836	0.02670	0.01540	0.01871	0.01206	0.00706	0.00739	0.00225	0.00905	0.00682	0.00431	0.01111
8	0.00895	0.00640	0.00852	0.01005	0.01056	0.00597	0.00676	0.01037	0.01437	0.01928	0.08477	0.69303	0.04948	0.02223	0.00923	0.00291	0.00416	0.02015	0.00683	0.00597
9	0.02648	0.02001	0.02045	0.01625	0.02162	0.07271	0.01320	0.47178	0.13622	0.09595	0.01986	0.01928	0.01418	0.00884	0.00724	0.00221	0.00787	0.00674	0.00717	0.01193
10	0.05913	0.16898	0.02616	0.02078	0.10017	0.30768	0.05195	0.02416	0.01678	0.01932	0.01115	0.01417	0.00966	0.00790	0.00921	0.00212	0.13302	0.00520	0.00354	0.00893
11	0.00886	0.00633	0.00843	0.01012	0.01054	0.00590	0.00675	0.01012	0.01392	0.01856	0.04006	0.73979	0.04808	0.02277	0.00928	0.00295	0.00422	0.02066	0.00675	0.00590
12	0.02490	0.01775	0.01925	0.01526	0.02050	0.01933	0.01244	0.45761	0.13596	0.10052	0.02528	0.02421	0.07372	0.00977	0.00741	0.00226	0.00710	0.00764	0.00740	0.01169
13	0.01544	0.03520	0.62706	0.02126	0.03154	0.01678	0.07994	0.02349	0.01569	0.04739	0.01374	0.01604	0.00967	0.00692	0.00706	0.00231	0.01071	0.00571	0.00333	0.01072
14	0.79588	0.01406	0.01068	0.00956	0.01406	0.01631	0.00787	0.02137	0.01237	0.03261	0.01012	0.01181	0.00787	0.00675	0.00450	0.00225	0.00562	0.00394	0.00450	0.00787
15	0.01063	0.00878	0.01329	0.01290	0.01458	0.00846	0.08905	0.01412	0.07028	0.02017	0.03766	0.56021	0.07209	0.01945	0.00900	0.00283	0.00531	0.01789	0.00642	0.00686
16	0.01038	0.00779	0.01168	0.01168	0.01298	0.00909	0.00909	0.01298	0.01168	0.01687	0.01947	0.02856	0.01817	0.05452	0.71573	0.01168	0.01947	0.00779	0.00389	0.00649
17	0.01631	0.01518	0.02278	0.19955	0.13238	0.01676	0.10195	0.02731	0.28122	0.02482	0.02274	0.02628	0.03747	0.00887	0.00763	0.00244	0.00800	0.03299	0.00524	0.01007
18	0.01057	0.00705	0.00793	0.00793	0.00793	0.00705	0.00440	0.01057	0.01057	0.01409	0.02290	0.04757	0.02643	0.74454	0.03700	0.00705	0.00705	0.01057	0.00440	0.00440
19	0.01838	0.01822	0.02815	0.04156	0.62620	0.06917	0.02119	0.02242	0.01677	0.02313	0.01435	0.04103	0.01254	0.00708	0.00722	0.00216	0.00883	0.00680	0.00371	0.01110
20	0.01022	0.00738	0.00965	0.00919	0.01084	0.00681	0.00685	0.01354	0.02025	0.02863	0.66328	0.08785	0.06758	0.01525	0.00861	0.00232	0.00347	0.01351	0.00794	0.00681
21	0.02295	0.01639	0.01796	0.01502	0.01983	0.01812	0.01200	0.20996	0.40539	0.14054	0.02617	0.02414	0.01888	0.00942	0.00735	0.00235	0.00643	0.00762	0.00761	0.01187
22	0.01155	0.00771	0.01012	0.00936	0.01129	0.00707	0.00707	0.01494	0.02059	0.06732	0.65766	0.05263	0.06573	0.01453	0.00850	0.00228	0.00359	0.01282	0.00806	0.00717
23	0.02323	0.02144	0.01971	0.06971	0.02335	0.17842	0.01356	0.26223	0.25130	0.03215	0.01982	0.01989	0.01482	0.00872	0.00715	0.00223	0.00853	0.00668	0.00621	0.01085
24	0.46014	0.01746	0.01460	0.01236	0.01712	0.11091	0.01000	0.11688	0.01792	0.14096	0.01430	0.01487	0.01034	0.00749	0.00562	0.00219	0.00706	0.00495	0.00551	0.00931
25	0.01832	0.13726	0.04965	0.01615	0.02219	0.01768	0.11760	0.07544	0.19210	0.04424	0.01786	0.01883	0.01381	0.00722	0.00655	0.00190	0.00739	0.00623	0.00512	0.22445
26	0.05323	0.11485	0.02119	0.01709	0.04518	0.39236	0.01287	0.05285	0.08769	0.02142	0.05242	0.01852	0.01489	0.03912	0.00818	0.00220	0.02680	0.00583	0.00447	0.00884

[dist]
# distance from previous block
# <min> <max>
0	1

[block]
# block no. 10 follows, 28 sequences, length 78
# corresponding to MSA columns:
# 634-681,683-712
name=unknown_K
#
# <colnr> <probs for GDERKNQSTAVLIFYWHMCP>
#	G	D	E	R	K	N	Q	S	T	A	V	L	I	F	Y	W	H	M	C	P
0	0.10458	0.01564	0.01737	0.01416	0.01911	0.01667	0.01154	0.25367	0.16437	0.21405	0.04941	0.02473	0.01877	0.00950	0.00718	0.00231	0.00657	0.03159	0.00748	0.01129
1	0.01048	0.00770	0.01109	0.01117	0.01228	0.00873	0.00847	0.01270	0.01175	0.01667	0.02091	0.03408	0.02059	0.16147	0.57542	0.01056	0.01691	0.03872	0.00411	0.00617
2	0.79588	0.01406	0.01068	0.00956	0.01406	0.01631	0.00787	0.02137	0.01237	0.03261	0.01012	0.01181	0.00787	0.00675	0.00450	0.00225	0.00562	0.00394	0.00450	0.00787
3	0.01549	0.03577	0.63923	0.02143	0.05750	0.01723	0.02590	0.06172	0.01651	0.02440	0.01333	0.01558	0.00949	0.00700	0.00694	0.00229	0.01050	0.00549	0.00334	0.01087
4	0.15154	0.01367	0.01573	0.01298	0.01794	0.01394	0.01049	0.03416	0.23039	0.38187	0.02596	0.02340	0.01769	0.00891	0.00688	0.00232	0.00596	0.00705	0.00776	0.01137
5	0.01160	0.00794	0.01048	0.01056	0.01163	0.00845	0.00766	0.01389	0.03622	0.04228	0.02469	0.08331	0.02565	0.29781	0.29864	0.00790	0.01167	0.07865	0.00486	0.00611
6	0.02495	0.01132	0.01493	0.01215	0.01665	0.01017	0.00985	0.02911	0.06386	0.44833	0.17571	0.03379	0.03029	0.01073	0.00764	0.00227	0.00554	0.03987	0.00836	0.04446
7	0.02715	0.03464	0.02060	0.01873	0.02247	0.71536	0.01404	0.02903	0.02060	0.01779	0.01124	0.01311	0.00936	0.00749	0.00655	0.00187	0.01311	0.00468	0.00375	0.00843
8	0.01000	0.00732	0.00938	0.00907	0.01074	0.00671	0.00673	0.01309	0.01960	0.02731	0.57871	0.11788	0.12451	0.01590	0.00864	0.00236	0.00352	0.01403	0.00777	0.00671
9	0.01994	0.01712	0.01745	0.01525	0.01962	0.04652	0.01197	0.13833	0.55705	0.03233	0.02695	0.02504	0.02013	0.00959	0.00734	0.00240	0.00640	0.00781	0.00723	0.01152
10	0.01029	0.00743	0.00972	0.00914	0.01086	0.00686	0.00686	0.01372	0.02058	0.02915	0.69536	0.05430	0.06859	0.01486	0.00857	0.00229	0.00343	0.01315	0.00800	0.00686
11	0.00886	0.00633	0.00843	0.01012	0.01054	0.00590	0.00675	0.01012	0.01392	0.01856	0.04006	0.73979	0.04808	0.02277	0.00928	0.00295	0.00422	0.02066	0.00675	0.00590
12	0.01507	0.01292	0.01507	0.01077	0.01723	0.00969	0.00861	0.01830	0.01507	0.02369	0.01292	0.01507	0.01077	0.00538	0.00538	0.00108	0.00538	0.00431	0.00431	0.78898
13	0.01651	0.02075	0.23617	0.01414	0.02189	0.01208	0.01463	0.02136	0.01568	0.08517	0.01439	0.01604	0.01092	0.00620	0.00604	0.00157	0.00717	0.00492	0.00434	0.47003
14	0.01897	0.01846	0.02836	0.06088	0.41745	0.06684	0.10145	0.08830	0.01842	0.02497	0.01500	0.02080	0.01268	0.00765	0.00812	0.00228	0.03741	0.03717	0.00411	0.01067
15	0.01419	0.01341	0.02253	0.64243	0.10887	0.01644	0.02025	0.01888	0.01462	0.01902	0.01289	0.01914	0.00985	0.00736	0.00777	0.00242	0.03181	0.00646	0.00326	0.00839
16	0.00924	0.00750	0.00809	0.00826	0.01025	0.00667	0.00598	0.01172	0.04211	0.02022	0.10712	0.17556	0.47994	0.06168	0.01034	0.00280	0.00403	0.01550	0.00672	0.00626
17	0.02715	0.03464	0.02060	0.01873	0.02247	0.71536	0.01404	0.02903	0.02060	0.01779	0.01124	0.01311	0.00936	0.00749	0.00655	0.00187	0.01311	0.00468	0.00375	0.00843
18	0.01719	0.01756	0.03251	0.10768	0.24737	0.01774	0.29918	0.02469	0.11379	0.02396	0.01634	0.02016	0.01266	0.00690	0.00783	0.00236	0.00988	0.00763	0.00414	0.01041
19	0.01972	0.01147	0.01435	0.01113	0.01613	0.00936	0.00879	0.02256	0.01726	0.24648	0.09356	0.06708	0.02232	0.04425	0.00811	0.00199	0.00545	0.00751	0.00639	0.36610
20	0.01507	0.01292	0.01507	0.01077	0.01723	0.00969	0.00861	0.01830	0.01507	0.02369	0.01292	0.01507	0.01077	0.00538	0.00538	0.00108	0.00538	0.00431	0.00431	0.78898
21	0.01324	0.04506	0.04699	0.01684	0.04233	0.01282	0.17626	0.01826	0.06780	0.02360	0.18921	0.06983	0.18679	0.01239	0.00899	0.00242	0.04203	0.01121	0.00574	0.00820
22	0.01852	0.00951	0.01243	0.01048	0.01391	0.00834	0.00824	0.02160	0.02009	0.27324	0.37381	0.04263	0.09158	0.01249	0.00795	0.00222	0.00455	0.01072	0.00808	0.04960
23	0.00942	0.00740	0.00851	0.00823	0.01033	0.00649	0.00617	0.01203	0.01852	0.02427	0.37623	0.06234	0.39077	0.01668	0.00858	0.00237	0.00356	0.01427	0.00736	0.00649
24	0.00884	0.00737	0.00771	0.00762	0.00997	0.00624	0.00572	0.01091	0.01716	0.02103	0.16482	0.06766	0.60419	0.01789	0.00859	0.00243	0.00364	0.01502	0.00693	0.00624
25	0.02102	0.01727	0.01932	0.01715	0.05049	0.01989	0.01315	0.24507	0.38078	0.03400	0.02307	0.02252	0.01734	0.00960	0.00884	0.00242	0.07239	0.00742	0.00680	0.01147
26	0.01507	0.01292	0.01507	0.01077	0.01723	0.00969	0.00861	0.01830	0.01507	0.02369	0.01292	0.01507	0.01077	0.00538	0.00538	0.00108	0.00538	0.00431	0.00431	0.78898
27	0.02385	0.01524	0.05415	0.09585	0.08779	0.01392	0.08942	0.09221	0.02020	0.32097	0.06215	0.02601	0.01875	0.00895	0.00761	0.00233	0.00774	0.03532	0.00665	0.01088
28	0.02141	0.02385	0.17267	0.05067	0.02420	0.12244	0.01615	0.25656	0.06569	0.05408	0.03910	0.01952	0.01429	0.01250	0.07136	0.00306	0.01014	0.00646	0.00540	0.01044
29	0.01716	0.01961	0.04289	0.03064	0.03799	0.01838	0.67279	0.02328	0.01716	0.02328	0.01471	0.01961	0.01103	0.00613	0.00858	0.00245	0.01225	0.00858	0.00368	0.00980
30	0.01396	0.01169	0.01277	0.01174	0.01502	0.01233	0.00911	0.02528	0.34116	0.02689	0.16143	0.04427	0.19031	0.01307	0.00792	0.00240	0.00487	0.04156	0.00717	0.04706
31	0.00950	0.00740	0.00863	0.00832	0.01038	0.00652	0.00624	0.01220	0.01872	0.02475	0.40780	0.06154	0.35889	0.01650	0.00858	0.00236	0.00355	0.01416	0.00742	0.00652
32	0.01685	0.01611	0.02744	0.22717	0.52555	0.01697	0.02174	0.02131	0.01601	0.02236	0.01347	0.01836	0.01103	0.00669	0.00722	0.00223	0.00892	0.00647	0.00350	0.01059
33	0.01109	0.00896	0.01389	0.01329	0.01497	0.00858	0.09721	0.05140	0.01556	0.02081	0.03529	0.59952	0.04095	0.01969	0.00906	0.00284	0.00553	0.01819	0.00636	0.00682
34	0.01507	0.01292	0.01507	0.01077	0.01723	0.00969	0.00861	0.01830	0.01507	0.02369	0.01292	0.01507	0.01077	0.00538	0.00538	0.00108	0.00538	0.00431	0.00431	0.78898
35	0.02510	0.03085	0.01945	0.01769	0.02142	0.58943	0.01332	0.02949	0.11038	0.01958	0.01650	0.01754	0.04177	0.00830	0.00676	0.00198	0.01169	0.00564	0.00437	0.00874
36	0.02072	0.01948	0.01884	0.01638	0.02008	0.13193	0.01295	0.13407	0.37380	0.02884	0.02168	0.02164	0.01666	0.00973	0.00973	0.00243	0.11719	0.00710	0.00615	0.01061
37	0.36931	0.01969	0.08207	0.01704	0.10884	0.14101	0.01273	0.02267	0.01585	0.04939	0.08497	0.01818	0.01558	0.00780	0.00599	0.00218	0.00765	0.00564	0.00463	0.00877
38	0.03261	0.01237	0.01687	0.01293	0.01856	0.01068	0.01068	0.03543	0.02081	0.70423	0.02868	0.02474	0.01799	0.00900	0.00731	0.00225	0.00619	0.00731	0.00900	0.01237
39	0.00994	0.00742	0.00924	0.00878	0.01065	0.00671	0.00659	0.01305	0.01976	0.02720	0.56815	0.05750	0.19702	0.01559	0.00858	0.00232	0.00348	0.01360	0.00775	0.00671
40	0.00886	0.00633	0.00843	0.01012	0.01054	0.00590	0.00675	0.01012	0.01392	0.01856	0.04006	0.73979	0.04808	0.02277	0.00928	0.00295	0.00422	0.02066	0.00675	0.00590
41	0.01943	0.74891	0.03809	0.01244	0.01866	0.02876	0.01244	0.02177	0.01477	0.01710	0.01011	0.01166	0.00933	0.00622	0.00466	0.00155	0.00777	0.00389	0.00311	0.00933
42	0.67532	0.01379	0.01166	0.01009	0.01477	0.01542	0.00832	0.02359	0.01370	0.13870	0.01305	0.01385	0.00947	0.00710	0.00494	0.00225	0.00571	0.00447	0.00521	0.00858
43	0.02763	0.02036	0.02182	0.01672	0.02254	0.02254	0.01382	0.67496	0.03418	0.04581	0.01745	0.01745	0.01236	0.00873	0.00727	0.00218	0.00800	0.00654	0.00727	0.01236
44	0.02460	0.04556	0.01894	0.01451	0.01979	0.03502	0.01180	0.21833	0.22183	0.20763	0.02310	0.02166	0.01640	0.00870	0.00703	0.00215	0.00675	0.00688	0.00723	0.08207
45	0.02763	0.02036	0.02182	0.01672	0.02254	0.02254	0.01382	0.67496	0.03418	0.04581	0.01745	0.01745	0.01236	0.00873	0.00727	0.00218	0.00800	0.00654	0.00727	0.01236
