[name]
unknown

[dist]
# distance from previous block
# <min> <max>
0	24

[block]
# block no. 0 follows, 31 sequences, length 14
# corresponding to MSA columns:
# 46-59
name=unknown_A
#
# <colnr> <probs for GDERKNQSTAVLIFYWHMCP>
#	G	D	E	R	K	N	Q	S	T	A	V	L	I	F	Y	W	H	M	C	P
0	0.01263	0.00818	0.01142	0.01256	0.01444	0.00805	0.01095	0.01574	0.01606	0.07762	0.03547	0.07278	0.03754	0.01805	0.00924	0.00307	0.00626	0.61673	0.00648	0.00674
1	0.04856	0.00901	0.01066	0.00980	0.01230	0.00860	0.00736	0.04703	0.07307	0.02504	0.30857	0.20889	0.05882	0.01349	0.00745	0.00214	0.00417	0.01179	0.00646	0.12678
2	0.01122	0.00825	0.01004	0.00899	0.01176	0.00698	0.00677	0.01374	0.01631	0.05579	0.27218	0.16920	0.16697	0.01354	0.00741	0.00202	0.00397	0.01177	0.00631	0.19677
3	0.01593	0.00944	0.00977	0.00862	0.01114	0.00993	0.00675	0.17832	0.01861	0.02972	0.02091	0.02333	0.01612	0.00803	0.00528	0.00170	0.00423	0.00632	0.60821	0.00764
4	0.01569	0.01537	0.02367	0.10937	0.33540	0.04312	0.04928	0.01954	0.03761	0.02008	0.01431	0.05438	0.01307	0.00889	0.01076	0.00238	0.18514	0.02924	0.00362	0.00908
5	0.00970	0.00729	0.00894	0.00880	0.00969	0.00764	0.00612	0.01085	0.01161	0.01538	0.03151	0.04352	0.18704	0.35344	0.21733	0.00661	0.04471	0.01012	0.00449	0.00523
6	0.01374	0.00984	0.01162	0.01048	0.01214	0.01068	0.00755	0.17443	0.01557	0.02118	0.01938	0.03276	0.01943	0.37290	0.23177	0.00681	0.01026	0.00828	0.00465	0.00651
7	0.01471	0.01574	0.01887	0.09931	0.02229	0.18316	0.15011	0.01751	0.01568	0.01867	0.04630	0.27115	0.05051	0.01263	0.00775	0.00236	0.00815	0.03320	0.00474	0.00717
8	0.01671	0.02007	0.08464	0.19580	0.03380	0.12603	0.29968	0.02322	0.09044	0.02077	0.01433	0.01791	0.01084	0.00666	0.00724	0.00221	0.01030	0.00676	0.00370	0.00888
9	0.50098	0.02143	0.18243	0.01280	0.01833	0.12244	0.01255	0.02156	0.01347	0.02645	0.01034	0.01209	0.00792	0.00649	0.00507	0.00208	0.00750	0.00413	0.00381	0.00813
10	0.01699	0.01648	0.01466	0.04755	0.01731	0.21169	0.01052	0.09540	0.08132	0.02124	0.01862	0.02275	0.03688	0.04196	0.24644	0.00505	0.01179	0.00659	0.06906	0.00771
11	0.01375	0.00874	0.01150	0.01491	0.17773	0.00874	0.00866	0.01715	0.01464	0.02475	0.02006	0.02345	0.01593	0.00752	0.00526	0.00170	0.00437	0.00631	0.60738	0.00744
12	0.01272	0.01188	0.01899	0.39971	0.19770	0.01319	0.01617	0.01648	0.01459	0.01888	0.02601	0.02933	0.17834	0.00917	0.00712	0.00223	0.00753	0.00809	0.00392	0.00793
13	0.01561	0.00927	0.01106	0.01009	0.01187	0.04252	0.00726	0.01703	0.01300	0.18380	0.02141	0.03295	0.01998	0.34071	0.22691	0.00657	0.01006	0.00820	0.00501	0.00668

[dist]
# distance from previous block
# <min> <max>
0	8

[block]
# block no. 1 follows, 31 sequences, length 10
# corresponding to MSA columns:
# 68-77
name=unknown_B
#
# <colnr> <probs for GDERKNQSTAVLIFYWHMCP>
#	G	D	E	R	K	N	Q	S	T	A	V	L	I	F	Y	W	H	M	C	P
0	0.66024	0.01435	0.01203	0.01027	0.01474	0.01646	0.00847	0.14738	0.01552	0.03304	0.01083	0.01212	0.00821	0.00670	0.00473	0.00210	0.00571	0.00417	0.00473	0.00821
1	0.01949	0.11946	0.06647	0.02065	0.02672	0.06571	0.29860	0.14080	0.08923	0.06195	0.01554	0.01747	0.01161	0.00683	0.00698	0.00210	0.00933	0.00666	0.00457	0.00984
2	0.01869	0.01956	0.01936	0.10971	0.17122	0.25760	0.01428	0.08837	0.01722	0.02035	0.01377	0.01873	0.01187	0.05759	0.12858	0.00372	0.01122	0.00595	0.00383	0.00837
3	0.01356	0.00795	0.00809	0.00780	0.00982	0.00839	0.00592	0.01980	0.14468	0.02609	0.02336	0.02551	0.01817	0.00822	0.00519	0.00173	0.00361	0.00663	0.64825	0.00722
4	0.01500	0.01568	0.02052	0.18386	0.12350	0.11968	0.08431	0.01803	0.01476	0.01841	0.02278	0.02651	0.14306	0.03337	0.01051	0.00243	0.12821	0.00773	0.00386	0.00780
5	0.01370	0.01290	0.01135	0.01155	0.04035	0.16894	0.00735	0.01453	0.01240	0.01471	0.01839	0.03440	0.01985	0.48185	0.10496	0.00584	0.00927	0.00826	0.00392	0.00548
6	0.01530	0.13676	0.57340	0.01811	0.02727	0.01787	0.02243	0.07286	0.01572	0.02252	0.01220	0.01411	0.00891	0.00654	0.00623	0.00206	0.00952	0.00494	0.00320	0.01004
7	0.01372	0.01327	0.01850	0.01637	0.01644	0.01805	0.01334	0.01515	0.01097	0.01665	0.01441	0.15473	0.01583	0.01376	0.01986	0.00295	0.60672	0.00853	0.00363	0.00712
8	0.01355	0.01188	0.01630	0.15072	0.02197	0.03777	0.08894	0.05854	0.06851	0.03885	0.05735	0.08914	0.16975	0.06416	0.03463	0.00282	0.00711	0.00969	0.00509	0.05323
9	0.06947	0.19070	0.01826	0.01199	0.01533	0.10424	0.00974	0.02130	0.14467	0.04308	0.02387	0.12412	0.08119	0.03444	0.05320	0.00278	0.03044	0.00827	0.00490	0.00801

[dist]
# distance from previous block
# <min> <max>
0	70

[block]
# block no. 2 follows, 31 sequences, length 24
# corresponding to MSA columns:
# 155-178
name=unknown_C
#
# <colnr> <probs for GDERKNQSTAVLIFYWHMCP>
#	G	D	E	R	K	N	Q	S	T	A	V	L	I	F	Y	W	H	M	C	P
0	0.01052	0.00741	0.00898	0.00906	0.01085	0.00694	0.00665	0.01347	0.05557	0.06489	0.16191	0.27356	0.25787	0.01934	0.05774	0.00301	0.00486	0.01431	0.00654	0.00651
1	0.06191	0.01061	0.01519	0.03368	0.18885	0.01028	0.01128	0.01877	0.01628	0.15532	0.15527	0.10878	0.07078	0.04621	0.00869	0.00248	0.00570	0.06562	0.00594	0.00836
2	0.04492	0.01776	0.05321	0.02181	0.12816	0.11813	0.20299	0.04029	0.05626	0.06955	0.08983	0.05135	0.03307	0.03222	0.00810	0.00229	0.00854	0.00789	0.00471	0.00891
3	0.02958	0.01035	0.01494	0.01439	0.06303	0.01035	0.07651	0.07784	0.01655	0.05701	0.09951	0.17309	0.14973	0.01826	0.09264	0.00341	0.02629	0.05336	0.00568	0.00748
4	0.00903	0.00682	0.00834	0.00828	0.00990	0.00613	0.00609	0.01153	0.01736	0.02342	0.43069	0.16158	0.24374	0.01605	0.00817	0.00229	0.00341	0.01402	0.00702	0.00613
5	0.01935	0.01300	0.02065	0.02437	0.29472	0.01240	0.05917	0.03848	0.01725	0.22512	0.09322	0.06401	0.04463	0.03279	0.00807	0.00228	0.00674	0.00822	0.00566	0.00986
6	0.03991	0.02049	0.12215	0.04327	0.12480	0.09949	0.06834	0.11411	0.16871	0.08017	0.01721	0.01830	0.01283	0.00761	0.00726	0.00215	0.03182	0.00627	0.00497	0.01014
7	0.01679	0.52507	0.26135	0.01426	0.02151	0.02341	0.01615	0.02087	0.01408	0.01792	0.01042	0.01211	0.00874	0.00606	0.00508	0.00169	0.00823	0.00412	0.00291	0.00922
8	0.01084	0.00736	0.00950	0.00932	0.01119	0.00678	0.00729	0.01372	0.01793	0.06410	0.43185	0.08530	0.15043	0.01534	0.00828	0.00238	0.00399	0.13068	0.00714	0.00659
9	0.01522	0.08851	0.18443	0.01541	0.04263	0.09561	0.05123	0.02017	0.07263	0.05710	0.04731	0.16705	0.06789	0.03471	0.00792	0.00234	0.00749	0.00925	0.00476	0.00835
10	0.05426	0.01635	0.07348	0.01492	0.01975	0.03454	0.07071	0.22940	0.02139	0.19533	0.07173	0.04951	0.01782	0.00896	0.00769	0.00215	0.04612	0.00725	0.04874	0.00990
11	0.02426	0.01117	0.01428	0.01162	0.01589	0.01034	0.00942	0.09067	0.04107	0.45089	0.07640	0.06825	0.06987	0.01049	0.00715	0.00219	0.00545	0.03237	0.03808	0.01015
12	0.01146	0.02294	0.41761	0.01485	0.02101	0.01154	0.01696	0.01652	0.01402	0.01981	0.02608	0.22283	0.09977	0.04340	0.00848	0.00254	0.00754	0.01024	0.00428	0.00813
13	0.01891	0.02179	0.04922	0.12301	0.27701	0.25891	0.06221	0.02240	0.01645	0.01950	0.01264	0.01737	0.01064	0.00711	0.00726	0.00206	0.03468	0.02634	0.00345	0.00904
14	0.75360	0.01335	0.01080	0.00961	0.01355	0.01573	0.00793	0.01986	0.01156	0.02972	0.00949	0.01138	0.00752	0.00674	0.00548	0.00218	0.05608	0.00386	0.00415	0.00741
15	0.35597	0.01611	0.01923	0.04310	0.27885	0.05796	0.03220	0.07906	0.01552	0.02724	0.01162	0.01421	0.00926	0.00645	0.00570	0.00207	0.00723	0.00503	0.00405	0.00914
16	0.01473	0.01562	0.03252	0.02436	0.02986	0.01474	0.51170	0.01981	0.01621	0.02186	0.05106	0.03278	0.01921	0.00901	0.00837	0.00248	0.01001	0.15294	0.00427	0.00846
17	0.01177	0.00598	0.00883	0.00883	0.00883	0.00598	0.00584	0.00897	0.00897	0.01196	0.01244	0.02216	0.01262	0.06576	0.02720	0.75562	0.00598	0.00617	0.00304	0.00304
18	0.01265	0.00987	0.01280	0.01059	0.01444	0.00808	0.04346	0.01513	0.01466	0.06052	0.05206	0.22793	0.11592	0.01177	0.00685	0.00184	0.00487	0.01036	0.00534	0.36087
19	0.00883	0.00637	0.00807	0.00927	0.00981	0.00608	0.00614	0.01045	0.03483	0.01728	0.03646	0.60508	0.06919	0.12309	0.01226	0.00328	0.00436	0.01755	0.00606	0.00554
20	0.02509	0.01871	0.02002	0.01556	0.02087	0.02079	0.01278	0.62708	0.10066	0.04164	0.01759	0.01735	0.01258	0.00832	0.00686	0.00208	0.00731	0.00632	0.00686	0.01155
21	0.01640	0.00975	0.01041	0.00906	0.01174	0.01015	0.00712	0.18250	0.01931	0.05515	0.07649	0.02525	0.01984	0.00853	0.00563	0.00177	0.00435	0.00682	0.51186	0.00786
22	0.00984	0.00707	0.00969	0.00969	0.01046	0.00784	0.00693	0.01138	0.01061	0.01492	0.01952	0.03348	0.01997	0.31252	0.47517	0.00939	0.01401	0.00830	0.00384	0.00538
23	0.35501	0.01405	0.01366	0.01129	0.01584	0.04711	0.00921	0.10956	0.04229	0.25175	0.01735	0.01700	0.01207	0.00748	0.00562	0.00207	0.00596	0.00535	0.04793	0.00938

[dist]
# distance from previous block
# <min> <max>
0	2

[block]
# block no. 3 follows, 31 sequences, length 13
# corresponding to MSA columns:
# 181-193
name=unknown_D
#
# <colnr> <probs for GDERKNQSTAVLIFYWHMCP>
#	G	D	E	R	K	N	Q	S	T	A	V	L	I	F	Y	W	H	M	C	P
0	0.01378	0.01163	0.01354	0.00988	0.01537	0.00888	0.00772	0.01652	0.01378	0.02142	0.01307	0.01714	0.01156	0.07785	0.00794	0.00156	0.00522	0.00462	0.00406	0.72448
1	0.01300	0.00742	0.00911	0.00872	0.00990	0.00705	0.00580	0.01397	0.01285	0.13193	0.06217	0.15134	0.06673	0.41715	0.04918	0.00499	0.00617	0.01118	0.00547	0.00588
2	0.06019	0.01522	0.02509	0.07839	0.59058	0.01547	0.01913	0.02019	0.01551	0.02288	0.06068	0.01903	0.01423	0.00669	0.00672	0.00206	0.00769	0.00639	0.00370	0.01016
3	0.01728	0.21382	0.41608	0.01695	0.02513	0.01884	0.03865	0.08705	0.01642	0.07036	0.01304	0.01449	0.00960	0.00662	0.00608	0.00198	0.00891	0.00502	0.00368	0.01000
4	0.05518	0.01459	0.02450	0.17910	0.26488	0.01562	0.13205	0.05200	0.01550	0.02232	0.03596	0.05173	0.01359	0.00772	0.00802	0.00223	0.05892	0.00712	0.02996	0.00899
5	0.14652	0.01293	0.01479	0.01197	0.03214	0.02977	0.04280	0.03236	0.05925	0.06147	0.01641	0.03989	0.03023	0.00686	0.00558	0.00158	0.00563	0.00553	0.04339	0.40092
6	0.06256	0.02005	0.01518	0.01344	0.01676	0.32771	0.02981	0.05610	0.05077	0.06657	0.05300	0.02177	0.05589	0.00836	0.00615	0.00188	0.00807	0.00627	0.17170	0.00797
7	0.00896	0.00690	0.00759	0.00758	0.00913	0.00620	0.00536	0.01051	0.01464	0.01849	0.15042	0.05848	0.40137	0.21712	0.01536	0.00349	0.00441	0.04259	0.00593	0.00546
8	0.01512	0.01213	0.01428	0.01025	0.01628	0.00917	0.00822	0.01814	0.01449	0.06180	0.01300	0.01470	0.01052	0.00526	0.00517	0.00108	0.00511	0.00421	0.00430	0.75678
9	0.43159	0.04333	0.11841	0.01311	0.01816	0.18805	0.01190	0.06452	0.01527	0.02638	0.01062	0.01223	0.00824	0.00664	0.00520	0.00202	0.00789	0.00422	0.00399	0.00824
10	0.01012	0.00663	0.00820	0.00871	0.00933	0.00646	0.00599	0.01072	0.01200	0.01605	0.02960	0.16322	0.09261	0.30309	0.02120	0.12124	0.00556	0.11545	0.04900	0.00482
11	0.01356	0.07605	0.34269	0.01496	0.02102	0.08299	0.01643	0.01819	0.01479	0.01939	0.02699	0.04802	0.18759	0.01145	0.03165	0.00247	0.05173	0.00779	0.00395	0.00830
12	0.01749	0.57808	0.12811	0.01355	0.01986	0.02440	0.03758	0.02197	0.06939	0.01806	0.01151	0.01288	0.00979	0.00621	0.00501	0.00166	0.00769	0.00433	0.00326	0.00914

[dist]
# distance from previous block
# <min> <max>
0	1

[block]
# block no. 4 follows, 31 sequences, length 42
# corresponding to MSA columns:
# 195-198,210-242,275-279
name=unknown_E
#
# <colnr> <probs for GDERKNQSTAVLIFYWHMCP>
#	G	D	E	R	K	N	Q	S	T	A	V	L	I	F	Y	W	H	M	C	P
0	0.01209	0.01130	0.01960	0.04463	0.06684	0.01130	0.19120	0.01591	0.04120	0.02077	0.12389	0.23478	0.07716	0.01469	0.04084	0.00282	0.04643	0.01197	0.00515	0.00744
1	0.02480	0.01812	0.01945	0.01509	0.02022	0.02000	0.01239	0.63946	0.03070	0.04144	0.01739	0.04064	0.01300	0.00863	0.00681	0.00205	0.00721	0.00660	0.04482	0.01119
2	0.01194	0.00921	0.01084	0.00923	0.01210	0.00787	0.00669	0.01365	0.01249	0.01808	0.01911	0.03503	0.02005	0.34125	0.01877	0.00375	0.00590	0.08377	0.00435	0.35592
3	0.01386	0.05818	0.70258	0.01926	0.02923	0.01624	0.02485	0.02163	0.01443	0.02149	0.01219	0.01434	0.00867	0.00648	0.00643	0.00214	0.01002	0.00501	0.00289	0.01007
4	0.01372	0.03539	0.72412	0.01950	0.02961	0.01589	0.02528	0.02167	0.01444	0.02167	0.01228	0.01444	0.00867	0.00650	0.00650	0.00217	0.01011	0.00506	0.00289	0.01011
5	0.01070	0.00727	0.00907	0.00891	0.01083	0.00657	0.00682	0.01326	0.01732	0.07143	0.35035	0.13273	0.23122	0.01581	0.00820	0.00236	0.00386	0.07975	0.00703	0.00652
6	0.01292	0.01216	0.02052	0.74312	0.04712	0.01520	0.01900	0.01748	0.01368	0.01748	0.01216	0.01824	0.00912	0.00684	0.00684	0.00228	0.00912	0.00608	0.00304	0.00760
7	0.01062	0.00683	0.00970	0.01028	0.01078	0.00710	0.00753	0.01068	0.01156	0.01555	0.02404	0.23571	0.02666	0.04589	0.08845	0.30574	0.03913	0.12437	0.00459	0.00480
8	0.13173	0.03249	0.21902	0.01608	0.07591	0.01240	0.03713	0.01834	0.01407	0.06458	0.02037	0.12198	0.01983	0.08218	0.00963	0.00278	0.00730	0.10152	0.00454	0.00811
9	0.01311	0.00815	0.01107	0.01043	0.01252	0.00796	0.03746	0.01553	0.01431	0.10506	0.03157	0.04464	0.12631	0.12662	0.14273	0.00454	0.00780	0.14627	0.12725	0.00667
10	0.00956	0.00720	0.01038	0.01059	0.01185	0.00803	0.00818	0.01186	0.01178	0.01644	0.02514	0.09552	0.08005	0.04440	0.57622	0.00920	0.01529	0.03803	0.00424	0.00604
11	0.01471	0.07524	0.43854	0.05122	0.03108	0.01709	0.21683	0.02138	0.01478	0.02110	0.01248	0.01555	0.00919	0.00638	0.00719	0.00219	0.02647	0.00590	0.00306	0.00961
12	0.02987	0.01358	0.01662	0.01288	0.01811	0.04615	0.01057	0.11512	0.02114	0.60347	0.02489	0.02191	0.01589	0.00837	0.00684	0.00209	0.00635	0.00667	0.00803	0.01146
13	0.01729	0.01624	0.02832	0.08053	0.26284	0.04189	0.24762	0.05355	0.01684	0.06745	0.03420	0.05066	0.01461	0.00756	0.00741	0.00221	0.00899	0.02805	0.00420	0.00957
14	0.01798	0.01515	0.02395	0.11020	0.29986	0.05546	0.11309	0.02180	0.01628	0.12676	0.01982	0.02570	0.04953	0.00823	0.00725	0.00221	0.00823	0.06444	0.00454	0.00954
15	0.02352	0.02519	0.02265	0.01998	0.06725	0.40035	0.11481	0.09770	0.06376	0.07833	0.01426	0.01570	0.01090	0.00718	0.00667	0.00196	0.01047	0.00566	0.00448	0.00919
16	0.48601	0.05348	0.01462	0.01228	0.01633	0.27882	0.00973	0.02277	0.01458	0.02493	0.00991	0.01156	0.00798	0.00659	0.00495	0.00196	0.00797	0.00396	0.00392	0.00766
17	0.01760	0.01642	0.01625	0.01445	0.01802	0.13762	0.04780	0.02954	0.39673	0.04324	0.03920	0.02741	0.03361	0.01082	0.03030	0.00250	0.00720	0.04855	0.05336	0.00937
18	0.00927	0.00693	0.00830	0.00868	0.00985	0.00655	0.00601	0.01175	0.04956	0.01974	0.18783	0.30948	0.18390	0.13541	0.01250	0.00313	0.00420	0.01477	0.00629	0.00584
19	0.01746	0.28264	0.24187	0.01581	0.02295	0.04615	0.07357	0.05562	0.01570	0.05436	0.01229	0.01399	0.00959	0.00624	0.00575	0.00177	0.00838	0.00482	0.00359	0.10746
20	0.05485	0.01833	0.08867	0.02311	0.02912	0.04193	0.43536	0.02178	0.01602	0.07967	0.05075	0.04955	0.01470	0.00741	0.00815	0.00229	0.03714	0.00799	0.00417	0.00901
21	0.01510	0.00896	0.01175	0.01067	0.01259	0.00966	0.00819	0.01798	0.04715	0.15756	0.02212	0.02903	0.03642	0.15397	0.25925	0.00594	0.07404	0.00767	0.10471	0.00724
22	0.01448	0.01412	0.02208	0.02440	0.24942	0.04489	0.13002	0.03714	0.01601	0.02158	0.09093	0.09240	0.12346	0.01047	0.00890	0.00227	0.07497	0.00938	0.00457	0.00851
23	0.01781	0.01479	0.02300	0.05107	0.04978	0.07457	0.22649	0.04572	0.01674	0.14477	0.03919	0.16917	0.02085	0.01059	0.00827	0.00235	0.03575	0.03522	0.00523	0.00864
24	0.01516	0.01698	0.05469	0.05246	0.05357	0.07069	0.34971	0.01926	0.01477	0.01958	0.01582	0.05750	0.01427	0.06595	0.05671	0.00323	0.07535	0.03248	0.00369	0.00815
25	0.00896	0.00664	0.00770	0.00799	0.00904	0.00614	0.00537	0.01026	0.01373	0.01782	0.13348	0.21164	0.25164	0.24491	0.03111	0.00389	0.00481	0.01377	0.00578	0.00533
26	0.11722	0.04384	0.02791	0.02168	0.05660	0.15103	0.30762	0.04142	0.03991	0.08312	0.01404	0.01659	0.01060	0.00671	0.00734	0.00214	0.03259	0.00639	0.00417	0.00909
27	0.01704	0.04714	0.09373	0.06229	0.09100	0.08416	0.25251	0.04630	0.01651	0.05497	0.01697	0.02598	0.01469	0.00850	0.00806	0.00232	0.03748	0.10728	0.00414	0.00893
28	0.01061	0.01358	0.17538	0.01287	0.01577	0.00909	0.01217	0.01370	0.01380	0.01892	0.02944	0.36549	0.03278	0.01710	0.00956	0.03225	0.03340	0.17205	0.00529	0.00677
29	0.01001	0.00704	0.00877	0.00894	0.01040	0.00712	0.00669	0.01275	0.03197	0.02002	0.11177	0.14122	0.15850	0.04969	0.21780	0.00491	0.00799	0.03122	0.14708	0.00612
30	0.01684	0.04924	0.04367	0.08974	0.07427	0.07681	0.22809	0.02183	0.06278	0.08227	0.02048	0.07148	0.03883	0.00919	0.00774	0.00230	0.02196	0.06914	0.00459	0.00875
31	0.01790	0.24924	0.25833	0.01770	0.02476	0.01944	0.13092	0.05460	0.01574	0.09215	0.01323	0.01509	0.00999	0.00674	0.00699	0.00201	0.04633	0.00543	0.00376	0.00965
32	0.02298	0.01115	0.01435	0.01218	0.01627	0.01058	0.01002	0.04966	0.11149	0.40938	0.07879	0.03630	0.04629	0.01110	0.00747	0.00234	0.00565	0.12628	0.00769	0.01003
33	0.01576	0.01556	0.04706	0.15192	0.23833	0.07637	0.05054	0.02081	0.07806	0.04938	0.04020	0.02705	0.09320	0.03641	0.00811	0.00234	0.00782	0.02782	0.00441	0.00886
34	0.04792	0.04386	0.05615	0.01781	0.07501	0.09562	0.12049	0.04480	0.07433	0.14627	0.04023	0.08476	0.04026	0.01095	0.03079	0.00250	0.00807	0.04579	0.00534	0.00905
35	0.01563	0.01471	0.02487	0.17173	0.52603	0.01529	0.01971	0.01971	0.01524	0.02126	0.01487	0.02270	0.01313	0.00741	0.00703	0.00218	0.00815	0.06696	0.00359	0.00981
36	0.01111	0.00896	0.01323	0.23879	0.02296	0.01000	0.01172	0.01442	0.03482	0.01808	0.02773	0.10364	0.08915	0.05194	0.10877	0.03427	0.00832	0.18087	0.00473	0.00648
37	0.01862	0.07314	0.17268	0.04739	0.21080	0.22943	0.07683	0.02275	0.01613	0.01970	0.01174	0.01475	0.00947	0.00670	0.00719	0.00202	0.04270	0.00539	0.00327	0.00930
38	0.01958	0.04486	0.05295	0.01478	0.01939	0.01392	0.10582	0.11915	0.13777	0.18358	0.04744	0.05315	0.05355	0.01007	0.00804	0.04057	0.00669	0.02242	0.03673	0.00953
39	0.00877	0.00638	0.00818	0.00945	0.01022	0.00597	0.00667	0.01021	0.01355	0.01770	0.04046	0.52564	0.12969	0.07275	0.01059	0.00304	0.00440	0.10455	0.00619	0.00558
40	0.01392	0.01298	0.02193	0.02662	0.31468	0.01287	0.11694	0.01860	0.07454	0.02118	0.02269	0.26675	0.02324	0.01149	0.00765	0.00235	0.00701	0.01104	0.00471	0.00881
41	0.01942	0.02155	0.02527	0.05861	0.07974	0.26465	0.21612	0.07296	0.04489	0.02180	0.04506	0.02075	0.01421	0.00856	0.02240	0.00229	0.01042	0.03842	0.00416	0.00873

[dist]
# distance from previous block
# <min> <max>
0	1

[block]
# block no. 5 follows, 31 sequences, length 15
# corresponding to MSA columns:
# 281-295
name=unknown_F
#
# <colnr> <probs for GDERKNQSTAVLIFYWHMCP>
#	G	D	E	R	K	N	Q	S	T	A	V	L	I	F	Y	W	H	M	C	P
0	0.06004	0.01731	0.01764	0.01682	0.08621	0.09310	0.01208	0.15479	0.34657	0.02905	0.02019	0.01991	0.01532	0.00804	0.00654	0.00207	0.00678	0.00642	0.00585	0.07528
1	0.01566	0.01478	0.07621	0.09956	0.02220	0.03991	0.05907	0.01928	0.01499	0.08786	0.03751	0.03588	0.01468	0.00862	0.02387	0.00200	0.04101	0.04310	0.00442	0.33940
2	0.05317	0.15066	0.29899	0.01806	0.02513	0.04035	0.12642	0.02352	0.07495	0.07225	0.01416	0.01591	0.01059	0.00690	0.00704	0.00210	0.04073	0.00563	0.00383	0.00961
3	0.05854	0.01051	0.01249	0.01116	0.01423	0.01075	0.04619	0.02082	0.22755	0.05337	0.15474	0.07334	0.23879	0.01286	0.00752	0.00231	0.00476	0.02555	0.00654	0.00798
4	0.01030	0.00870	0.04555	0.00938	0.01155	0.00723	0.00749	0.01308	0.03559	0.05201	0.15677	0.19652	0.26997	0.04884	0.07446	0.00334	0.00558	0.03102	0.00615	0.00646
5	0.02039	0.15428	0.08358	0.01935	0.09410	0.18147	0.08138	0.09989	0.12547	0.05282	0.01512	0.01633	0.01170	0.00710	0.00636	0.00196	0.00886	0.00568	0.00446	0.00971
6	0.00957	0.00740	0.00908	0.00975	0.02832	0.00689	0.00709	0.01232	0.03785	0.02093	0.21052	0.17256	0.26653	0.05854	0.00982	0.00271	0.00428	0.11320	0.00645	0.00618
7	0.00943	0.00669	0.00823	0.00901	0.01035	0.00603	0.00650	0.01109	0.01465	0.04678	0.07908	0.42269	0.25562	0.01907	0.00848	0.00260	0.00403	0.06721	0.00649	0.00597
8	0.01381	0.01734	0.18427	0.13355	0.18409	0.01314	0.01669	0.01952	0.06452	0.04152	0.11090	0.02966	0.09236	0.00939	0.00716	0.00222	0.00729	0.03909	0.00459	0.00888
9	0.01915	0.02268	0.15639	0.09616	0.20309	0.13415	0.05566	0.16615	0.01936	0.02532	0.01334	0.01601	0.01022	0.00688	0.00667	0.00205	0.00924	0.00575	0.02185	0.00988
10	0.00989	0.00721	0.00863	0.00903	0.01049	0.00685	0.00657	0.04875	0.01499	0.01965	0.06430	0.32661	0.25483	0.02006	0.04649	0.04882	0.00490	0.04250	0.04350	0.00595
11	0.01158	0.00923	0.01479	0.01351	0.01553	0.00983	0.09505	0.01495	0.04221	0.04103	0.02366	0.17456	0.02382	0.03202	0.35000	0.00659	0.03762	0.07248	0.00470	0.00684
12	0.10516	0.08786	0.06235	0.09314	0.13188	0.20406	0.06429	0.10264	0.01757	0.02293	0.01185	0.01454	0.00945	0.00691	0.00684	0.00201	0.03841	0.00527	0.00381	0.00901
13	0.17920	0.01792	0.05722	0.01426	0.01873	0.11964	0.05136	0.14078	0.12398	0.07093	0.01882	0.01989	0.04456	0.01230	0.07832	0.00299	0.00861	0.00624	0.00519	0.00907
14	0.15138	0.01733	0.08862	0.03496	0.07283	0.06376	0.06486	0.07419	0.06654	0.02474	0.01382	0.01694	0.01122	0.04865	0.00751	0.00207	0.00727	0.00541	0.00425	0.22368

[dist]
# distance from previous block
# <min> <max>
73	517

[block]
# block no. 6 follows, 31 sequences, length 43
# corresponding to MSA columns:
# 1202-1210,1219-1252
name=unknown_G
#
# <colnr> <probs for GDERKNQSTAVLIFYWHMCP>
#	G	D	E	R	K	N	Q	S	T	A	V	L	I	F	Y	W	H	M	C	P
0	0.01919	0.01750	0.04367	0.01556	0.04021	0.14305	0.07827	0.11482	0.08923	0.09832	0.09244	0.02446	0.04041	0.06153	0.00881	0.00230	0.00761	0.00719	0.00543	0.09001
1	0.09544	0.01552	0.03748	0.01331	0.01745	0.10298	0.05439	0.06764	0.14139	0.10415	0.12385	0.05268	0.06448	0.00953	0.00678	0.00207	0.00648	0.00789	0.00587	0.07061
2	0.01473	0.08471	0.06569	0.03683	0.04485	0.03896	0.08272	0.06873	0.04121	0.04908	0.17836	0.03407	0.13707	0.01041	0.00714	0.00207	0.00641	0.03175	0.00542	0.05978
3	0.01456	0.01522	0.08558	0.03857	0.01718	0.09935	0.02761	0.06755	0.04227	0.04864	0.18952	0.05707	0.16104	0.01258	0.03177	0.00237	0.00668	0.00931	0.00561	0.06754
4	0.04789	0.39525	0.07672	0.01380	0.01905	0.10132	0.05462	0.05279	0.01568	0.04461	0.01518	0.04467	0.03343	0.02659	0.00639	0.00194	0.00793	0.02971	0.00384	0.00858
5	0.01908	0.16320	0.16573	0.01491	0.02061	0.06694	0.03957	0.16153	0.04410	0.09208	0.04634	0.04710	0.04109	0.01012	0.03589	0.00237	0.00824	0.00664	0.00495	0.00952
6	0.10369	0.04697	0.01920	0.01641	0.06510	0.10099	0.01242	0.32561	0.18309	0.03306	0.01720	0.01735	0.01286	0.00791	0.00643	0.00206	0.00739	0.00597	0.00585	0.01043
7	0.01215	0.00794	0.00977	0.00941	0.01126	0.00754	0.00698	0.03689	0.04099	0.08821	0.25092	0.16477	0.14002	0.11914	0.01182	0.00298	0.00455	0.06132	0.00665	0.00669
8	0.00978	0.00730	0.01085	0.01085	0.01202	0.00847	0.00837	0.01212	0.01095	0.01578	0.01846	0.02760	0.01742	0.08002	0.70418	0.01082	0.01785	0.00744	0.00368	0.00603
9	0.02509	0.01871	0.02002	0.01556	0.02087	0.02079	0.01278	0.62722	0.10052	0.04164	0.01759	0.01735	0.01257	0.00832	0.00686	0.00208	0.00731	0.00632	0.00686	0.01155
10	0.01678	0.01569	0.04780	0.06611	0.30470	0.03610	0.08473	0.04635	0.07874	0.06495	0.03507	0.06634	0.03694	0.00808	0.00699	0.00209	0.00759	0.00751	0.00454	0.06290
11	0.01216	0.09020	0.07923	0.01259	0.03846	0.03662	0.01068	0.01510	0.01515	0.02000	0.08352	0.18414	0.09749	0.01409	0.00761	0.00234	0.00594	0.18160	0.00532	0.08778
12	0.08437	0.09415	0.38791	0.01879	0.07575	0.05341	0.04344	0.04533	0.01549	0.07220	0.01390	0.04106	0.01079	0.00713	0.00629	0.00209	0.00885	0.00564	0.00375	0.00967
13	0.01769	0.39570	0.16638	0.01549	0.02179	0.07325	0.09275	0.03722	0.01524	0.03698	0.01256	0.03652	0.01065	0.00673	0.00563	0.00180	0.00843	0.00522	0.03100	0.00899
14	0.00841	0.00610	0.00794	0.00927	0.00989	0.00563	0.00627	0.00977	0.01370	0.01820	0.08474	0.65659	0.09697	0.02063	0.00864	0.00270	0.00388	0.01860	0.00643	0.00563
15	0.02087	0.01668	0.01735	0.01460	0.01906	0.04037	0.01162	0.26218	0.42715	0.05842	0.02335	0.02191	0.01719	0.00882	0.00689	0.00220	0.00637	0.00706	0.00687	0.01105
16	0.01832	0.18012	0.23168	0.04675	0.05256	0.01702	0.08595	0.04344	0.03245	0.13615	0.01477	0.01613	0.01085	0.00660	0.00619	0.00192	0.00819	0.00546	0.00422	0.08122
17	0.01740	0.33314	0.29721	0.03766	0.02436	0.04624	0.06143	0.02212	0.01486	0.06956	0.01223	0.01394	0.00944	0.00636	0.00575	0.00187	0.00879	0.00481	0.00337	0.00946
18	0.01509	0.20179	0.47259	0.01898	0.04993	0.01877	0.06333	0.02120	0.01432	0.02022	0.01163	0.01399	0.00888	0.00649	0.00670	0.00204	0.03643	0.00499	0.00295	0.00968
19	0.01238	0.01053	0.01478	0.07115	0.20282	0.03191	0.01137	0.01496	0.01513	0.04411	0.08049	0.22164	0.18290	0.01514	0.03712	0.00267	0.00620	0.01189	0.00527	0.00754
20	0.01888	0.07964	0.29504	0.04728	0.17260	0.05739	0.01920	0.09329	0.01742	0.11408	0.01444	0.01608	0.01054	0.00684	0.00648	0.00205	0.00875	0.00552	0.00418	0.01031
21	0.02138	0.01205	0.06541	0.01252	0.01666	0.00985	0.03148	0.04601	0.01743	0.35985	0.05427	0.03347	0.04578	0.01207	0.00943	0.08700	0.00617	0.11485	0.03526	0.00906
22	0.00992	0.00676	0.00811	0.00811	0.00834	0.00699	0.00496	0.01037	0.01014	0.01375	0.02096	0.04147	0.02344	0.62905	0.16338	0.00744	0.00879	0.00947	0.00406	0.00451
23	0.01594	0.04263	0.07206	0.05078	0.26283	0.06387	0.10857	0.07160	0.01672	0.02238	0.04142	0.14585	0.01888	0.00956	0.00727	0.00221	0.00805	0.02598	0.00434	0.00907
24	0.02884	0.01349	0.01681	0.01294	0.01816	0.01294	0.01067	0.21048	0.02279	0.51610	0.02399	0.02151	0.01553	0.00838	0.00680	0.00208	0.00619	0.00667	0.03414	0.01147
25	0.01771	0.25689	0.28213	0.01588	0.02268	0.09501	0.03940	0.06927	0.01646	0.04938	0.03937	0.04050	0.01267	0.00733	0.00604	0.00192	0.00870	0.00557	0.00379	0.00931
26	0.01789	0.04450	0.11709	0.03898	0.13123	0.04364	0.09763	0.11579	0.18684	0.04965	0.01798	0.02075	0.01412	0.06290	0.00892	0.00248	0.00803	0.00677	0.00489	0.00992
27	0.00978	0.00656	0.00751	0.00768	0.00772	0.00652	0.00438	0.00990	0.01028	0.01371	0.02327	0.12010	0.02703	0.68129	0.03205	0.00622	0.00635	0.01096	0.00438	0.00430
28	0.01492	0.11761	0.06161	0.01467	0.06198	0.01410	0.05715	0.02235	0.19618	0.06560	0.12192	0.07995	0.12236	0.01073	0.00706	0.00217	0.00591	0.00923	0.00572	0.00878
29	0.01019	0.00870	0.03495	0.01006	0.01202	0.00739	0.03262	0.01210	0.01346	0.01827	0.07921	0.23723	0.11235	0.20023	0.03976	0.00370	0.00580	0.05945	0.00530	0.09721
30	0.63422	0.01515	0.04042	0.01047	0.01490	0.03990	0.00890	0.09307	0.01430	0.03070	0.01149	0.03996	0.00939	0.00715	0.00484	0.00212	0.00592	0.00464	0.00452	0.00792
31	0.04431	0.01573	0.02259	0.07317	0.39698	0.06864	0.03256	0.04580	0.01578	0.06387	0.01513	0.02173	0.01320	0.07946	0.01002	0.00256	0.03381	0.03123	0.00401	0.00942
32	0.00831	0.00683	0.00732	0.00742	0.00944	0.00584	0.00548	0.01018	0.01580	0.01950	0.14727	0.13838	0.55983	0.01735	0.00815	0.00234	0.00349	0.01472	0.00650	0.00584
33	0.01419	0.01216	0.01419	0.01013	0.01621	0.00912	0.00811	0.01723	0.01419	0.02229	0.01216	0.01419	0.01013	0.00507	0.00507	0.00101	0.00507	0.00405	0.00405	0.80139
34	0.01157	0.03777	0.18275	0.05920	0.01764	0.02773	0.01190	0.01584	0.06010	0.01898	0.02796	0.25729	0.08774	0.11238	0.01103	0.00293	0.00646	0.01132	0.03224	0.00716
35	0.01548	0.04263	0.02161	0.17534	0.32487	0.06260	0.01632	0.04610	0.01650	0.02185	0.09832	0.02593	0.06379	0.00849	0.00699	0.00212	0.00762	0.03030	0.00422	0.00893
36	0.01527	0.01213	0.01430	0.01027	0.01630	0.00918	0.00823	0.01829	0.01454	0.06830	0.01314	0.01479	0.01058	0.00529	0.00519	0.00109	0.00512	0.00424	0.00434	0.74943
37	0.01419	0.01216	0.01419	0.01013	0.01621	0.00912	0.00811	0.01723	0.01419	0.02229	0.01216	0.01419	0.01013	0.00507	0.00507	0.00101	0.00507	0.00405	0.00405	0.80139
38	0.01737	0.01355	0.01529	0.01198	0.01725	0.01275	0.00955	0.08658	0.23061	0.07765	0.01851	0.01858	0.01411	0.00692	0.00595	0.00160	0.00546	0.00560	0.00554	0.42515
39	0.01413	0.01315	0.02194	0.16498	0.39133	0.01366	0.03811	0.01770	0.01454	0.02001	0.01937	0.07677	0.06492	0.03694	0.06041	0.00297	0.00846	0.00796	0.00380	0.00885
40	0.01645	0.13492	0.48658	0.01836	0.02673	0.11321	0.04432	0.04567	0.01570	0.02099	0.01186	0.01389	0.00886	0.00652	0.00623	0.00202	0.00998	0.00492	0.00314	0.00966
41	0.00936	0.00683	0.00872	0.00989	0.01076	0.00660	0.00712	0.01158	0.04150	0.01814	0.03772	0.46767	0.09151	0.09727	0.01148	0.00320	0.00472	0.14403	0.00614	0.00578
42	0.01264	0.00782	0.00973	0.10930	0.05629	0.00815	0.00779	0.01598	0.01459	0.02387	0.04827	0.02733	0.05916	0.00848	0.00550	0.00178	0.00431	0.00702	0.56523	0.00678

[dist]
# distance from previous block
# <min> <max>
0	4

# created by:
# /home/cegg/simao/soft/augustus-3.2.1/scripts/msa2prfl.pl ./align_prep/EOG090W0B0A.fa
