[name]
unknown

[dist]
# distance from previous block
# <min> <max>
39	509

[block]
# block no. 0 follows, 32 sequences, length 32
# corresponding to MSA columns:
# 585-616
name=unknown_A
#
# <colnr> <probs for GDERKNQSTAVLIFYWHMCP>
#	G	D	E	R	K	N	Q	S	T	A	V	L	I	F	Y	W	H	M	C	P
0	0.04691	0.01614	0.02245	0.02899	0.41834	0.04112	0.01619	0.14909	0.04808	0.02598	0.01599	0.01830	0.04082	0.00692	0.00646	0.00193	0.00734	0.00609	0.00433	0.07854
1	0.04043	0.01803	0.02521	0.05573	0.56698	0.11520	0.01889	0.04086	0.01610	0.02185	0.01230	0.01585	0.01024	0.00619	0.00649	0.00197	0.00847	0.00569	0.00345	0.01008
2	0.13603	0.01474	0.01981	0.04516	0.31940	0.03387	0.01442	0.09027	0.06093	0.09378	0.04512	0.04059	0.01453	0.00744	0.00634	0.00203	0.00682	0.00636	0.00477	0.03760
3	0.10032	0.01787	0.02307	0.08704	0.44678	0.13203	0.01735	0.03956	0.01587	0.04055	0.01232	0.01554	0.01001	0.00633	0.00630	0.00198	0.00835	0.00549	0.00362	0.00962
4	0.03609	0.01475	0.02370	0.20683	0.40514	0.03561	0.04410	0.02092	0.01525	0.08916	0.01438	0.01910	0.01149	0.00678	0.00672	0.00210	0.00811	0.02634	0.00384	0.00958
5	0.41644	0.01322	0.01533	0.23222	0.09602	0.01537	0.01239	0.03783	0.06218	0.02559	0.01189	0.01469	0.00915	0.00660	0.00542	0.00213	0.00666	0.00491	0.00397	0.00801
6	0.01591	0.01616	0.02467	0.30015	0.35502	0.08564	0.06686	0.01998	0.01499	0.01959	0.01221	0.01675	0.00978	0.00632	0.00670	0.00208	0.00897	0.00595	0.00321	0.00906
7	0.01720	0.44483	0.12067	0.11548	0.02433	0.09301	0.06269	0.02059	0.01436	0.01714	0.01043	0.01283	0.00876	0.00606	0.00533	0.00172	0.00855	0.00447	0.00298	0.00857
8	0.02393	0.17464	0.02326	0.01462	0.02006	0.02200	0.01249	0.55858	0.02782	0.03678	0.01470	0.01500	0.01083	0.00757	0.00621	0.00189	0.00734	0.00553	0.00591	0.01083
9	0.43301	0.14469	0.11323	0.01181	0.01723	0.01807	0.01130	0.13802	0.01566	0.02860	0.01088	0.01222	0.00838	0.00648	0.00492	0.00196	0.00655	0.00422	0.00420	0.00857
10	0.01826	0.01376	0.01510	0.01306	0.01725	0.01500	0.01026	0.03343	0.54763	0.12356	0.02570	0.02365	0.01893	0.00859	0.00664	0.00212	0.00533	0.00712	0.00675	0.08785
11	0.02551	0.01879	0.02014	0.01544	0.02081	0.02081	0.01275	0.69996	0.03155	0.04229	0.01611	0.01611	0.01141	0.00805	0.00671	0.00201	0.00738	0.00604	0.00671	0.01141
12	0.02434	0.02034	0.08897	0.01580	0.02161	0.02030	0.01392	0.63409	0.02986	0.04025	0.01571	0.01592	0.01113	0.00789	0.00668	0.00202	0.00763	0.00594	0.00634	0.01127
13	0.01494	0.27744	0.49968	0.01660	0.02513	0.01921	0.02039	0.02087	0.01399	0.01944	0.01114	0.01304	0.00854	0.00616	0.00569	0.00190	0.00901	0.00450	0.00285	0.00948
14	0.01346	0.03471	0.72942	0.01912	0.02904	0.01558	0.02479	0.02125	0.01417	0.02125	0.01204	0.01417	0.00850	0.00637	0.00637	0.00212	0.00992	0.00496	0.00283	0.00992
15	0.01394	0.07462	0.62318	0.01958	0.02896	0.01634	0.08937	0.02121	0.01430	0.02096	0.01204	0.01436	0.00867	0.00627	0.00641	0.00210	0.00990	0.00517	0.00289	0.00976
16	0.01267	0.01193	0.02013	0.74806	0.04621	0.01491	0.01863	0.01714	0.01342	0.01714	0.01193	0.01789	0.00894	0.00671	0.00671	0.00224	0.00894	0.00596	0.00298	0.00745
17	0.01166	0.00583	0.00874	0.00874	0.00874	0.00583	0.00583	0.00874	0.00874	0.01166	0.01166	0.02040	0.01166	0.02331	0.02622	0.80478	0.00583	0.00583	0.00291	0.00291
18	0.00818	0.00584	0.00779	0.00934	0.00973	0.00545	0.00623	0.00934	0.01285	0.01713	0.03698	0.75981	0.04438	0.02102	0.00856	0.00273	0.00389	0.01908	0.00623	0.00545
19	0.01841	0.46550	0.02762	0.01264	0.01769	0.05320	0.01138	0.07281	0.21742	0.02125	0.01507	0.01534	0.01226	0.00693	0.00528	0.00173	0.00686	0.00495	0.00431	0.00936
20	0.03010	0.01142	0.01557	0.01194	0.01713	0.00986	0.00986	0.03270	0.01920	0.72698	0.02647	0.02284	0.01661	0.00830	0.00675	0.00208	0.00571	0.00675	0.00830	0.01142
21	0.00793	0.00680	0.00680	0.00680	0.00906	0.00566	0.00510	0.00963	0.01529	0.01813	0.06797	0.06457	0.71961	0.01699	0.00793	0.00227	0.00340	0.01416	0.00623	0.00566
22	0.01416	0.03013	0.54667	0.02279	0.09775	0.01585	0.13580	0.02123	0.01455	0.02136	0.01235	0.01506	0.00899	0.00622	0.00666	0.00213	0.00996	0.00555	0.00297	0.00984
23	0.02300	0.01945	0.08883	0.01731	0.07059	0.01917	0.01416	0.49729	0.09526	0.06137	0.01694	0.01707	0.01215	0.00786	0.00669	0.00205	0.00741	0.00611	0.00616	0.01113
24	0.81159	0.01298	0.00986	0.00882	0.01298	0.01505	0.00727	0.01972	0.01142	0.03010	0.00934	0.01090	0.00727	0.00623	0.00415	0.00208	0.00519	0.00363	0.00415	0.00727
25	0.01611	0.01530	0.02595	0.03888	0.67213	0.01527	0.01959	0.02003	0.01554	0.02227	0.06239	0.01897	0.01434	0.00652	0.00673	0.00200	0.00763	0.00641	0.00361	0.01033
26	0.00818	0.00584	0.00779	0.00934	0.00973	0.00545	0.00623	0.00934	0.01285	0.01713	0.03698	0.75981	0.04438	0.02102	0.00856	0.00273	0.00389	0.01908	0.00623	0.00545
27	0.01388	0.10423	0.66362	0.01840	0.02792	0.01662	0.02353	0.02114	0.01412	0.02073	0.01178	0.01384	0.00851	0.00631	0.00618	0.00206	0.00966	0.00483	0.00284	0.00979
28	0.01404	0.16485	0.56397	0.01715	0.02584	0.01703	0.02136	0.02056	0.01434	0.02059	0.05156	0.01559	0.01162	0.00668	0.00609	0.00200	0.00904	0.00512	0.00310	0.00948
29	0.00954	0.00689	0.00904	0.00858	0.01016	0.00638	0.00649	0.01271	0.01887	0.02666	0.69418	0.05104	0.06242	0.01389	0.00796	0.00215	0.00327	0.03609	0.00734	0.00633
30	0.01723	0.65280	0.14441	0.01268	0.01908	0.02482	0.01358	0.02027	0.01372	0.01665	0.00976	0.01130	0.00859	0.00584	0.00463	0.00154	0.00761	0.00380	0.00286	0.00882
31	0.01669	0.55367	0.16670	0.01280	0.01937	0.02273	0.01370	0.02000	0.01376	0.01743	0.01010	0.01172	0.00872	0.00579	0.00477	0.00153	0.00749	0.00389	0.00297	0.08617

[dist]
# distance from previous block
# <min> <max>
5	7

[block]
# block no. 1 follows, 32 sequences, length 18
# corresponding to MSA columns:
# 625-642
name=unknown_B
#
# <colnr> <probs for GDERKNQSTAVLIFYWHMCP>
#	G	D	E	R	K	N	Q	S	T	A	V	L	I	F	Y	W	H	M	C	P
0	0.01661	0.01594	0.02724	0.04119	0.72233	0.01594	0.02059	0.02059	0.01528	0.02192	0.01262	0.01661	0.01063	0.00598	0.00664	0.00199	0.00797	0.00598	0.00332	0.01063
1	0.01853	0.70702	0.03382	0.01196	0.01751	0.08563	0.01160	0.02065	0.01408	0.01584	0.00942	0.01087	0.00861	0.00584	0.00445	0.00146	0.00759	0.00365	0.00292	0.00854
2	0.01391	0.01193	0.01391	0.00994	0.01590	0.00894	0.00795	0.01690	0.01391	0.02186	0.01193	0.01391	0.00994	0.00497	0.00497	0.00099	0.00497	0.00398	0.00398	0.80521
3	0.01820	0.01519	0.02543	0.06633	0.60321	0.01511	0.01912	0.02202	0.01571	0.11315	0.01439	0.01747	0.01134	0.00631	0.00666	0.00201	0.00772	0.00608	0.00395	0.01060
4	0.00849	0.00606	0.00814	0.00970	0.01023	0.00572	0.00677	0.00988	0.01315	0.01748	0.03681	0.67878	0.04370	0.02073	0.00865	0.00277	0.00416	0.09702	0.00622	0.00554
5	0.01081	0.00772	0.01081	0.01236	0.01390	0.00772	0.01081	0.01390	0.01545	0.02008	0.03553	0.07569	0.03862	0.01854	0.00927	0.00309	0.00618	0.67717	0.00618	0.00618
6	0.01669	0.01441	0.01517	0.01365	0.01745	0.01669	0.01062	0.03565	0.71021	0.02807	0.02731	0.02503	0.02048	0.00910	0.00683	0.00228	0.00531	0.00759	0.00683	0.01062
7	0.03010	0.01142	0.01557	0.01194	0.01713	0.00986	0.00986	0.03270	0.01920	0.72698	0.02647	0.02284	0.01661	0.00830	0.00675	0.00208	0.00571	0.00675	0.00830	0.01142
8	0.01267	0.01193	0.02013	0.74806	0.04621	0.01491	0.01863	0.01714	0.01342	0.01714	0.01193	0.01789	0.00894	0.00671	0.00671	0.00224	0.00894	0.00596	0.00298	0.00745
9	0.01584	0.01810	0.03959	0.02828	0.03507	0.01697	0.69796	0.02149	0.01584	0.02149	0.01357	0.01810	0.01018	0.00566	0.00792	0.00226	0.01131	0.00792	0.00339	0.00905
10	0.01267	0.01193	0.02013	0.74806	0.04621	0.01491	0.01863	0.01714	0.01342	0.01714	0.01193	0.01789	0.00894	0.00671	0.00671	0.00224	0.00894	0.00596	0.00298	0.00745
11	0.03010	0.01142	0.01557	0.01194	0.01713	0.00986	0.00986	0.03270	0.01920	0.72698	0.02647	0.02284	0.01661	0.00830	0.00675	0.00208	0.00571	0.00675	0.00830	0.01142
12	0.01057	0.00764	0.01047	0.01188	0.01349	0.00755	0.01032	0.01354	0.01543	0.01991	0.03830	0.07474	0.09680	0.01840	0.00915	0.00302	0.00594	0.62052	0.00618	0.00613
13	0.00938	0.00675	0.00923	0.00951	0.01021	0.00731	0.00673	0.01086	0.01085	0.01510	0.02230	0.16265	0.02395	0.25531	0.40011	0.00808	0.01208	0.01007	0.00420	0.00533
14	0.01416	0.13286	0.56331	0.01914	0.06865	0.01679	0.02216	0.02076	0.01421	0.02050	0.01264	0.01631	0.00985	0.00675	0.00622	0.00206	0.00927	0.03173	0.00300	0.00963
15	0.01342	0.01259	0.02073	0.61373	0.13058	0.01515	0.01840	0.01870	0.05570	0.01841	0.01294	0.01816	0.00986	0.00676	0.00671	0.00221	0.00860	0.00606	0.00326	0.00805
16	0.22045	0.01890	0.08690	0.02482	0.30901	0.10273	0.01560	0.05232	0.06621	0.02463	0.01269	0.01497	0.01009	0.00651	0.00593	0.00202	0.00772	0.00521	0.00391	0.00940
17	0.11735	0.01592	0.01657	0.01417	0.01820	0.08998	0.06054	0.06803	0.38486	0.05828	0.06836	0.02252	0.01906	0.00848	0.00656	0.00216	0.00643	0.00696	0.00599	0.00958

[dist]
# distance from previous block
# <min> <max>
3	33

[block]
# block no. 2 follows, 32 sequences, length 9
# corresponding to MSA columns:
# 676-684
name=unknown_C
#
# <colnr> <probs for GDERKNQSTAVLIFYWHMCP>
#	G	D	E	R	K	N	Q	S	T	A	V	L	I	F	Y	W	H	M	C	P
0	0.01411	0.06523	0.51735	0.01947	0.02831	0.01575	0.13493	0.02085	0.01440	0.02108	0.01216	0.01464	0.00891	0.00610	0.00641	0.00201	0.00958	0.00530	0.00303	0.08039
1	0.01430	0.01532	0.09221	0.04043	0.02256	0.01363	0.20589	0.07870	0.14870	0.02393	0.07973	0.14344	0.04775	0.01056	0.00756	0.00232	0.00733	0.03184	0.00523	0.00858
2	0.00818	0.00584	0.00779	0.00934	0.00973	0.00545	0.00623	0.00934	0.01285	0.01713	0.03698	0.75981	0.04438	0.02102	0.00856	0.00273	0.00389	0.01908	0.00623	0.00545
3	0.00946	0.00691	0.00914	0.01031	0.01157	0.00659	0.00818	0.01174	0.01487	0.01944	0.09859	0.29869	0.13013	0.01875	0.00875	0.00278	0.00481	0.31714	0.00631	0.00588
4	0.02779	0.01513	0.01787	0.01370	0.01898	0.01537	0.01132	0.36876	0.02542	0.38214	0.02125	0.01945	0.01399	0.00818	0.00673	0.00204	0.00655	0.00639	0.00750	0.01141
5	0.00818	0.00584	0.00779	0.00934	0.00973	0.00545	0.00623	0.00934	0.01285	0.01713	0.03698	0.75981	0.04438	0.02102	0.00856	0.00273	0.00389	0.01908	0.00623	0.00545
6	0.01391	0.01193	0.01391	0.00994	0.01590	0.00894	0.00795	0.01690	0.01391	0.02186	0.01193	0.01391	0.00994	0.00497	0.00497	0.00099	0.00497	0.00398	0.00398	0.80521
7	0.01979	0.01750	0.01650	0.01411	0.01821	0.11513	0.01112	0.23601	0.34849	0.02999	0.02504	0.02392	0.07586	0.00916	0.00678	0.00212	0.00671	0.00723	0.00628	0.01005
8	0.73117	0.01233	0.00961	0.00867	0.01241	0.01420	0.00695	0.01872	0.01125	0.02839	0.01053	0.01421	0.00898	0.08224	0.00716	0.00252	0.00532	0.00425	0.00414	0.00695

[dist]
# distance from previous block
# <min> <max>
2	6

[block]
# block no. 3 follows, 32 sequences, length 50
# corresponding to MSA columns:
# 692-741
name=unknown_D
#
# <colnr> <probs for GDERKNQSTAVLIFYWHMCP>
#	G	D	E	R	K	N	Q	S	T	A	V	L	I	F	Y	W	H	M	C	P
0	0.01346	0.03471	0.72942	0.01912	0.02904	0.01558	0.02479	0.02125	0.01417	0.02125	0.01204	0.01417	0.00850	0.00637	0.00637	0.00212	0.00992	0.00496	0.00283	0.00992
1	0.01567	0.01475	0.02483	0.03687	0.62850	0.01468	0.01871	0.01955	0.01577	0.02258	0.10564	0.02102	0.01757	0.00700	0.00681	0.00201	0.00734	0.00679	0.00386	0.01006
2	0.01030	0.00782	0.00989	0.00880	0.01119	0.00680	0.00665	0.01331	0.01760	0.02530	0.53498	0.08621	0.05142	0.01240	0.00736	0.00192	0.00357	0.01092	0.00663	0.16692
3	0.01116	0.00925	0.01503	0.01402	0.01650	0.00888	0.12662	0.01449	0.01576	0.02069	0.10115	0.08339	0.10663	0.01580	0.00875	0.00276	0.00640	0.41029	0.00583	0.00661
4	0.01669	0.01441	0.01517	0.01365	0.01745	0.01669	0.01062	0.03565	0.71021	0.02807	0.02731	0.02503	0.02048	0.00910	0.00683	0.00228	0.00531	0.00759	0.00683	0.01062
5	0.02421	0.01526	0.13000	0.01270	0.01880	0.01060	0.01188	0.02772	0.01734	0.47334	0.02126	0.01967	0.01398	0.00733	0.00633	0.00187	0.00624	0.00591	0.00656	0.16899
6	0.01346	0.03471	0.72942	0.01912	0.02904	0.01558	0.02479	0.02125	0.01417	0.02125	0.01204	0.01417	0.00850	0.00637	0.00637	0.00212	0.00992	0.00496	0.00283	0.00992
7	0.01964	0.08375	0.13728	0.01326	0.01808	0.01165	0.01287	0.02325	0.01657	0.30288	0.02549	0.03809	0.02192	0.01119	0.00731	0.00237	0.00672	0.23239	0.00616	0.00914
8	0.00889	0.00690	0.00726	0.00726	0.00947	0.00582	0.00541	0.01057	0.01522	0.04788	0.06323	0.12994	0.62482	0.01702	0.00794	0.00230	0.00354	0.01432	0.00632	0.00589
9	0.01547	0.01788	0.07623	0.09912	0.17133	0.01670	0.41433	0.02055	0.01505	0.02081	0.01284	0.01733	0.00996	0.00624	0.00833	0.00224	0.05612	0.00704	0.00328	0.00916
10	0.01639	0.01601	0.02818	0.06481	0.63219	0.01601	0.08592	0.02056	0.01527	0.02171	0.01269	0.01680	0.01053	0.00597	0.00677	0.00203	0.00833	0.00617	0.00332	0.01036
11	0.02767	0.01208	0.01670	0.08425	0.04497	0.01123	0.01126	0.07155	0.01926	0.59180	0.02395	0.02173	0.01534	0.00805	0.00674	0.00208	0.00620	0.00660	0.00752	0.01101
12	0.02410	0.01502	0.10535	0.01651	0.06348	0.01155	0.09929	0.02771	0.01753	0.46509	0.02289	0.06637	0.01616	0.00838	0.00696	0.00214	0.00696	0.00739	0.00659	0.01052
13	0.01126	0.00849	0.05283	0.00988	0.01176	0.00671	0.00769	0.01325	0.01457	0.10446	0.10351	0.47805	0.11677	0.01743	0.00808	0.00250	0.00436	0.01549	0.00638	0.00656
14	0.01763	0.01789	0.02624	0.03829	0.63731	0.10335	0.01967	0.02134	0.01573	0.02125	0.01235	0.01606	0.01039	0.00609	0.00657	0.00196	0.00847	0.00578	0.00334	0.01028
15	0.02277	0.01661	0.01938	0.01770	0.10442	0.01794	0.01283	0.49006	0.04757	0.07880	0.01867	0.08865	0.01509	0.00910	0.00689	0.00209	0.00695	0.00738	0.00636	0.01072
16	0.01392	0.01750	0.11642	0.02314	0.02895	0.01435	0.46921	0.01888	0.01500	0.02054	0.01837	0.17543	0.01725	0.00901	0.00787	0.00234	0.00956	0.00993	0.00393	0.00839
17	0.01644	0.01577	0.02694	0.07095	0.69386	0.01590	0.02051	0.02045	0.01520	0.02172	0.01259	0.01666	0.01056	0.00601	0.00665	0.00200	0.00801	0.00598	0.00331	0.01049
18	0.01245	0.01142	0.01900	0.65891	0.04230	0.01404	0.01769	0.01675	0.01366	0.01750	0.01479	0.02489	0.01254	0.00814	0.00702	0.00234	0.00861	0.08730	0.00337	0.00730
19	0.01613	0.01546	0.02637	0.12685	0.64040	0.01582	0.02036	0.02017	0.01505	0.02134	0.01254	0.01676	0.01042	0.00607	0.00665	0.00202	0.00809	0.00598	0.00328	0.01024
20	0.01589	0.01772	0.03746	0.02949	0.11777	0.01696	0.59313	0.02121	0.01558	0.02137	0.01330	0.01780	0.01019	0.00590	0.00823	0.00225	0.03556	0.00762	0.00337	0.00918
21	0.00981	0.00822	0.01378	0.01303	0.01468	0.00774	0.13053	0.01197	0.01364	0.01820	0.03265	0.55870	0.03768	0.01802	0.00852	0.00268	0.00545	0.08280	0.00572	0.00617
22	0.02493	0.01144	0.01619	0.01311	0.01716	0.01100	0.03368	0.02748	0.01737	0.51764	0.02523	0.05904	0.01879	0.01018	0.00896	0.00231	0.09629	0.07195	0.00719	0.01008
23	0.01751	0.69741	0.10219	0.01222	0.01836	0.02549	0.01277	0.02020	0.01369	0.01631	0.00959	0.01109	0.00860	0.00580	0.00451	0.00150	0.00744	0.00372	0.00287	0.00874
24	0.01346	0.03471	0.72942	0.01912	0.02904	0.01558	0.02479	0.02125	0.01417	0.02125	0.01204	0.01417	0.00850	0.00637	0.00637	0.00212	0.00992	0.00496	0.00283	0.00992
25	0.01619	0.01551	0.02648	0.11657	0.65022	0.01583	0.02038	0.02022	0.01508	0.02141	0.01255	0.01674	0.01045	0.00606	0.00665	0.00202	0.00808	0.00598	0.00329	0.01029
26	0.01267	0.01193	0.02013	0.74806	0.04621	0.01491	0.01863	0.01714	0.01342	0.01714	0.01193	0.01789	0.00894	0.00671	0.00671	0.00224	0.00894	0.00596	0.00298	0.00745
27	0.01548	0.03189	0.64292	0.01825	0.02760	0.01489	0.02298	0.02264	0.01478	0.10677	0.01379	0.01522	0.00948	0.00661	0.00642	0.00212	0.00941	0.00518	0.00350	0.01010
28	0.01661	0.01594	0.02724	0.04119	0.72233	0.01594	0.02059	0.02059	0.01528	0.02192	0.01262	0.01661	0.01063	0.00598	0.00664	0.00199	0.00797	0.00598	0.00332	0.01063
29	0.01740	0.67934	0.11929	0.01241	0.01865	0.02522	0.01309	0.02023	0.01370	0.01645	0.00966	0.01118	0.00860	0.00582	0.00456	0.00152	0.00751	0.00375	0.00287	0.00877
30	0.01635	0.01558	0.02652	0.03992	0.69133	0.01558	0.02016	0.02030	0.01529	0.02184	0.01362	0.01919	0.01185	0.00653	0.00676	0.00204	0.00789	0.03535	0.00345	0.01043
31	0.01605	0.01541	0.02659	0.03864	0.64747	0.01534	0.05007	0.01994	0.01515	0.02161	0.01417	0.06263	0.01270	0.00689	0.00682	0.00205	0.00787	0.00688	0.00350	0.01024
32	0.01582	0.01514	0.02582	0.18172	0.58792	0.01574	0.02020	0.01991	0.01491	0.02097	0.01248	0.01686	0.01029	0.00612	0.00666	0.00204	0.00816	0.00598	0.00325	0.01000
33	0.01669	0.01441	0.01517	0.01365	0.01745	0.01669	0.01062	0.03565	0.71021	0.02807	0.02731	0.02503	0.02048	0.00910	0.00683	0.00228	0.00531	0.00759	0.00683	0.01062
34	0.01049	0.00749	0.01045	0.01199	0.01340	0.00745	0.01026	0.01335	0.01513	0.01972	0.03570	0.15859	0.03931	0.01884	0.00918	0.00305	0.00590	0.59742	0.00618	0.00609
35	0.01426	0.16619	0.60498	0.01775	0.02692	0.01755	0.02241	0.02104	0.01407	0.02027	0.01156	0.01356	0.00852	0.00626	0.00600	0.00200	0.00943	0.00471	0.00284	0.00968
36	0.01267	0.01193	0.02013	0.74806	0.04621	0.01491	0.01863	0.01714	0.01342	0.01714	0.01193	0.01789	0.00894	0.00671	0.00671	0.00224	0.00894	0.00596	0.00298	0.00745
37	0.00816	0.00590	0.00773	0.00919	0.00969	0.00546	0.00616	0.00936	0.01300	0.01719	0.03888	0.71733	0.08564	0.02078	0.00853	0.00270	0.00386	0.01877	0.00623	0.00546
38	0.00818	0.00584	0.00779	0.00934	0.00973	0.00545	0.00623	0.00934	0.01285	0.01713	0.03698	0.75981	0.04438	0.02102	0.00856	0.00273	0.00389	0.01908	0.00623	0.00545
39	0.01544	0.01476	0.02514	0.24996	0.52264	0.01564	0.02001	0.01957	0.01473	0.02051	0.01242	0.01699	0.01013	0.00619	0.00666	0.00206	0.00826	0.00597	0.00322	0.00969
40	0.01661	0.01594	0.02724	0.04119	0.72233	0.01594	0.02059	0.02059	0.01528	0.02192	0.01262	0.01661	0.01063	0.00598	0.00664	0.00199	0.00797	0.00598	0.00332	0.01063
41	0.01584	0.01810	0.03959	0.02828	0.03507	0.01697	0.69796	0.02149	0.01584	0.02149	0.01357	0.01810	0.01018	0.00566	0.00792	0.00226	0.01131	0.00792	0.00339	0.00905
42	0.01624	0.32047	0.41345	0.01569	0.02368	0.01952	0.01866	0.02150	0.01427	0.06275	0.01187	0.01337	0.00904	0.00625	0.00559	0.00185	0.00858	0.00453	0.00319	0.00950
43	0.02530	0.01856	0.01908	0.01501	0.02008	0.07475	0.01224	0.51177	0.08535	0.12207	0.01785	0.01735	0.01258	0.00808	0.00667	0.00202	0.00737	0.00612	0.00666	0.01106
44	0.05276	0.01680	0.02595	0.03826	0.64716	0.06050	0.01952	0.02094	0.01534	0.02195	0.01234	0.01607	0.01035	0.00605	0.00649	0.00198	0.00810	0.00577	0.00337	0.01030
45	0.11697	0.01539	0.01733	0.06049	0.05144	0.09567	0.05520	0.06919	0.17476	0.19664	0.02041	0.06440	0.01567	0.00847	0.00655	0.00214	0.00693	0.00699	0.00582	0.00953
46	0.01945	0.06167	0.01870	0.08317	0.02078	0.04766	0.04218	0.30753	0.06074	0.06957	0.09238	0.06902	0.05858	0.00958	0.00690	0.00208	0.00682	0.00790	0.00594	0.00934
47	0.01672	0.01604	0.02561	0.11414	0.58386	0.03827	0.01958	0.04149	0.03882	0.02206	0.01307	0.01687	0.01074	0.00625	0.00664	0.00202	0.00810	0.00598	0.00351	0.01023
48	0.05017	0.02930	0.01627	0.01310	0.01672	0.07185	0.08834	0.15684	0.01936	0.08921	0.12382	0.12004	0.15373	0.01158	0.00726	0.00216	0.00624	0.00994	0.00596	0.00812
49	0.12488	0.01578	0.04410	0.01231	0.01641	0.12404	0.01020	0.10651	0.06471	0.19162	0.06388	0.04164	0.10822	0.00985	0.00664	0.00211	0.00653	0.03570	0.00604	0.00883

[dist]
# distance from previous block
# <min> <max>
4	7

[block]
# block no. 4 follows, 32 sequences, length 45
# corresponding to MSA columns:
# 749-788,791-795
name=unknown_E
#
# <colnr> <probs for GDERKNQSTAVLIFYWHMCP>
#	G	D	E	R	K	N	Q	S	T	A	V	L	I	F	Y	W	H	M	C	P
0	0.01990	0.01489	0.01692	0.01378	0.01795	0.08409	0.07111	0.16214	0.13804	0.16269	0.08675	0.02853	0.11611	0.00967	0.00701	0.00210	0.00651	0.00809	0.02436	0.00937
1	0.01525	0.01471	0.02551	0.27753	0.45888	0.01565	0.05614	0.01948	0.01468	0.02030	0.01244	0.01712	0.01004	0.00621	0.00673	0.00209	0.00848	0.00608	0.00321	0.00948
2	0.01710	0.01527	0.05629	0.17704	0.28519	0.01511	0.01660	0.12847	0.03550	0.06419	0.01522	0.04398	0.01230	0.00893	0.03543	0.00238	0.00807	0.00643	0.00429	0.05220
3	0.01719	0.01525	0.02404	0.01911	0.03969	0.05940	0.27680	0.10781	0.06080	0.08785	0.04264	0.15319	0.04487	0.00989	0.00756	0.00225	0.00805	0.00962	0.00521	0.00878
4	0.10603	0.05664	0.09275	0.03862	0.01725	0.01265	0.05057	0.01935	0.11435	0.04871	0.20713	0.04619	0.07108	0.01227	0.04644	0.00262	0.03576	0.00834	0.00534	0.00791
5	0.01397	0.01143	0.01349	0.00992	0.01542	0.00871	0.00787	0.01686	0.01421	0.04367	0.03924	0.05209	0.01377	0.00618	0.00531	0.00115	0.00487	0.00510	0.00434	0.71240
6	0.01483	0.01118	0.01524	0.09257	0.05665	0.01183	0.03812	0.11506	0.10026	0.06413	0.04457	0.18864	0.02740	0.01330	0.00782	0.00250	0.00626	0.17566	0.00589	0.00809
7	0.00840	0.00679	0.00749	0.00756	0.00953	0.00588	0.00570	0.01042	0.01587	0.01989	0.19274	0.10857	0.51174	0.01669	0.00803	0.00231	0.00352	0.04661	0.00646	0.00581
8	0.01548	0.01220	0.01473	0.08322	0.05274	0.01330	0.01073	0.11445	0.26288	0.05261	0.17727	0.05688	0.06822	0.01064	0.00721	0.00221	0.00547	0.02442	0.00638	0.00895
9	0.00952	0.00712	0.01064	0.01071	0.01187	0.00824	0.00828	0.01185	0.01088	0.01565	0.01891	0.06233	0.01813	0.04889	0.70184	0.01039	0.01728	0.00777	0.00372	0.00596
10	0.01309	0.01221	0.02037	0.24849	0.19136	0.01304	0.09671	0.01684	0.01470	0.02004	0.06555	0.02750	0.12840	0.00880	0.00764	0.00216	0.03962	0.00793	0.05762	0.00795
11	0.01839	0.02106	0.01887	0.01607	0.01961	0.35202	0.12169	0.05681	0.01811	0.01978	0.07414	0.07401	0.12649	0.01000	0.00705	0.00204	0.00906	0.02267	0.00458	0.00756
12	0.02153	0.02110	0.01720	0.01509	0.01904	0.27459	0.01169	0.11726	0.33927	0.06308	0.01977	0.01915	0.01488	0.00814	0.00653	0.00204	0.00803	0.00618	0.00569	0.00975
13	0.01513	0.01081	0.01393	0.01207	0.01490	0.06763	0.08332	0.01766	0.01671	0.16430	0.19298	0.21524	0.12068	0.01339	0.00769	0.00226	0.00552	0.01191	0.00638	0.00748
14	0.06205	0.17346	0.22758	0.01586	0.05110	0.11138	0.01515	0.04816	0.12325	0.04221	0.01462	0.01686	0.01168	0.05030	0.00749	0.00220	0.00817	0.00535	0.00401	0.00913
15	0.48943	0.01593	0.15123	0.01086	0.01557	0.01328	0.01057	0.01807	0.01254	0.02588	0.01795	0.08676	0.06835	0.00889	0.00547	0.00220	0.00589	0.02935	0.00432	0.00746
16	0.05671	0.01340	0.01369	0.01174	0.01540	0.05180	0.00930	0.19238	0.15922	0.08427	0.05745	0.03266	0.20290	0.01336	0.05290	0.00268	0.00644	0.00864	0.00626	0.00881
17	0.01693	0.01340	0.01603	0.03809	0.07922	0.01483	0.01120	0.22769	0.20346	0.02791	0.04326	0.07513	0.01927	0.06457	0.11448	0.00370	0.00803	0.00796	0.00569	0.00917
18	0.00840	0.00655	0.00765	0.00808	0.00962	0.00580	0.00588	0.01026	0.01524	0.01953	0.17905	0.27517	0.36577	0.01767	0.00817	0.00241	0.00361	0.03895	0.00644	0.00574
19	0.02109	0.01649	0.01799	0.01443	0.01874	0.04854	0.03334	0.43175	0.06816	0.05258	0.02405	0.05935	0.10418	0.00997	0.00777	0.00214	0.04550	0.00781	0.00623	0.00989
20	0.00908	0.00643	0.00811	0.00871	0.00940	0.00616	0.00593	0.01048	0.01335	0.01800	0.16339	0.32369	0.07043	0.23385	0.03593	0.00392	0.00502	0.05707	0.00575	0.00529
21	0.01391	0.01193	0.01391	0.00994	0.01590	0.00894	0.00795	0.01690	0.01391	0.02186	0.01193	0.01391	0.00994	0.00497	0.00497	0.00099	0.00497	0.00398	0.00398	0.80521
22	0.01546	0.01544	0.10651	0.01269	0.01847	0.03872	0.05544	0.01953	0.03718	0.09036	0.03583	0.04592	0.04913	0.00714	0.00597	0.00155	0.00621	0.00603	0.00457	0.42784
23	0.62454	0.04091	0.07249	0.01068	0.01540	0.06066	0.00955	0.05932	0.01335	0.02874	0.01002	0.01154	0.00774	0.00637	0.00461	0.00203	0.00621	0.00392	0.00410	0.00780
24	0.01084	0.01396	0.17480	0.01238	0.01601	0.00958	0.03608	0.01460	0.01466	0.02030	0.13615	0.04265	0.15024	0.05014	0.10182	0.00361	0.02717	0.12464	0.03339	0.00698
25	0.01546	0.25198	0.38541	0.03308	0.02431	0.06152	0.03479	0.02062	0.01428	0.01918	0.01168	0.02900	0.00944	0.00643	0.00574	0.00184	0.00880	0.00484	0.00304	0.05856
26	0.00988	0.00660	0.00815	0.00821	0.00860	0.00687	0.00528	0.01057	0.01034	0.01442	0.02073	0.06604	0.02252	0.49622	0.19851	0.03458	0.00891	0.00918	0.04973	0.00466
27	0.01391	0.01193	0.01391	0.00994	0.01590	0.00894	0.00795	0.01690	0.01391	0.02186	0.01193	0.01391	0.00994	0.00497	0.00497	0.00099	0.00497	0.00398	0.00398	0.80521
28	0.00820	0.00597	0.00774	0.00907	0.00968	0.00550	0.00613	0.00950	0.01332	0.01761	0.06672	0.66721	0.10792	0.02036	0.00848	0.00266	0.00382	0.01834	0.00627	0.00550
29	0.01624	0.01769	0.11193	0.08834	0.24259	0.01503	0.18962	0.03531	0.04262	0.05788	0.01400	0.01710	0.01074	0.00617	0.00675	0.00199	0.00853	0.00620	0.00379	0.10748
30	0.04541	0.01360	0.03827	0.06233	0.09647	0.03295	0.01134	0.07886	0.01689	0.15506	0.07221	0.01958	0.01572	0.00870	0.03463	0.00204	0.00664	0.00583	0.00510	0.27837
31	0.01747	0.01412	0.02500	0.02342	0.17437	0.01358	0.24434	0.04835	0.05061	0.14065	0.08947	0.08916	0.02035	0.00863	0.00741	0.00219	0.00772	0.00865	0.00515	0.00936
32	0.04285	0.01352	0.03576	0.05489	0.20105	0.01291	0.09089	0.06574	0.06051	0.06361	0.07014	0.09480	0.06672	0.00912	0.00692	0.00206	0.00666	0.00831	0.00490	0.08863
33	0.06313	0.01309	0.06297	0.04394	0.01833	0.01086	0.02821	0.05691	0.01628	0.22419	0.05463	0.02143	0.01585	0.01123	0.07157	0.00257	0.00709	0.02440	0.00544	0.24787
34	0.03916	0.01394	0.05802	0.14606	0.22311	0.03018	0.01406	0.01872	0.07889	0.02092	0.03963	0.02693	0.13708	0.03195	0.00749	0.00215	0.00674	0.00743	0.00429	0.09325
35	0.01636	0.16714	0.19719	0.01884	0.14747	0.01669	0.01562	0.06778	0.07519	0.04188	0.04426	0.01676	0.01295	0.00668	0.00594	0.00180	0.00730	0.00538	0.00406	0.13073
36	0.01432	0.01138	0.01379	0.01142	0.04578	0.00927	0.00848	0.03088	0.03752	0.05859	0.05993	0.07805	0.03214	0.00747	0.00576	0.00139	0.00496	0.00630	0.00476	0.55781
37	0.01450	0.01190	0.01430	0.05244	0.01763	0.00948	0.00869	0.03203	0.01442	0.04620	0.01317	0.03382	0.01104	0.00567	0.00526	0.00117	0.00525	0.00462	0.00419	0.69423
38	0.01682	0.01607	0.09322	0.02513	0.31568	0.01365	0.03225	0.05327	0.05606	0.08667	0.03942	0.02143	0.03021	0.00732	0.00657	0.00193	0.00705	0.03234	0.00450	0.14042
39	0.01518	0.01227	0.01767	0.12357	0.04453	0.01146	0.08615	0.07594	0.01665	0.07184	0.10931	0.04302	0.04374	0.00786	0.00647	0.00175	0.00629	0.00699	0.00487	0.29444
40	0.01249	0.01118	0.01683	0.01505	0.06359	0.01080	0.13558	0.03654	0.11273	0.02370	0.22110	0.04001	0.18475	0.01141	0.00756	0.00217	0.00566	0.03616	0.00581	0.04688
41	0.01205	0.01002	0.01410	0.01720	0.16644	0.03252	0.02483	0.01511	0.04427	0.04102	0.06502	0.29519	0.07669	0.02028	0.12950	0.00376	0.00759	0.01194	0.00516	0.00729
42	0.01251	0.00625	0.00625	0.00625	0.00782	0.00625	0.00469	0.01563	0.01407	0.02502	0.02189	0.02502	0.01720	0.00782	0.00469	0.00156	0.00313	0.00625	0.80144	0.00625
43	0.47356	0.01322	0.01225	0.01030	0.01449	0.01454	0.00836	0.15274	0.01643	0.11642	0.01676	0.01822	0.05099	0.04797	0.00679	0.00231	0.00565	0.00542	0.00528	0.00832
44	0.01142	0.00827	0.00984	0.00945	0.01154	0.02419	0.00740	0.01514	0.05743	0.06593	0.39742	0.05273	0.17332	0.01431	0.00795	0.00229	0.00415	0.11353	0.00692	0.00677

[dist]
# distance from previous block
# <min> <max>
0	1

[block]
# block no. 5 follows, 32 sequences, length 29
# corresponding to MSA columns:
# 797-815,817-826
name=unknown_F
#
# <colnr> <probs for GDERKNQSTAVLIFYWHMCP>
#	G	D	E	R	K	N	Q	S	T	A	V	L	I	F	Y	W	H	M	C	P
0	0.47881	0.04268	0.04856	0.03338	0.03495	0.08507	0.07337	0.05301	0.05226	0.02701	0.01140	0.01316	0.00881	0.00648	0.00518	0.00205	0.00697	0.00460	0.00413	0.00811
1	0.01251	0.00625	0.00625	0.00625	0.00782	0.00625	0.00469	0.01563	0.01407	0.02502	0.02189	0.02502	0.01720	0.00782	0.00469	0.00156	0.00313	0.00625	0.80144	0.00625
2	0.17146	0.06711	0.08906	0.08600	0.07190	0.07083	0.05595	0.10677	0.07659	0.02530	0.03678	0.01782	0.01275	0.03068	0.00683	0.00215	0.00740	0.00574	0.05024	0.00865
3	0.02376	0.02974	0.02101	0.02001	0.08141	0.63056	0.05665	0.02593	0.01850	0.01721	0.01076	0.01286	0.00891	0.00676	0.00622	0.00178	0.01170	0.00469	0.00344	0.00810
4	0.01187	0.05013	0.01202	0.06254	0.01462	0.00854	0.00780	0.01414	0.01465	0.06402	0.08555	0.21356	0.19492	0.01288	0.00700	0.00200	0.00464	0.01108	0.00548	0.20257
5	0.01645	0.01579	0.02696	0.06885	0.69587	0.01590	0.02052	0.02046	0.01521	0.02173	0.01259	0.01666	0.01056	0.00601	0.00665	0.00200	0.00801	0.00598	0.00331	0.01050
6	0.01481	0.01381	0.02279	0.19663	0.44819	0.01452	0.01791	0.01944	0.04492	0.02173	0.10265	0.02151	0.01735	0.00726	0.00683	0.00208	0.00747	0.00682	0.00391	0.00936
7	0.00959	0.00719	0.01078	0.01078	0.01198	0.00839	0.00839	0.01198	0.01078	0.01558	0.01797	0.02636	0.01677	0.05032	0.73760	0.01078	0.01797	0.00719	0.00359	0.00599
8	0.02236	0.02021	0.01742	0.01501	0.03476	0.22769	0.01151	0.34450	0.04413	0.03005	0.01610	0.03793	0.01292	0.03699	0.00739	0.00208	0.00811	0.00611	0.09545	0.00928
9	0.01251	0.00625	0.00625	0.00625	0.00782	0.00625	0.00469	0.01563	0.01407	0.02502	0.02189	0.02502	0.01720	0.00782	0.00469	0.00156	0.00313	0.00625	0.80144	0.00625
10	0.02593	0.01812	0.01972	0.01512	0.02047	0.01981	0.01249	0.63904	0.03042	0.10480	0.01706	0.01672	0.01189	0.00808	0.00672	0.00202	0.00723	0.00611	0.00686	0.01141
11	0.01608	0.01545	0.02627	0.12890	0.58189	0.01588	0.04452	0.02083	0.04466	0.02156	0.01319	0.01718	0.01082	0.00619	0.00671	0.00205	0.00810	0.00612	0.00343	0.01017
12	0.01669	0.01441	0.01517	0.01365	0.01745	0.01669	0.01062	0.03565	0.71021	0.02807	0.02731	0.02503	0.02048	0.00910	0.00683	0.00228	0.00531	0.00759	0.00683	0.01062
13	0.49027	0.01928	0.01416	0.01374	0.06089	0.24054	0.01007	0.04388	0.01468	0.02571	0.01009	0.01181	0.00804	0.00649	0.00499	0.00196	0.00759	0.00408	0.00396	0.00777
14	0.01207	0.00781	0.00948	0.00898	0.01120	0.00719	0.00686	0.01534	0.05586	0.11292	0.27399	0.11222	0.24692	0.03712	0.00863	0.00241	0.00403	0.05324	0.00685	0.00688
15	0.01433	0.01169	0.01376	0.00999	0.01573	0.00885	0.00796	0.01723	0.01408	0.04870	0.01339	0.04111	0.01143	0.00567	0.00517	0.00110	0.00496	0.00463	0.00422	0.74601
16	0.00818	0.00584	0.00779	0.00934	0.00973	0.00545	0.00623	0.00934	0.01285	0.01713	0.03698	0.75981	0.04438	0.02102	0.00856	0.00273	0.00389	0.01908	0.00623	0.00545
17	0.01251	0.00625	0.00625	0.00625	0.00782	0.00625	0.00469	0.01563	0.01407	0.02502	0.02189	0.02502	0.01720	0.00782	0.00469	0.00156	0.00313	0.00625	0.80144	0.00625
18	0.06195	0.01852	0.01966	0.01513	0.02045	0.02054	0.01250	0.66842	0.03061	0.04172	0.01580	0.01587	0.01122	0.00797	0.00659	0.00202	0.00728	0.00593	0.00659	0.01122
19	0.00841	0.00605	0.00789	0.00910	0.00962	0.00576	0.00611	0.00958	0.01256	0.01669	0.03599	0.60164	0.07983	0.09289	0.06088	0.00361	0.00508	0.01710	0.00584	0.00537
20	0.01736	0.05572	0.25747	0.04389	0.06133	0.03616	0.06108	0.03980	0.10800	0.13878	0.05614	0.02132	0.01579	0.00911	0.02946	0.00239	0.00823	0.02351	0.00480	0.00965
21	0.01251	0.00625	0.00625	0.00625	0.00782	0.00625	0.00469	0.01563	0.01407	0.02502	0.02189	0.02502	0.01720	0.00782	0.00469	0.00156	0.00313	0.00625	0.80144	0.00625
22	0.00965	0.00722	0.01079	0.01087	0.01209	0.00835	0.00852	0.01209	0.01104	0.01582	0.01894	0.02907	0.01798	0.04858	0.69755	0.01036	0.01732	0.04403	0.00374	0.00600
23	0.01576	0.01508	0.02570	0.19372	0.57644	0.01572	0.02017	0.01985	0.01488	0.02089	0.01247	0.01688	0.01027	0.00614	0.00666	0.00205	0.00818	0.00598	0.00325	0.00994
24	0.01753	0.01677	0.07955	0.05033	0.40992	0.03430	0.01752	0.02431	0.14069	0.08858	0.01726	0.02057	0.01370	0.00729	0.00675	0.00210	0.00751	0.03051	0.00448	0.01032
25	0.02506	0.03198	0.01901	0.01729	0.02074	0.73725	0.01296	0.02679	0.01901	0.01642	0.01037	0.01210	0.00864	0.00691	0.00605	0.00173	0.01210	0.00432	0.00346	0.00778
26	0.00846	0.00628	0.00792	0.00878	0.00980	0.00573	0.00618	0.01017	0.01456	0.01924	0.16984	0.46847	0.17952	0.01879	0.00834	0.00253	0.00374	0.03951	0.00644	0.00568
27	0.01987	0.04224	0.07910	0.01445	0.04064	0.06082	0.05562	0.10462	0.01823	0.24274	0.04252	0.16786	0.06009	0.01080	0.00710	0.00217	0.00665	0.00926	0.00608	0.00913
28	0.13996	0.01463	0.01651	0.07873	0.11584	0.05625	0.01193	0.18845	0.08742	0.04949	0.04064	0.11178	0.04142	0.00951	0.00659	0.00215	0.00658	0.00782	0.00535	0.00895

[dist]
# distance from previous block
# <min> <max>
0	8

# created by:
# /home/cegg/simao/soft/augustus-3.2.1/scripts/msa2prfl.pl ./align_prep/EOG090W0A3C.fa
