[name]
unknown

[dist]
# distance from previous block
# <min> <max>
25	188

[block]
# block no. 0 follows, 31 sequences, length 6
# corresponding to MSA columns:
# 245-250
name=unknown_A
#
# <colnr> <probs for GDERKNQSTAVLIFYWHMCP>
#	G	D	E	R	K	N	Q	S	T	A	V	L	I	F	Y	W	H	M	C	P
0	0.01869	0.01705	0.06945	0.07348	0.09840	0.06672	0.12276	0.13396	0.06036	0.10704	0.05351	0.02349	0.06285	0.01072	0.04821	0.00265	0.00868	0.00736	0.00515	0.00948
1	0.01539	0.06148	0.05367	0.06977	0.24276	0.08230	0.12426	0.01898	0.01534	0.01994	0.02069	0.09470	0.07503	0.00942	0.00778	0.00222	0.03554	0.03805	0.00400	0.00868
2	0.04877	0.00812	0.01008	0.01079	0.03866	0.00808	0.00752	0.01378	0.04847	0.05063	0.11699	0.29253	0.16701	0.06007	0.04263	0.00311	0.02774	0.03242	0.00604	0.00655
3	0.01555	0.01220	0.01834	0.08652	0.12194	0.01256	0.09138	0.10933	0.01720	0.07126	0.02597	0.16650	0.09340	0.01116	0.00789	0.00227	0.03557	0.00989	0.08270	0.00838
4	0.01706	0.01868	0.11086	0.08343	0.08252	0.06472	0.19691	0.06284	0.08128	0.06555	0.01736	0.08555	0.01457	0.00856	0.00831	0.00229	0.05806	0.00781	0.00443	0.00923
5	0.06352	0.07292	0.27114	0.04280	0.08606	0.06252	0.01651	0.02011	0.05654	0.02136	0.07094	0.08030	0.01768	0.03706	0.00854	0.00235	0.04981	0.00714	0.00403	0.00869

[dist]
# distance from previous block
# <min> <max>
65	122

[block]
# block no. 1 follows, 31 sequences, length 26
# corresponding to MSA columns:
# 397-414,422-429
name=unknown_B
#
# <colnr> <probs for GDERKNQSTAVLIFYWHMCP>
#	G	D	E	R	K	N	Q	S	T	A	V	L	I	F	Y	W	H	M	C	P
0	0.04312	0.11225	0.26486	0.08140	0.10314	0.08650	0.07163	0.04760	0.01613	0.09114	0.01350	0.01559	0.01000	0.00666	0.00638	0.00204	0.00913	0.00545	0.00381	0.00966
1	0.11028	0.01648	0.06216	0.02197	0.21129	0.04479	0.04649	0.09867	0.04290	0.16049	0.06583	0.01982	0.01558	0.00784	0.00741	0.00214	0.04419	0.00645	0.00524	0.00997
2	0.00864	0.00688	0.00776	0.00780	0.00972	0.00600	0.00582	0.01077	0.01641	0.02093	0.24426	0.12647	0.45199	0.01683	0.00818	0.00233	0.00353	0.03303	0.00668	0.00596
3	0.01460	0.01193	0.01780	0.10114	0.09434	0.01241	0.08588	0.08490	0.08757	0.05491	0.11530	0.12394	0.07006	0.01383	0.05316	0.00286	0.00727	0.03421	0.00553	0.00835
4	0.04637	0.09052	0.05922	0.09963	0.19416	0.04092	0.10751	0.04166	0.01574	0.05936	0.01788	0.04678	0.05901	0.00759	0.00659	0.00199	0.00785	0.00682	0.00409	0.08633
5	0.01542	0.03757	0.01511	0.01261	0.01473	0.03798	0.02999	0.14368	0.03623	0.02305	0.02066	0.11956	0.04644	0.04215	0.04249	0.08056	0.13921	0.00840	0.12680	0.00736
6	0.01415	0.01564	0.06197	0.16941	0.09391	0.01555	0.27085	0.01843	0.01451	0.01975	0.01873	0.06534	0.07088	0.00880	0.00963	0.00239	0.10976	0.00826	0.00369	0.00835
7	0.07506	0.05219	0.07756	0.05186	0.05533	0.03901	0.07231	0.05680	0.08862	0.10796	0.07282	0.09687	0.04444	0.00978	0.00685	0.00218	0.00669	0.02239	0.05250	0.00877
8	0.01824	0.05737	0.11012	0.09991	0.10971	0.03961	0.08559	0.18240	0.06054	0.05546	0.04334	0.02256	0.04737	0.00823	0.00696	0.00214	0.00808	0.02775	0.00491	0.00971
9	0.01066	0.00730	0.00829	0.00805	0.00867	0.00738	0.00503	0.04284	0.01189	0.01606	0.04151	0.04319	0.07638	0.57197	0.07879	0.00610	0.00705	0.00985	0.03409	0.00490
10	0.07825	0.01499	0.01881	0.23636	0.05217	0.08845	0.07543	0.08062	0.09602	0.02378	0.05140	0.03922	0.01607	0.00833	0.00674	0.00218	0.00781	0.03155	0.06344	0.00837
11	0.01784	0.01763	0.15517	0.06996	0.07805	0.01420	0.05872	0.10186	0.11838	0.13328	0.07349	0.02653	0.06721	0.00903	0.00713	0.00221	0.00724	0.02675	0.00558	0.00976
12	0.07127	0.01359	0.02044	0.04616	0.28660	0.04004	0.07974	0.01909	0.01552	0.06201	0.07466	0.08671	0.05943	0.00918	0.00737	0.00215	0.02842	0.00825	0.06059	0.00877
13	0.01136	0.01020	0.04482	0.01130	0.01304	0.04510	0.00899	0.01471	0.05906	0.01707	0.01954	0.06635	0.01862	0.10626	0.45840	0.03785	0.01394	0.00792	0.02909	0.00639
14	0.01877	0.11017	0.17173	0.01882	0.04947	0.21954	0.12476	0.02341	0.04213	0.05459	0.01382	0.01630	0.01085	0.01002	0.06029	0.00263	0.01059	0.00564	0.02756	0.00892
15	0.03471	0.21933	0.15637	0.01688	0.06227	0.04707	0.09204	0.03911	0.06560	0.03743	0.10820	0.05689	0.01944	0.00827	0.00644	0.00200	0.00766	0.00699	0.00437	0.00895
16	0.00871	0.00688	0.00740	0.00737	0.00903	0.00617	0.00520	0.01015	0.01420	0.01758	0.09054	0.05786	0.47516	0.19710	0.05377	0.00381	0.00502	0.01286	0.00574	0.00544
17	0.04215	0.01322	0.01461	0.01358	0.04184	0.04324	0.01025	0.09627	0.22930	0.09673	0.08771	0.05351	0.09839	0.03791	0.00913	0.00247	0.04979	0.04454	0.00633	0.00901
18	0.01833	0.07437	0.05198	0.06624	0.19837	0.12723	0.06823	0.06102	0.03061	0.07195	0.05782	0.04341	0.01690	0.00857	0.00738	0.00213	0.02969	0.05213	0.00449	0.00916
19	0.01184	0.00945	0.05212	0.01052	0.01282	0.00793	0.00849	0.01560	0.07471	0.08576	0.09450	0.32587	0.16200	0.01667	0.00818	0.00254	0.00472	0.08275	0.00649	0.00704
20	0.01392	0.00937	0.01113	0.01067	0.01289	0.00941	0.00796	0.10187	0.08336	0.09366	0.03598	0.31692	0.13416	0.06152	0.03662	0.00305	0.00546	0.03814	0.00646	0.00746
21	0.01795	0.01578	0.02139	0.06712	0.20448	0.09168	0.09190	0.07894	0.06845	0.07727	0.01991	0.07841	0.01763	0.00940	0.00726	0.00224	0.00793	0.08088	0.03214	0.00923
22	0.11892	0.01644	0.01735	0.01498	0.04727	0.06741	0.03040	0.27013	0.13785	0.09209	0.06758	0.02237	0.04976	0.00877	0.00667	0.00212	0.00675	0.00692	0.00623	0.00998
23	0.01235	0.01070	0.08017	0.00966	0.01228	0.03265	0.03111	0.01569	0.01446	0.02261	0.02660	0.09635	0.08256	0.01256	0.04540	0.00242	0.00551	0.03328	0.44685	0.00675
24	0.06574	0.17513	0.02481	0.09890	0.17653	0.11443	0.05452	0.05509	0.04142	0.02149	0.01228	0.01490	0.01004	0.00635	0.00593	0.00181	0.00817	0.00515	0.00371	0.10361
25	0.06174	0.23328	0.02230	0.01577	0.10242	0.08795	0.01160	0.08854	0.01720	0.08792	0.06125	0.09060	0.01738	0.00854	0.00605	0.00186	0.00692	0.00676	0.00475	0.06716

[dist]
# distance from previous block
# <min> <max>
24	42

[block]
# block no. 2 follows, 31 sequences, length 38
# corresponding to MSA columns:
# 473-510
name=unknown_C
#
# <colnr> <probs for GDERKNQSTAVLIFYWHMCP>
#	G	D	E	R	K	N	Q	S	T	A	V	L	I	F	Y	W	H	M	C	P
0	0.01742	0.41757	0.20008	0.01450	0.02098	0.04040	0.04024	0.08082	0.01588	0.02049	0.01249	0.04053	0.01072	0.00690	0.00548	0.00178	0.00804	0.00509	0.03145	0.00915
1	0.01179	0.00840	0.03734	0.00940	0.01153	0.00697	0.00735	0.01440	0.01704	0.10343	0.35873	0.20013	0.12795	0.04302	0.00902	0.00247	0.00411	0.01314	0.00694	0.00683
2	0.07236	0.13865	0.08975	0.04562	0.17216	0.08064	0.03667	0.01947	0.01519	0.04468	0.06718	0.07517	0.03574	0.03496	0.00735	0.00217	0.00739	0.00718	0.03916	0.00850
3	0.04341	0.01642	0.05434	0.08431	0.18017	0.04693	0.13242	0.04598	0.16106	0.06378	0.02098	0.02401	0.05520	0.00817	0.00710	0.00222	0.00792	0.03115	0.00482	0.00962
4	0.02400	0.01173	0.01460	0.01190	0.01619	0.01117	0.00963	0.13260	0.05280	0.40558	0.05382	0.08208	0.06662	0.01050	0.00712	0.00219	0.00558	0.02851	0.04320	0.01018
5	0.04612	0.04650	0.35455	0.04211	0.08956	0.04767	0.01877	0.09626	0.01749	0.09967	0.06418	0.01827	0.01406	0.00741	0.00657	0.00210	0.00850	0.00591	0.00439	0.00994
6	0.03823	0.06292	0.14399	0.05067	0.06762	0.06121	0.09003	0.10958	0.09329	0.06382	0.06751	0.04736	0.03267	0.00854	0.00736	0.00216	0.03159	0.00717	0.00488	0.00941
7	0.01173	0.00841	0.00959	0.00968	0.01132	0.03373	0.00698	0.01476	0.06475	0.07186	0.11546	0.31358	0.14225	0.06561	0.05664	0.00325	0.00542	0.01366	0.03474	0.00659
8	0.01268	0.00769	0.00893	0.00855	0.01046	0.00746	0.00640	0.06312	0.01704	0.06196	0.20341	0.17008	0.08991	0.01279	0.00687	0.00207	0.00382	0.01098	0.28893	0.00685
9	0.01745	0.05057	0.02502	0.10703	0.15471	0.09580	0.15764	0.08417	0.04225	0.03809	0.03650	0.07628	0.01501	0.00843	0.00818	0.00221	0.05985	0.00753	0.00426	0.00902
10	0.01766	0.01993	0.09984	0.07066	0.07095	0.08502	0.21535	0.12110	0.04269	0.02335	0.01374	0.01798	0.01102	0.04132	0.01062	0.00248	0.11655	0.00664	0.00397	0.00913
11	0.01095	0.00825	0.00939	0.00969	0.01124	0.03310	0.00706	0.04582	0.01597	0.04439	0.13839	0.36327	0.17913	0.03902	0.00905	0.00263	0.00452	0.05533	0.00645	0.00633
12	0.01712	0.24868	0.20642	0.04361	0.07341	0.06747	0.04223	0.02230	0.06028	0.06554	0.04740	0.01893	0.04392	0.00742	0.00612	0.00194	0.00810	0.00585	0.00400	0.00927
13	0.04944	0.09760	0.12409	0.05135	0.04734	0.13603	0.07967	0.02566	0.07782	0.17365	0.03871	0.01837	0.01361	0.00752	0.00695	0.00206	0.02970	0.00603	0.00486	0.00954
14	0.00885	0.00672	0.00821	0.00892	0.01017	0.00620	0.00635	0.01116	0.03625	0.01987	0.16052	0.40964	0.22351	0.01863	0.00842	0.00255	0.00383	0.03767	0.00657	0.00595
15	0.04638	0.01766	0.12585	0.03643	0.08641	0.09057	0.06115	0.08871	0.01597	0.02186	0.01874	0.16506	0.01844	0.07106	0.03630	0.00293	0.04877	0.00881	0.03081	0.00809
16	0.01825	0.01963	0.09189	0.01732	0.06976	0.17899	0.07174	0.06266	0.09702	0.06682	0.06481	0.04260	0.06421	0.00900	0.00741	0.00210	0.03571	0.00735	0.06391	0.00883
17	0.01680	0.05853	0.12123	0.02046	0.19459	0.06219	0.01456	0.10332	0.01772	0.06560	0.04469	0.09793	0.08755	0.00992	0.00694	0.00213	0.00717	0.02548	0.03407	0.00911
18	0.00916	0.00676	0.00784	0.00804	0.00932	0.00625	0.00564	0.01078	0.01435	0.01885	0.15834	0.15756	0.27062	0.19530	0.03537	0.00364	0.00478	0.03898	0.03288	0.00552
19	0.01322	0.01336	0.08394	0.10594	0.12492	0.01183	0.05597	0.04120	0.03653	0.04397	0.15018	0.13777	0.10321	0.01158	0.00807	0.00230	0.03252	0.01022	0.00519	0.00808
20	0.01644	0.07332	0.23750	0.07056	0.18344	0.05783	0.01798	0.02162	0.03796	0.07801	0.06716	0.03791	0.01619	0.00808	0.00714	0.00213	0.02757	0.02555	0.00417	0.00948
21	0.01484	0.11480	0.27210	0.07481	0.02436	0.01547	0.07566	0.02093	0.07099	0.05932	0.02126	0.05653	0.08264	0.00872	0.00716	0.00216	0.03098	0.00723	0.03107	0.00895
22	0.00990	0.00772	0.00940	0.04380	0.01255	0.00756	0.00735	0.01379	0.08384	0.02126	0.17973	0.25635	0.22594	0.01640	0.00810	0.00245	0.00420	0.05574	0.02744	0.00649
23	0.01877	0.10566	0.25782	0.03563	0.04258	0.12887	0.01631	0.07200	0.03786	0.10910	0.04028	0.01900	0.03616	0.00959	0.03905	0.00242	0.00912	0.00591	0.00443	0.00945
24	0.01537	0.02327	0.27576	0.13691	0.13495	0.04755	0.15119	0.03898	0.04093	0.02197	0.03847	0.01787	0.01194	0.00679	0.00697	0.00218	0.00955	0.00632	0.00355	0.00949
25	0.01205	0.01051	0.07552	0.01005	0.01313	0.00798	0.03213	0.01449	0.01506	0.09975	0.06810	0.04967	0.35599	0.12696	0.04440	0.00334	0.00590	0.04240	0.00577	0.00679
26	0.01887	0.06594	0.18187	0.02297	0.17939	0.19960	0.05606	0.06501	0.01756	0.04279	0.04120	0.01929	0.01337	0.00752	0.00668	0.00204	0.00942	0.03705	0.00396	0.00941
27	0.01858	0.02030	0.13762	0.04716	0.12660	0.11646	0.07263	0.04717	0.09617	0.10537	0.04868	0.02090	0.03966	0.00821	0.00806	0.00218	0.06328	0.00671	0.00471	0.00955
28	0.01999	0.01881	0.13865	0.04874	0.19630	0.04628	0.11948	0.04391	0.01670	0.20050	0.01668	0.01915	0.01229	0.03463	0.00853	0.00232	0.03572	0.00649	0.00472	0.01010
29	0.01421	0.01490	0.07086	0.05634	0.20373	0.04101	0.09543	0.03954	0.03794	0.02056	0.02169	0.04761	0.09497	0.01670	0.13640	0.03090	0.00974	0.00778	0.00407	0.03560
30	0.05295	0.11068	0.25643	0.09694	0.10274	0.01597	0.08070	0.02103	0.03316	0.06666	0.04123	0.06261	0.01427	0.00774	0.00659	0.00213	0.00832	0.00668	0.00394	0.00926
31	0.03930	0.04153	0.22190	0.06452	0.04723	0.01306	0.05251	0.03975	0.05787	0.10271	0.02519	0.09238	0.10907	0.02664	0.00758	0.00229	0.00725	0.00832	0.00485	0.03606
32	0.01680	0.02193	0.23406	0.04396	0.11440	0.05648	0.14384	0.06306	0.03260	0.07139	0.04947	0.03665	0.03414	0.00760	0.00699	0.00212	0.00878	0.00690	0.00427	0.04456
33	0.01343	0.01601	0.16940	0.01827	0.13018	0.01128	0.06572	0.01783	0.03879	0.06563	0.05226	0.18936	0.12999	0.01179	0.00745	0.00227	0.00665	0.01052	0.00502	0.03814
34	0.01706	0.06347	0.15255	0.04855	0.15319	0.01516	0.13383	0.04401	0.06474	0.10103	0.06152	0.02166	0.04247	0.00757	0.00689	0.00208	0.00798	0.00694	0.00460	0.04470
35	0.01563	0.01764	0.13783	0.14669	0.16823	0.05183	0.03623	0.04976	0.03968	0.05368	0.07257	0.04988	0.03885	0.00844	0.00692	0.00211	0.00778	0.02457	0.00441	0.06728
36	0.01639	0.02030	0.22369	0.08263	0.13213	0.04609	0.06073	0.02246	0.07310	0.09756	0.05696	0.06732	0.01670	0.00822	0.00690	0.00214	0.00803	0.00720	0.00453	0.04692
37	0.01885	0.01965	0.20137	0.05700	0.07161	0.03752	0.11000	0.04684	0.04170	0.19177	0.04268	0.04553	0.03095	0.00798	0.00696	0.00213	0.00807	0.00706	0.00507	0.04725

[dist]
# distance from previous block
# <min> <max>
2	128

[block]
# block no. 3 follows, 31 sequences, length 10
# corresponding to MSA columns:
# 647-656
name=unknown_D
#
# <colnr> <probs for GDERKNQSTAVLIFYWHMCP>
#	G	D	E	R	K	N	Q	S	T	A	V	L	I	F	Y	W	H	M	C	P
0	0.06093	0.05925	0.05547	0.01118	0.01493	0.01151	0.00925	0.08793	0.06073	0.08244	0.02597	0.22418	0.06887	0.05616	0.00849	0.00236	0.00555	0.01004	0.00557	0.13918
1	0.01697	0.07941	0.03951	0.01526	0.07351	0.06075	0.02940	0.12568	0.10736	0.05590	0.05164	0.05640	0.06035	0.04546	0.03985	0.00275	0.00722	0.07171	0.05219	0.00869
2	0.01822	0.18333	0.06638	0.04788	0.07249	0.06141	0.06870	0.07692	0.04290	0.09598	0.01700	0.02125	0.03133	0.11030	0.01011	0.00253	0.00775	0.00633	0.00444	0.05475
3	0.01183	0.00899	0.01165	0.01194	0.05336	0.00951	0.00828	0.04066	0.05618	0.01921	0.02290	0.07564	0.05886	0.15954	0.27046	0.00605	0.02955	0.00853	0.07536	0.06152
4	0.03789	0.01224	0.01288	0.05416	0.01576	0.08151	0.00906	0.12398	0.01981	0.05771	0.30522	0.10422	0.08543	0.01211	0.00741	0.00213	0.00549	0.01025	0.00639	0.03636
5	0.02023	0.21990	0.05479	0.08365	0.02191	0.02054	0.01340	0.28727	0.02104	0.05600	0.01507	0.06157	0.01258	0.00854	0.00766	0.00205	0.07296	0.00627	0.00494	0.00966
6	0.01533	0.05678	0.01924	0.03502	0.15871	0.03669	0.05361	0.08542	0.06683	0.02397	0.10333	0.11956	0.02317	0.01056	0.02117	0.00219	0.00673	0.02450	0.00504	0.13214
7	0.04628	0.12310	0.27817	0.01782	0.06613	0.15530	0.01711	0.05340	0.10506	0.02243	0.04249	0.01664	0.01280	0.00723	0.00624	0.00200	0.00888	0.00546	0.00398	0.00947
8	0.01955	0.01542	0.01732	0.16682	0.02376	0.08383	0.01262	0.27369	0.02157	0.07197	0.05658	0.02082	0.01533	0.01406	0.10629	0.00328	0.00919	0.00655	0.05226	0.00906
9	0.01106	0.00794	0.00967	0.04266	0.01253	0.02834	0.00733	0.01327	0.04398	0.06239	0.03425	0.47826	0.07839	0.09648	0.03721	0.00333	0.00539	0.01535	0.00596	0.00623

[dist]
# distance from previous block
# <min> <max>
0	1

[block]
# block no. 4 follows, 31 sequences, length 45
# corresponding to MSA columns:
# 658-702
name=unknown_E
#
# <colnr> <probs for GDERKNQSTAVLIFYWHMCP>
#	G	D	E	R	K	N	Q	S	T	A	V	L	I	F	Y	W	H	M	C	P
0	0.01088	0.00874	0.01383	0.01290	0.03288	0.00859	0.10434	0.01284	0.01318	0.01773	0.07445	0.12566	0.08002	0.20330	0.12401	0.05338	0.00824	0.08429	0.00479	0.00596
1	0.01033	0.00773	0.01092	0.01070	0.01166	0.00904	0.00812	0.01234	0.01095	0.01598	0.01836	0.02883	0.01779	0.16072	0.53193	0.00924	0.06882	0.00761	0.04302	0.00590
2	0.01770	0.07623	0.01706	0.03455	0.07480	0.16741	0.01124	0.08302	0.06751	0.07041	0.04205	0.17355	0.06922	0.01179	0.00717	0.00221	0.00718	0.05323	0.00540	0.00827
3	0.05354	0.14069	0.32047	0.05661	0.05832	0.12759	0.04234	0.02241	0.04912	0.02043	0.01254	0.01491	0.00976	0.00826	0.03324	0.00234	0.00978	0.00511	0.00334	0.00920
4	0.01312	0.00990	0.01160	0.01134	0.03767	0.01007	0.00826	0.17026	0.01842	0.02451	0.06346	0.20737	0.23006	0.01906	0.09048	0.00330	0.00637	0.01210	0.04529	0.00736
5	0.05580	0.01668	0.04031	0.07496	0.21564	0.09152	0.12631	0.07541	0.01705	0.02288	0.01924	0.04909	0.03922	0.00930	0.00734	0.00229	0.00849	0.11526	0.00436	0.00885
6	0.01873	0.07048	0.09234	0.02069	0.06782	0.13334	0.20668	0.05335	0.05127	0.08196	0.04795	0.04465	0.01471	0.00793	0.00803	0.00216	0.05730	0.00703	0.00440	0.00919
7	0.01031	0.00767	0.00822	0.00856	0.00886	0.03844	0.00529	0.01077	0.01128	0.01463	0.02525	0.20527	0.02929	0.53296	0.02675	0.00542	0.00627	0.03536	0.00469	0.00471
8	0.00932	0.00706	0.01022	0.01115	0.02912	0.00704	0.02637	0.01119	0.01322	0.01802	0.07901	0.43747	0.05389	0.04442	0.18672	0.00481	0.00786	0.03157	0.00557	0.00598
9	0.01791	0.05572	0.23724	0.02267	0.18098	0.06151	0.07661	0.04070	0.01661	0.12179	0.05302	0.03693	0.03230	0.00769	0.00682	0.00210	0.00845	0.00670	0.00441	0.00985
10	0.04507	0.01991	0.08060	0.07034	0.08027	0.16929	0.13733	0.09168	0.01820	0.06905	0.03679	0.04223	0.01602	0.00877	0.00718	0.00221	0.00913	0.08242	0.00461	0.00888
11	0.01421	0.01206	0.01718	0.01989	0.18828	0.03126	0.01268	0.01792	0.05805	0.04534	0.03572	0.02319	0.01586	0.05655	0.26088	0.00549	0.13824	0.00695	0.03223	0.00801
12	0.01434	0.01994	0.21638	0.08326	0.07996	0.03261	0.15775	0.03848	0.06168	0.02280	0.10932	0.07563	0.02031	0.00865	0.00725	0.00221	0.00835	0.00805	0.00436	0.02869
13	0.03527	0.08399	0.18966	0.01837	0.08214	0.04978	0.07044	0.10913	0.04996	0.14801	0.01820	0.06668	0.01455	0.00836	0.00676	0.00213	0.00802	0.02356	0.00503	0.00994
14	0.02071	0.01583	0.02204	0.03638	0.09946	0.01647	0.12112	0.27937	0.08722	0.10621	0.03888	0.04303	0.04917	0.00886	0.00725	0.00219	0.00746	0.02208	0.00599	0.01030
15	0.00991	0.00738	0.00939	0.00932	0.01066	0.00764	0.00682	0.01285	0.05174	0.01896	0.15351	0.09292	0.13074	0.15355	0.26790	0.00609	0.00933	0.01060	0.02469	0.00602
16	0.01675	0.05118	0.12435	0.05093	0.39190	0.03689	0.16749	0.03849	0.01596	0.02215	0.01287	0.01657	0.01028	0.00617	0.00691	0.00209	0.00923	0.00624	0.00340	0.01016
17	0.08763	0.20071	0.06688	0.09619	0.02187	0.05071	0.04443	0.03476	0.01498	0.05601	0.02908	0.01511	0.01098	0.00625	0.00552	0.00164	0.00713	0.00482	0.00391	0.24139
18	0.00872	0.00612	0.00783	0.00904	0.00934	0.00581	0.00583	0.00963	0.01235	0.01647	0.03387	0.58624	0.04041	0.19690	0.01493	0.00369	0.00460	0.01719	0.00583	0.00522
19	0.01309	0.14897	0.05625	0.01299	0.01626	0.01206	0.10018	0.01560	0.01437	0.06406	0.04347	0.32501	0.07530	0.04690	0.00871	0.00253	0.00616	0.02559	0.00522	0.00727
20	0.01762	0.14549	0.14849	0.02094	0.11115	0.07066	0.12020	0.05549	0.10570	0.04098	0.01500	0.01807	0.01200	0.00750	0.00776	0.00212	0.06415	0.02302	0.00406	0.00960
21	0.01987	0.33037	0.06465	0.01391	0.01900	0.14887	0.01249	0.13507	0.09722	0.02324	0.06203	0.01677	0.01451	0.00745	0.00578	0.00180	0.00790	0.00536	0.00446	0.00925
22	0.01799	0.25573	0.13265	0.05642	0.02123	0.08338	0.01353	0.07384	0.04429	0.05498	0.04468	0.01602	0.01264	0.00680	0.00572	0.00172	0.00762	0.00506	0.00411	0.14160
23	0.02208	0.04139	0.10101	0.04934	0.06253	0.08238	0.03277	0.30261	0.06308	0.09706	0.01614	0.01687	0.01171	0.00746	0.00659	0.00199	0.00801	0.00586	0.00549	0.06562
24	0.01221	0.06134	0.01370	0.01196	0.01396	0.01033	0.04205	0.04898	0.09509	0.02039	0.02907	0.32109	0.03123	0.01807	0.03658	0.06459	0.00602	0.13523	0.02124	0.00685
25	0.01589	0.01616	0.06672	0.03539	0.54329	0.01495	0.05636	0.01953	0.01471	0.02097	0.01339	0.01895	0.01167	0.05640	0.01004	0.05790	0.00818	0.00638	0.00338	0.00972
26	0.01689	0.01638	0.02850	0.07993	0.29082	0.04239	0.24090	0.02242	0.06448	0.05509	0.06038	0.02048	0.01498	0.00692	0.00729	0.00216	0.00887	0.00725	0.00415	0.00972
27	0.01013	0.00746	0.00956	0.00952	0.01009	0.00812	0.00666	0.01124	0.01108	0.01512	0.02412	0.07612	0.06180	0.39473	0.21842	0.00692	0.06095	0.04849	0.00429	0.00520
28	0.01309	0.01226	0.02062	0.63651	0.11241	0.01483	0.01857	0.01744	0.01384	0.01797	0.01350	0.05461	0.01108	0.00749	0.00693	0.00228	0.00877	0.00674	0.00324	0.00782
29	0.01281	0.00988	0.01255	0.01452	0.13143	0.01018	0.00829	0.06262	0.07254	0.01850	0.02235	0.03725	0.05159	0.47935	0.02444	0.00495	0.00671	0.00902	0.00455	0.00647
30	0.04257	0.35886	0.19435	0.01454	0.02091	0.14118	0.01489	0.02338	0.01554	0.09855	0.01235	0.01344	0.00965	0.00652	0.00547	0.00178	0.00860	0.00449	0.00369	0.00924
31	0.01192	0.00628	0.00678	0.00707	0.00837	0.00621	0.00512	0.01444	0.01385	0.02339	0.02456	0.15614	0.02223	0.01117	0.00658	0.04140	0.00346	0.00870	0.61627	0.00606
32	0.06785	0.01699	0.03290	0.09914	0.20055	0.01682	0.40169	0.03886	0.01590	0.02272	0.01323	0.01753	0.01021	0.00605	0.00736	0.00222	0.00996	0.00707	0.00354	0.00941
33	0.01615	0.01498	0.02394	0.17195	0.46193	0.01576	0.01858	0.05803	0.06101	0.02274	0.01722	0.02059	0.05249	0.00722	0.00688	0.00212	0.00784	0.00669	0.00392	0.00996
34	0.02575	0.01197	0.01604	0.01410	0.06538	0.01112	0.01056	0.06158	0.07456	0.49719	0.11276	0.02623	0.02262	0.00906	0.00703	0.00213	0.00570	0.00756	0.00780	0.01086
35	0.00881	0.00684	0.00801	0.00796	0.00974	0.00604	0.00588	0.01112	0.01694	0.02224	0.34477	0.13957	0.35481	0.01636	0.00815	0.00230	0.00342	0.01413	0.00686	0.00604
36	0.02558	0.03201	0.01944	0.01754	0.02115	0.70073	0.01321	0.05674	0.01995	0.01791	0.01083	0.01252	0.00894	0.00710	0.00620	0.00178	0.01213	0.00448	0.00367	0.00809
37	0.01119	0.00979	0.00979	0.00949	0.01174	0.05066	0.00708	0.01628	0.14202	0.02132	0.15395	0.11081	0.33152	0.05632	0.00934	0.00256	0.00459	0.02834	0.00636	0.00684
38	0.01568	0.01222	0.01429	0.01073	0.01622	0.01001	0.00853	0.05837	0.04776	0.06902	0.01589	0.06695	0.01361	0.00681	0.00563	0.00133	0.00520	0.00560	0.00480	0.61133
39	0.00929	0.00689	0.00866	0.00840	0.01003	0.00626	0.00623	0.01209	0.01818	0.02504	0.54451	0.11425	0.17446	0.01520	0.00813	0.00223	0.00333	0.01334	0.00723	0.00626
40	0.02499	0.03059	0.02004	0.01920	0.06953	0.63603	0.01375	0.07031	0.01995	0.01885	0.01112	0.01292	0.00914	0.00706	0.00625	0.00180	0.01173	0.00464	0.00373	0.00837
41	0.02517	0.01227	0.01588	0.06323	0.01916	0.01193	0.01068	0.10920	0.08297	0.44808	0.06566	0.06458	0.02049	0.00944	0.00705	0.00218	0.00596	0.00784	0.00759	0.01064
42	0.00835	0.00672	0.00748	0.00802	0.00975	0.00585	0.00590	0.01002	0.01491	0.01833	0.05839	0.25765	0.48475	0.01857	0.00835	0.00249	0.00379	0.05858	0.00635	0.00575
43	0.02579	0.02034	0.02010	0.01579	0.02099	0.10197	0.01287	0.57737	0.05263	0.05887	0.01644	0.01645	0.01177	0.00812	0.00677	0.00203	0.00796	0.00603	0.00651	0.01119
44	0.24449	0.01523	0.09478	0.01198	0.01695	0.01325	0.01075	0.08046	0.01596	0.18799	0.03231	0.01868	0.01316	0.05965	0.00852	0.00232	0.04081	0.00560	0.00528	0.12181

[dist]
# distance from previous block
# <min> <max>
0	1

[block]
# block no. 5 follows, 31 sequences, length 20
# corresponding to MSA columns:
# 704-723
name=unknown_F
#
# <colnr> <probs for GDERKNQSTAVLIFYWHMCP>
#	G	D	E	R	K	N	Q	S	T	A	V	L	I	F	Y	W	H	M	C	P
0	0.11222	0.02425	0.01889	0.01580	0.02031	0.32411	0.01248	0.33490	0.02444	0.03048	0.01316	0.01409	0.00996	0.00751	0.00627	0.00194	0.00933	0.00514	0.00514	0.00959
1	0.17224	0.01562	0.04926	0.10913	0.06060	0.05015	0.04629	0.13028	0.01755	0.09709	0.01468	0.01656	0.01090	0.00688	0.00595	0.00193	0.00705	0.00543	0.06653	0.11588
2	0.01706	0.03948	0.12004	0.05504	0.02571	0.01504	0.23772	0.07039	0.05192	0.11153	0.03825	0.04079	0.09120	0.00874	0.00811	0.00226	0.04458	0.00808	0.00486	0.00920
3	0.01479	0.01404	0.01953	0.01648	0.01757	0.01815	0.03304	0.01722	0.04940	0.01758	0.01075	0.01602	0.01003	0.01180	0.01959	0.06488	0.54474	0.00593	0.00334	0.09510
4	0.00863	0.00642	0.00796	0.00907	0.01002	0.00590	0.00639	0.01007	0.01378	0.01776	0.04435	0.47938	0.20709	0.06345	0.01017	0.00293	0.00423	0.08059	0.00622	0.00560
5	0.01458	0.01414	0.07411	0.15424	0.06778	0.01322	0.10744	0.09265	0.05117	0.04283	0.04272	0.12144	0.06160	0.02773	0.02282	0.00264	0.00774	0.06787	0.00495	0.00832
6	0.01883	0.54866	0.11016	0.01401	0.02029	0.04576	0.06168	0.02193	0.01473	0.07211	0.01152	0.01289	0.00952	0.00616	0.00514	0.00166	0.00797	0.00440	0.00341	0.00916
7	0.06079	0.01691	0.02485	0.03295	0.47541	0.08858	0.07012	0.02077	0.01621	0.02277	0.08992	0.02003	0.01634	0.00705	0.00681	0.00204	0.00813	0.00664	0.00391	0.00974
8	0.00968	0.00679	0.00879	0.00900	0.00949	0.00718	0.00602	0.01071	0.01074	0.01475	0.02250	0.13099	0.02474	0.40891	0.28198	0.00770	0.01048	0.01025	0.00426	0.00503
9	0.01847	0.32515	0.06931	0.01780	0.09685	0.16707	0.06516	0.04181	0.01592	0.01876	0.03304	0.03758	0.01274	0.04454	0.00726	0.00203	0.00868	0.00561	0.00356	0.00864
10	0.01548	0.01465	0.02481	0.17608	0.53131	0.01522	0.01947	0.01942	0.01501	0.02102	0.01467	0.07469	0.01318	0.00744	0.00694	0.00214	0.00800	0.00713	0.00355	0.00979
11	0.00850	0.00607	0.00784	0.00919	0.00962	0.00569	0.00606	0.00959	0.01286	0.01704	0.03727	0.64722	0.07151	0.10283	0.01159	0.00318	0.00424	0.01819	0.00611	0.00541
12	0.01417	0.03239	0.01539	0.05623	0.03492	0.03419	0.02647	0.05781	0.08356	0.04148	0.01960	0.10461	0.01858	0.09891	0.17014	0.00471	0.12430	0.00837	0.04671	0.00746
13	0.02152	0.04443	0.11435	0.07011	0.06871	0.19422	0.05931	0.12427	0.03614	0.13714	0.01657	0.05365	0.01291	0.00796	0.00674	0.00206	0.00897	0.00644	0.00490	0.00960
14	0.01084	0.00768	0.00936	0.00984	0.01075	0.00768	0.00676	0.08551	0.01453	0.01938	0.03115	0.45798	0.03603	0.20862	0.01523	0.00370	0.00516	0.04806	0.00584	0.00590
15	0.00873	0.00620	0.00784	0.00891	0.00938	0.00584	0.00583	0.00979	0.01284	0.01708	0.06686	0.53678	0.07546	0.17812	0.01423	0.00355	0.00448	0.01685	0.00594	0.00531
16	0.09794	0.03841	0.02036	0.05044	0.10252	0.06499	0.08749	0.15310	0.08701	0.09379	0.02060	0.04695	0.04436	0.00895	0.00689	0.00220	0.00748	0.05167	0.00539	0.00946
17	0.73288	0.01342	0.01083	0.00947	0.01381	0.01535	0.00780	0.05171	0.01298	0.06605	0.01072	0.01197	0.00808	0.00654	0.00449	0.00211	0.00542	0.00398	0.00457	0.00782
18	0.01728	0.01977	0.12689	0.06783	0.21460	0.03881	0.31170	0.02246	0.01600	0.07611	0.01420	0.01767	0.01066	0.00626	0.00729	0.00218	0.00988	0.00682	0.00373	0.00984
19	0.14345	0.03452	0.01739	0.17989	0.04619	0.05461	0.01229	0.14167	0.03789	0.06079	0.01413	0.03178	0.01107	0.00705	0.00598	0.00188	0.00705	0.00550	0.00463	0.18224

[dist]
# distance from previous block
# <min> <max>
1	16

[block]
# block no. 6 follows, 31 sequences, length 20
# corresponding to MSA columns:
# 740-759
name=unknown_G
#
# <colnr> <probs for GDERKNQSTAVLIFYWHMCP>
#	G	D	E	R	K	N	Q	S	T	A	V	L	I	F	Y	W	H	M	C	P
0	0.01404	0.01701	0.15917	0.01880	0.02369	0.01304	0.23006	0.03851	0.01549	0.04880	0.02255	0.17825	0.02228	0.01178	0.00870	0.00253	0.04162	0.12074	0.00470	0.00825
1	0.46527	0.01519	0.09171	0.01121	0.01644	0.01368	0.01027	0.02461	0.01455	0.25543	0.01554	0.01546	0.01066	0.00706	0.00535	0.00212	0.00600	0.00489	0.00547	0.00909
2	0.01241	0.01224	0.06422	0.16567	0.02126	0.02937	0.01167	0.05866	0.07586	0.02194	0.10773	0.08264	0.19081	0.01372	0.02597	0.00259	0.00648	0.08384	0.00547	0.00746
3	0.02199	0.19656	0.02078	0.01353	0.05602	0.01502	0.01075	0.02594	0.07440	0.30782	0.02135	0.04992	0.03240	0.00820	0.00652	0.00189	0.02297	0.00647	0.00592	0.10154
4	0.01010	0.00691	0.00945	0.00945	0.01008	0.00753	0.00662	0.01098	0.01036	0.01444	0.01871	0.03266	0.01930	0.30633	0.39148	0.10618	0.01254	0.00812	0.00376	0.00501
5	0.01571	0.00789	0.00846	0.00770	0.00999	0.00786	0.00596	0.06673	0.01622	0.10452	0.02242	0.02460	0.01704	0.00804	0.00517	0.00169	0.00379	0.00642	0.65246	0.00734
6	0.01522	0.01272	0.01987	0.02507	0.29906	0.01277	0.05257	0.02062	0.09791	0.06090	0.02566	0.07592	0.05464	0.01133	0.00775	0.00244	0.00694	0.18437	0.00517	0.00907
7	0.01712	0.16394	0.01781	0.01253	0.01556	0.16898	0.01004	0.05606	0.01649	0.07342	0.06015	0.20274	0.02419	0.01568	0.07391	0.00295	0.00821	0.04751	0.00506	0.00766
8	0.00983	0.00768	0.01066	0.10018	0.01553	0.00813	0.00885	0.01249	0.04517	0.01844	0.05053	0.52717	0.03819	0.01828	0.00905	0.00272	0.03670	0.06832	0.00586	0.00621
9	0.00885	0.00647	0.00839	0.00948	0.01044	0.00601	0.00684	0.01064	0.01463	0.01938	0.13566	0.48334	0.12911	0.01956	0.00865	0.00268	0.00411	0.10344	0.00651	0.00581
10	0.03070	0.01164	0.01588	0.01217	0.01746	0.01006	0.01006	0.03334	0.01958	0.72163	0.02699	0.02329	0.01694	0.00847	0.00688	0.00212	0.00582	0.00688	0.00847	0.01164
11	0.01564	0.02164	0.22979	0.08882	0.41691	0.01614	0.07042	0.02098	0.01514	0.02174	0.01271	0.01642	0.01004	0.00625	0.00679	0.00211	0.00902	0.00594	0.00322	0.01026
12	0.01694	0.01608	0.02640	0.03886	0.63881	0.01634	0.01986	0.02271	0.09252	0.02305	0.01454	0.01789	0.01196	0.00645	0.00679	0.00206	0.00782	0.00628	0.00379	0.01084
13	0.00888	0.00670	0.00750	0.00774	0.00888	0.00620	0.00519	0.00995	0.01295	0.01632	0.04465	0.16140	0.32790	0.28418	0.05786	0.00440	0.00549	0.01321	0.00542	0.00518
14	0.00939	0.00691	0.00879	0.00847	0.01008	0.00631	0.00629	0.01229	0.01845	0.02562	0.58572	0.10362	0.14274	0.01493	0.00812	0.00222	0.00331	0.01314	0.00730	0.00631
15	0.08339	0.24441	0.02400	0.10139	0.09774	0.03696	0.01323	0.16284	0.01764	0.02408	0.01424	0.08206	0.01289	0.00833	0.00689	0.00201	0.04831	0.00634	0.00427	0.00898
16	0.01625	0.01907	0.11222	0.11397	0.03479	0.01661	0.47237	0.02179	0.01564	0.06031	0.01402	0.01812	0.01035	0.00636	0.00820	0.00230	0.03745	0.00735	0.00361	0.00920
17	0.47247	0.01140	0.01032	0.00916	0.01281	0.01249	0.00737	0.02097	0.04768	0.10773	0.09292	0.01983	0.01705	0.00783	0.00518	0.00205	0.00481	0.00563	0.12451	0.00779
18	0.01660	0.38617	0.36370	0.01545	0.02331	0.02106	0.01812	0.02156	0.01439	0.04668	0.01152	0.01312	0.00905	0.00627	0.00550	0.00182	0.00859	0.00445	0.00313	0.00953
19	0.10345	0.05461	0.01650	0.01586	0.10135	0.01436	0.03114	0.07290	0.21125	0.02496	0.04023	0.17298	0.07196	0.01140	0.00735	0.00230	0.02337	0.00967	0.00563	0.00874

[dist]
# distance from previous block
# <min> <max>
0	4

[block]
# block no. 7 follows, 31 sequences, length 45
# corresponding to MSA columns:
# 764-808
name=unknown_H
#
# <colnr> <probs for GDERKNQSTAVLIFYWHMCP>
#	G	D	E	R	K	N	Q	S	T	A	V	L	I	F	Y	W	H	M	C	P
0	0.02009	0.02494	0.08982	0.02650	0.26869	0.32369	0.01734	0.02322	0.01649	0.01917	0.01136	0.01449	0.00954	0.00725	0.00838	0.00205	0.09926	0.00526	0.00335	0.00912
1	0.01577	0.01246	0.01446	0.01059	0.01622	0.01013	0.00841	0.07954	0.01583	0.05540	0.01377	0.01657	0.01143	0.04913	0.00703	0.00148	0.00542	0.00472	0.00451	0.64712
2	0.01630	0.08246	0.37115	0.06236	0.07381	0.07528	0.09283	0.06674	0.01620	0.02216	0.01241	0.01495	0.00932	0.00645	0.00647	0.00203	0.00962	0.00537	0.00337	0.05073
3	0.02092	0.01126	0.01427	0.05423	0.01764	0.01111	0.01029	0.08440	0.09944	0.31180	0.03109	0.06614	0.08774	0.01145	0.00741	0.00234	0.00581	0.11183	0.03133	0.00950
4	0.10160	0.01108	0.01416	0.01123	0.01589	0.00997	0.00918	0.02877	0.01857	0.54874	0.09327	0.02724	0.06088	0.00930	0.00681	0.00213	0.00539	0.00754	0.00785	0.01040
5	0.01042	0.00747	0.00895	0.00867	0.00874	0.00811	0.00543	0.01070	0.01006	0.01372	0.02017	0.04089	0.02291	0.64723	0.07397	0.00654	0.07802	0.00942	0.00401	0.00458
6	0.01799	0.01086	0.01330	0.01032	0.01498	0.00916	0.00821	0.03541	0.01553	0.20332	0.01820	0.02032	0.01402	0.04294	0.07142	0.00252	0.00635	0.00564	0.09548	0.38403
7	0.01013	0.00778	0.00907	0.00893	0.01063	0.00764	0.00650	0.04745	0.04463	0.01981	0.10999	0.15355	0.27868	0.12925	0.12070	0.00428	0.00650	0.01254	0.00580	0.00615
8	0.05900	0.01170	0.01566	0.01206	0.01731	0.01025	0.00996	0.03286	0.01929	0.69647	0.02635	0.02284	0.01659	0.00839	0.00678	0.00212	0.00580	0.00676	0.00831	0.01149
9	0.02714	0.01411	0.01706	0.01344	0.01851	0.01410	0.01104	0.22667	0.10563	0.42037	0.02425	0.02302	0.01647	0.00878	0.00695	0.00215	0.00629	0.02488	0.00775	0.01140
10	0.00904	0.00697	0.00826	0.00794	0.00983	0.00618	0.00595	0.01167	0.01786	0.02385	0.45542	0.05700	0.32465	0.01532	0.00808	0.00222	0.00332	0.01320	0.00706	0.00618
11	0.01364	0.00847	0.01012	0.00925	0.01200	0.00773	0.00723	0.01736	0.06836	0.15476	0.23791	0.05133	0.30783	0.01421	0.00785	0.00228	0.00416	0.05091	0.00713	0.00748
12	0.01177	0.00950	0.01283	0.01112	0.01363	0.02674	0.07240	0.03538	0.04821	0.04292	0.45173	0.07340	0.13668	0.01324	0.00794	0.00220	0.00460	0.01178	0.00682	0.00711
13	0.02809	0.01390	0.01704	0.01327	0.01847	0.01365	0.01090	0.20439	0.09252	0.47579	0.02435	0.02174	0.01597	0.00848	0.00688	0.00212	0.00622	0.00678	0.00789	0.01156
14	0.00842	0.00603	0.00787	0.00931	0.00976	0.00563	0.00618	0.00956	0.01302	0.01727	0.03805	0.68842	0.07035	0.06247	0.01016	0.00298	0.00410	0.01872	0.00623	0.00549
15	0.01237	0.00678	0.00954	0.00939	0.00976	0.00700	0.00641	0.01153	0.07534	0.01348	0.01341	0.02125	0.01274	0.02238	0.02485	0.72468	0.00589	0.00611	0.00335	0.00372
16	0.02087	0.02201	0.02175	0.02157	0.14642	0.29848	0.08525	0.10683	0.05583	0.04116	0.09655	0.01987	0.01713	0.00786	0.00685	0.00199	0.00930	0.00649	0.00468	0.00912
17	0.01579	0.16723	0.15082	0.04176	0.19348	0.01754	0.17092	0.03699	0.01531	0.02098	0.01466	0.07581	0.01290	0.00741	0.00666	0.00206	0.00863	0.00697	0.02474	0.00933
18	0.01040	0.00782	0.01018	0.00992	0.01039	0.00881	0.00698	0.01128	0.01081	0.01492	0.02268	0.09417	0.06046	0.35048	0.20641	0.04030	0.10502	0.00962	0.00413	0.00523
19	0.01571	0.01225	0.01480	0.01139	0.04017	0.00944	0.00871	0.01875	0.01470	0.08294	0.01347	0.01507	0.01075	0.00540	0.00528	0.00114	0.00524	0.00437	0.00441	0.70600
20	0.01634	0.50317	0.15662	0.01292	0.01897	0.02234	0.01358	0.02041	0.04997	0.01799	0.01666	0.01769	0.07675	0.00738	0.00567	0.00175	0.02427	0.00521	0.00346	0.00881
21	0.00985	0.00655	0.00755	0.00770	0.00774	0.00651	0.00441	0.00988	0.01022	0.01363	0.02281	0.11189	0.02643	0.66728	0.03209	0.02980	0.00636	0.01074	0.00432	0.00425
22	0.73237	0.01337	0.01057	0.00947	0.01367	0.01551	0.00774	0.02166	0.07781	0.03050	0.01128	0.01249	0.00870	0.00663	0.00449	0.00214	0.00530	0.00409	0.00449	0.00774
23	0.01543	0.04928	0.18452	0.08274	0.22778	0.05648	0.07559	0.04873	0.01649	0.02249	0.10031	0.03944	0.03494	0.00798	0.00694	0.00211	0.00832	0.00713	0.00404	0.00927
24	0.00860	0.00636	0.00804	0.00897	0.00981	0.00600	0.00616	0.00998	0.01329	0.01745	0.06068	0.47417	0.16780	0.08572	0.07991	0.00378	0.00545	0.01633	0.00594	0.00556
25	0.00908	0.00636	0.00786	0.00855	0.00901	0.00607	0.00549	0.01008	0.01272	0.01707	0.10987	0.38369	0.06418	0.29685	0.01840	0.00413	0.00486	0.01490	0.00566	0.00514
26	0.00981	0.00931	0.05725	0.01266	0.04903	0.00829	0.00919	0.01167	0.01322	0.01814	0.04844	0.58001	0.03805	0.01857	0.00978	0.00270	0.07553	0.01635	0.00568	0.00634
27	0.08794	0.01227	0.01558	0.01218	0.01722	0.01136	0.01000	0.09553	0.01995	0.57640	0.02507	0.05010	0.01680	0.00879	0.00675	0.00214	0.00588	0.00706	0.00791	0.01109
28	0.01246	0.01143	0.01414	0.01321	0.01396	0.06322	0.01026	0.01415	0.01186	0.01646	0.03884	0.12457	0.01984	0.09727	0.25269	0.00582	0.26067	0.00874	0.00396	0.00645
29	0.00953	0.00651	0.00786	0.00851	0.00888	0.00635	0.00548	0.01031	0.01174	0.01571	0.02948	0.28142	0.05268	0.41466	0.02259	0.00482	0.00554	0.06674	0.02629	0.00489
30	0.01266	0.01143	0.01608	0.04506	0.01598	0.01504	0.01168	0.01432	0.01068	0.01586	0.01366	0.02300	0.01369	0.13700	0.22299	0.00577	0.39818	0.00697	0.00336	0.00659
31	0.01552	0.01657	0.06599	0.20128	0.34509	0.05899	0.03769	0.02063	0.06019	0.02083	0.01753	0.04211	0.05249	0.00766	0.00692	0.00215	0.00827	0.00697	0.00378	0.00935
32	0.01607	0.02259	0.33387	0.01794	0.06339	0.01365	0.07281	0.05820	0.03525	0.10923	0.11351	0.02423	0.03921	0.04003	0.00818	0.00235	0.00803	0.00721	0.00477	0.00949
33	0.01513	0.00867	0.00892	0.00806	0.01035	0.00904	0.00626	0.13760	0.01754	0.02867	0.02126	0.02388	0.01648	0.00801	0.00515	0.00168	0.00397	0.00634	0.65570	0.00732
34	0.01395	0.01196	0.01391	0.01001	0.01594	0.00899	0.00799	0.01694	0.01424	0.02215	0.01438	0.01619	0.03745	0.00554	0.00518	0.00106	0.00500	0.00446	0.00414	0.77052
35	0.00984	0.00707	0.00969	0.00969	0.01046	0.00784	0.00692	0.01138	0.01061	0.01491	0.01952	0.03349	0.01998	0.31312	0.47457	0.00938	0.01400	0.00830	0.00384	0.00538
36	0.01038	0.00745	0.00921	0.01005	0.01116	0.00738	0.00697	0.01414	0.11062	0.04287	0.03651	0.57041	0.06623	0.05033	0.00950	0.00284	0.00433	0.01677	0.00642	0.00646
37	0.01120	0.00741	0.00962	0.00910	0.01104	0.00679	0.00704	0.01425	0.01870	0.07656	0.54170	0.05287	0.11613	0.01435	0.00812	0.00226	0.00373	0.07500	0.00738	0.00676
38	0.01419	0.01216	0.01419	0.01013	0.01621	0.00912	0.00811	0.01723	0.01419	0.02229	0.01216	0.01419	0.01013	0.00507	0.00507	0.00101	0.00507	0.00405	0.00405	0.80139
39	0.00978	0.00738	0.00971	0.00976	0.01090	0.00765	0.00731	0.01185	0.01414	0.01934	0.20075	0.13474	0.11818	0.12695	0.17716	0.00501	0.04649	0.07145	0.00555	0.00590
40	0.01144	0.08017	0.01329	0.01230	0.07779	0.01008	0.00800	0.01313	0.01271	0.01755	0.11591	0.08195	0.02688	0.29905	0.14479	0.00535	0.02616	0.00928	0.02806	0.00613
41	0.01004	0.00782	0.00953	0.00936	0.01164	0.00671	0.00700	0.01193	0.01427	0.01925	0.05799	0.31127	0.19007	0.01636	0.00835	0.02595	0.00440	0.08707	0.00576	0.18521
42	0.01639	0.01379	0.01664	0.01454	0.08402	0.04201	0.02862	0.04843	0.05180	0.06321	0.01493	0.04092	0.01236	0.00638	0.00576	0.00141	0.00598	0.00534	0.00455	0.52292
43	0.01533	0.01580	0.03013	0.20728	0.18857	0.01577	0.31005	0.02016	0.01522	0.02095	0.01305	0.01765	0.01015	0.00604	0.00719	0.00212	0.00956	0.00675	0.00340	0.08483
44	0.01434	0.01402	0.04300	0.06927	0.12435	0.01439	0.15836	0.06259	0.03105	0.02118	0.03554	0.12154	0.03879	0.05497	0.03082	0.00292	0.11532	0.03500	0.00436	0.00818

[dist]
# distance from previous block
# <min> <max>
0	1

[block]
# block no. 8 follows, 31 sequences, length 17
# corresponding to MSA columns:
# 810-826
name=unknown_I
#
# <colnr> <probs for GDERKNQSTAVLIFYWHMCP>
#	G	D	E	R	K	N	Q	S	T	A	V	L	I	F	Y	W	H	M	C	P
0	0.01644	0.04078	0.27520	0.01938	0.07837	0.03966	0.11676	0.07392	0.01710	0.06864	0.07576	0.02050	0.03645	0.00746	0.00679	0.00203	0.00842	0.00655	0.00432	0.08545
1	0.41183	0.19276	0.04941	0.01174	0.01659	0.10171	0.01038	0.06323	0.04723	0.02592	0.01106	0.01238	0.00885	0.00657	0.00488	0.00193	0.00694	0.00418	0.00408	0.00833
2	0.01582	0.02075	0.13318	0.02757	0.03492	0.01711	0.60154	0.02188	0.01592	0.02188	0.01363	0.01791	0.01015	0.00587	0.00786	0.00229	0.01134	0.00766	0.00338	0.00935
3	0.02152	0.06241	0.01920	0.01468	0.01946	0.01970	0.01195	0.35930	0.33144	0.03500	0.02111	0.02016	0.01559	0.00855	0.00675	0.00214	0.00657	0.00671	0.00666	0.01110
4	0.01904	0.30630	0.05122	0.01519	0.02037	0.20604	0.08216	0.02290	0.06740	0.01854	0.01208	0.01400	0.01011	0.00696	0.00634	0.02894	0.00872	0.00479	0.00356	0.09533
5	0.01553	0.07332	0.45400	0.08037	0.12991	0.01627	0.04858	0.02188	0.01489	0.06363	0.01314	0.01559	0.00960	0.00652	0.00652	0.00212	0.00937	0.00543	0.00334	0.00999
6	0.01621	0.31302	0.36411	0.01734	0.02523	0.05037	0.08431	0.02147	0.01461	0.01935	0.01130	0.01341	0.00888	0.00620	0.00583	0.00189	0.00927	0.00479	0.00299	0.00942
7	0.00983	0.00711	0.00989	0.00989	0.01072	0.00795	0.00717	0.01150	0.01067	0.01506	0.01934	0.03249	0.01954	0.27364	0.51346	0.00963	0.01465	0.00815	0.00382	0.00549
8	0.01260	0.00969	0.01223	0.05587	0.01512	0.04529	0.00928	0.07170	0.01408	0.04265	0.02180	0.18598	0.02181	0.03377	0.38280	0.03176	0.01255	0.00964	0.00463	0.00673
9	0.01645	0.01542	0.04473	0.10350	0.37953	0.01529	0.04686	0.11859	0.01793	0.02472	0.05386	0.05094	0.04991	0.00833	0.00711	0.00215	0.00767	0.02287	0.00439	0.00975
10	0.02098	0.01602	0.01856	0.07703	0.05750	0.01774	0.01279	0.37908	0.16254	0.05206	0.07989	0.02302	0.01863	0.00896	0.00703	0.00216	0.00682	0.02220	0.00646	0.01052
11	0.00974	0.00756	0.01136	0.10136	0.01598	0.00755	0.04356	0.01140	0.01334	0.01750	0.03358	0.47103	0.08848	0.01853	0.00994	0.06835	0.00526	0.05413	0.00551	0.00585
12	0.75990	0.01359	0.01070	0.00941	0.01372	0.01571	0.00775	0.06147	0.01290	0.03146	0.00995	0.01144	0.00767	0.00646	0.00439	0.00211	0.00543	0.00386	0.00439	0.00767
13	0.01004	0.00713	0.01001	0.01001	0.01105	0.00804	0.00748	0.01211	0.01107	0.01618	0.01921	0.02991	0.01850	0.17230	0.55290	0.00949	0.01509	0.00772	0.06597	0.00578
14	0.01503	0.01455	0.02296	0.33303	0.17419	0.03390	0.09067	0.02173	0.12698	0.02071	0.01559	0.03991	0.01254	0.00762	0.00770	0.00227	0.04089	0.00691	0.00390	0.00891
15	0.01020	0.03910	0.01115	0.01028	0.01159	0.00891	0.00773	0.01284	0.04176	0.01642	0.02379	0.12663	0.05468	0.13929	0.44454	0.00812	0.01309	0.00949	0.00433	0.00607
16	0.09486	0.01735	0.05136	0.01524	0.06608	0.09974	0.01171	0.20823	0.10909	0.05757	0.05374	0.04270	0.10001	0.00940	0.00670	0.00209	0.00687	0.00743	0.00572	0.03412

[dist]
# distance from previous block
# <min> <max>
1	2

[block]
# block no. 9 follows, 31 sequences, length 29
# corresponding to MSA columns:
# 829-857
name=unknown_J
#
# <colnr> <probs for GDERKNQSTAVLIFYWHMCP>
#	G	D	E	R	K	N	Q	S	T	A	V	L	I	F	Y	W	H	M	C	P
0	0.64567	0.04396	0.05360	0.01067	0.01523	0.09578	0.00925	0.02102	0.01275	0.02808	0.00980	0.01144	0.00769	0.00642	0.00459	0.00206	0.00643	0.00386	0.00403	0.00767
1	0.01509	0.04427	0.17691	0.01784	0.07398	0.01453	0.10311	0.04140	0.18777	0.04636	0.13505	0.02748	0.06795	0.00908	0.00715	0.00219	0.00712	0.00805	0.00528	0.00939
