[name]
unknown

[dist]
# distance from previous block
# <min> <max>
0	11

[block]
# block no. 0 follows, 27 sequences, length 52
# corresponding to MSA columns:
# 11-62
name=unknown_A
#
# <colnr> <probs for GDERKNQSTAVLIFYWHMCP>
#	G	D	E	R	K	N	Q	S	T	A	V	L	I	F	Y	W	H	M	C	P
0	0.14659	0.01229	0.01348	0.01289	0.01615	0.03634	0.01066	0.06897	0.07410	0.10824	0.07384	0.07324	0.05566	0.01437	0.00823	0.00276	0.00641	0.25033	0.00684	0.00860
1	0.01654	0.01345	0.01558	0.01340	0.01634	0.08015	0.04586	0.03845	0.01745	0.10130	0.11960	0.05946	0.16058	0.06794	0.03835	0.00313	0.09787	0.02985	0.00596	0.05874
2	0.01361	0.01268	0.01189	0.01240	0.01402	0.13469	0.00889	0.03836	0.01643	0.02026	0.03331	0.50486	0.03840	0.01889	0.00875	0.00272	0.00630	0.05330	0.00623	0.04401
3	0.01819	0.01774	0.01588	0.01301	0.01780	0.17875	0.01010	0.03652	0.01745	0.04728	0.02292	0.05850	0.10233	0.00915	0.00722	0.00173	0.03329	0.00705	0.00492	0.38016
4	0.01873	0.58407	0.18857	0.01462	0.02201	0.02663	0.01603	0.02252	0.01522	0.01883	0.01100	0.01276	0.00950	0.00651	0.00528	0.00176	0.00862	0.00431	0.00317	0.00985
5	0.02749	0.02043	0.02187	0.01693	0.02274	0.02268	0.01393	0.62069	0.08345	0.04560	0.01876	0.01857	0.01338	0.00900	0.00744	0.00225	0.00800	0.00681	0.00744	0.01256
6	0.01985	0.74357	0.03890	0.01270	0.01905	0.02937	0.01270	0.02223	0.01508	0.01747	0.01032	0.01191	0.00953	0.00635	0.00476	0.00159	0.00794	0.00397	0.00318	0.00953
7	0.02822	0.02079	0.02228	0.01708	0.02302	0.02302	0.01411	0.66804	0.03490	0.04679	0.01782	0.01782	0.01262	0.00891	0.00743	0.00223	0.00817	0.00668	0.00743	0.01262
8	0.01554	0.13140	0.61337	0.02004	0.03041	0.01884	0.02549	0.02334	0.01560	0.02271	0.01293	0.01518	0.00942	0.00696	0.00675	0.00225	0.01057	0.00529	0.00314	0.01078
9	0.01947	0.68953	0.08962	0.01335	0.02006	0.02844	0.01383	0.02233	0.01513	0.01793	0.01055	0.01220	0.00952	0.00641	0.00494	0.00165	0.00817	0.00409	0.00317	0.00964
10	0.01489	0.03840	0.70064	0.02116	0.03213	0.01724	0.02743	0.02351	0.01567	0.02351	0.01332	0.01567	0.00940	0.00705	0.00705	0.00235	0.01097	0.00549	0.00313	0.01097
11	0.00904	0.00646	0.00861	0.01034	0.01077	0.00603	0.00689	0.01034	0.01421	0.01895	0.04092	0.73426	0.04910	0.02326	0.00948	0.00301	0.00431	0.02110	0.00689	0.00603
12	0.01539	0.01319	0.01539	0.01100	0.01759	0.00990	0.00880	0.01869	0.01539	0.02419	0.01319	0.01539	0.01100	0.00550	0.00550	0.00110	0.00550	0.00440	0.00440	0.78449
13	0.01556	0.01372	0.01757	0.01255	0.01922	0.01058	0.05915	0.01908	0.01556	0.02416	0.01333	0.01575	0.01102	0.00556	0.00575	0.00121	0.00604	0.00473	0.00435	0.72513
14	0.71833	0.01419	0.01152	0.01010	0.01480	0.01610	0.00832	0.02321	0.01347	0.09748	0.01217	0.01333	0.00904	0.00711	0.00487	0.00230	0.00580	0.00435	0.00504	0.00848
15	0.01289	0.00645	0.00967	0.00967	0.00967	0.00645	0.00645	0.00967	0.00967	0.01289	0.01289	0.02257	0.01289	0.02579	0.02901	0.78401	0.00645	0.00645	0.00322	0.00322
16	0.01465	0.03670	0.66248	0.02051	0.03097	0.01668	0.02630	0.02299	0.01597	0.02386	0.05064	0.01787	0.01275	0.00750	0.00715	0.00235	0.01056	0.00592	0.00341	0.01075
17	0.01489	0.03840	0.70064	0.02116	0.03213	0.01724	0.02743	0.02351	0.01567	0.02351	0.01332	0.01567	0.00940	0.00705	0.00705	0.00235	0.01097	0.00549	0.00313	0.01097
18	0.01459	0.01383	0.02393	0.54862	0.11499	0.01621	0.06761	0.01946	0.01542	0.02011	0.01529	0.02427	0.01256	0.00820	0.00772	0.00252	0.00975	0.05266	0.00363	0.00864
19	0.02816	0.01352	0.01697	0.01353	0.01866	0.01300	0.01099	0.10083	0.12736	0.45748	0.09341	0.02786	0.02356	0.00989	0.00760	0.00233	0.00616	0.00812	0.00864	0.01194
20	0.01977	0.01608	0.01714	0.01514	0.01951	0.01838	0.01185	0.07765	0.60858	0.06390	0.02941	0.02698	0.02184	0.00996	0.00754	0.00249	0.00604	0.00824	0.00762	0.01185
21	0.04081	0.09403	0.19130	0.01492	0.02009	0.10306	0.01439	0.06417	0.03926	0.02353	0.06414	0.19862	0.04754	0.01216	0.00745	0.00233	0.00787	0.01006	0.00514	0.03912
22	0.02100	0.64047	0.03630	0.01364	0.01962	0.12836	0.01294	0.02331	0.01595	0.01757	0.01049	0.01212	0.00953	0.00654	0.00504	0.00164	0.00873	0.00409	0.00327	0.00939
23	0.79154	0.01436	0.01091	0.00976	0.01436	0.01665	0.00804	0.02182	0.01263	0.03331	0.01034	0.01206	0.00804	0.00689	0.00459	0.00230	0.00574	0.00402	0.00459	0.00804
24	0.02309	0.02372	0.01837	0.01608	0.01977	0.32096	0.01229	0.18110	0.07936	0.02649	0.05837	0.02286	0.01752	0.08278	0.06170	0.00331	0.01074	0.00690	0.00536	0.00921
25	0.01051	0.00759	0.00992	0.00934	0.01109	0.00700	0.00700	0.01401	0.02101	0.02977	0.68888	0.05545	0.07005	0.01518	0.00876	0.00233	0.00350	0.01343	0.00817	0.00700
26	0.01117	0.00775	0.01093	0.01093	0.01228	0.00880	0.00841	0.01387	0.01252	0.01895	0.02076	0.02957	0.01893	0.07094	0.56435	0.01000	0.01660	0.00787	0.13877	0.00661
27	0.01063	0.00787	0.01153	0.01153	0.01271	0.00906	0.00878	0.01300	0.01181	0.01694	0.02025	0.03120	0.01944	0.12741	0.63916	0.01143	0.01855	0.00825	0.00403	0.00640
28	0.01263	0.00808	0.01047	0.00959	0.01179	0.00734	0.00729	0.01595	0.02074	0.09508	0.57863	0.05364	0.11046	0.01485	0.00863	0.00234	0.00380	0.01300	0.00818	0.00751
29	0.02773	0.03538	0.02104	0.01913	0.02295	0.70930	0.01434	0.02964	0.02104	0.01817	0.01148	0.01339	0.00956	0.00765	0.00669	0.00191	0.01339	0.00478	0.00383	0.00861
30	0.01876	0.01773	0.02632	0.02271	0.07244	0.02183	0.11246	0.13717	0.01696	0.02446	0.01230	0.01725	0.01064	0.01079	0.01773	0.00288	0.43711	0.00687	0.00411	0.00949
31	0.01443	0.01230	0.01906	0.01581	0.01875	0.03750	0.16302	0.03979	0.01532	0.03942	0.02392	0.09969	0.05231	0.12205	0.18183	0.00538	0.03582	0.00987	0.08614	0.00759
32	0.04939	0.04241	0.01792	0.01502	0.01944	0.05328	0.01186	0.11459	0.49663	0.03162	0.02777	0.02605	0.04161	0.00984	0.00733	0.00241	0.00653	0.00792	0.00707	0.01130
33	0.01909	0.01900	0.02944	0.04354	0.64146	0.07065	0.02214	0.02331	0.01722	0.02379	0.01377	0.01799	0.01159	0.00669	0.00730	0.00218	0.00917	0.00647	0.00369	0.01152
34	0.25465	0.01663	0.01826	0.01923	0.14026	0.06239	0.03383	0.11602	0.10531	0.03102	0.06628	0.04627	0.01788	0.00883	0.00666	0.00229	0.00710	0.00705	0.03026	0.00977
35	0.01922	0.01487	0.01611	0.01408	0.01827	0.01648	0.01108	0.11919	0.42458	0.08005	0.03391	0.03202	0.10877	0.01318	0.04126	0.00291	0.00661	0.00903	0.00740	0.01097
36	0.01752	0.02003	0.04380	0.03129	0.03880	0.01877	0.66583	0.02378	0.01752	0.02378	0.01502	0.02003	0.01126	0.00626	0.00876	0.00250	0.01252	0.00876	0.00375	0.01001
37	0.01283	0.00660	0.00984	0.00996	0.01009	0.00660	0.00685	0.01009	0.01022	0.01358	0.01483	0.02706	0.01509	0.02540	0.02764	0.72668	0.00648	0.05318	0.00349	0.00349
38	0.01852	0.01677	0.01705	0.01606	0.04333	0.06747	0.01197	0.03619	0.55737	0.02978	0.07875	0.02845	0.02495	0.01016	0.00758	0.00245	0.00634	0.00845	0.00719	0.01116
39	0.01624	0.01624	0.02274	0.01949	0.01949	0.02274	0.01624	0.01787	0.01137	0.01787	0.00975	0.01624	0.00975	0.01299	0.02436	0.00325	0.72552	0.00650	0.00325	0.00812
40	0.01539	0.01319	0.01539	0.01100	0.01759	0.00990	0.00880	0.01869	0.01539	0.02419	0.01319	0.01539	0.01100	0.00550	0.00550	0.00110	0.00550	0.00440	0.00440	0.78449
41	0.01440	0.01394	0.02460	0.64635	0.04979	0.01674	0.09067	0.01949	0.01513	0.01949	0.01339	0.01982	0.01004	0.00730	0.00757	0.00248	0.01018	0.00683	0.00335	0.00844
42	0.01846	0.01595	0.01679	0.01511	0.01930	0.01846	0.01175	0.03945	0.67938	0.03105	0.03022	0.02770	0.02266	0.01007	0.00755	0.00252	0.00588	0.00839	0.00755	0.01175
43	0.76435	0.01520	0.03506	0.01016	0.01498	0.01667	0.00872	0.02188	0.01274	0.03296	0.01044	0.01219	0.00809	0.00690	0.00468	0.00230	0.00593	0.00407	0.00454	0.00814
44	0.01550	0.01441	0.02420	0.45420	0.26890	0.01641	0.02059	0.02019	0.01559	0.02121	0.01401	0.01970	0.01099	0.00721	0.00729	0.00234	0.00921	0.00662	0.04206	0.00938
45	0.01944	0.01732	0.02695	0.03588	0.46317	0.01776	0.04109	0.13477	0.04592	0.02822	0.01775	0.02501	0.01531	0.00848	0.00770	0.00235	0.00852	0.06820	0.00479	0.01138
46	0.01837	0.01764	0.03013	0.04557	0.69279	0.01764	0.02278	0.02278	0.01690	0.02425	0.01396	0.01837	0.01176	0.00661	0.00735	0.00220	0.00882	0.00661	0.00367	0.01176
47	0.01210	0.01046	0.01503	0.22890	0.08123	0.01105	0.01232	0.01637	0.04341	0.02351	0.23868	0.04457	0.20799	0.01284	0.00819	0.00242	0.00606	0.01116	0.00595	0.00778
48	0.01047	0.00796	0.00973	0.00958	0.01152	0.00742	0.00726	0.01425	0.05071	0.02613	0.41382	0.11204	0.21181	0.01681	0.00887	0.00252	0.00398	0.06053	0.00764	0.00697
49	0.04959	0.03930	0.14348	0.01622	0.04100	0.03441	0.01447	0.19398	0.13566	0.03060	0.01855	0.04246	0.01497	0.04328	0.00835	0.00234	0.00768	0.00678	0.00554	0.15135
50	0.59367	0.01437	0.01423	0.01631	0.13729	0.01605	0.01063	0.02115	0.01353	0.03061	0.01324	0.06625	0.01173	0.00804	0.00545	0.00233	0.00620	0.00575	0.00460	0.00857
51	0.04398	0.29647	0.43345	0.01765	0.02670	0.02168	0.02134	0.02298	0.01535	0.02163	0.01212	0.01416	0.00940	0.00679	0.00613	0.00207	0.00967	0.00488	0.00320	0.01034

[dist]
# distance from previous block
# <min> <max>
0	28

[block]
# block no. 1 follows, 27 sequences, length 11
# corresponding to MSA columns:
# 100-110
name=unknown_B
#
# <colnr> <probs for GDERKNQSTAVLIFYWHMCP>
#	G	D	E	R	K	N	Q	S	T	A	V	L	I	F	Y	W	H	M	C	P
0	0.00923	0.00659	0.00883	0.01055	0.01107	0.00619	0.00722	0.01066	0.01440	0.01916	0.04081	0.69230	0.04869	0.02308	0.00953	0.00304	0.00447	0.06120	0.00689	0.00608
1	0.01539	0.01319	0.01539	0.01100	0.01759	0.00990	0.00880	0.01869	0.01539	0.02419	0.01319	0.01539	0.01100	0.00550	0.00550	0.00110	0.00550	0.00440	0.00440	0.78449
2	0.01547	0.01110	0.01286	0.01136	0.01411	0.01103	0.00832	0.13656	0.04522	0.05115	0.02704	0.16701	0.05751	0.21707	0.06678	0.00432	0.00724	0.01088	0.00588	0.11909
3	0.72505	0.01619	0.01179	0.01058	0.01510	0.07695	0.00859	0.02250	0.01337	0.03199	0.01044	0.01218	0.00817	0.00696	0.00478	0.00226	0.00641	0.00409	0.00453	0.00809
4	0.01289	0.00645	0.00967	0.00967	0.00967	0.00645	0.00645	0.00967	0.00967	0.01289	0.01289	0.02257	0.01289	0.02579	0.02901	0.78401	0.00645	0.00645	0.00322	0.00322
5	0.01671	0.06560	0.50130	0.01942	0.02862	0.01843	0.02304	0.07299	0.13324	0.02624	0.01647	0.01776	0.01196	0.00768	0.00706	0.00234	0.00974	0.00601	0.00422	0.01116
6	0.01662	0.01585	0.02697	0.31712	0.43492	0.01718	0.02191	0.02125	0.01608	0.02213	0.01365	0.01894	0.01101	0.00694	0.00738	0.00231	0.00925	0.00661	0.00352	0.01035
7	0.01433	0.01047	0.01369	0.08571	0.01759	0.01147	0.04135	0.05156	0.06886	0.02577	0.07805	0.03130	0.07937	0.01411	0.06604	0.00300	0.05617	0.00841	0.31486	0.00789
8	0.01057	0.00811	0.00982	0.00948	0.01143	0.00775	0.00707	0.01455	0.06349	0.02528	0.37874	0.08476	0.21681	0.04802	0.06779	0.00341	0.00526	0.01343	0.00726	0.00697
9	0.02111	0.28536	0.19349	0.01644	0.02351	0.05848	0.01667	0.19340	0.07607	0.02779	0.01473	0.01577	0.01140	0.00757	0.00635	0.00204	0.00885	0.00546	0.00468	0.01083
10	0.01859	0.16027	0.40373	0.02075	0.07217	0.10893	0.02189	0.06905	0.01769	0.02343	0.01291	0.01504	0.00983	0.00711	0.00665	0.00214	0.01041	0.00529	0.00357	0.01058

[dist]
# distance from previous block
# <min> <max>
0	2

[block]
# block no. 2 follows, 27 sequences, length 28
# corresponding to MSA columns:
# 113-140
name=unknown_C
#
# <colnr> <probs for GDERKNQSTAVLIFYWHMCP>
#	G	D	E	R	K	N	Q	S	T	A	V	L	I	F	Y	W	H	M	C	P
0	0.61535	0.01502	0.01566	0.04912	0.10280	0.01689	0.04626	0.02191	0.01354	0.03097	0.01118	0.01365	0.00877	0.00685	0.00530	0.00231	0.00669	0.00473	0.00437	0.00862
1	0.01741	0.01875	0.08822	0.19465	0.36180	0.01772	0.08533	0.05096	0.04775	0.02422	0.01475	0.01903	0.01161	0.00706	0.00749	0.00232	0.00946	0.00681	0.00389	0.01075
2	0.01318	0.00963	0.01131	0.01060	0.01295	0.00969	0.00798	0.01980	0.16255	0.05728	0.31652	0.05071	0.13249	0.10563	0.01217	0.00306	0.00482	0.04436	0.00738	0.00788
3	0.00965	0.00723	0.00902	0.00987	0.01119	0.00670	0.00722	0.01165	0.01595	0.02080	0.13067	0.34017	0.21833	0.04731	0.03666	0.00333	0.00507	0.09606	0.00685	0.00629
4	0.01074	0.00741	0.00917	0.00917	0.00954	0.00778	0.00583	0.01148	0.01111	0.01519	0.02241	0.04315	0.02463	0.54811	0.22555	0.00852	0.01074	0.01000	0.00435	0.00509
5	0.01206	0.00882	0.01148	0.01144	0.03738	0.00877	0.00812	0.01463	0.01785	0.05780	0.35857	0.10684	0.15070	0.08651	0.01288	0.00297	0.06610	0.01300	0.00697	0.00712
6	0.02132	0.40956	0.09522	0.01716	0.02336	0.21397	0.08197	0.02454	0.01703	0.01887	0.01140	0.01350	0.00970	0.00676	0.00592	0.00184	0.01019	0.00483	0.00341	0.00946
7	0.01695	0.05122	0.08838	0.06264	0.17359	0.02028	0.11375	0.02175	0.05055	0.02140	0.01308	0.01783	0.01108	0.00933	0.01412	0.00268	0.29126	0.00676	0.00364	0.00972
8	0.04449	0.02486	0.29375	0.01957	0.08370	0.05029	0.01859	0.02681	0.17722	0.05570	0.06432	0.02604	0.03587	0.00929	0.00741	0.00240	0.00842	0.03557	0.00519	0.01052
9	0.02248	0.02454	0.01886	0.01703	0.02092	0.32364	0.01304	0.03441	0.36669	0.02493	0.02127	0.02100	0.01645	0.00910	0.00773	0.00227	0.03290	0.00674	0.00577	0.01024
10	0.12615	0.01785	0.02947	0.20340	0.12089	0.05743	0.25311	0.02216	0.01593	0.02331	0.01326	0.01804	0.01035	0.00715	0.00842	0.00244	0.05068	0.00691	0.00372	0.00933
11	0.01762	0.01798	0.02542	0.19765	0.03251	0.08870	0.18866	0.02783	0.23829	0.02426	0.02189	0.02409	0.04412	0.00852	0.00781	0.00244	0.00934	0.00798	0.00505	0.00984
12	0.01748	0.01567	0.02098	0.11246	0.21697	0.01741	0.01581	0.03081	0.37218	0.02751	0.05609	0.02539	0.02027	0.00900	0.00754	0.00241	0.00711	0.00790	0.00593	0.01108
13	0.01977	0.01660	0.01752	0.01537	0.01980	0.01907	0.01207	0.12352	0.59319	0.03316	0.02856	0.02638	0.02132	0.00992	0.00754	0.00248	0.00618	0.00816	0.00754	0.01187
14	0.01277	0.01137	0.01288	0.01264	0.01421	0.09726	0.00967	0.01519	0.01302	0.01721	0.01901	0.02818	0.01786	0.08475	0.58670	0.01043	0.01842	0.00770	0.00398	0.00677
15	0.01649	0.01315	0.01459	0.01336	0.01680	0.01448	0.01039	0.05269	0.41084	0.05079	0.15379	0.07777	0.06370	0.01266	0.00808	0.00254	0.00540	0.04478	0.00761	0.01010
16	0.01985	0.74357	0.03890	0.01270	0.01905	0.02937	0.01270	0.02223	0.01508	0.01747	0.01032	0.01191	0.00953	0.00635	0.00476	0.00159	0.00794	0.00397	0.00318	0.00953
17	0.01539	0.01319	0.01539	0.01100	0.01759	0.00990	0.00880	0.01869	0.01539	0.02419	0.01319	0.01539	0.01100	0.00550	0.00550	0.00110	0.00550	0.00440	0.00440	0.78449
18	0.01402	0.01319	0.02227	0.72126	0.05113	0.01649	0.02062	0.01897	0.01484	0.01897	0.01319	0.01979	0.00990	0.00742	0.00742	0.00247	0.00990	0.00660	0.00330	0.00825
19	0.00904	0.00646	0.00861	0.01034	0.01077	0.00603	0.00689	0.01034	0.01421	0.01895	0.04092	0.73426	0.04910	0.02326	0.00948	0.00301	0.00431	0.02110	0.00689	0.00603
20	0.03331	0.01263	0.01723	0.01321	0.01895	0.01091	0.01091	0.03618	0.02125	0.69794	0.02929	0.02527	0.01838	0.00919	0.00747	0.00230	0.00632	0.00747	0.00919	0.01263
21	0.01080	0.00720	0.00810	0.00810	0.00810	0.00720	0.00450	0.01080	0.01080	0.01439	0.02339	0.04858	0.02699	0.73910	0.03779	0.00720	0.00720	0.01080	0.00450	0.00450
22	0.03302	0.01310	0.01752	0.01343	0.01918	0.01160	0.01109	0.07212	0.02202	0.66090	0.02864	0.02484	0.01805	0.00917	0.00746	0.00229	0.00642	0.00742	0.00909	0.01263
23	0.01356	0.01104	0.01325	0.01336	0.05267	0.01154	0.00947	0.02303	0.25218	0.02862	0.33905	0.08162	0.09336	0.01359	0.00829	0.00244	0.00470	0.01184	0.00754	0.00884
24	0.01517	0.07869	0.66283	0.02068	0.03138	0.01793	0.02659	0.02344	0.01564	0.02316	0.01315	0.01546	0.00941	0.00701	0.00692	0.00231	0.01080	0.00540	0.00314	0.01089
25	0.01400	0.02841	0.45774	0.01870	0.02661	0.01520	0.04351	0.02153	0.04767	0.02219	0.01600	0.02007	0.01261	0.02035	0.19746	0.00496	0.01319	0.00641	0.00360	0.00980
26	0.05242	0.01546	0.02351	0.17203	0.32015	0.01557	0.01772	0.04954	0.01718	0.08632	0.01508	0.01846	0.01172	0.00692	0.00692	0.00207	0.00805	0.00618	0.00443	0.15025
27	0.01813	0.04514	0.33531	0.02043	0.09454	0.05168	0.01980	0.02610	0.10001	0.08191	0.01669	0.01803	0.01233	0.00736	0.00688	0.00213	0.00896	0.00590	0.00449	0.12418

[dist]
# distance from previous block
# <min> <max>
0	1

[block]
# block no. 3 follows, 27 sequences, length 75
# corresponding to MSA columns:
# 142-216
name=unknown_D
#
# <colnr> <probs for GDERKNQSTAVLIFYWHMCP>
#	G	D	E	R	K	N	Q	S	T	A	V	L	I	F	Y	W	H	M	C	P
0	0.01933	0.01788	0.02069	0.04382	0.02126	0.11019	0.03444	0.12112	0.01800	0.04801	0.03559	0.02483	0.01590	0.01359	0.04723	0.00314	0.29475	0.06714	0.00477	0.03833
1	0.01785	0.01312	0.01586	0.01491	0.06987	0.01314	0.01080	0.21769	0.02368	0.06364	0.22564	0.06458	0.11023	0.01246	0.00801	0.00228	0.00584	0.03424	0.00710	0.06906
2	0.09363	0.02062	0.02759	0.02147	0.02678	0.14543	0.25120	0.10703	0.01990	0.08896	0.01725	0.02312	0.01390	0.00870	0.00871	0.00244	0.05099	0.05748	0.00504	0.00979
3	0.01745	0.34149	0.10076	0.01545	0.02236	0.02041	0.09961	0.02129	0.01575	0.02126	0.03432	0.01580	0.01215	0.00646	0.00587	0.00167	0.00802	0.00520	0.00376	0.23092
4	0.01032	0.00732	0.00909	0.00912	0.01006	0.00708	0.00617	0.01207	0.01538	0.02109	0.26696	0.14471	0.08460	0.28431	0.07513	0.00498	0.00628	0.01322	0.00624	0.00588
5	0.01402	0.01319	0.02227	0.72126	0.05113	0.01649	0.02062	0.01897	0.01484	0.01897	0.01319	0.01979	0.00990	0.00742	0.00742	0.00247	0.00990	0.00660	0.00330	0.00825
6	0.01752	0.02003	0.04380	0.03129	0.03880	0.01877	0.66583	0.02378	0.01752	0.02378	0.01502	0.02003	0.01126	0.00626	0.00876	0.00250	0.01252	0.00876	0.00375	0.01001
7	0.01424	0.01342	0.02267	0.68690	0.08376	0.01655	0.02073	0.01916	0.01495	0.01924	0.01323	0.01972	0.00999	0.00738	0.00742	0.00246	0.00984	0.00660	0.00332	0.00843
8	0.01079	0.00724	0.00829	0.00829	0.00836	0.00730	0.00474	0.01092	0.01085	0.01454	0.02321	0.04759	0.02656	0.70435	0.07195	0.00744	0.00784	0.01065	0.00447	0.00461
9	0.01985	0.74357	0.03890	0.01270	0.01905	0.02937	0.01270	0.02223	0.01508	0.01747	0.01032	0.01191	0.00953	0.00635	0.00476	0.00159	0.00794	0.00397	0.00318	0.00953
10	0.48850	0.01553	0.01457	0.01201	0.01711	0.01712	0.00991	0.17113	0.01917	0.14994	0.01528	0.01563	0.01085	0.00774	0.00573	0.00228	0.00639	0.00521	0.00602	0.00987
11	0.10544	0.01838	0.01945	0.03974	0.02161	0.02045	0.01278	0.49281	0.05548	0.04202	0.01797	0.01860	0.01305	0.00867	0.00693	0.00221	0.00745	0.00649	0.07905	0.01143
12	0.02472	0.01905	0.02031	0.01637	0.02169	0.02139	0.01326	0.44245	0.26619	0.04114	0.02227	0.02137	0.01623	0.00933	0.00747	0.00233	0.00735	0.00730	0.00747	0.01231
13	0.01939	0.01783	0.01716	0.01540	0.01958	0.09561	0.01201	0.05588	0.52912	0.02942	0.02750	0.02794	0.02137	0.01008	0.00750	0.00243	0.00682	0.03749	0.00698	0.04050
14	0.03331	0.01263	0.01723	0.01321	0.01895	0.01091	0.01091	0.03618	0.02125	0.69794	0.02929	0.02527	0.01838	0.00919	0.00747	0.00230	0.00632	0.00747	0.00919	0.01263
15	0.00927	0.00660	0.00876	0.01025	0.01070	0.00631	0.00684	0.01054	0.01381	0.01849	0.03832	0.63951	0.04560	0.08218	0.05153	0.00386	0.00542	0.01953	0.00653	0.00594
16	0.02170	0.01877	0.03519	0.02561	0.03225	0.01833	0.42883	0.12589	0.02056	0.13667	0.01754	0.02036	0.01256	0.00745	0.00904	0.00246	0.04271	0.00813	0.00519	0.01076
17	0.01041	0.00758	0.00979	0.00924	0.01103	0.00696	0.00693	0.01382	0.02078	0.02922	0.65399	0.05636	0.10527	0.01538	0.00876	0.00234	0.00352	0.01355	0.00810	0.00696
18	0.00904	0.00646	0.00861	0.01034	0.01077	0.00603	0.00689	0.01034	0.01421	0.01895	0.04092	0.73426	0.04910	0.02326	0.00948	0.00301	0.00431	0.02110	0.00689	0.00603
19	0.01535	0.01493	0.02103	0.01829	0.01850	0.02061	0.01514	0.01714	0.01146	0.01777	0.01135	0.01829	0.01114	0.01974	0.13273	0.00462	0.61394	0.00673	0.00336	0.00788
20	0.79154	0.01436	0.01091	0.00976	0.01436	0.01665	0.00804	0.02182	0.01263	0.03331	0.01034	0.01206	0.00804	0.00689	0.00459	0.00230	0.00574	0.00402	0.00459	0.00804
21	0.01339	0.01240	0.01981	0.45764	0.12631	0.01418	0.01731	0.01758	0.01579	0.02032	0.05274	0.03156	0.15134	0.00995	0.00774	0.00244	0.00825	0.00872	0.00428	0.00826
22	0.01985	0.74357	0.03890	0.01270	0.01905	0.02937	0.01270	0.02223	0.01508	0.01747	0.01032	0.01191	0.00953	0.00635	0.00476	0.00159	0.00794	0.00397	0.00318	0.00953
23	0.00904	0.00646	0.00861	0.01034	0.01077	0.00603	0.00689	0.01034	0.01421	0.01895	0.04092	0.73426	0.04910	0.02326	0.00948	0.00301	0.00431	0.02110	0.00689	0.00603
24	0.02202	0.01833	0.02203	0.21912	0.05231	0.06758	0.01630	0.27348	0.05268	0.06208	0.01596	0.01868	0.01194	0.00893	0.00963	0.00243	0.10406	0.00661	0.00541	0.01043
25	0.56675	0.06436	0.01450	0.01178	0.01619	0.13582	0.00964	0.02282	0.01449	0.02907	0.01218	0.01635	0.01037	0.00776	0.00529	0.00225	0.00726	0.04046	0.00450	0.00816
26	0.01780	0.01697	0.02849	0.13388	0.57752	0.01752	0.02200	0.02302	0.04625	0.02386	0.01459	0.01898	0.01200	0.00688	0.00737	0.00225	0.00883	0.00669	0.00380	0.01129
27	0.01103	0.00843	0.01087	0.01126	0.03611	0.00827	0.00791	0.01519	0.06846	0.02528	0.36662	0.15506	0.11182	0.04899	0.07751	0.00359	0.00575	0.01355	0.00710	0.00718
28	0.03006	0.01194	0.01604	0.01254	0.01779	0.01032	0.01027	0.03289	0.02089	0.60607	0.07043	0.03065	0.07469	0.01029	0.00764	0.00232	0.00595	0.00846	0.00895	0.01181
29	0.00920	0.00679	0.00861	0.00973	0.01069	0.00620	0.00670	0.01089	0.01559	0.02062	0.13555	0.53149	0.15788	0.02141	0.00926	0.00284	0.00411	0.01915	0.00707	0.00620
30	0.00941	0.00755	0.00840	0.00818	0.01041	0.00654	0.00614	0.01188	0.01841	0.02360	0.29890	0.06562	0.46388	0.01748	0.00877	0.00244	0.00367	0.01485	0.00736	0.00654
31	0.01892	0.01617	0.01704	0.01520	0.01948	0.01868	0.01186	0.06888	0.64921	0.03179	0.02964	0.02724	0.02219	0.01002	0.00755	0.00250	0.00598	0.00831	0.00755	0.01179
32	0.79154	0.01436	0.01091	0.00976	0.01436	0.01665	0.00804	0.02182	0.01263	0.03331	0.01034	0.01206	0.00804	0.00689	0.00459	0.00230	0.00574	0.00402	0.00459	0.00804
33	0.05464	0.01215	0.01555	0.01224	0.01728	0.01105	0.01002	0.06467	0.02071	0.53076	0.02723	0.02486	0.01785	0.00901	0.00699	0.00220	0.00591	0.00722	0.13813	0.01153
34	0.02702	0.03315	0.02076	0.01871	0.02266	0.62225	0.01413	0.06031	0.07402	0.02053	0.01326	0.01473	0.01075	0.00790	0.00680	0.00198	0.01255	0.00516	0.00429	0.00904
35	0.02294	0.01433	0.01614	0.01365	0.01812	0.01532	0.01086	0.11017	0.33067	0.21117	0.02763	0.02587	0.01980	0.00949	0.00717	0.00231	0.00592	0.00773	0.11932	0.01140
36	0.79154	0.01436	0.01091	0.00976	0.01436	0.01665	0.00804	0.02182	0.01263	0.03331	0.01034	0.01206	0.00804	0.00689	0.00459	0.00230	0.00574	0.00402	0.00459	0.00804
37	0.00877	0.00752	0.00752	0.00752	0.01003	0.00627	0.00564	0.01065	0.01692	0.02005	0.07520	0.07144	0.68978	0.01880	0.00877	0.00251	0.00376	0.01567	0.00689	0.00627
38	0.79154	0.01436	0.01091	0.00976	0.01436	0.01665	0.00804	0.02182	0.01263	0.03331	0.01034	0.01206	0.00804	0.00689	0.00459	0.00230	0.00574	0.00402	0.00459	0.00804
39	0.01073	0.00745	0.00939	0.00939	0.00984	0.00790	0.00611	0.01163	0.01118	0.01535	0.02221	0.04202	0.02414	0.50826	0.26473	0.00880	0.01148	0.00984	0.00432	0.00522
40	0.01499	0.03770	0.67573	0.02154	0.03238	0.01730	0.05164	0.02352	0.01574	0.02352	0.01339	0.01584	0.00947	0.00702	0.00712	0.00236	0.01103	0.00561	0.00316	0.01093
41	0.01905	0.01582	0.01680	0.01503	0.01929	0.01817	0.01172	0.03932	0.65345	0.05733	0.03018	0.02760	0.02249	0.01004	0.00755	0.00251	0.00589	0.00836	0.00762	0.01179
42	0.03225	0.01287	0.01720	0.01334	0.01898	0.01145	0.01097	0.03641	0.06818	0.65038	0.02935	0.02544	0.01868	0.00925	0.00747	0.00231	0.00629	0.00753	0.00907	0.01257
43	0.01496	0.01415	0.02397	0.57526	0.18978	0.01674	0.02108	0.01979	0.01529	0.02011	0.01336	0.01949	0.01030	0.00725	0.00741	0.00242	0.00966	0.00660	0.00338	0.00901
44	0.02822	0.02079	0.02228	0.01708	0.02302	0.02302	0.01411	0.66804	0.03490	0.04679	0.01782	0.01782	0.01262	0.00891	0.00743	0.00223	0.00817	0.00668	0.00743	0.01262
45	0.00935	0.00664	0.00876	0.01035	0.01082	0.00627	0.00699	0.01066	0.01410	0.01877	0.03943	0.64277	0.04698	0.08001	0.01177	0.00337	0.00468	0.05562	0.00670	0.00595
46	0.03041	0.01196	0.01626	0.01277	0.01796	0.01038	0.01042	0.03326	0.02091	0.61446	0.08224	0.05937	0.02386	0.01029	0.00766	0.00233	0.00600	0.00855	0.00900	0.01189
47	0.01146	0.00946	0.01423	0.16777	0.09124	0.01013	0.01164	0.01378	0.01428	0.01912	0.02975	0.42880	0.03375	0.07317	0.01147	0.00314	0.02908	0.01519	0.00548	0.00706
48	0.01624	0.01624	0.02274	0.01949	0.01949	0.02274	0.01624	0.01787	0.01137	0.01787	0.00975	0.01624	0.00975	0.01299	0.02436	0.00325	0.72552	0.00650	0.00325	0.00812
49	0.79154	0.01436	0.01091	0.00976	0.01436	0.01665	0.00804	0.02182	0.01263	0.03331	0.01034	0.01206	0.00804	0.00689	0.00459	0.00230	0.00574	0.00402	0.00459	0.00804
50	0.01539	0.00737	0.00774	0.00742	0.00947	0.00724	0.00564	0.01880	0.01602	0.08096	0.02462	0.02749	0.01898	0.00869	0.00537	0.00177	0.00369	0.00696	0.71901	0.00737
51	0.04135	0.07907	0.24485	0.02175	0.11780	0.13312	0.01894	0.02717	0.15360	0.02394	0.01702	0.01996	0.01354	0.00825	0.00747	0.00229	0.02874	0.02629	0.00440	0.01045
52	0.00999	0.00757	0.00920	0.00880	0.01077	0.00678	0.00660	0.01301	0.01979	0.02686	0.50533	0.06024	0.25540	0.01626	0.00876	0.00239	0.00358	0.01410	0.00779	0.00678
53	0.00921	0.00739	0.00822	0.00832	0.01037	0.00640	0.00612	0.01138	0.01749	0.02212	0.21080	0.15831	0.46062	0.01858	0.00887	0.00254	0.00378	0.01590	0.00719	0.00640
54	0.01022	0.00707	0.00882	0.00975	0.01015	0.00689	0.00646	0.01120	0.01303	0.01730	0.03272	0.33692	0.03819	0.34913	0.02248	0.00497	0.00595	0.09750	0.00579	0.00544
55	0.06566	0.01226	0.01613	0.01255	0.01793	0.01085	0.01033	0.03404	0.02041	0.61494	0.02804	0.02487	0.01797	0.00904	0.00716	0.00225	0.00606	0.00727	0.07028	0.01197
56	0.07756	0.01140	0.00916	0.00881	0.01106	0.10362	0.00667	0.01934	0.01608	0.02683	0.02137	0.02448	0.01686	0.00837	0.00535	0.00180	0.00500	0.00640	0.61260	0.00724
57	0.01402	0.01319	0.02227	0.72126	0.05113	0.01649	0.02062	0.01897	0.01484	0.01897	0.01319	0.01979	0.00990	0.00742	0.00742	0.00247	0.00990	0.00660	0.00330	0.00825
58	0.02466	0.24601	0.02618	0.01671	0.02149	0.39450	0.01362	0.07940	0.07269	0.02128	0.01313	0.01444	0.01084	0.00755	0.00624	0.00189	0.01073	0.00498	0.00421	0.00946
59	0.01152	0.01548	0.18183	0.08568	0.02066	0.01029	0.01385	0.01560	0.01614	0.02225	0.14128	0.28653	0.05699	0.01587	0.00860	0.00270	0.00662	0.07457	0.00580	0.00773
60	0.08269	0.02322	0.24537	0.05213	0.10550	0.01703	0.04251	0.10247	0.11760	0.04848	0.02066	0.04678	0.04559	0.00885	0.00726	0.00238	0.00846	0.00735	0.00503	0.01063
61	0.02587	0.01513	0.02174	0.07944	0.21361	0.01500	0.01543	0.09017	0.07309	0.33838	0.02265	0.02237	0.01562	0.00836	0.00743	0.00230	0.00745	0.00715	0.00686	0.01196
62	0.11917	0.01373	0.01568	0.01303	0.01783	0.01412	0.01049	0.05663	0.22896	0.32889	0.02646	0.02435	0.01832	0.00914	0.00696	0.00232	0.00595	0.00727	0.06935	0.01134
63	0.01850	0.02800	0.30680	0.07631	0.18157	0.09888	0.09630	0.02451	0.01706	0.06169	0.01436	0.01735	0.01072	0.00708	0.00732	0.00229	0.01060	0.00622	0.00377	0.01066
64	0.02012	0.02675	0.38544	0.01974	0.07920	0.01486	0.02043	0.04582	0.01798	0.20786	0.02273	0.02295	0.06561	0.00858	0.00734	0.00233	0.00888	0.00695	0.00526	0.01117
65	0.03331	0.01263	0.01723	0.01321	0.01895	0.01091	0.01091	0.03618	0.02125	0.69794	0.02929	0.02527	0.01838	0.00919	0.00747	0.00230	0.00632	0.00747	0.00919	0.01263
66	0.01150	0.01043	0.06377	0.00943	0.01278	0.00766	0.00813	0.01419	0.01756	0.07569	0.12313	0.06221	0.50221	0.01681	0.00858	0.00249	0.00462	0.03468	0.00690	0.00724
67	0.04837	0.15150	0.19943	0.06574	0.12861	0.09559	0.05862	0.02538	0.01712	0.12023	0.01500	0.01696	0.01121	0.00721	0.00676	0.00215	0.00954	0.00582	0.00428	0.01048
68	0.01792	0.07338	0.02722	0.32077	0.23344	0.01762	0.07673	0.02290	0.03526	0.08145	0.01527	0.01948	0.01166	0.00723	0.00731	0.00231	0.00922	0.00671	0.00408	0.01003
69	0.00885	0.00748	0.00766	0.00770	0.01010	0.00629	0.00574	0.01077	0.01698	0.02040	0.09811	0.09550	0.64150	0.01882	0.00880	0.00252	0.00377	0.01578	0.00694	0.00629
70	0.01764	0.01374	0.02171	0.15940	0.13517	0.03326	0.09804	0.02136	0.01734	0.13285	0.11292	0.08459	0.04613	0.03657	0.00964	0.00261	0.03280	0.00950	0.00551	0.00922
71	0.01856	0.05319	0.05362	0.05730	0.19789	0.06647	0.27626	0.03994	0.01789	0.04798	0.04090	0.04215	0.01494	0.00762	0.00780	0.00231	0.01009	0.00792	0.02703	0.01013
72	0.01548	0.12230	0.62191	0.02015	0.03057	0.01868	0.02568	0.02336	0.01560	0.02279	0.01297	0.01523	0.00942	0.00697	0.00678	0.00226	0.01061	0.00531	0.00314	0.01080
73	0.01597	0.01471	0.02338	0.28246	0.29077	0.01636	0.01904	0.02266	0.10625	0.02264	0.01726	0.02329	0.01419	0.01176	0.06334	0.00316	0.00962	0.02905	0.00420	0.00991
74	0.01975	0.07082	0.24411	0.01664	0.02382	0.11078	0.01689	0.07259	0.01801	0.08226	0.01439	0.01607	0.01088	0.00731	0.00740	0.00195	0.04541	0.00533	0.00441	0.21117

[dist]
# distance from previous block
# <min> <max>
0	3

[block]
# block no. 4 follows, 27 sequences, length 26
# corresponding to MSA columns:
# 220,230-254
name=unknown_E
#
# <colnr> <probs for GDERKNQSTAVLIFYWHMCP>
#	G	D	E	R	K	N	Q	S	T	A	V	L	I	F	Y	W	H	M	C	P
0	0.06052	0.09174	0.08943	0.01580	0.02111	0.06807	0.07748	0.10203	0.08082	0.12407	0.16543	0.02681	0.02572	0.00952	0.00736	0.00224	0.00763	0.00796	0.00621	0.01004
1	0.02106	0.04024	0.02361	0.15483	0.16509	0.18843	0.05194	0.06131	0.07795	0.07111	0.01709	0.02178	0.01380	0.02718	0.00814	0.00239	0.00974	0.02970	0.00472	0.00991
2	0.01314	0.00742	0.00794	0.00810	0.00976	0.00735	0.00594	0.04204	0.01614	0.02620	0.03017	0.18058	0.06002	0.01231	0.00638	0.00207	0.00385	0.01040	0.54328	0.00693
3	0.01658	0.18343	0.16435	0.21751	0.13879	0.01939	0.01915	0.04524	0.03610	0.02219	0.03882	0.01990	0.03288	0.00772	0.00683	0.00219	0.00891	0.00635	0.00385	0.00982
4	0.01725	0.01072	0.01274	0.01092	0.01408	0.01014	0.00816	0.07900	0.05923	0.14550	0.10768	0.07576	0.10028	0.16949	0.01512	0.03765	0.00583	0.01009	0.00656	0.10380
5	0.01029	0.00735	0.00906	0.00980	0.01128	0.00669	0.00716	0.01223	0.01613	0.04252	0.11423	0.34703	0.23905	0.04641	0.01025	0.00297	0.00453	0.08958	0.00700	0.00645
6	0.01877	0.01841	0.08146	0.04290	0.11491	0.01763	0.16244	0.10443	0.01813	0.07152	0.01673	0.06939	0.01419	0.00939	0.01093	0.00248	0.14612	0.00792	0.00470	0.06756
7	0.00953	0.00674	0.00882	0.01038	0.01110	0.00633	0.00726	0.01116	0.01470	0.01971	0.04182	0.60458	0.08044	0.02213	0.00933	0.00297	0.00450	0.08244	0.03990	0.00616
8	0.01984	0.66260	0.08531	0.01358	0.02015	0.05797	0.01382	0.02264	0.01538	0.01793	0.01058	0.01224	0.00952	0.00646	0.00501	0.00166	0.00839	0.00411	0.00320	0.00959
9	0.00916	0.00651	0.00858	0.01019	0.01059	0.00611	0.00674	0.01037	0.01399	0.01865	0.03977	0.68958	0.04766	0.06990	0.01132	0.00329	0.00450	0.02043	0.00674	0.00593
10	0.12292	0.05612	0.01992	0.01498	0.01990	0.03579	0.03849	0.19620	0.09548	0.20355	0.02025	0.02014	0.01445	0.00885	0.00807	0.00230	0.05834	0.00662	0.04667	0.01095
11	0.02637	0.01954	0.02140	0.04570	0.02334	0.02161	0.01387	0.59452	0.03308	0.04442	0.06548	0.02059	0.01661	0.00930	0.00752	0.00225	0.00791	0.00716	0.00731	0.01204
12	0.00922	0.00653	0.00856	0.01012	0.01050	0.00614	0.00666	0.01038	0.01388	0.01850	0.03919	0.66668	0.04692	0.09381	0.01227	0.00343	0.00459	0.02009	0.00666	0.00588
13	0.01651	0.01966	0.13568	0.20698	0.14754	0.01848	0.08402	0.06244	0.01607	0.02260	0.01336	0.01838	0.01073	0.01011	0.03655	0.00290	0.15798	0.00667	0.00366	0.00967
14	0.02777	0.02109	0.02162	0.01692	0.02260	0.06750	0.01383	0.55760	0.07539	0.07205	0.01871	0.01850	0.01333	0.00892	0.00739	0.00223	0.00828	0.00670	0.00727	0.01230
15	0.01114	0.00822	0.01052	0.01001	0.01193	0.00788	0.00765	0.01582	0.06523	0.02936	0.60206	0.05542	0.06507	0.01518	0.00877	0.00242	0.00388	0.05409	0.00804	0.00731
16	0.01672	0.01501	0.02668	0.22745	0.24737	0.01556	0.14340	0.02132	0.01674	0.05969	0.05648	0.05311	0.01689	0.00823	0.00773	0.00237	0.00896	0.00812	0.03844	0.00973
17	0.01872	0.09191	0.14948	0.04431	0.11503	0.06915	0.08426	0.09817	0.08318	0.04146	0.01905	0.02218	0.04126	0.04220	0.04502	0.00296	0.00976	0.00707	0.00466	0.01018
18	0.02078	0.00944	0.01174	0.01005	0.01276	0.00871	0.00731	0.02256	0.01599	0.30429	0.02601	0.03528	0.02204	0.31000	0.01958	0.00422	0.00620	0.00875	0.13595	0.00833
19	0.02733	0.01131	0.01531	0.01219	0.01689	0.00989	0.00989	0.03037	0.02119	0.52274	0.20224	0.03318	0.03192	0.01076	0.00780	0.00231	0.00558	0.00903	0.00892	0.01116
20	0.01735	0.05522	0.39238	0.04918	0.02775	0.07614	0.04127	0.05808	0.01741	0.06451	0.01812	0.09793	0.01557	0.00948	0.00741	0.00239	0.00978	0.02559	0.00435	0.01009
21	0.01760	0.05428	0.23283	0.02450	0.16590	0.01720	0.08719	0.02555	0.11679	0.07158	0.03966	0.02264	0.04402	0.00845	0.00814	0.00237	0.03852	0.00730	0.00472	0.01077
22	0.01030	0.00732	0.00880	0.00873	0.00974	0.00691	0.00583	0.01201	0.01584	0.02153	0.29453	0.11525	0.12027	0.30742	0.02050	0.00437	0.00509	0.01331	0.00644	0.00583
23	0.01824	0.01788	0.02917	0.09073	0.56712	0.04246	0.04798	0.02263	0.01687	0.02363	0.01383	0.01823	0.01149	0.00665	0.00731	0.00218	0.00907	0.00654	0.00369	0.04431
24	0.01762	0.01885	0.08849	0.02591	0.11630	0.01713	0.28078	0.06654	0.08320	0.04686	0.03898	0.08964	0.01790	0.00926	0.00906	0.00251	0.04672	0.00918	0.00489	0.01018
25	0.04234	0.01828	0.08077	0.08056	0.26211	0.04516	0.01735	0.12176	0.01962	0.04691	0.06782	0.02575	0.08317	0.00935	0.00836	0.00233	0.04534	0.00777	0.00500	0.01026

[dist]
# distance from previous block
# <min> <max>
0	1

[block]
# block no. 5 follows, 27 sequences, length 48
# corresponding to MSA columns:
# 256-303
name=unknown_F
#
# <colnr> <probs for GDERKNQSTAVLIFYWHMCP>
#	G	D	E	R	K	N	Q	S	T	A	V	L	I	F	Y	W	H	M	C	P
0	0.01376	0.00938	0.01251	0.01170	0.01363	0.01021	0.00896	0.08184	0.01547	0.06018	0.07035	0.03312	0.04561	0.12076	0.42521	0.03194	0.01431	0.00873	0.00507	0.00727
1	0.01962	0.11566	0.02701	0.13190	0.31343	0.05999	0.01819	0.13245	0.01953	0.02576	0.01546	0.05944	0.01340	0.00813	0.00711	0.00220	0.00875	0.00701	0.00439	0.01057
2	0.04255	0.01785	0.02036	0.02056	0.11267	0.09937	0.01445	0.04451	0.18695	0.02374	0.03976	0.02231	0.01642	0.05322	0.01473	0.00290	0.24606	0.00722	0.00489	0.00950
3	0.00898	0.00672	0.00835	0.00965	0.01059	0.00609	0.00659	0.01041	0.01487	0.01922	0.04927	0.57273	0.20524	0.02217	0.00930	0.00289	0.00417	0.01978	0.00689	0.00609
4	0.02062	0.57703	0.03490	0.01423	0.01964	0.12388	0.01326	0.02286	0.01557	0.01760	0.01043	0.01252	0.00955	0.00715	0.00685	0.00179	0.07527	0.00432	0.00327	0.00927
5	0.01069	0.00800	0.00959	0.00983	0.01207	0.00738	0.00786	0.01316	0.01674	0.04363	0.09440	0.06674	0.39337	0.02317	0.09458	0.00386	0.00654	0.16499	0.00668	0.00671
6	0.00918	0.00656	0.00873	0.01025	0.01080	0.00612	0.00690	0.01067	0.01484	0.01994	0.10019	0.67216	0.05102	0.02252	0.00941	0.00295	0.00423	0.02040	0.00701	0.00612
7	0.00885	0.00752	0.00762	0.00760	0.01007	0.00630	0.00570	0.01080	0.01709	0.02047	0.10119	0.07077	0.66354	0.01865	0.00877	0.00250	0.00375	0.01557	0.00695	0.00630
8	0.00904	0.00646	0.00861	0.01034	0.01077	0.00603	0.00689	0.01034	0.01421	0.01895	0.04092	0.73426	0.04910	0.02326	0.00948	0.00301	0.00431	0.02110	0.00689	0.00603
9	0.02773	0.03538	0.02104	0.01913	0.02295	0.70930	0.01434	0.02964	0.02104	0.01817	0.01148	0.01339	0.00956	0.00765	0.00669	0.00191	0.01339	0.00478	0.00383	0.00861
10	0.03331	0.01263	0.01723	0.01321	0.01895	0.01091	0.01091	0.03618	0.02125	0.69794	0.02929	0.02527	0.01838	0.00919	0.00747	0.00230	0.00632	0.00747	0.00919	0.01263
11	0.74700	0.01426	0.01128	0.00996	0.01463	0.01632	0.00821	0.02267	0.01314	0.07235	0.01145	0.01284	0.00865	0.00703	0.00476	0.00230	0.00578	0.00422	0.00486	0.00831
12	0.01022	0.00752	0.00956	0.00918	0.01095	0.00686	0.00684	0.01340	0.02014	0.02800	0.57921	0.09657	0.14176	0.01607	0.00880	0.00239	0.00358	0.01413	0.00795	0.00686
13	0.01088	0.00733	0.00855	0.00880	0.00900	0.00731	0.00542	0.01130	0.01161	0.01542	0.02572	0.07317	0.02944	0.63606	0.03381	0.00664	0.00707	0.08281	0.00484	0.00481
14	0.39610	0.01390	0.01448	0.01177	0.01697	0.01432	0.00971	0.06381	0.01787	0.34413	0.01959	0.01854	0.01311	0.00807	0.00609	0.00229	0.00614	0.00577	0.00689	0.01043
15	0.01062	0.00749	0.00977	0.01108	0.03342	0.00686	0.00752	0.01256	0.01612	0.04975	0.13905	0.45306	0.15799	0.02012	0.00912	0.00278	0.00440	0.03452	0.00707	0.00670
16	0.06194	0.01426	0.01557	0.01141	0.01778	0.03361	0.00913	0.04294	0.01613	0.02536	0.01314	0.01522	0.01083	0.00577	0.00555	0.00124	0.00587	0.00447	0.00450	0.68528
17	0.01160	0.00905	0.01310	0.01261	0.01354	0.01096	0.00975	0.01353	0.01162	0.01683	0.01825	0.02848	0.01762	0.10542	0.50978	0.05566	0.12397	0.00789	0.00387	0.00647
18	0.06145	0.01962	0.11642	0.01625	0.02161	0.04625	0.05049	0.15766	0.21825	0.04819	0.06444	0.02951	0.05977	0.01032	0.00762	0.00243	0.00756	0.04529	0.00636	0.01051
19	0.01310	0.01547	0.12689	0.04064	0.12888	0.01208	0.05239	0.01854	0.08351	0.02215	0.03095	0.32126	0.07381	0.01481	0.00839	0.00264	0.00689	0.01340	0.00554	0.00866
20	0.01904	0.01623	0.01711	0.01522	0.01952	0.01873	0.01189	0.07643	0.64147	0.03198	0.02949	0.02712	0.02207	0.01000	0.00755	0.00250	0.00601	0.00829	0.00755	0.01180
21	0.03895	0.02212	0.24398	0.01959	0.08242	0.03311	0.07124	0.02246	0.09430	0.02542	0.14884	0.02845	0.06297	0.00977	0.00831	0.00236	0.03844	0.00827	0.00505	0.03394
22	0.01956	0.70209	0.07783	0.01320	0.01982	0.02866	0.01357	0.02230	0.01512	0.01782	0.01050	0.01213	0.00952	0.00639	0.00490	0.00163	0.00812	0.00406	0.00317	0.00961
23	0.63922	0.04280	0.01590	0.01262	0.01754	0.05802	0.07596	0.02250	0.01372	0.03086	0.01088	0.01295	0.00851	0.00685	0.00515	0.00227	0.00697	0.00455	0.00441	0.00833
24	0.01000	0.00735	0.00976	0.01023	0.01119	0.00764	0.00727	0.01168	0.01292	0.01748	0.03279	0.22970	0.10743	0.17564	0.30594	0.00748	0.01128	0.01299	0.00521	0.00601
25	0.01511	0.06987	0.67111	0.02078	0.03155	0.01778	0.02677	0.02345	0.01565	0.02324	0.01319	0.01551	0.00941	0.00702	0.00695	0.00232	0.01084	0.00542	0.00314	0.01091
26	0.01896	0.01534	0.01716	0.07085	0.02156	0.01737	0.01242	0.11878	0.44050	0.05294	0.03021	0.03162	0.05787	0.01082	0.00776	0.00252	0.00646	0.04868	0.00717	0.01101
27	0.01734	0.01421	0.01599	0.01418	0.01808	0.01577	0.02833	0.03350	0.49900	0.05831	0.12872	0.03398	0.06767	0.01118	0.00783	0.00248	0.00560	0.00952	0.00757	0.01073
28	0.01078	0.00724	0.00832	0.00832	0.00840	0.00732	0.00477	0.01094	0.01086	0.01456	0.02319	0.04746	0.02650	0.69960	0.07662	0.00747	0.00793	0.01063	0.00447	0.00462
29	0.01752	0.02003	0.04380	0.03129	0.03880	0.01877	0.66583	0.02378	0.01752	0.02378	0.01502	0.02003	0.01126	0.00626	0.00876	0.00250	0.01252	0.00876	0.00375	0.01001
30	0.01092	0.00808	0.01025	0.00962	0.01154	0.00765	0.00724	0.01540	0.05961	0.02953	0.62998	0.05435	0.08761	0.01500	0.00869	0.00235	0.00365	0.01320	0.00809	0.00726
31	0.02783	0.03255	0.02128	0.01873	0.02296	0.57632	0.01430	0.15335	0.02372	0.02371	0.01271	0.01425	0.01016	0.00789	0.00684	0.00197	0.01238	0.00515	0.00452	0.00938
32	0.01591	0.01575	0.02210	0.01905	0.01912	0.02195	0.01583	0.01760	0.01140	0.01783	0.01034	0.01700	0.01026	0.01550	0.06462	0.00376	0.68407	0.00658	0.00329	0.00803
33	0.00904	0.00646	0.00861	0.01034	0.01077	0.00603	0.00689	0.01034	0.01421	0.01895	0.04092	0.73426	0.04910	0.02326	0.00948	0.00301	0.00431	0.02110	0.00689	0.00603
34	0.02883	0.01981	0.02167	0.01662	0.02253	0.02157	0.01373	0.59221	0.03327	0.12494	0.01920	0.01872	0.01332	0.00894	0.00743	0.00224	0.00795	0.00678	0.00764	0.01263
35	0.01701	0.01788	0.02734	0.02209	0.02392	0.05059	0.16021	0.01967	0.01314	0.01919	0.01099	0.01696	0.01007	0.01128	0.02016	0.00303	0.53761	0.00693	0.00338	0.00856
36	0.01228	0.00796	0.00969	0.00971	0.01030	0.00807	0.00648	0.01306	0.01250	0.05324	0.02657	0.09155	0.02950	0.52794	0.03001	0.00600	0.03188	0.10257	0.00519	0.00550
37	0.01070	0.00814	0.01208	0.01209	0.01331	0.00953	0.00936	0.01322	0.01206	0.01737	0.02093	0.07558	0.02028	0.05205	0.63947	0.01104	0.04323	0.00878	0.00415	0.00664
38	0.00939	0.00669	0.00864	0.01006	0.01058	0.00630	0.00674	0.01062	0.01399	0.01853	0.03995	0.58780	0.07270	0.11813	0.01324	0.00357	0.00478	0.04583	0.00657	0.00587
39	0.01999	0.01561	0.01683	0.01491	0.01927	0.01769	0.01166	0.03911	0.61197	0.09936	0.03012	0.02745	0.02222	0.00998	0.00754	0.00250	0.00592	0.00830	0.00772	0.01184
40	0.01104	0.00889	0.01149	0.01223	0.01357	0.02942	0.03578	0.01418	0.05812	0.02046	0.03905	0.51292	0.06362	0.02064	0.00934	0.00298	0.00541	0.11736	0.00670	0.00678
41	0.01030	0.00835	0.01344	0.01327	0.01469	0.00783	0.09478	0.01234	0.01478	0.01973	0.03740	0.61164	0.04380	0.02088	0.00941	0.00296	0.00551	0.04582	0.00647	0.00659
42	0.00920	0.00657	0.00880	0.01052	0.01102	0.00617	0.00717	0.01061	0.01437	0.01913	0.04083	0.69873	0.04875	0.02311	0.00952	0.00304	0.00445	0.05506	0.00689	0.00607
43	0.01688	0.03101	0.46326	0.02446	0.11650	0.01735	0.08573	0.06518	0.01730	0.04568	0.01457	0.01733	0.01068	0.00874	0.03095	0.00266	0.01082	0.00617	0.00376	0.01099
