[name]
unknown

[dist]
# distance from previous block
# <min> <max>
0	50

[block]
# block no. 0 follows, 28 sequences, length 63
# corresponding to MSA columns:
# 50-72,75-81,87-106,115-127
name=unknown_A
#
# <colnr> <probs for GDERKNQSTAVLIFYWHMCP>
#	G	D	E	R	K	N	Q	S	T	A	V	L	I	F	Y	W	H	M	C	P
0	0.01203	0.00902	0.01354	0.01440	0.01640	0.00895	0.05037	0.01554	0.01676	0.02184	0.03710	0.07835	0.04003	0.01926	0.00995	0.00329	0.00702	0.61274	0.00652	0.00688
1	0.01795	0.01600	0.02478	0.01938	0.02346	0.01751	0.19877	0.14016	0.08909	0.04727	0.09533	0.02587	0.05004	0.01172	0.03669	0.00286	0.15974	0.00846	0.00540	0.00952
2	0.01713	0.01905	0.03976	0.03097	0.10065	0.01862	0.55128	0.02268	0.01656	0.02282	0.01415	0.01912	0.01094	0.00675	0.00980	0.00249	0.07563	0.00818	0.00362	0.00981
3	0.01063	0.00772	0.01042	0.01033	0.01104	0.00863	0.00732	0.01210	0.01120	0.01572	0.02061	0.03618	0.02139	0.34398	0.40857	0.00947	0.03602	0.00892	0.00409	0.00566
4	0.01943	0.74891	0.03809	0.01244	0.01866	0.02876	0.01244	0.02177	0.01477	0.01710	0.01011	0.01166	0.00933	0.00622	0.00466	0.00155	0.00777	0.00389	0.00311	0.00933
5	0.01149	0.00767	0.00990	0.01048	0.01173	0.00731	0.00739	0.05102	0.01669	0.05896	0.15788	0.53383	0.04812	0.01976	0.00893	0.00275	0.00440	0.01775	0.00713	0.00680
6	0.02020	0.02144	0.02275	0.01927	0.02124	0.20180	0.04609	0.09456	0.01646	0.02102	0.01111	0.01553	0.00988	0.01061	0.01679	0.00270	0.43005	0.00605	0.00381	0.00866
7	0.67507	0.01534	0.01222	0.01068	0.01527	0.03880	0.00874	0.08281	0.03674	0.03330	0.01147	0.01287	0.00880	0.00706	0.00492	0.00224	0.00608	0.00434	0.00483	0.00843
8	0.01294	0.01141	0.06060	0.01193	0.01497	0.00982	0.04375	0.01740	0.05588	0.07180	0.39189	0.04656	0.15204	0.01363	0.00920	0.00238	0.04731	0.01166	0.00699	0.00786
9	0.02201	0.01374	0.01680	0.01275	0.01829	0.01245	0.01038	0.11671	0.01917	0.23240	0.01846	0.01899	0.01345	0.00956	0.03932	0.00218	0.04444	0.00580	0.00607	0.36702
10	0.01402	0.01313	0.01848	0.01643	0.01677	0.01769	0.01337	0.01578	0.01137	0.01726	0.01388	0.05295	0.01405	0.05063	0.19532	0.00542	0.49498	0.00752	0.00356	0.00737
11	0.79588	0.01406	0.01068	0.00956	0.01406	0.01631	0.00787	0.02137	0.01237	0.03261	0.01012	0.01181	0.00787	0.00675	0.00450	0.00225	0.00562	0.00394	0.00450	0.00787
12	0.01536	0.00852	0.00871	0.00806	0.01028	0.00880	0.00621	0.10164	0.01768	0.02951	0.02291	0.02586	0.01782	0.00850	0.00536	0.00176	0.00398	0.00675	0.68480	0.00749
13	0.01373	0.01292	0.02180	0.72707	0.05006	0.01615	0.02019	0.01857	0.01453	0.01857	0.01292	0.01938	0.00969	0.00727	0.00727	0.00242	0.00969	0.00646	0.00323	0.00807
14	0.02740	0.01910	0.02046	0.01588	0.02138	0.04490	0.01303	0.52944	0.03114	0.13448	0.05408	0.02022	0.01596	0.00904	0.00732	0.00219	0.00769	0.00693	0.00742	0.01194
15	0.03002	0.01654	0.01945	0.01491	0.02063	0.01687	0.01232	0.36895	0.02778	0.36085	0.02282	0.02094	0.01506	0.00886	0.00729	0.00221	0.00713	0.00691	0.00810	0.01237
16	0.06772	0.01566	0.01926	0.01475	0.02024	0.01564	0.05573	0.23637	0.03998	0.18425	0.02114	0.02115	0.04626	0.00847	0.00759	0.00205	0.03756	0.00670	0.00645	0.17303
17	0.00922	0.00708	0.00807	0.00837	0.00986	0.00634	0.00585	0.01090	0.01567	0.02005	0.15637	0.22015	0.34411	0.12933	0.01307	0.00324	0.00428	0.01551	0.00659	0.00593
18	0.02669	0.02782	0.02164	0.01817	0.02286	0.39360	0.03493	0.28435	0.05048	0.02950	0.01448	0.01555	0.01108	0.00802	0.00693	0.00204	0.01079	0.00567	0.00527	0.01014
19	0.00987	0.00760	0.01075	0.01386	0.08781	0.00719	0.00844	0.01150	0.01434	0.01919	0.03868	0.62726	0.07446	0.02074	0.00901	0.00284	0.00469	0.01882	0.00639	0.00654
20	0.01481	0.07210	0.67444	0.02032	0.03084	0.01746	0.02616	0.02296	0.01532	0.02273	0.01290	0.01517	0.00921	0.00687	0.00680	0.00227	0.01060	0.00530	0.00307	0.01067
21	0.14470	0.01262	0.01596	0.01244	0.01790	0.01151	0.01027	0.03336	0.01957	0.60560	0.02595	0.02284	0.01651	0.00867	0.00690	0.00225	0.00610	0.00681	0.00834	0.01171
22	0.01451	0.01372	0.02321	0.60235	0.16869	0.01635	0.02057	0.01926	0.01490	0.01952	0.01306	0.01913	0.01002	0.00712	0.00725	0.00237	0.00950	0.00646	0.00330	0.00870
23	0.06454	0.01850	0.02012	0.01552	0.02123	0.01991	0.01278	0.50709	0.05126	0.12637	0.01865	0.01828	0.01308	0.00852	0.00704	0.00214	0.00744	0.00645	0.00720	0.05388
24	0.00892	0.00637	0.00849	0.01008	0.01056	0.00594	0.00675	0.01027	0.01420	0.01900	0.06782	0.71076	0.04895	0.02244	0.00925	0.00292	0.00418	0.02035	0.00680	0.00594
25	0.01874	0.01650	0.01663	0.01468	0.01792	0.11636	0.01157	0.14522	0.17841	0.04419	0.04575	0.02516	0.03875	0.02206	0.20098	0.00487	0.05972	0.00753	0.00565	0.00931
26	0.21576	0.01654	0.01721	0.04451	0.02010	0.01916	0.01194	0.22119	0.24929	0.03417	0.01904	0.01932	0.01429	0.00883	0.00774	0.00237	0.05545	0.00645	0.00617	0.01046
27	0.01371	0.00685	0.01000	0.00967	0.01024	0.00667	0.00667	0.01170	0.01148	0.06110	0.09035	0.02589	0.01927	0.02299	0.02476	0.64726	0.00598	0.00715	0.00409	0.00419
28	0.04754	0.01883	0.02248	0.01836	0.04755	0.05570	0.08695	0.42579	0.02722	0.03676	0.04095	0.01988	0.01455	0.01359	0.08687	0.00327	0.00981	0.00697	0.00611	0.01084
29	0.01779	0.01494	0.01596	0.01442	0.01825	0.01706	0.01115	0.08497	0.55985	0.03028	0.02982	0.10637	0.02433	0.01122	0.00760	0.00250	0.00576	0.00949	0.00731	0.01094
30	0.08627	0.01840	0.02137	0.01629	0.02212	0.01956	0.05708	0.46290	0.02858	0.12436	0.01784	0.01794	0.01254	0.00824	0.00704	0.00215	0.00773	0.00645	0.00686	0.05628
31	0.01523	0.01536	0.02167	0.64755	0.04697	0.09464	0.01950	0.01975	0.01522	0.01848	0.01273	0.01868	0.00965	0.00729	0.00719	0.00236	0.01007	0.00626	0.00329	0.00811
32	0.10346	0.01570	0.02096	0.01801	0.01852	0.02160	0.01500	0.01793	0.01127	0.01919	0.00961	0.01544	0.00935	0.01205	0.02168	0.00308	0.64978	0.00609	0.00333	0.00794
33	0.01355	0.00678	0.00678	0.00678	0.00847	0.00678	0.00508	0.01694	0.01524	0.02710	0.02371	0.02710	0.01863	0.00847	0.00508	0.00169	0.00339	0.00678	0.78489	0.00678
34	0.00995	0.00742	0.00925	0.00879	0.01065	0.00671	0.00659	0.01306	0.01977	0.02725	0.57092	0.05743	0.19421	0.01557	0.00858	0.00232	0.00348	0.01359	0.00775	0.00671
35	0.00955	0.00711	0.00889	0.00907	0.01057	0.00645	0.00657	0.01206	0.01791	0.02429	0.38828	0.25097	0.18598	0.01779	0.00878	0.00251	0.00370	0.01570	0.00740	0.00645
36	0.02741	0.01368	0.01685	0.01360	0.01868	0.01349	0.01101	0.07877	0.21261	0.44528	0.04912	0.02586	0.02041	0.00941	0.00737	0.00231	0.00610	0.00770	0.00839	0.01195
37	0.01590	0.01396	0.02380	0.52720	0.16053	0.01608	0.05062	0.02058	0.01543	0.06591	0.01420	0.01951	0.01063	0.00719	0.00732	0.00237	0.00939	0.00662	0.00370	0.00905
38	0.01389	0.00776	0.00991	0.00992	0.01137	0.00716	0.00684	0.01522	0.01471	0.14921	0.05652	0.36733	0.06878	0.20781	0.01607	0.00384	0.00528	0.01497	0.00661	0.00680
39	0.01609	0.01783	0.09081	0.02347	0.06620	0.01562	0.31918	0.08565	0.05272	0.02478	0.02155	0.18991	0.02038	0.01061	0.00832	0.00251	0.00924	0.01081	0.00490	0.00941
40	0.01876	0.60464	0.10713	0.06159	0.02223	0.02649	0.01452	0.03926	0.01534	0.01860	0.01080	0.01273	0.00942	0.00643	0.00515	0.00171	0.00822	0.00429	0.00323	0.00947
41	0.00925	0.00691	0.00867	0.00975	0.01092	0.00633	0.00704	0.01108	0.01546	0.02010	0.10431	0.44168	0.20613	0.02072	0.00914	0.00282	0.00431	0.09238	0.00685	0.00613
42	0.07213	0.01603	0.01675	0.01464	0.01903	0.01833	0.01154	0.11919	0.53864	0.05097	0.02669	0.02478	0.01985	0.00948	0.00718	0.00241	0.00604	0.00769	0.00723	0.01139
43	0.01204	0.00878	0.01007	0.00889	0.01213	0.00730	0.00682	0.01453	0.01735	0.07581	0.18469	0.07488	0.36494	0.01464	0.00791	0.00216	0.00416	0.01237	0.00672	0.15381
44	0.02015	0.47270	0.12423	0.01462	0.02091	0.05633	0.01466	0.07771	0.03260	0.04977	0.01239	0.01385	0.01025	0.00712	0.00645	0.00186	0.04600	0.00472	0.00384	0.00984
45	0.04527	0.13655	0.02846	0.01942	0.02418	0.03812	0.25312	0.03985	0.08054	0.02309	0.05865	0.11925	0.02089	0.01018	0.00856	0.00240	0.04888	0.02884	0.00480	0.00895
46	0.01030	0.00700	0.00832	0.00857	0.00875	0.00705	0.00515	0.01071	0.01117	0.01500	0.02518	0.14954	0.02897	0.57837	0.09007	0.00683	0.00767	0.01185	0.00471	0.00480
47	0.01590	0.05327	0.02436	0.31901	0.07662	0.04824	0.11065	0.06342	0.01655	0.02158	0.03663	0.04574	0.01484	0.01137	0.05036	0.00296	0.04644	0.02939	0.00403	0.00865
48	0.01837	0.09715	0.31621	0.06849	0.09313	0.08044	0.02021	0.12471	0.04015	0.02539	0.01484	0.04197	0.01179	0.00782	0.00687	0.00220	0.00957	0.00617	0.00412	0.01040
49	0.00876	0.00720	0.00771	0.00794	0.01001	0.00615	0.00582	0.01062	0.01643	0.02016	0.11375	0.17721	0.54537	0.01886	0.00870	0.00252	0.00375	0.01604	0.00684	0.00615
50	0.01577	0.01366	0.02263	0.45664	0.22319	0.01555	0.01927	0.02027	0.01543	0.05284	0.01462	0.01979	0.01120	0.00722	0.00710	0.00229	0.00880	0.00653	0.05809	0.00913
51	0.02037	0.01918	0.05527	0.06650	0.02535	0.12782	0.15371	0.12503	0.05223	0.10081	0.02081	0.14090	0.01835	0.01036	0.00821	0.00239	0.02848	0.00917	0.00547	0.00957
52	0.05875	0.01690	0.02727	0.10611	0.55589	0.01747	0.02078	0.06589	0.01733	0.02520	0.01367	0.01777	0.01121	0.00672	0.00707	0.00219	0.00854	0.00635	0.00386	0.01105
53	0.03215	0.01247	0.01686	0.01299	0.01857	0.01092	0.01071	0.03553	0.04219	0.68257	0.02871	0.02482	0.01813	0.00902	0.00731	0.00226	0.00617	0.00734	0.00895	0.01234
54	0.76910	0.01402	0.01083	0.00960	0.01417	0.01608	0.00790	0.02126	0.01246	0.03231	0.01022	0.01192	0.00797	0.00670	0.00453	0.00221	0.00561	0.00395	0.00449	0.03466
55	0.33590	0.01347	0.01468	0.01180	0.01698	0.01356	0.00973	0.06423	0.01817	0.40172	0.02069	0.01921	0.01367	0.00809	0.00619	0.00225	0.00606	0.00593	0.00712	0.01058
56	0.00886	0.00633	0.00843	0.01012	0.01054	0.00590	0.00675	0.01012	0.01392	0.01856	0.04006	0.73979	0.04808	0.02277	0.00928	0.00295	0.00422	0.02066	0.00675	0.00590
57	0.00924	0.00701	0.00852	0.00894	0.01042	0.00629	0.00640	0.01139	0.01692	0.02235	0.26406	0.30668	0.25777	0.01883	0.00883	0.00258	0.00379	0.01655	0.00716	0.00629
58	0.00915	0.00706	0.00836	0.00873	0.01034	0.00627	0.00628	0.01126	0.01687	0.02198	0.23814	0.27469	0.31721	0.01877	0.00880	0.00256	0.00378	0.01639	0.00710	0.00627
59	0.01015	0.00751	0.00993	0.03136	0.01278	0.00715	0.00818	0.01287	0.01734	0.02333	0.28486	0.23775	0.12757	0.01827	0.00905	0.00272	0.00459	0.16094	0.00710	0.00653
60	0.00886	0.00633	0.00843	0.01012	0.01054	0.00590	0.00675	0.01012	0.01392	0.01856	0.04006	0.73979	0.04808	0.02277	0.00928	0.00295	0.00422	0.02066	0.00675	0.00590
61	0.01507	0.01292	0.01507	0.01077	0.01723	0.00969	0.00861	0.01830	0.01507	0.02369	0.01292	0.01507	0.01077	0.00538	0.00538	0.00108	0.00538	0.00431	0.00431	0.78898
62	0.01812	0.02408	0.23344	0.05977	0.25021	0.03916	0.15314	0.05415	0.01740	0.05951	0.01454	0.01776	0.01096	0.00684	0.00738	0.00227	0.01002	0.00656	0.00390	0.01078

[dist]
# distance from previous block
# <min> <max>
0	2

[block]
# block no. 1 follows, 28 sequences, length 21
# corresponding to MSA columns:
# 130-150
name=unknown_B
#
# <colnr> <probs for GDERKNQSTAVLIFYWHMCP>
#	G	D	E	R	K	N	Q	S	T	A	V	L	I	F	Y	W	H	M	C	P
0	0.02082	0.35535	0.08581	0.04687	0.11779	0.22208	0.01576	0.02390	0.01673	0.01877	0.01128	0.01356	0.00965	0.00672	0.00584	0.00182	0.00974	0.00470	0.00336	0.00945
1	0.01050	0.00929	0.04938	0.01072	0.01259	0.00781	0.00857	0.01381	0.04603	0.02198	0.18911	0.26647	0.12157	0.08307	0.01142	0.00311	0.00506	0.11618	0.00663	0.00667
2	0.02253	0.12885	0.02370	0.05776	0.05465	0.09701	0.05997	0.16265	0.12309	0.12442	0.01977	0.06020	0.01563	0.00885	0.00703	0.00218	0.00815	0.00724	0.00582	0.01050
3	0.06577	0.10403	0.06653	0.03966	0.07246	0.10678	0.02861	0.22529	0.04309	0.06163	0.03715	0.08296	0.01643	0.00927	0.00695	0.00218	0.00823	0.00737	0.00550	0.01013
4	0.00911	0.00651	0.00873	0.01041	0.01095	0.00613	0.00719	0.01057	0.01417	0.01884	0.03992	0.68070	0.04752	0.02253	0.00935	0.00299	0.00444	0.07722	0.00674	0.00598
5	0.02186	0.05976	0.02055	0.01744	0.06725	0.04020	0.01313	0.28547	0.30321	0.03448	0.02242	0.04528	0.01735	0.00934	0.00722	0.00228	0.00711	0.00751	0.00671	0.01144
6	0.04235	0.12332	0.08372	0.01401	0.01896	0.06516	0.02856	0.08615	0.05165	0.08362	0.01936	0.09991	0.01762	0.05482	0.00905	0.00237	0.02728	0.02781	0.00515	0.13911
7	0.01544	0.10226	0.56400	0.02131	0.07589	0.01809	0.02445	0.02360	0.04730	0.02286	0.01360	0.01574	0.01000	0.00695	0.00674	0.00223	0.01008	0.00544	0.00332	0.01070
8	0.01579	0.09454	0.49223	0.01904	0.02785	0.01700	0.05554	0.02349	0.05390	0.05504	0.01648	0.06779	0.01323	0.00820	0.00701	0.00230	0.00959	0.00675	0.00389	0.01035
9	0.01696	0.01626	0.02749	0.19212	0.52574	0.01726	0.02154	0.02127	0.01586	0.02233	0.01331	0.01820	0.01102	0.00694	0.00800	0.00226	0.04288	0.00647	0.00350	0.01060
10	0.01609	0.09831	0.24281	0.06456	0.03366	0.01837	0.34563	0.02228	0.01609	0.02213	0.01460	0.04513	0.01165	0.00708	0.00762	0.00233	0.01088	0.00747	0.00353	0.00979
11	0.01631	0.01692	0.02417	0.02012	0.02135	0.06020	0.10424	0.01851	0.01265	0.01836	0.01208	0.05764	0.01194	0.01211	0.01997	0.00299	0.55147	0.00738	0.00348	0.00811
12	0.00959	0.00760	0.00844	0.00865	0.01048	0.00693	0.00625	0.01231	0.05014	0.02049	0.12428	0.18417	0.39464	0.09118	0.01154	0.00301	0.00428	0.03306	0.00668	0.00629
13	0.01318	0.01192	0.01446	0.05428	0.01747	0.07362	0.04813	0.01703	0.07235	0.02015	0.03135	0.28695	0.05332	0.05814	0.01138	0.00307	0.05374	0.14651	0.00578	0.00717
14	0.01513	0.03918	0.11127	0.01319	0.01675	0.03308	0.01173	0.09188	0.01799	0.08032	0.05477	0.30087	0.07041	0.01587	0.00834	0.00263	0.00640	0.09569	0.00629	0.00821
15	0.00906	0.00647	0.00867	0.01035	0.01086	0.00608	0.00710	0.01047	0.01412	0.01878	0.03995	0.69309	0.04763	0.02258	0.00933	0.00298	0.00439	0.06536	0.00674	0.00596
16	0.01458	0.03760	0.70688	0.02072	0.03146	0.01688	0.02686	0.02302	0.01535	0.02302	0.01304	0.01535	0.00921	0.00691	0.00691	0.00230	0.01074	0.00537	0.00307	0.01074
17	0.02005	0.05956	0.14744	0.02267	0.05123	0.08885	0.25867	0.05570	0.01833	0.11689	0.01787	0.02366	0.01412	0.00813	0.00772	0.00235	0.01022	0.06177	0.00471	0.01007
18	0.02803	0.01449	0.01835	0.01451	0.01920	0.01485	0.01192	0.19008	0.02252	0.41847	0.02404	0.05836	0.01706	0.01011	0.00952	0.00239	0.09923	0.00768	0.00771	0.01147
19	0.01133	0.00818	0.01123	0.01278	0.01444	0.00807	0.01100	0.01446	0.01656	0.02143	0.04101	0.11856	0.08751	0.02012	0.00990	0.00326	0.00634	0.57051	0.00670	0.00661
20	0.01095	0.00937	0.04316	0.01200	0.01386	0.00830	0.00991	0.01487	0.06218	0.02152	0.07699	0.31710	0.08302	0.01935	0.00925	0.00297	0.00553	0.26609	0.00667	0.00690

[dist]
# distance from previous block
# <min> <max>
0	1

[block]
# block no. 2 follows, 28 sequences, length 12
# corresponding to MSA columns:
# 153-164
name=unknown_C
#
# <colnr> <probs for GDERKNQSTAVLIFYWHMCP>
#	G	D	E	R	K	N	Q	S	T	A	V	L	I	F	Y	W	H	M	C	P
0	0.18322	0.04698	0.06034	0.01535	0.02055	0.01560	0.10385	0.05321	0.15167	0.16899	0.04984	0.06263	0.01850	0.00908	0.00694	0.00233	0.00701	0.00769	0.00615	0.01006
1	0.04866	0.06300	0.08884	0.02316	0.02964	0.01857	0.35148	0.07435	0.04576	0.02490	0.01435	0.01786	0.01108	0.00707	0.00887	0.00228	0.07114	0.00706	0.00409	0.08786
2	0.01709	0.06182	0.48492	0.01857	0.02763	0.01736	0.02195	0.08763	0.07410	0.05262	0.01536	0.01675	0.01106	0.00729	0.00681	0.00220	0.00943	0.00568	0.00415	0.05758
3	0.01452	0.01138	0.01163	0.01090	0.01384	0.05206	0.00838	0.02122	0.17898	0.08136	0.11765	0.08947	0.27800	0.01451	0.00806	0.00243	0.00508	0.03917	0.03315	0.00821
4	0.02082	0.01604	0.01785	0.01445	0.01930	0.05951	0.03345	0.22953	0.07133	0.08807	0.05143	0.02856	0.01957	0.03579	0.00831	0.00227	0.00716	0.08410	0.00627	0.18619
5	0.01082	0.00777	0.00859	0.00816	0.01072	0.00664	0.00620	0.01306	0.01772	0.07520	0.19704	0.06322	0.51498	0.01695	0.00849	0.00240	0.00383	0.01426	0.00718	0.00677
6	0.01507	0.01292	0.01507	0.01077	0.01723	0.00969	0.00861	0.01830	0.01507	0.02369	0.01292	0.01507	0.01077	0.00538	0.00538	0.00108	0.00538	0.00431	0.00431	0.78898
7	0.01004	0.00742	0.00938	0.00889	0.01071	0.00675	0.00667	0.01324	0.02000	0.02777	0.60551	0.05656	0.15929	0.01537	0.00858	0.00231	0.00347	0.01346	0.00782	0.00675
8	0.01075	0.00832	0.01238	0.01217	0.01338	0.00995	0.00953	0.01328	0.01165	0.01692	0.01882	0.02772	0.01760	0.05177	0.67018	0.01112	0.06633	0.00769	0.00385	0.00659
9	0.01057	0.00705	0.00793	0.00793	0.00793	0.00705	0.00440	0.01057	0.01057	0.01409	0.02290	0.04757	0.02643	0.74454	0.03700	0.00705	0.00705	0.01057	0.00440	0.00440
10	0.02673	0.01506	0.01780	0.01410	0.01919	0.01536	0.01148	0.25831	0.10768	0.31875	0.09478	0.02557	0.02184	0.00962	0.00744	0.00226	0.00648	0.00777	0.00809	0.01168
11	0.01584	0.01476	0.02155	0.08770	0.13238	0.03340	0.10018	0.04168	0.04499	0.02361	0.04479	0.05536	0.03626	0.00844	0.00762	0.00199	0.03178	0.02666	0.00458	0.26642

[dist]
# distance from previous block
# <min> <max>
0	1

[block]
# block no. 3 follows, 28 sequences, length 18
# corresponding to MSA columns:
# 166-183
name=unknown_D
#
# <colnr> <probs for GDERKNQSTAVLIFYWHMCP>
#	G	D	E	R	K	N	Q	S	T	A	V	L	I	F	Y	W	H	M	C	P
0	0.02286	0.11669	0.02271	0.01759	0.04621	0.21980	0.01371	0.17956	0.16818	0.02721	0.01650	0.01746	0.01297	0.00860	0.00834	0.00217	0.07799	0.00602	0.00523	0.01021
1	0.04579	0.01624	0.07730	0.04017	0.06632	0.01290	0.01214	0.08354	0.04419	0.02620	0.01399	0.01605	0.01115	0.00621	0.00594	0.00151	0.00650	0.00499	0.00453	0.50433
2	0.01620	0.15592	0.41968	0.02380	0.12481	0.01917	0.09679	0.02273	0.01562	0.02213	0.01281	0.01557	0.00976	0.00664	0.00675	0.00217	0.01010	0.00563	0.00322	0.01050
3	0.00929	0.00673	0.00869	0.00985	0.01067	0.00627	0.00685	0.01095	0.01499	0.01995	0.12416	0.51412	0.10571	0.06075	0.01070	0.00308	0.00439	0.06007	0.00677	0.00601
4	0.01757	0.19021	0.25760	0.02203	0.02974	0.07478	0.24182	0.02314	0.01612	0.02121	0.01271	0.01581	0.00988	0.00670	0.00744	0.00218	0.03178	0.00610	0.00334	0.00984
5	0.05079	0.06249	0.08282	0.06431	0.10478	0.13311	0.04293	0.08670	0.13451	0.02514	0.03709	0.06409	0.06154	0.00945	0.00716	0.00225	0.00835	0.00779	0.00507	0.00965
6	0.00895	0.00745	0.00787	0.00796	0.01030	0.00636	0.00610	0.01102	0.01687	0.02048	0.11540	0.06976	0.60089	0.01828	0.00870	0.00251	0.00390	0.06414	0.00684	0.00623
7	0.00914	0.00701	0.00842	0.00919	0.01064	0.00629	0.00667	0.01103	0.01593	0.02044	0.12800	0.34930	0.30286	0.01996	0.00899	0.00271	0.00411	0.06627	0.00689	0.00616
8	0.02040	0.24527	0.14899	0.06811	0.05239	0.17527	0.01613	0.02629	0.10036	0.06010	0.01474	0.01615	0.01154	0.00733	0.00627	0.00200	0.00932	0.00536	0.00415	0.00983
9	0.01858	0.54457	0.20062	0.01473	0.02195	0.05536	0.01603	0.02238	0.01516	0.01858	0.01087	0.01262	0.00930	0.00644	0.00529	0.00175	0.00873	0.00428	0.00313	0.00963
10	0.00910	0.00718	0.00821	0.00839	0.01024	0.00629	0.00612	0.01126	0.01713	0.02199	0.23467	0.19790	0.39910	0.01831	0.00872	0.00251	0.00372	0.01580	0.00709	0.00629
11	0.02185	0.06161	0.13430	0.01779	0.02401	0.05412	0.07037	0.26363	0.19591	0.05334	0.01928	0.01948	0.01414	0.00832	0.00718	0.00225	0.00841	0.00674	0.00597	0.01131
12	0.04325	0.03916	0.06231	0.14223	0.07263	0.10535	0.12228	0.15652	0.01934	0.02563	0.01359	0.01734	0.01069	0.00951	0.03173	0.00265	0.10549	0.00643	0.00427	0.00961
13	0.16162	0.01991	0.01765	0.06971	0.02167	0.16261	0.01235	0.20332	0.16210	0.03088	0.02008	0.02055	0.04966	0.00876	0.00672	0.00222	0.00806	0.00651	0.00573	0.00989
14	0.01606	0.01437	0.06527	0.01384	0.01771	0.01321	0.06119	0.09328	0.17606	0.04968	0.07613	0.07447	0.02447	0.18732	0.01461	0.00341	0.00687	0.00921	0.00586	0.07697
15	0.01640	0.06914	0.01603	0.01384	0.06759	0.01296	0.00995	0.11427	0.08447	0.07918	0.11837	0.10299	0.16583	0.04402	0.00888	0.00246	0.00566	0.01059	0.00646	0.05091
16	0.07642	0.06556	0.01956	0.04636	0.07957	0.04409	0.01277	0.13351	0.28436	0.09160	0.05514	0.02294	0.01873	0.00889	0.00698	0.00226	0.00685	0.00716	0.00642	0.01083
17	0.02213	0.33786	0.08063	0.01518	0.02097	0.15097	0.01388	0.12667	0.09465	0.05155	0.01462	0.01538	0.01159	0.00742	0.00600	0.00190	0.00872	0.00518	0.00459	0.01011

[dist]
# distance from previous block
# <min> <max>
0	10

[block]
# block no. 4 follows, 28 sequences, length 24
# corresponding to MSA columns:
# 194-217
name=unknown_E
#
# <colnr> <probs for GDERKNQSTAVLIFYWHMCP>
#	G	D	E	R	K	N	Q	S	T	A	V	L	I	F	Y	W	H	M	C	P
0	0.08346	0.01695	0.04438	0.13667	0.25766	0.03375	0.12272	0.07156	0.04438	0.02510	0.01664	0.05200	0.01430	0.00828	0.00742	0.00236	0.00884	0.03932	0.00434	0.00989
1	0.05208	0.05121	0.02344	0.09982	0.15740	0.13879	0.04322	0.17401	0.02158	0.14421	0.01637	0.01791	0.01200	0.00767	0.00698	0.00215	0.00897	0.00621	0.00536	0.01064
2	0.23261	0.03930	0.11050	0.02083	0.13572	0.08194	0.09014	0.04009	0.03743	0.02584	0.01497	0.01733	0.03411	0.00729	0.00673	0.00215	0.02408	0.00584	0.00416	0.06893
3	0.02443	0.01877	0.02001	0.01608	0.02132	0.02105	0.01304	0.46168	0.25267	0.04065	0.02152	0.02069	0.01566	0.00911	0.00731	0.00228	0.00725	0.00711	0.00731	0.01207
4	0.03146	0.01403	0.05184	0.01351	0.01940	0.01157	0.01165	0.06593	0.02118	0.63789	0.02734	0.02391	0.01728	0.00888	0.00729	0.00225	0.00650	0.00718	0.00861	0.01229
5	0.01689	0.00858	0.01119	0.01070	0.01313	0.00768	0.00796	0.01875	0.01645	0.24525	0.03952	0.35082	0.11931	0.05978	0.01019	0.00291	0.00507	0.04046	0.00735	0.00802
6	0.01973	0.06159	0.29929	0.01858	0.02608	0.04785	0.07917	0.17416	0.04243	0.07904	0.06729	0.01997	0.01568	0.00810	0.00719	0.00223	0.00916	0.00666	0.00508	0.01071
7	0.02430	0.02263	0.23210	0.01842	0.02578	0.04970	0.11515	0.05649	0.01914	0.33160	0.02045	0.02021	0.01359	0.00784	0.00734	0.00227	0.00891	0.00674	0.00605	0.01129
8	0.00951	0.00723	0.00889	0.00988	0.01138	0.00662	0.00750	0.01157	0.01582	0.02016	0.07993	0.31394	0.27866	0.02023	0.00918	0.00284	0.00458	0.16906	0.00679	0.00622
9	0.01026	0.00718	0.00880	0.00914	0.00986	0.00699	0.00618	0.01159	0.01385	0.01860	0.14645	0.16100	0.07630	0.36627	0.04534	0.00509	0.00615	0.07973	0.00575	0.00547
10	0.08296	0.02537	0.01927	0.01947	0.09907	0.40105	0.01342	0.09267	0.02040	0.02347	0.06504	0.07205	0.01714	0.00915	0.00690	0.00208	0.01008	0.00687	0.00470	0.00885
11	0.02441	0.01841	0.02182	0.01961	0.10075	0.02001	0.03387	0.43059	0.12564	0.07119	0.01945	0.02044	0.01445	0.03526	0.00840	0.00241	0.00775	0.00703	0.00673	0.01177
12	0.00934	0.00739	0.00840	0.00815	0.01028	0.00646	0.00611	0.01188	0.01834	0.02384	0.34805	0.06304	0.41921	0.01684	0.00858	0.00238	0.00357	0.01437	0.00730	0.00646
13	0.02806	0.02070	0.02127	0.01653	0.02217	0.07385	0.01354	0.56697	0.03191	0.10457	0.01802	0.01780	0.01266	0.00866	0.00722	0.00216	0.00822	0.00647	0.00716	0.01207
14	0.03107	0.01350	0.01921	0.01456	0.02033	0.01213	0.06142	0.08077	0.02149	0.60464	0.02680	0.02382	0.01705	0.00876	0.00740	0.00226	0.00678	0.00735	0.00847	0.01217
15	0.02726	0.03145	0.02087	0.01828	0.02249	0.56044	0.01399	0.17346	0.02364	0.02406	0.01263	0.01408	0.01003	0.00777	0.00671	0.00194	0.01197	0.00510	0.00453	0.00931
16	0.62128	0.01493	0.01320	0.06390	0.01802	0.01724	0.00969	0.12032	0.01584	0.03357	0.01144	0.01323	0.00869	0.00709	0.00512	0.00225	0.00629	0.00452	0.00483	0.00857
17	0.01040	0.00773	0.01140	0.01140	0.01259	0.00893	0.00873	0.01280	0.01160	0.01666	0.01973	0.03001	0.01880	0.10716	0.66395	0.01133	0.01852	0.00800	0.00393	0.00633
18	0.01697	0.01905	0.03980	0.02891	0.03516	0.01896	0.57436	0.02242	0.01625	0.02242	0.01393	0.01905	0.01081	0.00712	0.01087	0.00256	0.11999	0.00825	0.00360	0.00953
19	0.01018	0.00753	0.00876	0.00838	0.01048	0.00664	0.00625	0.01270	0.01829	0.04426	0.35732	0.06042	0.35753	0.04740	0.00975	0.00257	0.00378	0.01388	0.00730	0.00658
20	0.01192	0.01006	0.01074	0.01006	0.01220	0.06020	0.00758	0.01632	0.07041	0.02721	0.51612	0.05115	0.13954	0.01438	0.00834	0.00229	0.00436	0.01242	0.00748	0.00724
21	0.01004	0.00742	0.00937	0.00888	0.01071	0.00675	0.00666	0.01323	0.01998	0.02775	0.60363	0.05661	0.16119	0.01538	0.00858	0.00231	0.00347	0.01347	0.00782	0.00675
22	0.13371	0.07416	0.02008	0.01473	0.02006	0.08270	0.01213	0.31687	0.07524	0.13341	0.01774	0.01756	0.01275	0.00818	0.00659	0.00212	0.00761	0.00599	0.00643	0.03194
23	0.37642	0.01448	0.01429	0.01182	0.01672	0.01552	0.00965	0.12527	0.08168	0.17588	0.01982	0.01946	0.04124	0.00826	0.00600	0.00222	0.00603	0.00595	0.00624	0.04304

[dist]
# distance from previous block
# <min> <max>
3	4

[block]
# block no. 5 follows, 28 sequences, length 18
# corresponding to MSA columns:
# 222-239
name=unknown_F
#
# <colnr> <probs for GDERKNQSTAVLIFYWHMCP>
#	G	D	E	R	K	N	Q	S	T	A	V	L	I	F	Y	W	H	M	C	P
0	0.02165	0.01280	0.01701	0.01341	0.01804	0.03678	0.05903	0.02468	0.01845	0.30284	0.12612	0.05744	0.05411	0.01007	0.00812	0.00211	0.04074	0.00846	0.00688	0.16125
1	0.01975	0.02055	0.02477	0.15565	0.35521	0.18478	0.01884	0.06530	0.01832	0.02270	0.01520	0.01876	0.03353	0.00740	0.00711	0.00215	0.00969	0.00634	0.00391	0.01004
2	0.01881	0.01532	0.02164	0.02629	0.28906	0.03599	0.03485	0.05563	0.14242	0.09796	0.05177	0.08532	0.02089	0.00972	0.00755	0.00230	0.00725	0.03251	0.00566	0.03904
3	0.02069	0.43754	0.09750	0.01633	0.02261	0.14998	0.07586	0.06581	0.01736	0.02023	0.01149	0.01339	0.00968	0.00667	0.00575	0.00181	0.00945	0.00478	0.00354	0.00954
4	0.04854	0.01504	0.01678	0.01346	0.01794	0.01583	0.01090	0.36479	0.02720	0.11516	0.19264	0.03117	0.07678	0.01093	0.00760	0.00224	0.00625	0.00884	0.00752	0.01038
5	0.01876	0.01716	0.02730	0.10848	0.52501	0.01784	0.02064	0.10362	0.04317	0.02622	0.01465	0.01840	0.01183	0.00696	0.00722	0.00220	0.00856	0.00655	0.00416	0.01127
6	0.00995	0.00798	0.00915	0.00857	0.01112	0.00679	0.00643	0.01243	0.01747	0.02311	0.26386	0.11028	0.35987	0.01601	0.00825	0.00227	0.00385	0.01370	0.00685	0.10206
7	0.02167	0.01226	0.01524	0.01177	0.01712	0.01045	0.00946	0.02623	0.07509	0.29365	0.10399	0.02471	0.02166	0.00835	0.00671	0.00181	0.00549	0.00691	0.00687	0.32056
8	0.01583	0.01375	0.01332	0.01209	0.01553	0.07117	0.00933	0.05198	0.29328	0.05073	0.09471	0.04258	0.26021	0.01297	0.00783	0.00238	0.00557	0.01070	0.00697	0.00907
9	0.00890	0.00710	0.00798	0.00835	0.01016	0.00618	0.00604	0.01082	0.01644	0.02072	0.15398	0.24479	0.43482	0.01905	0.00877	0.00256	0.00379	0.01643	0.00693	0.00618
10	0.01676	0.01844	0.03638	0.02699	0.03202	0.01961	0.46531	0.02146	0.01525	0.02146	0.01307	0.01844	0.01056	0.00821	0.01340	0.00268	0.23935	0.00788	0.00352	0.00922
11	0.79588	0.01406	0.01068	0.00956	0.01406	0.01631	0.00787	0.02137	0.01237	0.03261	0.01012	0.01181	0.00787	0.00675	0.00450	0.00225	0.00562	0.00394	0.00450	0.00787
12	0.01626	0.02517	0.29870	0.06299	0.32747	0.01747	0.05224	0.02213	0.01563	0.02277	0.01314	0.01692	0.01035	0.00711	0.00832	0.00231	0.06083	0.00612	0.00335	0.01073
13	0.01032	0.00742	0.00947	0.01063	0.01148	0.00720	0.00730	0.06181	0.01549	0.02068	0.03831	0.68363	0.04530	0.02168	0.00912	0.00289	0.00451	0.01957	0.00679	0.00641
14	0.01969	0.01286	0.01472	0.01248	0.01608	0.01336	0.00968	0.18967	0.13663	0.14546	0.12854	0.07599	0.07402	0.10371	0.01143	0.00293	0.00598	0.00989	0.00727	0.00959
15	0.48641	0.01357	0.01255	0.01018	0.01540	0.01374	0.00830	0.02126	0.01382	0.07331	0.01226	0.01374	0.00949	0.00644	0.00498	0.00186	0.00558	0.00428	0.00473	0.26810
16	0.01777	0.01526	0.01594	0.10101	0.02088	0.12262	0.01176	0.04392	0.18475	0.08157	0.02151	0.04687	0.01799	0.06471	0.19542	0.00505	0.01112	0.00773	0.00534	0.00880
17	0.29322	0.01627	0.02065	0.05121	0.12814	0.01750	0.08486	0.14769	0.06229	0.08891	0.01553	0.01713	0.01151	0.00743	0.00644	0.00227	0.00751	0.00601	0.00531	0.01013

[dist]
# distance from previous block
# <min> <max>
0	13

[block]
# block no. 6 follows, 28 sequences, length 26
# corresponding to MSA columns:
# 253-278
name=unknown_G
#
# <colnr> <probs for GDERKNQSTAVLIFYWHMCP>
#	G	D	E	R	K	N	Q	S	T	A	V	L	I	F	Y	W	H	M	C	P
0	0.18602	0.12542	0.15785	0.01757	0.06317	0.05117	0.04451	0.18349	0.01994	0.06649	0.01397	0.01535	0.01042	0.00730	0.00627	0.00213	0.00836	0.00543	0.00482	0.01032
1	0.05450	0.04406	0.02860	0.03725	0.50924	0.06007	0.05930	0.07553	0.01801	0.02532	0.01361	0.01725	0.01118	0.00670	0.00704	0.00214	0.00890	0.00630	0.00393	0.01105
2	0.01138	0.00750	0.00958	0.01039	0.01166	0.00708	0.00727	0.01408	0.05537	0.07534	0.07202	0.55896	0.09110	0.02020	0.00892	0.00280	0.00439	0.01810	0.00703	0.00683
3	0.01537	0.01386	0.01900	0.01357	0.02015	0.01092	0.10228	0.01901	0.01537	0.02363	0.01317	0.01571	0.01080	0.00549	0.00583	0.00127	0.00635	0.00491	0.00422	0.67909
4	0.01505	0.01228	0.01368	0.01285	0.01577	0.01355	0.00972	0.05796	0.38597	0.02806	0.13721	0.20436	0.03538	0.01374	0.00804	0.00254	0.00512	0.01195	0.00733	0.00945
5	0.00879	0.00731	0.00769	0.00773	0.00998	0.00620	0.00575	0.01077	0.01684	0.02061	0.13958	0.11044	0.58671	0.01830	0.00863	0.00247	0.00369	0.01544	0.00689	0.00620
6	0.01710	0.00893	0.01147	0.01011	0.01313	0.00788	0.00783	0.01982	0.01926	0.24636	0.29621	0.10917	0.17458	0.01436	0.00823	0.00237	0.00445	0.01235	0.00797	0.00843
7	0.00904	0.00724	0.00808	0.00817	0.01017	0.00628	0.00602	0.01119	0.01719	0.02182	0.22115	0.15719	0.45460	0.01813	0.00868	0.00248	0.00369	0.01553	0.00706	0.00628
8	0.01978	0.01244	0.01473	0.01254	0.01634	0.01280	0.00990	0.10164	0.21488	0.19028	0.26820	0.03526	0.03682	0.01133	0.00779	0.00232	0.00527	0.00959	0.00798	0.01013
9	0.06428	0.01335	0.01646	0.01329	0.01844	0.01301	0.01078	0.03566	0.20602	0.48480	0.02806	0.02480	0.01869	0.00913	0.00720	0.00231	0.00604	0.00741	0.00834	0.01192
10	0.01690	0.01788	0.02312	0.01946	0.02097	0.11398	0.08993	0.01917	0.01317	0.01812	0.01156	0.01748	0.01073	0.01632	0.10345	0.00395	0.46582	0.00656	0.00340	0.00805
11	0.00970	0.00713	0.01022	0.01098	0.01188	0.00766	0.00804	0.01170	0.01269	0.01763	0.02873	0.34823	0.03161	0.04025	0.39820	0.00776	0.01261	0.01358	0.00518	0.00623
12	0.02009	0.51191	0.03419	0.01977	0.15789	0.11083	0.01465	0.02277	0.01585	0.01854	0.01097	0.01313	0.00978	0.00643	0.00541	0.00172	0.00861	0.00451	0.00329	0.00966
13	0.02329	0.01744	0.01894	0.01517	0.02047	0.01886	0.01226	0.34820	0.24966	0.07768	0.02167	0.02086	0.01581	0.00874	0.00710	0.00215	0.00684	0.00690	0.00708	0.10087
14	0.01645	0.01100	0.01153	0.01036	0.01207	0.05198	0.00701	0.07092	0.05080	0.11432	0.02292	0.03875	0.02285	0.49782	0.02700	0.00542	0.00730	0.00931	0.00540	0.00679
15	0.60666	0.01458	0.01280	0.01084	0.01564	0.01632	0.00894	0.10024	0.01603	0.12097	0.01338	0.01415	0.00971	0.00727	0.00519	0.00224	0.00598	0.00468	0.00541	0.00898
16	0.00994	0.00717	0.00884	0.00910	0.01068	0.00644	0.00657	0.01220	0.01725	0.04093	0.28958	0.29060	0.22729	0.01834	0.00878	0.00256	0.00384	0.01613	0.00727	0.00649
17	0.01938	0.01058	0.01339	0.01160	0.01514	0.01031	0.00918	0.02498	0.12533	0.26960	0.15220	0.03706	0.11806	0.01905	0.12623	0.00390	0.00751	0.00965	0.00741	0.00943
18	0.02071	0.02287	0.01765	0.01462	0.01970	0.32744	0.01125	0.02452	0.06361	0.02150	0.01331	0.01502	0.01092	0.00664	0.00605	0.00153	0.00888	0.00474	0.00427	0.38478
19	0.11555	0.11452	0.39040	0.01770	0.02569	0.11690	0.01988	0.05405	0.03989	0.02411	0.01286	0.01467	0.00967	0.00708	0.00633	0.00215	0.00979	0.00508	0.00369	0.01000
20	0.01229	0.01062	0.04575	0.04463	0.01575	0.00979	0.00974	0.08840	0.01607	0.02198	0.02999	0.35151	0.06073	0.02490	0.15865	0.00450	0.00853	0.01342	0.00567	0.06711
21	0.02186	0.01569	0.01877	0.01439	0.01999	0.01529	0.04143	0.27964	0.04773	0.11376	0.01936	0.07334	0.01555	0.00866	0.00688	0.00191	0.00675	0.00714	0.00631	0.26556
22	0.01333	0.01082	0.01469	0.01351	0.04173	0.01059	0.06192	0.04703	0.08645	0.02156	0.05352	0.16050	0.02632	0.21640	0.06825	0.00425	0.00743	0.01061	0.00530	0.12580
23	0.45037	0.02331	0.01514	0.01368	0.01784	0.33051	0.01065	0.02481	0.01607	0.02595	0.01062	0.01239	0.00854	0.00708	0.00542	0.00208	0.00899	0.00427	0.00416	0.00812
24	0.08343	0.01123	0.01444	0.01161	0.01598	0.01017	0.00925	0.02865	0.01898	0.48562	0.11568	0.03034	0.02497	0.09371	0.01067	0.00280	0.00587	0.00821	0.00801	0.01039
25	0.01948	0.66530	0.08314	0.01331	0.01972	0.06139	0.01351	0.02221	0.01509	0.01754	0.01036	0.01198	0.00932	0.00633	0.00491	0.00162	0.00824	0.00403	0.00314	0.00938

[dist]
# distance from previous block
# <min> <max>
0	5

[block]
# block no. 7 follows, 28 sequences, length 16
# corresponding to MSA columns:
# 284-299
name=unknown_H
#
# <colnr> <probs for GDERKNQSTAVLIFYWHMCP>
#	G	D	E	R	K	N	Q	S	T	A	V	L	I	F	Y	W	H	M	C	P
0	0.02021	0.01023	0.01332	0.01119	0.01468	0.00942	0.00884	0.06838	0.02139	0.29469	0.36378	0.06386	0.04410	0.01241	0.00801	0.00229	0.00486	0.01066	0.00830	0.00937
1	0.02529	0.01223	0.01554	0.01255	0.01710	0.01159	0.01013	0.08626	0.09262	0.41355	0.18751	0.03144	0.03007	0.01047	0.00762	0.00228	0.00564	0.00874	0.00844	0.01096
2	0.01458	0.00863	0.01112	0.01067	0.01328	0.00785	0.00866	0.01751	0.01864	0.15417	0.24279	0.05997	0.19249	0.01601	0.00875	0.00262	0.00493	0.19209	0.00754	0.00771
3	0.00893	0.00639	0.00850	0.01007	0.01056	0.00596	0.00675	0.01032	0.01428	0.01914	0.07591	0.70230	0.04920	0.02234	0.00924	0.00292	0.00417	0.02025	0.00682	0.00596
4	0.00929	0.00664	0.00893	0.01062	0.01123	0.00628	0.00750	0.01087	0.01435	0.01904	0.03982	0.63948	0.04712	0.02236	0.00939	0.00301	0.00459	0.11668	0.00674	0.00602
5	0.01832	0.02740	0.39882	0.01771	0.02569	0.01634	0.01986	0.09568	0.12763	0.10473	0.06106	0.02102	0.01641	0.00832	0.00718	0.00231	0.00866	0.00667	0.00521	0.01098
6	0.00902	0.00654	0.00856	0.01010	0.01077	0.00608	0.00697	0.01047	0.01432	0.01885	0.04275	0.64173	0.10156	0.02224	0.00927	0.00294	0.00433	0.06078	0.00674	0.00597
7	0.02555	0.01089	0.01447	0.01179	0.01629	0.00950	0.00963	0.02834	0.01998	0.49270	0.11442	0.03769	0.11282	0.01161	0.00780	0.00235	0.00557	0.04962	0.00844	0.01055
8	0.01517	0.18017	0.18076	0.40990	0.03895	0.01909	0.02000	0.02028	0.01477	0.01926	0.01233	0.01677	0.00950	0.00696	0.00661	0.00220	0.00951	0.00565	0.00317	0.00896
9	0.00934	0.00693	0.00879	0.00990	0.01104	0.00638	0.00718	0.01122	0.01553	0.02031	0.11527	0.44320	0.18141	0.02069	0.00917	0.00283	0.00436	0.10342	0.00687	0.00616
10	0.01063	0.00711	0.00812	0.00820	0.00828	0.00711	0.00477	0.01080	0.01088	0.01448	0.02368	0.04929	0.02720	0.70834	0.03565	0.00686	0.00703	0.04253	0.00452	0.00452
11	0.02763	0.02036	0.02182	0.01672	0.02254	0.02254	0.01382	0.67496	0.03418	0.04581	0.01745	0.01745	0.01236	0.00873	0.00727	0.00218	0.00800	0.00654	0.00727	0.01236
12	0.04265	0.01588	0.02389	0.14185	0.32769	0.03368	0.03861	0.07161	0.03792	0.08210	0.05503	0.02220	0.03480	0.00812	0.00783	0.00227	0.03162	0.00717	0.00474	0.01033
13	0.00884	0.00638	0.00838	0.00997	0.01050	0.00592	0.00668	0.01014	0.01406	0.01862	0.04190	0.70315	0.08353	0.02253	0.00924	0.00292	0.00419	0.02037	0.00675	0.00592
14	0.01226	0.01055	0.01528	0.01420	0.01506	0.01357	0.01141	0.01452	0.01150	0.01709	0.01609	0.02425	0.01524	0.04030	0.48037	0.00879	0.26160	0.00730	0.00365	0.00699
15	0.02609	0.02078	0.01978	0.01611	0.02106	0.15056	0.01293	0.36642	0.09531	0.11909	0.01905	0.01923	0.01387	0.01153	0.05187	0.00276	0.00923	0.00654	0.00662	0.01116

[dist]
# distance from previous block
# <min> <max>
0	3

[block]
# block no. 8 follows, 28 sequences, length 15
# corresponding to MSA columns:
# 303-317
name=unknown_I
#
# <colnr> <probs for GDERKNQSTAVLIFYWHMCP>
#	G	D	E	R	K	N	Q	S	T	A	V	L	I	F	Y	W	H	M	C	P
0	0.07586	0.05943	0.01929	0.01467	0.01962	0.01894	0.01209	0.33357	0.16562	0.09676	0.05810	0.02458	0.01896	0.00960	0.00717	0.00228	0.00688	0.03845	0.00703	0.01112
1	0.01632	0.01329	0.01892	0.31808	0.03097	0.01583	0.01521	0.09479	0.01717	0.07444	0.04878	0.02772	0.11478	0.01057	0.01074	0.00253	0.14840	0.00809	0.00483	0.00854
2	0.27263	0.01319	0.01398	0.01078	0.01645	0.01203	0.00876	0.02253	0.01528	0.15509	0.01498	0.01584	0.01119	0.00651	0.00546	0.00168	0.00561	0.00475	0.00525	0.38800
3	0.10635	0.01623	0.02599	0.12971	0.34603	0.01722	0.08379	0.04744	0.01645	0.07044	0.01415	0.01794	0.01113	0.00727	0.00820	0.00231	0.05847	0.00645	0.00413	0.01030
4	0.01166	0.00939	0.01366	0.01233	0.01473	0.00990	0.03155	0.01448	0.01280	0.01881	0.04356	0.02634	0.01821	0.04099	0.51159	0.00879	0.04182	0.00734	0.00409	0.14796
5	0.02150	0.02351	0.02091	0.28683	0.03270	0.32483	0.01618	0.09864	0.06486	0.02210	0.01382	0.01693	0.01069	0.00771	0.00696	0.00216	0.01074	0.00581	0.00420	0.00895
6	0.00892	0.00670	0.00831	0.00956	0.01057	0.00608	0.00667	0.01044	0.01475	0.01899	0.04877	0.53293	0.21729	0.02150	0.00914	0.00284	0.00420	0.04960	0.00675	0.00600
7	0.03977	0.00777	0.00993	0.04451	0.01297	0.00748	0.00767	0.01320	0.01789	0.02502	0.38889	0.19816	0.12815	0.01656	0.00859	0.00251	0.00421	0.05290	0.00715	0.00667
8	0.01057	0.00705	0.00793	0.00793	0.00793	0.00705	0.00440	0.01057	0.01057	0.01409	0.02290	0.04757	0.02643	0.74454	0.03700	0.00705	0.00705	0.01057	0.00440	0.00440
9	0.00929	0.00688	0.00868	0.00931	0.01052	0.00627	0.00657	0.01138	0.01662	0.02230	0.26593	0.39130	0.16955	0.01935	0.00892	0.00264	0.00386	0.01720	0.00717	0.00627
10	0.01046	0.00690	0.00905	0.01000	0.01103	0.00633	0.00693	0.01215	0.01539	0.06119	0.13097	0.56477	0.08618	0.02061	0.00902	0.00279	0.00420	0.01853	0.00705	0.00644
11	0.02204	0.10300	0.02110	0.01529	0.02032	0.02110	0.01253	0.28962	0.34866	0.03498	0.02249	0.02147	0.01678	0.00899	0.00703	0.00225	0.00688	0.00705	0.00685	0.01159
12	0.36132	0.08579	0.21870	0.01437	0.02108	0.01868	0.01489	0.13990	0.01739	0.03085	0.01230	0.01385	0.00920	0.00711	0.00572	0.00219	0.00774	0.00482	0.00446	0.00965
13	0.12521	0.01463	0.01660	0.01332	0.01824	0.01512	0.01085	0.21837	0.08753	0.27795	0.10459	0.02479	0.02163	0.00943	0.00710	0.00225	0.00627	0.00745	0.00764	0.01103
14	0.73873	0.01559	0.01142	0.01024	0.01468	0.06828	0.00833	0.02194	0.01298	0.03151	0.01020	0.01191	0.00798	0.00680	0.00465	0.00222	0.00618	0.00399	0.00444	0.00791

[dist]
# distance from previous block
# <min> <max>
0	1

[block]
# block no. 9 follows, 28 sequences, length 14
# corresponding to MSA columns:
# 319-332
name=unknown_J
#
# <colnr> <probs for GDERKNQSTAVLIFYWHMCP>
#	G	D	E	R	K	N	Q	S	T	A	V	L	I	F	Y	W	H	M	C	P
0	0.01587	0.01348	0.01989	0.02641	0.32015	0.01360	0.01474	0.11976	0.01842	0.02521	0.02665	0.26562	0.06331	0.01304	0.00799	0.00245	0.00675	0.01181	0.00542	0.00944
1	0.00900	0.00654	0.00843	0.00987	0.01054	0.00607	0.00672	0.01036	0.01418	0.01862	0.04288	0.61744	0.11518	0.04996	0.01030	0.00307	0.00436	0.04392	0.00666	0.00590
2	0.02715	0.03464	0.02060	0.01873	0.02247	0.71536	0.01404	0.02903	0.02060	0.01779	0.01124	0.01311	0.00936	0.00749	0.00655	0.00187	0.01311	0.00468	0.00375	0.00843
3	0.01045	0.00752	0.01034	0.01034	0.01118	0.00836	0.00742	0.01212	0.01129	0.01588	0.02069	0.03533	0.02111	0.30043	0.47384	0.01003	0.01504	0.00878	0.00408	0.00575
4	0.01607	0.01748	0.03650	0.02657	0.03244	0.01678	0.53904	0.02104	0.01586	0.02159	0.01576	0.02383	0.01338	0.12212	0.01371	0.00320	0.04320	0.00879	0.00377	0.00888
5	0.67599	0.01427	0.01195	0.01032	0.01500	0.01614	0.00850	0.06205	0.01450	0.09823	0.01235	0.01340	0.00912	0.00708	0.00494	0.00225	0.00582	0.00442	0.00510	0.00858
6	0.02237	0.01607	0.01783	0.01473	0.01932	0.01741	0.01206	0.37315	0.13147	0.08227	0.07136	0.03243	0.06070	0.01121	0.00778	0.00239	0.00682	0.08243	0.00736	0.01084
7	0.01799	0.01727	0.02950	0.04462	0.69919	0.01727	0.02231	0.02231	0.01655	0.02375	0.01367	0.01799	0.01151	0.00648	0.00720	0.00216	0.00864	0.00648	0.00360	0.01151
8	0.01827	0.01797	0.02867	0.07579	0.63300	0.05359	0.02178	0.02248	0.01667	0.02319	0.01351	0.01780	0.01132	0.00657	0.00717	0.00216	0.00892	0.00638	0.00359	0.01119
9	0.01263	0.00631	0.00947	0.00947	0.00947	0.00631	0.00631	0.00947	0.00947	0.01263	0.01263	0.02210	0.01263	0.02525	0.02841	0.78851	0.00631	0.00631	0.00316	0.00316
10	0.00886	0.00633	0.00843	0.01012	0.01054	0.00590	0.00675	0.01012	0.01392	0.01856	0.04006	0.73979	0.04808	0.02277	0.00928	0.00295	0.00422	0.02066	0.00675	0.00590
11	0.01600	0.24529	0.51160	0.01830	0.02772	0.02035	0.02265	0.02265	0.01518	0.02129	0.01219	0.01427	0.00924	0.00671	0.00625	0.00208	0.00988	0.00494	0.00308	0.01033
12	0.01874	0.31326	0.22219	0.01584	0.02254	0.10195	0.01652	0.07128	0.04561	0.02229	0.04405	0.01896	0.01413	0.00790	0.00624	0.00200	0.00893	0.03383	0.00403	0.00972
13	0.02044	0.08886	0.03561	0.02536	0.03150	0.23383	0.41152	0.02492	0.01800	0.02105	0.01323	0.01690	0.01037	0.00656	0.00761	0.00219	0.01212	0.00696	0.00365	0.00934

[dist]
# distance from previous block
# <min> <max>
3	26

[block]
# block no. 10 follows, 28 sequences, length 13
# corresponding to MSA columns:
# 365-377
name=unknown_K
#
# <colnr> <probs for GDERKNQSTAVLIFYWHMCP>
#	G	D	E	R	K	N	Q	S	T	A	V	L	I	F	Y	W	H	M	C	P
0	0.02118	0.41191	0.07321	0.01625	0.02178	0.23508	0.05380	0.02394	0.01655	0.01806	0.01088	0.01300	0.00944	0.00694	0.00648	0.00182	0.04262	0.00461	0.00334	0.00911
