[name]
unknown

[dist]
# distance from previous block
# <min> <max>
13	250

[block]
# block no. 0 follows, 38 sequences, length 10
# corresponding to MSA columns:
# 303-312
name=unknown_A
#
# <colnr> <probs for GDERKNQSTAVLIFYWHMCP>
#	G	D	E	R	K	N	Q	S	T	A	V	L	I	F	Y	W	H	M	C	P
0	0.06863	0.11727	0.12971	0.03156	0.06140	0.06104	0.01123	0.05352	0.01373	0.09519	0.01928	0.18106	0.05729	0.00942	0.00643	0.00191	0.03781	0.00765	0.00424	0.03164
1	0.09741	0.10700	0.14097	0.04326	0.07539	0.04122	0.01224	0.13065	0.08823	0.08180	0.07723	0.04949	0.01531	0.00737	0.00564	0.00183	0.00627	0.00587	0.00449	0.00835
2	0.07757	0.13892	0.07740	0.01259	0.01688	0.05344	0.08451	0.07356	0.06566	0.14422	0.06213	0.06001	0.01533	0.02507	0.00651	0.00188	0.02387	0.00614	0.02210	0.03220
3	0.04799	0.08328	0.05254	0.03654	0.04371	0.09984	0.00925	0.06932	0.03371	0.08154	0.09190	0.13134	0.09418	0.03922	0.00693	0.00197	0.00569	0.00792	0.00469	0.05845
4	0.01657	0.10051	0.13047	0.01420	0.01872	0.07047	0.10700	0.13748	0.05146	0.10018	0.06082	0.04825	0.01471	0.04038	0.00762	0.00202	0.04314	0.00622	0.02161	0.00816
5	0.08244	0.39418	0.23231	0.01182	0.01750	0.01811	0.01284	0.01899	0.06504	0.01805	0.01109	0.01244	0.00896	0.00571	0.00457	0.00157	0.00658	0.00401	0.06588	0.00792
6	0.00864	0.00641	0.00822	0.00888	0.00999	0.00634	0.00665	0.03134	0.03144	0.01697	0.06476	0.35883	0.13172	0.04608	0.10247	0.00340	0.00555	0.14165	0.00529	0.00536
7	0.01343	0.10834	0.23485	0.09878	0.04998	0.01418	0.07494	0.04166	0.06603	0.05098	0.03450	0.09112	0.01415	0.00793	0.00688	0.00197	0.05551	0.02315	0.00369	0.00792
8	0.01549	0.08205	0.22987	0.07605	0.04965	0.01330	0.04479	0.06797	0.08883	0.14326	0.01815	0.04860	0.05008	0.00880	0.03482	0.00219	0.00715	0.00614	0.00432	0.00850
9	0.00816	0.00567	0.00676	0.00719	0.00753	0.00546	0.00447	0.00878	0.01051	0.01397	0.07225	0.28494	0.07971	0.43491	0.02002	0.00422	0.00469	0.01189	0.00460	0.00428

[dist]
# distance from previous block
# <min> <max>
0	1

[block]
# block no. 1 follows, 38 sequences, length 17
# corresponding to MSA columns:
# 314-330
name=unknown_B
#
# <colnr> <probs for GDERKNQSTAVLIFYWHMCP>
#	G	D	E	R	K	N	Q	S	T	A	V	L	I	F	Y	W	H	M	C	P
0	0.01396	0.01697	0.10571	0.02313	0.05494	0.01463	0.53886	0.04356	0.03934	0.01983	0.01324	0.03872	0.01042	0.00693	0.02950	0.00224	0.00958	0.00697	0.00328	0.00819
1	0.05220	0.05016	0.10712	0.06362	0.11914	0.16837	0.10956	0.08873	0.06030	0.03542	0.01448	0.01631	0.04728	0.00666	0.00636	0.00184	0.03519	0.00548	0.00366	0.00811
2	0.01916	0.01533	0.01608	0.01399	0.03843	0.15683	0.02963	0.19695	0.01752	0.16191	0.01621	0.09567	0.01366	0.01116	0.05848	0.00248	0.11698	0.00655	0.00485	0.00813
3	0.00729	0.00540	0.00681	0.00793	0.00861	0.00492	0.00539	0.00843	0.01195	0.01553	0.03858	0.64272	0.17823	0.01814	0.00757	0.00236	0.00340	0.01624	0.00558	0.00492
4	0.05009	0.06177	0.01014	0.00882	0.01063	0.03763	0.00658	0.01361	0.05862	0.07571	0.11765	0.37850	0.11954	0.01398	0.00677	0.00211	0.00411	0.01216	0.00549	0.00607
5	0.18886	0.01523	0.07465	0.10435	0.21011	0.06956	0.01341	0.03765	0.07551	0.08282	0.01245	0.01445	0.00955	0.00639	0.00640	0.00191	0.05982	0.00491	0.00377	0.00820
6	0.01436	0.01630	0.03274	0.05129	0.03003	0.04672	0.61676	0.01895	0.01384	0.01856	0.01166	0.01575	0.00893	0.00558	0.00799	0.00206	0.07082	0.00676	0.00300	0.00789
7	0.01121	0.00561	0.00561	0.00561	0.00701	0.00561	0.00421	0.01402	0.01262	0.02243	0.01962	0.02243	0.01542	0.00701	0.00421	0.00140	0.00280	0.00561	0.82198	0.00561
8	0.00732	0.00528	0.00693	0.00826	0.00869	0.00490	0.00553	0.00839	0.01163	0.01540	0.03459	0.74727	0.07625	0.01866	0.00765	0.00242	0.00347	0.01688	0.00558	0.00490
9	0.01121	0.00561	0.00561	0.00561	0.00701	0.00561	0.00421	0.01402	0.01262	0.02243	0.01962	0.02243	0.01542	0.00701	0.00421	0.00140	0.00280	0.00561	0.82198	0.00561
10	0.32666	0.04967	0.01450	0.04220	0.01623	0.11530	0.03321	0.10321	0.11729	0.05101	0.01251	0.01352	0.00956	0.00646	0.00546	0.00183	0.03408	0.00453	0.01986	0.02293
11	0.00820	0.00610	0.00773	0.00807	0.00929	0.00579	0.00608	0.01014	0.01348	0.01794	0.22977	0.18415	0.19548	0.07522	0.08164	0.00320	0.00492	0.12213	0.00549	0.00520
12	0.01716	0.12847	0.07602	0.01175	0.01713	0.01507	0.01051	0.30445	0.01883	0.02615	0.01187	0.01287	0.00917	0.00577	0.00510	0.00140	0.00596	0.00433	0.00433	0.31368
13	0.07199	0.07254	0.53618	0.01587	0.02342	0.01488	0.04843	0.05398	0.07045	0.02072	0.01178	0.01330	0.00858	0.00591	0.00557	0.00188	0.00806	0.00463	0.00310	0.00873
14	0.09312	0.01695	0.04819	0.14285	0.02124	0.16275	0.01166	0.21059	0.08548	0.05101	0.03255	0.01513	0.01098	0.00663	0.00560	0.00176	0.00713	0.00502	0.00441	0.06696
15	0.01381	0.01011	0.01156	0.01037	0.01306	0.01068	0.00820	0.15846	0.19470	0.06028	0.20720	0.08343	0.07880	0.01101	0.00669	0.00204	0.00450	0.08220	0.02526	0.00762
16	0.00783	0.03326	0.00809	0.00832	0.00910	0.00583	0.00584	0.00919	0.01208	0.01612	0.10248	0.58721	0.08065	0.01940	0.06185	0.00284	0.00441	0.01498	0.00541	0.00511

[dist]
# distance from previous block
# <min> <max>
0	1

[block]
# block no. 2 follows, 38 sequences, length 6
# corresponding to MSA columns:
# 332-337
name=unknown_C
#
# <colnr> <probs for GDERKNQSTAVLIFYWHMCP>
#	G	D	E	R	K	N	Q	S	T	A	V	L	I	F	Y	W	H	M	C	P
0	0.01204	0.01295	0.10380	0.35050	0.08035	0.01236	0.03412	0.05239	0.07294	0.01786	0.01474	0.09551	0.01287	0.01046	0.05188	0.04025	0.00766	0.00668	0.00347	0.00715
1	0.01270	0.01199	0.02067	0.07989	0.38738	0.01191	0.10967	0.01619	0.01405	0.01941	0.10402	0.02723	0.07066	0.00805	0.00657	0.00197	0.00664	0.07920	0.00385	0.00795
2	0.01393	0.07571	0.13492	0.01090	0.01604	0.01096	0.01017	0.08947	0.01427	0.06392	0.01468	0.11590	0.01321	0.00709	0.00530	0.00145	0.00547	0.00582	0.00407	0.38672
3	0.00915	0.00608	0.00770	0.06759	0.00965	0.00628	0.00505	0.00910	0.00902	0.01197	0.01773	0.07644	0.01994	0.55824	0.02621	0.13840	0.00577	0.00838	0.00351	0.00379
4	0.01454	0.11771	0.05910	0.09139	0.02250	0.01474	0.21733	0.12017	0.08726	0.03834	0.01800	0.10827	0.04784	0.00797	0.00628	0.00194	0.00710	0.00742	0.00417	0.00793
5	0.21311	0.08087	0.10273	0.11302	0.01927	0.01464	0.01135	0.15825	0.07050	0.05765	0.01300	0.01471	0.00986	0.00911	0.05974	0.00239	0.00693	0.00480	0.03014	0.00794

[dist]
# distance from previous block
# <min> <max>
1	39

[block]
# block no. 3 follows, 38 sequences, length 30
# corresponding to MSA columns:
# 378-407
name=unknown_D
#
# <colnr> <probs for GDERKNQSTAVLIFYWHMCP>
#	G	D	E	R	K	N	Q	S	T	A	V	L	I	F	Y	W	H	M	C	P
0	0.13282	0.01064	0.01281	0.01164	0.05536	0.01054	0.02458	0.08239	0.09494	0.21999	0.02308	0.11351	0.08003	0.02711	0.00648	0.00198	0.00496	0.00744	0.00551	0.07419
1	0.01512	0.01526	0.02941	0.01271	0.01559	0.19674	0.04688	0.11528	0.04628	0.02071	0.13472	0.05375	0.03566	0.01223	0.07255	0.00254	0.05606	0.05357	0.00451	0.06041
2	0.00950	0.05237	0.00920	0.00868	0.00996	0.07808	0.00629	0.01089	0.01271	0.01600	0.05157	0.46962	0.15642	0.01547	0.00699	0.00217	0.00428	0.03068	0.04378	0.00535
3	0.02057	0.01322	0.01565	0.04692	0.05874	0.02619	0.01041	0.30962	0.06194	0.22825	0.06099	0.02029	0.04923	0.00771	0.00606	0.00181	0.00579	0.00621	0.00595	0.04445
4	0.01467	0.04604	0.42759	0.01644	0.02301	0.08758	0.06561	0.08445	0.09480	0.02062	0.01235	0.01394	0.00917	0.00638	0.00660	0.00191	0.05188	0.00493	0.00334	0.00868
5	0.01045	0.00522	0.00784	0.00784	0.00784	0.00522	0.00522	0.00784	0.00784	0.01045	0.01045	0.01829	0.01045	0.02090	0.02351	0.82497	0.00522	0.00522	0.00261	0.00261
6	0.05625	0.08937	0.10257	0.01181	0.01680	0.06902	0.01061	0.12037	0.12514	0.02234	0.01282	0.01379	0.01004	0.00595	0.00542	0.00149	0.02460	0.00444	0.00404	0.29315
7	0.01202	0.01163	0.05539	0.25815	0.02262	0.02863	0.01115	0.06298	0.11405	0.01876	0.02104	0.09602	0.09506	0.05947	0.00770	0.00214	0.00604	0.00741	0.00414	0.10559
8	0.01579	0.45645	0.13565	0.01308	0.04391	0.09463	0.01240	0.01995	0.08268	0.01637	0.01053	0.01181	0.00884	0.00574	0.00499	0.00152	0.02575	0.00395	0.00301	0.03294
9	0.01266	0.01170	0.01963	0.24079	0.17787	0.01309	0.11345	0.03899	0.01252	0.01755	0.01238	0.01789	0.01046	0.05427	0.08063	0.00293	0.09520	0.00590	0.05486	0.00722
10	0.01170	0.00862	0.00973	0.00925	0.01141	0.00884	0.00694	0.08469	0.18250	0.05580	0.08194	0.26318	0.18310	0.01304	0.00678	0.00210	0.00400	0.01126	0.03827	0.00684
11	0.00733	0.00524	0.00698	0.00838	0.00873	0.00489	0.00558	0.00838	0.01152	0.01536	0.03316	0.78466	0.03979	0.01885	0.00768	0.00244	0.00349	0.01710	0.00558	0.00489
12	0.01238	0.01542	0.14969	0.02101	0.17632	0.01227	0.21058	0.01764	0.08290	0.01893	0.01802	0.20238	0.01728	0.00888	0.00666	0.00206	0.00716	0.00867	0.00385	0.00790
13	0.00872	0.00593	0.00704	0.00704	0.00720	0.00609	0.00424	0.00905	0.00889	0.01202	0.01852	0.03697	0.02083	0.67513	0.14264	0.00642	0.00740	0.00840	0.00358	0.00391
14	0.00749	0.00551	0.00702	0.00791	0.00868	0.00504	0.00545	0.00890	0.01274	0.01692	0.15351	0.55657	0.14768	0.01725	0.00750	0.00229	0.00332	0.01544	0.00575	0.00504
15	0.06862	0.01566	0.01684	0.01310	0.01774	0.01718	0.01078	0.57692	0.07416	0.10441	0.01566	0.01529	0.01101	0.00721	0.00590	0.00183	0.00624	0.00545	0.00603	0.00997
16	0.03930	0.01660	0.01449	0.01291	0.03363	0.22095	0.00983	0.11983	0.22137	0.13064	0.03264	0.01785	0.01385	0.00724	0.00568	0.00177	0.00658	0.00555	0.08078	0.00850
17	0.00788	0.00577	0.00744	0.00812	0.00909	0.00534	0.00588	0.00967	0.01362	0.01828	0.24528	0.40951	0.13224	0.01627	0.00750	0.00226	0.00344	0.08133	0.00588	0.00520
18	0.01410	0.01593	0.03383	0.02442	0.02991	0.01553	0.65917	0.01880	0.01371	0.01880	0.01175	0.01593	0.00901	0.00560	0.00834	0.00209	0.08521	0.00692	0.00300	0.00796
19	0.00740	0.00532	0.00702	0.00825	0.00872	0.00495	0.00556	0.00859	0.01196	0.01598	0.08220	0.71121	0.06398	0.01829	0.00762	0.00239	0.00343	0.01654	0.00565	0.00495
20	0.00800	0.00583	0.00764	0.00889	0.00951	0.00564	0.00626	0.01007	0.04955	0.01617	0.03256	0.66274	0.03808	0.01804	0.00767	0.00246	0.00379	0.09630	0.00561	0.00520
21	0.00971	0.00574	0.00619	0.00619	0.00674	0.00574	0.00386	0.01081	0.01026	0.01588	0.01922	0.03273	0.01934	0.48229	0.02027	0.00410	0.00465	0.00752	0.32435	0.00441
22	0.01422	0.42673	0.33737	0.01350	0.01994	0.01935	0.01550	0.01825	0.01225	0.01624	0.00936	0.01114	0.00769	0.00569	0.00554	0.00162	0.05105	0.00385	0.00256	0.00815
23	0.00961	0.00761	0.00885	0.00857	0.01039	0.00766	0.00639	0.01531	0.18888	0.02150	0.33251	0.16853	0.16499	0.01294	0.00696	0.00205	0.00345	0.01128	0.00614	0.00636
24	0.01799	0.01116	0.08299	0.01111	0.01476	0.00946	0.00976	0.06822	0.01454	0.34276	0.01886	0.02059	0.01395	0.02223	0.30733	0.00496	0.00994	0.00601	0.00521	0.00818
25	0.00823	0.00629	0.00742	0.00785	0.00920	0.00580	0.00572	0.04313	0.01380	0.01774	0.11048	0.36156	0.30880	0.01618	0.00736	0.00222	0.00352	0.05366	0.00570	0.00532
26	0.01413	0.01352	0.02306	0.19453	0.59935	0.01409	0.01809	0.01780	0.01334	0.01874	0.01118	0.01513	0.00921	0.00550	0.00597	0.00183	0.00733	0.00536	0.00291	0.00892
27	0.01420	0.01623	0.03550	0.02535	0.03144	0.01521	0.72921	0.01927	0.01420	0.01927	0.01217	0.01623	0.00913	0.00507	0.00710	0.00203	0.01014	0.00710	0.00304	0.00811
28	0.02050	0.02524	0.01656	0.01497	0.01771	0.61533	0.01137	0.02297	0.05737	0.01574	0.04493	0.01334	0.01068	0.00701	0.00690	0.00170	0.08279	0.00450	0.00339	0.00702
29	0.14693	0.01256	0.01250	0.01075	0.01420	0.07990	0.00850	0.10477	0.15973	0.19802	0.05277	0.07263	0.06438	0.00956	0.02438	0.00210	0.00560	0.00688	0.00565	0.00820

[dist]
# distance from previous block
# <min> <max>
0	1

[block]
# block no. 4 follows, 38 sequences, length 18
# corresponding to MSA columns:
# 409-426
name=unknown_E
#
# <colnr> <probs for GDERKNQSTAVLIFYWHMCP>
#	G	D	E	R	K	N	Q	S	T	A	V	L	I	F	Y	W	H	M	C	P
0	0.01410	0.01429	0.05136	0.25298	0.30433	0.04166	0.01621	0.04692	0.07416	0.01875	0.01187	0.01542	0.00951	0.00650	0.00754	0.00197	0.09561	0.00538	0.00322	0.00824
1	0.78402	0.01263	0.00932	0.00835	0.01204	0.05720	0.00681	0.01805	0.01063	0.02628	0.00843	0.00984	0.00659	0.00562	0.00382	0.00184	0.00501	0.00329	0.00369	0.00654
2	0.01313	0.01091	0.01074	0.00992	0.01183	0.11398	0.00739	0.05906	0.07544	0.07210	0.16501	0.12886	0.09388	0.11921	0.05140	0.00292	0.03358	0.00912	0.00515	0.00637
3	0.00994	0.00752	0.01020	0.00959	0.01179	0.00698	0.05889	0.01288	0.04499	0.06077	0.13158	0.09301	0.31352	0.01394	0.00734	0.00221	0.00438	0.18886	0.00565	0.00596
4	0.01121	0.00561	0.00561	0.00561	0.00701	0.00561	0.00421	0.01402	0.01262	0.02243	0.01962	0.02243	0.01542	0.00701	0.00421	0.00140	0.00280	0.00561	0.82198	0.00561
5	0.06828	0.01438	0.01689	0.08243	0.08362	0.01539	0.01145	0.39213	0.06241	0.07990	0.01425	0.01499	0.01038	0.00660	0.00570	0.00174	0.00622	0.00519	0.00514	0.10292
6	0.09150	0.01123	0.01794	0.60822	0.12653	0.01349	0.01593	0.01598	0.01206	0.01703	0.01054	0.01529	0.00806	0.00589	0.00578	0.00196	0.00758	0.00514	0.00281	0.00702
7	0.00775	0.00596	0.00709	0.00715	0.00860	0.00530	0.00523	0.00974	0.01472	0.01944	0.34856	0.18810	0.32134	0.01466	0.00721	0.00205	0.00304	0.01274	0.00603	0.00530
8	0.06002	0.00928	0.01119	0.01023	0.01298	0.03997	0.00840	0.04081	0.01596	0.26329	0.17869	0.06135	0.02957	0.01142	0.00685	0.00214	0.00498	0.21931	0.00621	0.00736
9	0.01488	0.41395	0.17681	0.06824	0.02049	0.04923	0.05123	0.01949	0.07822	0.01654	0.01071	0.01240	0.00876	0.00580	0.00532	0.00162	0.03111	0.00424	0.00294	0.00800
10	0.01199	0.00763	0.00941	0.00868	0.01085	0.00723	0.00674	0.05521	0.05192	0.12563	0.33189	0.11439	0.15903	0.01256	0.00699	0.00203	0.00376	0.06116	0.00633	0.00658
11	0.01123	0.00619	0.00703	0.09360	0.01095	0.00650	0.00564	0.01417	0.01255	0.02162	0.01860	0.02170	0.01457	0.00689	0.00441	0.00147	0.00340	0.00558	0.72817	0.00573
12	0.01553	0.36534	0.25382	0.01487	0.06476	0.13478	0.01463	0.01908	0.01314	0.01610	0.00968	0.01152	0.00802	0.00669	0.02740	0.00180	0.00821	0.00393	0.00269	0.00801
13	0.01866	0.00929	0.01255	0.09740	0.01652	0.00909	0.00892	0.02243	0.08050	0.38714	0.06392	0.05615	0.06026	0.01219	0.07993	0.00267	0.00607	0.00717	0.04083	0.00832
14	0.00760	0.00549	0.00700	0.00789	0.00850	0.00510	0.00532	0.00882	0.01218	0.01624	0.12769	0.54971	0.10718	0.08984	0.00970	0.00265	0.00358	0.01509	0.00554	0.00489
15	0.01246	0.00756	0.00913	0.00809	0.01055	0.00690	0.00628	0.04011	0.04217	0.16748	0.32490	0.04248	0.27433	0.01198	0.00682	0.00193	0.00356	0.01018	0.00640	0.00668
16	0.03583	0.01191	0.01795	0.49281	0.06342	0.01427	0.03599	0.09873	0.06645	0.01941	0.01220	0.01611	0.00927	0.00653	0.00674	0.00199	0.05220	0.00546	0.02532	0.00742
17	0.02161	0.02414	0.01614	0.01427	0.01756	0.55124	0.01089	0.12524	0.04314	0.04405	0.01179	0.01292	0.00927	0.00651	0.00547	0.00160	0.00926	0.00440	0.06294	0.00754

[dist]
# distance from previous block
# <min> <max>
4	14

[block]
# block no. 5 follows, 38 sequences, length 6
# corresponding to MSA columns:
# 441-446
name=unknown_F
#
# <colnr> <probs for GDERKNQSTAVLIFYWHMCP>
#	G	D	E	R	K	N	Q	S	T	A	V	L	I	F	Y	W	H	M	C	P
0	0.01414	0.30466	0.19445	0.01318	0.01792	0.01824	0.01337	0.01890	0.09528	0.01701	0.01085	0.01278	0.00904	0.00672	0.00796	0.00177	0.17023	0.00437	0.00306	0.06606
1	0.01276	0.01849	0.22690	0.04362	0.02334	0.05934	0.24005	0.01707	0.01295	0.01789	0.01364	0.08935	0.01207	0.03031	0.03779	0.00230	0.03007	0.00662	0.00321	0.10224
2	0.00806	0.00656	0.00811	0.00833	0.00936	0.00661	0.00611	0.00952	0.01266	0.01658	0.12213	0.35286	0.28924	0.01585	0.00881	0.00226	0.09288	0.01346	0.00536	0.00524
3	0.00765	0.00598	0.00696	0.00721	0.00870	0.00529	0.00534	0.00946	0.01408	0.01810	0.22257	0.20554	0.39179	0.01534	0.00729	0.00212	0.00323	0.05230	0.00584	0.00521
4	0.11909	0.14212	0.27038	0.10101	0.02150	0.01500	0.01433	0.10114	0.01466	0.07371	0.06277	0.01523	0.01178	0.00640	0.00536	0.00180	0.00691	0.00488	0.00375	0.00817
5	0.00914	0.00756	0.00783	0.00875	0.00941	0.07817	0.00594	0.01026	0.01191	0.01547	0.02896	0.60721	0.03385	0.07382	0.00894	0.00254	0.00433	0.01449	0.05639	0.00504

[dist]
# distance from previous block
# <min> <max>
0	70

[block]
# block no. 6 follows, 38 sequences, length 26
# corresponding to MSA columns:
# 517-542
name=unknown_G
#
# <colnr> <probs for GDERKNQSTAVLIFYWHMCP>
#	G	D	E	R	K	N	Q	S	T	A	V	L	I	F	Y	W	H	M	C	P
0	0.04910	0.01129	0.01425	0.01264	0.01405	0.01432	0.01023	0.03415	0.17985	0.01851	0.03311	0.01959	0.03780	0.01587	0.14564	0.00360	0.34257	0.00614	0.03026	0.00703
1	0.11208	0.01764	0.03494	0.08622	0.07417	0.19135	0.07323	0.15616	0.09430	0.04435	0.01283	0.01428	0.00975	0.00630	0.00563	0.00177	0.00756	0.00499	0.00413	0.04831
2	0.02030	0.29566	0.02239	0.01329	0.01750	0.33534	0.01111	0.18072	0.01787	0.01973	0.01012	0.01123	0.00830	0.00606	0.00501	0.00151	0.00834	0.00399	0.00357	0.00797
3	0.01496	0.01490	0.03724	0.12352	0.36055	0.07758	0.04589	0.06293	0.01449	0.01975	0.01167	0.01554	0.00966	0.00575	0.00577	0.00168	0.00722	0.02192	0.00329	0.14568
4	0.00868	0.00611	0.00798	0.00798	0.00846	0.00660	0.00541	0.00966	0.00917	0.01271	0.01766	0.03221	0.01876	0.45020	0.36475	0.00758	0.01051	0.00770	0.00345	0.00443
5	0.00786	0.00612	0.00713	0.00688	0.00858	0.00540	0.00516	0.01008	0.01547	0.02043	0.42587	0.05101	0.38108	0.01368	0.00710	0.00196	0.00294	0.01173	0.00614	0.00540
6	0.01786	0.01676	0.01759	0.01510	0.05044	0.19106	0.10419	0.23205	0.07216	0.02484	0.07456	0.03790	0.01521	0.00738	0.00596	0.00177	0.00716	0.00614	0.09378	0.00809
7	0.00870	0.00604	0.00762	0.00762	0.00798	0.00640	0.00496	0.00942	0.00906	0.01245	0.01799	0.03403	0.01955	0.53631	0.27973	0.00713	0.00932	0.00797	0.00350	0.00423
8	0.01431	0.00841	0.01047	0.00961	0.01199	0.00823	0.00736	0.05006	0.12444	0.20122	0.18154	0.24256	0.05661	0.01234	0.00685	0.00209	0.00413	0.03409	0.00636	0.00733
9	0.02578	0.01218	0.01516	0.01163	0.01633	0.01173	0.00960	0.23577	0.02047	0.54417	0.02100	0.01870	0.01352	0.00738	0.00604	0.00184	0.00556	0.00586	0.00703	0.01024
10	0.29499	0.01312	0.01325	0.01065	0.01478	0.01432	0.00876	0.32355	0.01918	0.13914	0.01423	0.01446	0.01012	0.00668	0.00509	0.00180	0.00540	0.00480	0.07711	0.00857
11	0.01204	0.01138	0.01926	0.63308	0.17720	0.01354	0.01704	0.01596	0.01235	0.01619	0.01081	0.01582	0.00831	0.00589	0.00600	0.00196	0.00785	0.00535	0.00273	0.00723
12	0.01604	0.00786	0.01021	0.00864	0.01152	0.00691	0.00682	0.01845	0.01657	0.32975	0.33168	0.03678	0.15219	0.01074	0.00666	0.00190	0.00383	0.00915	0.00680	0.00749
13	0.00739	0.00534	0.00688	0.00808	0.00856	0.00495	0.00539	0.00842	0.01156	0.01523	0.03477	0.68216	0.09961	0.06003	0.00887	0.00259	0.00358	0.01627	0.00548	0.00484
14	0.02319	0.01341	0.01561	0.01215	0.01676	0.01372	0.00996	0.33023	0.10480	0.33060	0.01925	0.01776	0.01302	0.00730	0.00597	0.00181	0.00569	0.00575	0.00651	0.04651
15	0.02255	0.01395	0.01602	0.01254	0.01694	0.01479	0.01030	0.44636	0.04767	0.23905	0.01756	0.01721	0.01224	0.01057	0.07110	0.00250	0.00694	0.00573	0.00619	0.00979
16	0.00863	0.00578	0.00660	0.00671	0.00674	0.00575	0.00380	0.00872	0.00897	0.01197	0.02012	0.10032	0.02334	0.72563	0.02874	0.00555	0.00564	0.00943	0.00380	0.00375
17	0.00786	0.00546	0.00682	0.00770	0.00792	0.00524	0.00486	0.00852	0.01048	0.01398	0.02785	0.50612	0.03309	0.30652	0.01625	0.00371	0.00437	0.01398	0.00486	0.00442
18	0.00748	0.00598	0.00671	0.00692	0.00852	0.00521	0.00511	0.00919	0.01390	0.01753	0.17555	0.18669	0.47661	0.01541	0.00725	0.00210	0.00317	0.03573	0.00577	0.00516
19	0.00918	0.00645	0.00736	0.00694	0.00899	0.00558	0.00527	0.01119	0.01505	0.07920	0.27656	0.05071	0.46838	0.01366	0.00702	0.00197	0.00315	0.01157	0.00607	0.00569
20	0.01946	0.01218	0.01379	0.01120	0.01507	0.01270	0.00904	0.27173	0.15506	0.21613	0.06459	0.02421	0.09542	0.00859	0.00614	0.00188	0.00513	0.00693	0.04166	0.00909
21	0.01397	0.01335	0.02275	0.22950	0.56568	0.01405	0.01800	0.01765	0.01326	0.01853	0.01115	0.01519	0.00913	0.00553	0.00597	0.00184	0.00737	0.00536	0.00290	0.00879
22	0.01745	0.25734	0.12308	0.01452	0.02001	0.01705	0.13785	0.09465	0.10564	0.13384	0.01436	0.01496	0.01064	0.00615	0.00552	0.00174	0.00702	0.00517	0.00420	0.00881
23	0.03365	0.09864	0.16316	0.11083	0.02190	0.28101	0.01415	0.02056	0.06683	0.01659	0.01058	0.01288	0.00853	0.00668	0.00730	0.00184	0.10983	0.00449	0.00306	0.00751
24	0.00817	0.00619	0.00758	0.00775	0.00912	0.00565	0.00565	0.01040	0.03057	0.01894	0.28207	0.26978	0.20778	0.03506	0.00784	0.00220	0.00338	0.04432	0.00583	0.03173
25	0.01625	0.43225	0.18484	0.01334	0.01871	0.16095	0.03007	0.01925	0.01315	0.01545	0.00913	0.01084	0.00774	0.00570	0.00532	0.00155	0.04121	0.00379	0.00268	0.00779

[dist]
# distance from previous block
# <min> <max>
0	2

[block]
# block no. 7 follows, 38 sequences, length 6
# corresponding to MSA columns:
# 545-550
name=unknown_H
#
# <colnr> <probs for GDERKNQSTAVLIFYWHMCP>
#	G	D	E	R	K	N	Q	S	T	A	V	L	I	F	Y	W	H	M	C	P
0	0.01689	0.06471	0.17847	0.12830	0.04604	0.10414	0.01345	0.08148	0.03827	0.14935	0.01557	0.01767	0.03411	0.05154	0.00716	0.00202	0.00729	0.00539	0.00412	0.03403
1	0.01045	0.00522	0.00784	0.00784	0.00784	0.00522	0.00522	0.00784	0.00784	0.01045	0.01045	0.01829	0.01045	0.02090	0.02351	0.82497	0.00522	0.00522	0.00261	0.00261
2	0.00733	0.00524	0.00698	0.00838	0.00873	0.00489	0.00558	0.00838	0.01152	0.01536	0.03316	0.78466	0.03979	0.01885	0.00768	0.00244	0.00349	0.01710	0.00558	0.00489
3	0.01361	0.15505	0.37204	0.02054	0.12557	0.01597	0.17690	0.01884	0.01309	0.01835	0.01076	0.01327	0.00824	0.00543	0.00574	0.00181	0.00851	0.00495	0.00272	0.00861
4	0.01558	0.01391	0.02105	0.24076	0.27543	0.05702	0.08312	0.04919	0.08403	0.08044	0.01352	0.01628	0.01028	0.00609	0.00608	0.00189	0.00748	0.00563	0.00370	0.00852
5	0.00724	0.00558	0.00662	0.00745	0.00848	0.00496	0.00517	0.00848	0.01241	0.01572	0.04446	0.48889	0.32825	0.01738	0.00745	0.00228	0.00331	0.01531	0.00559	0.00496

[dist]
# distance from previous block
# <min> <max>
7	42

[block]
# block no. 8 follows, 38 sequences, length 23
# corresponding to MSA columns:
# 593-615
name=unknown_I
#
# <colnr> <probs for GDERKNQSTAVLIFYWHMCP>
#	G	D	E	R	K	N	Q	S	T	A	V	L	I	F	Y	W	H	M	C	P
0	0.01499	0.01334	0.01509	0.01293	0.01537	0.09192	0.04685	0.11113	0.12681	0.05939	0.05278	0.06855	0.11965	0.01020	0.00971	0.00212	0.19296	0.02399	0.00476	0.00745
1	0.01889	0.09615	0.01733	0.01227	0.01616	0.03450	0.04288	0.19480	0.05276	0.20362	0.01915	0.07094	0.05119	0.00831	0.00717	0.00185	0.07731	0.00648	0.00526	0.06299
2	0.01055	0.00854	0.01050	0.00856	0.01196	0.00707	0.00664	0.01311	0.01345	0.02005	0.22991	0.07459	0.02571	0.01207	0.08677	0.00223	0.00516	0.00693	0.00456	0.44164
3	0.01560	0.01421	0.03818	0.20395	0.06894	0.05301	0.21243	0.09683	0.05656	0.08992	0.05935	0.01904	0.03064	0.00671	0.00638	0.00193	0.00769	0.00641	0.00413	0.00809
4	0.01468	0.01618	0.06438	0.11593	0.41131	0.06428	0.18772	0.01870	0.01380	0.01871	0.01129	0.01496	0.00904	0.00544	0.00619	0.00186	0.00830	0.00563	0.00294	0.00866
5	0.01131	0.00710	0.00926	0.00951	0.01150	0.00663	0.00798	0.01372	0.01455	0.11803	0.10067	0.05701	0.20684	0.01466	0.00761	0.00239	0.00464	0.38460	0.00590	0.00608
6	0.01684	0.01474	0.01417	0.01239	0.01501	0.18735	0.02720	0.11736	0.06621	0.09956	0.05646	0.16495	0.01877	0.00981	0.00768	0.00195	0.09107	0.00774	0.04265	0.02809
7	0.01006	0.00716	0.00735	0.00716	0.00747	0.04504	0.00423	0.01022	0.00946	0.03643	0.01861	0.03727	0.02091	0.72240	0.02851	0.00548	0.00607	0.00841	0.00374	0.00403
8	0.02149	0.01418	0.01578	0.01256	0.01693	0.01526	0.01023	0.39290	0.19213	0.19228	0.02012	0.01884	0.03352	0.00771	0.00608	0.00188	0.00576	0.00608	0.00634	0.00992
9	0.00733	0.00524	0.00698	0.00838	0.00873	0.00489	0.00558	0.00838	0.01152	0.01536	0.03316	0.78466	0.03979	0.01885	0.00768	0.00244	0.00349	0.01710	0.00558	0.00489
10	0.01506	0.59917	0.21563	0.01203	0.01813	0.02131	0.01332	0.01828	0.01234	0.01540	0.00898	0.01042	0.00769	0.00529	0.00433	0.00144	0.00706	0.00353	0.00256	0.00802
11	0.00804	0.00613	0.00739	0.00707	0.00870	0.00548	0.00531	0.01044	0.01592	0.02149	0.51770	0.04928	0.28859	0.01328	0.00710	0.00194	0.00291	0.01149	0.00628	0.00548
12	0.00775	0.00605	0.00692	0.00699	0.00852	0.00536	0.00516	0.00954	0.01408	0.01810	0.24284	0.12555	0.40604	0.06629	0.00878	0.00232	0.00334	0.04547	0.00574	0.00515
13	0.01422	0.01371	0.02367	0.17048	0.59545	0.01416	0.04445	0.01793	0.01341	0.01886	0.01123	0.01515	0.00924	0.00547	0.00601	0.00184	0.00742	0.00542	0.00292	0.00896
14	0.01168	0.01077	0.01771	0.66072	0.07583	0.01324	0.01595	0.01588	0.03117	0.01615	0.01142	0.01636	0.00870	0.00620	0.00629	0.00198	0.02784	0.00539	0.03985	0.00686
15	0.00799	0.00613	0.00732	0.00702	0.00867	0.00545	0.00527	0.01034	0.01580	0.02120	0.49317	0.04974	0.31330	0.01339	0.00710	0.00194	0.00292	0.01155	0.00624	0.00545
16	0.00875	0.00653	0.00819	0.00782	0.00934	0.00619	0.00584	0.01231	0.06443	0.02299	0.59807	0.09367	0.10770	0.01269	0.00707	0.00195	0.00303	0.01117	0.00644	0.00583
17	0.01207	0.03112	0.75741	0.01715	0.02604	0.01397	0.02223	0.01905	0.01270	0.01905	0.01080	0.01270	0.00762	0.00572	0.00572	0.00191	0.00889	0.00445	0.00254	0.00889
18	0.01079	0.00687	0.01006	0.00955	0.00966	0.00799	0.00698	0.00940	0.00828	0.01157	0.01052	0.01783	0.01041	0.02129	0.09601	0.58608	0.15503	0.00535	0.00268	0.00365
19	0.01446	0.01386	0.02365	0.12627	0.66506	0.01418	0.01825	0.01809	0.01350	0.01913	0.01124	0.01503	0.00935	0.00544	0.00596	0.00181	0.00725	0.00536	0.00294	0.00918
20	0.01613	0.72972	0.06456	0.01080	0.01604	0.04984	0.01089	0.01828	0.01242	0.01440	0.00851	0.00983	0.00772	0.00521	0.00400	0.00132	0.00670	0.00330	0.00259	0.00775
21	0.01128	0.01043	0.07698	0.00934	0.01141	0.04726	0.00802	0.03514	0.01362	0.02021	0.12940	0.10014	0.08230	0.01018	0.00734	0.00188	0.09066	0.03335	0.29496	0.00612
22	0.03391	0.37094	0.16237	0.01223	0.01755	0.05742	0.01230	0.12001	0.08094	0.02017	0.01178	0.01280	0.00940	0.00598	0.00482	0.00158	0.00677	0.00424	0.04650	0.00828

[dist]
# distance from previous block
# <min> <max>
0	1

[block]
# block no. 9 follows, 38 sequences, length 8
# corresponding to MSA columns:
# 617-624
name=unknown_J
#
# <colnr> <probs for GDERKNQSTAVLIFYWHMCP>
#	G	D	E	R	K	N	Q	S	T	A	V	L	I	F	Y	W	H	M	C	P
0	0.04219	0.01401	0.20722	0.01129	0.01523	0.00929	0.05259	0.01467	0.08242	0.01863	0.06469	0.17158	0.24922	0.01160	0.00662	0.00206	0.00531	0.00999	0.00466	0.00674
1	0.01316	0.01316	0.01843	0.01579	0.01579	0.01843	0.01316	0.01448	0.00921	0.01448	0.00790	0.01316	0.00790	0.01053	0.01974	0.00263	0.77757	0.00526	0.00263	0.00658
2	0.01148	0.00966	0.01133	0.00850	0.01300	0.00744	0.00672	0.01409	0.01328	0.02008	0.13032	0.02076	0.06818	0.00644	0.00506	0.00113	0.00410	0.00535	0.00419	0.63889
3	0.00814	0.00593	0.00751	0.00841	0.00918	0.00562	0.00579	0.04410	0.01282	0.01701	0.07252	0.64597	0.09926	0.01762	0.00752	0.00235	0.00357	0.01582	0.00566	0.00521
4	0.01358	0.14326	0.58669	0.01585	0.02383	0.01583	0.01954	0.07919	0.01395	0.01992	0.01074	0.01239	0.00786	0.00576	0.00546	0.00180	0.00833	0.00434	0.00284	0.00883
5	0.01426	0.42400	0.34186	0.01406	0.02085	0.01913	0.05528	0.01853	0.01254	0.01653	0.00961	0.01132	0.00776	0.00539	0.00483	0.00159	0.00769	0.00396	0.00259	0.00824
6	0.01717	0.13330	0.09337	0.12377	0.04441	0.01475	0.01219	0.16324	0.07548	0.13561	0.03930	0.01657	0.01226	0.00789	0.03111	0.00200	0.00671	0.00528	0.00455	0.06102
7	0.16171	0.17476	0.14807	0.01179	0.01645	0.07905	0.03731	0.07168	0.01382	0.06201	0.01627	0.01750	0.08682	0.00882	0.03128	0.03944	0.00691	0.00517	0.00372	0.00741

[dist]
# distance from previous block
# <min> <max>
0	218

[block]
# block no. 10 follows, 38 sequences, length 7
# corresponding to MSA columns:
# 844-850
name=unknown_K
#
# <colnr> <probs for GDERKNQSTAVLIFYWHMCP>
#	G	D	E	R	K	N	Q	S	T	A	V	L	I	F	Y	W	H	M	C	P
0	0.01297	0.01051	0.01131	0.00989	0.01239	0.07366	0.00760	0.05813	0.01410	0.07574	0.09098	0.14503	0.11706	0.06618	0.00928	0.00213	0.07923	0.02590	0.00480	0.17311
1	0.04373	0.01466	0.09433	0.01139	0.01577	0.08873	0.01002	0.05801	0.01408	0.07853	0.04212	0.04431	0.01322	0.00809	0.02798	0.00177	0.05854	0.03327	0.00406	0.33738
2	0.01617	0.01486	0.05661	0.05856	0.01875	0.07775	0.06649	0.18578	0.07118	0.06283	0.04321	0.07226	0.03778	0.00805	0.00713	0.00183	0.06863	0.00649	0.00460	0.12103
3	0.26721	0.04573	0.01348	0.01123	0.01454	0.12459	0.00906	0.15353	0.10062	0.02438	0.01649	0.05854	0.04092	0.00830	0.00597	0.00193	0.03568	0.05576	0.00455	0.00748
4	0.01121	0.00561	0.00561	0.00561	0.00701	0.00561	0.00421	0.01402	0.01262	0.02243	0.01962	0.02243	0.01542	0.00701	0.00421	0.00140	0.00280	0.00561	0.82198	0.00561
5	0.01472	0.01564	0.01769	0.08356	0.01921	0.18317	0.08517	0.04256	0.04441	0.01757	0.09532	0.02000	0.06059	0.00886	0.01072	0.00210	0.26184	0.00631	0.00368	0.00689
6	0.01365	0.01057	0.01324	0.01135	0.01443	0.01106	0.05941	0.08513	0.26359	0.07456	0.11203	0.08166	0.10457	0.01283	0.07037	0.00261	0.00577	0.00837	0.00560	0.03920

[dist]
# distance from previous block
# <min> <max>
6	9

[block]
# block no. 11 follows, 38 sequences, length 31
# corresponding to MSA columns:
# 860-890
name=unknown_L
#
# <colnr> <probs for GDERKNQSTAVLIFYWHMCP>
#	G	D	E	R	K	N	Q	S	T	A	V	L	I	F	Y	W	H	M	C	P
0	0.01608	0.79220	0.03152	0.01029	0.01544	0.02380	0.01029	0.01801	0.01222	0.01415	0.00836	0.00965	0.00772	0.00515	0.00386	0.00129	0.00643	0.00322	0.00257	0.00772
1	0.01740	0.01544	0.07226	0.01294	0.01719	0.01585	0.01098	0.27743	0.40544	0.02910	0.01970	0.01886	0.01455	0.00760	0.00598	0.00192	0.00566	0.00609	0.03603	0.00958
2	0.04795	0.01480	0.01643	0.01340	0.01757	0.01659	0.04268	0.34705	0.35917	0.03073	0.01881	0.01809	0.01384	0.00750	0.00603	0.00193	0.00584	0.00606	0.00585	0.00967
3	0.04237	0.01282	0.03949	0.10851	0.02113	0.01360	0.11760	0.01920	0.02745	0.17818	0.01310	0.01555	0.00990	0.00740	0.01013	0.00203	0.24368	0.00545	0.00397	0.10845
4	0.00851	0.00619	0.00722	0.00710	0.00882	0.00542	0.00527	0.01044	0.01469	0.05205	0.28660	0.14814	0.38901	0.01438	0.00713	0.00203	0.00313	0.01237	0.00602	0.00549
5	0.01489	0.01429	0.02442	0.03692	0.75106	0.01429	0.01846	0.01846	0.01370	0.01965	0.01132	0.01489	0.00953	0.00536	0.00596	0.00179	0.00715	0.00536	0.00298	0.00953
6	0.15745	0.00800	0.00833	0.00737	0.00988	0.00811	0.00577	0.04399	0.01351	0.16826	0.01825	0.02034	0.01387	0.04360	0.00580	0.00180	0.00387	0.00543	0.44962	0.00676
7	0.00945	0.00937	0.10036	0.00958	0.01178	0.00691	0.00829	0.01220	0.03594	0.05031	0.06822	0.33244	0.16499	0.03657	0.00792	0.00238	0.00453	0.11756	0.00530	0.00590
8	0.01192	0.00827	0.00851	0.00803	0.01023	0.00884	0.00614	0.01955	0.27007	0.02246	0.02757	0.02778	0.12697	0.00866	0.00532	0.00172	0.00353	0.00710	0.41042	0.00691
9	0.00750	0.00611	0.00664	0.00651	0.00837	0.00525	0.00488	0.00939	0.01464	0.01845	0.25285	0.05427	0.55534	0.01441	0.00711	0.00199	0.00299	0.01219	0.00588	0.00525
10	0.01552	0.01558	0.02370	0.07204	0.53915	0.08328	0.06702	0.04138	0.01421	0.01929	0.01110	0.01458	0.00921	0.00574	0.00661	0.00183	0.04241	0.00534	0.00306	0.00893
11	0.06244	0.01045	0.01309	0.01193	0.06518	0.01029	0.00885	0.09033	0.06107	0.32346	0.08894	0.02746	0.14750	0.00916	0.00681	0.00193	0.03917	0.00740	0.00610	0.00847
12	0.00733	0.00524	0.00698	0.00838	0.00873	0.00489	0.00558	0.00838	0.01152	0.01536	0.03316	0.78466	0.03979	0.01885	0.00768	0.00244	0.00349	0.01710	0.00558	0.00489
13	0.11296	0.02769	0.63429	0.01561	0.02356	0.01357	0.01961	0.01857	0.01257	0.02024	0.04077	0.01366	0.00950	0.00597	0.00553	0.00190	0.00812	0.00456	0.00285	0.00847
14	0.05903	0.01597	0.01664	0.01429	0.04956	0.11351	0.01108	0.30735	0.05891	0.14611	0.03509	0.01587	0.01189	0.00759	0.00767	0.00191	0.10795	0.00542	0.00520	0.00895
15	0.01376	0.01317	0.02198	0.15998	0.54473	0.01389	0.01709	0.01716	0.01314	0.01842	0.01366	0.01729	0.04884	0.00632	0.00687	0.00189	0.05439	0.00575	0.00304	0.00862
16	0.01045	0.00522	0.00784	0.00784	0.00784	0.00522	0.00522	0.00784	0.00784	0.01045	0.01045	0.01829	0.01045	0.02090	0.02351	0.82497	0.00522	0.00522	0.00261	0.00261
17	0.01379	0.01180	0.01303	0.00988	0.01474	0.02611	0.00787	0.08062	0.11929	0.02181	0.01458	0.01549	0.03380	0.00561	0.00494	0.00119	0.00478	0.00449	0.00420	0.59197
18	0.01716	0.07793	0.16414	0.01133	0.01610	0.01133	0.01095	0.04157	0.10483	0.27185	0.07968	0.02547	0.12473	0.00851	0.00605	0.00187	0.00551	0.00691	0.00552	0.00857
19	0.00743	0.00542	0.00700	0.00805	0.00869	0.00499	0.00549	0.00872	0.01233	0.01637	0.11093	0.63028	0.11659	0.01778	0.00756	0.00234	0.00337	0.01598	0.00569	0.00499
20	0.00830	0.00614	0.00775	0.00735	0.00886	0.00559	0.00551	0.01094	0.01653	0.02294	0.64434	0.04689	0.16104	0.01274	0.00710	0.00191	0.00287	0.01115	0.00647	0.00559
21	0.07729	0.01664	0.05173	0.02137	0.26470	0.10060	0.01377	0.20120	0.05691	0.03934	0.01255	0.01455	0.00987	0.00783	0.03188	0.00211	0.05962	0.00513	0.00405	0.00885
22	0.01600	0.01852	0.07680	0.11621	0.29533	0.21089	0.01549	0.03854	0.01443	0.01802	0.04322	0.01497	0.01070	0.00652	0.00713	0.00184	0.07906	0.00514	0.00315	0.00804
23	0.00857	0.00614	0.00728	0.00748	0.00835	0.00587	0.00528	0.00980	0.01187	0.01553	0.13003	0.04938	0.17529	0.37674	0.01833	0.00393	0.00480	0.14591	0.00481	0.00458
24	0.08030	0.27724	0.04791	0.01578	0.08076	0.03605	0.09720	0.20977	0.01669	0.02279	0.01077	0.01251	0.00863	0.00611	0.00603	0.00171	0.05297	0.00463	0.00369	0.00845
25	0.04098	0.07803	0.06830	0.09603	0.01898	0.03880	0.01137	0.16234	0.04287	0.19796	0.01716	0.06400	0.02834	0.00921	0.03148	0.00217	0.07255	0.00614	0.00489	0.00840
26	0.00772	0.00576	0.00727	0.00832	0.00927	0.00531	0.00610	0.00920	0.01249	0.01607	0.03972	0.47340	0.21239	0.01755	0.00766	0.00240	0.00376	0.14499	0.00558	0.00505
27	0.00792	0.00617	0.00729	0.00793	0.00925	0.00570	0.00584	0.01017	0.04713	0.01680	0.07016	0.34898	0.32166	0.01640	0.00743	0.00228	0.00358	0.09438	0.00564	0.00529
28	0.15057	0.01276	0.03070	0.12515	0.05199	0.03657	0.03334	0.14341	0.08331	0.15304	0.03398	0.08924	0.01456	0.00791	0.00585	0.00194	0.00600	0.00651	0.00499	0.00819
29	0.01878	0.05048	0.06232	0.06072	0.02007	0.04597	0.07317	0.23232	0.10639	0.13865	0.01529	0.01591	0.01110	0.00691	0.00677	0.00184	0.05670	0.00546	0.00492	0.06623
30	0.01247	0.05237	0.01356	0.01129	0.01330	0.08323	0.04214	0.04156	0.02925	0.04992	0.01625	0.08251	0.01544	0.08503	0.34406	0.00563	0.05907	0.00688	0.00374	0.03231

[dist]
# distance from previous block
# <min> <max>
3	40

[block]
# block no. 12 follows, 38 sequences, length 42
# corresponding to MSA columns:
# 931-972
name=unknown_M
#
# <colnr> <probs for GDERKNQSTAVLIFYWHMCP>
#	G	D	E	R	K	N	Q	S	T	A	V	L	I	F	Y	W	H	M	C	P
0	0.01845	0.01360	0.01646	0.01538	0.08530	0.08464	0.01141	0.06084	0.07208	0.22771	0.01657	0.01784	0.03523	0.00985	0.03936	0.00239	0.25417	0.00578	0.00466	0.00828
1	0.01288	0.04805	0.63625	0.01766	0.02601	0.01419	0.09853	0.01938	0.01300	0.04286	0.01130	0.01326	0.00802	0.00569	0.00583	0.00190	0.00884	0.00476	0.00276	0.00882
2	0.02032	0.01581	0.01595	0.01317	0.01673	0.12110	0.01060	0.27058	0.15622	0.14314	0.01651	0.01658	0.01209	0.00769	0.00756	0.00191	0.10053	0.00555	0.03898	0.00900
3	0.01637	0.00825	0.00977	0.00851	0.01122	0.00813	0.00670	0.02122	0.12738	0.24967	0.08210	0.02374	0.01914	0.00900	0.02993	0.00195	0.00426	0.00640	0.34864	0.00765
4	0.00960	0.00651	0.00767	0.00716	0.00918	0.00569	0.00545	0.01176	0.01547	0.08964	0.35204	0.04879	0.38238	0.01324	0.00700	0.00196	0.00315	0.01129	0.00621	0.00582
5	0.00759	0.00570	0.00703	0.00756	0.00864	0.00515	0.00534	0.00923	0.01355	0.01792	0.22989	0.39770	0.23047	0.01616	0.00737	0.00219	0.00320	0.01430	0.00586	0.00515
6	0.01704	0.01476	0.01403	0.01253	0.01596	0.12063	0.00976	0.03012	0.55151	0.09268	0.02243	0.02170	0.01692	0.00802	0.00607	0.00197	0.00568	0.02326	0.00580	0.00913
7	0.00875	0.00583	0.00656	0.00656	0.00656	0.00583	0.00365	0.00875	0.00875	0.01166	0.01895	0.03937	0.02187	0.78858	0.03062	0.00583	0.00583	0.00875	0.00365	0.00365
8	0.00744	0.00535	0.00693	0.00811	0.00856	0.00498	0.00540	0.00850	0.01161	0.01541	0.05382	0.67466	0.07858	0.06883	0.00913	0.00263	0.00360	0.01614	0.00549	0.00484
9	0.11728	0.14108	0.06333	0.07461	0.02067	0.03129	0.11337	0.16873	0.01626	0.12825	0.01270	0.01409	0.00936	0.00642	0.00640	0.00184	0.05666	0.00503	0.00422	0.00841
10	0.00733	0.00524	0.00698	0.00838	0.00873	0.00489	0.00558	0.00838	0.01152	0.01536	0.03316	0.78466	0.03979	0.01885	0.00768	0.00244	0.00349	0.01710	0.00558	0.00489
11	0.01045	0.00522	0.00784	0.00784	0.00784	0.00522	0.00522	0.00784	0.00784	0.01045	0.01045	0.01829	0.01045	0.02090	0.02351	0.82497	0.00522	0.00522	0.00261	0.00261
12	0.01207	0.03112	0.75741	0.01715	0.02604	0.01397	0.02223	0.01905	0.01270	0.01905	0.01080	0.01270	0.00762	0.00572	0.00572	0.00191	0.00889	0.00445	0.00254	0.00889
13	0.02276	0.01708	0.01626	0.01322	0.01742	0.17032	0.01066	0.34344	0.06864	0.20370	0.01692	0.01770	0.01229	0.00748	0.00600	0.00182	0.00698	0.03224	0.00574	0.00933
14	0.00754	0.00639	0.00655	0.00652	0.00853	0.00556	0.00488	0.00983	0.04848	0.01690	0.08015	0.08246	0.66555	0.01494	0.00708	0.00204	0.00314	0.01252	0.00564	0.00530
15	0.00724	0.00610	0.00628	0.00623	0.00821	0.00514	0.00468	0.00889	0.01403	0.01700	0.12602	0.05667	0.68307	0.01496	0.00711	0.00202	0.00303	0.01252	0.00568	0.00514
16	0.02326	0.01622	0.01767	0.01354	0.01834	0.01773	0.01119	0.66452	0.02724	0.10587	0.01532	0.01501	0.01067	0.00724	0.00602	0.00181	0.00648	0.00548	0.00615	0.01023
17	0.00851	0.00615	0.00804	0.00757	0.00899	0.00568	0.00568	0.01135	0.01703	0.02412	0.74788	0.04494	0.05676	0.01230	0.00710	0.00189	0.00284	0.01088	0.00662	0.00568
18	0.01489	0.01429	0.02442	0.03692	0.75106	0.01429	0.01846	0.01846	0.01370	0.01965	0.01132	0.01489	0.00953	0.00536	0.00596	0.00179	0.00715	0.00536	0.00298	0.00953
19	0.02632	0.01039	0.01394	0.01079	0.01537	0.00918	0.00888	0.02946	0.05749	0.71455	0.02377	0.02059	0.01508	0.00749	0.00605	0.00187	0.00510	0.00609	0.00737	0.01020
20	0.02247	0.02867	0.01705	0.01550	0.01860	0.76443	0.01162	0.02402	0.01705	0.01472	0.00930	0.01085	0.00775	0.00620	0.00542	0.00155	0.01085	0.00387	0.00310	0.00697
21	0.00733	0.00524	0.00698	0.00838	0.00873	0.00489	0.00558	0.00838	0.01152	0.01536	0.03316	0.78466	0.03979	0.01885	0.00768	0.00244	0.00349	0.01710	0.00558	0.00489
22	0.02287	0.01685	0.01805	0.01384	0.01866	0.01866	0.01143	0.73100	0.02828	0.03791	0.01444	0.01444	0.01023	0.00722	0.00602	0.00181	0.00662	0.00542	0.00602	0.01023
23	0.00817	0.00614	0.00756	0.00720	0.00877	0.00553	0.00540	0.01068	0.01620	0.02217	0.57724	0.04816	0.22863	0.01303	0.00710	0.00193	0.00289	0.01133	0.00636	0.00553
24	0.01087	0.06887	0.00974	0.00749	0.00992	0.00724	0.00593	0.01294	0.01508	0.11566	0.26468	0.04514	0.37922	0.01250	0.00671	0.00191	0.00352	0.01051	0.00591	0.00615
25	0.01497	0.58112	0.23285	0.01219	0.01838	0.02108	0.01360	0.01830	0.01236	0.01551	0.00904	0.01050	0.00769	0.00530	0.00437	0.00146	0.00711	0.00356	0.00256	0.00804
26	0.01496	0.01292	0.01360	0.01224	0.01564	0.01496	0.00952	0.03197	0.74019	0.02516	0.02448	0.02244	0.01836	0.00816	0.00612	0.00204	0.00476	0.00680	0.00612	0.00952
27	0.01348	0.01480	0.09242	0.10597	0.48160	0.01333	0.07399	0.01730	0.01326	0.01872	0.01338	0.08921	0.01208	0.00674	0.00620	0.00190	0.00729	0.00654	0.00316	0.00862
28	0.01146	0.00962	0.01139	0.00881	0.01317	0.00740	0.00682	0.01382	0.01229	0.01877	0.01511	0.16420	0.01498	0.00728	0.00509	0.00120	0.00427	0.00622	0.00396	0.66415
29	0.00874	0.00585	0.00667	0.00667	0.00671	0.00589	0.00378	0.00882	0.00878	0.01175	0.01885	0.03880	0.02163	0.76197	0.05690	0.00597	0.00620	0.00867	0.00363	0.00371
30	0.00887	0.00695	0.01061	0.01031	0.01141	0.00805	0.02860	0.01095	0.00995	0.01428	0.01720	0.09499	0.01685	0.03972	0.63333	0.00841	0.05324	0.00741	0.00341	0.00547
31	0.02478	0.04247	0.01606	0.01184	0.01653	0.01304	0.00983	0.27581	0.04173	0.45359	0.01990	0.01800	0.01308	0.00730	0.00596	0.00182	0.00569	0.00574	0.00672	0.01012
32	0.04058	0.06638	0.04888	0.01912	0.04489	0.04792	0.25536	0.01710	0.01171	0.01681	0.00965	0.01380	0.00829	0.00767	0.01242	0.00222	0.36140	0.00561	0.00283	0.00736
33	0.00735	0.00529	0.00698	0.00827	0.00871	0.00492	0.00555	0.00847	0.01175	0.01563	0.05377	0.73670	0.06729	0.01853	0.00764	0.00241	0.00346	0.01676	0.00561	0.00492
34	0.09290	0.43438	0.10495	0.01182	0.01683	0.04263	0.05786	0.01841	0.01285	0.06350	0.05139	0.01369	0.01117	0.00747	0.03591	0.00188	0.00703	0.00437	0.00329	0.00768
35	0.07876	0.01975	0.05305	0.01877	0.18174	0.28852	0.01273	0.12248	0.01648	0.02043	0.01494	0.01653	0.07326	0.00712	0.00645	0.00178	0.05035	0.00526	0.00371	0.00789
36	0.00828	0.00565	0.00675	0.00719	0.00735	0.00552	0.00435	0.00872	0.00995	0.01332	0.05031	0.28083	0.02895	0.51092	0.02233	0.00459	0.00496	0.01153	0.00438	0.00412
