[name]
unknown

[dist]
# distance from previous block
# <min> <max>
2	28

[block]
# block no. 0 follows, 30 sequences, length 9
# corresponding to MSA columns:
# 28-36
name=unknown_A
#
# <colnr> <probs for GDERKNQSTAVLIFYWHMCP>
#	G	D	E	R	K	N	Q	S	T	A	V	L	I	F	Y	W	H	M	C	P
0	0.00858	0.00650	0.00813	0.00911	0.01016	0.00605	0.00637	0.01009	0.01387	0.01794	0.04564	0.47972	0.23276	0.02382	0.08319	0.00357	0.00542	0.01709	0.00619	0.00579
1	0.01396	0.00948	0.01117	0.01028	0.01299	0.00929	0.00798	0.08593	0.07096	0.10100	0.15110	0.12447	0.24828	0.01762	0.06127	0.00303	0.00565	0.04103	0.00681	0.00771
2	0.19349	0.01141	0.01280	0.01100	0.01447	0.01173	0.00864	0.11680	0.01807	0.20109	0.12086	0.10468	0.02509	0.06473	0.05202	0.00309	0.00630	0.00864	0.00647	0.00861
3	0.01539	0.00867	0.01044	0.00962	0.01222	0.00793	0.00725	0.05698	0.01716	0.18669	0.07997	0.21973	0.22648	0.04338	0.00885	0.00252	0.00457	0.01280	0.06170	0.00764
4	0.10480	0.01082	0.01344	0.01111	0.01529	0.01002	0.00891	0.02662	0.04841	0.42755	0.10880	0.08312	0.07926	0.01080	0.00712	0.00224	0.00523	0.00893	0.00768	0.00984
5	0.01577	0.01075	0.01203	0.01048	0.01378	0.01057	0.00820	0.15914	0.06360	0.11241	0.11811	0.09740	0.31182	0.01399	0.00780	0.00229	0.00485	0.01169	0.00702	0.00829
6	0.09565	0.01139	0.01304	0.01112	0.01463	0.01147	0.00879	0.15014	0.04936	0.17056	0.21857	0.09379	0.09886	0.01196	0.00736	0.00224	0.00508	0.00997	0.00717	0.00884
7	0.07624	0.00795	0.00898	0.00889	0.01085	0.00753	0.00644	0.01403	0.03670	0.07711	0.13267	0.23493	0.24023	0.09285	0.01079	0.00289	0.00438	0.01359	0.00642	0.00654
8	0.00873	0.00665	0.00787	0.00845	0.00974	0.00596	0.00591	0.01038	0.01506	0.01945	0.15078	0.34322	0.29355	0.06865	0.01036	0.00283	0.00393	0.01619	0.00651	0.00579

[dist]
# distance from previous block
# <min> <max>
5	6

[block]
# block no. 1 follows, 30 sequences, length 10
# corresponding to MSA columns:
# 43-52
name=unknown_B
#
# <colnr> <probs for GDERKNQSTAVLIFYWHMCP>
#	G	D	E	R	K	N	Q	S	T	A	V	L	I	F	Y	W	H	M	C	P
0	0.01013	0.00796	0.00916	0.00946	0.01110	0.00780	0.00675	0.01465	0.12582	0.02078	0.11787	0.31742	0.22930	0.06644	0.01012	0.00281	0.00424	0.01503	0.00656	0.00661
1	0.01690	0.01042	0.01268	0.01144	0.01434	0.01063	0.00877	0.06238	0.15998	0.17768	0.09670	0.15603	0.07196	0.05805	0.09552	0.00367	0.00679	0.01063	0.00679	0.00864
2	0.01003	0.00714	0.00858	0.00893	0.00972	0.00706	0.00591	0.01202	0.05800	0.01742	0.07880	0.25715	0.10373	0.28682	0.04604	0.05282	0.00569	0.01321	0.00548	0.00545
3	0.00911	0.00645	0.00817	0.00909	0.00954	0.00627	0.00594	0.01010	0.01234	0.01645	0.03343	0.44233	0.07068	0.24294	0.07983	0.00472	0.00612	0.01561	0.00557	0.00530
4	0.01575	0.01469	0.02199	0.12466	0.11002	0.05142	0.15072	0.09001	0.05429	0.02327	0.06388	0.10312	0.01994	0.07397	0.00988	0.00262	0.00807	0.00879	0.00471	0.04818
5	0.01832	0.01635	0.02550	0.13242	0.30960	0.03619	0.09684	0.12214	0.01850	0.05475	0.05360	0.01961	0.01411	0.00749	0.00791	0.00220	0.04325	0.00681	0.00439	0.01004
6	0.05882	0.01383	0.02051	0.29810	0.21776	0.01543	0.01636	0.11749	0.01680	0.02342	0.01528	0.05678	0.01338	0.07574	0.00951	0.00264	0.00808	0.00713	0.00411	0.00883
7	0.07626	0.02001	0.02382	0.07689	0.18200	0.17216	0.11433	0.13373	0.05173	0.02579	0.04598	0.01810	0.01331	0.00734	0.00687	0.00210	0.00915	0.00635	0.00449	0.00960
8	0.15572	0.04516	0.04818	0.04936	0.13845	0.01516	0.05450	0.08530	0.09842	0.08368	0.08007	0.04895	0.05033	0.00886	0.00672	0.00219	0.00670	0.00748	0.00537	0.00940
9	0.10741	0.01401	0.04344	0.04829	0.15223	0.01314	0.06135	0.07826	0.01715	0.12328	0.08715	0.05320	0.01932	0.05779	0.00865	0.00238	0.00682	0.00742	0.00524	0.09346

[dist]
# distance from previous block
# <min> <max>
2	14

[block]
# block no. 2 follows, 30 sequences, length 11
# corresponding to MSA columns:
# 67-74,76-78
name=unknown_C
#
# <colnr> <probs for GDERKNQSTAVLIFYWHMCP>
#	G	D	E	R	K	N	Q	S	T	A	V	L	I	F	Y	W	H	M	C	P
0	0.10615	0.05082	0.06487	0.11556	0.02432	0.01445	0.13586	0.07549	0.03856	0.10358	0.13517	0.02636	0.06131	0.00888	0.00706	0.00221	0.00731	0.00785	0.00534	0.00885
1	0.06958	0.14279	0.05020	0.04702	0.02068	0.03992	0.07318	0.02318	0.01618	0.19162	0.04358	0.01803	0.01372	0.00689	0.00604	0.00176	0.00697	0.00562	0.00502	0.21801
2	0.05358	0.06038	0.09741	0.09283	0.02356	0.07002	0.11019	0.02121	0.01672	0.11881	0.16566	0.02462	0.02278	0.00874	0.00787	0.00215	0.04804	0.00741	0.00504	0.04296
3	0.10780	0.01672	0.06034	0.16409	0.02813	0.07349	0.15495	0.02494	0.05662	0.18777	0.04453	0.02012	0.01418	0.00752	0.00694	0.00222	0.00845	0.00671	0.00509	0.00938
4	0.02232	0.01603	0.07794	0.03945	0.02258	0.03867	0.13006	0.08003	0.01907	0.30145	0.08928	0.03884	0.01937	0.00876	0.00793	0.00220	0.03782	0.00761	0.00628	0.03431
5	0.06220	0.06940	0.07014	0.20260	0.02909	0.01463	0.14221	0.02234	0.01615	0.16683	0.07253	0.02100	0.01576	0.00747	0.00686	0.00213	0.00803	0.00677	0.00483	0.05903
6	0.10097	0.17434	0.13927	0.13139	0.02572	0.01728	0.08835	0.01941	0.01406	0.02083	0.01312	0.05784	0.01140	0.00741	0.00688	0.00200	0.04359	0.00598	0.00357	0.11658
7	0.31327	0.01793	0.10515	0.01561	0.02095	0.06753	0.14971	0.02155	0.01498	0.07807	0.05245	0.05810	0.01464	0.00784	0.00626	0.00218	0.00769	0.00656	0.00456	0.03497
8	0.14612	0.01277	0.04705	0.07613	0.07635	0.01175	0.08309	0.01908	0.01595	0.10850	0.13069	0.06881	0.10587	0.01004	0.00700	0.00218	0.00628	0.00872	0.00542	0.05821
9	0.08239	0.01239	0.01542	0.07062	0.01933	0.01058	0.03015	0.01954	0.01510	0.09724	0.04595	0.01741	0.01333	0.00624	0.00568	0.00145	0.00573	0.00510	0.00469	0.52167
10	0.11272	0.01148	0.04458	0.33701	0.02845	0.01204	0.01313	0.01604	0.01514	0.02202	0.16861	0.07104	0.10021	0.01047	0.00714	0.00230	0.00663	0.00892	0.00479	0.00726

[dist]
# distance from previous block
# <min> <max>
2	3

[block]
# block no. 3 follows, 30 sequences, length 8
# corresponding to MSA columns:
# 82-89
name=unknown_D
#
# <colnr> <probs for GDERKNQSTAVLIFYWHMCP>
#	G	D	E	R	K	N	Q	S	T	A	V	L	I	F	Y	W	H	M	C	P
0	0.01998	0.01463	0.02751	0.11576	0.02957	0.01395	0.31892	0.02445	0.01756	0.23800	0.08825	0.02370	0.01809	0.00773	0.00769	0.00227	0.00877	0.00803	0.00548	0.00967
1	0.25264	0.00958	0.00985	0.00920	0.01219	0.00962	0.00730	0.01677	0.01583	0.09973	0.17605	0.07265	0.20775	0.01290	0.00706	0.00233	0.00455	0.06049	0.00630	0.00722
2	0.07532	0.01075	0.01560	0.05880	0.01833	0.01014	0.07307	0.02247	0.01761	0.29545	0.16948	0.12568	0.05453	0.01137	0.00749	0.00229	0.00577	0.01000	0.00693	0.00893
3	0.01318	0.01240	0.02093	0.73798	0.04806	0.01550	0.01938	0.01783	0.01395	0.01783	0.01240	0.01860	0.00930	0.00698	0.00698	0.00233	0.00930	0.00620	0.00310	0.00775
4	0.20119	0.07654	0.01733	0.01425	0.01802	0.40083	0.01108	0.02434	0.04947	0.02164	0.05861	0.01794	0.04593	0.00800	0.00597	0.00194	0.00922	0.00544	0.00428	0.00797
5	0.01766	0.11134	0.02370	0.12946	0.02518	0.01444	0.16916	0.02194	0.04272	0.16503	0.10493	0.07697	0.04812	0.00938	0.00729	0.00221	0.00747	0.00866	0.00541	0.00892
6	0.19022	0.01257	0.01795	0.48108	0.03643	0.01484	0.01556	0.02056	0.01429	0.11316	0.01381	0.01768	0.00997	0.00709	0.00640	0.00227	0.00800	0.00577	0.00410	0.00825
7	0.01980	0.01659	0.01964	0.17564	0.02627	0.14854	0.07768	0.02368	0.04200	0.16538	0.04794	0.04733	0.01552	0.00816	0.00737	0.00206	0.03128	0.00683	0.00501	0.11327

[dist]
# distance from previous block
# <min> <max>
2	7

[block]
# block no. 4 follows, 30 sequences, length 6
# corresponding to MSA columns:
# 97-102
name=unknown_E
#
# <colnr> <probs for GDERKNQSTAVLIFYWHMCP>
#	G	D	E	R	K	N	Q	S	T	A	V	L	I	F	Y	W	H	M	C	P
0	0.06760	0.01386	0.02365	0.42508	0.03821	0.01579	0.14555	0.02052	0.01471	0.09379	0.01393	0.01848	0.01027	0.00729	0.00819	0.00235	0.06187	0.00651	0.00385	0.00849
1	0.07833	0.08096	0.01983	0.01360	0.01902	0.01272	0.08414	0.02775	0.01794	0.41967	0.06154	0.02195	0.01727	0.00793	0.00662	0.00201	0.00645	0.00667	0.00676	0.08883
2	0.02213	0.01904	0.01708	0.05365	0.01985	0.24935	0.02884	0.05502	0.08064	0.17625	0.06782	0.02297	0.01782	0.07659	0.00939	0.00242	0.00836	0.00672	0.00555	0.06053
3	0.09173	0.01289	0.05032	0.10070	0.02141	0.01168	0.06634	0.02365	0.04682	0.26087	0.10295	0.02603	0.05216	0.00971	0.00806	0.04538	0.00651	0.00750	0.00606	0.04925
4	0.02198	0.05122	0.01826	0.07043	0.02056	0.11462	0.04096	0.05169	0.08091	0.25632	0.08083	0.02512	0.05895	0.00907	0.00742	0.00210	0.02940	0.00730	0.00620	0.04665
5	0.01999	0.01776	0.08946	0.12626	0.02538	0.10787	0.08997	0.02370	0.01703	0.20568	0.10197	0.02258	0.01845	0.00879	0.00898	0.00227	0.09232	0.00710	0.00523	0.00918

[dist]
# distance from previous block
# <min> <max>
3	30

[block]
# block no. 5 follows, 30 sequences, length 100
# corresponding to MSA columns:
# 133-139,141-233
name=unknown_F
#
# <colnr> <probs for GDERKNQSTAVLIFYWHMCP>
#	G	D	E	R	K	N	Q	S	T	A	V	L	I	F	Y	W	H	M	C	P
0	0.03925	0.13153	0.13568	0.01491	0.03753	0.06736	0.05116	0.04191	0.07500	0.04188	0.06422	0.05102	0.13169	0.01015	0.00738	0.00215	0.03097	0.02968	0.00485	0.03167
1	0.01886	0.18165	0.18391	0.04025	0.02200	0.06190	0.01447	0.07295	0.01683	0.10370	0.01385	0.01511	0.01050	0.00653	0.00585	0.00171	0.00776	0.00488	0.00428	0.21299
2	0.01873	0.07968	0.11395	0.02699	0.22246	0.04322	0.18771	0.06233	0.04961	0.08061	0.01495	0.01756	0.01141	0.00688	0.00754	0.00216	0.03329	0.00648	0.00417	0.01027
3	0.15368	0.01413	0.07981	0.01553	0.11167	0.01228	0.01157	0.04065	0.03906	0.12157	0.07923	0.03052	0.16904	0.01007	0.00726	0.00216	0.02997	0.00808	0.00553	0.05818
4	0.08070	0.18381	0.16942	0.01497	0.04178	0.05670	0.03612	0.04207	0.01677	0.14241	0.09080	0.02101	0.03812	0.00798	0.00627	0.00198	0.00748	0.00625	0.00489	0.03047
5	0.01178	0.08299	0.06292	0.01051	0.01290	0.00984	0.00860	0.01511	0.05279	0.04630	0.19817	0.26040	0.06102	0.09801	0.03444	0.00314	0.00556	0.01264	0.00596	0.00694
6	0.01506	0.05849	0.03670	0.01107	0.01535	0.03438	0.00885	0.07484	0.01562	0.04459	0.01893	0.14736	0.01885	0.11219	0.01027	0.00236	0.00598	0.00801	0.00483	0.35627
7	0.08827	0.43394	0.15903	0.01417	0.04120	0.04346	0.01406	0.02110	0.01469	0.04217	0.04004	0.03574	0.01253	0.00707	0.00536	0.00180	0.00768	0.00504	0.00361	0.00903
8	0.27211	0.12398	0.22599	0.01468	0.02070	0.03671	0.03937	0.06197	0.01458	0.02482	0.01176	0.01462	0.00943	0.02781	0.03144	0.00255	0.05002	0.00494	0.00375	0.00879
9	0.01713	0.01643	0.02806	0.06759	0.68760	0.01654	0.02134	0.02129	0.01582	0.02262	0.01310	0.01732	0.01099	0.00624	0.00691	0.00208	0.00833	0.00622	0.00344	0.01094
10	0.00998	0.00744	0.00942	0.01023	0.01188	0.00701	0.00829	0.01249	0.01599	0.02062	0.13058	0.12037	0.22905	0.05550	0.01032	0.00300	0.00507	0.32014	0.00649	0.00613
11	0.80405	0.01350	0.01026	0.00918	0.01350	0.01565	0.00756	0.02051	0.01188	0.03131	0.00972	0.01134	0.00756	0.00648	0.00432	0.00216	0.00540	0.00378	0.00432	0.00756
12	0.03088	0.01197	0.01618	0.01247	0.01782	0.01048	0.01028	0.03410	0.04090	0.69488	0.02756	0.02382	0.01740	0.00866	0.00702	0.00217	0.00593	0.00704	0.00859	0.01185
13	0.01727	0.01658	0.02832	0.04283	0.71123	0.01658	0.02142	0.02142	0.01589	0.02280	0.01313	0.01727	0.01105	0.00622	0.00691	0.00207	0.00829	0.00622	0.00345	0.01105
14	0.01704	0.01634	0.02790	0.08232	0.67356	0.01652	0.02130	0.02121	0.01578	0.02252	0.01309	0.01735	0.01095	0.00626	0.00691	0.00209	0.00835	0.00622	0.00343	0.01087
15	0.01311	0.01219	0.02044	0.66257	0.06997	0.01495	0.01874	0.01758	0.01408	0.01812	0.01416	0.04430	0.01168	0.00788	0.00713	0.00237	0.00899	0.03063	0.00334	0.00776
16	0.03131	0.01188	0.01619	0.01242	0.01781	0.01026	0.01026	0.03401	0.01997	0.71606	0.02753	0.02375	0.01727	0.00864	0.00702	0.00216	0.00594	0.00702	0.00864	0.01188
17	0.01727	0.01658	0.02832	0.04283	0.71123	0.01658	0.02142	0.02142	0.01589	0.02280	0.01313	0.01727	0.01105	0.00622	0.00691	0.00207	0.00829	0.00622	0.00345	0.01105
18	0.00920	0.00661	0.00885	0.01033	0.01113	0.00627	0.00757	0.01098	0.01434	0.01898	0.06625	0.54106	0.06748	0.02081	0.00903	0.00288	0.00456	0.17125	0.00651	0.00589
19	0.01769	0.02998	0.52926	0.01902	0.02811	0.01510	0.06795	0.02454	0.01592	0.16323	0.01568	0.01685	0.01067	0.00699	0.00682	0.00221	0.00952	0.00575	0.00414	0.01057
20	0.03131	0.01188	0.01619	0.01242	0.01781	0.01026	0.01026	0.03401	0.01997	0.71606	0.02753	0.02375	0.01727	0.00864	0.00702	0.00216	0.00594	0.00702	0.00864	0.01188
21	0.01727	0.01658	0.02832	0.04283	0.71123	0.01658	0.02142	0.02142	0.01589	0.02280	0.01313	0.01727	0.01105	0.00622	0.00691	0.00207	0.00829	0.00622	0.00345	0.01105
22	0.02522	0.01565	0.13796	0.01368	0.01934	0.01114	0.01288	0.04587	0.01868	0.48138	0.02603	0.07125	0.01920	0.00991	0.00727	0.00229	0.00667	0.05748	0.00730	0.01080
23	0.01508	0.05834	0.55300	0.02111	0.03055	0.01671	0.14348	0.02243	0.01517	0.04103	0.01312	0.01559	0.00939	0.00653	0.00685	0.00221	0.01035	0.00571	0.00321	0.01015
24	0.01665	0.01594	0.02720	0.14874	0.61019	0.01642	0.02111	0.02087	0.01559	0.02204	0.01302	0.01747	0.01079	0.00633	0.00692	0.00211	0.00844	0.00622	0.00340	0.01055
25	0.01659	0.01588	0.02709	0.15905	0.60035	0.01640	0.02108	0.02082	0.01557	0.02197	0.01301	0.01749	0.01076	0.00634	0.00692	0.00211	0.00846	0.00621	0.00340	0.01050
26	0.02150	0.01137	0.01677	0.01666	0.11234	0.01048	0.04306	0.02487	0.04003	0.35493	0.06703	0.15910	0.04353	0.01155	0.00760	0.00233	0.00599	0.03398	0.00704	0.00983
27	0.01816	0.01582	0.05222	0.02220	0.02776	0.01434	0.38800	0.02274	0.01669	0.15881	0.02084	0.07330	0.01759	0.00924	0.00857	0.00246	0.03041	0.08652	0.00504	0.00928
28	0.01319	0.01240	0.02078	0.68631	0.07366	0.01524	0.01901	0.01772	0.01409	0.01806	0.01431	0.02011	0.03188	0.00729	0.00701	0.00232	0.00908	0.00648	0.00322	0.00783
29	0.01368	0.03439	0.67824	0.01931	0.02906	0.01561	0.02469	0.02140	0.01465	0.02186	0.01400	0.05651	0.01096	0.00750	0.00676	0.00225	0.00996	0.00599	0.00315	0.01005
30	0.02234	0.01254	0.01931	0.01509	0.01966	0.01189	0.12922	0.02644	0.05672	0.36752	0.07170	0.03082	0.09595	0.01012	0.00854	0.00232	0.05325	0.02968	0.00692	0.00996
31	0.01620	0.05498	0.49465	0.01696	0.02525	0.01439	0.02034	0.02242	0.01556	0.13097	0.02047	0.05511	0.06537	0.00849	0.00684	0.00222	0.00870	0.00683	0.00428	0.00995
32	0.06221	0.05526	0.41988	0.01801	0.05853	0.01423	0.04062	0.01908	0.01439	0.02154	0.01850	0.17277	0.01773	0.01014	0.00703	0.00234	0.00840	0.02642	0.00392	0.00900
33	0.01480	0.01482	0.02632	0.31543	0.15049	0.01685	0.16647	0.01899	0.01425	0.01949	0.01320	0.04189	0.01107	0.00800	0.01007	0.00243	0.13639	0.00709	0.00336	0.00859
34	0.01423	0.17990	0.24130	0.01554	0.02126	0.01584	0.07152	0.03869	0.03475	0.02056	0.02143	0.13516	0.04208	0.03723	0.00808	0.00244	0.00789	0.07926	0.00431	0.00853
35	0.01358	0.01296	0.02237	0.66275	0.08515	0.01567	0.05312	0.01826	0.01419	0.01834	0.01253	0.01854	0.00947	0.00688	0.00704	0.00231	0.00937	0.00631	0.00314	0.00802
36	0.03938	0.03132	0.57375	0.01929	0.02844	0.01546	0.06347	0.02234	0.01514	0.06361	0.01481	0.01905	0.01119	0.00742	0.00685	0.00227	0.00977	0.04285	0.00356	0.01005
37	0.01404	0.07660	0.48191	0.02032	0.08238	0.01572	0.05918	0.02048	0.01498	0.02140	0.01814	0.04403	0.05799	0.00823	0.00690	0.00223	0.00924	0.03310	0.00351	0.00964
38	0.01458	0.01403	0.02440	0.49023	0.23925	0.01596	0.06376	0.01916	0.01468	0.01956	0.01273	0.01823	0.00989	0.00669	0.00704	0.00225	0.00917	0.00634	0.00323	0.00882
39	0.01662	0.01583	0.02690	0.06648	0.64705	0.01592	0.02049	0.02062	0.01567	0.02233	0.01454	0.05895	0.01298	0.00713	0.00702	0.00213	0.00809	0.00699	0.00361	0.01063
40	0.01592	0.01555	0.05915	0.11846	0.47601	0.01479	0.01891	0.02016	0.01628	0.04201	0.11543	0.02260	0.01895	0.00758	0.00710	0.00213	0.00771	0.00712	0.00415	0.00999
41	0.01499	0.01633	0.08751	0.37710	0.32843	0.01603	0.02083	0.01974	0.01485	0.02033	0.01272	0.01769	0.01000	0.00662	0.00692	0.00221	0.00896	0.00611	0.00324	0.00939
42	0.01658	0.22190	0.41487	0.01895	0.04823	0.01898	0.08104	0.02249	0.01509	0.06193	0.01284	0.01479	0.00960	0.00650	0.00624	0.00203	0.00937	0.00521	0.00336	0.00999
43	0.01973	0.02275	0.26334	0.02150	0.02920	0.01512	0.27613	0.02549	0.01685	0.21381	0.01728	0.01880	0.01184	0.00690	0.00736	0.00225	0.00967	0.00686	0.00474	0.01040
44	0.01397	0.03826	0.07086	0.02486	0.20505	0.01396	0.18896	0.01768	0.01480	0.02050	0.02113	0.25196	0.02185	0.01150	0.00871	0.00244	0.04962	0.01095	0.00437	0.00859
45	0.01643	0.01258	0.07749	0.05145	0.04423	0.01020	0.09480	0.01960	0.01610	0.19938	0.05301	0.26845	0.07969	0.01325	0.00790	0.00243	0.00639	0.01200	0.00612	0.00849
46	0.01462	0.07235	0.41610	0.04618	0.06878	0.01651	0.16992	0.02107	0.01503	0.02142	0.01448	0.06520	0.01189	0.00744	0.00704	0.00224	0.00989	0.00684	0.00335	0.00967
47	0.01664	0.05291	0.46451	0.02070	0.08301	0.03272	0.06580	0.02309	0.01588	0.10110	0.04740	0.01785	0.01282	0.00713	0.00680	0.00217	0.00937	0.00595	0.00392	0.01022
48	0.01417	0.03489	0.67143	0.02055	0.03064	0.01631	0.07175	0.02212	0.01485	0.02212	0.01263	0.01502	0.00896	0.00658	0.00674	0.00222	0.01041	0.00537	0.00299	0.01025
49	0.01427	0.01321	0.02175	0.62680	0.12002	0.01592	0.01931	0.05019	0.01507	0.01963	0.01269	0.01837	0.00962	0.00696	0.00697	0.00229	0.00911	0.00621	0.00332	0.00831
50	0.01603	0.24831	0.07401	0.13995	0.27913	0.01884	0.01706	0.01966	0.01474	0.01951	0.01420	0.08198	0.01316	0.00771	0.00632	0.00201	0.00794	0.00660	0.00349	0.00933
51	0.01657	0.01615	0.02850	0.10215	0.55228	0.01628	0.09635	0.02093	0.01591	0.02248	0.03603	0.01871	0.01265	0.00651	0.00711	0.00213	0.00861	0.00666	0.00357	0.01043
52	0.01627	0.01670	0.09244	0.04756	0.02837	0.01402	0.37368	0.02102	0.01633	0.10673	0.04129	0.11021	0.06327	0.00924	0.00797	0.00237	0.00913	0.00966	0.00475	0.00898
53	0.01926	0.07511	0.32097	0.11056	0.02735	0.01600	0.01855	0.10241	0.01773	0.17244	0.01626	0.01763	0.01139	0.00895	0.03311	0.00248	0.00904	0.00581	0.00470	0.01025
54	0.01458	0.09356	0.59616	0.01833	0.02755	0.01634	0.02295	0.02167	0.01496	0.04194	0.03601	0.03903	0.01211	0.00736	0.00659	0.00217	0.00952	0.00580	0.00338	0.00998
55	0.01490	0.01730	0.12055	0.14359	0.36207	0.01490	0.06847	0.01944	0.01530	0.02148	0.03718	0.10118	0.01609	0.00839	0.00724	0.00224	0.00835	0.00795	0.00381	0.00956
56	0.01441	0.05524	0.60328	0.04369	0.05837	0.01664	0.06880	0.02192	0.01485	0.02184	0.01256	0.01512	0.00906	0.00655	0.00669	0.00220	0.01021	0.00539	0.00301	0.01016
57	0.01794	0.04283	0.16086	0.13129	0.21282	0.01496	0.08993	0.02261	0.01595	0.14656	0.01716	0.06624	0.01367	0.00783	0.00708	0.00221	0.00848	0.00718	0.00443	0.00997
58	0.01910	0.02452	0.34791	0.04366	0.02600	0.04970	0.07950	0.02454	0.01644	0.21125	0.01874	0.07581	0.01428	0.00836	0.00706	0.00224	0.00883	0.00711	0.00487	0.01009
59	0.01642	0.10681	0.50967	0.01844	0.02731	0.01652	0.05953	0.02304	0.01551	0.09880	0.03497	0.01673	0.01161	0.00697	0.00659	0.00214	0.00940	0.00562	0.00376	0.01018
60	0.01419	0.03375	0.63432	0.04478	0.03136	0.01631	0.08494	0.02198	0.01486	0.02198	0.01266	0.01523	0.00901	0.00657	0.00679	0.00223	0.01041	0.00547	0.00300	0.01015
61	0.01476	0.01337	0.04176	0.29264	0.19022	0.01366	0.08180	0.01869	0.01496	0.06662	0.01898	0.16511	0.01774	0.00978	0.00746	0.00236	0.00806	0.00916	0.00427	0.00861
62	0.01756	0.01580	0.04509	0.21907	0.37496	0.03853	0.03810	0.02167	0.01584	0.09584	0.01533	0.04424	0.01237	0.00727	0.00702	0.00218	0.00845	0.00675	0.00402	0.00992
63	0.01611	0.01350	0.02382	0.32392	0.11658	0.01427	0.15437	0.02043	0.01583	0.10642	0.04109	0.02535	0.05905	0.00820	0.00744	0.00231	0.00861	0.02950	0.00439	0.00880
64	0.01580	0.06408	0.51552	0.01737	0.02574	0.01481	0.02094	0.02220	0.01538	0.10906	0.03479	0.08237	0.01473	0.00841	0.00682	0.00222	0.00888	0.00683	0.00410	0.00993
65	0.01440	0.07622	0.64134	0.01998	0.02986	0.01694	0.06249	0.02205	0.01480	0.02179	0.01245	0.01476	0.00895	0.00655	0.00660	0.00218	0.01023	0.00525	0.00298	0.01018
66	0.04664	0.01795	0.20886	0.01382	0.02005	0.01153	0.01391	0.02734	0.01813	0.40903	0.09535	0.02529	0.04263	0.00891	0.00700	0.00218	0.00677	0.00725	0.00677	0.01056
67	0.01563	0.05537	0.61833	0.01935	0.02902	0.01611	0.04579	0.02305	0.01520	0.07867	0.01372	0.01550	0.00959	0.00675	0.00665	0.00219	0.00992	0.00537	0.00343	0.01037
68	0.01506	0.01433	0.02433	0.41804	0.35328	0.01600	0.02032	0.01948	0.01484	0.02012	0.01274	0.01799	0.01011	0.00663	0.00695	0.00221	0.00884	0.00621	0.00326	0.00927
69	0.01459	0.01279	0.02088	0.09779	0.40684	0.01288	0.01616	0.01784	0.01514	0.04322	0.02261	0.22108	0.04635	0.01109	0.00752	0.00232	0.00697	0.01030	0.00453	0.00909
70	0.02790	0.01173	0.03212	0.01219	0.01710	0.00983	0.01013	0.03063	0.01926	0.60614	0.06055	0.08768	0.02188	0.01000	0.00723	0.00222	0.00575	0.00835	0.00827	0.01105
71	0.01413	0.01735	0.14118	0.47320	0.15923	0.01588	0.04237	0.01932	0.01450	0.01956	0.01260	0.01772	0.00957	0.00675	0.00695	0.00226	0.00938	0.00609	0.00315	0.00881
72	0.01497	0.05717	0.66413	0.01929	0.02923	0.01627	0.02462	0.02263	0.01497	0.05502	0.01315	0.01505	0.00925	0.00671	0.00658	0.00219	0.01002	0.00520	0.00322	0.01035
73	0.01372	0.03458	0.68275	0.01938	0.02919	0.01567	0.02481	0.02147	0.01466	0.02188	0.01383	0.05184	0.01072	0.00740	0.00674	0.00224	0.01000	0.00590	0.00312	0.01008
74	0.01571	0.01612	0.05015	0.27055	0.38585	0.01634	0.10307	0.02037	0.01528	0.02108	0.01299	0.01782	0.01034	0.00644	0.00709	0.00220	0.00912	0.00643	0.00333	0.00973
75	0.01484	0.03169	0.57776	0.02241	0.12322	0.01574	0.02402	0.02202	0.01510	0.04493	0.01493	0.01703	0.03142	0.00699	0.00673	0.00219	0.00968	0.00567	0.00332	0.01033
76	0.01427	0.01359	0.02328	0.54936	0.20971	0.01582	0.03762	0.01883	0.01449	0.01916	0.01263	0.01828	0.00976	0.00676	0.00699	0.00226	0.00912	0.00626	0.00320	0.00860
77	0.01505	0.01485	0.02695	0.31734	0.27772	0.01584	0.15198	0.01961	0.01511	0.02048	0.01424	0.05307	0.01193	0.00720	0.00729	0.00227	0.00918	0.00726	0.00347	0.00915
78	0.01400	0.03610	0.71860	0.01989	0.03020	0.01621	0.02578	0.02210	0.01473	0.02210	0.01252	0.01473	0.00884	0.00663	0.00663	0.00221	0.01031	0.00516	0.00295	0.01031
79	0.01410	0.01397	0.02306	0.04483	0.02182	0.01712	0.15978	0.01688	0.01227	0.01795	0.01337	0.04312	0.01248	0.01956	0.16947	0.00462	0.37724	0.00732	0.00342	0.00766
80	0.01400	0.03610	0.71860	0.01989	0.03020	0.01621	0.02578	0.02210	0.01473	0.02210	0.01252	0.01473	0.00884	0.00663	0.00663	0.00221	0.01031	0.00516	0.00295	0.01031
81	0.01400	0.03610	0.71860	0.01989	0.03020	0.01621	0.02578	0.02210	0.01473	0.02210	0.01252	0.01473	0.00884	0.00663	0.00663	0.00221	0.01031	0.00516	0.00295	0.01031
82	0.00997	0.00748	0.01121	0.01121	0.01246	0.00872	0.00872	0.01246	0.01121	0.01620	0.01869	0.02741	0.01745	0.05234	0.72710	0.01121	0.01869	0.00748	0.00374	0.00623
83	0.00954	0.01133	0.13179	0.01139	0.01350	0.00756	0.00973	0.01189	0.01345	0.01836	0.03316	0.58853	0.03867	0.05417	0.00978	0.00291	0.00527	0.01682	0.00576	0.00641
84	0.01842	0.01513	0.02543	0.13395	0.48097	0.01531	0.03834	0.02246	0.01621	0.11780	0.01582	0.02041	0.01261	0.00708	0.00706	0.00217	0.00814	0.02796	0.00422	0.01051
85	0.01052	0.00762	0.01035	0.01181	0.01328	0.00745	0.00992	0.01327	0.01560	0.02019	0.04025	0.18909	0.10148	0.01956	0.00939	0.00307	0.00577	0.49870	0.00644	0.00625
86	0.01727	0.01658	0.02832	0.04283	0.71123	0.01658	0.02142	0.02142	0.01589	0.02280	0.01313	0.01727	0.01105	0.00622	0.00691	0.00207	0.00829	0.00622	0.00345	0.01105
87	0.04921	0.02450	0.36725	0.01707	0.02493	0.01406	0.05757	0.02700	0.03716	0.28455	0.01865	0.01859	0.01245	0.00742	0.00680	0.00220	0.00843	0.00607	0.00530	0.01077
88	0.03030	0.01168	0.01594	0.01244	0.01764	0.01014	0.01031	0.03302	0.01978	0.68099	0.02801	0.02652	0.01843	0.00917	0.00715	0.00221	0.00596	0.04018	0.00853	0.01160
89	0.01015	0.00677	0.00761	0.00761	0.00761	0.00677	0.00423	0.01015	0.01015	0.01353	0.02199	0.04567	0.02537	0.75476	0.03552	0.00677	0.00677	0.01015	0.00423	0.00423
90	0.02479	0.01923	0.02087	0.01790	0.07256	0.04243	0.01363	0.54483	0.10609	0.03991	0.01761	0.01771	0.01278	0.00830	0.00697	0.00211	0.00763	0.00640	0.00663	0.01160
91	0.00936	0.00711	0.00861	0.00823	0.01011	0.00636	0.00617	0.01216	0.01852	0.02507	0.50410	0.05693	0.27111	0.01535	0.00824	0.00225	0.00337	0.01329	0.00730	0.00636
92	0.01417	0.06245	0.69373	0.01960	0.02975	0.01662	0.02528	0.02206	0.01471	0.02189	0.01242	0.01460	0.00884	0.00661	0.00655	0.00218	0.01021	0.00510	0.00295	0.01026
93	0.14620	0.03231	0.60007	0.01810	0.02741	0.01611	0.02273	0.02183	0.01425	0.02364	0.01205	0.01416	0.00863	0.00660	0.00624	0.00220	0.00949	0.00493	0.00318	0.00985
94	0.01400	0.03610	0.71860	0.01989	0.03020	0.01621	0.02578	0.02210	0.01473	0.02210	0.01252	0.01473	0.00884	0.00663	0.00663	0.00221	0.01031	0.00516	0.00295	0.01031
95	0.80405	0.01350	0.01026	0.00918	0.01350	0.01565	0.00756	0.02051	0.01188	0.03131	0.00972	0.01134	0.00756	0.00648	0.00432	0.00216	0.00540	0.00378	0.00432	0.00756
96	0.01027	0.00707	0.00916	0.00916	0.00984	0.00763	0.00631	0.01162	0.01094	0.01560	0.02055	0.03605	0.02127	0.38522	0.34628	0.00842	0.01192	0.00869	0.05872	0.00529
97	0.04193	0.27888	0.40635	0.01727	0.02540	0.02030	0.05344	0.02147	0.01440	0.02031	0.01144	0.01364	0.00894	0.00655	0.00645	0.00200	0.03375	0.00481	0.00304	0.00963
98	0.01436	0.05294	0.53575	0.02052	0.02941	0.01650	0.12463	0.02148	0.01507	0.02206	0.04571	0.01705	0.01184	0.00706	0.00748	0.00224	0.03679	0.00597	0.00327	0.00986
99	0.22802	0.17123	0.15550	0.01583	0.06256	0.11669	0.01424	0.07554	0.01639	0.06799	0.01228	0.01371	0.00945	0.00677	0.00561	0.00197	0.00815	0.00468	0.00411	0.00927

[dist]
# distance from previous block
# <min> <max>
0	5

[block]
# block no. 6 follows, 30 sequences, length 18
# corresponding to MSA columns:
# 252-269
name=unknown_G
#
# <colnr> <probs for GDERKNQSTAVLIFYWHMCP>
#	G	D	E	R	K	N	Q	S	T	A	V	L	I	F	Y	W	H	M	C	P
0	0.03690	0.02192	0.21077	0.05006	0.16511	0.01697	0.26975	0.02123	0.01521	0.02197	0.01358	0.01866	0.01083	0.00710	0.00866	0.00234	0.07052	0.02537	0.00341	0.00963
1	0.03924	0.06375	0.25153	0.05587	0.10625	0.17312	0.13388	0.02359	0.01638	0.05341	0.01297	0.01559	0.00981	0.00665	0.00673	0.00209	0.01031	0.00569	0.00356	0.00957
2	0.02365	0.07527	0.02026	0.01664	0.02054	0.52860	0.02977	0.08645	0.02016	0.01983	0.01720	0.01837	0.07761	0.00821	0.00648	0.00187	0.01090	0.00571	0.00415	0.00831
3	0.00943	0.00712	0.00940	0.01059	0.01117	0.00726	0.00743	0.01156	0.04338	0.01838	0.03612	0.64355	0.04249	0.02060	0.00973	0.00284	0.05033	0.04624	0.00629	0.00606
4	0.00850	0.00607	0.00810	0.00972	0.01012	0.00567	0.00648	0.00972	0.01336	0.01781	0.03846	0.75020	0.04615	0.02186	0.00891	0.00283	0.00405	0.01984	0.00648	0.00567
5	0.01800	0.09173	0.09253	0.06376	0.06452	0.05059	0.35182	0.04673	0.01682	0.07820	0.01550	0.04976	0.01230	0.00711	0.00739	0.00221	0.00999	0.00748	0.00407	0.00950
6	0.01668	0.26393	0.35234	0.01841	0.04804	0.06442	0.06757	0.02277	0.04710	0.02034	0.01239	0.01438	0.00967	0.00652	0.00607	0.00197	0.00936	0.00505	0.00325	0.00973
7	0.01012	0.00680	0.00778	0.00773	0.00789	0.00675	0.00446	0.01044	0.01109	0.01494	0.08895	0.04630	0.02932	0.68243	0.03285	0.00632	0.00643	0.01039	0.00457	0.00446
8	0.00896	0.00707	0.00813	0.00834	0.01023	0.00624	0.00632	0.01116	0.01655	0.02110	0.21506	0.14205	0.41547	0.01749	0.00845	0.00246	0.00382	0.07825	0.00676	0.00608
9	0.05988	0.15684	0.11174	0.04671	0.08520	0.21091	0.14012	0.02339	0.01643	0.04863	0.01299	0.03271	0.01063	0.00695	0.00644	0.00200	0.00989	0.00579	0.00368	0.00908
10	0.01057	0.00824	0.01190	0.01156	0.01253	0.00987	0.00890	0.01266	0.01103	0.01595	0.01804	0.02825	0.01748	0.13119	0.56832	0.00980	0.09619	0.00764	0.00372	0.00615
11	0.00849	0.00702	0.00745	0.00748	0.00961	0.00597	0.00556	0.01044	0.01629	0.02007	0.15834	0.10772	0.57654	0.01746	0.00829	0.00236	0.00353	0.01475	0.00665	0.00597
12	0.01696	0.01651	0.02891	0.08331	0.61745	0.01660	0.07460	0.02128	0.01582	0.02247	0.01316	0.01748	0.01091	0.00624	0.00702	0.00211	0.00863	0.00638	0.00344	0.01072
13	0.01952	0.20910	0.02322	0.01458	0.01903	0.07637	0.06673	0.13862	0.07297	0.08990	0.01929	0.09165	0.01703	0.01311	0.06866	0.00287	0.00857	0.03437	0.00519	0.00922
14	0.02222	0.02501	0.02250	0.02092	0.09005	0.37510	0.09796	0.08354	0.12729	0.02261	0.01551	0.01829	0.01252	0.00776	0.00688	0.00205	0.01035	0.02566	0.00450	0.00928
15	0.01807	0.01684	0.02769	0.04053	0.65188	0.01702	0.02071	0.07878	0.01735	0.02462	0.01344	0.01723	0.01112	0.00640	0.00691	0.00207	0.00824	0.00622	0.00376	0.01112
16	0.01027	0.00759	0.00977	0.00891	0.01095	0.00682	0.00673	0.01355	0.01930	0.02753	0.64772	0.04889	0.06107	0.01348	0.00797	0.00209	0.00345	0.01189	0.00738	0.07464
17	0.00966	0.00696	0.00913	0.00893	0.01038	0.00644	0.00657	0.01262	0.01873	0.02635	0.60037	0.16394	0.06269	0.01548	0.00834	0.00230	0.00341	0.01378	0.00749	0.00644

[dist]
# distance from previous block
# <min> <max>
0	5

[block]
# block no. 7 follows, 30 sequences, length 13
# corresponding to MSA columns:
# 275-287
name=unknown_H
#
# <colnr> <probs for GDERKNQSTAVLIFYWHMCP>
#	G	D	E	R	K	N	Q	S	T	A	V	L	I	F	Y	W	H	M	C	P
0	0.00937	0.00698	0.00930	0.00949	0.01082	0.00691	0.00702	0.01174	0.01524	0.02094	0.26470	0.21030	0.13148	0.02768	0.21966	0.00502	0.00803	0.01308	0.00608	0.00617
1	0.00998	0.00820	0.01094	0.01138	0.01187	0.00917	0.00832	0.01131	0.01300	0.01768	0.03497	0.52386	0.09957	0.01934	0.01195	0.00284	0.16746	0.01632	0.00572	0.00612
2	0.01711	0.08475	0.51470	0.01846	0.02742	0.01824	0.02201	0.16951	0.01870	0.02653	0.01326	0.01492	0.00952	0.00697	0.00655	0.00213	0.00952	0.00530	0.00384	0.01056
3	0.02146	0.59347	0.03205	0.01205	0.01789	0.02377	0.01157	0.02380	0.01546	0.17139	0.01365	0.01398	0.01080	0.00656	0.00504	0.00164	0.00712	0.00446	0.00424	0.00960
4	0.00939	0.00621	0.00834	0.00934	0.00987	0.00584	0.00632	0.00985	0.01305	0.01736	0.08318	0.49310	0.08377	0.02156	0.01288	0.17866	0.00441	0.01593	0.00580	0.00516
5	0.02758	0.01199	0.01581	0.01195	0.01753	0.01005	0.00982	0.03037	0.01875	0.56248	0.02418	0.02170	0.01574	0.00787	0.00661	0.00191	0.00577	0.00638	0.00764	0.18588
6	0.08256	0.01381	0.01752	0.01389	0.01861	0.01387	0.05908	0.20349	0.05059	0.28148	0.08554	0.05416	0.03808	0.00976	0.00718	0.00223	0.00641	0.02427	0.00716	0.01033
7	0.01633	0.01679	0.07396	0.02521	0.19630	0.01747	0.11822	0.01975	0.01397	0.06097	0.01542	0.01958	0.04352	0.01059	0.03485	0.00280	0.29458	0.00689	0.00373	0.00908
8	0.01015	0.00677	0.00761	0.00761	0.00761	0.00677	0.00423	0.01015	0.01015	0.01353	0.02199	0.04567	0.02537	0.75476	0.03552	0.00677	0.00677	0.01015	0.00423	0.00423
9	0.09202	0.01908	0.02303	0.06643	0.32114	0.10894	0.01664	0.21786	0.02089	0.02879	0.01355	0.01605	0.01062	0.00704	0.00662	0.00207	0.00845	0.00579	0.00457	0.01042
10	0.00875	0.00630	0.00835	0.00989	0.01049	0.00590	0.00687	0.01017	0.01372	0.01814	0.03971	0.65842	0.07415	0.02144	0.00895	0.00285	0.00425	0.07944	0.00647	0.00575
11	0.01549	0.01420	0.02337	0.06907	0.52289	0.01435	0.01751	0.01874	0.01452	0.02050	0.01505	0.02363	0.01414	0.17206	0.01325	0.00312	0.00800	0.00709	0.00361	0.00938
12	0.01729	0.01463	0.01681	0.01484	0.01789	0.01753	0.01178	0.03159	0.49012	0.05878	0.04824	0.02447	0.02001	0.01021	0.01064	0.00250	0.16860	0.00762	0.00630	0.01017

[dist]
# distance from previous block
# <min> <max>
0	8

[block]
# block no. 8 follows, 30 sequences, length 57
# corresponding to MSA columns:
# 296-352
name=unknown_I
#
# <colnr> <probs for GDERKNQSTAVLIFYWHMCP>
#	G	D	E	R	K	N	Q	S	T	A	V	L	I	F	Y	W	H	M	C	P
0	0.01619	0.29694	0.29775	0.01763	0.02489	0.04023	0.10512	0.02114	0.01457	0.01940	0.01187	0.01462	0.00960	0.00901	0.04631	0.00248	0.03465	0.00518	0.00310	0.00932
1	0.00942	0.00670	0.00880	0.01014	0.01080	0.00650	0.00703	0.01151	0.05105	0.01828	0.03607	0.61563	0.04213	0.02116	0.01007	0.05509	0.00443	0.06307	0.00628	0.00584
2	0.05919	0.01735	0.03622	0.06325	0.03404	0.01663	0.56893	0.02117	0.01588	0.02231	0.01542	0.06731	0.01273	0.00704	0.00800	0.00237	0.01077	0.00866	0.00375	0.00897
3	0.04859	0.04029	0.03816	0.01866	0.15247	0.05644	0.01290	0.09375	0.01957	0.34744	0.04382	0.02116	0.01590	0.00801	0.00669	0.00206	0.00689	0.00654	0.04992	0.01074
4	0.02020	0.22879	0.11657	0.01495	0.02015	0.21032	0.01373	0.12229	0.04430	0.02259	0.01614	0.01738	0.04887	0.00780	0.00645	0.00189	0.02845	0.00548	0.04456	0.00909
5	0.59779	0.09760	0.08084	0.01039	0.01536	0.01649	0.00966	0.02013	0.01263	0.02810	0.01335	0.01472	0.04647	0.00705	0.00477	0.00210	0.00599	0.00451	0.00416	0.00788
6	0.01380	0.01702	0.14656	0.12430	0.02297	0.05402	0.04059	0.05310	0.11331	0.02284	0.09203	0.05795	0.19071	0.01110	0.00743	0.00228	0.00702	0.00937	0.00524	0.00835
7	0.00847	0.00620	0.00797	0.00938	0.01003	0.00570	0.00633	0.00975	0.01368	0.01794	0.04251	0.66441	0.12933	0.02134	0.00882	0.00277	0.00398	0.01920	0.00648	0.00570
8	0.01820	0.01564	0.01768	0.01522	0.01950	0.01779	0.04847	0.09950	0.59632	0.03025	0.02648	0.02474	0.01979	0.00916	0.00715	0.00234	0.00608	0.00775	0.00689	0.01104
9	0.80405	0.01350	0.01026	0.00918	0.01350	0.01565	0.00756	0.02051	0.01188	0.03131	0.00972	0.01134	0.00756	0.00648	0.00432	0.00216	0.00540	0.00378	0.00432	0.00756
10	0.00988	0.00713	0.00933	0.00878	0.01043	0.00658	0.00658	0.01317	0.01975	0.02798	0.70754	0.05213	0.06584	0.01427	0.00823	0.00219	0.00329	0.01262	0.00768	0.00658
11	0.00845	0.00708	0.00735	0.00728	0.00955	0.00598	0.00546	0.01040	0.01638	0.01997	0.14854	0.06532	0.62985	0.01726	0.00825	0.00234	0.00350	0.01447	0.00663	0.00598
12	0.01866	0.75896	0.03657	0.01194	0.01791	0.02761	0.01194	0.02090	0.01418	0.01642	0.00970	0.01119	0.00896	0.00597	0.00448	0.00149	0.00746	0.00373	0.00299	0.00896
13	0.01866	0.75896	0.03657	0.01194	0.01791	0.02761	0.01194	0.02090	0.01418	0.01642	0.00970	0.01119	0.00896	0.00597	0.00448	0.00149	0.00746	0.00373	0.00299	0.00896
14	0.01339	0.01283	0.02226	0.69136	0.04730	0.01564	0.06324	0.01813	0.01412	0.01813	0.01252	0.01862	0.00939	0.00690	0.00706	0.00233	0.00946	0.00634	0.00313	0.00786
15	0.80405	0.01350	0.01026	0.00918	0.01350	0.01565	0.00756	0.02051	0.01188	0.03131	0.00972	0.01134	0.00756	0.00648	0.00432	0.00216	0.00540	0.00378	0.00432	0.00756
16	0.01727	0.01658	0.02832	0.04283	0.71123	0.01658	0.02142	0.02142	0.01589	0.02280	0.01313	0.01727	0.01105	0.00622	0.00691	0.00207	0.00829	0.00622	0.00345	0.01105
17	0.01015	0.00677	0.00761	0.00761	0.00761	0.00677	0.00423	0.01015	0.01015	0.01353	0.02199	0.04567	0.02537	0.75476	0.03552	0.00677	0.00677	0.01015	0.00423	0.00423
18	0.00825	0.00707	0.00707	0.00707	0.00943	0.00589	0.00530	0.01001	0.01591	0.01885	0.07069	0.06716	0.70839	0.01767	0.00825	0.00236	0.00353	0.01473	0.00648	0.00589
19	0.00997	0.00748	0.01121	0.01121	0.01246	0.00872	0.00872	0.01246	0.01121	0.01620	0.01869	0.02741	0.01745	0.05234	0.72710	0.01121	0.01869	0.00748	0.00374	0.00623
20	0.00858	0.00708	0.00753	0.00742	0.00963	0.00603	0.00556	0.01065	0.01668	0.02070	0.19951	0.06412	0.57842	0.01698	0.00824	0.00232	0.00349	0.01430	0.00672	0.00603
21	0.02611	0.01895	0.02042	0.01580	0.02126	0.02093	0.01300	0.62025	0.07613	0.06858	0.01793	0.01763	0.01269	0.00846	0.00699	0.00211	0.00747	0.00642	0.00705	0.01181
22	0.01481	0.02241	0.25597	0.07797	0.03069	0.01565	0.26527	0.02122	0.03821	0.02215	0.03789	0.02022	0.01302	0.00718	0.00779	0.00222	0.03279	0.02757	0.00370	0.08329
23	0.01759	0.05077	0.36706	0.02316	0.12893	0.07577	0.08414	0.08830	0.01728	0.04260	0.01327	0.01567	0.00989	0.00690	0.00721	0.00216	0.02967	0.00569	0.00369	0.01024
24	0.01400	0.03610	0.71860	0.01989	0.03020	0.01621	0.02578	0.02210	0.01473	0.02210	0.01252	0.01473	0.00884	0.00663	0.00663	0.00221	0.01031	0.00516	0.00295	0.01031
25	0.00889	0.00633	0.00847	0.01003	0.01057	0.00599	0.00699	0.01031	0.01359	0.01805	0.03776	0.64634	0.04478	0.04438	0.00983	0.00300	0.00442	0.09814	0.00640	0.00572
26	0.01591	0.14765	0.41337	0.01907	0.05362	0.03671	0.07198	0.02176	0.01520	0.05579	0.01505	0.05591	0.01245	0.00776	0.00664	0.00215	0.00927	0.02638	0.00362	0.00970
27	0.02770	0.04320	0.05507	0.01375	0.01935	0.01433	0.01187	0.17769	0.07860	0.44758	0.02376	0.02145	0.01565	0.00844	0.00690	0.00214	0.00658	0.00671	0.00763	0.01161
28	0.00982	0.00713	0.00925	0.00872	0.01039	0.00656	0.00654	0.01307	0.01963	0.02768	0.68665	0.05262	0.08692	0.01438	0.00823	0.00220	0.00330	0.01269	0.00764	0.00656
29	0.02880	0.01132	0.01539	0.01199	0.01695	0.00983	0.00983	0.03157	0.01995	0.63556	0.10709	0.02707	0.02296	0.00930	0.00716	0.00216	0.00563	0.00767	0.00853	0.01126
30	0.01727	0.01658	0.02832	0.04283	0.71123	0.01658	0.02142	0.02142	0.01589	0.02280	0.01313	0.01727	0.01105	0.00622	0.00691	0.00207	0.00829	0.00622	0.00345	0.01105
31	0.01015	0.00677	0.00761	0.00761	0.00761	0.00677	0.00423	0.01015	0.01015	0.01353	0.02199	0.04567	0.02537	0.75476	0.03552	0.00677	0.00677	0.01015	0.00423	0.00423
32	0.00882	0.00709	0.00787	0.00767	0.00978	0.00614	0.00576	0.01113	0.01727	0.02208	0.29581	0.06184	0.48126	0.01647	0.00824	0.00230	0.00345	0.01398	0.00690	0.00614
33	0.01558	0.01501	0.02600	0.32281	0.40894	0.01620	0.05461	0.02002	0.01514	0.02077	0.01288	0.01789	0.01032	0.00651	0.00700	0.00219	0.00888	0.00631	0.00332	0.00964
34	0.01617	0.01834	0.03993	0.02867	0.03548	0.01720	0.66034	0.02188	0.01635	0.02218	0.01503	0.04632	0.01193	0.00648	0.00826	0.00237	0.01147	0.00867	0.00364	0.00927
35	0.01318	0.01240	0.02093	0.73798	0.04806	0.01550	0.01938	0.01783	0.01395	0.01783	0.01240	0.01860	0.00930	0.00698	0.00698	0.00233	0.00930	0.00620	0.00310	0.00775
36	0.80405	0.01350	0.01026	0.00918	0.01350	0.01565	0.00756	0.02051	0.01188	0.03131	0.00972	0.01134	0.00756	0.00648	0.00432	0.00216	0.00540	0.00378	0.00432	0.00756
37	0.01318	0.01240	0.02093	0.73798	0.04806	0.01550	0.01938	0.01783	0.01395	0.01783	0.01240	0.01860	0.00930	0.00698	0.00698	0.00233	0.00930	0.00620	0.00310	0.00775
38	0.00981	0.00713	0.00924	0.00871	0.01039	0.00656	0.00653	0.01304	0.01960	0.02762	0.68198	0.05273	0.09164	0.01440	0.00823	0.00220	0.00330	0.01270	0.00763	0.00656
39	0.02653	0.01955	0.02094	0.01606	0.02164	0.02164	0.01326	0.68796	0.03281	0.04398	0.01675	0.01675	0.01187	0.00838	0.00698	0.00209	0.00768	0.00628	0.00698	0.01187
40	0.00826	0.00703	0.00711	0.00718	0.00945	0.00588	0.00535	0.01000	0.01580	0.01881	0.06939	0.09472	0.68167	0.01784	0.00827	0.00238	0.00356	0.01493	0.00648	0.00588
41	0.02321	0.01404	0.01690	0.01383	0.01850	0.01456	0.03118	0.12247	0.28924	0.28589	0.05016	0.02596	0.04291	0.00934	0.00716	0.00225	0.00602	0.00775	0.00755	0.01109
42	0.01457	0.12541	0.63434	0.01891	0.02868	0.01762	0.02407	0.02195	0.01466	0.02140	0.01217	0.01430	0.00885	0.00655	0.00636	0.00212	0.00996	0.00498	0.00295	0.01015
43	0.00850	0.00607	0.00810	0.00972	0.01012	0.00567	0.00648	0.00972	0.01336	0.01781	0.03846	0.75020	0.04615	0.02186	0.00891	0.00283	0.00405	0.01984	0.00648	0.00567
44	0.02990	0.01214	0.01616	0.01247	0.01769	0.01082	0.01027	0.07597	0.02081	0.63661	0.06163	0.02474	0.01940	0.00891	0.00708	0.00216	0.00592	0.00726	0.00848	0.01160
45	0.01400	0.03610	0.71860	0.01989	0.03020	0.01621	0.02578	0.02210	0.01473	0.02210	0.01252	0.01473	0.00884	0.00663	0.00663	0.00221	0.01031	0.00516	0.00295	0.01031
46	0.02356	0.02407	0.01945	0.06472	0.04832	0.34687	0.01342	0.23324	0.02262	0.02657	0.01384	0.01571	0.01077	0.00775	0.00698	0.00196	0.03281	0.00546	0.07267	0.00922
47	0.02653	0.01955	0.02094	0.01606	0.02164	0.02164	0.01326	0.68796	0.03281	0.04398	0.01675	0.01675	0.01187	0.00838	0.00698	0.00209	0.00768	0.00628	0.00698	0.01187
48	0.02559	0.03296	0.04801	0.01800	0.02192	0.67684	0.01397	0.04750	0.01996	0.01809	0.01104	0.01280	0.00907	0.00720	0.00633	0.00182	0.01234	0.00457	0.00367	0.00829
49	0.04572	0.13905	0.02722	0.11362	0.09304	0.21133	0.15642	0.02435	0.08452	0.02042	0.01347	0.01620	0.01074	0.00680	0.00657	0.00203	0.00982	0.00586	0.00378	0.00902
50	0.00850	0.00607	0.00810	0.00972	0.01012	0.00567	0.00648	0.00972	0.01336	0.01781	0.03846	0.75020	0.04615	0.02186	0.00891	0.00283	0.00405	0.01984	0.00648	0.00567
51	0.00825	0.00707	0.00707	0.00707	0.00943	0.00589	0.00530	0.01001	0.01591	0.01885	0.07069	0.06716	0.70839	0.01767	0.00825	0.00236	0.00353	0.01473	0.00648	0.00589
52	0.02534	0.03082	0.01999	0.01784	0.02135	0.61675	0.01359	0.08318	0.02024	0.01934	0.01118	0.01313	0.00925	0.00765	0.00753	0.00191	0.06393	0.00476	0.00384	0.00838
53	0.00854	0.00616	0.00801	0.00947	0.00999	0.00572	0.00632	0.00975	0.01342	0.01774	0.04002	0.68134	0.08903	0.04647	0.00977	0.00294	0.00411	0.01917	0.00640	0.00563
54	0.07408	0.02084	0.01648	0.01461	0.01848	0.28824	0.01126	0.04775	0.21043	0.12823	0.04021	0.04562	0.03573	0.00902	0.00671	0.00211	0.00819	0.00686	0.00578	0.00938
55	0.01674	0.01375	0.01569	0.01141	0.01750	0.01162	0.00921	0.14363	0.01792	0.02673	0.01322	0.01490	0.01062	0.00577	0.00551	0.00123	0.00564	0.00454	0.00467	0.64970
