[name]
unknown

[dist]
# distance from previous block
# <min> <max>
2	32

[block]
# block no. 0 follows, 34 sequences, length 21
# corresponding to MSA columns:
# 32-52
name=unknown_A
#
# <colnr> <probs for GDERKNQSTAVLIFYWHMCP>
#	G	D	E	R	K	N	Q	S	T	A	V	L	I	F	Y	W	H	M	C	P
0	0.04864	0.01364	0.01662	0.06147	0.01944	0.01388	0.01097	0.26409	0.05290	0.39860	0.02070	0.01921	0.01369	0.00779	0.00641	0.00200	0.00623	0.00616	0.00696	0.01059
1	0.01285	0.00753	0.01008	0.00941	0.01154	0.00694	0.00749	0.01579	0.01770	0.14922	0.47817	0.04819	0.04872	0.01315	0.00766	0.00220	0.00401	0.13538	0.00705	0.00693
2	0.81856	0.01250	0.00950	0.00850	0.01250	0.01449	0.00700	0.01899	0.01100	0.02899	0.00900	0.01050	0.00700	0.00600	0.00400	0.00200	0.00500	0.00350	0.00400	0.00700
3	0.00781	0.00586	0.00726	0.00837	0.00921	0.00530	0.00572	0.00907	0.01297	0.01674	0.04319	0.58938	0.21718	0.01926	0.00809	0.00251	0.00363	0.01717	0.00600	0.00530
4	0.01421	0.01435	0.02099	0.01764	0.01806	0.01956	0.05964	0.01589	0.01025	0.01589	0.00878	0.01435	0.00857	0.01093	0.02032	0.00278	0.71198	0.00578	0.00286	0.00718
5	0.02456	0.01810	0.01939	0.01487	0.02004	0.02004	0.01228	0.71107	0.03038	0.04072	0.01551	0.01551	0.01099	0.00776	0.00646	0.00194	0.00711	0.00582	0.00646	0.01099
6	0.02899	0.01100	0.01499	0.01150	0.01649	0.00950	0.00950	0.03149	0.01849	0.73709	0.02549	0.02199	0.01599	0.00800	0.00650	0.00200	0.00550	0.00650	0.00800	0.01100
7	0.00863	0.00617	0.00837	0.00987	0.01058	0.00590	0.00732	0.01031	0.01312	0.01735	0.03519	0.55995	0.04107	0.01952	0.00845	0.00273	0.00441	0.21961	0.00598	0.00546
8	0.02899	0.01100	0.01499	0.01150	0.01649	0.00950	0.00950	0.03149	0.01849	0.73709	0.02549	0.02199	0.01599	0.00800	0.00650	0.00200	0.00550	0.00650	0.00800	0.01100
9	0.00770	0.00655	0.00664	0.00662	0.00877	0.00548	0.00496	0.00940	0.01489	0.01783	0.09499	0.06156	0.70022	0.01622	0.00764	0.00218	0.00326	0.01355	0.00605	0.00548
10	0.01555	0.01490	0.02542	0.12384	0.65191	0.01524	0.01961	0.01944	0.01450	0.02057	0.01208	0.01614	0.01004	0.00584	0.00640	0.00195	0.00779	0.00576	0.00316	0.00988
11	0.01220	0.01148	0.01938	0.75739	0.04450	0.01436	0.01794	0.01651	0.01292	0.01651	0.01148	0.01723	0.00861	0.00646	0.00646	0.00215	0.00861	0.00574	0.00287	0.00718
12	0.01498	0.01930	0.12038	0.02620	0.03309	0.01618	0.62878	0.02067	0.01506	0.02067	0.01290	0.01698	0.00961	0.00553	0.00745	0.00216	0.01074	0.00729	0.00320	0.00881
13	0.01220	0.01148	0.01938	0.75739	0.04450	0.01436	0.01794	0.01651	0.01292	0.01651	0.01148	0.01723	0.00861	0.00646	0.00646	0.00215	0.00861	0.00574	0.00287	0.00718
14	0.01480	0.01405	0.02387	0.22819	0.52585	0.01481	0.01900	0.01873	0.01424	0.01983	0.01275	0.01830	0.01075	0.00636	0.00650	0.00202	0.00786	0.02959	0.00321	0.00928
15	0.01155	0.01076	0.01815	0.57826	0.03735	0.01278	0.05338	0.01535	0.01305	0.01678	0.01735	0.12644	0.04476	0.00880	0.00683	0.00222	0.00781	0.00799	0.00347	0.00691
16	0.01220	0.01148	0.01938	0.75739	0.04450	0.01436	0.01794	0.01651	0.01292	0.01651	0.01148	0.01723	0.00861	0.00646	0.00646	0.00215	0.00861	0.00574	0.00287	0.00718
17	0.01763	0.31172	0.32819	0.01441	0.02148	0.04030	0.01625	0.02205	0.01440	0.13859	0.01289	0.01374	0.00954	0.00623	0.00543	0.00177	0.00793	0.00454	0.00364	0.00925
18	0.01433	0.06701	0.49617	0.02007	0.02836	0.05535	0.18745	0.02075	0.01425	0.02000	0.01173	0.01428	0.00859	0.00597	0.00638	0.00202	0.00985	0.00536	0.00289	0.00917
19	0.01831	0.01538	0.03116	0.02267	0.02858	0.01424	0.50553	0.02292	0.01601	0.19296	0.01713	0.02133	0.01268	0.00669	0.00742	0.00218	0.00935	0.04180	0.00454	0.00912
20	0.01565	0.01437	0.02526	0.21964	0.43617	0.01489	0.09963	0.01972	0.01452	0.05894	0.01282	0.01680	0.01009	0.00602	0.00656	0.00201	0.00817	0.00601	0.00338	0.00932

[dist]
# distance from previous block
# <min> <max>
0	1

[block]
# block no. 1 follows, 34 sequences, length 10
# corresponding to MSA columns:
# 54-63
name=unknown_B
#
# <colnr> <probs for GDERKNQSTAVLIFYWHMCP>
#	G	D	E	R	K	N	Q	S	T	A	V	L	I	F	Y	W	H	M	C	P
0	0.01337	0.01267	0.02149	0.53657	0.25621	0.01466	0.01852	0.01753	0.01347	0.01792	0.01169	0.01685	0.00911	0.00624	0.00644	0.00208	0.00832	0.00575	0.00297	0.00812
1	0.02709	0.01131	0.01599	0.06069	0.06421	0.01018	0.01070	0.02979	0.01790	0.64538	0.02375	0.02130	0.01516	0.00776	0.00649	0.00200	0.00584	0.00640	0.00736	0.01070
2	0.01343	0.01125	0.01848	0.47603	0.15175	0.01285	0.01592	0.01706	0.01354	0.06955	0.01609	0.12580	0.01434	0.00844	0.00671	0.00217	0.00753	0.00762	0.00375	0.00768
3	0.05728	0.07202	0.66177	0.01748	0.02651	0.01554	0.02226	0.02032	0.01347	0.02065	0.01131	0.01329	0.00813	0.00610	0.00592	0.00201	0.00916	0.00463	0.00280	0.00934
4	0.01220	0.01148	0.01938	0.75739	0.04450	0.01436	0.01794	0.01651	0.01292	0.01651	0.01148	0.01723	0.00861	0.00646	0.00646	0.00215	0.00861	0.00574	0.00287	0.00718
5	0.01231	0.01465	0.12328	0.65077	0.04212	0.01445	0.01880	0.01708	0.01302	0.01708	0.01150	0.01671	0.00855	0.00641	0.00641	0.00214	0.00875	0.00560	0.00285	0.00752
6	0.01001	0.00785	0.01112	0.11774	0.01579	0.00893	0.00880	0.01341	0.06874	0.01613	0.02064	0.15030	0.02073	0.12682	0.36577	0.00671	0.01139	0.00901	0.00411	0.00601
7	0.02177	0.01661	0.01939	0.18239	0.02556	0.01876	0.01356	0.55437	0.02644	0.03526	0.01460	0.01590	0.01045	0.00746	0.00646	0.00199	0.00745	0.00580	0.00565	0.01013
8	0.01679	0.01164	0.01294	0.01121	0.01444	0.01227	0.00877	0.23306	0.14684	0.09283	0.05283	0.16051	0.11054	0.01144	0.00683	0.00211	0.00505	0.00959	0.07175	0.00856
9	0.01684	0.01647	0.02970	0.12288	0.03062	0.01722	0.39520	0.17542	0.01786	0.02418	0.01299	0.01667	0.00979	0.00663	0.00843	0.00218	0.07738	0.00678	0.00390	0.00887

[dist]
# distance from previous block
# <min> <max>
2	15

[block]
# block no. 2 follows, 34 sequences, length 8
# corresponding to MSA columns:
# 79-86
name=unknown_C
#
# <colnr> <probs for GDERKNQSTAVLIFYWHMCP>
#	G	D	E	R	K	N	Q	S	T	A	V	L	I	F	Y	W	H	M	C	P
0	0.01743	0.01317	0.01507	0.01109	0.01663	0.01164	0.00899	0.19781	0.01818	0.07799	0.01354	0.01457	0.01040	0.00579	0.00535	0.00129	0.00544	0.00454	0.00481	0.54627
1	0.01387	0.01213	0.01736	0.36707	0.02973	0.01473	0.01466	0.08628	0.10339	0.02054	0.01708	0.02668	0.01494	0.00942	0.00889	0.00236	0.11031	0.11866	0.00419	0.00772
2	0.19359	0.14412	0.01713	0.01218	0.01594	0.27792	0.00979	0.02230	0.01524	0.11834	0.01414	0.06803	0.01198	0.00754	0.00536	0.00180	0.00759	0.00534	0.04392	0.00776
3	0.02456	0.01810	0.01939	0.01487	0.02004	0.02004	0.01228	0.71107	0.03038	0.04072	0.01551	0.01551	0.01099	0.00776	0.00646	0.00194	0.00711	0.00582	0.00646	0.01099
4	0.01143	0.00936	0.01119	0.01073	0.01303	0.00974	0.02938	0.01888	0.24694	0.02145	0.10413	0.11011	0.17503	0.06484	0.00928	0.00263	0.00482	0.13380	0.00606	0.00716
5	0.29286	0.12901	0.16198	0.17287	0.02325	0.01564	0.01346	0.01927	0.01292	0.06205	0.03529	0.01448	0.01010	0.00641	0.00524	0.00195	0.00694	0.00468	0.00365	0.00793
6	0.08977	0.01513	0.01858	0.21896	0.02559	0.01794	0.01368	0.34394	0.02048	0.02887	0.01267	0.01531	0.00957	0.00783	0.00868	0.00215	0.13171	0.00556	0.00466	0.00894
7	0.01249	0.05445	0.01441	0.01645	0.16747	0.01000	0.01015	0.01597	0.07624	0.06766	0.02738	0.40517	0.02950	0.01426	0.00738	0.00234	0.00515	0.05077	0.00539	0.00738

[dist]
# distance from previous block
# <min> <max>
7	22

[block]
# block no. 3 follows, 34 sequences, length 38
# corresponding to MSA columns:
# 109-146
name=unknown_D
#
# <colnr> <probs for GDERKNQSTAVLIFYWHMCP>
#	G	D	E	R	K	N	Q	S	T	A	V	L	I	F	Y	W	H	M	C	P
0	0.27528	0.05188	0.01567	0.11285	0.09183	0.05453	0.01084	0.02108	0.07217	0.09213	0.03300	0.01567	0.01143	0.00651	0.00534	0.00184	0.00620	0.00494	0.00433	0.11246
1	0.03445	0.04846	0.01236	0.01043	0.01335	0.03086	0.00853	0.04450	0.04925	0.04031	0.11442	0.08408	0.12397	0.01234	0.00739	0.00212	0.02460	0.18299	0.00546	0.15015
2	0.07951	0.01108	0.01320	0.04717	0.06639	0.04773	0.02726	0.01900	0.14041	0.07313	0.07868	0.26514	0.02640	0.01178	0.00683	0.00216	0.00533	0.01031	0.00547	0.06301
3	0.08328	0.47298	0.12649	0.01304	0.01889	0.05480	0.03553	0.09359	0.01517	0.01998	0.01022	0.01166	0.00851	0.00594	0.00484	0.00162	0.00748	0.00406	0.00330	0.00862
4	0.01788	0.07607	0.01757	0.01345	0.01664	0.07157	0.01084	0.22715	0.17877	0.02624	0.07472	0.02139	0.01726	0.07056	0.01082	0.00243	0.12606	0.00659	0.00523	0.00875
5	0.01570	0.01797	0.13574	0.04839	0.34415	0.01544	0.10465	0.07510	0.09964	0.02327	0.04550	0.01818	0.01322	0.00664	0.00659	0.00202	0.00785	0.00629	0.00395	0.00973
6	0.07651	0.00793	0.00936	0.00880	0.01067	0.00785	0.00666	0.06869	0.01742	0.02526	0.46126	0.11671	0.07564	0.04644	0.00844	0.00230	0.00385	0.03338	0.00647	0.00635
7	0.01488	0.00956	0.01087	0.00958	0.01205	0.06674	0.00739	0.01769	0.01834	0.18727	0.51062	0.03932	0.04646	0.01149	0.00722	0.00200	0.00430	0.00989	0.00701	0.00733
8	0.01844	0.01475	0.01578	0.01334	0.01734	0.01663	0.01060	0.26596	0.42598	0.03166	0.07938	0.02309	0.02004	0.00878	0.00662	0.00209	0.00564	0.00715	0.00658	0.01016
9	0.08872	0.01765	0.01859	0.01435	0.01943	0.01959	0.01185	0.65515	0.02881	0.03977	0.01499	0.01511	0.01067	0.00761	0.00626	0.00194	0.00694	0.00563	0.00626	0.01067
10	0.00984	0.00693	0.00787	0.00743	0.00964	0.00598	0.00565	0.01198	0.01612	0.07893	0.26410	0.05466	0.46802	0.01472	0.00754	0.00212	0.00339	0.01246	0.00650	0.00610
11	0.81856	0.01250	0.00950	0.00850	0.01250	0.01449	0.00700	0.01899	0.01100	0.02899	0.00900	0.01050	0.00700	0.00600	0.00400	0.00200	0.00500	0.00350	0.00400	0.00700
12	0.01029	0.00740	0.01024	0.01166	0.01318	0.00735	0.01017	0.01321	0.01487	0.01925	0.03558	0.07242	0.06753	0.01778	0.00887	0.00294	0.00583	0.65954	0.00595	0.00593
13	0.00787	0.00562	0.00750	0.00900	0.00937	0.00525	0.00600	0.00900	0.01237	0.01649	0.03561	0.76871	0.04274	0.02024	0.00825	0.00262	0.00375	0.01837	0.00600	0.00525
14	0.01423	0.01440	0.02127	0.01779	0.01832	0.01951	0.07030	0.01597	0.01033	0.01597	0.00885	0.01440	0.00859	0.01084	0.02011	0.00277	0.70048	0.00581	0.00286	0.00720
15	0.00780	0.00633	0.00692	0.00723	0.00894	0.00545	0.00525	0.00942	0.01443	0.01783	0.10559	0.22575	0.52246	0.01704	0.00778	0.00227	0.00337	0.01460	0.00608	0.00545
16	0.81856	0.01250	0.00950	0.00850	0.01250	0.01449	0.00700	0.01899	0.01100	0.02899	0.00900	0.01050	0.00700	0.00600	0.00400	0.00200	0.00500	0.00350	0.00400	0.00700
17	0.00893	0.00660	0.00834	0.00791	0.00952	0.00601	0.00593	0.01179	0.01779	0.02473	0.63651	0.05021	0.15440	0.01365	0.00762	0.00205	0.00308	0.01196	0.00696	0.00601
18	0.00968	0.00650	0.00815	0.00774	0.00926	0.00608	0.00580	0.01273	0.01741	0.02557	0.59738	0.04376	0.05270	0.01215	0.00704	0.00193	0.00304	0.01063	0.15636	0.00608
19	0.00940	0.00626	0.00705	0.00705	0.00705	0.00626	0.00392	0.00940	0.00940	0.01253	0.02036	0.04228	0.02349	0.77292	0.03289	0.00626	0.00626	0.00940	0.00392	0.00392
20	0.00838	0.00636	0.00778	0.00850	0.00961	0.00592	0.00596	0.01069	0.04623	0.01859	0.14506	0.46765	0.19989	0.01779	0.00794	0.00242	0.00360	0.01580	0.00619	0.00565
21	0.01005	0.00681	0.00893	0.00828	0.00997	0.00625	0.00625	0.01308	0.01830	0.05847	0.69699	0.04706	0.05891	0.01297	0.00757	0.00203	0.00316	0.01145	0.00715	0.00632
22	0.00831	0.00581	0.00737	0.00844	0.00870	0.00554	0.00540	0.00911	0.01152	0.01536	0.03124	0.56025	0.03721	0.23623	0.01532	0.00367	0.00447	0.01579	0.00540	0.00487
23	0.81856	0.01250	0.00950	0.00850	0.01250	0.01449	0.00700	0.01899	0.01100	0.02899	0.00900	0.01050	0.00700	0.00600	0.00400	0.00200	0.00500	0.00350	0.00400	0.00700
24	0.04240	0.00737	0.00920	0.00902	0.01087	0.00688	0.00664	0.01467	0.03834	0.13457	0.22280	0.32752	0.11451	0.01507	0.00752	0.00228	0.00388	0.01325	0.00656	0.00664
25	0.00940	0.00626	0.00705	0.00705	0.00705	0.00626	0.00392	0.00940	0.00940	0.01253	0.02036	0.04228	0.02349	0.77292	0.03289	0.00626	0.00626	0.00940	0.00392	0.00392
26	0.00798	0.00567	0.00747	0.00886	0.00921	0.00532	0.00585	0.00902	0.01216	0.01622	0.03456	0.71839	0.04140	0.07238	0.00995	0.00288	0.00392	0.01775	0.00585	0.00516
27	0.00853	0.00610	0.00734	0.00805	0.00915	0.00559	0.00571	0.01023	0.01375	0.01855	0.11645	0.38701	0.21430	0.03771	0.00835	0.00245	0.00364	0.04301	0.08861	0.00546
28	0.50990	0.01076	0.00993	0.00902	0.01244	0.01172	0.00734	0.01846	0.01328	0.10627	0.11221	0.04421	0.03973	0.00885	0.00539	0.00211	0.00478	0.06134	0.00514	0.00715
29	0.02567	0.01631	0.01829	0.01402	0.01915	0.01739	0.01158	0.54034	0.02739	0.21567	0.01802	0.01714	0.01225	0.00782	0.00647	0.00195	0.00671	0.00599	0.00685	0.01099
30	0.69336	0.01249	0.01033	0.00910	0.01315	0.01424	0.00745	0.02119	0.06894	0.08296	0.01166	0.01247	0.00871	0.00637	0.00440	0.00201	0.00505	0.00404	0.00451	0.00756
31	0.00852	0.00606	0.00777	0.00883	0.00948	0.00575	0.00605	0.00991	0.03232	0.01640	0.03569	0.54949	0.10910	0.06146	0.01081	0.06322	0.00411	0.04419	0.00566	0.00518
32	0.00802	0.00605	0.00733	0.00821	0.00922	0.00549	0.00573	0.00938	0.01322	0.01696	0.06364	0.45617	0.25858	0.06060	0.00944	0.00269	0.00381	0.04427	0.00591	0.00529
33	0.01340	0.01148	0.01340	0.00957	0.01531	0.00861	0.00766	0.01627	0.01340	0.02105	0.01148	0.01340	0.00957	0.00479	0.00479	0.00096	0.00479	0.00383	0.00383	0.81242
34	0.16791	0.52738	0.02727	0.01111	0.01631	0.02272	0.01047	0.11658	0.01516	0.02137	0.00990	0.01111	0.00843	0.00593	0.00444	0.00158	0.00658	0.00380	0.00351	0.00843
35	0.05366	0.54144	0.10289	0.01251	0.01801	0.06351	0.01248	0.06686	0.01442	0.01815	0.00973	0.01129	0.00842	0.00606	0.00529	0.00159	0.03826	0.00388	0.00310	0.00845
36	0.01151	0.03189	0.01027	0.00964	0.01130	0.00822	0.00721	0.04526	0.06878	0.06428	0.09993	0.28305	0.09161	0.11341	0.03173	0.00311	0.00507	0.09150	0.00585	0.00637
37	0.01759	0.15100	0.06374	0.01198	0.01617	0.01435	0.01065	0.11356	0.13039	0.14907	0.15233	0.02896	0.02459	0.00951	0.00652	0.00202	0.00576	0.07704	0.00591	0.00886

[dist]
# distance from previous block
# <min> <max>
4	12

[block]
# block no. 4 follows, 34 sequences, length 72
# corresponding to MSA columns:
# 160-198,200-232
name=unknown_E
#
# <colnr> <probs for GDERKNQSTAVLIFYWHMCP>
#	G	D	E	R	K	N	Q	S	T	A	V	L	I	F	Y	W	H	M	C	P
0	0.25903	0.07564	0.02985	0.01375	0.10385	0.01310	0.00984	0.06902	0.02869	0.02359	0.06975	0.07082	0.03544	0.04980	0.05743	0.00285	0.00648	0.06912	0.00454	0.00739
1	0.28621	0.01571	0.08056	0.05480	0.01852	0.03864	0.01092	0.15893	0.01703	0.15213	0.01387	0.01454	0.00990	0.00662	0.00541	0.00187	0.00633	0.00479	0.00496	0.09826
2	0.01152	0.00760	0.01286	0.07920	0.01481	0.00779	0.08511	0.01093	0.01024	0.01379	0.05005	0.02107	0.01380	0.02030	0.06790	0.55229	0.00710	0.00626	0.00314	0.00423
3	0.01058	0.00586	0.00810	0.00805	0.00819	0.00582	0.00524	0.00901	0.00956	0.01289	0.07922	0.02786	0.01881	0.20707	0.02552	0.53871	0.00554	0.00710	0.00347	0.00338
4	0.02233	0.02619	0.01690	0.01533	0.01848	0.59720	0.01158	0.02417	0.01759	0.06059	0.04731	0.01536	0.01212	0.01089	0.07385	0.00250	0.01136	0.00493	0.00382	0.00748
5	0.01296	0.03342	0.73944	0.01842	0.02797	0.01501	0.02387	0.02046	0.01364	0.02046	0.01160	0.01364	0.00818	0.00614	0.00614	0.00205	0.00955	0.00477	0.00273	0.00955
6	0.00826	0.00591	0.00769	0.00884	0.00940	0.00555	0.00605	0.00956	0.01281	0.01708	0.08949	0.57581	0.06848	0.08832	0.01047	0.00292	0.00404	0.05820	0.00589	0.00524
7	0.00926	0.00697	0.00856	0.00843	0.00995	0.00664	0.00617	0.01285	0.07133	0.02267	0.43285	0.18168	0.14226	0.04060	0.00852	0.00232	0.00348	0.01276	0.00661	0.00610
8	0.05437	0.00766	0.00919	0.00849	0.01073	0.00712	0.00635	0.01661	0.01475	0.19943	0.11169	0.17673	0.11672	0.08196	0.00906	0.00245	0.00421	0.01034	0.14524	0.00691
9	0.01998	0.01322	0.01484	0.01243	0.01652	0.01414	0.00992	0.16273	0.34116	0.20018	0.05101	0.02555	0.07073	0.00910	0.00665	0.00209	0.00539	0.00744	0.00687	0.01007
10	0.74627	0.01236	0.01000	0.00877	0.01286	0.01404	0.00723	0.02014	0.01168	0.09383	0.01051	0.01155	0.00782	0.00618	0.00423	0.00200	0.00504	0.00377	0.00436	0.00736
11	0.03119	0.00765	0.00884	0.00878	0.01067	0.00722	0.00645	0.07523	0.01549	0.06591	0.07730	0.35049	0.27801	0.01625	0.00762	0.00232	0.00400	0.01410	0.00617	0.00630
12	0.03773	0.00667	0.00754	0.00734	0.00779	0.00664	0.00441	0.01072	0.01057	0.03858	0.08505	0.04106	0.02611	0.65149	0.02870	0.00559	0.00590	0.00931	0.00435	0.00446
13	0.02186	0.01071	0.01317	0.01060	0.01435	0.01029	0.00849	0.15072	0.01939	0.36548	0.11687	0.02586	0.02163	0.05562	0.00798	0.00218	0.00516	0.00718	0.12328	0.00918
14	0.01056	0.00708	0.00850	0.00862	0.01021	0.00656	0.00618	0.03111	0.03708	0.08095	0.10145	0.35192	0.23272	0.06470	0.00934	0.00259	0.00400	0.01416	0.00617	0.00611
15	0.20200	0.00847	0.00886	0.00831	0.01054	0.00859	0.00620	0.03356	0.01402	0.08882	0.13964	0.13560	0.10676	0.11660	0.00993	0.00265	0.00441	0.00944	0.07920	0.00640
16	0.00833	0.00634	0.00762	0.00801	0.00930	0.00577	0.00569	0.01041	0.02739	0.01937	0.22902	0.31903	0.26161	0.04107	0.00865	0.00244	0.00352	0.01462	0.00624	0.00559
17	0.81856	0.01250	0.00950	0.00850	0.01250	0.01449	0.00700	0.01899	0.01100	0.02899	0.00900	0.01050	0.00700	0.00600	0.00400	0.00200	0.00500	0.00350	0.00400	0.00700
18	0.00977	0.00702	0.00798	0.00786	0.00987	0.00630	0.00589	0.01240	0.04572	0.06362	0.16894	0.15763	0.41015	0.01537	0.00756	0.00221	0.00357	0.02688	0.02517	0.00610
19	0.00949	0.00657	0.00759	0.00770	0.00803	0.00659	0.00466	0.01075	0.04569	0.01465	0.06645	0.14692	0.02839	0.57931	0.02646	0.00527	0.00565	0.01073	0.00455	0.00456
20	0.00797	0.00567	0.00747	0.00887	0.00922	0.00532	0.00586	0.00902	0.01217	0.01623	0.03460	0.72056	0.04146	0.07013	0.00988	0.00287	0.00392	0.01777	0.00586	0.00516
21	0.00790	0.00646	0.00673	0.00682	0.00879	0.00550	0.00505	0.00962	0.01472	0.01812	0.10245	0.11528	0.61125	0.01618	0.00758	0.00218	0.00329	0.01363	0.03295	0.00550
22	0.03098	0.00709	0.00799	0.00749	0.00972	0.00631	0.00571	0.01302	0.01594	0.08911	0.25272	0.04946	0.38060	0.01357	0.00715	0.00205	0.00344	0.01143	0.07998	0.00626
23	0.00782	0.00581	0.00730	0.00850	0.00924	0.00529	0.00578	0.00905	0.01285	0.01669	0.04166	0.62550	0.18204	0.01946	0.00812	0.00253	0.00365	0.01741	0.00600	0.00529
24	0.02310	0.06181	0.01909	0.01643	0.01961	0.66224	0.01254	0.02477	0.01747	0.01577	0.00983	0.01178	0.00833	0.00695	0.00689	0.00174	0.06666	0.00424	0.00327	0.00749
25	0.01479	0.01254	0.02014	0.33936	0.29253	0.01380	0.01645	0.04962	0.01466	0.04792	0.01360	0.01770	0.01056	0.00645	0.00621	0.00197	0.00741	0.00581	0.09998	0.00849
26	0.00856	0.00652	0.00791	0.00779	0.00935	0.00597	0.00574	0.01080	0.01568	0.02099	0.37155	0.10628	0.27773	0.05023	0.06326	0.00293	0.00437	0.01240	0.00625	0.00570
27	0.00825	0.00657	0.00747	0.00776	0.00955	0.00579	0.00593	0.01021	0.01500	0.01882	0.15390	0.14080	0.46459	0.01654	0.00787	0.00231	0.00365	0.10326	0.00615	0.00559
28	0.05482	0.01476	0.01665	0.01320	0.01797	0.01565	0.01077	0.33157	0.16304	0.26137	0.02061	0.01911	0.01418	0.00797	0.00640	0.00201	0.00611	0.00624	0.00688	0.01069
29	0.01610	0.01603	0.02268	0.22357	0.41274	0.09710	0.01776	0.03531	0.05841	0.02009	0.01268	0.01632	0.01019	0.00627	0.00636	0.00197	0.00820	0.00567	0.00340	0.00914
30	0.01588	0.01499	0.02510	0.15687	0.49851	0.01573	0.06116	0.07011	0.01544	0.02158	0.01223	0.01619	0.00993	0.00618	0.00697	0.00201	0.03229	0.00587	0.00338	0.00958
31	0.01381	0.03223	0.70090	0.01805	0.02735	0.01471	0.02311	0.02105	0.01390	0.05859	0.01233	0.01409	0.00860	0.00624	0.00616	0.00204	0.00933	0.00487	0.00301	0.00963
32	0.01383	0.18417	0.59636	0.01692	0.02566	0.01715	0.02127	0.02024	0.01354	0.01940	0.01107	0.01298	0.00821	0.00601	0.00573	0.00191	0.00901	0.00451	0.00274	0.00929
33	0.01794	0.29046	0.20027	0.01674	0.08583	0.08466	0.04395	0.04547	0.01532	0.09876	0.03531	0.01478	0.01115	0.00639	0.00559	0.00176	0.00795	0.00491	0.00372	0.00904
34	0.01723	0.51324	0.12341	0.09518	0.02129	0.04501	0.01344	0.02028	0.01374	0.06924	0.01085	0.01246	0.00888	0.00593	0.00489	0.00161	0.00750	0.00413	0.00317	0.00851
35	0.00786	0.00566	0.00746	0.00889	0.00934	0.00526	0.00595	0.00901	0.01247	0.01654	0.03690	0.73818	0.07243	0.02008	0.00822	0.00260	0.00373	0.01816	0.00600	0.00526
36	0.01812	0.02653	0.33443	0.01658	0.02300	0.18644	0.03566	0.09463	0.08765	0.07081	0.03533	0.01611	0.01179	0.00701	0.00625	0.00196	0.00892	0.00539	0.00414	0.00926
37	0.01754	0.23731	0.36738	0.01548	0.03896	0.01723	0.01717	0.05089	0.01507	0.14550	0.01347	0.01432	0.00975	0.00635	0.00566	0.00184	0.00795	0.00477	0.00383	0.00953
38	0.00925	0.00686	0.01008	0.01008	0.01113	0.00791	0.00770	0.01134	0.01029	0.01477	0.01759	0.02693	0.01683	0.11479	0.68190	0.01001	0.01630	0.00715	0.00350	0.00560
39	0.00901	0.00660	0.00845	0.00798	0.00957	0.00604	0.00599	0.01193	0.01796	0.02514	0.66843	0.04954	0.12223	0.01350	0.00762	0.00205	0.00307	0.01186	0.00701	0.00604
40	0.01632	0.01847	0.12331	0.05090	0.13092	0.01574	0.38059	0.05950	0.05345	0.06432	0.01426	0.01724	0.01057	0.00607	0.00703	0.00210	0.00935	0.00674	0.00380	0.00933
41	0.04983	0.01327	0.01960	0.47979	0.10004	0.01581	0.01637	0.14794	0.01613	0.02199	0.01204	0.01633	0.00913	0.00688	0.00713	0.00212	0.04813	0.00566	0.00363	0.00816
42	0.01525	0.01743	0.03813	0.02723	0.03377	0.01634	0.70915	0.02070	0.01525	0.02070	0.01307	0.01743	0.00980	0.00545	0.00763	0.00218	0.01089	0.00763	0.00327	0.00871
43	0.00787	0.00562	0.00750	0.00900	0.00937	0.00525	0.00600	0.00900	0.01237	0.01649	0.03561	0.76871	0.04274	0.02024	0.00825	0.00262	0.00375	0.01837	0.00600	0.00525
44	0.01681	0.01543	0.01495	0.01347	0.01709	0.08306	0.01043	0.03355	0.65654	0.02600	0.02480	0.02297	0.01868	0.00857	0.00651	0.00214	0.00571	0.00702	0.00628	0.00998
45	0.01220	0.01148	0.01938	0.75739	0.04450	0.01436	0.01794	0.01651	0.01292	0.01651	0.01148	0.01723	0.00861	0.00646	0.00646	0.00215	0.00861	0.00574	0.00287	0.00718
46	0.02431	0.01797	0.01925	0.01482	0.01994	0.01992	0.01222	0.69103	0.05083	0.04032	0.01583	0.01577	0.01125	0.00779	0.00647	0.00195	0.00705	0.00586	0.00647	0.01097
47	0.01370	0.01302	0.02209	0.47326	0.31691	0.01475	0.01869	0.01782	0.01363	0.01833	0.01175	0.01674	0.00926	0.00618	0.00643	0.00206	0.00824	0.00575	0.00300	0.00839
48	0.02456	0.01810	0.01939	0.01487	0.02004	0.02004	0.01228	0.71107	0.03038	0.04072	0.01551	0.01551	0.01099	0.00776	0.00646	0.00194	0.00711	0.00582	0.00646	0.01099
49	0.81856	0.01250	0.00950	0.00850	0.01250	0.01449	0.00700	0.01899	0.01100	0.02899	0.00900	0.01050	0.00700	0.00600	0.00400	0.00200	0.00500	0.00350	0.00400	0.00700
50	0.01414	0.01414	0.01979	0.01696	0.01696	0.01979	0.01414	0.01555	0.00990	0.01555	0.00848	0.01414	0.00848	0.01131	0.02120	0.00283	0.76110	0.00565	0.00283	0.00707
51	0.01220	0.01148	0.01938	0.75739	0.04450	0.01436	0.01794	0.01651	0.01292	0.01651	0.01148	0.01723	0.00861	0.00646	0.00646	0.00215	0.00861	0.00574	0.00287	0.00718
52	0.00796	0.00569	0.00760	0.00910	0.00951	0.00532	0.00615	0.00915	0.01246	0.01659	0.03556	0.74451	0.04254	0.02016	0.00827	0.00264	0.00383	0.04169	0.00600	0.00527
53	0.01124	0.02132	0.40967	0.01377	0.01970	0.01099	0.01585	0.01673	0.01574	0.02292	0.33541	0.02927	0.03200	0.00933	0.00681	0.00204	0.00662	0.00789	0.00471	0.00799
54	0.01230	0.01168	0.01998	0.73384	0.04416	0.01442	0.04024	0.01664	0.01300	0.01664	0.01154	0.01723	0.00865	0.00643	0.00650	0.00215	0.00869	0.00580	0.00288	0.00723
55	0.01727	0.77681	0.03386	0.01106	0.01658	0.02557	0.01106	0.01935	0.01313	0.01520	0.00898	0.01036	0.00829	0.00553	0.00415	0.00138	0.00691	0.00345	0.00276	0.00829
56	0.01428	0.00857	0.01073	0.00955	0.01202	0.00813	0.00732	0.07982	0.03307	0.15129	0.35318	0.15635	0.04075	0.01230	0.00716	0.00206	0.00407	0.01071	0.04324	0.03539
57	0.01296	0.03342	0.73944	0.01842	0.02797	0.01501	0.02387	0.02046	0.01364	0.02046	0.01160	0.01364	0.00818	0.00614	0.00614	0.00205	0.00955	0.00477	0.00273	0.00955
58	0.01607	0.01388	0.01461	0.01315	0.01680	0.01607	0.01023	0.03433	0.72094	0.02703	0.02630	0.02411	0.01972	0.00877	0.00657	0.00219	0.00511	0.00731	0.00657	0.01023
59	0.81856	0.01250	0.00950	0.00850	0.01250	0.01449	0.00700	0.01899	0.01100	0.02899	0.00900	0.01050	0.00700	0.00600	0.00400	0.00200	0.00500	0.00350	0.00400	0.00700
60	0.25651	0.01539	0.01250	0.01120	0.01408	0.17862	0.00885	0.08215	0.01554	0.02451	0.06928	0.01924	0.01489	0.00799	0.00654	0.00192	0.06524	0.02899	0.15937	0.00719
61	0.00829	0.00589	0.00784	0.00925	0.00974	0.00559	0.00643	0.00958	0.01251	0.01662	0.03452	0.63709	0.04088	0.06484	0.00980	0.00289	0.00418	0.10294	0.00587	0.00526
62	0.01627	0.01279	0.01521	0.03209	0.01715	0.01413	0.04154	0.09282	0.38037	0.08421	0.09150	0.02803	0.08957	0.00966	0.00750	0.00216	0.04152	0.00800	0.00625	0.00923
63	0.01788	0.01360	0.01490	0.01263	0.01685	0.01468	0.00998	0.09025	0.48765	0.10632	0.02328	0.02168	0.01718	0.00806	0.00632	0.00198	0.00529	0.00662	0.00635	0.11850
64	0.01479	0.01294	0.02056	0.29117	0.30070	0.01331	0.01613	0.01853	0.01400	0.05753	0.01249	0.01623	0.00982	0.00593	0.00610	0.00181	0.00731	0.00540	0.00346	0.17177
65	0.06596	0.01716	0.01922	0.11710	0.05963	0.15879	0.02795	0.07431	0.01452	0.06330	0.01110	0.01461	0.00916	0.00853	0.01207	0.00228	0.30740	0.00536	0.00364	0.00791
66	0.01983	0.07311	0.07038	0.09631	0.02062	0.08160	0.01262	0.02437	0.09584	0.25231	0.01870	0.01924	0.03634	0.00833	0.00886	0.00212	0.13934	0.00603	0.00508	0.00898
67	0.01392	0.01311	0.02236	0.35196	0.27904	0.01431	0.07567	0.04140	0.01483	0.02015	0.07771	0.01960	0.01415	0.00679	0.00664	0.00206	0.00792	0.00645	0.00353	0.00840
68	0.01550	0.01532	0.02050	0.41557	0.14154	0.10670	0.04051	0.06269	0.08076	0.01973	0.01308	0.01688	0.01004	0.00664	0.00642	0.00205	0.00851	0.00576	0.00356	0.00825
69	0.02028	0.01402	0.04892	0.01566	0.09871	0.07835	0.03357	0.04731	0.05220	0.29980	0.09298	0.05760	0.05809	0.00927	0.00714	0.00206	0.02669	0.02213	0.00604	0.00917
70	0.01350	0.01320	0.05605	0.26672	0.17502	0.03118	0.01493	0.06011	0.06009	0.02073	0.07303	0.10744	0.01951	0.00932	0.00687	0.00217	0.00708	0.05075	0.00428	0.00800
71	0.01681	0.01917	0.23335	0.08581	0.02634	0.01354	0.19830	0.05550	0.01552	0.16034	0.01649	0.03560	0.01270	0.05417	0.00840	0.00237	0.00849	0.02384	0.00432	0.00894

[dist]
# distance from previous block
# <min> <max>
10	33

[block]
# block no. 5 follows, 34 sequences, length 11
# corresponding to MSA columns:
# 270-280
name=unknown_F
#
# <colnr> <probs for GDERKNQSTAVLIFYWHMCP>
#	G	D	E	R	K	N	Q	S	T	A	V	L	I	F	Y	W	H	M	C	P
0	0.01476	0.11531	0.04740	0.08538	0.03188	0.03129	0.01074	0.08190	0.04335	0.02206	0.08283	0.01826	0.01524	0.00708	0.00659	0.00163	0.05764	0.00543	0.06373	0.25751
1	0.04682	0.10968	0.08747	0.01389	0.01812	0.04080	0.06189	0.15180	0.10807	0.02377	0.04307	0.06710	0.01571	0.06075	0.00920	0.00228	0.06847	0.00675	0.00459	0.05978
2	0.01707	0.01263	0.01558	0.08991	0.07485	0.01283	0.01082	0.24946	0.01959	0.08325	0.02360	0.11723	0.10193	0.00965	0.00657	0.00193	0.00593	0.00809	0.00544	0.13365
3	0.01935	0.01358	0.01586	0.01257	0.01693	0.01403	0.01019	0.19845	0.14810	0.15172	0.04583	0.01885	0.01484	0.00780	0.00755	0.00184	0.07935	0.00593	0.00576	0.21147
4	0.01414	0.06978	0.18774	0.01278	0.01835	0.01304	0.01257	0.01939	0.08580	0.04756	0.01653	0.01786	0.05631	0.00709	0.00717	0.00168	0.08337	0.00530	0.00397	0.31957
5	0.09645	0.01179	0.03639	0.01075	0.01361	0.06443	0.00876	0.01852	0.08738	0.10583	0.17351	0.08438	0.12200	0.01147	0.00773	0.00215	0.05331	0.05122	0.00573	0.03459
6	0.01123	0.00965	0.01335	0.03373	0.06715	0.01128	0.00986	0.01399	0.04212	0.01813	0.13993	0.03261	0.09394	0.09689	0.15848	0.00435	0.19812	0.03426	0.00440	0.00650
7	0.02028	0.01474	0.01614	0.01300	0.01734	0.01592	0.01051	0.38423	0.18068	0.08467	0.09358	0.02313	0.04868	0.00881	0.00660	0.00198	0.00588	0.00705	0.00655	0.04022
8	0.01649	0.01687	0.01596	0.01263	0.01754	0.19336	0.04280	0.02113	0.10389	0.02049	0.01306	0.01451	0.01055	0.00578	0.00541	0.00135	0.00683	0.00453	0.00402	0.47281
9	0.13293	0.01240	0.01569	0.03948	0.07377	0.01301	0.03174	0.02017	0.09764	0.09480	0.01696	0.04130	0.04234	0.00796	0.00824	0.00193	0.12876	0.00597	0.00450	0.21040
10	0.01563	0.02861	0.01594	0.03570	0.01723	0.01373	0.03506	0.14003	0.17172	0.04602	0.01975	0.14834	0.01786	0.00979	0.00810	0.00202	0.09001	0.00795	0.00521	0.17131

[dist]
# distance from previous block
# <min> <max>
6	19

[block]
# block no. 6 follows, 34 sequences, length 14
# corresponding to MSA columns:
# 301-314
name=unknown_G
#
# <colnr> <probs for GDERKNQSTAVLIFYWHMCP>
#	G	D	E	R	K	N	Q	S	T	A	V	L	I	F	Y	W	H	M	C	P
0	0.01697	0.21758	0.22148	0.09531	0.05691	0.01732	0.01546	0.10294	0.03721	0.08629	0.03488	0.01562	0.01140	0.00660	0.00574	0.00182	0.00750	0.00511	0.00399	0.03987
1	0.01412	0.00973	0.01176	0.01055	0.01339	0.00944	0.00829	0.10631	0.04305	0.10338	0.06884	0.20639	0.12061	0.01305	0.00771	0.00216	0.03365	0.08875	0.00593	0.12288
2	0.01217	0.09214	0.01478	0.01111	0.01340	0.01167	0.03031	0.06407	0.01335	0.01835	0.04233	0.16133	0.06399	0.09965	0.13217	0.00387	0.10059	0.00889	0.00435	0.10147
3	0.00787	0.00562	0.00750	0.00900	0.00937	0.00525	0.00600	0.00900	0.01237	0.01649	0.03561	0.76871	0.04274	0.02024	0.00825	0.00262	0.00375	0.01837	0.00600	0.00525
4	0.01322	0.07889	0.69629	0.01797	0.02727	0.01565	0.02309	0.02039	0.01361	0.02014	0.01144	0.01344	0.00819	0.00610	0.00602	0.00201	0.00939	0.00469	0.00273	0.00947
5	0.01510	0.01538	0.02898	0.15810	0.38461	0.01551	0.24689	0.01955	0.01458	0.02019	0.01234	0.01668	0.00982	0.00577	0.00681	0.00204	0.00890	0.00637	0.00317	0.00921
6	0.00764	0.00655	0.00655	0.00655	0.00873	0.00545	0.00491	0.00927	0.01473	0.01745	0.06546	0.06218	0.73000	0.01636	0.00764	0.00218	0.00327	0.01364	0.00600	0.00545
7	0.01187	0.06167	0.04238	0.01127	0.01383	0.01014	0.04180	0.01747	0.14844	0.04520	0.21347	0.23399	0.03657	0.01333	0.00737	0.00227	0.00486	0.07087	0.00598	0.00721
8	0.01296	0.03342	0.73944	0.01842	0.02797	0.01501	0.02387	0.02046	0.01364	0.02046	0.01160	0.01364	0.00818	0.00614	0.00614	0.00205	0.00955	0.00477	0.00273	0.00955
9	0.01296	0.03342	0.73944	0.01842	0.02797	0.01501	0.02387	0.02046	0.01364	0.02046	0.01160	0.01364	0.00818	0.00614	0.00614	0.00205	0.00955	0.00477	0.00273	0.00955
10	0.01496	0.37840	0.41201	0.01500	0.02268	0.01991	0.01793	0.01995	0.01340	0.01802	0.01038	0.01212	0.00823	0.00586	0.00521	0.00174	0.00832	0.00416	0.00274	0.00897
11	0.07277	0.01089	0.01025	0.00957	0.01213	0.07702	0.00736	0.08932	0.06056	0.02237	0.13150	0.11055	0.30944	0.01329	0.00711	0.00215	0.00482	0.03635	0.00583	0.00674
12	0.01938	0.01682	0.08774	0.01325	0.01797	0.04143	0.01151	0.33795	0.11689	0.07865	0.02319	0.02370	0.09925	0.04763	0.00786	0.00220	0.00656	0.00696	0.00583	0.03523
13	0.01509	0.04286	0.20794	0.01315	0.01805	0.01261	0.01299	0.14808	0.01677	0.07708	0.08279	0.05627	0.01778	0.01739	0.17428	0.00384	0.00925	0.00677	0.00464	0.06237

[dist]
# distance from previous block
# <min> <max>
33	203

# created by:
# /home/cegg/simao/soft/augustus-3.2.1/scripts/msa2prfl.pl ./align_prep/EOG090W0GMR.fa
