[name]
unknown

[dist]
# distance from previous block
# <min> <max>
4	73

[block]
# block no. 0 follows, 38 sequences, length 57
# corresponding to MSA columns:
# 170-226
name=unknown_A
#
# <colnr> <probs for GDERKNQSTAVLIFYWHMCP>
#	G	D	E	R	K	N	Q	S	T	A	V	L	I	F	Y	W	H	M	C	P
0	0.11645	0.01184	0.02690	0.06199	0.04009	0.02818	0.03824	0.10554	0.10126	0.10848	0.08917	0.06661	0.01783	0.00790	0.00576	0.00180	0.00537	0.01972	0.03200	0.11487
1	0.12783	0.01257	0.01453	0.06009	0.01683	0.08936	0.06361	0.05405	0.03869	0.24773	0.03354	0.03414	0.05328	0.06496	0.00831	0.00220	0.04449	0.00628	0.01974	0.00777
2	0.02966	0.00882	0.01106	0.00944	0.01205	0.00866	0.04039	0.09314	0.06113	0.12877	0.25087	0.03392	0.11343	0.06249	0.00801	0.00214	0.00435	0.02255	0.09212	0.00698
3	0.01238	0.01091	0.01865	0.66847	0.03863	0.01307	0.06122	0.01634	0.01246	0.05550	0.01169	0.01643	0.00862	0.00605	0.00604	0.00199	0.00788	0.00550	0.02124	0.00694
4	0.13267	0.01316	0.01828	0.01605	0.08425	0.03317	0.15704	0.14306	0.08592	0.10557	0.01617	0.07953	0.01322	0.00810	0.00687	0.04283	0.00646	0.00657	0.02294	0.00813
5	0.01551	0.01408	0.02388	0.03557	0.71310	0.01401	0.01797	0.01902	0.01388	0.05761	0.01196	0.01518	0.00981	0.00547	0.00596	0.00179	0.00704	0.00540	0.00321	0.00957
6	0.01450	0.01319	0.01814	0.01539	0.01592	0.01787	0.01281	0.05382	0.01071	0.05940	0.00918	0.01366	0.00843	0.01017	0.01820	0.00254	0.69064	0.00532	0.00310	0.00699
7	0.01601	0.05578	0.01502	0.01222	0.01586	0.01575	0.00971	0.12448	0.59076	0.02622	0.02216	0.02068	0.01664	0.00785	0.00595	0.00196	0.00506	0.00640	0.02206	0.00944
8	0.00733	0.00524	0.00698	0.00838	0.00873	0.00489	0.00558	0.00838	0.01152	0.01536	0.03316	0.78466	0.03979	0.01885	0.00768	0.00244	0.00349	0.01710	0.00558	0.00489
9	0.01247	0.01069	0.01247	0.00891	0.01426	0.00802	0.00713	0.01515	0.01247	0.01960	0.01069	0.01247	0.00891	0.00446	0.00446	0.00089	0.00446	0.00356	0.00356	0.82536
10	0.01444	0.26603	0.35388	0.01719	0.12203	0.01698	0.01667	0.01983	0.05902	0.04449	0.01144	0.01294	0.00886	0.00571	0.00520	0.00170	0.00748	0.00439	0.00302	0.00870
11	0.00742	0.00530	0.00708	0.00848	0.00887	0.00496	0.00574	0.00853	0.01160	0.01546	0.03311	0.75784	0.03959	0.01876	0.00770	0.00246	0.00357	0.04304	0.00558	0.00491
12	0.01247	0.01069	0.01247	0.00891	0.01426	0.00802	0.00713	0.01515	0.01247	0.01960	0.01069	0.01247	0.00891	0.00446	0.00446	0.00089	0.00446	0.00356	0.00356	0.82536
13	0.00860	0.00641	0.00950	0.00950	0.01052	0.00743	0.00731	0.01064	0.00962	0.01384	0.01627	0.02448	0.01541	0.08504	0.72533	0.00946	0.01556	0.00657	0.00325	0.00528
14	0.01583	0.40910	0.28203	0.01293	0.01914	0.01846	0.01439	0.01955	0.01285	0.10097	0.01096	0.01208	0.00852	0.00580	0.00533	0.00162	0.03490	0.00404	0.00312	0.00838
15	0.00922	0.00651	0.00957	0.00950	0.01063	0.00739	0.00730	0.01123	0.00995	0.04058	0.01710	0.04947	0.01620	0.08135	0.67445	0.00895	0.01477	0.00690	0.00347	0.00544
16	0.07085	0.04288	0.05556	0.09212	0.09934	0.20663	0.01242	0.13802	0.03135	0.17316	0.01376	0.01460	0.00997	0.00645	0.00564	0.00177	0.00755	0.00491	0.00447	0.00857
17	0.02699	0.01024	0.01396	0.01070	0.01536	0.00884	0.00884	0.02932	0.01722	0.75522	0.02373	0.02048	0.01489	0.00745	0.00605	0.00186	0.00512	0.00605	0.00745	0.01024
18	0.00733	0.00524	0.00698	0.00838	0.00873	0.00489	0.00558	0.00838	0.01152	0.01536	0.03316	0.78466	0.03979	0.01885	0.00768	0.00244	0.00349	0.01710	0.00558	0.00489
19	0.01308	0.02970	0.70686	0.01671	0.02531	0.01362	0.02132	0.01975	0.01301	0.06911	0.01168	0.01323	0.00811	0.00583	0.00574	0.00190	0.00863	0.00455	0.00287	0.00898
20	0.01247	0.01069	0.01247	0.00891	0.01426	0.00802	0.00713	0.01515	0.01247	0.01960	0.01069	0.01247	0.00891	0.00446	0.00446	0.00089	0.00446	0.00356	0.00356	0.82536
21	0.00830	0.00664	0.00748	0.00718	0.00906	0.00609	0.00541	0.01156	0.07120	0.02020	0.34255	0.04979	0.40575	0.01347	0.00703	0.00197	0.00309	0.01149	0.00606	0.00567
22	0.00722	0.00610	0.00625	0.00621	0.00820	0.00513	0.00466	0.00885	0.01398	0.01689	0.11674	0.05684	0.69242	0.01500	0.00711	0.00202	0.00303	0.01255	0.00567	0.00513
23	0.01740	0.01185	0.01220	0.01002	0.01320	0.02909	0.00805	0.37952	0.02070	0.03015	0.01676	0.01810	0.01261	0.00710	0.00516	0.00161	0.00493	0.00547	0.38811	0.00799
24	0.04744	0.01070	0.01609	0.38607	0.07901	0.01170	0.01306	0.04151	0.01421	0.24604	0.01536	0.01745	0.01073	0.00649	0.00582	0.00190	0.00656	0.00551	0.05631	0.00801
25	0.01300	0.19360	0.58246	0.01621	0.04311	0.01608	0.01957	0.01881	0.01263	0.01802	0.01029	0.01211	0.00769	0.00558	0.00532	0.00177	0.00832	0.00421	0.00256	0.00866
26	0.00727	0.00615	0.00632	0.00641	0.00840	0.00520	0.00490	0.00888	0.01372	0.01636	0.05910	0.05853	0.70330	0.01532	0.00719	0.00208	0.00321	0.05699	0.00558	0.00511
27	0.00938	0.00670	0.00934	0.01072	0.01197	0.00666	0.00915	0.01193	0.01354	0.01766	0.03202	0.16209	0.03530	0.01691	0.00823	0.00273	0.00527	0.61940	0.00555	0.00545
28	0.01427	0.02426	0.42207	0.01769	0.03820	0.05313	0.14380	0.09362	0.05388	0.02134	0.01254	0.01448	0.00918	0.00597	0.00592	0.00188	0.00841	0.00519	0.04550	0.00867
29	0.00748	0.00539	0.00709	0.00819	0.00874	0.00500	0.00556	0.00878	0.01233	0.01656	0.13006	0.66132	0.06547	0.01785	0.00758	0.00236	0.00339	0.01612	0.00572	0.00500
30	0.01316	0.01316	0.01843	0.01579	0.01579	0.01843	0.01316	0.01448	0.00921	0.01448	0.00790	0.01316	0.00790	0.01053	0.01974	0.00263	0.77757	0.00526	0.00263	0.00658
31	0.01289	0.01276	0.01790	0.01542	0.01549	0.01777	0.01282	0.01425	0.00924	0.01445	0.00839	0.01379	0.00833	0.01262	0.06479	0.00306	0.73153	0.00534	0.00267	0.00651
32	0.04888	0.04049	0.02356	0.01848	0.06828	0.01641	0.24407	0.34428	0.03654	0.02799	0.01441	0.01829	0.01134	0.00690	0.00636	0.00193	0.00760	0.05059	0.00464	0.00897
33	0.01489	0.01429	0.02442	0.03692	0.75106	0.01429	0.01846	0.01846	0.01370	0.01965	0.01132	0.01489	0.00953	0.00536	0.00596	0.00179	0.00715	0.00536	0.00298	0.00953
34	0.01316	0.01316	0.01843	0.01579	0.01579	0.01843	0.01316	0.01448	0.00921	0.01448	0.00790	0.01316	0.00790	0.01053	0.01974	0.00263	0.77757	0.00526	0.00263	0.00658
35	0.01316	0.01316	0.01843	0.01579	0.01579	0.01843	0.01316	0.01448	0.00921	0.01448	0.00790	0.01316	0.00790	0.01053	0.01974	0.00263	0.77757	0.00526	0.00263	0.00658
36	0.02202	0.01377	0.02121	0.04032	0.02159	0.07730	0.23844	0.02521	0.01608	0.43243	0.01837	0.01814	0.01221	0.00654	0.00633	0.00189	0.00731	0.00617	0.00551	0.00916
37	0.08207	0.01192	0.01336	0.01139	0.01524	0.01278	0.00906	0.02997	0.43950	0.27200	0.02299	0.02080	0.01628	0.00772	0.00591	0.00197	0.00487	0.00627	0.00638	0.00953
38	0.00859	0.00645	0.00967	0.00967	0.01074	0.00752	0.00752	0.01074	0.00967	0.01396	0.01611	0.02363	0.01504	0.04512	0.76474	0.00967	0.01611	0.00645	0.00322	0.00537
39	0.00848	0.00615	0.00799	0.00753	0.00897	0.00566	0.00565	0.01128	0.01695	0.02393	0.73063	0.04526	0.07414	0.01237	0.00710	0.00190	0.00284	0.01092	0.00660	0.00566
40	0.01966	0.02298	0.05261	0.01434	0.01788	0.45490	0.01136	0.02656	0.25326	0.04501	0.01486	0.01508	0.01147	0.00686	0.00569	0.00174	0.00855	0.00494	0.00422	0.00802
41	0.02298	0.02659	0.01670	0.01496	0.01823	0.67893	0.01131	0.02462	0.01707	0.09852	0.01093	0.01194	0.00856	0.00634	0.00550	0.00159	0.01020	0.00412	0.00359	0.00734
42	0.00758	0.00544	0.00735	0.00847	0.00891	0.00532	0.00577	0.00874	0.01111	0.01497	0.02997	0.63676	0.03529	0.06093	0.11910	0.00366	0.00545	0.01513	0.00514	0.00490
43	0.02247	0.02867	0.01705	0.01550	0.01860	0.76443	0.01162	0.02402	0.01705	0.01472	0.00930	0.01085	0.00775	0.00620	0.00542	0.00155	0.01085	0.00387	0.00310	0.00697
44	0.01966	0.05880	0.01303	0.00959	0.01326	0.00913	0.00785	0.05705	0.01697	0.42391	0.18228	0.02938	0.11432	0.00930	0.00627	0.00185	0.00453	0.00770	0.00666	0.00846
45	0.02402	0.01005	0.01321	0.01042	0.01468	0.00900	0.00851	0.02755	0.07764	0.61944	0.05353	0.02394	0.06333	0.00818	0.00616	0.00189	0.00487	0.00672	0.00719	0.00968
46	0.01198	0.02874	0.67391	0.01784	0.06785	0.01350	0.02111	0.01844	0.01270	0.01889	0.01203	0.05428	0.00946	0.00640	0.00583	0.00193	0.00850	0.00518	0.00273	0.00871
47	0.01222	0.05959	0.73026	0.01689	0.02564	0.01434	0.02178	0.01901	0.01268	0.01887	0.01070	0.01259	0.00762	0.00569	0.00565	0.00188	0.00880	0.00440	0.00254	0.00885
48	0.01468	0.01487	0.02773	0.03347	0.53595	0.01457	0.23092	0.01870	0.01385	0.01954	0.01157	0.01529	0.00941	0.00527	0.00630	0.00186	0.00804	0.00588	0.00300	0.00911
49	0.00777	0.00556	0.00747	0.00874	0.00932	0.00525	0.00623	0.00920	0.01223	0.01632	0.07831	0.62634	0.04006	0.01808	0.00774	0.00246	0.00377	0.12445	0.00564	0.00504
50	0.01587	0.06016	0.06886	0.10955	0.28082	0.01395	0.11032	0.04376	0.06192	0.11607	0.02940	0.01803	0.01204	0.00637	0.00609	0.00188	0.00714	0.02505	0.00394	0.00880
51	0.01544	0.08620	0.46093	0.01596	0.02310	0.06197	0.06605	0.06237	0.01446	0.10379	0.01273	0.02844	0.00935	0.00620	0.00574	0.00184	0.00824	0.00498	0.00344	0.00878
52	0.02699	0.01024	0.01396	0.01070	0.01536	0.00884	0.00884	0.02932	0.01722	0.75522	0.02373	0.02048	0.01489	0.00745	0.00605	0.00186	0.00512	0.00605	0.00745	0.01024
53	0.01058	0.00900	0.01433	0.01409	0.09153	0.00879	0.11496	0.01386	0.04085	0.03475	0.27007	0.15737	0.09579	0.01178	0.00757	0.00209	0.03408	0.05676	0.00522	0.00652
54	0.02180	0.01456	0.08788	0.01236	0.01710	0.03248	0.02674	0.24410	0.03469	0.33238	0.05472	0.01885	0.01459	0.00735	0.00597	0.00182	0.00597	0.00589	0.05127	0.00947
55	0.01530	0.01489	0.02353	0.07481	0.65638	0.05164	0.01783	0.03820	0.01418	0.01968	0.01127	0.01474	0.00938	0.00549	0.00593	0.00179	0.00736	0.00529	0.00305	0.00927
56	0.39001	0.01584	0.01334	0.01310	0.08280	0.19039	0.02657	0.08040	0.01406	0.02370	0.01065	0.01237	0.00839	0.00598	0.00466	0.00173	0.00646	0.00412	0.08827	0.00717

[dist]
# distance from previous block
# <min> <max>
0	24

[block]
# block no. 1 follows, 38 sequences, length 33
# corresponding to MSA columns:
# 251-283
name=unknown_B
#
# <colnr> <probs for GDERKNQSTAVLIFYWHMCP>
#	G	D	E	R	K	N	Q	S	T	A	V	L	I	F	Y	W	H	M	C	P
0	0.01617	0.69298	0.02944	0.04238	0.01652	0.06942	0.01050	0.01819	0.01253	0.01444	0.00879	0.01030	0.00792	0.00529	0.00406	0.00134	0.00669	0.00340	0.02208	0.00758
1	0.00897	0.00695	0.00834	0.00790	0.00971	0.00654	0.00591	0.01284	0.08978	0.02171	0.44364	0.11241	0.18141	0.01270	0.00694	0.00194	0.00321	0.01107	0.00614	0.04189
2	0.04324	0.11406	0.08748	0.01407	0.01855	0.25049	0.02762	0.21441	0.13064	0.02338	0.01310	0.01373	0.01004	0.00656	0.00552	0.00172	0.00786	0.00477	0.00426	0.00853
3	0.07680	0.04639	0.06651	0.01866	0.21888	0.01363	0.01253	0.03915	0.22653	0.19235	0.01773	0.01765	0.01294	0.00673	0.00576	0.00187	0.00588	0.00564	0.00500	0.00937
4	0.00991	0.00928	0.03010	0.01175	0.01481	0.00807	0.18769	0.01281	0.01476	0.03862	0.23399	0.05862	0.32205	0.01155	0.00706	0.00199	0.00496	0.01054	0.00521	0.00622
5	0.00924	0.00831	0.00756	0.00727	0.00940	0.07581	0.00548	0.01095	0.01452	0.03681	0.13997	0.05092	0.57477	0.01383	0.00692	0.00196	0.00380	0.01147	0.00553	0.00547
6	0.01942	0.01651	0.07916	0.04677	0.02074	0.10560	0.13111	0.14924	0.10623	0.20381	0.01727	0.04857	0.01280	0.00722	0.00619	0.00190	0.00724	0.00623	0.00509	0.00891
7	0.00745	0.00535	0.00688	0.00806	0.00848	0.00499	0.00534	0.00843	0.01140	0.01507	0.03367	0.66747	0.08488	0.09013	0.00977	0.00273	0.00368	0.01603	0.00540	0.00478
8	0.21367	0.01352	0.03578	0.01268	0.01743	0.01335	0.09051	0.20818	0.01800	0.29414	0.01605	0.01570	0.01086	0.00664	0.00560	0.00187	0.00607	0.00530	0.00557	0.00908
9	0.05361	0.01432	0.01533	0.01451	0.12645	0.10921	0.00988	0.09767	0.01494	0.02138	0.01092	0.01272	0.00889	0.00518	0.00495	0.00126	0.00595	0.00407	0.00370	0.46504
10	0.02592	0.01113	0.01388	0.01084	0.01527	0.05259	0.00886	0.02822	0.01720	0.68010	0.05470	0.02099	0.01632	0.00759	0.00606	0.00184	0.00535	0.00614	0.00716	0.00985
11	0.00746	0.00564	0.00716	0.00799	0.00888	0.00533	0.00562	0.00880	0.01180	0.01538	0.03771	0.48329	0.21790	0.02189	0.12185	0.00343	0.00528	0.01436	0.00523	0.00501
12	0.01539	0.01447	0.02150	0.22189	0.45884	0.08344	0.01682	0.01882	0.01379	0.06083	0.01169	0.01513	0.00929	0.00573	0.00593	0.00182	0.00760	0.00526	0.00317	0.00861
13	0.00875	0.00583	0.00656	0.00656	0.00656	0.00583	0.00365	0.00875	0.00875	0.01166	0.01895	0.03937	0.02187	0.78858	0.03062	0.00583	0.00583	0.00875	0.00365	0.00365
14	0.02147	0.02700	0.01720	0.01553	0.01830	0.68406	0.01179	0.02299	0.01620	0.01470	0.00915	0.01110	0.00776	0.00667	0.00697	0.00167	0.09345	0.00402	0.00305	0.00693
15	0.70870	0.01113	0.00926	0.00817	0.01176	0.01258	0.00666	0.01819	0.01075	0.09369	0.00992	0.01126	0.00752	0.00665	0.00509	0.04967	0.00473	0.00363	0.00400	0.00663
16	0.83108	0.01163	0.00884	0.00791	0.01163	0.01350	0.00651	0.01768	0.01024	0.02699	0.00838	0.00977	0.00651	0.00558	0.00372	0.00186	0.00465	0.00326	0.00372	0.00651
17	0.83108	0.01163	0.00884	0.00791	0.01163	0.01350	0.00651	0.01768	0.01024	0.02699	0.00838	0.00977	0.00651	0.00558	0.00372	0.00186	0.00465	0.00326	0.00372	0.00651
18	0.01316	0.01316	0.01843	0.01579	0.01579	0.01843	0.01316	0.01448	0.00921	0.01448	0.00790	0.01316	0.00790	0.01053	0.01974	0.00263	0.77757	0.00526	0.00263	0.00658
19	0.00740	0.00570	0.00657	0.00716	0.00826	0.00508	0.00495	0.00861	0.01241	0.01567	0.06529	0.36762	0.35665	0.08856	0.00954	0.00256	0.00349	0.01417	0.00544	0.00488
20	0.02247	0.02867	0.01705	0.01550	0.01860	0.76443	0.01162	0.02402	0.01705	0.01472	0.00930	0.01085	0.00775	0.00620	0.00542	0.00155	0.01085	0.00387	0.00310	0.00697
21	0.01316	0.01316	0.01843	0.01579	0.01579	0.01843	0.01316	0.01448	0.00921	0.01448	0.00790	0.01316	0.00790	0.01053	0.01974	0.00263	0.77757	0.00526	0.00263	0.00658
22	0.02168	0.01626	0.01739	0.01360	0.01820	0.01810	0.01115	0.62602	0.13520	0.03600	0.01595	0.01564	0.01145	0.00736	0.00603	0.00184	0.00634	0.00562	0.00603	0.01012
23	0.00768	0.00619	0.00694	0.00733	0.00907	0.00545	0.00571	0.00945	0.01363	0.01672	0.07001	0.12182	0.52723	0.01575	0.00740	0.00221	0.00358	0.15306	0.00560	0.00517
24	0.00871	0.00599	0.00737	0.00737	0.00764	0.00627	0.00465	0.00926	0.00899	0.01226	0.01822	0.03530	0.02010	0.59622	0.22057	0.00682	0.00849	0.00815	0.00354	0.00409
25	0.01045	0.00522	0.00784	0.00784	0.00784	0.00522	0.00522	0.00784	0.00784	0.01045	0.01045	0.01829	0.01045	0.02090	0.02351	0.82497	0.00522	0.00522	0.00261	0.00261
26	0.01399	0.01860	0.20485	0.02118	0.12332	0.04971	0.28269	0.01862	0.01351	0.03349	0.01253	0.01563	0.00959	0.00589	0.00678	0.00189	0.04755	0.00575	0.10634	0.00809
27	0.02250	0.02789	0.01711	0.01539	0.01860	0.71495	0.01161	0.07093	0.01779	0.01626	0.00964	0.01109	0.00791	0.00627	0.00546	0.00157	0.01057	0.00398	0.00329	0.00719
28	0.00749	0.00535	0.00716	0.00856	0.00897	0.00502	0.00586	0.00865	0.01167	0.01553	0.03307	0.73710	0.03944	0.01870	0.00772	0.00246	0.00363	0.06311	0.00558	0.00493
29	0.02063	0.01523	0.01624	0.01284	0.01713	0.01690	0.01048	0.56186	0.13124	0.03460	0.01640	0.01636	0.01191	0.00734	0.00586	0.00180	0.00599	0.00564	0.08185	0.00970
30	0.01283	0.01090	0.01266	0.00908	0.01441	0.00838	0.00727	0.03952	0.01301	0.02023	0.01082	0.01254	0.00896	0.00455	0.00451	0.00092	0.00453	0.00363	0.00365	0.79760
31	0.10484	0.08394	0.11908	0.01476	0.08025	0.18111	0.01200	0.03730	0.10374	0.01956	0.01327	0.04623	0.01113	0.00713	0.00648	0.00181	0.07127	0.00518	0.07329	0.00763
32	0.39124	0.01261	0.01378	0.05581	0.14562	0.01402	0.01004	0.15977	0.03191	0.02680	0.01157	0.01333	0.00891	0.00608	0.00480	0.00181	0.00551	0.00446	0.07414	0.00779

[dist]
# distance from previous block
# <min> <max>
5	22

[block]
# block no. 2 follows, 38 sequences, length 42
# corresponding to MSA columns:
# 307-348
name=unknown_C
#
# <colnr> <probs for GDERKNQSTAVLIFYWHMCP>
#	G	D	E	R	K	N	Q	S	T	A	V	L	I	F	Y	W	H	M	C	P
0	0.01866	0.13588	0.21586	0.01380	0.04641	0.01308	0.03994	0.02312	0.05317	0.30737	0.06036	0.01794	0.01412	0.00679	0.00573	0.00180	0.00644	0.00553	0.00494	0.00908
1	0.00733	0.00524	0.00698	0.00838	0.00873	0.00489	0.00558	0.00838	0.01152	0.01536	0.03316	0.78466	0.03979	0.01885	0.00768	0.00244	0.00349	0.01710	0.00558	0.00489
2	0.01278	0.01375	0.14261	0.01657	0.15920	0.01089	0.04913	0.06188	0.07886	0.03690	0.07806	0.11315	0.04480	0.00880	0.00611	0.00190	0.00569	0.02120	0.12999	0.00771
3	0.01611	0.05666	0.03958	0.02602	0.40317	0.03079	0.08352	0.08703	0.04252	0.06304	0.01342	0.01583	0.01054	0.00590	0.00580	0.00176	0.00688	0.00548	0.07698	0.00898
4	0.07013	0.01206	0.01825	0.01415	0.03610	0.01121	0.14294	0.08269	0.01706	0.50163	0.01966	0.01846	0.01284	0.00683	0.00611	0.00189	0.00619	0.00602	0.00619	0.00961
5	0.00722	0.00589	0.00639	0.00670	0.00831	0.00506	0.00486	0.00869	0.01333	0.01638	0.08443	0.23051	0.54938	0.01597	0.00724	0.00212	0.00314	0.01367	0.00563	0.00506
6	0.01471	0.06925	0.32010	0.01990	0.17923	0.10426	0.03865	0.05868	0.04180	0.01979	0.03064	0.01544	0.02747	0.00624	0.00572	0.00179	0.00791	0.00510	0.02475	0.00855
7	0.01638	0.04378	0.06662	0.07361	0.23568	0.02913	0.07251	0.15411	0.09343	0.06101	0.01437	0.04255	0.01149	0.00693	0.00683	0.00191	0.05065	0.00594	0.00413	0.00890
8	0.01782	0.35117	0.02575	0.04065	0.01959	0.13284	0.10762	0.15194	0.06298	0.02008	0.01126	0.01265	0.00907	0.00590	0.00515	0.00160	0.00758	0.00455	0.00359	0.00820
9	0.00890	0.00578	0.00668	0.00668	0.00668	0.00578	0.00379	0.00867	0.00867	0.01155	0.01819	0.03747	0.02084	0.71936	0.02998	0.07970	0.00578	0.00843	0.00355	0.00355
10	0.48932	0.01186	0.01227	0.01302	0.11436	0.03558	0.02901	0.03465	0.02909	0.02368	0.01132	0.03199	0.00951	0.01054	0.09117	0.00274	0.00661	0.00459	0.03173	0.00695
11	0.11856	0.06658	0.01780	0.01295	0.01761	0.03952	0.01078	0.58012	0.02478	0.03442	0.01318	0.01348	0.00956	0.00686	0.00559	0.00177	0.00649	0.00497	0.00544	0.00953
12	0.00899	0.00648	0.00860	0.00999	0.05161	0.00632	0.00677	0.01027	0.01164	0.01538	0.05444	0.21370	0.07951	0.24678	0.01523	0.03951	0.00497	0.20014	0.00475	0.00490
13	0.01417	0.31843	0.43046	0.01463	0.02185	0.01757	0.04317	0.01901	0.01273	0.04221	0.01036	0.01194	0.00796	0.00553	0.00507	0.00167	0.00788	0.00413	0.00274	0.00846
14	0.01742	0.14398	0.21734	0.01757	0.09650	0.24255	0.05857	0.04616	0.03711	0.05226	0.01125	0.01283	0.00872	0.00591	0.00549	0.00170	0.00862	0.00452	0.00325	0.00828
15	0.00883	0.00613	0.00784	0.00864	0.00924	0.00606	0.00633	0.01009	0.01124	0.01481	0.02667	0.19695	0.03026	0.34276	0.01760	0.00400	0.00526	0.27794	0.00475	0.00461
16	0.01473	0.01423	0.02459	0.06450	0.69724	0.01429	0.04493	0.01837	0.01365	0.01948	0.01132	0.01498	0.00946	0.00537	0.00600	0.00180	0.00729	0.00542	0.00297	0.00937
17	0.01768	0.07056	0.04739	0.02431	0.32862	0.14457	0.08222	0.02194	0.07170	0.11283	0.01345	0.01519	0.01037	0.00596	0.00584	0.00177	0.00764	0.00529	0.00378	0.00890
18	0.01248	0.03497	0.18466	0.16160	0.07814	0.01266	0.19452	0.01666	0.01289	0.04504	0.01564	0.15686	0.01442	0.00816	0.00676	0.00204	0.02374	0.00773	0.00347	0.00756
19	0.00799	0.00568	0.00758	0.00876	0.00936	0.00542	0.00631	0.00942	0.01212	0.01614	0.07233	0.53931	0.03837	0.07371	0.00944	0.00273	0.00405	0.16080	0.00549	0.00498
20	0.01949	0.01400	0.01696	0.10156	0.07584	0.01527	0.01200	0.40228	0.07121	0.10472	0.01719	0.02127	0.01344	0.00799	0.00626	0.00195	0.00643	0.07740	0.00551	0.00925
21	0.06473	0.06135	0.17129	0.01300	0.01806	0.05798	0.03521	0.02518	0.17824	0.25653	0.01850	0.01913	0.01339	0.00720	0.00582	0.00190	0.00640	0.03196	0.00515	0.00900
22	0.01793	0.01068	0.01473	0.01288	0.04126	0.01047	0.06856	0.11314	0.08886	0.27244	0.04178	0.12971	0.04800	0.01023	0.00668	0.00208	0.00546	0.09067	0.00605	0.00839
23	0.02047	0.01295	0.01470	0.01212	0.01622	0.01387	0.00973	0.18600	0.35645	0.25623	0.02203	0.02006	0.01548	0.00773	0.00608	0.00193	0.00528	0.00626	0.00651	0.00990
24	0.00959	0.00833	0.00855	0.00825	0.00981	0.08280	0.00611	0.01190	0.01591	0.02099	0.48837	0.12774	0.15335	0.01286	0.00699	0.00194	0.00376	0.01115	0.00599	0.00563
25	0.27040	0.01208	0.01282	0.01031	0.01460	0.05361	0.00844	0.06575	0.01573	0.45124	0.01772	0.01634	0.01168	0.00680	0.00531	0.00184	0.00539	0.00504	0.00599	0.00892
26	0.00815	0.00613	0.00753	0.00718	0.00876	0.00552	0.00539	0.01064	0.01617	0.02208	0.56915	0.04831	0.23677	0.01306	0.00710	0.00193	0.00289	0.01135	0.00635	0.00552
27	0.01420	0.01623	0.03550	0.02535	0.03144	0.01521	0.72921	0.01927	0.01420	0.01927	0.01217	0.01623	0.00913	0.00507	0.00710	0.00203	0.01014	0.00710	0.00304	0.00811
28	0.83108	0.01163	0.00884	0.00791	0.01163	0.01350	0.00651	0.01768	0.01024	0.02699	0.00838	0.00977	0.00651	0.00558	0.00372	0.00186	0.00465	0.00326	0.00372	0.00651
29	0.02287	0.01685	0.01805	0.01384	0.01866	0.01866	0.01143	0.73100	0.02828	0.03791	0.01444	0.01444	0.01023	0.00722	0.00602	0.00181	0.00662	0.00542	0.00602	0.01023
30	0.83108	0.01163	0.00884	0.00791	0.01163	0.01350	0.00651	0.01768	0.01024	0.02699	0.00838	0.00977	0.00651	0.00558	0.00372	0.00186	0.00465	0.00326	0.00372	0.00651
31	0.01045	0.00522	0.00784	0.00784	0.00784	0.00522	0.00522	0.00784	0.00784	0.01045	0.01045	0.01829	0.01045	0.02090	0.02351	0.82497	0.00522	0.00522	0.00261	0.00261
32	0.59463	0.01076	0.00966	0.00837	0.01199	0.01178	0.00683	0.01903	0.01225	0.15587	0.09541	0.01568	0.01373	0.00668	0.00452	0.00186	0.00453	0.00462	0.00471	0.00708
33	0.01045	0.00522	0.00784	0.00784	0.00784	0.00522	0.00522	0.00784	0.00784	0.01045	0.01045	0.01829	0.01045	0.02090	0.02351	0.82497	0.00522	0.00522	0.00261	0.00261
34	0.00733	0.00524	0.00698	0.00838	0.00873	0.00489	0.00558	0.00838	0.01152	0.01536	0.03316	0.78466	0.03979	0.01885	0.00768	0.00244	0.00349	0.01710	0.00558	0.00489
35	0.83108	0.01163	0.00884	0.00791	0.01163	0.01350	0.00651	0.01768	0.01024	0.02699	0.00838	0.00977	0.00651	0.00558	0.00372	0.00186	0.00465	0.00326	0.00372	0.00651
36	0.00872	0.00617	0.00900	0.00910	0.00991	0.00692	0.00679	0.01007	0.00952	0.01348	0.01697	0.08070	0.01692	0.10231	0.56303	0.10177	0.01308	0.00729	0.00336	0.00488
37	0.01912	0.24492	0.02031	0.01309	0.01651	0.41780	0.01067	0.04369	0.01518	0.01597	0.01002	0.01177	0.00850	0.00625	0.00571	0.00153	0.05273	0.00397	0.07509	0.00715
38	0.01451	0.01363	0.02200	0.04393	0.46944	0.01312	0.07203	0.04418	0.03165	0.02032	0.01167	0.01465	0.00957	0.00529	0.00572	0.00162	0.00673	0.00513	0.00330	0.19152
39	0.01395	0.05715	0.02232	0.04268	0.32956	0.01353	0.13890	0.04966	0.06160	0.01968	0.01590	0.05409	0.03653	0.03633	0.00710	0.00200	0.00691	0.03322	0.00366	0.05522
40	0.01745	0.06545	0.03046	0.05561	0.01783	0.01529	0.01079	0.26419	0.25629	0.07042	0.01940	0.02283	0.01543	0.00941	0.02930	0.00220	0.00621	0.07693	0.00552	0.00898
41	0.18240	0.01494	0.02094	0.02898	0.52249	0.07368	0.03445	0.01877	0.01327	0.02075	0.01058	0.01356	0.00876	0.00546	0.00549	0.00179	0.00701	0.00486	0.00314	0.00867

[dist]
# distance from previous block
# <min> <max>
0	14

[block]
# block no. 3 follows, 38 sequences, length 17
# corresponding to MSA columns:
# 363-379
name=unknown_D
#
# <colnr> <probs for GDERKNQSTAVLIFYWHMCP>
#	G	D	E	R	K	N	Q	S	T	A	V	L	I	F	Y	W	H	M	C	P
0	0.01540	0.01314	0.01949	0.10367	0.23961	0.01384	0.08621	0.20107	0.05213	0.02385	0.01684	0.06463	0.03542	0.00765	0.00624	0.00192	0.00665	0.03463	0.04915	0.00847
1	0.00743	0.00538	0.00705	0.00835	0.00886	0.00500	0.00571	0.00859	0.01178	0.01555	0.03503	0.69949	0.08893	0.01849	0.00767	0.00243	0.00356	0.05019	0.00558	0.00493
2	0.01365	0.01566	0.06754	0.16840	0.13916	0.01466	0.45331	0.01840	0.01364	0.01858	0.01169	0.01581	0.00890	0.00533	0.00665	0.00198	0.00923	0.00638	0.00294	0.00809
3	0.00735	0.00583	0.00662	0.00700	0.00842	0.00509	0.00503	0.00889	0.01343	0.01695	0.13766	0.28704	0.43740	0.01602	0.00729	0.00214	0.00316	0.01387	0.00571	0.00509
4	0.02120	0.00967	0.01290	0.01100	0.03755	0.00884	0.00849	0.05235	0.04961	0.48666	0.16150	0.07059	0.02416	0.00901	0.00635	0.00191	0.00470	0.00762	0.00692	0.00899
5	0.01784	0.01194	0.01459	0.01217	0.01592	0.01264	0.04862	0.07280	0.39106	0.21420	0.10017	0.02349	0.02054	0.00819	0.00625	0.00196	0.00506	0.00697	0.00634	0.00926
6	0.01336	0.00736	0.00830	0.00775	0.00976	0.00739	0.00603	0.06579	0.05247	0.10115	0.06537	0.08074	0.02065	0.00893	0.00532	0.00171	0.00365	0.05334	0.47436	0.00658
7	0.08742	0.01222	0.01711	0.01484	0.09533	0.01147	0.09987	0.10729	0.01593	0.23491	0.01540	0.01600	0.01100	0.00605	0.00552	0.00163	0.00585	0.00522	0.04428	0.19265
8	0.02179	0.11015	0.01859	0.01494	0.01826	0.68540	0.01148	0.02338	0.01653	0.01466	0.00920	0.01072	0.00775	0.00609	0.00526	0.00152	0.01038	0.00380	0.00304	0.00705
9	0.01420	0.01623	0.03550	0.02535	0.03144	0.01521	0.72921	0.01927	0.01420	0.01927	0.01217	0.01623	0.00913	0.00507	0.00710	0.00203	0.01014	0.00710	0.00304	0.00811
10	0.01556	0.69367	0.12550	0.01118	0.01681	0.02253	0.01184	0.01815	0.01229	0.01479	0.00868	0.01005	0.00771	0.00522	0.00410	0.00137	0.00675	0.00338	0.00257	0.00787
11	0.01360	0.01066	0.01247	0.00945	0.01410	0.00881	0.00748	0.09134	0.01425	0.05350	0.01440	0.10708	0.01308	0.00664	0.00508	0.00122	0.00460	0.00552	0.00424	0.60248
12	0.00733	0.00524	0.00698	0.00838	0.00873	0.00489	0.00558	0.00838	0.01152	0.01536	0.03316	0.78466	0.03979	0.01885	0.00768	0.00244	0.00349	0.01710	0.00558	0.00489
13	0.01196	0.01925	0.29895	0.05747	0.02466	0.01270	0.26091	0.01667	0.01256	0.01767	0.01429	0.09369	0.01288	0.09047	0.00938	0.00244	0.02626	0.00714	0.00314	0.00750
14	0.08323	0.05167	0.01470	0.01059	0.01525	0.01059	0.00882	0.07581	0.01693	0.56823	0.02036	0.01822	0.01322	0.00699	0.00567	0.00177	0.00522	0.00550	0.00658	0.06066
15	0.01530	0.01252	0.01358	0.01210	0.01540	0.01415	0.00962	0.14273	0.50317	0.02642	0.06697	0.02733	0.02107	0.00916	0.00640	0.00207	0.00503	0.08192	0.00607	0.00898
16	0.01461	0.01255	0.01330	0.01199	0.01528	0.01445	0.00931	0.03084	0.70051	0.02511	0.06417	0.02368	0.02047	0.00839	0.00617	0.00203	0.00466	0.00703	0.00615	0.00931

[dist]
# distance from previous block
# <min> <max>
0	5

[block]
# block no. 4 follows, 38 sequences, length 46
# corresponding to MSA columns:
# 385-430
name=unknown_E
#
# <colnr> <probs for GDERKNQSTAVLIFYWHMCP>
#	G	D	E	R	K	N	Q	S	T	A	V	L	I	F	Y	W	H	M	C	P
0	0.83108	0.01163	0.00884	0.00791	0.01163	0.01350	0.00651	0.01768	0.01024	0.02699	0.00838	0.00977	0.00651	0.00558	0.00372	0.00186	0.00465	0.00326	0.00372	0.00651
1	0.00732	0.00526	0.00695	0.00831	0.00871	0.00489	0.00555	0.00838	0.01159	0.01538	0.03402	0.76201	0.06188	0.01873	0.00766	0.00243	0.00348	0.01696	0.00558	0.00489
2	0.00787	0.00609	0.00719	0.00715	0.00875	0.00541	0.00537	0.00999	0.01502	0.01975	0.36211	0.10970	0.35387	0.01428	0.00720	0.00204	0.00310	0.04372	0.00604	0.00535
3	0.01247	0.01069	0.01247	0.00891	0.01426	0.00802	0.00713	0.01515	0.01247	0.01960	0.01069	0.01247	0.00891	0.00446	0.00446	0.00089	0.00446	0.00356	0.00356	0.82536
4	0.00732	0.00526	0.00695	0.00831	0.00871	0.00489	0.00555	0.00838	0.01159	0.01538	0.03402	0.76218	0.06171	0.01874	0.00766	0.00243	0.00348	0.01697	0.00558	0.00489
5	0.00818	0.00559	0.00673	0.00729	0.00743	0.00545	0.00442	0.00860	0.00986	0.01314	0.02464	0.33795	0.02905	0.48020	0.02143	0.00447	0.00489	0.01209	0.00442	0.00414
6	0.72806	0.01148	0.00941	0.00817	0.01205	0.01286	0.00672	0.01838	0.01086	0.07908	0.00961	0.01069	0.00725	0.00566	0.00393	0.00181	0.00468	0.00348	0.00398	0.05185
7	0.00718	0.00610	0.00619	0.00616	0.00817	0.00511	0.00462	0.00876	0.01387	0.01662	0.09328	0.05728	0.71605	0.01510	0.00711	0.00202	0.00304	0.01261	0.00564	0.00511
8	0.01608	0.79220	0.03152	0.01029	0.01544	0.02380	0.01029	0.01801	0.01222	0.01415	0.00836	0.00965	0.00772	0.00515	0.00386	0.00129	0.00643	0.00322	0.00257	0.00772
9	0.00851	0.00615	0.00804	0.00757	0.00899	0.00568	0.00568	0.01135	0.01703	0.02412	0.74788	0.04494	0.05676	0.01230	0.00710	0.00189	0.00284	0.01088	0.00662	0.00568
10	0.01045	0.00522	0.00784	0.00784	0.00784	0.00522	0.00522	0.00784	0.00784	0.01045	0.01045	0.01829	0.01045	0.02090	0.02351	0.82497	0.00522	0.00522	0.00261	0.00261
11	0.01207	0.03112	0.75741	0.01715	0.02604	0.01397	0.02223	0.01905	0.01270	0.01905	0.01080	0.01270	0.00762	0.00572	0.00572	0.00191	0.00889	0.00445	0.00254	0.00889
12	0.01316	0.01316	0.01843	0.01579	0.01579	0.01843	0.01316	0.01448	0.00921	0.01448	0.00790	0.01316	0.00790	0.01053	0.01974	0.00263	0.77757	0.00526	0.00263	0.00658
13	0.02699	0.01024	0.01396	0.01070	0.01536	0.00884	0.00884	0.02932	0.01722	0.75522	0.02373	0.02048	0.01489	0.00745	0.00605	0.00186	0.00512	0.00605	0.00745	0.01024
14	0.00859	0.00645	0.00967	0.00967	0.01074	0.00752	0.00752	0.01074	0.00967	0.01396	0.01611	0.02363	0.01504	0.04512	0.76474	0.00967	0.01611	0.00645	0.00322	0.00537
15	0.00859	0.00645	0.00967	0.00967	0.01074	0.00752	0.00752	0.01074	0.00967	0.01396	0.01611	0.02363	0.01504	0.04512	0.76474	0.00967	0.01611	0.00645	0.00322	0.00537
16	0.00755	0.00559	0.00714	0.00815	0.00892	0.00505	0.00555	0.00872	0.01180	0.01565	0.03515	0.66843	0.11624	0.01777	0.00746	0.00232	0.00349	0.01598	0.00549	0.04353
17	0.01420	0.01623	0.03550	0.02535	0.03144	0.01521	0.72921	0.01927	0.01420	0.01927	0.01217	0.01623	0.00913	0.00507	0.00710	0.00203	0.01014	0.00710	0.00304	0.00811
18	0.00859	0.00645	0.00967	0.00967	0.01074	0.00752	0.00752	0.01074	0.00967	0.01396	0.01611	0.02363	0.01504	0.04512	0.76474	0.00967	0.01611	0.00645	0.00322	0.00537
19	0.01470	0.01406	0.02377	0.07682	0.69198	0.01426	0.01812	0.01866	0.03339	0.01957	0.01164	0.01516	0.00969	0.00547	0.00596	0.00181	0.00713	0.00540	0.00305	0.00937
20	0.02247	0.02867	0.01705	0.01550	0.01860	0.76443	0.01162	0.02402	0.01705	0.01472	0.00930	0.01085	0.00775	0.00620	0.00542	0.00155	0.01085	0.00387	0.00310	0.00697
21	0.01019	0.08548	0.01075	0.00829	0.01012	0.03104	0.00642	0.01267	0.01591	0.04661	0.54284	0.12607	0.04693	0.01200	0.00675	0.00188	0.00360	0.01046	0.00601	0.00598
22	0.01136	0.01069	0.01804	0.77412	0.04143	0.01337	0.01671	0.01537	0.01203	0.01537	0.01069	0.01604	0.00802	0.00601	0.00601	0.00200	0.00802	0.00535	0.00267	0.00668
23	0.02016	0.01045	0.01326	0.00986	0.01484	0.00845	0.00804	0.02265	0.01499	0.40918	0.01760	0.01671	0.01208	0.00604	0.00530	0.00140	0.00481	0.00488	0.00562	0.39368
24	0.01700	0.39587	0.11134	0.01470	0.07668	0.06636	0.04485	0.12664	0.01550	0.04228	0.03043	0.01281	0.00984	0.00587	0.00497	0.00156	0.00711	0.00437	0.00344	0.00837
25	0.00859	0.00645	0.00967	0.00967	0.01074	0.00752	0.00752	0.01074	0.00967	0.01396	0.01611	0.02363	0.01504	0.04512	0.76474	0.00967	0.01611	0.00645	0.00322	0.00537
26	0.00928	0.00689	0.00853	0.00800	0.00951	0.00676	0.00591	0.01346	0.09910	0.02300	0.59207	0.04180	0.04887	0.08945	0.00934	0.00230	0.00336	0.01020	0.00627	0.00591
27	0.01507	0.14438	0.12531	0.02848	0.47546	0.05412	0.03644	0.01877	0.01351	0.01841	0.01068	0.01357	0.00887	0.00541	0.00558	0.00172	0.00754	0.00486	0.00286	0.00898
28	0.02520	0.01176	0.01587	0.01365	0.07558	0.03569	0.03429	0.06654	0.01743	0.60628	0.02134	0.01922	0.01376	0.00714	0.00605	0.00185	0.00573	0.00592	0.00671	0.01000
29	0.00727	0.00595	0.00630	0.00649	0.00815	0.00511	0.00470	0.00867	0.01320	0.01608	0.07274	0.16341	0.58605	0.05825	0.00849	0.00230	0.00326	0.01308	0.00551	0.00499
30	0.00924	0.00566	0.00693	0.00693	0.00693	0.00566	0.00411	0.00848	0.00848	0.01131	0.01648	0.03323	0.01854	0.56504	0.02855	0.24435	0.00566	0.00772	0.00334	0.00334
31	0.01578	0.54235	0.17940	0.01306	0.04287	0.08627	0.01314	0.01877	0.01279	0.01540	0.00905	0.01056	0.00776	0.00536	0.00445	0.00145	0.00735	0.00360	0.00263	0.00796
32	0.00753	0.00637	0.00691	0.00727	0.03236	0.00545	0.00515	0.00927	0.01410	0.01727	0.13892	0.05500	0.64445	0.01457	0.00707	0.00201	0.00316	0.01225	0.00562	0.00529
33	0.01562	0.00777	0.01003	0.00854	0.01136	0.00682	0.00673	0.01800	0.01647	0.31437	0.32710	0.03766	0.17279	0.01093	0.00668	0.00191	0.00379	0.00930	0.00675	0.00738
34	0.02212	0.07057	0.01784	0.01521	0.01842	0.72379	0.01155	0.02369	0.01678	0.01469	0.00925	0.01078	0.00775	0.00614	0.00534	0.00154	0.01061	0.00384	0.00307	0.00701
35	0.01045	0.00522	0.00784	0.00784	0.00784	0.00522	0.00522	0.00784	0.00784	0.01045	0.01045	0.01829	0.01045	0.02090	0.02351	0.82497	0.00522	0.00522	0.00261	0.00261
36	0.01714	0.07732	0.07280	0.02564	0.36349	0.21809	0.05175	0.02023	0.01442	0.04156	0.01085	0.01345	0.00888	0.00582	0.00616	0.00174	0.03422	0.00484	0.00309	0.00851
37	0.01542	0.67192	0.06259	0.01192	0.05605	0.02184	0.01103	0.01772	0.01259	0.01522	0.04922	0.01201	0.01051	0.00558	0.00424	0.00138	0.00639	0.00381	0.00282	0.00776
38	0.00812	0.00613	0.00750	0.00716	0.00875	0.00551	0.00537	0.01060	0.01611	0.02193	0.55685	0.04854	0.24916	0.01312	0.00710	0.00193	0.00290	0.01138	0.00633	0.00551
39	0.04050	0.01916	0.04248	0.01395	0.01852	0.16811	0.01156	0.50205	0.02436	0.07991	0.01376	0.01396	0.00987	0.00694	0.00584	0.00176	0.00741	0.00507	0.00536	0.00945
40	0.03332	0.05957	0.19768	0.01706	0.08764	0.10882	0.11371	0.03627	0.03152	0.13316	0.01381	0.01589	0.01040	0.03061	0.00694	0.00194	0.03156	0.00530	0.05649	0.00829
41	0.01136	0.01069	0.01804	0.77412	0.04143	0.01337	0.01671	0.01537	0.01203	0.01537	0.01069	0.01604	0.00802	0.00601	0.00601	0.00200	0.00802	0.00535	0.00267	0.00668
42	0.00856	0.00604	0.00790	0.00803	0.00851	0.00645	0.00544	0.00955	0.00938	0.01296	0.01904	0.09955	0.02061	0.40823	0.33604	0.00714	0.00993	0.00853	0.00364	0.00448
43	0.01680	0.01731	0.18792	0.02209	0.26750	0.02927	0.06153	0.06387	0.03003	0.16868	0.01645	0.04309	0.03428	0.00680	0.00608	0.00188	0.00708	0.00603	0.00420	0.00913
44	0.01735	0.08078	0.10199	0.02341	0.29717	0.10581	0.07353	0.07840	0.05397	0.09077	0.01299	0.01475	0.00997	0.00596	0.00581	0.00177	0.00761	0.00520	0.00376	0.00901
45	0.05208	0.00978	0.01309	0.01038	0.01457	0.00860	0.00844	0.02683	0.01641	0.65674	0.02416	0.09653	0.01710	0.00852	0.00613	0.00192	0.00494	0.00706	0.00713	0.00958

[dist]
# distance from previous block
# <min> <max>
0	7

# created by:
# /home/cegg/simao/soft/augustus-3.2.1/scripts/msa2prfl.pl ./align_prep/EOG090W0EBZ.fa
