[name]
unknown

[dist]
# distance from previous block
# <min> <max>
0	49

[block]
# block no. 0 follows, 30 sequences, length 19
# corresponding to MSA columns:
# 49-67
name=unknown_A
#
# <colnr> <probs for GDERKNQSTAVLIFYWHMCP>
#	G	D	E	R	K	N	Q	S	T	A	V	L	I	F	Y	W	H	M	C	P
0	0.01833	0.10486	0.24960	0.01597	0.05578	0.01444	0.01572	0.06473	0.01736	0.17611	0.05094	0.05600	0.06897	0.00966	0.00698	0.00220	0.00745	0.04987	0.00532	0.00972
1	0.26417	0.01952	0.04713	0.01407	0.01895	0.11284	0.01173	0.26396	0.12740	0.03323	0.01542	0.01588	0.01149	0.00773	0.00607	0.00212	0.00741	0.00547	0.00555	0.00984
2	0.04457	0.01479	0.09837	0.01684	0.09431	0.01342	0.04117	0.07765	0.09285	0.04094	0.01885	0.05039	0.01716	0.16659	0.14008	0.00477	0.04662	0.00778	0.00459	0.00828
3	0.01013	0.00682	0.00791	0.00791	0.00801	0.00693	0.00460	0.01034	0.01024	0.01375	0.02171	0.04416	0.02471	0.69670	0.09268	0.00713	0.00775	0.00993	0.00419	0.00439
4	0.01244	0.01093	0.01148	0.01136	0.01260	0.08785	0.00822	0.04275	0.03042	0.01895	0.07557	0.28959	0.05668	0.13113	0.10989	0.00434	0.06158	0.01247	0.00533	0.00641
5	0.00896	0.00664	0.00840	0.00912	0.01028	0.00607	0.00651	0.01095	0.01573	0.02099	0.23180	0.40242	0.16965	0.01887	0.00863	0.00259	0.00385	0.04573	0.00681	0.00600
6	0.02293	0.01716	0.01730	0.01398	0.01827	0.07578	0.01116	0.41939	0.05347	0.06942	0.01848	0.02095	0.01428	0.07204	0.02802	0.00266	0.00759	0.00662	0.10039	0.01009
7	0.00941	0.00726	0.00826	0.00811	0.00981	0.00664	0.00582	0.01199	0.03948	0.02136	0.27210	0.09385	0.32928	0.13114	0.01248	0.00301	0.00405	0.01335	0.00655	0.00603
8	0.01960	0.01703	0.01631	0.01434	0.01818	0.11228	0.01114	0.14909	0.37125	0.05507	0.05861	0.08362	0.02207	0.01020	0.00717	0.00226	0.00665	0.00833	0.00664	0.01016
9	0.80405	0.01350	0.01026	0.00918	0.01350	0.01565	0.00756	0.02051	0.01188	0.03131	0.00972	0.01134	0.00756	0.00648	0.00432	0.00216	0.00540	0.00378	0.00432	0.00756
10	0.01806	0.02049	0.09119	0.05674	0.03259	0.04698	0.43371	0.12852	0.01867	0.02510	0.01395	0.01771	0.01046	0.00676	0.00850	0.00231	0.04728	0.00732	0.00399	0.00966
11	0.00830	0.00687	0.00728	0.00761	0.00957	0.00585	0.00554	0.00995	0.01539	0.01864	0.06413	0.20612	0.57366	0.01853	0.00838	0.00245	0.00364	0.01577	0.00648	0.00585
12	0.01485	0.08228	0.46428	0.02019	0.08300	0.05139	0.05098	0.02106	0.01522	0.02147	0.05890	0.01881	0.01373	0.04489	0.00812	0.00236	0.00947	0.00599	0.00343	0.00957
13	0.02010	0.01358	0.01625	0.01358	0.01692	0.01504	0.01083	0.28029	0.06970	0.10910	0.01826	0.02161	0.01449	0.04028	0.15285	0.10561	0.05996	0.00679	0.00569	0.00907
14	0.08515	0.01047	0.01310	0.01098	0.01490	0.00975	0.00882	0.02575	0.05228	0.38682	0.15568	0.05878	0.05963	0.01080	0.00715	0.00222	0.00510	0.03102	0.04203	0.00958
15	0.01615	0.17416	0.16071	0.04321	0.02014	0.05633	0.01373	0.07651	0.11003	0.02277	0.04969	0.04377	0.05064	0.03059	0.04366	0.00264	0.02502	0.00691	0.04445	0.00889
16	0.00985	0.00681	0.00752	0.00752	0.00790	0.00663	0.00440	0.01013	0.01106	0.01438	0.02973	0.04908	0.13392	0.63762	0.03118	0.00606	0.00625	0.01088	0.00459	0.00449
17	0.01389	0.01124	0.01346	0.01076	0.01518	0.00972	0.00837	0.07198	0.01517	0.02250	0.01715	0.10104	0.01633	0.04957	0.12259	0.00322	0.00749	0.00690	0.00458	0.47884
18	0.11056	0.07750	0.09678	0.04403	0.01776	0.02851	0.01147	0.04007	0.01558	0.15997	0.02385	0.21189	0.02289	0.01422	0.04352	0.00282	0.00706	0.05755	0.00560	0.00837

[dist]
# distance from previous block
# <min> <max>
0	3

[block]
# block no. 1 follows, 30 sequences, length 19
# corresponding to MSA columns:
# 71-89
name=unknown_B
#
# <colnr> <probs for GDERKNQSTAVLIFYWHMCP>
#	G	D	E	R	K	N	Q	S	T	A	V	L	I	F	Y	W	H	M	C	P
0	0.18586	0.13014	0.01737	0.01399	0.08769	0.01437	0.01014	0.03667	0.01540	0.12611	0.08583	0.05365	0.07739	0.03701	0.05460	0.00286	0.02982	0.00748	0.00523	0.00840
1	0.09235	0.32555	0.12932	0.01405	0.02023	0.06662	0.01372	0.15306	0.04233	0.02489	0.01238	0.01361	0.00989	0.00675	0.00552	0.00181	0.00787	0.00467	0.00413	0.05126
2	0.06159	0.08094	0.09350	0.03794	0.02027	0.19230	0.01338	0.14383	0.01826	0.04679	0.01413	0.01786	0.01173	0.04760	0.11777	0.00365	0.05970	0.00574	0.00431	0.00870
3	0.01248	0.00740	0.00939	0.00922	0.01106	0.00663	0.00673	0.01404	0.01581	0.12416	0.17272	0.26307	0.20688	0.01759	0.01015	0.08126	0.00426	0.01387	0.00669	0.00657
4	0.01071	0.00802	0.01093	0.01066	0.01141	0.00932	0.00788	0.01239	0.01114	0.01613	0.01962	0.06128	0.01997	0.24097	0.38532	0.00818	0.09373	0.00854	0.04797	0.00582
5	0.01207	0.00651	0.00673	0.00692	0.00847	0.00635	0.00510	0.01496	0.01461	0.02444	0.02887	0.11144	0.08349	0.01054	0.00564	0.00183	0.00337	0.00875	0.63357	0.00635
6	0.01576	0.01539	0.02688	0.26387	0.38956	0.01661	0.08889	0.02010	0.01504	0.02082	0.01277	0.01775	0.01034	0.00676	0.00796	0.00224	0.04990	0.00641	0.00333	0.00963
7	0.00997	0.00748	0.01121	0.01121	0.01246	0.00872	0.00872	0.01246	0.01121	0.01620	0.01869	0.02741	0.01745	0.05234	0.72710	0.01121	0.01869	0.00748	0.00374	0.00623
8	0.08170	0.14882	0.33697	0.05925	0.02436	0.01737	0.01767	0.08595	0.01632	0.05401	0.01385	0.01576	0.01031	0.00693	0.00598	0.00202	0.00825	0.00519	0.07973	0.00955
9	0.01112	0.00723	0.00903	0.00891	0.00999	0.00716	0.00620	0.01266	0.01337	0.05476	0.13046	0.08767	0.08203	0.32396	0.13852	0.00563	0.00761	0.03972	0.03825	0.00572
10	0.01201	0.00923	0.01290	0.01176	0.01333	0.00983	0.03771	0.01458	0.01618	0.05073	0.31616	0.07086	0.07759	0.09357	0.01376	0.00299	0.12824	0.09569	0.00613	0.00676
11	0.01730	0.00898	0.01133	0.01006	0.01215	0.00887	0.00729	0.03890	0.05729	0.20621	0.02193	0.03080	0.01920	0.25438	0.08333	0.13066	0.00720	0.00791	0.05912	0.00710
12	0.80405	0.01350	0.01026	0.00918	0.01350	0.01565	0.00756	0.02051	0.01188	0.03131	0.00972	0.01134	0.00756	0.00648	0.00432	0.00216	0.00540	0.00378	0.00432	0.00756
13	0.01652	0.05659	0.01832	0.01388	0.05457	0.01196	0.05360	0.06603	0.01624	0.06993	0.01567	0.07062	0.01357	0.00703	0.00595	0.00149	0.00604	0.00601	0.00467	0.49133
14	0.01806	0.66639	0.12391	0.01296	0.01948	0.02615	0.01371	0.02105	0.01425	0.01715	0.01006	0.01165	0.00894	0.00605	0.00475	0.00158	0.00783	0.00391	0.00298	0.00913
15	0.01212	0.00606	0.00909	0.00909	0.00909	0.00606	0.00606	0.00909	0.00909	0.01212	0.01212	0.02121	0.01212	0.02424	0.02727	0.79697	0.00606	0.00606	0.00303	0.00303
16	0.01802	0.11989	0.19941	0.04900	0.09282	0.01755	0.08719	0.14261	0.03868	0.06440	0.06161	0.02076	0.04165	0.00787	0.00682	0.00211	0.00826	0.00668	0.00468	0.00998
17	0.01063	0.00866	0.00992	0.00957	0.01165	0.03610	0.00697	0.01295	0.01630	0.02225	0.27181	0.29145	0.10987	0.01553	0.00790	0.00223	0.00426	0.01368	0.00641	0.13186
18	0.01236	0.00894	0.01042	0.00980	0.01226	0.00867	0.00753	0.04633	0.10650	0.06688	0.26677	0.10597	0.24642	0.01493	0.00809	0.00236	0.00424	0.04700	0.00711	0.00743

[dist]
# distance from previous block
# <min> <max>
0	47

[block]
# block no. 2 follows, 30 sequences, length 13
# corresponding to MSA columns:
# 137-149
name=unknown_C
#
# <colnr> <probs for GDERKNQSTAVLIFYWHMCP>
#	G	D	E	R	K	N	Q	S	T	A	V	L	I	F	Y	W	H	M	C	P
0	0.09986	0.01715	0.02012	0.01756	0.08268	0.01842	0.03525	0.38932	0.08340	0.13857	0.01825	0.01818	0.01294	0.00805	0.00678	0.00214	0.00721	0.00635	0.00655	0.01123
1	0.80405	0.01350	0.01026	0.00918	0.01350	0.01565	0.00756	0.02051	0.01188	0.03131	0.00972	0.01134	0.00756	0.00648	0.00432	0.00216	0.00540	0.00378	0.00432	0.00756
2	0.01108	0.00802	0.00965	0.00964	0.01171	0.00725	0.00714	0.04596	0.01593	0.04975	0.08041	0.34930	0.21978	0.01741	0.00823	0.00247	0.00438	0.05771	0.00645	0.07775
3	0.01604	0.02693	0.36436	0.10349	0.10962	0.06031	0.10503	0.05821	0.01629	0.02265	0.01290	0.01594	0.00960	0.00659	0.00684	0.00214	0.00992	0.00576	0.00341	0.04398
4	0.02040	0.05977	0.24784	0.01645	0.02263	0.04189	0.01673	0.18875	0.01982	0.13840	0.01704	0.02041	0.01300	0.01008	0.03210	0.00255	0.07489	0.04191	0.00512	0.01022
5	0.71746	0.01331	0.01092	0.00954	0.01398	0.01505	0.00786	0.02202	0.01278	0.10804	0.01171	0.01273	0.00865	0.00672	0.00462	0.00216	0.00546	0.00414	0.00480	0.00804
6	0.01067	0.00836	0.00956	0.00953	0.01156	0.00810	0.00710	0.05062	0.08857	0.02267	0.16208	0.24127	0.28552	0.01690	0.00828	0.00248	0.00418	0.03894	0.00678	0.00684
7	0.02182	0.01721	0.01829	0.01510	0.01984	0.01944	0.01212	0.35352	0.37492	0.03638	0.02274	0.02152	0.01672	0.00894	0.00704	0.00223	0.00657	0.00711	0.00704	0.01145
8	0.01647	0.01882	0.04118	0.02941	0.03647	0.01765	0.68588	0.02235	0.01647	0.02235	0.01412	0.01882	0.01059	0.00588	0.00824	0.00235	0.01176	0.00824	0.00353	0.00941
9	0.01304	0.00963	0.01172	0.01148	0.01376	0.00990	0.00925	0.11255	0.06468	0.02557	0.16295	0.12510	0.10186	0.01749	0.04435	0.00303	0.00594	0.21859	0.03168	0.00742
10	0.05433	0.01279	0.01550	0.01222	0.01693	0.01244	0.00999	0.18358	0.02205	0.40705	0.06837	0.02379	0.01891	0.00881	0.00674	0.00208	0.00584	0.00704	0.10081	0.01074
11	0.01928	0.01894	0.02216	0.15165	0.21069	0.15397	0.04129	0.13808	0.08078	0.02480	0.01805	0.02036	0.05336	0.00788	0.00696	0.00212	0.00879	0.00663	0.00454	0.00966
12	0.01652	0.01514	0.01492	0.04454	0.07589	0.13858	0.01041	0.07873	0.06883	0.02487	0.13244	0.02784	0.08038	0.00926	0.00661	0.00189	0.00646	0.00754	0.11992	0.11923

[dist]
# distance from previous block
# <min> <max>
0	2

[block]
# block no. 3 follows, 30 sequences, length 25
# corresponding to MSA columns:
# 152-176
name=unknown_D
#
# <colnr> <probs for GDERKNQSTAVLIFYWHMCP>
#	G	D	E	R	K	N	Q	S	T	A	V	L	I	F	Y	W	H	M	C	P
0	0.26862	0.01862	0.07348	0.03408	0.04798	0.15013	0.01156	0.10221	0.01789	0.02784	0.13201	0.02062	0.01914	0.00827	0.00610	0.00207	0.00724	0.00615	0.03763	0.00836
1	0.04038	0.34100	0.02551	0.06726	0.01986	0.08741	0.01218	0.08060	0.06765	0.02104	0.04483	0.01848	0.04025	0.01006	0.04011	0.00235	0.06252	0.00569	0.00413	0.00872
2	0.01797	0.19128	0.09145	0.01314	0.01738	0.18552	0.01155	0.02047	0.01563	0.06133	0.05900	0.02493	0.01761	0.14920	0.01167	0.00277	0.00829	0.03481	0.00424	0.06176
3	0.15279	0.04746	0.04855	0.20009	0.05746	0.14949	0.01374	0.04935	0.01548	0.02199	0.01228	0.01582	0.00991	0.01047	0.06637	0.00272	0.00937	0.00517	0.00376	0.10772
4	0.01715	0.16929	0.24711	0.15747	0.03070	0.06699	0.11634	0.04679	0.01597	0.05054	0.01286	0.01570	0.00969	0.00665	0.00651	0.00208	0.00964	0.00560	0.00351	0.00939
5	0.01275	0.01203	0.04646	0.07002	0.19378	0.01102	0.01260	0.01705	0.07171	0.02084	0.02591	0.31413	0.04346	0.01303	0.00755	0.00231	0.00601	0.01176	0.00509	0.10251
6	0.01363	0.00798	0.00975	0.00888	0.01127	0.00708	0.00665	0.01586	0.01724	0.16101	0.26471	0.08246	0.25385	0.09514	0.01099	0.00277	0.00431	0.01222	0.00706	0.00713
7	0.01086	0.00738	0.00925	0.00870	0.01068	0.00664	0.00655	0.01370	0.01868	0.07004	0.50156	0.08538	0.19444	0.01495	0.00819	0.00226	0.00355	0.01302	0.00744	0.00674
8	0.01064	0.00647	0.00817	0.00829	0.00850	0.00635	0.00518	0.00970	0.01042	0.01371	0.02320	0.08752	0.07579	0.36351	0.02831	0.31047	0.00605	0.00962	0.00410	0.00400
9	0.02607	0.03326	0.01978	0.01798	0.02157	0.72674	0.01348	0.02787	0.01978	0.01708	0.01079	0.01258	0.00899	0.00719	0.00629	0.00180	0.01258	0.00449	0.00360	0.00809
10	0.01017	0.00707	0.00905	0.01001	0.01069	0.00698	0.00731	0.01163	0.01304	0.01719	0.03121	0.21809	0.03551	0.31910	0.02000	0.00457	0.00602	0.25147	0.00554	0.00536
11	0.01447	0.01240	0.01447	0.01034	0.01654	0.00930	0.00827	0.01757	0.01447	0.02274	0.01240	0.01447	0.01034	0.00517	0.00517	0.00103	0.00517	0.00413	0.00413	0.79742
12	0.00855	0.00661	0.00780	0.00851	0.00986	0.00586	0.00600	0.01022	0.01513	0.01937	0.12608	0.38787	0.32460	0.01927	0.00856	0.00256	0.00375	0.01691	0.00661	0.00586
13	0.01583	0.23481	0.50009	0.01753	0.02644	0.01959	0.02142	0.05072	0.01537	0.02148	0.01193	0.01384	0.00900	0.00652	0.00605	0.00201	0.00941	0.00481	0.00313	0.01001
14	0.00948	0.00702	0.00818	0.00833	0.00998	0.00635	0.00620	0.01139	0.01575	0.02057	0.19750	0.10653	0.33283	0.07900	0.01144	0.03927	0.00418	0.07951	0.04065	0.00584
15	0.01854	0.01520	0.01723	0.01452	0.01870	0.04622	0.05804	0.12666	0.36614	0.07492	0.07178	0.02928	0.09149	0.01004	0.00731	0.00228	0.00627	0.00847	0.00676	0.01017
16	0.01015	0.00698	0.00861	0.00880	0.00918	0.00720	0.00574	0.01093	0.01096	0.01480	0.02324	0.07128	0.02590	0.53463	0.16154	0.00715	0.00886	0.06481	0.00440	0.00484
17	0.04843	0.01652	0.02698	0.08655	0.55115	0.01695	0.04672	0.07924	0.01710	0.02461	0.01330	0.01715	0.01085	0.00645	0.00687	0.00211	0.00833	0.00621	0.00377	0.01069
18	0.09319	0.01903	0.02003	0.01547	0.02094	0.02113	0.01277	0.63073	0.03101	0.04289	0.01615	0.01629	0.01150	0.00821	0.00675	0.00210	0.00748	0.00607	0.00675	0.01150
19	0.01675	0.01440	0.01525	0.01386	0.01765	0.01654	0.01081	0.03512	0.64509	0.02846	0.03047	0.02969	0.05050	0.01017	0.00724	0.00240	0.00547	0.03242	0.00705	0.01066
20	0.02572	0.03074	0.01973	0.01757	0.02142	0.60788	0.01334	0.10907	0.05254	0.02093	0.01233	0.01371	0.00991	0.00744	0.00641	0.00186	0.01166	0.00487	0.00417	0.00869
21	0.01318	0.01108	0.01300	0.00987	0.01497	0.00855	0.00776	0.01612	0.01518	0.02288	0.10374	0.05475	0.07117	0.00795	0.00594	0.00135	0.00477	0.00665	0.00485	0.60622
22	0.01126	0.00905	0.01238	0.01167	0.01222	0.01102	0.00875	0.01270	0.01074	0.01545	0.01757	0.03064	0.01815	0.27583	0.33415	0.00784	0.18290	0.00804	0.00374	0.00589
23	0.75768	0.01381	0.01208	0.01037	0.01485	0.01577	0.04750	0.02062	0.01215	0.03078	0.00998	0.01178	0.00774	0.00644	0.00455	0.00217	0.00577	0.00404	0.00427	0.00767
24	0.01208	0.00615	0.00903	0.00903	0.00918	0.00620	0.00611	0.00966	0.00951	0.01312	0.01303	0.02177	0.01269	0.02452	0.05645	0.71590	0.00645	0.00615	0.04960	0.00337

[dist]
# distance from previous block
# <min> <max>
0	9

[block]
# block no. 4 follows, 30 sequences, length 9
# corresponding to MSA columns:
# 190-198
name=unknown_E
#
# <colnr> <probs for GDERKNQSTAVLIFYWHMCP>
#	G	D	E	R	K	N	Q	S	T	A	V	L	I	F	Y	W	H	M	C	P
0	0.01447	0.01240	0.01447	0.01034	0.01654	0.00930	0.00827	0.01757	0.01447	0.02274	0.01240	0.01447	0.01034	0.00517	0.00517	0.00103	0.00517	0.00413	0.00413	0.79742
1	0.01620	0.01829	0.03950	0.08791	0.03743	0.01747	0.63086	0.02198	0.01626	0.02198	0.01398	0.01881	0.01048	0.00597	0.00813	0.00235	0.01156	0.00807	0.00349	0.00927
2	0.00868	0.00670	0.00797	0.00872	0.01012	0.00599	0.00629	0.01043	0.01515	0.01933	0.11067	0.36405	0.32278	0.01930	0.00862	0.00260	0.00391	0.05623	0.00658	0.00589
3	0.00895	0.00696	0.00814	0.00813	0.00993	0.00615	0.00599	0.01128	0.01716	0.02248	0.32939	0.15187	0.35490	0.01682	0.00833	0.00235	0.00350	0.01454	0.00698	0.00615
4	0.00934	0.00686	0.00851	0.00884	0.01010	0.00634	0.00635	0.01141	0.01597	0.02141	0.28661	0.23794	0.17370	0.10625	0.01179	0.00301	0.00416	0.05886	0.00664	0.00592
5	0.02300	0.01689	0.01798	0.01436	0.01910	0.01873	0.01168	0.47912	0.14521	0.03885	0.01963	0.01969	0.01436	0.00853	0.00670	0.00207	0.00667	0.00659	0.11990	0.01096
6	0.01053	0.00745	0.00913	0.00886	0.01075	0.00687	0.00667	0.01379	0.03974	0.04873	0.41037	0.11956	0.20061	0.01536	0.00816	0.00231	0.00369	0.03678	0.03399	0.00666
7	0.01108	0.00883	0.01359	0.05040	0.10333	0.00990	0.01050	0.01368	0.01186	0.01691	0.01794	0.02717	0.01688	0.10151	0.54332	0.00925	0.01593	0.00747	0.00371	0.00676
8	0.53546	0.01536	0.05570	0.03814	0.04131	0.04018	0.01027	0.02319	0.01398	0.15057	0.01329	0.01425	0.00959	0.00690	0.00519	0.00215	0.00629	0.00463	0.00490	0.00864

[dist]
# distance from previous block
# <min> <max>
1	6

[block]
# block no. 5 follows, 30 sequences, length 17
# corresponding to MSA columns:
# 205-221
name=unknown_F
#
# <colnr> <probs for GDERKNQSTAVLIFYWHMCP>
#	G	D	E	R	K	N	Q	S	T	A	V	L	I	F	Y	W	H	M	C	P
0	0.01549	0.31258	0.30634	0.01522	0.02215	0.01936	0.01716	0.02111	0.04854	0.02035	0.04568	0.02282	0.01557	0.00828	0.00623	0.00205	0.00821	0.07986	0.00377	0.00921
1	0.01526	0.01286	0.01708	0.01568	0.06577	0.01367	0.06932	0.11110	0.19145	0.02846	0.25995	0.03457	0.07614	0.01108	0.00841	0.00228	0.04190	0.00956	0.00648	0.00899
2	0.01345	0.01194	0.01148	0.01120	0.01314	0.11337	0.00821	0.09144	0.01825	0.02316	0.18918	0.33475	0.10115	0.01603	0.00809	0.00241	0.00550	0.01390	0.00639	0.00697
3	0.05179	0.01250	0.06560	0.33295	0.05777	0.01234	0.03790	0.01688	0.01459	0.04998	0.06851	0.20556	0.02294	0.01121	0.00744	0.00241	0.00733	0.01002	0.00459	0.00768
4	0.80405	0.01350	0.01026	0.00918	0.01350	0.01565	0.00756	0.02051	0.01188	0.03131	0.00972	0.01134	0.00756	0.00648	0.00432	0.00216	0.00540	0.00378	0.00432	0.00756
5	0.00997	0.00748	0.01121	0.01121	0.01246	0.00872	0.00872	0.01246	0.01121	0.01620	0.01869	0.02741	0.01745	0.05234	0.72710	0.01121	0.01869	0.00748	0.00374	0.00623
6	0.43873	0.01362	0.01361	0.01113	0.01598	0.01442	0.00918	0.10232	0.01718	0.27701	0.01688	0.01639	0.01152	0.00747	0.00559	0.00215	0.00585	0.00522	0.00617	0.00959
7	0.01169	0.01013	0.01564	0.37376	0.02973	0.01176	0.01354	0.01536	0.01563	0.02098	0.22652	0.08825	0.05421	0.01140	0.00846	0.00240	0.04419	0.03425	0.00498	0.00712
8	0.01462	0.00817	0.00959	0.00886	0.01124	0.00771	0.00684	0.04575	0.01726	0.12958	0.16264	0.06867	0.13985	0.04128	0.00809	0.00229	0.00425	0.04631	0.25967	0.00734
9	0.01464	0.01452	0.01937	0.07089	0.01955	0.05141	0.01425	0.01645	0.01163	0.01693	0.01276	0.08174	0.01304	0.01527	0.06922	0.00350	0.53665	0.00736	0.00344	0.00739
10	0.00995	0.00707	0.00891	0.00962	0.01094	0.00675	0.00720	0.01280	0.03684	0.02186	0.19193	0.31531	0.11549	0.01762	0.00839	0.00258	0.00421	0.12800	0.07827	0.00627
11	0.01447	0.01240	0.01447	0.01034	0.01654	0.00930	0.00827	0.01757	0.01447	0.02274	0.01240	0.01447	0.01034	0.00517	0.00517	0.00103	0.00517	0.00413	0.00413	0.79742
12	0.01106	0.00754	0.00948	0.00974	0.01129	0.00702	0.00707	0.03756	0.01583	0.04876	0.15496	0.39493	0.07995	0.03589	0.00890	0.00260	0.00432	0.05518	0.05040	0.04752
13	0.01606	0.01327	0.01800	0.07662	0.11266	0.01412	0.05906	0.14924	0.12645	0.02594	0.08662	0.03151	0.04587	0.15649	0.01296	0.00315	0.00706	0.03075	0.00545	0.00872
14	0.24456	0.01300	0.01337	0.01115	0.01575	0.01325	0.00890	0.05099	0.17139	0.10898	0.02147	0.04804	0.05310	0.00839	0.00597	0.00198	0.00537	0.00650	0.00573	0.19212
15	0.48028	0.01425	0.01395	0.01333	0.06444	0.01584	0.01002	0.12282	0.05439	0.08300	0.01509	0.01853	0.01199	0.00787	0.00559	0.00222	0.00606	0.04615	0.00527	0.00890
16	0.06252	0.05047	0.06605	0.15919	0.06834	0.05518	0.05501	0.07436	0.05837	0.05655	0.01804	0.09896	0.01618	0.01086	0.02662	0.00258	0.07081	0.03662	0.00459	0.00870

[dist]
# distance from previous block
# <min> <max>
3	21

[block]
# block no. 6 follows, 30 sequences, length 19
# corresponding to MSA columns:
# 243-261
name=unknown_G
#
# <colnr> <probs for GDERKNQSTAVLIFYWHMCP>
#	G	D	E	R	K	N	Q	S	T	A	V	L	I	F	Y	W	H	M	C	P
0	0.01574	0.11009	0.06920	0.20437	0.12075	0.04391	0.06943	0.05000	0.09371	0.02231	0.07883	0.02329	0.05262	0.00819	0.00690	0.00215	0.00799	0.00713	0.00438	0.00902
1	0.02027	0.01000	0.01279	0.01072	0.01436	0.00909	0.00850	0.04771	0.04541	0.34064	0.23852	0.06591	0.12208	0.01204	0.00762	0.00223	0.00480	0.01021	0.00787	0.00923
2	0.01908	0.01444	0.01626	0.01236	0.01772	0.04784	0.00998	0.09480	0.03650	0.13004	0.01531	0.01642	0.01171	0.00679	0.00707	0.00155	0.06030	0.00508	0.00511	0.47165
3	0.00895	0.00683	0.00829	0.00903	0.01047	0.00618	0.00668	0.01090	0.01548	0.01992	0.13735	0.31990	0.29174	0.01899	0.00867	0.00262	0.00407	0.10132	0.00663	0.00597
4	0.04234	0.00823	0.00996	0.00987	0.01135	0.00848	0.00707	0.04704	0.04340	0.04614	0.05436	0.22420	0.09576	0.18773	0.16682	0.00531	0.00805	0.01200	0.00549	0.00638
5	0.01358	0.01068	0.01576	0.14665	0.15344	0.01105	0.01252	0.01814	0.05845	0.05866	0.24558	0.03900	0.07420	0.01132	0.00764	0.00229	0.00592	0.07382	0.03318	0.00813
6	0.01447	0.01240	0.01447	0.01034	0.01654	0.00930	0.00827	0.01757	0.01447	0.02274	0.01240	0.01447	0.01034	0.00517	0.00517	0.00103	0.00517	0.00413	0.00413	0.79742
7	0.01479	0.01992	0.19849	0.15474	0.24986	0.01532	0.11177	0.02008	0.01543	0.02165	0.04181	0.04205	0.01469	0.00781	0.00728	0.00227	0.00904	0.03980	0.00367	0.00950
8	0.02275	0.01453	0.01598	0.01279	0.01717	0.03894	0.01025	0.29933	0.02311	0.18049	0.02034	0.04356	0.01559	0.04999	0.03506	0.00256	0.00694	0.00690	0.11089	0.07284
9	0.06421	0.01681	0.01841	0.01436	0.01971	0.01785	0.01175	0.40879	0.10858	0.14284	0.01904	0.01846	0.01347	0.00814	0.00669	0.00204	0.00679	0.00625	0.00684	0.08899
10	0.02505	0.02326	0.01982	0.01640	0.02111	0.24577	0.01301	0.38340	0.12497	0.03327	0.01654	0.01677	0.01231	0.00816	0.00678	0.00204	0.00893	0.00595	0.00592	0.01054
11	0.01164	0.00913	0.01217	0.01255	0.03312	0.00916	0.03513	0.03296	0.10000	0.02237	0.13054	0.21028	0.09713	0.05325	0.00994	0.00289	0.00540	0.19886	0.00641	0.00707
12	0.00948	0.00642	0.00836	0.00934	0.01003	0.00607	0.00646	0.01055	0.01359	0.01832	0.09278	0.44285	0.08449	0.07067	0.01262	0.09362	0.00449	0.05895	0.03547	0.00544
13	0.26262	0.01625	0.02333	0.04150	0.02412	0.01692	0.21993	0.17138	0.01906	0.11760	0.01499	0.01668	0.01075	0.00701	0.00656	0.00221	0.00808	0.00621	0.00517	0.00965
14	0.01762	0.11915	0.16859	0.04009	0.11421	0.01649	0.12307	0.02202	0.01515	0.12541	0.01531	0.01835	0.01182	0.01282	0.09885	0.00331	0.05784	0.00626	0.00408	0.00956
15	0.01192	0.00725	0.00913	0.00920	0.01040	0.00682	0.00653	0.01276	0.01349	0.08021	0.06739	0.15587	0.13645	0.22757	0.01886	0.11706	0.00545	0.09241	0.00560	0.00562
16	0.04912	0.01120	0.01318	0.01165	0.01521	0.01129	0.00928	0.05016	0.19363	0.21662	0.11788	0.06919	0.11868	0.01219	0.00757	0.00237	0.00519	0.06901	0.00731	0.00928
17	0.06674	0.01734	0.03709	0.04088	0.02096	0.05949	0.01240	0.32387	0.02492	0.29519	0.01985	0.01890	0.01335	0.00821	0.00681	0.00212	0.00733	0.00629	0.00702	0.01123
18	0.01158	0.00618	0.00879	0.00888	0.00891	0.00615	0.00578	0.00930	0.00952	0.01270	0.01535	0.06953	0.01637	0.14453	0.02752	0.61845	0.00605	0.00757	0.00344	0.00339

[dist]
# distance from previous block
# <min> <max>
0	1

[block]
# block no. 7 follows, 30 sequences, length 20
# corresponding to MSA columns:
# 263-282
name=unknown_H
#
# <colnr> <probs for GDERKNQSTAVLIFYWHMCP>
#	G	D	E	R	K	N	Q	S	T	A	V	L	I	F	Y	W	H	M	C	P
0	0.01615	0.01317	0.01416	0.01286	0.01596	0.01484	0.00970	0.09251	0.45245	0.02693	0.02738	0.10738	0.02374	0.12675	0.01171	0.00308	0.00576	0.00939	0.00657	0.00948
1	0.68894	0.01410	0.01177	0.08919	0.01757	0.04181	0.00907	0.02049	0.01239	0.02931	0.01005	0.01218	0.00780	0.00656	0.00468	0.00216	0.00609	0.00407	0.00416	0.00760
2	0.01264	0.01139	0.01874	0.49416	0.08903	0.01358	0.01651	0.01677	0.01429	0.01904	0.08752	0.02345	0.01673	0.01476	0.11922	0.00368	0.01005	0.00709	0.00372	0.00764
3	0.01655	0.01969	0.07273	0.27735	0.03333	0.18647	0.14636	0.02070	0.01553	0.01861	0.01321	0.01812	0.01055	0.01295	0.10476	0.00340	0.01192	0.00628	0.00338	0.00813
4	0.01535	0.01238	0.01456	0.01044	0.01660	0.00935	0.00837	0.01843	0.01476	0.05903	0.01319	0.01496	0.01070	0.00535	0.00526	0.00109	0.00521	0.00429	0.00437	0.75630
5	0.01400	0.03610	0.71860	0.01989	0.03020	0.01621	0.02578	0.02210	0.01473	0.02210	0.01252	0.01473	0.00884	0.00663	0.00663	0.00221	0.01031	0.00516	0.00295	0.01031
6	0.00896	0.00641	0.00864	0.01001	0.01058	0.00623	0.00697	0.01040	0.01319	0.01767	0.03546	0.58538	0.04165	0.06307	0.08381	0.00393	0.00588	0.06997	0.00608	0.00571
7	0.01239	0.01063	0.01462	0.12035	0.16110	0.03111	0.01140	0.01529	0.01622	0.04330	0.14925	0.12119	0.23977	0.01307	0.00776	0.00230	0.00571	0.01142	0.00555	0.00757
8	0.01794	0.58512	0.09258	0.01530	0.02180	0.02514	0.11799	0.02122	0.01458	0.01780	0.01062	0.01267	0.00920	0.00601	0.00524	0.00168	0.00836	0.00455	0.00307	0.00914
9	0.01411	0.01197	0.01409	0.01037	0.01615	0.00912	0.00831	0.01723	0.01479	0.02291	0.04703	0.01898	0.01427	0.00620	0.00550	0.00118	0.00513	0.03223	0.00440	0.72603
10	0.05560	0.04674	0.02540	0.14406	0.46742	0.01674	0.01889	0.04164	0.04385	0.05297	0.01406	0.01756	0.01124	0.00664	0.00671	0.00211	0.00804	0.00610	0.00390	0.01035
11	0.00954	0.00759	0.00872	0.00901	0.01108	0.00695	0.00709	0.01260	0.04660	0.02094	0.14667	0.10103	0.41076	0.01741	0.00853	0.00255	0.00425	0.15571	0.00666	0.00632
12	0.00850	0.00607	0.00810	0.00972	0.01012	0.00567	0.00648	0.00972	0.01336	0.01781	0.03846	0.75020	0.04615	0.02186	0.00891	0.00283	0.00405	0.01984	0.00648	0.00567
13	0.05429	0.01090	0.01428	0.01183	0.01608	0.00988	0.00942	0.02864	0.05377	0.51045	0.02918	0.17378	0.02310	0.01134	0.00731	0.00231	0.00551	0.00960	0.00795	0.01039
14	0.02062	0.26712	0.02722	0.01589	0.02096	0.07470	0.09149	0.17150	0.09606	0.05861	0.01586	0.04311	0.01297	0.00802	0.00714	0.00201	0.04587	0.00623	0.00485	0.00978
15	0.52037	0.01684	0.01274	0.01136	0.01546	0.13137	0.00905	0.05298	0.09145	0.02909	0.01287	0.01407	0.00997	0.00709	0.00509	0.00210	0.00659	0.00459	0.03874	0.00818
16	0.08862	0.12109	0.07695	0.01749	0.11238	0.04649	0.01331	0.12834	0.08787	0.10371	0.01947	0.10230	0.01684	0.00936	0.00664	0.00216	0.00709	0.02478	0.00536	0.00975
17	0.38114	0.07638	0.05810	0.02143	0.23351	0.01674	0.03945	0.02169	0.01407	0.06238	0.01203	0.01430	0.00946	0.00645	0.00556	0.00209	0.00701	0.00495	0.00406	0.00921
18	0.01755	0.01821	0.01817	0.27404	0.02852	0.22225	0.01437	0.03927	0.05922	0.01981	0.01500	0.05016	0.01260	0.00858	0.00834	0.00219	0.08717	0.00644	0.09017	0.00793
19	0.01596	0.09334	0.23711	0.02579	0.26413	0.06792	0.01930	0.02064	0.01481	0.02042	0.01304	0.01687	0.01082	0.01289	0.10493	0.00332	0.04010	0.00570	0.00329	0.00962

[dist]
# distance from previous block
# <min> <max>
0	19

[block]
# block no. 8 follows, 30 sequences, length 28
# corresponding to MSA columns:
# 305-309,311,312,315-335
name=unknown_I
#
# <colnr> <probs for GDERKNQSTAVLIFYWHMCP>
#	G	D	E	R	K	N	Q	S	T	A	V	L	I	F	Y	W	H	M	C	P
0	0.23136	0.01059	0.01018	0.01024	0.01241	0.05522	0.00765	0.01610	0.04889	0.02423	0.16211	0.29769	0.03555	0.01442	0.00727	0.00244	0.00498	0.03587	0.00596	0.00683
1	0.01299	0.00934	0.01078	0.01066	0.01294	0.00945	0.00786	0.01973	0.20972	0.08318	0.04156	0.33250	0.17903	0.01626	0.00808	0.00254	0.00453	0.01420	0.00685	0.00780
2	0.01706	0.01337	0.02018	0.33839	0.05004	0.01490	0.06906	0.11831	0.05759	0.09252	0.04998	0.04566	0.01619	0.05582	0.00903	0.00257	0.00807	0.00754	0.00489	0.00883
3	0.01327	0.00947	0.01173	0.01185	0.01415	0.00983	0.00975	0.02023	0.17198	0.05170	0.16953	0.05534	0.03855	0.01480	0.00833	0.00266	0.00533	0.30913	0.06464	0.00773
4	0.01566	0.02410	0.33018	0.17858	0.06770	0.01630	0.04461	0.11283	0.04963	0.02455	0.03255	0.04402	0.01292	0.00777	0.00697	0.00225	0.00904	0.00656	0.00403	0.00974
5	0.02331	0.01820	0.05036	0.01510	0.02028	0.01892	0.01276	0.50038	0.09160	0.05907	0.09853	0.02185	0.01905	0.00909	0.00712	0.00214	0.00704	0.00714	0.00694	0.01111
6	0.01516	0.01653	0.10343	0.01835	0.02284	0.04753	0.20414	0.04407	0.04767	0.05182	0.01675	0.02174	0.01377	0.02461	0.28636	0.00575	0.03980	0.00719	0.00406	0.00844
7	0.80405	0.01350	0.01026	0.00918	0.01350	0.01565	0.00756	0.02051	0.01188	0.03131	0.00972	0.01134	0.00756	0.00648	0.00432	0.00216	0.00540	0.00378	0.00432	0.00756
8	0.01747	0.02207	0.22797	0.01968	0.10294	0.03469	0.01721	0.16865	0.09396	0.02659	0.02984	0.01988	0.02717	0.02864	0.04534	0.00283	0.09400	0.00650	0.00461	0.00995
9	0.01229	0.00823	0.01025	0.00972	0.01181	0.00787	0.00728	0.01680	0.09180	0.08948	0.39567	0.17267	0.10909	0.01488	0.00812	0.00234	0.00394	0.01306	0.00739	0.00734
10	0.03523	0.01769	0.12386	0.11259	0.08143	0.06585	0.08206	0.03758	0.12362	0.02336	0.10474	0.05185	0.09114	0.00964	0.00729	0.00225	0.00764	0.00843	0.00494	0.00881
11	0.00966	0.00701	0.00881	0.00894	0.01024	0.00654	0.00653	0.01196	0.01656	0.02254	0.36426	0.15722	0.13163	0.12710	0.01255	0.00309	0.00426	0.07839	0.00672	0.00600
12	0.01922	0.01652	0.02076	0.11047	0.05138	0.05028	0.08544	0.24141	0.17982	0.03085	0.10122	0.02344	0.01990	0.00875	0.00726	0.00221	0.00755	0.00753	0.00593	0.01004
13	0.01031	0.00682	0.00855	0.00894	0.00966	0.00650	0.00594	0.01160	0.01377	0.04383	0.16651	0.29952	0.04112	0.29354	0.01866	0.00416	0.00505	0.03400	0.00596	0.00556
14	0.02265	0.06966	0.06709	0.01820	0.02273	0.37629	0.08086	0.07860	0.07983	0.04832	0.01375	0.01540	0.01080	0.00764	0.00767	0.00203	0.05962	0.00551	0.00425	0.00909
15	0.01335	0.00871	0.01075	0.00998	0.01237	0.00843	0.00782	0.03585	0.08076	0.09532	0.38747	0.04850	0.10539	0.01356	0.00791	0.00229	0.00424	0.08219	0.05751	0.00758
16	0.01140	0.00782	0.00985	0.00959	0.01163	0.00725	0.00752	0.03099	0.01837	0.06502	0.37229	0.09032	0.18614	0.01571	0.00841	0.00243	0.00419	0.12704	0.00720	0.00682
17	0.01631	0.01306	0.01588	0.04994	0.01875	0.01419	0.04272	0.17983	0.21227	0.02781	0.02920	0.14516	0.06471	0.03521	0.00868	0.00262	0.00634	0.10192	0.00639	0.00901
18	0.01599	0.01582	0.02854	0.23351	0.40817	0.01647	0.13793	0.02059	0.01545	0.02134	0.01310	0.01791	0.01049	0.00637	0.00716	0.00219	0.00918	0.00657	0.00337	0.00985
19	0.43371	0.27486	0.05411	0.01133	0.01645	0.07449	0.01041	0.02129	0.01342	0.02460	0.00993	0.01155	0.00821	0.00636	0.00464	0.00190	0.00690	0.00388	0.00373	0.00822
20	0.01352	0.00887	0.01044	0.01009	0.01175	0.00899	0.00718	0.06681	0.08525	0.07587	0.05380	0.22684	0.05002	0.24392	0.01643	0.00381	0.00550	0.04455	0.04950	0.00686
21	0.04614	0.06259	0.02243	0.17815	0.02692	0.06235	0.13124	0.10243	0.03957	0.06392	0.01608	0.03805	0.01361	0.09798	0.03179	0.00303	0.04370	0.00713	0.00442	0.00848
22	0.05341	0.01679	0.02488	0.15361	0.35190	0.05089	0.06738	0.12226	0.01818	0.02510	0.01546	0.01886	0.03596	0.00713	0.00693	0.00214	0.00853	0.00649	0.00409	0.01000
23	0.00919	0.00679	0.00960	0.01062	0.01137	0.00648	0.02960	0.01074	0.01347	0.01796	0.03582	0.59148	0.04211	0.06500	0.03664	0.00339	0.00523	0.08257	0.00614	0.00580
24	0.72021	0.01468	0.01113	0.00988	0.01420	0.06070	0.00805	0.02158	0.01274	0.06079	0.01058	0.01197	0.00808	0.00662	0.00456	0.00214	0.00588	0.00397	0.00446	0.00778
25	0.00964	0.00711	0.01027	0.01064	0.01162	0.00790	0.00792	0.01168	0.01164	0.01640	0.02344	0.19438	0.02454	0.09008	0.51831	0.00901	0.01457	0.01048	0.00440	0.00597
26	0.01832	0.48608	0.07433	0.05798	0.04310	0.08767	0.06402	0.02130	0.01472	0.01756	0.01053	0.01295	0.00917	0.00654	0.00633	0.00178	0.05100	0.00458	0.00310	0.00891
27	0.01831	0.01758	0.01410	0.01301	0.01527	0.27711	0.00961	0.05764	0.01631	0.05146	0.05244	0.05813	0.04816	0.06499	0.08178	0.17619	0.00949	0.00730	0.00444	0.00668

[dist]
# distance from previous block
# <min> <max>
0	59

# created by:
# /home/cegg/simao/soft/augustus-3.2.1/scripts/msa2prfl.pl ./align_prep/EOG090W0G2P.fa
