[name]
unknown

[dist]
# distance from previous block
# <min> <max>
1	91

[block]
# block no. 0 follows, 30 sequences, length 21
# corresponding to MSA columns:
# 120-140
name=unknown_A
#
# <colnr> <probs for GDERKNQSTAVLIFYWHMCP>
#	G	D	E	R	K	N	Q	S	T	A	V	L	I	F	Y	W	H	M	C	P
0	0.04980	0.03720	0.10954	0.03593	0.03894	0.04931	0.03193	0.14528	0.04693	0.07391	0.08594	0.10876	0.02186	0.01028	0.00758	0.00219	0.03066	0.03410	0.00550	0.07436
1	0.01452	0.04765	0.04575	0.06490	0.07065	0.01231	0.07505	0.01984	0.09407	0.05975	0.06370	0.10262	0.06241	0.01245	0.04269	0.00258	0.00712	0.05172	0.00516	0.14504
2	0.01931	0.18049	0.02202	0.04435	0.05360	0.05624	0.01202	0.13675	0.08624	0.06883	0.01531	0.01689	0.01213	0.00984	0.04928	0.00235	0.03569	0.00545	0.00478	0.16844
3	0.00945	0.00743	0.00984	0.00952	0.01104	0.00690	0.04222	0.01126	0.01458	0.01908	0.14674	0.22416	0.24361	0.15422	0.05482	0.00376	0.00553	0.01406	0.00594	0.00585
4	0.06540	0.01314	0.04293	0.01248	0.01651	0.01220	0.03329	0.17528	0.01844	0.11976	0.07020	0.02100	0.01628	0.01233	0.01207	0.21296	0.00640	0.00637	0.00534	0.12761
5	0.01539	0.13552	0.29063	0.03648	0.02533	0.06340	0.11148	0.02099	0.04192	0.02034	0.01722	0.06314	0.04138	0.00869	0.00795	0.00223	0.05983	0.02532	0.00370	0.00905
6	0.01566	0.03911	0.06153	0.24059	0.22781	0.01518	0.09825	0.02051	0.04016	0.06182	0.01961	0.04685	0.06620	0.00810	0.00718	0.00223	0.00834	0.00755	0.00409	0.00923
7	0.00908	0.00649	0.00802	0.00877	0.00943	0.00609	0.00578	0.01029	0.01358	0.01807	0.12114	0.40786	0.11132	0.21265	0.01573	0.00374	0.00461	0.01587	0.00604	0.00543
8	0.00911	0.00660	0.00909	0.01001	0.01073	0.00670	0.00705	0.01077	0.01293	0.01771	0.07127	0.45484	0.03759	0.06679	0.22808	0.00553	0.00858	0.01518	0.00561	0.00582
9	0.06222	0.13505	0.12793	0.03858	0.06086	0.08817	0.11492	0.11615	0.05029	0.09535	0.01563	0.03720	0.01212	0.00746	0.00658	0.00208	0.00870	0.00623	0.00464	0.00985
10	0.00921	0.00736	0.00840	0.00876	0.01050	0.00684	0.00635	0.01229	0.06569	0.01998	0.11073	0.27973	0.36249	0.01948	0.03674	0.00285	0.00442	0.01539	0.00652	0.00627
11	0.01445	0.03295	0.59515	0.02162	0.03134	0.01647	0.14607	0.02215	0.01505	0.02215	0.01281	0.01548	0.00916	0.00649	0.00692	0.00224	0.01058	0.00572	0.00305	0.01015
12	0.01373	0.01363	0.03599	0.07789	0.06933	0.10754	0.07375	0.01645	0.01519	0.01988	0.08245	0.20334	0.05271	0.03840	0.03668	0.02360	0.02806	0.01056	0.07365	0.00717
13	0.03932	0.08239	0.26252	0.02269	0.13307	0.10703	0.11825	0.04328	0.01599	0.02153	0.01367	0.04984	0.01142	0.00796	0.00760	0.03466	0.00959	0.00631	0.00354	0.00936
14	0.00941	0.00731	0.01113	0.01164	0.01270	0.00688	0.06332	0.01119	0.01386	0.01847	0.03630	0.62883	0.04266	0.02030	0.00892	0.00283	0.00490	0.07708	0.00623	0.00605
15	0.02306	0.01892	0.01642	0.01383	0.01782	0.20266	0.01090	0.24009	0.06292	0.10789	0.04122	0.02008	0.01531	0.00830	0.00642	0.00195	0.00759	0.00624	0.16884	0.00954
16	0.04314	0.01843	0.14869	0.11602	0.11161	0.07245	0.03445	0.04084	0.07292	0.07635	0.06775	0.07755	0.01858	0.01034	0.03014	0.00250	0.00819	0.00762	0.03334	0.00909
17	0.01788	0.06761	0.16568	0.05487	0.13394	0.04027	0.09995	0.05024	0.06057	0.11051	0.01744	0.04767	0.01414	0.05340	0.03297	0.00275	0.00888	0.00704	0.00453	0.00967
18	0.00849	0.00613	0.00804	0.00957	0.01008	0.00568	0.00641	0.00973	0.01350	0.01787	0.04019	0.71364	0.08160	0.02164	0.00887	0.00281	0.00402	0.01956	0.00648	0.00568
19	0.03806	0.02054	0.12943	0.13597	0.10017	0.12850	0.11010	0.07669	0.01723	0.04179	0.03310	0.03978	0.01430	0.05213	0.00878	0.00247	0.00935	0.02857	0.00415	0.00890
20	0.01932	0.03577	0.04372	0.04868	0.11220	0.08130	0.08028	0.09763	0.13811	0.10412	0.02030	0.08040	0.01655	0.00879	0.00695	0.00214	0.00754	0.00764	0.05599	0.03255

[dist]
# distance from previous block
# <min> <max>
5	9

[block]
# block no. 1 follows, 30 sequences, length 25
# corresponding to MSA columns:
# 153-177
name=unknown_B
#
# <colnr> <probs for GDERKNQSTAVLIFYWHMCP>
#	G	D	E	R	K	N	Q	S	T	A	V	L	I	F	Y	W	H	M	C	P
0	0.04950	0.06611	0.06847	0.01583	0.09519	0.08292	0.01204	0.06936	0.01683	0.04353	0.04966	0.01670	0.01323	0.00651	0.00584	0.00156	0.00688	0.00512	0.00438	0.37036
1	0.00997	0.00800	0.01039	0.00951	0.01170	0.00736	0.03913	0.01358	0.04943	0.02448	0.41458	0.07841	0.26725	0.01500	0.00821	0.00228	0.00391	0.01312	0.00703	0.00667
2	0.01931	0.04504	0.26141	0.01638	0.02304	0.01537	0.05373	0.09699	0.09120	0.16416	0.01817	0.01901	0.01304	0.00980	0.04192	0.00258	0.02976	0.00620	0.02617	0.04669
3	0.01354	0.00871	0.01177	0.01098	0.01271	0.00953	0.00842	0.01634	0.03977	0.11121	0.04622	0.03136	0.05313	0.13760	0.36782	0.00735	0.06129	0.00821	0.03705	0.00699
4	0.01019	0.00789	0.00910	0.00871	0.01081	0.00746	0.00655	0.01464	0.09053	0.02458	0.36975	0.07472	0.28047	0.01493	0.00801	0.00227	0.00364	0.01284	0.03611	0.00679
5	0.00997	0.00748	0.01121	0.01121	0.01246	0.00872	0.00872	0.01246	0.01121	0.01620	0.01869	0.02741	0.01745	0.05234	0.72710	0.01121	0.01869	0.00748	0.00374	0.00623
6	0.02557	0.08517	0.02114	0.01732	0.02131	0.59560	0.01334	0.10191	0.02084	0.02007	0.01138	0.01295	0.00931	0.00724	0.00624	0.00181	0.01165	0.00464	0.00393	0.00858
7	0.01447	0.01240	0.01447	0.01034	0.01654	0.00930	0.00827	0.01757	0.01447	0.02274	0.01240	0.01447	0.01034	0.00517	0.00517	0.00103	0.00517	0.00413	0.00413	0.79742
8	0.00866	0.00656	0.00800	0.00874	0.00996	0.00590	0.00614	0.01041	0.01526	0.01990	0.16489	0.41881	0.25301	0.01925	0.00859	0.00258	0.00376	0.01701	0.00669	0.00590
9	0.01510	0.12115	0.44381	0.02008	0.05792	0.04319	0.09958	0.02140	0.01537	0.02144	0.04607	0.01806	0.03223	0.00714	0.00667	0.00212	0.00960	0.00599	0.00339	0.00969
10	0.00997	0.00748	0.01121	0.01121	0.01246	0.00872	0.00872	0.01246	0.01121	0.01620	0.01869	0.02741	0.01745	0.05234	0.72710	0.01121	0.01869	0.00748	0.00374	0.00623
11	0.03131	0.01188	0.01619	0.01242	0.01781	0.01026	0.01026	0.03401	0.01997	0.71606	0.02753	0.02375	0.01727	0.00864	0.00702	0.00216	0.00594	0.00702	0.00864	0.01188
12	0.04986	0.01141	0.01461	0.05196	0.06660	0.01173	0.00989	0.11450	0.03869	0.19655	0.02039	0.02774	0.01731	0.21627	0.07402	0.04920	0.00776	0.00755	0.00560	0.00836
13	0.04651	0.16022	0.17557	0.01851	0.04855	0.15572	0.10227	0.09210	0.01775	0.02272	0.04088	0.01726	0.03036	0.00748	0.00704	0.00203	0.03600	0.00585	0.00393	0.00925
14	0.01162	0.00923	0.01026	0.00997	0.01216	0.04518	0.00735	0.01427	0.03489	0.04650	0.18161	0.29569	0.14046	0.01578	0.00795	0.00232	0.00460	0.03585	0.00638	0.10795
15	0.01594	0.01649	0.02027	0.01763	0.01813	0.09627	0.01447	0.01759	0.01172	0.01677	0.01021	0.01610	0.00991	0.01537	0.08602	0.00367	0.59666	0.00606	0.00318	0.00755
16	0.01795	0.01416	0.09525	0.01371	0.05851	0.01207	0.01117	0.14340	0.05916	0.12222	0.02424	0.10963	0.04048	0.00997	0.00660	0.00209	0.00580	0.00829	0.23623	0.00910
17	0.04713	0.12121	0.09812	0.03353	0.05867	0.11733	0.06476	0.04946	0.07021	0.16352	0.04264	0.02310	0.01616	0.00842	0.00676	0.00213	0.00817	0.05384	0.00521	0.00965
18	0.01002	0.00726	0.01011	0.01011	0.01097	0.00812	0.00734	0.01175	0.01089	0.01538	0.01970	0.03302	0.01988	0.26803	0.51474	0.00985	0.01503	0.00830	0.00389	0.00562
19	0.00968	0.00715	0.00913	0.00951	0.01085	0.00677	0.00696	0.01282	0.04714	0.02318	0.34142	0.31051	0.10090	0.01742	0.00852	0.00252	0.00389	0.05820	0.00704	0.00639
20	0.01672	0.01788	0.04994	0.21202	0.16884	0.07490	0.20339	0.04866	0.04107	0.02166	0.01418	0.01949	0.01136	0.00727	0.00808	0.00229	0.04441	0.02492	0.00372	0.00922
21	0.01627	0.01506	0.02394	0.28574	0.36493	0.01653	0.01915	0.05402	0.09191	0.02276	0.01474	0.01870	0.01161	0.00695	0.00696	0.00220	0.00831	0.00640	0.00390	0.00992
22	0.01004	0.00720	0.00982	0.00982	0.01058	0.00796	0.00698	0.01156	0.01080	0.01517	0.01997	0.03449	0.02052	0.32450	0.45913	0.00949	0.01407	0.00851	0.00393	0.00545
23	0.01185	0.00668	0.00764	0.00807	0.00943	0.00644	0.00585	0.01423	0.01438	0.04772	0.03088	0.25176	0.06445	0.04662	0.00795	0.00235	0.00391	0.04150	0.41198	0.00631
24	0.01891	0.16162	0.05539	0.04458	0.14120	0.15758	0.05409	0.06227	0.11996	0.02219	0.01522	0.01740	0.01227	0.00952	0.04454	0.00245	0.00920	0.00581	0.03637	0.00943

[dist]
# distance from previous block
# <min> <max>
3	4

[block]
# block no. 2 follows, 30 sequences, length 36
# corresponding to MSA columns:
# 183-201,206-222
name=unknown_C
#
# <colnr> <probs for GDERKNQSTAVLIFYWHMCP>
#	G	D	E	R	K	N	Q	S	T	A	V	L	I	F	Y	W	H	M	C	P
0	0.01781	0.05336	0.05333	0.07757	0.42125	0.01594	0.01788	0.05696	0.03398	0.06760	0.01594	0.01870	0.03107	0.00685	0.00667	0.00199	0.00772	0.00619	0.00415	0.08505
1	0.00897	0.00695	0.00817	0.00818	0.00995	0.00615	0.00602	0.01130	0.01716	0.02255	0.33480	0.16072	0.34030	0.01685	0.00834	0.00236	0.00351	0.01459	0.00699	0.00615
2	0.00878	0.00638	0.00832	0.00961	0.01037	0.00592	0.00670	0.01036	0.01432	0.01899	0.09872	0.58392	0.10704	0.02066	0.00884	0.00276	0.00410	0.06181	0.00658	0.00582
3	0.01006	0.00679	0.00765	0.00763	0.00778	0.00672	0.00435	0.01025	0.01072	0.01426	0.04849	0.04673	0.05332	0.69958	0.03348	0.00643	0.00652	0.01041	0.00444	0.00438
4	0.00875	0.00652	0.00815	0.00894	0.01004	0.00592	0.00625	0.01054	0.01532	0.02029	0.19352	0.44893	0.19276	0.01928	0.00862	0.00259	0.00377	0.01714	0.00674	0.00592
5	0.76292	0.01382	0.01082	0.00954	0.01393	0.01597	0.00786	0.05582	0.01298	0.03198	0.01009	0.01162	0.00779	0.00658	0.00446	0.00216	0.00552	0.00391	0.00446	0.00779
6	0.01098	0.00895	0.03821	0.01252	0.01446	0.00807	0.01111	0.01417	0.01587	0.02062	0.03869	0.10889	0.09102	0.01879	0.00938	0.00309	0.00623	0.55616	0.00630	0.00650
7	0.02607	0.03326	0.01978	0.01798	0.02157	0.72674	0.01348	0.02787	0.01978	0.01708	0.01079	0.01258	0.00899	0.00719	0.00629	0.00180	0.01258	0.00449	0.00360	0.00809
8	0.01447	0.01240	0.01447	0.01034	0.01654	0.00930	0.00827	0.01757	0.01447	0.02274	0.01240	0.01447	0.01034	0.00517	0.00517	0.00103	0.00517	0.00413	0.00413	0.79742
9	0.80405	0.01350	0.01026	0.00918	0.01350	0.01565	0.00756	0.02051	0.01188	0.03131	0.00972	0.01134	0.00756	0.00648	0.00432	0.00216	0.00540	0.00378	0.00432	0.00756
10	0.05918	0.01209	0.01403	0.01039	0.01612	0.00953	0.00828	0.01852	0.01467	0.07373	0.01474	0.05390	0.01258	0.00638	0.00545	0.00127	0.00518	0.00516	0.00460	0.65420
11	0.01444	0.05266	0.01221	0.01062	0.01160	0.13299	0.00744	0.01320	0.01161	0.01373	0.01457	0.06123	0.01510	0.12517	0.02256	0.45857	0.00727	0.00697	0.00348	0.00455
12	0.80405	0.01350	0.01026	0.00918	0.01350	0.01565	0.00756	0.02051	0.01188	0.03131	0.00972	0.01134	0.00756	0.00648	0.00432	0.00216	0.00540	0.00378	0.00432	0.00756
13	0.01124	0.00803	0.01124	0.01285	0.01446	0.00803	0.01124	0.01446	0.01606	0.02088	0.03695	0.07871	0.04016	0.01928	0.00964	0.00321	0.00643	0.66426	0.00643	0.00643
14	0.12370	0.01141	0.01210	0.01031	0.01376	0.01197	0.00831	0.18260	0.01963	0.12259	0.04340	0.02454	0.01747	0.00870	0.00591	0.00197	0.00510	0.03349	0.33439	0.00866
15	0.01647	0.01882	0.04118	0.02941	0.03647	0.01765	0.68588	0.02235	0.01647	0.02235	0.01412	0.01882	0.01059	0.00588	0.00824	0.00235	0.01176	0.00824	0.00353	0.00941
16	0.01784	0.01600	0.01600	0.01441	0.01834	0.05670	0.01118	0.03657	0.66097	0.02852	0.02743	0.02529	0.02062	0.00934	0.00706	0.00234	0.00591	0.00770	0.00691	0.01088
17	0.80405	0.01350	0.01026	0.00918	0.01350	0.01565	0.00756	0.02051	0.01188	0.03131	0.00972	0.01134	0.00756	0.00648	0.00432	0.00216	0.00540	0.00378	0.00432	0.00756
18	0.00938	0.00711	0.00864	0.00826	0.01012	0.00637	0.00619	0.01221	0.01858	0.02521	0.51380	0.05670	0.26133	0.01530	0.00824	0.00224	0.00337	0.01326	0.00732	0.00637
19	0.01423	0.01212	0.01420	0.01025	0.01621	0.00916	0.00818	0.01734	0.01475	0.02302	0.04912	0.01646	0.01327	0.00565	0.00533	0.00109	0.00507	0.00458	0.00432	0.75565
20	0.01015	0.00677	0.00761	0.00761	0.00761	0.00677	0.00423	0.01015	0.01015	0.01353	0.02199	0.04567	0.02537	0.75476	0.03552	0.00677	0.00677	0.01015	0.00423	0.00423
21	0.80405	0.01350	0.01026	0.00918	0.01350	0.01565	0.00756	0.02051	0.01188	0.03131	0.00972	0.01134	0.00756	0.00648	0.00432	0.00216	0.00540	0.00378	0.00432	0.00756
22	0.01767	0.08224	0.38898	0.01875	0.02597	0.21771	0.04954	0.02303	0.01591	0.01986	0.01212	0.01471	0.00941	0.00916	0.04305	0.00253	0.03174	0.00515	0.00320	0.00927
23	0.00995	0.00797	0.00981	0.01002	0.04747	0.00703	0.00699	0.01268	0.01769	0.02381	0.37619	0.05352	0.30819	0.01454	0.00796	0.00217	0.00378	0.01251	0.00675	0.06096
24	0.02088	0.04941	0.02169	0.11826	0.11774	0.21074	0.03351	0.18455	0.04392	0.02550	0.01448	0.04041	0.01182	0.00764	0.00665	0.00198	0.00904	0.00607	0.00456	0.07116
25	0.01772	0.01165	0.01356	0.01205	0.01532	0.01214	0.00950	0.09836	0.22011	0.14298	0.08596	0.03782	0.09859	0.05197	0.01046	0.05728	0.00564	0.08314	0.00682	0.00893
26	0.01062	0.00775	0.00979	0.00905	0.01093	0.00730	0.00685	0.04672	0.02020	0.02830	0.63939	0.05115	0.09708	0.01415	0.00817	0.00220	0.00352	0.01241	0.00758	0.00681
27	0.01421	0.01333	0.02242	0.47722	0.24831	0.01524	0.01916	0.01862	0.01493	0.02002	0.05862	0.02041	0.01358	0.00723	0.00704	0.00224	0.00860	0.00663	0.00351	0.00868
28	0.01837	0.45676	0.18188	0.01453	0.02085	0.13303	0.01498	0.02178	0.01514	0.01782	0.01168	0.04281	0.01048	0.00696	0.00541	0.00175	0.00874	0.00483	0.00322	0.00898
29	0.01246	0.00794	0.03330	0.00987	0.01068	0.00732	0.00721	0.04747	0.01142	0.01522	0.01760	0.08005	0.03986	0.05468	0.02324	0.57927	0.00610	0.02831	0.00378	0.00422
30	0.00964	0.00688	0.00940	0.01101	0.01192	0.00665	0.00845	0.01168	0.01448	0.01908	0.03784	0.47240	0.04367	0.02079	0.00921	0.00299	0.00503	0.28645	0.00646	0.00598
31	0.15031	0.03714	0.06840	0.04561	0.26180	0.01713	0.20994	0.02149	0.01498	0.04077	0.01279	0.01647	0.01013	0.00665	0.00782	0.00223	0.05678	0.00627	0.00368	0.00961
32	0.00861	0.00652	0.00798	0.00901	0.01013	0.00589	0.00635	0.01018	0.01454	0.01869	0.07460	0.47514	0.25437	0.02012	0.00871	0.00268	0.00398	0.05015	0.00652	0.00581
33	0.05364	0.06228	0.10116	0.07273	0.02412	0.05380	0.06848	0.31085	0.04120	0.06039	0.04053	0.01827	0.01339	0.00783	0.00672	0.00209	0.00811	0.00628	0.03794	0.01020
34	0.69107	0.01435	0.03332	0.01147	0.04533	0.01580	0.00912	0.02082	0.01232	0.04896	0.01042	0.01221	0.00809	0.00677	0.00535	0.00219	0.03607	0.00411	0.00431	0.00792
35	0.01562	0.01768	0.12421	0.01791	0.09286	0.03851	0.04929	0.07061	0.10001	0.02383	0.05743	0.04767	0.05540	0.02796	0.00936	0.00223	0.08881	0.00733	0.00470	0.14861

[dist]
# distance from previous block
# <min> <max>
0	1

[block]
# block no. 3 follows, 30 sequences, length 37
# corresponding to MSA columns:
# 224-260
name=unknown_D
#
# <colnr> <probs for GDERKNQSTAVLIFYWHMCP>
#	G	D	E	R	K	N	Q	S	T	A	V	L	I	F	Y	W	H	M	C	P
0	0.00969	0.00713	0.00907	0.00858	0.01031	0.00650	0.00644	0.01281	0.01931	0.02693	0.63421	0.05386	0.13983	0.01466	0.00823	0.00221	0.00332	0.01286	0.00754	0.00650
1	0.20738	0.06882	0.12503	0.04463	0.07314	0.01584	0.01313	0.15034	0.01739	0.02739	0.04424	0.09150	0.01638	0.03961	0.03433	0.00269	0.00746	0.00713	0.00475	0.00880
2	0.01660	0.04662	0.02911	0.07314	0.43649	0.01661	0.15021	0.02088	0.01557	0.02214	0.01341	0.01760	0.01099	0.00640	0.00739	0.00209	0.03029	0.00644	0.03717	0.04085
3	0.01447	0.01240	0.01447	0.01034	0.01654	0.00930	0.00827	0.01757	0.01447	0.02274	0.01240	0.01447	0.01034	0.00517	0.00517	0.00103	0.00517	0.00413	0.00413	0.79742
4	0.01639	0.01729	0.12045	0.01791	0.08064	0.01414	0.09441	0.10379	0.01728	0.05371	0.03965	0.02272	0.07626	0.02689	0.00890	0.00211	0.07202	0.00689	0.00461	0.20395
5	0.07071	0.05016	0.08151	0.11718	0.17730	0.06226	0.04215	0.04582	0.01667	0.02313	0.12036	0.02695	0.09775	0.00895	0.00691	0.00211	0.00741	0.00765	0.00454	0.03046
6	0.01355	0.02816	0.49496	0.01841	0.02645	0.01463	0.07434	0.02106	0.05072	0.02270	0.08902	0.04804	0.01750	0.01006	0.03779	0.00264	0.00955	0.00700	0.00388	0.00953
7	0.01404	0.01282	0.01910	0.01615	0.01744	0.01596	0.09328	0.01640	0.01260	0.01938	0.01769	0.09194	0.04302	0.01185	0.01577	0.00265	0.41253	0.00814	0.15187	0.00737
8	0.01522	0.01342	0.04158	0.03973	0.04641	0.01035	0.01001	0.03680	0.01542	0.04633	0.04126	0.01665	0.01279	0.00591	0.00560	0.00128	0.00566	0.00483	0.00440	0.62633
9	0.02001	0.11170	0.05403	0.02507	0.26640	0.03319	0.05944	0.11909	0.01883	0.12123	0.03994	0.04185	0.01560	0.00810	0.00690	0.00210	0.00781	0.03341	0.00496	0.01032
10	0.01383	0.01307	0.02210	0.62756	0.15340	0.01567	0.01970	0.01840	0.01426	0.01862	0.01252	0.01839	0.00958	0.00686	0.00697	0.00229	0.00914	0.00620	0.00316	0.00828
11	0.01472	0.01344	0.01977	0.06737	0.15979	0.01193	0.07786	0.01875	0.03500	0.02219	0.01627	0.05956	0.03192	0.00699	0.00629	0.00164	0.00662	0.00639	0.00415	0.41932
12	0.00919	0.00711	0.00838	0.00806	0.01001	0.00629	0.00605	0.01184	0.01814	0.02415	0.43998	0.05844	0.33581	0.01570	0.00824	0.00226	0.00339	0.01351	0.00718	0.00629
13	0.01628	0.01801	0.12251	0.01676	0.05145	0.07787	0.06578	0.06184	0.20483	0.04795	0.04216	0.16807	0.02241	0.01268	0.03664	0.00270	0.00780	0.00952	0.00552	0.00922
14	0.80405	0.01350	0.01026	0.00918	0.01350	0.01565	0.00756	0.02051	0.01188	0.03131	0.00972	0.01134	0.00756	0.00648	0.00432	0.00216	0.00540	0.00378	0.00432	0.00756
15	0.00919	0.00636	0.00789	0.00884	0.00907	0.00613	0.00554	0.00990	0.01202	0.01603	0.03158	0.45605	0.03748	0.32785	0.02002	0.00448	0.00518	0.01579	0.00554	0.00507
16	0.02006	0.15612	0.22149	0.01788	0.02475	0.06565	0.12392	0.10474	0.01822	0.13095	0.01591	0.04207	0.01214	0.00749	0.00666	0.00208	0.00897	0.00629	0.00459	0.01004
17	0.01419	0.00799	0.00842	0.00787	0.00973	0.00847	0.00608	0.06934	0.01586	0.02696	0.02158	0.02473	0.01696	0.00836	0.00598	0.00174	0.04196	0.00647	0.69034	0.00699
18	0.01743	0.01625	0.02093	0.04706	0.17505	0.04354	0.03976	0.04939	0.33902	0.02512	0.01976	0.02101	0.01547	0.00885	0.00964	0.00238	0.12687	0.00701	0.00522	0.01024
19	0.01268	0.01177	0.01866	0.59459	0.04092	0.01421	0.01691	0.01770	0.04979	0.01857	0.02167	0.02602	0.11113	0.00865	0.00717	0.00233	0.00827	0.00752	0.00380	0.00765
20	0.07592	0.02256	0.20570	0.07492	0.07912	0.01875	0.01722	0.33640	0.04779	0.03305	0.01493	0.01636	0.01084	0.00754	0.00670	0.00216	0.00831	0.00585	0.00515	0.01074
21	0.01400	0.03610	0.71860	0.01989	0.03020	0.01621	0.02578	0.02210	0.01473	0.02210	0.01252	0.01473	0.00884	0.00663	0.00663	0.00221	0.01031	0.00516	0.00295	0.01031
22	0.01290	0.01333	0.05204	0.01546	0.02049	0.01089	0.20931	0.01680	0.01629	0.02264	0.14416	0.03366	0.17173	0.00972	0.00734	0.00196	0.00669	0.00915	0.00502	0.22041
23	0.02653	0.01955	0.02094	0.01606	0.02164	0.02164	0.01326	0.68796	0.03281	0.04398	0.01675	0.01675	0.01187	0.00838	0.00698	0.00209	0.00768	0.00628	0.00698	0.01187
24	0.80405	0.01350	0.01026	0.00918	0.01350	0.01565	0.00756	0.02051	0.01188	0.03131	0.00972	0.01134	0.00756	0.00648	0.00432	0.00216	0.00540	0.00378	0.00432	0.00756
25	0.01490	0.04059	0.07356	0.15905	0.32471	0.01524	0.06509	0.01917	0.01573	0.02199	0.11398	0.04228	0.01930	0.00817	0.00776	0.00220	0.03546	0.00749	0.00402	0.00929
26	0.01383	0.01307	0.02211	0.62699	0.15394	0.01568	0.01970	0.01840	0.01426	0.01862	0.01252	0.01839	0.00958	0.00686	0.00697	0.00229	0.00914	0.00620	0.00316	0.00828
27	0.00968	0.00646	0.00791	0.00848	0.00872	0.00627	0.00525	0.00989	0.01142	0.01513	0.02885	0.29466	0.05917	0.39256	0.02414	0.08273	0.00560	0.01338	0.00500	0.00469
28	0.01195	0.00615	0.00913	0.00913	0.00919	0.00621	0.00612	0.00928	0.00923	0.01236	0.01278	0.02239	0.01285	0.05216	0.05951	0.73230	0.00666	0.00627	0.00311	0.00322
29	0.47940	0.01800	0.12834	0.01205	0.01755	0.03917	0.01139	0.05038	0.04245	0.08526	0.01287	0.01394	0.00950	0.00684	0.00525	0.00210	0.00658	0.00458	0.00464	0.04972
30	0.00889	0.00634	0.00842	0.00961	0.01010	0.00615	0.00647	0.01018	0.01299	0.01751	0.05698	0.57077	0.04142	0.10640	0.08898	0.00415	0.00590	0.01719	0.00597	0.00560
31	0.01154	0.00719	0.00876	0.00877	0.00957	0.00702	0.00574	0.01236	0.01211	0.07240	0.02824	0.15626	0.06767	0.45606	0.07511	0.00568	0.00691	0.03808	0.00513	0.00541
32	0.01596	0.01935	0.16304	0.13511	0.24394	0.01558	0.17398	0.02116	0.01554	0.05056	0.01496	0.04327	0.01198	0.00705	0.00717	0.00222	0.00921	0.00699	0.03322	0.00971
33	0.04455	0.04191	0.23428	0.09898	0.27035	0.07023	0.04534	0.04992	0.03786	0.02287	0.01316	0.01624	0.01022	0.00667	0.00669	0.00213	0.00922	0.00575	0.00356	0.01008
34	0.00848	0.00615	0.00802	0.00952	0.01007	0.00568	0.00639	0.00974	0.01355	0.01789	0.04086	0.69948	0.09534	0.02155	0.00886	0.00280	0.00401	0.01946	0.00648	0.00568
35	0.01885	0.00922	0.01040	0.00896	0.01192	0.00907	0.00708	0.09460	0.01791	0.19203	0.02323	0.02446	0.01708	0.00828	0.00562	0.00180	0.00438	0.00660	0.52013	0.00837
36	0.50223	0.05271	0.01467	0.10454	0.05972	0.04476	0.01038	0.02081	0.01331	0.05321	0.01152	0.01374	0.00894	0.00663	0.00505	0.00207	0.00641	0.00449	0.03187	0.03295

[dist]
# distance from previous block
# <min> <max>
2	5

[block]
# block no. 4 follows, 30 sequences, length 20
# corresponding to MSA columns:
# 266-284,286
name=unknown_E
#
# <colnr> <probs for GDERKNQSTAVLIFYWHMCP>
#	G	D	E	R	K	N	Q	S	T	A	V	L	I	F	Y	W	H	M	C	P
0	0.01524	0.19544	0.35741	0.01921	0.09023	0.01836	0.03985	0.02143	0.05084	0.02080	0.01719	0.01895	0.06380	0.00762	0.00696	0.00209	0.03548	0.00594	0.00352	0.00964
1	0.02003	0.01894	0.01834	0.04176	0.05248	0.20761	0.04284	0.07758	0.18303	0.08193	0.06606	0.05921	0.04587	0.00967	0.00784	0.00220	0.04200	0.00774	0.00559	0.00927
2	0.01304	0.00745	0.00883	0.00836	0.00913	0.00721	0.00515	0.01346	0.01164	0.11174	0.02338	0.06917	0.02502	0.62299	0.03054	0.00597	0.00655	0.01008	0.00493	0.00535
3	0.05331	0.00819	0.00908	0.00885	0.00967	0.00842	0.00564	0.07361	0.01292	0.01806	0.02379	0.16665	0.02688	0.51533	0.02648	0.00539	0.00629	0.01118	0.00489	0.00537
4	0.01765	0.01724	0.07505	0.18824	0.29442	0.01635	0.14506	0.06340	0.01686	0.07640	0.01445	0.01815	0.01096	0.00667	0.00717	0.00220	0.00909	0.00659	0.00398	0.01008
5	0.01791	0.07646	0.02364	0.06330	0.02266	0.17917	0.09540	0.04326	0.01478	0.01850	0.01189	0.03360	0.01075	0.01189	0.05419	0.00295	0.30184	0.00624	0.00349	0.00808
6	0.02028	0.01144	0.01274	0.01060	0.01419	0.01167	0.00848	0.19784	0.04700	0.17501	0.02538	0.02566	0.05938	0.00895	0.00618	0.00194	0.00509	0.00712	0.34187	0.00918
7	0.01176	0.00724	0.00870	0.00841	0.00897	0.00727	0.00523	0.01226	0.01103	0.06807	0.02203	0.04181	0.02381	0.61402	0.11519	0.00694	0.00811	0.00959	0.00451	0.00506
8	0.00947	0.00700	0.00887	0.00886	0.01043	0.00641	0.00660	0.01219	0.01794	0.02456	0.46564	0.16470	0.16511	0.01626	0.00841	0.00237	0.00361	0.04801	0.00723	0.00632
9	0.01277	0.01100	0.01603	0.04244	0.01654	0.01388	0.03069	0.03448	0.01195	0.01758	0.01495	0.02250	0.01393	0.04876	0.35601	0.02654	0.27015	0.00693	0.02593	0.00692
10	0.02607	0.03326	0.01978	0.01798	0.02157	0.72674	0.01348	0.02787	0.01978	0.01708	0.01079	0.01258	0.00899	0.00719	0.00629	0.00180	0.01258	0.00449	0.00360	0.00809
11	0.01070	0.00851	0.01191	0.01120	0.01215	0.00959	0.03246	0.01227	0.01149	0.01594	0.02357	0.07507	0.07417	0.26508	0.29768	0.00731	0.10147	0.00945	0.00417	0.00582
12	0.01272	0.00656	0.00679	0.00679	0.00832	0.00663	0.00504	0.01579	0.01426	0.02495	0.02253	0.02700	0.01821	0.04491	0.04212	0.00234	0.00418	0.00672	0.71776	0.00639
13	0.01440	0.01213	0.01411	0.01016	0.01615	0.00917	0.00811	0.01751	0.01448	0.02289	0.01288	0.01500	0.01068	0.00530	0.00515	0.00106	0.00508	0.00424	0.04016	0.76132
14	0.00856	0.00649	0.00777	0.00866	0.00976	0.00584	0.00596	0.00998	0.01431	0.01834	0.07471	0.45251	0.27219	0.05862	0.01005	0.00285	0.00399	0.01730	0.00641	0.00570
15	0.02638	0.01230	0.01560	0.01256	0.01728	0.01159	0.01023	0.11364	0.06712	0.47827	0.02953	0.07264	0.05600	0.01035	0.00730	0.00226	0.00590	0.03215	0.00799	0.01092
16	0.00954	0.00656	0.00805	0.00873	0.00898	0.00645	0.00549	0.01020	0.01162	0.01553	0.02876	0.32043	0.03364	0.42050	0.04955	0.00528	0.00613	0.03448	0.00516	0.00493
17	0.00993	0.00700	0.00926	0.01042	0.01120	0.00692	0.00777	0.01164	0.01347	0.01783	0.03311	0.31321	0.03776	0.19029	0.05319	0.00431	0.00628	0.24496	0.00580	0.00564
18	0.04443	0.27446	0.04669	0.08439	0.07142	0.08724	0.01410	0.12909	0.04707	0.05739	0.01315	0.01505	0.01052	0.00742	0.00729	0.00198	0.06938	0.00520	0.00423	0.00950
19	0.02162	0.01811	0.11697	0.06265	0.15162	0.04382	0.03876	0.12331	0.01964	0.22038	0.06255	0.02073	0.01593	0.00782	0.00694	0.00209	0.00771	0.00662	0.00566	0.04707

[dist]
# distance from previous block
# <min> <max>
0	2

[block]
# block no. 5 follows, 30 sequences, length 8
# corresponding to MSA columns:
# 289-296
name=unknown_F
#
# <colnr> <probs for GDERKNQSTAVLIFYWHMCP>
#	G	D	E	R	K	N	Q	S	T	A	V	L	I	F	Y	W	H	M	C	P
0	0.01913	0.09181	0.28032	0.05122	0.08070	0.10367	0.03541	0.12644	0.04788	0.05893	0.01415	0.01590	0.01054	0.00723	0.00698	0.00210	0.02771	0.00557	0.00418	0.01013
1	0.67729	0.01390	0.01164	0.01002	0.01453	0.01576	0.00826	0.07963	0.01432	0.08477	0.01169	0.01276	0.00868	0.00681	0.00476	0.00215	0.00564	0.00424	0.00488	0.00826
2	0.26827	0.01343	0.01754	0.17389	0.18231	0.01494	0.01372	0.02155	0.04195	0.08508	0.01435	0.01717	0.01097	0.00715	0.00649	0.00217	0.03112	0.00559	0.06346	0.00885
3	0.02388	0.02911	0.02190	0.02417	0.19331	0.54990	0.01546	0.02626	0.01881	0.01850	0.01137	0.01375	0.00950	0.00695	0.00645	0.00187	0.01151	0.00492	0.00356	0.00883
4	0.00885	0.00711	0.00839	0.00845	0.01033	0.00665	0.00636	0.01091	0.01493	0.01900	0.11664	0.10367	0.42824	0.02627	0.18730	0.00458	0.00732	0.01308	0.00591	0.00603
5	0.01549	0.01303	0.01417	0.01285	0.01622	0.01467	0.00993	0.03113	0.52957	0.02889	0.19752	0.03253	0.03239	0.01066	0.00738	0.00232	0.00497	0.00907	0.00725	0.00993
6	0.01736	0.01760	0.01579	0.01224	0.01779	0.18795	0.00957	0.02013	0.01579	0.02133	0.01200	0.01400	0.01000	0.00567	0.00545	0.00122	0.00701	0.00422	0.00400	0.60086
7	0.04380	0.01230	0.01554	0.06361	0.01857	0.01282	0.01078	0.14160	0.03901	0.23874	0.02445	0.20156	0.02174	0.01188	0.00870	0.00236	0.07001	0.00974	0.00654	0.04625

[dist]
# distance from previous block
# <min> <max>
5	23

[block]
# block no. 6 follows, 30 sequences, length 17
# corresponding to MSA columns:
# 321-337
name=unknown_G
#
# <colnr> <probs for GDERKNQSTAVLIFYWHMCP>
#	G	D	E	R	K	N	Q	S	T	A	V	L	I	F	Y	W	H	M	C	P
0	0.06241	0.01754	0.08189	0.11051	0.20919	0.03730	0.09968	0.09401	0.07901	0.04930	0.01997	0.02209	0.07031	0.00792	0.00703	0.00220	0.00818	0.00709	0.00458	0.00978
1	0.01462	0.06775	0.12391	0.13669	0.06303	0.01393	0.10030	0.03679	0.04545	0.05682	0.10557	0.04618	0.11487	0.00955	0.00723	0.00219	0.00744	0.00846	0.00482	0.03442
2	0.00943	0.00734	0.00868	0.00931	0.01081	0.00692	0.00672	0.01267	0.07263	0.02021	0.11095	0.37279	0.25776	0.01864	0.00851	0.00260	0.00405	0.04703	0.00664	0.00631
3	0.08840	0.08236	0.16926	0.03794	0.02328	0.07018	0.14256	0.01929	0.01426	0.02038	0.01669	0.07446	0.04016	0.02869	0.05812	0.00301	0.09161	0.00734	0.00374	0.00829
4	0.05170	0.13295	0.21702	0.04174	0.06976	0.05557	0.04529	0.13573	0.03711	0.06070	0.01496	0.04308	0.01194	0.00878	0.02412	0.00232	0.02695	0.00608	0.00436	0.00984
5	0.01227	0.00798	0.00964	0.00924	0.01153	0.00722	0.00695	0.01530	0.04631	0.10501	0.20715	0.19554	0.24210	0.01565	0.00803	0.00235	0.00408	0.03190	0.02892	0.03284
6	0.01378	0.00725	0.00733	0.00705	0.00890	0.00737	0.00536	0.05468	0.01567	0.02704	0.02242	0.02549	0.01754	0.00814	0.00500	0.00165	0.00351	0.00649	0.74851	0.00681
7	0.03723	0.37166	0.09701	0.01410	0.01920	0.05006	0.06891	0.05054	0.01531	0.01952	0.01710	0.17603	0.01741	0.00972	0.00618	0.00199	0.00753	0.00797	0.00405	0.00847
8	0.04536	0.11053	0.24436	0.12738	0.08920	0.03969	0.03408	0.07088	0.01576	0.02220	0.01230	0.01543	0.00962	0.00742	0.00759	0.03298	0.03072	0.00530	0.00352	0.07570
9	0.02175	0.01330	0.07369	0.01262	0.01673	0.01152	0.01075	0.05455	0.08778	0.33652	0.04310	0.02671	0.01885	0.11643	0.06921	0.02986	0.03309	0.00749	0.00652	0.00955
10	0.00953	0.00707	0.00923	0.01040	0.01125	0.00709	0.00732	0.01253	0.07097	0.01873	0.03535	0.57970	0.04061	0.02410	0.08867	0.00374	0.00590	0.04539	0.00622	0.00622
11	0.01565	0.04211	0.12307	0.06329	0.04832	0.07175	0.01234	0.06807	0.01726	0.08246	0.10856	0.14343	0.08203	0.03744	0.00822	0.00238	0.00674	0.00970	0.04897	0.00820
12	0.01997	0.13556	0.07484	0.05916	0.24219	0.04955	0.06955	0.14214	0.04814	0.07104	0.01474	0.01683	0.01136	0.00694	0.00662	0.00204	0.00842	0.00597	0.00447	0.01046
13	0.01745	0.01213	0.04079	0.01339	0.01742	0.01082	0.09670	0.06823	0.06354	0.19739	0.13962	0.10861	0.15935	0.01219	0.00778	0.00231	0.00588	0.01076	0.00678	0.00885
14	0.00865	0.00652	0.00792	0.00874	0.00986	0.00589	0.00606	0.01024	0.01479	0.01921	0.12931	0.43634	0.24510	0.04572	0.00957	0.00275	0.00390	0.01709	0.00655	0.00580
15	0.01727	0.07339	0.04805	0.12401	0.19725	0.04109	0.07989	0.04510	0.01585	0.08969	0.01746	0.11869	0.01578	0.00935	0.00856	0.00229	0.07463	0.00807	0.00439	0.00920
16	0.07669	0.00792	0.02691	0.00963	0.01118	0.00707	0.00708	0.01225	0.01434	0.04929	0.08729	0.49907	0.12853	0.01852	0.00825	0.00262	0.00428	0.01638	0.00638	0.00630

[dist]
# distance from previous block
# <min> <max>
0	4

[block]
# block no. 7 follows, 30 sequences, length 14
# corresponding to MSA columns:
# 342-355
name=unknown_H
#
# <colnr> <probs for GDERKNQSTAVLIFYWHMCP>
#	G	D	E	R	K	N	Q	S	T	A	V	L	I	F	Y	W	H	M	C	P
0	0.00971	0.00769	0.00931	0.00989	0.04303	0.00718	0.00673	0.01229	0.03418	0.02086	0.22372	0.08786	0.32569	0.10492	0.06295	0.00348	0.00524	0.01278	0.00621	0.00627
1	0.00891	0.00700	0.00805	0.00800	0.00988	0.00614	0.00592	0.01121	0.01715	0.02230	0.31524	0.12917	0.39263	0.01676	0.00831	0.00234	0.00349	0.01442	0.00695	0.00614
2	0.01036	0.09578	0.01185	0.00883	0.01103	0.00880	0.00689	0.01292	0.01744	0.02325	0.39452	0.12727	0.21591	0.01496	0.00787	0.00222	0.00393	0.01288	0.00670	0.00659
3	0.18826	0.01394	0.01825	0.01393	0.01940	0.01342	0.08959	0.10083	0.01870	0.34154	0.01940	0.01880	0.01311	0.00746	0.00639	0.00205	0.00662	0.00609	0.00646	0.09576
4	0.00920	0.00704	0.00847	0.00846	0.01023	0.00630	0.00634	0.01171	0.01748	0.02322	0.37098	0.13542	0.29479	0.01658	0.00838	0.00237	0.00362	0.04612	0.00705	0.00623
5	0.80405	0.01350	0.01026	0.00918	0.01350	0.01565	0.00756	0.02051	0.01188	0.03131	0.00972	0.01134	0.00756	0.00648	0.00432	0.00216	0.00540	0.00378	0.00432	0.00756
6	0.03322	0.07269	0.15827	0.22441	0.09428	0.09207	0.01686	0.04225	0.03625	0.01986	0.01480	0.01861	0.03553	0.00933	0.00904	0.09598	0.00878	0.00593	0.00355	0.00831
7	0.01197	0.00872	0.01144	0.01087	0.01231	0.00975	0.00811	0.09163	0.01349	0.01880	0.01930	0.03081	0.01881	0.22624	0.46574	0.00900	0.01435	0.00802	0.00425	0.00639
8	0.02171	0.01182	0.01435	0.01188	0.01592	0.01156	0.00959	0.13960	0.08227	0.29537	0.15266	0.03451	0.09144	0.01100	0.00740	0.00222	0.00543	0.03850	0.03291	0.00986
9	0.01535	0.11649	0.44343	0.01742	0.02476	0.08558	0.02000	0.02090	0.01441	0.01973	0.01274	0.01689	0.01044	0.06256	0.03972	0.00285	0.05900	0.00544	0.00315	0.00915
10	0.06681	0.08322	0.10842	0.07602	0.28325	0.01760	0.09554	0.04555	0.09487	0.04044	0.01484	0.01749	0.01158	0.00678	0.00669	0.00213	0.00835	0.00617	0.00406	0.01019
11	0.10795	0.01254	0.01820	0.38697	0.07704	0.03175	0.03798	0.01891	0.01481	0.07053	0.04149	0.05300	0.05754	0.00853	0.00682	0.00226	0.00772	0.00733	0.03062	0.00802
12	0.01964	0.01000	0.01245	0.01096	0.01423	0.00950	0.00856	0.06240	0.07012	0.28880	0.07017	0.18524	0.07046	0.01267	0.00740	0.00230	0.00500	0.03070	0.10038	0.00901
13	0.01722	0.01991	0.10790	0.05772	0.34208	0.09590	0.10722	0.02204	0.03694	0.03837	0.01692	0.05420	0.03665	0.00767	0.00714	0.00216	0.00900	0.00719	0.00389	0.00987

[dist]
# distance from previous block
# <min> <max>
11	23

[block]
# block no. 8 follows, 30 sequences, length 9
# corresponding to MSA columns:
# 379-387
name=unknown_I
#
# <colnr> <probs for GDERKNQSTAVLIFYWHMCP>
#	G	D	E	R	K	N	Q	S	T	A	V	L	I	F	Y	W	H	M	C	P
0	0.12576	0.01107	0.01367	0.11592	0.05105	0.01234	0.01096	0.05074	0.12134	0.02410	0.04637	0.04792	0.02132	0.03586	0.05711	0.04081	0.00706	0.12359	0.07527	0.00772
1	0.00878	0.00698	0.00796	0.00848	0.01027	0.00616	0.00639	0.01071	0.01562	0.01947	0.10029	0.21706	0.43850	0.01857	0.00857	0.00256	0.00399	0.09715	0.00655	0.00595
2	0.01842	0.03757	0.01741	0.03919	0.01943	0.13964	0.01070	0.11504	0.03889	0.02441	0.01305	0.01490	0.01054	0.00641	0.00627	0.00148	0.02936	0.00474	0.00443	0.44809
3	0.01719	0.01583	0.02044	0.01736	0.01876	0.02079	0.01433	0.11503	0.12093	0.02258	0.01323	0.01715	0.01143	0.01124	0.01819	0.00281	0.52329	0.00641	0.00424	0.00876
4	0.01706	0.01407	0.01582	0.01195	0.01769	0.01275	0.00959	0.13952	0.12425	0.02751	0.01567	0.01668	0.01231	0.00641	0.00579	0.00143	0.00567	0.00510	0.00510	0.53563
5	0.02407	0.02019	0.01923	0.01590	0.02051	0.14459	0.01299	0.46600	0.02789	0.03561	0.01884	0.02566	0.01576	0.00986	0.00727	0.00222	0.00835	0.10841	0.00629	0.01035
6	0.01580	0.01313	0.01663	0.01593	0.12434	0.01170	0.01072	0.11236	0.01823	0.02669	0.13644	0.02191	0.02051	0.00740	0.00624	0.00155	0.00568	0.00627	0.00506	0.42341
7	0.01345	0.01159	0.01926	0.46367	0.13294	0.01350	0.01678	0.01657	0.01350	0.01772	0.01403	0.02274	0.01203	0.01072	0.01074	0.14330	0.00840	0.04841	0.00335	0.00730
8	0.02276	0.02023	0.02240	0.01795	0.02206	0.18228	0.10822	0.20204	0.02121	0.11620	0.05056	0.01854	0.01401	0.00877	0.00989	0.00225	0.13920	0.00653	0.00526	0.00962

[dist]
# distance from previous block
# <min> <max>
2	335

# created by:
# /home/cegg/simao/soft/augustus-3.2.1/scripts/msa2prfl.pl ./align_prep/EOG090W0DVM.fa
