[name]
unknown

[dist]
# distance from previous block
# <min> <max>
0	25

[block]
# block no. 0 follows, 35 sequences, length 29
# corresponding to MSA columns:
# 25-53
name=unknown_A
#
# <colnr> <probs for GDERKNQSTAVLIFYWHMCP>
#	G	D	E	R	K	N	Q	S	T	A	V	L	I	F	Y	W	H	M	C	P
0	0.03512	0.01117	0.01384	0.10871	0.01759	0.05912	0.04476	0.05217	0.09139	0.01845	0.03899	0.06290	0.03690	0.15125	0.14853	0.00436	0.05814	0.03575	0.00423	0.00662
1	0.01535	0.01360	0.01394	0.01062	0.01567	0.07962	0.00843	0.08917	0.05653	0.02263	0.01282	0.01430	0.01032	0.00552	0.00505	0.00120	0.00550	0.00429	0.04174	0.57371
2	0.04866	0.16051	0.02074	0.01500	0.01827	0.41533	0.01208	0.07591	0.01634	0.01772	0.00977	0.01188	0.00835	0.00717	0.00796	0.00181	0.13718	0.00431	0.00335	0.00768
3	0.00906	0.00680	0.01020	0.01020	0.01133	0.00793	0.00793	0.01133	0.01020	0.01473	0.01699	0.02492	0.01586	0.04758	0.75191	0.01020	0.01699	0.00680	0.00340	0.00566
4	0.00904	0.00628	0.00792	0.00806	0.00842	0.00658	0.00523	0.00981	0.00978	0.01337	0.02047	0.10312	0.02266	0.49368	0.24173	0.00702	0.00911	0.00931	0.00390	0.00450
5	0.02465	0.01691	0.01851	0.01419	0.01924	0.01840	0.01172	0.63193	0.02839	0.12640	0.01644	0.01601	0.01139	0.00764	0.00635	0.00191	0.00679	0.00579	0.00653	0.01079
6	0.00768	0.00626	0.00679	0.00702	0.00877	0.00538	0.00513	0.00932	0.01435	0.01772	0.12019	0.19313	0.54323	0.01650	0.00761	0.00221	0.00328	0.01408	0.00599	0.00538
7	0.01505	0.21741	0.26153	0.01460	0.02086	0.01737	0.05527	0.05646	0.17622	0.02115	0.01597	0.01672	0.03423	0.00676	0.00571	0.00183	0.00726	0.00537	0.00391	0.04633
8	0.01727	0.74595	0.03253	0.01111	0.01644	0.05889	0.01092	0.01929	0.01313	0.01495	0.00887	0.01024	0.00814	0.00548	0.00415	0.00137	0.00700	0.00342	0.00274	0.00810
9	0.00760	0.00643	0.00657	0.00653	0.00863	0.00540	0.00490	0.00930	0.01470	0.01770	0.11000	0.06012	0.68882	0.01585	0.00750	0.00213	0.00320	0.01326	0.00597	0.00540
10	0.00911	0.00622	0.00791	0.00878	0.00964	0.00584	0.00625	0.01044	0.01257	0.04266	0.03549	0.42462	0.12157	0.14295	0.01204	0.00314	0.00444	0.12543	0.00562	0.00528
11	0.01859	0.00914	0.01174	0.00973	0.01298	0.00839	0.00775	0.07117	0.01855	0.33589	0.31584	0.03324	0.05975	0.01021	0.00677	0.00195	0.00433	0.00865	0.04695	0.00839
12	0.01679	0.01413	0.01491	0.01311	0.01688	0.01625	0.01029	0.11640	0.64168	0.02817	0.02454	0.02265	0.01833	0.00849	0.00644	0.00212	0.00526	0.00700	0.00644	0.01013
13	0.01507	0.02066	0.16765	0.02406	0.03075	0.05704	0.52136	0.02103	0.03961	0.02023	0.01285	0.01633	0.00959	0.00565	0.00708	0.00209	0.01029	0.00676	0.00323	0.00869
14	0.01329	0.03206	0.70790	0.01791	0.02707	0.01498	0.02287	0.05492	0.01422	0.02109	0.01158	0.01349	0.00817	0.00611	0.00604	0.00200	0.00926	0.00474	0.00286	0.00945
15	0.01342	0.01269	0.02124	0.45510	0.30050	0.01418	0.01780	0.01741	0.01336	0.01811	0.01152	0.01627	0.00910	0.00600	0.00624	0.00197	0.00793	0.00555	0.00299	0.04863
16	0.00939	0.00690	0.00840	0.00829	0.00997	0.00645	0.00620	0.01265	0.06013	0.04023	0.36629	0.16842	0.21572	0.01463	0.00755	0.00217	0.00346	0.04059	0.00648	0.00607
17	0.01509	0.01523	0.10449	0.01180	0.01748	0.01188	0.01063	0.13694	0.03617	0.02382	0.01224	0.01387	0.00970	0.00578	0.00596	0.00136	0.04193	0.00439	0.00410	0.51713
18	0.01204	0.00654	0.00678	0.00652	0.00819	0.00656	0.00494	0.04781	0.01453	0.02440	0.08379	0.02635	0.03972	0.00813	0.00488	0.00156	0.00316	0.00659	0.68136	0.00614
19	0.01428	0.01546	0.08708	0.12928	0.44872	0.01421	0.05611	0.01904	0.04714	0.02036	0.04481	0.01934	0.04268	0.00664	0.00644	0.00197	0.00751	0.00630	0.00349	0.00914
20	0.01069	0.00734	0.00850	0.00812	0.00953	0.00717	0.00563	0.01382	0.09182	0.06308	0.18280	0.08963	0.15512	0.29994	0.01665	0.00363	0.00463	0.01059	0.00554	0.00577
21	0.01347	0.01837	0.19124	0.04024	0.05451	0.10314	0.09115	0.01888	0.09306	0.01947	0.06326	0.16617	0.03493	0.01005	0.00738	0.00215	0.03708	0.02338	0.00428	0.00779
22	0.01273	0.01136	0.01779	0.06842	0.09968	0.01217	0.11655	0.01774	0.10224	0.03655	0.18425	0.04613	0.06861	0.01036	0.00897	0.00223	0.10477	0.06696	0.00492	0.00756
23	0.01650	0.20055	0.05069	0.04413	0.15110	0.09043	0.03235	0.09593	0.05071	0.02053	0.01460	0.05150	0.03443	0.00714	0.00610	0.00173	0.02814	0.00568	0.00381	0.09392
24	0.00807	0.00585	0.00745	0.00828	0.00901	0.00542	0.00564	0.00950	0.01325	0.01775	0.17163	0.50459	0.10972	0.08076	0.00992	0.00272	0.00371	0.01560	0.00593	0.00522
25	0.01348	0.01206	0.03200	0.03007	0.03686	0.01057	0.05879	0.07946	0.01436	0.02107	0.01512	0.11672	0.01434	0.03774	0.00760	0.00172	0.04822	0.00655	0.00413	0.43915
26	0.06188	0.01468	0.02024	0.21742	0.27881	0.09706	0.04288	0.03450	0.01414	0.01917	0.01334	0.04926	0.01176	0.00909	0.04114	0.00241	0.02955	0.03118	0.00341	0.00809
27	0.00904	0.00655	0.00877	0.01011	0.01104	0.00643	0.00775	0.01155	0.04287	0.01771	0.03405	0.46815	0.03889	0.01849	0.00829	0.00269	0.00458	0.28150	0.00589	0.00563
28	0.79404	0.03883	0.01015	0.00843	0.01241	0.01461	0.00701	0.01866	0.01087	0.02799	0.00883	0.01030	0.00691	0.00587	0.00393	0.00194	0.00497	0.00343	0.00388	0.00691

[dist]
# distance from previous block
# <min> <max>
0	23

[block]
# block no. 1 follows, 35 sequences, length 6
# corresponding to MSA columns:
# 77-82
name=unknown_B
#
# <colnr> <probs for GDERKNQSTAVLIFYWHMCP>
#	G	D	E	R	K	N	Q	S	T	A	V	L	I	F	Y	W	H	M	C	P
0	0.01110	0.00893	0.01084	0.01217	0.09959	0.03486	0.00709	0.01260	0.03990	0.01491	0.05457	0.03503	0.02170	0.53421	0.02505	0.00487	0.05495	0.00839	0.00393	0.00530
1	0.01081	0.00782	0.00956	0.00992	0.01117	0.00788	0.00705	0.14179	0.01547	0.02066	0.03126	0.63052	0.03610	0.01757	0.00777	0.00245	0.00430	0.01572	0.00597	0.00621
2	0.01684	0.39848	0.02300	0.01120	0.01538	0.17141	0.00983	0.06317	0.01535	0.01743	0.02034	0.02087	0.14523	0.00788	0.00522	0.00160	0.00694	0.00567	0.03662	0.00753
3	0.01575	0.01598	0.16534	0.01227	0.01784	0.01126	0.01172	0.07359	0.01510	0.12109	0.03676	0.04492	0.01285	0.00689	0.00659	0.00159	0.05482	0.00537	0.00442	0.36586
4	0.12448	0.01919	0.15364	0.01412	0.01984	0.01700	0.01326	0.42679	0.02312	0.10586	0.01468	0.01490	0.01027	0.00712	0.00598	0.00194	0.00701	0.00530	0.00550	0.01002
5	0.02157	0.04164	0.04586	0.01374	0.01809	0.15339	0.02823	0.26948	0.06168	0.15312	0.04703	0.01810	0.01398	0.00958	0.04422	0.00228	0.00780	0.00585	0.03510	0.00926

[dist]
# distance from previous block
# <min> <max>
0	1

[block]
# block no. 2 follows, 35 sequences, length 21
# corresponding to MSA columns:
# 84-104
name=unknown_C
#
# <colnr> <probs for GDERKNQSTAVLIFYWHMCP>
#	G	D	E	R	K	N	Q	S	T	A	V	L	I	F	Y	W	H	M	C	P
0	0.01499	0.19372	0.26791	0.01892	0.12686	0.01621	0.07735	0.02020	0.04894	0.05762	0.01470	0.03986	0.01246	0.00722	0.00604	0.00194	0.00779	0.05483	0.00358	0.00886
1	0.01904	0.17141	0.13300	0.03510	0.04482	0.08221	0.01377	0.26872	0.11044	0.02638	0.01391	0.01473	0.01058	0.00694	0.00608	0.00184	0.02190	0.00513	0.00454	0.00946
2	0.05305	0.12168	0.16922	0.04238	0.10886	0.04655	0.05769	0.04021	0.07809	0.04430	0.07616	0.01755	0.01439	0.00668	0.00582	0.00179	0.00706	0.00555	0.00397	0.09903
3	0.01737	0.57788	0.02917	0.01221	0.01672	0.10909	0.01131	0.01996	0.04344	0.01553	0.00960	0.01130	0.00864	0.00630	0.00617	0.00158	0.08893	0.00387	0.00294	0.00800
4	0.00781	0.00575	0.00735	0.00859	0.00929	0.00529	0.00593	0.00909	0.01263	0.01648	0.03956	0.62514	0.15203	0.01915	0.00803	0.00252	0.00371	0.05051	0.00589	0.00522
5	0.01607	0.05485	0.19170	0.02312	0.21719	0.05794	0.12640	0.07369	0.03108	0.05744	0.04226	0.05209	0.01330	0.00701	0.00642	0.00196	0.00809	0.00640	0.00386	0.00912
6	0.01713	0.01402	0.07648	0.01188	0.01662	0.06677	0.04425	0.04543	0.03382	0.19385	0.08534	0.02493	0.09007	0.00815	0.00616	0.00172	0.00589	0.02314	0.00530	0.22905
7	0.62865	0.01604	0.01225	0.01072	0.01463	0.16069	0.03841	0.02005	0.01240	0.02554	0.00920	0.01082	0.00725	0.00599	0.00444	0.00191	0.00645	0.00374	0.00376	0.00704
8	0.01475	0.01298	0.01808	0.13147	0.02243	0.01456	0.11444	0.04301	0.36260	0.03957	0.05335	0.05136	0.01806	0.00846	0.00734	0.00216	0.04322	0.00744	0.02595	0.00876
9	0.01664	0.01600	0.07103	0.06499	0.12700	0.03576	0.06604	0.18965	0.18779	0.02641	0.07874	0.02121	0.03498	0.00793	0.00690	0.00203	0.02588	0.00675	0.00505	0.00926
10	0.00802	0.00596	0.00748	0.00812	0.00915	0.00542	0.00570	0.00974	0.01418	0.01889	0.23030	0.43378	0.18554	0.01724	0.00781	0.00233	0.00340	0.01533	0.00619	0.00542
11	0.01501	0.15004	0.51109	0.01656	0.02431	0.11981	0.01954	0.02101	0.03246	0.01880	0.01113	0.01288	0.00837	0.00607	0.00569	0.00186	0.00914	0.00446	0.00287	0.00891
12	0.00804	0.00579	0.00746	0.00852	0.00913	0.00541	0.00580	0.00933	0.01271	0.01690	0.10088	0.56594	0.09374	0.08190	0.01003	0.00280	0.00387	0.04077	0.00582	0.00516
13	0.01315	0.01128	0.01315	0.00940	0.01503	0.00846	0.00752	0.01597	0.01315	0.02067	0.01128	0.01315	0.00940	0.00470	0.00470	0.00094	0.00470	0.00376	0.00376	0.81583
14	0.00890	0.00618	0.00812	0.00889	0.00960	0.00603	0.00615	0.01017	0.01231	0.04222	0.06421	0.53396	0.07909	0.08374	0.06540	0.00337	0.02557	0.01514	0.00557	0.00538
15	0.01102	0.00551	0.00826	0.00826	0.00826	0.00551	0.00551	0.00826	0.00826	0.01102	0.01102	0.01928	0.01102	0.02204	0.02479	0.81543	0.00551	0.00551	0.00275	0.00275
16	0.00833	0.00609	0.00835	0.00926	0.01005	0.00611	0.00672	0.01000	0.01221	0.01651	0.06549	0.44917	0.06945	0.02657	0.20682	0.00459	0.00735	0.06629	0.00527	0.00539
17	0.04890	0.00875	0.01103	0.00958	0.01268	0.00801	0.00759	0.02036	0.04671	0.31897	0.19437	0.09213	0.13811	0.01161	0.00696	0.00210	0.00437	0.04288	0.00690	0.00801
18	0.01406	0.05328	0.07302	0.05862	0.17348	0.01269	0.07757	0.07683	0.06316	0.05123	0.02043	0.23580	0.02019	0.03121	0.00751	0.00224	0.00652	0.00945	0.00458	0.00811
19	0.01739	0.01805	0.17453	0.01739	0.05516	0.01414	0.15101	0.13027	0.10270	0.12481	0.06644	0.01925	0.01500	0.00709	0.00649	0.00196	0.00737	0.00639	0.00491	0.05966
20	0.00979	0.04326	0.01148	0.01053	0.01200	0.00735	0.06114	0.01163	0.01334	0.04360	0.08259	0.51046	0.05985	0.01681	0.00780	0.00244	0.00457	0.07979	0.00568	0.00589

[dist]
# distance from previous block
# <min> <max>
3	7

[block]
# block no. 3 follows, 35 sequences, length 13
# corresponding to MSA columns:
# 120-132
name=unknown_D
#
# <colnr> <probs for GDERKNQSTAVLIFYWHMCP>
#	G	D	E	R	K	N	Q	S	T	A	V	L	I	F	Y	W	H	M	C	P
0	0.01600	0.01374	0.01795	0.12517	0.06338	0.06259	0.06896	0.06755	0.01493	0.08088	0.01272	0.01525	0.00995	0.00712	0.02503	0.00181	0.05626	0.00502	0.00396	0.33171
1	0.06248	0.04366	0.01017	0.00906	0.01070	0.00849	0.00690	0.01234	0.02781	0.03761	0.10220	0.19272	0.17221	0.05800	0.17678	0.00420	0.04306	0.01069	0.00498	0.00593
2	0.01032	0.00670	0.00842	0.00802	0.00942	0.00631	0.00574	0.01224	0.01458	0.07620	0.33573	0.08603	0.12525	0.19529	0.06872	0.00363	0.00503	0.01081	0.00585	0.00571
3	0.10922	0.05420	0.09235	0.01545	0.06065	0.05452	0.03355	0.25924	0.18535	0.04902	0.01602	0.01629	0.01187	0.00716	0.00596	0.00195	0.00685	0.00557	0.00516	0.00962
4	0.01215	0.00798	0.00956	0.00857	0.01093	0.00742	0.00657	0.07448	0.01729	0.09132	0.33421	0.10256	0.17119	0.01238	0.00698	0.00197	0.00375	0.01063	0.06299	0.04707
5	0.08804	0.18688	0.26088	0.01565	0.07322	0.04729	0.04753	0.01942	0.03031	0.04648	0.01504	0.05154	0.03794	0.00708	0.00558	0.00185	0.00735	0.00561	0.04393	0.00835
6	0.00857	0.00656	0.00796	0.00820	0.00968	0.00600	0.00598	0.01108	0.03991	0.01979	0.24983	0.29522	0.22926	0.01589	0.00762	0.00224	0.00350	0.03750	0.00617	0.02905
7	0.01411	0.01184	0.01367	0.00985	0.01544	0.00943	0.00791	0.07676	0.01460	0.02235	0.01162	0.01333	0.00952	0.00495	0.00484	0.00102	0.00490	0.00393	0.00398	0.74596
8	0.01565	0.16968	0.09248	0.04745	0.40751	0.07150	0.01665	0.01909	0.01410	0.01870	0.01258	0.06324	0.01137	0.00665	0.00589	0.00182	0.00763	0.00580	0.00319	0.00900
9	0.01071	0.00752	0.00859	0.00817	0.01046	0.00686	0.00637	0.03411	0.04278	0.08262	0.17097	0.05311	0.41765	0.03075	0.00799	0.00226	0.00388	0.08266	0.00624	0.00630
10	0.00910	0.00665	0.00946	0.00946	0.01034	0.00753	0.00702	0.01086	0.00998	0.01418	0.01766	0.02863	0.01747	0.21061	0.59108	0.00929	0.01457	0.00734	0.00350	0.00526
11	0.06784	0.01417	0.02134	0.14628	0.42268	0.01520	0.01639	0.05439	0.13643	0.02242	0.01416	0.01688	0.01122	0.00638	0.00617	0.00197	0.00706	0.00577	0.00386	0.00940
12	0.01752	0.06403	0.28677	0.01827	0.08454	0.09119	0.05722	0.07289	0.01551	0.11593	0.01301	0.01469	0.00961	0.00678	0.00743	0.00196	0.08027	0.00516	0.00381	0.03341

[dist]
# distance from previous block
# <min> <max>
0	19

[block]
# block no. 4 follows, 35 sequences, length 32
# corresponding to MSA columns:
# 152-183
name=unknown_E
#
# <colnr> <probs for GDERKNQSTAVLIFYWHMCP>
#	G	D	E	R	K	N	Q	S	T	A	V	L	I	F	Y	W	H	M	C	P
0	0.11571	0.04764	0.01477	0.01144	0.01500	0.03957	0.00927	0.13686	0.05938	0.23945	0.12148	0.02267	0.01967	0.05066	0.00866	0.00222	0.06440	0.00658	0.00591	0.00866
1	0.01096	0.00977	0.01224	0.01171	0.01277	0.06735	0.00918	0.01296	0.01082	0.01496	0.01592	0.06301	0.01539	0.03657	0.52680	0.00783	0.14535	0.00699	0.00342	0.00599
2	0.03306	0.01200	0.01978	0.40982	0.23772	0.01334	0.03528	0.01707	0.01352	0.04287	0.01669	0.04125	0.06635	0.00729	0.00644	0.00205	0.00752	0.00661	0.00345	0.00789
3	0.01616	0.23323	0.44491	0.01513	0.02278	0.01677	0.01797	0.02136	0.01395	0.12333	0.01266	0.01371	0.00918	0.00613	0.00555	0.00182	0.00809	0.00458	0.00344	0.00925
4	0.00934	0.00677	0.00737	0.00703	0.00929	0.00575	0.00534	0.01121	0.01525	0.07446	0.15835	0.05602	0.58135	0.01498	0.00741	0.00211	0.00335	0.01257	0.00620	0.00587
5	0.00886	0.00589	0.00760	0.00849	0.00929	0.00584	0.00604	0.01060	0.01221	0.01760	0.02993	0.45409	0.05237	0.02166	0.12866	0.00359	0.00576	0.03631	0.16978	0.00542
6	0.04053	0.01965	0.21885	0.02509	0.30230	0.06138	0.06298	0.01876	0.01427	0.02027	0.05314	0.05245	0.01456	0.00753	0.00685	0.00203	0.02932	0.03778	0.00350	0.00877
7	0.02846	0.01080	0.01472	0.01129	0.01619	0.00932	0.00932	0.03092	0.01816	0.74187	0.02503	0.02159	0.01570	0.00785	0.00638	0.00196	0.00540	0.00638	0.00785	0.01080
8	0.01603	0.61628	0.18966	0.01244	0.01874	0.02282	0.01362	0.01924	0.01300	0.01606	0.00938	0.01088	0.00812	0.00556	0.00450	0.00150	0.00735	0.00368	0.00271	0.00841
9	0.02295	0.01176	0.01462	0.01126	0.01620	0.01063	0.00917	0.07804	0.10082	0.43195	0.02107	0.01933	0.01425	0.00716	0.00598	0.00173	0.00530	0.00579	0.00659	0.20539
10	0.01677	0.03354	0.01427	0.06971	0.01704	0.12291	0.02661	0.10375	0.21214	0.04325	0.01874	0.01978	0.01429	0.00746	0.00567	0.00181	0.00603	0.00593	0.25213	0.00817
11	0.01736	0.00983	0.01290	0.01099	0.01373	0.01020	0.00881	0.02117	0.08299	0.28481	0.18888	0.02997	0.08089	0.01362	0.07267	0.00283	0.11582	0.00809	0.00625	0.00819
12	0.00857	0.00647	0.00791	0.00755	0.00923	0.00581	0.00566	0.01118	0.01699	0.02314	0.54871	0.05117	0.24672	0.01383	0.00749	0.00204	0.00305	0.01200	0.00668	0.00581
13	0.01516	0.40959	0.28096	0.01347	0.01989	0.05316	0.01497	0.01949	0.03143	0.01760	0.04519	0.01461	0.02762	0.00637	0.00513	0.00167	0.00761	0.00458	0.00309	0.00842
14	0.00785	0.00561	0.00749	0.00890	0.00934	0.00525	0.00603	0.00908	0.01242	0.01660	0.05889	0.72525	0.04239	0.01956	0.00810	0.00257	0.00373	0.03980	0.00592	0.00520
15	0.24980	0.01415	0.01488	0.01277	0.01524	0.06963	0.01042	0.12396	0.01446	0.04617	0.05065	0.01581	0.01191	0.01155	0.06804	0.00283	0.25079	0.00530	0.00413	0.00751
16	0.01506	0.01383	0.02344	0.24630	0.51324	0.01460	0.01859	0.01892	0.01406	0.04375	0.01219	0.01625	0.00978	0.00593	0.00630	0.00195	0.00773	0.00567	0.00321	0.00921
17	0.00910	0.00638	0.00917	0.00934	0.01009	0.00606	0.04447	0.00957	0.01134	0.01496	0.02882	0.38952	0.08446	0.12504	0.01495	0.17481	0.00484	0.03759	0.00479	0.00469
18	0.16745	0.01798	0.05428	0.01281	0.01583	0.21958	0.01063	0.08075	0.01511	0.04611	0.01240	0.01465	0.00989	0.00750	0.00796	0.00193	0.14315	0.00481	0.14971	0.00746
19	0.01376	0.01247	0.01936	0.02003	0.20387	0.01171	0.11935	0.05562	0.05517	0.02152	0.05151	0.14085	0.01800	0.00830	0.00642	0.00181	0.00625	0.00783	0.00431	0.22186
20	0.01056	0.00832	0.01146	0.01081	0.01173	0.00998	0.00830	0.04387	0.01083	0.01551	0.01609	0.02586	0.01579	0.17894	0.46291	0.00785	0.13491	0.00701	0.00352	0.00576
21	0.00917	0.00637	0.00804	0.00804	0.00843	0.00676	0.00524	0.00995	0.00956	0.01313	0.01896	0.03583	0.02059	0.52698	0.27898	0.00754	0.00987	0.00839	0.00369	0.00447
22	0.00909	0.00668	0.00959	0.00959	0.01052	0.00760	0.00718	0.01094	0.01002	0.01428	0.01754	0.02798	0.01719	0.18199	0.61931	0.00945	0.01499	0.00724	0.00348	0.00533
23	0.01300	0.05701	0.67822	0.01835	0.02742	0.01516	0.06416	0.02007	0.01347	0.01993	0.01138	0.01351	0.00813	0.00597	0.00605	0.00199	0.00937	0.00481	0.00271	0.00929
24	0.00861	0.00606	0.00785	0.00855	0.00900	0.00606	0.00578	0.00969	0.01118	0.01509	0.04677	0.35294	0.03185	0.27663	0.12957	0.00494	0.00664	0.05309	0.00485	0.00486
25	0.82186	0.01227	0.00932	0.00834	0.01227	0.01423	0.00687	0.01865	0.01080	0.02846	0.00883	0.01031	0.00687	0.00589	0.00393	0.00196	0.00491	0.00344	0.00393	0.00687
26	0.01269	0.01006	0.01387	0.20715	0.07990	0.02839	0.01181	0.04954	0.04347	0.03868	0.02416	0.08112	0.06168	0.01162	0.00755	0.02446	0.00627	0.20764	0.07302	0.00693
27	0.01040	0.00902	0.01259	0.01172	0.01303	0.03443	0.05027	0.01248	0.01142	0.01589	0.02187	0.14606	0.07399	0.02984	0.36778	0.00615	0.12719	0.00885	0.03103	0.00599
28	0.00815	0.00595	0.00782	0.00863	0.00948	0.00562	0.00610	0.00983	0.01348	0.01818	0.18287	0.48213	0.10269	0.02018	0.06553	0.00302	0.00459	0.03443	0.00592	0.00540
29	0.04375	0.01322	0.01605	0.06887	0.11104	0.01422	0.01129	0.20552	0.17824	0.10865	0.01846	0.01899	0.01361	0.00735	0.00597	0.00189	0.00585	0.00600	0.11883	0.03219
30	0.05372	0.01306	0.02086	0.09933	0.17802	0.01354	0.13593	0.05524	0.01406	0.02050	0.03091	0.03764	0.01296	0.03507	0.03551	0.00241	0.08310	0.02932	0.00367	0.12514
31	0.01002	0.00812	0.00917	0.00909	0.00992	0.04813	0.00646	0.01125	0.01142	0.01512	0.04762	0.12507	0.10411	0.28692	0.17158	0.00528	0.05953	0.02906	0.02697	0.00514

[dist]
# distance from previous block
# <min> <max>
1	8

[block]
# block no. 5 follows, 35 sequences, length 9
# corresponding to MSA columns:
# 192-200
name=unknown_F
#
# <colnr> <probs for GDERKNQSTAVLIFYWHMCP>
#	G	D	E	R	K	N	Q	S	T	A	V	L	I	F	Y	W	H	M	C	P
0	0.01554	0.21357	0.14471	0.15612	0.02345	0.12116	0.03287	0.04039	0.01450	0.04023	0.01617	0.02053	0.06143	0.03124	0.00666	0.00199	0.00796	0.04021	0.00351	0.00776
1	0.12355	0.01912	0.05492	0.01687	0.09740	0.20796	0.06286	0.17361	0.01829	0.05726	0.01330	0.01492	0.01012	0.00663	0.00572	0.00182	0.00782	0.00511	0.09420	0.00852
2	0.21936	0.08010	0.15990	0.04818	0.05083	0.04078	0.01349	0.07372	0.07526	0.04548	0.01200	0.01391	0.00934	0.00714	0.00771	0.00205	0.12378	0.00481	0.00383	0.00834
3	0.01353	0.15980	0.17752	0.06672	0.09759	0.01430	0.01372	0.03988	0.01440	0.04084	0.11123	0.02583	0.06977	0.04563	0.00818	0.00217	0.04499	0.04202	0.00404	0.00784
4	0.00821	0.00633	0.00753	0.00766	0.00922	0.00564	0.00568	0.01031	0.01537	0.02016	0.30793	0.18072	0.33054	0.01564	0.00765	0.00220	0.00333	0.04400	0.00630	0.00558
5	0.25179	0.01235	0.01530	0.08672	0.06956	0.01326	0.03575	0.08762	0.01536	0.21472	0.01848	0.01911	0.06499	0.00771	0.00679	0.00204	0.05903	0.00585	0.00508	0.00848
6	0.01637	0.09978	0.23149	0.09475	0.14664	0.05103	0.01635	0.06259	0.07232	0.09157	0.01617	0.01755	0.04221	0.00688	0.00604	0.00192	0.00764	0.00559	0.00397	0.00913
7	0.01121	0.00855	0.00969	0.00937	0.01150	0.00864	0.00730	0.07928	0.11619	0.02175	0.11508	0.09256	0.23756	0.06762	0.00910	0.00252	0.00449	0.13389	0.04712	0.00659
8	0.00780	0.00571	0.00734	0.00847	0.00915	0.00524	0.00577	0.00912	0.01289	0.01705	0.09454	0.62785	0.12803	0.01886	0.00797	0.00248	0.00357	0.01694	0.00598	0.00524

[dist]
# distance from previous block
# <min> <max>
1	10

[block]
# block no. 6 follows, 35 sequences, length 18
# corresponding to MSA columns:
# 211-228
name=unknown_G
#
# <colnr> <probs for GDERKNQSTAVLIFYWHMCP>
#	G	D	E	R	K	N	Q	S	T	A	V	L	I	F	Y	W	H	M	C	P
0	0.05980	0.00730	0.00861	0.00834	0.00934	0.00751	0.00577	0.01284	0.01115	0.08344	0.02139	0.08656	0.02240	0.43020	0.05075	0.00468	0.03468	0.06353	0.06643	0.00527
1	0.01349	0.01299	0.02256	0.35174	0.24613	0.01416	0.11240	0.01835	0.05087	0.01932	0.06432	0.01911	0.01335	0.00659	0.00657	0.00204	0.00792	0.00639	0.00346	0.00823
2	0.01865	0.08286	0.14824	0.01707	0.02278	0.01654	0.17350	0.20497	0.06316	0.11463	0.01559	0.03557	0.01167	0.00719	0.00699	0.00200	0.03813	0.00623	0.00473	0.00947
3	0.01198	0.01128	0.01903	0.76180	0.04369	0.01409	0.01762	0.01621	0.01268	0.01621	0.01128	0.01691	0.00846	0.00634	0.00634	0.00211	0.00846	0.00564	0.00282	0.00705
4	0.01019	0.00709	0.00842	0.00815	0.00901	0.00707	0.00552	0.05797	0.01343	0.01827	0.20910	0.06909	0.03360	0.43948	0.02136	0.00440	0.00527	0.06244	0.00506	0.00507
5	0.01313	0.01245	0.02126	0.46827	0.26621	0.01407	0.03918	0.01718	0.01358	0.01825	0.04691	0.01802	0.01152	0.00641	0.00641	0.00203	0.00796	0.00599	0.00314	0.00801
6	0.08795	0.01292	0.06754	0.01744	0.08812	0.01257	0.14945	0.01575	0.01310	0.01970	0.08089	0.11246	0.02052	0.01324	0.06636	0.00293	0.13069	0.07704	0.00409	0.00722
7	0.00773	0.00604	0.00701	0.00760	0.00892	0.00532	0.00538	0.00924	0.01377	0.01745	0.10990	0.36702	0.37718	0.01744	0.00775	0.00232	0.00340	0.01523	0.00599	0.00532
8	0.00993	0.00775	0.01123	0.04501	0.10544	0.00766	0.00953	0.01226	0.01373	0.01830	0.07866	0.28865	0.06902	0.04175	0.00878	0.00265	0.00515	0.25298	0.00540	0.00612
9	0.07259	0.60726	0.02912	0.01126	0.01641	0.06670	0.01068	0.06215	0.01429	0.04635	0.00991	0.01102	0.00852	0.00575	0.00439	0.00147	0.00689	0.00370	0.00325	0.00827
10	0.01167	0.00674	0.00885	0.00886	0.01004	0.00639	0.00634	0.03955	0.01254	0.08853	0.02912	0.27548	0.12935	0.01828	0.01359	0.28511	0.00463	0.03474	0.00501	0.00517
11	0.02200	0.01471	0.08007	0.01235	0.01708	0.01337	0.01087	0.30507	0.02184	0.25756	0.06153	0.02008	0.01573	0.00784	0.00615	0.00188	0.00594	0.00620	0.10999	0.00975
12	0.01497	0.06853	0.05307	0.02193	0.12871	0.09864	0.26776	0.01873	0.01462	0.01906	0.05773	0.02300	0.01526	0.00939	0.03905	0.00244	0.06064	0.07486	0.00362	0.00799
13	0.02188	0.02331	0.01745	0.01594	0.04687	0.45175	0.01191	0.10948	0.01814	0.06838	0.01225	0.01392	0.00970	0.00725	0.00730	0.00180	0.08590	0.00479	0.06401	0.00797
14	0.01530	0.06404	0.05703	0.01080	0.01442	0.03473	0.00917	0.11822	0.06326	0.11257	0.19980	0.08476	0.09943	0.01051	0.00663	0.00194	0.00515	0.02346	0.00587	0.06292
15	0.13648	0.10699	0.01532	0.01106	0.01484	0.03993	0.00910	0.14976	0.13110	0.05198	0.03547	0.04051	0.07454	0.03985	0.00698	0.00210	0.00570	0.06045	0.00516	0.06267
16	0.06430	0.05212	0.08574	0.01593	0.06215	0.11632	0.04474	0.26798	0.10061	0.05339	0.01617	0.03610	0.02609	0.00747	0.00610	0.00190	0.00740	0.00588	0.00496	0.02467
17	0.01679	0.29869	0.13464	0.01270	0.01777	0.11003	0.01225	0.05091	0.05893	0.06006	0.01729	0.01796	0.08250	0.00735	0.00601	0.00172	0.03745	0.00530	0.00384	0.04782

[dist]
# distance from previous block
# <min> <max>
2	12

[block]
# block no. 7 follows, 35 sequences, length 31
# corresponding to MSA columns:
# 242-272
name=unknown_H
#
# <colnr> <probs for GDERKNQSTAVLIFYWHMCP>
#	G	D	E	R	K	N	Q	S	T	A	V	L	I	F	Y	W	H	M	C	P
0	0.05647	0.03482	0.17820	0.01497	0.04300	0.08285	0.06582	0.07364	0.05871	0.09068	0.02116	0.05827	0.06566	0.04376	0.00773	0.00228	0.00729	0.08187	0.00462	0.00818
1	0.09147	0.07117	0.06611	0.07136	0.08829	0.04975	0.16263	0.06163	0.01398	0.04044	0.01243	0.01567	0.02694	0.00746	0.00968	0.00215	0.19150	0.00573	0.00346	0.00812
2	0.01382	0.01384	0.05084	0.23155	0.23841	0.01354	0.10719	0.04481	0.02866	0.01986	0.01411	0.07927	0.01228	0.00704	0.00643	0.00195	0.00757	0.00671	0.00353	0.09859
3	0.00805	0.00584	0.00761	0.00878	0.00942	0.00538	0.00595	0.00924	0.01222	0.01633	0.03446	0.67614	0.06311	0.04620	0.00883	0.00263	0.00385	0.03359	0.00573	0.03666
4	0.01730	0.44563	0.08272	0.01186	0.01757	0.02037	0.01148	0.14875	0.01614	0.02101	0.01065	0.01189	0.00885	0.00576	0.00476	0.00144	0.00666	0.00399	0.00357	0.14960
5	0.01606	0.07252	0.09979	0.09380	0.01939	0.09959	0.01196	0.08701	0.05068	0.09486	0.08870	0.05377	0.04890	0.03800	0.03706	0.00248	0.04760	0.02526	0.00469	0.00787
6	0.01140	0.00951	0.04037	0.01011	0.01223	0.00881	0.00789	0.14329	0.04354	0.02174	0.05508	0.40222	0.15504	0.01563	0.00752	0.00233	0.00456	0.03619	0.00589	0.00666
7	0.01272	0.03281	0.74418	0.01808	0.02746	0.01473	0.02344	0.02009	0.01339	0.02009	0.01138	0.01339	0.00804	0.00603	0.00603	0.00201	0.00938	0.00469	0.00268	0.00938
8	0.01533	0.01436	0.02091	0.38369	0.19370	0.08494	0.05717	0.04709	0.01477	0.05361	0.01321	0.01875	0.01057	0.00678	0.00645	0.00204	0.00834	0.03672	0.00348	0.00812
9	0.03795	0.05026	0.06484	0.09432	0.17955	0.06578	0.06536	0.05284	0.03557	0.06723	0.04348	0.08094	0.04229	0.00907	0.00665	0.00208	0.00713	0.08208	0.00438	0.00818
10	0.00850	0.00681	0.00982	0.04169	0.01214	0.00641	0.05499	0.01019	0.01300	0.01704	0.07825	0.49303	0.15950	0.04666	0.00878	0.00256	0.00434	0.01524	0.00556	0.00550
11	0.01077	0.00740	0.00961	0.00950	0.01047	0.00792	0.00687	0.01274	0.04178	0.06529	0.02464	0.19529	0.05210	0.24543	0.18457	0.00530	0.06133	0.03867	0.00466	0.00565
12	0.01436	0.03397	0.19238	0.06003	0.08931	0.03890	0.08339	0.01921	0.06292	0.09234	0.03548	0.11489	0.07022	0.02591	0.00776	0.00219	0.03621	0.00799	0.00435	0.00820
13	0.05186	0.12139	0.10179	0.04846	0.02081	0.06848	0.11370	0.09332	0.06928	0.11588	0.04137	0.05146	0.03260	0.00798	0.00626	0.00197	0.00730	0.03283	0.00468	0.00859
14	0.64978	0.01195	0.01049	0.00898	0.01312	0.01317	0.00740	0.02131	0.01239	0.18320	0.01235	0.01275	0.00879	0.00631	0.00446	0.00196	0.00501	0.00407	0.00478	0.00772
15	0.01526	0.03787	0.01682	0.24933	0.05660	0.03326	0.01269	0.12457	0.04171	0.07691	0.07778	0.06648	0.04142	0.01023	0.02899	0.00235	0.06830	0.02694	0.00463	0.00786
16	0.01578	0.03293	0.06180	0.10969	0.29100	0.06028	0.07531	0.03921	0.03932	0.07595	0.04681	0.04019	0.03812	0.03715	0.00746	0.00213	0.00748	0.00669	0.00401	0.00870
17	0.11009	0.01246	0.01408	0.04281	0.01682	0.01341	0.00968	0.10075	0.29467	0.21831	0.08108	0.02242	0.01900	0.00826	0.00622	0.00204	0.00529	0.00668	0.00642	0.00950
18	0.04705	0.01917	0.10006	0.18595	0.11759	0.20596	0.05007	0.03557	0.01443	0.01798	0.01179	0.01686	0.00989	0.00803	0.00825	0.05866	0.04906	0.03282	0.00322	0.00758
19	0.01611	0.04507	0.05314	0.10983	0.14226	0.04698	0.07824	0.07480	0.08000	0.09280	0.03703	0.04046	0.04777	0.00843	0.00691	0.00206	0.02498	0.05909	0.02551	0.00852
20	0.01500	0.01409	0.08361	0.06275	0.14449	0.01234	0.17087	0.06911	0.01553	0.09647	0.02080	0.14636	0.03677	0.00973	0.00711	0.00219	0.00729	0.07259	0.00460	0.00830
21	0.00843	0.00620	0.00867	0.00927	0.00988	0.00609	0.02879	0.00964	0.01142	0.01541	0.02891	0.50691	0.03368	0.16027	0.12118	0.00432	0.00630	0.01446	0.00507	0.00510
22	0.01661	0.12664	0.08161	0.01201	0.01583	0.13416	0.01041	0.09432	0.06011	0.09304	0.06007	0.10385	0.09709	0.02894	0.03546	0.00233	0.00701	0.00777	0.00491	0.00786
23	0.01795	0.08992	0.18072	0.01643	0.07244	0.21774	0.01423	0.05599	0.05952	0.07984	0.01556	0.07772	0.01344	0.00814	0.00654	0.00194	0.02984	0.02949	0.00410	0.00846
24	0.01102	0.00551	0.00826	0.00826	0.00826	0.00551	0.00551	0.00826	0.00826	0.01102	0.01102	0.01928	0.01102	0.02204	0.02479	0.81543	0.00551	0.00551	0.00275	0.00275
25	0.00807	0.00578	0.00781	0.00922	0.00975	0.00551	0.00648	0.00944	0.01236	0.01647	0.03410	0.66143	0.04030	0.02068	0.03709	0.00291	0.00445	0.09710	0.00579	0.00525
26	0.01594	0.01665	0.07395	0.05519	0.13208	0.08573	0.22933	0.03978	0.04277	0.07363	0.05151	0.02268	0.06234	0.00770	0.00740	0.00207	0.03869	0.02998	0.00413	0.00845
27	0.04713	0.03707	0.15923	0.13269	0.15296	0.03297	0.11915	0.01803	0.01406	0.03375	0.01776	0.02703	0.04215	0.00838	0.00674	0.00216	0.00795	0.12900	0.00372	0.00807
28	0.42157	0.01453	0.01489	0.04193	0.12786	0.04031	0.01069	0.16972	0.05857	0.02875	0.01182	0.01327	0.00905	0.00642	0.00511	0.00194	0.00611	0.00459	0.00441	0.00842
29	0.19530	0.07335	0.07769	0.01181	0.01586	0.03442	0.06292	0.08656	0.07121	0.04833	0.15483	0.02475	0.06749	0.04088	0.00707	0.00213	0.00587	0.00691	0.00493	0.00769
30	0.15085	0.01427	0.01341	0.07493	0.04083	0.14173	0.00965	0.11323	0.04175	0.06366	0.12522	0.05393	0.07908	0.00899	0.00609	0.00194	0.00620	0.00712	0.03955	0.00757

[dist]
# distance from previous block
# <min> <max>
0	1

[block]
# block no. 8 follows, 35 sequences, length 12
# corresponding to MSA columns:
# 274-285
name=unknown_I
#
# <colnr> <probs for GDERKNQSTAVLIFYWHMCP>
#	G	D	E	R	K	N	Q	S	T	A	V	L	I	F	Y	W	H	M	C	P
0	0.01677	0.01682	0.05225	0.03180	0.09513	0.18429	0.02600	0.01960	0.02757	0.08918	0.06117	0.08567	0.01597	0.00858	0.00832	0.00191	0.11883	0.00658	0.00420	0.12937
1	0.00812	0.00825	0.06050	0.00808	0.01039	0.00615	0.00676	0.01016	0.01400	0.01733	0.05312	0.18055	0.51142	0.01610	0.00759	0.00226	0.00394	0.06400	0.00565	0.00565
2	0.05277	0.04393	0.15533	0.08076	0.20039	0.03550	0.01481	0.04039	0.10939	0.04582	0.06608	0.07350	0.01668	0.00792	0.00622	0.00199	0.00678	0.00678	0.02628	0.00867
3	0.01862	0.01151	0.01342	0.01126	0.01515	0.01159	0.00900	0.09127	0.24561	0.23985	0.08078	0.02876	0.09300	0.00940	0.00656	0.00200	0.00499	0.03201	0.00662	0.06861
4	0.02497	0.01474	0.01696	0.01318	0.01805	0.01538	0.01083	0.39203	0.09125	0.30469	0.01994	0.01844	0.01346	0.00780	0.00637	0.00195	0.00620	0.00610	0.00693	0.01072
5	0.01547	0.13661	0.32247	0.01589	0.02226	0.10016	0.06148	0.04041	0.15236	0.02079	0.04242	0.01632	0.01248	0.00677	0.00595	0.00190	0.00816	0.00538	0.00378	0.00894
6	0.01146	0.00847	0.01047	0.01061	0.01251	0.00859	0.00856	0.10928	0.04668	0.02232	0.12610	0.19657	0.09945	0.01552	0.00792	0.00249	0.00492	0.28545	0.00610	0.00654
7	0.01190	0.00708	0.00936	0.00856	0.01050	0.00644	0.00650	0.01466	0.01752	0.13575	0.56796	0.10176	0.05157	0.01273	0.00736	0.00204	0.00342	0.01121	0.00703	0.00666
8	0.01485	0.01424	0.06839	0.01275	0.01637	0.07137	0.06133	0.07521	0.18830	0.06820	0.17011	0.03086	0.13387	0.01000	0.00730	0.00206	0.03265	0.00837	0.00565	0.00812
9	0.02050	0.02752	0.15079	0.05478	0.02239	0.46637	0.03382	0.09353	0.01790	0.01905	0.01214	0.01384	0.02633	0.00675	0.00596	0.00178	0.01024	0.00476	0.00351	0.00804
10	0.01148	0.01072	0.01467	0.01332	0.01374	0.01392	0.01069	0.01290	0.01083	0.01565	0.02129	0.17769	0.10437	0.01618	0.06970	0.00320	0.46035	0.00918	0.00385	0.00628
11	0.01501	0.01444	0.02241	0.29068	0.27664	0.05256	0.08371	0.07094	0.03896	0.02025	0.01336	0.04826	0.01106	0.00676	0.00648	0.00202	0.00808	0.00632	0.00351	0.00854

[dist]
# distance from previous block
# <min> <max>
0	1

[block]
# block no. 9 follows, 35 sequences, length 7
# corresponding to MSA columns:
# 287-293
name=unknown_J
#
# <colnr> <probs for GDERKNQSTAVLIFYWHMCP>
#	G	D	E	R	K	N	Q	S	T	A	V	L	I	F	Y	W	H	M	C	P
0	0.01712	0.01553	0.02462	0.03484	0.61675	0.01585	0.01822	0.13668	0.01703	0.02396	0.01249	0.01562	0.01017	0.00598	0.00629	0.00189	0.00744	0.00566	0.00368	0.01017
1	0.01247	0.01160	0.01945	0.58008	0.15794	0.01371	0.01734	0.01651	0.01313	0.01719	0.01318	0.02109	0.01097	0.00712	0.00653	0.00214	0.00809	0.06089	0.00312	0.00746
2	0.01709	0.01367	0.02304	0.10802	0.47769	0.01365	0.05261	0.02066	0.01482	0.14134	0.01506	0.04793	0.01212	0.00666	0.00644	0.00196	0.00728	0.00637	0.00402	0.00958
3	0.01029	0.00887	0.01402	0.44095	0.02882	0.01036	0.01246	0.01310	0.01223	0.01590	0.02019	0.28129	0.02124	0.07175	0.00900	0.00259	0.00662	0.01022	0.00397	0.00614
4	0.04285	0.18345	0.04176	0.01185	0.01607	0.03248	0.03094	0.06470	0.11250	0.17073	0.07733	0.02694	0.05065	0.00891	0.00616	0.00194	0.00592	0.08113	0.00541	0.02829
5	0.04359	0.14849	0.07637	0.03903	0.03814	0.08727	0.08555	0.15615	0.01770	0.09931	0.05736	0.03164	0.02713	0.00737	0.00641	0.00185	0.02988	0.00591	0.00453	0.03632
6	0.01237	0.03513	0.02899	0.06495	0.07201	0.00859	0.00918	0.01481	0.01433	0.11217	0.08263	0.13648	0.18800	0.03855	0.03897	0.00267	0.00555	0.10440	0.02340	0.00681

[dist]
# distance from previous block
# <min> <max>
0	20

# created by:
# /home/cegg/simao/soft/augustus-3.2.1/scripts/msa2prfl.pl ./align_prep/EOG090W0G88.fa
