[name]
unknown

[dist]
# distance from previous block
# <min> <max>
0	484

[block]
# block no. 0 follows, 30 sequences, length 18
# corresponding to MSA columns:
# 613-617,627-639
name=unknown_A
#
# <colnr> <probs for GDERKNQSTAVLIFYWHMCP>
#	G	D	E	R	K	N	Q	S	T	A	V	L	I	F	Y	W	H	M	C	P
0	0.04761	0.01391	0.01625	0.01366	0.01785	0.01446	0.01122	0.31193	0.02384	0.19657	0.02522	0.11380	0.02204	0.01189	0.00760	0.00240	0.00655	0.12603	0.00713	0.01004
1	0.02551	0.01789	0.02146	0.01664	0.02156	0.05328	0.06677	0.37333	0.02534	0.19355	0.01787	0.01817	0.01256	0.00862	0.00889	0.00223	0.09237	0.00650	0.00647	0.01100
2	0.01232	0.00662	0.00691	0.00684	0.00851	0.00648	0.00513	0.01549	0.01538	0.02586	0.11605	0.03187	0.06452	0.00950	0.00552	0.00174	0.00327	0.00779	0.64373	0.00648
3	0.01742	0.56644	0.21821	0.01406	0.02118	0.02457	0.01563	0.02122	0.01433	0.01793	0.01045	0.01214	0.00892	0.00615	0.00505	0.00168	0.00822	0.00411	0.00297	0.00932
4	0.01832	0.01462	0.02039	0.01720	0.01822	0.01926	0.01431	0.02007	0.01246	0.15000	0.01266	0.01688	0.01071	0.01153	0.01988	0.00288	0.60177	0.00628	0.00412	0.00844
5	0.17206	0.01210	0.01415	0.01095	0.01619	0.01079	0.00892	0.02514	0.01669	0.33022	0.05599	0.01999	0.01585	0.00744	0.00599	0.00181	0.00545	0.00579	0.00634	0.25816
6	0.01598	0.01488	0.01538	0.01403	0.01623	0.13380	0.01100	0.10443	0.06811	0.02109	0.01778	0.06389	0.01620	0.02885	0.32547	0.00624	0.10699	0.00739	0.00446	0.00779
7	0.01411	0.00783	0.00969	0.00883	0.01028	0.00738	0.00599	0.01548	0.01451	0.15111	0.20068	0.04317	0.03431	0.42075	0.02302	0.00470	0.00571	0.01019	0.00596	0.00630
8	0.02795	0.01198	0.01585	0.01200	0.01756	0.01007	0.00986	0.03073	0.01888	0.57775	0.02451	0.02190	0.01589	0.00794	0.00665	0.00193	0.00578	0.00644	0.00774	0.16858
9	0.01124	0.00938	0.01433	0.30875	0.06284	0.01051	0.01207	0.01376	0.01304	0.01716	0.02288	0.25901	0.02470	0.17374	0.01378	0.00344	0.00701	0.01143	0.00445	0.00650
10	0.02607	0.03326	0.01978	0.01798	0.02157	0.72674	0.01348	0.02787	0.01978	0.01708	0.01079	0.01258	0.00899	0.00719	0.00629	0.00180	0.01258	0.00449	0.00360	0.00809
11	0.80405	0.01350	0.01026	0.00918	0.01350	0.01565	0.00756	0.02051	0.01188	0.03131	0.00972	0.01134	0.00756	0.00648	0.00432	0.00216	0.00540	0.00378	0.00432	0.00756
12	0.01886	0.01574	0.01663	0.01451	0.01872	0.01806	0.01141	0.14397	0.58928	0.03162	0.02649	0.02451	0.01975	0.00929	0.00708	0.00232	0.00588	0.00763	0.00708	0.01118
13	0.01736	0.01499	0.01578	0.01420	0.01815	0.01736	0.01105	0.03708	0.69862	0.02919	0.02840	0.02604	0.02130	0.00947	0.00710	0.00237	0.00552	0.00789	0.00710	0.01105
14	0.01056	0.00678	0.00885	0.00885	0.00916	0.00709	0.00577	0.01048	0.01017	0.01387	0.01888	0.03545	0.02032	0.41043	0.20593	0.19101	0.00957	0.00854	0.00383	0.00445
15	0.11603	0.01885	0.01971	0.01526	0.02070	0.02095	0.01261	0.61113	0.03040	0.04252	0.01594	0.01613	0.01137	0.00816	0.00667	0.00210	0.00742	0.00599	0.00667	0.01137
16	0.71455	0.01419	0.01149	0.00997	0.01443	0.01634	0.00821	0.09734	0.01429	0.03277	0.01053	0.01196	0.00805	0.00670	0.00462	0.00215	0.00566	0.00407	0.00462	0.00805
17	0.01342	0.01265	0.02136	0.69757	0.08661	0.01557	0.01950	0.01804	0.01407	0.01812	0.01245	0.01853	0.00940	0.00693	0.00697	0.00231	0.00924	0.00620	0.00312	0.00794

[dist]
# distance from previous block
# <min> <max>
0	2

[block]
# block no. 1 follows, 30 sequences, length 10
# corresponding to MSA columns:
# 642-651
name=unknown_B
#
# <colnr> <probs for GDERKNQSTAVLIFYWHMCP>
#	G	D	E	R	K	N	Q	S	T	A	V	L	I	F	Y	W	H	M	C	P
0	0.19038	0.01496	0.02267	0.19109	0.40836	0.01613	0.01789	0.02041	0.01457	0.02357	0.01221	0.01626	0.00989	0.00645	0.00635	0.00215	0.00788	0.00567	0.00357	0.00954
1	0.00999	0.00738	0.01075	0.01075	0.01183	0.00847	0.00814	0.01216	0.01108	0.01585	0.01912	0.02978	0.01847	0.14328	0.63756	0.01064	0.01715	0.00782	0.00380	0.00597
2	0.00928	0.00689	0.00865	0.00868	0.01018	0.00626	0.00633	0.01184	0.01765	0.02409	0.44505	0.20924	0.17702	0.01656	0.00838	0.00237	0.00350	0.01460	0.00720	0.00626
3	0.01097	0.00879	0.01170	0.01086	0.01186	0.00979	0.00826	0.01334	0.01618	0.02310	0.42097	0.10975	0.04739	0.08845	0.01426	0.00290	0.16710	0.01162	0.00620	0.00649
4	0.01410	0.01354	0.01913	0.01675	0.01702	0.01858	0.01382	0.01584	0.01080	0.01666	0.01127	0.01795	0.01099	0.02109	0.17866	0.00486	0.58200	0.00641	0.00320	0.00732
5	0.01301	0.00650	0.00650	0.00650	0.00813	0.00650	0.00488	0.01626	0.01463	0.02602	0.02276	0.02602	0.01789	0.00813	0.00488	0.00163	0.00325	0.00650	0.79350	0.00650
6	0.02756	0.01873	0.01982	0.01537	0.02079	0.06445	0.01261	0.50087	0.02913	0.19091	0.01875	0.01803	0.01288	0.00836	0.00694	0.00209	0.00761	0.00633	0.00713	0.01163
7	0.19478	0.02100	0.04091	0.01554	0.02065	0.20394	0.07874	0.15072	0.04405	0.02739	0.01298	0.01458	0.01004	0.00688	0.00605	0.00190	0.00849	0.00514	0.00459	0.13163
8	0.05694	0.01486	0.01852	0.01654	0.04523	0.01832	0.01294	0.16748	0.10498	0.02521	0.01516	0.01936	0.01289	0.03667	0.11077	0.00387	0.30019	0.00656	0.00465	0.00886
9	0.02096	0.01310	0.01531	0.01315	0.01632	0.06048	0.01032	0.08486	0.05618	0.25949	0.02411	0.18156	0.02124	0.01260	0.01039	0.04235	0.10139	0.00938	0.00639	0.04041

[dist]
# distance from previous block
# <min> <max>
1	3

[block]
# block no. 2 follows, 30 sequences, length 64
# corresponding to MSA columns:
# 660-716,720-726
name=unknown_C
#
# <colnr> <probs for GDERKNQSTAVLIFYWHMCP>
#	G	D	E	R	K	N	Q	S	T	A	V	L	I	F	Y	W	H	M	C	P
0	0.35143	0.01695	0.01647	0.01346	0.01830	0.10729	0.07288	0.06838	0.09419	0.02778	0.01335	0.01479	0.01038	0.00676	0.00559	0.00196	0.00705	0.00499	0.00462	0.14337
1	0.13098	0.24628	0.28394	0.01451	0.02185	0.01877	0.01607	0.04411	0.01497	0.05330	0.01206	0.01362	0.00932	0.00641	0.00553	0.00186	0.00793	0.00454	0.00367	0.09027
2	0.01659	0.30565	0.24708	0.09023	0.07393	0.04470	0.08983	0.02140	0.01488	0.01942	0.01159	0.01431	0.00927	0.00632	0.00602	0.00194	0.00922	0.00510	0.00310	0.00942
3	0.00997	0.00748	0.01121	0.01121	0.01246	0.00872	0.00872	0.01246	0.01121	0.01620	0.01869	0.02741	0.01745	0.05234	0.72710	0.01121	0.01869	0.00748	0.00374	0.00623
4	0.00895	0.00672	0.00931	0.08050	0.01379	0.00663	0.00770	0.01052	0.01350	0.01785	0.03696	0.65711	0.06379	0.02028	0.00870	0.00277	0.00454	0.01835	0.00615	0.00588
5	0.01736	0.01499	0.01578	0.01420	0.01815	0.01736	0.01105	0.03708	0.69862	0.02919	0.02840	0.02604	0.02130	0.00947	0.00710	0.00237	0.00552	0.00789	0.00710	0.01105
6	0.01447	0.01240	0.01447	0.01034	0.01654	0.00930	0.00827	0.01757	0.01447	0.02274	0.01240	0.01447	0.01034	0.00517	0.00517	0.00103	0.00517	0.00413	0.00413	0.79742
7	0.01736	0.01499	0.01578	0.01420	0.01815	0.01736	0.01105	0.03708	0.69862	0.02919	0.02840	0.02604	0.02130	0.00947	0.00710	0.00237	0.00552	0.00789	0.00710	0.01105
8	0.01647	0.01882	0.04118	0.02941	0.03647	0.01765	0.68588	0.02235	0.01647	0.02235	0.01412	0.01882	0.01059	0.00588	0.00824	0.00235	0.01176	0.00824	0.00353	0.00941
9	0.01318	0.01240	0.02093	0.73798	0.04806	0.01550	0.01938	0.01783	0.01395	0.01783	0.01240	0.01860	0.00930	0.00698	0.00698	0.00233	0.00930	0.00620	0.00310	0.00775
10	0.02971	0.01190	0.01592	0.01245	0.01760	0.01057	0.01019	0.03346	0.06335	0.65053	0.02792	0.04618	0.01842	0.00910	0.00708	0.00219	0.00585	0.00747	0.00847	0.01163
11	0.02216	0.02105	0.02464	0.01964	0.02406	0.22921	0.19066	0.04156	0.08405	0.14609	0.01631	0.01801	0.01219	0.00804	0.00930	0.00224	0.11000	0.00653	0.00483	0.00943
12	0.01684	0.01385	0.02413	0.42880	0.15070	0.01522	0.10584	0.02130	0.01545	0.11795	0.01488	0.01914	0.01088	0.00694	0.00714	0.00226	0.00898	0.00659	0.00400	0.00909
13	0.01724	0.02087	0.09875	0.02366	0.02967	0.08419	0.38194	0.02556	0.15654	0.02293	0.01631	0.01912	0.01239	0.00717	0.00849	0.00233	0.05165	0.00739	0.00419	0.00961
14	0.00871	0.00706	0.00773	0.00762	0.00972	0.00608	0.00569	0.01089	0.01692	0.02139	0.24865	0.08069	0.51079	0.01683	0.00826	0.00232	0.00348	0.01427	0.00682	0.00608
15	0.01440	0.01365	0.02314	0.53058	0.24592	0.01583	0.01999	0.01890	0.01453	0.01931	0.01262	0.01821	0.00982	0.00675	0.00696	0.00225	0.00900	0.00621	0.00321	0.00874
16	0.01489	0.01422	0.02370	0.41175	0.28957	0.01647	0.01973	0.01905	0.01435	0.01956	0.01235	0.01779	0.00993	0.00721	0.00850	0.00230	0.08023	0.00620	0.00323	0.00896
17	0.00889	0.00630	0.00823	0.00939	0.00989	0.00598	0.00625	0.01018	0.01351	0.01821	0.10094	0.57269	0.04465	0.11666	0.03065	0.00349	0.00470	0.01757	0.00623	0.00559
18	0.01644	0.01702	0.03281	0.12110	0.34861	0.01690	0.29944	0.02138	0.01590	0.02201	0.01345	0.01808	0.01065	0.00617	0.00747	0.00222	0.00987	0.00706	0.00344	0.00997
19	0.02247	0.02340	0.19240	0.01644	0.02261	0.10188	0.01569	0.27963	0.07536	0.11638	0.01776	0.01910	0.01299	0.00929	0.02511	0.00237	0.00878	0.02193	0.00570	0.01070
20	0.00964	0.00758	0.01171	0.01186	0.01312	0.00713	0.07306	0.01165	0.01439	0.01930	0.08509	0.56346	0.04356	0.01950	0.00886	0.00278	0.00497	0.07989	0.00627	0.00617
21	0.00850	0.00607	0.00810	0.00972	0.01012	0.00567	0.00648	0.00972	0.01336	0.01781	0.03846	0.75020	0.04615	0.02186	0.00891	0.00283	0.00405	0.01984	0.00648	0.00567
22	0.01942	0.01624	0.02405	0.12652	0.12669	0.05218	0.15619	0.16278	0.01951	0.08085	0.01611	0.01900	0.01206	0.00738	0.00743	0.00214	0.03094	0.00666	0.10423	0.00963
23	0.01542	0.14569	0.17697	0.01867	0.02479	0.01618	0.22625	0.02064	0.03882	0.05335	0.05990	0.09115	0.04876	0.00912	0.00725	0.00222	0.00854	0.02294	0.00438	0.00896
24	0.03016	0.01307	0.01685	0.01299	0.01837	0.01211	0.01071	0.12657	0.04476	0.59779	0.02604	0.02284	0.01665	0.00863	0.00702	0.00216	0.00617	0.00694	0.00835	0.01185
25	0.01536	0.01533	0.02815	0.33372	0.27576	0.01637	0.17322	0.02011	0.01520	0.02059	0.01305	0.01819	0.01021	0.00646	0.00724	0.00224	0.00952	0.00667	0.00332	0.00928
26	0.02019	0.01699	0.09078	0.04863	0.31679	0.01462	0.11701	0.02456	0.01686	0.20424	0.01769	0.02049	0.01312	0.00718	0.00712	0.00217	0.00826	0.02056	0.02208	0.01067
27	0.01645	0.36787	0.33907	0.01837	0.08843	0.02151	0.01898	0.02148	0.01459	0.01954	0.01128	0.01334	0.00910	0.00629	0.00566	0.00187	0.00881	0.00460	0.00301	0.00976
28	0.00843	0.00637	0.00779	0.00893	0.00992	0.00573	0.00613	0.00980	0.01411	0.01812	0.04801	0.54786	0.24234	0.02062	0.00871	0.00269	0.00390	0.01832	0.00648	0.00573
29	0.01680	0.15251	0.39121	0.08402	0.02669	0.01659	0.01930	0.02240	0.01538	0.11863	0.01789	0.01913	0.05502	0.00754	0.00645	0.00210	0.00868	0.00589	0.00400	0.00978
30	0.01566	0.12302	0.37638	0.02235	0.07884	0.01760	0.18311	0.02183	0.01524	0.03692	0.01376	0.03923	0.01083	0.00687	0.00684	0.00216	0.00985	0.00631	0.00337	0.00986
31	0.01696	0.01626	0.02776	0.09625	0.66026	0.01650	0.02126	0.02114	0.01574	0.02242	0.01307	0.01737	0.01092	0.00628	0.00691	0.00209	0.00837	0.00622	0.00343	0.01080
32	0.01818	0.50223	0.21052	0.01457	0.02143	0.09271	0.01565	0.02188	0.01487	0.01794	0.01053	0.01224	0.00893	0.00626	0.00521	0.00171	0.00869	0.00417	0.00303	0.00922
33	0.02100	0.02041	0.08870	0.12035	0.07183	0.06706	0.09236	0.31756	0.07670	0.03147	0.01572	0.01753	0.01157	0.00760	0.00705	0.00217	0.00882	0.00639	0.00522	0.01049
34	0.01450	0.07488	0.61450	0.02037	0.03012	0.01698	0.08925	0.02206	0.01487	0.02181	0.01252	0.01493	0.00902	0.00652	0.00667	0.00218	0.01029	0.00538	0.00301	0.01015
35	0.00827	0.00700	0.00714	0.00725	0.00947	0.00588	0.00538	0.00999	0.01573	0.01878	0.06843	0.11503	0.66198	0.01797	0.00829	0.00239	0.00357	0.01509	0.00648	0.00588
36	0.01398	0.00841	0.01034	0.01008	0.01157	0.00820	0.00699	0.07929	0.01522	0.11778	0.02981	0.36275	0.03244	0.24064	0.01651	0.00386	0.00549	0.01377	0.00615	0.00671
37	0.01496	0.01469	0.02617	0.40501	0.24714	0.01629	0.11802	0.01956	0.01483	0.01998	0.01280	0.01815	0.01002	0.00671	0.00753	0.00227	0.02710	0.00650	0.00327	0.00900
38	0.00850	0.00607	0.00810	0.00972	0.01012	0.00567	0.00648	0.00972	0.01336	0.01781	0.03846	0.75020	0.04615	0.02186	0.00891	0.00283	0.00405	0.01984	0.00648	0.00567
39	0.01826	0.01646	0.01650	0.06099	0.02038	0.08362	0.01179	0.03490	0.57383	0.04466	0.02570	0.02424	0.01927	0.00907	0.00701	0.00231	0.00644	0.00744	0.00655	0.01058
40	0.01608	0.01513	0.02556	0.14321	0.54488	0.01559	0.02012	0.02021	0.01562	0.02187	0.01534	0.02345	0.01363	0.00760	0.00718	0.00222	0.00826	0.07025	0.00369	0.01011
41	0.01400	0.03610	0.71860	0.01989	0.03020	0.01621	0.02578	0.02210	0.01473	0.02210	0.01252	0.01473	0.00884	0.00663	0.00663	0.00221	0.01031	0.00516	0.00295	0.01031
42	0.00955	0.00688	0.00903	0.00900	0.01035	0.00637	0.00656	0.01234	0.01823	0.02556	0.54784	0.21875	0.06114	0.01608	0.00839	0.00235	0.00347	0.01434	0.00739	0.00637
43	0.01144	0.00830	0.01042	0.00946	0.01148	0.00800	0.00721	0.07648	0.02098	0.02948	0.64273	0.04881	0.06078	0.01371	0.00811	0.00219	0.00370	0.01203	0.00762	0.00708
44	0.01418	0.03483	0.66885	0.02059	0.03066	0.01631	0.07426	0.02212	0.01486	0.02212	0.01264	0.01503	0.00897	0.00657	0.00675	0.00222	0.01042	0.00538	0.00299	0.01025
45	0.00850	0.00607	0.00810	0.00972	0.01012	0.00567	0.00648	0.00972	0.01336	0.01781	0.03846	0.75020	0.04615	0.02186	0.00891	0.00283	0.00405	0.01984	0.00648	0.00567
46	0.01356	0.01280	0.02162	0.67276	0.11029	0.01560	0.01957	0.01817	0.01414	0.01830	0.01247	0.01848	0.00947	0.00691	0.00697	0.00230	0.00921	0.00620	0.00313	0.00806
47	0.00851	0.00619	0.00803	0.00944	0.01006	0.00571	0.00637	0.00984	0.01377	0.01818	0.05909	0.66775	0.10881	0.02127	0.00883	0.00277	0.00398	0.01917	0.00651	0.00571
48	0.00979	0.00716	0.00969	0.00975	0.01075	0.00769	0.00707	0.01158	0.01201	0.01664	0.07140	0.08296	0.07529	0.21949	0.40779	0.00831	0.01263	0.00982	0.00451	0.00570
49	0.01689	0.01619	0.02763	0.10806	0.64900	0.01648	0.02123	0.02108	0.01571	0.02233	0.01306	0.01740	0.01089	0.00629	0.00691	0.00210	0.00839	0.00622	0.00342	0.01074
50	0.02561	0.01445	0.08158	0.01323	0.01857	0.01195	0.01163	0.03215	0.15050	0.47414	0.06996	0.02517	0.02038	0.00897	0.00708	0.00221	0.00610	0.00737	0.00775	0.01123
51	0.02341	0.07037	0.18809	0.01641	0.02314	0.01981	0.01593	0.43378	0.02627	0.09084	0.01615	0.01648	0.01139	0.00783	0.00674	0.00209	0.00815	0.00591	0.00589	0.01131
52	0.01325	0.01147	0.05945	0.01159	0.01418	0.01026	0.00931	0.17035	0.01895	0.02550	0.11071	0.39721	0.08691	0.01648	0.00817	0.00251	0.00520	0.01445	0.00649	0.00756
53	0.07088	0.02201	0.08665	0.01744	0.02236	0.20103	0.12771	0.18718	0.02044	0.02666	0.01593	0.06663	0.01341	0.02474	0.00742	0.00220	0.00916	0.00691	0.06219	0.00906
54	0.02673	0.01748	0.02056	0.01782	0.08786	0.01851	0.01336	0.47171	0.02819	0.19750	0.01890	0.01842	0.01304	0.00823	0.00698	0.00211	0.00734	0.00645	0.00702	0.01179
55	0.01456	0.01504	0.06188	0.01336	0.01884	0.05898	0.07560	0.01797	0.01466	0.02130	0.01497	0.07003	0.01347	0.01112	0.07365	0.00238	0.00783	0.00609	0.00410	0.48417
56	0.07081	0.26756	0.21775	0.01895	0.08807	0.02055	0.08191	0.06542	0.06602	0.02286	0.01305	0.01493	0.01028	0.00661	0.00600	0.00197	0.00847	0.00526	0.00372	0.00981
57	0.01761	0.10850	0.37168	0.01943	0.02671	0.18238	0.08500	0.02297	0.01574	0.02000	0.01175	0.01430	0.00908	0.00700	0.00759	0.00211	0.06039	0.00522	0.00316	0.00939
58	0.07292	0.01475	0.06459	0.38065	0.13188	0.01504	0.01694	0.06423	0.01549	0.02250	0.01320	0.01754	0.01015	0.00680	0.00646	0.00209	0.00810	0.00579	0.04822	0.08267
59	0.07081	0.01848	0.08620	0.01489	0.02025	0.01794	0.01306	0.30534	0.14502	0.03294	0.01673	0.01740	0.01255	0.00804	0.00767	0.00206	0.06092	0.00594	0.00569	0.13806
60	0.07558	0.22490	0.09156	0.01615	0.05907	0.18256	0.01368	0.07440	0.05327	0.12515	0.01456	0.01526	0.01107	0.00712	0.00593	0.00190	0.00851	0.00508	0.00459	0.00967
61	0.12837	0.02108	0.08697	0.01543	0.02111	0.08564	0.01353	0.42499	0.02612	0.08701	0.01564	0.01596	0.01113	0.00786	0.00653	0.00209	0.00797	0.00573	0.00604	0.01079
62	0.07610	0.12247	0.09216	0.01665	0.02280	0.02115	0.07702	0.42353	0.02553	0.03517	0.01465	0.01562	0.01076	0.00751	0.00654	0.00205	0.00813	0.00583	0.00553	0.01079
63	0.01653	0.45113	0.20331	0.01449	0.02062	0.02277	0.01548	0.02018	0.01376	0.01786	0.01101	0.01366	0.00957	0.01015	0.05988	0.00254	0.08048	0.00459	0.00304	0.00897

[dist]
# distance from previous block
# <min> <max>
11	72

[block]
# block no. 3 follows, 30 sequences, length 17
# corresponding to MSA columns:
# 815-831
name=unknown_D
#
# <colnr> <probs for GDERKNQSTAVLIFYWHMCP>
#	G	D	E	R	K	N	Q	S	T	A	V	L	I	F	Y	W	H	M	C	P
0	0.01760	0.01199	0.01349	0.03478	0.01598	0.03840	0.00962	0.07947	0.17271	0.13642	0.11243	0.06891	0.06661	0.01128	0.00764	0.00226	0.02631	0.04981	0.11538	0.00890
1	0.04195	0.01549	0.04364	0.08683	0.02118	0.06197	0.03655	0.12852	0.07346	0.04647	0.06967	0.06930	0.04373	0.00919	0.00761	0.00202	0.04631	0.00744	0.00521	0.18346
2	0.02125	0.08379	0.10144	0.04274	0.02166	0.16203	0.03484	0.14806	0.03717	0.11906	0.04325	0.06559	0.01566	0.00873	0.00718	0.00206	0.02918	0.00679	0.00521	0.04431
3	0.01511	0.26535	0.26946	0.01567	0.05565	0.01812	0.01585	0.02045	0.05910	0.02006	0.06511	0.02118	0.01614	0.10360	0.00981	0.00256	0.00799	0.00611	0.00377	0.00889
4	0.01271	0.00998	0.01202	0.01323	0.04870	0.03630	0.00960	0.06447	0.06041	0.02112	0.03088	0.24725	0.03364	0.12785	0.01269	0.00339	0.00617	0.23675	0.00594	0.00689
5	0.01893	0.01703	0.05895	0.01798	0.02369	0.04125	0.20411	0.13539	0.07014	0.09718	0.01854	0.08029	0.01511	0.00816	0.00712	0.00205	0.00803	0.00765	0.00525	0.16318
6	0.10112	0.01673	0.01799	0.01413	0.01905	0.04332	0.04064	0.39435	0.02476	0.03545	0.01665	0.04474	0.01302	0.00815	0.00639	0.00196	0.00693	0.00634	0.08713	0.10115
7	0.02653	0.01955	0.02094	0.01606	0.02164	0.02164	0.01326	0.68796	0.03281	0.04398	0.01675	0.01675	0.01187	0.00838	0.00698	0.00209	0.00768	0.00628	0.00698	0.01187
8	0.01076	0.00746	0.00929	0.00982	0.01073	0.00754	0.00689	0.05521	0.01395	0.01913	0.02987	0.35275	0.03358	0.20179	0.08650	0.00453	0.00655	0.06914	0.05863	0.00590
9	0.02636	0.01229	0.01564	0.01248	0.01723	0.01163	0.01013	0.08072	0.11452	0.48535	0.11156	0.02708	0.02348	0.00943	0.00718	0.00219	0.00568	0.00778	0.00818	0.01110
10	0.01866	0.75896	0.03657	0.01194	0.01791	0.02761	0.01194	0.02090	0.01418	0.01642	0.00970	0.01119	0.00896	0.00597	0.00448	0.00149	0.00746	0.00373	0.00299	0.00896
11	0.02653	0.01955	0.02094	0.01606	0.02164	0.02164	0.01326	0.68796	0.03281	0.04398	0.01675	0.01675	0.01187	0.00838	0.00698	0.00209	0.00768	0.00628	0.00698	0.01187
12	0.80405	0.01350	0.01026	0.00918	0.01350	0.01565	0.00756	0.02051	0.01188	0.03131	0.00972	0.01134	0.00756	0.00648	0.00432	0.00216	0.00540	0.00378	0.00432	0.00756
13	0.01618	0.01679	0.02124	0.01829	0.01860	0.08123	0.01512	0.01773	0.01146	0.01682	0.00930	0.01504	0.00915	0.01179	0.02149	0.00295	0.68009	0.00597	0.00310	0.00767
14	0.01014	0.00681	0.00785	0.00785	0.00793	0.00689	0.00452	0.01030	0.01022	0.01370	0.02177	0.04447	0.02485	0.70891	0.08066	0.00706	0.00754	0.00997	0.00420	0.00436
15	0.01500	0.19172	0.57177	0.01818	0.02756	0.01866	0.02280	0.02184	0.01461	0.02088	0.01192	0.01397	0.00886	0.00649	0.00617	0.00206	0.00970	0.00485	0.00295	0.01002
16	0.01928	0.65663	0.07965	0.01250	0.01871	0.02559	0.01272	0.02194	0.01464	0.06836	0.01120	0.01235	0.00956	0.00621	0.00481	0.00159	0.00754	0.00407	0.00340	0.00926

[dist]
# distance from previous block
# <min> <max>
20	196

[block]
# block no. 4 follows, 30 sequences, length 62
# corresponding to MSA columns:
# 1061-1122
name=unknown_E
#
# <colnr> <probs for GDERKNQSTAVLIFYWHMCP>
#	G	D	E	R	K	N	Q	S	T	A	V	L	I	F	Y	W	H	M	C	P
0	0.01084	0.01093	0.08027	0.06236	0.08481	0.00897	0.01168	0.01375	0.01463	0.01967	0.04687	0.36311	0.06600	0.01694	0.00848	0.00271	0.00591	0.15947	0.00563	0.00698
1	0.01188	0.01094	0.01610	0.20209	0.02323	0.01264	0.04605	0.01483	0.01480	0.01965	0.12515	0.03892	0.21553	0.01267	0.01124	0.00252	0.17019	0.03965	0.00485	0.00706
2	0.01493	0.01460	0.01974	0.36505	0.13239	0.08358	0.01640	0.02012	0.08224	0.01955	0.01715	0.11336	0.01549	0.00933	0.00797	0.00234	0.04545	0.00797	0.00403	0.00831
3	0.01692	0.01569	0.02515	0.20978	0.09765	0.03188	0.19177	0.09105	0.13135	0.04097	0.01804	0.06649	0.01463	0.00817	0.00743	0.00231	0.00871	0.00789	0.00467	0.00945
4	0.01635	0.01886	0.06791	0.01857	0.02092	0.13341	0.11090	0.01889	0.01324	0.01764	0.01208	0.01886	0.01130	0.08389	0.05382	0.00346	0.36225	0.00655	0.00335	0.00774
5	0.01230	0.13793	0.20172	0.01289	0.01745	0.01275	0.03528	0.01612	0.01546	0.02110	0.18710	0.14994	0.07940	0.05958	0.00906	0.00250	0.00648	0.01023	0.00502	0.00770
6	0.12783	0.31297	0.11026	0.01264	0.01795	0.05417	0.01220	0.05521	0.01609	0.07350	0.08262	0.06437	0.01752	0.00834	0.00579	0.00193	0.00705	0.00624	0.00451	0.00881
7	0.01798	0.13512	0.35997	0.01828	0.02549	0.10208	0.06218	0.02320	0.01544	0.08404	0.01306	0.01511	0.00979	0.00729	0.00803	0.00215	0.08219	0.00533	0.00360	0.00967
8	0.01467	0.01127	0.03585	0.01136	0.01428	0.01085	0.00896	0.11574	0.13677	0.07402	0.10428	0.24771	0.13520	0.01452	0.00782	0.00241	0.00500	0.01252	0.02851	0.00824
9	0.01751	0.01689	0.03061	0.10551	0.03156	0.01735	0.37412	0.11720	0.08554	0.04013	0.01613	0.01974	0.01219	0.00970	0.05072	0.00285	0.03070	0.00756	0.00443	0.00955
10	0.01711	0.08013	0.32512	0.01881	0.02658	0.01695	0.13334	0.12853	0.01797	0.04436	0.01459	0.04176	0.01134	0.00718	0.00675	0.00207	0.00908	0.00623	0.00410	0.08800
11	0.00953	0.01090	0.11371	0.01091	0.01328	0.00748	0.00946	0.01210	0.01453	0.01937	0.07506	0.43704	0.16048	0.01828	0.00846	0.00265	0.00501	0.05924	0.00601	0.00650
12	0.01697	0.01630	0.02743	0.08369	0.55695	0.01666	0.06287	0.02280	0.08330	0.02308	0.01465	0.01832	0.01192	0.00657	0.00702	0.00214	0.00830	0.00651	0.00380	0.01074
13	0.01504	0.01769	0.10810	0.14349	0.15731	0.01556	0.26865	0.02047	0.03822	0.02098	0.01542	0.02274	0.01298	0.08077	0.01030	0.00274	0.00969	0.02718	0.00366	0.00900
14	0.02113	0.01856	0.02023	0.07480	0.19484	0.15767	0.01447	0.16436	0.04778	0.09941	0.02225	0.02319	0.09325	0.00865	0.00698	0.00209	0.00818	0.00703	0.00526	0.00987
15	0.01851	0.02018	0.01943	0.01707	0.01838	0.24586	0.01369	0.02029	0.01398	0.01778	0.01100	0.01545	0.00995	0.01021	0.01584	0.00251	0.43699	0.00563	0.07960	0.00767
16	0.02540	0.10202	0.02151	0.01720	0.02123	0.58949	0.01331	0.09245	0.02052	0.01967	0.01127	0.01286	0.00927	0.00719	0.00618	0.00180	0.01160	0.00460	0.00387	0.00855
17	0.02137	0.53047	0.03137	0.01308	0.01882	0.06006	0.01217	0.15248	0.01847	0.06670	0.01228	0.01316	0.01006	0.00667	0.00522	0.00167	0.00766	0.00448	0.00416	0.00967
18	0.01588	0.01545	0.02719	0.26526	0.43260	0.01634	0.08496	0.02035	0.01532	0.02116	0.01299	0.01785	0.01044	0.00643	0.00706	0.00218	0.00895	0.00641	0.00335	0.00983
19	0.00945	0.00710	0.00867	0.00829	0.01006	0.00641	0.00616	0.01223	0.01841	0.02507	0.51511	0.05590	0.23521	0.04025	0.00916	0.00239	0.00347	0.01310	0.00725	0.00632
20	0.01562	0.10728	0.58366	0.01892	0.02815	0.08598	0.02323	0.02254	0.01517	0.02105	0.01208	0.01418	0.00887	0.00662	0.00638	0.00210	0.01025	0.00495	0.00301	0.00996
21	0.02396	0.08892	0.07959	0.01398	0.01917	0.06246	0.01230	0.20563	0.02177	0.26724	0.04458	0.09189	0.01822	0.00954	0.00691	0.00213	0.00710	0.00763	0.00657	0.01041
22	0.00850	0.00607	0.00810	0.00972	0.01012	0.00567	0.00648	0.00972	0.01336	0.01781	0.03846	0.75020	0.04615	0.02186	0.00891	0.00283	0.00405	0.01984	0.00648	0.00567
23	0.00958	0.00711	0.00904	0.01000	0.01095	0.00695	0.00694	0.01292	0.08061	0.02057	0.14654	0.56646	0.04696	0.01943	0.00862	0.00268	0.00407	0.01751	0.00673	0.00634
24	0.01948	0.02165	0.03180	0.02406	0.02942	0.17605	0.38642	0.08774	0.03710	0.02291	0.01354	0.01708	0.01051	0.00714	0.00910	0.00227	0.08357	0.00699	0.00393	0.00922
25	0.01561	0.01577	0.02945	0.28222	0.28440	0.01651	0.21249	0.02043	0.01538	0.02093	0.01316	0.01819	0.01031	0.00639	0.00732	0.00224	0.00965	0.00679	0.00335	0.00942
26	0.00860	0.00632	0.00806	0.00923	0.01005	0.00579	0.00631	0.01009	0.01436	0.01895	0.10789	0.58144	0.14628	0.02051	0.00874	0.00270	0.00390	0.01838	0.00659	0.00579
27	0.02740	0.01540	0.01889	0.01463	0.02000	0.01565	0.03674	0.28297	0.09919	0.35881	0.02302	0.02115	0.01541	0.00853	0.00706	0.00216	0.00677	0.00688	0.00765	0.01169
28	0.01481	0.16244	0.59940	0.01850	0.02805	0.01820	0.02336	0.02189	0.01464	0.02111	0.01203	0.01411	0.00886	0.00651	0.00625	0.00208	0.00981	0.00491	0.00295	0.01008
29	0.01467	0.00851	0.01043	0.00966	0.01208	0.00803	0.00748	0.05957	0.01824	0.13795	0.23307	0.13883	0.11581	0.01371	0.00759	0.00226	0.00433	0.05431	0.13592	0.00756
30	0.02495	0.03215	0.08741	0.01797	0.02241	0.58682	0.01465	0.09403	0.02061	0.02028	0.01156	0.01321	0.00927	0.00726	0.00639	0.00187	0.01187	0.00474	0.00388	0.00869
31	0.01861	0.17377	0.02068	0.01443	0.03981	0.01908	0.01149	0.06862	0.43991	0.06220	0.02440	0.02309	0.03663	0.00874	0.00656	0.00214	0.00611	0.00700	0.00616	0.01055
32	0.01376	0.01329	0.02336	0.62495	0.08947	0.01578	0.08390	0.01850	0.01432	0.01859	0.01262	0.01854	0.00954	0.00682	0.00709	0.00231	0.00948	0.00640	0.00316	0.00812
33	0.01009	0.00744	0.01103	0.01103	0.01229	0.00864	0.00857	0.01261	0.01135	0.01658	0.01885	0.02736	0.01746	0.05063	0.69922	0.01084	0.01810	0.00744	0.03423	0.00624
34	0.01553	0.00924	0.01086	0.00980	0.01200	0.00976	0.00752	0.12950	0.01655	0.06792	0.02020	0.02548	0.01672	0.06808	0.16354	0.07312	0.00794	0.00691	0.32212	0.00724
35	0.01618	0.22684	0.48272	0.01766	0.02648	0.01898	0.03963	0.02239	0.01490	0.05567	0.01257	0.01436	0.00935	0.00653	0.00612	0.00202	0.00937	0.00496	0.00326	0.01001
36	0.01079	0.00723	0.00935	0.01014	0.01147	0.00681	0.00744	0.01327	0.03925	0.06552	0.10086	0.45557	0.10804	0.01911	0.00869	0.00272	0.00443	0.10608	0.00674	0.00647
37	0.01151	0.00979	0.01489	0.25846	0.09249	0.01051	0.01247	0.01502	0.01630	0.02192	0.25124	0.10077	0.10043	0.01225	0.00781	0.00235	0.00606	0.04302	0.00543	0.00727
38	0.01447	0.01240	0.01447	0.01034	0.01654	0.00930	0.00827	0.01757	0.01447	0.02274	0.01240	0.01447	0.01034	0.00517	0.00517	0.00103	0.00517	0.00413	0.00413	0.79742
39	0.01960	0.20892	0.06925	0.06716	0.09123	0.10080	0.12404	0.12468	0.01845	0.05157	0.01449	0.05260	0.01211	0.00751	0.00654	0.00201	0.00892	0.00638	0.00422	0.00954
40	0.00993	0.00744	0.01074	0.01116	0.01223	0.00825	0.00859	0.01221	0.01256	0.01758	0.05430	0.19722	0.02818	0.03909	0.43628	0.00784	0.03527	0.08016	0.00479	0.00618
41	0.01574	0.24063	0.50078	0.01757	0.02642	0.04459	0.02143	0.02196	0.01475	0.02031	0.01166	0.01366	0.00888	0.00646	0.00601	0.00199	0.00959	0.00473	0.00298	0.00985
42	0.09635	0.05355	0.05297	0.02256	0.13439	0.01590	0.21514	0.02299	0.03469	0.14097	0.01862	0.04301	0.04132	0.00809	0.00834	0.00228	0.06722	0.00737	0.00469	0.00957
43	0.02553	0.01225	0.06052	0.01217	0.01688	0.00971	0.01039	0.02837	0.01828	0.52180	0.02809	0.14167	0.02146	0.01064	0.00719	0.00225	0.00578	0.00896	0.04758	0.01049
44	0.01620	0.01921	0.15416	0.05099	0.38448	0.01565	0.06270	0.06417	0.01669	0.02352	0.01654	0.05023	0.01474	0.00828	0.00729	0.00226	0.00854	0.07024	0.00399	0.01012
45	0.01813	0.02264	0.24457	0.02263	0.16298	0.01692	0.05285	0.14303	0.13689	0.05519	0.04279	0.01952	0.01453	0.00767	0.00699	0.00219	0.00825	0.00655	0.00492	0.01074
46	0.01463	0.01279	0.02209	0.48350	0.10463	0.01452	0.08362	0.01890	0.01473	0.06461	0.01615	0.08952	0.01368	0.00834	0.00728	0.00234	0.00872	0.00778	0.00387	0.00830
47	0.01274	0.01011	0.01208	0.06031	0.08163	0.03647	0.00910	0.01611	0.05911	0.07842	0.07168	0.15229	0.34383	0.01468	0.00788	0.00235	0.00512	0.01256	0.00612	0.00742
48	0.01433	0.01961	0.20329	0.34179	0.14513	0.01666	0.02080	0.01937	0.01402	0.01959	0.01210	0.01693	0.00944	0.00749	0.00906	0.00236	0.11008	0.00592	0.00311	0.00893
49	0.01453	0.05153	0.59535	0.01957	0.02900	0.01635	0.06733	0.04894	0.01563	0.02272	0.01539	0.01739	0.04105	0.00714	0.00677	0.00220	0.00992	0.00581	0.00331	0.01008
50	0.01000	0.00645	0.00863	0.00989	0.01063	0.00597	0.00673	0.01131	0.01379	0.06367	0.03774	0.70249	0.04426	0.02099	0.00878	0.00279	0.00417	0.01900	0.00662	0.00608
51	0.01472	0.03375	0.62470	0.02068	0.03049	0.01656	0.09056	0.04783	0.01560	0.02297	0.01284	0.01522	0.00913	0.00662	0.00680	0.00222	0.01035	0.00550	0.00316	0.01028
52	0.01830	0.01672	0.05327	0.04536	0.38469	0.01591	0.13843	0.04383	0.04101	0.09690	0.03129	0.02030	0.02910	0.00720	0.00760	0.00219	0.02601	0.00702	0.00438	0.01049
53	0.01623	0.02751	0.37723	0.02334	0.03188	0.01732	0.28997	0.08803	0.01722	0.02436	0.01358	0.01658	0.00984	0.00650	0.00731	0.00226	0.01064	0.00651	0.00358	0.01010
54	0.01266	0.01189	0.01324	0.01623	0.12611	0.11365	0.00995	0.01464	0.01536	0.01955	0.09789	0.45164	0.03695	0.01639	0.00813	0.00249	0.00592	0.01463	0.00568	0.00699
55	0.01419	0.10566	0.60459	0.01837	0.02769	0.01670	0.02315	0.02139	0.01501	0.02192	0.05789	0.01684	0.01259	0.00707	0.00652	0.00214	0.00957	0.00551	0.00326	0.00993
56	0.01793	0.14443	0.30748	0.01694	0.04633	0.03408	0.01764	0.04930	0.09014	0.11084	0.01818	0.02282	0.01450	0.00837	0.00668	0.00218	0.00829	0.06920	0.00465	0.01002
57	0.01291	0.00767	0.00979	0.00988	0.01170	0.00703	0.00715	0.01538	0.04118	0.14074	0.11527	0.42524	0.13344	0.01768	0.00835	0.00256	0.00428	0.01566	0.00701	0.00708
58	0.01665	0.01763	0.09479	0.10005	0.25727	0.01613	0.14976	0.09673	0.01765	0.02491	0.05858	0.02009	0.01452	0.00733	0.00761	0.00218	0.03076	0.00694	0.05065	0.00976
59	0.02080	0.01482	0.02191	0.10502	0.20904	0.03104	0.06923	0.08253	0.08518	0.20461	0.02037	0.07038	0.01588	0.00851	0.00720	0.00222	0.00756	0.00765	0.00564	0.01039
60	0.01767	0.02102	0.13867	0.03097	0.31133	0.05284	0.18287	0.08622	0.01769	0.02426	0.01440	0.01926	0.01165	0.00695	0.00727	0.00219	0.00955	0.03105	0.00385	0.01029
61	0.00965	0.00761	0.00884	0.01002	0.01060	0.04242	0.00675	0.01085	0.01323	0.01725	0.03417	0.59692	0.04038	0.09553	0.05746	0.00371	0.00569	0.01731	0.00593	0.00568

[dist]
# distance from previous block
# <min> <max>
0	28

[block]
# block no. 5 follows, 30 sequences, length 26
# corresponding to MSA columns:
# 1151-1176
name=unknown_F
#
# <colnr> <probs for GDERKNQSTAVLIFYWHMCP>
#	G	D	E	R	K	N	Q	S	T	A	V	L	I	F	Y	W	H	M	C	P
0	0.01921	0.05745	0.24125	0.01975	0.09236	0.05523	0.09320	0.03650	0.05047	0.17312	0.03414	0.02183	0.05802	0.00797	0.00697	0.00216	0.00846	0.00683	0.00494	0.01014
1	0.01402	0.15884	0.46043	0.01686	0.02504	0.01668	0.04616	0.02002	0.01489	0.02060	0.02114	0.02243	0.11781	0.00820	0.00656	0.00211	0.00881	0.00652	0.00353	0.00935
2	0.01748	0.13731	0.13883	0.02246	0.02869	0.07074	0.31997	0.05447	0.01621	0.02142	0.01249	0.01604	0.00985	0.00697	0.00893	0.00223	0.09671	0.00645	0.00347	0.00929
3	0.01436	0.09196	0.66589	0.01928	0.02925	0.01709	0.02471	0.02201	0.01469	0.02166	0.01230	0.01446	0.00885	0.00658	0.00646	0.00215	0.01009	0.00505	0.00295	0.01021
4	0.07592	0.13343	0.37432	0.01641	0.02359	0.01666	0.04456	0.06990	0.01564	0.02297	0.01631	0.12874	0.01486	0.00899	0.00658	0.00220	0.00840	0.00733	0.00393	0.00926
5	0.01571	0.01457	0.02396	0.40662	0.31815	0.01634	0.01982	0.06243	0.01596	0.02155	0.01298	0.01794	0.01019	0.00676	0.00695	0.00221	0.00878	0.00621	0.00350	0.00937
6	0.01808	0.01718	0.02100	0.01749	0.02021	0.14339	0.11794	0.06498	0.01640	0.07644	0.05663	0.13262	0.01918	0.01139	0.01225	0.00250	0.23060	0.00875	0.00474	0.00825
7	0.02028	0.01793	0.02364	0.13933	0.37390	0.13253	0.01784	0.02422	0.03129	0.12914	0.01519	0.01790	0.01163	0.00694	0.00684	0.00209	0.00873	0.00609	0.00431	0.01019
8	0.01927	0.01947	0.08320	0.03017	0.33251	0.05760	0.12469	0.12447	0.04933	0.05341	0.01509	0.01778	0.01164	0.00686	0.00705	0.00212	0.00885	0.00648	0.01937	0.01063
9	0.04672	0.00995	0.01264	0.01268	0.01537	0.01015	0.01070	0.02141	0.12917	0.13119	0.06296	0.05762	0.03335	0.01527	0.00854	0.00282	0.00602	0.39848	0.00685	0.00809
10	0.01132	0.12444	0.01516	0.01133	0.01331	0.01166	0.00922	0.01377	0.01168	0.01623	0.01729	0.02489	0.01612	0.04512	0.61463	0.00970	0.01694	0.00689	0.00362	0.00665
11	0.00945	0.00631	0.00843	0.00983	0.01044	0.00586	0.00663	0.01072	0.01363	0.04669	0.03801	0.72016	0.04496	0.02132	0.00883	0.00281	0.00413	0.01931	0.00657	0.00592
12	0.01569	0.02179	0.20872	0.04329	0.20541	0.01779	0.17824	0.02070	0.01452	0.02106	0.01230	0.01656	0.00991	0.00760	0.01073	0.00240	0.17401	0.00639	0.00324	0.00964
13	0.01049	0.00757	0.01033	0.01184	0.01325	0.00741	0.00989	0.01320	0.01550	0.02012	0.03943	0.21541	0.08440	0.01970	0.00940	0.00308	0.00575	0.49055	0.00644	0.00624
14	0.00972	0.00735	0.01027	0.01027	0.01158	0.00812	0.00781	0.01189	0.01186	0.01639	0.02706	0.03513	0.12566	0.10598	0.55708	0.00946	0.01533	0.00883	0.00421	0.00601
15	0.02251	0.01884	0.02193	0.15957	0.07167	0.18318	0.09330	0.06479	0.07253	0.19556	0.01757	0.01889	0.01258	0.00754	0.00698	0.00214	0.00907	0.00638	0.00521	0.00977
16	0.01576	0.01536	0.02755	0.03520	0.47734	0.01508	0.14195	0.01977	0.01560	0.02194	0.01725	0.13164	0.01643	0.00859	0.00746	0.00224	0.00827	0.00871	0.00394	0.00991
17	0.55410	0.01720	0.08835	0.01179	0.01702	0.01699	0.01072	0.16265	0.01663	0.03302	0.01151	0.01285	0.00861	0.00690	0.00513	0.00215	0.00641	0.00446	0.00474	0.00877
18	0.01556	0.01677	0.03331	0.02563	0.06028	0.01713	0.45221	0.02024	0.01567	0.02189	0.08779	0.02165	0.01628	0.00804	0.01104	0.00246	0.15314	0.00820	0.00388	0.00883
19	0.01472	0.14861	0.61244	0.01865	0.02829	0.01798	0.02363	0.02191	0.01465	0.02122	0.01208	0.01418	0.00886	0.00653	0.00629	0.00210	0.00987	0.00493	0.00295	0.01010
20	0.02691	0.01392	0.02016	0.01872	0.12735	0.01314	0.05785	0.08852	0.05894	0.46353	0.02349	0.02193	0.01561	0.00810	0.00708	0.00216	0.00683	0.00696	0.00725	0.01153
21	0.02337	0.01568	0.12469	0.01325	0.01830	0.05112	0.01205	0.02667	0.01810	0.41454	0.06969	0.13660	0.02310	0.01066	0.00729	0.00225	0.00654	0.00894	0.00706	0.01011
22	0.06892	0.01444	0.02087	0.26164	0.27529	0.04300	0.01672	0.06207	0.01606	0.02269	0.01706	0.04570	0.04603	0.00788	0.00676	0.00217	0.00789	0.00689	0.04896	0.00897
23	0.01036	0.00803	0.01007	0.00929	0.01108	0.00745	0.03229	0.01289	0.04188	0.02028	0.20698	0.11462	0.17545	0.23730	0.01626	0.00360	0.00500	0.01206	0.00586	0.05925
24	0.01686	0.05138	0.47016	0.01838	0.02682	0.01650	0.05365	0.11452	0.03362	0.06651	0.05401	0.01803	0.01338	0.00743	0.00682	0.00218	0.00916	0.00602	0.00424	0.01034
25	0.01745	0.05892	0.02274	0.16058	0.02700	0.12569	0.14788	0.04657	0.06484	0.06619	0.07584	0.07804	0.01962	0.00936	0.00766	0.00226	0.02331	0.03270	0.00480	0.00855

[dist]
# distance from previous block
# <min> <max>
3	46

[block]
# block no. 6 follows, 30 sequences, length 16
# corresponding to MSA columns:
# 1223-1238
name=unknown_G
#
# <colnr> <probs for GDERKNQSTAVLIFYWHMCP>
#	G	D	E	R	K	N	Q	S	T	A	V	L	I	F	Y	W	H	M	C	P
0	0.02261	0.06843	0.02185	0.01768	0.08520	0.06108	0.02841	0.39717	0.04091	0.03409	0.01505	0.01605	0.01135	0.00736	0.00649	0.00187	0.00763	0.00571	0.00562	0.14543
1	0.01749	0.01280	0.01921	0.17476	0.21442	0.01309	0.01464	0.07602	0.01695	0.13388	0.02061	0.16500	0.01872	0.01001	0.00723	0.00223	0.00702	0.00893	0.00516	0.06182
2	0.01090	0.07296	0.07777	0.01021	0.01307	0.00926	0.00901	0.01436	0.01805	0.02488	0.46307	0.06474	0.11479	0.01369	0.00788	0.00224	0.00455	0.05492	0.00662	0.00703
3	0.02186	0.01830	0.01830	0.01464	0.01977	0.08402	0.01175	0.33548	0.18821	0.03366	0.01813	0.01814	0.01356	0.00789	0.00658	0.00192	0.00712	0.00607	0.00612	0.16847
4	0.01276	0.00942	0.01114	0.01018	0.01249	0.00935	0.00774	0.14715	0.02074	0.02821	0.36933	0.17078	0.13363	0.01487	0.00810	0.00231	0.00433	0.01290	0.00717	0.00739
5	0.02063	0.01780	0.06838	0.01334	0.01931	0.09185	0.01143	0.15560	0.01956	0.12922	0.01535	0.01612	0.01141	0.00666	0.00604	0.00158	0.00698	0.00511	0.00523	0.37841
6	0.01576	0.03224	0.59516	0.02141	0.09279	0.01574	0.02407	0.02303	0.01528	0.08040	0.01384	0.01573	0.00975	0.00676	0.00669	0.00219	0.00976	0.00541	0.00347	0.01051
7	0.01306	0.00723	0.00972	0.01026	0.01166	0.00659	0.00723	0.01458	0.01468	0.15751	0.03627	0.60487	0.04038	0.01922	0.00853	0.00270	0.00443	0.01727	0.00691	0.00691
8	0.00967	0.00642	0.00787	0.00892	0.00978	0.00608	0.00622	0.01139	0.01379	0.01946	0.03683	0.45670	0.09429	0.06738	0.00987	0.00284	0.00418	0.05871	0.16378	0.00581
9	0.01688	0.01607	0.08098	0.02419	0.19095	0.01496	0.17367	0.02106	0.01525	0.08262	0.01589	0.01944	0.01239	0.00767	0.00921	0.00222	0.11870	0.00672	0.16188	0.00925
10	0.01617	0.02114	0.13722	0.02895	0.08092	0.01737	0.54680	0.02225	0.01618	0.02235	0.01382	0.01813	0.01037	0.00601	0.00792	0.00231	0.01132	0.00766	0.00344	0.00965
11	0.00845	0.00627	0.00789	0.00919	0.00998	0.00571	0.00624	0.00978	0.01387	0.01802	0.04491	0.61355	0.17864	0.02102	0.00877	0.00274	0.00395	0.01882	0.00648	0.00571
12	0.01754	0.16932	0.15409	0.02175	0.07261	0.01962	0.23296	0.08273	0.11568	0.02404	0.01518	0.01733	0.01164	0.00679	0.00684	0.00212	0.00915	0.00643	0.00413	0.01004
13	0.17021	0.00976	0.01025	0.00925	0.01204	0.00990	0.00721	0.08858	0.01869	0.02821	0.33709	0.04369	0.20395	0.01288	0.00731	0.00222	0.00426	0.01066	0.00664	0.00720
14	0.01586	0.01342	0.01449	0.01312	0.01660	0.01520	0.01015	0.03230	0.56280	0.02895	0.16427	0.03126	0.03021	0.01043	0.00733	0.00233	0.00508	0.00884	0.00722	0.01015
15	0.01623	0.02039	0.12804	0.05311	0.20061	0.01713	0.41506	0.02195	0.01602	0.02229	0.01361	0.01789	0.01043	0.00610	0.00766	0.00226	0.01065	0.00727	0.00342	0.00988

[dist]
# distance from previous block
# <min> <max>
6	86

[block]
# block no. 7 follows, 30 sequences, length 12
# corresponding to MSA columns:
# 1337-1348
name=unknown_H
#
# <colnr> <probs for GDERKNQSTAVLIFYWHMCP>
#	G	D	E	R	K	N	Q	S	T	A	V	L	I	F	Y	W	H	M	C	P
0	0.01727	0.01780	0.07242	0.06739	0.61347	0.01672	0.02129	0.04819	0.01642	0.02341	0.01321	0.01714	0.01087	0.00636	0.00690	0.00209	0.00844	0.00615	0.00355	0.01091
1	0.02472	0.01269	0.01557	0.01282	0.01743	0.01260	0.01029	0.03370	0.26839	0.41721	0.07470	0.02654	0.02209	0.00933	0.00713	0.00224	0.00560	0.00772	0.00801	0.01121
2	0.01070	0.00780	0.01052	0.01191	0.01355	0.00762	0.01019	0.01361	0.01590	0.02045	0.04159	0.11194	0.13086	0.01919	0.00941	0.00308	0.00591	0.54301	0.00644	0.00631
3	0.00997	0.00748	0.01121	0.01121	0.01246	0.00872	0.00872	0.01246	0.01121	0.01620	0.01869	0.02741	0.01745	0.05234	0.72710	0.01121	0.01869	0.00748	0.00374	0.00623
4	0.01425	0.01349	0.02286	0.55659	0.22111	0.01578	0.01991	0.01877	0.01446	0.01913	0.01259	0.01826	0.00976	0.00678	0.00696	0.00226	0.00904	0.00621	0.00319	0.00861
5	0.01368	0.01338	0.02401	0.63005	0.04630	0.01583	0.12091	0.01852	0.01434	0.01852	0.01266	0.01864	0.00950	0.00681	0.00717	0.00233	0.00968	0.00651	0.00317	0.00800
6	0.00850	0.00640	0.00787	0.00894	0.00994	0.00577	0.00616	0.00997	0.01437	0.01859	0.07970	0.52712	0.23071	0.02033	0.00869	0.00267	0.00387	0.01807	0.00654	0.00577
7	0.00997	0.00695	0.00880	0.00916	0.01061	0.00633	0.00668	0.01216	0.01645	0.04927	0.27534	0.31811	0.17638	0.01780	0.00851	0.00252	0.00388	0.04780	0.00698	0.00631
8	0.01524	0.20298	0.51524	0.01867	0.02776	0.01895	0.06625	0.02184	0.01472	0.02080	0.01197	0.01418	0.00898	0.00643	0.00624	0.00205	0.00975	0.00503	0.00299	0.00994
9	0.02892	0.01446	0.01764	0.01366	0.01902	0.01425	0.01124	0.23729	0.06789	0.46288	0.02424	0.02173	0.01586	0.00861	0.00701	0.00215	0.00645	0.00685	0.00802	0.01182
10	0.01577	0.01644	0.02941	0.26763	0.17366	0.04203	0.24971	0.02038	0.01514	0.02028	0.01281	0.01792	0.01008	0.00689	0.00871	0.00233	0.07166	0.00684	0.00333	0.00899
11	0.02101	0.02204	0.08376	0.02826	0.29652	0.13889	0.06546	0.20829	0.02121	0.02763	0.01376	0.01623	0.01071	0.00700	0.00689	0.00206	0.00927	0.00600	0.00442	0.01060

[dist]
# distance from previous block
# <min> <max>
0	6

[block]
# block no. 8 follows, 30 sequences, length 54
# corresponding to MSA columns:
# 1355-1379,1385-1413
name=unknown_I
#
# <colnr> <probs for GDERKNQSTAVLIFYWHMCP>
#	G	D	E	R	K	N	Q	S	T	A	V	L	I	F	Y	W	H	M	C	P
0	0.01636	0.06317	0.02895	0.22808	0.24054	0.01663	0.19357	0.02087	0.01546	0.04617	0.01345	0.01774	0.01050	0.00635	0.00703	0.00212	0.00917	0.00650	0.00357	0.05377
1	0.20349	0.01804	0.03868	0.01352	0.01844	0.09399	0.01111	0.18607	0.18386	0.03079	0.01651	0.01688	0.01251	0.00755	0.00604	0.00199	0.00689	0.00555	0.00548	0.12259
2	0.05456	0.01974	0.13784	0.06284	0.17959	0.07339	0.01695	0.02364	0.10507	0.07418	0.01660	0.01893	0.03112	0.00847	0.00974	0.00233	0.14484	0.00628	0.00428	0.00962
3	0.01107	0.01001	0.01325	0.01181	0.01395	0.04235	0.07777	0.01365	0.01654	0.02176	0.25908	0.17004	0.22262	0.01515	0.00942	0.00242	0.06316	0.01310	0.00616	0.00668
4	0.01830	0.66910	0.07504	0.01255	0.01864	0.02629	0.01269	0.02200	0.05807	0.01757	0.01106	0.01235	0.00974	0.00623	0.00477	0.00159	0.00750	0.00408	0.00325	0.00917
5	0.01649	0.06019	0.01607	0.01065	0.01676	0.01057	0.00871	0.01949	0.01502	0.09433	0.01380	0.01522	0.01097	0.00558	0.00532	0.00118	0.00539	0.00441	0.00453	0.66532
