[name]
unknown

[dist]
# distance from previous block
# <min> <max>
0	97

[block]
# block no. 0 follows, 32 sequences, length 22
# corresponding to MSA columns:
# 116-132,134-138
name=unknown_A
#
# <colnr> <probs for GDERKNQSTAVLIFYWHMCP>
#	G	D	E	R	K	N	Q	S	T	A	V	L	I	F	Y	W	H	M	C	P
0	0.01151	0.00898	0.01216	0.01312	0.01492	0.03460	0.03589	0.01465	0.01559	0.02000	0.03381	0.07128	0.03649	0.01764	0.00910	0.00301	0.00658	0.62834	0.00598	0.00634
1	0.01391	0.01193	0.01391	0.00994	0.01590	0.00894	0.00795	0.01690	0.01391	0.02186	0.01193	0.01391	0.00994	0.00497	0.00497	0.00099	0.00497	0.00398	0.00398	0.80521
2	0.01329	0.01294	0.02303	0.61788	0.07921	0.01523	0.10760	0.01789	0.01383	0.01796	0.01218	0.01785	0.00919	0.00653	0.00686	0.00223	0.00920	0.00622	0.00305	0.00782
3	0.01357	0.03391	0.69615	0.01957	0.02933	0.01565	0.05727	0.02126	0.01425	0.02126	0.01212	0.01436	0.00858	0.00634	0.00645	0.00213	0.00998	0.00510	0.00286	0.00987
4	0.00796	0.00668	0.00692	0.00712	0.00915	0.00564	0.00524	0.00959	0.01498	0.01800	0.06403	0.15301	0.63372	0.01751	0.00801	0.00232	0.00346	0.01479	0.00623	0.00564
5	0.01649	0.01565	0.02517	0.03590	0.58017	0.01636	0.01886	0.02229	0.10739	0.02234	0.01431	0.01760	0.01181	0.00679	0.00772	0.00210	0.05869	0.00619	0.00376	0.01040
6	0.01384	0.09749	0.67000	0.01847	0.02803	0.01652	0.02365	0.02115	0.01412	0.02078	0.01181	0.01388	0.00851	0.00632	0.00620	0.00207	0.00968	0.00484	0.00284	0.00980
7	0.00841	0.00682	0.00746	0.00730	0.00936	0.00587	0.00548	0.01056	0.01643	0.02082	0.26739	0.06015	0.51852	0.01599	0.00793	0.00222	0.00333	0.01354	0.00658	0.00587
8	0.01661	0.01594	0.02724	0.04119	0.72233	0.01594	0.02059	0.02059	0.01528	0.02192	0.01262	0.01661	0.01063	0.00598	0.00664	0.00199	0.00797	0.00598	0.00332	0.01063
9	0.01753	0.67378	0.07612	0.01308	0.01914	0.02525	0.05939	0.02026	0.01382	0.01650	0.00978	0.01147	0.00871	0.00577	0.00467	0.00153	0.00762	0.00397	0.00290	0.00872
10	0.00976	0.00651	0.00732	0.00732	0.00732	0.00651	0.00407	0.00976	0.00976	0.01301	0.02114	0.04391	0.02439	0.76419	0.03415	0.00651	0.00651	0.00976	0.00407	0.00407
11	0.00818	0.00584	0.00779	0.00934	0.00973	0.00545	0.00623	0.00934	0.01285	0.01713	0.03698	0.75981	0.04438	0.02102	0.00856	0.00273	0.00389	0.01908	0.00623	0.00545
12	0.01111	0.01055	0.00963	0.01040	0.01158	0.13397	0.00726	0.01244	0.01425	0.01714	0.03636	0.53757	0.12644	0.01802	0.00804	0.00249	0.00527	0.01584	0.00574	0.00589
13	0.01705	0.01657	0.02528	0.03647	0.59692	0.05279	0.01894	0.02282	0.10387	0.02242	0.01438	0.01745	0.01178	0.00642	0.00664	0.00202	0.00784	0.00610	0.00377	0.01048
14	0.03010	0.01142	0.01557	0.01194	0.01713	0.00986	0.00986	0.03270	0.01920	0.72698	0.02647	0.02284	0.01661	0.00830	0.00675	0.00208	0.00571	0.00675	0.00830	0.01142
15	0.01267	0.01193	0.02013	0.74806	0.04621	0.01491	0.01863	0.01714	0.01342	0.01714	0.01193	0.01789	0.00894	0.00671	0.00671	0.00224	0.00894	0.00596	0.00298	0.00745
16	0.01267	0.01193	0.02013	0.74806	0.04621	0.01491	0.01863	0.01714	0.01342	0.01714	0.01193	0.01789	0.00894	0.00671	0.00671	0.00224	0.00894	0.00596	0.00298	0.00745
17	0.01813	0.01577	0.02548	0.03636	0.59877	0.01589	0.01893	0.06818	0.04421	0.07147	0.01438	0.01733	0.01148	0.00640	0.00666	0.00201	0.00767	0.00610	0.00403	0.01074
18	0.01794	0.76823	0.03516	0.01148	0.01722	0.02655	0.01148	0.02009	0.01363	0.01579	0.00933	0.01076	0.00861	0.00574	0.00431	0.00144	0.00718	0.00359	0.00287	0.00861
19	0.03010	0.01142	0.01557	0.01194	0.01713	0.00986	0.00986	0.03270	0.01920	0.72698	0.02647	0.02284	0.01661	0.00830	0.00675	0.00208	0.00571	0.00675	0.00830	0.01142
20	0.01540	0.01471	0.02506	0.25778	0.51517	0.01563	0.01999	0.01954	0.01471	0.02046	0.01241	0.01700	0.01011	0.00620	0.00666	0.00207	0.00827	0.00597	0.00322	0.00966
21	0.02692	0.01653	0.01874	0.01437	0.01968	0.01745	0.01187	0.49551	0.02777	0.25208	0.01928	0.01817	0.01300	0.00813	0.00672	0.00203	0.00687	0.00626	0.00720	0.01141

[dist]
# distance from previous block
# <min> <max>
1	8

[block]
# block no. 1 follows, 32 sequences, length 10
# corresponding to MSA columns:
# 147-156
name=unknown_B
#
# <colnr> <probs for GDERKNQSTAVLIFYWHMCP>
#	G	D	E	R	K	N	Q	S	T	A	V	L	I	F	Y	W	H	M	C	P
0	0.01661	0.01594	0.02724	0.04119	0.72233	0.01594	0.02059	0.02059	0.01528	0.02192	0.01262	0.01661	0.01063	0.00598	0.00664	0.00199	0.00797	0.00598	0.00332	0.01063
1	0.00793	0.00680	0.00680	0.00680	0.00906	0.00566	0.00510	0.00963	0.01529	0.01813	0.06797	0.06457	0.71961	0.01699	0.00793	0.00227	0.00340	0.01416	0.00623	0.00566
2	0.01661	0.01594	0.02724	0.04119	0.72233	0.01594	0.02059	0.02059	0.01528	0.02192	0.01262	0.01661	0.01063	0.00598	0.00664	0.00199	0.00797	0.00598	0.00332	0.01063
3	0.01661	0.01594	0.02724	0.04119	0.72233	0.01594	0.02059	0.02059	0.01528	0.02192	0.01262	0.01661	0.01063	0.00598	0.00664	0.00199	0.00797	0.00598	0.00332	0.01063
4	0.02506	0.03198	0.01901	0.01729	0.02074	0.73725	0.01296	0.02679	0.01901	0.01642	0.01037	0.01210	0.00864	0.00691	0.00605	0.00173	0.01210	0.00432	0.00346	0.00778
5	0.02108	0.01587	0.11955	0.01274	0.01883	0.01180	0.01171	0.09272	0.04986	0.28298	0.01841	0.01796	0.01281	0.00690	0.00609	0.00172	0.00622	0.00551	0.00580	0.28143
6	0.01724	0.22347	0.32195	0.01592	0.02288	0.09883	0.01723	0.07371	0.10723	0.02173	0.01345	0.01461	0.01033	0.00675	0.00588	0.00191	0.00864	0.00495	0.00372	0.00954
7	0.02506	0.03198	0.01901	0.01729	0.02074	0.73725	0.01296	0.02679	0.01901	0.01642	0.01037	0.01210	0.00864	0.00691	0.00605	0.00173	0.01210	0.00432	0.00346	0.00778
8	0.01307	0.01061	0.01205	0.01103	0.01371	0.01148	0.00846	0.02409	0.36246	0.02748	0.37519	0.03766	0.04203	0.01142	0.00737	0.00219	0.00423	0.00987	0.00711	0.00846
9	0.01661	0.01594	0.02724	0.04119	0.72233	0.01594	0.02059	0.02059	0.01528	0.02192	0.01262	0.01661	0.01063	0.00598	0.00664	0.00199	0.00797	0.00598	0.00332	0.01063

[dist]
# distance from previous block
# <min> <max>
1	14

[block]
# block no. 2 follows, 32 sequences, length 34
# corresponding to MSA columns:
# 171-204
name=unknown_C
#
# <colnr> <probs for GDERKNQSTAVLIFYWHMCP>
#	G	D	E	R	K	N	Q	S	T	A	V	L	I	F	Y	W	H	M	C	P
0	0.01661	0.01594	0.02724	0.04119	0.72233	0.01594	0.02059	0.02059	0.01528	0.02192	0.01262	0.01661	0.01063	0.00598	0.00664	0.00199	0.00797	0.00598	0.00332	0.01063
1	0.00903	0.00684	0.00832	0.00795	0.00974	0.00613	0.00596	0.01175	0.01788	0.02427	0.52344	0.05446	0.26031	0.01470	0.00792	0.00216	0.00324	0.01274	0.00704	0.00613
2	0.01267	0.01193	0.02013	0.74806	0.04621	0.01491	0.01863	0.01714	0.01342	0.01714	0.01193	0.01789	0.00894	0.00671	0.00671	0.00224	0.00894	0.00596	0.00298	0.00745
3	0.01251	0.00625	0.00625	0.00625	0.00782	0.00625	0.00469	0.01563	0.01407	0.02502	0.02189	0.02502	0.01720	0.00782	0.00469	0.00156	0.00313	0.00625	0.80144	0.00625
4	0.02551	0.01879	0.02014	0.01544	0.02081	0.02081	0.01275	0.69996	0.03155	0.04229	0.01611	0.01611	0.01141	0.00805	0.00671	0.00201	0.00738	0.00604	0.00671	0.01141
5	0.01283	0.01209	0.02042	0.71890	0.07411	0.01495	0.01872	0.01729	0.01349	0.01734	0.01195	0.01784	0.00901	0.00668	0.00671	0.00223	0.00890	0.00596	0.00300	0.00758
6	0.00973	0.00663	0.00796	0.00796	0.00818	0.00685	0.00486	0.01017	0.00995	0.01348	0.02056	0.04068	0.02299	0.63278	0.16365	0.00729	0.00862	0.00928	0.00398	0.00442
7	0.00818	0.00584	0.00779	0.00934	0.00973	0.00545	0.00623	0.00934	0.01285	0.01713	0.03698	0.75981	0.04438	0.02102	0.00856	0.00273	0.00389	0.01908	0.00623	0.00545
8	0.00959	0.00719	0.01078	0.01078	0.01198	0.00839	0.00839	0.01198	0.01078	0.01558	0.01797	0.02636	0.01677	0.05032	0.73760	0.01078	0.01797	0.00719	0.00359	0.00599
9	0.01669	0.01441	0.01517	0.01365	0.01745	0.01669	0.01062	0.03565	0.71021	0.02807	0.02731	0.02503	0.02048	0.00910	0.00683	0.00228	0.00531	0.00759	0.00683	0.01062
10	0.00818	0.00584	0.00779	0.00934	0.00973	0.00545	0.00623	0.00934	0.01285	0.01713	0.03698	0.75981	0.04438	0.02102	0.00856	0.00273	0.00389	0.01908	0.00623	0.00545
11	0.00950	0.00686	0.00897	0.00844	0.01002	0.00633	0.00633	0.01266	0.01899	0.02691	0.71879	0.05012	0.06331	0.01372	0.00791	0.00211	0.00317	0.01213	0.00739	0.00633
12	0.00840	0.00682	0.00745	0.00729	0.00935	0.00586	0.00547	0.01054	0.01640	0.02076	0.26332	0.06024	0.52261	0.01601	0.00793	0.00222	0.00333	0.01355	0.00658	0.00586
13	0.01593	0.01479	0.02135	0.01953	0.10044	0.01585	0.16230	0.02892	0.42404	0.02536	0.05316	0.02433	0.01914	0.03434	0.00804	0.00238	0.00688	0.00775	0.00561	0.00986
14	0.01774	0.73561	0.06603	0.01182	0.01775	0.02606	0.01207	0.02014	0.01366	0.01603	0.00945	0.01091	0.00861	0.00577	0.00440	0.00147	0.00730	0.00365	0.00287	0.00867
15	0.01634	0.01557	0.02648	0.03986	0.68981	0.01557	0.02014	0.02029	0.01529	0.02184	0.01367	0.01932	0.01191	0.00655	0.00676	0.00204	0.00789	0.03679	0.00345	0.01042
16	0.01346	0.03471	0.72942	0.01912	0.02904	0.01558	0.02479	0.02125	0.01417	0.02125	0.01204	0.01417	0.00850	0.00637	0.00637	0.00212	0.00992	0.00496	0.00283	0.00992
17	0.01661	0.01594	0.02724	0.04119	0.72233	0.01594	0.02059	0.02059	0.01528	0.02192	0.01262	0.01661	0.01063	0.00598	0.00664	0.00199	0.00797	0.00598	0.00332	0.01063
18	0.03010	0.01142	0.01557	0.01194	0.01713	0.00986	0.00986	0.03270	0.01920	0.72698	0.02647	0.02284	0.01661	0.00830	0.00675	0.00208	0.00571	0.00675	0.00830	0.01142
19	0.01404	0.13073	0.63854	0.01812	0.02749	0.01702	0.02305	0.02110	0.01410	0.02053	0.01169	0.01372	0.00851	0.00629	0.00610	0.00203	0.00956	0.00478	0.00284	0.00975
20	0.01661	0.01594	0.02724	0.04119	0.72233	0.01594	0.02059	0.02059	0.01528	0.02192	0.01262	0.01661	0.01063	0.00598	0.00664	0.00199	0.00797	0.00598	0.00332	0.01063
21	0.00814	0.00599	0.00763	0.00894	0.00963	0.00548	0.00605	0.00939	0.01323	0.01729	0.04186	0.65043	0.15061	0.02039	0.00846	0.00265	0.00382	0.01830	0.00623	0.00548
22	0.01661	0.01594	0.02724	0.04119	0.72233	0.01594	0.02059	0.02059	0.01528	0.02192	0.01262	0.01661	0.01063	0.00598	0.00664	0.00199	0.00797	0.00598	0.00332	0.01063
23	0.01584	0.01810	0.03959	0.02828	0.03507	0.01697	0.69796	0.02149	0.01584	0.02149	0.01357	0.01810	0.01018	0.00566	0.00792	0.00226	0.01131	0.00792	0.00339	0.00905
24	0.02551	0.01879	0.02014	0.01544	0.02081	0.02081	0.01275	0.69996	0.03155	0.04229	0.01611	0.01611	0.01141	0.00805	0.00671	0.00201	0.00738	0.00604	0.00671	0.01141
25	0.00818	0.00584	0.00779	0.00934	0.00973	0.00545	0.00623	0.00934	0.01285	0.01713	0.03698	0.75981	0.04438	0.02102	0.00856	0.00273	0.00389	0.01908	0.00623	0.00545
26	0.01391	0.01193	0.01391	0.00994	0.01590	0.00894	0.00795	0.01690	0.01391	0.02186	0.01193	0.01391	0.00994	0.00497	0.00497	0.00099	0.00497	0.00398	0.00398	0.80521
27	0.01391	0.01193	0.01391	0.00994	0.01590	0.00894	0.00795	0.01690	0.01391	0.02186	0.01193	0.01391	0.00994	0.00497	0.00497	0.00099	0.00497	0.00398	0.00398	0.80521
28	0.81159	0.01298	0.00986	0.00882	0.01298	0.01505	0.00727	0.01972	0.01142	0.03010	0.00934	0.01090	0.00727	0.00623	0.00415	0.00208	0.00519	0.00363	0.00415	0.00727
29	0.00984	0.00811	0.00901	0.01015	0.01096	0.05351	0.00696	0.01224	0.06018	0.01782	0.03461	0.66202	0.04046	0.01931	0.00828	0.00263	0.00452	0.01735	0.00609	0.00595
30	0.01538	0.01722	0.03664	0.02776	0.07964	0.01617	0.60758	0.02067	0.01576	0.02130	0.01703	0.02100	0.05607	0.00641	0.00783	0.00224	0.01058	0.00819	0.00357	0.00894
31	0.01011	0.00736	0.00956	0.03712	0.01168	0.00684	0.00681	0.01331	0.01812	0.02607	0.59872	0.04481	0.05463	0.01248	0.00746	0.00200	0.00351	0.01097	0.05832	0.06014
32	0.01541	0.01439	0.02399	0.03556	0.60067	0.01439	0.01815	0.01911	0.01493	0.02137	0.01692	0.02069	0.05713	0.00975	0.05585	0.00259	0.00816	0.00660	0.03452	0.00983
33	0.01362	0.03206	0.63589	0.01893	0.02753	0.01624	0.02346	0.02058	0.01365	0.02058	0.01161	0.01423	0.00854	0.00708	0.00844	0.00223	0.10782	0.00508	0.00285	0.00958

[dist]
# distance from previous block
# <min> <max>
0	32

# created by:
# /home/cegg/simao/soft/augustus-3.2.1/scripts/msa2prfl.pl ./align_prep/EOG090W0ORX.fa
