[name]
unknown

[dist]
# distance from previous block
# <min> <max>
0	13

[block]
# block no. 0 follows, 31 sequences, length 21
# corresponding to MSA columns:
# 13-17,23-38
name=unknown_A
#
# <colnr> <probs for GDERKNQSTAVLIFYWHMCP>
#	G	D	E	R	K	N	Q	S	T	A	V	L	I	F	Y	W	H	M	C	P
0	0.01102	0.00787	0.01102	0.01260	0.01417	0.00787	0.01102	0.01417	0.01575	0.02047	0.03622	0.07717	0.03937	0.01890	0.00945	0.00315	0.00630	0.67084	0.00630	0.00630
1	0.01696	0.01968	0.03856	0.02787	0.03449	0.07903	0.63342	0.02238	0.01643	0.02147	0.01356	0.01793	0.01025	0.00588	0.00791	0.00226	0.01160	0.00776	0.00347	0.00912
2	0.01570	0.01663	0.02659	0.02114	0.02329	0.04553	0.21342	0.01845	0.01246	0.01807	0.01046	0.01590	0.00939	0.00998	0.01765	0.00275	0.50490	0.00654	0.00315	0.00801
3	0.01829	0.76368	0.03585	0.01171	0.01756	0.02707	0.01171	0.02049	0.01390	0.01610	0.00951	0.01097	0.00878	0.00585	0.00439	0.00146	0.00732	0.00366	0.00293	0.00878
4	0.01768	0.66657	0.12763	0.01275	0.01917	0.02558	0.01352	0.02064	0.01397	0.01684	0.00988	0.01144	0.00876	0.00594	0.00467	0.00156	0.00769	0.00384	0.00292	0.00896
5	0.00935	0.00698	0.00869	0.00826	0.01002	0.00631	0.00620	0.01227	0.01859	0.02558	0.58008	0.05415	0.19891	0.01468	0.00807	0.00218	0.00328	0.01280	0.00729	0.00631
6	0.01022	0.00756	0.00961	0.00900	0.01078	0.00723	0.00678	0.01463	0.06973	0.02752	0.66290	0.04922	0.06134	0.01364	0.00799	0.00216	0.00339	0.01203	0.00749	0.00678
7	0.01188	0.00594	0.00891	0.00891	0.00891	0.00594	0.00594	0.00891	0.00891	0.01188	0.01188	0.02080	0.01188	0.02377	0.02674	0.80095	0.00594	0.00594	0.00297	0.00297
8	0.02558	0.01821	0.01974	0.01531	0.02064	0.02001	0.01259	0.58732	0.08928	0.09316	0.01821	0.01773	0.01283	0.00832	0.00686	0.00208	0.00722	0.00635	0.00698	0.01157
9	0.00840	0.00694	0.00737	0.00727	0.00944	0.00591	0.00545	0.01044	0.01635	0.02027	0.19791	0.06290	0.58439	0.01666	0.00808	0.00228	0.00342	0.01403	0.00659	0.00591
10	0.00809	0.00693	0.00693	0.00693	0.00924	0.00578	0.00520	0.00982	0.01559	0.01848	0.06931	0.06584	0.71411	0.01733	0.00809	0.00231	0.00347	0.01444	0.00635	0.00578
11	0.02565	0.02983	0.01962	0.01724	0.02116	0.58506	0.01317	0.16523	0.02203	0.02220	0.01179	0.01318	0.00940	0.00729	0.00631	0.00182	0.01134	0.00477	0.00421	0.00870
12	0.01607	0.01598	0.02570	0.26686	0.42034	0.05642	0.05968	0.02027	0.01521	0.02043	0.01257	0.01719	0.01014	0.00637	0.00684	0.00211	0.00889	0.00611	0.00329	0.00953
13	0.02235	0.01975	0.02362	0.01834	0.02362	0.09991	0.15310	0.36501	0.14475	0.03322	0.01722	0.01797	0.01267	0.00776	0.00704	0.00212	0.00853	0.00663	0.00579	0.01058
14	0.01019	0.00720	0.00852	0.00843	0.00847	0.00762	0.00515	0.01041	0.01026	0.01387	0.02200	0.10386	0.02543	0.63930	0.03163	0.00602	0.06238	0.01047	0.00425	0.00452
15	0.01275	0.00638	0.00638	0.00638	0.00797	0.00638	0.00478	0.01594	0.01435	0.02551	0.02232	0.02551	0.01754	0.00797	0.00478	0.00159	0.00319	0.00638	0.79755	0.00638
16	0.02601	0.01916	0.02053	0.01574	0.02122	0.02122	0.01300	0.69408	0.03217	0.04312	0.01643	0.01643	0.01163	0.00821	0.00684	0.00205	0.00753	0.00616	0.00684	0.01163
17	0.01135	0.00924	0.01233	0.01147	0.01180	0.01130	0.00848	0.01246	0.01039	0.01491	0.01703	0.03124	0.01815	0.34926	0.22223	0.00677	0.22416	0.00809	0.00368	0.00565
18	0.01641	0.01596	0.02830	0.03812	0.57448	0.01581	0.11169	0.02064	0.01567	0.02216	0.01465	0.02140	0.01279	0.00696	0.00714	0.00215	0.00846	0.05332	0.00360	0.01030
19	0.01022	0.00768	0.00954	0.00896	0.01083	0.00735	0.00675	0.01478	0.08051	0.02686	0.60314	0.04992	0.10975	0.01382	0.00797	0.00218	0.00344	0.01211	0.00739	0.00680
20	0.02098	0.02200	0.02256	0.02551	0.26371	0.26295	0.03798	0.11774	0.07122	0.02376	0.01370	0.01582	0.01095	0.00689	0.00653	0.00191	0.00922	0.00559	0.00423	0.05675

[dist]
# distance from previous block
# <min> <max>
0	2

[block]
# block no. 1 follows, 31 sequences, length 180
# corresponding to MSA columns:
# 41-220
name=unknown_B
#
# <colnr> <probs for GDERKNQSTAVLIFYWHMCP>
#	G	D	E	R	K	N	Q	S	T	A	V	L	I	F	Y	W	H	M	C	P
0	0.01762	0.01499	0.01581	0.01404	0.01802	0.01730	0.01097	0.08013	0.65978	0.02958	0.02709	0.02492	0.02027	0.00921	0.00695	0.00230	0.00556	0.00763	0.00695	0.01088
1	0.01829	0.15319	0.02849	0.03180	0.45417	0.01782	0.06070	0.02270	0.04741	0.08007	0.01419	0.01686	0.01140	0.00638	0.00644	0.00197	0.00788	0.00592	0.00390	0.01042
2	0.07057	0.01517	0.01576	0.01383	0.01793	0.01744	0.01088	0.11917	0.57285	0.03061	0.02517	0.02341	0.01881	0.00895	0.00677	0.00227	0.00568	0.00727	0.00677	0.01070
3	0.01555	0.01730	0.03672	0.16000	0.03784	0.01692	0.56845	0.02110	0.01569	0.02110	0.01353	0.01842	0.01015	0.00596	0.00785	0.00230	0.01109	0.00771	0.00338	0.00893
4	0.01658	0.01700	0.02112	0.35416	0.13859	0.14028	0.03805	0.02333	0.14190	0.02028	0.01493	0.01836	0.01153	0.00718	0.00677	0.00216	0.00892	0.00616	0.00391	0.00879
5	0.00995	0.00663	0.00746	0.00746	0.00746	0.00663	0.00415	0.00995	0.00995	0.01327	0.02156	0.04477	0.02487	0.75957	0.03482	0.00663	0.00663	0.00995	0.00415	0.00415
6	0.01275	0.00638	0.00638	0.00638	0.00797	0.00638	0.00478	0.01594	0.01435	0.02551	0.02232	0.02551	0.01754	0.00797	0.00478	0.00159	0.00319	0.00638	0.79755	0.00638
7	0.01322	0.01247	0.02107	0.69009	0.09778	0.01528	0.01915	0.01775	0.01382	0.01785	0.01221	0.01814	0.00925	0.00678	0.00683	0.00226	0.00904	0.00608	0.00307	0.00784
8	0.02361	0.02936	0.01968	0.01769	0.02056	0.60140	0.01354	0.02532	0.01775	0.01669	0.01028	0.01282	0.00884	0.00796	0.00916	0.00199	0.14737	0.00470	0.00343	0.00785
9	0.01372	0.03539	0.72412	0.01950	0.02961	0.01589	0.02528	0.02167	0.01444	0.02167	0.01228	0.01444	0.00867	0.00650	0.00650	0.00217	0.01011	0.00506	0.00289	0.01011
10	0.00992	0.00721	0.01073	0.01073	0.01183	0.00831	0.00822	0.01192	0.01082	0.01552	0.01801	0.02710	0.01703	0.07448	0.66085	0.06342	0.01709	0.00733	0.00364	0.00583
11	0.02562	0.03062	0.01956	0.01735	0.02116	0.62727	0.01319	0.12564	0.02127	0.02063	0.01144	0.01294	0.00923	0.00722	0.00627	0.00181	0.01163	0.00466	0.00401	0.00848
12	0.00840	0.00601	0.00789	0.00936	0.00979	0.00561	0.00622	0.00955	0.01303	0.01730	0.03788	0.70230	0.06376	0.05535	0.00992	0.00294	0.00408	0.01887	0.00625	0.00550
13	0.01743	0.01490	0.01570	0.01401	0.01795	0.01721	0.01093	0.06668	0.67353	0.02929	0.02732	0.02511	0.02046	0.00923	0.00696	0.00231	0.00551	0.00766	0.00696	0.01087
14	0.80789	0.01323	0.01006	0.00900	0.01323	0.01535	0.00741	0.02011	0.01164	0.03070	0.00953	0.01111	0.00741	0.00635	0.00423	0.00212	0.00529	0.00370	0.00423	0.00741
15	0.00848	0.00604	0.00801	0.00953	0.00994	0.00567	0.00639	0.00968	0.01304	0.01737	0.03696	0.70452	0.04419	0.05337	0.00988	0.00296	0.00415	0.03804	0.00625	0.00552
16	0.01275	0.00638	0.00638	0.00638	0.00797	0.00638	0.00478	0.01594	0.01435	0.02551	0.02232	0.02551	0.01754	0.00797	0.00478	0.00159	0.00319	0.00638	0.79755	0.00638
17	0.04761	0.01997	0.01888	0.01551	0.02004	0.13569	0.01245	0.38635	0.18305	0.03404	0.01758	0.01763	0.01306	0.00836	0.00731	0.00211	0.03758	0.00615	0.00610	0.01055
18	0.01292	0.01216	0.02052	0.74312	0.04712	0.01520	0.01900	0.01748	0.01368	0.01748	0.01216	0.01824	0.00912	0.00684	0.00684	0.00228	0.00912	0.00608	0.00304	0.00760
19	0.02218	0.01480	0.02126	0.18270	0.07156	0.01555	0.08018	0.22320	0.02123	0.21929	0.01868	0.02140	0.01346	0.00803	0.00707	0.00219	0.00780	0.03332	0.00585	0.01022
20	0.02502	0.01727	0.01894	0.01490	0.02005	0.01886	0.01219	0.47941	0.15385	0.13687	0.02002	0.01907	0.01409	0.00845	0.00687	0.00211	0.00690	0.00655	0.00710	0.01149
21	0.01275	0.00638	0.00638	0.00638	0.00797	0.00638	0.00478	0.01594	0.01435	0.02551	0.02232	0.02551	0.01754	0.00797	0.00478	0.00159	0.00319	0.00638	0.79755	0.00638
22	0.01419	0.01216	0.01419	0.01013	0.01621	0.00912	0.00811	0.01723	0.01419	0.02229	0.01216	0.01419	0.01013	0.00507	0.00507	0.00101	0.00507	0.00405	0.00405	0.80139
23	0.00831	0.00606	0.00783	0.00925	0.00985	0.00558	0.00623	0.00956	0.01337	0.01757	0.04109	0.68125	0.11691	0.02099	0.00866	0.00273	0.00392	0.01891	0.00635	0.00558
24	0.03070	0.01164	0.01588	0.01217	0.01746	0.01006	0.01006	0.03334	0.01958	0.72163	0.02699	0.02329	0.01694	0.00847	0.00688	0.00212	0.00582	0.00688	0.00847	0.01164
25	0.02556	0.03261	0.01939	0.01763	0.02115	0.73210	0.01322	0.02732	0.01939	0.01674	0.01058	0.01234	0.00881	0.00705	0.00617	0.00176	0.01234	0.00441	0.00353	0.00793
26	0.02601	0.01916	0.02053	0.01574	0.02122	0.02122	0.01300	0.69408	0.03217	0.04312	0.01643	0.01643	0.01163	0.00821	0.00684	0.00205	0.00753	0.00616	0.00684	0.01163
27	0.01600	0.01778	0.03764	0.08119	0.10767	0.01704	0.57395	0.02150	0.01591	0.02164	0.01362	0.01828	0.01034	0.00588	0.00785	0.00228	0.01101	0.00773	0.00342	0.00928
28	0.00977	0.00733	0.01100	0.01100	0.01222	0.00855	0.00855	0.01222	0.01100	0.01588	0.01833	0.02688	0.01710	0.05131	0.73245	0.01100	0.01833	0.00733	0.00367	0.00611
29	0.03070	0.01164	0.01588	0.01217	0.01746	0.01006	0.01006	0.03334	0.01958	0.72163	0.02699	0.02329	0.01694	0.00847	0.00688	0.00212	0.00582	0.00688	0.00847	0.01164
30	0.01702	0.01470	0.01547	0.01392	0.01779	0.01702	0.01083	0.03635	0.70453	0.02862	0.02785	0.02553	0.02088	0.00928	0.00696	0.00232	0.00541	0.00773	0.00696	0.01083
31	0.00915	0.00697	0.00841	0.00805	0.00990	0.00623	0.00604	0.01188	0.01811	0.02446	0.49939	0.05600	0.28030	0.01510	0.00807	0.00220	0.00331	0.01306	0.00714	0.00623
32	0.01307	0.01231	0.02079	0.71692	0.07215	0.01524	0.01907	0.01761	0.01375	0.01766	0.01219	0.01819	0.00918	0.00681	0.00684	0.00227	0.00908	0.00608	0.00305	0.00772
33	0.01372	0.03539	0.72412	0.01950	0.02961	0.01589	0.02528	0.02167	0.01444	0.02167	0.01228	0.01444	0.00867	0.00650	0.00650	0.00217	0.01011	0.00506	0.00289	0.01011
34	0.01372	0.03539	0.72412	0.01950	0.02961	0.01589	0.02528	0.02167	0.01444	0.02167	0.01228	0.01444	0.00867	0.00650	0.00650	0.00217	0.01011	0.00506	0.00289	0.01011
35	0.05429	0.02541	0.02187	0.02518	0.25055	0.41307	0.01554	0.07537	0.01878	0.02115	0.01173	0.01411	0.00964	0.00679	0.00634	0.00189	0.01030	0.00507	0.00376	0.00915
36	0.80789	0.01323	0.01006	0.00900	0.01323	0.01535	0.00741	0.02011	0.01164	0.03070	0.00953	0.01111	0.00741	0.00635	0.00423	0.00212	0.00529	0.00370	0.00423	0.00741
37	0.00825	0.00694	0.00716	0.00710	0.00934	0.00585	0.00533	0.01014	0.01599	0.01941	0.13624	0.06431	0.64660	0.01698	0.00808	0.00229	0.00344	0.01422	0.00648	0.00585
38	0.00887	0.00709	0.00730	0.00716	0.00954	0.00594	0.00540	0.01069	0.01585	0.04163	0.08974	0.06396	0.66946	0.01693	0.00805	0.00230	0.00353	0.01412	0.00646	0.00599
39	0.00978	0.00730	0.01086	0.01086	0.01204	0.00848	0.00839	0.01213	0.01096	0.01578	0.01845	0.02755	0.01739	0.07778	0.70638	0.01083	0.01789	0.00743	0.00368	0.00603
40	0.00834	0.00595	0.00794	0.00953	0.00992	0.00556	0.00635	0.00953	0.01310	0.01746	0.03771	0.75510	0.04525	0.02143	0.00873	0.00278	0.00397	0.01945	0.00635	0.00556
41	0.00971	0.00711	0.01014	0.01025	0.01119	0.00799	0.00760	0.01162	0.01095	0.01552	0.02026	0.08063	0.02047	0.17813	0.55531	0.00963	0.01520	0.00865	0.00394	0.00571
42	0.01073	0.00774	0.01064	0.01212	0.01369	0.00765	0.01047	0.01371	0.01563	0.02023	0.03835	0.10388	0.08176	0.01890	0.00934	0.00308	0.00603	0.60349	0.00631	0.00624
43	0.01591	0.01521	0.02591	0.22140	0.54551	0.01599	0.02049	0.02010	0.01509	0.02110	0.01269	0.01727	0.01040	0.00629	0.00679	0.00210	0.00838	0.00609	0.00330	0.01001
44	0.01702	0.01470	0.01547	0.01392	0.01779	0.01702	0.01083	0.03635	0.70453	0.02862	0.02785	0.02553	0.02088	0.00928	0.00696	0.00232	0.00541	0.00773	0.00696	0.01083
45	0.03070	0.01164	0.01588	0.01217	0.01746	0.01006	0.01006	0.03334	0.01958	0.72163	0.02699	0.02329	0.01694	0.00847	0.00688	0.00212	0.00582	0.00688	0.00847	0.01164
46	0.01372	0.03539	0.72412	0.01950	0.02961	0.01589	0.02528	0.02167	0.01444	0.02167	0.01228	0.01444	0.00867	0.00650	0.00650	0.00217	0.01011	0.00506	0.00289	0.01011
47	0.01292	0.01216	0.02052	0.74312	0.04712	0.01520	0.01900	0.01748	0.01368	0.01748	0.01216	0.01824	0.00912	0.00684	0.00684	0.00228	0.00912	0.00608	0.00304	0.00760
48	0.02066	0.01391	0.01420	0.01181	0.01561	0.08861	0.00930	0.18461	0.02104	0.21420	0.08926	0.03400	0.17988	0.06075	0.00903	0.00241	0.00623	0.00884	0.00669	0.00896
49	0.04558	0.01268	0.01718	0.01415	0.01705	0.01431	0.01174	0.02496	0.01541	0.37199	0.01945	0.02143	0.01424	0.01011	0.01297	0.00248	0.29947	0.02738	0.03793	0.00949
50	0.01103	0.00802	0.02721	0.00907	0.00989	0.00756	0.00635	0.01256	0.03590	0.03359	0.02437	0.04870	0.02677	0.55818	0.02772	0.00561	0.00660	0.13103	0.00472	0.00512
51	0.01419	0.01216	0.01419	0.01013	0.01621	0.00912	0.00811	0.01723	0.01419	0.02229	0.01216	0.01419	0.01013	0.00507	0.00507	0.00101	0.00507	0.00405	0.00405	0.80139
52	0.05130	0.01928	0.02265	0.07481	0.25602	0.15600	0.04299	0.16969	0.02010	0.10001	0.01456	0.01654	0.01100	0.00704	0.00664	0.00202	0.00867	0.00585	0.00472	0.01011
53	0.01961	0.02133	0.02517	0.03443	0.50090	0.23848	0.01858	0.02296	0.01676	0.02061	0.01216	0.01551	0.01021	0.00639	0.00659	0.00195	0.00943	0.00557	0.00343	0.00993
54	0.01568	0.01315	0.04641	0.01542	0.01872	0.01311	0.11448	0.04566	0.16632	0.10231	0.02575	0.22878	0.02450	0.01268	0.00938	0.00252	0.08576	0.04495	0.00580	0.00861
55	0.01188	0.00594	0.00891	0.00891	0.00891	0.00594	0.00594	0.00891	0.00891	0.01188	0.01188	0.02080	0.01188	0.02377	0.02674	0.80095	0.00594	0.00594	0.00297	0.00297
56	0.01372	0.03539	0.72412	0.01950	0.02961	0.01589	0.02528	0.02167	0.01444	0.02167	0.01228	0.01444	0.00867	0.00650	0.00650	0.00217	0.01011	0.00506	0.00289	0.01011
57	0.01573	0.01514	0.02611	0.24609	0.49706	0.01598	0.04446	0.02000	0.01504	0.02091	0.01270	0.01737	0.01032	0.00630	0.00684	0.00211	0.00854	0.00616	0.00329	0.00983
58	0.00947	0.00698	0.00885	0.00838	0.01009	0.00636	0.00629	0.01249	0.01886	0.02623	0.62638	0.05309	0.15221	0.01444	0.00807	0.00217	0.00326	0.01265	0.00737	0.00636
59	0.01693	0.01626	0.02777	0.04199	0.71689	0.01626	0.02100	0.02100	0.01558	0.02235	0.01287	0.01693	0.01084	0.00610	0.00677	0.00203	0.00813	0.00610	0.00339	0.01084
60	0.00834	0.00595	0.00794	0.00953	0.00992	0.00556	0.00635	0.00953	0.01310	0.01746	0.03771	0.75510	0.04525	0.02143	0.00873	0.00278	0.00397	0.01945	0.00635	0.00556
61	0.02601	0.01916	0.02053	0.01574	0.02122	0.02122	0.01300	0.69408	0.03217	0.04312	0.01643	0.01643	0.01163	0.00821	0.00684	0.00205	0.00753	0.00616	0.00684	0.01163
62	0.01306	0.01230	0.02078	0.71840	0.07074	0.01524	0.01907	0.01760	0.01375	0.01765	0.01218	0.01819	0.00918	0.00681	0.00684	0.00227	0.00908	0.00608	0.00305	0.00771
63	0.02556	0.03261	0.01939	0.01763	0.02115	0.73210	0.01322	0.02732	0.01939	0.01674	0.01058	0.01234	0.00881	0.00705	0.00617	0.00176	0.01234	0.00441	0.00353	0.00793
64	0.00995	0.00663	0.00746	0.00746	0.00746	0.00663	0.00415	0.00995	0.00995	0.01327	0.02156	0.04477	0.02487	0.75957	0.03482	0.00663	0.00663	0.00995	0.00415	0.00415
65	0.01422	0.11545	0.64846	0.01864	0.02829	0.01712	0.02379	0.02154	0.01438	0.02105	0.01197	0.01406	0.00868	0.00643	0.00627	0.00209	0.00980	0.00490	0.00289	0.00996
66	0.01693	0.01626	0.02777	0.04199	0.71689	0.01626	0.02100	0.02100	0.01558	0.02235	0.01287	0.01693	0.01084	0.00610	0.00677	0.00203	0.00813	0.00610	0.00339	0.01084
67	0.03070	0.01164	0.01588	0.01217	0.01746	0.01006	0.01006	0.03334	0.01958	0.72163	0.02699	0.02329	0.01694	0.00847	0.00688	0.00212	0.00582	0.00688	0.00847	0.01164
68	0.00832	0.00691	0.00728	0.00725	0.00940	0.00586	0.00541	0.01025	0.01605	0.01971	0.15922	0.08602	0.60079	0.01699	0.00810	0.00230	0.00345	0.01431	0.00652	0.00586
69	0.01346	0.01507	0.10780	0.01616	0.01883	0.01505	0.07265	0.05265	0.01317	0.01925	0.03988	0.02088	0.01418	0.02461	0.27057	0.00560	0.26213	0.00678	0.00364	0.00767
70	0.01615	0.01845	0.04037	0.02884	0.03576	0.01730	0.69204	0.02191	0.01615	0.02191	0.01384	0.01845	0.01038	0.00577	0.00807	0.00231	0.01153	0.00807	0.00346	0.00923
71	0.00809	0.00693	0.00693	0.00693	0.00924	0.00578	0.00520	0.00982	0.01559	0.01848	0.06931	0.06584	0.71411	0.01733	0.00809	0.00231	0.00347	0.01444	0.00635	0.00578
72	0.02518	0.03190	0.01975	0.01868	0.05132	0.70105	0.01356	0.02704	0.01922	0.01699	0.01067	0.01254	0.00890	0.00701	0.00619	0.00177	0.01215	0.00448	0.00352	0.00806
73	0.01372	0.03539	0.72412	0.01950	0.02961	0.01589	0.02528	0.02167	0.01444	0.02167	0.01228	0.01444	0.00867	0.00650	0.00650	0.00217	0.01011	0.00506	0.00289	0.01011
74	0.02556	0.03261	0.01939	0.01763	0.02115	0.73210	0.01322	0.02732	0.01939	0.01674	0.01058	0.01234	0.00881	0.00705	0.00617	0.00176	0.01234	0.00441	0.00353	0.00793
75	0.00846	0.00604	0.00808	0.00967	0.01012	0.00566	0.00657	0.00974	0.01322	0.01760	0.03764	0.72384	0.04498	0.02132	0.00877	0.00280	0.00408	0.04948	0.00635	0.00559
76	0.00864	0.00619	0.00821	0.00932	0.00999	0.00576	0.00637	0.01029	0.01452	0.01973	0.19106	0.59529	0.04963	0.01974	0.00858	0.00264	0.00380	0.01784	0.00662	0.00576
77	0.00982	0.00714	0.01005	0.01005	0.01095	0.00804	0.00737	0.01161	0.01072	0.01518	0.01919	0.03166	0.01918	0.24064	0.54596	0.00983	0.01520	0.00803	0.00379	0.00558
78	0.01188	0.00594	0.00891	0.00891	0.00891	0.00594	0.00594	0.00891	0.00891	0.01188	0.01188	0.02080	0.01188	0.02377	0.02674	0.80095	0.00594	0.00594	0.00297	0.00297
79	0.01583	0.09489	0.01725	0.01131	0.01692	0.08653	0.00922	0.01860	0.01459	0.02088	0.01162	0.01367	0.00982	0.00556	0.00562	0.00120	0.02776	0.00410	0.00385	0.61079
80	0.38602	0.01483	0.01659	0.14357	0.14948	0.04860	0.01268	0.06764	0.01484	0.04866	0.01176	0.01432	0.00908	0.00658	0.00553	0.00208	0.00697	0.00487	0.00415	0.03174
81	0.00998	0.00681	0.00858	0.00858	0.00895	0.00718	0.00554	0.01058	0.01022	0.01399	0.02017	0.03838	0.02199	0.51583	0.24312	0.04239	0.01010	0.00899	0.00395	0.00468
82	0.00915	0.00710	0.00846	0.00880	0.01065	0.00640	0.00691	0.01153	0.01635	0.02099	0.21179	0.11094	0.36097	0.01717	0.00844	0.00250	0.00409	0.16509	0.00662	0.00604
83	0.01475	0.01410	0.02354	0.12636	0.47011	0.01424	0.04694	0.01853	0.01536	0.02099	0.02318	0.02615	0.13974	0.00824	0.00708	0.00213	0.00755	0.00771	0.00389	0.00942
84	0.02407	0.01441	0.01891	0.01483	0.01965	0.01451	0.07782	0.26728	0.05264	0.28647	0.02332	0.11581	0.01824	0.00984	0.00723	0.00221	0.00674	0.00841	0.00705	0.01057
85	0.01693	0.01626	0.02777	0.04199	0.71689	0.01626	0.02100	0.02100	0.01558	0.02235	0.01287	0.01693	0.01084	0.00610	0.00677	0.00203	0.00813	0.00610	0.00339	0.01084
86	0.01510	0.01119	0.00877	0.00844	0.01039	0.13964	0.00633	0.01803	0.01527	0.02390	0.02016	0.02309	0.01593	0.00780	0.00504	0.00163	0.00487	0.00601	0.65174	0.00666
87	0.01693	0.01626	0.02777	0.04199	0.71689	0.01626	0.02100	0.02100	0.01558	0.02235	0.01287	0.01693	0.01084	0.00610	0.00677	0.00203	0.00813	0.00610	0.00339	0.01084
88	0.01615	0.01845	0.04037	0.02884	0.03576	0.01730	0.69204	0.02191	0.01615	0.02191	0.01384	0.01845	0.01038	0.00577	0.00807	0.00231	0.01153	0.00807	0.00346	0.00923
89	0.01292	0.01216	0.02052	0.74312	0.04712	0.01520	0.01900	0.01748	0.01368	0.01748	0.01216	0.01824	0.00912	0.00684	0.00684	0.00228	0.00912	0.00608	0.00304	0.00760
90	0.00995	0.00663	0.00746	0.00746	0.00746	0.00663	0.00415	0.00995	0.00995	0.01327	0.02156	0.04477	0.02487	0.75957	0.03482	0.00663	0.00663	0.00995	0.00415	0.00415
91	0.00954	0.00715	0.00890	0.00903	0.01049	0.00677	0.00655	0.01298	0.06065	0.02332	0.38085	0.27022	0.13506	0.01641	0.00821	0.00238	0.00363	0.01453	0.00698	0.00637
92	0.01693	0.01626	0.02777	0.04199	0.71689	0.01626	0.02100	0.02100	0.01558	0.02235	0.01287	0.01693	0.01084	0.00610	0.00677	0.00203	0.00813	0.00610	0.00339	0.01084
93	0.00813	0.00693	0.00700	0.00698	0.00927	0.00580	0.00524	0.00991	0.01571	0.01875	0.08832	0.06541	0.69493	0.01723	0.00809	0.00231	0.00346	0.01438	0.00639	0.00580
94	0.01702	0.01470	0.01547	0.01392	0.01779	0.01702	0.01083	0.03635	0.70453	0.02862	0.02785	0.02553	0.02088	0.00928	0.00696	0.00232	0.00541	0.00773	0.00696	0.01083
95	0.01615	0.01845	0.04037	0.02884	0.03576	0.01730	0.69204	0.02191	0.01615	0.02191	0.01384	0.01845	0.01038	0.00577	0.00807	0.00231	0.01153	0.00807	0.00346	0.00923
96	0.00977	0.00733	0.01100	0.01100	0.01222	0.00855	0.00855	0.01222	0.01100	0.01588	0.01833	0.02688	0.01710	0.05131	0.73245	0.01100	0.01833	0.00733	0.00367	0.00611
97	0.00833	0.00599	0.00790	0.00942	0.00990	0.00557	0.00630	0.00954	0.01320	0.01751	0.03898	0.72731	0.07222	0.02127	0.00871	0.00276	0.00395	0.01925	0.00635	0.00557
98	0.00828	0.00696	0.00722	0.00737	0.00957	0.00590	0.00560	0.01009	0.01553	0.01858	0.06624	0.08754	0.65091	0.01755	0.00819	0.00238	0.00366	0.05627	0.00635	0.00580
99	0.01292	0.01216	0.02052	0.74312	0.04712	0.01520	0.01900	0.01748	0.01368	0.01748	0.01216	0.01824	0.00912	0.00684	0.00684	0.00228	0.00912	0.00608	0.00304	0.00760
100	0.01102	0.00787	0.01102	0.01260	0.01417	0.00787	0.01102	0.01417	0.01575	0.02047	0.03622	0.07717	0.03937	0.01890	0.00945	0.00315	0.00630	0.67084	0.00630	0.00630
101	0.01292	0.01216	0.02052	0.74312	0.04712	0.01520	0.01900	0.01748	0.01368	0.01748	0.01216	0.01824	0.00912	0.00684	0.00684	0.00228	0.00912	0.00608	0.00304	0.00760
102	0.01708	0.01676	0.02694	0.08394	0.64366	0.04920	0.02052	0.02107	0.01564	0.02179	0.01272	0.01680	0.01064	0.00619	0.00675	0.00203	0.00838	0.00602	0.00337	0.01050
103	0.00838	0.00601	0.00789	0.00937	0.00982	0.00560	0.00624	0.00955	0.01306	0.01735	0.03810	0.70904	0.06489	0.04737	0.00963	0.00290	0.00405	0.01896	0.00627	0.00551
104	0.01660	0.01567	0.02636	0.18479	0.51052	0.01637	0.04726	0.05944	0.01617	0.02253	0.01297	0.01723	0.01051	0.00636	0.00684	0.00210	0.00844	0.00618	0.00352	0.01015
105	0.00834	0.00595	0.00794	0.00953	0.00992	0.00556	0.00635	0.00953	0.01310	0.01746	0.03771	0.75510	0.04525	0.02143	0.00873	0.00278	0.00397	0.01945	0.00635	0.00556
106	0.01292	0.01216	0.02052	0.74312	0.04712	0.01520	0.01900	0.01748	0.01368	0.01748	0.01216	0.01824	0.00912	0.00684	0.00684	0.00228	0.00912	0.00608	0.00304	0.00760
107	0.01292	0.01216	0.02052	0.74312	0.04712	0.01520	0.01900	0.01748	0.01368	0.01748	0.01216	0.01824	0.00912	0.00684	0.00684	0.00228	0.00912	0.00608	0.00304	0.00760
108	0.01572	0.01753	0.03754	0.02799	0.06533	0.01647	0.61181	0.02122	0.01635	0.02233	0.06408	0.02073	0.01430	0.00637	0.00801	0.00228	0.01078	0.00829	0.00375	0.00910
109	0.01693	0.01626	0.02777	0.04199	0.71689	0.01626	0.02100	0.02100	0.01558	0.02235	0.01287	0.01693	0.01084	0.00610	0.00677	0.00203	0.00813	0.00610	0.00339	0.01084
110	0.01259	0.01181	0.04044	0.02393	0.28866	0.01097	0.05136	0.01558	0.01456	0.02008	0.02571	0.32965	0.02808	0.01383	0.00794	0.00248	0.00646	0.08293	0.00492	0.00805
111	0.00825	0.00629	0.00759	0.00863	0.00969	0.00563	0.00595	0.00963	0.01396	0.01781	0.04858	0.51803	0.27531	0.02002	0.00851	0.00262	0.00380	0.01773	0.00635	0.00563
112	0.00953	0.00699	0.00893	0.00844	0.01012	0.00639	0.00633	0.01261	0.01899	0.02655	0.64987	0.05256	0.12851	0.01432	0.00807	0.00217	0.00325	0.01258	0.00742	0.00639
113	0.01419	0.01216	0.01419	0.01013	0.01621	0.00912	0.00811	0.01723	0.01419	0.02229	0.01216	0.01419	0.01013	0.00507	0.00507	0.00101	0.00507	0.00405	0.00405	0.80139
114	0.00828	0.00616	0.00772	0.00898	0.00978	0.00560	0.00611	0.00959	0.01363	0.01768	0.04441	0.60886	0.18716	0.02056	0.00860	0.00268	0.00386	0.01839	0.00635	0.00560
115	0.02003	0.01814	0.03293	0.02389	0.03028	0.01785	0.44918	0.21197	0.02092	0.08096	0.01557	0.01825	0.01123	0.00666	0.00764	0.00222	0.00997	0.00744	0.00479	0.01009
116	0.01448	0.01309	0.01917	0.52190	0.03834	0.01590	0.01660	0.04640	0.19962	0.02137	0.01652	0.02013	0.01236	0.00754	0.00687	0.00228	0.00807	0.00653	0.00423	0.00861
117	0.01753	0.01739	0.02719	0.04030	0.66866	0.06588	0.02046	0.02143	0.01584	0.02196	0.01271	0.01661	0.01070	0.00616	0.00673	0.00201	0.00842	0.00598	0.00340	0.01064
118	0.00826	0.00694	0.00717	0.00711	0.00935	0.00585	0.00534	0.01016	0.01601	0.01947	0.14009	0.06422	0.64272	0.01696	0.00808	0.00229	0.00344	0.01421	0.00648	0.00585
119	0.01372	0.03539	0.72412	0.01950	0.02961	0.01589	0.02528	0.02167	0.01444	0.02167	0.01228	0.01444	0.00867	0.00650	0.00650	0.00217	0.01011	0.00506	0.00289	0.01011
120	0.01277	0.01192	0.02000	0.70925	0.04542	0.01480	0.01842	0.01727	0.01394	0.01794	0.04449	0.01976	0.01168	0.00717	0.00690	0.00227	0.00885	0.00637	0.00325	0.00755
121	0.01292	0.01216	0.02052	0.74312	0.04712	0.01520	0.01900	0.01748	0.01368	0.01748	0.01216	0.01824	0.00912	0.00684	0.00684	0.00228	0.00912	0.00608	0.00304	0.00760
122	0.01370	0.03349	0.66882	0.01887	0.02841	0.01558	0.02399	0.02193	0.04245	0.02216	0.03911	0.01626	0.01125	0.00689	0.00658	0.00217	0.00966	0.00544	0.00323	0.01000
123	0.01650	0.01398	0.02077	0.44718	0.14819	0.04203	0.01736	0.04340	0.07502	0.08657	0.01511	0.01886	0.01122	0.00714	0.00682	0.00220	0.00840	0.00624	0.00409	0.00893
124	0.01276	0.01198	0.02006	0.71847	0.04585	0.01488	0.01854	0.01722	0.01374	0.01751	0.01407	0.01983	0.03273	0.00719	0.00688	0.00228	0.00893	0.00636	0.00315	0.00754
125	0.01306	0.01231	0.02078	0.71799	0.07112	0.01524	0.01907	0.01761	0.01375	0.01765	0.01219	0.01819	0.00918	0.00681	0.00684	0.00227	0.00908	0.00608	0.00305	0.00772
126	0.01372	0.03539	0.72412	0.01950	0.02961	0.01589	0.02528	0.02167	0.01444	0.02167	0.01228	0.01444	0.00867	0.00650	0.00650	0.00217	0.01011	0.00506	0.00289	0.01011
127	0.01554	0.10980	0.44195	0.04501	0.05166	0.01710	0.14735	0.02196	0.01495	0.05326	0.01296	0.01543	0.00947	0.00638	0.00660	0.00211	0.00977	0.00562	0.00328	0.00981
128	0.01693	0.01626	0.02777	0.04199	0.71689	0.01626	0.02100	0.02100	0.01558	0.02235	0.01287	0.01693	0.01084	0.00610	0.00677	0.00203	0.00813	0.00610	0.00339	0.01084
129	0.03070	0.01164	0.01588	0.01217	0.01746	0.01006	0.01006	0.03334	0.01958	0.72163	0.02699	0.02329	0.01694	0.00847	0.00688	0.00212	0.00582	0.00688	0.00847	0.01164
130	0.00834	0.00595	0.00794	0.00953	0.00992	0.00556	0.00635	0.00953	0.01310	0.01746	0.03771	0.75510	0.04525	0.02143	0.00873	0.00278	0.00397	0.01945	0.00635	0.00556
131	0.00880	0.00696	0.00792	0.00768	0.00968	0.00608	0.00576	0.01120	0.01728	0.02248	0.35722	0.05925	0.42370	0.01583	0.00808	0.00224	0.00336	0.01351	0.00688	0.00608
132	0.03070	0.01164	0.01588	0.01217	0.01746	0.01006	0.01006	0.03334	0.01958	0.72163	0.02699	0.02329	0.01694	0.00847	0.00688	0.00212	0.00582	0.00688	0.00847	0.01164
133	0.03070	0.01164	0.01588	0.01217	0.01746	0.01006	0.01006	0.03334	0.01958	0.72163	0.02699	0.02329	0.01694	0.00847	0.00688	0.00212	0.00582	0.00688	0.00847	0.01164
134	0.01472	0.01412	0.02433	0.42303	0.32493	0.01572	0.04697	0.01912	0.01457	0.01968	0.01252	0.01771	0.00988	0.00649	0.00686	0.00218	0.00880	0.00617	0.00320	0.00901
135	0.00820	0.00649	0.00738	0.00809	0.00955	0.00568	0.00571	0.00969	0.01448	0.01803	0.05520	0.37353	0.41553	0.01916	0.00837	0.00252	0.00369	0.01668	0.00635	0.00568
136	0.01657	0.48869	0.29572	0.01465	0.02211	0.02285	0.01683	0.02093	0.01411	0.01820	0.01056	0.01228	0.00874	0.00610	0.00519	0.00173	0.00837	0.00419	0.00291	0.00928
137	0.02237	0.02566	0.01999	0.02079	0.13503	0.43797	0.01399	0.05309	0.16264	0.02114	0.01479	0.01601	0.01178	0.00740	0.00646	0.00193	0.01002	0.00545	0.00435	0.00915
138	0.13065	0.01486	0.03844	0.01358	0.01782	0.05361	0.01145	0.07175	0.01752	0.39394	0.01928	0.01879	0.01314	0.00867	0.00933	0.00226	0.14247	0.00605	0.00634	0.01006
139	0.00835	0.00694	0.00730	0.00721	0.00940	0.00589	0.00541	0.01033	0.01622	0.01996	0.17536	0.06341	0.60713	0.01678	0.00808	0.00228	0.00343	0.01410	0.00655	0.00589
140	0.01383	0.03465	0.69447	0.01990	0.02988	0.01595	0.05419	0.02168	0.01452	0.02168	0.01235	0.01462	0.00874	0.00647	0.00657	0.00217	0.01017	0.00519	0.00291	0.01007
141	0.01743	0.01609	0.02734	0.04092	0.69182	0.01603	0.02060	0.02144	0.01572	0.04741	0.01337	0.01716	0.01106	0.00618	0.00678	0.00203	0.00804	0.00612	0.00357	0.01087
142	0.01704	0.02119	0.19085	0.02316	0.03024	0.01628	0.38500	0.02486	0.10936	0.08689	0.01659	0.01894	0.01201	0.00666	0.00745	0.00226	0.00986	0.00723	0.00426	0.00987
143	0.00834	0.00595	0.00794	0.00953	0.00992	0.00556	0.00635	0.00953	0.01310	0.01746	0.03771	0.75510	0.04525	0.02143	0.00873	0.00278	0.00397	0.01945	0.00635	0.00556
144	0.00949	0.00679	0.00924	0.01065	0.01160	0.00653	0.00818	0.01161	0.01463	0.01943	0.09090	0.43474	0.04449	0.01985	0.00896	0.00287	0.00482	0.27286	0.00642	0.00592
145	0.01560	0.22236	0.46421	0.01765	0.02614	0.01876	0.05965	0.02215	0.03664	0.03884	0.01253	0.01436	0.00940	0.00643	0.00607	0.00200	0.00920	0.00500	0.00321	0.00978
146	0.01292	0.01216	0.02052	0.74312	0.04712	0.01520	0.01900	0.01748	0.01368	0.01748	0.01216	0.01824	0.00912	0.00684	0.00684	0.00228	0.00912	0.00608	0.00304	0.00760
147	0.00834	0.00595	0.00794	0.00953	0.00992	0.00556	0.00635	0.00953	0.01310	0.01746	0.03771	0.75510	0.04525	0.02143	0.00873	0.00278	0.00397	0.01945	0.00635	0.00556
148	0.01655	0.01615	0.02841	0.09499	0.59985	0.01627	0.08508	0.02081	0.01549	0.02193	0.01291	0.01718	0.01066	0.00612	0.00690	0.00208	0.00853	0.00628	0.00337	0.01043
149	0.01710	0.01655	0.02722	0.10434	0.31694	0.05863	0.17950	0.04267	0.01629	0.04997	0.01628	0.02151	0.03441	0.00741	0.00771	0.00220	0.03221	0.03559	0.00390	0.00954
150	0.80789	0.01323	0.01006	0.00900	0.01323	0.01535	0.00741	0.02011	0.01164	0.03070	0.00953	0.01111	0.00741	0.00635	0.00423	0.00212	0.00529	0.00370	0.00423	0.00741
151	0.01383	0.01068	0.01254	0.01198	0.01467	0.01148	0.00956	0.02399	0.31477	0.04798	0.23227	0.04546	0.03811	0.01296	0.00789	0.00246	0.00499	0.16888	0.00702	0.00847
152	0.00978	0.00731	0.01087	0.01087	0.01205	0.00848	0.00840	0.01214	0.01096	0.01579	0.01844	0.02751	0.01738	0.07632	0.70782	0.01084	0.01791	0.00742	0.00368	0.00604
153	0.19285	0.02265	0.19087	0.06678	0.10634	0.11567	0.16733	0.02182	0.01497	0.02286	0.01184	0.01483	0.00907	0.00635	0.00635	0.00212	0.00938	0.00552	0.00347	0.00894
154	0.04617	0.73719	0.03494	0.01161	0.01741	0.02666	0.01155	0.02047	0.01382	0.01661	0.00951	0.01098	0.00873	0.00587	0.00438	0.00149	0.00724	0.00366	0.00297	0.00873
155	0.00827	0.00679	0.00721	0.00739	0.00933	0.00581	0.00539	0.00996	0.01530	0.01869	0.09963	0.15656	0.56698	0.04065	0.00900	0.00250	0.00362	0.01485	0.00635	0.00573
156	0.00977	0.00733	0.01100	0.01100	0.01222	0.00855	0.00855	0.01222	0.01100	0.01588	0.01833	0.02688	0.01710	0.05131	0.73245	0.01100	0.01833	0.00733	0.00367	0.00611
157	0.02556	0.03261	0.01939	0.01763	0.02115	0.73210	0.01322	0.02732	0.01939	0.01674	0.01058	0.01234	0.00881	0.00705	0.00617	0.00176	0.01234	0.00441	0.00353	0.00793
158	0.00964	0.00668	0.00737	0.00737	0.00775	0.00649	0.00432	0.00993	0.01088	0.01412	0.02942	0.04824	0.13839	0.63732	0.03042	0.00592	0.00611	0.01069	0.00451	0.00441
159	0.01644	0.01365	0.01582	0.01170	0.01726	0.01216	0.00948	0.14348	0.01729	0.02579	0.01274	0.01466	0.01034	0.00611	0.00656	0.00134	0.05491	0.00458	0.00450	0.60118
160	0.01615	0.01845	0.04037	0.02884	0.03576	0.01730	0.69204	0.02191	0.01615	0.02191	0.01384	0.01845	0.01038	0.00577	0.00807	0.00231	0.01153	0.00807	0.00346	0.00923
161	0.01725	0.01512	0.02111	0.04831	0.20518	0.04205	0.08522	0.02707	0.28213	0.07150	0.02231	0.02454	0.03786	0.01010	0.03645	0.00258	0.00768	0.02822	0.00531	0.01001
162	0.02446	0.01026	0.01388	0.01111	0.01531	0.00899	0.00899	0.02727	0.01952	0.51549	0.23078	0.03155	0.03108	0.01011	0.00723	0.00213	0.00505	0.00851	0.00819	0.01010
163	0.00995	0.00663	0.00746	0.00746	0.00746	0.00663	0.00415	0.00995	0.00995	0.01327	0.02156	0.04477	0.02487	0.75957	0.03482	0.00663	0.00663	0.00995	0.00415	0.00415
164	0.01912	0.42774	0.17833	0.01483	0.02101	0.19912	0.01497	0.02243	0.01537	0.01744	0.01036	0.01205	0.00876	0.00629	0.00528	0.00169	0.00915	0.00414	0.00307	0.00885
165	0.01838	0.09523	0.02700	0.06530	0.51035	0.05906	0.01866	0.06200	0.01667	0.04449	0.01301	0.01627	0.01067	0.00636	0.00650	0.00197	0.00822	0.00577	0.00370	0.01039
166	0.03070	0.01164	0.01588	0.01217	0.01746	0.01006	0.01006	0.03334	0.01958	0.72163	0.02699	0.02329	0.01694	0.00847	0.00688	0.00212	0.00582	0.00688	0.00847	0.01164
167	0.00877	0.00729	0.03334	0.00946	0.01061	0.00612	0.00693	0.01065	0.01462	0.01968	0.17333	0.52579	0.10986	0.01905	0.00846	0.00259	0.00399	0.01708	0.00646	0.00592
168	0.01721	0.11820	0.37178	0.09387	0.07388	0.12833	0.01996	0.02259	0.01544	0.05962	0.01254	0.01476	0.00936	0.00663	0.00627	0.00202	0.00964	0.00506	0.00336	0.00949
169	0.02371	0.02015	0.25861	0.01725	0.08215	0.01258	0.01620	0.02829	0.01748	0.42222	0.02075	0.01972	0.01359	0.00759	0.00674	0.00213	0.00748	0.00619	0.00612	0.01105
170	0.04132	0.04857	0.46988	0.04233	0.02468	0.03804	0.01941	0.01965	0.01557	0.02280	0.16907	0.02250	0.02117	0.00818	0.00671	0.00213	0.00836	0.00662	0.00400	0.00899
171	0.01479	0.02996	0.55612	0.06414	0.02905	0.01532	0.04981	0.02170	0.01486	0.06805	0.03941	0.01682	0.01141	0.00708	0.00718	0.00220	0.03317	0.00567	0.00347	0.00980
172	0.00976	0.03752	0.00989	0.00860	0.01038	0.00715	0.00651	0.01264	0.01830	0.02529	0.56638	0.09661	0.13655	0.01453	0.00796	0.00218	0.00347	0.01272	0.00713	0.00641
173	0.01492	0.14281	0.57101	0.01913	0.05534	0.01774	0.02269	0.04269	0.01497	0.02154	0.01202	0.01409	0.00886	0.00644	0.00621	0.00205	0.00953	0.00492	0.00304	0.00999
174	0.20094	0.18516	0.18342	0.03279	0.02117	0.04176	0.01442	0.19858	0.01849	0.02792	0.01208	0.01347	0.00920	0.00680	0.00560	0.00196	0.00775	0.00474	0.00427	0.00947
175	0.01539	0.22139	0.51926	0.01735	0.02618	0.01897	0.02130	0.04856	0.01502	0.02111	0.01174	0.01363	0.00882	0.00640	0.00597	0.00198	0.00929	0.00474	0.00306	0.00983
176	0.01811	0.09141	0.22667	0.01539	0.02153	0.01672	0.03938	0.23608	0.04392	0.05671	0.08513	0.05145	0.04978	0.00895	0.00681	0.00210	0.00753	0.00726	0.00528	0.00979
177	0.01460	0.10634	0.57026	0.01880	0.05486	0.01638	0.02231	0.02135	0.01465	0.04359	0.01513	0.01685	0.04156	0.00698	0.00638	0.00209	0.00930	0.00545	0.00325	0.00985
178	0.04444	0.11012	0.28668	0.06007	0.02357	0.01487	0.03836	0.04298	0.01604	0.11923	0.05609	0.02679	0.01754	0.00897	0.00682	0.00223	0.00798	0.10340	0.00463	0.00918
179	0.01462	0.05225	0.50127	0.01769	0.02581	0.01512	0.04791	0.04847	0.03904	0.04590	0.08728	0.02111	0.01637	0.00786	0.00680	0.00218	0.00884	0.02786	0.00399	0.00966

[dist]
# distance from previous block
# <min> <max>
2	37

[block]
# block no. 2 follows, 31 sequences, length 11
# corresponding to MSA columns:
# 261-271
name=unknown_C
#
# <colnr> <probs for GDERKNQSTAVLIFYWHMCP>
#	G	D	E	R	K	N	Q	S	T	A	V	L	I	F	Y	W	H	M	C	P
0	0.20248	0.12818	0.16855	0.03542	0.01930	0.06877	0.01291	0.02227	0.06483	0.09629	0.02076	0.02114	0.09651	0.00816	0.00591	0.00205	0.00710	0.00605	0.00457	0.00873
1	0.08148	0.09277	0.16135	0.01425	0.02012	0.06491	0.01364	0.13729	0.07415	0.02569	0.01444	0.01731	0.01162	0.00733	0.00654	0.00187	0.03354	0.03053	0.00445	0.18670
2	0.01524	0.02622	0.43234	0.05429	0.02724	0.01536	0.07734	0.02178	0.03560	0.07862	0.03998	0.01984	0.01312	0.00797	0.00838	0.00230	0.07920	0.03182	0.00383	0.00953
3	0.00989	0.00688	0.00871	0.00871	0.00914	0.00731	0.00570	0.01075	0.01032	0.01419	0.02042	0.03846	0.02213	0.50986	0.28078	0.00817	0.01076	0.00903	0.00398	0.00484
4	0.00932	0.00698	0.00864	0.00822	0.01000	0.00630	0.00617	0.01220	0.01850	0.02539	0.56610	0.05447	0.21301	0.01475	0.00807	0.00219	0.00328	0.01284	0.00726	0.00630
5	0.01757	0.02441	0.40930	0.01616	0.02371	0.01296	0.01852	0.02325	0.01585	0.19304	0.01895	0.02466	0.01474	0.00848	0.00687	0.00220	0.00822	0.09104	0.00478	0.06530
6	0.15269	0.09920	0.01693	0.01164	0.01657	0.01273	0.00989	0.02838	0.01738	0.47961	0.02279	0.02366	0.01602	0.00855	0.00634	0.00211	0.00594	0.05231	0.00699	0.01026
7	0.01782	0.37457	0.19812	0.01444	0.02072	0.09028	0.01491	0.06278	0.07043	0.02068	0.04675	0.01540	0.01262	0.00694	0.00561	0.00180	0.00814	0.00497	0.00376	0.00924
8	0.02311	0.12899	0.02182	0.01479	0.02001	0.02127	0.01239	0.46595	0.16028	0.03628	0.01762	0.01739	0.01301	0.00807	0.00650	0.00202	0.00709	0.00609	0.00628	0.01105
9	0.01843	0.55860	0.14613	0.01352	0.01995	0.05149	0.01408	0.07409	0.01564	0.01916	0.01055	0.01202	0.00899	0.00619	0.00499	0.00164	0.00798	0.00411	0.00325	0.00919
10	0.01665	0.39480	0.25052	0.01482	0.02172	0.02118	0.03704	0.07057	0.01565	0.02031	0.01467	0.01739	0.04255	0.00718	0.00569	0.00185	0.00814	0.02656	0.00349	0.00921

[dist]
# distance from previous block
# <min> <max>
27	108

# created by:
# /home/cegg/simao/soft/augustus-3.2.1/scripts/msa2prfl.pl ./align_prep/EOG090W0F93.fa
