[name]
unknown

[dist]
# distance from previous block
# <min> <max>
5	95

[block]
# block no. 0 follows, 35 sequences, length 9
# corresponding to MSA columns:
# 118-126
name=unknown_A
#
# <colnr> <probs for GDERKNQSTAVLIFYWHMCP>
#	G	D	E	R	K	N	Q	S	T	A	V	L	I	F	Y	W	H	M	C	P
0	0.01547	0.01831	0.19362	0.02397	0.26090	0.01456	0.07620	0.02105	0.07651	0.08455	0.05670	0.01817	0.01362	0.00719	0.00800	0.00207	0.08981	0.00611	0.00393	0.00925
1	0.01398	0.01589	0.12492	0.02844	0.43491	0.01331	0.03615	0.01872	0.04426	0.02120	0.09301	0.02480	0.01820	0.00781	0.00666	0.00204	0.00712	0.07562	0.00390	0.00905
2	0.01150	0.07949	0.08610	0.01332	0.10657	0.01037	0.00999	0.05246	0.01587	0.02140	0.22991	0.07668	0.20610	0.01118	0.00674	0.00195	0.00493	0.00953	0.00518	0.04073
3	0.27259	0.01561	0.07195	0.02001	0.23692	0.01538	0.01321	0.12437	0.10388	0.04838	0.01351	0.01491	0.01033	0.00648	0.00555	0.00196	0.00638	0.00510	0.00438	0.00912
4	0.00963	0.00673	0.00880	0.00984	0.05838	0.00677	0.00582	0.01017	0.01040	0.01416	0.05895	0.11587	0.02447	0.46242	0.09831	0.07426	0.00684	0.00950	0.00405	0.00462
5	0.01065	0.00976	0.05122	0.01155	0.06228	0.00834	0.04688	0.05404	0.01484	0.01965	0.06271	0.04557	0.32839	0.08958	0.00962	0.00253	0.00504	0.08440	0.07659	0.00637
6	0.01305	0.04227	0.09792	0.04318	0.01730	0.01070	0.04601	0.07709	0.01448	0.02082	0.05490	0.10081	0.01698	0.08508	0.00848	0.00203	0.00592	0.00682	0.00417	0.33198
7	0.01498	0.01202	0.01680	0.01792	0.16410	0.01343	0.01199	0.06482	0.01410	0.09760	0.02220	0.09829	0.11703	0.01064	0.01123	0.00224	0.24873	0.00796	0.00446	0.04945
8	0.01606	0.04911	0.01724	0.01906	0.20276	0.22139	0.01190	0.02075	0.11746	0.01990	0.10199	0.05234	0.09074	0.00877	0.00635	0.00189	0.00706	0.00725	0.01999	0.00800

[dist]
# distance from previous block
# <min> <max>
5	16

[block]
# block no. 1 follows, 35 sequences, length 12
# corresponding to MSA columns:
# 144-155
name=unknown_B
#
# <colnr> <probs for GDERKNQSTAVLIFYWHMCP>
#	G	D	E	R	K	N	Q	S	T	A	V	L	I	F	Y	W	H	M	C	P
0	0.03632	0.06370	0.09698	0.03699	0.07259	0.10746	0.04418	0.07761	0.06440	0.05855	0.13055	0.02310	0.06654	0.00804	0.00618	0.00182	0.00669	0.00663	0.00467	0.08699
1	0.01662	0.08913	0.04773	0.13058	0.07420	0.12656	0.07115	0.09945	0.04406	0.06527	0.06158	0.09484	0.03476	0.00849	0.00639	0.00196	0.00746	0.00723	0.00443	0.00811
2	0.01231	0.01173	0.04099	0.20266	0.24027	0.01189	0.01407	0.01705	0.08590	0.01900	0.02259	0.16028	0.07242	0.01022	0.00688	0.00218	0.00644	0.05107	0.00425	0.00780
3	0.01285	0.01149	0.01791	0.16779	0.12545	0.01301	0.07065	0.01620	0.04110	0.04432	0.06429	0.07402	0.08857	0.05225	0.01123	0.00247	0.16705	0.00802	0.00404	0.00730
4	0.01105	0.00951	0.03781	0.03182	0.06029	0.00874	0.02495	0.01499	0.10114	0.03952	0.06565	0.11350	0.17433	0.17666	0.05478	0.00340	0.00586	0.00983	0.00493	0.05124
5	0.01806	0.45122	0.07160	0.04925	0.01916	0.17239	0.01225	0.05172	0.06867	0.01740	0.01087	0.01221	0.00912	0.00607	0.00492	0.00158	0.00786	0.00411	0.00327	0.00826
6	0.01556	0.52581	0.21877	0.01265	0.01913	0.02111	0.01391	0.01906	0.01304	0.01672	0.00968	0.01125	0.00821	0.00553	0.00463	0.00150	0.00731	0.00376	0.00278	0.06959
7	0.01902	0.04152	0.04887	0.05980	0.01903	0.01664	0.01159	0.44121	0.02313	0.03100	0.05314	0.02176	0.06828	0.05918	0.00900	0.00226	0.05340	0.00667	0.00546	0.00907
8	0.05483	0.01280	0.01447	0.01580	0.13346	0.12133	0.01021	0.01742	0.05653	0.07653	0.03753	0.03459	0.01358	0.02914	0.03566	0.25391	0.06580	0.00597	0.00385	0.00656
9	0.01462	0.01343	0.02236	0.08673	0.57290	0.01363	0.01715	0.01813	0.01396	0.02006	0.01367	0.01971	0.01199	0.04893	0.00769	0.00215	0.00717	0.03012	0.05654	0.00907
10	0.06003	0.01336	0.01859	0.05728	0.08745	0.03704	0.11834	0.07033	0.01477	0.05297	0.01242	0.01506	0.00987	0.00725	0.02550	0.03382	0.00689	0.00502	0.00388	0.35015
11	0.07441	0.06273	0.16158	0.01492	0.11235	0.01164	0.01213	0.03517	0.04201	0.06897	0.14031	0.10555	0.09399	0.00978	0.00640	0.00199	0.00575	0.00827	0.00482	0.02722

[dist]
# distance from previous block
# <min> <max>
0	1

[block]
# block no. 2 follows, 35 sequences, length 51
# corresponding to MSA columns:
# 157-207
name=unknown_C
#
# <colnr> <probs for GDERKNQSTAVLIFYWHMCP>
#	G	D	E	R	K	N	Q	S	T	A	V	L	I	F	Y	W	H	M	C	P
0	0.01933	0.01273	0.01491	0.01114	0.01642	0.01146	0.00906	0.18118	0.04000	0.19341	0.01584	0.01592	0.01149	0.00622	0.00552	0.00144	0.00540	0.00492	0.00539	0.41821
1	0.01363	0.01158	0.01375	0.01334	0.08482	0.03170	0.02683	0.11315	0.14221	0.02456	0.18753	0.03285	0.16757	0.01007	0.00667	0.00190	0.00500	0.00857	0.00565	0.09861
2	0.01681	0.74233	0.03255	0.01115	0.01630	0.02482	0.01101	0.01881	0.01273	0.01494	0.00879	0.01036	0.00815	0.00571	0.00491	0.00143	0.04490	0.00350	0.00272	0.00808
3	0.02004	0.43742	0.02626	0.01337	0.01781	0.35750	0.01150	0.02189	0.01522	0.01520	0.00927	0.01075	0.00816	0.00594	0.00483	0.00148	0.00891	0.00371	0.00297	0.00778
4	0.00924	0.00641	0.00808	0.00766	0.00919	0.00595	0.00575	0.01216	0.01724	0.02481	0.61677	0.04529	0.08862	0.01247	0.00713	0.00194	0.00300	0.01092	0.10145	0.00595
5	0.00986	0.00619	0.00893	0.00893	0.00944	0.00670	0.00635	0.00979	0.00928	0.01289	0.01508	0.02520	0.01503	0.14820	0.35399	0.32925	0.01079	0.00665	0.00321	0.00423
6	0.00910	0.00721	0.00875	0.00831	0.01018	0.00658	0.00614	0.01106	0.01399	0.01902	0.20628	0.19265	0.22648	0.05424	0.04875	0.00268	0.03141	0.01168	0.00551	0.11998
7	0.09739	0.01279	0.05280	0.07140	0.01951	0.01235	0.10422	0.11074	0.07376	0.09926	0.06348	0.04563	0.04225	0.04553	0.00800	0.00238	0.00653	0.11881	0.00521	0.00797
8	0.01487	0.01591	0.05881	0.27553	0.37013	0.07980	0.03715	0.01880	0.01414	0.01868	0.01206	0.01703	0.00990	0.00627	0.00633	0.00198	0.00833	0.02258	0.00309	0.00863
9	0.01080	0.00962	0.04860	0.01138	0.01321	0.00990	0.03106	0.04626	0.05212	0.01673	0.01694	0.02519	0.01579	0.13508	0.47899	0.00775	0.05369	0.00694	0.00369	0.00626
10	0.01039	0.00861	0.01218	0.01143	0.01208	0.01076	0.00890	0.01207	0.00991	0.01449	0.01512	0.02452	0.01495	0.15163	0.44168	0.00756	0.21785	0.00684	0.00330	0.00573
11	0.01443	0.01430	0.02584	0.24118	0.23280	0.01459	0.22470	0.04125	0.01447	0.01992	0.01206	0.01621	0.00942	0.00573	0.00651	0.00194	0.00845	0.00601	0.00323	0.08697
12	0.01232	0.00800	0.01238	0.03741	0.01311	0.00831	0.05963	0.03288	0.01053	0.03920	0.01294	0.04203	0.01216	0.02026	0.08952	0.48700	0.05041	0.00612	0.00328	0.04251
13	0.01373	0.01270	0.02015	0.14908	0.32321	0.01256	0.04967	0.01794	0.04267	0.02072	0.09643	0.01946	0.01580	0.00653	0.00617	0.00176	0.00664	0.00609	0.00380	0.17489
14	0.01090	0.00812	0.00980	0.00986	0.04675	0.02487	0.00696	0.03654	0.03508	0.04922	0.45126	0.06268	0.15849	0.01239	0.00714	0.00199	0.00374	0.01073	0.04696	0.00652
15	0.00925	0.00696	0.01020	0.01018	0.01120	0.00809	0.00786	0.01134	0.01026	0.01471	0.01757	0.02754	0.01694	0.10103	0.65082	0.00943	0.03619	0.03137	0.00350	0.00557
16	0.02016	0.10255	0.03970	0.01370	0.01842	0.06746	0.01150	0.35146	0.22061	0.03039	0.01683	0.01663	0.01258	0.00741	0.00600	0.00186	0.00668	0.00564	0.00555	0.04488
17	0.01022	0.00650	0.00788	0.00775	0.00872	0.00611	0.00516	0.01139	0.01278	0.07188	0.18100	0.16506	0.10263	0.35379	0.01853	0.00395	0.00472	0.01136	0.00537	0.00520
18	0.01738	0.03510	0.28360	0.05525	0.11497	0.01300	0.03231	0.06137	0.01612	0.20115	0.09126	0.01962	0.01589	0.00724	0.00633	0.00197	0.00727	0.00609	0.00471	0.00938
19	0.01413	0.16483	0.57653	0.01660	0.02503	0.01686	0.02055	0.05962	0.01424	0.02031	0.01115	0.01293	0.00821	0.00601	0.00570	0.00189	0.00878	0.00452	0.00289	0.00924
20	0.02846	0.01080	0.01472	0.01129	0.01619	0.00932	0.00932	0.03092	0.01816	0.74187	0.02503	0.02159	0.01570	0.00785	0.00638	0.00196	0.00540	0.00638	0.00785	0.01080
21	0.00820	0.00639	0.00744	0.00730	0.00903	0.00563	0.00543	0.01041	0.01593	0.02092	0.37236	0.10110	0.37736	0.01488	0.00753	0.00210	0.00314	0.01280	0.00640	0.00563
22	0.01421	0.05669	0.15644	0.03797	0.17450	0.01525	0.32310	0.01904	0.01439	0.02007	0.05380	0.03789	0.01304	0.00653	0.00716	0.00204	0.02901	0.00684	0.00335	0.00868
23	0.01669	0.01259	0.01017	0.00930	0.01159	0.19083	0.00702	0.01911	0.01503	0.11382	0.04101	0.02201	0.01590	0.04609	0.00650	0.00183	0.00553	0.00586	0.44233	0.00680
24	0.01361	0.01344	0.01872	0.01610	0.01610	0.01867	0.01331	0.01492	0.00969	0.01510	0.00899	0.01546	0.00917	0.05481	0.02147	0.00297	0.72212	0.00576	0.00284	0.00676
25	0.01254	0.01227	0.02201	0.63053	0.06085	0.01442	0.12358	0.01692	0.01308	0.01696	0.01153	0.01691	0.00868	0.00617	0.00651	0.00211	0.00877	0.00592	0.00289	0.00736
26	0.01280	0.03227	0.71980	0.01838	0.02765	0.01478	0.04728	0.02010	0.01345	0.02010	0.01143	0.01352	0.00809	0.00600	0.00608	0.00201	0.00942	0.00478	0.00270	0.00935
27	0.01432	0.01210	0.01309	0.01198	0.01504	0.01379	0.00926	0.02879	0.57136	0.02466	0.06667	0.02842	0.03989	0.04997	0.04778	0.00280	0.00558	0.02932	0.00616	0.00902
28	0.01363	0.01347	0.01876	0.01613	0.01613	0.01872	0.01334	0.01494	0.00969	0.01511	0.00895	0.01536	0.00912	0.05207	0.02143	0.00296	0.72483	0.00575	0.00283	0.00677
29	0.01388	0.01388	0.01943	0.01666	0.01666	0.01943	0.01388	0.01527	0.00972	0.01527	0.00833	0.01388	0.00833	0.01110	0.02082	0.00278	0.76544	0.00555	0.00278	0.00694
30	0.01315	0.01128	0.01315	0.00940	0.01503	0.00846	0.00752	0.01597	0.01315	0.02067	0.01128	0.01315	0.00940	0.00470	0.00470	0.00094	0.00470	0.00376	0.00376	0.81583
31	0.01592	0.04297	0.08322	0.01397	0.01821	0.01635	0.03429	0.06859	0.55204	0.02573	0.02235	0.02127	0.01680	0.00817	0.00680	0.00212	0.02895	0.00669	0.00575	0.00981
32	0.01012	0.00734	0.00977	0.01057	0.01217	0.00721	0.00892	0.03401	0.01560	0.02058	0.16489	0.08717	0.09717	0.01634	0.00833	0.00264	0.00507	0.47009	0.00607	0.00596
33	0.00964	0.00710	0.00982	0.00974	0.01074	0.00802	0.00734	0.02850	0.01090	0.01545	0.01955	0.06437	0.03175	0.16756	0.49198	0.00807	0.03682	0.03029	0.02688	0.00550
34	0.02334	0.07038	0.01879	0.01605	0.01943	0.71273	0.01218	0.02499	0.01771	0.01549	0.00975	0.01137	0.00817	0.00648	0.00563	0.00162	0.01119	0.00405	0.00324	0.00740
35	0.01522	0.01340	0.07065	0.01394	0.08102	0.08914	0.03285	0.05857	0.03315	0.11180	0.15168	0.12843	0.04866	0.01108	0.02499	0.00218	0.00609	0.00867	0.09080	0.00768
36	0.01315	0.01128	0.01315	0.00940	0.01503	0.00846	0.00752	0.01597	0.01315	0.02067	0.01128	0.01315	0.00940	0.00470	0.00470	0.00094	0.00470	0.00376	0.00376	0.81583
37	0.04835	0.19325	0.05793	0.01459	0.01867	0.40814	0.02931	0.02331	0.07652	0.01711	0.01144	0.01308	0.00949	0.00845	0.04286	0.00209	0.00978	0.00442	0.00342	0.00779
38	0.02662	0.01349	0.07658	0.01226	0.01756	0.01103	0.01084	0.11260	0.01916	0.59660	0.02270	0.02014	0.01447	0.00767	0.00635	0.00196	0.00592	0.00616	0.00724	0.01068
39	0.01322	0.04991	0.03458	0.01270	0.08427	0.04190	0.00895	0.05081	0.01384	0.04385	0.03660	0.12220	0.05616	0.11407	0.05800	0.00280	0.00639	0.00768	0.00433	0.23773
40	0.00827	0.00615	0.00770	0.00797	0.00921	0.00558	0.00573	0.01035	0.01531	0.02070	0.36783	0.29520	0.18486	0.01590	0.00769	0.00222	0.00327	0.01406	0.00640	0.00558
41	0.01473	0.01512	0.01458	0.01579	0.11466	0.21505	0.01052	0.01719	0.03701	0.01702	0.03272	0.08251	0.05008	0.08642	0.11397	0.00354	0.08245	0.02274	0.04711	0.00681
42	0.02046	0.00902	0.01211	0.00993	0.01343	0.00793	0.00794	0.02306	0.01786	0.44967	0.28264	0.04914	0.04847	0.01017	0.00684	0.00199	0.00444	0.00865	0.00745	0.00880
43	0.01444	0.04996	0.07341	0.06112	0.10178	0.09327	0.04365	0.06935	0.07622	0.01978	0.07487	0.04317	0.01756	0.11914	0.07172	0.00325	0.04872	0.00693	0.00410	0.00756
44	0.00906	0.00652	0.00739	0.00732	0.00905	0.00572	0.00531	0.01072	0.01441	0.05668	0.16499	0.15224	0.42048	0.08949	0.00992	0.00256	0.00364	0.01293	0.00598	0.00558
45	0.01327	0.12959	0.65221	0.01715	0.02601	0.01607	0.02181	0.01995	0.01333	0.01942	0.01105	0.01298	0.00805	0.00595	0.00577	0.00192	0.00904	0.00452	0.00268	0.00922
46	0.00796	0.00571	0.00732	0.00851	0.00899	0.00535	0.00569	0.00902	0.01203	0.01587	0.03523	0.61388	0.08944	0.11080	0.01099	0.00299	0.00400	0.03554	0.00564	0.00503
47	0.02120	0.27153	0.02277	0.01434	0.01834	0.46518	0.01169	0.05530	0.01671	0.01646	0.00991	0.01153	0.00847	0.00720	0.02278	0.00176	0.00986	0.00400	0.00324	0.00773
48	0.00963	0.00688	0.00954	0.01100	0.01220	0.00679	0.00919	0.01212	0.01402	0.01832	0.03392	0.23854	0.03781	0.01808	0.00860	0.00284	0.00533	0.53366	0.00585	0.00568
49	0.01532	0.01656	0.09763	0.08043	0.10330	0.01520	0.26995	0.06164	0.14278	0.04521	0.01622	0.05306	0.01290	0.00719	0.00730	0.00212	0.03302	0.00710	0.00414	0.00893
50	0.40709	0.01242	0.01343	0.03081	0.08754	0.01328	0.00951	0.04466	0.07928	0.22211	0.01537	0.01546	0.01090	0.00671	0.00519	0.00197	0.00546	0.00492	0.00520	0.00867

[dist]
# distance from previous block
# <min> <max>
0	1

[block]
# block no. 3 follows, 35 sequences, length 24
# corresponding to MSA columns:
# 209-231,234
name=unknown_D
#
# <colnr> <probs for GDERKNQSTAVLIFYWHMCP>
#	G	D	E	R	K	N	Q	S	T	A	V	L	I	F	Y	W	H	M	C	P
0	0.01532	0.05810	0.25508	0.01407	0.06065	0.01146	0.01359	0.01994	0.03478	0.16813	0.16217	0.02551	0.07294	0.00845	0.00634	0.00191	0.00622	0.00702	0.00501	0.05329
1	0.01571	0.01498	0.02504	0.03731	0.69235	0.01512	0.01888	0.02036	0.05899	0.02109	0.01280	0.01620	0.01063	0.00584	0.00629	0.00190	0.00738	0.00575	0.00335	0.01005
2	0.06025	0.06331	0.07733	0.02825	0.44336	0.01460	0.04494	0.03916	0.01478	0.05791	0.02806	0.01930	0.06770	0.00677	0.00616	0.00190	0.00707	0.00613	0.00374	0.00927
3	0.05980	0.01893	0.01666	0.01461	0.01829	0.24410	0.05466	0.02949	0.42482	0.02283	0.01916	0.01877	0.01464	0.00762	0.00616	0.00198	0.00736	0.00604	0.00513	0.00895
4	0.01400	0.01350	0.02345	0.35974	0.38721	0.01470	0.05977	0.01807	0.01369	0.01869	0.01169	0.01632	0.00932	0.00594	0.00638	0.00200	0.00813	0.00575	0.00300	0.00863
5	0.00972	0.00700	0.00849	0.00829	0.00909	0.00722	0.00548	0.01158	0.05470	0.01442	0.02008	0.07796	0.02157	0.47690	0.19190	0.00633	0.00833	0.00877	0.00402	0.04815
6	0.00918	0.00639	0.00825	0.00844	0.00978	0.00587	0.00624	0.01143	0.01559	0.04518	0.37500	0.26585	0.12836	0.01554	0.00772	0.00225	0.00351	0.06312	0.00648	0.00582
7	0.05892	0.42363	0.25707	0.01475	0.05966	0.02041	0.01518	0.05206	0.01382	0.01879	0.01011	0.01175	0.00827	0.00576	0.00491	0.00165	0.00756	0.00404	0.00296	0.00870
8	0.04572	0.09993	0.06377	0.03888	0.07679	0.22241	0.01232	0.10892	0.06921	0.07484	0.01316	0.01426	0.01015	0.00642	0.00561	0.00167	0.00781	0.00476	0.00419	0.11918
9	0.00913	0.00614	0.00703	0.00708	0.00719	0.00609	0.00408	0.00937	0.00990	0.01328	0.06304	0.08067	0.02624	0.69166	0.02954	0.00571	0.00583	0.00983	0.00414	0.00404
10	0.01858	0.01665	0.02013	0.01612	0.02032	0.07638	0.12844	0.24580	0.25733	0.02808	0.04091	0.01902	0.01468	0.00789	0.00754	0.00207	0.05866	0.00654	0.00539	0.00947
11	0.10642	0.01323	0.01876	0.50244	0.13000	0.05365	0.01607	0.05236	0.01384	0.01936	0.01120	0.01562	0.00859	0.00627	0.00602	0.00203	0.00801	0.00531	0.00319	0.00763
12	0.00921	0.00705	0.00827	0.00857	0.01027	0.00673	0.00657	0.01273	0.07932	0.01983	0.15947	0.18651	0.27693	0.01539	0.00757	0.00230	0.00385	0.12710	0.04638	0.00596
13	0.01546	0.00855	0.01075	0.00930	0.01209	0.00792	0.00727	0.05869	0.03908	0.23266	0.34178	0.07320	0.13353	0.01178	0.00710	0.00203	0.00405	0.01010	0.00698	0.00766
14	0.02878	0.14139	0.08378	0.01242	0.04864	0.03521	0.01044	0.04622	0.01479	0.16287	0.01965	0.15033	0.01807	0.02563	0.00660	0.00196	0.00590	0.04614	0.03890	0.10228
15	0.00943	0.00731	0.00842	0.00851	0.01034	0.00704	0.00635	0.01330	0.10747	0.03431	0.11707	0.22050	0.32727	0.01718	0.04596	0.00267	0.00440	0.04035	0.00599	0.00614
16	0.01374	0.01229	0.01403	0.01127	0.05386	0.04050	0.00836	0.01656	0.01343	0.02046	0.01125	0.01322	0.00938	0.00483	0.00483	0.00102	0.00514	0.00387	0.00370	0.73826
17	0.01409	0.01435	0.01832	0.08482	0.01881	0.08068	0.01343	0.01580	0.01073	0.01528	0.00961	0.01534	0.00919	0.02869	0.07316	0.00324	0.55914	0.00560	0.00289	0.00683
18	0.01429	0.01292	0.01711	0.04245	0.24606	0.04953	0.01192	0.03376	0.01420	0.03363	0.05116	0.02054	0.05718	0.05243	0.00818	0.00189	0.04673	0.00592	0.00389	0.27621
19	0.00904	0.00620	0.00696	0.00696	0.00722	0.00611	0.00406	0.00927	0.00981	0.01288	0.02464	0.04315	0.09898	0.67583	0.04922	0.00583	0.00613	0.00960	0.00405	0.00406
20	0.01663	0.23501	0.20370	0.05035	0.05691	0.14801	0.01465	0.03608	0.03667	0.02937	0.01110	0.01290	0.00890	0.00602	0.00556	0.00165	0.01968	0.00435	0.00322	0.09927
21	0.01481	0.01207	0.01803	0.12393	0.02044	0.01502	0.05146	0.01712	0.01227	0.11406	0.05200	0.05701	0.01477	0.01149	0.03718	0.00272	0.39016	0.02415	0.00396	0.00736
22	0.47440	0.10344	0.07448	0.01251	0.05387	0.05339	0.04501	0.01947	0.03623	0.02454	0.04404	0.01341	0.01039	0.00626	0.00476	0.00189	0.00617	0.00439	0.00380	0.00756
23	0.01314	0.02687	0.51758	0.02020	0.08877	0.01445	0.10603	0.02012	0.04919	0.02028	0.01363	0.05657	0.01085	0.00681	0.00636	0.00205	0.00884	0.00598	0.00315	0.00913

[dist]
# distance from previous block
# <min> <max>
0	1

[block]
# block no. 4 follows, 35 sequences, length 14
# corresponding to MSA columns:
# 236-249
name=unknown_E
#
# <colnr> <probs for GDERKNQSTAVLIFYWHMCP>
#	G	D	E	R	K	N	Q	S	T	A	V	L	I	F	Y	W	H	M	C	P
0	0.01560	0.04359	0.31745	0.02033	0.15598	0.14447	0.03685	0.02017	0.01462	0.04364	0.02877	0.01724	0.05236	0.00693	0.00660	0.00191	0.03393	0.00551	0.00337	0.03070
1	0.01261	0.01184	0.01960	0.60092	0.14398	0.01383	0.01716	0.01667	0.01298	0.01720	0.01137	0.01646	0.00876	0.00612	0.00621	0.00200	0.00805	0.00550	0.00293	0.06579
2	0.01651	0.07506	0.01899	0.05933	0.13918	0.06532	0.03076	0.09103	0.30852	0.02374	0.01854	0.03346	0.01485	0.00766	0.00620	0.00195	0.00652	0.02523	0.00492	0.05223
3	0.00800	0.00635	0.00719	0.00719	0.00893	0.00554	0.00531	0.01000	0.01533	0.01971	0.27660	0.13449	0.44193	0.01549	0.00756	0.00214	0.00319	0.01328	0.00624	0.00554
4	0.00816	0.00594	0.00733	0.00825	0.00925	0.00545	0.00587	0.00973	0.01326	0.01757	0.08033	0.47055	0.20366	0.01769	0.00776	0.00240	0.00365	0.06465	0.05316	0.00534
5	0.02104	0.00915	0.01235	0.01003	0.01364	0.00805	0.00805	0.02370	0.01808	0.46906	0.29505	0.03142	0.03252	0.00980	0.00680	0.00198	0.00448	0.00832	0.00752	0.00896
6	0.00910	0.00614	0.00692	0.00698	0.00707	0.00608	0.00396	0.00921	0.00955	0.01265	0.02233	0.07135	0.05195	0.71690	0.03035	0.00585	0.00594	0.00974	0.00401	0.00396
7	0.01682	0.00899	0.00998	0.00869	0.01146	0.00914	0.00684	0.08920	0.10283	0.16814	0.02164	0.02242	0.01599	0.00765	0.00525	0.00170	0.00409	0.00614	0.47517	0.00786
8	0.01664	0.01582	0.02538	0.03600	0.63667	0.05534	0.04941	0.02031	0.01482	0.05060	0.01240	0.01578	0.01016	0.00578	0.00631	0.00188	0.00780	0.00568	0.00335	0.00987
9	0.22275	0.01610	0.07566	0.01389	0.06545	0.05969	0.01107	0.18183	0.13910	0.05471	0.01576	0.03335	0.01212	0.00729	0.00558	0.00194	0.00620	0.00552	0.06318	0.00881
10	0.03683	0.04965	0.09170	0.03277	0.06197	0.12658	0.08781	0.05025	0.03906	0.03144	0.01281	0.04320	0.01072	0.00641	0.00610	0.00162	0.02799	0.00528	0.00374	0.27407
11	0.01580	0.14992	0.42412	0.01790	0.06339	0.08887	0.04561	0.08582	0.01542	0.02073	0.01127	0.01313	0.00850	0.00608	0.00578	0.00186	0.00888	0.00468	0.00313	0.00912
12	0.01214	0.06068	0.11220	0.01101	0.01416	0.02694	0.00984	0.01632	0.08174	0.07153	0.08298	0.24434	0.09873	0.01382	0.02178	0.00237	0.00551	0.08146	0.00536	0.02712
13	0.01258	0.01293	0.05299	0.03568	0.08756	0.03036	0.26063	0.01622	0.01477	0.03599	0.09631	0.10398	0.14553	0.00974	0.00710	0.00208	0.00695	0.00944	0.05176	0.00740

[dist]
# distance from previous block
# <min> <max>
0	1

[block]
# block no. 5 follows, 35 sequences, length 51
# corresponding to MSA columns:
# 251-270,283-313
name=unknown_F
#
# <colnr> <probs for GDERKNQSTAVLIFYWHMCP>
#	G	D	E	R	K	N	Q	S	T	A	V	L	I	F	Y	W	H	M	C	P
0	0.01344	0.08305	0.32431	0.01660	0.06884	0.01294	0.08443	0.01811	0.01416	0.07325	0.06400	0.10770	0.07440	0.00885	0.00650	0.00203	0.00733	0.00770	0.00404	0.00833
1	0.02581	0.01027	0.01382	0.01089	0.01530	0.00902	0.00888	0.02860	0.03388	0.63697	0.06180	0.05498	0.01919	0.00863	0.00645	0.00198	0.00512	0.00714	0.03111	0.01015
2	0.01288	0.04340	0.09192	0.14396	0.13001	0.01171	0.02745	0.04695	0.05030	0.05035	0.09282	0.16719	0.06427	0.01049	0.00682	0.00213	0.00620	0.02879	0.00467	0.00769
3	0.01741	0.20812	0.25995	0.01818	0.12903	0.08692	0.02704	0.02152	0.01460	0.12157	0.01394	0.01515	0.02709	0.00637	0.00567	0.00179	0.00797	0.00496	0.00364	0.00908
4	0.02748	0.01147	0.01503	0.01162	0.01648	0.01045	0.00957	0.08351	0.05515	0.65167	0.02432	0.02121	0.01551	0.00787	0.00638	0.00197	0.00550	0.00637	0.00767	0.01076
5	0.82186	0.01227	0.00932	0.00834	0.01227	0.01423	0.00687	0.01865	0.01080	0.02846	0.00883	0.01031	0.00687	0.00589	0.00393	0.00196	0.00491	0.00344	0.00393	0.00687
6	0.05073	0.01084	0.01457	0.01120	0.01608	0.00946	0.00926	0.03057	0.01795	0.72185	0.02457	0.02128	0.01546	0.00780	0.00631	0.00196	0.00538	0.00630	0.00774	0.01069
7	0.01608	0.06525	0.03145	0.01363	0.01701	0.09303	0.04260	0.04917	0.36922	0.03926	0.07731	0.05615	0.01976	0.00901	0.00762	0.00209	0.07001	0.00720	0.00538	0.00878
8	0.01034	0.00719	0.00906	0.00950	0.01063	0.00721	0.00674	0.01376	0.10079	0.06049	0.10043	0.48333	0.03727	0.06826	0.00967	0.00269	0.02061	0.02992	0.00597	0.00613
9	0.01879	0.00921	0.01179	0.00980	0.01311	0.00850	0.00780	0.05496	0.04651	0.34729	0.28523	0.03276	0.06569	0.01010	0.00674	0.00196	0.00435	0.00855	0.04834	0.00850
10	0.73612	0.01164	0.00916	0.00825	0.01185	0.01337	0.00668	0.01781	0.01114	0.02752	0.05167	0.01394	0.01073	0.04267	0.00547	0.00216	0.00485	0.00418	0.00410	0.00668
11	0.54593	0.15211	0.01482	0.00948	0.01385	0.01605	0.00816	0.06309	0.01310	0.09898	0.01087	0.01173	0.00824	0.00611	0.00435	0.00185	0.00543	0.00387	0.00425	0.00774
12	0.07267	0.01047	0.01242	0.01309	0.09477	0.02858	0.00888	0.04620	0.15016	0.04508	0.29428	0.07623	0.07011	0.01070	0.00676	0.00203	0.00461	0.01987	0.00591	0.02719
13	0.05597	0.20306	0.44030	0.01506	0.02249	0.01701	0.01774	0.07254	0.01422	0.02056	0.01094	0.01282	0.00835	0.00649	0.00607	0.02879	0.00810	0.00440	0.00306	0.03203
14	0.05534	0.00616	0.00737	0.00826	0.00919	0.00582	0.00568	0.00967	0.01269	0.01748	0.08279	0.53014	0.15391	0.05369	0.00886	0.00260	0.00375	0.01558	0.00575	0.00528
15	0.00784	0.00644	0.00690	0.00678	0.00878	0.00550	0.00509	0.00976	0.01526	0.01904	0.21766	0.05792	0.58032	0.01536	0.00749	0.00211	0.00316	0.01295	0.00614	0.00550
16	0.01682	0.01606	0.02471	0.03610	0.65371	0.07121	0.01851	0.02038	0.01486	0.04915	0.01229	0.01561	0.01013	0.00581	0.00624	0.00187	0.00775	0.00556	0.00334	0.00987
17	0.03857	0.06536	0.07969	0.04756	0.25046	0.05475	0.17564	0.09225	0.01595	0.02176	0.01421	0.04860	0.01234	0.00714	0.00653	0.00200	0.00820	0.04641	0.00372	0.00885
18	0.00901	0.00665	0.00735	0.00706	0.00907	0.00575	0.00526	0.01088	0.01515	0.05573	0.21383	0.05476	0.50135	0.05933	0.00888	0.00233	0.00345	0.01235	0.00612	0.00569
19	0.01463	0.01630	0.05331	0.02536	0.10465	0.01519	0.50714	0.02078	0.07966	0.02072	0.01536	0.04919	0.01258	0.00663	0.00728	0.00215	0.00938	0.02735	0.00366	0.00866
20	0.04346	0.17715	0.05843	0.03912	0.07350	0.28799	0.04863	0.08889	0.07484	0.03322	0.01211	0.01356	0.00964	0.00643	0.00563	0.00174	0.00872	0.00474	0.00376	0.00846
21	0.82186	0.01227	0.00932	0.00834	0.01227	0.01423	0.00687	0.01865	0.01080	0.02846	0.00883	0.01031	0.00687	0.00589	0.00393	0.00196	0.00491	0.00344	0.00393	0.00687
22	0.01674	0.28282	0.25722	0.01465	0.02102	0.04326	0.06475	0.05614	0.03688	0.09038	0.04939	0.01543	0.01207	0.00648	0.00559	0.00178	0.00768	0.00506	0.00378	0.00888
23	0.00824	0.00610	0.00732	0.00767	0.00871	0.00558	0.00528	0.00974	0.01366	0.01803	0.21189	0.28412	0.22141	0.14880	0.01200	0.00294	0.00382	0.01369	0.00580	0.00518
24	0.01935	0.05992	0.02004	0.01681	0.08367	0.07775	0.09800	0.24596	0.02004	0.11724	0.03973	0.10556	0.01706	0.00899	0.00665	0.00201	0.00711	0.03981	0.00533	0.00898
25	0.00944	0.00646	0.00828	0.00877	0.00979	0.00615	0.00623	0.01094	0.01339	0.05969	0.12822	0.44648	0.13606	0.06231	0.00973	0.00263	0.03028	0.03362	0.00592	0.00562
26	0.01840	0.04747	0.06359	0.04145	0.16634	0.05496	0.07499	0.21039	0.06602	0.06334	0.01421	0.01626	0.01095	0.02277	0.00729	0.00197	0.03770	0.00566	0.00449	0.07174
27	0.01572	0.47848	0.20545	0.01273	0.01871	0.07766	0.01361	0.01900	0.01353	0.01642	0.01377	0.01496	0.06374	0.00648	0.00494	0.00160	0.00751	0.00453	0.00299	0.00817
28	0.00912	0.00657	0.00902	0.00901	0.00976	0.00726	0.00647	0.01062	0.01008	0.01419	0.03787	0.03125	0.01956	0.29762	0.48371	0.00858	0.01287	0.00776	0.00365	0.00505
29	0.01564	0.28896	0.08684	0.01988	0.07728	0.03666	0.28222	0.01949	0.01385	0.01812	0.01091	0.01381	0.00891	0.00568	0.00643	0.00179	0.03888	0.00535	0.00300	0.04630
30	0.01030	0.00761	0.00954	0.00913	0.01031	0.00827	0.00664	0.04057	0.06099	0.01749	0.10698	0.03379	0.05990	0.26118	0.27799	0.00620	0.02986	0.00837	0.02922	0.00567
31	0.00851	0.00642	0.00749	0.00724	0.00886	0.00576	0.00532	0.01073	0.01576	0.02111	0.39683	0.05145	0.31478	0.07709	0.00945	0.00238	0.00334	0.01186	0.03010	0.00556
32	0.00893	0.00640	0.00792	0.00786	0.00939	0.00576	0.00577	0.01118	0.01592	0.04267	0.40477	0.19555	0.22447	0.01498	0.00758	0.00215	0.00326	0.01312	0.00652	0.00580
33	0.02682	0.01101	0.01441	0.01115	0.01581	0.00993	0.00918	0.08737	0.01877	0.62783	0.02387	0.02121	0.01533	0.00780	0.00623	0.00192	0.00534	0.00629	0.06929	0.01042
34	0.01356	0.01673	0.13565	0.01671	0.01825	0.01836	0.01525	0.01594	0.01032	0.01603	0.00905	0.01410	0.00848	0.01127	0.03823	0.00285	0.62368	0.00545	0.00278	0.00730
35	0.01437	0.01184	0.01437	0.01212	0.07048	0.00986	0.00880	0.05335	0.05171	0.04426	0.03780	0.01545	0.01198	0.00551	0.00514	0.00119	0.00501	0.00453	0.00422	0.61798
36	0.04704	0.32280	0.05842	0.01385	0.01844	0.34071	0.01204	0.08521	0.01660	0.01816	0.00996	0.01135	0.00835	0.00615	0.00509	0.00158	0.00889	0.00397	0.00332	0.00806
37	0.00782	0.00642	0.00676	0.00693	0.00877	0.00553	0.00515	0.00936	0.01395	0.01684	0.05740	0.09654	0.59991	0.07459	0.00951	0.00252	0.00363	0.05739	0.00573	0.00526
38	0.00804	0.00578	0.00750	0.00870	0.00927	0.00542	0.00597	0.00929	0.01244	0.01647	0.05989	0.59725	0.08561	0.07717	0.00993	0.00283	0.00396	0.06355	0.00577	0.00514
39	0.01507	0.01167	0.01360	0.01050	0.01534	0.01035	0.00837	0.02105	0.16640	0.09025	0.03631	0.01721	0.01354	0.00625	0.00578	0.00138	0.02660	0.00501	0.00479	0.52052
40	0.01382	0.22710	0.55954	0.01620	0.02455	0.01743	0.02017	0.01981	0.01326	0.01875	0.01072	0.01256	0.00806	0.00587	0.00552	0.00184	0.00870	0.00435	0.00269	0.00905
41	0.00783	0.00568	0.00741	0.00868	0.00927	0.00526	0.00593	0.00910	0.01264	0.01672	0.06524	0.66547	0.09936	0.01922	0.00804	0.00253	0.00368	0.03677	0.00593	0.00522
42	0.01149	0.00803	0.00982	0.00931	0.01125	0.00790	0.00702	0.06303	0.08673	0.06560	0.35667	0.20183	0.08929	0.01372	0.00741	0.00217	0.00385	0.03151	0.00659	0.00677
43	0.01524	0.00925	0.01144	0.00987	0.01298	0.00842	0.00758	0.07133	0.04447	0.17950	0.13498	0.23384	0.02847	0.01138	0.00664	0.00192	0.00444	0.00988	0.02921	0.16914
44	0.00767	0.00609	0.00689	0.00742	0.00886	0.00531	0.00529	0.00916	0.01378	0.01724	0.08997	0.32894	0.43636	0.01733	0.00772	0.00230	0.00338	0.01504	0.00595	0.00531
45	0.01230	0.01160	0.01960	0.69977	0.10323	0.01418	0.01778	0.01649	0.01284	0.01660	0.01133	0.01681	0.00859	0.00628	0.00634	0.00209	0.00838	0.00564	0.00285	0.00730
46	0.72264	0.01360	0.01017	0.00900	0.01296	0.07039	0.00731	0.01903	0.01146	0.02711	0.00902	0.01053	0.00709	0.00588	0.00410	0.00189	0.00540	0.00350	0.00387	0.04506
47	0.00768	0.00570	0.00718	0.00836	0.00908	0.00519	0.00568	0.00889	0.01260	0.01638	0.04074	0.63251	0.17862	0.01912	0.00798	0.00249	0.00359	0.01712	0.00589	0.00519
48	0.00866	0.00625	0.00839	0.00978	0.01066	0.00598	0.00747	0.01049	0.01321	0.01731	0.03615	0.46483	0.08031	0.01876	0.00831	0.00268	0.00447	0.27496	0.00587	0.00543
49	0.01589	0.01493	0.02482	0.09558	0.63987	0.01526	0.01889	0.05986	0.01520	0.02149	0.01207	0.01577	0.00996	0.00582	0.00629	0.00190	0.00758	0.00565	0.00330	0.00985
50	0.03774	0.01337	0.02141	0.31407	0.36846	0.01475	0.01734	0.01977	0.09282	0.01985	0.01313	0.01690	0.01038	0.00625	0.00626	0.00200	0.00754	0.00575	0.00341	0.00880

[dist]
# distance from previous block
# <min> <max>
0	1

[block]
# block no. 6 follows, 35 sequences, length 16
# corresponding to MSA columns:
# 315-330
name=unknown_G
#
# <colnr> <probs for GDERKNQSTAVLIFYWHMCP>
#	G	D	E	R	K	N	Q	S	T	A	V	L	I	F	Y	W	H	M	C	P
0	0.01442	0.01376	0.02343	0.28862	0.49784	0.01473	0.01883	0.01834	0.01384	0.01917	0.01171	0.01612	0.00950	0.00589	0.00630	0.00196	0.00785	0.00565	0.00303	0.00901
1	0.00927	0.00627	0.00739	0.00748	0.00767	0.00637	0.00457	0.00964	0.00963	0.01291	0.02057	0.04197	0.02329	0.67011	0.09056	0.00629	0.00703	0.05091	0.00393	0.00412
2	0.01315	0.01128	0.01315	0.00940	0.01503	0.00846	0.00752	0.01597	0.01315	0.02067	0.01128	0.01315	0.00940	0.00470	0.00470	0.00094	0.00470	0.00376	0.00376	0.81583
3	0.02258	0.02520	0.01890	0.06183	0.02152	0.51024	0.04927	0.11289	0.04203	0.05907	0.01210	0.01351	0.00937	0.00674	0.00599	0.00176	0.01011	0.00479	0.00398	0.00811
4	0.01348	0.01110	0.01245	0.01017	0.01410	0.04932	0.02272	0.01777	0.09252	0.06531	0.13756	0.05507	0.09152	0.00879	0.00607	0.00160	0.00484	0.02521	0.00513	0.35528
5	0.01505	0.01435	0.02255	0.31027	0.40906	0.04225	0.01810	0.05662	0.01475	0.01988	0.01179	0.01598	0.00942	0.00605	0.00629	0.00196	0.00800	0.00559	0.00320	0.00885
6	0.01990	0.05328	0.01881	0.05781	0.09488	0.19061	0.04629	0.15911	0.04516	0.12335	0.01726	0.09982	0.01473	0.00849	0.00639	0.00195	0.00768	0.02086	0.00491	0.00870
7	0.63571	0.01400	0.08027	0.00954	0.01383	0.01382	0.00863	0.05112	0.01257	0.02794	0.07257	0.01407	0.01178	0.00660	0.00455	0.00197	0.00527	0.00436	0.00419	0.00722
8	0.01776	0.01448	0.01483	0.01304	0.01681	0.05414	0.01021	0.07070	0.58867	0.08902	0.02432	0.02238	0.01798	0.00838	0.00640	0.00209	0.00550	0.00686	0.00640	0.01001
9	0.00840	0.00617	0.00808	0.00900	0.00994	0.00560	0.00627	0.00985	0.01266	0.01720	0.06786	0.63165	0.03972	0.01808	0.00781	0.00242	0.00385	0.05382	0.00576	0.07586
10	0.39004	0.11572	0.05395	0.01125	0.01548	0.01671	0.00993	0.10563	0.08076	0.06206	0.01210	0.01318	0.00932	0.00685	0.00618	0.00197	0.07194	0.00445	0.00433	0.00815
11	0.03441	0.05886	0.01291	0.01022	0.01342	0.09625	0.00803	0.03424	0.09908	0.06344	0.12798	0.05411	0.05515	0.04755	0.00732	0.00197	0.00536	0.03955	0.07546	0.15470
12	0.01807	0.45493	0.10575	0.01344	0.01839	0.21354	0.01278	0.02054	0.01407	0.01567	0.00933	0.01109	0.00815	0.00614	0.00577	0.00159	0.05606	0.00385	0.00286	0.00799
13	0.00831	0.00619	0.00781	0.00855	0.00970	0.00569	0.00631	0.01019	0.01424	0.01876	0.18839	0.36019	0.19730	0.01724	0.00793	0.00241	0.00375	0.11546	0.00611	0.00547
14	0.10357	0.01367	0.07277	0.01567	0.13458	0.02963	0.01130	0.06970	0.06689	0.12360	0.07119	0.01960	0.01565	0.01059	0.07078	0.00253	0.00685	0.00585	0.05154	0.10404
15	0.13435	0.08050	0.18266	0.05587	0.03554	0.06923	0.04015	0.13438	0.01673	0.11574	0.01471	0.01844	0.01148	0.00730	0.00591	0.00197	0.00748	0.05435	0.00443	0.00878

[dist]
# distance from previous block
# <min> <max>
0	6

[block]
# block no. 7 follows, 35 sequences, length 11
# corresponding to MSA columns:
# 337-347
name=unknown_H
#
# <colnr> <probs for GDERKNQSTAVLIFYWHMCP>
#	G	D	E	R	K	N	Q	S	T	A	V	L	I	F	Y	W	H	M	C	P
0	0.05941	0.08177	0.02169	0.05983	0.02145	0.20897	0.11571	0.09088	0.06610	0.05459	0.01233	0.01460	0.00977	0.00738	0.00870	0.00202	0.14738	0.00534	0.00388	0.00817
1	0.82186	0.01227	0.00932	0.00834	0.01227	0.01423	0.00687	0.01865	0.01080	0.02846	0.00883	0.01031	0.00687	0.00589	0.00393	0.00196	0.00491	0.00344	0.00393	0.00687
2	0.00905	0.00802	0.01070	0.00940	0.01194	0.00725	0.08486	0.01221	0.05638	0.01923	0.15433	0.07964	0.48501	0.01412	0.00746	0.00214	0.00414	0.01226	0.00578	0.00607
3	0.01643	0.14854	0.11149	0.02030	0.14867	0.05015	0.13222	0.12244	0.03725	0.02236	0.05042	0.01745	0.01282	0.00687	0.00673	0.00189	0.03858	0.02109	0.00386	0.03044
4	0.00982	0.00756	0.01066	0.01050	0.01191	0.00881	0.00817	0.01384	0.09042	0.01605	0.01798	0.02478	0.01625	0.04321	0.66837	0.00929	0.01565	0.00684	0.00374	0.00615
5	0.01665	0.05781	0.01662	0.06750	0.03650	0.01490	0.03123	0.24225	0.18380	0.04395	0.06630	0.02602	0.11849	0.01065	0.03675	0.00233	0.00635	0.00745	0.00562	0.00884
6	0.04388	0.09571	0.01454	0.01026	0.01402	0.01017	0.00852	0.02308	0.01654	0.40641	0.13887	0.07269	0.02461	0.00963	0.00639	0.00197	0.00497	0.04785	0.04113	0.00876
7	0.01321	0.01156	0.05557	0.01716	0.18442	0.01050	0.01129	0.06723	0.07162	0.06063	0.07569	0.13996	0.13677	0.03433	0.00785	0.00230	0.00553	0.08135	0.00525	0.00777
8	0.01534	0.01277	0.01981	0.18184	0.33060	0.01272	0.01498	0.03893	0.01447	0.08094	0.01401	0.05343	0.01166	0.00656	0.00608	0.00179	0.00679	0.00595	0.00382	0.16751
9	0.01636	0.40128	0.13715	0.01396	0.01909	0.11158	0.04789	0.01929	0.01331	0.01633	0.00980	0.01207	0.00848	0.00732	0.02609	0.00189	0.08848	0.00421	0.00287	0.04254
10	0.01459	0.06408	0.35813	0.01684	0.06365	0.03498	0.06174	0.04378	0.01445	0.08144	0.01627	0.13183	0.01433	0.00823	0.00632	0.00199	0.00773	0.00704	0.00388	0.04868

[dist]
# distance from previous block
# <min> <max>
2	15

[block]
# block no. 8 follows, 35 sequences, length 8
# corresponding to MSA columns:
# 363-370
name=unknown_I
#
# <colnr> <probs for GDERKNQSTAVLIFYWHMCP>
#	G	D	E	R	K	N	Q	S	T	A	V	L	I	F	Y	W	H	M	C	P
0	0.01345	0.01425	0.06073	0.02170	0.21752	0.03803	0.16740	0.01715	0.01473	0.02056	0.10963	0.06435	0.05835	0.00780	0.00657	0.00184	0.00694	0.00750	0.00405	0.14746
1	0.01738	0.27513	0.10567	0.01615	0.10346	0.17228	0.01309	0.08494	0.01644	0.02004	0.10420	0.01676	0.01531	0.00694	0.00556	0.00169	0.00767	0.00522	0.00377	0.00831
2	0.00942	0.00628	0.00784	0.00793	0.00850	0.00661	0.00532	0.01057	0.01024	0.01477	0.02009	0.08021	0.02113	0.40267	0.25102	0.00658	0.00895	0.00860	0.10851	0.00476
3	0.68071	0.01243	0.01054	0.00907	0.01318	0.01399	0.00747	0.06247	0.01281	0.11250	0.01111	0.01192	0.00814	0.00622	0.00436	0.00196	0.00509	0.00392	0.00453	0.00757
4	0.01259	0.01050	0.01210	0.05340	0.01449	0.05495	0.03915	0.06891	0.14281	0.01988	0.06866	0.15979	0.09785	0.11179	0.01181	0.07422	0.00560	0.00970	0.02524	0.00656
5	0.00976	0.00755	0.00949	0.10570	0.01445	0.00734	0.00777	0.01264	0.03983	0.04684	0.13807	0.09548	0.36344	0.01424	0.00747	0.00224	0.00439	0.10152	0.00573	0.00609
6	0.01638	0.14406	0.16623	0.03133	0.04428	0.04703	0.07631	0.03747	0.11687	0.11329	0.04224	0.01924	0.01411	0.04898	0.05267	0.00262	0.00794	0.00596	0.00433	0.00866
7	0.01447	0.00879	0.01063	0.00964	0.01218	0.00872	0.00739	0.02041	0.17551	0.16950	0.25816	0.12936	0.06096	0.01151	0.00686	0.00206	0.00403	0.00994	0.07214	0.00773

[dist]
# distance from previous block
# <min> <max>
0	3

[block]
# block no. 9 follows, 35 sequences, length 9
# corresponding to MSA columns:
# 374-382
name=unknown_J
#
# <colnr> <probs for GDERKNQSTAVLIFYWHMCP>
#	G	D	E	R	K	N	Q	S	T	A	V	L	I	F	Y	W	H	M	C	P
0	0.01691	0.01453	0.08805	0.02951	0.01763	0.02650	0.04368	0.19300	0.03267	0.10146	0.06791	0.02219	0.06729	0.02383	0.00660	0.00182	0.00600	0.00640	0.06317	0.17082
1	0.00840	0.00630	0.00679	0.00678	0.00839	0.00561	0.00487	0.01011	0.01403	0.01832	0.15236	0.08494	0.43187	0.12044	0.01065	0.00263	0.00358	0.01199	0.08664	0.00529
2	0.74102	0.01240	0.00983	0.00880	0.01269	0.01439	0.00719	0.02016	0.08253	0.02827	0.01054	0.01165	0.00812	0.00616	0.00418	0.00198	0.00492	0.00381	0.00418	0.00719
3	0.01570	0.01372	0.01573	0.08860	0.07887	0.04594	0.01120	0.10956	0.31590	0.02448	0.01988	0.08225	0.01642	0.00830	0.00627	0.00193	0.00593	0.00700	0.00523	0.12711
4	0.00850	0.00629	0.00815	0.00876	0.00987	0.00564	0.00608	0.01009	0.01317	0.01812	0.14229	0.57796	0.04130	0.01717	0.00764	0.00231	0.00368	0.01548	0.00583	0.09167
5	0.01864	0.29996	0.04589	0.01333	0.01789	0.16575	0.04566	0.13500	0.01699	0.05144	0.01393	0.09358	0.01263	0.00765	0.00556	0.00170	0.00756	0.00586	0.00405	0.03694
6	0.01050	0.00795	0.01120	0.01206	0.01333	0.00866	0.01038	0.01319	0.01364	0.01816	0.02923	0.06072	0.03143	0.01987	0.08488	0.00364	0.08790	0.55206	0.00527	0.00594
7	0.01669	0.38552	0.17073	0.01322	0.01856	0.14006	0.01319	0.05858	0.01471	0.01761	0.01249	0.08812	0.01168	0.00731	0.00527	0.00169	0.00777	0.00537	0.00332	0.00811
8	0.03580	0.01099	0.03457	0.01102	0.01444	0.01034	0.00891	0.08363	0.10494	0.24716	0.07569	0.17952	0.05949	0.01102	0.00722	0.00209	0.03189	0.00924	0.00631	0.05573

[dist]
# distance from previous block
# <min> <max>
5	30

[block]
# block no. 10 follows, 35 sequences, length 8
# corresponding to MSA columns:
# 413-420
name=unknown_K
#
# <colnr> <probs for GDERKNQSTAVLIFYWHMCP>
#	G	D	E	R	K	N	Q	S	T	A	V	L	I	F	Y	W	H	M	C	P
0	0.02223	0.02779	0.01819	0.01639	0.01917	0.64208	0.01250	0.02383	0.01674	0.01549	0.00958	0.01181	0.00819	0.00722	0.00798	0.00181	0.12421	0.00431	0.00319	0.00729
1	0.00882	0.00629	0.00792	0.00852	0.00925	0.00617	0.00603	0.01011	0.01193	0.01577	0.06349	0.23201	0.10341	0.27741	0.08018	0.00443	0.00596	0.13235	0.00503	0.00493
2	0.06910	0.06295	0.01932	0.12088	0.09952	0.01475	0.07228	0.11265	0.14211	0.14152	0.04505	0.02021	0.03685	0.00746	0.00624	0.00198	0.00655	0.00638	0.00512	0.00909
3	0.01803	0.01097	0.01525	0.01299	0.03437	0.01095	0.06946	0.14318	0.01741	0.23235	0.06330	0.13592	0.04406	0.04379	0.07375	0.00297	0.03070	0.00871	0.02350	0.00834
4	0.00966	0.00620	0.00812	0.00867	0.00968	0.00570	0.00605	0.01124	0.01380	0.07450	0.18250	0.50276	0.06817	0.05067	0.00888	0.00255	0.00376	0.01518	0.00618	0.00572
5	0.00806	0.00613	0.00769	0.00821	0.00938	0.00576	0.00590	0.00978	0.01344	0.01771	0.15153	0.34043	0.24107	0.02182	0.11907	0.00350	0.00543	0.01397	0.00569	0.00542
6	0.01544	0.08132	0.24593	0.07930	0.21616	0.07248	0.10976	0.04630	0.03670	0.02019	0.01198	0.01474	0.00928	0.00599	0.00616	0.00192	0.00872	0.00535	0.00318	0.00910
7	0.01779	0.50651	0.02643	0.01155	0.01622	0.05273	0.01078	0.07371	0.01514	0.07992	0.01446	0.02079	0.01324	0.00766	0.00522	0.00170	0.00675	0.10727	0.00393	0.00820

[dist]
# distance from previous block
# <min> <max>
0	1

[block]
# block no. 11 follows, 35 sequences, length 13
# corresponding to MSA columns:
# 422-431,433-435
name=unknown_L
#
# <colnr> <probs for GDERKNQSTAVLIFYWHMCP>
#	G	D	E	R	K	N	Q	S	T	A	V	L	I	F	Y	W	H	M	C	P
0	0.00822	0.00629	0.00756	0.00775	0.00924	0.00563	0.00572	0.01030	0.01529	0.02015	0.30947	0.20865	0.30254	0.01577	0.00767	0.00221	0.00334	0.04233	0.00630	0.00557
1	0.01592	0.05033	0.03179	0.01477	0.01734	0.23996	0.08172	0.01936	0.07633	0.01666	0.01473	0.03715	0.01377	0.10919	0.08987	0.00343	0.12538	0.03162	0.00367	0.00700
2	0.01819	0.15116	0.02132	0.03624	0.07070	0.04479	0.04964	0.23920	0.08196	0.04651	0.01668	0.05076	0.02616	0.00846	0.00748	0.00200	0.07374	0.04131	0.00478	0.00892
3	0.01340	0.01237	0.10616	0.03195	0.09984	0.01006	0.03956	0.01700	0.01524	0.10353	0.15122	0.04227	0.02900	0.01182	0.00797	0.00236	0.03419	0.25924	0.00529	0.00754
4	0.01306	0.01210	0.01978	0.30660	0.31914	0.01287	0.01601	0.01659	0.01337	0.01844	0.01452	0.11122	0.01340	0.00762	0.00639	0.00198	0.00715	0.00704	0.00342	0.07930
5	0.01315	0.01128	0.01315	0.00940	0.01503	0.00846	0.00752	0.01597	0.01315	0.02067	0.01128	0.01315	0.00940	0.00470	0.00470	0.00094	0.00470	0.00376	0.00376	0.81583
6	0.01549	0.01542	0.02198	0.10928	0.46667	0.09991	0.01710	0.01888	0.01454	0.01925	0.01423	0.02231	0.01294	0.00749	0.00698	0.00204	0.03108	0.09218	0.00345	0.00879
7	0.01159	0.01045	0.01706	0.50865	0.10006	0.01219	0.01493	0.01547	0.01415	0.01890	0.18936	0.02431	0.02126	0.00791	0.00662	0.00206	0.00703	0.00708	0.00387	0.00707
8	0.01545	0.20845	0.16792	0.01448	0.03588	0.01547	0.09148	0.07933	0.01455	0.04753	0.03221	0.01521	0.01085	0.00804	0.00798	0.10406	0.00718	0.00503	0.00356	0.11533
9	0.61531	0.01545	0.04275	0.01016	0.01421	0.10320	0.00853	0.02092	0.07857	0.02636	0.01065	0.01182	0.00824	0.00623	0.00447	0.00194	0.00590	0.00392	0.00403	0.00733
10	0.04613	0.05837	0.12788	0.08238	0.05854	0.04479	0.01246	0.02023	0.10323	0.08726	0.01688	0.10692	0.01463	0.00815	0.00658	0.00188	0.03803	0.00662	0.00434	0.15470
11	0.00939	0.00615	0.00675	0.00675	0.00713	0.00605	0.00401	0.00991	0.01023	0.01418	0.02421	0.04109	0.08869	0.60913	0.02647	0.00519	0.00547	0.00920	0.10576	0.00425
12	0.00779	0.00644	0.00684	0.00674	0.00875	0.00548	0.00505	0.00968	0.01516	0.01879	0.19791	0.05833	0.60022	0.01545	0.00749	0.00211	0.00317	0.01301	0.00611	0.00548

[dist]
# distance from previous block
# <min> <max>
0	5

[block]
# block no. 12 follows, 35 sequences, length 7
# corresponding to MSA columns:
# 441-447
