[name]
unknown

[dist]
# distance from previous block
# <min> <max>
0	68

[block]
# block no. 0 follows, 36 sequences, length 73
# corresponding to MSA columns:
# 85-157
name=unknown_A
#
# <colnr> <probs for GDERKNQSTAVLIFYWHMCP>
#	G	D	E	R	K	N	Q	S	T	A	V	L	I	F	Y	W	H	M	C	P
0	0.01543	0.01296	0.01816	0.03467	0.18170	0.02747	0.07686	0.10274	0.17693	0.05588	0.06181	0.02994	0.04189	0.00923	0.00684	0.00213	0.00640	0.12516	0.00514	0.00867
1	0.01959	0.00862	0.01095	0.00909	0.01234	0.00788	0.00726	0.02280	0.04292	0.39148	0.14530	0.02618	0.02311	0.00847	0.00591	0.00181	0.00420	0.00702	0.23666	0.00841
2	0.01411	0.01348	0.02314	0.19106	0.51927	0.01400	0.04387	0.01779	0.01369	0.01911	0.01308	0.06503	0.01155	0.00659	0.00634	0.00195	0.00746	0.00640	0.00319	0.00888
3	0.00761	0.00632	0.00666	0.00657	0.00857	0.00537	0.00493	0.00942	0.01479	0.01822	0.17844	0.05767	0.62345	0.01526	0.00736	0.00208	0.00312	0.01283	0.00597	0.00537
4	0.68902	0.01180	0.01006	0.00869	0.01271	0.01315	0.00716	0.02037	0.01184	0.15057	0.01139	0.01201	0.00823	0.00611	0.00427	0.00193	0.00490	0.00387	0.00451	0.00741
5	0.01292	0.01107	0.01292	0.00923	0.01477	0.00831	0.00738	0.01569	0.01292	0.02030	0.01107	0.01292	0.00923	0.00461	0.00461	0.00092	0.00461	0.00369	0.00369	0.81912
6	0.02368	0.01745	0.01870	0.01434	0.01932	0.01932	0.01184	0.72139	0.02929	0.03927	0.01496	0.01496	0.01060	0.00748	0.00623	0.00187	0.00686	0.00561	0.00623	0.01060
7	0.00758	0.00632	0.00661	0.00654	0.00855	0.00535	0.00491	0.00936	0.01472	0.01806	0.16462	0.05795	0.63738	0.01532	0.00736	0.00208	0.00312	0.01287	0.00595	0.00535
8	0.00759	0.00542	0.00723	0.00868	0.00904	0.00506	0.00578	0.00868	0.01193	0.01591	0.03434	0.77697	0.04121	0.01952	0.00795	0.00253	0.00361	0.01771	0.00578	0.00506
9	0.02291	0.02672	0.01739	0.01538	0.01883	0.60245	0.01172	0.14335	0.01947	0.01964	0.01094	0.01232	0.00876	0.00663	0.00568	0.00164	0.01018	0.00435	0.03388	0.00775
10	0.02728	0.01115	0.01473	0.01135	0.01615	0.01004	0.00936	0.07711	0.04066	0.67645	0.02396	0.02085	0.01521	0.00772	0.00627	0.00193	0.00540	0.00625	0.00757	0.01058
11	0.01683	0.76506	0.03226	0.01080	0.01608	0.04376	0.01070	0.01882	0.01279	0.01467	0.00869	0.01003	0.00800	0.00536	0.00404	0.00134	0.00678	0.00335	0.00268	0.00798
12	0.00784	0.00553	0.00716	0.00835	0.00865	0.00523	0.00544	0.00874	0.01144	0.01525	0.03183	0.65134	0.03804	0.14947	0.01201	0.00313	0.00403	0.01624	0.00544	0.00484
13	0.02469	0.01471	0.01679	0.01293	0.01773	0.01539	0.01066	0.46200	0.02483	0.27775	0.01841	0.01737	0.01242	0.00755	0.00618	0.00187	0.00619	0.00584	0.03627	0.01042
14	0.01595	0.09815	0.05035	0.05354	0.10237	0.13305	0.28823	0.01948	0.01388	0.01769	0.01077	0.01441	0.00881	0.00650	0.00875	0.00202	0.13930	0.00573	0.00300	0.00802
15	0.00759	0.00542	0.00723	0.00868	0.00904	0.00506	0.00578	0.00868	0.01193	0.01591	0.03434	0.77697	0.04121	0.01952	0.00795	0.00253	0.00361	0.01771	0.00578	0.00506
16	0.01504	0.01436	0.13933	0.01302	0.01638	0.01270	0.01195	0.13304	0.01458	0.10889	0.01523	0.01967	0.01261	0.05938	0.26053	0.00496	0.13040	0.00602	0.00416	0.00774
17	0.01517	0.10169	0.30353	0.14301	0.02493	0.07476	0.02965	0.04152	0.03063	0.08396	0.07983	0.01741	0.01373	0.00683	0.00596	0.00189	0.00788	0.00548	0.00375	0.00839
18	0.01365	0.15976	0.59184	0.01657	0.02494	0.01610	0.03650	0.01982	0.01322	0.03710	0.01112	0.01290	0.00813	0.00585	0.00563	0.00187	0.00871	0.00449	0.00278	0.00902
19	0.02134	0.01519	0.01620	0.01268	0.01698	0.01670	0.01039	0.58419	0.02614	0.03615	0.01600	0.01656	0.01164	0.00744	0.00587	0.00179	0.00609	0.00565	0.16333	0.00967
20	0.01373	0.01707	0.11354	0.16799	0.03284	0.01494	0.46455	0.01924	0.03214	0.01945	0.03381	0.01739	0.01074	0.00582	0.00694	0.00208	0.00957	0.00679	0.00321	0.00817
21	0.01350	0.01284	0.02181	0.42168	0.37378	0.01430	0.01816	0.01743	0.01328	0.01802	0.01138	0.01605	0.00905	0.00591	0.00620	0.00197	0.00788	0.00554	0.00292	0.00832
22	0.00795	0.00569	0.00759	0.00871	0.00932	0.00533	0.00606	0.00946	0.01305	0.01762	0.15449	0.60862	0.04388	0.01822	0.00789	0.00245	0.00363	0.05882	0.00596	0.00524
23	0.00758	0.00547	0.00718	0.00855	0.00901	0.00507	0.00573	0.00869	0.01204	0.01595	0.03581	0.74033	0.07690	0.01933	0.00792	0.00251	0.00359	0.01748	0.00578	0.00507
24	0.01679	0.47474	0.04746	0.01111	0.01569	0.07743	0.01035	0.07031	0.01540	0.05455	0.13468	0.01734	0.01722	0.00697	0.00503	0.00155	0.00641	0.00509	0.00393	0.00793
25	0.02061	0.17529	0.01942	0.01337	0.01715	0.36580	0.01078	0.16634	0.01850	0.02107	0.01184	0.01322	0.00952	0.00652	0.00527	0.00159	0.00840	0.00443	0.10296	0.00790
26	0.68709	0.14392	0.01317	0.00861	0.01272	0.01580	0.00742	0.01837	0.01095	0.02569	0.00867	0.01010	0.00696	0.00571	0.00388	0.00183	0.00513	0.00337	0.00365	0.00696
27	0.02583	0.01108	0.01440	0.01136	0.01596	0.01024	0.00928	0.03083	0.13952	0.62354	0.02471	0.02155	0.01604	0.00784	0.00628	0.00196	0.00524	0.00640	0.00748	0.01048
28	0.01602	0.65275	0.02928	0.01042	0.01578	0.02186	0.01010	0.01815	0.01270	0.01562	0.00907	0.01049	0.00821	0.00521	0.00410	0.00126	0.00631	0.00339	0.00284	0.14641
29	0.00910	0.00675	0.00994	0.01019	0.01133	0.00764	0.00808	0.01138	0.01073	0.01512	0.01954	0.03267	0.01920	0.05858	0.61208	0.00870	0.01458	0.12508	0.00376	0.00555
30	0.00759	0.00542	0.00723	0.00868	0.00904	0.00506	0.00578	0.00868	0.01193	0.01591	0.03434	0.77697	0.04121	0.01952	0.00795	0.00253	0.00361	0.01771	0.00578	0.00506
31	0.01363	0.01363	0.01908	0.01636	0.01636	0.01908	0.01363	0.01499	0.00954	0.01499	0.00818	0.01363	0.00818	0.01091	0.02045	0.00273	0.76963	0.00545	0.00273	0.00682
32	0.00784	0.00553	0.00716	0.00835	0.00865	0.00523	0.00544	0.00874	0.01144	0.01525	0.03183	0.65134	0.03804	0.14947	0.01201	0.00313	0.00403	0.01624	0.00544	0.00484
33	0.01666	0.78478	0.03265	0.01066	0.01599	0.02465	0.01066	0.01866	0.01266	0.01466	0.00866	0.00999	0.00800	0.00533	0.00400	0.00133	0.00666	0.00333	0.00267	0.00800
34	0.00882	0.00637	0.00833	0.00784	0.00931	0.00588	0.00588	0.01176	0.01764	0.02499	0.73888	0.04654	0.05879	0.01274	0.00735	0.00196	0.00294	0.01127	0.00686	0.00588
35	0.01004	0.00717	0.01004	0.01147	0.01291	0.00717	0.01004	0.01291	0.01434	0.01865	0.03299	0.07028	0.03586	0.01721	0.00861	0.00287	0.00574	0.70023	0.00574	0.00574
36	0.01666	0.78478	0.03265	0.01066	0.01599	0.02465	0.01066	0.01866	0.01266	0.01466	0.00866	0.00999	0.00800	0.00533	0.00400	0.00133	0.00666	0.00333	0.00267	0.00800
37	0.82504	0.01205	0.00916	0.00819	0.01205	0.01398	0.00675	0.01832	0.01060	0.02795	0.00868	0.01012	0.00675	0.00578	0.00386	0.00193	0.00482	0.00337	0.00386	0.00675
38	0.01347	0.01252	0.01661	0.01436	0.01526	0.01640	0.01176	0.04688	0.10115	0.01911	0.13529	0.02050	0.01826	0.01077	0.01586	0.00248	0.51143	0.00665	0.00403	0.00719
39	0.00906	0.00604	0.00680	0.00680	0.00680	0.00604	0.00378	0.00906	0.00906	0.01208	0.01963	0.04077	0.02265	0.78103	0.03171	0.00604	0.00604	0.00906	0.00378	0.00378
40	0.00882	0.00637	0.00833	0.00784	0.00931	0.00588	0.00588	0.01176	0.01764	0.02499	0.73888	0.04654	0.05879	0.01274	0.00735	0.00196	0.00294	0.01127	0.00686	0.00588
41	0.01292	0.01107	0.01292	0.00923	0.01477	0.00831	0.00738	0.01569	0.01292	0.02030	0.01107	0.01292	0.00923	0.00461	0.00461	0.00092	0.00461	0.00369	0.00369	0.81912
42	0.02327	0.02970	0.01766	0.01605	0.01926	0.75602	0.01204	0.02488	0.01766	0.01525	0.00963	0.01124	0.00803	0.00642	0.00562	0.00161	0.01124	0.00401	0.00321	0.00722
43	0.00759	0.00576	0.00702	0.00800	0.00895	0.00519	0.00557	0.00889	0.01273	0.01628	0.04356	0.52555	0.26573	0.01825	0.00778	0.00240	0.00353	0.03630	0.00578	0.00514
44	0.01750	0.01438	0.01522	0.01309	0.01697	0.01643	0.01035	0.20181	0.55894	0.02930	0.02281	0.02121	0.01695	0.00821	0.00631	0.00205	0.00540	0.00669	0.00631	0.01004
45	0.00898	0.00603	0.00679	0.00682	0.00689	0.00600	0.00385	0.00905	0.00927	0.01230	0.02117	0.05797	0.04293	0.74260	0.03050	0.00585	0.00591	0.00937	0.00388	0.00385
46	0.82504	0.01205	0.00916	0.00819	0.01205	0.01398	0.00675	0.01832	0.01060	0.02795	0.00868	0.01012	0.00675	0.00578	0.00386	0.00193	0.00482	0.00337	0.00386	0.00675
47	0.01294	0.01216	0.01695	0.01492	0.01510	0.01646	0.01219	0.01428	0.01014	0.03239	0.01303	0.14407	0.01399	0.01230	0.01798	0.00267	0.62090	0.00756	0.00337	0.00661
48	0.01388	0.01146	0.01329	0.00963	0.01507	0.00910	0.00772	0.05433	0.03199	0.03677	0.01193	0.01346	0.00968	0.00493	0.00478	0.00102	0.00476	0.00393	0.00398	0.73829
49	0.00852	0.00620	0.00805	0.00818	0.00942	0.00573	0.00606	0.01093	0.01586	0.02191	0.48380	0.22050	0.09685	0.01482	0.00757	0.00216	0.00330	0.05804	0.00646	0.00564
50	0.00850	0.00620	0.00799	0.00787	0.00920	0.00569	0.00578	0.01102	0.01641	0.02284	0.56890	0.17218	0.10591	0.01412	0.00745	0.00207	0.00307	0.01251	0.00660	0.00569
51	0.01542	0.01480	0.02529	0.03824	0.74217	0.01480	0.01912	0.01912	0.01419	0.02036	0.01172	0.01542	0.00987	0.00555	0.00617	0.00185	0.00740	0.00555	0.00308	0.00987
52	0.01395	0.00806	0.00830	0.00745	0.00959	0.00842	0.00580	0.15104	0.01620	0.02633	0.01929	0.02163	0.01493	0.00730	0.00472	0.00153	0.00367	0.00577	0.65931	0.00673
53	0.00759	0.00542	0.00723	0.00868	0.00904	0.00506	0.00578	0.00868	0.01193	0.01591	0.03434	0.77697	0.04121	0.01952	0.00795	0.00253	0.00361	0.01771	0.00578	0.00506
54	0.01208	0.01151	0.01876	0.63812	0.03838	0.01474	0.01668	0.01576	0.01196	0.01576	0.01058	0.01610	0.00828	0.00703	0.00866	0.00219	0.13822	0.00552	0.00276	0.00690
55	0.05345	0.02066	0.01841	0.16969	0.13341	0.35978	0.01369	0.05394	0.03141	0.07090	0.01185	0.01405	0.00919	0.00641	0.00584	0.00180	0.00903	0.00483	0.00366	0.00800
56	0.01809	0.01517	0.02319	0.03178	0.55093	0.06512	0.03402	0.02146	0.01506	0.14391	0.01379	0.01615	0.01068	0.00597	0.00618	0.00185	0.00738	0.00561	0.00388	0.00978
57	0.00752	0.00614	0.00664	0.00688	0.00860	0.00527	0.00502	0.00910	0.01402	0.01726	0.10774	0.19753	0.55410	0.01628	0.00748	0.00218	0.00323	0.01389	0.00587	0.00527
58	0.01480	0.01366	0.02112	0.04788	0.44309	0.01299	0.03174	0.04011	0.03377	0.02095	0.01200	0.01493	0.00989	0.00542	0.00573	0.00159	0.00657	0.00507	0.00345	0.25526
59	0.01712	0.33479	0.07520	0.01692	0.07205	0.14046	0.13323	0.03915	0.08110	0.01808	0.01159	0.01331	0.00947	0.00589	0.00539	0.00167	0.00813	0.00477	0.00330	0.00839
60	0.02594	0.03028	0.01469	0.01107	0.01567	0.01009	0.00913	0.05455	0.05611	0.62709	0.04477	0.02159	0.01654	0.00782	0.00620	0.00191	0.00525	0.00635	0.02470	0.01026
61	0.01010	0.01086	0.13378	0.00890	0.01062	0.00789	0.00731	0.03283	0.01038	0.01422	0.01805	0.03526	0.01976	0.62492	0.02653	0.00522	0.00661	0.00819	0.00366	0.00491
62	0.00909	0.00622	0.00755	0.00763	0.00791	0.00641	0.00485	0.00965	0.00955	0.01289	0.01996	0.03982	0.02226	0.60849	0.15394	0.00652	0.00784	0.05139	0.00382	0.00420
63	0.01321	0.16065	0.62655	0.01655	0.02509	0.01621	0.02091	0.01955	0.01307	0.01887	0.01075	0.01262	0.00791	0.00582	0.00559	0.00186	0.00877	0.00439	0.00264	0.00900
64	0.01496	0.01249	0.01344	0.01198	0.01526	0.01414	0.00933	0.08014	0.55754	0.02685	0.14636	0.02661	0.02519	0.00911	0.00650	0.00207	0.00473	0.00766	0.00642	0.00924
65	0.01363	0.01363	0.01908	0.01636	0.01636	0.01908	0.01363	0.01499	0.00954	0.01499	0.00818	0.01363	0.00818	0.01091	0.02045	0.00273	0.76963	0.00545	0.00273	0.00682
66	0.00962	0.00687	0.00956	0.01100	0.01225	0.00681	0.00931	0.01219	0.01393	0.01818	0.03322	0.19088	0.03677	0.01761	0.00849	0.00281	0.00538	0.58376	0.00575	0.00562
67	0.01004	0.00717	0.01004	0.01147	0.01291	0.00717	0.01004	0.01291	0.01434	0.01865	0.03299	0.07028	0.03586	0.01721	0.00861	0.00287	0.00574	0.70023	0.00574	0.00574
68	0.00857	0.00636	0.00798	0.00758	0.00916	0.00577	0.00568	0.01128	0.01705	0.02359	0.62356	0.04883	0.17498	0.01326	0.00735	0.00198	0.00298	0.01159	0.00668	0.00577
69	0.01953	0.01523	0.01888	0.01460	0.01906	0.01635	0.09839	0.47088	0.06882	0.03362	0.13885	0.02109	0.01920	0.00816	0.00657	0.00193	0.00652	0.00688	0.00596	0.00947
70	0.01838	0.07313	0.16498	0.09055	0.15343	0.33092	0.01580	0.02178	0.01533	0.04398	0.01094	0.01317	0.00863	0.00612	0.00576	0.00176	0.00935	0.00459	0.00316	0.00824
71	0.01292	0.01107	0.01292	0.00923	0.01477	0.00831	0.00738	0.01569	0.01292	0.02030	0.01107	0.01292	0.00923	0.00461	0.00461	0.00092	0.00461	0.00369	0.00369	0.81912
72	0.03592	0.08330	0.35699	0.01759	0.02361	0.03594	0.14304	0.01834	0.01281	0.01847	0.01258	0.04286	0.02508	0.00733	0.00854	0.00209	0.13860	0.00576	0.00298	0.00820

[dist]
# distance from previous block
# <min> <max>
0	28

[block]
# block no. 1 follows, 36 sequences, length 22
# corresponding to MSA columns:
# 186-207
name=unknown_B
#
# <colnr> <probs for GDERKNQSTAVLIFYWHMCP>
#	G	D	E	R	K	N	Q	S	T	A	V	L	I	F	Y	W	H	M	C	P
0	0.01391	0.01501	0.03094	0.15328	0.09452	0.01476	0.49437	0.01864	0.01419	0.01915	0.01356	0.03878	0.01107	0.00625	0.00712	0.00211	0.00951	0.03151	0.00324	0.00809
1	0.01049	0.00563	0.00844	0.00844	0.00863	0.00582	0.00582	0.00863	0.00844	0.01145	0.01183	0.01989	0.01164	0.02595	0.14998	0.67993	0.00735	0.00563	0.00281	0.00320
2	0.00774	0.00633	0.00683	0.00671	0.00865	0.00542	0.00503	0.00967	0.01509	0.01893	0.23729	0.05650	0.56415	0.01500	0.00736	0.00207	0.00310	0.01266	0.00606	0.00542
3	0.01548	0.02593	0.50148	0.01625	0.02376	0.03526	0.04198	0.05222	0.05155	0.12138	0.03085	0.03070	0.01148	0.00678	0.00611	0.00197	0.00820	0.00549	0.00387	0.00925
4	0.01316	0.03478	0.03381	0.13961	0.02010	0.03467	0.00974	0.01622	0.01300	0.01920	0.01096	0.01342	0.00896	0.00501	0.00494	0.00118	0.00565	0.00403	0.00346	0.60810
5	0.01006	0.00719	0.00962	0.01071	0.01197	0.00726	0.00896	0.01293	0.03761	0.01777	0.03044	0.06363	0.03302	0.14801	0.01250	0.00339	0.00576	0.55822	0.00542	0.00554
6	0.02754	0.01127	0.01487	0.01140	0.01624	0.01015	0.00942	0.09805	0.01896	0.67721	0.02364	0.02059	0.01495	0.00769	0.00626	0.00192	0.00545	0.00620	0.00757	0.01060
7	0.01616	0.62382	0.06110	0.01361	0.01926	0.02273	0.13280	0.01892	0.01303	0.01576	0.00944	0.01129	0.00824	0.00534	0.00465	0.00149	0.00742	0.00407	0.00275	0.00811
8	0.02767	0.01105	0.01474	0.01130	0.01613	0.00982	0.00933	0.07568	0.01858	0.70011	0.02395	0.02080	0.01511	0.00770	0.00626	0.00192	0.00540	0.00622	0.00761	0.01060
9	0.72010	0.01349	0.01071	0.01050	0.05467	0.06794	0.00785	0.01884	0.01132	0.02659	0.00892	0.01051	0.00702	0.00582	0.00412	0.00190	0.00543	0.00355	0.00376	0.00696
10	0.01336	0.00737	0.00978	0.00861	0.01087	0.00666	0.00666	0.01617	0.01768	0.19612	0.56945	0.04053	0.04850	0.01155	0.00709	0.00195	0.00350	0.01008	0.00706	0.00700
11	0.02125	0.23531	0.02229	0.01479	0.01872	0.51073	0.03030	0.04752	0.01662	0.01606	0.00963	0.01117	0.00815	0.00613	0.00524	0.00155	0.00981	0.00397	0.00317	0.00758
12	0.01268	0.01342	0.02789	0.02092	0.02547	0.01284	0.49381	0.01680	0.01350	0.01843	0.01646	0.12843	0.01511	0.01444	0.13598	0.00352	0.01057	0.00874	0.00357	0.00743
13	0.00864	0.00661	0.00938	0.00938	0.01066	0.00735	0.00726	0.01075	0.01073	0.01487	0.02466	0.03057	0.13984	0.04142	0.62780	0.00866	0.01437	0.00779	0.00376	0.00551
14	0.01550	0.01338	0.01409	0.01268	0.01620	0.01550	0.00986	0.03311	0.73091	0.02606	0.02536	0.02325	0.01902	0.00845	0.00634	0.00211	0.00493	0.00704	0.00634	0.00986
15	0.00877	0.00609	0.00671	0.00671	0.00707	0.00591	0.00394	0.00904	0.00994	0.01290	0.02709	0.04407	0.14570	0.64970	0.02753	0.00536	0.00555	0.00976	0.00412	0.00403
16	0.01363	0.01363	0.01908	0.01636	0.01636	0.01908	0.01363	0.01499	0.00954	0.01499	0.00818	0.01363	0.00818	0.01091	0.02045	0.00273	0.76963	0.00545	0.00273	0.00682
17	0.00830	0.00629	0.00730	0.00713	0.00853	0.00576	0.00509	0.01007	0.01417	0.01864	0.29259	0.04955	0.31516	0.17385	0.04786	0.00324	0.00431	0.01133	0.00564	0.00519
18	0.01250	0.03223	0.74875	0.01776	0.02697	0.01447	0.02302	0.01973	0.01315	0.01973	0.01118	0.01315	0.00789	0.00592	0.00592	0.00197	0.00921	0.00460	0.00263	0.00921
19	0.01860	0.01090	0.01350	0.00993	0.01520	0.00863	0.00805	0.02124	0.01478	0.29480	0.01618	0.01605	0.01157	0.00579	0.00524	0.00130	0.00487	0.00466	0.00521	0.51350
20	0.01193	0.00913	0.01053	0.00952	0.01185	0.00954	0.00733	0.07423	0.21198	0.02612	0.43194	0.03676	0.05846	0.01093	0.00682	0.00197	0.00380	0.00942	0.05042	0.00732
21	0.04212	0.09418	0.11750	0.01596	0.08501	0.10720	0.06873	0.05024	0.07723	0.02029	0.01439	0.05596	0.01255	0.00707	0.00577	0.00172	0.00713	0.03717	0.00384	0.17596

[dist]
# distance from previous block
# <min> <max>
0	2

[block]
# block no. 2 follows, 36 sequences, length 75
# corresponding to MSA columns:
# 210-247,253-266,269-291
name=unknown_C
#
# <colnr> <probs for GDERKNQSTAVLIFYWHMCP>
#	G	D	E	R	K	N	Q	S	T	A	V	L	I	F	Y	W	H	M	C	P
0	0.01798	0.52924	0.09123	0.01252	0.01777	0.16017	0.01207	0.06472	0.01470	0.01678	0.00946	0.01082	0.00816	0.00572	0.00461	0.00147	0.00775	0.00371	0.00299	0.00812
1	0.00909	0.00699	0.00856	0.00774	0.00987	0.00609	0.00586	0.01175	0.01635	0.02281	0.51284	0.04457	0.18138	0.01222	0.00698	0.00185	0.00321	0.01061	0.00623	0.11500
2	0.01543	0.03365	0.11557	0.01070	0.01551	0.00964	0.00974	0.05129	0.01487	0.16452	0.06969	0.08405	0.03418	0.02876	0.00645	0.00172	0.00531	0.00657	0.02614	0.29621
3	0.03591	0.12462	0.07634	0.03636	0.10710	0.01354	0.01146	0.12525	0.03317	0.13386	0.01864	0.16892	0.01705	0.02525	0.00663	0.00200	0.00602	0.00769	0.00485	0.04532
4	0.00899	0.00688	0.00831	0.00796	0.00967	0.00649	0.00596	0.01274	0.07504	0.02284	0.49800	0.08839	0.19856	0.01341	0.00730	0.00203	0.00319	0.01168	0.00653	0.00603
5	0.01446	0.00708	0.00766	0.00698	0.00907	0.00699	0.00540	0.05476	0.01458	0.12124	0.02061	0.02251	0.01561	0.00733	0.00471	0.00154	0.00344	0.00586	0.66346	0.00671
6	0.01227	0.01138	0.01807	0.66486	0.03932	0.01406	0.01630	0.01823	0.10896	0.01728	0.01299	0.01750	0.00974	0.00653	0.00624	0.00208	0.00785	0.00574	0.00325	0.00732
7	0.01478	0.01457	0.02623	0.05539	0.55696	0.01445	0.14419	0.01864	0.01411	0.01993	0.01302	0.05491	0.01136	0.00624	0.00647	0.00194	0.00779	0.00650	0.00323	0.00927
8	0.00806	0.00634	0.00728	0.00704	0.00884	0.00556	0.00528	0.01029	0.01585	0.02074	0.38679	0.05353	0.41353	0.01432	0.00736	0.00203	0.00305	0.01225	0.00630	0.00556
9	0.01318	0.01306	0.02375	0.45347	0.20192	0.01444	0.15533	0.01745	0.01330	0.01773	0.01152	0.01638	0.00889	0.00588	0.00644	0.00203	0.00853	0.00590	0.00292	0.00789
10	0.01253	0.05396	0.62730	0.11804	0.02875	0.01472	0.02185	0.01918	0.01304	0.01905	0.01108	0.01352	0.00795	0.00594	0.00590	0.00197	0.00900	0.00469	0.00265	0.00886
11	0.02569	0.01206	0.01502	0.01177	0.01617	0.03204	0.00966	0.11564	0.03568	0.55750	0.02197	0.01986	0.01434	0.00782	0.00692	0.00194	0.04546	0.00608	0.03423	0.01013
12	0.80061	0.01266	0.03140	0.00848	0.01250	0.01399	0.00724	0.01836	0.01068	0.02771	0.00875	0.01021	0.00678	0.00579	0.00392	0.00193	0.00495	0.00341	0.00382	0.00682
13	0.01245	0.00763	0.01063	0.01142	0.01331	0.00744	0.00992	0.01525	0.01481	0.11641	0.03186	0.06369	0.03311	0.01594	0.00829	0.00274	0.00568	0.60701	0.00600	0.00639
14	0.01490	0.01439	0.02492	0.13547	0.61633	0.01472	0.05037	0.01873	0.01398	0.01974	0.01167	0.01564	0.00964	0.00563	0.00623	0.00189	0.00766	0.00563	0.00304	0.00941
15	0.01188	0.00705	0.00931	0.00836	0.01036	0.00640	0.00640	0.01473	0.01767	0.14033	0.62468	0.04249	0.05186	0.01193	0.00718	0.00195	0.00332	0.01047	0.00700	0.00663
16	0.82504	0.01205	0.00916	0.00819	0.01205	0.01398	0.00675	0.01832	0.01060	0.02795	0.00868	0.01012	0.00675	0.00578	0.00386	0.00193	0.00482	0.00337	0.00386	0.00675
17	0.00803	0.00587	0.00755	0.00811	0.00907	0.00539	0.00571	0.00986	0.01432	0.01942	0.30269	0.42518	0.12261	0.01657	0.00766	0.00227	0.00331	0.01480	0.00619	0.00539
18	0.07208	0.01160	0.01473	0.01136	0.01615	0.01079	0.00938	0.12251	0.01897	0.61119	0.02240	0.01975	0.01429	0.00757	0.00613	0.00192	0.00548	0.00602	0.00730	0.01039
19	0.00761	0.00576	0.00694	0.00780	0.00875	0.00519	0.00536	0.00886	0.01271	0.01630	0.06191	0.49285	0.27032	0.04836	0.00869	0.00251	0.00354	0.01570	0.00573	0.00510
20	0.01542	0.01480	0.02529	0.03824	0.74217	0.01480	0.01912	0.01912	0.01419	0.02036	0.01172	0.01542	0.00987	0.00555	0.00617	0.00185	0.00740	0.00555	0.00308	0.00987
21	0.01292	0.01107	0.01292	0.00923	0.01477	0.00831	0.00738	0.01569	0.01292	0.02030	0.01107	0.01292	0.00923	0.00461	0.00461	0.00092	0.00461	0.00369	0.00369	0.81912
22	0.61109	0.02954	0.04200	0.01291	0.09890	0.03843	0.02617	0.01911	0.01172	0.04849	0.00976	0.01140	0.00756	0.00582	0.00443	0.00190	0.00569	0.00388	0.00378	0.00741
23	0.01550	0.01338	0.01409	0.01268	0.01620	0.01550	0.00986	0.03311	0.73091	0.02606	0.02536	0.02325	0.01902	0.00845	0.00634	0.00211	0.00493	0.00704	0.00634	0.00986
24	0.16399	0.05197	0.05159	0.03151	0.05347	0.01173	0.00943	0.06494	0.01376	0.03763	0.01109	0.01281	0.00887	0.00528	0.00478	0.00135	0.00540	0.00399	0.00382	0.45261
25	0.00913	0.00649	0.00815	0.00766	0.00935	0.00587	0.00577	0.01181	0.01703	0.04522	0.59642	0.04818	0.17937	0.01313	0.00732	0.00198	0.00305	0.01145	0.00669	0.00591
26	0.01436	0.17491	0.40629	0.01698	0.05180	0.03411	0.07106	0.06171	0.03447	0.01983	0.01258	0.05178	0.01027	0.00660	0.00579	0.00187	0.00824	0.00538	0.00319	0.00878
27	0.01625	0.05844	0.10982	0.01083	0.01475	0.00994	0.00991	0.02065	0.07079	0.24685	0.29574	0.03128	0.03167	0.00969	0.00660	0.00196	0.00498	0.03541	0.00623	0.00820
28	0.00835	0.00616	0.00781	0.00780	0.00912	0.00562	0.00569	0.01070	0.01593	0.02189	0.49251	0.20371	0.15240	0.01461	0.00748	0.00210	0.00311	0.01291	0.00648	0.00562
29	0.01435	0.01706	0.21741	0.13632	0.09576	0.01275	0.06837	0.03775	0.06486	0.09627	0.03671	0.01861	0.01271	0.01201	0.10698	0.00305	0.00885	0.00594	0.02585	0.00840
30	0.01513	0.10027	0.16999	0.02166	0.16529	0.08462	0.17880	0.01930	0.01391	0.01884	0.01107	0.01392	0.00886	0.00570	0.00647	0.00177	0.03866	0.00515	0.00304	0.11753
31	0.00898	0.00654	0.00930	0.00923	0.01027	0.00728	0.00697	0.01106	0.01101	0.01583	0.11414	0.02931	0.02222	0.12662	0.55132	0.00824	0.01323	0.00755	0.02550	0.00540
32	0.00865	0.00635	0.00740	0.00746	0.00917	0.00558	0.00553	0.01054	0.01476	0.04768	0.22107	0.19076	0.39365	0.01546	0.00746	0.00216	0.00334	0.03126	0.00612	0.00560
33	0.01680	0.39971	0.10402	0.01220	0.01722	0.05475	0.01179	0.13617	0.01550	0.03436	0.01150	0.01347	0.00962	0.01140	0.10578	0.00267	0.00847	0.00440	0.00350	0.02665
34	0.01260	0.00884	0.02703	0.01231	0.06321	0.00838	0.02356	0.02909	0.01393	0.13131	0.04898	0.29607	0.11986	0.01532	0.03341	0.00259	0.05548	0.08574	0.00552	0.00678
35	0.02433	0.01020	0.01339	0.01059	0.01463	0.00921	0.00846	0.04665	0.04609	0.58119	0.04080	0.02435	0.01744	0.11173	0.00971	0.00249	0.00537	0.00677	0.00706	0.00954
36	0.01666	0.78478	0.03265	0.01066	0.01599	0.02465	0.01066	0.01866	0.01266	0.01466	0.00866	0.00999	0.00800	0.00533	0.00400	0.00133	0.00666	0.00333	0.00267	0.00800
37	0.00944	0.00675	0.00931	0.01053	0.01177	0.00662	0.00876	0.01197	0.01425	0.01884	0.11266	0.20235	0.03946	0.01715	0.00834	0.00270	0.00502	0.49259	0.00587	0.00562
38	0.00882	0.00646	0.00780	0.00740	0.00917	0.00575	0.00557	0.01128	0.01647	0.04084	0.48926	0.05048	0.29057	0.01365	0.00733	0.00201	0.00307	0.01178	0.00651	0.00579
39	0.00759	0.00542	0.00723	0.00868	0.00904	0.00506	0.00578	0.00868	0.01193	0.01591	0.03434	0.77697	0.04121	0.01952	0.00795	0.00253	0.00361	0.01771	0.00578	0.00506
40	0.00828	0.00635	0.00758	0.00727	0.00898	0.00565	0.00545	0.01071	0.01636	0.02194	0.48675	0.05155	0.31282	0.01387	0.00735	0.00201	0.00302	0.01197	0.00646	0.00565
41	0.01004	0.00717	0.01004	0.01147	0.01291	0.00717	0.01004	0.01291	0.01434	0.01865	0.03299	0.07028	0.03586	0.01721	0.00861	0.00287	0.00574	0.70023	0.00574	0.00574
42	0.01686	0.01406	0.01486	0.01296	0.01672	0.01614	0.01019	0.14803	0.61376	0.02827	0.02362	0.02186	0.01761	0.00829	0.00632	0.00207	0.00525	0.00680	0.00632	0.00998
43	0.00882	0.00637	0.00833	0.00784	0.00931	0.00588	0.00588	0.01176	0.01764	0.02499	0.73888	0.04654	0.05879	0.01274	0.00735	0.00196	0.00294	0.01127	0.00686	0.00588
44	0.01250	0.03223	0.74875	0.01776	0.02697	0.01447	0.02302	0.01973	0.01315	0.01973	0.01118	0.01315	0.00789	0.00592	0.00592	0.00197	0.00921	0.00460	0.00263	0.00921
45	0.01292	0.01107	0.01292	0.00923	0.01477	0.00831	0.00738	0.01569	0.01292	0.02030	0.01107	0.01292	0.00923	0.00461	0.00461	0.00092	0.00461	0.00369	0.00369	0.81912
46	0.82504	0.01205	0.00916	0.00819	0.01205	0.01398	0.00675	0.01832	0.01060	0.02795	0.00868	0.01012	0.00675	0.00578	0.00386	0.00193	0.00482	0.00337	0.00386	0.00675
47	0.00906	0.00604	0.00680	0.00680	0.00680	0.00604	0.00378	0.00906	0.00906	0.01208	0.01963	0.04077	0.02265	0.78103	0.03171	0.00604	0.00604	0.00906	0.00378	0.00378
48	0.82504	0.01205	0.00916	0.00819	0.01205	0.01398	0.00675	0.01832	0.01060	0.02795	0.00868	0.01012	0.00675	0.00578	0.00386	0.00193	0.00482	0.00337	0.00386	0.00675
49	0.82504	0.01205	0.00916	0.00819	0.01205	0.01398	0.00675	0.01832	0.01060	0.02795	0.00868	0.01012	0.00675	0.00578	0.00386	0.00193	0.00482	0.00337	0.00386	0.00675
50	0.01471	0.01681	0.03676	0.02626	0.03256	0.01576	0.71954	0.01996	0.01471	0.01996	0.01261	0.01681	0.00945	0.00525	0.00735	0.00210	0.01050	0.00735	0.00315	0.00840
51	0.01906	0.01407	0.02183	0.05819	0.46443	0.01409	0.01595	0.10953	0.01681	0.18184	0.01492	0.01668	0.01112	0.00629	0.00620	0.00188	0.00691	0.00571	0.00448	0.01000
52	0.00906	0.00604	0.00680	0.00680	0.00680	0.00604	0.00378	0.00906	0.00906	0.01208	0.01963	0.04077	0.02265	0.78103	0.03171	0.00604	0.00604	0.00906	0.00378	0.00378
53	0.00991	0.00713	0.00986	0.01122	0.01269	0.00708	0.00978	0.01271	0.01434	0.01856	0.03447	0.06977	0.07046	0.01714	0.00854	0.00283	0.00561	0.66645	0.00574	0.00571
54	0.10188	0.03449	0.21235	0.05255	0.05830	0.04643	0.02724	0.06015	0.07062	0.12934	0.01426	0.01536	0.01043	0.00723	0.02321	0.00199	0.00718	0.00499	0.00423	0.11778
55	0.01756	0.39850	0.07432	0.01423	0.01965	0.11000	0.10678	0.10550	0.01563	0.01914	0.01040	0.01206	0.00859	0.00571	0.00508	0.00155	0.00779	0.00434	0.00330	0.05991
56	0.01282	0.00841	0.01278	0.01261	0.01489	0.00813	0.06695	0.01582	0.01484	0.11652	0.03022	0.05939	0.03099	0.01497	0.00819	0.00268	0.00606	0.55132	0.00579	0.00661
57	0.01026	0.00758	0.01024	0.01099	0.01290	0.00718	0.00940	0.01300	0.01399	0.01869	0.03014	0.10977	0.03264	0.01567	0.00803	0.00258	0.00544	0.56109	0.00547	0.11495
58	0.03171	0.17936	0.09327	0.01272	0.04961	0.03184	0.02990	0.05133	0.05130	0.02027	0.01148	0.01307	0.00936	0.00536	0.00493	0.00133	0.00609	0.00416	0.00357	0.38934
59	0.01493	0.01430	0.02440	0.13601	0.64824	0.01467	0.01888	0.01869	0.01395	0.01976	0.01163	0.01558	0.00966	0.00564	0.00618	0.00188	0.00752	0.00555	0.00304	0.00947
60	0.00862	0.00636	0.00806	0.00763	0.00919	0.00580	0.00573	0.01138	0.01718	0.02389	0.64811	0.04834	0.15024	0.01315	0.00735	0.00198	0.00297	0.01152	0.00671	0.00580
61	0.01609	0.01651	0.09787	0.11326	0.19918	0.01498	0.23814	0.10022	0.01588	0.07227	0.01352	0.03166	0.01043	0.00635	0.00690	0.00201	0.02567	0.00633	0.00375	0.00896
62	0.01298	0.00656	0.00956	0.00904	0.00979	0.00668	0.00647	0.01166	0.00976	0.11028	0.01382	0.04491	0.01273	0.02126	0.08004	0.58151	0.03911	0.00604	0.00353	0.00425
63	0.00759	0.00542	0.00723	0.00868	0.00904	0.00506	0.00578	0.00868	0.01193	0.01591	0.03434	0.77697	0.04121	0.01952	0.00795	0.00253	0.00361	0.01771	0.00578	0.00506
64	0.01177	0.01107	0.01869	0.76606	0.04291	0.01384	0.01730	0.01592	0.01246	0.01592	0.01107	0.01661	0.00831	0.00623	0.00623	0.00208	0.00831	0.00554	0.00277	0.00692
65	0.01427	0.09504	0.23118	0.13660	0.13204	0.03235	0.12229	0.03578	0.04637	0.01905	0.01168	0.01475	0.00908	0.00630	0.00717	0.00198	0.06707	0.00536	0.00307	0.00855
66	0.01992	0.02577	0.11554	0.01573	0.01932	0.47377	0.01336	0.03885	0.01598	0.04100	0.01238	0.01421	0.03740	0.00746	0.00798	0.00186	0.12375	0.00478	0.00339	0.00754
67	0.01205	0.00813	0.01107	0.01050	0.01216	0.03335	0.00825	0.01426	0.01131	0.11283	0.01732	0.02335	0.01513	0.03932	0.61370	0.00848	0.03204	0.00650	0.00391	0.00632
68	0.01494	0.01101	0.01313	0.00948	0.01492	0.00842	0.00762	0.01766	0.01358	0.11785	0.01289	0.01403	0.01006	0.00503	0.00484	0.00106	0.00471	0.00404	0.00423	0.71052
69	0.09483	0.04851	0.05611	0.11368	0.01958	0.17725	0.01117	0.06611	0.11665	0.06925	0.01772	0.14954	0.01600	0.00901	0.00608	0.00198	0.00700	0.00726	0.00455	0.00772
70	0.00873	0.00711	0.01139	0.01119	0.01248	0.00666	0.10196	0.01052	0.01255	0.01668	0.03208	0.60149	0.05514	0.01733	0.00791	0.00249	0.00469	0.06861	0.00543	0.00557
71	0.12641	0.54815	0.02686	0.01128	0.01604	0.15188	0.01038	0.01971	0.01326	0.01655	0.00883	0.01023	0.00783	0.00558	0.00426	0.00146	0.00722	0.00346	0.00292	0.00769
72	0.00760	0.00632	0.00665	0.00656	0.00856	0.00536	0.00492	0.00941	0.01477	0.01818	0.17517	0.05774	0.62674	0.01528	0.00736	0.00208	0.00312	0.01284	0.00596	0.00536
73	0.03954	0.03125	0.62725	0.01723	0.02546	0.11406	0.02103	0.02038	0.01368	0.01939	0.01089	0.01280	0.00787	0.00598	0.00581	0.00192	0.00934	0.00449	0.00275	0.00886
74	0.00865	0.00624	0.00818	0.00795	0.00927	0.00577	0.00587	0.01134	0.01687	0.02377	0.64424	0.14465	0.05643	0.01365	0.00743	0.00204	0.00303	0.01213	0.00671	0.00577

[dist]
# distance from previous block
# <min> <max>
0	4

[block]
# block no. 3 follows, 36 sequences, length 45
# corresponding to MSA columns:
# 312-315,319-359
name=unknown_D
#
# <colnr> <probs for GDERKNQSTAVLIFYWHMCP>
#	G	D	E	R	K	N	Q	S	T	A	V	L	I	F	Y	W	H	M	C	P
0	0.01666	0.78478	0.03265	0.01066	0.01599	0.02465	0.01066	0.01866	0.01266	0.01466	0.00866	0.00999	0.00800	0.00533	0.00400	0.00133	0.00666	0.00333	0.00267	0.00800
1	0.82504	0.01205	0.00916	0.00819	0.01205	0.01398	0.00675	0.01832	0.01060	0.02795	0.00868	0.01012	0.00675	0.00578	0.00386	0.00193	0.00482	0.00337	0.00386	0.00675
2	0.82504	0.01205	0.00916	0.00819	0.01205	0.01398	0.00675	0.01832	0.01060	0.02795	0.00868	0.01012	0.00675	0.00578	0.00386	0.00193	0.00482	0.00337	0.00386	0.00675
3	0.00865	0.00636	0.00810	0.00766	0.00921	0.00581	0.00575	0.01143	0.01724	0.02405	0.66097	0.04809	0.13729	0.01309	0.00735	0.00198	0.00296	0.01148	0.00674	0.00581
4	0.61896	0.10149	0.01296	0.00915	0.01333	0.01536	0.00776	0.07636	0.01280	0.07024	0.01014	0.01116	0.00772	0.00598	0.00421	0.00185	0.00523	0.00372	0.00414	0.00744
5	0.01128	0.00948	0.01198	0.09633	0.01639	0.00803	0.00808	0.01374	0.01259	0.01856	0.01764	0.22894	0.01815	0.00901	0.00574	0.00151	0.00476	0.00786	0.00418	0.49577
6	0.03901	0.05595	0.07779	0.10371	0.10285	0.20304	0.01372	0.17868	0.07042	0.07563	0.01350	0.01482	0.01013	0.00667	0.00589	0.00183	0.00807	0.00510	0.00432	0.00886
7	0.01612	0.01428	0.01440	0.01289	0.01644	0.05052	0.01003	0.05404	0.67556	0.02596	0.02430	0.02242	0.01824	0.00833	0.00630	0.00208	0.00529	0.00686	0.00619	0.00976
8	0.00974	0.00681	0.00725	0.00686	0.00928	0.00571	0.00524	0.01141	0.01462	0.10095	0.05868	0.05549	0.65614	0.01485	0.00724	0.00208	0.00340	0.01236	0.00601	0.00588
9	0.03141	0.19809	0.21468	0.01467	0.02010	0.13234	0.05086	0.02021	0.05991	0.01805	0.01100	0.01293	0.00890	0.00633	0.00677	0.00174	0.08268	0.00447	0.00315	0.10171
10	0.01751	0.07415	0.01468	0.01054	0.01432	0.01028	0.05314	0.06590	0.01542	0.22787	0.01939	0.05635	0.01530	0.00910	0.03283	0.00198	0.00551	0.02997	0.20402	0.12174
11	0.01161	0.00581	0.00581	0.00581	0.00726	0.00581	0.00436	0.01452	0.01307	0.02323	0.02033	0.02323	0.01597	0.00726	0.00436	0.00145	0.00290	0.00581	0.81562	0.00581
12	0.02545	0.01031	0.01365	0.01063	0.01514	0.00901	0.00873	0.04837	0.01775	0.64140	0.02874	0.02549	0.09878	0.00863	0.00639	0.00195	0.00510	0.00704	0.00745	0.00999
13	0.01616	0.01971	0.22912	0.02656	0.34328	0.03167	0.07959	0.02145	0.04774	0.10401	0.01371	0.01583	0.01030	0.00603	0.00621	0.00192	0.00792	0.00556	0.00365	0.00958
14	0.02795	0.01060	0.01446	0.01109	0.01591	0.00916	0.00916	0.03036	0.01783	0.74648	0.02458	0.02121	0.01542	0.00771	0.00627	0.00193	0.00530	0.00627	0.00771	0.01060
15	0.82504	0.01205	0.00916	0.00819	0.01205	0.01398	0.00675	0.01832	0.01060	0.02795	0.00868	0.01012	0.00675	0.00578	0.00386	0.00193	0.00482	0.00337	0.00386	0.00675
16	0.02795	0.01060	0.01446	0.01109	0.01591	0.00916	0.00916	0.03036	0.01783	0.74648	0.02458	0.02121	0.01542	0.00771	0.00627	0.00193	0.00530	0.00627	0.00771	0.01060
17	0.02327	0.02970	0.01766	0.01605	0.01926	0.75602	0.01204	0.02488	0.01766	0.01525	0.00963	0.01124	0.00803	0.00642	0.00562	0.00161	0.01124	0.00401	0.00321	0.00722
18	0.00984	0.00682	0.00933	0.01040	0.01170	0.00670	0.00876	0.01176	0.01343	0.01731	0.03327	0.06169	0.11339	0.01769	0.01073	0.12038	0.00539	0.52086	0.00531	0.00525
19	0.00739	0.00621	0.00642	0.00658	0.00849	0.00524	0.00485	0.00891	0.01394	0.01672	0.05980	0.14263	0.65912	0.01621	0.00743	0.00215	0.00321	0.01368	0.00579	0.00524
20	0.00882	0.00637	0.00833	0.00784	0.00931	0.00588	0.00588	0.01176	0.01764	0.02499	0.73888	0.04654	0.05879	0.01274	0.00735	0.00196	0.00294	0.01127	0.00686	0.00588
21	0.02450	0.01614	0.01789	0.01371	0.01867	0.01737	0.01133	0.58882	0.02710	0.17494	0.01680	0.01616	0.01152	0.00752	0.00624	0.00188	0.00656	0.00574	0.00652	0.01060
22	0.82504	0.01205	0.00916	0.00819	0.01205	0.01398	0.00675	0.01832	0.01060	0.02795	0.00868	0.01012	0.00675	0.00578	0.00386	0.00193	0.00482	0.00337	0.00386	0.00675
23	0.01672	0.01399	0.01478	0.01293	0.01667	0.01607	0.01016	0.13610	0.62592	0.02804	0.02380	0.02201	0.01776	0.00831	0.00632	0.00208	0.00522	0.00683	0.00632	0.00997
24	0.07554	0.01069	0.01414	0.01091	0.01567	0.00945	0.00901	0.02965	0.01740	0.70359	0.02363	0.02055	0.01491	0.00760	0.00612	0.00193	0.00527	0.00609	0.00748	0.01037
25	0.00851	0.00632	0.00792	0.00759	0.00914	0.00574	0.00567	0.01113	0.01680	0.02317	0.59006	0.07551	0.18232	0.01354	0.00737	0.00201	0.00300	0.01185	0.00662	0.00574
26	0.00890	0.00727	0.00774	0.00747	0.00944	0.00686	0.00550	0.01271	0.11338	0.01874	0.15017	0.05073	0.45913	0.10255	0.01003	0.00254	0.00370	0.01156	0.00579	0.00582
27	0.43691	0.01611	0.04157	0.07265	0.11323	0.13557	0.04041	0.01981	0.01286	0.04557	0.01016	0.01223	0.00791	0.00593	0.00493	0.00189	0.00689	0.00423	0.00361	0.00753
28	0.02674	0.01255	0.01566	0.01201	0.01687	0.01204	0.00992	0.22646	0.02109	0.54580	0.02185	0.01943	0.01405	0.00765	0.00626	0.00191	0.00574	0.00608	0.00729	0.01060
29	0.01781	0.18367	0.04079	0.03244	0.08602	0.07480	0.06151	0.11716	0.08146	0.09344	0.03171	0.03924	0.01273	0.00682	0.00568	0.00170	0.00680	0.00557	0.00441	0.09623
30	0.01880	0.50945	0.04574	0.01267	0.01738	0.27258	0.01144	0.02080	0.01437	0.01499	0.00905	0.01050	0.00800	0.00572	0.00460	0.00144	0.00828	0.00360	0.00285	0.00776
31	0.01429	0.01417	0.02590	0.01852	0.02445	0.01237	0.39385	0.01840	0.01402	0.03947	0.01226	0.01525	0.00952	0.00504	0.00614	0.00159	0.00783	0.00575	0.00351	0.35767
32	0.11558	0.01333	0.05769	0.10435	0.15332	0.01238	0.01264	0.07733	0.01630	0.34912	0.01730	0.01738	0.01177	0.00680	0.00594	0.00193	0.00632	0.00557	0.00544	0.00951
33	0.02049	0.05977	0.14408	0.01958	0.17097	0.03194	0.07906	0.07008	0.01646	0.30021	0.01665	0.01695	0.01153	0.00655	0.00614	0.00189	0.00720	0.00567	0.00498	0.00978
34	0.00971	0.00984	0.09410	0.00932	0.01183	0.00754	0.00813	0.01417	0.06710	0.02446	0.60498	0.04106	0.05013	0.01165	0.00711	0.00197	0.00380	0.01020	0.00633	0.00654
35	0.00768	0.00641	0.00676	0.00693	0.00895	0.00549	0.00537	0.00942	0.01422	0.01705	0.05952	0.06119	0.65563	0.01595	0.00751	0.00220	0.00346	0.09516	0.00578	0.00532
36	0.03823	0.03576	0.12259	0.11578	0.17883	0.08379	0.06564	0.05564	0.06268	0.15823	0.01477	0.01629	0.01076	0.00644	0.00610	0.00191	0.00768	0.00553	0.00425	0.00910
37	0.03437	0.14354	0.07251	0.01574	0.06596	0.01472	0.12960	0.08125	0.10901	0.10481	0.01948	0.13000	0.03472	0.00862	0.00627	0.00197	0.00658	0.00764	0.00471	0.00851
38	0.00811	0.00578	0.00777	0.00918	0.00974	0.00550	0.00657	0.00952	0.01233	0.01634	0.03369	0.61903	0.03968	0.03879	0.00870	0.00269	0.00409	0.15160	0.00572	0.00516
39	0.01243	0.01175	0.01988	0.63484	0.16898	0.01402	0.01763	0.01650	0.01277	0.01672	0.01119	0.01640	0.00859	0.00611	0.00622	0.00204	0.00814	0.00554	0.00283	0.00745
40	0.11053	0.24472	0.13246	0.01399	0.04276	0.14202	0.01272	0.10039	0.01502	0.02030	0.01053	0.01248	0.00865	0.00774	0.03165	0.00202	0.05888	0.00429	0.02081	0.00806
41	0.01896	0.01231	0.01409	0.01183	0.01561	0.01303	0.00949	0.17775	0.27440	0.19866	0.11486	0.02660	0.04105	0.00912	0.00654	0.00202	0.00517	0.03241	0.00667	0.00942
42	0.10305	0.00722	0.00852	0.00804	0.00982	0.00709	0.00608	0.01302	0.04080	0.02473	0.57980	0.07632	0.06808	0.01219	0.00694	0.00199	0.00326	0.01057	0.00642	0.00606
43	0.01555	0.05004	0.26707	0.01847	0.04164	0.19292	0.16671	0.02043	0.03578	0.01858	0.02906	0.04023	0.01208	0.00714	0.00664	0.00197	0.02576	0.03845	0.00334	0.00814
44	0.17491	0.04033	0.03578	0.06640	0.10118	0.03025	0.08620	0.16210	0.04247	0.04493	0.01440	0.01755	0.01130	0.00682	0.00561	0.00188	0.00647	0.02900	0.11418	0.00824

[dist]
# distance from previous block
# <min> <max>
0	12

# created by:
# /home/cegg/simao/soft/augustus-3.2.1/scripts/msa2prfl.pl ./align_prep/EOG090W0CD1.fa
