[name]
unknown

[dist]
# distance from previous block
# <min> <max>
0	350

[block]
# block no. 0 follows, 32 sequences, length 33
# corresponding to MSA columns:
# 350-382
name=unknown_A
#
# <colnr> <probs for GDERKNQSTAVLIFYWHMCP>
#	G	D	E	R	K	N	Q	S	T	A	V	L	I	F	Y	W	H	M	C	P
0	0.06018	0.04777	0.01516	0.01265	0.01583	0.08190	0.01033	0.14618	0.10297	0.06808	0.06065	0.03149	0.05148	0.01229	0.03826	0.00258	0.05311	0.11690	0.06380	0.00838
1	0.18707	0.01351	0.01403	0.01209	0.01608	0.01498	0.00962	0.11473	0.31693	0.08212	0.07174	0.02221	0.01881	0.01021	0.03683	0.00248	0.00594	0.00667	0.00616	0.03778
2	0.01427	0.01441	0.02158	0.59090	0.09174	0.08211	0.05474	0.01852	0.01420	0.01765	0.01192	0.01727	0.00910	0.00662	0.00671	0.00217	0.00929	0.00592	0.00307	0.00780
3	0.04933	0.03373	0.69709	0.01866	0.02832	0.01556	0.02400	0.02118	0.01404	0.02165	0.01192	0.01402	0.00844	0.00637	0.00627	0.00212	0.00970	0.00490	0.00289	0.00980
4	0.00801	0.00680	0.00691	0.00689	0.00911	0.00570	0.00516	0.00979	0.01549	0.01860	0.10291	0.06380	0.68437	0.01682	0.00793	0.00226	0.00339	0.01405	0.00629	0.00570
5	0.00851	0.00616	0.00773	0.00867	0.00959	0.00565	0.00600	0.01013	0.01418	0.01904	0.14016	0.51430	0.15467	0.01876	0.00821	0.00251	0.00368	0.01674	0.03967	0.00565
6	0.01669	0.01441	0.01517	0.01365	0.01745	0.01669	0.01062	0.03565	0.71021	0.02807	0.02731	0.02503	0.02048	0.00910	0.00683	0.00228	0.00531	0.00759	0.00683	0.01062
7	0.00840	0.00620	0.00745	0.00833	0.00912	0.00570	0.00555	0.00949	0.01291	0.01664	0.04199	0.45297	0.21257	0.15488	0.01305	0.00329	0.00424	0.01613	0.00584	0.00525
8	0.01584	0.01810	0.03959	0.02828	0.03507	0.01697	0.69796	0.02149	0.01584	0.02149	0.01357	0.01810	0.01018	0.00566	0.00792	0.00226	0.01131	0.00792	0.00339	0.00905
9	0.00913	0.00624	0.00750	0.00813	0.00828	0.00608	0.00493	0.00959	0.01099	0.01466	0.02747	0.32987	0.03238	0.46734	0.02393	0.00500	0.00546	0.01348	0.00493	0.00462
10	0.81159	0.01298	0.00986	0.00882	0.01298	0.01505	0.00727	0.01972	0.01142	0.03010	0.00934	0.01090	0.00727	0.00623	0.00415	0.00208	0.00519	0.00363	0.00415	0.00727
11	0.01753	0.01873	0.01852	0.01631	0.01791	0.21065	0.01306	0.02181	0.11926	0.01833	0.01279	0.01629	0.01108	0.01111	0.03712	0.00271	0.39138	0.00577	0.03176	0.00788
12	0.00959	0.00719	0.01078	0.01078	0.01198	0.00839	0.00839	0.01198	0.01078	0.01558	0.01797	0.02636	0.01677	0.05032	0.73760	0.01078	0.01797	0.00719	0.00359	0.00599
13	0.02737	0.01495	0.01766	0.01363	0.01884	0.01522	0.01123	0.34006	0.05684	0.37941	0.02174	0.01984	0.01440	0.00823	0.00674	0.00206	0.00646	0.00646	0.00750	0.01138
14	0.02506	0.03198	0.01901	0.01729	0.02074	0.73725	0.01296	0.02679	0.01901	0.01642	0.01037	0.01210	0.00864	0.00691	0.00605	0.00173	0.01210	0.00432	0.00346	0.00778
15	0.01007	0.00742	0.00975	0.00952	0.01000	0.00836	0.00664	0.01115	0.01021	0.01429	0.01890	0.03455	0.02010	0.41754	0.31684	0.00795	0.06940	0.00842	0.00379	0.00510
16	0.00880	0.00683	0.00800	0.00771	0.00960	0.00603	0.00578	0.01131	0.01735	0.02300	0.42951	0.05655	0.35503	0.01517	0.00792	0.00218	0.00327	0.01304	0.00687	0.00603
17	0.81159	0.01298	0.00986	0.00882	0.01298	0.01505	0.00727	0.01972	0.01142	0.03010	0.00934	0.01090	0.00727	0.00623	0.00415	0.00208	0.00519	0.00363	0.00415	0.00727
18	0.02114	0.01388	0.01565	0.01330	0.01760	0.01505	0.01056	0.08303	0.46454	0.22776	0.02626	0.02376	0.01872	0.00880	0.00680	0.00220	0.00557	0.00724	0.00724	0.01090
19	0.01468	0.01468	0.02055	0.01762	0.01762	0.02055	0.01468	0.01615	0.01028	0.01615	0.00881	0.01468	0.00881	0.01174	0.02202	0.00294	0.75191	0.00587	0.00294	0.00734
20	0.01099	0.00605	0.00847	0.00853	0.00860	0.00610	0.00555	0.00916	0.00922	0.01236	0.01508	0.05246	0.01605	0.19813	0.06183	0.55088	0.00650	0.00728	0.00333	0.00342
21	0.01141	0.00586	0.00863	0.00870	0.00872	0.00584	0.00576	0.00882	0.00897	0.01196	0.01324	0.05440	0.01373	0.05901	0.02582	0.73055	0.00577	0.00661	0.00312	0.00308
22	0.02506	0.03198	0.01901	0.01729	0.02074	0.73725	0.01296	0.02679	0.01901	0.01642	0.01037	0.01210	0.00864	0.00691	0.00605	0.00173	0.01210	0.00432	0.00346	0.00778
23	0.00937	0.00812	0.01104	0.01020	0.01245	0.00741	0.07772	0.01234	0.05262	0.01914	0.08140	0.25450	0.38569	0.01638	0.00805	0.00239	0.00445	0.01446	0.00602	0.00626
24	0.01584	0.01810	0.03959	0.02828	0.03507	0.01697	0.69796	0.02149	0.01584	0.02149	0.01357	0.01810	0.01018	0.00566	0.00792	0.00226	0.01131	0.00792	0.00339	0.00905
25	0.01358	0.03394	0.70258	0.01892	0.02861	0.01562	0.02426	0.02179	0.04032	0.02151	0.01262	0.01457	0.00895	0.00648	0.00639	0.00213	0.00974	0.00506	0.00298	0.00994
26	0.02357	0.01560	0.01813	0.01452	0.01874	0.06686	0.04209	0.26033	0.03932	0.24850	0.02014	0.07491	0.01542	0.00931	0.00830	0.00216	0.07860	0.00724	0.02621	0.01005
27	0.30206	0.02033	0.01550	0.01337	0.01744	0.25801	0.01057	0.17796	0.01877	0.04767	0.01220	0.01367	0.00946	0.00930	0.04483	0.00241	0.00871	0.00470	0.00460	0.00844
28	0.00976	0.00651	0.00732	0.00732	0.00732	0.00651	0.00407	0.00976	0.00976	0.01301	0.02114	0.04391	0.02439	0.76419	0.03415	0.00651	0.00651	0.00976	0.00407	0.00407
29	0.01981	0.11624	0.04557	0.04525	0.02032	0.14044	0.04880	0.25027	0.06408	0.02797	0.10962	0.02030	0.01808	0.00814	0.00644	0.00193	0.00768	0.00641	0.03351	0.00917
30	0.00960	0.00713	0.01048	0.01048	0.01158	0.00822	0.00801	0.01179	0.01070	0.01535	0.01825	0.02787	0.01743	0.11193	0.67689	0.01041	0.01698	0.00741	0.00364	0.00582
31	0.05300	0.40460	0.02631	0.01343	0.01813	0.23705	0.01162	0.02439	0.11867	0.01840	0.01231	0.01329	0.01033	0.00661	0.00520	0.00167	0.00829	0.00440	0.00369	0.00860
32	0.12508	0.04600	0.05448	0.01185	0.01765	0.01288	0.03141	0.11713	0.01653	0.07237	0.01309	0.01443	0.01011	0.00593	0.00537	0.00148	0.00595	0.00457	0.00455	0.42914

[dist]
# distance from previous block
# <min> <max>
0	10

[block]
# block no. 1 follows, 32 sequences, length 15
# corresponding to MSA columns:
# 393-407
name=unknown_B
#
# <colnr> <probs for GDERKNQSTAVLIFYWHMCP>
#	G	D	E	R	K	N	Q	S	T	A	V	L	I	F	Y	W	H	M	C	P
0	0.01542	0.04318	0.06801	0.01318	0.05487	0.06313	0.01050	0.05770	0.03073	0.04250	0.07174	0.06735	0.01686	0.00744	0.00589	0.00152	0.00604	0.00611	0.00455	0.41328
1	0.07856	0.01676	0.02018	0.01544	0.02068	0.01781	0.08752	0.43569	0.05942	0.06222	0.04613	0.01794	0.01374	0.00772	0.00659	0.00199	0.00713	0.00628	0.00604	0.07214
2	0.01317	0.05785	0.59313	0.01872	0.05660	0.01488	0.02206	0.01986	0.01405	0.02062	0.01473	0.09687	0.01258	0.00796	0.00655	0.00216	0.00906	0.00652	0.00323	0.00940
3	0.00917	0.00731	0.00781	0.00732	0.00967	0.00621	0.00541	0.01106	0.01487	0.01923	0.11605	0.05339	0.47144	0.08959	0.01005	0.00250	0.00385	0.01197	0.04881	0.09430
4	0.02286	0.16964	0.02155	0.01555	0.01930	0.50626	0.01232	0.04058	0.01771	0.03400	0.01112	0.01286	0.00926	0.00699	0.00636	0.00173	0.04163	0.00443	0.03782	0.00802
5	0.01783	0.01972	0.01913	0.01643	0.01836	0.24401	0.01319	0.01960	0.01353	0.01704	0.00974	0.01376	0.00892	0.00927	0.01460	0.00228	0.41417	0.00512	0.00325	0.12005
6	0.04796	0.60126	0.10264	0.01359	0.04866	0.02431	0.01310	0.04977	0.01445	0.01829	0.01004	0.01159	0.00876	0.00593	0.00471	0.00158	0.00742	0.00394	0.00310	0.00890
7	0.00908	0.00684	0.00840	0.00801	0.00977	0.00616	0.00601	0.01187	0.01802	0.02460	0.54775	0.05392	0.23579	0.01458	0.00792	0.00215	0.00323	0.01267	0.00708	0.00616
8	0.00825	0.00587	0.00776	0.00925	0.00962	0.00550	0.00613	0.00936	0.01271	0.01694	0.03626	0.72724	0.04347	0.05484	0.00973	0.00290	0.00401	0.01865	0.00613	0.00539
9	0.00956	0.00699	0.00993	0.01000	0.01092	0.00787	0.00740	0.01140	0.01066	0.01512	0.01949	0.06309	0.01960	0.19655	0.55931	0.00954	0.01497	0.00826	0.00381	0.00557
10	0.01284	0.01210	0.02044	0.71690	0.07602	0.01495	0.01872	0.01730	0.01350	0.01735	0.01196	0.01783	0.00902	0.00668	0.00671	0.00223	0.00890	0.00596	0.00300	0.00759
11	0.01326	0.03053	0.59938	0.01883	0.02765	0.01477	0.07954	0.02041	0.01479	0.02184	0.08286	0.01809	0.01412	0.00705	0.00666	0.00214	0.00936	0.00592	0.00334	0.00948
12	0.69545	0.01274	0.01071	0.00929	0.01359	0.01428	0.00765	0.02165	0.01258	0.13367	0.01189	0.01267	0.00866	0.00654	0.00454	0.00208	0.00527	0.00410	0.00477	0.00788
13	0.01350	0.09457	0.22614	0.15427	0.05297	0.03804	0.10725	0.01823	0.01484	0.01989	0.08204	0.06580	0.06707	0.00858	0.00682	0.00212	0.00821	0.00757	0.00384	0.00827
14	0.01984	0.02074	0.01644	0.01467	0.01797	0.30686	0.01127	0.11158	0.20409	0.02385	0.08776	0.05111	0.01935	0.01045	0.03086	0.00232	0.02995	0.00693	0.00526	0.00869

[dist]
# distance from previous block
# <min> <max>
1	2

[block]
# block no. 2 follows, 32 sequences, length 20
# corresponding to MSA columns:
# 412-431
name=unknown_C
#
# <colnr> <probs for GDERKNQSTAVLIFYWHMCP>
#	G	D	E	R	K	N	Q	S	T	A	V	L	I	F	Y	W	H	M	C	P
0	0.29984	0.05305	0.01851	0.17223	0.19162	0.07765	0.01372	0.01971	0.01373	0.02306	0.03245	0.01513	0.01037	0.00668	0.00605	0.00205	0.02724	0.00506	0.00365	0.00820
1	0.01544	0.02199	0.20350	0.10884	0.08084	0.05936	0.33900	0.02097	0.01507	0.02044	0.01256	0.01651	0.00951	0.00630	0.00778	0.00220	0.04092	0.00654	0.00319	0.00904
2	0.01381	0.00966	0.01165	0.01002	0.01312	0.00917	0.00777	0.03855	0.13118	0.09630	0.38610	0.03725	0.06410	0.01103	0.00713	0.00196	0.00418	0.00949	0.00680	0.13072
3	0.01788	0.01415	0.01521	0.01350	0.01742	0.01608	0.01055	0.03539	0.64903	0.08995	0.02724	0.02484	0.02014	0.00903	0.00682	0.00226	0.00535	0.00751	0.00696	0.01069
4	0.01028	0.00734	0.00962	0.00944	0.01028	0.00804	0.00666	0.03755	0.01113	0.01548	0.01929	0.03366	0.01991	0.36187	0.40079	0.00857	0.01253	0.00827	0.00392	0.00536
5	0.01652	0.01409	0.01481	0.01336	0.01706	0.01627	0.01038	0.03485	0.68224	0.02795	0.02709	0.02503	0.02035	0.00905	0.00674	0.00225	0.00522	0.00753	0.03875	0.01045
6	0.01391	0.01193	0.01391	0.00994	0.01590	0.00894	0.00795	0.01690	0.01391	0.02186	0.01193	0.01391	0.00994	0.00497	0.00497	0.00099	0.00497	0.00398	0.00398	0.80521
7	0.01267	0.01193	0.02013	0.74806	0.04621	0.01491	0.01863	0.01714	0.01342	0.01714	0.01193	0.01789	0.00894	0.00671	0.00671	0.00224	0.00894	0.00596	0.00298	0.00745
8	0.00859	0.00614	0.00823	0.00959	0.01022	0.00578	0.00674	0.01015	0.01370	0.01835	0.09939	0.61909	0.04548	0.02008	0.00858	0.00271	0.00408	0.09116	0.00633	0.00561
9	0.00815	0.00593	0.00769	0.00909	0.00967	0.00547	0.00612	0.00937	0.01309	0.01723	0.04007	0.69045	0.11174	0.02062	0.00850	0.00268	0.00384	0.01858	0.00623	0.00547
10	0.01009	0.00740	0.00925	0.00985	0.01108	0.00723	0.00710	0.06435	0.03442	0.02099	0.13142	0.49529	0.08521	0.01827	0.00829	0.00257	0.00422	0.06029	0.00644	0.00624
11	0.01261	0.00784	0.01003	0.00919	0.01131	0.00726	0.00697	0.04372	0.01862	0.11721	0.47939	0.12620	0.09568	0.01381	0.00779	0.00218	0.00377	0.01209	0.00727	0.00707
12	0.01794	0.76823	0.03516	0.01148	0.01722	0.02655	0.01148	0.02009	0.01363	0.01579	0.00933	0.01076	0.00861	0.00574	0.00431	0.00144	0.00718	0.00359	0.00287	0.00861
13	0.01102	0.00737	0.01040	0.01267	0.08138	0.00693	0.00790	0.01255	0.01353	0.08030	0.03300	0.59221	0.03777	0.04766	0.00922	0.00274	0.00456	0.01631	0.00604	0.00644
14	0.01978	0.06462	0.07254	0.05920	0.37935	0.09933	0.01734	0.05807	0.01689	0.12781	0.01435	0.01652	0.01100	0.00659	0.00643	0.00196	0.00820	0.00569	0.00419	0.01015
15	0.54339	0.06717	0.11271	0.01159	0.04295	0.01519	0.01025	0.01911	0.01196	0.02605	0.01089	0.01450	0.00918	0.07332	0.00723	0.00243	0.00621	0.00445	0.00384	0.00758
16	0.05582	0.01827	0.01794	0.01468	0.01933	0.09038	0.01180	0.38016	0.23072	0.06245	0.01900	0.01842	0.01387	0.00819	0.00658	0.00207	0.00708	0.00626	0.00638	0.01064
17	0.00914	0.00675	0.00845	0.00951	0.01037	0.00655	0.00667	0.01162	0.05960	0.01785	0.03742	0.51226	0.10008	0.09090	0.01092	0.00305	0.00442	0.08263	0.00606	0.00575
18	0.45727	0.01455	0.01496	0.01807	0.20676	0.06685	0.01110	0.01947	0.01341	0.02568	0.01616	0.01790	0.07935	0.00728	0.00535	0.00205	0.00627	0.00537	0.00408	0.00806
19	0.08624	0.01462	0.01557	0.01378	0.01567	0.10196	0.01090	0.09282	0.06282	0.02069	0.01435	0.02038	0.01304	0.09502	0.16892	0.00460	0.23082	0.00630	0.00405	0.00744

[dist]
# distance from previous block
# <min> <max>
0	1

[block]
# block no. 3 follows, 32 sequences, length 11
# corresponding to MSA columns:
# 433-443
name=unknown_D
#
# <colnr> <probs for GDERKNQSTAVLIFYWHMCP>
#	G	D	E	R	K	N	Q	S	T	A	V	L	I	F	Y	W	H	M	C	P
0	0.00870	0.00640	0.00822	0.00921	0.01024	0.00593	0.00669	0.01052	0.01454	0.01921	0.14790	0.44812	0.15213	0.01892	0.00846	0.00261	0.00401	0.10608	0.00640	0.00572
1	0.01694	0.01654	0.07095	0.04433	0.07080	0.05609	0.04884	0.16270	0.01793	0.02518	0.01330	0.01575	0.01058	0.00924	0.05784	0.00222	0.00790	0.00517	0.00430	0.34343
2	0.01407	0.02121	0.31411	0.05309	0.08139	0.01320	0.07878	0.02033	0.06651	0.06710	0.05291	0.09272	0.07683	0.00924	0.00702	0.00221	0.00779	0.00811	0.00440	0.00898
3	0.01518	0.06248	0.22718	0.09272	0.02414	0.01619	0.05127	0.07061	0.11013	0.04263	0.03457	0.08112	0.01524	0.00911	0.00897	0.00228	0.11579	0.00715	0.00429	0.00894
4	0.68867	0.01389	0.01147	0.00986	0.01420	0.01595	0.00812	0.12609	0.01457	0.03201	0.01040	0.01171	0.00791	0.00651	0.00455	0.00207	0.00553	0.00401	0.00455	0.00791
5	0.06830	0.20058	0.25935	0.01445	0.02061	0.11483	0.01515	0.05226	0.06530	0.02125	0.01664	0.01775	0.06026	0.00737	0.00579	0.00190	0.00808	0.00541	0.03589	0.00882
6	0.01080	0.00700	0.00906	0.00977	0.01081	0.00680	0.00678	0.01323	0.05868	0.07808	0.03325	0.55618	0.03747	0.07585	0.04947	0.00335	0.00509	0.01594	0.00614	0.00622
7	0.01166	0.01078	0.05625	0.01250	0.01534	0.01006	0.06041	0.05074	0.01278	0.01837	0.01668	0.02414	0.01519	0.08345	0.46776	0.00772	0.01414	0.00684	0.00378	0.10140
8	0.16391	0.21903	0.23027	0.01453	0.02068	0.04684	0.03737	0.06555	0.05195	0.02265	0.01205	0.01393	0.00954	0.00835	0.03539	0.00230	0.02841	0.00475	0.00363	0.00888
9	0.04785	0.08557	0.14095	0.03493	0.02006	0.09533	0.06255	0.05497	0.08767	0.03929	0.11959	0.06212	0.03981	0.00904	0.00719	0.00206	0.03637	0.00738	0.00473	0.04252
10	0.01745	0.01649	0.08569	0.03973	0.06678	0.07507	0.02853	0.17020	0.05944	0.06759	0.06944	0.10197	0.01956	0.04408	0.02933	0.00247	0.00734	0.00783	0.00525	0.08575

[dist]
# distance from previous block
# <min> <max>
0	28

[block]
# block no. 4 follows, 32 sequences, length 6
# corresponding to MSA columns:
# 472-477
name=unknown_E
#
# <colnr> <probs for GDERKNQSTAVLIFYWHMCP>
#	G	D	E	R	K	N	Q	S	T	A	V	L	I	F	Y	W	H	M	C	P
0	0.06395	0.05167	0.19562	0.01574	0.02168	0.13741	0.08247	0.06905	0.03697	0.05474	0.07930	0.01806	0.01489	0.00713	0.00626	0.00187	0.00819	0.00578	0.00430	0.12495
1	0.05453	0.14463	0.09076	0.01933	0.12515	0.10047	0.08405	0.11392	0.06322	0.06048	0.03937	0.01783	0.01314	0.03597	0.00730	0.00212	0.00812	0.00590	0.00438	0.00933
2	0.05688	0.01080	0.03948	0.01550	0.12951	0.00973	0.05049	0.01591	0.03758	0.05446	0.12994	0.14218	0.14238	0.07045	0.00928	0.00250	0.00546	0.01044	0.02911	0.03792
3	0.06718	0.03902	0.10841	0.01347	0.01716	0.07927	0.06240	0.07067	0.01613	0.07516	0.07763	0.27393	0.02627	0.01340	0.02676	0.00250	0.00693	0.01068	0.00528	0.00775
4	0.01357	0.00898	0.01021	0.00969	0.01061	0.06603	0.00685	0.05960	0.01253	0.01661	0.07896	0.02256	0.01665	0.01887	0.01991	0.54881	0.00599	0.00634	0.06276	0.00447
5	0.09285	0.29741	0.09212	0.01473	0.03927	0.05449	0.04522	0.09338	0.06466	0.04370	0.01253	0.01400	0.01006	0.00678	0.00639	0.00183	0.05116	0.00482	0.00396	0.05064

[dist]
# distance from previous block
# <min> <max>
0	2

[block]
# block no. 5 follows, 32 sequences, length 7
# corresponding to MSA columns:
# 480-486
name=unknown_F
#
# <colnr> <probs for GDERKNQSTAVLIFYWHMCP>
#	G	D	E	R	K	N	Q	S	T	A	V	L	I	F	Y	W	H	M	C	P
0	0.01798	0.10664	0.08678	0.05507	0.19898	0.13448	0.06763	0.05768	0.06639	0.05220	0.03997	0.05724	0.01446	0.00767	0.00652	0.00200	0.00832	0.00656	0.00418	0.00924
1	0.00883	0.00664	0.00827	0.00836	0.00982	0.00608	0.00611	0.01115	0.01631	0.02202	0.37305	0.20849	0.21784	0.01801	0.04563	0.00273	0.00415	0.01390	0.00665	0.00596
2	0.01632	0.27203	0.39181	0.01689	0.02483	0.01889	0.07683	0.02171	0.01450	0.07007	0.01232	0.01401	0.00926	0.00624	0.00586	0.00191	0.00884	0.00489	0.00329	0.00952
3	0.01135	0.00952	0.01067	0.01086	0.04260	0.04289	0.00776	0.03796	0.08622	0.02363	0.32393	0.11203	0.20501	0.01401	0.00773	0.00222	0.00437	0.03378	0.00653	0.00694
4	0.01236	0.01229	0.05499	0.04049	0.08043	0.01133	0.11018	0.01872	0.14889	0.02190	0.10672	0.15322	0.13887	0.01232	0.00765	0.00234	0.00606	0.04781	0.00551	0.00790
5	0.01565	0.09824	0.15578	0.01995	0.13662	0.01564	0.09305	0.06426	0.06607	0.04305	0.09595	0.02336	0.01844	0.00829	0.00752	0.00211	0.04759	0.03858	0.04077	0.00909
6	0.01646	0.02164	0.24656	0.02311	0.12346	0.01547	0.21736	0.07419	0.04855	0.06920	0.06432	0.01939	0.01444	0.00700	0.00704	0.00214	0.00890	0.00679	0.00422	0.00975

[dist]
# distance from previous block
# <min> <max>
13	31

[block]
# block no. 6 follows, 32 sequences, length 8
# corresponding to MSA columns:
# 525-532
name=unknown_G
#
# <colnr> <probs for GDERKNQSTAVLIFYWHMCP>
#	G	D	E	R	K	N	Q	S	T	A	V	L	I	F	Y	W	H	M	C	P
0	0.05549	0.09888	0.22968	0.01486	0.02010	0.03867	0.06342	0.01913	0.04169	0.05248	0.05155	0.13342	0.01926	0.01105	0.02827	0.00242	0.03661	0.04038	0.00434	0.03830
1	0.06124	0.08400	0.11774	0.01566	0.05734	0.04010	0.03283	0.24668	0.02070	0.10319	0.04954	0.05716	0.01507	0.00809	0.00637	0.00196	0.00717	0.00647	0.00531	0.06334
2	0.01695	0.01622	0.05935	0.06146	0.32811	0.01591	0.05290	0.13185	0.12535	0.02608	0.06168	0.02142	0.03706	0.00766	0.00686	0.00209	0.00735	0.00693	0.00472	0.01006
3	0.01551	0.15907	0.13042	0.01686	0.09990	0.05623	0.03298	0.06107	0.09875	0.02147	0.04066	0.07973	0.03313	0.01178	0.06474	0.00265	0.00811	0.00698	0.00430	0.05568
4	0.01052	0.01000	0.06785	0.01082	0.01304	0.00905	0.00897	0.01443	0.06933	0.01803	0.07253	0.05760	0.05912	0.11661	0.39220	0.00714	0.01211	0.00838	0.00438	0.03789
5	0.01794	0.25394	0.09413	0.05140	0.05613	0.23368	0.03892	0.02076	0.01552	0.01769	0.06272	0.01799	0.01404	0.06899	0.00811	0.00215	0.00886	0.00547	0.00352	0.00802
6	0.01042	0.00770	0.00919	0.00966	0.01080	0.00769	0.00668	0.06797	0.06464	0.01947	0.03475	0.48632	0.09101	0.12644	0.01194	0.00315	0.00462	0.01543	0.00600	0.00613
7	0.04558	0.16225	0.31008	0.01756	0.07907	0.04068	0.01736	0.07758	0.05015	0.11707	0.01444	0.01540	0.01056	0.00676	0.00603	0.00196	0.00817	0.00518	0.00418	0.00993

[dist]
# distance from previous block
# <min> <max>
0	1

[block]
# block no. 7 follows, 32 sequences, length 25
# corresponding to MSA columns:
# 534-555,557-559
name=unknown_H
#
# <colnr> <probs for GDERKNQSTAVLIFYWHMCP>
#	G	D	E	R	K	N	Q	S	T	A	V	L	I	F	Y	W	H	M	C	P
0	0.01737	0.13356	0.07960	0.01742	0.09125	0.10168	0.05170	0.06820	0.24273	0.02404	0.08806	0.02115	0.01845	0.00799	0.00646	0.00201	0.00729	0.00659	0.00500	0.00945
1	0.01198	0.00825	0.00995	0.00909	0.01133	0.00796	0.00695	0.03754	0.08802	0.07109	0.46458	0.04550	0.13842	0.01288	0.00754	0.00212	0.00370	0.01113	0.04481	0.00716
2	0.04514	0.06568	0.04004	0.06997	0.22109	0.25515	0.08158	0.07186	0.04776	0.02138	0.01251	0.01510	0.01004	0.00659	0.00637	0.00193	0.00947	0.00545	0.00374	0.00915
3	0.01787	0.08410	0.01710	0.01289	0.01663	0.05840	0.01042	0.23147	0.18797	0.02913	0.15694	0.02530	0.02398	0.01347	0.08142	0.00292	0.00739	0.00741	0.00601	0.00919
4	0.01166	0.00583	0.00874	0.00874	0.00874	0.00583	0.00583	0.00874	0.00874	0.01166	0.01166	0.02040	0.01166	0.02331	0.02622	0.80478	0.00583	0.00583	0.00291	0.00291
5	0.01694	0.01195	0.03157	0.01122	0.01492	0.01161	0.00911	0.12802	0.16488	0.13105	0.19883	0.03224	0.09246	0.01030	0.00691	0.00204	0.00495	0.00859	0.05658	0.05583
6	0.01794	0.76823	0.03516	0.01148	0.01722	0.02655	0.01148	0.02009	0.01363	0.01579	0.00933	0.01076	0.00861	0.00574	0.00431	0.00144	0.00718	0.00359	0.00287	0.00861
7	0.00966	0.00688	0.00922	0.00922	0.00988	0.00754	0.00644	0.01098	0.01032	0.01442	0.01940	0.03426	0.02020	0.37158	0.42104	0.00886	0.01281	0.00834	0.00381	0.00512
8	0.00989	0.00728	0.00896	0.00971	0.01090	0.00703	0.00694	0.07336	0.01508	0.01977	0.03947	0.54995	0.13907	0.01909	0.00834	0.00261	0.00428	0.05591	0.00627	0.00607
9	0.01176	0.00920	0.01301	0.08688	0.06018	0.01008	0.01000	0.08312	0.01507	0.02086	0.12961	0.10666	0.04333	0.02914	0.33308	0.00604	0.01117	0.00909	0.00477	0.00697
10	0.03936	0.01262	0.01533	0.01220	0.01686	0.01208	0.03877	0.08023	0.18292	0.14225	0.09126	0.04178	0.01999	0.00815	0.00635	0.00181	0.00544	0.00686	0.00599	0.25976
11	0.01315	0.01236	0.02043	0.53528	0.08248	0.01396	0.05529	0.01735	0.01373	0.01837	0.01276	0.03793	0.01025	0.00675	0.00657	0.00206	0.00830	0.00615	0.00326	0.12356
12	0.00955	0.00680	0.00908	0.00913	0.00986	0.00726	0.00639	0.01103	0.01137	0.01586	0.09210	0.08542	0.02631	0.31605	0.34586	0.00772	0.01114	0.00948	0.00434	0.00526
13	0.01574	0.01645	0.02039	0.01758	0.01794	0.09380	0.01450	0.01724	0.01117	0.01618	0.00897	0.01442	0.00879	0.01125	0.02039	0.00281	0.67629	0.00571	0.00299	0.00738
14	0.01560	0.01319	0.01545	0.01156	0.01677	0.01193	0.00935	0.10688	0.03783	0.02415	0.01264	0.01463	0.01035	0.00620	0.00700	0.00137	0.08164	0.00455	0.00432	0.59460
15	0.01305	0.01309	0.04586	0.65928	0.10585	0.01502	0.01903	0.01760	0.01361	0.01771	0.01199	0.01764	0.00908	0.00663	0.00669	0.00221	0.00889	0.00593	0.00301	0.00782
16	0.02008	0.01610	0.01708	0.01434	0.01874	0.01828	0.01144	0.29140	0.44894	0.03354	0.02300	0.02160	0.01699	0.00870	0.00678	0.00217	0.00611	0.00699	0.00678	0.01092
17	0.00890	0.00671	0.00832	0.00832	0.00979	0.00624	0.00609	0.01115	0.01581	0.02127	0.33766	0.15727	0.22999	0.05496	0.08384	0.00334	0.00501	0.01310	0.00636	0.00588
18	0.02098	0.02363	0.01793	0.01598	0.01881	0.40520	0.01238	0.05774	0.13028	0.02004	0.01383	0.01569	0.01127	0.00829	0.00912	0.00205	0.14918	0.00535	0.05401	0.00824
19	0.01088	0.00829	0.00936	0.00881	0.01116	0.00787	0.00675	0.05658	0.07423	0.04114	0.25221	0.08619	0.35102	0.01483	0.00780	0.00225	0.00390	0.03322	0.00671	0.00678
20	0.00826	0.00671	0.00732	0.00738	0.00932	0.00577	0.00545	0.01018	0.01575	0.01970	0.18926	0.13393	0.52401	0.01678	0.00799	0.00228	0.00341	0.01428	0.00645	0.00577
21	0.01799	0.09651	0.04809	0.04764	0.25938	0.17890	0.05070	0.02199	0.05049	0.01975	0.01219	0.01506	0.01013	0.00666	0.00729	0.00189	0.06217	0.00531	0.00349	0.08437
22	0.12876	0.12219	0.23995	0.04181	0.02440	0.04007	0.10641	0.15211	0.01729	0.02542	0.01214	0.01423	0.00916	0.00670	0.00656	0.00204	0.03233	0.00524	0.00387	0.00932
23	0.00962	0.00736	0.01074	0.01083	0.01183	0.00848	0.00829	0.01176	0.01139	0.01626	0.04347	0.15950	0.02283	0.04164	0.54125	0.00860	0.05660	0.00943	0.00416	0.00598
24	0.01472	0.01730	0.14593	0.05676	0.07319	0.03642	0.14053	0.09134	0.03984	0.02268	0.05201	0.09776	0.04008	0.05645	0.00941	0.00247	0.03984	0.00830	0.04662	0.00836

[dist]
# distance from previous block
# <min> <max>
0	6

[block]
# block no. 8 follows, 32 sequences, length 14
# corresponding to MSA columns:
# 566-579
name=unknown_I
#
# <colnr> <probs for GDERKNQSTAVLIFYWHMCP>
#	G	D	E	R	K	N	Q	S	T	A	V	L	I	F	Y	W	H	M	C	P
0	0.01655	0.01652	0.11766	0.01667	0.09019	0.03159	0.06468	0.06382	0.08271	0.09311	0.04831	0.05154	0.03471	0.00768	0.00641	0.00182	0.00672	0.00665	0.00487	0.23777
1	0.01007	0.04743	0.00921	0.00830	0.00881	0.00755	0.00541	0.01064	0.01094	0.01441	0.02411	0.14673	0.02772	0.54788	0.02658	0.00538	0.00614	0.07349	0.00451	0.00470
2	0.21089	0.48072	0.02679	0.01160	0.01670	0.10065	0.01067	0.04343	0.01428	0.02020	0.00967	0.01112	0.00838	0.00606	0.00454	0.00164	0.00724	0.00376	0.00337	0.00829
3	0.01194	0.00964	0.01074	0.01010	0.01258	0.00998	0.00765	0.05046	0.23497	0.02456	0.22095	0.13343	0.20901	0.01374	0.00760	0.00227	0.00418	0.01180	0.00675	0.00764
4	0.00998	0.00747	0.00943	0.00916	0.00971	0.00823	0.00633	0.01094	0.01063	0.01450	0.02372	0.03842	0.08879	0.42586	0.22413	0.00694	0.07753	0.00913	0.00404	0.00505
5	0.02006	0.01704	0.01812	0.01493	0.01886	0.09970	0.03455	0.19239	0.21157	0.07541	0.01788	0.01846	0.01355	0.00840	0.00871	0.00210	0.11442	0.00618	0.02540	0.08227
6	0.01753	0.01289	0.01403	0.01244	0.01531	0.09973	0.02513	0.12316	0.03870	0.13650	0.03933	0.14051	0.02053	0.02158	0.20466	0.00447	0.00969	0.00860	0.04714	0.00807
7	0.81159	0.01298	0.00986	0.00882	0.01298	0.01505	0.00727	0.01972	0.01142	0.03010	0.00934	0.01090	0.00727	0.00623	0.00415	0.00208	0.00519	0.00363	0.00415	0.00727
8	0.01509	0.01150	0.01695	0.06573	0.07315	0.01188	0.08859	0.03921	0.12872	0.09576	0.18715	0.03434	0.04946	0.01046	0.00784	0.00225	0.03093	0.07382	0.04879	0.00839
9	0.01977	0.15719	0.17486	0.01794	0.02395	0.22683	0.11888	0.11932	0.04025	0.02213	0.01238	0.01419	0.00961	0.00663	0.00621	0.00190	0.00977	0.00522	0.00378	0.00917
10	0.00836	0.00620	0.00784	0.00893	0.00984	0.00568	0.00625	0.00989	0.01393	0.01824	0.09641	0.53538	0.17590	0.01955	0.00843	0.00261	0.00386	0.05080	0.00632	0.00560
11	0.01146	0.00596	0.00893	0.00893	0.00905	0.00607	0.00607	0.00905	0.00893	0.01202	0.01225	0.02096	0.01214	0.02585	0.09310	0.73013	0.00697	0.00596	0.00298	0.00320
12	0.09261	0.01812	0.05834	0.05774	0.24933	0.07163	0.17175	0.08477	0.03199	0.04324	0.01315	0.01623	0.01026	0.00666	0.00741	0.00212	0.04517	0.00608	0.00390	0.00950
13	0.01780	0.07914	0.08755	0.07222	0.05765	0.04809	0.01337	0.17527	0.25090	0.02778	0.08421	0.02165	0.01846	0.00832	0.00660	0.00208	0.00688	0.00674	0.00552	0.00979

[dist]
# distance from previous block
# <min> <max>
0	3

[block]
# block no. 9 follows, 32 sequences, length 23
# corresponding to MSA columns:
# 583-605
name=unknown_J
#
# <colnr> <probs for GDERKNQSTAVLIFYWHMCP>
#	G	D	E	R	K	N	Q	S	T	A	V	L	I	F	Y	W	H	M	C	P
0	0.00964	0.00652	0.00766	0.00776	0.00790	0.00660	0.00460	0.00993	0.01005	0.01351	0.02190	0.08935	0.02502	0.65126	0.09566	0.00664	0.00736	0.01014	0.00417	0.00433
1	0.08945	0.02561	0.27325	0.01955	0.02648	0.12125	0.18435	0.13654	0.01796	0.02496	0.01262	0.01487	0.00931	0.00655	0.00656	0.00208	0.00972	0.00565	0.00383	0.00941
2	0.01534	0.34310	0.43754	0.01591	0.02407	0.02019	0.01920	0.02076	0.01394	0.01895	0.01090	0.01274	0.00855	0.00611	0.00550	0.00183	0.00876	0.00438	0.00285	0.00937
3	0.01815	0.40300	0.17753	0.01494	0.02137	0.05674	0.05372	0.11025	0.04877	0.02132	0.01191	0.01332	0.00960	0.00638	0.00546	0.00176	0.00817	0.00466	0.00361	0.00933
4	0.00941	0.00655	0.00755	0.00765	0.00805	0.00647	0.00467	0.00988	0.01074	0.01413	0.02791	0.09223	0.11373	0.56581	0.08267	0.00604	0.00681	0.01074	0.00445	0.00451
5	0.01658	0.01093	0.01191	0.01040	0.01355	0.01153	0.00816	0.12727	0.20055	0.09464	0.08804	0.02944	0.08891	0.00964	0.00635	0.00198	0.00463	0.00789	0.24895	0.00864
6	0.01805	0.61543	0.11568	0.01291	0.01893	0.08915	0.01319	0.02083	0.01418	0.01649	0.00974	0.01129	0.00860	0.00592	0.00471	0.00154	0.00794	0.00382	0.00292	0.00869
7	0.01626	0.08200	0.02401	0.31773	0.29910	0.11084	0.01802	0.01998	0.01488	0.01876	0.01176	0.01602	0.00952	0.00637	0.00639	0.00201	0.00883	0.00555	0.00316	0.00881
8	0.00881	0.00697	0.00721	0.00705	0.00940	0.00585	0.00532	0.01060	0.01559	0.04455	0.09268	0.06246	0.66731	0.01654	0.00789	0.00225	0.00347	0.01381	0.00635	0.00590
9	0.01338	0.01307	0.02006	0.70628	0.04476	0.05621	0.01831	0.01770	0.01374	0.01710	0.01184	0.01756	0.00893	0.00672	0.00667	0.00221	0.00912	0.00587	0.00301	0.00747
10	0.01881	0.01609	0.01956	0.01684	0.05224	0.12412	0.12435	0.15704	0.03866	0.10193	0.03946	0.07302	0.07004	0.01325	0.07087	0.00290	0.00878	0.03795	0.00534	0.00876
11	0.01004	0.00778	0.01133	0.01107	0.01206	0.00928	0.00856	0.01215	0.01065	0.01540	0.01745	0.02689	0.01675	0.10978	0.61334	0.00972	0.08093	0.00730	0.00358	0.00594
12	0.01200	0.00741	0.00955	0.00905	0.01107	0.00671	0.00692	0.01466	0.01760	0.11833	0.41665	0.12978	0.14160	0.01457	0.00792	0.00226	0.00382	0.05614	0.00715	0.00682
13	0.01346	0.03471	0.72942	0.01912	0.02904	0.01558	0.02479	0.02125	0.01417	0.02125	0.01204	0.01417	0.00850	0.00637	0.00637	0.00212	0.00992	0.00496	0.00283	0.00992
14	0.01385	0.09863	0.66892	0.01846	0.02801	0.01654	0.02363	0.02115	0.01412	0.02077	0.01180	0.01387	0.00851	0.00632	0.00619	0.00206	0.00968	0.00484	0.00284	0.00980
15	0.01251	0.00625	0.00625	0.00625	0.00782	0.00625	0.00469	0.01563	0.01407	0.02502	0.02189	0.02502	0.01720	0.00782	0.00469	0.00156	0.00313	0.00625	0.80144	0.00625
16	0.01794	0.76823	0.03516	0.01148	0.01722	0.02655	0.01148	0.02009	0.01363	0.01579	0.00933	0.01076	0.00861	0.00574	0.00431	0.00144	0.00718	0.00359	0.00287	0.00861
17	0.15186	0.01853	0.01586	0.01403	0.01710	0.26765	0.06547	0.08040	0.01637	0.02128	0.01712	0.15518	0.01707	0.07451	0.03641	0.00278	0.00867	0.00796	0.00443	0.00731
18	0.01106	0.00755	0.00947	0.01025	0.01166	0.00752	0.00807	0.05748	0.01527	0.02104	0.03345	0.27354	0.06433	0.04506	0.00905	0.00276	0.00497	0.27146	0.12979	0.00621
19	0.01584	0.01810	0.03959	0.02828	0.03507	0.01697	0.69796	0.02149	0.01584	0.02149	0.01357	0.01810	0.01018	0.00566	0.00792	0.00226	0.01131	0.00792	0.00339	0.00905
20	0.81159	0.01298	0.00986	0.00882	0.01298	0.01505	0.00727	0.01972	0.01142	0.03010	0.00934	0.01090	0.00727	0.00623	0.00415	0.00208	0.00519	0.00363	0.00415	0.00727
21	0.00980	0.00656	0.00747	0.00754	0.00761	0.00656	0.00437	0.00994	0.01001	0.01333	0.02178	0.04533	0.02503	0.73096	0.03304	0.00635	0.00649	0.03950	0.00416	0.00416
22	0.01540	0.01681	0.03243	0.02427	0.02850	0.01832	0.44083	0.01948	0.01374	0.01948	0.01178	0.01681	0.00966	0.00795	0.01323	0.00252	0.29002	0.00715	0.00322	0.00841

[dist]
# distance from previous block
# <min> <max>
0	2

[block]
# block no. 10 follows, 32 sequences, length 25
# corresponding to MSA columns:
# 608-632
name=unknown_K
#
# <colnr> <probs for GDERKNQSTAVLIFYWHMCP>
#	G	D	E	R	K	N	Q	S	T	A	V	L	I	F	Y	W	H	M	C	P
0	0.01102	0.00865	0.01023	0.00988	0.01199	0.00876	0.00759	0.01758	0.18143	0.02467	0.35564	0.09949	0.13740	0.01403	0.00783	0.00231	0.00404	0.07338	0.00690	0.00718
1	0.00922	0.00777	0.00827	0.00899	0.01022	0.04911	0.00631	0.01076	0.01447	0.01824	0.10440	0.44850	0.24254	0.01836	0.00817	0.00248	0.00417	0.01614	0.00617	0.00573
2	0.01029	0.00718	0.00863	0.00880	0.00971	0.00707	0.00610	0.04421	0.01385	0.01871	0.13179	0.18405	0.07044	0.32696	0.01894	0.00416	0.00526	0.09049	0.02793	0.00541
3	0.01794	0.76823	0.03516	0.01148	0.01722	0.02655	0.01148	0.02009	0.01363	0.01579	0.00933	0.01076	0.00861	0.00574	0.00431	0.00144	0.00718	0.00359	0.00287	0.00861
4	0.08449	0.01170	0.01293	0.01067	0.01443	0.01201	0.00859	0.20592	0.03680	0.20479	0.02326	0.04492	0.04937	0.00875	0.00603	0.00194	0.00518	0.00691	0.24224	0.00908
5	0.01463	0.12154	0.01699	0.01215	0.01540	0.03791	0.04418	0.04221	0.27345	0.02279	0.12565	0.03045	0.06302	0.11473	0.03368	0.00296	0.00631	0.00819	0.00553	0.00823
6	0.01971	0.53972	0.02997	0.01309	0.01814	0.20935	0.01182	0.02262	0.05070	0.01658	0.01052	0.01184	0.00923	0.00622	0.00488	0.00155	0.00835	0.00398	0.00322	0.00850
7	0.65557	0.01246	0.01042	0.00923	0.01322	0.01405	0.00751	0.04297	0.01287	0.08416	0.01275	0.05085	0.01038	0.00726	0.00469	0.00209	0.00517	0.00484	0.03191	0.00760
8	0.00975	0.00654	0.00747	0.00747	0.00753	0.00659	0.00426	0.00986	0.00980	0.01313	0.02100	0.04312	0.02405	0.73201	0.06587	0.00670	0.00702	0.00964	0.00404	0.00415
9	0.23211	0.01496	0.01602	0.01261	0.01761	0.01587	0.01041	0.31296	0.02242	0.25405	0.01760	0.01686	0.01196	0.00766	0.00606	0.00205	0.00629	0.00563	0.00654	0.01033
10	0.74294	0.01284	0.01036	0.00910	0.01334	0.01460	0.00749	0.02086	0.01210	0.09131	0.01085	0.01195	0.00809	0.00641	0.00438	0.00208	0.00524	0.00391	0.00452	0.00763
11	0.00839	0.00608	0.00792	0.00902	0.00974	0.00562	0.00617	0.00993	0.01406	0.01887	0.15623	0.59257	0.09154	0.01950	0.00841	0.00259	0.00374	0.01756	0.00643	0.00562
12	0.34415	0.01379	0.01435	0.01151	0.01632	0.01454	0.00950	0.18521	0.01898	0.28410	0.01711	0.01643	0.01161	0.00741	0.00569	0.00206	0.00590	0.00532	0.00625	0.00974
13	0.03903	0.07907	0.01624	0.01205	0.01607	0.01440	0.00984	0.20671	0.12727	0.15519	0.09494	0.07197	0.08979	0.01049	0.00688	0.00212	0.00565	0.02631	0.00659	0.00939
14	0.14731	0.01571	0.02084	0.08527	0.19047	0.01675	0.05441	0.25346	0.02053	0.10925	0.01485	0.01643	0.01086	0.00703	0.00636	0.00206	0.00736	0.00583	0.00515	0.01008
15	0.01481	0.00762	0.00834	0.00786	0.01003	0.00762	0.00606	0.01921	0.07584	0.10955	0.02378	0.04883	0.01888	0.00871	0.00538	0.00177	0.00374	0.02668	0.58803	0.00723
16	0.00886	0.00680	0.00823	0.00905	0.01044	0.00630	0.00672	0.01121	0.03787	0.01878	0.07981	0.35428	0.27534	0.01849	0.00837	0.00258	0.00410	0.12064	0.00630	0.00586
17	0.01430	0.02905	0.50589	0.02078	0.02943	0.01600	0.18046	0.02257	0.07569	0.02191	0.01374	0.01604	0.00994	0.00645	0.00677	0.00217	0.00984	0.00588	0.00331	0.00978
18	0.01366	0.01318	0.01860	0.01625	0.01649	0.01812	0.01342	0.01532	0.01038	0.01603	0.01064	0.01701	0.01040	0.01945	0.16498	0.00450	0.60528	0.00614	0.00307	0.00707
19	0.00813	0.00601	0.00760	0.00888	0.00961	0.00549	0.00602	0.00940	0.01329	0.01731	0.04266	0.63253	0.16799	0.02028	0.00845	0.00264	0.00380	0.01818	0.00623	0.00549
20	0.01655	0.02331	0.21396	0.21563	0.03210	0.14776	0.13469	0.06131	0.01597	0.02030	0.01205	0.01560	0.00912	0.00681	0.00748	0.00214	0.04749	0.00573	0.00332	0.00868
21	0.01794	0.76823	0.03516	0.01148	0.01722	0.02655	0.01148	0.02009	0.01363	0.01579	0.00933	0.01076	0.00861	0.00574	0.00431	0.00144	0.00718	0.00359	0.00287	0.00861
22	0.01383	0.09489	0.67246	0.01850	0.02807	0.01648	0.02370	0.02115	0.01412	0.02080	0.01182	0.01389	0.00851	0.00632	0.00621	0.00207	0.00969	0.00485	0.00284	0.00981
23	0.00959	0.00716	0.01063	0.01063	0.01178	0.00831	0.00820	0.01189	0.01074	0.01546	0.01811	0.02712	0.01711	0.08133	0.70704	0.01060	0.01747	0.00730	0.00362	0.00591
24	0.40938	0.01489	0.01370	0.01132	0.01572	0.03765	0.00924	0.21619	0.03853	0.03184	0.01268	0.01390	0.00965	0.00696	0.00556	0.00195	0.02398	0.00468	0.04355	0.07862

[dist]
# distance from previous block
# <min> <max>
0	1

[block]
# block no. 11 follows, 32 sequences, length 14
# corresponding to MSA columns:
# 634-647
name=unknown_L
#
# <colnr> <probs for GDERKNQSTAVLIFYWHMCP>
#	G	D	E	R	K	N	Q	S	T	A	V	L	I	F	Y	W	H	M	C	P
0	0.01610	0.01543	0.02633	0.13147	0.63598	0.01581	0.02034	0.02015	0.01504	0.02131	0.01253	0.01677	0.01041	0.00607	0.00665	0.00202	0.00810	0.00598	0.00328	0.01022
1	0.02551	0.01593	0.01802	0.01413	0.01920	0.01693	0.01157	0.39986	0.13270	0.24276	0.02091	0.01948	0.01435	0.00829	0.00674	0.00207	0.00657	0.00649	0.00720	0.01129
2	0.01428	0.01265	0.01286	0.01274	0.06738	0.06988	0.00903	0.13626	0.11129	0.02413	0.06652	0.04243	0.36880	0.01261	0.00732	0.00215	0.00540	0.01038	0.00599	0.00790
3	0.00855	0.00609	0.00770	0.00873	0.00923	0.00572	0.00574	0.00964	0.01276	0.01696	0.07614	0.53189	0.08578	0.16620	0.01351	0.00340	0.00433	0.01651	0.00587	0.00524
4	0.02161	0.01201	0.01458	0.01187	0.01603	0.01184	0.00953	0.13063	0.13845	0.30932	0.18769	0.02825	0.02721	0.00955	0.00696	0.00207	0.00527	0.00794	0.00742	0.04178
5	0.00965	0.00675	0.00792	0.00808	0.00873	0.00671	0.00535	0.01043	0.01161	0.01551	0.03123	0.12424	0.15142	0.39594	0.05006	0.03501	0.02615	0.04082	0.04955	0.00484
6	0.01391	0.01193	0.01391	0.00994	0.01590	0.00894	0.00795	0.01690	0.01391	0.02186	0.01193	0.01391	0.00994	0.00497	0.00497	0.00099	0.00497	0.00398	0.00398	0.80521
7	0.01193	0.00801	0.00968	0.00933	0.01118	0.00783	0.00692	0.06480	0.05469	0.05897	0.28178	0.24693	0.08654	0.01445	0.00754	0.00224	0.00394	0.01266	0.09370	0.00688
8	0.00918	0.00741	0.00906	0.00902	0.01040	0.00752	0.00675	0.01090	0.01357	0.01764	0.09434	0.13646	0.32308	0.09430	0.13399	0.00423	0.06845	0.03256	0.00539	0.00574
9	0.01765	0.18688	0.04224	0.01304	0.01810	0.10400	0.04438	0.07488	0.01593	0.06360	0.01323	0.01550	0.01085	0.01171	0.09896	0.00268	0.00871	0.00490	0.00404	0.24873
10	0.07206	0.01587	0.01608	0.01261	0.01747	0.07919	0.01009	0.27405	0.02079	0.07116	0.01477	0.01692	0.01160	0.04618	0.03789	0.00226	0.00719	0.00535	0.00521	0.26325
11	0.01569	0.08326	0.05709	0.24818	0.11674	0.05130	0.01517	0.01963	0.04057	0.07681	0.04621	0.02140	0.05273	0.02424	0.00905	0.00226	0.10081	0.00653	0.00400	0.00832
12	0.06099	0.01514	0.01400	0.01353	0.05660	0.19082	0.02642	0.04079	0.01551	0.06344	0.06475	0.03036	0.09367	0.16090	0.07489	0.00361	0.00840	0.02442	0.00466	0.03708
13	0.05603	0.05771	0.08396	0.09170	0.06871	0.01502	0.01289	0.12806	0.15875	0.07036	0.02210	0.05790	0.06299	0.00896	0.00658	0.00209	0.00656	0.02643	0.00527	0.05793

[dist]
# distance from previous block
# <min> <max>
0	11

[block]
# block no. 12 follows, 32 sequences, length 39
# corresponding to MSA columns:
# 659-697
name=unknown_M
#
# <colnr> <probs for GDERKNQSTAVLIFYWHMCP>
#	G	D	E	R	K	N	Q	S	T	A	V	L	I	F	Y	W	H	M	C	P
0	0.01744	0.32064	0.14343	0.02002	0.17352	0.02085	0.01583	0.08870	0.07212	0.02165	0.01260	0.01443	0.01028	0.00662	0.00626	0.00185	0.03546	0.00499	0.00367	0.00966
1	0.01785	0.08281	0.10699	0.03029	0.06359	0.03448	0.01277	0.10905	0.16715	0.08688	0.01811	0.05491	0.01442	0.00775	0.00621	0.00187	0.00663	0.00628	0.00512	0.16685
2	0.05308	0.01461	0.01976	0.07770	0.07930	0.01529	0.10120	0.18600	0.13911	0.05750	0.01911	0.02167	0.03977	0.05953	0.00853	0.00233	0.00710	0.00682	0.00520	0.08635
3	0.01408	0.01008	0.01291	0.01401	0.08829	0.01006	0.00983	0.07703	0.08845	0.08684	0.07280	0.14770	0.15436	0.03087	0.00843	0.00253	0.00536	0.15236	0.00622	0.00781
4	0.02346	0.05660	0.04199	0.01850	0.08392	0.09046	0.08462	0.31405	0.04471	0.14975	0.01661	0.01705	0.01188	0.00742	0.00664	0.00200	0.00803	0.00607	0.00571	0.01052
5	0.01758	0.46690	0.05948	0.01319	0.01780	0.09376	0.01231	0.04289	0.03572	0.01738	0.01104	0.01345	0.00981	0.01061	0.07082	0.00252	0.08863	0.00449	0.00325	0.00838
6	0.04035	0.01236	0.01383	0.03205	0.01567	0.01348	0.00942	0.28094	0.07395	0.02836	0.04251	0.16650	0.07366	0.07885	0.03137	0.00286	0.02570	0.00970	0.04013	0.00829
7	0.01314	0.01094	0.01198	0.01158	0.04842	0.06815	0.03053	0.07414	0.01744	0.06179	0.14281	0.09498	0.33420	0.03933	0.00848	0.00233	0.00519	0.01150	0.00602	0.00706
8	0.01333	0.01439	0.08297	0.47265	0.18654	0.01465	0.01875	0.01782	0.01366	0.01840	0.01258	0.01798	0.00991	0.01010	0.06653	0.00287	0.00956	0.00598	0.00309	0.00823
9	0.01264	0.00850	0.01087	0.07399	0.01464	0.00835	0.00806	0.01695	0.08814	0.11097	0.29258	0.13884	0.16203	0.01351	0.00764	0.00224	0.00435	0.01174	0.00670	0.00727
10	0.00982	0.00680	0.00836	0.00843	0.01006	0.00608	0.00614	0.01193	0.01610	0.06122	0.28715	0.26462	0.24536	0.01654	0.00805	0.00234	0.00359	0.01449	0.00676	0.00616
11	0.02506	0.03198	0.01901	0.01729	0.02074	0.73725	0.01296	0.02679	0.01901	0.01642	0.01037	0.01210	0.00864	0.00691	0.00605	0.00173	0.01210	0.00432	0.00346	0.00778
12	0.01459	0.01106	0.01169	0.01064	0.01366	0.03140	0.00817	0.09403	0.19767	0.08519	0.04191	0.14644	0.27943	0.01352	0.00745	0.00228	0.00485	0.01136	0.00654	0.00811
13	0.02444	0.01022	0.01369	0.01105	0.01531	0.00892	0.00903	0.02706	0.01867	0.53552	0.12704	0.03273	0.08182	0.01029	0.00713	0.00215	0.00519	0.04188	0.00790	0.00997
14	0.01083	0.00723	0.00962	0.01018	0.01093	0.00735	0.00722	0.01209	0.01291	0.07485	0.03180	0.52398	0.03649	0.10301	0.01251	0.00313	0.06991	0.04412	0.00586	0.00598
15	0.19062	0.01257	0.01276	0.01075	0.01445	0.01368	0.00863	0.23050	0.07164	0.08496	0.01869	0.04529	0.01444	0.00815	0.00565	0.00195	0.00528	0.00622	0.23500	0.00876
16	0.01014	0.00669	0.00881	0.00897	0.00955	0.00690	0.00626	0.01063	0.01094	0.01477	0.04517	0.03997	0.04693	0.32364	0.18578	0.16203	0.00869	0.08532	0.00416	0.00465
17	0.01910	0.01779	0.06768	0.05713	0.02463	0.04453	0.17467	0.21853	0.01916	0.07433	0.01419	0.01714	0.01084	0.01032	0.04963	0.00274	0.15729	0.00642	0.00457	0.00932
18	0.06016	0.05057	0.04928	0.04970	0.16470	0.09889	0.17752	0.06549	0.01605	0.07207	0.01289	0.01599	0.01011	0.00721	0.00893	0.00217	0.11922	0.00604	0.00387	0.00915
19	0.00901	0.00633	0.00769	0.00858	0.00934	0.00601	0.00576	0.01074	0.03080	0.01785	0.05353	0.47529	0.11539	0.12794	0.01185	0.00310	0.00417	0.01556	0.07556	0.00550
20	0.17363	0.01609	0.03268	0.01281	0.01748	0.06135	0.01059	0.26657	0.08214	0.14485	0.04329	0.02047	0.05324	0.00834	0.00625	0.00204	0.00645	0.00630	0.00612	0.02931
21	0.01422	0.11095	0.58249	0.01872	0.02775	0.01689	0.06808	0.02168	0.04020	0.02094	0.01243	0.01447	0.00907	0.00636	0.00628	0.00207	0.00955	0.00511	0.00302	0.00975
22	0.01376	0.01321	0.01809	0.01542	0.01712	0.07132	0.11367	0.03661	0.01300	0.01779	0.01738	0.14200	0.01793	0.11046	0.08727	0.00385	0.24480	0.00885	0.03061	0.00687
23	0.02195	0.01258	0.01436	0.01159	0.01561	0.01296	0.00938	0.26356	0.05980	0.22280	0.06351	0.02279	0.01795	0.00846	0.00628	0.00193	0.00546	0.00674	0.21254	0.00973
