[name]
unknown

[dist]
# distance from previous block
# <min> <max>
4	21

[block]
# block no. 0 follows, 34 sequences, length 7
# corresponding to MSA columns:
# 24-30
name=unknown_A
#
# <colnr> <probs for GDERKNQSTAVLIFYWHMCP>
#	G	D	E	R	K	N	Q	S	T	A	V	L	I	F	Y	W	H	M	C	P
0	0.01071	0.00834	0.01040	0.01123	0.06902	0.00825	0.00728	0.01415	0.09896	0.01802	0.08181	0.10727	0.12420	0.23646	0.05002	0.03365	0.00572	0.04011	0.00494	0.05947
1	0.01373	0.01256	0.01908	0.10059	0.27375	0.01267	0.04433	0.04139	0.01408	0.01974	0.01884	0.02318	0.09635	0.06981	0.00960	0.00224	0.06425	0.00672	0.00376	0.15334
2	0.01527	0.01526	0.02149	0.15625	0.42370	0.10316	0.01664	0.01868	0.01496	0.01973	0.06806	0.06806	0.01575	0.00752	0.00655	0.00198	0.00771	0.00685	0.00364	0.00873
3	0.01495	0.01327	0.01373	0.01306	0.07664	0.11453	0.00914	0.06558	0.01560	0.05619	0.04331	0.04957	0.13641	0.04219	0.06748	0.00253	0.00695	0.00715	0.00460	0.24710
4	0.08318	0.15747	0.01961	0.01596	0.11349	0.06382	0.01147	0.08839	0.19856	0.02400	0.10251	0.02010	0.01811	0.00797	0.00674	0.00194	0.04686	0.00616	0.00483	0.00882
5	0.01395	0.01314	0.06879	0.31189	0.20584	0.01258	0.01567	0.01770	0.01403	0.07689	0.01921	0.06590	0.07806	0.00803	0.00655	0.00204	0.00720	0.00712	0.00389	0.05151
6	0.00924	0.00613	0.00773	0.00804	0.00839	0.00613	0.00517	0.00942	0.01030	0.01374	0.02440	0.18737	0.06688	0.36807	0.11238	0.13062	0.00682	0.01061	0.00424	0.00434

[dist]
# distance from previous block
# <min> <max>
0	1

[block]
# block no. 1 follows, 34 sequences, length 19
# corresponding to MSA columns:
# 32-50
name=unknown_B
#
# <colnr> <probs for GDERKNQSTAVLIFYWHMCP>
#	G	D	E	R	K	N	Q	S	T	A	V	L	I	F	Y	W	H	M	C	P
0	0.01526	0.11038	0.05054	0.04517	0.33401	0.03168	0.04807	0.07274	0.03059	0.02184	0.08688	0.02306	0.08682	0.00777	0.00640	0.00191	0.00694	0.00688	0.00411	0.00893
1	0.65270	0.01615	0.12900	0.01039	0.01535	0.01482	0.00998	0.04926	0.01227	0.02811	0.00970	0.01123	0.00736	0.00610	0.00445	0.00200	0.00583	0.00381	0.00390	0.00759
2	0.00900	0.01006	0.10142	0.00926	0.01182	0.00718	0.00801	0.01198	0.04886	0.01821	0.07708	0.26046	0.34284	0.01588	0.00819	0.03053	0.00438	0.01321	0.00555	0.00609
3	0.65488	0.01223	0.01050	0.00896	0.01323	0.01340	0.00737	0.02037	0.01214	0.11869	0.01130	0.01219	0.00835	0.00616	0.00438	0.00192	0.00505	0.00391	0.00450	0.07050
4	0.02472	0.01214	0.01646	0.07529	0.07496	0.01171	0.01122	0.11355	0.04251	0.48070	0.02250	0.05179	0.01556	0.00821	0.00656	0.00203	0.00604	0.00682	0.00688	0.01035
5	0.01587	0.01885	0.17973	0.09837	0.02510	0.07427	0.15480	0.03756	0.01466	0.09192	0.01549	0.06843	0.01298	0.00833	0.00860	0.00220	0.10511	0.02799	0.03145	0.00830
6	0.00795	0.00568	0.00757	0.00895	0.00939	0.00530	0.00600	0.00919	0.01272	0.01706	0.07696	0.72576	0.04382	0.01982	0.00821	0.00259	0.00371	0.01797	0.00606	0.00530
7	0.01340	0.01148	0.01340	0.00957	0.01531	0.00861	0.00766	0.01627	0.01340	0.02105	0.01148	0.01340	0.00957	0.00479	0.00479	0.00096	0.00479	0.00383	0.00383	0.81242
8	0.01517	0.06591	0.44114	0.01891	0.06550	0.07519	0.08344	0.02140	0.03807	0.04512	0.01247	0.01442	0.00922	0.00613	0.00610	0.00192	0.00900	0.00506	0.00324	0.06261
9	0.05314	0.01518	0.11954	0.01282	0.01846	0.01181	0.01184	0.11666	0.01906	0.52047	0.02165	0.01957	0.01392	0.00763	0.00636	0.00200	0.00627	0.00606	0.00691	0.01065
10	0.00924	0.00689	0.01020	0.01020	0.01128	0.00797	0.00784	0.01142	0.01033	0.01486	0.01748	0.02634	0.01657	0.08943	0.70691	0.01015	0.01668	0.00706	0.00349	0.00566
11	0.01556	0.01491	0.02545	0.12140	0.65425	0.01524	0.01962	0.01945	0.01451	0.02059	0.01208	0.01613	0.01005	0.00584	0.00640	0.00195	0.00778	0.00576	0.00316	0.00989
12	0.01599	0.01535	0.02623	0.03966	0.73262	0.01535	0.01983	0.01983	0.01471	0.02111	0.01215	0.01599	0.01023	0.00576	0.00640	0.00192	0.00768	0.00576	0.00320	0.01023
13	0.00940	0.00626	0.00705	0.00705	0.00705	0.00626	0.00392	0.00940	0.00940	0.01253	0.02036	0.04228	0.02349	0.77292	0.03289	0.00626	0.00626	0.00940	0.00392	0.00392
14	0.01060	0.00599	0.00888	0.00888	0.00918	0.00630	0.00619	0.00930	0.00899	0.01229	0.01328	0.02226	0.01312	0.06532	0.21797	0.55987	0.00876	0.00614	0.00303	0.00365
15	0.01620	0.04323	0.07954	0.28150	0.19083	0.10718	0.01651	0.02049	0.04056	0.07479	0.01319	0.01659	0.01019	0.00824	0.03586	0.00233	0.02517	0.00555	0.00355	0.00850
16	0.01296	0.03342	0.73944	0.01842	0.02797	0.01501	0.02387	0.02046	0.01364	0.02046	0.01160	0.01364	0.00818	0.00614	0.00614	0.00205	0.00955	0.00477	0.00273	0.00955
17	0.01095	0.00561	0.00834	0.00847	0.00850	0.00558	0.00564	0.00847	0.00874	0.01166	0.01323	0.08112	0.01381	0.02227	0.02386	0.74558	0.00546	0.00666	0.00307	0.00301
18	0.01465	0.01370	0.02322	0.03354	0.56818	0.01363	0.03884	0.01822	0.01456	0.02051	0.01667	0.08442	0.01602	0.00834	0.00688	0.00211	0.00725	0.08624	0.00375	0.00928

[dist]
# distance from previous block
# <min> <max>
1	2

[block]
# block no. 2 follows, 34 sequences, length 18
# corresponding to MSA columns:
# 53-70
name=unknown_C
#
# <colnr> <probs for GDERKNQSTAVLIFYWHMCP>
#	G	D	E	R	K	N	Q	S	T	A	V	L	I	F	Y	W	H	M	C	P
0	0.01504	0.04751	0.24072	0.04847	0.20899	0.01496	0.08926	0.02213	0.12241	0.04953	0.01553	0.04605	0.01237	0.00694	0.00642	0.00202	0.00786	0.00627	0.00387	0.03365
1	0.01340	0.01148	0.01340	0.00957	0.01531	0.00861	0.00766	0.01627	0.01340	0.02105	0.01148	0.01340	0.00957	0.00479	0.00479	0.00096	0.00479	0.00383	0.00383	0.81242
2	0.02273	0.01411	0.04461	0.01384	0.04333	0.01373	0.01108	0.19427	0.17949	0.31444	0.02279	0.06147	0.01658	0.00863	0.00659	0.00206	0.00594	0.00707	0.00681	0.01042
3	0.02290	0.01093	0.01409	0.01065	0.01565	0.00905	0.00862	0.02540	0.01637	0.46563	0.02061	0.02012	0.01423	0.04362	0.00720	0.00186	0.00530	0.00575	0.00642	0.27560
4	0.00914	0.00660	0.00864	0.00813	0.00965	0.00610	0.00610	0.01219	0.01829	0.02591	0.72921	0.04827	0.06097	0.01321	0.00762	0.00203	0.00305	0.01169	0.00711	0.00610
5	0.01414	0.01414	0.01979	0.01696	0.01696	0.01979	0.01414	0.01555	0.00990	0.01555	0.00848	0.01414	0.00848	0.01131	0.02120	0.00283	0.76110	0.00565	0.00283	0.00707
6	0.00988	0.00752	0.01152	0.01089	0.01203	0.00852	0.04123	0.01163	0.01033	0.01471	0.01668	0.02622	0.01609	0.13201	0.54220	0.06918	0.04331	0.00711	0.00343	0.00551
7	0.00851	0.00727	0.00870	0.11541	0.01404	0.00684	0.00697	0.01074	0.01498	0.01854	0.15344	0.05367	0.52907	0.01448	0.00746	0.00216	0.00401	0.01221	0.00571	0.00580
8	0.01420	0.01422	0.08314	0.01475	0.10332	0.01105	0.01127	0.01748	0.01342	0.04199	0.01173	0.01406	0.00962	0.00571	0.00663	0.00137	0.07338	0.00439	0.00369	0.54458
9	0.01524	0.01930	0.15667	0.05624	0.31978	0.06412	0.13070	0.01970	0.01465	0.02035	0.03937	0.01657	0.01144	0.00631	0.00705	0.00196	0.03792	0.00589	0.00329	0.05344
10	0.01428	0.08417	0.36270	0.01913	0.11937	0.01525	0.04215	0.03598	0.10360	0.02130	0.01438	0.04442	0.01151	0.00681	0.00609	0.00192	0.00788	0.00569	0.00360	0.07976
11	0.48275	0.08458	0.09714	0.01142	0.01624	0.05574	0.03620	0.05541	0.01358	0.04939	0.03849	0.01328	0.01003	0.00642	0.00484	0.00194	0.00632	0.00437	0.00406	0.00780
12	0.01410	0.01510	0.07489	0.17293	0.30856	0.05099	0.04237	0.01835	0.03554	0.01961	0.03065	0.08755	0.01547	0.00819	0.00669	0.00207	0.00760	0.04741	0.00373	0.03821
13	0.01087	0.00678	0.00924	0.00911	0.00972	0.00727	0.00636	0.01167	0.07292	0.01379	0.01556	0.02514	0.01520	0.14930	0.20405	0.40987	0.00858	0.00670	0.00349	0.00439
14	0.01356	0.01714	0.19023	0.06652	0.17879	0.01305	0.08323	0.03269	0.08865	0.02040	0.05827	0.02158	0.05346	0.01025	0.02654	0.09920	0.00768	0.00666	0.00384	0.00825
15	0.01232	0.01142	0.01923	0.53213	0.12237	0.01329	0.04189	0.01623	0.01366	0.01797	0.07783	0.02149	0.03881	0.00767	0.00709	0.02140	0.00783	0.00662	0.00341	0.00734
16	0.01827	0.39740	0.06916	0.11041	0.04510	0.22790	0.01340	0.02089	0.01465	0.01605	0.00985	0.01199	0.00840	0.00601	0.00511	0.00162	0.00866	0.00410	0.00295	0.00806
17	0.01513	0.20114	0.34595	0.01514	0.02235	0.08187	0.04046	0.01988	0.01395	0.01895	0.01087	0.01279	0.00855	0.00576	0.00544	0.00165	0.00825	0.00433	0.00302	0.16453

[dist]
# distance from previous block
# <min> <max>
0	1

[block]
# block no. 3 follows, 34 sequences, length 38
# corresponding to MSA columns:
# 72-77,81-112
name=unknown_D
#
# <colnr> <probs for GDERKNQSTAVLIFYWHMCP>
#	G	D	E	R	K	N	Q	S	T	A	V	L	I	F	Y	W	H	M	C	P
0	0.01664	0.03911	0.01671	0.01384	0.01775	0.01648	0.04504	0.09849	0.56835	0.02721	0.02368	0.02253	0.01787	0.00990	0.03462	0.00245	0.00612	0.00704	0.00616	0.00999
1	0.67487	0.01418	0.05824	0.01061	0.01483	0.01496	0.04337	0.01895	0.01130	0.02716	0.00933	0.01128	0.00731	0.00633	0.00544	0.00207	0.05479	0.00393	0.00380	0.00725
2	0.01412	0.04046	0.38328	0.01528	0.02182	0.01282	0.05898	0.02059	0.07298	0.09520	0.10258	0.04866	0.06814	0.00851	0.00660	0.00207	0.00739	0.00720	0.00448	0.00884
3	0.00956	0.00719	0.00895	0.00858	0.01034	0.00684	0.00658	0.01353	0.06842	0.02445	0.54378	0.05010	0.13849	0.01363	0.00765	0.00213	0.00345	0.06318	0.00685	0.00631
4	0.01330	0.01127	0.01664	0.08034	0.20478	0.01182	0.04051	0.07781	0.07783	0.02138	0.09571	0.12096	0.02272	0.10456	0.06869	0.00327	0.00720	0.00877	0.00465	0.00778
5	0.01301	0.01221	0.04475	0.15649	0.04520	0.01013	0.01094	0.01639	0.01347	0.02002	0.01322	0.01871	0.01143	0.00618	0.00553	0.00142	0.00591	0.05587	0.00374	0.53539
6	0.00858	0.00649	0.00792	0.00776	0.00936	0.00583	0.00575	0.01103	0.01667	0.02253	0.46827	0.12537	0.25118	0.01483	0.00769	0.00214	0.00318	0.01292	0.00668	0.00583
7	0.01533	0.04648	0.05535	0.02736	0.08771	0.01658	0.61078	0.02057	0.01509	0.02051	0.01281	0.01695	0.00974	0.00549	0.00736	0.00212	0.01046	0.00725	0.00323	0.00884
8	0.02320	0.13309	0.02048	0.01583	0.01951	0.62749	0.01228	0.04399	0.01793	0.01642	0.01000	0.01158	0.00839	0.00653	0.00561	0.00163	0.01087	0.00411	0.00334	0.00770
9	0.00956	0.06508	0.01026	0.00817	0.01006	0.00823	0.00634	0.01165	0.01517	0.02001	0.29103	0.04781	0.32245	0.06523	0.00991	0.00237	0.05427	0.01116	0.02533	0.00592
10	0.01401	0.01178	0.01432	0.01115	0.03935	0.00965	0.00857	0.01680	0.01335	0.04265	0.01173	0.01380	0.00971	0.00537	0.00604	0.00115	0.05789	0.00410	0.00386	0.70469
11	0.00817	0.00654	0.00745	0.00777	0.00948	0.00561	0.00556	0.00969	0.01367	0.01734	0.04931	0.34452	0.39749	0.01706	0.00767	0.00227	0.00358	0.01481	0.00584	0.06618
12	0.01320	0.01128	0.01319	0.00955	0.01510	0.00849	0.00760	0.01601	0.01336	0.02089	0.01234	0.04021	0.01075	0.00533	0.00491	0.00102	0.00475	0.00434	0.00391	0.78377
13	0.00851	0.00623	0.00804	0.00895	0.00976	0.00593	0.00619	0.01083	0.04618	0.01896	0.18036	0.56840	0.06109	0.01816	0.00803	0.00247	0.00365	0.01636	0.00626	0.00566
14	0.01154	0.01018	0.01582	0.05602	0.22625	0.01006	0.05671	0.01452	0.03526	0.01835	0.02911	0.17331	0.14861	0.10436	0.01045	0.00274	0.00604	0.05896	0.00460	0.00712
15	0.01103	0.12188	0.01366	0.03977	0.01279	0.01080	0.00803	0.03560	0.01143	0.01546	0.01730	0.06037	0.01736	0.19922	0.38916	0.00716	0.01199	0.00740	0.00365	0.00594
16	0.01386	0.01174	0.01352	0.01003	0.01539	0.00961	0.00800	0.04094	0.08256	0.02248	0.04182	0.01590	0.01266	0.00561	0.00513	0.00115	0.00482	0.00455	0.00431	0.67591
17	0.01541	0.01297	0.01983	0.02571	0.39852	0.01198	0.01414	0.01868	0.01460	0.07280	0.04307	0.06182	0.01443	0.00680	0.00609	0.00169	0.00625	0.00623	0.00405	0.24491
18	0.01417	0.03173	0.68486	0.01789	0.02710	0.01459	0.02279	0.02129	0.01401	0.07446	0.01264	0.01427	0.00877	0.00628	0.00617	0.00204	0.00924	0.00490	0.00313	0.00966
19	0.01571	0.01281	0.06826	0.01307	0.01642	0.01190	0.06959	0.13102	0.01648	0.12188	0.02650	0.03414	0.13080	0.11623	0.03161	0.00304	0.08302	0.08457	0.00520	0.00774
20	0.01788	0.17919	0.04389	0.01560	0.01815	0.21619	0.01326	0.04845	0.01381	0.01675	0.00938	0.01272	0.00850	0.00854	0.01243	0.00215	0.34756	0.00477	0.00310	0.00768
21	0.01458	0.10667	0.19565	0.08776	0.05083	0.06190	0.10977	0.04744	0.04108	0.01911	0.01371	0.03610	0.01173	0.04133	0.06980	0.00291	0.06034	0.01770	0.00343	0.00817
22	0.64574	0.01287	0.01219	0.01039	0.01411	0.01488	0.04698	0.04701	0.01188	0.02730	0.00993	0.01270	0.00812	0.03865	0.00682	0.00225	0.06283	0.00424	0.00397	0.00713
23	0.00783	0.00644	0.00692	0.00726	0.00910	0.00553	0.00540	0.00946	0.01433	0.01740	0.05862	0.18306	0.57417	0.01711	0.00781	0.00230	0.00350	0.05230	0.00600	0.00545
24	0.01108	0.00561	0.00838	0.00844	0.00846	0.00560	0.00563	0.00844	0.00858	0.01144	0.01225	0.05110	0.01255	0.02235	0.02454	0.77802	0.00553	0.00615	0.00294	0.00291
25	0.81856	0.01250	0.00950	0.00850	0.01250	0.01449	0.00700	0.01899	0.01100	0.02899	0.00900	0.01050	0.00700	0.00600	0.00400	0.00200	0.00500	0.00350	0.00400	0.00700
26	0.81856	0.01250	0.00950	0.00850	0.01250	0.01449	0.00700	0.01899	0.01100	0.02899	0.00900	0.01050	0.00700	0.00600	0.00400	0.00200	0.00500	0.00350	0.00400	0.00700
27	0.01417	0.03173	0.68486	0.01789	0.02710	0.01459	0.02279	0.02129	0.01401	0.07446	0.01264	0.01427	0.00877	0.00628	0.00617	0.00204	0.00924	0.00490	0.00313	0.00966
28	0.22308	0.01240	0.04688	0.01107	0.01603	0.01098	0.00954	0.02790	0.01642	0.52948	0.02078	0.01877	0.01342	0.00742	0.00586	0.00200	0.00556	0.00568	0.00677	0.00994
29	0.00867	0.00655	0.00800	0.00771	0.00938	0.00588	0.00575	0.01124	0.01705	0.02314	0.51363	0.07893	0.25169	0.01437	0.00765	0.00210	0.00314	0.01249	0.00675	0.00588
30	0.00843	0.00658	0.00765	0.00738	0.00922	0.00579	0.00554	0.01082	0.01661	0.02193	0.41672	0.05482	0.37594	0.01469	0.00763	0.00210	0.00315	0.01260	0.00659	0.00579
31	0.01549	0.01620	0.03169	0.06111	0.37035	0.01579	0.35116	0.02012	0.01490	0.02074	0.01257	0.01673	0.00997	0.00563	0.00699	0.00205	0.00926	0.00665	0.00322	0.00939
32	0.81856	0.01250	0.00950	0.00850	0.01250	0.01449	0.00700	0.01899	0.01100	0.02899	0.00900	0.01050	0.00700	0.00600	0.00400	0.00200	0.00500	0.00350	0.00400	0.00700
33	0.00939	0.00630	0.00721	0.00721	0.00727	0.00635	0.00412	0.00950	0.00945	0.01265	0.02021	0.04145	0.02313	0.73699	0.06832	0.00647	0.00681	0.00927	0.00389	0.00401
34	0.01501	0.01619	0.06181	0.06103	0.12543	0.01513	0.38419	0.07172	0.04669	0.02183	0.01683	0.05036	0.04206	0.00836	0.03137	0.00240	0.00933	0.00767	0.00383	0.00875
35	0.01511	0.01449	0.02437	0.06484	0.57750	0.01495	0.03607	0.01873	0.01445	0.02060	0.04637	0.01880	0.03376	0.00685	0.00764	0.00202	0.06423	0.00630	0.00342	0.00950
36	0.01362	0.01260	0.02028	0.48041	0.19988	0.01411	0.01701	0.03993	0.01396	0.01889	0.01177	0.01644	0.00918	0.00615	0.00625	0.00195	0.00790	0.00553	0.00317	0.10097
37	0.17466	0.11662	0.10664	0.03537	0.07692	0.12890	0.02502	0.04261	0.04044	0.02053	0.01090	0.01388	0.00914	0.02565	0.00889	0.00213	0.14540	0.00482	0.00344	0.00804

[dist]
# distance from previous block
# <min> <max>
0	2

[block]
# block no. 4 follows, 34 sequences, length 76
# corresponding to MSA columns:
# 115-190
name=unknown_E
#
# <colnr> <probs for GDERKNQSTAVLIFYWHMCP>
#	G	D	E	R	K	N	Q	S	T	A	V	L	I	F	Y	W	H	M	C	P
0	0.01192	0.01063	0.01456	0.10317	0.09806	0.05358	0.04337	0.01571	0.06922	0.01771	0.02161	0.17127	0.02192	0.07119	0.17150	0.00436	0.00905	0.07997	0.00437	0.00683
1	0.01591	0.01374	0.02074	0.22739	0.31896	0.04023	0.01626	0.03579	0.05879	0.07977	0.01500	0.05013	0.01233	0.00846	0.02814	0.00230	0.03678	0.00643	0.00392	0.00892
2	0.01269	0.01210	0.02045	0.57229	0.06808	0.01440	0.06563	0.01677	0.01305	0.01722	0.01218	0.01866	0.00974	0.00697	0.00749	0.00216	0.05632	0.02833	0.00305	0.04241
3	0.01262	0.01191	0.02013	0.67835	0.12028	0.01447	0.01815	0.01687	0.01312	0.01702	0.01156	0.01709	0.00879	0.00638	0.00645	0.00213	0.00851	0.00574	0.00291	0.00751
4	0.01023	0.00813	0.00985	0.00972	0.03369	0.03035	0.00700	0.01418	0.06396	0.02489	0.59211	0.04457	0.08306	0.01342	0.02451	0.00223	0.00394	0.01095	0.00670	0.00651
5	0.01431	0.01127	0.01333	0.00965	0.01518	0.00858	0.00773	0.01717	0.01393	0.07056	0.03914	0.01529	0.01192	0.00532	0.00501	0.00107	0.00477	0.00430	0.00424	0.72723
6	0.01392	0.01359	0.01967	0.11635	0.06209	0.01837	0.01467	0.01591	0.01070	0.01628	0.00950	0.01498	0.00886	0.01022	0.01784	0.00264	0.59274	0.00568	0.02876	0.00723
7	0.00936	0.00642	0.00783	0.00783	0.00810	0.00669	0.00489	0.00990	0.00963	0.01311	0.01965	0.03834	0.02178	0.60371	0.19975	0.00723	0.00884	0.00882	0.00381	0.00435
8	0.01122	0.00561	0.00842	0.00842	0.00842	0.00561	0.00561	0.00842	0.00842	0.01122	0.01122	0.01964	0.01122	0.02245	0.02525	0.81201	0.00561	0.00561	0.00281	0.00281
9	0.00907	0.00655	0.00820	0.00804	0.00930	0.00611	0.00584	0.01135	0.01588	0.02187	0.46513	0.07595	0.11950	0.15272	0.01234	0.00290	0.00386	0.05348	0.00631	0.00559
10	0.01340	0.01148	0.01340	0.00957	0.01531	0.00861	0.00766	0.01627	0.01340	0.02105	0.01148	0.01340	0.00957	0.00479	0.00479	0.00096	0.00479	0.00383	0.00383	0.81242
11	0.01558	0.04069	0.01749	0.01541	0.07519	0.05659	0.07514	0.09129	0.14021	0.06285	0.17719	0.02882	0.09406	0.00975	0.00804	0.00209	0.06764	0.00814	0.00548	0.00834
12	0.00787	0.00562	0.00750	0.00900	0.00937	0.00525	0.00600	0.00900	0.01237	0.01649	0.03561	0.76871	0.04274	0.02024	0.00825	0.00262	0.00375	0.01837	0.00600	0.00525
13	0.01377	0.01403	0.05346	0.24610	0.39137	0.01394	0.04252	0.01769	0.01407	0.01926	0.01691	0.04874	0.06552	0.00733	0.00661	0.00205	0.00766	0.00686	0.00340	0.00870
14	0.01359	0.01410	0.06944	0.44350	0.23571	0.01451	0.01810	0.04366	0.01421	0.01903	0.01418	0.01853	0.04053	0.00672	0.00647	0.00207	0.00812	0.00603	0.00323	0.00827
15	0.02219	0.01676	0.01796	0.01429	0.01897	0.01867	0.01162	0.54605	0.17101	0.03700	0.01848	0.04574	0.01398	0.00844	0.00655	0.00202	0.00657	0.00660	0.00647	0.01062
16	0.01184	0.00722	0.00940	0.00850	0.01056	0.00653	0.00650	0.01472	0.01809	0.12524	0.58852	0.04545	0.09686	0.01268	0.00746	0.00204	0.00341	0.01108	0.00717	0.00674
17	0.00890	0.00654	0.00834	0.00802	0.00954	0.00597	0.00596	0.01168	0.01753	0.02441	0.61405	0.09609	0.13089	0.01400	0.00766	0.00209	0.00312	0.01232	0.00692	0.00597
18	0.01076	0.00916	0.01379	0.10630	0.03378	0.01141	0.01082	0.01317	0.01071	0.01544	0.01467	0.02186	0.01351	0.03465	0.48964	0.00762	0.16665	0.00649	0.00325	0.00631
19	0.02456	0.01810	0.01939	0.01487	0.02004	0.02004	0.01228	0.71107	0.03038	0.04072	0.01551	0.01551	0.01099	0.00776	0.00646	0.00194	0.00711	0.00582	0.00646	0.01099
20	0.01307	0.03005	0.61350	0.03789	0.02820	0.01501	0.09097	0.01996	0.01365	0.02015	0.01225	0.03290	0.00922	0.00657	0.00676	0.00210	0.03020	0.00544	0.00287	0.00923
21	0.00888	0.00659	0.00827	0.00785	0.00949	0.00598	0.00589	0.01168	0.01766	0.02442	0.61253	0.05071	0.17857	0.01376	0.00762	0.00206	0.00309	0.01203	0.00692	0.00598
22	0.00787	0.00562	0.00750	0.00900	0.00937	0.00525	0.00600	0.00900	0.01237	0.01649	0.03561	0.76871	0.04274	0.02024	0.00825	0.00262	0.00375	0.01837	0.00600	0.00525
23	0.02081	0.39237	0.02585	0.01394	0.01833	0.39734	0.01179	0.02267	0.01580	0.01552	0.00950	0.01103	0.00831	0.00611	0.00501	0.00153	0.00935	0.00382	0.00306	0.00788
24	0.01583	0.01861	0.17325	0.02454	0.30243	0.04054	0.01678	0.06051	0.13728	0.04114	0.01687	0.05159	0.01397	0.00761	0.00646	0.00204	0.00733	0.02727	0.02637	0.00959
25	0.01081	0.00906	0.01292	0.03846	0.01395	0.01133	0.00971	0.01348	0.03960	0.01552	0.01555	0.02342	0.01466	0.08247	0.47066	0.00768	0.19434	0.00675	0.00345	0.00620
26	0.00949	0.00709	0.00896	0.00983	0.01132	0.00683	0.00795	0.01219	0.03595	0.01859	0.06761	0.14961	0.20676	0.06532	0.00993	0.00289	0.00491	0.35310	0.00590	0.00575
27	0.02091	0.04794	0.04539	0.16127	0.07533	0.04219	0.01391	0.34693	0.05290	0.10627	0.01543	0.01654	0.01109	0.00724	0.00634	0.00197	0.00742	0.00575	0.00531	0.00988
28	0.01093	0.00835	0.01005	0.00943	0.01148	0.00840	0.00726	0.04612	0.13603	0.02548	0.47017	0.06367	0.09614	0.01293	0.00750	0.00214	0.00380	0.05637	0.00681	0.00693
29	0.01260	0.01005	0.01093	0.01010	0.01268	0.03229	0.00779	0.02053	0.25844	0.05509	0.28422	0.04126	0.16882	0.01203	0.00721	0.00214	0.00428	0.03529	0.00660	0.00764
30	0.04080	0.00708	0.00881	0.00836	0.01022	0.00655	0.00637	0.01316	0.01703	0.07044	0.49406	0.09489	0.14268	0.01366	0.00751	0.00213	0.00348	0.03967	0.00678	0.00630
31	0.01607	0.01388	0.01461	0.01315	0.01680	0.01607	0.01023	0.03433	0.72094	0.02703	0.02630	0.02411	0.01972	0.00877	0.00657	0.00219	0.00511	0.00731	0.00657	0.01023
32	0.01664	0.36540	0.16486	0.01454	0.05000	0.12699	0.01377	0.03718	0.01444	0.01759	0.01194	0.03589	0.01071	0.00833	0.03380	0.00201	0.00836	0.02717	0.00322	0.03717
33	0.01257	0.01176	0.01934	0.68752	0.06727	0.01449	0.01755	0.01769	0.05522	0.01730	0.01239	0.01759	0.00933	0.00657	0.00646	0.00215	0.00837	0.00584	0.00310	0.00747
34	0.01773	0.01290	0.01425	0.01257	0.01628	0.01430	0.00983	0.03233	0.55827	0.14475	0.05166	0.04632	0.02125	0.00913	0.00665	0.00217	0.00506	0.00765	0.00681	0.01006
35	0.00772	0.00622	0.00688	0.00742	0.00896	0.00538	0.00530	0.00917	0.01389	0.01711	0.05486	0.31306	0.48596	0.01774	0.00785	0.00234	0.00344	0.01532	0.00600	0.00538
36	0.01810	0.24262	0.11787	0.06362	0.09103	0.14442	0.09284	0.07765	0.03876	0.03813	0.01192	0.01392	0.00944	0.00622	0.00576	0.00179	0.00861	0.00497	0.00352	0.00883
37	0.00939	0.00795	0.01310	0.01320	0.04790	0.00745	0.11524	0.01133	0.01301	0.01740	0.03206	0.59138	0.06048	0.01712	0.00804	0.00251	0.00502	0.01593	0.00544	0.00603
38	0.00764	0.00655	0.00655	0.00655	0.00873	0.00545	0.00491	0.00927	0.01473	0.01745	0.06546	0.06218	0.73000	0.01636	0.00764	0.00218	0.00327	0.01364	0.00600	0.00545
39	0.01539	0.01555	0.01759	0.01543	0.01623	0.13431	0.01243	0.01681	0.01184	0.03938	0.01357	0.06740	0.03661	0.04264	0.01739	0.00272	0.50758	0.00673	0.00345	0.00696
40	0.01544	0.20065	0.41110	0.01911	0.10610	0.01768	0.04384	0.05950	0.01477	0.03805	0.01167	0.01360	0.00885	0.00607	0.00579	0.00188	0.00854	0.00479	0.00315	0.00943
41	0.01728	0.01866	0.01717	0.01517	0.01656	0.26965	0.01209	0.01903	0.01337	0.01695	0.01094	0.01480	0.00967	0.00912	0.01332	0.00222	0.38511	0.00519	0.12665	0.00705
42	0.01177	0.01060	0.01416	0.03186	0.01455	0.03880	0.01049	0.01423	0.03394	0.01555	0.01426	0.02144	0.01344	0.06157	0.39599	0.00680	0.27435	0.00647	0.00334	0.00639
43	0.81856	0.01250	0.00950	0.00850	0.01250	0.01449	0.00700	0.01899	0.01100	0.02899	0.00900	0.01050	0.00700	0.00600	0.00400	0.00200	0.00500	0.00350	0.00400	0.00700
44	0.00930	0.00622	0.00708	0.00717	0.00720	0.00620	0.00405	0.00937	0.00959	0.01279	0.02135	0.08938	0.02474	0.72412	0.03129	0.00603	0.00610	0.00998	0.00405	0.00400
45	0.01727	0.77681	0.03386	0.01106	0.01658	0.02557	0.01106	0.01935	0.01313	0.01520	0.00898	0.01036	0.00829	0.00553	0.00415	0.00138	0.00691	0.00345	0.00276	0.00829
46	0.01505	0.01567	0.01920	0.01659	0.01695	0.09789	0.01361	0.01645	0.01079	0.01548	0.00905	0.01483	0.00898	0.03685	0.01994	0.00282	0.65431	0.00562	0.00292	0.00701
47	0.00923	0.00692	0.01038	0.01038	0.01154	0.00808	0.00808	0.01154	0.01038	0.01500	0.01731	0.02538	0.01615	0.04846	0.74732	0.01038	0.01731	0.00692	0.00346	0.00577
48	0.00789	0.00579	0.00741	0.00862	0.00929	0.00531	0.00585	0.00916	0.01293	0.01699	0.06647	0.64172	0.14003	0.01943	0.00814	0.00254	0.00365	0.01745	0.00604	0.00531
49	0.00787	0.00562	0.00750	0.00900	0.00937	0.00525	0.00600	0.00900	0.01237	0.01649	0.03561	0.76871	0.04274	0.02024	0.00825	0.00262	0.00375	0.01837	0.00600	0.00525
50	0.01591	0.01559	0.02758	0.03825	0.65312	0.01546	0.09825	0.01993	0.01477	0.02106	0.01226	0.01616	0.01019	0.00572	0.00654	0.00195	0.00804	0.00597	0.00321	0.01006
51	0.01823	0.01755	0.01566	0.01396	0.01765	0.16326	0.01081	0.07564	0.53579	0.02564	0.02233	0.02106	0.01688	0.00828	0.00642	0.00207	0.00655	0.00658	0.00592	0.00973
52	0.01331	0.01159	0.01498	0.03450	0.12029	0.00949	0.00959	0.01623	0.01350	0.02058	0.01346	0.07265	0.01222	0.00618	0.00534	0.00126	0.00523	0.00529	0.00388	0.61043
53	0.02899	0.01100	0.01499	0.01150	0.01649	0.00950	0.00950	0.03149	0.01849	0.73709	0.02549	0.02199	0.01599	0.00800	0.00650	0.00200	0.00550	0.00650	0.00800	0.01100
54	0.01204	0.00602	0.00602	0.00602	0.00753	0.00602	0.00452	0.01506	0.01355	0.02409	0.02108	0.02409	0.01656	0.00753	0.00452	0.00151	0.00301	0.00602	0.80879	0.00602
55	0.01727	0.77681	0.03386	0.01106	0.01658	0.02557	0.01106	0.01935	0.01313	0.01520	0.00898	0.01036	0.00829	0.00553	0.00415	0.00138	0.00691	0.00345	0.00276	0.00829
56	0.00787	0.00562	0.00750	0.00900	0.00937	0.00525	0.00600	0.00900	0.01237	0.01649	0.03561	0.76871	0.04274	0.02024	0.00825	0.00262	0.00375	0.01837	0.00600	0.00525
57	0.01370	0.01328	0.02358	0.33815	0.27715	0.01428	0.11944	0.01790	0.01434	0.01952	0.07346	0.01949	0.01383	0.00665	0.00671	0.00207	0.00815	0.00653	0.00341	0.00837
58	0.02409	0.01746	0.01885	0.01457	0.01956	0.01922	0.01198	0.66749	0.02941	0.05899	0.01650	0.04243	0.01225	0.00821	0.00653	0.00197	0.00695	0.00628	0.00649	0.01078
59	0.04166	0.07053	0.07671	0.01261	0.03339	0.03596	0.03489	0.04505	0.03280	0.09311	0.06301	0.27758	0.04917	0.01302	0.00753	0.00228	0.02720	0.07079	0.00534	0.00736
60	0.00787	0.00562	0.00750	0.00900	0.00937	0.00525	0.00600	0.00900	0.01237	0.01649	0.03561	0.76871	0.04274	0.02024	0.00825	0.00262	0.00375	0.01837	0.00600	0.00525
61	0.02717	0.01105	0.01481	0.01127	0.01636	0.00939	0.00928	0.02971	0.01790	0.65359	0.02386	0.02099	0.01525	0.00762	0.00630	0.00188	0.00541	0.00619	0.00751	0.10446
62	0.00790	0.00570	0.00749	0.00885	0.00935	0.00529	0.00595	0.00912	0.01268	0.01685	0.05996	0.71022	0.07711	0.01982	0.00820	0.00258	0.00370	0.01792	0.00603	0.00529
63	0.03883	0.01458	0.02362	0.09506	0.55575	0.01524	0.01802	0.02028	0.06772	0.02131	0.03052	0.01727	0.01190	0.00644	0.00693	0.00200	0.03539	0.00595	0.00353	0.00967
64	0.00789	0.00588	0.00736	0.00853	0.00934	0.00535	0.00588	0.00918	0.01296	0.01679	0.04223	0.59229	0.19577	0.01931	0.00813	0.00254	0.00370	0.03557	0.00600	0.00531
65	0.01599	0.01535	0.02623	0.03966	0.73262	0.01535	0.01983	0.01983	0.01471	0.02111	0.01215	0.01599	0.01023	0.00576	0.00640	0.00192	0.00768	0.00576	0.00320	0.01023
66	0.01296	0.01237	0.02126	0.60747	0.16138	0.01460	0.04439	0.01723	0.01331	0.01745	0.01166	0.01702	0.00893	0.00630	0.00649	0.00211	0.00854	0.00582	0.00294	0.00776
67	0.01487	0.01973	0.18975	0.03030	0.35153	0.01525	0.21604	0.01997	0.01474	0.02100	0.03592	0.01693	0.01132	0.00600	0.00673	0.00203	0.00886	0.00626	0.00324	0.00951
68	0.00807	0.00656	0.00719	0.00733	0.00925	0.00568	0.00556	0.00997	0.01507	0.01870	0.15303	0.10851	0.53877	0.01630	0.00777	0.00225	0.00348	0.06477	0.00615	0.00557
69	0.00787	0.00562	0.00750	0.00900	0.00937	0.00525	0.00600	0.00900	0.01237	0.01649	0.03561	0.76871	0.04274	0.02024	0.00825	0.00262	0.00375	0.01837	0.00600	0.00525
70	0.01111	0.01133	0.05899	0.01429	0.06033	0.01030	0.10430	0.01518	0.08225	0.01894	0.05101	0.17173	0.23334	0.01336	0.00916	0.03036	0.06361	0.02848	0.00498	0.00693
71	0.02102	0.08560	0.23602	0.01434	0.02057	0.04060	0.04093	0.04146	0.04325	0.33138	0.04763	0.01891	0.01432	0.00731	0.00625	0.00196	0.00720	0.00590	0.00547	0.00987
72	0.00787	0.00562	0.00750	0.00900	0.00937	0.00525	0.00600	0.00900	0.01237	0.01649	0.03561	0.76871	0.04274	0.02024	0.00825	0.00262	0.00375	0.01837	0.00600	0.00525
73	0.01576	0.06275	0.03636	0.01352	0.03453	0.01084	0.08985	0.06401	0.01524	0.17015	0.02413	0.19390	0.03985	0.01629	0.09040	0.03427	0.00740	0.06768	0.00534	0.00772
74	0.01875	0.27041	0.05136	0.01772	0.13153	0.21031	0.03183	0.02132	0.01503	0.07483	0.01259	0.03286	0.01073	0.00975	0.06252	0.00236	0.00910	0.00505	0.00355	0.00840
75	0.37467	0.01574	0.01792	0.02330	0.33504	0.09354	0.01332	0.02010	0.01344	0.02405	0.01051	0.01308	0.00859	0.00596	0.00527	0.00193	0.00691	0.00458	0.00357	0.00850

[dist]
# distance from previous block
# <min> <max>
0	1

[block]
# block no. 5 follows, 34 sequences, length 22
# corresponding to MSA columns:
# 192-213
name=unknown_F
#
# <colnr> <probs for GDERKNQSTAVLIFYWHMCP>
#	G	D	E	R	K	N	Q	S	T	A	V	L	I	F	Y	W	H	M	C	P
0	0.01471	0.06290	0.10194	0.01182	0.01746	0.05334	0.01058	0.02103	0.15221	0.02150	0.01416	0.01524	0.01124	0.00588	0.00532	0.00139	0.00594	0.00462	0.00414	0.46459
1	0.01542	0.01026	0.01253	0.10512	0.03548	0.04917	0.00929	0.04370	0.05999	0.17811	0.02809	0.27913	0.07292	0.05967	0.00876	0.00250	0.00561	0.01100	0.00576	0.00748
2	0.00962	0.00717	0.01043	0.03841	0.01237	0.00801	0.00801	0.01120	0.01079	0.01522	0.01982	0.18478	0.02055	0.03487	0.42559	0.09061	0.04714	0.00906	0.00390	0.03244
3	0.01961	0.04956	0.05834	0.01304	0.01812	0.01236	0.05813	0.04478	0.04666	0.26832	0.01681	0.01712	0.01205	0.00694	0.00731	0.00174	0.07788	0.00543	0.00523	0.26057
4	0.04849	0.25653	0.10752	0.01411	0.01862	0.17559	0.01299	0.06259	0.03189	0.07428	0.01174	0.01347	0.00950	0.00817	0.02716	0.00208	0.10860	0.00462	0.00367	0.00841
5	0.01854	0.31831	0.16489	0.04318	0.02165	0.27174	0.04005	0.02173	0.01509	0.01668	0.01008	0.01196	0.00835	0.00607	0.00533	0.00167	0.00927	0.00419	0.00297	0.00823
6	0.01365	0.01467	0.10501	0.01460	0.09161	0.01052	0.04183	0.03228	0.01418	0.02148	0.03943	0.03272	0.01222	0.00582	0.00547	0.00135	0.00590	0.00499	0.00384	0.52845
7	0.01584	0.03453	0.23761	0.01964	0.16344	0.01445	0.03237	0.09763	0.12063	0.06976	0.05013	0.02219	0.07740	0.00792	0.00650	0.00203	0.00714	0.00669	0.00463	0.00949
8	0.01503	0.01591	0.07390	0.12632	0.52939	0.01517	0.04542	0.01909	0.01421	0.02017	0.01247	0.03316	0.01055	0.00639	0.00701	0.00202	0.03507	0.00604	0.00318	0.00952
9	0.01505	0.01521	0.03019	0.22837	0.11704	0.01548	0.39314	0.01977	0.01455	0.04935	0.01294	0.01732	0.00975	0.00601	0.00744	0.00215	0.02760	0.00680	0.00334	0.00853
10	0.01616	0.11109	0.26101	0.02305	0.17909	0.06168	0.13707	0.05952	0.01547	0.03721	0.01271	0.01617	0.01004	0.00634	0.00630	0.00196	0.00887	0.02360	0.00338	0.00930
11	0.01470	0.05466	0.50768	0.09666	0.02867	0.01545	0.07014	0.06323	0.01493	0.05626	0.01252	0.01470	0.00891	0.00629	0.00624	0.00203	0.00910	0.00518	0.00327	0.00935
12	0.00862	0.00654	0.00801	0.00779	0.00944	0.00594	0.00582	0.01111	0.01655	0.02238	0.46049	0.09209	0.25974	0.01602	0.03840	0.00246	0.00375	0.01245	0.00656	0.00584
13	0.01007	0.00744	0.01011	0.01103	0.04454	0.00784	0.00755	0.05021	0.01236	0.01694	0.02404	0.26405	0.02624	0.16714	0.27365	0.00598	0.00947	0.04093	0.00461	0.00578
14	0.01873	0.06897	0.08864	0.02562	0.31270	0.14058	0.05891	0.05753	0.03452	0.09324	0.03060	0.01632	0.01164	0.00649	0.00625	0.00189	0.00825	0.00562	0.00398	0.00950
15	0.01426	0.02298	0.34096	0.09758	0.28332	0.01519	0.05127	0.02064	0.05383	0.02069	0.01268	0.01559	0.00969	0.00615	0.00635	0.00202	0.00859	0.00549	0.00315	0.00957
16	0.00925	0.00686	0.01009	0.01009	0.01114	0.00792	0.00771	0.01135	0.01030	0.01478	0.01758	0.02688	0.01680	0.11268	0.68399	0.01002	0.01633	0.00714	0.00350	0.00560
17	0.01820	0.01687	0.09464	0.06129	0.33542	0.01548	0.04268	0.18875	0.01854	0.07418	0.01437	0.01666	0.01090	0.00657	0.00633	0.00194	0.00746	0.00581	0.05398	0.00994
18	0.04567	0.02587	0.05028	0.03493	0.10239	0.01423	0.16567	0.02067	0.09486	0.06559	0.01553	0.01826	0.01210	0.00738	0.00856	0.00206	0.12858	0.00619	0.14384	0.03733
19	0.00924	0.00688	0.01015	0.01015	0.01122	0.00795	0.00779	0.01139	0.01032	0.01483	0.01752	0.02656	0.01666	0.09896	0.69752	0.01010	0.01654	0.00710	0.00349	0.00564
20	0.00815	0.00583	0.00781	0.00923	0.00975	0.00548	0.00641	0.00952	0.01281	0.01709	0.06040	0.67864	0.04288	0.01977	0.00829	0.00264	0.00393	0.08000	0.00603	0.00534
21	0.01874	0.04464	0.20974	0.01549	0.02126	0.05827	0.05357	0.25644	0.06506	0.07984	0.01701	0.08520	0.01377	0.00824	0.00648	0.00201	0.00763	0.00674	0.00502	0.02484

[dist]
# distance from previous block
# <min> <max>
0	3

[block]
# block no. 6 follows, 34 sequences, length 24
# corresponding to MSA columns:
# 296-319
name=unknown_G
#
# <colnr> <probs for GDERKNQSTAVLIFYWHMCP>
#	G	D	E	R	K	N	Q	S	T	A	V	L	I	F	Y	W	H	M	C	P
0	0.01667	0.07353	0.01686	0.01400	0.04480	0.01677	0.01071	0.08048	0.56096	0.02663	0.02304	0.02168	0.01744	0.00817	0.00630	0.00205	0.00548	0.00670	0.00603	0.04170
1	0.01477	0.04407	0.07272	0.24370	0.07719	0.01318	0.01357	0.04347	0.08274	0.05681	0.01372	0.01621	0.01052	0.00615	0.00581	0.00170	0.00677	0.00515	0.00393	0.26779
2	0.04491	0.03259	0.71050	0.01802	0.02735	0.01499	0.02320	0.02040	0.01354	0.02080	0.01149	0.01352	0.00814	0.00613	0.00605	0.00204	0.00937	0.00472	0.00278	0.00945
3	0.01337	0.15218	0.56802	0.01659	0.02484	0.01618	0.02056	0.01959	0.01330	0.01918	0.01162	0.01402	0.00882	0.00933	0.06350	0.00259	0.00972	0.00473	0.00279	0.00905
4	0.00931	0.00689	0.00721	0.00693	0.00934	0.00577	0.00527	0.01101	0.01502	0.07376	0.06233	0.05904	0.67413	0.01571	0.00755	0.00217	0.00345	0.01308	0.00616	0.00589
5	0.01399	0.15934	0.53723	0.01862	0.05245	0.01694	0.07486	0.02027	0.01372	0.01960	0.01128	0.01346	0.00840	0.00597	0.00592	0.00194	0.00913	0.00481	0.00279	0.00929
6	0.01122	0.00561	0.00842	0.00842	0.00842	0.00561	0.00561	0.00842	0.00842	0.01122	0.01122	0.01964	0.01122	0.02245	0.02525	0.81201	0.00561	0.00561	0.00281	0.00281
7	0.00923	0.00692	0.01038	0.01038	0.01154	0.00808	0.00808	0.01154	0.01038	0.01500	0.01731	0.02538	0.01615	0.04846	0.74732	0.01038	0.01731	0.00692	0.00346	0.00577
8	0.81856	0.01250	0.00950	0.00850	0.01250	0.01449	0.00700	0.01899	0.01100	0.02899	0.00900	0.01050	0.00700	0.00600	0.00400	0.00200	0.00500	0.00350	0.00400	0.00700
9	0.00892	0.00663	0.00919	0.00993	0.01037	0.00710	0.00708	0.00999	0.01152	0.01577	0.02823	0.51822	0.03277	0.02440	0.13695	0.06208	0.07616	0.01432	0.00504	0.00533
10	0.01869	0.01573	0.01696	0.01581	0.07352	0.04193	0.01162	0.21993	0.45128	0.02997	0.02166	0.02068	0.01618	0.00818	0.00650	0.00208	0.00609	0.00667	0.00617	0.01035
11	0.00932	0.00638	0.00861	0.00878	0.00945	0.00671	0.00616	0.01005	0.01038	0.01413	0.02285	0.11241	0.07568	0.22269	0.31354	0.13499	0.01008	0.00911	0.00395	0.00475
12	0.01537	0.11132	0.03539	0.01856	0.17523	0.06481	0.04498	0.01864	0.03581	0.06873	0.06223	0.05522	0.05388	0.01130	0.06335	0.00253	0.06620	0.00679	0.00416	0.08552
13	0.01393	0.08942	0.63235	0.01796	0.02692	0.01568	0.04943	0.02077	0.01383	0.04473	0.01193	0.01383	0.00853	0.00613	0.00606	0.00200	0.00926	0.00484	0.00293	0.00947
14	0.02899	0.01100	0.01499	0.01150	0.01649	0.00950	0.00950	0.03149	0.01849	0.73709	0.02549	0.02199	0.01599	0.00800	0.00650	0.00200	0.00550	0.00650	0.00800	0.01100
15	0.00951	0.00602	0.00705	0.00754	0.00869	0.00567	0.00537	0.01165	0.01396	0.02073	0.14069	0.31693	0.11272	0.01425	0.00677	0.00209	0.00333	0.01246	0.28887	0.00567
16	0.01684	0.01439	0.02318	0.19308	0.27717	0.04288	0.11549	0.04577	0.03024	0.10792	0.01545	0.04089	0.01243	0.00711	0.00671	0.00207	0.00800	0.02725	0.00408	0.00906
17	0.01541	0.01475	0.02500	0.08995	0.65625	0.01491	0.01914	0.01920	0.01458	0.02064	0.01409	0.01780	0.03693	0.00620	0.00645	0.00195	0.00758	0.00605	0.00328	0.00984
18	0.00993	0.00674	0.00890	0.00925	0.01027	0.00671	0.00680	0.01129	0.02813	0.03727	0.08420	0.25739	0.12636	0.05092	0.08099	0.14206	0.02700	0.08529	0.00519	0.00532
19	0.01515	0.07027	0.10899	0.01842	0.11722	0.03163	0.15950	0.05568	0.01583	0.08803	0.04394	0.02835	0.18074	0.02856	0.00747	0.00213	0.00721	0.00799	0.00453	0.00835
20	0.01713	0.09589	0.06607	0.09248	0.23572	0.05497	0.09655	0.04191	0.03255	0.10207	0.01401	0.01687	0.01094	0.00969	0.06432	0.00261	0.02750	0.00580	0.00386	0.00906
21	0.01365	0.01613	0.15238	0.04550	0.05455	0.01253	0.20375	0.08321	0.01578	0.04148	0.02383	0.16219	0.09009	0.01039	0.00730	0.00224	0.00756	0.04487	0.00451	0.00805
22	0.01425	0.01706	0.12978	0.03844	0.10603	0.10128	0.06943	0.06725	0.03735	0.02066	0.04501	0.09833	0.11479	0.01056	0.00748	0.00218	0.03006	0.07770	0.00450	0.00787
23	0.03720	0.05133	0.33472	0.13572	0.10010	0.01421	0.04157	0.01892	0.04588	0.01996	0.04262	0.01894	0.04004	0.00993	0.05947	0.00264	0.00886	0.00592	0.00339	0.00855

[dist]
# distance from previous block
# <min> <max>
0	4

[block]
# block no. 7 follows, 34 sequences, length 26
# corresponding to MSA columns:
# 324-349
name=unknown_H
#
# <colnr> <probs for GDERKNQSTAVLIFYWHMCP>
#	G	D	E	R	K	N	Q	S	T	A	V	L	I	F	Y	W	H	M	C	P
0	0.05644	0.06273	0.13154	0.01593	0.06542	0.33630	0.01312	0.02170	0.04249	0.03918	0.01872	0.01990	0.10116	0.00952	0.03689	0.00220	0.00924	0.00580	0.00383	0.00789
1	0.01514	0.03547	0.07691	0.06618	0.36425	0.01377	0.04754	0.03369	0.04344	0.04553	0.04479	0.01962	0.04883	0.00676	0.00629	0.00185	0.00703	0.00618	0.00388	0.11286
2	0.01248	0.01008	0.01253	0.01031	0.03285	0.00832	0.03103	0.01561	0.03688	0.05066	0.11612	0.02906	0.15130	0.03947	0.00709	0.00169	0.00466	0.00730	0.00489	0.41765
3	0.01120	0.01200	0.08104	0.03525	0.07087	0.00994	0.14969	0.01525	0.03253	0.02209	0.30339	0.11106	0.09616	0.01119	0.00741	0.00214	0.00583	0.01042	0.00532	0.00722
4	0.01340	0.01148	0.01340	0.00957	0.01531	0.00861	0.00766	0.01627	0.01340	0.02105	0.01148	0.01340	0.00957	0.00479	0.00479	0.00096	0.00479	0.00383	0.00383	0.81242
5	0.00954	0.00786	0.01124	0.01128	0.01184	0.00881	0.03156	0.01094	0.01172	0.01621	0.02741	0.50794	0.03194	0.04189	0.07405	0.00341	0.15741	0.01422	0.00499	0.00574
6	0.01599	0.01535	0.02623	0.03966	0.73262	0.01535	0.01983	0.01983	0.01471	0.02111	0.01215	0.01599	0.01023	0.00576	0.00640	0.00192	0.00768	0.00576	0.00320	0.01023
7	0.01142	0.01072	0.01351	0.01276	0.03157	0.06408	0.04212	0.01344	0.01334	0.01782	0.12682	0.16911	0.13092	0.01850	0.11532	0.00351	0.18378	0.01025	0.00466	0.00635
8	0.01257	0.01575	0.14905	0.04155	0.15139	0.01219	0.16417	0.01750	0.04758	0.02080	0.10950	0.08859	0.10012	0.00958	0.00715	0.00215	0.00718	0.03068	0.00439	0.00811
9	0.00920	0.00656	0.00880	0.00891	0.00953	0.00713	0.00621	0.01047	0.01012	0.01409	0.01987	0.08537	0.02107	0.34498	0.40020	0.00813	0.01179	0.00876	0.00383	0.00497
10	0.01252	0.01181	0.01996	0.69669	0.10270	0.01444	0.01810	0.01679	0.01307	0.01690	0.01154	0.01712	0.00875	0.00640	0.00645	0.00213	0.00853	0.00574	0.00290	0.00744
11	0.03241	0.01590	0.09285	0.04118	0.17060	0.01441	0.10138	0.15005	0.06531	0.08847	0.01878	0.02687	0.01591	0.00869	0.00696	0.00219	0.00746	0.12638	0.00492	0.00929
12	0.01560	0.10170	0.21570	0.02775	0.31423	0.05267	0.14068	0.02039	0.01454	0.01998	0.01173	0.01482	0.00932	0.00582	0.00628	0.00193	0.00885	0.00551	0.00305	0.00945
13	0.00807	0.00574	0.00760	0.00889	0.00927	0.00547	0.00591	0.00915	0.01201	0.01607	0.03340	0.66937	0.03978	0.08781	0.04563	0.00331	0.00462	0.01703	0.00569	0.00516
14	0.00804	0.00652	0.00718	0.00743	0.00928	0.00566	0.00561	0.00985	0.01478	0.01827	0.11958	0.14574	0.52898	0.01666	0.00782	0.00229	0.00354	0.07116	0.00610	0.00553
15	0.01621	0.04342	0.40155	0.02091	0.11530	0.01474	0.11433	0.02254	0.04335	0.12440	0.01441	0.01601	0.01027	0.00636	0.00640	0.00203	0.00867	0.00561	0.00378	0.00973
16	0.01481	0.02146	0.25118	0.06303	0.20250	0.03893	0.18151	0.04300	0.01474	0.02062	0.01298	0.04578	0.01060	0.00678	0.00735	0.00209	0.04394	0.00634	0.00326	0.00909
17	0.00785	0.00570	0.00742	0.00879	0.00932	0.00527	0.00591	0.00902	0.01257	0.01658	0.03814	0.70895	0.10086	0.01991	0.00820	0.00259	0.00371	0.01797	0.00600	0.00527
18	0.01457	0.01464	0.05314	0.13327	0.43131	0.01446	0.05909	0.01909	0.04082	0.02026	0.01517	0.02325	0.01344	0.00758	0.00721	0.00214	0.02978	0.08810	0.00358	0.00908
19	0.01787	0.02227	0.31136	0.01833	0.04119	0.03025	0.15386	0.06787	0.04913	0.17317	0.03985	0.01793	0.01269	0.00686	0.00660	0.00205	0.00838	0.00613	0.00454	0.00967
20	0.04786	0.01764	0.13118	0.01504	0.04264	0.09065	0.05633	0.08365	0.01770	0.33951	0.01891	0.04810	0.01348	0.00761	0.00636	0.00196	0.00722	0.00624	0.00571	0.04220
21	0.30424	0.01712	0.09206	0.01993	0.21096	0.07147	0.04646	0.04415	0.01432	0.07403	0.01186	0.01381	0.00910	0.00612	0.00547	0.00192	0.00709	0.00479	0.00392	0.04117
22	0.01255	0.03807	0.10385	0.01221	0.04382	0.01007	0.04213	0.08884	0.01612	0.06432	0.03899	0.15120	0.30783	0.01298	0.00721	0.00218	0.00541	0.02948	0.00541	0.00732
23	0.01676	0.02148	0.24341	0.12355	0.07276	0.05702	0.11115	0.11243	0.09200	0.06453	0.01461	0.01654	0.01065	0.00669	0.00649	0.00205	0.00857	0.00583	0.00409	0.00937
24	0.05251	0.09416	0.31293	0.01650	0.05585	0.06016	0.03971	0.07712	0.04424	0.08252	0.01552	0.01839	0.02693	0.00718	0.00608	0.00196	0.00798	0.03691	0.00403	0.03932
25	0.01842	0.07015	0.08318	0.01441	0.04934	0.04843	0.07333	0.06591	0.06701	0.20523	0.10653	0.02417	0.06660	0.00824	0.00644	0.00190	0.00642	0.00699	0.00552	0.07178

[dist]
# distance from previous block
# <min> <max>
7	41

[block]
# block no. 8 follows, 34 sequences, length 6
# corresponding to MSA columns:
# 391-396
name=unknown_I
#
# <colnr> <probs for GDERKNQSTAVLIFYWHMCP>
#	G	D	E	R	K	N	Q	S	T	A	V	L	I	F	Y	W	H	M	C	P
0	0.01660	0.01398	0.04175	0.01403	0.04935	0.05302	0.04871	0.26506	0.02011	0.05664	0.02784	0.21411	0.12729	0.01190	0.00711	0.00215	0.00618	0.01018	0.00571	0.00829
