[name]
unknown

[dist]
# distance from previous block
# <min> <max>
0	146

[block]
# block no. 0 follows, 33 sequences, length 38
# corresponding to MSA columns:
# 146-183
name=unknown_A
#
# <colnr> <probs for GDERKNQSTAVLIFYWHMCP>
#	G	D	E	R	K	N	Q	S	T	A	V	L	I	F	Y	W	H	M	C	P
0	0.01495	0.05051	0.01468	0.01216	0.01422	0.07386	0.02742	0.12140	0.09250	0.02038	0.01959	0.11426	0.01969	0.20925	0.01644	0.05261	0.08093	0.03350	0.00471	0.00694
1	0.02318	0.05650	0.05466	0.01647	0.02024	0.61741	0.01299	0.05844	0.01861	0.01760	0.01147	0.04010	0.00991	0.00729	0.00601	0.00176	0.01107	0.00487	0.00360	0.00786
2	0.00901	0.00674	0.00859	0.00998	0.03621	0.00649	0.00642	0.01107	0.04778	0.01729	0.05822	0.50108	0.09816	0.13638	0.01211	0.00315	0.00437	0.01559	0.00574	0.00562
3	0.01963	0.03970	0.01721	0.01415	0.01835	0.08015	0.01125	0.22842	0.43596	0.03024	0.02165	0.02051	0.01616	0.00835	0.00653	0.00209	0.00643	0.00661	0.00627	0.01035
4	0.01443	0.07031	0.30213	0.02239	0.07978	0.01573	0.28806	0.02023	0.01476	0.02105	0.03925	0.01722	0.01157	0.00625	0.00671	0.00206	0.00938	0.00632	0.04332	0.00906
5	0.00940	0.00705	0.01058	0.01058	0.01176	0.00823	0.00823	0.01176	0.01058	0.01528	0.01763	0.02586	0.01646	0.04937	0.74255	0.01058	0.01763	0.00705	0.00353	0.00588
6	0.01760	0.77260	0.03450	0.01126	0.01690	0.02605	0.01126	0.01971	0.01338	0.01549	0.00915	0.01056	0.00845	0.00563	0.00422	0.00141	0.00704	0.00352	0.00282	0.00845
7	0.01440	0.01440	0.02016	0.01728	0.01728	0.02016	0.01440	0.01584	0.01008	0.01584	0.00864	0.01440	0.00864	0.01152	0.02160	0.00288	0.75659	0.00576	0.00288	0.00720
8	0.01399	0.01388	0.01828	0.05258	0.03710	0.05492	0.01326	0.01554	0.01103	0.01597	0.01236	0.08872	0.01296	0.05603	0.01906	0.00294	0.54398	0.00717	0.00330	0.00695
9	0.01358	0.09669	0.67516	0.01813	0.02751	0.01620	0.02322	0.02075	0.01385	0.02039	0.01159	0.01362	0.00835	0.00620	0.00608	0.00203	0.00950	0.00475	0.00278	0.00962
10	0.00956	0.00644	0.00747	0.00747	0.00756	0.00654	0.00434	0.00976	0.00966	0.01298	0.02048	0.04164	0.02331	0.70830	0.09299	0.00673	0.00733	0.00936	0.00395	0.00415
11	0.01365	0.01170	0.01365	0.00975	0.01560	0.00878	0.00780	0.01658	0.01365	0.02145	0.01170	0.01365	0.00975	0.00488	0.00488	0.00098	0.00488	0.00390	0.00390	0.80888
12	0.81514	0.01273	0.00968	0.00866	0.01273	0.01477	0.00713	0.01935	0.01120	0.02954	0.00917	0.01069	0.00713	0.00611	0.00407	0.00204	0.00509	0.00356	0.00407	0.00713
13	0.00932	0.00673	0.00880	0.00828	0.00984	0.00621	0.00621	0.01242	0.01863	0.02640	0.72410	0.04918	0.06212	0.01346	0.00776	0.00207	0.00311	0.01191	0.00725	0.00621
14	0.00932	0.00673	0.00880	0.00828	0.00984	0.00621	0.00621	0.01242	0.01863	0.02640	0.72410	0.04918	0.06212	0.01346	0.00776	0.00207	0.00311	0.01191	0.00725	0.00621
15	0.01365	0.01170	0.01365	0.00975	0.01560	0.00878	0.00780	0.01658	0.01365	0.02145	0.01170	0.01365	0.00975	0.00488	0.00488	0.00098	0.00488	0.00390	0.00390	0.80888
16	0.01243	0.01170	0.01975	0.75282	0.04534	0.01463	0.01828	0.01682	0.01316	0.01682	0.01170	0.01755	0.00878	0.00658	0.00658	0.00219	0.00878	0.00585	0.00293	0.00731
17	0.01840	0.01515	0.01603	0.01381	0.01789	0.01732	0.01091	0.19214	0.55522	0.03081	0.02422	0.02251	0.01801	0.00869	0.00667	0.00217	0.00569	0.00709	0.00667	0.01060
18	0.00957	0.00638	0.00718	0.00718	0.00718	0.00638	0.00399	0.00957	0.00957	0.01276	0.02074	0.04308	0.02393	0.76864	0.03351	0.00638	0.00638	0.00957	0.00399	0.00399
19	0.00811	0.00618	0.00748	0.00832	0.00946	0.00555	0.00586	0.00964	0.01396	0.01794	0.09810	0.44826	0.28072	0.01865	0.00816	0.00248	0.00366	0.03575	0.00620	0.00551
20	0.78624	0.01268	0.00988	0.00877	0.01288	0.01458	0.00722	0.01982	0.01148	0.05539	0.00978	0.01113	0.00747	0.00619	0.00417	0.00204	0.00511	0.00368	0.00422	0.00728
21	0.01458	0.01167	0.01375	0.00987	0.01567	0.00883	0.00791	0.01748	0.01395	0.06300	0.01254	0.01416	0.01013	0.00507	0.00498	0.00104	0.00492	0.00406	0.00415	0.76224
22	0.05556	0.00667	0.00797	0.00881	0.01009	0.00629	0.00645	0.01062	0.01389	0.01888	0.09478	0.40876	0.21058	0.01796	0.00803	0.00252	0.00399	0.09644	0.00607	0.00566
23	0.00946	0.00662	0.00778	0.00770	0.00886	0.00612	0.00524	0.01093	0.01400	0.03838	0.22973	0.12516	0.20713	0.27489	0.01667	0.00366	0.00443	0.01216	0.00575	0.00534
24	0.00833	0.00662	0.00748	0.00742	0.00927	0.00577	0.00550	0.01045	0.01607	0.02067	0.29045	0.11281	0.44413	0.01587	0.00782	0.00221	0.00329	0.01358	0.00650	0.00577
25	0.02382	0.01683	0.01826	0.01431	0.01923	0.01848	0.01172	0.53690	0.11886	0.09692	0.01830	0.01782	0.01299	0.00805	0.00653	0.00200	0.00669	0.00619	0.03520	0.01091
26	0.16521	0.00952	0.01003	0.00932	0.01187	0.00974	0.00708	0.11411	0.01626	0.06310	0.08751	0.21918	0.17175	0.03859	0.00775	0.00236	0.00456	0.01103	0.03407	0.00695
27	0.00810	0.00605	0.00753	0.00850	0.00942	0.00548	0.00586	0.00956	0.01377	0.01801	0.11315	0.52879	0.20385	0.01898	0.00819	0.00251	0.00363	0.01690	0.00623	0.00548
28	0.02167	0.01233	0.01473	0.01177	0.01586	0.01230	0.00953	0.25934	0.02279	0.27501	0.20422	0.02908	0.06210	0.00986	0.00696	0.00203	0.00541	0.00811	0.00727	0.00963
29	0.02343	0.01506	0.01706	0.01357	0.01810	0.01610	0.01101	0.41259	0.09836	0.18660	0.01973	0.04545	0.01454	0.01028	0.02586	0.04178	0.00673	0.00671	0.00666	0.01037
30	0.01365	0.01170	0.01365	0.00975	0.01560	0.00878	0.00780	0.01658	0.01365	0.02145	0.01170	0.01365	0.00975	0.00488	0.00488	0.00098	0.00488	0.00390	0.00390	0.80888
31	0.03950	0.00703	0.00833	0.00819	0.00953	0.00661	0.00564	0.01243	0.01361	0.08526	0.15403	0.19799	0.14748	0.25659	0.01591	0.00360	0.00465	0.01214	0.00575	0.00571
32	0.01318	0.00797	0.01064	0.00956	0.01169	0.00777	0.00745	0.01588	0.01682	0.15323	0.40928	0.04027	0.09464	0.01781	0.11413	0.00334	0.04261	0.01009	0.00658	0.00708
33	0.04194	0.00998	0.01244	0.01066	0.01398	0.00947	0.00825	0.04150	0.09008	0.36540	0.02852	0.13286	0.06024	0.11416	0.01059	0.00277	0.00533	0.02623	0.00683	0.00877
34	0.03379	0.00796	0.00968	0.00934	0.01139	0.00749	0.00682	0.01641	0.06653	0.16826	0.07242	0.30768	0.15217	0.08662	0.01003	0.00273	0.00445	0.01290	0.00639	0.00695
35	0.00881	0.00638	0.00761	0.00805	0.00890	0.00598	0.00545	0.01005	0.01303	0.01709	0.12751	0.24528	0.17931	0.26830	0.01661	0.00376	0.00461	0.05263	0.00555	0.00509
36	0.01749	0.11426	0.18884	0.02272	0.16636	0.16729	0.10793	0.04070	0.03519	0.01987	0.01183	0.01445	0.00945	0.00653	0.00706	0.00196	0.05037	0.00531	0.00330	0.00909
37	0.01202	0.00887	0.01111	0.01046	0.01236	0.00943	0.00790	0.03435	0.11191	0.05840	0.07889	0.16187	0.08425	0.08581	0.19610	0.00471	0.05010	0.01005	0.00528	0.04613

[dist]
# distance from previous block
# <min> <max>
1	4

[block]
# block no. 1 follows, 33 sequences, length 69
# corresponding to MSA columns:
# 188-256
name=unknown_B
#
# <colnr> <probs for GDERKNQSTAVLIFYWHMCP>
#	G	D	E	R	K	N	Q	S	T	A	V	L	I	F	Y	W	H	M	C	P
0	0.23130	0.06742	0.10314	0.03332	0.03772	0.13819	0.06647	0.14437	0.01684	0.02529	0.01126	0.01333	0.00878	0.00694	0.00694	0.00202	0.06927	0.00487	0.00398	0.00856
1	0.00962	0.00727	0.00836	0.00851	0.01017	0.00687	0.00632	0.03736	0.04362	0.02004	0.13444	0.19861	0.29421	0.07680	0.00989	0.00267	0.00412	0.07679	0.03838	0.00595
2	0.05481	0.02638	0.01845	0.04189	0.02069	0.50651	0.01264	0.14391	0.04532	0.02149	0.01171	0.01327	0.00934	0.00722	0.00666	0.00184	0.04075	0.00474	0.00406	0.00831
3	0.01629	0.01564	0.02672	0.04041	0.72757	0.01564	0.02020	0.02020	0.01499	0.02151	0.01238	0.01629	0.01043	0.00587	0.00652	0.00196	0.00782	0.00587	0.00326	0.01043
4	0.00943	0.00643	0.00728	0.00728	0.00750	0.00640	0.00424	0.00965	0.01003	0.01325	0.02414	0.04393	0.07741	0.68126	0.06079	0.00624	0.00661	0.00980	0.00413	0.00419
5	0.01067	0.00602	0.00809	0.00813	0.00847	0.00599	0.00541	0.00947	0.00980	0.01336	0.01896	0.04514	0.06913	0.16602	0.06379	0.47835	0.00611	0.00747	0.05592	0.00372
6	0.05178	0.01242	0.01517	0.04253	0.01776	0.01265	0.01056	0.18933	0.07698	0.30212	0.07366	0.02963	0.02107	0.00982	0.00695	0.00219	0.00596	0.10274	0.00693	0.00974
7	0.01523	0.01726	0.03756	0.02698	0.03338	0.01618	0.67488	0.02060	0.01542	0.02091	0.01427	0.04857	0.01137	0.00617	0.00780	0.00224	0.01080	0.00822	0.00344	0.00873
8	0.00941	0.00703	0.01047	0.01047	0.01161	0.00817	0.00809	0.01168	0.01055	0.01520	0.01774	0.02643	0.01670	0.07289	0.71937	0.01044	0.01727	0.00714	0.00354	0.00582
9	0.00961	0.00670	0.00822	0.00820	0.00985	0.00599	0.00601	0.01177	0.01606	0.05888	0.31978	0.22929	0.25347	0.01592	0.00787	0.00226	0.00348	0.01391	0.00667	0.00607
10	0.00932	0.00673	0.00880	0.00828	0.00984	0.00621	0.00621	0.01242	0.01863	0.02640	0.72410	0.04918	0.06212	0.01346	0.00776	0.00207	0.00311	0.01191	0.00725	0.00621
11	0.01243	0.01170	0.01975	0.75282	0.04534	0.01463	0.01828	0.01682	0.01316	0.01682	0.01170	0.01755	0.00878	0.00658	0.00658	0.00219	0.00878	0.00585	0.00293	0.00731
12	0.05124	0.00938	0.01193	0.01047	0.01350	0.00877	0.00796	0.02270	0.06754	0.36613	0.02766	0.23362	0.02479	0.10064	0.01017	0.00274	0.00514	0.01031	0.00682	0.00849
13	0.01666	0.00972	0.01198	0.01043	0.01353	0.00949	0.00824	0.04130	0.14908	0.22310	0.30598	0.03816	0.08466	0.01139	0.00727	0.00214	0.00445	0.03669	0.00725	0.00848
14	0.00801	0.00576	0.00760	0.00907	0.00952	0.00536	0.00607	0.00918	0.01270	0.01684	0.03744	0.73769	0.06945	0.02047	0.00838	0.00266	0.00380	0.01853	0.00611	0.00536
15	0.40630	0.01194	0.01259	0.01025	0.01485	0.01212	0.00845	0.02598	0.01518	0.39518	0.01791	0.01679	0.01190	0.00717	0.00540	0.00204	0.00536	0.00515	0.00619	0.00925
16	0.13246	0.00957	0.01103	0.01038	0.01300	0.00968	0.00792	0.06928	0.07010	0.16281	0.04777	0.32466	0.05057	0.01376	0.00714	0.00235	0.00478	0.03876	0.00632	0.00765
17	0.01381	0.00874	0.00975	0.00908	0.01133	0.00891	0.00683	0.06266	0.13147	0.08313	0.08013	0.13292	0.09402	0.05983	0.00817	0.00230	0.00425	0.00952	0.25586	0.00730
18	0.00918	0.00672	0.00861	0.00814	0.00975	0.00615	0.00610	0.01216	0.01831	0.02563	0.66533	0.05044	0.12136	0.01375	0.00777	0.00208	0.00313	0.01208	0.00715	0.00615
19	0.01203	0.00933	0.01031	0.00952	0.01199	0.00929	0.00724	0.14670	0.06936	0.02419	0.14616	0.18204	0.30707	0.01468	0.00759	0.00224	0.00429	0.01250	0.00642	0.00706
20	0.20557	0.00994	0.01077	0.00955	0.01245	0.01017	0.00733	0.07161	0.03263	0.16749	0.11351	0.12320	0.05225	0.10117	0.00957	0.00263	0.00494	0.00874	0.03896	0.00752
21	0.02498	0.01317	0.01580	0.01248	0.01727	0.01307	0.01017	0.18567	0.13731	0.39951	0.02303	0.02099	0.01552	0.00807	0.00647	0.00199	0.00578	0.00647	0.03981	0.04243
22	0.00996	0.00608	0.00787	0.00811	0.00822	0.00606	0.00509	0.00925	0.00975	0.01304	0.01986	0.14812	0.02241	0.36464	0.05549	0.28244	0.00620	0.00958	0.00392	0.00389
23	0.01747	0.01786	0.01957	0.11711	0.12941	0.19541	0.04444	0.08718	0.07102	0.02035	0.01375	0.01791	0.01153	0.04199	0.08717	0.00314	0.08662	0.00594	0.00386	0.00826
24	0.01328	0.01309	0.04283	0.10962	0.21629	0.05862	0.05338	0.03529	0.01503	0.02006	0.09060	0.20693	0.02477	0.03862	0.00821	0.00237	0.00687	0.03189	0.00453	0.00772
25	0.00886	0.00621	0.00829	0.00903	0.00950	0.00631	0.00612	0.00987	0.01124	0.01527	0.02708	0.38494	0.03102	0.20167	0.19554	0.03804	0.00789	0.01320	0.00485	0.00506
26	0.01321	0.01212	0.01952	0.48149	0.17100	0.01403	0.01678	0.03828	0.04078	0.01891	0.01625	0.07891	0.03518	0.00802	0.00676	0.00218	0.00784	0.00720	0.00360	0.00794
27	0.01691	0.05696	0.02535	0.17491	0.21438	0.11410	0.15159	0.08063	0.01676	0.02147	0.05346	0.01780	0.01270	0.00668	0.00666	0.00200	0.00884	0.00625	0.00372	0.00883
28	0.02175	0.01316	0.01533	0.01253	0.01676	0.01371	0.01008	0.19817	0.21571	0.25893	0.12723	0.02533	0.02288	0.00909	0.00680	0.00208	0.00553	0.00746	0.00722	0.01024
29	0.00832	0.00629	0.00769	0.00819	0.00944	0.00565	0.00582	0.01017	0.01501	0.01982	0.24071	0.35802	0.24607	0.01744	0.00804	0.00237	0.00348	0.01538	0.00643	0.00565
30	0.01603	0.02057	0.20326	0.01980	0.06320	0.06182	0.18829	0.02377	0.15476	0.05780	0.01674	0.03943	0.01300	0.00750	0.00762	0.00215	0.05178	0.00671	0.03656	0.00922
31	0.01762	0.01714	0.04949	0.04668	0.28736	0.07884	0.08776	0.13467	0.03454	0.03885	0.01493	0.05917	0.01288	0.03835	0.00866	0.00226	0.05049	0.00682	0.00417	0.00933
32	0.01108	0.01027	0.04078	0.07750	0.06281	0.00920	0.10259	0.01408	0.01510	0.04298	0.15355	0.09008	0.26289	0.03789	0.03743	0.00266	0.00610	0.01087	0.00525	0.00687
33	0.00944	0.00651	0.00804	0.00813	0.00844	0.00677	0.00515	0.01008	0.01000	0.01361	0.02088	0.08062	0.02324	0.54939	0.20551	0.00719	0.00899	0.00949	0.00400	0.00453
34	0.81514	0.01273	0.00968	0.00866	0.01273	0.01477	0.00713	0.01935	0.01120	0.02954	0.00917	0.01069	0.00713	0.00611	0.00407	0.00204	0.00509	0.00356	0.00407	0.00713
35	0.01612	0.01355	0.01572	0.04268	0.08608	0.07950	0.02693	0.11115	0.10471	0.07006	0.14052	0.10816	0.06941	0.01064	0.00782	0.00213	0.04762	0.00889	0.00561	0.03272
36	0.01642	0.11980	0.12413	0.04951	0.08125	0.01804	0.26215	0.08882	0.10102	0.02274	0.01411	0.01666	0.01084	0.00660	0.00727	0.00208	0.03906	0.00629	0.00387	0.00934
37	0.00977	0.00669	0.00831	0.00818	0.00898	0.00652	0.00550	0.01154	0.03970	0.01909	0.30760	0.10768	0.03984	0.29082	0.01899	0.08457	0.00471	0.01088	0.00549	0.00514
38	0.04065	0.01342	0.01608	0.10280	0.02046	0.01489	0.03215	0.18935	0.25816	0.07642	0.04420	0.07675	0.01897	0.00932	0.00674	0.00216	0.00610	0.02343	0.03858	0.00936
39	0.01333	0.01171	0.01614	0.04577	0.17446	0.06700	0.05924	0.01624	0.03988	0.04765	0.06745	0.24018	0.07158	0.01434	0.03829	0.04714	0.00675	0.01064	0.00484	0.00735
40	0.01144	0.00572	0.00858	0.00858	0.00858	0.00572	0.00572	0.00858	0.00858	0.01144	0.01144	0.02001	0.01144	0.02287	0.02573	0.80846	0.00572	0.00572	0.00286	0.00286
41	0.00928	0.00633	0.00759	0.00787	0.00805	0.00638	0.00478	0.00971	0.01022	0.01374	0.02323	0.17081	0.02672	0.56434	0.09810	0.00613	0.00702	0.01097	0.00432	0.00442
42	0.01148	0.00942	0.01033	0.00991	0.01202	0.03818	0.00753	0.04471	0.14051	0.02370	0.30144	0.14483	0.15275	0.01395	0.00762	0.00224	0.00431	0.05153	0.00656	0.00698
43	0.02066	0.00933	0.01233	0.01067	0.01406	0.00836	0.00837	0.02347	0.04498	0.42314	0.05713	0.21842	0.07465	0.01247	0.00728	0.00225	0.00490	0.03127	0.00733	0.00894
44	0.00794	0.00668	0.00689	0.00683	0.00899	0.00562	0.00512	0.00975	0.01537	0.01866	0.13363	0.06191	0.65741	0.01635	0.00778	0.00221	0.00331	0.01369	0.00623	0.00562
45	0.01651	0.01421	0.01529	0.01358	0.01711	0.01657	0.01066	0.07019	0.61524	0.02732	0.02601	0.02439	0.03632	0.00923	0.00768	0.00226	0.05346	0.00741	0.00643	0.01014
46	0.01081	0.00691	0.00876	0.00860	0.01032	0.00621	0.00633	0.01302	0.01623	0.09724	0.32793	0.25581	0.17570	0.01557	0.00783	0.00227	0.00362	0.01368	0.00680	0.00637
47	0.01923	0.01556	0.01650	0.01398	0.01821	0.01771	0.01111	0.25661	0.48939	0.03215	0.02316	0.02167	0.01715	0.00859	0.00666	0.00215	0.00588	0.00694	0.00666	0.01068
48	0.01554	0.01776	0.03885	0.02775	0.03441	0.01665	0.70366	0.02109	0.01554	0.02109	0.01332	0.01776	0.00999	0.00555	0.00777	0.00222	0.01110	0.00777	0.00333	0.00888
49	0.01105	0.00790	0.00998	0.00952	0.01058	0.00862	0.00676	0.08036	0.01217	0.01678	0.01884	0.03256	0.01928	0.36702	0.35152	0.00784	0.01156	0.00807	0.00404	0.00557
50	0.01440	0.01440	0.02016	0.01728	0.01728	0.02016	0.01440	0.01584	0.01008	0.01584	0.00864	0.01440	0.00864	0.01152	0.02160	0.00288	0.75659	0.00576	0.00288	0.00720
51	0.00947	0.00636	0.00732	0.00742	0.00748	0.00638	0.00427	0.00962	0.00980	0.01311	0.02164	0.08892	0.02495	0.69684	0.05523	0.00628	0.00659	0.01008	0.00411	0.00414
52	0.01002	0.00735	0.00982	0.01108	0.01267	0.00714	0.00947	0.01274	0.01503	0.01926	0.04033	0.10048	0.15496	0.01803	0.00884	0.00288	0.00551	0.54238	0.00607	0.00595
53	0.00951	0.00663	0.00845	0.00845	0.00889	0.00707	0.00557	0.01039	0.00995	0.01371	0.01958	0.03665	0.02114	0.50001	0.29832	0.00795	0.01058	0.00863	0.00382	0.00469
54	0.00940	0.00705	0.01058	0.01058	0.01176	0.00823	0.00823	0.01176	0.01058	0.01528	0.01763	0.02586	0.01646	0.04937	0.74255	0.01058	0.01763	0.00705	0.00353	0.00588
55	0.00969	0.00660	0.00900	0.01036	0.01132	0.00633	0.00792	0.01159	0.01377	0.04096	0.03541	0.48055	0.04053	0.01930	0.00861	0.00279	0.00472	0.26858	0.00616	0.00581
56	0.02391	0.01789	0.01913	0.01492	0.01999	0.01989	0.01224	0.61914	0.11925	0.03969	0.01722	0.01693	0.01234	0.00804	0.00660	0.00201	0.00698	0.00612	0.00660	0.01110
57	0.01243	0.01170	0.01975	0.75282	0.04534	0.01463	0.01828	0.01682	0.01316	0.01682	0.01170	0.01755	0.00878	0.00658	0.00658	0.00219	0.00878	0.00585	0.00293	0.00731
58	0.01414	0.01214	0.01387	0.01041	0.01587	0.01014	0.00827	0.01989	0.14010	0.02255	0.01442	0.01562	0.01161	0.00561	0.00520	0.00120	0.00494	0.00454	0.00440	0.66506
59	0.00802	0.00573	0.00764	0.00917	0.00955	0.00535	0.00611	0.00917	0.01260	0.01681	0.03628	0.76434	0.04354	0.02062	0.00840	0.00267	0.00382	0.01872	0.00611	0.00535
60	0.01365	0.01170	0.01365	0.00975	0.01560	0.00878	0.00780	0.01658	0.01365	0.02145	0.01170	0.01365	0.00975	0.00488	0.00488	0.00098	0.00488	0.00390	0.00390	0.80888
61	0.02459	0.03138	0.01866	0.01696	0.02035	0.74221	0.01272	0.02629	0.01866	0.01611	0.01018	0.01187	0.00848	0.00678	0.00594	0.00170	0.01187	0.00424	0.00339	0.00763
62	0.00858	0.00716	0.00754	0.00736	0.00957	0.00636	0.00554	0.01157	0.06100	0.01977	0.16757	0.05861	0.57490	0.01566	0.00771	0.00220	0.00342	0.01316	0.00633	0.00598
63	0.01011	0.00717	0.00958	0.01076	0.01192	0.00710	0.00880	0.01236	0.01388	0.01808	0.03331	0.12595	0.05755	0.16068	0.01362	0.00361	0.00585	0.47841	0.00567	0.00559
64	0.02555	0.01051	0.01412	0.01116	0.01559	0.00928	0.00909	0.02871	0.04102	0.58527	0.14906	0.02719	0.02449	0.00911	0.00682	0.00205	0.00515	0.00758	0.00794	0.01030
65	0.00859	0.00614	0.00830	0.00982	0.01045	0.00584	0.00711	0.01016	0.01317	0.01745	0.03597	0.61147	0.04229	0.02008	0.00856	0.00275	0.00432	0.16593	0.00610	0.00551
66	0.01365	0.01170	0.01365	0.00975	0.01560	0.00878	0.00780	0.01658	0.01365	0.02145	0.01170	0.01365	0.00975	0.00488	0.00488	0.00098	0.00488	0.00390	0.00390	0.80888
67	0.00839	0.00599	0.00757	0.00856	0.00908	0.00562	0.00564	0.00950	0.01263	0.01680	0.08505	0.52877	0.08773	0.16098	0.01305	0.00330	0.00422	0.01617	0.00579	0.00517
68	0.03745	0.00694	0.00883	0.00830	0.00994	0.00651	0.00624	0.01267	0.01838	0.02651	0.69914	0.04783	0.06020	0.01320	0.00764	0.00207	0.00318	0.01161	0.00714	0.00624

[dist]
# distance from previous block
# <min> <max>
0	5

[block]
# block no. 2 follows, 33 sequences, length 43
# corresponding to MSA columns:
# 262-304
name=unknown_C
#
# <colnr> <probs for GDERKNQSTAVLIFYWHMCP>
#	G	D	E	R	K	N	Q	S	T	A	V	L	I	F	Y	W	H	M	C	P
0	0.28473	0.01294	0.01246	0.01079	0.01404	0.04899	0.00848	0.18384	0.01642	0.05331	0.01485	0.01973	0.01265	0.11376	0.13300	0.00399	0.00817	0.00575	0.03445	0.00763
1	0.01144	0.00572	0.00858	0.00858	0.00858	0.00572	0.00572	0.00858	0.00858	0.01144	0.01144	0.02001	0.01144	0.02287	0.02573	0.80846	0.00572	0.00572	0.00286	0.00286
2	0.00831	0.00609	0.00787	0.00918	0.00996	0.00565	0.00651	0.00976	0.01326	0.01730	0.04037	0.58105	0.13824	0.01977	0.00840	0.00265	0.00403	0.10004	0.00611	0.00546
3	0.01614	0.01644	0.05663	0.26305	0.23699	0.10089	0.03430	0.04578	0.04856	0.04642	0.01472	0.06414	0.01235	0.00746	0.00662	0.00208	0.00831	0.00659	0.00379	0.00874
4	0.20850	0.07350	0.02373	0.19772	0.06256	0.09137	0.19603	0.01990	0.01392	0.02105	0.01113	0.01470	0.00872	0.00622	0.00639	0.00206	0.02570	0.00546	0.00336	0.00795
5	0.01853	0.09172	0.08614	0.10186	0.09461	0.20433	0.12184	0.10721	0.01732	0.02120	0.01220	0.01508	0.00965	0.00762	0.02417	0.00214	0.02864	0.00547	0.02159	0.00868
6	0.01496	0.01401	0.01833	0.01563	0.01735	0.04027	0.05093	0.08012	0.09996	0.02049	0.04645	0.02222	0.04797	0.01391	0.07296	0.00320	0.38396	0.02525	0.00420	0.00781
7	0.04666	0.01387	0.01961	0.10294	0.33607	0.04991	0.01486	0.04137	0.06472	0.07437	0.06784	0.06356	0.04774	0.00846	0.00671	0.00207	0.00689	0.01873	0.00457	0.00905
8	0.03421	0.01228	0.01691	0.06914	0.09870	0.04650	0.09224	0.04697	0.02821	0.06036	0.05800	0.13587	0.10708	0.01000	0.00679	0.00198	0.00625	0.00893	0.02272	0.13686
9	0.00941	0.00631	0.00723	0.00739	0.00743	0.00627	0.00421	0.00953	0.00989	0.01319	0.02238	0.11904	0.02600	0.68986	0.03086	0.00599	0.00611	0.01054	0.00421	0.00413
10	0.00801	0.00658	0.00696	0.00705	0.00897	0.00563	0.00517	0.00970	0.01493	0.01829	0.12203	0.12053	0.58097	0.04488	0.00880	0.00240	0.00347	0.01396	0.00614	0.00554
11	0.01043	0.00772	0.00877	0.00856	0.01019	0.02540	0.00633	0.04886	0.01473	0.01896	0.13950	0.09668	0.30101	0.01855	0.04808	0.17319	0.00506	0.03029	0.02222	0.00547
12	0.01662	0.01066	0.01150	0.01006	0.01246	0.03737	0.00750	0.17962	0.01733	0.10840	0.02127	0.09470	0.01942	0.20894	0.04066	0.00341	0.00616	0.00816	0.17839	0.00736
13	0.02573	0.01730	0.01905	0.01461	0.01985	0.01873	0.01207	0.59983	0.02905	0.14997	0.01740	0.01684	0.01200	0.00794	0.00659	0.00199	0.00699	0.00604	0.00683	0.01120
14	0.50561	0.01253	0.01213	0.01005	0.01453	0.01336	0.00829	0.06152	0.01488	0.26804	0.01522	0.01494	0.01046	0.00690	0.00507	0.00203	0.00538	0.00473	0.00559	0.00873
15	0.02238	0.00988	0.01271	0.01037	0.01443	0.00867	0.00834	0.02529	0.04380	0.48495	0.06189	0.06068	0.18581	0.01084	0.00700	0.00211	0.00489	0.00901	0.00751	0.00944
16	0.06716	0.01273	0.01575	0.01220	0.01714	0.01221	0.01005	0.18176	0.02117	0.51503	0.04951	0.02136	0.01644	0.00819	0.00653	0.00202	0.00585	0.00651	0.00756	0.01081
17	0.00900	0.00692	0.00731	0.00714	0.00945	0.00585	0.00544	0.01083	0.01540	0.05323	0.10014	0.06085	0.63604	0.01612	0.00776	0.00223	0.00350	0.03064	0.00627	0.00588
18	0.00804	0.00646	0.00717	0.00746	0.00917	0.00559	0.00542	0.00977	0.01493	0.01869	0.14599	0.22408	0.47981	0.01717	0.00792	0.00231	0.00342	0.01475	0.00626	0.00559
19	0.00818	0.00664	0.00709	0.00701	0.00903	0.00567	0.00522	0.00988	0.01530	0.01886	0.16748	0.05925	0.58988	0.01644	0.00856	0.03721	0.00340	0.01323	0.00615	0.00554
20	0.00957	0.00638	0.00718	0.00718	0.00718	0.00638	0.00399	0.00957	0.00957	0.01276	0.02074	0.04308	0.02393	0.76864	0.03351	0.00638	0.00638	0.00957	0.00399	0.00399
21	0.01243	0.01170	0.01975	0.75282	0.04534	0.01463	0.01828	0.01682	0.01316	0.01682	0.01170	0.01755	0.00878	0.00658	0.00658	0.00219	0.00878	0.00585	0.00293	0.00731
22	0.08258	0.01334	0.01525	0.01211	0.01636	0.01375	0.00968	0.27508	0.04791	0.28883	0.02022	0.02238	0.01506	0.12496	0.01056	0.00269	0.00627	0.00663	0.00658	0.00976
23	0.01342	0.07086	0.69964	0.01839	0.02792	0.01583	0.02367	0.02079	0.01387	0.02058	0.01168	0.01373	0.00834	0.00622	0.00615	0.00205	0.00960	0.00480	0.00278	0.00967
24	0.00833	0.00602	0.00791	0.00924	0.00978	0.00571	0.00624	0.01007	0.03313	0.01759	0.07029	0.70741	0.04379	0.01993	0.00832	0.00263	0.00382	0.01805	0.00618	0.00554
25	0.02539	0.01098	0.01440	0.01149	0.01595	0.00992	0.00942	0.08284	0.01929	0.54456	0.07134	0.04700	0.05407	0.00968	0.00691	0.00211	0.00545	0.04127	0.00771	0.01022
26	0.00852	0.00657	0.00790	0.00872	0.01017	0.00595	0.00662	0.01035	0.01435	0.01809	0.06546	0.29236	0.33738	0.01821	0.00827	0.00254	0.00409	0.16271	0.00613	0.00562
27	0.00886	0.00612	0.00756	0.00826	0.00849	0.00600	0.00517	0.00950	0.01101	0.01474	0.02769	0.37187	0.03252	0.39091	0.05737	0.00490	0.00577	0.01363	0.00494	0.00470
28	0.00846	0.00594	0.00765	0.00885	0.00919	0.00566	0.00582	0.00943	0.01204	0.01603	0.03284	0.58060	0.03905	0.18375	0.01391	0.00350	0.00446	0.04210	0.00565	0.00508
29	0.81514	0.01273	0.00968	0.00866	0.01273	0.01477	0.00713	0.01935	0.01120	0.02954	0.00917	0.01069	0.00713	0.00611	0.00407	0.00204	0.00509	0.00356	0.00407	0.00713
30	0.00901	0.00666	0.00811	0.00908	0.01007	0.00645	0.00629	0.01196	0.07877	0.01836	0.03841	0.56602	0.12568	0.01832	0.00796	0.00251	0.00385	0.01636	0.05024	0.00589
31	0.00857	0.00627	0.00769	0.00826	0.00906	0.00599	0.00558	0.00975	0.01243	0.01632	0.07119	0.33042	0.17543	0.20912	0.08947	0.00428	0.00574	0.01392	0.00537	0.00515
32	0.00808	0.00578	0.00769	0.00912	0.00956	0.00539	0.00612	0.00932	0.01289	0.01726	0.06886	0.73047	0.04442	0.02029	0.00837	0.00265	0.00379	0.01839	0.00616	0.00539
33	0.03504	0.00710	0.00853	0.00894	0.01041	0.00668	0.00647	0.03774	0.01462	0.05362	0.09467	0.40291	0.19745	0.04049	0.00872	0.00258	0.00410	0.04773	0.00619	0.00602
34	0.00938	0.00714	0.00950	0.00967	0.01092	0.00758	0.00734	0.01176	0.03010	0.01700	0.07173	0.11923	0.14276	0.10052	0.33332	0.00640	0.02607	0.06901	0.00479	0.00577
35	0.01715	0.48714	0.22761	0.01385	0.02050	0.05664	0.01504	0.06118	0.01482	0.01856	0.01034	0.01186	0.00858	0.00600	0.00501	0.00164	0.00803	0.00407	0.00306	0.00893
36	0.00887	0.00668	0.00794	0.00857	0.00977	0.00620	0.00599	0.04238	0.01430	0.01845	0.06943	0.45781	0.24907	0.05104	0.00919	0.00264	0.00392	0.01599	0.00608	0.00566
37	0.03392	0.00767	0.00977	0.00920	0.01126	0.00727	0.00688	0.01531	0.01442	0.17199	0.11797	0.17239	0.15369	0.09545	0.13815	0.00411	0.00673	0.01109	0.00598	0.00676
38	0.01410	0.01432	0.05175	0.05227	0.01784	0.11574	0.08134	0.04584	0.04733	0.01841	0.01610	0.02335	0.01450	0.13587	0.20919	0.00500	0.05749	0.00676	0.06584	0.00696
39	0.13355	0.01465	0.02444	0.13563	0.37357	0.01516	0.12869	0.01981	0.01435	0.03810	0.01292	0.01770	0.01055	0.00636	0.00645	0.00208	0.00799	0.02534	0.00353	0.00913
40	0.01544	0.01537	0.02384	0.25602	0.35462	0.07323	0.06960	0.01907	0.01433	0.01898	0.01191	0.01654	0.00972	0.00705	0.00788	0.03708	0.03161	0.00586	0.00314	0.00870
41	0.00816	0.00624	0.00749	0.00813	0.00936	0.00557	0.00573	0.00983	0.01450	0.01880	0.16542	0.39201	0.28906	0.01799	0.00807	0.00241	0.00352	0.01583	0.00631	0.00557
42	0.01920	0.04062	0.01800	0.01496	0.03760	0.04493	0.01173	0.24805	0.32486	0.02966	0.01919	0.01908	0.01455	0.00838	0.00788	0.00210	0.07785	0.00633	0.00582	0.04923

[dist]
# distance from previous block
# <min> <max>
0	3

[block]
# block no. 3 follows, 33 sequences, length 27
# corresponding to MSA columns:
# 308-334
name=unknown_D
#
# <colnr> <probs for GDERKNQSTAVLIFYWHMCP>
#	G	D	E	R	K	N	Q	S	T	A	V	L	I	F	Y	W	H	M	C	P
0	0.01162	0.00734	0.00931	0.00949	0.01105	0.00696	0.00686	0.01464	0.06831	0.10785	0.14565	0.41471	0.08874	0.03952	0.00869	0.00255	0.00413	0.02947	0.00652	0.00659
1	0.00828	0.00604	0.00752	0.00844	0.00916	0.00558	0.00567	0.00952	0.01307	0.01719	0.09264	0.50389	0.15133	0.11571	0.01148	0.00303	0.00402	0.01624	0.00593	0.00527
2	0.03862	0.01471	0.02539	0.12076	0.51772	0.01509	0.07875	0.01930	0.01442	0.02074	0.01264	0.01704	0.01050	0.00881	0.05531	0.00258	0.00879	0.00604	0.00327	0.00953
3	0.00908	0.00733	0.00826	0.00821	0.01015	0.00689	0.00611	0.01273	0.08677	0.02029	0.19062	0.15200	0.39009	0.01728	0.04170	0.00264	0.00421	0.01318	0.00629	0.00617
4	0.23781	0.01119	0.01280	0.01047	0.01476	0.01095	0.00852	0.02608	0.05655	0.40795	0.08954	0.02348	0.04536	0.00847	0.00609	0.00206	0.00512	0.00662	0.00680	0.00937
5	0.01017	0.00700	0.00820	0.00806	0.00995	0.00635	0.00598	0.01284	0.03843	0.06463	0.24022	0.17776	0.30324	0.01510	0.00757	0.00220	0.00354	0.01302	0.05950	0.00625
6	0.01307	0.01112	0.01300	0.00960	0.01496	0.00843	0.00759	0.01583	0.01363	0.02101	0.01530	0.06515	0.03766	0.00634	0.00521	0.00113	0.00475	0.00524	0.00413	0.72683
7	0.04952	0.01082	0.01394	0.01129	0.01563	0.00992	0.00911	0.02874	0.08934	0.53388	0.04810	0.08151	0.04868	0.00962	0.00677	0.00211	0.00525	0.00798	0.00761	0.01017
8	0.72456	0.01311	0.01066	0.00927	0.01348	0.01501	0.00764	0.07239	0.01301	0.05736	0.01032	0.01153	0.00779	0.00633	0.00436	0.00203	0.00528	0.00386	0.00442	0.00760
9	0.00999	0.00682	0.00808	0.00804	0.00985	0.00601	0.00588	0.01188	0.01540	0.07684	0.20260	0.22171	0.33766	0.03818	0.00858	0.00240	0.00367	0.01387	0.00647	0.00606
10	0.05172	0.00817	0.00958	0.00892	0.01092	0.00787	0.00650	0.06032	0.01527	0.13308	0.11754	0.19074	0.11967	0.16350	0.01238	0.00303	0.00470	0.01113	0.05830	0.00666
11	0.01113	0.00746	0.00872	0.00866	0.01004	0.00713	0.00599	0.06419	0.01412	0.06516	0.03661	0.29453	0.18948	0.22859	0.01507	0.00352	0.00481	0.01326	0.00569	0.00585
12	0.00841	0.00599	0.00784	0.00883	0.00943	0.00560	0.00597	0.00987	0.01362	0.01847	0.17688	0.56169	0.04587	0.07642	0.01019	0.00283	0.00387	0.01661	0.00618	0.00542
13	0.04138	0.01030	0.01241	0.01070	0.01400	0.01003	0.00837	0.11969	0.06038	0.26278	0.09235	0.18378	0.09845	0.01206	0.00708	0.00218	0.00490	0.01023	0.03031	0.00863
14	0.01109	0.00764	0.00935	0.00966	0.01106	0.00756	0.00683	0.02916	0.10624	0.06593	0.08783	0.45507	0.07367	0.07451	0.00986	0.00277	0.00431	0.01469	0.00626	0.00650
15	0.01792	0.01491	0.01576	0.01371	0.01771	0.01710	0.01079	0.15467	0.59348	0.03003	0.02483	0.02300	0.01851	0.00875	0.00668	0.00219	0.00557	0.00717	0.00668	0.01056
16	0.00878	0.00669	0.00796	0.00765	0.00937	0.00598	0.00567	0.01122	0.01691	0.02267	0.45519	0.05399	0.29871	0.04950	0.00896	0.00232	0.00334	0.01251	0.00669	0.00587
17	0.12986	0.00993	0.01097	0.00999	0.01278	0.01020	0.00764	0.06441	0.12309	0.12546	0.13033	0.16873	0.10998	0.04718	0.00814	0.00241	0.00466	0.01027	0.00630	0.00769
18	0.00906	0.00689	0.00790	0.00774	0.00957	0.00628	0.00576	0.01205	0.04419	0.02205	0.32702	0.10352	0.33197	0.01474	0.00756	0.00215	0.00333	0.01266	0.05952	0.00604
19	0.01760	0.77260	0.03450	0.01126	0.01690	0.02605	0.01126	0.01971	0.01338	0.01549	0.00915	0.01056	0.00845	0.00563	0.00422	0.00141	0.00704	0.00352	0.00282	0.00845
20	0.02473	0.01829	0.01959	0.01509	0.02030	0.02028	0.01244	0.68286	0.05420	0.04102	0.01618	0.01610	0.01150	0.00794	0.00659	0.00198	0.00718	0.00598	0.00659	0.01117
21	0.00869	0.00657	0.00742	0.00752	0.00876	0.00608	0.00520	0.00998	0.01314	0.01675	0.10364	0.09996	0.33218	0.26451	0.05848	0.00410	0.00524	0.03128	0.00537	0.00512
22	0.00972	0.00661	0.00793	0.00824	0.00857	0.00663	0.00539	0.01038	0.01070	0.01422	0.02362	0.06679	0.02674	0.58899	0.05147	0.00581	0.00662	0.13270	0.00441	0.00446
23	0.01144	0.00572	0.00858	0.00858	0.00858	0.00572	0.00572	0.00858	0.00858	0.01144	0.01144	0.02001	0.01144	0.02287	0.02573	0.80846	0.00572	0.00572	0.00286	0.00286
24	0.17697	0.01670	0.02047	0.30162	0.11355	0.15000	0.09158	0.01996	0.01427	0.02028	0.01117	0.01499	0.00872	0.00632	0.00608	0.00204	0.00876	0.00531	0.00333	0.00788
25	0.01250	0.01174	0.01966	0.68179	0.07130	0.01451	0.01788	0.01669	0.01314	0.01699	0.01243	0.04105	0.00994	0.00712	0.00701	0.00222	0.02735	0.00626	0.00304	0.00738
26	0.00904	0.00690	0.00843	0.00862	0.01017	0.00604	0.00602	0.01060	0.01337	0.01807	0.08901	0.42649	0.14926	0.07671	0.00973	0.00260	0.00405	0.01448	0.00570	0.12472

[dist]
# distance from previous block
# <min> <max>
0	1

[block]
# block no. 4 follows, 33 sequences, length 22
# corresponding to MSA columns:
# 336-357
name=unknown_E
#
# <colnr> <probs for GDERKNQSTAVLIFYWHMCP>
#	G	D	E	R	K	N	Q	S	T	A	V	L	I	F	Y	W	H	M	C	P
0	0.00889	0.00658	0.00840	0.00945	0.01025	0.00641	0.00650	0.01178	0.07553	0.01873	0.10492	0.62653	0.04334	0.01886	0.00819	0.00257	0.00387	0.01703	0.00628	0.00588
1	0.01144	0.00572	0.00858	0.00858	0.00858	0.00572	0.00572	0.00858	0.00858	0.01144	0.01144	0.02001	0.01144	0.02287	0.02573	0.80846	0.00572	0.00572	0.00286	0.00286
2	0.01501	0.01166	0.01379	0.00992	0.01570	0.00885	0.00796	0.01790	0.01409	0.08202	0.01292	0.01440	0.01031	0.00515	0.00502	0.00107	0.00494	0.00413	0.00426	0.74090
3	0.01320	0.03405	0.73453	0.01876	0.02849	0.01529	0.02432	0.02085	0.01390	0.02085	0.01181	0.01390	0.00834	0.00625	0.00625	0.00208	0.00973	0.00486	0.00278	0.00973
4	0.62433	0.01236	0.01104	0.00940	0.01372	0.01353	0.00775	0.02244	0.01306	0.20018	0.01325	0.01354	0.00936	0.00661	0.00469	0.00204	0.00522	0.00431	0.00506	0.00812
5	0.01405	0.03236	0.67402	0.01879	0.02818	0.01508	0.05015	0.02138	0.01419	0.05385	0.01253	0.01444	0.00877	0.00631	0.00633	0.00209	0.00959	0.00506	0.00305	0.00976
6	0.00932	0.00673	0.00880	0.00828	0.00984	0.00621	0.00621	0.01242	0.01863	0.02640	0.72410	0.04918	0.06212	0.01346	0.00776	0.00207	0.00311	0.01191	0.00725	0.00621
7	0.00887	0.00609	0.00739	0.00808	0.00825	0.00591	0.00495	0.00939	0.01095	0.01459	0.02778	0.36952	0.03281	0.43009	0.02215	0.00470	0.00522	0.01371	0.00495	0.00460
8	0.01077	0.00611	0.00899	0.00899	0.00930	0.00642	0.00624	0.00947	0.00917	0.01253	0.01371	0.02319	0.01364	0.08355	0.21206	0.54382	0.00885	0.00634	0.00311	0.00372
9	0.00953	0.00656	0.00808	0.00808	0.00839	0.00687	0.00511	0.01015	0.00984	0.01343	0.01992	0.03852	0.02195	0.57808	0.22136	0.00749	0.00936	0.00891	0.00387	0.00449
10	0.02459	0.03138	0.01866	0.01696	0.02035	0.74221	0.01272	0.02629	0.01866	0.01611	0.01018	0.01187	0.00848	0.00678	0.00594	0.00170	0.01187	0.00424	0.00339	0.00763
11	0.01676	0.01374	0.01459	0.01294	0.01670	0.01557	0.01012	0.07430	0.59507	0.05415	0.02906	0.02683	0.07194	0.00942	0.00677	0.00221	0.00521	0.00780	0.00670	0.01013
12	0.00841	0.00669	0.00754	0.00733	0.00928	0.00582	0.00549	0.01066	0.01648	0.02129	0.33435	0.05758	0.45506	0.01536	0.00777	0.00216	0.00324	0.01308	0.00657	0.00582
13	0.00840	0.00625	0.00893	0.00998	0.01064	0.00586	0.03257	0.00978	0.01281	0.01707	0.03537	0.71045	0.04207	0.01997	0.00840	0.00267	0.00418	0.04311	0.00600	0.00551
14	0.02459	0.03138	0.01866	0.01696	0.02035	0.74221	0.01272	0.02629	0.01866	0.01611	0.01018	0.01187	0.00848	0.00678	0.00594	0.00170	0.01187	0.00424	0.00339	0.00763
15	0.01573	0.01506	0.02570	0.14491	0.62750	0.01549	0.01992	0.01971	0.01472	0.02082	0.01228	0.01648	0.01019	0.00597	0.00653	0.00199	0.00796	0.00586	0.00321	0.00997
16	0.02503	0.01844	0.01976	0.01515	0.02042	0.02042	0.01251	0.70562	0.03095	0.04149	0.01581	0.01581	0.01120	0.00790	0.00659	0.00198	0.00724	0.00593	0.00659	0.01120
17	0.06860	0.01831	0.01921	0.01577	0.03978	0.07268	0.01257	0.49911	0.02575	0.05616	0.01441	0.01528	0.01061	0.00808	0.00809	0.00206	0.09188	0.00567	0.00574	0.01023
18	0.01625	0.21375	0.37100	0.01775	0.02516	0.12536	0.10270	0.02140	0.01467	0.01886	0.01110	0.01325	0.00859	0.00609	0.00589	0.00188	0.00955	0.00480	0.00295	0.00900
19	0.01121	0.00586	0.00879	0.00879	0.00892	0.00599	0.00599	0.00892	0.00879	0.01185	0.01211	0.02065	0.01198	0.02575	0.10359	0.72180	0.00701	0.00586	0.00293	0.00319
20	0.81514	0.01273	0.00968	0.00866	0.01273	0.01477	0.00713	0.01935	0.01120	0.02954	0.00917	0.01069	0.00713	0.00611	0.00407	0.00204	0.00509	0.00356	0.00407	0.00713
21	0.01525	0.01314	0.01489	0.01317	0.01668	0.01482	0.03718	0.03095	0.58032	0.02711	0.13398	0.02810	0.02619	0.00950	0.00691	0.00221	0.00512	0.00815	0.00665	0.00971

[dist]
# distance from previous block
# <min> <max>
0	25

[block]
# block no. 5 follows, 33 sequences, length 130
# corresponding to MSA columns:
# 383-512
name=unknown_F
#
# <colnr> <probs for GDERKNQSTAVLIFYWHMCP>
#	G	D	E	R	K	N	Q	S	T	A	V	L	I	F	Y	W	H	M	C	P
0	0.02311	0.01714	0.01867	0.01468	0.01932	0.01903	0.01200	0.61814	0.02855	0.03835	0.01742	0.08393	0.01405	0.00919	0.00727	0.00207	0.03306	0.00709	0.00641	0.01052
1	0.01365	0.01170	0.01365	0.00975	0.01560	0.00878	0.00780	0.01658	0.01365	0.02145	0.01170	0.01365	0.00975	0.00488	0.00488	0.00098	0.00488	0.00390	0.00390	0.80888
2	0.00943	0.00635	0.00719	0.00728	0.00737	0.00630	0.00414	0.00955	0.00990	0.01314	0.02295	0.08535	0.04497	0.70405	0.03133	0.00605	0.00615	0.01022	0.00417	0.00411
3	0.00828	0.00586	0.00767	0.00902	0.00939	0.00554	0.00599	0.00935	0.01232	0.01641	0.03440	0.65805	0.04104	0.10941	0.01141	0.00312	0.00419	0.03748	0.00586	0.00521
4	0.01144	0.00572	0.00858	0.00858	0.00858	0.00572	0.00572	0.00858	0.00858	0.01144	0.01144	0.02001	0.01144	0.02287	0.02573	0.80846	0.00572	0.00572	0.00286	0.00286
5	0.00940	0.00705	0.01058	0.01058	0.01176	0.00823	0.00823	0.01176	0.01058	0.01528	0.01763	0.02586	0.01646	0.04937	0.74255	0.01058	0.01763	0.00705	0.00353	0.00588
6	0.00950	0.00638	0.00725	0.00724	0.00749	0.00626	0.00424	0.00957	0.01026	0.01351	0.04166	0.04387	0.09244	0.63402	0.02993	0.05224	0.00597	0.00983	0.00421	0.00413
7	0.00940	0.00705	0.01058	0.01058	0.01176	0.00823	0.00823	0.01176	0.01058	0.01528	0.01763	0.02586	0.01646	0.04937	0.74255	0.01058	0.01763	0.00705	0.00353	0.00588
8	0.02503	0.01844	0.01976	0.01515	0.02042	0.02042	0.01251	0.70562	0.03095	0.04149	0.01581	0.01581	0.01120	0.00790	0.00659	0.00198	0.00724	0.00593	0.00659	0.01120
9	0.02954	0.01120	0.01528	0.01171	0.01681	0.00968	0.00968	0.03208	0.01884	0.73213	0.02597	0.02241	0.01630	0.00815	0.00662	0.00204	0.00560	0.00662	0.00815	0.01120
10	0.00796	0.00599	0.00737	0.00848	0.00937	0.00540	0.00581	0.00924	0.01326	0.01707	0.04460	0.57259	0.22993	0.01954	0.00823	0.00255	0.00369	0.01740	0.00611	0.00540
11	0.01365	0.01170	0.01365	0.00975	0.01560	0.00878	0.00780	0.01658	0.01365	0.02145	0.01170	0.01365	0.00975	0.00488	0.00488	0.00098	0.00488	0.00390	0.00390	0.80888
12	0.01243	0.01170	0.01975	0.75282	0.04534	0.01463	0.01828	0.01682	0.01316	0.01682	0.01170	0.01755	0.00878	0.00658	0.00658	0.00219	0.00878	0.00585	0.00293	0.00731
13	0.46992	0.01238	0.01233	0.01015	0.01468	0.01300	0.00837	0.05445	0.01509	0.30785	0.01610	0.01555	0.01093	0.00699	0.00519	0.00203	0.00539	0.00488	0.00579	0.00892
14	0.00917	0.00655	0.00895	0.01047	0.01136	0.00633	0.00810	0.01114	0.01373	0.01809	0.03565	0.45917	0.04104	0.01955	0.00871	0.00283	0.00481	0.31260	0.00609	0.00566
15	0.46999	0.01238	0.01233	0.01015	0.01468	0.01300	0.00837	0.05445	0.01509	0.30778	0.01610	0.01555	0.01093	0.00699	0.00519	0.00203	0.00539	0.00488	0.00579	0.00892
16	0.01495	0.00882	0.01069	0.00979	0.01219	0.00839	0.00727	0.05698	0.05909	0.15906	0.02724	0.23795	0.04306	0.13290	0.01119	0.00282	0.00496	0.03736	0.07862	0.07667
17	0.02437	0.01811	0.01939	0.01501	0.02016	0.02011	0.01235	0.65456	0.08308	0.04043	0.01664	0.01647	0.01187	0.00798	0.00659	0.00200	0.00709	0.00604	0.00659	0.01114
18	0.00915	0.00679	0.00867	0.00895	0.01018	0.00665	0.00647	0.03360	0.01443	0.01945	0.18818	0.30396	0.14973	0.05381	0.14446	0.00405	0.00635	0.01349	0.00581	0.00581
19	0.01010	0.00658	0.00806	0.00813	0.00901	0.00621	0.00540	0.01134	0.01324	0.05677	0.18484	0.22452	0.08667	0.31872	0.01821	0.00396	0.00475	0.01252	0.00562	0.00533
20	0.00840	0.00589	0.00753	0.00868	0.00897	0.00560	0.00559	0.00927	0.01187	0.01582	0.03250	0.58886	0.03877	0.20261	0.01451	0.00358	0.00444	0.01649	0.00559	0.00502
21	0.00893	0.00666	0.00801	0.00783	0.00954	0.00600	0.00588	0.01148	0.01690	0.02293	0.43292	0.08626	0.27090	0.01471	0.00771	0.00215	0.00330	0.03217	0.03979	0.00596
22	0.01365	0.01170	0.01365	0.00975	0.01560	0.00878	0.00780	0.01658	0.01365	0.02145	0.01170	0.01365	0.00975	0.00488	0.00488	0.00098	0.00488	0.00390	0.00390	0.80888
23	0.00851	0.00630	0.00770	0.00818	0.00919	0.00586	0.00565	0.01002	0.01370	0.01808	0.16433	0.31870	0.20630	0.13417	0.04965	0.00343	0.00467	0.01433	0.00586	0.00537
24	0.81514	0.01273	0.00968	0.00866	0.01273	0.01477	0.00713	0.01935	0.01120	0.02954	0.00917	0.01069	0.00713	0.00611	0.00407	0.00204	0.00509	0.00356	0.00407	0.00713
25	0.00952	0.00659	0.00837	0.00911	0.01032	0.00609	0.00672	0.01127	0.01418	0.04741	0.10886	0.37104	0.17108	0.05979	0.00966	0.00277	0.00426	0.13102	0.00618	0.00576
26	0.01019	0.00689	0.00931	0.00940	0.01072	0.00712	0.00698	0.01207	0.01229	0.05897	0.04572	0.18617	0.11913	0.08743	0.35734	0.00654	0.01055	0.01065	0.02661	0.00592
27	0.01149	0.00792	0.00943	0.00978	0.01076	0.04041	0.00689	0.03920	0.01317	0.05353	0.04676	0.38594	0.03110	0.09013	0.04787	0.13683	0.00570	0.04228	0.00528	0.00553
28	0.01552	0.42274	0.36611	0.01482	0.02239	0.02095	0.01745	0.02025	0.01362	0.01803	0.01041	0.01214	0.00840	0.00593	0.00519	0.00173	0.00831	0.00416	0.00280	0.00906
29	0.01831	0.01461	0.05851	0.18530	0.05307	0.03056	0.03471	0.10109	0.11875	0.15871	0.01738	0.01876	0.01264	0.00883	0.03642	0.00231	0.00750	0.00601	0.00506	0.11148
30	0.01261	0.01188	0.02007	0.72011	0.07666	0.01467	0.01837	0.01698	0.01325	0.01704	0.01173	0.01749	0.00885	0.00655	0.00658	0.00218	0.00873	0.00585	0.00294	0.00746
31	0.00970	0.00685	0.00853	0.00842	0.01015	0.00619	0.00639	0.01218	0.01672	0.05132	0.39057	0.13778	0.22579	0.01529	0.00790	0.00226	0.00359	0.06746	0.00676	0.00613
32	0.01227	0.01138	0.01847	0.65427	0.04092	0.01394	0.01682	0.01712	0.04531	0.01775	0.04436	0.02128	0.04437	0.00744	0.00669	0.00219	0.00813	0.00654	0.00342	0.00733
33	0.01642	0.01223	0.01677	0.11542	0.12665	0.01241	0.01204	0.09944	0.03263	0.11413	0.05443	0.08223	0.03222	0.00991	0.03025	0.00220	0.04986	0.00720	0.00493	0.16862
34	0.00797	0.00608	0.00728	0.00822	0.00925	0.00545	0.00566	0.00928	0.01339	0.01706	0.04681	0.49495	0.28754	0.03773	0.00880	0.00260	0.00371	0.01676	0.00606	0.00539
35	0.01241	0.00899	0.01071	0.01001	0.01224	0.00925	0.00757	0.01976	0.22069	0.06436	0.37935	0.12705	0.04384	0.01256	0.00738	0.00217	0.00394	0.01099	0.02911	0.00760
36	0.00945	0.00664	0.00810	0.00829	0.00974	0.00601	0.00601	0.01134	0.01511	0.04917	0.23644	0.24620	0.23878	0.07572	0.00998	0.00266	0.00386	0.04433	0.00635	0.00582
