[name]
unknown

[dist]
# distance from previous block
# <min> <max>
0	65

[block]
# block no. 0 follows, 33 sequences, length 101
# corresponding to MSA columns:
# 72-172
name=unknown_A
#
# <colnr> <probs for GDERKNQSTAVLIFYWHMCP>
#	G	D	E	R	K	N	Q	S	T	A	V	L	I	F	Y	W	H	M	C	P
0	0.01071	0.00696	0.00799	0.00786	0.00829	0.00700	0.00480	0.01175	0.04066	0.04226	0.02187	0.04291	0.02411	0.67089	0.03015	0.00588	0.00629	0.04061	0.00437	0.00465
1	0.01651	0.01568	0.02460	0.09232	0.58245	0.04666	0.01870	0.04717	0.01558	0.02184	0.01279	0.01656	0.01054	0.00613	0.00641	0.00194	0.00783	0.00581	0.04057	0.00990
2	0.02203	0.01810	0.01763	0.01436	0.01870	0.11206	0.01156	0.45558	0.09636	0.03381	0.04870	0.02099	0.03570	0.00915	0.00727	0.02711	0.00726	0.02772	0.00606	0.00985
3	0.00813	0.00587	0.00778	0.00909	0.00963	0.00552	0.00617	0.00943	0.01285	0.01716	0.06402	0.67148	0.07242	0.02150	0.04240	0.00300	0.00441	0.01770	0.00604	0.00542
4	0.04774	0.01746	0.05835	0.02594	0.07106	0.01643	0.53252	0.02104	0.01502	0.05173	0.01325	0.01721	0.01002	0.00617	0.00848	0.00223	0.06574	0.00720	0.00351	0.00890
5	0.01575	0.46111	0.32974	0.01443	0.02179	0.02151	0.01677	0.02019	0.01360	0.01775	0.01027	0.01197	0.00840	0.00589	0.00508	0.00169	0.00817	0.00409	0.00280	0.00899
6	0.09502	0.01278	0.01873	0.57114	0.03845	0.01548	0.01633	0.11680	0.01554	0.02167	0.01204	0.01661	0.00896	0.00673	0.00633	0.00215	0.00818	0.00563	0.00357	0.00786
7	0.72135	0.08083	0.03263	0.00918	0.01355	0.01579	0.00799	0.01943	0.01147	0.02804	0.00924	0.01077	0.00728	0.00607	0.00415	0.00198	0.00540	0.00360	0.00393	0.00732
8	0.00991	0.00749	0.01030	0.01004	0.01071	0.00869	0.00736	0.01139	0.01020	0.01448	0.01787	0.03063	0.01827	0.28856	0.43799	0.00847	0.08086	0.00779	0.00362	0.00536
9	0.04974	0.04972	0.01938	0.02058	0.22105	0.01602	0.01307	0.19828	0.16513	0.05055	0.07619	0.03860	0.03613	0.00833	0.00655	0.00203	0.00632	0.00703	0.00546	0.00984
10	0.00802	0.00573	0.00764	0.00917	0.00955	0.00535	0.00611	0.00917	0.01260	0.01681	0.03628	0.76434	0.04354	0.02062	0.00840	0.00267	0.00382	0.01872	0.00611	0.00535
11	0.01754	0.01406	0.01506	0.01333	0.01719	0.01603	0.01043	0.05443	0.64754	0.07656	0.02642	0.02416	0.01957	0.00885	0.00669	0.00221	0.00530	0.00734	0.00680	0.01050
12	0.00953	0.00656	0.00806	0.00806	0.00837	0.00686	0.00509	0.01014	0.00984	0.01342	0.01993	0.03860	0.02199	0.58147	0.21802	0.00747	0.00931	0.00892	0.00387	0.00448
13	0.01607	0.01541	0.02631	0.08243	0.68733	0.01558	0.02009	0.02000	0.01488	0.02123	0.01234	0.01637	0.01033	0.00591	0.00652	0.00197	0.00788	0.00586	0.00324	0.01024
14	0.01161	0.00847	0.01015	0.01029	0.01181	0.00855	0.00740	0.15665	0.01663	0.02209	0.03367	0.56613	0.07530	0.01771	0.00798	0.00250	0.00452	0.01573	0.00621	0.00660
15	0.02954	0.01120	0.01528	0.01171	0.01681	0.00968	0.00968	0.03208	0.01884	0.73213	0.02597	0.02241	0.01630	0.00815	0.00662	0.00204	0.00560	0.00662	0.00815	0.01120
16	0.01760	0.77260	0.03450	0.01126	0.01690	0.02605	0.01126	0.01971	0.01338	0.01549	0.00915	0.01056	0.00845	0.00563	0.00422	0.00141	0.00704	0.00352	0.00282	0.00845
17	0.01795	0.73762	0.03381	0.01144	0.01706	0.02579	0.01132	0.05153	0.01419	0.01669	0.00946	0.01080	0.00858	0.00574	0.00433	0.00143	0.00705	0.00363	0.00299	0.00858
18	0.02776	0.01320	0.01645	0.01259	0.01775	0.01259	0.01039	0.21614	0.02198	0.51857	0.02270	0.02030	0.01467	0.00797	0.00655	0.00198	0.00603	0.00634	0.00757	0.03846
19	0.10558	0.02376	0.01773	0.01512	0.01926	0.38214	0.01182	0.22924	0.04358	0.07147	0.01330	0.01401	0.01002	0.00721	0.00601	0.00185	0.00918	0.00493	0.00483	0.00896
20	0.00802	0.00573	0.00764	0.00917	0.00955	0.00535	0.00611	0.00917	0.01260	0.01681	0.03628	0.76434	0.04354	0.02062	0.00840	0.00267	0.00382	0.01872	0.00611	0.00535
21	0.01069	0.00804	0.01209	0.01091	0.01291	0.00751	0.08188	0.01383	0.03727	0.05604	0.34873	0.26885	0.07580	0.01460	0.00788	0.00229	0.00439	0.01330	0.00644	0.00656
22	0.00802	0.00573	0.00764	0.00917	0.00955	0.00535	0.00611	0.00917	0.01260	0.01681	0.03628	0.76434	0.04354	0.02062	0.00840	0.00267	0.00382	0.01872	0.00611	0.00535
23	0.02337	0.01751	0.01918	0.01578	0.05014	0.01934	0.01234	0.59753	0.08070	0.03842	0.01668	0.01759	0.01235	0.03880	0.00768	0.00217	0.00708	0.00619	0.00635	0.01081
24	0.01541	0.01474	0.02512	0.20358	0.57131	0.01541	0.01976	0.01943	0.01457	0.02043	0.01223	0.01658	0.01005	0.00603	0.00653	0.00201	0.00804	0.00586	0.00318	0.00971
25	0.00940	0.00705	0.01058	0.01058	0.01176	0.00823	0.00823	0.01176	0.01058	0.01528	0.01763	0.02586	0.01646	0.04937	0.74255	0.01058	0.01763	0.00705	0.00353	0.00588
26	0.73938	0.01406	0.03730	0.02965	0.01444	0.03671	0.00825	0.01955	0.01158	0.02846	0.00937	0.01104	0.00726	0.00615	0.00428	0.00203	0.00557	0.00370	0.00397	0.00725
27	0.01335	0.05928	0.71062	0.01851	0.02810	0.01566	0.02388	0.02081	0.01388	0.02067	0.01172	0.01378	0.00834	0.00623	0.00619	0.00206	0.00964	0.00482	0.00278	0.00969
28	0.01009	0.00733	0.00999	0.00980	0.01081	0.00820	0.00720	0.03933	0.01112	0.01563	0.01844	0.03033	0.01836	0.25119	0.51204	0.00904	0.01403	0.00772	0.00378	0.00556
29	0.00801	0.00577	0.00759	0.00905	0.00952	0.00536	0.00606	0.00918	0.01272	0.01685	0.03773	0.73101	0.07594	0.02044	0.00837	0.00265	0.00380	0.01849	0.00611	0.00536
30	0.00941	0.00703	0.01045	0.01045	0.01158	0.00816	0.00807	0.01167	0.01054	0.01519	0.01775	0.02651	0.01674	0.07624	0.71606	0.01042	0.01721	0.00715	0.00354	0.00581
31	0.01624	0.13277	0.11416	0.03067	0.40508	0.01747	0.12938	0.03945	0.01515	0.02101	0.01207	0.01536	0.00983	0.00588	0.00634	0.00193	0.00844	0.00570	0.00324	0.00982
32	0.01892	0.02193	0.01950	0.01714	0.01864	0.34049	0.01366	0.02048	0.01389	0.01596	0.00932	0.01328	0.00857	0.00942	0.01465	0.00236	0.42620	0.00509	0.00311	0.00739
33	0.00817	0.00584	0.00777	0.00907	0.00958	0.00545	0.00612	0.00954	0.01329	0.01790	0.11458	0.68294	0.04566	0.01981	0.00833	0.00260	0.00374	0.01794	0.00624	0.00545
34	0.00783	0.00667	0.00674	0.00672	0.00892	0.00558	0.00504	0.00954	0.01512	0.01806	0.08761	0.06290	0.70381	0.01657	0.00778	0.00222	0.00333	0.01383	0.00615	0.00558
35	0.00806	0.00658	0.00712	0.00719	0.00912	0.00564	0.00532	0.00991	0.01536	0.01911	0.17251	0.13284	0.54525	0.01655	0.00784	0.00224	0.00335	0.01406	0.00630	0.00564
36	0.00957	0.00638	0.00718	0.00718	0.00718	0.00638	0.00399	0.00957	0.00957	0.01276	0.02074	0.04308	0.02393	0.76864	0.03351	0.00638	0.00638	0.00957	0.00399	0.00399
37	0.02936	0.01148	0.01545	0.01184	0.01694	0.01008	0.00978	0.05774	0.01930	0.70583	0.02558	0.02216	0.01610	0.00814	0.00662	0.00203	0.00566	0.00659	0.00809	0.01120
38	0.01365	0.01170	0.01365	0.00975	0.01560	0.00878	0.00780	0.01658	0.01365	0.02145	0.01170	0.01365	0.00975	0.00488	0.00488	0.00098	0.00488	0.00390	0.00390	0.80888
39	0.02264	0.01708	0.01837	0.01466	0.01945	0.01902	0.01201	0.54070	0.16584	0.03772	0.01887	0.02025	0.01420	0.00858	0.00672	0.00208	0.00679	0.03764	0.00658	0.01080
40	0.00927	0.00673	0.00874	0.00824	0.00981	0.00619	0.00618	0.01234	0.01853	0.02616	0.70554	0.04958	0.08083	0.01355	0.00777	0.00207	0.00311	0.01196	0.00721	0.00619
41	0.01278	0.06528	0.59961	0.01700	0.02531	0.01447	0.02116	0.01939	0.01411	0.02070	0.06320	0.06874	0.01457	0.00773	0.00641	0.00209	0.00872	0.00626	0.00333	0.00912
42	0.01320	0.03405	0.73453	0.01876	0.02849	0.01529	0.02432	0.02085	0.01390	0.02085	0.01181	0.01390	0.00834	0.00625	0.00625	0.00208	0.00973	0.00486	0.00278	0.00973
43	0.00957	0.00638	0.00718	0.00718	0.00718	0.00638	0.00399	0.00957	0.00957	0.01276	0.02074	0.04308	0.02393	0.76864	0.03351	0.00638	0.00638	0.00957	0.00399	0.00399
44	0.81514	0.01273	0.00968	0.00866	0.01273	0.01477	0.00713	0.01935	0.01120	0.02954	0.00917	0.01069	0.00713	0.00611	0.00407	0.00204	0.00509	0.00356	0.00407	0.00713
45	0.81514	0.01273	0.00968	0.00866	0.01273	0.01477	0.00713	0.01935	0.01120	0.02954	0.00917	0.01069	0.00713	0.00611	0.00407	0.00204	0.00509	0.00356	0.00407	0.00713
46	0.02140	0.09285	0.06726	0.01546	0.02087	0.01671	0.10868	0.24856	0.09600	0.17770	0.03873	0.01975	0.03001	0.00775	0.00657	0.00201	0.00715	0.00653	0.00586	0.01015
47	0.00821	0.00606	0.00770	0.00873	0.00959	0.00555	0.00607	0.00973	0.01379	0.01818	0.12226	0.54131	0.16097	0.01904	0.00824	0.00254	0.00372	0.03657	0.00624	0.00551
48	0.02354	0.12597	0.02194	0.01599	0.05042	0.13951	0.01270	0.46854	0.02579	0.03282	0.01380	0.01445	0.01033	0.00731	0.00615	0.00185	0.00800	0.00531	0.00539	0.01019
49	0.01112	0.00838	0.01013	0.00925	0.01134	0.00832	0.00706	0.06332	0.09809	0.02708	0.55690	0.04489	0.09290	0.01275	0.00756	0.00209	0.00365	0.01110	0.00707	0.00700
50	0.01398	0.16412	0.61125	0.01744	0.02645	0.01718	0.02202	0.02065	0.01381	0.01990	0.01135	0.01331	0.00836	0.00614	0.00590	0.00197	0.00926	0.00463	0.00279	0.00950
51	0.02312	0.01310	0.01697	0.07061	0.08283	0.01334	0.01170	0.12056	0.16617	0.35396	0.04220	0.02182	0.01661	0.00811	0.00665	0.00208	0.00611	0.00672	0.00678	0.01054
52	0.00797	0.00652	0.00704	0.00724	0.00909	0.00559	0.00530	0.00970	0.01497	0.01848	0.12718	0.17720	0.54684	0.01700	0.00788	0.00228	0.00339	0.01449	0.00623	0.00559
53	0.01889	0.01383	0.01515	0.01319	0.01720	0.01544	0.01038	0.06175	0.57308	0.14417	0.02621	0.02385	0.01911	0.00876	0.00668	0.00219	0.00536	0.00725	0.00693	0.01058
54	0.01533	0.23503	0.26671	0.04457	0.10279	0.01867	0.18767	0.02039	0.01425	0.01934	0.01149	0.01429	0.00902	0.00587	0.00610	0.00192	0.00907	0.00534	0.00298	0.00916
55	0.00957	0.00638	0.00718	0.00718	0.00718	0.00638	0.00399	0.00957	0.00957	0.01276	0.02074	0.04308	0.02393	0.76864	0.03351	0.00638	0.00638	0.00957	0.00399	0.00399
56	0.00816	0.00668	0.00720	0.00707	0.00913	0.00572	0.00530	0.01019	0.01591	0.01994	0.23112	0.05981	0.55913	0.01587	0.00778	0.00218	0.00328	0.01340	0.00640	0.00572
57	0.01760	0.77260	0.03450	0.01126	0.01690	0.02605	0.01126	0.01971	0.01338	0.01549	0.00915	0.01056	0.00845	0.00563	0.00422	0.00141	0.00704	0.00352	0.00282	0.00845
58	0.39680	0.30763	0.04212	0.04077	0.01666	0.06882	0.01008	0.01991	0.01271	0.02242	0.00941	0.01110	0.00783	0.00600	0.00443	0.00178	0.00660	0.00373	0.00346	0.00776
59	0.81514	0.01273	0.00968	0.00866	0.01273	0.01477	0.00713	0.01935	0.01120	0.02954	0.00917	0.01069	0.00713	0.00611	0.00407	0.00204	0.00509	0.00356	0.00407	0.00713
60	0.81514	0.01273	0.00968	0.00866	0.01273	0.01477	0.00713	0.01935	0.01120	0.02954	0.00917	0.01069	0.00713	0.00611	0.00407	0.00204	0.00509	0.00356	0.00407	0.00713
61	0.02459	0.03138	0.01866	0.01696	0.02035	0.74221	0.01272	0.02629	0.01866	0.01611	0.01018	0.01187	0.00848	0.00678	0.00594	0.00170	0.01187	0.00424	0.00339	0.00763
62	0.00911	0.00657	0.00861	0.00842	0.00979	0.00607	0.00620	0.01190	0.01767	0.02486	0.61357	0.16410	0.05913	0.01461	0.00787	0.00217	0.00322	0.01300	0.00706	0.00607
63	0.00801	0.00576	0.00761	0.00908	0.00953	0.00535	0.00607	0.00918	0.01269	0.01684	0.03732	0.74039	0.06682	0.02049	0.00838	0.00266	0.00380	0.01855	0.00611	0.00535
64	0.00906	0.00674	0.00846	0.00825	0.00990	0.00615	0.00627	0.01180	0.01747	0.02388	0.52112	0.07637	0.19394	0.01467	0.00788	0.00219	0.00338	0.05952	0.00690	0.00604
65	0.02954	0.01120	0.01528	0.01171	0.01681	0.00968	0.00968	0.03208	0.01884	0.73213	0.02597	0.02241	0.01630	0.00815	0.00662	0.00204	0.00560	0.00662	0.00815	0.01120
66	0.68762	0.01248	0.01059	0.00915	0.01339	0.01394	0.00754	0.02142	0.01244	0.14358	0.01189	0.01260	0.00862	0.00644	0.00449	0.00204	0.00518	0.00406	0.00474	0.00779
67	0.02498	0.01984	0.01964	0.01534	0.02041	0.09844	0.01254	0.63219	0.02962	0.03875	0.01520	0.01538	0.01090	0.00778	0.00652	0.00195	0.00774	0.00574	0.00624	0.01081
68	0.02335	0.02011	0.13668	0.01533	0.02127	0.01831	0.01409	0.50294	0.04448	0.11239	0.01653	0.01643	0.01151	0.00768	0.00654	0.00201	0.00742	0.00587	0.00613	0.01094
69	0.01962	0.01650	0.02484	0.02128	0.10290	0.07654	0.23742	0.12064	0.05671	0.14168	0.03607	0.02193	0.01462	0.00776	0.00756	0.00214	0.03172	0.04557	0.00502	0.00946
70	0.02485	0.01682	0.01853	0.01441	0.01949	0.01826	0.01184	0.52700	0.10035	0.15153	0.01859	0.01778	0.01295	0.00805	0.00660	0.00201	0.00677	0.00620	0.00685	0.01112
71	0.77757	0.01300	0.01016	0.00897	0.01310	0.01504	0.00739	0.05199	0.01214	0.03011	0.00948	0.01094	0.00732	0.00620	0.00419	0.00203	0.00519	0.00368	0.00419	0.00732
72	0.01736	0.73215	0.07283	0.01168	0.01753	0.02546	0.01198	0.01977	0.01341	0.01578	0.00930	0.01074	0.00844	0.00567	0.00434	0.00145	0.00719	0.00359	0.00281	0.00852
73	0.01886	0.00893	0.01182	0.00990	0.01322	0.00784	0.00782	0.02152	0.01811	0.35984	0.30443	0.07039	0.07617	0.01125	0.00718	0.00206	0.00438	0.00963	0.00747	0.02918
74	0.00817	0.00609	0.00787	0.00890	0.00974	0.00579	0.00620	0.00958	0.01277	0.01677	0.03933	0.53057	0.16654	0.02391	0.11101	0.00370	0.00566	0.01619	0.00575	0.00546
75	0.01264	0.01199	0.01979	0.67387	0.04233	0.01522	0.01787	0.01672	0.01283	0.01672	0.01137	0.01721	0.00876	0.00711	0.00819	0.00227	0.08904	0.00584	0.00292	0.00730
76	0.01348	0.08091	0.69011	0.01829	0.02776	0.01597	0.02349	0.02078	0.01387	0.02051	0.01165	0.01369	0.00835	0.00622	0.00613	0.00204	0.00956	0.00478	0.00278	0.00965
77	0.00823	0.00600	0.00739	0.00841	0.00904	0.00555	0.00557	0.00928	0.01252	0.01631	0.03902	0.52371	0.15893	0.14293	0.01242	0.00320	0.00416	0.01637	0.00576	0.00516
78	0.02954	0.01120	0.01528	0.01171	0.01681	0.00968	0.00968	0.03208	0.01884	0.73213	0.02597	0.02241	0.01630	0.00815	0.00662	0.00204	0.00560	0.00662	0.00815	0.01120
79	0.02470	0.01828	0.01957	0.01508	0.02029	0.02026	0.01243	0.68008	0.05703	0.04096	0.01622	0.01614	0.01153	0.00794	0.00659	0.00199	0.00717	0.00598	0.00659	0.01117
80	0.01320	0.03405	0.73453	0.01876	0.02849	0.01529	0.02432	0.02085	0.01390	0.02085	0.01181	0.01390	0.00834	0.00625	0.00625	0.00208	0.00973	0.00486	0.00278	0.00973
81	0.01231	0.00699	0.00684	0.00673	0.00832	0.02905	0.00504	0.01534	0.01453	0.02450	0.10421	0.02706	0.02196	0.00833	0.00502	0.00160	0.00335	0.00676	0.68587	0.00619
82	0.81514	0.01273	0.00968	0.00866	0.01273	0.01477	0.00713	0.01935	0.01120	0.02954	0.00917	0.01069	0.00713	0.00611	0.00407	0.00204	0.00509	0.00356	0.00407	0.00713
83	0.00943	0.00634	0.00728	0.00739	0.00749	0.00629	0.00426	0.00965	0.01020	0.01366	0.05064	0.10458	0.02715	0.67444	0.03033	0.00589	0.00603	0.01044	0.00430	0.00419
84	0.01320	0.03405	0.73453	0.01876	0.02849	0.01529	0.02432	0.02085	0.01390	0.02085	0.01181	0.01390	0.00834	0.00625	0.00625	0.00208	0.00973	0.00486	0.00278	0.00973
85	0.00902	0.00678	0.00847	0.00876	0.01035	0.00622	0.00680	0.01150	0.01622	0.02153	0.32027	0.14105	0.23485	0.01616	0.00812	0.00238	0.00388	0.15518	0.00656	0.00590
86	0.01760	0.77260	0.03450	0.01126	0.01690	0.02605	0.01126	0.01971	0.01338	0.01549	0.00915	0.01056	0.00845	0.00563	0.00422	0.00141	0.00704	0.00352	0.00282	0.00845
87	0.01352	0.06842	0.66897	0.01882	0.02822	0.01586	0.05521	0.02081	0.01395	0.02060	0.01176	0.01392	0.00842	0.00619	0.00623	0.00206	0.00966	0.00494	0.00281	0.00963
88	0.01340	0.09812	0.64565	0.01774	0.02676	0.01587	0.02249	0.02031	0.01380	0.02022	0.01249	0.04164	0.00966	0.00674	0.00616	0.00205	0.00927	0.00526	0.00291	0.00945
89	0.51530	0.01694	0.01377	0.01310	0.06258	0.14099	0.00971	0.11663	0.01550	0.02836	0.01048	0.01198	0.00815	0.00646	0.00491	0.00196	0.00674	0.00416	0.00425	0.00800
90	0.02845	0.01233	0.01590	0.01226	0.01733	0.01142	0.01010	0.12749	0.04436	0.61034	0.02456	0.02155	0.01570	0.00814	0.00662	0.00204	0.00582	0.00655	0.00788	0.01118
91	0.02533	0.01244	0.01547	0.01223	0.01681	0.01213	0.00995	0.16387	0.08483	0.45603	0.05684	0.02322	0.01802	0.02983	0.02957	0.00242	0.00616	0.00690	0.00741	0.01054
92	0.00925	0.00673	0.00870	0.00821	0.00979	0.00618	0.00616	0.01229	0.01847	0.02600	0.69361	0.04983	0.09286	0.01361	0.00777	0.00208	0.00312	0.01200	0.00719	0.00618
93	0.00796	0.00673	0.00692	0.00702	0.00919	0.00569	0.00536	0.00971	0.01501	0.01791	0.06467	0.06405	0.68125	0.01677	0.00786	0.00227	0.00351	0.05642	0.00611	0.00559
94	0.01760	0.77260	0.03450	0.01126	0.01690	0.02605	0.01126	0.01971	0.01338	0.01549	0.00915	0.01056	0.00845	0.00563	0.00422	0.00141	0.00704	0.00352	0.00282	0.00845
95	0.01440	0.01440	0.02016	0.01728	0.01728	0.02016	0.01440	0.01584	0.01008	0.01584	0.00864	0.01440	0.00864	0.01152	0.02160	0.00288	0.75659	0.00576	0.00288	0.00720
96	0.00880	0.00630	0.00817	0.00936	0.01008	0.00601	0.00674	0.01024	0.01293	0.01696	0.03606	0.45677	0.09049	0.12445	0.01202	0.00324	0.00464	0.16559	0.00580	0.00533
97	0.02295	0.02864	0.01890	0.01701	0.01986	0.62563	0.01299	0.02460	0.01727	0.01607	0.00993	0.01228	0.00851	0.00755	0.00847	0.00189	0.13211	0.00449	0.00331	0.00756
98	0.00940	0.00705	0.01058	0.01058	0.01176	0.00823	0.00823	0.01176	0.01058	0.01528	0.01763	0.02586	0.01646	0.04937	0.74255	0.01058	0.01763	0.00705	0.00353	0.00588
99	0.01760	0.77260	0.03450	0.01126	0.01690	0.02605	0.01126	0.01971	0.01338	0.01549	0.00915	0.01056	0.00845	0.00563	0.00422	0.00141	0.00704	0.00352	0.00282	0.00845
100	0.01300	0.01025	0.01279	0.01157	0.03286	0.04069	0.04605	0.08374	0.01866	0.05968	0.37624	0.04269	0.15546	0.01237	0.00789	0.00213	0.02428	0.03607	0.00639	0.00719

[dist]
# distance from previous block
# <min> <max>
0	1

[block]
# block no. 1 follows, 33 sequences, length 26
# corresponding to MSA columns:
# 174-199
name=unknown_B
#
# <colnr> <probs for GDERKNQSTAVLIFYWHMCP>
#	G	D	E	R	K	N	Q	S	T	A	V	L	I	F	Y	W	H	M	C	P
0	0.02204	0.06131	0.01904	0.01492	0.04070	0.04334	0.01179	0.46627	0.09446	0.05924	0.01845	0.08555	0.01496	0.00895	0.00660	0.00202	0.00683	0.00708	0.00617	0.01027
1	0.01760	0.77260	0.03450	0.01126	0.01690	0.02605	0.01126	0.01971	0.01338	0.01549	0.00915	0.01056	0.00845	0.00563	0.00422	0.00141	0.00704	0.00352	0.00282	0.00845
2	0.04822	0.08760	0.10955	0.01578	0.04755	0.07972	0.05415	0.18016	0.10802	0.12278	0.03545	0.05119	0.01468	0.00799	0.00638	0.00200	0.00738	0.00646	0.00530	0.00965
3	0.81514	0.01273	0.00968	0.00866	0.01273	0.01477	0.00713	0.01935	0.01120	0.02954	0.00917	0.01069	0.00713	0.00611	0.00407	0.00204	0.00509	0.00356	0.00407	0.00713
4	0.01591	0.35557	0.07661	0.03737	0.14554	0.01983	0.10723	0.03431	0.01401	0.01826	0.01154	0.01474	0.00991	0.01047	0.08274	0.00268	0.02635	0.00513	0.00312	0.00868
5	0.01440	0.01440	0.02016	0.01728	0.01728	0.02016	0.01440	0.01584	0.01008	0.01584	0.00864	0.01440	0.00864	0.01152	0.02160	0.00288	0.75659	0.00576	0.00288	0.00720
6	0.01637	0.01414	0.01489	0.01340	0.01712	0.01637	0.01042	0.03498	0.71568	0.02754	0.02679	0.02456	0.02010	0.00893	0.00670	0.00223	0.00521	0.00744	0.00670	0.01042
7	0.01357	0.01174	0.01568	0.07918	0.16719	0.01277	0.01202	0.02258	0.29179	0.02219	0.02538	0.21766	0.02411	0.01160	0.00721	0.00233	0.00574	0.04318	0.00548	0.00863
8	0.00799	0.00661	0.00700	0.00704	0.00905	0.00562	0.00523	0.00980	0.01530	0.01879	0.14619	0.10818	0.59743	0.01654	0.00782	0.00223	0.00334	0.01397	0.00625	0.00562
9	0.00891	0.00648	0.00839	0.00840	0.00971	0.00596	0.00611	0.01145	0.01694	0.02353	0.51587	0.22515	0.09771	0.01541	0.00792	0.00223	0.00329	0.01369	0.00690	0.00596
10	0.02193	0.01113	0.01386	0.01136	0.01553	0.01063	0.00911	0.02848	0.18909	0.40197	0.12938	0.02795	0.04878	0.00929	0.00678	0.00205	0.00503	0.00774	0.00742	0.04248
11	0.02186	0.25883	0.07608	0.01372	0.01938	0.04042	0.01256	0.33036	0.02203	0.09789	0.01410	0.01446	0.01049	0.00695	0.00574	0.00177	0.00725	0.00504	0.00509	0.03598
12	0.01926	0.01268	0.01535	0.01211	0.04103	0.01101	0.00939	0.11312	0.03749	0.19950	0.01623	0.01650	0.01188	0.00624	0.00564	0.00144	0.00548	0.00501	0.00536	0.45528
13	0.01576	0.08397	0.14246	0.14796	0.20933	0.01559	0.01647	0.06906	0.08833	0.05489	0.03566	0.04311	0.03395	0.00759	0.00644	0.00204	0.00744	0.00650	0.00418	0.00927
14	0.02459	0.03138	0.01866	0.01696	0.02035	0.74221	0.01272	0.02629	0.01866	0.01611	0.01018	0.01187	0.00848	0.00678	0.00594	0.00170	0.01187	0.00424	0.00339	0.00763
15	0.00802	0.00573	0.00764	0.00917	0.00955	0.00535	0.00611	0.00917	0.01260	0.01681	0.03628	0.76434	0.04354	0.02062	0.00840	0.00267	0.00382	0.01872	0.00611	0.00535
16	0.00788	0.00662	0.00684	0.00690	0.00898	0.00558	0.00513	0.00959	0.01506	0.01818	0.09987	0.10384	0.64957	0.01673	0.00782	0.00224	0.00335	0.01407	0.00617	0.00558
17	0.01845	0.54945	0.03197	0.01523	0.06514	0.09187	0.06662	0.06083	0.01518	0.01791	0.01018	0.01193	0.00886	0.00588	0.00495	0.00157	0.00788	0.00422	0.00316	0.00870
18	0.06051	0.01277	0.01598	0.01230	0.01739	0.01211	0.01016	0.17134	0.02105	0.56027	0.02318	0.02056	0.01487	0.00801	0.00651	0.00202	0.00592	0.00635	0.00766	0.01104
19	0.01654	0.06711	0.09044	0.04072	0.01903	0.01281	0.01102	0.13118	0.01676	0.06189	0.01297	0.01444	0.01006	0.00581	0.00541	0.00139	0.00610	0.00453	0.00434	0.46746
20	0.01269	0.00890	0.01048	0.00951	0.01204	0.00875	0.00738	0.05389	0.12693	0.08575	0.35486	0.04512	0.19097	0.01284	0.00748	0.00215	0.00401	0.03192	0.00692	0.00741
21	0.00800	0.00668	0.00697	0.00690	0.00902	0.00565	0.00517	0.00987	0.01552	0.01900	0.15933	0.06136	0.63150	0.01622	0.00778	0.00220	0.00330	0.01361	0.00627	0.00565
22	0.00971	0.00711	0.00918	0.00874	0.01039	0.00675	0.00666	0.01351	0.04974	0.02606	0.65223	0.04955	0.05880	0.01353	0.00779	0.00213	0.00337	0.05120	0.00715	0.00639
23	0.81514	0.01273	0.00968	0.00866	0.01273	0.01477	0.00713	0.01935	0.01120	0.02954	0.00917	0.01069	0.00713	0.00611	0.00407	0.00204	0.00509	0.00356	0.00407	0.00713
24	0.01968	0.12628	0.08572	0.01835	0.12738	0.13339	0.01393	0.22714	0.05992	0.02630	0.04531	0.01622	0.01272	0.00708	0.00607	0.00182	0.00783	0.00546	0.00458	0.05482
25	0.04451	0.04226	0.06202	0.08039	0.38770	0.01675	0.03877	0.08685	0.01570	0.04650	0.01243	0.01583	0.01005	0.00693	0.00833	0.00209	0.10386	0.00573	0.00367	0.00963

[dist]
# distance from previous block
# <min> <max>
0	4

[block]
# block no. 2 follows, 33 sequences, length 38
# corresponding to MSA columns:
# 210-247
name=unknown_C
#
# <colnr> <probs for GDERKNQSTAVLIFYWHMCP>
#	G	D	E	R	K	N	Q	S	T	A	V	L	I	F	Y	W	H	M	C	P
0	0.03893	0.17467	0.08347	0.01590	0.04322	0.37634	0.01315	0.07471	0.05759	0.01949	0.01344	0.01466	0.03350	0.00700	0.00576	0.00176	0.00943	0.00482	0.00375	0.00841
1	0.01314	0.00972	0.01200	0.01267	0.09199	0.00947	0.00856	0.04085	0.12941	0.09126	0.20252	0.04301	0.28451	0.01235	0.00731	0.00213	0.00443	0.01053	0.00636	0.00777
2	0.05336	0.01415	0.01926	0.04354	0.06157	0.04056	0.11195	0.12286	0.04006	0.16850	0.04989	0.01898	0.01426	0.00868	0.03628	0.00218	0.00732	0.00612	0.00522	0.17528
3	0.01348	0.01150	0.01346	0.00969	0.01537	0.00867	0.00774	0.01641	0.01385	0.02165	0.04022	0.01507	0.01185	0.00522	0.00499	0.00102	0.00480	0.00422	0.00403	0.77675
4	0.00820	0.00590	0.00782	0.00930	0.00983	0.00552	0.00640	0.00951	0.01287	0.01705	0.03720	0.68991	0.06610	0.02031	0.00843	0.00268	0.00397	0.06747	0.00611	0.00541
5	0.00805	0.00582	0.00762	0.00899	0.00952	0.00539	0.00605	0.00929	0.01295	0.01719	0.06122	0.69978	0.08350	0.02016	0.00835	0.00263	0.00377	0.01821	0.00615	0.00539
6	0.00944	0.00693	0.00993	0.00993	0.01088	0.00788	0.00742	0.01134	0.01039	0.01480	0.01823	0.02914	0.01788	0.18626	0.60761	0.00978	0.01549	0.00753	0.00361	0.00552
7	0.01484	0.04442	0.18357	0.20055	0.09096	0.05057	0.28002	0.02014	0.01464	0.01963	0.01224	0.01624	0.00925	0.00604	0.00685	0.00211	0.00988	0.00622	0.00309	0.00874
8	0.81514	0.01273	0.00968	0.00866	0.01273	0.01477	0.00713	0.01935	0.01120	0.02954	0.00917	0.01069	0.00713	0.00611	0.00407	0.00204	0.00509	0.00356	0.00407	0.00713
9	0.01637	0.01414	0.01489	0.01340	0.01712	0.01637	0.01042	0.03498	0.71568	0.02754	0.02679	0.02456	0.02010	0.00893	0.00670	0.00223	0.00521	0.00744	0.00670	0.01042
10	0.81514	0.01273	0.00968	0.00866	0.01273	0.01477	0.00713	0.01935	0.01120	0.02954	0.00917	0.01069	0.00713	0.00611	0.00407	0.00204	0.00509	0.00356	0.00407	0.00713
11	0.00797	0.00591	0.00745	0.00869	0.00942	0.00539	0.00590	0.00922	0.01306	0.01699	0.04208	0.63069	0.17345	0.01987	0.00828	0.00259	0.00373	0.01780	0.00611	0.00539
12	0.00813	0.00637	0.00738	0.00788	0.00936	0.00562	0.00568	0.00984	0.01465	0.01861	0.14056	0.30529	0.38521	0.01767	0.00803	0.00238	0.00354	0.03195	0.00626	0.00558
13	0.02375	0.00988	0.01338	0.01080	0.01482	0.00865	0.00869	0.02633	0.01842	0.53218	0.18187	0.07294	0.02812	0.01008	0.00698	0.00208	0.00494	0.00852	0.00783	0.00974
14	0.01793	0.73737	0.03374	0.01154	0.01706	0.06009	0.01133	0.02003	0.01363	0.01552	0.00920	0.01062	0.00845	0.00569	0.00431	0.00142	0.00727	0.00355	0.00284	0.00841
15	0.01656	0.01417	0.03713	0.15318	0.28770	0.01423	0.04947	0.08880	0.05595	0.08323	0.05796	0.02197	0.05520	0.00758	0.00671	0.00203	0.00720	0.00685	0.00454	0.02954
16	0.01561	0.35218	0.40091	0.01545	0.02313	0.05239	0.01818	0.02060	0.01389	0.01833	0.01059	0.01237	0.00839	0.00601	0.00537	0.00178	0.00867	0.00426	0.00282	0.00908
17	0.02459	0.03138	0.01866	0.01696	0.02035	0.74221	0.01272	0.02629	0.01866	0.01611	0.01018	0.01187	0.00848	0.00678	0.00594	0.00170	0.01187	0.00424	0.00339	0.00763
18	0.01569	0.01298	0.01554	0.01140	0.01695	0.01118	0.03496	0.14880	0.01729	0.02553	0.04768	0.01597	0.01262	0.00591	0.00546	0.00127	0.00548	0.00483	0.00456	0.58591
19	0.00802	0.00573	0.00764	0.00917	0.00955	0.00535	0.00611	0.00917	0.01260	0.01681	0.03628	0.76434	0.04354	0.02062	0.00840	0.00267	0.00382	0.01872	0.00611	0.00535
20	0.00975	0.00682	0.00872	0.00825	0.00994	0.00621	0.00618	0.01259	0.01796	0.04820	0.59584	0.08184	0.13498	0.01397	0.00776	0.00211	0.00325	0.01226	0.00710	0.00626
21	0.00802	0.00573	0.00764	0.00917	0.00955	0.00535	0.00611	0.00917	0.01260	0.01681	0.03628	0.76434	0.04354	0.02062	0.00840	0.00267	0.00382	0.01872	0.00611	0.00535
22	0.01442	0.01420	0.02437	0.18032	0.12595	0.01411	0.21098	0.01896	0.03634	0.02023	0.01257	0.01642	0.00997	0.00607	0.00729	0.00188	0.04982	0.00591	0.00347	0.22671
23	0.00797	0.00591	0.00745	0.00868	0.00942	0.00539	0.00589	0.00922	0.01307	0.01700	0.04221	0.62766	0.17639	0.01985	0.00828	0.00259	0.00372	0.01778	0.00611	0.00539
24	0.00802	0.00573	0.00764	0.00917	0.00955	0.00535	0.00611	0.00917	0.01260	0.01681	0.03628	0.76434	0.04354	0.02062	0.00840	0.00267	0.00382	0.01872	0.00611	0.00535
25	0.01799	0.01494	0.01579	0.01372	0.01773	0.01713	0.01081	0.16005	0.58799	0.03014	0.02475	0.02293	0.01844	0.00874	0.00668	0.00218	0.00559	0.00716	0.00668	0.01056
26	0.12946	0.01140	0.01457	0.01132	0.01629	0.01032	0.00935	0.03046	0.01787	0.64277	0.02383	0.02092	0.01513	0.00789	0.00630	0.00204	0.00554	0.00623	0.00763	0.01069
27	0.02023	0.29932	0.14569	0.01416	0.02013	0.02089	0.01392	0.26711	0.02004	0.07473	0.01313	0.01395	0.00996	0.00692	0.00616	0.00182	0.03261	0.00490	0.00453	0.00980
28	0.02413	0.04883	0.01955	0.01468	0.01972	0.05181	0.01209	0.53933	0.09633	0.08102	0.01700	0.01669	0.01216	0.00788	0.00647	0.00197	0.00714	0.00595	0.00640	0.01085
29	0.02083	0.01600	0.01713	0.01413	0.01862	0.01797	0.01135	0.34177	0.37620	0.06035	0.02174	0.02047	0.01588	0.00843	0.00664	0.00211	0.00616	0.00672	0.00670	0.01080
30	0.02931	0.01156	0.01550	0.01188	0.01698	0.01021	0.00982	0.06529	0.01944	0.69808	0.02547	0.02208	0.01604	0.00814	0.00662	0.00203	0.00568	0.00659	0.00807	0.01120
31	0.00940	0.00705	0.01058	0.01058	0.01176	0.00823	0.00823	0.01176	0.01058	0.01528	0.01763	0.02586	0.01646	0.04937	0.74255	0.01058	0.01763	0.00705	0.00353	0.00588
32	0.02405	0.01795	0.01921	0.01495	0.02004	0.01996	0.01228	0.62966	0.10850	0.03991	0.01705	0.01680	0.01220	0.00802	0.00660	0.00200	0.00701	0.00610	0.00660	0.01111
33	0.00940	0.00705	0.01058	0.01058	0.01176	0.00823	0.00823	0.01176	0.01058	0.01528	0.01763	0.02586	0.01646	0.04937	0.74255	0.01058	0.01763	0.00705	0.00353	0.00588
34	0.01954	0.02293	0.01625	0.01553	0.05098	0.45596	0.01128	0.04909	0.01784	0.01843	0.07556	0.02374	0.12515	0.01033	0.02941	0.00215	0.03757	0.00664	0.00423	0.00740
35	0.01447	0.01224	0.01407	0.01030	0.01597	0.00993	0.00824	0.05620	0.06162	0.02298	0.01294	0.01450	0.01052	0.00532	0.00509	0.00112	0.00503	0.00425	0.00424	0.71098
36	0.01656	0.41095	0.15838	0.01692	0.10517	0.05638	0.03328	0.04227	0.01442	0.01825	0.01148	0.03221	0.01005	0.00824	0.03821	0.00209	0.00837	0.00482	0.00314	0.00879
37	0.02030	0.01969	0.05143	0.02083	0.02630	0.14294	0.32417	0.12392	0.03747	0.11902	0.01500	0.01702	0.01093	0.00677	0.00750	0.00209	0.03423	0.00656	0.00452	0.00933

[dist]
# distance from previous block
# <min> <max>
0	1

[block]
# block no. 3 follows, 33 sequences, length 50
# corresponding to MSA columns:
# 249-298
name=unknown_D
#
# <colnr> <probs for GDERKNQSTAVLIFYWHMCP>
#	G	D	E	R	K	N	Q	S	T	A	V	L	I	F	Y	W	H	M	C	P
0	0.01632	0.01324	0.01742	0.01284	0.01831	0.01165	0.08458	0.11947	0.01658	0.06557	0.01394	0.03676	0.01132	0.00625	0.00616	0.00143	0.02883	0.00527	0.00452	0.50957
1	0.00844	0.00670	0.00759	0.00736	0.00930	0.00584	0.00552	0.01073	0.01657	0.02150	0.34988	0.05725	0.43940	0.01529	0.00777	0.00216	0.00324	0.01304	0.00660	0.00584
2	0.01681	0.01620	0.05122	0.06173	0.57203	0.01583	0.01894	0.09841	0.01683	0.02376	0.03623	0.01728	0.01209	0.00639	0.00656	0.00197	0.00770	0.00603	0.00374	0.01024
3	0.01434	0.22531	0.55325	0.01682	0.02549	0.01808	0.02094	0.02055	0.01376	0.01946	0.01112	0.01303	0.00837	0.00609	0.00573	0.00191	0.00903	0.00452	0.00279	0.00940
4	0.00940	0.00705	0.01058	0.01058	0.01176	0.00823	0.00823	0.01176	0.01058	0.01528	0.01763	0.02586	0.01646	0.04937	0.74255	0.01058	0.01763	0.00705	0.00353	0.00588
5	0.01365	0.01170	0.01365	0.00975	0.01560	0.00878	0.00780	0.01658	0.01365	0.02145	0.01170	0.01365	0.00975	0.00488	0.00488	0.00098	0.00488	0.00390	0.00390	0.80888
6	0.01440	0.01440	0.02016	0.01728	0.01728	0.02016	0.01440	0.01584	0.01008	0.01584	0.00864	0.01440	0.00864	0.01152	0.02160	0.00288	0.75659	0.00576	0.00288	0.00720
7	0.07304	0.01129	0.01497	0.01154	0.01658	0.00996	0.00953	0.03138	0.01842	0.69323	0.02504	0.02176	0.01579	0.00804	0.00648	0.00204	0.00557	0.00645	0.00792	0.01098
8	0.00921	0.00673	0.00865	0.00817	0.00977	0.00617	0.00613	0.01221	0.01838	0.02579	0.67795	0.05017	0.10864	0.01368	0.00777	0.00208	0.00312	0.01205	0.00717	0.00617
9	0.81514	0.01273	0.00968	0.00866	0.01273	0.01477	0.00713	0.01935	0.01120	0.02954	0.00917	0.01069	0.00713	0.00611	0.00407	0.00204	0.00509	0.00356	0.00407	0.00713
10	0.01472	0.01404	0.02388	0.33086	0.44943	0.01523	0.01942	0.01882	0.01425	0.01960	0.01211	0.01681	0.00975	0.00616	0.00654	0.00205	0.00821	0.00586	0.00312	0.00916
11	0.26090	0.05208	0.01749	0.01673	0.09499	0.38726	0.01179	0.05123	0.01632	0.02175	0.01031	0.01211	0.00840	0.00648	0.00540	0.00183	0.00902	0.00426	0.00369	0.00796
12	0.01616	0.01390	0.01473	0.01335	0.01699	0.01605	0.01043	0.03420	0.69004	0.02725	0.02709	0.02638	0.02075	0.00927	0.00679	0.00226	0.00524	0.03218	0.00668	0.01026
13	0.00901	0.00621	0.00809	0.00886	0.00980	0.00571	0.00617	0.01070	0.01439	0.04272	0.19753	0.52069	0.09900	0.01825	0.00815	0.00248	0.00368	0.01637	0.00644	0.00576
14	0.00802	0.00573	0.00764	0.00917	0.00955	0.00535	0.00611	0.00917	0.01260	0.01681	0.03628	0.76434	0.04354	0.02062	0.00840	0.00267	0.00382	0.01872	0.00611	0.00535
15	0.00778	0.00667	0.00667	0.00667	0.00889	0.00556	0.00500	0.00945	0.01501	0.01778	0.06669	0.06336	0.72490	0.01667	0.00778	0.00222	0.00333	0.01389	0.00611	0.00556
16	0.05217	0.01136	0.01510	0.01169	0.01670	0.01007	0.00963	0.03182	0.04435	0.68543	0.02551	0.02214	0.01617	0.00812	0.00655	0.00204	0.00557	0.00656	0.00797	0.01105
17	0.05979	0.01126	0.01506	0.01160	0.01665	0.00987	0.00958	0.03159	0.01855	0.70507	0.02532	0.02196	0.01594	0.00807	0.00652	0.00204	0.00558	0.00650	0.00799	0.01105
18	0.00802	0.00573	0.00764	0.00917	0.00955	0.00535	0.00611	0.00917	0.01260	0.01681	0.03628	0.76434	0.04354	0.02062	0.00840	0.00267	0.00382	0.01872	0.00611	0.00535
19	0.01554	0.01776	0.03885	0.02775	0.03441	0.01665	0.70366	0.02109	0.01554	0.02109	0.01332	0.01776	0.00999	0.00555	0.00777	0.00222	0.01110	0.00777	0.00333	0.00888
20	0.02954	0.01120	0.01528	0.01171	0.01681	0.00968	0.00968	0.03208	0.01884	0.73213	0.02597	0.02241	0.01630	0.00815	0.00662	0.00204	0.00560	0.00662	0.00815	0.01120
21	0.01243	0.01170	0.01975	0.75282	0.04534	0.01463	0.01828	0.01682	0.01316	0.01682	0.01170	0.01755	0.00878	0.00658	0.00658	0.00219	0.00878	0.00585	0.00293	0.00731
22	0.02459	0.03138	0.01866	0.01696	0.02035	0.74221	0.01272	0.02629	0.01866	0.01611	0.01018	0.01187	0.00848	0.00678	0.00594	0.00170	0.01187	0.00424	0.00339	0.00763
23	0.02459	0.03138	0.01866	0.01696	0.02035	0.74221	0.01272	0.02629	0.01866	0.01611	0.01018	0.01187	0.00848	0.00678	0.00594	0.00170	0.01187	0.00424	0.00339	0.00763
24	0.02954	0.01120	0.01528	0.01171	0.01681	0.00968	0.00968	0.03208	0.01884	0.73213	0.02597	0.02241	0.01630	0.00815	0.00662	0.00204	0.00560	0.00662	0.00815	0.01120
25	0.01243	0.01170	0.01975	0.75282	0.04534	0.01463	0.01828	0.01682	0.01316	0.01682	0.01170	0.01755	0.00878	0.00658	0.00658	0.00219	0.00878	0.00585	0.00293	0.00731
26	0.00911	0.00672	0.00852	0.00807	0.00971	0.00613	0.00605	0.01203	0.01815	0.02526	0.63713	0.05105	0.14980	0.01388	0.00777	0.00209	0.00314	0.01217	0.00710	0.00613
27	0.00902	0.00655	0.00850	0.00837	0.00974	0.00603	0.00614	0.01171	0.01739	0.02429	0.57135	0.17925	0.08721	0.01489	0.00788	0.00219	0.00324	0.01322	0.00699	0.00603
28	0.00956	0.00642	0.00735	0.00733	0.00743	0.00643	0.00421	0.00976	0.00999	0.01342	0.05085	0.04284	0.02535	0.71501	0.05330	0.00632	0.00657	0.00960	0.00412	0.00414
29	0.02503	0.01844	0.01976	0.01515	0.02042	0.02042	0.01251	0.70562	0.03095	0.04149	0.01581	0.01581	0.01120	0.00790	0.00659	0.00198	0.00724	0.00593	0.00659	0.01120
30	0.81514	0.01273	0.00968	0.00866	0.01273	0.01477	0.00713	0.01935	0.01120	0.02954	0.00917	0.01069	0.00713	0.00611	0.00407	0.00204	0.00509	0.00356	0.00407	0.00713
31	0.02503	0.01844	0.01976	0.01515	0.02042	0.02042	0.01251	0.70562	0.03095	0.04149	0.01581	0.01581	0.01120	0.00790	0.00659	0.00198	0.00724	0.00593	0.00659	0.01120
32	0.00802	0.00573	0.00764	0.00917	0.00955	0.00535	0.00611	0.00917	0.01260	0.01681	0.03628	0.76434	0.04354	0.02062	0.00840	0.00267	0.00382	0.01872	0.00611	0.00535
33	0.01078	0.00840	0.01131	0.01077	0.01155	0.00989	0.00804	0.04015	0.01121	0.01586	0.01838	0.08278	0.01908	0.24004	0.34684	0.00726	0.12969	0.00836	0.00387	0.00574
34	0.00957	0.00638	0.00718	0.00718	0.00718	0.00638	0.00399	0.00957	0.00957	0.01276	0.02074	0.04308	0.02393	0.76864	0.03351	0.00638	0.00638	0.00957	0.00399	0.00399
35	0.00957	0.00638	0.00718	0.00718	0.00718	0.00638	0.00399	0.00957	0.00957	0.01276	0.02074	0.04308	0.02393	0.76864	0.03351	0.00638	0.00638	0.00957	0.00399	0.00399
36	0.02521	0.01814	0.01957	0.01500	0.02026	0.01997	0.01239	0.67751	0.03045	0.07031	0.01623	0.01608	0.01141	0.00791	0.00659	0.00198	0.00718	0.00596	0.00665	0.01120
37	0.01760	0.77260	0.03450	0.01126	0.01690	0.02605	0.01126	0.01971	0.01338	0.01549	0.00915	0.01056	0.00845	0.00563	0.00422	0.00141	0.00704	0.00352	0.00282	0.00845
38	0.01416	0.08962	0.65384	0.01792	0.02716	0.01590	0.02277	0.02119	0.01405	0.04734	0.01215	0.01397	0.00865	0.00628	0.00611	0.00203	0.00937	0.00483	0.00299	0.00969
39	0.02674	0.01131	0.01476	0.01161	0.01619	0.01032	0.00938	0.05415	0.07396	0.59456	0.02526	0.02399	0.01703	0.06878	0.00877	0.00240	0.00569	0.00690	0.00765	0.01057
40	0.00944	0.00640	0.00714	0.00714	0.00731	0.00632	0.00407	0.00956	0.00999	0.01315	0.02425	0.04463	0.07749	0.71118	0.03154	0.00606	0.00615	0.00990	0.00415	0.00411
41	0.05096	0.01562	0.03639	0.01333	0.01687	0.09160	0.01062	0.08500	0.42343	0.02581	0.02434	0.11027	0.02066	0.01015	0.00678	0.00222	0.00609	0.03458	0.00601	0.00926
42	0.02411	0.01641	0.01855	0.01593	0.06609	0.03816	0.01223	0.42710	0.07635	0.17640	0.01905	0.02013	0.01385	0.00829	0.00668	0.00204	0.00689	0.03439	0.00657	0.01077
43	0.05168	0.01409	0.01740	0.03069	0.01913	0.01359	0.06286	0.19211	0.09518	0.10875	0.01602	0.01667	0.01188	0.00659	0.00593	0.00165	0.00616	0.00543	0.00530	0.31889
44	0.00913	0.00672	0.00853	0.00808	0.00972	0.00613	0.00606	0.01205	0.01818	0.02532	0.64197	0.05095	0.14492	0.01386	0.00777	0.00209	0.00313	0.01215	0.00711	0.00613
45	0.01663	0.01845	0.08942	0.04297	0.07593	0.01655	0.46763	0.08395	0.05619	0.04348	0.01444	0.01769	0.01071	0.00613	0.00734	0.00216	0.00989	0.00715	0.00389	0.00937
46	0.01498	0.01423	0.02301	0.09140	0.52288	0.03547	0.01767	0.01858	0.01415	0.01985	0.01321	0.01799	0.01133	0.01381	0.13952	0.00353	0.00979	0.00603	0.00328	0.00927
47	0.06582	0.01086	0.01323	0.01083	0.01459	0.03187	0.00871	0.05212	0.01847	0.40017	0.21744	0.03008	0.05818	0.00990	0.00720	0.00206	0.02398	0.00809	0.00725	0.00915
48	0.13911	0.01555	0.02886	0.02165	0.02630	0.01619	0.42576	0.01907	0.01370	0.02118	0.01345	0.06805	0.01164	0.00774	0.00967	0.00234	0.14060	0.00752	0.00356	0.00807
49	0.41935	0.20074	0.01747	0.01057	0.01509	0.01807	0.00911	0.07216	0.11960	0.04547	0.01276	0.01344	0.00995	0.00660	0.00476	0.00191	0.00576	0.00439	0.00445	0.00836

[dist]
# distance from previous block
# <min> <max>
2	4

[block]
# block no. 4 follows, 33 sequences, length 40
# corresponding to MSA columns:
# 303-314,322-327,339-360
name=unknown_E
#
# <colnr> <probs for GDERKNQSTAVLIFYWHMCP>
#	G	D	E	R	K	N	Q	S	T	A	V	L	I	F	Y	W	H	M	C	P
0	0.01376	0.01134	0.01517	0.01436	0.05332	0.01366	0.01075	0.12582	0.01396	0.01975	0.01594	0.02298	0.03240	0.09811	0.27022	0.02843	0.22219	0.00683	0.00392	0.00709
1	0.01802	0.19871	0.22027	0.01903	0.14457	0.04527	0.01622	0.08901	0.03485	0.08877	0.01334	0.01471	0.01016	0.00639	0.00581	0.00181	0.00781	0.00498	0.00394	0.05632
2	0.01275	0.01167	0.01901	0.05697	0.23259	0.01161	0.09574	0.01661	0.04328	0.02119	0.14940	0.15616	0.05317	0.01054	0.00774	0.00215	0.03310	0.00972	0.00475	0.05185
3	0.02525	0.01750	0.01911	0.01471	0.01991	0.01910	0.01213	0.60989	0.05129	0.11744	0.01728	0.01681	0.01204	0.00796	0.00659	0.00199	0.00700	0.00605	0.00676	0.01117
4	0.78681	0.01294	0.01004	0.00889	0.01301	0.01497	0.00732	0.04396	0.01191	0.02997	0.00940	0.01088	0.00728	0.00618	0.00416	0.00203	0.00517	0.00365	0.00416	0.00728
5	0.02459	0.03138	0.01866	0.01696	0.02035	0.74221	0.01272	0.02629	0.01866	0.01611	0.01018	0.01187	0.00848	0.00678	0.00594	0.00170	0.01187	0.00424	0.00339	0.00763
6	0.01436	0.01843	0.15548	0.13439	0.21630	0.01508	0.25428	0.01939	0.01456	0.02024	0.01411	0.06672	0.01188	0.00692	0.00704	0.00215	0.00916	0.00720	0.00334	0.00897
7	0.01918	0.15941	0.05115	0.01461	0.01925	0.10000	0.13404	0.02216	0.01626	0.20610	0.08886	0.05040	0.04567	0.03501	0.00744	0.00210	0.00739	0.00724	0.00510	0.00860
8	0.00959	0.00706	0.00905	0.00886	0.01036	0.00676	0.00659	0.01337	0.06206	0.02472	0.54797	0.16460	0.05572	0.01447	0.00784	0.00221	0.00344	0.03198	0.00699	0.00634
9	0.02727	0.01161	0.01507	0.01173	0.01660	0.01054	0.00963	0.08411	0.04772	0.60372	0.02778	0.02457	0.06093	0.00870	0.00669	0.00205	0.00557	0.00706	0.00784	0.01081
10	0.01406	0.04214	0.11984	0.01664	0.12165	0.07242	0.01277	0.02150	0.19439	0.02201	0.09493	0.03264	0.14370	0.01019	0.00691	0.00213	0.00639	0.05207	0.00513	0.00849
11	0.02547	0.01269	0.01659	0.04166	0.01844	0.01291	0.01106	0.12951	0.03923	0.47449	0.02201	0.02162	0.01495	0.00875	0.00853	0.00217	0.09901	0.02355	0.00697	0.01040
12	0.00840	0.00650	0.00774	0.00844	0.00989	0.00584	0.00630	0.01020	0.01449	0.01837	0.09917	0.29670	0.34720	0.01798	0.00818	0.00248	0.00389	0.11641	0.00619	0.00561
13	0.02443	0.01700	0.01857	0.01450	0.01954	0.01858	0.01189	0.53579	0.11975	0.12315	0.01848	0.01776	0.01299	0.00807	0.00660	0.00202	0.00678	0.00621	0.00679	0.01109
14	0.01528	0.01764	0.08801	0.11053	0.28344	0.01596	0.32990	0.02029	0.01495	0.02075	0.01269	0.01690	0.00988	0.00583	0.00707	0.00211	0.00956	0.00665	0.00322	0.00933
15	0.01144	0.00572	0.00858	0.00858	0.00858	0.00572	0.00572	0.00858	0.00858	0.01144	0.01144	0.02001	0.01144	0.02287	0.02573	0.80846	0.00572	0.00572	0.00286	0.00286
16	0.01155	0.00722	0.00952	0.00866	0.01061	0.00659	0.00659	0.01460	0.01866	0.10440	0.64694	0.04622	0.05705	0.01287	0.00764	0.00207	0.00338	0.01132	0.00735	0.00676
17	0.00943	0.00632	0.00722	0.00736	0.00740	0.00629	0.00419	0.00954	0.00986	0.01314	0.02219	0.11007	0.02576	0.69916	0.03118	0.00604	0.00614	0.01042	0.00419	0.00412
18	0.34000	0.01431	0.01955	0.05454	0.41192	0.01525	0.01483	0.01973	0.01339	0.02458	0.01105	0.01407	0.00903	0.00599	0.00553	0.00200	0.00675	0.00493	0.00358	0.00897
19	0.01320	0.03405	0.73453	0.01876	0.02849	0.01529	0.02432	0.02085	0.01390	0.02085	0.01181	0.01390	0.00834	0.00625	0.00625	0.00208	0.00973	0.00486	0.00278	0.00973
20	0.02102	0.02062	0.01866	0.13560	0.02353	0.27647	0.01337	0.16174	0.08568	0.06776	0.01396	0.01577	0.01070	0.00783	0.00816	0.00205	0.09835	0.00548	0.00452	0.00874
21	0.81514	0.01273	0.00968	0.00866	0.01273	0.01477	0.00713	0.01935	0.01120	0.02954	0.00917	0.01069	0.00713	0.00611	0.00407	0.00204	0.00509	0.00356	0.00407	0.00713
