[name]
unknown

[dist]
# distance from previous block
# <min> <max>
0	38

[block]
# block no. 0 follows, 29 sequences, length 33
# corresponding to MSA columns:
# 38-70
name=unknown_A
#
# <colnr> <probs for GDERKNQSTAVLIFYWHMCP>
#	G	D	E	R	K	N	Q	S	T	A	V	L	I	F	Y	W	H	M	C	P
0	0.01737	0.01378	0.01937	0.06111	0.23160	0.01389	0.01426	0.09240	0.09194	0.07350	0.07981	0.06396	0.02233	0.00985	0.00738	0.00221	0.00676	0.07217	0.00557	0.10074
1	0.10616	0.02114	0.05418	0.02278	0.19573	0.18588	0.01523	0.12327	0.03851	0.04509	0.06099	0.01836	0.01459	0.00812	0.00785	0.00216	0.05942	0.00612	0.00470	0.00972
2	0.01980	0.01916	0.04863	0.15306	0.42948	0.06087	0.02038	0.05963	0.03826	0.02522	0.01585	0.02048	0.01311	0.00818	0.00785	0.00251	0.00937	0.00684	0.00453	0.03679
3	0.01544	0.01128	0.01565	0.04102	0.08790	0.01014	0.03463	0.03460	0.01720	0.10194	0.17384	0.07121	0.04625	0.03644	0.00827	0.00216	0.00576	0.04972	0.00583	0.23071
4	0.04200	0.01666	0.02656	0.12344	0.37319	0.04264	0.10013	0.02263	0.07681	0.02269	0.01462	0.01867	0.01186	0.00858	0.03124	0.00256	0.04514	0.00664	0.00385	0.01008
5	0.00868	0.00620	0.00826	0.00991	0.01033	0.00578	0.00661	0.00991	0.01363	0.01818	0.03925	0.74510	0.04710	0.02231	0.00909	0.00289	0.00413	0.02024	0.00661	0.00578
6	0.02582	0.01921	0.02070	0.01579	0.02155	0.02081	0.01302	0.61428	0.03158	0.04268	0.01665	0.01686	0.01195	0.00822	0.00694	0.00203	0.00758	0.00619	0.00683	0.09134
7	0.01756	0.01729	0.02741	0.13431	0.58003	0.05558	0.02113	0.02173	0.01617	0.02226	0.01316	0.01754	0.01092	0.00650	0.00702	0.00213	0.00884	0.00625	0.00348	0.01066
8	0.33705	0.01633	0.01630	0.01303	0.01819	0.01795	0.01076	0.32299	0.02302	0.13667	0.01583	0.01592	0.01115	0.00781	0.00604	0.00217	0.00665	0.00550	0.00628	0.01035
9	0.00890	0.00723	0.00788	0.00772	0.00991	0.00622	0.00579	0.01115	0.01736	0.02193	0.25403	0.06410	0.51886	0.01703	0.00841	0.00236	0.00354	0.01441	0.00697	0.00622
10	0.00868	0.00620	0.00826	0.00991	0.01033	0.00578	0.00661	0.00991	0.01363	0.01818	0.03925	0.74510	0.04710	0.02231	0.00909	0.00289	0.00413	0.02024	0.00661	0.00578
11	0.01659	0.35012	0.35788	0.01758	0.02587	0.02177	0.07701	0.02203	0.01494	0.02003	0.01166	0.01381	0.00923	0.00640	0.00594	0.00195	0.00938	0.00490	0.00308	0.00984
12	0.01147	0.00820	0.01147	0.01311	0.01475	0.00820	0.01147	0.01475	0.01639	0.02131	0.03770	0.08032	0.04098	0.01967	0.00984	0.00328	0.00656	0.65741	0.00656	0.00656
13	0.01762	0.01692	0.02890	0.04371	0.70533	0.01692	0.02185	0.02185	0.01621	0.02326	0.01339	0.01762	0.01128	0.00634	0.00705	0.00211	0.00846	0.00634	0.00352	0.01128
14	0.01036	0.00690	0.00777	0.00777	0.00777	0.00690	0.00431	0.01036	0.01036	0.01381	0.02244	0.04660	0.02589	0.74975	0.03624	0.00690	0.00690	0.01036	0.00431	0.00431
15	0.01147	0.00820	0.01147	0.01311	0.01475	0.00820	0.01147	0.01475	0.01639	0.02131	0.03770	0.08032	0.04098	0.01967	0.00984	0.00328	0.00656	0.65741	0.00656	0.00656
16	0.01841	0.01764	0.03054	0.03851	0.51609	0.01763	0.14059	0.08746	0.01803	0.02532	0.01395	0.01786	0.01128	0.00650	0.00730	0.00217	0.00904	0.00673	0.00390	0.01106
17	0.01467	0.01390	0.02356	0.53122	0.24092	0.01614	0.02038	0.01926	0.01482	0.01968	0.01287	0.01859	0.01001	0.00689	0.00710	0.00230	0.00919	0.00633	0.00327	0.00890
18	0.02033	0.01660	0.01758	0.01502	0.01951	0.01893	0.01190	0.21804	0.50800	0.03401	0.02565	0.02392	0.01904	0.00935	0.00721	0.00234	0.00625	0.00759	0.00721	0.01151
19	0.01724	0.01652	0.02820	0.10780	0.64428	0.01682	0.02166	0.02151	0.01603	0.02279	0.01333	0.01775	0.01111	0.00642	0.00706	0.00214	0.00856	0.00634	0.00349	0.01097
20	0.01648	0.19160	0.41511	0.01666	0.02468	0.01750	0.01963	0.02232	0.01580	0.08256	0.06084	0.02112	0.01542	0.00801	0.00658	0.00214	0.00878	0.04084	0.00404	0.00989
21	0.01659	0.01586	0.02704	0.21420	0.54291	0.01665	0.02134	0.02095	0.01572	0.02201	0.01321	0.01796	0.01084	0.00654	0.00707	0.00218	0.00871	0.00634	0.00344	0.01045
22	0.01376	0.00806	0.01032	0.00941	0.01172	0.00725	0.00711	0.01650	0.01876	0.15012	0.41748	0.09735	0.13838	0.05004	0.00957	0.00253	0.00411	0.01251	0.00760	0.00743
23	0.01626	0.15393	0.33910	0.01828	0.02567	0.03550	0.11193	0.02167	0.01550	0.06827	0.01707	0.11362	0.01500	0.00878	0.00694	0.00222	0.00912	0.00758	0.00400	0.00956
24	0.01762	0.01597	0.02731	0.16577	0.52776	0.01641	0.04266	0.02192	0.01610	0.05944	0.01409	0.01828	0.01128	0.00661	0.00711	0.00218	0.00863	0.00645	0.00375	0.01066
25	0.01500	0.07321	0.55568	0.02159	0.03127	0.01744	0.14232	0.02253	0.01532	0.02228	0.01291	0.01558	0.00935	0.00659	0.00694	0.00224	0.01063	0.00574	0.00312	0.01028
26	0.01522	0.06689	0.10612	0.05494	0.10117	0.01405	0.16978	0.01985	0.03793	0.06972	0.02657	0.14551	0.09651	0.01103	0.00777	0.00239	0.00794	0.03285	0.00489	0.00888
27	0.01479	0.25475	0.34012	0.01519	0.02211	0.01812	0.01729	0.01957	0.01409	0.01916	0.01555	0.02028	0.03607	0.09040	0.07132	0.00333	0.00972	0.00590	0.00336	0.00891
28	0.02052	0.25849	0.11472	0.01664	0.02248	0.11338	0.10925	0.02407	0.01668	0.13818	0.03438	0.05210	0.01424	0.00798	0.00690	0.00203	0.02750	0.00643	0.00450	0.00951
29	0.01885	0.02066	0.26124	0.01703	0.06792	0.01327	0.01620	0.02587	0.10798	0.20992	0.06204	0.07165	0.05635	0.00973	0.00729	0.00230	0.00733	0.00815	0.00588	0.01035
30	0.01474	0.03203	0.54871	0.04997	0.06484	0.01695	0.09109	0.02209	0.01502	0.02216	0.01279	0.01576	0.00935	0.00698	0.00782	0.00231	0.04834	0.00572	0.00310	0.01022
31	0.62466	0.05321	0.01357	0.01066	0.01532	0.01751	0.00887	0.11226	0.04007	0.03285	0.01160	0.01287	0.00890	0.00696	0.00489	0.00217	0.00594	0.00436	0.00481	0.00852
32	0.01528	0.02131	0.22082	0.28254	0.05809	0.01747	0.10920	0.05586	0.01548	0.02152	0.01276	0.01730	0.00971	0.00762	0.00930	0.00242	0.10443	0.00630	0.00340	0.00920

[dist]
# distance from previous block
# <min> <max>
0	1

[block]
# block no. 1 follows, 29 sequences, length 12
# corresponding to MSA columns:
# 72-83
name=unknown_B
#
# <colnr> <probs for GDERKNQSTAVLIFYWHMCP>
#	G	D	E	R	K	N	Q	S	T	A	V	L	I	F	Y	W	H	M	C	P
0	0.02114	0.22171	0.22320	0.01482	0.02157	0.04298	0.01543	0.02614	0.05102	0.22545	0.01967	0.03803	0.03270	0.00808	0.00640	0.00205	0.00788	0.00622	0.00518	0.01033
1	0.01019	0.00742	0.01057	0.01158	0.01274	0.00780	0.00913	0.01262	0.01371	0.01859	0.03090	0.24413	0.03368	0.03349	0.28579	0.00634	0.01074	0.22880	0.00551	0.00627
2	0.01028	0.00722	0.00935	0.00935	0.00990	0.00777	0.00629	0.01137	0.01082	0.01498	0.02099	0.03856	0.02240	0.44933	0.33189	0.00886	0.01215	0.00918	0.00410	0.00520
3	0.21295	0.01977	0.10073	0.01482	0.02076	0.01891	0.01337	0.38541	0.02494	0.09856	0.01583	0.01615	0.01117	0.00789	0.00643	0.00217	0.00743	0.00572	0.00613	0.01086
4	0.08260	0.07246	0.02117	0.01648	0.02122	0.29696	0.03212	0.24151	0.07283	0.05421	0.01490	0.01566	0.01131	0.00778	0.00653	0.00201	0.00952	0.00554	0.00526	0.00994
5	0.01587	0.08032	0.31449	0.02096	0.02834	0.07441	0.20660	0.02163	0.01598	0.02153	0.04063	0.02067	0.05753	0.00782	0.00796	0.00226	0.04301	0.00695	0.00364	0.00942
6	0.00958	0.00813	0.01113	0.01033	0.01243	0.00727	0.07332	0.01155	0.01520	0.01917	0.07909	0.23684	0.36974	0.08955	0.01132	0.00297	0.00490	0.01517	0.00614	0.00618
7	0.01943	0.01762	0.01965	0.01656	0.02109	0.06944	0.07880	0.11581	0.49370	0.03007	0.02473	0.02365	0.01853	0.00899	0.00729	0.00234	0.00707	0.00763	0.00660	0.01099
8	0.01662	0.11479	0.17176	0.02108	0.13422	0.06868	0.06858	0.05294	0.07826	0.02312	0.06757	0.09242	0.01898	0.00924	0.00755	0.00222	0.03009	0.00785	0.00449	0.00954
9	0.05658	0.09713	0.14509	0.16912	0.19094	0.01610	0.01752	0.02143	0.01531	0.07242	0.01403	0.01708	0.01081	0.00673	0.00635	0.00201	0.00807	0.00561	0.03930	0.08838
10	0.01176	0.00883	0.01284	0.01580	0.08353	0.00878	0.01194	0.01489	0.01605	0.02113	0.03545	0.15327	0.03873	0.01865	0.00947	0.00312	0.00646	0.51611	0.00626	0.00694
11	0.01555	0.01392	0.02226	0.17712	0.36278	0.01466	0.01757	0.06728	0.01660	0.02278	0.01926	0.15637	0.01879	0.01016	0.00756	0.00236	0.00775	0.03338	0.00441	0.00944

[dist]
# distance from previous block
# <min> <max>
0	3

[block]
# block no. 2 follows, 29 sequences, length 40
# corresponding to MSA columns:
# 87-126
name=unknown_C
#
# <colnr> <probs for GDERKNQSTAVLIFYWHMCP>
#	G	D	E	R	K	N	Q	S	T	A	V	L	I	F	Y	W	H	M	C	P
0	0.27532	0.01701	0.01577	0.01388	0.03344	0.08536	0.01086	0.20559	0.11948	0.04896	0.06938	0.02125	0.01707	0.00874	0.00637	0.00222	0.00683	0.02699	0.00591	0.00957
1	0.19595	0.04465	0.09564	0.01456	0.01965	0.15906	0.01280	0.18526	0.04542	0.06552	0.04048	0.01728	0.01315	0.00930	0.02912	0.00239	0.00852	0.00565	0.02610	0.00952
2	0.01746	0.01859	0.02314	0.09804	0.24352	0.17209	0.09266	0.02182	0.05491	0.02093	0.02132	0.09192	0.07392	0.00933	0.00740	0.00223	0.00896	0.00837	0.00430	0.00909
3	0.01000	0.00720	0.00929	0.00931	0.01020	0.00745	0.00648	0.01157	0.01272	0.01744	0.11701	0.08214	0.08573	0.30284	0.27183	0.00729	0.01032	0.01067	0.00493	0.00558
4	0.00920	0.00708	0.00785	0.00786	0.00941	0.00634	0.00548	0.01083	0.01537	0.01959	0.17440	0.10806	0.37730	0.19238	0.01510	0.00348	0.00438	0.01388	0.00629	0.00572
5	0.01124	0.00888	0.00990	0.00952	0.01189	0.00857	0.00729	0.05736	0.08446	0.02366	0.18293	0.08332	0.34791	0.05296	0.00976	0.00268	0.00447	0.06934	0.00683	0.00702
6	0.01499	0.03589	0.67430	0.02008	0.03033	0.01685	0.02560	0.05930	0.01606	0.02380	0.01302	0.01515	0.00919	0.00686	0.00679	0.00225	0.01037	0.00533	0.00324	0.01061
7	0.01780	0.01533	0.05122	0.01327	0.01865	0.01404	0.01111	0.07236	0.22989	0.07507	0.01904	0.01938	0.01454	0.00759	0.00719	0.00181	0.04440	0.00595	0.00558	0.35579
8	0.06418	0.01938	0.02054	0.01593	0.02148	0.02154	0.01312	0.61306	0.06966	0.04339	0.01742	0.01736	0.01244	0.00852	0.00700	0.00216	0.00760	0.00638	0.00700	0.01185
9	0.01005	0.00740	0.00991	0.01019	0.01131	0.00784	0.00759	0.01194	0.01247	0.01688	0.02969	0.08342	0.11037	0.19832	0.36159	0.00792	0.01221	0.08033	0.00473	0.00585
10	0.01288	0.00872	0.01048	0.00956	0.01184	0.00830	0.00719	0.05760	0.04661	0.08064	0.38183	0.07210	0.17035	0.07749	0.01059	0.00269	0.00433	0.01223	0.00728	0.00731
11	0.01459	0.01439	0.03591	0.01200	0.01522	0.10527	0.00943	0.03433	0.01458	0.01938	0.02196	0.02867	0.09635	0.15447	0.10018	0.00394	0.07616	0.00741	0.00434	0.23142
12	0.01260	0.00671	0.00676	0.00676	0.00841	0.00658	0.00499	0.01559	0.01484	0.02511	0.02849	0.03211	0.09281	0.04660	0.00692	0.00200	0.00353	0.00773	0.66500	0.00645
13	0.01581	0.03011	0.50464	0.08938	0.13010	0.01614	0.02405	0.02282	0.01547	0.06593	0.01383	0.01636	0.00994	0.00687	0.00686	0.00224	0.00984	0.00564	0.00347	0.01049
14	0.11427	0.21489	0.02449	0.05643	0.11216	0.28654	0.01388	0.02480	0.05438	0.02048	0.01199	0.01404	0.00999	0.00691	0.00586	0.00190	0.00945	0.00481	0.00375	0.00897
15	0.00868	0.00620	0.00826	0.00991	0.01033	0.00578	0.00661	0.00991	0.01363	0.01818	0.03925	0.74510	0.04710	0.02231	0.00909	0.00289	0.00413	0.02024	0.00661	0.00578
16	0.00869	0.00714	0.00765	0.00771	0.00983	0.00610	0.00571	0.01068	0.01660	0.02055	0.16424	0.12372	0.55097	0.01787	0.00847	0.00242	0.00361	0.01515	0.00680	0.00610
17	0.01618	0.27266	0.35005	0.01605	0.02354	0.05650	0.01828	0.02198	0.03876	0.02124	0.08729	0.01826	0.01584	0.00752	0.00621	0.00199	0.00873	0.00566	0.00373	0.00955
18	0.80005	0.01377	0.01047	0.00936	0.01377	0.01597	0.00771	0.02093	0.01212	0.03195	0.00991	0.01157	0.00771	0.00661	0.00441	0.00220	0.00551	0.00386	0.00441	0.00771
19	0.01345	0.01266	0.02136	0.73264	0.04904	0.01582	0.01978	0.01819	0.01424	0.01819	0.01266	0.01898	0.00949	0.00712	0.00712	0.00237	0.00949	0.00633	0.00316	0.00791
20	0.00907	0.00667	0.00855	0.00964	0.01064	0.00615	0.00685	0.01086	0.01517	0.02005	0.13628	0.48984	0.14885	0.02036	0.00895	0.00276	0.00415	0.07236	0.00678	0.00601
21	0.02707	0.01995	0.02137	0.01638	0.02208	0.02208	0.01353	0.68159	0.03348	0.04488	0.01710	0.01710	0.01211	0.00855	0.00712	0.00214	0.00784	0.00641	0.00712	0.01211
22	0.01033	0.00701	0.00832	0.00832	0.00852	0.00721	0.00501	0.01071	0.01052	0.01422	0.02193	0.04377	0.02466	0.64401	0.14031	0.00759	0.00875	0.00994	0.00424	0.00462
23	0.31333	0.01566	0.02190	0.15078	0.12781	0.03527	0.12805	0.02073	0.01401	0.02483	0.01168	0.01553	0.00929	0.00712	0.00779	0.00233	0.07580	0.00570	0.00377	0.00862
24	0.80005	0.01377	0.01047	0.00936	0.01377	0.01597	0.00771	0.02093	0.01212	0.03195	0.00991	0.01157	0.00771	0.00661	0.00441	0.00220	0.00551	0.00386	0.00441	0.00771
25	0.01158	0.00930	0.03842	0.01339	0.01537	0.00852	0.01204	0.01505	0.01634	0.02136	0.03674	0.07781	0.03975	0.01917	0.00972	0.00324	0.00671	0.63235	0.00642	0.00671
26	0.02660	0.03394	0.02018	0.01834	0.02201	0.72116	0.01376	0.02843	0.02018	0.01743	0.01101	0.01284	0.00917	0.00734	0.00642	0.00183	0.01284	0.00459	0.00367	0.00825
27	0.01477	0.01266	0.01477	0.01055	0.01687	0.00949	0.00844	0.01793	0.01477	0.02320	0.01266	0.01477	0.01055	0.00527	0.00527	0.00105	0.00527	0.00422	0.00422	0.79328
28	0.01554	0.15696	0.53068	0.01797	0.02705	0.01774	0.02217	0.02229	0.01543	0.04840	0.05178	0.01693	0.01266	0.00717	0.00650	0.00213	0.00945	0.00552	0.00351	0.01013
29	0.00906	0.00739	0.00805	0.00817	0.01023	0.00655	0.00601	0.01172	0.04386	0.02074	0.14903	0.17128	0.48699	0.01790	0.00847	0.00246	0.00374	0.01528	0.00680	0.00628
30	0.01428	0.03683	0.71286	0.02030	0.03082	0.01654	0.02631	0.02255	0.01503	0.02255	0.01278	0.01503	0.00902	0.00677	0.00677	0.00226	0.01052	0.00526	0.00301	0.01052
31	0.01529	0.01448	0.02452	0.37035	0.36639	0.01597	0.02028	0.01966	0.01517	0.02066	0.01403	0.04606	0.01180	0.00732	0.00716	0.00227	0.00879	0.00687	0.00347	0.00947
32	0.00891	0.00675	0.00898	0.00992	0.01084	0.00619	0.02448	0.01033	0.01405	0.01833	0.04363	0.58503	0.15784	0.04652	0.00990	0.00293	0.00435	0.01868	0.00645	0.00587
33	0.01063	0.00766	0.01047	0.01202	0.01340	0.00749	0.00997	0.01333	0.01571	0.02044	0.03989	0.24201	0.07722	0.02023	0.00958	0.00314	0.00581	0.46810	0.00657	0.00634
34	0.01742	0.05490	0.41949	0.01958	0.06475	0.01591	0.05269	0.04855	0.05057	0.11169	0.03829	0.01939	0.01355	0.03272	0.00792	0.00238	0.00910	0.00627	0.00438	0.01044
35	0.01606	0.01716	0.11409	0.01540	0.01935	0.10579	0.08846	0.04010	0.01665	0.09252	0.02905	0.26258	0.08461	0.01368	0.00842	0.00248	0.02775	0.03214	0.00552	0.00818
36	0.05350	0.15696	0.50162	0.04699	0.06242	0.01850	0.02250	0.02206	0.01482	0.02188	0.01217	0.01453	0.00911	0.00663	0.00630	0.00212	0.00964	0.00504	0.00311	0.01009
37	0.01516	0.03968	0.08295	0.04740	0.15860	0.03750	0.12330	0.04499	0.07293	0.02185	0.01844	0.08617	0.01651	0.01942	0.17793	0.00448	0.01125	0.00816	0.00427	0.00902
38	0.09327	0.04247	0.05250	0.05317	0.04386	0.10089	0.05134	0.02649	0.13478	0.17362	0.04982	0.02621	0.03955	0.04620	0.00844	0.00248	0.00753	0.03211	0.00580	0.00949
39	0.01863	0.04871	0.25248	0.08674	0.18089	0.03855	0.06944	0.02432	0.03380	0.13104	0.01561	0.01785	0.01142	0.00722	0.00751	0.00223	0.03270	0.00617	0.00424	0.01046

[dist]
# distance from previous block
# <min> <max>
2	14

[block]
# block no. 3 follows, 29 sequences, length 21
# corresponding to MSA columns:
# 142-162
name=unknown_D
#
# <colnr> <probs for GDERKNQSTAVLIFYWHMCP>
#	G	D	E	R	K	N	Q	S	T	A	V	L	I	F	Y	W	H	M	C	P
0	0.01684	0.01615	0.07365	0.07509	0.16647	0.05684	0.03268	0.06363	0.08173	0.06926	0.12223	0.06565	0.04616	0.01000	0.00743	0.00223	0.00723	0.03361	0.00544	0.04766
1	0.01706	0.04542	0.23112	0.17190	0.08912	0.13610	0.06189	0.02194	0.01605	0.05027	0.01560	0.08273	0.01330	0.00834	0.00708	0.00224	0.00976	0.00707	0.00382	0.00919
2	0.06533	0.03876	0.08245	0.04482	0.13462	0.03802	0.10246	0.05301	0.01659	0.07464	0.06221	0.06304	0.01682	0.00859	0.00833	0.00217	0.06924	0.00731	0.00462	0.10698
3	0.01777	0.06652	0.24943	0.05805	0.23391	0.04095	0.04013	0.07013	0.01738	0.06678	0.04051	0.03801	0.01378	0.00758	0.00695	0.00217	0.00888	0.00652	0.00416	0.01039
4	0.01561	0.03925	0.07918	0.04869	0.13635	0.07122	0.21883	0.02001	0.01635	0.02139	0.02101	0.08797	0.02036	0.01071	0.00813	0.00251	0.00929	0.15994	0.00444	0.00876
5	0.01553	0.09552	0.31838	0.06071	0.08943	0.01656	0.09136	0.04876	0.01590	0.02259	0.01452	0.06041	0.01210	0.00745	0.00676	0.00209	0.00903	0.00646	0.00367	0.10276
6	0.01789	0.01519	0.05344	0.02387	0.24980	0.01446	0.03310	0.02621	0.19579	0.10209	0.06798	0.02687	0.02040	0.00886	0.00722	0.00223	0.00682	0.04379	0.03985	0.04414
7	0.01761	0.53801	0.24079	0.01463	0.02205	0.02467	0.01644	0.02169	0.01464	0.01850	0.01077	0.01251	0.00910	0.00629	0.00523	0.00174	0.00849	0.00425	0.00303	0.00956
8	0.00952	0.00726	0.00874	0.00837	0.01029	0.00648	0.00628	0.01235	0.01883	0.02541	0.48898	0.05837	0.28175	0.01573	0.00840	0.00230	0.00344	0.01360	0.00742	0.00648
9	0.02477	0.01870	0.02010	0.01563	0.02116	0.02041	0.01279	0.53916	0.11882	0.04101	0.01828	0.01814	0.01324	0.00841	0.00698	0.00208	0.00732	0.00644	0.00689	0.07966
10	0.01891	0.62987	0.09052	0.01322	0.01947	0.05610	0.01336	0.02251	0.04717	0.01788	0.01109	0.01250	0.00973	0.00637	0.00495	0.00164	0.00798	0.00416	0.00327	0.00932
11	0.01692	0.02457	0.31299	0.01874	0.05300	0.08140	0.09059	0.02230	0.01700	0.10011	0.12011	0.02490	0.03990	0.03621	0.00836	0.00239	0.00891	0.00742	0.00469	0.00948
12	0.01577	0.20421	0.27511	0.02032	0.02795	0.01901	0.22423	0.02132	0.01535	0.02080	0.01574	0.01860	0.04379	0.00887	0.03676	0.00251	0.01029	0.00646	0.00341	0.00950
13	0.01106	0.00790	0.01100	0.01264	0.01409	0.00784	0.01075	0.01403	0.01598	0.02084	0.03793	0.17934	0.04189	0.02006	0.00972	0.00322	0.00620	0.56250	0.00656	0.00644
14	0.02706	0.01100	0.01483	0.01184	0.01648	0.00957	0.00959	0.02974	0.01974	0.56208	0.10273	0.07363	0.05746	0.01069	0.00747	0.00226	0.00554	0.00895	0.00847	0.01086
15	0.01798	0.03990	0.09288	0.13656	0.31646	0.07485	0.07020	0.04745	0.04535	0.04528	0.03532	0.01879	0.01291	0.00710	0.00707	0.00217	0.00905	0.00648	0.00402	0.01018
16	0.09983	0.01466	0.03257	0.14179	0.07419	0.08454	0.03280	0.01928	0.03033	0.05597	0.01595	0.02413	0.01439	0.17176	0.03887	0.00362	0.09234	0.00694	0.03835	0.00769
17	0.01097	0.00763	0.01085	0.01079	0.01189	0.00840	0.00806	0.03425	0.01250	0.01755	0.06167	0.09116	0.02269	0.07613	0.44605	0.13655	0.01375	0.00890	0.00432	0.00589
18	0.05303	0.01810	0.06218	0.04478	0.18009	0.09515	0.01491	0.10902	0.09679	0.08108	0.01994	0.04139	0.04410	0.01221	0.06245	0.00294	0.03973	0.00711	0.00509	0.00990
19	0.04908	0.04668	0.01916	0.01756	0.11091	0.04290	0.01243	0.18020	0.09451	0.23164	0.04619	0.05460	0.04344	0.00939	0.00709	0.00219	0.00680	0.00768	0.00674	0.01081
20	0.01545	0.01160	0.01332	0.01223	0.01463	0.06429	0.03666	0.06991	0.06838	0.08523	0.12390	0.20211	0.03300	0.09656	0.03883	0.00328	0.00659	0.05240	0.04393	0.00770

[dist]
# distance from previous block
# <min> <max>
20	58

# created by:
# /home/cegg/simao/soft/augustus-3.2.1/scripts/msa2prfl.pl ./align_prep/EOG090W0R2X.fa
