[name]
unknown

[dist]
# distance from previous block
# <min> <max>
0	23

[block]
# block no. 0 follows, 32 sequences, length 16
# corresponding to MSA columns:
# 25-40
name=unknown_A
#
# <colnr> <probs for GDERKNQSTAVLIFYWHMCP>
#	G	D	E	R	K	N	Q	S	T	A	V	L	I	F	Y	W	H	M	C	P
0	0.01144	0.00862	0.01260	0.01549	0.09099	0.00862	0.01188	0.01463	0.01543	0.02028	0.03303	0.06926	0.03557	0.01717	0.00898	0.00297	0.00637	0.60413	0.00587	0.00666
1	0.01000	0.00670	0.00832	0.00832	0.00888	0.00708	0.00553	0.01111	0.01056	0.01514	0.02020	0.03620	0.02116	0.45182	0.25765	0.00735	0.00983	0.00855	0.09069	0.00492
2	0.01742	0.01298	0.01568	0.01197	0.01676	0.01215	0.00971	0.11147	0.01643	0.11088	0.01466	0.03920	0.01191	0.00724	0.00788	0.00159	0.10778	0.00534	0.00481	0.46414
3	0.01591	0.01280	0.01889	0.01645	0.05002	0.01311	0.14348	0.14980	0.11519	0.06231	0.06073	0.21487	0.02522	0.01278	0.02542	0.00255	0.00688	0.03912	0.00583	0.00864
4	0.02359	0.01749	0.01869	0.01450	0.01953	0.01916	0.01192	0.62484	0.02978	0.03966	0.02175	0.02138	0.08848	0.00903	0.00684	0.00204	0.00695	0.00692	0.00666	0.01079
5	0.02217	0.01713	0.01826	0.01476	0.01954	0.01925	0.01195	0.44828	0.28867	0.03690	0.02035	0.01949	0.01485	0.00845	0.00676	0.00211	0.00660	0.00663	0.00676	0.01111
6	0.01584	0.01810	0.03959	0.02828	0.03507	0.01697	0.69796	0.02149	0.01584	0.02149	0.01357	0.01810	0.01018	0.00566	0.00792	0.00226	0.01131	0.00792	0.00339	0.00905
7	0.01512	0.01400	0.02348	0.18039	0.50414	0.01459	0.01846	0.01900	0.01470	0.02090	0.01432	0.05614	0.01245	0.00702	0.00664	0.00205	0.00766	0.00668	0.05281	0.00945
8	0.01567	0.01507	0.02573	0.20169	0.50102	0.01579	0.05503	0.02049	0.04464	0.02106	0.01314	0.01734	0.01064	0.00626	0.00673	0.00207	0.00826	0.00614	0.00340	0.00982
9	0.01482	0.01398	0.01424	0.01291	0.01430	0.14088	0.00986	0.06773	0.01358	0.01758	0.01525	0.02439	0.01488	0.19283	0.20899	0.00550	0.17847	0.00686	0.02638	0.00659
10	0.01166	0.00583	0.00874	0.00874	0.00874	0.00583	0.00583	0.00874	0.00874	0.01166	0.01166	0.02040	0.01166	0.02331	0.02622	0.80478	0.00583	0.00583	0.00291	0.00291
11	0.01369	0.01103	0.01269	0.01250	0.01519	0.01205	0.01011	0.04760	0.33776	0.02424	0.03331	0.09400	0.07542	0.01385	0.00791	0.00260	0.00548	0.25571	0.00650	0.00834
12	0.00974	0.00656	0.00760	0.00760	0.00769	0.00666	0.00441	0.00994	0.00984	0.01322	0.02089	0.04251	0.02379	0.70716	0.09035	0.00685	0.00742	0.00955	0.00403	0.00422
13	0.02144	0.01791	0.02016	0.13462	0.15347	0.13038	0.01449	0.26026	0.02173	0.09533	0.03402	0.01765	0.01249	0.00745	0.00658	0.00200	0.00810	0.00598	0.02613	0.00980
14	0.02087	0.45739	0.02802	0.01306	0.01819	0.14964	0.01168	0.08846	0.05886	0.07864	0.01268	0.01338	0.01027	0.00659	0.00520	0.00165	0.00783	0.00446	0.00404	0.00909
15	0.01385	0.09509	0.64198	0.01811	0.02751	0.01623	0.02299	0.02097	0.01411	0.02082	0.01181	0.01387	0.00857	0.00626	0.00614	0.00202	0.00948	0.00480	0.00288	0.04249

[dist]
# distance from previous block
# <min> <max>
0	1

[block]
# block no. 1 follows, 32 sequences, length 21
# corresponding to MSA columns:
# 42-62
name=unknown_B
#
# <colnr> <probs for GDERKNQSTAVLIFYWHMCP>
#	G	D	E	R	K	N	Q	S	T	A	V	L	I	F	Y	W	H	M	C	P
0	0.01524	0.25204	0.39429	0.01851	0.02660	0.01913	0.14428	0.02095	0.01431	0.01965	0.01151	0.01387	0.00884	0.00605	0.00604	0.00194	0.00935	0.00509	0.00295	0.00937
1	0.00814	0.00597	0.00765	0.00899	0.00964	0.00548	0.00607	0.00938	0.01319	0.01727	0.04129	0.66323	0.13818	0.02046	0.00848	0.00266	0.00382	0.01839	0.00623	0.00548
2	0.01964	0.01712	0.06778	0.01601	0.02082	0.11228	0.13735	0.04165	0.15188	0.19118	0.02593	0.02709	0.09526	0.00905	0.00709	0.00217	0.00762	0.03500	0.00572	0.00936
3	0.01727	0.04405	0.14630	0.18703	0.11381	0.06710	0.03879	0.04910	0.12667	0.09534	0.01769	0.01941	0.03310	0.00741	0.00661	0.00211	0.00810	0.00624	0.00445	0.00941
4	0.01008	0.00751	0.00977	0.03665	0.01201	0.00783	0.00738	0.05702	0.01359	0.01827	0.03079	0.53886	0.03586	0.10444	0.03588	0.00336	0.04359	0.01559	0.00564	0.00589
5	0.01267	0.01193	0.02013	0.74806	0.04621	0.01491	0.01863	0.01714	0.01342	0.01714	0.01193	0.01789	0.00894	0.00671	0.00671	0.00224	0.00894	0.00596	0.00298	0.00745
6	0.01210	0.01967	0.31855	0.01479	0.04024	0.01156	0.01523	0.04962	0.01593	0.02284	0.20852	0.14379	0.02966	0.01255	0.03486	0.00255	0.02521	0.00935	0.00485	0.00811
7	0.01763	0.02092	0.24747	0.04862	0.29107	0.01475	0.04391	0.05306	0.01614	0.13027	0.01561	0.04367	0.01205	0.00711	0.00669	0.00209	0.00822	0.00632	0.00418	0.01022
8	0.02118	0.01454	0.02217	0.04187	0.02266	0.01522	0.17081	0.07593	0.15984	0.25714	0.02019	0.02051	0.01430	0.00822	0.00896	0.00227	0.10124	0.00700	0.00589	0.01006
9	0.02506	0.03198	0.01901	0.01729	0.02074	0.73725	0.01296	0.02679	0.01901	0.01642	0.01037	0.01210	0.00864	0.00691	0.00605	0.00173	0.01210	0.00432	0.00346	0.00778
10	0.01772	0.01140	0.01725	0.08291	0.06461	0.01145	0.08312	0.04972	0.07896	0.21671	0.06427	0.14006	0.02216	0.01489	0.09002	0.00321	0.00773	0.00912	0.00586	0.00882
11	0.01730	0.07792	0.17070	0.07001	0.29306	0.11930	0.03564	0.02140	0.01526	0.05413	0.01305	0.01691	0.01067	0.04725	0.00785	0.00221	0.00886	0.00564	0.00347	0.00937
12	0.01012	0.00745	0.00969	0.00943	0.00986	0.00838	0.00651	0.01110	0.01017	0.01419	0.01896	0.03517	0.02035	0.44631	0.28247	0.00771	0.07479	0.00851	0.00380	0.00503
13	0.00823	0.00683	0.00730	0.00723	0.00935	0.00590	0.00544	0.01016	0.01554	0.01914	0.15093	0.06061	0.59530	0.01836	0.04731	0.00271	0.00415	0.01352	0.00624	0.00577
14	0.02068	0.06735	0.20524	0.01704	0.07125	0.05228	0.05471	0.05686	0.01705	0.26974	0.01948	0.08610	0.01506	0.00840	0.00668	0.00209	0.00764	0.00706	0.00536	0.00991
15	0.01674	0.01554	0.04846	0.17113	0.38347	0.01566	0.04346	0.07723	0.06495	0.05161	0.01512	0.04008	0.01223	0.00706	0.00677	0.00210	0.00790	0.00656	0.00406	0.00987
16	0.01366	0.01328	0.01996	0.01688	0.01772	0.01736	0.07821	0.01558	0.01086	0.01637	0.01152	0.01875	0.01121	0.06528	0.13647	0.00436	0.51578	0.00653	0.00316	0.00708
17	0.58965	0.01692	0.09318	0.01130	0.01594	0.05472	0.01027	0.06342	0.01337	0.02846	0.01011	0.01185	0.00782	0.00667	0.00554	0.00210	0.04265	0.00408	0.00407	0.00786
18	0.06147	0.01666	0.08155	0.04525	0.05236	0.06012	0.03140	0.12453	0.09500	0.29607	0.03602	0.01989	0.01474	0.00796	0.00697	0.00210	0.02508	0.00634	0.00618	0.01028
19	0.04970	0.06959	0.10150	0.05306	0.04320	0.20190	0.05985	0.03631	0.01503	0.04428	0.01479	0.01750	0.05442	0.00859	0.01034	0.00220	0.20009	0.00584	0.00364	0.00818
20	0.01227	0.03915	0.01102	0.01043	0.01252	0.00790	0.00856	0.01475	0.01581	0.10017	0.12051	0.16383	0.15225	0.01638	0.00829	0.00260	0.00500	0.28542	0.00644	0.00670

[dist]
# distance from previous block
# <min> <max>
1	4

[block]
# block no. 2 follows, 32 sequences, length 136
# corresponding to MSA columns:
# 85-149,158-228
name=unknown_C
#
# <colnr> <probs for GDERKNQSTAVLIFYWHMCP>
#	G	D	E	R	K	N	Q	S	T	A	V	L	I	F	Y	W	H	M	C	P
0	0.04168	0.11943	0.31119	0.04245	0.06931	0.01584	0.07413	0.04925	0.01492	0.05528	0.01347	0.01604	0.01030	0.00947	0.05752	0.00257	0.00911	0.00538	0.03795	0.04472
1	0.01829	0.04510	0.13842	0.02273	0.06626	0.04970	0.33757	0.06730	0.01700	0.11757	0.01579	0.04542	0.01206	0.00694	0.00719	0.00215	0.00952	0.00718	0.00428	0.00954
2	0.01411	0.01170	0.01927	0.37254	0.13469	0.01276	0.05777	0.01785	0.01477	0.08363	0.05151	0.07382	0.08932	0.00902	0.00708	0.00222	0.00748	0.00816	0.00429	0.00802
3	0.03559	0.07767	0.27940	0.05112	0.04394	0.03839	0.07908	0.02024	0.01427	0.09740	0.01563	0.02106	0.01278	0.06662	0.09103	0.00340	0.00975	0.03007	0.00386	0.00867
4	0.01913	0.05560	0.27482	0.09176	0.06479	0.08958	0.06633	0.04615	0.03329	0.17131	0.01546	0.01677	0.01091	0.00690	0.00651	0.00206	0.00883	0.00568	0.00437	0.00976
5	0.01297	0.00935	0.01205	0.01093	0.01185	0.01080	0.00808	0.01478	0.03796	0.08081	0.05008	0.03315	0.04851	0.33546	0.11025	0.00523	0.18868	0.00842	0.00446	0.00618
6	0.00985	0.00662	0.00764	0.00778	0.00792	0.00662	0.00468	0.01014	0.01028	0.01366	0.02246	0.04682	0.02570	0.69592	0.03187	0.00619	0.00648	0.07086	0.00426	0.00426
7	0.00818	0.00584	0.00779	0.00934	0.00973	0.00545	0.00623	0.00934	0.01285	0.01713	0.03698	0.75981	0.04438	0.02102	0.00856	0.00273	0.00389	0.01908	0.00623	0.00545
8	0.02202	0.04482	0.01873	0.01469	0.01932	0.06566	0.01188	0.41200	0.23134	0.03462	0.01950	0.04244	0.01490	0.00863	0.00668	0.00208	0.00695	0.00672	0.00638	0.01065
9	0.01929	0.05030	0.01628	0.01168	0.01654	0.01225	0.00960	0.10886	0.01763	0.19804	0.07535	0.01936	0.01613	0.00749	0.00715	0.00166	0.06260	0.00574	0.00555	0.33851
10	0.02040	0.19720	0.10395	0.01360	0.01879	0.08230	0.01252	0.14760	0.07029	0.14688	0.04040	0.01910	0.03197	0.01048	0.05343	0.00247	0.00805	0.00589	0.00515	0.00952
11	0.01387	0.10167	0.66604	0.01843	0.02796	0.01658	0.02358	0.02114	0.01412	0.02075	0.01179	0.01386	0.00851	0.00632	0.00619	0.00206	0.00967	0.00483	0.00284	0.00980
12	0.01346	0.03471	0.72942	0.01912	0.02904	0.01558	0.02479	0.02125	0.01417	0.02125	0.01204	0.01417	0.00850	0.00637	0.00637	0.00212	0.00992	0.00496	0.00283	0.00992
13	0.01492	0.01345	0.02112	0.53150	0.13490	0.01600	0.01801	0.10442	0.01587	0.02096	0.01244	0.01737	0.00948	0.00696	0.00725	0.00220	0.03528	0.00597	0.00350	0.00839
14	0.01091	0.00831	0.01017	0.01008	0.01199	0.00813	0.02383	0.04634	0.10100	0.03975	0.08271	0.35835	0.20954	0.01670	0.00802	0.00247	0.00436	0.03422	0.00638	0.00674
15	0.00837	0.00596	0.00791	0.00940	0.00982	0.00561	0.00635	0.00958	0.01283	0.01709	0.03621	0.69509	0.04321	0.05405	0.00974	0.00291	0.00412	0.05021	0.00613	0.00542
16	0.00936	0.00737	0.01093	0.05653	0.01369	0.00729	0.04522	0.01146	0.01442	0.01964	0.19340	0.48580	0.04376	0.01732	0.00863	0.00253	0.02492	0.01565	0.00605	0.00603
17	0.01433	0.01365	0.02300	0.43455	0.31676	0.01555	0.01926	0.01849	0.01404	0.01902	0.01208	0.01724	0.00962	0.00662	0.00730	0.00217	0.03851	0.00597	0.00312	0.00872
18	0.01407	0.01393	0.02637	0.11766	0.02748	0.01412	0.35528	0.04477	0.01420	0.01915	0.01533	0.02498	0.01394	0.21626	0.01564	0.00346	0.04428	0.00799	0.00364	0.00747
19	0.00959	0.00716	0.01064	0.01064	0.01178	0.00831	0.00820	0.01189	0.01074	0.01547	0.01811	0.02711	0.01710	0.08072	0.70765	0.01060	0.01748	0.00730	0.00361	0.00591
20	0.01346	0.03471	0.72942	0.01912	0.02904	0.01558	0.02479	0.02125	0.01417	0.02125	0.01204	0.01417	0.00850	0.00637	0.00637	0.00212	0.00992	0.00496	0.00283	0.00992
21	0.01087	0.00878	0.00955	0.00988	0.01145	0.03862	0.00708	0.07707	0.04654	0.02021	0.04039	0.46824	0.19033	0.01775	0.00806	0.00249	0.00453	0.01559	0.00618	0.00640
22	0.01453	0.01542	0.02968	0.05757	0.02782	0.01667	0.38954	0.01857	0.01355	0.01906	0.01281	0.01829	0.01064	0.01336	0.11004	0.00359	0.21029	0.00718	0.00328	0.00810
23	0.00842	0.00601	0.00806	0.00962	0.01011	0.00566	0.00665	0.00976	0.01308	0.01740	0.03685	0.69718	0.04385	0.02079	0.00863	0.00276	0.00410	0.07932	0.00622	0.00552
24	0.01496	0.01384	0.02067	0.45621	0.19464	0.06372	0.01742	0.01886	0.01453	0.04899	0.03617	0.01935	0.01195	0.03233	0.00761	0.00228	0.00853	0.00622	0.00350	0.00822
25	0.01611	0.46865	0.31870	0.01460	0.02205	0.02207	0.01692	0.02056	0.01385	0.01802	0.01044	0.01215	0.00857	0.00600	0.00515	0.00172	0.00830	0.00415	0.00286	0.00914
26	0.00961	0.00644	0.00736	0.00750	0.00754	0.00641	0.00426	0.00972	0.01004	0.01339	0.02259	0.10945	0.02622	0.69615	0.03181	0.00616	0.00627	0.01061	0.00426	0.00419
27	0.01251	0.00625	0.00625	0.00625	0.00782	0.00625	0.00469	0.01563	0.01407	0.02502	0.02189	0.02502	0.01720	0.00782	0.00469	0.00156	0.00313	0.00625	0.80144	0.00625
28	0.04927	0.01415	0.02353	0.33333	0.41096	0.01547	0.01920	0.01912	0.01434	0.02029	0.01219	0.01689	0.00978	0.00629	0.00656	0.00210	0.00826	0.00587	0.00322	0.00917
29	0.01309	0.01236	0.02089	0.67239	0.11860	0.01502	0.01884	0.01751	0.01362	0.01766	0.01200	0.01775	0.00912	0.00663	0.00670	0.00221	0.00884	0.00596	0.00302	0.00779
30	0.00976	0.00651	0.00732	0.00732	0.00732	0.00651	0.00407	0.00976	0.00976	0.01301	0.02114	0.04391	0.02439	0.76419	0.03415	0.00651	0.00651	0.00976	0.00407	0.00407
31	0.01805	0.07946	0.19772	0.01839	0.02447	0.08150	0.15356	0.13577	0.10827	0.04108	0.03419	0.01746	0.01260	0.00734	0.00733	0.00210	0.04048	0.00619	0.00442	0.00962
32	0.01391	0.01193	0.01391	0.00994	0.01590	0.00894	0.00795	0.01690	0.01391	0.02186	0.01193	0.01391	0.00994	0.00497	0.00497	0.00099	0.00497	0.00398	0.00398	0.80521
33	0.01432	0.01215	0.01406	0.01046	0.01608	0.00981	0.00839	0.03581	0.06889	0.02281	0.01408	0.01706	0.01183	0.00586	0.00531	0.00120	0.00510	0.02847	0.00435	0.69397
34	0.01081	0.00772	0.01081	0.01236	0.01390	0.00772	0.01081	0.01390	0.01545	0.02008	0.03553	0.07569	0.03862	0.01854	0.00927	0.00309	0.00618	0.67717	0.00618	0.00618
35	0.01405	0.01205	0.01397	0.01012	0.01598	0.00932	0.00808	0.01779	0.04729	0.02216	0.01266	0.01445	0.01044	0.00517	0.00506	0.00106	0.00499	0.00415	0.00411	0.76712
36	0.01474	0.01403	0.02386	0.37719	0.40095	0.01545	0.01966	0.01895	0.01439	0.01965	0.01229	0.01722	0.00983	0.00633	0.00667	0.00211	0.00843	0.00597	0.00316	0.00912
37	0.09432	0.01096	0.01253	0.01050	0.01408	0.01121	0.00843	0.13796	0.03812	0.19367	0.01985	0.02121	0.01476	0.01378	0.11026	0.00312	0.00695	0.00613	0.21965	0.05252
38	0.01185	0.00933	0.01100	0.01014	0.01245	0.00971	0.00773	0.02017	0.24475	0.02729	0.49295	0.04193	0.04932	0.01221	0.00756	0.00216	0.00387	0.01065	0.00720	0.00773
39	0.01087	0.00770	0.00902	0.00843	0.01065	0.00704	0.00639	0.03906	0.03444	0.06722	0.33653	0.08570	0.32243	0.01472	0.00781	0.00220	0.00366	0.01260	0.00688	0.00663
40	0.60693	0.01257	0.01136	0.00964	0.01406	0.01369	0.00795	0.02312	0.01346	0.21261	0.01383	0.01403	0.00971	0.00677	0.00483	0.00208	0.00533	0.00445	0.00524	0.00835
41	0.01669	0.01441	0.01517	0.01365	0.01745	0.01669	0.01062	0.03565	0.71021	0.02807	0.02731	0.02503	0.02048	0.00910	0.00683	0.00228	0.00531	0.00759	0.00683	0.01062
42	0.02982	0.01188	0.01586	0.01216	0.01736	0.01055	0.01004	0.07437	0.01998	0.68422	0.02582	0.02242	0.01628	0.00829	0.00675	0.00207	0.00581	0.00670	0.00821	0.01142
43	0.00922	0.00635	0.00740	0.00781	0.00807	0.00617	0.00470	0.00964	0.01095	0.01444	0.02851	0.23282	0.07745	0.51816	0.02565	0.00522	0.00561	0.01250	0.00478	0.00454
44	0.01504	0.01533	0.02113	0.01796	0.01829	0.04289	0.03710	0.01666	0.01073	0.01633	0.00901	0.01471	0.00885	0.01139	0.02106	0.00288	0.70437	0.00589	0.00297	0.00741
45	0.00959	0.00719	0.01078	0.01078	0.01198	0.00839	0.00839	0.01198	0.01078	0.01558	0.01797	0.02636	0.01677	0.05032	0.73760	0.01078	0.01797	0.00719	0.00359	0.00599
46	0.00976	0.00651	0.00732	0.00732	0.00732	0.00651	0.00407	0.00976	0.00976	0.01301	0.02114	0.04391	0.02439	0.76419	0.03415	0.00651	0.00651	0.00976	0.00407	0.00407
47	0.01661	0.01594	0.02724	0.04119	0.72233	0.01594	0.02059	0.02059	0.01528	0.02192	0.01262	0.01661	0.01063	0.00598	0.00664	0.00199	0.00797	0.00598	0.00332	0.01063
48	0.01267	0.01193	0.02013	0.74806	0.04621	0.01491	0.01863	0.01714	0.01342	0.01714	0.01193	0.01789	0.00894	0.00671	0.00671	0.00224	0.00894	0.00596	0.00298	0.00745
49	0.00976	0.00651	0.00732	0.00732	0.00732	0.00651	0.00407	0.00976	0.00976	0.01301	0.02114	0.04391	0.02439	0.76419	0.03415	0.00651	0.00651	0.00976	0.00407	0.00407
50	0.00959	0.00716	0.01066	0.01066	0.01181	0.00832	0.00823	0.01190	0.01075	0.01548	0.01809	0.02699	0.01705	0.07595	0.71235	0.01063	0.01756	0.00728	0.00361	0.00592
51	0.00821	0.00597	0.00774	0.00908	0.00968	0.00550	0.00613	0.00950	0.01332	0.01761	0.06728	0.66827	0.10626	0.02036	0.00848	0.00266	0.00382	0.01835	0.00628	0.00550
52	0.03763	0.01754	0.01718	0.18715	0.02363	0.23953	0.01318	0.01870	0.01385	0.01660	0.01239	0.01807	0.01098	0.04703	0.15794	0.00410	0.14831	0.00577	0.00332	0.00710
53	0.02506	0.03198	0.01901	0.01729	0.02074	0.73725	0.01296	0.02679	0.01901	0.01642	0.01037	0.01210	0.00864	0.00691	0.00605	0.00173	0.01210	0.00432	0.00346	0.00778
54	0.02455	0.01832	0.01960	0.01524	0.02044	0.02036	0.01252	0.62790	0.10517	0.04075	0.01732	0.01708	0.01239	0.00817	0.00672	0.00204	0.00716	0.00621	0.00672	0.01133
55	0.01321	0.00992	0.01183	0.01008	0.01316	0.00949	0.00783	0.08521	0.09676	0.04554	0.42761	0.03677	0.04263	0.01094	0.00712	0.00192	0.00421	0.00943	0.00667	0.14965
56	0.01081	0.00772	0.01081	0.01236	0.01390	0.00772	0.01081	0.01390	0.01545	0.02008	0.03553	0.07569	0.03862	0.01854	0.00927	0.00309	0.00618	0.67717	0.00618	0.00618
57	0.01924	0.59654	0.05351	0.01289	0.01830	0.16990	0.01220	0.02148	0.01474	0.01608	0.00962	0.01114	0.00861	0.00600	0.00472	0.00152	0.00826	0.00378	0.00299	0.00848
58	0.00983	0.00755	0.01125	0.01111	0.01225	0.00897	0.00869	0.01218	0.01076	0.01560	0.01753	0.02580	0.01639	0.04847	0.70330	0.01041	0.05315	0.00713	0.00356	0.00606
59	0.01468	0.01468	0.02055	0.01762	0.01762	0.02055	0.01468	0.01615	0.01028	0.01615	0.00881	0.01468	0.00881	0.01174	0.02202	0.00294	0.75191	0.00587	0.00294	0.00734
60	0.01391	0.01193	0.01391	0.00994	0.01590	0.00894	0.00795	0.01690	0.01391	0.02186	0.01193	0.01391	0.00994	0.00497	0.00497	0.00099	0.00497	0.00398	0.00398	0.80521
61	0.01661	0.01594	0.02724	0.04119	0.72233	0.01594	0.02059	0.02059	0.01528	0.02192	0.01262	0.01661	0.01063	0.00598	0.00664	0.00199	0.00797	0.00598	0.00332	0.01063
62	0.01346	0.03471	0.72942	0.01912	0.02904	0.01558	0.02479	0.02125	0.01417	0.02125	0.01204	0.01417	0.00850	0.00637	0.00637	0.00212	0.00992	0.00496	0.00283	0.00992
63	0.00793	0.00680	0.00680	0.00680	0.00906	0.00566	0.00510	0.00963	0.01529	0.01813	0.06797	0.06457	0.71961	0.01699	0.00793	0.00227	0.00340	0.01416	0.00623	0.00566
64	0.00841	0.00601	0.00806	0.00962	0.01011	0.00566	0.00664	0.00976	0.01308	0.01740	0.03685	0.69789	0.04386	0.02080	0.00863	0.00276	0.00410	0.07864	0.00622	0.00552
65	0.01806	0.00875	0.01171	0.00989	0.01298	0.00780	0.00780	0.02099	0.01908	0.31778	0.43114	0.03879	0.04391	0.01147	0.00743	0.00210	0.00422	0.00990	0.00777	0.00845
66	0.01669	0.01441	0.01517	0.01365	0.01745	0.01669	0.01062	0.03565	0.71021	0.02807	0.02731	0.02503	0.02048	0.00910	0.00683	0.00228	0.00531	0.00759	0.00683	0.01062
67	0.01251	0.00625	0.00625	0.00625	0.00782	0.00625	0.00469	0.01563	0.01407	0.02502	0.02189	0.02502	0.01720	0.00782	0.00469	0.00156	0.00313	0.00625	0.80144	0.00625
68	0.00935	0.00685	0.00877	0.00829	0.00994	0.00627	0.00622	0.01239	0.01866	0.02611	0.65988	0.05143	0.12272	0.01401	0.00792	0.00212	0.00319	0.01232	0.00728	0.00627
69	0.00960	0.00711	0.01040	0.01040	0.01147	0.00818	0.00791	0.01174	0.01067	0.01529	0.01832	0.02828	0.01761	0.12861	0.66045	0.01031	0.01672	0.00747	0.00365	0.00578
70	0.00832	0.00595	0.00792	0.00924	0.00976	0.00555	0.00624	0.00971	0.01352	0.01820	0.11175	0.68198	0.04645	0.02022	0.00849	0.00266	0.00381	0.01831	0.00636	0.00555
71	0.05111	0.01208	0.01580	0.01215	0.01732	0.01092	0.01003	0.08812	0.02002	0.65068	0.02514	0.02195	0.01592	0.00823	0.00667	0.00207	0.00584	0.00660	0.00806	0.01130
72	0.01424	0.00713	0.00747	0.00703	0.00900	0.00712	0.00538	0.04592	0.01516	0.07290	0.02195	0.02449	0.01691	0.00786	0.00491	0.00162	0.00348	0.00628	0.71433	0.00682
73	0.01661	0.01594	0.02724	0.04119	0.72233	0.01594	0.02059	0.02059	0.01528	0.02192	0.01262	0.01661	0.01063	0.00598	0.00664	0.00199	0.00797	0.00598	0.00332	0.01063
74	0.00943	0.00686	0.00888	0.00837	0.00998	0.00630	0.00628	0.01253	0.01883	0.02653	0.69072	0.05074	0.09162	0.01386	0.00791	0.00212	0.00318	0.01222	0.00734	0.00630
75	0.01346	0.03471	0.72942	0.01912	0.02904	0.01558	0.02479	0.02125	0.01417	0.02125	0.01204	0.01417	0.00850	0.00637	0.00637	0.00212	0.00992	0.00496	0.00283	0.00992
76	0.01346	0.03471	0.72942	0.01912	0.02904	0.01558	0.02479	0.02125	0.01417	0.02125	0.01204	0.01417	0.00850	0.00637	0.00637	0.00212	0.00992	0.00496	0.00283	0.00992
77	0.00976	0.00651	0.00732	0.00732	0.00732	0.00651	0.00407	0.00976	0.00976	0.01301	0.02114	0.04391	0.02439	0.76419	0.03415	0.00651	0.00651	0.00976	0.00407	0.00407
78	0.02506	0.03198	0.01901	0.01729	0.02074	0.73725	0.01296	0.02679	0.01901	0.01642	0.01037	0.01210	0.00864	0.00691	0.00605	0.00173	0.01210	0.00432	0.00346	0.00778
79	0.00944	0.00686	0.00889	0.00838	0.00999	0.00631	0.00628	0.01255	0.01885	0.02658	0.69420	0.05067	0.08811	0.01384	0.00791	0.00212	0.00317	0.01221	0.00734	0.00631
80	0.02551	0.01879	0.02014	0.01544	0.02081	0.02081	0.01275	0.69996	0.03155	0.04229	0.01611	0.01611	0.01141	0.00805	0.00671	0.00201	0.00738	0.00604	0.00671	0.01141
81	0.00793	0.00680	0.00680	0.00680	0.00906	0.00566	0.00510	0.00963	0.01529	0.01813	0.06797	0.06457	0.71961	0.01699	0.00793	0.00227	0.00340	0.01416	0.00623	0.00566
82	0.16871	0.01672	0.01848	0.01503	0.01936	0.11277	0.11372	0.21550	0.01981	0.04736	0.01964	0.02438	0.06410	0.00978	0.02380	0.00234	0.00790	0.06636	0.02560	0.00864
83	0.01584	0.01810	0.03959	0.02828	0.03507	0.01697	0.69796	0.02149	0.01584	0.02149	0.01357	0.01810	0.01018	0.00566	0.00792	0.00226	0.01131	0.00792	0.00339	0.00905
84	0.00976	0.00651	0.00732	0.00732	0.00732	0.00651	0.00407	0.00976	0.00976	0.01301	0.02114	0.04391	0.02439	0.76419	0.03415	0.00651	0.00651	0.00976	0.00407	0.00407
85	0.00945	0.00683	0.00893	0.00847	0.01001	0.00630	0.00633	0.01256	0.01880	0.02660	0.69710	0.07270	0.06271	0.01395	0.00793	0.00213	0.00319	0.01236	0.00735	0.00630
86	0.10313	0.01476	0.01599	0.01268	0.01760	0.09152	0.01032	0.11586	0.02002	0.49566	0.02176	0.01967	0.01419	0.00792	0.00642	0.00203	0.00657	0.00610	0.00718	0.01062
87	0.02506	0.03198	0.01901	0.01729	0.02074	0.73725	0.01296	0.02679	0.01901	0.01642	0.01037	0.01210	0.00864	0.00691	0.00605	0.00173	0.01210	0.00432	0.00346	0.00778
88	0.00811	0.00673	0.00710	0.00716	0.00921	0.00572	0.00531	0.00993	0.01550	0.01897	0.13401	0.11505	0.60018	0.01695	0.00798	0.00228	0.00341	0.01432	0.00635	0.00572
89	0.01604	0.01524	0.02589	0.08375	0.64123	0.01543	0.01993	0.02001	0.01517	0.02152	0.01383	0.01993	0.01206	0.00671	0.00679	0.00207	0.00793	0.04281	0.00346	0.01019
90	0.81159	0.01298	0.00986	0.00882	0.01298	0.01505	0.00727	0.01972	0.01142	0.03010	0.00934	0.01090	0.00727	0.00623	0.00415	0.00208	0.00519	0.00363	0.00415	0.00727
91	0.01794	0.76823	0.03516	0.01148	0.01722	0.02655	0.01148	0.02009	0.01363	0.01579	0.00933	0.01076	0.00861	0.00574	0.00431	0.00144	0.00718	0.00359	0.00287	0.00861
92	0.01267	0.01193	0.02013	0.74806	0.04621	0.01491	0.01863	0.01714	0.01342	0.01714	0.01193	0.01789	0.00894	0.00671	0.00671	0.00224	0.00894	0.00596	0.00298	0.00745
93	0.07591	0.06550	0.41536	0.01708	0.02434	0.19124	0.01888	0.05659	0.01613	0.02170	0.03092	0.01435	0.01010	0.00675	0.00609	0.00199	0.00965	0.00489	0.00341	0.00912
94	0.01661	0.01594	0.02724	0.04119	0.72233	0.01594	0.02059	0.02059	0.01528	0.02192	0.01262	0.01661	0.01063	0.00598	0.00664	0.00199	0.00797	0.00598	0.00332	0.01063
95	0.03010	0.01142	0.01557	0.01194	0.01713	0.00986	0.00986	0.03270	0.01920	0.72698	0.02647	0.02284	0.01661	0.00830	0.00675	0.00208	0.00571	0.00675	0.00830	0.01142
96	0.02070	0.01473	0.01656	0.01404	0.01820	0.01605	0.01157	0.33421	0.19024	0.09686	0.02385	0.03145	0.01981	0.01054	0.00728	0.00231	0.00648	0.14822	0.00677	0.01012
97	0.01773	0.73379	0.06776	0.01184	0.01778	0.02604	0.01211	0.02015	0.01366	0.01604	0.00946	0.01092	0.00861	0.00577	0.00440	0.00147	0.00730	0.00365	0.00287	0.00867
98	0.00793	0.00680	0.00680	0.00680	0.00906	0.00566	0.00510	0.00963	0.01529	0.01813	0.06797	0.06457	0.71961	0.01699	0.00793	0.00227	0.00340	0.01416	0.00623	0.00566
99	0.00814	0.00681	0.00709	0.00702	0.00919	0.00576	0.00527	0.01004	0.01580	0.01932	0.15682	0.06260	0.63002	0.01655	0.00793	0.00224	0.00337	0.01388	0.00639	0.00576
100	0.00816	0.00591	0.00771	0.00916	0.00968	0.00547	0.00615	0.00936	0.01302	0.01720	0.03921	0.70988	0.09287	0.02073	0.00852	0.00269	0.00386	0.01872	0.00623	0.00547
101	0.02521	0.02775	0.01937	0.01669	0.02076	0.50737	0.01290	0.24279	0.02304	0.02472	0.01221	0.01339	0.00953	0.00728	0.00626	0.00182	0.01059	0.00487	0.00450	0.00894
102	0.02480	0.05980	0.01962	0.01707	0.02061	0.71040	0.01291	0.02654	0.01881	0.01640	0.01033	0.01205	0.00864	0.00687	0.00598	0.00172	0.01191	0.00429	0.00344	0.00781
103	0.01346	0.03471	0.72942	0.01912	0.02904	0.01558	0.02479	0.02125	0.01417	0.02125	0.01204	0.01417	0.00850	0.00637	0.00637	0.00212	0.00992	0.00496	0.00283	0.00992
104	0.00818	0.00584	0.00779	0.00934	0.00973	0.00545	0.00623	0.00934	0.01285	0.01713	0.03698	0.75981	0.04438	0.02102	0.00856	0.00273	0.00389	0.01908	0.00623	0.00545
105	0.00818	0.00584	0.00779	0.00934	0.00973	0.00545	0.00623	0.00934	0.01285	0.01713	0.03698	0.75981	0.04438	0.02102	0.00856	0.00273	0.00389	0.01908	0.00623	0.00545
106	0.00826	0.00590	0.00788	0.00944	0.00987	0.00552	0.00638	0.00949	0.01293	0.01722	0.03694	0.73761	0.04419	0.02094	0.00859	0.00274	0.00397	0.04043	0.00623	0.00547
107	0.01050	0.00762	0.01037	0.01175	0.01337	0.00750	0.01019	0.01343	0.01543	0.01987	0.03909	0.07447	0.11330	0.01837	0.00912	0.00300	0.00587	0.60446	0.00618	0.00612
108	0.10289	0.01904	0.09877	0.02532	0.03210	0.01663	0.56129	0.02128	0.01520	0.02242	0.01297	0.01695	0.00971	0.00578	0.00737	0.00223	0.01051	0.00718	0.00343	0.00893
109	0.01527	0.01994	0.13578	0.05511	0.03321	0.01698	0.51780	0.02084	0.01504	0.02084	0.01289	0.01725	0.00978	0.00631	0.00882	0.00230	0.07237	0.00725	0.00326	0.00897
110	0.00818	0.00584	0.00779	0.00934	0.00973	0.00545	0.00623	0.00934	0.01285	0.01713	0.03698	0.75981	0.04438	0.02102	0.00856	0.00273	0.00389	0.01908	0.00623	0.00545
111	0.02469	0.03142	0.01984	0.01773	0.02132	0.70821	0.04058	0.02658	0.01889	0.01663	0.01050	0.01234	0.00871	0.00686	0.00613	0.00175	0.01207	0.00447	0.00345	0.00783
112	0.00963	0.00703	0.00997	0.00997	0.01088	0.00794	0.00737	0.01146	0.01054	0.01497	0.01872	0.03050	0.01857	0.21891	0.57147	0.00977	0.01526	0.00780	0.00371	0.00554
113	0.01729	0.01935	0.01839	0.01625	0.01817	0.28330	0.04519	0.01929	0.01392	0.01636	0.01196	0.01688	0.01085	0.01954	0.19871	0.00447	0.25380	0.00573	0.00332	0.00724
114	0.00818	0.00584	0.00779	0.00934	0.00973	0.00545	0.00623	0.00934	0.01285	0.01713	0.03698	0.75981	0.04438	0.02102	0.00856	0.00273	0.00389	0.01908	0.00623	0.00545
115	0.01768	0.01450	0.01543	0.01367	0.01760	0.01660	0.01069	0.06737	0.64826	0.05851	0.02674	0.02451	0.01988	0.00902	0.00682	0.00225	0.00543	0.00748	0.00688	0.01069
116	0.00873	0.00683	0.00791	0.00764	0.00956	0.00601	0.00573	0.01119	0.01719	0.02263	0.40205	0.05716	0.38273	0.01531	0.00792	0.00219	0.00328	0.01312	0.00682	0.00601
117	0.01468	0.01468	0.02055	0.01762	0.01762	0.02055	0.01468	0.01615	0.01028	0.01615	0.00881	0.01468	0.00881	0.01174	0.02202	0.00294	0.75191	0.00587	0.00294	0.00734
118	0.02506	0.03198	0.01901	0.01729	0.02074	0.73725	0.01296	0.02679	0.01901	0.01642	0.01037	0.01210	0.00864	0.00691	0.00605	0.00173	0.01210	0.00432	0.00346	0.00778
119	0.01466	0.01237	0.01432	0.01029	0.01622	0.00971	0.00826	0.06110	0.01505	0.02319	0.01220	0.01406	0.01003	0.00517	0.00508	0.00106	0.00513	0.00411	0.00415	0.75384
120	0.00976	0.00664	0.00792	0.00796	0.00818	0.00681	0.00488	0.01020	0.01006	0.01358	0.02107	0.04221	0.02367	0.63917	0.13648	0.00704	0.00818	0.02771	0.00405	0.00441
121	0.01267	0.01193	0.02013	0.74806	0.04621	0.01491	0.01863	0.01714	0.01342	0.01714	0.01193	0.01789	0.00894	0.00671	0.00671	0.00224	0.00894	0.00596	0.00298	0.00745
122	0.01464	0.01190	0.01399	0.01003	0.01596	0.00899	0.00804	0.01760	0.01415	0.05331	0.01257	0.01431	0.01024	0.00512	0.00505	0.00104	0.00500	0.00410	0.00417	0.76981
123	0.00919	0.00685	0.00855	0.00812	0.00984	0.00620	0.00609	0.01208	0.01828	0.02521	0.59278	0.05292	0.19039	0.01435	0.00792	0.00214	0.00321	0.01253	0.00716	0.00620
124	0.01409	0.03383	0.70245	0.01885	0.02859	0.01537	0.02423	0.02168	0.01436	0.04792	0.01259	0.01449	0.00881	0.00645	0.00639	0.00212	0.00976	0.00503	0.00304	0.00997
125	0.81159	0.01298	0.00986	0.00882	0.01298	0.01505	0.00727	0.01972	0.01142	0.03010	0.00934	0.01090	0.00727	0.00623	0.00415	0.00208	0.00519	0.00363	0.00415	0.00727
126	0.00902	0.00622	0.00751	0.00818	0.00842	0.00602	0.00503	0.00957	0.01125	0.01494	0.02929	0.35586	0.05177	0.42086	0.02232	0.00475	0.00529	0.01393	0.00506	0.00471
127	0.00871	0.00627	0.00837	0.00986	0.01057	0.00593	0.00713	0.01030	0.01349	0.01778	0.03802	0.58820	0.07232	0.02033	0.00868	0.00278	0.00434	0.15509	0.00622	0.00561
128	0.00794	0.00675	0.00684	0.00692	0.00909	0.00565	0.00515	0.00962	0.01518	0.01808	0.06652	0.09722	0.68791	0.01718	0.00796	0.00229	0.00342	0.01439	0.00623	0.00565
129	0.01794	0.76823	0.03516	0.01148	0.01722	0.02655	0.01148	0.02009	0.01363	0.01579	0.00933	0.01076	0.00861	0.00574	0.00431	0.00144	0.00718	0.00359	0.00287	0.00861
130	0.00802	0.00682	0.00692	0.00696	0.00921	0.00573	0.00527	0.00976	0.01530	0.01818	0.06702	0.06490	0.69951	0.01704	0.00797	0.00229	0.00348	0.03374	0.00623	0.00568
131	0.01661	0.01594	0.02724	0.04119	0.72233	0.01594	0.02059	0.02059	0.01528	0.02192	0.01262	0.01661	0.01063	0.00598	0.00664	0.00199	0.00797	0.00598	0.00332	0.01063
132	0.01603	0.01372	0.01460	0.01318	0.01677	0.01574	0.01023	0.03355	0.64693	0.02796	0.09062	0.02733	0.02440	0.00953	0.00693	0.00226	0.00511	0.00800	0.00688	0.01023
133	0.01267	0.01193	0.02013	0.74806	0.04621	0.01491	0.01863	0.01714	0.01342	0.01714	0.01193	0.01789	0.00894	0.00671	0.00671	0.00224	0.00894	0.00596	0.00298	0.00745
134	0.01571	0.00981	0.01098	0.00972	0.01227	0.01052	0.00762	0.16878	0.05014	0.05527	0.02032	0.02371	0.01616	0.03652	0.13807	0.00351	0.00705	0.00655	0.38956	0.00771
135	0.01989	0.01768	0.01685	0.04700	0.01920	0.17314	0.01153	0.14044	0.16246	0.08813	0.01871	0.08235	0.01556	0.00917	0.00798	0.00207	0.07456	0.00698	0.00537	0.08092

[dist]
# distance from previous block
# <min> <max>
0	1

[block]
# block no. 3 follows, 32 sequences, length 59
# corresponding to MSA columns:
# 237-295
name=unknown_D
#
# <colnr> <probs for GDERKNQSTAVLIFYWHMCP>
#	G	D	E	R	K	N	Q	S	T	A	V	L	I	F	Y	W	H	M	C	P
0	0.00939	0.00670	0.00881	0.01001	0.01110	0.00631	0.00754	0.01132	0.01383	0.01862	0.03610	0.46143	0.06791	0.01883	0.00842	0.00269	0.00456	0.21396	0.04521	0.03726
1	0.01953	0.06823	0.12776	0.02074	0.10367	0.17707	0.14767	0.08220	0.01779	0.08381	0.03953	0.01678	0.01216	0.00679	0.00656	0.00194	0.00920	0.00589	0.00418	0.04849
2	0.02342	0.20374	0.02285	0.01584	0.01992	0.53561	0.01261	0.05831	0.01837	0.01754	0.01041	0.01198	0.00877	0.00670	0.00567	0.00167	0.01072	0.00423	0.00348	0.00815
3	0.01439	0.01221	0.01417	0.01017	0.01610	0.00944	0.00815	0.04517	0.01464	0.02271	0.01210	0.01400	0.01000	0.00510	0.00504	0.00104	0.00507	0.00406	0.00409	0.77235
4	0.01475	0.24681	0.52867	0.01691	0.02562	0.01875	0.02094	0.02091	0.01401	0.01967	0.01126	0.01318	0.00853	0.00619	0.00578	0.00193	0.00912	0.00456	0.00284	0.00954
5	0.01353	0.01280	0.02149	0.52705	0.22672	0.01480	0.01860	0.01776	0.01400	0.01847	0.01443	0.01948	0.03881	0.00694	0.00674	0.00217	0.00845	0.00631	0.00321	0.00823
6	0.00818	0.00584	0.00779	0.00934	0.00973	0.00545	0.00623	0.00934	0.01285	0.01713	0.03698	0.75981	0.04438	0.02102	0.00856	0.00273	0.00389	0.01908	0.00623	0.00545
7	0.01252	0.01172	0.01970	0.72260	0.04496	0.01458	0.01821	0.01687	0.01340	0.01714	0.01279	0.04346	0.01017	0.00720	0.00677	0.00225	0.00877	0.00641	0.00309	0.00738
8	0.06575	0.01250	0.01459	0.01181	0.05203	0.01039	0.00883	0.06228	0.01496	0.02363	0.01271	0.03289	0.01077	0.00571	0.00521	0.00123	0.00527	0.00458	0.00419	0.64067
9	0.36163	0.03296	0.01515	0.01249	0.01541	0.01549	0.03243	0.01934	0.01212	0.10299	0.01235	0.01542	0.01005	0.01339	0.10041	0.00338	0.20795	0.00517	0.00417	0.00769
10	0.00851	0.00712	0.00748	0.00752	0.00975	0.00621	0.00577	0.01094	0.03791	0.01903	0.09617	0.06344	0.61282	0.01670	0.00800	0.00232	0.00366	0.06444	0.00630	0.00590
11	0.01681	0.58327	0.21022	0.01341	0.02020	0.02378	0.01484	0.02038	0.01377	0.01716	0.01001	0.01162	0.00858	0.00590	0.00483	0.00161	0.00787	0.00393	0.00286	0.00894
12	0.01635	0.21388	0.41415	0.01661	0.02426	0.01935	0.01917	0.11692	0.01627	0.02257	0.01175	0.01363	0.00896	0.00677	0.00683	0.00199	0.05267	0.00482	0.00340	0.00965
13	0.00956	0.00642	0.00738	0.00757	0.00762	0.00637	0.00434	0.00971	0.01015	0.01353	0.02314	0.13433	0.02692	0.67032	0.03092	0.00603	0.00618	0.01093	0.00434	0.00424
14	0.00811	0.00608	0.00754	0.00871	0.00957	0.00550	0.00595	0.00941	0.01345	0.01738	0.04464	0.58799	0.21126	0.02003	0.00841	0.00261	0.00377	0.01786	0.00623	0.00550
15	0.01561	0.38778	0.39525	0.01545	0.02335	0.02086	0.01838	0.02069	0.01391	0.01862	0.01074	0.01253	0.00855	0.00607	0.00538	0.00179	0.00860	0.00430	0.00285	0.00929
16	0.01605	0.01431	0.02336	0.33447	0.36536	0.01566	0.01885	0.06828	0.01580	0.04481	0.01304	0.01732	0.01018	0.00651	0.00668	0.00210	0.00826	0.00600	0.00359	0.00938
17	0.01489	0.01069	0.01206	0.01067	0.01361	0.01115	0.00829	0.12237	0.19066	0.06926	0.24523	0.06723	0.11260	0.01164	0.00718	0.00214	0.00453	0.00986	0.06761	0.00833
18	0.00961	0.00655	0.00786	0.00798	0.00818	0.00670	0.00486	0.01005	0.01014	0.01370	0.02189	0.09598	0.02481	0.60323	0.13493	0.00684	0.00798	0.01009	0.00416	0.00445
19	0.00873	0.00601	0.00802	0.00916	0.00953	0.00582	0.00610	0.00954	0.01202	0.01611	0.03181	0.56611	0.03753	0.11083	0.06557	0.06496	0.00536	0.01611	0.00553	0.00513
20	0.01703	0.01458	0.01537	0.01372	0.01758	0.01685	0.01070	0.06155	0.68376	0.02862	0.02687	0.02469	0.02013	0.00906	0.00682	0.00227	0.00539	0.00753	0.00682	0.01065
21	0.01817	0.74420	0.03463	0.01167	0.01734	0.04974	0.01153	0.02031	0.01381	0.01581	0.00936	0.01081	0.00861	0.00578	0.00436	0.00144	0.00734	0.00361	0.00289	0.00858
22	0.04617	0.01314	0.01611	0.01253	0.01740	0.01280	0.01029	0.22272	0.02255	0.44474	0.08997	0.02324	0.01939	0.00870	0.00679	0.00206	0.00593	0.00699	0.00765	0.01082
23	0.01130	0.00676	0.00749	0.00713	0.00898	0.00636	0.00537	0.01431	0.01562	0.02484	0.23152	0.03521	0.08937	0.01019	0.00593	0.00176	0.00325	0.00854	0.45987	0.04618
24	0.00816	0.00590	0.00772	0.00918	0.00969	0.00546	0.00616	0.00936	0.01300	0.01719	0.03898	0.71506	0.08784	0.02076	0.00852	0.00270	0.00386	0.01876	0.00623	0.00546
25	0.00859	0.00630	0.00813	0.00930	0.01021	0.00585	0.00668	0.01024	0.01401	0.01841	0.09329	0.51530	0.14238	0.01956	0.00852	0.00266	0.00407	0.10457	0.00631	0.00564
26	0.01013	0.00793	0.01159	0.01128	0.01227	0.00954	0.00877	0.01228	0.01066	0.01547	0.01721	0.02626	0.01643	0.09223	0.61721	0.00968	0.09427	0.00722	0.00356	0.00601
27	0.02618	0.01369	0.01656	0.01291	0.01802	0.01343	0.01056	0.19993	0.11068	0.41961	0.02304	0.02085	0.01537	0.00813	0.00663	0.00202	0.00603	0.00650	0.00744	0.06241
28	0.01391	0.01193	0.01391	0.00994	0.01590	0.00894	0.00795	0.01690	0.01391	0.02186	0.01193	0.01391	0.00994	0.00497	0.00497	0.00099	0.00497	0.00398	0.00398	0.80521
29	0.02551	0.01879	0.02014	0.01544	0.02081	0.02081	0.01275	0.69996	0.03155	0.04229	0.01611	0.01611	0.01141	0.00805	0.00671	0.00201	0.00738	0.00604	0.00671	0.01141
30	0.01584	0.01810	0.03959	0.02828	0.03507	0.01697	0.69796	0.02149	0.01584	0.02149	0.01357	0.01810	0.01018	0.00566	0.00792	0.00226	0.01131	0.00792	0.00339	0.00905
31	0.00835	0.00674	0.00743	0.00741	0.00936	0.00582	0.00550	0.01039	0.01606	0.02031	0.23280	0.11391	0.49948	0.01646	0.00797	0.00226	0.00338	0.01402	0.00653	0.00582
32	0.08147	0.01184	0.01539	0.01188	0.01701	0.01067	0.00981	0.06033	0.01922	0.65177	0.02490	0.02176	0.01577	0.00816	0.00657	0.00207	0.00575	0.00651	0.00796	0.01114
33	0.00818	0.00584	0.00779	0.00934	0.00973	0.00545	0.00623	0.00934	0.01285	0.01713	0.03698	0.75981	0.04438	0.02102	0.00856	0.00273	0.00389	0.01908	0.00623	0.00545
34	0.03010	0.01142	0.01557	0.01194	0.01713	0.00986	0.00986	0.03270	0.01920	0.72698	0.02647	0.02284	0.01661	0.00830	0.00675	0.00208	0.00571	0.00675	0.00830	0.01142
35	0.03010	0.01142	0.01557	0.01194	0.01713	0.00986	0.00986	0.03270	0.01920	0.72698	0.02647	0.02284	0.01661	0.00830	0.00675	0.00208	0.00571	0.00675	0.00830	0.01142
36	0.01085	0.00847	0.01008	0.00972	0.01172	0.00855	0.00734	0.01719	0.17400	0.02480	0.38502	0.13594	0.11576	0.01411	0.00780	0.00228	0.00388	0.03841	0.00695	0.00712
37	0.00818	0.00584	0.00779	0.00934	0.00973	0.00545	0.00623	0.00934	0.01285	0.01713	0.03698	0.75981	0.04438	0.02102	0.00856	0.00273	0.00389	0.01908	0.00623	0.00545
38	0.01475	0.01490	0.02178	0.01830	0.01874	0.02032	0.05866	0.01649	0.01063	0.01649	0.00911	0.01490	0.00890	0.01135	0.02111	0.00289	0.70424	0.00600	0.00297	0.00745
39	0.02892	0.01332	0.01675	0.01284	0.01808	0.01269	0.01061	0.20499	0.02239	0.55019	0.02380	0.02110	0.01527	0.00824	0.00674	0.00206	0.00614	0.00657	0.00789	0.01142
40	0.02830	0.01147	0.01529	0.01194	0.01688	0.01025	0.00979	0.03217	0.07193	0.64709	0.05280	0.02404	0.01868	0.00857	0.00680	0.00209	0.00558	0.00702	0.00816	0.01117
41	0.05449	0.01858	0.01976	0.01519	0.02052	0.02060	0.01255	0.67488	0.03081	0.04184	0.01586	0.01592	0.01126	0.00799	0.00662	0.00202	0.00730	0.00595	0.00662	0.01126
42	0.01702	0.01546	0.02462	0.19482	0.46995	0.01642	0.01902	0.11847	0.01723	0.02381	0.01297	0.01682	0.01037	0.00644	0.00667	0.00205	0.00810	0.00598	0.00374	0.01004
43	0.01738	0.02260	0.28978	0.01476	0.02057	0.12505	0.01523	0.02242	0.04386	0.15137	0.10290	0.06699	0.05966	0.00926	0.00681	0.00210	0.00778	0.00750	0.00503	0.00896
44	0.01862	0.01859	0.03241	0.07088	0.03148	0.07529	0.45665	0.12814	0.01856	0.06018	0.01427	0.01753	0.01050	0.00634	0.00744	0.00217	0.01032	0.00715	0.00414	0.00933
45	0.01744	0.02782	0.52346	0.01692	0.02533	0.01380	0.02035	0.02376	0.01561	0.19701	0.04350	0.01774	0.01268	0.00714	0.00653	0.00211	0.00860	0.00569	0.00437	0.01015
46	0.02508	0.03148	0.01906	0.01722	0.02075	0.71008	0.01296	0.05233	0.01949	0.01740	0.01059	0.01225	0.00875	0.00696	0.00608	0.00174	0.01192	0.00439	0.00358	0.00792
47	0.00818	0.00584	0.00779	0.00934	0.00973	0.00545	0.00623	0.00934	0.01285	0.01713	0.03698	0.75981	0.04438	0.02102	0.00856	0.00273	0.00389	0.01908	0.00623	0.00545
48	0.01794	0.76823	0.03516	0.01148	0.01722	0.02655	0.01148	0.02009	0.01363	0.01579	0.00933	0.01076	0.00861	0.00574	0.00431	0.00144	0.00718	0.00359	0.00287	0.00861
49	0.02582	0.02140	0.01944	0.01558	0.02045	0.19800	0.01254	0.47125	0.02730	0.09873	0.01563	0.01573	0.01120	0.00779	0.00655	0.00195	0.00840	0.00568	0.00605	0.01051
50	0.00959	0.00719	0.01078	0.01078	0.01198	0.00839	0.00839	0.01198	0.01078	0.01558	0.01797	0.02636	0.01677	0.05032	0.73760	0.01078	0.01797	0.00719	0.00359	0.00599
51	0.00950	0.00686	0.00897	0.00844	0.01002	0.00633	0.00633	0.01266	0.01899	0.02691	0.71879	0.05012	0.06331	0.01372	0.00791	0.00211	0.00317	0.01213	0.00739	0.00633
52	0.01669	0.01441	0.01517	0.01365	0.01745	0.01669	0.01062	0.03565	0.71021	0.02807	0.02731	0.02503	0.02048	0.00910	0.00683	0.00228	0.00531	0.00759	0.00683	0.01062
53	0.06773	0.47085	0.20418	0.01473	0.02149	0.02224	0.07752	0.02048	0.01382	0.01857	0.01038	0.01228	0.00864	0.00592	0.00513	0.00172	0.00810	0.00432	0.00299	0.00888
54	0.01422	0.01210	0.01222	0.01140	0.01426	0.05480	0.00881	0.07820	0.27883	0.02450	0.06280	0.11366	0.17659	0.01261	0.00729	0.00228	0.00518	0.05500	0.04706	0.00820
55	0.00818	0.00584	0.00779	0.00934	0.00973	0.00545	0.00623	0.00934	0.01285	0.01713	0.03698	0.75981	0.04438	0.02102	0.00856	0.00273	0.00389	0.01908	0.00623	0.00545
56	0.00945	0.00638	0.00741	0.00771	0.00778	0.00630	0.00448	0.00968	0.01035	0.01381	0.02420	0.18213	0.02825	0.62070	0.02921	0.00578	0.00600	0.01156	0.00448	0.00433
57	0.34396	0.01412	0.01406	0.07572	0.01812	0.04153	0.00996	0.19023	0.01857	0.09320	0.10338	0.01893	0.01649	0.00789	0.00580	0.00207	0.00611	0.00583	0.00545	0.00859
58	0.17334	0.08060	0.01940	0.17051	0.04048	0.05299	0.06188	0.10380	0.07853	0.08713	0.03872	0.01874	0.03147	0.00747	0.00614	0.00206	0.00723	0.00600	0.00476	0.00875

[dist]
# distance from previous block
# <min> <max>
0	4

[block]
# block no. 4 follows, 32 sequences, length 10
# corresponding to MSA columns:
# 300-309
name=unknown_E
#
# <colnr> <probs for GDERKNQSTAVLIFYWHMCP>
#	G	D	E	R	K	N	Q	S	T	A	V	L	I	F	Y	W	H	M	C	P
0	0.06873	0.24505	0.34095	0.01636	0.02379	0.01922	0.07009	0.05768	0.06001	0.02181	0.01239	0.01406	0.00951	0.00639	0.00579	0.00193	0.00847	0.00492	0.00344	0.00942
1	0.01484	0.01433	0.02379	0.09694	0.31464	0.01545	0.10511	0.01946	0.05948	0.02054	0.01833	0.02478	0.05796	0.00876	0.00948	0.00232	0.12236	0.05861	0.00387	0.00896
2	0.00818	0.00584	0.00779	0.00934	0.00973	0.00545	0.00623	0.00934	0.01285	0.01713	0.03698	0.75981	0.04438	0.02102	0.00856	0.00273	0.00389	0.01908	0.00623	0.00545
3	0.14171	0.01412	0.04239	0.01341	0.07073	0.04217	0.01018	0.06471	0.01621	0.13701	0.06537	0.01778	0.01450	0.00675	0.00568	0.00163	0.00587	0.00530	0.00500	0.31949
4	0.23685	0.04608	0.06144	0.07085	0.01782	0.05892	0.01045	0.02017	0.01444	0.12611	0.05675	0.02088	0.06587	0.00816	0.00675	0.00200	0.05445	0.00597	0.04653	0.06948
