[name]
unknown

[dist]
# distance from previous block
# <min> <max>
0	164

[block]
# block no. 0 follows, 35 sequences, length 19
# corresponding to MSA columns:
# 167-185
name=unknown_A
#
# <colnr> <probs for GDERKNQSTAVLIFYWHMCP>
#	G	D	E	R	K	N	Q	S	T	A	V	L	I	F	Y	W	H	M	C	P
0	0.16794	0.01222	0.01382	0.09404	0.01807	0.03831	0.00978	0.11160	0.05180	0.24876	0.05675	0.02128	0.01564	0.02323	0.00643	0.00204	0.00583	0.03023	0.03621	0.03602
1	0.01570	0.01507	0.02575	0.03894	0.73748	0.01507	0.01947	0.01947	0.01444	0.02073	0.01193	0.01570	0.01005	0.00565	0.00628	0.00188	0.00754	0.00565	0.00314	0.01005
2	0.01198	0.01128	0.01903	0.76180	0.04369	0.01409	0.01762	0.01621	0.01268	0.01621	0.01128	0.01691	0.00846	0.00634	0.00634	0.00211	0.00846	0.00564	0.00282	0.00705
3	0.06173	0.01439	0.01819	0.04183	0.04523	0.03420	0.10638	0.12600	0.30915	0.08729	0.02153	0.02129	0.04795	0.00782	0.00641	0.00203	0.00639	0.00675	0.00555	0.02990
4	0.02745	0.01083	0.01462	0.01116	0.01612	0.00927	0.00920	0.02993	0.01783	0.69437	0.02412	0.02104	0.01529	0.00764	0.00627	0.00190	0.00535	0.00621	0.00758	0.06382
5	0.11393	0.01392	0.01498	0.01275	0.01680	0.01557	0.02708	0.13028	0.45890	0.07189	0.02148	0.02026	0.01588	0.00790	0.00611	0.00205	0.00545	0.00638	0.00607	0.03232
6	0.02063	0.01657	0.01697	0.03460	0.01896	0.06805	0.01134	0.35672	0.30180	0.05724	0.01926	0.01856	0.01409	0.00790	0.00635	0.00199	0.00650	0.00620	0.00613	0.01016
7	0.01546	0.31863	0.32131	0.01635	0.02335	0.07276	0.11159	0.02008	0.01375	0.01780	0.01048	0.01252	0.00830	0.00574	0.00545	0.00175	0.00871	0.00452	0.00281	0.00864
8	0.00771	0.00558	0.00729	0.00866	0.00916	0.00517	0.00581	0.00885	0.01231	0.01626	0.03704	0.72249	0.09104	0.01961	0.00805	0.00255	0.00365	0.01771	0.00589	0.00517
9	0.02295	0.11338	0.01967	0.01574	0.01924	0.67112	0.01210	0.02463	0.01741	0.01546	0.00970	0.01130	0.00817	0.00641	0.00554	0.00160	0.01092	0.00401	0.00321	0.00744
10	0.01331	0.01275	0.01812	0.04187	0.01704	0.01696	0.03449	0.01500	0.01072	0.03233	0.01544	0.01986	0.08927	0.01247	0.04286	0.00290	0.58793	0.00654	0.00327	0.00686
11	0.01446	0.44459	0.22269	0.01251	0.01821	0.01923	0.01353	0.01785	0.01251	0.01615	0.01110	0.01458	0.00987	0.05691	0.08914	0.00280	0.00858	0.00447	0.00285	0.00794
12	0.02370	0.03023	0.01798	0.01634	0.01961	0.75158	0.01226	0.02533	0.01798	0.01553	0.00981	0.01144	0.00817	0.00654	0.00572	0.00163	0.01144	0.00409	0.00327	0.00735
13	0.01065	0.00551	0.00816	0.00833	0.00837	0.00547	0.00555	0.00833	0.00869	0.01159	0.01367	0.10276	0.01445	0.02180	0.02294	0.72539	0.00531	0.00690	0.00310	0.00302
14	0.01933	0.36663	0.10487	0.01365	0.01857	0.30030	0.01258	0.02184	0.01508	0.04057	0.01032	0.01173	0.00859	0.00605	0.00500	0.00156	0.00871	0.00396	0.02265	0.00801
15	0.01581	0.16275	0.23965	0.04352	0.06846	0.04414	0.19085	0.03575	0.01469	0.07053	0.02966	0.03195	0.01115	0.00638	0.00615	0.00191	0.00855	0.00581	0.00349	0.00879
16	0.01368	0.15902	0.52368	0.01756	0.07035	0.01610	0.01989	0.01957	0.01336	0.01928	0.01097	0.01297	0.00828	0.00581	0.00561	0.00181	0.00848	0.00446	0.00279	0.06633
17	0.01412	0.22540	0.44620	0.01572	0.02302	0.04629	0.04884	0.01925	0.01322	0.01802	0.01133	0.01463	0.00920	0.06047	0.00743	0.00212	0.00861	0.00477	0.00282	0.00854
18	0.01314	0.04448	0.45874	0.01703	0.07620	0.01349	0.01822	0.04255	0.03313	0.02153	0.09593	0.01774	0.01476	0.00676	0.00603	0.00186	0.00770	0.00551	0.00356	0.10164

[dist]
# distance from previous block
# <min> <max>
0	4

[block]
# block no. 1 follows, 35 sequences, length 25
# corresponding to MSA columns:
# 190-214
name=unknown_B
#
# <colnr> <probs for GDERKNQSTAVLIFYWHMCP>
#	G	D	E	R	K	N	Q	S	T	A	V	L	I	F	Y	W	H	M	C	P
0	0.01454	0.01546	0.10874	0.01314	0.05390	0.04080	0.03123	0.03945	0.04532	0.03941	0.01241	0.01409	0.00985	0.00535	0.00524	0.00130	0.00599	0.00437	0.00385	0.53556
1	0.01289	0.10776	0.63459	0.01676	0.02537	0.01532	0.02122	0.01943	0.01340	0.01942	0.01378	0.01546	0.04460	0.00647	0.00590	0.00195	0.00880	0.00499	0.00284	0.00905
2	0.01430	0.15510	0.48439	0.01693	0.02473	0.01607	0.07957	0.02041	0.02912	0.05153	0.01292	0.01618	0.00996	0.00648	0.00596	0.00195	0.00863	0.03355	0.00317	0.00903
3	0.02033	0.01050	0.01482	0.11922	0.03712	0.00985	0.03118	0.02363	0.03816	0.38752	0.04351	0.05364	0.04560	0.00819	0.00629	0.00190	0.00561	0.00696	0.05085	0.08512
4	0.71766	0.01317	0.03271	0.00969	0.01387	0.01441	0.03861	0.01960	0.05070	0.02775	0.01003	0.01144	0.00772	0.00602	0.00429	0.00198	0.00530	0.00386	0.00400	0.00719
5	0.07513	0.01587	0.11641	0.01433	0.06048	0.01446	0.01195	0.13133	0.29731	0.06659	0.07495	0.02303	0.05381	0.00838	0.00631	0.00204	0.00585	0.00683	0.00562	0.00934
6	0.00944	0.00643	0.00726	0.00706	0.00737	0.00628	0.00405	0.00960	0.00944	0.01276	0.01951	0.03994	0.02231	0.73424	0.03076	0.00586	0.00607	0.00892	0.00384	0.04885
7	0.01603	0.01506	0.05936	0.11701	0.33914	0.01460	0.09917	0.04088	0.11539	0.07558	0.03439	0.01830	0.01280	0.00655	0.00648	0.00200	0.00746	0.00625	0.00410	0.00944
8	0.01341	0.01233	0.01847	0.15570	0.28067	0.01294	0.03298	0.01969	0.15547	0.02058	0.04211	0.04476	0.11122	0.00830	0.00653	0.00200	0.00635	0.00745	0.00432	0.04472
9	0.02753	0.01056	0.01439	0.01118	0.01588	0.00914	0.00917	0.02993	0.01789	0.70934	0.02547	0.05527	0.01688	0.00839	0.00646	0.00199	0.00532	0.00690	0.00776	0.01054
10	0.05607	0.04510	0.01701	0.01275	0.01761	0.01642	0.01044	0.37423	0.15376	0.05443	0.01620	0.01618	0.01199	0.00708	0.00585	0.00175	0.00603	0.00543	0.00566	0.16601
11	0.04921	0.17894	0.17745	0.01672	0.07778	0.03591	0.09671	0.05050	0.02712	0.07369	0.01225	0.01401	0.00946	0.00599	0.00597	0.00172	0.02836	0.00485	0.00363	0.12973
12	0.01514	0.35529	0.38581	0.01508	0.02249	0.01910	0.04455	0.01997	0.01339	0.04066	0.01076	0.01241	0.00839	0.00580	0.00525	0.00173	0.00818	0.00429	0.00288	0.00885
13	0.01286	0.01441	0.19601	0.01170	0.01600	0.00932	0.04030	0.03526	0.01657	0.11413	0.32556	0.03520	0.12550	0.01051	0.00695	0.00202	0.00536	0.00904	0.00569	0.00760
14	0.00774	0.00567	0.00728	0.00850	0.00913	0.00521	0.00576	0.00898	0.01264	0.01664	0.06361	0.65784	0.12939	0.01915	0.00800	0.00250	0.00360	0.01722	0.00593	0.00521
15	0.04177	0.01986	0.19448	0.04419	0.22082	0.03408	0.12500	0.13625	0.01708	0.08548	0.01345	0.01556	0.00993	0.00626	0.00634	0.00197	0.00823	0.00567	0.00399	0.00960
16	0.05406	0.01849	0.02093	0.08345	0.35396	0.21603	0.01552	0.05162	0.02919	0.04096	0.01245	0.03389	0.01041	0.00665	0.00643	0.00188	0.02620	0.00549	0.00359	0.00880
17	0.01198	0.01128	0.01903	0.76180	0.04369	0.01409	0.01762	0.01621	0.01268	0.01621	0.01128	0.01691	0.00846	0.00634	0.00634	0.00211	0.00846	0.00564	0.00282	0.00705
18	0.00911	0.00695	0.00958	0.00867	0.01045	0.00637	0.03748	0.01207	0.01749	0.02442	0.63831	0.04734	0.12176	0.01292	0.00748	0.00202	0.00336	0.01148	0.00671	0.00604
19	0.00804	0.00664	0.00744	0.04453	0.01043	0.00592	0.00564	0.00993	0.01467	0.01824	0.16997	0.07545	0.53860	0.04620	0.00846	0.00229	0.00357	0.01264	0.00583	0.00548
20	0.01449	0.01382	0.02336	0.20284	0.54679	0.01442	0.01840	0.01827	0.01404	0.01953	0.01408	0.01797	0.04152	0.00627	0.00635	0.00195	0.00756	0.00599	0.00319	0.00916
21	0.01581	0.01246	0.01554	0.04296	0.13264	0.01350	0.01115	0.07089	0.35398	0.07983	0.12625	0.05545	0.02348	0.00902	0.00663	0.00207	0.00535	0.00779	0.00594	0.00925
22	0.02846	0.01080	0.01472	0.01129	0.01619	0.00932	0.00932	0.03092	0.01816	0.74187	0.02503	0.02159	0.01570	0.00785	0.00638	0.00196	0.00540	0.00638	0.00785	0.01080
23	0.01484	0.01347	0.02252	0.30255	0.43359	0.01451	0.01812	0.01913	0.03461	0.04741	0.01261	0.01661	0.00996	0.00608	0.00631	0.00198	0.00772	0.00572	0.00330	0.00898
24	0.01198	0.01128	0.01903	0.76180	0.04369	0.01409	0.01762	0.01621	0.01268	0.01621	0.01128	0.01691	0.00846	0.00634	0.00634	0.00211	0.00846	0.00564	0.00282	0.00705

[dist]
# distance from previous block
# <min> <max>
7	47

[block]
# block no. 2 follows, 35 sequences, length 8
# corresponding to MSA columns:
# 265-272
name=unknown_C
#
# <colnr> <probs for GDERKNQSTAVLIFYWHMCP>
#	G	D	E	R	K	N	Q	S	T	A	V	L	I	F	Y	W	H	M	C	P
0	0.06948	0.01244	0.01660	0.04311	0.17136	0.01294	0.04549	0.05483	0.21730	0.02372	0.08543	0.05491	0.04378	0.00855	0.00639	0.00198	0.00573	0.03181	0.00500	0.08915
1	0.04078	0.01395	0.02166	0.07273	0.48464	0.01419	0.01616	0.09412	0.01596	0.02291	0.05750	0.04777	0.01425	0.00689	0.00628	0.00189	0.00687	0.00635	0.00387	0.05124
2	0.07006	0.01997	0.01852	0.01485	0.01945	0.20600	0.04753	0.38421	0.05068	0.03008	0.01346	0.01424	0.01005	0.00695	0.00598	0.00179	0.00795	0.00516	0.00507	0.06799
3	0.01612	0.00908	0.01150	0.00957	0.01299	0.00796	0.00750	0.01953	0.05584	0.24811	0.25158	0.08949	0.05822	0.01019	0.00659	0.00184	0.00425	0.00874	0.00647	0.16440
4	0.00923	0.00615	0.00692	0.00692	0.00692	0.00615	0.00384	0.00923	0.00923	0.01230	0.01999	0.04151	0.02306	0.77705	0.03229	0.00615	0.00615	0.00923	0.00384	0.00384
5	0.26390	0.01539	0.04412	0.01193	0.01637	0.05587	0.01004	0.24241	0.07633	0.13244	0.05933	0.01702	0.01376	0.00741	0.00565	0.00195	0.00607	0.00546	0.00556	0.00900
6	0.40410	0.01636	0.01344	0.01147	0.01555	0.14564	0.00920	0.14246	0.07052	0.09746	0.01298	0.01347	0.00959	0.00670	0.00509	0.00191	0.00648	0.00451	0.00480	0.00826
7	0.00923	0.00615	0.00692	0.00692	0.00692	0.00615	0.00384	0.00923	0.00923	0.01230	0.01999	0.04151	0.02306	0.77705	0.03229	0.00615	0.00615	0.00923	0.00384	0.00384

[dist]
# distance from previous block
# <min> <max>
0	1

[block]
# block no. 3 follows, 35 sequences, length 7
# corresponding to MSA columns:
# 274-280
name=unknown_D
#
# <colnr> <probs for GDERKNQSTAVLIFYWHMCP>
#	G	D	E	R	K	N	Q	S	T	A	V	L	I	F	Y	W	H	M	C	P
0	0.70682	0.01228	0.01007	0.00890	0.01286	0.01404	0.00728	0.02063	0.06846	0.07379	0.01122	0.01209	0.00843	0.00623	0.00428	0.00198	0.00495	0.00392	0.00438	0.00737
1	0.00902	0.00607	0.00698	0.00718	0.00723	0.00602	0.00412	0.00917	0.00962	0.01282	0.02201	0.14000	0.02561	0.67510	0.02903	0.00567	0.00582	0.01041	0.00412	0.00402
2	0.33289	0.01506	0.01504	0.01747	0.19936	0.11644	0.01093	0.07333	0.01455	0.02492	0.01186	0.01403	0.00944	0.00625	0.00504	0.00183	0.00639	0.00460	0.11266	0.00793
3	0.04257	0.01466	0.02038	0.02625	0.39522	0.03823	0.01481	0.06908	0.16507	0.06210	0.03819	0.01822	0.01372	0.00674	0.00619	0.00190	0.00662	0.00598	0.00448	0.04959
4	0.01765	0.01673	0.11445	0.01583	0.08676	0.05246	0.02990	0.14676	0.17626	0.10840	0.05899	0.02204	0.06175	0.00801	0.00636	0.00193	0.00647	0.00662	0.00536	0.05729
5	0.01930	0.01511	0.01726	0.01388	0.01831	0.07323	0.07280	0.15899	0.25838	0.13334	0.01931	0.01950	0.01434	0.03240	0.00709	0.00202	0.00647	0.00621	0.00569	0.10637
6	0.12917	0.04073	0.01569	0.01245	0.01658	0.11604	0.01004	0.15248	0.13738	0.17507	0.03664	0.01732	0.01345	0.00747	0.00639	0.00188	0.03693	0.00551	0.00551	0.06325

[dist]
# distance from previous block
# <min> <max>
0	16

[block]
# block no. 4 follows, 35 sequences, length 17
# corresponding to MSA columns:
# 297-313
name=unknown_E
#
# <colnr> <probs for GDERKNQSTAVLIFYWHMCP>
#	G	D	E	R	K	N	Q	S	T	A	V	L	I	F	Y	W	H	M	C	P
0	0.05339	0.01515	0.01622	0.01352	0.04154	0.05325	0.01051	0.33689	0.08833	0.10513	0.04346	0.04578	0.01458	0.00777	0.00609	0.00181	0.00619	0.00613	0.00577	0.12849
1	0.01808	0.01357	0.01476	0.01148	0.01634	0.04773	0.00918	0.17147	0.09915	0.11771	0.01646	0.04695	0.01292	0.00689	0.00566	0.00152	0.00560	0.00551	0.00522	0.37381
2	0.00922	0.00619	0.00710	0.00710	0.00716	0.00625	0.00407	0.00934	0.00928	0.01243	0.01983	0.04061	0.02267	0.73741	0.07139	0.00637	0.00674	0.00909	0.00382	0.00394
3	0.04683	0.06545	0.01870	0.01375	0.01857	0.07846	0.01134	0.46032	0.05926	0.13982	0.01617	0.01581	0.01144	0.00742	0.00609	0.00187	0.00695	0.00554	0.00602	0.01019
4	0.01055	0.00719	0.00800	0.00760	0.00806	0.00736	0.00458	0.07226	0.01106	0.01477	0.01956	0.03917	0.02197	0.70846	0.02998	0.00577	0.00622	0.00891	0.00407	0.00446
5	0.07759	0.00619	0.00745	0.00853	0.00924	0.00603	0.00575	0.00972	0.01186	0.01693	0.03250	0.61553	0.06342	0.08603	0.00987	0.00283	0.00399	0.01582	0.00554	0.00519
6	0.02170	0.01466	0.01655	0.03219	0.06792	0.06488	0.01106	0.29083	0.06318	0.21317	0.08270	0.05678	0.01815	0.00856	0.00650	0.00196	0.00633	0.00696	0.00625	0.00967
7	0.17369	0.01999	0.01855	0.01918	0.16457	0.27421	0.03900	0.11911	0.01744	0.07938	0.01211	0.01363	0.00931	0.00644	0.00570	0.00183	0.00829	0.00481	0.00415	0.00860
8	0.04149	0.01190	0.01188	0.01201	0.04961	0.10993	0.00843	0.07226	0.08102	0.06657	0.07030	0.23211	0.09012	0.08074	0.00923	0.00252	0.00567	0.03180	0.00542	0.00699
9	0.09081	0.01854	0.01688	0.01608	0.10275	0.21849	0.01131	0.15289	0.09262	0.02420	0.01300	0.01423	0.01022	0.00639	0.00560	0.00164	0.00738	0.00477	0.00434	0.18787
10	0.04193	0.01555	0.01780	0.01814	0.16402	0.09714	0.01216	0.19733	0.07538	0.21275	0.06861	0.01938	0.01570	0.00757	0.00630	0.00191	0.00670	0.00616	0.00573	0.00975
11	0.17435	0.03662	0.07361	0.01365	0.04477	0.03418	0.02998	0.21806	0.09882	0.09119	0.04673	0.01673	0.01307	0.00706	0.00573	0.00186	0.00627	0.00545	0.00516	0.07671
12	0.03636	0.03836	0.05599	0.01332	0.03895	0.03171	0.01076	0.21625	0.18632	0.09360	0.02203	0.10907	0.03636	0.02741	0.00709	0.00214	0.00597	0.03087	0.00575	0.03170
13	0.03855	0.08364	0.08490	0.01793	0.13194	0.06530	0.03229	0.26650	0.08599	0.05325	0.01595	0.01717	0.03108	0.02292	0.00659	0.00195	0.00720	0.00570	0.00480	0.02634
14	0.03494	0.06071	0.05787	0.01616	0.08257	0.16126	0.02986	0.16902	0.13945	0.06994	0.01619	0.05110	0.01293	0.00748	0.00604	0.00184	0.00734	0.00593	0.00484	0.06451
15	0.12011	0.01645	0.05860	0.01670	0.13211	0.10217	0.01195	0.12885	0.12981	0.09437	0.05584	0.01896	0.03374	0.00742	0.00597	0.00189	0.00659	0.00588	0.00501	0.04757
16	0.07935	0.06527	0.04647	0.01316	0.01712	0.10439	0.01100	0.14673	0.20321	0.09158	0.03766	0.01849	0.02906	0.00798	0.00726	0.00197	0.07414	0.00585	0.00519	0.03413

[dist]
# distance from previous block
# <min> <max>
5	306

[block]
# block no. 5 follows, 35 sequences, length 66
# corresponding to MSA columns:
# 630-642,644-696
name=unknown_F
#
# <colnr> <probs for GDERKNQSTAVLIFYWHMCP>
#	G	D	E	R	K	N	Q	S	T	A	V	L	I	F	Y	W	H	M	C	P
0	0.03776	0.08090	0.14307	0.01810	0.11599	0.08616	0.05901	0.11727	0.16255	0.05439	0.01649	0.01729	0.02935	0.00697	0.00606	0.00190	0.00744	0.00571	0.00446	0.02911
1	0.01963	0.07320	0.07499	0.01653	0.10502	0.06837	0.03181	0.22077	0.06802	0.12674	0.03208	0.01860	0.04505	0.00734	0.00610	0.00183	0.00688	0.00591	0.00513	0.06600
2	0.09342	0.03392	0.12527	0.01579	0.07740	0.04610	0.05422	0.17576	0.06774	0.02536	0.03475	0.05220	0.01373	0.00916	0.03708	0.00222	0.00732	0.02149	0.00448	0.10261
3	0.01823	0.05593	0.14282	0.03509	0.14457	0.11142	0.01475	0.18657	0.13148	0.03951	0.03439	0.01662	0.01246	0.00699	0.00611	0.00189	0.00759	0.00558	0.00454	0.02347
4	0.07178	0.03914	0.04819	0.01591	0.11916	0.06292	0.01143	0.22363	0.06494	0.06222	0.08213	0.08485	0.06840	0.00917	0.00638	0.00197	0.00622	0.00752	0.00531	0.00873
5	0.01736	0.11931	0.05691	0.01648	0.11833	0.08395	0.02769	0.20655	0.07069	0.02452	0.05750	0.02069	0.05002	0.06136	0.00786	0.00211	0.00694	0.00621	0.00461	0.04089
6	0.11699	0.05147	0.07873	0.05264	0.12894	0.14678	0.07828	0.13708	0.07080	0.02377	0.01365	0.01714	0.01102	0.00696	0.00603	0.00194	0.00800	0.03698	0.00410	0.00870
7	0.04263	0.07202	0.13376	0.02262	0.26701	0.06990	0.01561	0.06058	0.06070	0.05692	0.01281	0.01490	0.01011	0.00646	0.00682	0.00185	0.05770	0.00512	0.00373	0.07876
8	0.01842	0.08853	0.05703	0.01604	0.08006	0.03976	0.04390	0.32407	0.07588	0.02814	0.01652	0.08885	0.01404	0.00989	0.03817	0.00226	0.00731	0.00674	0.00504	0.03934
9	0.05223	0.07194	0.01809	0.03309	0.03797	0.11063	0.04278	0.25875	0.08563	0.04269	0.01814	0.07412	0.03054	0.00869	0.00628	0.00194	0.00696	0.04854	0.00512	0.04587
10	0.01431	0.15122	0.42052	0.01732	0.05597	0.01614	0.06519	0.03770	0.06623	0.03623	0.01376	0.05333	0.01107	0.00685	0.00597	0.00194	0.00819	0.00564	0.00339	0.00904
11	0.00967	0.00774	0.01038	0.01031	0.01149	0.03852	0.00794	0.01182	0.01048	0.01466	0.01682	0.02506	0.01584	0.07626	0.69118	0.00967	0.01631	0.00679	0.00341	0.00566
12	0.01012	0.00852	0.01160	0.11279	0.01570	0.04027	0.02597	0.01215	0.01148	0.01543	0.04225	0.17916	0.02186	0.13035	0.30445	0.00594	0.03300	0.00929	0.00398	0.00569
13	0.10482	0.05534	0.13311	0.03497	0.05632	0.05450	0.01284	0.14633	0.07061	0.24393	0.01683	0.01660	0.01170	0.00702	0.00591	0.00193	0.00682	0.00541	0.00537	0.00964
14	0.05885	0.05150	0.02508	0.04412	0.41440	0.08266	0.10463	0.10280	0.01637	0.02254	0.01193	0.01493	0.00963	0.00594	0.00617	0.00188	0.00807	0.00553	0.00356	0.00939
15	0.00792	0.00581	0.00744	0.00837	0.00917	0.00533	0.00577	0.00943	0.01349	0.01797	0.16405	0.55090	0.13471	0.01815	0.00791	0.00242	0.00350	0.01626	0.00609	0.00533
16	0.01742	0.01456	0.02462	0.03477	0.61643	0.01432	0.04044	0.02106	0.01497	0.11908	0.01375	0.01655	0.01081	0.00594	0.00633	0.00190	0.00735	0.00581	0.00379	0.01010
17	0.42794	0.08228	0.11328	0.01109	0.01610	0.01530	0.01044	0.09134	0.05095	0.10994	0.01258	0.01321	0.00920	0.00641	0.00488	0.00192	0.00595	0.00437	0.00448	0.00833
18	0.00773	0.00552	0.00736	0.00883	0.00920	0.00515	0.00589	0.00883	0.01215	0.01619	0.03497	0.77291	0.04196	0.01987	0.00810	0.00258	0.00368	0.01803	0.00589	0.00515
19	0.02370	0.03023	0.01798	0.01634	0.01961	0.75158	0.01226	0.02533	0.01798	0.01553	0.00981	0.01144	0.00817	0.00654	0.00572	0.00163	0.01144	0.00409	0.00327	0.00735
20	0.01215	0.02109	0.34636	0.08227	0.02590	0.01284	0.17247	0.01756	0.01412	0.01977	0.07239	0.05487	0.06965	0.00832	0.00682	0.00212	0.00823	0.04130	0.00366	0.00808
21	0.07226	0.01496	0.01641	0.01281	0.01747	0.01602	0.01053	0.45956	0.04269	0.18373	0.01757	0.01712	0.01222	0.00757	0.00606	0.00189	0.00616	0.00577	0.06904	0.01016
22	0.00899	0.00638	0.00812	0.00780	0.00915	0.00593	0.00571	0.01160	0.01668	0.02358	0.58835	0.08391	0.08193	0.06995	0.00923	0.00232	0.00327	0.01149	0.03986	0.00576
23	0.01802	0.01204	0.01368	0.01165	0.01518	0.01261	0.00929	0.24793	0.14545	0.14470	0.06038	0.11941	0.10605	0.01105	0.00689	0.00212	0.00529	0.04288	0.00651	0.00887
24	0.04350	0.09068	0.10572	0.02170	0.19563	0.10220	0.10675	0.05065	0.03792	0.11538	0.01399	0.01662	0.01086	0.00670	0.00673	0.00193	0.03898	0.02098	0.00400	0.00909
25	0.01080	0.00561	0.00801	0.00801	0.00806	0.00561	0.00525	0.00859	0.00855	0.01157	0.01253	0.02245	0.01282	0.12459	0.02521	0.68088	0.00552	0.00603	0.02693	0.00300
26	0.00753	0.00629	0.00656	0.00678	0.00866	0.00533	0.00498	0.00906	0.01412	0.01700	0.05995	0.16580	0.63294	0.01663	0.00759	0.00221	0.00328	0.01407	0.00589	0.00533
27	0.01688	0.05468	0.02599	0.05442	0.51728	0.01584	0.08434	0.08335	0.01592	0.05175	0.01268	0.01579	0.01016	0.00590	0.00629	0.00189	0.00769	0.00575	0.00360	0.00982
28	0.01695	0.10756	0.10062	0.02159	0.23747	0.01678	0.03728	0.18108	0.11689	0.02530	0.04632	0.01835	0.03164	0.00710	0.00615	0.00190	0.00697	0.00601	0.00447	0.00958
29	0.01441	0.01441	0.02017	0.01888	0.09246	0.04798	0.04620	0.01633	0.01097	0.01651	0.00961	0.01462	0.00897	0.00989	0.01722	0.00254	0.58135	0.00561	0.04456	0.00730
30	0.00891	0.00652	0.00841	0.00823	0.00973	0.00602	0.00628	0.01169	0.01707	0.02367	0.57648	0.08088	0.11919	0.01398	0.00763	0.00212	0.00331	0.07726	0.00673	0.00588
31	0.07434	0.47688	0.14545	0.01455	0.07799	0.04489	0.01344	0.05543	0.01399	0.01853	0.00986	0.01147	0.00833	0.00573	0.00473	0.00159	0.00729	0.00394	0.00304	0.00852
32	0.01818	0.05185	0.18796	0.02353	0.26669	0.01551	0.04593	0.16176	0.01779	0.11276	0.02835	0.01625	0.01132	0.00653	0.00623	0.00192	0.00759	0.00563	0.00432	0.00991
33	0.02266	0.06226	0.01833	0.01572	0.01913	0.63016	0.01203	0.05690	0.04964	0.01722	0.01143	0.01388	0.00963	0.00695	0.00580	0.00170	0.01057	0.02476	0.00360	0.00762
34	0.01431	0.01155	0.01349	0.00971	0.01529	0.00900	0.00780	0.04835	0.01412	0.05242	0.01204	0.01361	0.00973	0.00497	0.00484	0.00103	0.00483	0.00396	0.00405	0.74489
35	0.00985	0.00728	0.00913	0.00915	0.01011	0.00773	0.00653	0.04717	0.03045	0.01708	0.05285	0.24532	0.07895	0.19725	0.17701	0.00494	0.04181	0.01110	0.03076	0.00553
36	0.01126	0.00596	0.00610	0.00612	0.00762	0.00585	0.00457	0.01407	0.01355	0.02302	0.05411	0.04813	0.07354	0.00863	0.00490	0.00158	0.00300	0.00705	0.69510	0.00585
37	0.01011	0.09819	0.01110	0.00891	0.03333	0.06493	0.00663	0.01180	0.01437	0.01680	0.04978	0.10467	0.51904	0.01407	0.00697	0.00204	0.00443	0.01163	0.00524	0.00596
38	0.00773	0.00552	0.00736	0.00883	0.00920	0.00515	0.00589	0.00883	0.01215	0.01619	0.03497	0.77291	0.04196	0.01987	0.00810	0.00258	0.00368	0.01803	0.00589	0.00515
39	0.01706	0.01449	0.01698	0.04703	0.04906	0.01638	0.04552	0.15310	0.50733	0.02794	0.02210	0.02123	0.01651	0.00805	0.00647	0.00209	0.00590	0.00680	0.00598	0.00997
40	0.01315	0.01128	0.01315	0.00940	0.01503	0.00846	0.00752	0.01597	0.01315	0.02067	0.01128	0.01315	0.00940	0.00470	0.00470	0.00094	0.00470	0.00376	0.00376	0.81583
41	0.00794	0.00644	0.00704	0.00689	0.00884	0.00554	0.00517	0.00996	0.01550	0.01961	0.26411	0.05698	0.53351	0.01514	0.00749	0.00210	0.00315	0.01282	0.00622	0.00554
42	0.00923	0.00615	0.00692	0.00692	0.00692	0.00615	0.00384	0.00923	0.00923	0.01230	0.01999	0.04151	0.02306	0.77705	0.03229	0.00615	0.00615	0.00923	0.00384	0.00384
43	0.01651	0.08597	0.05689	0.14055	0.41323	0.09515	0.03112	0.02010	0.01454	0.04979	0.01188	0.01510	0.00958	0.00594	0.00605	0.00186	0.00808	0.00530	0.00325	0.00910
44	0.01790	0.67786	0.03121	0.01152	0.01674	0.08794	0.01104	0.05409	0.01417	0.01622	0.00922	0.01054	0.00827	0.00563	0.00433	0.00141	0.00720	0.00357	0.00294	0.00820
45	0.00906	0.00680	0.01020	0.01020	0.01133	0.00793	0.00793	0.01133	0.01020	0.01473	0.01699	0.02492	0.01586	0.04758	0.75191	0.01020	0.01699	0.00680	0.00340	0.00566
46	0.01469	0.15084	0.47954	0.01831	0.06834	0.07994	0.04939	0.02059	0.02730	0.01904	0.01120	0.01320	0.00847	0.00597	0.00577	0.00187	0.00900	0.00465	0.00286	0.00902
47	0.01577	0.01684	0.05745	0.12684	0.51283	0.08351	0.03775	0.01955	0.01440	0.01949	0.01156	0.01535	0.00953	0.00596	0.00661	0.00192	0.02676	0.00551	0.00308	0.00927
48	0.04538	0.00950	0.01332	0.01230	0.01312	0.01219	0.00987	0.01297	0.01003	0.01544	0.01368	0.02085	0.01302	0.05200	0.44447	0.00713	0.27912	0.00628	0.00321	0.00612
49	0.00973	0.00650	0.00838	0.00923	0.01012	0.00621	0.00648	0.04042	0.01324	0.05313	0.03325	0.58565	0.05454	0.06857	0.00957	0.00277	0.00422	0.06648	0.00587	0.00564
50	0.01767	0.03683	0.15188	0.02462	0.30708	0.14300	0.01657	0.02299	0.08842	0.08879	0.01462	0.01721	0.01148	0.00668	0.00618	0.00191	0.00803	0.02274	0.00393	0.00938
51	0.01497	0.15562	0.44127	0.01685	0.05558	0.08053	0.01845	0.05608	0.03260	0.01991	0.01365	0.01517	0.03955	0.00653	0.00577	0.00186	0.00854	0.00495	0.00318	0.00894
52	0.00866	0.00633	0.00728	0.00770	0.00924	0.00558	0.00557	0.01013	0.01362	0.04757	0.04947	0.29871	0.40937	0.04964	0.00877	0.00249	0.00371	0.04481	0.00588	0.00548
53	0.01578	0.05697	0.27987	0.09080	0.08577	0.14666	0.13855	0.04263	0.03114	0.01966	0.02623	0.01505	0.00993	0.00622	0.00624	0.00194	0.00932	0.00540	0.00322	0.00865
54	0.05976	0.10028	0.11742	0.01917	0.15711	0.05025	0.08063	0.07139	0.07550	0.11728	0.01639	0.07845	0.01350	0.00756	0.00615	0.00195	0.00720	0.00651	0.00445	0.00906
55	0.01412	0.05075	0.25146	0.02260	0.26619	0.01373	0.01690	0.03676	0.05777	0.03809	0.01685	0.09428	0.03608	0.00778	0.00627	0.00195	0.00720	0.00678	0.00377	0.05066
56	0.03569	0.08753	0.20053	0.08327	0.21779	0.01508	0.01650	0.01838	0.04347	0.01932	0.04932	0.01724	0.01251	0.01068	0.07665	0.00276	0.07588	0.00561	0.00331	0.00848
57	0.14106	0.09696	0.20263	0.01679	0.07869	0.04599	0.09227	0.08826	0.01562	0.08954	0.04329	0.01549	0.01143	0.00644	0.00576	0.00188	0.00751	0.00525	0.00404	0.03108
58	0.03738	0.04941	0.07229	0.01998	0.19352	0.07619	0.04163	0.16410	0.03637	0.15494	0.01821	0.01891	0.05711	0.00739	0.00655	0.00192	0.02367	0.00605	0.00488	0.00949
59	0.01853	0.04243	0.08366	0.05588	0.23186	0.15241	0.02600	0.07364	0.06566	0.10987	0.01641	0.01788	0.04183	0.00737	0.00667	0.02309	0.00778	0.00576	0.00425	0.00902
60	0.03058	0.07436	0.13895	0.01908	0.17538	0.03595	0.01436	0.16316	0.10293	0.04234	0.04628	0.03099	0.02607	0.00742	0.00646	0.00191	0.02663	0.00600	0.01977	0.03137
61	0.04909	0.06071	0.18797	0.03693	0.12911	0.08476	0.01443	0.08933	0.07592	0.05319	0.07352	0.01846	0.01474	0.03175	0.00683	0.00199	0.00728	0.00572	0.00422	0.05406
62	0.03372	0.08700	0.12368	0.03078	0.11055	0.11489	0.06447	0.14181	0.05439	0.10221	0.04534	0.03530	0.01336	0.00719	0.00614	0.00189	0.00770	0.00592	0.00454	0.00912
63	0.01735	0.11336	0.14917	0.01508	0.05439	0.08612	0.01328	0.16653	0.19838	0.02469	0.01766	0.01794	0.04264	0.00733	0.00594	0.00185	0.00706	0.00568	0.00467	0.05090
64	0.01913	0.01560	0.04848	0.01998	0.20303	0.03140	0.01334	0.23233	0.17204	0.10202	0.01860	0.06419	0.01469	0.00801	0.00644	0.00200	0.00653	0.00676	0.00545	0.00996
65	0.01626	0.09615	0.09471	0.01434	0.06544	0.02905	0.02373	0.18834	0.06617	0.04825	0.14315	0.05683	0.02086	0.00844	0.00654	0.00185	0.02323	0.00690	0.00507	0.08471

[dist]
# distance from previous block
# <min> <max>
17	168

[block]
# block no. 6 follows, 35 sequences, length 12
# corresponding to MSA columns:
# 917-928
name=unknown_G
#
# <colnr> <probs for GDERKNQSTAVLIFYWHMCP>
#	G	D	E	R	K	N	Q	S	T	A	V	L	I	F	Y	W	H	M	C	P
0	0.03769	0.01588	0.04611	0.01813	0.15706	0.07106	0.02777	0.18294	0.06843	0.17743	0.03571	0.01746	0.01304	0.00695	0.00611	0.00182	0.00673	0.00571	0.00528	0.09870
1	0.05998	0.01554	0.01602	0.01425	0.06124	0.08005	0.01063	0.26223	0.18183	0.04384	0.06982	0.01939	0.01609	0.02258	0.00659	0.00192	0.00625	0.00607	0.00552	0.10015
2	0.04232	0.01559	0.04174	0.01937	0.18572	0.06996	0.04848	0.15915	0.08877	0.08768	0.07012	0.03684	0.01577	0.00740	0.00625	0.00186	0.00672	0.00632	0.00495	0.08499
3	0.14327	0.01302	0.01287	0.01110	0.01489	0.05673	0.00869	0.07472	0.25282	0.06772	0.02189	0.08655	0.05698	0.00870	0.00591	0.00189	0.00528	0.00698	0.00540	0.14457
4	0.01159	0.00912	0.00878	0.00831	0.00897	0.07291	0.00518	0.06210	0.01150	0.01460	0.01874	0.03695	0.02086	0.65307	0.02806	0.00544	0.00668	0.00852	0.00398	0.00466
5	0.08089	0.01787	0.01637	0.01339	0.01761	0.14039	0.01074	0.41461	0.08405	0.03165	0.01850	0.01857	0.06367	0.00800	0.00609	0.00189	0.00700	0.00596	0.03347	0.00929
6	0.01078	0.00871	0.00945	0.01061	0.07253	0.06337	0.00602	0.01132	0.01058	0.01359	0.01968	0.09440	0.02227	0.59111	0.02608	0.00515	0.00648	0.00921	0.00390	0.00476
7	0.63791	0.01203	0.01178	0.01004	0.01397	0.01332	0.06255	0.01895	0.01177	0.07983	0.01233	0.06949	0.01040	0.00705	0.00470	0.00202	0.00531	0.00508	0.00431	0.00716
8	0.01381	0.01359	0.08226	0.01650	0.07177	0.04002	0.16998	0.05820	0.01501	0.07431	0.03989	0.18347	0.08327	0.07102	0.00917	0.00250	0.00692	0.03611	0.00473	0.00747
9	0.06089	0.01860	0.01928	0.01900	0.15645	0.18199	0.03834	0.23701	0.03758	0.06103	0.01326	0.01457	0.01011	0.00653	0.00593	0.00175	0.00774	0.00513	0.00458	0.10021
10	0.07899	0.01652	0.01867	0.01707	0.10849	0.09056	0.05355	0.26011	0.09410	0.09722	0.01531	0.01594	0.01130	0.00684	0.00602	0.00183	0.00699	0.00550	0.00517	0.08984
11	0.04085	0.05434	0.06881	0.01252	0.01716	0.03963	0.01076	0.16631	0.22201	0.12213	0.07461	0.02013	0.01706	0.00771	0.00606	0.00185	0.00590	0.00614	0.00571	0.10031

[dist]
# distance from previous block
# <min> <max>
28	70

[block]
# block no. 7 follows, 35 sequences, length 28
# corresponding to MSA columns:
# 1020-1047
name=unknown_H
#
# <colnr> <probs for GDERKNQSTAVLIFYWHMCP>
#	G	D	E	R	K	N	Q	S	T	A	V	L	I	F	Y	W	H	M	C	P
0	0.15466	0.30114	0.27392	0.01339	0.01978	0.04710	0.01463	0.05668	0.03128	0.02068	0.01050	0.01196	0.00830	0.00595	0.00497	0.00175	0.00751	0.00409	0.00321	0.00851
1	0.01735	0.50058	0.17233	0.01294	0.01909	0.02210	0.01357	0.13926	0.01591	0.02027	0.01043	0.01169	0.00858	0.00592	0.00485	0.00158	0.00733	0.00405	0.00333	0.00884
2	0.01568	0.02424	0.38497	0.04522	0.02520	0.01576	0.08895	0.17958	0.08485	0.02530	0.03927	0.01649	0.01174	0.00682	0.00635	0.00202	0.00829	0.00572	0.00408	0.00947
3	0.01237	0.01042	0.01223	0.00951	0.01412	0.00832	0.00738	0.01579	0.05482	0.02025	0.01621	0.14456	0.01559	0.00754	0.00539	0.00129	0.00454	0.00642	0.00428	0.62898
4	0.01222	0.01028	0.01216	0.00930	0.01403	0.00789	0.00724	0.01474	0.01298	0.01990	0.01535	0.14394	0.01500	0.00731	0.00528	0.00122	0.00452	0.00622	0.00413	0.67628
5	0.01812	0.01408	0.02216	0.03014	0.50380	0.01404	0.01625	0.06078	0.05777	0.14646	0.04228	0.01834	0.01348	0.00659	0.00636	0.00192	0.00682	0.00609	0.00447	0.01007
6	0.01577	0.06028	0.01625	0.01593	0.13886	0.19678	0.01054	0.01845	0.01636	0.05202	0.24798	0.02455	0.02591	0.00821	0.00617	0.00169	0.00648	0.00678	0.00470	0.12627
7	0.01380	0.24263	0.37196	0.01393	0.02108	0.01613	0.01608	0.01860	0.01347	0.01901	0.05191	0.01437	0.01126	0.00602	0.00532	0.00164	0.00746	0.00454	0.00312	0.14766
8	0.01064	0.13976	0.01190	0.00797	0.00899	0.00983	0.00550	0.01115	0.01002	0.01303	0.01863	0.03520	0.03578	0.58009	0.05195	0.00528	0.02772	0.00813	0.00365	0.00477
9	0.01513	0.01541	0.06152	0.02477	0.34644	0.04137	0.03228	0.02189	0.16589	0.02189	0.04252	0.01792	0.01364	0.00645	0.00609	0.00179	0.00667	0.00581	0.00408	0.14843
10	0.01633	0.01179	0.01631	0.06786	0.04593	0.00990	0.06565	0.01942	0.01430	0.16249	0.01414	0.01551	0.01061	0.00553	0.00543	0.00136	0.00570	0.00478	0.00443	0.50253
11	0.01212	0.00722	0.00926	0.00833	0.01050	0.00647	0.00639	0.01482	0.01749	0.14757	0.51520	0.04492	0.14986	0.01254	0.00729	0.00201	0.00344	0.01087	0.00697	0.00672
12	0.01195	0.01064	0.04461	0.01326	0.09411	0.02996	0.00926	0.03030	0.13402	0.04166	0.29683	0.16164	0.07201	0.01204	0.00712	0.00210	0.00463	0.01057	0.00593	0.00735
13	0.01229	0.02842	0.61783	0.01698	0.02499	0.01345	0.02116	0.01889	0.01360	0.01990	0.01521	0.02341	0.01294	0.00801	0.00650	0.00217	0.00877	0.12348	0.00322	0.00877
14	0.01450	0.16033	0.40153	0.14549	0.05915	0.05843	0.01904	0.01977	0.01361	0.03631	0.01119	0.01362	0.00842	0.00603	0.00574	0.00188	0.00869	0.00467	0.00289	0.00871
15	0.26524	0.33129	0.02179	0.13994	0.02012	0.09716	0.01094	0.01908	0.01275	0.01939	0.00935	0.01151	0.00781	0.00585	0.00459	0.00170	0.00699	0.00387	0.00316	0.00748
16	0.02230	0.01174	0.01446	0.01153	0.01557	0.01165	0.00943	0.18457	0.01944	0.38475	0.02818	0.02651	0.13790	0.01065	0.03059	0.00229	0.05490	0.00739	0.00670	0.00945
17	0.00936	0.00679	0.00763	0.00751	0.00924	0.00641	0.00556	0.01272	0.06715	0.02123	0.25065	0.11155	0.27638	0.03246	0.00756	0.00212	0.00335	0.01139	0.14502	0.00593
18	0.00886	0.00633	0.00855	0.00883	0.00944	0.00679	0.00616	0.01014	0.01025	0.01420	0.02149	0.17571	0.02334	0.28656	0.36643	0.00736	0.01078	0.00979	0.00403	0.00496
19	0.01782	0.11780	0.13576	0.01289	0.01785	0.01656	0.01210	0.27672	0.13832	0.02840	0.01647	0.01713	0.01237	0.00720	0.00568	0.00182	0.00632	0.00552	0.14403	0.00925
20	0.01338	0.01293	0.02299	0.04177	0.29627	0.01266	0.20444	0.01707	0.03139	0.01882	0.01941	0.02668	0.08021	0.13978	0.01128	0.00276	0.00767	0.02887	0.00369	0.00794
21	0.01263	0.01194	0.02020	0.63611	0.16433	0.01426	0.01794	0.01678	0.01299	0.01699	0.01139	0.01670	0.00873	0.00622	0.00633	0.00207	0.00830	0.00564	0.00287	0.00757
22	0.01142	0.00597	0.00609	0.00606	0.00757	0.00589	0.00454	0.01430	0.01363	0.02338	0.06289	0.02711	0.05973	0.00820	0.00478	0.00154	0.00297	0.00665	0.72139	0.00589
23	0.01570	0.01507	0.02575	0.03894	0.73748	0.01507	0.01947	0.01947	0.01444	0.02073	0.01193	0.01570	0.01005	0.00565	0.00628	0.00188	0.00754	0.00565	0.00314	0.01005
24	0.00858	0.00628	0.00806	0.00802	0.00934	0.00575	0.00586	0.01105	0.01642	0.02275	0.52692	0.20165	0.11627	0.01470	0.00761	0.00213	0.00316	0.01303	0.00666	0.00575
25	0.00922	0.00618	0.00708	0.00708	0.00713	0.00624	0.00404	0.00933	0.00927	0.01242	0.01984	0.04071	0.02272	0.74182	0.06704	0.00635	0.00667	0.00911	0.00382	0.00393
26	0.00938	0.00655	0.00836	0.00794	0.00952	0.00598	0.00591	0.01203	0.01704	0.04672	0.58268	0.08930	0.12795	0.03262	0.00810	0.00215	0.00321	0.01183	0.00675	0.00597
27	0.01566	0.01519	0.02640	0.03826	0.69828	0.01513	0.05815	0.01952	0.01447	0.02070	0.01198	0.01578	0.01003	0.00564	0.00635	0.00190	0.00771	0.00575	0.00314	0.00997

[dist]
# distance from previous block
# <min> <max>
0	1

[block]
# block no. 8 follows, 35 sequences, length 19
# corresponding to MSA columns:
# 1049-1067
name=unknown_I
#
# <colnr> <probs for GDERKNQSTAVLIFYWHMCP>
#	G	D	E	R	K	N	Q	S	T	A	V	L	I	F	Y	W	H	M	C	P
0	0.01571	0.01473	0.02441	0.03449	0.60618	0.01484	0.04345	0.05433	0.04279	0.02217	0.05433	0.01786	0.01330	0.00627	0.00640	0.00191	0.00727	0.00612	0.00365	0.00980
1	0.12262	0.49490	0.17489	0.01223	0.01818	0.05201	0.01296	0.01944	0.01293	0.01779	0.00939	0.01090	0.00795	0.00566	0.00452	0.00158	0.00726	0.00369	0.00289	0.00819
2	0.40457	0.11961	0.01685	0.01467	0.12661	0.05689	0.01031	0.06878	0.04134	0.07156	0.01151	0.01277	0.00893	0.00618	0.00483	0.00185	0.00611	0.00430	0.00412	0.00821
3	0.01934	0.14010	0.05607	0.01925	0.15119	0.27332	0.03791	0.08532	0.07887	0.03576	0.03573	0.01509	0.01159	0.00665	0.00583	0.00176	0.00852	0.00511	0.00390	0.00868
4	0.00916	0.00641	0.00825	0.00825	0.00871	0.00687	0.00550	0.01008	0.00962	0.01328	0.01877	0.03479	0.02015	0.48154	0.32381	0.00779	0.01054	0.00824	0.00366	0.00458
5	0.08875	0.01459	0.01628	0.01460	0.06967	0.07094	0.03853	0.22732	0.10065	0.12470	0.12959	0.02257	0.03725	0.00833	0.00635	0.00195	0.00619	0.00680	0.00584	0.00908
6	0.01691	0.64568	0.11570	0.01193	0.01780	0.02355	0.01240	0.06253	0.01400	0.01709	0.00952	0.01087	0.00829	0.00563	0.00444	0.00147	0.00710	0.00369	0.00294	0.00845
7	0.01330	0.01266	0.01903	0.52419	0.14850	0.05748	0.01647	0.01713	0.01324	0.01743	0.01194	0.01683	0.00929	0.00646	0.00655	0.00202	0.02903	0.00557	0.06542	0.00745
8	0.82186	0.01227	0.00932	0.00834	0.01227	0.01423	0.00687	0.01865	0.01080	0.02846	0.00883	0.01031	0.00687	0.00589	0.00393	0.00196	0.00491	0.00344	0.00393	0.00687
9	0.00875	0.00648	0.00816	0.00774	0.00934	0.00589	0.00581	0.01153	0.01742	0.02415	0.63045	0.04950	0.16434	0.01345	0.00748	0.00202	0.00303	0.01177	0.00681	0.00589
10	0.82186	0.01227	0.00932	0.00834	0.01227	0.01423	0.00687	0.01865	0.01080	0.02846	0.00883	0.01031	0.00687	0.00589	0.00393	0.00196	0.00491	0.00344	0.00393	0.00687
11	0.01525	0.01376	0.01368	0.01267	0.01584	0.07653	0.00995	0.02886	0.52886	0.02431	0.05088	0.03070	0.04499	0.00995	0.00675	0.00220	0.00554	0.09418	0.00611	0.00899
12	0.00780	0.00558	0.00743	0.00878	0.00922	0.00520	0.00589	0.00901	0.01248	0.01673	0.07530	0.73106	0.04299	0.01948	0.00806	0.00254	0.00364	0.01766	0.00595	0.00520
13	0.00997	0.00778	0.01051	0.01002	0.01051	0.00923	0.00735	0.01118	0.00973	0.01386	0.01667	0.02958	0.01740	0.33095	0.33820	0.00729	0.14360	0.00754	0.00347	0.00516
14	0.00765	0.00582	0.00705	0.00804	0.00899	0.00522	0.00553	0.00892	0.01291	0.01651	0.04468	0.53694	0.27166	0.01861	0.00790	0.00243	0.00353	0.01649	0.00589	0.00522
15	0.01548	0.01485	0.02535	0.08179	0.69635	0.01502	0.01936	0.01928	0.01434	0.02046	0.01189	0.01577	0.00995	0.00569	0.00628	0.00190	0.00759	0.00565	0.00312	0.00987
16	0.01452	0.01311	0.04262	0.01724	0.18069	0.01054	0.04052	0.01780	0.01377	0.05462	0.01214	0.01431	0.00980	0.00514	0.00530	0.00129	0.00579	0.00450	0.00375	0.53254
17	0.01227	0.00830	0.00996	0.00903	0.01141	0.00808	0.00694	0.01774	0.14817	0.10800	0.41341	0.04218	0.15516	0.01206	0.00717	0.00204	0.00368	0.01039	0.00681	0.00720
18	0.06872	0.18542	0.11399	0.01422	0.08971	0.03442	0.01184	0.06407	0.01456	0.02121	0.04493	0.01430	0.01128	0.00584	0.00511	0.00147	0.00632	0.00447	0.00365	0.28449

[dist]
# distance from previous block
# <min> <max>
1	9

[block]
# block no. 9 follows, 35 sequences, length 24
# corresponding to MSA columns:
# 1077-1100
name=unknown_J
#
# <colnr> <probs for GDERKNQSTAVLIFYWHMCP>
#	G	D	E	R	K	N	Q	S	T	A	V	L	I	F	Y	W	H	M	C	P
0	0.01518	0.01453	0.02453	0.03688	0.69132	0.01446	0.01854	0.01881	0.01445	0.02050	0.01525	0.01857	0.05595	0.00631	0.00636	0.00190	0.00726	0.00614	0.00331	0.00975
1	0.01338	0.01004	0.01203	0.01102	0.01347	0.01103	0.00870	0.02126	0.26740	0.08437	0.15458	0.03458	0.10774	0.01576	0.09996	0.00320	0.06364	0.05415	0.00591	0.00779
2	0.01492	0.01695	0.03654	0.02624	0.03233	0.01621	0.67958	0.02007	0.01471	0.02007	0.01261	0.01695	0.00956	0.00563	0.00815	0.00217	0.04824	0.00739	0.00319	0.00848
3	0.00992	0.00620	0.00826	0.00896	0.00992	0.00574	0.00627	0.01143	0.01350	0.08418	0.13216	0.56320	0.04140	0.03882	0.00854	0.00255	0.00387	0.03317	0.00617	0.00577
4	0.00791	0.00612	0.00722	0.00764	0.00900	0.00542	0.00546	0.00965	0.01442	0.01866	0.20392	0.31261	0.33575	0.01673	0.00771	0.00226	0.00333	0.01462	0.00614	0.00542
5	0.00899	0.00653	0.00850	0.00815	0.00967	0.00604	0.00620	0.01192	0.01759	0.02467	0.66101	0.04950	0.08736	0.01339	0.00756	0.00206	0.00318	0.05483	0.00686	0.00595
6	0.01198	0.01128	0.01903	0.76180	0.04369	0.01409	0.01762	0.01621	0.01268	0.01621	0.01128	0.01691	0.00846	0.00634	0.00634	0.00211	0.00846	0.00564	0.00282	0.00705
7	0.02736	0.01104	0.01469	0.01143	0.01622	0.00988	0.00939	0.03116	0.07942	0.67996	0.02510	0.02177	0.01602	0.00792	0.00639	0.00198	0.00537	0.00645	0.00773	0.01073
8	0.01764	0.46773	0.11015	0.01234	0.01752	0.10608	0.01210	0.02033	0.01425	0.07922	0.05887	0.01426	0.01223	0.00649	0.00537	0.00160	0.02760	0.00448	0.00350	0.00825
9	0.01777	0.04930	0.01601	0.01367	0.01725	0.19634	0.01062	0.03105	0.52326	0.02336	0.02120	0.02012	0.01616	0.00797	0.00618	0.00199	0.00667	0.00626	0.00552	0.00931
10	0.02319	0.02018	0.01712	0.01429	0.01842	0.27110	0.01128	0.26905	0.10483	0.13773	0.03869	0.01689	0.01318	0.00756	0.00618	0.00185	0.00793	0.00560	0.00554	0.00936
11	0.00850	0.00634	0.00782	0.00883	0.00971	0.00612	0.00609	0.01117	0.07424	0.01739	0.03727	0.60515	0.12117	0.01814	0.00779	0.00246	0.00372	0.01624	0.02625	0.00562
12	0.82186	0.01227	0.00932	0.00834	0.01227	0.01423	0.00687	0.01865	0.01080	0.02846	0.00883	0.01031	0.00687	0.00589	0.00393	0.00196	0.00491	0.00344	0.00393	0.00687
13	0.02085	0.02532	0.01927	0.01795	0.06840	0.53131	0.07294	0.02449	0.08443	0.01742	0.01444	0.01585	0.04564	0.00704	0.00607	0.00177	0.01009	0.00524	0.00369	0.00780
14	0.00809	0.00620	0.00742	0.00765	0.00907	0.00552	0.00554	0.01006	0.01507	0.01985	0.29612	0.25437	0.30009	0.01602	0.00766	0.00221	0.00326	0.01400	0.00628	0.00552
15	0.00772	0.00556	0.00732	0.00873	0.00917	0.00516	0.00584	0.00884	0.01225	0.01624	0.03623	0.74216	0.07189	0.01971	0.00807	0.00256	0.00366	0.01783	0.00589	0.00516
16	0.00835	0.00578	0.00740	0.00829	0.00906	0.00540	0.00573	0.01003	0.01349	0.01875	0.17161	0.53018	0.07155	0.01718	0.00760	0.00234	0.00346	0.01540	0.08299	0.00540
17	0.02370	0.03023	0.01798	0.01634	0.01961	0.75158	0.01226	0.02533	0.01798	0.01553	0.00981	0.01144	0.00817	0.00654	0.00572	0.00163	0.01144	0.00409	0.00327	0.00735
18	0.01163	0.00914	0.01020	0.00969	0.01176	0.00956	0.00714	0.07733	0.20892	0.02196	0.12249	0.20220	0.15557	0.10092	0.01009	0.00266	0.00444	0.01135	0.00599	0.00696
19	0.00822	0.00655	0.00827	0.07838	0.01236	0.00621	0.00675	0.01001	0.01358	0.01726	0.08735	0.34457	0.31505	0.01657	0.00769	0.00234	0.00399	0.04368	0.00567	0.00549
20	0.00794	0.00570	0.00764	0.00882	0.00935	0.00540	0.00601	0.00931	0.01267	0.01712	0.10988	0.65256	0.04245	0.02067	0.04938	0.00294	0.00435	0.01670	0.00587	0.00527
21	0.09611	0.01658	0.01724	0.01469	0.03887	0.07191	0.03810	0.30545	0.27765	0.03091	0.01786	0.01762	0.01326	0.00759	0.00615	0.00199	0.00657	0.00597	0.00571	0.00978
22	0.09413	0.06296	0.24926	0.01561	0.04720	0.10124	0.05693	0.08172	0.01579	0.11155	0.01341	0.01468	0.00979	0.00634	0.00570	0.00183	0.00778	0.00494	0.04422	0.05492
23	0.24268	0.13105	0.01793	0.01219	0.01677	0.07662	0.01022	0.29262	0.05922	0.06498	0.01315	0.01360	0.00982	0.00679	0.00530	0.00183	0.00655	0.00472	0.00497	0.00900

[dist]
# distance from previous block
# <min> <max>
2	6

[block]
# block no. 10 follows, 35 sequences, length 14
# corresponding to MSA columns:
# 1107-1120
name=unknown_K
#
# <colnr> <probs for GDERKNQSTAVLIFYWHMCP>
#	G	D	E	R	K	N	Q	S	T	A	V	L	I	F	Y	W	H	M	C	P
0	0.01676	0.01600	0.04576	0.02798	0.27789	0.01524	0.31135	0.05138	0.06854	0.08279	0.01458	0.01731	0.01102	0.00602	0.00681	0.00202	0.00852	0.00658	0.00394	0.00950
1	0.01236	0.01166	0.01971	0.68842	0.11413	0.01419	0.01781	0.01654	0.01286	0.01667	0.01134	0.01679	0.00862	0.00627	0.00634	0.00209	0.00836	0.00564	0.00285	0.00735
2	0.01004	0.00773	0.01081	0.01111	0.01285	0.00760	0.04217	0.01366	0.05945	0.01987	0.13225	0.16125	0.09798	0.01596	0.00818	0.00259	0.00509	0.36939	0.00592	0.00612
