[name]
unknown

[dist]
# distance from previous block
# <min> <max>
3	80

[block]
# block no. 0 follows, 35 sequences, length 10
# corresponding to MSA columns:
# 81-90
name=unknown_A
#
# <colnr> <probs for GDERKNQSTAVLIFYWHMCP>
#	G	D	E	R	K	N	Q	S	T	A	V	L	I	F	Y	W	H	M	C	P
0	0.06074	0.00744	0.00847	0.00819	0.00982	0.00721	0.00585	0.04803	0.01377	0.04494	0.12283	0.21548	0.11904	0.16558	0.02650	0.00304	0.00457	0.01097	0.07577	0.04178
1	0.01155	0.00714	0.00902	0.00887	0.01041	0.00680	0.00649	0.04232	0.01462	0.10365	0.16726	0.27650	0.09329	0.10517	0.04690	0.00310	0.00486	0.04261	0.03331	0.00616
2	0.01266	0.00780	0.00946	0.00900	0.01089	0.00748	0.00656	0.05169	0.04939	0.13532	0.07728	0.25355	0.16479	0.12932	0.04233	0.00315	0.00499	0.01189	0.00592	0.00652
3	0.00902	0.00631	0.00775	0.00828	0.00918	0.00603	0.00570	0.03679	0.01361	0.01867	0.14180	0.43125	0.09082	0.11181	0.01064	0.00279	0.00392	0.01420	0.06603	0.00540
4	0.06433	0.00831	0.01007	0.00943	0.01170	0.00797	0.00704	0.05593	0.03521	0.19088	0.09385	0.31558	0.09753	0.05170	0.00837	0.00243	0.00440	0.01191	0.00627	0.00708
5	0.01670	0.01001	0.01153	0.01037	0.01312	0.04558	0.00799	0.05583	0.08735	0.23275	0.05535	0.19023	0.08046	0.01546	0.08457	0.00294	0.00616	0.00964	0.05610	0.00785
6	0.05088	0.00697	0.00798	0.00783	0.00958	0.00640	0.00563	0.01247	0.01359	0.10335	0.08944	0.21521	0.27632	0.13093	0.01102	0.00280	0.00409	0.01218	0.02747	0.00586
7	0.10541	0.01265	0.04621	0.01279	0.04649	0.01284	0.01013	0.18203	0.09892	0.11283	0.01803	0.04568	0.01441	0.01768	0.18976	0.00399	0.00861	0.00637	0.04670	0.00847
8	0.01726	0.00940	0.01155	0.00998	0.01287	0.00913	0.00770	0.08156	0.08143	0.25925	0.13154	0.11017	0.07288	0.08321	0.03556	0.00272	0.00520	0.00911	0.04147	0.00802
9	0.01367	0.00850	0.01043	0.00914	0.01170	0.00810	0.00711	0.06877	0.06223	0.14798	0.42719	0.04091	0.13502	0.01183	0.00715	0.00201	0.00386	0.01016	0.00691	0.00733

[dist]
# distance from previous block
# <min> <max>
0	3

[block]
# block no. 1 follows, 35 sequences, length 119
# corresponding to MSA columns:
# 94-136,149-224
name=unknown_B
#
# <colnr> <probs for GDERKNQSTAVLIFYWHMCP>
#	G	D	E	R	K	N	Q	S	T	A	V	L	I	F	Y	W	H	M	C	P
0	0.00940	0.00741	0.00864	0.00823	0.00980	0.03657	0.00614	0.01213	0.01739	0.02389	0.61401	0.08069	0.11529	0.01329	0.00744	0.00202	0.00339	0.01164	0.00669	0.00595
1	0.00972	0.00753	0.00935	0.00928	0.01010	0.03789	0.00665	0.01116	0.01017	0.01390	0.01776	0.03027	0.01811	0.30536	0.46525	0.00840	0.01291	0.00755	0.00355	0.00509
2	0.00934	0.00694	0.00752	0.00792	0.00817	0.03650	0.00484	0.00976	0.01052	0.01368	0.02436	0.27411	0.02849	0.50328	0.02346	0.00482	0.00558	0.01183	0.00447	0.00441
3	0.04666	0.09143	0.57721	0.01882	0.07138	0.01564	0.05347	0.01991	0.01339	0.02006	0.01117	0.01332	0.00820	0.00592	0.00586	0.00195	0.00892	0.00472	0.00279	0.00918
4	0.01298	0.11483	0.63485	0.01680	0.02544	0.01550	0.02127	0.01952	0.01338	0.01940	0.01328	0.01500	0.03795	0.00637	0.00587	0.00194	0.00883	0.00490	0.00281	0.00907
5	0.07172	0.01587	0.02253	0.07069	0.52875	0.08600	0.01693	0.04147	0.01472	0.02078	0.01192	0.01603	0.01012	0.03759	0.00714	0.00205	0.00771	0.00550	0.00332	0.00918
6	0.00916	0.00612	0.00694	0.00700	0.00701	0.00611	0.00393	0.00921	0.00935	0.01246	0.02060	0.07161	0.02384	0.74590	0.03129	0.00600	0.00605	0.00959	0.00393	0.00390
7	0.01515	0.08138	0.04099	0.01507	0.10664	0.05756	0.02805	0.14062	0.03433	0.04237	0.04453	0.18786	0.07455	0.01027	0.00646	0.00192	0.00600	0.00877	0.00489	0.09258
8	0.01792	0.67623	0.03121	0.01148	0.01675	0.07150	0.01103	0.07083	0.01447	0.01681	0.00936	0.01063	0.00834	0.00566	0.00434	0.00142	0.00710	0.00361	0.00302	0.00829
9	0.01748	0.61957	0.10656	0.01187	0.01767	0.02294	0.01219	0.06231	0.01422	0.05067	0.01023	0.01135	0.00864	0.00574	0.00452	0.00149	0.00701	0.00381	0.00317	0.00856
10	0.02348	0.01839	0.01839	0.01451	0.01928	0.09002	0.01181	0.56758	0.08974	0.05841	0.01595	0.01581	0.01145	0.00761	0.00630	0.00190	0.00719	0.00570	0.00610	0.01039
11	0.01102	0.00551	0.00826	0.00826	0.00826	0.00551	0.00551	0.00826	0.00826	0.01102	0.01102	0.01928	0.01102	0.02204	0.02479	0.81543	0.00551	0.00551	0.00275	0.00275
12	0.01324	0.02953	0.60430	0.02097	0.09746	0.01490	0.09112	0.02005	0.01365	0.02018	0.01158	0.01399	0.00839	0.00592	0.00620	0.00201	0.00933	0.00506	0.00278	0.00936
13	0.01740	0.12322	0.05870	0.02564	0.32061	0.08132	0.07859	0.11118	0.05569	0.02204	0.01244	0.01490	0.01004	0.00630	0.00656	0.00187	0.03504	0.00541	0.00366	0.00937
14	0.02089	0.05032	0.05512	0.05064	0.03928	0.45177	0.01283	0.08507	0.13545	0.01983	0.01309	0.01421	0.01030	0.00688	0.00590	0.00178	0.00949	0.00486	0.00399	0.00828
15	0.01102	0.00551	0.00826	0.00826	0.00826	0.00551	0.00551	0.00826	0.00826	0.01102	0.01102	0.01928	0.01102	0.02204	0.02479	0.81543	0.00551	0.00551	0.00275	0.00275
16	0.00900	0.00659	0.00790	0.00750	0.00934	0.00585	0.00565	0.01146	0.01666	0.04364	0.46251	0.05173	0.31102	0.01398	0.00746	0.00205	0.00315	0.01204	0.00660	0.00589
17	0.00966	0.00888	0.05078	0.01175	0.01368	0.00885	0.05733	0.01241	0.01069	0.01539	0.01641	0.02378	0.01502	0.04248	0.66137	0.00921	0.01616	0.00673	0.00335	0.00606
18	0.02412	0.01777	0.01904	0.01460	0.01967	0.01967	0.01206	0.71633	0.02983	0.03998	0.01523	0.01523	0.01079	0.00762	0.00635	0.00190	0.00698	0.00571	0.00635	0.01079
19	0.01426	0.02563	0.42912	0.02585	0.27869	0.03931	0.05770	0.02006	0.01400	0.02018	0.01160	0.01434	0.00884	0.00588	0.00618	0.00196	0.00886	0.00516	0.00289	0.00950
20	0.01388	0.01388	0.01943	0.01666	0.01666	0.01943	0.01388	0.01527	0.00972	0.01527	0.00833	0.01388	0.00833	0.01110	0.02082	0.00278	0.76544	0.00555	0.00278	0.00694
21	0.01478	0.01329	0.04011	0.01300	0.06637	0.01082	0.03474	0.10588	0.01544	0.02311	0.01188	0.01374	0.00958	0.00520	0.00516	0.00121	0.00556	0.00430	0.00399	0.60183
22	0.82186	0.01227	0.00932	0.00834	0.01227	0.01423	0.00687	0.01865	0.01080	0.02846	0.00883	0.01031	0.00687	0.00589	0.00393	0.00196	0.00491	0.00344	0.00393	0.00687
23	0.01521	0.01456	0.02498	0.03637	0.66222	0.01448	0.04340	0.01898	0.01471	0.02104	0.06163	0.01793	0.01346	0.00614	0.00641	0.00190	0.00734	0.00612	0.00341	0.00972
24	0.01272	0.03281	0.74418	0.01808	0.02746	0.01473	0.02344	0.02009	0.01339	0.02009	0.01138	0.01339	0.00804	0.00603	0.00603	0.00201	0.00938	0.00469	0.00268	0.00938
25	0.00917	0.00617	0.00716	0.00721	0.00730	0.00624	0.00419	0.00936	0.00939	0.01259	0.02027	0.06422	0.02318	0.70220	0.08099	0.00631	0.00682	0.00935	0.00388	0.00401
26	0.82186	0.01227	0.00932	0.00834	0.01227	0.01423	0.00687	0.01865	0.01080	0.02846	0.00883	0.01031	0.00687	0.00589	0.00393	0.00196	0.00491	0.00344	0.00393	0.00687
27	0.01568	0.01509	0.02576	0.03794	0.70031	0.01512	0.03740	0.01986	0.03295	0.02087	0.01232	0.01595	0.01028	0.00572	0.00632	0.00190	0.00755	0.00574	0.00323	0.01001
28	0.00923	0.00615	0.00692	0.00692	0.00692	0.00615	0.00384	0.00923	0.00923	0.01230	0.01999	0.04151	0.02306	0.77705	0.03229	0.00615	0.00615	0.00923	0.00384	0.00384
29	0.01113	0.00980	0.03773	0.01374	0.12258	0.00916	0.00917	0.01652	0.12432	0.02398	0.44463	0.03800	0.06557	0.03634	0.00791	0.00214	0.00433	0.00968	0.00602	0.00725
30	0.01095	0.00820	0.01207	0.13562	0.01689	0.00888	0.03361	0.03169	0.03354	0.04080	0.02394	0.39527	0.02623	0.01576	0.01083	0.11697	0.05623	0.01195	0.00473	0.00586
31	0.02041	0.01593	0.01695	0.01385	0.01826	0.01794	0.01116	0.41328	0.33890	0.03401	0.01993	0.01898	0.01460	0.00806	0.00639	0.00201	0.00611	0.00636	0.00639	0.01046
32	0.02298	0.01216	0.01668	0.01319	0.01695	0.01262	0.03566	0.09078	0.01678	0.43431	0.01924	0.01908	0.01325	0.01034	0.04695	0.00252	0.16966	0.00612	0.00610	0.03462
33	0.82186	0.01227	0.00932	0.00834	0.01227	0.01423	0.00687	0.01865	0.01080	0.02846	0.00883	0.01031	0.00687	0.00589	0.00393	0.00196	0.00491	0.00344	0.00393	0.00687
34	0.01688	0.01524	0.02483	0.03450	0.59860	0.01541	0.04301	0.08809	0.03816	0.04421	0.01311	0.01613	0.01056	0.00599	0.00634	0.00191	0.00745	0.00579	0.00370	0.01009
35	0.00916	0.00612	0.00694	0.00701	0.00702	0.00610	0.00394	0.00921	0.00936	0.01248	0.02068	0.07538	0.02394	0.74199	0.03117	0.00598	0.00604	0.00963	0.00394	0.00390
36	0.00962	0.00621	0.00838	0.00838	0.00877	0.00660	0.00566	0.00970	0.00932	0.01281	0.01670	0.03023	0.01756	0.33687	0.27691	0.21150	0.00970	0.00746	0.00342	0.00419
37	0.02334	0.02929	0.01804	0.03992	0.02038	0.70825	0.01242	0.04389	0.01813	0.01621	0.01000	0.01172	0.00825	0.00656	0.00576	0.00166	0.01122	0.00418	0.00334	0.00744
38	0.01742	0.67412	0.06416	0.01172	0.01711	0.09495	0.01156	0.01966	0.01341	0.01522	0.00903	0.01045	0.00814	0.00556	0.00432	0.00141	0.00735	0.00352	0.00277	0.00812
39	0.01708	0.01772	0.22778	0.01382	0.02026	0.01104	0.07033	0.02128	0.01467	0.21141	0.01575	0.03747	0.01162	0.00641	0.00585	0.00167	0.00670	0.00544	0.00455	0.27916
40	0.01377	0.10124	0.53981	0.01893	0.09437	0.03891	0.02059	0.02034	0.03756	0.01987	0.03034	0.01447	0.00997	0.00622	0.00591	0.00193	0.00870	0.00490	0.00298	0.00919
41	0.01975	0.08669	0.15232	0.01694	0.10232	0.23471	0.01379	0.02297	0.01613	0.17587	0.06005	0.04187	0.01438	0.00738	0.00603	0.00183	0.00810	0.00575	0.00442	0.00870
42	0.01696	0.78087	0.03324	0.01085	0.01628	0.02510	0.01085	0.01900	0.01289	0.01493	0.00882	0.01018	0.00814	0.00543	0.00407	0.00136	0.00678	0.00339	0.00271	0.00814
43	0.01596	0.01489	0.02557	0.06032	0.67001	0.01489	0.04175	0.01976	0.01452	0.04333	0.01235	0.01597	0.01016	0.00573	0.00632	0.00190	0.00760	0.00573	0.00328	0.00993
44	0.82186	0.01227	0.00932	0.00834	0.01227	0.01423	0.00687	0.01865	0.01080	0.02846	0.00883	0.01031	0.00687	0.00589	0.00393	0.00196	0.00491	0.00344	0.00393	0.00687
45	0.00757	0.00615	0.00671	0.00717	0.00876	0.00529	0.00515	0.00902	0.01375	0.01685	0.05524	0.28041	0.52138	0.01724	0.00768	0.00228	0.00336	0.01482	0.00589	0.00529
46	0.01501	0.01700	0.03677	0.02743	0.07331	0.01599	0.67481	0.02027	0.01494	0.02034	0.01278	0.01703	0.00965	0.00536	0.00742	0.00212	0.01052	0.00738	0.00320	0.00864
47	0.01578	0.01363	0.01434	0.01291	0.01650	0.01578	0.01004	0.03371	0.72602	0.02654	0.02582	0.02367	0.01937	0.00861	0.00646	0.00215	0.00502	0.00717	0.00646	0.01004
48	0.02412	0.01777	0.01904	0.01460	0.01967	0.01967	0.01206	0.71633	0.02983	0.03998	0.01523	0.01523	0.01079	0.00762	0.00635	0.00190	0.00698	0.00571	0.00635	0.01079
49	0.01462	0.01961	0.14964	0.02536	0.03225	0.01583	0.60473	0.02028	0.01472	0.02028	0.01260	0.01652	0.00937	0.00546	0.00725	0.00212	0.01049	0.00704	0.00312	0.00869
50	0.01696	0.78087	0.03324	0.01085	0.01628	0.02510	0.01085	0.01900	0.01289	0.01493	0.00882	0.01018	0.00814	0.00543	0.00407	0.00136	0.00678	0.00339	0.00271	0.00814
51	0.02846	0.01080	0.01472	0.01129	0.01619	0.00932	0.00932	0.03092	0.01816	0.74187	0.02503	0.02159	0.01570	0.00785	0.00638	0.00196	0.00540	0.00638	0.00785	0.01080
52	0.01221	0.01151	0.01944	0.71721	0.08649	0.01415	0.01773	0.01641	0.01279	0.01649	0.01132	0.01684	0.00855	0.00630	0.00634	0.00210	0.00840	0.00564	0.00284	0.00723
53	0.00923	0.00615	0.00692	0.00692	0.00692	0.00615	0.00384	0.00923	0.00923	0.01230	0.01999	0.04151	0.02306	0.77705	0.03229	0.00615	0.00615	0.00923	0.00384	0.00384
54	0.00906	0.00680	0.01020	0.01020	0.01133	0.00793	0.00793	0.01133	0.01020	0.01473	0.01699	0.02492	0.01586	0.04758	0.75191	0.01020	0.01699	0.00680	0.00340	0.00566
55	0.05255	0.01084	0.01456	0.01120	0.01608	0.00947	0.00925	0.03054	0.01793	0.72021	0.02454	0.02125	0.01544	0.00779	0.00631	0.00196	0.00538	0.00629	0.00773	0.01068
56	0.00845	0.00595	0.00753	0.00837	0.00933	0.00540	0.00580	0.00988	0.01335	0.03983	0.11013	0.54310	0.17326	0.01809	0.00787	0.00242	0.00358	0.01614	0.00606	0.00545
57	0.02412	0.01777	0.01904	0.01460	0.01967	0.01967	0.01206	0.71633	0.02983	0.03998	0.01523	0.01523	0.01079	0.00762	0.00635	0.00190	0.00698	0.00571	0.00635	0.01079
58	0.01397	0.01308	0.01836	0.42396	0.11638	0.03954	0.01535	0.02222	0.22983	0.01986	0.01572	0.01864	0.01195	0.00696	0.00635	0.00208	0.00740	0.00605	0.00398	0.00832
59	0.01544	0.01481	0.02528	0.08892	0.68951	0.01501	0.01934	0.01924	0.01432	0.02041	0.01189	0.01578	0.00994	0.00570	0.00628	0.00190	0.00760	0.00565	0.00312	0.00984
60	0.00923	0.00615	0.00692	0.00692	0.00692	0.00615	0.00384	0.00923	0.00923	0.01230	0.01999	0.04151	0.02306	0.77705	0.03229	0.00615	0.00615	0.00923	0.00384	0.00384
61	0.04295	0.09013	0.07641	0.02078	0.24204	0.01577	0.01388	0.10594	0.17247	0.02396	0.01485	0.01615	0.01165	0.00642	0.00579	0.00177	0.00650	0.00536	0.00429	0.12290
62	0.09280	0.01207	0.01342	0.00986	0.01527	0.01023	0.00794	0.09184	0.01473	0.02351	0.01147	0.01310	0.00930	0.00513	0.00480	0.00114	0.00496	0.00394	0.00405	0.65043
63	0.00923	0.00615	0.00692	0.00692	0.00692	0.00615	0.00384	0.00923	0.00923	0.01230	0.01999	0.04151	0.02306	0.77705	0.03229	0.00615	0.00615	0.00923	0.00384	0.00384
64	0.02387	0.01734	0.01868	0.01441	0.01941	0.01915	0.01187	0.66178	0.06168	0.06285	0.01605	0.01583	0.01135	0.00767	0.00635	0.00192	0.00684	0.00580	0.00640	0.01075
65	0.02279	0.02833	0.01756	0.01595	0.01925	0.66704	0.01200	0.02629	0.09934	0.01679	0.01165	0.01285	0.00946	0.00678	0.00580	0.00169	0.01070	0.00444	0.00363	0.00766
66	0.01428	0.02230	0.32715	0.02937	0.42031	0.01469	0.02079	0.01954	0.01409	0.02058	0.03041	0.01555	0.01049	0.00600	0.00621	0.00194	0.00819	0.00540	0.00305	0.00966
67	0.28382	0.38956	0.05879	0.01094	0.01584	0.09223	0.01026	0.01996	0.01290	0.04398	0.00959	0.01089	0.00797	0.00580	0.00436	0.00164	0.00671	0.00364	0.00334	0.00779
68	0.01590	0.06768	0.02585	0.06052	0.64467	0.01586	0.01861	0.03873	0.01471	0.02071	0.01179	0.01535	0.00988	0.00571	0.00613	0.00186	0.00750	0.00550	0.00319	0.00984
69	0.01558	0.11555	0.01672	0.01110	0.01609	0.08688	0.00905	0.04554	0.14175	0.02114	0.01355	0.01454	0.01094	0.00578	0.00509	0.00132	0.00579	0.00442	0.00415	0.45504
70	0.00773	0.00552	0.00736	0.00883	0.00920	0.00515	0.00589	0.00883	0.01215	0.01619	0.03497	0.77291	0.04196	0.01987	0.00810	0.00258	0.00368	0.01803	0.00589	0.00515
71	0.00894	0.00648	0.00842	0.00794	0.00945	0.00597	0.00595	0.01189	0.01786	0.02521	0.71577	0.04776	0.07836	0.01305	0.00748	0.00200	0.00300	0.01153	0.00695	0.00597
72	0.00821	0.00645	0.00742	0.00718	0.00901	0.00566	0.00538	0.01049	0.01615	0.02115	0.38776	0.05445	0.40891	0.01457	0.00749	0.00207	0.00311	0.01246	0.00642	0.00566
73	0.01497	0.01711	0.03743	0.02674	0.03316	0.01604	0.71444	0.02032	0.01497	0.02032	0.01283	0.01711	0.00963	0.00535	0.00749	0.00214	0.01070	0.00749	0.00321	0.00856
74	0.00923	0.00615	0.00692	0.00692	0.00692	0.00615	0.00384	0.00923	0.00923	0.01230	0.01999	0.04151	0.02306	0.77705	0.03229	0.00615	0.00615	0.00923	0.00384	0.00384
75	0.02021	0.01581	0.01716	0.04852	0.01951	0.01785	0.01151	0.41016	0.30822	0.03349	0.01929	0.01869	0.01412	0.00795	0.00639	0.00201	0.00626	0.00629	0.00623	0.01032
76	0.00898	0.00648	0.00848	0.00798	0.00948	0.00599	0.00599	0.01197	0.01796	0.02544	0.73413	0.04739	0.05986	0.01297	0.00748	0.00200	0.00299	0.01147	0.00698	0.00599
77	0.01570	0.01507	0.02575	0.03894	0.73748	0.01507	0.01947	0.01947	0.01444	0.02073	0.01193	0.01570	0.01005	0.00565	0.00628	0.00188	0.00754	0.00565	0.00314	0.01005
78	0.01388	0.01388	0.01943	0.01666	0.01666	0.01943	0.01388	0.01527	0.00972	0.01527	0.00833	0.01388	0.00833	0.01110	0.02082	0.00278	0.76544	0.00555	0.00278	0.00694
79	0.01272	0.03281	0.74418	0.01808	0.02746	0.01473	0.02344	0.02009	0.01339	0.02009	0.01138	0.01339	0.00804	0.00603	0.00603	0.00201	0.00938	0.00469	0.00268	0.00938
80	0.01497	0.01711	0.03743	0.02674	0.03316	0.01604	0.71444	0.02032	0.01497	0.02032	0.01283	0.01711	0.00963	0.00535	0.00749	0.00214	0.01070	0.00749	0.00321	0.00856
81	0.04727	0.10570	0.01934	0.01544	0.01905	0.61240	0.01194	0.06463	0.01793	0.01728	0.00999	0.01150	0.00828	0.00647	0.00553	0.00163	0.01051	0.00409	0.00341	0.00762
82	0.00750	0.00643	0.00643	0.00643	0.00857	0.00536	0.00482	0.00910	0.01446	0.01714	0.06427	0.06105	0.73490	0.01607	0.00750	0.00214	0.00321	0.01339	0.00589	0.00536
83	0.01696	0.78087	0.03324	0.01085	0.01628	0.02510	0.01085	0.01900	0.01289	0.01493	0.00882	0.01018	0.00814	0.00543	0.00407	0.00136	0.00678	0.00339	0.00271	0.00814
84	0.01183	0.00591	0.00591	0.00591	0.00739	0.00591	0.00443	0.01478	0.01330	0.02365	0.02069	0.02365	0.01626	0.00739	0.00443	0.00148	0.00296	0.00591	0.81227	0.00591
85	0.82186	0.01227	0.00932	0.00834	0.01227	0.01423	0.00687	0.01865	0.01080	0.02846	0.00883	0.01031	0.00687	0.00589	0.00393	0.00196	0.00491	0.00344	0.00393	0.00687
86	0.82186	0.01227	0.00932	0.00834	0.01227	0.01423	0.00687	0.01865	0.01080	0.02846	0.00883	0.01031	0.00687	0.00589	0.00393	0.00196	0.00491	0.00344	0.00393	0.00687
87	0.82186	0.01227	0.00932	0.00834	0.01227	0.01423	0.00687	0.01865	0.01080	0.02846	0.00883	0.01031	0.00687	0.00589	0.00393	0.00196	0.00491	0.00344	0.00393	0.00687
88	0.00906	0.00680	0.01020	0.01020	0.01133	0.00793	0.00793	0.01133	0.01020	0.01473	0.01699	0.02492	0.01586	0.04758	0.75191	0.01020	0.01699	0.00680	0.00340	0.00566
89	0.01056	0.00670	0.00873	0.00840	0.01003	0.00610	0.00623	0.01300	0.01650	0.09424	0.47084	0.20345	0.09252	0.01415	0.00751	0.00213	0.00340	0.01251	0.00677	0.00625
90	0.01570	0.01507	0.02575	0.03894	0.73748	0.01507	0.01947	0.01947	0.01444	0.02073	0.01193	0.01570	0.01005	0.00565	0.00628	0.00188	0.00754	0.00565	0.00314	0.01005
91	0.00843	0.00625	0.00787	0.00792	0.00926	0.00568	0.00577	0.01074	0.01599	0.02185	0.45553	0.22115	0.16989	0.01513	0.00763	0.00216	0.00319	0.01335	0.00654	0.00568
92	0.00923	0.00615	0.00692	0.00692	0.00692	0.00615	0.00384	0.00923	0.00923	0.01230	0.01999	0.04151	0.02306	0.77705	0.03229	0.00615	0.00615	0.00923	0.00384	0.00384
93	0.01696	0.78087	0.03324	0.01085	0.01628	0.02510	0.01085	0.01900	0.01289	0.01493	0.00882	0.01018	0.00814	0.00543	0.00407	0.00136	0.00678	0.00339	0.00271	0.00814
94	0.01183	0.00591	0.00591	0.00591	0.00739	0.00591	0.00443	0.01478	0.01330	0.02365	0.02069	0.02365	0.01626	0.00739	0.00443	0.00148	0.00296	0.00591	0.81227	0.00591
95	0.02252	0.01850	0.01946	0.01767	0.10774	0.09632	0.01287	0.51543	0.06960	0.03420	0.01490	0.01541	0.01095	0.00732	0.00628	0.00189	0.00740	0.00562	0.00563	0.01029
96	0.00782	0.00559	0.00744	0.00877	0.00922	0.00521	0.00590	0.00905	0.01255	0.01683	0.08305	0.72302	0.04319	0.01940	0.00805	0.00254	0.00363	0.01758	0.00596	0.00521
97	0.01734	0.53109	0.12104	0.01338	0.03702	0.12970	0.01287	0.02054	0.03625	0.01619	0.00991	0.01134	0.00854	0.00577	0.00470	0.00152	0.00776	0.00384	0.00292	0.00829
98	0.01543	0.01724	0.06950	0.02299	0.02934	0.01532	0.52561	0.08107	0.01597	0.02209	0.01277	0.01624	0.00962	0.00550	0.00695	0.00196	0.00953	0.00670	0.00353	0.11267
99	0.01557	0.01743	0.12500	0.03103	0.49822	0.01529	0.01827	0.04490	0.12869	0.02220	0.01419	0.01664	0.01128	0.00624	0.00627	0.00195	0.00737	0.00576	0.00371	0.00998
100	0.01733	0.70107	0.05454	0.01149	0.01688	0.07916	0.01136	0.01950	0.01329	0.01513	0.00897	0.01037	0.00814	0.00553	0.00426	0.00140	0.00721	0.00348	0.00275	0.00812
101	0.00980	0.00700	0.00974	0.01120	0.01247	0.00694	0.00949	0.01241	0.01419	0.01851	0.03382	0.19059	0.03743	0.01792	0.00865	0.00286	0.00547	0.57992	0.00585	0.00572
102	0.01388	0.01388	0.01943	0.01666	0.01666	0.01943	0.01388	0.01527	0.00972	0.01527	0.00833	0.01388	0.00833	0.01110	0.02082	0.00278	0.76544	0.00555	0.00278	0.00694
103	0.82186	0.01227	0.00932	0.00834	0.01227	0.01423	0.00687	0.01865	0.01080	0.02846	0.00883	0.01031	0.00687	0.00589	0.00393	0.00196	0.00491	0.00344	0.00393	0.00687
104	0.01338	0.14891	0.63385	0.01696	0.02572	0.01634	0.02149	0.01992	0.01332	0.01929	0.01099	0.01289	0.00805	0.00593	0.00572	0.00191	0.00897	0.00449	0.00268	0.00918
105	0.02110	0.01627	0.01734	0.01399	0.01852	0.01827	0.01133	0.46949	0.28157	0.03512	0.01906	0.01828	0.01389	0.00797	0.00639	0.00199	0.00627	0.00624	0.00639	0.01052
106	0.01315	0.01128	0.01315	0.00940	0.01503	0.00846	0.00752	0.01597	0.01315	0.02067	0.01128	0.01315	0.00940	0.00470	0.00470	0.00094	0.00470	0.00376	0.00376	0.81583
107	0.00906	0.00680	0.01020	0.01020	0.01133	0.00793	0.00793	0.01133	0.01020	0.01473	0.01699	0.02492	0.01586	0.04758	0.75191	0.01020	0.01699	0.00680	0.00340	0.00566
108	0.01131	0.02048	0.36809	0.10151	0.02425	0.01184	0.08220	0.01621	0.01308	0.01847	0.01876	0.24759	0.01866	0.01026	0.00684	0.00221	0.00764	0.00916	0.00373	0.00773
109	0.00776	0.00621	0.00694	0.00723	0.00885	0.00539	0.00524	0.00943	0.01437	0.01805	0.14937	0.23367	0.47204	0.01657	0.00764	0.00223	0.00330	0.01426	0.00604	0.00539
110	0.01022	0.00730	0.01022	0.01168	0.01314	0.00730	0.01022	0.01314	0.01460	0.01899	0.03359	0.07156	0.03651	0.01752	0.00876	0.00292	0.00584	0.69478	0.00584	0.00584
111	0.00923	0.00615	0.00692	0.00692	0.00692	0.00615	0.00384	0.00923	0.00923	0.01230	0.01999	0.04151	0.02306	0.77705	0.03229	0.00615	0.00615	0.00923	0.00384	0.00384
112	0.82186	0.01227	0.00932	0.00834	0.01227	0.01423	0.00687	0.01865	0.01080	0.02846	0.00883	0.01031	0.00687	0.00589	0.00393	0.00196	0.00491	0.00344	0.00393	0.00687
113	0.01315	0.01128	0.01315	0.00940	0.01503	0.00846	0.00752	0.01597	0.01315	0.02067	0.01128	0.01315	0.00940	0.00470	0.00470	0.00094	0.00470	0.00376	0.00376	0.81583
114	0.01696	0.78087	0.03324	0.01085	0.01628	0.02510	0.01085	0.01900	0.01289	0.01493	0.00882	0.01018	0.00814	0.00543	0.00407	0.00136	0.00678	0.00339	0.00271	0.00814
115	0.00750	0.00643	0.00643	0.00643	0.00857	0.00536	0.00482	0.00910	0.01446	0.01714	0.06427	0.06105	0.73490	0.01607	0.00750	0.00214	0.00321	0.01339	0.00589	0.00536
116	0.01183	0.00591	0.00591	0.00591	0.00739	0.00591	0.00443	0.01478	0.01330	0.02365	0.02069	0.02365	0.01626	0.00739	0.00443	0.00148	0.00296	0.00591	0.81227	0.00591
117	0.82186	0.01227	0.00932	0.00834	0.01227	0.01423	0.00687	0.01865	0.01080	0.02846	0.00883	0.01031	0.00687	0.00589	0.00393	0.00196	0.00491	0.00344	0.00393	0.00687
118	0.01404	0.01156	0.01347	0.00968	0.01528	0.00900	0.00777	0.04877	0.01405	0.03933	0.01180	0.01346	0.00962	0.00491	0.00482	0.00101	0.00482	0.00391	0.00398	0.75872

[dist]
# distance from previous block
# <min> <max>
0	1

[block]
# block no. 2 follows, 35 sequences, length 160
# corresponding to MSA columns:
# 226-385
name=unknown_C
#
# <colnr> <probs for GDERKNQSTAVLIFYWHMCP>
#	G	D	E	R	K	N	Q	S	T	A	V	L	I	F	Y	W	H	M	C	P
0	0.01559	0.01351	0.01458	0.04985	0.01784	0.01570	0.01042	0.03285	0.69083	0.02603	0.02510	0.02334	0.01883	0.00850	0.00645	0.00215	0.00519	0.00710	0.00628	0.00989
1	0.01570	0.01507	0.02575	0.03894	0.73748	0.01507	0.01947	0.01947	0.01444	0.02073	0.01193	0.01570	0.01005	0.00565	0.00628	0.00188	0.00754	0.00565	0.00314	0.01005
2	0.01516	0.01451	0.02455	0.06416	0.67578	0.01456	0.01868	0.01884	0.01438	0.02038	0.01449	0.01798	0.04575	0.00619	0.00634	0.00191	0.00736	0.00603	0.00326	0.00971
3	0.00898	0.00648	0.00848	0.00798	0.00948	0.00599	0.00599	0.01197	0.01796	0.02544	0.73413	0.04739	0.05986	0.01297	0.00748	0.00200	0.00299	0.01147	0.00698	0.00599
4	0.01388	0.01388	0.01943	0.01666	0.01666	0.01943	0.01388	0.01527	0.00972	0.01527	0.00833	0.01388	0.00833	0.01110	0.02082	0.00278	0.76544	0.00555	0.00278	0.00694
5	0.01158	0.00706	0.00931	0.00842	0.01038	0.00643	0.00643	0.01450	0.01798	0.12121	0.63935	0.04394	0.05396	0.01229	0.00733	0.00199	0.00331	0.01079	0.00710	0.00663
6	0.00750	0.00643	0.00643	0.00643	0.00857	0.00536	0.00482	0.00910	0.01446	0.01714	0.06427	0.06105	0.73490	0.01607	0.00750	0.00214	0.00321	0.01339	0.00589	0.00536
7	0.00894	0.00611	0.00693	0.00708	0.00728	0.00599	0.00413	0.00918	0.00993	0.01307	0.02494	0.11808	0.07994	0.64062	0.02789	0.00547	0.00567	0.01045	0.00421	0.00409
8	0.02398	0.02191	0.01869	0.01518	0.01965	0.26295	0.01212	0.48665	0.02589	0.03185	0.01343	0.01397	0.00992	0.00726	0.00614	0.00181	0.00846	0.00517	0.00532	0.00965
9	0.00920	0.00699	0.01045	0.01038	0.01148	0.00825	0.00810	0.01144	0.01018	0.01474	0.01675	0.02461	0.01565	0.04656	0.73156	0.00999	0.03783	0.00676	0.00338	0.00570
10	0.01632	0.01624	0.02515	0.03719	0.68208	0.07191	0.01891	0.01992	0.01472	0.02032	0.01177	0.01537	0.00990	0.00572	0.00624	0.00186	0.00784	0.00553	0.00315	0.00984
11	0.68754	0.11499	0.03746	0.00901	0.01332	0.01569	0.00796	0.01874	0.01116	0.02638	0.00892	0.01039	0.00708	0.00583	0.00402	0.00188	0.00531	0.00347	0.00372	0.00712
12	0.01548	0.01548	0.04739	0.06450	0.69070	0.01503	0.01952	0.01937	0.01435	0.02054	0.01189	0.01567	0.00993	0.00569	0.00627	0.00190	0.00763	0.00562	0.00311	0.00992
13	0.02370	0.03023	0.01798	0.01634	0.01961	0.75158	0.01226	0.02533	0.01798	0.01553	0.00981	0.01144	0.00817	0.00654	0.00572	0.00163	0.01144	0.00409	0.00327	0.00735
14	0.01092	0.00996	0.01243	0.01190	0.01247	0.04733	0.00912	0.01239	0.01230	0.01694	0.10741	0.34632	0.05356	0.01505	0.01257	0.00252	0.28422	0.01182	0.00474	0.00602
15	0.00773	0.00552	0.00736	0.00883	0.00920	0.00515	0.00589	0.00883	0.01215	0.01619	0.03497	0.77291	0.04196	0.01987	0.00810	0.00258	0.00368	0.01803	0.00589	0.00515
16	0.00755	0.00643	0.00650	0.00648	0.00860	0.00538	0.00486	0.00921	0.01459	0.01744	0.08854	0.06056	0.71044	0.01595	0.00750	0.00214	0.00321	0.01332	0.00593	0.00538
17	0.02155	0.02540	0.01987	0.02175	0.19702	0.51146	0.01398	0.06184	0.03512	0.01842	0.01102	0.01300	0.00905	0.00643	0.00591	0.00172	0.01007	0.00464	0.00348	0.00827
18	0.01568	0.01514	0.02615	0.03853	0.71360	0.01511	0.04303	0.01950	0.01446	0.02071	0.01196	0.01575	0.01003	0.00564	0.00632	0.00189	0.00764	0.00571	0.00314	0.01000
19	0.01625	0.65535	0.15253	0.01207	0.01816	0.02336	0.01297	0.01918	0.01297	0.01579	0.00925	0.01072	0.00812	0.00553	0.00440	0.00147	0.00722	0.00361	0.00271	0.00835
20	0.00754	0.00643	0.00649	0.00648	0.00860	0.00538	0.00486	0.00919	0.01457	0.01740	0.08515	0.06063	0.71386	0.01597	0.00750	0.00214	0.00321	0.01333	0.00593	0.00538
21	0.01279	0.01125	0.01882	0.72478	0.04234	0.01386	0.01721	0.01693	0.01295	0.05201	0.01195	0.01714	0.00881	0.00642	0.00634	0.00211	0.00831	0.00567	0.00307	0.00723
22	0.01183	0.00591	0.00591	0.00591	0.00739	0.00591	0.00443	0.01478	0.01330	0.02365	0.02069	0.02365	0.01626	0.00739	0.00443	0.00148	0.00296	0.00591	0.81227	0.00591
23	0.01570	0.01507	0.02575	0.03894	0.73748	0.01507	0.01947	0.01947	0.01444	0.02073	0.01193	0.01570	0.01005	0.00565	0.00628	0.00188	0.00754	0.00565	0.00314	0.01005
24	0.01696	0.78087	0.03324	0.01085	0.01628	0.02510	0.01085	0.01900	0.01289	0.01493	0.00882	0.01018	0.00814	0.00543	0.00407	0.00136	0.00678	0.00339	0.00271	0.00814
25	0.05667	0.74295	0.03206	0.01073	0.01608	0.02457	0.01066	0.01898	0.01279	0.01559	0.00882	0.01018	0.00808	0.00545	0.00406	0.00139	0.00669	0.00339	0.00277	0.00808
26	0.00899	0.00687	0.00925	0.00845	0.01022	0.00627	0.03210	0.01186	0.01734	0.02404	0.60967	0.04826	0.15644	0.01314	0.00748	0.00202	0.00331	0.01160	0.00668	0.00599
27	0.00909	0.00669	0.00965	0.00965	0.01059	0.00763	0.00725	0.01098	0.01003	0.01432	0.01749	0.02769	0.01706	0.16913	0.63200	0.00952	0.01519	0.00720	0.00347	0.00536
28	0.01649	0.01398	0.01475	0.01305	0.01677	0.01611	0.01021	0.09212	0.66644	0.02769	0.02491	0.02295	0.01863	0.00852	0.00645	0.00213	0.00519	0.00705	0.00645	0.01011
29	0.01417	0.01436	0.01939	0.01665	0.01674	0.04110	0.01383	0.01557	0.00996	0.01527	0.00837	0.01381	0.00832	0.01097	0.02037	0.00274	0.74312	0.00551	0.00279	0.00695
30	0.01148	0.00665	0.00841	0.00858	0.00969	0.00619	0.00589	0.01255	0.01243	0.12809	0.03069	0.36654	0.07549	0.24647	0.01512	0.00355	0.00474	0.03621	0.00557	0.00567
31	0.00906	0.00680	0.01020	0.01020	0.01133	0.00793	0.00793	0.01133	0.01020	0.01473	0.01699	0.02492	0.01586	0.04758	0.75191	0.01020	0.01699	0.00680	0.00340	0.00566
32	0.01601	0.01374	0.01447	0.01296	0.01658	0.01589	0.01010	0.05241	0.70695	0.02691	0.02553	0.02344	0.01913	0.00858	0.00645	0.00214	0.00507	0.00713	0.00645	0.01006
33	0.00785	0.00557	0.00733	0.00868	0.00902	0.00523	0.00572	0.00886	0.01191	0.01588	0.03376	0.71401	0.04044	0.08085	0.01005	0.00286	0.00388	0.01733	0.00572	0.00505
34	0.00786	0.00644	0.00693	0.00681	0.00879	0.00551	0.00510	0.00980	0.01531	0.01916	0.22764	0.05772	0.57027	0.01531	0.00749	0.00211	0.00316	0.01292	0.00616	0.00551
35	0.00867	0.00647	0.00805	0.00765	0.00929	0.00585	0.00574	0.01137	0.01722	0.02369	0.59280	0.05027	0.20228	0.01362	0.00749	0.00203	0.00304	0.01188	0.00675	0.00585
36	0.01610	0.01652	0.02444	0.14481	0.50097	0.10756	0.05898	0.01976	0.01465	0.01936	0.01162	0.01543	0.00955	0.00585	0.00629	0.00190	0.00835	0.00556	0.00311	0.00917
37	0.01422	0.01143	0.01339	0.00963	0.01522	0.00881	0.00773	0.03591	0.01386	0.05744	0.01207	0.01364	0.00975	0.00494	0.00483	0.00102	0.00480	0.00394	0.00404	0.75333
38	0.01721	0.75319	0.03268	0.01106	0.01640	0.05189	0.01091	0.01923	0.01308	0.01495	0.00886	0.01022	0.00814	0.00547	0.00413	0.00137	0.00696	0.00342	0.00273	0.00811
39	0.02370	0.03023	0.01798	0.01634	0.01961	0.75158	0.01226	0.02533	0.01798	0.01553	0.00981	0.01144	0.00817	0.00654	0.00572	0.00163	0.01144	0.00409	0.00327	0.00735
40	0.01601	0.01374	0.01448	0.01296	0.01658	0.01589	0.01010	0.05269	0.70666	0.02691	0.02553	0.02343	0.01913	0.00858	0.00645	0.00214	0.00508	0.00713	0.00645	0.01006
41	0.00906	0.00680	0.01020	0.01020	0.01133	0.00793	0.00793	0.01133	0.01020	0.01473	0.01699	0.02492	0.01586	0.04758	0.75191	0.01020	0.01699	0.00680	0.00340	0.00566
42	0.01339	0.02851	0.55998	0.02180	0.11443	0.01495	0.11778	0.02005	0.01374	0.02020	0.01165	0.01418	0.00850	0.00589	0.00626	0.00201	0.00933	0.00519	0.00281	0.00934
43	0.00881	0.00648	0.00825	0.00781	0.00938	0.00592	0.00586	0.01165	0.01757	0.02451	0.65931	0.04891	0.13526	0.01332	0.00748	0.00201	0.00302	0.01169	0.00686	0.00592
44	0.00854	0.00677	0.01054	0.01068	0.01168	0.00634	0.08113	0.01007	0.01236	0.01652	0.03218	0.67150	0.03798	0.04016	0.00873	0.00263	0.00450	0.01666	0.00555	0.00548
45	0.00750	0.00643	0.00643	0.00643	0.00857	0.00536	0.00482	0.00910	0.01446	0.01714	0.06427	0.06105	0.73490	0.01607	0.00750	0.00214	0.00321	0.01339	0.00589	0.00536
46	0.01716	0.75865	0.03279	0.01102	0.01638	0.04661	0.01090	0.01918	0.01304	0.01494	0.00885	0.01021	0.00814	0.00546	0.00412	0.00137	0.00692	0.00341	0.00273	0.00812
47	0.16616	0.02703	0.01643	0.01492	0.01830	0.61998	0.01130	0.02414	0.01670	0.01784	0.00963	0.01124	0.00794	0.00642	0.00540	0.00169	0.01027	0.00397	0.00339	0.00727
48	0.01340	0.04912	0.70102	0.01767	0.02679	0.01477	0.02263	0.02046	0.01356	0.04658	0.01183	0.01362	0.00832	0.00608	0.00600	0.00199	0.00917	0.00472	0.00287	0.00940
49	0.01500	0.01875	0.18408	0.03255	0.53505	0.01478	0.01966	0.03694	0.01473	0.02125	0.03869	0.01635	0.01147	0.00606	0.00627	0.00192	0.00776	0.00566	0.00326	0.00977
50	0.00982	0.00682	0.00879	0.00818	0.00987	0.00633	0.00617	0.01312	0.03529	0.05180	0.67031	0.04626	0.07745	0.01276	0.00742	0.00200	0.00314	0.01124	0.00697	0.00625
51	0.01326	0.03135	0.67678	0.01847	0.02752	0.01498	0.06392	0.04467	0.01407	0.02081	0.01161	0.01368	0.00823	0.00604	0.00612	0.00201	0.00937	0.00489	0.00284	0.00938
52	0.08294	0.04304	0.01866	0.01390	0.01889	0.01910	0.01154	0.61788	0.02745	0.06207	0.01487	0.01491	0.01058	0.00742	0.00609	0.00189	0.00677	0.00549	0.00610	0.01041
53	0.82186	0.01227	0.00932	0.00834	0.01227	0.01423	0.00687	0.01865	0.01080	0.02846	0.00883	0.01031	0.00687	0.00589	0.00393	0.00196	0.00491	0.00344	0.00393	0.00687
54	0.01831	0.17038	0.25205	0.01568	0.02173	0.18518	0.03729	0.14701	0.05573	0.02200	0.01205	0.01334	0.00924	0.00643	0.00571	0.00179	0.00873	0.00471	0.00370	0.00895
55	0.00772	0.00557	0.00731	0.00871	0.00917	0.00516	0.00584	0.00885	0.01226	0.01624	0.03641	0.73780	0.07614	0.01969	0.00807	0.00255	0.00366	0.01781	0.00589	0.00516
56	0.01272	0.03281	0.74418	0.01808	0.02746	0.01473	0.02344	0.02009	0.01339	0.02009	0.01138	0.01339	0.00804	0.00603	0.00603	0.00201	0.00938	0.00469	0.00268	0.00938
57	0.06561	0.20110	0.08799	0.01281	0.04254	0.03663	0.01133	0.04850	0.01629	0.36705	0.03812	0.01745	0.01335	0.00701	0.00566	0.00181	0.00632	0.00537	0.00552	0.00954
58	0.01686	0.75487	0.03277	0.01105	0.01629	0.02491	0.01096	0.01887	0.01278	0.01494	0.00880	0.01030	0.00815	0.00562	0.00464	0.00140	0.03250	0.00347	0.00272	0.00810
59	0.01089	0.00555	0.00817	0.00817	0.00817	0.00555	0.00539	0.00833	0.00833	0.01111	0.01165	0.02084	0.01186	0.07504	0.02532	0.75861	0.00555	0.00577	0.00283	0.00283
60	0.04288	0.57660	0.06931	0.01219	0.01740	0.15851	0.01169	0.02022	0.01379	0.01574	0.00915	0.01059	0.00810	0.00568	0.00448	0.00146	0.00773	0.00359	0.00285	0.00803
61	0.00899	0.00605	0.00699	0.00722	0.00727	0.00600	0.00416	0.00916	0.00968	0.01291	0.02232	0.15532	0.02600	0.65923	0.02852	0.00559	0.00577	0.01060	0.00416	0.00405
62	0.00773	0.00552	0.00736	0.00883	0.00920	0.00515	0.00589	0.00883	0.01215	0.01619	0.03497	0.77291	0.04196	0.01987	0.00810	0.00258	0.00368	0.01803	0.00589	0.00515
63	0.01424	0.01124	0.01327	0.00953	0.01512	0.00852	0.00764	0.01703	0.01351	0.07166	0.01225	0.01375	0.00984	0.00492	0.00482	0.00101	0.00475	0.00394	0.00405	0.75892
64	0.01440	0.01111	0.01317	0.00953	0.01499	0.00847	0.00764	0.01719	0.01372	0.08459	0.03113	0.01478	0.01126	0.00519	0.00492	0.00106	0.00472	0.00419	0.00420	0.72375
65	0.01570	0.01507	0.02575	0.03894	0.73748	0.01507	0.01947	0.01947	0.01444	0.02073	0.01193	0.01570	0.01005	0.00565	0.00628	0.00188	0.00754	0.00565	0.00314	0.01005
66	0.01513	0.01410	0.02288	0.03326	0.58333	0.01433	0.01748	0.02034	0.09124	0.02117	0.01571	0.02245	0.01384	0.00722	0.00656	0.00202	0.00709	0.07847	0.00378	0.00960
67	0.00750	0.00643	0.00643	0.00643	0.00857	0.00536	0.00482	0.00910	0.01446	0.01714	0.06427	0.06105	0.73490	0.01607	0.00750	0.00214	0.00321	0.01339	0.00589	0.00536
68	0.01559	0.01491	0.02515	0.05942	0.69150	0.01507	0.01908	0.01988	0.03950	0.02080	0.01240	0.01602	0.01033	0.00578	0.00629	0.00190	0.00747	0.00571	0.00325	0.00996
69	0.01696	0.78087	0.03324	0.01085	0.01628	0.02510	0.01085	0.01900	0.01289	0.01493	0.00882	0.01018	0.00814	0.00543	0.00407	0.00136	0.00678	0.00339	0.00271	0.00814
70	0.01315	0.01128	0.01315	0.00940	0.01503	0.00846	0.00752	0.01597	0.01315	0.02067	0.01128	0.01315	0.00940	0.00470	0.00470	0.00094	0.00470	0.00376	0.00376	0.81583
71	0.01864	0.09781	0.31021	0.01550	0.02205	0.09181	0.01623	0.21725	0.05855	0.07208	0.01375	0.01451	0.00996	0.00673	0.00594	0.00188	0.00816	0.00504	0.00432	0.00958
72	0.02471	0.01241	0.02009	0.01573	0.04651	0.01117	0.16417	0.02825	0.03557	0.53878	0.02189	0.02045	0.01426	0.00724	0.00662	0.00200	0.00663	0.00662	0.00662	0.01026
73	0.01773	0.01559	0.02311	0.03074	0.49991	0.01624	0.01684	0.18797	0.08262	0.02587	0.01398	0.01631	0.01107	0.00639	0.00631	0.00191	0.00718	0.00580	0.00421	0.01023
74	0.01570	0.01507	0.02575	0.03894	0.73748	0.01507	0.01947	0.01947	0.01444	0.02073	0.01193	0.01570	0.01005	0.00565	0.00628	0.00188	0.00754	0.00565	0.00314	0.01005
75	0.01315	0.01128	0.01315	0.00940	0.01503	0.00846	0.00752	0.01597	0.01315	0.02067	0.01128	0.01315	0.00940	0.00470	0.00470	0.00094	0.00470	0.00376	0.00376	0.81583
76	0.01586	0.09704	0.53779	0.01634	0.02450	0.01538	0.01974	0.07204	0.01513	0.10905	0.01309	0.01423	0.00918	0.00631	0.00592	0.00194	0.00848	0.00485	0.00358	0.00954
77	0.01739	0.69894	0.05176	0.01150	0.01686	0.08398	0.01132	0.01954	0.01332	0.01512	0.00897	0.01037	0.00814	0.00553	0.00426	0.00140	0.00724	0.00348	0.00276	0.00811
78	0.01102	0.00551	0.00826	0.00826	0.00826	0.00551	0.00551	0.00826	0.00826	0.01102	0.01102	0.01928	0.01102	0.02204	0.02479	0.81543	0.00551	0.00551	0.00275	0.00275
79	0.01653	0.70556	0.10481	0.01158	0.01741	0.02406	0.01212	0.01911	0.01294	0.01545	0.00908	0.01050	0.00813	0.00549	0.00427	0.00142	0.00705	0.00352	0.00271	0.00827
80	0.01671	0.73706	0.07488	0.01128	0.01694	0.02449	0.01159	0.01906	0.01292	0.01523	0.00897	0.01036	0.00813	0.00546	0.00419	0.00140	0.00694	0.00347	0.00271	0.00821
81	0.01485	0.01536	0.03793	0.34483	0.35400	0.08816	0.01805	0.01868	0.01402	0.01826	0.01143	0.01574	0.00914	0.00604	0.00625	0.00196	0.00836	0.00547	0.00301	0.00848
82	0.02223	0.01144	0.01440	0.01077	0.01597	0.00967	0.00880	0.07031	0.01698	0.41530	0.01904	0.01789	0.01293	0.00661	0.00572	0.00156	0.00523	0.00532	0.00616	0.32367
83	0.01604	0.01376	0.01449	0.01296	0.01659	0.01590	0.01010	0.05483	0.70447	0.02695	0.02549	0.02341	0.01910	0.00858	0.00645	0.00214	0.00508	0.00713	0.00645	0.01006
84	0.00750	0.00643	0.00643	0.00643	0.00857	0.00536	0.00482	0.00910	0.01446	0.01714	0.06427	0.06105	0.73490	0.01607	0.00750	0.00214	0.00321	0.01339	0.00589	0.00536
85	0.01549	0.23138	0.01903	0.00997	0.01549	0.01329	0.00862	0.01805	0.01349	0.07775	0.01169	0.01299	0.00955	0.00516	0.00466	0.00114	0.00535	0.00387	0.00379	0.51925
86	0.01696	0.78087	0.03324	0.01085	0.01628	0.02510	0.01085	0.01900	0.01289	0.01493	0.00882	0.01018	0.00814	0.00543	0.00407	0.00136	0.00678	0.00339	0.00271	0.00814
87	0.01315	0.01128	0.01315	0.00940	0.01503	0.00846	0.00752	0.01597	0.01315	0.02067	0.01128	0.01315	0.00940	0.00470	0.00470	0.00094	0.00470	0.00376	0.00376	0.81583
88	0.01633	0.45838	0.22520	0.01340	0.01965	0.06291	0.01436	0.04239	0.06142	0.01793	0.01091	0.01219	0.00895	0.00594	0.00493	0.00162	0.00765	0.00411	0.00310	0.00864
89	0.01696	0.78087	0.03324	0.01085	0.01628	0.02510	0.01085	0.01900	0.01289	0.01493	0.00882	0.01018	0.00814	0.00543	0.00407	0.00136	0.00678	0.00339	0.00271	0.00814
90	0.01601	0.01541	0.04466	0.05139	0.40484	0.01558	0.06268	0.06798	0.20936	0.02336	0.01595	0.01790	0.01250	0.00660	0.00641	0.00199	0.00711	0.00616	0.00423	0.00988
91	0.01570	0.01507	0.02575	0.03894	0.73748	0.01507	0.01947	0.01947	0.01444	0.02073	0.01193	0.01570	0.01005	0.00565	0.00628	0.00188	0.00754	0.00565	0.00314	0.01005
92	0.01315	0.01128	0.01315	0.00940	0.01503	0.00846	0.00752	0.01597	0.01315	0.02067	0.01128	0.01315	0.00940	0.00470	0.00470	0.00094	0.00470	0.00376	0.00376	0.81583
93	0.01394	0.10133	0.63405	0.01710	0.02584	0.01568	0.02150	0.04118	0.01398	0.04219	0.01168	0.01340	0.00836	0.00607	0.00587	0.00194	0.00894	0.00465	0.00295	0.00935
94	0.01696	0.78087	0.03324	0.01085	0.01628	0.02510	0.01085	0.01900	0.01289	0.01493	0.00882	0.01018	0.00814	0.00543	0.00407	0.00136	0.00678	0.00339	0.00271	0.00814
95	0.01102	0.00551	0.00826	0.00826	0.00826	0.00551	0.00551	0.00826	0.00826	0.01102	0.01102	0.01928	0.01102	0.02204	0.02479	0.81543	0.00551	0.00551	0.00275	0.00275
96	0.01670	0.73531	0.07654	0.01129	0.01696	0.02447	0.01162	0.01906	0.01292	0.01524	0.00898	0.01037	0.00813	0.00546	0.00419	0.00140	0.00694	0.00347	0.00271	0.00822
97	0.01553	0.01554	0.02843	0.03614	0.57613	0.01530	0.17868	0.01966	0.01457	0.02063	0.01214	0.01602	0.00995	0.00558	0.00656	0.00194	0.00826	0.00607	0.00316	0.00971
98	0.01315	0.01128	0.01315	0.00940	0.01503	0.00846	0.00752	0.01597	0.01315	0.02067	0.01128	0.01315	0.00940	0.00470	0.00470	0.00094	0.00470	0.00376	0.00376	0.81583
99	0.01394	0.03049	0.65802	0.01803	0.02695	0.01442	0.05662	0.02086	0.01381	0.07077	0.01241	0.01415	0.00865	0.00612	0.00612	0.00201	0.00916	0.00494	0.00307	0.00943
100	0.01350	0.01314	0.01808	0.01572	0.01605	0.01797	0.01296	0.01609	0.06012	0.01606	0.01105	0.04338	0.01079	0.01340	0.06232	0.00316	0.63979	0.00620	0.00319	0.00702
101	0.00750	0.00643	0.00643	0.00643	0.00857	0.00536	0.00482	0.00910	0.01446	0.01714	0.06427	0.06105	0.73490	0.01607	0.00750	0.00214	0.00321	0.01339	0.00589	0.00536
102	0.01356	0.01152	0.01337	0.00959	0.01521	0.00887	0.00769	0.04196	0.01377	0.02139	0.01142	0.01323	0.00945	0.00481	0.00476	0.00098	0.00478	0.00383	0.00385	0.78596
103	0.01696	0.78087	0.03324	0.01085	0.01628	0.02510	0.01085	0.01900	0.01289	0.01493	0.00882	0.01018	0.00814	0.00543	0.00407	0.00136	0.00678	0.00339	0.00271	0.00814
104	0.01315	0.01128	0.01315	0.00940	0.01503	0.00846	0.00752	0.01597	0.01315	0.02067	0.01128	0.01315	0.00940	0.00470	0.00470	0.00094	0.00470	0.00376	0.00376	0.81583
105	0.01537	0.43996	0.33558	0.01404	0.02114	0.02053	0.01625	0.03988	0.01360	0.01786	0.01010	0.01169	0.00817	0.00575	0.00497	0.00165	0.00789	0.00401	0.00281	0.00874
106	0.02846	0.01080	0.01472	0.01129	0.01619	0.00932	0.00932	0.03092	0.01816	0.74187	0.02503	0.02159	0.01570	0.00785	0.00638	0.00196	0.00540	0.00638	0.00785	0.01080
107	0.01853	0.01550	0.01554	0.01335	0.01724	0.07014	0.01053	0.19198	0.46535	0.05309	0.04406	0.02146	0.01767	0.00833	0.00640	0.00204	0.00590	0.00671	0.00626	0.00992
108	0.01570	0.01507	0.02575	0.03894	0.73748	0.01507	0.01947	0.01947	0.01444	0.02073	0.01193	0.01570	0.01005	0.00565	0.00628	0.00188	0.00754	0.00565	0.00314	0.01005
109	0.01315	0.01128	0.01315	0.00940	0.01503	0.00846	0.00752	0.01597	0.01315	0.02067	0.01128	0.01315	0.00940	0.00470	0.00470	0.00094	0.00470	0.00376	0.00376	0.81583
110	0.01478	0.28637	0.45854	0.01593	0.04179	0.01809	0.01857	0.02007	0.01341	0.04286	0.01099	0.01264	0.00838	0.00588	0.00538	0.00178	0.00831	0.00433	0.00288	0.00902
