[name]
unknown

[dist]
# distance from previous block
# <min> <max>
7	61

[block]
# block no. 0 follows, 35 sequences, length 96
# corresponding to MSA columns:
# 75-170
name=unknown_A
#
# <colnr> <probs for GDERKNQSTAVLIFYWHMCP>
#	G	D	E	R	K	N	Q	S	T	A	V	L	I	F	Y	W	H	M	C	P
0	0.04389	0.10694	0.01621	0.01187	0.01523	0.12863	0.04447	0.03898	0.11221	0.09248	0.04393	0.08333	0.07435	0.01048	0.00821	0.09333	0.00633	0.00714	0.00473	0.05727
1	0.03688	0.13548	0.09136	0.04008	0.03863	0.08750	0.04915	0.14128	0.08895	0.06399	0.01855	0.01914	0.07629	0.00738	0.00587	0.00179	0.00700	0.00584	0.00451	0.08034
2	0.03954	0.08887	0.04025	0.01629	0.10741	0.06631	0.07693	0.10905	0.01682	0.15828	0.05392	0.04488	0.03887	0.03582	0.03738	0.00235	0.00721	0.00662	0.02264	0.03057
3	0.10283	0.06605	0.18659	0.01646	0.05892	0.21288	0.05397	0.08177	0.01567	0.02088	0.01179	0.03521	0.00972	0.00807	0.03154	0.00212	0.02751	0.00505	0.00352	0.04945
4	0.01498	0.19590	0.29504	0.01548	0.02187	0.01643	0.09485	0.06378	0.05443	0.04948	0.03808	0.01723	0.03113	0.00926	0.05320	0.00240	0.00849	0.00557	0.00367	0.00873
5	0.03159	0.12164	0.03005	0.01048	0.03612	0.07572	0.00822	0.04979	0.01548	0.01948	0.13468	0.11697	0.26703	0.01248	0.00675	0.00202	0.00512	0.04463	0.00517	0.00659
6	0.02966	0.04946	0.03409	0.01513	0.14029	0.02681	0.03275	0.03017	0.03833	0.01978	0.09317	0.19518	0.09699	0.03194	0.03739	0.00241	0.00577	0.00967	0.03255	0.07844
7	0.01597	0.10925	0.31235	0.03733	0.03895	0.01448	0.01540	0.09970	0.04045	0.10108	0.07989	0.01850	0.01497	0.00716	0.00592	0.00188	0.00708	0.00568	0.06500	0.00895
8	0.01480	0.16796	0.37275	0.04349	0.05385	0.06429	0.09651	0.04348	0.01456	0.01966	0.04331	0.01487	0.01074	0.00623	0.00590	0.00187	0.00870	0.00513	0.00312	0.00877
9	0.01009	0.00813	0.01096	0.01041	0.01146	0.03379	0.03589	0.01177	0.01050	0.01442	0.01769	0.03026	0.01790	0.26060	0.42533	0.00781	0.04317	0.03088	0.00358	0.00535
10	0.70046	0.01173	0.00999	0.00960	0.03690	0.01353	0.00742	0.01783	0.01085	0.02661	0.00988	0.01218	0.00802	0.01070	0.09042	0.00291	0.00639	0.00390	0.00384	0.00684
11	0.01643	0.10068	0.05496	0.01801	0.18072	0.03749	0.03111	0.09158	0.01573	0.07166	0.01418	0.04249	0.01192	0.00660	0.00567	0.00160	0.00642	0.02352	0.02566	0.24356
12	0.08282	0.02580	0.01800	0.01734	0.07865	0.53393	0.01237	0.10224	0.03655	0.01996	0.01093	0.01245	0.00881	0.00659	0.00572	0.00172	0.00996	0.00443	0.00373	0.00800
13	0.00816	0.00576	0.00749	0.00865	0.00906	0.00547	0.00580	0.00925	0.01200	0.01603	0.05669	0.58598	0.03913	0.14524	0.01213	0.00317	0.00419	0.05520	0.00558	0.00500
14	0.01524	0.01447	0.02459	0.10917	0.53234	0.01480	0.07049	0.04059	0.03606	0.02090	0.01357	0.01906	0.01153	0.00647	0.00651	0.00199	0.00769	0.04164	0.00345	0.00943
15	0.00786	0.00612	0.00714	0.00757	0.00896	0.00540	0.00542	0.00955	0.01430	0.01837	0.18047	0.31001	0.36252	0.01683	0.00771	0.00227	0.00334	0.01467	0.00610	0.00540
16	0.00770	0.00563	0.00725	0.00855	0.00913	0.00518	0.00576	0.00887	0.01242	0.01631	0.03845	0.68819	0.12443	0.01942	0.00803	0.00252	0.00362	0.01748	0.00589	0.00518
17	0.01374	0.05927	0.09241	0.04982	0.01836	0.01195	0.03225	0.01732	0.03245	0.04417	0.03181	0.03685	0.01180	0.00660	0.00711	0.00153	0.09353	0.00505	0.00377	0.43021
18	0.01626	0.01271	0.05437	0.01091	0.01464	0.01232	0.00915	0.18767	0.18495	0.05658	0.02141	0.04184	0.03989	0.00811	0.00576	0.00180	0.00503	0.00653	0.24129	0.06880
19	0.02331	0.02921	0.01807	0.01630	0.01949	0.70050	0.01232	0.04506	0.01799	0.01623	0.00990	0.01165	0.00825	0.00675	0.00635	0.00169	0.04196	0.00419	0.00334	0.00744
20	0.01990	0.40973	0.02637	0.01324	0.01814	0.19193	0.03975	0.11146	0.01666	0.05912	0.01102	0.01213	0.00901	0.00608	0.00504	0.00155	0.00791	0.00420	0.00365	0.03312
21	0.01595	0.01859	0.03525	0.02557	0.03163	0.09873	0.63550	0.02088	0.01531	0.01978	0.01249	0.01647	0.00946	0.00548	0.00729	0.00208	0.01078	0.00710	0.00322	0.00842
22	0.00828	0.00646	0.00751	0.00725	0.00905	0.00569	0.00544	0.01062	0.01631	0.02152	0.41771	0.05384	0.37872	0.01443	0.00749	0.00206	0.00310	0.01238	0.00647	0.00569
23	0.01638	0.01351	0.02237	0.17039	0.47157	0.01401	0.01727	0.01992	0.01439	0.11303	0.01401	0.03683	0.01128	0.00661	0.00680	0.00198	0.03047	0.00607	0.00375	0.00935
24	0.01272	0.03281	0.74418	0.01808	0.02746	0.01473	0.02344	0.02009	0.01339	0.02009	0.01138	0.01339	0.00804	0.00603	0.00603	0.00201	0.00938	0.00469	0.00268	0.00938
25	0.00773	0.00552	0.00736	0.00883	0.00920	0.00515	0.00589	0.00883	0.01215	0.01619	0.03497	0.77291	0.04196	0.01987	0.00810	0.00258	0.00368	0.01803	0.00589	0.00515
26	0.01381	0.01526	0.03262	0.02387	0.02932	0.01430	0.60100	0.01848	0.01452	0.01966	0.01638	0.13812	0.01480	0.00767	0.00758	0.00221	0.00957	0.00918	0.00364	0.00801
27	0.01578	0.01363	0.01434	0.01291	0.01650	0.01578	0.01004	0.03371	0.72602	0.02654	0.02582	0.02367	0.01937	0.00861	0.00646	0.00215	0.00502	0.00717	0.00646	0.01004
28	0.00750	0.00643	0.00643	0.00643	0.00857	0.00536	0.00482	0.00910	0.01446	0.01714	0.06427	0.06105	0.73490	0.01607	0.00750	0.00214	0.00321	0.01339	0.00589	0.00536
29	0.00766	0.00577	0.00710	0.00816	0.00903	0.00521	0.00559	0.00891	0.01279	0.01646	0.04313	0.57453	0.23507	0.01881	0.00793	0.00246	0.00355	0.01674	0.00589	0.00521
30	0.01198	0.01128	0.01903	0.76180	0.04369	0.01409	0.01762	0.01621	0.01268	0.01621	0.01128	0.01691	0.00846	0.00634	0.00634	0.00211	0.00846	0.00564	0.00282	0.00705
31	0.01696	0.78087	0.03324	0.01085	0.01628	0.02510	0.01085	0.01900	0.01289	0.01493	0.00882	0.01018	0.00814	0.00543	0.00407	0.00136	0.00678	0.00339	0.00271	0.00814
32	0.01493	0.01464	0.02319	0.26925	0.47800	0.05303	0.01850	0.01873	0.01406	0.01901	0.01161	0.01587	0.00944	0.00592	0.00627	0.00194	0.00803	0.00557	0.00304	0.00895
33	0.02264	0.02878	0.04767	0.01745	0.05715	0.64443	0.01302	0.04324	0.03699	0.01692	0.01055	0.01217	0.00863	0.00655	0.00580	0.00168	0.01086	0.00432	0.00341	0.00774
34	0.01535	0.01325	0.01393	0.01257	0.01608	0.01524	0.00977	0.03243	0.68905	0.02605	0.02782	0.02561	0.05654	0.00899	0.00651	0.00215	0.00493	0.00750	0.00643	0.00980
35	0.01879	0.01578	0.01600	0.01362	0.01765	0.05523	0.01079	0.24644	0.47182	0.03016	0.02168	0.02040	0.01611	0.00819	0.00638	0.00205	0.00597	0.00656	0.00626	0.01013
36	0.01176	0.01098	0.01842	0.72268	0.04190	0.01363	0.01701	0.01583	0.01266	0.01621	0.01251	0.05619	0.01020	0.00705	0.00643	0.00214	0.00821	0.00628	0.00298	0.00695
37	0.02409	0.01842	0.01898	0.01469	0.01967	0.05770	0.01207	0.68042	0.02921	0.03871	0.01495	0.01503	0.01065	0.00756	0.00631	0.00189	0.00721	0.00563	0.00619	0.01061
38	0.01696	0.78087	0.03324	0.01085	0.01628	0.02510	0.01085	0.01900	0.01289	0.01493	0.00882	0.01018	0.00814	0.00543	0.00407	0.00136	0.00678	0.00339	0.00271	0.00814
39	0.00923	0.00615	0.00692	0.00692	0.00692	0.00615	0.00384	0.00923	0.00923	0.01230	0.01999	0.04151	0.02306	0.77705	0.03229	0.00615	0.00615	0.00923	0.00384	0.00384
40	0.01570	0.01507	0.02575	0.03894	0.73748	0.01507	0.01947	0.01947	0.01444	0.02073	0.01193	0.01570	0.01005	0.00565	0.00628	0.00188	0.00754	0.00565	0.00314	0.01005
41	0.00923	0.00615	0.00692	0.00692	0.00692	0.00615	0.00384	0.00923	0.00923	0.01230	0.01999	0.04151	0.02306	0.77705	0.03229	0.00615	0.00615	0.00923	0.00384	0.00384
42	0.00968	0.00722	0.01047	0.01029	0.01155	0.00836	0.00799	0.03977	0.01096	0.01568	0.01700	0.02496	0.01584	0.06504	0.70296	0.00975	0.01630	0.00682	0.00353	0.00582
43	0.02846	0.01080	0.01472	0.01129	0.01619	0.00932	0.00932	0.03092	0.01816	0.74187	0.02503	0.02159	0.01570	0.00785	0.00638	0.00196	0.00540	0.00638	0.00785	0.01080
44	0.01696	0.78087	0.03324	0.01085	0.01628	0.02510	0.01085	0.01900	0.01289	0.01493	0.00882	0.01018	0.00814	0.00543	0.00407	0.00136	0.00678	0.00339	0.00271	0.00814
45	0.01198	0.01128	0.01903	0.76180	0.04369	0.01409	0.01762	0.01621	0.01268	0.01621	0.01128	0.01691	0.00846	0.00634	0.00634	0.00211	0.00846	0.00564	0.00282	0.00705
46	0.00773	0.00552	0.00736	0.00883	0.00920	0.00515	0.00589	0.00883	0.01215	0.01619	0.03497	0.77291	0.04196	0.01987	0.00810	0.00258	0.00368	0.01803	0.00589	0.00515
47	0.00750	0.00643	0.00643	0.00643	0.00857	0.00536	0.00482	0.00910	0.01446	0.01714	0.06427	0.06105	0.73490	0.01607	0.00750	0.00214	0.00321	0.01339	0.00589	0.00536
48	0.01198	0.01128	0.01903	0.76180	0.04369	0.01409	0.01762	0.01621	0.01268	0.01621	0.01128	0.01691	0.00846	0.00634	0.00634	0.00211	0.00846	0.00564	0.00282	0.00705
49	0.00773	0.00552	0.00736	0.00883	0.00920	0.00515	0.00589	0.00883	0.01215	0.01619	0.03497	0.77291	0.04196	0.01987	0.00810	0.00258	0.00368	0.01803	0.00589	0.00515
50	0.00898	0.00648	0.00848	0.00798	0.00948	0.00599	0.00599	0.01197	0.01796	0.02544	0.73413	0.04739	0.05986	0.01297	0.00748	0.00200	0.00299	0.01147	0.00698	0.00599
51	0.00750	0.00643	0.00643	0.00643	0.00857	0.00536	0.00482	0.00910	0.01446	0.01714	0.06427	0.06105	0.73490	0.01607	0.00750	0.00214	0.00321	0.01339	0.00589	0.00536
52	0.01272	0.03281	0.74418	0.01808	0.02746	0.01473	0.02344	0.02009	0.01339	0.02009	0.01138	0.01339	0.00804	0.00603	0.00603	0.00201	0.00938	0.00469	0.00268	0.00938
53	0.01304	0.08900	0.69079	0.01754	0.02662	0.01551	0.02249	0.02001	0.01336	0.01970	0.01119	0.01315	0.00804	0.00598	0.00588	0.00196	0.00918	0.00459	0.00268	0.00928
54	0.02412	0.01777	0.01904	0.01460	0.01967	0.01967	0.01206	0.71633	0.02983	0.03998	0.01523	0.01523	0.01079	0.00762	0.00635	0.00190	0.00698	0.00571	0.00635	0.01079
55	0.00773	0.00552	0.00736	0.00883	0.00920	0.00515	0.00589	0.00883	0.01215	0.01619	0.03497	0.77291	0.04196	0.01987	0.00810	0.00258	0.00368	0.01803	0.00589	0.00515
56	0.02370	0.03023	0.01798	0.01634	0.01961	0.75158	0.01226	0.02533	0.01798	0.01553	0.00981	0.01144	0.00817	0.00654	0.00572	0.00163	0.01144	0.00409	0.00327	0.00735
57	0.01530	0.01735	0.03588	0.02742	0.09040	0.03844	0.63609	0.02040	0.01502	0.02021	0.01267	0.01682	0.00962	0.00541	0.00733	0.00210	0.01046	0.00723	0.00320	0.00864
58	0.00773	0.00552	0.00736	0.00883	0.00920	0.00515	0.00589	0.00883	0.01215	0.01619	0.03497	0.77291	0.04196	0.01987	0.00810	0.00258	0.00368	0.01803	0.00589	0.00515
59	0.01315	0.01128	0.01315	0.00940	0.01503	0.00846	0.00752	0.01597	0.01315	0.02067	0.01128	0.01315	0.00940	0.00470	0.00470	0.00094	0.00470	0.00376	0.00376	0.81583
60	0.00917	0.00636	0.00800	0.00800	0.00837	0.00674	0.00519	0.00992	0.00954	0.01310	0.01900	0.03606	0.02070	0.53725	0.26885	0.00748	0.00971	0.00843	0.00370	0.00444
61	0.01987	0.01571	0.01703	0.01459	0.04174	0.01767	0.01134	0.36867	0.36055	0.03295	0.02016	0.01926	0.01484	0.00802	0.00640	0.00202	0.00607	0.00640	0.00629	0.01041
62	0.01619	0.35453	0.09278	0.02344	0.31587	0.04206	0.01566	0.01939	0.01365	0.01781	0.01035	0.01288	0.00893	0.00575	0.00564	0.00168	0.02696	0.00452	0.00291	0.00899
63	0.01189	0.00619	0.00623	0.00618	0.00769	0.00626	0.00461	0.01529	0.03796	0.02345	0.02085	0.02412	0.01655	0.02779	0.00524	0.00163	0.00311	0.00604	0.76288	0.00600
64	0.01521	0.07558	0.11669	0.03651	0.12543	0.01450	0.01289	0.15469	0.13550	0.02565	0.17285	0.02457	0.04588	0.00850	0.00642	0.00195	0.00610	0.00712	0.00513	0.00883
65	0.00869	0.00647	0.00808	0.00768	0.00930	0.00586	0.00576	0.01142	0.01728	0.02383	0.60445	0.05003	0.19055	0.01357	0.00749	0.00202	0.00304	0.01184	0.00677	0.00586
66	0.01256	0.01401	0.12925	0.01278	0.04463	0.01177	0.01092	0.02239	0.31067	0.02424	0.24630	0.03182	0.08210	0.00998	0.00678	0.00207	0.00506	0.00851	0.00584	0.00833
67	0.01578	0.01363	0.01434	0.01291	0.01650	0.01578	0.01004	0.03371	0.72602	0.02654	0.02582	0.02367	0.01937	0.00861	0.00646	0.00215	0.00502	0.00717	0.00646	0.01004
68	0.01315	0.01128	0.01315	0.00940	0.01503	0.00846	0.00752	0.01597	0.01315	0.02067	0.01128	0.01315	0.00940	0.00470	0.00470	0.00094	0.00470	0.00376	0.00376	0.81583
69	0.01578	0.01363	0.01434	0.01291	0.01650	0.01578	0.01004	0.03371	0.72602	0.02654	0.02582	0.02367	0.01937	0.00861	0.00646	0.00215	0.00502	0.00717	0.00646	0.01004
70	0.76186	0.01362	0.00997	0.00894	0.01282	0.06966	0.00728	0.01915	0.01134	0.02749	0.00891	0.01039	0.00697	0.00594	0.00406	0.00194	0.00540	0.00348	0.00388	0.00691
71	0.02701	0.01209	0.04088	0.01324	0.05813	0.01026	0.01051	0.05759	0.01825	0.64702	0.02341	0.02071	0.01491	0.00765	0.00636	0.00196	0.00572	0.00625	0.00734	0.01070
72	0.01204	0.01276	0.07531	0.01599	0.13600	0.02874	0.04940	0.03453	0.12847	0.02004	0.03472	0.12102	0.26314	0.01158	0.00733	0.00214	0.02423	0.00998	0.00497	0.00761
73	0.00906	0.00680	0.01020	0.01020	0.01133	0.00793	0.00793	0.01133	0.01020	0.01473	0.01699	0.02492	0.01586	0.04758	0.75191	0.01020	0.01699	0.00680	0.00340	0.00566
74	0.01726	0.22773	0.10083	0.02299	0.22960	0.16698	0.10976	0.02071	0.01470	0.01798	0.01072	0.01330	0.00889	0.00577	0.00571	0.00174	0.00874	0.00487	0.00301	0.00872
75	0.82186	0.01227	0.00932	0.00834	0.01227	0.01423	0.00687	0.01865	0.01080	0.02846	0.00883	0.01031	0.00687	0.00589	0.00393	0.00196	0.00491	0.00344	0.00393	0.00687
76	0.00773	0.00552	0.00736	0.00883	0.00920	0.00515	0.00589	0.00883	0.01215	0.01619	0.03497	0.77291	0.04196	0.01987	0.00810	0.00258	0.00368	0.01803	0.00589	0.00515
77	0.01558	0.01495	0.02553	0.06241	0.71495	0.01504	0.01941	0.01936	0.01439	0.02058	0.01191	0.01574	0.01000	0.00567	0.00628	0.00189	0.00757	0.00565	0.00313	0.00995
78	0.00906	0.00680	0.01020	0.01020	0.01133	0.00793	0.00793	0.01133	0.01020	0.01473	0.01699	0.02492	0.01586	0.04758	0.75191	0.01020	0.01699	0.00680	0.00340	0.00566
79	0.10462	0.01588	0.08834	0.25756	0.10338	0.01501	0.28607	0.01873	0.01359	0.01996	0.01168	0.01582	0.00885	0.00581	0.00648	0.00207	0.00891	0.00602	0.00311	0.00811
80	0.02026	0.01543	0.02064	0.12909	0.23466	0.01661	0.01481	0.35000	0.02180	0.09217	0.01454	0.01617	0.01066	0.00687	0.00633	0.00193	0.00722	0.00574	0.00502	0.01003
81	0.82186	0.01227	0.00932	0.00834	0.01227	0.01423	0.00687	0.01865	0.01080	0.02846	0.00883	0.01031	0.00687	0.00589	0.00393	0.00196	0.00491	0.00344	0.00393	0.00687
82	0.02370	0.03023	0.01798	0.01634	0.01961	0.75158	0.01226	0.02533	0.01798	0.01553	0.00981	0.01144	0.00817	0.00654	0.00572	0.00163	0.01144	0.00409	0.00327	0.00735
83	0.01183	0.00591	0.00591	0.00591	0.00739	0.00591	0.00443	0.01478	0.01330	0.02365	0.02069	0.02365	0.01626	0.00739	0.00443	0.00148	0.00296	0.00591	0.81227	0.00591
84	0.82186	0.01227	0.00932	0.00834	0.01227	0.01423	0.00687	0.01865	0.01080	0.02846	0.00883	0.01031	0.00687	0.00589	0.00393	0.00196	0.00491	0.00344	0.00393	0.00687
85	0.00898	0.00648	0.00848	0.00798	0.00948	0.00599	0.00599	0.01197	0.01796	0.02544	0.73413	0.04739	0.05986	0.01297	0.00748	0.00200	0.00299	0.01147	0.00698	0.00599
86	0.02412	0.01777	0.01904	0.01460	0.01967	0.01967	0.01206	0.71633	0.02983	0.03998	0.01523	0.01523	0.01079	0.00762	0.00635	0.00190	0.00698	0.00571	0.00635	0.01079
87	0.00750	0.00643	0.00643	0.00643	0.00857	0.00536	0.00482	0.00910	0.01446	0.01714	0.06427	0.06105	0.73490	0.01607	0.00750	0.00214	0.00321	0.01339	0.00589	0.00536
88	0.00858	0.00647	0.00792	0.00756	0.00923	0.00582	0.00567	0.01119	0.01701	0.02319	0.55270	0.05109	0.24269	0.01381	0.00749	0.00204	0.00305	0.01199	0.00669	0.00582
89	0.01198	0.01128	0.01903	0.76180	0.04369	0.01409	0.01762	0.01621	0.01268	0.01621	0.01128	0.01691	0.00846	0.00634	0.00634	0.00211	0.00846	0.00564	0.00282	0.00705
90	0.02412	0.01777	0.01904	0.01460	0.01967	0.01967	0.01206	0.71633	0.02983	0.03998	0.01523	0.01523	0.01079	0.00762	0.00635	0.00190	0.00698	0.00571	0.00635	0.01079
91	0.82186	0.01227	0.00932	0.00834	0.01227	0.01423	0.00687	0.01865	0.01080	0.02846	0.00883	0.01031	0.00687	0.00589	0.00393	0.00196	0.00491	0.00344	0.00393	0.00687
92	0.01272	0.03281	0.74418	0.01808	0.02746	0.01473	0.02344	0.02009	0.01339	0.02009	0.01138	0.01339	0.00804	0.00603	0.00603	0.00201	0.00938	0.00469	0.00268	0.00938
93	0.02799	0.01155	0.01519	0.01164	0.01657	0.01044	0.00962	0.10491	0.01942	0.66610	0.02397	0.02091	0.01517	0.00783	0.00638	0.00196	0.00557	0.00631	0.00769	0.01080
94	0.01022	0.00730	0.01022	0.01168	0.01314	0.00730	0.01022	0.01314	0.01460	0.01899	0.03359	0.07156	0.03651	0.01752	0.00876	0.00292	0.00584	0.69478	0.00584	0.00584
95	0.01272	0.03281	0.74418	0.01808	0.02746	0.01473	0.02344	0.02009	0.01339	0.02009	0.01138	0.01339	0.00804	0.00603	0.00603	0.00201	0.00938	0.00469	0.00268	0.00938

[dist]
# distance from previous block
# <min> <max>
0	24

[block]
# block no. 1 follows, 35 sequences, length 49
# corresponding to MSA columns:
# 195-243
name=unknown_B
#
# <colnr> <probs for GDERKNQSTAVLIFYWHMCP>
#	G	D	E	R	K	N	Q	S	T	A	V	L	I	F	Y	W	H	M	C	P
0	0.01504	0.01683	0.03556	0.02562	0.03180	0.01602	0.65733	0.02141	0.07262	0.02082	0.01389	0.01764	0.01042	0.00561	0.00740	0.00214	0.01024	0.00746	0.00347	0.00868
1	0.82186	0.01227	0.00932	0.00834	0.01227	0.01423	0.00687	0.01865	0.01080	0.02846	0.00883	0.01031	0.00687	0.00589	0.00393	0.00196	0.00491	0.00344	0.00393	0.00687
2	0.00773	0.00552	0.00736	0.00883	0.00920	0.00515	0.00589	0.00883	0.01215	0.01619	0.03497	0.77291	0.04196	0.01987	0.00810	0.00258	0.00368	0.01803	0.00589	0.00515
3	0.01198	0.01128	0.01903	0.76180	0.04369	0.01409	0.01762	0.01621	0.01268	0.01621	0.01128	0.01691	0.00846	0.00634	0.00634	0.00211	0.00846	0.00564	0.00282	0.00705
4	0.01662	0.72022	0.09088	0.01144	0.01719	0.02426	0.01188	0.01908	0.01293	0.01534	0.00903	0.01044	0.00813	0.00548	0.00423	0.00141	0.00699	0.00350	0.00271	0.00824
5	0.01183	0.00591	0.00591	0.00591	0.00739	0.00591	0.00443	0.01478	0.01330	0.02365	0.02069	0.02365	0.01626	0.00739	0.00443	0.00148	0.00296	0.00591	0.81227	0.00591
6	0.01183	0.00591	0.00591	0.00591	0.00739	0.00591	0.00443	0.01478	0.01330	0.02365	0.02069	0.02365	0.01626	0.00739	0.00443	0.00148	0.00296	0.00591	0.81227	0.00591
7	0.01198	0.01128	0.01903	0.76180	0.04369	0.01409	0.01762	0.01621	0.01268	0.01621	0.01128	0.01691	0.00846	0.00634	0.00634	0.00211	0.00846	0.00564	0.00282	0.00705
8	0.02412	0.01777	0.01904	0.01460	0.01967	0.01967	0.01206	0.71633	0.02983	0.03998	0.01523	0.01523	0.01079	0.00762	0.00635	0.00190	0.00698	0.00571	0.00635	0.01079
9	0.00750	0.00643	0.00643	0.00643	0.00857	0.00536	0.00482	0.00910	0.01446	0.01714	0.06427	0.06105	0.73490	0.01607	0.00750	0.00214	0.00321	0.01339	0.00589	0.00536
10	0.01198	0.01128	0.01903	0.76180	0.04369	0.01409	0.01762	0.01621	0.01268	0.01621	0.01128	0.01691	0.00846	0.00634	0.00634	0.00211	0.00846	0.00564	0.00282	0.00705
11	0.00750	0.00643	0.00643	0.00643	0.00857	0.00536	0.00482	0.00910	0.01446	0.01714	0.06427	0.06105	0.73490	0.01607	0.00750	0.00214	0.00321	0.01339	0.00589	0.00536
12	0.82186	0.01227	0.00932	0.00834	0.01227	0.01423	0.00687	0.01865	0.01080	0.02846	0.00883	0.01031	0.00687	0.00589	0.00393	0.00196	0.00491	0.00344	0.00393	0.00687
13	0.01570	0.01507	0.02575	0.03894	0.73748	0.01507	0.01947	0.01947	0.01444	0.02073	0.01193	0.01570	0.01005	0.00565	0.00628	0.00188	0.00754	0.00565	0.00314	0.01005
14	0.00750	0.00643	0.00643	0.00643	0.00857	0.00536	0.00482	0.00910	0.01446	0.01714	0.06427	0.06105	0.73490	0.01607	0.00750	0.00214	0.00321	0.01339	0.00589	0.00536
15	0.00773	0.00552	0.00736	0.00883	0.00920	0.00515	0.00589	0.00883	0.01215	0.01619	0.03497	0.77291	0.04196	0.01987	0.00810	0.00258	0.00368	0.01803	0.00589	0.00515
16	0.00893	0.00648	0.00841	0.00793	0.00944	0.00596	0.00594	0.01187	0.01783	0.02514	0.71002	0.04788	0.08416	0.01308	0.00748	0.00200	0.00300	0.01154	0.00694	0.00596
17	0.01272	0.03281	0.74418	0.01808	0.02746	0.01473	0.02344	0.02009	0.01339	0.02009	0.01138	0.01339	0.00804	0.00603	0.00603	0.00201	0.00938	0.00469	0.00268	0.00938
18	0.02359	0.01760	0.01946	0.01612	0.06459	0.01939	0.01252	0.67272	0.02886	0.03878	0.01502	0.01526	0.01074	0.00749	0.00634	0.00190	0.00702	0.00571	0.00615	0.01074
19	0.01719	0.75477	0.03271	0.01105	0.01640	0.05036	0.01090	0.01922	0.01307	0.01495	0.00885	0.01022	0.00814	0.00547	0.00413	0.00137	0.00695	0.00342	0.00273	0.00811
20	0.02225	0.01157	0.01394	0.01102	0.01540	0.03184	0.00892	0.09291	0.05782	0.41479	0.09966	0.02462	0.05675	0.00844	0.00634	0.00185	0.00526	0.00690	0.00682	0.10288
21	0.01662	0.55893	0.18353	0.01285	0.01894	0.08335	0.01365	0.01976	0.01342	0.01608	0.00945	0.01097	0.00812	0.00565	0.00462	0.00152	0.00772	0.00373	0.00275	0.00834
22	0.01645	0.01396	0.01473	0.01305	0.01675	0.01609	0.01020	0.08905	0.66958	0.02763	0.02496	0.02298	0.01867	0.00853	0.00645	0.00213	0.00518	0.00705	0.00645	0.01010
23	0.01388	0.01388	0.01943	0.01666	0.01666	0.01943	0.01388	0.01527	0.00972	0.01527	0.00833	0.01388	0.00833	0.01110	0.02082	0.00278	0.76544	0.00555	0.00278	0.00694
24	0.01348	0.02952	0.63939	0.01698	0.02549	0.01400	0.02126	0.02070	0.03846	0.05968	0.05206	0.01605	0.01167	0.00659	0.00614	0.00201	0.00866	0.00524	0.00332	0.00929
25	0.02846	0.01080	0.01472	0.01129	0.01619	0.00932	0.00932	0.03092	0.01816	0.74187	0.02503	0.02159	0.01570	0.00785	0.00638	0.00196	0.00540	0.00638	0.00785	0.01080
26	0.01316	0.01254	0.02091	0.49983	0.23209	0.01482	0.01781	0.01702	0.01292	0.01737	0.01121	0.01632	0.00888	0.00656	0.00755	0.00211	0.07249	0.00563	0.00290	0.00786
27	0.00893	0.00648	0.00841	0.00793	0.00945	0.00596	0.00595	0.01187	0.01784	0.02515	0.71103	0.04786	0.08314	0.01308	0.00748	0.00200	0.00300	0.01154	0.00695	0.00596
28	0.00898	0.00648	0.00848	0.00798	0.00948	0.00599	0.00599	0.01197	0.01796	0.02544	0.73413	0.04739	0.05986	0.01297	0.00748	0.00200	0.00299	0.01147	0.00698	0.00599
29	0.00906	0.00680	0.01020	0.01020	0.01133	0.00793	0.00793	0.01133	0.01020	0.01473	0.01699	0.02492	0.01586	0.04758	0.75191	0.01020	0.01699	0.00680	0.00340	0.00566
30	0.02846	0.01080	0.01472	0.01129	0.01619	0.00932	0.00932	0.03092	0.01816	0.74187	0.02503	0.02159	0.01570	0.00785	0.00638	0.00196	0.00540	0.00638	0.00785	0.01080
31	0.01302	0.01233	0.02090	0.56057	0.23684	0.01437	0.01813	0.01712	0.01317	0.01747	0.01146	0.01658	0.00890	0.00615	0.00633	0.00205	0.00820	0.00564	0.00291	0.00788
32	0.00923	0.00615	0.00692	0.00692	0.00692	0.00615	0.00384	0.00923	0.00923	0.01230	0.01999	0.04151	0.02306	0.77705	0.03229	0.00615	0.00615	0.00923	0.00384	0.00384
33	0.01315	0.01128	0.01315	0.00940	0.01503	0.00846	0.00752	0.01597	0.01315	0.02067	0.01128	0.01315	0.00940	0.00470	0.00470	0.00094	0.00470	0.00376	0.00376	0.81583
34	0.01476	0.39163	0.40317	0.01462	0.02210	0.01971	0.01740	0.01957	0.01315	0.01761	0.01015	0.01185	0.00809	0.00574	0.00509	0.00170	0.00813	0.00407	0.00270	0.00878
35	0.01696	0.78087	0.03324	0.01085	0.01628	0.02510	0.01085	0.01900	0.01289	0.01493	0.00882	0.01018	0.00814	0.00543	0.00407	0.00136	0.00678	0.00339	0.00271	0.00814
36	0.00750	0.00643	0.00643	0.00643	0.00857	0.00536	0.00482	0.00910	0.01446	0.01714	0.06427	0.06105	0.73490	0.01607	0.00750	0.00214	0.00321	0.01339	0.00589	0.00536
37	0.09316	0.01307	0.01560	0.01206	0.01694	0.01292	0.00996	0.24088	0.02114	0.46644	0.02066	0.01869	0.01346	0.00762	0.00617	0.00194	0.00584	0.00593	0.00706	0.01047
38	0.01678	0.06572	0.14366	0.16682	0.14455	0.03590	0.07234	0.20814	0.01825	0.02458	0.03471	0.01606	0.01093	0.00659	0.00625	0.00194	0.00804	0.00565	0.00397	0.00911
39	0.01198	0.01128	0.01903	0.76180	0.04369	0.01409	0.01762	0.01621	0.01268	0.01621	0.01128	0.01691	0.00846	0.00634	0.00634	0.00211	0.00846	0.00564	0.00282	0.00705
40	0.01525	0.01602	0.02988	0.05446	0.34464	0.03590	0.32551	0.01957	0.01447	0.01994	0.01229	0.01644	0.00987	0.00686	0.02749	0.00225	0.03055	0.00645	0.00316	0.00901
41	0.00888	0.00648	0.00835	0.00788	0.00942	0.00595	0.00591	0.01179	0.01773	0.02490	0.69098	0.04827	0.10334	0.01317	0.00748	0.00200	0.00301	0.01160	0.00691	0.00595
42	0.00773	0.00552	0.00736	0.00883	0.00920	0.00515	0.00589	0.00883	0.01215	0.01619	0.03497	0.77291	0.04196	0.01987	0.00810	0.00258	0.00368	0.01803	0.00589	0.00515
43	0.00773	0.00552	0.00736	0.00883	0.00920	0.00515	0.00589	0.00883	0.01215	0.01619	0.03497	0.77291	0.04196	0.01987	0.00810	0.00258	0.00368	0.01803	0.00589	0.00515
44	0.01022	0.00730	0.01022	0.01168	0.01314	0.00730	0.01022	0.01314	0.01460	0.01899	0.03359	0.07156	0.03651	0.01752	0.00876	0.00292	0.00584	0.69478	0.00584	0.00584
45	0.00906	0.00680	0.01020	0.01020	0.01133	0.00793	0.00793	0.01133	0.01020	0.01473	0.01699	0.02492	0.01586	0.04758	0.75191	0.01020	0.01699	0.00680	0.00340	0.00566
46	0.01315	0.01128	0.01315	0.00940	0.01503	0.00846	0.00752	0.01597	0.01315	0.02067	0.01128	0.01315	0.00940	0.00470	0.00470	0.00094	0.00470	0.00376	0.00376	0.81583
47	0.00750	0.00643	0.00643	0.00643	0.00857	0.00536	0.00482	0.00910	0.01446	0.01714	0.06427	0.06105	0.73490	0.01607	0.00750	0.00214	0.00321	0.01339	0.00589	0.00536
48	0.01022	0.00730	0.01022	0.01168	0.01314	0.00730	0.01022	0.01314	0.01460	0.01899	0.03359	0.07156	0.03651	0.01752	0.00876	0.00292	0.00584	0.69478	0.00584	0.00584

[dist]
# distance from previous block
# <min> <max>
0	2

[block]
# block no. 2 follows, 35 sequences, length 6
# corresponding to MSA columns:
# 246-251
name=unknown_C
#
# <colnr> <probs for GDERKNQSTAVLIFYWHMCP>
#	G	D	E	R	K	N	Q	S	T	A	V	L	I	F	Y	W	H	M	C	P
0	0.82186	0.01227	0.00932	0.00834	0.01227	0.01423	0.00687	0.01865	0.01080	0.02846	0.00883	0.01031	0.00687	0.00589	0.00393	0.00196	0.00491	0.00344	0.00393	0.00687
1	0.02370	0.03023	0.01798	0.01634	0.01961	0.75158	0.01226	0.02533	0.01798	0.01553	0.00981	0.01144	0.00817	0.00654	0.00572	0.00163	0.01144	0.00409	0.00327	0.00735
2	0.01578	0.01363	0.01434	0.01291	0.01650	0.01578	0.01004	0.03371	0.72602	0.02654	0.02582	0.02367	0.01937	0.00861	0.00646	0.00215	0.00502	0.00717	0.00646	0.01004
3	0.00898	0.00648	0.00848	0.00798	0.00948	0.00599	0.00599	0.01197	0.01796	0.02544	0.73413	0.04739	0.05986	0.01297	0.00748	0.00200	0.00299	0.01147	0.00698	0.00599
4	0.01161	0.00991	0.01113	0.01197	0.08300	0.04347	0.00803	0.09433	0.05116	0.02136	0.12423	0.16779	0.31046	0.01353	0.00721	0.00212	0.00460	0.01156	0.00571	0.00681
5	0.01539	0.01596	0.03082	0.03365	0.43192	0.01549	0.32097	0.01984	0.01467	0.02055	0.01232	0.01631	0.00987	0.00552	0.00680	0.00199	0.00891	0.00645	0.00317	0.00940

[dist]
# distance from previous block
# <min> <max>
0	12

[block]
# block no. 3 follows, 35 sequences, length 44
# corresponding to MSA columns:
# 264-307
name=unknown_D
#
# <colnr> <probs for GDERKNQSTAVLIFYWHMCP>
#	G	D	E	R	K	N	Q	S	T	A	V	L	I	F	Y	W	H	M	C	P
0	0.02846	0.01080	0.01472	0.01129	0.01619	0.00932	0.00932	0.03092	0.01816	0.74187	0.02503	0.02159	0.01570	0.00785	0.00638	0.00196	0.00540	0.00638	0.00785	0.01080
1	0.00874	0.00648	0.00815	0.00773	0.00933	0.00589	0.00580	0.01152	0.01740	0.02412	0.62769	0.04956	0.16712	0.01346	0.00748	0.00202	0.00303	0.01178	0.00681	0.00589
2	0.02466	0.01924	0.01672	0.01478	0.04631	0.30829	0.01117	0.04843	0.06188	0.33341	0.01763	0.01698	0.01230	0.00738	0.00658	0.00186	0.03218	0.00543	0.00553	0.00922
3	0.00898	0.00648	0.00848	0.00798	0.00948	0.00599	0.00599	0.01197	0.01796	0.02544	0.73413	0.04739	0.05986	0.01297	0.00748	0.00200	0.00299	0.01147	0.00698	0.00599
4	0.00773	0.00552	0.00736	0.00883	0.00920	0.00515	0.00589	0.00883	0.01215	0.01619	0.03497	0.77291	0.04196	0.01987	0.00810	0.00258	0.00368	0.01803	0.00589	0.00515
5	0.01524	0.01455	0.02450	0.12827	0.62503	0.01498	0.01890	0.01957	0.03971	0.02037	0.01235	0.01614	0.01018	0.00584	0.00629	0.00192	0.00756	0.00570	0.00322	0.00967
6	0.01329	0.09427	0.61995	0.01826	0.02704	0.01572	0.08541	0.02002	0.01350	0.01968	0.01130	0.01346	0.00819	0.00591	0.00600	0.00197	0.00928	0.00483	0.00273	0.00920
7	0.01388	0.01388	0.01943	0.01666	0.01666	0.01943	0.01388	0.01527	0.00972	0.01527	0.00833	0.01388	0.00833	0.01110	0.02082	0.00278	0.76544	0.00555	0.00278	0.00694
8	0.39793	0.01888	0.01439	0.01342	0.04126	0.27292	0.01021	0.02053	0.01328	0.02177	0.00921	0.01141	0.00765	0.00686	0.00706	0.00196	0.11654	0.00405	0.00350	0.00716
9	0.00898	0.00648	0.00848	0.00798	0.00948	0.00599	0.00599	0.01197	0.01796	0.02544	0.73413	0.04739	0.05986	0.01297	0.00748	0.00200	0.00299	0.01147	0.00698	0.00599
10	0.01467	0.01199	0.01546	0.01675	0.18030	0.03391	0.01050	0.07239	0.01507	0.06472	0.01849	0.16608	0.03374	0.00868	0.00607	0.00167	0.00555	0.00758	0.00453	0.31188
11	0.01272	0.03281	0.74418	0.01808	0.02746	0.01473	0.02344	0.02009	0.01339	0.02009	0.01138	0.01339	0.00804	0.00603	0.00603	0.00201	0.00938	0.00469	0.00268	0.00938
12	0.01465	0.05874	0.53367	0.01807	0.04339	0.03781	0.05433	0.08699	0.05374	0.02201	0.01247	0.01418	0.00905	0.00627	0.00607	0.00197	0.00889	0.00501	0.00329	0.00941
13	0.02031	0.02078	0.01535	0.08158	0.01894	0.40276	0.01084	0.09525	0.01772	0.05927	0.01373	0.01558	0.01066	0.00689	0.00560	0.00169	0.00850	0.00493	0.18206	0.00756
14	0.00750	0.00643	0.00643	0.00643	0.00857	0.00536	0.00482	0.00910	0.01446	0.01714	0.06427	0.06105	0.73490	0.01607	0.00750	0.00214	0.00321	0.01339	0.00589	0.00536
15	0.00750	0.00643	0.00643	0.00643	0.00857	0.00536	0.00482	0.00910	0.01446	0.01714	0.06427	0.06105	0.73490	0.01607	0.00750	0.00214	0.00321	0.01339	0.00589	0.00536
16	0.00773	0.00552	0.00736	0.00883	0.00920	0.00515	0.00589	0.00883	0.01215	0.01619	0.03497	0.77291	0.04196	0.01987	0.00810	0.00258	0.00368	0.01803	0.00589	0.00515
17	0.02412	0.01777	0.01904	0.01460	0.01967	0.01967	0.01206	0.71633	0.02983	0.03998	0.01523	0.01523	0.01079	0.00762	0.00635	0.00190	0.00698	0.00571	0.00635	0.01079
18	0.02370	0.03023	0.01798	0.01634	0.01961	0.75158	0.01226	0.02533	0.01798	0.01553	0.00981	0.01144	0.00817	0.00654	0.00572	0.00163	0.01144	0.00409	0.00327	0.00735
19	0.00773	0.00552	0.00736	0.00883	0.00920	0.00515	0.00589	0.00883	0.01215	0.01619	0.03497	0.77291	0.04196	0.01987	0.00810	0.00258	0.00368	0.01803	0.00589	0.00515
20	0.00923	0.00615	0.00692	0.00692	0.00692	0.00615	0.00384	0.00923	0.00923	0.01230	0.01999	0.04151	0.02306	0.77705	0.03229	0.00615	0.00615	0.00923	0.00384	0.00384
21	0.01325	0.00729	0.00744	0.00692	0.00882	0.00751	0.00532	0.09623	0.01522	0.02555	0.02006	0.02267	0.01562	0.00742	0.00466	0.00153	0.00342	0.00589	0.71870	0.00648
22	0.01578	0.01363	0.01434	0.01291	0.01650	0.01578	0.01004	0.03371	0.72602	0.02654	0.02582	0.02367	0.01937	0.00861	0.00646	0.00215	0.00502	0.00717	0.00646	0.01004
23	0.01315	0.01128	0.01315	0.00940	0.01503	0.00846	0.00752	0.01597	0.01315	0.02067	0.01128	0.01315	0.00940	0.00470	0.00470	0.00094	0.00470	0.00376	0.00376	0.81583
24	0.01304	0.00886	0.01159	0.00972	0.01259	0.00800	0.05256	0.01615	0.06101	0.12870	0.13788	0.05911	0.17623	0.15245	0.01147	0.00268	0.00488	0.00929	0.00554	0.11825
25	0.02846	0.01080	0.01472	0.01129	0.01619	0.00932	0.00932	0.03092	0.01816	0.74187	0.02503	0.02159	0.01570	0.00785	0.00638	0.00196	0.00540	0.00638	0.00785	0.01080
26	0.02145	0.00940	0.01243	0.01010	0.01382	0.00836	0.00812	0.02452	0.04020	0.47497	0.22075	0.03035	0.05646	0.00959	0.00668	0.00197	0.00458	0.00807	0.02909	0.00911
27	0.01544	0.01555	0.02620	0.16094	0.27953	0.04511	0.19930	0.05897	0.01477	0.02011	0.01176	0.01589	0.00943	0.00645	0.00819	0.00208	0.09226	0.00606	0.00325	0.00871
28	0.02038	0.01335	0.01520	0.01276	0.01678	0.01431	0.01042	0.25941	0.22777	0.17952	0.02297	0.02675	0.01790	0.00926	0.00665	0.00211	0.00580	0.09775	0.03114	0.00977
29	0.00841	0.00629	0.00780	0.00778	0.00922	0.00569	0.00570	0.01073	0.01608	0.02182	0.45103	0.18459	0.21165	0.01496	0.00760	0.00214	0.00317	0.01313	0.00653	0.00569
30	0.00927	0.00706	0.00864	0.00854	0.01022	0.00674	0.00650	0.01306	0.07646	0.02240	0.40928	0.12343	0.18105	0.01432	0.00758	0.00218	0.00355	0.07709	0.00651	0.00611
31	0.03599	0.11186	0.09048	0.01609	0.04863	0.05202	0.08718	0.17793	0.20547	0.06567	0.01645	0.01691	0.01231	0.00715	0.00648	0.00195	0.02718	0.00581	0.00491	0.00952
32	0.02283	0.01330	0.05265	0.01268	0.01703	0.01268	0.01079	0.12463	0.12286	0.39911	0.02129	0.02022	0.01461	0.01063	0.05534	0.00258	0.06401	0.00628	0.00650	0.00999
33	0.00918	0.00628	0.00755	0.00751	0.00781	0.00640	0.00465	0.00979	0.01017	0.01386	0.08468	0.03956	0.02534	0.59804	0.13787	0.00638	0.00749	0.00907	0.00406	0.00431
34	0.01315	0.01128	0.01315	0.00940	0.01503	0.00846	0.00752	0.01597	0.01315	0.02067	0.01128	0.01315	0.00940	0.00470	0.00470	0.00094	0.00470	0.00376	0.00376	0.81583
35	0.01467	0.13596	0.02801	0.14068	0.28379	0.01620	0.20510	0.01851	0.01394	0.01874	0.01291	0.05900	0.01122	0.00646	0.00637	0.00194	0.00819	0.00650	0.00320	0.00860
36	0.00928	0.00664	0.00912	0.01041	0.01151	0.00647	0.00841	0.01160	0.01407	0.01860	0.09363	0.30423	0.04032	0.01792	0.00843	0.00273	0.00488	0.41018	0.00595	0.00562
37	0.01522	0.01447	0.02378	0.03162	0.51867	0.01437	0.07104	0.02056	0.09267	0.02148	0.03666	0.01749	0.01258	0.00611	0.00630	0.00186	0.00712	0.00599	0.00369	0.07833
38	0.00835	0.00706	0.00725	0.00718	0.00936	0.00633	0.00543	0.01134	0.07484	0.01787	0.05868	0.05771	0.62960	0.03645	0.00814	0.00228	0.00354	0.03698	0.00588	0.00573
39	0.00840	0.00598	0.00771	0.00886	0.00936	0.00572	0.00592	0.03247	0.01249	0.01666	0.03303	0.68543	0.03931	0.08386	0.01010	0.00286	0.00400	0.01687	0.00573	0.00523
40	0.01554	0.01316	0.01400	0.01265	0.01605	0.01508	0.00980	0.06796	0.62822	0.02637	0.02603	0.08694	0.02083	0.00951	0.00659	0.00217	0.00501	0.00802	0.00640	0.00967
41	0.02283	0.01681	0.01814	0.01403	0.01881	0.01851	0.01154	0.65642	0.02882	0.03874	0.07637	0.01797	0.01496	0.00807	0.00644	0.00191	0.00664	0.00620	0.00640	0.01038
42	0.01241	0.03058	0.68161	0.01722	0.02593	0.01399	0.02195	0.01940	0.01378	0.02055	0.07285	0.01628	0.01244	0.00662	0.00615	0.00201	0.00883	0.00526	0.00304	0.00909
43	0.00931	0.00696	0.00835	0.00859	0.01000	0.00660	0.00618	0.06968	0.01533	0.02025	0.17711	0.39962	0.20512	0.01659	0.00769	0.00230	0.00372	0.01461	0.00614	0.00584

[dist]
# distance from previous block
# <min> <max>
0	5

[block]
# block no. 4 follows, 35 sequences, length 13
# corresponding to MSA columns:
# 313-325
name=unknown_E
#
# <colnr> <probs for GDERKNQSTAVLIFYWHMCP>
#	G	D	E	R	K	N	Q	S	T	A	V	L	I	F	Y	W	H	M	C	P
0	0.01336	0.01257	0.01670	0.01372	0.01579	0.01491	0.01130	0.01531	0.01097	0.01716	0.00984	0.01421	0.00911	0.01077	0.05407	0.00252	0.45452	0.00498	0.00316	0.29503
1	0.01332	0.01054	0.01177	0.00980	0.01309	0.02648	0.00776	0.07550	0.04063	0.07462	0.03417	0.03414	0.29997	0.02810	0.00850	0.00195	0.08517	0.00841	0.00512	0.21095
2	0.00917	0.00719	0.00823	0.00787	0.00981	0.00668	0.00592	0.03482	0.05706	0.02197	0.34906	0.08947	0.34096	0.01423	0.00743	0.00209	0.00337	0.01220	0.00641	0.00606
3	0.02247	0.01109	0.01415	0.01068	0.01579	0.00929	0.00871	0.02571	0.04663	0.45439	0.02016	0.01868	0.01361	0.00676	0.00578	0.00161	0.00513	0.00548	0.00633	0.29755
4	0.01176	0.00945	0.01093	0.00851	0.01214	0.00764	0.00621	0.01357	0.01176	0.01769	0.01438	0.02326	0.01427	0.27984	0.01453	0.00280	0.00522	0.00571	0.00379	0.52657
5	0.01952	0.02348	0.01835	0.28190	0.02819	0.48886	0.01417	0.02208	0.01609	0.01577	0.01033	0.01339	0.00827	0.00647	0.00594	0.00181	0.01038	0.00464	0.00311	0.00724
6	0.01347	0.02062	0.27761	0.01716	0.02050	0.01776	0.01728	0.01699	0.01103	0.01699	0.00942	0.01371	0.00822	0.00930	0.01555	0.00250	0.49610	0.00524	0.00274	0.00781
7	0.00861	0.00625	0.00674	0.00674	0.00751	0.00587	0.00419	0.00918	0.01109	0.01402	0.03576	0.04847	0.27665	0.50596	0.02346	0.00472	0.00510	0.01071	0.00457	0.00438
8	0.53922	0.01174	0.01125	0.00939	0.01367	0.01248	0.00774	0.02302	0.01342	0.28261	0.01460	0.01433	0.01002	0.00659	0.00480	0.00196	0.00508	0.00448	0.00532	0.00827
9	0.01385	0.01312	0.02620	0.01932	0.02398	0.01243	0.46151	0.01835	0.01438	0.02151	0.01563	0.01944	0.01199	0.00608	0.00640	0.00190	0.00794	0.00693	0.29143	0.00761
10	0.01839	0.02031	0.02269	0.06178	0.45210	0.27740	0.01682	0.02142	0.01563	0.01868	0.01115	0.01424	0.00931	0.00600	0.00608	0.00180	0.00897	0.00509	0.00317	0.00896
11	0.00906	0.00680	0.01020	0.01020	0.01133	0.00793	0.00793	0.01133	0.01020	0.01473	0.01699	0.02492	0.01586	0.04758	0.75191	0.01020	0.01699	0.00680	0.00340	0.00566
12	0.00914	0.00627	0.00748	0.00730	0.00783	0.00609	0.00461	0.01020	0.01234	0.01698	0.27439	0.04361	0.03617	0.50486	0.02345	0.00467	0.00503	0.01003	0.00496	0.00461

[dist]
# distance from previous block
# <min> <max>
0	25

# created by:
# /home/cegg/simao/soft/augustus-3.2.1/scripts/msa2prfl.pl ./align_prep/EOG090W09ZT.fa
