[name]
unknown

[dist]
# distance from previous block
# <min> <max>
4	54

[block]
# block no. 0 follows, 40 sequences, length 33
# corresponding to MSA columns:
# 56-88
name=unknown_A
#
# <colnr> <probs for GDERKNQSTAVLIFYWHMCP>
#	G	D	E	R	K	N	Q	S	T	A	V	L	I	F	Y	W	H	M	C	P
0	0.00830	0.00614	0.00780	0.00852	0.00958	0.00591	0.00635	0.02867	0.03894	0.01747	0.13202	0.42008	0.11896	0.01590	0.00731	0.00228	0.00375	0.15122	0.00555	0.00526
1	0.01349	0.01302	0.02255	0.22636	0.53909	0.01363	0.05287	0.01712	0.01285	0.01792	0.01082	0.01474	0.00882	0.00533	0.00583	0.00179	0.00727	0.00526	0.00281	0.00844
2	0.01418	0.07004	0.03276	0.02384	0.07321	0.04237	0.61815	0.01866	0.01366	0.01815	0.01136	0.01498	0.00871	0.00496	0.00652	0.00188	0.00941	0.00639	0.00291	0.00786
3	0.00891	0.00654	0.00872	0.00981	0.01127	0.00636	0.00845	0.01136	0.01336	0.01709	0.03603	0.06380	0.16817	0.01582	0.00782	0.00254	0.00491	0.58841	0.00536	0.00527
4	0.01333	0.01843	0.17367	0.02300	0.02940	0.01448	0.60163	0.01859	0.01345	0.01859	0.01151	0.01504	0.00855	0.00502	0.00661	0.00194	0.00957	0.00637	0.00285	0.00799
5	0.01331	0.01506	0.05322	0.13740	0.11503	0.01437	0.50907	0.01786	0.01320	0.01800	0.01132	0.01533	0.00864	0.00521	0.00682	0.00194	0.02726	0.00630	0.00286	0.00778
6	0.01355	0.01345	0.02433	0.13604	0.47572	0.01371	0.16264	0.01724	0.01296	0.01813	0.01153	0.03598	0.00969	0.00568	0.00632	0.00184	0.02410	0.00583	0.00291	0.00837
7	0.00709	0.00506	0.00675	0.00810	0.00843	0.00472	0.00540	0.00810	0.01113	0.01484	0.03205	0.79184	0.03846	0.01822	0.00742	0.00236	0.00337	0.01653	0.00540	0.00472
8	0.01402	0.01346	0.02188	0.20210	0.55929	0.03315	0.01712	0.03635	0.01333	0.01841	0.01083	0.01453	0.00886	0.00539	0.00576	0.00177	0.00718	0.00514	0.00289	0.00855
9	0.01993	0.04080	0.01697	0.01391	0.01748	0.34092	0.04888	0.24321	0.04367	0.06245	0.01402	0.07141	0.01181	0.00744	0.00574	0.00171	0.00795	0.01944	0.00440	0.00787
10	0.00803	0.00594	0.00749	0.00710	0.00856	0.00540	0.00533	0.01058	0.01598	0.02218	0.65215	0.04531	0.15972	0.01231	0.00686	0.00185	0.00277	0.01078	0.00625	0.00540
11	0.01555	0.79913	0.03047	0.00995	0.01493	0.02301	0.00995	0.01741	0.01182	0.01368	0.00808	0.00933	0.00746	0.00498	0.00373	0.00124	0.00622	0.00311	0.00249	0.00746
12	0.01070	0.00544	0.00544	0.00544	0.00681	0.00540	0.00408	0.01336	0.01223	0.02147	0.02041	0.02291	0.04160	0.00706	0.00417	0.00138	0.00272	0.00567	0.79833	0.00540
13	0.00741	0.00582	0.00670	0.00668	0.00824	0.00511	0.00493	0.00932	0.01424	0.01851	0.32164	0.13263	0.40997	0.01403	0.00693	0.00196	0.00292	0.01208	0.00578	0.00511
14	0.00735	0.00583	0.00661	0.00658	0.00819	0.00509	0.00487	0.00921	0.01414	0.01820	0.29216	0.12073	0.45224	0.01410	0.00692	0.00196	0.00292	0.01208	0.00574	0.00509
15	0.01166	0.03008	0.76550	0.01657	0.02517	0.01351	0.02149	0.01842	0.01228	0.01842	0.01044	0.01228	0.00737	0.00552	0.00552	0.00184	0.00859	0.00430	0.00246	0.00859
16	0.00810	0.00594	0.00760	0.00718	0.00861	0.00543	0.00539	0.01073	0.01616	0.02260	0.69056	0.04462	0.12105	0.01216	0.00686	0.00184	0.00276	0.01068	0.00631	0.00543
17	0.01276	0.01284	0.01846	0.01563	0.01586	0.01769	0.04114	0.01418	0.00909	0.01418	0.00780	0.01284	0.00768	0.00997	0.01861	0.00252	0.75462	0.00516	0.00256	0.00642
18	0.01555	0.79913	0.03047	0.00995	0.01493	0.02301	0.00995	0.01741	0.01182	0.01368	0.00808	0.00933	0.00746	0.00498	0.00373	0.00124	0.00622	0.00311	0.00249	0.00746
19	0.02540	0.00999	0.01336	0.01029	0.01468	0.00880	0.00849	0.05533	0.01690	0.70915	0.02245	0.01963	0.01424	0.00717	0.00578	0.00178	0.00493	0.00581	0.03607	0.00974
20	0.01098	0.01034	0.01744	0.78165	0.04005	0.01292	0.01615	0.01486	0.01163	0.01486	0.01034	0.01550	0.00775	0.00581	0.00581	0.00194	0.00775	0.00517	0.00258	0.00646
21	0.00720	0.00590	0.00634	0.00623	0.00806	0.00505	0.00468	0.00898	0.01403	0.01754	0.22671	0.05295	0.58805	0.01404	0.00687	0.00193	0.00290	0.01185	0.00564	0.00505
22	0.01206	0.01034	0.01206	0.00861	0.01378	0.00775	0.00689	0.01464	0.01206	0.01895	0.01034	0.01206	0.00861	0.00431	0.00431	0.00086	0.00431	0.00345	0.00345	0.83118
23	0.00745	0.00564	0.00653	0.00689	0.00794	0.00511	0.00478	0.00870	0.01213	0.01556	0.12423	0.25953	0.31486	0.16254	0.01134	0.00277	0.00361	0.03058	0.00516	0.00467
24	0.02083	0.01477	0.01605	0.01261	0.01696	0.01617	0.01032	0.54261	0.13347	0.10260	0.01776	0.01707	0.03654	0.00740	0.00587	0.00179	0.00588	0.00573	0.00595	0.00962
25	0.83671	0.01125	0.00855	0.00765	0.01125	0.01305	0.00630	0.01709	0.00990	0.02609	0.00810	0.00945	0.00630	0.00540	0.00360	0.00180	0.00450	0.00315	0.00360	0.00630
26	0.01114	0.01055	0.01747	0.71374	0.03786	0.01335	0.01585	0.01478	0.01139	0.01478	0.01010	0.01526	0.00774	0.00620	0.00699	0.00199	0.07663	0.00516	0.00258	0.00645
27	0.01816	0.02200	0.01502	0.01368	0.01621	0.56091	0.02931	0.01980	0.01458	0.01406	0.01084	0.01446	0.00961	0.05239	0.16052	0.00329	0.01125	0.00456	0.00304	0.00630
28	0.01769	0.01397	0.06008	0.01162	0.03269	0.07220	0.00958	0.13748	0.08654	0.18767	0.01637	0.01627	0.03325	0.00627	0.00531	0.00148	0.00560	0.00495	0.00485	0.27613
29	0.01482	0.29816	0.13640	0.01496	0.06543	0.12030	0.10668	0.01788	0.01321	0.03651	0.05092	0.03480	0.03784	0.00641	0.00548	0.00162	0.02277	0.00516	0.00315	0.00748
30	0.00877	0.00597	0.00695	0.00691	0.00716	0.00609	0.00418	0.03040	0.00926	0.01244	0.01879	0.08175	0.02129	0.66102	0.09074	0.00564	0.00637	0.00866	0.00367	0.00393
31	0.01368	0.01274	0.01930	0.18336	0.19554	0.03616	0.11095	0.08415	0.09505	0.01888	0.01327	0.01829	0.01119	0.10413	0.00969	0.00236	0.05431	0.00592	0.00350	0.00755
32	0.01411	0.06719	0.05779	0.09138	0.05901	0.15251	0.05876	0.07898	0.02792	0.01695	0.01185	0.01571	0.01006	0.01670	0.21912	0.00389	0.08281	0.00515	0.00318	0.00692

[dist]
# distance from previous block
# <min> <max>
3	6

[block]
# block no. 1 follows, 40 sequences, length 24
# corresponding to MSA columns:
# 95-118
name=unknown_B
#
# <colnr> <probs for GDERKNQSTAVLIFYWHMCP>
#	G	D	E	R	K	N	Q	S	T	A	V	L	I	F	Y	W	H	M	C	P
0	0.01036	0.00631	0.00799	0.00778	0.00947	0.00565	0.00581	0.01227	0.01422	0.13151	0.26894	0.24838	0.19994	0.01367	0.00690	0.00203	0.00338	0.03359	0.00599	0.00581
1	0.01415	0.01356	0.02316	0.08970	0.70728	0.01375	0.01772	0.01763	0.01312	0.01870	0.01089	0.01447	0.00911	0.00523	0.00576	0.00174	0.00697	0.00518	0.00286	0.00901
2	0.01206	0.01034	0.01206	0.00861	0.01378	0.00775	0.00689	0.01464	0.01206	0.01895	0.01034	0.01206	0.00861	0.00431	0.00431	0.00086	0.00431	0.00345	0.00345	0.83118
3	0.01364	0.01350	0.01774	0.01514	0.01554	0.04548	0.01256	0.05974	0.01034	0.01542	0.00808	0.01272	0.00777	0.00982	0.01775	0.00246	0.70791	0.00505	0.00277	0.00660
4	0.00702	0.00581	0.00615	0.00625	0.00799	0.00494	0.00462	0.00857	0.01334	0.01634	0.12181	0.12924	0.61823	0.01481	0.00693	0.00199	0.00297	0.01254	0.00549	0.00494
5	0.00742	0.00520	0.00665	0.00767	0.00793	0.00494	0.00495	0.00818	0.01049	0.01399	0.02875	0.61031	0.03429	0.20543	0.01276	0.00315	0.00392	0.01459	0.00495	0.00443
6	0.00815	0.00594	0.00766	0.00723	0.00864	0.00545	0.00542	0.01082	0.01627	0.02288	0.71575	0.04417	0.09568	0.01205	0.00686	0.00184	0.00276	0.01062	0.00634	0.00545
7	0.00723	0.00516	0.00690	0.00809	0.00846	0.00493	0.00543	0.00826	0.01089	0.01458	0.03031	0.70521	0.03607	0.05776	0.05814	0.00297	0.00428	0.01547	0.00516	0.00470
8	0.02172	0.02772	0.01648	0.01498	0.01798	0.77228	0.01124	0.02322	0.01648	0.01423	0.00899	0.01049	0.00749	0.00599	0.00524	0.00150	0.01049	0.00375	0.00300	0.00674
9	0.01439	0.01382	0.02360	0.03569	0.75936	0.01382	0.01785	0.01785	0.01324	0.01900	0.01094	0.01439	0.00921	0.00518	0.00576	0.00173	0.00691	0.00518	0.00288	0.00921
10	0.01249	0.01081	0.01710	0.10758	0.39319	0.01095	0.01327	0.03378	0.01390	0.03714	0.11419	0.02634	0.08876	0.00797	0.00612	0.00184	0.00576	0.05814	0.03304	0.00763
11	0.01555	0.79913	0.03047	0.00995	0.01493	0.02301	0.00995	0.01741	0.01182	0.01368	0.00808	0.00933	0.00746	0.00498	0.00373	0.00124	0.00622	0.00311	0.00249	0.00746
12	0.00759	0.00558	0.00747	0.00901	0.02793	0.00534	0.00598	0.00922	0.03490	0.01534	0.03120	0.72183	0.03688	0.01748	0.00735	0.00234	0.00357	0.04063	0.00535	0.00500
13	0.01556	0.00899	0.01057	0.00901	0.01209	0.00861	0.00712	0.09464	0.10284	0.25502	0.09867	0.06898	0.26229	0.01064	0.00635	0.00190	0.00414	0.00888	0.00616	0.00755
14	0.04959	0.37388	0.16237	0.01128	0.01623	0.08047	0.01138	0.03887	0.05152	0.01720	0.05386	0.01569	0.05841	0.00637	0.00475	0.00152	0.00642	0.00463	0.00328	0.03227
15	0.03684	0.01281	0.06559	0.10403	0.19196	0.04683	0.02685	0.05073	0.10001	0.05904	0.01897	0.13031	0.05006	0.00852	0.00603	0.00189	0.00601	0.03506	0.00417	0.04430
16	0.05216	0.07177	0.06654	0.19989	0.23148	0.06356	0.03242	0.09828	0.05143	0.04088	0.01156	0.01414	0.00899	0.00591	0.00586	0.00178	0.02693	0.00492	0.00339	0.00810
17	0.01014	0.03194	0.04069	0.05303	0.04874	0.00900	0.06980	0.03568	0.03556	0.01623	0.02064	0.23061	0.02177	0.12070	0.11731	0.00361	0.02388	0.07464	0.03018	0.00584
18	0.01217	0.01281	0.09837	0.09220	0.09185	0.01094	0.17457	0.05758	0.03731	0.05302	0.06348	0.10821	0.14417	0.00893	0.00643	0.00194	0.00634	0.00829	0.00418	0.00720
19	0.07854	0.05600	0.06022	0.13366	0.08618	0.04599	0.01082	0.07250	0.02743	0.04148	0.03012	0.03565	0.02675	0.00603	0.00510	0.00150	0.00584	0.00487	0.00364	0.26768
20	0.03098	0.01437	0.11253	0.06705	0.10083	0.05056	0.01187	0.14502	0.04843	0.09504	0.09178	0.07180	0.01722	0.00872	0.02147	0.00198	0.02739	0.02899	0.00454	0.04946
21	0.00840	0.00627	0.00694	0.00679	0.00866	0.00553	0.00510	0.01053	0.03693	0.05468	0.15350	0.09729	0.51016	0.03518	0.00747	0.00208	0.00323	0.03030	0.00560	0.00534
22	0.01123	0.01262	0.12758	0.05013	0.19492	0.01001	0.05756	0.01529	0.05494	0.03988	0.13728	0.12861	0.11663	0.00947	0.00634	0.00192	0.00556	0.00851	0.00431	0.00720
23	0.01574	0.18077	0.19881	0.06519	0.16847	0.10713	0.04849	0.09594	0.01463	0.03725	0.01062	0.01260	0.00830	0.00559	0.00529	0.00165	0.00768	0.00447	0.00312	0.00827

[dist]
# distance from previous block
# <min> <max>
4	9

[block]
# block no. 2 follows, 40 sequences, length 157
# corresponding to MSA columns:
# 129-285
name=unknown_C
#
# <colnr> <probs for GDERKNQSTAVLIFYWHMCP>
#	G	D	E	R	K	N	Q	S	T	A	V	L	I	F	Y	W	H	M	C	P
0	0.01084	0.00847	0.00883	0.00853	0.01027	0.05820	0.00627	0.04668	0.07589	0.06243	0.07421	0.20089	0.22179	0.10962	0.05309	0.00287	0.00505	0.02517	0.00511	0.00578
1	0.01600	0.07040	0.10279	0.07789	0.07559	0.10675	0.15894	0.17564	0.03655	0.02106	0.01190	0.01517	0.00949	0.02569	0.00726	0.00192	0.05780	0.01761	0.00357	0.00800
2	0.04214	0.07747	0.06618	0.01488	0.03533	0.31031	0.03150	0.01837	0.01271	0.01519	0.00893	0.01185	0.00782	0.00813	0.03120	0.00205	0.25379	0.00431	0.00282	0.04503
3	0.00783	0.00609	0.00714	0.00685	0.00851	0.00548	0.00515	0.01040	0.03341	0.02025	0.45475	0.04798	0.33915	0.01294	0.00684	0.00189	0.00287	0.01113	0.00598	0.00534
4	0.00743	0.00551	0.00681	0.00732	0.00824	0.00506	0.00510	0.00887	0.01256	0.01663	0.19891	0.38636	0.20016	0.07597	0.02525	0.00255	0.00357	0.01340	0.00543	0.00485
5	0.00851	0.00588	0.00735	0.00721	0.00748	0.00595	0.02057	0.00885	0.00882	0.01188	0.01855	0.08144	0.02098	0.63276	0.10844	0.02267	0.00666	0.00860	0.00356	0.00385
6	0.01479	0.01265	0.01333	0.01190	0.01525	0.01462	0.00928	0.06112	0.71810	0.02485	0.02325	0.02137	0.01742	0.00785	0.00591	0.00196	0.00468	0.00652	0.00591	0.00923
7	0.02147	0.06071	0.01711	0.01471	0.01785	0.71634	0.01117	0.04535	0.01662	0.01491	0.00910	0.01055	0.00756	0.00598	0.00520	0.00149	0.01017	0.00376	0.00306	0.00687
8	0.01156	0.00684	0.00734	0.00702	0.00854	0.00702	0.00523	0.10589	0.01368	0.02162	0.02019	0.11679	0.01828	0.08727	0.00736	0.00199	0.00364	0.02799	0.51606	0.00572
9	0.01428	0.01390	0.02278	0.10902	0.66538	0.03691	0.01748	0.01771	0.01318	0.01844	0.01082	0.01438	0.00901	0.00527	0.00575	0.00174	0.00710	0.00514	0.00285	0.00886
10	0.01755	0.51068	0.02514	0.01164	0.01594	0.24735	0.01034	0.04092	0.04553	0.01498	0.00920	0.01035	0.00799	0.00547	0.00434	0.00137	0.00744	0.00351	0.00289	0.00739
11	0.03634	0.01480	0.04584	0.02115	0.02655	0.01365	0.56804	0.03304	0.03796	0.04015	0.03614	0.03840	0.01146	0.00570	0.00657	0.00190	0.00862	0.00687	0.00342	0.04339
12	0.01513	0.03594	0.02130	0.11267	0.17648	0.03339	0.15248	0.13223	0.07096	0.04221	0.01276	0.01632	0.01028	0.05022	0.00866	0.00211	0.08946	0.00572	0.00367	0.00801
13	0.04756	0.05842	0.00790	0.00644	0.00823	0.05712	0.00501	0.01459	0.01235	0.02087	0.01714	0.01962	0.01357	0.00655	0.00410	0.00138	0.00352	0.00506	0.68491	0.00568
14	0.01595	0.02843	0.04183	0.15956	0.19476	0.06358	0.02818	0.18260	0.09223	0.03766	0.01278	0.01477	0.00980	0.00613	0.00594	0.00174	0.02467	0.00509	0.00392	0.07040
15	0.74778	0.01274	0.04444	0.00846	0.01231	0.03337	0.00731	0.04285	0.01080	0.02579	0.00844	0.00977	0.00651	0.00548	0.00381	0.00179	0.00492	0.00329	0.00361	0.00654
16	0.01022	0.00672	0.00835	0.00814	0.00995	0.00624	0.00632	0.02875	0.03254	0.09628	0.27045	0.14968	0.21272	0.01337	0.00696	0.00206	0.00362	0.11584	0.00592	0.00587
17	0.01307	0.01241	0.02102	0.14333	0.49439	0.01287	0.05335	0.01681	0.03450	0.01832	0.04480	0.06699	0.01308	0.00659	0.00626	0.00184	0.02265	0.00628	0.00324	0.00821
18	0.01433	0.10093	0.10683	0.10126	0.35561	0.01510	0.08360	0.06705	0.06364	0.01945	0.01165	0.01430	0.00926	0.00554	0.00563	0.00175	0.00719	0.00511	0.00317	0.00859
19	0.00726	0.00559	0.00665	0.00713	0.00833	0.00498	0.00512	0.00880	0.01299	0.01675	0.17025	0.34286	0.33325	0.01563	0.00712	0.00211	0.00314	0.03152	0.00557	0.00495
20	0.00818	0.00619	0.00815	0.02607	0.04398	0.00589	0.00643	0.00990	0.01262	0.01674	0.16916	0.28495	0.15538	0.10384	0.00973	0.00258	0.00399	0.11596	0.00519	0.00510
21	0.01241	0.01055	0.01225	0.00878	0.01393	0.00812	0.00704	0.04026	0.01260	0.01957	0.01046	0.01213	0.00866	0.00440	0.00436	0.00089	0.00438	0.00351	0.00353	0.80218
22	0.01066	0.00725	0.00938	0.01030	0.04508	0.00720	0.00705	0.03324	0.10872	0.08784	0.02859	0.53810	0.03119	0.01485	0.00698	0.00222	0.00399	0.03567	0.00553	0.00617
23	0.01856	0.00868	0.01119	0.00938	0.01274	0.00782	0.00764	0.04044	0.03916	0.43140	0.10897	0.03334	0.15443	0.00996	0.00636	0.00192	0.00442	0.07901	0.00653	0.00805
24	0.01182	0.01152	0.01872	0.01741	0.13197	0.04179	0.22959	0.01585	0.06187	0.01897	0.12513	0.06484	0.13515	0.00862	0.00672	0.00188	0.02578	0.00816	0.05725	0.00696
25	0.01486	0.23873	0.12800	0.05476	0.29432	0.08569	0.01484	0.01909	0.06506	0.01718	0.01076	0.01288	0.00884	0.00547	0.00512	0.00161	0.00715	0.00444	0.00292	0.00828
26	0.00877	0.00608	0.00869	0.00990	0.04196	0.00567	0.02647	0.01012	0.01172	0.05990	0.03055	0.65784	0.04942	0.01650	0.00724	0.00229	0.00384	0.03238	0.00533	0.00533
27	0.00709	0.00590	0.00619	0.00612	0.00799	0.00500	0.00459	0.00876	0.01376	0.01692	0.16966	0.05398	0.64549	0.01428	0.00687	0.00194	0.00291	0.01199	0.00556	0.00500
28	0.03336	0.01498	0.04700	0.03709	0.12465	0.12986	0.02926	0.20519	0.04890	0.05551	0.03579	0.11517	0.01544	0.00914	0.02481	0.00201	0.00674	0.02688	0.03036	0.00784
29	0.05092	0.07533	0.13390	0.01674	0.09867	0.29647	0.03542	0.18611	0.01732	0.02111	0.01055	0.01202	0.00820	0.00594	0.00536	0.00164	0.00832	0.00436	0.00354	0.00808
30	0.02129	0.01576	0.01686	0.01302	0.01753	0.01739	0.01073	0.69390	0.04142	0.03549	0.01610	0.01593	0.04235	0.00733	0.00586	0.00176	0.00621	0.00557	0.00580	0.00966
31	0.03420	0.27612	0.09000	0.01383	0.03576	0.27434	0.04132	0.06673	0.02932	0.01661	0.00984	0.01161	0.00822	0.00739	0.03843	0.00187	0.02993	0.00404	0.00302	0.00742
32	0.01098	0.01034	0.01744	0.78165	0.04005	0.01292	0.01615	0.01486	0.01163	0.01486	0.01034	0.01550	0.00775	0.00581	0.00581	0.00194	0.00775	0.00517	0.00258	0.00646
33	0.00848	0.00629	0.00888	0.00880	0.00955	0.00720	0.00652	0.01003	0.00911	0.01297	0.01600	0.02625	0.01594	0.22635	0.56748	0.00823	0.03718	0.00674	0.00320	0.00482
34	0.02148	0.02732	0.01651	0.01499	0.01791	0.75228	0.01128	0.02298	0.01628	0.01423	0.00895	0.01055	0.00749	0.00610	0.00561	0.00153	0.03102	0.00378	0.00298	0.00673
35	0.01098	0.01034	0.01744	0.78165	0.04005	0.01292	0.01615	0.01486	0.01163	0.01486	0.01034	0.01550	0.00775	0.00581	0.00581	0.00194	0.00775	0.00517	0.00258	0.00646
36	0.02003	0.01742	0.14245	0.01316	0.01813	0.05725	0.01204	0.35534	0.09139	0.17178	0.01615	0.03202	0.01157	0.00705	0.00579	0.00179	0.00648	0.00548	0.00536	0.00932
37	0.19342	0.04813	0.28882	0.01522	0.02091	0.11782	0.12964	0.06232	0.01335	0.02035	0.00999	0.01198	0.00755	0.00568	0.00566	0.00180	0.03219	0.00442	0.00306	0.00769
38	0.01349	0.05035	0.43977	0.01547	0.04117	0.05513	0.06819	0.05042	0.01364	0.06636	0.03253	0.05937	0.02817	0.00678	0.00571	0.00182	0.00756	0.00564	0.03035	0.00807
39	0.01407	0.01496	0.12755	0.08788	0.25263	0.05613	0.05155	0.04015	0.03179	0.08395	0.03691	0.11084	0.03068	0.00758	0.00599	0.00184	0.00665	0.00679	0.00382	0.02824
40	0.01569	0.39677	0.24511	0.01318	0.03534	0.01899	0.01376	0.16282	0.01510	0.01981	0.01002	0.01125	0.00796	0.00555	0.00473	0.00153	0.00697	0.00393	0.00316	0.00832
41	0.00934	0.00702	0.00993	0.00943	0.01021	0.00803	0.02256	0.01074	0.00942	0.03204	0.01650	0.06888	0.01687	0.25263	0.39622	0.00678	0.09769	0.00732	0.00340	0.00499
42	0.01778	0.01609	0.03321	0.01159	0.01472	0.25299	0.03165	0.13180	0.06837	0.09271	0.01563	0.03700	0.01216	0.00689	0.00523	0.00161	0.00650	0.00529	0.23141	0.00737
43	0.00865	0.00610	0.00741	0.00737	0.00900	0.00546	0.00562	0.01068	0.01433	0.05828	0.29789	0.13845	0.31178	0.01387	0.00699	0.00203	0.00327	0.08157	0.00585	0.00540
44	0.00927	0.00662	0.00926	0.01060	0.01189	0.00661	0.00920	0.01188	0.01329	0.01729	0.03084	0.09699	0.03368	0.01616	0.00801	0.00266	0.00527	0.68979	0.00536	0.00533
45	0.00736	0.00591	0.00657	0.00641	0.00816	0.00512	0.00480	0.00930	0.01441	0.01846	0.31110	0.05143	0.50309	0.01370	0.00687	0.00191	0.00287	0.01164	0.00576	0.00512
46	0.00715	0.00608	0.00618	0.00612	0.00810	0.00521	0.00460	0.00910	0.03423	0.01630	0.08946	0.05443	0.70430	0.01441	0.00685	0.00196	0.00298	0.01203	0.00546	0.00506
47	0.83671	0.01125	0.00855	0.00765	0.01125	0.01305	0.00630	0.01709	0.00990	0.02609	0.00810	0.00945	0.00630	0.00540	0.00360	0.00180	0.00450	0.00315	0.00360	0.00630
48	0.00811	0.00594	0.00761	0.00719	0.00862	0.00544	0.00539	0.01075	0.01618	0.02266	0.69588	0.04452	0.11569	0.01213	0.00686	0.00184	0.00276	0.01067	0.00631	0.00544
49	0.01206	0.01034	0.01206	0.00861	0.01378	0.00775	0.00689	0.01464	0.01206	0.01895	0.01034	0.01206	0.00861	0.00431	0.00431	0.00086	0.00431	0.00345	0.00345	0.83118
50	0.02172	0.02772	0.01648	0.01498	0.01798	0.77228	0.01124	0.02322	0.01648	0.01423	0.00899	0.01049	0.00749	0.00599	0.00524	0.00150	0.01049	0.00375	0.00300	0.00674
51	0.00835	0.00592	0.00766	0.00723	0.00860	0.00548	0.00542	0.01109	0.01626	0.02324	0.72212	0.04243	0.05302	0.01165	0.00673	0.00181	0.00274	0.01028	0.04447	0.00548
52	0.83671	0.01125	0.00855	0.00765	0.01125	0.01305	0.00630	0.01709	0.00990	0.02609	0.00810	0.00945	0.00630	0.00540	0.00360	0.00180	0.00450	0.00315	0.00360	0.00630
53	0.01439	0.01382	0.02360	0.03569	0.75936	0.01382	0.01785	0.01785	0.01324	0.01900	0.01094	0.01439	0.00921	0.00518	0.00576	0.00173	0.00691	0.00518	0.00288	0.00921
54	0.02211	0.01629	0.01745	0.01338	0.01803	0.01803	0.01105	0.73997	0.02734	0.03665	0.01396	0.01396	0.00989	0.00698	0.00582	0.00175	0.00640	0.00524	0.00582	0.00989
55	0.02190	0.01619	0.01734	0.01334	0.01796	0.01794	0.01100	0.72117	0.04647	0.03632	0.01422	0.01417	0.01010	0.00700	0.00582	0.00175	0.00635	0.00527	0.00582	0.00987
56	0.00719	0.00516	0.00684	0.00808	0.00852	0.00481	0.00548	0.00832	0.01147	0.01530	0.06426	0.72552	0.05472	0.01781	0.00740	0.00234	0.00338	0.03319	0.00544	0.00478
57	0.00715	0.00607	0.00618	0.00617	0.00811	0.00521	0.00462	0.00910	0.03577	0.01615	0.07557	0.07317	0.69772	0.01453	0.00686	0.00197	0.00300	0.01216	0.00544	0.00505
58	0.02172	0.02772	0.01648	0.01498	0.01798	0.77228	0.01124	0.02322	0.01648	0.01423	0.00899	0.01049	0.00749	0.00599	0.00524	0.00150	0.01049	0.00375	0.00300	0.00674
59	0.04007	0.00865	0.01221	0.20314	0.04487	0.00904	0.00968	0.01670	0.05265	0.16084	0.23850	0.03095	0.04636	0.02693	0.00683	0.00202	0.00503	0.07351	0.00517	0.00685
60	0.00709	0.00506	0.00675	0.00810	0.00843	0.00472	0.00540	0.00810	0.01113	0.01484	0.03205	0.79184	0.03846	0.01822	0.00742	0.00236	0.00337	0.01653	0.00540	0.00472
61	0.01098	0.01034	0.01744	0.78165	0.04005	0.01292	0.01615	0.01486	0.01163	0.01486	0.01034	0.01550	0.00775	0.00581	0.00581	0.00194	0.00775	0.00517	0.00258	0.00646
62	0.01947	0.02220	0.01573	0.01386	0.01670	0.50303	0.01067	0.13388	0.01745	0.01855	0.07447	0.01523	0.03170	0.00724	0.00671	0.00167	0.07575	0.00490	0.00375	0.00705
63	0.01309	0.01282	0.01716	0.26476	0.23079	0.09122	0.01366	0.01783	0.10347	0.01762	0.06273	0.01893	0.03920	0.00839	0.03939	0.00217	0.03003	0.00584	0.00349	0.00742
64	0.01319	0.01392	0.01391	0.01263	0.01377	0.20153	0.00995	0.01469	0.01117	0.01393	0.01373	0.03715	0.04934	0.04629	0.21756	0.00419	0.29823	0.00583	0.00306	0.00593
65	0.00756	0.00557	0.00715	0.00828	0.00895	0.00531	0.00578	0.00940	0.04337	0.01552	0.03379	0.64379	0.09584	0.01732	0.00736	0.00234	0.00354	0.06874	0.00542	0.00498
66	0.16703	0.01479	0.01704	0.12763	0.23125	0.13506	0.01281	0.07060	0.01355	0.04034	0.01083	0.03447	0.00904	0.00649	0.00667	0.00184	0.08474	0.00490	0.00336	0.00755
67	0.05354	0.01247	0.02047	0.08756	0.57834	0.01270	0.01577	0.01661	0.01294	0.01882	0.02978	0.05208	0.02840	0.00652	0.00585	0.00181	0.00647	0.02830	0.00321	0.00836
68	0.19932	0.01265	0.01642	0.10582	0.22490	0.01351	0.01201	0.15922	0.03643	0.14561	0.01315	0.01443	0.00962	0.00606	0.00532	0.00179	0.00599	0.00489	0.00437	0.00849
69	0.06021	0.01718	0.01836	0.06468	0.24185	0.21373	0.01319	0.13994	0.01601	0.07026	0.01125	0.01331	0.00884	0.00634	0.00677	0.00177	0.07975	0.00474	0.00368	0.00815
70	0.02444	0.00971	0.01309	0.01016	0.01439	0.00851	0.00834	0.04440	0.01689	0.68098	0.08660	0.02171	0.01781	0.00760	0.00594	0.00180	0.00479	0.00624	0.00709	0.00951
71	0.01889	0.01119	0.01314	0.01098	0.01455	0.01160	0.00874	0.15565	0.24816	0.28582	0.06569	0.09236	0.01925	0.00868	0.00607	0.00190	0.00483	0.00723	0.00633	0.00894
72	0.01473	0.01208	0.01904	0.15290	0.04679	0.01219	0.15585	0.05705	0.01339	0.11533	0.01214	0.01467	0.00922	0.00598	0.00727	0.00168	0.10418	0.00511	0.00368	0.23671
73	0.00828	0.00660	0.02848	0.00752	0.00911	0.00569	0.00589	0.01109	0.01624	0.02294	0.71300	0.04299	0.07656	0.01181	0.00682	0.00183	0.00291	0.01040	0.00626	0.00555
74	0.83671	0.01125	0.00855	0.00765	0.01125	0.01305	0.00630	0.01709	0.00990	0.02609	0.00810	0.00945	0.00630	0.00540	0.00360	0.00180	0.00450	0.00315	0.00360	0.00630
75	0.20395	0.01085	0.01256	0.00991	0.01420	0.02910	0.00815	0.04711	0.01536	0.53952	0.01870	0.01689	0.01214	0.00669	0.00529	0.00176	0.00502	0.00512	0.00615	0.03153
76	0.01076	0.01056	0.07727	0.00970	0.03050	0.05514	0.00794	0.03347	0.07048	0.04743	0.40131	0.03682	0.16437	0.01069	0.00648	0.00184	0.00420	0.00911	0.00555	0.00639
77	0.02366	0.00997	0.01325	0.01005	0.01466	0.00841	0.00826	0.02597	0.01585	0.63441	0.02076	0.01845	0.01339	0.00670	0.00558	0.00164	0.00484	0.00543	0.00655	0.15218
78	0.83671	0.01125	0.00855	0.00765	0.01125	0.01305	0.00630	0.01709	0.00990	0.02609	0.00810	0.00945	0.00630	0.00540	0.00360	0.00180	0.00450	0.00315	0.00360	0.00630
79	0.00728	0.00591	0.00646	0.00632	0.00811	0.00508	0.00474	0.00914	0.01422	0.01800	0.26901	0.05219	0.54546	0.01387	0.00687	0.00192	0.00288	0.01174	0.00570	0.00508
80	0.01446	0.01249	0.01315	0.01183	0.01512	0.01446	0.00920	0.03090	0.74885	0.02433	0.02367	0.02170	0.01775	0.00789	0.00592	0.00197	0.00460	0.00657	0.00592	0.00920
81	0.01138	0.01074	0.01816	0.69488	0.12372	0.01302	0.01635	0.01521	0.01182	0.01534	0.01041	0.01537	0.00792	0.00574	0.00581	0.00191	0.00765	0.00517	0.00262	0.00678
82	0.02213	0.01567	0.01716	0.03207	0.01834	0.01721	0.01099	0.66940	0.02616	0.08994	0.01454	0.01443	0.01017	0.00697	0.00582	0.00175	0.00632	0.00528	0.00584	0.00981
83	0.00797	0.00580	0.00750	0.00736	0.00860	0.00533	0.00541	0.01036	0.01541	0.02150	0.59841	0.16437	0.09410	0.01307	0.00695	0.00192	0.00286	0.01159	0.00618	0.00533
84	0.08816	0.00919	0.01348	0.01201	0.01439	0.00924	0.12919	0.09888	0.01397	0.03650	0.02382	0.32849	0.02555	0.01277	0.00687	0.00222	0.00536	0.15873	0.00490	0.00625
85	0.01500	0.01744	0.13377	0.01316	0.01694	0.13189	0.01165	0.04557	0.40277	0.02115	0.01784	0.01863	0.01382	0.00753	0.00672	0.00191	0.06428	0.02285	0.02874	0.00833
86	0.01256	0.01242	0.03691	0.39417	0.34173	0.01366	0.01674	0.01614	0.01213	0.01662	0.01040	0.01476	0.00835	0.00585	0.00674	0.00189	0.06340	0.00515	0.00270	0.00766
87	0.00715	0.00597	0.00627	0.00638	0.00827	0.00509	0.00491	0.00877	0.01337	0.01610	0.07808	0.05647	0.66793	0.01476	0.00698	0.00203	0.00316	0.07791	0.00543	0.00497
88	0.01415	0.01360	0.02305	0.07127	0.69203	0.01395	0.01754	0.01753	0.01297	0.01858	0.01077	0.01437	0.00907	0.00543	0.00634	0.00177	0.04059	0.00518	0.00285	0.00895
89	0.00744	0.00597	0.00668	0.00666	0.00841	0.00521	0.00510	0.00936	0.01415	0.01793	0.24827	0.05328	0.50724	0.01405	0.00696	0.00198	0.00308	0.06745	0.00567	0.00510
90	0.01796	0.01422	0.01495	0.01235	0.03053	0.09924	0.05674	0.37799	0.02037	0.02806	0.01470	0.01602	0.01105	0.00663	0.00529	0.00161	0.00598	0.00523	0.25304	0.00804
91	0.01263	0.12729	0.54194	0.01576	0.02293	0.04970	0.06044	0.01806	0.01229	0.01730	0.01029	0.01248	0.00779	0.00720	0.03885	0.00210	0.02791	0.00437	0.00254	0.00812
92	0.01702	0.35284	0.04202	0.01570	0.11291	0.26588	0.04413	0.01954	0.02876	0.01537	0.03047	0.01194	0.00931	0.00560	0.00481	0.00147	0.00779	0.00406	0.00290	0.00748
93	0.01206	0.01034	0.01206	0.00861	0.01378	0.00775	0.00689	0.01464	0.01206	0.01895	0.01034	0.01206	0.00861	0.00431	0.00431	0.00086	0.00431	0.00345	0.00345	0.83118
94	0.01142	0.05577	0.01241	0.01096	0.04502	0.04809	0.04115	0.03001	0.04856	0.04709	0.02219	0.39086	0.02384	0.01165	0.00618	0.00186	0.00471	0.01035	0.02453	0.15334
95	0.00784	0.00586	0.00689	0.00698	0.00827	0.00534	0.00511	0.00958	0.01335	0.01760	0.26241	0.11261	0.29439	0.12826	0.01027	0.00254	0.00351	0.07104	0.02324	0.00492
96	0.00833	0.00614	0.00889	0.00889	0.00977	0.00702	0.00670	0.01009	0.00921	0.01316	0.01600	0.02517	0.01555	0.15869	0.65889	0.00878	0.01406	0.00657	0.00318	0.00494
97	0.00822	0.00599	0.00791	0.00879	0.00977	0.00578	0.00671	0.01057	0.03625	0.01755	0.16947	0.38140	0.06293	0.01592	0.00743	0.00233	0.00388	0.22829	0.00559	0.00521
98	0.00715	0.00528	0.00654	0.00750	0.00815	0.00483	0.00504	0.00818	0.01137	0.01474	0.03658	0.57820	0.18737	0.07908	0.00906	0.00254	0.00346	0.01500	0.00525	0.00467
99	0.01555	0.79913	0.03047	0.00995	0.01493	0.02301	0.00995	0.01741	0.01182	0.01368	0.00808	0.00933	0.00746	0.00498	0.00373	0.00124	0.00622	0.00311	0.00249	0.00746
100	0.01479	0.01266	0.01334	0.01190	0.01525	0.01462	0.00928	0.06155	0.71766	0.02486	0.02325	0.02136	0.01741	0.00785	0.00591	0.00196	0.00468	0.00652	0.00591	0.00923
101	0.01206	0.01034	0.01206	0.00861	0.01378	0.00775	0.00689	0.01464	0.01206	0.01895	0.01034	0.01206	0.00861	0.00431	0.00431	0.00086	0.00431	0.00345	0.00345	0.83118
102	0.83671	0.01125	0.00855	0.00765	0.01125	0.01305	0.00630	0.01709	0.00990	0.02609	0.00810	0.00945	0.00630	0.00540	0.00360	0.00180	0.00450	0.00315	0.00360	0.00630
103	0.00704	0.00590	0.00612	0.00607	0.00796	0.00498	0.00455	0.00867	0.01365	0.01664	0.14448	0.05443	0.67084	0.01438	0.00687	0.00195	0.00292	0.01206	0.00552	0.00498
104	0.00735	0.00532	0.00697	0.00823	0.00867	0.00507	0.00553	0.00890	0.03718	0.01518	0.03176	0.76464	0.03773	0.01785	0.00737	0.00235	0.00342	0.01618	0.00542	0.00488
105	0.01441	0.04148	0.20274	0.01473	0.04426	0.03312	0.10180	0.04153	0.20272	0.09063	0.01901	0.02087	0.05696	0.00721	0.00591	0.00185	0.00652	0.03895	0.00434	0.05096
106	0.01206	0.01034	0.01206	0.00861	0.01378	0.00775	0.00689	0.01464	0.01206	0.01895	0.01034	0.01206	0.00861	0.00431	0.00431	0.00086	0.00431	0.00345	0.00345	0.83118
107	0.01743	0.01753	0.01816	0.05849	0.13509	0.22595	0.04373	0.17514	0.08554	0.02092	0.01206	0.01418	0.00963	0.00830	0.04018	0.00213	0.09874	0.00503	0.00379	0.00796
108	0.00749	0.00592	0.00675	0.00654	0.00823	0.00517	0.00491	0.00954	0.01472	0.01918	0.37688	0.05025	0.43686	0.01343	0.00687	0.00190	0.00285	0.01147	0.00586	0.00517
109	0.04038	0.06570	0.03331	0.12107	0.15758	0.05405	0.01174	0.10805	0.10135	0.05890	0.01425	0.01568	0.03184	0.00608	0.00533	0.00160	0.00611	0.00498	0.00395	0.15805
110	0.01778	0.46010	0.06156	0.01212	0.01662	0.26119	0.01101	0.06990	0.01441	0.01570	0.00890	0.01017	0.00764	0.00547	0.00445	0.00139	0.00771	0.00352	0.00288	0.00746
111	0.01117	0.11160	0.01143	0.00830	0.01076	0.00905	0.00670	0.01491	0.10629	0.08171	0.21216	0.06302	0.24330	0.01159	0.00676	0.02415	0.00392	0.05147	0.00540	0.00631
112	0.01240	0.07252	0.56956	0.01558	0.02244	0.05723	0.01865	0.01778	0.01209	0.01728	0.01103	0.01318	0.02293	0.00705	0.02406	0.00203	0.08909	0.00448	0.00257	0.00804
113	0.01424	0.01018	0.03191	0.01128	0.03774	0.01003	0.00911	0.14256	0.11666	0.10997	0.08785	0.03709	0.08404	0.01072	0.00655	0.00206	0.00496	0.21456	0.05109	0.00739
114	0.78207	0.01098	0.00867	0.00773	0.01123	0.01262	0.00632	0.01711	0.01003	0.04867	0.00863	0.01006	0.00669	0.00598	0.00434	0.03107	0.00453	0.00330	0.00367	0.00628
115	0.00779	0.00553	0.00737	0.00860	0.00916	0.00531	0.00623	0.00913	0.01146	0.01516	0.03047	0.53894	0.03561	0.08911	0.00961	0.00274	0.00408	0.19372	0.00521	0.00477
116	0.01364	0.01305	0.02225	0.19934	0.60156	0.01362	0.01747	0.01719	0.01289	0.01809	0.01081	0.01464	0.00889	0.00532	0.00577	0.00177	0.00709	0.00518	0.00281	0.00861
117	0.00709	0.00506	0.00675	0.00810	0.00843	0.00472	0.00540	0.00810	0.01113	0.01484	0.03205	0.79184	0.03846	0.01822	0.00742	0.00236	0.00337	0.01653	0.00540	0.00472
118	0.02578	0.00997	0.01349	0.01039	0.01485	0.00870	0.00856	0.02841	0.03598	0.74387	0.02296	0.01984	0.01448	0.00722	0.00585	0.00180	0.00494	0.00587	0.00716	0.00988
119	0.00751	0.00541	0.00704	0.00815	0.00868	0.00511	0.00552	0.02785	0.01178	0.01569	0.05256	0.72702	0.06070	0.01763	0.00735	0.00232	0.00342	0.01593	0.00544	0.00489
120	0.01039	0.00585	0.00662	0.00632	0.00788	0.00555	0.00478	0.01298	0.01390	0.05743	0.26489	0.03160	0.08978	0.00914	0.00530	0.00158	0.00285	0.00769	0.44986	0.00562
121	0.31815	0.01247	0.01274	0.01024	0.01440	0.03661	0.00841	0.19298	0.01674	0.30059	0.01500	0.01437	0.01018	0.00646	0.00501	0.00178	0.00531	0.00466	0.00544	0.00849
122	0.01404	0.00910	0.00936	0.00834	0.01073	0.02788	0.00649	0.13254	0.13615	0.06282	0.02073	0.04568	0.04132	0.00764	0.00498	0.00160	0.00395	0.00616	0.44354	0.00698
123	0.00841	0.00624	0.00782	0.00858	0.00960	0.00609	0.00632	0.02687	0.05731	0.01681	0.07448	0.43439	0.11211	0.05222	0.00835	0.00246	0.00391	0.14739	0.00540	0.00524
124	0.01350	0.01467	0.02977	0.02195	0.05115	0.01356	0.57576	0.01834	0.03591	0.01887	0.01187	0.01525	0.00908	0.00491	0.00639	0.00178	0.00867	0.00625	0.00311	0.13920
125	0.01574	0.77470	0.03003	0.01011	0.01502	0.04673	0.00999	0.01760	0.01196	0.01370	0.00811	0.00937	0.00746	0.00501	0.00378	0.00125	0.00635	0.00313	0.00250	0.00744
126	0.01306	0.01324	0.01793	0.01582	0.03593	0.04241	0.01282	0.01440	0.00927	0.01414	0.00777	0.01270	0.00767	0.00990	0.01826	0.00249	0.73810	0.00505	0.00257	0.00645
127	0.00725	0.00585	0.02772	0.00815	0.00887	0.00501	0.00578	0.00853	0.01154	0.01538	0.06553	0.68868	0.08540	0.01736	0.00731	0.00230	0.00346	0.01565	0.00536	0.00488
128	0.00810	0.00594	0.00760	0.00718	0.00861	0.00543	0.00539	0.01073	0.01616	0.02260	0.69054	0.04462	0.12107	0.01216	0.00686	0.00184	0.00276	0.01068	0.00631	0.00543
129	0.83671	0.01125	0.00855	0.00765	0.01125	0.01305	0.00630	0.01709	0.00990	0.02609	0.00810	0.00945	0.00630	0.00540	0.00360	0.00180	0.00450	0.00315	0.00360	0.00630
130	0.01198	0.01991	0.38301	0.01310	0.01895	0.01166	0.01451	0.06646	0.03767	0.02011	0.09987	0.01784	0.03462	0.00776	0.02723	0.00190	0.04591	0.00532	0.00355	0.15863
131	0.03049	0.14143	0.33870	0.01583	0.06132	0.01422	0.10966	0.04025	0.03531	0.01828	0.01439	0.01621	0.06136	0.00776	0.03969	0.00207	0.00777	0.00519	0.00306	0.03700
132	0.01013	0.00880	0.00837	0.00831	0.01008	0.09608	0.00615	0.01248	0.05164	0.04952	0.12332	0.23263	0.31609	0.01360	0.00675	0.00200	0.00415	0.02896	0.00534	0.00560
133	0.00712	0.00584	0.00631	0.00653	0.00822	0.00502	0.00490	0.00868	0.01317	0.01611	0.09137	0.14868	0.58527	0.01510	0.00701	0.00205	0.00313	0.05510	0.00545	0.00494
134	0.02597	0.01008	0.01361	0.01044	0.01494	0.00883	0.00862	0.04920	0.01696	0.74208	0.02268	0.01962	0.01426	0.00719	0.00585	0.00180	0.00499	0.00583	0.00716	0.00990
135	0.01555	0.79913	0.03047	0.00995	0.01493	0.02301	0.00995	0.01741	0.01182	0.01368	0.00808	0.00933	0.00746	0.00498	0.00373	0.00124	0.00622	0.00311	0.00249	0.00746
136	0.00832	0.00616	0.00900	0.00900	0.00992	0.00708	0.00684	0.01016	0.00924	0.01325	0.01589	0.02458	0.01529	0.12921	0.68802	0.00892	0.01445	0.00648	0.00316	0.00500
137	0.00709	0.00506	0.00675	0.00810	0.00843	0.00472	0.00540	0.00810	0.01113	0.01484	0.03205	0.79184	0.03846	0.01822	0.00742	0.00236	0.00337	0.01653	0.00540	0.00472
138	0.00709	0.00506	0.00675	0.00810	0.00843	0.00472	0.00540	0.00810	0.01113	0.01484	0.03205	0.79184	0.03846	0.01822	0.00742	0.00236	0.00337	0.01653	0.00540	0.00472
139	0.00836	0.00602	0.00826	0.00826	0.00892	0.00668	0.00591	0.00968	0.00902	0.01269	0.01657	0.02837	0.01694	0.31674	0.50274	0.00800	0.01197	0.00704	0.00326	0.00459
140	0.01019	0.00543	0.00785	0.00781	0.00804	0.00552	0.00533	0.02798	0.00851	0.01155	0.01186	0.05766	0.01192	0.02072	0.06298	0.69921	0.00553	0.00572	0.02312	0.00306
141	0.00718	0.00512	0.00680	0.00811	0.00847	0.00480	0.00545	0.00821	0.01112	0.01481	0.03164	0.75252	0.03785	0.03979	0.00805	0.00246	0.00349	0.03408	0.00534	0.00471
142	0.02172	0.02772	0.01648	0.01498	0.01798	0.77228	0.01124	0.02322	0.01648	0.01423	0.00899	0.01049	0.00749	0.00599	0.00524	0.00150	0.01049	0.00375	0.00300	0.00674
143	0.01470	0.01386	0.02320	0.07076	0.65563	0.01407	0.03737	0.06441	0.01409	0.01992	0.01113	0.01446	0.00917	0.00532	0.00579	0.00175	0.00700	0.00523	0.00306	0.00908
144	0.01635	0.01938	0.03800	0.06337	0.03885	0.32006	0.13538	0.01906	0.03132	0.01540	0.00980	0.01302	0.00826	0.00796	0.03031	0.00212	0.21663	0.00490	0.00290	0.00693
145	0.14655	0.01698	0.10097	0.09751	0.10057	0.10686	0.13358	0.11510	0.01454	0.03727	0.01068	0.01316	0.00820	0.00604	0.00655	0.00185	0.06753	0.00488	0.00340	0.00775
146	0.01538	0.01695	0.01773	0.25832	0.15335	0.27328	0.01383	0.01798	0.01319	0.01536	0.01000	0.01361	0.00826	0.00746	0.03058	0.00204	0.10112	0.00471	0.01988	0.00696
147	0.00853	0.03060	0.00770	0.00718	0.00756	0.00641	0.00459	0.00907	0.00897	0.01209	0.01871	0.10153	0.02102	0.56050	0.16610	0.00590	0.00732	0.00859	0.00358	0.00407
148	0.03805	0.13325	0.24071	0.10233	0.12003	0.08290	0.03913	0.14036	0.01517	0.02035	0.01060	0.01265	0.00812	0.00570	0.00534	0.00171	0.00766	0.00450	0.00319	0.00824
149	0.00831	0.00623	0.00935	0.00935	0.01038	0.00727	0.00727	0.01038	0.00935	0.01350	0.01558	0.02285	0.01454	0.04361	0.77259	0.00935	0.01558	0.00623	0.00312	0.00519
150	0.00847	0.00622	0.00797	0.00761	0.00900	0.00589	0.00567	0.01179	0.05409	0.02273	0.66296	0.09943	0.05169	0.01216	0.00685	0.00188	0.00289	0.01077	0.00630	0.00562
151	0.01406	0.16969	0.35589	0.01740	0.11854	0.07744	0.03396	0.03665	0.04841	0.01787	0.01060	0.01244	0.00827	0.00568	0.00567	0.00170	0.03320	0.00435	0.00285	0.02531
152	0.01099	0.01015	0.06544	0.03727	0.19417	0.00915	0.01056	0.01397	0.03509	0.04281	0.05189	0.07486	0.04599	0.11929	0.17023	0.00397	0.00781	0.06572	0.00385	0.02680
153	0.00809	0.00574	0.00765	0.00871	0.00942	0.00554	0.00651	0.00966	0.01192	0.01584	0.07799	0.40860	0.03581	0.10973	0.01023	0.00282	0.00427	0.25139	0.00523	0.00484
154	0.62888	0.01411	0.03452	0.01113	0.06906	0.10741	0.00840	0.01788	0.01102	0.02357	0.00848	0.01011	0.00673	0.00557	0.00438	0.00177	0.02347	0.00346	0.00341	0.00665
155	0.00765	0.00528	0.00688	0.00798	0.00858	0.00486	0.00541	0.00874	0.01148	0.03779	0.03399	0.70755	0.09699	0.01759	0.00733	0.00231	0.00339	0.01585	0.00545	0.00490
156	0.01403	0.15680	0.18828	0.06001	0.07066	0.01476	0.10250	0.09845	0.05340	0.01979	0.01177	0.03032	0.00943	0.00571	0.00530	0.00160	0.00689	0.00487	0.00334	0.14207

[dist]
# distance from previous block
# <min> <max>
0	1

[block]
# block no. 3 follows, 40 sequences, length 27
# corresponding to MSA columns:
# 287-313
name=unknown_D
#
# <colnr> <probs for GDERKNQSTAVLIFYWHMCP>
#	G	D	E	R	K	N	Q	S	T	A	V	L	I	F	Y	W	H	M	C	P
0	0.15471	0.03721	0.36517	0.01644	0.09918	0.09521	0.03413	0.04363	0.01328	0.07366	0.01095	0.01246	0.00803	0.00566	0.00523	0.00177	0.00757	0.00432	0.00322	0.00817
1	0.01320	0.01044	0.01262	0.00981	0.04332	0.00805	0.00745	0.01579	0.01245	0.07440	0.01130	0.01273	0.00907	0.00456	0.00448	0.00097	0.00446	0.00369	0.00370	0.73753
2	0.01638	0.01341	0.01343	0.01158	0.01477	0.07341	0.00921	0.23988	0.30040	0.02629	0.04078	0.02112	0.01586	0.00790	0.00601	0.00183	0.02256	0.04156	0.11528	0.00835
3	0.01555	0.79913	0.03047	0.00995	0.01493	0.02301	0.00995	0.01741	0.01182	0.01368	0.00808	0.00933	0.00746	0.00498	0.00373	0.00124	0.00622	0.00311	0.00249	0.00746
4	0.01814	0.36002	0.02228	0.01241	0.01620	0.33398	0.01053	0.06812	0.01486	0.01579	0.02750	0.01243	0.00942	0.00615	0.00520	0.00148	0.03407	0.02115	0.00309	0.00719
5	0.00699	0.00590	0.00605	0.00601	0.00792	0.00496	0.00451	0.00857	0.01352	0.01635	0.11761	0.05491	0.69790	0.01449	0.00687	0.00195	0.00293	0.01213	0.00548	0.00496
6	0.08141	0.01158	0.01308	0.01124	0.01420	0.04743	0.04710	0.16848	0.14599	0.09173	0.05233	0.18164	0.06854	0.01002	0.00648	0.00196	0.02551	0.00841	0.00532	0.00754
7	0.01357	0.01978	0.34052	0.01595	0.07654	0.03150	0.04981	0.07158	0.10200	0.06425	0.01471	0.05182	0.01173	0.01107	0.09652	0.00275	0.00830	0.00571	0.00368	0.00822
8	0.00936	0.00607	0.00777	0.00745	0.00894	0.00554	0.00554	0.01170	0.01521	0.07508	0.50213	0.15530	0.10462	0.01250	0.00674	0.00190	0.00301	0.01100	0.04448	0.00564
9	0.00709	0.00506	0.00675	0.00810	0.00843	0.00472	0.00540	0.00810	0.01113	0.01484	0.03205	0.79184	0.03846	0.01822	0.00742	0.00236	0.00337	0.01653	0.00540	0.00472
10	0.01372	0.00935	0.01078	0.00957	0.01226	0.00965	0.00742	0.07732	0.24799	0.13384	0.20980	0.09426	0.11879	0.01041	0.00638	0.00192	0.00403	0.00887	0.00611	0.00754
11	0.01453	0.01281	0.07800	0.01463	0.07605	0.03092	0.10281	0.12363	0.03605	0.10964	0.05426	0.12867	0.03428	0.08535	0.02616	0.00247	0.05005	0.00776	0.00453	0.00740
12	0.14964	0.00867	0.00907	0.00818	0.01066	0.00910	0.00639	0.10335	0.06029	0.05697	0.02855	0.02991	0.23719	0.05292	0.11813	0.00309	0.00578	0.00745	0.08838	0.00630
13	0.02565	0.01061	0.01394	0.01069	0.01520	0.00961	0.00883	0.10785	0.01784	0.68218	0.02194	0.01914	0.01389	0.00717	0.00584	0.00179	0.00511	0.00578	0.00704	0.00990
14	0.01292	0.01004	0.01415	0.01470	0.13674	0.05002	0.07363	0.01553	0.01461	0.12198	0.23916	0.08047	0.11104	0.01006	0.00695	0.00192	0.03078	0.04334	0.00508	0.00690
15	0.04208	0.01328	0.02168	0.07197	0.46544	0.03164	0.08771	0.01766	0.01301	0.06171	0.01334	0.03589	0.03291	0.00630	0.00677	0.00184	0.05935	0.00579	0.00327	0.00836
16	0.01019	0.01043	0.05362	0.01239	0.06233	0.08739	0.06036	0.01213	0.01206	0.01545	0.02445	0.38990	0.04418	0.07677	0.03466	0.00269	0.00587	0.07505	0.00441	0.00566
17	0.27799	0.04045	0.04161	0.01642	0.13290	0.26152	0.07124	0.04050	0.01370	0.04000	0.00978	0.01158	0.00774	0.00560	0.00494	0.00169	0.00752	0.00414	0.00333	0.00734
18	0.01311	0.01164	0.01928	0.15291	0.47606	0.01199	0.01505	0.01626	0.01297	0.04296	0.05369	0.04569	0.01438	0.04528	0.00716	0.00203	0.00650	0.04169	0.00340	0.00796
19	0.01173	0.00996	0.03638	0.03239	0.01343	0.01008	0.02660	0.03536	0.28920	0.03971	0.10562	0.03341	0.08672	0.13754	0.02995	0.00280	0.00519	0.08186	0.00515	0.00690
20	0.00972	0.00918	0.03524	0.17070	0.10432	0.00931	0.02974	0.01224	0.01240	0.01648	0.08353	0.17603	0.17154	0.01141	0.00768	0.00209	0.06978	0.05834	0.00421	0.00608
21	0.05205	0.01310	0.02191	0.16800	0.54837	0.01367	0.04332	0.01764	0.03204	0.01871	0.01106	0.01460	0.00902	0.00537	0.00571	0.00178	0.00699	0.00518	0.00294	0.00853
22	0.00847	0.00657	0.00833	0.02923	0.03884	0.00634	0.00638	0.01130	0.05034	0.01866	0.26108	0.16374	0.22793	0.01489	0.05124	0.00242	0.00416	0.04662	0.03793	0.00554
23	0.01287	0.01242	0.01999	0.34248	0.39995	0.03853	0.01631	0.01631	0.01258	0.01692	0.01165	0.05267	0.00998	0.00611	0.00584	0.00184	0.00721	0.00568	0.00288	0.00777
