[name]
unknown

[dist]
# distance from previous block
# <min> <max>
0	102

[block]
# block no. 0 follows, 25 sequences, length 9
# corresponding to MSA columns:
# 189-197
name=unknown_A
#
# <colnr> <probs for GDERKNQSTAVLIFYWHMCP>
#	G	D	E	R	K	N	Q	S	T	A	V	L	I	F	Y	W	H	M	C	P
0	0.01650	0.01740	0.09574	0.08111	0.13197	0.04608	0.01576	0.08371	0.07980	0.02691	0.09679	0.11948	0.06752	0.01298	0.00847	0.00263	0.00774	0.07377	0.00596	0.00967
1	0.01899	0.02030	0.15961	0.02014	0.06321	0.03873	0.07260	0.02541	0.08355	0.12406	0.04601	0.02676	0.01853	0.01694	0.10789	0.00404	0.10045	0.03713	0.00535	0.01030
2	0.06552	0.01329	0.01514	0.07395	0.01876	0.05578	0.03213	0.08298	0.03767	0.02595	0.02519	0.11700	0.05564	0.05770	0.04746	0.00330	0.06936	0.00961	0.18536	0.00819
3	0.01298	0.04903	0.01643	0.01751	0.11439	0.01257	0.01130	0.01494	0.01471	0.01992	0.03308	0.27593	0.11246	0.09588	0.04763	0.00383	0.12055	0.01379	0.00545	0.00764
4	0.02026	0.06189	0.09625	0.20354	0.18806	0.16270	0.01974	0.07901	0.01943	0.02397	0.01661	0.02010	0.03909	0.00814	0.00744	0.00231	0.01042	0.00663	0.00417	0.01026
5	0.01489	0.01177	0.01327	0.01376	0.04025	0.05580	0.00959	0.04883	0.06976	0.06158	0.05825	0.34512	0.09242	0.06493	0.03159	0.00340	0.03488	0.01519	0.00672	0.00800
6	0.01032	0.00756	0.01069	0.01146	0.01246	0.00793	0.00834	0.01252	0.01439	0.01997	0.08843	0.34993	0.03873	0.03891	0.32154	0.00731	0.01181	0.01510	0.00593	0.00667
7	0.01778	0.08025	0.06907	0.40067	0.16365	0.01946	0.02092	0.09313	0.01837	0.02432	0.01423	0.01916	0.01096	0.00765	0.00747	0.00241	0.00981	0.00659	0.00399	0.01012
8	0.01797	0.01909	0.04819	0.05947	0.07796	0.18446	0.01333	0.07547	0.01950	0.02350	0.06335	0.14328	0.09342	0.04672	0.03985	0.00318	0.00923	0.04789	0.00556	0.00858

[dist]
# distance from previous block
# <min> <max>
4	14

[block]
# block no. 1 follows, 25 sequences, length 9
# corresponding to MSA columns:
# 229-237
name=unknown_B
#
# <colnr> <probs for GDERKNQSTAVLIFYWHMCP>
#	G	D	E	R	K	N	Q	S	T	A	V	L	I	F	Y	W	H	M	C	P
0	0.06998	0.02065	0.10400	0.04743	0.02381	0.07111	0.03918	0.15717	0.06324	0.10045	0.02277	0.02336	0.06705	0.00894	0.00727	0.00218	0.00820	0.00710	0.00593	0.15017
1	0.02248	0.24238	0.08672	0.02096	0.12917	0.08252	0.01624	0.12336	0.02059	0.08670	0.01792	0.05281	0.01542	0.00915	0.00704	0.00221	0.00888	0.03947	0.00512	0.01087
2	0.06568	0.01704	0.07982	0.03704	0.02079	0.04574	0.06454	0.13956	0.02005	0.02809	0.07042	0.03515	0.08920	0.08073	0.05273	0.00359	0.04684	0.04856	0.04547	0.00896
3	0.09210	0.04763	0.08900	0.02538	0.03223	0.01950	0.38485	0.07740	0.01863	0.02749	0.01544	0.01952	0.01176	0.00745	0.00897	0.00251	0.04940	0.00777	0.05271	0.01024
4	0.06279	0.12761	0.12247	0.01792	0.05454	0.16425	0.01539	0.10083	0.09995	0.02652	0.02045	0.05523	0.04885	0.00939	0.00708	0.00222	0.00914	0.00716	0.00511	0.04310
5	0.01501	0.04902	0.06848	0.01366	0.01660	0.05266	0.01144	0.01958	0.07746	0.05558	0.02256	0.08668	0.02095	0.07277	0.34343	0.03791	0.01419	0.00898	0.00494	0.00810
6	0.01351	0.01049	0.01180	0.01017	0.01368	0.00924	0.00764	0.06656	0.01807	0.02506	0.09548	0.10743	0.21114	0.09242	0.01127	0.00270	0.00522	0.01148	0.05167	0.22495
7	0.01974	0.01290	0.01524	0.01322	0.01649	0.01369	0.01025	0.13176	0.11612	0.14076	0.08230	0.09107	0.07870	0.09807	0.04720	0.00364	0.05163	0.01049	0.03707	0.00967
8	0.05999	0.09165	0.10262	0.01814	0.06279	0.11644	0.01486	0.08192	0.04773	0.06333	0.01844	0.07834	0.01685	0.08761	0.01307	0.00301	0.10071	0.00791	0.00499	0.00961

[dist]
# distance from previous block
# <min> <max>
0	3

[block]
# block no. 2 follows, 25 sequences, length 10
# corresponding to MSA columns:
# 241-250
name=unknown_C
#
# <colnr> <probs for GDERKNQSTAVLIFYWHMCP>
#	G	D	E	R	K	N	Q	S	T	A	V	L	I	F	Y	W	H	M	C	P
0	0.01540	0.01027	0.01206	0.01058	0.01362	0.00916	0.00764	0.05285	0.01665	0.09719	0.03419	0.15851	0.12913	0.21238	0.01672	0.00371	0.00599	0.01183	0.00624	0.17587
1	0.01417	0.01103	0.01468	0.01383	0.01604	0.03858	0.05606	0.04897	0.04841	0.05693	0.07351	0.34096	0.03616	0.02701	0.16021	0.00495	0.00943	0.01471	0.00643	0.00791
2	0.02092	0.19595	0.20276	0.01714	0.02394	0.08331	0.01720	0.11168	0.04880	0.06175	0.01680	0.05717	0.01396	0.00898	0.00785	0.00223	0.04561	0.00663	0.00483	0.05250
3	0.18718	0.10204	0.06367	0.04298	0.02067	0.09420	0.03891	0.11061	0.01786	0.02648	0.01543	0.02232	0.01386	0.13927	0.04394	0.00368	0.03670	0.00664	0.00466	0.00889
4	0.01262	0.00957	0.01159	0.01149	0.01359	0.00957	0.00869	0.05170	0.10169	0.02758	0.27611	0.22877	0.11208	0.01790	0.00926	0.00277	0.00482	0.07449	0.00780	0.00791
5	0.01727	0.01592	0.05244	0.07924	0.11505	0.04933	0.04749	0.05523	0.03589	0.06119	0.07892	0.10591	0.05686	0.01378	0.03684	0.00298	0.10112	0.00983	0.05536	0.00934
6	0.04688	0.05376	0.14199	0.10975	0.08246	0.20225	0.01725	0.02543	0.05825	0.05629	0.04557	0.05409	0.05449	0.00962	0.00749	0.00235	0.00987	0.00762	0.00481	0.00978
7	0.01069	0.00735	0.00904	0.00933	0.01049	0.00676	0.00643	0.01138	0.01531	0.01990	0.14041	0.19509	0.23212	0.10394	0.01748	0.17277	0.00504	0.01450	0.00627	0.00570
8	0.01834	0.01045	0.01316	0.01239	0.01538	0.01013	0.00974	0.04201	0.08963	0.18797	0.11461	0.19634	0.06706	0.01608	0.00883	0.00276	0.00557	0.11531	0.05506	0.00918
9	0.01576	0.01684	0.11198	0.01554	0.06021	0.04993	0.01230	0.04375	0.12844	0.04380	0.07400	0.07761	0.09465	0.20227	0.01647	0.00385	0.00751	0.01049	0.00587	0.00874

[dist]
# distance from previous block
# <min> <max>
25	49

[block]
# block no. 3 follows, 25 sequences, length 17
# corresponding to MSA columns:
# 304-320
name=unknown_D
#
# <colnr> <probs for GDERKNQSTAVLIFYWHMCP>
#	G	D	E	R	K	N	Q	S	T	A	V	L	I	F	Y	W	H	M	C	P
0	0.05962	0.01858	0.01702	0.01491	0.01922	0.14501	0.01174	0.12262	0.14246	0.06553	0.02390	0.08455	0.02089	0.01109	0.00755	0.00233	0.00779	0.06609	0.04976	0.10934
1	0.01870	0.04942	0.06048	0.06984	0.09258	0.01943	0.40103	0.07528	0.04244	0.02686	0.05249	0.02239	0.01552	0.00755	0.00855	0.00251	0.01118	0.00857	0.00454	0.01063
2	0.01843	0.05692	0.11061	0.06322	0.02154	0.05238	0.03832	0.07714	0.01863	0.09823	0.02721	0.05400	0.09497	0.06859	0.03387	0.00304	0.00823	0.00867	0.10750	0.03852
3	0.01323	0.01075	0.01436	0.11486	0.08809	0.03538	0.01161	0.01591	0.01677	0.04919	0.06579	0.31535	0.14154	0.01757	0.00906	0.00282	0.00632	0.05728	0.00634	0.00779
4	0.01338	0.01080	0.01328	0.01377	0.06393	0.01093	0.00960	0.07552	0.04659	0.02599	0.17894	0.08217	0.26134	0.05824	0.03986	0.00331	0.04137	0.03609	0.00684	0.00803
5	0.01545	0.13279	0.01602	0.01128	0.01304	0.06382	0.00854	0.01469	0.01302	0.01648	0.01830	0.05192	0.04672	0.02224	0.05777	0.42776	0.00792	0.00735	0.04927	0.00561
6	0.02124	0.15477	0.06735	0.08744	0.07558	0.15113	0.11885	0.07814	0.07719	0.02454	0.01514	0.01785	0.01201	0.00778	0.00775	0.00223	0.03098	0.00641	0.00442	0.03922
7	0.01789	0.05014	0.08747	0.07258	0.13933	0.14149	0.07455	0.02284	0.04542	0.02347	0.10237	0.05790	0.02341	0.01388	0.06136	0.00320	0.01046	0.03787	0.00487	0.00951
8	0.01203	0.00916	0.01187	0.01195	0.01238	0.01031	0.00862	0.01333	0.01328	0.01849	0.02848	0.22915	0.03227	0.27911	0.05309	0.00518	0.13270	0.07768	0.03466	0.00625
9	0.18994	0.06856	0.02529	0.02777	0.27047	0.09169	0.04706	0.09967	0.01901	0.02867	0.01409	0.01735	0.01149	0.01018	0.04499	0.00283	0.00969	0.00611	0.00453	0.01064
10	0.02053	0.16724	0.13730	0.01865	0.06046	0.04727	0.05346	0.06201	0.10311	0.09722	0.05170	0.04546	0.01785	0.00907	0.00783	0.00227	0.03269	0.00729	0.00540	0.05318
11	0.01735	0.04307	0.01724	0.01482	0.04027	0.01256	0.05890	0.02375	0.13947	0.13069	0.08757	0.10006	0.12915	0.07366	0.03846	0.00341	0.00702	0.04633	0.00696	0.00928
12	0.00962	0.00767	0.00854	0.00898	0.01092	0.00672	0.00657	0.01155	0.01703	0.02115	0.10165	0.20983	0.44179	0.05427	0.01085	0.00301	0.00439	0.05182	0.00716	0.00648
13	0.03905	0.00965	0.01182	0.01214	0.03652	0.00883	0.00875	0.03739	0.01756	0.07418	0.06851	0.28255	0.19712	0.01792	0.00887	0.00269	0.00520	0.07157	0.00700	0.08269
14	0.02064	0.10736	0.10398	0.02600	0.18393	0.07429	0.08568	0.11526	0.11092	0.02848	0.05438	0.02131	0.01665	0.00832	0.00755	0.00231	0.00931	0.00720	0.00512	0.01130
15	0.01435	0.01197	0.01479	0.01361	0.01594	0.06969	0.08535	0.03355	0.01693	0.02314	0.03244	0.23771	0.06750	0.07963	0.01120	0.00307	0.00679	0.07758	0.17738	0.00738
16	0.05374	0.00945	0.01115	0.01069	0.01321	0.00916	0.00808	0.01963	0.06883	0.12205	0.14196	0.17949	0.12140	0.05610	0.01014	0.00289	0.00502	0.04945	0.09940	0.00815

[dist]
# distance from previous block
# <min> <max>
2	14

[block]
# block no. 4 follows, 25 sequences, length 14
# corresponding to MSA columns:
# 335-348
name=unknown_E
#
# <colnr> <probs for GDERKNQSTAVLIFYWHMCP>
#	G	D	E	R	K	N	Q	S	T	A	V	L	I	F	Y	W	H	M	C	P
0	0.01947	0.01156	0.01389	0.01237	0.01513	0.01228	0.00965	0.10802	0.04258	0.14573	0.02784	0.18147	0.02498	0.01314	0.00941	0.00248	0.08122	0.01063	0.24895	0.00922
1	0.02098	0.01350	0.01504	0.01432	0.01779	0.08371	0.01191	0.02499	0.05143	0.22022	0.03728	0.05748	0.08171	0.01578	0.00918	0.00293	0.00741	0.29741	0.00758	0.00935
2	0.01005	0.00773	0.00924	0.00940	0.01107	0.00725	0.00678	0.01210	0.01636	0.02126	0.15470	0.15817	0.30418	0.10964	0.12214	0.00481	0.00707	0.01494	0.00664	0.00648
3	0.01198	0.00812	0.01033	0.01051	0.01244	0.00741	0.00799	0.01472	0.01889	0.06675	0.27984	0.21642	0.18118	0.01894	0.00946	0.00280	0.00458	0.10254	0.00783	0.00728
4	0.01273	0.01062	0.01516	0.01422	0.01507	0.01336	0.01117	0.01491	0.01217	0.01786	0.01822	0.02889	0.01778	0.11757	0.44011	0.00942	0.21141	0.00820	0.00400	0.00712
5	0.02896	0.03695	0.02197	0.01998	0.02397	0.69638	0.01498	0.03096	0.02197	0.01898	0.01199	0.01398	0.00999	0.00799	0.00699	0.00200	0.01398	0.00499	0.00400	0.00899
6	0.04633	0.01093	0.01284	0.01189	0.01529	0.01060	0.00954	0.05271	0.08896	0.15377	0.09708	0.08990	0.22764	0.01600	0.00884	0.00274	0.00557	0.12260	0.00777	0.00900
7	0.01209	0.00902	0.01109	0.01158	0.01305	0.00920	0.00837	0.04447	0.08588	0.02294	0.08285	0.35635	0.07501	0.10153	0.06575	0.00421	0.00657	0.06587	0.00688	0.00728
8	0.01378	0.01488	0.08960	0.04894	0.22127	0.01250	0.01531	0.01816	0.04424	0.02262	0.03362	0.22944	0.12761	0.01734	0.05218	0.00328	0.00792	0.01275	0.00544	0.00912
9	0.24288	0.01602	0.06829	0.07682	0.07405	0.01558	0.05801	0.04979	0.05728	0.06211	0.01880	0.07273	0.01596	0.01507	0.08944	0.00367	0.00924	0.00766	0.03717	0.00941
10	0.05187	0.04066	0.02103	0.07289	0.13404	0.01553	0.05253	0.10839	0.01876	0.09205	0.02227	0.13528	0.02093	0.09608	0.01259	0.00313	0.04689	0.00985	0.03564	0.00960
11	0.05259	0.01657	0.07306	0.01494	0.02015	0.04823	0.06388	0.04714	0.01838	0.16927	0.06183	0.04714	0.01982	0.05960	0.01024	0.00253	0.03778	0.00776	0.06220	0.16690
12	0.10754	0.08349	0.07879	0.01842	0.07068	0.05800	0.09006	0.02371	0.10068	0.02586	0.07011	0.05678	0.05368	0.01147	0.03451	0.00267	0.00848	0.00815	0.00517	0.09175
13	0.01662	0.06683	0.08915	0.03837	0.04257	0.10380	0.01253	0.01968	0.01755	0.07337	0.07245	0.11538	0.12805	0.09054	0.01166	0.00309	0.00780	0.07643	0.00582	0.00834

[dist]
# distance from previous block
# <min> <max>
13	25

[block]
# block no. 5 follows, 25 sequences, length 17
# corresponding to MSA columns:
# 375-391
name=unknown_F
#
# <colnr> <probs for GDERKNQSTAVLIFYWHMCP>
#	G	D	E	R	K	N	Q	S	T	A	V	L	I	F	Y	W	H	M	C	P
0	0.04638	0.03766	0.04650	0.02305	0.16730	0.07889	0.04893	0.04528	0.14159	0.02626	0.06498	0.02958	0.07376	0.01212	0.03495	0.00282	0.04502	0.02888	0.00546	0.04058
1	0.06617	0.09899	0.17320	0.01901	0.08860	0.05150	0.01641	0.07447	0.01839	0.08705	0.02188	0.13337	0.02035	0.01371	0.04203	0.00299	0.00908	0.04742	0.00533	0.01006
2	0.17712	0.14846	0.04774	0.01738	0.06335	0.15351	0.03846	0.08092	0.01914	0.06187	0.04365	0.05994	0.01588	0.00889	0.00667	0.00219	0.00874	0.00673	0.00504	0.03431
3	0.01589	0.01328	0.01333	0.01170	0.01478	0.06265	0.00871	0.11631	0.06063	0.02604	0.11019	0.04380	0.17570	0.17686	0.04061	0.00384	0.00712	0.01071	0.00632	0.08153
4	0.01671	0.12248	0.42030	0.06626	0.03274	0.01954	0.10437	0.02470	0.04721	0.02388	0.01456	0.01731	0.01084	0.00728	0.00727	0.00234	0.01070	0.00614	0.00365	0.04173
5	0.01762	0.01131	0.01376	0.01225	0.01468	0.01201	0.00907	0.11868	0.05951	0.10811	0.02371	0.03529	0.02184	0.28274	0.21772	0.00715	0.01129	0.00913	0.00586	0.00826
6	0.06958	0.01145	0.01430	0.01226	0.01624	0.01053	0.00954	0.06204	0.01993	0.27997	0.11599	0.21490	0.03322	0.01385	0.00816	0.00249	0.00565	0.01188	0.00794	0.08009
7	0.05666	0.01535	0.01848	0.01712	0.04165	0.08298	0.05072	0.01935	0.04630	0.02237	0.06555	0.13392	0.07911	0.01628	0.04910	0.00332	0.22536	0.01042	0.03772	0.00826
8	0.01372	0.21330	0.06533	0.01114	0.01434	0.01463	0.00951	0.01565	0.01429	0.01815	0.02977	0.10162	0.12463	0.25754	0.06122	0.00466	0.00800	0.01048	0.00480	0.00722
9	0.01934	0.01043	0.01288	0.01174	0.01485	0.00984	0.00889	0.02365	0.09281	0.24097	0.04065	0.18002	0.13600	0.11423	0.01298	0.00338	0.00584	0.04463	0.00772	0.00914
10	0.01038	0.00787	0.00948	0.01031	0.01165	0.00746	0.00726	0.01333	0.05660	0.02146	0.09468	0.39690	0.19743	0.07543	0.01184	0.00329	0.00476	0.04600	0.00714	0.00672
11	0.06094	0.02817	0.41010	0.01934	0.05247	0.01529	0.02139	0.02222	0.04490	0.02484	0.02501	0.06478	0.07324	0.01121	0.00797	0.00265	0.00926	0.09148	0.00463	0.01010
12	0.01249	0.05852	0.04195	0.01493	0.04913	0.01207	0.01130	0.01492	0.01414	0.01953	0.02727	0.26442	0.02982	0.06200	0.21043	0.00592	0.08582	0.05269	0.00521	0.00745
13	0.01025	0.00709	0.00876	0.00976	0.01001	0.00684	0.00609	0.01101	0.01327	0.01769	0.03466	0.42595	0.04109	0.33470	0.02295	0.00508	0.00583	0.01729	0.00609	0.00559
14	0.00967	0.00732	0.00897	0.00998	0.01130	0.00661	0.00709	0.01156	0.01657	0.02144	0.11592	0.42422	0.24487	0.02188	0.00964	0.00294	0.00438	0.05178	0.00733	0.00652
15	0.08852	0.01434	0.01987	0.05092	0.15095	0.01511	0.05454	0.11398	0.02022	0.05834	0.13505	0.02835	0.02468	0.03548	0.00944	0.00254	0.04049	0.00832	0.11912	0.00973
16	0.01769	0.15519	0.10728	0.12228	0.07374	0.04602	0.13319	0.02408	0.07835	0.02347	0.07560	0.02222	0.01759	0.00866	0.00885	0.00241	0.06155	0.00740	0.00442	0.01001

[dist]
# distance from previous block
# <min> <max>
0	2

[block]
# block no. 6 follows, 25 sequences, length 12
# corresponding to MSA columns:
# 394-404,408
name=unknown_G
#
# <colnr> <probs for GDERKNQSTAVLIFYWHMCP>
#	G	D	E	R	K	N	Q	S	T	A	V	L	I	F	Y	W	H	M	C	P
0	0.05059	0.17927	0.02480	0.12822	0.06828	0.18822	0.01485	0.02567	0.06586	0.05051	0.04647	0.01965	0.01506	0.00851	0.00765	0.00219	0.04367	0.00624	0.04474	0.00956
1	0.01883	0.06622	0.10356	0.04893	0.02204	0.11311	0.03493	0.06697	0.01881	0.08189	0.09518	0.06062	0.04811	0.01880	0.12338	0.00409	0.05125	0.00860	0.00538	0.00928
2	0.01186	0.00862	0.01008	0.01061	0.01215	0.00861	0.00762	0.01647	0.10425	0.02295	0.07252	0.29885	0.12379	0.10608	0.01268	0.00339	0.00508	0.06258	0.09465	0.00717
3	0.01518	0.05057	0.09039	0.09639	0.08074	0.05792	0.01426	0.01902	0.01805	0.02485	0.23619	0.03470	0.03354	0.01221	0.01012	0.04293	0.04775	0.03532	0.04182	0.03805
4	0.02039	0.16167	0.07934	0.12068	0.08687	0.11702	0.08610	0.07056	0.06784	0.04277	0.01963	0.02183	0.05552	0.00848	0.00732	0.00227	0.00977	0.00703	0.00464	0.01028
5	0.05250	0.01070	0.01289	0.01288	0.05160	0.01077	0.00912	0.09657	0.01990	0.05626	0.18916	0.09373	0.14917	0.05077	0.07933	0.00368	0.00685	0.01168	0.07415	0.00827
6	0.01095	0.00819	0.01219	0.01233	0.01365	0.00943	0.00950	0.01361	0.01264	0.01814	0.02246	0.08367	0.02184	0.05555	0.64396	0.01175	0.01952	0.00936	0.00439	0.00687
7	0.02061	0.09209	0.21110	0.01934	0.05604	0.04622	0.07307	0.09953	0.02022	0.11471	0.06171	0.05830	0.01855	0.00921	0.00751	0.00231	0.00892	0.00775	0.03566	0.03717
8	0.02130	0.13599	0.06556	0.10280	0.23308	0.04577	0.06438	0.12302	0.02014	0.05845	0.01502	0.01819	0.01181	0.00782	0.00819	0.00231	0.04385	0.00653	0.00456	0.01121
9	0.01025	0.00750	0.00957	0.01053	0.01164	0.00713	0.00757	0.01216	0.01583	0.02091	0.10844	0.35617	0.14380	0.10182	0.05800	0.00414	0.00606	0.09522	0.00685	0.00641
10	0.02085	0.16802	0.18961	0.01835	0.06133	0.04897	0.01710	0.10774	0.10059	0.07447	0.04692	0.02004	0.01580	0.00827	0.00698	0.00216	0.00860	0.00641	0.00529	0.07250
11	0.01600	0.01185	0.01345	0.01211	0.01553	0.01195	0.00941	0.08241	0.16994	0.06129	0.16230	0.10539	0.14545	0.01428	0.00837	0.00249	0.00528	0.04149	0.04500	0.06601

[dist]
# distance from previous block
# <min> <max>
0	1

[block]
# block no. 7 follows, 25 sequences, length 17
# corresponding to MSA columns:
# 410-426
name=unknown_H
#
# <colnr> <probs for GDERKNQSTAVLIFYWHMCP>
#	G	D	E	R	K	N	Q	S	T	A	V	L	I	F	Y	W	H	M	C	P
0	0.06606	0.10655	0.34706	0.01973	0.02823	0.07681	0.05807	0.09207	0.06198	0.05008	0.01557	0.01721	0.01147	0.00777	0.00712	0.00233	0.01027	0.00601	0.00446	0.01114
1	0.01779	0.13462	0.13797	0.02470	0.19171	0.04304	0.03691	0.02209	0.01628	0.02339	0.03977	0.01994	0.01441	0.00875	0.01002	0.00235	0.13011	0.00656	0.10951	0.01006
2	0.01602	0.01518	0.02574	0.50913	0.24241	0.01759	0.02222	0.02101	0.01615	0.02148	0.01402	0.02022	0.01092	0.00750	0.00773	0.00250	0.01000	0.00690	0.00356	0.00972
3	0.01212	0.00821	0.01061	0.04915	0.01455	0.00767	0.00850	0.01426	0.01674	0.07654	0.06942	0.37526	0.21021	0.02039	0.00946	0.00293	0.00507	0.07452	0.00723	0.00718
4	0.01649	0.04242	0.01397	0.04301	0.01594	0.01057	0.00942	0.05498	0.01729	0.14045	0.05275	0.25056	0.06906	0.07039	0.12500	0.00461	0.00836	0.01302	0.03343	0.00828
5	0.01025	0.00718	0.00908	0.00993	0.01049	0.00683	0.00649	0.01161	0.01506	0.02040	0.14923	0.40862	0.04840	0.22829	0.01840	0.00430	0.00523	0.01748	0.00670	0.00601
6	0.00964	0.00691	0.00928	0.01083	0.01142	0.00656	0.00735	0.01121	0.01513	0.02037	0.07962	0.64144	0.05072	0.02578	0.05042	0.00366	0.00541	0.02075	0.00710	0.00640
7	0.08232	0.21561	0.24854	0.09976	0.02813	0.08391	0.01892	0.02428	0.04688	0.02266	0.01384	0.01667	0.01100	0.01022	0.04466	0.00277	0.01052	0.00554	0.00377	0.01002
8	0.01250	0.00876	0.01138	0.01134	0.01336	0.00888	0.00865	0.01611	0.05403	0.06528	0.09399	0.16296	0.17091	0.03283	0.25618	0.00626	0.01051	0.04216	0.00641	0.00751
9	0.01224	0.00801	0.00962	0.00963	0.01173	0.00711	0.00706	0.01454	0.01807	0.08474	0.18297	0.25528	0.27852	0.01882	0.00908	0.00268	0.00427	0.01635	0.04199	0.00728
10	0.01627	0.01418	0.01895	0.07697	0.09026	0.05630	0.01432	0.01907	0.01515	0.06095	0.04193	0.05214	0.05716	0.02419	0.18803	0.00529	0.20553	0.03004	0.00470	0.00855
11	0.02027	0.18998	0.10864	0.01977	0.02501	0.19167	0.12236	0.02379	0.01700	0.02018	0.01425	0.04308	0.01296	0.05631	0.01154	0.00266	0.10056	0.00683	0.00382	0.00931
12	0.01441	0.01774	0.13234	0.01954	0.11282	0.06318	0.01532	0.01827	0.01574	0.02112	0.02782	0.06710	0.10926	0.02655	0.21849	0.00562	0.05129	0.05008	0.00467	0.00864
13	0.01049	0.00841	0.01222	0.01209	0.01383	0.00773	0.06122	0.01282	0.01681	0.02220	0.13769	0.41923	0.16681	0.02060	0.00963	0.00292	0.00511	0.04619	0.00711	0.00688
14	0.01585	0.01548	0.05849	0.26344	0.07346	0.01557	0.07558	0.07743	0.06162	0.02540	0.06375	0.06518	0.07626	0.01138	0.00844	0.00265	0.00865	0.06672	0.00531	0.00933
15	0.02159	0.06508	0.16043	0.02451	0.11214	0.08053	0.13112	0.14294	0.02127	0.07165	0.01752	0.05970	0.01421	0.00889	0.00841	0.00242	0.03376	0.00770	0.00502	0.01111
16	0.08480	0.17805	0.09968	0.01734	0.05962	0.12413	0.01469	0.11780	0.05440	0.02668	0.03603	0.02454	0.04092	0.05164	0.00884	0.00254	0.00892	0.03442	0.00502	0.00995

[dist]
# distance from previous block
# <min> <max>
0	20

[block]
# block no. 8 follows, 25 sequences, length 27
# corresponding to MSA columns:
# 447-473
name=unknown_I
#
# <colnr> <probs for GDERKNQSTAVLIFYWHMCP>
#	G	D	E	R	K	N	Q	S	T	A	V	L	I	F	Y	W	H	M	C	P
0	0.05691	0.15909	0.07035	0.04270	0.02279	0.20561	0.01418	0.05321	0.08520	0.15321	0.02096	0.02106	0.04488	0.00882	0.00695	0.00219	0.00932	0.00647	0.00562	0.01051
1	0.19699	0.01303	0.03956	0.09205	0.01977	0.01365	0.01135	0.01998	0.04921	0.07382	0.05256	0.10228	0.10245	0.04364	0.07199	0.00372	0.07031	0.00969	0.00561	0.00834
2	0.01927	0.09533	0.04472	0.04887	0.10651	0.15646	0.06369	0.05496	0.01870	0.02329	0.06224	0.05325	0.06562	0.01037	0.00923	0.02443	0.05241	0.00793	0.00471	0.07802
3	0.01085	0.00784	0.00911	0.00925	0.01106	0.00701	0.00664	0.01282	0.01721	0.04588	0.16670	0.19123	0.32121	0.11294	0.01330	0.00336	0.00466	0.03511	0.00719	0.00665
4	0.01967	0.01722	0.02051	0.04285	0.02221	0.04407	0.03996	0.15654	0.13077	0.02936	0.01927	0.07041	0.01647	0.01031	0.01079	0.00236	0.13953	0.00778	0.00569	0.19421
5	0.01523	0.01491	0.06921	0.04237	0.04037	0.01329	0.07829	0.07042	0.11319	0.02872	0.21138	0.06420	0.09963	0.01295	0.00860	0.00254	0.00679	0.05551	0.00671	0.04568
6	0.01828	0.19727	0.12973	0.01489	0.02011	0.11176	0.01375	0.02415	0.10989	0.02142	0.01843	0.02617	0.01687	0.15654	0.01341	0.00320	0.00889	0.02607	0.00456	0.06460
7	0.09675	0.01277	0.01583	0.01404	0.01730	0.01331	0.05529	0.11417	0.10923	0.07502	0.06039	0.27461	0.03184	0.06042	0.01042	0.00303	0.00639	0.01312	0.00697	0.00910
8	0.01057	0.00754	0.00909	0.00979	0.01122	0.00681	0.00688	0.01228	0.01624	0.04296	0.09245	0.36494	0.25142	0.08474	0.01222	0.00331	0.00469	0.03914	0.00714	0.00656
9	0.01738	0.01948	0.10941	0.03109	0.28178	0.01664	0.13499	0.06244	0.04513	0.02647	0.05562	0.10089	0.04349	0.01003	0.00830	0.00251	0.00903	0.00963	0.00493	0.01078
10	0.01393	0.04106	0.01483	0.01256	0.01357	0.01350	0.00931	0.03949	0.03898	0.01991	0.08793	0.03807	0.02635	0.33902	0.09298	0.00589	0.17111	0.00968	0.00492	0.00689
11	0.01007	0.00730	0.00924	0.01054	0.01142	0.00685	0.00740	0.01162	0.01516	0.01977	0.04503	0.45461	0.13447	0.11853	0.01391	0.00372	0.00519	0.10207	0.00685	0.00623
12	0.02457	0.01410	0.01680	0.01404	0.01863	0.01422	0.01124	0.16227	0.13044	0.26647	0.07957	0.09531	0.07074	0.01256	0.00829	0.00255	0.00637	0.03211	0.00838	0.01133
13	0.02065	0.06702	0.13438	0.02569	0.19823	0.15613	0.01846	0.05070	0.04327	0.05546	0.04488	0.06979	0.01729	0.00960	0.00869	0.00238	0.05446	0.00765	0.00474	0.01053
14	0.01651	0.05741	0.30841	0.11485	0.05396	0.03917	0.18610	0.02323	0.01706	0.02339	0.01778	0.02364	0.03473	0.00833	0.00801	0.00253	0.01113	0.03961	0.00384	0.01032
15	0.01114	0.00746	0.00850	0.00863	0.00866	0.00743	0.00488	0.01124	0.01153	0.01538	0.02576	0.09937	0.02986	0.67660	0.03732	0.00720	0.00730	0.01205	0.00488	0.00481
16	0.01857	0.01757	0.02677	0.10201	0.40553	0.05839	0.05263	0.04845	0.01887	0.02617	0.08393	0.02372	0.01877	0.00820	0.00773	0.00231	0.00886	0.00767	0.05301	0.01083
17	0.01760	0.01375	0.02155	0.18503	0.17735	0.01428	0.04931	0.06102	0.01892	0.09352	0.07753	0.10356	0.06455	0.01186	0.00845	0.00261	0.00796	0.05566	0.00576	0.00974
18	0.01977	0.01852	0.02828	0.11236	0.46449	0.04442	0.02153	0.08857	0.01931	0.02658	0.01573	0.02181	0.01332	0.00816	0.00852	0.00242	0.03807	0.03232	0.00433	0.01149
19	0.10697	0.02026	0.02119	0.01649	0.02232	0.02247	0.01359	0.55445	0.03298	0.04636	0.01815	0.01853	0.01304	0.00907	0.00733	0.00231	0.00801	0.00670	0.04740	0.01238
20	0.02090	0.60742	0.03636	0.01362	0.01950	0.09823	0.01282	0.02316	0.01608	0.01809	0.01189	0.01537	0.01127	0.05896	0.00768	0.00212	0.00883	0.00475	0.00349	0.00947
21	0.01236	0.00764	0.00904	0.05178	0.01289	0.00758	0.00731	0.01524	0.01602	0.02460	0.03595	0.23776	0.09783	0.01509	0.00751	0.00241	0.00448	0.04192	0.38562	0.00697
22	0.00939	0.00774	0.00824	0.00837	0.01067	0.00660	0.00618	0.01146	0.01782	0.02189	0.13773	0.14313	0.54449	0.01974	0.00924	0.00266	0.00396	0.01673	0.00734	0.00660
23	0.00964	0.00683	0.00894	0.01055	0.01096	0.00642	0.00694	0.01085	0.01447	0.01930	0.04083	0.65260	0.04888	0.09742	0.01297	0.00360	0.00481	0.02092	0.00694	0.00613
24	0.01779	0.01722	0.03021	0.16002	0.46166	0.01765	0.08761	0.02264	0.01761	0.02466	0.05514	0.02201	0.01563	0.00757	0.00793	0.00239	0.00947	0.00758	0.00407	0.01114
25	0.01792	0.01764	0.08173	0.01544	0.02010	0.01745	0.01306	0.03594	0.51134	0.03093	0.05682	0.05408	0.02516	0.01084	0.00781	0.00257	0.00634	0.00908	0.05430	0.01146
26	0.01691	0.04643	0.01610	0.01427	0.05622	0.01338	0.01044	0.11633	0.11034	0.05936	0.34089	0.04170	0.06953	0.01277	0.00827	0.00238	0.00542	0.01090	0.03886	0.00951

[dist]
# distance from previous block
# <min> <max>
0	5

[block]
# block no. 9 follows, 25 sequences, length 25
# corresponding to MSA columns:
# 479-483,492-499,501-512
name=unknown_J
#
# <colnr> <probs for GDERKNQSTAVLIFYWHMCP>
#	G	D	E	R	K	N	Q	S	T	A	V	L	I	F	Y	W	H	M	C	P
0	0.02031	0.25023	0.05077	0.01560	0.02093	0.11111	0.06459	0.02531	0.08375	0.08168	0.05832	0.07286	0.06134	0.01003	0.00710	0.00216	0.00829	0.00812	0.00534	0.04214
1	0.02116	0.05171	0.05229	0.02435	0.17362	0.11276	0.04012	0.12271	0.14107	0.02908	0.06356	0.02227	0.01809	0.00896	0.00839	0.00231	0.04189	0.00728	0.00551	0.05287
2	0.01423	0.01374	0.08498	0.04065	0.07356	0.01228	0.05772	0.01798	0.01466	0.05672	0.02152	0.09478	0.01989	0.03472	0.35312	0.00754	0.03570	0.00919	0.02857	0.00846
3	0.01394	0.06859	0.01477	0.03538	0.03585	0.01107	0.00966	0.03939	0.05434	0.05702	0.26774	0.25711	0.04876	0.01660	0.00883	0.00265	0.00527	0.03757	0.00731	0.00815
4	0.02222	0.40481	0.09935	0.01719	0.04204	0.12608	0.01580	0.10241	0.01911	0.02302	0.01232	0.01432	0.01043	0.00769	0.00725	0.00200	0.05460	0.00503	0.00398	0.01034
5	0.14817	0.04106	0.10785	0.04423	0.09394	0.10264	0.01607	0.18366	0.04832	0.07769	0.01620	0.01756	0.01204	0.00804	0.00695	0.00226	0.00892	0.00603	0.00550	0.05287
6	0.01154	0.01110	0.05113	0.01390	0.03737	0.00929	0.05433	0.01521	0.04152	0.02260	0.08684	0.25524	0.23506	0.01866	0.00940	0.00288	0.00586	0.10378	0.00674	0.00756
7	0.01741	0.19713	0.34745	0.02256	0.11175	0.02120	0.02217	0.02328	0.01593	0.02262	0.01288	0.01585	0.01030	0.00766	0.00854	0.00227	0.07941	0.00555	0.00344	0.05259
8	0.01882	0.01382	0.01628	0.01227	0.01851	0.01148	0.00980	0.02454	0.09896	0.11636	0.04625	0.02087	0.01668	0.00730	0.00644	0.00156	0.00582	0.00596	0.00586	0.54243
9	0.01739	0.01740	0.06927	0.18700	0.03132	0.05427	0.11833	0.02463	0.11424	0.06415	0.02361	0.03117	0.04570	0.01425	0.06529	0.00348	0.03491	0.06884	0.00517	0.00959
10	0.01641	0.03990	0.64478	0.02196	0.03295	0.06139	0.02777	0.02496	0.01673	0.02420	0.01379	0.01622	0.00983	0.00741	0.00734	0.00243	0.01162	0.00568	0.00332	0.01130
11	0.01418	0.00867	0.01081	0.00995	0.01257	0.00769	0.00757	0.01713	0.02037	0.13190	0.36925	0.09993	0.22737	0.01642	0.00898	0.00253	0.00425	0.01418	0.00826	0.00798
12	0.01548	0.01222	0.01442	0.01294	0.01547	0.01348	0.01006	0.12293	0.10099	0.02732	0.13268	0.04316	0.13593	0.10979	0.10198	0.00453	0.07769	0.03391	0.00650	0.00851
13	0.01823	0.01369	0.01760	0.01689	0.07301	0.03833	0.06301	0.04616	0.14146	0.12635	0.03873	0.13819	0.16353	0.05624	0.01037	0.00290	0.00678	0.01199	0.00690	0.00963
14	0.00943	0.00681	0.00893	0.01062	0.01120	0.00631	0.00712	0.01082	0.01502	0.01986	0.04490	0.68324	0.08909	0.02401	0.00985	0.00312	0.00446	0.02170	0.00720	0.00631
15	0.00955	0.00693	0.00902	0.01049	0.01122	0.00640	0.00711	0.01113	0.01564	0.02080	0.09717	0.61951	0.09989	0.02325	0.00978	0.00305	0.00439	0.02096	0.00731	0.00640
16	0.01790	0.25044	0.15274	0.10159	0.05352	0.06194	0.11490	0.02272	0.01746	0.02253	0.09640	0.02152	0.01831	0.00814	0.00713	0.00220	0.00965	0.00693	0.00414	0.00984
17	0.01079	0.03889	0.01014	0.00903	0.01131	0.00800	0.00691	0.01322	0.01793	0.02331	0.18932	0.08835	0.37036	0.05775	0.01055	0.00284	0.00448	0.05711	0.06289	0.00683
18	0.00962	0.00737	0.00867	0.00938	0.01082	0.00658	0.00655	0.01140	0.01659	0.02130	0.12962	0.34999	0.30045	0.06114	0.01119	0.00310	0.00434	0.01825	0.00721	0.00642
19	0.23861	0.01493	0.01696	0.01340	0.01910	0.01488	0.01106	0.12342	0.02181	0.41400	0.02343	0.02148	0.01536	0.00890	0.00697	0.00239	0.00672	0.00669	0.00802	0.01188
20	0.02093	0.10568	0.01989	0.01418	0.01865	0.01834	0.01156	0.24550	0.14381	0.05480	0.10492	0.09514	0.05453	0.01186	0.00776	0.00238	0.00659	0.00969	0.04312	0.01068
21	0.02354	0.01114	0.01431	0.01227	0.01590	0.01024	0.00937	0.06893	0.01976	0.34703	0.05178	0.19053	0.05702	0.11573	0.01288	0.00330	0.00619	0.01202	0.00809	0.00997
22	0.02352	0.01818	0.01930	0.01602	0.02102	0.02046	0.01283	0.31746	0.32634	0.03961	0.02516	0.02424	0.01859	0.00985	0.00763	0.00242	0.00702	0.00783	0.07025	0.01227
23	0.19712	0.01663	0.01704	0.01388	0.01889	0.01823	0.01130	0.29363	0.08542	0.10494	0.02029	0.02058	0.01472	0.00893	0.00674	0.00230	0.00678	0.00664	0.12483	0.01110
24	0.02147	0.02063	0.02249	0.04121	0.05452	0.16567	0.09284	0.17954	0.06611	0.03011	0.10373	0.03032	0.04756	0.01259	0.03728	0.00284	0.00987	0.04512	0.00603	0.01007

[dist]
# distance from previous block
# <min> <max>
0	8

[block]
# block no. 10 follows, 25 sequences, length 12
# corresponding to MSA columns:
# 521-532
name=unknown_K
#
# <colnr> <probs for GDERKNQSTAVLIFYWHMCP>
#	G	D	E	R	K	N	Q	S	T	A	V	L	I	F	Y	W	H	M	C	P
0	0.02123	0.13793	0.02655	0.02131	0.12337	0.04759	0.07542	0.17920	0.05653	0.03039	0.03754	0.02056	0.01529	0.00839	0.00772	0.00216	0.03502	0.00684	0.09934	0.04761
1	0.01255	0.01243	0.07267	0.03400	0.10153	0.01037	0.01115	0.01610	0.03609	0.02198	0.08492	0.07785	0.19479	0.14938	0.08015	0.00437	0.00779	0.01152	0.05260	0.00775
2	0.01069	0.00796	0.01034	0.01114	0.01235	0.00808	0.00797	0.01368	0.06008	0.02008	0.03974	0.39022	0.11881	0.03105	0.17677	0.04305	0.00859	0.01632	0.00632	0.00676
3	0.01869	0.01822	0.05450	0.09707	0.13812	0.01702	0.29900	0.05015	0.01920	0.07145	0.08884	0.02462	0.01895	0.00806	0.00842	0.00245	0.01016	0.00862	0.00492	0.04153
4	0.06662	0.15228	0.05844	0.04735	0.10341	0.13440	0.04763	0.13635	0.04515	0.05524	0.03578	0.01839	0.01372	0.00838	0.00793	0.00225	0.04470	0.00632	0.00500	0.01067
5	0.02149	0.56507	0.07534	0.01553	0.02212	0.12307	0.04097	0.02445	0.01677	0.01898	0.01133	0.01323	0.01002	0.00686	0.00557	0.00179	0.00947	0.00456	0.00343	0.00992
6	0.09591	0.01737	0.02678	0.07759	0.25650	0.01851	0.10070	0.04911	0.07995	0.06131	0.01640	0.01976	0.01291	0.00821	0.00949	0.00247	0.08685	0.00703	0.00475	0.04838
7	0.06534	0.04334	0.02149	0.01602	0.02189	0.02140	0.01326	0.49191	0.03139	0.07629	0.01878	0.01909	0.01352	0.00892	0.00725	0.00221	0.00781	0.00668	0.06097	0.05246
8	0.00958	0.00680	0.00896	0.01063	0.01105	0.00638	0.00702	0.01083	0.01459	0.01946	0.04145	0.67521	0.04966	0.07375	0.01198	0.00346	0.00471	0.02129	0.00702	0.00619
9	0.01027	0.00710	0.00875	0.00974	0.00998	0.00685	0.00607	0.01101	0.01323	0.01764	0.03446	0.41865	0.04084	0.34234	0.02327	0.00512	0.00586	0.01717	0.00607	0.00557
10	0.00924	0.00754	0.00818	0.00870	0.01069	0.00647	0.00626	0.01103	0.01686	0.02062	0.06831	0.25974	0.49748	0.02097	0.00937	0.00277	0.00409	0.01799	0.00720	0.00647
11	0.02772	0.07246	0.02260	0.01927	0.02344	0.60435	0.01466	0.03140	0.07522	0.02006	0.01355	0.01515	0.01113	0.00813	0.00696	0.00203	0.01302	0.00526	0.00428	0.00931

[dist]
# distance from previous block
# <min> <max>
4	7

[block]
# block no. 11 follows, 25 sequences, length 8
# corresponding to MSA columns:
# 540-547
name=unknown_L
#
# <colnr> <probs for GDERKNQSTAVLIFYWHMCP>
#	G	D	E	R	K	N	Q	S	T	A	V	L	I	F	Y	W	H	M	C	P
0	0.02672	0.01714	0.02097	0.01631	0.02165	0.05098	0.08095	0.25503	0.02574	0.21800	0.02263	0.02285	0.01588	0.00897	0.00741	0.00226	0.00778	0.00739	0.15984	0.01149
1	0.00984	0.00764	0.00903	0.00973	0.01149	0.00683	0.00723	0.01199	0.01730	0.02199	0.12994	0.27515	0.34092	0.02086	0.00957	0.00287	0.00445	0.08918	0.00734	0.00662
2	0.01833	0.01580	0.02493	0.02009	0.02263	0.01879	0.13447	0.02132	0.01572	0.10229	0.08779	0.02632	0.05430	0.01233	0.01761	0.00298	0.38146	0.00864	0.00500	0.00920
3	0.01864	0.01713	0.08407	0.05432	0.06532	0.05121	0.08213	0.04759	0.07990	0.11326	0.03114	0.08379	0.07785	0.01310	0.00873	0.00275	0.00831	0.14464	0.00629	0.00983
4	0.01832	0.00932	0.01213	0.01120	0.01411	0.00825	0.00845	0.02072	0.01899	0.24911	0.15088	0.27377	0.13893	0.01713	0.00894	0.00269	0.00499	0.01495	0.00824	0.00887
5	0.67657	0.01594	0.01306	0.01127	0.01627	0.01833	0.00929	0.11132	0.01646	0.03676	0.01189	0.01344	0.00907	0.00749	0.00521	0.00239	0.00635	0.00459	0.00521	0.00907
6	0.01911	0.01865	0.03278	0.04622	0.62047	0.01853	0.08141	0.02389	0.01771	0.02529	0.01469	0.01935	0.01223	0.00687	0.00781	0.00233	0.00957	0.00711	0.00385	0.01211
7	0.08226	0.05098	0.27113	0.01980	0.02747	0.01778	0.11151	0.09383	0.06167	0.08871	0.01973	0.05269	0.01581	0.00932	0.00774	0.00253	0.00948	0.04137	0.00525	0.01095

[dist]
# distance from previous block
# <min> <max>
1	3

[block]
# block no. 12 follows, 25 sequences, length 16
# corresponding to MSA columns:
# 551-566
name=unknown_M
#
# <colnr> <probs for GDERKNQSTAVLIFYWHMCP>
#	G	D	E	R	K	N	Q	S	T	A	V	L	I	F	Y	W	H	M	C	P
0	0.11683	0.14911	0.07366	0.02131	0.07302	0.20835	0.09963	0.07730	0.01911	0.02487	0.01286	0.01560	0.01045	0.00784	0.00808	0.00225	0.05978	0.00578	0.00417	0.01000
1	0.08790	0.07299	0.02398	0.01951	0.02418	0.49737	0.05878	0.08404	0.02193	0.02323	0.01266	0.01467	0.01026	0.00786	0.00692	0.00208	0.01247	0.00535	0.00434	0.00947
2	0.01499	0.04889	0.06074	0.01285	0.01552	0.08358	0.01058	0.05162	0.01684	0.02227	0.05251	0.13331	0.04645	0.13544	0.11382	0.00480	0.00942	0.07935	0.07945	0.00756
3	0.01239	0.09395	0.01252	0.00926	0.01013	0.01040	0.00601	0.01285	0.01188	0.01559	0.02259	0.04500	0.02550	0.60282	0.07340	0.00710	0.00838	0.01025	0.00450	0.00545
4	0.02229	0.01840	0.02115	0.02077	0.11205	0.02058	0.01459	0.22013	0.38974	0.03632	0.02539	0.02453	0.01900	0.00966	0.00782	0.00250	0.00727	0.00798	0.00729	0.01254
5	0.02005	0.01472	0.01724	0.01288	0.01930	0.01254	0.01047	0.12109	0.02005	0.10098	0.01778	0.02127	0.01430	0.00753	0.00654	0.00160	0.00635	0.03730	0.00577	0.53225
6	0.01123	0.00810	0.00996	0.01037	0.01239	0.00736	0.00805	0.01384	0.01831	0.04689	0.19127	0.18246	0.27936	0.01964	0.00957	0.00287	0.00476	0.14899	0.00756	0.00703
7	0.02102	0.02306	0.03395	0.02587	0.03190	0.14900	0.35201	0.06093	0.13547	0.02602	0.01771	0.02072	0.01355	0.00801	0.00923	0.00252	0.04562	0.00806	0.00482	0.01055
8	0.02026	0.02066	0.02979	0.07749	0.55992	0.10885	0.02250	0.02455	0.01812	0.02420	0.01420	0.01857	0.01188	0.00710	0.00759	0.00228	0.00991	0.00665	0.00384	0.01166
9	0.00940	0.00692	0.00882	0.01033	0.01112	0.00634	0.00699	0.01085	0.01529	0.01998	0.04842	0.61954	0.15052	0.02355	0.00978	0.00306	0.00441	0.02114	0.00720	0.00634
10	0.02254	0.02739	0.26881	0.01872	0.02623	0.05367	0.01919	0.28376	0.02483	0.06966	0.01742	0.01927	0.01278	0.01391	0.08335	0.00348	0.01114	0.00660	0.00560	0.01164
11	0.01900	0.20781	0.39596	0.02016	0.02952	0.02068	0.08613	0.02554	0.01698	0.08754	0.01494	0.01683	0.01097	0.00732	0.00699	0.00227	0.01036	0.00588	0.00397	0.01115
12	0.01266	0.00808	0.01016	0.01013	0.01212	0.00724	0.00740	0.01506	0.01855	0.09675	0.25057	0.28789	0.19617	0.01894	0.00926	0.00272	0.00433	0.01664	0.00789	0.00744
13	0.02399	0.01424	0.01742	0.04721	0.02045	0.04588	0.03362	0.06401	0.12526	0.29341	0.09035	0.09345	0.07207	0.01203	0.00822	0.00251	0.00675	0.01020	0.00798	0.01092
14	0.10078	0.01519	0.04862	0.04640	0.04907	0.01391	0.03403	0.10391	0.06386	0.02836	0.02542	0.14579	0.06939	0.01126	0.00741	0.00224	0.00670	0.00953	0.00575	0.21238
15	0.02235	0.05775	0.02114	0.01892	0.09245	0.08965	0.01361	0.20764	0.11522	0.06267	0.05160	0.02794	0.04866	0.04933	0.00984	0.00262	0.02570	0.02944	0.00635	0.04710

[dist]
# distance from previous block
# <min> <max>
0	311

[block]
# block no. 13 follows, 25 sequences, length 98
# corresponding to MSA columns:
# 884-972,974-982
name=unknown_N
#
# <colnr> <probs for GDERKNQSTAVLIFYWHMCP>
#	G	D	E	R	K	N	Q	S	T	A	V	L	I	F	Y	W	H	M	C	P
0	0.04887	0.10884	0.15423	0.02143	0.11954	0.04544	0.01756	0.11950	0.08180	0.05933	0.07237	0.02165	0.01782	0.00917	0.00881	0.00239	0.06794	0.00699	0.00531	0.01100
1	0.04974	0.02194	0.17145	0.10445	0.09828	0.04835	0.01808	0.12533	0.04505	0.13580	0.02079	0.09000	0.01684	0.00987	0.00774	0.00248	0.00884	0.00819	0.00576	0.01105
2	0.08380	0.31405	0.11501	0.01896	0.10083	0.07433	0.01578	0.05198	0.07205	0.02370	0.01456	0.01760	0.01236	0.04572	0.00795	0.00235	0.00884	0.00565	0.00420	0.01028
3	0.01048	0.00982	0.04547	0.00993	0.01259	0.00796	0.00798	0.01295	0.01633	0.02116	0.10647	0.10388	0.35618	0.08313	0.12106	0.00454	0.00741	0.01374	0.00629	0.04262
4	0.01773	0.02811	0.32255	0.05858	0.03459	0.01865	0.23676	0.02540	0.04515	0.05944	0.01588	0.01925	0.01163	0.00783	0.00940	0.00259	0.06427	0.00727	0.00405	0.01088
5	0.02199	0.05482	0.10268	0.10907	0.05366	0.07919	0.04383	0.18612	0.05195	0.07428	0.01823	0.04989	0.01445	0.00948	0.00901	0.00245	0.06612	0.00739	0.03465	0.01076
6	0.01699	0.05155	0.13592	0.07797	0.05257	0.02188	0.05528	0.02168	0.04844	0.02107	0.01275	0.01792	0.01101	0.01094	0.01755	0.00297	0.40359	0.00675	0.00366	0.00952
7	0.01410	0.01115	0.01305	0.01045	0.01522	0.00885	0.00814	0.01714	0.01759	0.04995	0.14127	0.06902	0.17013	0.01150	0.00734	0.00183	0.00497	0.00970	0.00614	0.41248
8	0.03183	0.01642	0.01980	0.01535	0.02130	0.01637	0.01263	0.25297	0.07291	0.41614	0.02648	0.02386	0.01741	0.00956	0.00779	0.00239	0.00724	0.00758	0.00883	0.01313
9	0.01110	0.00777	0.00963	0.00963	0.01019	0.00812	0.00627	0.01204	0.01197	0.01624	0.02621	0.04590	0.06001	0.48825	0.23582	0.00875	0.01132	0.01065	0.00467	0.00547
10	0.48667	0.02288	0.20684	0.01438	0.02123	0.01823	0.01485	0.08633	0.01643	0.03325	0.01247	0.01428	0.00929	0.00746	0.00583	0.00241	0.00782	0.00492	0.00466	0.00976
11	0.01065	0.00725	0.00864	0.00926	0.00941	0.00710	0.00555	0.01111	0.01250	0.01666	0.03069	0.28060	0.03609	0.48687	0.02935	0.00602	0.00648	0.01496	0.00555	0.00525
12	0.01893	0.01816	0.03100	0.08528	0.64348	0.01835	0.02367	0.02357	0.01753	0.02502	0.01454	0.01927	0.01217	0.00696	0.00768	0.00232	0.00928	0.00691	0.00382	0.01207
13	0.02833	0.01509	0.01818	0.01471	0.02005	0.01519	0.01189	0.12244	0.20892	0.37466	0.06351	0.02773	0.02252	0.01015	0.00789	0.00246	0.00658	0.00829	0.00880	0.01262
14	0.22885	0.07853	0.01661	0.01365	0.04597	0.01546	0.01031	0.11705	0.01885	0.10599	0.02335	0.18865	0.02200	0.01202	0.00703	0.00245	0.00625	0.00972	0.06788	0.00939
15	0.00959	0.00686	0.00913	0.01070	0.01128	0.00640	0.00721	0.01116	0.01553	0.02088	0.10350	0.65858	0.05338	0.02348	0.00982	0.00308	0.00442	0.02127	0.00733	0.00640
16	0.01016	0.00789	0.00924	0.00890	0.01109	0.00697	0.00668	0.01306	0.02004	0.02655	0.40824	0.06539	0.34280	0.01754	0.00915	0.00252	0.00378	0.01507	0.00794	0.00697
17	0.01544	0.01473	0.02530	0.58723	0.14372	0.01749	0.04576	0.02058	0.01592	0.02080	0.01397	0.02047	0.01067	0.00758	0.00779	0.00254	0.01028	0.00698	0.00352	0.00922
18	0.05750	0.00940	0.01053	0.01045	0.01282	0.00946	0.00799	0.01936	0.10148	0.05495	0.11857	0.16264	0.12553	0.01523	0.00805	0.00256	0.00473	0.06846	0.19233	0.00795
19	0.01095	0.00878	0.00970	0.00988	0.01208	0.00823	0.00722	0.03915	0.07044	0.02301	0.08308	0.26920	0.38044	0.01979	0.00923	0.00277	0.00446	0.01705	0.00733	0.00723
20	0.35337	0.01419	0.01512	0.01230	0.01761	0.01446	0.01012	0.06313	0.01909	0.34456	0.04918	0.02143	0.01657	0.00882	0.00657	0.00240	0.00632	0.00648	0.00740	0.01089
21	0.02896	0.03695	0.02197	0.01998	0.02397	0.69638	0.01498	0.03096	0.02197	0.01898	0.01199	0.01398	0.00999	0.00799	0.00699	0.00200	0.01398	0.00499	0.00400	0.00899
22	0.01006	0.00724	0.00966	0.01137	0.01219	0.00685	0.00822	0.01189	0.01559	0.02054	0.04406	0.56269	0.07908	0.02349	0.01003	0.00321	0.00501	0.14517	0.00719	0.00648
23	0.01571	0.01028	0.01166	0.01091	0.01340	0.01047	0.00824	0.11797	0.05728	0.05070	0.13685	0.20214	0.06748	0.01450	0.00788	0.00242	0.00487	0.01243	0.23641	0.00840
24	0.01301	0.00963	0.01409	0.01339	0.01407	0.01172	0.01031	0.01372	0.01163	0.01678	0.01639	0.02560	0.01570	0.03956	0.35796	0.23895	0.16002	0.00752	0.00376	0.00618
25	0.01789	0.04868	0.11426	0.17255	0.44757	0.01862	0.02356	0.02309	0.01699	0.02387	0.01419	0.01885	0.01149	0.00712	0.00754	0.00235	0.00968	0.00664	0.00367	0.01136
26	0.02418	0.02807	0.02276	0.02001	0.02253	0.38841	0.01576	0.06150	0.01875	0.02055	0.01164	0.01544	0.01025	0.01030	0.01443	0.00258	0.29402	0.00583	0.00397	0.00902
27	0.01773	0.01983	0.10834	0.09541	0.33017	0.01684	0.07835	0.04643	0.01784	0.02538	0.01734	0.02105	0.04051	0.00748	0.00755	0.00222	0.00916	0.00703	0.00415	0.12717
28	0.08304	0.04816	0.18953	0.05549	0.17142	0.01651	0.01867	0.02799	0.06635	0.18929	0.02158	0.02237	0.03875	0.00849	0.00737	0.00240	0.00846	0.00701	0.00559	0.01151
29	0.02642	0.03247	0.02011	0.01849	0.02206	0.58997	0.01388	0.02850	0.02084	0.01942	0.01446	0.01936	0.01274	0.03702	0.03103	0.00260	0.01322	0.02888	0.03992	0.00861
