[name]
unknown

[dist]
# distance from previous block
# <min> <max>
1	157

[block]
# block no. 0 follows, 29 sequences, length 6
# corresponding to MSA columns:
# 168-173
name=unknown_A
#
# <colnr> <probs for GDERKNQSTAVLIFYWHMCP>
#	G	D	E	R	K	N	Q	S	T	A	V	L	I	F	Y	W	H	M	C	P
0	0.01603	0.01549	0.02258	0.11216	0.28584	0.05246	0.05536	0.02204	0.11015	0.02269	0.06050	0.02688	0.07095	0.00924	0.00865	0.00233	0.06327	0.02928	0.00457	0.00952
1	0.01505	0.01258	0.01758	0.12993	0.16967	0.01271	0.01290	0.10392	0.01771	0.02454	0.10866	0.08210	0.04954	0.08114	0.01000	0.00254	0.00671	0.00866	0.00504	0.12900
2	0.01724	0.01902	0.09599	0.04037	0.58792	0.01697	0.07373	0.02200	0.01615	0.02316	0.01341	0.01750	0.01102	0.00636	0.00713	0.00215	0.00894	0.00640	0.00348	0.01108
3	0.05784	0.05811	0.04692	0.15558	0.20092	0.04640	0.01453	0.05421	0.01602	0.02369	0.01548	0.01974	0.01255	0.03063	0.00712	0.00213	0.00733	0.00606	0.18704	0.03771
4	0.06463	0.01593	0.02185	0.16702	0.31102	0.07736	0.01697	0.02098	0.03673	0.02253	0.04314	0.01950	0.01368	0.00769	0.00798	0.00220	0.06397	0.00638	0.07115	0.00928
5	0.04275	0.01241	0.01867	0.20126	0.23376	0.01322	0.01471	0.04806	0.01625	0.04822	0.07397	0.04850	0.03712	0.04793	0.00847	0.00242	0.00705	0.00775	0.10878	0.00870

[dist]
# distance from previous block
# <min> <max>
11	24

[block]
# block no. 1 follows, 29 sequences, length 19
# corresponding to MSA columns:
# 204-222
name=unknown_B
#
# <colnr> <probs for GDERKNQSTAVLIFYWHMCP>
#	G	D	E	R	K	N	Q	S	T	A	V	L	I	F	Y	W	H	M	C	P
0	0.13504	0.09538	0.01487	0.01116	0.01368	0.03506	0.02709	0.05288	0.06470	0.02109	0.03913	0.07707	0.03894	0.01543	0.01419	0.29203	0.00624	0.00732	0.03223	0.00649
1	0.01621	0.03890	0.07457	0.01686	0.06819	0.01449	0.07742	0.09595	0.07955	0.04896	0.06881	0.05390	0.08426	0.01153	0.03539	0.00254	0.06999	0.00820	0.03896	0.09532
2	0.01438	0.01396	0.04483	0.15724	0.12377	0.04340	0.06579	0.04178	0.07703	0.02329	0.13333	0.13167	0.02816	0.01150	0.00787	0.00243	0.00734	0.05848	0.00527	0.00849
3	0.01041	0.00737	0.00952	0.00952	0.01077	0.00755	0.00685	0.01211	0.01289	0.03797	0.05900	0.09903	0.15754	0.21522	0.30432	0.00722	0.01080	0.01096	0.00502	0.00592
4	0.01595	0.01637	0.06757	0.05704	0.07785	0.03773	0.06339	0.04837	0.28448	0.02517	0.05129	0.02969	0.12047	0.01028	0.00862	0.00239	0.05945	0.00856	0.00565	0.00965
5	0.51750	0.01275	0.01194	0.01012	0.01464	0.01367	0.00831	0.02461	0.01473	0.22878	0.01620	0.01638	0.01139	0.00738	0.00525	0.00216	0.00550	0.00503	0.06475	0.00891
6	0.01442	0.01335	0.01570	0.08109	0.06582	0.08899	0.01164	0.01742	0.04122	0.03783	0.07722	0.05305	0.11324	0.08113	0.11319	0.00411	0.14958	0.00886	0.00468	0.00746
7	0.00985	0.00675	0.00820	0.00869	0.00891	0.00673	0.00535	0.01041	0.01141	0.01531	0.02713	0.25113	0.03150	0.48016	0.08241	0.00608	0.00705	0.01306	0.00495	0.00491
8	0.02209	0.07715	0.01983	0.01578	0.02016	0.22407	0.01247	0.14995	0.32690	0.02793	0.02017	0.01972	0.01539	0.00852	0.00678	0.00213	0.00828	0.00643	0.00587	0.01038
9	0.51972	0.10392	0.03611	0.01092	0.01579	0.01701	0.00953	0.06575	0.01474	0.10102	0.01273	0.01399	0.00965	0.00875	0.03319	0.00248	0.00666	0.00455	0.00482	0.00867
10	0.01241	0.08707	0.01305	0.01046	0.01237	0.03805	0.00778	0.05410	0.03905	0.02058	0.11339	0.26388	0.09330	0.13286	0.06602	0.00379	0.00653	0.01281	0.00576	0.00675
11	0.27854	0.04634	0.01502	0.01168	0.01594	0.01673	0.00953	0.26403	0.04345	0.03427	0.01616	0.01826	0.01253	0.03739	0.00689	0.00224	0.00611	0.00571	0.14998	0.00918
12	0.01358	0.01019	0.01192	0.01053	0.01321	0.01027	0.00816	0.13854	0.07055	0.03060	0.45445	0.04635	0.12637	0.01349	0.00808	0.00225	0.00438	0.01158	0.00752	0.00796
13	0.01301	0.04585	0.23912	0.01207	0.01703	0.01122	0.01281	0.01860	0.05282	0.02417	0.09872	0.03127	0.12189	0.00990	0.00654	0.00206	0.00601	0.00806	0.26069	0.00817
14	0.00911	0.00718	0.00822	0.00808	0.01008	0.00629	0.00601	0.01152	0.01770	0.02300	0.32860	0.09931	0.40588	0.01684	0.00845	0.00236	0.00353	0.01443	0.00712	0.00629
15	0.01741	0.13571	0.04317	0.03721	0.01667	0.08324	0.01020	0.04407	0.08560	0.09755	0.08008	0.02985	0.10699	0.04335	0.03599	0.00261	0.00695	0.00787	0.10700	0.00847
16	0.05086	0.42670	0.11021	0.01497	0.02100	0.10309	0.03965	0.07231	0.01666	0.04171	0.01161	0.01328	0.00963	0.00683	0.00615	0.00183	0.03579	0.00463	0.00367	0.00943
17	0.01913	0.01644	0.07434	0.01825	0.14139	0.03889	0.01310	0.04801	0.04089	0.13927	0.01607	0.01732	0.01215	0.00653	0.00621	0.00165	0.00679	0.00541	0.00496	0.37319
18	0.01973	0.24240	0.21630	0.01652	0.02316	0.12675	0.05899	0.02521	0.06507	0.09038	0.01487	0.01610	0.01133	0.00708	0.00618	0.00197	0.00904	0.00538	0.03378	0.00978

[dist]
# distance from previous block
# <min> <max>
0	2

[block]
# block no. 2 follows, 29 sequences, length 23
# corresponding to MSA columns:
# 225-247
name=unknown_C
#
# <colnr> <probs for GDERKNQSTAVLIFYWHMCP>
#	G	D	E	R	K	N	Q	S	T	A	V	L	I	F	Y	W	H	M	C	P
0	0.05391	0.24403	0.22277	0.01625	0.02318	0.01999	0.05799	0.08999	0.01710	0.10170	0.01389	0.01533	0.01048	0.00717	0.00701	0.00202	0.04718	0.00530	0.00425	0.04044
1	0.01073	0.00780	0.00958	0.01003	0.01214	0.00715	0.00822	0.01337	0.01697	0.04635	0.14097	0.06964	0.32513	0.01790	0.00894	0.00273	0.00485	0.27412	0.00683	0.00655
2	0.01882	0.01779	0.11608	0.08120	0.30600	0.02883	0.01774	0.04213	0.04853	0.14128	0.04664	0.02373	0.06307	0.00825	0.00718	0.00220	0.00781	0.00724	0.00499	0.01048
3	0.02023	0.01731	0.09874	0.01917	0.12842	0.03539	0.01433	0.10597	0.13310	0.16496	0.02379	0.06285	0.05133	0.03743	0.00932	0.00249	0.05095	0.00796	0.00594	0.01034
4	0.00892	0.00652	0.00839	0.00943	0.01031	0.00599	0.00650	0.01062	0.01517	0.02028	0.16979	0.53787	0.12326	0.02035	0.00888	0.00271	0.00393	0.01826	0.00685	0.00599
5	0.01616	0.01146	0.01534	0.01345	0.01553	0.01335	0.01086	0.07777	0.01568	0.12147	0.07425	0.02852	0.07722	0.02594	0.25119	0.00556	0.20482	0.00811	0.00520	0.00810
6	0.01974	0.09622	0.09709	0.01708	0.05469	0.16349	0.01418	0.15782	0.08314	0.02545	0.01866	0.09558	0.01687	0.01007	0.00787	0.00223	0.04784	0.04187	0.02069	0.00942
7	0.05139	0.06078	0.01645	0.01659	0.09000	0.20019	0.01208	0.01976	0.01692	0.02110	0.02549	0.04237	0.05941	0.01232	0.00750	0.00240	0.00796	0.24491	0.08467	0.00770
8	0.80005	0.01377	0.01047	0.00936	0.01377	0.01597	0.00771	0.02093	0.01212	0.03195	0.00991	0.01157	0.00771	0.00661	0.00441	0.00220	0.00551	0.00386	0.00441	0.00771
9	0.05953	0.00837	0.00845	0.00831	0.00955	0.03571	0.00576	0.01450	0.01282	0.02048	0.02111	0.03271	0.02003	0.28824	0.11084	0.00493	0.00722	0.00789	0.31769	0.00587
10	0.01032	0.00705	0.00852	0.00852	0.00878	0.00731	0.00525	0.01084	0.01058	0.01436	0.02175	0.04280	0.02424	0.60764	0.17610	0.00783	0.00939	0.00980	0.00421	0.00473
11	0.80005	0.01377	0.01047	0.00936	0.01377	0.01597	0.00771	0.02093	0.01212	0.03195	0.00991	0.01157	0.00771	0.00661	0.00441	0.00220	0.00551	0.00386	0.00441	0.00771
12	0.01720	0.01918	0.09975	0.03990	0.56727	0.01699	0.09076	0.02202	0.01616	0.02314	0.01344	0.01753	0.01100	0.00635	0.00716	0.00216	0.00904	0.00645	0.00348	0.01103
13	0.55323	0.08845	0.01409	0.01022	0.01489	0.01583	0.00866	0.02159	0.01349	0.08707	0.01315	0.01654	0.01069	0.00734	0.00501	0.00210	0.00581	0.03894	0.00474	0.06814
14	0.02478	0.02307	0.07305	0.01670	0.02213	0.15543	0.01415	0.39718	0.12371	0.05211	0.01757	0.01765	0.01282	0.00834	0.00698	0.00213	0.00865	0.00623	0.00620	0.01113
15	0.01336	0.01043	0.01516	0.08922	0.11151	0.01071	0.03582	0.05570	0.05198	0.04763	0.02801	0.36124	0.03019	0.09190	0.01113	0.00304	0.00623	0.01346	0.00564	0.00766
16	0.02582	0.01920	0.02070	0.01579	0.02155	0.02080	0.01302	0.61417	0.03158	0.04267	0.01664	0.01686	0.01195	0.00822	0.00694	0.00203	0.00758	0.00619	0.00683	0.09146
17	0.01402	0.01324	0.02238	0.63885	0.13839	0.01597	0.02006	0.01869	0.01451	0.01888	0.01276	0.01880	0.00974	0.00701	0.00711	0.00234	0.00935	0.00633	0.00321	0.00837
18	0.25031	0.01862	0.01946	0.01546	0.02054	0.09530	0.07907	0.28261	0.02243	0.08573	0.01477	0.01591	0.01081	0.00808	0.00698	0.02474	0.00795	0.00572	0.00561	0.00990
19	0.10712	0.01030	0.01182	0.04982	0.01459	0.03090	0.00880	0.01690	0.06125	0.04450	0.07482	0.03741	0.04946	0.19474	0.12926	0.00497	0.04514	0.07427	0.02709	0.00683
20	0.01510	0.01282	0.01488	0.01109	0.01663	0.01076	0.00890	0.06777	0.01614	0.02413	0.01886	0.02045	0.08089	0.00720	0.00670	0.00138	0.04423	0.00559	0.00462	0.61187
21	0.02087	0.02047	0.06291	0.09039	0.15414	0.11534	0.10602	0.19872	0.03490	0.05268	0.04147	0.01876	0.01340	0.00777	0.00769	0.00220	0.03051	0.00665	0.00487	0.01025
22	0.01629	0.01055	0.01252	0.01098	0.01310	0.01106	0.00806	0.10344	0.05722	0.12238	0.08820	0.06216	0.07344	0.30114	0.02006	0.00416	0.06189	0.00982	0.00598	0.00754

[dist]
# distance from previous block
# <min> <max>
3	283

[block]
# block no. 3 follows, 29 sequences, length 22
# corresponding to MSA columns:
# 1105-1126
name=unknown_D
#
# <colnr> <probs for GDERKNQSTAVLIFYWHMCP>
#	G	D	E	R	K	N	Q	S	T	A	V	L	I	F	Y	W	H	M	C	P
0	0.01746	0.09535	0.07684	0.12778	0.10233	0.08770	0.11025	0.06860	0.06320	0.02290	0.01634	0.03954	0.01387	0.00806	0.00698	0.00214	0.00883	0.04513	0.01936	0.06734
1	0.01596	0.03644	0.61862	0.02003	0.02962	0.11240	0.02460	0.02335	0.01573	0.02185	0.01254	0.01474	0.00904	0.00684	0.00672	0.00220	0.01084	0.00517	0.00310	0.01021
2	0.02051	0.01670	0.01852	0.01716	0.07451	0.04292	0.01262	0.20970	0.32403	0.05846	0.06413	0.02361	0.01971	0.00928	0.00780	0.00227	0.03424	0.00744	0.00665	0.02977
3	0.00921	0.00682	0.00941	0.06436	0.01329	0.00666	0.00762	0.01099	0.01451	0.01950	0.12182	0.60193	0.04682	0.02017	0.00885	0.00277	0.00444	0.01825	0.00651	0.00606
4	0.01803	0.01418	0.01672	0.03452	0.01751	0.06911	0.02514	0.13080	0.01710	0.09004	0.02102	0.06425	0.05775	0.08105	0.05093	0.07165	0.17900	0.02814	0.00506	0.00799
5	0.00884	0.00632	0.00845	0.01010	0.01059	0.00593	0.00690	0.01020	0.01380	0.01836	0.03915	0.70560	0.04673	0.02215	0.00913	0.00291	0.00428	0.05811	0.00661	0.00583
6	0.20776	0.01650	0.06251	0.01330	0.01793	0.01684	0.01131	0.22683	0.17868	0.03335	0.01996	0.07240	0.01615	0.00922	0.00646	0.00225	0.00633	0.00714	0.06524	0.00986
7	0.00975	0.00702	0.00895	0.00965	0.01051	0.00662	0.00651	0.01099	0.01289	0.01750	0.03182	0.44790	0.03710	0.20281	0.05789	0.00427	0.00589	0.04129	0.00569	0.06494
8	0.01452	0.03446	0.62973	0.02080	0.03048	0.01695	0.06585	0.02224	0.01489	0.02224	0.01267	0.01532	0.00915	0.00706	0.00787	0.00232	0.05458	0.00551	0.00305	0.01030
9	0.01428	0.03683	0.71286	0.02030	0.03082	0.01654	0.02631	0.02255	0.01503	0.02255	0.01278	0.01503	0.00902	0.00677	0.00677	0.00226	0.01052	0.00526	0.00301	0.01052
10	0.02721	0.01494	0.01769	0.01408	0.01928	0.01527	0.01146	0.20444	0.18753	0.37068	0.02544	0.02294	0.01719	0.00895	0.00717	0.00224	0.00642	0.00718	0.00799	0.01191
11	0.01217	0.00736	0.00890	0.00894	0.00980	0.00730	0.00606	0.01337	0.01257	0.06409	0.02565	0.09694	0.02716	0.43261	0.06703	0.00553	0.00691	0.08217	0.09985	0.00561
12	0.01027	0.00687	0.00779	0.00788	0.00790	0.00684	0.00444	0.01033	0.01053	0.01404	0.02332	0.08343	0.02701	0.71139	0.03481	0.00669	0.00676	0.01088	0.00444	0.00439
13	0.00868	0.00620	0.00826	0.00991	0.01033	0.00578	0.00661	0.00991	0.01363	0.01818	0.03925	0.74510	0.04710	0.02231	0.00909	0.00289	0.00413	0.02024	0.00661	0.00578
14	0.06128	0.01279	0.03959	0.01318	0.01676	0.01250	0.01112	0.13427	0.01961	0.20993	0.07241	0.10967	0.02615	0.01269	0.00893	0.00252	0.06127	0.13097	0.03515	0.00922
15	0.01327	0.01226	0.04335	0.06742	0.06882	0.04675	0.01129	0.04587	0.04203	0.01956	0.05934	0.02893	0.01985	0.15404	0.29951	0.00675	0.04147	0.00788	0.00430	0.00730
16	0.28004	0.01661	0.15835	0.01234	0.01718	0.01312	0.01185	0.02102	0.04193	0.11096	0.01893	0.02282	0.04421	0.08585	0.11251	0.00402	0.00865	0.00642	0.00479	0.00841
17	0.00926	0.00697	0.00925	0.01032	0.01090	0.00697	0.00718	0.01072	0.01412	0.01905	0.09579	0.60771	0.07333	0.02079	0.00997	0.00283	0.05392	0.01844	0.00648	0.00601
18	0.31571	0.06454	0.01942	0.04049	0.16159	0.22566	0.01323	0.04349	0.01621	0.02494	0.01126	0.01358	0.00916	0.00681	0.00572	0.00204	0.00860	0.00474	0.00397	0.00884
19	0.01228	0.00681	0.00728	0.00716	0.00887	0.00661	0.00537	0.01550	0.01611	0.02647	0.16810	0.03496	0.07505	0.01027	0.00593	0.00183	0.00335	0.00851	0.57294	0.00661
20	0.00866	0.00625	0.00821	0.00978	0.01029	0.00580	0.00655	0.00993	0.01376	0.01823	0.04088	0.71145	0.07969	0.02210	0.00906	0.00287	0.00411	0.01998	0.00661	0.00580
21	0.01683	0.11736	0.14345	0.06517	0.13379	0.07215	0.19144	0.02155	0.01564	0.02113	0.01357	0.01740	0.01086	0.00852	0.03341	0.00248	0.04274	0.00630	0.05688	0.00935

[dist]
# distance from previous block
# <min> <max>
0	8

[block]
# block no. 4 follows, 29 sequences, length 67
# corresponding to MSA columns:
# 1466-1479,1486-1517,1538-1543,1548-1562
name=unknown_E
#
# <colnr> <probs for GDERKNQSTAVLIFYWHMCP>
#	G	D	E	R	K	N	Q	S	T	A	V	L	I	F	Y	W	H	M	C	P
0	0.01251	0.01145	0.07180	0.04864	0.05035	0.00965	0.01018	0.06599	0.01729	0.03896	0.17999	0.16486	0.13661	0.06204	0.03002	0.00293	0.00588	0.03026	0.04316	0.00743
1	0.00993	0.00675	0.00877	0.00997	0.01087	0.00626	0.00699	0.01142	0.01427	0.04685	0.04108	0.56062	0.10726	0.05238	0.01018	0.00302	0.00450	0.07621	0.00660	0.00607
2	0.02265	0.16856	0.05667	0.03628	0.02275	0.12448	0.04762	0.28513	0.11412	0.03032	0.01591	0.01668	0.01210	0.00778	0.00657	0.00203	0.00861	0.00589	0.00534	0.01052
3	0.01212	0.01194	0.08401	0.01063	0.01350	0.02719	0.00899	0.03613	0.06598	0.02023	0.06435	0.07863	0.24396	0.04860	0.04885	0.14702	0.00631	0.01035	0.03281	0.02840
4	0.01689	0.12901	0.15089	0.02116	0.13790	0.10860	0.08747	0.03924	0.01616	0.02095	0.01800	0.07664	0.04375	0.04586	0.00862	0.00236	0.02335	0.00744	0.03670	0.00900
5	0.06146	0.14083	0.34598	0.01752	0.02507	0.10984	0.03723	0.07838	0.01733	0.05212	0.01404	0.01741	0.01099	0.00748	0.00647	0.00212	0.00957	0.03237	0.00393	0.00987
6	0.01516	0.00850	0.01084	0.01036	0.01243	0.00804	0.00773	0.01764	0.03429	0.16102	0.06330	0.18835	0.03107	0.17648	0.04398	0.00382	0.00607	0.09709	0.06427	0.03955
7	0.01117	0.00635	0.00908	0.00938	0.00972	0.00617	0.00636	0.01004	0.01190	0.01612	0.12093	0.19402	0.02856	0.02266	0.02060	0.49234	0.00529	0.01044	0.00461	0.00425
8	0.01843	0.05223	0.17202	0.05329	0.12680	0.08915	0.11478	0.05145	0.06819	0.07706	0.01712	0.06807	0.01408	0.00839	0.00782	0.00227	0.03721	0.00728	0.00445	0.00991
9	0.01429	0.01368	0.11238	0.04397	0.06190	0.01133	0.01241	0.04606	0.01547	0.08497	0.07124	0.18287	0.03916	0.06604	0.09637	0.00386	0.06014	0.02832	0.02756	0.00799
10	0.01522	0.00844	0.00999	0.00907	0.01050	0.00829	0.00606	0.04633	0.01364	0.14066	0.02315	0.03888	0.02284	0.49553	0.05115	0.00556	0.00692	0.00919	0.07225	0.00634
11	0.01737	0.01377	0.05040	0.04990	0.12763	0.04276	0.01193	0.11738	0.01818	0.07085	0.02109	0.10862	0.01817	0.00968	0.00699	0.00210	0.02494	0.00805	0.27136	0.00880
12	0.01932	0.05543	0.22723	0.04606	0.22349	0.11110	0.04870	0.04179	0.05112	0.08630	0.01501	0.01712	0.01131	0.00705	0.00686	0.00214	0.00942	0.00594	0.00413	0.01049
13	0.01467	0.03563	0.09841	0.01330	0.01713	0.03047	0.03980	0.07360	0.09502	0.05916	0.11566	0.13221	0.15671	0.01474	0.03832	0.00277	0.03715	0.01084	0.00599	0.00842
14	0.02126	0.28577	0.03089	0.02098	0.10118	0.27779	0.12436	0.02422	0.01714	0.01874	0.01145	0.01394	0.00967	0.00656	0.00616	0.00185	0.01034	0.00514	0.00342	0.00914
15	0.01631	0.01944	0.14883	0.09136	0.23412	0.01572	0.07723	0.04849	0.05614	0.02370	0.01411	0.01728	0.01111	0.00670	0.00724	0.00202	0.02909	0.00599	0.00390	0.17121
16	0.05204	0.18212	0.02407	0.07609	0.08460	0.13092	0.04150	0.08458	0.01653	0.02121	0.01312	0.01704	0.01125	0.01571	0.13649	0.00374	0.07075	0.00571	0.00382	0.00873
17	0.01036	0.00690	0.00777	0.00777	0.00777	0.00690	0.00431	0.01036	0.01036	0.01381	0.02244	0.04660	0.02589	0.74975	0.03624	0.00690	0.00690	0.01036	0.00431	0.00431
18	0.01037	0.00778	0.00955	0.00997	0.03310	0.00693	0.00703	0.01262	0.01650	0.04069	0.21380	0.19230	0.27842	0.04827	0.00957	0.00261	0.00423	0.04397	0.00666	0.04563
19	0.01674	0.02229	0.22311	0.02100	0.02813	0.01622	0.25815	0.12264	0.01840	0.02594	0.01726	0.02017	0.03960	0.00916	0.03722	0.00257	0.01002	0.00708	0.04364	0.06065
20	0.01888	0.04929	0.02329	0.05255	0.30954	0.16132	0.01653	0.06424	0.01712	0.02210	0.01438	0.04662	0.01266	0.01011	0.03975	0.00256	0.07926	0.00651	0.04381	0.00950
21	0.00982	0.00728	0.01062	0.01098	0.01207	0.00809	0.00828	0.01210	0.01233	0.01744	0.05371	0.19469	0.02674	0.04452	0.52568	0.00906	0.01493	0.01077	0.00464	0.00624
22	0.05830	0.00944	0.01188	0.01012	0.01351	0.00851	0.00799	0.02141	0.01924	0.28622	0.31516	0.04240	0.14168	0.01250	0.00773	0.00225	0.00453	0.01057	0.00785	0.00871
23	0.02126	0.01083	0.01370	0.01136	0.01512	0.01026	0.00905	0.07988	0.06379	0.31408	0.28639	0.03506	0.03655	0.01103	0.00753	0.00220	0.00500	0.00933	0.04788	0.00971
24	0.01018	0.00758	0.01121	0.01121	0.01239	0.00877	0.00860	0.01256	0.01137	0.01635	0.01929	0.02918	0.01833	0.09857	0.67708	0.01115	0.01828	0.00781	0.00385	0.00623
25	0.01250	0.01115	0.01528	0.01410	0.01470	0.01401	0.01126	0.01438	0.01330	0.01913	0.11597	0.15899	0.06191	0.04118	0.05621	0.00351	0.35809	0.05253	0.00486	0.00693
26	0.01127	0.00925	0.01355	0.01292	0.01393	0.01153	0.01026	0.01361	0.01133	0.01665	0.01709	0.02545	0.01608	0.04507	0.57948	0.00975	0.16509	0.00734	0.00367	0.00665
27	0.00974	0.00672	0.00829	0.00900	0.00929	0.00662	0.00572	0.01048	0.01193	0.01595	0.02944	0.31912	0.03436	0.40250	0.05835	0.00542	0.00641	0.04031	0.00527	0.00508
28	0.01536	0.01461	0.02481	0.41729	0.34945	0.01632	0.02073	0.01987	0.01514	0.02051	0.01299	0.01836	0.01031	0.00676	0.00709	0.00225	0.00902	0.00634	0.00333	0.00945
29	0.02674	0.01869	0.02041	0.01579	0.02126	0.02040	0.01298	0.59737	0.03152	0.10198	0.01897	0.04767	0.01403	0.00914	0.00721	0.00217	0.00753	0.00705	0.00725	0.01185
30	0.01735	0.01664	0.02841	0.08839	0.66276	0.01685	0.02172	0.02162	0.01609	0.02293	0.01335	0.01771	0.01116	0.00639	0.00705	0.00213	0.00853	0.00634	0.00350	0.01106
31	0.39201	0.02043	0.01456	0.01306	0.01688	0.27401	0.02701	0.02299	0.01541	0.02520	0.01199	0.01427	0.00969	0.00917	0.03844	0.00245	0.00881	0.00465	0.07115	0.00781
32	0.01228	0.00624	0.00937	0.00937	0.00942	0.00630	0.00630	0.00942	0.00937	0.01254	0.01265	0.02191	0.01260	0.02594	0.05684	0.76015	0.00672	0.00624	0.00312	0.00323
33	0.00963	0.00726	0.00889	0.00848	0.01036	0.00653	0.00636	0.01256	0.01909	0.02602	0.53008	0.05737	0.24027	0.01550	0.00840	0.00228	0.00343	0.01346	0.00750	0.00653
34	0.00945	0.00725	0.00865	0.00830	0.01025	0.00645	0.00623	0.01222	0.01868	0.02504	0.46427	0.05897	0.30669	0.01587	0.00840	0.00230	0.00345	0.01369	0.00738	0.00645
35	0.01735	0.01664	0.02841	0.08839	0.66276	0.01685	0.02172	0.02162	0.01609	0.02293	0.01335	0.01771	0.01116	0.00639	0.00705	0.00213	0.00853	0.00634	0.00350	0.01106
36	0.02164	0.01664	0.01828	0.01408	0.01961	0.01698	0.01142	0.39575	0.06839	0.03568	0.01754	0.05320	0.01396	0.00826	0.00664	0.00185	0.00669	0.00651	0.00618	0.26070
37	0.80005	0.01377	0.01047	0.00936	0.01377	0.01597	0.00771	0.02093	0.01212	0.03195	0.00991	0.01157	0.00771	0.00661	0.00441	0.00220	0.00551	0.00386	0.00441	0.00771
38	0.00948	0.00730	0.00848	0.00912	0.01062	0.00669	0.00646	0.04348	0.01570	0.01994	0.05176	0.42872	0.31670	0.01985	0.00871	0.00265	0.00410	0.01740	0.00664	0.00619
39	0.01748	0.01677	0.02864	0.06795	0.68224	0.01688	0.02178	0.02172	0.01614	0.02308	0.01337	0.01767	0.01122	0.00637	0.00705	0.00212	0.00850	0.00634	0.00351	0.01116
40	0.01101	0.00800	0.00895	0.00888	0.00936	0.03245	0.00566	0.01177	0.01113	0.01507	0.02134	0.04054	0.02323	0.54185	0.18137	0.00748	0.00958	0.00941	0.03793	0.00499
41	0.73329	0.01363	0.01099	0.00965	0.01415	0.01550	0.00795	0.02213	0.01284	0.09090	0.01149	0.01267	0.00857	0.00680	0.00465	0.00220	0.00556	0.00414	0.00479	0.00809
42	0.70948	0.01375	0.01101	0.00969	0.01407	0.01576	0.00796	0.05431	0.01352	0.04947	0.01128	0.01278	0.00862	0.00683	0.00464	0.00218	0.00555	0.00418	0.03694	0.00800
43	0.02010	0.56571	0.03222	0.01323	0.01863	0.17253	0.01218	0.02226	0.01575	0.01702	0.01323	0.01456	0.04366	0.00695	0.00515	0.00163	0.00851	0.00453	0.00335	0.00880
44	0.01034	0.00696	0.00807	0.00807	0.00818	0.00707	0.00469	0.01055	0.01045	0.01403	0.02216	0.04506	0.02522	0.69209	0.09299	0.00728	0.00791	0.01013	0.00427	0.00448
45	0.00877	0.00632	0.00831	0.00974	0.01032	0.00586	0.00657	0.01018	0.01420	0.01896	0.08786	0.66827	0.07511	0.02158	0.00901	0.00283	0.00405	0.01951	0.00670	0.00586
46	0.00860	0.00650	0.00795	0.00911	0.01012	0.00585	0.00625	0.01001	0.01441	0.01849	0.04908	0.54286	0.24299	0.02103	0.00889	0.00275	0.00397	0.01868	0.00661	0.00585
47	0.01017	0.00763	0.01144	0.01144	0.01272	0.00890	0.00890	0.01272	0.01144	0.01653	0.01907	0.02797	0.01780	0.05340	0.72153	0.01144	0.01907	0.00763	0.00381	0.00636
48	0.01714	0.01676	0.02957	0.10715	0.57309	0.01693	0.09098	0.02161	0.01609	0.02274	0.01343	0.01792	0.01106	0.00638	0.00720	0.00217	0.00893	0.00656	0.00350	0.01079
49	0.01674	0.08362	0.11930	0.06669	0.21460	0.01830	0.33207	0.02216	0.01610	0.02214	0.01346	0.01759	0.01050	0.00625	0.00744	0.00223	0.01037	0.00697	0.00344	0.01004
50	0.73206	0.01431	0.01142	0.00998	0.01450	0.01651	0.00822	0.07904	0.01400	0.03309	0.01055	0.01205	0.00810	0.00678	0.00465	0.00220	0.00571	0.00408	0.00465	0.00810
51	0.01477	0.01266	0.01477	0.01055	0.01687	0.00949	0.00844	0.01793	0.01477	0.02320	0.01266	0.01477	0.01055	0.00527	0.00527	0.00105	0.00527	0.00422	0.00422	0.79328
52	0.04531	0.01493	0.05022	0.21285	0.02964	0.01373	0.11239	0.05175	0.01651	0.12258	0.01526	0.01796	0.01123	0.00666	0.00664	0.00192	0.00789	0.00598	0.00459	0.25195
53	0.01076	0.00787	0.01027	0.00965	0.01018	0.00815	0.03370	0.01156	0.01153	0.01572	0.06779	0.07220	0.02755	0.55130	0.08387	0.00640	0.04142	0.01046	0.00452	0.00508
54	0.01174	0.00990	0.01142	0.01125	0.01245	0.07445	0.00831	0.01363	0.01201	0.01599	0.01909	0.03081	0.01884	0.20765	0.49926	0.00952	0.01573	0.00797	0.00391	0.00607
55	0.01558	0.01558	0.02181	0.01869	0.01869	0.02181	0.01558	0.01714	0.01091	0.01714	0.00935	0.01558	0.00935	0.01246	0.02337	0.00312	0.73672	0.00623	0.00312	0.00779
56	0.03167	0.01256	0.01680	0.01288	0.01840	0.01112	0.01064	0.07140	0.02112	0.67252	0.02747	0.02383	0.01731	0.00880	0.00716	0.00220	0.00616	0.00712	0.00872	0.01212
57	0.02627	0.05041	0.02177	0.01611	0.02175	0.02212	0.01337	0.62193	0.06549	0.04295	0.01739	0.01733	0.01246	0.00850	0.00702	0.00213	0.00772	0.00638	0.00696	0.01194
58	0.01031	0.00740	0.01030	0.01030	0.01123	0.00829	0.00753	0.01218	0.01124	0.01607	0.02012	0.03305	0.02004	0.24352	0.51281	0.00992	0.01528	0.00835	0.02627	0.00580
59	0.01009	0.00735	0.00845	0.00832	0.01042	0.00640	0.00618	0.01230	0.01719	0.05641	0.23958	0.14990	0.40741	0.01716	0.00844	0.00241	0.00373	0.01472	0.00706	0.00648
60	0.00992	0.00727	0.00930	0.00879	0.01054	0.00665	0.00660	0.01314	0.01979	0.02768	0.64251	0.05463	0.12680	0.01488	0.00840	0.00226	0.00338	0.01308	0.00772	0.00665
61	0.01015	0.00859	0.00953	0.01068	0.04508	0.03811	0.00714	0.01191	0.01538	0.01926	0.09489	0.25638	0.31731	0.08670	0.01111	0.00295	0.00480	0.03761	0.00620	0.00622
62	0.01036	0.00816	0.00927	0.00885	0.01108	0.00761	0.00666	0.03687	0.06216	0.02453	0.32003	0.09149	0.34481	0.01597	0.00832	0.00235	0.00381	0.01366	0.00717	0.00684
63	0.01732	0.24043	0.12918	0.02294	0.12562	0.02001	0.20608	0.05466	0.01672	0.02253	0.04727	0.01785	0.01320	0.00680	0.00667	0.00203	0.00908	0.00636	0.02549	0.00974
64	0.01294	0.00918	0.01189	0.04433	0.04270	0.00870	0.00840	0.01718	0.05964	0.07059	0.40371	0.04237	0.08108	0.03582	0.00857	0.00227	0.00447	0.01056	0.04624	0.07937
65	0.01436	0.01301	0.04245	0.01331	0.04984	0.08040	0.01000	0.04451	0.01732	0.05387	0.19033	0.15110	0.06087	0.01704	0.08288	0.00315	0.00732	0.03117	0.00582	0.11124
66	0.08667	0.22347	0.07298	0.04536	0.02268	0.26046	0.05692	0.08604	0.01810	0.02176	0.01189	0.01410	0.00973	0.00854	0.03111	0.00223	0.01021	0.00496	0.00382	0.00898

[dist]
# distance from previous block
# <min> <max>
2	15

[block]
# block no. 5 follows, 29 sequences, length 19
# corresponding to MSA columns:
# 1578-1596
name=unknown_F
#
# <colnr> <probs for GDERKNQSTAVLIFYWHMCP>
#	G	D	E	R	K	N	Q	S	T	A	V	L	I	F	Y	W	H	M	C	P
0	0.01922	0.15856	0.09290	0.04304	0.02181	0.06610	0.03597	0.15952	0.21181	0.02773	0.05558	0.04220	0.01765	0.00874	0.00676	0.00214	0.00763	0.00698	0.00549	0.01017
1	0.01632	0.01171	0.01284	0.01264	0.03977	0.10278	0.00894	0.03800	0.01420	0.07523	0.05085	0.02742	0.03573	0.01912	0.04010	0.39948	0.00740	0.05376	0.00443	0.02928
2	0.08280	0.03094	0.01642	0.01852	0.15675	0.12294	0.01181	0.02077	0.10543	0.02250	0.06665	0.08408	0.11654	0.03809	0.03734	0.00282	0.00749	0.04454	0.00521	0.00836
3	0.02090	0.09996	0.14334	0.06532	0.10308	0.21412	0.01689	0.13905	0.03612	0.02424	0.01307	0.01526	0.01028	0.00739	0.00717	0.00203	0.03780	0.00539	0.00413	0.03445
4	0.00912	0.00661	0.00816	0.00922	0.00993	0.00617	0.00621	0.01031	0.01353	0.01763	0.04104	0.46087	0.14734	0.16823	0.01450	0.00364	0.00473	0.05104	0.00614	0.00556
5	0.01299	0.01097	0.01706	0.02002	0.18461	0.01086	0.06137	0.01572	0.01538	0.04158	0.06537	0.19548	0.13807	0.05911	0.01084	0.00283	0.04634	0.07819	0.00542	0.00780
6	0.55840	0.01383	0.01177	0.01037	0.01458	0.01584	0.00841	0.08121	0.09944	0.03231	0.01421	0.01537	0.01086	0.00732	0.00506	0.00217	0.00552	0.00487	0.08001	0.00844
7	0.00992	0.00766	0.01021	0.01084	0.01127	0.00820	0.00764	0.01128	0.01353	0.01855	0.09360	0.51353	0.04163	0.09061	0.01363	0.00325	0.10595	0.01667	0.00601	0.00600
8	0.01973	0.07514	0.19704	0.01963	0.02558	0.30907	0.13213	0.02405	0.01767	0.02031	0.05803	0.01756	0.01354	0.00881	0.02932	0.00235	0.01135	0.00602	0.00373	0.00895
9	0.01345	0.01266	0.02136	0.73264	0.04904	0.01582	0.01978	0.01819	0.01424	0.01819	0.01266	0.01898	0.00949	0.00712	0.00712	0.00237	0.00949	0.00633	0.00316	0.00791
10	0.00929	0.00684	0.00876	0.00965	0.01081	0.00632	0.00702	0.01134	0.01585	0.02106	0.19408	0.40249	0.15449	0.01957	0.00892	0.00271	0.00416	0.09364	0.00688	0.00612
11	0.05832	0.01326	0.01601	0.01255	0.01750	0.01290	0.01029	0.18598	0.02239	0.42537	0.02404	0.02237	0.01601	0.00859	0.00673	0.00211	0.00606	0.00678	0.12160	0.01115
12	0.01465	0.03444	0.62984	0.02044	0.03035	0.01670	0.06115	0.02358	0.06006	0.02304	0.01394	0.01603	0.00996	0.00692	0.00689	0.00227	0.01028	0.00562	0.00332	0.01052
13	0.02068	0.01796	0.01720	0.01497	0.01920	0.10297	0.01173	0.14577	0.45551	0.05193	0.02456	0.02322	0.01833	0.00912	0.00705	0.00227	0.00682	0.00728	0.03254	0.01092
14	0.02310	0.01367	0.01595	0.01314	0.01757	0.01415	0.01054	0.16039	0.21436	0.26000	0.11563	0.02745	0.02433	0.00974	0.00724	0.00223	0.00580	0.00800	0.04581	0.01089
15	0.17395	0.14227	0.02033	0.07097	0.08541	0.01602	0.01196	0.05991	0.01755	0.25789	0.06288	0.02005	0.01598	0.00791	0.00624	0.00209	0.00664	0.00613	0.00585	0.00998
16	0.01762	0.01692	0.02890	0.04371	0.70533	0.01692	0.02185	0.02185	0.01621	0.02326	0.01339	0.01762	0.01128	0.00634	0.00705	0.00211	0.00846	0.00634	0.00352	0.01128
17	0.01547	0.21279	0.46700	0.01851	0.02732	0.01913	0.06927	0.02189	0.01523	0.02138	0.04077	0.01602	0.01159	0.00687	0.00641	0.00208	0.00961	0.00544	0.00326	0.00995
18	0.00940	0.00701	0.00887	0.00929	0.01071	0.00648	0.00684	0.01175	0.01670	0.02239	0.28982	0.26917	0.19090	0.01965	0.03832	0.00293	0.00453	0.06203	0.00694	0.00626

[dist]
# distance from previous block
# <min> <max>
0	3

[block]
# block no. 6 follows, 29 sequences, length 8
# corresponding to MSA columns:
# 1600,1601,1604-1606,1616-1618
name=unknown_G
#
# <colnr> <probs for GDERKNQSTAVLIFYWHMCP>
#	G	D	E	R	K	N	Q	S	T	A	V	L	I	F	Y	W	H	M	C	P
0	0.00904	0.00654	0.00863	0.01016	0.01089	0.00613	0.00719	0.01060	0.01420	0.01868	0.04136	0.60592	0.09263	0.02164	0.00914	0.00291	0.00443	0.10739	0.00660	0.00591
1	0.00880	0.00695	0.00776	0.00817	0.00974	0.00621	0.00577	0.01029	0.01465	0.01820	0.05543	0.23098	0.42581	0.10572	0.04969	0.00353	0.00494	0.01538	0.00620	0.00578
2	0.01456	0.00756	0.00922	0.00909	0.01107	0.00699	0.00669	0.01688	0.01575	0.15016	0.05731	0.29511	0.08516	0.01455	0.00729	0.00229	0.00415	0.01263	0.26622	0.00730
3	0.01705	0.05495	0.21414	0.07057	0.03057	0.07374	0.25055	0.06785	0.05112	0.02315	0.01463	0.01808	0.01117	0.01012	0.05802	0.00290	0.01121	0.00671	0.00383	0.00963
4	0.01094	0.00745	0.00915	0.00883	0.01083	0.00664	0.00658	0.01350	0.01809	0.07271	0.37366	0.15185	0.25071	0.01627	0.00841	0.00238	0.00373	0.01414	0.00737	0.00676
5	0.01517	0.04774	0.06461	0.01642	0.06779	0.11338	0.04566	0.02095	0.12778	0.02160	0.05520	0.13940	0.11850	0.01280	0.00846	0.00243	0.03979	0.06858	0.00541	0.00833
6	0.06511	0.01157	0.01785	0.06761	0.08960	0.01189	0.10150	0.06399	0.01421	0.02071	0.01546	0.03926	0.01405	0.07269	0.08773	0.21116	0.00870	0.00709	0.03328	0.04655
7	0.01563	0.07419	0.06924	0.01300	0.01922	0.01266	0.05350	0.06363	0.01609	0.02375	0.01467	0.06475	0.01294	0.00688	0.00591	0.00147	0.00637	0.00577	0.00436	0.51597

[dist]
# distance from previous block
# <min> <max>
3	9

[block]
# block no. 7 follows, 29 sequences, length 19
# corresponding to MSA columns:
# 1628-1646
name=unknown_H
#
# <colnr> <probs for GDERKNQSTAVLIFYWHMCP>
#	G	D	E	R	K	N	Q	S	T	A	V	L	I	F	Y	W	H	M	C	P
0	0.05369	0.01495	0.07881	0.09981	0.02054	0.06987	0.03369	0.06636	0.06060	0.03726	0.03993	0.12474	0.10015	0.03312	0.10057	0.00361	0.00870	0.00947	0.03616	0.00798
1	0.05590	0.05215	0.01583	0.01313	0.03945	0.04347	0.01007	0.18537	0.04639	0.02732	0.02879	0.08210	0.15300	0.01275	0.03525	0.00248	0.04235	0.00873	0.05866	0.08680
2	0.01242	0.00961	0.01177	0.01047	0.01346	0.00896	0.00797	0.06345	0.01534	0.02186	0.05339	0.16283	0.08764	0.04871	0.18398	0.00444	0.00840	0.00988	0.03251	0.23291
3	0.01748	0.15521	0.17771	0.07371	0.05872	0.07160	0.01593	0.07500	0.06067	0.04950	0.02160	0.02291	0.10055	0.00897	0.00785	0.00217	0.05986	0.00677	0.00441	0.00939
4	0.01758	0.17917	0.04469	0.08387	0.01993	0.11374	0.01185	0.07059	0.01721	0.06520	0.07379	0.04080	0.05730	0.03120	0.09991	0.00335	0.00921	0.02023	0.03207	0.00832
5	0.00882	0.00659	0.00789	0.00884	0.00979	0.00600	0.00596	0.01006	0.01397	0.01792	0.04672	0.45590	0.23676	0.11537	0.01241	0.00327	0.00434	0.01743	0.00631	0.00566
6	0.07198	0.01766	0.05081	0.01828	0.08190	0.07575	0.08219	0.18790	0.04522	0.08577	0.01724	0.02173	0.01399	0.10415	0.01159	0.00281	0.04957	0.00688	0.04504	0.00952
7	0.01679	0.11719	0.21977	0.07310	0.18921	0.01706	0.04363	0.06687	0.01614	0.04789	0.01473	0.02021	0.01241	0.10310	0.01050	0.00273	0.00881	0.00634	0.00385	0.00967
8	0.01042	0.00710	0.00847	0.00870	0.00956	0.00681	0.00577	0.01147	0.01305	0.03795	0.06955	0.17629	0.14282	0.37032	0.05808	0.00513	0.00626	0.04135	0.00550	0.00542
9	0.01779	0.01411	0.01704	0.05249	0.11960	0.03767	0.02776	0.10765	0.21813	0.05240	0.04483	0.02596	0.05355	0.00901	0.00682	0.00214	0.00626	0.00759	0.16947	0.00973
10	0.00946	0.00725	0.00866	0.00831	0.01026	0.00645	0.00623	0.01223	0.01869	0.02507	0.46630	0.05892	0.30463	0.01586	0.00840	0.00230	0.00345	0.01368	0.00738	0.00645
11	0.05612	0.01769	0.04796	0.19072	0.09979	0.10188	0.04466	0.11505	0.06146	0.02549	0.10325	0.02201	0.01821	0.00865	0.00817	0.00227	0.05573	0.00701	0.00476	0.00913
12	0.01472	0.03425	0.62418	0.02333	0.11827	0.01659	0.02573	0.02246	0.01519	0.02264	0.01286	0.01537	0.00931	0.00671	0.00680	0.00224	0.01026	0.00540	0.00307	0.01062
13	0.01418	0.01121	0.01198	0.01146	0.01403	0.04709	0.00869	0.04397	0.18938	0.06324	0.13624	0.20815	0.14972	0.01507	0.00812	0.00249	0.00513	0.04482	0.00694	0.00811
14	0.01045	0.00717	0.00870	0.00884	0.01040	0.00647	0.00628	0.01236	0.01612	0.06006	0.21642	0.26274	0.23719	0.09015	0.01129	0.00294	0.00417	0.01513	0.00682	0.00630
15	0.01157	0.00798	0.01032	0.00988	0.01181	0.00746	0.00743	0.01326	0.01451	0.04334	0.14167	0.09235	0.11675	0.08940	0.12134	0.10766	0.00719	0.07971	0.00550	0.10086
16	0.01459	0.01363	0.02235	0.41146	0.18556	0.01523	0.05556	0.05190	0.01605	0.02106	0.02085	0.02503	0.09993	0.00837	0.00735	0.00231	0.00856	0.00758	0.00392	0.00871
17	0.01323	0.01229	0.02012	0.56864	0.04134	0.01551	0.01795	0.01738	0.01355	0.01787	0.01316	0.01981	0.01056	0.01365	0.10135	0.00362	0.08254	0.00649	0.00324	0.00770
18	0.01268	0.00945	0.01153	0.01197	0.05008	0.04480	0.00781	0.01214	0.01156	0.01497	0.02237	0.03281	0.10476	0.20549	0.02475	0.32697	0.07863	0.00833	0.00392	0.00497

[dist]
# distance from previous block
# <min> <max>
0	30

# created by:
# /home/cegg/simao/soft/augustus-3.2.1/scripts/msa2prfl.pl ./align_prep/EOG090W0A21.fa
