[name]
unknown

[dist]
# distance from previous block
# <min> <max>
0	137

[block]
# block no. 0 follows, 37 sequences, length 101
# corresponding to MSA columns:
# 137-237
name=unknown_A
#
# <colnr> <probs for GDERKNQSTAVLIFYWHMCP>
#	G	D	E	R	K	N	Q	S	T	A	V	L	I	F	Y	W	H	M	C	P
0	0.01279	0.00913	0.01290	0.04053	0.01444	0.01070	0.01002	0.04102	0.01235	0.10135	0.01872	0.03057	0.01762	0.02467	0.29411	0.00526	0.17431	0.15868	0.00425	0.00657
1	0.00879	0.00616	0.00796	0.00801	0.00846	0.00659	0.00536	0.00970	0.00938	0.01294	0.01865	0.06048	0.02013	0.46074	0.32289	0.00738	0.01004	0.00827	0.00361	0.00446
2	0.02195	0.01704	0.01916	0.01479	0.01952	0.03585	0.05588	0.60387	0.07344	0.03544	0.01494	0.01523	0.01077	0.00733	0.00651	0.00188	0.02487	0.00567	0.00579	0.01006
3	0.82811	0.01184	0.00900	0.00805	0.01184	0.01373	0.00663	0.01799	0.01042	0.02746	0.00852	0.00994	0.00663	0.00568	0.00379	0.00189	0.00474	0.00331	0.00379	0.00663
4	0.00746	0.00533	0.00710	0.00852	0.00888	0.00497	0.00568	0.00852	0.01172	0.01563	0.03374	0.78088	0.04049	0.01918	0.00781	0.00249	0.00355	0.01740	0.00568	0.00497
5	0.01257	0.08572	0.70166	0.01695	0.02572	0.01493	0.02175	0.01931	0.01289	0.01903	0.01081	0.01270	0.00776	0.00577	0.00568	0.00189	0.00887	0.00443	0.00259	0.00896
6	0.01228	0.03166	0.75316	0.01745	0.02649	0.01422	0.02262	0.01939	0.01292	0.01939	0.01099	0.01292	0.00775	0.00582	0.00582	0.00194	0.00905	0.00452	0.00258	0.00905
7	0.02746	0.01042	0.01421	0.01089	0.01563	0.00900	0.00900	0.02983	0.01752	0.75093	0.02415	0.02083	0.01515	0.00758	0.00616	0.00189	0.00521	0.00616	0.00758	0.01042
8	0.00862	0.00626	0.00812	0.00766	0.00912	0.00576	0.00574	0.01147	0.01723	0.02431	0.72354	0.04611	0.07782	0.01260	0.00722	0.00193	0.00289	0.01112	0.00671	0.00576
9	0.00867	0.00636	0.00867	0.00867	0.00953	0.00698	0.00632	0.01020	0.00989	0.01373	0.02072	0.03121	0.07333	0.25048	0.49840	0.00815	0.01244	0.00770	0.00358	0.00495
10	0.03348	0.01113	0.01811	0.72271	0.04052	0.01380	0.01653	0.04145	0.01279	0.01678	0.01096	0.01609	0.00820	0.00615	0.00606	0.00203	0.00802	0.00539	0.00287	0.00693
11	0.02287	0.02917	0.01735	0.01577	0.01892	0.76030	0.01183	0.02444	0.01735	0.01498	0.00946	0.01104	0.00788	0.00631	0.00552	0.00158	0.01104	0.00394	0.00315	0.00710
12	0.00723	0.00620	0.00620	0.00620	0.00827	0.00517	0.00465	0.00878	0.01395	0.01654	0.06201	0.05891	0.74421	0.01550	0.00723	0.00207	0.00310	0.01292	0.00568	0.00517
13	0.04641	0.04026	0.01787	0.01540	0.06339	0.16184	0.03747	0.24985	0.22157	0.05924	0.01629	0.01633	0.01216	0.00711	0.00593	0.00185	0.00707	0.00555	0.00516	0.00924
14	0.02746	0.01042	0.01421	0.01089	0.01563	0.00900	0.00900	0.02983	0.01752	0.75093	0.02415	0.02083	0.01515	0.00758	0.00616	0.00189	0.00521	0.00616	0.00758	0.01042
15	0.01141	0.00571	0.00571	0.00571	0.00713	0.00571	0.00428	0.01426	0.01284	0.02282	0.01997	0.02282	0.01569	0.00713	0.00428	0.00143	0.00285	0.00571	0.81886	0.00571
16	0.01515	0.01454	0.02485	0.03757	0.74669	0.01454	0.01879	0.01879	0.01394	0.02000	0.01151	0.01515	0.00970	0.00545	0.00606	0.00182	0.00727	0.00545	0.00303	0.00970
17	0.01299	0.04636	0.44995	0.01990	0.02751	0.01461	0.27194	0.01904	0.01341	0.01919	0.01225	0.04236	0.00951	0.00606	0.00634	0.00199	0.00923	0.00593	0.00288	0.00858
18	0.00880	0.00589	0.00671	0.00680	0.00683	0.00587	0.00384	0.00888	0.00909	0.01212	0.02026	0.09009	0.02349	0.73316	0.02958	0.00570	0.00577	0.00948	0.00384	0.00379
19	0.02566	0.01114	0.01442	0.01119	0.01575	0.01029	0.00920	0.11263	0.04603	0.60561	0.05518	0.02129	0.01662	0.00780	0.00620	0.00190	0.00527	0.00633	0.00731	0.01018
20	0.01600	0.04115	0.12772	0.02142	0.04991	0.09274	0.37788	0.05116	0.01475	0.05352	0.01198	0.01504	0.00911	0.00613	0.00788	0.00201	0.08392	0.00604	0.00332	0.00832
21	0.01817	0.01461	0.01550	0.01305	0.01704	0.01660	0.01040	0.28658	0.47678	0.03036	0.02117	0.01986	0.01566	0.00795	0.00619	0.00199	0.00554	0.00640	0.00619	0.00995
22	0.00869	0.00633	0.00824	0.00813	0.00957	0.00588	0.00627	0.01141	0.01643	0.02280	0.57159	0.07864	0.09949	0.01358	0.00742	0.00208	0.00331	0.10798	0.00647	0.00568
23	0.01198	0.01131	0.01912	0.68482	0.12423	0.01371	0.01721	0.01601	0.01244	0.01615	0.01095	0.01618	0.00834	0.00604	0.00611	0.00201	0.00806	0.00544	0.00276	0.00714
24	0.01905	0.01505	0.01600	0.01323	0.01738	0.01701	0.01061	0.36247	0.39945	0.03178	0.02005	0.01897	0.01475	0.00785	0.00618	0.00196	0.00574	0.00625	0.00618	0.01003
25	0.02709	0.01050	0.01419	0.01094	0.01563	0.00919	0.00902	0.02991	0.03930	0.72893	0.02417	0.02090	0.01526	0.00760	0.00616	0.00190	0.00520	0.00618	0.00754	0.01040
26	0.00874	0.00656	0.00984	0.00984	0.01093	0.00765	0.00765	0.01093	0.00984	0.01421	0.01640	0.02405	0.01530	0.04591	0.76062	0.00984	0.01640	0.00656	0.00328	0.00547
27	0.82811	0.01184	0.00900	0.00805	0.01184	0.01373	0.00663	0.01799	0.01042	0.02746	0.00852	0.00994	0.00663	0.00568	0.00379	0.00189	0.00474	0.00331	0.00379	0.00663
28	0.01269	0.01088	0.01269	0.00907	0.01451	0.00816	0.00725	0.01541	0.01269	0.01995	0.01088	0.01269	0.00907	0.00453	0.00453	0.00091	0.00453	0.00363	0.00363	0.82229
29	0.02287	0.02917	0.01735	0.01577	0.01892	0.76030	0.01183	0.02444	0.01735	0.01498	0.00946	0.01104	0.00788	0.00631	0.00552	0.00158	0.01104	0.00394	0.00315	0.00710
30	0.82811	0.01184	0.00900	0.00805	0.01184	0.01373	0.00663	0.01799	0.01042	0.02746	0.00852	0.00994	0.00663	0.00568	0.00379	0.00189	0.00474	0.00331	0.00379	0.00663
31	0.00986	0.00705	0.00986	0.01127	0.01268	0.00705	0.00986	0.01268	0.01409	0.01832	0.03241	0.06905	0.03523	0.01691	0.00845	0.00282	0.00564	0.70549	0.00564	0.00564
32	0.02287	0.02917	0.01735	0.01577	0.01892	0.76030	0.01183	0.02444	0.01735	0.01498	0.00946	0.01104	0.00788	0.00631	0.00552	0.00158	0.01104	0.00394	0.00315	0.00710
33	0.01515	0.01454	0.02485	0.03757	0.74669	0.01454	0.01879	0.01879	0.01394	0.02000	0.01151	0.01515	0.00970	0.00545	0.00606	0.00182	0.00727	0.00545	0.00303	0.00970
34	0.00948	0.00692	0.00933	0.01054	0.01204	0.00677	0.00911	0.01212	0.01407	0.01806	0.03672	0.06757	0.13838	0.01671	0.00828	0.00271	0.00527	0.60472	0.00564	0.00557
35	0.00791	0.00623	0.00714	0.00691	0.00868	0.00546	0.00519	0.01010	0.01556	0.02034	0.38579	0.05265	0.41805	0.01408	0.00723	0.00200	0.00300	0.01204	0.00619	0.00546
36	0.00723	0.00620	0.00620	0.00620	0.00827	0.00517	0.00465	0.00878	0.01395	0.01654	0.06201	0.05891	0.74421	0.01550	0.00723	0.00207	0.00310	0.01292	0.00568	0.00517
37	0.02263	0.05710	0.01789	0.01557	0.01881	0.73323	0.01178	0.02422	0.01717	0.01496	0.00943	0.01099	0.00788	0.00627	0.00546	0.00157	0.01087	0.00392	0.00313	0.00712
38	0.01335	0.01404	0.04459	0.01612	0.01644	0.01859	0.01372	0.01490	0.00950	0.01490	0.00814	0.01338	0.00803	0.01054	0.01959	0.00265	0.74677	0.00533	0.00268	0.00678
39	0.00752	0.00642	0.00740	0.00727	0.00920	0.00550	0.03014	0.00912	0.01361	0.01650	0.05570	0.17405	0.60467	0.01573	0.00733	0.00213	0.00343	0.01344	0.00559	0.00524
40	0.01304	0.17270	0.61879	0.01615	0.02448	0.01608	0.02035	0.01919	0.01283	0.01846	0.01052	0.01235	0.00777	0.00571	0.00546	0.00182	0.00858	0.00429	0.00259	0.00882
41	0.01515	0.01454	0.02485	0.03757	0.74669	0.01454	0.01879	0.01879	0.01394	0.02000	0.01151	0.01515	0.00970	0.00545	0.00606	0.00182	0.00727	0.00545	0.00303	0.00970
42	0.01070	0.01044	0.02002	0.01618	0.01908	0.00996	0.31617	0.01361	0.01305	0.01767	0.05155	0.39888	0.02671	0.01261	0.00791	0.00229	0.02980	0.01240	0.00452	0.00647
43	0.00890	0.00593	0.00668	0.00668	0.00668	0.00593	0.00371	0.00890	0.00890	0.01187	0.01929	0.04006	0.02225	0.78487	0.03116	0.00593	0.00593	0.00890	0.00371	0.00371
44	0.00857	0.00625	0.00806	0.00761	0.00909	0.00574	0.00571	0.01138	0.01712	0.02405	0.70083	0.04655	0.10070	0.01270	0.00722	0.00193	0.00290	0.01119	0.00667	0.00574
45	0.01523	0.01315	0.01384	0.01246	0.01592	0.01523	0.00969	0.03253	0.73563	0.02561	0.02491	0.02284	0.01869	0.00830	0.00623	0.00208	0.00484	0.00692	0.00623	0.00969
46	0.02313	0.02125	0.01802	0.01466	0.01896	0.27212	0.01170	0.48662	0.02488	0.03052	0.01291	0.01345	0.00955	0.00699	0.00592	0.00175	0.00821	0.00498	0.00511	0.00928
47	0.01637	0.78856	0.03208	0.01047	0.01571	0.02422	0.01047	0.01833	0.01244	0.01440	0.00851	0.00982	0.00786	0.00524	0.00393	0.00131	0.00655	0.00327	0.00262	0.00786
48	0.02746	0.01042	0.01421	0.01089	0.01563	0.00900	0.00900	0.02983	0.01752	0.75093	0.02415	0.02083	0.01515	0.00758	0.00616	0.00189	0.00521	0.00616	0.00758	0.01042
49	0.34144	0.01097	0.01216	0.00978	0.01414	0.01085	0.00807	0.02519	0.01473	0.46722	0.01802	0.01656	0.01181	0.00683	0.00523	0.00189	0.00502	0.00504	0.00609	0.00893
50	0.01523	0.01315	0.01384	0.01246	0.01592	0.01523	0.00969	0.03253	0.73563	0.02561	0.02491	0.02284	0.01869	0.00830	0.00623	0.00208	0.00484	0.00692	0.00623	0.00969
51	0.00729	0.00620	0.00627	0.00626	0.00830	0.00519	0.00469	0.00889	0.01408	0.01683	0.08728	0.05842	0.71875	0.01539	0.00723	0.00206	0.00309	0.01285	0.00572	0.00519
52	0.00815	0.00643	0.00747	0.00777	0.00956	0.00575	0.00619	0.01023	0.01451	0.01824	0.15888	0.05955	0.45235	0.01541	0.00755	0.00224	0.00373	0.19476	0.00583	0.00538
53	0.01438	0.01426	0.01980	0.48385	0.16150	0.10377	0.03319	0.06363	0.01428	0.01792	0.01111	0.01538	0.00857	0.00608	0.00606	0.00193	0.00831	0.00531	0.00306	0.00761
54	0.01284	0.03088	0.72598	0.01721	0.02609	0.01402	0.02212	0.01977	0.01309	0.04629	0.01147	0.01321	0.00803	0.00588	0.00583	0.00194	0.00891	0.00458	0.00277	0.00910
55	0.00746	0.00533	0.00710	0.00852	0.00888	0.00497	0.00568	0.00852	0.01172	0.01563	0.03374	0.78088	0.04049	0.01918	0.00781	0.00249	0.00355	0.01740	0.00568	0.00497
56	0.01449	0.44170	0.36252	0.01367	0.02065	0.01964	0.01604	0.01881	0.01266	0.01669	0.00964	0.01124	0.00781	0.00550	0.00479	0.00160	0.00769	0.00385	0.00260	0.00840
57	0.00842	0.00625	0.00784	0.00745	0.00900	0.00567	0.00558	0.01108	0.01675	0.02318	0.62741	0.04797	0.17466	0.01302	0.00722	0.00195	0.00292	0.01139	0.00656	0.00567
58	0.01228	0.03166	0.75316	0.01745	0.02649	0.01422	0.02262	0.01939	0.01292	0.01939	0.01099	0.01292	0.00775	0.00582	0.00582	0.00194	0.00905	0.00452	0.00258	0.00905
59	0.01339	0.01339	0.01875	0.01607	0.01607	0.01875	0.01339	0.01473	0.00937	0.01473	0.00804	0.01339	0.00804	0.01071	0.02009	0.00268	0.77367	0.00536	0.00268	0.00670
60	0.01269	0.01088	0.01269	0.00907	0.01451	0.00816	0.00725	0.01541	0.01269	0.01995	0.01088	0.01269	0.00907	0.00453	0.00453	0.00091	0.00453	0.00363	0.00363	0.82229
61	0.02746	0.01042	0.01421	0.01089	0.01563	0.00900	0.00900	0.02983	0.01752	0.75093	0.02415	0.02083	0.01515	0.00758	0.00616	0.00189	0.00521	0.00616	0.00758	0.01042
62	0.02746	0.01042	0.01421	0.01089	0.01563	0.00900	0.00900	0.02983	0.01752	0.75093	0.02415	0.02083	0.01515	0.00758	0.00616	0.00189	0.00521	0.00616	0.00758	0.01042
63	0.01492	0.01441	0.02491	0.07930	0.67812	0.01453	0.04633	0.01864	0.01386	0.01973	0.01151	0.01527	0.00959	0.00548	0.00611	0.00184	0.00744	0.00552	0.00301	0.00947
64	0.00743	0.00543	0.00699	0.00825	0.00881	0.00500	0.00556	0.00855	0.01199	0.01573	0.03712	0.69454	0.12464	0.01874	0.00774	0.00244	0.00350	0.01687	0.00568	0.00500
65	0.00903	0.00652	0.00887	0.01019	0.01135	0.00636	0.00838	0.01129	0.01343	0.01747	0.03471	0.26299	0.08303	0.01744	0.00820	0.00268	0.00490	0.47209	0.00565	0.00542
66	0.00811	0.00624	0.00741	0.00712	0.00880	0.00554	0.00534	0.01047	0.01601	0.02142	0.47729	0.05087	0.32588	0.01368	0.00723	0.00198	0.00297	0.01179	0.00633	0.00554
67	0.00888	0.00742	0.02883	0.01100	0.01237	0.00669	0.06719	0.01096	0.01268	0.01685	0.03100	0.48574	0.03551	0.01700	0.00791	0.00254	0.00487	0.22163	0.00538	0.00554
68	0.11261	0.01057	0.01365	0.01059	0.01522	0.00950	0.00875	0.02857	0.01676	0.67399	0.02249	0.01968	0.01425	0.00737	0.00590	0.00189	0.00516	0.00585	0.00717	0.01001
69	0.02341	0.01693	0.01823	0.01398	0.01887	0.01866	0.01155	0.70350	0.02841	0.06187	0.01501	0.01490	0.01057	0.00736	0.00612	0.00184	0.00669	0.00553	0.00617	0.01041
70	0.01408	0.01966	0.20099	0.02611	0.16793	0.01501	0.42549	0.01940	0.01399	0.01963	0.01189	0.01541	0.00901	0.00537	0.00667	0.00199	0.00944	0.00626	0.00296	0.00872
71	0.00976	0.00701	0.00972	0.01107	0.01251	0.00697	0.00966	0.01253	0.01409	0.01825	0.03357	0.06865	0.06301	0.01685	0.00841	0.00279	0.00554	0.67835	0.00564	0.00562
72	0.01430	0.01620	0.03526	0.02532	0.03136	0.01520	0.70109	0.01938	0.01444	0.01957	0.01304	0.01823	0.01014	0.00554	0.00726	0.00209	0.01017	0.03006	0.00318	0.00817
73	0.01420	0.38749	0.41417	0.01417	0.02142	0.01892	0.01691	0.01889	0.01270	0.01704	0.00982	0.01146	0.00780	0.00554	0.00493	0.00164	0.00787	0.00394	0.00260	0.00849
74	0.02243	0.01541	0.10713	0.01535	0.03911	0.01285	0.12284	0.17126	0.01874	0.38276	0.01845	0.01779	0.01223	0.00689	0.00627	0.00191	0.00683	0.00597	0.00586	0.00990
75	0.01228	0.03166	0.75316	0.01745	0.02649	0.01422	0.02262	0.01939	0.01292	0.01939	0.01099	0.01292	0.00775	0.00582	0.00582	0.00194	0.00905	0.00452	0.00258	0.00905
76	0.01006	0.00659	0.00850	0.00783	0.00959	0.00598	0.00594	0.01279	0.01706	0.08244	0.62777	0.04483	0.11243	0.01237	0.00714	0.00193	0.00309	0.01083	0.00672	0.00610
77	0.82811	0.01184	0.00900	0.00805	0.01184	0.01373	0.00663	0.01799	0.01042	0.02746	0.00852	0.00994	0.00663	0.00568	0.00379	0.00189	0.00474	0.00331	0.00379	0.00663
78	0.01637	0.78856	0.03208	0.01047	0.01571	0.02422	0.01047	0.01833	0.01244	0.01440	0.00851	0.00982	0.00786	0.00524	0.00393	0.00131	0.00655	0.00327	0.00262	0.00786
79	0.82811	0.01184	0.00900	0.00805	0.01184	0.01373	0.00663	0.01799	0.01042	0.02746	0.00852	0.00994	0.00663	0.00568	0.00379	0.00189	0.00474	0.00331	0.00379	0.00663
80	0.01523	0.01315	0.01384	0.01246	0.01592	0.01523	0.00969	0.03253	0.73563	0.02561	0.02491	0.02284	0.01869	0.00830	0.00623	0.00208	0.00484	0.00692	0.00623	0.00969
81	0.02287	0.02917	0.01735	0.01577	0.01892	0.76030	0.01183	0.02444	0.01735	0.01498	0.00946	0.01104	0.00788	0.00631	0.00552	0.00158	0.01104	0.00394	0.00315	0.00710
82	0.00890	0.00593	0.00668	0.00668	0.00668	0.00593	0.00371	0.00890	0.00890	0.01187	0.01929	0.04006	0.02225	0.78487	0.03116	0.00593	0.00593	0.00890	0.00371	0.00371
83	0.00866	0.00626	0.00818	0.00770	0.00914	0.00578	0.00578	0.01155	0.01733	0.02455	0.74346	0.04572	0.05776	0.01251	0.00722	0.00193	0.00289	0.01107	0.00674	0.00578
84	0.00766	0.00614	0.00684	0.00682	0.00857	0.00532	0.00506	0.00955	0.01473	0.01874	0.25387	0.11472	0.49053	0.01495	0.00728	0.00206	0.00308	0.01276	0.00598	0.00532
85	0.00763	0.00624	0.00675	0.00667	0.00858	0.00535	0.00504	0.00952	0.01473	0.01841	0.21705	0.05616	0.56909	0.01486	0.00726	0.00205	0.00312	0.03025	0.00592	0.00532
86	0.00832	0.00569	0.00685	0.00742	0.00756	0.00555	0.00450	0.00875	0.01003	0.01338	0.02509	0.33730	0.02957	0.47765	0.02179	0.00455	0.00498	0.01231	0.00450	0.00422
87	0.02358	0.01058	0.01320	0.01038	0.01449	0.00998	0.00849	0.14083	0.01843	0.48930	0.02177	0.02022	0.01448	0.00745	0.00578	0.00179	0.00499	0.00596	0.16882	0.00948
88	0.82811	0.01184	0.00900	0.00805	0.01184	0.01373	0.00663	0.01799	0.01042	0.02746	0.00852	0.00994	0.00663	0.00568	0.00379	0.00189	0.00474	0.00331	0.00379	0.00663
89	0.02600	0.01191	0.03970	0.01149	0.01633	0.01041	0.00974	0.09668	0.05053	0.62505	0.02283	0.02006	0.01460	0.00753	0.00614	0.00190	0.00547	0.00607	0.00721	0.01034
90	0.00746	0.00533	0.00710	0.00852	0.00888	0.00497	0.00568	0.00852	0.01172	0.01563	0.03374	0.78088	0.04049	0.01918	0.00781	0.00249	0.00355	0.01740	0.00568	0.00497
91	0.00746	0.00533	0.00710	0.00852	0.00888	0.00497	0.00568	0.00852	0.01172	0.01563	0.03374	0.78088	0.04049	0.01918	0.00781	0.00249	0.00355	0.01740	0.00568	0.00497
92	0.01253	0.06434	0.67516	0.01705	0.02536	0.01495	0.02150	0.01905	0.01268	0.01887	0.01069	0.01281	0.00778	0.00610	0.00662	0.00196	0.05660	0.00452	0.00259	0.00885
93	0.07633	0.01372	0.06574	0.01295	0.05227	0.06026	0.01051	0.09965	0.01705	0.35900	0.07744	0.01979	0.01599	0.00855	0.02436	0.00208	0.04083	0.00596	0.02849	0.00901
94	0.05495	0.01099	0.01428	0.01105	0.01572	0.01001	0.00911	0.07401	0.04239	0.65530	0.02302	0.02013	0.01467	0.00752	0.00607	0.00190	0.00528	0.00604	0.00730	0.01026
95	0.01207	0.04833	0.64653	0.01684	0.02497	0.01376	0.04694	0.01847	0.01287	0.01896	0.01285	0.07634	0.01051	0.00688	0.00598	0.00197	0.00858	0.00565	0.00286	0.00865
96	0.01322	0.19817	0.53180	0.01521	0.02311	0.01594	0.01865	0.01882	0.01280	0.01832	0.01043	0.01221	0.00788	0.00558	0.00529	0.00171	0.00812	0.00417	0.00268	0.07588
97	0.00761	0.00543	0.00727	0.00869	0.00911	0.00510	0.00594	0.00878	0.01187	0.01579	0.03366	0.73683	0.04016	0.01904	0.00785	0.00251	0.00368	0.05998	0.00568	0.00501
98	0.00744	0.00539	0.00703	0.00834	0.00883	0.00499	0.00560	0.00854	0.01189	0.01570	0.03591	0.72533	0.09463	0.01889	0.00777	0.00245	0.00352	0.01706	0.00568	0.00499
99	0.01227	0.01185	0.01886	0.68238	0.09944	0.04074	0.01696	0.01622	0.01257	0.01598	0.01088	0.01603	0.00828	0.00607	0.00609	0.00200	0.00819	0.00539	0.00276	0.00705
100	0.00844	0.00616	0.00854	0.01034	0.03510	0.00592	0.00739	0.01012	0.01251	0.01659	0.03258	0.54044	0.03786	0.01803	0.00795	0.00256	0.00431	0.22427	0.00558	0.00533

[dist]
# distance from previous block
# <min> <max>
0	11

[block]
# block no. 1 follows, 37 sequences, length 73
# corresponding to MSA columns:
# 249-321
name=unknown_B
#
# <colnr> <probs for GDERKNQSTAVLIFYWHMCP>
#	G	D	E	R	K	N	Q	S	T	A	V	L	I	F	Y	W	H	M	C	P
0	0.79848	0.01248	0.00930	0.00833	0.01210	0.04121	0.00682	0.01823	0.01067	0.02700	0.00856	0.00998	0.00668	0.00571	0.00385	0.00188	0.00497	0.00334	0.00376	0.00665
1	0.00804	0.00615	0.00743	0.00778	0.00923	0.00555	0.00587	0.01004	0.01447	0.01886	0.24553	0.20367	0.31165	0.01559	0.00751	0.00221	0.00347	0.10561	0.00598	0.00536
2	0.01596	0.01473	0.01450	0.01351	0.03761	0.08666	0.01016	0.03135	0.64561	0.02442	0.02304	0.02148	0.01739	0.00803	0.00616	0.00202	0.00551	0.00659	0.00584	0.00944
3	0.01412	0.01188	0.01310	0.01075	0.01490	0.01182	0.00847	0.07128	0.33783	0.02396	0.06754	0.02093	0.03842	0.00727	0.00566	0.00160	0.00467	0.00600	0.00523	0.32456
4	0.05748	0.01430	0.01554	0.01252	0.01676	0.01564	0.01016	0.38162	0.20449	0.12684	0.04880	0.01882	0.01505	0.00776	0.00605	0.00190	0.00572	0.00609	0.02470	0.00976
5	0.01375	0.20367	0.53110	0.01602	0.02392	0.01675	0.04521	0.04868	0.01353	0.01906	0.01063	0.01242	0.00794	0.00572	0.00545	0.00179	0.00842	0.00438	0.00276	0.00880
6	0.00742	0.00621	0.00646	0.00640	0.00838	0.00525	0.00480	0.00915	0.01440	0.01760	0.15261	0.05716	0.65294	0.01511	0.00723	0.00205	0.00307	0.01267	0.00582	0.00525
7	0.01560	0.00893	0.01073	0.00918	0.01211	0.00857	0.00724	0.07828	0.08663	0.22279	0.25452	0.03481	0.15054	0.01047	0.00655	0.00191	0.00407	0.00882	0.06057	0.00770
8	0.01382	0.20754	0.48077	0.01577	0.02333	0.01664	0.05856	0.05751	0.01379	0.01919	0.01216	0.01382	0.02929	0.00601	0.00551	0.00180	0.00823	0.00468	0.00290	0.00868
9	0.82811	0.01184	0.00900	0.00805	0.01184	0.01373	0.00663	0.01799	0.01042	0.02746	0.00852	0.00994	0.00663	0.00568	0.00379	0.00189	0.00474	0.00331	0.00379	0.00663
10	0.00875	0.00652	0.00966	0.00966	0.01069	0.00755	0.00742	0.01081	0.00978	0.01408	0.01656	0.02497	0.01570	0.08845	0.71862	0.00961	0.01579	0.00669	0.00330	0.00536
11	0.01245	0.06328	0.72304	0.01716	0.02604	0.01463	0.02211	0.01934	0.01290	0.01918	0.01088	0.01279	0.00776	0.00579	0.00574	0.00191	0.00894	0.00447	0.00259	0.00900
12	0.04226	0.01107	0.01646	0.04567	0.34741	0.02690	0.01246	0.01621	0.04014	0.05444	0.06302	0.23377	0.04407	0.01029	0.00658	0.00204	0.00567	0.00935	0.00443	0.00778
13	0.07920	0.01085	0.01387	0.01083	0.01534	0.00999	0.00890	0.06880	0.04352	0.60887	0.04906	0.02074	0.01601	0.00765	0.00604	0.00190	0.00517	0.00614	0.00716	0.00997
14	0.00763	0.00545	0.00729	0.00865	0.00909	0.00511	0.00591	0.00884	0.01202	0.01604	0.05464	0.72022	0.04071	0.01886	0.00783	0.00249	0.00365	0.05485	0.00571	0.00503
15	0.01576	0.25898	0.36159	0.01556	0.04322	0.06221	0.04085	0.06141	0.01429	0.05689	0.01111	0.01257	0.00844	0.00582	0.00531	0.00172	0.00806	0.00437	0.00313	0.00871
16	0.01511	0.01465	0.02546	0.03693	0.70760	0.01460	0.05738	0.01883	0.01397	0.01998	0.01156	0.01522	0.00967	0.00544	0.00612	0.00183	0.00744	0.00555	0.00303	0.00962
17	0.02142	0.00946	0.01187	0.00968	0.01340	0.00875	0.00780	0.02550	0.09649	0.46975	0.02588	0.02400	0.06402	0.00809	0.00585	0.00183	0.00454	0.00660	0.17608	0.00901
18	0.00750	0.00546	0.00708	0.00827	0.00884	0.00503	0.00560	0.00871	0.01223	0.01620	0.07508	0.67628	0.10419	0.01849	0.00773	0.00242	0.00347	0.01666	0.00574	0.00503
19	0.01287	0.10655	0.62107	0.01744	0.02587	0.01533	0.07968	0.01930	0.01300	0.01890	0.01085	0.01291	0.00789	0.00570	0.00574	0.00189	0.00890	0.00462	0.00263	0.00886
20	0.00763	0.00694	0.02947	0.00693	0.00901	0.00553	0.00545	0.00954	0.01433	0.01787	0.16920	0.09955	0.56727	0.01495	0.00722	0.00207	0.00328	0.01264	0.00576	0.00537
21	0.00746	0.00533	0.00710	0.00852	0.00888	0.00497	0.00568	0.00852	0.01172	0.01563	0.03374	0.78088	0.04049	0.01918	0.00781	0.00249	0.00355	0.01740	0.00568	0.00497
22	0.01362	0.08133	0.04617	0.01018	0.01574	0.01059	0.02396	0.05501	0.01360	0.02045	0.01092	0.01264	0.00898	0.00482	0.00468	0.00106	0.00515	0.00381	0.00362	0.65367
23	0.01814	0.01483	0.01863	0.04166	0.19928	0.03280	0.03123	0.21890	0.26641	0.06677	0.01765	0.01795	0.01318	0.00710	0.00616	0.00192	0.00637	0.00602	0.00523	0.00975
24	0.00761	0.00542	0.00720	0.00857	0.00896	0.00509	0.00579	0.00871	0.01172	0.01560	0.03316	0.72450	0.03961	0.04662	0.00868	0.00262	0.00372	0.04584	0.00561	0.00495
25	0.00982	0.00746	0.00903	0.00835	0.01022	0.00731	0.00634	0.03831	0.10424	0.02440	0.56775	0.04313	0.11575	0.01211	0.00706	0.00195	0.00328	0.01055	0.00656	0.00635
26	0.01094	0.00610	0.00646	0.00628	0.00783	0.00599	0.00473	0.02978	0.01406	0.02311	0.15025	0.02888	0.06730	0.00860	0.00502	0.00156	0.00296	0.00709	0.60726	0.00579
27	0.01333	0.05562	0.01686	0.03767	0.01577	0.01421	0.04284	0.01531	0.01085	0.08043	0.01300	0.03723	0.01172	0.01958	0.22057	0.00443	0.35814	0.00605	0.01963	0.00676
28	0.01276	0.02870	0.62779	0.01922	0.09154	0.01433	0.03987	0.02006	0.05259	0.01979	0.01183	0.01376	0.00857	0.00590	0.00590	0.00194	0.00869	0.00481	0.00284	0.00912
29	0.00833	0.00632	0.00712	0.00691	0.00880	0.00548	0.00519	0.01032	0.01508	0.04162	0.28186	0.07813	0.47420	0.01441	0.00722	0.00203	0.00311	0.01226	0.00609	0.00552
30	0.01515	0.04239	0.12778	0.04577	0.47443	0.01512	0.01752	0.05916	0.10271	0.02133	0.01314	0.01560	0.01046	0.00597	0.00598	0.00186	0.00720	0.00543	0.00351	0.00952
31	0.01637	0.78856	0.03208	0.01047	0.01571	0.02422	0.01047	0.01833	0.01244	0.01440	0.00851	0.00982	0.00786	0.00524	0.00393	0.00131	0.00655	0.00327	0.00262	0.00786
32	0.01062	0.00681	0.00895	0.00849	0.00990	0.00713	0.00643	0.01266	0.01199	0.05836	0.12643	0.02827	0.03775	0.09848	0.29885	0.03141	0.03225	0.00723	0.16448	0.03353
33	0.01222	0.01172	0.02031	0.62600	0.13705	0.01384	0.05988	0.01631	0.01260	0.01647	0.01106	0.01617	0.00844	0.00597	0.00618	0.00201	0.00817	0.00555	0.00278	0.00728
34	0.01977	0.32443	0.06336	0.01374	0.01809	0.40763	0.01188	0.04583	0.01559	0.01581	0.00935	0.01079	0.00795	0.00590	0.00494	0.00150	0.00903	0.00377	0.00302	0.00761
35	0.01050	0.01672	0.30215	0.01218	0.01695	0.00942	0.04061	0.01471	0.01429	0.04082	0.19301	0.08723	0.17737	0.01067	0.00671	0.00203	0.00583	0.02704	0.00466	0.00711
36	0.01627	0.12433	0.33163	0.01718	0.06472	0.07018	0.09304	0.05724	0.01494	0.10748	0.03760	0.01506	0.01079	0.00620	0.00582	0.00182	0.00811	0.00513	0.00364	0.00882
37	0.01472	0.03736	0.22822	0.02127	0.16553	0.06152	0.17033	0.01952	0.03274	0.06558	0.02758	0.07342	0.01267	0.00689	0.00627	0.00191	0.00801	0.00646	0.00358	0.03645
38	0.00855	0.00628	0.00802	0.00766	0.00917	0.00575	0.00580	0.01129	0.01684	0.02344	0.64236	0.04802	0.13303	0.01300	0.00727	0.00197	0.00301	0.03625	0.00658	0.00570
39	0.01381	0.01380	0.06750	0.05079	0.38879	0.01306	0.01484	0.04063	0.13677	0.02147	0.08903	0.04838	0.03672	0.00783	0.00636	0.00195	0.00627	0.02900	0.00423	0.00878
40	0.01657	0.05649	0.12327	0.02529	0.36283	0.11123	0.03445	0.02056	0.03570	0.08895	0.03491	0.03746	0.01217	0.00648	0.00598	0.00182	0.00755	0.00568	0.00368	0.00896
41	0.46850	0.01044	0.01014	0.00866	0.01229	0.01105	0.00705	0.02012	0.01336	0.22000	0.11360	0.01828	0.01627	0.00718	0.00491	0.00188	0.00453	0.00523	0.03903	0.00749
42	0.00763	0.00617	0.00681	0.00703	0.00878	0.00536	0.00530	0.00937	0.01410	0.01749	0.13471	0.13992	0.53086	0.01568	0.00739	0.00216	0.00332	0.06685	0.00580	0.00525
43	0.01312	0.01242	0.02082	0.31707	0.41410	0.01340	0.01695	0.01674	0.01323	0.01801	0.01481	0.03595	0.05385	0.00663	0.00619	0.00193	0.00728	0.00617	0.00313	0.00820
44	0.01862	0.01297	0.01446	0.01208	0.01617	0.01390	0.00962	0.12936	0.42800	0.17300	0.02209	0.02040	0.01597	0.00770	0.00605	0.00190	0.00516	0.00628	0.00626	0.08000
45	0.02381	0.01371	0.01587	0.01238	0.01697	0.01421	0.01016	0.36025	0.08930	0.32146	0.01959	0.01817	0.01325	0.00752	0.00609	0.00187	0.00582	0.00591	0.03349	0.01019
46	0.00748	0.00618	0.00656	0.00653	0.00843	0.00526	0.00487	0.00923	0.01443	0.01783	0.17345	0.08085	0.60750	0.01513	0.00725	0.00206	0.00308	0.01276	0.00586	0.00526
47	0.01082	0.00850	0.01332	0.01313	0.01522	0.00843	0.09697	0.03481	0.01457	0.01908	0.02944	0.06103	0.03133	0.01519	0.00824	0.00270	0.00624	0.59955	0.00534	0.00610
48	0.02327	0.01715	0.01837	0.01408	0.01898	0.01898	0.01163	0.72628	0.02878	0.03858	0.01470	0.01470	0.01041	0.00735	0.00612	0.00184	0.00674	0.00551	0.00612	0.01041
49	0.01515	0.01454	0.02485	0.03757	0.74669	0.01454	0.01879	0.01879	0.01394	0.02000	0.01151	0.01515	0.00970	0.00545	0.00606	0.00182	0.00727	0.00545	0.00303	0.00970
50	0.01445	0.01651	0.03612	0.02580	0.03199	0.01548	0.72446	0.01961	0.01445	0.01961	0.01238	0.01651	0.00929	0.00516	0.00722	0.00206	0.01032	0.00722	0.00310	0.00826
51	0.00859	0.00632	0.00908	0.00927	0.01013	0.00708	0.00690	0.01036	0.00998	0.01411	0.01910	0.12839	0.01957	0.13335	0.56890	0.00836	0.01337	0.00831	0.00366	0.00518
52	0.80448	0.01181	0.00927	0.03011	0.01272	0.01373	0.00693	0.01793	0.01047	0.02712	0.00859	0.01013	0.00667	0.00569	0.00386	0.00190	0.00483	0.00338	0.00376	0.00663
53	0.01888	0.02265	0.02010	0.01804	0.06549	0.45877	0.13408	0.02145	0.02877	0.01610	0.01118	0.01462	0.00953	0.04139	0.05680	0.00245	0.04416	0.00510	0.00320	0.00724
54	0.01228	0.03166	0.75316	0.01745	0.02649	0.01422	0.02262	0.01939	0.01292	0.01939	0.01099	0.01292	0.00775	0.00582	0.00582	0.00194	0.00905	0.00452	0.00258	0.00905
55	0.01585	0.68112	0.11325	0.01170	0.01739	0.02284	0.03251	0.01849	0.01255	0.01511	0.00890	0.01036	0.00789	0.00530	0.00424	0.00140	0.00694	0.00353	0.00263	0.00800
56	0.00923	0.00622	0.00717	0.00716	0.00782	0.00593	0.00452	0.00979	0.01041	0.03518	0.02676	0.11810	0.11877	0.53214	0.02330	0.00470	0.00525	0.03570	0.00435	0.02751
57	0.00740	0.00554	0.00688	0.00795	0.00873	0.00502	0.00543	0.00859	0.01227	0.01585	0.04068	0.60351	0.21337	0.01827	0.00767	0.00238	0.00344	0.01630	0.00568	0.00502
58	0.04949	0.01257	0.01419	0.01166	0.01573	0.04262	0.00936	0.12320	0.21207	0.35552	0.04628	0.04564	0.01713	0.00817	0.00615	0.00194	0.00541	0.00662	0.00662	0.00962
59	0.03886	0.24055	0.11989	0.05781	0.09837	0.12207	0.03631	0.17772	0.01700	0.02172	0.01093	0.01263	0.00865	0.00602	0.00534	0.00168	0.00778	0.00451	0.00357	0.00860
60	0.00750	0.00539	0.00704	0.00835	0.00877	0.00502	0.00556	0.00855	0.01172	0.01553	0.03457	0.71975	0.07344	0.04654	0.00862	0.00259	0.00362	0.01688	0.00561	0.00494
61	0.00808	0.00623	0.00737	0.00708	0.00878	0.00553	0.00531	0.01041	0.01594	0.02126	0.46345	0.05114	0.33982	0.01374	0.00723	0.00198	0.00298	0.01183	0.00631	0.00553
62	0.04639	0.01254	0.01420	0.01170	0.01575	0.01328	0.00941	0.16812	0.29070	0.26646	0.02180	0.02015	0.01531	0.00772	0.00598	0.00192	0.00521	0.00620	0.05742	0.00973
63	0.06914	0.01437	0.02436	0.06111	0.62127	0.01452	0.06838	0.01868	0.01368	0.02031	0.01135	0.01494	0.00941	0.00547	0.00599	0.00185	0.00735	0.00544	0.00307	0.00928
64	0.02746	0.01042	0.01421	0.01089	0.01563	0.00900	0.00900	0.02983	0.01752	0.75093	0.02415	0.02083	0.01515	0.00758	0.00616	0.00189	0.00521	0.00616	0.00758	0.01042
65	0.01178	0.00606	0.00610	0.00597	0.00750	0.00612	0.00451	0.03634	0.01333	0.02331	0.01981	0.02257	0.01553	0.00714	0.00434	0.00144	0.00297	0.00570	0.79365	0.00585
66	0.00990	0.00745	0.00861	0.00794	0.01002	0.00706	0.00606	0.05890	0.06032	0.03791	0.39480	0.04648	0.29570	0.01288	0.00707	0.00198	0.00338	0.01101	0.00631	0.00620
67	0.02395	0.01606	0.01770	0.01357	0.01844	0.01737	0.01121	0.61352	0.02696	0.15391	0.01623	0.01569	0.01118	0.00739	0.00613	0.00185	0.00649	0.00562	0.00636	0.01041
68	0.00735	0.00621	0.00636	0.00632	0.00834	0.00522	0.00474	0.00901	0.01422	0.01717	0.11633	0.05786	0.68949	0.01526	0.00723	0.00206	0.00308	0.01277	0.00577	0.00522
69	0.00802	0.00579	0.00771	0.00905	0.00975	0.00548	0.00662	0.00953	0.01241	0.01632	0.03500	0.57071	0.07842	0.01843	0.00793	0.00254	0.00402	0.18145	0.00567	0.00514
70	0.01269	0.01088	0.01269	0.00907	0.01451	0.00816	0.00725	0.01541	0.01269	0.01995	0.01088	0.01269	0.00907	0.00453	0.00453	0.00091	0.00453	0.00363	0.00363	0.82229
71	0.03812	0.11808	0.57946	0.01651	0.04453	0.01506	0.01975	0.01986	0.01311	0.06483	0.01146	0.01303	0.00825	0.00584	0.00556	0.00186	0.00833	0.00447	0.00295	0.00894
72	0.04100	0.11079	0.13606	0.04453	0.33959	0.09863	0.06893	0.01896	0.01387	0.01861	0.01307	0.01565	0.04191	0.00603	0.00578	0.00179	0.00786	0.00528	0.00307	0.00860

[dist]
# distance from previous block
# <min> <max>
0	5

[block]
# block no. 2 follows, 37 sequences, length 60
# corresponding to MSA columns:
# 327-386
name=unknown_C
#
# <colnr> <probs for GDERKNQSTAVLIFYWHMCP>
#	G	D	E	R	K	N	Q	S	T	A	V	L	I	F	Y	W	H	M	C	P
0	0.12730	0.01283	0.01318	0.01174	0.01528	0.01471	0.00921	0.04707	0.58083	0.04857	0.03800	0.02130	0.01757	0.00799	0.00591	0.00204	0.00484	0.00646	0.00594	0.00922
1	0.01597	0.01352	0.01426	0.01261	0.01620	0.01557	0.00987	0.09667	0.67027	0.02681	0.02397	0.02209	0.01792	0.00822	0.00622	0.00205	0.00502	0.00679	0.00622	0.00976
2	0.00890	0.00593	0.00668	0.00668	0.00668	0.00593	0.00371	0.00890	0.00890	0.01187	0.01929	0.04006	0.02225	0.78487	0.03116	0.00593	0.00593	0.00890	0.00371	0.00371
3	0.02300	0.02862	0.01725	0.01563	0.01883	0.73820	0.01174	0.02460	0.01735	0.03663	0.00989	0.01133	0.00810	0.00635	0.00554	0.00159	0.01087	0.00401	0.00328	0.00719
4	0.00866	0.00626	0.00818	0.00770	0.00914	0.00578	0.00578	0.01155	0.01733	0.02455	0.74346	0.04572	0.05776	0.01251	0.00722	0.00193	0.00289	0.01107	0.00674	0.00578
5	0.01637	0.78856	0.03208	0.01047	0.01571	0.02422	0.01047	0.01833	0.01244	0.01440	0.00851	0.00982	0.00786	0.00524	0.00393	0.00131	0.00655	0.00327	0.00262	0.00786
6	0.02220	0.02806	0.01745	0.01579	0.01872	0.70813	0.01194	0.02376	0.01679	0.01496	0.00936	0.01120	0.00790	0.00662	0.00654	0.00165	0.06469	0.00404	0.00312	0.00707
7	0.00802	0.00623	0.00729	0.00702	0.00875	0.00550	0.00527	0.01030	0.01580	0.02093	0.43569	0.05168	0.36778	0.01386	0.00723	0.00199	0.00298	0.01191	0.00626	0.00550
8	0.01156	0.01088	0.01836	0.77016	0.04216	0.01360	0.01700	0.01564	0.01224	0.01564	0.01088	0.01632	0.00816	0.00612	0.00612	0.00204	0.00816	0.00544	0.00272	0.00680
9	0.00837	0.00625	0.00778	0.00740	0.00897	0.00565	0.00555	0.01099	0.01664	0.02292	0.60505	0.04840	0.19718	0.01312	0.00722	0.00195	0.00293	0.01145	0.00652	0.00565
10	0.01157	0.00601	0.00604	0.00598	0.00749	0.00609	0.00450	0.01501	0.04230	0.02293	0.02017	0.02282	0.01581	0.00718	0.00436	0.00145	0.00293	0.00575	0.78573	0.00587
11	0.01515	0.01454	0.02485	0.03757	0.74669	0.01454	0.01879	0.01879	0.01394	0.02000	0.01151	0.01515	0.00970	0.00545	0.00606	0.00182	0.00727	0.00545	0.00303	0.00970
12	0.00737	0.00621	0.00639	0.00635	0.00835	0.00523	0.00476	0.00906	0.01428	0.01732	0.12859	0.05762	0.67714	0.01521	0.00723	0.00205	0.00308	0.01274	0.00579	0.00523
13	0.00776	0.00563	0.00741	0.00849	0.00914	0.00516	0.00576	0.00901	0.01212	0.01638	0.07775	0.70103	0.04022	0.01812	0.00763	0.00238	0.00355	0.01640	0.00566	0.04039
14	0.82811	0.01184	0.00900	0.00805	0.01184	0.01373	0.00663	0.01799	0.01042	0.02746	0.00852	0.00994	0.00663	0.00568	0.00379	0.00189	0.00474	0.00331	0.00379	0.00663
15	0.08484	0.01499	0.01695	0.01310	0.01770	0.01614	0.04122	0.49701	0.02410	0.13078	0.01576	0.01581	0.01108	0.00714	0.00586	0.00183	0.00625	0.00552	0.06425	0.00969
16	0.71699	0.01246	0.01016	0.00884	0.01274	0.01435	0.00726	0.09616	0.03274	0.02863	0.00966	0.01083	0.00738	0.00594	0.00411	0.00189	0.00496	0.00366	0.00411	0.00713
17	0.00757	0.00558	0.00711	0.00819	0.00892	0.00512	0.00566	0.00888	0.01249	0.01639	0.08046	0.59750	0.15492	0.01811	0.00771	0.00240	0.00351	0.03866	0.00574	0.00507
18	0.05117	0.01383	0.01596	0.03488	0.01676	0.10092	0.06567	0.12943	0.08629	0.02066	0.01698	0.16178	0.01640	0.03248	0.04773	0.00266	0.16690	0.00787	0.00434	0.00728
19	0.02093	0.01859	0.01980	0.01842	0.12354	0.18958	0.07125	0.30151	0.05332	0.08270	0.01444	0.01618	0.01095	0.00694	0.00613	0.00183	0.00788	0.02196	0.00484	0.00921
20	0.02327	0.01715	0.01837	0.01408	0.01898	0.01898	0.01163	0.72628	0.02878	0.03858	0.01470	0.01470	0.01041	0.00735	0.00612	0.00184	0.00674	0.00551	0.00612	0.01041
21	0.01382	0.02490	0.43618	0.02125	0.07979	0.01492	0.23649	0.06256	0.01443	0.02067	0.01168	0.01429	0.00853	0.00568	0.00628	0.00196	0.00917	0.00548	0.00299	0.00893
22	0.01020	0.00683	0.00883	0.00812	0.00987	0.00640	0.00616	0.01368	0.04842	0.07291	0.66452	0.04308	0.05323	0.01200	0.00711	0.00193	0.00313	0.01056	0.00677	0.00625
23	0.00827	0.00619	0.00769	0.00752	0.00901	0.00560	0.00562	0.01071	0.01602	0.02185	0.51375	0.11000	0.21009	0.01385	0.00730	0.00203	0.00306	0.02947	0.00639	0.00557
24	0.01476	0.01552	0.02590	0.09339	0.02633	0.08239	0.37157	0.07628	0.01488	0.01950	0.01408	0.09939	0.01245	0.00756	0.00803	0.00207	0.07790	0.00747	0.00357	0.02695
25	0.82811	0.01184	0.00900	0.00805	0.01184	0.01373	0.00663	0.01799	0.01042	0.02746	0.00852	0.00994	0.00663	0.00568	0.00379	0.00189	0.00474	0.00331	0.00379	0.00663
26	0.00986	0.00705	0.00986	0.01127	0.01268	0.00705	0.00986	0.01268	0.01409	0.01832	0.03241	0.06905	0.03523	0.01691	0.00845	0.00282	0.00564	0.70549	0.00564	0.00564
27	0.00862	0.00626	0.00812	0.00765	0.00912	0.00576	0.00574	0.01146	0.01722	0.02428	0.72101	0.04616	0.08037	0.01261	0.00722	0.00193	0.00289	0.01113	0.00670	0.00576
28	0.00890	0.00593	0.00668	0.00668	0.00668	0.00593	0.00371	0.00890	0.00890	0.01187	0.01929	0.04006	0.02225	0.78487	0.03116	0.00593	0.00593	0.00890	0.00371	0.00371
29	0.01504	0.01443	0.02465	0.05970	0.72541	0.01452	0.01873	0.01869	0.01389	0.01987	0.01149	0.01519	0.00965	0.00547	0.00606	0.00182	0.00730	0.00545	0.00302	0.00961
30	0.01156	0.01088	0.01836	0.77016	0.04216	0.01360	0.01700	0.01564	0.01224	0.01564	0.01088	0.01632	0.00816	0.00612	0.00612	0.00204	0.00816	0.00544	0.00272	0.00680
31	0.08112	0.06134	0.08180	0.01575	0.01943	0.03269	0.26339	0.01577	0.01190	0.01714	0.01391	0.04629	0.01335	0.22416	0.01428	0.00312	0.06760	0.00700	0.00331	0.00663
32	0.00925	0.00640	0.00832	0.00776	0.00933	0.00586	0.00584	0.01207	0.01721	0.04892	0.69466	0.04535	0.08086	0.01245	0.00718	0.00193	0.00297	0.01097	0.00673	0.00591
33	0.01228	0.03166	0.75316	0.01745	0.02649	0.01422	0.02262	0.01939	0.01292	0.01939	0.01099	0.01292	0.00775	0.00582	0.00582	0.00194	0.00905	0.00452	0.00258	0.00905
34	0.82811	0.01184	0.00900	0.00805	0.01184	0.01373	0.00663	0.01799	0.01042	0.02746	0.00852	0.00994	0.00663	0.00568	0.00379	0.00189	0.00474	0.00331	0.00379	0.00663
35	0.01544	0.55271	0.23245	0.01259	0.01882	0.04568	0.01390	0.01882	0.01273	0.01581	0.00923	0.01072	0.00783	0.00543	0.00451	0.00149	0.00739	0.00364	0.00263	0.00816
36	0.00795	0.00618	0.00723	0.00707	0.00874	0.00546	0.00526	0.01014	0.01551	0.02046	0.39821	0.09092	0.36645	0.01422	0.00726	0.00202	0.00302	0.01224	0.00621	0.00546
37	0.01713	0.01402	0.01506	0.01294	0.01670	0.04536	0.03238	0.11603	0.52801	0.07634	0.02358	0.02199	0.03621	0.00815	0.00624	0.00201	0.00548	0.00674	0.00607	0.00956
38	0.01540	0.01367	0.02123	0.06512	0.39660	0.01431	0.05728	0.14025	0.05367	0.02235	0.01356	0.01729	0.01117	0.02922	0.09902	0.00294	0.00836	0.00586	0.00377	0.00893
39	0.01827	0.01140	0.01773	0.02102	0.29336	0.01093	0.02880	0.02126	0.01570	0.28579	0.14254	0.02415	0.02069	0.00795	0.00681	0.00193	0.02847	0.02879	0.00539	0.00903
40	0.01462	0.06358	0.23143	0.01628	0.07296	0.03986	0.06103	0.09633	0.18956	0.02218	0.01700	0.09377	0.01430	0.00781	0.00610	0.00194	0.00697	0.00664	0.00427	0.03336
41	0.03948	0.08360	0.04007	0.02489	0.31739	0.25080	0.07852	0.05902	0.01562	0.01911	0.01078	0.01332	0.00885	0.00580	0.00576	0.00173	0.00862	0.00488	0.00322	0.00854
42	0.02659	0.01032	0.01389	0.01074	0.01533	0.00903	0.00885	0.02934	0.03509	0.70697	0.02402	0.02096	0.01526	0.00758	0.00609	0.00188	0.00512	0.00616	0.03656	0.01023
43	0.01515	0.01454	0.02485	0.03757	0.74669	0.01454	0.01879	0.01879	0.01394	0.02000	0.01151	0.01515	0.00970	0.00545	0.00606	0.00182	0.00727	0.00545	0.00303	0.00970
44	0.00765	0.00622	0.00678	0.00664	0.00852	0.00534	0.00498	0.00959	0.01493	0.01886	0.25999	0.05508	0.54478	0.01463	0.00723	0.00203	0.00304	0.01238	0.00599	0.00534
45	0.02514	0.00990	0.01346	0.01050	0.01483	0.00860	0.00860	0.02757	0.01750	0.66122	0.11298	0.02391	0.02041	0.00819	0.00629	0.00190	0.00492	0.00676	0.00747	0.00984
46	0.00800	0.00611	0.00734	0.00729	0.00880	0.00545	0.00537	0.01017	0.01538	0.02053	0.40809	0.15126	0.29506	0.01447	0.00731	0.00205	0.00305	0.01258	0.00623	0.00545
47	0.00879	0.00637	0.00889	0.00889	0.00966	0.00714	0.00647	0.01032	0.00956	0.01351	0.01726	0.02884	0.01738	0.26710	0.54227	0.00867	0.01326	0.00726	0.00341	0.00494
48	0.04070	0.01489	0.01573	0.01306	0.01717	0.01686	0.01047	0.34085	0.40155	0.03143	0.01993	0.01887	0.01468	0.00781	0.00612	0.00196	0.00568	0.00620	0.00612	0.00993
49	0.03523	0.00588	0.00580	0.00577	0.00727	0.00594	0.00435	0.01437	0.01277	0.02296	0.01963	0.02245	0.01543	0.00709	0.00426	0.00144	0.00291	0.00564	0.79509	0.00573
50	0.01898	0.01068	0.01334	0.00984	0.01498	0.00852	0.00800	0.02155	0.01475	0.33112	0.01653	0.01616	0.01166	0.00583	0.00522	0.00133	0.00482	0.00470	0.00531	0.47668
51	0.00841	0.00621	0.00777	0.00745	0.00889	0.00566	0.00551	0.01091	0.01626	0.02247	0.58355	0.07026	0.16311	0.04661	0.00828	0.00214	0.00307	0.01146	0.00641	0.00557
52	0.01637	0.78856	0.03208	0.01047	0.01571	0.02422	0.01047	0.01833	0.01244	0.01440	0.00851	0.00982	0.00786	0.00524	0.00393	0.00131	0.00655	0.00327	0.00262	0.00786
53	0.00814	0.00635	0.00680	0.00661	0.00866	0.00540	0.00499	0.00995	0.01465	0.04179	0.17900	0.05539	0.60143	0.01473	0.00720	0.00204	0.00313	0.01238	0.00593	0.00544
54	0.04036	0.00987	0.01052	0.01014	0.01268	0.04473	0.00817	0.04848	0.15933	0.07359	0.03631	0.06865	0.23393	0.01287	0.00707	0.00224	0.00492	0.20345	0.00575	0.00695
55	0.01430	0.01582	0.03277	0.02374	0.02950	0.01512	0.62467	0.02064	0.09147	0.02015	0.01534	0.01857	0.03422	0.00583	0.00712	0.00207	0.00950	0.00738	0.00351	0.00831
56	0.01523	0.01315	0.01384	0.01246	0.01592	0.01523	0.00969	0.03253	0.73563	0.02561	0.02491	0.02284	0.01869	0.00830	0.00623	0.00208	0.00484	0.00692	0.00623	0.00969
57	0.01228	0.03166	0.75316	0.01745	0.02649	0.01422	0.02262	0.01939	0.01292	0.01939	0.01099	0.01292	0.00775	0.00582	0.00582	0.00194	0.00905	0.00452	0.00258	0.00905
58	0.01523	0.01315	0.01384	0.01246	0.01592	0.01523	0.00969	0.03253	0.73563	0.02561	0.02491	0.02284	0.01869	0.00830	0.00623	0.00208	0.00484	0.00692	0.00623	0.00969
59	0.01515	0.01454	0.02485	0.03757	0.74669	0.01454	0.01879	0.01879	0.01394	0.02000	0.01151	0.01515	0.00970	0.00545	0.00606	0.00182	0.00727	0.00545	0.00303	0.00970

[dist]
# distance from previous block
# <min> <max>
0	1

[block]
# block no. 3 follows, 37 sequences, length 209
# corresponding to MSA columns:
# 388-596
name=unknown_D
#
# <colnr> <probs for GDERKNQSTAVLIFYWHMCP>
#	G	D	E	R	K	N	Q	S	T	A	V	L	I	F	Y	W	H	M	C	P
0	0.01506	0.01297	0.01370	0.01234	0.01574	0.01498	0.00959	0.03199	0.71732	0.02558	0.04323	0.02342	0.01968	0.00841	0.00625	0.00207	0.00479	0.00703	0.00624	0.00959
1	0.00863	0.00623	0.00815	0.00772	0.00914	0.00576	0.00577	0.01147	0.01718	0.02432	0.72537	0.06447	0.05732	0.01268	0.00723	0.00194	0.00290	0.01123	0.00671	0.00576
2	0.00746	0.00533	0.00710	0.00852	0.00888	0.00497	0.00568	0.00852	0.01172	0.01563	0.03374	0.78088	0.04049	0.01918	0.00781	0.00249	0.00355	0.01740	0.00568	0.00497
3	0.00723	0.00620	0.00620	0.00620	0.00827	0.00517	0.00465	0.00878	0.01395	0.01654	0.06201	0.05891	0.74421	0.01550	0.00723	0.00207	0.00310	0.01292	0.00568	0.00517
4	0.01515	0.01454	0.02485	0.03757	0.74669	0.01454	0.01879	0.01879	0.01394	0.02000	0.01151	0.01515	0.00970	0.00545	0.00606	0.00182	0.00727	0.00545	0.00303	0.00970
