[name]
unknown

[dist]
# distance from previous block
# <min> <max>
0	26

[block]
# block no. 0 follows, 29 sequences, length 17
# corresponding to MSA columns:
# 26-42
name=unknown_A
#
# <colnr> <probs for GDERKNQSTAVLIFYWHMCP>
#	G	D	E	R	K	N	Q	S	T	A	V	L	I	F	Y	W	H	M	C	P
0	0.06881	0.01406	0.01984	0.01611	0.02062	0.01405	0.13890	0.15830	0.05619	0.05636	0.02375	0.07693	0.03620	0.02556	0.00827	0.00247	0.00737	0.14645	0.00578	0.10399
1	0.01318	0.01657	0.14844	0.01465	0.01785	0.05356	0.03242	0.01625	0.01396	0.01922	0.03564	0.18089	0.04240	0.09205	0.02981	0.00324	0.14473	0.06251	0.00456	0.05807
2	0.01548	0.01921	0.14254	0.27338	0.23994	0.01669	0.14812	0.02090	0.01545	0.02132	0.01323	0.01796	0.01020	0.00661	0.00729	0.00228	0.00984	0.00655	0.00333	0.00968
3	0.00990	0.00727	0.01041	0.01069	0.01171	0.00801	0.00794	0.01202	0.01227	0.01730	0.06209	0.16868	0.02693	0.10529	0.48506	0.00889	0.01426	0.01058	0.00462	0.00609
4	0.01785	0.01448	0.01565	0.01399	0.01766	0.01630	0.01083	0.16150	0.43008	0.03058	0.02857	0.16260	0.02468	0.01187	0.00757	0.00245	0.00579	0.01006	0.00710	0.01039
5	0.01396	0.01335	0.01865	0.01662	0.01676	0.01803	0.01349	0.01551	0.01146	0.01730	0.01562	0.15630	0.01705	0.01658	0.05857	0.00353	0.55708	0.00900	0.00382	0.00733
6	0.02739	0.01247	0.01709	0.01359	0.01779	0.01240	0.01120	0.02995	0.01855	0.53305	0.06812	0.02445	0.01925	0.00989	0.01035	0.00238	0.14614	0.00735	0.00766	0.01094
7	0.01260	0.00951	0.01088	0.01001	0.01247	0.00930	0.00761	0.14014	0.02045	0.02715	0.26998	0.16374	0.24735	0.01573	0.00827	0.00238	0.00442	0.01349	0.00713	0.00739
8	0.01057	0.00791	0.00993	0.00989	0.01147	0.00774	0.00722	0.01528	0.09724	0.02568	0.42976	0.25147	0.05600	0.01624	0.00846	0.00245	0.00385	0.01445	0.00741	0.00698
9	0.15057	0.01553	0.01329	0.01164	0.01518	0.14786	0.00911	0.08104	0.05504	0.12669	0.06364	0.02202	0.01753	0.00841	0.00601	0.00198	0.00643	0.00632	0.23305	0.00865
10	0.01355	0.01226	0.02000	0.47896	0.15022	0.01429	0.01715	0.01730	0.01382	0.01819	0.01466	0.02406	0.01294	0.14955	0.01270	0.00320	0.00882	0.00710	0.00344	0.00778
11	0.00882	0.00700	0.00792	0.00818	0.00999	0.00611	0.00595	0.01081	0.01645	0.02091	0.19417	0.21786	0.42410	0.01828	0.00856	0.00248	0.00367	0.01576	0.00686	0.00611
12	0.01769	0.01398	0.01578	0.01231	0.01733	0.01340	0.00985	0.20902	0.08992	0.03110	0.14783	0.02401	0.02300	0.00844	0.00660	0.00173	0.00568	0.00690	0.00605	0.33938
13	0.01649	0.07658	0.05629	0.01362	0.01713	0.08101	0.04695	0.06272	0.05621	0.09362	0.02679	0.33415	0.02762	0.01392	0.00768	0.00238	0.00665	0.01216	0.00585	0.04220
14	0.09488	0.06350	0.01845	0.01316	0.01859	0.01677	0.01092	0.31171	0.02355	0.13476	0.01714	0.01745	0.01243	0.00761	0.00622	0.00187	0.00656	0.00571	0.05759	0.16111
15	0.01279	0.00908	0.01111	0.01101	0.01245	0.00941	0.00787	0.13917	0.01655	0.02224	0.02920	0.39977	0.03262	0.11547	0.08842	0.04913	0.00689	0.01420	0.00592	0.00672
16	0.01504	0.01392	0.02271	0.40722	0.16411	0.01562	0.05654	0.05633	0.01575	0.02123	0.01477	0.06510	0.01254	0.00801	0.00766	0.00228	0.02995	0.00721	0.00377	0.06024

[dist]
# distance from previous block
# <min> <max>
0	7

[block]
# block no. 1 follows, 29 sequences, length 55
# corresponding to MSA columns:
# 50-95,97-105
name=unknown_B
#
# <colnr> <probs for GDERKNQSTAVLIFYWHMCP>
#	G	D	E	R	K	N	Q	S	T	A	V	L	I	F	Y	W	H	M	C	P
0	0.01815	0.43161	0.16559	0.01541	0.02202	0.05643	0.05308	0.02436	0.11270	0.02014	0.01352	0.01482	0.01103	0.00679	0.00569	0.00186	0.00839	0.00500	0.00370	0.00970
1	0.00984	0.00839	0.03854	0.01011	0.01178	0.00694	0.00754	0.01185	0.01446	0.01991	0.12242	0.44894	0.06804	0.06561	0.04374	0.00324	0.00526	0.01569	0.00612	0.08158
2	0.01814	0.25837	0.28420	0.02037	0.09086	0.07575	0.08029	0.02316	0.01579	0.05279	0.01266	0.01479	0.00986	0.00658	0.00624	0.00199	0.00952	0.00523	0.00345	0.00997
3	0.01669	0.19650	0.27841	0.01635	0.05375	0.01664	0.01657	0.02193	0.04240	0.09920	0.04596	0.12849	0.01875	0.00961	0.00674	0.00217	0.00778	0.00788	0.00461	0.00957
4	0.02985	0.01165	0.01585	0.01231	0.01745	0.01011	0.01011	0.03266	0.02036	0.64488	0.09269	0.02701	0.02238	0.00936	0.00728	0.00221	0.00580	0.00771	0.00872	0.01160
5	0.01545	0.01470	0.02497	0.40266	0.36339	0.01635	0.02077	0.01995	0.01518	0.02062	0.01301	0.01833	0.01035	0.00675	0.00709	0.00225	0.00900	0.00634	0.00334	0.00952
6	0.01589	0.01595	0.07287	0.25943	0.20346	0.01566	0.07943	0.02270	0.11039	0.05072	0.01789	0.07261	0.01483	0.00833	0.00736	0.00234	0.00846	0.00774	0.00434	0.00959
7	0.01650	0.02134	0.12312	0.02884	0.03644	0.01783	0.60050	0.02278	0.01659	0.02278	0.01421	0.01870	0.01059	0.00609	0.00821	0.00238	0.01183	0.00802	0.00353	0.00972
8	0.01517	0.01489	0.02070	0.01783	0.01783	0.02063	0.01469	0.01660	0.01086	0.01687	0.01038	0.01803	0.01066	0.07083	0.02439	0.00342	0.67894	0.00656	0.00321	0.00751
9	0.01557	0.19979	0.34295	0.04146	0.05283	0.01835	0.06660	0.04812	0.01565	0.02150	0.01554	0.10117	0.01391	0.00846	0.00667	0.00216	0.00896	0.00704	0.00368	0.00958
10	0.02165	0.04709	0.01817	0.01355	0.01802	0.01244	0.09775	0.06728	0.07787	0.27186	0.04419	0.02615	0.05007	0.00884	0.00678	0.00209	0.00615	0.00760	0.19260	0.00983
11	0.00984	0.00701	0.00940	0.00983	0.01046	0.00742	0.00679	0.01120	0.01166	0.01607	0.02550	0.22322	0.02818	0.27383	0.30864	0.00770	0.01114	0.01185	0.00472	0.00554
12	0.01368	0.00768	0.00973	0.00913	0.01118	0.00711	0.00687	0.01665	0.01816	0.12416	0.36816	0.14116	0.04691	0.01351	0.00760	0.00220	0.00385	0.01178	0.17314	0.00734
13	0.01734	0.01537	0.02607	0.37120	0.09132	0.01690	0.16494	0.09996	0.04204	0.06247	0.01509	0.01928	0.01114	0.00717	0.00741	0.00232	0.00944	0.00691	0.00423	0.00941
14	0.00876	0.00626	0.00836	0.01001	0.01046	0.00586	0.00676	0.01006	0.01372	0.01827	0.03920	0.72477	0.04691	0.02223	0.00911	0.00290	0.00421	0.03973	0.00661	0.00581
15	0.00868	0.00620	0.00826	0.00991	0.01033	0.00578	0.00661	0.00991	0.01363	0.01818	0.03925	0.74510	0.04710	0.02231	0.00909	0.00289	0.00413	0.02024	0.00661	0.00578
16	0.01385	0.01307	0.02208	0.66656	0.11199	0.01593	0.01997	0.01854	0.01443	0.01868	0.01273	0.01885	0.00966	0.00704	0.00711	0.00235	0.00939	0.00633	0.00320	0.00823
17	0.01543	0.19024	0.54252	0.01834	0.02768	0.01908	0.02273	0.02284	0.03933	0.02156	0.01274	0.01467	0.00950	0.00672	0.00631	0.00210	0.00972	0.00505	0.00317	0.01025
18	0.00869	0.00646	0.00811	0.00932	0.01020	0.00587	0.00637	0.01014	0.01447	0.01888	0.07718	0.57368	0.18253	0.02107	0.00892	0.00276	0.00399	0.01883	0.00667	0.00587
19	0.46203	0.10685	0.07164	0.01254	0.01761	0.12951	0.01113	0.07447	0.01559	0.02813	0.01088	0.01246	0.00856	0.00683	0.00515	0.00206	0.00750	0.00428	0.00423	0.00854
20	0.00874	0.00651	0.00815	0.00925	0.01020	0.00591	0.00636	0.01029	0.01476	0.01931	0.10392	0.53996	0.18923	0.02072	0.00888	0.00273	0.00395	0.01848	0.00672	0.00591
21	0.01821	0.62860	0.15546	0.01360	0.02047	0.02614	0.01465	0.02154	0.01457	0.01777	0.01040	0.01205	0.00912	0.00621	0.00495	0.00165	0.00812	0.00406	0.00304	0.00938
22	0.01008	0.00728	0.00952	0.00896	0.01064	0.00672	0.00672	0.01344	0.02016	0.02855	0.70158	0.05319	0.06719	0.01456	0.00840	0.00224	0.00336	0.01288	0.00784	0.00672
23	0.00891	0.00713	0.00797	0.00798	0.00998	0.00619	0.00590	0.01109	0.01706	0.02174	0.24523	0.13354	0.45722	0.01750	0.00848	0.00241	0.00359	0.01496	0.00696	0.00619
24	0.01428	0.03683	0.71286	0.02030	0.03082	0.01654	0.02631	0.02255	0.01503	0.02255	0.01278	0.01503	0.00902	0.00677	0.00677	0.00226	0.01052	0.00526	0.00301	0.01052
25	0.00941	0.00673	0.00908	0.01055	0.01134	0.00639	0.00770	0.01127	0.01476	0.01969	0.09121	0.54275	0.04732	0.02111	0.00920	0.00293	0.00461	0.16123	0.00670	0.00603
26	0.01650	0.11944	0.01847	0.01153	0.01757	0.08039	0.00948	0.01942	0.01524	0.02174	0.01211	0.01411	0.01022	0.00559	0.00528	0.00120	0.00633	0.00420	0.00400	0.60721
27	0.01372	0.01174	0.01531	0.01163	0.01657	0.00944	0.06080	0.01648	0.01420	0.02136	0.01673	0.08966	0.01624	0.11214	0.01026	0.00216	0.00593	0.00695	0.00441	0.54425
28	0.07997	0.58210	0.14207	0.01324	0.01990	0.02537	0.01407	0.02149	0.01437	0.01887	0.01036	0.01201	0.00901	0.00624	0.00490	0.00169	0.00791	0.00404	0.00315	0.00924
29	0.13929	0.16777	0.38870	0.01672	0.02455	0.01814	0.04654	0.02129	0.01425	0.02246	0.01234	0.01499	0.00960	0.01026	0.06249	0.00284	0.00991	0.00508	0.00332	0.00945
30	0.05514	0.07385	0.09803	0.01676	0.02215	0.23372	0.03812	0.16834	0.11777	0.08335	0.01648	0.01698	0.01227	0.00782	0.00665	0.00207	0.00925	0.00581	0.00525	0.01017
31	0.01219	0.00860	0.01041	0.01068	0.01222	0.00850	0.00771	0.10745	0.01682	0.03934	0.03751	0.46089	0.10213	0.07687	0.01088	0.00306	0.00503	0.05634	0.00655	0.00681
32	0.01497	0.01291	0.01530	0.05591	0.01904	0.01067	0.00942	0.01986	0.07973	0.02352	0.01422	0.01616	0.01155	0.00581	0.00558	0.00127	0.00557	0.00472	0.00444	0.66935
33	0.01317	0.02690	0.46830	0.03708	0.02572	0.01372	0.04623	0.01948	0.01470	0.02176	0.01833	0.13995	0.01657	0.01133	0.03543	0.00269	0.00928	0.00814	0.06206	0.00916
34	0.15191	0.01804	0.01462	0.01260	0.01633	0.18201	0.00992	0.20659	0.02091	0.03043	0.01638	0.01814	0.01261	0.00786	0.00583	0.00193	0.00721	0.00562	0.25234	0.00873
35	0.01076	0.00789	0.00977	0.00898	0.01129	0.00693	0.00676	0.01368	0.01850	0.04332	0.46020	0.09418	0.16978	0.01452	0.00808	0.00218	0.00372	0.01265	0.00719	0.08962
36	0.01024	0.00686	0.00821	0.00839	0.00855	0.00692	0.00505	0.01047	0.01077	0.01447	0.02359	0.12180	0.02698	0.57725	0.09303	0.03966	0.00763	0.01104	0.00448	0.00461
37	0.00978	0.00727	0.00914	0.00914	0.01069	0.00676	0.00667	0.01298	0.03997	0.02494	0.44192	0.21840	0.14238	0.01668	0.00853	0.00242	0.00365	0.01474	0.00737	0.00655
38	0.01474	0.10562	0.64806	0.01952	0.02962	0.01765	0.02495	0.02243	0.01498	0.02199	0.01250	0.01469	0.00903	0.00670	0.00655	0.00218	0.01024	0.00512	0.00301	0.01039
39	0.01974	0.54161	0.03221	0.01367	0.01885	0.10322	0.01260	0.04244	0.06400	0.01862	0.01156	0.01316	0.01015	0.00706	0.00653	0.00177	0.06564	0.00447	0.00354	0.00917
40	0.01723	0.01184	0.01326	0.01163	0.01514	0.01223	0.00924	0.13126	0.18061	0.10993	0.11621	0.04069	0.17957	0.01237	0.00761	0.00232	0.00521	0.05017	0.06433	0.00915
41	0.03057	0.01275	0.01675	0.01291	0.01829	0.01153	0.01064	0.10165	0.02174	0.61352	0.05363	0.02464	0.01901	0.00901	0.00721	0.00220	0.00614	0.00731	0.00860	0.01190
42	0.00974	0.00727	0.00905	0.00860	0.01043	0.00657	0.00645	0.01278	0.01935	0.02664	0.57241	0.05634	0.19754	0.01527	0.00840	0.00227	0.00341	0.01332	0.00759	0.00657
43	0.00946	0.00725	0.00867	0.00831	0.01026	0.00646	0.00623	0.01225	0.01870	0.02511	0.46882	0.05886	0.30210	0.01584	0.00840	0.00230	0.00345	0.01367	0.00739	0.00646
44	0.01306	0.00662	0.00671	0.00679	0.00839	0.00660	0.00505	0.01628	0.01487	0.02615	0.02398	0.06036	0.01961	0.00896	0.00517	0.00172	0.00336	0.00728	0.75245	0.00660
45	0.02399	0.02958	0.02057	0.01843	0.02123	0.55529	0.01419	0.02575	0.01798	0.01736	0.01061	0.01349	0.00921	0.00855	0.01044	0.00214	0.18454	0.00498	0.00354	0.00814
46	0.73882	0.01537	0.01123	0.01007	0.01442	0.07180	0.00819	0.02153	0.01276	0.03080	0.01000	0.01167	0.00783	0.00667	0.00457	0.00217	0.00609	0.00391	0.00435	0.00775
47	0.01046	0.00842	0.00903	0.00848	0.01103	0.00770	0.00647	0.06495	0.03363	0.02349	0.19996	0.06025	0.49780	0.01636	0.00828	0.00235	0.00394	0.01373	0.00693	0.00676
48	0.03092	0.01189	0.01620	0.01249	0.01782	0.01029	0.01029	0.03370	0.02037	0.67818	0.05979	0.02560	0.01996	0.00908	0.00722	0.00221	0.00593	0.00743	0.00877	0.01186
49	0.00868	0.00620	0.00826	0.00991	0.01033	0.00578	0.00661	0.00991	0.01363	0.01818	0.03925	0.74510	0.04710	0.02231	0.00909	0.00289	0.00413	0.02024	0.00661	0.00578
50	0.00897	0.00714	0.00792	0.00837	0.01018	0.00630	0.00622	0.01071	0.01537	0.01888	0.05900	0.17521	0.46845	0.07669	0.01088	0.00294	0.00429	0.09014	0.00642	0.00590
51	0.11792	0.01221	0.01387	0.01207	0.01607	0.01247	0.00964	0.05787	0.17977	0.21725	0.02603	0.09603	0.02139	0.01062	0.00695	0.00229	0.00558	0.05931	0.06405	0.05858
52	0.01544	0.01471	0.02486	0.39362	0.35174	0.01650	0.02062	0.01986	0.01506	0.02051	0.01290	0.01826	0.01031	0.00691	0.00755	0.00227	0.02975	0.00633	0.00333	0.00947
53	0.01737	0.01420	0.01616	0.01178	0.01798	0.01216	0.00952	0.15835	0.01873	0.02779	0.01360	0.01526	0.01088	0.00597	0.00566	0.00128	0.00582	0.00468	0.00483	0.62800
54	0.17056	0.10134	0.12521	0.08835	0.13876	0.12663	0.01584	0.04186	0.03302	0.04586	0.01275	0.01508	0.00998	0.00684	0.00607	0.00204	0.00858	0.00513	0.00395	0.04214

[dist]
# distance from previous block
# <min> <max>
0	2

[block]
# block no. 2 follows, 29 sequences, length 72
# corresponding to MSA columns:
# 108-146,161-193
name=unknown_C
#
# <colnr> <probs for GDERKNQSTAVLIFYWHMCP>
#	G	D	E	R	K	N	Q	S	T	A	V	L	I	F	Y	W	H	M	C	P
0	0.05563	0.01662	0.01713	0.01696	0.08238	0.12879	0.01237	0.12164	0.08807	0.11379	0.02575	0.06352	0.06708	0.01142	0.00828	0.00240	0.04242	0.11046	0.00599	0.00934
1	0.01452	0.01689	0.12803	0.57287	0.04435	0.01637	0.02035	0.06506	0.01570	0.02072	0.01298	0.01824	0.00960	0.00716	0.00706	0.00234	0.00954	0.00617	0.00342	0.00861
2	0.01738	0.07226	0.07230	0.09212	0.04905	0.01376	0.12958	0.02229	0.06407	0.15327	0.05655	0.16676	0.02314	0.01095	0.00765	0.00238	0.00746	0.02428	0.00559	0.00915
3	0.01625	0.01759	0.08171	0.16597	0.44874	0.01645	0.08263	0.02096	0.01574	0.02208	0.01409	0.03988	0.01182	0.00697	0.00723	0.00222	0.00901	0.00687	0.00352	0.01028
4	0.01585	0.03417	0.55709	0.01945	0.02828	0.11843	0.02332	0.02280	0.01589	0.02171	0.01447	0.01983	0.01155	0.00786	0.00696	0.00227	0.01055	0.05627	0.00338	0.00988
5	0.01518	0.00885	0.01112	0.01023	0.01276	0.00828	0.00784	0.01898	0.06720	0.17334	0.26825	0.10907	0.12875	0.07024	0.01032	0.00275	0.00470	0.05689	0.00738	0.00786
6	0.01667	0.19954	0.37239	0.02356	0.17854	0.04961	0.02148	0.02236	0.01539	0.02114	0.01217	0.01468	0.00956	0.00654	0.00630	0.00203	0.00948	0.00514	0.00316	0.01027
7	0.01940	0.01533	0.01582	0.01372	0.01765	0.05656	0.01075	0.17142	0.31384	0.07958	0.07838	0.07870	0.07537	0.01110	0.00747	0.00233	0.00614	0.00916	0.00707	0.01023
8	0.00942	0.00717	0.00876	0.00928	0.01092	0.00652	0.00706	0.01173	0.01664	0.02164	0.21300	0.21831	0.28443	0.01843	0.00881	0.00263	0.00418	0.12795	0.00690	0.00623
9	0.01764	0.01458	0.05252	0.42195	0.18982	0.01517	0.01891	0.02207	0.01578	0.13987	0.01551	0.01942	0.01129	0.00722	0.00710	0.00228	0.00871	0.00643	0.00422	0.00951
10	0.02086	0.01619	0.12313	0.01520	0.06627	0.01257	0.01287	0.13298	0.02053	0.25051	0.07644	0.03270	0.16729	0.01066	0.00744	0.00224	0.00650	0.00877	0.00672	0.01013
11	0.00986	0.00760	0.00904	0.00862	0.01064	0.00696	0.00648	0.01342	0.04774	0.02552	0.46435	0.05712	0.27549	0.01550	0.00835	0.00230	0.00354	0.01338	0.00741	0.00668
12	0.00907	0.00646	0.00858	0.01000	0.01058	0.00609	0.00690	0.01057	0.01418	0.01898	0.08672	0.61089	0.04712	0.05444	0.01033	0.00306	0.00439	0.06919	0.00659	0.00585
13	0.01681	0.01633	0.02858	0.16634	0.53513	0.01681	0.07301	0.02127	0.01591	0.02232	0.01334	0.01799	0.01092	0.00646	0.00717	0.00218	0.00892	0.00650	0.00347	0.01054
14	0.01739	0.01831	0.07653	0.04208	0.65837	0.01689	0.02216	0.02190	0.01613	0.02321	0.01335	0.01744	0.01112	0.00637	0.00703	0.00212	0.00860	0.00627	0.00349	0.01123
15	0.01535	0.19741	0.56161	0.01848	0.02801	0.01914	0.02315	0.02228	0.01491	0.02125	0.01213	0.01423	0.00905	0.00661	0.00627	0.00209	0.00987	0.00494	0.00302	0.01021
16	0.00868	0.00620	0.00826	0.00991	0.01033	0.00578	0.00661	0.00991	0.01363	0.01818	0.03925	0.74510	0.04710	0.02231	0.00909	0.00289	0.00413	0.02024	0.00661	0.00578
17	0.19042	0.41329	0.14402	0.06761	0.02173	0.02258	0.01415	0.02121	0.01403	0.02120	0.01060	0.01264	0.00883	0.00640	0.00510	0.00186	0.00778	0.00425	0.00335	0.00896
18	0.01040	0.00948	0.01544	0.01342	0.01609	0.00860	0.15682	0.01291	0.01530	0.01960	0.04574	0.33458	0.27919	0.01709	0.00869	0.00260	0.00570	0.01568	0.00594	0.00672
19	0.01800	0.01512	0.01596	0.01227	0.01796	0.06368	0.00975	0.07299	0.11720	0.06539	0.01619	0.01710	0.01263	0.00653	0.00590	0.00146	0.00612	0.00515	0.00511	0.51548
20	0.00898	0.00693	0.00820	0.00852	0.01013	0.00615	0.00615	0.01108	0.01663	0.02168	0.24886	0.26270	0.32186	0.01826	0.00861	0.00250	0.00369	0.01592	0.00697	0.00615
21	0.01122	0.00996	0.06513	0.00932	0.01232	0.00744	0.00795	0.01420	0.01795	0.07278	0.30689	0.05516	0.35292	0.01513	0.00819	0.00231	0.00424	0.01285	0.00696	0.00708
22	0.01508	0.11676	0.54879	0.01853	0.02753	0.04804	0.02275	0.02199	0.01546	0.02187	0.04288	0.01857	0.01272	0.00752	0.00668	0.00219	0.00984	0.02946	0.00338	0.00996
23	0.01023	0.00921	0.01311	0.01146	0.01451	0.00810	0.10433	0.01281	0.01606	0.02005	0.05520	0.11316	0.45568	0.01622	0.00847	0.00247	0.00523	0.07655	0.00606	0.04109
24	0.04251	0.12394	0.09432	0.01672	0.07882	0.04738	0.01367	0.11881	0.07242	0.23650	0.02069	0.06941	0.01593	0.00884	0.00677	0.00214	0.00733	0.00709	0.00606	0.01066
25	0.01856	0.55589	0.10721	0.01360	0.01958	0.08384	0.01368	0.02141	0.01495	0.01756	0.01301	0.01459	0.03953	0.00703	0.00582	0.00173	0.03510	0.00461	0.00325	0.00903
26	0.01767	0.01872	0.11658	0.01965	0.11006	0.01506	0.09317	0.14068	0.04927	0.02730	0.01452	0.01665	0.01125	0.00649	0.00650	0.00177	0.00768	0.00570	0.00455	0.31672
27	0.02318	0.08315	0.10188	0.01968	0.07879	0.33953	0.01569	0.13079	0.03544	0.04046	0.01302	0.01483	0.01030	0.00770	0.00760	0.00203	0.05681	0.00529	0.00426	0.00958
28	0.03175	0.01244	0.01672	0.01282	0.01834	0.01094	0.01059	0.06117	0.02092	0.68304	0.02764	0.02394	0.01740	0.00880	0.00716	0.00220	0.00613	0.00713	0.00874	0.01212
29	0.01594	0.01505	0.02586	0.18591	0.28516	0.01564	0.13278	0.06563	0.01719	0.02352	0.06871	0.02352	0.04567	0.00967	0.03671	0.00263	0.00909	0.00763	0.00418	0.00952
30	0.00875	0.00643	0.00821	0.00945	0.01025	0.00589	0.00644	0.01024	0.01452	0.01914	0.09593	0.59242	0.14404	0.02108	0.00894	0.00277	0.00399	0.01891	0.00671	0.00589
31	0.01865	0.41558	0.11250	0.01344	0.01895	0.07720	0.01323	0.06937	0.01629	0.02101	0.01278	0.01477	0.01068	0.00705	0.00604	0.00177	0.03910	0.00475	0.11781	0.00903
32	0.68919	0.01315	0.01064	0.00942	0.01371	0.01492	0.00772	0.02163	0.01292	0.08110	0.01217	0.01354	0.00917	0.00689	0.00465	0.00217	0.00540	0.00429	0.05938	0.00796
33	0.57054	0.01560	0.01370	0.01145	0.01624	0.01779	0.00944	0.21709	0.01846	0.03579	0.01205	0.01321	0.00902	0.00719	0.00521	0.00218	0.00620	0.00461	0.00521	0.00902
34	0.01904	0.75404	0.03731	0.01218	0.01828	0.02818	0.01218	0.02132	0.01447	0.01675	0.00990	0.01142	0.00914	0.00609	0.00457	0.00152	0.00761	0.00381	0.00305	0.00914
35	0.01008	0.00728	0.00952	0.00896	0.01064	0.00672	0.00672	0.01344	0.02016	0.02855	0.70158	0.05319	0.06719	0.01456	0.00840	0.00224	0.00336	0.01288	0.00784	0.00672
36	0.00876	0.00636	0.00827	0.00963	0.01030	0.00587	0.00652	0.01020	0.01431	0.01902	0.09018	0.64157	0.09992	0.02141	0.00899	0.00281	0.00403	0.01930	0.00670	0.00587
37	0.01036	0.00690	0.00777	0.00777	0.00777	0.00690	0.00431	0.01036	0.01036	0.01381	0.02244	0.04660	0.02589	0.74975	0.03624	0.00690	0.00690	0.01036	0.00431	0.00431
38	0.01771	0.01530	0.01610	0.01449	0.01852	0.01771	0.01127	0.03784	0.69247	0.02979	0.02898	0.02657	0.02174	0.00966	0.00725	0.00242	0.00564	0.00805	0.00725	0.01127
39	0.80005	0.01377	0.01047	0.00936	0.01377	0.01597	0.00771	0.02093	0.01212	0.03195	0.00991	0.01157	0.00771	0.00661	0.00441	0.00220	0.00551	0.00386	0.00441	0.00771
40	0.01426	0.01373	0.02397	0.58718	0.13423	0.01614	0.07174	0.01904	0.01470	0.01922	0.01289	0.01882	0.00983	0.00693	0.00721	0.00234	0.00955	0.00649	0.00325	0.00848
41	0.01428	0.03683	0.71286	0.02030	0.03082	0.01654	0.02631	0.02255	0.01503	0.02255	0.01278	0.01503	0.00902	0.00677	0.00677	0.00226	0.01052	0.00526	0.00301	0.01052
42	0.01028	0.00692	0.00774	0.00774	0.00784	0.00687	0.00436	0.01035	0.01060	0.01403	0.02447	0.04750	0.05357	0.71981	0.03510	0.00672	0.00677	0.01055	0.00441	0.00438
43	0.01036	0.00690	0.00777	0.00777	0.00777	0.00690	0.00431	0.01036	0.01036	0.01381	0.02244	0.04660	0.02589	0.74975	0.03624	0.00690	0.00690	0.01036	0.00431	0.00431
44	0.00990	0.00727	0.00927	0.00877	0.01053	0.00664	0.00658	0.01309	0.01973	0.02754	0.63300	0.05486	0.13640	0.01494	0.00840	0.00226	0.00339	0.01311	0.00770	0.00664
45	0.80005	0.01377	0.01047	0.00936	0.01377	0.01597	0.00771	0.02093	0.01212	0.03195	0.00991	0.01157	0.00771	0.00661	0.00441	0.00220	0.00551	0.00386	0.00441	0.00771
46	0.00853	0.00675	0.00769	0.00844	0.00994	0.00591	0.00595	0.01008	0.01506	0.01876	0.05726	0.37455	0.40602	0.01997	0.00872	0.00262	0.00384	0.01739	0.00661	0.00591
47	0.08246	0.01848	0.01946	0.01513	0.02043	0.02046	0.01246	0.58288	0.03051	0.04254	0.01704	0.01741	0.01225	0.00839	0.00676	0.00211	0.00732	0.00624	0.06629	0.01137
48	0.01903	0.21327	0.16869	0.02153	0.12450	0.10794	0.06161	0.08427	0.01711	0.02207	0.01206	0.01474	0.00985	0.00732	0.00811	0.00208	0.08700	0.00538	0.00361	0.00979
49	0.07031	0.00968	0.01136	0.01159	0.04285	0.01049	0.00763	0.01782	0.16338	0.01913	0.02059	0.03241	0.01998	0.31314	0.08443	0.13833	0.00753	0.00824	0.00469	0.00641
50	0.01844	0.01566	0.01651	0.01464	0.01880	0.01805	0.01145	0.08828	0.64083	0.03097	0.02805	0.02582	0.02098	0.00957	0.00724	0.00239	0.00581	0.00792	0.00724	0.01134
51	0.02660	0.03394	0.02018	0.01834	0.02201	0.72116	0.01376	0.02843	0.02018	0.01743	0.01101	0.01284	0.00917	0.00734	0.00642	0.00183	0.01284	0.00459	0.00367	0.00825
52	0.01463	0.08920	0.66353	0.01970	0.02990	0.01739	0.02528	0.02246	0.01499	0.02213	0.01257	0.01477	0.00903	0.00672	0.00660	0.00220	0.01031	0.00516	0.00301	0.01042
53	0.12948	0.10644	0.08378	0.01289	0.01880	0.01395	0.01181	0.03010	0.01806	0.47079	0.02202	0.02012	0.01447	0.00799	0.00644	0.00212	0.00660	0.00613	0.00698	0.01102
54	0.80005	0.01377	0.01047	0.00936	0.01377	0.01597	0.00771	0.02093	0.01212	0.03195	0.00991	0.01157	0.00771	0.00661	0.00441	0.00220	0.00551	0.00386	0.00441	0.00771
55	0.03195	0.01212	0.01652	0.01267	0.01818	0.01047	0.01047	0.03470	0.02038	0.71026	0.02809	0.02424	0.01763	0.00881	0.00716	0.00220	0.00606	0.00716	0.00881	0.01212
56	0.01717	0.01498	0.02258	0.46060	0.14939	0.01740	0.01871	0.16732	0.01887	0.02499	0.01377	0.01834	0.01037	0.00731	0.00711	0.00228	0.00895	0.00635	0.00411	0.00940
57	0.03018	0.01167	0.01590	0.01246	0.01758	0.01011	0.01017	0.03282	0.01987	0.65773	0.02894	0.07895	0.01986	0.00984	0.00731	0.00226	0.00591	0.00815	0.00865	0.01164
58	0.00997	0.00720	0.00942	0.00903	0.01061	0.00665	0.00671	0.01317	0.01966	0.02777	0.65130	0.10571	0.06566	0.01515	0.00845	0.00229	0.00342	0.01344	0.00775	0.00665
59	0.03195	0.01212	0.01652	0.01267	0.01818	0.01047	0.01047	0.03470	0.02038	0.71026	0.02809	0.02424	0.01763	0.00881	0.00716	0.00220	0.00606	0.00716	0.00881	0.01212
60	0.02251	0.02014	0.17224	0.01515	0.02091	0.08345	0.01449	0.10629	0.04909	0.25745	0.05373	0.02846	0.04401	0.00983	0.00735	0.00229	0.00777	0.06811	0.00639	0.01036
61	0.02973	0.01261	0.01646	0.01295	0.01823	0.01159	0.01059	0.03519	0.12507	0.60426	0.02823	0.02460	0.01827	0.00895	0.00717	0.00224	0.00599	0.00730	0.00857	0.01199
62	0.01033	0.00702	0.00837	0.00837	0.00858	0.00723	0.00507	0.01074	0.01053	0.01425	0.02189	0.04355	0.02456	0.63579	0.14840	0.00765	0.00890	0.00991	0.00423	0.00465
63	0.01477	0.01266	0.01477	0.01055	0.01687	0.00949	0.00844	0.01793	0.01477	0.02320	0.01266	0.01477	0.01055	0.00527	0.00527	0.00105	0.00527	0.00422	0.00422	0.79328
64	0.01428	0.03683	0.71286	0.02030	0.03082	0.01654	0.02631	0.02255	0.01503	0.02255	0.01278	0.01503	0.00902	0.00677	0.00677	0.00226	0.01052	0.00526	0.00301	0.01052
65	0.01025	0.00733	0.00990	0.00990	0.01064	0.00806	0.00698	0.01173	0.01099	0.01539	0.02048	0.03578	0.02119	0.34513	0.43444	0.00954	0.01397	0.00877	0.00402	0.00550
66	0.01622	0.01352	0.01555	0.01124	0.01749	0.01098	0.00904	0.09641	0.01698	0.02577	0.01318	0.01504	0.01073	0.00566	0.00549	0.00118	0.00558	0.00448	0.00456	0.70091
67	0.01234	0.00682	0.00747	0.00731	0.00898	0.00666	0.00548	0.01567	0.01645	0.02713	0.22047	0.03429	0.03248	0.01012	0.00597	0.00183	0.00333	0.00845	0.56207	0.00666
68	0.01535	0.01266	0.01370	0.01248	0.01578	0.01411	0.00963	0.02997	0.47407	0.02885	0.17904	0.03434	0.06236	0.01104	0.00742	0.00233	0.00491	0.00935	0.05286	0.00976
69	0.01477	0.01266	0.01477	0.01055	0.01687	0.00949	0.00844	0.01793	0.01477	0.02320	0.01266	0.01477	0.01055	0.00527	0.00527	0.00105	0.00527	0.00422	0.00422	0.79328
70	0.00854	0.00722	0.00738	0.00734	0.00969	0.00606	0.00551	0.01046	0.01652	0.01992	0.11840	0.06740	0.65575	0.01778	0.00841	0.00239	0.00359	0.01487	0.00670	0.00606
71	0.01758	0.01745	0.02876	0.10634	0.56393	0.04875	0.06931	0.02188	0.01625	0.02249	0.01329	0.01765	0.01098	0.00644	0.00713	0.00215	0.00901	0.00641	0.00350	0.01070

[dist]
# distance from previous block
# <min> <max>
1	35

[block]
# block no. 3 follows, 29 sequences, length 95
# corresponding to MSA columns:
# 237-277,279-310,325-346
name=unknown_D
#
# <colnr> <probs for GDERKNQSTAVLIFYWHMCP>
#	G	D	E	R	K	N	Q	S	T	A	V	L	I	F	Y	W	H	M	C	P
0	0.08442	0.07054	0.08795	0.01736	0.08932	0.08396	0.01370	0.10377	0.13803	0.16026	0.04275	0.01995	0.01553	0.00806	0.00663	0.00211	0.00747	0.00632	0.00580	0.03609
1	0.35285	0.04788	0.30758	0.01547	0.02278	0.01641	0.06055	0.02159	0.01386	0.02646	0.01155	0.01369	0.00866	0.00655	0.00571	0.00216	0.00810	0.00477	0.00371	0.04968
2	0.02212	0.05256	0.02199	0.01800	0.06706	0.07974	0.05965	0.22554	0.07536	0.09861	0.01673	0.01800	0.01262	0.00820	0.00857	0.00211	0.08780	0.00624	0.02911	0.09000
3	0.04667	0.01665	0.05118	0.12178	0.35695	0.01733	0.04263	0.06743	0.04808	0.02373	0.01400	0.01817	0.01146	0.00965	0.04230	0.00273	0.08889	0.00641	0.00389	0.01007
4	0.01501	0.01485	0.02124	0.33514	0.03221	0.04511	0.01706	0.01807	0.01290	0.01788	0.01102	0.01695	0.00946	0.00958	0.01472	0.00265	0.35449	0.00612	0.00321	0.04232
5	0.00868	0.00620	0.00826	0.00991	0.01033	0.00578	0.00661	0.00991	0.01363	0.01818	0.03925	0.74510	0.04710	0.02231	0.00909	0.00289	0.00413	0.02024	0.00661	0.00578
6	0.01762	0.01692	0.02890	0.04371	0.70533	0.01692	0.02185	0.02185	0.01621	0.02326	0.01339	0.01762	0.01128	0.00634	0.00705	0.00211	0.00846	0.00634	0.00352	0.01128
7	0.03610	0.01264	0.01562	0.01501	0.06851	0.04538	0.01097	0.10045	0.05437	0.19315	0.02080	0.02378	0.01621	0.02585	0.28484	0.00575	0.01167	0.00703	0.04265	0.00923
8	0.00973	0.00712	0.01012	0.01082	0.01174	0.00763	0.00801	0.01173	0.01250	0.01730	0.02772	0.28952	0.03027	0.07601	0.38315	0.00760	0.01225	0.05569	0.00503	0.00606
9	0.00974	0.00727	0.00904	0.00860	0.01043	0.00657	0.00645	0.01277	0.01935	0.02663	0.57181	0.05635	0.19815	0.01527	0.00840	0.00227	0.00341	0.01332	0.00759	0.00657
10	0.02181	0.01733	0.01841	0.01532	0.02008	0.01962	0.01226	0.31955	0.40409	0.03639	0.02378	0.02242	0.01752	0.00917	0.00719	0.00229	0.00660	0.00733	0.00719	0.01164
11	0.01109	0.00794	0.01093	0.01196	0.01361	0.00779	0.01015	0.01439	0.01744	0.02332	0.22191	0.07279	0.04825	0.01825	0.00944	0.00299	0.00567	0.47857	0.00691	0.00660
12	0.08646	0.01224	0.01609	0.01243	0.01786	0.01086	0.01027	0.03372	0.01979	0.66212	0.02680	0.02334	0.01692	0.00866	0.00697	0.00220	0.00602	0.00693	0.00850	0.01181
13	0.80005	0.01377	0.01047	0.00936	0.01377	0.01597	0.00771	0.02093	0.01212	0.03195	0.00991	0.01157	0.00771	0.00661	0.00441	0.00220	0.00551	0.00386	0.00441	0.00771
14	0.01596	0.04181	0.01589	0.01097	0.01716	0.03602	0.00884	0.01903	0.01515	0.04687	0.01303	0.01490	0.01069	0.00550	0.00535	0.00114	0.00566	0.00432	0.00432	0.70738
15	0.07310	0.60556	0.12644	0.01308	0.01965	0.02575	0.01377	0.02146	0.01438	0.01860	0.01029	0.01192	0.00902	0.00622	0.00485	0.00167	0.00786	0.00401	0.00314	0.00922
16	0.00963	0.00706	0.00903	0.00896	0.01047	0.00646	0.00656	0.01241	0.01847	0.02553	0.50506	0.18917	0.13185	0.01644	0.00853	0.00238	0.00354	0.01454	0.00747	0.00646
17	0.00883	0.00662	0.00825	0.00947	0.01050	0.00604	0.00669	0.01038	0.01453	0.01870	0.04765	0.51654	0.21656	0.02099	0.00897	0.00280	0.00419	0.06979	0.00661	0.00590
18	0.01469	0.00831	0.00848	0.00797	0.01011	0.00865	0.00610	0.07118	0.06387	0.02824	0.02314	0.02579	0.01800	0.00841	0.00531	0.00175	0.00384	0.00672	0.67205	0.00740
19	0.00994	0.00727	0.00933	0.00881	0.01055	0.00666	0.00661	0.01317	0.01983	0.02777	0.64885	0.05447	0.12040	0.01485	0.00840	0.00225	0.00338	0.01306	0.00774	0.00666
20	0.36163	0.01691	0.01643	0.01317	0.01830	0.01890	0.01087	0.36551	0.02363	0.07049	0.01451	0.01504	0.01047	0.00772	0.00595	0.00217	0.00675	0.00534	0.00603	0.01021
21	0.08132	0.01579	0.01742	0.09255	0.02206	0.09600	0.01201	0.08519	0.08467	0.38550	0.02231	0.02107	0.01499	0.00836	0.00688	0.00219	0.00730	0.00656	0.00699	0.01082
22	0.37114	0.01680	0.01607	0.01309	0.01808	0.01899	0.01075	0.33310	0.07897	0.03785	0.01488	0.01542	0.01095	0.00778	0.00592	0.00219	0.00661	0.00541	0.00592	0.01008
23	0.01746	0.01547	0.02520	0.03227	0.42550	0.01535	0.07700	0.02343	0.09563	0.06540	0.06647	0.02343	0.04159	0.00781	0.00728	0.00216	0.00766	0.00747	0.00472	0.03871
24	0.11178	0.02277	0.29544	0.01547	0.02176	0.03638	0.01644	0.02255	0.05986	0.09380	0.04908	0.02195	0.05936	0.01034	0.03376	0.00260	0.06932	0.00654	0.00462	0.04618
25	0.02507	0.01489	0.01673	0.01319	0.01790	0.01559	0.01078	0.36551	0.02590	0.20640	0.02126	0.02108	0.01491	0.00856	0.00663	0.00204	0.00634	0.00665	0.18973	0.01084
26	0.01687	0.01903	0.04102	0.03106	0.08812	0.01792	0.62936	0.02274	0.01676	0.02284	0.01433	0.01909	0.01084	0.00603	0.00830	0.00238	0.01173	0.00825	0.00360	0.00973
27	0.01561	0.10735	0.59773	0.01936	0.02897	0.06704	0.02404	0.02284	0.01534	0.02162	0.01237	0.01452	0.00904	0.00674	0.00652	0.00215	0.01040	0.00507	0.00306	0.01023
28	0.00922	0.00709	0.00844	0.00842	0.01020	0.00630	0.00619	0.01166	0.01766	0.02339	0.35852	0.16175	0.31132	0.01706	0.00851	0.00240	0.00357	0.01481	0.00718	0.00630
29	0.00896	0.00648	0.00847	0.00957	0.01036	0.00599	0.00657	0.01068	0.01515	0.02043	0.18126	0.56354	0.08524	0.02045	0.00891	0.00273	0.00394	0.01841	0.00687	0.00599
30	0.01732	0.01661	0.02836	0.09312	0.65827	0.01684	0.02170	0.02159	0.01607	0.02290	0.01334	0.01772	0.01115	0.00640	0.00705	0.00213	0.00853	0.00634	0.00350	0.01104
31	0.01368	0.01312	0.02280	0.68342	0.04821	0.01597	0.06598	0.01852	0.01442	0.01852	0.01278	0.01900	0.00958	0.00704	0.00721	0.00237	0.00967	0.00647	0.00319	0.00803
32	0.00969	0.00762	0.00899	0.00967	0.01175	0.00692	0.00793	0.01210	0.01630	0.02010	0.05781	0.07343	0.42735	0.01871	0.00901	0.00277	0.00483	0.28219	0.00659	0.00624
33	0.01440	0.03612	0.68855	0.02113	0.05479	0.01655	0.02615	0.02253	0.01508	0.02258	0.01280	0.01513	0.00910	0.00675	0.00678	0.00225	0.01045	0.00530	0.00303	0.01055
34	0.01345	0.01266	0.02136	0.73264	0.04904	0.01582	0.01978	0.01819	0.01424	0.01819	0.01266	0.01898	0.00949	0.00712	0.00712	0.00237	0.00949	0.00633	0.00316	0.00791
35	0.01552	0.03510	0.66408	0.01976	0.02993	0.01611	0.02520	0.02340	0.01541	0.07072	0.01385	0.01568	0.00962	0.00691	0.00679	0.00225	0.01021	0.00539	0.00341	0.01064
36	0.03094	0.01282	0.01684	0.01301	0.01847	0.01162	0.01072	0.08016	0.05281	0.63175	0.02736	0.02385	0.01743	0.00883	0.00716	0.00221	0.00616	0.00715	0.00862	0.01208
37	0.02020	0.01858	0.05006	0.01526	0.01992	0.07191	0.01251	0.19380	0.42310	0.03184	0.02548	0.02415	0.04222	0.00937	0.00717	0.00229	0.00688	0.00750	0.00672	0.01102
38	0.01066	0.00760	0.00976	0.00960	0.01012	0.00838	0.00656	0.01177	0.01094	0.01541	0.02059	0.03763	0.02187	0.43647	0.27908	0.00814	0.04886	0.00904	0.03222	0.00531
39	0.02241	0.01914	0.02015	0.01902	0.10001	0.08457	0.01367	0.30216	0.27838	0.03415	0.02058	0.02033	0.01537	0.00860	0.00710	0.00221	0.00754	0.00685	0.00643	0.01134
40	0.01017	0.00763	0.01144	0.01144	0.01272	0.00890	0.00890	0.01272	0.01144	0.01653	0.01907	0.02797	0.01780	0.05340	0.72153	0.01144	0.01907	0.00763	0.00381	0.00636
41	0.01833	0.01864	0.03587	0.02613	0.03248	0.01838	0.49911	0.14606	0.01958	0.02654	0.01581	0.05052	0.01259	0.00744	0.00877	0.00240	0.03867	0.00846	0.00438	0.00984
42	0.01769	0.01564	0.01881	0.02068	0.16401	0.01754	0.01351	0.03445	0.54921	0.02841	0.02568	0.02467	0.01952	0.00896	0.00720	0.00235	0.00623	0.00769	0.00646	0.01127
43	0.00865	0.00648	0.00798	0.00916	0.01008	0.00587	0.00624	0.01000	0.01423	0.01835	0.04739	0.55279	0.21680	0.03848	0.00956	0.00286	0.00406	0.01865	0.00656	0.00581
44	0.01807	0.01547	0.01630	0.01456	0.01865	0.01788	0.01136	0.06250	0.66722	0.03037	0.02853	0.02620	0.02137	0.00962	0.00724	0.00240	0.00572	0.00799	0.00724	0.01130
45	0.00939	0.00675	0.00890	0.00943	0.01049	0.00626	0.00667	0.01171	0.01695	0.02345	0.37594	0.39338	0.05731	0.01837	0.00874	0.00256	0.00374	0.01650	0.00723	0.00626
46	0.01582	0.01387	0.01820	0.01308	0.01946	0.01128	0.08239	0.06324	0.01625	0.02462	0.01315	0.01541	0.01068	0.00557	0.00574	0.00128	0.00618	0.00483	0.00435	0.65462
47	0.01428	0.03683	0.71286	0.02030	0.03082	0.01654	0.02631	0.02255	0.01503	0.02255	0.01278	0.01503	0.00902	0.00677	0.00677	0.00226	0.01052	0.00526	0.00301	0.01052
48	0.01696	0.44142	0.33177	0.01572	0.02374	0.02310	0.01834	0.02186	0.01471	0.01928	0.01115	0.01300	0.00909	0.00639	0.00553	0.00184	0.00888	0.00444	0.00303	0.00974
49	0.01965	0.04590	0.15323	0.03951	0.05508	0.14879	0.06270	0.04757	0.04333	0.11716	0.04814	0.02127	0.03892	0.01017	0.03398	0.00254	0.06760	0.00669	0.02835	0.00943
50	0.03195	0.01212	0.01652	0.01267	0.01818	0.01047	0.01047	0.03470	0.02038	0.71026	0.02809	0.02424	0.01763	0.00881	0.00716	0.00220	0.00606	0.00716	0.00881	0.01212
51	0.03176	0.01241	0.01671	0.01281	0.01833	0.01091	0.01058	0.05921	0.02088	0.68505	0.02768	0.02397	0.01742	0.00880	0.00716	0.00220	0.00613	0.00713	0.00875	0.01212
52	0.02660	0.03394	0.02018	0.01834	0.02201	0.72116	0.01376	0.02843	0.02018	0.01743	0.01101	0.01284	0.00917	0.00734	0.00642	0.00183	0.01284	0.00459	0.00367	0.00825
53	0.01070	0.00741	0.00964	0.00960	0.01127	0.00702	0.00755	0.01404	0.01883	0.02682	0.49216	0.05624	0.05667	0.01501	0.00836	0.00240	0.00403	0.14878	0.08680	0.00668
54	0.00902	0.00655	0.00858	0.01003	0.01079	0.00611	0.00708	0.01060	0.01436	0.01892	0.06006	0.58894	0.10440	0.02141	0.00910	0.00288	0.00435	0.09426	0.00664	0.00592
55	0.01038	0.00789	0.01169	0.01158	0.01275	0.00930	0.00898	0.01279	0.01138	0.01645	0.01884	0.02819	0.01779	0.07713	0.67115	0.01097	0.04490	0.00768	0.00381	0.00634
56	0.01006	0.00730	0.00834	0.00816	0.01024	0.00641	0.00609	0.01243	0.01738	0.04683	0.27044	0.11378	0.38383	0.01642	0.00824	0.00234	0.00364	0.01403	0.04756	0.00647
57	0.02660	0.03394	0.02018	0.01834	0.02201	0.72116	0.01376	0.02843	0.02018	0.01743	0.01101	0.01284	0.00917	0.00734	0.00642	0.00183	0.01284	0.00459	0.00367	0.00825
58	0.74839	0.01512	0.01111	0.00996	0.01432	0.06308	0.00812	0.02143	0.01266	0.03098	0.00999	0.01165	0.00781	0.00666	0.00454	0.00218	0.00600	0.00390	0.00436	0.00775
59	0.01673	0.01421	0.01534	0.01387	0.01737	0.01647	0.01076	0.03381	0.57691	0.02824	0.05174	0.02779	0.02280	0.03417	0.03207	0.00284	0.03271	0.00817	0.03356	0.01045
60	0.00865	0.00629	0.00816	0.00966	0.01026	0.00581	0.00649	0.00994	0.01388	0.01828	0.04240	0.68028	0.10989	0.02190	0.00902	0.00285	0.00408	0.01974	0.00661	0.00581
61	0.00920	0.00724	0.00830	0.00803	0.01010	0.00634	0.00602	0.01173	0.01807	0.02361	0.36769	0.06133	0.40416	0.01640	0.00841	0.00233	0.00349	0.01402	0.00719	0.00634
62	0.01542	0.01522	0.02114	0.01822	0.01843	0.02109	0.01512	0.01774	0.03707	0.01760	0.01053	0.01654	0.01019	0.01415	0.05338	0.00345	0.67720	0.00636	0.00330	0.00786
63	0.01409	0.01300	0.02136	0.69886	0.04777	0.01612	0.01948	0.04948	0.01515	0.01945	0.01287	0.01890	0.00962	0.00719	0.00712	0.00236	0.00941	0.00633	0.00335	0.00811
64	0.02595	0.01745	0.01949	0.01536	0.02050	0.01897	0.01256	0.45661	0.09983	0.15891	0.02089	0.04569	0.01530	0.00932	0.00766	0.00223	0.02708	0.00721	0.00731	0.01167
65	0.01539	0.01680	0.14341	0.01553	0.06488	0.01235	0.04408	0.08860	0.01808	0.06054	0.10108	0.03099	0.15641	0.00993	0.00750	0.00203	0.02356	0.00830	0.00532	0.17521
66	0.01886	0.26840	0.29598	0.01667	0.02427	0.03553	0.04881	0.04846	0.06083	0.09687	0.01476	0.01582	0.01103	0.00700	0.00620	0.00201	0.00878	0.00535	0.00412	0.01025
67	0.01453	0.07392	0.67792	0.01988	0.03017	0.01714	0.02558	0.02249	0.01500	0.02225	0.01263	0.01485	0.00903	0.00673	0.00665	0.00222	0.01037	0.00519	0.00301	0.01045
68	0.00896	0.00763	0.00776	0.00765	0.01011	0.00664	0.00576	0.01176	0.05134	0.02011	0.09228	0.06581	0.64466	0.01748	0.00835	0.00240	0.00370	0.01459	0.00669	0.00631
69	0.01450	0.01237	0.01448	0.01052	0.01659	0.00933	0.00836	0.01758	0.01472	0.02298	0.01382	0.04681	0.01215	0.00602	0.00544	0.00114	0.00522	0.00492	0.00432	0.75873
70	0.01445	0.08348	0.31134	0.01800	0.02462	0.01497	0.12856	0.01983	0.01578	0.04685	0.09472	0.11056	0.04214	0.00995	0.00793	0.00233	0.03228	0.00874	0.00441	0.00909
71	0.02791	0.01860	0.02054	0.01574	0.02141	0.02008	0.01301	0.57031	0.03123	0.15933	0.01899	0.01832	0.01306	0.00859	0.00713	0.00215	0.00753	0.00654	0.00741	0.01211
72	0.01871	0.01198	0.01498	0.01283	0.01544	0.01332	0.01009	0.13793	0.04318	0.15632	0.02024	0.02647	0.01705	0.14329	0.16563	0.00505	0.11655	0.00753	0.05488	0.00857
73	0.05496	0.01637	0.02801	0.08669	0.50722	0.01645	0.08982	0.02257	0.01624	0.07228	0.01433	0.01807	0.01139	0.00655	0.00708	0.00217	0.00860	0.00650	0.00393	0.01076
74	0.01027	0.00795	0.00944	0.00909	0.01110	0.00752	0.00680	0.01467	0.08307	0.02545	0.42210	0.10321	0.23162	0.01556	0.00834	0.00235	0.00370	0.01351	0.00737	0.00690
75	0.00955	0.00670	0.00787	0.00844	0.00886	0.00642	0.00523	0.01019	0.01216	0.01594	0.03397	0.28874	0.11166	0.41533	0.02370	0.00501	0.00557	0.01429	0.00537	0.00502
76	0.02257	0.01844	0.11500	0.02090	0.16568	0.01603	0.01552	0.23958	0.02241	0.16912	0.01900	0.02066	0.01386	0.00810	0.00691	0.00214	0.00749	0.02014	0.08543	0.01105
77	0.01501	0.10242	0.57568	0.02060	0.03034	0.01779	0.09662	0.02246	0.01517	0.02203	0.01269	0.01515	0.00923	0.00662	0.00674	0.00220	0.01041	0.00547	0.00308	0.01029
78	0.01648	0.01562	0.02646	0.14662	0.55869	0.01607	0.02053	0.02073	0.01618	0.02284	0.05925	0.02021	0.01474	0.00701	0.00715	0.00216	0.00828	0.00678	0.00376	0.01046
79	0.00890	0.00716	0.00793	0.00789	0.00995	0.00619	0.00586	0.01109	0.01714	0.02175	0.24467	0.11253	0.47920	0.01737	0.00846	0.00239	0.00358	0.01480	0.00695	0.00619
80	0.01835	0.63203	0.12829	0.01435	0.04338	0.02622	0.01442	0.02151	0.01460	0.01776	0.01041	0.01212	0.00920	0.00619	0.00495	0.00164	0.00804	0.00409	0.00306	0.00940
81	0.01101	0.00771	0.00924	0.00914	0.01045	0.00769	0.00646	0.01300	0.03735	0.04347	0.03554	0.04905	0.19210	0.32759	0.16023	0.00610	0.00838	0.05442	0.00521	0.00584
82	0.01836	0.04861	0.01748	0.01211	0.01823	0.03467	0.03217	0.05219	0.01665	0.11780	0.01486	0.01610	0.01149	0.00604	0.00573	0.00136	0.00609	0.00486	0.00489	0.56032
83	0.01572	0.01405	0.02041	0.44147	0.03741	0.01669	0.04015	0.07647	0.19747	0.02383	0.03348	0.02167	0.01437	0.00805	0.00723	0.00236	0.00827	0.00702	0.00470	0.00918
84	0.01472	0.01430	0.02526	0.50610	0.19014	0.01630	0.09259	0.01949	0.01495	0.01980	0.01301	0.01871	0.01002	0.00683	0.00724	0.00232	0.00954	0.00656	0.00329	0.00883
85	0.06398	0.01906	0.01751	0.01456	0.01910	0.16519	0.01162	0.24664	0.07198	0.12687	0.06653	0.02415	0.04171	0.00932	0.00700	0.00211	0.00775	0.03172	0.00637	0.04685
86	0.00889	0.00686	0.00812	0.00860	0.01011	0.00609	0.00615	0.01084	0.01617	0.02097	0.20363	0.31334	0.31703	0.01881	0.00866	0.00255	0.00374	0.01645	0.00689	0.00609
87	0.02061	0.07086	0.01922	0.04490	0.02022	0.33052	0.03012	0.06549	0.01841	0.02146	0.04886	0.01786	0.01384	0.00952	0.03445	0.00221	0.04300	0.00562	0.08374	0.09909
88	0.01000	0.00744	0.00923	0.01007	0.01156	0.00700	0.00790	0.01216	0.01538	0.01966	0.07738	0.15671	0.23622	0.11459	0.01270	0.00340	0.00527	0.27098	0.00635	0.00601
89	0.02570	0.02049	0.02143	0.01831	0.06968	0.07595	0.01397	0.53825	0.07849	0.04014	0.01721	0.01748	0.01251	0.00838	0.00707	0.00213	0.00811	0.00638	0.00661	0.01169
90	0.01608	0.03269	0.58414	0.01957	0.02911	0.01616	0.04524	0.02464	0.06299	0.08038	0.01524	0.01674	0.01069	0.00711	0.00689	0.00227	0.00986	0.00572	0.00381	0.01068
91	0.00903	0.00635	0.00816	0.00946	0.00979	0.00602	0.00612	0.01001	0.01294	0.01725	0.03569	0.59713	0.04260	0.17641	0.01484	0.00374	0.00472	0.01815	0.00612	0.00547
92	0.19225	0.01469	0.01663	0.01335	0.01816	0.01559	0.01098	0.17266	0.07684	0.31452	0.02057	0.01956	0.01407	0.00861	0.00771	0.00227	0.05747	0.00630	0.00697	0.01080
93	0.01862	0.01759	0.02985	0.03859	0.53193	0.01768	0.11274	0.09931	0.01832	0.02573	0.01397	0.01778	0.01131	0.00655	0.00725	0.00216	0.00888	0.00664	0.00396	0.01114
94	0.06881	0.00910	0.01166	0.01171	0.04458	0.00931	0.00813	0.01602	0.01457	0.11324	0.13351	0.12395	0.06798	0.18496	0.10947	0.00463	0.04503	0.01059	0.00573	0.00704

[dist]
