[name]
unknown

[dist]
# distance from previous block
# <min> <max>
0	44

[block]
# block no. 0 follows, 34 sequences, length 50
# corresponding to MSA columns:
# 44-93
name=unknown_A
#
# <colnr> <probs for GDERKNQSTAVLIFYWHMCP>
#	G	D	E	R	K	N	Q	S	T	A	V	L	I	F	Y	W	H	M	C	P
0	0.01965	0.03905	0.01704	0.01367	0.01787	0.03782	0.03031	0.29731	0.13920	0.09531	0.02124	0.02848	0.01778	0.00960	0.00681	0.00212	0.00651	0.14037	0.00607	0.05379
1	0.06335	0.01472	0.04304	0.03718	0.06279	0.06451	0.01134	0.09534	0.22798	0.17256	0.06197	0.02416	0.01843	0.00856	0.00649	0.00207	0.00620	0.04718	0.00595	0.02617
2	0.01464	0.01347	0.01503	0.05933	0.08258	0.11001	0.01106	0.07609	0.14407	0.02024	0.01685	0.02083	0.01417	0.02464	0.31922	0.00550	0.01173	0.00627	0.00421	0.03006
3	0.03670	0.01272	0.06606	0.01155	0.01434	0.09778	0.04735	0.01566	0.05380	0.02015	0.20783	0.05450	0.13582	0.01959	0.17313	0.00392	0.00843	0.00897	0.00497	0.00672
4	0.01560	0.01561	0.12751	0.02190	0.25010	0.01339	0.01501	0.06311	0.01558	0.09947	0.09962	0.08035	0.03873	0.00920	0.00859	0.00214	0.10309	0.00758	0.00456	0.00885
5	0.03613	0.25029	0.02232	0.01396	0.03716	0.05321	0.03252	0.12614	0.21607	0.02342	0.03795	0.04029	0.01469	0.00794	0.00685	0.00192	0.05946	0.00599	0.00471	0.00899
6	0.06740	0.28700	0.16623	0.01309	0.01897	0.05003	0.01312	0.06689	0.06413	0.17333	0.01466	0.01483	0.01079	0.00662	0.00542	0.00179	0.00712	0.00481	0.00446	0.00931
7	0.02042	0.16688	0.04678	0.01598	0.02098	0.14813	0.10814	0.27803	0.06205	0.02644	0.01406	0.03780	0.01123	0.00721	0.00611	0.00186	0.00825	0.00576	0.00463	0.00927
8	0.41613	0.03299	0.09105	0.01473	0.01989	0.01521	0.18668	0.04242	0.05242	0.02588	0.03883	0.01491	0.01074	0.00635	0.00549	0.00205	0.00699	0.00526	0.00400	0.00799
9	0.45703	0.04779	0.07171	0.01222	0.01715	0.01437	0.09362	0.03923	0.01358	0.14039	0.01280	0.01388	0.00927	0.00633	0.00509	0.00198	0.00623	0.00470	0.02445	0.00818
10	0.01635	0.01405	0.01852	0.04845	0.19703	0.01547	0.03114	0.12985	0.30842	0.02562	0.01913	0.02049	0.01491	0.01247	0.09585	0.00307	0.00781	0.00659	0.00511	0.00965
11	0.00981	0.00959	0.09564	0.00870	0.00994	0.00747	0.00667	0.01091	0.00999	0.01369	0.01905	0.03742	0.02103	0.62000	0.08929	0.00610	0.00758	0.00863	0.00373	0.00475
12	0.00764	0.00655	0.00655	0.00655	0.00873	0.00545	0.00491	0.00927	0.01473	0.01745	0.06546	0.06218	0.73000	0.01636	0.00764	0.00218	0.00327	0.01364	0.00600	0.00545
13	0.01524	0.01143	0.01359	0.00980	0.01545	0.00872	0.00787	0.01806	0.01400	0.10541	0.01313	0.01441	0.01033	0.00516	0.00499	0.00108	0.00487	0.00414	0.00432	0.71800
14	0.02885	0.01122	0.01513	0.01160	0.01661	0.00983	0.00958	0.05298	0.01887	0.71507	0.02518	0.02179	0.01584	0.00799	0.00650	0.00200	0.00555	0.00648	0.00795	0.01100
15	0.02113	0.01639	0.01746	0.01417	0.01873	0.01843	0.01145	0.43748	0.30956	0.03519	0.01987	0.01899	0.01452	0.00816	0.00651	0.00204	0.00630	0.00642	0.00651	0.01068
16	0.01491	0.01665	0.03550	0.11565	0.05648	0.01607	0.60469	0.02017	0.01495	0.02020	0.01285	0.01736	0.00967	0.00558	0.00745	0.00217	0.01052	0.00734	0.00322	0.00858
17	0.01220	0.01148	0.01938	0.75739	0.04450	0.01436	0.01794	0.01651	0.01292	0.01651	0.01148	0.01723	0.00861	0.00646	0.00646	0.00215	0.00861	0.00574	0.00287	0.00718
18	0.01408	0.01189	0.01376	0.00989	0.01560	0.00931	0.00794	0.05859	0.01443	0.02225	0.01173	0.01353	0.00966	0.00497	0.00489	0.00102	0.00493	0.00395	0.00399	0.76361
19	0.01727	0.77681	0.03386	0.01106	0.01658	0.02557	0.01106	0.01935	0.01313	0.01520	0.00898	0.01036	0.00829	0.00553	0.00415	0.00138	0.00691	0.00345	0.00276	0.00829
20	0.81856	0.01250	0.00950	0.00850	0.01250	0.01449	0.00700	0.01899	0.01100	0.02899	0.00900	0.01050	0.00700	0.00600	0.00400	0.00200	0.00500	0.00350	0.00400	0.00700
21	0.01762	0.01465	0.01548	0.01346	0.01739	0.01680	0.01060	0.15812	0.59463	0.02953	0.02433	0.02254	0.01813	0.00858	0.00655	0.00215	0.00548	0.00703	0.00655	0.01037
22	0.01122	0.00561	0.00842	0.00842	0.00842	0.00561	0.00561	0.00842	0.00842	0.01122	0.01122	0.01964	0.01122	0.02245	0.02525	0.81201	0.00561	0.00561	0.00281	0.00281
23	0.01220	0.01148	0.01938	0.75739	0.04450	0.01436	0.01794	0.01651	0.01292	0.01651	0.01148	0.01723	0.00861	0.00646	0.00646	0.00215	0.00861	0.00574	0.00287	0.00718
24	0.01583	0.01518	0.02593	0.07115	0.70242	0.01531	0.01975	0.01968	0.01463	0.02091	0.01212	0.01605	0.01016	0.00579	0.00640	0.00193	0.00772	0.00576	0.00318	0.01010
25	0.01896	0.01194	0.01654	0.01209	0.01766	0.00973	0.08187	0.02197	0.01535	0.26755	0.01647	0.01678	0.01181	0.00596	0.00567	0.00144	0.00567	0.00515	0.00520	0.45219
26	0.01220	0.01148	0.01938	0.75739	0.04450	0.01436	0.01794	0.01651	0.01292	0.01651	0.01148	0.01723	0.00861	0.00646	0.00646	0.00215	0.00861	0.00574	0.00287	0.00718
27	0.01235	0.01163	0.01964	0.73002	0.07074	0.01439	0.01802	0.01664	0.01299	0.01668	0.01151	0.01718	0.00868	0.00643	0.00646	0.00214	0.00858	0.00574	0.00288	0.00729
28	0.00900	0.00660	0.00843	0.00798	0.00956	0.00603	0.00598	0.01191	0.01794	0.02509	0.66480	0.04962	0.12589	0.01352	0.00762	0.00205	0.00307	0.01187	0.00700	0.00603
29	0.01469	0.01403	0.02388	0.28589	0.49655	0.01501	0.01918	0.01869	0.01410	0.01953	0.01192	0.01642	0.00968	0.00600	0.00642	0.00200	0.00800	0.00575	0.00309	0.00919
30	0.01607	0.50704	0.18121	0.01259	0.01894	0.03986	0.01341	0.01938	0.01340	0.01704	0.00987	0.01146	0.00842	0.00560	0.00469	0.00148	0.00734	0.00380	0.00290	0.10550
31	0.81856	0.01250	0.00950	0.00850	0.01250	0.01449	0.00700	0.01899	0.01100	0.02899	0.00900	0.01050	0.00700	0.00600	0.00400	0.00200	0.00500	0.00350	0.00400	0.00700
32	0.00925	0.00684	0.00998	0.00998	0.01100	0.00786	0.00757	0.01128	0.01027	0.01470	0.01767	0.02742	0.01704	0.13581	0.66117	0.00989	0.01598	0.00722	0.00352	0.00555
33	0.00906	0.00687	0.00838	0.00795	0.00971	0.00633	0.00598	0.01236	0.04418	0.02400	0.54945	0.05056	0.21366	0.01377	0.00758	0.00207	0.00318	0.01197	0.00684	0.00611
34	0.01340	0.01148	0.01340	0.00957	0.01531	0.00861	0.00766	0.01627	0.01340	0.02105	0.01148	0.01340	0.00957	0.00479	0.00479	0.00096	0.00479	0.00383	0.00383	0.81242
35	0.01519	0.01722	0.03727	0.02662	0.03313	0.01607	0.68480	0.02054	0.01519	0.02071	0.01302	0.01729	0.00980	0.00542	0.00753	0.00214	0.01068	0.00749	0.00329	0.03661
36	0.01296	0.03342	0.73944	0.01842	0.02797	0.01501	0.02387	0.02046	0.01364	0.02046	0.01160	0.01364	0.00818	0.00614	0.00614	0.00205	0.00955	0.00477	0.00273	0.00955
37	0.01296	0.03342	0.73944	0.01842	0.02797	0.01501	0.02387	0.02046	0.01364	0.02046	0.01160	0.01364	0.00818	0.00614	0.00614	0.00205	0.00955	0.00477	0.00273	0.00955
38	0.00914	0.00660	0.00864	0.00813	0.00965	0.00610	0.00610	0.01219	0.01829	0.02591	0.72921	0.04827	0.06097	0.01321	0.00762	0.00203	0.00305	0.01169	0.00711	0.00610
39	0.01340	0.01148	0.01340	0.00957	0.01531	0.00861	0.00766	0.01627	0.01340	0.02105	0.01148	0.01340	0.00957	0.00479	0.00479	0.00096	0.00479	0.00383	0.00383	0.81242
40	0.00786	0.00567	0.00744	0.00886	0.00934	0.00526	0.00594	0.00901	0.01250	0.01655	0.03726	0.72976	0.08062	0.02003	0.00821	0.00260	0.00372	0.01811	0.00600	0.00526
41	0.00923	0.00692	0.01038	0.01038	0.01154	0.00808	0.00808	0.01154	0.01038	0.01500	0.01731	0.02538	0.01615	0.04846	0.74732	0.01038	0.01731	0.00692	0.00346	0.00577
42	0.01346	0.03018	0.61339	0.01827	0.02694	0.01521	0.06000	0.02215	0.09901	0.02127	0.01345	0.01511	0.00967	0.00642	0.00627	0.00207	0.00909	0.00524	0.00322	0.00958
43	0.02322	0.01730	0.01867	0.01423	0.01947	0.01866	0.01172	0.62730	0.02833	0.03835	0.01503	0.01526	0.01082	0.00740	0.00626	0.00182	0.00683	0.00558	0.00615	0.10762
44	0.01527	0.01456	0.02479	0.12751	0.62452	0.01491	0.01916	0.01908	0.01442	0.02039	0.01282	0.04002	0.01107	0.00630	0.00646	0.00197	0.00767	0.00616	0.00325	0.00970
45	0.81856	0.01250	0.00950	0.00850	0.01250	0.01449	0.00700	0.01899	0.01100	0.02899	0.00900	0.01050	0.00700	0.00600	0.00400	0.00200	0.00500	0.00350	0.00400	0.00700
46	0.01583	0.01518	0.02593	0.07115	0.70242	0.01531	0.01975	0.01968	0.01463	0.02091	0.01212	0.01605	0.01016	0.00579	0.00640	0.00193	0.00772	0.00576	0.00318	0.01010
47	0.01388	0.01510	0.03143	0.11257	0.03160	0.01457	0.52268	0.01866	0.01477	0.01974	0.01778	0.06222	0.05217	0.00744	0.00757	0.00223	0.00963	0.03429	0.00362	0.00806
48	0.00933	0.00616	0.00723	0.00731	0.00775	0.00593	0.00453	0.00917	0.01038	0.01343	0.02799	0.08067	0.15596	0.44819	0.02535	0.15691	0.00544	0.00997	0.00421	0.00407
49	0.02023	0.01053	0.01463	0.05609	0.09605	0.00992	0.01028	0.04510	0.03906	0.36822	0.11654	0.07435	0.07461	0.00993	0.00688	0.00208	0.00538	0.02430	0.00665	0.00917

[dist]
# distance from previous block
# <min> <max>
3	5

[block]
# block no. 1 follows, 34 sequences, length 11
# corresponding to MSA columns:
# 99-109
name=unknown_B
#
# <colnr> <probs for GDERKNQSTAVLIFYWHMCP>
#	G	D	E	R	K	N	Q	S	T	A	V	L	I	F	Y	W	H	M	C	P
0	0.13148	0.01373	0.02081	0.01868	0.11719	0.02623	0.19395	0.04485	0.05358	0.05659	0.02933	0.06352	0.03614	0.00754	0.00635	0.00193	0.00697	0.02501	0.00436	0.14176
1	0.01002	0.01069	0.09398	0.01247	0.01502	0.00896	0.08033	0.01313	0.01260	0.01785	0.11167	0.14973	0.02485	0.03011	0.37069	0.00625	0.01169	0.00927	0.00426	0.00645
2	0.01323	0.01123	0.01303	0.00978	0.01488	0.00911	0.00776	0.01768	0.08564	0.02216	0.08680	0.01807	0.01589	0.00606	0.00526	0.00119	0.00464	0.00499	0.00444	0.64816
3	0.01062	0.01086	0.08494	0.00939	0.01314	0.00769	0.00823	0.01386	0.01577	0.02258	0.33468	0.03607	0.14039	0.01036	0.00660	0.00173	0.00429	0.00885	0.00548	0.25447
4	0.49777	0.01299	0.01254	0.01187	0.06029	0.01445	0.00887	0.09253	0.08620	0.09009	0.04716	0.01552	0.01224	0.00696	0.00505	0.00201	0.00535	0.00491	0.00495	0.00824
5	0.01097	0.00735	0.01050	0.01245	0.07284	0.00713	0.00848	0.01266	0.01317	0.06786	0.02972	0.38131	0.03297	0.04636	0.04502	0.04984	0.00557	0.17421	0.00551	0.00608
6	0.01809	0.05032	0.01745	0.01448	0.07811	0.01508	0.01081	0.28210	0.05261	0.02853	0.01441	0.01587	0.01120	0.00687	0.00654	0.00165	0.04953	0.00522	0.08372	0.23739
7	0.01712	0.01411	0.06599	0.01394	0.07840	0.01171	0.01081	0.09833	0.08802	0.12254	0.03767	0.01722	0.01320	0.00640	0.00571	0.00153	0.00570	0.00525	0.00495	0.38139
8	0.26845	0.08154	0.28208	0.01552	0.08058	0.01532	0.01492	0.05224	0.03720	0.02370	0.01295	0.06525	0.01090	0.00715	0.00550	0.00201	0.00707	0.00542	0.00370	0.00849
9	0.01180	0.01269	0.13252	0.01466	0.10969	0.00949	0.01137	0.01560	0.04005	0.05735	0.15086	0.09253	0.11497	0.06883	0.08040	0.00326	0.00682	0.05481	0.00501	0.00729
10	0.01512	0.00973	0.01329	0.01479	0.14784	0.00912	0.00945	0.01882	0.06202	0.18849	0.21835	0.03800	0.20613	0.01110	0.00707	0.00205	0.00468	0.00957	0.00627	0.00812

[dist]
# distance from previous block
# <min> <max>
1	47

[block]
# block no. 2 follows, 34 sequences, length 17
# corresponding to MSA columns:
# 157-173
name=unknown_C
#
# <colnr> <probs for GDERKNQSTAVLIFYWHMCP>
#	G	D	E	R	K	N	Q	S	T	A	V	L	I	F	Y	W	H	M	C	P
0	0.07549	0.01780	0.09786	0.07480	0.10494	0.12109	0.11309	0.06370	0.03942	0.06521	0.02003	0.05220	0.09248	0.00825	0.00686	0.00205	0.02510	0.00703	0.00425	0.00834
1	0.01895	0.01697	0.02329	0.10552	0.12634	0.10196	0.16777	0.14672	0.07386	0.08928	0.01493	0.01690	0.01110	0.00662	0.00656	0.00195	0.00831	0.00608	0.00452	0.05236
2	0.01387	0.01091	0.01420	0.01104	0.01551	0.00933	0.06521	0.03708	0.06159	0.07808	0.07679	0.07430	0.10621	0.00855	0.00612	0.00159	0.00504	0.00742	0.00503	0.39213
3	0.01114	0.00782	0.00893	0.00801	0.01074	0.00679	0.00616	0.01404	0.04666	0.09551	0.21011	0.04840	0.39863	0.01331	0.00720	0.00201	0.00368	0.01122	0.00629	0.08336
4	0.01331	0.01109	0.01268	0.00946	0.01441	0.00893	0.00745	0.06399	0.01449	0.02152	0.01819	0.02065	0.08881	0.05411	0.00696	0.00149	0.00488	0.00538	0.00426	0.61795
5	0.59073	0.01281	0.01387	0.05915	0.09480	0.01432	0.05846	0.01864	0.01188	0.02626	0.01089	0.04365	0.00914	0.00656	0.00485	0.00204	0.00588	0.00480	0.00387	0.00741
6	0.01023	0.00725	0.00958	0.05595	0.01271	0.00723	0.00748	0.01351	0.06826	0.05088	0.21190	0.37404	0.04139	0.04116	0.00864	0.00253	0.00429	0.06060	0.00615	0.00622
7	0.01100	0.00764	0.01098	0.01021	0.01206	0.00712	0.05997	0.01321	0.01416	0.06977	0.15888	0.26858	0.06996	0.07870	0.04917	0.00301	0.00533	0.05360	0.05575	0.04091
8	0.04812	0.01026	0.01088	0.01094	0.05416	0.06033	0.00775	0.01707	0.09258	0.09444	0.18416	0.07201	0.28748	0.01243	0.00707	0.00209	0.00460	0.01044	0.00606	0.00716
9	0.01513	0.01561	0.06986	0.01792	0.10385	0.11803	0.13028	0.03538	0.04193	0.06534	0.12502	0.13932	0.04425	0.01029	0.00713	0.00213	0.00721	0.03853	0.00490	0.00790
10	0.01640	0.07563	0.05293	0.01177	0.01674	0.07884	0.00998	0.05471	0.10420	0.07032	0.05026	0.01682	0.01363	0.00657	0.00596	0.00149	0.02876	0.00504	0.00453	0.37540
11	0.09863	0.04210	0.24583	0.05199	0.06090	0.06916	0.08672	0.02145	0.07238	0.06380	0.05803	0.01725	0.01316	0.00674	0.00607	0.00194	0.00781	0.00562	0.00397	0.06646
12	0.06978	0.08210	0.07607	0.01941	0.15793	0.08243	0.09498	0.07321	0.06656	0.07133	0.04953	0.01991	0.05771	0.00730	0.00620	0.00190	0.00733	0.00625	0.00439	0.04567
13	0.15456	0.04084	0.11114	0.01794	0.16687	0.06655	0.01306	0.04241	0.09863	0.07592	0.05960	0.01887	0.03628	0.00721	0.00587	0.00190	0.00662	0.00577	0.00449	0.06548
14	0.05575	0.03762	0.01851	0.02207	0.29662	0.06457	0.01294	0.04303	0.07295	0.07822	0.11133	0.02211	0.03801	0.00761	0.00621	0.00186	0.00629	0.00655	0.03956	0.05820
15	0.05525	0.01565	0.04247	0.02457	0.33376	0.05096	0.01460	0.06031	0.18353	0.04516	0.01737	0.01871	0.03389	0.00696	0.00621	0.00192	0.00674	0.00602	0.00448	0.07145
16	0.05610	0.01815	0.09378	0.02843	0.39430	0.05954	0.05837	0.11819	0.01693	0.04213	0.01266	0.01530	0.00996	0.00614	0.00624	0.00190	0.00790	0.00551	0.00381	0.04467

[dist]
# distance from previous block
# <min> <max>
12	97

[block]
# block no. 3 follows, 34 sequences, length 33
# corresponding to MSA columns:
# 289-321
name=unknown_D
#
# <colnr> <probs for GDERKNQSTAVLIFYWHMCP>
#	G	D	E	R	K	N	Q	S	T	A	V	L	I	F	Y	W	H	M	C	P
0	0.12227	0.01420	0.05310	0.01557	0.09447	0.05564	0.06928	0.06794	0.06661	0.14795	0.11187	0.04054	0.07232	0.00861	0.00642	0.00200	0.00623	0.00729	0.00538	0.03230
1	0.01863	0.06622	0.07430	0.07372	0.08459	0.07234	0.13942	0.04020	0.08467	0.17071	0.01650	0.03492	0.01243	0.00713	0.00693	0.00198	0.03389	0.00625	0.00463	0.05054
2	0.01782	0.17424	0.08136	0.01432	0.05015	0.06987	0.03747	0.07785	0.15586	0.10931	0.07741	0.03812	0.03448	0.00801	0.00610	0.00188	0.00662	0.00648	0.00506	0.02759
3	0.04751	0.09148	0.16614	0.01434	0.01981	0.01484	0.07075	0.15034	0.07132	0.11709	0.05387	0.08018	0.01635	0.00822	0.00631	0.00197	0.00686	0.00688	0.00505	0.05071
4	0.05436	0.01373	0.01782	0.01442	0.01837	0.05511	0.13160	0.08684	0.15521	0.06598	0.09983	0.04820	0.04900	0.00908	0.00727	0.00205	0.03457	0.04148	0.00533	0.08975
5	0.01504	0.01150	0.01461	0.01219	0.01575	0.01155	0.06438	0.11404	0.18370	0.07710	0.13966	0.12876	0.06738	0.01056	0.00688	0.00203	0.00521	0.00925	0.00605	0.10437
6	0.01708	0.62172	0.13518	0.01248	0.01845	0.06978	0.01300	0.01992	0.01353	0.01600	0.00943	0.01092	0.00828	0.00569	0.00454	0.00150	0.00759	0.00369	0.00279	0.00842
7	0.01243	0.01027	0.01213	0.00964	0.01397	0.00831	0.00744	0.03584	0.03187	0.02097	0.04334	0.18189	0.01906	0.00870	0.00575	0.00143	0.00457	0.00747	0.00458	0.56035
8	0.04119	0.01362	0.02055	0.01579	0.02061	0.01336	0.18369	0.15497	0.07109	0.26856	0.02236	0.06587	0.03998	0.00862	0.00693	0.00212	0.00694	0.02806	0.00608	0.00960
9	0.01651	0.01633	0.02572	0.03820	0.68743	0.06174	0.01936	0.02021	0.01494	0.02077	0.01202	0.01572	0.01011	0.00581	0.00636	0.00190	0.00793	0.00566	0.00321	0.01006
10	0.01338	0.01279	0.02199	0.52940	0.23678	0.01471	0.04406	0.01759	0.01351	0.01795	0.01173	0.01689	0.00911	0.00623	0.00649	0.00209	0.00844	0.00582	0.00298	0.00809
11	0.00809	0.00573	0.00733	0.00861	0.00921	0.00531	0.00582	0.00937	0.01265	0.01702	0.03742	0.66344	0.10202	0.01917	0.00798	0.00252	0.00366	0.01724	0.05211	0.00531
12	0.01523	0.01458	0.02486	0.18317	0.59503	0.01515	0.01945	0.01917	0.01435	0.02019	0.01202	0.01624	0.00991	0.00590	0.00641	0.00197	0.00786	0.00575	0.00313	0.00962
13	0.02126	0.02523	0.02036	0.07764	0.19633	0.49359	0.01469	0.04196	0.01735	0.01783	0.01078	0.01323	0.00888	0.00645	0.00603	0.00177	0.01033	0.00471	0.00335	0.00823
14	0.00787	0.00562	0.00750	0.00900	0.00937	0.00525	0.00600	0.00900	0.01237	0.01649	0.03561	0.76871	0.04274	0.02024	0.00825	0.00262	0.00375	0.01837	0.00600	0.00525
15	0.01356	0.01323	0.02199	0.53139	0.20065	0.03434	0.05794	0.01776	0.01361	0.01778	0.01169	0.01681	0.00904	0.00625	0.00650	0.00209	0.00861	0.00581	0.00298	0.00797
16	0.01571	0.01506	0.02571	0.09334	0.68115	0.01528	0.01969	0.01958	0.01458	0.02077	0.01210	0.01608	0.01011	0.00581	0.00640	0.00194	0.00775	0.00576	0.00317	0.01001
17	0.01512	0.01446	0.02464	0.20556	0.57356	0.01512	0.01939	0.01906	0.01430	0.02005	0.01200	0.01628	0.00986	0.00592	0.00641	0.00197	0.00789	0.00575	0.00312	0.00953
18	0.00789	0.00591	0.00733	0.00833	0.00923	0.00535	0.00573	0.00926	0.01332	0.01732	0.08606	0.54874	0.21434	0.01884	0.00806	0.00248	0.00359	0.01678	0.00607	0.00535
19	0.01268	0.01197	0.02025	0.66639	0.13175	0.01448	0.01818	0.01693	0.01315	0.01709	0.01157	0.01707	0.00882	0.00637	0.00645	0.00212	0.00849	0.00574	0.00291	0.00757
20	0.01318	0.07221	0.70263	0.01803	0.02737	0.01556	0.02320	0.02040	0.01361	0.02019	0.01146	0.01347	0.00819	0.00611	0.00603	0.00201	0.00941	0.00471	0.00273	0.00948
21	0.00780	0.00648	0.00682	0.00688	0.00887	0.00550	0.00511	0.00954	0.01490	0.01821	0.12784	0.11367	0.61346	0.01635	0.00768	0.00220	0.00329	0.01380	0.00611	0.00550
22	0.01321	0.07613	0.69891	0.01799	0.02731	0.01561	0.02314	0.02040	0.01361	0.02016	0.01145	0.01345	0.00819	0.00610	0.00602	0.00201	0.00940	0.00470	0.00273	0.00948
23	0.01804	0.01264	0.05616	0.01231	0.01638	0.01149	0.05115	0.12378	0.11639	0.21522	0.11072	0.05143	0.12000	0.02862	0.00758	0.00220	0.00562	0.02497	0.00641	0.00888
24	0.00779	0.00595	0.00716	0.00814	0.00915	0.00532	0.00562	0.00909	0.01320	0.01683	0.04610	0.52034	0.28433	0.01888	0.00803	0.00247	0.00358	0.01671	0.00600	0.00532
25	0.01311	0.05920	0.71498	0.01816	0.02757	0.01537	0.02343	0.02042	0.01362	0.02028	0.01150	0.01353	0.00819	0.00612	0.00607	0.00202	0.00946	0.00473	0.00273	0.00951
26	0.03841	0.04114	0.36860	0.01983	0.09012	0.01470	0.12893	0.04595	0.05683	0.03799	0.01532	0.08529	0.01278	0.00754	0.00653	0.00210	0.00841	0.00674	0.00369	0.00910
27	0.01524	0.01477	0.02571	0.17164	0.56101	0.01523	0.06319	0.01927	0.01441	0.02023	0.01209	0.01631	0.00991	0.00587	0.00649	0.00198	0.00805	0.00587	0.00314	0.00957
28	0.00843	0.00644	0.00730	0.00763	0.00932	0.00562	0.00559	0.01011	0.01446	0.03558	0.10464	0.24873	0.45549	0.01701	0.00782	0.00231	0.00353	0.03826	0.00613	0.00560
29	0.04543	0.01445	0.02428	0.13104	0.43234	0.01466	0.08682	0.03975	0.01530	0.11272	0.01384	0.01687	0.01061	0.00617	0.00646	0.00199	0.00774	0.00596	0.00389	0.00967
30	0.04128	0.01929	0.01768	0.01443	0.01893	0.18225	0.01155	0.35639	0.11462	0.13285	0.01694	0.01657	0.01214	0.00763	0.00629	0.00192	0.00760	0.00568	0.00594	0.01001
31	0.63951	0.01314	0.01222	0.01281	0.10012	0.01491	0.00896	0.04592	0.05852	0.02835	0.01075	0.01224	0.00837	0.00622	0.00455	0.00200	0.00541	0.00411	0.00416	0.00775
32	0.01612	0.13834	0.34169	0.01560	0.04625	0.01522	0.01644	0.05606	0.06746	0.11406	0.01693	0.08180	0.01397	0.00805	0.00619	0.00201	0.00751	0.02279	0.00427	0.00923

[dist]
# distance from previous block
# <min> <max>
0	3

[block]
# block no. 4 follows, 34 sequences, length 24
# corresponding to MSA columns:
# 325-348
name=unknown_E
#
# <colnr> <probs for GDERKNQSTAVLIFYWHMCP>
#	G	D	E	R	K	N	Q	S	T	A	V	L	I	F	Y	W	H	M	C	P
0	0.01963	0.02145	0.02174	0.06488	0.33282	0.30872	0.01587	0.06818	0.04839	0.02030	0.01210	0.01465	0.00985	0.00642	0.00618	0.00184	0.00917	0.00519	0.00360	0.00903
1	0.01253	0.01056	0.01247	0.00948	0.01438	0.00808	0.00740	0.01513	0.01324	0.02034	0.01527	0.13201	0.01478	0.00721	0.00533	0.00122	0.00462	0.00611	0.00417	0.68567
2	0.01519	0.38760	0.35062	0.01555	0.02295	0.02015	0.06811	0.01995	0.01351	0.01796	0.01046	0.01235	0.00836	0.00580	0.00530	0.00174	0.00839	0.00435	0.00279	0.00889
3	0.01558	0.01489	0.02496	0.03466	0.59329	0.01442	0.05271	0.01936	0.01455	0.02108	0.01210	0.01569	0.01012	0.00560	0.00622	0.00179	0.00742	0.00557	0.00329	0.12670
4	0.01550	0.47076	0.32435	0.01409	0.02127	0.02122	0.01633	0.01981	0.01334	0.01737	0.01006	0.01171	0.00825	0.00578	0.00497	0.00166	0.00800	0.00400	0.00275	0.00881
5	0.01380	0.01498	0.03118	0.02303	0.02845	0.01402	0.54433	0.01852	0.01515	0.02017	0.02156	0.02925	0.09440	0.00819	0.00779	0.00228	0.00943	0.09157	0.00390	0.00801
6	0.00940	0.00747	0.01085	0.04640	0.11632	0.00724	0.00850	0.01133	0.01361	0.01841	0.12025	0.49809	0.07445	0.01643	0.00779	0.00240	0.00442	0.01488	0.00559	0.00618
7	0.01680	0.28105	0.29097	0.01613	0.05858	0.09551	0.01637	0.05037	0.03833	0.04253	0.01226	0.01467	0.00984	0.00648	0.00556	0.00180	0.00831	0.02210	0.00337	0.00898
8	0.01599	0.01535	0.02623	0.03966	0.73262	0.01535	0.01983	0.01983	0.01471	0.02111	0.01215	0.01599	0.01023	0.00576	0.00640	0.00192	0.00768	0.00576	0.00320	0.01023
9	0.00947	0.00668	0.00810	0.00801	0.00976	0.00595	0.00599	0.01167	0.01594	0.05802	0.31737	0.17037	0.29405	0.01538	0.00772	0.00221	0.00347	0.03731	0.00654	0.00598
10	0.02179	0.01644	0.07495	0.01979	0.17556	0.05593	0.03684	0.16263	0.05624	0.25179	0.01864	0.02036	0.01362	0.00763	0.00655	0.00201	0.00714	0.03627	0.00564	0.01018
11	0.01298	0.01227	0.02078	0.61101	0.18484	0.01456	0.01833	0.01719	0.01329	0.01745	0.01162	0.01697	0.00894	0.00632	0.00645	0.00211	0.00842	0.00575	0.00294	0.00780
12	0.01571	0.01507	0.02572	0.09241	0.68205	0.01528	0.01969	0.01959	0.01458	0.02077	0.01210	0.01608	0.01012	0.00581	0.00640	0.00194	0.00774	0.00576	0.00317	0.01001
13	0.08893	0.01970	0.06865	0.01899	0.15690	0.19157	0.01344	0.14176	0.05703	0.12217	0.01447	0.01537	0.01076	0.00679	0.00600	0.00186	0.00787	0.00522	0.00470	0.04784
14	0.01512	0.22686	0.47683	0.01654	0.02462	0.01754	0.05487	0.02081	0.01386	0.05967	0.01177	0.01345	0.00874	0.00605	0.00571	0.00188	0.00869	0.00467	0.00306	0.00926
15	0.00796	0.00641	0.00717	0.00735	0.00909	0.00562	0.00540	0.00974	0.01464	0.01838	0.15192	0.17807	0.48837	0.01797	0.03993	0.00259	0.00393	0.01387	0.00605	0.00552
16	0.01172	0.01471	0.18358	0.01330	0.01703	0.01036	0.06098	0.07954	0.04647	0.02115	0.06484	0.34104	0.04286	0.01360	0.00746	0.00235	0.00607	0.05041	0.00516	0.00735
17	0.01589	0.03516	0.08441	0.07121	0.26992	0.04013	0.04407	0.10984	0.01636	0.05224	0.01748	0.14239	0.01638	0.00912	0.00706	0.00211	0.02311	0.02994	0.00431	0.00887
18	0.01391	0.03054	0.62407	0.01919	0.02818	0.01493	0.10616	0.02096	0.01404	0.05070	0.01236	0.01445	0.00871	0.00613	0.00633	0.00206	0.00954	0.00519	0.00302	0.00951
19	0.00772	0.00643	0.00673	0.00690	0.00884	0.00545	0.00508	0.00934	0.01455	0.01762	0.08394	0.14980	0.62193	0.01674	0.00771	0.00223	0.00332	0.01416	0.00604	0.00545
20	0.01371	0.15082	0.20478	0.09899	0.19064	0.01543	0.05581	0.01788	0.01339	0.01840	0.01400	0.08043	0.01270	0.03059	0.05318	0.00260	0.00852	0.00646	0.00325	0.00844
21	0.01446	0.08124	0.25943	0.10944	0.04907	0.01472	0.19965	0.01948	0.01430	0.06892	0.01702	0.05641	0.05211	0.00736	0.00663	0.00207	0.00859	0.00688	0.00362	0.00861
22	0.00793	0.00575	0.00749	0.00876	0.00934	0.00531	0.00592	0.00920	0.01289	0.01710	0.07723	0.67250	0.09767	0.01954	0.00816	0.00256	0.00367	0.01762	0.00606	0.00531
23	0.01330	0.02896	0.59360	0.01716	0.02532	0.01443	0.02101	0.05491	0.05005	0.02154	0.01488	0.05960	0.01213	0.00766	0.00642	0.00212	0.00872	0.03551	0.00343	0.00926

[dist]
# distance from previous block
# <min> <max>
0	46

# created by:
# /home/cegg/simao/soft/augustus-3.2.1/scripts/msa2prfl.pl ./align_prep/EOG090W0KP0.fa
