[name]
unknown

[dist]
# distance from previous block
# <min> <max>
22	73

[block]
# block no. 0 follows, 32 sequences, length 11
# corresponding to MSA columns:
# 93-103
name=unknown_A
#
# <colnr> <probs for GDERKNQSTAVLIFYWHMCP>
#	G	D	E	R	K	N	Q	S	T	A	V	L	I	F	Y	W	H	M	C	P
0	0.01722	0.01697	0.01948	0.02397	0.28995	0.16729	0.01408	0.08838	0.01750	0.02242	0.11236	0.02253	0.01894	0.04316	0.09358	0.00317	0.00923	0.00679	0.00433	0.00869
1	0.00972	0.00655	0.00755	0.00748	0.00770	0.00648	0.00438	0.01016	0.01105	0.01496	0.11884	0.04478	0.02984	0.65910	0.03048	0.00589	0.00604	0.01009	0.00453	0.00438
2	0.01058	0.00774	0.00943	0.00997	0.01122	0.00762	0.00704	0.10608	0.01569	0.02074	0.03686	0.59281	0.10081	0.01884	0.00825	0.00258	0.00434	0.01681	0.00630	0.00630
3	0.01079	0.00842	0.01199	0.01109	0.01321	0.00804	0.06929	0.01475	0.07264	0.04152	0.26638	0.22642	0.13283	0.01513	0.00807	0.00239	0.00461	0.06921	0.00646	0.00674
4	0.01198	0.01086	0.01109	0.01091	0.01213	0.12260	0.00796	0.01364	0.01196	0.01519	0.01861	0.07028	0.01887	0.21036	0.41449	0.00789	0.01353	0.00802	0.00384	0.00579
5	0.00934	0.00633	0.00744	0.00785	0.00795	0.00623	0.00463	0.00965	0.01057	0.01409	0.02529	0.23143	0.02963	0.56952	0.02745	0.00551	0.00582	0.01220	0.00463	0.00443
6	0.01384	0.01160	0.01528	0.28651	0.04529	0.03920	0.01248	0.03917	0.11136	0.02078	0.01707	0.02196	0.01383	0.05006	0.06873	0.00303	0.04496	0.00649	0.17081	0.00756
7	0.01932	0.02355	0.08027	0.02032	0.09832	0.32523	0.12167	0.05703	0.03963	0.02135	0.11127	0.01963	0.01725	0.00765	0.00675	0.00196	0.00965	0.00640	0.00420	0.00853
8	0.01613	0.00868	0.01065	0.00947	0.01209	0.00845	0.00752	0.07448	0.01782	0.17169	0.21214	0.03430	0.03060	0.01273	0.04848	0.00249	0.00509	0.05541	0.25404	0.00775
9	0.00807	0.00680	0.00698	0.00694	0.00915	0.00572	0.00520	0.00989	0.01561	0.01888	0.12413	0.06333	0.66298	0.01671	0.00793	0.00225	0.00338	0.01399	0.00633	0.00572
10	0.01946	0.02143	0.02235	0.05068	0.22973	0.28493	0.07112	0.04335	0.04546	0.02051	0.01244	0.01505	0.01012	0.00638	0.00630	0.00180	0.00928	0.00531	0.00370	0.12061

[dist]
# distance from previous block
# <min> <max>
0	3

[block]
# block no. 1 follows, 32 sequences, length 41
# corresponding to MSA columns:
# 107-147
name=unknown_B
#
# <colnr> <probs for GDERKNQSTAVLIFYWHMCP>
#	G	D	E	R	K	N	Q	S	T	A	V	L	I	F	Y	W	H	M	C	P
0	0.03192	0.11654	0.49933	0.02170	0.14432	0.03214	0.02190	0.02109	0.01434	0.02081	0.01173	0.01407	0.00885	0.00624	0.00612	0.00201	0.00921	0.00493	0.00296	0.00978
1	0.67608	0.01189	0.00931	0.00844	0.01223	0.01351	0.00687	0.01844	0.01199	0.02857	0.01598	0.01716	0.07781	0.00740	0.00456	0.00206	0.00487	0.00485	0.06095	0.00704
2	0.01148	0.06318	0.01255	0.06665	0.01498	0.06693	0.00921	0.01390	0.01536	0.01975	0.17434	0.27515	0.03889	0.01558	0.00795	0.00248	0.00557	0.17392	0.00575	0.00637
3	0.00939	0.00739	0.00859	0.00868	0.01047	0.00698	0.00642	0.01317	0.08595	0.02146	0.24117	0.21248	0.29244	0.01621	0.00799	0.00235	0.00371	0.03221	0.00662	0.00632
4	0.00955	0.00667	0.00851	0.00866	0.00910	0.00702	0.00571	0.01045	0.01040	0.01426	0.02165	0.10829	0.02383	0.45505	0.26447	0.00755	0.01004	0.00982	0.00412	0.00484
5	0.01435	0.12686	0.51816	0.01704	0.02503	0.06724	0.02040	0.02033	0.01431	0.01979	0.01402	0.08668	0.01204	0.00777	0.00630	0.00207	0.00913	0.00612	0.00322	0.00916
6	0.00800	0.00672	0.00694	0.00705	0.00915	0.00567	0.00522	0.00970	0.01521	0.01831	0.08523	0.11913	0.64633	0.01721	0.00798	0.00230	0.00343	0.01449	0.00627	0.00567
7	0.01597	0.01822	0.03436	0.02529	0.03111	0.08642	0.56098	0.02079	0.01585	0.02056	0.01562	0.09238	0.01348	0.00733	0.00780	0.00226	0.01064	0.00869	0.00369	0.00856
8	0.02321	0.02883	0.01805	0.01650	0.01975	0.63638	0.01242	0.02570	0.04642	0.01681	0.01181	0.01403	0.00992	0.01126	0.07780	0.00264	0.01240	0.00474	0.00361	0.00772
9	0.00884	0.00637	0.00848	0.00977	0.01059	0.00601	0.00713	0.01062	0.01409	0.01874	0.10482	0.52068	0.07315	0.01963	0.00862	0.00272	0.00427	0.15345	0.00633	0.00570
10	0.01040	0.08180	0.01317	0.01085	0.01250	0.01017	0.00869	0.01278	0.01106	0.01560	0.01713	0.02483	0.01597	0.04595	0.66571	0.00987	0.01691	0.00684	0.00352	0.00625
11	0.01310	0.03194	0.65863	0.01797	0.02691	0.01469	0.02276	0.02012	0.01373	0.02044	0.01293	0.01708	0.01006	0.08067	0.00910	0.00255	0.00958	0.00543	0.00295	0.00934
12	0.02349	0.02684	0.01834	0.01625	0.01998	0.50928	0.01241	0.12537	0.12012	0.02214	0.03348	0.01561	0.01228	0.00758	0.00631	0.00186	0.01019	0.00526	0.00452	0.00867
13	0.01986	0.01635	0.01764	0.08644	0.02163	0.04005	0.01228	0.28322	0.36576	0.03199	0.02108	0.02059	0.01558	0.00841	0.00675	0.00216	0.00665	0.00675	0.00630	0.01052
14	0.00991	0.00645	0.00743	0.00743	0.00743	0.00645	0.00421	0.00968	0.00968	0.01290	0.02039	0.04205	0.02339	0.70559	0.03352	0.06964	0.00645	0.00945	0.00397	0.00397
15	0.01412	0.01211	0.01401	0.01022	0.01602	0.00953	0.00815	0.01832	0.06668	0.02233	0.01309	0.01476	0.01074	0.00528	0.00511	0.00109	0.00500	0.00425	0.00419	0.74499
16	0.01621	0.01587	0.02794	0.09225	0.56061	0.01602	0.10804	0.02090	0.03622	0.02169	0.01314	0.01715	0.01074	0.00609	0.00682	0.00205	0.00840	0.00628	0.00341	0.01018
17	0.00823	0.00614	0.00750	0.00853	0.00938	0.00559	0.00577	0.00945	0.01324	0.01707	0.04376	0.52668	0.21660	0.07630	0.01034	0.00289	0.00396	0.01710	0.00607	0.00540
18	0.02153	0.01682	0.01790	0.01463	0.01929	0.01895	0.01179	0.40021	0.33778	0.03587	0.02116	0.02014	0.01550	0.00853	0.00676	0.00213	0.00645	0.00674	0.00676	0.01105
19	0.01417	0.15196	0.61844	0.01790	0.02715	0.01734	0.02266	0.02106	0.01408	0.02038	0.01161	0.01362	0.00852	0.00627	0.00604	0.00201	0.00948	0.00474	0.00284	0.00971
20	0.01550	0.04790	0.05894	0.02365	0.04953	0.01702	0.43382	0.04620	0.03825	0.02133	0.01736	0.02083	0.06403	0.00755	0.00942	0.00229	0.10614	0.00769	0.00374	0.00878
21	0.01039	0.00831	0.01162	0.01127	0.01192	0.00997	0.00853	0.01202	0.01078	0.01544	0.01935	0.12571	0.02032	0.16554	0.37929	0.00745	0.15335	0.00899	0.00391	0.00583
22	0.00975	0.00655	0.00756	0.00756	0.00764	0.00663	0.00436	0.00991	0.00983	0.01319	0.02092	0.04270	0.02387	0.71512	0.08251	0.00680	0.00729	0.00958	0.00403	0.00420
23	0.01614	0.26899	0.44344	0.01629	0.02436	0.05288	0.01934	0.02162	0.01443	0.04864	0.01169	0.01334	0.00888	0.00628	0.00571	0.00188	0.00896	0.00456	0.00310	0.00946
24	0.01786	0.01832	0.02602	0.03765	0.61844	0.12276	0.01946	0.02151	0.01583	0.02111	0.01229	0.01594	0.01033	0.00612	0.00655	0.00195	0.00858	0.00573	0.00334	0.01021
25	0.01768	0.01631	0.05183	0.10449	0.25413	0.01655	0.06559	0.17910	0.12891	0.02699	0.01765	0.01965	0.03359	0.00741	0.00676	0.00209	0.00757	0.00660	0.02705	0.01004
26	0.01946	0.01462	0.06614	0.01198	0.01796	0.01168	0.01040	0.13914	0.01815	0.18054	0.01586	0.01628	0.01156	0.00634	0.00576	0.00149	0.00590	0.00501	0.00532	0.43640
27	0.01166	0.00583	0.00874	0.00874	0.00874	0.00583	0.00583	0.00874	0.00874	0.01166	0.01166	0.02040	0.01166	0.02331	0.02622	0.80478	0.00583	0.00583	0.00291	0.00291
28	0.01391	0.01193	0.01391	0.00994	0.01590	0.00894	0.00795	0.01690	0.01391	0.02186	0.01193	0.01391	0.00994	0.00497	0.00497	0.00099	0.00497	0.00398	0.00398	0.80521
29	0.02019	0.29799	0.18578	0.01478	0.02118	0.07007	0.01489	0.21959	0.01961	0.05832	0.01280	0.01375	0.00978	0.00676	0.00571	0.00181	0.00812	0.00481	0.00428	0.00980
30	0.01505	0.06758	0.54930	0.01701	0.02564	0.01493	0.02082	0.02186	0.03059	0.08458	0.01587	0.01711	0.03917	0.00695	0.00631	0.00204	0.00879	0.00545	0.00361	0.04731
31	0.04168	0.08051	0.16835	0.02301	0.12797	0.03408	0.21167	0.14041	0.06204	0.02524	0.01391	0.01626	0.01053	0.00654	0.00670	0.00207	0.00899	0.00615	0.00405	0.00985
32	0.01571	0.15117	0.48065	0.01753	0.02586	0.01733	0.05525	0.03854	0.05763	0.05980	0.01350	0.01500	0.00985	0.00655	0.00617	0.00202	0.00897	0.00517	0.00350	0.00982
33	0.00905	0.00684	0.00835	0.00798	0.00975	0.00614	0.00598	0.01180	0.01795	0.02442	0.53465	0.05421	0.24901	0.01464	0.00792	0.00215	0.00323	0.01271	0.00706	0.00614
34	0.04478	0.01518	0.08605	0.01433	0.04771	0.03396	0.01215	0.12231	0.01969	0.42086	0.02390	0.02527	0.03470	0.00890	0.00684	0.00214	0.00660	0.05729	0.00687	0.01047
35	0.01738	0.07167	0.10080	0.08750	0.02274	0.01612	0.06577	0.05797	0.04143	0.12399	0.01419	0.01675	0.01094	0.00897	0.02741	0.00235	0.19233	0.00575	0.00425	0.11167
36	0.00816	0.00638	0.00730	0.00794	0.00929	0.00563	0.00556	0.00960	0.01411	0.01771	0.07066	0.35565	0.38473	0.05382	0.00943	0.00265	0.00375	0.01596	0.00616	0.00552
37	0.00960	0.00692	0.00911	0.00874	0.01032	0.00644	0.00667	0.01276	0.01872	0.02639	0.66701	0.05206	0.06144	0.01408	0.00802	0.00218	0.00339	0.06253	0.00729	0.00632
38	0.12313	0.55378	0.11250	0.01225	0.01818	0.05094	0.01254	0.02044	0.01361	0.01835	0.00969	0.01123	0.00842	0.00592	0.00459	0.00161	0.00742	0.00378	0.00306	0.00855
39	0.04718	0.02728	0.05549	0.02025	0.12373	0.48824	0.01434	0.07353	0.01889	0.05322	0.01192	0.01362	0.00946	0.00688	0.00618	0.00183	0.01054	0.00481	0.00389	0.00872
40	0.01833	0.68883	0.05628	0.01217	0.01787	0.08005	0.01202	0.02064	0.01406	0.01601	0.00949	0.01097	0.00861	0.00585	0.00450	0.00148	0.00764	0.00369	0.00291	0.00859

[dist]
# distance from previous block
# <min> <max>
0	3

[block]
# block no. 2 follows, 32 sequences, length 18
# corresponding to MSA columns:
# 151-168
name=unknown_C
#
# <colnr> <probs for GDERKNQSTAVLIFYWHMCP>
#	G	D	E	R	K	N	Q	S	T	A	V	L	I	F	Y	W	H	M	C	P
0	0.05762	0.05976	0.02101	0.05048	0.09998	0.07933	0.05305	0.13857	0.01709	0.06274	0.01324	0.03398	0.01094	0.00794	0.00928	0.00204	0.15439	0.00578	0.00429	0.11847
1	0.00902	0.00670	0.00840	0.00827	0.00981	0.00608	0.00609	0.01163	0.01743	0.02389	0.50132	0.15606	0.17977	0.01538	0.00801	0.00223	0.00331	0.01351	0.00701	0.00608
2	0.01006	0.00690	0.00780	0.00751	0.00794	0.00668	0.00435	0.01028	0.01006	0.01366	0.02047	0.04172	0.02334	0.70889	0.03203	0.00610	0.00639	0.00934	0.00406	0.06242
3	0.01022	0.00733	0.00978	0.01097	0.01216	0.00722	0.00864	0.04217	0.01514	0.02003	0.06460	0.38035	0.04107	0.01899	0.00878	0.00284	0.00507	0.32229	0.00628	0.00609
4	0.00993	0.00829	0.00887	0.00858	0.01101	0.00794	0.00659	0.01516	0.14693	0.02127	0.14566	0.05573	0.46651	0.01514	0.00779	0.00229	0.00386	0.04524	0.00650	0.00671
5	0.00818	0.00584	0.00779	0.00934	0.00973	0.00545	0.00623	0.00934	0.01285	0.01713	0.03698	0.75981	0.04438	0.02102	0.00856	0.00273	0.00389	0.01908	0.00623	0.00545
6	0.00959	0.00719	0.01078	0.01078	0.01198	0.00839	0.00839	0.01198	0.01078	0.01558	0.01797	0.02636	0.01677	0.05032	0.73760	0.01078	0.01797	0.00719	0.00359	0.00599
7	0.01609	0.01537	0.02649	0.03815	0.62945	0.01531	0.05347	0.02008	0.01532	0.02175	0.01457	0.02158	0.01293	0.00700	0.00692	0.00210	0.00799	0.06170	0.00356	0.01018
8	0.01346	0.03471	0.72942	0.01912	0.02904	0.01558	0.02479	0.02125	0.01417	0.02125	0.01204	0.01417	0.00850	0.00637	0.00637	0.00212	0.00992	0.00496	0.00283	0.00992
9	0.00818	0.00584	0.00779	0.00934	0.00973	0.00545	0.00623	0.00934	0.01285	0.01713	0.03698	0.75981	0.04438	0.02102	0.00856	0.00273	0.00389	0.01908	0.00623	0.00545
10	0.00959	0.00719	0.01078	0.01078	0.01198	0.00839	0.00839	0.01198	0.01078	0.01558	0.01797	0.02636	0.01677	0.05032	0.73760	0.01078	0.01797	0.00719	0.00359	0.00599
11	0.00965	0.00694	0.00953	0.00953	0.01030	0.00771	0.00683	0.01118	0.01041	0.01465	0.01912	0.03270	0.01953	0.30823	0.48346	0.00924	0.01383	0.00812	0.00376	0.00530
12	0.01267	0.01193	0.02013	0.74806	0.04621	0.01491	0.01863	0.01714	0.01342	0.01714	0.01193	0.01789	0.00894	0.00671	0.00671	0.00224	0.00894	0.00596	0.00298	0.00745
13	0.01514	0.12200	0.02263	0.01674	0.01756	0.02141	0.01422	0.01671	0.01075	0.01610	0.00888	0.01412	0.00878	0.01089	0.01950	0.00272	0.64584	0.00555	0.00293	0.00752
14	0.00799	0.00655	0.00705	0.00744	0.00923	0.00561	0.00539	0.00956	0.01467	0.01787	0.06010	0.24125	0.54802	0.01802	0.00809	0.00238	0.00352	0.01541	0.00623	0.00561
15	0.01150	0.01001	0.01446	0.01335	0.01410	0.01296	0.01075	0.01355	0.01059	0.01579	0.01453	0.02197	0.01378	0.03581	0.46842	0.00783	0.29405	0.00669	0.00335	0.00650
16	0.02983	0.01186	0.01584	0.01215	0.01735	0.01051	0.01003	0.07250	0.01994	0.68614	0.02585	0.02244	0.01630	0.00829	0.00675	0.00207	0.00581	0.00671	0.00821	0.01142
17	0.01392	0.01369	0.02070	0.58086	0.06260	0.06751	0.05136	0.01808	0.01392	0.01774	0.01220	0.01761	0.00936	0.00687	0.00719	0.00219	0.03564	0.00595	0.03500	0.00761

[dist]
# distance from previous block
# <min> <max>
1	3

[block]
# block no. 3 follows, 32 sequences, length 23
# corresponding to MSA columns:
# 172-185,187-195
name=unknown_D
#
# <colnr> <probs for GDERKNQSTAVLIFYWHMCP>
#	G	D	E	R	K	N	Q	S	T	A	V	L	I	F	Y	W	H	M	C	P
0	0.49524	0.01257	0.01196	0.01103	0.03510	0.01414	0.02628	0.04395	0.11480	0.02910	0.08187	0.01821	0.01558	0.00751	0.00520	0.00208	0.00520	0.00547	0.05684	0.00788
1	0.01281	0.01082	0.01263	0.00946	0.01454	0.00831	0.00748	0.01569	0.01465	0.02211	0.10180	0.02314	0.08500	0.00718	0.00561	0.00125	0.00460	0.00594	0.00460	0.63238
2	0.01834	0.01676	0.02070	0.02130	0.17287	0.06283	0.06902	0.12138	0.36616	0.02740	0.02040	0.02060	0.01551	0.00786	0.00681	0.00214	0.00709	0.00685	0.00556	0.01042
3	0.00888	0.00656	0.00831	0.00905	0.01008	0.00591	0.00615	0.01023	0.01309	0.01769	0.06254	0.56304	0.07981	0.07932	0.01024	0.00282	0.00415	0.01635	0.00589	0.07990
4	0.01384	0.09681	0.67064	0.01848	0.02804	0.01651	0.02366	0.02115	0.01412	0.02079	0.01181	0.01388	0.00851	0.00632	0.00620	0.00207	0.00968	0.00484	0.00284	0.00981
5	0.01498	0.01647	0.03431	0.02516	0.03062	0.01629	0.54945	0.01984	0.01470	0.02027	0.01364	0.01876	0.01084	0.01158	0.09646	0.00335	0.08379	0.00763	0.00337	0.00852
6	0.01267	0.01193	0.02013	0.74806	0.04621	0.01491	0.01863	0.01714	0.01342	0.01714	0.01193	0.01789	0.00894	0.00671	0.00671	0.00224	0.00894	0.00596	0.00298	0.00745
7	0.00895	0.00649	0.00740	0.00765	0.00846	0.00607	0.00493	0.00988	0.01257	0.01628	0.09334	0.18302	0.21876	0.36366	0.02020	0.00430	0.00491	0.01287	0.00532	0.00494
8	0.16009	0.02054	0.01940	0.01598	0.02014	0.26343	0.09547	0.10505	0.01808	0.12742	0.01420	0.03339	0.01100	0.00766	0.00729	0.00205	0.05970	0.00568	0.00471	0.00873
9	0.02551	0.01879	0.02014	0.01544	0.02081	0.02081	0.01275	0.69996	0.03155	0.04229	0.01611	0.01611	0.01141	0.00805	0.00671	0.00201	0.00738	0.00604	0.00671	0.01141
10	0.00975	0.00654	0.00749	0.00749	0.00755	0.00660	0.00428	0.00987	0.00981	0.01314	0.02098	0.04304	0.02402	0.72877	0.06906	0.00672	0.00707	0.00963	0.00404	0.00416
11	0.01142	0.00837	0.01111	0.01077	0.01223	0.00929	0.00818	0.09367	0.01350	0.01873	0.02075	0.10062	0.02078	0.14375	0.44940	0.00803	0.01322	0.03546	0.00439	0.00632
12	0.02506	0.03198	0.01901	0.01729	0.02074	0.73725	0.01296	0.02679	0.01901	0.01642	0.01037	0.01210	0.00864	0.00691	0.00605	0.00173	0.01210	0.00432	0.00346	0.00778
13	0.00959	0.00719	0.01078	0.01078	0.01198	0.00839	0.00839	0.01198	0.01078	0.01558	0.01797	0.02636	0.01677	0.05032	0.73760	0.01078	0.01797	0.00719	0.00359	0.00599
14	0.01251	0.00625	0.00625	0.00625	0.00782	0.00625	0.00469	0.01563	0.01407	0.02502	0.02189	0.02502	0.01720	0.00782	0.00469	0.00156	0.00313	0.00625	0.80144	0.00625
15	0.01836	0.43214	0.15306	0.01374	0.01971	0.09842	0.01381	0.02350	0.09780	0.05358	0.01292	0.01381	0.01041	0.00651	0.00528	0.00172	0.00789	0.00454	0.00367	0.00913
16	0.00888	0.00614	0.00758	0.00844	0.00865	0.00592	0.00526	0.00953	0.01146	0.01528	0.02989	0.43925	0.03543	0.35380	0.02002	0.00442	0.00506	0.01490	0.00526	0.00483
17	0.00939	0.00648	0.00730	0.00745	0.00776	0.00630	0.00440	0.00970	0.01072	0.01402	0.02827	0.11567	0.10938	0.60300	0.02854	0.00563	0.00588	0.01119	0.00453	0.00439
18	0.02506	0.03198	0.01901	0.01729	0.02074	0.73725	0.01296	0.02679	0.01901	0.01642	0.01037	0.01210	0.00864	0.00691	0.00605	0.00173	0.01210	0.00432	0.00346	0.00778
19	0.01046	0.00814	0.01170	0.01347	0.09594	0.00871	0.00897	0.01285	0.01247	0.01779	0.02635	0.12093	0.11121	0.03179	0.37251	0.00650	0.03296	0.00931	0.08143	0.00650
20	0.00840	0.00689	0.00745	0.00753	0.00965	0.00594	0.00580	0.01041	0.01575	0.01936	0.14258	0.06392	0.57529	0.01675	0.00806	0.00233	0.00364	0.07809	0.00636	0.00579
21	0.00862	0.00626	0.00802	0.00920	0.00996	0.00586	0.00646	0.01004	0.01337	0.01753	0.05734	0.51483	0.12653	0.08035	0.01063	0.00300	0.00430	0.09615	0.00608	0.00547
22	0.02039	0.08523	0.01957	0.03137	0.03467	0.05881	0.01193	0.34570	0.10551	0.03069	0.01731	0.07664	0.01443	0.00886	0.00736	0.00202	0.04902	0.00680	0.00558	0.06812

[dist]
# distance from previous block
# <min> <max>
0	1

[block]
# block no. 4 follows, 32 sequences, length 46
# corresponding to MSA columns:
# 197-242
name=unknown_E
#
# <colnr> <probs for GDERKNQSTAVLIFYWHMCP>
#	G	D	E	R	K	N	Q	S	T	A	V	L	I	F	Y	W	H	M	C	P
0	0.09904	0.20135	0.23143	0.01957	0.07519	0.04697	0.17377	0.02082	0.01454	0.02093	0.03021	0.01497	0.01040	0.00623	0.00605	0.00196	0.00886	0.00541	0.00329	0.00900
1	0.01602	0.02427	0.29847	0.02049	0.11593	0.08478	0.06482	0.04691	0.17529	0.02300	0.01846	0.01961	0.04684	0.00753	0.00668	0.00212	0.00850	0.00633	0.00421	0.00975
2	0.01391	0.01193	0.01391	0.00994	0.01590	0.00894	0.00795	0.01690	0.01391	0.02186	0.01193	0.01391	0.00994	0.00497	0.00497	0.00099	0.00497	0.00398	0.00398	0.80521
3	0.00974	0.00857	0.05323	0.00910	0.01119	0.00690	0.00747	0.01319	0.01870	0.02656	0.67537	0.04791	0.05994	0.01327	0.00782	0.00211	0.00358	0.01169	0.00711	0.00655
4	0.01690	0.09464	0.02242	0.01564	0.02077	0.08920	0.16695	0.06257	0.01628	0.05623	0.01609	0.06508	0.01433	0.00774	0.00642	0.00178	0.00761	0.05481	0.00436	0.26019
5	0.00818	0.00584	0.00779	0.00934	0.00973	0.00545	0.00623	0.00934	0.01285	0.01713	0.03698	0.75981	0.04438	0.02102	0.00856	0.00273	0.00389	0.01908	0.00623	0.00545
6	0.01287	0.03058	0.62271	0.01754	0.02622	0.01421	0.02206	0.01998	0.01488	0.02209	0.11672	0.01949	0.01662	0.00746	0.00660	0.00212	0.00892	0.00602	0.00351	0.00939
7	0.00818	0.00584	0.00779	0.00934	0.00973	0.00545	0.00623	0.00934	0.01285	0.01713	0.03698	0.75981	0.04438	0.02102	0.00856	0.00273	0.00389	0.01908	0.00623	0.00545
8	0.01391	0.01193	0.01391	0.00994	0.01590	0.00894	0.00795	0.01690	0.01391	0.02186	0.01193	0.01391	0.00994	0.00497	0.00497	0.00099	0.00497	0.00398	0.00398	0.80521
9	0.01794	0.76823	0.03516	0.01148	0.01722	0.02655	0.01148	0.02009	0.01363	0.01579	0.00933	0.01076	0.00861	0.00574	0.00431	0.00144	0.00718	0.00359	0.00287	0.00861
10	0.01301	0.01385	0.02773	0.02072	0.02562	0.01282	0.44380	0.01721	0.01550	0.02044	0.05184	0.10733	0.17830	0.01013	0.00799	0.00231	0.00845	0.01066	0.00447	0.00781
11	0.01166	0.00583	0.00874	0.00874	0.00874	0.00583	0.00583	0.00874	0.00874	0.01166	0.01166	0.02040	0.01166	0.02331	0.02622	0.80478	0.00583	0.00583	0.00291	0.00291
12	0.00818	0.00584	0.00779	0.00934	0.00973	0.00545	0.00623	0.00934	0.01285	0.01713	0.03698	0.75981	0.04438	0.02102	0.00856	0.00273	0.00389	0.01908	0.00623	0.00545
13	0.01166	0.00583	0.00874	0.00874	0.00874	0.00583	0.00583	0.00874	0.00874	0.01166	0.01166	0.02040	0.01166	0.02331	0.02622	0.80478	0.00583	0.00583	0.00291	0.00291
14	0.01346	0.03471	0.72942	0.01912	0.02904	0.01558	0.02479	0.02125	0.01417	0.02125	0.01204	0.01417	0.00850	0.00637	0.00637	0.00212	0.00992	0.00496	0.00283	0.00992
15	0.00815	0.00594	0.00768	0.00908	0.00966	0.00547	0.00611	0.00937	0.01310	0.01723	0.04022	0.68718	0.11492	0.02060	0.00850	0.00268	0.00384	0.01856	0.00623	0.00547
16	0.00864	0.00683	0.00779	0.00755	0.00950	0.00597	0.00566	0.01101	0.01698	0.02213	0.36452	0.05799	0.42057	0.01550	0.00792	0.00219	0.00329	0.01324	0.00676	0.00597
17	0.01794	0.76823	0.03516	0.01148	0.01722	0.02655	0.01148	0.02009	0.01363	0.01579	0.00933	0.01076	0.00861	0.00574	0.00431	0.00144	0.00718	0.00359	0.00287	0.00861
18	0.01346	0.03471	0.72942	0.01912	0.02904	0.01558	0.02479	0.02125	0.01417	0.02125	0.01204	0.01417	0.00850	0.00637	0.00637	0.00212	0.00992	0.00496	0.00283	0.00992
19	0.00959	0.00644	0.00737	0.00753	0.00757	0.00639	0.00429	0.00971	0.01008	0.01344	0.02280	0.11870	0.02648	0.68655	0.03148	0.00611	0.00623	0.01073	0.00429	0.00421
20	0.00926	0.00685	0.00865	0.00820	0.00988	0.00623	0.00615	0.01221	0.01845	0.02561	0.62240	0.05226	0.16052	0.01420	0.00792	0.00213	0.00320	0.01243	0.00722	0.00623
21	0.00959	0.00719	0.01078	0.01078	0.01198	0.00839	0.00839	0.01198	0.01078	0.01558	0.01797	0.02636	0.01677	0.05032	0.73760	0.01078	0.01797	0.00719	0.00359	0.00599
22	0.01584	0.01810	0.03959	0.02828	0.03507	0.01697	0.69796	0.02149	0.01584	0.02149	0.01357	0.01810	0.01018	0.00566	0.00792	0.00226	0.01131	0.00792	0.00339	0.00905
23	0.00976	0.00651	0.00732	0.00732	0.00732	0.00651	0.00407	0.00976	0.00976	0.01301	0.02114	0.04391	0.02439	0.76419	0.03415	0.00651	0.00651	0.00976	0.00407	0.00407
24	0.01584	0.01810	0.03959	0.02828	0.03507	0.01697	0.69796	0.02149	0.01584	0.02149	0.01357	0.01810	0.01018	0.00566	0.00792	0.00226	0.01131	0.00792	0.00339	0.00905
25	0.02478	0.02195	0.01950	0.01580	0.02056	0.20863	0.01266	0.47712	0.07535	0.03451	0.01538	0.01568	0.01131	0.00783	0.00655	0.00196	0.00848	0.00570	0.00587	0.01040
26	0.00973	0.00661	0.00786	0.00786	0.00805	0.00680	0.00474	0.01011	0.00992	0.01341	0.02065	0.04117	0.02320	0.65256	0.14416	0.00717	0.00830	0.00936	0.00399	0.00437
27	0.02391	0.01259	0.01512	0.01226	0.01682	0.01247	0.00991	0.11392	0.19092	0.39532	0.02973	0.02690	0.09036	0.00938	0.00689	0.00214	0.00558	0.00764	0.00753	0.01062
28	0.01504	0.01682	0.03627	0.02630	0.03242	0.01577	0.62570	0.02022	0.01552	0.02104	0.01602	0.09558	0.01375	0.00726	0.00799	0.00231	0.01054	0.00908	0.00369	0.00867
29	0.00960	0.00712	0.01042	0.01042	0.01149	0.00819	0.00794	0.01175	0.01068	0.01531	0.01830	0.02819	0.01757	0.12490	0.66411	0.01034	0.01677	0.00746	0.00364	0.00579
30	0.01349	0.01279	0.02147	0.58698	0.17097	0.01533	0.01884	0.01775	0.01364	0.01799	0.01193	0.01752	0.00925	0.00678	0.00731	0.00222	0.03872	0.00596	0.00304	0.00804
31	0.06092	0.01259	0.01603	0.01234	0.01751	0.01172	0.01019	0.13248	0.02075	0.59597	0.02422	0.02135	0.01545	0.00818	0.00664	0.00207	0.00594	0.00652	0.00790	0.01125
32	0.01586	0.01642	0.02021	0.54052	0.06957	0.16101	0.01734	0.04642	0.01535	0.01821	0.01181	0.01659	0.00906	0.00677	0.00657	0.00211	0.00948	0.00564	0.00324	0.00782
33	0.00955	0.00685	0.00865	0.00960	0.01066	0.00657	0.00678	0.01231	0.06545	0.03749	0.06598	0.55781	0.10619	0.01900	0.00834	0.00262	0.00408	0.04962	0.00637	0.00608
34	0.01942	0.01643	0.02042	0.01627	0.02047	0.05624	0.12383	0.26024	0.18061	0.04706	0.01886	0.03768	0.01524	0.08731	0.01056	0.00263	0.04433	0.00730	0.00558	0.00954
35	0.01890	0.19765	0.04608	0.02713	0.33790	0.16552	0.04363	0.05029	0.01633	0.02017	0.01155	0.01428	0.00971	0.00620	0.00602	0.00182	0.00878	0.00513	0.00337	0.00952
36	0.01592	0.01575	0.02261	0.03239	0.50840	0.08933	0.01709	0.01922	0.01543	0.02058	0.01883	0.09628	0.05373	0.00872	0.00696	0.00210	0.00767	0.03573	0.00391	0.00935
37	0.05940	0.01602	0.01689	0.01395	0.01853	0.01789	0.01119	0.30833	0.35728	0.03371	0.02096	0.02004	0.01551	0.00830	0.00655	0.00209	0.00614	0.00656	0.00649	0.05419
38	0.01668	0.07731	0.10824	0.01764	0.08069	0.05342	0.12866	0.04880	0.01566	0.05917	0.01293	0.01510	0.01010	0.00581	0.00595	0.00160	0.00760	0.00515	0.00391	0.32559
39	0.01716	0.33604	0.33020	0.01532	0.02276	0.01963	0.03554	0.02234	0.03409	0.09044	0.01284	0.01404	0.00975	0.00636	0.00561	0.00184	0.00826	0.00472	0.00353	0.00952
40	0.01370	0.07478	0.69150	0.01871	0.02840	0.01618	0.02406	0.02119	0.01414	0.02095	0.01189	0.01398	0.00851	0.00634	0.00626	0.00209	0.00977	0.00488	0.00284	0.00985
41	0.00859	0.00665	0.00809	0.00872	0.01018	0.00615	0.00651	0.01042	0.01426	0.01820	0.08148	0.27815	0.32526	0.02175	0.08451	0.00339	0.00538	0.09059	0.00601	0.00572
42	0.01670	0.11989	0.42062	0.01844	0.02607	0.12262	0.08493	0.02228	0.01506	0.05054	0.01214	0.01422	0.00906	0.00657	0.00676	0.00202	0.03441	0.00509	0.00322	0.00934
43	0.01846	0.01646	0.05092	0.01888	0.08188	0.10874	0.15808	0.02391	0.09951	0.14980	0.09242	0.04646	0.02082	0.00910	0.00758	0.00220	0.02442	0.05595	0.00536	0.00904
44	0.00844	0.00602	0.00767	0.00888	0.00958	0.00556	0.00604	0.00986	0.01350	0.01816	0.07672	0.61216	0.11461	0.01955	0.00827	0.00259	0.00376	0.01755	0.04553	0.00556
45	0.05279	0.01799	0.01455	0.01287	0.01605	0.27234	0.00991	0.06859	0.03378	0.14819	0.09135	0.07426	0.01986	0.00923	0.00676	0.00196	0.02616	0.00709	0.10808	0.00819

[dist]
# distance from previous block
# <min> <max>
0	3

[block]
# block no. 5 follows, 32 sequences, length 52
# corresponding to MSA columns:
# 246-263,273-306
name=unknown_F
#
# <colnr> <probs for GDERKNQSTAVLIFYWHMCP>
#	G	D	E	R	K	N	Q	S	T	A	V	L	I	F	Y	W	H	M	C	P
0	0.01797	0.02160	0.09398	0.01695	0.01980	0.22806	0.03129	0.05068	0.01469	0.01875	0.01076	0.01441	0.00929	0.00892	0.01302	0.00228	0.33402	0.00529	0.03629	0.05195
1	0.02213	0.02056	0.01827	0.01516	0.01928	0.21887	0.01205	0.32641	0.07952	0.02957	0.04046	0.01721	0.01328	0.00996	0.04019	0.00235	0.05007	0.00584	0.00534	0.05348
2	0.01786	0.01859	0.02421	0.10867	0.47518	0.15751	0.01834	0.02228	0.05417	0.02068	0.01292	0.01632	0.01061	0.00641	0.00654	0.00198	0.00874	0.00574	0.00351	0.00974
3	0.01284	0.00909	0.03516	0.00959	0.01226	0.00791	0.00778	0.01708	0.07317	0.12216	0.39216	0.04689	0.17131	0.01316	0.00768	0.00219	0.00410	0.04104	0.00704	0.00738
4	0.01166	0.00583	0.00874	0.00874	0.00874	0.00583	0.00583	0.00874	0.00874	0.01166	0.01166	0.02040	0.01166	0.02331	0.02622	0.80478	0.00583	0.00583	0.00291	0.00291
5	0.02334	0.21723	0.02340	0.01538	0.01986	0.39343	0.01254	0.17741	0.02047	0.02211	0.01140	0.01267	0.00926	0.00687	0.00575	0.00172	0.00977	0.00452	0.00404	0.00881
6	0.00895	0.00684	0.00820	0.00786	0.00969	0.00610	0.00590	0.01159	0.01769	0.02382	0.48965	0.05521	0.29439	0.01487	0.00792	0.00217	0.00325	0.01285	0.00698	0.00610
7	0.00823	0.00586	0.00777	0.00927	0.00964	0.00549	0.00615	0.00936	0.01273	0.01698	0.03641	0.73373	0.04365	0.04809	0.00950	0.00286	0.00399	0.01874	0.00615	0.00540
8	0.01300	0.00684	0.00696	0.00673	0.00847	0.00691	0.00510	0.04631	0.01500	0.02585	0.04249	0.02537	0.01832	0.00800	0.00488	0.00160	0.00332	0.00642	0.74195	0.00649
9	0.00870	0.00675	0.00792	0.00779	0.00958	0.00597	0.00578	0.01107	0.01688	0.02227	0.37866	0.11398	0.34903	0.01574	0.00797	0.00223	0.00333	0.01358	0.00679	0.00597
10	0.00818	0.00584	0.00779	0.00934	0.00973	0.00545	0.00623	0.00934	0.01285	0.01713	0.03698	0.75981	0.04438	0.02102	0.00856	0.00273	0.00389	0.01908	0.00623	0.00545
11	0.02506	0.03198	0.01901	0.01729	0.02074	0.73725	0.01296	0.02679	0.01901	0.01642	0.01037	0.01210	0.00864	0.00691	0.00605	0.00173	0.01210	0.00432	0.00346	0.00778
12	0.00941	0.00686	0.00885	0.00835	0.00997	0.00629	0.00626	0.01249	0.01879	0.02642	0.68288	0.05092	0.09953	0.01390	0.00791	0.00212	0.00318	0.01225	0.00732	0.00629
13	0.00818	0.00584	0.00779	0.00934	0.00973	0.00545	0.00623	0.00934	0.01285	0.01713	0.03698	0.75981	0.04438	0.02102	0.00856	0.00273	0.00389	0.01908	0.00623	0.00545
14	0.01468	0.01468	0.02055	0.01762	0.01762	0.02055	0.01468	0.01615	0.01028	0.01615	0.00881	0.01468	0.00881	0.01174	0.02202	0.00294	0.75191	0.00587	0.00294	0.00734
15	0.02144	0.01583	0.01775	0.01425	0.01855	0.01763	0.01164	0.52406	0.02624	0.03546	0.01659	0.01873	0.01278	0.01886	0.19358	0.00426	0.01009	0.00633	0.00592	0.01003
16	0.00818	0.00584	0.00779	0.00934	0.00973	0.00545	0.00623	0.00934	0.01285	0.01713	0.03698	0.75981	0.04438	0.02102	0.00856	0.00273	0.00389	0.01908	0.00623	0.00545
17	0.00923	0.00685	0.00859	0.00816	0.00986	0.00622	0.00612	0.01214	0.01836	0.02539	0.60668	0.05261	0.17636	0.01428	0.00792	0.00214	0.00321	0.01248	0.00719	0.00622
18	0.01855	0.67001	0.05570	0.01212	0.01796	0.02563	0.01203	0.08810	0.01544	0.01861	0.01009	0.01141	0.00889	0.00599	0.00461	0.00151	0.00728	0.00388	0.00325	0.00893
19	0.01407	0.01289	0.02077	0.03008	0.47207	0.01270	0.01617	0.01751	0.01531	0.02094	0.02624	0.03551	0.13696	0.01014	0.00734	0.00224	0.00686	0.12890	0.00434	0.00897
20	0.02551	0.01879	0.02014	0.01544	0.02081	0.02081	0.01275	0.69996	0.03155	0.04229	0.01611	0.01611	0.01141	0.00805	0.00671	0.00201	0.00738	0.00604	0.00671	0.01141
21	0.02190	0.02598	0.02209	0.02622	0.28313	0.46749	0.01582	0.02447	0.01762	0.01848	0.01121	0.01379	0.00939	0.00656	0.00627	0.00183	0.01056	0.00494	0.00341	0.00884
22	0.00793	0.00680	0.00680	0.00680	0.00906	0.00566	0.00510	0.00963	0.01529	0.01813	0.06797	0.06457	0.71961	0.01699	0.00793	0.00227	0.00340	0.01416	0.00623	0.00566
23	0.01661	0.01594	0.02724	0.04119	0.72233	0.01594	0.02059	0.02059	0.01528	0.02192	0.01262	0.01661	0.01063	0.00598	0.00664	0.00199	0.00797	0.00598	0.00332	0.01063
24	0.01797	0.09129	0.02663	0.15431	0.22241	0.01798	0.13085	0.18923	0.01894	0.02541	0.01382	0.01798	0.01101	0.00689	0.00672	0.00206	0.00843	0.02425	0.00415	0.00967
25	0.01584	0.01810	0.03959	0.02828	0.03507	0.01697	0.69796	0.02149	0.01584	0.02149	0.01357	0.01810	0.01018	0.00566	0.00792	0.00226	0.01131	0.00792	0.00339	0.00905
26	0.00818	0.00584	0.00779	0.00934	0.00973	0.00545	0.00623	0.00934	0.01285	0.01713	0.03698	0.75981	0.04438	0.02102	0.00856	0.00273	0.00389	0.01908	0.00623	0.00545
27	0.01346	0.03471	0.72942	0.01912	0.02904	0.01558	0.02479	0.02125	0.01417	0.02125	0.01204	0.01417	0.00850	0.00637	0.00637	0.00212	0.00992	0.00496	0.00283	0.00992
28	0.01611	0.00832	0.01109	0.00956	0.01230	0.00746	0.00746	0.01909	0.01906	0.25157	0.49662	0.04137	0.04832	0.01198	0.00754	0.00210	0.00398	0.01041	0.00768	0.00796
29	0.01238	0.00824	0.01078	0.01016	0.01214	0.00872	0.00784	0.04289	0.04113	0.08879	0.02800	0.03330	0.13746	0.08750	0.41128	0.00722	0.01211	0.00847	0.02486	0.00675
30	0.02887	0.01232	0.01602	0.01233	0.01744	0.01129	0.01016	0.12517	0.02092	0.61127	0.04504	0.02269	0.01723	0.00843	0.00678	0.00207	0.00587	0.00680	0.00806	0.01127
31	0.02328	0.01700	0.02315	0.05953	0.08082	0.03546	0.13037	0.34767	0.02388	0.16482	0.01698	0.01776	0.01192	0.00742	0.00690	0.00207	0.00799	0.00644	0.00588	0.01064
32	0.81159	0.01298	0.00986	0.00882	0.01298	0.01505	0.00727	0.01972	0.01142	0.03010	0.00934	0.01090	0.00727	0.00623	0.00415	0.00208	0.00519	0.00363	0.00415	0.00727
33	0.53091	0.01537	0.06989	0.06019	0.04055	0.06157	0.01012	0.01931	0.01306	0.02667	0.05905	0.01660	0.03944	0.00723	0.00511	0.00207	0.00617	0.00500	0.00419	0.00752
34	0.01794	0.76823	0.03516	0.01148	0.01722	0.02655	0.01148	0.02009	0.01363	0.01579	0.00933	0.01076	0.00861	0.00574	0.00431	0.00144	0.00718	0.00359	0.00287	0.00861
35	0.01391	0.01193	0.01391	0.00994	0.01590	0.00894	0.00795	0.01690	0.01391	0.02186	0.01193	0.01391	0.00994	0.00497	0.00497	0.00099	0.00497	0.00398	0.00398	0.80521
36	0.01822	0.41684	0.12395	0.01636	0.02243	0.14620	0.13089	0.02164	0.01501	0.01759	0.01059	0.01269	0.00887	0.00601	0.00550	0.00172	0.00909	0.00463	0.00306	0.00871
37	0.02368	0.01829	0.06578	0.01499	0.02037	0.01855	0.01287	0.46706	0.14675	0.11304	0.01891	0.01826	0.01336	0.00815	0.00671	0.00207	0.00701	0.00631	0.00665	0.01118
38	0.00950	0.00686	0.00897	0.00844	0.01002	0.00633	0.00633	0.01266	0.01899	0.02691	0.71879	0.05012	0.06331	0.01372	0.00791	0.00211	0.00317	0.01213	0.00739	0.00633
39	0.03010	0.01142	0.01557	0.01194	0.01713	0.00986	0.00986	0.03270	0.01920	0.72698	0.02647	0.02284	0.01661	0.00830	0.00675	0.00208	0.00571	0.00675	0.00830	0.01142
40	0.81159	0.01298	0.00986	0.00882	0.01298	0.01505	0.00727	0.01972	0.01142	0.03010	0.00934	0.01090	0.00727	0.00623	0.00415	0.00208	0.00519	0.00363	0.00415	0.00727
41	0.01532	0.21498	0.33248	0.01593	0.04125	0.01683	0.04499	0.03729	0.01534	0.05488	0.08723	0.01931	0.03742	0.00736	0.00611	0.00191	0.00790	0.00588	0.00386	0.03374
42	0.01014	0.00724	0.00874	0.00850	0.00862	0.00783	0.00536	0.01050	0.00990	0.01352	0.01982	0.03978	0.02237	0.63170	0.10361	0.00664	0.06808	0.00919	0.00393	0.00452
43	0.81159	0.01298	0.00986	0.00882	0.01298	0.01505	0.00727	0.01972	0.01142	0.03010	0.00934	0.01090	0.00727	0.00623	0.00415	0.00208	0.00519	0.00363	0.00415	0.00727
44	0.01587	0.01561	0.06829	0.38525	0.19042	0.01644	0.01830	0.13402	0.01682	0.02270	0.01266	0.01691	0.00970	0.00698	0.00736	0.00217	0.04192	0.00591	0.00368	0.00899
45	0.01260	0.01185	0.01661	0.04523	0.01637	0.01568	0.01225	0.01410	0.01120	0.01649	0.01759	0.24378	0.01974	0.01439	0.01725	0.00284	0.49137	0.00993	0.00395	0.00676
46	0.02469	0.01791	0.01942	0.01483	0.02024	0.01936	0.01223	0.61488	0.02954	0.06750	0.01616	0.01619	0.01149	0.00780	0.00656	0.00193	0.00711	0.00589	0.00654	0.07974
47	0.00860	0.00602	0.00766	0.00879	0.00908	0.00574	0.00564	0.00946	0.01201	0.01601	0.03269	0.56579	0.03896	0.22243	0.01550	0.00375	0.00460	0.01655	0.00564	0.00507
48	0.00959	0.00719	0.01078	0.01078	0.01198	0.00839	0.00839	0.01198	0.01078	0.01558	0.01797	0.02636	0.01677	0.05032	0.73760	0.01078	0.01797	0.00719	0.00359	0.00599
49	0.01661	0.01594	0.02724	0.04119	0.72233	0.01594	0.02059	0.02059	0.01528	0.02192	0.01262	0.01661	0.01063	0.00598	0.00664	0.00199	0.00797	0.00598	0.00332	0.01063
50	0.01081	0.00772	0.01081	0.01236	0.01390	0.00772	0.01081	0.01390	0.01545	0.02008	0.03553	0.07569	0.03862	0.01854	0.00927	0.00309	0.00618	0.67717	0.00618	0.00618
51	0.00837	0.00598	0.00800	0.00956	0.01003	0.00561	0.00656	0.00967	0.01303	0.01734	0.03688	0.71047	0.04396	0.02084	0.00862	0.00275	0.00406	0.06654	0.00622	0.00550

[dist]
# distance from previous block
# <min> <max>
0	47

[block]
# block no. 6 follows, 32 sequences, length 31
# corresponding to MSA columns:
# 354-384
name=unknown_G
#
# <colnr> <probs for GDERKNQSTAVLIFYWHMCP>
#	G	D	E	R	K	N	Q	S	T	A	V	L	I	F	Y	W	H	M	C	P
0	0.81159	0.01298	0.00986	0.00882	0.01298	0.01505	0.00727	0.01972	0.01142	0.03010	0.00934	0.01090	0.00727	0.00623	0.00415	0.00208	0.00519	0.00363	0.00415	0.00727
1	0.00959	0.00719	0.01078	0.01078	0.01198	0.00839	0.00839	0.01198	0.01078	0.01558	0.01797	0.02636	0.01677	0.05032	0.73760	0.01078	0.01797	0.00719	0.00359	0.00599
2	0.00975	0.00653	0.00746	0.00746	0.00751	0.00658	0.00425	0.00985	0.00980	0.01312	0.02101	0.04317	0.02407	0.73418	0.06372	0.00668	0.00699	0.00965	0.00405	0.00415
3	0.02573	0.01843	0.01991	0.01527	0.02063	0.02027	0.01261	0.66733	0.03094	0.07576	0.01662	0.01644	0.01167	0.00807	0.00671	0.00202	0.00730	0.00608	0.00679	0.01141
4	0.00818	0.00584	0.00779	0.00934	0.00973	0.00545	0.00623	0.00934	0.01285	0.01713	0.03698	0.75981	0.04438	0.02102	0.00856	0.00273	0.00389	0.01908	0.00623	0.00545
5	0.00935	0.00685	0.00876	0.00828	0.00993	0.00627	0.00621	0.01237	0.01864	0.02606	0.65615	0.05151	0.12648	0.01403	0.00792	0.00213	0.00319	0.01233	0.00728	0.00627
6	0.81159	0.01298	0.00986	0.00882	0.01298	0.01505	0.00727	0.01972	0.01142	0.03010	0.00934	0.01090	0.00727	0.00623	0.00415	0.00208	0.00519	0.00363	0.00415	0.00727
7	0.00818	0.00584	0.00779	0.00934	0.00973	0.00545	0.00623	0.00934	0.01285	0.01713	0.03698	0.75981	0.04438	0.02102	0.00856	0.00273	0.00389	0.01908	0.00623	0.00545
8	0.00833	0.00595	0.00796	0.00952	0.00997	0.00558	0.00649	0.00961	0.01300	0.01730	0.03690	0.72010	0.04404	0.02088	0.00861	0.00275	0.00403	0.05727	0.00623	0.00549
9	0.01267	0.01193	0.02013	0.74806	0.04621	0.01491	0.01863	0.01714	0.01342	0.01714	0.01193	0.01789	0.00894	0.00671	0.00671	0.00224	0.00894	0.00596	0.00298	0.00745
10	0.00875	0.00628	0.00830	0.00895	0.00986	0.00583	0.00627	0.01078	0.01551	0.02136	0.33199	0.45274	0.05257	0.01786	0.00828	0.00246	0.00358	0.01607	0.00673	0.00583
11	0.01468	0.01468	0.02055	0.01762	0.01762	0.02055	0.01468	0.01615	0.01028	0.01615	0.00881	0.01468	0.00881	0.01174	0.02202	0.00294	0.75191	0.00587	0.00294	0.00734
12	0.02551	0.01879	0.02014	0.01544	0.02081	0.02081	0.01275	0.69996	0.03155	0.04229	0.01611	0.01611	0.01141	0.00805	0.00671	0.00201	0.00738	0.00604	0.00671	0.01141
13	0.00818	0.00584	0.00779	0.00934	0.00973	0.00545	0.00623	0.00934	0.01285	0.01713	0.03698	0.75981	0.04438	0.02102	0.00856	0.00273	0.00389	0.01908	0.00623	0.00545
14	0.00827	0.00588	0.00776	0.00923	0.00959	0.00551	0.00610	0.00937	0.01267	0.01689	0.03606	0.71826	0.04322	0.06415	0.01005	0.00294	0.00404	0.01853	0.00610	0.00537
15	0.81159	0.01298	0.00986	0.00882	0.01298	0.01505	0.00727	0.01972	0.01142	0.03010	0.00934	0.01090	0.00727	0.00623	0.00415	0.00208	0.00519	0.00363	0.00415	0.00727
16	0.01794	0.76823	0.03516	0.01148	0.01722	0.02655	0.01148	0.02009	0.01363	0.01579	0.00933	0.01076	0.00861	0.00574	0.00431	0.00144	0.00718	0.00359	0.00287	0.00861
17	0.00959	0.00716	0.01064	0.01064	0.01179	0.00831	0.00821	0.01189	0.01074	0.01547	0.01810	0.02709	0.01709	0.07990	0.70846	0.01061	0.01750	0.00730	0.00361	0.00591
18	0.01049	0.00852	0.01253	0.01200	0.01299	0.01056	0.00951	0.01272	0.01069	0.01568	0.01634	0.02428	0.01535	0.04344	0.61000	0.00938	0.14884	0.00695	0.00348	0.00623
19	0.01486	0.01654	0.03554	0.02587	0.03184	0.01550	0.60978	0.01994	0.01546	0.02094	0.01656	0.11266	0.01454	0.00761	0.00800	0.00232	0.01037	0.00934	0.00376	0.00859
20	0.02989	0.01177	0.01579	0.01210	0.01730	0.01038	0.01000	0.06430	0.01979	0.69456	0.02598	0.02252	0.01636	0.00829	0.00675	0.00207	0.00579	0.00671	0.00823	0.01142
21	0.00793	0.00680	0.00680	0.00680	0.00906	0.00566	0.00510	0.00963	0.01529	0.01813	0.06797	0.06457	0.71961	0.01699	0.00793	0.00227	0.00340	0.01416	0.00623	0.00566
22	0.01661	0.01594	0.02724	0.04119	0.72233	0.01594	0.02059	0.02059	0.01528	0.02192	0.01262	0.01661	0.01063	0.00598	0.00664	0.00199	0.00797	0.00598	0.00332	0.01063
23	0.01006	0.00701	0.00899	0.00841	0.01018	0.00639	0.00634	0.01307	0.01866	0.05031	0.63412	0.05053	0.12293	0.01384	0.00788	0.00212	0.00328	0.01214	0.00731	0.00644
24	0.00818	0.00584	0.00779	0.00934	0.00973	0.00545	0.00623	0.00934	0.01285	0.01713	0.03698	0.75981	0.04438	0.02102	0.00856	0.00273	0.00389	0.01908	0.00623	0.00545
25	0.01346	0.03471	0.72942	0.01912	0.02904	0.01558	0.02479	0.02125	0.01417	0.02125	0.01204	0.01417	0.00850	0.00637	0.00637	0.00212	0.00992	0.00496	0.00283	0.00992
26	0.02146	0.02550	0.01737	0.01491	0.01918	0.50200	0.01135	0.02360	0.01737	0.01818	0.01087	0.01269	0.00906	0.00629	0.00570	0.00149	0.00980	0.00421	0.00362	0.26536
27	0.00837	0.00681	0.00740	0.00726	0.00933	0.00585	0.00544	0.01047	0.01632	0.02057	0.24925	0.06055	0.53681	0.01608	0.00793	0.00222	0.00333	0.01360	0.00655	0.00585
28	0.01403	0.12822	0.64091	0.01815	0.02753	0.01698	0.02309	0.02110	0.01410	0.02055	0.01170	0.01373	0.00851	0.00629	0.00611	0.00204	0.00957	0.00478	0.00284	0.00975
29	0.00812	0.00626	0.00743	0.00829	0.00947	0.00557	0.00578	0.00957	0.01404	0.01787	0.07291	0.45555	0.31682	0.01915	0.00829	0.00252	0.00367	0.01686	0.00627	0.00557
30	0.01558	0.01517	0.01760	0.01547	0.01674	0.10786	0.01253	0.08013	0.01351	0.01846	0.01224	0.01774	0.01125	0.02153	0.21788	0.00488	0.38443	0.00606	0.00354	0.00740

[dist]
# distance from previous block
# <min> <max>
0	5

[block]
# block no. 7 follows, 32 sequences, length 129
# corresponding to MSA columns:
# 394-522
name=unknown_H
#
# <colnr> <probs for GDERKNQSTAVLIFYWHMCP>
#	G	D	E	R	K	N	Q	S	T	A	V	L	I	F	Y	W	H	M	C	P
0	0.02431	0.01872	0.01988	0.01629	0.04651	0.04495	0.01285	0.58741	0.09602	0.03927	0.01686	0.01685	0.01216	0.00804	0.00670	0.00203	0.00737	0.00613	0.00649	0.01118
1	0.02062	0.01539	0.02995	0.02254	0.05364	0.01417	0.41513	0.02508	0.01707	0.26558	0.03818	0.02060	0.01394	0.00681	0.00747	0.00218	0.00902	0.00756	0.00520	0.00985
2	0.00959	0.00716	0.01065	0.01065	0.01181	0.00832	0.00823	0.01190	0.01075	0.01548	0.01809	0.02702	0.01706	0.07700	0.71132	0.01062	0.01754	0.00729	0.00361	0.00592
3	0.02578	0.01773	0.01940	0.01494	0.02024	0.01931	0.01232	0.59461	0.05314	0.12668	0.01778	0.01725	0.01236	0.00812	0.00672	0.00203	0.00711	0.00618	0.00691	0.01139
4	0.01450	0.01450	0.02077	0.01770	0.01795	0.01991	0.03796	0.01610	0.01056	0.01637	0.00993	0.04018	0.01007	0.01185	0.02108	0.00291	0.70087	0.00639	0.00306	0.00733
5	0.00909	0.00684	0.00840	0.00801	0.00977	0.00616	0.00601	0.01187	0.01803	0.02461	0.54847	0.05390	0.23506	0.01457	0.00792	0.00215	0.00323	0.01266	0.00708	0.00616
6	0.01391	0.01193	0.01391	0.00994	0.01590	0.00894	0.00795	0.01690	0.01391	0.02186	0.01193	0.01391	0.00994	0.00497	0.00497	0.00099	0.00497	0.00398	0.00398	0.80521
7	0.24078	0.01204	0.01416	0.01119	0.01611	0.01156	0.00924	0.04743	0.01744	0.52029	0.02157	0.01943	0.01395	0.00774	0.00605	0.00207	0.00562	0.00589	0.00714	0.01030
8	0.01251	0.00625	0.00625	0.00625	0.00782	0.00625	0.00469	0.01563	0.01407	0.02502	0.02189	0.02502	0.01720	0.00782	0.00469	0.00156	0.00313	0.00625	0.80144	0.00625
9	0.01556	0.01766	0.03846	0.02761	0.03417	0.01656	0.67332	0.02106	0.01573	0.02134	0.01441	0.04453	0.01140	0.00620	0.00794	0.00228	0.01105	0.00832	0.00349	0.00892
10	0.00793	0.00680	0.00680	0.00680	0.00906	0.00566	0.00510	0.00963	0.01529	0.01813	0.06797	0.06457	0.71961	0.01699	0.00793	0.00227	0.00340	0.01416	0.00623	0.00566
