[name]
unknown

[dist]
# distance from previous block
# <min> <max>
0	556

[block]
# block no. 0 follows, 28 sequences, length 59
# corresponding to MSA columns:
# 891-948,956
name=unknown_A
#
# <colnr> <probs for GDERKNQSTAVLIFYWHMCP>
#	G	D	E	R	K	N	Q	S	T	A	V	L	I	F	Y	W	H	M	C	P
0	0.04476	0.28186	0.02376	0.01341	0.01769	0.18603	0.03537	0.02134	0.01683	0.05488	0.06447	0.05299	0.10000	0.04794	0.00799	0.00222	0.00812	0.00742	0.00460	0.00830
1	0.02004	0.31929	0.13681	0.01803	0.07153	0.04810	0.04747	0.16948	0.01966	0.02541	0.01431	0.05236	0.01226	0.00782	0.00629	0.00199	0.00858	0.00604	0.00432	0.01021
2	0.02151	0.19443	0.07637	0.02393	0.23492	0.05432	0.01628	0.09951	0.01914	0.12885	0.05088	0.01889	0.01478	0.00758	0.00663	0.00203	0.00809	0.00617	0.00493	0.01076
3	0.02103	0.01069	0.01394	0.01294	0.04240	0.01011	0.00973	0.05825	0.05153	0.29698	0.10959	0.14441	0.03025	0.01254	0.00772	0.00239	0.00544	0.05663	0.09386	0.00959
4	0.02577	0.07748	0.02217	0.01588	0.02145	0.02214	0.01322	0.55277	0.07919	0.04173	0.01798	0.01805	0.01306	0.00860	0.00699	0.00213	0.00765	0.00646	0.03542	0.01185
5	0.01716	0.01961	0.04289	0.03064	0.03799	0.01838	0.67279	0.02328	0.01716	0.02328	0.01471	0.01961	0.01103	0.00613	0.00858	0.00245	0.01225	0.00858	0.00368	0.00980
6	0.01390	0.01309	0.02211	0.69982	0.07598	0.01619	0.02027	0.01872	0.01462	0.01878	0.01295	0.01932	0.00976	0.00724	0.00726	0.00241	0.00965	0.00646	0.00324	0.00821
7	0.01514	0.11976	0.62963	0.01976	0.02998	0.01825	0.02519	0.02288	0.01528	0.02234	0.01271	0.01492	0.00922	0.00683	0.00665	0.00222	0.01040	0.00520	0.00307	0.01058
8	0.01503	0.01441	0.02489	0.51067	0.22323	0.01656	0.05236	0.01980	0.01520	0.02019	0.01321	0.01902	0.01024	0.00700	0.00731	0.00235	0.00953	0.00657	0.00335	0.00908
9	0.00886	0.00633	0.00843	0.01012	0.01054	0.00590	0.00675	0.01012	0.01392	0.01856	0.04006	0.73979	0.04808	0.02277	0.00928	0.00295	0.00422	0.02066	0.00675	0.00590
10	0.01457	0.01408	0.08378	0.01248	0.01652	0.01236	0.01090	0.04229	0.25383	0.05747	0.06852	0.04604	0.25517	0.01350	0.00802	0.00250	0.00563	0.06651	0.00676	0.00905
11	0.01663	0.09865	0.27463	0.21203	0.11172	0.08819	0.05556	0.02224	0.01583	0.02081	0.01269	0.01636	0.00973	0.00690	0.00686	0.00221	0.01024	0.00574	0.00328	0.00969
12	0.01673	0.13693	0.18794	0.02293	0.03015	0.01872	0.32293	0.05345	0.01701	0.02303	0.01626	0.05693	0.01390	0.00801	0.00763	0.00234	0.01031	0.04116	0.00394	0.00971
13	0.00876	0.00670	0.00805	0.00912	0.01028	0.00599	0.00630	0.01023	0.01488	0.01895	0.05221	0.49742	0.28261	0.02119	0.00903	0.00277	0.00402	0.01874	0.00675	0.00599
14	0.01893	0.12449	0.25920	0.01694	0.02337	0.17220	0.01721	0.08941	0.05841	0.02402	0.07346	0.01935	0.01599	0.01047	0.04365	0.00259	0.01011	0.00611	0.00438	0.00969
15	0.01746	0.01529	0.02274	0.29272	0.13216	0.01742	0.06201	0.12724	0.10093	0.02601	0.01649	0.02018	0.01261	0.00798	0.00806	0.00234	0.04498	0.00685	0.05681	0.00972
16	0.41769	0.01552	0.01423	0.16081	0.02231	0.09610	0.01116	0.04308	0.01474	0.02731	0.01265	0.01574	0.00993	0.00902	0.03310	0.00256	0.00776	0.00504	0.07327	0.00798
17	0.01670	0.01461	0.02146	0.18405	0.05114	0.03234	0.12292	0.02619	0.23124	0.06756	0.07810	0.06260	0.03931	0.00969	0.00775	0.00242	0.00774	0.00888	0.00569	0.00960
18	0.00891	0.00637	0.00848	0.01008	0.01056	0.00594	0.00675	0.01026	0.01417	0.01896	0.06495	0.71376	0.04886	0.02247	0.00925	0.00293	0.00419	0.02038	0.00680	0.00594
19	0.01458	0.03760	0.70688	0.02072	0.03146	0.01688	0.02686	0.02302	0.01535	0.02302	0.01304	0.01535	0.00921	0.00691	0.00691	0.00230	0.01074	0.00537	0.00307	0.01074
20	0.01355	0.00678	0.00678	0.00678	0.00847	0.00678	0.00508	0.01694	0.01524	0.02710	0.02371	0.02710	0.01863	0.00847	0.00508	0.00169	0.00339	0.00678	0.78489	0.00678
21	0.00919	0.00656	0.00881	0.01050	0.01106	0.00619	0.00732	0.01069	0.01424	0.01893	0.03988	0.66382	0.04736	0.02246	0.00937	0.00300	0.00450	0.09338	0.00674	0.00600
22	0.01009	0.00742	0.00944	0.00894	0.01074	0.00678	0.00670	0.01334	0.02011	0.02805	0.62355	0.05611	0.14108	0.01527	0.00858	0.00231	0.00346	0.01340	0.00786	0.00678
23	0.01355	0.00678	0.00678	0.00678	0.00847	0.00678	0.00508	0.01694	0.01524	0.02710	0.02371	0.02710	0.01863	0.00847	0.00508	0.00169	0.00339	0.00678	0.78489	0.00678
24	0.01270	0.00698	0.00775	0.00766	0.00932	0.00703	0.00578	0.01602	0.01571	0.02635	0.12869	0.03152	0.02642	0.01432	0.08041	0.00284	0.00509	0.00788	0.58077	0.00676
25	0.01547	0.16880	0.58352	0.01919	0.02910	0.01907	0.02420	0.02279	0.01524	0.02193	0.01250	0.01467	0.00923	0.00678	0.00649	0.00216	0.01020	0.00510	0.00308	0.01048
26	0.01661	0.01339	0.01967	0.19443	0.17333	0.01451	0.01513	0.07221	0.04897	0.06947	0.02013	0.07434	0.04202	0.03264	0.05366	0.02271	0.04793	0.00804	0.00475	0.05606
27	0.00912	0.00733	0.00813	0.00804	0.01017	0.00634	0.00599	0.01141	0.01765	0.02247	0.26048	0.09904	0.47316	0.01755	0.00862	0.00243	0.00363	0.01494	0.00713	0.00634
28	0.05412	0.01555	0.02581	0.28914	0.43181	0.01682	0.02084	0.02092	0.01562	0.02231	0.01323	0.01819	0.01068	0.00678	0.00709	0.00226	0.00887	0.00635	0.00351	0.01010
29	0.04359	0.01790	0.03057	0.02260	0.02836	0.01822	0.32780	0.14261	0.01928	0.06605	0.01495	0.01825	0.01134	0.00763	0.00991	0.00233	0.11037	0.00721	0.00467	0.09636
30	0.01906	0.01883	0.01986	0.01716	0.01998	0.16789	0.05304	0.07482	0.12360	0.04123	0.01922	0.02372	0.03992	0.01565	0.09363	0.00360	0.20306	0.03199	0.00484	0.00891
31	0.01769	0.37131	0.09577	0.01948	0.02587	0.02299	0.22709	0.02178	0.01547	0.01986	0.01319	0.01821	0.01145	0.00731	0.00754	0.00209	0.05304	0.03698	0.00347	0.00939
32	0.09828	0.01504	0.01805	0.01654	0.08816	0.01547	0.01202	0.22397	0.02077	0.09020	0.01643	0.01874	0.01279	0.01475	0.11605	0.00344	0.02854	0.00604	0.00549	0.17922
33	0.01097	0.00852	0.01011	0.00952	0.01172	0.00821	0.00719	0.01636	0.10939	0.02725	0.47018	0.05405	0.19908	0.01496	0.00842	0.00235	0.00380	0.01296	0.00765	0.00733
34	0.01263	0.00631	0.00947	0.00947	0.00947	0.00631	0.00631	0.00947	0.00947	0.01263	0.01263	0.02210	0.01263	0.02525	0.02841	0.78851	0.00631	0.00631	0.00316	0.00316
35	0.02730	0.02070	0.02126	0.01660	0.02219	0.06566	0.01358	0.57532	0.06685	0.06952	0.01814	0.01797	0.01291	0.00872	0.00723	0.00218	0.00813	0.00654	0.00712	0.01207
36	0.01355	0.00678	0.00678	0.00678	0.00847	0.00678	0.00508	0.01694	0.01524	0.02710	0.02371	0.02710	0.01863	0.00847	0.00508	0.00169	0.00339	0.00678	0.78489	0.00678
37	0.12935	0.01872	0.02141	0.04566	0.07519	0.10732	0.08586	0.20820	0.03892	0.03022	0.05830	0.04630	0.01599	0.00885	0.00801	0.00225	0.05096	0.00707	0.00528	0.03614
38	0.02613	0.03310	0.02289	0.01995	0.02407	0.64373	0.08174	0.02844	0.02025	0.01835	0.01159	0.01378	0.00953	0.00735	0.00676	0.00193	0.01302	0.00508	0.00374	0.00857
39	0.01355	0.00678	0.00678	0.00678	0.00847	0.00678	0.00508	0.01694	0.01524	0.02710	0.02371	0.02710	0.01863	0.00847	0.00508	0.00169	0.00339	0.00678	0.78489	0.00678
40	0.01074	0.00838	0.01318	0.01255	0.01412	0.00950	0.04349	0.01344	0.01193	0.01712	0.01934	0.02872	0.01807	0.07479	0.65649	0.01105	0.01868	0.00792	0.00390	0.00659
41	0.01649	0.01688	0.02218	0.01907	0.01926	0.05835	0.01581	0.01809	0.01163	0.01751	0.00963	0.01576	0.00953	0.01245	0.02295	0.00311	0.69384	0.00627	0.00321	0.00798
42	0.00957	0.00744	0.00872	0.00849	0.01054	0.00659	0.00643	0.01227	0.01861	0.02454	0.38744	0.06247	0.35341	0.01667	0.00864	0.00240	0.00367	0.03819	0.00738	0.00652
43	0.00899	0.00646	0.00832	0.00975	0.01026	0.00602	0.00646	0.01018	0.01379	0.01823	0.04066	0.63591	0.08715	0.08664	0.01170	0.00328	0.00443	0.01943	0.00654	0.00579
44	0.01590	0.01590	0.02226	0.01908	0.01908	0.02226	0.01590	0.01749	0.01113	0.01749	0.00954	0.01590	0.00954	0.01272	0.02385	0.00318	0.73123	0.00636	0.00318	0.00795
45	0.00886	0.00633	0.00843	0.01012	0.01054	0.00590	0.00675	0.01012	0.01392	0.01856	0.04006	0.73979	0.04808	0.02277	0.00928	0.00295	0.00422	0.02066	0.00675	0.00590
46	0.04913	0.02011	0.02532	0.11599	0.31327	0.18251	0.07576	0.02267	0.01673	0.02139	0.01347	0.01784	0.01119	0.01106	0.07003	0.00300	0.01099	0.00625	0.00366	0.00962
47	0.01355	0.00678	0.00678	0.00678	0.00847	0.00678	0.00508	0.01694	0.01524	0.02710	0.02371	0.02710	0.01863	0.00847	0.00508	0.00169	0.00339	0.00678	0.78489	0.00678
48	0.01196	0.00990	0.01078	0.01012	0.01288	0.00998	0.00772	0.01995	0.22225	0.02554	0.23110	0.05256	0.31771	0.01482	0.00822	0.00241	0.00425	0.01256	0.00729	0.00798
49	0.01449	0.01339	0.01997	0.07439	0.22823	0.01363	0.06657	0.02139	0.14677	0.02385	0.07951	0.03694	0.20821	0.01106	0.00783	0.00235	0.00671	0.00990	0.00549	0.00931
50	0.01877	0.01671	0.02644	0.03747	0.53832	0.01708	0.01971	0.02600	0.14010	0.06053	0.01739	0.02003	0.01382	0.00723	0.00724	0.00222	0.00798	0.00684	0.00458	0.01156
51	0.01263	0.00631	0.00947	0.00947	0.00947	0.00631	0.00631	0.00947	0.00947	0.01263	0.01263	0.02210	0.01263	0.02525	0.02841	0.78851	0.00631	0.00631	0.00316	0.00316
52	0.03020	0.01191	0.01627	0.01299	0.01815	0.01042	0.01080	0.03307	0.02033	0.62540	0.02981	0.03135	0.02075	0.01028	0.00763	0.00238	0.00624	0.08157	0.00873	0.01171
53	0.02077	0.02144	0.08628	0.02791	0.27529	0.10469	0.04247	0.18421	0.06636	0.02867	0.01691	0.02170	0.01385	0.00826	0.00735	0.00225	0.00904	0.04672	0.00492	0.01090
54	0.02758	0.02201	0.02167	0.01696	0.02253	0.10256	0.01384	0.60035	0.03261	0.04258	0.01673	0.01695	0.01202	0.00858	0.00719	0.00215	0.00859	0.00633	0.00686	0.01191
55	0.02763	0.02036	0.02182	0.01672	0.02254	0.02254	0.01382	0.67496	0.03418	0.04581	0.01745	0.01745	0.01236	0.00873	0.00727	0.00218	0.00800	0.00654	0.00727	0.01236
56	0.01715	0.01743	0.03264	0.07285	0.38053	0.01724	0.25269	0.02264	0.04154	0.02338	0.01552	0.04439	0.01293	0.00709	0.00777	0.00232	0.00972	0.00779	0.00386	0.01053
57	0.04369	0.12117	0.02042	0.01440	0.01899	0.13198	0.01185	0.23601	0.02336	0.12406	0.06976	0.06196	0.03899	0.01018	0.00710	0.00217	0.00777	0.03989	0.00626	0.00997
58	0.01736	0.44462	0.32419	0.01598	0.02413	0.02368	0.01861	0.02230	0.01502	0.01963	0.01136	0.01324	0.00928	0.00651	0.00562	0.00187	0.00904	0.00452	0.00309	0.00993

[dist]
# distance from previous block
# <min> <max>
1	3

[block]
# block no. 1 follows, 28 sequences, length 34
# corresponding to MSA columns:
# 960-993
name=unknown_B
#
# <colnr> <probs for GDERKNQSTAVLIFYWHMCP>
#	G	D	E	R	K	N	Q	S	T	A	V	L	I	F	Y	W	H	M	C	P
0	0.60304	0.01677	0.07289	0.01467	0.08938	0.01681	0.01137	0.05793	0.01428	0.03158	0.01116	0.01309	0.00863	0.00684	0.00515	0.00224	0.00652	0.00448	0.00443	0.00876
1	0.01263	0.00631	0.00947	0.00947	0.00947	0.00631	0.00631	0.00947	0.00947	0.01263	0.01263	0.02210	0.01263	0.02525	0.02841	0.78851	0.00631	0.00631	0.00316	0.00316
2	0.01407	0.01330	0.02225	0.65586	0.08468	0.01650	0.02010	0.01873	0.01449	0.01881	0.01280	0.01914	0.00978	0.00748	0.00804	0.00244	0.04355	0.00646	0.00325	0.00826
3	0.01355	0.00678	0.00678	0.00678	0.00847	0.00678	0.00508	0.01694	0.01524	0.02710	0.02371	0.02710	0.01863	0.00847	0.00508	0.00169	0.00339	0.00678	0.78489	0.00678
4	0.01507	0.01292	0.01507	0.01077	0.01723	0.00969	0.00861	0.01830	0.01507	0.02369	0.01292	0.01507	0.01077	0.00538	0.00538	0.00108	0.00538	0.00431	0.00431	0.78898
5	0.03261	0.01237	0.01687	0.01293	0.01856	0.01068	0.01068	0.03543	0.02081	0.70423	0.02868	0.02474	0.01799	0.00900	0.00731	0.00225	0.00619	0.00731	0.00900	0.01237
6	0.01355	0.00678	0.00678	0.00678	0.00847	0.00678	0.00508	0.01694	0.01524	0.02710	0.02371	0.02710	0.01863	0.00847	0.00508	0.00169	0.00339	0.00678	0.78489	0.00678
7	0.01766	0.02021	0.03882	0.10106	0.03790	0.07780	0.54947	0.02329	0.01718	0.02233	0.01423	0.01903	0.01075	0.00636	0.00827	0.00240	0.01206	0.00803	0.00364	0.00951
8	0.02588	0.07302	0.02268	0.01895	0.02288	0.62162	0.04506	0.02797	0.01980	0.01800	0.01128	0.01343	0.00945	0.00753	0.00711	0.00193	0.03632	0.00488	0.00369	0.00853
9	0.01235	0.00870	0.01088	0.01004	0.01239	0.00813	0.00777	0.05584	0.02026	0.05403	0.46219	0.07895	0.11614	0.01487	0.00845	0.00235	0.00422	0.06283	0.00756	0.04204
10	0.02028	0.01856	0.03559	0.01486	0.01888	0.12948	0.01188	0.20054	0.22977	0.03049	0.06007	0.07064	0.02103	0.01261	0.04633	0.00278	0.00807	0.00812	0.04998	0.01004
11	0.01760	0.01945	0.12792	0.02523	0.23009	0.04857	0.06025	0.14112	0.01919	0.02603	0.02049	0.11723	0.03646	0.05082	0.00927	0.00260	0.00844	0.02453	0.00483	0.00989
12	0.01765	0.18275	0.08441	0.01946	0.09636	0.03679	0.10656	0.07903	0.12922	0.02444	0.05233	0.02434	0.05621	0.04930	0.00862	0.00242	0.00808	0.00741	0.00484	0.00978
13	0.01049	0.00856	0.01046	0.01157	0.06956	0.00779	0.00769	0.03340	0.01804	0.02339	0.23807	0.11269	0.38879	0.01643	0.00848	0.00241	0.00421	0.01411	0.00685	0.00698
14	0.01507	0.01292	0.01507	0.01077	0.01723	0.00969	0.00861	0.01830	0.01507	0.02369	0.01292	0.01507	0.01077	0.00538	0.00538	0.00108	0.00538	0.00431	0.00431	0.78898
15	0.08452	0.06902	0.18112	0.15735	0.06654	0.01824	0.03963	0.15705	0.06099	0.02782	0.03643	0.01869	0.01300	0.00911	0.02808	0.00253	0.00899	0.00627	0.00460	0.01003
16	0.01864	0.36917	0.19559	0.01815	0.06104	0.04070	0.08420	0.02300	0.01601	0.06305	0.03887	0.01620	0.01240	0.00693	0.00611	0.00194	0.00887	0.00546	0.00376	0.00991
17	0.01058	0.00772	0.01137	0.01137	0.01270	0.00894	0.00884	0.01323	0.01191	0.01752	0.01974	0.02847	0.01820	0.05163	0.67121	0.01106	0.01846	0.00772	0.05282	0.00651
18	0.01182	0.00942	0.01275	0.12143	0.01813	0.01064	0.00987	0.01641	0.10216	0.01943	0.06142	0.16985	0.02727	0.16021	0.18922	0.00570	0.03129	0.01092	0.00511	0.00696
19	0.01355	0.00678	0.00678	0.00678	0.00847	0.00678	0.00508	0.01694	0.01524	0.02710	0.02371	0.02710	0.01863	0.00847	0.00508	0.00169	0.00339	0.00678	0.78489	0.00678
20	0.01075	0.00736	0.00901	0.00930	0.00973	0.00750	0.00620	0.01162	0.01177	0.01574	0.02524	0.05147	0.02820	0.54140	0.10772	0.00692	0.00837	0.12193	0.00475	0.00504
21	0.01355	0.00678	0.00678	0.00678	0.00847	0.00678	0.00508	0.01694	0.01524	0.02710	0.02371	0.02710	0.01863	0.00847	0.00508	0.00169	0.00339	0.00678	0.78489	0.00678
22	0.75972	0.01503	0.01115	0.00999	0.01445	0.04920	0.00816	0.02173	0.01276	0.03192	0.01017	0.01187	0.00794	0.00678	0.00460	0.00223	0.00598	0.00397	0.00446	0.00790
23	0.01999	0.01756	0.02773	0.04001	0.59450	0.04939	0.02068	0.02403	0.01720	0.09633	0.01517	0.01848	0.01211	0.00679	0.00718	0.00216	0.00858	0.00648	0.00418	0.01146
24	0.01270	0.01059	0.01396	0.01293	0.01565	0.01080	0.06201	0.02042	0.19865	0.02489	0.16981	0.15459	0.13664	0.01532	0.00859	0.00263	0.00542	0.10940	0.00692	0.00808
25	0.01622	0.01513	0.02360	0.24949	0.29288	0.03376	0.04313	0.05159	0.05395	0.02348	0.06809	0.06203	0.01791	0.00858	0.00749	0.00232	0.00838	0.00791	0.00438	0.00966
26	0.02338	0.14539	0.06077	0.01644	0.02112	0.33654	0.01385	0.13544	0.02134	0.04249	0.04578	0.02159	0.01544	0.00887	0.00679	0.00205	0.01008	0.05860	0.00478	0.00927
27	0.01507	0.01292	0.01507	0.01077	0.01723	0.00969	0.00861	0.01830	0.01507	0.02369	0.01292	0.01507	0.01077	0.00538	0.00538	0.00108	0.00538	0.00431	0.00431	0.78898
28	0.01665	0.02635	0.38149	0.05749	0.02771	0.01482	0.05068	0.05306	0.01661	0.07831	0.01534	0.03780	0.01164	0.00728	0.00680	0.00206	0.00893	0.00602	0.00415	0.17682
29	0.01220	0.00843	0.01156	0.01084	0.01215	0.02694	0.02690	0.01242	0.01250	0.01708	0.09751	0.02950	0.04401	0.05688	0.20824	0.34202	0.00976	0.00789	0.00419	0.04897
30	0.02264	0.02660	0.02078	0.01809	0.02189	0.44961	0.08315	0.06808	0.03804	0.02106	0.03823	0.09860	0.04226	0.00982	0.00728	0.00213	0.01085	0.00775	0.00464	0.00850
31	0.01396	0.01303	0.02107	0.62041	0.04523	0.01567	0.01874	0.01850	0.01446	0.01910	0.01279	0.01877	0.00980	0.00727	0.00769	0.00230	0.03679	0.00622	0.00335	0.09485
32	0.24003	0.01780	0.04250	0.21818	0.02909	0.10037	0.07680	0.05275	0.03743	0.02477	0.01336	0.01814	0.01073	0.00797	0.00782	0.00238	0.06218	0.02502	0.00412	0.00857
33	0.01787	0.49317	0.12244	0.01371	0.01964	0.02394	0.01395	0.04976	0.01620	0.02062	0.09209	0.01770	0.01649	0.00781	0.00660	0.00186	0.04756	0.00544	0.00387	0.00928

[dist]
# distance from previous block
# <min> <max>
0	1

[block]
# block no. 2 follows, 28 sequences, length 12
# corresponding to MSA columns:
# 995-1006
name=unknown_C
#
# <colnr> <probs for GDERKNQSTAVLIFYWHMCP>
#	G	D	E	R	K	N	Q	S	T	A	V	L	I	F	Y	W	H	M	C	P
0	0.06022	0.00904	0.01044	0.01024	0.01239	0.00910	0.00760	0.01797	0.12750	0.05261	0.23950	0.23910	0.11123	0.01561	0.00812	0.00249	0.00430	0.01359	0.04137	0.00756
1	0.02703	0.01255	0.01630	0.01224	0.01813	0.01037	0.01002	0.02997	0.01898	0.48749	0.02366	0.02166	0.01569	0.00785	0.00670	0.00188	0.00593	0.00635	0.00750	0.25971
2	0.01590	0.01590	0.02226	0.01908	0.01908	0.02226	0.01590	0.01749	0.01113	0.01749	0.00954	0.01590	0.00954	0.01272	0.02385	0.00318	0.73123	0.00636	0.00318	0.00795
3	0.02458	0.01766	0.01903	0.01521	0.02028	0.01949	0.01236	0.43988	0.17548	0.07904	0.02133	0.02085	0.01540	0.00897	0.00711	0.00221	0.00699	0.00698	0.07547	0.01168
4	0.01355	0.00678	0.00678	0.00678	0.00847	0.00678	0.00508	0.01694	0.01524	0.02710	0.02371	0.02710	0.01863	0.00847	0.00508	0.00169	0.00339	0.00678	0.78489	0.00678
5	0.74452	0.06267	0.01250	0.00975	0.01436	0.01713	0.00817	0.02139	0.01253	0.03159	0.01012	0.01180	0.00797	0.00671	0.00451	0.00220	0.00577	0.00393	0.00441	0.00797
6	0.01635	0.07889	0.46258	0.02401	0.10569	0.05901	0.10712	0.02325	0.01598	0.02244	0.01303	0.01582	0.00972	0.00675	0.00699	0.00223	0.01065	0.00577	0.00325	0.01048
7	0.01268	0.00933	0.01235	0.01148	0.01397	0.00902	0.04168	0.01782	0.10305	0.06663	0.27425	0.14601	0.15339	0.01564	0.00860	0.00255	0.00484	0.08179	0.00725	0.00767
8	0.01355	0.00678	0.00678	0.00678	0.00847	0.00678	0.00508	0.01694	0.01524	0.02710	0.02371	0.02710	0.01863	0.00847	0.00508	0.00169	0.00339	0.00678	0.78489	0.00678
9	0.49252	0.01459	0.05309	0.04906	0.05885	0.01491	0.01072	0.03999	0.01426	0.04939	0.01527	0.06040	0.01328	0.00857	0.00569	0.00232	0.00625	0.03703	0.04550	0.00831
10	0.04957	0.01609	0.02259	0.49620	0.16339	0.09152	0.01938	0.02049	0.01546	0.02003	0.01276	0.01813	0.00991	0.00713	0.00706	0.00231	0.00969	0.00616	0.00341	0.00873
11	0.01609	0.01466	0.04939	0.03484	0.09266	0.03183	0.04386	0.07064	0.13488	0.05543	0.07919	0.07096	0.14814	0.01098	0.00751	0.00220	0.00641	0.00945	0.00592	0.11496

[dist]
# distance from previous block
# <min> <max>
0	5

[block]
# block no. 3 follows, 28 sequences, length 86
# corresponding to MSA columns:
# 1012-1097
name=unknown_D
#
# <colnr> <probs for GDERKNQSTAVLIFYWHMCP>
#	G	D	E	R	K	N	Q	S	T	A	V	L	I	F	Y	W	H	M	C	P
0	0.01709	0.06835	0.14734	0.14635	0.14507	0.10493	0.05131	0.02310	0.07220	0.02242	0.06110	0.01985	0.01510	0.00756	0.00696	0.00212	0.00905	0.00642	0.00410	0.06958
1	0.19165	0.07739	0.01824	0.04551	0.01940	0.16121	0.03346	0.11994	0.03754	0.05649	0.04057	0.09692	0.01736	0.04446	0.00803	0.00243	0.00798	0.00747	0.00520	0.00874
2	0.01355	0.00678	0.00678	0.00678	0.00847	0.00678	0.00508	0.01694	0.01524	0.02710	0.02371	0.02710	0.01863	0.00847	0.00508	0.00169	0.00339	0.00678	0.78489	0.00678
3	0.01675	0.04753	0.08197	0.01238	0.01800	0.01243	0.01094	0.07186	0.07657	0.07728	0.13025	0.02531	0.04611	0.00851	0.00660	0.00176	0.00592	0.00698	0.00568	0.33717
4	0.01590	0.01590	0.02226	0.01908	0.01908	0.02226	0.01590	0.01749	0.01113	0.01749	0.00954	0.01590	0.00954	0.01272	0.02385	0.00318	0.73123	0.00636	0.00318	0.00795
5	0.05070	0.01588	0.02195	0.05627	0.29710	0.04750	0.01554	0.04507	0.01768	0.17443	0.01666	0.01844	0.01249	0.00696	0.00671	0.00195	0.00753	0.00602	0.00508	0.17603
6	0.01355	0.00678	0.00678	0.00678	0.00847	0.00678	0.00508	0.01694	0.01524	0.02710	0.02371	0.02710	0.01863	0.00847	0.00508	0.00169	0.00339	0.00678	0.78489	0.00678
7	0.01831	0.01669	0.01919	0.01650	0.02091	0.04291	0.07682	0.03677	0.59642	0.02926	0.02747	0.02588	0.02063	0.00941	0.00748	0.00244	0.00666	0.00813	0.00690	0.01123
8	0.00882	0.00646	0.00829	0.00975	0.01045	0.00594	0.00658	0.01016	0.01427	0.01870	0.04454	0.65047	0.13451	0.02219	0.00919	0.00289	0.00415	0.01995	0.00675	0.00594
9	0.01025	0.00756	0.01012	0.01210	0.04389	0.00729	0.00785	0.04468	0.01508	0.02020	0.03765	0.66857	0.04451	0.02128	0.00908	0.00288	0.00462	0.01927	0.00662	0.00650
10	0.01355	0.00678	0.00678	0.00678	0.00847	0.00678	0.00508	0.01694	0.01524	0.02710	0.02371	0.02710	0.01863	0.00847	0.00508	0.00169	0.00339	0.00678	0.78489	0.00678
11	0.01590	0.01590	0.02226	0.01908	0.01908	0.02226	0.01590	0.01749	0.01113	0.01749	0.00954	0.01590	0.00954	0.01272	0.02385	0.00318	0.73123	0.00636	0.00318	0.00795
12	0.01507	0.01292	0.01507	0.01077	0.01723	0.00969	0.00861	0.01830	0.01507	0.02369	0.01292	0.01507	0.01077	0.00538	0.00538	0.00108	0.00538	0.00431	0.00431	0.78898
13	0.79588	0.01406	0.01068	0.00956	0.01406	0.01631	0.00787	0.02137	0.01237	0.03261	0.01012	0.01181	0.00787	0.00675	0.00450	0.00225	0.00562	0.00394	0.00450	0.00787
14	0.01858	0.01423	0.01642	0.01200	0.01829	0.01210	0.00970	0.13891	0.01895	0.07499	0.01484	0.01618	0.01156	0.00624	0.00586	0.00136	0.00591	0.00492	0.00517	0.59379
15	0.01378	0.00768	0.00830	0.00799	0.00952	0.00830	0.00615	0.01699	0.01484	0.02615	0.02232	0.02600	0.01773	0.00889	0.00693	0.00184	0.07518	0.00673	0.70779	0.00689
16	0.01502	0.01535	0.08331	0.01175	0.01863	0.01040	0.01041	0.01877	0.01510	0.02362	0.01293	0.01510	0.01061	0.00553	0.00553	0.00120	0.00591	0.00441	0.00418	0.71221
17	0.01690	0.08134	0.02139	0.01467	0.02020	0.01385	0.11102	0.04410	0.05055	0.06862	0.01945	0.06519	0.04668	0.00819	0.00728	0.00179	0.03739	0.00704	0.00490	0.35945
18	0.01355	0.00678	0.00678	0.00678	0.00847	0.00678	0.00508	0.01694	0.01524	0.02710	0.02371	0.02710	0.01863	0.00847	0.00508	0.00169	0.00339	0.00678	0.78489	0.00678
19	0.01673	0.01482	0.02304	0.01820	0.02260	0.04492	0.22753	0.07738	0.09116	0.05469	0.08455	0.05247	0.06247	0.01443	0.07776	0.00328	0.00925	0.03194	0.06379	0.00899
20	0.03027	0.01225	0.01631	0.01266	0.01797	0.01080	0.01040	0.06035	0.02116	0.61391	0.05985	0.02789	0.05226	0.00969	0.00743	0.00226	0.00602	0.00792	0.00877	0.01183
21	0.01797	0.01668	0.01856	0.01670	0.02024	0.13099	0.08121	0.10982	0.12771	0.02571	0.02665	0.04494	0.02540	0.01438	0.02949	0.00296	0.00875	0.26702	0.00599	0.00883
22	0.01015	0.00742	0.00952	0.00900	0.01077	0.00680	0.00675	0.01345	0.02025	0.02837	0.64420	0.05559	0.12024	0.01515	0.00857	0.00230	0.00345	0.01333	0.00790	0.00680
23	0.01823	0.01802	0.06937	0.02004	0.10448	0.07316	0.07700	0.05580	0.26913	0.05673	0.06891	0.06129	0.02260	0.01007	0.00768	0.00240	0.00762	0.04117	0.00600	0.01029
24	0.01561	0.01484	0.02520	0.42641	0.33604	0.01664	0.02112	0.02022	0.01542	0.02085	0.01325	0.01877	0.01049	0.00692	0.00724	0.00231	0.00923	0.00647	0.00339	0.00959
25	0.01867	0.01949	0.10877	0.04142	0.02297	0.07030	0.07361	0.18460	0.10093	0.02789	0.01758	0.02051	0.01383	0.01668	0.13835	0.00396	0.03647	0.00677	0.03289	0.04431
26	0.01355	0.00678	0.00678	0.00678	0.00847	0.00678	0.00508	0.01694	0.01524	0.02710	0.02371	0.02710	0.01863	0.00847	0.00508	0.00169	0.00339	0.00678	0.78489	0.00678
27	0.75934	0.01436	0.01121	0.00990	0.01446	0.01660	0.00815	0.05246	0.01341	0.03324	0.01047	0.01208	0.00809	0.00684	0.00463	0.00225	0.00574	0.00406	0.00463	0.00809
28	0.01355	0.00678	0.00678	0.00678	0.00847	0.00678	0.00508	0.01694	0.01524	0.02710	0.02371	0.02710	0.01863	0.00847	0.00508	0.00169	0.00339	0.00678	0.78489	0.00678
29	0.76666	0.01418	0.01139	0.01088	0.03980	0.01634	0.00841	0.02140	0.01253	0.03228	0.01025	0.01204	0.00801	0.00674	0.00460	0.00225	0.00574	0.00403	0.00446	0.00801
30	0.01861	0.01505	0.02443	0.31323	0.31945	0.01623	0.01957	0.05353	0.01712	0.10965	0.01547	0.01939	0.01165	0.00722	0.00724	0.00228	0.00872	0.00658	0.00431	0.01028
31	0.01887	0.01790	0.07515	0.01669	0.04937	0.01818	0.01343	0.12937	0.48220	0.03137	0.02610	0.04887	0.02009	0.00975	0.00739	0.00241	0.00657	0.00809	0.00683	0.01138
32	0.02162	0.01839	0.04326	0.01709	0.04942	0.04512	0.03331	0.32322	0.20972	0.03510	0.05356	0.05366	0.01943	0.03312	0.00840	0.00245	0.00741	0.00800	0.00668	0.01101
33	0.01633	0.01647	0.03085	0.20378	0.30450	0.01685	0.22258	0.02130	0.01644	0.02261	0.04624	0.02055	0.01364	0.00696	0.00771	0.00232	0.00976	0.00744	0.00374	0.00993
34	0.01771	0.01431	0.01557	0.01365	0.01765	0.01556	0.01082	0.16275	0.33420	0.03085	0.05625	0.06466	0.09433	0.01177	0.00770	0.00240	0.00590	0.05884	0.00705	0.05801
35	0.01087	0.00858	0.01256	0.01191	0.01381	0.00842	0.05391	0.01392	0.01729	0.02368	0.30521	0.14173	0.10488	0.02037	0.07914	0.00354	0.02811	0.12859	0.00665	0.00684
36	0.01598	0.01648	0.03242	0.03124	0.23719	0.01580	0.34687	0.02073	0.01649	0.02268	0.01909	0.12544	0.01787	0.00925	0.00832	0.00247	0.00974	0.03810	0.00423	0.00963
37	0.01355	0.00678	0.00678	0.00678	0.00847	0.00678	0.00508	0.01694	0.01524	0.02710	0.02371	0.02710	0.01863	0.00847	0.00508	0.00169	0.00339	0.00678	0.78489	0.00678
38	0.05919	0.01856	0.01918	0.01507	0.02024	0.04896	0.01233	0.50017	0.02955	0.08396	0.01834	0.01864	0.01315	0.00858	0.00686	0.00212	0.00745	0.00643	0.09989	0.01134
39	0.05423	0.01512	0.01874	0.01557	0.01998	0.03732	0.07472	0.20941	0.08754	0.14316	0.04492	0.07846	0.04124	0.01169	0.00793	0.00249	0.00725	0.11328	0.00687	0.01006
40	0.07166	0.10827	0.07445	0.02965	0.34326	0.01935	0.03836	0.05122	0.08766	0.02459	0.01449	0.01743	0.01183	0.00746	0.00815	0.00223	0.06907	0.00615	0.00409	0.01062
41	0.01698	0.11251	0.10495	0.01816	0.10060	0.01517	0.06151	0.02343	0.11494	0.09126	0.12688	0.08475	0.02513	0.00982	0.00724	0.00218	0.00696	0.00858	0.00557	0.06337
42	0.01538	0.06526	0.13657	0.01345	0.01885	0.01307	0.01246	0.02231	0.14038	0.05569	0.02267	0.15616	0.02104	0.01053	0.00697	0.00207	0.00642	0.03268	0.00536	0.24268
43	0.00983	0.00799	0.01109	0.01060	0.01239	0.00726	0.06174	0.01185	0.01561	0.02029	0.13595	0.30421	0.25283	0.09011	0.01164	0.00306	0.00489	0.01594	0.00643	0.00629
44	0.01339	0.01662	0.16921	0.01652	0.04353	0.01187	0.09000	0.01944	0.08985	0.04348	0.11358	0.23983	0.05563	0.01368	0.00824	0.00256	0.00693	0.03130	0.00576	0.00859
45	0.01355	0.00678	0.00678	0.00678	0.00847	0.00678	0.00508	0.01694	0.01524	0.02710	0.02371	0.02710	0.01863	0.00847	0.00508	0.00169	0.00339	0.00678	0.78489	0.00678
46	0.17459	0.21556	0.28752	0.01578	0.02326	0.04472	0.01729	0.10072	0.01704	0.02596	0.01216	0.01385	0.00935	0.00693	0.00587	0.00207	0.00870	0.00481	0.00389	0.00991
47	0.02327	0.06835	0.18759	0.07534	0.02507	0.01692	0.01622	0.20831	0.02198	0.21928	0.01974	0.05310	0.01445	0.00874	0.00712	0.00225	0.00811	0.00696	0.00610	0.01111
48	0.01040	0.00879	0.00983	0.01004	0.04032	0.00797	0.00712	0.01436	0.07817	0.02244	0.16043	0.05900	0.47847	0.01600	0.00828	0.00236	0.00412	0.01349	0.00676	0.04165
49	0.01355	0.00678	0.00678	0.00678	0.00847	0.00678	0.00508	0.01694	0.01524	0.02710	0.02371	0.02710	0.01863	0.00847	0.00508	0.00169	0.00339	0.00678	0.78489	0.00678
50	0.25893	0.23189	0.14620	0.01509	0.02144	0.07683	0.06874	0.02342	0.01518	0.06564	0.01225	0.01394	0.00953	0.00677	0.00565	0.00204	0.00835	0.00483	0.00399	0.00928
51	0.01687	0.01612	0.02748	0.22439	0.52819	0.01698	0.02175	0.02132	0.01602	0.02238	0.01347	0.01836	0.01103	0.00668	0.00722	0.00223	0.00891	0.00647	0.00350	0.01061
52	0.01457	0.07704	0.09743	0.01546	0.07958	0.03441	0.01223	0.04289	0.06812	0.02307	0.07479	0.13605	0.08150	0.03773	0.00835	0.00233	0.00653	0.03787	0.00528	0.14478
53	0.00896	0.00640	0.00855	0.01023	0.01070	0.00599	0.00692	0.01029	0.01401	0.01867	0.04001	0.71701	0.04786	0.02268	0.00930	0.00297	0.00430	0.04247	0.00675	0.00593
54	0.02528	0.03171	0.04849	0.01959	0.04402	0.56550	0.04368	0.05632	0.02041	0.01999	0.01190	0.01394	0.00971	0.00731	0.00664	0.00189	0.01218	0.00500	0.00390	0.05253
55	0.01355	0.00678	0.00678	0.00678	0.00847	0.00678	0.00508	0.01694	0.01524	0.02710	0.02371	0.02710	0.01863	0.00847	0.00508	0.00169	0.00339	0.00678	0.78489	0.00678
56	0.53841	0.01708	0.07142	0.01184	0.01669	0.04374	0.01041	0.10581	0.01590	0.03184	0.01370	0.06959	0.01176	0.00830	0.00552	0.00228	0.00655	0.00573	0.00488	0.00857
57	0.01215	0.01138	0.05727	0.03561	0.07471	0.00990	0.01028	0.04713	0.06107	0.02553	0.28544	0.14765	0.16430	0.01458	0.00827	0.00242	0.00508	0.01273	0.00666	0.00784
58	0.01590	0.01590	0.02226	0.01908	0.01908	0.02226	0.01590	0.01749	0.01113	0.01749	0.00954	0.01590	0.00954	0.01272	0.02385	0.00318	0.73123	0.00636	0.00318	0.00795
59	0.01743	0.01645	0.05409	0.11831	0.31115	0.01661	0.04139	0.04810	0.12767	0.05059	0.05340	0.02207	0.01640	0.00967	0.03215	0.00264	0.03947	0.00722	0.00473	0.01047
60	0.01355	0.00678	0.00678	0.00678	0.00847	0.00678	0.00508	0.01694	0.01524	0.02710	0.02371	0.02710	0.01863	0.00847	0.00508	0.00169	0.00339	0.00678	0.78489	0.00678
61	0.07850	0.02127	0.17623	0.02037	0.05108	0.04278	0.17471	0.02629	0.17121	0.05186	0.01973	0.04877	0.01590	0.00860	0.00743	0.00238	0.00880	0.03589	0.00494	0.03325
62	0.01926	0.04483	0.06432	0.15172	0.29559	0.04680	0.08407	0.06348	0.01776	0.09424	0.01600	0.04124	0.01273	0.00755	0.00729	0.00224	0.00902	0.00699	0.00439	0.01046
63	0.01686	0.02106	0.14956	0.04802	0.28817	0.08120	0.06578	0.04381	0.03603	0.02356	0.05371	0.02552	0.09755	0.00868	0.00743	0.00224	0.00878	0.00771	0.00433	0.01001
64	0.01355	0.00678	0.00678	0.00678	0.00847	0.00678	0.00508	0.01694	0.01524	0.02710	0.02371	0.02710	0.01863	0.00847	0.00508	0.00169	0.00339	0.00678	0.78489	0.00678
65	0.01590	0.01590	0.02226	0.01908	0.01908	0.02226	0.01590	0.01749	0.01113	0.01749	0.00954	0.01590	0.00954	0.01272	0.02385	0.00318	0.73123	0.00636	0.00318	0.00795
66	0.01656	0.04095	0.15630	0.01914	0.02404	0.01669	0.16023	0.04095	0.04482	0.06951	0.06865	0.05344	0.04252	0.01011	0.01141	0.00253	0.17545	0.00819	0.02927	0.00926
67	0.76797	0.01490	0.03556	0.00996	0.01468	0.01633	0.00855	0.02143	0.01248	0.03227	0.01023	0.01193	0.00792	0.00675	0.00458	0.00225	0.00581	0.00399	0.00445	0.00797
68	0.01834	0.10323	0.21546	0.02005	0.12421	0.07313	0.01716	0.06582	0.03840	0.04710	0.01398	0.01592	0.01088	0.00672	0.00635	0.00186	0.00847	0.00529	0.00413	0.20350
69	0.01355	0.00678	0.00678	0.00678	0.00847	0.00678	0.00508	0.01694	0.01524	0.02710	0.02371	0.02710	0.01863	0.00847	0.00508	0.00169	0.00339	0.00678	0.78489	0.00678
70	0.15931	0.07503	0.19579	0.01567	0.04561	0.07045	0.01484	0.04749	0.01651	0.10633	0.01765	0.08022	0.01513	0.00899	0.00657	0.00219	0.00787	0.03503	0.00485	0.07448
71	0.01834	0.10604	0.18341	0.01465	0.02141	0.07266	0.01434	0.05868	0.06622	0.06766	0.01530	0.01726	0.01201	0.03034	0.00714	0.00192	0.00784	0.00535	0.00452	0.27491
72	0.01355	0.00678	0.00678	0.00678	0.00847	0.00678	0.00508	0.01694	0.01524	0.02710	0.02371	0.02710	0.01863	0.00847	0.00508	0.00169	0.00339	0.00678	0.78489	0.00678
73	0.04211	0.23820	0.15883	0.01932	0.09254	0.02057	0.06773	0.04611	0.15400	0.06769	0.01681	0.01784	0.01291	0.00739	0.00647	0.00210	0.00821	0.00600	0.00462	0.01055
74	0.01547	0.02754	0.39088	0.08455	0.23320	0.01664	0.05729	0.02203	0.01569	0.02274	0.01423	0.04130	0.01135	0.00731	0.00719	0.00230	0.00988	0.00647	0.00340	0.01055
75	0.01551	0.01650	0.08725	0.02320	0.18098	0.01467	0.11134	0.05137	0.13995	0.02511	0.05717	0.05898	0.11925	0.01083	0.00795	0.00243	0.00757	0.05484	0.00540	0.00970
76	0.00959	0.00728	0.00875	0.00863	0.01039	0.00653	0.00633	0.01216	0.01825	0.02444	0.40127	0.13160	0.27096	0.03964	0.00954	0.00256	0.00371	0.01458	0.00735	0.00644
77	0.01549	0.07002	0.23890	0.05290	0.10418	0.01756	0.07789	0.02237	0.09172	0.02246	0.03851	0.04753	0.04387	0.00926	0.00969	0.00243	0.11391	0.00743	0.00415	0.00973
78	0.01740	0.01868	0.03812	0.02769	0.03399	0.01842	0.54447	0.05573	0.01736	0.02406	0.01478	0.01950	0.01132	0.00700	0.00981	0.00247	0.08047	0.00818	0.04094	0.00961
79	0.01644	0.07734	0.26812	0.01946	0.08180	0.01688	0.05700	0.10834	0.05627	0.02670	0.12158	0.02490	0.05019	0.00911	0.00786	0.00227	0.03331	0.00753	0.00488	0.01001
80	0.01355	0.00678	0.00678	0.00678	0.00847	0.00678	0.00508	0.01694	0.01524	0.02710	0.02371	0.02710	0.01863	0.00847	0.00508	0.00169	0.00339	0.00678	0.78489	0.00678
81	0.01267	0.01086	0.01488	0.01359	0.01399	0.01383	0.01049	0.01411	0.01114	0.01632	0.01645	0.02894	0.01707	0.23721	0.23935	0.00690	0.30396	0.00802	0.00375	0.00648
82	0.01355	0.00678	0.00678	0.00678	0.00847	0.00678	0.00508	0.01694	0.01524	0.02710	0.02371	0.02710	0.01863	0.00847	0.00508	0.00169	0.00339	0.00678	0.78489	0.00678
83	0.47736	0.01558	0.04551	0.04387	0.04175	0.01613	0.03861	0.07688	0.03502	0.03045	0.01257	0.01483	0.00981	0.00916	0.03921	0.00262	0.00725	0.00495	0.00459	0.07384
84	0.01916	0.01645	0.02731	0.06346	0.52613	0.01647	0.04480	0.05616	0.01765	0.08343	0.01635	0.05064	0.01365	0.00755	0.00736	0.00222	0.00837	0.00726	0.00438	0.01119
85	0.04640	0.04218	0.11401	0.02070	0.06256	0.13418	0.16839	0.07096	0.01880	0.08128	0.09852	0.02205	0.01830	0.00980	0.03062	0.00255	0.03698	0.00729	0.00484	0.00957

[dist]
# distance from previous block
# <min> <max>
0	1

[block]
# block no. 4 follows, 28 sequences, length 7
# corresponding to MSA columns:
# 1099-1105
name=unknown_E
#
# <colnr> <probs for GDERKNQSTAVLIFYWHMCP>
#	G	D	E	R	K	N	Q	S	T	A	V	L	I	F	Y	W	H	M	C	P
0	0.07768	0.04090	0.11580	0.04986	0.19613	0.01733	0.01648	0.08608	0.15838	0.04841	0.01974	0.02114	0.04277	0.00832	0.00762	0.00226	0.03804	0.00674	0.00502	0.04127
1	0.01490	0.01438	0.02517	0.52749	0.18300	0.01657	0.07568	0.01974	0.01517	0.02004	0.01323	0.01911	0.01018	0.00701	0.00736	0.00237	0.00969	0.00664	0.00334	0.00893
2	0.01602	0.10838	0.29927	0.02049	0.08875	0.01743	0.08041	0.05485	0.09236	0.02432	0.05002	0.04920	0.04972	0.00868	0.00716	0.00226	0.00871	0.00742	0.00442	0.01014
3	0.01171	0.00984	0.03766	0.01175	0.04162	0.00878	0.00874	0.04814	0.04787	0.02770	0.46060	0.13989	0.08762	0.01491	0.00843	0.00238	0.00437	0.01313	0.00734	0.00751
4	0.01834	0.07953	0.03966	0.05212	0.07004	0.01488	0.03250	0.05469	0.16206	0.10675	0.05352	0.06796	0.01924	0.00884	0.00685	0.00202	0.00655	0.00750	0.00574	0.19122
5	0.01355	0.00678	0.00678	0.00678	0.00847	0.00678	0.00508	0.01694	0.01524	0.02710	0.02371	0.02710	0.01863	0.00847	0.00508	0.00169	0.00339	0.00678	0.78489	0.00678
6	0.01636	0.08117	0.05556	0.11042	0.02392	0.01663	0.07338	0.08429	0.23459	0.02688	0.11363	0.02987	0.08232	0.01000	0.00747	0.00232	0.00703	0.00861	0.00590	0.00965

[dist]
# distance from previous block
# <min> <max>
2	11

[block]
# block no. 5 follows, 28 sequences, length 51
# corresponding to MSA columns:
# 1117-1167
name=unknown_F
#
# <colnr> <probs for GDERKNQSTAVLIFYWHMCP>
#	G	D	E	R	K	N	Q	S	T	A	V	L	I	F	Y	W	H	M	C	P
0	0.03990	0.06281	0.07389	0.04125	0.04686	0.01554	0.04135	0.07316	0.14975	0.05429	0.07827	0.11227	0.02302	0.03142	0.00948	0.00248	0.06551	0.00890	0.00561	0.06425
1	0.01742	0.01614	0.04514	0.13084	0.07629	0.07623	0.04548	0.08689	0.14307	0.05452	0.09877	0.08451	0.02390	0.01222	0.03581	0.00275	0.00817	0.02678	0.00569	0.00938
2	0.01063	0.00747	0.01051	0.01051	0.01136	0.00831	0.00762	0.01205	0.01120	0.01578	0.01978	0.03297	0.01985	0.23245	0.47888	0.07754	0.01509	0.00839	0.00396	0.00566
3	0.05803	0.01839	0.05158	0.01493	0.02022	0.01905	0.01268	0.45888	0.06992	0.06349	0.01897	0.01934	0.01372	0.00860	0.00683	0.00214	0.00716	0.00654	0.11829	0.01124
4	0.01355	0.00678	0.00678	0.00678	0.00847	0.00678	0.00508	0.01694	0.01524	0.02710	0.02371	0.02710	0.01863	0.00847	0.00508	0.00169	0.00339	0.00678	0.78489	0.00678
5	0.34727	0.15142	0.18310	0.01577	0.06295	0.06540	0.01471	0.04421	0.01504	0.02649	0.01136	0.01329	0.00893	0.00679	0.00550	0.00211	0.00799	0.00456	0.00390	0.00923
6	0.11684	0.04941	0.12340	0.02241	0.15919	0.15805	0.04419	0.09448	0.03786	0.10468	0.01516	0.01669	0.01134	0.00738	0.00669	0.00215	0.00917	0.00579	0.00477	0.01037
7	0.01653	0.01571	0.09736	0.04749	0.01925	0.04548	0.02912	0.10801	0.05034	0.08629	0.18758	0.06390	0.13678	0.01176	0.00773	0.00226	0.00644	0.00991	0.00638	0.05169
8	0.01355	0.00678	0.00678	0.00678	0.00847	0.00678	0.00508	0.01694	0.01524	0.02710	0.02371	0.02710	0.01863	0.00847	0.00508	0.00169	0.00339	0.00678	0.78489	0.00678
9	0.29786	0.17581	0.15995	0.01367	0.01973	0.08292	0.01362	0.02266	0.01493	0.05364	0.01309	0.01668	0.01077	0.00742	0.00564	0.00208	0.00788	0.03549	0.00413	0.04201
10	0.01793	0.01599	0.02764	0.21249	0.43732	0.01659	0.06912	0.02241	0.01640	0.07240	0.01466	0.01896	0.01150	0.00683	0.00732	0.00225	0.00899	0.00669	0.00391	0.01059
11	0.04726	0.07244	0.04054	0.05148	0.09623	0.01295	0.08790	0.01799	0.03902	0.02259	0.09833	0.17501	0.02686	0.03944	0.00859	0.00242	0.00677	0.02924	0.00509	0.11985
12	0.00886	0.00633	0.00843	0.01012	0.01054	0.00590	0.00675	0.01012	0.01392	0.01856	0.04006	0.73979	0.04808	0.02277	0.00928	0.00295	0.00422	0.02066	0.00675	0.00590
13	0.05694	0.15541	0.11462	0.01501	0.02097	0.07506	0.01388	0.20758	0.02166	0.14555	0.01796	0.06492	0.01424	0.00870	0.00664	0.00208	0.00798	0.00663	0.00569	0.03848
14	0.01355	0.00678	0.00678	0.00678	0.00847	0.00678	0.00508	0.01694	0.01524	0.02710	0.02371	0.02710	0.01863	0.00847	0.00508	0.00169	0.00339	0.00678	0.78489	0.00678
15	0.67900	0.01535	0.01283	0.01256	0.05990	0.04313	0.00934	0.05282	0.01400	0.03210	0.01075	0.01253	0.00838	0.00685	0.00489	0.00223	0.00622	0.00426	0.00454	0.00835
16	0.02603	0.02841	0.02035	0.01929	0.06510	0.50138	0.01394	0.05914	0.02039	0.09820	0.01485	0.04582	0.01228	0.00849	0.00745	0.00204	0.03715	0.00592	0.00461	0.00914
17	0.01590	0.01590	0.02226	0.01908	0.01908	0.02226	0.01590	0.01749	0.01113	0.01749	0.00954	0.01590	0.00954	0.01272	0.02385	0.00318	0.73123	0.00636	0.00318	0.00795
18	0.01795	0.05146	0.02229	0.07897	0.24074	0.08044	0.03500	0.05258	0.09325	0.04993	0.07657	0.05253	0.01999	0.01065	0.03318	0.00255	0.00833	0.02576	0.00500	0.04284
19	0.01355	0.00678	0.00678	0.00678	0.00847	0.00678	0.00508	0.01694	0.01524	0.02710	0.02371	0.02710	0.01863	0.00847	0.00508	0.00169	0.00339	0.00678	0.78489	0.00678
20	0.01807	0.04402	0.02334	0.14927	0.18264	0.03886	0.06622	0.05164	0.17475	0.05436	0.01877	0.02240	0.01484	0.00799	0.00719	0.00222	0.00804	0.02965	0.00497	0.08074
21	0.01743	0.18299	0.09071	0.07997	0.20502	0.01835	0.09634	0.04967	0.01656	0.05092	0.01711	0.11079	0.01568	0.00880	0.00705	0.00220	0.00845	0.00793	0.00422	0.00982
22	0.01329	0.01066	0.01451	0.01590	0.11406	0.01025	0.03202	0.05750	0.04688	0.02478	0.13599	0.18803	0.12076	0.01381	0.00791	0.00234	0.00539	0.04232	0.06938	0.07421
23	0.01355	0.00678	0.00678	0.00678	0.00847	0.00678	0.00508	0.01694	0.01524	0.02710	0.02371	0.02710	0.01863	0.00847	0.00508	0.00169	0.00339	0.00678	0.78489	0.00678
24	0.01590	0.01590	0.02226	0.01908	0.01908	0.02226	0.01590	0.01749	0.01113	0.01749	0.00954	0.01590	0.00954	0.01272	0.02385	0.00318	0.73123	0.00636	0.00318	0.00795
25	0.04300	0.05531	0.21753	0.01423	0.02171	0.01348	0.01456	0.04445	0.01656	0.12767	0.01528	0.01644	0.01131	0.00657	0.00612	0.00171	0.00727	0.00512	0.00471	0.35699
26	0.62223	0.08835	0.03923	0.01036	0.01543	0.01700	0.00909	0.02120	0.01295	0.02994	0.01047	0.01220	0.00832	0.00658	0.00468	0.00208	0.00600	0.00402	0.00429	0.07556
27	0.01869	0.13749	0.13331	0.01453	0.02093	0.04731	0.04943	0.08327	0.01800	0.08815	0.03697	0.02001	0.04559	0.00756	0.00633	0.00180	0.00748	0.00602	0.03330	0.22382
28	0.01355	0.00678	0.00678	0.00678	0.00847	0.00678	0.00508	0.01694	0.01524	0.02710	0.02371	0.02710	0.01863	0.00847	0.00508	0.00169	0.00339	0.00678	0.78489	0.00678
29	0.22815	0.04061	0.16095	0.12638	0.07251	0.04901	0.01546	0.02197	0.04504	0.02503	0.01283	0.01547	0.00995	0.00677	0.00600	0.00205	0.00791	0.00510	0.00396	0.14486
30	0.01862	0.04556	0.07073	0.01800	0.11204	0.01414	0.04091	0.10302	0.03586	0.08483	0.01635	0.04346	0.01319	0.00719	0.00644	0.00173	0.00696	0.00608	0.00499	0.34990
31	0.01355	0.00678	0.00678	0.00678	0.00847	0.00678	0.00508	0.01694	0.01524	0.02710	0.02371	0.02710	0.01863	0.00847	0.00508	0.00169	0.00339	0.00678	0.78489	0.00678
32	0.01951	0.08385	0.08031	0.02080	0.16966	0.01569	0.03960	0.12864	0.02017	0.11046	0.12440	0.02396	0.02137	0.00850	0.00700	0.00206	0.00716	0.00725	0.04269	0.06692
33	0.01019	0.03967	0.01156	0.10524	0.01608	0.00843	0.00875	0.01194	0.01386	0.01825	0.03377	0.53767	0.03941	0.07620	0.01100	0.00315	0.00540	0.03724	0.00594	0.00625
34	0.01987	0.11278	0.02120	0.03857	0.10205	0.01796	0.01310	0.22193	0.12801	0.05921	0.02295	0.13950	0.02075	0.01108	0.00739	0.00233	0.00698	0.03792	0.00614	0.01028
35	0.01487	0.01269	0.01484	0.01070	0.01695	0.00957	0.00854	0.01811	0.01531	0.02392	0.04207	0.01675	0.01324	0.00579	0.00552	0.00113	0.00530	0.00468	0.00446	0.75557
36	0.11600	0.23215	0.34509	0.01608	0.02407	0.01967	0.01843	0.02412	0.04067	0.08154	0.01382	0.01512	0.01032	0.00698	0.00602	0.00209	0.00868	0.00505	0.00394	0.01015
37	0.01494	0.01141	0.01655	0.07363	0.10286	0.01149	0.05260	0.06783	0.05709	0.07431	0.16104	0.18999	0.07727	0.04409	0.00939	0.00265	0.00616	0.01197	0.00627	0.00845
