[name]
unknown

[dist]
# distance from previous block
# <min> <max>
0	187

[block]
# block no. 0 follows, 35 sequences, length 16
# corresponding to MSA columns:
# 194-209
name=unknown_A
#
# <colnr> <probs for GDERKNQSTAVLIFYWHMCP>
#	G	D	E	R	K	N	Q	S	T	A	V	L	I	F	Y	W	H	M	C	P
0	0.01022	0.00730	0.01022	0.01168	0.01314	0.00730	0.01022	0.01314	0.01460	0.01899	0.03359	0.07156	0.03651	0.01752	0.00876	0.00292	0.00584	0.69478	0.00584	0.00584
1	0.01578	0.01363	0.01434	0.01291	0.01650	0.01578	0.01004	0.03371	0.72602	0.02654	0.02582	0.02367	0.01937	0.00861	0.00646	0.00215	0.00502	0.00717	0.00646	0.01004
2	0.00914	0.00612	0.00694	0.00702	0.00704	0.00610	0.00396	0.00920	0.00939	0.01251	0.02081	0.08178	0.02410	0.73537	0.03096	0.00595	0.00601	0.00971	0.00396	0.00392
3	0.82186	0.01227	0.00932	0.00834	0.01227	0.01423	0.00687	0.01865	0.01080	0.02846	0.00883	0.01031	0.00687	0.00589	0.00393	0.00196	0.00491	0.00344	0.00393	0.00687
4	0.02817	0.01126	0.01501	0.01151	0.01643	0.01002	0.00951	0.07689	0.01894	0.69480	0.02437	0.02117	0.01537	0.00784	0.00638	0.00196	0.00550	0.00633	0.00775	0.01080
5	0.82186	0.01227	0.00932	0.00834	0.01227	0.01423	0.00687	0.01865	0.01080	0.02846	0.00883	0.01031	0.00687	0.00589	0.00393	0.00196	0.00491	0.00344	0.00393	0.00687
6	0.82186	0.01227	0.00932	0.00834	0.01227	0.01423	0.00687	0.01865	0.01080	0.02846	0.00883	0.01031	0.00687	0.00589	0.00393	0.00196	0.00491	0.00344	0.00393	0.00687
7	0.01327	0.01312	0.01822	0.01578	0.01591	0.01806	0.01306	0.01466	0.01006	0.01540	0.01231	0.05276	0.04499	0.01177	0.01956	0.00274	0.69194	0.00653	0.00308	0.00678
8	0.02029	0.01507	0.01623	0.01334	0.01762	0.01679	0.01072	0.34375	0.33791	0.08033	0.02077	0.01969	0.01511	0.00806	0.00633	0.00200	0.00587	0.00641	0.03341	0.01029
9	0.01407	0.01266	0.02119	0.32266	0.22690	0.01377	0.08682	0.03953	0.05183	0.04505	0.04002	0.06885	0.01397	0.00740	0.00661	0.00207	0.00758	0.00698	0.00378	0.00827
10	0.01365	0.01475	0.10645	0.23924	0.16871	0.03707	0.09171	0.01746	0.01351	0.05173	0.01549	0.09631	0.01387	0.06212	0.00837	0.00235	0.00779	0.00725	0.02434	0.00782
11	0.00760	0.00604	0.00683	0.00746	0.00884	0.00527	0.00528	0.00899	0.01347	0.01673	0.05169	0.36654	0.43753	0.01770	0.00775	0.00233	0.00341	0.01538	0.00589	0.00527
12	0.00780	0.00557	0.00742	0.00879	0.00922	0.00520	0.00589	0.00901	0.01247	0.01671	0.07379	0.73262	0.04295	0.01949	0.00806	0.00254	0.00364	0.01767	0.00595	0.00520
13	0.01619	0.14760	0.36605	0.01846	0.08552	0.13968	0.03707	0.05774	0.01497	0.01947	0.01091	0.01297	0.00845	0.00622	0.00623	0.00186	0.03408	0.00463	0.00304	0.00887
14	0.05834	0.01584	0.05288	0.06546	0.05509	0.01666	0.02872	0.31570	0.14674	0.08152	0.03630	0.01784	0.01332	0.00780	0.00726	0.00204	0.05728	0.00604	0.00549	0.00967
15	0.02133	0.01203	0.01446	0.01167	0.01542	0.01237	0.00941	0.22353	0.05959	0.29305	0.09855	0.04237	0.01990	0.03590	0.00805	0.00213	0.04373	0.00711	0.06008	0.00932

[dist]
# distance from previous block
# <min> <max>
0	1

[block]
# block no. 1 follows, 35 sequences, length 21
# corresponding to MSA columns:
# 211-231
name=unknown_B
#
# <colnr> <probs for GDERKNQSTAVLIFYWHMCP>
#	G	D	E	R	K	N	Q	S	T	A	V	L	I	F	Y	W	H	M	C	P
0	0.05483	0.31854	0.05957	0.01384	0.01828	0.31781	0.01208	0.07412	0.01604	0.01792	0.00981	0.01138	0.00830	0.00632	0.00566	0.00163	0.03863	0.00400	0.00327	0.00798
1	0.01234	0.00854	0.00969	0.00883	0.01120	0.00842	0.00677	0.09803	0.07906	0.06579	0.23226	0.10271	0.21585	0.01241	0.00690	0.00203	0.00389	0.01054	0.09781	0.00695
2	0.01502	0.01442	0.02284	0.10841	0.48141	0.03655	0.04826	0.02026	0.08885	0.02104	0.06783	0.01899	0.01454	0.00660	0.00643	0.00195	0.00729	0.00628	0.00375	0.00928
3	0.00791	0.00615	0.00719	0.00754	0.00898	0.00544	0.00542	0.00967	0.01453	0.01874	0.20830	0.28256	0.36176	0.01656	0.00768	0.00225	0.00331	0.01442	0.00614	0.00544
4	0.00845	0.00624	0.00738	0.00758	0.00850	0.00601	0.00512	0.00955	0.01174	0.01524	0.06592	0.15646	0.23699	0.29942	0.12305	0.00482	0.00632	0.01155	0.00483	0.00484
5	0.07287	0.01056	0.01290	0.01056	0.01456	0.01019	0.00852	0.02760	0.14501	0.43972	0.06744	0.02309	0.01860	0.00813	0.00608	0.00194	0.00487	0.00660	0.10120	0.00955
6	0.00773	0.00552	0.00736	0.00883	0.00920	0.00515	0.00589	0.00883	0.01215	0.01619	0.03497	0.77291	0.04196	0.01987	0.00810	0.00258	0.00368	0.01803	0.00589	0.00515
7	0.01696	0.78087	0.03324	0.01085	0.01628	0.02510	0.01085	0.01900	0.01289	0.01493	0.00882	0.01018	0.00814	0.00543	0.00407	0.00136	0.00678	0.00339	0.00271	0.00814
8	0.01226	0.01156	0.01954	0.70721	0.09609	0.01417	0.01776	0.01645	0.01282	0.01655	0.01133	0.01682	0.00858	0.00629	0.00634	0.00210	0.00839	0.00564	0.00284	0.00727
9	0.01696	0.78087	0.03324	0.01085	0.01628	0.02510	0.01085	0.01900	0.01289	0.01493	0.00882	0.01018	0.00814	0.00543	0.00407	0.00136	0.00678	0.00339	0.00271	0.00814
10	0.01380	0.01252	0.04232	0.01005	0.01580	0.00938	0.00842	0.05861	0.01418	0.02182	0.01152	0.01329	0.00943	0.00493	0.00485	0.00104	0.00502	0.00391	0.00387	0.73523
11	0.01122	0.01114	0.09562	0.01035	0.01311	0.00910	0.00894	0.07472	0.09143	0.02388	0.34283	0.14331	0.07072	0.03808	0.00806	0.00226	0.00458	0.02764	0.00603	0.00699
12	0.02812	0.01134	0.01506	0.01155	0.01647	0.01013	0.00954	0.08449	0.01907	0.68701	0.02426	0.02110	0.01532	0.00783	0.00638	0.00196	0.00552	0.00633	0.00773	0.01080
13	0.01164	0.01066	0.01346	0.01239	0.01317	0.05327	0.00981	0.01327	0.01078	0.01501	0.01733	0.02605	0.05943	0.11212	0.27970	0.00570	0.29297	0.03377	0.00346	0.00601
14	0.05061	0.08812	0.25886	0.05184	0.10768	0.11570	0.08848	0.10890	0.01623	0.02183	0.01202	0.01502	0.00939	0.00639	0.00602	0.00191	0.00875	0.01990	0.00346	0.00889
15	0.00924	0.00702	0.01002	0.03359	0.05704	0.00735	0.00777	0.01124	0.01200	0.01662	0.07880	0.22587	0.06632	0.08724	0.29421	0.00563	0.00933	0.03218	0.02280	0.00573
16	0.02631	0.01086	0.01445	0.01131	0.01589	0.00972	0.00933	0.07401	0.01878	0.62516	0.06924	0.02457	0.01890	0.00850	0.00653	0.00200	0.00537	0.03113	0.00763	0.01032
17	0.01425	0.01541	0.08298	0.06042	0.19472	0.03708	0.20677	0.04430	0.04403	0.02078	0.01754	0.07606	0.04466	0.00768	0.00693	0.00202	0.02496	0.00739	0.08372	0.00832
18	0.03340	0.08927	0.26226	0.14609	0.12928	0.08615	0.07045	0.03636	0.01444	0.04198	0.01264	0.01526	0.02251	0.00625	0.00602	0.00192	0.00863	0.00524	0.00321	0.00866
19	0.00947	0.00660	0.00895	0.00994	0.01068	0.00662	0.00732	0.01098	0.01270	0.04860	0.03261	0.56685	0.03772	0.01837	0.00894	0.00262	0.05200	0.13762	0.00577	0.00564
20	0.05526	0.01391	0.03286	0.01394	0.04940	0.01349	0.03573	0.26746	0.02133	0.34985	0.02213	0.02081	0.05819	0.00798	0.00637	0.00196	0.00616	0.00644	0.00656	0.01015

[dist]
# distance from previous block
# <min> <max>
5	8

[block]
# block no. 2 follows, 35 sequences, length 18
# corresponding to MSA columns:
# 240-257
name=unknown_C
#
# <colnr> <probs for GDERKNQSTAVLIFYWHMCP>
#	G	D	E	R	K	N	Q	S	T	A	V	L	I	F	Y	W	H	M	C	P
0	0.00827	0.00625	0.00764	0.00773	0.00915	0.00561	0.00563	0.01043	0.01562	0.02094	0.38194	0.21861	0.24815	0.01544	0.00763	0.00217	0.00321	0.01353	0.00642	0.00561
1	0.00955	0.00900	0.04261	0.00885	0.01112	0.00818	0.00715	0.01368	0.10680	0.01933	0.15062	0.06487	0.39094	0.04841	0.03432	0.00261	0.04894	0.01114	0.00563	0.00628
2	0.01375	0.01163	0.01348	0.00968	0.01529	0.00907	0.00776	0.05410	0.01406	0.02172	0.01149	0.01327	0.00947	0.00486	0.00479	0.00099	0.00482	0.00386	0.00390	0.77200
3	0.00821	0.00579	0.00740	0.00862	0.00934	0.00541	0.00604	0.00965	0.01267	0.01706	0.03684	0.58765	0.11064	0.01840	0.00783	0.00248	0.00376	0.07376	0.06316	0.00529
4	0.00839	0.00655	0.00904	0.00961	0.01035	0.00644	0.03180	0.00967	0.01223	0.01623	0.03506	0.59872	0.10991	0.04807	0.00970	0.00267	0.04859	0.01610	0.00553	0.00535
5	0.82186	0.01227	0.00932	0.00834	0.01227	0.01423	0.00687	0.01865	0.01080	0.02846	0.00883	0.01031	0.00687	0.00589	0.00393	0.00196	0.00491	0.00344	0.00393	0.00687
6	0.01415	0.01369	0.02113	0.39959	0.31777	0.05734	0.01752	0.01799	0.01372	0.01827	0.01183	0.01638	0.00939	0.00612	0.00621	0.00197	0.00805	0.00556	0.03513	0.00822
7	0.00923	0.00615	0.00692	0.00692	0.00692	0.00615	0.00384	0.00923	0.00923	0.01230	0.01999	0.04151	0.02306	0.77705	0.03229	0.00615	0.00615	0.00923	0.00384	0.00384
8	0.02412	0.01777	0.01904	0.01460	0.01967	0.01967	0.01206	0.71633	0.02983	0.03998	0.01523	0.01523	0.01079	0.00762	0.00635	0.00190	0.00698	0.00571	0.00635	0.01079
9	0.01402	0.26205	0.52632	0.01587	0.02403	0.01791	0.01958	0.01976	0.01324	0.01851	0.01060	0.01241	0.00807	0.00584	0.00543	0.00181	0.00858	0.00429	0.00269	0.00900
10	0.00786	0.00562	0.00748	0.00874	0.00923	0.00524	0.00590	0.00917	0.01277	0.01719	0.11022	0.69482	0.04388	0.01913	0.00803	0.00251	0.00361	0.01733	0.00601	0.00524
11	0.01315	0.01128	0.01315	0.00940	0.01503	0.00846	0.00752	0.01597	0.01315	0.02067	0.01128	0.01315	0.00940	0.00470	0.00470	0.00094	0.00470	0.00376	0.00376	0.81583
12	0.01632	0.09199	0.14570	0.07575	0.15139	0.05940	0.15574	0.06057	0.01527	0.06781	0.02858	0.01743	0.01136	0.00678	0.00713	0.00199	0.04911	0.02522	0.00366	0.00880
13	0.00827	0.00647	0.00959	0.01003	0.01099	0.00600	0.06001	0.00973	0.01253	0.01658	0.03535	0.66454	0.08870	0.01849	0.00801	0.00251	0.00418	0.01690	0.00568	0.00543
14	0.00780	0.00555	0.00734	0.00874	0.00910	0.00520	0.00579	0.00885	0.01201	0.01601	0.03427	0.73909	0.04108	0.05488	0.00922	0.00274	0.00379	0.01763	0.00579	0.00509
15	0.03630	0.06996	0.10093	0.06212	0.28339	0.04048	0.08577	0.11681	0.01658	0.07482	0.01333	0.01569	0.01020	0.00622	0.00609	0.00188	0.00770	0.00554	0.03682	0.00937
16	0.04819	0.06037	0.20132	0.02235	0.21815	0.03630	0.08096	0.10271	0.05372	0.06529	0.01427	0.04307	0.01131	0.00678	0.00619	0.00195	0.00778	0.00592	0.00397	0.00939
17	0.01387	0.01548	0.04636	0.07359	0.01938	0.15094	0.08911	0.01626	0.01321	0.01669	0.03913	0.13375	0.07092	0.01241	0.04372	0.00264	0.22378	0.00818	0.00377	0.00683

[dist]
# distance from previous block
# <min> <max>
0	4

[block]
# block no. 3 follows, 35 sequences, length 42
# corresponding to MSA columns:
# 262-303
name=unknown_D
#
# <colnr> <probs for GDERKNQSTAVLIFYWHMCP>
#	G	D	E	R	K	N	Q	S	T	A	V	L	I	F	Y	W	H	M	C	P
0	0.03603	0.01596	0.03928	0.21521	0.21217	0.10030	0.07598	0.08410	0.03616	0.04073	0.01328	0.01774	0.01070	0.02843	0.00704	0.00207	0.00814	0.02139	0.00371	0.03160
1	0.01367	0.01380	0.05911	0.13357	0.11664	0.01277	0.24244	0.01754	0.01397	0.04652	0.07829	0.02186	0.01558	0.09040	0.00982	0.00243	0.02546	0.00698	0.00373	0.07543
2	0.09835	0.04611	0.01870	0.06040	0.06956	0.35512	0.03102	0.11780	0.01724	0.02086	0.01090	0.01312	0.00882	0.00693	0.00705	0.00185	0.07853	0.00470	0.02499	0.00793
3	0.02215	0.01692	0.01856	0.01462	0.01902	0.01922	0.01202	0.56976	0.10397	0.03598	0.01568	0.01602	0.01148	0.00808	0.00784	0.00202	0.08450	0.00586	0.00599	0.01031
4	0.00793	0.00641	0.00684	0.00675	0.00857	0.00554	0.00493	0.00963	0.01458	0.01815	0.17914	0.05674	0.54630	0.08879	0.00988	0.00250	0.00346	0.01265	0.00589	0.00532
5	0.01696	0.78087	0.03324	0.01085	0.01628	0.02510	0.01085	0.01900	0.01289	0.01493	0.00882	0.01018	0.00814	0.00543	0.00407	0.00136	0.00678	0.00339	0.00271	0.00814
6	0.72830	0.01250	0.01021	0.00888	0.01293	0.01426	0.00732	0.06007	0.01234	0.07142	0.01017	0.01126	0.00762	0.00611	0.00421	0.00196	0.00506	0.00374	0.00430	0.00733
7	0.00835	0.00650	0.00718	0.00739	0.00892	0.00585	0.00545	0.00984	0.01341	0.01659	0.07192	0.05773	0.44449	0.18955	0.01334	0.00317	0.00427	0.11549	0.00545	0.00511
8	0.00775	0.00562	0.00733	0.00862	0.00916	0.00519	0.00581	0.00895	0.01251	0.01656	0.05956	0.69518	0.09562	0.01936	0.00803	0.00252	0.00362	0.01747	0.00592	0.00519
9	0.00932	0.00613	0.00699	0.00704	0.00718	0.00616	0.00410	0.00961	0.00961	0.01320	0.02049	0.06755	0.02313	0.67790	0.05439	0.00588	0.00624	0.00928	0.05171	0.00408
10	0.01696	0.78087	0.03324	0.01085	0.01628	0.02510	0.01085	0.01900	0.01289	0.01493	0.00882	0.01018	0.00814	0.00543	0.00407	0.00136	0.00678	0.00339	0.00271	0.00814
11	0.00903	0.00614	0.00730	0.00748	0.00763	0.00621	0.00450	0.00939	0.00967	0.01301	0.02147	0.12709	0.02459	0.61355	0.10160	0.00613	0.00694	0.01003	0.00404	0.00418
12	0.82186	0.01227	0.00932	0.00834	0.01227	0.01423	0.00687	0.01865	0.01080	0.02846	0.00883	0.01031	0.00687	0.00589	0.00393	0.00196	0.00491	0.00344	0.00393	0.00687
13	0.01183	0.00591	0.00591	0.00591	0.00739	0.00591	0.00443	0.01478	0.01330	0.02365	0.02069	0.02365	0.01626	0.00739	0.00443	0.00148	0.00296	0.00591	0.81227	0.00591
14	0.02412	0.01777	0.01904	0.01460	0.01967	0.01967	0.01206	0.71633	0.02983	0.03998	0.01523	0.01523	0.01079	0.00762	0.00635	0.00190	0.00698	0.00571	0.00635	0.01079
15	0.02412	0.01777	0.01904	0.01460	0.01967	0.01967	0.01206	0.71633	0.02983	0.03998	0.01523	0.01523	0.01079	0.00762	0.00635	0.00190	0.00698	0.00571	0.00635	0.01079
16	0.06629	0.00764	0.01016	0.01145	0.01308	0.00778	0.00999	0.01352	0.01434	0.01964	0.03188	0.06733	0.03446	0.01672	0.00843	0.00285	0.00578	0.64703	0.00571	0.00591
17	0.01497	0.01711	0.03743	0.02674	0.03316	0.01604	0.71444	0.02032	0.01497	0.02032	0.01283	0.01711	0.00963	0.00535	0.00749	0.00214	0.01070	0.00749	0.00321	0.00856
18	0.00895	0.00607	0.00720	0.00762	0.00778	0.00599	0.00466	0.00936	0.01018	0.01355	0.02412	0.20740	0.02806	0.56436	0.02554	0.00517	0.00558	0.04975	0.00442	0.00425
19	0.01695	0.71232	0.05280	0.01141	0.01672	0.04693	0.01135	0.01911	0.01296	0.01510	0.00891	0.01042	0.00814	0.00566	0.00470	0.00143	0.03072	0.00352	0.00273	0.00811
20	0.01331	0.03687	0.20707	0.05582	0.02001	0.04810	0.05752	0.05882	0.14163	0.02251	0.16202	0.02770	0.10368	0.00907	0.00662	0.00202	0.00658	0.00768	0.00484	0.00814
21	0.16635	0.05463	0.01469	0.01055	0.01542	0.01125	0.00878	0.04528	0.01612	0.44454	0.01887	0.01748	0.01261	0.00688	0.00556	0.00177	0.00533	0.00527	0.00620	0.13243
22	0.03565	0.12855	0.42502	0.01498	0.02203	0.04045	0.01728	0.07154	0.01534	0.06606	0.07400	0.01748	0.03086	0.00702	0.00590	0.00190	0.00787	0.00542	0.00377	0.00888
23	0.01198	0.01128	0.01903	0.76180	0.04369	0.01409	0.01762	0.01621	0.01268	0.01621	0.01128	0.01691	0.00846	0.00634	0.00634	0.00211	0.00846	0.00564	0.00282	0.00705
24	0.82186	0.01227	0.00932	0.00834	0.01227	0.01423	0.00687	0.01865	0.01080	0.02846	0.00883	0.01031	0.00687	0.00589	0.00393	0.00196	0.00491	0.00344	0.00393	0.00687
25	0.00923	0.00615	0.00692	0.00692	0.00692	0.00615	0.00384	0.00923	0.00923	0.01230	0.01999	0.04151	0.02306	0.77705	0.03229	0.00615	0.00615	0.00923	0.00384	0.00384
26	0.02350	0.01695	0.01840	0.01432	0.01919	0.01863	0.01186	0.65391	0.02859	0.06310	0.01658	0.01855	0.01237	0.00817	0.00648	0.00196	0.00686	0.04367	0.00637	0.01052
27	0.00789	0.00625	0.00710	0.00730	0.00891	0.00546	0.00532	0.00971	0.01477	0.01885	0.21270	0.21036	0.43058	0.01617	0.00762	0.00220	0.00326	0.01394	0.00614	0.00546
28	0.02350	0.01814	0.01860	0.01527	0.04575	0.09011	0.01201	0.56274	0.02708	0.07434	0.03868	0.01628	0.01238	0.00763	0.00632	0.00188	0.00722	0.00578	0.00603	0.01027
29	0.01544	0.01525	0.02450	0.09553	0.53746	0.04342	0.04216	0.01892	0.01386	0.01945	0.01138	0.01546	0.00961	0.00642	0.00813	0.00201	0.10303	0.00564	0.00307	0.00925
30	0.01978	0.36471	0.04836	0.01371	0.01817	0.35186	0.01184	0.02291	0.06446	0.01617	0.01052	0.01178	0.00893	0.00617	0.00504	0.00156	0.00885	0.00401	0.00322	0.00796
31	0.77725	0.01219	0.00963	0.00851	0.01249	0.01396	0.00701	0.01934	0.01121	0.06858	0.00974	0.01094	0.00737	0.00600	0.00406	0.00196	0.00493	0.00360	0.00415	0.00709
32	0.01269	0.01080	0.01333	0.01109	0.05498	0.00870	0.00814	0.01542	0.01276	0.01972	0.01225	0.01550	0.01059	0.03042	0.09764	0.00227	0.00641	0.00438	0.00368	0.64921
33	0.00773	0.00552	0.00736	0.00883	0.00920	0.00515	0.00589	0.00883	0.01215	0.01619	0.03497	0.77291	0.04196	0.01987	0.00810	0.00258	0.00368	0.01803	0.00589	0.00515
34	0.01696	0.78087	0.03324	0.01085	0.01628	0.02510	0.01085	0.01900	0.01289	0.01493	0.00882	0.01018	0.00814	0.00543	0.00407	0.00136	0.00678	0.00339	0.00271	0.00814
35	0.01022	0.00730	0.01022	0.01168	0.01314	0.00730	0.01022	0.01314	0.01460	0.01899	0.03359	0.07156	0.03651	0.01752	0.00876	0.00292	0.00584	0.69478	0.00584	0.00584
36	0.01198	0.01128	0.01903	0.76180	0.04369	0.01409	0.01762	0.01621	0.01268	0.01621	0.01128	0.01691	0.00846	0.00634	0.00634	0.00211	0.00846	0.00564	0.00282	0.00705
37	0.01022	0.00730	0.01022	0.01168	0.01314	0.00730	0.01022	0.01314	0.01460	0.01899	0.03359	0.07156	0.03651	0.01752	0.00876	0.00292	0.00584	0.69478	0.00584	0.00584
38	0.01743	0.72902	0.03219	0.01123	0.01651	0.07528	0.01095	0.01943	0.01324	0.01497	0.00889	0.01026	0.00814	0.00550	0.00418	0.00138	0.00711	0.00344	0.00275	0.00809
39	0.43646	0.01273	0.01327	0.06900	0.07468	0.04038	0.02791	0.03805	0.01316	0.09493	0.01211	0.01377	0.00913	0.00617	0.00485	0.00186	0.00574	0.00445	0.05785	0.06350
40	0.22425	0.13874	0.05741	0.01184	0.01569	0.18325	0.01001	0.10958	0.01516	0.02175	0.01180	0.01591	0.01037	0.10317	0.04441	0.00270	0.00795	0.00482	0.00379	0.00740
41	0.01278	0.01254	0.01858	0.64408	0.03937	0.06501	0.01662	0.01663	0.01309	0.01646	0.03782	0.01751	0.01034	0.00685	0.00709	0.00211	0.04736	0.00574	0.00300	0.00702

[dist]
# distance from previous block
# <min> <max>
0	4

[block]
# block no. 4 follows, 35 sequences, length 42
# corresponding to MSA columns:
# 308-349
name=unknown_E
#
# <colnr> <probs for GDERKNQSTAVLIFYWHMCP>
#	G	D	E	R	K	N	Q	S	T	A	V	L	I	F	Y	W	H	M	C	P
0	0.16908	0.13164	0.31838	0.01482	0.03521	0.06382	0.01564	0.06539	0.03950	0.02185	0.01125	0.01311	0.00870	0.00753	0.02738	0.00214	0.03819	0.00450	0.00337	0.00852
1	0.06538	0.07899	0.12266	0.01962	0.02551	0.07720	0.31701	0.10317	0.08621	0.02288	0.01340	0.01563	0.01011	0.00616	0.00643	0.00198	0.00894	0.00604	0.00383	0.00884
2	0.01105	0.00927	0.01075	0.00860	0.01263	0.00725	0.00665	0.01342	0.01360	0.01967	0.06822	0.11377	0.17343	0.00941	0.00586	0.00145	0.00416	0.00796	0.00466	0.49816
3	0.01695	0.01421	0.01500	0.01315	0.01694	0.01632	0.01032	0.12925	0.62857	0.02842	0.02434	0.02249	0.01816	0.00847	0.00644	0.00212	0.00529	0.00697	0.00644	0.01015
4	0.02686	0.01036	0.01398	0.01085	0.01544	0.00901	0.00892	0.02936	0.01784	0.67611	0.04347	0.02241	0.01691	0.00796	0.00628	0.00193	0.00518	0.00648	0.06029	0.01035
5	0.07393	0.01144	0.01522	0.10168	0.01952	0.01093	0.01037	0.07710	0.01788	0.56172	0.02170	0.01990	0.01395	0.00754	0.00623	0.00198	0.00585	0.00607	0.00690	0.01011
6	0.01554	0.52997	0.27170	0.01328	0.02003	0.02162	0.01508	0.01936	0.01306	0.01666	0.00968	0.01126	0.00811	0.00563	0.00473	0.00158	0.00765	0.00383	0.00270	0.00856
7	0.00885	0.00648	0.00830	0.00784	0.00940	0.00593	0.00588	0.01171	0.01764	0.02470	0.67415	0.04861	0.12031	0.01325	0.00748	0.00201	0.00301	0.01164	0.00689	0.00593
8	0.00770	0.00563	0.00725	0.00854	0.00912	0.00518	0.00576	0.00887	0.01243	0.01631	0.03853	0.68624	0.12633	0.01941	0.00802	0.00252	0.00362	0.01747	0.00589	0.00518
9	0.02415	0.01636	0.19465	0.01392	0.04397	0.01085	0.01315	0.02785	0.01686	0.53922	0.02122	0.01937	0.01362	0.00733	0.00629	0.00197	0.00645	0.00594	0.00642	0.01042
10	0.01418	0.01374	0.01990	0.26546	0.17950	0.06096	0.05427	0.01935	0.09889	0.01866	0.01349	0.01750	0.01087	0.00957	0.05377	0.00259	0.10099	0.00590	0.03239	0.00801
11	0.02129	0.00947	0.01213	0.00985	0.01377	0.00829	0.00795	0.02408	0.04118	0.48192	0.07862	0.03369	0.20911	0.01037	0.00675	0.00202	0.00466	0.00857	0.00723	0.00904
12	0.01739	0.26921	0.11915	0.01434	0.01970	0.06030	0.06266	0.12725	0.20497	0.02283	0.01496	0.01549	0.01160	0.00673	0.00563	0.00181	0.00723	0.00524	0.00431	0.00919
13	0.01291	0.05896	0.69413	0.01777	0.02669	0.01526	0.02266	0.01989	0.01325	0.01974	0.01119	0.01329	0.00805	0.00618	0.00646	0.00201	0.03493	0.00467	0.00268	0.00925
14	0.06172	0.11032	0.19809	0.05517	0.02138	0.01503	0.09434	0.04490	0.05057	0.03734	0.05116	0.02210	0.05442	0.00816	0.00758	0.00205	0.07993	0.04744	0.00390	0.03440
15	0.01609	0.62794	0.17858	0.01233	0.01857	0.02298	0.01343	0.01922	0.01299	0.01598	0.00934	0.01083	0.00812	0.00555	0.00447	0.00149	0.00731	0.00366	0.00271	0.00839
16	0.00772	0.00555	0.00733	0.00875	0.00918	0.00516	0.00585	0.00884	0.01222	0.01623	0.03594	0.74922	0.06502	0.01975	0.00808	0.00256	0.00366	0.01788	0.00589	0.00516
17	0.01585	0.00809	0.01114	0.00983	0.01233	0.00785	0.00769	0.01816	0.01459	0.27305	0.16214	0.03026	0.04619	0.07108	0.27637	0.00520	0.00908	0.00791	0.00577	0.00741
18	0.03670	0.01528	0.02318	0.22220	0.35299	0.08396	0.09042	0.01897	0.01414	0.01922	0.01183	0.01589	0.00953	0.00606	0.00653	0.00195	0.02333	0.00564	0.03363	0.00855
19	0.00761	0.00639	0.00660	0.00663	0.00866	0.00539	0.00494	0.00929	0.01460	0.01766	0.10823	0.08841	0.66190	0.01601	0.00752	0.00215	0.00322	0.01344	0.00596	0.00539
20	0.00803	0.00590	0.00702	0.00778	0.00849	0.00544	0.00513	0.00899	0.01201	0.01548	0.03854	0.42106	0.20769	0.20207	0.01380	0.00333	0.00416	0.01476	0.00539	0.00489
21	0.01468	0.01403	0.02390	0.23740	0.54700	0.01480	0.01896	0.01857	0.01396	0.01949	0.01175	0.01603	0.00961	0.00584	0.00630	0.00195	0.00779	0.00565	0.00305	0.00922
22	0.01045	0.00869	0.00980	0.01040	0.05425	0.05320	0.00738	0.01273	0.01524	0.04076	0.22356	0.04797	0.30297	0.03206	0.07276	0.00291	0.00551	0.07758	0.00564	0.00613
23	0.00906	0.00680	0.01020	0.01020	0.01133	0.00793	0.00793	0.01133	0.01020	0.01473	0.01699	0.02492	0.01586	0.04758	0.75191	0.01020	0.01699	0.00680	0.00340	0.00566
24	0.82186	0.01227	0.00932	0.00834	0.01227	0.01423	0.00687	0.01865	0.01080	0.02846	0.00883	0.01031	0.00687	0.00589	0.00393	0.00196	0.00491	0.00344	0.00393	0.00687
25	0.01346	0.04910	0.63092	0.01869	0.02745	0.04293	0.09000	0.02028	0.01371	0.01982	0.01140	0.01360	0.00820	0.00597	0.00611	0.00199	0.00952	0.00491	0.00275	0.00919
26	0.01272	0.03281	0.74418	0.01808	0.02746	0.01473	0.02344	0.02009	0.01339	0.02009	0.01138	0.01339	0.00804	0.00603	0.00603	0.00201	0.00938	0.00469	0.00268	0.00938
27	0.01570	0.01507	0.02575	0.03894	0.73748	0.01507	0.01947	0.01947	0.01444	0.02073	0.01193	0.01570	0.01005	0.00565	0.00628	0.00188	0.00754	0.00565	0.00314	0.01005
28	0.05467	0.01376	0.02028	0.15461	0.16327	0.07109	0.10834	0.01927	0.01390	0.11523	0.01487	0.06135	0.01240	0.01107	0.07299	0.00280	0.07147	0.00658	0.00392	0.00811
29	0.02820	0.01122	0.01498	0.01149	0.01640	0.00995	0.00949	0.07217	0.01886	0.69962	0.02444	0.02121	0.01541	0.00784	0.00638	0.00196	0.00549	0.00634	0.00776	0.01080
30	0.01634	0.01364	0.02280	0.21029	0.48300	0.01414	0.01780	0.02006	0.01447	0.10644	0.01335	0.01670	0.01034	0.00608	0.00631	0.00195	0.00750	0.00574	0.00363	0.00941
31	0.01544	0.01480	0.02527	0.09032	0.68816	0.01500	0.01934	0.01924	0.01432	0.02040	0.01189	0.01579	0.00994	0.00570	0.00628	0.00190	0.00760	0.00565	0.00312	0.00984
32	0.00750	0.00643	0.00643	0.00643	0.00857	0.00536	0.00482	0.00910	0.01446	0.01714	0.06427	0.06105	0.73490	0.01607	0.00750	0.00214	0.00321	0.01339	0.00589	0.00536
33	0.02795	0.01115	0.01488	0.01146	0.01634	0.00991	0.00945	0.05822	0.03761	0.69480	0.02466	0.02140	0.01561	0.00786	0.00638	0.00197	0.00545	0.00637	0.00775	0.01078
34	0.01248	0.01212	0.02150	0.64538	0.06924	0.01437	0.10156	0.01683	0.01303	0.01688	0.01149	0.01689	0.00866	0.00620	0.00648	0.00211	0.00869	0.00586	0.00288	0.00734
35	0.08303	0.01124	0.01430	0.01127	0.01595	0.01045	0.00924	0.03039	0.10284	0.60533	0.02398	0.02104	0.01552	0.00780	0.00622	0.00199	0.00532	0.00627	0.00741	0.01043
36	0.00775	0.00638	0.00682	0.00683	0.00875	0.00544	0.00507	0.00955	0.01488	0.01841	0.17017	0.10366	0.58270	0.01581	0.00753	0.00215	0.00321	0.01337	0.00607	0.00544
37	0.00848	0.00685	0.00759	0.00740	0.00936	0.00618	0.00554	0.01149	0.05833	0.02032	0.27508	0.07960	0.45151	0.01476	0.00745	0.00211	0.00327	0.01257	0.00627	0.00583
38	0.01452	0.21137	0.42045	0.01783	0.02552	0.04148	0.14479	0.02004	0.01371	0.01873	0.01097	0.01322	0.00835	0.00578	0.00581	0.00186	0.00905	0.00486	0.00280	0.00886
39	0.02398	0.01176	0.01443	0.01174	0.01603	0.03047	0.00957	0.06907	0.13413	0.48724	0.05859	0.02553	0.01918	0.00875	0.00657	0.00204	0.00550	0.04809	0.00725	0.01005
40	0.01198	0.01128	0.01903	0.76180	0.04369	0.01409	0.01762	0.01621	0.01268	0.01621	0.01128	0.01691	0.00846	0.00634	0.00634	0.00211	0.00846	0.00564	0.00282	0.00705
41	0.03128	0.01012	0.01169	0.01116	0.01273	0.08077	0.00866	0.04625	0.02960	0.01655	0.01600	0.02290	0.01470	0.06213	0.55708	0.00817	0.04398	0.00644	0.00360	0.00619

[dist]
# distance from previous block
# <min> <max>
0	1

[block]
# block no. 5 follows, 35 sequences, length 19
# corresponding to MSA columns:
# 351-369
name=unknown_F
#
# <colnr> <probs for GDERKNQSTAVLIFYWHMCP>
#	G	D	E	R	K	N	Q	S	T	A	V	L	I	F	Y	W	H	M	C	P
0	0.04954	0.00645	0.00708	0.00714	0.00779	0.00634	0.00447	0.00997	0.01094	0.01527	0.07156	0.11019	0.12235	0.49591	0.02294	0.00468	0.00517	0.01036	0.02732	0.00451
1	0.01372	0.01285	0.02115	0.24745	0.33054	0.01395	0.05193	0.01859	0.07286	0.01943	0.04946	0.01969	0.01349	0.03976	0.03023	0.00244	0.02416	0.00634	0.00354	0.00842
2	0.01780	0.01663	0.02053	0.09045	0.32610	0.13057	0.01492	0.09178	0.05063	0.05779	0.01311	0.01544	0.01033	0.00618	0.00601	0.00176	0.00758	0.00528	0.00393	0.11317
3	0.00778	0.00595	0.00714	0.00786	0.00900	0.00531	0.00551	0.00926	0.01360	0.01751	0.11887	0.43633	0.29755	0.01776	0.00781	0.00236	0.00344	0.01565	0.00600	0.00531
4	0.01436	0.05951	0.35387	0.12495	0.13043	0.01567	0.06924	0.06435	0.06825	0.02115	0.01276	0.01522	0.00953	0.00623	0.00617	0.00199	0.00847	0.00535	0.00332	0.00917
5	0.01549	0.01345	0.01471	0.07084	0.01860	0.01565	0.01063	0.03236	0.67084	0.02574	0.02470	0.02315	0.01852	0.00843	0.00645	0.00215	0.00529	0.00705	0.00617	0.00981
6	0.01578	0.01363	0.01434	0.01291	0.01650	0.01578	0.01004	0.03371	0.72602	0.02654	0.02582	0.02367	0.01937	0.00861	0.00646	0.00215	0.00502	0.00717	0.00646	0.01004
7	0.03272	0.01571	0.08626	0.08030	0.23476	0.03182	0.10293	0.05309	0.04459	0.04678	0.01323	0.01802	0.01108	0.06948	0.01084	0.02194	0.10840	0.00608	0.00358	0.00841
8	0.01374	0.13346	0.51107	0.01873	0.02699	0.01642	0.15332	0.01998	0.01362	0.01942	0.01131	0.01366	0.00835	0.00581	0.00603	0.00194	0.00927	0.00504	0.00278	0.00905
9	0.00773	0.00552	0.00736	0.00883	0.00920	0.00515	0.00589	0.00883	0.01215	0.01619	0.03497	0.77291	0.04196	0.01987	0.00810	0.00258	0.00368	0.01803	0.00589	0.00515
10	0.06255	0.01225	0.01526	0.01349	0.07164	0.04432	0.01005	0.08237	0.01843	0.49931	0.08504	0.02193	0.01805	0.00797	0.00632	0.00194	0.00573	0.00648	0.00690	0.00997
11	0.01662	0.37947	0.14368	0.03545	0.09457	0.07918	0.10195	0.04783	0.01447	0.01809	0.01044	0.01258	0.00862	0.00573	0.00531	0.00167	0.00818	0.00454	0.00301	0.00860
12	0.00775	0.00572	0.00716	0.00828	0.00897	0.00524	0.00559	0.00890	0.01246	0.01620	0.03993	0.60190	0.17481	0.05397	0.00909	0.00266	0.00370	0.01673	0.00580	0.00513
13	0.00866	0.00647	0.00804	0.00765	0.00928	0.00585	0.00574	0.01136	0.01722	0.02368	0.59220	0.05028	0.20289	0.01363	0.00749	0.00203	0.00304	0.01188	0.00675	0.00585
14	0.02136	0.12051	0.22425	0.01421	0.02043	0.04885	0.03128	0.11972	0.01763	0.29497	0.01670	0.01632	0.01137	0.00686	0.00597	0.00188	0.00733	0.00534	0.00518	0.00983
15	0.02320	0.01793	0.01793	0.01425	0.01870	0.10917	0.01158	0.49321	0.04217	0.09951	0.04817	0.01695	0.01326	0.00790	0.00687	0.00192	0.03546	0.00586	0.00600	0.00998
16	0.01084	0.00686	0.00814	0.00777	0.00955	0.00651	0.00584	0.01424	0.05186	0.06308	0.34530	0.09459	0.12723	0.01197	0.00666	0.00193	0.00330	0.01031	0.20773	0.00630
17	0.01043	0.00666	0.00777	0.00809	0.00924	0.00659	0.00578	0.05768	0.01384	0.02037	0.06209	0.32626	0.04978	0.08826	0.00914	0.00250	0.00395	0.04002	0.26582	0.00572
18	0.15261	0.14327	0.11554	0.01251	0.01782	0.03452	0.03245	0.12775	0.06051	0.02416	0.02923	0.01411	0.01058	0.00634	0.00562	0.00168	0.02707	0.00464	0.00406	0.17552

[dist]
# distance from previous block
# <min> <max>
0	12

[block]
# block no. 6 follows, 35 sequences, length 73
# corresponding to MSA columns:
# 382-454
name=unknown_G
#
# <colnr> <probs for GDERKNQSTAVLIFYWHMCP>
#	G	D	E	R	K	N	Q	S	T	A	V	L	I	F	Y	W	H	M	C	P
0	0.01198	0.01129	0.03149	0.01228	0.03151	0.07357	0.06257	0.01465	0.03466	0.04010	0.11356	0.06963	0.16769	0.09352	0.10693	0.00361	0.08446	0.02541	0.00468	0.00642
1	0.03754	0.01206	0.01901	0.68221	0.07440	0.03645	0.01721	0.01671	0.01287	0.01678	0.01119	0.01649	0.00847	0.00630	0.00625	0.00208	0.00839	0.00552	0.00288	0.00719
2	0.01109	0.00940	0.01408	0.06123	0.13670	0.00974	0.04817	0.01542	0.10413	0.01873	0.06194	0.29778	0.02726	0.05468	0.07955	0.00324	0.00659	0.02844	0.00488	0.00695
3	0.01696	0.78087	0.03324	0.01085	0.01628	0.02510	0.01085	0.01900	0.01289	0.01493	0.00882	0.01018	0.00814	0.00543	0.00407	0.00136	0.00678	0.00339	0.00271	0.00814
4	0.01583	0.01572	0.02717	0.07703	0.52114	0.03418	0.15129	0.04263	0.01504	0.02089	0.01212	0.01592	0.00985	0.00572	0.00650	0.00194	0.00827	0.00596	0.00324	0.00955
5	0.00778	0.00562	0.00738	0.00877	0.00927	0.00522	0.00594	0.00896	0.01234	0.01632	0.03657	0.71545	0.08054	0.01960	0.00808	0.00256	0.00371	0.03485	0.00589	0.00518
6	0.27564	0.01642	0.02518	0.06071	0.02549	0.08171	0.36852	0.03569	0.01411	0.02272	0.01124	0.01436	0.00857	0.00574	0.00609	0.00203	0.00869	0.00573	0.00349	0.00787
7	0.01198	0.01128	0.01903	0.76180	0.04369	0.01409	0.01762	0.01621	0.01268	0.01621	0.01128	0.01691	0.00846	0.00634	0.00634	0.00211	0.00846	0.00564	0.00282	0.00705
8	0.01304	0.01108	0.01425	0.03391	0.08735	0.01069	0.00933	0.05401	0.01300	0.01915	0.01430	0.02040	0.02932	0.14149	0.05357	0.00278	0.09485	0.00566	0.00375	0.36809
9	0.02268	0.01395	0.01904	0.01472	0.01961	0.01410	0.11629	0.18596	0.17424	0.31790	0.02113	0.01992	0.01447	0.00759	0.00656	0.00202	0.00647	0.00657	0.00651	0.01029
10	0.07187	0.01422	0.01867	0.01583	0.01670	0.01909	0.01317	0.09728	0.01214	0.01908	0.00917	0.01379	0.00851	0.01033	0.01794	0.00262	0.62351	0.00542	0.00327	0.00738
11	0.03804	0.01490	0.01397	0.01185	0.01534	0.13542	0.00936	0.20759	0.09984	0.06452	0.14406	0.02377	0.02137	0.00853	0.00615	0.00183	0.00605	0.02524	0.09301	0.05917
12	0.08403	0.01123	0.01454	0.01123	0.01608	0.01015	0.00928	0.06207	0.01818	0.65894	0.02343	0.02050	0.01485	0.00770	0.00621	0.00196	0.00544	0.00614	0.00751	0.01052
13	0.01578	0.01363	0.01434	0.01291	0.01650	0.01578	0.01004	0.03371	0.72602	0.02654	0.02582	0.02367	0.01937	0.00861	0.00646	0.00215	0.00502	0.00717	0.00646	0.01004
14	0.01570	0.01507	0.02575	0.03894	0.73748	0.01507	0.01947	0.01947	0.01444	0.02073	0.01193	0.01570	0.01005	0.00565	0.00628	0.00188	0.00754	0.00565	0.00314	0.01005
15	0.01361	0.01158	0.01235	0.01126	0.01435	0.01288	0.00870	0.02706	0.52334	0.02493	0.12341	0.03257	0.13635	0.01034	0.00675	0.00213	0.00448	0.00870	0.00644	0.00879
16	0.00923	0.00615	0.00692	0.00692	0.00692	0.00615	0.00384	0.00923	0.00923	0.01230	0.01999	0.04151	0.02306	0.77705	0.03229	0.00615	0.00615	0.00923	0.00384	0.00384
17	0.01497	0.01711	0.03743	0.02674	0.03316	0.01604	0.71444	0.02032	0.01497	0.02032	0.01283	0.01711	0.00963	0.00535	0.00749	0.00214	0.01070	0.00749	0.00321	0.00856
18	0.02846	0.01080	0.01472	0.01129	0.01619	0.00932	0.00932	0.03092	0.01816	0.74187	0.02503	0.02159	0.01570	0.00785	0.00638	0.00196	0.00540	0.00638	0.00785	0.01080
19	0.00781	0.00559	0.00731	0.00864	0.00904	0.00522	0.00573	0.00887	0.01203	0.01598	0.03491	0.70692	0.06126	0.06632	0.00957	0.00278	0.00382	0.01736	0.00576	0.00508
20	0.01198	0.01128	0.01903	0.76180	0.04369	0.01409	0.01762	0.01621	0.01268	0.01621	0.01128	0.01691	0.00846	0.00634	0.00634	0.00211	0.00846	0.00564	0.00282	0.00705
21	0.00750	0.00643	0.00643	0.00643	0.00857	0.00536	0.00482	0.00910	0.01446	0.01714	0.06427	0.06105	0.73490	0.01607	0.00750	0.00214	0.00321	0.01339	0.00589	0.00536
22	0.00923	0.00615	0.00692	0.00692	0.00692	0.00615	0.00384	0.00923	0.00923	0.01230	0.01999	0.04151	0.02306	0.77705	0.03229	0.00615	0.00615	0.00923	0.00384	0.00384
23	0.00883	0.00648	0.00828	0.00783	0.00939	0.00592	0.00587	0.01169	0.01761	0.02462	0.66765	0.04874	0.12686	0.01328	0.00748	0.00201	0.00301	0.01166	0.00687	0.00592
24	0.02370	0.03023	0.01798	0.01634	0.01961	0.75158	0.01226	0.02533	0.01798	0.01553	0.00981	0.01144	0.00817	0.00654	0.00572	0.00163	0.01144	0.00409	0.00327	0.00735
25	0.02343	0.05965	0.01858	0.01613	0.01948	0.72312	0.01220	0.02508	0.01778	0.01550	0.00977	0.01139	0.00817	0.00649	0.00566	0.00162	0.01126	0.00406	0.00325	0.00739
26	0.01272	0.03281	0.74418	0.01808	0.02746	0.01473	0.02344	0.02009	0.01339	0.02009	0.01138	0.01339	0.00804	0.00603	0.00603	0.00201	0.00938	0.00469	0.00268	0.00938
27	0.00792	0.00568	0.00755	0.00894	0.00945	0.00532	0.00614	0.00920	0.01251	0.01663	0.05342	0.69126	0.05942	0.01945	0.00811	0.00257	0.00379	0.06150	0.00591	0.00522
28	0.02370	0.03023	0.01798	0.01634	0.01961	0.75158	0.01226	0.02533	0.01798	0.01553	0.00981	0.01144	0.00817	0.00654	0.00572	0.00163	0.01144	0.00409	0.00327	0.00735
29	0.01272	0.03281	0.74418	0.01808	0.02746	0.01473	0.02344	0.02009	0.01339	0.02009	0.01138	0.01339	0.00804	0.00603	0.00603	0.00201	0.00938	0.00469	0.00268	0.00938
30	0.00754	0.00627	0.00659	0.00685	0.00868	0.00532	0.00501	0.00906	0.01405	0.01697	0.05912	0.18611	0.61317	0.01674	0.00760	0.00222	0.00330	0.01420	0.00589	0.00532
31	0.02317	0.08956	0.01918	0.01591	0.01935	0.69417	0.01215	0.02483	0.01758	0.01548	0.00973	0.01134	0.00817	0.00645	0.00559	0.00161	0.01107	0.00403	0.00322	0.00742
32	0.00940	0.00730	0.01119	0.01077	0.01199	0.00846	0.02978	0.01164	0.01029	0.01482	0.01672	0.02501	0.01573	0.07424	0.67812	0.00956	0.03900	0.00688	0.00339	0.00572
33	0.72613	0.01209	0.00998	0.00870	0.01274	0.01364	0.00717	0.02013	0.01168	0.11454	0.01079	0.01167	0.00794	0.00613	0.00422	0.00196	0.00497	0.00379	0.00440	0.00734
34	0.00955	0.00687	0.00918	0.01038	0.01175	0.00668	0.00866	0.01206	0.01429	0.01870	0.05852	0.17248	0.11627	0.01726	0.00835	0.00271	0.00505	0.47506	0.03050	0.00569
35	0.01032	0.00789	0.00874	0.00855	0.01041	0.02713	0.00630	0.01397	0.09336	0.05377	0.22289	0.19602	0.26108	0.04028	0.00824	0.00231	0.00388	0.01244	0.00619	0.00625
36	0.00788	0.00579	0.00740	0.00838	0.00916	0.00531	0.00576	0.00934	0.01333	0.01771	0.14374	0.56691	0.13934	0.01832	0.00792	0.00243	0.00351	0.01642	0.00605	0.00531
37	0.02794	0.01164	0.01524	0.01169	0.01661	0.01057	0.00965	0.11357	0.01956	0.65724	0.02385	0.02083	0.01511	0.00782	0.00638	0.00196	0.00559	0.00630	0.00767	0.01080
38	0.05365	0.02063	0.17223	0.07898	0.11837	0.13895	0.07283	0.01955	0.01341	0.03634	0.01073	0.01414	0.00870	0.00739	0.00990	0.00214	0.20556	0.00522	0.00311	0.00816
39	0.01414	0.03450	0.09609	0.11574	0.18283	0.03469	0.01484	0.05201	0.03163	0.03758	0.03844	0.02051	0.03141	0.01323	0.10517	0.00318	0.13480	0.02748	0.00366	0.00805
40	0.00888	0.00656	0.00934	0.00949	0.01044	0.00728	0.00708	0.01076	0.01064	0.01498	0.04082	0.11203	0.04208	0.12795	0.54187	0.00840	0.01344	0.00866	0.00390	0.00539
41	0.00773	0.00552	0.00736	0.00883	0.00920	0.00515	0.00589	0.00883	0.01215	0.01619	0.03497	0.77291	0.04196	0.01987	0.00810	0.00258	0.00368	0.01803	0.00589	0.00515
42	0.01520	0.01442	0.02448	0.11435	0.64377	0.01471	0.01885	0.01899	0.01423	0.02033	0.01211	0.01605	0.01005	0.00577	0.00624	0.00190	0.00751	0.00566	0.02576	0.00962
43	0.01039	0.00794	0.01037	0.00936	0.01167	0.00730	0.04821	0.01383	0.06912	0.05612	0.23044	0.16552	0.24774	0.03058	0.00786	0.00219	0.00407	0.01186	0.00601	0.04941
44	0.48745	0.08257	0.07150	0.01119	0.01548	0.13965	0.02643	0.02004	0.03073	0.02368	0.01010	0.01227	0.00821	0.03152	0.00550	0.00201	0.00671	0.00402	0.00366	0.00728
45	0.76578	0.01266	0.01001	0.00878	0.01279	0.01461	0.00723	0.06769	0.01213	0.02927	0.00928	0.01065	0.00715	0.00601	0.00410	0.00196	0.00505	0.00360	0.00410	0.00715
46	0.01285	0.01196	0.01979	0.57030	0.17715	0.01412	0.01732	0.01749	0.04100	0.01770	0.01223	0.01713	0.00941	0.00633	0.00628	0.00205	0.00799	0.00571	0.02546	0.00772
47	0.00940	0.00612	0.00799	0.00887	0.00980	0.00565	0.00622	0.01079	0.01306	0.06773	0.06732	0.56981	0.09625	0.04139	0.00867	0.00260	0.00392	0.05280	0.00601	0.00560
48	0.00983	0.00674	0.00822	0.00774	0.00965	0.00599	0.00584	0.01227	0.01665	0.07286	0.44467	0.07397	0.27429	0.01384	0.00743	0.00206	0.00326	0.01195	0.00666	0.00609
49	0.01840	0.01243	0.01402	0.01217	0.01593	0.01351	0.00958	0.03150	0.50329	0.20124	0.07542	0.02483	0.02132	0.00873	0.00651	0.00209	0.00497	0.00728	0.00683	0.00994
50	0.00762	0.00619	0.00675	0.00711	0.00877	0.00533	0.00514	0.00915	0.01400	0.01722	0.08290	0.24540	0.52848	0.01693	0.00765	0.00225	0.00333	0.01452	0.00593	0.00533
51	0.01941	0.01468	0.01574	0.01313	0.01725	0.01644	0.01050	0.28940	0.39331	0.06979	0.02156	0.02038	0.01580	0.00814	0.00632	0.00202	0.00568	0.00652	0.04375	0.01017
52	0.00923	0.00615	0.00692	0.00692	0.00692	0.00615	0.00384	0.00923	0.00923	0.01230	0.01999	0.04151	0.02306	0.77705	0.03229	0.00615	0.00615	0.00923	0.00384	0.00384
53	0.01391	0.01397	0.01993	0.01693	0.01711	0.01934	0.03330	0.01541	0.00986	0.01541	0.00845	0.01397	0.00836	0.01094	0.02045	0.00276	0.74452	0.00561	0.00279	0.00698
54	0.02412	0.01777	0.01904	0.01460	0.01967	0.01967	0.01206	0.71633	0.02983	0.03998	0.01523	0.01523	0.01079	0.00762	0.00635	0.00190	0.00698	0.00571	0.00635	0.01079
55	0.00773	0.00552	0.00736	0.00883	0.00920	0.00515	0.00589	0.00883	0.01215	0.01619	0.03497	0.77291	0.04196	0.01987	0.00810	0.00258	0.00368	0.01803	0.00589	0.00515
56	0.01272	0.03281	0.74418	0.01808	0.02746	0.01473	0.02344	0.02009	0.01339	0.02009	0.01138	0.01339	0.00804	0.00603	0.00603	0.00201	0.00938	0.00469	0.00268	0.00938
57	0.01696	0.78087	0.03324	0.01085	0.01628	0.02510	0.01085	0.01900	0.01289	0.01493	0.00882	0.01018	0.00814	0.00543	0.00407	0.00136	0.00678	0.00339	0.00271	0.00814
58	0.01489	0.01300	0.01541	0.09374	0.08127	0.01485	0.01137	0.02910	0.53948	0.02487	0.07288	0.02393	0.02026	0.00842	0.00650	0.00211	0.00546	0.00718	0.00582	0.00944
59	0.00756	0.00639	0.00653	0.00657	0.00862	0.00537	0.00490	0.00919	0.01448	0.01737	0.08524	0.08897	0.68497	0.01612	0.00752	0.00215	0.00322	0.01351	0.00593	0.00537
60	0.00903	0.00670	0.00843	0.00796	0.00960	0.00622	0.00598	0.01233	0.03962	0.02455	0.63767	0.04817	0.13358	0.01318	0.00745	0.00202	0.00308	0.01155	0.00685	0.00604
61	0.01570	0.01507	0.02575	0.03894	0.73748	0.01507	0.01947	0.01947	0.01444	0.02073	0.01193	0.01570	0.01005	0.00565	0.00628	0.00188	0.00754	0.00565	0.00314	0.01005
62	0.01223	0.01166	0.02009	0.70542	0.06437	0.01422	0.05022	0.01650	0.01285	0.01654	0.01137	0.01689	0.00856	0.00627	0.00639	0.00211	0.00853	0.00572	0.00285	0.00721
63	0.01388	0.01388	0.01943	0.01666	0.01666	0.01943	0.01388	0.01527	0.00972	0.01527	0.00833	0.01388	0.00833	0.01110	0.02082	0.00278	0.76544	0.00555	0.00278	0.00694
64	0.00809	0.00605	0.00735	0.00818	0.00918	0.00555	0.00579	0.00946	0.01292	0.01658	0.05866	0.39931	0.24706	0.09514	0.01042	0.00283	0.00399	0.08257	0.00570	0.00517
65	0.01746	0.01420	0.01467	0.01411	0.06615	0.11023	0.01028	0.17688	0.13080	0.08926	0.08023	0.12627	0.05577	0.01062	0.00682	0.00209	0.00615	0.05377	0.00580	0.00845
66	0.76576	0.01353	0.00993	0.00890	0.01278	0.06606	0.00725	0.01912	0.01130	0.02755	0.00890	0.01039	0.00696	0.00593	0.00405	0.00194	0.00537	0.00348	0.00388	0.00690
67	0.02235	0.02757	0.01919	0.01670	0.02027	0.62113	0.06143	0.04761	0.01772	0.01692	0.01023	0.01211	0.00842	0.00652	0.00622	0.00168	0.03082	0.00440	0.00338	0.04530
68	0.00887	0.00807	0.04283	0.00873	0.01051	0.00702	0.00699	0.01125	0.01524	0.02059	0.34282	0.15787	0.25284	0.01449	0.00845	0.00218	0.05706	0.01231	0.00599	0.00590
69	0.01183	0.01033	0.03643	0.01065	0.01364	0.00973	0.05721	0.05217	0.18286	0.04146	0.07423	0.12366	0.29340	0.01251	0.00706	0.00214	0.00465	0.01078	0.03799	0.00727
70	0.01702	0.27615	0.24555	0.01445	0.02035	0.14217	0.03220	0.05289	0.01496	0.05467	0.01283	0.06598	0.01103	0.00704	0.00554	0.00177	0.00819	0.00530	0.00346	0.00844
71	0.12700	0.13020	0.06701	0.01407	0.01832	0.35216	0.01184	0.11218	0.05244	0.02113	0.01133	0.01270	0.00909	0.00762	0.02568	0.00196	0.00904	0.00438	0.00380	0.00806
72	0.01421	0.01062	0.01296	0.05266	0.01551	0.04466	0.03265	0.06794	0.13371	0.09796	0.24801	0.09479	0.03235	0.01368	0.05942	0.00268	0.00601	0.04658	0.00600	0.00760

[dist]
# distance from previous block
# <min> <max>
0	4

[block]
# block no. 7 follows, 35 sequences, length 13
# corresponding to MSA columns:
# 459-471
name=unknown_H
#
# <colnr> <probs for GDERKNQSTAVLIFYWHMCP>
#	G	D	E	R	K	N	Q	S	T	A	V	L	I	F	Y	W	H	M	C	P
0	0.01506	0.01175	0.01364	0.01017	0.01533	0.00981	0.00812	0.11226	0.01562	0.05947	0.01414	0.06609	0.01214	0.00630	0.00524	0.00124	0.00498	0.00514	0.00447	0.60904
1	0.00819	0.00595	0.00787	0.00907	0.00979	0.00548	0.00628	0.00952	0.01237	0.01663	0.03362	0.68303	0.03985	0.01891	0.00797	0.00251	0.00389	0.06533	0.00577	0.04797
