[name]
unknown

[dist]
# distance from previous block
# <min> <max>
0	35

[block]
# block no. 0 follows, 29 sequences, length 29
# corresponding to MSA columns:
# 45-73
name=unknown_A
#
# <colnr> <probs for GDERKNQSTAVLIFYWHMCP>
#	G	D	E	R	K	N	Q	S	T	A	V	L	I	F	Y	W	H	M	C	P
0	0.01401	0.06873	0.01429	0.01231	0.01502	0.03638	0.01018	0.03712	0.08784	0.04415	0.13653	0.12373	0.03673	0.01505	0.00829	0.00259	0.00595	0.26892	0.00640	0.05580
1	0.34642	0.01537	0.04016	0.06207	0.06168	0.01592	0.03336	0.15103	0.01833	0.10945	0.03793	0.01930	0.04505	0.00803	0.00612	0.00222	0.00670	0.00605	0.00544	0.00936
2	0.01141	0.02639	0.01034	0.00928	0.01183	0.00860	0.00702	0.07461	0.03617	0.02315	0.12235	0.19216	0.33799	0.01608	0.00801	0.00234	0.00431	0.01370	0.03466	0.04960
3	0.01220	0.00947	0.01157	0.01152	0.03283	0.00915	0.00860	0.06339	0.07056	0.02503	0.22085	0.16091	0.15009	0.01533	0.00826	0.00243	0.00479	0.10730	0.00675	0.06899
4	0.01910	0.22934	0.34353	0.01712	0.02493	0.09541	0.01897	0.10728	0.01796	0.04582	0.01286	0.01438	0.00974	0.00694	0.00619	0.00199	0.00949	0.00500	0.00380	0.01016
5	0.01477	0.01266	0.01477	0.01055	0.01687	0.00949	0.00844	0.01793	0.01477	0.02320	0.01266	0.01477	0.01055	0.00527	0.00527	0.00105	0.00527	0.00422	0.00422	0.79328
6	0.01892	0.05654	0.20234	0.04710	0.04609	0.09374	0.14077	0.05913	0.07038	0.09335	0.01848	0.02016	0.04451	0.00803	0.00803	0.00226	0.04895	0.00677	0.00453	0.00991
7	0.03681	0.02102	0.22443	0.02028	0.11019	0.01515	0.07125	0.09124	0.08317	0.12099	0.08819	0.04827	0.01943	0.00874	0.00727	0.00227	0.00795	0.00758	0.00540	0.01037
8	0.01305	0.01223	0.02025	0.67574	0.04595	0.01505	0.01865	0.01757	0.01439	0.01828	0.01732	0.02287	0.06384	0.00798	0.00722	0.00238	0.00903	0.00701	0.00343	0.00776
9	0.00913	0.00670	0.00865	0.00990	0.01086	0.00622	0.00712	0.01088	0.01485	0.01950	0.09047	0.50596	0.14250	0.02078	0.00905	0.00283	0.00434	0.10760	0.00669	0.00599
10	0.01665	0.01787	0.07437	0.13111	0.46300	0.01711	0.09758	0.02130	0.01569	0.02219	0.01318	0.01772	0.01074	0.00673	0.00798	0.00224	0.04418	0.00650	0.00343	0.01042
11	0.01690	0.01568	0.02320	0.07596	0.06134	0.07588	0.17055	0.02144	0.06038	0.07428	0.03883	0.02708	0.04877	0.03320	0.06523	0.00329	0.12943	0.04534	0.00460	0.00864
12	0.00953	0.00652	0.00831	0.00956	0.01039	0.00614	0.00672	0.01133	0.01447	0.02004	0.07038	0.53178	0.07938	0.01971	0.00855	0.00271	0.00415	0.06785	0.10647	0.00601
13	0.02094	0.01357	0.01491	0.01249	0.01634	0.03782	0.00975	0.16639	0.14826	0.19582	0.08363	0.03277	0.09673	0.10482	0.01109	0.00284	0.00622	0.00880	0.00708	0.00973
14	0.02010	0.22140	0.22507	0.01794	0.05548	0.14448	0.01723	0.05788	0.01688	0.07708	0.01291	0.01472	0.01008	0.00742	0.00763	0.00204	0.07294	0.00511	0.00386	0.00976
15	0.01529	0.05241	0.01796	0.01680	0.09379	0.01411	0.04305	0.12166	0.05793	0.02340	0.01989	0.08381	0.01857	0.07587	0.21952	0.00532	0.05136	0.02059	0.04034	0.00833
16	0.40522	0.01357	0.01351	0.01129	0.01576	0.01467	0.00923	0.12979	0.01794	0.17865	0.06972	0.01934	0.01576	0.01055	0.04458	0.00270	0.00657	0.00589	0.00603	0.00922
17	0.02394	0.02294	0.02248	0.06795	0.09908	0.23748	0.05087	0.26908	0.06765	0.04651	0.01540	0.01686	0.01162	0.00778	0.00697	0.00209	0.00961	0.00606	0.00525	0.01035
18	0.02114	0.01552	0.05180	0.05852	0.15090	0.03865	0.01411	0.14392	0.04606	0.19352	0.05615	0.07315	0.03898	0.01024	0.00749	0.00231	0.00717	0.05383	0.00627	0.01026
19	0.01047	0.00840	0.00919	0.00894	0.01050	0.04090	0.00640	0.01274	0.01730	0.02298	0.38134	0.10759	0.18540	0.13152	0.01275	0.00304	0.00449	0.01310	0.00674	0.00620
20	0.01742	0.15450	0.43041	0.01819	0.02634	0.04417	0.02096	0.11565	0.01746	0.02420	0.01261	0.01467	0.00951	0.00730	0.00753	0.00216	0.05783	0.00522	0.00363	0.01025
21	0.00951	0.00724	0.00846	0.00827	0.01002	0.00652	0.00607	0.01182	0.01721	0.02271	0.34065	0.05945	0.31235	0.10988	0.01201	0.00294	0.00403	0.03788	0.00686	0.00613
22	0.01879	0.59823	0.12224	0.01464	0.04372	0.06383	0.01440	0.02188	0.01491	0.01775	0.01045	0.01217	0.00920	0.00625	0.00503	0.00165	0.00830	0.00412	0.00309	0.00934
23	0.03817	0.01431	0.01794	0.04498	0.12282	0.04734	0.01240	0.05006	0.04010	0.05784	0.05791	0.06795	0.01744	0.03004	0.01015	0.00219	0.12491	0.00711	0.00473	0.23159
24	0.02479	0.05608	0.02115	0.01905	0.05437	0.54465	0.01405	0.06383	0.05648	0.01986	0.01230	0.01416	0.01013	0.00774	0.00746	0.00196	0.05414	0.00503	0.00399	0.00878
25	0.01238	0.01200	0.01382	0.01252	0.01519	0.09902	0.08123	0.01504	0.01694	0.02080	0.14266	0.10601	0.27699	0.01728	0.04699	0.00294	0.00689	0.08850	0.00593	0.00686
26	0.01913	0.01537	0.01716	0.01276	0.01877	0.05545	0.02842	0.13665	0.01890	0.08350	0.01466	0.01596	0.01133	0.00629	0.00591	0.00142	0.00644	0.00499	0.00506	0.52182
27	0.01495	0.01024	0.01202	0.00962	0.01407	0.00822	0.00758	0.01761	0.01665	0.13247	0.09789	0.03792	0.25032	0.01099	0.00692	0.00180	0.00466	0.00913	0.00609	0.33084
28	0.01420	0.01324	0.01750	0.18178	0.10849	0.05155	0.03859	0.02098	0.15391	0.02162	0.03024	0.07747	0.14171	0.01340	0.04204	0.00285	0.00775	0.04905	0.00516	0.00847

[dist]
# distance from previous block
# <min> <max>
0	3

[block]
# block no. 1 follows, 29 sequences, length 89
# corresponding to MSA columns:
# 77-165
name=unknown_B
#
# <colnr> <probs for GDERKNQSTAVLIFYWHMCP>
#	G	D	E	R	K	N	Q	S	T	A	V	L	I	F	Y	W	H	M	C	P
0	0.01359	0.01280	0.02162	0.70897	0.07159	0.01586	0.01985	0.01832	0.01431	0.01837	0.01268	0.01894	0.00955	0.00709	0.00712	0.00236	0.00946	0.00633	0.00318	0.00803
1	0.02629	0.01929	0.02073	0.01610	0.02163	0.02135	0.01323	0.60197	0.09698	0.06116	0.01854	0.01820	0.01319	0.00866	0.00714	0.00217	0.00758	0.00659	0.00718	0.01203
2	0.80005	0.01377	0.01047	0.00936	0.01377	0.01597	0.00771	0.02093	0.01212	0.03195	0.00991	0.01157	0.00771	0.00661	0.00441	0.00220	0.00551	0.00386	0.00441	0.00771
3	0.01348	0.01251	0.01314	0.01467	0.07946	0.10642	0.00973	0.01805	0.10685	0.02203	0.14728	0.30885	0.07358	0.01542	0.00815	0.00248	0.00583	0.02829	0.00621	0.00757
4	0.01508	0.07154	0.53335	0.02194	0.03151	0.01748	0.16505	0.02254	0.01538	0.02229	0.01297	0.01573	0.00941	0.00657	0.00700	0.00225	0.01068	0.00585	0.00314	0.01025
5	0.01065	0.00773	0.01046	0.01193	0.01342	0.00753	0.00997	0.01341	0.01587	0.02052	0.04143	0.20198	0.10821	0.01999	0.00956	0.00312	0.00581	0.47548	0.00657	0.00636
6	0.00996	0.00755	0.00939	0.00927	0.01097	0.00718	0.00686	0.01353	0.05380	0.02435	0.39262	0.16596	0.17381	0.01902	0.06029	0.00305	0.00480	0.01383	0.00709	0.00665
7	0.01372	0.01443	0.06598	0.65013	0.08308	0.01593	0.02030	0.01867	0.01440	0.01874	0.01270	0.01866	0.00956	0.00705	0.00709	0.00235	0.00950	0.00626	0.00317	0.00826
8	0.01254	0.01019	0.01615	0.01557	0.01813	0.01015	0.11016	0.01721	0.05957	0.02194	0.03376	0.09658	0.03555	0.01712	0.00943	0.00308	0.00720	0.49223	0.00617	0.00728
9	0.03195	0.01212	0.01652	0.01267	0.01818	0.01047	0.01047	0.03470	0.02038	0.71026	0.02809	0.02424	0.01763	0.00881	0.00716	0.00220	0.00606	0.00716	0.00881	0.01212
10	0.02278	0.27395	0.04744	0.01860	0.09502	0.30324	0.01426	0.02529	0.01736	0.07808	0.01237	0.01403	0.01012	0.00709	0.00650	0.00185	0.03409	0.00481	0.00385	0.00927
11	0.01105	0.00821	0.01090	0.05603	0.01405	0.00804	0.00842	0.03805	0.01959	0.02713	0.51690	0.05405	0.08068	0.01471	0.00847	0.00240	0.00437	0.10273	0.00729	0.00694
12	0.01207	0.00952	0.01229	0.01189	0.01356	0.04046	0.00927	0.05630	0.01335	0.01873	0.01874	0.02657	0.01708	0.04699	0.62025	0.01010	0.01754	0.00739	0.03107	0.00682
13	0.01073	0.00828	0.00999	0.01112	0.01221	0.02620	0.00813	0.01421	0.08157	0.01969	0.03612	0.47228	0.04099	0.06567	0.01069	0.00315	0.00519	0.15088	0.00644	0.00646
14	0.01900	0.04329	0.14262	0.09176	0.25241	0.07519	0.12005	0.04118	0.03418	0.08965	0.01500	0.01783	0.01133	0.00689	0.00711	0.00218	0.00945	0.00638	0.00412	0.01038
15	0.01481	0.09144	0.61837	0.02027	0.03025	0.01753	0.06612	0.02247	0.01510	0.02212	0.01266	0.01501	0.00914	0.00667	0.00670	0.00221	0.01039	0.00535	0.00305	0.01036
16	0.74731	0.01457	0.01142	0.01082	0.03713	0.04029	0.00839	0.02122	0.01253	0.03116	0.01007	0.01181	0.00788	0.00663	0.00456	0.00219	0.00586	0.00396	0.00435	0.00785
17	0.02626	0.09607	0.02219	0.01674	0.02155	0.33896	0.01340	0.30047	0.02519	0.05262	0.01403	0.01487	0.01068	0.00777	0.00656	0.00194	0.01002	0.00536	0.00523	0.01008
18	0.01032	0.00838	0.01145	0.01178	0.01233	0.00951	0.00870	0.01187	0.01311	0.01814	0.05374	0.45954	0.06027	0.02366	0.09888	0.00394	0.15709	0.01538	0.00559	0.00631
19	0.01466	0.06171	0.64542	0.02147	0.07260	0.01698	0.02552	0.02246	0.01509	0.02238	0.01271	0.01506	0.00917	0.00671	0.00670	0.00222	0.01029	0.00528	0.00304	0.01052
20	0.02372	0.07356	0.05877	0.02149	0.13070	0.41737	0.01530	0.08298	0.01978	0.04617	0.01284	0.01494	0.01036	0.00882	0.03114	0.00225	0.01123	0.00521	0.00406	0.00932
21	0.06778	0.01220	0.01624	0.01251	0.01797	0.01072	0.01034	0.03406	0.02000	0.67862	0.02724	0.02365	0.01716	0.00871	0.00703	0.00220	0.00603	0.00701	0.00861	0.01191
22	0.01024	0.00736	0.01008	0.01008	0.01089	0.00816	0.00721	0.01184	0.01104	0.01552	0.02032	0.03486	0.02079	0.31082	0.46820	0.00977	0.01457	0.00864	0.00400	0.00560
23	0.01182	0.00943	0.01126	0.01022	0.01316	0.00891	0.04232	0.01709	0.13253	0.05876	0.09267	0.09787	0.43579	0.01554	0.00819	0.00242	0.00455	0.01327	0.00675	0.00746
24	0.00878	0.00624	0.00823	0.00978	0.01016	0.00586	0.00646	0.00994	0.01342	0.01790	0.03817	0.70043	0.04574	0.06883	0.01083	0.00315	0.00431	0.01961	0.00646	0.00569
25	0.01020	0.00754	0.01098	0.01098	0.01210	0.00865	0.00833	0.01242	0.01131	0.01619	0.01949	0.03031	0.01881	0.14067	0.63565	0.01087	0.01755	0.00797	0.00388	0.00610
26	0.01018	0.00748	0.00983	0.01101	0.01249	0.00713	0.00890	0.01274	0.01604	0.02085	0.10160	0.23354	0.15465	0.01958	0.00930	0.00295	0.00521	0.34352	0.00669	0.00630
27	0.01571	0.01496	0.02544	0.35977	0.40425	0.01641	0.02090	0.02017	0.01531	0.02094	0.01306	0.01825	0.01046	0.00670	0.00708	0.00223	0.00893	0.00634	0.00336	0.00973
28	0.01046	0.00702	0.00838	0.00838	0.00869	0.00726	0.00518	0.01108	0.01077	0.01490	0.02186	0.04226	0.02406	0.58810	0.15983	0.00749	0.00896	0.00968	0.04084	0.00480
29	0.00981	0.00739	0.00930	0.01023	0.01186	0.00688	0.00814	0.01222	0.01613	0.02070	0.11109	0.21128	0.25059	0.01923	0.00910	0.00283	0.00484	0.26545	0.00671	0.00624
30	0.01737	0.01500	0.01578	0.01423	0.01819	0.01729	0.01106	0.03684	0.66794	0.02940	0.03055	0.02809	0.04643	0.00996	0.00729	0.00241	0.00556	0.00830	0.00722	0.01108
31	0.00858	0.00655	0.00790	0.00897	0.01008	0.00586	0.00619	0.01002	0.01454	0.01855	0.05072	0.50906	0.27574	0.02082	0.00885	0.00272	0.00395	0.01842	0.00661	0.00586
32	0.01036	0.00690	0.00777	0.00777	0.00777	0.00690	0.00431	0.01036	0.01036	0.01381	0.02244	0.04660	0.02589	0.74975	0.03624	0.00690	0.00690	0.01036	0.00431	0.00431
33	0.00930	0.00684	0.00871	0.00910	0.01038	0.00625	0.00650	0.01162	0.01706	0.02321	0.35583	0.32810	0.14460	0.01808	0.00867	0.00252	0.00370	0.01607	0.00719	0.00625
34	0.01449	0.06784	0.68365	0.01994	0.03028	0.01704	0.02570	0.02250	0.01501	0.02230	0.01265	0.01488	0.00903	0.00674	0.00667	0.00222	0.01040	0.00520	0.00301	0.01046
35	0.01693	0.01611	0.02737	0.06098	0.64237	0.01618	0.02082	0.02099	0.01599	0.02279	0.01503	0.06418	0.01352	0.00739	0.00718	0.00217	0.00821	0.00723	0.00371	0.01083
36	0.00871	0.00722	0.00766	0.00778	0.01000	0.00617	0.00588	0.01068	0.01640	0.01998	0.11482	0.09959	0.59059	0.01807	0.00852	0.00246	0.00377	0.04893	0.00670	0.00608
37	0.01439	0.01544	0.08596	0.47288	0.06136	0.03487	0.01827	0.05321	0.01566	0.02051	0.01592	0.06786	0.01377	0.00872	0.00727	0.00236	0.00891	0.04192	0.00382	0.03690
38	0.04500	0.02380	0.16061	0.02423	0.18602	0.15846	0.06725	0.05369	0.10240	0.04105	0.01729	0.01914	0.03689	0.00775	0.00734	0.00219	0.02609	0.00640	0.00435	0.01006
39	0.01558	0.01558	0.02181	0.01869	0.01869	0.02181	0.01558	0.01714	0.01091	0.01714	0.00935	0.01558	0.00935	0.01246	0.02337	0.00312	0.73672	0.00623	0.00312	0.00779
40	0.01487	0.01300	0.01620	0.01157	0.01795	0.00994	0.04376	0.01819	0.01487	0.02318	0.01275	0.01500	0.01056	0.00531	0.00544	0.00113	0.00563	0.00444	0.00419	0.75203
41	0.11583	0.17375	0.25157	0.01929	0.05043	0.06515	0.14283	0.02184	0.01520	0.02207	0.01344	0.05303	0.01131	0.00730	0.00644	0.00213	0.00932	0.00617	0.00356	0.00934
42	0.01037	0.00730	0.01008	0.01008	0.01085	0.00807	0.00720	0.01171	0.01095	0.01536	0.01977	0.03378	0.02016	0.28362	0.44976	0.05887	0.01421	0.00845	0.00394	0.00547
43	0.06532	0.07695	0.04551	0.06592	0.13971	0.17328	0.01474	0.03924	0.01714	0.15465	0.01482	0.01664	0.01127	0.00770	0.00810	0.00209	0.08098	0.00560	0.00463	0.05572
44	0.02085	0.01810	0.06967	0.01855	0.09734	0.01818	0.01408	0.27322	0.25670	0.05596	0.02223	0.06611	0.01750	0.00943	0.00726	0.00229	0.00705	0.00778	0.00649	0.01121
45	0.00973	0.00720	0.00908	0.00875	0.01046	0.00655	0.00651	0.01272	0.01914	0.02647	0.56310	0.09889	0.16382	0.01558	0.00844	0.00231	0.00345	0.01367	0.00757	0.00655
46	0.01845	0.01484	0.01814	0.01646	0.11011	0.01353	0.01150	0.15600	0.05467	0.05302	0.01509	0.01659	0.01181	0.00645	0.00606	0.00153	0.00627	0.00526	0.00505	0.45918
47	0.02445	0.01386	0.01624	0.01374	0.04106	0.05597	0.01056	0.10437	0.04071	0.35420	0.07369	0.07002	0.04159	0.00977	0.00714	0.00210	0.00629	0.00804	0.00727	0.09892
48	0.04836	0.12713	0.18906	0.02198	0.16920	0.08462	0.03181	0.04751	0.04794	0.11990	0.03607	0.01787	0.01318	0.00733	0.00657	0.00208	0.00858	0.00590	0.00455	0.01035
49	0.01502	0.37717	0.09800	0.01213	0.01681	0.01842	0.01185	0.01818	0.01589	0.02055	0.17880	0.05389	0.02784	0.03677	0.00751	0.00218	0.00667	0.06946	0.00468	0.00818
50	0.01598	0.01524	0.02593	0.31490	0.44698	0.01649	0.02104	0.02041	0.01544	0.02127	0.01310	0.01816	0.01058	0.00665	0.00708	0.00222	0.00887	0.00634	0.00338	0.00995
51	0.02067	0.07020	0.11653	0.06323	0.07365	0.01483	0.10193	0.05302	0.05653	0.22943	0.08246	0.02512	0.01937	0.00864	0.00729	0.00224	0.00777	0.03094	0.00585	0.01029
52	0.01449	0.01299	0.04320	0.01636	0.05510	0.01248	0.11003	0.07633	0.04888	0.04970	0.14068	0.08613	0.15243	0.01308	0.00946	0.00250	0.06566	0.07628	0.00593	0.00829
53	0.02416	0.02785	0.01824	0.01648	0.02018	0.52639	0.01247	0.02818	0.09820	0.06243	0.02001	0.02047	0.07733	0.00872	0.00675	0.00198	0.01070	0.00615	0.00469	0.00863
54	0.01843	0.03906	0.02846	0.11335	0.28783	0.01766	0.16305	0.11660	0.05503	0.04182	0.03791	0.01968	0.01358	0.00717	0.00735	0.00222	0.00887	0.00705	0.00446	0.01044
55	0.03610	0.09833	0.12150	0.04030	0.10626	0.08403	0.18069	0.03864	0.03513	0.09788	0.03035	0.04466	0.01468	0.00800	0.00718	0.00221	0.00924	0.03056	0.00451	0.00975
56	0.01661	0.01416	0.02183	0.02870	0.37492	0.01409	0.03988	0.02236	0.10438	0.07353	0.02878	0.03217	0.14346	0.00984	0.00754	0.00229	0.00704	0.04324	0.00514	0.01004
57	0.01006	0.00784	0.01119	0.01449	0.10352	0.00746	0.00892	0.01188	0.01434	0.01915	0.03778	0.55626	0.08377	0.01971	0.00883	0.00278	0.00485	0.06437	0.00619	0.00659
58	0.01600	0.07169	0.06595	0.29160	0.32256	0.01739	0.01985	0.02167	0.06444	0.02134	0.01396	0.01816	0.01109	0.00688	0.00689	0.00220	0.00869	0.00621	0.00360	0.00983
59	0.01486	0.06687	0.52107	0.02325	0.13207	0.01676	0.04773	0.02186	0.01530	0.02224	0.01536	0.01772	0.03942	0.00713	0.00683	0.00221	0.00982	0.00589	0.00326	0.01034
60	0.00982	0.00770	0.00894	0.00865	0.01071	0.00708	0.00647	0.01350	0.06037	0.02438	0.37428	0.09144	0.31856	0.01603	0.00837	0.00235	0.00364	0.01380	0.00725	0.00667
61	0.01011	0.00728	0.00942	0.01060	0.01170	0.00702	0.00815	0.01207	0.01456	0.01891	0.03964	0.26961	0.11720	0.14069	0.01381	0.00366	0.00556	0.28791	0.00621	0.00590
62	0.01559	0.01281	0.01492	0.01089	0.01703	0.01007	0.00870	0.01986	0.05979	0.04886	0.01430	0.01589	0.01155	0.00569	0.00547	0.00119	0.00533	0.00458	0.00459	0.71289
63	0.01570	0.01453	0.02337	0.07653	0.40494	0.01490	0.04735	0.02177	0.10658	0.02369	0.07800	0.10144	0.02130	0.00928	0.00748	0.00228	0.00740	0.00875	0.00471	0.00999
64	0.02744	0.01335	0.01656	0.01335	0.01841	0.01306	0.01081	0.05724	0.22571	0.48061	0.02800	0.02471	0.01870	0.00906	0.00719	0.00227	0.00599	0.00741	0.00828	0.01186
65	0.01428	0.03683	0.71286	0.02030	0.03082	0.01654	0.02631	0.02255	0.01503	0.02255	0.01278	0.01503	0.00902	0.00677	0.00677	0.00226	0.01052	0.00526	0.00301	0.01052
66	0.01813	0.02177	0.19158	0.03164	0.38284	0.04813	0.04330	0.04137	0.01681	0.07581	0.01566	0.05282	0.01288	0.00751	0.00711	0.00219	0.00887	0.00682	0.00407	0.01072
67	0.00866	0.00626	0.00820	0.00974	0.01028	0.00580	0.00653	0.00993	0.01380	0.01825	0.04135	0.70184	0.08901	0.02204	0.00905	0.00286	0.00410	0.01991	0.00661	0.00580
68	0.01680	0.01608	0.02741	0.17986	0.57563	0.01670	0.02144	0.02113	0.01582	0.02226	0.01325	0.01789	0.01093	0.00650	0.00706	0.00217	0.00866	0.00634	0.00345	0.01061
69	0.01864	0.01992	0.17038	0.02480	0.21979	0.01579	0.06041	0.09959	0.08937	0.09975	0.01967	0.07184	0.01623	0.00888	0.00736	0.00230	0.00813	0.03139	0.00512	0.01064
70	0.01597	0.01579	0.02867	0.11858	0.40339	0.01583	0.16648	0.02035	0.01589	0.02204	0.01710	0.08116	0.03010	0.00799	0.00756	0.00228	0.00889	0.00818	0.00383	0.00992
71	0.00874	0.00625	0.00832	0.00987	0.01034	0.00583	0.00662	0.01009	0.01395	0.01868	0.07156	0.71135	0.04808	0.02193	0.00905	0.00286	0.00409	0.01988	0.00667	0.00583
72	0.00974	0.00751	0.01084	0.05806	0.07197	0.00736	0.00873	0.01145	0.01389	0.01861	0.03538	0.63764	0.04169	0.02000	0.00879	0.00279	0.00484	0.01819	0.00613	0.00639
73	0.03894	0.20728	0.28611	0.01941	0.09342	0.01846	0.05967	0.02357	0.03298	0.10533	0.01658	0.01792	0.03588	0.00723	0.00641	0.00207	0.00863	0.00582	0.00409	0.01017
74	0.01586	0.01690	0.03388	0.15458	0.12618	0.01703	0.40725	0.02099	0.01597	0.02177	0.03007	0.04144	0.01294	0.00724	0.00874	0.00240	0.04569	0.00811	0.00368	0.00926
75	0.01020	0.00752	0.01091	0.01091	0.01200	0.00861	0.00824	0.01237	0.01129	0.01614	0.01956	0.03067	0.01897	0.15404	0.62250	0.01079	0.01731	0.00802	0.00389	0.00606
76	0.01742	0.01871	0.09010	0.07268	0.18462	0.01710	0.26634	0.02585	0.15307	0.05466	0.01748	0.02018	0.01319	0.00708	0.00758	0.00232	0.00936	0.00740	0.00447	0.01041
77	0.01632	0.05521	0.06742	0.12658	0.21861	0.01637	0.12922	0.02217	0.08226	0.05168	0.02052	0.04439	0.06620	0.00851	0.00809	0.00230	0.04237	0.00778	0.00434	0.00966
78	0.01454	0.07531	0.67662	0.01986	0.03015	0.01716	0.02555	0.02248	0.01500	0.02224	0.01262	0.01484	0.00903	0.00673	0.00665	0.00222	0.01037	0.00518	0.00301	0.01045
79	0.01256	0.01092	0.05077	0.01335	0.01515	0.01146	0.02946	0.01509	0.01224	0.05426	0.01901	0.07226	0.01817	0.08667	0.41576	0.00796	0.13548	0.00827	0.00413	0.00704
80	0.01948	0.07904	0.18059	0.11913	0.04907	0.10044	0.11937	0.02451	0.03221	0.14496	0.01862	0.02030	0.04513	0.00769	0.00703	0.00218	0.00934	0.00662	0.00454	0.00974
81	0.01533	0.01519	0.02828	0.10575	0.16513	0.01504	0.28669	0.05389	0.01660	0.02242	0.02103	0.12584	0.05356	0.03173	0.00886	0.00253	0.00907	0.00976	0.00434	0.00898
82	0.01274	0.00934	0.01385	0.05131	0.05795	0.01013	0.04033	0.01488	0.01242	0.05421	0.01945	0.03142	0.01878	0.25673	0.28683	0.00719	0.04507	0.00823	0.04246	0.00665
83	0.01105	0.00877	0.01238	0.05258	0.10813	0.00864	0.00961	0.04137	0.01565	0.02103	0.09461	0.46263	0.09052	0.01771	0.00851	0.00263	0.00506	0.01596	0.00614	0.00702
84	0.01863	0.02459	0.33476	0.02151	0.12550	0.01526	0.05050	0.06496	0.01741	0.15293	0.02031	0.02137	0.06166	0.00815	0.00760	0.00226	0.03054	0.00674	0.00473	0.01058
85	0.01949	0.20186	0.16343	0.04201	0.10383	0.12439	0.08313	0.05508	0.01716	0.06905	0.01453	0.04874	0.01201	0.00751	0.00654	0.00204	0.00931	0.00615	0.00401	0.00974
86	0.01505	0.01600	0.10397	0.04344	0.21754	0.01328	0.14073	0.01927	0.01601	0.06197	0.06898	0.14046	0.05488	0.01239	0.04110	0.00278	0.00847	0.00982	0.00473	0.00915
87	0.01621	0.02332	0.27148	0.09091	0.19226	0.04093	0.09745	0.02172	0.01585	0.05819	0.01680	0.06380	0.02786	0.00793	0.00722	0.00225	0.00930	0.00719	0.00387	0.02546
88	0.01712	0.02001	0.20540	0.13415	0.10593	0.03936	0.09250	0.02194	0.01613	0.12812	0.02069	0.10748	0.04093	0.00931	0.00743	0.00233	0.00866	0.00834	0.00465	0.00952

[dist]
# distance from previous block
# <min> <max>
20	147

[block]
# block no. 2 follows, 29 sequences, length 119
# corresponding to MSA columns:
# 338-376,381-403,416-460,476-487
name=unknown_C
#
# <colnr> <probs for GDERKNQSTAVLIFYWHMCP>
#	G	D	E	R	K	N	Q	S	T	A	V	L	I	F	Y	W	H	M	C	P
0	0.12856	0.04416	0.06730	0.04647	0.08855	0.04574	0.01321	0.10310	0.01833	0.21390	0.01709	0.01788	0.01227	0.00769	0.00722	0.00208	0.04566	0.00579	0.02977	0.08523
1	0.23687	0.05583	0.01546	0.06030	0.01746	0.01511	0.01016	0.10244	0.01643	0.02698	0.10354	0.04352	0.04742	0.03139	0.02999	0.00259	0.08674	0.00702	0.00500	0.08576
2	0.24754	0.01586	0.03825	0.16924	0.06407	0.01713	0.03610	0.18307	0.05826	0.05996	0.01545	0.03828	0.01192	0.00790	0.00643	0.00226	0.00745	0.00621	0.00511	0.00952
3	0.00876	0.00623	0.00824	0.00980	0.01020	0.00584	0.00649	0.00994	0.01346	0.01795	0.03838	0.70897	0.04600	0.05994	0.01049	0.00310	0.00427	0.01973	0.00649	0.00571
4	0.01345	0.01266	0.02136	0.73264	0.04904	0.01582	0.01978	0.01819	0.01424	0.01819	0.01266	0.01898	0.00949	0.00712	0.00712	0.00237	0.00949	0.00633	0.00316	0.00791
5	0.01684	0.16787	0.04195	0.03816	0.01892	0.01711	0.03669	0.09548	0.16935	0.04984	0.02854	0.08070	0.11473	0.01127	0.00785	0.00230	0.03818	0.04941	0.00565	0.00918
6	0.00985	0.00729	0.00925	0.00919	0.01090	0.00670	0.00701	0.01278	0.01861	0.02543	0.47377	0.10736	0.17181	0.01626	0.00861	0.00243	0.00381	0.08504	0.00740	0.00651
7	0.01173	0.00972	0.01184	0.01257	0.06586	0.02900	0.00871	0.03956	0.03859	0.02438	0.30702	0.09952	0.20973	0.01612	0.03091	0.00267	0.02785	0.04037	0.00662	0.00723
8	0.00948	0.00713	0.00879	0.00880	0.01048	0.00645	0.00654	0.01211	0.01800	0.02426	0.41076	0.16207	0.23114	0.01683	0.00856	0.00242	0.00366	0.03887	0.00728	0.00639
9	0.01477	0.01266	0.01477	0.01055	0.01687	0.00949	0.00844	0.01793	0.01477	0.02320	0.01266	0.01477	0.01055	0.00527	0.00527	0.00105	0.00527	0.00422	0.00422	0.79328
10	0.19722	0.07000	0.03877	0.01448	0.01957	0.08304	0.03455	0.18578	0.15336	0.10876	0.01780	0.01776	0.01304	0.00794	0.00633	0.00216	0.00735	0.00593	0.00589	0.01027
11	0.01998	0.17589	0.02813	0.13833	0.20566	0.14439	0.07754	0.04775	0.01718	0.06126	0.01321	0.01619	0.01053	0.00679	0.00656	0.00201	0.00939	0.00573	0.00384	0.00967
12	0.01216	0.00969	0.01129	0.01153	0.01347	0.01028	0.00846	0.02052	0.26048	0.02338	0.09006	0.38262	0.05954	0.01686	0.00837	0.00267	0.00469	0.03910	0.00694	0.00789
13	0.01105	0.00794	0.01093	0.01227	0.01387	0.00782	0.01046	0.01417	0.01664	0.02185	0.11152	0.11611	0.06661	0.01921	0.00959	0.00311	0.00596	0.52767	0.00670	0.00651
14	0.06638	0.06750	0.14269	0.06229	0.07341	0.01680	0.12849	0.08925	0.06257	0.09141	0.04260	0.01906	0.01382	0.00750	0.00733	0.00216	0.02903	0.00649	0.00477	0.06647
15	0.01662	0.03917	0.06947	0.13031	0.20093	0.09972	0.07987	0.04022	0.05773	0.02295	0.09894	0.02617	0.04273	0.00876	0.00736	0.00223	0.00855	0.03451	0.00452	0.00925
16	0.01036	0.00690	0.00777	0.00777	0.00777	0.00690	0.00431	0.01036	0.01036	0.01381	0.02244	0.04660	0.02589	0.74975	0.03624	0.00690	0.00690	0.01036	0.00431	0.00431
17	0.00939	0.00726	0.01095	0.01156	0.01253	0.00680	0.05821	0.01106	0.01397	0.01863	0.03730	0.66798	0.04412	0.02098	0.00906	0.00287	0.00481	0.04007	0.00638	0.00610
18	0.01833	0.06714	0.05728	0.03949	0.10601	0.03746	0.09573	0.06530	0.08517	0.12949	0.06003	0.11716	0.05118	0.01055	0.00752	0.00231	0.00735	0.02722	0.00572	0.00957
19	0.00902	0.00662	0.00890	0.01071	0.03014	0.00618	0.00701	0.01051	0.01427	0.01909	0.08626	0.64931	0.07317	0.02114	0.00896	0.00280	0.00418	0.01913	0.00661	0.00601
20	0.03155	0.01275	0.01692	0.01297	0.01849	0.01141	0.01071	0.08714	0.02144	0.65633	0.02720	0.02366	0.01718	0.00879	0.00716	0.00220	0.00620	0.00710	0.00868	0.01212
21	0.01760	0.01240	0.02019	0.15125	0.04827	0.01284	0.12573	0.03918	0.01572	0.16748	0.02089	0.07287	0.01843	0.14082	0.03562	0.00351	0.04688	0.03669	0.00515	0.00846
22	0.05199	0.03804	0.02263	0.08568	0.11800	0.06135	0.07416	0.18697	0.02102	0.16162	0.01773	0.02089	0.01339	0.00819	0.00752	0.00219	0.02883	0.03456	0.00559	0.03963
23	0.02621	0.03251	0.02030	0.01825	0.02189	0.65820	0.01381	0.06249	0.02054	0.01887	0.01127	0.01317	0.00933	0.00759	0.00709	0.00190	0.03955	0.00474	0.00383	0.00844
24	0.01771	0.01530	0.01610	0.01449	0.01852	0.01771	0.01127	0.03784	0.69247	0.02979	0.02898	0.02657	0.02174	0.00966	0.00725	0.00242	0.00564	0.00805	0.00725	0.01127
25	0.01909	0.05517	0.04746	0.01404	0.01813	0.01334	0.05091	0.10230	0.12087	0.17790	0.07365	0.15612	0.02735	0.01240	0.00778	0.00244	0.00637	0.07835	0.00680	0.00954
26	0.02112	0.01975	0.02291	0.11626	0.15042	0.19529	0.08465	0.08858	0.01885	0.10000	0.01643	0.05874	0.01342	0.00830	0.00762	0.00218	0.03186	0.00700	0.02711	0.00952
27	0.02660	0.03394	0.02018	0.01834	0.02201	0.72116	0.01376	0.02843	0.02018	0.01743	0.01101	0.01284	0.00917	0.00734	0.00642	0.00183	0.01284	0.00459	0.00367	0.00825
28	0.01136	0.00970	0.01365	0.01739	0.19065	0.00906	0.01017	0.01427	0.01736	0.02324	0.25883	0.08535	0.28353	0.01409	0.00809	0.00230	0.00481	0.01235	0.00621	0.00760
29	0.01428	0.03683	0.71286	0.02030	0.03082	0.01654	0.02631	0.02255	0.01503	0.02255	0.01278	0.01503	0.00902	0.00677	0.00677	0.00226	0.01052	0.00526	0.00301	0.01052
30	0.01737	0.01496	0.01581	0.01432	0.01821	0.01727	0.01110	0.03680	0.66718	0.02935	0.02936	0.05334	0.02268	0.01013	0.00731	0.00243	0.00558	0.00850	0.00722	0.01107
31	0.05773	0.00704	0.00685	0.00679	0.00861	0.00716	0.00513	0.01684	0.01477	0.02685	0.02248	0.02570	0.01766	0.00820	0.00495	0.00169	0.00344	0.00648	0.74493	0.00670
32	0.76031	0.01369	0.01078	0.00954	0.01400	0.01569	0.00785	0.02164	0.01255	0.06704	0.01086	0.01222	0.00822	0.00672	0.00455	0.00220	0.00554	0.00403	0.00463	0.00794
33	0.00866	0.00722	0.00756	0.00747	0.00977	0.00612	0.00560	0.01070	0.01681	0.02062	0.16576	0.06625	0.60795	0.01752	0.00841	0.00238	0.00357	0.01471	0.00679	0.00612
34	0.00868	0.00620	0.00826	0.00991	0.01033	0.00578	0.00661	0.00991	0.01363	0.01818	0.03925	0.74510	0.04710	0.02231	0.00909	0.00289	0.00413	0.02024	0.00661	0.00578
35	0.03016	0.01184	0.01582	0.01231	0.01750	0.01044	0.01011	0.03354	0.04277	0.63925	0.02778	0.02448	0.01781	0.00881	0.00701	0.00217	0.00585	0.00715	0.06351	0.01170
36	0.80005	0.01377	0.01047	0.00936	0.01377	0.01597	0.00771	0.02093	0.01212	0.03195	0.00991	0.01157	0.00771	0.00661	0.00441	0.00220	0.00551	0.00386	0.00441	0.00771
37	0.01677	0.01516	0.02295	0.16055	0.31212	0.01682	0.01758	0.10151	0.03910	0.02386	0.01791	0.02176	0.05705	0.01085	0.04683	0.00281	0.09542	0.00703	0.00419	0.00973
38	0.00875	0.00625	0.00833	0.00986	0.01034	0.00583	0.00662	0.01010	0.01398	0.01873	0.07421	0.70858	0.04816	0.02190	0.00905	0.00286	0.00409	0.01985	0.00667	0.00583
39	0.05947	0.06366	0.31728	0.01922	0.06351	0.03919	0.06512	0.04460	0.01670	0.14763	0.04125	0.01823	0.01308	0.00772	0.00778	0.00224	0.05243	0.00610	0.00454	0.01024
40	0.01595	0.01684	0.02845	0.36063	0.09130	0.07003	0.22924	0.02065	0.01546	0.01993	0.01295	0.01829	0.01001	0.00704	0.00843	0.00237	0.05351	0.00685	0.00337	0.00872
41	0.04905	0.13136	0.06140	0.01704	0.02115	0.44612	0.01408	0.02592	0.01780	0.05391	0.01161	0.01362	0.00957	0.00776	0.00805	0.00199	0.09235	0.00481	0.00377	0.00864
42	0.01677	0.01810	0.05533	0.15477	0.19742	0.01749	0.35999	0.04924	0.01686	0.02303	0.01392	0.01857	0.01069	0.00641	0.00775	0.00231	0.01050	0.00737	0.00364	0.00984
43	0.00876	0.00623	0.00824	0.00980	0.01020	0.00584	0.00649	0.00994	0.01346	0.01795	0.03838	0.70897	0.04600	0.05994	0.01049	0.00310	0.00427	0.01973	0.00649	0.00571
44	0.01183	0.00951	0.01233	0.01363	0.07873	0.00983	0.00908	0.03915	0.07971	0.02149	0.10898	0.18549	0.14855	0.09159	0.10040	0.00406	0.03195	0.03062	0.00584	0.00722
45	0.00892	0.00723	0.00791	0.00774	0.00993	0.00623	0.00581	0.01119	0.01742	0.02206	0.26257	0.06389	0.51025	0.01698	0.00841	0.00235	0.00353	0.01438	0.00698	0.00623
46	0.01861	0.01574	0.01661	0.01467	0.01886	0.01813	0.01149	0.09972	0.62912	0.03124	0.02784	0.02566	0.02081	0.00955	0.00723	0.00239	0.00585	0.00789	0.00723	0.01135
47	0.01558	0.01558	0.02181	0.01869	0.01869	0.02181	0.01558	0.01714	0.01091	0.01714	0.00935	0.01558	0.00935	0.01246	0.02337	0.00312	0.73672	0.00623	0.00312	0.00779
48	0.00930	0.00683	0.00870	0.00944	0.01059	0.00630	0.00679	0.01134	0.01597	0.02135	0.22700	0.37718	0.15206	0.03902	0.00959	0.00278	0.00411	0.06868	0.00688	0.00610
49	0.00858	0.00677	0.00774	0.00844	0.00996	0.00593	0.00597	0.01018	0.01522	0.01906	0.07684	0.36323	0.39731	0.01979	0.00871	0.00261	0.00383	0.01724	0.00665	0.00593
50	0.01004	0.00783	0.00909	0.00906	0.01092	0.00738	0.00667	0.01388	0.07807	0.02291	0.26893	0.16103	0.27688	0.05467	0.00989	0.00268	0.00404	0.03248	0.00696	0.00662
51	0.01477	0.01266	0.01477	0.01055	0.01687	0.00949	0.00844	0.01793	0.01477	0.02320	0.01266	0.01477	0.01055	0.00527	0.00527	0.00105	0.00527	0.00422	0.00422	0.79328
52	0.01705	0.01972	0.10923	0.03773	0.46650	0.01714	0.18257	0.02216	0.01623	0.02307	0.01357	0.01772	0.01091	0.00631	0.00735	0.00220	0.00956	0.00672	0.00349	0.01079
53	0.01681	0.01921	0.04202	0.03001	0.03721	0.01801	0.67947	0.02281	0.01681	0.02281	0.01441	0.01921	0.01080	0.00600	0.00840	0.00240	0.01200	0.00840	0.00360	0.00960
54	0.01770	0.01583	0.02027	0.03950	0.09708	0.03977	0.07348	0.10085	0.30623	0.02814	0.08981	0.02719	0.02224	0.00973	0.00851	0.00239	0.05266	0.03241	0.00603	0.01017
55	0.75950	0.01368	0.01079	0.00954	0.01400	0.01568	0.00786	0.02166	0.01255	0.06776	0.01087	0.01224	0.00824	0.00673	0.00455	0.00220	0.00554	0.00403	0.00464	0.00794
56	0.01973	0.01630	0.01724	0.01490	0.01929	0.01865	0.01176	0.17668	0.55034	0.03304	0.02642	0.02452	0.01966	0.00942	0.00722	0.00236	0.00611	0.00770	0.00722	0.01145
57	0.02175	0.01433	0.01662	0.01264	0.01813	0.01352	0.01028	0.23290	0.02170	0.16335	0.01793	0.01856	0.01316	0.00918	0.03608	0.00209	0.00671	0.00577	0.05038	0.31489
58	0.01904	0.75404	0.03731	0.01218	0.01828	0.02818	0.01218	0.02132	0.01447	0.01675	0.00990	0.01142	0.00914	0.00609	0.00457	0.00152	0.00761	0.00381	0.00305	0.00914
59	0.02707	0.01995	0.02137	0.01638	0.02208	0.02208	0.01353	0.68159	0.03348	0.04488	0.01710	0.01710	0.01211	0.00855	0.00712	0.00214	0.00784	0.00641	0.00712	0.01211
60	0.01327	0.00664	0.00664	0.00664	0.00830	0.00664	0.00498	0.01659	0.01493	0.02655	0.02323	0.02655	0.01825	0.00830	0.00498	0.00166	0.00332	0.00664	0.78928	0.00664
61	0.01948	0.01933	0.01632	0.01463	0.01828	0.20959	0.01124	0.09227	0.31792	0.02669	0.08819	0.05122	0.06355	0.01030	0.00725	0.00223	0.00745	0.00822	0.00624	0.00960
62	0.01771	0.01530	0.01610	0.01449	0.01852	0.01771	0.01127	0.03784	0.69247	0.02979	0.02898	0.02657	0.02174	0.00966	0.00725	0.00242	0.00564	0.00805	0.00725	0.01127
63	0.01480	0.01521	0.04960	0.01871	0.06096	0.08126	0.10788	0.01877	0.03672	0.02101	0.05195	0.06705	0.02575	0.01460	0.03071	0.00302	0.11892	0.25014	0.00500	0.00791
64	0.02414	0.02972	0.02003	0.05839	0.02273	0.57637	0.01405	0.02615	0.01858	0.01771	0.01127	0.01393	0.00949	0.00796	0.00843	0.00201	0.09854	0.00494	0.02742	0.00813
65	0.01428	0.03683	0.71286	0.02030	0.03082	0.01654	0.02631	0.02255	0.01503	0.02255	0.01278	0.01503	0.00902	0.00677	0.00677	0.00226	0.01052	0.00526	0.00301	0.01052
66	0.01428	0.03683	0.71286	0.02030	0.03082	0.01654	0.02631	0.02255	0.01503	0.02255	0.01278	0.01503	0.00902	0.00677	0.00677	0.00226	0.01052	0.00526	0.00301	0.01052
67	0.01629	0.31513	0.40794	0.01774	0.02633	0.02116	0.06146	0.02209	0.01492	0.02031	0.01176	0.01389	0.00918	0.00646	0.00601	0.00198	0.00948	0.00489	0.00306	0.00993
68	0.00865	0.00717	0.00760	0.00778	0.00995	0.00612	0.00583	0.01055	0.01622	0.01972	0.10113	0.12586	0.58549	0.01828	0.00853	0.00247	0.00376	0.04215	0.00667	0.00605
69	0.01147	0.00717	0.00822	0.00802	0.00830	0.00709	0.00463	0.01161	0.01087	0.04984	0.02273	0.04544	0.02546	0.71142	0.03474	0.00666	0.00686	0.01019	0.00455	0.00472
70	0.01868	0.50910	0.10581	0.01401	0.01968	0.10265	0.01382	0.02156	0.01523	0.01809	0.04608	0.01440	0.01215	0.00716	0.00645	0.00178	0.05633	0.00468	0.00336	0.00897
71	0.00993	0.00743	0.01032	0.01029	0.01164	0.00798	0.00779	0.01232	0.01345	0.01876	0.14217	0.06576	0.09936	0.08433	0.45556	0.00832	0.01345	0.00996	0.00493	0.00624
72	0.01645	0.01864	0.04055	0.02914	0.03605	0.01748	0.65031	0.02225	0.01667	0.02261	0.01548	0.05067	0.01238	0.00671	0.00843	0.00242	0.01166	0.00892	0.00373	0.00944
73	0.01877	0.71351	0.07549	0.01264	0.01898	0.02752	0.01298	0.02139	0.01450	0.01708	0.01006	0.01163	0.00913	0.00613	0.00469	0.00156	0.00778	0.00389	0.00304	0.00922
74	0.01741	0.04573	0.06712	0.06559	0.09124	0.07123	0.48924	0.02285	0.01672	0.02198	0.01375	0.01814	0.01052	0.00623	0.00787	0.00230	0.01143	0.00754	0.00353	0.00958
75	0.01549	0.01550	0.02196	0.01884	0.01992	0.04843	0.07667	0.01775	0.01272	0.01835	0.01444	0.02621	0.01456	0.01281	0.01909	0.00302	0.52172	0.11100	0.00374	0.00778
76	0.02460	0.13925	0.02475	0.01841	0.02284	0.52799	0.07379	0.05151	0.01953	0.01885	0.01138	0.01337	0.00943	0.00708	0.00635	0.00185	0.01180	0.00488	0.00370	0.00865
77	0.00875	0.00625	0.00833	0.00986	0.01034	0.00583	0.00662	0.01010	0.01398	0.01873	0.07421	0.70858	0.04816	0.02190	0.00905	0.00286	0.00409	0.01985	0.00667	0.00583
78	0.00842	0.00721	0.00721	0.00721	0.00962	0.00601	0.00541	0.01022	0.01623	0.01924	0.07213	0.06853	0.70244	0.01803	0.00842	0.00240	0.00361	0.01503	0.00661	0.00601
79	0.01771	0.01530	0.01610	0.01449	0.01852	0.01771	0.01127	0.03784	0.69247	0.02979	0.02898	0.02657	0.02174	0.00966	0.00725	0.00242	0.00564	0.00805	0.00725	0.01127
80	0.00865	0.00628	0.00818	0.00970	0.01027	0.00580	0.00651	0.00994	0.01384	0.01826	0.04191	0.69037	0.10011	0.02196	0.00903	0.00285	0.00409	0.01982	0.00661	0.00580
81	0.80005	0.01377	0.01047	0.00936	0.01377	0.01597	0.00771	0.02093	0.01212	0.03195	0.00991	0.01157	0.00771	0.00661	0.00441	0.00220	0.00551	0.00386	0.00441	0.00771
82	0.01237	0.00618	0.00928	0.00928	0.00928	0.00618	0.00618	0.00928	0.00928	0.01237	0.01237	0.02165	0.01237	0.02474	0.02783	0.79283	0.00618	0.00618	0.00309	0.00309
83	0.00842	0.00721	0.00721	0.00721	0.00962	0.00601	0.00541	0.01022	0.01623	0.01924	0.07213	0.06853	0.70244	0.01803	0.00842	0.00240	0.00361	0.01503	0.00661	0.00601
84	0.01558	0.01558	0.02181	0.01869	0.01869	0.02181	0.01558	0.01714	0.01091	0.01714	0.00935	0.01558	0.00935	0.01246	0.02337	0.00312	0.73672	0.00623	0.00312	0.00779
85	0.01771	0.01530	0.01610	0.01449	0.01852	0.01771	0.01127	0.03784	0.69247	0.02979	0.02898	0.02657	0.02174	0.00966	0.00725	0.00242	0.00564	0.00805	0.00725	0.01127
86	0.01558	0.01558	0.02181	0.01869	0.01869	0.02181	0.01558	0.01714	0.01091	0.01714	0.00935	0.01558	0.00935	0.01246	0.02337	0.00312	0.73672	0.00623	0.00312	0.00779
87	0.01477	0.01266	0.01477	0.01055	0.01687	0.00949	0.00844	0.01793	0.01477	0.02320	0.01266	0.01477	0.01055	0.00527	0.00527	0.00105	0.00527	0.00422	0.00422	0.79328
88	0.02165	0.01725	0.01832	0.01529	0.02002	0.01955	0.01222	0.30893	0.41496	0.03614	0.02398	0.02258	0.01768	0.00919	0.00719	0.00230	0.00656	0.00736	0.00719	0.01162
89	0.01681	0.01921	0.04202	0.03001	0.03721	0.01801	0.67947	0.02281	0.01681	0.02281	0.01441	0.01921	0.01080	0.00600	0.00840	0.00240	0.01200	0.00840	0.00360	0.00960
90	0.01837	0.01562	0.01647	0.01462	0.01877	0.01802	0.01143	0.08300	0.64624	0.03085	0.02815	0.02590	0.02106	0.00958	0.00724	0.00240	0.00579	0.00794	0.00724	0.01133
91	0.03180	0.01236	0.01668	0.01278	0.01830	0.01083	0.01056	0.05488	0.02079	0.68951	0.02775	0.02401	0.01745	0.00880	0.00716	0.00220	0.00611	0.00714	0.00876	0.01212
92	0.01036	0.00690	0.00777	0.00777	0.00777	0.00690	0.00431	0.01036	0.01036	0.01381	0.02244	0.04660	0.02589	0.74975	0.03624	0.00690	0.00690	0.01036	0.00431	0.00431
93	0.00883	0.00631	0.00844	0.01010	0.01058	0.00592	0.00688	0.01019	0.01379	0.01835	0.03916	0.70754	0.04675	0.02216	0.00913	0.00291	0.00427	0.05625	0.00661	0.00583
94	0.02707	0.01995	0.02137	0.01638	0.02208	0.02208	0.01353	0.68159	0.03348	0.04488	0.01710	0.01710	0.01211	0.00855	0.00712	0.00214	0.00784	0.00641	0.00712	0.01211
95	0.02707	0.01995	0.02137	0.01638	0.02208	0.02208	0.01353	0.68159	0.03348	0.04488	0.01710	0.01710	0.01211	0.00855	0.00712	0.00214	0.00784	0.00641	0.00712	0.01211
96	0.01008	0.00728	0.00952	0.00896	0.01064	0.00672	0.00672	0.01344	0.02016	0.02855	0.70158	0.05319	0.06719	0.01456	0.00840	0.00224	0.00336	0.01288	0.00784	0.00672
97	0.01904	0.75404	0.03731	0.01218	0.01828	0.02818	0.01218	0.02132	0.01447	0.01675	0.00990	0.01142	0.00914	0.00609	0.00457	0.00152	0.00761	0.00381	0.00305	0.00914
98	0.00892	0.00622	0.00818	0.00974	0.01022	0.00583	0.00652	0.01027	0.01370	0.01862	0.03840	0.70717	0.04557	0.02157	0.00887	0.00283	0.00409	0.01952	0.04793	0.00583
99	0.01558	0.01558	0.02181	0.01869	0.01869	0.02181	0.01558	0.01714	0.01091	0.01714	0.00935	0.01558	0.00935	0.01246	0.02337	0.00312	0.73672	0.00623	0.00312	0.00779
100	0.01771	0.01530	0.01610	0.01449	0.01852	0.01771	0.01127	0.03784	0.69247	0.02979	0.02898	0.02657	0.02174	0.00966	0.00725	0.00242	0.00564	0.00805	0.00725	0.01127
101	0.01583	0.01631	0.02586	0.02096	0.02241	0.02105	0.14874	0.01827	0.01209	0.01827	0.01036	0.01631	0.00964	0.01117	0.02037	0.00297	0.59136	0.00667	0.00321	0.00815
102	0.01294	0.00668	0.00696	0.00702	0.00862	0.00674	0.00526	0.01614	0.01469	0.02569	0.02354	0.05125	0.01921	0.01133	0.04561	0.00225	0.00424	0.00716	0.71808	0.00659
103	0.08213	0.01711	0.01904	0.01466	0.02024	0.01802	0.01210	0.43451	0.02771	0.22284	0.01939	0.01855	0.01323	0.00836	0.00687	0.00212	0.00709	0.00635	0.00728	0.04242
104	0.01017	0.00763	0.01144	0.01144	0.01272	0.00890	0.00890	0.01272	0.01144	0.01653	0.01907	0.02797	0.01780	0.05340	0.72153	0.01144	0.01907	0.00763	0.00381	0.00636
105	0.01681	0.01921	0.04202	0.03001	0.03721	0.01801	0.67947	0.02281	0.01681	0.02281	0.01441	0.01921	0.01080	0.00600	0.00840	0.00240	0.01200	0.00840	0.00360	0.00960
106	0.00962	0.00731	0.01019	0.09426	0.01543	0.00732	0.00877	0.01161	0.01428	0.01871	0.03814	0.51774	0.08583	0.01987	0.00892	0.00286	0.00508	0.11171	0.00620	0.00616
107	0.01125	0.00803	0.01121	0.01285	0.01439	0.00800	0.01108	0.01436	0.01617	0.02106	0.03783	0.13410	0.04147	0.01988	0.00977	0.00325	0.00636	0.60586	0.00656	0.00649
108	0.01076	0.00781	0.01058	0.01206	0.01359	0.00762	0.01016	0.01359	0.01597	0.02064	0.04137	0.17652	0.10792	0.01989	0.00958	0.00313	0.00591	0.49993	0.00657	0.00639
109	0.01949	0.01518	0.09235	0.01221	0.01878	0.01054	0.01098	0.02310	0.01636	0.21422	0.01696	0.01743	0.01235	0.00642	0.00596	0.00151	0.00607	0.00515	0.00536	0.48958
110	0.01428	0.03683	0.71286	0.02030	0.03082	0.01654	0.02631	0.02255	0.01503	0.02255	0.01278	0.01503	0.00902	0.00677	0.00677	0.00226	0.01052	0.00526	0.00301	0.01052
111	0.03195	0.01212	0.01652	0.01267	0.01818	0.01047	0.01047	0.03470	0.02038	0.71026	0.02809	0.02424	0.01763	0.00881	0.00716	0.00220	0.00606	0.00716	0.00881	0.01212
112	0.00861	0.00708	0.00758	0.00776	0.00982	0.00605	0.00570	0.01049	0.01625	0.02000	0.12885	0.16048	0.55010	0.01829	0.00851	0.00246	0.00366	0.01554	0.00673	0.00605
113	0.03195	0.01212	0.01652	0.01267	0.01818	0.01047	0.01047	0.03470	0.02038	0.71026	0.02809	0.02424	0.01763	0.00881	0.00716	0.00220	0.00606	0.00716	0.00881	0.01212
114	0.00874	0.00723	0.00767	0.00756	0.00982	0.00615	0.00567	0.01085	0.01701	0.02108	0.19641	0.06550	0.57702	0.01735	0.00841	0.00237	0.00356	0.01460	0.00685	0.00615
115	0.01008	0.00728	0.00952	0.00896	0.01064	0.00672	0.00672	0.01344	0.02016	0.02855	0.70158	0.05319	0.06719	0.01456	0.00840	0.00224	0.00336	0.01288	0.00784	0.00672
116	0.01327	0.00664	0.00664	0.00664	0.00830	0.00664	0.00498	0.01659	0.01493	0.02655	0.02323	0.02655	0.01825	0.00830	0.00498	0.00166	0.00332	0.00664	0.78928	0.00664
117	0.03086	0.01387	0.01761	0.01350	0.01905	0.01307	0.01115	0.17955	0.02331	0.56127	0.02563	0.02264	0.01639	0.00875	0.00715	0.00219	0.00646	0.00699	0.00843	0.01212
118	0.01450	0.01235	0.01447	0.01046	0.01652	0.00934	0.00834	0.01768	0.01507	0.02351	0.05159	0.01694	0.01375	0.00580	0.00545	0.00112	0.00517	0.00471	0.00442	0.74883

[dist]
# distance from previous block
# <min> <max>
0	1

[block]
# block no. 3 follows, 29 sequences, length 10
# corresponding to MSA columns:
# 494-502,513
name=unknown_D
#
# <colnr> <probs for GDERKNQSTAVLIFYWHMCP>
#	G	D	E	R	K	N	Q	S	T	A	V	L	I	F	Y	W	H	M	C	P
0	0.01277	0.01174	0.01336	0.01289	0.01439	0.10588	0.01003	0.01515	0.01258	0.01669	0.01729	0.02505	0.01604	0.04428	0.57551	0.00956	0.06919	0.00712	0.00375	0.00672
