[name]
unknown

[dist]
# distance from previous block
# <min> <max>
0	18

[block]
# block no. 0 follows, 32 sequences, length 20
# corresponding to MSA columns:
# 18-37
name=unknown_A
#
# <colnr> <probs for GDERKNQSTAVLIFYWHMCP>
#	G	D	E	R	K	N	Q	S	T	A	V	L	I	F	Y	W	H	M	C	P
0	0.03106	0.11842	0.17746	0.01509	0.06215	0.03216	0.01369	0.11954	0.06263	0.03704	0.04744	0.07912	0.09478	0.00992	0.00667	0.00209	0.00689	0.04842	0.00486	0.03058
1	0.04133	0.08919	0.10105	0.01640	0.04182	0.19587	0.06238	0.12487	0.04456	0.06944	0.01734	0.06350	0.04016	0.02374	0.00765	0.00212	0.03857	0.00663	0.00456	0.00884
2	0.12214	0.26259	0.11144	0.01470	0.02026	0.10434	0.06895	0.12745	0.04411	0.02339	0.01226	0.01436	0.00994	0.02977	0.00643	0.00198	0.00811	0.00493	0.00393	0.00891
3	0.04148	0.32888	0.08504	0.04358	0.07112	0.08458	0.01297	0.01961	0.03570	0.01856	0.04931	0.01879	0.06674	0.00780	0.00690	0.00185	0.06836	0.00559	0.00363	0.02950
4	0.01121	0.00925	0.01301	0.01211	0.01301	0.01144	0.00953	0.01317	0.01076	0.01602	0.01578	0.02446	0.01516	0.10404	0.42970	0.00764	0.21482	0.00695	0.03430	0.02763
5	0.00980	0.00712	0.01046	0.01046	0.01168	0.00823	0.00812	0.01224	0.01102	0.01626	0.01825	0.02626	0.01680	0.04726	0.68486	0.01012	0.01690	0.00712	0.06100	0.00601
6	0.00813	0.00600	0.00762	0.00892	0.00962	0.00549	0.00604	0.00939	0.01325	0.01729	0.04208	0.64540	0.15550	0.02036	0.00846	0.00265	0.00381	0.01827	0.00623	0.00549
7	0.01448	0.02906	0.52354	0.07222	0.05597	0.01596	0.05462	0.05419	0.07473	0.02257	0.01363	0.01574	0.00986	0.00666	0.00654	0.00214	0.00932	0.00549	0.00342	0.00986
8	0.00839	0.00593	0.00772	0.00906	0.00940	0.00560	0.00593	0.00940	0.01242	0.01656	0.03479	0.66065	0.04161	0.12396	0.01211	0.00325	0.00425	0.01778	0.00593	0.00526
9	0.02527	0.01780	0.01936	0.01499	0.02023	0.01951	0.01233	0.59036	0.08061	0.10330	0.01788	0.01738	0.01255	0.00815	0.00672	0.00204	0.00708	0.00622	0.00687	0.01135
10	0.01763	0.04586	0.15082	0.03696	0.13890	0.06255	0.07720	0.12953	0.03173	0.04943	0.01420	0.03593	0.01129	0.00678	0.00634	0.00185	0.00797	0.00581	0.00422	0.16498
11	0.02092	0.15244	0.08761	0.05112	0.02215	0.36983	0.04594	0.07178	0.04987	0.01973	0.01221	0.01401	0.00979	0.00681	0.00593	0.00180	0.00988	0.00485	0.03483	0.00849
12	0.01275	0.01072	0.01306	0.01128	0.04829	0.00860	0.00841	0.01555	0.01429	0.02112	0.04299	0.04735	0.08047	0.02923	0.00678	0.00162	0.00506	0.07986	0.00456	0.53800
13	0.00935	0.00760	0.00962	0.01090	0.07715	0.00687	0.00712	0.01176	0.01643	0.02163	0.29935	0.11773	0.34969	0.01511	0.00786	0.00222	0.00379	0.01308	0.00638	0.00636
14	0.01407	0.01302	0.02009	0.49380	0.13551	0.01543	0.01722	0.02153	0.16033	0.02012	0.01526	0.01921	0.01161	0.00711	0.00672	0.00221	0.00804	0.00631	0.00384	0.00857
15	0.00976	0.00651	0.00732	0.00732	0.00732	0.00651	0.00407	0.00976	0.00976	0.01301	0.02114	0.04391	0.02439	0.76419	0.03415	0.00651	0.00651	0.00976	0.00407	0.00407
16	0.01552	0.29525	0.33338	0.01779	0.02522	0.02000	0.12898	0.02063	0.01406	0.01908	0.01116	0.01360	0.00883	0.00629	0.00663	0.00194	0.04455	0.00499	0.00294	0.00918
17	0.25549	0.01347	0.01468	0.01154	0.01655	0.01356	0.00950	0.16648	0.01893	0.30305	0.01771	0.01697	0.01206	0.00728	0.00579	0.00194	0.00583	0.00539	0.00628	0.09751
18	0.01340	0.08028	0.01290	0.00967	0.01218	0.00963	0.00771	0.01697	0.04808	0.11600	0.48224	0.04108	0.07327	0.01211	0.00786	0.00208	0.02999	0.01029	0.00685	0.00740
19	0.05956	0.02099	0.01948	0.01549	0.02046	0.15333	0.01255	0.54567	0.02835	0.03696	0.01475	0.01514	0.01072	0.00776	0.00648	0.00196	0.00816	0.00562	0.00600	0.01056

[dist]
# distance from previous block
# <min> <max>
0	2

[block]
# block no. 1 follows, 32 sequences, length 21
# corresponding to MSA columns:
# 40-60
name=unknown_B
#
# <colnr> <probs for GDERKNQSTAVLIFYWHMCP>
#	G	D	E	R	K	N	Q	S	T	A	V	L	I	F	Y	W	H	M	C	P
0	0.01544	0.08937	0.02639	0.02176	0.13442	0.01521	0.25156	0.05561	0.06443	0.02223	0.01724	0.10807	0.01541	0.00801	0.00685	0.00203	0.00781	0.00796	0.04606	0.08415
1	0.00923	0.00697	0.00981	0.06234	0.04084	0.00682	0.00786	0.01127	0.01450	0.01969	0.19194	0.48932	0.04472	0.01764	0.00823	0.00253	0.00432	0.03979	0.00615	0.00603
2	0.01669	0.01441	0.01517	0.01365	0.01745	0.01669	0.01062	0.03565	0.71021	0.02807	0.02731	0.02503	0.02048	0.00910	0.00683	0.00228	0.00531	0.00759	0.00683	0.01062
3	0.02378	0.10223	0.02123	0.01837	0.07081	0.58863	0.01336	0.05141	0.01870	0.01774	0.01065	0.01245	0.00889	0.00678	0.00595	0.00173	0.01114	0.00443	0.00351	0.00820
4	0.00938	0.00685	0.00881	0.00832	0.00996	0.00628	0.00624	0.01244	0.01873	0.02628	0.67203	0.05116	0.11047	0.01395	0.00792	0.00212	0.00318	0.01228	0.00730	0.00628
5	0.00996	0.00653	0.00748	0.00748	0.00769	0.00662	0.00443	0.01038	0.01017	0.01413	0.02097	0.04117	0.02328	0.65381	0.08240	0.00643	0.00707	0.00930	0.06632	0.00437
6	0.00974	0.00656	0.00758	0.00758	0.00767	0.00665	0.00439	0.00992	0.00983	0.01320	0.02091	0.04260	0.02383	0.71088	0.08668	0.00682	0.00736	0.00957	0.00403	0.00421
7	0.01794	0.76823	0.03516	0.01148	0.01722	0.02655	0.01148	0.02009	0.01363	0.01579	0.00933	0.01076	0.00861	0.00574	0.00431	0.00144	0.00718	0.00359	0.00287	0.00861
8	0.01679	0.57950	0.21379	0.01345	0.02026	0.02373	0.01491	0.02039	0.01377	0.01719	0.01003	0.01164	0.00858	0.00590	0.00484	0.00161	0.00788	0.00394	0.00286	0.00895
9	0.02426	0.01636	0.01793	0.01406	0.01895	0.01775	0.01151	0.48844	0.09526	0.13465	0.01910	0.01862	0.01348	0.00817	0.00657	0.00201	0.00661	0.00631	0.06902	0.01093
10	0.02175	0.02570	0.02223	0.02664	0.29544	0.45483	0.01595	0.02437	0.01755	0.01857	0.01125	0.01386	0.00942	0.00655	0.00628	0.00183	0.01048	0.00497	0.00340	0.00889
11	0.07777	0.01627	0.02623	0.02582	0.22354	0.05715	0.25707	0.02205	0.09955	0.02261	0.01891	0.02141	0.06683	0.00722	0.00694	0.00212	0.00838	0.00723	0.02375	0.00914
12	0.01589	0.04782	0.03883	0.02729	0.03382	0.01746	0.64971	0.02127	0.01558	0.02110	0.01326	0.01770	0.01008	0.00585	0.00821	0.00225	0.03386	0.00768	0.00336	0.00898
13	0.00931	0.00685	0.00872	0.00825	0.00991	0.00625	0.00619	0.01231	0.01856	0.02588	0.64294	0.05181	0.13980	0.01410	0.00792	0.00213	0.00319	0.01237	0.00725	0.00625
14	0.00968	0.00652	0.00730	0.00730	0.00740	0.00647	0.00411	0.00975	0.01000	0.01324	0.02320	0.04482	0.05500	0.73130	0.03300	0.00632	0.00637	0.00995	0.00416	0.00414
15	0.02822	0.01372	0.01690	0.01304	0.01823	0.01337	0.01075	0.22999	0.05009	0.49710	0.02344	0.02094	0.01523	0.00826	0.00674	0.00207	0.00619	0.00657	0.00778	0.01139
16	0.00895	0.00678	0.00825	0.00800	0.00972	0.00608	0.00596	0.01156	0.01753	0.02372	0.48487	0.09563	0.25820	0.01512	0.00796	0.00219	0.00328	0.01314	0.00697	0.00608
17	0.01410	0.01228	0.01878	0.50853	0.06899	0.01452	0.01618	0.11513	0.01605	0.02101	0.01598	0.11858	0.01420	0.00882	0.00696	0.00226	0.00799	0.00776	0.00398	0.00790
18	0.02429	0.01789	0.01927	0.01501	0.02003	0.01973	0.01230	0.65151	0.03024	0.04052	0.01757	0.06829	0.01372	0.00896	0.00684	0.00206	0.00714	0.00696	0.00668	0.01099
19	0.72451	0.01362	0.01100	0.00956	0.01384	0.01569	0.00787	0.09508	0.01365	0.03145	0.01009	0.01148	0.00773	0.00643	0.00444	0.00207	0.00543	0.00390	0.00444	0.00773
20	0.55246	0.10731	0.01642	0.01175	0.01621	0.10918	0.06246	0.02081	0.01301	0.02594	0.00980	0.01160	0.00783	0.00621	0.00471	0.00197	0.00679	0.00405	0.00385	0.00763

[dist]
# distance from previous block
# <min> <max>
0	5

[block]
# block no. 2 follows, 32 sequences, length 7
# corresponding to MSA columns:
# 66-72
name=unknown_C
#
# <colnr> <probs for GDERKNQSTAVLIFYWHMCP>
#	G	D	E	R	K	N	Q	S	T	A	V	L	I	F	Y	W	H	M	C	P
0	0.00924	0.00685	0.00861	0.00817	0.00987	0.00622	0.00613	0.01216	0.01839	0.02547	0.61201	0.05249	0.17100	0.01425	0.00792	0.00214	0.00320	0.01247	0.00720	0.00622
1	0.01115	0.00872	0.01037	0.01004	0.01205	0.00895	0.00757	0.01807	0.20036	0.02480	0.35638	0.16233	0.08564	0.01410	0.00779	0.00231	0.00400	0.04116	0.00693	0.00727
2	0.00950	0.00686	0.00897	0.00844	0.01002	0.00633	0.00633	0.01266	0.01899	0.02691	0.71879	0.05012	0.06331	0.01372	0.00791	0.00211	0.00317	0.01213	0.00739	0.00633
3	0.01745	0.01780	0.02559	0.09126	0.57700	0.11288	0.01942	0.02117	0.01564	0.02082	0.01227	0.01610	0.01023	0.00616	0.00657	0.00198	0.00860	0.00575	0.00331	0.01001
4	0.48649	0.01648	0.01402	0.01171	0.01621	0.07689	0.00955	0.24515	0.01870	0.03300	0.01166	0.01272	0.00875	0.00689	0.00516	0.00203	0.00649	0.00449	0.00494	0.00868
5	0.01750	0.01124	0.01391	0.01076	0.01594	0.00901	0.00881	0.02040	0.01543	0.19584	0.01869	0.02443	0.01544	0.00762	0.00599	0.00154	0.00531	0.09521	0.00534	0.50162
6	0.03853	0.17899	0.07414	0.05872	0.07783	0.12328	0.01292	0.05994	0.12673	0.02111	0.03653	0.02005	0.04882	0.01200	0.07992	0.00281	0.00873	0.00604	0.00424	0.00865

[dist]
# distance from previous block
# <min> <max>
1	5

[block]
# block no. 3 follows, 32 sequences, length 8
# corresponding to MSA columns:
# 78-85
name=unknown_D
#
# <colnr> <probs for GDERKNQSTAVLIFYWHMCP>
#	G	D	E	R	K	N	Q	S	T	A	V	L	I	F	Y	W	H	M	C	P
0	0.01663	0.01529	0.01217	0.01090	0.01373	0.21646	0.00831	0.06640	0.03926	0.02360	0.11814	0.02493	0.04802	0.00858	0.00589	0.00172	0.00622	0.00669	0.28527	0.07179
1	0.01226	0.00995	0.01137	0.06147	0.01498	0.01052	0.00847	0.07262	0.19737	0.02213	0.03887	0.17347	0.22808	0.06784	0.00951	0.00267	0.00504	0.03992	0.00604	0.00741
2	0.02078	0.07182	0.01816	0.01407	0.01808	0.18559	0.01137	0.30613	0.05026	0.02946	0.11668	0.02527	0.04160	0.00942	0.00676	0.00201	0.00760	0.05011	0.00573	0.00910
3	0.00976	0.00651	0.00732	0.00732	0.00732	0.00651	0.00407	0.00976	0.00976	0.01301	0.02114	0.04391	0.02439	0.76419	0.03415	0.00651	0.00651	0.00976	0.00407	0.00407
4	0.01443	0.01169	0.01805	0.28627	0.17712	0.01287	0.04116	0.06211	0.01530	0.02246	0.01555	0.01975	0.01212	0.00695	0.00611	0.00196	0.00689	0.00614	0.25498	0.00808
5	0.01021	0.00753	0.00997	0.01119	0.01288	0.00729	0.00961	0.01300	0.01541	0.01967	0.04235	0.07335	0.18192	0.01821	0.00899	0.00292	0.00559	0.53765	0.00619	0.00607
6	0.01555	0.13497	0.39242	0.01578	0.02320	0.06282	0.01787	0.07684	0.03955	0.02191	0.01689	0.01811	0.06646	0.00731	0.00612	0.00193	0.00843	0.00557	0.00369	0.06459
7	0.01630	0.47560	0.22676	0.01372	0.02015	0.05357	0.01490	0.01994	0.01397	0.01744	0.01212	0.06545	0.01114	0.00707	0.00527	0.00173	0.00793	0.00511	0.00313	0.00871

[dist]
# distance from previous block
# <min> <max>
1	7

[block]
# block no. 4 follows, 32 sequences, length 21
# corresponding to MSA columns:
# 93-113
name=unknown_E
#
# <colnr> <probs for GDERKNQSTAVLIFYWHMCP>
#	G	D	E	R	K	N	Q	S	T	A	V	L	I	F	Y	W	H	M	C	P
0	0.73379	0.01302	0.01094	0.01043	0.04474	0.01481	0.00800	0.02047	0.01201	0.06759	0.01042	0.01180	0.00792	0.00633	0.00440	0.00207	0.00534	0.00391	0.00434	0.00764
1	0.01661	0.01257	0.01654	0.10657	0.02104	0.01168	0.04749	0.06513	0.09057	0.10215	0.01557	0.01738	0.01191	0.00732	0.00710	0.04811	0.00615	0.00539	0.00473	0.38600
2	0.00886	0.00683	0.00808	0.00777	0.00963	0.00606	0.00583	0.01143	0.01749	0.02333	0.45343	0.05601	0.33090	0.01505	0.00792	0.00217	0.00326	0.01296	0.00692	0.00606
3	0.00972	0.00821	0.01127	0.21655	0.02019	0.00850	0.00975	0.01240	0.01477	0.01865	0.09920	0.14346	0.30551	0.01452	0.00781	0.00239	0.00529	0.08016	0.00541	0.00625
4	0.02474	0.01762	0.01927	0.01493	0.02002	0.01937	0.01230	0.61676	0.02949	0.08022	0.01683	0.01716	0.01206	0.01081	0.05405	0.00259	0.00797	0.00616	0.00660	0.01106
5	0.00793	0.00680	0.00680	0.00680	0.00906	0.00566	0.00510	0.00963	0.01529	0.01813	0.06797	0.06457	0.71961	0.01699	0.00793	0.00227	0.00340	0.01416	0.00623	0.00566
6	0.01661	0.01594	0.02724	0.04119	0.72233	0.01594	0.02059	0.02059	0.01528	0.02192	0.01262	0.01661	0.01063	0.00598	0.00664	0.00199	0.00797	0.00598	0.00332	0.01063
7	0.00967	0.00652	0.00729	0.00729	0.00740	0.00647	0.00411	0.00975	0.01001	0.01325	0.02331	0.04487	0.05659	0.72959	0.03294	0.00631	0.00636	0.00996	0.00417	0.00414
8	0.02571	0.01846	0.01993	0.01528	0.02064	0.02031	0.01262	0.66981	0.03099	0.07322	0.01658	0.01641	0.01165	0.00807	0.00671	0.00202	0.00731	0.00607	0.00678	0.01141
9	0.01297	0.01077	0.01262	0.00987	0.01456	0.00858	0.00766	0.04219	0.01449	0.02158	0.01987	0.15763	0.05505	0.00878	0.00588	0.00143	0.00478	0.00746	0.00463	0.57922
10	0.01860	0.70114	0.03374	0.01194	0.01754	0.06626	0.01161	0.04382	0.01455	0.01673	0.00962	0.01102	0.00871	0.00589	0.00449	0.00147	0.00746	0.00371	0.00304	0.00866
11	0.01671	0.01838	0.02315	0.01928	0.02298	0.21696	0.23627	0.02015	0.01625	0.01926	0.01958	0.03510	0.01900	0.01062	0.00873	0.00243	0.05669	0.22652	0.00430	0.00764
12	0.01870	0.02120	0.05203	0.02618	0.22964	0.21772	0.16514	0.05305	0.05714	0.02117	0.01404	0.04550	0.01179	0.00722	0.00727	0.00206	0.03062	0.00651	0.00382	0.00920
13	0.00846	0.00682	0.00753	0.00735	0.00939	0.00589	0.00551	0.01065	0.01654	0.02109	0.28748	0.05970	0.49826	0.01589	0.00792	0.00221	0.00332	0.01348	0.00662	0.00589
14	0.00818	0.00584	0.00779	0.00934	0.00973	0.00545	0.00623	0.00934	0.01285	0.01713	0.03698	0.75981	0.04438	0.02102	0.00856	0.00273	0.00389	0.01908	0.00623	0.00545
15	0.02897	0.01108	0.01497	0.01157	0.01653	0.00963	0.00953	0.03159	0.01887	0.68152	0.02617	0.02298	0.01665	0.00827	0.00661	0.00204	0.00554	0.00672	0.05967	0.01108
16	0.00880	0.00671	0.00809	0.00799	0.00966	0.00600	0.00590	0.01123	0.01699	0.02273	0.41439	0.14126	0.28445	0.01572	0.00800	0.00224	0.00333	0.01367	0.00685	0.00600
17	0.01584	0.01810	0.03959	0.02828	0.03507	0.01697	0.69796	0.02149	0.01584	0.02149	0.01357	0.01810	0.01018	0.00566	0.00792	0.00226	0.01131	0.00792	0.00339	0.00905
18	0.01276	0.01204	0.02014	0.71747	0.04502	0.01514	0.01847	0.01710	0.01329	0.01710	0.01180	0.01775	0.00894	0.00692	0.00735	0.00227	0.04006	0.00596	0.00298	0.00745
19	0.02021	0.04658	0.01894	0.07109	0.06892	0.19105	0.01284	0.17837	0.24762	0.02673	0.03810	0.01904	0.01489	0.00796	0.00653	0.00203	0.00787	0.00621	0.00534	0.00968
20	0.01657	0.02285	0.21915	0.01803	0.06000	0.15331	0.07500	0.07498	0.06811	0.02238	0.05199	0.06057	0.03362	0.00875	0.00719	0.00211	0.02570	0.03663	0.00431	0.03875

[dist]
# distance from previous block
# <min> <max>
0	4

[block]
# block no. 5 follows, 32 sequences, length 9
# corresponding to MSA columns:
# 118-126
name=unknown_F
#
# <colnr> <probs for GDERKNQSTAVLIFYWHMCP>
#	G	D	E	R	K	N	Q	S	T	A	V	L	I	F	Y	W	H	M	C	P
0	0.01997	0.01699	0.01572	0.01369	0.01745	0.14929	0.01067	0.13494	0.31322	0.09424	0.07252	0.04779	0.02029	0.00915	0.00673	0.00209	0.00666	0.00733	0.03157	0.00967
1	0.02548	0.01589	0.01798	0.01411	0.01917	0.01688	0.01155	0.39440	0.13598	0.24496	0.02100	0.01955	0.01441	0.00830	0.00674	0.00207	0.00655	0.00650	0.00721	0.01129
2	0.00918	0.00671	0.00862	0.00842	0.00990	0.00615	0.00621	0.01194	0.01783	0.02480	0.56863	0.14853	0.11804	0.01500	0.00800	0.00221	0.00329	0.01326	0.00713	0.00615
3	0.01440	0.18820	0.58415	0.01753	0.02657	0.01788	0.02201	0.02101	0.01405	0.02011	0.01147	0.01345	0.00852	0.00624	0.00594	0.00198	0.00934	0.00467	0.00284	0.00964
4	0.00976	0.00651	0.00732	0.00732	0.00732	0.00651	0.00407	0.00976	0.00976	0.01301	0.02114	0.04391	0.02439	0.76419	0.03415	0.00651	0.00651	0.00976	0.00407	0.00407
5	0.01035	0.00695	0.00872	0.00894	0.01044	0.00637	0.00662	0.01237	0.01539	0.06629	0.21645	0.24049	0.18495	0.08208	0.01047	0.00280	0.00422	0.09355	0.00647	0.00608
6	0.01919	0.02043	0.01535	0.01381	0.01707	0.33103	0.01048	0.04721	0.19508	0.02187	0.06781	0.02097	0.01728	0.03456	0.02911	0.00228	0.00842	0.00619	0.07281	0.04902
7	0.00951	0.00652	0.00794	0.00815	0.00839	0.00666	0.00505	0.01006	0.01034	0.01398	0.02280	0.13910	0.02591	0.54836	0.14309	0.00667	0.00798	0.01062	0.00429	0.00456
8	0.01883	0.02192	0.12033	0.02253	0.14879	0.16700	0.12935	0.14614	0.05574	0.02430	0.01543	0.07018	0.01298	0.00782	0.00686	0.00207	0.00911	0.00687	0.00431	0.00944

[dist]
# distance from previous block
# <min> <max>
2	6

[block]
# block no. 6 follows, 32 sequences, length 8
# corresponding to MSA columns:
# 133-140
name=unknown_G
#
# <colnr> <probs for GDERKNQSTAVLIFYWHMCP>
#	G	D	E	R	K	N	Q	S	T	A	V	L	I	F	Y	W	H	M	C	P
0	0.01318	0.03817	0.06181	0.01400	0.04465	0.10392	0.05663	0.01674	0.05090	0.02008	0.10522	0.27922	0.02983	0.01290	0.00735	0.00221	0.00634	0.04562	0.00517	0.08605
1	0.01442	0.16038	0.02269	0.01478	0.01897	0.01402	0.19081	0.01886	0.07350	0.06824	0.10313	0.10893	0.14203	0.01061	0.00711	0.00212	0.00658	0.00969	0.00513	0.00799
2	0.05003	0.18237	0.17920	0.01545	0.03459	0.14733	0.01456	0.12343	0.01741	0.04067	0.03181	0.06504	0.01306	0.00810	0.00690	0.00197	0.04916	0.00592	0.00410	0.00889
3	0.01337	0.01121	0.01383	0.01608	0.14165	0.05085	0.01052	0.05119	0.05717	0.03763	0.16246	0.04543	0.14807	0.06216	0.00944	0.00259	0.00582	0.14731	0.00572	0.00752
4	0.01198	0.02427	0.44999	0.01694	0.06180	0.01237	0.01847	0.01752	0.01423	0.02019	0.02420	0.14075	0.10539	0.01059	0.00707	0.00228	0.00785	0.04159	0.00399	0.00853
5	0.00983	0.00729	0.00946	0.00945	0.01056	0.00777	0.00681	0.01261	0.05625	0.01731	0.10300	0.10134	0.07417	0.21540	0.32092	0.00692	0.01043	0.00994	0.00475	0.00578
6	0.01832	0.01465	0.01705	0.01421	0.01727	0.01723	0.01157	0.29769	0.11309	0.02899	0.02009	0.02188	0.06459	0.01351	0.07568	0.00305	0.18859	0.00691	0.04650	0.00914
7	0.01480	0.01738	0.08353	0.02554	0.09143	0.01593	0.43910	0.01968	0.01453	0.02028	0.01357	0.01850	0.01086	0.01221	0.10635	0.00342	0.07360	0.00726	0.00333	0.00870

[dist]
# distance from previous block
# <min> <max>
3	7

[block]
# block no. 7 follows, 32 sequences, length 38
# corresponding to MSA columns:
# 148-185
name=unknown_H
#
# <colnr> <probs for GDERKNQSTAVLIFYWHMCP>
#	G	D	E	R	K	N	Q	S	T	A	V	L	I	F	Y	W	H	M	C	P
0	0.01536	0.01390	0.01421	0.01440	0.06181	0.09568	0.01026	0.04509	0.32587	0.02433	0.09452	0.15288	0.02722	0.01147	0.00717	0.00226	0.00584	0.03822	0.03083	0.00868
1	0.00826	0.00656	0.00745	0.00789	0.00952	0.00574	0.00575	0.01001	0.01499	0.01885	0.12843	0.26430	0.43113	0.01785	0.00816	0.00241	0.00361	0.03704	0.00635	0.00569
2	0.00964	0.00800	0.01022	0.01061	0.01167	0.03843	0.02777	0.01130	0.01286	0.01693	0.03264	0.45126	0.09452	0.02606	0.17684	0.00449	0.03107	0.01452	0.00532	0.00586
3	0.81159	0.01298	0.00986	0.00882	0.01298	0.01505	0.00727	0.01972	0.01142	0.03010	0.00934	0.01090	0.00727	0.00623	0.00415	0.00208	0.00519	0.00363	0.00415	0.00727
4	0.00972	0.00664	0.00800	0.00800	0.00823	0.00687	0.00491	0.01019	0.00996	0.01351	0.02052	0.04048	0.02290	0.62463	0.17167	0.00734	0.00875	0.00926	0.00397	0.00444
5	0.00959	0.00712	0.00905	0.00907	0.01069	0.00670	0.00698	0.01285	0.03886	0.02382	0.44258	0.12219	0.14285	0.01543	0.00815	0.00234	0.00379	0.11474	0.00692	0.00627
6	0.01166	0.00583	0.00874	0.00874	0.00874	0.00583	0.00583	0.00874	0.00874	0.01166	0.01166	0.02040	0.01166	0.02331	0.02622	0.80478	0.00583	0.00583	0.00291	0.00291
7	0.01550	0.01235	0.01375	0.01200	0.01537	0.01328	0.00934	0.14412	0.30558	0.02909	0.21426	0.08144	0.03159	0.01075	0.00710	0.00213	0.00497	0.00913	0.00673	0.06152
8	0.10669	0.01684	0.02048	0.04161	0.04337	0.11313	0.08180	0.07480	0.01418	0.02063	0.01108	0.01543	0.00963	0.01214	0.06847	0.00308	0.32941	0.00574	0.00356	0.00791
9	0.15134	0.04304	0.06528	0.01564	0.09594	0.19114	0.01161	0.03525	0.04121	0.04609	0.12884	0.02606	0.08526	0.00910	0.00638	0.00202	0.00722	0.02575	0.00480	0.00802
10	0.01924	0.02127	0.01889	0.24115	0.02775	0.32667	0.01444	0.06451	0.08604	0.01933	0.01301	0.01604	0.01035	0.00883	0.03023	0.00232	0.06255	0.00545	0.00381	0.00810
11	0.01407	0.09354	0.60112	0.01944	0.02869	0.01663	0.09298	0.02118	0.01429	0.02082	0.01198	0.01429	0.00868	0.00625	0.00636	0.00208	0.00983	0.00515	0.00289	0.00972
12	0.00874	0.00668	0.00761	0.00760	0.00939	0.00590	0.00562	0.01096	0.01622	0.02138	0.28369	0.13273	0.38483	0.01581	0.00782	0.00222	0.00336	0.01357	0.04994	0.00590
13	0.01924	0.00885	0.01176	0.01027	0.01339	0.00780	0.00795	0.02150	0.01724	0.37047	0.14980	0.21720	0.08956	0.01315	0.00750	0.00226	0.00463	0.01139	0.00745	0.00857
14	0.00898	0.00631	0.00769	0.00823	0.00873	0.00601	0.00528	0.00997	0.01254	0.01678	0.12194	0.32744	0.08200	0.32560	0.01897	0.00417	0.00484	0.01401	0.00549	0.00501
15	0.00883	0.00684	0.00796	0.00776	0.00959	0.00608	0.00581	0.01119	0.01680	0.02209	0.37064	0.05724	0.36067	0.04763	0.00909	0.00240	0.00351	0.03327	0.00668	0.00592
16	0.01870	0.01510	0.01622	0.01405	0.01811	0.01711	0.01124	0.22168	0.46098	0.03143	0.02482	0.02669	0.01941	0.00959	0.00700	0.00227	0.00597	0.06242	0.00674	0.01048
17	0.02091	0.46109	0.02843	0.01390	0.01869	0.32303	0.01210	0.02289	0.01588	0.01605	0.00976	0.01132	0.00862	0.00623	0.00503	0.00156	0.00923	0.00389	0.00312	0.00826
18	0.01675	0.01492	0.01932	0.01609	0.01856	0.05427	0.07559	0.07987	0.12864	0.06655	0.04857	0.02218	0.05749	0.01176	0.03947	0.00278	0.30685	0.00715	0.00472	0.00847
19	0.73573	0.01354	0.01085	0.00946	0.01373	0.01561	0.00780	0.08536	0.01336	0.03128	0.01000	0.01140	0.00767	0.00640	0.00440	0.00207	0.00540	0.00387	0.00440	0.00767
20	0.00967	0.00699	0.00848	0.00802	0.00995	0.00623	0.00605	0.01234	0.01779	0.04750	0.48249	0.05394	0.27663	0.01461	0.00788	0.00216	0.00333	0.01262	0.00704	0.00628
21	0.01430	0.02971	0.54260	0.02499	0.21350	0.01568	0.02367	0.02107	0.01446	0.02143	0.01220	0.01482	0.00907	0.00627	0.00645	0.00209	0.00940	0.00523	0.00296	0.01011
22	0.00814	0.00617	0.00751	0.00852	0.00953	0.00554	0.00588	0.00954	0.01380	0.01775	0.06801	0.52001	0.25631	0.01953	0.00835	0.00256	0.00372	0.01732	0.00627	0.00554
23	0.01063	0.00693	0.00818	0.00814	0.00884	0.00717	0.00537	0.03405	0.01168	0.01693	0.02177	0.09071	0.02285	0.42207	0.14613	0.00589	0.00768	0.00926	0.15057	0.00514
24	0.01528	0.01441	0.02531	0.11241	0.12743	0.01487	0.24950	0.03710	0.11631	0.04076	0.01922	0.06366	0.01678	0.00890	0.00796	0.00235	0.02967	0.08471	0.00449	0.00886
25	0.00919	0.00681	0.00856	0.00819	0.00985	0.00619	0.00612	0.01204	0.01816	0.02510	0.58615	0.07614	0.17361	0.01451	0.00794	0.00216	0.00323	0.01271	0.00715	0.00619
26	0.01563	0.16373	0.01753	0.01208	0.01529	0.23625	0.03196	0.01766	0.01630	0.01808	0.10240	0.10009	0.20500	0.01134	0.00670	0.00196	0.00711	0.00910	0.00474	0.00706
27	0.01431	0.01079	0.01288	0.00990	0.01465	0.00865	0.00774	0.01753	0.03576	0.08016	0.09534	0.06507	0.01952	0.03997	0.00698	0.00159	0.00484	0.00639	0.00494	0.54303
28	0.01537	0.05900	0.49326	0.02050	0.08456	0.05359	0.06287	0.02281	0.06386	0.04234	0.01349	0.01539	0.00988	0.00655	0.00643	0.00208	0.00940	0.00537	0.00339	0.00985
29	0.01824	0.01628	0.02480	0.05413	0.51639	0.01692	0.01830	0.15437	0.06745	0.02620	0.01432	0.01714	0.01143	0.00663	0.00667	0.00202	0.00770	0.00610	0.00422	0.01069
30	0.09391	0.01433	0.01931	0.36893	0.17153	0.08057	0.01604	0.01880	0.01400	0.01992	0.01233	0.01684	0.00976	0.00687	0.00698	0.00210	0.04507	0.00560	0.06911	0.00800
31	0.01996	0.01743	0.02205	0.01746	0.02211	0.09820	0.17372	0.18234	0.18688	0.07712	0.01905	0.02106	0.01446	0.00802	0.00725	0.00214	0.02414	0.02758	0.04933	0.00972
32	0.00894	0.00650	0.00844	0.00897	0.01001	0.00609	0.00634	0.01139	0.03103	0.02170	0.33785	0.41120	0.07153	0.01743	0.00822	0.00243	0.00359	0.01562	0.00675	0.00596
33	0.01772	0.01578	0.02412	0.15900	0.41638	0.01704	0.01826	0.16516	0.01817	0.02514	0.01305	0.01663	0.01040	0.00685	0.00747	0.00209	0.04673	0.00598	0.00397	0.01007
34	0.04972	0.01339	0.01608	0.01309	0.01718	0.01413	0.02617	0.19321	0.15371	0.23326	0.10561	0.02453	0.02106	0.02497	0.03031	0.00249	0.03698	0.00734	0.00681	0.00997
35	0.01033	0.00791	0.01017	0.00998	0.01164	0.00761	0.02991	0.06820	0.03289	0.02205	0.19802	0.38239	0.14948	0.01682	0.00810	0.00243	0.00422	0.01497	0.00646	0.00642
36	0.01720	0.01707	0.02666	0.03950	0.67282	0.06684	0.02005	0.02103	0.01554	0.02153	0.01246	0.01629	0.01049	0.00604	0.00660	0.00197	0.00826	0.00586	0.00333	0.01043
37	0.02315	0.01981	0.01856	0.01658	0.06874	0.18183	0.01235	0.35022	0.08465	0.06613	0.01653	0.01709	0.01226	0.00773	0.00640	0.00194	0.00788	0.00583	0.07232	0.01003

[dist]
# distance from previous block
# <min> <max>
0	1

[block]
# block no. 8 follows, 32 sequences, length 13
# corresponding to MSA columns:
# 187-199
name=unknown_I
#
# <colnr> <probs for GDERKNQSTAVLIFYWHMCP>
#	G	D	E	R	K	N	Q	S	T	A	V	L	I	F	Y	W	H	M	C	P
0	0.01074	0.00851	0.01121	0.01117	0.01273	0.00867	0.04016	0.03727	0.11339	0.02035	0.07098	0.43870	0.07442	0.03998	0.00927	0.00270	0.02094	0.05604	0.00612	0.00666
1	0.02387	0.02186	0.01859	0.01532	0.01976	0.24423	0.01217	0.40539	0.06469	0.03202	0.01666	0.01709	0.03173	0.00801	0.00647	0.00193	0.00847	0.00583	0.03607	0.00986
2	0.01078	0.00719	0.00870	0.00898	0.01050	0.00664	0.00643	0.03771	0.01475	0.07493	0.06359	0.37326	0.22565	0.08233	0.01039	0.00284	0.00432	0.03859	0.00626	0.00614
3	0.16466	0.01701	0.05034	0.01416	0.01889	0.05540	0.05355	0.24707	0.16985	0.05268	0.04277	0.02053	0.04765	0.00828	0.00639	0.00210	0.00677	0.00652	0.00576	0.00963
4	0.05744	0.00792	0.00953	0.00872	0.01117	0.00724	0.00677	0.01537	0.01749	0.13151	0.37517	0.04854	0.22496	0.01352	0.00758	0.00218	0.00385	0.03707	0.00699	0.00698
5	0.08237	0.02326	0.02177	0.02130	0.13754	0.35973	0.08936	0.05012	0.01755	0.08132	0.01256	0.01462	0.00984	0.00696	0.00704	0.00196	0.04464	0.00529	0.00400	0.00878
6	0.01166	0.00583	0.00874	0.00874	0.00874	0.00583	0.00583	0.00874	0.00874	0.01166	0.01166	0.02040	0.01166	0.02331	0.02622	0.80478	0.00583	0.00583	0.00291	0.00291
7	0.00973	0.00662	0.00789	0.00789	0.00809	0.00682	0.00478	0.01013	0.00993	0.01344	0.02062	0.04100	0.02313	0.64576	0.15085	0.00721	0.00841	0.00933	0.00399	0.00439
8	0.01812	0.01180	0.01376	0.01146	0.01500	0.01209	0.00912	0.21206	0.09824	0.14683	0.28984	0.03415	0.07680	0.01092	0.00726	0.00211	0.00503	0.00915	0.00722	0.00904
9	0.01038	0.00653	0.00919	0.00919	0.00966	0.00700	0.00640	0.01026	0.00979	0.01352	0.01646	0.02850	0.01679	0.21562	0.30701	0.29774	0.01075	0.00733	0.00346	0.00440
10	0.01228	0.00702	0.00795	0.00773	0.00912	0.00763	0.00595	0.01518	0.01334	0.02307	0.02037	0.02441	0.01650	0.01385	0.10492	0.00291	0.06202	0.00635	0.63309	0.00630
11	0.01715	0.01317	0.01524	0.04580	0.01796	0.01232	0.00961	0.18961	0.04362	0.04995	0.01490	0.01654	0.01160	0.00792	0.03206	0.00178	0.00614	0.00508	0.05869	0.43085
12	0.01470	0.06620	0.06887	0.01972	0.06840	0.01454	0.25459	0.04643	0.09227	0.02224	0.04428	0.11934	0.01895	0.00907	0.00722	0.00216	0.00784	0.04017	0.00453	0.07850

[dist]
# distance from previous block
# <min> <max>
0	2

[block]
# block no. 9 follows, 32 sequences, length 9
# corresponding to MSA columns:
# 202-210
name=unknown_J
#
# <colnr> <probs for GDERKNQSTAVLIFYWHMCP>
#	G	D	E	R	K	N	Q	S	T	A	V	L	I	F	Y	W	H	M	C	P
0	0.02337	0.01776	0.01741	0.01407	0.01867	0.11260	0.01133	0.37564	0.09045	0.13436	0.02354	0.02266	0.08954	0.00901	0.00677	0.00204	0.00714	0.00694	0.00647	0.01023
1	0.17258	0.02093	0.01603	0.01671	0.10225	0.35289	0.01144	0.02184	0.01564	0.02048	0.01247	0.01536	0.01042	0.01185	0.09138	0.00287	0.01007	0.00492	0.08219	0.00767
2	0.00855	0.00645	0.00790	0.00857	0.00973	0.00598	0.00610	0.01015	0.01389	0.01802	0.10316	0.34960	0.25005	0.07593	0.05865	0.00336	0.00492	0.04745	0.00599	0.00556
3	0.01751	0.00846	0.01116	0.00996	0.01279	0.00749	0.00764	0.01975	0.01703	0.31320	0.18032	0.23232	0.10680	0.01379	0.00761	0.00228	0.00444	0.01199	0.00733	0.00813
4	0.00824	0.00595	0.00780	0.00916	0.00971	0.00551	0.00618	0.00955	0.01333	0.01775	0.07850	0.68237	0.08034	0.02039	0.00849	0.00267	0.00382	0.01842	0.00630	0.00551
5	0.00828	0.00603	0.00781	0.00901	0.00970	0.00556	0.00613	0.00970	0.01368	0.01818	0.10661	0.62301	0.11175	0.01992	0.00844	0.00262	0.00377	0.01792	0.00634	0.00556
6	0.02248	0.01707	0.01713	0.01582	0.08620	0.14078	0.01143	0.25483	0.02186	0.14332	0.01731	0.01806	0.01267	0.00752	0.00616	0.00185	0.00712	0.00580	0.14879	0.04381
7	0.06155	0.01378	0.01508	0.01250	0.01649	0.01492	0.01001	0.27150	0.18178	0.05456	0.11973	0.02392	0.02142	0.01162	0.05511	0.00259	0.00650	0.00712	0.04045	0.05939
8	0.31386	0.01532	0.01331	0.01188	0.01564	0.10699	0.00932	0.06684	0.19673	0.08304	0.01865	0.08919	0.01552	0.00879	0.00589	0.00214	0.00616	0.00666	0.00545	0.00862

[dist]
# distance from previous block
# <min> <max>
1	3

[block]
# block no. 10 follows, 32 sequences, length 25
# corresponding to MSA columns:
# 214-220,222-239
name=unknown_K
#
# <colnr> <probs for GDERKNQSTAVLIFYWHMCP>
#	G	D	E	R	K	N	Q	S	T	A	V	L	I	F	Y	W	H	M	C	P
0	0.64300	0.01529	0.01257	0.01079	0.01508	0.07554	0.02948	0.08871	0.01421	0.02993	0.01024	0.01174	0.00789	0.00645	0.00468	0.00205	0.00617	0.00406	0.00433	0.00778
1	0.02217	0.02439	0.01868	0.01764	0.07063	0.41479	0.01278	0.14863	0.06553	0.02287	0.04764	0.01795	0.04088	0.00811	0.00706	0.00192	0.03932	0.00578	0.00453	0.00867
2	0.01646	0.01467	0.02177	0.01705	0.02153	0.03595	0.21626	0.11726	0.14231	0.05478	0.02424	0.10992	0.08006	0.00970	0.00768	0.00219	0.02688	0.00896	0.00531	0.06703
3	0.01074	0.00699	0.00943	0.01054	0.01179	0.00662	0.00815	0.01275	0.01438	0.07004	0.03699	0.42280	0.06886	0.01900	0.00867	0.00279	0.00485	0.26207	0.00636	0.00616
4	0.01332	0.01342	0.02531	0.01963	0.02379	0.01319	0.35659	0.01863	0.07740	0.02103	0.06844	0.15381	0.05943	0.01188	0.03057	0.00265	0.04119	0.03707	0.00470	0.00793
5	0.01521	0.01060	0.01285	0.01026	0.01475	0.00867	0.00798	0.01853	0.04794	0.12808	0.03750	0.16942	0.01983	0.00918	0.00614	0.00160	0.00483	0.00786	0.00531	0.46346
6	0.00867	0.00631	0.00798	0.00861	0.00954	0.00583	0.00594	0.01039	0.01467	0.01977	0.24038	0.41006	0.12470	0.08231	0.01050	0.00282	0.00385	0.01567	0.00638	0.00562
7	0.01298	0.01312	0.05871	0.01579	0.01868	0.01304	0.14853	0.07359	0.01486	0.02032	0.02587	0.19096	0.10818	0.01557	0.06182	0.00310	0.15918	0.03365	0.00465	0.00741
8	0.00879	0.00660	0.00779	0.00788	0.00923	0.00599	0.00555	0.01062	0.01523	0.02009	0.27432	0.17857	0.26866	0.13608	0.01223	0.00297	0.00390	0.01364	0.00627	0.00560
9	0.01754	0.01759	0.02284	0.08318	0.41522	0.11872	0.01713	0.02460	0.17136	0.02217	0.01554	0.01795	0.01243	0.00687	0.00660	0.00204	0.00803	0.00610	0.00410	0.00999
10	0.01547	0.01538	0.02253	0.05646	0.07443	0.07452	0.20615	0.01927	0.01498	0.02123	0.01287	0.01598	0.01030	0.00566	0.00610	0.00159	0.00771	0.00551	0.04863	0.36523
11	0.40694	0.01615	0.01727	0.04863	0.13188	0.07078	0.05024	0.13992	0.01649	0.02885	0.01149	0.01353	0.00888	0.00655	0.00547	0.00204	0.00705	0.00483	0.00432	0.00868
12	0.02059	0.02116	0.02132	0.01858	0.06107	0.25148	0.11408	0.16247	0.16049	0.02575	0.06206	0.01916	0.01552	0.00779	0.00677	0.00202	0.00884	0.00647	0.00504	0.00934
13	0.00817	0.00657	0.00729	0.00761	0.00934	0.00569	0.00552	0.00991	0.01512	0.01889	0.13541	0.23319	0.47857	0.01760	0.00808	0.00236	0.00349	0.01513	0.00636	0.00569
14	0.01651	0.01443	0.01610	0.01405	0.01702	0.05355	0.03223	0.15056	0.26409	0.02576	0.02562	0.13883	0.06987	0.01150	0.00936	0.00236	0.11426	0.00915	0.00582	0.00893
15	0.01640	0.01573	0.02686	0.07815	0.68698	0.01589	0.02049	0.02041	0.01518	0.02167	0.01258	0.01667	0.01054	0.00602	0.00665	0.00201	0.00802	0.00598	0.00330	0.01046
16	0.00830	0.00606	0.00776	0.00907	0.00973	0.00560	0.00619	0.00957	0.01317	0.01724	0.04045	0.62038	0.13119	0.04373	0.00931	0.00280	0.00400	0.04382	0.00616	0.00546
17	0.01729	0.01430	0.01698	0.01344	0.01837	0.05057	0.06868	0.06284	0.21868	0.08615	0.01909	0.05122	0.01515	0.00751	0.00623	0.00174	0.00614	0.00641	0.00536	0.31385
18	0.01712	0.01513	0.02553	0.12377	0.58986	0.01538	0.01958	0.02106	0.01534	0.07278	0.01355	0.01722	0.01086	0.00624	0.00666	0.00203	0.00792	0.00603	0.00364	0.01031
19	0.00925	0.00638	0.00775	0.00811	0.00850	0.00617	0.00510	0.01016	0.01232	0.01671	0.15153	0.25213	0.03719	0.41387	0.02202	0.00462	0.00515	0.01288	0.00529	0.00487
20	0.01506	0.29669	0.48146	0.01639	0.02482	0.01950	0.02004	0.02084	0.01398	0.01930	0.01107	0.01295	0.00854	0.00615	0.00564	0.00188	0.00894	0.00447	0.00285	0.00945
21	0.04083	0.00743	0.00903	0.00975	0.01122	0.00728	0.00737	0.01312	0.06722	0.02041	0.12270	0.33920	0.14896	0.01751	0.00823	0.00259	0.00435	0.15028	0.00632	0.00620
22	0.18115	0.18580	0.29222	0.01393	0.02058	0.01707	0.01534	0.04749	0.01414	0.05261	0.01210	0.01408	0.00939	0.00951	0.05878	0.00255	0.00847	0.00463	0.00360	0.03655
23	0.01884	0.01596	0.05529	0.01296	0.01700	0.10493	0.01076	0.14827	0.05490	0.12673	0.05197	0.09677	0.06034	0.00983	0.00761	0.00201	0.05378	0.00775	0.03057	0.11372
24	0.25349	0.15841	0.04894	0.01126	0.01637	0.01624	0.00998	0.10050	0.06120	0.05836	0.01493	0.01666	0.03015	0.00699	0.00525	0.00179	0.00600	0.02040	0.00459	0.15851

[dist]
# distance from previous block
# <min> <max>
2	10

[block]
# block no. 11 follows, 32 sequences, length 24
# corresponding to MSA columns:
# 267-290
name=unknown_L
#
# <colnr> <probs for GDERKNQSTAVLIFYWHMCP>
#	G	D	E	R	K	N	Q	S	T	A	V	L	I	F	Y	W	H	M	C	P
0	0.01131	0.00734	0.00904	0.00838	0.01050	0.00656	0.00632	0.01402	0.01718	0.08000	0.39958	0.10035	0.15808	0.01335	0.00740	0.00207	0.00355	0.01156	0.08541	0.04800
1	0.01681	0.06965	0.01984	0.01511	0.01883	0.05810	0.13050	0.18611	0.01922	0.04834	0.06597	0.15077	0.02342	0.03101	0.02583	0.00256	0.00747	0.08366	0.01853	0.00826
2	0.09261	0.07482	0.52776	0.07198	0.02831	0.01622	0.05672	0.02074	0.01389	0.02150	0.01168	0.01412	0.00850	0.00631	0.00613	0.00209	0.00928	0.00497	0.00301	0.00935
3	0.01546	0.06917	0.02150	0.53909	0.06462	0.01684	0.01715	0.13717	0.01668	0.02163	0.01249	0.01700	0.00941	0.00685	0.00653	0.00213	0.00850	0.00580	0.00364	0.00835
4	0.01771	0.63637	0.03377	0.01669	0.14081	0.02469	0.01308	0.02018	0.01392	0.01686	0.00991	0.01179	0.00896	0.00578	0.00472	0.00153	0.00732	0.00401	0.00295	0.00896
5	0.00928	0.00685	0.00867	0.00822	0.00989	0.00624	0.00616	0.01225	0.01849	0.02570	0.62956	0.05210	0.15330	0.01417	0.00792	0.00213	0.00320	0.01241	0.00723	0.00624
6	0.01717	0.01116	0.01270	0.01130	0.01436	0.01174	0.00853	0.02654	0.33015	0.17837	0.02955	0.07594	0.07349	0.15393	0.01220	0.00306	0.00540	0.00900	0.00655	0.00887
7	0.00823	0.00608	0.00770	0.00884	0.00964	0.00555	0.00604	0.00964	0.01373	0.01803	0.09315	0.58714	0.16211	0.01978	0.00841	0.00260	0.00375	0.01771	0.00632	0.00555
8	0.35362	0.01156	0.01221	0.01041	0.01447	0.01188	0.00837	0.04154	0.03222	0.30223	0.02051	0.11973	0.01650	0.00921	0.00591	0.00217	0.00527	0.00715	0.00620	0.00884
9	0.01281	0.01154	0.01906	0.13604	0.02319	0.01170	0.17987	0.01862	0.10500	0.04002	0.24077	0.03483	0.11715	0.01026	0.00755	0.00221	0.00650	0.00962	0.00548	0.00778
10	0.00855	0.00626	0.00803	0.00878	0.00974	0.00574	0.00613	0.01039	0.01501	0.02023	0.24898	0.46333	0.12738	0.01833	0.00829	0.00248	0.00361	0.01639	0.00658	0.00574
11	0.00999	0.00706	0.01016	0.01016	0.01141	0.00809	0.00788	0.01249	0.01124	0.01688	0.01851	0.02617	0.01683	0.04444	0.63615	0.00951	0.01592	0.00706	0.11403	0.00603
12	0.52057	0.12340	0.01559	0.03832	0.01629	0.13810	0.00936	0.03517	0.01351	0.02555	0.00975	0.01145	0.00784	0.00633	0.00464	0.00193	0.00682	0.00388	0.00386	0.00764
13	0.01582	0.01271	0.03657	0.01678	0.10590	0.01211	0.09239	0.03922	0.17192	0.12119	0.12055	0.03417	0.15932	0.01039	0.00731	0.00219	0.00595	0.02056	0.00602	0.00895
14	0.01686	0.01310	0.01396	0.01138	0.01598	0.08110	0.00904	0.02055	0.05974	0.12684	0.01919	0.08129	0.01697	0.00850	0.00616	0.00165	0.00584	0.07005	0.00515	0.41666
15	0.01927	0.01018	0.01410	0.19128	0.02140	0.01052	0.01057	0.06651	0.01608	0.26080	0.01920	0.02129	0.01382	0.00987	0.00900	0.11311	0.00609	0.00628	0.17245	0.00818
16	0.00904	0.00674	0.00738	0.00722	0.00918	0.00595	0.00542	0.01138	0.01625	0.02174	0.25888	0.05472	0.42343	0.01473	0.00748	0.00212	0.00329	0.01245	0.11665	0.00595
17	0.01144	0.00701	0.00888	0.00923	0.01080	0.00633	0.00671	0.01310	0.01462	0.11613	0.07541	0.40717	0.18577	0.04232	0.00903	0.00265	0.00423	0.05631	0.00650	0.00637
18	0.00863	0.00656	0.00766	0.00797	0.00931	0.00591	0.00564	0.01031	0.01471	0.01904	0.18663	0.22933	0.30843	0.11820	0.01166	0.00294	0.00396	0.03139	0.00617	0.00555
19	0.00876	0.00620	0.00811	0.00922	0.00978	0.00589	0.00633	0.01016	0.01332	0.01790	0.11047	0.52375	0.04323	0.12286	0.01209	0.00321	0.00437	0.07287	0.00605	0.00542
20	0.01638	0.01785	0.02406	0.38492	0.11167	0.17419	0.13667	0.02040	0.01527	0.01826	0.01195	0.01651	0.00928	0.00649	0.00677	0.00210	0.00995	0.00595	0.00320	0.00815
21	0.01508	0.01299	0.01854	0.01563	0.01740	0.01593	0.05683	0.05262	0.03231	0.06269	0.01450	0.06309	0.01336	0.01711	0.13058	0.00388	0.38561	0.00701	0.00398	0.06087
22	0.07709	0.01721	0.02619	0.07403	0.02696	0.11554	0.31970	0.04410	0.01616	0.08699	0.01552	0.06305	0.01265	0.00887	0.03427	0.00245	0.00969	0.00730	0.00420	0.03802
23	0.06760	0.01625	0.01778	0.01387	0.01895	0.06935	0.05285	0.21623	0.11663	0.04108	0.01528	0.01621	0.01168	0.00692	0.00639	0.00173	0.02483	0.00541	0.00514	0.27580

[dist]
# distance from previous block
# <min> <max>
1	8

[block]
# block no. 12 follows, 32 sequences, length 14
# corresponding to MSA columns:
# 375-388
name=unknown_M
#
# <colnr> <probs for GDERKNQSTAVLIFYWHMCP>
#	G	D	E	R	K	N	Q	S	T	A	V	L	I	F	Y	W	H	M	C	P
0	0.36514	0.01313	0.01629	0.05999	0.01922	0.01385	0.11093	0.05325	0.04254	0.08904	0.04020	0.06148	0.01385	0.00764	0.00580	0.00208	0.00633	0.00624	0.00480	0.06820
1	0.07914	0.01549	0.05391	0.01585	0.02083	0.04283	0.15341	0.06541	0.15237	0.10406	0.01968	0.05238	0.01608	0.00838	0.00676	0.00209	0.00717	0.05654	0.00526	0.12236
2	0.02342	0.01127	0.01423	0.01176	0.01589	0.01074	0.00949	0.05780	0.12660	0.43508	0.05391	0.03087	0.04827	0.05819	0.00880	0.00247	0.00562	0.05812	0.00746	0.01001
3	0.01352	0.02931	0.56934	0.01758	0.02576	0.01458	0.04067	0.05081	0.01439	0.02109	0.01352	0.01818	0.01078	0.09394	0.03579	0.00293	0.00974	0.00572	0.00319	0.00916
4	0.00933	0.00685	0.00873	0.00826	0.00992	0.00626	0.00620	0.01233	0.01859	0.02596	0.64851	0.05168	0.13418	0.01407	0.00792	0.00213	0.00319	0.01235	0.00726	0.00626
5	0.01072	0.01114	0.09350	0.01148	0.01389	0.00940	0.03713	0.01306	0.01341	0.01861	0.12632	0.06726	0.17220	0.02121	0.14855	0.10023	0.08307	0.00936	0.03316	0.00629
6	0.00880	0.00672	0.00808	0.00798	0.00966	0.00600	0.00590	0.01122	0.01698	0.02272	0.41332	0.14028	0.28654	0.01572	0.00800	0.00224	0.00333	0.01366	0.00685	0.00600
7	0.01088	0.00902	0.01326	0.06273	0.01544	0.01110	0.01035	0.01332	0.01165	0.01678	0.06151	0.02773	0.01885	0.03550	0.45692	0.00764	0.16237	0.04476	0.00381	0.00639
8	0.01522	0.01258	0.01380	0.01240	0.01583	0.01361	0.00951	0.08428	0.41368	0.02611	0.02666	0.18624	0.02375	0.01117	0.00698	0.00220	0.00513	0.00957	0.00634	0.10493
9	0.00846	0.00645	0.00780	0.00842	0.00974	0.00579	0.00606	0.01027	0.01497	0.01944	0.17505	0.35349	0.28366	0.01814	0.00825	0.00247	0.00369	0.04571	0.00644	0.00572
10	0.01787	0.01761	0.01772	0.01504	0.01766	0.17614	0.04375	0.16595	0.01792	0.02229	0.02162	0.04654	0.12012	0.05642	0.01265	0.00254	0.20814	0.00756	0.00457	0.00789
11	0.36684	0.01574	0.01903	0.02531	0.36215	0.06510	0.01421	0.02064	0.01384	0.02514	0.01102	0.01379	0.00901	0.00615	0.00551	0.00201	0.00703	0.00483	0.00370	0.00895
12	0.06578	0.01051	0.01333	0.01301	0.05781	0.00966	0.00994	0.04722	0.01563	0.09909	0.02386	0.09918	0.02344	0.01166	0.00708	0.00216	0.00568	0.23897	0.00549	0.24050
13	0.28750	0.01330	0.01253	0.01140	0.01482	0.06280	0.00903	0.08419	0.12907	0.08384	0.04938	0.12065	0.02044	0.01035	0.00632	0.00225	0.00575	0.06248	0.00569	0.00820

[dist]
# distance from previous block
# <min> <max>
0	3

[block]
# block no. 13 follows, 32 sequences, length 44
# corresponding to MSA columns:
# 392-435
name=unknown_N
#
# <colnr> <probs for GDERKNQSTAVLIFYWHMCP>
#	G	D	E	R	K	N	Q	S	T	A	V	L	I	F	Y	W	H	M	C	P
0	0.01532	0.01342	0.02209	0.20500	0.36978	0.01418	0.03125	0.01906	0.01513	0.06500	0.06891	0.02277	0.05921	0.00783	0.00756	0.00213	0.04122	0.00703	0.00402	0.00909
1	0.01482	0.01377	0.02304	0.11921	0.50620	0.01412	0.01785	0.01867	0.01530	0.02161	0.09740	0.02276	0.01772	0.00933	0.04001	0.00246	0.00792	0.02456	0.00385	0.00941
2	0.02007	0.01565	0.01813	0.03789	0.01992	0.01736	0.05445	0.33559	0.25590	0.03346	0.02023	0.02029	0.01495	0.00819	0.00660	0.00207	0.00651	0.00670	0.09574	0.01029
3	0.01595	0.01688	0.02146	0.01818	0.01897	0.10335	0.05329	0.01768	0.01160	0.01648	0.00926	0.01458	0.00887	0.01084	0.01937	0.00276	0.62416	0.00581	0.00302	0.00749
4	0.00896	0.00687	0.00823	0.00799	0.00982	0.00614	0.00605	0.01157	0.01745	0.02331	0.44513	0.05663	0.30948	0.01515	0.00798	0.00221	0.00338	0.04066	0.00690	0.00607
5	0.00818	0.00584	0.00779	0.00934	0.00973	0.00545	0.00623	0.00934	0.01285	0.01713	0.03698	0.75981	0.04438	0.02102	0.00856	0.00273	0.00389	0.01908	0.00623	0.00545
6	0.01447	0.01384	0.02373	0.42048	0.34182	0.01541	0.03670	0.01876	0.01429	0.01934	0.01227	0.01733	0.00971	0.00636	0.00671	0.00213	0.00858	0.00602	0.00314	0.00888
