[name]
unknown

[dist]
# distance from previous block
# <min> <max>
0	145

[block]
# block no. 0 follows, 28 sequences, length 51
# corresponding to MSA columns:
# 146-156,164,172-210
name=unknown_A
#
# <colnr> <probs for GDERKNQSTAVLIFYWHMCP>
#	G	D	E	R	K	N	Q	S	T	A	V	L	I	F	Y	W	H	M	C	P
0	0.01411	0.01089	0.01452	0.01658	0.08652	0.01123	0.01239	0.08071	0.07593	0.02471	0.03484	0.10698	0.06451	0.01680	0.00914	0.00297	0.00664	0.39598	0.00649	0.00808
1	0.01109	0.00845	0.01177	0.01282	0.08224	0.00794	0.00846	0.01461	0.02016	0.02859	0.62467	0.05053	0.06267	0.01399	0.00843	0.00227	0.00397	0.01245	0.00755	0.00734
2	0.01494	0.03532	0.63528	0.02010	0.03016	0.01701	0.02527	0.02464	0.08490	0.02379	0.01476	0.01657	0.01055	0.00721	0.00696	0.00232	0.01023	0.00567	0.00352	0.01082
3	0.05335	0.02614	0.02309	0.01877	0.02382	0.31663	0.08204	0.30960	0.02587	0.03109	0.01427	0.01563	0.01079	0.00786	0.00700	0.00208	0.01053	0.00587	0.00530	0.01026
4	0.04903	0.00714	0.00707	0.00702	0.00867	0.00724	0.00514	0.01648	0.01463	0.02600	0.02301	0.02852	0.01895	0.08472	0.00836	0.00227	0.00387	0.00704	0.66826	0.00658
5	0.01135	0.00794	0.00881	0.00864	0.00907	0.00819	0.00514	0.01348	0.08062	0.01579	0.02360	0.04545	0.02599	0.66835	0.03393	0.00657	0.00691	0.01033	0.00471	0.00514
6	0.71442	0.01337	0.01058	0.00952	0.01373	0.01533	0.00777	0.02057	0.01322	0.03225	0.08118	0.01621	0.01417	0.00759	0.00492	0.00225	0.00540	0.00489	0.00486	0.00777
7	0.05634	0.01883	0.01954	0.01563	0.02067	0.05190	0.01265	0.50219	0.05448	0.06527	0.02009	0.09257	0.01633	0.01010	0.00734	0.00226	0.00759	0.00791	0.00701	0.01130
8	0.02778	0.02152	0.02149	0.01678	0.02237	0.09391	0.01371	0.58230	0.03223	0.06934	0.01726	0.01729	0.01228	0.00861	0.00720	0.00215	0.00846	0.00638	0.00698	0.01195
9	0.71478	0.01394	0.01184	0.08396	0.01779	0.01629	0.00915	0.02108	0.01260	0.03116	0.01041	0.01259	0.00806	0.00680	0.00479	0.00227	0.00604	0.00420	0.00437	0.00789
10	0.01583	0.01818	0.08210	0.09804	0.03366	0.01625	0.42347	0.04408	0.01793	0.02456	0.12904	0.02504	0.02049	0.00786	0.00828	0.00240	0.01025	0.00883	0.00444	0.00929
11	0.01564	0.01365	0.01730	0.01239	0.01890	0.01074	0.05652	0.04046	0.01586	0.02439	0.01320	0.01548	0.01084	0.00555	0.00568	0.00121	0.00596	0.00469	0.00436	0.70720
12	0.00886	0.00633	0.00843	0.01012	0.01054	0.00590	0.00675	0.01012	0.01392	0.01856	0.04006	0.73979	0.04808	0.02277	0.00928	0.00295	0.00422	0.02066	0.00675	0.00590
13	0.07639	0.01287	0.04719	0.01265	0.01772	0.01079	0.01069	0.03054	0.01887	0.53459	0.02711	0.07586	0.01944	0.03869	0.03005	0.00277	0.00666	0.00811	0.00795	0.01107
14	0.01078	0.01260	0.12936	0.01106	0.01439	0.00850	0.01027	0.01476	0.01872	0.02607	0.44122	0.07647	0.14710	0.01448	0.00837	0.00237	0.00487	0.03435	0.00688	0.00738
15	0.01714	0.01527	0.02170	0.01565	0.02221	0.01316	0.14645	0.10489	0.01799	0.02649	0.01388	0.01632	0.01103	0.00597	0.00629	0.00150	0.00714	0.00548	0.00456	0.52688
16	0.79588	0.01406	0.01068	0.00956	0.01406	0.01631	0.00787	0.02137	0.01237	0.03261	0.01012	0.01181	0.00787	0.00675	0.00450	0.00225	0.00562	0.00394	0.00450	0.00787
17	0.01373	0.01292	0.02180	0.72707	0.05006	0.01615	0.02019	0.01857	0.01453	0.01857	0.01292	0.01938	0.00969	0.00727	0.00727	0.00242	0.00969	0.00646	0.00323	0.00807
18	0.01029	0.00743	0.00972	0.00914	0.01086	0.00686	0.00686	0.01372	0.02058	0.02915	0.69536	0.05430	0.06859	0.01486	0.00857	0.00229	0.00343	0.01315	0.00800	0.00686
19	0.00886	0.00633	0.00843	0.01012	0.01054	0.00590	0.00675	0.01012	0.01392	0.01856	0.04006	0.73979	0.04808	0.02277	0.00928	0.00295	0.00422	0.02066	0.00675	0.00590
20	0.01029	0.00743	0.00972	0.00914	0.01086	0.00686	0.00686	0.01372	0.02058	0.02915	0.69536	0.05430	0.06859	0.01486	0.00857	0.00229	0.00343	0.01315	0.00800	0.00686
21	0.79588	0.01406	0.01068	0.00956	0.01406	0.01631	0.00787	0.02137	0.01237	0.03261	0.01012	0.01181	0.00787	0.00675	0.00450	0.00225	0.00562	0.00394	0.00450	0.00787
22	0.01458	0.03760	0.70688	0.02072	0.03146	0.01688	0.02686	0.02302	0.01535	0.02302	0.01304	0.01535	0.00921	0.00691	0.00691	0.00230	0.01074	0.00537	0.00307	0.01074
23	0.79588	0.01406	0.01068	0.00956	0.01406	0.01631	0.00787	0.02137	0.01237	0.03261	0.01012	0.01181	0.00787	0.00675	0.00450	0.00225	0.00562	0.00394	0.00450	0.00787
24	0.01029	0.00743	0.00972	0.00914	0.01086	0.00686	0.00686	0.01372	0.02058	0.02915	0.69536	0.05430	0.06859	0.01486	0.00857	0.00229	0.00343	0.01315	0.00800	0.00686
25	0.00886	0.00633	0.00843	0.01012	0.01054	0.00590	0.00675	0.01012	0.01392	0.01856	0.04006	0.73979	0.04808	0.02277	0.00928	0.00295	0.00422	0.02066	0.00675	0.00590
26	0.01772	0.01524	0.01613	0.01453	0.01853	0.01756	0.01129	0.03748	0.65538	0.03035	0.06028	0.02837	0.02433	0.01009	0.00745	0.00246	0.00565	0.00845	0.00742	0.01129
27	0.01799	0.01727	0.02950	0.04462	0.69919	0.01727	0.02231	0.02231	0.01655	0.02375	0.01367	0.01799	0.01151	0.00648	0.00720	0.00216	0.00864	0.00648	0.00360	0.01151
28	0.01159	0.00833	0.01154	0.01315	0.01486	0.00828	0.01147	0.01488	0.01673	0.02167	0.03985	0.08153	0.06729	0.02002	0.00998	0.00331	0.00658	0.62557	0.00670	0.00667
29	0.01355	0.00678	0.00678	0.00678	0.00847	0.00678	0.00508	0.01694	0.01524	0.02710	0.02371	0.02710	0.01863	0.00847	0.00508	0.00169	0.00339	0.00678	0.78489	0.00678
30	0.01373	0.01292	0.02180	0.72707	0.05006	0.01615	0.02019	0.01857	0.01453	0.01857	0.01292	0.01938	0.00969	0.00727	0.00727	0.00242	0.00969	0.00646	0.00323	0.00807
31	0.01799	0.01727	0.02950	0.04462	0.69919	0.01727	0.02231	0.02231	0.01655	0.02375	0.01367	0.01799	0.01151	0.00648	0.00720	0.00216	0.00864	0.00648	0.00360	0.01151
32	0.01653	0.01578	0.02687	0.27779	0.47741	0.01689	0.02158	0.02103	0.01586	0.02198	0.01342	0.01847	0.01089	0.00675	0.00722	0.00225	0.00900	0.00647	0.00347	0.01034
33	0.01621	0.01288	0.01519	0.01091	0.01731	0.00975	0.00875	0.01941	0.01545	0.06787	0.01394	0.01570	0.01124	0.00562	0.00551	0.00115	0.00544	0.00450	0.00461	0.73856
34	0.01799	0.01727	0.02950	0.04462	0.69919	0.01727	0.02231	0.02231	0.01655	0.02375	0.01367	0.01799	0.01151	0.00648	0.00720	0.00216	0.00864	0.00648	0.00360	0.01151
35	0.02366	0.01418	0.01695	0.01285	0.01872	0.01285	0.01045	0.13645	0.07169	0.27024	0.02057	0.01984	0.01448	0.00758	0.00654	0.00179	0.00614	0.00605	0.00671	0.32225
36	0.01373	0.01292	0.02180	0.72707	0.05006	0.01615	0.02019	0.01857	0.01453	0.01857	0.01292	0.01938	0.00969	0.00727	0.00727	0.00242	0.00969	0.00646	0.00323	0.00807
37	0.01716	0.01961	0.04289	0.03064	0.03799	0.01838	0.67279	0.02328	0.01716	0.02328	0.01471	0.01961	0.01103	0.00613	0.00858	0.00245	0.01225	0.00858	0.00368	0.00980
38	0.01057	0.00705	0.00793	0.00793	0.00793	0.00705	0.00440	0.01057	0.01057	0.01409	0.02290	0.04757	0.02643	0.74454	0.03700	0.00705	0.00705	0.01057	0.00440	0.00440
39	0.01056	0.00707	0.00806	0.00806	0.00811	0.00712	0.00457	0.01066	0.01061	0.01420	0.02278	0.04688	0.02613	0.71945	0.06168	0.00722	0.00750	0.01047	0.00439	0.00448
40	0.00886	0.00633	0.00843	0.01012	0.01054	0.00590	0.00675	0.01012	0.01392	0.01856	0.04006	0.73979	0.04808	0.02277	0.00928	0.00295	0.00422	0.02066	0.00675	0.00590
41	0.01057	0.00705	0.00793	0.00793	0.00793	0.00705	0.00440	0.01057	0.01057	0.01409	0.02290	0.04757	0.02643	0.74454	0.03700	0.00705	0.00705	0.01057	0.00440	0.00440
42	0.02715	0.03464	0.02060	0.01873	0.02247	0.71536	0.01404	0.02903	0.02060	0.01779	0.01124	0.01311	0.00936	0.00749	0.00655	0.00187	0.01311	0.00468	0.00375	0.00843
43	0.01943	0.74891	0.03809	0.01244	0.01866	0.02876	0.01244	0.02177	0.01477	0.01710	0.01011	0.01166	0.00933	0.00622	0.00466	0.00155	0.00777	0.00389	0.00311	0.00933
44	0.00859	0.00736	0.00736	0.00736	0.00982	0.00614	0.00552	0.01043	0.01657	0.01964	0.07364	0.06996	0.69624	0.01841	0.00859	0.00245	0.00368	0.01534	0.00675	0.00614
45	0.00892	0.00635	0.00842	0.01004	0.01044	0.00595	0.00666	0.01014	0.01379	0.01839	0.03942	0.71372	0.04726	0.04996	0.01032	0.00311	0.00432	0.02028	0.00666	0.00585
46	0.01029	0.00743	0.00972	0.00914	0.01086	0.00686	0.00686	0.01372	0.02058	0.02915	0.69536	0.05430	0.06859	0.01486	0.00857	0.00229	0.00343	0.01315	0.00800	0.00686
47	0.01038	0.00779	0.01168	0.01168	0.01298	0.00909	0.00909	0.01298	0.01168	0.01687	0.01947	0.02856	0.01817	0.05452	0.71573	0.01168	0.01947	0.00779	0.00389	0.00649
48	0.79588	0.01406	0.01068	0.00956	0.01406	0.01631	0.00787	0.02137	0.01237	0.03261	0.01012	0.01181	0.00787	0.00675	0.00450	0.00225	0.00562	0.00394	0.00450	0.00787
49	0.02715	0.03464	0.02060	0.01873	0.02247	0.71536	0.01404	0.02903	0.02060	0.01779	0.01124	0.01311	0.00936	0.00749	0.00655	0.00187	0.01311	0.00468	0.00375	0.00843
50	0.00867	0.00737	0.00747	0.00745	0.00987	0.00617	0.00558	0.01058	0.01675	0.02007	0.10208	0.06924	0.66753	0.01825	0.00859	0.00245	0.00367	0.01524	0.00681	0.00617

[dist]
# distance from previous block
# <min> <max>
0	6

[block]
# block no. 1 follows, 28 sequences, length 63
# corresponding to MSA columns:
# 217-228,233-242,249-289
name=unknown_B
#
# <colnr> <probs for GDERKNQSTAVLIFYWHMCP>
#	G	D	E	R	K	N	Q	S	T	A	V	L	I	F	Y	W	H	M	C	P
0	0.01038	0.00779	0.01168	0.01168	0.01298	0.00909	0.00909	0.01298	0.01168	0.01687	0.01947	0.02856	0.01817	0.05452	0.71573	0.01168	0.01947	0.00779	0.00389	0.00649
1	0.02715	0.03464	0.02060	0.01873	0.02247	0.71536	0.01404	0.02903	0.02060	0.01779	0.01124	0.01311	0.00936	0.00749	0.00655	0.00187	0.01311	0.00468	0.00375	0.00843
2	0.01799	0.01727	0.02950	0.04462	0.69919	0.01727	0.02231	0.02231	0.01655	0.02375	0.01367	0.01799	0.01151	0.00648	0.00720	0.00216	0.00864	0.00648	0.00360	0.01151
3	0.01716	0.01961	0.04289	0.03064	0.03799	0.01838	0.67279	0.02328	0.01716	0.02328	0.01471	0.01961	0.01103	0.00613	0.00858	0.00245	0.01225	0.00858	0.00368	0.00980
4	0.01590	0.01590	0.02226	0.01908	0.01908	0.02226	0.01590	0.01749	0.01113	0.01749	0.00954	0.01590	0.00954	0.01272	0.02385	0.00318	0.73123	0.00636	0.00318	0.00795
5	0.00868	0.00726	0.00756	0.00772	0.00993	0.00614	0.00570	0.01052	0.01643	0.01986	0.09203	0.14017	0.60562	0.01875	0.00866	0.00250	0.00373	0.01583	0.00679	0.00614
6	0.00928	0.00759	0.00832	0.00869	0.01098	0.00663	0.00689	0.01145	0.01660	0.02010	0.06587	0.07262	0.55166	0.01878	0.00891	0.00265	0.00435	0.15562	0.00674	0.00626
7	0.01507	0.01292	0.01507	0.01077	0.01723	0.00969	0.00861	0.01830	0.01507	0.02369	0.01292	0.01507	0.01077	0.00538	0.00538	0.00108	0.00538	0.00431	0.00431	0.78898
8	0.00886	0.00633	0.00843	0.01012	0.01054	0.00590	0.00675	0.01012	0.01392	0.01856	0.04006	0.73979	0.04808	0.02277	0.00928	0.00295	0.00422	0.02066	0.00675	0.00590
9	0.01458	0.03760	0.70688	0.02072	0.03146	0.01688	0.02686	0.02302	0.01535	0.02302	0.01304	0.01535	0.00921	0.00691	0.00691	0.00230	0.01074	0.00537	0.00307	0.01074
10	0.01553	0.03519	0.63234	0.02050	0.03068	0.01672	0.04618	0.02411	0.04005	0.05122	0.01434	0.01630	0.01010	0.00707	0.00699	0.00231	0.01042	0.00566	0.00349	0.01081
11	0.01029	0.00743	0.00972	0.00914	0.01086	0.00686	0.00686	0.01372	0.02058	0.02915	0.69536	0.05430	0.06859	0.01486	0.00857	0.00229	0.00343	0.01315	0.00800	0.00686
12	0.02000	0.01828	0.02969	0.03649	0.45677	0.01859	0.11186	0.16664	0.02053	0.02856	0.01465	0.01810	0.01163	0.00692	0.00741	0.00220	0.00900	0.00679	0.00442	0.01146
13	0.00886	0.00633	0.00843	0.01012	0.01054	0.00590	0.00675	0.01012	0.01392	0.01856	0.04006	0.73979	0.04808	0.02277	0.00928	0.00295	0.00422	0.02066	0.00675	0.00590
14	0.01494	0.03507	0.61355	0.02211	0.03238	0.01709	0.11764	0.02306	0.01560	0.02306	0.01328	0.01595	0.00946	0.00680	0.00714	0.00232	0.01096	0.00582	0.00315	0.01061
15	0.02694	0.06441	0.02180	0.01608	0.02162	0.07453	0.01325	0.47236	0.07753	0.11038	0.01859	0.01823	0.01325	0.00859	0.00707	0.00215	0.00802	0.00644	0.00694	0.01182
16	0.00879	0.00660	0.00815	0.00940	0.01035	0.00597	0.00643	0.01020	0.01461	0.01884	0.04888	0.56393	0.21826	0.02163	0.00910	0.00282	0.00408	0.01927	0.00675	0.00597
17	0.02091	0.10119	0.29250	0.02047	0.12131	0.01617	0.01885	0.02665	0.03744	0.21904	0.01783	0.01839	0.01254	0.00741	0.00678	0.00215	0.00846	0.00598	0.00504	0.04090
18	0.01943	0.74891	0.03809	0.01244	0.01866	0.02876	0.01244	0.02177	0.01477	0.01710	0.01011	0.01166	0.00933	0.00622	0.00466	0.00155	0.00777	0.00389	0.00311	0.00933
19	0.01882	0.28722	0.21741	0.01552	0.02193	0.15098	0.01595	0.02418	0.06395	0.02087	0.01393	0.01566	0.01118	0.00714	0.00588	0.00190	0.00901	0.00506	0.08398	0.00945
20	0.47510	0.01733	0.01674	0.01362	0.01868	0.10085	0.08745	0.04979	0.01521	0.02909	0.01148	0.01356	0.00900	0.00667	0.00546	0.00207	0.00738	0.00473	0.00440	0.11138
21	0.01763	0.01851	0.03750	0.02731	0.03360	0.01822	0.52265	0.02364	0.04510	0.05129	0.01529	0.01959	0.01162	0.00712	0.01009	0.00248	0.09226	0.00813	0.00402	0.03395
22	0.01168	0.00925	0.01159	0.01150	0.01292	0.03861	0.00865	0.01518	0.06029	0.01805	0.02164	0.07314	0.02085	0.12289	0.49026	0.00919	0.01531	0.00875	0.03356	0.00667
23	0.01419	0.01365	0.02382	0.64106	0.07859	0.01638	0.07184	0.01911	0.01483	0.01918	0.01310	0.01933	0.00988	0.00714	0.00737	0.00241	0.00984	0.00663	0.00328	0.00837
24	0.02715	0.03464	0.02060	0.01873	0.02247	0.71536	0.01404	0.02903	0.02060	0.01779	0.01124	0.01311	0.00936	0.00749	0.00655	0.00187	0.01311	0.00468	0.00375	0.00843
25	0.79588	0.01406	0.01068	0.00956	0.01406	0.01631	0.00787	0.02137	0.01237	0.03261	0.01012	0.01181	0.00787	0.00675	0.00450	0.00225	0.00562	0.00394	0.00450	0.00787
26	0.01263	0.00631	0.00947	0.00947	0.00947	0.00631	0.00631	0.00947	0.00947	0.01263	0.01263	0.02210	0.01263	0.02525	0.02841	0.78851	0.00631	0.00631	0.00316	0.00316
27	0.00910	0.00654	0.00887	0.01027	0.01084	0.00632	0.00703	0.01061	0.01393	0.01879	0.06449	0.62776	0.04539	0.02620	0.09263	0.00396	0.00599	0.01884	0.00646	0.00601
28	0.00859	0.00736	0.00736	0.00736	0.00982	0.00614	0.00552	0.01043	0.01657	0.01964	0.07364	0.06996	0.69624	0.01841	0.00859	0.00245	0.00368	0.01534	0.00675	0.00614
29	0.01508	0.01371	0.02280	0.43703	0.25458	0.01559	0.01939	0.01961	0.01525	0.02107	0.01422	0.01969	0.01115	0.00713	0.00703	0.00227	0.00873	0.00650	0.08010	0.00905
30	0.01808	0.01561	0.01644	0.01479	0.01890	0.01808	0.01151	0.03863	0.68606	0.03041	0.02959	0.02712	0.02219	0.00986	0.00740	0.00247	0.00575	0.00822	0.00740	0.01151
31	0.02141	0.01237	0.01492	0.01269	0.01670	0.01252	0.01002	0.05659	0.24037	0.26852	0.19232	0.05447	0.03248	0.01113	0.00771	0.00235	0.00538	0.00942	0.00809	0.01053
32	0.02126	0.01704	0.01818	0.01543	0.02006	0.01932	0.01234	0.26515	0.42842	0.03559	0.02558	0.02569	0.01940	0.00983	0.00745	0.00240	0.00659	0.03130	0.00733	0.01163
33	0.01799	0.01727	0.02950	0.04462	0.69919	0.01727	0.02231	0.02231	0.01655	0.02375	0.01367	0.01799	0.01151	0.00648	0.00720	0.00216	0.00864	0.00648	0.00360	0.01151
34	0.02763	0.02036	0.02182	0.01672	0.02254	0.02254	0.01382	0.67496	0.03418	0.04581	0.01745	0.01745	0.01236	0.00873	0.00727	0.00218	0.00800	0.00654	0.00727	0.01236
35	0.01057	0.00705	0.00793	0.00793	0.00793	0.00705	0.00440	0.01057	0.01057	0.01409	0.02290	0.04757	0.02643	0.74454	0.03700	0.00705	0.00705	0.01057	0.00440	0.00440
36	0.02758	0.01128	0.01515	0.01199	0.01679	0.00979	0.00976	0.03043	0.02051	0.55451	0.13831	0.03222	0.06719	0.01051	0.00759	0.00227	0.00559	0.00873	0.00870	0.01111
37	0.01029	0.00743	0.00972	0.00914	0.01086	0.00686	0.00686	0.01372	0.02058	0.02915	0.69536	0.05430	0.06859	0.01486	0.00857	0.00229	0.00343	0.01315	0.00800	0.00686
38	0.01079	0.00799	0.01162	0.01150	0.01272	0.00935	0.00890	0.01328	0.01183	0.01740	0.01951	0.02881	0.01823	0.07962	0.61821	0.01057	0.04422	0.00779	0.05120	0.00647
39	0.03261	0.01237	0.01687	0.01293	0.01856	0.01068	0.01068	0.03543	0.02081	0.70423	0.02868	0.02474	0.01799	0.00900	0.00731	0.00225	0.00619	0.00731	0.00900	0.01237
40	0.03261	0.01237	0.01687	0.01293	0.01856	0.01068	0.01068	0.03543	0.02081	0.70423	0.02868	0.02474	0.01799	0.00900	0.00731	0.00225	0.00619	0.00731	0.00900	0.01237
41	0.01808	0.01561	0.01644	0.01479	0.01890	0.01808	0.01151	0.03863	0.68606	0.03041	0.02959	0.02712	0.02219	0.00986	0.00740	0.00247	0.00575	0.00822	0.00740	0.01151
42	0.02809	0.01733	0.06222	0.01595	0.02210	0.01589	0.05858	0.26669	0.02492	0.35449	0.02218	0.02086	0.01470	0.00846	0.00730	0.00221	0.00752	0.00691	0.00749	0.03612
43	0.01746	0.01496	0.01590	0.01434	0.01826	0.01718	0.01113	0.03664	0.63293	0.03031	0.08274	0.02929	0.02589	0.01026	0.00749	0.00245	0.00557	0.00861	0.00744	0.01113
44	0.01458	0.03760	0.70688	0.02072	0.03146	0.01688	0.02686	0.02302	0.01535	0.02302	0.01304	0.01535	0.00921	0.00691	0.00691	0.00230	0.01074	0.00537	0.00307	0.01074
45	0.01799	0.01727	0.02950	0.04462	0.69919	0.01727	0.02231	0.02231	0.01655	0.02375	0.01367	0.01799	0.01151	0.00648	0.00720	0.00216	0.00864	0.00648	0.00360	0.01151
46	0.05226	0.02091	0.10753	0.02908	0.07559	0.01821	0.51280	0.02289	0.01649	0.02349	0.01407	0.01858	0.01067	0.00650	0.00871	0.00244	0.03846	0.00783	0.00363	0.00985
47	0.01458	0.03760	0.70688	0.02072	0.03146	0.01688	0.02686	0.02302	0.01535	0.02302	0.01304	0.01535	0.00921	0.00691	0.00691	0.00230	0.01074	0.00537	0.00307	0.01074
48	0.01263	0.00631	0.00947	0.00947	0.00947	0.00631	0.00631	0.00947	0.00947	0.01263	0.01263	0.02210	0.01263	0.02525	0.02841	0.78851	0.00631	0.00631	0.00316	0.00316
49	0.01171	0.00837	0.01171	0.01339	0.01506	0.00837	0.01171	0.01506	0.01673	0.02175	0.03849	0.08199	0.04183	0.02008	0.01004	0.00335	0.00669	0.65027	0.00669	0.00669
50	0.03261	0.01237	0.01687	0.01293	0.01856	0.01068	0.01068	0.03543	0.02081	0.70423	0.02868	0.02474	0.01799	0.00900	0.00731	0.00225	0.00619	0.00731	0.00900	0.01237
51	0.01590	0.01590	0.02226	0.01908	0.01908	0.02226	0.01590	0.01749	0.01113	0.01749	0.00954	0.01590	0.00954	0.01272	0.02385	0.00318	0.73123	0.00636	0.00318	0.00795
52	0.00859	0.00736	0.00736	0.00736	0.00982	0.00614	0.00552	0.01043	0.01657	0.01964	0.07364	0.06996	0.69624	0.01841	0.00859	0.00245	0.00368	0.01534	0.00675	0.00614
53	0.02289	0.02890	0.08947	0.01786	0.02226	0.42242	0.01473	0.03057	0.20329	0.02179	0.01641	0.01732	0.01289	0.00831	0.00755	0.00214	0.04124	0.00580	0.00466	0.00949
54	0.01799	0.01727	0.02950	0.04462	0.69919	0.01727	0.02231	0.02231	0.01655	0.02375	0.01367	0.01799	0.01151	0.00648	0.00720	0.00216	0.00864	0.00648	0.00360	0.01151
55	0.01355	0.00678	0.00678	0.00678	0.00847	0.00678	0.00508	0.01694	0.01524	0.02710	0.02371	0.02710	0.01863	0.00847	0.00508	0.00169	0.00339	0.00678	0.78489	0.00678
56	0.00897	0.00738	0.00788	0.00776	0.01005	0.00630	0.00582	0.01116	0.01745	0.02174	0.21100	0.06650	0.55757	0.01763	0.00859	0.00242	0.00363	0.01486	0.00703	0.00630
57	0.01500	0.09950	0.64867	0.02000	0.03035	0.01792	0.02560	0.02291	0.01530	0.02251	0.01279	0.01503	0.00922	0.00685	0.00671	0.00224	0.01048	0.00524	0.00307	0.01062
58	0.01943	0.74891	0.03809	0.01244	0.01866	0.02876	0.01244	0.02177	0.01477	0.01710	0.01011	0.01166	0.00933	0.00622	0.00466	0.00155	0.00777	0.00389	0.00311	0.00933
59	0.00886	0.00633	0.00843	0.01012	0.01054	0.00590	0.00675	0.01012	0.01392	0.01856	0.04006	0.73979	0.04808	0.02277	0.00928	0.00295	0.00422	0.02066	0.00675	0.00590
60	0.00886	0.00633	0.00843	0.01012	0.01054	0.00590	0.00675	0.01012	0.01392	0.01856	0.04006	0.73979	0.04808	0.02277	0.00928	0.00295	0.00422	0.02066	0.00675	0.00590
61	0.01399	0.01318	0.02227	0.68572	0.08939	0.01622	0.02032	0.01880	0.01466	0.01889	0.01297	0.01930	0.00980	0.00722	0.00726	0.00241	0.00963	0.00646	0.00325	0.00828
62	0.01799	0.01727	0.02950	0.04462	0.69919	0.01727	0.02231	0.02231	0.01655	0.02375	0.01367	0.01799	0.01151	0.00648	0.00720	0.00216	0.00864	0.00648	0.00360	0.01151

[dist]
# distance from previous block
# <min> <max>
0	95

[block]
# block no. 2 follows, 28 sequences, length 60
# corresponding to MSA columns:
# 385-420,488-511
name=unknown_C
#
# <colnr> <probs for GDERKNQSTAVLIFYWHMCP>
#	G	D	E	R	K	N	Q	S	T	A	V	L	I	F	Y	W	H	M	C	P
0	0.02763	0.02036	0.02182	0.01672	0.02254	0.02254	0.01382	0.67496	0.03418	0.04581	0.01745	0.01745	0.01236	0.00873	0.00727	0.00218	0.00800	0.00654	0.00727	0.01236
1	0.79588	0.01406	0.01068	0.00956	0.01406	0.01631	0.00787	0.02137	0.01237	0.03261	0.01012	0.01181	0.00787	0.00675	0.00450	0.00225	0.00562	0.00394	0.00450	0.00787
2	0.01799	0.01727	0.02950	0.04462	0.69919	0.01727	0.02231	0.02231	0.01655	0.02375	0.01367	0.01799	0.01151	0.00648	0.00720	0.00216	0.00864	0.00648	0.00360	0.01151
3	0.01790	0.01753	0.03100	0.04305	0.62529	0.01740	0.09501	0.02242	0.01662	0.02370	0.01379	0.01817	0.01146	0.00644	0.00735	0.00219	0.00904	0.00671	0.00361	0.01132
4	0.02004	0.01276	0.01616	0.07192	0.02039	0.01052	0.01019	0.02328	0.01669	0.22028	0.01748	0.01824	0.01277	0.00659	0.00610	0.00153	0.00598	0.00536	0.00557	0.49815
5	0.01338	0.00938	0.01169	0.01015	0.01294	0.00869	0.00783	0.07117	0.02112	0.06310	0.52906	0.04535	0.05489	0.01299	0.00804	0.00214	0.00417	0.01131	0.00758	0.09501
6	0.01703	0.09395	0.50498	0.02017	0.02958	0.01880	0.07038	0.11571	0.01811	0.02578	0.01354	0.01564	0.00980	0.00705	0.00689	0.00223	0.01021	0.00564	0.00371	0.01079
7	0.01585	0.02134	0.16670	0.01693	0.04231	0.15310	0.06981	0.02129	0.06256	0.02372	0.19741	0.03454	0.09093	0.01091	0.00776	0.00230	0.00820	0.04034	0.00536	0.00864
8	0.01590	0.01590	0.02226	0.01908	0.01908	0.02226	0.01590	0.01749	0.01113	0.01749	0.00954	0.01590	0.00954	0.01272	0.02385	0.00318	0.73123	0.00636	0.00318	0.00795
9	0.03261	0.01237	0.01687	0.01293	0.01856	0.01068	0.01068	0.03543	0.02081	0.70423	0.02868	0.02474	0.01799	0.00900	0.00731	0.00225	0.00619	0.00731	0.00900	0.01237
10	0.03261	0.01237	0.01687	0.01293	0.01856	0.01068	0.01068	0.03543	0.02081	0.70423	0.02868	0.02474	0.01799	0.00900	0.00731	0.00225	0.00619	0.00731	0.00900	0.01237
11	0.01029	0.00743	0.00972	0.00914	0.01086	0.00686	0.00686	0.01372	0.02058	0.02915	0.69536	0.05430	0.06859	0.01486	0.00857	0.00229	0.00343	0.01315	0.00800	0.00686
12	0.01263	0.00631	0.00947	0.00947	0.00947	0.00631	0.00631	0.00947	0.00947	0.01263	0.01263	0.02210	0.01263	0.02525	0.02841	0.78851	0.00631	0.00631	0.00316	0.00316
13	0.01029	0.00743	0.00972	0.00914	0.01086	0.00686	0.00686	0.01372	0.02058	0.02915	0.69536	0.05430	0.06859	0.01486	0.00857	0.00229	0.00343	0.01315	0.00800	0.00686
14	0.01507	0.01292	0.01507	0.01077	0.01723	0.00969	0.00861	0.01830	0.01507	0.02369	0.01292	0.01507	0.01077	0.00538	0.00538	0.00108	0.00538	0.00431	0.00431	0.78898
15	0.01943	0.74891	0.03809	0.01244	0.01866	0.02876	0.01244	0.02177	0.01477	0.01710	0.01011	0.01166	0.00933	0.00622	0.00466	0.00155	0.00777	0.00389	0.00311	0.00933
16	0.09951	0.02411	0.01884	0.01598	0.02063	0.33090	0.01253	0.14583	0.04857	0.18841	0.01713	0.01709	0.01233	0.00810	0.00671	0.00208	0.00956	0.00571	0.00584	0.01014
17	0.01546	0.16668	0.58552	0.01922	0.02914	0.01904	0.02424	0.02279	0.01524	0.02195	0.01251	0.01468	0.00923	0.00678	0.00650	0.00217	0.01020	0.00510	0.00308	0.01049
18	0.03261	0.01237	0.01687	0.01293	0.01856	0.01068	0.01068	0.03543	0.02081	0.70423	0.02868	0.02474	0.01799	0.00900	0.00731	0.00225	0.00619	0.00731	0.00900	0.01237
19	0.02273	0.01826	0.01832	0.01495	0.01995	0.08786	0.01193	0.26031	0.21681	0.08387	0.05046	0.02165	0.01758	0.00877	0.00704	0.00209	0.00718	0.00688	0.00671	0.11664
20	0.00994	0.00809	0.00920	0.00879	0.01097	0.00754	0.00667	0.01327	0.05059	0.02362	0.30024	0.06018	0.40643	0.01648	0.00905	0.00242	0.02879	0.01387	0.00712	0.00673
21	0.01355	0.00678	0.00678	0.00678	0.00847	0.00678	0.00508	0.01694	0.01524	0.02710	0.02371	0.02710	0.01863	0.00847	0.00508	0.00169	0.00339	0.00678	0.78489	0.00678
22	0.01171	0.00837	0.01171	0.01339	0.01506	0.00837	0.01171	0.01506	0.01673	0.02175	0.03849	0.08199	0.04183	0.02008	0.01004	0.00335	0.00669	0.65027	0.00669	0.00669
23	0.01559	0.01469	0.02020	0.01744	0.01767	0.02020	0.01446	0.01742	0.01168	0.01877	0.01143	0.01740	0.01075	0.01216	0.02135	0.00298	0.63416	0.00642	0.10744	0.00779
24	0.01355	0.00678	0.00678	0.00678	0.00847	0.00678	0.00508	0.01694	0.01524	0.02710	0.02371	0.02710	0.01863	0.00847	0.00508	0.00169	0.00339	0.00678	0.78489	0.00678
25	0.01950	0.02026	0.02758	0.03881	0.54689	0.14033	0.02054	0.02326	0.01700	0.02239	0.01304	0.01703	0.01104	0.00696	0.00790	0.00216	0.04474	0.00616	0.00360	0.01080
26	0.01833	0.01791	0.02918	0.04366	0.67422	0.04304	0.02200	0.02256	0.01670	0.02353	0.01358	0.01781	0.01143	0.00651	0.00717	0.00215	0.00880	0.00641	0.00360	0.01140
27	0.01895	0.01676	0.01688	0.01507	0.01924	0.05252	0.01173	0.06623	0.62462	0.03047	0.02815	0.02601	0.02113	0.00970	0.00735	0.00242	0.00621	0.00797	0.00721	0.01139
28	0.01705	0.01930	0.04119	0.02969	0.03643	0.01870	0.61874	0.02281	0.01666	0.02281	0.01428	0.01930	0.01091	0.00667	0.00984	0.00251	0.07142	0.00840	0.00364	0.00965
29	0.01057	0.00705	0.00793	0.00793	0.00793	0.00705	0.00440	0.01057	0.01057	0.01409	0.02290	0.04757	0.02643	0.74454	0.03700	0.00705	0.00705	0.01057	0.00440	0.00440
30	0.01873	0.01699	0.01674	0.01508	0.01916	0.06838	0.01169	0.03793	0.63806	0.02950	0.02826	0.02611	0.02126	0.00969	0.00734	0.00242	0.00628	0.00796	0.00713	0.01128
31	0.01037	0.00740	0.00967	0.00986	0.01119	0.00701	0.00739	0.01309	0.01782	0.02465	0.41346	0.15085	0.05618	0.10371	0.01231	0.00313	0.00453	0.12378	0.00718	0.00641
32	0.00886	0.00686	0.00808	0.00887	0.01026	0.00608	0.00623	0.01054	0.01558	0.01986	0.10654	0.39997	0.32573	0.02028	0.00893	0.00269	0.00393	0.01780	0.00685	0.00608
33	0.02183	0.02554	0.02044	0.01750	0.02147	0.41896	0.09059	0.07086	0.02050	0.02150	0.06631	0.02630	0.12790	0.00971	0.00732	0.00209	0.01045	0.00760	0.00476	0.00839
34	0.01373	0.01292	0.02180	0.72707	0.05006	0.01615	0.02019	0.01857	0.01453	0.01857	0.01292	0.01938	0.00969	0.00727	0.00727	0.00242	0.00969	0.00646	0.00323	0.00807
35	0.01373	0.01292	0.02180	0.72707	0.05006	0.01615	0.02019	0.01857	0.01453	0.01857	0.01292	0.01938	0.00969	0.00727	0.00727	0.00242	0.00969	0.00646	0.00323	0.00807
36	0.01590	0.01590	0.02226	0.01908	0.01908	0.02226	0.01590	0.01749	0.01113	0.01749	0.00954	0.01590	0.00954	0.01272	0.02385	0.00318	0.73123	0.00636	0.00318	0.00795
37	0.01590	0.01590	0.02226	0.01908	0.01908	0.02226	0.01590	0.01749	0.01113	0.01749	0.00954	0.01590	0.00954	0.01272	0.02385	0.00318	0.73123	0.00636	0.00318	0.00795
38	0.01355	0.00678	0.00678	0.00678	0.00847	0.00678	0.00508	0.01694	0.01524	0.02710	0.02371	0.02710	0.01863	0.00847	0.00508	0.00169	0.00339	0.00678	0.78489	0.00678
39	0.01373	0.01292	0.02180	0.72707	0.05006	0.01615	0.02019	0.01857	0.01453	0.01857	0.01292	0.01938	0.00969	0.00727	0.00727	0.00242	0.00969	0.00646	0.00323	0.00807
40	0.02038	0.02313	0.03144	0.03233	0.27805	0.22124	0.24005	0.02460	0.01794	0.02185	0.01331	0.01711	0.01072	0.00665	0.00748	0.00217	0.01117	0.00666	0.00367	0.01003
41	0.01355	0.00678	0.00678	0.00678	0.00847	0.00678	0.00508	0.01694	0.01524	0.02710	0.02371	0.02710	0.01863	0.00847	0.00508	0.00169	0.00339	0.00678	0.78489	0.00678
42	0.79588	0.01406	0.01068	0.00956	0.01406	0.01631	0.00787	0.02137	0.01237	0.03261	0.01012	0.01181	0.00787	0.00675	0.00450	0.00225	0.00562	0.00394	0.00450	0.00787
43	0.03131	0.01310	0.01718	0.01323	0.01874	0.01188	0.01091	0.10618	0.02229	0.60812	0.04966	0.02491	0.01905	0.00916	0.00735	0.00224	0.00630	0.00742	0.00877	0.01219
44	0.01029	0.00743	0.00972	0.00914	0.01086	0.00686	0.00686	0.01372	0.02058	0.02915	0.69536	0.05430	0.06859	0.01486	0.00857	0.00229	0.00343	0.01315	0.00800	0.00686
45	0.01029	0.00743	0.00972	0.00914	0.01086	0.00686	0.00686	0.01372	0.02058	0.02915	0.69536	0.05430	0.06859	0.01486	0.00857	0.00229	0.00343	0.01315	0.00800	0.00686
46	0.01355	0.00678	0.00678	0.00678	0.00847	0.00678	0.00508	0.01694	0.01524	0.02710	0.02371	0.02710	0.01863	0.00847	0.00508	0.00169	0.00339	0.00678	0.78489	0.00678
47	0.67109	0.01476	0.01186	0.01037	0.01496	0.04648	0.00848	0.02338	0.01374	0.11193	0.01238	0.01341	0.00914	0.00705	0.00492	0.00223	0.00602	0.00437	0.00500	0.00843
48	0.07827	0.01299	0.01479	0.01075	0.01702	0.01026	0.00863	0.01922	0.01508	0.05095	0.01331	0.01519	0.01082	0.00563	0.00539	0.00122	0.00543	0.00439	0.00450	0.69614
49	0.01355	0.00678	0.00678	0.00678	0.00847	0.00678	0.00508	0.01694	0.01524	0.02710	0.02371	0.02710	0.01863	0.00847	0.00508	0.00169	0.00339	0.00678	0.78489	0.00678
50	0.02763	0.02036	0.02182	0.01672	0.02254	0.02254	0.01382	0.67496	0.03418	0.04581	0.01745	0.01745	0.01236	0.00873	0.00727	0.00218	0.00800	0.00654	0.00727	0.01236
51	0.02631	0.02585	0.02008	0.01684	0.02162	0.35452	0.01317	0.23613	0.05153	0.07718	0.01537	0.01607	0.01159	0.00791	0.00677	0.00196	0.01002	0.00558	0.00545	0.07605
52	0.01799	0.01727	0.02950	0.04462	0.69919	0.01727	0.02231	0.02231	0.01655	0.02375	0.01367	0.01799	0.01151	0.00648	0.00720	0.00216	0.00864	0.00648	0.00360	0.01151
53	0.01662	0.01588	0.02703	0.26354	0.49096	0.01691	0.02163	0.02111	0.01590	0.02209	0.01343	0.01844	0.01093	0.00673	0.00722	0.00224	0.00897	0.00647	0.00348	0.01041
54	0.01003	0.00703	0.00872	0.00922	0.00970	0.00705	0.00602	0.01095	0.01211	0.01621	0.02991	0.23020	0.06429	0.39038	0.13032	0.00632	0.00800	0.03312	0.00513	0.00527
55	0.00920	0.00676	0.00857	0.00965	0.01060	0.00622	0.00673	0.01089	0.01522	0.02009	0.12907	0.48980	0.15178	0.04583	0.01007	0.00295	0.00425	0.04943	0.00683	0.00605
56	0.00886	0.00633	0.00843	0.01012	0.01054	0.00590	0.00675	0.01012	0.01392	0.01856	0.04006	0.73979	0.04808	0.02277	0.00928	0.00295	0.00422	0.02066	0.00675	0.00590
57	0.01641	0.01287	0.01573	0.06502	0.01981	0.01026	0.00966	0.01973	0.01550	0.07907	0.01421	0.01619	0.01128	0.00582	0.00568	0.00127	0.00577	0.00472	0.00461	0.66638
58	0.32322	0.01920	0.02073	0.01671	0.02160	0.11727	0.13211	0.12647	0.07514	0.03001	0.01390	0.01579	0.01066	0.00758	0.00707	0.00228	0.04029	0.00577	0.00486	0.00932
59	0.01794	0.01934	0.03975	0.02849	0.03567	0.01831	0.58465	0.07810	0.01849	0.02521	0.01485	0.01920	0.01113	0.00631	0.00831	0.00236	0.01156	0.00820	0.00401	0.04811

[dist]
# distance from previous block
# <min> <max>
0	2

[block]
# block no. 3 follows, 28 sequences, length 24
# corresponding to MSA columns:
# 514-537
name=unknown_D
#
# <colnr> <probs for GDERKNQSTAVLIFYWHMCP>
#	G	D	E	R	K	N	Q	S	T	A	V	L	I	F	Y	W	H	M	C	P
0	0.22217	0.09254	0.01953	0.04322	0.02036	0.04727	0.01193	0.26250	0.12905	0.05920	0.01675	0.01714	0.01245	0.00804	0.00629	0.00218	0.00721	0.00582	0.00591	0.01043
1	0.01799	0.01727	0.02950	0.04462	0.69919	0.01727	0.02231	0.02231	0.01655	0.02375	0.01367	0.01799	0.01151	0.00648	0.00720	0.00216	0.00864	0.00648	0.00360	0.01151
2	0.02196	0.01270	0.01578	0.01162	0.01775	0.01008	0.00943	0.02502	0.01732	0.29081	0.01910	0.01887	0.01360	0.00680	0.00614	0.00154	0.00570	0.00549	0.00615	0.48415
3	0.01038	0.00841	0.01338	0.01255	0.01427	0.00784	0.09499	0.01293	0.01632	0.02233	0.23131	0.44084	0.04926	0.01822	0.00898	0.00269	0.00505	0.01683	0.00671	0.00670
4	0.01373	0.01292	0.02180	0.72707	0.05006	0.01615	0.02019	0.01857	0.01453	0.01857	0.01292	0.01938	0.00969	0.00727	0.00727	0.00242	0.00969	0.00646	0.00323	0.00807
5	0.01029	0.00743	0.00972	0.00914	0.01086	0.00686	0.00686	0.01372	0.02058	0.02915	0.69536	0.05430	0.06859	0.01486	0.00857	0.00229	0.00343	0.01315	0.00800	0.00686
6	0.01355	0.00678	0.00678	0.00678	0.00847	0.00678	0.00508	0.01694	0.01524	0.02710	0.02371	0.02710	0.01863	0.00847	0.00508	0.00169	0.00339	0.00678	0.78489	0.00678
7	0.01170	0.11182	0.01365	0.01101	0.01269	0.01055	0.00813	0.04325	0.05259	0.02024	0.03425	0.56508	0.03958	0.01909	0.00843	0.00269	0.00497	0.01697	0.00630	0.00699
8	0.05982	0.12368	0.02933	0.01999	0.02518	0.01912	0.24617	0.06125	0.10439	0.08401	0.01688	0.01954	0.01307	0.01092	0.05515	0.00296	0.08690	0.00709	0.00475	0.00981
9	0.01355	0.00678	0.00678	0.00678	0.00847	0.00678	0.00508	0.01694	0.01524	0.02710	0.02371	0.02710	0.01863	0.00847	0.00508	0.00169	0.00339	0.00678	0.78489	0.00678
10	0.01087	0.00843	0.01232	0.01205	0.01315	0.01007	0.00934	0.01320	0.01156	0.01673	0.01886	0.02880	0.01801	0.09900	0.60960	0.01064	0.07918	0.00786	0.00387	0.00647
11	0.06867	0.50328	0.22224	0.01455	0.02192	0.02465	0.01615	0.02209	0.01477	0.01976	0.01092	0.01269	0.00920	0.00644	0.00528	0.00181	0.00846	0.00430	0.00319	0.00963
12	0.01913	0.01636	0.08833	0.18747	0.05450	0.04167	0.01484	0.08605	0.09209	0.15370	0.10286	0.02777	0.06458	0.00958	0.00746	0.00231	0.00751	0.00801	0.00597	0.00982
13	0.01484	0.00785	0.01056	0.01083	0.01256	0.00711	0.00774	0.01650	0.01565	0.19134	0.03719	0.55960	0.04050	0.01930	0.00878	0.00277	0.00471	0.01730	0.00731	0.00753
14	0.02441	0.01947	0.02156	0.05169	0.08722	0.04845	0.01452	0.44727	0.14396	0.03870	0.01874	0.01909	0.01374	0.00859	0.00726	0.00223	0.00795	0.00675	0.00662	0.01178
15	0.02047	0.01759	0.02404	0.15994	0.25138	0.05758	0.01793	0.16469	0.01976	0.07071	0.01462	0.01801	0.01138	0.00822	0.00954	0.00235	0.11032	0.00643	0.00463	0.01043
16	0.01736	0.03655	0.06338	0.01458	0.06068	0.01150	0.01154	0.04487	0.08471	0.16370	0.22395	0.09090	0.03706	0.01284	0.00807	0.00245	0.00585	0.09377	0.00707	0.00919
17	0.01796	0.06415	0.02373	0.09985	0.32233	0.06907	0.01655	0.04513	0.01735	0.04749	0.05462	0.02153	0.04517	0.00764	0.00688	0.00200	0.00795	0.00667	0.00435	0.11959
18	0.02364	0.01632	0.02006	0.06865	0.11451	0.08597	0.03940	0.11144	0.07245	0.24442	0.06172	0.02557	0.01900	0.03447	0.00845	0.00243	0.00779	0.02663	0.00648	0.01061
19	0.11064	0.04615	0.04542	0.14608	0.02886	0.04267	0.16121	0.16031	0.05868	0.04879	0.04671	0.04087	0.01505	0.00822	0.00722	0.00231	0.00873	0.00730	0.00507	0.00970
20	0.08539	0.09027	0.08112	0.01561	0.02144	0.06985	0.07425	0.13083	0.04179	0.04590	0.01526	0.04647	0.01256	0.00775	0.00702	0.00194	0.03361	0.00611	0.00479	0.20802
21	0.05356	0.01844	0.04932	0.04021	0.04717	0.12066	0.01257	0.11572	0.08729	0.10432	0.01860	0.07103	0.01527	0.00883	0.00738	0.00204	0.03401	0.00689	0.00552	0.18117
22	0.06197	0.01772	0.01881	0.01796	0.09185	0.12203	0.03391	0.14596	0.10531	0.09305	0.03944	0.05257	0.01832	0.00947	0.00714	0.00219	0.00767	0.04898	0.03294	0.07272
23	0.12502	0.10548	0.02079	0.01706	0.08751	0.08031	0.03228	0.09009	0.07357	0.16442	0.01981	0.04707	0.01604	0.00898	0.00675	0.00219	0.00744	0.04839	0.00578	0.04101

[dist]
# distance from previous block
# <min> <max>
4	22

[block]
# block no. 4 follows, 28 sequences, length 8
# corresponding to MSA columns:
# 567-574
name=unknown_E
#
# <colnr> <probs for GDERKNQSTAVLIFYWHMCP>
#	G	D	E	R	K	N	Q	S	T	A	V	L	I	F	Y	W	H	M	C	P
0	0.10494	0.02155	0.01735	0.01490	0.01908	0.25389	0.01156	0.17759	0.07760	0.06292	0.04310	0.04438	0.03475	0.04002	0.00806	0.00230	0.00864	0.00683	0.00562	0.04494
1	0.14526	0.01935	0.01896	0.01507	0.02042	0.09718	0.01229	0.36998	0.02656	0.17755	0.01797	0.01762	0.01251	0.00834	0.00678	0.00217	0.00784	0.00610	0.00681	0.01124
2	0.19519	0.10558	0.01864	0.01388	0.04633	0.07436	0.01091	0.02838	0.06662	0.28523	0.03973	0.01966	0.01522	0.00801	0.00626	0.00209	0.00679	0.00600	0.00626	0.04487
3	0.01848	0.60839	0.17021	0.01407	0.02119	0.02642	0.01529	0.02201	0.01488	0.01827	0.01069	0.01239	0.00930	0.00635	0.00511	0.00170	0.00836	0.00418	0.00310	0.00961
4	0.02659	0.11338	0.02389	0.01618	0.02205	0.02334	0.01364	0.59156	0.03170	0.04215	0.01651	0.01671	0.01197	0.00841	0.00694	0.00210	0.00797	0.00621	0.00674	0.01197
5	0.02662	0.11001	0.02382	0.01620	0.02206	0.02331	0.01365	0.59458	0.03179	0.04228	0.01655	0.01674	0.01199	0.00842	0.00695	0.00210	0.00797	0.00622	0.00676	0.01199
6	0.56531	0.11020	0.01568	0.01118	0.01587	0.09935	0.00933	0.02308	0.01410	0.06544	0.01126	0.01265	0.00878	0.00689	0.00491	0.00212	0.00680	0.00420	0.00448	0.00837
7	0.13003	0.31042	0.17216	0.01439	0.02121	0.02141	0.01482	0.10410	0.01772	0.11180	0.01401	0.01485	0.01058	0.00710	0.00578	0.00198	0.00793	0.00497	0.00456	0.01019

[dist]
# distance from previous block
# <min> <max>
14	79

# created by:
# /home/cegg/simao/soft/augustus-3.2.1/scripts/msa2prfl.pl ./align_prep/EOG090W0FI9.fa
