[name]
unknown

[dist]
# distance from previous block
# <min> <max>
38	167

[block]
# block no. 0 follows, 27 sequences, length 45
# corresponding to MSA columns:
# 192-213,219-237,258-261
name=unknown_A
#
# <colnr> <probs for GDERKNQSTAVLIFYWHMCP>
#	G	D	E	R	K	N	Q	S	T	A	V	L	I	F	Y	W	H	M	C	P
0	0.09311	0.08194	0.07564	0.17072	0.13834	0.01735	0.07075	0.06310	0.04603	0.07863	0.05539	0.02043	0.01507	0.00776	0.00701	0.00224	0.00835	0.00669	0.00473	0.03671
1	0.01741	0.11871	0.08947	0.10816	0.18943	0.01746	0.06381	0.07001	0.04455	0.04595	0.13888	0.02486	0.02238	0.00865	0.00735	0.00223	0.00808	0.00765	0.00494	0.01004
2	0.07448	0.15811	0.07592	0.01384	0.01944	0.01690	0.05081	0.10747	0.05831	0.07421	0.06415	0.02759	0.12109	0.00956	0.00683	0.00208	0.00690	0.00767	0.00557	0.09908
3	0.01776	0.16949	0.02299	0.01907	0.15439	0.01643	0.02847	0.06630	0.05824	0.07316	0.16532	0.03011	0.07992	0.00985	0.00716	0.00209	0.00656	0.00833	0.00572	0.05863
4	0.01794	0.05960	0.02339	0.12551	0.28020	0.01526	0.01624	0.04145	0.01690	0.07200	0.01696	0.04088	0.02925	0.00748	0.00683	0.00196	0.00760	0.00660	0.00447	0.20947
5	0.01894	0.05868	0.06535	0.01314	0.01762	0.04148	0.01129	0.17810	0.02302	0.10014	0.26077	0.05420	0.05618	0.01139	0.00768	0.00219	0.00628	0.00944	0.00695	0.05715
6	0.06418	0.01989	0.17819	0.01937	0.09753	0.01523	0.06032	0.04111	0.16391	0.05296	0.11965	0.02665	0.04229	0.00919	0.00739	0.00230	0.00748	0.00790	0.00558	0.05889
7	0.01801	0.06681	0.02233	0.05103	0.23133	0.01587	0.01456	0.11756	0.04004	0.02710	0.04524	0.02205	0.05574	0.00785	0.00679	0.00189	0.00712	0.00667	0.00490	0.23713
8	0.01715	0.01783	0.07343	0.05163	0.41634	0.01594	0.04134	0.02285	0.06422	0.02439	0.01693	0.02012	0.03392	0.00710	0.00711	0.00207	0.00816	0.00663	0.00414	0.14870
9	0.01783	0.01612	0.02577	0.08452	0.43978	0.01624	0.03984	0.04332	0.06432	0.04298	0.04744	0.02296	0.04288	0.00785	0.00743	0.00221	0.00808	0.00736	0.00456	0.05852
10	0.01596	0.01550	0.02378	0.35555	0.25177	0.04442	0.01958	0.02058	0.03313	0.02094	0.01722	0.02206	0.05121	0.00838	0.00885	0.00243	0.06839	0.00711	0.00376	0.00936
11	0.06259	0.01165	0.01463	0.06831	0.09416	0.01203	0.01088	0.02200	0.15646	0.07696	0.17200	0.06471	0.17864	0.01267	0.00792	0.00243	0.00552	0.01081	0.00669	0.00893
12	0.01110	0.00891	0.01118	0.01164	0.05957	0.00810	0.00797	0.01476	0.04176	0.02609	0.38799	0.05435	0.25163	0.01492	0.00842	0.00231	0.00416	0.01291	0.00721	0.05502
13	0.01505	0.01357	0.02146	0.43831	0.14756	0.01572	0.01841	0.04810	0.05572	0.02214	0.03470	0.08080	0.01689	0.00944	0.00772	0.00249	0.00869	0.02993	0.00433	0.00896
14	0.02403	0.02803	0.02130	0.12030	0.06612	0.46760	0.01532	0.02664	0.01910	0.04109	0.01249	0.01525	0.01014	0.00768	0.00754	0.00202	0.04250	0.00528	0.00393	0.06363
15	0.01556	0.01443	0.04235	0.01351	0.05961	0.01065	0.01036	0.01913	0.01550	0.02417	0.01325	0.01559	0.01098	0.00563	0.00567	0.00122	0.00591	0.00458	0.00431	0.70762
16	0.01461	0.01378	0.02496	0.36693	0.03835	0.01484	0.18824	0.01932	0.01647	0.04271	0.07869	0.04577	0.08423	0.00935	0.00808	0.00248	0.00918	0.00904	0.00447	0.00850
17	0.01483	0.01338	0.01523	0.01215	0.01695	0.05992	0.03713	0.01755	0.01537	0.02208	0.01929	0.16012	0.01947	0.05548	0.00855	0.00198	0.00624	0.00833	0.00483	0.49110
18	0.01669	0.01550	0.02490	0.12919	0.44332	0.01614	0.01935	0.02265	0.08589	0.02404	0.04099	0.04818	0.03797	0.00883	0.00765	0.00236	0.00810	0.03316	0.00450	0.01058
19	0.00904	0.00646	0.00861	0.01034	0.01077	0.00603	0.00689	0.01034	0.01421	0.01895	0.04092	0.73426	0.04910	0.02326	0.00948	0.00301	0.00431	0.02110	0.00689	0.00603
20	0.02422	0.23668	0.02567	0.01665	0.02133	0.39322	0.01351	0.05314	0.10906	0.02080	0.01392	0.01507	0.01144	0.00765	0.00628	0.00191	0.01060	0.00511	0.00428	0.00945
21	0.11164	0.01514	0.09296	0.01386	0.04532	0.01221	0.01164	0.02395	0.08973	0.15492	0.14380	0.05485	0.04736	0.00996	0.00709	0.00216	0.00602	0.00823	0.00637	0.14279
22	0.01930	0.17027	0.29206	0.01963	0.06560	0.04799	0.07196	0.02470	0.01700	0.11751	0.04197	0.01827	0.01348	0.00740	0.00680	0.00212	0.00928	0.00604	0.00436	0.04427
23	0.01524	0.01373	0.01979	0.41397	0.06343	0.01634	0.01679	0.02499	0.22386	0.02340	0.04627	0.05438	0.01803	0.00921	0.00760	0.00249	0.00810	0.00805	0.00500	0.00934
24	0.00904	0.00646	0.00861	0.01034	0.01077	0.00603	0.00689	0.01034	0.01421	0.01895	0.04092	0.73426	0.04910	0.02326	0.00948	0.00301	0.00431	0.02110	0.00689	0.00603
25	0.01829	0.01707	0.02112	0.17781	0.20765	0.09292	0.01629	0.04847	0.18305	0.02529	0.01890	0.02152	0.01470	0.00808	0.00710	0.00226	0.00818	0.00689	0.09431	0.01011
26	0.75331	0.01444	0.01120	0.01003	0.01460	0.01674	0.00822	0.02269	0.04561	0.03320	0.01132	0.01283	0.00876	0.00705	0.00474	0.00231	0.00575	0.00424	0.00474	0.00822
27	0.01611	0.01383	0.01682	0.01207	0.01867	0.01088	0.03408	0.05100	0.01644	0.02529	0.01349	0.01569	0.01109	0.00570	0.00572	0.00121	0.00590	0.00468	0.00452	0.71682
28	0.01619	0.01588	0.02467	0.46754	0.25169	0.05711	0.02094	0.02079	0.01585	0.02059	0.01334	0.01897	0.01046	0.00718	0.00736	0.00236	0.00976	0.00650	0.00345	0.00937
29	0.79154	0.01436	0.01091	0.00976	0.01436	0.01665	0.00804	0.02182	0.01263	0.03331	0.01034	0.01206	0.00804	0.00689	0.00459	0.00230	0.00574	0.00402	0.00459	0.00804
30	0.00896	0.00705	0.00810	0.00884	0.01040	0.00619	0.00625	0.01064	0.01588	0.01994	0.08335	0.36435	0.38251	0.02064	0.00908	0.00273	0.00399	0.01799	0.00694	0.00619
31	0.05097	0.01414	0.01914	0.01582	0.01867	0.01608	0.06518	0.10818	0.01794	0.07288	0.09891	0.07792	0.08940	0.01253	0.01335	0.00264	0.24418	0.00931	0.00559	0.04715
32	0.02201	0.06836	0.01736	0.01333	0.01773	0.01493	0.01081	0.05140	0.27971	0.23313	0.10881	0.03079	0.02641	0.01041	0.00746	0.00235	0.00588	0.03010	0.03808	0.01094
33	0.00900	0.00722	0.00806	0.00869	0.01050	0.00629	0.00631	0.01076	0.01606	0.01979	0.06267	0.28448	0.45650	0.02030	0.00906	0.00271	0.00407	0.04442	0.00689	0.00622
34	0.04588	0.07593	0.49919	0.01990	0.05472	0.01720	0.02295	0.02347	0.04844	0.02391	0.01500	0.01895	0.01166	0.00762	0.00689	0.00227	0.00972	0.03318	0.00368	0.05944
35	0.08393	0.16175	0.13266	0.02122	0.14395	0.14743	0.01654	0.07187	0.01832	0.07165	0.01373	0.01555	0.01074	0.00713	0.00637	0.00201	0.00917	0.00532	0.00430	0.05636
36	0.01388	0.01241	0.06261	0.01373	0.01595	0.01264	0.01159	0.05573	0.01460	0.04999	0.02359	0.10526	0.05917	0.03176	0.31175	0.00667	0.14645	0.00928	0.03516	0.00777
37	0.01088	0.00729	0.00837	0.00849	0.00861	0.00729	0.00503	0.01112	0.01124	0.01495	0.02451	0.05106	0.02810	0.68837	0.03584	0.00693	0.00717	0.05542	0.00466	0.00466
38	0.01698	0.02360	0.22761	0.08504	0.40480	0.01753	0.07176	0.02280	0.01644	0.02363	0.01380	0.01780	0.01090	0.00677	0.00737	0.00229	0.00980	0.00644	0.00350	0.01115
39	0.18444	0.22815	0.06464	0.05085	0.04904	0.14660	0.01385	0.06412	0.06371	0.02444	0.01285	0.01474	0.01045	0.00749	0.00659	0.00208	0.03728	0.00504	0.00419	0.00945
40	0.01068	0.00789	0.00900	0.00908	0.01032	0.00763	0.00622	0.01314	0.05395	0.01949	0.11708	0.10483	0.19975	0.32812	0.02134	0.00461	0.00560	0.05928	0.00605	0.00594
41	0.04451	0.01763	0.05499	0.08159	0.53691	0.01709	0.02106	0.04660	0.01751	0.02540	0.05402	0.02031	0.01492	0.00729	0.00733	0.00224	0.00853	0.00689	0.00407	0.01113
42	0.01073	0.00742	0.00878	0.00901	0.00933	0.00753	0.00553	0.01185	0.03314	0.01594	0.02629	0.16238	0.02991	0.53901	0.08639	0.00672	0.00769	0.01223	0.00496	0.00516
43	0.01634	0.01525	0.02502	0.17432	0.38910	0.01685	0.01958	0.02031	0.01529	0.02189	0.01424	0.01975	0.01204	0.01210	0.07298	0.00325	0.09961	0.00673	0.03543	0.00993
44	0.79154	0.01436	0.01091	0.00976	0.01436	0.01665	0.00804	0.02182	0.01263	0.03331	0.01034	0.01206	0.00804	0.00689	0.00459	0.00230	0.00574	0.00402	0.00459	0.00804

[dist]
# distance from previous block
# <min> <max>
0	1

[block]
# block no. 1 follows, 27 sequences, length 66
# corresponding to MSA columns:
# 263-269,275-285,287-317,333-349
name=unknown_B
#
# <colnr> <probs for GDERKNQSTAVLIFYWHMCP>
#	G	D	E	R	K	N	Q	S	T	A	V	L	I	F	Y	W	H	M	C	P
0	0.01837	0.01689	0.02856	0.09234	0.46579	0.01744	0.06937	0.02258	0.01641	0.05663	0.01431	0.01862	0.01168	0.00733	0.00900	0.00230	0.07681	0.00671	0.00392	0.04494
1	0.79154	0.01436	0.01091	0.00976	0.01436	0.01665	0.00804	0.02182	0.01263	0.03331	0.01034	0.01206	0.00804	0.00689	0.00459	0.00230	0.00574	0.00402	0.00459	0.00804
2	0.01427	0.01343	0.01990	0.06627	0.02033	0.01772	0.03766	0.01664	0.01202	0.01795	0.01352	0.02089	0.01272	0.02644	0.24866	0.00603	0.41727	0.00707	0.00351	0.00771
3	0.01489	0.03840	0.70064	0.02116	0.03213	0.01724	0.02743	0.02351	0.01567	0.02351	0.01332	0.01567	0.00940	0.00705	0.00705	0.00235	0.01097	0.00549	0.00313	0.01097
4	0.04385	0.05304	0.08570	0.10622	0.32684	0.01577	0.01845	0.02348	0.01683	0.13842	0.01871	0.08701	0.01579	0.00876	0.00734	0.00231	0.00813	0.00782	0.00484	0.01068
5	0.01685	0.11372	0.23772	0.04942	0.08293	0.01800	0.08384	0.05100	0.07402	0.04396	0.03898	0.06616	0.03690	0.00920	0.00817	0.00236	0.04442	0.00773	0.00452	0.01012
6	0.02024	0.70842	0.03801	0.01302	0.01925	0.06312	0.01278	0.02260	0.01538	0.01750	0.01038	0.01198	0.00953	0.00642	0.00486	0.00160	0.00821	0.00401	0.00321	0.00948
7	0.00904	0.00646	0.00861	0.01034	0.01077	0.00603	0.00689	0.01034	0.01421	0.01895	0.04092	0.73426	0.04910	0.02326	0.00948	0.00301	0.00431	0.02110	0.00689	0.00603
8	0.02161	0.43772	0.03151	0.05003	0.05329	0.21600	0.01396	0.02512	0.05390	0.01881	0.01206	0.01388	0.01039	0.00698	0.00570	0.00180	0.00947	0.00469	0.00363	0.00944
9	0.01638	0.01901	0.16290	0.24386	0.03092	0.05348	0.01733	0.04542	0.04875	0.07383	0.07764	0.10544	0.02096	0.01044	0.00841	0.00248	0.03997	0.00870	0.00494	0.00914
10	0.00963	0.00745	0.00880	0.00884	0.01075	0.00662	0.00659	0.01215	0.01824	0.02393	0.31804	0.14963	0.33339	0.01796	0.00891	0.00254	0.00384	0.03873	0.00741	0.00656
11	0.01110	0.00793	0.01097	0.01269	0.01402	0.00780	0.01047	0.01389	0.01624	0.02125	0.03978	0.27575	0.04461	0.02132	0.01002	0.00330	0.00609	0.45931	0.00685	0.00660
12	0.04815	0.01766	0.05815	0.17450	0.43770	0.01766	0.02096	0.05387	0.05413	0.02498	0.01473	0.01878	0.01178	0.00711	0.00726	0.00229	0.00882	0.00656	0.00401	0.01092
13	0.01546	0.01470	0.02174	0.48666	0.11714	0.04639	0.01877	0.02215	0.10272	0.02113	0.01678	0.05463	0.01365	0.00845	0.00750	0.00245	0.00913	0.00745	0.00410	0.00902
14	0.00976	0.00704	0.00971	0.01113	0.01191	0.00698	0.00808	0.01162	0.01425	0.01915	0.03699	0.51158	0.04279	0.02851	0.13202	0.00464	0.00742	0.11380	0.00637	0.00626
15	0.01586	0.03175	0.46778	0.02407	0.03368	0.01777	0.22585	0.02425	0.04346	0.02390	0.01454	0.01752	0.01053	0.00693	0.00761	0.00241	0.01124	0.00663	0.00351	0.01070
16	0.01460	0.01390	0.01955	0.01733	0.01760	0.01886	0.01416	0.01636	0.01174	0.01786	0.01446	0.08775	0.01503	0.02118	0.13850	0.00469	0.53687	0.00815	0.00372	0.00767
17	0.01289	0.00645	0.00967	0.00967	0.00967	0.00645	0.00645	0.00967	0.00967	0.01289	0.01289	0.02257	0.01289	0.02579	0.02901	0.78401	0.00645	0.00645	0.00322	0.00322
18	0.25807	0.01299	0.01413	0.01152	0.01628	0.01313	0.00942	0.08812	0.01902	0.32816	0.02168	0.02098	0.01483	0.00838	0.00623	0.00220	0.00586	0.00627	0.13241	0.01032
19	0.01727	0.01807	0.02137	0.01865	0.01933	0.11774	0.01525	0.01904	0.01279	0.01784	0.01104	0.01719	0.01064	0.01669	0.09321	0.00396	0.55207	0.00641	0.00341	0.00803
20	0.01402	0.01319	0.02227	0.72126	0.05113	0.01649	0.02062	0.01897	0.01484	0.01897	0.01319	0.01979	0.00990	0.00742	0.00742	0.00247	0.00990	0.00660	0.00330	0.00825
21	0.00999	0.00714	0.00970	0.01142	0.01227	0.00685	0.00854	0.01198	0.01515	0.02001	0.04039	0.52274	0.04703	0.02236	0.00973	0.00315	0.00513	0.22325	0.00687	0.00629
22	0.01071	0.00753	0.00981	0.00981	0.01040	0.00812	0.00663	0.01189	0.01130	0.01566	0.02183	0.03993	0.02323	0.43461	0.33714	0.00931	0.01285	0.00953	0.00427	0.00545
23	0.01539	0.01319	0.01539	0.01100	0.01759	0.00990	0.00880	0.01869	0.01539	0.02419	0.01319	0.01539	0.01100	0.00550	0.00550	0.00110	0.00550	0.00440	0.00440	0.78449
24	0.02005	0.02021	0.02700	0.06518	0.48094	0.12579	0.02014	0.05038	0.07236	0.02453	0.01503	0.01839	0.01227	0.00718	0.00727	0.00220	0.00931	0.00648	0.00415	0.01116
25	0.01049	0.00756	0.01042	0.01077	0.01163	0.00821	0.00779	0.01227	0.01222	0.01698	0.02490	0.14296	0.02653	0.22895	0.39403	0.00894	0.01358	0.04110	0.00469	0.00599
26	0.04606	0.04039	0.10218	0.04409	0.08928	0.04661	0.12297	0.09193	0.13306	0.02649	0.01632	0.01882	0.01273	0.00825	0.00946	0.00235	0.10232	0.00672	0.00471	0.07526
27	0.01073	0.00717	0.00812	0.00819	0.00820	0.00715	0.00459	0.01078	0.01093	0.01458	0.02410	0.07620	0.02788	0.71027	0.03664	0.00703	0.00708	0.01121	0.00459	0.00456
28	0.05062	0.64878	0.09902	0.01337	0.02007	0.02774	0.01388	0.02233	0.01504	0.01867	0.01060	0.01226	0.00946	0.00644	0.00497	0.00169	0.00813	0.00411	0.00323	0.00960
29	0.02047	0.65746	0.06646	0.01325	0.01977	0.02788	0.01333	0.04611	0.01607	0.04591	0.01148	0.01282	0.00999	0.00659	0.00507	0.00167	0.00802	0.00427	0.00357	0.00983
30	0.01310	0.00772	0.00861	0.00840	0.00994	0.00756	0.00594	0.03807	0.01600	0.04470	0.11138	0.10606	0.06822	0.17246	0.01359	0.00321	0.00464	0.01046	0.34329	0.00665
31	0.00912	0.00673	0.00857	0.01000	0.01084	0.00618	0.00690	0.01061	0.01480	0.01928	0.04672	0.59255	0.15856	0.02238	0.00939	0.00295	0.00432	0.04710	0.00689	0.00611
32	0.08762	0.06517	0.23175	0.01897	0.07550	0.07763	0.01754	0.09867	0.08267	0.14748	0.01776	0.01827	0.01272	0.00789	0.00687	0.00225	0.00877	0.00607	0.00534	0.01105
33	0.01937	0.01914	0.02592	0.19348	0.39076	0.12494	0.02011	0.02413	0.04391	0.04628	0.01460	0.01854	0.01167	0.00719	0.00728	0.00224	0.00957	0.00643	0.00396	0.01050
34	0.01005	0.00755	0.00870	0.00893	0.01097	0.00663	0.00668	0.01220	0.01718	0.04174	0.15967	0.19475	0.40730	0.01892	0.00897	0.00263	0.00411	0.05929	0.00716	0.00657
35	0.01489	0.03840	0.70064	0.02116	0.03213	0.01724	0.02743	0.02351	0.01567	0.02351	0.01332	0.01567	0.00940	0.00705	0.00705	0.00235	0.01097	0.00549	0.00313	0.01097
36	0.01771	0.05285	0.06237	0.18467	0.22098	0.07443	0.05486	0.02393	0.08881	0.04412	0.05942	0.02413	0.01722	0.00843	0.00748	0.00233	0.00892	0.03279	0.00456	0.00998
37	0.00903	0.00650	0.00857	0.01022	0.01074	0.00604	0.00684	0.01035	0.01432	0.01900	0.04232	0.70708	0.07537	0.02308	0.00945	0.00299	0.00428	0.02088	0.00689	0.00604
38	0.79154	0.01436	0.01091	0.00976	0.01436	0.01665	0.00804	0.02182	0.01263	0.03331	0.01034	0.01206	0.00804	0.00689	0.00459	0.00230	0.00574	0.00402	0.00459	0.00804
39	0.02044	0.01817	0.02432	0.07162	0.20491	0.04024	0.04721	0.18771	0.12878	0.02960	0.01690	0.01939	0.01324	0.00869	0.00979	0.00240	0.10942	0.00688	0.00520	0.03509
40	0.01837	0.01764	0.03013	0.04557	0.69279	0.01764	0.02278	0.02278	0.01690	0.02425	0.01396	0.01837	0.01176	0.00661	0.00735	0.00220	0.00882	0.00661	0.00367	0.01176
41	0.01747	0.01710	0.02725	0.25447	0.46119	0.05035	0.02171	0.02192	0.01646	0.02232	0.01361	0.01858	0.01107	0.00692	0.00734	0.00227	0.00937	0.00652	0.00356	0.01052
42	0.04921	0.12810	0.06455	0.01521	0.02131	0.04951	0.08946	0.07918	0.06246	0.05023	0.02063	0.02175	0.07402	0.00794	0.00657	0.00187	0.00756	0.00654	0.00492	0.23898
43	0.01048	0.00792	0.00982	0.01021	0.01182	0.00757	0.00755	0.01431	0.06738	0.02411	0.27215	0.28510	0.15137	0.01851	0.00904	0.00270	0.00428	0.07139	0.00739	0.00691
44	0.01722	0.01749	0.03137	0.02501	0.06081	0.04388	0.36101	0.07148	0.01795	0.02400	0.01944	0.06420	0.01788	0.05056	0.01147	0.00290	0.06196	0.08760	0.00458	0.00921
45	0.01550	0.01340	0.01418	0.05203	0.01730	0.07904	0.01023	0.07550	0.15345	0.02940	0.36979	0.04193	0.04539	0.01270	0.00820	0.00238	0.00582	0.03790	0.00724	0.00864
46	0.01537	0.01279	0.01710	0.01509	0.01657	0.04000	0.03701	0.04729	0.01383	0.05680	0.01789	0.05416	0.01722	0.12801	0.24213	0.00639	0.24213	0.00824	0.00437	0.00761
47	0.01062	0.00776	0.01025	0.01131	0.01284	0.00739	0.00907	0.01337	0.01715	0.02262	0.16659	0.22455	0.13194	0.01991	0.00961	0.00301	0.00524	0.30304	0.00711	0.00661
48	0.02158	0.02097	0.06353	0.05373	0.26277	0.10083	0.06397	0.13809	0.08331	0.06635	0.01662	0.01890	0.01276	0.00788	0.00802	0.00229	0.03557	0.00671	0.00498	0.01116
49	0.01702	0.01580	0.02604	0.26789	0.40847	0.01700	0.02081	0.05695	0.01709	0.02349	0.01521	0.05312	0.01297	0.00781	0.00748	0.00233	0.00893	0.00731	0.00391	0.01036
50	0.00997	0.00768	0.01022	0.01044	0.01205	0.00793	0.00799	0.01233	0.01428	0.01907	0.07207	0.11821	0.21875	0.03813	0.36960	0.00744	0.01224	0.03966	0.00545	0.00649
51	0.01402	0.01319	0.02227	0.72126	0.05113	0.01649	0.02062	0.01897	0.01484	0.01897	0.01319	0.01979	0.00990	0.00742	0.00742	0.00247	0.00990	0.00660	0.00330	0.00825
52	0.01296	0.01065	0.01354	0.01349	0.01539	0.04290	0.05100	0.06517	0.04574	0.02255	0.03528	0.43667	0.03954	0.01919	0.00921	0.00293	0.00614	0.14370	0.00660	0.00733
53	0.47901	0.26654	0.02116	0.01135	0.01650	0.06368	0.01003	0.02244	0.01399	0.02693	0.01040	0.01209	0.00865	0.00675	0.00478	0.00203	0.00697	0.00405	0.00406	0.00859
54	0.01469	0.01079	0.01804	0.01640	0.01940	0.01029	0.13793	0.01819	0.01704	0.09200	0.03386	0.19237	0.03533	0.01710	0.00952	0.00305	0.00739	0.33223	0.00649	0.00790
55	0.01229	0.04703	0.10418	0.01182	0.01478	0.00970	0.01022	0.01575	0.04162	0.05870	0.09267	0.34678	0.11325	0.04536	0.03797	0.00319	0.00616	0.01472	0.00627	0.00753
56	0.01837	0.22453	0.17716	0.01594	0.02232	0.07151	0.04345	0.09285	0.10518	0.02443	0.02386	0.02433	0.10776	0.00912	0.00681	0.00214	0.00839	0.00710	0.00479	0.00997
57	0.08758	0.10165	0.12300	0.03616	0.02163	0.04527	0.03160	0.13384	0.04367	0.10213	0.04315	0.02111	0.01536	0.06600	0.00909	0.00247	0.00789	0.00643	0.00533	0.09665
58	0.05401	0.26946	0.18470	0.01454	0.02041	0.05167	0.01477	0.05700	0.03543	0.02297	0.07606	0.09065	0.02058	0.03116	0.00754	0.00230	0.00797	0.02502	0.00457	0.00921
59	0.01659	0.22921	0.09470	0.05738	0.08469	0.06321	0.01453	0.02150	0.06949	0.02207	0.11405	0.07975	0.02400	0.01036	0.00778	0.00224	0.03915	0.03540	0.00478	0.00912
60	0.04096	0.15429	0.04898	0.01317	0.01752	0.06598	0.01125	0.05440	0.13073	0.06566	0.16770	0.05379	0.05382	0.01059	0.00761	0.00217	0.02887	0.00843	0.00602	0.05809
61	0.01931	0.05763	0.04825	0.01593	0.05026	0.10257	0.01262	0.02278	0.04426	0.14098	0.07264	0.06909	0.08504	0.01167	0.01055	0.00241	0.13687	0.03204	0.00568	0.05941
62	0.07009	0.09855	0.12310	0.01601	0.06322	0.09957	0.01367	0.02096	0.03759	0.04694	0.10126	0.03163	0.12222	0.01074	0.00813	0.00226	0.04762	0.03544	0.00509	0.04593
63	0.11813	0.10038	0.09182	0.01655	0.04146	0.11474	0.06363	0.04633	0.04441	0.16153	0.06479	0.02443	0.03765	0.00901	0.00699	0.00224	0.00827	0.03212	0.00562	0.00991
64	0.01724	0.19283	0.13510	0.06159	0.05076	0.03900	0.06249	0.05364	0.04335	0.04104	0.09290	0.05702	0.02044	0.00936	0.00774	0.00221	0.03757	0.02513	0.00471	0.04588
65	0.01964	0.16429	0.06013	0.04956	0.07479	0.05726	0.01339	0.11892	0.01992	0.10048	0.10925	0.09491	0.04310	0.01066	0.00777	0.00224	0.02969	0.00862	0.00571	0.00967

[dist]
# distance from previous block
# <min> <max>
4	22

[block]
# block no. 2 follows, 27 sequences, length 14
# corresponding to MSA columns:
# 384-392,396-400
name=unknown_C
#
# <colnr> <probs for GDERKNQSTAVLIFYWHMCP>
#	G	D	E	R	K	N	Q	S	T	A	V	L	I	F	Y	W	H	M	C	P
0	0.01995	0.15172	0.13050	0.13556	0.02837	0.13250	0.05684	0.11151	0.04384	0.03789	0.05403	0.01886	0.01437	0.00789	0.00690	0.00213	0.00952	0.00625	0.00451	0.02686
1	0.13482	0.08967	0.16186	0.06050	0.02392	0.09853	0.05710	0.02411	0.04581	0.09069	0.03686	0.02146	0.06009	0.00829	0.00669	0.00217	0.00850	0.00650	0.00476	0.05768
2	0.01673	0.01357	0.03546	0.01195	0.01641	0.04124	0.00946	0.05791	0.05797	0.07387	0.06477	0.09018	0.02122	0.06850	0.01080	0.05718	0.00621	0.00789	0.00548	0.33318
3	0.01479	0.20974	0.08781	0.06933	0.01974	0.06687	0.02826	0.01777	0.01584	0.01993	0.09481	0.16076	0.07019	0.06576	0.02501	0.00282	0.00769	0.01010	0.00484	0.00794
4	0.02138	0.57199	0.08214	0.01367	0.02026	0.02632	0.01367	0.07145	0.01717	0.08384	0.01286	0.01386	0.01058	0.00686	0.00537	0.00176	0.00802	0.00460	0.00405	0.01015
5	0.01518	0.07152	0.30107	0.01609	0.02344	0.01466	0.04079	0.02192	0.06881	0.04001	0.05057	0.06484	0.06390	0.00909	0.00703	0.00211	0.00796	0.00755	0.00463	0.16882
6	0.01063	0.00713	0.00815	0.00832	0.00836	0.00708	0.00473	0.01075	0.01113	0.01484	0.02510	0.11541	0.02914	0.66933	0.03503	0.00679	0.00692	0.01180	0.00473	0.00465
7	0.01964	0.60959	0.09562	0.01385	0.02039	0.05491	0.01402	0.02366	0.05463	0.01883	0.01181	0.01323	0.01029	0.00669	0.00521	0.00172	0.00830	0.00440	0.00346	0.00975
8	0.02150	0.01974	0.05365	0.02166	0.10566	0.13542	0.12163	0.13174	0.02073	0.11432	0.02158	0.15768	0.01947	0.01071	0.00790	0.00238	0.00900	0.00954	0.00567	0.01004
9	0.00999	0.00740	0.01030	0.06727	0.01466	0.00731	0.00872	0.01209	0.01531	0.02043	0.09921	0.52126	0.04704	0.02085	0.00936	0.00297	0.00504	0.10768	0.00672	0.00641
10	0.01152	0.01045	0.01306	0.07826	0.01709	0.05752	0.05700	0.01361	0.01539	0.01917	0.04141	0.34545	0.19637	0.07526	0.01111	0.00306	0.00617	0.01552	0.00592	0.00665
11	0.06668	0.24023	0.12634	0.01533	0.02154	0.09868	0.05019	0.02531	0.06089	0.11125	0.01993	0.02049	0.06201	0.00814	0.00641	0.00203	0.00837	0.00620	0.00478	0.04521
12	0.01596	0.02931	0.40618	0.06622	0.03312	0.01773	0.17749	0.02551	0.10852	0.02434	0.01607	0.01864	0.01173	0.00731	0.00755	0.00242	0.01056	0.00674	0.00391	0.01068
13	0.01713	0.01663	0.05550	0.02396	0.05910	0.01482	0.36356	0.02204	0.01725	0.08660	0.06844	0.08007	0.01974	0.01202	0.05762	0.00307	0.01047	0.00942	0.00487	0.05769

[dist]
# distance from previous block
# <min> <max>
2	100

[block]
# block no. 3 follows, 27 sequences, length 29
# corresponding to MSA columns:
# 520-548
name=unknown_D
#
# <colnr> <probs for GDERKNQSTAVLIFYWHMCP>
#	G	D	E	R	K	N	Q	S	T	A	V	L	I	F	Y	W	H	M	C	P
0	0.04051	0.01519	0.01819	0.01719	0.09987	0.06022	0.04618	0.06771	0.08910	0.05528	0.10300	0.02824	0.08986	0.00928	0.00712	0.00197	0.00666	0.00787	0.00570	0.23084
1	0.06226	0.12837	0.12178	0.04518	0.06459	0.01920	0.13094	0.10459	0.07060	0.05005	0.05630	0.01996	0.01534	0.00801	0.00778	0.00224	0.03916	0.00679	0.00483	0.04203
2	0.00990	0.00870	0.04007	0.01060	0.01219	0.00734	0.00800	0.01280	0.04920	0.02054	0.07225	0.48754	0.17037	0.02057	0.00913	0.00285	0.00464	0.03985	0.00681	0.00666
3	0.02340	0.06161	0.05129	0.01605	0.02153	0.02080	0.01354	0.32180	0.29232	0.06436	0.02265	0.02167	0.01658	0.00916	0.00731	0.00232	0.00728	0.00719	0.00711	0.01202
4	0.02028	0.24572	0.29388	0.01807	0.02601	0.08115	0.06301	0.04992	0.01746	0.09809	0.01434	0.01580	0.01072	0.00715	0.00651	0.00208	0.00974	0.00546	0.00410	0.01051
5	0.01654	0.09968	0.57666	0.02082	0.05416	0.01798	0.02497	0.02411	0.01599	0.06248	0.01401	0.01599	0.01003	0.00710	0.00688	0.00227	0.01035	0.00551	0.00351	0.01097
6	0.01545	0.01458	0.02813	0.02134	0.02652	0.01351	0.35736	0.02007	0.01804	0.06459	0.11460	0.04055	0.14520	0.01127	0.00883	0.00256	0.00884	0.07424	0.00552	0.00879
7	0.01506	0.01362	0.02247	0.21966	0.32513	0.01448	0.01858	0.01911	0.01610	0.02190	0.02114	0.10539	0.02074	0.01108	0.00811	0.00258	0.00828	0.12277	0.00448	0.00932
8	0.02223	0.05135	0.34108	0.01971	0.05685	0.01625	0.05642	0.07968	0.01912	0.23692	0.01872	0.01910	0.01270	0.00779	0.00724	0.00230	0.00917	0.00639	0.00544	0.01156
9	0.01537	0.01462	0.02449	0.49084	0.22845	0.01718	0.02096	0.01997	0.01521	0.02038	0.01320	0.01918	0.01041	0.00753	0.00841	0.00244	0.05213	0.00660	0.00340	0.00922
10	0.00935	0.00770	0.00832	0.00863	0.01099	0.00668	0.00678	0.01150	0.01695	0.02044	0.06874	0.07366	0.57330	0.01911	0.00904	0.00267	0.00431	0.12857	0.00688	0.00637
11	0.01848	0.02259	0.30287	0.13323	0.02868	0.01381	0.01905	0.02397	0.01684	0.18887	0.02182	0.10119	0.01803	0.01022	0.00767	0.00249	0.00867	0.04609	0.00529	0.01015
12	0.01662	0.01977	0.19091	0.33797	0.09724	0.01574	0.05372	0.02208	0.01603	0.09409	0.01661	0.05741	0.01302	0.00824	0.00751	0.00243	0.00952	0.00730	0.00414	0.00968
13	0.02718	0.03433	0.02158	0.02070	0.06277	0.66819	0.01485	0.02924	0.02079	0.01853	0.01162	0.01368	0.00969	0.00759	0.00673	0.00193	0.01312	0.00489	0.00382	0.00879
14	0.01491	0.01430	0.02480	0.57397	0.15052	0.01681	0.06009	0.01985	0.01533	0.02008	0.01343	0.01958	0.01027	0.00723	0.00749	0.00243	0.00989	0.00673	0.00339	0.00890
15	0.01422	0.01674	0.10324	0.21797	0.07474	0.01476	0.21197	0.01904	0.01571	0.02125	0.02062	0.19486	0.02000	0.01087	0.00828	0.00259	0.00937	0.01069	0.00432	0.00876
16	0.01362	0.01218	0.05712	0.12718	0.12983	0.01099	0.03668	0.01674	0.01560	0.06690	0.03107	0.34978	0.07145	0.01531	0.00846	0.00266	0.00669	0.01388	0.00564	0.00820
17	0.03331	0.01263	0.01723	0.01321	0.01895	0.01091	0.01091	0.03618	0.02125	0.69794	0.02929	0.02527	0.01838	0.00919	0.00747	0.00230	0.00632	0.00747	0.00919	0.01263
18	0.01256	0.01822	0.20451	0.01819	0.06226	0.01188	0.11288	0.01700	0.01593	0.02160	0.03448	0.22881	0.15559	0.01426	0.00847	0.00262	0.00764	0.03949	0.00519	0.00841
19	0.01663	0.02940	0.41892	0.06658	0.11158	0.01742	0.11280	0.02354	0.01608	0.05756	0.01425	0.01736	0.01045	0.00734	0.00829	0.00241	0.04879	0.00629	0.00361	0.01070
20	0.01280	0.01168	0.01847	0.43405	0.09734	0.01334	0.01624	0.01665	0.01535	0.01966	0.02857	0.11852	0.14492	0.01150	0.00793	0.00252	0.00793	0.01014	0.00447	0.00792
21	0.01338	0.01224	0.02027	0.55359	0.08143	0.01468	0.01827	0.01764	0.01485	0.01927	0.01824	0.14845	0.01707	0.01023	0.00779	0.00256	0.00883	0.00921	0.00397	0.00805
22	0.01597	0.01550	0.10185	0.10643	0.20822	0.01297	0.04552	0.01988	0.01619	0.09409	0.02446	0.24008	0.02425	0.01251	0.00813	0.00256	0.00766	0.02911	0.00523	0.00937
23	0.02771	0.01901	0.14861	0.01772	0.04924	0.03442	0.07210	0.03199	0.01970	0.46524	0.02390	0.02238	0.01554	0.00838	0.00747	0.00231	0.00805	0.00709	0.00720	0.01193
24	0.01573	0.01494	0.02535	0.45600	0.30303	0.01694	0.02147	0.02047	0.01565	0.02104	0.01350	0.01924	0.01063	0.00711	0.00739	0.00237	0.00947	0.00660	0.00345	0.00963
25	0.01187	0.01033	0.01692	0.01641	0.05456	0.00983	0.13059	0.01515	0.03385	0.02094	0.03748	0.33977	0.11283	0.04361	0.01023	0.00301	0.00655	0.11267	0.00606	0.00734
26	0.01863	0.02006	0.12968	0.06264	0.37189	0.04142	0.06579	0.02339	0.01709	0.08687	0.01755	0.06120	0.01487	0.00833	0.00760	0.00234	0.00907	0.02635	0.00438	0.01086
27	0.02409	0.02179	0.18757	0.07704	0.06078	0.08137	0.06083	0.02878	0.01885	0.30907	0.04196	0.02159	0.01548	0.00823	0.00741	0.00230	0.00889	0.00689	0.00602	0.01107
28	0.01975	0.01738	0.06242	0.05900	0.04616	0.10215	0.08554	0.02546	0.09950	0.15327	0.02651	0.10741	0.04567	0.01172	0.00860	0.00255	0.03069	0.08063	0.00600	0.00959

[dist]
# distance from previous block
# <min> <max>
0	237

# created by:
# /home/cegg/simao/soft/augustus-3.2.1/scripts/msa2prfl.pl ./align_prep/EOG090W0AY8.fa
