[name]
unknown

[dist]
# distance from previous block
# <min> <max>
1	67

[block]
# block no. 0 follows, 36 sequences, length 63
# corresponding to MSA columns:
# 67-129
name=unknown_A
#
# <colnr> <probs for GDERKNQSTAVLIFYWHMCP>
#	G	D	E	R	K	N	Q	S	T	A	V	L	I	F	Y	W	H	M	C	P
0	0.03896	0.04187	0.04280	0.01465	0.05760	0.05814	0.04419	0.26045	0.13777	0.10065	0.03789	0.03882	0.01473	0.02719	0.02963	0.00225	0.00683	0.00633	0.03009	0.00916
1	0.03270	0.01237	0.03281	0.01364	0.06996	0.04310	0.04104	0.09983	0.10762	0.17512	0.06655	0.12803	0.06979	0.02760	0.00710	0.00207	0.00562	0.00838	0.00567	0.05100
2	0.08099	0.04126	0.06308	0.06567	0.09005	0.04745	0.04855	0.15868	0.06156	0.12188	0.03364	0.08237	0.01468	0.00789	0.00606	0.00191	0.00650	0.00660	0.02649	0.03469
3	0.05629	0.01426	0.03985	0.03171	0.05185	0.07021	0.03513	0.09712	0.21661	0.15510	0.08339	0.04509	0.01843	0.00809	0.00621	0.00193	0.00598	0.00672	0.00563	0.05042
4	0.01672	0.05638	0.02133	0.09802	0.28452	0.03227	0.06311	0.08641	0.10272	0.09151	0.07113	0.01911	0.01504	0.00690	0.00625	0.00191	0.00686	0.00621	0.00446	0.00913
5	0.12127	0.05652	0.34059	0.01797	0.06939	0.01526	0.12791	0.09907	0.01506	0.02304	0.03078	0.01442	0.00981	0.00607	0.00585	0.00191	0.00806	0.00515	0.00345	0.02840
6	0.01615	0.01496	0.02446	0.07461	0.60391	0.01529	0.03544	0.09952	0.01584	0.02227	0.01208	0.01547	0.00986	0.00580	0.00621	0.00187	0.00746	0.00560	0.00343	0.00976
7	0.01072	0.00548	0.00822	0.00822	0.00828	0.00554	0.00554	0.00828	0.00822	0.01102	0.01114	0.01924	0.01108	0.02302	0.06457	0.77428	0.00603	0.00548	0.00274	0.00286
8	0.01712	0.73224	0.03161	0.01104	0.01622	0.07555	0.01076	0.01909	0.01301	0.01470	0.00873	0.01008	0.00800	0.00541	0.00411	0.00135	0.00698	0.00338	0.00270	0.00794
9	0.00755	0.00556	0.00708	0.00830	0.00894	0.00509	0.00562	0.00872	0.01229	0.01605	0.03894	0.66225	0.15296	0.01892	0.00786	0.00246	0.00354	0.01698	0.00578	0.00509
10	0.00856	0.00620	0.00829	0.00864	0.00959	0.00623	0.00630	0.01026	0.01246	0.01703	0.17126	0.22614	0.09178	0.10195	0.22231	0.02658	0.00755	0.04862	0.00502	0.00523
11	0.02345	0.01406	0.01606	0.01263	0.01721	0.01476	0.01033	0.35987	0.12394	0.27590	0.01992	0.01860	0.01365	0.00769	0.00618	0.00191	0.00589	0.00604	0.04164	0.01029
12	0.26744	0.01258	0.01381	0.01094	0.01551	0.01289	0.00903	0.18180	0.01822	0.37103	0.01762	0.01646	0.01172	0.00708	0.00553	0.00191	0.00551	0.00525	0.00622	0.00944
13	0.00876	0.00637	0.00824	0.00777	0.00927	0.00585	0.00583	0.01164	0.01749	0.02463	0.70971	0.04712	0.08818	0.01287	0.00735	0.00197	0.00295	0.01135	0.00681	0.00585
14	0.01198	0.00701	0.00759	0.00745	0.00903	0.00713	0.00554	0.09179	0.01460	0.02323	0.02314	0.20555	0.02151	0.01026	0.00544	0.00176	0.00352	0.00868	0.52863	0.00616
15	0.00796	0.00581	0.00749	0.00819	0.00907	0.00534	0.00572	0.00968	0.01396	0.01889	0.26203	0.47649	0.11230	0.01700	0.00770	0.00231	0.00336	0.01523	0.00613	0.00534
16	0.01260	0.03151	0.71568	0.01815	0.02723	0.01453	0.05537	0.01974	0.01323	0.01974	0.01125	0.01332	0.00797	0.00589	0.00599	0.00198	0.00927	0.00473	0.00266	0.00917
17	0.01177	0.01107	0.01869	0.76606	0.04291	0.01384	0.01730	0.01592	0.01246	0.01592	0.01107	0.01661	0.00831	0.00623	0.00623	0.00208	0.00831	0.00554	0.00277	0.00692
18	0.01200	0.01046	0.01510	0.06492	0.15970	0.01196	0.01142	0.04471	0.04363	0.01825	0.02052	0.30794	0.02202	0.01248	0.01018	0.00233	0.18539	0.01027	0.02970	0.00702
19	0.01292	0.01107	0.01292	0.00923	0.01477	0.00831	0.00738	0.01569	0.01292	0.02030	0.01107	0.01292	0.00923	0.00461	0.00461	0.00092	0.00461	0.00369	0.00369	0.81912
20	0.00855	0.00662	0.00783	0.00748	0.00925	0.00603	0.00562	0.01157	0.04408	0.02210	0.46830	0.05046	0.30197	0.01366	0.00731	0.00202	0.00309	0.01178	0.00645	0.00581
21	0.00779	0.00621	0.00698	0.00703	0.00874	0.00540	0.00518	0.00968	0.01485	0.01894	0.24382	0.14837	0.46417	0.01543	0.00744	0.00212	0.00316	0.01322	0.00608	0.00540
22	0.01764	0.01394	0.01487	0.01270	0.01657	0.01569	0.01007	0.20775	0.48568	0.05690	0.02468	0.02300	0.05505	0.00856	0.00636	0.00204	0.00534	0.00697	0.00634	0.00983
23	0.01404	0.01333	0.02203	0.20186	0.39577	0.01338	0.05788	0.01776	0.01357	0.01929	0.01150	0.01530	0.00936	0.00551	0.00595	0.00174	0.00726	0.00529	0.00313	0.16607
24	0.01542	0.11368	0.18209	0.01377	0.05823	0.01375	0.01266	0.08543	0.07258	0.05905	0.01304	0.01419	0.01004	0.00579	0.00529	0.00150	0.00633	0.00454	0.00395	0.30868
25	0.00943	0.00686	0.00928	0.01070	0.03303	0.00681	0.00785	0.03822	0.01325	0.01760	0.03084	0.40821	0.03507	0.06247	0.04167	0.00312	0.00528	0.24921	0.00548	0.00560
26	0.01981	0.04962	0.07289	0.01561	0.01961	0.41696	0.05407	0.07662	0.14763	0.01962	0.01400	0.04053	0.01144	0.00718	0.00595	0.00180	0.00915	0.00538	0.00403	0.00812
27	0.04710	0.26092	0.29137	0.01390	0.03688	0.01676	0.01481	0.05021	0.03038	0.07164	0.01175	0.01296	0.00900	0.00582	0.00514	0.00164	0.00718	0.00429	0.00343	0.10485
28	0.00860	0.00716	0.00764	0.00808	0.00954	0.03090	0.00582	0.01087	0.05067	0.01711	0.06965	0.31668	0.35294	0.04068	0.00828	0.00239	0.00386	0.03793	0.00570	0.00548
29	0.01280	0.03010	0.65058	0.01893	0.02774	0.01465	0.11906	0.01976	0.01337	0.01976	0.01138	0.01366	0.00811	0.00583	0.00612	0.00199	0.00939	0.00498	0.00270	0.00910
30	0.01614	0.01618	0.13851	0.07279	0.21982	0.01330	0.12254	0.03699	0.07258	0.13482	0.05572	0.04300	0.01471	0.00707	0.00647	0.00199	0.00732	0.00661	0.00435	0.00910
31	0.01569	0.09027	0.11562	0.13886	0.28675	0.12492	0.10239	0.01962	0.01423	0.01827	0.01107	0.01437	0.00889	0.00577	0.00601	0.00185	0.00864	0.00522	0.00297	0.00860
32	0.00944	0.00687	0.00870	0.00850	0.00925	0.00731	0.00594	0.01145	0.04229	0.01612	0.16160	0.03739	0.02793	0.37128	0.19482	0.00578	0.03407	0.03181	0.00442	0.00504
33	0.03807	0.04704	0.02450	0.02432	0.25729	0.01431	0.21727	0.07285	0.01483	0.04594	0.01478	0.05949	0.01303	0.03509	0.04860	0.00258	0.02896	0.02882	0.00377	0.00845
34	0.04469	0.11263	0.17894	0.02222	0.22988	0.10629	0.07638	0.04786	0.03158	0.05124	0.01259	0.03568	0.01022	0.00632	0.00587	0.00184	0.00807	0.00538	0.00346	0.00887
35	0.00946	0.00672	0.00949	0.01020	0.01145	0.00656	0.02453	0.01156	0.01315	0.03947	0.05403	0.32834	0.07326	0.02064	0.09273	0.00343	0.00605	0.26777	0.00552	0.00565
36	0.00815	0.00625	0.00914	0.00966	0.01044	0.00584	0.05314	0.00946	0.01200	0.01596	0.03285	0.65810	0.05924	0.06644	0.00939	0.00271	0.00421	0.01634	0.00548	0.00521
37	0.01746	0.10073	0.01913	0.01578	0.09258	0.10198	0.07734	0.16465	0.01660	0.07807	0.01505	0.07641	0.01331	0.04642	0.02788	0.11077	0.00739	0.00648	0.00428	0.00770
38	0.01424	0.08307	0.10787	0.17995	0.15616	0.01578	0.21213	0.02059	0.11018	0.01952	0.01334	0.01638	0.01027	0.00602	0.00632	0.00197	0.00826	0.00595	0.00339	0.00860
39	0.00781	0.00626	0.00697	0.00693	0.00872	0.00543	0.00514	0.00975	0.01504	0.01915	0.25856	0.10725	0.49077	0.01516	0.00740	0.00209	0.00313	0.01293	0.00610	0.00543
40	0.01250	0.03223	0.74875	0.01776	0.02697	0.01447	0.02302	0.01973	0.01315	0.01973	0.01118	0.01315	0.00789	0.00592	0.00592	0.00197	0.00921	0.00460	0.00263	0.00921
41	0.00952	0.00689	0.00847	0.00848	0.00918	0.00724	0.00574	0.03239	0.04449	0.01554	0.05773	0.18324	0.04335	0.36807	0.15190	0.00538	0.02259	0.01030	0.00447	0.00504
42	0.01250	0.03223	0.74875	0.01776	0.02697	0.01447	0.02302	0.01973	0.01315	0.01973	0.01118	0.01315	0.00789	0.00592	0.00592	0.00197	0.00921	0.00460	0.00263	0.00921
43	0.01990	0.02325	0.02028	0.10862	0.17735	0.44709	0.04466	0.05246	0.01668	0.01766	0.01060	0.01316	0.00863	0.00621	0.00591	0.00175	0.00985	0.00473	0.00326	0.00795
44	0.02368	0.01745	0.01870	0.01434	0.01932	0.01932	0.01184	0.72139	0.02929	0.03927	0.01496	0.01496	0.01060	0.00748	0.00623	0.00187	0.00686	0.00561	0.00623	0.01060
45	0.00933	0.00736	0.01018	0.01060	0.01106	0.00833	0.00797	0.01059	0.01138	0.01567	0.02639	0.44672	0.03044	0.01998	0.07536	0.04116	0.15720	0.09003	0.00482	0.00542
46	0.01460	0.01386	0.02339	0.03510	0.66618	0.01380	0.01770	0.01805	0.01403	0.01993	0.01506	0.06961	0.03719	0.00687	0.00633	0.00191	0.00699	0.00665	0.00336	0.00938
47	0.02289	0.01875	0.01775	0.01410	0.01858	0.13914	0.01142	0.56470	0.02641	0.03437	0.01441	0.01485	0.01050	0.00729	0.00602	0.00180	0.00733	0.00536	0.05456	0.00975
48	0.01842	0.58361	0.02865	0.01210	0.01686	0.21950	0.01103	0.02031	0.01399	0.01482	0.00892	0.01033	0.00800	0.00562	0.00443	0.00141	0.00788	0.00351	0.00281	0.00779
49	0.01224	0.01084	0.01463	0.01289	0.01309	0.01417	0.01014	0.02893	0.00989	0.01453	0.01288	0.02217	0.02917	0.20376	0.04289	0.06713	0.46519	0.00656	0.00315	0.00576
50	0.01250	0.03223	0.74875	0.01776	0.02697	0.01447	0.02302	0.01973	0.01315	0.01973	0.01118	0.01315	0.00789	0.00592	0.00592	0.00197	0.00921	0.00460	0.00263	0.00921
51	0.00828	0.00649	0.00839	0.04176	0.03617	0.00608	0.00676	0.01006	0.01348	0.01746	0.11148	0.37239	0.25329	0.01647	0.00763	0.00233	0.00390	0.06642	0.00566	0.00550
52	0.01272	0.01328	0.05557	0.53174	0.15981	0.01423	0.09002	0.01705	0.01302	0.01726	0.01135	0.01627	0.00867	0.00600	0.00632	0.00204	0.00842	0.00568	0.00286	0.00768
53	0.01418	0.01198	0.01771	0.04413	0.21461	0.01379	0.01329	0.03503	0.01310	0.07395	0.01941	0.06811	0.07653	0.01051	0.01157	0.00233	0.27003	0.07797	0.00405	0.00770
54	0.01238	0.02960	0.65658	0.01809	0.05063	0.01399	0.04584	0.01910	0.01330	0.01959	0.01424	0.01606	0.05020	0.00645	0.00606	0.00198	0.00884	0.00522	0.00285	0.00898
55	0.03422	0.01747	0.11350	0.14408	0.25986	0.09263	0.09608	0.03906	0.04329	0.01964	0.01370	0.05972	0.01174	0.00697	0.00633	0.00198	0.00811	0.01974	0.00344	0.00846
56	0.01495	0.47514	0.32729	0.01358	0.02051	0.02046	0.01575	0.01910	0.01286	0.01675	0.00970	0.01129	0.00795	0.00557	0.00479	0.00160	0.00771	0.00386	0.00265	0.00849
57	0.01345	0.01394	0.07176	0.02290	0.25678	0.03770	0.14560	0.01733	0.03582	0.04212	0.02084	0.17289	0.04821	0.00980	0.00695	0.00213	0.00705	0.06253	0.00417	0.00802
58	0.01474	0.01386	0.01876	0.11144	0.32041	0.09148	0.02862	0.06551	0.01543	0.03475	0.06567	0.11227	0.06294	0.00871	0.00652	0.00196	0.00688	0.00777	0.00412	0.00814
59	0.01356	0.01589	0.09878	0.16117	0.03099	0.01397	0.42579	0.01830	0.01400	0.03932	0.01570	0.07390	0.03443	0.00695	0.00702	0.00211	0.00908	0.00766	0.00343	0.00792
60	0.02079	0.01213	0.03705	0.04065	0.07843	0.03305	0.06383	0.06174	0.01666	0.38597	0.02337	0.10936	0.03793	0.00921	0.00664	0.00205	0.00612	0.03985	0.00608	0.00909
61	0.01369	0.08327	0.46629	0.04528	0.10028	0.03892	0.08365	0.03377	0.01386	0.01947	0.01299	0.01519	0.03355	0.00618	0.00599	0.00192	0.00873	0.00519	0.00293	0.00886
62	0.01256	0.01157	0.04184	0.04930	0.08840	0.01060	0.14980	0.05345	0.01485	0.02004	0.02730	0.33961	0.06637	0.01384	0.00795	0.00253	0.00653	0.07082	0.00518	0.00747

[dist]
# distance from previous block
# <min> <max>
5	12

[block]
# block no. 1 follows, 36 sequences, length 28
# corresponding to MSA columns:
# 143-170
name=unknown_B
#
# <colnr> <probs for GDERKNQSTAVLIFYWHMCP>
#	G	D	E	R	K	N	Q	S	T	A	V	L	I	F	Y	W	H	M	C	P
0	0.01642	0.47742	0.16090	0.01237	0.01808	0.04313	0.01277	0.05421	0.07279	0.04002	0.01282	0.01367	0.02952	0.00619	0.00486	0.00159	0.00700	0.00436	0.00339	0.00848
1	0.05854	0.03706	0.07972	0.01806	0.18032	0.01245	0.05115	0.10489	0.03232	0.12066	0.14386	0.04158	0.05448	0.00855	0.00642	0.00196	0.00606	0.02828	0.00508	0.00856
2	0.03026	0.00970	0.01088	0.00947	0.01211	0.04831	0.00737	0.05789	0.03930	0.18200	0.30979	0.03703	0.15392	0.03370	0.00793	0.00210	0.02536	0.00926	0.00636	0.00726
3	0.11026	0.01120	0.01228	0.01071	0.01390	0.01166	0.00836	0.21517	0.08125	0.06523	0.04297	0.23122	0.04799	0.01115	0.00643	0.00203	0.00499	0.02584	0.00568	0.08170
4	0.01309	0.01251	0.01959	0.08496	0.30778	0.03902	0.09197	0.01732	0.06660	0.01928	0.04290	0.14649	0.07132	0.00943	0.00679	0.00207	0.00666	0.03008	0.00415	0.00799
5	0.01411	0.03777	0.08022	0.02423	0.08747	0.01499	0.51699	0.01937	0.03668	0.01977	0.01676	0.01991	0.06795	0.00626	0.00704	0.00205	0.00930	0.00736	0.00341	0.00836
6	0.01535	0.01358	0.01367	0.01236	0.01558	0.05110	0.00947	0.03073	0.63669	0.02439	0.02412	0.02409	0.01878	0.07169	0.00838	0.00241	0.00533	0.00706	0.00598	0.00923
7	0.07424	0.01010	0.01335	0.07241	0.01684	0.00951	0.00923	0.02515	0.04273	0.49051	0.06569	0.06154	0.04099	0.00891	0.00636	0.00201	0.00523	0.02928	0.00674	0.00916
8	0.01428	0.01687	0.06899	0.08578	0.03197	0.01578	0.57687	0.01926	0.01407	0.01926	0.01209	0.01638	0.00919	0.00577	0.00813	0.00214	0.06497	0.00693	0.00306	0.00821
9	0.01638	0.73414	0.08084	0.01114	0.01673	0.02397	0.01149	0.01873	0.01269	0.01500	0.00883	0.01021	0.00799	0.00537	0.00413	0.00138	0.00683	0.00342	0.00266	0.00808
10	0.00868	0.00585	0.00712	0.00754	0.00780	0.00572	0.00469	0.00894	0.01014	0.01344	0.02548	0.25414	0.06620	0.42875	0.04845	0.07157	0.00550	0.01142	0.00437	0.00421
11	0.01169	0.02164	0.41023	0.01823	0.13982	0.01190	0.01727	0.01669	0.01344	0.01920	0.05401	0.09047	0.08432	0.03230	0.00722	0.00217	0.00733	0.03031	0.00363	0.00813
12	0.01666	0.78478	0.03265	0.01066	0.01599	0.02465	0.01066	0.01866	0.01266	0.01466	0.00866	0.00999	0.00800	0.00533	0.00400	0.00133	0.00666	0.00333	0.00267	0.00800
13	0.02383	0.01418	0.07551	0.01332	0.04360	0.03777	0.01114	0.14329	0.04173	0.45130	0.02144	0.04534	0.01502	0.00805	0.00632	0.00196	0.00611	0.02353	0.00656	0.01001
14	0.05798	0.01064	0.01180	0.01028	0.01276	0.04448	0.00798	0.18695	0.01596	0.09362	0.01590	0.01981	0.01298	0.04121	0.16029	0.14876	0.00789	0.00580	0.12803	0.00690
15	0.01553	0.01704	0.08642	0.04159	0.11537	0.11891	0.13140	0.05920	0.11320	0.04072	0.05982	0.04316	0.05831	0.00823	0.00720	0.00202	0.04203	0.02725	0.00432	0.00826
16	0.01596	0.14423	0.44534	0.01675	0.04968	0.01556	0.05280	0.04697	0.01445	0.12249	0.01291	0.01413	0.00922	0.00609	0.00576	0.00187	0.00817	0.00485	0.00353	0.00925
17	0.01339	0.03098	0.70631	0.01737	0.02633	0.01416	0.02222	0.02035	0.01342	0.06173	0.01196	0.01362	0.00833	0.00602	0.00594	0.00197	0.00898	0.00470	0.00292	0.00929
18	0.00887	0.00612	0.00821	0.05225	0.01092	0.00606	0.00629	0.01004	0.01149	0.03936	0.02878	0.52074	0.03333	0.16707	0.05712	0.00361	0.00519	0.01430	0.00514	0.00513
19	0.01944	0.03271	0.05553	0.02258	0.29096	0.08608	0.01421	0.11854	0.05376	0.17471	0.01652	0.04513	0.01295	0.00726	0.00621	0.00190	0.00703	0.02016	0.00479	0.00953
20	0.01839	0.01643	0.02384	0.06334	0.35712	0.10013	0.12100	0.09569	0.01661	0.10655	0.01343	0.01583	0.01025	0.00610	0.00630	0.00188	0.00805	0.00573	0.00397	0.00937
21	0.00906	0.00604	0.00680	0.00680	0.00680	0.00604	0.00378	0.00906	0.00906	0.01208	0.01963	0.04077	0.02265	0.78103	0.03171	0.00604	0.00604	0.00906	0.00378	0.00378
22	0.01467	0.01466	0.04022	0.04560	0.41529	0.01428	0.16534	0.04342	0.03193	0.02087	0.04926	0.04766	0.01357	0.00669	0.00691	0.00195	0.02874	0.00667	0.00357	0.02870
23	0.00963	0.00835	0.05109	0.00897	0.02514	0.00692	0.00630	0.01112	0.02378	0.01524	0.04338	0.20817	0.02529	0.40875	0.01959	0.00407	0.00539	0.01014	0.00430	0.10438
24	0.09487	0.01250	0.07420	0.01139	0.01648	0.01001	0.01009	0.02846	0.01683	0.62544	0.02212	0.01960	0.01406	0.00740	0.00603	0.00193	0.00558	0.00588	0.00697	0.01016
25	0.01650	0.07152	0.08085	0.01259	0.04278	0.01332	0.01067	0.20148	0.03842	0.04847	0.01331	0.03056	0.01059	0.00610	0.00534	0.00143	0.00586	0.00480	0.00442	0.38099
26	0.04217	0.01123	0.01753	0.55586	0.09472	0.01342	0.01546	0.01730	0.07299	0.01779	0.01533	0.01938	0.05006	0.00690	0.00617	0.00204	0.00742	0.00601	0.02093	0.00729
27	0.01031	0.00947	0.04050	0.01194	0.07516	0.00855	0.03308	0.02989	0.10532	0.02098	0.21855	0.14389	0.24243	0.01277	0.00713	0.00210	0.00434	0.01117	0.00569	0.00675

[dist]
# distance from previous block
# <min> <max>
5	9

[block]
# block no. 2 follows, 36 sequences, length 18
# corresponding to MSA columns:
# 180-196,198
name=unknown_C
#
# <colnr> <probs for GDERKNQSTAVLIFYWHMCP>
#	G	D	E	R	K	N	Q	S	T	A	V	L	I	F	Y	W	H	M	C	P
0	0.05133	0.06488	0.01957	0.04114	0.26814	0.07669	0.02906	0.10145	0.14702	0.02286	0.03304	0.03796	0.04782	0.00741	0.00604	0.00188	0.00665	0.00630	0.02192	0.00885
1	0.02280	0.01701	0.01820	0.01416	0.01898	0.01891	0.01163	0.64662	0.10552	0.03783	0.01609	0.01586	0.01151	0.00759	0.00624	0.00190	0.00665	0.00577	0.00624	0.01052
2	0.01065	0.00860	0.00974	0.00998	0.01150	0.02842	0.00721	0.01668	0.22947	0.01896	0.05226	0.40114	0.06420	0.01673	0.04067	0.04420	0.00483	0.01260	0.00565	0.00651
3	0.01708	0.18593	0.16087	0.05520	0.07481	0.22002	0.05830	0.06343	0.01536	0.01834	0.02728	0.01397	0.00992	0.00821	0.04379	0.00214	0.00922	0.00478	0.00322	0.00811
4	0.01189	0.01132	0.01947	0.73424	0.04247	0.01393	0.04750	0.01609	0.01256	0.01609	0.01114	0.01662	0.00836	0.00619	0.00628	0.00208	0.00840	0.00562	0.00279	0.00699
5	0.03031	0.01190	0.04631	0.06240	0.36978	0.01125	0.01337	0.01746	0.01376	0.05776	0.01730	0.05779	0.03584	0.00720	0.00577	0.00181	0.00584	0.00643	0.21951	0.00820
6	0.00759	0.00542	0.00723	0.00868	0.00904	0.00506	0.00578	0.00868	0.01193	0.01591	0.03434	0.77697	0.04121	0.01952	0.00795	0.00253	0.00361	0.01771	0.00578	0.00506
7	0.01606	0.52447	0.14256	0.01415	0.02019	0.02158	0.11382	0.05117	0.01379	0.01732	0.00990	0.01168	0.00831	0.00551	0.00487	0.00157	0.00761	0.00421	0.00289	0.00836
8	0.01410	0.15392	0.13555	0.24393	0.24001	0.01629	0.03562	0.01892	0.04973	0.01821	0.01162	0.01489	0.00922	0.00591	0.00580	0.00186	0.00777	0.00513	0.00301	0.00852
9	0.01624	0.01491	0.01658	0.06266	0.01828	0.08545	0.01182	0.08149	0.28177	0.03975	0.01619	0.01773	0.01280	0.00882	0.01095	0.00223	0.26302	0.00596	0.02496	0.00838
10	0.00765	0.00547	0.00728	0.00864	0.00905	0.00510	0.00579	0.00882	0.01219	0.01632	0.06650	0.74362	0.04201	0.01921	0.00793	0.00250	0.00358	0.01742	0.00583	0.00510
11	0.00858	0.00619	0.00833	0.00868	0.00969	0.00605	0.00639	0.01070	0.01404	0.01945	0.32032	0.26294	0.04308	0.05948	0.12434	0.00366	0.00566	0.07121	0.00574	0.00547
12	0.00770	0.00547	0.00720	0.00854	0.00888	0.00513	0.00564	0.00870	0.01172	0.01563	0.03329	0.72460	0.03989	0.07369	0.00964	0.00278	0.00379	0.01710	0.00564	0.00497
13	0.00808	0.00583	0.00757	0.00819	0.00902	0.00540	0.00569	0.00981	0.01398	0.01907	0.28905	0.45238	0.07879	0.04636	0.00863	0.00244	0.00344	0.01485	0.00609	0.00532
14	0.01133	0.00762	0.00941	0.00875	0.01082	0.00732	0.00670	0.01578	0.10529	0.09443	0.43863	0.08381	0.12690	0.01259	0.00720	0.00205	0.00358	0.03442	0.00666	0.00672
15	0.01524	0.08805	0.22875	0.02273	0.16866	0.07871	0.19122	0.03700	0.01433	0.01941	0.01126	0.01413	0.00882	0.00586	0.00667	0.00188	0.03929	0.00534	0.00304	0.03962
16	0.01365	0.04909	0.16445	0.02179	0.02786	0.01483	0.46527	0.01873	0.01436	0.01987	0.07188	0.04118	0.01405	0.00656	0.00730	0.00206	0.02820	0.00727	0.00341	0.00819
17	0.01672	0.04767	0.04188	0.03113	0.51994	0.11045	0.03315	0.03892	0.01507	0.03807	0.01257	0.01689	0.01066	0.00621	0.00613	0.00185	0.00785	0.03217	0.00338	0.00928

[dist]
# distance from previous block
# <min> <max>
0	1

[block]
# block no. 3 follows, 36 sequences, length 16
# corresponding to MSA columns:
# 200-215
name=unknown_D
#
# <colnr> <probs for GDERKNQSTAVLIFYWHMCP>
#	G	D	E	R	K	N	Q	S	T	A	V	L	I	F	Y	W	H	M	C	P
0	0.67804	0.06190	0.01135	0.00894	0.01276	0.04959	0.00738	0.04314	0.01164	0.02629	0.00902	0.01066	0.00717	0.00642	0.00477	0.03142	0.00533	0.00355	0.00379	0.00684
1	0.08272	0.21766	0.04377	0.01820	0.13149	0.14147	0.09688	0.09419	0.05220	0.04821	0.01194	0.01356	0.00947	0.00606	0.00548	0.00173	0.00780	0.00484	0.00372	0.00860
2	0.10149	0.13353	0.04340	0.02404	0.30973	0.08936	0.07649	0.06328	0.04379	0.02099	0.01145	0.01393	0.00936	0.00599	0.00603	0.00182	0.02804	0.00503	0.00342	0.00881
3	0.01851	0.03116	0.05581	0.01876	0.14490	0.16963	0.05549	0.17009	0.05816	0.06811	0.03896	0.04010	0.03492	0.00866	0.02602	0.00211	0.03921	0.00619	0.00450	0.00872
4	0.01077	0.00884	0.01253	0.09511	0.05592	0.01019	0.00947	0.03328	0.02736	0.01739	0.12610	0.07837	0.04610	0.10196	0.19722	0.03066	0.12039	0.00815	0.00412	0.00610
5	0.01061	0.00729	0.03130	0.01069	0.05862	0.00692	0.00711	0.01045	0.03116	0.01321	0.01519	0.09375	0.01564	0.10573	0.10287	0.45794	0.00680	0.00716	0.00332	0.00426
6	0.00875	0.00624	0.00762	0.00804	0.00946	0.00560	0.00592	0.01052	0.01413	0.04764	0.16674	0.31872	0.28069	0.01640	0.00763	0.00229	0.00358	0.06845	0.00605	0.00555
7	0.00900	0.00682	0.00876	0.00910	0.01069	0.00599	0.00659	0.01064	0.01240	0.01715	0.02920	0.53629	0.03377	0.01607	0.00731	0.00222	0.00406	0.08888	0.00533	0.17974
8	0.01292	0.01107	0.01292	0.00923	0.01477	0.00831	0.00738	0.01569	0.01292	0.02030	0.01107	0.01292	0.00923	0.00461	0.00461	0.00092	0.00461	0.00369	0.00369	0.81912
9	0.01464	0.01661	0.03564	0.02563	0.03153	0.01597	0.67471	0.01964	0.01438	0.01964	0.01232	0.01661	0.00937	0.00561	0.00818	0.00214	0.05871	0.00723	0.00312	0.00830
10	0.64246	0.06256	0.03621	0.00946	0.01365	0.04548	0.00814	0.06364	0.01248	0.04566	0.00961	0.01085	0.00739	0.00594	0.00422	0.00187	0.00549	0.00366	0.00396	0.00727
11	0.01067	0.00933	0.01371	0.01660	0.20004	0.00888	0.03028	0.01306	0.01376	0.01888	0.11765	0.22038	0.17043	0.01213	0.00743	0.00204	0.03349	0.01073	0.00482	0.08571
12	0.01147	0.00999	0.01616	0.52304	0.03247	0.01231	0.01416	0.01421	0.01157	0.01523	0.03335	0.01885	0.01101	0.03980	0.04253	0.11293	0.06598	0.00587	0.00294	0.00614
13	0.03830	0.01401	0.04806	0.10614	0.21035	0.03567	0.12551	0.06676	0.07327	0.04498	0.03592	0.08417	0.01580	0.03929	0.00760	0.00221	0.00724	0.03229	0.00415	0.00827
14	0.04994	0.22587	0.35711	0.01561	0.03966	0.01742	0.04322	0.06992	0.01428	0.06329	0.01142	0.01301	0.00863	0.00615	0.00604	0.00183	0.03990	0.00455	0.00329	0.00885
15	0.66853	0.01375	0.04170	0.04111	0.01464	0.04209	0.00836	0.04057	0.04132	0.02689	0.00980	0.01125	0.00753	0.00599	0.00428	0.00193	0.00546	0.00376	0.00391	0.00712

[dist]
# distance from previous block
# <min> <max>
0	1

[block]
# block no. 4 follows, 36 sequences, length 40
# corresponding to MSA columns:
# 217-256
name=unknown_E
#
# <colnr> <probs for GDERKNQSTAVLIFYWHMCP>
#	G	D	E	R	K	N	Q	S	T	A	V	L	I	F	Y	W	H	M	C	P
0	0.01268	0.03110	0.70494	0.01746	0.02632	0.01453	0.02224	0.02053	0.05596	0.02011	0.01203	0.01376	0.00856	0.00607	0.00594	0.00198	0.00895	0.00475	0.00285	0.00925
1	0.01804	0.01528	0.01548	0.01328	0.01718	0.05386	0.01049	0.21348	0.51064	0.02899	0.02183	0.02046	0.01625	0.00809	0.00628	0.00202	0.00575	0.00651	0.00615	0.00992
2	0.00881	0.00629	0.00863	0.01007	0.01096	0.00611	0.00790	0.01078	0.01313	0.01727	0.03367	0.42542	0.03855	0.01837	0.00828	0.00270	0.00467	0.35724	0.00576	0.00540
3	0.01123	0.01044	0.01720	0.67196	0.03867	0.01277	0.01580	0.01504	0.01256	0.01598	0.01604	0.05914	0.06282	0.00761	0.00640	0.00210	0.00769	0.00672	0.00314	0.00670
4	0.01415	0.01827	0.12415	0.02450	0.03093	0.01517	0.60438	0.01948	0.01440	0.01977	0.01330	0.04673	0.01053	0.00591	0.00720	0.00210	0.01007	0.00742	0.00319	0.00837
5	0.01882	0.01287	0.01435	0.01236	0.01625	0.01411	0.00977	0.05870	0.53155	0.20093	0.02477	0.02244	0.01783	0.00824	0.00632	0.00206	0.00509	0.00680	0.00667	0.01007
6	0.02795	0.01060	0.01446	0.01109	0.01591	0.00916	0.00916	0.03036	0.01783	0.74648	0.02458	0.02121	0.01542	0.00771	0.00627	0.00193	0.00530	0.00627	0.00771	0.01060
7	0.01263	0.06866	0.66010	0.01734	0.02593	0.01475	0.04312	0.01933	0.01305	0.01926	0.01133	0.01358	0.00826	0.00756	0.03704	0.00228	0.00943	0.00471	0.00268	0.00897
8	0.01177	0.01107	0.01869	0.76606	0.04291	0.01384	0.01730	0.01592	0.01246	0.01592	0.01107	0.01661	0.00831	0.00623	0.00623	0.00208	0.00831	0.00554	0.00277	0.00692
9	0.00978	0.00729	0.00869	0.00820	0.01011	0.00696	0.00619	0.01410	0.10305	0.04309	0.44957	0.07398	0.20924	0.01304	0.00722	0.00203	0.00332	0.01130	0.00653	0.00632
10	0.00782	0.00570	0.00736	0.00828	0.00903	0.00525	0.00570	0.00933	0.01331	0.01784	0.18013	0.55891	0.11279	0.01778	0.00777	0.00237	0.00343	0.01596	0.00600	0.00525
11	0.01509	0.01495	0.04573	0.18245	0.29857	0.01517	0.18956	0.05568	0.01453	0.04080	0.01210	0.01597	0.00948	0.00613	0.00737	0.00202	0.05637	0.00598	0.00330	0.00875
12	0.01389	0.11522	0.55513	0.01677	0.02472	0.06156	0.04005	0.02080	0.05968	0.01930	0.01176	0.01343	0.00867	0.00603	0.00575	0.00189	0.00881	0.00466	0.00292	0.00897
13	0.01601	0.01370	0.01860	0.03367	0.22787	0.04321	0.06326	0.09966	0.17630	0.05655	0.03301	0.05195	0.03490	0.03226	0.00752	0.00210	0.02757	0.00694	0.04608	0.00883
14	0.01103	0.00586	0.00614	0.00615	0.00743	0.00581	0.00447	0.01361	0.01300	0.02208	0.07471	0.05316	0.02069	0.07883	0.00721	0.00195	0.00322	0.00693	0.65213	0.00560
15	0.82504	0.01205	0.00916	0.00819	0.01205	0.01398	0.00675	0.01832	0.01060	0.02795	0.00868	0.01012	0.00675	0.00578	0.00386	0.00193	0.00482	0.00337	0.00386	0.00675
16	0.05938	0.08772	0.06538	0.01358	0.01817	0.16904	0.04037	0.12612	0.15802	0.06874	0.01532	0.01670	0.01188	0.00693	0.00571	0.00176	0.00719	0.02333	0.00462	0.10004
17	0.01859	0.22749	0.13282	0.01760	0.09747	0.13496	0.08074	0.13656	0.01692	0.06349	0.01186	0.01336	0.00919	0.00610	0.00559	0.00172	0.00816	0.00479	0.00372	0.00887
18	0.00806	0.00591	0.00738	0.00826	0.00910	0.00549	0.00582	0.00943	0.01268	0.01655	0.08505	0.43368	0.17205	0.10363	0.01054	0.00284	0.00398	0.08882	0.00563	0.00508
19	0.01631	0.05056	0.02504	0.06621	0.35130	0.11803	0.15077	0.04589	0.04920	0.02021	0.03783	0.01638	0.01155	0.00610	0.00628	0.00187	0.00825	0.00586	0.00348	0.00887
20	0.01406	0.00766	0.01009	0.00886	0.01124	0.00699	0.00686	0.01721	0.03694	0.21679	0.51155	0.05766	0.04572	0.01146	0.00705	0.00197	0.00364	0.00999	0.00704	0.00722
21	0.01356	0.01314	0.02302	0.11887	0.24993	0.01366	0.18980	0.01847	0.07486	0.01964	0.03608	0.08368	0.01537	0.00795	0.00750	0.00210	0.04919	0.03333	0.02164	0.00820
22	0.00877	0.00609	0.00671	0.00671	0.00707	0.00591	0.00394	0.00904	0.00994	0.01289	0.02705	0.04405	0.14497	0.65048	0.02756	0.00537	0.00555	0.00976	0.00412	0.00403
23	0.00889	0.00669	0.00947	0.00963	0.01039	0.00757	0.00714	0.01054	0.01026	0.01447	0.02027	0.18039	0.02140	0.13700	0.46940	0.00758	0.05058	0.00919	0.00387	0.00529
24	0.73156	0.01268	0.01027	0.00891	0.01290	0.01460	0.00734	0.10034	0.01278	0.02927	0.00941	0.01069	0.00720	0.00598	0.00413	0.00192	0.00506	0.00363	0.00413	0.00720
25	0.02329	0.02919	0.01770	0.01598	0.01926	0.72585	0.01203	0.05340	0.01813	0.01623	0.00985	0.01139	0.00813	0.00646	0.00564	0.00162	0.01106	0.00408	0.00333	0.00736
26	0.02730	0.01041	0.01411	0.01087	0.01556	0.00902	0.00897	0.02973	0.01764	0.71758	0.02441	0.02129	0.01545	0.00769	0.00619	0.00191	0.00521	0.00625	0.03999	0.01041
27	0.01292	0.01107	0.01292	0.00923	0.01477	0.00831	0.00738	0.01569	0.01292	0.02030	0.01107	0.01292	0.00923	0.00461	0.00461	0.00092	0.00461	0.00369	0.00369	0.81912
28	0.01200	0.00755	0.00824	0.00770	0.00956	0.02166	0.00587	0.06483	0.01535	0.05185	0.17958	0.03461	0.12985	0.03295	0.00761	0.04277	0.00381	0.03338	0.32472	0.00610
29	0.79519	0.01200	0.00936	0.00830	0.01219	0.01380	0.00684	0.01877	0.01087	0.05487	0.00927	0.01054	0.00707	0.00586	0.00395	0.00193	0.00484	0.00348	0.00400	0.00689
30	0.00902	0.00611	0.00713	0.00707	0.00731	0.00609	0.00422	0.00950	0.01022	0.01387	0.11368	0.04084	0.02709	0.64958	0.05897	0.00567	0.00608	0.00925	0.00416	0.00413
31	0.00937	0.00733	0.01077	0.01050	0.01146	0.00883	0.00819	0.01142	0.00993	0.01442	0.01598	0.02409	0.01515	0.07406	0.65347	0.00913	0.09034	0.00666	0.00330	0.00561
32	0.01539	0.01489	0.02577	0.03775	0.71269	0.01484	0.04821	0.01916	0.01421	0.02034	0.01176	0.01548	0.00985	0.00554	0.00622	0.00186	0.00753	0.00563	0.00309	0.00981
33	0.00892	0.00660	0.00965	0.00965	0.01064	0.00759	0.00734	0.01089	0.00991	0.01420	0.01702	0.02631	0.01637	0.12910	0.67505	0.00957	0.01549	0.00694	0.00339	0.00536
34	0.01484	0.01415	0.02405	0.10556	0.64972	0.01439	0.01847	0.01855	0.01415	0.02011	0.03816	0.01667	0.01150	0.00588	0.00622	0.00188	0.00732	0.00576	0.00319	0.00945
35	0.00890	0.00668	0.01001	0.01001	0.01113	0.00779	0.00779	0.01113	0.01001	0.01446	0.01669	0.02448	0.01558	0.04673	0.75634	0.01001	0.01669	0.00668	0.00334	0.00556
36	0.01317	0.01118	0.01296	0.00950	0.01478	0.00882	0.00756	0.03679	0.04277	0.02095	0.01251	0.03753	0.01068	0.00533	0.00484	0.00105	0.00466	0.00433	0.00394	0.73666
37	0.05929	0.01604	0.04229	0.03832	0.29539	0.08574	0.01400	0.15015	0.04473	0.10179	0.01584	0.01718	0.03937	0.00673	0.00599	0.00183	0.00699	0.00562	0.00445	0.04826
38	0.04295	0.06038	0.06232	0.04884	0.09307	0.12824	0.01247	0.16501	0.04483	0.17957	0.01484	0.01547	0.01079	0.00685	0.00640	0.00181	0.03765	0.00518	0.00484	0.05848
39	0.01275	0.00935	0.01304	0.01114	0.01375	0.03171	0.09868	0.03486	0.03156	0.11423	0.23916	0.12726	0.14359	0.05196	0.00849	0.00230	0.00502	0.03852	0.00585	0.00677

[dist]
# distance from previous block
# <min> <max>
1	6

[block]
# block no. 5 follows, 36 sequences, length 18
# corresponding to MSA columns:
# 263-280
name=unknown_F
#
# <colnr> <probs for GDERKNQSTAVLIFYWHMCP>
#	G	D	E	R	K	N	Q	S	T	A	V	L	I	F	Y	W	H	M	C	P
0	0.38027	0.14018	0.09085	0.02854	0.01684	0.03558	0.03726	0.06352	0.03020	0.04599	0.01049	0.01206	0.00819	0.00618	0.00546	0.00185	0.04469	0.00414	0.00374	0.03395
1	0.04402	0.01274	0.01549	0.03665	0.09030	0.01309	0.01047	0.24872	0.06871	0.20116	0.05838	0.02266	0.07658	0.00819	0.00620	0.00188	0.00565	0.00667	0.03784	0.03461
2	0.00980	0.02925	0.06062	0.03485	0.01237	0.03009	0.00799	0.01278	0.01595	0.02196	0.48658	0.04023	0.11625	0.01409	0.05523	0.00249	0.02762	0.00992	0.00576	0.00618
3	0.82504	0.01205	0.00916	0.00819	0.01205	0.01398	0.00675	0.01832	0.01060	0.02795	0.00868	0.01012	0.00675	0.00578	0.00386	0.00193	0.00482	0.00337	0.00386	0.00675
4	0.06218	0.03938	0.01455	0.01084	0.01541	0.00978	0.00902	0.02819	0.01719	0.63872	0.04782	0.02273	0.01689	0.00801	0.00618	0.00194	0.00526	0.02861	0.00726	0.01001
5	0.01582	0.01555	0.02491	0.03713	0.70575	0.05214	0.01876	0.01941	0.01436	0.02010	0.01161	0.01521	0.00978	0.00560	0.00614	0.00184	0.00760	0.00547	0.00309	0.00974
6	0.00810	0.00634	0.00734	0.00709	0.00887	0.00557	0.00532	0.01038	0.01595	0.02098	0.40715	0.05313	0.39302	0.01423	0.00736	0.00203	0.00305	0.01219	0.00633	0.00557
7	0.00906	0.00604	0.00680	0.00680	0.00680	0.00604	0.00378	0.00906	0.00906	0.01208	0.01963	0.04077	0.02265	0.78103	0.03171	0.00604	0.00604	0.00906	0.00378	0.00378
8	0.00887	0.00620	0.00742	0.00742	0.00784	0.00633	0.00469	0.00948	0.00972	0.01300	0.02296	0.03914	0.08605	0.56010	0.17922	0.00651	0.00798	0.00894	0.00387	0.00428
9	0.00898	0.00636	0.00842	0.00842	0.00899	0.00692	0.00581	0.01011	0.00954	0.01329	0.01814	0.03253	0.01907	0.40960	0.39825	0.00805	0.01143	0.00785	0.00355	0.00468
10	0.01210	0.01024	0.01661	0.22989	0.22325	0.01098	0.02954	0.01489	0.01249	0.04214	0.01748	0.15912	0.01730	0.10022	0.07375	0.00322	0.00760	0.00834	0.00375	0.00709
11	0.05814	0.01085	0.01406	0.01090	0.01551	0.00984	0.00898	0.07452	0.01805	0.63284	0.02309	0.02047	0.01479	0.00760	0.00607	0.00190	0.00526	0.00608	0.05086	0.01019
12	0.01454	0.01371	0.02042	0.12108	0.15634	0.06042	0.14407	0.09900	0.03200	0.02168	0.10251	0.02359	0.04956	0.00938	0.03516	0.00230	0.03425	0.02858	0.02347	0.00794
13	0.00887	0.00688	0.00965	0.00984	0.01062	0.00772	0.00736	0.01060	0.01121	0.01570	0.07079	0.27938	0.04821	0.05062	0.34194	0.00591	0.08396	0.01083	0.00442	0.00548
14	0.01183	0.05768	0.01576	0.04487	0.19043	0.03131	0.03281	0.01547	0.06886	0.01889	0.09280	0.19178	0.12218	0.01163	0.00723	0.00212	0.02550	0.04692	0.00473	0.00719
15	0.10989	0.15971	0.07605	0.01503	0.07570	0.11956	0.01223	0.23399	0.01889	0.10365	0.01286	0.01357	0.00959	0.00650	0.00545	0.00175	0.00726	0.00471	0.00453	0.00906
16	0.77160	0.01199	0.00941	0.00826	0.01223	0.01360	0.00679	0.01814	0.01076	0.02745	0.00883	0.01031	0.00691	0.00571	0.00391	0.00186	0.00481	0.00339	0.00384	0.06021
17	0.02008	0.10412	0.04757	0.01722	0.02183	0.25839	0.16699	0.18513	0.01863	0.04450	0.01186	0.01368	0.00917	0.00655	0.00675	0.00183	0.04805	0.00521	0.00394	0.00850

[dist]
# distance from previous block
# <min> <max>
3	8

[block]
# block no. 6 follows, 36 sequences, length 12
# corresponding to MSA columns:
# 291-302
name=unknown_G
#
# <colnr> <probs for GDERKNQSTAVLIFYWHMCP>
#	G	D	E	R	K	N	Q	S	T	A	V	L	I	F	Y	W	H	M	C	P
0	0.06435	0.03255	0.05852	0.01767	0.21408	0.01094	0.01130	0.05167	0.04082	0.05519	0.16441	0.15101	0.05943	0.01011	0.00651	0.00198	0.00531	0.00887	0.00493	0.03033
1	0.01689	0.18962	0.06299	0.02401	0.33429	0.11180	0.01510	0.07302	0.01533	0.01978	0.01160	0.01506	0.00993	0.00609	0.00560	0.00170	0.00759	0.02596	0.00333	0.05032
2	0.00921	0.00691	0.00911	0.00881	0.00981	0.00742	0.00639	0.01070	0.01052	0.01469	0.05704	0.03251	0.07290	0.27672	0.36443	0.00702	0.04133	0.00797	0.00383	0.04267
3	0.06672	0.01900	0.15580	0.03747	0.12224	0.08673	0.27725	0.02006	0.01443	0.05989	0.01441	0.01701	0.03522	0.00617	0.00634	0.00195	0.00867	0.00608	0.03617	0.00840
4	0.01082	0.00541	0.00812	0.00812	0.00812	0.00541	0.00541	0.00812	0.00812	0.01082	0.01082	0.01894	0.01082	0.02165	0.02435	0.81872	0.00541	0.00541	0.00271	0.00271
5	0.01068	0.00637	0.00843	0.00898	0.01021	0.00582	0.00644	0.01220	0.01340	0.12048	0.07909	0.54225	0.07961	0.01707	0.00768	0.00240	0.00390	0.05293	0.00612	0.00595
6	0.05418	0.24686	0.02172	0.06094	0.04428	0.04517	0.04969	0.07255	0.20870	0.02139	0.01443	0.01532	0.01142	0.00637	0.00532	0.00168	0.00639	0.00501	0.00416	0.10440
7	0.03282	0.01261	0.02080	0.38328	0.20042	0.01436	0.07004	0.01851	0.05835	0.04540	0.01262	0.01675	0.00980	0.00727	0.02199	0.00222	0.05566	0.00577	0.00332	0.00801
8	0.04032	0.11435	0.25605	0.01901	0.13899	0.16881	0.01631	0.03957	0.03196	0.03260	0.01108	0.01314	0.00876	0.00633	0.00658	0.00183	0.05950	0.00460	0.00318	0.02703
9	0.01531	0.02602	0.53449	0.01648	0.02432	0.01311	0.05841	0.02132	0.01434	0.15537	0.05090	0.01656	0.01198	0.00656	0.00614	0.00197	0.00823	0.00541	0.00382	0.00925
10	0.00928	0.00624	0.00823	0.00926	0.01009	0.00595	0.00657	0.03482	0.01303	0.04858	0.03311	0.64570	0.03848	0.01836	0.00789	0.00252	0.00402	0.08644	0.00588	0.00556
11	0.08091	0.06243	0.20970	0.02048	0.19867	0.06932	0.04715	0.05556	0.03220	0.07398	0.04661	0.01730	0.01243	0.00677	0.00621	0.00191	0.02203	0.02370	0.00383	0.00882

[dist]
# distance from previous block
# <min> <max>
2	4

[block]
# block no. 7 follows, 36 sequences, length 13
# corresponding to MSA columns:
# 307-319
name=unknown_H
#
# <colnr> <probs for GDERKNQSTAVLIFYWHMCP>
#	G	D	E	R	K	N	Q	S	T	A	V	L	I	F	Y	W	H	M	C	P
0	0.01460	0.05686	0.01826	0.07015	0.05612	0.07682	0.07063	0.03806	0.01367	0.01927	0.01082	0.01347	0.00898	0.00570	0.00661	0.00143	0.07716	0.00446	0.00343	0.43347
1	0.01682	0.12632	0.11628	0.01477	0.05614	0.04202	0.05593	0.16215	0.08058	0.04772	0.01346	0.01472	0.01038	0.00704	0.02297	0.00181	0.00704	0.00494	0.00420	0.19470
2	0.08052	0.11983	0.10309	0.08661	0.15033	0.06801	0.01370	0.11180	0.01598	0.10966	0.01273	0.01428	0.00959	0.00614	0.00553	0.00174	0.00711	0.00481	0.00404	0.07449
3	0.00880	0.00657	0.00934	0.00926	0.01044	0.00723	0.00708	0.01098	0.01144	0.01616	0.13435	0.03111	0.06956	0.07738	0.55167	0.00802	0.01308	0.00795	0.00408	0.00550
4	0.05672	0.01066	0.01476	0.05058	0.06474	0.03939	0.06333	0.02892	0.02978	0.07261	0.04668	0.06343	0.01743	0.06066	0.19804	0.00435	0.09151	0.04561	0.03395	0.00688
5	0.01578	0.01865	0.14166	0.09649	0.31033	0.07832	0.14765	0.02006	0.01432	0.05814	0.01215	0.01533	0.00942	0.00595	0.00670	0.00194	0.02927	0.00563	0.00324	0.00895
6	0.02113	0.01670	0.01811	0.06706	0.04365	0.05762	0.01215	0.51168	0.06059	0.03316	0.01469	0.01558	0.01080	0.00749	0.00686	0.00191	0.04646	0.00559	0.03907	0.00970
7	0.00828	0.00626	0.00765	0.00749	0.00903	0.00562	0.00555	0.01065	0.01610	0.02178	0.47763	0.12330	0.24933	0.01427	0.00741	0.00206	0.00307	0.01244	0.00645	0.00562
8	0.01848	0.05441	0.08698	0.04958	0.05155	0.05108	0.14537	0.27700	0.01968	0.06653	0.01445	0.01675	0.01089	0.03370	0.00701	0.00201	0.00760	0.00583	0.07214	0.00894
9	0.01573	0.03320	0.04285	0.02421	0.17811	0.05302	0.32071	0.08305	0.01601	0.03699	0.01555	0.02361	0.01343	0.00737	0.00696	0.00209	0.00864	0.10608	0.00387	0.00853
10	0.00928	0.00612	0.00702	0.00714	0.00734	0.00612	0.00434	0.00968	0.00972	0.01324	0.02080	0.04233	0.02341	0.67479	0.02829	0.00553	0.00585	0.06747	0.04749	0.00405
11	0.00806	0.00566	0.00726	0.00847	0.00914	0.00529	0.00591	0.00945	0.01239	0.01674	0.03562	0.60677	0.09790	0.01811	0.00768	0.00244	0.00368	0.06798	0.06625	0.00518
12	0.00837	0.00654	0.00748	0.00778	0.00918	0.00610	0.00552	0.01103	0.06701	0.01787	0.13322	0.28499	0.31591	0.07847	0.00946	0.00254	0.00364	0.01359	0.00580	0.00550

[dist]
# distance from previous block
# <min> <max>
0	11

# created by:
# /home/cegg/simao/soft/augustus-3.2.1/scripts/msa2prfl.pl ./align_prep/EOG090W0B3V.fa
