[name]
unknown

[dist]
# distance from previous block
# <min> <max>
0	318

[block]
# block no. 0 follows, 27 sequences, length 6
# corresponding to MSA columns:
# 323-328
name=unknown_A
#
# <colnr> <probs for GDERKNQSTAVLIFYWHMCP>
#	G	D	E	R	K	N	Q	S	T	A	V	L	I	F	Y	W	H	M	C	P
0	0.10141	0.03630	0.01449	0.05048	0.01744	0.04492	0.00998	0.05947	0.01843	0.14604	0.09595	0.08681	0.12929	0.01254	0.00760	0.00235	0.00612	0.07432	0.00651	0.07953
1	0.19169	0.05980	0.05260	0.13144	0.02520	0.01602	0.05843	0.08880	0.01789	0.12492	0.04158	0.01874	0.01354	0.00756	0.00648	0.00212	0.00750	0.00604	0.00523	0.12443
2	0.18862	0.01734	0.06144	0.19349	0.08018	0.01785	0.07998	0.12383	0.01783	0.02801	0.01332	0.01689	0.01024	0.00757	0.00789	0.00232	0.05606	0.00602	0.00438	0.06674
3	0.04836	0.01694	0.01901	0.20823	0.02803	0.08360	0.01432	0.11659	0.18739	0.02750	0.06250	0.02245	0.01749	0.00898	0.00815	0.00232	0.04722	0.00707	0.00547	0.06839
4	0.16867	0.01861	0.01748	0.06152	0.02112	0.12076	0.01212	0.23295	0.08643	0.06238	0.05679	0.07233	0.01829	0.00978	0.00702	0.00231	0.00775	0.00753	0.00617	0.00998
5	0.12577	0.01624	0.01747	0.13116	0.02337	0.09132	0.01263	0.10696	0.01887	0.10532	0.06437	0.02392	0.06645	0.00955	0.00873	0.00228	0.08208	0.00708	0.00546	0.08096

[dist]
# distance from previous block
# <min> <max>
7	45

[block]
# block no. 1 follows, 27 sequences, length 18
# corresponding to MSA columns:
# 374-391
name=unknown_B
#
# <colnr> <probs for GDERKNQSTAVLIFYWHMCP>
#	G	D	E	R	K	N	Q	S	T	A	V	L	I	F	Y	W	H	M	C	P
0	0.04482	0.14010	0.12230	0.01653	0.04627	0.07758	0.05397	0.02222	0.06684	0.05080	0.03793	0.11248	0.03595	0.01179	0.03478	0.00258	0.03141	0.00820	0.00478	0.07868
1	0.09107	0.04278	0.02039	0.01874	0.09568	0.15548	0.05785	0.10027	0.03785	0.06584	0.02251	0.05076	0.06999	0.00977	0.00721	0.00220	0.00835	0.05187	0.00533	0.08608
2	0.10850	0.01676	0.07489	0.01342	0.01723	0.11097	0.03265	0.06855	0.01735	0.06801	0.04708	0.12823	0.08148	0.06166	0.04696	0.02477	0.00806	0.00947	0.03236	0.03158
3	0.11785	0.01382	0.01420	0.01247	0.01604	0.05457	0.00970	0.11775	0.09820	0.14137	0.06968	0.07904	0.07387	0.10012	0.01120	0.00301	0.00653	0.04467	0.00675	0.00914
4	0.17595	0.09312	0.15560	0.01578	0.02195	0.07815	0.06100	0.08120	0.01727	0.02626	0.01518	0.02137	0.01304	0.03411	0.00759	0.00232	0.00849	0.05554	0.00444	0.11163
5	0.10950	0.01712	0.08111	0.14111	0.13324	0.04234	0.06139	0.04016	0.01623	0.07476	0.01926	0.05513	0.05103	0.01111	0.03922	0.00281	0.05625	0.00752	0.00455	0.03616
6	0.01919	0.01333	0.01538	0.01245	0.01730	0.01263	0.00986	0.11586	0.13472	0.13298	0.07449	0.07271	0.08217	0.01036	0.00721	0.00203	0.00570	0.00860	0.00677	0.24626
7	0.01486	0.01101	0.01211	0.01102	0.01416	0.03882	0.00830	0.04860	0.06539	0.09096	0.09978	0.22745	0.18426	0.01518	0.00811	0.00236	0.00517	0.01303	0.00681	0.12265
8	0.02068	0.01169	0.01532	0.01299	0.01684	0.01100	0.03006	0.10274	0.02023	0.24008	0.10945	0.10140	0.03037	0.07066	0.01052	0.00283	0.00629	0.10659	0.00735	0.07292
9	0.01502	0.01279	0.01499	0.01096	0.01719	0.00967	0.00868	0.01820	0.01532	0.02388	0.01484	0.05812	0.01326	0.00655	0.00573	0.00121	0.00543	0.00539	0.00455	0.73822
10	0.01837	0.01764	0.03013	0.04557	0.69279	0.01764	0.02278	0.02278	0.01690	0.02425	0.01396	0.01837	0.01176	0.00661	0.00735	0.00220	0.00882	0.00661	0.00367	0.01176
11	0.01624	0.01624	0.02274	0.01949	0.01949	0.02274	0.01624	0.01787	0.01137	0.01787	0.00975	0.01624	0.00975	0.01299	0.02436	0.00325	0.72552	0.00650	0.00325	0.00812
12	0.00944	0.00751	0.00822	0.00806	0.01012	0.00656	0.00589	0.01156	0.01741	0.02209	0.23386	0.06492	0.45893	0.08898	0.01163	0.00292	0.00403	0.01459	0.00700	0.00629
13	0.01710	0.01353	0.01715	0.01233	0.01890	0.01048	0.04574	0.02052	0.01603	0.08375	0.01472	0.01653	0.01166	0.00587	0.00585	0.00128	0.00596	0.00491	0.00479	0.67290
14	0.01021	0.00742	0.00838	0.00842	0.00943	0.00706	0.00556	0.01126	0.01361	0.01751	0.07834	0.05679	0.23299	0.41244	0.05547	0.00551	0.00647	0.04222	0.00553	0.00539
15	0.01496	0.01270	0.01491	0.01085	0.01702	0.00964	0.00864	0.01828	0.01589	0.02468	0.07295	0.01894	0.01622	0.00635	0.00579	0.00121	0.00532	0.00520	0.00473	0.71573
16	0.01933	0.11908	0.07185	0.01679	0.02131	0.11915	0.07115	0.08223	0.03956	0.05968	0.07774	0.02343	0.01840	0.01339	0.06998	0.00310	0.09515	0.02780	0.00489	0.04599
17	0.01283	0.01083	0.01266	0.01150	0.01393	0.01159	0.00889	0.01955	0.17025	0.02509	0.22953	0.04638	0.21471	0.04235	0.01146	0.00268	0.09653	0.01150	0.00675	0.04100

[dist]
# distance from previous block
# <min> <max>
0	4

[block]
# block no. 2 follows, 27 sequences, length 43
# corresponding to MSA columns:
# 396-438
name=unknown_C
#
# <colnr> <probs for GDERKNQSTAVLIFYWHMCP>
#	G	D	E	R	K	N	Q	S	T	A	V	L	I	F	Y	W	H	M	C	P
0	0.01958	0.03761	0.04121	0.01289	0.01898	0.04398	0.01082	0.05493	0.01733	0.13020	0.01560	0.01693	0.01200	0.00684	0.00703	0.00156	0.04614	0.00515	0.00513	0.49609
1	0.05553	0.01434	0.02071	0.08071	0.02316	0.01541	0.12951	0.12945	0.08206	0.02881	0.18294	0.03239	0.06759	0.03844	0.01037	0.00264	0.06154	0.00939	0.00598	0.00905
2	0.02131	0.42507	0.08889	0.01446	0.02080	0.02465	0.01393	0.12101	0.11420	0.06730	0.01575	0.01623	0.01243	0.00751	0.00593	0.00193	0.00783	0.00536	0.00481	0.01063
3	0.38188	0.08622	0.01821	0.01328	0.01843	0.05832	0.01105	0.23992	0.05444	0.03539	0.01391	0.01484	0.01054	0.00772	0.00583	0.00220	0.00719	0.00517	0.00552	0.00994
4	0.01667	0.16008	0.33612	0.02131	0.05089	0.01956	0.14098	0.02374	0.05305	0.02278	0.01394	0.01656	0.01070	0.00701	0.00741	0.00220	0.03102	0.00598	0.00360	0.05639
5	0.00984	0.00682	0.00845	0.00930	0.01019	0.00632	0.00631	0.01094	0.01444	0.01923	0.07965	0.40254	0.16499	0.08869	0.01357	0.07637	0.00459	0.01657	0.04543	0.00577
6	0.01178	0.00884	0.01096	0.01138	0.01261	0.00917	0.00818	0.04887	0.08020	0.02227	0.09641	0.41305	0.04211	0.10221	0.01299	0.00338	0.03247	0.05945	0.00669	0.00698
7	0.01728	0.01500	0.01354	0.01216	0.01413	0.13590	0.00855	0.14539	0.01752	0.02175	0.01988	0.03463	0.02035	0.40898	0.07920	0.00564	0.00950	0.00868	0.00492	0.00702
8	0.01489	0.03840	0.70064	0.02116	0.03213	0.01724	0.02743	0.02351	0.01567	0.02351	0.01332	0.01567	0.00940	0.00705	0.00705	0.00235	0.01097	0.00549	0.00313	0.01097
9	0.01555	0.00829	0.01051	0.01006	0.01197	0.00761	0.00713	0.01726	0.01595	0.18050	0.09627	0.26600	0.07890	0.18648	0.01535	0.00367	0.00531	0.01373	0.04206	0.00738
10	0.00947	0.00732	0.00871	0.00954	0.01111	0.00665	0.00708	0.01134	0.01567	0.01972	0.05481	0.29370	0.33413	0.04672	0.03191	0.00327	0.00502	0.11090	0.00671	0.00622
11	0.01645	0.01268	0.01454	0.01402	0.01708	0.03320	0.01179	0.17822	0.06053	0.02844	0.03694	0.06056	0.11087	0.01644	0.00911	0.00292	0.00693	0.35377	0.00694	0.00854
12	0.01163	0.00769	0.00891	0.00908	0.00975	0.00774	0.00582	0.04477	0.01351	0.01897	0.02744	0.21345	0.03044	0.40856	0.04668	0.00536	0.00646	0.01255	0.10554	0.00567
13	0.11634	0.01013	0.01237	0.01136	0.01440	0.00983	0.00893	0.02172	0.03994	0.21950	0.16460	0.13795	0.03604	0.06321	0.01009	0.00290	0.00551	0.09921	0.00738	0.00859
14	0.01105	0.00785	0.00893	0.00877	0.00949	0.00790	0.00551	0.01300	0.05491	0.01747	0.08639	0.04919	0.09448	0.52893	0.06098	0.00624	0.00703	0.01122	0.00522	0.00545
15	0.02069	0.01659	0.01769	0.01501	0.01954	0.01863	0.01192	0.24341	0.39212	0.03560	0.07005	0.02840	0.05597	0.01045	0.00765	0.00241	0.00637	0.00851	0.00752	0.01146
16	0.03910	0.00949	0.01123	0.01122	0.01359	0.00944	0.00861	0.01906	0.13097	0.07897	0.11867	0.23482	0.16120	0.01713	0.00872	0.00273	0.00496	0.10495	0.00726	0.00790
17	0.14868	0.00887	0.00945	0.00914	0.01157	0.00869	0.00701	0.01509	0.01706	0.04404	0.24137	0.07434	0.21916	0.05125	0.00936	0.00268	0.00448	0.05508	0.05572	0.00696
18	0.02775	0.01291	0.01625	0.01292	0.01785	0.01223	0.01051	0.11201	0.06759	0.44797	0.09424	0.02775	0.02323	0.00978	0.00741	0.00226	0.00600	0.00799	0.07182	0.01154
19	0.02707	0.01399	0.01687	0.01356	0.01851	0.01392	0.01107	0.17512	0.10083	0.36336	0.04487	0.02693	0.01990	0.00972	0.00736	0.00229	0.00633	0.02884	0.08788	0.01159
20	0.20329	0.01265	0.01333	0.01113	0.01529	0.01295	0.00890	0.13478	0.01958	0.20213	0.02844	0.02932	0.11236	0.05665	0.00862	0.00256	0.00583	0.00785	0.10498	0.00939
21	0.01177	0.00799	0.01046	0.01131	0.01272	0.00774	0.00843	0.01516	0.05935	0.05942	0.13267	0.42491	0.04747	0.01992	0.00929	0.00292	0.00490	0.13928	0.00723	0.00706
22	0.01752	0.02003	0.04380	0.03129	0.03880	0.01877	0.66583	0.02378	0.01752	0.02378	0.01502	0.02003	0.01126	0.00626	0.00876	0.00250	0.01252	0.00876	0.00375	0.01001
23	0.01044	0.00710	0.00846	0.00889	0.00908	0.00706	0.00541	0.01092	0.01177	0.01572	0.02756	0.19852	0.03198	0.53746	0.05474	0.00634	0.00701	0.03152	0.00507	0.00498
24	0.00910	0.00683	0.00845	0.00952	0.01060	0.00618	0.00658	0.01074	0.01551	0.02018	0.10642	0.50405	0.21608	0.02140	0.00923	0.00282	0.00410	0.01903	0.00700	0.00618
25	0.02294	0.02762	0.02081	0.01857	0.02109	0.44803	0.01445	0.02476	0.01769	0.01818	0.01459	0.01765	0.04881	0.01001	0.01249	0.00238	0.24182	0.00596	0.00382	0.00832
26	0.00896	0.00678	0.00829	0.00949	0.01055	0.00610	0.00652	0.01043	0.01503	0.01928	0.05122	0.53513	0.24158	0.02192	0.00926	0.00286	0.00414	0.01947	0.00689	0.00610
27	0.01061	0.00795	0.01193	0.01193	0.01326	0.00928	0.00928	0.01326	0.01193	0.01723	0.01988	0.02916	0.01856	0.05568	0.70968	0.01193	0.01988	0.00795	0.00398	0.00663
28	0.01445	0.01364	0.02305	0.65428	0.11474	0.01661	0.02083	0.01935	0.01505	0.01949	0.01327	0.01965	0.01008	0.00734	0.00741	0.00245	0.00979	0.00660	0.00334	0.00859
29	0.02182	0.01725	0.01840	0.01562	0.02038	0.01954	0.01241	0.22268	0.46896	0.05839	0.02657	0.02473	0.01959	0.00970	0.00751	0.00243	0.00656	0.00786	0.00757	0.01204
30	0.01560	0.01393	0.01289	0.01203	0.01452	0.15327	0.00923	0.01914	0.03838	0.06304	0.41654	0.04730	0.07462	0.01373	0.00835	0.00235	0.00606	0.06410	0.00715	0.00773
31	0.01277	0.00649	0.00958	0.00958	0.00958	0.00649	0.00634	0.00974	0.00974	0.01298	0.01350	0.02406	0.01371	0.06689	0.02952	0.73925	0.00649	0.00670	0.00330	0.00330
32	0.01289	0.00645	0.00967	0.00967	0.00967	0.00645	0.00645	0.00967	0.00967	0.01289	0.01289	0.02257	0.01289	0.02579	0.02901	0.78401	0.00645	0.00645	0.00322	0.00322
33	0.00966	0.00716	0.00962	0.01096	0.01149	0.00712	0.00766	0.01118	0.01454	0.01960	0.07177	0.62854	0.04767	0.02215	0.01030	0.00301	0.04421	0.05036	0.00675	0.00623
34	0.01578	0.01483	0.05345	0.01175	0.01857	0.01072	0.01000	0.03988	0.01604	0.02488	0.01335	0.01549	0.01096	0.00569	0.00565	0.00121	0.00589	0.00453	0.00443	0.71690
35	0.01810	0.02216	0.09988	0.02411	0.06926	0.12223	0.20899	0.02299	0.04575	0.02122	0.01372	0.01827	0.01135	0.01150	0.05293	0.00313	0.21431	0.00698	0.00374	0.00936
36	0.02647	0.01893	0.02058	0.01598	0.02135	0.02069	0.01305	0.56625	0.03223	0.07323	0.06104	0.02204	0.01722	0.04508	0.00900	0.00248	0.00774	0.00735	0.00741	0.01187
37	0.01352	0.01049	0.01424	0.01313	0.01492	0.04544	0.04145	0.01591	0.01307	0.06028	0.01985	0.02977	0.01850	0.14011	0.47236	0.00932	0.04813	0.00813	0.00433	0.00705
38	0.02247	0.02393	0.01839	0.01646	0.02053	0.30771	0.01263	0.08064	0.31313	0.02614	0.02427	0.02372	0.05860	0.00952	0.00726	0.00224	0.00906	0.00721	0.00594	0.01015
39	0.03930	0.05060	0.08162	0.19292	0.06383	0.21968	0.04606	0.04696	0.11540	0.02290	0.01569	0.01839	0.01214	0.00779	0.00700	0.00222	0.01002	0.00618	0.03180	0.00950
40	0.01478	0.01461	0.02266	0.05407	0.02276	0.05900	0.16681	0.01789	0.01375	0.01882	0.01590	0.02438	0.01461	0.09090	0.24860	0.00620	0.17491	0.00781	0.00376	0.00778
41	0.02577	0.01481	0.01759	0.01453	0.01938	0.01523	0.01184	0.20539	0.15412	0.29168	0.02788	0.06498	0.02149	0.01106	0.00783	0.00246	0.00668	0.06765	0.00805	0.01158
42	0.01117	0.00801	0.01093	0.01182	0.01343	0.00776	0.00973	0.01442	0.01821	0.02459	0.27002	0.13435	0.05302	0.01887	0.00965	0.00300	0.00542	0.36145	0.00732	0.00682

[dist]
# distance from previous block
# <min> <max>
0	2

[block]
# block no. 3 follows, 27 sequences, length 31
# corresponding to MSA columns:
# 441-471
name=unknown_D
#
# <colnr> <probs for GDERKNQSTAVLIFYWHMCP>
#	G	D	E	R	K	N	Q	S	T	A	V	L	I	F	Y	W	H	M	C	P
0	0.02773	0.03538	0.02104	0.01913	0.02295	0.70930	0.01434	0.02964	0.02104	0.01817	0.01148	0.01339	0.00956	0.00765	0.00669	0.00191	0.01339	0.00478	0.00383	0.00861
1	0.01039	0.00723	0.00827	0.00832	0.00886	0.00698	0.00509	0.01111	0.01296	0.01717	0.10660	0.09937	0.11721	0.51674	0.02888	0.00577	0.00614	0.01242	0.00538	0.00511
2	0.01272	0.01333	0.10143	0.01448	0.01767	0.01173	0.04669	0.06011	0.01428	0.02040	0.01866	0.02619	0.01661	0.04370	0.53543	0.00955	0.01756	0.00760	0.00410	0.00777
3	0.00954	0.00713	0.00958	0.01097	0.01137	0.00718	0.00753	0.01085	0.01402	0.01888	0.03877	0.68491	0.04640	0.02255	0.01050	0.00303	0.05387	0.02010	0.00664	0.00617
4	0.00908	0.00759	0.00795	0.00804	0.01045	0.00646	0.00615	0.01115	0.01714	0.02070	0.10382	0.07148	0.61363	0.01874	0.00888	0.00256	0.00396	0.05893	0.00695	0.00634
5	0.01955	0.70098	0.07887	0.01321	0.01984	0.02864	0.01359	0.02231	0.01512	0.01783	0.01050	0.01214	0.00952	0.00639	0.00490	0.00163	0.00812	0.00406	0.00317	0.00961
6	0.01468	0.01234	0.01606	0.01420	0.07135	0.01011	0.03087	0.01742	0.01504	0.02246	0.01822	0.04677	0.03855	0.04770	0.00959	0.05634	0.00612	0.03849	0.00453	0.50916
7	0.01447	0.06353	0.01737	0.01444	0.01618	0.06150	0.01168	0.04444	0.01363	0.01874	0.01621	0.02342	0.01503	0.03709	0.42409	0.00810	0.18154	0.00707	0.00389	0.00757
8	0.00911	0.00651	0.00867	0.01029	0.01078	0.00607	0.00690	0.01050	0.01452	0.01944	0.07027	0.70350	0.05005	0.02289	0.00944	0.00298	0.00427	0.02076	0.00695	0.00607
9	0.01191	0.00825	0.01137	0.09986	0.01652	0.00809	0.00887	0.01468	0.01761	0.07054	0.29063	0.28530	0.09417	0.01683	0.00875	0.00260	0.00480	0.01496	0.00709	0.00717
10	0.11370	0.00947	0.01118	0.01022	0.01321	0.00909	0.00793	0.01857	0.01713	0.17260	0.15187	0.11430	0.19752	0.01967	0.09667	0.00365	0.00663	0.01159	0.00696	0.00804
11	0.01052	0.00708	0.00818	0.00845	0.00852	0.00701	0.00487	0.01072	0.01133	0.01511	0.02615	0.15636	0.03046	0.62658	0.03334	0.00654	0.00674	0.01242	0.00487	0.00474
12	0.00885	0.00747	0.00766	0.00772	0.01010	0.00628	0.00575	0.01077	0.01695	0.02037	0.09676	0.10142	0.63686	0.01887	0.00881	0.00252	0.00378	0.01583	0.00694	0.00628
13	0.09882	0.03513	0.01059	0.00940	0.01158	0.00889	0.00699	0.01461	0.01643	0.05757	0.22166	0.15156	0.18268	0.10416	0.03505	0.00335	0.00523	0.01287	0.00659	0.00688
14	0.01352	0.01123	0.01228	0.01150	0.01446	0.01187	0.00876	0.02426	0.31323	0.02716	0.19620	0.08823	0.20894	0.01433	0.00827	0.00250	0.00468	0.01223	0.00749	0.00887
15	0.01023	0.00765	0.00972	0.01074	0.01235	0.00715	0.00849	0.01270	0.01672	0.02157	0.11440	0.24008	0.22219	0.02020	0.00951	0.00296	0.00504	0.25482	0.00700	0.00650
16	0.01575	0.01322	0.01230	0.01208	0.01430	0.14418	0.00898	0.01793	0.01800	0.09524	0.15380	0.28318	0.11080	0.01658	0.00855	0.00257	0.00625	0.05201	0.00677	0.00750
17	0.09729	0.01428	0.01614	0.01332	0.01789	0.01477	0.01074	0.19449	0.10598	0.23609	0.04376	0.03097	0.06570	0.06006	0.00952	0.00272	0.00653	0.04165	0.00746	0.01065
18	0.01426	0.01339	0.02208	0.67247	0.04893	0.01677	0.02015	0.01970	0.03967	0.01939	0.01372	0.01998	0.01037	0.00770	0.00797	0.00250	0.03248	0.00666	0.00346	0.00837
19	0.01453	0.01420	0.02544	0.61973	0.04932	0.01683	0.11556	0.01968	0.01524	0.01968	0.01346	0.01983	0.01010	0.00725	0.00762	0.00248	0.01028	0.00692	0.00337	0.00851
20	0.00974	0.00680	0.00858	0.00953	0.00995	0.00649	0.00614	0.01084	0.01378	0.01854	0.09753	0.45091	0.04407	0.25028	0.01842	0.00428	0.00515	0.01709	0.00625	0.00564
21	0.00959	0.00704	0.00889	0.00949	0.01066	0.00645	0.00665	0.01168	0.01681	0.02266	0.26977	0.37398	0.14740	0.05085	0.01035	0.00289	0.00407	0.01721	0.00723	0.00634
22	0.01065	0.00801	0.01154	0.01163	0.01265	0.00918	0.00875	0.01281	0.01208	0.01718	0.02254	0.12089	0.02299	0.12074	0.52326	0.00996	0.04450	0.00987	0.00438	0.00639
23	0.01899	0.01150	0.01274	0.01110	0.01447	0.01185	0.00888	0.16362	0.07016	0.10995	0.05203	0.03349	0.07338	0.01072	0.00688	0.00216	0.00527	0.05213	0.32152	0.00915
24	0.01156	0.00738	0.00941	0.01018	0.01160	0.00680	0.00740	0.01356	0.01596	0.07209	0.08899	0.43212	0.13208	0.01974	0.00895	0.00279	0.00451	0.07707	0.06104	0.00677
25	0.09282	0.00852	0.00940	0.00995	0.01168	0.00854	0.00714	0.03414	0.05513	0.02314	0.04015	0.41163	0.14284	0.01804	0.00822	0.00267	0.00449	0.01572	0.08888	0.00692
26	0.01416	0.00903	0.01166	0.09554	0.01667	0.00924	0.00901	0.04561	0.01664	0.08808	0.05860	0.28107	0.09221	0.01505	0.00829	0.00249	0.02478	0.01299	0.18134	0.00755
27	0.01729	0.01414	0.02341	0.27712	0.27432	0.01503	0.03582	0.02164	0.01713	0.09522	0.09355	0.02604	0.01948	0.00860	0.00768	0.00237	0.00836	0.02820	0.00475	0.00985
28	0.14786	0.01119	0.01342	0.01493	0.09892	0.01154	0.00976	0.09018	0.01811	0.02768	0.15809	0.22323	0.07234	0.03167	0.00848	0.00259	0.00542	0.01209	0.03445	0.00806
29	0.05156	0.00819	0.01099	0.01096	0.01272	0.00770	0.04675	0.01239	0.01533	0.02078	0.08916	0.33445	0.20617	0.01968	0.01057	0.06553	0.00503	0.05935	0.00637	0.00634
30	0.01739	0.29888	0.14312	0.16696	0.05736	0.02143	0.05166	0.06275	0.01662	0.02151	0.01459	0.05369	0.01280	0.00808	0.00658	0.00214	0.00895	0.02210	0.00380	0.00957

[dist]
# distance from previous block
# <min> <max>
1	10

[block]
# block no. 4 follows, 27 sequences, length 11
# corresponding to MSA columns:
# 482-492
name=unknown_E
#
# <colnr> <probs for GDERKNQSTAVLIFYWHMCP>
#	G	D	E	R	K	N	Q	S	T	A	V	L	I	F	Y	W	H	M	C	P
0	0.01405	0.01027	0.01621	0.11787	0.04696	0.01086	0.05879	0.01615	0.01472	0.06685	0.06097	0.16962	0.02693	0.04378	0.05091	0.13025	0.04876	0.08373	0.00520	0.00712
1	0.01495	0.06642	0.06728	0.10542	0.02222	0.05191	0.01249	0.01830	0.01505	0.02098	0.01876	0.07739	0.05002	0.01313	0.07038	0.00278	0.05586	0.00714	0.00426	0.30523
2	0.01392	0.01093	0.01398	0.01281	0.01521	0.01161	0.03931	0.02013	0.16330	0.05709	0.09631	0.15085	0.16899	0.04153	0.01203	0.03493	0.07691	0.04560	0.00652	0.00804
3	0.07819	0.01214	0.01422	0.01197	0.01599	0.01201	0.00946	0.11281	0.06621	0.26685	0.05634	0.08043	0.10819	0.05486	0.03515	0.00299	0.00637	0.00957	0.03637	0.00986
4	0.01580	0.01875	0.11414	0.13833	0.14202	0.01648	0.23288	0.02236	0.06241	0.02316	0.04688	0.02228	0.01515	0.01241	0.08077	0.00340	0.01118	0.00776	0.00408	0.00977
5	0.01561	0.01516	0.02051	0.17001	0.20236	0.08015	0.03426	0.01971	0.04788	0.02119	0.05305	0.10416	0.06660	0.06370	0.01093	0.00279	0.04918	0.00940	0.00462	0.00871
6	0.10068	0.01008	0.01158	0.01040	0.01346	0.00983	0.00804	0.04710	0.03514	0.15804	0.13952	0.06819	0.19575	0.08017	0.06150	0.00354	0.00625	0.02569	0.00691	0.00813
7	0.01452	0.00857	0.01102	0.01094	0.01312	0.00802	0.00834	0.01726	0.03638	0.14661	0.09211	0.25393	0.14169	0.05994	0.04424	0.00346	0.00587	0.10921	0.00716	0.00760
8	0.01544	0.01595	0.06326	0.38556	0.21804	0.01646	0.05328	0.02104	0.04183	0.02160	0.01607	0.02415	0.01333	0.00818	0.00766	0.00247	0.00942	0.05296	0.00384	0.00947
9	0.01235	0.00938	0.01145	0.01119	0.01328	0.00970	0.00859	0.08667	0.04404	0.02290	0.06758	0.15340	0.18787	0.06441	0.19868	0.00540	0.00920	0.07051	0.00612	0.00726
10	0.09728	0.00983	0.01062	0.01030	0.01235	0.01015	0.00748	0.06505	0.07644	0.02383	0.08845	0.16808	0.14053	0.19570	0.01552	0.00375	0.00560	0.04572	0.00625	0.00705

[dist]
# distance from previous block
# <min> <max>
0	4

[block]
# block no. 5 follows, 27 sequences, length 27
# corresponding to MSA columns:
# 497-501,533-554
name=unknown_F
#
# <colnr> <probs for GDERKNQSTAVLIFYWHMCP>
#	G	D	E	R	K	N	Q	S	T	A	V	L	I	F	Y	W	H	M	C	P
0	0.00994	0.00745	0.00925	0.00926	0.01099	0.00675	0.00690	0.01272	0.01882	0.02546	0.41393	0.16392	0.21289	0.01752	0.00894	0.00253	0.00384	0.04461	0.00761	0.00667
1	0.03945	0.01061	0.04144	0.01489	0.05375	0.00942	0.08521	0.01457	0.01547	0.02165	0.08152	0.32605	0.08091	0.07216	0.01096	0.00308	0.00614	0.06849	0.03710	0.00716
2	0.18102	0.01531	0.01562	0.01322	0.01756	0.03336	0.01054	0.23379	0.09851	0.09940	0.05249	0.10693	0.06913	0.01126	0.00723	0.00239	0.00640	0.00896	0.00687	0.01002
3	0.04774	0.01195	0.01329	0.01183	0.01499	0.01231	0.00913	0.20736	0.04884	0.04763	0.14713	0.20013	0.16745	0.01522	0.00828	0.00250	0.00537	0.01292	0.00726	0.00867
4	0.01018	0.00786	0.01092	0.01107	0.01240	0.00719	0.04398	0.01175	0.01419	0.01903	0.03748	0.50639	0.08450	0.11910	0.01301	0.00340	0.00521	0.01749	0.00622	0.05863
5	0.09680	0.01108	0.01284	0.01125	0.01453	0.01102	0.00873	0.11616	0.02012	0.17914	0.15666	0.15732	0.05299	0.03562	0.00855	0.00253	0.00531	0.01090	0.07952	0.00892
6	0.08925	0.00853	0.01046	0.01005	0.01125	0.00893	0.00710	0.05594	0.01276	0.01858	0.02087	0.04977	0.06976	0.12104	0.09424	0.38618	0.00770	0.00812	0.00429	0.00517
7	0.01384	0.00692	0.00692	0.00692	0.00865	0.00692	0.00519	0.01730	0.01557	0.02768	0.02422	0.02768	0.01903	0.00865	0.00519	0.00173	0.00346	0.00692	0.78031	0.00692
8	0.09544	0.01202	0.01336	0.01207	0.01548	0.03844	0.00927	0.04280	0.10896	0.22193	0.06895	0.22843	0.07427	0.01396	0.00789	0.00253	0.00564	0.01186	0.00739	0.00930
9	0.01167	0.00799	0.01119	0.01110	0.01262	0.00853	0.00847	0.01392	0.01363	0.05306	0.07218	0.07101	0.08283	0.09224	0.43308	0.03314	0.01406	0.03759	0.00505	0.00665
10	0.01489	0.01413	0.02136	0.07264	0.14496	0.04007	0.07793	0.01771	0.01422	0.01982	0.04824	0.07321	0.01903	0.11125	0.09691	0.00434	0.18827	0.00873	0.00413	0.00817
11	0.00984	0.00766	0.00910	0.00980	0.01172	0.00693	0.00771	0.01218	0.01685	0.02118	0.10286	0.17164	0.36926	0.01969	0.00929	0.00283	0.00469	0.19337	0.00697	0.00644
12	0.01688	0.01065	0.01331	0.01248	0.01523	0.03025	0.01003	0.05406	0.03765	0.15525	0.03173	0.04399	0.09405	0.06202	0.24037	0.00594	0.01095	0.14068	0.00623	0.00826
13	0.01577	0.02024	0.13638	0.05564	0.04937	0.06230	0.26338	0.02153	0.05252	0.02226	0.02080	0.17821	0.01980	0.01078	0.00889	0.00257	0.03541	0.01045	0.00452	0.00918
14	0.02035	0.02128	0.02572	0.10903	0.33106	0.18032	0.04505	0.04475	0.10398	0.02375	0.01555	0.01862	0.01245	0.00745	0.00729	0.00222	0.00976	0.00650	0.00428	0.01058
15	0.01695	0.01614	0.02119	0.06561	0.02169	0.08306	0.05014	0.01935	0.01347	0.05291	0.01352	0.01955	0.01208	0.02036	0.16122	0.00477	0.38919	0.00682	0.00379	0.00820
16	0.02201	0.04393	0.02081	0.01628	0.02128	0.18075	0.04297	0.19805	0.07799	0.02867	0.01658	0.04965	0.01373	0.00854	0.00767	0.00199	0.04219	0.00650	0.00534	0.19507
17	0.01275	0.00963	0.01169	0.01111	0.01329	0.00988	0.00835	0.10397	0.03675	0.02399	0.10638	0.19355	0.14574	0.06598	0.18547	0.00514	0.00879	0.01266	0.00620	0.02868
18	0.01056	0.00776	0.01014	0.01099	0.01260	0.00734	0.00877	0.01338	0.01756	0.02325	0.21401	0.19239	0.15129	0.01936	0.00949	0.00292	0.00503	0.26931	0.00720	0.00665
19	0.01816	0.01978	0.05256	0.02623	0.25853	0.16453	0.01622	0.02261	0.06133	0.02176	0.01792	0.10161	0.01674	0.01389	0.07405	0.00317	0.04665	0.00797	0.00436	0.05193
20	0.00974	0.00763	0.00890	0.00941	0.01116	0.00699	0.00690	0.01262	0.04692	0.02168	0.14522	0.28410	0.32514	0.01945	0.00903	0.00270	0.00418	0.05453	0.00710	0.00658
21	0.01048	0.00707	0.00822	0.00853	0.00891	0.00690	0.00520	0.01118	0.01256	0.01706	0.06705	0.18612	0.06380	0.48775	0.02762	0.00561	0.00608	0.01305	0.04164	0.00514
22	0.01057	0.00767	0.01102	0.01120	0.01240	0.00856	0.00847	0.01302	0.01279	0.01845	0.05699	0.11743	0.02531	0.07743	0.52583	0.00967	0.01582	0.00992	0.04096	0.00649
23	0.00904	0.00646	0.00861	0.01034	0.01077	0.00603	0.00689	0.01034	0.01421	0.01895	0.04092	0.73426	0.04910	0.02326	0.00948	0.00301	0.00431	0.02110	0.00689	0.00603
24	0.05202	0.01003	0.01035	0.00928	0.01187	0.01039	0.00710	0.13950	0.01911	0.02968	0.06405	0.03314	0.09250	0.07552	0.00909	0.00246	0.00483	0.00838	0.40293	0.00777
25	0.01079	0.00790	0.01165	0.01165	0.01300	0.00915	0.00905	0.01349	0.01214	0.01783	0.02013	0.02908	0.01859	0.05301	0.66973	0.01135	0.01895	0.00790	0.04801	0.00664
26	0.01539	0.01319	0.01539	0.01100	0.01759	0.00990	0.00880	0.01869	0.01539	0.02419	0.01319	0.01539	0.01100	0.00550	0.00550	0.00110	0.00550	0.00440	0.00440	0.78449

[dist]
# distance from previous block
# <min> <max>
4	6

[block]
# block no. 6 follows, 27 sequences, length 7
# corresponding to MSA columns:
# 561-567
name=unknown_G
#
# <colnr> <probs for GDERKNQSTAVLIFYWHMCP>
#	G	D	E	R	K	N	Q	S	T	A	V	L	I	F	Y	W	H	M	C	P
0	0.01016	0.00714	0.00890	0.00934	0.00990	0.00711	0.00609	0.01126	0.01299	0.01754	0.08234	0.24040	0.06509	0.35234	0.12087	0.00610	0.00773	0.01372	0.00549	0.00551
1	0.01079	0.00808	0.00942	0.00962	0.01111	0.00774	0.00680	0.03859	0.04284	0.02155	0.13386	0.24676	0.21345	0.16145	0.01467	0.00358	0.00495	0.04167	0.00664	0.00645
2	0.01198	0.00834	0.01037	0.01104	0.01301	0.00790	0.00865	0.01532	0.05429	0.06496	0.04861	0.26183	0.22218	0.01950	0.00928	0.00292	0.00516	0.21050	0.00706	0.00710
3	0.01076	0.00725	0.00835	0.00827	0.00852	0.00717	0.00485	0.01125	0.01223	0.01656	0.11712	0.04955	0.03305	0.63714	0.03370	0.00651	0.00668	0.01117	0.00502	0.00485
4	0.70848	0.01471	0.01298	0.01361	0.08724	0.01676	0.00962	0.02193	0.01309	0.03233	0.01073	0.01274	0.00844	0.00686	0.00489	0.00229	0.00607	0.00430	0.00450	0.00844
5	0.01153	0.00740	0.00870	0.00889	0.01013	0.00699	0.00621	0.01290	0.01446	0.04208	0.06997	0.13795	0.17028	0.23221	0.01839	0.05456	0.00531	0.06448	0.11166	0.00590
6	0.02146	0.02125	0.04674	0.12292	0.13823	0.12478	0.09100	0.19315	0.08090	0.02869	0.01584	0.01850	0.01214	0.00807	0.00825	0.00232	0.04350	0.00671	0.00494	0.01061

[dist]
# distance from previous block
# <min> <max>
0	1

[block]
# block no. 7 follows, 27 sequences, length 8
# corresponding to MSA columns:
# 569-576
name=unknown_H
#
# <colnr> <probs for GDERKNQSTAVLIFYWHMCP>
#	G	D	E	R	K	N	Q	S	T	A	V	L	I	F	Y	W	H	M	C	P
0	0.01390	0.00964	0.01129	0.01065	0.01327	0.00929	0.00814	0.07852	0.06356	0.08179	0.17723	0.18540	0.24257	0.01669	0.00866	0.00257	0.00475	0.04673	0.00743	0.00790
1	0.15395	0.05763	0.22721	0.03838	0.02289	0.01729	0.01594	0.11097	0.12016	0.05630	0.06244	0.02069	0.01650	0.00841	0.00670	0.00229	0.00771	0.00647	0.03780	0.01027
2	0.01809	0.01457	0.01867	0.01352	0.02007	0.01214	0.06524	0.09107	0.01807	0.06871	0.01486	0.01667	0.01166	0.00617	0.00611	0.00142	0.00644	0.00521	0.00497	0.58634
3	0.01080	0.00720	0.00810	0.00810	0.00810	0.00720	0.00450	0.01080	0.01080	0.01439	0.02339	0.04858	0.02699	0.73910	0.03779	0.00720	0.00720	0.01080	0.00450	0.00450
4	0.01000	0.00686	0.00833	0.00911	0.00930	0.00667	0.00558	0.01059	0.01234	0.01645	0.03132	0.35865	0.03699	0.41539	0.02498	0.00531	0.00589	0.01546	0.00558	0.00519
5	0.01712	0.28175	0.21469	0.23668	0.03289	0.02166	0.01930	0.05708	0.01626	0.02121	0.01246	0.01573	0.00978	0.00702	0.00637	0.00211	0.00940	0.00536	0.00344	0.00969
6	0.01308	0.01032	0.01220	0.05863	0.01600	0.01076	0.00914	0.08038	0.12995	0.02458	0.08636	0.25300	0.17203	0.05406	0.01011	0.00290	0.00539	0.03648	0.00678	0.00786
7	0.02056	0.01731	0.01796	0.07444	0.02140	0.08336	0.01236	0.28675	0.08789	0.03246	0.09461	0.03007	0.09791	0.04646	0.00989	0.00258	0.03909	0.00859	0.00643	0.00987

[dist]
# distance from previous block
# <min> <max>
2	22

[block]
# block no. 8 follows, 27 sequences, length 42
# corresponding to MSA columns:
# 599-640
name=unknown_I
#
# <colnr> <probs for GDERKNQSTAVLIFYWHMCP>
#	G	D	E	R	K	N	Q	S	T	A	V	L	I	F	Y	W	H	M	C	P
0	0.27029	0.27310	0.02345	0.01255	0.01789	0.06393	0.03752	0.02340	0.01554	0.09722	0.01577	0.01681	0.03796	0.00744	0.00550	0.00197	0.00720	0.00519	0.02514	0.04212
1	0.01601	0.05976	0.04444	0.02119	0.19462	0.01382	0.01386	0.04517	0.05214	0.02393	0.02013	0.07006	0.01925	0.04653	0.00872	0.00233	0.00705	0.09660	0.00487	0.23950
2	0.01454	0.01236	0.01443	0.01069	0.01660	0.00941	0.00846	0.01768	0.01564	0.02392	0.04248	0.05025	0.05690	0.00741	0.00598	0.00131	0.00527	0.00612	0.00479	0.67576
3	0.01096	0.00719	0.00954	0.01055	0.01166	0.00667	0.00751	0.01282	0.01584	0.06284	0.12410	0.52850	0.07193	0.02098	0.00930	0.00290	0.00451	0.06837	0.00719	0.00664
4	0.01624	0.01624	0.02274	0.01949	0.01949	0.02274	0.01624	0.01787	0.01137	0.01787	0.00975	0.01624	0.00975	0.01299	0.02436	0.00325	0.72552	0.00650	0.00325	0.00812
5	0.02554	0.02188	0.01785	0.01510	0.01935	0.25965	0.01184	0.22221	0.02409	0.11361	0.01841	0.01934	0.01366	0.00844	0.00668	0.00202	0.00875	0.00616	0.17545	0.00996
6	0.01384	0.00692	0.00692	0.00692	0.00865	0.00692	0.00519	0.01730	0.01557	0.02768	0.02422	0.02768	0.01903	0.00865	0.00519	0.00173	0.00346	0.00692	0.78031	0.00692
7	0.02517	0.01918	0.02090	0.04490	0.02318	0.02116	0.01364	0.49312	0.14387	0.04154	0.01948	0.01945	0.01414	0.00884	0.00733	0.00222	0.00768	0.00683	0.00709	0.06027
8	0.01769	0.01351	0.01598	0.01430	0.01701	0.01539	0.01123	0.15213	0.16282	0.06183	0.02844	0.20652	0.04881	0.01418	0.01092	0.00269	0.12973	0.02791	0.03954	0.00936
9	0.02540	0.07796	0.09403	0.01814	0.02345	0.37320	0.01540	0.19172	0.06453	0.02678	0.01437	0.01555	0.01114	0.00797	0.00684	0.00206	0.01097	0.00551	0.00486	0.01014
10	0.02579	0.01287	0.01646	0.01228	0.01838	0.01049	0.01002	0.02884	0.01879	0.41532	0.02254	0.02113	0.01528	0.00764	0.00664	0.00179	0.00597	0.00618	0.00718	0.33640
11	0.07099	0.04721	0.07782	0.01781	0.02352	0.08164	0.13633	0.15849	0.08551	0.05665	0.06798	0.02431	0.06039	0.00894	0.00739	0.00224	0.00848	0.00766	0.00565	0.05100
12	0.07111	0.10363	0.05159	0.01678	0.02212	0.03727	0.12791	0.04609	0.06190	0.24328	0.02014	0.02148	0.01469	0.03403	0.00919	0.00246	0.05386	0.00697	0.04511	0.01040
13	0.01069	0.00786	0.00862	0.00824	0.01081	0.00671	0.00625	0.01295	0.01801	0.06532	0.19383	0.06532	0.52410	0.01747	0.00869	0.00246	0.00387	0.01470	0.00729	0.00682
14	0.01402	0.01319	0.02227	0.72126	0.05113	0.01649	0.02062	0.01897	0.01484	0.01897	0.01319	0.01979	0.00990	0.00742	0.00742	0.00247	0.00990	0.00660	0.00330	0.00825
15	0.07002	0.14220	0.13928	0.04618	0.04630	0.04539	0.03808	0.04493	0.04070	0.21691	0.05465	0.02270	0.04403	0.00859	0.00689	0.00220	0.00790	0.00684	0.00573	0.01048
16	0.01489	0.03840	0.70064	0.02116	0.03213	0.01724	0.02743	0.02351	0.01567	0.02351	0.01332	0.01567	0.00940	0.00705	0.00705	0.00235	0.01097	0.00549	0.00313	0.01097
17	0.01163	0.00790	0.00993	0.00924	0.01139	0.00711	0.00699	0.01478	0.02025	0.07063	0.52927	0.05658	0.18534	0.01549	0.00868	0.00237	0.00373	0.01347	0.00799	0.00722
18	0.01941	0.18924	0.32980	0.01731	0.02520	0.04402	0.01914	0.13298	0.01947	0.06367	0.04046	0.03783	0.01391	0.00812	0.00675	0.00216	0.00917	0.00619	0.00453	0.01065
19	0.01999	0.01633	0.01656	0.05798	0.02000	0.10118	0.01156	0.12005	0.22289	0.09534	0.17627	0.03184	0.05621	0.01087	0.00773	0.00233	0.00681	0.00893	0.00708	0.01005
20	0.00914	0.00650	0.00859	0.01022	0.01062	0.00609	0.00676	0.01036	0.01403	0.01871	0.03998	0.69743	0.04791	0.06171	0.01100	0.00324	0.00446	0.02055	0.00676	0.00595
21	0.01699	0.01584	0.02586	0.33512	0.31503	0.01752	0.04038	0.05688	0.05935	0.02359	0.01491	0.01961	0.01168	0.00730	0.00744	0.00235	0.00918	0.00679	0.00396	0.01023
22	0.02165	0.01826	0.02033	0.01697	0.02084	0.10352	0.06244	0.17031	0.16656	0.09156	0.02193	0.08778	0.01845	0.03885	0.01104	0.00268	0.10189	0.00853	0.00618	0.01022
23	0.02083	0.65539	0.03668	0.01350	0.01954	0.11404	0.01291	0.02315	0.01583	0.01755	0.01046	0.01209	0.00953	0.00651	0.00500	0.00163	0.00862	0.00407	0.00326	0.00941
24	0.01072	0.00721	0.00807	0.00807	0.00817	0.00716	0.00454	0.01079	0.01103	0.01461	0.02541	0.04947	0.05277	0.71109	0.03666	0.00701	0.00706	0.01099	0.00459	0.00457
25	0.02773	0.03538	0.02104	0.01913	0.02295	0.70930	0.01434	0.02964	0.02104	0.01817	0.01148	0.01339	0.00956	0.00765	0.00669	0.00191	0.01339	0.00478	0.00383	0.00861
26	0.01968	0.01852	0.03961	0.11831	0.11085	0.16603	0.01518	0.04611	0.04200	0.08728	0.02245	0.03199	0.04311	0.01072	0.00859	0.00246	0.04736	0.11623	0.04436	0.00917
27	0.01402	0.01319	0.02227	0.72126	0.05113	0.01649	0.02062	0.01897	0.01484	0.01897	0.01319	0.01979	0.00990	0.00742	0.00742	0.00247	0.00990	0.00660	0.00330	0.00825
28	0.01051	0.00734	0.00935	0.01026	0.01116	0.00709	0.00744	0.01234	0.01495	0.02012	0.10701	0.27852	0.06790	0.20140	0.01655	0.00403	0.00552	0.16983	0.03269	0.00599
29	0.01736	0.01658	0.02796	0.10540	0.59001	0.01681	0.02149	0.02166	0.01671	0.02350	0.01781	0.02190	0.05493	0.00747	0.00745	0.00225	0.00860	0.00719	0.00385	0.01108
30	0.01668	0.01773	0.03494	0.12303	0.17034	0.01782	0.37460	0.02187	0.01663	0.02267	0.01747	0.02219	0.04753	0.00758	0.00927	0.00249	0.05527	0.00827	0.00382	0.00982
31	0.01537	0.00873	0.01055	0.00959	0.01257	0.00756	0.00736	0.01775	0.01852	0.19434	0.17478	0.12235	0.33959	0.01612	0.00851	0.00247	0.00442	0.01370	0.00772	0.00800
32	0.00909	0.00677	0.00847	0.00966	0.01063	0.00615	0.00663	0.01067	0.01528	0.01996	0.09466	0.54359	0.18792	0.02172	0.00927	0.00286	0.00413	0.01939	0.00698	0.00615
33	0.01080	0.00720	0.00810	0.00810	0.00810	0.00720	0.00450	0.01080	0.01080	0.01439	0.02339	0.04858	0.02699	0.73910	0.03779	0.00720	0.00720	0.01080	0.00450	0.00450
34	0.02647	0.02065	0.01931	0.01608	0.02103	0.16386	0.01277	0.21164	0.21319	0.18249	0.02260	0.02138	0.01614	0.00904	0.00732	0.00226	0.00820	0.00695	0.00710	0.01153
35	0.02785	0.01988	0.02144	0.01650	0.02227	0.02185	0.01361	0.61474	0.03354	0.07372	0.01857	0.01854	0.01313	0.00891	0.00734	0.00221	0.00790	0.00673	0.03887	0.01239
36	0.01390	0.01008	0.01190	0.01115	0.01359	0.01010	0.00863	0.14460	0.02134	0.02909	0.25635	0.17754	0.12703	0.01605	0.00858	0.00254	0.00495	0.07578	0.04896	0.00784
37	0.12763	0.01041	0.01248	0.01167	0.01418	0.01062	0.04105	0.05310	0.07178	0.05270	0.08333	0.29100	0.09941	0.07395	0.01051	0.00300	0.00548	0.01358	0.00648	0.00762
38	0.10860	0.02745	0.06317	0.01726	0.02218	0.34187	0.01413	0.18269	0.10280	0.02857	0.01526	0.01619	0.01171	0.00813	0.00677	0.00213	0.01024	0.00564	0.00518	0.01004
39	0.03256	0.01280	0.01721	0.01330	0.01897	0.01129	0.01095	0.03634	0.05453	0.66421	0.02933	0.02539	0.01859	0.00923	0.00747	0.00231	0.00629	0.00751	0.00911	0.01259
40	0.01085	0.00827	0.01223	0.01210	0.01332	0.00976	0.00938	0.01335	0.01186	0.01715	0.01960	0.02938	0.01852	0.08025	0.65538	0.01139	0.04864	0.00800	0.00397	0.00661
41	0.01028	0.00773	0.01099	0.01109	0.01249	0.00845	0.00847	0.01282	0.01358	0.01899	0.09828	0.10383	0.08891	0.04484	0.50286	0.00918	0.01515	0.01052	0.00497	0.00658

[dist]
# distance from previous block
# <min> <max>
0	1

[block]
# block no. 9 follows, 27 sequences, length 9
# corresponding to MSA columns:
# 642-650
name=unknown_J
#
# <colnr> <probs for GDERKNQSTAVLIFYWHMCP>
#	G	D	E	R	K	N	Q	S	T	A	V	L	I	F	Y	W	H	M	C	P
0	0.50800	0.01397	0.01297	0.01100	0.01562	0.01528	0.00900	0.08552	0.01711	0.14650	0.08559	0.01941	0.01675	0.00834	0.00579	0.00229	0.00584	0.00585	0.00602	0.00915
1	0.01153	0.00759	0.00929	0.00926	0.01045	0.00725	0.00630	0.01298	0.01457	0.06133	0.13103	0.16921	0.13665	0.29041	0.08482	0.00518	0.00676	0.01324	0.00606	0.00611
2	0.01756	0.00919	0.01185	0.01066	0.01373	0.00816	0.00837	0.02032	0.01934	0.24400	0.24102	0.11411	0.17372	0.01511	0.00852	0.00250	0.00480	0.06043	0.00803	0.00859
3	0.01539	0.01319	0.01539	0.01100	0.01759	0.00990	0.00880	0.01869	0.01539	0.02419	0.01319	0.01539	0.01100	0.00550	0.00550	0.00110	0.00550	0.00440	0.00440	0.78449
4	0.01261	0.00719	0.00771	0.00774	0.00957	0.00695	0.00591	0.01587	0.01655	0.02659	0.11859	0.04063	0.11634	0.01159	0.00645	0.00202	0.00372	0.04873	0.52842	0.00684
5	0.01248	0.00767	0.00883	0.00864	0.01067	0.00717	0.00642	0.01491	0.01614	0.07371	0.09544	0.11229	0.24490	0.05866	0.07455	0.00345	0.00559	0.01199	0.21959	0.00690
6	0.01039	0.00703	0.00822	0.00861	0.00871	0.00693	0.00505	0.01069	0.01158	0.01544	0.02743	0.20658	0.03208	0.57415	0.03126	0.00623	0.00653	0.01317	0.00505	0.00485
7	0.02584	0.01100	0.01471	0.01184	0.01634	0.00960	0.00956	0.02880	0.02090	0.48170	0.20117	0.03607	0.07639	0.01136	0.00788	0.00232	0.00543	0.00954	0.00878	0.01077
8	0.01660	0.01597	0.02186	0.01706	0.02195	0.06638	0.14863	0.04879	0.03701	0.02422	0.06337	0.06695	0.01937	0.00938	0.00891	0.00208	0.07454	0.04269	0.00489	0.28935

[dist]
# distance from previous block
# <min> <max>
0	1

[block]
# block no. 10 follows, 27 sequences, length 53
# corresponding to MSA columns:
# 652-704
name=unknown_K
#
# <colnr> <probs for GDERKNQSTAVLIFYWHMCP>
#	G	D	E	R	K	N	Q	S	T	A	V	L	I	F	Y	W	H	M	C	P
0	0.01843	0.01514	0.01858	0.01600	0.01819	0.04229	0.01293	0.17906	0.01825	0.05240	0.01716	0.06205	0.01561	0.04084	0.18185	0.00507	0.26449	0.00782	0.00496	0.00887
1	0.00955	0.00688	0.00911	0.01043	0.01126	0.00644	0.00738	0.01140	0.01559	0.02089	0.13529	0.54437	0.07566	0.02164	0.00943	0.00294	0.00443	0.08398	0.00707	0.00626
2	0.01412	0.01341	0.01815	0.01609	0.01763	0.06555	0.05734	0.01668	0.01317	0.01846	0.04244	0.02433	0.01666	0.03360	0.36466	0.00741	0.24138	0.00753	0.00389	0.00750
3	0.01065	0.00776	0.01097	0.01097	0.01196	0.00876	0.00808	0.01264	0.01165	0.01652	0.02077	0.03405	0.02068	0.22758	0.54068	0.01074	0.01669	0.00867	0.00411	0.00609
4	0.02299	0.34648	0.09859	0.01632	0.02218	0.27588	0.01494	0.08427	0.01914	0.02103	0.01174	0.01338	0.00981	0.00713	0.00595	0.00184	0.01026	0.00467	0.00380	0.00962
5	0.01242	0.01036	0.01222	0.04588	0.04400	0.03653	0.00890	0.01768	0.10261	0.02611	0.37086	0.07583	0.13624	0.05558	0.01008	0.00267	0.00500	0.01228	0.00706	0.00766
6	0.03839	0.00979	0.01277	0.01199	0.01412	0.01024	0.02630	0.03639	0.07209	0.05847	0.02508	0.11568	0.02489	0.17912	0.24038	0.00656	0.01081	0.05705	0.00537	0.04451
7	0.08627	0.00902	0.01224	0.08656	0.01578	0.00962	0.00877	0.05007	0.01252	0.05305	0.01382	0.02118	0.01240	0.02028	0.02213	0.54402	0.00684	0.00631	0.00390	0.00522
8	0.02378	0.01078	0.01434	0.01176	0.01588	0.00967	0.00941	0.02760	0.04672	0.40977	0.28822	0.03721	0.03882	0.01157	0.00798	0.00232	0.00520	0.00984	0.00873	0.01039
9	0.02138	0.01427	0.01625	0.01368	0.01799	0.01514	0.01090	0.17236	0.23936	0.16302	0.11257	0.03219	0.08084	0.01309	0.03991	0.00282	0.00664	0.00904	0.00770	0.01084
10	0.01714	0.01929	0.04175	0.02996	0.03703	0.01811	0.62784	0.02303	0.01714	0.02324	0.01550	0.02167	0.01217	0.04836	0.01043	0.00277	0.01221	0.00888	0.00380	0.00970
11	0.01693	0.01783	0.02759	0.02219	0.02426	0.05283	0.17691	0.01975	0.01335	0.01933	0.01140	0.01740	0.01035	0.01223	0.03817	0.00324	0.49723	0.00702	0.00342	0.00857
12	0.01228	0.00774	0.00943	0.00921	0.01124	0.00698	0.00682	0.01487	0.01806	0.08758	0.27351	0.19411	0.20494	0.01646	0.00841	0.00245	0.00399	0.01430	0.09046	0.00714
13	0.15347	0.00957	0.01054	0.00985	0.01280	0.00916	0.00758	0.01788	0.01676	0.14841	0.11404	0.14418	0.22976	0.04670	0.00921	0.00273	0.00491	0.03775	0.00694	0.00775
14	0.01023	0.00699	0.00855	0.00921	0.00981	0.00677	0.00604	0.01106	0.01301	0.01739	0.03484	0.28952	0.10476	0.28868	0.05292	0.04975	0.00620	0.03317	0.03571	0.00541
15	0.01041	0.00780	0.00924	0.00899	0.01062	0.00731	0.00642	0.01352	0.04655	0.02404	0.35364	0.09576	0.20590	0.15065	0.01414	0.00333	0.00440	0.01369	0.00709	0.00652
16	0.01208	0.00672	0.00902	0.00919	0.00947	0.00673	0.00604	0.01094	0.01108	0.01556	0.01938	0.09811	0.02035	0.17966	0.05286	0.42581	0.00660	0.00892	0.08718	0.00430
17	0.12474	0.00790	0.00885	0.00964	0.01108	0.00776	0.00676	0.01236	0.01471	0.02177	0.08568	0.44481	0.14300	0.05390	0.00995	0.00298	0.00452	0.01671	0.00653	0.00636
18	0.53863	0.01613	0.03427	0.01189	0.01706	0.01728	0.01010	0.14854	0.01797	0.10756	0.01393	0.01471	0.01009	0.00754	0.00553	0.00229	0.00643	0.00495	0.00560	0.00951
19	0.10117	0.01095	0.01397	0.18093	0.02239	0.01187	0.01105	0.07397	0.01720	0.09763	0.04786	0.19607	0.02416	0.01203	0.00727	0.00241	0.00617	0.01025	0.14440	0.00825
20	0.01071	0.00715	0.00823	0.00857	0.00918	0.00696	0.00548	0.01171	0.01298	0.01784	0.04851	0.15954	0.09245	0.42712	0.02503	0.00520	0.00591	0.04283	0.08927	0.00534
21	0.21587	0.01513	0.01531	0.01319	0.01744	0.01694	0.01060	0.19191	0.21215	0.03505	0.10499	0.02685	0.02298	0.00996	0.00694	0.00237	0.00609	0.03203	0.03412	0.01007
22	0.01842	0.01130	0.01568	0.15473	0.02334	0.01174	0.01277	0.07264	0.03970	0.18255	0.03000	0.15727	0.02845	0.01443	0.00859	0.00278	0.00698	0.19290	0.00676	0.00897
23	0.01543	0.01060	0.01412	0.01285	0.01469	0.01238	0.01023	0.06547	0.01509	0.07986	0.02029	0.05384	0.01779	0.03046	0.31407	0.00656	0.14504	0.00789	0.14543	0.00790
24	0.01773	0.01026	0.01221	0.01101	0.01369	0.01021	0.00816	0.04141	0.13042	0.17759	0.10526	0.12363	0.04759	0.16543	0.01406	0.00341	0.00556	0.01084	0.08294	0.00858
25	0.06073	0.01292	0.01474	0.01243	0.01645	0.01330	0.00989	0.13982	0.14778	0.17472	0.19888	0.03519	0.08408	0.01147	0.00769	0.00233	0.00552	0.00948	0.03250	0.01010
