[name]
unknown

[dist]
# distance from previous block
# <min> <max>
0	35

[block]
# block no. 0 follows, 31 sequences, length 18
# corresponding to MSA columns:
# 46-63
name=unknown_A
#
# <colnr> <probs for GDERKNQSTAVLIFYWHMCP>
#	G	D	E	R	K	N	Q	S	T	A	V	L	I	F	Y	W	H	M	C	P
0	0.01282	0.01200	0.05089	0.04197	0.01600	0.01170	0.00982	0.02278	0.30964	0.02444	0.14964	0.08914	0.16697	0.01266	0.00757	0.00235	0.00501	0.03974	0.00648	0.00836
1	0.00924	0.00681	0.00780	0.00811	0.00919	0.00635	0.00559	0.01047	0.01332	0.01702	0.07874	0.13178	0.26394	0.31034	0.01884	0.00414	0.00505	0.08252	0.00554	0.00520
2	0.01557	0.01546	0.04498	0.31454	0.25793	0.05183	0.01781	0.05032	0.06919	0.02185	0.06176	0.02012	0.01447	0.00734	0.00687	0.00215	0.00823	0.00653	0.00395	0.00911
3	0.00830	0.00694	0.00723	0.00716	0.00937	0.00587	0.00537	0.01023	0.01610	0.01968	0.15578	0.06386	0.62689	0.01688	0.00808	0.00229	0.00343	0.01416	0.00651	0.00587
4	0.00944	0.00692	0.00904	0.01041	0.01127	0.00678	0.00754	0.01225	0.06098	0.01880	0.03675	0.57661	0.04247	0.02012	0.00875	0.00282	0.00451	0.14212	0.00638	0.00606
5	0.00885	0.00674	0.00814	0.00826	0.00983	0.00603	0.00602	0.01113	0.01671	0.02224	0.34905	0.21401	0.27464	0.01676	0.00822	0.00234	0.00347	0.01464	0.00688	0.00603
6	0.03018	0.01247	0.01639	0.01256	0.01788	0.01128	0.01038	0.10600	0.02097	0.64701	0.02583	0.02253	0.01635	0.00844	0.00688	0.00211	0.00601	0.00680	0.00829	0.01164
7	0.01996	0.01616	0.01713	0.01452	0.01891	0.01839	0.01154	0.25173	0.48435	0.03337	0.02411	0.02255	0.01786	0.00893	0.00692	0.00223	0.00611	0.00722	0.00692	0.01109
8	0.01829	0.76368	0.03585	0.01171	0.01756	0.02707	0.01171	0.02049	0.01390	0.01610	0.00951	0.01097	0.00878	0.00585	0.00439	0.00146	0.00732	0.00366	0.00293	0.00878
9	0.01251	0.01199	0.00995	0.00956	0.01194	0.13826	0.00714	0.04383	0.01682	0.02010	0.07723	0.12124	0.40276	0.01460	0.00749	0.00218	0.00527	0.01204	0.06862	0.00648
10	0.01497	0.01497	0.02095	0.01796	0.01796	0.02095	0.01497	0.01646	0.01048	0.01646	0.00898	0.01497	0.00898	0.01197	0.02245	0.00299	0.74704	0.00599	0.00299	0.00748
11	0.00834	0.00595	0.00794	0.00953	0.00992	0.00556	0.00635	0.00953	0.01310	0.01746	0.03771	0.75510	0.04525	0.02143	0.00873	0.00278	0.00397	0.01945	0.00635	0.00556
12	0.80789	0.01323	0.01006	0.00900	0.01323	0.01535	0.00741	0.02011	0.01164	0.03070	0.00953	0.01111	0.00741	0.00635	0.00423	0.00212	0.00529	0.00370	0.00423	0.00741
13	0.01124	0.00777	0.01069	0.01032	0.01143	0.00874	0.00775	0.01323	0.01181	0.04725	0.05697	0.03086	0.02079	0.18706	0.42386	0.00808	0.05956	0.00797	0.05854	0.00607
14	0.11452	0.11047	0.21128	0.01531	0.02034	0.08436	0.04499	0.01993	0.01428	0.05578	0.01639	0.11422	0.01536	0.00970	0.00824	0.00226	0.09067	0.03946	0.00406	0.00837
15	0.04581	0.02778	0.50656	0.01776	0.02545	0.01467	0.05054	0.01964	0.01404	0.02133	0.04278	0.04297	0.01315	0.01205	0.08040	0.00312	0.04327	0.00621	0.00337	0.00913
16	0.02042	0.02241	0.07761	0.02730	0.31088	0.20679	0.01716	0.13119	0.07561	0.02463	0.01401	0.01614	0.01108	0.00698	0.00662	0.00200	0.00908	0.00571	0.00423	0.01014
17	0.01942	0.42868	0.02901	0.04890	0.09008	0.15334	0.01322	0.04834	0.07517	0.01900	0.01200	0.01361	0.01016	0.00652	0.00538	0.00171	0.00824	0.00459	0.00358	0.00906

[dist]
# distance from previous block
# <min> <max>
1	6

[block]
# block no. 1 follows, 31 sequences, length 64
# corresponding to MSA columns:
# 70-133
name=unknown_B
#
# <colnr> <probs for GDERKNQSTAVLIFYWHMCP>
#	G	D	E	R	K	N	Q	S	T	A	V	L	I	F	Y	W	H	M	C	P
0	0.01794	0.26559	0.30262	0.01717	0.02437	0.13649	0.06628	0.05816	0.01615	0.02025	0.01145	0.01339	0.00901	0.00642	0.00590	0.00188	0.00954	0.00478	0.00326	0.00935
1	0.01814	0.73896	0.05921	0.01197	0.01797	0.02669	0.01217	0.02053	0.01392	0.01629	0.00961	0.01109	0.00878	0.00588	0.00446	0.00149	0.00741	0.00371	0.00293	0.00882
2	0.02529	0.01881	0.02013	0.01560	0.02094	0.02088	0.01283	0.64179	0.08562	0.04196	0.01733	0.01715	0.01237	0.00830	0.00685	0.00207	0.00736	0.00628	0.00685	0.01157
3	0.00974	0.00667	0.00740	0.00740	0.00766	0.00654	0.00426	0.00993	0.01058	0.01384	0.02686	0.04711	0.10142	0.67714	0.03185	0.00615	0.00628	0.01045	0.00439	0.00433
4	0.01307	0.04462	0.01267	0.06790	0.01574	0.12108	0.00876	0.01771	0.11167	0.02078	0.14458	0.04372	0.32617	0.01281	0.00738	0.00216	0.00568	0.01054	0.00577	0.00718
5	0.02238	0.01350	0.01563	0.01324	0.01766	0.01429	0.01053	0.03517	0.43600	0.30031	0.02751	0.02465	0.01934	0.00896	0.00693	0.00224	0.00557	0.00740	0.00755	0.01115
6	0.00988	0.00660	0.00748	0.00755	0.00757	0.00659	0.00424	0.00993	0.01008	0.01344	0.02224	0.07503	0.02574	0.72812	0.03371	0.00647	0.00652	0.01035	0.00424	0.00421
7	0.01372	0.03539	0.72412	0.01950	0.02961	0.01589	0.02528	0.02167	0.01444	0.02167	0.01228	0.01444	0.00867	0.00650	0.00650	0.00217	0.01011	0.00506	0.00289	0.01011
8	0.01372	0.03539	0.72412	0.01950	0.02961	0.01589	0.02528	0.02167	0.01444	0.02167	0.01228	0.01444	0.00867	0.00650	0.00650	0.00217	0.01011	0.00506	0.00289	0.01011
9	0.00860	0.00702	0.00765	0.00768	0.00981	0.00606	0.00589	0.01071	0.01627	0.02021	0.17916	0.06418	0.54584	0.01687	0.00819	0.00235	0.00365	0.06735	0.00655	0.00594
10	0.00834	0.00595	0.00794	0.00953	0.00992	0.00556	0.00635	0.00953	0.01310	0.01746	0.03771	0.75510	0.04525	0.02143	0.00873	0.00278	0.00397	0.01945	0.00635	0.00556
11	0.01697	0.04629	0.09684	0.06162	0.17375	0.03762	0.24153	0.11207	0.01788	0.02406	0.01693	0.02291	0.03475	0.00769	0.00733	0.00222	0.00923	0.05668	0.00412	0.00952
12	0.01009	0.00824	0.01075	0.01132	0.03392	0.00877	0.00819	0.01290	0.05045	0.01863	0.07098	0.25840	0.19512	0.02376	0.15080	0.00422	0.08019	0.03134	0.00549	0.00642
13	0.17813	0.01242	0.01507	0.01180	0.01690	0.01177	0.00974	0.07291	0.01887	0.54708	0.02300	0.02054	0.01479	0.00805	0.00637	0.00211	0.00583	0.00623	0.00756	0.01084
14	0.01424	0.04570	0.01947	0.05012	0.17027	0.09255	0.08465	0.01754	0.01695	0.02240	0.26405	0.08093	0.05167	0.01052	0.00780	0.00214	0.02651	0.00940	0.00512	0.00797
15	0.01755	0.10085	0.17638	0.06236	0.16014	0.01736	0.10751	0.11760	0.05209	0.05435	0.03557	0.01950	0.01331	0.00734	0.00678	0.00211	0.00846	0.02648	0.00432	0.00995
16	0.01525	0.02054	0.18313	0.14116	0.12895	0.10674	0.05957	0.01960	0.01434	0.01923	0.01305	0.01756	0.01067	0.01358	0.11333	0.00347	0.08112	0.00594	0.02423	0.00854
17	0.01776	0.40520	0.21410	0.01721	0.06907	0.10526	0.04505	0.02169	0.01489	0.01830	0.01077	0.01276	0.00896	0.00618	0.00547	0.00176	0.00887	0.00446	0.00304	0.00919
18	0.00968	0.00699	0.00914	0.00861	0.01022	0.00646	0.00646	0.01291	0.01937	0.02743	0.71328	0.05110	0.06455	0.01399	0.00807	0.00215	0.00323	0.01237	0.00753	0.00646
19	0.01829	0.76368	0.03585	0.01171	0.01756	0.02707	0.01171	0.02049	0.01390	0.01610	0.00951	0.01097	0.00878	0.00585	0.00439	0.00146	0.00732	0.00366	0.00293	0.00878
20	0.01144	0.00707	0.00855	0.00868	0.00935	0.00691	0.00575	0.01227	0.01188	0.06411	0.02571	0.12440	0.02830	0.50428	0.02571	0.00528	0.00614	0.10068	0.02832	0.00518
21	0.00836	0.00694	0.00731	0.00722	0.00941	0.00589	0.00541	0.01035	0.01624	0.02001	0.17920	0.06333	0.60327	0.01676	0.00808	0.00228	0.00342	0.01409	0.00655	0.00589
22	0.00832	0.00603	0.00786	0.00933	0.00987	0.00557	0.00626	0.00955	0.01328	0.01754	0.04006	0.70380	0.09503	0.02113	0.00868	0.00274	0.00393	0.01908	0.00635	0.00557
23	0.00834	0.00595	0.00794	0.00953	0.00992	0.00556	0.00635	0.00953	0.01310	0.01746	0.03771	0.75510	0.04525	0.02143	0.00873	0.00278	0.00397	0.01945	0.00635	0.00556
24	0.67923	0.01297	0.01102	0.00952	0.01393	0.01447	0.00785	0.02230	0.01296	0.14508	0.01242	0.01313	0.00899	0.00670	0.00467	0.00212	0.00538	0.00423	0.00493	0.00811
25	0.80789	0.01323	0.01006	0.00900	0.01323	0.01535	0.00741	0.02011	0.01164	0.03070	0.00953	0.01111	0.00741	0.00635	0.00423	0.00212	0.00529	0.00370	0.00423	0.00741
26	0.01829	0.76368	0.03585	0.01171	0.01756	0.02707	0.01171	0.02049	0.01390	0.01610	0.00951	0.01097	0.00878	0.00585	0.00439	0.00146	0.00732	0.00366	0.00293	0.00878
27	0.00858	0.00613	0.00822	0.00980	0.01031	0.00577	0.00677	0.00995	0.01334	0.01774	0.03757	0.69376	0.04472	0.02120	0.00880	0.00281	0.00418	0.07839	0.00635	0.00562
28	0.00995	0.00663	0.00746	0.00746	0.00746	0.00663	0.00415	0.00995	0.00995	0.01327	0.02156	0.04477	0.02487	0.75957	0.03482	0.00663	0.00663	0.00995	0.00415	0.00415
29	0.01544	0.12164	0.02308	0.01707	0.01790	0.02183	0.01450	0.01704	0.01097	0.01641	0.00906	0.01440	0.00895	0.01110	0.01988	0.00278	0.64166	0.00566	0.00298	0.00767
30	0.01673	0.35492	0.13088	0.01682	0.07257	0.02040	0.06737	0.02016	0.01437	0.05346	0.03616	0.01733	0.03793	0.00873	0.02873	0.00220	0.08318	0.00558	0.00358	0.00891
31	0.02678	0.01690	0.01673	0.01363	0.01842	0.16486	0.01087	0.06622	0.10478	0.41305	0.02226	0.02039	0.01506	0.00807	0.00664	0.00200	0.00720	0.00627	0.00691	0.05296
32	0.01602	0.01615	0.02434	0.07808	0.38938	0.08665	0.09626	0.01988	0.01648	0.02204	0.12053	0.02370	0.04455	0.00781	0.00711	0.00208	0.00811	0.00741	0.00412	0.00929
33	0.01419	0.01216	0.01419	0.01013	0.01621	0.00912	0.00811	0.01723	0.01419	0.02229	0.01216	0.01419	0.01013	0.00507	0.00507	0.00101	0.00507	0.00405	0.00405	0.80139
34	0.02385	0.01839	0.01931	0.01522	0.02038	0.03791	0.01241	0.52816	0.15459	0.03892	0.01820	0.01790	0.01320	0.00825	0.00677	0.00205	0.00716	0.00632	0.00667	0.04436
35	0.01580	0.01490	0.02539	0.01899	0.02448	0.01407	0.29526	0.02224	0.11376	0.04983	0.03527	0.02209	0.01488	0.00731	0.00769	0.00200	0.03884	0.03989	0.00455	0.23276
36	0.03925	0.01894	0.01815	0.05644	0.08893	0.23083	0.03066	0.10319	0.07922	0.04317	0.04174	0.05703	0.04133	0.01309	0.07790	0.00296	0.03680	0.00706	0.00473	0.00859
37	0.01838	0.01056	0.01186	0.01018	0.01344	0.01078	0.00805	0.11668	0.12375	0.16728	0.07417	0.02775	0.05762	0.00923	0.00623	0.00195	0.00468	0.00751	0.31109	0.00882
38	0.00901	0.00673	0.00850	0.00948	0.01074	0.00622	0.00712	0.01097	0.01491	0.01934	0.10949	0.36397	0.21239	0.01913	0.00867	0.00269	0.00430	0.16403	0.00645	0.00586
39	0.01397	0.03722	0.01555	0.01517	0.06617	0.11615	0.01089	0.01575	0.01345	0.01733	0.04624	0.13056	0.04132	0.11868	0.08288	0.00388	0.18703	0.05667	0.00429	0.00681
40	0.01581	0.01736	0.08897	0.22555	0.45697	0.03592	0.02064	0.02030	0.01508	0.02084	0.01256	0.01693	0.01013	0.00636	0.00675	0.00210	0.00869	0.00595	0.00325	0.00983
41	0.01411	0.00784	0.00799	0.00750	0.00953	0.00811	0.00575	0.07805	0.04143	0.02721	0.02199	0.02469	0.01713	0.00804	0.00505	0.00166	0.00366	0.00641	0.69683	0.00702
42	0.01124	0.00880	0.01026	0.01043	0.01250	0.00887	0.00812	0.04135	0.13811	0.02189	0.08567	0.18482	0.22012	0.04003	0.00913	0.00271	0.00481	0.16771	0.00647	0.00697
43	0.01772	0.05487	0.34289	0.07072	0.06482	0.09905	0.10606	0.08098	0.01705	0.06256	0.01340	0.01566	0.00978	0.00671	0.00667	0.00210	0.00980	0.00564	0.00374	0.00978
44	0.00951	0.00640	0.00833	0.00948	0.01036	0.00588	0.00656	0.01089	0.01377	0.05274	0.04046	0.62446	0.11424	0.02027	0.00859	0.00271	0.00408	0.03890	0.00645	0.00591
45	0.00829	0.00612	0.00776	0.00908	0.00981	0.00559	0.00615	0.00958	0.01353	0.01764	0.04317	0.63588	0.16094	0.02072	0.00862	0.00270	0.00388	0.01858	0.00635	0.00559
46	0.01358	0.01284	0.02172	0.62724	0.15782	0.01537	0.01933	0.01806	0.01399	0.01828	0.01228	0.01802	0.00940	0.00672	0.00683	0.00224	0.00896	0.00608	0.00310	0.00813
47	0.01596	0.01494	0.02388	0.14406	0.41781	0.01580	0.04309	0.02296	0.14349	0.02264	0.01689	0.02216	0.01402	0.00751	0.00702	0.00220	0.00780	0.04362	0.00416	0.01002
48	0.01056	0.00859	0.01141	0.01133	0.01266	0.04459	0.00878	0.01297	0.01141	0.01592	0.01794	0.02615	0.01669	0.04911	0.69627	0.01054	0.01803	0.00718	0.00366	0.00620
49	0.01398	0.00908	0.00940	0.00896	0.01125	0.00982	0.00681	0.02236	0.23955	0.02622	0.02470	0.05286	0.01967	0.00890	0.00564	0.00188	0.00394	0.00731	0.50987	0.00780
50	0.01055	0.00686	0.00889	0.00967	0.01045	0.00665	0.00682	0.01187	0.01291	0.05434	0.03135	0.35549	0.03558	0.24010	0.04367	0.00426	0.00582	0.13340	0.00570	0.00562
51	0.77523	0.01404	0.01044	0.00936	0.01356	0.04527	0.00765	0.02041	0.01197	0.03011	0.00957	0.01116	0.00747	0.00638	0.00431	0.00210	0.00559	0.00373	0.00420	0.00743
52	0.01868	0.51189	0.03034	0.04223	0.05649	0.06275	0.01242	0.07147	0.05941	0.01964	0.01167	0.01315	0.00996	0.00632	0.00509	0.00162	0.00748	0.00439	0.00359	0.05143
53	0.04588	0.01519	0.02503	0.21892	0.49826	0.01610	0.01973	0.04062	0.01545	0.02205	0.01267	0.01703	0.01029	0.00636	0.00670	0.00210	0.00826	0.00600	0.00344	0.00991
54	0.01598	0.01766	0.15023	0.01258	0.01927	0.03744	0.01192	0.05302	0.01561	0.06038	0.01313	0.01477	0.01024	0.00575	0.00557	0.00137	0.00646	0.00451	0.00419	0.53993
55	0.00950	0.00770	0.00809	0.00784	0.00988	0.02812	0.00588	0.01188	0.01703	0.02219	0.30292	0.05621	0.40811	0.01519	0.00781	0.00219	0.00363	0.01286	0.05684	0.00613
56	0.04003	0.01984	0.12471	0.04542	0.20418	0.06256	0.01628	0.20641	0.01976	0.04921	0.01394	0.01620	0.01073	0.00839	0.02985	0.00226	0.02812	0.00564	0.00451	0.09199
57	0.00906	0.00673	0.00803	0.00825	0.00951	0.00617	0.00581	0.01084	0.01511	0.01994	0.23856	0.19570	0.23632	0.15865	0.01335	0.00321	0.00421	0.03863	0.00627	0.00564
58	0.01458	0.03200	0.58539	0.02090	0.03031	0.01632	0.13476	0.04655	0.01538	0.02250	0.01269	0.01518	0.00906	0.00644	0.00677	0.00219	0.01025	0.00559	0.00313	0.01002
59	0.00945	0.00659	0.00771	0.00803	0.00849	0.00636	0.00503	0.01017	0.01193	0.01576	0.07562	0.18655	0.10330	0.46917	0.02450	0.00504	0.00555	0.03087	0.00509	0.00480
60	0.00918	0.03440	0.00929	0.00956	0.01042	0.00690	0.00661	0.01121	0.04017	0.01836	0.07975	0.60678	0.06439	0.04702	0.00940	0.00280	0.00418	0.01746	0.00624	0.00589
61	0.02420	0.09788	0.02161	0.01511	0.02045	0.02138	0.01263	0.55029	0.10395	0.03865	0.01694	0.01684	0.01235	0.00808	0.00660	0.00202	0.00727	0.00607	0.00644	0.01124
62	0.04317	0.53795	0.06478	0.01260	0.01797	0.12983	0.01203	0.02087	0.01494	0.01743	0.03779	0.01494	0.03799	0.00682	0.00503	0.00162	0.00784	0.00457	0.00336	0.00848
63	0.03641	0.04364	0.05150	0.01810	0.02444	0.03633	0.26705	0.04071	0.01593	0.07166	0.01375	0.01626	0.01054	0.00584	0.00642	0.00172	0.00813	0.00585	0.00413	0.32158

[dist]
# distance from previous block
# <min> <max>
5	22

[block]
# block no. 2 follows, 31 sequences, length 27
# corresponding to MSA columns:
# 156-182
name=unknown_C
#
# <colnr> <probs for GDERKNQSTAVLIFYWHMCP>
#	G	D	E	R	K	N	Q	S	T	A	V	L	I	F	Y	W	H	M	C	P
0	0.06388	0.03528	0.07886	0.13858	0.27479	0.01480	0.07757	0.02084	0.01504	0.07360	0.01345	0.01662	0.01044	0.00624	0.00641	0.00194	0.00790	0.00572	0.00382	0.13424
1	0.01612	0.01244	0.01451	0.04960	0.01735	0.01316	0.01014	0.14843	0.19197	0.05465	0.15863	0.05667	0.06699	0.01083	0.00762	0.00216	0.02591	0.04285	0.00640	0.09358
2	0.01119	0.00761	0.00973	0.00898	0.01094	0.00711	0.00681	0.01503	0.04972	0.06856	0.61149	0.04899	0.09026	0.01360	0.00795	0.00216	0.00349	0.01193	0.00751	0.00693
3	0.02556	0.03261	0.01939	0.01763	0.02115	0.73210	0.01322	0.02732	0.01939	0.01674	0.01058	0.01234	0.00881	0.00705	0.00617	0.00176	0.01234	0.00441	0.00353	0.00793
4	0.00980	0.00724	0.01055	0.01055	0.01162	0.00831	0.00800	0.01193	0.01086	0.01555	0.01873	0.02912	0.01808	0.14023	0.64486	0.01045	0.01686	0.00766	0.00373	0.00586
5	0.01345	0.03233	0.63584	0.01924	0.02846	0.01519	0.05801	0.02078	0.01443	0.02137	0.01425	0.06973	0.01147	0.00757	0.00675	0.00222	0.00973	0.00628	0.00318	0.00973
6	0.01829	0.76368	0.03585	0.01171	0.01756	0.02707	0.01171	0.02049	0.01390	0.01610	0.00951	0.01097	0.00878	0.00585	0.00439	0.00146	0.00732	0.00366	0.00293	0.00878
7	0.05032	0.09369	0.05301	0.01082	0.01685	0.01200	0.00942	0.04097	0.01467	0.02278	0.01220	0.01412	0.01006	0.00547	0.00508	0.00122	0.00561	0.00419	0.02675	0.59077
8	0.02556	0.03261	0.01939	0.01763	0.02115	0.73210	0.01322	0.02732	0.01939	0.01674	0.01058	0.01234	0.00881	0.00705	0.00617	0.00176	0.01234	0.00441	0.00353	0.00793
9	0.00906	0.00662	0.00860	0.00978	0.01073	0.00631	0.00719	0.01075	0.01374	0.01794	0.03993	0.42890	0.13655	0.06564	0.04741	0.00344	0.00530	0.16034	0.00607	0.00570
10	0.02556	0.03261	0.01939	0.01763	0.02115	0.73210	0.01322	0.02732	0.01939	0.01674	0.01058	0.01234	0.00881	0.00705	0.00617	0.00176	0.01234	0.00441	0.00353	0.00793
11	0.00870	0.00695	0.00779	0.00758	0.00962	0.00604	0.00568	0.01101	0.01705	0.02194	0.31811	0.06015	0.46315	0.01604	0.00808	0.00225	0.00337	0.01364	0.00681	0.00604
12	0.07143	0.01898	0.04426	0.01512	0.02060	0.04552	0.01277	0.52707	0.02836	0.12237	0.01694	0.01672	0.01182	0.00803	0.00666	0.00206	0.00746	0.00600	0.00663	0.01120
13	0.00885	0.00707	0.00817	0.00841	0.01025	0.00654	0.00644	0.01075	0.01445	0.01796	0.05306	0.07958	0.45538	0.06760	0.12902	0.00411	0.00646	0.09435	0.00577	0.00579
14	0.01419	0.01216	0.01419	0.01013	0.01621	0.00912	0.00811	0.01723	0.01419	0.02229	0.01216	0.01419	0.01013	0.00507	0.00507	0.00101	0.00507	0.00405	0.00405	0.80139
15	0.00925	0.00697	0.00857	0.00833	0.01008	0.00629	0.00627	0.01200	0.01801	0.02446	0.49546	0.08276	0.23466	0.01531	0.00814	0.00225	0.00342	0.03441	0.00714	0.00624
16	0.00973	0.00666	0.00808	0.00827	0.00851	0.00681	0.00511	0.01026	0.01049	0.01418	0.02294	0.12539	0.02603	0.55975	0.14312	0.00688	0.00819	0.01065	0.00433	0.00462
17	0.02416	0.01825	0.01949	0.01537	0.02051	0.02035	0.01256	0.55907	0.17017	0.04014	0.01877	0.01829	0.01353	0.00843	0.00687	0.00211	0.00709	0.00648	0.00687	0.01147
18	0.00809	0.00693	0.00693	0.00693	0.00924	0.00578	0.00520	0.00982	0.01559	0.01848	0.06931	0.06584	0.71411	0.01733	0.00809	0.00231	0.00347	0.01444	0.00635	0.00578
19	0.01497	0.01497	0.02095	0.01796	0.01796	0.02095	0.01497	0.01646	0.01048	0.01646	0.00898	0.01497	0.00898	0.01197	0.02245	0.00299	0.74704	0.00599	0.00299	0.00748
20	0.80789	0.01323	0.01006	0.00900	0.01323	0.01535	0.00741	0.02011	0.01164	0.03070	0.00953	0.01111	0.00741	0.00635	0.00423	0.00212	0.00529	0.00370	0.00423	0.00741
21	0.02556	0.03261	0.01939	0.01763	0.02115	0.73210	0.01322	0.02732	0.01939	0.01674	0.01058	0.01234	0.00881	0.00705	0.00617	0.00176	0.01234	0.00441	0.00353	0.00793
22	0.01497	0.01497	0.02095	0.01796	0.01796	0.02095	0.01497	0.01646	0.01048	0.01646	0.00898	0.01497	0.00898	0.01197	0.02245	0.00299	0.74704	0.00599	0.00299	0.00748
23	0.01829	0.76368	0.03585	0.01171	0.01756	0.02707	0.01171	0.02049	0.01390	0.01610	0.00951	0.01097	0.00878	0.00585	0.00439	0.00146	0.00732	0.00366	0.00293	0.00878
24	0.01867	0.72588	0.03500	0.01201	0.01774	0.06352	0.01178	0.02084	0.01418	0.01613	0.00957	0.01105	0.00878	0.00591	0.00448	0.00148	0.00758	0.00370	0.00296	0.00874
25	0.01426	0.01197	0.01394	0.01032	0.01582	0.00957	0.00821	0.04360	0.03902	0.02386	0.08769	0.01860	0.01637	0.00628	0.00552	0.00122	0.00498	0.00515	0.00463	0.65899
26	0.05120	0.01641	0.01637	0.01343	0.01750	0.07955	0.01076	0.37299	0.07605	0.03481	0.17306	0.02477	0.02407	0.00940	0.00686	0.00205	0.00653	0.00743	0.04710	0.00965

[dist]
# distance from previous block
# <min> <max>
0	2

[block]
# block no. 3 follows, 31 sequences, length 64
# corresponding to MSA columns:
# 185-248
name=unknown_D
#
# <colnr> <probs for GDERKNQSTAVLIFYWHMCP>
#	G	D	E	R	K	N	Q	S	T	A	V	L	I	F	Y	W	H	M	C	P
0	0.53922	0.01741	0.05670	0.03968	0.06665	0.10260	0.01087	0.05653	0.01418	0.02805	0.01051	0.01241	0.00818	0.00654	0.00502	0.00207	0.00689	0.00426	0.00410	0.00811
1	0.05571	0.01572	0.02114	0.20206	0.02793	0.04978	0.09936	0.18521	0.06223	0.11013	0.01613	0.01834	0.01176	0.00775	0.00781	0.00220	0.05684	0.00637	0.03409	0.00942
2	0.00990	0.00752	0.00919	0.00949	0.01105	0.00727	0.00706	0.01373	0.08210	0.02198	0.24942	0.24813	0.16424	0.04161	0.00920	0.00263	0.00414	0.08822	0.00669	0.00641
3	0.28418	0.01720	0.01707	0.01351	0.01858	0.01928	0.01116	0.47154	0.02539	0.03902	0.01415	0.01467	0.01024	0.00760	0.00598	0.00207	0.00679	0.00535	0.00598	0.01024
4	0.02674	0.01586	0.01822	0.01421	0.01943	0.01658	0.01166	0.37344	0.10357	0.29430	0.02165	0.02001	0.01466	0.00843	0.00687	0.00211	0.00665	0.00661	0.00746	0.01155
5	0.00914	0.00666	0.00878	0.01018	0.01116	0.00630	0.00767	0.01100	0.01421	0.01852	0.04094	0.46406	0.12170	0.02017	0.00888	0.00284	0.00463	0.22100	0.00634	0.00581
6	0.01854	0.73880	0.03529	0.01191	0.01768	0.05106	0.01176	0.02072	0.01409	0.01612	0.00955	0.01102	0.00878	0.00589	0.00445	0.00147	0.00749	0.00368	0.00295	0.00875
7	0.00867	0.00668	0.00796	0.00871	0.00998	0.00610	0.00612	0.01084	0.03762	0.01913	0.11209	0.43038	0.27302	0.01893	0.00839	0.00255	0.00378	0.01669	0.00648	0.00589
8	0.00848	0.00604	0.00803	0.00957	0.00999	0.00567	0.00644	0.00970	0.01309	0.01743	0.03713	0.70837	0.04438	0.04539	0.00961	0.00292	0.00414	0.04181	0.00628	0.00554
9	0.02576	0.01800	0.01922	0.01511	0.02024	0.05179	0.01246	0.52495	0.02873	0.14002	0.01890	0.02093	0.01396	0.00884	0.00698	0.00212	0.00743	0.04652	0.00689	0.01114
10	0.02124	0.01297	0.01507	0.01237	0.01654	0.01330	0.00993	0.19876	0.15633	0.23098	0.14624	0.03042	0.08474	0.01028	0.00720	0.00216	0.00553	0.00846	0.00741	0.01008
11	0.02222	0.01741	0.01769	0.01464	0.01925	0.07609	0.01175	0.30132	0.26969	0.09129	0.02141	0.02182	0.01601	0.00875	0.00685	0.00213	0.00689	0.02822	0.00663	0.03993
12	0.80789	0.01323	0.01006	0.00900	0.01323	0.01535	0.00741	0.02011	0.01164	0.03070	0.00953	0.01111	0.00741	0.00635	0.00423	0.00212	0.00529	0.00370	0.00423	0.00741
13	0.00893	0.00645	0.00856	0.00971	0.01015	0.00644	0.00662	0.01018	0.01268	0.01727	0.03382	0.61060	0.03987	0.07443	0.05471	0.00352	0.03426	0.01714	0.02908	0.00559
14	0.00936	0.00698	0.00872	0.00845	0.01016	0.00634	0.00637	0.01221	0.01825	0.02502	0.53437	0.08026	0.19396	0.01511	0.00815	0.00224	0.00341	0.03717	0.00721	0.00628
15	0.02556	0.03261	0.01939	0.01763	0.02115	0.73210	0.01322	0.02732	0.01939	0.01674	0.01058	0.01234	0.00881	0.00705	0.00617	0.00176	0.01234	0.00441	0.00353	0.00793
16	0.00977	0.00733	0.01100	0.01100	0.01222	0.00855	0.00855	0.01222	0.01100	0.01588	0.01833	0.02688	0.01710	0.05131	0.73245	0.01100	0.01833	0.00733	0.00367	0.00611
17	0.00988	0.00666	0.00755	0.00755	0.00766	0.00666	0.00431	0.01001	0.01018	0.01353	0.02315	0.04499	0.04905	0.71254	0.05431	0.00661	0.00686	0.01003	0.00421	0.00426
18	0.80789	0.01323	0.01006	0.00900	0.01323	0.01535	0.00741	0.02011	0.01164	0.03070	0.00953	0.01111	0.00741	0.00635	0.00423	0.00212	0.00529	0.00370	0.00423	0.00741
19	0.01592	0.01522	0.02594	0.21939	0.54743	0.01599	0.02049	0.02011	0.01510	0.02112	0.01269	0.01726	0.01040	0.00628	0.00679	0.00209	0.00838	0.00609	0.00330	0.01002
20	0.01277	0.00675	0.00952	0.00923	0.00962	0.00688	0.00632	0.05039	0.01051	0.01426	0.01254	0.02071	0.01208	0.02225	0.02474	0.72360	0.00594	0.00597	0.03232	0.00362
21	0.01770	0.07606	0.07339	0.01442	0.01891	0.04186	0.01240	0.11071	0.43061	0.02770	0.02394	0.02650	0.01907	0.00943	0.00690	0.00226	0.00650	0.06529	0.00613	0.01021
22	0.02025	0.56907	0.03159	0.01311	0.01852	0.15190	0.01209	0.08019	0.01646	0.01856	0.01030	0.01169	0.00903	0.00627	0.00492	0.00157	0.00823	0.00401	0.00337	0.00888
23	0.00907	0.00658	0.00887	0.00979	0.01046	0.00661	0.00688	0.01074	0.01353	0.01870	0.11319	0.52936	0.04174	0.02340	0.09801	0.00368	0.03225	0.01616	0.03516	0.00583
24	0.01850	0.08323	0.04538	0.01663	0.05220	0.11408	0.05358	0.08086	0.37946	0.02572	0.02128	0.04492	0.01677	0.00855	0.00672	0.00215	0.00729	0.00705	0.00559	0.01002
25	0.01685	0.01800	0.05734	0.07595	0.33382	0.06204	0.16519	0.04548	0.01589	0.02168	0.01345	0.01889	0.01128	0.00727	0.00867	0.00223	0.08261	0.03019	0.00356	0.00960
26	0.00895	0.00680	0.00824	0.00823	0.00986	0.00609	0.00604	0.01136	0.01712	0.02291	0.39486	0.17331	0.26878	0.01630	0.00819	0.00231	0.00343	0.01421	0.00696	0.00609
27	0.01507	0.06377	0.22424	0.08161	0.11638	0.03468	0.01676	0.04426	0.14859	0.02288	0.06311	0.02320	0.06771	0.00855	0.00742	0.00218	0.03881	0.00693	0.00445	0.00938
28	0.00854	0.00678	0.00769	0.00796	0.00973	0.00593	0.00586	0.01049	0.01582	0.02004	0.18406	0.20129	0.43418	0.01757	0.00826	0.00240	0.00362	0.03732	0.00657	0.00588
29	0.02083	0.02052	0.13850	0.07298	0.07544	0.07916	0.01530	0.25420	0.06321	0.09436	0.01613	0.01736	0.01181	0.00904	0.03309	0.00235	0.00851	0.00589	0.00522	0.05610
30	0.01419	0.01216	0.01419	0.01013	0.01621	0.00912	0.00811	0.01723	0.01419	0.02229	0.01216	0.01419	0.01013	0.00507	0.00507	0.00101	0.00507	0.00405	0.00405	0.80139
31	0.00854	0.00680	0.00769	0.00803	0.00981	0.00595	0.00596	0.01046	0.01563	0.01965	0.15120	0.20300	0.44769	0.01778	0.00830	0.00243	0.00371	0.05499	0.00651	0.00586
32	0.00881	0.00675	0.00848	0.00922	0.01027	0.00642	0.00660	0.01049	0.01452	0.01909	0.13318	0.44163	0.20806	0.01899	0.00905	0.00260	0.03309	0.04053	0.00637	0.00583
33	0.00872	0.00635	0.00802	0.00920	0.00995	0.00592	0.00637	0.01004	0.01337	0.01744	0.04050	0.51560	0.14119	0.09968	0.01150	0.00316	0.00439	0.07701	0.00611	0.00551
34	0.01565	0.01514	0.02706	0.26732	0.29492	0.01597	0.16550	0.04635	0.01569	0.02159	0.01334	0.01799	0.01045	0.00642	0.00701	0.00216	0.00899	0.00653	0.03265	0.00929
35	0.01693	0.01626	0.02777	0.04199	0.71689	0.01626	0.02100	0.02100	0.01558	0.02235	0.01287	0.01693	0.01084	0.00610	0.00677	0.00203	0.00813	0.00610	0.00339	0.01084
36	0.74758	0.01332	0.01116	0.03529	0.04405	0.01538	0.00838	0.02006	0.01188	0.02990	0.00976	0.01160	0.00761	0.00636	0.00443	0.00212	0.00554	0.00389	0.00416	0.00756
37	0.01886	0.06595	0.28100	0.01815	0.07087	0.08655	0.04130	0.12102	0.01846	0.11086	0.04036	0.03467	0.04569	0.00801	0.00669	0.00208	0.00852	0.00645	0.00466	0.00984
38	0.01815	0.01526	0.01611	0.01415	0.01822	0.01754	0.01110	0.11906	0.61999	0.03044	0.02641	0.02438	0.01972	0.00915	0.00695	0.00229	0.00568	0.00754	0.00695	0.01093
39	0.01577	0.01459	0.02313	0.09772	0.28151	0.01619	0.07129	0.07858	0.03776	0.02196	0.01499	0.06276	0.01335	0.01245	0.07471	0.00311	0.13989	0.00722	0.00392	0.00912
40	0.00861	0.00648	0.00790	0.00862	0.00979	0.00587	0.00607	0.01030	0.01480	0.01931	0.15601	0.39471	0.24358	0.04612	0.00941	0.00269	0.00386	0.03366	0.00646	0.00573
41	0.03023	0.01238	0.01634	0.01252	0.01783	0.01116	0.01035	0.09846	0.02082	0.65475	0.02595	0.02261	0.01641	0.00844	0.00688	0.00211	0.00599	0.00681	0.00831	0.01164
42	0.00834	0.00616	0.00781	0.00905	0.00982	0.00563	0.00616	0.00969	0.01374	0.01798	0.06656	0.61398	0.15909	0.02048	0.00860	0.00268	0.00386	0.01836	0.00639	0.00563
43	0.00972	0.00728	0.01089	0.01094	0.01214	0.00845	0.00848	0.01212	0.01107	0.01594	0.01899	0.05176	0.01807	0.05029	0.70772	0.01071	0.01783	0.00774	0.00376	0.00609
44	0.80789	0.01323	0.01006	0.00900	0.01323	0.01535	0.00741	0.02011	0.01164	0.03070	0.00953	0.01111	0.00741	0.00635	0.00423	0.00212	0.00529	0.00370	0.00423	0.00741
45	0.00856	0.00612	0.00817	0.00963	0.01016	0.00573	0.00660	0.00998	0.01362	0.01823	0.07863	0.67668	0.04611	0.02085	0.00873	0.00276	0.00405	0.05332	0.00642	0.00565
46	0.11463	0.01849	0.01934	0.01498	0.02031	0.02055	0.01237	0.61769	0.02984	0.04171	0.01564	0.01582	0.01116	0.00800	0.00655	0.00206	0.00727	0.00588	0.00655	0.01116
47	0.01356	0.01292	0.01718	0.01530	0.01580	0.04446	0.01240	0.01527	0.01096	0.01613	0.01252	0.02002	0.01226	0.06300	0.23639	0.00555	0.45956	0.00654	0.00328	0.00691
48	0.00848	0.00687	0.00759	0.00796	0.00986	0.00597	0.00599	0.01034	0.01541	0.01898	0.09507	0.17655	0.50986	0.01796	0.00832	0.00246	0.00380	0.07631	0.00641	0.00583
49	0.01875	0.01877	0.02203	0.10259	0.25567	0.15826	0.01602	0.10239	0.01736	0.02251	0.01221	0.01554	0.01004	0.00721	0.00837	0.00200	0.09815	0.00551	0.00383	0.10281
50	0.01801	0.71948	0.07762	0.01218	0.01829	0.02639	0.01253	0.02056	0.01393	0.01643	0.00968	0.01119	0.00877	0.00589	0.00452	0.00151	0.00749	0.00374	0.00292	0.00886
51	0.03713	0.10031	0.17995	0.08533	0.03017	0.03404	0.29336	0.02292	0.01575	0.11399	0.01446	0.01709	0.01049	0.00643	0.00694	0.00214	0.00967	0.00643	0.00393	0.00947
52	0.01292	0.01216	0.02052	0.74312	0.04712	0.01520	0.01900	0.01748	0.01368	0.01748	0.01216	0.01824	0.00912	0.00684	0.00684	0.00228	0.00912	0.00608	0.00304	0.00760
53	0.00834	0.00595	0.00794	0.00953	0.00992	0.00556	0.00635	0.00953	0.01310	0.01746	0.03771	0.75510	0.04525	0.02143	0.00873	0.00278	0.00397	0.01945	0.00635	0.00556
54	0.07654	0.01429	0.01573	0.01292	0.01670	0.04017	0.01041	0.28471	0.02165	0.14635	0.05364	0.02191	0.01635	0.04854	0.09431	0.00335	0.04692	0.00668	0.05945	0.00937
55	0.01370	0.04793	0.02118	0.67856	0.04465	0.04598	0.01842	0.01803	0.01393	0.01738	0.01197	0.01765	0.00909	0.00680	0.00670	0.00222	0.00917	0.00590	0.00306	0.00767
56	0.00833	0.00598	0.00791	0.00945	0.00990	0.00556	0.00632	0.00953	0.01317	0.01749	0.03865	0.73459	0.06515	0.02131	0.00871	0.00276	0.00395	0.01930	0.00635	0.00556
57	0.00961	0.00667	0.00796	0.00833	0.00876	0.00660	0.00533	0.01030	0.01136	0.01501	0.02867	0.16278	0.08187	0.48736	0.07027	0.00571	0.00666	0.05718	0.00479	0.00477
58	0.03387	0.04121	0.11643	0.17588	0.17947	0.03243	0.01601	0.01959	0.03554	0.07619	0.02147	0.10000	0.05783	0.00975	0.00707	0.00227	0.00754	0.05429	0.00445	0.00872
59	0.01895	0.34546	0.19516	0.01525	0.02140	0.14574	0.01541	0.07949	0.04086	0.02029	0.01157	0.01316	0.00944	0.00676	0.00616	0.00182	0.03579	0.00456	0.00350	0.00922
60	0.09351	0.10906	0.04062	0.07942	0.17881	0.15197	0.01364	0.02070	0.01474	0.06157	0.01361	0.01903	0.01197	0.10708	0.02774	0.00280	0.03580	0.00580	0.00379	0.00835
61	0.01680	0.04361	0.05242	0.06063	0.47986	0.07054	0.08000	0.02080	0.01567	0.02123	0.01428	0.04462	0.01260	0.00714	0.00691	0.00209	0.00863	0.02869	0.00356	0.00991
62	0.00951	0.00691	0.00896	0.00865	0.01014	0.00643	0.00639	0.01238	0.01808	0.02535	0.58196	0.10662	0.09017	0.04024	0.03541	0.00268	0.00396	0.01277	0.00713	0.00626
63	0.01404	0.05664	0.20025	0.01857	0.10970	0.03036	0.03007	0.01942	0.07777	0.02031	0.04277	0.02685	0.07344	0.05670	0.04165	0.00296	0.12385	0.04203	0.00410	0.00852

[dist]
# distance from previous block
# <min> <max>
6	19

[block]
# block no. 4 follows, 31 sequences, length 19
# corresponding to MSA columns:
# 268-286
name=unknown_E
#
# <colnr> <probs for GDERKNQSTAVLIFYWHMCP>
#	G	D	E	R	K	N	Q	S	T	A	V	L	I	F	Y	W	H	M	C	P
0	0.10138	0.15271	0.12973	0.01586	0.06225	0.06879	0.03376	0.06319	0.05556	0.04259	0.01582	0.07779	0.01414	0.00852	0.00694	0.00204	0.04362	0.03041	0.00428	0.07062
1	0.05803	0.33245	0.16004	0.01649	0.06885	0.10932	0.01509	0.12583	0.01751	0.02256	0.01147	0.01306	0.00928	0.00653	0.00554	0.00180	0.00845	0.00457	0.00369	0.00944
2	0.01198	0.00718	0.00936	0.02988	0.01080	0.00734	0.00650	0.01273	0.05558	0.01643	0.01865	0.02625	0.04792	0.08703	0.06700	0.40529	0.00628	0.00692	0.13329	0.03360
3	0.01007	0.00662	0.00741	0.00741	0.00748	0.00662	0.00417	0.01021	0.01014	0.01380	0.02159	0.04393	0.02455	0.72676	0.03351	0.00641	0.00648	0.00979	0.03878	0.00424
4	0.02407	0.02944	0.01967	0.01758	0.02070	0.59599	0.01346	0.05838	0.01874	0.01799	0.01063	0.01291	0.00897	0.00781	0.00852	0.00195	0.11681	0.00472	0.00361	0.00805
5	0.00850	0.00673	0.00771	0.00828	0.00992	0.00593	0.00611	0.01029	0.01510	0.01889	0.09595	0.26972	0.42006	0.01847	0.00839	0.00251	0.00384	0.07139	0.00642	0.00580
6	0.00954	0.00665	0.00850	0.00953	0.01007	0.00649	0.00669	0.01078	0.01262	0.01670	0.03167	0.34378	0.03668	0.28064	0.01809	0.00422	0.00546	0.17109	0.00556	0.00524
7	0.01097	0.00728	0.00948	0.00894	0.01078	0.00667	0.00679	0.01397	0.01873	0.07206	0.57391	0.08397	0.09698	0.01435	0.00807	0.00223	0.00356	0.03714	0.00742	0.00671
8	0.00866	0.00620	0.00800	0.00904	0.00981	0.00571	0.00619	0.00992	0.01391	0.01843	0.11830	0.54044	0.13392	0.02017	0.00961	0.04875	0.00393	0.01719	0.00629	0.00554
9	0.01497	0.01497	0.02095	0.01796	0.01796	0.02095	0.01497	0.01646	0.01048	0.01646	0.00898	0.01497	0.00898	0.01197	0.02245	0.00299	0.74704	0.00599	0.00299	0.00748
10	0.01615	0.01845	0.04037	0.02884	0.03576	0.01730	0.69204	0.02191	0.01615	0.02191	0.01384	0.01845	0.01038	0.00577	0.00807	0.00231	0.01153	0.00807	0.00346	0.00923
11	0.02556	0.03261	0.01939	0.01763	0.02115	0.73210	0.01322	0.02732	0.01939	0.01674	0.01058	0.01234	0.00881	0.00705	0.00617	0.00176	0.01234	0.00441	0.00353	0.00793
12	0.01306	0.01235	0.02055	0.69449	0.04516	0.01559	0.01873	0.01741	0.01347	0.01741	0.01195	0.01802	0.00911	0.00718	0.00789	0.00233	0.05861	0.00607	0.00304	0.00759
13	0.02306	0.01052	0.01384	0.01117	0.01519	0.00954	0.00900	0.06986	0.02034	0.43483	0.26552	0.03253	0.03318	0.01037	0.00729	0.00212	0.00503	0.00875	0.00803	0.00983
14	0.01714	0.32313	0.12898	0.04072	0.09140	0.07807	0.06762	0.02175	0.05474	0.01936	0.01295	0.01644	0.01101	0.00671	0.00582	0.00182	0.00830	0.02907	0.00349	0.06148
15	0.01335	0.01244	0.01986	0.51676	0.03744	0.01600	0.01715	0.01667	0.01258	0.01686	0.01136	0.01761	0.00927	0.00922	0.01198	0.05520	0.18991	0.00605	0.00302	0.00727
16	0.51609	0.01427	0.01391	0.01142	0.01602	0.01575	0.04058	0.15557	0.01672	0.05651	0.04506	0.01497	0.01154	0.00708	0.00525	0.00207	0.00594	0.00494	0.00502	0.04130
17	0.04735	0.09011	0.12024	0.07976	0.02120	0.01337	0.03719	0.01839	0.01443	0.04538	0.05461	0.04247	0.01535	0.00776	0.00696	0.00180	0.04790	0.03677	0.00414	0.29482
18	0.05051	0.01821	0.02186	0.02700	0.32702	0.14626	0.01588	0.07593	0.04489	0.02221	0.01345	0.01759	0.01151	0.03751	0.05527	0.00284	0.09290	0.00597	0.00388	0.00931

[dist]
# distance from previous block
# <min> <max>
0	2

[block]
# block no. 5 follows, 31 sequences, length 30
# corresponding to MSA columns:
# 289-301,368-384
name=unknown_F
#
# <colnr> <probs for GDERKNQSTAVLIFYWHMCP>
#	G	D	E	R	K	N	Q	S	T	A	V	L	I	F	Y	W	H	M	C	P
0	0.07390	0.08625	0.01993	0.06322	0.02167	0.43515	0.01277	0.09108	0.04629	0.06950	0.01291	0.01421	0.01005	0.00719	0.00609	0.00187	0.01008	0.00488	0.00429	0.00868
1	0.01128	0.00925	0.01167	0.01123	0.01230	0.03814	0.00844	0.01395	0.04603	0.01639	0.03909	0.02970	0.01929	0.19522	0.42880	0.00824	0.08304	0.00782	0.00398	0.00613
2	0.00836	0.00679	0.00742	0.00759	0.00949	0.00584	0.00557	0.01024	0.01577	0.01967	0.16113	0.17132	0.51201	0.01747	0.00818	0.00236	0.00351	0.01491	0.00653	0.00584
3	0.05624	0.01462	0.05342	0.01222	0.01810	0.01213	0.02933	0.10279	0.03560	0.05543	0.01359	0.01517	0.01067	0.00609	0.00606	0.00144	0.02805	0.00475	0.00457	0.51974
4	0.01391	0.09736	0.55848	0.01814	0.02674	0.01631	0.04371	0.02067	0.01474	0.02149	0.07048	0.01734	0.01341	0.00721	0.00699	0.00213	0.03233	0.00567	0.00330	0.00958
5	0.09387	0.14276	0.13557	0.01603	0.03724	0.20311	0.01437	0.18209	0.01949	0.02517	0.01361	0.01503	0.02910	0.00744	0.00663	0.00195	0.03795	0.00513	0.00424	0.00924
6	0.01406	0.01030	0.01448	0.05477	0.12851	0.01048	0.01114	0.07478	0.03454	0.07028	0.15429	0.15552	0.03284	0.04722	0.04131	0.00299	0.00639	0.12234	0.00590	0.00784
7	0.00838	0.00616	0.00774	0.00896	0.00967	0.00565	0.00603	0.00960	0.01337	0.01742	0.04243	0.59578	0.16227	0.05980	0.01000	0.00290	0.00402	0.01806	0.00623	0.00552
8	0.01424	0.01235	0.01466	0.01068	0.01633	0.00994	0.00858	0.01717	0.01393	0.02189	0.01194	0.01424	0.01005	0.00555	0.00627	0.00115	0.05649	0.00419	0.00398	0.74637
9	0.01861	0.14260	0.15646	0.04180	0.14914	0.08650	0.06374	0.09609	0.04407	0.05485	0.01360	0.01555	0.01052	0.00660	0.00625	0.00190	0.00852	0.00542	0.00403	0.07377
10	0.01062	0.00707	0.00809	0.00798	0.00822	0.00713	0.00471	0.03766	0.01095	0.01461	0.02164	0.07792	0.02467	0.65312	0.03195	0.04832	0.00650	0.01006	0.00430	0.00446
11	0.00881	0.00641	0.00793	0.00894	0.00971	0.00598	0.00614	0.01004	0.01320	0.01714	0.04037	0.44617	0.16171	0.15355	0.01338	0.00342	0.00455	0.07119	0.00595	0.00540
12	0.02036	0.47972	0.02959	0.01402	0.01872	0.24974	0.01241	0.02237	0.01540	0.01633	0.00981	0.01169	0.00880	0.00666	0.00622	0.00167	0.06089	0.00406	0.00312	0.00842
13	0.00851	0.00603	0.00789	0.00930	0.00965	0.00567	0.00611	0.00957	0.01275	0.01700	0.03594	0.67718	0.04301	0.10241	0.01159	0.00320	0.00426	0.01841	0.00611	0.00540
14	0.00933	0.00694	0.00868	0.00834	0.01003	0.00629	0.00622	0.01219	0.01839	0.02534	0.56478	0.08514	0.18316	0.01493	0.00810	0.00221	0.00330	0.01307	0.00726	0.00629
15	0.00864	0.00693	0.00761	0.00763	0.00956	0.00604	0.00567	0.01060	0.01590	0.01995	0.18874	0.08866	0.49179	0.06160	0.00978	0.00259	0.00375	0.04228	0.00645	0.00582
16	0.01188	0.00594	0.00891	0.00891	0.00891	0.00594	0.00594	0.00891	0.00891	0.01188	0.01188	0.02080	0.01188	0.02377	0.02674	0.80095	0.00594	0.00594	0.00297	0.00297
17	0.80789	0.01323	0.01006	0.00900	0.01323	0.01535	0.00741	0.02011	0.01164	0.03070	0.00953	0.01111	0.00741	0.00635	0.00423	0.00212	0.00529	0.00370	0.00423	0.00741
18	0.01497	0.01497	0.02095	0.01796	0.01796	0.02095	0.01497	0.01646	0.01048	0.01646	0.00898	0.01497	0.00898	0.01197	0.02245	0.00299	0.74704	0.00599	0.00299	0.00748
19	0.01372	0.03539	0.72412	0.01950	0.02961	0.01589	0.02528	0.02167	0.01444	0.02167	0.01228	0.01444	0.00867	0.00650	0.00650	0.00217	0.01011	0.00506	0.00289	0.01011
20	0.01497	0.01497	0.02095	0.01796	0.01796	0.02095	0.01497	0.01646	0.01048	0.01646	0.00898	0.01497	0.00898	0.01197	0.02245	0.00299	0.74704	0.00599	0.00299	0.00748
21	0.01646	0.47213	0.31138	0.01483	0.02238	0.02259	0.01714	0.02096	0.01412	0.01833	0.01062	0.01236	0.00873	0.00611	0.00523	0.00174	0.00844	0.00422	0.00291	0.00931
22	0.01419	0.00776	0.00791	0.00739	0.00941	0.00799	0.00567	0.08950	0.01628	0.02742	0.02168	0.02452	0.01690	0.00800	0.00501	0.00164	0.00366	0.00635	0.71178	0.00695
23	0.01312	0.01259	0.02116	0.52627	0.03916	0.01548	0.06924	0.01707	0.01336	0.01767	0.01375	0.07330	0.01192	0.00861	0.00937	0.00242	0.11741	0.00723	0.00331	0.00755
24	0.00827	0.00689	0.00721	0.00723	0.00938	0.00584	0.00539	0.01013	0.01588	0.01939	0.13633	0.09748	0.61274	0.01717	0.00812	0.00232	0.00346	0.01446	0.00648	0.00584
25	0.01455	0.11282	0.30955	0.01585	0.04155	0.01601	0.01644	0.05581	0.07826	0.02141	0.01829	0.02178	0.05644	0.06798	0.04466	0.00290	0.06152	0.00641	0.02891	0.00889
26	0.05388	0.01217	0.01414	0.01026	0.01618	0.00950	0.00824	0.01879	0.01454	0.08438	0.01334	0.01484	0.01060	0.00543	0.00519	0.00116	0.00514	0.00429	0.00445	0.69347
27	0.01415	0.02799	0.48221	0.01813	0.02589	0.04272	0.06029	0.04916	0.01555	0.02189	0.01779	0.02462	0.04027	0.01043	0.03930	0.00267	0.00983	0.08417	0.00369	0.00924
28	0.01438	0.01482	0.11944	0.01907	0.15743	0.01245	0.03608	0.05136	0.04127	0.05111	0.07032	0.08555	0.02084	0.10939	0.05355	0.05078	0.05448	0.02507	0.00454	0.00808
29	0.08338	0.07891	0.01781	0.01522	0.05024	0.34108	0.01135	0.07179	0.01798	0.04751	0.03921	0.02163	0.09377	0.01209	0.06687	0.00266	0.00979	0.00624	0.00442	0.00806

[dist]
# distance from previous block
# <min> <max>
1	6

[block]
# block no. 6 follows, 31 sequences, length 31
# corresponding to MSA columns:
# 391-398,441-463
name=unknown_G
#
# <colnr> <probs for GDERKNQSTAVLIFYWHMCP>
#	G	D	E	R	K	N	Q	S	T	A	V	L	I	F	Y	W	H	M	C	P
0	0.23510	0.12262	0.04268	0.05859	0.10759	0.08616	0.06467	0.05949	0.08251	0.02464	0.01290	0.01485	0.01020	0.00663	0.00572	0.00197	0.00757	0.00512	0.00411	0.04689
1	0.01001	0.00685	0.00847	0.00845	0.00900	0.00703	0.00557	0.01112	0.01167	0.01621	0.10804	0.04229	0.02847	0.47338	0.17147	0.00668	0.00846	0.03042	0.03144	0.00498
2	0.01183	0.03356	0.01393	0.03620	0.01422	0.01145	0.03137	0.03286	0.01203	0.01718	0.03868	0.02827	0.01811	0.19477	0.31657	0.00692	0.13203	0.00765	0.03606	0.00631
3	0.00905	0.00697	0.00826	0.00794	0.00983	0.00618	0.00595	0.01168	0.01786	0.02387	0.45681	0.05697	0.32324	0.01532	0.00808	0.00221	0.00332	0.01320	0.00706	0.00618
4	0.01776	0.01324	0.01427	0.01215	0.01579	0.01429	0.00970	0.28881	0.15539	0.03169	0.06882	0.06093	0.12213	0.01101	0.00704	0.00216	0.00555	0.03512	0.10492	0.00921
5	0.01615	0.01845	0.04037	0.02884	0.03576	0.01730	0.69204	0.02191	0.01615	0.02191	0.01384	0.01845	0.01038	0.00577	0.00807	0.00231	0.01153	0.00807	0.00346	0.00923
6	0.01419	0.01216	0.01419	0.01013	0.01621	0.00912	0.00811	0.01723	0.01419	0.02229	0.01216	0.01419	0.01013	0.00507	0.00507	0.00101	0.00507	0.00405	0.00405	0.80139
7	0.80789	0.01323	0.01006	0.00900	0.01323	0.01535	0.00741	0.02011	0.01164	0.03070	0.00953	0.01111	0.00741	0.00635	0.00423	0.00212	0.00529	0.00370	0.00423	0.00741
8	0.02601	0.01916	0.02053	0.01574	0.02122	0.02122	0.01300	0.69408	0.03217	0.04312	0.01643	0.01643	0.01163	0.00821	0.00684	0.00205	0.00753	0.00616	0.00684	0.01163
9	0.02282	0.01746	0.01877	0.01476	0.01995	0.01903	0.01202	0.48089	0.17509	0.03779	0.01843	0.01815	0.01347	0.00811	0.00668	0.00200	0.00681	0.00628	0.00657	0.09490
10	0.00941	0.00698	0.00877	0.00832	0.01005	0.00634	0.00624	0.01238	0.01872	0.02590	0.60309	0.05363	0.17570	0.01456	0.00807	0.00218	0.00327	0.01273	0.00733	0.00634
11	0.02639	0.01108	0.01475	0.01143	0.01634	0.00949	0.00934	0.02915	0.01884	0.56018	0.09223	0.02513	0.02089	0.00864	0.00674	0.00199	0.00541	0.00711	0.03232	0.09255
