[name]
unknown

[dist]
# distance from previous block
# <min> <max>
0	20

[block]
# block no. 0 follows, 36 sequences, length 23
# corresponding to MSA columns:
# 20-42
name=unknown_A
#
# <colnr> <probs for GDERKNQSTAVLIFYWHMCP>
#	G	D	E	R	K	N	Q	S	T	A	V	L	I	F	Y	W	H	M	C	P
0	0.02339	0.00944	0.01284	0.01055	0.01437	0.00824	0.00840	0.02551	0.01651	0.58287	0.02677	0.19046	0.02120	0.01036	0.00664	0.00206	0.00492	0.00883	0.00728	0.00936
1	0.01278	0.01218	0.02021	0.52363	0.19669	0.01461	0.01732	0.01654	0.01254	0.01681	0.01091	0.01603	0.00864	0.00657	0.00772	0.00209	0.08877	0.00553	0.00283	0.00757
2	0.01046	0.00897	0.01301	0.01211	0.01285	0.01151	0.00972	0.01240	0.00986	0.01464	0.01388	0.02090	0.01314	0.03491	0.51357	0.00761	0.26508	0.00627	0.00314	0.00598
3	0.00906	0.00604	0.00680	0.00680	0.00680	0.00604	0.00378	0.00906	0.00906	0.01208	0.01963	0.04077	0.02265	0.78103	0.03171	0.00604	0.00604	0.00906	0.00378	0.00378
4	0.01445	0.18584	0.02378	0.24811	0.29753	0.01636	0.01562	0.01839	0.04117	0.01797	0.01133	0.01472	0.00930	0.00576	0.00561	0.00176	0.00724	0.00500	0.00306	0.05701
5	0.01548	0.02815	0.58478	0.01663	0.02487	0.01442	0.02022	0.09949	0.01549	0.10330	0.01310	0.01426	0.00904	0.00629	0.00599	0.00196	0.00851	0.00490	0.00360	0.00952
6	0.01423	0.04897	0.21740	0.06515	0.05568	0.01555	0.28030	0.02252	0.17446	0.02084	0.01481	0.01696	0.01108	0.00622	0.00651	0.00203	0.00851	0.00623	0.00368	0.00890
7	0.01798	0.56789	0.07239	0.01191	0.01739	0.02285	0.01167	0.17610	0.01641	0.02047	0.01022	0.01130	0.00857	0.00585	0.00461	0.00149	0.00686	0.00392	0.00346	0.00865
8	0.00741	0.00611	0.00652	0.00684	0.00855	0.00522	0.00497	0.00888	0.01369	0.01662	0.05667	0.22053	0.58323	0.01662	0.00750	0.00220	0.00326	0.01417	0.00579	0.00522
9	0.01667	0.73144	0.03132	0.01078	0.01591	0.05257	0.01057	0.01869	0.01301	0.01500	0.03115	0.01117	0.00956	0.00560	0.00416	0.00136	0.00673	0.00360	0.00282	0.00790
10	0.01491	0.03166	0.58503	0.01738	0.02524	0.18054	0.02056	0.02088	0.01416	0.01873	0.01083	0.01272	0.00792	0.00603	0.00585	0.00189	0.00966	0.00447	0.00276	0.00876
11	0.00906	0.00604	0.00680	0.00680	0.00680	0.00604	0.00378	0.00906	0.00906	0.01208	0.01963	0.04077	0.02265	0.78103	0.03171	0.00604	0.00604	0.00906	0.00378	0.00378
12	0.01177	0.01107	0.01869	0.76606	0.04291	0.01384	0.01730	0.01592	0.01246	0.01592	0.01107	0.01661	0.00831	0.00623	0.00623	0.00208	0.00831	0.00554	0.00277	0.00692
13	0.01250	0.03223	0.74875	0.01776	0.02697	0.01447	0.02302	0.01973	0.01315	0.01973	0.01118	0.01315	0.00789	0.00592	0.00592	0.00197	0.00921	0.00460	0.00263	0.00921
14	0.01527	0.00688	0.00774	0.00699	0.00920	0.00656	0.00543	0.01807	0.01413	0.18520	0.02128	0.02278	0.01585	0.00736	0.00478	0.00156	0.00344	0.00591	0.63469	0.00688
15	0.00906	0.00604	0.00680	0.00680	0.00680	0.00604	0.00378	0.00906	0.00906	0.01208	0.01963	0.04077	0.02265	0.78103	0.03171	0.00604	0.00604	0.00906	0.00378	0.00378
16	0.00892	0.00661	0.00967	0.00967	0.01067	0.00760	0.00736	0.01091	0.00991	0.01421	0.01700	0.02620	0.01633	0.12453	0.67957	0.00959	0.01556	0.00693	0.00338	0.00537
17	0.00759	0.00542	0.00723	0.00868	0.00904	0.00506	0.00578	0.00868	0.01193	0.01591	0.03434	0.77697	0.04121	0.01952	0.00795	0.00253	0.00361	0.01771	0.00578	0.00506
18	0.00905	0.00608	0.00697	0.00697	0.00703	0.00614	0.00399	0.00917	0.00911	0.01221	0.01947	0.03988	0.02227	0.74091	0.07131	0.00626	0.00662	0.00893	0.00375	0.00387
19	0.02779	0.01086	0.01462	0.01121	0.01603	0.00954	0.00926	0.05658	0.01827	0.71966	0.02422	0.02097	0.01524	0.00770	0.00626	0.00193	0.00536	0.00624	0.00766	0.01060
20	0.01268	0.01209	0.02073	0.58003	0.19919	0.01412	0.03958	0.01676	0.01292	0.01704	0.01127	0.01635	0.00869	0.00605	0.00625	0.00203	0.00817	0.00560	0.00285	0.00763
21	0.02354	0.02174	0.01833	0.01494	0.01930	0.27724	0.01191	0.47754	0.02522	0.03086	0.01309	0.01366	0.00970	0.00711	0.00602	0.00178	0.00839	0.00505	0.00517	0.00942
22	0.59427	0.01304	0.05556	0.17849	0.01985	0.01398	0.01009	0.01786	0.01117	0.02477	0.00936	0.01176	0.00717	0.00589	0.00451	0.00196	0.00586	0.00393	0.00354	0.00693

[dist]
# distance from previous block
# <min> <max>
0	5

[block]
# block no. 1 follows, 36 sequences, length 89
# corresponding to MSA columns:
# 48-136
name=unknown_B
#
# <colnr> <probs for GDERKNQSTAVLIFYWHMCP>
#	G	D	E	R	K	N	Q	S	T	A	V	L	I	F	Y	W	H	M	C	P
0	0.01422	0.01491	0.02872	0.04252	0.05360	0.01565	0.42776	0.04852	0.01374	0.01914	0.01218	0.01684	0.00987	0.01086	0.08823	0.00303	0.16238	0.00671	0.00321	0.00790
1	0.00736	0.00631	0.00631	0.00631	0.00842	0.00526	0.00473	0.00894	0.01420	0.01683	0.06312	0.05996	0.73964	0.01578	0.00736	0.00210	0.00316	0.01315	0.00579	0.00526
2	0.01468	0.01445	0.01912	0.34813	0.19915	0.09351	0.01552	0.02143	0.17232	0.01914	0.01423	0.01723	0.01101	0.00658	0.00617	0.00198	0.00766	0.00571	0.00368	0.00830
3	0.01777	0.01537	0.01531	0.01326	0.01708	0.06723	0.01043	0.17880	0.53277	0.02813	0.02207	0.02066	0.01647	0.00811	0.00627	0.00203	0.00577	0.00653	0.00610	0.00984
4	0.00762	0.00556	0.00718	0.00839	0.00898	0.00512	0.00568	0.00884	0.01242	0.01640	0.06811	0.67005	0.11507	0.01883	0.00786	0.00246	0.00354	0.01695	0.00583	0.00512
5	0.01655	0.76524	0.05124	0.01085	0.01628	0.02439	0.01098	0.01868	0.01267	0.01479	0.00873	0.01008	0.00799	0.00535	0.00405	0.00135	0.00673	0.00336	0.00266	0.00803
6	0.01250	0.03223	0.74875	0.01776	0.02697	0.01447	0.02302	0.01973	0.01315	0.01973	0.01118	0.01315	0.00789	0.00592	0.00592	0.00197	0.00921	0.00460	0.00263	0.00921
7	0.00759	0.00542	0.00723	0.00868	0.00904	0.00506	0.00578	0.00868	0.01193	0.01591	0.03434	0.77697	0.04121	0.01952	0.00795	0.00253	0.00361	0.01771	0.00578	0.00506
8	0.01516	0.01283	0.01369	0.01225	0.01562	0.01466	0.00953	0.06092	0.62564	0.02653	0.09958	0.02532	0.02281	0.00886	0.00644	0.00209	0.00481	0.00742	0.00639	0.00948
9	0.00837	0.00629	0.00777	0.00769	0.00921	0.00569	0.00576	0.01076	0.01601	0.02166	0.46063	0.12747	0.23096	0.01442	0.00747	0.00210	0.00319	0.04250	0.00642	0.00563
10	0.00755	0.00632	0.00656	0.00650	0.00853	0.00534	0.00488	0.00929	0.01463	0.01785	0.14761	0.05828	0.65451	0.01540	0.00736	0.00209	0.00313	0.01291	0.00592	0.00534
11	0.01001	0.00713	0.00994	0.01132	0.01271	0.00713	0.00984	0.01278	0.01417	0.01843	0.03256	0.06933	0.03543	0.04191	0.00935	0.00297	0.00575	0.67788	0.00567	0.00567
12	0.01177	0.01107	0.01869	0.76606	0.04291	0.01384	0.01730	0.01592	0.01246	0.01592	0.01107	0.01661	0.00831	0.00623	0.00623	0.00208	0.00831	0.00554	0.00277	0.00692
13	0.02368	0.01745	0.01870	0.01434	0.01932	0.01932	0.01184	0.72139	0.02929	0.03927	0.01496	0.01496	0.01060	0.00748	0.00623	0.00187	0.00686	0.00561	0.00623	0.01060
14	0.00759	0.00542	0.00723	0.00868	0.00904	0.00506	0.00578	0.00868	0.01193	0.01591	0.03434	0.77697	0.04121	0.01952	0.00795	0.00253	0.00361	0.01771	0.00578	0.00506
15	0.74118	0.01261	0.01016	0.00884	0.01281	0.01454	0.00728	0.09189	0.01256	0.02914	0.00933	0.01063	0.00715	0.00596	0.00410	0.00192	0.00503	0.00361	0.00410	0.00715
16	0.00850	0.00601	0.00798	0.00923	0.00986	0.00580	0.00674	0.00995	0.01224	0.01618	0.03198	0.47394	0.03717	0.12098	0.01133	0.00310	0.00455	0.21387	0.00550	0.00508
17	0.02368	0.01745	0.01870	0.01434	0.01932	0.01932	0.01184	0.72139	0.02929	0.03927	0.01496	0.01496	0.01060	0.00748	0.00623	0.00187	0.00686	0.00561	0.00623	0.01060
18	0.01292	0.01107	0.01292	0.00923	0.01477	0.00831	0.00738	0.01569	0.01292	0.02030	0.01107	0.01292	0.00923	0.00461	0.00461	0.00092	0.00461	0.00369	0.00369	0.81912
19	0.01550	0.01338	0.01409	0.01268	0.01620	0.01550	0.00986	0.03311	0.73091	0.02606	0.02536	0.02325	0.01902	0.00845	0.00634	0.00211	0.00493	0.00704	0.00634	0.00986
20	0.00762	0.00632	0.00667	0.00658	0.00857	0.00537	0.00493	0.00944	0.01480	0.01826	0.18161	0.05761	0.62025	0.01525	0.00736	0.00208	0.00312	0.01282	0.00597	0.00537
21	0.08011	0.01549	0.02037	0.01570	0.02043	0.11453	0.19001	0.10802	0.01761	0.29317	0.01761	0.05016	0.01281	0.00726	0.00635	0.00195	0.00751	0.00645	0.00540	0.00906
22	0.01250	0.03223	0.74875	0.01776	0.02697	0.01447	0.02302	0.01973	0.01315	0.01973	0.01118	0.01315	0.00789	0.00592	0.00592	0.00197	0.00921	0.00460	0.00263	0.00921
23	0.00777	0.00560	0.00737	0.00855	0.00913	0.00521	0.00585	0.00911	0.01268	0.01696	0.10929	0.65207	0.07341	0.01859	0.00788	0.00246	0.00358	0.03341	0.00590	0.00517
24	0.01898	0.03669	0.01713	0.01808	0.17954	0.18335	0.01171	0.02388	0.12694	0.17738	0.10654	0.02164	0.03520	0.00778	0.00620	0.00186	0.00678	0.00640	0.00513	0.00877
25	0.21617	0.01564	0.01875	0.04725	0.26906	0.07631	0.02885	0.17357	0.01704	0.06301	0.01217	0.01405	0.00934	0.00623	0.00561	0.00187	0.00696	0.00498	0.00420	0.00895
26	0.00890	0.00668	0.01001	0.01001	0.01113	0.00779	0.00779	0.01113	0.01001	0.01446	0.01669	0.02448	0.01558	0.04673	0.75634	0.01001	0.01669	0.00668	0.00334	0.00556
27	0.00808	0.00576	0.00773	0.00913	0.00968	0.00547	0.00650	0.00946	0.01229	0.01630	0.03370	0.62856	0.03973	0.03965	0.00871	0.00269	0.00407	0.14163	0.00572	0.00515
28	0.01542	0.01480	0.02529	0.03824	0.74217	0.01480	0.01912	0.01912	0.01419	0.02036	0.01172	0.01542	0.00987	0.00555	0.00617	0.00185	0.00740	0.00555	0.00308	0.00987
29	0.03666	0.22751	0.14579	0.02259	0.21736	0.07865	0.14871	0.01971	0.01390	0.01841	0.01072	0.01336	0.00873	0.00557	0.00566	0.00176	0.00833	0.00495	0.00294	0.00868
30	0.01463	0.01384	0.02350	0.05673	0.64507	0.01404	0.01788	0.01819	0.01370	0.01961	0.01222	0.01640	0.01042	0.00988	0.08468	0.00271	0.00840	0.00567	0.00310	0.00933
31	0.53977	0.01797	0.01271	0.01127	0.01498	0.25725	0.02825	0.02051	0.01303	0.02357	0.00910	0.01067	0.00724	0.00598	0.00453	0.00183	0.00708	0.00369	0.00362	0.00695
32	0.74039	0.01265	0.00947	0.00853	0.01215	0.05198	0.00686	0.01817	0.01089	0.02646	0.00930	0.01180	0.00765	0.04680	0.00542	0.00213	0.00522	0.00371	0.00382	0.00662
33	0.01506	0.01444	0.02465	0.10916	0.67403	0.01471	0.01894	0.01881	0.01402	0.01992	0.01166	0.01554	0.00972	0.00562	0.00617	0.00187	0.00749	0.00555	0.00305	0.00958
34	0.01004	0.00717	0.01004	0.01147	0.01291	0.00717	0.01004	0.01291	0.01434	0.01865	0.03299	0.07028	0.03586	0.01721	0.00861	0.00287	0.00574	0.70023	0.00574	0.00574
35	0.02252	0.01687	0.01804	0.01410	0.01888	0.01878	0.01156	0.62329	0.12930	0.03739	0.01644	0.01614	0.01180	0.00762	0.00625	0.00190	0.00658	0.00581	0.00625	0.01049
36	0.00906	0.00604	0.00680	0.00680	0.00680	0.00604	0.00378	0.00906	0.00906	0.01208	0.01963	0.04077	0.02265	0.78103	0.03171	0.00604	0.00604	0.00906	0.00378	0.00378
37	0.02546	0.01138	0.01469	0.01117	0.01611	0.01011	0.00920	0.10068	0.01836	0.57355	0.02173	0.01942	0.01407	0.00727	0.00604	0.00178	0.00537	0.00585	0.00701	0.12074
38	0.01634	0.72798	0.08670	0.01120	0.01682	0.02388	0.01159	0.01874	0.01270	0.01504	0.00885	0.01023	0.00799	0.00537	0.00414	0.00138	0.00686	0.00343	0.00266	0.00809
39	0.00906	0.00604	0.00680	0.00680	0.00680	0.00604	0.00378	0.00906	0.00906	0.01208	0.01963	0.04077	0.02265	0.78103	0.03171	0.00604	0.00604	0.00906	0.00378	0.00378
40	0.00759	0.00542	0.00723	0.00868	0.00904	0.00506	0.00578	0.00868	0.01193	0.01591	0.03434	0.77697	0.04121	0.01952	0.00795	0.00253	0.00361	0.01771	0.00578	0.00506
41	0.01373	0.20002	0.51376	0.01824	0.09729	0.01680	0.01984	0.01943	0.01315	0.01865	0.01067	0.01267	0.00812	0.00575	0.00551	0.00182	0.00845	0.00441	0.00268	0.00900
42	0.01038	0.00674	0.00865	0.00795	0.00980	0.00610	0.00604	0.01311	0.01725	0.08926	0.59532	0.04582	0.13445	0.01264	0.00725	0.00197	0.00318	0.01104	0.00681	0.00623
43	0.00961	0.00703	0.00945	0.01065	0.01219	0.00687	0.00919	0.01228	0.01432	0.01836	0.03779	0.06864	0.14797	0.01698	0.00841	0.00275	0.00533	0.59078	0.00574	0.00566
44	0.01376	0.04518	0.01964	0.01612	0.01634	0.01931	0.01351	0.01514	0.00967	0.01498	0.00820	0.01348	0.00817	0.01068	0.01977	0.00267	0.73842	0.00537	0.00272	0.00686
45	0.01186	0.04246	0.04137	0.01296	0.01623	0.01030	0.15769	0.03670	0.08969	0.04739	0.10245	0.18265	0.17606	0.01196	0.00715	0.00215	0.00559	0.03305	0.00524	0.00705
46	0.01387	0.01433	0.02297	0.01853	0.01992	0.01835	0.16863	0.01608	0.01068	0.01608	0.00915	0.01433	0.00846	0.00966	0.01757	0.00259	0.60294	0.00587	0.00282	0.00716
47	0.02128	0.01624	0.01757	0.03981	0.01937	0.01820	0.01155	0.52906	0.20001	0.03524	0.01736	0.01704	0.01257	0.00767	0.00626	0.00194	0.00644	0.00596	0.00614	0.01029
48	0.09804	0.01225	0.01917	0.48761	0.14731	0.01429	0.04251	0.03431	0.05026	0.01910	0.01181	0.01606	0.00904	0.00618	0.00602	0.00202	0.00767	0.00546	0.00321	0.00766
49	0.01492	0.00804	0.01048	0.00901	0.01160	0.00736	0.00704	0.04609	0.01809	0.23367	0.48714	0.03825	0.06032	0.01114	0.00699	0.00195	0.00379	0.00964	0.00705	0.00742
50	0.01250	0.03223	0.74875	0.01776	0.02697	0.01447	0.02302	0.01973	0.01315	0.01973	0.01118	0.01315	0.00789	0.00592	0.00592	0.00197	0.00921	0.00460	0.00263	0.00921
51	0.01863	0.32565	0.04359	0.01739	0.14023	0.26573	0.01278	0.05243	0.01550	0.01737	0.03135	0.01271	0.00993	0.00606	0.00515	0.00157	0.00828	0.00430	0.00320	0.00814
52	0.00760	0.00553	0.00717	0.00843	0.00899	0.00510	0.00569	0.00878	0.01230	0.01624	0.05608	0.68918	0.10800	0.01898	0.00788	0.00247	0.00355	0.01711	0.00581	0.00510
53	0.01292	0.01107	0.01292	0.00923	0.01477	0.00831	0.00738	0.01569	0.01292	0.02030	0.01107	0.01292	0.00923	0.00461	0.00461	0.00092	0.00461	0.00369	0.00369	0.81912
54	0.01552	0.22644	0.06517	0.15313	0.33439	0.06877	0.01622	0.01888	0.01366	0.01765	0.01060	0.01373	0.00885	0.00569	0.00553	0.00174	0.00772	0.00478	0.00290	0.00863
55	0.01255	0.03183	0.73022	0.01798	0.02711	0.01450	0.04115	0.01974	0.01319	0.01974	0.01122	0.01325	0.00793	0.00590	0.00596	0.00198	0.00924	0.00468	0.00264	0.00919
56	0.00847	0.00636	0.00785	0.00748	0.00910	0.00573	0.00561	0.01109	0.01682	0.02305	0.57851	0.04973	0.22036	0.01346	0.00735	0.00199	0.00299	0.01171	0.00660	0.00573
57	0.00895	0.00736	0.00800	0.00766	0.00980	0.00692	0.00580	0.01324	0.11957	0.02043	0.24444	0.05090	0.44641	0.01387	0.00721	0.00207	0.00335	0.01174	0.00616	0.00610
58	0.01707	0.17935	0.30365	0.01710	0.05368	0.08595	0.10496	0.02159	0.01442	0.12677	0.01272	0.01409	0.00933	0.00601	0.00574	0.00181	0.00838	0.00492	0.00354	0.00891
59	0.06067	0.01066	0.01424	0.01097	0.01575	0.00936	0.00906	0.02987	0.01754	0.71699	0.02393	0.02075	0.01507	0.00763	0.00617	0.00193	0.00528	0.00615	0.00755	0.01045
60	0.00906	0.00604	0.00680	0.00680	0.00680	0.00604	0.00378	0.00906	0.00906	0.01208	0.01963	0.04077	0.02265	0.78103	0.03171	0.00604	0.00604	0.00906	0.00378	0.00378
61	0.01365	0.01333	0.02367	0.30663	0.32434	0.01424	0.12744	0.01800	0.03094	0.01861	0.01280	0.04505	0.01063	0.00636	0.00645	0.00201	0.00802	0.00632	0.00316	0.00836
62	0.02795	0.01060	0.01446	0.01109	0.01591	0.00916	0.00916	0.03036	0.01783	0.74648	0.02458	0.02121	0.01542	0.00771	0.00627	0.00193	0.00530	0.00627	0.00771	0.01060
63	0.25614	0.01229	0.03569	0.01064	0.01486	0.04343	0.00894	0.04126	0.01505	0.38963	0.01784	0.01750	0.01225	0.01112	0.08402	0.00276	0.00677	0.00530	0.00574	0.00877
64	0.01666	0.78478	0.03265	0.01066	0.01599	0.02465	0.01066	0.01866	0.01266	0.01466	0.00866	0.00999	0.00800	0.00533	0.00400	0.00133	0.00666	0.00333	0.00267	0.00800
65	0.01508	0.01250	0.01510	0.01420	0.10049	0.01218	0.00995	0.09341	0.20159	0.04229	0.01762	0.04630	0.03014	0.00708	0.00605	0.00160	0.02499	0.00584	0.00478	0.33880
66	0.04326	0.13197	0.09784	0.04907	0.11787	0.01695	0.09674	0.14465	0.07131	0.07017	0.01352	0.01569	0.01049	0.02272	0.00761	0.00201	0.06961	0.00550	0.00409	0.00893
67	0.20997	0.01514	0.01802	0.24750	0.21718	0.12297	0.01432	0.01862	0.01311	0.01986	0.01033	0.01382	0.00830	0.00617	0.00617	0.00194	0.04091	0.00479	0.00318	0.00770
68	0.01638	0.01503	0.02041	0.08258	0.34735	0.04725	0.01510	0.10450	0.20961	0.02332	0.01550	0.01732	0.01216	0.00687	0.00679	0.00197	0.03819	0.00589	0.00430	0.00949
69	0.79445	0.01215	0.00977	0.00933	0.03964	0.01401	0.00722	0.01835	0.01074	0.02767	0.00879	0.01032	0.00687	0.00577	0.00394	0.00192	0.00492	0.00346	0.00383	0.00687
70	0.01353	0.01123	0.01358	0.01396	0.08996	0.01240	0.00967	0.02402	0.39023	0.03822	0.18750	0.04652	0.02734	0.03355	0.03362	0.00246	0.02987	0.00810	0.00584	0.00842
71	0.00755	0.00635	0.00658	0.00661	0.00865	0.00537	0.00501	0.00926	0.01440	0.01736	0.09919	0.05964	0.67316	0.01567	0.00741	0.00213	0.00325	0.04125	0.00584	0.00531
72	0.01579	0.01286	0.01470	0.01087	0.01603	0.01166	0.00882	0.20211	0.01711	0.02510	0.01198	0.01349	0.00955	0.00563	0.00569	0.00125	0.03650	0.00427	0.00432	0.57227
73	0.05290	0.01065	0.01429	0.01099	0.01578	0.00931	0.00908	0.02999	0.01761	0.72399	0.02408	0.02086	0.01515	0.00765	0.00619	0.00193	0.00529	0.00618	0.00759	0.01048
74	0.01372	0.01229	0.02000	0.51550	0.20738	0.01421	0.01704	0.04661	0.03621	0.03976	0.01223	0.01660	0.00932	0.00623	0.00622	0.00201	0.00784	0.00561	0.00324	0.00798
75	0.01632	0.01628	0.03113	0.02285	0.02798	0.04784	0.51588	0.02057	0.01444	0.09509	0.01311	0.01658	0.00984	0.00635	0.00899	0.00215	0.11584	0.00683	0.00357	0.00836
76	0.00759	0.00542	0.00723	0.00868	0.00904	0.00506	0.00578	0.00868	0.01193	0.01591	0.03434	0.77697	0.04121	0.01952	0.00795	0.00253	0.00361	0.01771	0.00578	0.00506
77	0.01587	0.01182	0.02009	0.47393	0.08291	0.01308	0.08913	0.01973	0.01399	0.17705	0.01424	0.01756	0.01009	0.00641	0.00635	0.00203	0.00782	0.00589	0.00392	0.00808
78	0.01630	0.01808	0.01869	0.01627	0.01716	0.22304	0.01319	0.01773	0.01179	0.01506	0.00858	0.01297	0.00814	0.00966	0.01634	0.00242	0.55974	0.00505	0.00286	0.00693
79	0.00851	0.00624	0.00818	0.00939	0.01045	0.00591	0.00727	0.01036	0.01322	0.01712	0.03832	0.38990	0.14842	0.01804	0.00811	0.00260	0.00437	0.28247	0.00577	0.00536
80	0.00759	0.00542	0.00723	0.00868	0.00904	0.00506	0.00578	0.00868	0.01193	0.01591	0.03434	0.77697	0.04121	0.01952	0.00795	0.00253	0.00361	0.01771	0.00578	0.00506
81	0.01065	0.01039	0.04706	0.01446	0.01719	0.00930	0.23093	0.01355	0.01307	0.01834	0.04512	0.38520	0.02682	0.01276	0.00763	0.00225	0.02716	0.01214	0.08952	0.00643
82	0.04147	0.04074	0.01852	0.10569	0.07671	0.32892	0.01322	0.02010	0.03153	0.01625	0.01018	0.01355	0.00876	0.00904	0.03793	0.00231	0.20985	0.00483	0.00311	0.00729
83	0.01082	0.00541	0.00812	0.00812	0.00812	0.00541	0.00541	0.00812	0.00812	0.01082	0.01082	0.01894	0.01082	0.02165	0.02435	0.81872	0.00541	0.00541	0.00271	0.00271
84	0.82504	0.01205	0.00916	0.00819	0.01205	0.01398	0.00675	0.01832	0.01060	0.02795	0.00868	0.01012	0.00675	0.00578	0.00386	0.00193	0.00482	0.00337	0.00386	0.00675
85	0.01250	0.03223	0.74875	0.01776	0.02697	0.01447	0.02302	0.01973	0.01315	0.01973	0.01118	0.01315	0.00789	0.00592	0.00592	0.00197	0.00921	0.00460	0.00263	0.00921
86	0.21651	0.01272	0.01852	0.07572	0.09532	0.01360	0.16891	0.09127	0.01444	0.02414	0.01301	0.01593	0.01009	0.00636	0.00610	0.00190	0.03787	0.00546	0.16446	0.00768
87	0.00758	0.00546	0.00719	0.00858	0.00901	0.00507	0.00574	0.00869	0.01202	0.01594	0.03552	0.74763	0.06978	0.01937	0.00793	0.00251	0.00360	0.01753	0.00578	0.00507
88	0.02262	0.01692	0.01810	0.01412	0.01891	0.01882	0.01158	0.63155	0.12087	0.03754	0.01632	0.01604	0.01170	0.00761	0.00625	0.00190	0.00660	0.00580	0.00625	0.01050

[dist]
# distance from previous block
# <min> <max>
3	21

[block]
# block no. 2 follows, 36 sequences, length 33
# corresponding to MSA columns:
# 158-190
name=unknown_C
#
# <colnr> <probs for GDERKNQSTAVLIFYWHMCP>
#	G	D	E	R	K	N	Q	S	T	A	V	L	I	F	Y	W	H	M	C	P
0	0.00878	0.00639	0.00827	0.00786	0.00936	0.00588	0.00594	0.01164	0.01736	0.02437	0.68231	0.04795	0.09463	0.01303	0.00739	0.00199	0.00303	0.03123	0.00677	0.00584
1	0.01502	0.41085	0.25314	0.01574	0.02245	0.01987	0.14647	0.01923	0.01319	0.01720	0.01017	0.01223	0.00824	0.00550	0.00521	0.00167	0.00816	0.00447	0.00275	0.00844
2	0.01558	0.01744	0.02440	0.12641	0.02703	0.20039	0.30904	0.01931	0.01506	0.01795	0.01543	0.02533	0.01385	0.00791	0.00699	0.00212	0.00949	0.13529	0.00359	0.00740
3	0.00736	0.00631	0.00631	0.00631	0.00842	0.00526	0.00473	0.00894	0.01420	0.01683	0.06312	0.05996	0.73964	0.01578	0.00736	0.00210	0.00316	0.01315	0.00579	0.00526
4	0.00906	0.00604	0.00680	0.00680	0.00680	0.00604	0.00378	0.00906	0.00906	0.01208	0.01963	0.04077	0.02265	0.78103	0.03171	0.00604	0.00604	0.00906	0.00378	0.00378
5	0.01177	0.01107	0.01869	0.76606	0.04291	0.01384	0.01730	0.01592	0.01246	0.01592	0.01107	0.01661	0.00831	0.00623	0.00623	0.00208	0.00831	0.00554	0.00277	0.00692
6	0.01250	0.03223	0.74875	0.01776	0.02697	0.01447	0.02302	0.01973	0.01315	0.01973	0.01118	0.01315	0.00789	0.00592	0.00592	0.00197	0.00921	0.00460	0.00263	0.00921
7	0.02795	0.01060	0.01446	0.01109	0.01591	0.00916	0.00916	0.03036	0.01783	0.74648	0.02458	0.02121	0.01542	0.00771	0.00627	0.00193	0.00530	0.00627	0.00771	0.01060
8	0.02327	0.02970	0.01766	0.01605	0.01926	0.75602	0.01204	0.02488	0.01766	0.01525	0.00963	0.01124	0.00803	0.00642	0.00562	0.00161	0.01124	0.00401	0.00321	0.00722
9	0.00863	0.00636	0.00807	0.00764	0.00919	0.00580	0.00573	0.01140	0.01719	0.02394	0.65196	0.04827	0.14636	0.01313	0.00735	0.00198	0.00297	0.01151	0.00672	0.00580
10	0.04208	0.04444	0.01871	0.01501	0.01886	0.26021	0.03228	0.30960	0.08222	0.02644	0.01306	0.01410	0.01004	0.00735	0.00724	0.00187	0.07786	0.00512	0.00467	0.00884
11	0.01500	0.01560	0.01258	0.01108	0.01434	0.24116	0.00842	0.06013	0.05234	0.01885	0.02670	0.11161	0.18783	0.00992	0.00615	0.00172	0.00637	0.00795	0.00457	0.18769
12	0.09985	0.02704	0.01693	0.01524	0.01848	0.63415	0.01157	0.05028	0.01717	0.01737	0.00970	0.01134	0.00801	0.00654	0.00593	0.00168	0.03401	0.00406	0.00337	0.00729
13	0.46897	0.01445	0.01340	0.01092	0.01528	0.01635	0.00901	0.33072	0.01891	0.03298	0.01147	0.01227	0.00846	0.00654	0.00491	0.00190	0.00572	0.00437	0.00491	0.00846
14	0.01292	0.08705	0.08614	0.01523	0.01873	0.04548	0.15280	0.01740	0.07238	0.01860	0.04204	0.09083	0.02114	0.02714	0.00882	0.00237	0.07547	0.19393	0.00431	0.00721
15	0.00855	0.00636	0.00795	0.00755	0.00914	0.00576	0.00567	0.01123	0.01700	0.02347	0.61303	0.04904	0.18559	0.01330	0.00735	0.00199	0.00298	0.01162	0.00666	0.00576
16	0.01560	0.01664	0.02194	0.31547	0.26724	0.17067	0.06721	0.01915	0.01428	0.01753	0.01109	0.01510	0.00884	0.00598	0.00616	0.00190	0.00878	0.00535	0.00299	0.00806
17	0.00890	0.00668	0.01001	0.01001	0.01113	0.00779	0.00779	0.01113	0.01001	0.01446	0.01669	0.02448	0.01558	0.04673	0.75634	0.01001	0.01669	0.00668	0.00334	0.00556
18	0.01746	0.02617	0.40790	0.01642	0.02328	0.15178	0.05255	0.02331	0.05620	0.14488	0.01410	0.01495	0.00994	0.00644	0.00602	0.00191	0.00873	0.00506	0.00386	0.00908
19	0.01588	0.64463	0.16601	0.01198	0.01804	0.02276	0.01296	0.01886	0.01275	0.01560	0.00913	0.01058	0.00798	0.00544	0.00436	0.00145	0.00714	0.00357	0.00266	0.00822
20	0.00906	0.00604	0.00680	0.00680	0.00680	0.00604	0.00378	0.00906	0.00906	0.01208	0.01963	0.04077	0.02265	0.78103	0.03171	0.00604	0.00604	0.00906	0.00378	0.00378
21	0.00927	0.00635	0.00830	0.00808	0.00948	0.00583	0.00595	0.01181	0.01649	0.05036	0.56240	0.18197	0.07227	0.01389	0.00742	0.00207	0.00316	0.01233	0.00666	0.00589
22	0.01510	0.01447	0.02471	0.10244	0.68048	0.01472	0.01896	0.01884	0.01403	0.01996	0.01166	0.01553	0.00973	0.00561	0.00617	0.00187	0.00748	0.00555	0.00306	0.00961
23	0.00755	0.00632	0.00657	0.00650	0.00853	0.00534	0.00488	0.00930	0.01463	0.01786	0.14828	0.05827	0.65384	0.01540	0.00736	0.00209	0.00313	0.01291	0.00592	0.00534
24	0.02298	0.00952	0.01247	0.00993	0.01402	0.00822	0.00808	0.02527	0.01701	0.56426	0.05573	0.02934	0.15178	0.00937	0.00645	0.00195	0.00475	0.00770	0.03189	0.00930
25	0.01466	0.00670	0.00742	0.00679	0.00887	0.00643	0.00525	0.01747	0.01395	0.15792	0.02112	0.02285	0.01587	0.00734	0.00471	0.00154	0.00335	0.00589	0.66516	0.00670
26	0.02563	0.01112	0.01439	0.01138	0.01596	0.01034	0.00929	0.03088	0.15063	0.61232	0.02473	0.02159	0.01609	0.00785	0.00628	0.00196	0.00523	0.00641	0.00746	0.01047
27	0.01292	0.01107	0.01292	0.00923	0.01477	0.00831	0.00738	0.01569	0.01292	0.02030	0.01107	0.01292	0.00923	0.00461	0.00461	0.00092	0.00461	0.00369	0.00369	0.81912
28	0.01120	0.00741	0.00938	0.00855	0.01054	0.00705	0.00652	0.01540	0.08272	0.09332	0.58756	0.04237	0.06955	0.01195	0.00715	0.00197	0.00335	0.01046	0.00686	0.00667
29	0.01292	0.01107	0.01292	0.00923	0.01477	0.00831	0.00738	0.01569	0.01292	0.02030	0.01107	0.01292	0.00923	0.00461	0.00461	0.00092	0.00461	0.00369	0.00369	0.81912
30	0.01666	0.78478	0.03265	0.01066	0.01599	0.02465	0.01066	0.01866	0.01266	0.01466	0.00866	0.00999	0.00800	0.00533	0.00400	0.00133	0.00666	0.00333	0.00267	0.00800
31	0.01016	0.00758	0.01087	0.01082	0.01203	0.00850	0.00829	0.01202	0.01080	0.01561	0.01777	0.02591	0.01659	0.04674	0.74239	0.01008	0.01687	0.00703	0.00375	0.00620
32	0.01257	0.00857	0.01166	0.01116	0.01295	0.00933	0.00861	0.01585	0.07740	0.08613	0.01931	0.02549	0.01689	0.03954	0.60271	0.00859	0.01472	0.00702	0.00444	0.00707

[dist]
# distance from previous block
# <min> <max>
0	25

# created by:
# /home/cegg/simao/soft/augustus-3.2.1/scripts/msa2prfl.pl ./align_prep/EOG090W0GJX.fa
