[name]
unknown

[dist]
# distance from previous block
# <min> <max>
0	199

[block]
# block no. 0 follows, 32 sequences, length 7
# corresponding to MSA columns:
# 267-273
name=unknown_A
#
# <colnr> <probs for GDERKNQSTAVLIFYWHMCP>
#	G	D	E	R	K	N	Q	S	T	A	V	L	I	F	Y	W	H	M	C	P
0	0.00836	0.00621	0.00780	0.00868	0.00965	0.00565	0.00602	0.01000	0.01443	0.01908	0.16569	0.49559	0.18043	0.01892	0.00832	0.00252	0.00366	0.01686	0.00644	0.00565
1	0.01312	0.01199	0.01991	0.48161	0.17341	0.01386	0.01766	0.01726	0.01413	0.01859	0.01616	0.02766	0.01442	0.00862	0.00714	0.00234	0.00827	0.12239	0.00360	0.00786
2	0.00907	0.00678	0.00803	0.00775	0.00926	0.00616	0.00557	0.01124	0.01627	0.02184	0.40118	0.05341	0.25482	0.14488	0.01247	0.00292	0.00382	0.01233	0.00646	0.00574
3	0.01307	0.01105	0.01344	0.05583	0.01678	0.00886	0.00834	0.01618	0.01476	0.02244	0.13453	0.02044	0.01913	0.00660	0.00559	0.00127	0.00490	0.00551	0.00450	0.61676
4	0.00872	0.00618	0.00787	0.00889	0.00941	0.00585	0.00595	0.00990	0.01287	0.01715	0.08434	0.49608	0.07003	0.17630	0.01390	0.00347	0.00448	0.04748	0.00586	0.00527
5	0.04854	0.05893	0.02025	0.07991	0.24875	0.17212	0.01393	0.06945	0.01608	0.04677	0.01402	0.02012	0.01249	0.13799	0.01108	0.00271	0.00842	0.00608	0.00389	0.00847
6	0.01259	0.00968	0.01249	0.01113	0.01351	0.03983	0.06159	0.03834	0.04753	0.07452	0.32803	0.18743	0.10877	0.01381	0.00780	0.00225	0.00478	0.01228	0.00658	0.00709

[dist]
# distance from previous block
# <min> <max>
0	2

[block]
# block no. 1 follows, 32 sequences, length 49
# corresponding to MSA columns:
# 276-294,296-325
name=unknown_B
#
# <colnr> <probs for GDERKNQSTAVLIFYWHMCP>
#	G	D	E	R	K	N	Q	S	T	A	V	L	I	F	Y	W	H	M	C	P
0	0.04249	0.01673	0.01685	0.08838	0.06470	0.14802	0.01193	0.14547	0.13369	0.08819	0.07233	0.05582	0.03449	0.00883	0.00666	0.00203	0.00721	0.00713	0.00551	0.04353
1	0.01239	0.00713	0.00945	0.00948	0.01109	0.00647	0.00686	0.01437	0.01571	0.14468	0.22230	0.41685	0.06353	0.01668	0.00805	0.00243	0.00400	0.01487	0.00691	0.00675
2	0.01460	0.01389	0.02361	0.40169	0.37751	0.01541	0.01959	0.01883	0.01433	0.01948	0.01227	0.01726	0.00977	0.00635	0.00668	0.00212	0.00847	0.00597	0.00315	0.00901
3	0.02030	0.01400	0.01867	0.01393	0.01954	0.01288	0.09364	0.14841	0.06841	0.19246	0.01743	0.01773	0.01257	0.00670	0.00620	0.00168	0.00639	0.00575	0.00563	0.31766
4	0.01370	0.01298	0.02199	0.56266	0.22355	0.01518	0.01915	0.01805	0.01391	0.01840	0.01211	0.01755	0.00939	0.00652	0.00669	0.00217	0.00869	0.00597	0.00307	0.00829
5	0.01794	0.76823	0.03516	0.01148	0.01722	0.02655	0.01148	0.02009	0.01363	0.01579	0.00933	0.01076	0.00861	0.00574	0.00431	0.00144	0.00718	0.00359	0.00287	0.00861
6	0.00878	0.00640	0.00826	0.00870	0.00981	0.00588	0.00618	0.01094	0.01596	0.02184	0.36213	0.36594	0.10978	0.01723	0.00820	0.00240	0.00351	0.01538	0.00678	0.00588
7	0.01436	0.04084	0.05445	0.01144	0.02941	0.01089	0.00930	0.07110	0.13107	0.09338	0.31290	0.05635	0.11386	0.01167	0.00730	0.00213	0.00478	0.00994	0.00665	0.00820
8	0.00930	0.00685	0.00869	0.00823	0.00990	0.00625	0.00617	0.01227	0.01852	0.02578	0.63513	0.05198	0.14768	0.01414	0.00792	0.00213	0.00320	0.01240	0.00724	0.00625
9	0.02034	0.12404	0.09094	0.01510	0.02006	0.17587	0.03944	0.16098	0.13899	0.06673	0.05078	0.01918	0.03264	0.00792	0.00636	0.00195	0.00804	0.00610	0.00509	0.00946
10	0.00802	0.00667	0.00693	0.00712	0.00908	0.00567	0.00520	0.00960	0.01481	0.01783	0.06268	0.14640	0.61549	0.04322	0.00891	0.00247	0.00356	0.01459	0.00616	0.00558
11	0.15811	0.01930	0.12252	0.01761	0.02317	0.06907	0.18960	0.04366	0.21698	0.04847	0.01685	0.01794	0.01255	0.00710	0.00651	0.00216	0.00806	0.00629	0.00470	0.00936
12	0.01622	0.01555	0.02654	0.10983	0.65668	0.01584	0.02040	0.02026	0.01510	0.02146	0.01255	0.01673	0.01046	0.00605	0.00665	0.00202	0.00807	0.00598	0.00329	0.01032
13	0.01635	0.01519	0.02449	0.17796	0.49333	0.01608	0.01898	0.06052	0.06907	0.02263	0.01381	0.01748	0.01109	0.00648	0.00667	0.00206	0.00793	0.00610	0.00372	0.01004
14	0.01725	0.01482	0.01979	0.04291	0.08852	0.01838	0.01407	0.14135	0.08151	0.05180	0.01366	0.01729	0.01139	0.01239	0.06032	0.00305	0.37223	0.00620	0.00428	0.00879
15	0.00820	0.00595	0.00767	0.00903	0.00960	0.00550	0.00605	0.00938	0.01300	0.01711	0.03960	0.67016	0.11084	0.04204	0.00924	0.00279	0.00392	0.01832	0.00617	0.00543
16	0.01634	0.01509	0.02283	0.13216	0.36798	0.01622	0.04120	0.04717	0.22307	0.02374	0.01706	0.01934	0.01334	0.00707	0.00675	0.00212	0.00741	0.00653	0.00443	0.01014
17	0.01185	0.00687	0.00812	0.00766	0.00948	0.00647	0.00579	0.01489	0.01678	0.06632	0.35684	0.03899	0.07704	0.01115	0.00652	0.00189	0.00331	0.00951	0.33396	0.00656
18	0.73024	0.01295	0.01044	0.00918	0.01335	0.01480	0.00754	0.04355	0.01264	0.06054	0.02845	0.01260	0.00925	0.00657	0.00445	0.00207	0.00524	0.00407	0.00450	0.00756
19	0.00833	0.00626	0.00772	0.00852	0.00960	0.00565	0.00594	0.00996	0.01451	0.01900	0.15726	0.45763	0.22774	0.01875	0.00829	0.00250	0.00364	0.01662	0.00642	0.00565
20	0.01621	0.01553	0.02651	0.11333	0.65333	0.01584	0.02039	0.02024	0.01509	0.02143	0.01255	0.01674	0.01046	0.00605	0.00665	0.00202	0.00807	0.00598	0.00329	0.01030
21	0.60336	0.01801	0.01229	0.01106	0.01503	0.20625	0.00878	0.02160	0.01343	0.02648	0.00962	0.01122	0.00763	0.00641	0.00465	0.00198	0.00702	0.00382	0.00397	0.00740
22	0.01613	0.01614	0.03077	0.08380	0.02965	0.01742	0.39409	0.02024	0.01419	0.06409	0.01283	0.01736	0.01007	0.00773	0.01196	0.00245	0.23192	0.00707	0.00353	0.00856
23	0.01399	0.01766	0.18889	0.01244	0.01922	0.01109	0.01225	0.01924	0.06134	0.02214	0.01300	0.01473	0.01030	0.00559	0.00544	0.00136	0.00620	0.00446	0.00389	0.55676
24	0.01519	0.04451	0.01483	0.01039	0.01586	0.01019	0.00836	0.05699	0.01513	0.05946	0.01466	0.06911	0.01284	0.00653	0.00540	0.00126	0.00516	0.00533	0.00448	0.62434
25	0.00823	0.00667	0.00730	0.00743	0.00932	0.00575	0.00546	0.01009	0.01556	0.01945	0.17214	0.16102	0.51411	0.01702	0.00802	0.00231	0.00343	0.01452	0.00642	0.00575
26	0.00814	0.00668	0.00717	0.00732	0.00926	0.00571	0.00539	0.00993	0.01538	0.01897	0.13656	0.15486	0.55706	0.01716	0.00801	0.00231	0.00344	0.01458	0.00636	0.00571
27	0.01930	0.58336	0.03233	0.01344	0.01888	0.13388	0.05500	0.02162	0.01478	0.03984	0.01032	0.01183	0.00898	0.00600	0.00488	0.00155	0.00814	0.00408	0.00317	0.00860
28	0.70597	0.11348	0.01323	0.00918	0.01354	0.01658	0.00783	0.01977	0.01171	0.02820	0.00934	0.01088	0.00745	0.00616	0.00417	0.00199	0.00545	0.00363	0.00398	0.00745
29	0.01630	0.26544	0.33420	0.01880	0.06562	0.03988	0.10371	0.02144	0.01459	0.04448	0.01186	0.01396	0.00916	0.00614	0.00593	0.00190	0.00901	0.00499	0.00316	0.00942
30	0.00867	0.00605	0.00764	0.00871	0.00898	0.00578	0.00555	0.00947	0.01188	0.01584	0.03201	0.53526	0.03811	0.25413	0.01659	0.00391	0.00471	0.01615	0.00555	0.00502
31	0.01447	0.08816	0.04037	0.01199	0.01565	0.06590	0.05598	0.01718	0.01354	0.01976	0.01455	0.01957	0.01275	0.08349	0.03829	0.00246	0.08191	0.00562	0.16735	0.23104
32	0.12166	0.01464	0.01672	0.01387	0.01710	0.06721	0.01136	0.11021	0.01672	0.25203	0.01632	0.01769	0.01204	0.01188	0.06312	0.00291	0.21411	0.00588	0.00540	0.00911
33	0.01480	0.22701	0.49872	0.01774	0.02634	0.01857	0.06773	0.02096	0.01414	0.01983	0.01143	0.01354	0.00865	0.00616	0.00594	0.00195	0.00929	0.00480	0.00288	0.00951
34	0.00897	0.00678	0.00828	0.00803	0.00973	0.00609	0.00598	0.01160	0.01756	0.02381	0.49199	0.09902	0.24741	0.01510	0.00796	0.00219	0.00328	0.01315	0.00699	0.00609
35	0.01661	0.01594	0.02724	0.04119	0.72233	0.01594	0.02059	0.02059	0.01528	0.02192	0.01262	0.01661	0.01063	0.00598	0.00664	0.00199	0.00797	0.00598	0.00332	0.01063
36	0.01020	0.00845	0.01251	0.01167	0.01370	0.00806	0.08934	0.01383	0.06410	0.02085	0.17592	0.30328	0.13967	0.01603	0.00822	0.00249	0.00490	0.08410	0.00616	0.00653
37	0.01423	0.16039	0.61046	0.01781	0.02702	0.01746	0.02251	0.02105	0.01408	0.02031	0.01158	0.01358	0.00852	0.00627	0.00602	0.00201	0.00945	0.00472	0.00284	0.00969
38	0.01431	0.17357	0.59800	0.01768	0.02680	0.01766	0.02227	0.02103	0.01407	0.02022	0.01153	0.01352	0.00852	0.00625	0.00598	0.00199	0.00940	0.00470	0.00284	0.00967
39	0.02551	0.01879	0.02014	0.01544	0.02081	0.02081	0.01275	0.69996	0.03155	0.04229	0.01611	0.01611	0.01141	0.00805	0.00671	0.00201	0.00738	0.00604	0.00671	0.01141
40	0.01481	0.01203	0.01328	0.01221	0.01516	0.01334	0.00933	0.09282	0.40271	0.02714	0.13068	0.17305	0.03066	0.01204	0.00732	0.00231	0.00492	0.01038	0.00678	0.00904
41	0.01166	0.00583	0.00874	0.00874	0.00874	0.00583	0.00583	0.00874	0.00874	0.01166	0.01166	0.02040	0.01166	0.02331	0.02622	0.80478	0.00583	0.00583	0.00291	0.00291
42	0.01047	0.00813	0.01050	0.00976	0.01130	0.00844	0.00746	0.01454	0.06916	0.02546	0.56426	0.08046	0.05389	0.01355	0.00924	0.00223	0.07607	0.01154	0.00685	0.00670
43	0.00808	0.00621	0.00740	0.00836	0.00947	0.00553	0.00579	0.00945	0.01379	0.01751	0.04893	0.49183	0.30465	0.01947	0.00832	0.00255	0.00370	0.01718	0.00623	0.00553
44	0.01474	0.13330	0.44283	0.02056	0.02903	0.01750	0.20732	0.02115	0.01455	0.02055	0.01208	0.01477	0.00898	0.00609	0.00651	0.00207	0.00991	0.00558	0.00299	0.00950
45	0.01743	0.59299	0.07765	0.01705	0.13880	0.02404	0.01388	0.02025	0.01395	0.01718	0.01006	0.01198	0.00895	0.00582	0.00484	0.00157	0.00749	0.00408	0.00295	0.00904
46	0.48702	0.01877	0.01381	0.01203	0.01619	0.20183	0.00959	0.12723	0.01650	0.02848	0.01066	0.01202	0.00826	0.00669	0.00504	0.00198	0.00731	0.00418	0.00437	0.00804
47	0.01839	0.01561	0.02291	0.15096	0.39138	0.05726	0.01741	0.04684	0.06055	0.10974	0.01506	0.01781	0.01159	0.00688	0.00707	0.00207	0.02822	0.00608	0.00423	0.00997
48	0.04138	0.01349	0.01269	0.03038	0.01521	0.11169	0.00913	0.05601	0.22678	0.02436	0.15321	0.07452	0.12320	0.01144	0.00706	0.00217	0.00565	0.03319	0.04044	0.00799

[dist]
# distance from previous block
# <min> <max>
5	32

[block]
# block no. 2 follows, 32 sequences, length 69
# corresponding to MSA columns:
# 369-373,378-441
name=unknown_C
#
# <colnr> <probs for GDERKNQSTAVLIFYWHMCP>
#	G	D	E	R	K	N	Q	S	T	A	V	L	I	F	Y	W	H	M	C	P
0	0.01658	0.01602	0.02767	0.04073	0.69790	0.01598	0.04467	0.02062	0.01530	0.02191	0.01266	0.01666	0.01061	0.00597	0.00669	0.00200	0.00809	0.00605	0.00332	0.01057
1	0.00892	0.00684	0.00818	0.00784	0.00967	0.00609	0.00588	0.01155	0.01764	0.02370	0.48091	0.05540	0.30320	0.01491	0.00792	0.00217	0.00325	0.01288	0.00696	0.00609
2	0.02506	0.03198	0.01901	0.01729	0.02074	0.73725	0.01296	0.02679	0.01901	0.01642	0.01037	0.01210	0.00864	0.00691	0.00605	0.00173	0.01210	0.00432	0.00346	0.00778
3	0.01633	0.01624	0.02946	0.06103	0.56458	0.01611	0.15490	0.02066	0.01533	0.02168	0.01279	0.01694	0.01049	0.00594	0.00690	0.00205	0.00866	0.00636	0.00332	0.01021
4	0.01081	0.00772	0.01081	0.01236	0.01390	0.00772	0.01081	0.01390	0.01545	0.02008	0.03553	0.07569	0.03862	0.01854	0.00927	0.00309	0.00618	0.67717	0.00618	0.00618
5	0.01989	0.02784	0.19078	0.02132	0.06458	0.32360	0.16585	0.06816	0.01780	0.02066	0.01196	0.01441	0.00924	0.00654	0.00661	0.00197	0.01088	0.00546	0.00350	0.00895
6	0.01166	0.00583	0.00874	0.00874	0.00874	0.00583	0.00583	0.00874	0.00874	0.01166	0.01166	0.02040	0.01166	0.02331	0.02622	0.80478	0.00583	0.00583	0.00291	0.00291
7	0.01166	0.00583	0.00874	0.00874	0.00874	0.00583	0.00583	0.00874	0.00874	0.01166	0.01166	0.02040	0.01166	0.02331	0.02622	0.80478	0.00583	0.00583	0.00291	0.00291
8	0.16653	0.16945	0.04609	0.01281	0.01809	0.06099	0.01121	0.22925	0.01990	0.13688	0.01436	0.01467	0.01053	0.00698	0.00561	0.00184	0.00691	0.00495	0.00521	0.05773
9	0.01434	0.01366	0.02113	0.37651	0.20142	0.03573	0.01743	0.01797	0.01346	0.01852	0.01201	0.01720	0.00977	0.00756	0.00949	0.00226	0.15029	0.00592	0.04718	0.00814
10	0.00846	0.00606	0.00804	0.00915	0.00980	0.00564	0.00625	0.01007	0.01419	0.01927	0.18598	0.60472	0.04852	0.01943	0.00842	0.00259	0.00373	0.01756	0.00648	0.00564
11	0.00924	0.00679	0.00866	0.00832	0.00990	0.00620	0.00619	0.01212	0.01820	0.02533	0.60451	0.09677	0.13369	0.01454	0.00796	0.00217	0.00324	0.01280	0.00719	0.00620
12	0.01573	0.01336	0.01521	0.01483	0.06255	0.04844	0.02759	0.05306	0.36419	0.04645	0.12386	0.05921	0.04633	0.01078	0.00726	0.00228	0.00573	0.06762	0.00637	0.00918
13	0.04757	0.01543	0.01621	0.01376	0.01798	0.01753	0.01095	0.24409	0.44428	0.03251	0.02293	0.02171	0.01702	0.00862	0.00661	0.00216	0.00588	0.00691	0.03727	0.01058
14	0.01779	0.74306	0.05898	0.01174	0.01763	0.02617	0.01194	0.02013	0.01365	0.01597	0.00942	0.01088	0.00861	0.00576	0.00438	0.00146	0.00727	0.00363	0.00287	0.00866
15	0.01391	0.01193	0.01391	0.00994	0.01590	0.00894	0.00795	0.01690	0.01391	0.02186	0.01193	0.01391	0.00994	0.00497	0.00497	0.00099	0.00497	0.00398	0.00398	0.80521
16	0.01378	0.05394	0.53601	0.01732	0.02618	0.01465	0.04481	0.02033	0.01416	0.02120	0.01198	0.01414	0.00886	0.00604	0.00607	0.00188	0.00887	0.00482	0.00309	0.17187
17	0.00793	0.00680	0.00680	0.00680	0.00906	0.00566	0.00510	0.00963	0.01529	0.01813	0.06797	0.06457	0.71961	0.01699	0.00793	0.00227	0.00340	0.01416	0.00623	0.00566
18	0.02562	0.02020	0.01983	0.01555	0.02067	0.11143	0.01268	0.59028	0.02951	0.06379	0.01576	0.01584	0.01125	0.00792	0.00663	0.00198	0.00792	0.00585	0.00636	0.01095
19	0.01669	0.01441	0.01517	0.01365	0.01745	0.01669	0.01062	0.03565	0.71021	0.02807	0.02731	0.02503	0.02048	0.00910	0.00683	0.00228	0.00531	0.00759	0.00683	0.01062
20	0.01390	0.01318	0.02234	0.52792	0.25678	0.01523	0.01924	0.01822	0.01400	0.01863	0.01214	0.01749	0.00947	0.00648	0.00669	0.00216	0.00864	0.00597	0.00309	0.00844
21	0.01661	0.01594	0.02724	0.04119	0.72233	0.01594	0.02059	0.02059	0.01528	0.02192	0.01262	0.01661	0.01063	0.00598	0.00664	0.00199	0.00797	0.00598	0.00332	0.01063
22	0.00827	0.00681	0.00727	0.00716	0.00927	0.00581	0.00537	0.01029	0.01610	0.02005	0.21020	0.06142	0.57618	0.01628	0.00793	0.00223	0.00335	0.01372	0.00648	0.00581
23	0.02368	0.02975	0.01877	0.01796	0.05679	0.65911	0.01293	0.02552	0.01861	0.01680	0.01367	0.01523	0.04802	0.00742	0.00618	0.00177	0.01140	0.00495	0.00360	0.00781
24	0.01391	0.01193	0.01391	0.00994	0.01590	0.00894	0.00795	0.01690	0.01391	0.02186	0.01193	0.01391	0.00994	0.00497	0.00497	0.00099	0.00497	0.00398	0.00398	0.80521
25	0.01346	0.03471	0.72942	0.01912	0.02904	0.01558	0.02479	0.02125	0.01417	0.02125	0.01204	0.01417	0.00850	0.00637	0.00637	0.00212	0.00992	0.00496	0.00283	0.00992
26	0.01603	0.01318	0.01505	0.01094	0.01680	0.01111	0.00883	0.14170	0.01714	0.02560	0.01269	0.01431	0.01021	0.00553	0.00529	0.00118	0.00541	0.00435	0.00448	0.66017
27	0.02551	0.01879	0.02014	0.01544	0.02081	0.02081	0.01275	0.69996	0.03155	0.04229	0.01611	0.01611	0.01141	0.00805	0.00671	0.00201	0.00738	0.00604	0.00671	0.01141
28	0.01661	0.01594	0.02724	0.04119	0.72233	0.01594	0.02059	0.02059	0.01528	0.02192	0.01262	0.01661	0.01063	0.00598	0.00664	0.00199	0.00797	0.00598	0.00332	0.01063
29	0.00818	0.00584	0.00779	0.00934	0.00973	0.00545	0.00623	0.00934	0.01285	0.01713	0.03698	0.75981	0.04438	0.02102	0.00856	0.00273	0.00389	0.01908	0.00623	0.00545
30	0.02551	0.01879	0.02014	0.01544	0.02081	0.02081	0.01275	0.69996	0.03155	0.04229	0.01611	0.01611	0.01141	0.00805	0.00671	0.00201	0.00738	0.00604	0.00671	0.01141
31	0.01769	0.72770	0.07352	0.01190	0.01787	0.02594	0.01222	0.02016	0.01366	0.01609	0.00948	0.01095	0.00860	0.00578	0.00442	0.00147	0.00733	0.00366	0.00287	0.00868
32	0.00818	0.00584	0.00779	0.00934	0.00973	0.00545	0.00623	0.00934	0.01285	0.01713	0.03698	0.75981	0.04438	0.02102	0.00856	0.00273	0.00389	0.01908	0.00623	0.00545
33	0.01755	0.70423	0.09574	0.01215	0.01825	0.02559	0.01264	0.02019	0.01368	0.01626	0.00957	0.01106	0.00860	0.00580	0.00449	0.00150	0.00741	0.00371	0.00287	0.00872
34	0.77008	0.05248	0.01119	0.00896	0.01320	0.01565	0.00749	0.01974	0.01153	0.02936	0.00934	0.01089	0.00734	0.00620	0.00416	0.00204	0.00529	0.00363	0.00409	0.00734
35	0.01439	0.09690	0.59982	0.01896	0.02816	0.01680	0.06882	0.04269	0.01478	0.02146	0.01204	0.01420	0.00872	0.00632	0.00631	0.00207	0.00969	0.00507	0.00300	0.00979
36	0.01638	0.01406	0.01494	0.01359	0.01726	0.01622	0.01063	0.03452	0.67387	0.02765	0.02774	0.02768	0.02143	0.00960	0.00696	0.00232	0.00536	0.04261	0.00679	0.01039
37	0.01267	0.01193	0.02013	0.74806	0.04621	0.01491	0.01863	0.01714	0.01342	0.01714	0.01193	0.01789	0.00894	0.00671	0.00671	0.00224	0.00894	0.00596	0.00298	0.00745
38	0.55943	0.01446	0.01315	0.05141	0.01688	0.01657	0.00935	0.19959	0.01686	0.03261	0.01128	0.01266	0.00846	0.00674	0.00497	0.00207	0.00598	0.00440	0.00477	0.00837
39	0.00863	0.00621	0.00825	0.00952	0.01025	0.00583	0.00676	0.01027	0.01392	0.01858	0.11126	0.57420	0.07039	0.01978	0.00856	0.00269	0.00408	0.09884	0.00635	0.00564
40	0.00950	0.00686	0.00897	0.00844	0.01002	0.00633	0.00633	0.01266	0.01899	0.02691	0.71879	0.05012	0.06331	0.01372	0.00791	0.00211	0.00317	0.01213	0.00739	0.00633
41	0.01346	0.03471	0.72942	0.01912	0.02904	0.01558	0.02479	0.02125	0.01417	0.02125	0.01204	0.01417	0.00850	0.00637	0.00637	0.00212	0.00992	0.00496	0.00283	0.00992
42	0.01661	0.01594	0.02724	0.04119	0.72233	0.01594	0.02059	0.02059	0.01528	0.02192	0.01262	0.01661	0.01063	0.00598	0.00664	0.00199	0.00797	0.00598	0.00332	0.01063
43	0.01081	0.00772	0.01081	0.01236	0.01390	0.00772	0.01081	0.01390	0.01545	0.02008	0.03553	0.07569	0.03862	0.01854	0.00927	0.00309	0.00618	0.67717	0.00618	0.00618
44	0.01081	0.00772	0.01081	0.01236	0.01390	0.00772	0.01081	0.01390	0.01545	0.02008	0.03553	0.07569	0.03862	0.01854	0.00927	0.00309	0.00618	0.67717	0.00618	0.00618
45	0.00961	0.00710	0.01036	0.01036	0.01141	0.00816	0.00786	0.01171	0.01066	0.01526	0.01836	0.02852	0.01771	0.13809	0.65112	0.01026	0.01656	0.00750	0.00365	0.00575
46	0.01794	0.76823	0.03516	0.01148	0.01722	0.02655	0.01148	0.02009	0.01363	0.01579	0.00933	0.01076	0.00861	0.00574	0.00431	0.00144	0.00718	0.00359	0.00287	0.00861
47	0.01584	0.01810	0.03959	0.02828	0.03507	0.01697	0.69796	0.02149	0.01584	0.02149	0.01357	0.01810	0.01018	0.00566	0.00792	0.00226	0.01131	0.00792	0.00339	0.00905
48	0.01328	0.01231	0.02033	0.69914	0.06506	0.01516	0.01847	0.04352	0.01417	0.01825	0.01211	0.01778	0.00909	0.00674	0.00671	0.00222	0.00886	0.00597	0.00314	0.00770
49	0.01584	0.01810	0.03959	0.02828	0.03507	0.01697	0.69796	0.02149	0.01584	0.02149	0.01357	0.01810	0.01018	0.00566	0.00792	0.00226	0.01131	0.00792	0.00339	0.00905
50	0.01555	0.01486	0.02532	0.23145	0.54034	0.01566	0.02007	0.01966	0.01478	0.02064	0.01243	0.01695	0.01018	0.00617	0.00666	0.00206	0.00823	0.00597	0.00323	0.00977
51	0.01365	0.03349	0.68183	0.02025	0.05590	0.01564	0.04471	0.02123	0.01426	0.02128	0.01211	0.01438	0.00863	0.00634	0.00643	0.00212	0.00988	0.00509	0.00287	0.00992
52	0.00926	0.00661	0.00903	0.01058	0.01144	0.00638	0.00811	0.01121	0.01391	0.01834	0.03639	0.47914	0.04201	0.02000	0.00885	0.00287	0.00483	0.28907	0.00621	0.00575
53	0.81159	0.01298	0.00986	0.00882	0.01298	0.01505	0.00727	0.01972	0.01142	0.03010	0.00934	0.01090	0.00727	0.00623	0.00415	0.00208	0.00519	0.00363	0.00415	0.00727
54	0.00818	0.00584	0.00779	0.00934	0.00973	0.00545	0.00623	0.00934	0.01285	0.01713	0.03698	0.75981	0.04438	0.02102	0.00856	0.00273	0.00389	0.01908	0.00623	0.00545
55	0.01391	0.01193	0.01391	0.00994	0.01590	0.00894	0.00795	0.01690	0.01391	0.02186	0.01193	0.01391	0.00994	0.00497	0.00497	0.00099	0.00497	0.00398	0.00398	0.80521
56	0.01669	0.01441	0.01517	0.01365	0.01745	0.01669	0.01062	0.03565	0.71021	0.02807	0.02731	0.02503	0.02048	0.00910	0.00683	0.00228	0.00531	0.00759	0.00683	0.01062
57	0.02551	0.01879	0.02014	0.01544	0.02081	0.02081	0.01275	0.69996	0.03155	0.04229	0.01611	0.01611	0.01141	0.00805	0.00671	0.00201	0.00738	0.00604	0.00671	0.01141
58	0.01695	0.60695	0.18781	0.01316	0.01982	0.02414	0.01441	0.02035	0.01375	0.01699	0.00992	0.01151	0.00859	0.00588	0.00476	0.00159	0.00778	0.00389	0.00286	0.00890
59	0.01466	0.23196	0.54272	0.01707	0.02586	0.01853	0.02121	0.02094	0.01402	0.01978	0.01131	0.01325	0.00853	0.00620	0.00582	0.00194	0.00918	0.00459	0.00284	0.00957
60	0.01659	0.01657	0.03450	0.13788	0.03523	0.01603	0.53330	0.02180	0.01576	0.08221	0.01444	0.01848	0.01055	0.00605	0.00763	0.00224	0.01046	0.00752	0.00376	0.00901
61	0.01645	0.01578	0.02696	0.06894	0.69579	0.01590	0.02052	0.02046	0.01521	0.02173	0.01259	0.01666	0.01056	0.00601	0.00665	0.00200	0.00801	0.00598	0.00331	0.01050
62	0.01661	0.01594	0.02724	0.04119	0.72233	0.01594	0.02059	0.02059	0.01528	0.02192	0.01262	0.01661	0.01063	0.00598	0.00664	0.00199	0.00797	0.00598	0.00332	0.01063
63	0.01549	0.01725	0.03701	0.02757	0.05838	0.01625	0.62244	0.02090	0.01579	0.02140	0.01517	0.02232	0.01231	0.00662	0.00797	0.00231	0.01081	0.05751	0.00360	0.00889
64	0.01695	0.60661	0.18813	0.01317	0.01983	0.02413	0.01441	0.02035	0.01375	0.01699	0.00993	0.01151	0.00859	0.00588	0.00476	0.00159	0.00778	0.00389	0.00286	0.00890
65	0.00932	0.00713	0.00864	0.00856	0.01036	0.00658	0.00655	0.01247	0.04115	0.02302	0.38778	0.09549	0.26012	0.01546	0.00805	0.00230	0.00366	0.08033	0.00683	0.00621
66	0.00807	0.00625	0.00736	0.00825	0.00945	0.00554	0.00574	0.00947	0.01389	0.01756	0.05025	0.46221	0.33342	0.01930	0.00829	0.00253	0.00368	0.01697	0.00623	0.00554
67	0.04425	0.02000	0.16050	0.05809	0.43691	0.03766	0.10387	0.02086	0.01505	0.02170	0.01242	0.01603	0.00993	0.00608	0.00664	0.00205	0.00881	0.00589	0.00326	0.00998
68	0.01655	0.01609	0.02808	0.04030	0.67540	0.01601	0.06685	0.02065	0.01532	0.02189	0.01269	0.01671	0.01060	0.00596	0.00673	0.00201	0.00820	0.00611	0.00333	0.01052

[dist]
# distance from previous block
# <min> <max>
0	18

[block]
# block no. 3 follows, 32 sequences, length 16
# corresponding to MSA columns:
# 460-475
name=unknown_D
#
# <colnr> <probs for GDERKNQSTAVLIFYWHMCP>
#	G	D	E	R	K	N	Q	S	T	A	V	L	I	F	Y	W	H	M	C	P
0	0.00976	0.00651	0.00732	0.00732	0.00732	0.00651	0.00407	0.00976	0.00976	0.01301	0.02114	0.04391	0.02439	0.76419	0.03415	0.00651	0.00651	0.00976	0.00407	0.00407
1	0.01185	0.00920	0.01375	0.01752	0.14078	0.00920	0.01256	0.01510	0.01542	0.02041	0.03142	0.06511	0.03360	0.01629	0.00880	0.00289	0.00650	0.55696	0.00567	0.00698
2	0.01631	0.02431	0.32534	0.02314	0.11824	0.01625	0.18377	0.07564	0.07851	0.05112	0.01473	0.01689	0.01079	0.00660	0.00686	0.00214	0.00923	0.00619	0.00390	0.01004
3	0.01629	0.01799	0.03776	0.02715	0.03357	0.01732	0.63277	0.05663	0.01642	0.02235	0.01350	0.01785	0.01019	0.00604	0.00846	0.00228	0.04305	0.00773	0.00355	0.00910
4	0.01468	0.01468	0.02055	0.01762	0.01762	0.02055	0.01468	0.01615	0.01028	0.01615	0.00881	0.01468	0.00881	0.01174	0.02202	0.00294	0.75191	0.00587	0.00294	0.00734
5	0.01391	0.01193	0.01391	0.00994	0.01590	0.00894	0.00795	0.01690	0.01391	0.02186	0.01193	0.01391	0.00994	0.00497	0.00497	0.00099	0.00497	0.00398	0.00398	0.80521
6	0.01346	0.03471	0.72942	0.01912	0.02904	0.01558	0.02479	0.02125	0.01417	0.02125	0.01204	0.01417	0.00850	0.00637	0.00637	0.00212	0.00992	0.00496	0.00283	0.00992
7	0.01049	0.00749	0.01044	0.01199	0.01339	0.00744	0.01025	0.01334	0.01513	0.01972	0.03571	0.15993	0.03933	0.01884	0.00918	0.00304	0.00590	0.59613	0.00618	0.00609
8	0.01794	0.76823	0.03516	0.01148	0.01722	0.02655	0.01148	0.02009	0.01363	0.01579	0.00933	0.01076	0.00861	0.00574	0.00431	0.00144	0.00718	0.00359	0.00287	0.00861
9	0.00976	0.00651	0.00732	0.00732	0.00732	0.00651	0.00407	0.00976	0.00976	0.01301	0.02114	0.04391	0.02439	0.76419	0.03415	0.00651	0.00651	0.00976	0.00407	0.00407
10	0.02551	0.01879	0.02014	0.01544	0.02081	0.02081	0.01275	0.69996	0.03155	0.04229	0.01611	0.01611	0.01141	0.00805	0.00671	0.00201	0.00738	0.00604	0.00671	0.01141
11	0.01736	0.01738	0.02650	0.03905	0.65959	0.08045	0.01991	0.02115	0.01561	0.02143	0.01242	0.01620	0.01045	0.00606	0.00659	0.00197	0.00834	0.00583	0.00333	0.01037
12	0.01387	0.00665	0.00698	0.00670	0.00854	0.00653	0.00509	0.01696	0.01447	0.07950	0.02224	0.02485	0.01715	0.00786	0.00485	0.00160	0.00333	0.00629	0.73988	0.00665
13	0.01661	0.01594	0.02724	0.04119	0.72233	0.01594	0.02059	0.02059	0.01528	0.02192	0.01262	0.01661	0.01063	0.00598	0.00664	0.00199	0.00797	0.00598	0.00332	0.01063
14	0.00975	0.00654	0.00751	0.00751	0.00757	0.00661	0.00430	0.00988	0.00981	0.01315	0.02097	0.04296	0.02398	0.72570	0.07208	0.00674	0.00712	0.00962	0.00404	0.00417
15	0.02418	0.02871	0.01870	0.01670	0.02038	0.58552	0.01268	0.09514	0.09705	0.02030	0.01283	0.01394	0.01024	0.00727	0.00620	0.00182	0.01087	0.00486	0.00416	0.00846

[dist]
# distance from previous block
# <min> <max>
0	0

# created by:
# /home/cegg/simao/soft/augustus-3.2.1/scripts/msa2prfl.pl ./align_prep/EOG090W0AKG.fa
