[name]
unknown

[dist]
# distance from previous block
# <min> <max>
0	192

[block]
# block no. 0 follows, 31 sequences, length 6
# corresponding to MSA columns:
# 253-258
name=unknown_A
#
# <colnr> <probs for GDERKNQSTAVLIFYWHMCP>
#	G	D	E	R	K	N	Q	S	T	A	V	L	I	F	Y	W	H	M	C	P
0	0.00997	0.00734	0.00987	0.01082	0.01230	0.00723	0.00885	0.01259	0.01512	0.01989	0.10422	0.15621	0.13232	0.02272	0.10212	0.00390	0.00685	0.34549	0.00609	0.00612
1	0.01526	0.01323	0.01821	0.01340	0.01877	0.01144	0.11737	0.09153	0.01594	0.02337	0.01410	0.01902	0.01222	0.10186	0.00954	0.00205	0.00657	0.00568	0.00428	0.48617
2	0.21196	0.01546	0.01452	0.01250	0.01653	0.10619	0.00987	0.12014	0.10725	0.18892	0.02066	0.11170	0.01697	0.00950	0.00639	0.00217	0.00649	0.00741	0.00612	0.00926
3	0.04986	0.01235	0.01213	0.01177	0.01402	0.10250	0.00883	0.10194	0.04802	0.02295	0.07597	0.35264	0.03252	0.01508	0.00771	0.00240	0.00583	0.06953	0.00594	0.04802
4	0.42700	0.01504	0.01236	0.01089	0.01483	0.10517	0.00856	0.07588	0.01489	0.02701	0.01456	0.11727	0.01364	0.00856	0.00544	0.00202	0.00616	0.00627	0.00464	0.10979
5	0.15146	0.01922	0.01761	0.01435	0.01903	0.13660	0.01156	0.37059	0.06162	0.07539	0.04575	0.01729	0.01359	0.00804	0.00637	0.00204	0.00756	0.00587	0.00600	0.01007

[dist]
# distance from previous block
# <min> <max>
12	36

[block]
# block no. 1 follows, 31 sequences, length 6
# corresponding to MSA columns:
# 303-308
name=unknown_B
#
# <colnr> <probs for GDERKNQSTAVLIFYWHMCP>
#	G	D	E	R	K	N	Q	S	T	A	V	L	I	F	Y	W	H	M	C	P
0	0.12664	0.00988	0.01011	0.00992	0.01210	0.05106	0.00759	0.04507	0.01487	0.02126	0.08066	0.15855	0.20446	0.02251	0.16270	0.00420	0.00781	0.03867	0.00540	0.00651
1	0.02571	0.02447	0.01902	0.01608	0.02046	0.36733	0.01258	0.23673	0.07382	0.11409	0.01573	0.01595	0.01160	0.00775	0.00653	0.00194	0.00951	0.00551	0.00543	0.00976
2	0.13918	0.02691	0.01828	0.01597	0.02001	0.47580	0.01233	0.16911	0.02100	0.02442	0.01168	0.01304	0.00921	0.00720	0.00603	0.00188	0.01028	0.00468	0.00434	0.00865
3	0.00979	0.00669	0.00808	0.00821	0.00844	0.00686	0.00504	0.01029	0.01037	0.01403	0.02231	0.09848	0.02522	0.58440	0.14730	0.00704	0.00834	0.01028	0.00424	0.00458
4	0.01635	0.01714	0.02092	0.01743	0.01920	0.11465	0.05429	0.01836	0.01255	0.01767	0.00995	0.01471	0.00921	0.00994	0.01688	0.00250	0.49651	0.00562	0.00325	0.12285
5	0.06903	0.01743	0.01785	0.01441	0.01906	0.05043	0.01166	0.44135	0.14845	0.03710	0.08569	0.02092	0.01806	0.00880	0.00680	0.00210	0.00682	0.00682	0.00663	0.01057

[dist]
# distance from previous block
# <min> <max>
4	11

[block]
# block no. 2 follows, 31 sequences, length 10
# corresponding to MSA columns:
# 320-329
name=unknown_C
#
# <colnr> <probs for GDERKNQSTAVLIFYWHMCP>
#	G	D	E	R	K	N	Q	S	T	A	V	L	I	F	Y	W	H	M	C	P
0	0.44345	0.01363	0.01324	0.01105	0.01565	0.01481	0.00905	0.09954	0.08533	0.20868	0.01659	0.01626	0.01166	0.00739	0.00547	0.00213	0.00569	0.00519	0.00588	0.00930
1	0.01905	0.61064	0.10730	0.01258	0.01884	0.02417	0.01299	0.02190	0.01453	0.08735	0.01156	0.01258	0.00958	0.00618	0.00486	0.00160	0.00746	0.00413	0.00348	0.00921
2	0.09907	0.01553	0.01621	0.01381	0.01817	0.01759	0.01099	0.19864	0.43713	0.06310	0.02312	0.02171	0.01705	0.00869	0.00666	0.00222	0.00595	0.00690	0.00673	0.01072
3	0.10663	0.01905	0.01823	0.01479	0.01962	0.10382	0.01194	0.40336	0.14281	0.06548	0.01741	0.01723	0.01266	0.00807	0.00651	0.00207	0.00743	0.00599	0.00627	0.01061
4	0.01662	0.01434	0.01529	0.01339	0.01757	0.01590	0.01044	0.03366	0.60718	0.02773	0.02563	0.02393	0.01937	0.00869	0.00669	0.00214	0.00537	0.00722	0.00655	0.12231
5	0.01419	0.01216	0.01419	0.01013	0.01621	0.00912	0.00811	0.01723	0.01419	0.02229	0.01216	0.01419	0.01013	0.00507	0.00507	0.00101	0.00507	0.00405	0.00405	0.80139
6	0.01847	0.01309	0.01525	0.01154	0.01712	0.01153	0.00928	0.08653	0.11414	0.14236	0.01726	0.01752	0.01293	0.00653	0.00581	0.00148	0.00547	0.00525	0.00547	0.48298
7	0.00834	0.00595	0.00794	0.00953	0.00992	0.00556	0.00635	0.00953	0.01310	0.01746	0.03771	0.75510	0.04525	0.02143	0.00873	0.00278	0.00397	0.01945	0.00635	0.00556
8	0.00834	0.00595	0.00794	0.00953	0.00992	0.00556	0.00635	0.00953	0.01310	0.01746	0.03771	0.75510	0.04525	0.02143	0.00873	0.00278	0.00397	0.01945	0.00635	0.00556
9	0.01829	0.76368	0.03585	0.01171	0.01756	0.02707	0.01171	0.02049	0.01390	0.01610	0.00951	0.01097	0.00878	0.00585	0.00439	0.00146	0.00732	0.00366	0.00293	0.00878

[dist]
# distance from previous block
# <min> <max>
0	2

[block]
# block no. 3 follows, 31 sequences, length 12
# corresponding to MSA columns:
# 332-343
name=unknown_D
#
# <colnr> <probs for GDERKNQSTAVLIFYWHMCP>
#	G	D	E	R	K	N	Q	S	T	A	V	L	I	F	Y	W	H	M	C	P
0	0.00966	0.00729	0.00937	0.00987	0.01145	0.00641	0.00703	0.01135	0.01350	0.01862	0.03268	0.56270	0.03805	0.01810	0.00808	0.00247	0.00435	0.06421	0.00590	0.15891
1	0.02460	0.01846	0.01974	0.01546	0.02068	0.02056	0.01266	0.59113	0.13740	0.04085	0.01821	0.01785	0.01308	0.00838	0.00686	0.00210	0.00720	0.00641	0.00686	0.01151
2	0.01372	0.03539	0.72412	0.01950	0.02961	0.01589	0.02528	0.02167	0.01444	0.02167	0.01228	0.01444	0.00867	0.00650	0.00650	0.00217	0.01011	0.00506	0.00289	0.01011
3	0.00995	0.00663	0.00746	0.00746	0.00746	0.00663	0.00415	0.00995	0.00995	0.01327	0.02156	0.04477	0.02487	0.75957	0.03482	0.00663	0.00663	0.00995	0.00415	0.00415
4	0.01419	0.01216	0.01419	0.01013	0.01621	0.00912	0.00811	0.01723	0.01419	0.02229	0.01216	0.01419	0.01013	0.00507	0.00507	0.00101	0.00507	0.00405	0.00405	0.80139
5	0.02601	0.01916	0.02053	0.01574	0.02122	0.02122	0.01300	0.69408	0.03217	0.04312	0.01643	0.01643	0.01163	0.00821	0.00684	0.00205	0.00753	0.00616	0.00684	0.01163
6	0.00834	0.00595	0.00794	0.00953	0.00992	0.00556	0.00635	0.00953	0.01310	0.01746	0.03771	0.75510	0.04525	0.02143	0.00873	0.00278	0.00397	0.01945	0.00635	0.00556
7	0.01806	0.01688	0.01595	0.01437	0.01820	0.10404	0.01112	0.03525	0.62115	0.02717	0.02574	0.02392	0.01942	0.00901	0.00686	0.00225	0.00626	0.00733	0.00654	0.01048
8	0.02443	0.02843	0.01924	0.10548	0.02401	0.58661	0.01367	0.02661	0.01871	0.07369	0.01209	0.01394	0.00951	0.00714	0.00631	0.00185	0.01142	0.00481	0.00386	0.00819
9	0.11396	0.01174	0.01713	0.40671	0.03240	0.01319	0.01428	0.02150	0.01541	0.20052	0.07251	0.02133	0.01541	0.00778	0.00663	0.00221	0.00733	0.00651	0.00494	0.00852
10	0.31142	0.01479	0.01884	0.26035	0.02863	0.04485	0.09549	0.08315	0.01539	0.04983	0.01224	0.01538	0.00913	0.00672	0.00600	0.00217	0.00786	0.00541	0.00410	0.00826
11	0.46204	0.01477	0.01858	0.01449	0.01957	0.01570	0.16280	0.08508	0.01554	0.11352	0.01326	0.01474	0.00963	0.00665	0.00566	0.00215	0.00697	0.00530	0.00482	0.00873

[dist]
# distance from previous block
# <min> <max>
5	19

[block]
# block no. 4 follows, 31 sequences, length 10
# corresponding to MSA columns:
# 396-405
name=unknown_E
#
# <colnr> <probs for GDERKNQSTAVLIFYWHMCP>
#	G	D	E	R	K	N	Q	S	T	A	V	L	I	F	Y	W	H	M	C	P
0	0.01955	0.01445	0.01594	0.01214	0.01753	0.04172	0.00978	0.18679	0.04593	0.11813	0.05503	0.01834	0.01479	0.00702	0.00602	0.00156	0.00598	0.00556	0.00559	0.39815
1	0.01881	0.01543	0.01577	0.01346	0.01727	0.07166	0.01048	0.29124	0.13677	0.03004	0.02290	0.20623	0.02140	0.01138	0.00712	0.00216	0.00641	0.00948	0.00621	0.08578
2	0.01346	0.01242	0.01949	0.01484	0.01974	0.01071	0.18262	0.01753	0.04136	0.02204	0.07300	0.14230	0.02078	0.00885	0.00676	0.00178	0.00640	0.00845	0.00467	0.37280
3	0.01335	0.01007	0.01376	0.01227	0.01591	0.00877	0.04517	0.01642	0.01520	0.06036	0.02575	0.10148	0.02625	0.01271	0.00756	0.00223	0.00591	0.30066	0.00545	0.30074
4	0.01608	0.01210	0.01438	0.01037	0.01636	0.00923	0.00833	0.01907	0.01480	0.10242	0.01386	0.01523	0.01091	0.00546	0.00527	0.00114	0.00515	0.00438	0.00456	0.71091
5	0.80789	0.01323	0.01006	0.00900	0.01323	0.01535	0.00741	0.02011	0.01164	0.03070	0.00953	0.01111	0.00741	0.00635	0.00423	0.00212	0.00529	0.00370	0.00423	0.00741
6	0.05525	0.01690	0.02326	0.02801	0.36073	0.01767	0.01644	0.28485	0.02220	0.08523	0.01521	0.01698	0.01148	0.00712	0.00670	0.00205	0.00759	0.00608	0.00517	0.01107
7	0.01655	0.01733	0.03393	0.03556	0.38385	0.01677	0.34910	0.02145	0.01586	0.02214	0.01334	0.01768	0.01061	0.00593	0.00741	0.00217	0.00979	0.00706	0.00342	0.01005
8	0.01531	0.01212	0.01430	0.01027	0.01630	0.00918	0.00824	0.01832	0.01455	0.06972	0.01317	0.01480	0.01059	0.00530	0.00519	0.00109	0.00512	0.00424	0.00435	0.74783
9	0.00977	0.00733	0.01100	0.01100	0.01222	0.00855	0.00855	0.01222	0.01100	0.01588	0.01833	0.02688	0.01710	0.05131	0.73245	0.01100	0.01833	0.00733	0.00367	0.00611

[dist]
# distance from previous block
# <min> <max>
0	15

[block]
# block no. 5 follows, 31 sequences, length 36
# corresponding to MSA columns:
# 421-456
name=unknown_F
#
# <colnr> <probs for GDERKNQSTAVLIFYWHMCP>
#	G	D	E	R	K	N	Q	S	T	A	V	L	I	F	Y	W	H	M	C	P
0	0.00972	0.00694	0.00889	0.00843	0.00980	0.00648	0.00610	0.01245	0.01791	0.02525	0.60668	0.05013	0.05844	0.12888	0.01219	0.00284	0.00375	0.01200	0.00701	0.00610
1	0.80789	0.01323	0.01006	0.00900	0.01323	0.01535	0.00741	0.02011	0.01164	0.03070	0.00953	0.01111	0.00741	0.00635	0.00423	0.00212	0.00529	0.00370	0.00423	0.00741
2	0.01102	0.00787	0.01102	0.01260	0.01417	0.00787	0.01102	0.01417	0.01575	0.02047	0.03622	0.07717	0.03937	0.01890	0.00945	0.00315	0.00630	0.67084	0.00630	0.00630
3	0.00968	0.00699	0.00914	0.00861	0.01022	0.00646	0.00646	0.01291	0.01937	0.02743	0.71328	0.05110	0.06455	0.01399	0.00807	0.00215	0.00323	0.01237	0.00753	0.00646
4	0.01693	0.01626	0.02777	0.04199	0.71689	0.01626	0.02100	0.02100	0.01558	0.02235	0.01287	0.01693	0.01084	0.00610	0.00677	0.00203	0.00813	0.00610	0.00339	0.01084
5	0.01615	0.01845	0.04037	0.02884	0.03576	0.01730	0.69204	0.02191	0.01615	0.02191	0.01384	0.01845	0.01038	0.00577	0.00807	0.00231	0.01153	0.00807	0.00346	0.00923
6	0.01419	0.01216	0.01419	0.01013	0.01621	0.00912	0.00811	0.01723	0.01419	0.02229	0.01216	0.01419	0.01013	0.00507	0.00507	0.00101	0.00507	0.00405	0.00405	0.80139
7	0.01702	0.01470	0.01547	0.01392	0.01779	0.01702	0.01083	0.03635	0.70453	0.02862	0.02785	0.02553	0.02088	0.00928	0.00696	0.00232	0.00541	0.00773	0.00696	0.01083
8	0.02648	0.01887	0.02001	0.01544	0.02083	0.04557	0.01271	0.60179	0.03041	0.11237	0.01731	0.01699	0.01208	0.00820	0.00682	0.00205	0.00752	0.00617	0.00689	0.01150
9	0.01372	0.03539	0.72412	0.01950	0.02961	0.01589	0.02528	0.02167	0.01444	0.02167	0.01228	0.01444	0.00867	0.00650	0.00650	0.00217	0.01011	0.00506	0.00289	0.01011
10	0.02197	0.01741	0.02854	0.02091	0.02702	0.01728	0.31887	0.26332	0.02236	0.14319	0.01685	0.01839	0.01189	0.00706	0.00735	0.00215	0.00899	0.00708	0.00550	0.03389
11	0.02351	0.01773	0.01892	0.01494	0.01997	0.01964	0.01220	0.54718	0.14130	0.03933	0.02133	0.02075	0.05341	0.00891	0.00693	0.00211	0.00695	0.00689	0.00684	0.01117
12	0.01469	0.03403	0.68353	0.01908	0.02891	0.01555	0.02440	0.02234	0.01474	0.06178	0.01312	0.01495	0.00914	0.00661	0.00652	0.00216	0.00987	0.00516	0.00321	0.01020
13	0.00995	0.00663	0.00746	0.00746	0.00746	0.00663	0.00415	0.00995	0.00995	0.01327	0.02156	0.04477	0.02487	0.75957	0.03482	0.00663	0.00663	0.00995	0.00415	0.00415
14	0.01694	0.01504	0.01772	0.01527	0.01941	0.01704	0.07234	0.03505	0.64237	0.02801	0.02658	0.02489	0.01994	0.00896	0.00706	0.00232	0.00597	0.00777	0.00665	0.01068
15	0.01102	0.00787	0.01102	0.01260	0.01417	0.00787	0.01102	0.01417	0.01575	0.02047	0.03622	0.07717	0.03937	0.01890	0.00945	0.00315	0.00630	0.67084	0.00630	0.00630
16	0.02601	0.01916	0.02053	0.01574	0.02122	0.02122	0.01300	0.69408	0.03217	0.04312	0.01643	0.01643	0.01163	0.00821	0.00684	0.00205	0.00753	0.00616	0.00684	0.01163
17	0.02591	0.02201	0.02029	0.01614	0.02120	0.17151	0.01305	0.55311	0.02946	0.03754	0.01519	0.01556	0.01104	0.00797	0.00670	0.00199	0.00855	0.00579	0.00614	0.01085
18	0.01372	0.03539	0.72412	0.01950	0.02961	0.01589	0.02528	0.02167	0.01444	0.02167	0.01228	0.01444	0.00867	0.00650	0.00650	0.00217	0.01011	0.00506	0.00289	0.01011
19	0.01829	0.76368	0.03585	0.01171	0.01756	0.02707	0.01171	0.02049	0.01390	0.01610	0.00951	0.01097	0.00878	0.00585	0.00439	0.00146	0.00732	0.00366	0.00293	0.00878
20	0.00995	0.00663	0.00746	0.00746	0.00746	0.00663	0.00415	0.00995	0.00995	0.01327	0.02156	0.04477	0.02487	0.75957	0.03482	0.00663	0.00663	0.00995	0.00415	0.00415
21	0.01419	0.01216	0.01419	0.01013	0.01621	0.00912	0.00811	0.01723	0.01419	0.02229	0.01216	0.01419	0.01013	0.00507	0.00507	0.00101	0.00507	0.00405	0.00405	0.80139
22	0.03070	0.01164	0.01588	0.01217	0.01746	0.01006	0.01006	0.03334	0.01958	0.72163	0.02699	0.02329	0.01694	0.00847	0.00688	0.00212	0.00582	0.00688	0.00847	0.01164
23	0.00834	0.00595	0.00794	0.00953	0.00992	0.00556	0.00635	0.00953	0.01310	0.01746	0.03771	0.75510	0.04525	0.02143	0.00873	0.00278	0.00397	0.01945	0.00635	0.00556
24	0.01419	0.01216	0.01419	0.01013	0.01621	0.00912	0.00811	0.01723	0.01419	0.02229	0.01216	0.01419	0.01013	0.00507	0.00507	0.00101	0.00507	0.00405	0.00405	0.80139
25	0.80789	0.01323	0.01006	0.00900	0.01323	0.01535	0.00741	0.02011	0.01164	0.03070	0.00953	0.01111	0.00741	0.00635	0.00423	0.00212	0.00529	0.00370	0.00423	0.00741
26	0.01750	0.01493	0.01574	0.01402	0.01797	0.01724	0.01094	0.07137	0.66874	0.02939	0.02724	0.02504	0.02039	0.00922	0.00696	0.00231	0.00553	0.00765	0.00696	0.01087
27	0.07799	0.01868	0.06933	0.02354	0.02973	0.01774	0.43235	0.13370	0.01815	0.04585	0.01395	0.01728	0.01038	0.00670	0.00830	0.00228	0.05328	0.00711	0.00417	0.00950
28	0.06528	0.02513	0.08274	0.01643	0.02125	0.33695	0.03994	0.17190	0.05054	0.07688	0.01605	0.01680	0.03460	0.00772	0.00647	0.00197	0.00960	0.00562	0.00484	0.00929
29	0.07942	0.01818	0.07261	0.25383	0.02952	0.10882	0.03936	0.12722	0.09353	0.08851	0.01556	0.01763	0.01135	0.00739	0.00659	0.00215	0.00845	0.00594	0.00471	0.00922
30	0.07682	0.23741	0.28725	0.01413	0.02102	0.01719	0.01564	0.02153	0.01510	0.10208	0.07626	0.01751	0.01468	0.00713	0.00583	0.00189	0.00755	0.00537	0.00413	0.05149
31	0.58864	0.01464	0.01239	0.01056	0.01502	0.04927	0.00864	0.09925	0.01531	0.11385	0.01245	0.01323	0.00910	0.00685	0.00494	0.00209	0.00594	0.00440	0.00500	0.00842
32	0.20960	0.01271	0.01325	0.01077	0.01543	0.01259	0.00861	0.06082	0.14553	0.06393	0.06681	0.01923	0.01614	0.00728	0.00563	0.00175	0.00517	0.00561	0.03087	0.28827
33	0.11391	0.01610	0.01927	0.01501	0.02022	0.01704	0.07346	0.30782	0.12896	0.15654	0.01884	0.01852	0.01333	0.00785	0.00660	0.00209	0.00690	0.00633	0.00642	0.04477
34	0.12996	0.04754	0.01527	0.01177	0.01644	0.12276	0.00945	0.06511	0.01648	0.07433	0.04521	0.04471	0.01530	0.00778	0.00585	0.00169	0.00649	0.04348	0.00481	0.31556
35	0.43408	0.04294	0.01447	0.01210	0.04564	0.01498	0.00943	0.08272	0.04416	0.19266	0.01521	0.01537	0.01086	0.00706	0.00534	0.00205	0.00581	0.00494	0.00547	0.03471

[dist]
# distance from previous block
# <min> <max>
2	172

[block]
# block no. 6 follows, 31 sequences, length 13
# corresponding to MSA columns:
# 651-663
name=unknown_G
#
# <colnr> <probs for GDERKNQSTAVLIFYWHMCP>
#	G	D	E	R	K	N	Q	S	T	A	V	L	I	F	Y	W	H	M	C	P
0	0.16816	0.13722	0.01945	0.07954	0.02017	0.18826	0.03820	0.07781	0.04640	0.02321	0.07136	0.07019	0.01658	0.00845	0.00609	0.00200	0.00783	0.00648	0.00448	0.00813
1	0.14833	0.04430	0.08490	0.01385	0.01873	0.10324	0.01210	0.24746	0.04870	0.04614	0.06474	0.01834	0.01484	0.01085	0.05679	0.00262	0.00820	0.00587	0.00525	0.04476
2	0.09262	0.09947	0.10799	0.01599	0.05088	0.05863	0.01387	0.20404	0.09476	0.05607	0.01680	0.02105	0.01368	0.00869	0.00760	0.00218	0.06072	0.06019	0.00510	0.00968
3	0.01650	0.14573	0.05666	0.02297	0.25622	0.08029	0.01487	0.04621	0.01647	0.02197	0.13213	0.02237	0.01993	0.00826	0.00760	0.00199	0.05890	0.02226	0.00421	0.04445
4	0.09047	0.08443	0.05048	0.02036	0.16788	0.05199	0.04294	0.20735	0.09467	0.02853	0.01598	0.01730	0.02688	0.00725	0.00629	0.00196	0.00744	0.00586	0.00486	0.06708
5	0.08431	0.12387	0.06791	0.02216	0.14654	0.08137	0.18514	0.02320	0.01598	0.13210	0.01533	0.04534	0.01215	0.00709	0.00658	0.00205	0.00861	0.00649	0.00431	0.00947
6	0.07009	0.01506	0.01853	0.01906	0.15748	0.07760	0.04127	0.11758	0.01843	0.17974	0.01996	0.13274	0.01721	0.00932	0.00681	0.00208	0.00697	0.00798	0.00559	0.07649
7	0.01923	0.01250	0.01476	0.01223	0.01624	0.01250	0.00986	0.20833	0.08057	0.15626	0.17422	0.05971	0.02842	0.01065	0.00721	0.00211	0.00557	0.06265	0.00692	0.10007
8	0.01636	0.01568	0.02674	0.14128	0.62204	0.01611	0.02071	0.02050	0.01531	0.02166	0.01277	0.01712	0.01059	0.00620	0.00678	0.00207	0.00827	0.00609	0.00334	0.01038
9	0.01651	0.01487	0.02342	0.38276	0.16490	0.01675	0.07837	0.14104	0.05051	0.02393	0.01396	0.01804	0.01057	0.00697	0.00694	0.00220	0.00869	0.00636	0.00401	0.00923
10	0.80789	0.01323	0.01006	0.00900	0.01323	0.01535	0.00741	0.02011	0.01164	0.03070	0.00953	0.01111	0.00741	0.00635	0.00423	0.00212	0.00529	0.00370	0.00423	0.00741
11	0.00856	0.00695	0.00759	0.00743	0.00953	0.00598	0.00557	0.01074	0.01671	0.02114	0.26051	0.06147	0.52125	0.01633	0.00808	0.00226	0.00339	0.01383	0.00670	0.00598
12	0.01593	0.01998	0.10180	0.02800	0.03520	0.01717	0.63214	0.02189	0.01599	0.02189	0.01370	0.01809	0.01023	0.00583	0.00793	0.00229	0.01141	0.00780	0.00341	0.00931

[dist]
# distance from previous block
# <min> <max>
3	52

[block]
# block no. 7 follows, 31 sequences, length 145
# corresponding to MSA columns:
# 716-860
name=unknown_H
#
# <colnr> <probs for GDERKNQSTAVLIFYWHMCP>
#	G	D	E	R	K	N	Q	S	T	A	V	L	I	F	Y	W	H	M	C	P
0	0.01931	0.60193	0.03192	0.01277	0.01802	0.15566	0.01187	0.02144	0.01480	0.01621	0.01003	0.01181	0.00909	0.00774	0.03139	0.00187	0.00864	0.00393	0.00306	0.00853
1	0.78404	0.01303	0.00994	0.00892	0.01307	0.01508	0.00733	0.01999	0.01172	0.03054	0.00991	0.01155	0.00771	0.00640	0.00425	0.00210	0.00523	0.00378	0.02803	0.00738
2	0.01541	0.01437	0.02380	0.11742	0.51047	0.01478	0.01856	0.01986	0.04273	0.02153	0.01685	0.07960	0.01559	0.00834	0.00712	0.00220	0.00769	0.05001	0.00391	0.00975
3	0.00968	0.00699	0.00914	0.00861	0.01022	0.00646	0.00646	0.01291	0.01937	0.02743	0.71328	0.05110	0.06455	0.01399	0.00807	0.00215	0.00323	0.01237	0.00753	0.00646
4	0.01641	0.01409	0.01495	0.01362	0.01724	0.01622	0.01052	0.03449	0.65647	0.02784	0.02853	0.07623	0.02258	0.01013	0.00708	0.00235	0.00531	0.00855	0.00692	0.01046
5	0.02503	0.03173	0.01947	0.01764	0.02099	0.69676	0.01331	0.02678	0.01894	0.01673	0.01050	0.01247	0.00882	0.00729	0.00698	0.00182	0.04885	0.00448	0.00350	0.00791
6	0.00815	0.00686	0.00707	0.00716	0.00932	0.00578	0.00532	0.00989	0.01554	0.01869	0.08722	0.11329	0.64734	0.01751	0.00813	0.00234	0.00349	0.01472	0.00639	0.00578
7	0.01419	0.01216	0.01419	0.01013	0.01621	0.00912	0.00811	0.01723	0.01419	0.02229	0.01216	0.01419	0.01013	0.00507	0.00507	0.00101	0.00507	0.00405	0.00405	0.80139
8	0.02653	0.01587	0.06643	0.01333	0.01878	0.07702	0.01147	0.06474	0.06702	0.46991	0.02281	0.02075	0.01508	0.00797	0.00665	0.00201	0.00672	0.00633	0.00709	0.07351
9	0.02432	0.01833	0.01958	0.01540	0.02057	0.02043	0.01260	0.57082	0.15817	0.04040	0.01857	0.01813	0.01337	0.00841	0.00687	0.00210	0.00713	0.00645	0.00687	0.01148
10	0.01102	0.00787	0.01102	0.01260	0.01417	0.00787	0.01102	0.01417	0.01575	0.02047	0.03622	0.07717	0.03937	0.01890	0.00945	0.00315	0.00630	0.67084	0.00630	0.00630
11	0.00946	0.00698	0.00883	0.00837	0.01008	0.00636	0.00628	0.01248	0.01884	0.02618	0.62292	0.05317	0.15570	0.01446	0.00807	0.00217	0.00326	0.01266	0.00737	0.00636
12	0.02097	0.02424	0.02352	0.02672	0.27446	0.37128	0.06286	0.02393	0.01741	0.01953	0.01175	0.01456	0.00975	0.00647	0.00644	0.00185	0.01024	0.00525	0.00351	0.06527
13	0.02157	0.43336	0.02841	0.01438	0.01918	0.34562	0.01239	0.02357	0.01638	0.01639	0.00999	0.01159	0.00879	0.00639	0.00519	0.00160	0.00959	0.00400	0.00320	0.00840
14	0.01615	0.01845	0.04037	0.02884	0.03576	0.01730	0.69204	0.02191	0.01615	0.02191	0.01384	0.01845	0.01038	0.00577	0.00807	0.00231	0.01153	0.00807	0.00346	0.00923
15	0.00995	0.00663	0.00746	0.00746	0.00746	0.00663	0.00415	0.00995	0.00995	0.01327	0.02156	0.04477	0.02487	0.75957	0.03482	0.00663	0.00663	0.00995	0.00415	0.00415
16	0.80789	0.01323	0.01006	0.00900	0.01323	0.01535	0.00741	0.02011	0.01164	0.03070	0.00953	0.01111	0.00741	0.00635	0.00423	0.00212	0.00529	0.00370	0.00423	0.00741
17	0.01038	0.00764	0.01013	0.01127	0.01298	0.00738	0.00962	0.01327	0.01597	0.02059	0.08945	0.07325	0.16687	0.01826	0.00910	0.00292	0.00556	0.50275	0.00640	0.00621
18	0.00952	0.00699	0.00892	0.00843	0.01012	0.00638	0.00633	0.01259	0.01898	0.02651	0.64659	0.05263	0.13182	0.01433	0.00807	0.00217	0.00325	0.01259	0.00741	0.00638
19	0.80789	0.01323	0.01006	0.00900	0.01323	0.01535	0.00741	0.02011	0.01164	0.03070	0.00953	0.01111	0.00741	0.00635	0.00423	0.00212	0.00529	0.00370	0.00423	0.00741
20	0.00834	0.00595	0.00794	0.00953	0.00992	0.00556	0.00635	0.00953	0.01310	0.01746	0.03771	0.75510	0.04525	0.02143	0.00873	0.00278	0.00397	0.01945	0.00635	0.00556
21	0.00834	0.00595	0.00794	0.00953	0.00992	0.00556	0.00635	0.00953	0.01310	0.01746	0.03771	0.75510	0.04525	0.02143	0.00873	0.00278	0.00397	0.01945	0.00635	0.00556
22	0.01751	0.01459	0.01548	0.01386	0.01778	0.01677	0.01080	0.03625	0.67981	0.05363	0.02781	0.02544	0.02074	0.00925	0.00696	0.00231	0.00543	0.00770	0.00702	0.01086
23	0.00995	0.00663	0.00746	0.00746	0.00746	0.00663	0.00415	0.00995	0.00995	0.01327	0.02156	0.04477	0.02487	0.75957	0.03482	0.00663	0.00663	0.00995	0.00415	0.00415
24	0.00821	0.00693	0.00713	0.00725	0.00946	0.00585	0.00547	0.00997	0.01550	0.01852	0.06678	0.09384	0.66170	0.01755	0.00816	0.00236	0.00359	0.03960	0.00635	0.00579
25	0.01320	0.01244	0.02102	0.69439	0.09367	0.01527	0.01914	0.01772	0.01381	0.01782	0.01221	0.01815	0.00924	0.00679	0.00684	0.00226	0.00905	0.00608	0.00306	0.00782
26	0.03070	0.01164	0.01588	0.01217	0.01746	0.01006	0.01006	0.03334	0.01958	0.72163	0.02699	0.02329	0.01694	0.00847	0.00688	0.00212	0.00582	0.00688	0.00847	0.01164
27	0.03070	0.01164	0.01588	0.01217	0.01746	0.01006	0.01006	0.03334	0.01958	0.72163	0.02699	0.02329	0.01694	0.00847	0.00688	0.00212	0.00582	0.00688	0.00847	0.01164
28	0.01404	0.08601	0.67628	0.01896	0.02877	0.01667	0.02433	0.02158	0.01441	0.02128	0.01209	0.01420	0.00867	0.00645	0.00635	0.00212	0.00992	0.00496	0.00289	0.01002
29	0.01974	0.01605	0.01700	0.01447	0.01883	0.01829	0.01149	0.23565	0.50080	0.03301	0.02439	0.02277	0.01808	0.00896	0.00693	0.00224	0.00605	0.00726	0.00693	0.01107
30	0.01829	0.76368	0.03585	0.01171	0.01756	0.02707	0.01171	0.02049	0.01390	0.01610	0.00951	0.01097	0.00878	0.00585	0.00439	0.00146	0.00732	0.00366	0.00293	0.00878
31	0.01432	0.01260	0.01601	0.01143	0.01757	0.00969	0.05564	0.01755	0.01432	0.02227	0.01228	0.01448	0.01015	0.00512	0.00528	0.00110	0.00552	0.00433	0.00401	0.74633
32	0.02499	0.03052	0.02005	0.01919	0.06951	0.63200	0.01374	0.07410	0.02003	0.01900	0.01115	0.01295	0.00915	0.00707	0.00626	0.00180	0.01170	0.00465	0.00375	0.00840
33	0.00834	0.00595	0.00794	0.00953	0.00992	0.00556	0.00635	0.00953	0.01310	0.01746	0.03771	0.75510	0.04525	0.02143	0.00873	0.00278	0.00397	0.01945	0.00635	0.00556
34	0.00968	0.00699	0.00914	0.00861	0.01022	0.00646	0.00646	0.01291	0.01937	0.02743	0.71328	0.05110	0.06455	0.01399	0.00807	0.00215	0.00323	0.01237	0.00753	0.00646
35	0.02287	0.01761	0.01877	0.01511	0.02002	0.01975	0.01225	0.46482	0.26652	0.03806	0.02041	0.01960	0.01486	0.00859	0.00688	0.00215	0.00679	0.00671	0.00688	0.01135
36	0.00834	0.00595	0.00794	0.00953	0.00992	0.00556	0.00635	0.00953	0.01310	0.01746	0.03771	0.75510	0.04525	0.02143	0.00873	0.00278	0.00397	0.01945	0.00635	0.00556
37	0.03018	0.01246	0.01638	0.01256	0.01787	0.01127	0.01038	0.10525	0.02095	0.64779	0.02584	0.02254	0.01636	0.00844	0.00688	0.00211	0.00601	0.00680	0.00829	0.01164
38	0.00950	0.00681	0.00898	0.01033	0.01113	0.00658	0.00746	0.03641	0.01431	0.01899	0.03663	0.60271	0.04289	0.02047	0.00879	0.00282	0.00453	0.13837	0.00636	0.00592
39	0.80789	0.01323	0.01006	0.00900	0.01323	0.01535	0.00741	0.02011	0.01164	0.03070	0.00953	0.01111	0.00741	0.00635	0.00423	0.00212	0.00529	0.00370	0.00423	0.00741
40	0.01597	0.01755	0.03328	0.02457	0.03041	0.05254	0.50979	0.02263	0.09085	0.02183	0.01762	0.02130	0.03868	0.00982	0.05820	0.00288	0.01107	0.00804	0.00397	0.00899
41	0.01829	0.76368	0.03585	0.01171	0.01756	0.02707	0.01171	0.02049	0.01390	0.01610	0.00951	0.01097	0.00878	0.00585	0.00439	0.00146	0.00732	0.00366	0.00293	0.00878
42	0.00834	0.00595	0.00794	0.00953	0.00992	0.00556	0.00635	0.00953	0.01310	0.01746	0.03771	0.75510	0.04525	0.02143	0.00873	0.00278	0.00397	0.01945	0.00635	0.00556
43	0.01659	0.01421	0.01515	0.01383	0.01753	0.01636	0.01084	0.03476	0.65517	0.02804	0.02845	0.02923	0.02221	0.00997	0.00714	0.00238	0.00548	0.05525	0.00691	0.01050
44	0.15594	0.01242	0.01526	0.01191	0.01704	0.01169	0.00983	0.07713	0.01917	0.56283	0.02343	0.02084	0.01503	0.00811	0.00645	0.00211	0.00585	0.00632	0.00767	0.01096
45	0.00834	0.00595	0.00794	0.00953	0.00992	0.00556	0.00635	0.00953	0.01310	0.01746	0.03771	0.75510	0.04525	0.02143	0.00873	0.00278	0.00397	0.01945	0.00635	0.00556
46	0.80789	0.01323	0.01006	0.00900	0.01323	0.01535	0.00741	0.02011	0.01164	0.03070	0.00953	0.01111	0.00741	0.00635	0.00423	0.00212	0.00529	0.00370	0.00423	0.00741
47	0.00834	0.00595	0.00794	0.00953	0.00992	0.00556	0.00635	0.00953	0.01310	0.01746	0.03771	0.75510	0.04525	0.02143	0.00873	0.00278	0.00397	0.01945	0.00635	0.00556
48	0.02505	0.08342	0.02053	0.01721	0.02090	0.68310	0.01311	0.02684	0.01901	0.01670	0.01050	0.01224	0.00881	0.00697	0.00605	0.00174	0.01199	0.00435	0.00348	0.00799
49	0.00834	0.00595	0.00794	0.00953	0.00992	0.00556	0.00635	0.00953	0.01310	0.01746	0.03771	0.75510	0.04525	0.02143	0.00873	0.00278	0.00397	0.01945	0.00635	0.00556
50	0.02502	0.02928	0.01873	0.01686	0.02054	0.60728	0.01275	0.02868	0.09091	0.06697	0.01352	0.01447	0.01064	0.00738	0.00630	0.00185	0.01116	0.00493	0.00423	0.00849
51	0.02619	0.01886	0.02035	0.01560	0.02107	0.02077	0.01289	0.66765	0.03166	0.07026	0.01685	0.01670	0.01185	0.00822	0.00685	0.00206	0.00746	0.00619	0.00691	0.01164
52	0.06888	0.01262	0.01885	0.01424	0.01944	0.01093	0.16373	0.01756	0.01516	0.02306	0.08885	0.02544	0.04098	0.00773	0.00645	0.00171	0.00641	0.05880	0.00454	0.39459
53	0.01557	0.33045	0.44527	0.01634	0.02473	0.02042	0.01978	0.02119	0.01422	0.01941	0.01116	0.01304	0.00871	0.00624	0.00564	0.00188	0.00898	0.00449	0.00290	0.00957
54	0.02568	0.02901	0.01969	0.01712	0.02117	0.54217	0.01316	0.20546	0.02280	0.02379	0.01214	0.01343	0.00957	0.00736	0.00635	0.00184	0.01105	0.00487	0.00441	0.00892
55	0.00832	0.00602	0.00787	0.00935	0.00988	0.00557	0.00627	0.00955	0.01327	0.01754	0.03990	0.70720	0.09174	0.02115	0.00869	0.00275	0.00393	0.01910	0.00635	0.00557
56	0.01116	0.00937	0.01366	0.01286	0.01375	0.01187	0.01027	0.01335	0.01086	0.01604	0.01583	0.02370	0.01493	0.04080	0.54276	0.00886	0.21302	0.00697	0.00349	0.00648
57	0.01449	0.01379	0.02200	0.01609	0.02195	0.01173	0.22236	0.01887	0.04069	0.02207	0.01509	0.06842	0.01310	0.00660	0.00634	0.00159	0.00703	0.00654	0.00414	0.46711
58	0.02055	0.02008	0.01694	0.01493	0.01884	0.21981	0.01158	0.12726	0.38641	0.02721	0.02109	0.02048	0.01600	0.00844	0.00663	0.00209	0.00759	0.00651	0.03759	0.00995
59	0.00995	0.00663	0.00746	0.00746	0.00746	0.00663	0.00415	0.00995	0.00995	0.01327	0.02156	0.04477	0.02487	0.75957	0.03482	0.00663	0.00663	0.00995	0.00415	0.00415
60	0.50103	0.01260	0.01235	0.01025	0.01490	0.01326	0.00845	0.02533	0.01478	0.30350	0.01642	0.01592	0.01117	0.00719	0.00528	0.00212	0.00550	0.00496	0.00591	0.00908
61	0.80789	0.01323	0.01006	0.00900	0.01323	0.01535	0.00741	0.02011	0.01164	0.03070	0.00953	0.01111	0.00741	0.00635	0.00423	0.00212	0.00529	0.00370	0.00423	0.00741
62	0.01419	0.01216	0.01419	0.01013	0.01621	0.00912	0.00811	0.01723	0.01419	0.02229	0.01216	0.01419	0.01013	0.00507	0.00507	0.00101	0.00507	0.00405	0.00405	0.80139
63	0.01115	0.00621	0.00836	0.00836	0.00836	0.00621	0.00526	0.00931	0.00931	0.01241	0.01557	0.02993	0.01683	0.30411	0.02982	0.49831	0.00621	0.00747	0.00342	0.00342
64	0.02709	0.01194	0.01548	0.01219	0.01700	0.01103	0.00995	0.08351	0.06816	0.54433	0.10090	0.02593	0.02197	0.00910	0.00701	0.00213	0.00565	0.00748	0.00813	0.01102
65	0.01607	0.30705	0.43990	0.01631	0.02464	0.01985	0.01963	0.02166	0.01443	0.04591	0.01180	0.01348	0.00902	0.00633	0.00572	0.00190	0.00890	0.00460	0.00311	0.00967
66	0.01756	0.01489	0.01985	0.06697	0.02192	0.01716	0.08649	0.12213	0.27514	0.05393	0.02046	0.02409	0.01633	0.01075	0.03004	0.00268	0.13810	0.04640	0.00552	0.00959
67	0.01533	0.01212	0.01430	0.01027	0.01630	0.00918	0.00824	0.01835	0.01456	0.07090	0.01319	0.01482	0.01061	0.00530	0.00519	0.00109	0.00512	0.00425	0.00436	0.74650
68	0.01599	0.00739	0.00825	0.00762	0.00989	0.00709	0.00593	0.01908	0.01535	0.15299	0.02357	0.02658	0.01805	0.00838	0.00530	0.00173	0.00376	0.02557	0.63013	0.00734
69	0.01292	0.01216	0.02052	0.74312	0.04712	0.01520	0.01900	0.01748	0.01368	0.01748	0.01216	0.01824	0.00912	0.00684	0.00684	0.00228	0.00912	0.00608	0.00304	0.00760
70	0.01788	0.01177	0.01433	0.01054	0.01621	0.00921	0.00849	0.02084	0.01573	0.18876	0.05131	0.01822	0.01451	0.00633	0.00565	0.00133	0.00515	0.00515	0.00528	0.57330
71	0.01615	0.01845	0.04037	0.02884	0.03576	0.01730	0.69204	0.02191	0.01615	0.02191	0.01384	0.01845	0.01038	0.00577	0.00807	0.00231	0.01153	0.00807	0.00346	0.00923
72	0.01829	0.76368	0.03585	0.01171	0.01756	0.02707	0.01171	0.02049	0.01390	0.01610	0.00951	0.01097	0.00878	0.00585	0.00439	0.00146	0.00732	0.00366	0.00293	0.00878
73	0.00861	0.00701	0.00766	0.00766	0.00978	0.00606	0.00586	0.01074	0.01635	0.02039	0.19425	0.06373	0.53793	0.01678	0.00818	0.00234	0.00362	0.06052	0.00658	0.00595
74	0.01721	0.59059	0.19943	0.01356	0.02042	0.02441	0.01493	0.02077	0.01403	0.01742	0.01017	0.01180	0.00875	0.00601	0.00489	0.00163	0.00798	0.00399	0.00292	0.00910
75	0.01002	0.00689	0.00878	0.00878	0.00934	0.00737	0.00589	0.01114	0.01058	0.01491	0.02034	0.03682	0.02147	0.44552	0.30501	0.00808	0.01101	0.00875	0.04427	0.00502
76	0.01804	0.01946	0.02000	0.01718	0.01876	0.20421	0.01390	0.04313	0.01384	0.01793	0.00991	0.01428	0.00912	0.01002	0.01631	0.00249	0.47220	0.00543	0.00335	0.07044
77	0.00968	0.00699	0.00914	0.00861	0.01022	0.00646	0.00646	0.01291	0.01937	0.02743	0.71328	0.05110	0.06455	0.01399	0.00807	0.00215	0.00323	0.01237	0.00753	0.00646
78	0.01419	0.01216	0.01419	0.01013	0.01621	0.00912	0.00811	0.01723	0.01419	0.02229	0.01216	0.01419	0.01013	0.00507	0.00507	0.00101	0.00507	0.00405	0.00405	0.80139
79	0.01526	0.01284	0.01475	0.01077	0.01669	0.01048	0.00863	0.07165	0.05068	0.02426	0.01329	0.01494	0.01080	0.00553	0.00530	0.00116	0.00528	0.00441	0.00442	0.69885
80	0.01372	0.03539	0.72412	0.01950	0.02961	0.01589	0.02528	0.02167	0.01444	0.02167	0.01228	0.01444	0.00867	0.00650	0.00650	0.00217	0.01011	0.00506	0.00289	0.01011
81	0.00977	0.00733	0.01100	0.01100	0.01222	0.00855	0.00855	0.01222	0.01100	0.01588	0.01833	0.02688	0.01710	0.05131	0.73245	0.01100	0.01833	0.00733	0.00367	0.00611
82	0.00831	0.00607	0.00782	0.00922	0.00984	0.00558	0.00621	0.00956	0.01339	0.01758	0.04144	0.67373	0.12421	0.02095	0.00866	0.00272	0.00391	0.01886	0.00635	0.00558
83	0.00819	0.00693	0.00707	0.00703	0.00930	0.00582	0.00528	0.01001	0.01583	0.01904	0.10938	0.06492	0.67369	0.01712	0.00808	0.00230	0.00345	0.01431	0.00643	0.00582
84	0.02556	0.03261	0.01939	0.01763	0.02115	0.73210	0.01322	0.02732	0.01939	0.01674	0.01058	0.01234	0.00881	0.00705	0.00617	0.00176	0.01234	0.00441	0.00353	0.00793
85	0.07431	0.01128	0.01428	0.01228	0.01478	0.01238	0.00982	0.07280	0.01602	0.20879	0.09734	0.03050	0.02233	0.12285	0.05113	0.00348	0.15659	0.05509	0.00579	0.00816
86	0.04819	0.01490	0.01738	0.01365	0.01878	0.01531	0.01118	0.27718	0.12165	0.35368	0.02274	0.02074	0.01528	0.00843	0.00681	0.00212	0.00638	0.00665	0.00754	0.01141
87	0.00809	0.00693	0.00693	0.00693	0.00924	0.00578	0.00520	0.00982	0.01559	0.01848	0.06931	0.06584	0.71411	0.01733	0.00809	0.00231	0.00347	0.01444	0.00635	0.00578
88	0.01312	0.01237	0.02089	0.70750	0.08115	0.01525	0.01910	0.01766	0.01378	0.01773	0.01220	0.01817	0.00921	0.00680	0.00684	0.00227	0.00907	0.00608	0.00306	0.00776
89	0.01718	0.58631	0.20347	0.01360	0.02049	0.02435	0.01501	0.02077	0.01403	0.01745	0.01018	0.01182	0.00875	0.00601	0.00490	0.00163	0.00800	0.00400	0.00292	0.00910
90	0.01693	0.01626	0.02777	0.04199	0.71689	0.01626	0.02100	0.02100	0.01558	0.02235	0.01287	0.01693	0.01084	0.00610	0.00677	0.00203	0.00813	0.00610	0.00339	0.01084
91	0.00834	0.00595	0.00794	0.00953	0.00992	0.00556	0.00635	0.00953	0.01310	0.01746	0.03771	0.75510	0.04525	0.02143	0.00873	0.00278	0.00397	0.01945	0.00635	0.00556
92	0.02779	0.01344	0.01668	0.01299	0.01819	0.01294	0.01065	0.16083	0.09638	0.49327	0.02458	0.02192	0.01613	0.00840	0.00683	0.00209	0.00608	0.00675	0.00785	0.03622
93	0.01946	0.01459	0.02186	0.01822	0.09405	0.01314	0.14517	0.10459	0.01795	0.15809	0.01592	0.01732	0.01174	0.00635	0.00640	0.00171	0.00711	0.00586	0.00505	0.31545
94	0.01023	0.00788	0.00985	0.00959	0.01185	0.00689	0.00734	0.01268	0.01561	0.02150	0.20302	0.23601	0.12770	0.01542	0.00788	0.00228	0.00432	0.12054	0.00618	0.16324
95	0.01498	0.01375	0.02196	0.10410	0.43586	0.01421	0.01685	0.02034	0.08748	0.02263	0.09279	0.08726	0.02061	0.00873	0.00711	0.00217	0.00704	0.00813	0.00444	0.00956
96	0.00855	0.00611	0.00818	0.00977	0.01026	0.00574	0.00672	0.00989	0.01331	0.01770	0.03759	0.70156	0.04478	0.02123	0.00879	0.00281	0.00415	0.07089	0.00635	0.00562
97	0.02236	0.02375	0.02329	0.02363	0.17949	0.32691	0.08555	0.12338	0.06031	0.04570	0.01383	0.01574	0.01081	0.00705	0.00667	0.00197	0.00999	0.00570	0.00433	0.00955
98	0.01439	0.01389	0.02428	0.47495	0.24852	0.01568	0.07275	0.01889	0.01445	0.01930	0.01251	0.01786	0.00974	0.00653	0.00692	0.00221	0.00901	0.00624	0.00318	0.00871
99	0.00949	0.00706	0.01039	0.01070	0.01176	0.00796	0.00812	0.01168	0.01141	0.01619	0.02216	0.17082	0.02267	0.04540	0.58940	0.00937	0.01549	0.00973	0.00420	0.00600
100	0.01678	0.01669	0.03026	0.03939	0.58225	0.01646	0.15364	0.02118	0.01569	0.02226	0.01306	0.01723	0.01075	0.00603	0.00703	0.00209	0.00880	0.00649	0.00340	0.01052
101	0.01654	0.48410	0.30006	0.01470	0.02219	0.02278	0.01692	0.02094	0.01411	0.01823	0.01057	0.01231	0.00874	0.00610	0.00520	0.00173	0.00839	0.00419	0.00291	0.00929
102	0.01829	0.76368	0.03585	0.01171	0.01756	0.02707	0.01171	0.02049	0.01390	0.01610	0.00951	0.01097	0.00878	0.00585	0.00439	0.00146	0.00732	0.00366	0.00293	0.00878
103	0.00834	0.00595	0.00794	0.00953	0.00992	0.00556	0.00635	0.00953	0.01310	0.01746	0.03771	0.75510	0.04525	0.02143	0.00873	0.00278	0.00397	0.01945	0.00635	0.00556
104	0.00834	0.00595	0.00794	0.00953	0.00992	0.00556	0.00635	0.00953	0.01310	0.01746	0.03771	0.75510	0.04525	0.02143	0.00873	0.00278	0.00397	0.01945	0.00635	0.00556
105	0.00995	0.00663	0.00746	0.00746	0.00746	0.00663	0.00415	0.00995	0.00995	0.01327	0.02156	0.04477	0.02487	0.75957	0.03482	0.00663	0.00663	0.00995	0.00415	0.00415
106	0.00986	0.00699	0.00929	0.00929	0.00992	0.00762	0.00642	0.01112	0.01049	0.01462	0.01989	0.03552	0.02086	0.39339	0.39551	0.00889	0.01268	0.00859	0.00390	0.00516
107	0.00964	0.00689	0.00944	0.01102	0.01199	0.00668	0.00862	0.01178	0.01439	0.01893	0.03699	0.42566	0.04239	0.02020	0.00908	0.00296	0.00510	0.33599	0.00633	0.00592
108	0.00993	0.00670	0.00778	0.00778	0.00789	0.00681	0.00455	0.01015	0.01004	0.01350	0.02126	0.04315	0.02417	0.69525	0.09817	0.00703	0.00769	0.00971	0.00410	0.00432
109	0.00977	0.00733	0.01100	0.01100	0.01222	0.00855	0.00855	0.01222	0.01100	0.01588	0.01833	0.02688	0.01710	0.05131	0.73245	0.01100	0.01833	0.00733	0.00367	0.00611
110	0.01770	0.01618	0.01528	0.01382	0.01748	0.09889	0.01068	0.03386	0.57649	0.02703	0.02546	0.02400	0.01925	0.00893	0.00672	0.00220	0.00606	0.00725	0.06255	0.01018
111	0.02397	0.02961	0.01831	0.01665	0.01991	0.63860	0.01243	0.04409	0.01881	0.01720	0.01175	0.01520	0.01029	0.06175	0.03073	0.00240	0.01199	0.00494	0.00367	0.00771
112	0.01185	0.00756	0.00930	0.00868	0.01090	0.00682	0.00672	0.01471	0.01767	0.08785	0.37873	0.04933	0.18000	0.01355	0.00761	0.00215	0.00378	0.05713	0.09406	0.03160
113	0.80789	0.01323	0.01006	0.00900	0.01323	0.01535	0.00741	0.02011	0.01164	0.03070	0.00953	0.01111	0.00741	0.00635	0.00423	0.00212	0.00529	0.00370	0.00423	0.00741
114	0.01829	0.76368	0.03585	0.01171	0.01756	0.02707	0.01171	0.02049	0.01390	0.01610	0.00951	0.01097	0.00878	0.00585	0.00439	0.00146	0.00732	0.00366	0.00293	0.00878
115	0.00981	0.00719	0.00935	0.00952	0.01117	0.00673	0.00755	0.01276	0.01770	0.02409	0.42583	0.08310	0.13754	0.01599	0.00847	0.00247	0.00412	0.19329	0.00701	0.00630
116	0.00959	0.00672	0.00922	0.01072	0.01157	0.00650	0.00820	0.01135	0.01395	0.01838	0.03580	0.44682	0.04121	0.02054	0.00993	0.04348	0.00500	0.27913	0.00616	0.00572
117	0.01615	0.01845	0.04037	0.02884	0.03576	0.01730	0.69204	0.02191	0.01615	0.02191	0.01384	0.01845	0.01038	0.00577	0.00807	0.00231	0.01153	0.00807	0.00346	0.00923
118	0.00839	0.00636	0.00777	0.00885	0.00992	0.00574	0.00622	0.00986	0.01403	0.01794	0.04772	0.50054	0.25855	0.01999	0.00856	0.00265	0.00393	0.05094	0.00635	0.00566
119	0.02613	0.01075	0.01470	0.01214	0.01658	0.00951	0.01013	0.02890	0.01882	0.56078	0.05082	0.03483	0.02290	0.01071	0.00743	0.00232	0.00583	0.13830	0.00801	0.01042
120	0.03070	0.01164	0.01588	0.01217	0.01746	0.01006	0.01006	0.03334	0.01958	0.72163	0.02699	0.02329	0.01694	0.00847	0.00688	0.00212	0.00582	0.00688	0.00847	0.01164
121	0.03070	0.01164	0.01588	0.01217	0.01746	0.01006	0.01006	0.03334	0.01958	0.72163	0.02699	0.02329	0.01694	0.00847	0.00688	0.00212	0.00582	0.00688	0.00847	0.01164
122	0.02823	0.01368	0.01716	0.01341	0.01856	0.04091	0.03190	0.09241	0.08987	0.54041	0.02506	0.02231	0.01633	0.00839	0.00689	0.00212	0.00637	0.00684	0.00781	0.01134
123	0.01372	0.03539	0.72412	0.01950	0.02961	0.01589	0.02528	0.02167	0.01444	0.02167	0.01228	0.01444	0.00867	0.00650	0.00650	0.00217	0.01011	0.00506	0.00289	0.01011
124	0.00834	0.00595	0.00794	0.00953	0.00992	0.00556	0.00635	0.00953	0.01310	0.01746	0.03771	0.75510	0.04525	0.02143	0.00873	0.00278	0.00397	0.01945	0.00635	0.00556
125	0.01108	0.00925	0.01350	0.01275	0.01366	0.01167	0.01016	0.01328	0.01087	0.01603	0.01598	0.02388	0.01506	0.04143	0.55408	0.00898	0.20140	0.00699	0.00350	0.00645
126	0.06470	0.02083	0.01901	0.01545	0.02027	0.16525	0.01241	0.42355	0.10928	0.05662	0.01659	0.01663	0.01213	0.00802	0.00659	0.00203	0.00809	0.00589	0.00610	0.01057
127	0.01292	0.01216	0.02052	0.74312	0.04712	0.01520	0.01900	0.01748	0.01368	0.01748	0.01216	0.01824	0.00912	0.00684	0.00684	0.00228	0.00912	0.00608	0.00304	0.00760
128	0.01505	0.24666	0.52446	0.01724	0.02611	0.01913	0.02134	0.02132	0.01429	0.02005	0.01148	0.01344	0.00870	0.00631	0.00589	0.00196	0.00930	0.00465	0.00290	0.00972
129	0.01188	0.00594	0.00891	0.00891	0.00891	0.00594	0.00594	0.00891	0.00891	0.01188	0.01188	0.02080	0.01188	0.02377	0.02674	0.80095	0.00594	0.00594	0.00297	0.00297
130	0.01292	0.01216	0.02052	0.74312	0.04712	0.01520	0.01900	0.01748	0.01368	0.01748	0.01216	0.01824	0.00912	0.00684	0.00684	0.00228	0.00912	0.00608	0.00304	0.00760
131	0.00979	0.00727	0.01070	0.01070	0.01182	0.00839	0.00819	0.01203	0.01091	0.01566	0.01859	0.02836	0.01775	0.11000	0.67464	0.01063	0.01736	0.00755	0.00370	0.00595
132	0.01497	0.01497	0.02095	0.01796	0.01796	0.02095	0.01497	0.01646	0.01048	0.01646	0.00898	0.01497	0.00898	0.01197	0.02245	0.00299	0.74704	0.00599	0.00299	0.00748
133	0.01186	0.00924	0.01125	0.01150	0.01373	0.00956	0.00945	0.01873	0.18212	0.02337	0.15422	0.05882	0.12620	0.01554	0.00844	0.00267	0.00520	0.31406	0.00668	0.00735
134	0.01372	0.03539	0.72412	0.01950	0.02961	0.01589	0.02528	0.02167	0.01444	0.02167	0.01228	0.01444	0.00867	0.00650	0.00650	0.00217	0.01011	0.00506	0.00289	0.01011
135	0.01387	0.05822	0.70254	0.01926	0.02923	0.01624	0.02485	0.02163	0.01443	0.02149	0.01219	0.01434	0.00867	0.00648	0.00643	0.00214	0.01002	0.00501	0.00289	0.01007
136	0.01693	0.01626	0.02777	0.04199	0.71689	0.01626	0.02100	0.02100	0.01558	0.02235	0.01287	0.01693	0.01084	0.00610	0.00677	0.00203	0.00813	0.00610	0.00339	0.01084
137	0.00928	0.00700	0.00859	0.00827	0.01007	0.00631	0.00625	0.01209	0.01821	0.02474	0.51415	0.05599	0.24346	0.01506	0.00812	0.00223	0.00339	0.03335	0.00717	0.00626
138	0.01188	0.00594	0.00891	0.00891	0.00891	0.00594	0.00594	0.00891	0.00891	0.01188	0.01188	0.02080	0.01188	0.02377	0.02674	0.80095	0.00594	0.00594	0.00297	0.00297
