[name]
unknown

[dist]
# distance from previous block
# <min> <max>
0	35

[block]
# block no. 0 follows, 32 sequences, length 6
# corresponding to MSA columns:
# 35-40
name=unknown_A
#
# <colnr> <probs for GDERKNQSTAVLIFYWHMCP>
#	G	D	E	R	K	N	Q	S	T	A	V	L	I	F	Y	W	H	M	C	P
0	0.01122	0.00829	0.01103	0.01224	0.01393	0.00850	0.01040	0.01586	0.09024	0.02069	0.03476	0.12818	0.03715	0.01773	0.00894	0.00297	0.00589	0.54912	0.00625	0.00660
1	0.01714	0.01591	0.02443	0.12818	0.38664	0.04428	0.06817	0.12405	0.01735	0.02364	0.01348	0.01744	0.01091	0.01004	0.06663	0.00276	0.00924	0.00616	0.00383	0.00971
2	0.01255	0.00827	0.00996	0.00929	0.01128	0.00789	0.00670	0.04114	0.05136	0.09346	0.10832	0.18142	0.12274	0.19115	0.05726	0.00372	0.00567	0.01133	0.00581	0.06069
3	0.01233	0.00827	0.01023	0.00986	0.01139	0.00821	0.00707	0.07076	0.01509	0.07787	0.10254	0.33567	0.07312	0.15154	0.01329	0.00316	0.03883	0.01319	0.00595	0.03163
4	0.01284	0.00840	0.01077	0.06992	0.01434	0.00825	0.00787	0.01612	0.06517	0.11953	0.11318	0.18214	0.14868	0.09973	0.06476	0.00337	0.00587	0.01138	0.00593	0.03174
5	0.10351	0.01128	0.01173	0.01037	0.01326	0.08290	0.00799	0.02011	0.01636	0.22040	0.19083	0.06936	0.04918	0.06458	0.06291	0.00302	0.00638	0.00856	0.03951	0.00776

[dist]
# distance from previous block
# <min> <max>
9	29

[block]
# block no. 1 follows, 32 sequences, length 10
# corresponding to MSA columns:
# 71-80
name=unknown_B
#
# <colnr> <probs for GDERKNQSTAVLIFYWHMCP>
#	G	D	E	R	K	N	Q	S	T	A	V	L	I	F	Y	W	H	M	C	P
0	0.02110	0.11902	0.06884	0.01843	0.14245	0.07290	0.01353	0.11572	0.10741	0.17981	0.04095	0.01873	0.01448	0.00747	0.00631	0.00194	0.00716	0.00599	0.00539	0.03236
1	0.01712	0.06236	0.15573	0.02327	0.17371	0.05876	0.16268	0.05297	0.04246	0.07228	0.01573	0.06698	0.01300	0.00738	0.00677	0.00205	0.00854	0.00689	0.00410	0.04723
2	0.01850	0.21368	0.16123	0.01674	0.09752	0.05392	0.01447	0.06347	0.05818	0.10447	0.01417	0.01521	0.01084	0.00648	0.00574	0.00174	0.00745	0.00497	0.00422	0.12701
3	0.07357	0.13253	0.20604	0.01696	0.09510	0.01532	0.03767	0.02187	0.05654	0.10384	0.01462	0.01641	0.01121	0.00988	0.06332	0.00256	0.00827	0.00529	0.00408	0.10493
4	0.20079	0.15041	0.32594	0.01418	0.02078	0.01659	0.01579	0.06020	0.01434	0.02322	0.01378	0.09025	0.01213	0.00785	0.00575	0.00205	0.00757	0.00594	0.00373	0.00870
5	0.07349	0.04758	0.19691	0.25438	0.02939	0.01538	0.01641	0.09073	0.06399	0.04239	0.01529	0.01774	0.03192	0.00708	0.00626	0.00204	0.00786	0.00569	0.00400	0.07145
6	0.04747	0.01257	0.06810	0.01025	0.01497	0.00985	0.00882	0.03589	0.08719	0.02277	0.07534	0.03030	0.19436	0.00929	0.00623	0.00169	0.00495	0.00760	0.00507	0.34729
7	0.01582	0.01514	0.02581	0.18294	0.58674	0.01574	0.02020	0.01990	0.01491	0.02096	0.01248	0.01686	0.01029	0.00612	0.00666	0.00204	0.00817	0.00598	0.00325	0.00999
8	0.09480	0.01023	0.01068	0.01004	0.01282	0.01086	0.00768	0.02089	0.27558	0.02443	0.14893	0.09649	0.22527	0.01271	0.00717	0.00226	0.00430	0.01067	0.00642	0.00778
9	0.01010	0.00757	0.01091	0.01014	0.01109	0.00798	0.05296	0.01145	0.01059	0.01462	0.01935	0.03506	0.02035	0.42390	0.31691	0.00795	0.01147	0.00859	0.00383	0.00518

[dist]
# distance from previous block
# <min> <max>
0	10

[block]
# block no. 2 follows, 32 sequences, length 45
# corresponding to MSA columns:
# 91-135
name=unknown_C
#
# <colnr> <probs for GDERKNQSTAVLIFYWHMCP>
#	G	D	E	R	K	N	Q	S	T	A	V	L	I	F	Y	W	H	M	C	P
0	0.01456	0.01318	0.02037	0.32161	0.25411	0.01476	0.01645	0.04250	0.10465	0.02048	0.01528	0.02117	0.01274	0.08893	0.00968	0.00262	0.00784	0.00659	0.00383	0.00865
1	0.01216	0.01137	0.01868	0.66772	0.04219	0.01391	0.01717	0.01633	0.01362	0.01725	0.01800	0.02295	0.08597	0.00782	0.00684	0.00224	0.00834	0.00685	0.00333	0.00726
2	0.00876	0.00649	0.00818	0.00938	0.01012	0.00624	0.00637	0.01110	0.05873	0.01780	0.03817	0.63841	0.09225	0.04239	0.00918	0.00278	0.00403	0.01767	0.00620	0.00576
3	0.00858	0.00735	0.00757	0.00714	0.00980	0.00602	0.00541	0.01042	0.01514	0.01853	0.06190	0.05908	0.64269	0.01569	0.00761	0.00213	0.00357	0.01306	0.00599	0.09232
4	0.01343	0.01138	0.01338	0.00978	0.01526	0.00866	0.00778	0.01644	0.01446	0.02241	0.08854	0.01784	0.01572	0.00592	0.00529	0.00111	0.00477	0.00486	0.00435	0.71862
5	0.02773	0.01081	0.01473	0.01166	0.01633	0.00938	0.00947	0.03017	0.01852	0.65004	0.02761	0.10272	0.01962	0.00968	0.00694	0.00215	0.00551	0.00808	0.00808	0.01077
6	0.01876	0.68700	0.03353	0.01191	0.01761	0.02593	0.01162	0.09378	0.01558	0.01866	0.01006	0.01134	0.00891	0.00599	0.00457	0.00150	0.00720	0.00385	0.00329	0.00891
7	0.00990	0.00756	0.01074	0.00958	0.01135	0.00703	0.05148	0.01285	0.01769	0.02481	0.57965	0.04773	0.07297	0.09461	0.01076	0.00260	0.00407	0.01165	0.00673	0.00625
8	0.00835	0.00591	0.00774	0.00912	0.00947	0.00556	0.00599	0.00939	0.01251	0.01668	0.03527	0.68222	0.04221	0.10157	0.01134	0.00313	0.00418	0.01807	0.00599	0.00530
9	0.01456	0.01187	0.01963	0.66828	0.04306	0.01436	0.01768	0.01883	0.01404	0.09408	0.01350	0.01843	0.00978	0.00688	0.00671	0.00222	0.00859	0.00605	0.00356	0.00788
10	0.01794	0.76823	0.03516	0.01148	0.01722	0.02655	0.01148	0.02009	0.01363	0.01579	0.00933	0.01076	0.00861	0.00574	0.00431	0.00144	0.00718	0.00359	0.00287	0.00861
11	0.00976	0.00651	0.00732	0.00732	0.00732	0.00651	0.00407	0.00976	0.00976	0.01301	0.02114	0.04391	0.02439	0.76419	0.03415	0.00651	0.00651	0.00976	0.00407	0.00407
12	0.01391	0.01193	0.01391	0.00994	0.01590	0.00894	0.00795	0.01690	0.01391	0.02186	0.01193	0.01391	0.00994	0.00497	0.00497	0.00099	0.00497	0.00398	0.00398	0.80521
13	0.72111	0.01516	0.01091	0.00980	0.01387	0.09813	0.00792	0.02054	0.01229	0.02853	0.00946	0.01104	0.00743	0.00631	0.00437	0.00204	0.00599	0.00371	0.00407	0.00733
14	0.01025	0.00740	0.01005	0.01124	0.01261	0.00731	0.00925	0.01338	0.03429	0.02060	0.12701	0.21339	0.04263	0.01815	0.00887	0.00286	0.00528	0.43289	0.00637	0.00617
15	0.01251	0.00625	0.00625	0.00625	0.00782	0.00625	0.00469	0.01563	0.01407	0.02502	0.02189	0.02502	0.01720	0.00782	0.00469	0.00156	0.00313	0.00625	0.80144	0.00625
16	0.00976	0.00651	0.00732	0.00732	0.00732	0.00651	0.00407	0.00976	0.00976	0.01301	0.02114	0.04391	0.02439	0.76419	0.03415	0.00651	0.00651	0.00976	0.00407	0.00407
17	0.03010	0.01142	0.01557	0.01194	0.01713	0.00986	0.00986	0.03270	0.01920	0.72698	0.02647	0.02284	0.01661	0.00830	0.00675	0.00208	0.00571	0.00675	0.00830	0.01142
18	0.02551	0.01879	0.02014	0.01544	0.02081	0.02081	0.01275	0.69996	0.03155	0.04229	0.01611	0.01611	0.01141	0.00805	0.00671	0.00201	0.00738	0.00604	0.00671	0.01141
19	0.01669	0.01441	0.01517	0.01365	0.01745	0.01669	0.01062	0.03565	0.71021	0.02807	0.02731	0.02503	0.02048	0.00910	0.00683	0.00228	0.00531	0.00759	0.00683	0.01062
20	0.01465	0.01414	0.02460	0.38254	0.34989	0.01551	0.06413	0.01898	0.01441	0.01958	0.01235	0.01733	0.00978	0.00631	0.00676	0.00213	0.00866	0.00610	0.00316	0.00899
21	0.01251	0.00625	0.00625	0.00625	0.00782	0.00625	0.00469	0.01563	0.01407	0.02502	0.02189	0.02502	0.01720	0.00782	0.00469	0.00156	0.00313	0.00625	0.80144	0.00625
22	0.02862	0.01205	0.01656	0.01425	0.06951	0.01081	0.01076	0.05151	0.03735	0.63631	0.02516	0.02224	0.01611	0.00815	0.00674	0.00207	0.00592	0.00669	0.00785	0.01134
23	0.01669	0.01441	0.01517	0.01365	0.01745	0.01669	0.01062	0.03565	0.71021	0.02807	0.02731	0.02503	0.02048	0.00910	0.00683	0.00228	0.00531	0.00759	0.00683	0.01062
24	0.00874	0.00682	0.00785	0.00760	0.00946	0.00601	0.00565	0.01108	0.01688	0.02215	0.37681	0.05700	0.38375	0.04001	0.00879	0.00233	0.00339	0.01305	0.00671	0.00593
25	0.01500	0.03355	0.64756	0.01869	0.02794	0.06883	0.02330	0.02213	0.01473	0.04978	0.01251	0.01437	0.00884	0.00649	0.00637	0.00209	0.00991	0.00498	0.00310	0.00982
26	0.01322	0.01126	0.01311	0.00962	0.01507	0.00856	0.00765	0.01612	0.01430	0.02187	0.05563	0.01969	0.06552	0.00635	0.00535	0.00115	0.00475	0.00519	0.00433	0.70125
27	0.61117	0.06419	0.01312	0.01089	0.03270	0.06950	0.00861	0.02168	0.07315	0.02776	0.01107	0.01236	0.00870	0.00649	0.00460	0.00202	0.00592	0.00409	0.00423	0.00777
28	0.01740	0.01851	0.07850	0.03287	0.45440	0.07415	0.08158	0.02177	0.03231	0.04998	0.01314	0.01652	0.01062	0.00664	0.00781	0.00208	0.06215	0.00601	0.00356	0.01000
29	0.02145	0.01643	0.01736	0.01435	0.01883	0.03838	0.01151	0.32882	0.32324	0.07761	0.02150	0.02062	0.01576	0.00988	0.03079	0.00241	0.00686	0.00674	0.00667	0.01079
30	0.01166	0.00583	0.00874	0.00874	0.00874	0.00583	0.00583	0.00874	0.00874	0.01166	0.01166	0.02040	0.01166	0.02331	0.02622	0.80478	0.00583	0.00583	0.00291	0.00291
31	0.01572	0.40481	0.37913	0.01527	0.02308	0.02112	0.01808	0.02067	0.01390	0.01849	0.01067	0.01245	0.00856	0.00605	0.00533	0.00178	0.00853	0.00427	0.00285	0.00926
32	0.00818	0.00584	0.00779	0.00934	0.00973	0.00545	0.00623	0.00934	0.01285	0.01713	0.03698	0.75981	0.04438	0.02102	0.00856	0.00273	0.00389	0.01908	0.00623	0.00545
33	0.02179	0.01483	0.01731	0.01549	0.06430	0.01607	0.01160	0.21434	0.29063	0.18420	0.02248	0.02185	0.01634	0.03005	0.00791	0.00228	0.02415	0.00690	0.00672	0.01075
34	0.01391	0.01193	0.01391	0.00994	0.01590	0.00894	0.00795	0.01690	0.01391	0.02186	0.01193	0.01391	0.00994	0.00497	0.00497	0.00099	0.00497	0.00398	0.00398	0.80521
35	0.00976	0.00651	0.00732	0.00732	0.00732	0.00651	0.00407	0.00976	0.00976	0.01301	0.02114	0.04391	0.02439	0.76419	0.03415	0.00651	0.00651	0.00976	0.00407	0.00407
36	0.01251	0.00625	0.00625	0.00625	0.00782	0.00625	0.00469	0.01563	0.01407	0.02502	0.02189	0.02502	0.01720	0.00782	0.00469	0.00156	0.00313	0.00625	0.80144	0.00625
37	0.81159	0.01298	0.00986	0.00882	0.01298	0.01505	0.00727	0.01972	0.01142	0.03010	0.00934	0.01090	0.00727	0.00623	0.00415	0.00208	0.00519	0.00363	0.00415	0.00727
38	0.01260	0.01174	0.01968	0.64625	0.08853	0.01428	0.01785	0.01680	0.01350	0.01746	0.01383	0.07279	0.01168	0.00772	0.00684	0.00226	0.00851	0.00694	0.00324	0.00752
39	0.02581	0.01831	0.01984	0.01521	0.02057	0.02009	0.01256	0.65614	0.03074	0.08725	0.01679	0.01655	0.01175	0.00807	0.00671	0.00202	0.00727	0.00609	0.00682	0.01141
40	0.01595	0.01376	0.01517	0.06790	0.01923	0.01594	0.01107	0.03281	0.61628	0.02668	0.02672	0.05027	0.02092	0.00958	0.00694	0.00231	0.00556	0.02631	0.00650	0.01009
41	0.01251	0.00625	0.00625	0.00625	0.00782	0.00625	0.00469	0.01563	0.01407	0.02502	0.02189	0.02502	0.01720	0.00782	0.00469	0.00156	0.00313	0.00625	0.80144	0.00625
42	0.01051	0.00759	0.01024	0.01060	0.05697	0.00703	0.00730	0.01363	0.01853	0.04792	0.61176	0.04793	0.09775	0.01324	0.00779	0.00211	0.00357	0.01168	0.00708	0.00673
43	0.01436	0.01404	0.07098	0.04097	0.13368	0.03249	0.09069	0.01835	0.03180	0.06009	0.13304	0.11030	0.02342	0.00906	0.00682	0.00193	0.00651	0.00828	0.00480	0.18839
44	0.13566	0.04031	0.07779	0.01368	0.01905	0.08010	0.01201	0.23934	0.02140	0.26900	0.01763	0.01699	0.01202	0.00757	0.00621	0.00201	0.00714	0.00563	0.00616	0.01030

[dist]
# distance from previous block
# <min> <max>
1	5

[block]
# block no. 3 follows, 32 sequences, length 11
# corresponding to MSA columns:
# 143-153
name=unknown_D
#
# <colnr> <probs for GDERKNQSTAVLIFYWHMCP>
#	G	D	E	R	K	N	Q	S	T	A	V	L	I	F	Y	W	H	M	C	P
0	0.49151	0.01409	0.03893	0.01038	0.01528	0.01417	0.00885	0.09291	0.01479	0.09182	0.01214	0.01316	0.00905	0.00640	0.00488	0.00189	0.00561	0.00428	0.00472	0.14517
1	0.01356	0.01258	0.02117	0.42204	0.18176	0.01416	0.06125	0.04262	0.01456	0.01937	0.01583	0.12104	0.01441	0.00853	0.00703	0.00225	0.00813	0.00793	0.00367	0.00809
2	0.00818	0.00584	0.00779	0.00934	0.00973	0.00545	0.00623	0.00934	0.01285	0.01713	0.03698	0.75981	0.04438	0.02102	0.00856	0.00273	0.00389	0.01908	0.00623	0.00545
3	0.00873	0.00615	0.00803	0.00932	0.00977	0.00587	0.00636	0.00990	0.01260	0.01675	0.03415	0.56558	0.04039	0.14622	0.01296	0.00340	0.00458	0.08808	0.00586	0.00529
4	0.01346	0.03471	0.72942	0.01912	0.02904	0.01558	0.02479	0.02125	0.01417	0.02125	0.01204	0.01417	0.00850	0.00637	0.00637	0.00212	0.00992	0.00496	0.00283	0.00992
5	0.00869	0.00622	0.00829	0.00933	0.01010	0.00583	0.00657	0.01048	0.01454	0.01975	0.20510	0.53696	0.04865	0.01905	0.00845	0.00260	0.00387	0.06330	0.00651	0.00572
6	0.00950	0.00686	0.00897	0.00844	0.01002	0.00633	0.00633	0.01266	0.01899	0.02691	0.71879	0.05012	0.06331	0.01372	0.00791	0.00211	0.00317	0.01213	0.00739	0.00633
7	0.01394	0.11338	0.65496	0.01830	0.02777	0.01676	0.02336	0.02113	0.01411	0.02066	0.01175	0.01380	0.00851	0.00631	0.00615	0.00205	0.00962	0.00481	0.00284	0.00978
8	0.01731	0.66592	0.13199	0.01255	0.01887	0.02502	0.01334	0.02025	0.01371	0.01655	0.00971	0.01124	0.00860	0.00583	0.00459	0.00153	0.00756	0.00378	0.00287	0.00879
9	0.01251	0.00625	0.00625	0.00625	0.00782	0.00625	0.00469	0.01563	0.01407	0.02502	0.02189	0.02502	0.01720	0.00782	0.00469	0.00156	0.00313	0.00625	0.80144	0.00625
10	0.70016	0.01283	0.01129	0.11193	0.01761	0.01503	0.00885	0.01936	0.01170	0.02830	0.00970	0.01187	0.00750	0.00630	0.00451	0.00210	0.00571	0.00396	0.00399	0.00729

[dist]
# distance from previous block
# <min> <max>
3	6

[block]
# block no. 4 follows, 32 sequences, length 8
# corresponding to MSA columns:
# 160-167
name=unknown_E
#
# <colnr> <probs for GDERKNQSTAVLIFYWHMCP>
#	G	D	E	R	K	N	Q	S	T	A	V	L	I	F	Y	W	H	M	C	P
0	0.02442	0.01455	0.09203	0.01265	0.01839	0.01129	0.01132	0.06000	0.06534	0.45096	0.02200	0.02021	0.01462	0.00757	0.00641	0.00191	0.00608	0.00610	0.00680	0.14737
1	0.02506	0.03198	0.01901	0.01729	0.02074	0.73725	0.01296	0.02679	0.01901	0.01642	0.01037	0.01210	0.00864	0.00691	0.00605	0.00173	0.01210	0.00432	0.00346	0.00778
2	0.01532	0.16845	0.05648	0.01103	0.01712	0.01353	0.00982	0.05359	0.01479	0.02166	0.01162	0.01340	0.00967	0.00536	0.00500	0.00120	0.00581	0.00406	0.00383	0.55827
3	0.01661	0.01594	0.02724	0.04119	0.72233	0.01594	0.02059	0.02059	0.01528	0.02192	0.01262	0.01661	0.01063	0.00598	0.00664	0.00199	0.00797	0.00598	0.00332	0.01063
4	0.01251	0.00625	0.00625	0.00625	0.00782	0.00625	0.00469	0.01563	0.01407	0.02502	0.02189	0.02502	0.01720	0.00782	0.00469	0.00156	0.00313	0.00625	0.80144	0.00625
5	0.01735	0.01736	0.02651	0.03908	0.66042	0.07960	0.01992	0.02114	0.01561	0.02144	0.01242	0.01621	0.01045	0.00606	0.00659	0.00197	0.00834	0.00583	0.00333	0.01038
6	0.00818	0.00584	0.00779	0.00934	0.00973	0.00545	0.00623	0.00934	0.01285	0.01713	0.03698	0.75981	0.04438	0.02102	0.00856	0.00273	0.00389	0.01908	0.00623	0.00545
7	0.02265	0.29964	0.02567	0.01410	0.01946	0.07542	0.01229	0.39676	0.02394	0.03050	0.01316	0.01382	0.01016	0.00711	0.00576	0.00178	0.00765	0.00500	0.00504	0.01010

[dist]
# distance from previous block
# <min> <max>
0	1

[block]
# block no. 5 follows, 32 sequences, length 35
# corresponding to MSA columns:
# 169-203
name=unknown_F
#
# <colnr> <probs for GDERKNQSTAVLIFYWHMCP>
#	G	D	E	R	K	N	Q	S	T	A	V	L	I	F	Y	W	H	M	C	P
0	0.01598	0.21889	0.45875	0.01614	0.02420	0.01748	0.01931	0.02161	0.01446	0.08626	0.01361	0.04093	0.01058	0.00692	0.00596	0.00197	0.00860	0.00528	0.00348	0.00956
1	0.01785	0.01553	0.02616	0.03850	0.65757	0.01538	0.01961	0.02170	0.01564	0.08667	0.01389	0.01718	0.01118	0.00619	0.00665	0.00200	0.00776	0.00605	0.00378	0.01070
2	0.01669	0.01441	0.01517	0.01365	0.01745	0.01669	0.01062	0.03565	0.71021	0.02807	0.02731	0.02503	0.02048	0.00910	0.00683	0.00228	0.00531	0.00759	0.00683	0.01062
3	0.02418	0.03030	0.01987	0.01978	0.09408	0.66186	0.01376	0.02615	0.01862	0.01700	0.01061	0.01257	0.00885	0.00682	0.00611	0.00176	0.01167	0.00449	0.00344	0.00808
4	0.01646	0.01580	0.02698	0.06687	0.69777	0.01591	0.02052	0.02047	0.01521	0.02175	0.01260	0.01665	0.01057	0.00600	0.00665	0.00200	0.00801	0.00598	0.00331	0.01051
5	0.01677	0.06142	0.01642	0.01352	0.01743	0.01730	0.01067	0.03468	0.66677	0.02730	0.02619	0.02414	0.01974	0.00889	0.00667	0.00222	0.00543	0.00734	0.00658	0.01050
6	0.02991	0.01173	0.01576	0.01209	0.01728	0.01032	0.00998	0.06083	0.01973	0.69811	0.02603	0.02255	0.01639	0.00829	0.00675	0.00207	0.00578	0.00672	0.00824	0.01142
7	0.01741	0.04200	0.01583	0.01109	0.01683	0.01165	0.00904	0.11903	0.03544	0.09300	0.01425	0.01527	0.01103	0.00588	0.00542	0.00130	0.00549	0.00463	0.00483	0.56058
8	0.00976	0.00651	0.00732	0.00732	0.00732	0.00651	0.00407	0.00976	0.00976	0.01301	0.02114	0.04391	0.02439	0.76419	0.03415	0.00651	0.00651	0.00976	0.00407	0.00407
9	0.01391	0.01193	0.01391	0.00994	0.01590	0.00894	0.00795	0.01690	0.01391	0.02186	0.01193	0.01391	0.00994	0.00497	0.00497	0.00099	0.00497	0.00398	0.00398	0.80521
10	0.10235	0.34806	0.06593	0.01189	0.01619	0.01800	0.02895	0.01814	0.01292	0.05214	0.01395	0.05311	0.01284	0.03940	0.15850	0.00380	0.02668	0.00570	0.00364	0.00782
11	0.01251	0.00625	0.00625	0.00625	0.00782	0.00625	0.00469	0.01563	0.01407	0.02502	0.02189	0.02502	0.01720	0.00782	0.00469	0.00156	0.00313	0.00625	0.80144	0.00625
12	0.01251	0.00625	0.00625	0.00625	0.00782	0.00625	0.00469	0.01563	0.01407	0.02502	0.02189	0.02502	0.01720	0.00782	0.00469	0.00156	0.00313	0.00625	0.80144	0.00625
13	0.01391	0.01193	0.01391	0.00994	0.01590	0.00894	0.00795	0.01690	0.01391	0.02186	0.01193	0.01391	0.00994	0.00497	0.00497	0.00099	0.00497	0.00398	0.00398	0.80521
14	0.01119	0.01026	0.03525	0.01353	0.11400	0.00931	0.00908	0.03432	0.09748	0.02239	0.18445	0.04712	0.35944	0.01322	0.00753	0.00218	0.00456	0.01128	0.00602	0.00739
15	0.00964	0.00652	0.00729	0.00729	0.00743	0.00645	0.00413	0.00975	0.01010	0.01333	0.02406	0.04520	0.06775	0.71759	0.03252	0.00624	0.00631	0.01003	0.00420	0.00417
16	0.01566	0.15124	0.29718	0.01590	0.04190	0.01722	0.01635	0.02571	0.24569	0.04268	0.05198	0.01928	0.01550	0.00758	0.00626	0.00205	0.00741	0.00603	0.00456	0.00981
17	0.01251	0.00625	0.00625	0.00625	0.00782	0.00625	0.00469	0.01563	0.01407	0.02502	0.02189	0.02502	0.01720	0.00782	0.00469	0.00156	0.00313	0.00625	0.80144	0.00625
18	0.01366	0.06826	0.69766	0.01877	0.02850	0.01608	0.02418	0.02120	0.01414	0.02100	0.01192	0.01401	0.00850	0.00635	0.00628	0.00209	0.00979	0.00490	0.00283	0.00986
19	0.04527	0.14265	0.14403	0.01466	0.07883	0.01397	0.01276	0.02041	0.01454	0.10120	0.01313	0.01457	0.01019	0.00586	0.00542	0.00151	0.00655	0.00456	0.00403	0.34586
20	0.81159	0.01298	0.00986	0.00882	0.01298	0.01505	0.00727	0.01972	0.01142	0.03010	0.00934	0.01090	0.00727	0.00623	0.00415	0.00208	0.00519	0.00363	0.00415	0.00727
21	0.01855	0.00887	0.01180	0.00992	0.01313	0.00787	0.00784	0.02140	0.01894	0.33600	0.38779	0.03862	0.06788	0.01145	0.00740	0.00210	0.00430	0.00983	0.00775	0.00855
22	0.01661	0.01594	0.02724	0.04119	0.72233	0.01594	0.02059	0.02059	0.01528	0.02192	0.01262	0.01661	0.01063	0.00598	0.00664	0.00199	0.00797	0.00598	0.00332	0.01063
23	0.00818	0.00584	0.00779	0.00934	0.00973	0.00545	0.00623	0.00934	0.01285	0.01713	0.03698	0.75981	0.04438	0.02102	0.00856	0.00273	0.00389	0.01908	0.00623	0.00545
24	0.01346	0.03471	0.72942	0.01912	0.02904	0.01558	0.02479	0.02125	0.01417	0.02125	0.01204	0.01417	0.00850	0.00637	0.00637	0.00212	0.00992	0.00496	0.00283	0.00992
25	0.00959	0.00719	0.01078	0.01078	0.01198	0.00839	0.00839	0.01198	0.01078	0.01558	0.01797	0.02636	0.01677	0.05032	0.73760	0.01078	0.01797	0.00719	0.00359	0.00599
26	0.01391	0.01193	0.01391	0.00994	0.01590	0.00894	0.00795	0.01690	0.01391	0.02186	0.01193	0.01391	0.00994	0.00497	0.00497	0.00099	0.00497	0.00398	0.00398	0.80521
27	0.01375	0.08202	0.68464	0.01863	0.02828	0.01629	0.02393	0.02117	0.01413	0.02090	0.01187	0.01395	0.00851	0.00633	0.00624	0.00208	0.00974	0.00487	0.00284	0.00983
28	0.00911	0.00684	0.00764	0.00768	0.00965	0.00590	0.00566	0.01098	0.01559	0.04829	0.15748	0.17657	0.48112	0.01682	0.00799	0.00231	0.00354	0.01438	0.00649	0.00596
29	0.07714	0.01349	0.03761	0.01503	0.11614	0.01154	0.01056	0.04401	0.06732	0.04290	0.04248	0.01671	0.01300	0.00612	0.00556	0.00146	0.00562	0.00502	0.00443	0.46388
30	0.04669	0.01570	0.07575	0.01815	0.13918	0.01491	0.01308	0.02953	0.36281	0.12189	0.02164	0.02107	0.01603	0.00783	0.00652	0.00209	0.00617	0.00657	0.00579	0.06860
31	0.01625	0.04894	0.13916	0.01177	0.01678	0.01052	0.01104	0.04022	0.01617	0.17394	0.10384	0.11701	0.06748	0.00987	0.00661	0.00191	0.00573	0.00829	0.00557	0.18892
32	0.01840	0.06356	0.10804	0.01385	0.05328	0.04555	0.01185	0.05101	0.04449	0.15473	0.01528	0.01602	0.01139	0.00626	0.00572	0.00155	0.00647	0.00495	0.00475	0.36284
33	0.01893	0.07282	0.07380	0.04928	0.04800	0.01216	0.01130	0.05074	0.01606	0.20462	0.01571	0.01640	0.01149	0.00626	0.00572	0.00154	0.00615	0.00501	0.00496	0.36906
34	0.01843	0.03621	0.09202	0.01741	0.13913	0.04830	0.01285	0.06028	0.04620	0.15034	0.05566	0.01850	0.01458	0.00685	0.00610	0.00170	0.00659	0.00566	0.00494	0.25825

[dist]
# distance from previous block
# <min> <max>
0	21

# created by:
# /home/cegg/simao/soft/augustus-3.2.1/scripts/msa2prfl.pl ./align_prep/EOG090W0JIL.fa
