[name]
unknown

[dist]
# distance from previous block
# <min> <max>
2	165

[block]
# block no. 0 follows, 29 sequences, length 42
# corresponding to MSA columns:
# 188-229
name=unknown_A
#
# <colnr> <probs for GDERKNQSTAVLIFYWHMCP>
#	G	D	E	R	K	N	Q	S	T	A	V	L	I	F	Y	W	H	M	C	P
0	0.00868	0.00620	0.00826	0.00991	0.01033	0.00578	0.00661	0.00991	0.01363	0.01818	0.03925	0.74510	0.04710	0.02231	0.00909	0.00289	0.00413	0.02024	0.00661	0.00578
1	0.01390	0.00864	0.01110	0.00990	0.01232	0.00812	0.00761	0.04009	0.04283	0.12213	0.56402	0.04712	0.05704	0.01341	0.00815	0.00224	0.00396	0.01172	0.00793	0.00779
2	0.02364	0.01223	0.01440	0.01161	0.01577	0.01213	0.00940	0.19786	0.02221	0.28669	0.07174	0.02510	0.01989	0.00900	0.00660	0.00203	0.00553	0.00722	0.23682	0.01013
3	0.02504	0.01995	0.01972	0.01576	0.02080	0.08976	0.01276	0.49784	0.11188	0.03920	0.01832	0.01841	0.01337	0.00855	0.00694	0.00211	0.00779	0.00645	0.05406	0.01129
4	0.01799	0.01485	0.01758	0.01309	0.01909	0.03943	0.05009	0.09737	0.06315	0.06714	0.01523	0.01659	0.01187	0.00628	0.00597	0.00145	0.00634	0.00517	0.00497	0.52635
5	0.07381	0.06773	0.10596	0.01645	0.05868	0.10973	0.01385	0.18265	0.03796	0.16752	0.07996	0.02057	0.01722	0.00839	0.00677	0.00210	0.00788	0.00647	0.00592	0.01036
6	0.01008	0.00728	0.00952	0.00896	0.01064	0.00672	0.00672	0.01344	0.02016	0.02855	0.70158	0.05319	0.06719	0.01456	0.00840	0.00224	0.00336	0.01288	0.00784	0.00672
7	0.01847	0.22541	0.02880	0.10812	0.33754	0.06105	0.01742	0.05842	0.01666	0.02183	0.01270	0.01600	0.01062	0.00660	0.00626	0.00195	0.00840	0.00554	0.02821	0.01002
8	0.01607	0.01604	0.04669	0.13080	0.36044	0.03888	0.01805	0.02097	0.05570	0.02162	0.01448	0.01895	0.01208	0.01223	0.08776	0.00319	0.05036	0.00634	0.00374	0.06562
9	0.04242	0.33560	0.19634	0.01569	0.02183	0.17657	0.01587	0.02271	0.01577	0.01915	0.03167	0.01411	0.01084	0.00714	0.00664	0.00190	0.04855	0.00474	0.00336	0.00909
10	0.01906	0.68622	0.07445	0.01287	0.01912	0.05417	0.01303	0.02166	0.01472	0.01710	0.01010	0.01168	0.00913	0.00618	0.00476	0.00158	0.00798	0.00392	0.00307	0.00918
11	0.01061	0.00725	0.00884	0.00937	0.00985	0.00723	0.00644	0.01159	0.01220	0.01611	0.02740	0.08154	0.03096	0.51509	0.02772	0.00572	0.00670	0.19532	0.00504	0.00501
12	0.01685	0.01620	0.02633	0.19333	0.52016	0.03767	0.02066	0.02109	0.01586	0.02207	0.01345	0.01804	0.01102	0.00660	0.00699	0.00215	0.00867	0.00630	0.02625	0.01031
13	0.05124	0.02578	0.05776	0.06320	0.06266	0.37436	0.09150	0.04382	0.01812	0.02018	0.01610	0.01856	0.05891	0.00821	0.00800	0.00212	0.06086	0.00615	0.00389	0.00858
14	0.02110	0.01698	0.01801	0.01518	0.01981	0.01930	0.01209	0.27111	0.45368	0.03525	0.02467	0.02313	0.01825	0.00926	0.00720	0.00231	0.00643	0.00746	0.00720	0.01157
15	0.00868	0.00620	0.00826	0.00991	0.01033	0.00578	0.00661	0.00991	0.01363	0.01818	0.03925	0.74510	0.04710	0.02231	0.00909	0.00289	0.00413	0.02024	0.00661	0.00578
16	0.01340	0.01869	0.23885	0.01519	0.02032	0.01196	0.06828	0.05763	0.04220	0.04306	0.03072	0.22317	0.11884	0.03463	0.00875	0.00262	0.00725	0.03079	0.00526	0.00842
17	0.01793	0.23975	0.18143	0.02281	0.14978	0.04416	0.11607	0.02403	0.07648	0.04205	0.01413	0.01630	0.01114	0.00672	0.00645	0.00203	0.00901	0.00578	0.00378	0.01015
18	0.03176	0.01243	0.01672	0.01282	0.01833	0.01092	0.01059	0.06024	0.02090	0.68400	0.02766	0.02395	0.01741	0.00880	0.00716	0.00220	0.00613	0.00713	0.00875	0.01212
19	0.00980	0.00731	0.00936	0.01058	0.01202	0.00687	0.00836	0.01205	0.01547	0.01978	0.04705	0.28911	0.21304	0.02009	0.00923	0.00293	0.00503	0.28919	0.00659	0.00617
20	0.01730	0.01675	0.02891	0.08583	0.59200	0.01695	0.06819	0.02224	0.03949	0.02313	0.01396	0.01813	0.01149	0.00648	0.00716	0.00216	0.00868	0.00655	0.00364	0.01094
21	0.04544	0.21763	0.15755	0.01836	0.09270	0.08205	0.01594	0.13769	0.01906	0.08874	0.03006	0.01617	0.01197	0.00744	0.00674	0.00201	0.03024	0.00547	0.00454	0.01020
22	0.02328	0.02462	0.06540	0.01994	0.07793	0.30436	0.05482	0.07603	0.10824	0.10380	0.01624	0.01739	0.01231	0.00804	0.00795	0.00214	0.05677	0.00600	0.00490	0.00983
23	0.80005	0.01377	0.01047	0.00936	0.01377	0.01597	0.00771	0.02093	0.01212	0.03195	0.00991	0.01157	0.00771	0.00661	0.00441	0.00220	0.00551	0.00386	0.00441	0.00771
24	0.00896	0.00640	0.00857	0.01010	0.01067	0.00601	0.00697	0.01047	0.01420	0.01899	0.07619	0.65753	0.04777	0.02168	0.00910	0.00288	0.00427	0.06666	0.00667	0.00589
25	0.01491	0.13205	0.62317	0.01922	0.02915	0.01808	0.02443	0.02239	0.01496	0.02178	0.01240	0.01455	0.00904	0.00668	0.00647	0.00216	0.01014	0.00507	0.00301	0.01034
26	0.01800	0.01421	0.01512	0.01340	0.01733	0.01592	0.01048	0.07974	0.50896	0.06473	0.03164	0.02956	0.08209	0.01021	0.00720	0.00234	0.00549	0.00843	0.05451	0.01062
27	0.05514	0.03296	0.58057	0.02222	0.08517	0.01663	0.06446	0.02243	0.01509	0.02311	0.01278	0.01532	0.00924	0.00668	0.00677	0.00225	0.01019	0.00547	0.00316	0.01038
28	0.00855	0.00670	0.00774	0.00857	0.00997	0.00590	0.00601	0.01007	0.01493	0.01871	0.05567	0.40726	0.37434	0.02017	0.00875	0.00265	0.00387	0.01764	0.00661	0.00590
29	0.01374	0.01296	0.02189	0.68357	0.09578	0.01590	0.01992	0.01845	0.01438	0.01855	0.01271	0.01889	0.00962	0.00706	0.00711	0.00235	0.00942	0.00633	0.00319	0.00815
30	0.02660	0.03394	0.02018	0.01834	0.02201	0.72116	0.01376	0.02843	0.02018	0.01743	0.01101	0.01284	0.00917	0.00734	0.00642	0.00183	0.01284	0.00459	0.00367	0.00825
31	0.01664	0.01511	0.01446	0.01316	0.01657	0.09308	0.01017	0.07418	0.35316	0.02700	0.09793	0.06301	0.13329	0.01189	0.00759	0.00236	0.00603	0.02825	0.00675	0.00938
32	0.00965	0.00726	0.00892	0.00851	0.01037	0.00654	0.00638	0.01261	0.01914	0.02614	0.53877	0.05716	0.23149	0.01546	0.00840	0.00228	0.00342	0.01343	0.00752	0.00654
33	0.01029	0.00716	0.00909	0.00909	0.00954	0.00762	0.00596	0.01120	0.01075	0.01478	0.02123	0.03991	0.02298	0.49977	0.28225	0.00853	0.01127	0.00938	0.00414	0.00505
34	0.01653	0.01736	0.02364	0.07063	0.02299	0.08311	0.08162	0.01878	0.01255	0.01780	0.01023	0.01594	0.00949	0.01099	0.01922	0.00288	0.54870	0.00631	0.00322	0.00802
35	0.01118	0.00619	0.00895	0.00948	0.00961	0.00606	0.00632	0.00948	0.01068	0.01424	0.02101	0.25427	0.02354	0.02396	0.02180	0.53882	0.00552	0.01070	0.00422	0.00396
36	0.01307	0.00849	0.01096	0.01082	0.03587	0.00783	0.00790	0.03477	0.01899	0.10627	0.37951	0.11372	0.16106	0.01497	0.00831	0.00237	0.00426	0.04598	0.00740	0.00746
37	0.01396	0.01318	0.02228	0.64813	0.12955	0.01596	0.02003	0.01864	0.01448	0.01882	0.01275	0.01882	0.00971	0.00702	0.00711	0.00234	0.00937	0.00633	0.00321	0.00832
38	0.02431	0.02029	0.01924	0.01584	0.02056	0.13514	0.01263	0.39142	0.15201	0.05892	0.02002	0.06239	0.01572	0.00940	0.00715	0.00219	0.00797	0.00728	0.00660	0.01094
39	0.01767	0.01734	0.02815	0.20309	0.12887	0.04560	0.20705	0.10634	0.04214	0.02392	0.01396	0.01824	0.01087	0.00761	0.00940	0.00238	0.09689	0.00692	0.00401	0.00953
40	0.12682	0.03203	0.01731	0.04041	0.18638	0.08404	0.01240	0.05467	0.05797	0.02423	0.06276	0.16125	0.06576	0.01108	0.00708	0.00226	0.00675	0.00940	0.00512	0.03229
41	0.01907	0.01601	0.02258	0.04894	0.29292	0.04374	0.04134	0.16095	0.01976	0.06807	0.03969	0.06743	0.04099	0.01154	0.04785	0.00275	0.03329	0.00788	0.00505	0.01015

[dist]
# distance from previous block
# <min> <max>
2	20

[block]
# block no. 1 follows, 29 sequences, length 33
# corresponding to MSA columns:
# 250-282
name=unknown_B
#
# <colnr> <probs for GDERKNQSTAVLIFYWHMCP>
#	G	D	E	R	K	N	Q	S	T	A	V	L	I	F	Y	W	H	M	C	P
0	0.02063	0.03626	0.08548	0.03975	0.07881	0.10590	0.02941	0.20812	0.04309	0.09321	0.07860	0.10812	0.02100	0.01011	0.00732	0.00222	0.00786	0.00839	0.00585	0.00988
1	0.01767	0.36471	0.10563	0.01302	0.01888	0.02017	0.01265	0.02363	0.12027	0.05892	0.07935	0.01916	0.01713	0.00757	0.00581	0.00180	0.00690	0.00571	0.00458	0.09642
2	0.01678	0.20236	0.02107	0.01194	0.01741	0.04921	0.01016	0.01951	0.01473	0.04231	0.01250	0.01485	0.01065	0.00859	0.04305	0.00190	0.05045	0.00452	0.00395	0.44406
3	0.00995	0.08917	0.01159	0.01021	0.01139	0.00839	0.00741	0.01142	0.01396	0.01821	0.03722	0.60517	0.06845	0.02022	0.00860	0.00274	0.00461	0.04886	0.00621	0.00620
4	0.13035	0.01575	0.01556	0.01318	0.01750	0.09290	0.01044	0.10889	0.15913	0.18113	0.06088	0.05448	0.01926	0.01067	0.03010	0.00246	0.00701	0.00727	0.00650	0.05655
5	0.01165	0.00847	0.01161	0.01122	0.01272	0.00962	0.00859	0.06504	0.01320	0.01887	0.01947	0.02912	0.01827	0.12513	0.55952	0.00980	0.01618	0.00779	0.03714	0.00659
6	0.00886	0.00628	0.00821	0.00968	0.01004	0.00591	0.00636	0.00996	0.01327	0.01769	0.03738	0.66773	0.04475	0.10289	0.01210	0.00334	0.00444	0.01915	0.00636	0.00562
7	0.01654	0.01501	0.02398	0.40739	0.27349	0.01696	0.01974	0.09933	0.01724	0.02316	0.01345	0.01828	0.01043	0.00702	0.00710	0.00226	0.00893	0.00634	0.00377	0.00958
8	0.01587	0.01512	0.02573	0.33366	0.42911	0.01646	0.02098	0.02031	0.01538	0.02113	0.01308	0.01820	0.01053	0.00667	0.00708	0.00222	0.00889	0.00634	0.00337	0.00986
9	0.02907	0.01219	0.01592	0.01248	0.01755	0.01109	0.01021	0.06318	0.06100	0.57648	0.04849	0.02509	0.01921	0.00900	0.00707	0.00218	0.00587	0.00733	0.05501	0.01157
10	0.25721	0.01731	0.02874	0.02128	0.02737	0.01753	0.36372	0.10210	0.01755	0.06016	0.01400	0.01686	0.01034	0.00662	0.00697	0.00230	0.00925	0.00672	0.00451	0.00945
11	0.01314	0.00806	0.00954	0.00882	0.01148	0.00698	0.00673	0.01545	0.01774	0.14805	0.21089	0.10475	0.37989	0.01582	0.00823	0.00236	0.00403	0.01345	0.00731	0.00728
12	0.01643	0.01838	0.03579	0.02645	0.03209	0.05118	0.51538	0.02133	0.01604	0.02152	0.01584	0.08164	0.01372	0.00820	0.01003	0.00250	0.09164	0.00901	0.00381	0.00901
13	0.01237	0.00618	0.00928	0.00928	0.00928	0.00618	0.00618	0.00928	0.00928	0.01237	0.01237	0.02165	0.01237	0.02474	0.02783	0.79283	0.00618	0.00618	0.00309	0.00309
14	0.01613	0.31538	0.45049	0.01715	0.02595	0.02106	0.02082	0.02207	0.01481	0.02030	0.01166	0.01363	0.00907	0.00650	0.00591	0.00197	0.00939	0.00470	0.00302	0.00999
15	0.01509	0.01434	0.02433	0.46087	0.30794	0.01625	0.02060	0.01964	0.01502	0.02019	0.01295	0.01845	0.01020	0.00681	0.00709	0.00227	0.00908	0.00633	0.00331	0.00924
16	0.01345	0.01266	0.02136	0.73264	0.04904	0.01582	0.01978	0.01819	0.01424	0.01819	0.01266	0.01898	0.00949	0.00712	0.00712	0.00237	0.00949	0.00633	0.00316	0.00791
17	0.00900	0.00724	0.00802	0.00783	0.00998	0.00626	0.00587	0.01135	0.01761	0.02251	0.29299	0.06315	0.47955	0.01681	0.00841	0.00235	0.00352	0.01427	0.00704	0.00626
18	0.01514	0.01548	0.02680	0.27208	0.03406	0.01874	0.18611	0.01895	0.01358	0.01895	0.01180	0.01770	0.00977	0.00894	0.01386	0.00267	0.29701	0.00682	0.00326	0.00829
19	0.01762	0.01692	0.02890	0.04371	0.70533	0.01692	0.02185	0.02185	0.01621	0.02326	0.01339	0.01762	0.01128	0.00634	0.00705	0.00211	0.00846	0.00634	0.00352	0.01128
20	0.02707	0.01995	0.02137	0.01638	0.02208	0.02208	0.01353	0.68159	0.03348	0.04488	0.01710	0.01710	0.01211	0.00855	0.00712	0.00214	0.00784	0.00641	0.00712	0.01211
21	0.00868	0.00620	0.00826	0.00991	0.01033	0.00578	0.00661	0.00991	0.01363	0.01818	0.03925	0.74510	0.04710	0.02231	0.00909	0.00289	0.00413	0.02024	0.00661	0.00578
22	0.02596	0.03287	0.02027	0.01836	0.02182	0.68056	0.01386	0.02778	0.01964	0.01741	0.01091	0.01300	0.00918	0.00764	0.00740	0.00191	0.05487	0.00468	0.00364	0.00823
23	0.02681	0.01806	0.01992	0.01553	0.02100	0.01958	0.01274	0.49563	0.10807	0.15719	0.02037	0.01942	0.01418	0.00872	0.00714	0.00218	0.00727	0.00673	0.00743	0.01201
24	0.01217	0.00898	0.01199	0.01327	0.01517	0.00925	0.01145	0.01731	0.09125	0.02225	0.03674	0.07437	0.03885	0.01856	0.00955	0.00318	0.00645	0.58551	0.00663	0.00708
25	0.01485	0.00710	0.00747	0.00715	0.00913	0.00696	0.00544	0.01812	0.01539	0.08428	0.02364	0.02635	0.01820	0.00834	0.00516	0.00171	0.00355	0.00668	0.72338	0.00710
26	0.07338	0.01990	0.01857	0.01504	0.02003	0.16570	0.01209	0.29017	0.04594	0.21488	0.02042	0.01969	0.03468	0.00858	0.00687	0.00211	0.00808	0.00640	0.00667	0.01082
27	0.01485	0.12318	0.63153	0.01932	0.02931	0.01794	0.02461	0.02240	0.01497	0.02185	0.01243	0.01460	0.00903	0.00668	0.00650	0.00217	0.01017	0.00509	0.00301	0.01036
28	0.00982	0.00711	0.00904	0.01020	0.01103	0.00682	0.00699	0.05214	0.01500	0.01990	0.03933	0.66891	0.07438	0.02125	0.00893	0.00282	0.00434	0.01914	0.00664	0.00619
29	0.16833	0.02319	0.10518	0.02665	0.28725	0.19626	0.01726	0.05407	0.01711	0.02434	0.01222	0.01492	0.00983	0.00680	0.00636	0.00208	0.00924	0.00530	0.00383	0.00978
30	0.01257	0.00908	0.01080	0.01015	0.01265	0.00889	0.00788	0.01855	0.13929	0.06896	0.34506	0.05226	0.19278	0.01451	0.00824	0.00239	0.00426	0.06656	0.00742	0.00770
31	0.01948	0.05100	0.01942	0.01420	0.01944	0.05082	0.05273	0.13125	0.05808	0.09695	0.01601	0.01766	0.01242	0.00985	0.04878	0.00231	0.05101	0.00569	0.00514	0.31777
32	0.01073	0.00706	0.00924	0.01032	0.01123	0.00668	0.00710	0.03690	0.01478	0.05938	0.03776	0.67556	0.04405	0.02100	0.00890	0.00282	0.00438	0.01896	0.00676	0.00639

[dist]
# distance from previous block
# <min> <max>
0	1

[block]
# block no. 2 follows, 29 sequences, length 52
# corresponding to MSA columns:
# 284-306,326-354
name=unknown_C
#
# <colnr> <probs for GDERKNQSTAVLIFYWHMCP>
#	G	D	E	R	K	N	Q	S	T	A	V	L	I	F	Y	W	H	M	C	P
0	0.29515	0.01345	0.01492	0.01190	0.01704	0.01349	0.00982	0.09291	0.01882	0.41268	0.02078	0.01919	0.01369	0.00803	0.00621	0.00220	0.00604	0.00595	0.00714	0.01060
1	0.01595	0.01658	0.03230	0.25467	0.20426	0.01705	0.31093	0.02112	0.01585	0.02147	0.01361	0.01875	0.01051	0.00644	0.00767	0.00232	0.01035	0.00725	0.00344	0.00948
2	0.01125	0.00843	0.01010	0.00957	0.01231	0.00718	0.00732	0.01356	0.01592	0.04879	0.10887	0.20714	0.24718	0.01581	0.00802	0.00231	0.00448	0.08568	0.00632	0.16978
3	0.01345	0.01266	0.02136	0.73264	0.04904	0.01582	0.01978	0.01819	0.01424	0.01819	0.01266	0.01898	0.00949	0.00712	0.00712	0.00237	0.00949	0.00633	0.00316	0.00791
4	0.01711	0.01325	0.01631	0.01446	0.06717	0.01252	0.03294	0.09813	0.12619	0.07949	0.02559	0.02757	0.10365	0.06927	0.00913	0.00226	0.00607	0.00751	0.00565	0.26573
5	0.02042	0.01992	0.07103	0.04517	0.02297	0.13338	0.08823	0.16909	0.12166	0.07084	0.07097	0.05836	0.01885	0.00906	0.00725	0.00217	0.00830	0.00763	0.00570	0.04900
6	0.02398	0.05426	0.08290	0.01631	0.02192	0.08119	0.06205	0.18646	0.12957	0.20928	0.02115	0.02208	0.01536	0.00863	0.00713	0.00221	0.00796	0.03017	0.00643	0.01096
7	0.01753	0.52631	0.25181	0.01476	0.02226	0.02448	0.01667	0.02171	0.01465	0.01859	0.01081	0.01257	0.00910	0.00631	0.00527	0.00176	0.00854	0.00427	0.00303	0.00958
8	0.01460	0.01418	0.02508	0.52611	0.16892	0.01627	0.09459	0.01939	0.01489	0.01965	0.01299	0.01876	0.00997	0.00685	0.00725	0.00233	0.00958	0.00657	0.00328	0.00872
9	0.01578	0.24288	0.48450	0.01844	0.02752	0.01997	0.05481	0.02221	0.01496	0.02089	0.01203	0.01420	0.00914	0.00653	0.00621	0.00205	0.00976	0.00500	0.00305	0.01008
10	0.01509	0.15884	0.59793	0.01892	0.02869	0.01852	0.02391	0.02234	0.01494	0.02156	0.01229	0.01442	0.00904	0.00665	0.00639	0.00213	0.01003	0.00501	0.00301	0.01029
11	0.00904	0.00667	0.00822	0.00930	0.01022	0.00616	0.00645	0.01043	0.01405	0.01815	0.04459	0.45432	0.19313	0.10803	0.01224	0.00329	0.00454	0.06910	0.00633	0.00572
12	0.02198	0.03852	0.01618	0.01313	0.01693	0.03915	0.01061	0.14541	0.04495	0.25991	0.07032	0.13090	0.04959	0.01227	0.00845	0.00240	0.04262	0.05979	0.00715	0.00974
13	0.02020	0.15118	0.30495	0.01700	0.02436	0.09856	0.01808	0.11911	0.06927	0.08893	0.01535	0.01619	0.01125	0.00738	0.00648	0.00207	0.00913	0.00549	0.00453	0.01046
14	0.01762	0.01692	0.02890	0.04371	0.70533	0.01692	0.02185	0.02185	0.01621	0.02326	0.01339	0.01762	0.01128	0.00634	0.00705	0.00211	0.00846	0.00634	0.00352	0.01128
15	0.01237	0.00618	0.00928	0.00928	0.00928	0.00618	0.00618	0.00928	0.00928	0.01237	0.01237	0.02165	0.01237	0.02474	0.02783	0.79283	0.00618	0.00618	0.00309	0.00309
16	0.05475	0.15292	0.04725	0.01638	0.02070	0.41686	0.01338	0.02753	0.09385	0.04384	0.01339	0.01468	0.01082	0.00759	0.00683	0.00194	0.03924	0.00499	0.00413	0.00892
17	0.01428	0.03683	0.71286	0.02030	0.03082	0.01654	0.02631	0.02255	0.01503	0.02255	0.01278	0.01503	0.00902	0.00677	0.00677	0.00226	0.01052	0.00526	0.00301	0.01052
18	0.00882	0.00630	0.00843	0.01008	0.01055	0.00591	0.00686	0.01016	0.01377	0.01834	0.03917	0.71104	0.04678	0.02217	0.00913	0.00291	0.00426	0.05289	0.00661	0.00582
19	0.02707	0.01995	0.02137	0.01638	0.02208	0.02208	0.01353	0.68159	0.03348	0.04488	0.01710	0.01710	0.01211	0.00855	0.00712	0.00214	0.00784	0.00641	0.00712	0.01211
20	0.02092	0.02280	0.01727	0.01567	0.01930	0.32939	0.01193	0.03128	0.32817	0.02417	0.08642	0.02305	0.02057	0.00910	0.00699	0.00214	0.00862	0.00698	0.00571	0.00949
21	0.01037	0.00749	0.01075	0.01075	0.01190	0.00854	0.00815	0.01267	0.01152	0.01680	0.01969	0.03000	0.01874	0.12961	0.60250	0.01036	0.01678	0.00788	0.04933	0.00614
22	0.01993	0.34235	0.08572	0.01667	0.02251	0.14192	0.10394	0.07556	0.06585	0.02122	0.01322	0.01554	0.01097	0.02785	0.00687	0.00202	0.00919	0.00537	0.00388	0.00941
23	0.00920	0.00720	0.00832	0.00852	0.01037	0.00639	0.00640	0.01141	0.01674	0.02144	0.21919	0.14148	0.38826	0.04104	0.00950	0.00264	0.00398	0.07492	0.00684	0.00616
24	0.01904	0.75404	0.03731	0.01218	0.01828	0.02818	0.01218	0.02132	0.01447	0.01675	0.00990	0.01142	0.00914	0.00609	0.00457	0.00152	0.00761	0.00381	0.00305	0.00914
25	0.00872	0.00637	0.00821	0.00956	0.01026	0.00586	0.00648	0.01013	0.01426	0.01883	0.07688	0.63379	0.12161	0.02143	0.00898	0.00280	0.00403	0.01928	0.00667	0.00586
26	0.02631	0.01792	0.02020	0.01580	0.02088	0.01975	0.01301	0.47095	0.07685	0.15564	0.01921	0.01888	0.01353	0.00899	0.00844	0.00225	0.06595	0.00664	0.00710	0.01170
27	0.01966	0.02220	0.02925	0.04642	0.19416	0.22892	0.24134	0.02362	0.01725	0.02107	0.01323	0.01704	0.01064	0.00692	0.00801	0.00216	0.04532	0.00652	0.03692	0.00935
28	0.01018	0.00760	0.01130	0.01130	0.01252	0.00882	0.00872	0.01262	0.01140	0.01642	0.01921	0.02871	0.01812	0.08096	0.69441	0.01126	0.01859	0.00774	0.00383	0.00628
29	0.01345	0.01266	0.02136	0.73264	0.04904	0.01582	0.01978	0.01819	0.01424	0.01819	0.01266	0.01898	0.00949	0.00712	0.00712	0.00237	0.00949	0.00633	0.00316	0.00791
30	0.01477	0.01266	0.01477	0.01055	0.01687	0.00949	0.00844	0.01793	0.01477	0.02320	0.01266	0.01477	0.01055	0.00527	0.00527	0.00105	0.00527	0.00422	0.00422	0.79328
31	0.00968	0.00698	0.00917	0.00923	0.01055	0.00646	0.00669	0.01245	0.01833	0.02564	0.51570	0.24737	0.06155	0.01673	0.00859	0.00242	0.00358	0.01494	0.00749	0.00646
32	0.01017	0.00763	0.01144	0.01144	0.01272	0.00890	0.00890	0.01272	0.01144	0.01653	0.01907	0.02797	0.01780	0.05340	0.72153	0.01144	0.01907	0.00763	0.00381	0.00636
33	0.03195	0.01212	0.01652	0.01267	0.01818	0.01047	0.01047	0.03470	0.02038	0.71026	0.02809	0.02424	0.01763	0.00881	0.00716	0.00220	0.00606	0.00716	0.00881	0.01212
34	0.01477	0.01266	0.01477	0.01055	0.01687	0.00949	0.00844	0.01793	0.01477	0.02320	0.01266	0.01477	0.01055	0.00527	0.00527	0.00105	0.00527	0.00422	0.00422	0.79328
35	0.01762	0.01692	0.02890	0.04371	0.70533	0.01692	0.02185	0.02185	0.01621	0.02326	0.01339	0.01762	0.01128	0.00634	0.00705	0.00211	0.00846	0.00634	0.00352	0.01128
36	0.01904	0.75404	0.03731	0.01218	0.01828	0.02818	0.01218	0.02132	0.01447	0.01675	0.00990	0.01142	0.00914	0.00609	0.00457	0.00152	0.00761	0.00381	0.00305	0.00914
37	0.00977	0.00670	0.00790	0.00841	0.00862	0.00653	0.00506	0.01021	0.01157	0.01534	0.02938	0.26229	0.05651	0.49988	0.02690	0.00551	0.00593	0.01356	0.00510	0.00483
38	0.00868	0.00620	0.00826	0.00991	0.01033	0.00578	0.00661	0.00991	0.01363	0.01818	0.03925	0.74510	0.04710	0.02231	0.00909	0.00289	0.00413	0.02024	0.00661	0.00578
39	0.01584	0.27135	0.49196	0.01764	0.02672	0.02034	0.02169	0.02215	0.01485	0.02065	0.01184	0.01385	0.00906	0.00655	0.00605	0.00202	0.00957	0.00479	0.00302	0.01007
40	0.01008	0.00728	0.00952	0.00896	0.01064	0.00672	0.00672	0.01344	0.02016	0.02855	0.70158	0.05319	0.06719	0.01456	0.00840	0.00224	0.00336	0.01288	0.00784	0.00672
41	0.00868	0.00620	0.00826	0.00991	0.01033	0.00578	0.00661	0.00991	0.01363	0.01818	0.03925	0.74510	0.04710	0.02231	0.00909	0.00289	0.00413	0.02024	0.00661	0.00578
42	0.00934	0.00654	0.00833	0.00944	0.00984	0.00625	0.00621	0.01041	0.01310	0.01750	0.05954	0.48971	0.04160	0.22603	0.01672	0.00401	0.00500	0.04896	0.00601	0.00545
43	0.02361	0.01878	0.01850	0.01527	0.01964	0.11061	0.01217	0.38856	0.10201	0.06109	0.01900	0.04526	0.01514	0.01091	0.00921	0.07911	0.00785	0.02671	0.00632	0.01024
44	0.00893	0.00666	0.00834	0.00932	0.01040	0.00607	0.00657	0.01068	0.01524	0.02001	0.13974	0.46954	0.19488	0.02016	0.00887	0.00271	0.00401	0.04510	0.00678	0.00600
45	0.01697	0.01550	0.02494	0.32465	0.35768	0.01705	0.02006	0.09478	0.01735	0.02361	0.01351	0.01813	0.01064	0.00691	0.00709	0.00222	0.00881	0.00635	0.00378	0.00998
46	0.43960	0.21298	0.01969	0.01163	0.01661	0.06633	0.01007	0.10849	0.01608	0.02865	0.01093	0.01234	0.00877	0.00677	0.00494	0.00199	0.00686	0.00423	0.00435	0.00871
47	0.01483	0.01243	0.01470	0.01092	0.01665	0.01002	0.00873	0.04881	0.01528	0.02348	0.01359	0.01637	0.01144	0.01086	0.08618	0.00228	0.00695	0.00471	0.00431	0.66745
48	0.02178	0.01499	0.01622	0.01361	0.01762	0.10516	0.03437	0.07686	0.11360	0.23601	0.12216	0.05789	0.02562	0.04814	0.00887	0.00244	0.00680	0.02804	0.00688	0.04295
49	0.07056	0.01104	0.01496	0.04114	0.17575	0.01117	0.01059	0.01635	0.04034	0.01979	0.01990	0.03040	0.04634	0.25982	0.11046	0.00485	0.00848	0.00786	0.00424	0.09596
50	0.01716	0.04339	0.02207	0.11097	0.24856	0.01417	0.05626	0.02164	0.05675	0.09662	0.05197	0.02367	0.01670	0.09106	0.01023	0.00260	0.00755	0.00711	0.00465	0.09686
51	0.01813	0.06411	0.05115	0.04325	0.22058	0.09095	0.01518	0.02515	0.16060	0.04747	0.01844	0.02007	0.03678	0.00784	0.00751	0.00205	0.04503	0.00636	0.00464	0.11472

[dist]
# distance from previous block
# <min> <max>
1	20

[block]
# block no. 3 follows, 29 sequences, length 24
# corresponding to MSA columns:
# 375-398
name=unknown_D
#
# <colnr> <probs for GDERKNQSTAVLIFYWHMCP>
#	G	D	E	R	K	N	Q	S	T	A	V	L	I	F	Y	W	H	M	C	P
0	0.14919	0.21251	0.05281	0.01608	0.02133	0.11629	0.15167	0.02126	0.01554	0.02187	0.05738	0.01838	0.01410	0.04969	0.00781	0.00222	0.00857	0.00594	0.00393	0.05341
1	0.04946	0.09098	0.33300	0.01424	0.02044	0.01344	0.01596	0.01797	0.01532	0.02223	0.09061	0.11744	0.11197	0.01097	0.00703	0.00225	0.00726	0.00904	0.04188	0.00852
2	0.06301	0.04582	0.01404	0.01033	0.01517	0.00993	0.00813	0.01656	0.01475	0.02293	0.06378	0.14603	0.02060	0.00903	0.00607	0.00155	0.00507	0.00759	0.00484	0.51476
3	0.02053	0.02308	0.06556	0.07180	0.19956	0.23927	0.06140	0.10559	0.01946	0.02377	0.05623	0.01823	0.01386	0.00779	0.00779	0.00213	0.04386	0.00628	0.00422	0.00960
4	0.01237	0.00618	0.00928	0.00928	0.00928	0.00618	0.00618	0.00928	0.00928	0.01237	0.01237	0.02165	0.01237	0.02474	0.02783	0.79283	0.00618	0.00618	0.00309	0.00309
5	0.01531	0.19143	0.56724	0.01855	0.02812	0.01905	0.02326	0.02229	0.01491	0.02130	0.01216	0.01426	0.00905	0.00662	0.00629	0.00210	0.00990	0.00495	0.00302	0.01022
6	0.01036	0.00690	0.00777	0.00777	0.00777	0.00690	0.00431	0.01036	0.01036	0.01381	0.02244	0.04660	0.02589	0.74975	0.03624	0.00690	0.00690	0.01036	0.00431	0.00431
7	0.04574	0.01673	0.01820	0.01457	0.01948	0.01813	0.01182	0.43192	0.11070	0.10887	0.02452	0.06405	0.06258	0.01009	0.00727	0.00224	0.00681	0.00800	0.00717	0.01111
8	0.01545	0.01562	0.02413	0.01981	0.02094	0.02031	0.11926	0.01762	0.01180	0.01783	0.01094	0.01803	0.01058	0.05620	0.02180	0.00323	0.57850	0.00682	0.00326	0.00786
9	0.00863	0.00699	0.00770	0.00823	0.01005	0.00605	0.00602	0.01035	0.01554	0.01905	0.06160	0.25213	0.49368	0.01927	0.00867	0.00258	0.00389	0.04700	0.00661	0.00598
10	0.01847	0.01599	0.04456	0.01725	0.02380	0.01359	0.20110	0.09285	0.01797	0.09772	0.01526	0.01729	0.01149	0.00625	0.00661	0.00171	0.00771	0.00599	0.00480	0.37958
11	0.00872	0.00653	0.00793	0.00900	0.00995	0.00592	0.00611	0.01003	0.01415	0.01818	0.04748	0.50479	0.23254	0.07043	0.01074	0.00302	0.00417	0.01809	0.00645	0.00575
12	0.01680	0.01646	0.06584	0.17292	0.25082	0.01511	0.07344	0.05799	0.01655	0.04494	0.01379	0.01739	0.01081	0.00645	0.00675	0.00196	0.00824	0.00598	0.00396	0.19379
13	0.01008	0.00728	0.00952	0.00896	0.01064	0.00672	0.00672	0.01344	0.02016	0.02855	0.70158	0.05319	0.06719	0.01456	0.00840	0.00224	0.00336	0.01288	0.00784	0.00672
14	0.01730	0.01659	0.02832	0.09659	0.65495	0.01683	0.02169	0.02157	0.01606	0.02287	0.01334	0.01773	0.01114	0.00640	0.00705	0.00213	0.00854	0.00634	0.00350	0.01102
15	0.02217	0.06959	0.02083	0.01805	0.05083	0.36748	0.03516	0.03097	0.26573	0.02235	0.01774	0.01820	0.01392	0.00803	0.00670	0.00206	0.00967	0.00601	0.00493	0.00959
16	0.00866	0.00626	0.00820	0.00974	0.01028	0.00580	0.00653	0.00993	0.01380	0.01824	0.04132	0.70251	0.08836	0.02204	0.00905	0.00286	0.00410	0.01991	0.00661	0.00580
17	0.01990	0.05776	0.07987	0.01595	0.06497	0.05392	0.05553	0.02572	0.12500	0.19884	0.03822	0.02642	0.01839	0.14005	0.01213	0.00300	0.00738	0.00751	0.03997	0.00947
18	0.01644	0.22969	0.30360	0.02127	0.02946	0.02025	0.23865	0.02230	0.01546	0.02103	0.01252	0.01542	0.00964	0.00633	0.00670	0.00210	0.01021	0.00590	0.00321	0.00984
19	0.00868	0.00620	0.00826	0.00991	0.01033	0.00578	0.00661	0.00991	0.01363	0.01818	0.03925	0.74510	0.04710	0.02231	0.00909	0.00289	0.00413	0.02024	0.00661	0.00578
20	0.04733	0.01190	0.01910	0.58444	0.04158	0.01446	0.01746	0.01763	0.01485	0.01998	0.07880	0.02603	0.01696	0.00865	0.00730	0.00241	0.00854	0.05100	0.00389	0.00770
21	0.01860	0.05938	0.05809	0.05485	0.14490	0.05026	0.01370	0.07067	0.14754	0.10066	0.06165	0.02508	0.05763	0.00900	0.00736	0.00217	0.02794	0.00737	0.07330	0.00987
22	0.01130	0.00989	0.03295	0.01235	0.01354	0.01035	0.00975	0.01436	0.05225	0.02018	0.10478	0.31941	0.05591	0.05184	0.01293	0.00305	0.14486	0.10765	0.00589	0.00677
23	0.05569	0.00829	0.01194	0.01144	0.01291	0.00933	0.03256	0.01319	0.01151	0.01722	0.01889	0.02957	0.01821	0.15587	0.54930	0.00989	0.01617	0.00786	0.00392	0.00624

[dist]
# distance from previous block
# <min> <max>
9	27

[block]
# block no. 4 follows, 29 sequences, length 27
# corresponding to MSA columns:
# 426-452
name=unknown_E
#
# <colnr> <probs for GDERKNQSTAVLIFYWHMCP>
#	G	D	E	R	K	N	Q	S	T	A	V	L	I	F	Y	W	H	M	C	P
0	0.08348	0.01626	0.07756	0.01350	0.01848	0.06950	0.01169	0.08707	0.04494	0.30246	0.02204	0.06140	0.01683	0.01023	0.00816	0.04886	0.00698	0.03316	0.00648	0.06092
1	0.01639	0.35509	0.41309	0.01670	0.02525	0.02170	0.02004	0.02201	0.01478	0.01998	0.01150	0.01343	0.00907	0.00647	0.00579	0.00193	0.00923	0.00462	0.00302	0.00991
2	0.01247	0.01029	0.01624	0.41224	0.03233	0.01208	0.01439	0.01588	0.04083	0.01796	0.01972	0.15317	0.01929	0.01355	0.01091	0.12646	0.00766	0.05356	0.00416	0.00682
3	0.01985	0.01579	0.01535	0.01328	0.01740	0.10394	0.01047	0.10490	0.23781	0.12668	0.03286	0.03288	0.14861	0.01087	0.00733	0.00224	0.00651	0.03436	0.00669	0.05217
4	0.04505	0.01209	0.01477	0.01289	0.01581	0.01327	0.01017	0.05284	0.17983	0.16823	0.16516	0.07905	0.02942	0.03243	0.03096	0.00282	0.10992	0.00928	0.00678	0.00921
5	0.01246	0.01150	0.01904	0.01600	0.01914	0.01123	0.20019	0.01805	0.12114	0.02127	0.03364	0.31733	0.10780	0.04473	0.00963	0.00278	0.00668	0.01393	0.00575	0.00771
6	0.45092	0.01061	0.00877	0.00815	0.01134	0.01183	0.00650	0.01901	0.01337	0.02955	0.01582	0.01821	0.01239	0.00736	0.00466	0.00196	0.00454	0.00509	0.35269	0.00723
7	0.01591	0.02907	0.43003	0.02451	0.06894	0.01683	0.24143	0.02302	0.01587	0.04649	0.01388	0.01687	0.01003	0.00656	0.00734	0.00229	0.01075	0.00642	0.00343	0.01032
8	0.01500	0.01416	0.02393	0.42550	0.31254	0.01590	0.02009	0.01948	0.01527	0.02065	0.04049	0.01980	0.01252	0.00710	0.00714	0.00226	0.00883	0.00660	0.00350	0.00922
9	0.00948	0.00726	0.00869	0.00833	0.01027	0.00647	0.00625	0.01229	0.01875	0.02523	0.47670	0.05867	0.29414	0.01580	0.00840	0.00230	0.00345	0.01365	0.00740	0.00647
10	0.01092	0.00748	0.00944	0.01026	0.01142	0.00713	0.00716	0.05736	0.01550	0.04981	0.03987	0.60978	0.09586	0.02044	0.00882	0.00277	0.00443	0.01831	0.00674	0.00651
11	0.02154	0.08194	0.12059	0.03502	0.09252	0.03621	0.06664	0.11105	0.04683	0.20325	0.04924	0.03887	0.03068	0.00858	0.00743	0.00219	0.02402	0.00717	0.00572	0.01050
12	0.04964	0.01391	0.01627	0.01633	0.08880	0.01502	0.01155	0.18673	0.20662	0.05239	0.02730	0.14239	0.05029	0.01179	0.00748	0.00240	0.00612	0.04778	0.03737	0.00981
13	0.08088	0.02242	0.02141	0.23408	0.15358	0.30191	0.01654	0.04933	0.01760	0.02092	0.01209	0.01560	0.00965	0.00708	0.00661	0.00209	0.01029	0.00544	0.00369	0.00881
14	0.01486	0.01482	0.02124	0.01803	0.01930	0.05159	0.08465	0.01715	0.01212	0.01760	0.01245	0.01900	0.01165	0.02198	0.19923	0.00510	0.44146	0.00674	0.00337	0.00764
15	0.03110	0.01193	0.01625	0.01253	0.01789	0.01032	0.01032	0.03388	0.02037	0.68388	0.05416	0.02536	0.01954	0.00904	0.00721	0.00220	0.00595	0.00738	0.00878	0.01191
16	0.01494	0.01281	0.01484	0.01078	0.01697	0.00998	0.00860	0.01910	0.05478	0.02359	0.01362	0.01546	0.01121	0.00553	0.00539	0.00114	0.00529	0.00444	0.00440	0.74711
17	0.00927	0.00697	0.00866	0.00938	0.01077	0.00636	0.00693	0.01138	0.01611	0.02111	0.19124	0.32365	0.23115	0.01912	0.00885	0.00267	0.00413	0.09924	0.00687	0.00615
18	0.02056	0.00957	0.01144	0.00977	0.01313	0.00901	0.00767	0.02473	0.07120	0.29839	0.02937	0.02983	0.07154	0.04487	0.00779	0.00225	0.00479	0.00779	0.31726	0.00903
19	0.01681	0.01921	0.04202	0.03001	0.03721	0.01801	0.67947	0.02281	0.01681	0.02281	0.01441	0.01921	0.01080	0.00600	0.00840	0.00240	0.01200	0.00840	0.00360	0.00960
20	0.01525	0.02789	0.39377	0.02281	0.03046	0.01792	0.21276	0.02164	0.01479	0.02164	0.01262	0.01634	0.00959	0.00758	0.01025	0.00245	0.14292	0.00634	0.00320	0.00976
21	0.01158	0.00741	0.00896	0.00878	0.00977	0.00728	0.00581	0.01253	0.01233	0.06825	0.03044	0.09302	0.12002	0.43245	0.13529	0.00635	0.00809	0.01102	0.00506	0.00557
22	0.00879	0.00628	0.00839	0.01005	0.01051	0.00588	0.00681	0.01011	0.01375	0.01831	0.03918	0.71771	0.04684	0.02220	0.00912	0.00291	0.00423	0.04650	0.00661	0.00582
23	0.01734	0.01663	0.02838	0.09101	0.66027	0.01684	0.02171	0.02160	0.01608	0.02292	0.01334	0.01772	0.01116	0.00640	0.00705	0.00213	0.00853	0.00634	0.00350	0.01105
24	0.01639	0.01566	0.02668	0.24686	0.51180	0.01659	0.02124	0.02077	0.01563	0.02177	0.01318	0.01802	0.01075	0.00657	0.00707	0.00219	0.00876	0.00634	0.00342	0.01029
25	0.80005	0.01377	0.01047	0.00936	0.01377	0.01597	0.00771	0.02093	0.01212	0.03195	0.00991	0.01157	0.00771	0.00661	0.00441	0.00220	0.00551	0.00386	0.00441	0.00771
26	0.02158	0.01539	0.01567	0.01429	0.05358	0.10338	0.01057	0.20930	0.02199	0.14417	0.04871	0.08188	0.04552	0.00997	0.00684	0.00208	0.00663	0.00804	0.17093	0.00948

[dist]
# distance from previous block
# <min> <max>
0	1

[block]
# block no. 5 follows, 29 sequences, length 13
# corresponding to MSA columns:
# 454-466
name=unknown_F
#
# <colnr> <probs for GDERKNQSTAVLIFYWHMCP>
#	G	D	E	R	K	N	Q	S	T	A	V	L	I	F	Y	W	H	M	C	P
0	0.01477	0.01266	0.01477	0.01055	0.01687	0.00949	0.00844	0.01793	0.01477	0.02320	0.01266	0.01477	0.01055	0.00527	0.00527	0.00105	0.00527	0.00422	0.00422	0.79328
1	0.01716	0.01306	0.02147	0.32882	0.05735	0.01396	0.09765	0.02120	0.01609	0.14736	0.05936	0.02397	0.04897	0.00836	0.00802	0.00227	0.04068	0.00741	0.00479	0.06204
2	0.01894	0.01263	0.03508	0.01124	0.01583	0.01125	0.00925	0.11668	0.05857	0.14463	0.02095	0.05660	0.01640	0.00828	0.00614	0.00177	0.00540	0.00671	0.20896	0.23470
3	0.00905	0.00650	0.00882	0.01007	0.01062	0.00642	0.00690	0.01046	0.01304	0.01762	0.03453	0.57163	0.04044	0.07084	0.14221	0.00471	0.00705	0.01733	0.00596	0.00580
4	0.01345	0.01266	0.02136	0.73264	0.04904	0.01582	0.01978	0.01819	0.01424	0.01819	0.01266	0.01898	0.00949	0.00712	0.00712	0.00237	0.00949	0.00633	0.00316	0.00791
5	0.54841	0.01323	0.01245	0.01045	0.01521	0.01417	0.00861	0.02544	0.01483	0.25418	0.01587	0.01572	0.01096	0.00733	0.00531	0.00220	0.00569	0.00494	0.00585	0.00916
6	0.05435	0.01573	0.06326	0.24173	0.22101	0.01552	0.03766	0.04313	0.01658	0.16933	0.01611	0.01898	0.01174	0.00744	0.00763	0.00227	0.03643	0.00640	0.00465	0.01007
7	0.00889	0.00661	0.00834	0.00963	0.01060	0.00607	0.00681	0.01045	0.01447	0.01871	0.04632	0.53257	0.19038	0.02112	0.00901	0.00282	0.00425	0.08044	0.00661	0.00591
8	0.01237	0.00618	0.00928	0.00928	0.00928	0.00618	0.00618	0.00928	0.00928	0.01237	0.01237	0.02165	0.01237	0.02474	0.02783	0.79283	0.00618	0.00618	0.00309	0.00309
9	0.02714	0.01715	0.01940	0.01518	0.02056	0.01822	0.01253	0.45181	0.06209	0.21466	0.02148	0.02234	0.01535	0.00919	0.00726	0.00222	0.00721	0.03686	0.00754	0.01181
10	0.01241	0.01044	0.01647	0.01424	0.01673	0.01031	0.14094	0.07676	0.01571	0.02100	0.03044	0.30059	0.08593	0.10731	0.10239	0.00424	0.00823	0.01336	0.00543	0.00706
11	0.00999	0.00721	0.00944	0.00902	0.01062	0.00666	0.00671	0.01320	0.01973	0.02787	0.65783	0.09889	0.06586	0.01507	0.00844	0.00228	0.00341	0.01336	0.00776	0.00666
12	0.00868	0.00620	0.00826	0.00991	0.01033	0.00578	0.00661	0.00991	0.01363	0.01818	0.03925	0.74510	0.04710	0.02231	0.00909	0.00289	0.00413	0.02024	0.00661	0.00578

[dist]
# distance from previous block
# <min> <max>
0	2

[block]
# block no. 6 follows, 29 sequences, length 70
# corresponding to MSA columns:
# 469-521,524-540
name=unknown_G
#
# <colnr> <probs for GDERKNQSTAVLIFYWHMCP>
#	G	D	E	R	K	N	Q	S	T	A	V	L	I	F	Y	W	H	M	C	P
0	0.74318	0.06767	0.01242	0.00957	0.01410	0.01686	0.00804	0.02096	0.01229	0.03084	0.00991	0.01156	0.00782	0.00657	0.00442	0.00215	0.00566	0.00385	0.00431	0.00782
1	0.02561	0.01679	0.01871	0.01458	0.01967	0.01793	0.01195	0.47772	0.02911	0.15356	0.08269	0.02212	0.01845	0.00914	0.00714	0.00213	0.00689	0.00715	0.04735	0.01133
2	0.05700	0.04824	0.24043	0.01934	0.09563	0.01505	0.07278	0.02125	0.05439	0.06039	0.09257	0.02514	0.06908	0.01082	0.03678	0.00266	0.05703	0.00748	0.00457	0.00936
3	0.00967	0.00708	0.00869	0.00875	0.01038	0.00645	0.00649	0.01230	0.01769	0.02419	0.37736	0.17454	0.21005	0.01657	0.00840	0.00240	0.00368	0.04010	0.04884	0.00638
4	0.05248	0.02030	0.12579	0.08633	0.31670	0.06920	0.01920	0.02348	0.09492	0.02282	0.01431	0.01756	0.01151	0.00760	0.00862	0.00228	0.08678	0.00613	0.00386	0.01014
5	0.04910	0.23992	0.12581	0.01638	0.02291	0.01872	0.13883	0.06595	0.01626	0.05095	0.01353	0.01675	0.01106	0.04588	0.00768	0.00210	0.00829	0.00562	0.00398	0.14028
6	0.01785	0.01898	0.02092	0.01764	0.02054	0.20189	0.11435	0.04153	0.08195	0.02035	0.04611	0.02208	0.01574	0.06492	0.11566	0.00399	0.15598	0.00709	0.00425	0.00817
7	0.01667	0.34217	0.16101	0.01704	0.02253	0.02244	0.09100	0.02031	0.01403	0.01868	0.01216	0.04687	0.01106	0.00831	0.00968	0.00217	0.16572	0.00587	0.00328	0.00901
8	0.01335	0.01234	0.06087	0.06617	0.01782	0.03316	0.04568	0.01791	0.06673	0.06661	0.18062	0.04308	0.21786	0.01432	0.03499	0.00268	0.02903	0.03158	0.03741	0.00776
9	0.01829	0.14757	0.40225	0.02011	0.08742	0.05429	0.02082	0.07072	0.01705	0.07746	0.01380	0.01545	0.01015	0.00694	0.00648	0.00209	0.00944	0.00532	0.00385	0.01049
10	0.01187	0.01020	0.01391	0.01320	0.01429	0.03610	0.01046	0.01418	0.01163	0.01669	0.01676	0.02486	0.01574	0.04326	0.55089	0.00937	0.16898	0.00723	0.00366	0.00672
11	0.01103	0.00680	0.00954	0.00962	0.01004	0.00717	0.00660	0.01062	0.01042	0.01428	0.01816	0.06632	0.01898	0.20322	0.24247	0.32789	0.01022	0.00832	0.00378	0.00452
12	0.01861	0.05884	0.30092	0.02106	0.05752	0.16640	0.10747	0.04353	0.01700	0.04914	0.01421	0.01849	0.01129	0.00776	0.00788	0.00223	0.04917	0.03500	0.00377	0.00969
13	0.05343	0.02603	0.27021	0.07559	0.12403	0.11514	0.09475	0.04883	0.05138	0.05289	0.01431	0.01676	0.01067	0.00702	0.00692	0.00220	0.00988	0.00596	0.00393	0.01006
14	0.00868	0.00620	0.00826	0.00991	0.01033	0.00578	0.00661	0.00991	0.01363	0.01818	0.03925	0.74510	0.04710	0.02231	0.00909	0.00289	0.00413	0.02024	0.00661	0.00578
15	0.01680	0.01620	0.02799	0.17426	0.55395	0.01675	0.04754	0.02119	0.01586	0.02228	0.01329	0.01795	0.01092	0.00648	0.00712	0.00218	0.00880	0.00642	0.00346	0.01057
16	0.12545	0.02154	0.04890	0.02212	0.13648	0.20193	0.12440	0.10444	0.01909	0.04884	0.03603	0.01743	0.01252	0.00731	0.00671	0.00209	0.00933	0.00611	0.03982	0.00947
17	0.01913	0.01660	0.01698	0.01610	0.04533	0.13426	0.01236	0.19453	0.02066	0.05189	0.02369	0.15698	0.02363	0.01340	0.00960	0.00256	0.08364	0.14412	0.00583	0.00871
18	0.01013	0.00731	0.00960	0.00912	0.01080	0.00678	0.00691	0.01349	0.02001	0.02827	0.67535	0.05426	0.06615	0.01476	0.00846	0.00228	0.00349	0.03834	0.00779	0.00671
19	0.00929	0.00632	0.00849	0.00988	0.01028	0.00599	0.00666	0.01009	0.01312	0.01746	0.03540	0.60052	0.04197	0.06113	0.01258	0.08781	0.00461	0.04685	0.00611	0.00545
20	0.01827	0.02108	0.10624	0.02187	0.02785	0.09745	0.29405	0.04843	0.17412	0.04737	0.01908	0.05841	0.01515	0.00814	0.00767	0.00233	0.00970	0.00805	0.00484	0.00990
21	0.01344	0.01141	0.01340	0.01265	0.01491	0.04253	0.00982	0.02162	0.22995	0.02218	0.09898	0.02936	0.02403	0.03183	0.36098	0.00686	0.03445	0.00819	0.00534	0.00809
22	0.01864	0.69337	0.09446	0.01287	0.01934	0.02719	0.01338	0.02143	0.01452	0.01724	0.01014	0.01173	0.00913	0.00615	0.00475	0.00158	0.00786	0.00393	0.00304	0.00926
23	0.01281	0.01051	0.01282	0.01204	0.01367	0.01168	0.00924	0.11096	0.01667	0.02218	0.03822	0.30340	0.20614	0.01704	0.01168	0.00270	0.16126	0.01383	0.00594	0.00721
24	0.01013	0.00771	0.00960	0.01036	0.01229	0.00718	0.00858	0.01285	0.01677	0.02135	0.12797	0.07262	0.29925	0.01845	0.00912	0.00282	0.00505	0.33480	0.00673	0.00637
25	0.00956	0.00726	0.00880	0.00841	0.01032	0.00650	0.00631	0.01243	0.01893	0.02565	0.50513	0.05798	0.26545	0.01564	0.00840	0.00229	0.00344	0.01355	0.00746	0.00650
26	0.01904	0.75404	0.03731	0.01218	0.01828	0.02818	0.01218	0.02132	0.01447	0.01675	0.00990	0.01142	0.00914	0.00609	0.00457	0.00152	0.00761	0.00381	0.00305	0.00914
27	0.01792	0.01747	0.02862	0.04288	0.68308	0.03986	0.02159	0.02207	0.01634	0.02307	0.01332	0.01747	0.01121	0.00638	0.00703	0.00211	0.00860	0.00629	0.00353	0.01118
28	0.00868	0.00620	0.00826	0.00991	0.01033	0.00578	0.00661	0.00991	0.01363	0.01818	0.03925	0.74510	0.04710	0.02231	0.00909	0.00289	0.00413	0.02024	0.00661	0.00578
29	0.00895	0.00723	0.00796	0.00778	0.00995	0.00624	0.00583	0.01126	0.01749	0.02224	0.27477	0.06359	0.49794	0.01691	0.00841	0.00235	0.00353	0.01434	0.00701	0.00624
30	0.00934	0.00707	0.00748	0.00748	0.00874	0.00644	0.00489	0.01028	0.01344	0.01666	0.04851	0.05810	0.38085	0.36584	0.02164	0.00454	0.00517	0.01281	0.00552	0.00520
31	0.01726	0.01641	0.02788	0.04191	0.66475	0.01641	0.02124	0.02144	0.01622	0.02315	0.01482	0.02131	0.01302	0.00713	0.00721	0.00218	0.00835	0.04460	0.00370	0.01100
32	0.01904	0.75404	0.03731	0.01218	0.01828	0.02818	0.01218	0.02132	0.01447	0.01675	0.00990	0.01142	0.00914	0.00609	0.00457	0.00152	0.00761	0.00381	0.00305	0.00914
33	0.00954	0.00726	0.00878	0.00840	0.01031	0.00649	0.00630	0.01240	0.01889	0.02555	0.49868	0.05813	0.27196	0.01568	0.00840	0.00229	0.00344	0.01357	0.00744	0.00649
34	0.01767	0.02051	0.04009	0.02898	0.03587	0.08012	0.62066	0.02331	0.01710	0.02233	0.01411	0.01865	0.01066	0.00612	0.00823	0.00235	0.01208	0.00807	0.00361	0.00948
35	0.00868	0.00620	0.00826	0.00991	0.01033	0.00578	0.00661	0.00991	0.01363	0.01818	0.03925	0.74510	0.04710	0.02231	0.00909	0.00289	0.00413	0.02024	0.00661	0.00578
36	0.01771	0.01530	0.01610	0.01449	0.01852	0.01771	0.01127	0.03784	0.69247	0.02979	0.02898	0.02657	0.02174	0.00966	0.00725	0.00242	0.00564	0.00805	0.00725	0.01127
37	0.03119	0.01229	0.01650	0.01277	0.01820	0.01085	0.01051	0.03487	0.05612	0.67408	0.02814	0.02436	0.01785	0.00886	0.00717	0.00221	0.00604	0.00721	0.00873	0.01207
38	0.02410	0.01841	0.02059	0.09916	0.02468	0.02071	0.01392	0.50938	0.12879	0.03955	0.01834	0.01872	0.01323	0.00855	0.00714	0.00221	0.00770	0.00664	0.00668	0.01150
39	0.02660	0.03394	0.02018	0.01834	0.02201	0.72116	0.01376	0.02843	0.02018	0.01743	0.01101	0.01284	0.00917	0.00734	0.00642	0.00183	0.01284	0.00459	0.00367	0.00825
40	0.01904	0.75404	0.03731	0.01218	0.01828	0.02818	0.01218	0.02132	0.01447	0.01675	0.00990	0.01142	0.00914	0.00609	0.00457	0.00152	0.00761	0.00381	0.00305	0.00914
41	0.01873	0.68758	0.03592	0.01277	0.01831	0.02760	0.01249	0.02095	0.01415	0.01679	0.00985	0.01180	0.00916	0.00667	0.00626	0.00167	0.07323	0.00403	0.00305	0.00902
42	0.01652	0.01865	0.04027	0.08945	0.03822	0.01782	0.62367	0.02242	0.01659	0.02242	0.01426	0.01919	0.01069	0.00610	0.00829	0.00240	0.01179	0.00823	0.00356	0.00946
