[name]
unknown

[dist]
# distance from previous block
# <min> <max>
0	20

[block]
# block no. 0 follows, 36 sequences, length 175
# corresponding to MSA columns:
# 20-150,153-196
name=unknown_A
#
# <colnr> <probs for GDERKNQSTAVLIFYWHMCP>
#	G	D	E	R	K	N	Q	S	T	A	V	L	I	F	Y	W	H	M	C	P
0	0.00807	0.00591	0.00758	0.00806	0.00908	0.00542	0.00570	0.00998	0.01454	0.01975	0.32785	0.39380	0.12862	0.01630	0.00764	0.00225	0.00328	0.01453	0.00623	0.00542
1	0.00742	0.00631	0.00640	0.00638	0.00845	0.00529	0.00478	0.00906	0.01434	0.01717	0.09120	0.05940	0.71135	0.01565	0.00736	0.00210	0.00315	0.01307	0.00583	0.00529
2	0.01666	0.78478	0.03265	0.01066	0.01599	0.02465	0.01066	0.01866	0.01266	0.01466	0.00866	0.00999	0.00800	0.00533	0.00400	0.00133	0.00666	0.00333	0.00267	0.00800
3	0.75997	0.01193	0.00959	0.00843	0.01236	0.01358	0.00694	0.01930	0.01119	0.08662	0.00997	0.01103	0.00746	0.00594	0.00405	0.00193	0.00486	0.00361	0.00417	0.00706
4	0.01284	0.01217	0.02063	0.55180	0.24876	0.01413	0.01784	0.01686	0.01297	0.01723	0.01126	0.01626	0.00877	0.00603	0.00621	0.00201	0.00804	0.00554	0.00286	0.00779
5	0.82504	0.01205	0.00916	0.00819	0.01205	0.01398	0.00675	0.01832	0.01060	0.02795	0.00868	0.01012	0.00675	0.00578	0.00386	0.00193	0.00482	0.00337	0.00386	0.00675
6	0.01363	0.01363	0.01908	0.01636	0.01636	0.01908	0.01363	0.01499	0.00954	0.01499	0.00818	0.01363	0.00818	0.01091	0.02045	0.00273	0.76963	0.00545	0.00273	0.00682
7	0.00759	0.00542	0.00723	0.00868	0.00904	0.00506	0.00578	0.00868	0.01193	0.01591	0.03434	0.77697	0.04121	0.01952	0.00795	0.00253	0.00361	0.01771	0.00578	0.00506
8	0.00770	0.00551	0.00733	0.00860	0.00906	0.00513	0.00579	0.00895	0.01245	0.01673	0.09810	0.71087	0.04280	0.01891	0.00790	0.00248	0.00355	0.01713	0.00588	0.00513
9	0.82504	0.01205	0.00916	0.00819	0.01205	0.01398	0.00675	0.01832	0.01060	0.02795	0.00868	0.01012	0.00675	0.00578	0.00386	0.00193	0.00482	0.00337	0.00386	0.00675
10	0.01177	0.01107	0.01869	0.76606	0.04291	0.01384	0.01730	0.01592	0.01246	0.01592	0.01107	0.01661	0.00831	0.00623	0.00623	0.00208	0.00831	0.00554	0.00277	0.00692
11	0.00759	0.00542	0.00723	0.00868	0.00904	0.00506	0.00578	0.00868	0.01193	0.01591	0.03434	0.77697	0.04121	0.01952	0.00795	0.00253	0.00361	0.01771	0.00578	0.00506
12	0.02772	0.01098	0.01469	0.01126	0.01609	0.00972	0.00930	0.06829	0.01846	0.70767	0.02405	0.02086	0.01516	0.00770	0.00626	0.00192	0.00539	0.00623	0.00763	0.01060
13	0.02589	0.01351	0.01621	0.01247	0.01733	0.01352	0.01029	0.31712	0.03937	0.43611	0.02061	0.01866	0.01351	0.00763	0.00625	0.00191	0.00594	0.00601	0.00707	0.01058
14	0.00791	0.00633	0.00707	0.00689	0.00875	0.00549	0.00517	0.01001	0.01550	0.01991	0.31830	0.05489	0.48253	0.01463	0.00736	0.00205	0.00307	0.01244	0.00619	0.00549
15	0.00883	0.00675	0.00815	0.00773	0.00948	0.00627	0.00582	0.01226	0.05745	0.02298	0.52680	0.04862	0.22919	0.01326	0.00729	0.00200	0.00311	0.01150	0.00656	0.00595
16	0.02785	0.01077	0.01456	0.01116	0.01599	0.00941	0.00922	0.04727	0.01811	0.72918	0.02435	0.02105	0.01531	0.00771	0.00626	0.00193	0.00534	0.00625	0.00768	0.01060
17	0.01542	0.01480	0.02529	0.03824	0.74217	0.01480	0.01912	0.01912	0.01419	0.02036	0.01172	0.01542	0.00987	0.00555	0.00617	0.00185	0.00740	0.00555	0.00308	0.00987
18	0.01674	0.01178	0.01585	0.01319	0.01681	0.01247	0.08904	0.05456	0.30764	0.17063	0.06688	0.02344	0.01878	0.01472	0.13474	0.00341	0.00760	0.00706	0.00578	0.00889
19	0.00946	0.00629	0.00765	0.00798	0.00946	0.00557	0.00572	0.01100	0.01374	0.08349	0.10120	0.39209	0.29016	0.01655	0.00754	0.00228	0.00355	0.01451	0.00605	0.00570
20	0.00759	0.00542	0.00723	0.00868	0.00904	0.00506	0.00578	0.00868	0.01193	0.01591	0.03434	0.77697	0.04121	0.01952	0.00795	0.00253	0.00361	0.01771	0.00578	0.00506
21	0.01600	0.02003	0.10728	0.06276	0.05519	0.12657	0.44799	0.04991	0.01546	0.01984	0.01200	0.01545	0.00908	0.00565	0.00679	0.00199	0.01010	0.00633	0.00321	0.00838
22	0.82504	0.01205	0.00916	0.00819	0.01205	0.01398	0.00675	0.01832	0.01060	0.02795	0.00868	0.01012	0.00675	0.00578	0.00386	0.00193	0.00482	0.00337	0.00386	0.00675
23	0.15816	0.02358	0.05422	0.04131	0.01881	0.44683	0.01156	0.02446	0.12819	0.01938	0.01207	0.01323	0.00954	0.00660	0.00547	0.00178	0.00893	0.00447	0.00377	0.00765
24	0.01545	0.01426	0.02322	0.19253	0.52062	0.01504	0.01801	0.08746	0.01530	0.02126	0.01190	0.01563	0.00960	0.00589	0.00619	0.00190	0.00754	0.00555	0.00333	0.00931
25	0.00867	0.00636	0.00812	0.00768	0.00922	0.00582	0.00576	0.01147	0.01729	0.02416	0.67064	0.04790	0.12754	0.01304	0.00735	0.00197	0.00296	0.01146	0.00675	0.00582
26	0.01253	0.00800	0.00987	0.00932	0.03184	0.00746	0.00689	0.01646	0.08596	0.14610	0.34203	0.04272	0.23204	0.01209	0.00704	0.00201	0.00372	0.01035	0.00655	0.00702
27	0.00861	0.00636	0.00804	0.00762	0.00918	0.00579	0.00571	0.01135	0.01714	0.02382	0.64209	0.04846	0.15631	0.01317	0.00735	0.00198	0.00297	0.01154	0.00671	0.00579
28	0.00864	0.00623	0.00817	0.00796	0.00927	0.00576	0.00587	0.01131	0.01681	0.02367	0.63670	0.15248	0.05624	0.01372	0.00744	0.00204	0.00304	0.01220	0.00670	0.00576
29	0.01184	0.01118	0.01870	0.73491	0.04181	0.01406	0.01715	0.01588	0.01234	0.01588	0.01095	0.01649	0.00830	0.00642	0.00682	0.00210	0.03994	0.00553	0.00277	0.00692
30	0.01471	0.00836	0.00885	0.00790	0.01024	0.00870	0.00617	0.11541	0.07364	0.07451	0.02027	0.02194	0.01543	0.00742	0.00491	0.00160	0.00378	0.00591	0.58313	0.00712
31	0.01250	0.03223	0.74875	0.01776	0.02697	0.01447	0.02302	0.01973	0.01315	0.01973	0.01118	0.01315	0.00789	0.00592	0.00592	0.00197	0.00921	0.00460	0.00263	0.00921
32	0.04885	0.07339	0.15641	0.02252	0.02911	0.01622	0.49537	0.04469	0.01464	0.02057	0.01200	0.01536	0.00901	0.00547	0.00668	0.00201	0.00964	0.00637	0.00317	0.00852
33	0.00772	0.00576	0.00723	0.00833	0.00918	0.00527	0.00586	0.00906	0.01264	0.01633	0.04098	0.55564	0.20436	0.01847	0.00786	0.00246	0.00367	0.06824	0.00578	0.00516
34	0.02180	0.02740	0.01988	0.01722	0.02061	0.63388	0.09172	0.02380	0.01690	0.01577	0.00989	0.01199	0.00819	0.00653	0.00659	0.00172	0.05114	0.00446	0.00318	0.00733
35	0.00743	0.00606	0.00657	0.00698	0.00859	0.00520	0.00503	0.00887	0.01356	0.01657	0.05496	0.26323	0.54164	0.01684	0.00753	0.00222	0.00329	0.01444	0.00579	0.00520
36	0.02368	0.01745	0.01870	0.01434	0.01932	0.01932	0.01184	0.72139	0.02929	0.03927	0.01496	0.01496	0.01060	0.00748	0.00623	0.00187	0.00686	0.00561	0.00623	0.01060
37	0.82504	0.01205	0.00916	0.00819	0.01205	0.01398	0.00675	0.01832	0.01060	0.02795	0.00868	0.01012	0.00675	0.00578	0.00386	0.00193	0.00482	0.00337	0.00386	0.00675
38	0.02054	0.02514	0.01806	0.01614	0.01844	0.54710	0.01249	0.02208	0.01536	0.01518	0.00922	0.01192	0.00807	0.00769	0.00982	0.00192	0.22624	0.00442	0.00307	0.00711
39	0.00906	0.00604	0.00680	0.00680	0.00680	0.00604	0.00378	0.00906	0.00906	0.01208	0.01963	0.04077	0.02265	0.78103	0.03171	0.00604	0.00604	0.00906	0.00378	0.00378
40	0.00902	0.00621	0.00766	0.00766	0.00796	0.00651	0.00485	0.00961	0.00932	0.01272	0.01884	0.03641	0.02076	0.58429	0.22586	0.00710	0.00889	0.00842	0.00366	0.00425
41	0.01185	0.01116	0.01884	0.74915	0.05916	0.01387	0.01735	0.01599	0.01250	0.01602	0.01109	0.01658	0.00834	0.00621	0.00623	0.00207	0.00828	0.00554	0.00278	0.00699
42	0.02332	0.02484	0.01737	0.01511	0.01881	0.51264	0.01163	0.15489	0.05996	0.08414	0.01281	0.01347	0.00977	0.00684	0.00583	0.00171	0.00955	0.00468	0.00434	0.00829
43	0.01542	0.01480	0.02529	0.03824	0.74217	0.01480	0.01912	0.01912	0.01419	0.02036	0.01172	0.01542	0.00987	0.00555	0.00617	0.00185	0.00740	0.00555	0.00308	0.00987
44	0.00753	0.00567	0.00697	0.00801	0.00886	0.00512	0.00549	0.00875	0.01257	0.01617	0.04250	0.57370	0.23921	0.01846	0.00779	0.00241	0.00348	0.01642	0.00578	0.00512
45	0.01542	0.01480	0.02529	0.03824	0.74217	0.01480	0.01912	0.01912	0.01419	0.02036	0.01172	0.01542	0.00987	0.00555	0.00617	0.00185	0.00740	0.00555	0.00308	0.00987
46	0.00894	0.00630	0.00823	0.00828	0.00878	0.00678	0.00562	0.00996	0.00958	0.01327	0.01886	0.05983	0.02019	0.43028	0.35022	0.00767	0.01065	0.00832	0.00365	0.00461
47	0.00830	0.00593	0.00805	0.00949	0.01016	0.00567	0.00702	0.00991	0.01263	0.01670	0.03395	0.57153	0.03965	0.01885	0.00814	0.00263	0.00423	0.21612	0.00577	0.00526
48	0.02483	0.01561	0.01756	0.01346	0.01840	0.01658	0.01112	0.53531	0.02621	0.22971	0.01755	0.01664	0.01190	0.00754	0.00624	0.00189	0.00644	0.00579	0.00663	0.01060
49	0.00903	0.00618	0.00748	0.00748	0.00772	0.00641	0.00463	0.00950	0.00926	0.01259	0.01900	0.03730	0.02114	0.62461	0.18607	0.00689	0.00831	0.00855	0.00368	0.00416
50	0.00759	0.00542	0.00723	0.00868	0.00904	0.00506	0.00578	0.00868	0.01193	0.01591	0.03434	0.77697	0.04121	0.01952	0.00795	0.00253	0.00361	0.01771	0.00578	0.00506
51	0.01192	0.01123	0.01896	0.73582	0.07197	0.01388	0.01738	0.01605	0.01253	0.01610	0.01110	0.01656	0.00837	0.00620	0.00623	0.00207	0.00827	0.00554	0.00278	0.00704
52	0.01542	0.01480	0.02529	0.03824	0.74217	0.01480	0.01912	0.01912	0.01419	0.02036	0.01172	0.01542	0.00987	0.00555	0.00617	0.00185	0.00740	0.00555	0.00308	0.00987
53	0.01177	0.01107	0.01869	0.76606	0.04291	0.01384	0.01730	0.01592	0.01246	0.01592	0.01107	0.01661	0.00831	0.00623	0.00623	0.00208	0.00831	0.00554	0.00277	0.00692
54	0.01161	0.00581	0.00581	0.00581	0.00726	0.00581	0.00436	0.01452	0.01307	0.02323	0.02033	0.02323	0.01597	0.00726	0.00436	0.00145	0.00290	0.00581	0.81562	0.00581
55	0.02327	0.02970	0.01766	0.01605	0.01926	0.75602	0.01204	0.02488	0.01766	0.01525	0.00963	0.01124	0.00803	0.00642	0.00562	0.00161	0.01124	0.00401	0.00321	0.00722
56	0.00869	0.00636	0.00815	0.00771	0.00923	0.00583	0.00578	0.01151	0.01734	0.02428	0.68049	0.04770	0.11761	0.01300	0.00735	0.00197	0.00296	0.01143	0.00677	0.00583
57	0.02327	0.02970	0.01766	0.01605	0.01926	0.75602	0.01204	0.02488	0.01766	0.01525	0.00963	0.01124	0.00803	0.00642	0.00562	0.00161	0.01124	0.00401	0.00321	0.00722
58	0.01292	0.01107	0.01292	0.00923	0.01477	0.00831	0.00738	0.01569	0.01292	0.02030	0.01107	0.01292	0.00923	0.00461	0.00461	0.00092	0.00461	0.00369	0.00369	0.81912
59	0.02795	0.01060	0.01446	0.01109	0.01591	0.00916	0.00916	0.03036	0.01783	0.74648	0.02458	0.02121	0.01542	0.00771	0.00627	0.00193	0.00530	0.00627	0.00771	0.01060
60	0.01177	0.01107	0.01869	0.76606	0.04291	0.01384	0.01730	0.01592	0.01246	0.01592	0.01107	0.01661	0.00831	0.00623	0.00623	0.00208	0.00831	0.00554	0.00277	0.00692
61	0.82504	0.01205	0.00916	0.00819	0.01205	0.01398	0.00675	0.01832	0.01060	0.02795	0.00868	0.01012	0.00675	0.00578	0.00386	0.00193	0.00482	0.00337	0.00386	0.00675
62	0.01292	0.01107	0.01292	0.00923	0.01477	0.00831	0.00738	0.01569	0.01292	0.02030	0.01107	0.01292	0.00923	0.00461	0.00461	0.00092	0.00461	0.00369	0.00369	0.81912
63	0.00905	0.00609	0.00705	0.00705	0.00714	0.00618	0.00409	0.00923	0.00914	0.01227	0.01940	0.03948	0.02209	0.72262	0.08936	0.00636	0.00689	0.00887	0.00374	0.00392
64	0.01363	0.01363	0.01908	0.01636	0.01636	0.01908	0.01363	0.01499	0.00954	0.01499	0.00818	0.01363	0.00818	0.01091	0.02045	0.00273	0.76963	0.00545	0.00273	0.00682
65	0.00942	0.00672	0.00840	0.00793	0.00818	0.00691	0.02969	0.00972	0.00931	0.01253	0.01888	0.03847	0.02146	0.70446	0.05140	0.00590	0.03404	0.00880	0.00370	0.00410
66	0.01177	0.01107	0.01869	0.76606	0.04291	0.01384	0.01730	0.01592	0.01246	0.01592	0.01107	0.01661	0.00831	0.00623	0.00623	0.00208	0.00831	0.00554	0.00277	0.00692
67	0.02795	0.01060	0.01446	0.01109	0.01591	0.00916	0.00916	0.03036	0.01783	0.74648	0.02458	0.02121	0.01542	0.00771	0.00627	0.00193	0.00530	0.00627	0.00771	0.01060
68	0.01292	0.01107	0.01292	0.00923	0.01477	0.00831	0.00738	0.01569	0.01292	0.02030	0.01107	0.01292	0.00923	0.00461	0.00461	0.00092	0.00461	0.00369	0.00369	0.81912
69	0.02348	0.01735	0.01842	0.04133	0.01998	0.04916	0.01190	0.62814	0.02756	0.07721	0.01514	0.01522	0.01068	0.00740	0.00621	0.00187	0.00700	0.00558	0.00607	0.01032
70	0.01348	0.01356	0.04806	0.40216	0.36604	0.01431	0.01835	0.01754	0.01328	0.01811	0.01138	0.01594	0.00901	0.00590	0.00619	0.00197	0.00792	0.00551	0.00291	0.00837
71	0.00774	0.00641	0.00683	0.00697	0.00897	0.00551	0.00539	0.00953	0.01439	0.01745	0.09375	0.06045	0.62618	0.01579	0.00750	0.00218	0.00344	0.09035	0.00583	0.00534
72	0.00849	0.00580	0.00696	0.00752	0.00766	0.00566	0.00455	0.00891	0.01017	0.01356	0.02532	0.32544	0.02983	0.48657	0.02253	0.00468	0.00510	0.01241	0.00455	0.00427
73	0.01066	0.00639	0.00928	0.00903	0.00919	0.00705	0.00637	0.00925	0.00859	0.01182	0.01213	0.02102	0.01222	0.08578	0.12903	0.56319	0.07665	0.00589	0.00288	0.00357
74	0.01422	0.01358	0.02312	0.27760	0.51220	0.01449	0.01852	0.01807	0.01362	0.01890	0.01151	0.01581	0.00936	0.00577	0.00619	0.00192	0.00770	0.00555	0.00298	0.00890
75	0.01947	0.01250	0.01421	0.01217	0.01611	0.01347	0.00964	0.03223	0.50341	0.25590	0.02511	0.02260	0.01787	0.00822	0.00632	0.00205	0.00505	0.00680	0.00678	0.01010
76	0.00862	0.00636	0.00806	0.00764	0.00919	0.00580	0.00573	0.01138	0.01718	0.02390	0.64895	0.04833	0.14939	0.01314	0.00735	0.00198	0.00297	0.01152	0.00672	0.00580
77	0.01177	0.01107	0.01869	0.76606	0.04291	0.01384	0.01730	0.01592	0.01246	0.01592	0.01107	0.01661	0.00831	0.00623	0.00623	0.00208	0.00831	0.00554	0.00277	0.00692
78	0.82504	0.01205	0.00916	0.00819	0.01205	0.01398	0.00675	0.01832	0.01060	0.02795	0.00868	0.01012	0.00675	0.00578	0.00386	0.00193	0.00482	0.00337	0.00386	0.00675
79	0.01004	0.00717	0.01004	0.01147	0.01291	0.00717	0.01004	0.01291	0.01434	0.01865	0.03299	0.07028	0.03586	0.01721	0.00861	0.00287	0.00574	0.70023	0.00574	0.00574
80	0.00777	0.00601	0.00709	0.00750	0.00884	0.00533	0.00537	0.00948	0.01416	0.01832	0.20387	0.31351	0.33755	0.01644	0.00757	0.00222	0.00327	0.01436	0.00602	0.00533
81	0.01292	0.01107	0.01292	0.00923	0.01477	0.00831	0.00738	0.01569	0.01292	0.02030	0.01107	0.01292	0.00923	0.00461	0.00461	0.00092	0.00461	0.00369	0.00369	0.81912
82	0.01363	0.01363	0.01908	0.01636	0.01636	0.01908	0.01363	0.01499	0.00954	0.01499	0.00818	0.01363	0.00818	0.01091	0.02045	0.00273	0.76963	0.00545	0.00273	0.00682
83	0.01542	0.01480	0.02529	0.03824	0.74217	0.01480	0.01912	0.01912	0.01419	0.02036	0.01172	0.01542	0.00987	0.00555	0.00617	0.00185	0.00740	0.00555	0.00308	0.00987
84	0.01476	0.01272	0.01341	0.01217	0.01551	0.01456	0.00942	0.03090	0.66560	0.02520	0.02799	0.04672	0.06502	0.00923	0.00645	0.00212	0.00478	0.00773	0.00629	0.00944
85	0.01359	0.05250	0.27782	0.07588	0.18005	0.01465	0.18635	0.01874	0.01350	0.01918	0.01181	0.01521	0.00917	0.00778	0.04577	0.00234	0.00919	0.00555	0.00294	0.03795
86	0.01177	0.01107	0.01869	0.76606	0.04291	0.01384	0.01730	0.01592	0.01246	0.01592	0.01107	0.01661	0.00831	0.00623	0.00623	0.00208	0.00831	0.00554	0.00277	0.00692
87	0.82504	0.01205	0.00916	0.00819	0.01205	0.01398	0.00675	0.01832	0.01060	0.02795	0.00868	0.01012	0.00675	0.00578	0.00386	0.00193	0.00482	0.00337	0.00386	0.00675
88	0.01565	0.01596	0.06535	0.03354	0.52702	0.01475	0.16392	0.01980	0.01439	0.05076	0.01242	0.01583	0.00991	0.00560	0.00640	0.00191	0.00805	0.00590	0.00327	0.00956
89	0.02010	0.22008	0.02257	0.01375	0.01836	0.11165	0.11938	0.04734	0.01585	0.24622	0.01820	0.06535	0.03907	0.00756	0.00589	0.00180	0.00711	0.00631	0.00483	0.00858
90	0.02795	0.01060	0.01446	0.01109	0.01591	0.00916	0.00916	0.03036	0.01783	0.74648	0.02458	0.02121	0.01542	0.00771	0.00627	0.00193	0.00530	0.00627	0.00771	0.01060
91	0.00817	0.00586	0.00764	0.00888	0.00941	0.00557	0.00600	0.03437	0.01255	0.01675	0.03364	0.74949	0.04011	0.01909	0.00789	0.00251	0.00373	0.01728	0.00580	0.00526
92	0.01579	0.01151	0.01801	0.49891	0.05183	0.01354	0.01515	0.04233	0.01392	0.16889	0.01378	0.01722	0.00989	0.00698	0.00750	0.00209	0.07519	0.00568	0.00392	0.00788
93	0.01236	0.01191	0.01897	0.67247	0.07193	0.03563	0.01704	0.01627	0.01253	0.01605	0.01091	0.01625	0.00836	0.00645	0.00696	0.00209	0.04849	0.00549	0.00279	0.00706
94	0.00761	0.00553	0.00718	0.00844	0.00899	0.00510	0.00569	0.00879	0.01230	0.01625	0.05713	0.69078	0.10530	0.01899	0.00788	0.00248	0.00355	0.01711	0.00581	0.00510
95	0.01457	0.01393	0.02374	0.20862	0.57847	0.01458	0.01870	0.01837	0.01378	0.01932	0.01157	0.01570	0.00950	0.00571	0.00618	0.00190	0.00761	0.00555	0.00301	0.00918
96	0.01559	0.00840	0.01067	0.00938	0.01203	0.00797	0.00728	0.01995	0.10243	0.24745	0.32717	0.10108	0.03656	0.01097	0.00678	0.00199	0.00397	0.00949	0.05310	0.00774
97	0.00895	0.00649	0.00907	0.00907	0.00985	0.00727	0.00661	0.01052	0.00973	0.01376	0.01755	0.02927	0.01766	0.26274	0.54318	0.00884	0.01356	0.00738	0.00347	0.00504
98	0.01388	0.28201	0.51107	0.01540	0.02332	0.01785	0.01892	0.01937	0.01299	0.01805	0.01035	0.01211	0.00793	0.00572	0.00528	0.00176	0.00836	0.00418	0.00264	0.00881
99	0.82504	0.01205	0.00916	0.00819	0.01205	0.01398	0.00675	0.01832	0.01060	0.02795	0.00868	0.01012	0.00675	0.00578	0.00386	0.00193	0.00482	0.00337	0.00386	0.00675
100	0.00921	0.00610	0.00620	0.00617	0.00797	0.00552	0.00463	0.01141	0.01389	0.01990	0.07763	0.04393	0.40386	0.01206	0.00610	0.00182	0.00304	0.00998	0.34502	0.00552
101	0.01292	0.01107	0.01292	0.00923	0.01477	0.00831	0.00738	0.01569	0.01292	0.02030	0.01107	0.01292	0.00923	0.00461	0.00461	0.00092	0.00461	0.00369	0.00369	0.81912
102	0.01484	0.01221	0.01395	0.01014	0.01558	0.01027	0.00818	0.14176	0.01585	0.02369	0.01177	0.01328	0.00947	0.00513	0.00490	0.00109	0.00501	0.00403	0.00415	0.67468
103	0.01371	0.01105	0.01300	0.00933	0.01483	0.00835	0.00748	0.01646	0.01318	0.05859	0.01179	0.01336	0.00956	0.00478	0.00470	0.00098	0.00465	0.00383	0.00390	0.77650
104	0.00891	0.00662	0.00973	0.00973	0.01074	0.00763	0.00743	0.01094	0.00993	0.01425	0.01695	0.02592	0.01620	0.11161	0.69232	0.00966	0.01575	0.00689	0.00338	0.00541
105	0.01660	0.74411	0.03167	0.01077	0.01600	0.02417	0.01062	0.01942	0.05053	0.01526	0.00954	0.01069	0.00858	0.00550	0.00412	0.00137	0.00657	0.00353	0.00286	0.00809
106	0.01427	0.01405	0.02138	0.34901	0.34388	0.06136	0.01739	0.01834	0.03420	0.01806	0.01156	0.01582	0.00927	0.00620	0.00676	0.00198	0.03963	0.00549	0.00304	0.00830
107	0.01190	0.01131	0.01960	0.68221	0.04092	0.01370	0.06649	0.01608	0.01270	0.01632	0.01210	0.01888	0.00954	0.00662	0.00641	0.00211	0.00835	0.03486	0.00292	0.00698
108	0.01437	0.01373	0.02340	0.24699	0.54161	0.01453	0.01860	0.01820	0.01369	0.01908	0.01153	0.01576	0.00942	0.00575	0.00619	0.00192	0.00766	0.00555	0.00299	0.00902
109	0.01219	0.01153	0.01935	0.66784	0.11035	0.01413	0.01735	0.01620	0.01252	0.01632	0.01103	0.01639	0.00845	0.00633	0.00674	0.00208	0.03566	0.00554	0.00280	0.00721
110	0.00883	0.00636	0.00841	0.00834	0.00969	0.00594	0.00634	0.01156	0.01666	0.02330	0.58400	0.12624	0.05432	0.01396	0.00756	0.00212	0.00333	0.09063	0.00662	0.00578
111	0.00939	0.00625	0.00782	0.00743	0.00889	0.00586	0.00557	0.01232	0.01671	0.02463	0.59302	0.04181	0.05010	0.01163	0.00674	0.00186	0.00293	0.01016	0.17103	0.00586
112	0.00882	0.00637	0.00833	0.00784	0.00931	0.00588	0.00588	0.01176	0.01764	0.02499	0.73888	0.04654	0.05879	0.01274	0.00735	0.00196	0.00294	0.01127	0.00686	0.00588
113	0.01292	0.01107	0.01292	0.00923	0.01477	0.00831	0.00738	0.01569	0.01292	0.02030	0.01107	0.01292	0.00923	0.00461	0.00461	0.00092	0.00461	0.00369	0.00369	0.81912
114	0.36667	0.01179	0.01055	0.00936	0.01272	0.04977	0.00748	0.11512	0.01501	0.07075	0.02470	0.07790	0.16727	0.00959	0.00560	0.00201	0.00505	0.02656	0.00500	0.00709
115	0.02795	0.01060	0.01446	0.01109	0.01591	0.00916	0.00916	0.03036	0.01783	0.74648	0.02458	0.02121	0.01542	0.00771	0.00627	0.00193	0.00530	0.00627	0.00771	0.01060
116	0.00940	0.00671	0.00930	0.01074	0.01189	0.00662	0.00892	0.01180	0.01371	0.01793	0.03334	0.25545	0.03726	0.01782	0.00843	0.00278	0.00518	0.52139	0.00575	0.00556
117	0.01265	0.01167	0.01915	0.67513	0.09095	0.01420	0.01714	0.05334	0.01347	0.01746	0.01132	0.01644	0.00854	0.00625	0.00623	0.00205	0.00817	0.00554	0.00297	0.00732
118	0.00863	0.00673	0.00896	0.00830	0.01005	0.00609	0.03559	0.01120	0.01628	0.02216	0.49491	0.09941	0.22112	0.01364	0.00739	0.00204	0.00336	0.01201	0.00637	0.00578
119	0.00836	0.00607	0.00788	0.00900	0.00988	0.00574	0.00669	0.00997	0.01285	0.01678	0.05697	0.42928	0.12506	0.06629	0.00954	0.00277	0.00427	0.20170	0.00568	0.00521
120	0.01228	0.00710	0.00722	0.00698	0.00879	0.00746	0.00530	0.01770	0.13581	0.02371	0.02119	0.02323	0.01649	0.00746	0.00469	0.00156	0.00325	0.00602	0.67724	0.00650
121	0.00759	0.00542	0.00723	0.00868	0.00904	0.00506	0.00578	0.00868	0.01193	0.01591	0.03434	0.77697	0.04121	0.01952	0.00795	0.00253	0.00361	0.01771	0.00578	0.00506
122	0.01409	0.01345	0.02289	0.30294	0.48786	0.01445	0.01846	0.01796	0.01356	0.01874	0.01148	0.01585	0.00930	0.00580	0.00619	0.00193	0.00773	0.00555	0.00297	0.00880
123	0.01552	0.01261	0.01432	0.01046	0.01587	0.01097	0.00846	0.18609	0.01687	0.02488	0.01201	0.01341	0.00956	0.00531	0.00501	0.00115	0.00516	0.00415	0.00431	0.62389
124	0.59587	0.23111	0.01582	0.00889	0.01317	0.01700	0.00786	0.01841	0.01119	0.02419	0.00867	0.01009	0.00710	0.00566	0.00390	0.00176	0.00534	0.00336	0.00352	0.00710
125	0.01177	0.01107	0.01869	0.76606	0.04291	0.01384	0.01730	0.01592	0.01246	0.01592	0.01107	0.01661	0.00831	0.00623	0.00623	0.00208	0.00831	0.00554	0.00277	0.00692
126	0.01684	0.01495	0.02403	0.03498	0.65028	0.04070	0.01796	0.02035	0.01464	0.08628	0.01282	0.01580	0.01031	0.00578	0.00616	0.00185	0.00735	0.00556	0.00351	0.00984
127	0.00892	0.00659	0.00959	0.00959	0.01055	0.00756	0.00725	0.01085	0.00989	0.01415	0.01708	0.02664	0.01652	0.14439	0.65997	0.00948	0.01527	0.00699	0.00340	0.00533
128	0.01161	0.00581	0.00581	0.00581	0.00726	0.00581	0.00436	0.01452	0.01307	0.02323	0.02033	0.02323	0.01597	0.00726	0.00436	0.00145	0.00290	0.00581	0.81562	0.00581
129	0.01395	0.01438	0.02207	0.01798	0.01968	0.04181	0.16950	0.01690	0.04150	0.01670	0.01156	0.04339	0.01087	0.00988	0.01568	0.00252	0.49531	0.02592	0.00318	0.00722
130	0.00843	0.00607	0.00798	0.00810	0.00922	0.00562	0.00585	0.01079	0.01585	0.02214	0.51805	0.27549	0.05328	0.01486	0.00754	0.00214	0.00315	0.01329	0.00652	0.00562
131	0.79107	0.04453	0.01014	0.00830	0.01222	0.01443	0.00691	0.01833	0.01069	0.02740	0.00867	0.01012	0.00680	0.00576	0.00386	0.00190	0.00490	0.00337	0.00381	0.00680
132	0.01177	0.01107	0.01869	0.76606	0.04291	0.01384	0.01730	0.01592	0.01246	0.01592	0.01107	0.01661	0.00831	0.00623	0.00623	0.00208	0.00831	0.00554	0.00277	0.00692
133	0.00773	0.00553	0.00735	0.00858	0.00907	0.00515	0.00579	0.00902	0.01257	0.01693	0.11360	0.69479	0.04319	0.01876	0.00788	0.00247	0.00354	0.01699	0.00590	0.00515
134	0.02417	0.01668	0.01822	0.01397	0.01894	0.01818	0.01154	0.64365	0.02800	0.11883	0.01604	0.01566	0.01114	0.00751	0.00624	0.00188	0.00668	0.00568	0.00640	0.01060
135	0.01481	0.01449	0.01900	0.01617	0.01671	0.04355	0.01343	0.07564	0.01150	0.01708	0.00881	0.01367	0.00838	0.01046	0.01874	0.00262	0.67934	0.00542	0.00304	0.00715
136	0.01250	0.03223	0.74875	0.01776	0.02697	0.01447	0.02302	0.01973	0.01315	0.01973	0.01118	0.01315	0.00789	0.00592	0.00592	0.00197	0.00921	0.00460	0.00263	0.00921
137	0.00877	0.00637	0.00826	0.00778	0.00928	0.00586	0.00584	0.01166	0.01751	0.02469	0.71480	0.04702	0.08305	0.01285	0.00735	0.00196	0.00295	0.01133	0.00682	0.00586
138	0.82504	0.01205	0.00916	0.00819	0.01205	0.01398	0.00675	0.01832	0.01060	0.02795	0.00868	0.01012	0.00675	0.00578	0.00386	0.00193	0.00482	0.00337	0.00386	0.00675
139	0.01082	0.00541	0.00812	0.00812	0.00812	0.00541	0.00541	0.00812	0.00812	0.01082	0.01082	0.01894	0.01082	0.02165	0.02435	0.81872	0.00541	0.00541	0.00271	0.00271
140	0.01506	0.01474	0.02504	0.03366	0.56805	0.01560	0.06754	0.01847	0.01343	0.01941	0.01118	0.01521	0.00955	0.00645	0.00869	0.00202	0.13795	0.00566	0.00303	0.00924
141	0.00919	0.00711	0.01058	0.01041	0.01145	0.00849	0.00815	0.01137	0.00998	0.01450	0.01616	0.02380	0.01512	0.04450	0.71058	0.00956	0.06351	0.00660	0.00330	0.00564
142	0.01469	0.01538	0.03017	0.10894	0.32383	0.01517	0.35929	0.01919	0.01426	0.01970	0.01208	0.01622	0.00950	0.00548	0.00675	0.00200	0.00900	0.00643	0.00308	0.00885
143	0.04671	0.32673	0.02388	0.01285	0.01723	0.07702	0.04028	0.10605	0.01577	0.16745	0.01285	0.01369	0.00987	0.00683	0.00693	0.00176	0.09659	0.00468	0.00423	0.00862
144	0.00882	0.00637	0.00833	0.00784	0.00931	0.00588	0.00588	0.01176	0.01764	0.02499	0.73888	0.04654	0.05879	0.01274	0.00735	0.00196	0.00294	0.01127	0.00686	0.00588
145	0.00870	0.00636	0.00817	0.00772	0.00924	0.00583	0.00579	0.01153	0.01736	0.02433	0.68448	0.04762	0.11360	0.01298	0.00735	0.00197	0.00296	0.01142	0.00677	0.00583
146	0.01385	0.01303	0.01961	0.53033	0.15887	0.04565	0.01674	0.06717	0.03969	0.01866	0.01191	0.01630	0.00910	0.00629	0.00620	0.00200	0.00805	0.00553	0.00321	0.00780
147	0.01944	0.01447	0.01592	0.01439	0.06257	0.04618	0.01075	0.21339	0.32879	0.13249	0.05858	0.02098	0.01732	0.00804	0.00631	0.00198	0.00581	0.00655	0.00620	0.00984
148	0.00759	0.00542	0.00723	0.00868	0.00904	0.00506	0.00578	0.00868	0.01193	0.01591	0.03434	0.77697	0.04121	0.01952	0.00795	0.00253	0.00361	0.01771	0.00578	0.00506
149	0.01250	0.03223	0.74875	0.01776	0.02697	0.01447	0.02302	0.01973	0.01315	0.01973	0.01118	0.01315	0.00789	0.00592	0.00592	0.00197	0.00921	0.00460	0.00263	0.00921
150	0.04171	0.06409	0.01658	0.14144	0.02097	0.16478	0.01126	0.05637	0.16545	0.18680	0.01801	0.05625	0.01385	0.00774	0.00602	0.00192	0.00700	0.00614	0.00507	0.00857
151	0.01542	0.01480	0.02529	0.03824	0.74217	0.01480	0.01912	0.01912	0.01419	0.02036	0.01172	0.01542	0.00987	0.00555	0.00617	0.00185	0.00740	0.00555	0.00308	0.00987
152	0.01177	0.01107	0.01869	0.76606	0.04291	0.01384	0.01730	0.01592	0.01246	0.01592	0.01107	0.01661	0.00831	0.00623	0.00623	0.00208	0.00831	0.00554	0.00277	0.00692
153	0.01455	0.01391	0.02371	0.21237	0.57487	0.01457	0.01869	0.01836	0.01377	0.01929	0.01157	0.01571	0.00950	0.00571	0.00618	0.00190	0.00762	0.00555	0.00301	0.00916
154	0.04186	0.00741	0.00929	0.00840	0.01066	0.00674	0.00641	0.01538	0.01616	0.18410	0.36824	0.10847	0.14577	0.03355	0.00771	0.00214	0.00371	0.01068	0.00660	0.00674
155	0.01466	0.01403	0.02392	0.18919	0.59715	0.01460	0.01874	0.01846	0.01383	0.01944	0.01159	0.01567	0.00954	0.00569	0.00618	0.00190	0.00759	0.00555	0.00302	0.00926
156	0.02098	0.01275	0.05366	0.01246	0.01671	0.01167	0.03943	0.16207	0.09228	0.33942	0.02323	0.14881	0.01861	0.00956	0.00658	0.00205	0.00570	0.00813	0.00649	0.00941
157	0.00959	0.00827	0.01232	0.13579	0.01699	0.00839	0.07110	0.01226	0.01429	0.01885	0.22757	0.06190	0.23380	0.05389	0.03551	0.00261	0.02697	0.03886	0.00506	0.00598
158	0.00881	0.00672	0.00880	0.00969	0.03576	0.00655	0.00669	0.01123	0.03943	0.01920	0.24348	0.36660	0.10782	0.03682	0.00862	0.00240	0.02476	0.04503	0.00588	0.00571
159	0.03323	0.05697	0.15383	0.13153	0.04267	0.03648	0.03241	0.11498	0.11434	0.08887	0.01638	0.01792	0.03519	0.00874	0.03298	0.00228	0.06244	0.00578	0.00432	0.00865
160	0.00821	0.00621	0.00766	0.00784	0.00919	0.00574	0.00577	0.01022	0.01446	0.01925	0.28958	0.19537	0.24940	0.04540	0.06573	0.00292	0.00442	0.04130	0.00590	0.00543
161	0.01475	0.01400	0.02280	0.35869	0.15574	0.06612	0.15947	0.01871	0.01400	0.06367	0.01317	0.01861	0.01039	0.00648	0.00651	0.00203	0.00851	0.03505	0.00337	0.00793
162	0.01420	0.01365	0.02202	0.09010	0.43278	0.01550	0.01670	0.01718	0.01246	0.01810	0.01098	0.01558	0.00962	0.00972	0.05756	0.00263	0.22415	0.00559	0.00297	0.00849
163	0.01408	0.01583	0.06453	0.37251	0.13718	0.14042	0.01572	0.01761	0.01384	0.01717	0.05131	0.01852	0.04151	0.00712	0.00693	0.00198	0.04724	0.00583	0.00322	0.00743
164	0.01604	0.22873	0.06350	0.16691	0.18814	0.13057	0.06467	0.01972	0.03360	0.01724	0.01084	0.01372	0.00889	0.00583	0.00558	0.00175	0.00821	0.00482	0.00300	0.00824
165	0.03669	0.04637	0.08029	0.11830	0.37708	0.01355	0.05883	0.01766	0.01381	0.03928	0.03622	0.06600	0.05433	0.00735	0.00629	0.00195	0.00709	0.00680	0.00357	0.00855
166	0.00829	0.00612	0.00852	0.01057	0.04815	0.00582	0.00699	0.00973	0.01233	0.01647	0.03299	0.65294	0.03892	0.01851	0.00794	0.00253	0.00407	0.09808	0.00564	0.00539
167	0.01534	0.01669	0.07594	0.09140	0.55942	0.05646	0.05578	0.01928	0.01420	0.01966	0.01156	0.01519	0.00948	0.00566	0.00619	0.00188	0.00798	0.00549	0.00304	0.00937
168	0.01506	0.01447	0.02449	0.08920	0.65383	0.01496	0.01870	0.01867	0.01382	0.01976	0.01149	0.01541	0.00967	0.00588	0.00693	0.00191	0.04765	0.00555	0.00304	0.00950
169	0.00765	0.00576	0.00698	0.00784	0.00874	0.00521	0.00537	0.00890	0.01269	0.01636	0.07143	0.49384	0.24938	0.05827	0.00900	0.00256	0.00358	0.01563	0.00572	0.00509
170	0.01523	0.01322	0.01441	0.06577	0.01808	0.01538	0.01039	0.03190	0.68028	0.02535	0.02435	0.02278	0.01826	0.00830	0.00633	0.00211	0.00517	0.00694	0.00609	0.00965
171	0.01363	0.01195	0.01947	0.06628	0.44253	0.01222	0.01472	0.01662	0.01414	0.04040	0.13614	0.07463	0.02036	0.00879	0.00797	0.03631	0.04420	0.00738	0.00399	0.00827
172	0.04349	0.04414	0.16753	0.07389	0.18323	0.01358	0.13308	0.04792	0.02973	0.05777	0.01604	0.13153	0.01441	0.00801	0.00644	0.00203	0.00746	0.00743	0.00385	0.00844
173	0.02785	0.01077	0.01456	0.01116	0.01599	0.00940	0.00922	0.04687	0.01811	0.72959	0.02435	0.02106	0.01531	0.00771	0.00626	0.00193	0.00534	0.00625	0.00768	0.01060
174	0.29191	0.01376	0.04618	0.20472	0.06060	0.01498	0.01200	0.11371	0.14063	0.02531	0.01332	0.01513	0.01003	0.00659	0.00542	0.00199	0.00632	0.00503	0.00424	0.00812

[dist]
# distance from previous block
# <min> <max>
0	2

[block]
# block no. 1 follows, 36 sequences, length 20
# corresponding to MSA columns:
# 199-202,210-225
name=unknown_B
#
# <colnr> <probs for GDERKNQSTAVLIFYWHMCP>
#	G	D	E	R	K	N	Q	S	T	A	V	L	I	F	Y	W	H	M	C	P
0	0.01485	0.05103	0.37032	0.02112	0.12022	0.01446	0.17304	0.02060	0.02838	0.08544	0.01358	0.03522	0.01028	0.00627	0.00629	0.00198	0.00858	0.00583	0.00342	0.00910
1	0.01828	0.01591	0.01990	0.03854	0.34567	0.13801	0.01451	0.05769	0.03102	0.12701	0.05685	0.01938	0.01427	0.00727	0.00693	0.00191	0.04356	0.02998	0.00431	0.00899
2	0.00862	0.00636	0.00809	0.00796	0.00945	0.00584	0.00603	0.01123	0.01648	0.02266	0.53500	0.09889	0.15722	0.01400	0.00749	0.00209	0.00324	0.06709	0.00654	0.00572
3	0.07666	0.01282	0.03159	0.01238	0.01701	0.01231	0.04429	0.15767	0.09497	0.39861	0.06041	0.02053	0.01627	0.00774	0.00621	0.00195	0.00573	0.00633	0.00665	0.00987
4	0.01493	0.01440	0.02476	0.10807	0.61131	0.01452	0.05363	0.01872	0.01400	0.01990	0.01168	0.01552	0.00967	0.00557	0.00618	0.00185	0.00754	0.00557	0.00308	0.03910
5	0.09308	0.01285	0.01906	0.12407	0.07034	0.03861	0.14937	0.04590	0.07298	0.17842	0.05363	0.05683	0.01606	0.00786	0.00644	0.00204	0.00689	0.03228	0.00492	0.00838
6	0.01588	0.00965	0.01143	0.00989	0.01300	0.00954	0.00777	0.04636	0.19762	0.21696	0.22509	0.03513	0.15404	0.01066	0.00677	0.00201	0.00425	0.00900	0.00675	0.00820
7	0.02138	0.01687	0.20169	0.01674	0.12187	0.01175	0.01413	0.02627	0.06669	0.40846	0.01942	0.01849	0.01298	0.00700	0.00617	0.00194	0.00656	0.00580	0.00567	0.01009
8	0.01381	0.01300	0.05122	0.06425	0.12027	0.01054	0.01072	0.05771	0.01404	0.02110	0.01140	0.01365	0.00927	0.00509	0.00510	0.00124	0.00561	0.00423	0.00364	0.56411
9	0.01019	0.04503	0.01439	0.01174	0.01358	0.00938	0.11540	0.01233	0.01062	0.01474	0.01639	0.02655	0.01599	0.21539	0.43187	0.00744	0.01270	0.00719	0.00338	0.00568
10	0.01775	0.01802	0.01731	0.01488	0.01864	0.20366	0.07681	0.05959	0.45257	0.02332	0.01972	0.01924	0.01497	0.00760	0.00625	0.00197	0.00714	0.00624	0.00524	0.00909
11	0.02112	0.03190	0.05562	0.01982	0.20183	0.06318	0.04313	0.11086	0.08947	0.27228	0.01771	0.01769	0.01251	0.00688	0.00618	0.00190	0.00683	0.00583	0.00537	0.00990
12	0.00791	0.00626	0.00712	0.00706	0.00879	0.00547	0.00524	0.00995	0.01528	0.01975	0.30858	0.11116	0.43539	0.01496	0.00740	0.00208	0.00311	0.01282	0.00618	0.00547
13	0.00748	0.00620	0.00657	0.00684	0.00865	0.00529	0.00506	0.00903	0.01386	0.01675	0.05777	0.16953	0.61078	0.01640	0.00749	0.00219	0.00331	0.03576	0.00578	0.00524
14	0.01725	0.02140	0.12030	0.07992	0.27780	0.22358	0.09928	0.05109	0.01561	0.01928	0.01126	0.01417	0.00896	0.00594	0.00613	0.00184	0.00913	0.00520	0.00318	0.00868
15	0.04535	0.01817	0.02000	0.01726	0.08768	0.08808	0.05384	0.52852	0.02539	0.03377	0.01383	0.01462	0.01011	0.00702	0.00617	0.00186	0.00748	0.00549	0.00540	0.00997
16	0.00918	0.00642	0.00876	0.00876	0.00959	0.00713	0.00638	0.01084	0.01001	0.01455	0.01782	0.02892	0.01758	0.24823	0.48994	0.00817	0.01254	0.00727	0.07284	0.00509
17	0.82504	0.01205	0.00916	0.00819	0.01205	0.01398	0.00675	0.01832	0.01060	0.02795	0.00868	0.01012	0.00675	0.00578	0.00386	0.00193	0.00482	0.00337	0.00386	0.00675
18	0.00890	0.00668	0.01001	0.01001	0.01113	0.00779	0.00779	0.01113	0.01001	0.01446	0.01669	0.02448	0.01558	0.04673	0.75634	0.01001	0.01669	0.00668	0.00334	0.00556
19	0.01751	0.02235	0.09111	0.09527	0.08298	0.39008	0.01340	0.02016	0.01549	0.01680	0.05109	0.06119	0.04394	0.00798	0.00676	0.00186	0.04520	0.00600	0.00352	0.00732

[dist]
# distance from previous block
# <min> <max>
0	66

# created by:
# /home/cegg/simao/soft/augustus-3.2.1/scripts/msa2prfl.pl ./align_prep/EOG090W0DHR.fa
