[name]
unknown

[dist]
# distance from previous block
# <min> <max>
0	47

[block]
# block no. 0 follows, 29 sequences, length 30
# corresponding to MSA columns:
# 47-76
name=unknown_A
#
# <colnr> <probs for GDERKNQSTAVLIFYWHMCP>
#	G	D	E	R	K	N	Q	S	T	A	V	L	I	F	Y	W	H	M	C	P
0	0.04319	0.07327	0.09513	0.01525	0.06530	0.01408	0.04038	0.10828	0.05727	0.04449	0.06758	0.11280	0.08026	0.09781	0.01099	0.00282	0.02346	0.00942	0.02969	0.00854
1	0.24548	0.01269	0.01424	0.01145	0.01628	0.01260	0.00940	0.08268	0.01860	0.39666	0.02159	0.02031	0.01445	0.00812	0.00617	0.00214	0.00578	0.00612	0.08489	0.01034
2	0.02707	0.01995	0.02137	0.01638	0.02208	0.02208	0.01353	0.68159	0.03348	0.04488	0.01710	0.01710	0.01211	0.00855	0.00712	0.00214	0.00784	0.00641	0.00712	0.01211
3	0.06754	0.01603	0.05906	0.01205	0.01553	0.15218	0.00983	0.01971	0.07092	0.06353	0.10351	0.12862	0.19468	0.01281	0.00742	0.00224	0.00647	0.01051	0.00584	0.04152
4	0.80005	0.01377	0.01047	0.00936	0.01377	0.01597	0.00771	0.02093	0.01212	0.03195	0.00991	0.01157	0.00771	0.00661	0.00441	0.00220	0.00551	0.00386	0.00441	0.00771
5	0.01984	0.67748	0.03549	0.01284	0.01867	0.10185	0.01235	0.02208	0.01508	0.01682	0.01002	0.01157	0.00914	0.00622	0.00477	0.00156	0.00817	0.00389	0.00311	0.00904
6	0.01774	0.05692	0.06435	0.31210	0.10101	0.04780	0.08077	0.08870	0.05995	0.05784	0.01485	0.01843	0.01118	0.00742	0.00755	0.00227	0.03106	0.00641	0.00419	0.00948
7	0.02448	0.01719	0.01876	0.01488	0.01974	0.01879	0.01198	0.45709	0.12669	0.10366	0.02044	0.02215	0.01544	0.08338	0.01008	0.00266	0.00725	0.00712	0.00702	0.01120
8	0.01554	0.01502	0.02525	0.06364	0.02632	0.01349	0.26072	0.03865	0.03740	0.02354	0.03510	0.04300	0.01387	0.00674	0.00690	0.00181	0.00805	0.00690	0.00428	0.35376
9	0.01145	0.00826	0.01061	0.01117	0.04857	0.00864	0.00704	0.04217	0.01269	0.01747	0.06856	0.03938	0.02530	0.44596	0.20590	0.00725	0.00988	0.00944	0.00452	0.00574
10	0.01022	0.00743	0.01046	0.01046	0.01138	0.00836	0.00767	0.01208	0.01115	0.01580	0.01998	0.03298	0.01998	0.24063	0.53728	0.01022	0.01580	0.00836	0.00395	0.00581
11	0.01836	0.01926	0.02788	0.20135	0.18204	0.12918	0.17899	0.06814	0.01737	0.02211	0.01308	0.01742	0.01033	0.00716	0.00835	0.00227	0.05708	0.00656	0.00370	0.00940
12	0.02071	0.02417	0.05204	0.10411	0.07139	0.29371	0.16956	0.07071	0.05627	0.02195	0.01458	0.04115	0.01189	0.00764	0.00720	0.00215	0.01086	0.00666	0.00410	0.00916
13	0.01327	0.00664	0.00664	0.00664	0.00830	0.00664	0.00498	0.01659	0.01493	0.02655	0.02323	0.02655	0.01825	0.00830	0.00498	0.00166	0.00332	0.00664	0.78928	0.00664
14	0.01048	0.00806	0.01065	0.09550	0.01550	0.00806	0.00839	0.04593	0.01663	0.02218	0.19893	0.36494	0.13305	0.01737	0.00850	0.00257	0.00470	0.01542	0.00652	0.00661
15	0.04300	0.07846	0.12418	0.06028	0.07002	0.04256	0.12864	0.13436	0.01843	0.06297	0.01835	0.02166	0.05182	0.04214	0.04516	0.00288	0.03404	0.00699	0.00456	0.00951
16	0.01835	0.05734	0.05981	0.08135	0.21082	0.16733	0.01566	0.04465	0.12742	0.02246	0.03637	0.04922	0.03455	0.03457	0.00799	0.00231	0.00858	0.00715	0.00454	0.00951
17	0.01309	0.00669	0.00692	0.00692	0.00855	0.00677	0.00520	0.01637	0.01473	0.02597	0.02299	0.02663	0.01823	0.01091	0.04647	0.00223	0.00423	0.00669	0.74380	0.00662
18	0.03871	0.01706	0.11985	0.11144	0.09733	0.04158	0.03452	0.05806	0.11907	0.02426	0.09838	0.08516	0.04601	0.01207	0.03860	0.00274	0.03251	0.00862	0.00506	0.00901
19	0.01613	0.03958	0.01979	0.16117	0.14747	0.05582	0.03756	0.10295	0.07850	0.02386	0.02664	0.09682	0.11309	0.01085	0.00753	0.00234	0.00751	0.03836	0.00509	0.00894
20	0.04325	0.09800	0.14897	0.04451	0.02386	0.08461	0.10441	0.06625	0.09994	0.10150	0.02106	0.06525	0.04958	0.00888	0.00702	0.00221	0.00843	0.00751	0.00505	0.00970
21	0.02389	0.02754	0.01949	0.04310	0.02176	0.48850	0.01344	0.11445	0.02083	0.02174	0.05047	0.01672	0.01320	0.01027	0.03997	0.00243	0.05371	0.00559	0.00432	0.00857
22	0.01328	0.00702	0.00757	0.05247	0.01087	0.00722	0.00591	0.01669	0.01489	0.02602	0.02256	0.02607	0.01770	0.00822	0.00511	0.00170	0.00371	0.00662	0.73966	0.00672
23	0.01898	0.08428	0.08986	0.04764	0.02368	0.01877	0.09914	0.20079	0.22497	0.02974	0.02322	0.02346	0.06588	0.00881	0.00716	0.00224	0.00770	0.00746	0.00574	0.01048
24	0.02035	0.05170	0.14070	0.06471	0.08893	0.20623	0.03938	0.02530	0.06749	0.11076	0.01737	0.07243	0.01435	0.00876	0.00767	0.00220	0.04058	0.00694	0.00462	0.00952
25	0.13908	0.38691	0.05353	0.01326	0.01863	0.14934	0.01210	0.06260	0.01654	0.04652	0.01177	0.01318	0.00973	0.00675	0.00523	0.00178	0.00816	0.00439	0.03150	0.00901
26	0.36257	0.01224	0.01217	0.01242	0.06183	0.03500	0.00890	0.01854	0.04129	0.02768	0.19060	0.05551	0.06925	0.01154	0.02655	0.00253	0.03026	0.00801	0.00546	0.00765
27	0.01498	0.13734	0.07310	0.03977	0.03723	0.03387	0.09650	0.07282	0.05527	0.02154	0.02373	0.13912	0.07141	0.04269	0.10535	0.00367	0.00919	0.00936	0.00472	0.00834
28	0.01380	0.01582	0.14026	0.01454	0.05119	0.05108	0.01206	0.01865	0.09228	0.03915	0.02102	0.09210	0.02039	0.22002	0.14019	0.00520	0.03124	0.00882	0.00455	0.00764
29	0.01456	0.01389	0.06996	0.03998	0.15936	0.05231	0.01247	0.01799	0.03821	0.06257	0.02453	0.03169	0.09712	0.16005	0.16925	0.00512	0.01011	0.00834	0.00452	0.00797

[dist]
# distance from previous block
# <min> <max>
2	25

[block]
# block no. 1 follows, 29 sequences, length 36
# corresponding to MSA columns:
# 102-137
name=unknown_B
#
# <colnr> <probs for GDERKNQSTAVLIFYWHMCP>
#	G	D	E	R	K	N	Q	S	T	A	V	L	I	F	Y	W	H	M	C	P
0	0.01308	0.03219	0.05399	0.01078	0.01315	0.03184	0.00845	0.08243	0.01470	0.01957	0.02550	0.08678	0.09320	0.26447	0.12857	0.04456	0.00862	0.00950	0.00474	0.05388
1	0.01546	0.13864	0.07752	0.01300	0.01628	0.06926	0.01109	0.03986	0.08167	0.05428	0.02392	0.25994	0.02458	0.04000	0.04709	0.02588	0.03767	0.01070	0.00519	0.00799
2	0.05749	0.01693	0.02254	0.09831	0.17049	0.06637	0.09416	0.16006	0.08394	0.02719	0.02103	0.04029	0.07041	0.00993	0.02741	0.00250	0.00855	0.00761	0.00500	0.00979
3	0.00985	0.00774	0.01060	0.05191	0.04273	0.00775	0.00863	0.01173	0.01441	0.01902	0.05601	0.47737	0.13030	0.01938	0.00944	0.00279	0.03515	0.07267	0.00617	0.00634
4	0.01117	0.00881	0.00996	0.01020	0.01186	0.00902	0.00719	0.01710	0.18509	0.02064	0.04056	0.32095	0.16728	0.13135	0.01271	0.00330	0.00484	0.01459	0.00641	0.00699
5	0.05844	0.01303	0.01970	0.04778	0.08304	0.01327	0.12025	0.11030	0.01728	0.08238	0.02183	0.19714	0.02109	0.03793	0.04720	0.02533	0.03026	0.01013	0.00531	0.03831
6	0.01216	0.00618	0.00922	0.00931	0.00934	0.00616	0.00621	0.00931	0.00952	0.01269	0.01387	0.06199	0.01431	0.02460	0.02678	0.74878	0.00607	0.00697	0.00329	0.00324
7	0.02122	0.01913	0.01907	0.11946	0.02448	0.13083	0.01334	0.23822	0.20563	0.03030	0.01825	0.01902	0.01371	0.00812	0.00685	0.00209	0.00802	0.00633	0.00573	0.09020
8	0.01404	0.00738	0.00746	0.00718	0.00906	0.00750	0.00545	0.05368	0.01597	0.02757	0.02289	0.02602	0.01791	0.00831	0.00510	0.00169	0.00357	0.00662	0.74567	0.00694
9	0.01760	0.03764	0.09808	0.05049	0.17611	0.04467	0.13352	0.05420	0.01714	0.09927	0.03842	0.06659	0.05581	0.01232	0.06334	0.00297	0.00937	0.00816	0.00473	0.00958
10	0.01802	0.50286	0.23732	0.01492	0.02220	0.06117	0.01647	0.02206	0.01494	0.01851	0.01081	0.01257	0.00910	0.00636	0.00532	0.00176	0.00875	0.00428	0.00307	0.00950
11	0.01662	0.24859	0.46085	0.01775	0.02645	0.07322	0.02119	0.02263	0.01526	0.02045	0.01179	0.01380	0.00907	0.00661	0.00609	0.00201	0.00984	0.00478	0.00307	0.00994
12	0.01327	0.00664	0.00664	0.00664	0.00830	0.00664	0.00498	0.01659	0.01493	0.02655	0.02323	0.02655	0.01825	0.00830	0.00498	0.00166	0.00332	0.00664	0.78928	0.00664
13	0.07916	0.01795	0.06409	0.16270	0.21877	0.01769	0.18287	0.12409	0.01829	0.02620	0.01378	0.01758	0.01055	0.00679	0.00719	0.00225	0.00932	0.00661	0.00408	0.01003
14	0.01017	0.00763	0.01144	0.01144	0.01272	0.00890	0.00890	0.01272	0.01144	0.01653	0.01907	0.02797	0.01780	0.05340	0.72153	0.01144	0.01907	0.00763	0.00381	0.00636
15	0.10734	0.12181	0.06482	0.05254	0.07960	0.14404	0.01356	0.06138	0.07490	0.03956	0.01820	0.02341	0.04228	0.00960	0.00796	0.03501	0.03103	0.05958	0.00454	0.00882
16	0.01327	0.00664	0.00664	0.00664	0.00830	0.00664	0.00498	0.01659	0.01493	0.02655	0.02323	0.02655	0.01825	0.00830	0.00498	0.00166	0.00332	0.00664	0.78928	0.00664
17	0.01194	0.00872	0.01182	0.01322	0.01503	0.00890	0.01146	0.01646	0.06641	0.02194	0.03706	0.07634	0.03956	0.01893	0.00964	0.00321	0.00649	0.60937	0.00661	0.00691
18	0.01265	0.00700	0.01036	0.01009	0.01009	0.00754	0.00700	0.00996	0.00942	0.01278	0.01211	0.02112	0.01211	0.02367	0.02744	0.72433	0.06955	0.00619	0.00309	0.00350
19	0.01628	0.12718	0.06980	0.27183	0.18667	0.01713	0.06376	0.02062	0.01563	0.05498	0.05485	0.01949	0.01382	0.00717	0.00681	0.00212	0.00855	0.00640	0.00384	0.03305
20	0.01784	0.01476	0.01568	0.01405	0.01806	0.01683	0.01095	0.03633	0.63087	0.05752	0.03110	0.02856	0.05548	0.01004	0.00730	0.00241	0.00555	0.00836	0.00728	0.01104
21	0.01112	0.00818	0.01014	0.00949	0.01144	0.00799	0.00716	0.01643	0.09798	0.02860	0.59032	0.04880	0.05952	0.01368	0.00810	0.00223	0.00362	0.01201	0.04596	0.00724
22	0.06189	0.28681	0.19118	0.01480	0.02075	0.05864	0.04289	0.03789	0.01568	0.04057	0.07576	0.01954	0.01587	0.05748	0.00855	0.00230	0.03058	0.00591	0.00397	0.00893
23	0.04210	0.01186	0.01454	0.01239	0.01573	0.04594	0.03128	0.04196	0.04559	0.26869	0.04556	0.06831	0.08291	0.09157	0.12131	0.00418	0.03194	0.00892	0.00639	0.00884
24	0.01103	0.00767	0.00853	0.00838	0.00875	0.00789	0.00495	0.01287	0.07287	0.01527	0.02304	0.04476	0.02551	0.68192	0.03359	0.00649	0.00679	0.01014	0.00458	0.00495
25	0.01307	0.01308	0.07872	0.03640	0.03564	0.01187	0.05942	0.01900	0.13277	0.03868	0.07739	0.25626	0.06321	0.04686	0.01060	0.00280	0.06332	0.02717	0.00576	0.00800
26	0.04481	0.06818	0.18991	0.09828	0.09640	0.03850	0.01765	0.24545	0.02178	0.08910	0.01530	0.01684	0.01106	0.00751	0.00677	0.00215	0.00864	0.00589	0.00503	0.01075
27	0.01361	0.01282	0.02061	0.46563	0.11920	0.01550	0.01774	0.01755	0.01413	0.01870	0.01806	0.02332	0.07354	0.01061	0.03897	0.00281	0.09842	0.00717	0.00354	0.00806
28	0.45807	0.01868	0.01680	0.01589	0.07748	0.14258	0.04607	0.10372	0.01678	0.02972	0.01153	0.01340	0.00898	0.00692	0.00554	0.00213	0.00770	0.00476	0.00449	0.00876
29	0.01144	0.00676	0.00926	0.00947	0.01000	0.00669	0.00647	0.02813	0.01165	0.01539	0.02438	0.17889	0.08374	0.05487	0.05839	0.45926	0.00627	0.01020	0.00435	0.00439
30	0.05007	0.07878	0.02280	0.11329	0.10087	0.07192	0.09131	0.06827	0.06967	0.04113	0.01679	0.08389	0.01466	0.00846	0.00732	0.00210	0.03036	0.00726	0.00454	0.11651
31	0.01134	0.00868	0.01001	0.00926	0.01177	0.00817	0.00700	0.01638	0.10420	0.02544	0.31649	0.08102	0.19259	0.01365	0.00769	0.00217	0.00392	0.01173	0.07871	0.07978
32	0.01421	0.01206	0.01417	0.01049	0.01627	0.00915	0.00827	0.01720	0.01466	0.02274	0.01509	0.08170	0.01390	0.00683	0.00562	0.00122	0.00517	0.00569	0.00444	0.72111
33	0.01770	0.02056	0.04002	0.02894	0.03582	0.08245	0.61846	0.02332	0.01712	0.02232	0.01409	0.01862	0.01065	0.00612	0.00822	0.00235	0.01208	0.00805	0.00361	0.00948
34	0.01036	0.00690	0.00777	0.00777	0.00777	0.00690	0.00431	0.01036	0.01036	0.01381	0.02244	0.04660	0.02589	0.74975	0.03624	0.00690	0.00690	0.01036	0.00431	0.00431
35	0.01371	0.01280	0.01717	0.01537	0.01589	0.03727	0.01237	0.01545	0.01130	0.01665	0.01369	0.02229	0.01355	0.09292	0.24633	0.00608	0.41966	0.00701	0.00346	0.00703

[dist]
# distance from previous block
# <min> <max>
1	32

[block]
# block no. 2 follows, 29 sequences, length 51
# corresponding to MSA columns:
# 170-206,209-222
name=unknown_C
#
# <colnr> <probs for GDERKNQSTAVLIFYWHMCP>
#	G	D	E	R	K	N	Q	S	T	A	V	L	I	F	Y	W	H	M	C	P
0	0.01237	0.00618	0.00928	0.00928	0.00928	0.00618	0.00618	0.00928	0.00928	0.01237	0.01237	0.02165	0.01237	0.02474	0.02783	0.79283	0.00618	0.00618	0.00309	0.00309
1	0.01477	0.01266	0.01477	0.01055	0.01687	0.00949	0.00844	0.01793	0.01477	0.02320	0.01266	0.01477	0.01055	0.00527	0.00527	0.00105	0.00527	0.00422	0.00422	0.79328
2	0.01036	0.00690	0.00777	0.00777	0.00777	0.00690	0.00431	0.01036	0.01036	0.01381	0.02244	0.04660	0.02589	0.74975	0.03624	0.00690	0.00690	0.01036	0.00431	0.00431
3	0.01007	0.00730	0.00861	0.00834	0.01034	0.00648	0.00623	0.01264	0.01797	0.04418	0.35971	0.10173	0.32128	0.01608	0.00829	0.00233	0.00359	0.01384	0.03446	0.00653
4	0.01375	0.01296	0.02190	0.68312	0.09622	0.01590	0.01992	0.01846	0.01438	0.01856	0.01271	0.01889	0.00962	0.00706	0.00711	0.00235	0.00942	0.00633	0.00319	0.00815
5	0.00969	0.00686	0.00819	0.00880	0.00984	0.00639	0.00614	0.01073	0.01363	0.01763	0.04242	0.24397	0.23216	0.18044	0.01634	0.06848	0.00496	0.07713	0.03078	0.00541
6	0.01022	0.00689	0.00861	0.00943	0.01013	0.00656	0.00638	0.01135	0.01322	0.03886	0.03549	0.37778	0.08431	0.26139	0.01802	0.00420	0.00531	0.08036	0.00592	0.00559
7	0.69796	0.01346	0.01065	0.00957	0.01379	0.01555	0.00781	0.02189	0.06119	0.03148	0.01206	0.01352	0.00933	0.00693	0.00464	0.00219	0.00539	0.00432	0.05035	0.00790
8	0.00971	0.00696	0.00872	0.00972	0.01095	0.00652	0.00726	0.01176	0.01520	0.02026	0.09278	0.34602	0.17131	0.04353	0.00969	0.00288	0.00454	0.15607	0.06005	0.00607
9	0.01681	0.01921	0.04202	0.03001	0.03721	0.01801	0.67947	0.02281	0.01681	0.02281	0.01441	0.01921	0.01080	0.00600	0.00840	0.00240	0.01200	0.00840	0.00360	0.00960
10	0.01428	0.03683	0.71286	0.02030	0.03082	0.01654	0.02631	0.02255	0.01503	0.02255	0.01278	0.01503	0.00902	0.00677	0.00677	0.00226	0.01052	0.00526	0.00301	0.01052
11	0.01449	0.01234	0.01446	0.01045	0.01651	0.00933	0.00834	0.01767	0.01508	0.02351	0.05281	0.01700	0.01385	0.00581	0.00546	0.00112	0.00516	0.00472	0.00443	0.74744
12	0.03195	0.01212	0.01652	0.01267	0.01818	0.01047	0.01047	0.03470	0.02038	0.71026	0.02809	0.02424	0.01763	0.00881	0.00716	0.00220	0.00606	0.00716	0.00881	0.01212
13	0.02707	0.01995	0.02137	0.01638	0.02208	0.02208	0.01353	0.68159	0.03348	0.04488	0.01710	0.01710	0.01211	0.00855	0.00712	0.00214	0.00784	0.00641	0.00712	0.01211
14	0.01098	0.00822	0.01029	0.00961	0.01157	0.00801	0.00726	0.01631	0.09939	0.02870	0.62231	0.05005	0.06183	0.01398	0.00826	0.00226	0.00363	0.01231	0.00777	0.00726
15	0.01082	0.00776	0.00923	0.00952	0.01101	0.00740	0.00670	0.03289	0.05491	0.04420	0.11077	0.35490	0.19252	0.09941	0.01164	0.00308	0.00450	0.01564	0.00661	0.00649
16	0.01036	0.00690	0.00777	0.00777	0.00777	0.00690	0.00431	0.01036	0.01036	0.01381	0.02244	0.04660	0.02589	0.74975	0.03624	0.00690	0.00690	0.01036	0.00431	0.00431
17	0.02707	0.01995	0.02137	0.01638	0.02208	0.02208	0.01353	0.68159	0.03348	0.04488	0.01710	0.01710	0.01211	0.00855	0.00712	0.00214	0.00784	0.00641	0.00712	0.01211
18	0.01051	0.00723	0.00872	0.00897	0.01069	0.00650	0.00659	0.01258	0.01628	0.05949	0.17870	0.25789	0.27163	0.03926	0.00932	0.00266	0.00410	0.05099	0.03146	0.00643
19	0.01089	0.00721	0.00907	0.00990	0.01099	0.00686	0.00682	0.01329	0.05180	0.06287	0.03869	0.54111	0.08860	0.07035	0.01057	0.00303	0.00447	0.01727	0.02976	0.00643
20	0.02660	0.03394	0.02018	0.01834	0.02201	0.72116	0.01376	0.02843	0.02018	0.01743	0.01101	0.01284	0.00917	0.00734	0.00642	0.00183	0.01284	0.00459	0.00367	0.00825
21	0.03488	0.00684	0.00805	0.00867	0.00897	0.00675	0.00533	0.01052	0.01171	0.01611	0.02868	0.32144	0.03369	0.43866	0.02450	0.00517	0.00576	0.01405	0.00522	0.00500
22	0.09308	0.00940	0.01132	0.01052	0.01283	0.00988	0.00808	0.07382	0.01606	0.06952	0.13691	0.07772	0.10208	0.08186	0.24881	0.00571	0.00976	0.00973	0.00567	0.00723
23	0.05191	0.01130	0.01408	0.01178	0.01588	0.01071	0.00954	0.06251	0.07852	0.35600	0.15972	0.03650	0.08456	0.01137	0.00758	0.00231	0.00542	0.05244	0.00790	0.00997
24	0.01612	0.01597	0.02297	0.01926	0.01991	0.02160	0.05419	0.04455	0.01217	0.01860	0.00996	0.01585	0.00954	0.01193	0.02183	0.00303	0.66478	0.00637	0.00331	0.00807
25	0.01204	0.00771	0.00968	0.00956	0.01093	0.00753	0.00684	0.03068	0.01388	0.06794	0.05356	0.13729	0.15134	0.20537	0.11981	0.09010	0.00744	0.04688	0.00547	0.00595
26	0.01657	0.01573	0.02015	0.15667	0.21765	0.08434	0.01556	0.05538	0.11527	0.02376	0.08667	0.02812	0.06134	0.00951	0.00789	0.00230	0.03063	0.03823	0.00493	0.00930
27	0.06024	0.01112	0.05244	0.01287	0.01530	0.03063	0.01140	0.03777	0.01637	0.02268	0.05772	0.08244	0.03393	0.01804	0.03225	0.02630	0.00701	0.42673	0.03778	0.00697
28	0.01109	0.00717	0.00966	0.01008	0.01122	0.00712	0.00720	0.01250	0.01322	0.06686	0.03282	0.33491	0.09118	0.08945	0.20981	0.05154	0.00871	0.01371	0.00560	0.00614
29	0.04705	0.01447	0.02317	0.28970	0.19625	0.04715	0.10049	0.01892	0.01492	0.02023	0.01564	0.07318	0.01401	0.00951	0.00876	0.05582	0.00884	0.02974	0.00374	0.00842
30	0.01573	0.01610	0.05452	0.23837	0.39696	0.01606	0.07338	0.02025	0.01550	0.02146	0.01465	0.05791	0.01260	0.00743	0.00728	0.00226	0.00889	0.00722	0.00357	0.00984
31	0.01042	0.00705	0.00833	0.00845	0.00867	0.00716	0.00520	0.01086	0.01088	0.01457	0.02326	0.04752	0.02632	0.64121	0.08952	0.00701	0.00786	0.05665	0.00444	0.00464
32	0.01422	0.01350	0.02314	0.52934	0.18164	0.01567	0.04636	0.01875	0.01472	0.01942	0.01410	0.05210	0.01164	0.00761	0.00725	0.00234	0.00914	0.00706	0.00341	0.00857
33	0.01795	0.01815	0.09539	0.24559	0.26906	0.04206	0.01936	0.07595	0.06014	0.06515	0.01519	0.01852	0.01153	0.00720	0.00704	0.00222	0.00877	0.00633	0.00421	0.01018
34	0.01622	0.08377	0.48310	0.04624	0.10247	0.01796	0.04250	0.08344	0.01686	0.02414	0.01308	0.01550	0.00963	0.00683	0.00673	0.00218	0.00985	0.00551	0.00347	0.01054
35	0.01019	0.00765	0.00956	0.00905	0.01093	0.00720	0.00682	0.01407	0.05020	0.02686	0.55689	0.05330	0.15449	0.01617	0.03291	0.00259	0.00404	0.01278	0.00750	0.00681
36	0.04232	0.03940	0.02227	0.45202	0.10551	0.03929	0.04441	0.04057	0.01535	0.02075	0.01270	0.01757	0.00985	0.00677	0.00674	0.00213	0.00884	0.00593	0.00353	0.10406
37	0.01687	0.03954	0.01815	0.07858	0.09976	0.01407	0.01177	0.13498	0.03875	0.02542	0.01529	0.02015	0.01307	0.09051	0.01010	0.00229	0.03175	0.00599	0.03163	0.30134
38	0.07651	0.38022	0.02744	0.01421	0.04128	0.04857	0.01208	0.15642	0.10281	0.02527	0.01439	0.01613	0.01195	0.03682	0.00682	0.00205	0.00745	0.00524	0.00458	0.00975
39	0.02346	0.01825	0.01859	0.01515	0.01960	0.09157	0.01217	0.41495	0.05368	0.07197	0.01809	0.02041	0.01399	0.04590	0.12512	0.00384	0.00997	0.00669	0.00620	0.01042
40	0.01477	0.01266	0.01477	0.01055	0.01687	0.00949	0.00844	0.01793	0.01477	0.02320	0.01266	0.01477	0.01055	0.00527	0.00527	0.00105	0.00527	0.00422	0.00422	0.79328
41	0.01290	0.00979	0.01073	0.01144	0.01305	0.05927	0.00921	0.01621	0.04241	0.02113	0.03047	0.07609	0.03156	0.12634	0.01254	0.00337	0.00635	0.34814	0.15247	0.00652
42	0.01074	0.00782	0.01073	0.01066	0.01174	0.00870	0.00783	0.03717	0.01218	0.01708	0.02124	0.08348	0.02159	0.21291	0.48257	0.00941	0.01472	0.00913	0.00426	0.00605
43	0.03830	0.01033	0.01437	0.01707	0.14852	0.01069	0.01053	0.05807	0.05185	0.02022	0.02298	0.08670	0.06625	0.07331	0.08757	0.21404	0.00773	0.04991	0.00461	0.00694
44	0.01084	0.00739	0.00941	0.00995	0.01143	0.00689	0.00730	0.01347	0.03724	0.06165	0.17888	0.37852	0.14104	0.01867	0.00875	0.00267	0.00429	0.07799	0.00701	0.00662
45	0.03804	0.00673	0.00944	0.00935	0.00968	0.00688	0.00635	0.01080	0.03100	0.01404	0.01319	0.02164	0.01272	0.02311	0.02563	0.71496	0.00605	0.00618	0.03060	0.00362
46	0.01637	0.01475	0.01940	0.03971	0.04670	0.01817	0.03423	0.08736	0.17516	0.02327	0.01924	0.02308	0.04575	0.04063	0.06628	0.00347	0.30532	0.00741	0.00478	0.00893
47	0.06921	0.00812	0.01013	0.00971	0.01150	0.00815	0.00715	0.01465	0.01400	0.09682	0.10743	0.10524	0.11413	0.14171	0.18830	0.06279	0.00853	0.01039	0.00554	0.00648
48	0.01113	0.00844	0.01072	0.01027	0.01049	0.00967	0.00702	0.01185	0.01075	0.01497	0.02034	0.06472	0.02261	0.48617	0.14459	0.00686	0.13039	0.00960	0.00412	0.00528
49	0.07755	0.01540	0.01723	0.01370	0.01862	0.01624	0.01117	0.31749	0.09177	0.22359	0.06107	0.02229	0.01786	0.00894	0.00691	0.00217	0.00645	0.00700	0.05348	0.01110
50	0.03950	0.00760	0.00936	0.00967	0.01135	0.00725	0.00725	0.01337	0.01532	0.06285	0.12060	0.24390	0.18017	0.06251	0.07198	0.00362	0.00582	0.09161	0.02976	0.00649

[dist]
# distance from previous block
# <min> <max>
0	9

[block]
# block no. 3 follows, 29 sequences, length 45
# corresponding to MSA columns:
# 232-276
name=unknown_D
#
# <colnr> <probs for GDERKNQSTAVLIFYWHMCP>
#	G	D	E	R	K	N	Q	S	T	A	V	L	I	F	Y	W	H	M	C	P
0	0.01013	0.00777	0.00901	0.00872	0.01075	0.00724	0.00652	0.01409	0.06883	0.02470	0.36201	0.09664	0.28130	0.01558	0.00821	0.00232	0.00366	0.01342	0.04234	0.00676
1	0.05351	0.00956	0.00984	0.00877	0.01131	0.01000	0.00678	0.13683	0.01803	0.05024	0.02159	0.02526	0.01708	0.05255	0.00727	0.00210	0.00453	0.00670	0.54032	0.00770
2	0.01033	0.00757	0.00958	0.01062	0.01186	0.00729	0.00788	0.05108	0.01574	0.02057	0.04191	0.47394	0.12951	0.02038	0.00904	0.00286	0.00479	0.15208	0.00663	0.00635
3	0.02330	0.02845	0.02067	0.01845	0.02102	0.51204	0.01430	0.02506	0.01741	0.01734	0.01051	0.01366	0.00922	0.00887	0.01149	0.00222	0.22930	0.00508	0.00350	0.00812
4	0.37385	0.01332	0.01354	0.01112	0.01583	0.01399	0.00913	0.10422	0.01778	0.26854	0.01822	0.01791	0.01258	0.00775	0.00574	0.00215	0.00579	0.00555	0.07333	0.00967
5	0.01237	0.00618	0.00928	0.00928	0.00928	0.00618	0.00618	0.00928	0.00928	0.01237	0.01237	0.02165	0.01237	0.02474	0.02783	0.79283	0.00618	0.00618	0.00309	0.00309
6	0.00940	0.00701	0.00788	0.00812	0.00930	0.00644	0.00549	0.01064	0.01403	0.01789	0.09588	0.14984	0.29534	0.28647	0.01875	0.00414	0.00497	0.03712	0.00586	0.00543
7	0.01237	0.00618	0.00928	0.00928	0.00928	0.00618	0.00618	0.00928	0.00928	0.01237	0.01237	0.02165	0.01237	0.02474	0.02783	0.79283	0.00618	0.00618	0.00309	0.00309
8	0.02707	0.01995	0.02137	0.01638	0.02208	0.02208	0.01353	0.68159	0.03348	0.04488	0.01710	0.01710	0.01211	0.00855	0.00712	0.00214	0.00784	0.00641	0.00712	0.01211
9	0.02328	0.01458	0.01660	0.01364	0.01832	0.01524	0.01104	0.22216	0.20452	0.22871	0.03047	0.02977	0.09618	0.01039	0.00741	0.00230	0.00620	0.03062	0.00756	0.01100
10	0.00927	0.00727	0.00832	0.00817	0.01017	0.00641	0.00614	0.01169	0.01760	0.02284	0.31946	0.06216	0.39953	0.04164	0.00941	0.00253	0.00374	0.04035	0.00702	0.00626
11	0.01036	0.00690	0.00777	0.00777	0.00777	0.00690	0.00431	0.01036	0.01036	0.01381	0.02244	0.04660	0.02589	0.74975	0.03624	0.00690	0.00690	0.01036	0.00431	0.00431
12	0.01558	0.01558	0.02181	0.01869	0.01869	0.02181	0.01558	0.01714	0.01091	0.01714	0.00935	0.01558	0.00935	0.01246	0.02337	0.00312	0.73672	0.00623	0.00312	0.00779
13	0.05664	0.01435	0.01658	0.01354	0.01842	0.01484	0.01093	0.14329	0.24276	0.31875	0.02760	0.02510	0.04572	0.00934	0.00712	0.00227	0.00610	0.00751	0.00774	0.01141
14	0.01352	0.01247	0.02140	0.64335	0.04541	0.01518	0.05005	0.01772	0.01398	0.01796	0.01272	0.01920	0.00978	0.00843	0.00878	0.06348	0.00936	0.00642	0.00318	0.00762
15	0.01867	0.69859	0.08954	0.01281	0.01925	0.02728	0.01328	0.02142	0.01451	0.01720	0.01012	0.01170	0.00913	0.00614	0.00474	0.00158	0.00784	0.00392	0.00304	0.00925
16	0.01519	0.01377	0.01441	0.04214	0.08030	0.09941	0.01013	0.02193	0.21002	0.02037	0.02283	0.09400	0.02192	0.24022	0.03918	0.02452	0.00763	0.00914	0.00512	0.00777
17	0.01803	0.07592	0.05894	0.01189	0.01830	0.01234	0.01038	0.06025	0.01660	0.11225	0.01468	0.01586	0.01134	0.00608	0.00566	0.00138	0.00603	0.00476	0.00481	0.53450
18	0.01018	0.00727	0.00856	0.00892	0.00966	0.00715	0.00578	0.01216	0.05738	0.01755	0.07244	0.25973	0.10198	0.34031	0.02138	0.02933	0.00541	0.01370	0.00561	0.00549
19	0.01771	0.01530	0.01610	0.01449	0.01852	0.01771	0.01127	0.03784	0.69247	0.02979	0.02898	0.02657	0.02174	0.00966	0.00725	0.00242	0.00564	0.00805	0.00725	0.01127
20	0.01428	0.03683	0.71286	0.02030	0.03082	0.01654	0.02631	0.02255	0.01503	0.02255	0.01278	0.01503	0.00902	0.00677	0.00677	0.00226	0.01052	0.00526	0.00301	0.01052
21	0.01167	0.00794	0.01091	0.01265	0.06497	0.00747	0.00841	0.01375	0.01555	0.07104	0.13491	0.37961	0.08230	0.06184	0.01035	0.00294	0.00489	0.08542	0.00657	0.00682
22	0.01073	0.00761	0.01036	0.01182	0.01301	0.00752	0.00962	0.01321	0.01513	0.01980	0.03638	0.22342	0.04069	0.09980	0.01255	0.00359	0.00606	0.44623	0.00632	0.00614
23	0.01904	0.75404	0.03731	0.01218	0.01828	0.02818	0.01218	0.02132	0.01447	0.01675	0.00990	0.01142	0.00914	0.00609	0.00457	0.00152	0.00761	0.00381	0.00305	0.00914
24	0.01017	0.00763	0.01144	0.01144	0.01272	0.00890	0.00890	0.01272	0.01144	0.01653	0.01907	0.02797	0.01780	0.05340	0.72153	0.01144	0.01907	0.00763	0.00381	0.00636
25	0.01985	0.01187	0.01401	0.01182	0.01517	0.01203	0.00913	0.18710	0.06052	0.18619	0.15009	0.09574	0.02955	0.12196	0.01183	0.00295	0.00584	0.00971	0.03552	0.00913
26	0.01542	0.00957	0.01012	0.00905	0.01111	0.01003	0.00663	0.15778	0.01764	0.02693	0.02169	0.03011	0.01906	0.21529	0.01416	0.00323	0.00529	0.00763	0.40209	0.00716
27	0.06680	0.01219	0.01625	0.01252	0.01798	0.01072	0.01034	0.03408	0.02001	0.67949	0.02727	0.02366	0.01718	0.00871	0.00704	0.00220	0.00603	0.00701	0.00861	0.01192
28	0.01027	0.00724	0.00946	0.00946	0.01005	0.00783	0.00643	0.01144	0.01086	0.01506	0.02088	0.03800	0.02216	0.42839	0.35250	0.00900	0.01252	0.00910	0.00408	0.00526
29	0.13183	0.01750	0.01848	0.01461	0.01986	0.01920	0.01198	0.44270	0.09585	0.10775	0.01990	0.01940	0.03155	0.00868	0.00680	0.00219	0.00700	0.00653	0.00692	0.01126
30	0.01117	0.00855	0.01063	0.01125	0.01332	0.00842	0.00933	0.01579	0.08496	0.02264	0.13508	0.06835	0.20448	0.01757	0.00903	0.00284	0.00531	0.34757	0.00681	0.00692
31	0.00993	0.00727	0.00931	0.00880	0.01055	0.00666	0.00660	0.01315	0.01980	0.02772	0.64512	0.05457	0.12416	0.01487	0.00840	0.00225	0.00338	0.01307	0.00773	0.00666
32	0.00934	0.00681	0.00876	0.01006	0.01071	0.00658	0.00679	0.01173	0.05424	0.01907	0.06291	0.64504	0.04540	0.05359	0.01016	0.00302	0.00432	0.01880	0.00659	0.00608
33	0.01677	0.01063	0.01265	0.01156	0.01440	0.01129	0.00906	0.05350	0.19027	0.12640	0.05865	0.03363	0.02369	0.07113	0.12624	0.00411	0.00766	0.06676	0.14293	0.00867
34	0.01957	0.01435	0.01581	0.01347	0.01703	0.01556	0.01048	0.37397	0.07538	0.03355	0.02482	0.22468	0.02377	0.05672	0.00933	0.00263	0.00637	0.01067	0.04231	0.00955
35	0.01054	0.00672	0.00837	0.00914	0.00972	0.00641	0.00594	0.01157	0.01294	0.04829	0.03230	0.44163	0.03712	0.25831	0.01762	0.00410	0.00507	0.01561	0.05295	0.00564
36	0.01067	0.00769	0.01107	0.01096	0.01200	0.00886	0.00832	0.01259	0.01134	0.01649	0.01883	0.02888	0.01797	0.11585	0.55128	0.06169	0.04074	0.00771	0.04108	0.00601
37	0.05110	0.00918	0.00996	0.00894	0.01159	0.00935	0.00696	0.07238	0.05802	0.09951	0.11597	0.02854	0.02415	0.00923	0.00595	0.00190	0.00420	0.00749	0.45759	0.00798
38	0.01086	0.00783	0.01056	0.01197	0.01345	0.00768	0.01003	0.01361	0.01573	0.02036	0.03980	0.14741	0.09538	0.06338	0.01122	0.00338	0.00608	0.49855	0.00643	0.00630
39	0.15297	0.00803	0.00892	0.00920	0.01096	0.00795	0.00670	0.01303	0.01566	0.02398	0.24010	0.31921	0.12476	0.01657	0.00795	0.00251	0.00408	0.01439	0.00658	0.00645
40	0.01148	0.00766	0.01016	0.01107	0.01260	0.00729	0.00879	0.01388	0.01587	0.06158	0.09242	0.25373	0.10584	0.05385	0.01048	0.00312	0.00535	0.30162	0.00671	0.00653
41	0.01345	0.01266	0.02136	0.73264	0.04904	0.01582	0.01978	0.01819	0.01424	0.01819	0.01266	0.01898	0.00949	0.00712	0.00712	0.00237	0.00949	0.00633	0.00316	0.00791
42	0.01016	0.00765	0.00943	0.01016	0.01164	0.00735	0.00772	0.01330	0.05587	0.02065	0.11305	0.25703	0.18701	0.07537	0.01105	0.00310	0.00487	0.18165	0.00659	0.00634
43	0.05899	0.00896	0.01021	0.01037	0.01213	0.00915	0.00744	0.03626	0.11813	0.04624	0.03608	0.34217	0.10966	0.12369	0.01229	0.00327	0.00505	0.03657	0.00634	0.00700
44	0.01542	0.01351	0.01629	0.03667	0.03730	0.06188	0.01175	0.10694	0.01560	0.02157	0.01887	0.05607	0.04575	0.04985	0.21252	0.00519	0.20952	0.00774	0.04981	0.00776

[dist]
# distance from previous block
# <min> <max>
2	5

[block]
# block no. 4 follows, 29 sequences, length 25
# corresponding to MSA columns:
# 283-307
name=unknown_E
#
# <colnr> <probs for GDERKNQSTAVLIFYWHMCP>
#	G	D	E	R	K	N	Q	S	T	A	V	L	I	F	Y	W	H	M	C	P
0	0.04899	0.01583	0.01983	0.21974	0.15096	0.11804	0.04426	0.04208	0.03962	0.02082	0.01948	0.08541	0.05650	0.01187	0.03886	0.03828	0.00898	0.00794	0.00419	0.00831
1	0.08451	0.01105	0.01539	0.06282	0.18659	0.01105	0.01121	0.01649	0.01421	0.04690	0.06552	0.11536	0.03989	0.17207	0.04626	0.00362	0.00706	0.00922	0.00476	0.07599
2	0.01427	0.00904	0.01217	0.01299	0.06305	0.00864	0.00904	0.01785	0.05819	0.13561	0.17850	0.24188	0.09556	0.01731	0.03982	0.00292	0.00549	0.06290	0.00692	0.00787
3	0.01628	0.01257	0.01616	0.12295	0.08309	0.01373	0.01203	0.12233	0.15681	0.05518	0.02435	0.14669	0.02291	0.12090	0.01190	0.00311	0.00681	0.03762	0.00578	0.00880
4	0.14800	0.00933	0.01028	0.00980	0.01222	0.00947	0.00735	0.01756	0.08754	0.07089	0.24409	0.17393	0.11232	0.04528	0.00882	0.00259	0.00447	0.01196	0.00673	0.00737
5	0.01274	0.00845	0.01019	0.00976	0.01176	0.00812	0.00711	0.01692	0.09570	0.09415	0.24035	0.18459	0.14544	0.10798	0.01178	0.00300	0.00454	0.01318	0.00700	0.00722
6	0.00972	0.00773	0.00884	0.00889	0.01031	0.00751	0.00631	0.01186	0.04009	0.01897	0.09936	0.18908	0.33175	0.16018	0.01474	0.00340	0.04497	0.01421	0.00609	0.00599
7	0.02052	0.01598	0.01711	0.01457	0.01904	0.01794	0.01156	0.20294	0.45625	0.07090	0.02769	0.02577	0.04785	0.00968	0.00726	0.00233	0.00614	0.00787	0.00727	0.01131
8	0.07414	0.00849	0.00959	0.00935	0.01140	0.00847	0.00691	0.03907	0.04753	0.08354	0.10506	0.24151	0.05719	0.04479	0.00834	0.00248	0.00439	0.01169	0.21884	0.00723
9	0.12593	0.00901	0.01032	0.00993	0.01234	0.00884	0.00751	0.01750	0.04093	0.13114	0.11456	0.20692	0.11532	0.07386	0.00998	0.00284	0.00489	0.05679	0.03403	0.00737
10	0.01176	0.00698	0.00826	0.00824	0.00947	0.00730	0.00597	0.01423	0.01331	0.02147	0.04761	0.03180	0.02145	0.16346	0.20410	0.00533	0.00825	0.00786	0.39703	0.00612
11	0.03989	0.00776	0.00974	0.00976	0.01157	0.00721	0.00724	0.01456	0.01658	0.10056	0.22808	0.27356	0.12669	0.05129	0.00975	0.00276	0.00443	0.06469	0.00702	0.00686
12	0.08891	0.01416	0.01572	0.01301	0.01717	0.01495	0.01040	0.30119	0.05554	0.13579	0.10560	0.12017	0.05385	0.01140	0.00737	0.00229	0.00606	0.00934	0.00714	0.00996
13	0.01027	0.00747	0.00894	0.00912	0.01003	0.00754	0.00618	0.01235	0.04813	0.01718	0.05517	0.13696	0.12430	0.35807	0.12472	0.00587	0.00765	0.03925	0.00523	0.00558
14	0.00980	0.00687	0.00881	0.00931	0.00975	0.00705	0.00613	0.01080	0.01161	0.01579	0.02671	0.25372	0.03035	0.35994	0.19472	0.00679	0.00902	0.01269	0.00489	0.00526
15	0.01238	0.00782	0.00996	0.00944	0.01155	0.00739	0.00717	0.01486	0.01648	0.10593	0.23014	0.09734	0.20546	0.04267	0.15643	0.00433	0.00715	0.01187	0.03464	0.00699
16	0.02157	0.02345	0.01808	0.01622	0.01941	0.35440	0.01249	0.09328	0.13589	0.02222	0.01680	0.02128	0.01437	0.05321	0.06269	0.00311	0.06863	0.02945	0.00475	0.00871
17	0.01440	0.01385	0.01955	0.01711	0.01739	0.01900	0.01412	0.01617	0.01102	0.01700	0.01147	0.01828	0.01119	0.02139	0.17552	0.00493	0.58032	0.00654	0.00327	0.00748
18	0.01366	0.00775	0.00973	0.00938	0.01095	0.00715	0.00652	0.01516	0.01505	0.14539	0.13598	0.23340	0.09122	0.24616	0.01708	0.00388	0.00519	0.01320	0.00648	0.00665
19	0.05566	0.01490	0.01674	0.01398	0.01858	0.01601	0.01129	0.19102	0.27829	0.19897	0.05518	0.02675	0.02071	0.00974	0.00725	0.00232	0.00621	0.03782	0.00747	0.01111
20	0.01163	0.00977	0.01424	0.01340	0.01433	0.01238	0.01070	0.01391	0.01130	0.01669	0.01645	0.02464	0.01552	0.04238	0.53351	0.00920	0.21234	0.00725	0.00363	0.00674
21	0.00865	0.00629	0.00817	0.00968	0.01027	0.00580	0.00651	0.00994	0.01386	0.01827	0.04211	0.68627	0.10409	0.02194	0.00903	0.00285	0.00409	0.01979	0.00661	0.00580
22	0.04650	0.01368	0.01566	0.01311	0.01650	0.01481	0.01026	0.32869	0.05279	0.05977	0.04661	0.06112	0.01718	0.01580	0.04272	0.21553	0.00722	0.00746	0.00589	0.00868
23	0.01583	0.01117	0.01320	0.01217	0.01477	0.01169	0.00943	0.19454	0.06272	0.05313	0.09065	0.21314	0.05791	0.05752	0.03542	0.03290	0.00626	0.09282	0.00662	0.00810
24	0.54593	0.04494	0.01191	0.00991	0.01382	0.06566	0.00802	0.01967	0.01416	0.02879	0.10354	0.02160	0.07178	0.00858	0.00540	0.00217	0.00570	0.00597	0.00491	0.00755

[dist]
# distance from previous block
# <min> <max>
0	2

[block]
# block no. 5 follows, 29 sequences, length 18
# corresponding to MSA columns:
# 310-327
name=unknown_F
#
# <colnr> <probs for GDERKNQSTAVLIFYWHMCP>
#	G	D	E	R	K	N	Q	S	T	A	V	L	I	F	Y	W	H	M	C	P
0	0.01691	0.01610	0.02294	0.29774	0.20517	0.08981	0.05138	0.04215	0.01628	0.04354	0.01542	0.02291	0.01298	0.00983	0.03475	0.00267	0.03182	0.05468	0.00392	0.00900
1	0.00963	0.00693	0.00765	0.00780	0.00855	0.00654	0.00485	0.01027	0.01239	0.01581	0.03863	0.11766	0.22719	0.46689	0.02553	0.00521	0.00568	0.01265	0.00520	0.00495
2	0.02280	0.39918	0.02906	0.01496	0.02012	0.27933	0.01293	0.10761	0.01895	0.02056	0.01121	0.01266	0.00953	0.00686	0.00557	0.00171	0.00954	0.00442	0.00379	0.00919
3	0.01017	0.00763	0.01144	0.01144	0.01272	0.00890	0.00890	0.01272	0.01144	0.01653	0.01907	0.02797	0.01780	0.05340	0.72153	0.01144	0.01907	0.00763	0.00381	0.00636
4	0.32565	0.04375	0.01821	0.06694	0.02102	0.01789	0.04501	0.24081	0.02064	0.11491	0.01488	0.01583	0.01069	0.00750	0.00604	0.00218	0.00705	0.00551	0.00564	0.00985
5	0.01081	0.00797	0.01122	0.01114	0.01240	0.00901	0.00842	0.04161	0.01248	0.01762	0.02102	0.08891	0.02085	0.12348	0.55769	0.00984	0.01604	0.00891	0.00425	0.00634
6	0.02660	0.03394	0.02018	0.01834	0.02201	0.72116	0.01376	0.02843	0.02018	0.01743	0.01101	0.01284	0.00917	0.00734	0.00642	0.00183	0.01284	0.00459	0.00367	0.00825
7	0.01147	0.00820	0.01147	0.01311	0.01475	0.00820	0.01147	0.01475	0.01639	0.02131	0.03770	0.08032	0.04098	0.01967	0.00984	0.00328	0.00656	0.65741	0.00656	0.00656
8	0.01604	0.01571	0.05031	0.02803	0.30844	0.01501	0.10630	0.05507	0.09561	0.02507	0.08517	0.03041	0.07105	0.00941	0.00768	0.00231	0.00769	0.05580	0.00498	0.00991
9	0.01838	0.00944	0.01210	0.01073	0.01350	0.00885	0.00805	0.02203	0.07331	0.26969	0.18629	0.15592	0.03578	0.12818	0.01232	0.00308	0.00520	0.01127	0.00738	0.00850
10	0.02660	0.03394	0.02018	0.01834	0.02201	0.72116	0.01376	0.02843	0.02018	0.01743	0.01101	0.01284	0.00917	0.00734	0.00642	0.00183	0.01284	0.00459	0.00367	0.00825
11	0.00895	0.00716	0.00801	0.00796	0.00999	0.00621	0.00591	0.01120	0.01726	0.02206	0.26563	0.11400	0.45603	0.01727	0.00846	0.00239	0.00357	0.01475	0.00699	0.00621
12	0.01616	0.00892	0.01118	0.00989	0.01249	0.00826	0.00749	0.05020	0.01870	0.19232	0.29310	0.09234	0.10303	0.09624	0.01107	0.00279	0.00471	0.01133	0.04190	0.00789
13	0.01452	0.01076	0.01217	0.01128	0.01422	0.01124	0.00870	0.02410	0.28600	0.07713	0.19124	0.08563	0.14921	0.01324	0.00784	0.00240	0.00467	0.03518	0.03173	0.00874
14	0.80005	0.01377	0.01047	0.00936	0.01377	0.01597	0.00771	0.02093	0.01212	0.03195	0.00991	0.01157	0.00771	0.00661	0.00441	0.00220	0.00551	0.00386	0.00441	0.00771
15	0.05187	0.00893	0.01098	0.01101	0.03500	0.00867	0.00776	0.01732	0.06186	0.11854	0.17295	0.15910	0.10214	0.15237	0.01331	0.00329	0.00515	0.04587	0.00658	0.00730
16	0.01179	0.00788	0.00951	0.00969	0.01137	0.00749	0.00692	0.01518	0.07617	0.07774	0.11688	0.34502	0.16464	0.06734	0.01027	0.00286	0.00440	0.01514	0.03284	0.00688
17	0.16120	0.01720	0.01583	0.01372	0.01797	0.10915	0.01077	0.13099	0.25080	0.07298	0.02120	0.07319	0.01710	0.00929	0.00664	0.00221	0.00680	0.00724	0.00614	0.04957

[dist]
# distance from previous block
# <min> <max>
0	11

[block]
# block no. 6 follows, 29 sequences, length 15
# corresponding to MSA columns:
# 339-349,351,352,365,366
name=unknown_G
#
# <colnr> <probs for GDERKNQSTAVLIFYWHMCP>
#	G	D	E	R	K	N	Q	S	T	A	V	L	I	F	Y	W	H	M	C	P
0	0.13104	0.01125	0.01323	0.01094	0.01456	0.01097	0.00843	0.07952	0.01775	0.32068	0.08245	0.03015	0.02226	0.19910	0.01434	0.00341	0.00611	0.00796	0.00682	0.00903
1	0.06560	0.00918	0.01093	0.01002	0.01280	0.00864	0.00776	0.05380	0.01834	0.15603	0.21333	0.15299	0.19593	0.01483	0.00800	0.00241	0.00457	0.03980	0.00723	0.00780
2	0.36807	0.01247	0.01016	0.00950	0.01273	0.07286	0.00750	0.01791	0.01501	0.02677	0.10137	0.03188	0.15349	0.01050	0.00609	0.00219	0.00532	0.03271	0.09632	0.00715
3	0.01519	0.00952	0.01174	0.01084	0.01240	0.01021	0.00788	0.09702	0.13413	0.02066	0.01684	0.02239	0.01451	0.01865	0.01966	0.48717	0.00604	0.00658	0.07261	0.00595
4	0.01122	0.00743	0.00931	0.00994	0.01126	0.00699	0.00737	0.01290	0.01451	0.06282	0.04029	0.25170	0.15674	0.18243	0.01510	0.00375	0.00540	0.17851	0.00623	0.00610
5	0.05953	0.00874	0.00976	0.00940	0.01169	0.00835	0.00700	0.07355	0.01751	0.05520	0.14557	0.22999	0.28438	0.03565	0.00889	0.00258	0.00440	0.01411	0.00675	0.00695
6	0.01207	0.00629	0.00905	0.00905	0.00905	0.00629	0.00591	0.00944	0.00944	0.01258	0.01386	0.02534	0.01437	0.13204	0.02907	0.67650	0.00629	0.00680	0.00327	0.00327
7	0.01547	0.00926	0.01046	0.00957	0.01155	0.00979	0.00717	0.11642	0.07490	0.02539	0.01959	0.02367	0.01589	0.01333	0.01227	0.23629	0.00505	0.00659	0.37054	0.00681
8	0.01346	0.01007	0.01446	0.01295	0.01514	0.01065	0.06636	0.01788	0.09290	0.07541	0.08531	0.13458	0.05858	0.10756	0.18462	0.00521	0.05611	0.02575	0.00554	0.00747
9	0.01433	0.01092	0.01526	0.17835	0.05365	0.03235	0.02670	0.03569	0.06525	0.06358	0.02193	0.18094	0.02136	0.05332	0.08534	0.11074	0.00829	0.00986	0.00485	0.00731
10	0.02049	0.02313	0.03926	0.01864	0.05939	0.31875	0.09126	0.08436	0.01986	0.02321	0.11840	0.02129	0.01911	0.01012	0.03729	0.00236	0.01018	0.00669	0.00465	0.07156
11	0.01381	0.01174	0.01978	0.30056	0.07168	0.01315	0.08946	0.03540	0.01378	0.01826	0.01629	0.02254	0.04618	0.01523	0.06121	0.19997	0.03333	0.00706	0.00355	0.00703
12	0.01550	0.01477	0.04422	0.26575	0.21821	0.01582	0.01734	0.07273	0.06419	0.02265	0.01942	0.06215	0.05532	0.01017	0.02611	0.00258	0.05182	0.00775	0.00428	0.00922
13	0.01593	0.01765	0.09632	0.24198	0.14902	0.04250	0.11501	0.04970	0.07498	0.02263	0.01693	0.02073	0.03126	0.00897	0.03089	0.00257	0.00940	0.00691	0.03729	0.00933
14	0.01168	0.01034	0.01639	0.20580	0.02426	0.01123	0.08006	0.01542	0.04360	0.02022	0.09715	0.29304	0.07226	0.01443	0.00909	0.00260	0.04695	0.01293	0.00534	0.00720

[dist]
# distance from previous block
# <min> <max>
0	3

[block]
# block no. 7 follows, 29 sequences, length 25
# corresponding to MSA columns:
# 370-394
name=unknown_H
#
# <colnr> <probs for GDERKNQSTAVLIFYWHMCP>
#	G	D	E	R	K	N	Q	S	T	A	V	L	I	F	Y	W	H	M	C	P
0	0.01396	0.01259	0.01786	0.01562	0.01727	0.03631	0.06003	0.05826	0.01334	0.01902	0.01527	0.02224	0.01398	0.03267	0.38033	0.00725	0.24566	0.00707	0.00379	0.00747
1	0.01352	0.00990	0.01207	0.05676	0.01517	0.01039	0.00872	0.07660	0.10611	0.04630	0.25917	0.03996	0.10782	0.05582	0.09047	0.00353	0.00653	0.01013	0.06324	0.00778
2	0.01421	0.01184	0.01879	0.18300	0.19315	0.01350	0.01470	0.01657	0.03299	0.01793	0.01356	0.02017	0.01197	0.01742	0.09251	0.21634	0.09408	0.00648	0.00342	0.00737
3	0.01433	0.01246	0.01978	0.09634	0.25805	0.01299	0.04583	0.06462	0.01562	0.02156	0.02053	0.17398	0.02061	0.06397	0.12299	0.00410	0.00937	0.00982	0.00450	0.00855
4	0.01011	0.00687	0.00781	0.00831	0.00989	0.00632	0.00613	0.01238	0.01552	0.02175	0.09635	0.23390	0.25592	0.01642	0.00778	0.00238	0.00385	0.05836	0.21375	0.00621
5	0.16740	0.01058	0.01302	0.01136	0.01491	0.01015	0.03124	0.02214	0.01621	0.28080	0.03058	0.15455	0.08766	0.06103	0.00923	0.00273	0.00569	0.05534	0.00676	0.00863
6	0.01236	0.00921	0.01199	0.08762	0.01604	0.00999	0.00908	0.01596	0.11237	0.03670	0.03189	0.21344	0.13561	0.03602	0.01404	0.16740	0.05672	0.01162	0.00536	0.00656
7	0.01338	0.00853	0.00999	0.00922	0.01035	0.00862	0.00607	0.07261	0.01409	0.06850	0.08256	0.04181	0.02724	0.52260	0.07017	0.00599	0.00734	0.00983	0.00518	0.00591
8	0.01386	0.01268	0.01210	0.01133	0.01357	0.12394	0.00853	0.05627	0.04984	0.02388	0.28371	0.08997	0.11741	0.04392	0.10349	0.00362	0.00756	0.01091	0.00621	0.00722
9	0.01157	0.00815	0.00989	0.00966	0.01166	0.00775	0.00715	0.01585	0.08917	0.06647	0.30246	0.21889	0.18159	0.01625	0.00837	0.00245	0.00400	0.01422	0.00729	0.00717
10	0.06432	0.00692	0.00867	0.00982	0.01071	0.00676	0.00680	0.01112	0.01395	0.01983	0.08493	0.58031	0.06366	0.02238	0.05144	0.00329	0.00505	0.01765	0.00638	0.00603
11	0.08837	0.01101	0.01288	0.01152	0.01480	0.01107	0.00894	0.05832	0.12586	0.21765	0.06257	0.15378	0.06757	0.07276	0.00991	0.00281	0.00553	0.04866	0.00703	0.00894
12	0.17123	0.00948	0.01065	0.00996	0.01257	0.00953	0.00756	0.01823	0.06056	0.11814	0.20508	0.16507	0.09125	0.01429	0.00885	0.05777	0.00467	0.01104	0.00659	0.00747
