[name]
unknown

[dist]
# distance from previous block
# <min> <max>
36	163

[block]
# block no. 0 follows, 27 sequences, length 6
# corresponding to MSA columns:
# 213-218
name=unknown_A
#
# <colnr> <probs for GDERKNQSTAVLIFYWHMCP>
#	G	D	E	R	K	N	Q	S	T	A	V	L	I	F	Y	W	H	M	C	P
0	0.21584	0.07638	0.05463	0.01531	0.02060	0.01714	0.10903	0.10567	0.07811	0.02824	0.01589	0.02001	0.01314	0.07547	0.03979	0.00302	0.00825	0.00637	0.00486	0.09228
1	0.01923	0.08008	0.09228	0.08312	0.06982	0.05420	0.09016	0.10129	0.11134	0.06623	0.01918	0.07799	0.01598	0.00921	0.00806	0.00232	0.03791	0.00781	0.00517	0.04865
2	0.09781	0.09237	0.09600	0.01868	0.07079	0.09803	0.07323	0.13784	0.04506	0.07506	0.05077	0.01883	0.01464	0.00782	0.00679	0.00210	0.00857	0.00627	0.00517	0.07416
3	0.09537	0.01340	0.01629	0.09158	0.02104	0.01372	0.01144	0.12754	0.04065	0.15010	0.05178	0.11341	0.02098	0.01065	0.00787	0.00227	0.03362	0.02761	0.00628	0.14440
4	0.02048	0.01896	0.10074	0.07388	0.02459	0.04245	0.04351	0.16025	0.07501	0.09856	0.01828	0.02112	0.01397	0.00802	0.00700	0.00203	0.00787	0.03083	0.00559	0.22688
5	0.01909	0.01587	0.02327	0.26145	0.14920	0.01718	0.05290	0.12919	0.09627	0.06743	0.01713	0.02009	0.01283	0.00770	0.00733	0.00226	0.00849	0.00680	0.00501	0.08050

[dist]
# distance from previous block
# <min> <max>
0	1

[block]
# block no. 1 follows, 27 sequences, length 16
# corresponding to MSA columns:
# 220-235
name=unknown_B
#
# <colnr> <probs for GDERKNQSTAVLIFYWHMCP>
#	G	D	E	R	K	N	Q	S	T	A	V	L	I	F	Y	W	H	M	C	P
0	0.01873	0.08640	0.37338	0.02310	0.09484	0.05710	0.08371	0.12835	0.01934	0.02663	0.01394	0.01629	0.01035	0.00721	0.00711	0.00225	0.01035	0.00595	0.00398	0.01098
1	0.01955	0.10750	0.40172	0.01876	0.02723	0.08485	0.02110	0.10762	0.05848	0.06260	0.01528	0.01657	0.01112	0.00757	0.00688	0.00222	0.00997	0.00569	0.00435	0.01094
2	0.02791	0.03002	0.02149	0.01837	0.02298	0.45694	0.01426	0.26440	0.02614	0.02869	0.01381	0.01502	0.01069	0.00811	0.00696	0.00203	0.01147	0.00548	0.00515	0.01008
3	0.01758	0.01437	0.01664	0.01300	0.01836	0.01335	0.01048	0.14600	0.05865	0.02828	0.01797	0.05910	0.01587	0.00867	0.00747	0.00176	0.04356	0.04403	0.00540	0.45947
4	0.01080	0.00720	0.00810	0.00810	0.00810	0.00720	0.00450	0.01080	0.01080	0.01439	0.02339	0.04858	0.02699	0.73910	0.03779	0.00720	0.00720	0.01080	0.00450	0.00450
5	0.02822	0.02079	0.02228	0.01708	0.02302	0.02302	0.01411	0.66804	0.03490	0.04679	0.01782	0.01782	0.01262	0.00891	0.00743	0.00223	0.00817	0.00668	0.00743	0.01262
6	0.01060	0.00711	0.00816	0.00835	0.00840	0.00707	0.00477	0.01074	0.01118	0.01491	0.02537	0.12595	0.02948	0.65833	0.03459	0.00673	0.00687	0.01196	0.00477	0.00467
7	0.01814	0.01740	0.02971	0.08195	0.65824	0.01758	0.02267	0.02258	0.01679	0.02397	0.01392	0.01845	0.01166	0.00666	0.00735	0.00222	0.00888	0.00661	0.00365	0.01157
8	0.01665	0.01547	0.02361	0.02041	0.04891	0.01957	0.08847	0.01918	0.01367	0.05524	0.07101	0.02114	0.01604	0.01360	0.04605	0.00333	0.48753	0.00747	0.00409	0.00857
9	0.01080	0.00720	0.00810	0.00810	0.00810	0.00720	0.00450	0.01080	0.01080	0.01439	0.02339	0.04858	0.02699	0.73910	0.03779	0.00720	0.00720	0.01080	0.00450	0.00450
10	0.00904	0.00646	0.00861	0.01034	0.01077	0.00603	0.00689	0.01034	0.01421	0.01895	0.04092	0.73426	0.04910	0.02326	0.00948	0.00301	0.00431	0.02110	0.00689	0.00603
11	0.02061	0.01919	0.02572	0.18341	0.33325	0.08889	0.01949	0.16898	0.02096	0.02760	0.01442	0.01805	0.01133	0.00742	0.00732	0.00224	0.00937	0.00644	0.00446	0.01087
12	0.05228	0.02476	0.02358	0.13785	0.02903	0.28282	0.08150	0.22606	0.02365	0.02835	0.01406	0.01648	0.01069	0.00784	0.00718	0.00218	0.01080	0.00606	0.00488	0.00992
13	0.16259	0.41535	0.07434	0.01303	0.01900	0.02394	0.01258	0.09148	0.04698	0.02503	0.01290	0.01430	0.01063	0.00705	0.00532	0.00189	0.00745	0.00471	0.04176	0.00965
14	0.10163	0.01676	0.01688	0.01540	0.05795	0.09213	0.01130	0.17939	0.07532	0.06675	0.05943	0.09109	0.04162	0.03259	0.00805	0.00232	0.00709	0.00825	0.00610	0.10992
15	0.06114	0.01849	0.02427	0.01893	0.02410	0.07811	0.17325	0.17525	0.10767	0.06165	0.07154	0.02248	0.01794	0.01012	0.02981	0.00260	0.03666	0.00760	0.00578	0.05261

[dist]
# distance from previous block
# <min> <max>
0	44

[block]
# block no. 2 follows, 27 sequences, length 17
# corresponding to MSA columns:
# 280-296
name=unknown_C
#
# <colnr> <probs for GDERKNQSTAVLIFYWHMCP>
#	G	D	E	R	K	N	Q	S	T	A	V	L	I	F	Y	W	H	M	C	P
0	0.02305	0.02308	0.01971	0.01782	0.04734	0.27756	0.01336	0.21672	0.02290	0.02737	0.04880	0.04802	0.01644	0.04083	0.06269	0.00315	0.06942	0.00710	0.00522	0.00942
1	0.05802	0.01600	0.02020	0.01956	0.10295	0.01742	0.06166	0.03499	0.43959	0.10736	0.02601	0.02493	0.01926	0.00910	0.00746	0.00244	0.00678	0.00788	0.00684	0.01154
2	0.79154	0.01436	0.01091	0.00976	0.01436	0.01665	0.00804	0.02182	0.01263	0.03331	0.01034	0.01206	0.00804	0.00689	0.00459	0.00230	0.00574	0.00402	0.00459	0.00804
3	0.03331	0.01263	0.01723	0.01321	0.01895	0.01091	0.01091	0.03618	0.02125	0.69794	0.02929	0.02527	0.01838	0.00919	0.00747	0.00230	0.00632	0.00747	0.00919	0.01263
4	0.01435	0.01353	0.02286	0.66991	0.09989	0.01658	0.02078	0.01926	0.01500	0.01937	0.01325	0.01968	0.01004	0.00736	0.00742	0.00245	0.00981	0.00660	0.00333	0.00851
5	0.01557	0.01345	0.01624	0.01299	0.05655	0.01034	0.00960	0.01893	0.01548	0.02419	0.01324	0.01557	0.01104	0.00556	0.00560	0.00116	0.00569	0.00453	0.00436	0.73990
6	0.01837	0.01764	0.03013	0.04557	0.69279	0.01764	0.02278	0.02278	0.01690	0.02425	0.01396	0.01837	0.01176	0.00661	0.00735	0.00220	0.00882	0.00661	0.00367	0.01176
7	0.01017	0.00758	0.00946	0.00899	0.01089	0.00686	0.00674	0.01336	0.02023	0.02790	0.57069	0.05853	0.18940	0.01587	0.00876	0.00237	0.00355	0.01386	0.00793	0.00686
8	0.01156	0.00893	0.01232	0.01146	0.01372	0.00924	0.00882	0.01414	0.01253	0.01839	0.01883	0.02793	0.01771	0.09773	0.51992	0.00944	0.01609	0.00747	0.00410	0.15968
9	0.02022	0.01791	0.07521	0.01756	0.02332	0.01656	0.14112	0.20400	0.10448	0.06335	0.01947	0.02112	0.01453	0.00937	0.02768	0.00243	0.00827	0.00708	0.11381	0.09251
10	0.02209	0.07434	0.06478	0.01591	0.02077	0.07956	0.01350	0.30258	0.10209	0.03235	0.01869	0.05445	0.01564	0.06190	0.01044	0.00261	0.05413	0.00733	0.00591	0.04092
11	0.12982	0.01674	0.01800	0.01435	0.01961	0.10019	0.06122	0.07208	0.04951	0.12818	0.01848	0.07379	0.01520	0.00845	0.00662	0.00196	0.00731	0.00687	0.00560	0.24602
12	0.02239	0.01543	0.01879	0.13814	0.02505	0.01665	0.01327	0.24114	0.13112	0.14655	0.07446	0.04623	0.02035	0.00966	0.00753	0.00231	0.00716	0.00795	0.00692	0.04892
13	0.01861	0.01570	0.01929	0.07097	0.04588	0.06850	0.06777	0.14429	0.04769	0.06077	0.13500	0.08288	0.02532	0.01006	0.00752	0.00213	0.00730	0.00872	0.00598	0.15564
14	0.02212	0.06607	0.04715	0.01580	0.02059	0.07976	0.01324	0.30351	0.14822	0.03392	0.06729	0.02372	0.04240	0.01157	0.03517	0.00266	0.04217	0.00745	0.00640	0.01079
15	0.07734	0.01730	0.01832	0.01476	0.01938	0.06804	0.01192	0.22880	0.04762	0.08565	0.04327	0.04733	0.01590	0.00934	0.00901	0.00215	0.09647	0.00681	0.00595	0.17464
16	0.08375	0.04475	0.10307	0.01536	0.04088	0.07729	0.01314	0.11408	0.10813	0.07838	0.02408	0.05400	0.06514	0.03869	0.00834	0.00245	0.00755	0.03828	0.00575	0.07688

[dist]
# distance from previous block
# <min> <max>
9	214

[block]
# block no. 3 follows, 27 sequences, length 14
# corresponding to MSA columns:
# 569-582
name=unknown_D
#
# <colnr> <probs for GDERKNQSTAVLIFYWHMCP>
#	G	D	E	R	K	N	Q	S	T	A	V	L	I	F	Y	W	H	M	C	P
0	0.09600	0.01867	0.01511	0.01371	0.01701	0.24121	0.01034	0.02363	0.05389	0.10646	0.07759	0.11432	0.02319	0.06006	0.05300	0.00313	0.00894	0.00862	0.00562	0.04950
1	0.02282	0.01536	0.01714	0.01370	0.01910	0.05137	0.01114	0.13525	0.08570	0.20171	0.02225	0.02613	0.01734	0.00906	0.00706	0.00201	0.00676	0.06846	0.00666	0.26097
2	0.02456	0.01706	0.01895	0.01509	0.02045	0.01810	0.01222	0.32384	0.19253	0.13875	0.04951	0.02273	0.01820	0.00917	0.00733	0.00221	0.00686	0.00728	0.00746	0.08770
3	0.02234	0.01987	0.21567	0.01491	0.02140	0.01303	0.01508	0.08920	0.02052	0.29183	0.10909	0.02974	0.08384	0.01017	0.00762	0.00233	0.00727	0.00831	0.00691	0.01086
4	0.00904	0.00646	0.00861	0.01034	0.01077	0.00603	0.00689	0.01034	0.01421	0.01895	0.04092	0.73426	0.04910	0.02326	0.00948	0.00301	0.00431	0.02110	0.00689	0.00603
5	0.01539	0.01319	0.01539	0.01100	0.01759	0.00990	0.00880	0.01869	0.01539	0.02419	0.01319	0.01539	0.01100	0.00550	0.00550	0.00110	0.00550	0.00440	0.00440	0.78449
6	0.01985	0.74357	0.03890	0.01270	0.01905	0.02937	0.01270	0.02223	0.01508	0.01747	0.01032	0.01191	0.00953	0.00635	0.00476	0.00159	0.00794	0.00397	0.00318	0.00953
7	0.01080	0.00720	0.00810	0.00810	0.00810	0.00720	0.00450	0.01080	0.01080	0.01439	0.02339	0.04858	0.02699	0.73910	0.03779	0.00720	0.00720	0.01080	0.00450	0.00450
8	0.01051	0.00759	0.00992	0.00934	0.01109	0.00700	0.00700	0.01401	0.02101	0.02977	0.68888	0.05545	0.07005	0.01518	0.00876	0.00233	0.00350	0.01343	0.00817	0.00700
9	0.01752	0.02003	0.04380	0.03129	0.03880	0.01877	0.66583	0.02378	0.01752	0.02378	0.01502	0.02003	0.01126	0.00626	0.00876	0.00250	0.01252	0.00876	0.00375	0.01001
10	0.01985	0.74357	0.03890	0.01270	0.01905	0.02937	0.01270	0.02223	0.01508	0.01747	0.01032	0.01191	0.00953	0.00635	0.00476	0.00159	0.00794	0.00397	0.00318	0.00953
11	0.01624	0.01624	0.02274	0.01949	0.01949	0.02274	0.01624	0.01787	0.01137	0.01787	0.00975	0.01624	0.00975	0.01299	0.02436	0.00325	0.72552	0.00650	0.00325	0.00812
12	0.00960	0.00656	0.00867	0.00996	0.01053	0.00612	0.00670	0.01027	0.01379	0.01814	0.04002	0.56139	0.10630	0.02321	0.01237	0.12150	0.00458	0.01835	0.00633	0.00563
13	0.01067	0.00784	0.01022	0.01014	0.01193	0.00714	0.00760	0.01361	0.01854	0.02596	0.41531	0.22056	0.05774	0.01693	0.00883	0.00251	0.00418	0.07677	0.00744	0.06608

[dist]
# distance from previous block
# <min> <max>
0	1

[block]
# block no. 4 follows, 27 sequences, length 7
# corresponding to MSA columns:
# 584-590
name=unknown_E
#
# <colnr> <probs for GDERKNQSTAVLIFYWHMCP>
#	G	D	E	R	K	N	Q	S	T	A	V	L	I	F	Y	W	H	M	C	P
0	0.01687	0.31951	0.43684	0.01779	0.02692	0.02208	0.02156	0.02300	0.01544	0.02110	0.01213	0.01417	0.00945	0.00677	0.00614	0.00205	0.00976	0.00488	0.00315	0.01040
1	0.02395	0.01859	0.03202	0.02339	0.03008	0.01817	0.34241	0.20181	0.02308	0.18046	0.01897	0.02060	0.01322	0.00763	0.00811	0.00238	0.00995	0.00791	0.00597	0.01131
2	0.01406	0.00715	0.00915	0.00894	0.01014	0.00722	0.00648	0.01473	0.01307	0.05462	0.01944	0.02570	0.01649	0.02119	0.09995	0.31484	0.00678	0.00688	0.33747	0.00570
3	0.01135	0.00765	0.01043	0.01043	0.01171	0.00854	0.00788	0.01391	0.01263	0.01928	0.02121	0.03079	0.01952	0.11426	0.48458	0.00918	0.01494	0.00801	0.17725	0.00648
4	0.01805	0.01330	0.01714	0.01501	0.01813	0.07779	0.09610	0.06773	0.01820	0.15205	0.03070	0.38080	0.03167	0.01573	0.00857	0.00264	0.00694	0.01421	0.00666	0.00856
5	0.14146	0.02688	0.10963	0.05669	0.02381	0.30620	0.01555	0.07294	0.01847	0.04960	0.01257	0.01500	0.00992	0.00829	0.00883	0.00227	0.10313	0.00532	0.00422	0.00920
6	0.04241	0.23397	0.07406	0.01837	0.05143	0.06889	0.08635	0.10086	0.01855	0.11294	0.01543	0.03566	0.01239	0.00837	0.00857	0.00220	0.08831	0.00629	0.00475	0.01020

[dist]
# distance from previous block
# <min> <max>
30	170

[block]
# block no. 5 follows, 27 sequences, length 12
# corresponding to MSA columns:
# 796-807
name=unknown_F
#
# <colnr> <probs for GDERKNQSTAVLIFYWHMCP>
#	G	D	E	R	K	N	Q	S	T	A	V	L	I	F	Y	W	H	M	C	P
0	0.02015	0.01788	0.02622	0.03242	0.37283	0.04045	0.05807	0.18029	0.02152	0.02927	0.01841	0.02724	0.01616	0.00912	0.00784	0.00239	0.00876	0.09488	0.00504	0.01108
1	0.01912	0.01504	0.01797	0.11212	0.02349	0.01561	0.01271	0.25423	0.06293	0.03141	0.02108	0.08716	0.01882	0.01041	0.00744	0.00220	0.00714	0.07504	0.00601	0.20007
2	0.01375	0.00998	0.01197	0.01199	0.01377	0.01020	0.00866	0.17163	0.01929	0.02578	0.03525	0.55856	0.04015	0.01974	0.00897	0.00282	0.00525	0.01757	0.00702	0.00765
3	0.01506	0.01319	0.01708	0.18518	0.02582	0.01151	0.01170	0.01876	0.01526	0.02291	0.01319	0.01647	0.01073	0.00597	0.00597	0.00144	0.00658	0.00494	0.00413	0.59412
4	0.01928	0.56613	0.04010	0.01726	0.02390	0.02677	0.17288	0.02261	0.01568	0.01901	0.01147	0.01390	0.00995	0.00633	0.00574	0.00181	0.00906	0.00514	0.00332	0.00965
5	0.01159	0.00867	0.01157	0.18299	0.01865	0.00948	0.00845	0.01280	0.01179	0.01552	0.02089	0.04152	0.02280	0.55967	0.03034	0.00604	0.00786	0.00977	0.00420	0.00542
6	0.00904	0.00646	0.00861	0.01034	0.01077	0.00603	0.00689	0.01034	0.01421	0.01895	0.04092	0.73426	0.04910	0.02326	0.00948	0.00301	0.00431	0.02110	0.00689	0.00603
7	0.02717	0.01957	0.02048	0.01581	0.02166	0.06873	0.01291	0.43794	0.02917	0.13869	0.01843	0.01828	0.01304	0.00839	0.00711	0.00206	0.00790	0.00635	0.00701	0.11932
8	0.02061	0.46431	0.03081	0.01331	0.01892	0.02472	0.01226	0.17947	0.02077	0.02636	0.10621	0.01939	0.01867	0.00820	0.00597	0.00185	0.00738	0.00595	0.00491	0.00994
9	0.59859	0.01485	0.01352	0.01170	0.01580	0.01748	0.00967	0.05588	0.01414	0.07187	0.01179	0.01374	0.00914	0.00798	0.00765	0.00243	0.10566	0.00471	0.00483	0.00857
10	0.02161	0.01521	0.01757	0.01301	0.01930	0.01368	0.01058	0.20087	0.02166	0.13090	0.01687	0.01754	0.01255	0.00699	0.00632	0.00159	0.00636	0.00549	0.00595	0.45595
11	0.11752	0.00848	0.00835	0.00810	0.01079	0.00782	0.00618	0.01270	0.01694	0.02334	0.15772	0.06083	0.50289	0.01661	0.00819	0.00245	0.00400	0.01372	0.00677	0.00662

[dist]
# distance from previous block
# <min> <max>
0	1

[block]
# block no. 6 follows, 27 sequences, length 8
# corresponding to MSA columns:
# 809-816
name=unknown_G
#
# <colnr> <probs for GDERKNQSTAVLIFYWHMCP>
#	G	D	E	R	K	N	Q	S	T	A	V	L	I	F	Y	W	H	M	C	P
0	0.09077	0.02058	0.01976	0.01854	0.08174	0.16492	0.01348	0.13540	0.15574	0.02829	0.01656	0.01797	0.01304	0.00849	0.00858	0.00219	0.08409	0.00608	0.00527	0.10854
1	0.08781	0.11771	0.09022	0.21688	0.06283	0.01989	0.14498	0.12701	0.01864	0.02618	0.01371	0.01731	0.01043	0.00717	0.00703	0.00228	0.00954	0.00635	0.00416	0.00987
2	0.06561	0.01610	0.01783	0.09384	0.05849	0.08345	0.01307	0.10951	0.12461	0.07690	0.10250	0.02984	0.02329	0.01039	0.00824	0.00238	0.03809	0.06560	0.00608	0.05417
3	0.06553	0.11683	0.06024	0.01548	0.02007	0.10205	0.06003	0.02510	0.14333	0.05907	0.06809	0.08512	0.02062	0.00995	0.00810	0.00224	0.05302	0.00796	0.00533	0.07183
4	0.01782	0.19433	0.05968	0.08840	0.02243	0.06160	0.01302	0.09715	0.01775	0.02337	0.01792	0.08007	0.04352	0.00899	0.00723	0.00194	0.03918	0.00692	0.00452	0.19416
5	0.10894	0.01852	0.08637	0.01524	0.02022	0.07843	0.04666	0.13519	0.08472	0.02837	0.02287	0.10132	0.04140	0.01091	0.00737	0.00233	0.00763	0.07120	0.00564	0.10667
6	0.02117	0.01743	0.08447	0.01525	0.01991	0.08263	0.04652	0.07991	0.04164	0.20324	0.06767	0.12867	0.05246	0.01155	0.00871	0.00238	0.04859	0.00954	0.00647	0.05178
7	0.01945	0.28573	0.10768	0.01932	0.08452	0.02178	0.08774	0.14395	0.01930	0.02551	0.01533	0.06771	0.01346	0.00811	0.00659	0.00203	0.00852	0.00670	0.00442	0.05214

[dist]
# distance from previous block
# <min> <max>
1	25

[block]
# block no. 7 follows, 27 sequences, length 18
# corresponding to MSA columns:
# 854-871
name=unknown_H
#
# <colnr> <probs for GDERKNQSTAVLIFYWHMCP>
#	G	D	E	R	K	N	Q	S	T	A	V	L	I	F	Y	W	H	M	C	P
0	0.01256	0.01134	0.01110	0.01123	0.01315	0.09142	0.00794	0.01523	0.05304	0.01991	0.03692	0.40667	0.11547	0.06651	0.01045	0.00288	0.00573	0.01535	0.00614	0.08697
1	0.01453	0.01547	0.09069	0.18164	0.02812	0.01449	0.10495	0.05227	0.01646	0.04024	0.04662	0.14965	0.10178	0.01237	0.01016	0.00263	0.09393	0.01061	0.00492	0.00845
2	0.01761	0.04269	0.01984	0.06953	0.02177	0.01414	0.10466	0.14930	0.04646	0.08298	0.02801	0.21708	0.05069	0.05467	0.00999	0.00284	0.00734	0.04521	0.00621	0.00899
3	0.01552	0.10273	0.55664	0.02016	0.02938	0.01905	0.02469	0.02271	0.01510	0.02226	0.01261	0.01538	0.00946	0.00770	0.00891	0.00239	0.09621	0.00546	0.00315	0.01049
4	0.02268	0.11308	0.02083	0.01634	0.01981	0.43213	0.01269	0.04178	0.01925	0.01979	0.04697	0.07881	0.04048	0.00992	0.00784	0.00209	0.05118	0.00706	0.02893	0.00837
5	0.04984	0.17963	0.41458	0.10238	0.03021	0.01971	0.02185	0.02350	0.05154	0.02255	0.01348	0.01588	0.01015	0.00711	0.00654	0.00221	0.00971	0.00540	0.00347	0.01026
6	0.01367	0.01560	0.10223	0.57308	0.04520	0.01564	0.02019	0.01873	0.01489	0.01951	0.01572	0.08399	0.01339	0.00881	0.00756	0.00251	0.00952	0.00778	0.00360	0.00837
7	0.01006	0.00728	0.00923	0.01059	0.01139	0.00712	0.00723	0.01311	0.07046	0.02036	0.03926	0.64289	0.04552	0.02149	0.00912	0.00292	0.00440	0.01939	0.04163	0.00655
8	0.01508	0.01463	0.02536	0.45198	0.04196	0.01726	0.13323	0.04026	0.01552	0.02059	0.01483	0.05993	0.01244	0.00883	0.00980	0.00259	0.09564	0.00779	0.00371	0.00856
9	0.01761	0.01619	0.02441	0.26308	0.03332	0.05447	0.12008	0.07497	0.01669	0.04914	0.01510	0.02238	0.01256	0.01019	0.01240	0.03750	0.16543	0.04156	0.00416	0.00877
10	0.01597	0.10161	0.59325	0.02058	0.03073	0.04853	0.04291	0.02367	0.01590	0.02274	0.01302	0.01535	0.00947	0.00699	0.00688	0.00227	0.01084	0.00541	0.00319	0.01071
11	0.00961	0.00730	0.01008	0.01081	0.01195	0.00674	0.03155	0.01149	0.01553	0.02060	0.11614	0.52640	0.12645	0.02108	0.00932	0.00288	0.00456	0.04425	0.00691	0.00635
12	0.01703	0.19437	0.35014	0.01931	0.02728	0.07348	0.10616	0.02266	0.01579	0.02098	0.01357	0.01799	0.01118	0.06867	0.00932	0.00257	0.01035	0.00597	0.00340	0.00978
13	0.01501	0.04396	0.14731	0.01387	0.01833	0.01306	0.02663	0.07760	0.09551	0.04568	0.10752	0.05910	0.11403	0.09971	0.01165	0.00308	0.00699	0.08624	0.00601	0.00872
14	0.02031	0.01394	0.07246	0.01354	0.01768	0.01230	0.01166	0.10042	0.08903	0.21319	0.02759	0.12883	0.02368	0.01745	0.09182	0.00361	0.00805	0.05863	0.06595	0.00986
15	0.01479	0.01463	0.02620	0.55198	0.04691	0.01730	0.13743	0.01977	0.01511	0.01977	0.01331	0.01961	0.01013	0.00756	0.00873	0.00253	0.05531	0.00698	0.00338	0.00856
16	0.04201	0.01407	0.02023	0.32774	0.06399	0.01594	0.04396	0.07830	0.12383	0.07549	0.03689	0.02426	0.04055	0.00869	0.00737	0.00239	0.00802	0.00750	0.04924	0.00955
17	0.01789	0.01909	0.07898	0.08578	0.05639	0.01713	0.42584	0.02443	0.05353	0.07627	0.01995	0.02330	0.04923	0.00754	0.00832	0.00247	0.01075	0.00855	0.00448	0.01008

[dist]
# distance from previous block
# <min> <max>
0	3

[block]
# block no. 8 follows, 27 sequences, length 6
# corresponding to MSA columns:
# 875-880
name=unknown_I
#
# <colnr> <probs for GDERKNQSTAVLIFYWHMCP>
#	G	D	E	R	K	N	Q	S	T	A	V	L	I	F	Y	W	H	M	C	P
0	0.01439	0.01006	0.01070	0.01073	0.01286	0.06305	0.00779	0.01615	0.01664	0.12902	0.04613	0.37943	0.21745	0.01851	0.00873	0.00267	0.00521	0.01610	0.00702	0.00737
1	0.08233	0.02316	0.11223	0.01559	0.02092	0.19052	0.01378	0.18028	0.02256	0.10567	0.06589	0.02521	0.09082	0.00972	0.00721	0.00222	0.00868	0.00736	0.00589	0.00996
2	0.01598	0.22684	0.41808	0.01925	0.06525	0.01960	0.02128	0.02209	0.01576	0.02198	0.04443	0.04920	0.01413	0.00794	0.00663	0.00216	0.00938	0.00621	0.00358	0.01022
3	0.01571	0.07679	0.11436	0.14356	0.17458	0.01690	0.18858	0.02059	0.01602	0.02181	0.01778	0.12542	0.01644	0.00918	0.00781	0.00242	0.00949	0.00899	0.00401	0.00958
4	0.02295	0.02094	0.09533	0.05221	0.02374	0.07321	0.01494	0.26065	0.20173	0.08738	0.02192	0.02391	0.01657	0.00945	0.00751	0.00237	0.00815	0.03906	0.00660	0.01138
5	0.01478	0.04124	0.10620	0.38779	0.06083	0.01563	0.05820	0.02027	0.04181	0.04057	0.01973	0.08169	0.03852	0.00955	0.00769	0.00250	0.00904	0.03094	0.00420	0.00883

[dist]
# distance from previous block
# <min> <max>
4	15

[block]
# block no. 9 follows, 27 sequences, length 7
# corresponding to MSA columns:
# 899-905
name=unknown_J
#
# <colnr> <probs for GDERKNQSTAVLIFYWHMCP>
#	G	D	E	R	K	N	Q	S	T	A	V	L	I	F	Y	W	H	M	C	P
0	0.01268	0.00741	0.00979	0.01053	0.01167	0.00684	0.00723	0.01407	0.01488	0.11527	0.03753	0.56558	0.04254	0.09185	0.01198	0.00333	0.00488	0.01814	0.00698	0.00682
1	0.01597	0.02967	0.42693	0.12299	0.06468	0.01764	0.11187	0.04911	0.04621	0.02419	0.01450	0.01760	0.01055	0.00719	0.00739	0.00239	0.01059	0.00632	0.00363	0.01059
2	0.02213	0.01526	0.02238	0.19952	0.03003	0.01640	0.09343	0.12775	0.09979	0.20174	0.05058	0.02334	0.01691	0.00886	0.00834	0.00242	0.03658	0.00762	0.00625	0.01064
3	0.01560	0.02895	0.39471	0.12417	0.03696	0.01762	0.22983	0.02295	0.01614	0.02295	0.01384	0.01765	0.01007	0.00685	0.00765	0.00242	0.01131	0.00669	0.00336	0.01028
4	0.00932	0.00671	0.00906	0.01042	0.01105	0.00644	0.00715	0.01094	0.01454	0.01966	0.09188	0.60621	0.04768	0.02592	0.08131	0.00387	0.00584	0.01912	0.00670	0.00617
5	0.01782	0.08501	0.07024	0.07249	0.02128	0.08624	0.03039	0.12358	0.04920	0.05301	0.05769	0.16784	0.04031	0.03832	0.03652	0.00294	0.00825	0.02432	0.00564	0.00892
6	0.02176	0.12055	0.04147	0.01615	0.04159	0.04137	0.04790	0.19358	0.09159	0.12060	0.09193	0.02677	0.07022	0.00990	0.00786	0.00225	0.02958	0.00795	0.00642	0.01055

[dist]
# distance from previous block
# <min> <max>
9	46

[block]
# block no. 10 follows, 27 sequences, length 35
# corresponding to MSA columns:
# 952-986
name=unknown_K
#
# <colnr> <probs for GDERKNQSTAVLIFYWHMCP>
#	G	D	E	R	K	N	Q	S	T	A	V	L	I	F	Y	W	H	M	C	P
0	0.01690	0.01511	0.05395	0.22207	0.25106	0.01476	0.06444	0.02116	0.01638	0.08932	0.02001	0.12225	0.01810	0.00992	0.00787	0.00247	0.00852	0.03131	0.00467	0.00973
1	0.01705	0.01341	0.02133	0.55124	0.04343	0.01614	0.01861	0.02228	0.04658	0.11478	0.01606	0.02074	0.01167	0.00809	0.00834	0.00249	0.04761	0.00680	0.00432	0.00902
2	0.06534	0.01349	0.01693	0.01356	0.01887	0.01288	0.01112	0.06909	0.12084	0.50451	0.02832	0.02693	0.01919	0.00965	0.00745	0.00237	0.00634	0.03251	0.00854	0.01206
3	0.01666	0.01118	0.01307	0.01169	0.01493	0.01133	0.00903	0.05328	0.20271	0.13121	0.24379	0.08983	0.13334	0.01363	0.00822	0.00245	0.00489	0.01166	0.00785	0.00926
4	0.02521	0.02586	0.10481	0.01741	0.02294	0.24464	0.01501	0.18385	0.14602	0.11200	0.01890	0.01886	0.01380	0.00852	0.00717	0.00220	0.00957	0.00633	0.00595	0.01094
5	0.02912	0.01496	0.01907	0.01484	0.02019	0.06139	0.05677	0.08713	0.02213	0.48071	0.09126	0.02641	0.02187	0.00944	0.00763	0.00228	0.00713	0.00789	0.00818	0.01161
6	0.01523	0.03050	0.46061	0.02144	0.03026	0.01707	0.13388	0.02353	0.06270	0.02359	0.01896	0.02119	0.05818	0.00822	0.00828	0.00244	0.04267	0.00701	0.00382	0.01040
7	0.07819	0.04755	0.02321	0.01848	0.02331	0.28367	0.10450	0.16734	0.07792	0.02817	0.06311	0.01935	0.01577	0.00837	0.00715	0.00216	0.01008	0.00659	0.00526	0.00982
8	0.01704	0.01383	0.01736	0.01540	0.01893	0.01531	0.05784	0.04441	0.36414	0.06179	0.06437	0.09388	0.02741	0.01443	0.04167	0.00309	0.03944	0.07270	0.00691	0.01006
9	0.01300	0.00911	0.01106	0.01017	0.01265	0.00879	0.00775	0.01868	0.11286	0.07620	0.46193	0.05168	0.14804	0.01455	0.00850	0.00238	0.00407	0.01261	0.00798	0.00797
10	0.02018	0.01674	0.02041	0.01665	0.02119	0.06556	0.10310	0.16059	0.20726	0.07990	0.10615	0.04933	0.05396	0.01191	0.03030	0.00269	0.00787	0.00906	0.00676	0.01038
11	0.01916	0.01675	0.02640	0.08237	0.40042	0.01761	0.04482	0.11112	0.01910	0.05101	0.03323	0.03657	0.01525	0.00861	0.00882	0.00238	0.05912	0.03173	0.00464	0.01091
12	0.00916	0.00657	0.00885	0.01045	0.01094	0.00626	0.00706	0.01054	0.01405	0.01883	0.03942	0.68399	0.04692	0.02557	0.05940	0.00365	0.00542	0.02017	0.00668	0.00607
13	0.01707	0.01631	0.02778	0.24726	0.50125	0.01730	0.02214	0.02164	0.01629	0.02268	0.01373	0.01880	0.01120	0.00686	0.00737	0.00229	0.00914	0.00661	0.00356	0.01071
14	0.01699	0.01922	0.06006	0.15831	0.13452	0.05431	0.35777	0.02233	0.01688	0.02239	0.01566	0.05755	0.01295	0.00754	0.00817	0.00244	0.01104	0.00837	0.00381	0.00969
15	0.01644	0.09131	0.36988	0.02520	0.05901	0.01888	0.26702	0.02347	0.01637	0.02312	0.01373	0.01710	0.01021	0.00668	0.00751	0.00234	0.01121	0.00664	0.00339	0.01052
16	0.01034	0.00836	0.00942	0.00964	0.01149	0.02916	0.00726	0.01283	0.01797	0.02328	0.26861	0.17931	0.28214	0.01818	0.00898	0.00261	0.00440	0.08218	0.00722	0.00661
17	0.02104	0.03824	0.06659	0.08992	0.35997	0.01693	0.05400	0.05497	0.04789	0.15089	0.01758	0.01992	0.01314	0.00742	0.00738	0.00227	0.00858	0.00683	0.00498	0.01147
18	0.05019	0.01648	0.02729	0.05921	0.05871	0.01654	0.25446	0.14067	0.05296	0.09213	0.09804	0.04224	0.03795	0.00907	0.00805	0.00240	0.00877	0.00885	0.00579	0.01019
19	0.00965	0.00710	0.00911	0.01049	0.01126	0.00682	0.00714	0.01221	0.05442	0.02006	0.06224	0.64710	0.07044	0.02205	0.00931	0.00295	0.00436	0.01991	0.00697	0.00641
20	0.01703	0.01901	0.11642	0.05312	0.14499	0.04301	0.05549	0.04518	0.23270	0.02620	0.04601	0.02977	0.02047	0.01166	0.03556	0.00287	0.00863	0.07603	0.00547	0.01039
21	0.02357	0.01629	0.05315	0.01418	0.01902	0.04547	0.01185	0.20287	0.08915	0.22873	0.05136	0.10234	0.08564	0.01161	0.00779	0.00238	0.00680	0.00953	0.00749	0.01079
22	0.01536	0.07950	0.61862	0.02130	0.03178	0.01807	0.06769	0.02345	0.01576	0.02316	0.01325	0.01573	0.00953	0.00696	0.00703	0.00232	0.01089	0.00561	0.00318	0.01082
23	0.01091	0.00956	0.00967	0.01025	0.01182	0.06859	0.00736	0.01280	0.01663	0.02075	0.13349	0.35796	0.24240	0.01937	0.00895	0.00269	0.00493	0.03860	0.00679	0.00649
24	0.01903	0.02113	0.14897	0.12762	0.02745	0.09153	0.06252	0.12687	0.06110	0.06177	0.01937	0.04330	0.01625	0.06020	0.00966	0.00273	0.00919	0.04968	0.03200	0.00963
25	0.01860	0.01943	0.14023	0.11748	0.02521	0.08389	0.01566	0.10567	0.05032	0.09542	0.02587	0.08886	0.05651	0.01186	0.00799	0.00254	0.00839	0.11090	0.00572	0.00945
26	0.01058	0.00804	0.01145	0.01195	0.01310	0.00770	0.04679	0.04626	0.01552	0.02073	0.03813	0.65318	0.04488	0.02147	0.00932	0.00294	0.00501	0.01959	0.00673	0.00662
27	0.01529	0.01508	0.02731	0.49710	0.14375	0.01707	0.13717	0.02040	0.01563	0.02062	0.01364	0.01962	0.01042	0.00709	0.00765	0.00244	0.01021	0.00699	0.00344	0.00908
28	0.12609	0.03390	0.05718	0.21223	0.05906	0.01641	0.06930	0.08938	0.03592	0.06686	0.01844	0.11438	0.01623	0.00990	0.00812	0.00248	0.04163	0.00835	0.00492	0.00923
29	0.01702	0.07711	0.53601	0.05076	0.03090	0.01875	0.02438	0.11371	0.01830	0.02622	0.01377	0.01593	0.00989	0.00729	0.00698	0.00229	0.01035	0.00561	0.00375	0.01100
30	0.02463	0.02867	0.02053	0.05688	0.05370	0.47643	0.01436	0.07408	0.09631	0.02259	0.05042	0.01814	0.01461	0.00836	0.00702	0.00207	0.01124	0.00597	0.00470	0.00928
31	0.10509	0.15838	0.18215	0.14848	0.05573	0.01850	0.03607	0.07019	0.01655	0.02398	0.01627	0.08637	0.01461	0.00904	0.00683	0.00231	0.00857	0.02731	0.00419	0.00938
32	0.01696	0.02174	0.20517	0.06424	0.03959	0.05788	0.01662	0.11854	0.07341	0.02592	0.02102	0.14502	0.01957	0.01125	0.00854	0.00245	0.04658	0.03659	0.00512	0.06379
33	0.04516	0.00814	0.01008	0.01095	0.01215	0.00806	0.00785	0.05801	0.01621	0.02242	0.08225	0.50969	0.04457	0.05270	0.01041	0.00311	0.00497	0.07981	0.00681	0.00666
34	0.01575	0.06588	0.02544	0.55806	0.04576	0.01807	0.07949	0.06496	0.01651	0.02125	0.01348	0.01912	0.01019	0.00734	0.00736	0.00240	0.00988	0.00662	0.00362	0.00881

[dist]
# distance from previous block
# <min> <max>
3	87

[block]
# block no. 11 follows, 27 sequences, length 38
# corresponding to MSA columns:
# 1076-1113
name=unknown_L
#
# <colnr> <probs for GDERKNQSTAVLIFYWHMCP>
#	G	D	E	R	K	N	Q	S	T	A	V	L	I	F	Y	W	H	M	C	P
0	0.01757	0.01739	0.03129	0.20578	0.05582	0.01884	0.29191	0.10075	0.01823	0.02478	0.03527	0.02025	0.01273	0.00808	0.01031	0.00255	0.10699	0.00772	0.00416	0.00958
1	0.01707	0.10678	0.02959	0.30472	0.11269	0.06627	0.16033	0.02154	0.01602	0.02055	0.01308	0.01797	0.01038	0.00709	0.00787	0.00228	0.03607	0.00654	0.00350	0.03968
2	0.01227	0.00751	0.00964	0.01011	0.01153	0.00684	0.00708	0.01396	0.01584	0.10347	0.10780	0.45345	0.11983	0.07059	0.01107	0.00309	0.00461	0.01729	0.00714	0.00686
3	0.03256	0.01383	0.01797	0.01378	0.01955	0.01269	0.01138	0.12890	0.02325	0.60238	0.02761	0.02418	0.01753	0.00915	0.00746	0.00229	0.00659	0.00735	0.00893	0.01263
4	0.14114	0.03578	0.04208	0.22917	0.08204	0.05728	0.10457	0.04239	0.03334	0.10706	0.01656	0.04795	0.01294	0.00807	0.00712	0.00236	0.00888	0.00703	0.00472	0.00952
5	0.01749	0.38246	0.29172	0.01679	0.02414	0.02388	0.01881	0.02219	0.01485	0.01984	0.01141	0.01389	0.00951	0.00744	0.00806	0.00209	0.09748	0.00486	0.00317	0.00991
6	0.00903	0.00650	0.00857	0.01022	0.01074	0.00604	0.00684	0.01035	0.01432	0.01900	0.04231	0.70724	0.07521	0.02308	0.00945	0.00299	0.00428	0.02088	0.00689	0.00604
7	0.01356	0.01244	0.02083	0.47164	0.10388	0.01443	0.04275	0.01764	0.01485	0.01946	0.01867	0.14641	0.01779	0.04335	0.00921	0.00276	0.00879	0.00942	0.00404	0.00810
8	0.01871	0.06007	0.02288	0.14810	0.02716	0.06331	0.11823	0.03937	0.05949	0.12109	0.06233	0.07563	0.02186	0.01085	0.00892	0.00253	0.04966	0.07504	0.00553	0.00923
9	0.03331	0.01263	0.01723	0.01321	0.01895	0.01091	0.01091	0.03618	0.02125	0.69794	0.02929	0.02527	0.01838	0.00919	0.00747	0.00230	0.00632	0.00747	0.00919	0.01263
10	0.03109	0.01366	0.01756	0.01374	0.01930	0.01276	0.01126	0.08450	0.10333	0.56642	0.02853	0.02500	0.01847	0.00928	0.00747	0.00232	0.00640	0.00752	0.00885	0.01252
11	0.02634	0.07554	0.02200	0.01692	0.02188	0.24850	0.01355	0.32165	0.07076	0.05880	0.01729	0.04226	0.01358	0.00891	0.00708	0.00213	0.00951	0.00652	0.00600	0.01079
12	0.02198	0.01905	0.01824	0.01562	0.01991	0.12120	0.01244	0.26517	0.21169	0.03411	0.10464	0.02958	0.02435	0.01070	0.00773	0.00237	0.00763	0.05596	0.00697	0.01065
13	0.03331	0.01263	0.01723	0.01321	0.01895	0.01091	0.01091	0.03618	0.02125	0.69794	0.02929	0.02527	0.01838	0.00919	0.00747	0.00230	0.00632	0.00747	0.00919	0.01263
14	0.01629	0.12506	0.57722	0.01999	0.02995	0.06143	0.02481	0.02373	0.01593	0.02244	0.01284	0.01507	0.00943	0.00700	0.00675	0.00223	0.01075	0.00526	0.00318	0.01065
15	0.01882	0.01902	0.02207	0.01822	0.02198	0.14664	0.12508	0.07451	0.16500	0.02620	0.13720	0.02732	0.04120	0.01041	0.01022	0.00245	0.11010	0.00845	0.00567	0.00944
16	0.02689	0.02419	0.02107	0.01726	0.02224	0.22343	0.01373	0.44006	0.02956	0.03667	0.01738	0.06072	0.01398	0.00943	0.00734	0.00218	0.00946	0.00701	0.00634	0.01104
17	0.00904	0.00646	0.00861	0.01034	0.01077	0.00603	0.00689	0.01034	0.01421	0.01895	0.04092	0.73426	0.04910	0.02326	0.00948	0.00301	0.00431	0.02110	0.00689	0.00603
18	0.01402	0.01319	0.02227	0.72126	0.05113	0.01649	0.02062	0.01897	0.01484	0.01897	0.01319	0.01979	0.00990	0.00742	0.00742	0.00247	0.00990	0.00660	0.00330	0.00825
19	0.01796	0.02220	0.12227	0.02852	0.03606	0.01906	0.51352	0.07239	0.01838	0.02527	0.01483	0.01918	0.01108	0.00681	0.00903	0.00249	0.03863	0.00812	0.00394	0.01026
20	0.00904	0.00646	0.00861	0.01034	0.01077	0.00603	0.00689	0.01034	0.01421	0.01895	0.04092	0.73426	0.04910	0.02326	0.00948	0.00301	0.00431	0.02110	0.00689	0.00603
21	0.00973	0.00702	0.00935	0.01096	0.01182	0.00665	0.00803	0.01156	0.01507	0.01980	0.04265	0.53791	0.08710	0.02233	0.00962	0.00308	0.00488	0.16934	0.00688	0.00624
22	0.08086	0.01708	0.01893	0.01509	0.02051	0.01830	0.01231	0.31595	0.16774	0.21995	0.02308	0.02157	0.01602	0.00909	0.00727	0.00231	0.00700	0.00708	0.00774	0.01212
23	0.79154	0.01436	0.01091	0.00976	0.01436	0.01665	0.00804	0.02182	0.01263	0.03331	0.01034	0.01206	0.00804	0.00689	0.00459	0.00230	0.00574	0.00402	0.00459	0.00804
24	0.01020	0.00744	0.00958	0.00932	0.01097	0.00683	0.00689	0.01330	0.01987	0.02770	0.56254	0.14026	0.11447	0.01645	0.00885	0.00243	0.00362	0.01454	0.00792	0.00683
25	0.04172	0.44401	0.21070	0.01659	0.02405	0.06191	0.06604	0.02307	0.01567	0.02004	0.01153	0.01359	0.00958	0.00661	0.00577	0.00190	0.00931	0.00478	0.00329	0.00985
26	0.02488	0.05763	0.02198	0.10538	0.02601	0.54653	0.01520	0.02716	0.01932	0.01822	0.01151	0.01434	0.00962	0.00798	0.00805	0.00207	0.06676	0.00510	0.00369	0.00856
27	0.00904	0.00646	0.00861	0.01034	0.01077	0.00603	0.00689	0.01034	0.01421	0.01895	0.04092	0.73426	0.04910	0.02326	0.00948	0.00301	0.00431	0.02110	0.00689	0.00603
28	0.01429	0.01347	0.02275	0.67957	0.09072	0.01656	0.02075	0.01920	0.01497	0.01929	0.01324	0.01970	0.01001	0.00737	0.00742	0.00246	0.00983	0.00660	0.00332	0.00846
29	0.01504	0.01109	0.01746	0.01461	0.01802	0.01049	0.13036	0.01993	0.06901	0.10862	0.27137	0.12092	0.08945	0.01392	0.00869	0.00254	0.00604	0.05689	0.00710	0.00844
30	0.00972	0.00729	0.00918	0.01042	0.01175	0.00674	0.00785	0.01172	0.01570	0.02010	0.04994	0.38441	0.22377	0.02132	0.00948	0.00298	0.00481	0.17964	0.00688	0.00630
31	0.03268	0.01364	0.01785	0.01369	0.01945	0.01240	0.01131	0.11399	0.02293	0.61775	0.02788	0.02435	0.01767	0.00915	0.00746	0.00229	0.00655	0.00737	0.00897	0.01263
32	0.02932	0.01758	0.02104	0.01785	0.07285	0.01819	0.01361	0.38822	0.02855	0.28248	0.02171	0.02058	0.01466	0.00884	0.00743	0.00225	0.00754	0.00696	0.00778	0.01256
33	0.02381	0.07100	0.01995	0.01514	0.02014	0.04729	0.01229	0.20654	0.30075	0.14400	0.04386	0.02369	0.01912	0.00939	0.00730	0.00230	0.00696	0.00745	0.00733	0.01170
34	0.00933	0.00685	0.00882	0.01028	0.01117	0.00635	0.00726	0.01095	0.01495	0.01948	0.04596	0.56098	0.14593	0.02227	0.00946	0.00298	0.00451	0.08944	0.00689	0.00616
35	0.01550	0.12524	0.61915	0.02012	0.03052	0.01873	0.02561	0.02335	0.01560	0.02277	0.01295	0.01521	0.00942	0.00697	0.00677	0.00226	0.01060	0.00530	0.00314	0.01079
36	0.02516	0.02916	0.02247	0.01983	0.05093	0.46703	0.06003	0.10102	0.02152	0.02285	0.01277	0.01482	0.01030	0.00739	0.00680	0.00190	0.01157	0.00531	0.00430	0.10485
37	0.01429	0.01109	0.01324	0.01257	0.01541	0.01143	0.00998	0.07010	0.17711	0.02802	0.20876	0.12156	0.04144	0.01493	0.00857	0.00261	0.00545	0.16281	0.00725	0.06337

[dist]
# distance from previous block
# <min> <max>
0	33

# created by:
# /home/cegg/simao/soft/augustus-3.2.1/scripts/msa2prfl.pl ./align_prep/EOG090W077G.fa
