[name]
unknown

[dist]
# distance from previous block
# <min> <max>
18	102

[block]
# block no. 0 follows, 32 sequences, length 86
# corresponding to MSA columns:
# 158-243
name=unknown_A
#
# <colnr> <probs for GDERKNQSTAVLIFYWHMCP>
#	G	D	E	R	K	N	Q	S	T	A	V	L	I	F	Y	W	H	M	C	P
0	0.05833	0.01345	0.03218	0.07671	0.08043	0.04086	0.02815	0.07376	0.14574	0.11302	0.06727	0.08847	0.01973	0.00998	0.00825	0.02657	0.05115	0.00782	0.04935	0.00875
1	0.06359	0.03284	0.01665	0.02877	0.01774	0.01369	0.05568	0.17609	0.10709	0.13739	0.05536	0.03985	0.01740	0.05508	0.00809	0.00222	0.00612	0.00690	0.05383	0.10562
2	0.01828	0.01412	0.01922	0.03321	0.02032	0.01498	0.11839	0.16033	0.22377	0.10360	0.07967	0.06254	0.02055	0.01047	0.02994	0.00246	0.02641	0.00805	0.00608	0.02759
3	0.04944	0.03314	0.01718	0.01345	0.01786	0.03664	0.02668	0.30268	0.09695	0.17532	0.09686	0.06411	0.02067	0.00937	0.00683	0.00209	0.00631	0.00761	0.00674	0.01006
4	0.05894	0.05980	0.01736	0.03527	0.01855	0.01595	0.01082	0.20807	0.21895	0.16808	0.04560	0.02054	0.01636	0.00811	0.00640	0.00200	0.00606	0.00642	0.00641	0.07033
5	0.01930	0.01769	0.12714	0.01661	0.09115	0.05575	0.01344	0.14167	0.11408	0.14971	0.10088	0.04449	0.01988	0.00860	0.00674	0.00204	0.00681	0.00711	0.00579	0.05113
6	0.02068	0.01661	0.06107	0.01671	0.08318	0.03459	0.03616	0.27822	0.10202	0.12019	0.03531	0.02145	0.04339	0.02646	0.02953	0.00238	0.00731	0.00674	0.00589	0.05208
7	0.04549	0.09462	0.09578	0.01770	0.09568	0.13548	0.01398	0.23380	0.09072	0.06568	0.01534	0.01670	0.01175	0.02958	0.00707	0.00208	0.00807	0.00563	0.00497	0.00988
8	0.01866	0.17830	0.21463	0.01632	0.04070	0.01789	0.06770	0.17674	0.01882	0.08439	0.04636	0.01664	0.01267	0.00698	0.00616	0.00189	0.00786	0.00560	0.00452	0.05718
9	0.09481	0.07748	0.17710	0.05006	0.21273	0.05486	0.03266	0.07809	0.03994	0.02346	0.03376	0.01707	0.02731	0.00702	0.00660	0.00201	0.02738	0.00567	0.00385	0.02813
10	0.00813	0.00681	0.00708	0.00701	0.00919	0.00575	0.00526	0.01002	0.01577	0.01926	0.15176	0.06271	0.63511	0.01657	0.00793	0.00225	0.00337	0.01390	0.00638	0.00575
11	0.01503	0.01967	0.18804	0.04191	0.13156	0.07918	0.08482	0.06622	0.03759	0.02330	0.15851	0.02572	0.06505	0.00876	0.00734	0.00211	0.02432	0.00758	0.00454	0.00875
12	0.00863	0.00731	0.00766	0.00723	0.00981	0.00604	0.00547	0.01056	0.01543	0.01913	0.10966	0.05854	0.60214	0.01557	0.00764	0.00213	0.00354	0.01301	0.00609	0.08442
13	0.01371	0.01170	0.01369	0.00992	0.01568	0.00882	0.00789	0.01662	0.01387	0.02169	0.01284	0.04104	0.01119	0.00555	0.00510	0.00106	0.00493	0.00452	0.00406	0.77612
14	0.01902	0.05217	0.02027	0.04845	0.23194	0.17442	0.01390	0.02232	0.03405	0.10629	0.03266	0.02014	0.03852	0.00755	0.00684	0.00188	0.03097	0.02485	0.00437	0.10939
15	0.01286	0.01203	0.02025	0.64370	0.10529	0.01464	0.01825	0.01717	0.01344	0.01749	0.01232	0.01824	0.00953	0.00905	0.04698	0.00269	0.00935	0.00603	0.00305	0.00766
16	0.00921	0.00805	0.00972	0.01160	0.10665	0.00711	0.00729	0.01131	0.01551	0.01917	0.09920	0.05715	0.58355	0.01529	0.00775	0.00222	0.00401	0.01292	0.00590	0.00638
17	0.01428	0.04840	0.36501	0.01877	0.02635	0.01522	0.15894	0.01999	0.01415	0.02087	0.01201	0.01486	0.00917	0.00632	0.00751	0.00196	0.06453	0.00539	0.00319	0.17309
18	0.01267	0.01193	0.02013	0.74806	0.04621	0.01491	0.01863	0.01714	0.01342	0.01714	0.01193	0.01789	0.00894	0.00671	0.00671	0.00224	0.00894	0.00596	0.00298	0.00745
19	0.57090	0.01571	0.05573	0.01106	0.01586	0.01649	0.00967	0.18648	0.01652	0.03256	0.01116	0.01237	0.00836	0.00668	0.00491	0.00206	0.00601	0.00430	0.00470	0.00844
20	0.01426	0.01213	0.01410	0.01010	0.01605	0.00930	0.00810	0.03746	0.01444	0.02248	0.01205	0.01398	0.00998	0.00506	0.00502	0.00102	0.00504	0.00404	0.00406	0.78131
21	0.01669	0.01441	0.01517	0.01365	0.01745	0.01669	0.01062	0.03565	0.71021	0.02807	0.02731	0.02503	0.02048	0.00910	0.00683	0.00228	0.00531	0.00759	0.00683	0.01062
22	0.01876	0.70903	0.03375	0.01162	0.01732	0.02556	0.01144	0.04033	0.01443	0.05187	0.01038	0.01152	0.00909	0.00593	0.00450	0.00148	0.00711	0.00382	0.00325	0.00883
23	0.00801	0.00672	0.00696	0.00707	0.00915	0.00567	0.00524	0.00972	0.01522	0.01836	0.08903	0.12255	0.63893	0.01721	0.00798	0.00230	0.00343	0.01450	0.00627	0.00567
24	0.00818	0.00584	0.00779	0.00934	0.00973	0.00545	0.00623	0.00934	0.01285	0.01713	0.03698	0.75981	0.04438	0.02102	0.00856	0.00273	0.00389	0.01908	0.00623	0.00545
25	0.01574	0.01875	0.10778	0.21315	0.16871	0.08690	0.16404	0.03788	0.01528	0.02008	0.01300	0.01817	0.01046	0.00785	0.02402	0.00237	0.04032	0.02337	0.00336	0.00877
26	0.02995	0.01167	0.01573	0.01206	0.01726	0.01024	0.00996	0.05570	0.01963	0.70338	0.02611	0.02261	0.01643	0.00830	0.00675	0.00207	0.00577	0.00672	0.00825	0.01142
27	0.00818	0.00584	0.00779	0.00934	0.00973	0.00545	0.00623	0.00934	0.01285	0.01713	0.03698	0.75981	0.04438	0.02102	0.00856	0.00273	0.00389	0.01908	0.00623	0.00545
28	0.02172	0.02344	0.31658	0.01602	0.02325	0.01560	0.01701	0.23144	0.02086	0.22191	0.01725	0.01715	0.01162	0.00742	0.00658	0.00208	0.00799	0.00578	0.00552	0.01079
29	0.04510	0.01543	0.02066	0.03887	0.09077	0.01631	0.08921	0.29446	0.06316	0.13393	0.04070	0.06363	0.01586	0.00866	0.00740	0.00215	0.03030	0.00734	0.00594	0.01014
30	0.01669	0.01441	0.01517	0.01365	0.01745	0.01669	0.01062	0.03565	0.71021	0.02807	0.02731	0.02503	0.02048	0.00910	0.00683	0.00228	0.00531	0.00759	0.00683	0.01062
31	0.00913	0.00685	0.00849	0.00830	0.01000	0.00621	0.00628	0.01185	0.01763	0.02395	0.49162	0.08431	0.22272	0.01510	0.00802	0.00223	0.00342	0.05078	0.00699	0.00612
32	0.34228	0.01670	0.03841	0.01596	0.09952	0.05484	0.03251	0.21299	0.01851	0.04728	0.01246	0.01388	0.00940	0.00672	0.00556	0.00198	0.00683	0.00489	0.00477	0.05451
33	0.01249	0.01126	0.01758	0.44620	0.07262	0.01334	0.01494	0.01628	0.02990	0.01729	0.01499	0.02236	0.02808	0.09929	0.06735	0.00336	0.05387	0.00662	0.00339	0.04877
34	0.01794	0.76823	0.03516	0.01148	0.01722	0.02655	0.01148	0.02009	0.01363	0.01579	0.00933	0.01076	0.00861	0.00574	0.00431	0.00144	0.00718	0.00359	0.00287	0.00861
35	0.01512	0.05760	0.01508	0.03215	0.01633	0.03412	0.00898	0.09438	0.01590	0.04663	0.01788	0.11365	0.03370	0.01144	0.06139	0.00223	0.00655	0.00683	0.00465	0.40539
36	0.06261	0.01509	0.01522	0.01358	0.01745	0.03968	0.01060	0.06513	0.61715	0.02847	0.02523	0.02341	0.01894	0.00882	0.00665	0.00223	0.00561	0.00719	0.00656	0.01038
37	0.07038	0.01349	0.01587	0.01248	0.01747	0.05287	0.01020	0.09320	0.05181	0.55417	0.02373	0.02107	0.01536	0.00813	0.00657	0.00206	0.00618	0.00642	0.00759	0.01095
38	0.01954	0.01119	0.01378	0.01047	0.01551	0.00919	0.00836	0.02259	0.03626	0.28848	0.02164	0.02231	0.05405	0.05277	0.00762	0.00185	0.00526	0.00606	0.00583	0.38724
39	0.01618	0.07340	0.02182	0.01757	0.03792	0.02091	0.01439	0.09191	0.01302	0.01916	0.00976	0.01459	0.00913	0.01071	0.01853	0.00269	0.59123	0.00572	0.00336	0.00798
40	0.00960	0.00712	0.01044	0.01044	0.01152	0.00820	0.00796	0.01176	0.01068	0.01532	0.01829	0.02811	0.01753	0.12148	0.66748	0.01036	0.01683	0.00745	0.00364	0.00580
41	0.01613	0.01537	0.02613	0.03937	0.68177	0.01535	0.01977	0.01995	0.01514	0.02165	0.01401	0.05891	0.01255	0.00683	0.00675	0.00203	0.00774	0.00672	0.00349	0.01033
42	0.00962	0.00707	0.01017	0.01017	0.01116	0.00806	0.00763	0.01159	0.01060	0.01513	0.01853	0.02944	0.01811	0.17572	0.61403	0.01003	0.01596	0.00764	0.00368	0.00565
43	0.01400	0.01323	0.01776	0.01522	0.01594	0.01731	0.01241	0.03862	0.01156	0.01723	0.01505	0.02144	0.06545	0.08640	0.02058	0.00309	0.54932	0.00679	0.00350	0.05509
44	0.01827	0.73424	0.03442	0.01175	0.01738	0.05935	0.01155	0.02040	0.01388	0.01582	0.00938	0.01083	0.00861	0.00579	0.00439	0.00145	0.00740	0.00362	0.00290	0.00857
45	0.01794	0.76823	0.03516	0.01148	0.01722	0.02655	0.01148	0.02009	0.01363	0.01579	0.00933	0.01076	0.00861	0.00574	0.00431	0.00144	0.00718	0.00359	0.00287	0.00861
46	0.01436	0.01219	0.01415	0.01015	0.01609	0.00940	0.00813	0.04290	0.01459	0.02264	0.01209	0.01400	0.00999	0.00509	0.00504	0.00103	0.00506	0.00405	0.00408	0.77499
47	0.01045	0.00834	0.01037	0.01028	0.01130	0.04673	0.00757	0.01222	0.01097	0.01499	0.01835	0.02993	0.01822	0.22399	0.52524	0.00925	0.01483	0.00767	0.00370	0.00561
48	0.00832	0.00590	0.00774	0.00916	0.00951	0.00555	0.00603	0.00938	0.01256	0.01675	0.03554	0.69443	0.04255	0.08890	0.01090	0.00307	0.00413	0.01822	0.00603	0.00532
49	0.01058	0.00766	0.00864	0.00827	0.01069	0.00700	0.00637	0.01346	0.05230	0.07789	0.08575	0.05411	0.49468	0.01964	0.09330	0.00326	0.00546	0.02829	0.00618	0.00649
50	0.01365	0.01164	0.01373	0.00999	0.01567	0.00891	0.00798	0.01660	0.01373	0.02149	0.01229	0.01466	0.01035	0.00770	0.04910	0.00158	0.00575	0.00417	0.00395	0.75706
51	0.03291	0.01174	0.01238	0.03436	0.01513	0.07736	0.00947	0.06451	0.16597	0.02203	0.04878	0.26251	0.02924	0.01729	0.06724	0.00315	0.00683	0.10585	0.00580	0.00746
52	0.02371	0.01782	0.01982	0.05705	0.02176	0.02002	0.01300	0.60381	0.02900	0.03900	0.03683	0.01717	0.01271	0.00835	0.00756	0.00208	0.04698	0.00621	0.00632	0.01081
53	0.02131	0.06565	0.01950	0.05999	0.08987	0.50798	0.01319	0.02339	0.01745	0.01708	0.01447	0.07222	0.03372	0.00815	0.00631	0.00186	0.01035	0.00599	0.00369	0.00784
54	0.01403	0.01137	0.01407	0.09514	0.01783	0.04898	0.04123	0.08591	0.05688	0.05778	0.20788	0.03670	0.11894	0.07023	0.04876	0.00298	0.02775	0.03045	0.00567	0.00742
55	0.19184	0.01540	0.05934	0.08886	0.07654	0.03308	0.10451	0.07992	0.07122	0.12402	0.01917	0.02126	0.05457	0.00783	0.00642	0.00215	0.00723	0.02265	0.00496	0.00902
56	0.05870	0.01598	0.02509	0.07847	0.53499	0.05317	0.04994	0.02021	0.01493	0.02140	0.01264	0.01677	0.01057	0.00859	0.04815	0.00251	0.00882	0.00592	0.00337	0.00977
57	0.01301	0.01227	0.02074	0.68714	0.10449	0.01500	0.01880	0.01744	0.01358	0.01756	0.01199	0.01778	0.00909	0.00665	0.00670	0.00222	0.00886	0.00596	0.00301	0.00773
58	0.01824	0.01435	0.01530	0.03600	0.01778	0.04815	0.01070	0.20991	0.26674	0.06591	0.06978	0.06811	0.06418	0.01063	0.00714	0.00223	0.00606	0.05277	0.00652	0.00951
59	0.01089	0.00718	0.00973	0.00951	0.01048	0.00775	0.00680	0.01237	0.01089	0.05744	0.01972	0.03296	0.01972	0.32496	0.42045	0.00860	0.01278	0.00816	0.00406	0.00557
60	0.02915	0.01246	0.01616	0.01244	0.01762	0.01147	0.01026	0.11987	0.03887	0.61936	0.02514	0.02202	0.01603	0.00829	0.00675	0.00207	0.00592	0.00668	0.00806	0.01140
61	0.00893	0.00638	0.00865	0.01021	0.01093	0.00610	0.00754	0.01065	0.01359	0.01797	0.03657	0.56385	0.04273	0.02031	0.00877	0.00283	0.00455	0.20758	0.00621	0.00566
62	0.02838	0.01419	0.01728	0.01325	0.01851	0.01397	0.01095	0.28307	0.02384	0.47007	0.02258	0.02031	0.01466	0.00821	0.00673	0.00205	0.00634	0.00648	0.00771	0.01142
63	0.01611	0.01452	0.02740	0.06950	0.23371	0.01413	0.27689	0.02024	0.01526	0.09002	0.01721	0.09750	0.01489	0.01025	0.04896	0.00270	0.00922	0.00826	0.00414	0.00910
64	0.01408	0.03456	0.69160	0.01903	0.02860	0.05400	0.02416	0.02154	0.01442	0.02099	0.01195	0.01406	0.00851	0.00640	0.00636	0.00210	0.01003	0.00492	0.00287	0.00980
65	0.02767	0.01532	0.01799	0.01379	0.01908	0.01566	0.01139	0.38594	0.02574	0.36451	0.02099	0.01928	0.01386	0.00817	0.00673	0.00204	0.00660	0.00637	0.00746	0.01141
66	0.81159	0.01298	0.00986	0.00882	0.01298	0.01505	0.00727	0.01972	0.01142	0.03010	0.00934	0.01090	0.00727	0.00623	0.00415	0.00208	0.00519	0.00363	0.00415	0.00727
67	0.01328	0.01255	0.02123	0.63843	0.15108	0.01507	0.01894	0.01768	0.01371	0.01788	0.01203	0.01769	0.00921	0.00660	0.00670	0.00220	0.00879	0.00597	0.00303	0.00795
68	0.01645	0.01578	0.02694	0.07025	0.69453	0.01590	0.02051	0.02045	0.01520	0.02172	0.01259	0.01666	0.01056	0.00601	0.00665	0.00200	0.00801	0.00598	0.00331	0.01050
69	0.02804	0.01223	0.01577	0.01236	0.01737	0.01139	0.01012	0.06987	0.11317	0.59490	0.02601	0.02276	0.01685	0.00840	0.00676	0.00210	0.00575	0.00682	0.00802	0.01131
70	0.03010	0.01142	0.01557	0.01194	0.01713	0.00986	0.00986	0.03270	0.01920	0.72698	0.02647	0.02284	0.01661	0.00830	0.00675	0.00208	0.00571	0.00675	0.00830	0.01142
71	0.01516	0.01334	0.02103	0.07970	0.22818	0.03237	0.09439	0.01841	0.01487	0.07299	0.02333	0.05698	0.09728	0.01035	0.00935	0.00236	0.10502	0.09201	0.00443	0.00843
72	0.01158	0.00585	0.00869	0.00869	0.00869	0.00585	0.00576	0.00878	0.00878	0.01171	0.01202	0.02129	0.01214	0.05152	0.02653	0.77439	0.00585	0.00598	0.00296	0.00296
73	0.00822	0.00681	0.00720	0.00710	0.00924	0.00579	0.00533	0.01019	0.01598	0.01976	0.18893	0.06189	0.59764	0.01638	0.00793	0.00224	0.00336	0.01378	0.00645	0.00579
74	0.01279	0.01196	0.01918	0.41558	0.14481	0.01422	0.01628	0.01627	0.01336	0.01784	0.01773	0.10049	0.05585	0.00941	0.00895	0.00234	0.10388	0.00787	0.00358	0.00762
75	0.01834	0.12492	0.14333	0.03750	0.05982	0.14037	0.27806	0.03746	0.01627	0.06186	0.01294	0.01561	0.00984	0.00624	0.00668	0.00201	0.01004	0.00600	0.00359	0.00914
76	0.01387	0.03184	0.61052	0.02070	0.03008	0.01582	0.14082	0.02129	0.01445	0.02129	0.01231	0.01484	0.00879	0.00625	0.00664	0.00215	0.01016	0.00547	0.00293	0.00977
77	0.01589	0.01670	0.02037	0.01758	0.01798	0.10433	0.01448	0.01739	0.01130	0.01618	0.00899	0.01438	0.00879	0.01118	0.02015	0.00279	0.66543	0.00569	0.00300	0.00739
78	0.07816	0.01227	0.01611	0.17736	0.02325	0.01231	0.01155	0.09639	0.01727	0.28015	0.01786	0.01883	0.01252	0.00973	0.05027	0.00245	0.00719	0.00582	0.00561	0.14489
79	0.06511	0.37236	0.22863	0.01666	0.08147	0.09616	0.01595	0.02114	0.01436	0.01880	0.01049	0.01238	0.00868	0.00609	0.00527	0.00175	0.00842	0.00426	0.00304	0.00899
80	0.00817	0.00588	0.00775	0.00925	0.00971	0.00546	0.00619	0.00935	0.01294	0.01717	0.03816	0.73334	0.07009	0.02087	0.00854	0.00271	0.00387	0.01889	0.00623	0.00546
81	0.00964	0.00645	0.00735	0.00747	0.00750	0.00642	0.00423	0.00973	0.01000	0.01333	0.02237	0.09924	0.02594	0.70676	0.03217	0.00621	0.00630	0.01048	0.00423	0.00417
82	0.01543	0.03466	0.02558	0.09371	0.16477	0.03075	0.22638	0.04122	0.10058	0.02204	0.01781	0.04961	0.01552	0.00818	0.00724	0.00220	0.00833	0.07738	0.00427	0.05433
83	0.01630	0.01587	0.02062	0.01853	0.05880	0.06213	0.05036	0.07230	0.09706	0.02036	0.01355	0.03396	0.01222	0.01060	0.01576	0.00262	0.44058	0.02618	0.00394	0.00828
84	0.01575	0.07672	0.02570	0.21020	0.17998	0.01676	0.14726	0.08190	0.03432	0.02204	0.05103	0.02011	0.01369	0.00742	0.00773	0.00216	0.05072	0.02375	0.00388	0.00889
85	0.01119	0.03824	0.34202	0.01405	0.01951	0.01110	0.03517	0.01585	0.01455	0.02034	0.10385	0.21200	0.11067	0.01214	0.00728	0.00228	0.00683	0.01049	0.00463	0.00782

[dist]
# distance from previous block
# <min> <max>
0	13

[block]
# block no. 1 follows, 32 sequences, length 9
# corresponding to MSA columns:
# 257-265
name=unknown_B
#
# <colnr> <probs for GDERKNQSTAVLIFYWHMCP>
#	G	D	E	R	K	N	Q	S	T	A	V	L	I	F	Y	W	H	M	C	P
0	0.02628	0.01393	0.01669	0.01319	0.01815	0.01406	0.01077	0.20786	0.15762	0.41111	0.02392	0.02151	0.01601	0.00840	0.00675	0.00210	0.00607	0.00673	0.00760	0.01126
1	0.17124	0.27232	0.18637	0.01551	0.02175	0.01889	0.13080	0.01995	0.01350	0.02078	0.01128	0.01392	0.00917	0.00912	0.05730	0.00252	0.00888	0.00490	0.00325	0.00853
2	0.01305	0.01093	0.01295	0.00965	0.01475	0.00843	0.00763	0.01607	0.01491	0.02285	0.15021	0.02100	0.02038	0.00668	0.00555	0.00121	0.00462	0.00557	0.00464	0.64892
3	0.17026	0.01360	0.07427	0.01274	0.05047	0.01187	0.01032	0.01820	0.02989	0.06244	0.06162	0.07264	0.01640	0.03196	0.00814	0.00200	0.07580	0.00635	0.00449	0.26657
4	0.00838	0.00663	0.00755	0.00772	0.00944	0.00579	0.00564	0.01036	0.01577	0.02020	0.23028	0.19685	0.41773	0.01693	0.00805	0.00232	0.00344	0.01460	0.00653	0.00579
5	0.01471	0.06852	0.22391	0.02439	0.22020	0.01504	0.12298	0.01967	0.01461	0.02088	0.01399	0.01961	0.01178	0.00860	0.03787	0.00237	0.00895	0.04802	0.00343	0.10047
6	0.17893	0.01351	0.04985	0.01339	0.05772	0.01226	0.01066	0.09004	0.01817	0.37616	0.06916	0.02070	0.01662	0.00791	0.00623	0.00203	0.00590	0.00622	0.00657	0.03794
7	0.00966	0.00654	0.00769	0.00777	0.00791	0.00664	0.00461	0.00996	0.01002	0.01349	0.02167	0.08019	0.02469	0.65314	0.10331	0.00673	0.00752	0.01000	0.00413	0.00433
8	0.01653	0.01078	0.01731	0.01443	0.01793	0.01025	0.14366	0.03836	0.03860	0.19708	0.09470	0.13277	0.04843	0.01495	0.05955	0.00300	0.00722	0.12007	0.00614	0.00822

[dist]
# distance from previous block
# <min> <max>
5	7

[block]
# block no. 2 follows, 32 sequences, length 30
# corresponding to MSA columns:
# 273-302
name=unknown_C
#
# <colnr> <probs for GDERKNQSTAVLIFYWHMCP>
#	G	D	E	R	K	N	Q	S	T	A	V	L	I	F	Y	W	H	M	C	P
0	0.01625	0.19283	0.33194	0.01541	0.02226	0.06902	0.01689	0.02280	0.09288	0.05532	0.01415	0.01573	0.01090	0.00960	0.05548	0.00250	0.00910	0.00511	0.00370	0.03814
1	0.01821	0.17094	0.25425	0.02191	0.18478	0.11702	0.01812	0.06816	0.01639	0.05253	0.01234	0.01430	0.00959	0.00643	0.00603	0.00190	0.00887	0.00499	0.00355	0.00970
2	0.02221	0.07279	0.07600	0.01842	0.10459	0.04360	0.01435	0.43932	0.08493	0.03429	0.01567	0.01628	0.01158	0.00757	0.00650	0.00199	0.00761	0.00585	0.00564	0.01082
3	0.01509	0.10776	0.19222	0.02340	0.18783	0.01611	0.15448	0.02098	0.06274	0.02183	0.07734	0.01912	0.01522	0.00684	0.00660	0.00199	0.00823	0.00641	0.00381	0.05198
4	0.01110	0.00736	0.00947	0.00871	0.01073	0.00662	0.00658	0.01401	0.01824	0.07996	0.55768	0.08410	0.10108	0.01355	0.00774	0.00211	0.00349	0.01189	0.00718	0.03841
5	0.02089	0.08882	0.11004	0.01631	0.05659	0.05847	0.01386	0.27205	0.19488	0.07345	0.01791	0.01782	0.01318	0.00774	0.00644	0.00203	0.00736	0.00601	0.00564	0.01053
6	0.01354	0.02875	0.56107	0.01709	0.02526	0.01413	0.02082	0.02109	0.05993	0.04454	0.04793	0.06682	0.03348	0.00818	0.00667	0.00218	0.00861	0.00668	0.00379	0.00945
7	0.01685	0.10768	0.35911	0.01758	0.02503	0.01719	0.09091	0.10744	0.09224	0.06188	0.03108	0.01692	0.01204	0.00700	0.00646	0.00206	0.00857	0.00580	0.00421	0.00994
8	0.01537	0.28170	0.05929	0.01337	0.06360	0.01689	0.01099	0.05124	0.12392	0.04418	0.05794	0.08417	0.13182	0.00991	0.00625	0.00196	0.00599	0.00800	0.00489	0.00852
9	0.00825	0.00587	0.00776	0.00925	0.00962	0.00550	0.00613	0.00936	0.01271	0.01694	0.03626	0.72733	0.04347	0.05474	0.00973	0.00290	0.00401	0.01865	0.00613	0.00539
10	0.01380	0.01541	0.09272	0.03302	0.10784	0.09797	0.08062	0.03348	0.01564	0.03623	0.08583	0.19376	0.10730	0.04536	0.00860	0.00242	0.00702	0.01051	0.00487	0.00760
11	0.01737	0.08604	0.05288	0.03777	0.15618	0.08858	0.14339	0.07661	0.01600	0.05717	0.01387	0.01760	0.01131	0.01403	0.12852	0.00350	0.06031	0.00616	0.00384	0.00888
12	0.01508	0.01104	0.05338	0.01154	0.01448	0.01004	0.00932	0.02189	0.20213	0.15489	0.07004	0.28957	0.05494	0.01392	0.00760	0.00241	0.00500	0.03779	0.00665	0.00831
13	0.00803	0.00676	0.00696	0.00700	0.00914	0.00569	0.00522	0.00978	0.01538	0.01855	0.10135	0.09534	0.65390	0.01700	0.00796	0.00228	0.00341	0.01428	0.00629	0.00569
14	0.01903	0.05308	0.11010	0.08599	0.19768	0.14307	0.07487	0.13949	0.01847	0.03991	0.01337	0.01594	0.01032	0.00671	0.00645	0.00197	0.00890	0.00567	0.03948	0.00951
15	0.01809	0.19685	0.07313	0.01741	0.04243	0.18485	0.09994	0.05777	0.03347	0.01913	0.01331	0.07248	0.01217	0.00837	0.00859	0.00205	0.12163	0.00627	0.00367	0.00839
16	0.28372	0.01251	0.01415	0.08375	0.01826	0.01347	0.02726	0.11800	0.04231	0.16133	0.11055	0.02188	0.01857	0.03817	0.00715	0.00228	0.00591	0.00644	0.00570	0.00858
17	0.01545	0.07967	0.13011	0.12383	0.08169	0.14619	0.10994	0.01916	0.01491	0.01851	0.01726	0.13273	0.03647	0.00914	0.00739	0.00215	0.03570	0.00789	0.00373	0.00809
18	0.00970	0.00732	0.00948	0.00971	0.03493	0.00687	0.00685	0.01309	0.04270	0.02479	0.52720	0.13005	0.12307	0.01444	0.00791	0.00220	0.00352	0.01275	0.00698	0.00647
19	0.01969	0.01903	0.13383	0.01813	0.09223	0.01664	0.04672	0.24999	0.15900	0.07666	0.01751	0.01796	0.01282	0.00740	0.00657	0.00200	0.00729	0.00611	0.00546	0.08495
20	0.07210	0.63681	0.05727	0.01200	0.01762	0.07731	0.01178	0.02060	0.01390	0.01700	0.00950	0.01099	0.00852	0.00588	0.00450	0.00152	0.00750	0.00369	0.00300	0.00851
21	0.02790	0.01188	0.01544	0.01202	0.01693	0.01089	0.00986	0.09250	0.04693	0.59077	0.04768	0.02326	0.01781	0.00847	0.00671	0.00206	0.00568	0.00687	0.03528	0.01105
22	0.00916	0.00738	0.00877	0.00844	0.01048	0.00662	0.02362	0.03554	0.01633	0.02089	0.20492	0.17004	0.42093	0.01629	0.00798	0.00230	0.00377	0.01404	0.00643	0.00607
23	0.01455	0.01165	0.01638	0.01927	0.19249	0.01260	0.01191	0.05303	0.08547	0.06170	0.03976	0.18524	0.02308	0.10283	0.01265	0.00290	0.10873	0.03266	0.00501	0.00808
24	0.00887	0.00683	0.00810	0.00779	0.00964	0.00607	0.00584	0.01145	0.01752	0.02341	0.45941	0.05588	0.32488	0.01502	0.00792	0.00217	0.00326	0.01294	0.00693	0.00607
25	0.00967	0.00716	0.01048	0.01056	0.01167	0.00819	0.00814	0.01189	0.01094	0.01559	0.01919	0.03055	0.01861	0.11167	0.63654	0.00999	0.01633	0.04322	0.00377	0.00583
26	0.03779	0.06896	0.19874	0.02327	0.15956	0.21728	0.12022	0.02332	0.05063	0.02031	0.01246	0.01492	0.00978	0.00644	0.00642	0.00198	0.00985	0.00544	0.00342	0.00922
27	0.00964	0.00719	0.00974	0.01182	0.05861	0.00695	0.00754	0.04568	0.01397	0.01875	0.03426	0.67111	0.04039	0.01933	0.00834	0.00264	0.00435	0.01752	0.00606	0.00611
28	0.00846	0.00605	0.00812	0.00967	0.01019	0.00570	0.00673	0.00984	0.01313	0.01745	0.03682	0.68466	0.04375	0.02075	0.00864	0.00277	0.00414	0.09137	0.00622	0.00553
29	0.10088	0.04378	0.20561	0.02567	0.28722	0.04363	0.06416	0.02141	0.06182	0.02242	0.01584	0.01815	0.04674	0.00689	0.00638	0.00206	0.00812	0.00599	0.00367	0.00955

[dist]
# distance from previous block
# <min> <max>
0	3

[block]
# block no. 3 follows, 32 sequences, length 24
# corresponding to MSA columns:
# 306-329
name=unknown_D
#
# <colnr> <probs for GDERKNQSTAVLIFYWHMCP>
#	G	D	E	R	K	N	Q	S	T	A	V	L	I	F	Y	W	H	M	C	P
0	0.14472	0.04021	0.07821	0.01352	0.03908	0.02989	0.09985	0.01766	0.01568	0.07841	0.19306	0.03214	0.13879	0.01168	0.03658	0.00246	0.00652	0.00856	0.00527	0.00769
1	0.06076	0.09656	0.34727	0.01696	0.02409	0.12956	0.05352	0.06157	0.05074	0.05889	0.01320	0.01465	0.00978	0.00665	0.00612	0.00197	0.00910	0.00508	0.00377	0.02975
2	0.00892	0.00682	0.00820	0.00807	0.00984	0.00611	0.00609	0.01144	0.01715	0.02286	0.41241	0.09371	0.30127	0.01553	0.00802	0.00225	0.00343	0.04501	0.00685	0.00603
3	0.04130	0.01840	0.01810	0.01458	0.01941	0.10106	0.01175	0.38860	0.16209	0.08221	0.01798	0.01763	0.01306	0.00792	0.00650	0.00198	0.00721	0.00602	0.00625	0.05796
4	0.01835	0.16903	0.06538	0.01625	0.06498	0.14919	0.06548	0.07818	0.06058	0.04951	0.06263	0.04033	0.01520	0.00743	0.00610	0.00179	0.00780	0.00599	0.00438	0.11142
5	0.01594	0.13452	0.39981	0.05440	0.06885	0.04319	0.01923	0.03863	0.03639	0.05581	0.01290	0.01473	0.00962	0.00642	0.00604	0.00193	0.00868	0.00498	0.00347	0.06446
6	0.03922	0.01110	0.01220	0.01167	0.01416	0.03059	0.00871	0.07653	0.24994	0.07471	0.02971	0.35565	0.02955	0.01420	0.00749	0.00242	0.00504	0.01239	0.00648	0.00823
7	0.01584	0.01624	0.05924	0.09573	0.51959	0.01548	0.09779	0.02019	0.01508	0.02160	0.01311	0.01719	0.01067	0.00611	0.00669	0.00203	0.00828	0.00617	0.04305	0.00993
8	0.01418	0.01532	0.03229	0.02400	0.02934	0.01439	0.53598	0.01888	0.01527	0.02062	0.01899	0.15630	0.01790	0.00913	0.00811	0.00239	0.00969	0.04492	0.00406	0.00824
9	0.05935	0.01721	0.05620	0.01520	0.02027	0.07945	0.08340	0.25053	0.02170	0.21730	0.02037	0.04114	0.04208	0.00984	0.03281	0.00238	0.00791	0.00685	0.00604	0.00997
10	0.00852	0.00609	0.00776	0.00896	0.00945	0.00573	0.00598	0.00961	0.01260	0.01663	0.03631	0.56969	0.08449	0.14354	0.01278	0.00333	0.00438	0.04302	0.00587	0.00526
11	0.00828	0.00591	0.00790	0.00946	0.00989	0.00554	0.00641	0.00952	0.01295	0.01724	0.03693	0.73336	0.04416	0.02093	0.00859	0.00274	0.00398	0.04452	0.00623	0.00548
12	0.01380	0.03235	0.63144	0.02043	0.02990	0.01578	0.12041	0.02128	0.01440	0.02128	0.01226	0.01472	0.00874	0.00627	0.00659	0.00214	0.01011	0.00538	0.00291	0.00979
13	0.00847	0.00605	0.00813	0.00968	0.01020	0.00571	0.00674	0.00986	0.01314	0.01746	0.03682	0.68288	0.04373	0.02074	0.00864	0.00277	0.00415	0.09307	0.00622	0.00553
14	0.00839	0.00612	0.00790	0.00893	0.00972	0.00563	0.00613	0.00997	0.01420	0.01899	0.16315	0.56210	0.11541	0.01930	0.00838	0.00257	0.00371	0.01733	0.00644	0.00563
15	0.01368	0.00739	0.00751	0.00708	0.00899	0.00757	0.00542	0.07745	0.01565	0.02658	0.02137	0.02421	0.01668	0.00784	0.00487	0.00160	0.00351	0.00623	0.72965	0.00672
16	0.00973	0.00662	0.00789	0.00789	0.00808	0.00681	0.00478	0.01012	0.00993	0.01343	0.02062	0.04103	0.02314	0.64688	0.14975	0.00721	0.00839	0.00934	0.00399	0.00438
17	0.01149	0.00910	0.01310	0.01202	0.01354	0.01053	0.04031	0.04775	0.03529	0.01766	0.01761	0.02626	0.01645	0.11974	0.47452	0.00817	0.08351	0.00731	0.02916	0.00647
18	0.02506	0.03198	0.01901	0.01729	0.02074	0.73725	0.01296	0.02679	0.01901	0.01642	0.01037	0.01210	0.00864	0.00691	0.00605	0.00173	0.01210	0.00432	0.00346	0.00778
19	0.08400	0.02096	0.13938	0.01426	0.01843	0.18148	0.01295	0.14335	0.01772	0.02486	0.01388	0.01615	0.01085	0.00774	0.00769	0.00199	0.09668	0.00528	0.17396	0.00839
20	0.01608	0.06924	0.29159	0.02325	0.16663	0.06291	0.10777	0.05404	0.07025	0.02207	0.01372	0.01628	0.01058	0.00828	0.03632	0.00241	0.00953	0.00577	0.00357	0.00970
21	0.01518	0.24450	0.43723	0.01604	0.02392	0.01857	0.01901	0.04871	0.04194	0.02106	0.04578	0.01540	0.01173	0.00672	0.00588	0.00193	0.00852	0.00505	0.00337	0.00945
22	0.05173	0.01415	0.06211	0.01385	0.05573	0.01195	0.03852	0.05824	0.06697	0.04659	0.04969	0.04204	0.01461	0.00709	0.00661	0.00162	0.04147	0.00577	0.00456	0.40671
23	0.01079	0.04999	0.03276	0.01086	0.01305	0.00894	0.04675	0.06260	0.01530	0.01991	0.05909	0.36438	0.17948	0.03563	0.00865	0.00257	0.00503	0.06196	0.00580	0.00648

[dist]
# distance from previous block
# <min> <max>
0	3

[block]
# block no. 4 follows, 32 sequences, length 13
# corresponding to MSA columns:
# 333-345
name=unknown_E
#
# <colnr> <probs for GDERKNQSTAVLIFYWHMCP>
#	G	D	E	R	K	N	Q	S	T	A	V	L	I	F	Y	W	H	M	C	P
0	0.01644	0.26371	0.32509	0.01575	0.02272	0.09175	0.03729	0.02191	0.04802	0.03582	0.05240	0.01576	0.01248	0.00680	0.00585	0.00188	0.00861	0.00512	0.00350	0.00912
1	0.01340	0.01137	0.01092	0.01061	0.01187	0.11696	0.00740	0.08232	0.01417	0.01768	0.02207	0.22594	0.02419	0.23907	0.07695	0.08658	0.00759	0.01047	0.00467	0.00578
2	0.01088	0.01160	0.07908	0.12789	0.01944	0.00983	0.04304	0.01429	0.03196	0.01877	0.04994	0.12900	0.22103	0.04644	0.04624	0.00280	0.02826	0.01022	0.00474	0.09454
3	0.01446	0.02962	0.59019	0.01747	0.02598	0.01403	0.02153	0.02110	0.01450	0.08607	0.01591	0.09065	0.01289	0.00804	0.00663	0.00218	0.00892	0.00656	0.00368	0.00960
4	0.01376	0.03284	0.66377	0.01862	0.02798	0.01568	0.02349	0.02257	0.07815	0.02188	0.01344	0.01517	0.00960	0.00663	0.00642	0.00214	0.00949	0.00520	0.00320	0.00998
5	0.01422	0.01444	0.09187	0.54133	0.08021	0.01436	0.01818	0.01879	0.01402	0.06579	0.01296	0.01754	0.00957	0.00664	0.00657	0.00213	0.00854	0.00580	0.00340	0.05363
6	0.01337	0.00773	0.01049	0.00985	0.01070	0.00812	0.00702	0.10395	0.01206	0.01622	0.01285	0.02036	0.01209	0.02371	0.08930	0.62116	0.00716	0.00598	0.00350	0.00436
7	0.00970	0.00675	0.00854	0.00854	0.00896	0.00717	0.00558	0.01054	0.01012	0.01391	0.02003	0.03774	0.02172	0.51330	0.28138	0.00801	0.01054	0.00885	0.00390	0.00474
8	0.09004	0.01479	0.02393	0.16753	0.15621	0.01561	0.18210	0.07993	0.08666	0.05363	0.01603	0.05545	0.01291	0.00742	0.00686	0.00219	0.00810	0.00710	0.00435	0.00914
9	0.05960	0.01304	0.03864	0.05078	0.02235	0.01227	0.25669	0.01830	0.03240	0.07544	0.06988	0.09436	0.09021	0.04667	0.03040	0.00268	0.03040	0.00919	0.00474	0.04195
10	0.12532	0.07056	0.09123	0.02013	0.17075	0.12724	0.01451	0.15116	0.08133	0.06443	0.01430	0.01554	0.01090	0.00698	0.00607	0.00197	0.00790	0.00535	0.00460	0.00973
11	0.04160	0.05167	0.07007	0.05373	0.09128	0.05794	0.11397	0.04846	0.10419	0.11157	0.05878	0.02301	0.01676	0.09719	0.01035	0.00263	0.02612	0.00702	0.00482	0.00884
12	0.01634	0.14222	0.07500	0.12196	0.28421	0.05229	0.05065	0.04112	0.03902	0.02090	0.03340	0.01657	0.01168	0.00642	0.00621	0.00189	0.00802	0.00563	0.00356	0.06288

[dist]
# distance from previous block
# <min> <max>
0	6

[block]
# block no. 5 follows, 32 sequences, length 20
# corresponding to MSA columns:
# 353-372
name=unknown_F
#
# <colnr> <probs for GDERKNQSTAVLIFYWHMCP>
#	G	D	E	R	K	N	Q	S	T	A	V	L	I	F	Y	W	H	M	C	P
0	0.06155	0.01283	0.01919	0.26211	0.22907	0.01372	0.01513	0.05326	0.02905	0.06217	0.04895	0.02193	0.04875	0.03441	0.00753	0.00220	0.00722	0.00661	0.00419	0.06014
1	0.01865	0.01869	0.02213	0.02618	0.30972	0.19893	0.05924	0.02262	0.04973	0.06294	0.04638	0.01829	0.01367	0.00938	0.04924	0.00243	0.00918	0.00605	0.00407	0.05248
2	0.01498	0.01255	0.01419	0.01387	0.05381	0.01391	0.01010	0.06127	0.44690	0.02673	0.11396	0.09323	0.06077	0.01103	0.00719	0.00228	0.00510	0.02215	0.00661	0.00936
3	0.01166	0.00583	0.00874	0.00874	0.00874	0.00583	0.00583	0.00874	0.00874	0.01166	0.01166	0.02040	0.01166	0.02331	0.02622	0.80478	0.00583	0.00583	0.00291	0.00291
4	0.01555	0.01508	0.02328	0.07744	0.44375	0.04080	0.05668	0.02104	0.09574	0.02163	0.02110	0.02352	0.09924	0.00776	0.00688	0.00208	0.00750	0.00723	0.00407	0.00962
5	0.01762	0.39985	0.02669	0.01354	0.01774	0.13418	0.04424	0.05621	0.01509	0.01775	0.01352	0.09371	0.01320	0.01069	0.04931	0.00233	0.05656	0.00608	0.00361	0.00808
6	0.28095	0.04299	0.01517	0.04888	0.05789	0.14508	0.01041	0.07466	0.04837	0.02420	0.01313	0.01671	0.01100	0.05724	0.03725	0.00264	0.04480	0.00520	0.05564	0.00779
7	0.20962	0.13345	0.10855	0.01160	0.01697	0.03288	0.01087	0.04145	0.01424	0.05690	0.01412	0.06348	0.01243	0.00739	0.00540	0.00176	0.00628	0.02803	0.00420	0.22038
8	0.01017	0.04752	0.10438	0.01191	0.01466	0.00900	0.06955	0.01278	0.01373	0.01836	0.06995	0.36990	0.12257	0.05907	0.03219	0.00292	0.00596	0.01362	0.00524	0.00651
9	0.02009	0.00990	0.01238	0.01037	0.01408	0.00900	0.00824	0.04637	0.06297	0.36577	0.11961	0.07603	0.19282	0.01177	0.00727	0.00217	0.00478	0.00987	0.00743	0.00905
10	0.01557	0.22406	0.44016	0.01855	0.06039	0.06067	0.05137	0.02125	0.01444	0.01959	0.01134	0.01346	0.00872	0.00619	0.00590	0.00192	0.00930	0.00475	0.00293	0.00945
11	0.01571	0.02029	0.17362	0.02640	0.23894	0.04968	0.18144	0.04015	0.07344	0.02250	0.04481	0.02057	0.04700	0.00718	0.00699	0.00211	0.00873	0.00693	0.00393	0.00958
12	0.00823	0.00618	0.00763	0.00860	0.00958	0.00558	0.00594	0.00971	0.01402	0.01824	0.10441	0.51651	0.22235	0.01933	0.00834	0.00255	0.00370	0.01719	0.00633	0.00558
13	0.00974	0.00659	0.00777	0.00777	0.00792	0.00675	0.00463	0.01005	0.00989	0.01334	0.02073	0.04164	0.02341	0.67169	0.12530	0.00706	0.00799	0.00942	0.00400	0.00432
14	0.07316	0.06152	0.16862	0.03571	0.02027	0.13938	0.01400	0.03707	0.12252	0.08397	0.01992	0.02186	0.06742	0.00875	0.00781	0.00215	0.07558	0.02687	0.00459	0.00881
15	0.06062	0.01945	0.17378	0.01413	0.01925	0.03799	0.01320	0.28799	0.06537	0.05978	0.01682	0.02150	0.01378	0.15310	0.01177	0.00292	0.00760	0.00647	0.00519	0.00929
16	0.00850	0.00635	0.00798	0.00909	0.01013	0.00583	0.00656	0.01011	0.01396	0.01803	0.06267	0.47772	0.21083	0.01950	0.00848	0.00264	0.00406	0.10565	0.00625	0.00562
17	0.01490	0.08799	0.28616	0.02487	0.26771	0.01577	0.04043	0.02074	0.04806	0.02134	0.01580	0.01815	0.04440	0.00680	0.00633	0.00198	0.00812	0.00587	0.03028	0.03431
18	0.01752	0.01813	0.06643	0.05021	0.06666	0.13135	0.06841	0.06697	0.07866	0.04779	0.01407	0.01606	0.01103	0.00732	0.02028	0.00188	0.02923	0.00532	0.00424	0.27846
19	0.01572	0.07098	0.12132	0.02791	0.31238	0.04128	0.14850	0.02008	0.01499	0.02088	0.01356	0.05285	0.01166	0.00663	0.00659	0.00194	0.00844	0.00643	0.00346	0.09439

[dist]
# distance from previous block
# <min> <max>
0	10

[block]
# block no. 6 follows, 32 sequences, length 18
# corresponding to MSA columns:
# 383-400
name=unknown_G
#
# <colnr> <probs for GDERKNQSTAVLIFYWHMCP>
#	G	D	E	R	K	N	Q	S	T	A	V	L	I	F	Y	W	H	M	C	P
0	0.13229	0.06772	0.01641	0.08403	0.03432	0.03286	0.01082	0.05715	0.14193	0.23519	0.02033	0.02206	0.01510	0.00815	0.00619	0.00207	0.00617	0.03962	0.04325	0.02433
1	0.04396	0.01409	0.03382	0.01376	0.05322	0.01272	0.01084	0.18110	0.02009	0.30636	0.01863	0.01802	0.01285	0.00712	0.00617	0.00176	0.00610	0.00567	0.00627	0.22746
2	0.04527	0.01804	0.18810	0.02029	0.15426	0.01280	0.08011	0.02339	0.01587	0.23819	0.01867	0.07843	0.01453	0.00793	0.00671	0.00208	0.00746	0.00703	0.00505	0.05579
3	0.02638	0.01283	0.01645	0.01278	0.01757	0.01239	0.01052	0.11985	0.04332	0.49259	0.02241	0.02058	0.01483	0.00831	0.00788	0.00206	0.06864	0.00638	0.00723	0.07698
4	0.01047	0.00825	0.01219	0.01271	0.04811	0.00962	0.00935	0.01368	0.04380	0.01650	0.01779	0.02536	0.01633	0.04468	0.63917	0.00964	0.04504	0.00710	0.00371	0.00649
5	0.02145	0.06152	0.01614	0.01257	0.01638	0.17540	0.01004	0.20652	0.05661	0.11080	0.01784	0.01863	0.01332	0.00768	0.00587	0.00181	0.00694	0.00574	0.22578	0.00897
6	0.02573	0.01175	0.01483	0.01187	0.01647	0.01115	0.00964	0.05912	0.13976	0.50661	0.04485	0.02385	0.01839	0.00855	0.00664	0.00207	0.00545	0.00698	0.06553	0.01077
7	0.00848	0.00631	0.00796	0.00910	0.01008	0.00579	0.00652	0.01006	0.01392	0.01806	0.06918	0.50094	0.19290	0.01957	0.00848	0.00264	0.00402	0.09411	0.00627	0.00561
8	0.00796	0.00669	0.00691	0.00709	0.00914	0.00564	0.00523	0.00960	0.01501	0.01801	0.06435	0.14577	0.64075	0.01746	0.00800	0.00232	0.00346	0.01474	0.00623	0.00564
9	0.01387	0.01158	0.01983	0.25389	0.02778	0.01233	0.18773	0.04141	0.01492	0.02215	0.01631	0.02061	0.01250	0.00691	0.00625	0.00198	0.00727	0.00658	0.30857	0.00754
10	0.81159	0.01298	0.00986	0.00882	0.01298	0.01505	0.00727	0.01972	0.01142	0.03010	0.00934	0.01090	0.00727	0.00623	0.00415	0.00208	0.00519	0.00363	0.00415	0.00727
11	0.01124	0.00873	0.01240	0.01355	0.04075	0.00883	0.03916	0.01569	0.08751	0.02036	0.03322	0.22502	0.03581	0.01711	0.00869	0.00284	0.00584	0.40046	0.00603	0.00676
12	0.02344	0.01152	0.01387	0.01148	0.01542	0.04627	0.00919	0.04906	0.05790	0.43265	0.06065	0.05869	0.02006	0.01259	0.06737	0.00277	0.00662	0.00750	0.08325	0.00970
13	0.01598	0.01713	0.08490	0.10487	0.60208	0.01582	0.02076	0.02033	0.01501	0.02142	0.01251	0.01652	0.01030	0.00608	0.00663	0.00203	0.00822	0.00589	0.00325	0.01028
14	0.01395	0.01152	0.01325	0.01274	0.01407	0.07100	0.00950	0.01521	0.01298	0.01811	0.01923	0.02913	0.01835	0.13696	0.44725	0.00829	0.08184	0.00779	0.05160	0.00725
15	0.15759	0.01082	0.01245	0.01201	0.01384	0.01167	0.00896	0.05461	0.01393	0.02204	0.02179	0.13678	0.02221	0.13071	0.25949	0.00624	0.05466	0.03750	0.00519	0.00751
16	0.02043	0.01921	0.03357	0.05522	0.09752	0.05493	0.43411	0.07959	0.01874	0.08338	0.01676	0.02090	0.01290	0.00777	0.00837	0.00258	0.01072	0.00786	0.00485	0.01057
17	0.01488	0.00935	0.01186	0.01180	0.07093	0.02459	0.00821	0.01775	0.01765	0.16897	0.33054	0.03949	0.13519	0.01146	0.00718	0.00202	0.00442	0.00984	0.05475	0.04913

[dist]
# distance from previous block
# <min> <max>
0	131

[block]
# block no. 7 follows, 32 sequences, length 31
# corresponding to MSA columns:
# 532-545,549-565
name=unknown_H
#
# <colnr> <probs for GDERKNQSTAVLIFYWHMCP>
#	G	D	E	R	K	N	Q	S	T	A	V	L	I	F	Y	W	H	M	C	P
0	0.01692	0.32530	0.24776	0.01530	0.02187	0.12307	0.04178	0.02100	0.01476	0.01835	0.01187	0.01554	0.01013	0.00666	0.00561	0.00178	0.00873	0.03610	0.00318	0.05428
1	0.01500	0.01606	0.11370	0.38665	0.22388	0.01508	0.01910	0.02035	0.04722	0.05890	0.01366	0.01767	0.01031	0.00667	0.00666	0.00215	0.00846	0.00596	0.00353	0.00900
2	0.07394	0.01189	0.01538	0.01196	0.01703	0.01084	0.00984	0.05403	0.05178	0.63170	0.02519	0.02204	0.01609	0.00822	0.00660	0.00208	0.00572	0.00659	0.00795	0.01114
3	0.01149	0.05024	0.01130	0.03453	0.01141	0.00836	0.00729	0.01070	0.01021	0.01368	0.03186	0.02439	0.05170	0.04949	0.14809	0.47419	0.03669	0.00666	0.00335	0.00437
4	0.02019	0.09250	0.12409	0.04757	0.06204	0.01493	0.08453	0.04643	0.05493	0.25050	0.01934	0.01978	0.03697	0.00773	0.00756	0.00207	0.05708	0.00633	0.00522	0.04019
5	0.00815	0.00595	0.00767	0.00905	0.00965	0.00548	0.00610	0.00938	0.01313	0.01725	0.04061	0.67848	0.12337	0.02055	0.00849	0.00267	0.00384	0.01850	0.00623	0.00548
6	0.01084	0.00743	0.00994	0.00983	0.01096	0.00791	0.00713	0.04095	0.01256	0.04439	0.06220	0.15568	0.02567	0.20773	0.34783	0.00721	0.01112	0.01003	0.00468	0.00590
7	0.01717	0.07379	0.16396	0.06138	0.02926	0.12865	0.32022	0.02201	0.01578	0.05316	0.01390	0.04439	0.01105	0.00676	0.00699	0.00210	0.01021	0.00676	0.00358	0.00887
8	0.07295	0.03122	0.56710	0.01831	0.02695	0.06141	0.04765	0.02227	0.05163	0.02197	0.01261	0.01453	0.00912	0.00652	0.00627	0.00211	0.00951	0.00507	0.00320	0.00959
9	0.02202	0.01007	0.01246	0.01041	0.01408	0.00954	0.00829	0.04904	0.08438	0.38383	0.02566	0.07745	0.01901	0.00917	0.00630	0.00199	0.00486	0.00757	0.23444	0.00943
10	0.04588	0.01353	0.04368	0.06128	0.19292	0.02686	0.17072	0.01753	0.03165	0.02109	0.05778	0.16482	0.07263	0.01022	0.00728	0.00223	0.00721	0.00974	0.03482	0.00813
11	0.04345	0.05282	0.33682	0.02014	0.06524	0.01716	0.13291	0.17381	0.01851	0.05580	0.01366	0.01553	0.00986	0.00666	0.00659	0.00209	0.00904	0.00573	0.00410	0.01007
12	0.01876	0.01797	0.02413	0.07788	0.48607	0.13527	0.01805	0.02285	0.04183	0.07261	0.01376	0.01671	0.01100	0.00647	0.00656	0.00198	0.00845	0.00582	0.00382	0.01002
13	0.29754	0.04727	0.03421	0.04112	0.08418	0.27497	0.08930	0.02250	0.01519	0.02238	0.01063	0.01295	0.00852	0.00639	0.00562	0.00195	0.00890	0.00468	0.00363	0.00806
14	0.00898	0.00907	0.06084	0.00890	0.01123	0.00719	0.00744	0.01115	0.01443	0.01824	0.07787	0.12185	0.44184	0.05815	0.05032	0.00306	0.02929	0.04851	0.00566	0.00600
15	0.01431	0.01308	0.04686	0.03765	0.06994	0.01104	0.07225	0.05226	0.05518	0.04524	0.03766	0.08023	0.09045	0.00846	0.00639	0.00172	0.00597	0.00744	0.00473	0.33916
16	0.00820	0.00592	0.00777	0.00918	0.00970	0.00549	0.00617	0.00946	0.01316	0.01747	0.05866	0.70043	0.08242	0.02058	0.00851	0.00268	0.00384	0.01860	0.00626	0.00549
17	0.02201	0.30528	0.02453	0.01348	0.01833	0.12766	0.01162	0.19175	0.04867	0.11166	0.01442	0.01553	0.01131	0.03096	0.00691	0.00193	0.02456	0.00511	0.00480	0.00945
18	0.01231	0.00982	0.01126	0.04121	0.01406	0.01048	0.00820	0.02123	0.27937	0.02521	0.26087	0.07855	0.11845	0.01204	0.00725	0.00219	0.00429	0.01035	0.06498	0.00787
19	0.13514	0.11978	0.09739	0.06209	0.02132	0.18788	0.02987	0.07167	0.10704	0.03618	0.01327	0.01485	0.01039	0.00728	0.00692	0.00201	0.05898	0.00509	0.00411	0.00873
20	0.07128	0.01283	0.01414	0.01229	0.01605	0.01398	0.00968	0.06888	0.39652	0.14243	0.14063	0.02740	0.02558	0.00949	0.00681	0.00219	0.00513	0.00785	0.00698	0.00986
21	0.00965	0.00694	0.00951	0.00951	0.01027	0.00770	0.00680	0.01116	0.01041	0.01463	0.01914	0.03281	0.01957	0.31259	0.47916	0.00921	0.01376	0.00813	0.00377	0.00528
22	0.02454	0.08593	0.02020	0.01686	0.02049	0.68517	0.01286	0.02630	0.01862	0.01638	0.01030	0.01200	0.00864	0.00683	0.00592	0.00171	0.01174	0.00427	0.00341	0.00784
23	0.02311	0.01598	0.01732	0.01393	0.01836	0.05488	0.01132	0.36725	0.07489	0.17016	0.02146	0.02136	0.05263	0.01220	0.06711	0.00279	0.03179	0.00674	0.00646	0.01027
24	0.00845	0.00646	0.00780	0.00851	0.00982	0.00580	0.00615	0.01021	0.01474	0.01900	0.13928	0.36465	0.29169	0.01841	0.00830	0.00250	0.00378	0.06239	0.00638	0.00570
25	0.00802	0.00645	0.00716	0.00773	0.00931	0.00559	0.00551	0.00952	0.01440	0.01776	0.05663	0.31900	0.47250	0.01847	0.00816	0.00243	0.00358	0.01596	0.00623	0.00559
26	0.11014	0.01647	0.03380	0.07335	0.12167	0.07576	0.06582	0.14762	0.10408	0.05934	0.03251	0.05747	0.01444	0.00831	0.00743	0.00216	0.04867	0.00678	0.00492	0.00926
27	0.01302	0.00983	0.01052	0.05158	0.01368	0.06107	0.00773	0.01672	0.07256	0.08902	0.18287	0.13880	0.21610	0.01331	0.00734	0.00218	0.00472	0.01133	0.07057	0.00703
28	0.01390	0.00930	0.01093	0.00962	0.01240	0.00899	0.00749	0.09408	0.07017	0.10996	0.34191	0.04480	0.21394	0.01292	0.00756	0.00215	0.00416	0.01098	0.00709	0.00766
29	0.14197	0.01627	0.01578	0.01273	0.01735	0.11450	0.03148	0.20705	0.01957	0.06563	0.01764	0.01968	0.05183	0.00771	0.00595	0.00180	0.00677	0.02635	0.03862	0.18130
30	0.01209	0.01066	0.03477	0.00996	0.01144	0.08111	0.00722	0.01443	0.05266	0.03976	0.07127	0.15419	0.06512	0.31267	0.08920	0.00477	0.00740	0.01049	0.00490	0.00591

[dist]
# distance from previous block
# <min> <max>
4	7

[block]
# block no. 8 follows, 32 sequences, length 34
# corresponding to MSA columns:
# 573-606
name=unknown_I
#
# <colnr> <probs for GDERKNQSTAVLIFYWHMCP>
#	G	D	E	R	K	N	Q	S	T	A	V	L	I	F	Y	W	H	M	C	P
