[name]
unknown

[dist]
# distance from previous block
# <min> <max>
0	66

[block]
# block no. 0 follows, 30 sequences, length 24
# corresponding to MSA columns:
# 93-116
name=unknown_A
#
# <colnr> <probs for GDERKNQSTAVLIFYWHMCP>
#	G	D	E	R	K	N	Q	S	T	A	V	L	I	F	Y	W	H	M	C	P
0	0.00922	0.00711	0.00843	0.00928	0.01050	0.00673	0.00645	0.01207	0.07046	0.01889	0.04603	0.47644	0.22758	0.04473	0.00948	0.00280	0.00412	0.01710	0.00645	0.00612
1	0.01485	0.01457	0.02024	0.01744	0.01744	0.02017	0.01436	0.01625	0.01064	0.01652	0.01022	0.01777	0.01050	0.07344	0.02394	0.00336	0.68137	0.00644	0.00315	0.00735
2	0.80405	0.01350	0.01026	0.00918	0.01350	0.01565	0.00756	0.02051	0.01188	0.03131	0.00972	0.01134	0.00756	0.00648	0.00432	0.00216	0.00540	0.00378	0.00432	0.00756
3	0.01015	0.00731	0.01036	0.01031	0.01146	0.00819	0.00779	0.01245	0.01198	0.01740	0.07611	0.03158	0.02242	0.13154	0.54362	0.00939	0.01511	0.00817	0.04862	0.00603
4	0.06124	0.01234	0.01970	0.43621	0.03540	0.01440	0.07057	0.01884	0.03212	0.06434	0.01498	0.02205	0.01227	0.09761	0.02943	0.00309	0.03697	0.00682	0.00383	0.00777
5	0.01647	0.01882	0.04118	0.02941	0.03647	0.01765	0.68588	0.02235	0.01647	0.02235	0.01412	0.01882	0.01059	0.00588	0.00824	0.00235	0.01176	0.00824	0.00353	0.00941
6	0.02494	0.10797	0.02196	0.01624	0.02100	0.29739	0.01308	0.31837	0.06313	0.02954	0.01429	0.01502	0.01095	0.00770	0.00644	0.00193	0.00945	0.00539	0.00522	0.01002
7	0.33996	0.20607	0.02055	0.01468	0.09539	0.04673	0.01100	0.02347	0.01472	0.15061	0.01339	0.01429	0.01014	0.00674	0.00523	0.00196	0.00665	0.00466	0.00463	0.00912
8	0.01678	0.14070	0.29488	0.01579	0.04047	0.01623	0.01653	0.06437	0.06773	0.08028	0.07893	0.02084	0.03675	0.00789	0.00645	0.00200	0.00767	0.00626	0.00462	0.07483
9	0.03735	0.01139	0.01312	0.01146	0.01498	0.01174	0.00903	0.06978	0.21369	0.16762	0.11430	0.03614	0.16456	0.01538	0.07450	0.00310	0.00631	0.00941	0.00696	0.00916
10	0.01027	0.00672	0.00756	0.00762	0.00773	0.00671	0.00435	0.01052	0.01055	0.01447	0.02263	0.06993	0.02565	0.68122	0.03263	0.00630	0.00645	0.01027	0.05400	0.00442
11	0.01653	0.01514	0.02418	0.25273	0.36639	0.01673	0.01908	0.08729	0.01651	0.02278	0.01326	0.01793	0.01074	0.00890	0.03713	0.00258	0.05243	0.00626	0.00369	0.00971
12	0.06686	0.01766	0.04550	0.01908	0.08912	0.05828	0.10477	0.22473	0.06664	0.16061	0.06143	0.02062	0.01613	0.00808	0.00704	0.00215	0.00780	0.00690	0.00604	0.01055
13	0.01727	0.01658	0.02832	0.04283	0.71123	0.01658	0.02142	0.02142	0.01589	0.02280	0.01313	0.01727	0.01105	0.00622	0.00691	0.00207	0.00829	0.00622	0.00345	0.01105
14	0.01035	0.00815	0.00957	0.01023	0.01172	0.00820	0.00726	0.01562	0.16029	0.02042	0.04176	0.47993	0.15278	0.01850	0.00841	0.00265	0.00428	0.01642	0.00661	0.00686
15	0.80405	0.01350	0.01026	0.00918	0.01350	0.01565	0.00756	0.02051	0.01188	0.03131	0.00972	0.01134	0.00756	0.00648	0.00432	0.00216	0.00540	0.00378	0.00432	0.00756
16	0.09775	0.01727	0.01837	0.01437	0.01929	0.01894	0.01167	0.51940	0.02787	0.08219	0.01728	0.01947	0.01310	0.07996	0.00948	0.00255	0.00727	0.00647	0.00657	0.01073
17	0.00925	0.00645	0.00781	0.00859	0.00892	0.00619	0.00537	0.00993	0.01203	0.01590	0.03276	0.38441	0.07579	0.36003	0.02116	0.00462	0.00527	0.01506	0.00544	0.00502
18	0.01341	0.01264	0.02136	0.69780	0.08640	0.01557	0.01950	0.01804	0.01407	0.01812	0.01244	0.01853	0.00940	0.00693	0.00697	0.00231	0.00924	0.00620	0.00312	0.00794
19	0.01727	0.01658	0.02832	0.04283	0.71123	0.01658	0.02142	0.02142	0.01589	0.02280	0.01313	0.01727	0.01105	0.00622	0.00691	0.00207	0.00829	0.00622	0.00345	0.01105
20	0.12673	0.01117	0.01263	0.01133	0.01433	0.01153	0.00886	0.09974	0.05930	0.12047	0.02496	0.10160	0.04080	0.14692	0.01269	0.00318	0.02376	0.10644	0.00593	0.05763
21	0.01145	0.00722	0.00887	0.00873	0.00992	0.00679	0.00593	0.01286	0.01426	0.08063	0.17059	0.18294	0.11029	0.29530	0.03987	0.00432	0.00546	0.01266	0.00599	0.00591
22	0.12432	0.01836	0.02383	0.02977	0.37838	0.09377	0.03609	0.11680	0.01784	0.02591	0.01269	0.01581	0.01034	0.00707	0.00766	0.00213	0.05931	0.00577	0.00406	0.01010
23	0.01905	0.01847	0.02605	0.08179	0.51276	0.09435	0.01947	0.09991	0.01817	0.02433	0.01325	0.01679	0.01081	0.00663	0.00685	0.00206	0.00875	0.00604	0.00386	0.01061

[dist]
# distance from previous block
# <min> <max>
2	3

[block]
# block no. 1 follows, 30 sequences, length 13
# corresponding to MSA columns:
# 120-132
name=unknown_B
#
# <colnr> <probs for GDERKNQSTAVLIFYWHMCP>
#	G	D	E	R	K	N	Q	S	T	A	V	L	I	F	Y	W	H	M	C	P
0	0.01006	0.00658	0.00761	0.00799	0.00825	0.00648	0.00482	0.01068	0.01136	0.01583	0.02593	0.20881	0.02947	0.50574	0.02611	0.00531	0.00577	0.01204	0.08635	0.00480
1	0.01351	0.10439	0.01484	0.01095	0.01406	0.01306	0.00873	0.02247	0.26528	0.02593	0.30068	0.03922	0.11563	0.01187	0.00735	0.00219	0.00465	0.01002	0.00674	0.00842
2	0.01061	0.00756	0.00927	0.00916	0.00981	0.00810	0.00605	0.01276	0.05958	0.01544	0.02146	0.03882	0.02272	0.49219	0.23967	0.00778	0.01023	0.00919	0.00429	0.00531
3	0.01013	0.00725	0.00876	0.00859	0.01046	0.00651	0.00645	0.01257	0.01731	0.04997	0.33958	0.11303	0.28176	0.04673	0.00945	0.00255	0.00387	0.05167	0.00699	0.00637
4	0.01904	0.14266	0.10057	0.10778	0.05301	0.09238	0.03372	0.14542	0.15900	0.02571	0.01634	0.01774	0.01252	0.00754	0.00643	0.00205	0.00818	0.00593	0.03413	0.00983
5	0.03054	0.01311	0.01696	0.01300	0.01843	0.01209	0.01074	0.13920	0.02204	0.60795	0.02580	0.02263	0.01640	0.00860	0.00701	0.00215	0.00622	0.00690	0.00837	0.01187
6	0.01468	0.01307	0.01723	0.01231	0.01860	0.01017	0.07832	0.01807	0.01468	0.02270	0.01258	0.01492	0.01036	0.00524	0.00549	0.00117	0.00585	0.00456	0.00407	0.71595
7	0.01678	0.01790	0.02033	0.01777	0.01842	0.14450	0.01445	0.01833	0.01244	0.01690	0.01113	0.05702	0.01126	0.01188	0.01918	0.00282	0.57133	0.00661	0.00335	0.00760
8	0.01540	0.03684	0.07940	0.04724	0.24105	0.01357	0.03221	0.06761	0.05673	0.05060	0.06291	0.13965	0.08387	0.01064	0.00733	0.00223	0.00680	0.00946	0.00507	0.03140
9	0.01639	0.00953	0.01181	0.01031	0.01329	0.00899	0.00802	0.06705	0.05668	0.19478	0.33277	0.08405	0.13151	0.01311	0.00783	0.00225	0.00445	0.01125	0.00760	0.00835
10	0.01762	0.01696	0.01705	0.01523	0.05612	0.17500	0.04982	0.08445	0.03575	0.04341	0.12914	0.07244	0.06320	0.00953	0.00689	0.00189	0.00723	0.00796	0.00527	0.18505
11	0.01650	0.01370	0.01666	0.04142	0.03466	0.05569	0.04956	0.05948	0.12159	0.07725	0.02515	0.09246	0.06861	0.01092	0.00838	0.00221	0.05978	0.07871	0.00552	0.16176
12	0.04553	0.07232	0.18466	0.03169	0.03985	0.05436	0.01370	0.05810	0.05750	0.02329	0.09227	0.12268	0.05250	0.01055	0.00695	0.00215	0.00700	0.03446	0.00492	0.08551

[dist]
# distance from previous block
# <min> <max>
0	35

[block]
# block no. 2 follows, 30 sequences, length 13
# corresponding to MSA columns:
# 168-180
name=unknown_C
#
# <colnr> <probs for GDERKNQSTAVLIFYWHMCP>
#	G	D	E	R	K	N	Q	S	T	A	V	L	I	F	Y	W	H	M	C	P
0	0.02032	0.21854	0.10444	0.01472	0.01990	0.09306	0.03326	0.09041	0.06151	0.11310	0.08786	0.07354	0.02036	0.00953	0.00686	0.00216	0.00776	0.00740	0.00547	0.00977
1	0.15294	0.05471	0.17223	0.01445	0.02055	0.01496	0.03562	0.08157	0.05307	0.14737	0.07626	0.02079	0.01694	0.00824	0.00663	0.00217	0.00717	0.00631	0.00560	0.10243
2	0.05318	0.15313	0.29047	0.01910	0.07656	0.13151	0.03520	0.02346	0.03232	0.03824	0.01329	0.01556	0.01047	0.00711	0.00642	0.00207	0.00944	0.00521	0.00380	0.07346
3	0.14117	0.01644	0.08500	0.09862	0.02796	0.01477	0.28636	0.02065	0.01487	0.05144	0.01448	0.01829	0.01106	0.00932	0.05200	0.00272	0.00952	0.00657	0.06379	0.05498
4	0.01252	0.01095	0.01726	0.22061	0.14592	0.01267	0.01393	0.01552	0.01279	0.01772	0.01664	0.06590	0.01578	0.09225	0.23469	0.00555	0.07049	0.00776	0.00366	0.00740
5	0.39274	0.01608	0.01553	0.01253	0.01750	0.01791	0.01034	0.32127	0.02193	0.09214	0.01431	0.01477	0.01027	0.00750	0.00573	0.00213	0.00647	0.00516	0.00586	0.00984
6	0.01212	0.00606	0.00909	0.00909	0.00909	0.00606	0.00606	0.00909	0.00909	0.01212	0.01212	0.02121	0.01212	0.02424	0.02727	0.79697	0.00606	0.00606	0.00303	0.00303
7	0.01191	0.00613	0.00893	0.00893	0.00893	0.00613	0.00587	0.00920	0.00920	0.01227	0.01316	0.02379	0.01352	0.10134	0.02814	0.71357	0.00613	0.00649	0.00316	0.00316
8	0.01250	0.00733	0.00857	0.00815	0.00875	0.00715	0.00490	0.01280	0.01124	0.09167	0.02260	0.04323	0.02447	0.67177	0.03235	0.00625	0.00667	0.00980	0.00472	0.00508
9	0.02338	0.08328	0.02012	0.01651	0.02045	0.46958	0.01276	0.05733	0.18685	0.02114	0.01529	0.01596	0.01214	0.00771	0.00638	0.00193	0.01025	0.00535	0.00455	0.00904
10	0.05402	0.06247	0.02183	0.12873	0.19934	0.15815	0.01541	0.06754	0.15735	0.04401	0.01599	0.01788	0.01245	0.00739	0.00659	0.00209	0.00844	0.00599	0.00456	0.00978
11	0.01764	0.32423	0.29229	0.01698	0.05128	0.07505	0.01771	0.05078	0.05587	0.02079	0.01239	0.01400	0.00985	0.00663	0.00579	0.00189	0.00886	0.00478	0.00344	0.00974
12	0.01928	0.44742	0.13887	0.01476	0.02062	0.14000	0.01463	0.05134	0.01579	0.01865	0.01060	0.01248	0.00908	0.00677	0.00638	0.00178	0.05489	0.00434	0.00326	0.00907

[dist]
# distance from previous block
# <min> <max>
0	1

[block]
# block no. 3 follows, 30 sequences, length 30
# corresponding to MSA columns:
# 182-211
name=unknown_D
#
# <colnr> <probs for GDERKNQSTAVLIFYWHMCP>
#	G	D	E	R	K	N	Q	S	T	A	V	L	I	F	Y	W	H	M	C	P
0	0.17428	0.01665	0.02061	0.12069	0.15266	0.10049	0.05805	0.02066	0.04098	0.02190	0.01319	0.05223	0.01161	0.00859	0.00975	0.00236	0.15666	0.00638	0.00381	0.00848
1	0.01624	0.01502	0.07708	0.01323	0.01725	0.01448	0.01128	0.14604	0.28374	0.02963	0.16202	0.03005	0.04981	0.01323	0.05797	0.00286	0.00667	0.00845	0.03539	0.00956
2	0.01010	0.00696	0.00862	0.00862	0.00897	0.00731	0.00549	0.01080	0.01045	0.01428	0.02106	0.04055	0.02315	0.55802	0.22922	0.00801	0.01011	0.00940	0.00409	0.00479
3	0.01573	0.06579	0.02399	0.13222	0.37140	0.01557	0.03951	0.05924	0.01682	0.02283	0.07065	0.02534	0.09456	0.00833	0.00705	0.00212	0.00755	0.00756	0.00424	0.00951
4	0.33499	0.01449	0.01507	0.01207	0.01709	0.01531	0.00996	0.19683	0.02008	0.27307	0.01773	0.01705	0.01205	0.00772	0.00594	0.00214	0.00617	0.00555	0.00651	0.01017
5	0.01525	0.01353	0.01787	0.02179	0.23619	0.01436	0.01309	0.02575	0.31516	0.02539	0.08819	0.05722	0.10561	0.01030	0.00734	0.00227	0.00591	0.00904	0.00590	0.00984
6	0.01638	0.04844	0.13792	0.07669	0.02081	0.22514	0.01326	0.02063	0.04246	0.02165	0.17942	0.02796	0.07462	0.00959	0.00688	0.00205	0.00806	0.00762	0.05241	0.00798
7	0.01447	0.01474	0.07090	0.04951	0.20929	0.01214	0.05391	0.01810	0.01451	0.02135	0.01515	0.06269	0.01383	0.06004	0.03160	0.00237	0.00744	0.00658	0.00392	0.31747
8	0.22742	0.02097	0.06625	0.01479	0.02011	0.11490	0.01268	0.37955	0.02437	0.03555	0.01383	0.01464	0.01015	0.00760	0.00617	0.00208	0.00793	0.00531	0.00555	0.01013
9	0.32944	0.19202	0.06508	0.01326	0.03609	0.10570	0.01145	0.06849	0.04939	0.02570	0.01164	0.01306	0.00933	0.00668	0.00517	0.00192	0.00731	0.00440	0.00412	0.03975
10	0.01221	0.03522	0.04103	0.01239	0.06218	0.00950	0.00909	0.01474	0.01434	0.02023	0.02911	0.18154	0.14961	0.03908	0.00831	0.00206	0.02576	0.00990	0.00491	0.31878
11	0.02582	0.05997	0.01592	0.01150	0.01612	0.01192	0.00953	0.10855	0.01996	0.43490	0.02400	0.02260	0.01622	0.00832	0.00637	0.00199	0.00565	0.00660	0.18359	0.01048
12	0.01060	0.05813	0.06267	0.00937	0.01202	0.00877	0.00779	0.01311	0.01545	0.02074	0.23908	0.04610	0.21562	0.15037	0.05855	0.00354	0.00585	0.01086	0.00566	0.04573
13	0.74593	0.01298	0.00998	0.00898	0.01310	0.01498	0.00736	0.02020	0.01208	0.03092	0.01068	0.01241	0.00832	0.00660	0.00436	0.00212	0.00524	0.00398	0.06230	0.00748
14	0.01014	0.00681	0.00782	0.00782	0.00789	0.00688	0.00449	0.01028	0.01021	0.01369	0.02180	0.04460	0.02491	0.71386	0.07578	0.00702	0.00746	0.00999	0.00420	0.00434
15	0.01587	0.09245	0.45236	0.02134	0.06299	0.01781	0.12308	0.06565	0.04124	0.02336	0.01341	0.01572	0.00988	0.00666	0.00674	0.00216	0.00984	0.00573	0.00348	0.01022
16	0.01518	0.22549	0.49806	0.01774	0.02656	0.01898	0.04082	0.02153	0.01478	0.02078	0.03221	0.01502	0.01059	0.00666	0.00616	0.00202	0.00940	0.00509	0.00311	0.00982
17	0.02597	0.01927	0.02063	0.01594	0.02143	0.02138	0.01313	0.64865	0.07302	0.04309	0.01746	0.01731	0.01244	0.00844	0.00699	0.00211	0.00755	0.00638	0.00699	0.01182
18	0.00904	0.00661	0.00850	0.00906	0.01017	0.00607	0.00640	0.01117	0.01625	0.02211	0.31714	0.39217	0.12287	0.01830	0.00856	0.00252	0.00368	0.01634	0.00697	0.00607
19	0.03427	0.02048	0.10059	0.16409	0.16282	0.13716	0.08064	0.09258	0.01815	0.05995	0.03789	0.01895	0.02657	0.00741	0.00695	0.00214	0.00927	0.00638	0.00423	0.00947
20	0.01134	0.00842	0.01169	0.06127	0.01495	0.00865	0.03077	0.03223	0.05910	0.03897	0.11321	0.35408	0.03674	0.05323	0.08645	0.00370	0.00658	0.03946	0.02237	0.00677
21	0.00916	0.00711	0.00834	0.00803	0.00999	0.00628	0.00602	0.01179	0.01807	0.02398	0.42838	0.05872	0.34751	0.01576	0.00824	0.00227	0.00340	0.01354	0.00716	0.00628
22	0.01509	0.08113	0.48701	0.02367	0.11980	0.01724	0.11548	0.02196	0.01509	0.02183	0.01263	0.01539	0.00938	0.00643	0.00674	0.00216	0.01005	0.00562	0.00310	0.01019
23	0.01794	0.14369	0.17877	0.07473	0.29557	0.08852	0.01941	0.06213	0.01663	0.02199	0.01238	0.01532	0.00996	0.00654	0.00640	0.00200	0.00905	0.00541	0.00347	0.01009
24	0.01457	0.00984	0.01192	0.01078	0.01317	0.01024	0.00824	0.01991	0.14294	0.12597	0.16105	0.06408	0.15676	0.10068	0.06178	0.00348	0.05991	0.01042	0.00644	0.00783
25	0.01037	0.00688	0.00853	0.00849	0.00900	0.00681	0.00555	0.01045	0.01209	0.01614	0.11788	0.09131	0.10697	0.33400	0.02468	0.18463	0.02612	0.01063	0.00480	0.00466
26	0.01780	0.01990	0.11015	0.08393	0.16876	0.11330	0.14909	0.06172	0.01716	0.06246	0.01727	0.11393	0.01531	0.00874	0.00733	0.00223	0.00917	0.00810	0.00431	0.00934
27	0.01574	0.08852	0.43013	0.03932	0.14179	0.01717	0.03884	0.02350	0.07838	0.04098	0.01430	0.01635	0.01065	0.00681	0.00660	0.00215	0.00919	0.00562	0.00359	0.01035
28	0.01696	0.02263	0.21046	0.04374	0.09780	0.06875	0.17954	0.10320	0.01720	0.02336	0.01408	0.01864	0.01131	0.04990	0.05294	0.00302	0.04666	0.00659	0.00381	0.00942
29	0.73518	0.01444	0.01226	0.01058	0.01502	0.03933	0.04486	0.02086	0.01239	0.03035	0.00999	0.01179	0.00777	0.00647	0.00460	0.00216	0.00598	0.00405	0.00425	0.00768

[dist]
# distance from previous block
# <min> <max>
0	1

[block]
# block no. 4 follows, 30 sequences, length 52
# corresponding to MSA columns:
# 213-264
name=unknown_E
#
# <colnr> <probs for GDERKNQSTAVLIFYWHMCP>
#	G	D	E	R	K	N	Q	S	T	A	V	L	I	F	Y	W	H	M	C	P
0	0.01042	0.00677	0.00768	0.00768	0.00790	0.00683	0.00451	0.01087	0.01064	0.01490	0.02190	0.04283	0.02424	0.64656	0.06609	0.00647	0.00700	0.00966	0.08249	0.00455
1	0.01814	0.55408	0.03461	0.01477	0.02029	0.02489	0.10512	0.04021	0.01479	0.01839	0.01091	0.01321	0.00958	0.00657	0.00647	0.00175	0.06317	0.00470	0.02942	0.00892
2	0.80405	0.01350	0.01026	0.00918	0.01350	0.01565	0.00756	0.02051	0.01188	0.03131	0.00972	0.01134	0.00756	0.00648	0.00432	0.00216	0.00540	0.00378	0.00432	0.00756
3	0.00851	0.00659	0.00765	0.00839	0.00971	0.00585	0.00585	0.00999	0.01460	0.01845	0.07526	0.38479	0.34723	0.05173	0.00975	0.00277	0.00391	0.01684	0.00642	0.00574
4	0.00885	0.00642	0.00829	0.00957	0.01032	0.00599	0.00666	0.01032	0.01396	0.01838	0.06674	0.55809	0.11557	0.05652	0.01017	0.00298	0.00430	0.07476	0.00641	0.00572
5	0.74263	0.01397	0.01110	0.00972	0.01414	0.01613	0.00801	0.07324	0.01353	0.03231	0.01027	0.01176	0.00790	0.00663	0.00453	0.00215	0.00558	0.00398	0.00453	0.00790
6	0.01015	0.00677	0.00761	0.00761	0.00761	0.00677	0.00423	0.01015	0.01015	0.01353	0.02199	0.04567	0.02537	0.75476	0.03552	0.00677	0.00677	0.01015	0.00423	0.00423
7	0.02653	0.01955	0.02094	0.01606	0.02164	0.02164	0.01326	0.68796	0.03281	0.04398	0.01675	0.01675	0.01187	0.00838	0.00698	0.00209	0.00768	0.00628	0.00698	0.01187
8	0.01647	0.01882	0.04118	0.02941	0.03647	0.01765	0.68588	0.02235	0.01647	0.02235	0.01412	0.01882	0.01059	0.00588	0.00824	0.00235	0.01176	0.00824	0.00353	0.00941
9	0.80405	0.01350	0.01026	0.00918	0.01350	0.01565	0.00756	0.02051	0.01188	0.03131	0.00972	0.01134	0.00756	0.00648	0.00432	0.00216	0.00540	0.00378	0.00432	0.00756
10	0.13960	0.01210	0.01536	0.01196	0.01721	0.01101	0.00988	0.03212	0.01884	0.62010	0.02503	0.02201	0.01591	0.00833	0.00664	0.00216	0.00586	0.00656	0.00803	0.01127
11	0.02030	0.01038	0.01187	0.01005	0.01345	0.01038	0.00799	0.10259	0.08133	0.22806	0.02395	0.02427	0.01731	0.00843	0.00595	0.00190	0.00476	0.00675	0.40116	0.00911
12	0.01002	0.00671	0.00765	0.00778	0.00781	0.00668	0.00440	0.01011	0.01040	0.01386	0.02327	0.10063	0.02699	0.69758	0.03344	0.00646	0.00655	0.01090	0.00440	0.00434
13	0.01629	0.00881	0.01152	0.01018	0.01291	0.00811	0.00786	0.02008	0.05379	0.22473	0.42185	0.10102	0.04799	0.01304	0.00788	0.00225	0.00423	0.01137	0.00783	0.00825
14	0.41138	0.01496	0.01446	0.01192	0.01671	0.01653	0.00978	0.19882	0.07848	0.14124	0.01597	0.01597	0.01140	0.00757	0.00568	0.00216	0.00609	0.00530	0.00593	0.00966
15	0.00846	0.00645	0.00778	0.00877	0.00989	0.00577	0.00607	0.00993	0.01444	0.01850	0.07085	0.49208	0.27554	0.02017	0.00866	0.00265	0.00385	0.01784	0.00652	0.00577
16	0.00844	0.00630	0.00786	0.00911	0.00996	0.00572	0.00621	0.00979	0.01395	0.01805	0.04588	0.59290	0.19867	0.02090	0.00876	0.00272	0.00393	0.01866	0.00648	0.00572
17	0.01461	0.00698	0.00735	0.00702	0.00898	0.00683	0.00535	0.01782	0.01510	0.08651	0.02318	0.02582	0.01783	0.00817	0.00507	0.00167	0.00349	0.00655	0.72469	0.00698
18	0.12862	0.16412	0.01786	0.01114	0.01540	0.01541	0.00938	0.13904	0.01858	0.15958	0.06013	0.05530	0.05999	0.03118	0.00698	0.00214	0.00586	0.00716	0.08315	0.00899
19	0.00977	0.00698	0.00956	0.01117	0.01213	0.00676	0.00869	0.01191	0.01461	0.01924	0.03776	0.43887	0.04338	0.02066	0.00925	0.00301	0.00515	0.31862	0.00645	0.00602
20	0.01885	0.01618	0.02957	0.02311	0.06881	0.01550	0.36733	0.11390	0.01898	0.12069	0.02256	0.05573	0.07756	0.00842	0.00785	0.00230	0.00909	0.00878	0.00511	0.00970
21	0.01782	0.01979	0.12109	0.02963	0.19009	0.01649	0.38180	0.02326	0.01646	0.09124	0.01502	0.01844	0.01114	0.00633	0.00760	0.00225	0.01020	0.00726	0.00395	0.01015
22	0.01548	0.01473	0.02477	0.27137	0.43039	0.01605	0.01988	0.01956	0.01489	0.02066	0.01364	0.04501	0.01169	0.00735	0.00780	0.00223	0.04476	0.00672	0.00343	0.00959
23	0.26945	0.02002	0.02014	0.02327	0.23377	0.20658	0.03331	0.02253	0.01528	0.02351	0.01115	0.01403	0.00923	0.00700	0.00716	0.00211	0.06384	0.00503	0.00374	0.00885
24	0.01051	0.01126	0.09985	0.01451	0.07861	0.00854	0.01111	0.01328	0.01426	0.01931	0.03351	0.41014	0.07248	0.01917	0.03991	0.00309	0.00623	0.12171	0.00562	0.00691
25	0.01342	0.01071	0.01197	0.01153	0.01378	0.01166	0.00844	0.05859	0.29815	0.02340	0.03213	0.24878	0.06986	0.11647	0.03549	0.00338	0.00569	0.01210	0.00637	0.00807
26	0.01995	0.01766	0.06476	0.02233	0.17771	0.01656	0.08357	0.24564	0.04646	0.06034	0.01647	0.04553	0.01304	0.00760	0.00687	0.00200	0.00771	0.00668	0.00520	0.13394
27	0.08580	0.00822	0.00894	0.00846	0.01090	0.00777	0.00643	0.01469	0.01486	0.10140	0.04489	0.04819	0.34536	0.10342	0.06897	0.00352	0.00568	0.03482	0.07105	0.00665
28	0.01859	0.05201	0.09675	0.16987	0.25926	0.08446	0.04064	0.08406	0.01732	0.06326	0.01361	0.01687	0.01054	0.00705	0.00738	0.00214	0.03641	0.00595	0.00394	0.00989
29	0.01134	0.00832	0.00950	0.00836	0.01007	0.00747	0.00534	0.01220	0.01134	0.01607	0.01934	0.03706	0.02122	0.54793	0.02714	0.00518	0.00632	0.00849	0.00420	0.22309
30	0.01903	0.07143	0.19627	0.05170	0.17008	0.17915	0.06529	0.08093	0.01752	0.02220	0.01236	0.01520	0.00977	0.00707	0.00760	0.00210	0.05345	0.00555	0.00361	0.00969
31	0.01015	0.00677	0.00761	0.00761	0.00761	0.00677	0.00423	0.01015	0.01015	0.01353	0.02199	0.04567	0.02537	0.75476	0.03552	0.00677	0.00677	0.01015	0.00423	0.00423
32	0.02730	0.01099	0.01491	0.01174	0.01643	0.00957	0.00957	0.03011	0.01993	0.58745	0.15463	0.02906	0.02635	0.00969	0.00724	0.00217	0.00544	0.00806	0.00846	0.01089
33	0.00878	0.00709	0.00781	0.00763	0.00975	0.00612	0.00572	0.01105	0.01717	0.02185	0.27957	0.06223	0.49765	0.01656	0.00824	0.00230	0.00346	0.01404	0.00687	0.00612
34	0.00915	0.00685	0.00826	0.00905	0.01025	0.00631	0.00656	0.01077	0.01438	0.01840	0.07063	0.29669	0.25373	0.12537	0.01262	0.00329	0.00463	0.12118	0.00619	0.00569
35	0.05562	0.01093	0.01227	0.01037	0.01388	0.01066	0.00818	0.15714	0.02030	0.16336	0.13664	0.04212	0.26591	0.05039	0.00893	0.00245	0.00509	0.01038	0.00696	0.00841
36	0.02770	0.01767	0.01978	0.01516	0.02070	0.01885	0.01253	0.52768	0.02966	0.20870	0.01940	0.01847	0.01319	0.00844	0.00699	0.00211	0.00725	0.00646	0.00739	0.01187
37	0.76476	0.01341	0.01056	0.00934	0.01371	0.01538	0.00769	0.02120	0.01229	0.06612	0.01062	0.01197	0.00805	0.00659	0.00446	0.00216	0.00543	0.00394	0.00454	0.00778
38	0.01014	0.00680	0.00779	0.00779	0.00785	0.00686	0.00445	0.01026	0.01020	0.01366	0.02182	0.04476	0.02498	0.72002	0.06972	0.00699	0.00736	0.01002	0.00420	0.00433
39	0.01478	0.01372	0.02261	0.16842	0.42670	0.01409	0.01770	0.01852	0.01528	0.02129	0.04155	0.11241	0.03597	0.00888	0.00719	0.00219	0.00753	0.00831	0.00402	0.03884
40	0.02653	0.01955	0.02094	0.01606	0.02164	0.02164	0.01326	0.68796	0.03281	0.04398	0.01675	0.01675	0.01187	0.00838	0.00698	0.00209	0.00768	0.00628	0.00698	0.01187
41	0.29955	0.04850	0.01310	0.09453	0.04697	0.01230	0.00950	0.01668	0.01322	0.04972	0.02133	0.27393	0.02233	0.01372	0.03348	0.00272	0.00612	0.01008	0.00498	0.00725
42	0.01851	0.01181	0.01238	0.01039	0.01363	0.01267	0.00829	0.28967	0.02203	0.03333	0.02032	0.02225	0.01544	0.00823	0.00573	0.00182	0.00505	0.00641	0.47335	0.00869
43	0.01466	0.01069	0.03561	0.01671	0.13945	0.00976	0.01073	0.04629	0.03872	0.12081	0.06428	0.38045	0.05273	0.01517	0.00801	0.00249	0.00543	0.01359	0.00623	0.00817
44	0.01437	0.01121	0.01333	0.01038	0.01499	0.00941	0.00817	0.07026	0.01760	0.04517	0.21682	0.05034	0.02803	0.00873	0.00638	0.00155	0.00481	0.00738	0.00560	0.45547
45	0.01527	0.01527	0.02137	0.01832	0.01832	0.02137	0.01527	0.01679	0.01069	0.01679	0.00916	0.01527	0.00916	0.01221	0.02290	0.00305	0.74198	0.00611	0.00305	0.00763
46	0.06552	0.01397	0.07363	0.02100	0.19933	0.01226	0.04673	0.05859	0.01654	0.10890	0.04903	0.22253	0.02462	0.01194	0.00755	0.00239	0.00667	0.04438	0.00546	0.00896
47	0.05324	0.01922	0.04360	0.02244	0.20299	0.17454	0.04347	0.09026	0.01802	0.04681	0.02093	0.06417	0.08922	0.00918	0.00770	0.00212	0.04398	0.00746	0.00457	0.03606
48	0.01212	0.00770	0.01082	0.01056	0.01209	0.00826	0.00801	0.01428	0.01247	0.08918	0.02351	0.09059	0.04433	0.11199	0.47530	0.00851	0.01393	0.00894	0.03083	0.00657
49	0.00997	0.00745	0.01110	0.01110	0.01231	0.00866	0.00858	0.01239	0.01118	0.01611	0.01880	0.02799	0.01770	0.07464	0.70514	0.01107	0.01831	0.00756	0.00375	0.00617
50	0.02062	0.20721	0.21652	0.01629	0.02273	0.17382	0.01620	0.13484	0.06262	0.04667	0.01367	0.01476	0.01048	0.00713	0.00613	0.00193	0.00922	0.00509	0.00422	0.00986
51	0.04005	0.17347	0.37198	0.01682	0.02416	0.12327	0.01866	0.02335	0.07116	0.02091	0.01407	0.04688	0.01151	0.00748	0.00623	0.00205	0.00928	0.00561	0.00359	0.00949

[dist]
# distance from previous block
# <min> <max>
0	1

[block]
# block no. 5 follows, 30 sequences, length 46
# corresponding to MSA columns:
# 266-311
name=unknown_F
#
# <colnr> <probs for GDERKNQSTAVLIFYWHMCP>
#	G	D	E	R	K	N	Q	S	T	A	V	L	I	F	Y	W	H	M	C	P
0	0.01688	0.04855	0.09162	0.07628	0.26630	0.04435	0.01612	0.06099	0.09730	0.04565	0.04728	0.02282	0.05880	0.00805	0.00678	0.00208	0.00743	0.00692	0.04546	0.03035
1	0.00855	0.00683	0.00766	0.00798	0.00975	0.00594	0.00579	0.01041	0.01584	0.01995	0.15756	0.23511	0.44764	0.01821	0.00841	0.00245	0.00363	0.01569	0.00666	0.00594
2	0.01967	0.17917	0.02389	0.04392	0.05229	0.13561	0.06713	0.16011	0.10234	0.02543	0.06210	0.04705	0.03469	0.00856	0.00662	0.00202	0.00807	0.00692	0.00500	0.00940
3	0.00835	0.00665	0.00750	0.00818	0.00972	0.00580	0.00580	0.00989	0.01484	0.01841	0.05714	0.35443	0.42987	0.01943	0.00852	0.00256	0.00375	0.01688	0.00648	0.00580
4	0.01447	0.01240	0.01447	0.01034	0.01654	0.00930	0.00827	0.01757	0.01447	0.02274	0.01240	0.01447	0.01034	0.00517	0.00517	0.00103	0.00517	0.00413	0.00413	0.79742
5	0.02332	0.01753	0.01878	0.01506	0.02004	0.01946	0.01222	0.45729	0.22026	0.05797	0.02256	0.02164	0.04316	0.00907	0.00707	0.00218	0.00685	0.00710	0.00704	0.01139
6	0.00850	0.00607	0.00810	0.00972	0.01012	0.00567	0.00648	0.00972	0.01336	0.01781	0.03846	0.75020	0.04615	0.02186	0.00891	0.00283	0.00405	0.01984	0.00648	0.00567
7	0.01507	0.01498	0.02100	0.01806	0.01810	0.02091	0.01503	0.01663	0.01071	0.01677	0.00951	0.01571	0.00947	0.01369	0.04883	0.00335	0.71535	0.00616	0.00308	0.00758
8	0.00901	0.00710	0.00812	0.00787	0.00989	0.00621	0.00590	0.01148	0.01770	0.02311	0.36756	0.06015	0.40887	0.01608	0.00824	0.00228	0.00342	0.01375	0.00704	0.00621
9	0.00983	0.00719	0.00951	0.00951	0.01045	0.00773	0.00679	0.01139	0.01139	0.01559	0.02578	0.03822	0.09937	0.28875	0.40801	0.00868	0.01287	0.00922	0.00422	0.00551
10	0.80405	0.01350	0.01026	0.00918	0.01350	0.01565	0.00756	0.02051	0.01188	0.03131	0.00972	0.01134	0.00756	0.00648	0.00432	0.00216	0.00540	0.00378	0.00432	0.00756
11	0.01533	0.11277	0.37031	0.05280	0.04643	0.01618	0.03989	0.04591	0.05091	0.05026	0.01746	0.10020	0.01520	0.00890	0.00685	0.00223	0.00857	0.02616	0.00409	0.00955
12	0.09149	0.01977	0.01843	0.01559	0.02004	0.16650	0.04221	0.17690	0.29716	0.05022	0.01980	0.01947	0.01481	0.00830	0.00671	0.00216	0.00776	0.00645	0.00598	0.01025
13	0.01866	0.75896	0.03657	0.01194	0.01791	0.02761	0.01194	0.02090	0.01418	0.01642	0.00970	0.01119	0.00896	0.00597	0.00448	0.00149	0.00746	0.00373	0.00299	0.00896
14	0.04699	0.09633	0.18943	0.02664	0.21541	0.04753	0.17064	0.05088	0.04792	0.02318	0.01350	0.01640	0.01052	0.00650	0.00679	0.00212	0.00938	0.00610	0.00366	0.01008
15	0.00897	0.00710	0.00807	0.00783	0.00987	0.00620	0.00587	0.01142	0.01762	0.02291	0.35394	0.06047	0.42261	0.01616	0.00824	0.00228	0.00343	0.01379	0.00701	0.00620
16	0.00833	0.00707	0.00719	0.00716	0.00948	0.00593	0.00537	0.01018	0.01611	0.01932	0.10368	0.06638	0.67511	0.01750	0.00825	0.00235	0.00352	0.01462	0.00654	0.00593
17	0.04522	0.03444	0.01525	0.01080	0.01663	0.01108	0.00872	0.06715	0.03439	0.02483	0.04182	0.01630	0.01290	0.00597	0.00543	0.00125	0.00536	0.00472	0.00454	0.63321
18	0.01672	0.01632	0.05398	0.05950	0.32650	0.01616	0.01645	0.02686	0.27338	0.02495	0.01877	0.02027	0.01468	0.00740	0.00682	0.00211	0.00711	0.00661	0.00485	0.08056
19	0.01484	0.11678	0.53133	0.01889	0.05216	0.04584	0.02205	0.02149	0.01530	0.02171	0.06518	0.01718	0.01329	0.00714	0.00650	0.00210	0.00947	0.00557	0.00336	0.00981
20	0.01204	0.00897	0.01272	0.09610	0.01858	0.00940	0.01225	0.04032	0.01646	0.02141	0.03337	0.06948	0.03555	0.01745	0.00923	0.00307	0.00680	0.56393	0.00607	0.00678
21	0.02606	0.01683	0.01883	0.01455	0.01992	0.01779	0.01196	0.45533	0.06083	0.18966	0.01967	0.01893	0.01364	0.00831	0.00683	0.00205	0.00691	0.00642	0.03312	0.05234
22	0.04127	0.02746	0.42776	0.06836	0.10385	0.01598	0.12692	0.02189	0.01519	0.04412	0.01394	0.01796	0.01054	0.00692	0.00696	0.00225	0.00984	0.02542	0.00343	0.00993
23	0.02078	0.13216	0.27215	0.01875	0.07541	0.01709	0.06054	0.09581	0.01809	0.19839	0.01648	0.01715	0.01158	0.00715	0.00657	0.00208	0.00845	0.00581	0.00489	0.01067
24	0.00863	0.00625	0.00816	0.00945	0.01011	0.00578	0.00641	0.01010	0.01419	0.01895	0.11071	0.63314	0.09072	0.02080	0.00879	0.00274	0.00394	0.01875	0.00660	0.00578
25	0.02178	0.01442	0.01584	0.04593	0.01857	0.06104	0.01089	0.21866	0.07873	0.19712	0.02611	0.12361	0.04924	0.01105	0.00728	0.00226	0.00654	0.03599	0.04516	0.00978
26	0.07676	0.15393	0.14192	0.08380	0.11093	0.19588	0.01600	0.02356	0.04430	0.04224	0.01257	0.01473	0.00997	0.00674	0.00604	0.00193	0.00913	0.00500	0.00369	0.04089
27	0.01269	0.00935	0.01119	0.03359	0.01349	0.03193	0.00849	0.01612	0.07000	0.06225	0.05691	0.27638	0.08401	0.05131	0.04022	0.00309	0.06485	0.05905	0.08814	0.00693
28	0.01028	0.00675	0.00756	0.00756	0.00764	0.00675	0.00426	0.01043	0.01036	0.01411	0.02202	0.04476	0.02502	0.72019	0.03410	0.00653	0.00660	0.00998	0.04077	0.00433
29	0.01514	0.02156	0.26968	0.02029	0.15391	0.04357	0.01713	0.02146	0.07904	0.05835	0.06160	0.06188	0.10334	0.00945	0.00709	0.00219	0.00764	0.00799	0.00467	0.03401
30	0.02175	0.16014	0.12919	0.01671	0.02166	0.42921	0.01476	0.02539	0.04630	0.01820	0.01199	0.01396	0.00989	0.00918	0.04114	0.00229	0.01133	0.00475	0.00354	0.00862
31	0.01546	0.01299	0.01798	0.02017	0.22930	0.01141	0.01213	0.01932	0.03312	0.04522	0.07424	0.01974	0.01623	0.00664	0.00606	0.00155	0.00591	0.00581	0.04286	0.40383
32	0.01448	0.06959	0.14473	0.02116	0.14756	0.04871	0.12927	0.01932	0.03728	0.02239	0.14446	0.05848	0.09347	0.00963	0.00735	0.00218	0.00775	0.00875	0.00466	0.00880
33	0.01174	0.01240	0.08247	0.04624	0.01567	0.03161	0.00980	0.01787	0.13611	0.02369	0.25154	0.09204	0.21468	0.01349	0.00780	0.00231	0.00508	0.01152	0.00636	0.00760
34	0.00991	0.00695	0.00845	0.00865	0.01013	0.00627	0.00615	0.01183	0.01589	0.05013	0.23269	0.27401	0.23622	0.07740	0.01061	0.00281	0.00399	0.01505	0.00672	0.00613
35	0.01339	0.01615	0.14642	0.13859	0.11957	0.01316	0.01492	0.02069	0.14681	0.02235	0.05444	0.06408	0.15400	0.01040	0.00724	0.00228	0.00682	0.00890	0.03102	0.00877
36	0.01527	0.01527	0.02137	0.01832	0.01832	0.02137	0.01527	0.01679	0.01069	0.01679	0.00916	0.01527	0.00916	0.01221	0.02290	0.00305	0.74198	0.00611	0.00305	0.00763
37	0.01649	0.07811	0.20138	0.01523	0.04864	0.05563	0.01440	0.09001	0.01708	0.02426	0.04863	0.01648	0.01283	0.00658	0.00598	0.00163	0.00741	0.00514	0.00416	0.32993
38	0.80405	0.01350	0.01026	0.00918	0.01350	0.01565	0.00756	0.02051	0.01188	0.03131	0.00972	0.01134	0.00756	0.00648	0.00432	0.00216	0.00540	0.00378	0.00432	0.00756
39	0.76849	0.01363	0.01107	0.01070	0.04503	0.01570	0.00818	0.02055	0.01206	0.03092	0.00987	0.01160	0.00772	0.00647	0.00444	0.00216	0.00553	0.00389	0.00428	0.00772
40	0.01527	0.01527	0.02137	0.01832	0.01832	0.02137	0.01527	0.01679	0.01069	0.01679	0.00916	0.01527	0.00916	0.01221	0.02290	0.00305	0.74198	0.00611	0.00305	0.00763
41	0.01000	0.00734	0.01051	0.01051	0.01151	0.00834	0.00784	0.01201	0.01101	0.01568	0.01934	0.03099	0.01900	0.18993	0.59163	0.01034	0.01636	0.00800	0.00383	0.00584
42	0.00973	0.00701	0.00875	0.00898	0.01016	0.00660	0.00650	0.01179	0.01574	0.02125	0.29227	0.15488	0.12912	0.18239	0.01463	0.00346	0.00462	0.09987	0.00642	0.00582
43	0.01554	0.01237	0.01458	0.01047	0.01662	0.00936	0.00839	0.01861	0.01482	0.06671	0.01336	0.01506	0.01078	0.00539	0.00529	0.00110	0.00522	0.00432	0.00442	0.74759
44	0.19016	0.01384	0.01570	0.01237	0.01743	0.01397	0.01019	0.18833	0.02116	0.38215	0.02102	0.01957	0.01397	0.00810	0.00636	0.00212	0.00613	0.00614	0.04053	0.01075
45	0.07012	0.05651	0.02470	0.02460	0.22195	0.07331	0.10214	0.14513	0.13302	0.05525	0.01646	0.01805	0.01261	0.00728	0.00679	0.00212	0.00818	0.00638	0.00496	0.01046

[dist]
# distance from previous block
# <min> <max>
0	4

[block]
# block no. 6 follows, 30 sequences, length 12
# corresponding to MSA columns:
# 316-327
name=unknown_G
#
# <colnr> <probs for GDERKNQSTAVLIFYWHMCP>
#	G	D	E	R	K	N	Q	S	T	A	V	L	I	F	Y	W	H	M	C	P
0	0.01727	0.01658	0.02832	0.04283	0.71123	0.01658	0.02142	0.02142	0.01589	0.02280	0.01313	0.01727	0.01105	0.00622	0.00691	0.00207	0.00829	0.00622	0.00345	0.01105
1	0.04976	0.12122	0.16028	0.01922	0.02445	0.05067	0.16775	0.02034	0.01401	0.02013	0.01136	0.01507	0.00941	0.00783	0.01101	0.00227	0.21382	0.00576	0.00330	0.07236
2	0.01429	0.01220	0.05926	0.01205	0.01567	0.01084	0.04081	0.05033	0.12307	0.09104	0.11442	0.08823	0.21452	0.01503	0.04988	0.00281	0.02558	0.01059	0.00623	0.04315
3	0.00998	0.00741	0.01090	0.01090	0.01203	0.00855	0.00833	0.01226	0.01112	0.01596	0.01898	0.02902	0.01814	0.11419	0.66620	0.01082	0.01764	0.00771	0.00378	0.00605
4	0.01373	0.03884	0.06709	0.05714	0.14037	0.04882	0.13166	0.01731	0.01580	0.02058	0.07722	0.03591	0.19712	0.03873	0.00933	0.00246	0.03880	0.03639	0.00462	0.00808
5	0.01936	0.17394	0.24121	0.01963	0.09688	0.19108	0.01767	0.07461	0.06258	0.02196	0.01298	0.01468	0.01019	0.00691	0.00621	0.00195	0.00957	0.00509	0.00375	0.00975
6	0.01015	0.00677	0.00761	0.00761	0.00761	0.00677	0.00423	0.01015	0.01015	0.01353	0.02199	0.04567	0.02537	0.75476	0.03552	0.00677	0.00677	0.01015	0.00423	0.00423
7	0.00911	0.00678	0.00747	0.00773	0.00875	0.00623	0.00503	0.01002	0.01300	0.01637	0.04434	0.16837	0.30486	0.33817	0.02019	0.00435	0.00502	0.01357	0.00550	0.00513
8	0.01638	0.05195	0.05414	0.07284	0.19261	0.04073	0.10713	0.07980	0.08887	0.02430	0.05050	0.02791	0.06279	0.00901	0.00726	0.00223	0.00783	0.05998	0.03440	0.00936
9	0.01510	0.16899	0.24896	0.09168	0.13669	0.01750	0.04923	0.02103	0.06009	0.02076	0.01824	0.04542	0.06147	0.00795	0.00658	0.00211	0.00837	0.00667	0.00373	0.00944
10	0.01249	0.01120	0.01919	0.22646	0.02748	0.01179	0.14294	0.01622	0.01496	0.01943	0.02654	0.04560	0.07507	0.08261	0.01094	0.00306	0.00811	0.23409	0.00469	0.00714
11	0.01011	0.00910	0.04263	0.04580	0.01363	0.03277	0.00860	0.01217	0.01411	0.01876	0.09323	0.45809	0.03958	0.06154	0.05969	0.00351	0.00615	0.05854	0.00584	0.00616

[dist]
# distance from previous block
# <min> <max>
0	47

# created by:
# /home/cegg/simao/soft/augustus-3.2.1/scripts/msa2prfl.pl ./align_prep/EOG090W095J.fa
