[name]
unknown

[dist]
# distance from previous block
# <min> <max>
0	803

[block]
# block no. 0 follows, 30 sequences, length 23
# corresponding to MSA columns:
# 805-827
name=unknown_A
#
# <colnr> <probs for GDERKNQSTAVLIFYWHMCP>
#	G	D	E	R	K	N	Q	S	T	A	V	L	I	F	Y	W	H	M	C	P
0	0.01091	0.00670	0.00894	0.00904	0.00934	0.00690	0.00604	0.01039	0.01029	0.01389	0.01879	0.03590	0.02020	0.33270	0.14018	0.29502	0.00837	0.04831	0.00385	0.00424
1	0.02193	0.11782	0.04519	0.01843	0.08681	0.40136	0.01349	0.07959	0.01867	0.01981	0.01373	0.05796	0.01257	0.05367	0.00814	0.00219	0.01019	0.00597	0.00397	0.00850
2	0.01756	0.00872	0.01135	0.00986	0.01272	0.00777	0.00757	0.01976	0.01782	0.27542	0.26049	0.07287	0.12936	0.05896	0.01059	0.04847	0.00470	0.01066	0.00733	0.00803
3	0.01848	0.25439	0.25224	0.01725	0.06373	0.10616	0.01686	0.02447	0.08295	0.06307	0.01418	0.01544	0.01097	0.00691	0.00597	0.00193	0.00869	0.00511	0.02145	0.00975
4	0.01818	0.67279	0.07658	0.01278	0.01867	0.02657	0.01296	0.02073	0.01401	0.01678	0.00984	0.01164	0.00896	0.00637	0.00567	0.00163	0.04993	0.00395	0.00299	0.00896
5	0.01113	0.00669	0.00994	0.00994	0.01046	0.00722	0.00712	0.01056	0.01003	0.01390	0.01528	0.02477	0.01488	0.06384	0.32427	0.43390	0.01144	0.00682	0.00338	0.00443
6	0.01230	0.01060	0.06803	0.01197	0.01451	0.00869	0.02589	0.05287	0.01605	0.06300	0.03735	0.29935	0.12422	0.03503	0.00923	0.00282	0.00570	0.18911	0.00622	0.00706
7	0.01526	0.01770	0.13290	0.04489	0.28328	0.03108	0.01650	0.03596	0.13341	0.02274	0.02297	0.06852	0.07887	0.05478	0.00888	0.00251	0.00747	0.00813	0.00457	0.00958
8	0.00849	0.00613	0.00804	0.00956	0.01008	0.00568	0.00641	0.00973	0.01351	0.01787	0.04033	0.71071	0.08444	0.02162	0.00887	0.00281	0.00402	0.01954	0.00648	0.00568
9	0.01336	0.01259	0.02126	0.70663	0.07798	0.01555	0.01947	0.01799	0.01404	0.01805	0.01244	0.01854	0.00938	0.00694	0.00697	0.00231	0.00926	0.00620	0.00312	0.00790
10	0.01571	0.01676	0.08248	0.13767	0.31889	0.01556	0.12279	0.04110	0.03778	0.02193	0.01545	0.02266	0.01328	0.06995	0.00963	0.00262	0.00884	0.03362	0.00379	0.00950
11	0.01594	0.13602	0.21327	0.05060	0.12032	0.01864	0.08178	0.02320	0.12352	0.02185	0.03348	0.01797	0.01293	0.00771	0.00848	0.00222	0.09228	0.00617	0.00389	0.00972
12	0.01408	0.01347	0.01887	0.01651	0.01672	0.01841	0.01353	0.01568	0.01074	0.01651	0.01150	0.01906	0.01149	0.06172	0.14202	0.00464	0.57805	0.00657	0.00324	0.00720
13	0.06079	0.01274	0.02033	0.62567	0.04315	0.01607	0.01828	0.01789	0.01352	0.01854	0.01193	0.01785	0.00918	0.00745	0.00834	0.00239	0.07893	0.00605	0.00317	0.00773
14	0.00825	0.00707	0.00707	0.00707	0.00943	0.00589	0.00530	0.01001	0.01591	0.01885	0.07069	0.06716	0.70839	0.01767	0.00825	0.00236	0.00353	0.01473	0.00648	0.00589
15	0.00994	0.00716	0.00887	0.00888	0.01063	0.00650	0.00667	0.01242	0.01716	0.04418	0.33548	0.17004	0.24044	0.01766	0.02826	0.00266	0.00419	0.05548	0.00699	0.00638
16	0.80405	0.01350	0.01026	0.00918	0.01350	0.01565	0.00756	0.02051	0.01188	0.03131	0.00972	0.01134	0.00756	0.00648	0.00432	0.00216	0.00540	0.00378	0.00432	0.00756
17	0.02074	0.04610	0.18229	0.01864	0.08360	0.14974	0.01607	0.08563	0.03927	0.14075	0.06276	0.01912	0.01509	0.00833	0.00834	0.00216	0.08046	0.00619	0.00491	0.00983
18	0.00937	0.00691	0.00855	0.00924	0.01060	0.00614	0.00642	0.01098	0.01389	0.01896	0.03900	0.53821	0.12824	0.01871	0.00818	0.00251	0.00405	0.01669	0.05234	0.09098
19	0.01000	0.00723	0.00846	0.00819	0.01019	0.00637	0.00608	0.01231	0.01724	0.05339	0.31580	0.10898	0.35458	0.03883	0.00907	0.00245	0.00368	0.01379	0.00698	0.00636
20	0.80405	0.01350	0.01026	0.00918	0.01350	0.01565	0.00756	0.02051	0.01188	0.03131	0.00972	0.01134	0.00756	0.00648	0.00432	0.00216	0.00540	0.00378	0.00432	0.00756
21	0.01689	0.01341	0.01239	0.01112	0.01405	0.09614	0.00859	0.11164	0.17256	0.02806	0.09070	0.02698	0.04195	0.00924	0.00626	0.00195	0.00547	0.00740	0.31677	0.00842
22	0.01647	0.01128	0.01208	0.01078	0.01380	0.05236	0.00820	0.08718	0.05919	0.12749	0.07684	0.18497	0.10757	0.03318	0.00799	0.00228	0.00527	0.01066	0.09800	0.07441

[dist]
# distance from previous block
# <min> <max>
4	17

[block]
# block no. 1 follows, 30 sequences, length 26
# corresponding to MSA columns:
# 847-872
name=unknown_B
#
# <colnr> <probs for GDERKNQSTAVLIFYWHMCP>
#	G	D	E	R	K	N	Q	S	T	A	V	L	I	F	Y	W	H	M	C	P
0	0.41380	0.01445	0.01428	0.01204	0.01628	0.01642	0.00986	0.11810	0.10485	0.13092	0.01566	0.01614	0.01149	0.00793	0.00702	0.00225	0.06836	0.00533	0.00557	0.00925
1	0.00882	0.00630	0.00846	0.01008	0.01062	0.00594	0.00703	0.01027	0.01367	0.01817	0.03829	0.67234	0.04546	0.02156	0.00899	0.00288	0.00432	0.09457	0.00647	0.00576
2	0.01447	0.01240	0.01447	0.01034	0.01654	0.00930	0.00827	0.01757	0.01447	0.02274	0.01240	0.01447	0.01034	0.00517	0.00517	0.00103	0.00517	0.00413	0.00413	0.79742
3	0.01289	0.00753	0.01000	0.01003	0.01179	0.00688	0.00745	0.01513	0.01661	0.13730	0.23177	0.35091	0.07137	0.01711	0.00843	0.00255	0.00430	0.06372	0.00718	0.00703
4	0.01539	0.01517	0.13047	0.04194	0.15735	0.01174	0.01400	0.06587	0.01725	0.10187	0.10133	0.16757	0.08825	0.01201	0.00761	0.00233	0.00650	0.02891	0.00560	0.00886
5	0.00874	0.00632	0.00836	0.00960	0.01022	0.00602	0.00654	0.01015	0.01351	0.01809	0.07136	0.59735	0.07562	0.04863	0.07072	0.00362	0.00532	0.01785	0.00623	0.00572
6	0.01566	0.01221	0.01497	0.03662	0.01723	0.01310	0.03926	0.19834	0.14360	0.02720	0.02840	0.30917	0.02881	0.03290	0.00867	0.00263	0.00600	0.05024	0.00643	0.00855
7	0.01728	0.01527	0.07655	0.01630	0.11212	0.01202	0.01213	0.06488	0.04829	0.09747	0.01617	0.04561	0.01307	0.00687	0.00608	0.00160	0.00625	0.00574	0.00484	0.42147
8	0.01235	0.02442	0.43440	0.01601	0.02251	0.01276	0.01842	0.01777	0.01335	0.01956	0.01648	0.07625	0.01477	0.06237	0.17576	0.03237	0.01141	0.00714	0.00348	0.00840
9	0.01400	0.03610	0.71860	0.01989	0.03020	0.01621	0.02578	0.02210	0.01473	0.02210	0.01252	0.01473	0.00884	0.00663	0.00663	0.00221	0.01031	0.00516	0.00295	0.01031
10	0.01666	0.01028	0.01257	0.01111	0.01417	0.01029	0.00861	0.02419	0.20377	0.18225	0.34251	0.06807	0.04203	0.01202	0.00768	0.00226	0.00452	0.01038	0.00769	0.00894
11	0.01587	0.01443	0.02042	0.16870	0.13706	0.03358	0.06913	0.06853	0.19191	0.02337	0.01952	0.07257	0.01670	0.04840	0.04308	0.00297	0.03183	0.00797	0.00482	0.00916
12	0.00861	0.00618	0.00806	0.00947	0.00998	0.00576	0.00632	0.00985	0.01351	0.01796	0.05871	0.66579	0.07602	0.05559	0.01010	0.00298	0.00413	0.01894	0.00641	0.00564
13	0.01058	0.00679	0.00894	0.00999	0.01106	0.00626	0.00710	0.01213	0.01433	0.07514	0.03999	0.57978	0.09577	0.02023	0.00876	0.00277	0.00436	0.07310	0.00665	0.00626
14	0.00970	0.00743	0.01014	0.01219	0.07472	0.00697	0.00766	0.01168	0.01522	0.02061	0.19967	0.41332	0.11021	0.05499	0.00983	0.00276	0.00434	0.01586	0.00638	0.00634
15	0.01570	0.15646	0.44714	0.05176	0.02845	0.05223	0.07651	0.02270	0.04720	0.02104	0.01283	0.01507	0.00962	0.00663	0.00642	0.00209	0.00978	0.00531	0.00324	0.00982
16	0.01647	0.02042	0.17277	0.06688	0.41019	0.01639	0.08283	0.05220	0.01641	0.02327	0.01434	0.01979	0.01186	0.00702	0.00711	0.00219	0.00897	0.03686	0.00364	0.01041
17	0.31588	0.04111	0.07564	0.02028	0.17496	0.22232	0.01401	0.02299	0.01537	0.02412	0.01103	0.01331	0.00890	0.00662	0.00567	0.00202	0.00859	0.00465	0.00377	0.00876
18	0.00853	0.00676	0.00768	0.00812	0.00977	0.00591	0.00583	0.01032	0.01559	0.01969	0.14157	0.28006	0.41838	0.01856	0.00845	0.00249	0.00367	0.01607	0.00663	0.00591
19	0.12389	0.01075	0.01326	0.01079	0.01508	0.00984	0.00874	0.02609	0.01844	0.43498	0.14253	0.03183	0.10326	0.01033	0.00701	0.00219	0.00516	0.00841	0.00768	0.00976
20	0.01569	0.01537	0.05167	0.20136	0.11326	0.08254	0.06103	0.05142	0.04022	0.05140	0.09910	0.05202	0.09414	0.00954	0.00726	0.00221	0.00772	0.00834	0.02723	0.00848
21	0.00872	0.00640	0.00818	0.00920	0.01008	0.00586	0.00634	0.01038	0.01485	0.01979	0.16365	0.53428	0.13671	0.01994	0.00870	0.00266	0.00384	0.01786	0.00670	0.00586
22	0.01014	0.00982	0.06976	0.01065	0.03274	0.00772	0.00851	0.01329	0.01714	0.02373	0.40477	0.08310	0.15577	0.05189	0.06714	0.00319	0.00551	0.01197	0.00642	0.00674
23	0.03762	0.16674	0.16190	0.03125	0.03969	0.01941	0.04966	0.17862	0.08252	0.08171	0.01576	0.01689	0.01179	0.00762	0.00721	0.00208	0.04631	0.00580	0.02721	0.01021
24	0.01382	0.03346	0.02012	0.05505	0.29947	0.01312	0.03593	0.03271	0.01495	0.02075	0.05409	0.09281	0.07089	0.01932	0.16631	0.00422	0.03146	0.00870	0.00427	0.00855
25	0.01950	0.01517	0.01869	0.01775	0.11904	0.04247	0.04317	0.16052	0.11454	0.09119	0.05030	0.02066	0.01610	0.00768	0.00654	0.00189	0.00661	0.00646	0.07258	0.16913

[dist]
# distance from previous block
# <min> <max>
2	7

[block]
# block no. 2 follows, 30 sequences, length 17
# corresponding to MSA columns:
# 881-897
name=unknown_C
#
# <colnr> <probs for GDERKNQSTAVLIFYWHMCP>
#	G	D	E	R	K	N	Q	S	T	A	V	L	I	F	Y	W	H	M	C	P
0	0.02138	0.08155	0.01973	0.07135	0.02168	0.14214	0.01258	0.19783	0.24607	0.06072	0.01980	0.04179	0.01535	0.00865	0.00675	0.00213	0.00774	0.00673	0.00585	0.01018
1	0.01978	0.19452	0.26434	0.01626	0.02342	0.09371	0.04238	0.07393	0.01727	0.11644	0.01411	0.01521	0.01043	0.00681	0.00614	0.00191	0.00880	0.00514	0.00421	0.06518
2	0.04899	0.08093	0.21867	0.05137	0.05716	0.07586	0.09323	0.09582	0.04152	0.02352	0.01737	0.13128	0.01580	0.00922	0.00696	0.00222	0.00865	0.00792	0.00432	0.00919
3	0.01492	0.07798	0.13004	0.01544	0.05070	0.01243	0.06171	0.04375	0.03689	0.09034	0.07764	0.18713	0.05291	0.01290	0.00774	0.00243	0.00674	0.10433	0.00559	0.00841
4	0.01388	0.01387	0.06674	0.25612	0.20981	0.01349	0.01630	0.05708	0.01603	0.02174	0.06776	0.14752	0.04989	0.01034	0.00741	0.00232	0.00745	0.00928	0.00445	0.00853
5	0.01793	0.05422	0.22477	0.02701	0.21422	0.06843	0.16067	0.02309	0.01602	0.07749	0.01386	0.01673	0.01052	0.00675	0.00760	0.00217	0.03850	0.00617	0.00372	0.01013
6	0.01789	0.07698	0.05910	0.06793	0.27284	0.01577	0.13726	0.02255	0.03665	0.11361	0.06321	0.02095	0.01575	0.00913	0.03775	0.00251	0.00871	0.00698	0.00448	0.00996
7	0.01011	0.00712	0.00936	0.00949	0.01031	0.00762	0.00674	0.01166	0.01147	0.01603	0.02383	0.06409	0.05125	0.31075	0.34463	0.00806	0.01177	0.03915	0.04111	0.00546
8	0.04606	0.04506	0.22369	0.06619	0.19286	0.06445	0.10754	0.04758	0.01626	0.06981	0.01360	0.01645	0.01030	0.00693	0.00756	0.00218	0.04374	0.00596	0.00379	0.00998
9	0.01828	0.22128	0.18499	0.07275	0.12366	0.06610	0.06172	0.04478	0.01614	0.07789	0.01419	0.04298	0.01155	0.00720	0.00633	0.00200	0.00874	0.00590	0.00386	0.00967
10	0.04264	0.07268	0.01460	0.01208	0.01366	0.01167	0.02916	0.01384	0.01211	0.01732	0.02057	0.11843	0.02139	0.11539	0.31052	0.00666	0.09633	0.06025	0.00421	0.00649
11	0.01375	0.01517	0.10457	0.17844	0.10860	0.03423	0.04641	0.04135	0.06061	0.02193	0.12137	0.11031	0.02452	0.07658	0.00993	0.00270	0.00748	0.00912	0.00473	0.00819
12	0.01722	0.10801	0.38807	0.04900	0.05518	0.12421	0.05505	0.02289	0.01598	0.05380	0.03854	0.01632	0.01159	0.00698	0.00654	0.00207	0.00983	0.00552	0.00355	0.00965
13	0.05543	0.01859	0.08314	0.07408	0.17243	0.07328	0.10486	0.10868	0.06024	0.10376	0.04314	0.02068	0.03459	0.00774	0.00702	0.00216	0.00838	0.00683	0.00495	0.01001
14	0.01260	0.01152	0.01590	0.15584	0.02203	0.06086	0.08573	0.04628	0.01598	0.02052	0.08408	0.30989	0.07488	0.01449	0.00811	0.00251	0.00672	0.03959	0.00540	0.00708
15	0.01197	0.00956	0.01187	0.01395	0.10664	0.04234	0.00850	0.01367	0.01374	0.04189	0.05860	0.18339	0.12543	0.21773	0.10527	0.00466	0.00756	0.01162	0.00511	0.00649
16	0.01821	0.08434	0.07754	0.05510	0.16396	0.04118	0.06737	0.04211	0.07596	0.06132	0.06002	0.08692	0.03652	0.01091	0.00899	0.00261	0.05779	0.03373	0.00535	0.01009

[dist]
# distance from previous block
# <min> <max>
0	2

[block]
# block no. 3 follows, 30 sequences, length 29
# corresponding to MSA columns:
# 900-928
name=unknown_D
#
# <colnr> <probs for GDERKNQSTAVLIFYWHMCP>
#	G	D	E	R	K	N	Q	S	T	A	V	L	I	F	Y	W	H	M	C	P
0	0.01607	0.01771	0.15555	0.05097	0.14727	0.03722	0.06169	0.01988	0.01658	0.08929	0.12475	0.06488	0.08180	0.04601	0.00963	0.00261	0.03483	0.00893	0.00518	0.00917
1	0.01673	0.13670	0.23189	0.01983	0.11917	0.04061	0.05583	0.02172	0.04424	0.06383	0.05242	0.02696	0.09718	0.00930	0.00716	0.00227	0.00825	0.03155	0.00462	0.00974
2	0.01814	0.01370	0.09097	0.01229	0.01669	0.01090	0.01087	0.04388	0.07340	0.17111	0.05405	0.03044	0.03845	0.01270	0.05406	0.00276	0.00680	0.06747	0.15085	0.12044
3	0.01036	0.00743	0.00980	0.01036	0.01141	0.00748	0.00748	0.01209	0.01378	0.01922	0.09426	0.29966	0.06734	0.07573	0.25364	0.00592	0.00940	0.03419	0.04409	0.00635
4	0.01512	0.01601	0.08831	0.15794	0.34478	0.01446	0.01796	0.01953	0.03787	0.02239	0.06667	0.06099	0.08832	0.00947	0.00754	0.00236	0.00779	0.00835	0.00446	0.00966
5	0.01862	0.14496	0.27086	0.02209	0.14013	0.06672	0.04005	0.06916	0.06326	0.04450	0.01456	0.01685	0.01137	0.00759	0.00742	0.00222	0.03927	0.00577	0.00411	0.01050
6	0.01659	0.02129	0.17819	0.02350	0.18293	0.09870	0.11146	0.02077	0.01692	0.04543	0.05386	0.02889	0.15087	0.00957	0.00761	0.00232	0.00875	0.00827	0.00458	0.00949
7	0.01519	0.01419	0.02358	0.52024	0.24754	0.01620	0.02018	0.01941	0.01501	0.02004	0.01340	0.01923	0.01058	0.00727	0.00728	0.00239	0.00921	0.00645	0.00348	0.00914
8	0.01332	0.01270	0.04710	0.15645	0.23615	0.01209	0.03042	0.01627	0.01502	0.02043	0.02660	0.28943	0.06767	0.01333	0.00808	0.00257	0.00703	0.01197	0.00493	0.00844
9	0.01660	0.01624	0.07076	0.16128	0.33546	0.01538	0.05301	0.02100	0.03877	0.05799	0.02076	0.04258	0.07587	0.00877	0.00802	0.00238	0.03308	0.00770	0.00436	0.00998
10	0.01728	0.07712	0.21905	0.02320	0.03057	0.05144	0.34680	0.05503	0.01691	0.04827	0.01461	0.01899	0.01124	0.00683	0.00738	0.00224	0.01051	0.02908	0.00379	0.00967
11	0.01101	0.00853	0.00988	0.00977	0.01157	0.00854	0.00707	0.03400	0.13687	0.02288	0.20805	0.23651	0.16514	0.08491	0.01072	0.00285	0.00438	0.01371	0.00669	0.00692
12	0.01448	0.02485	0.37826	0.12693	0.09484	0.01526	0.02037	0.06429	0.05075	0.02286	0.01880	0.06709	0.05402	0.00855	0.00700	0.00226	0.00874	0.00715	0.00393	0.00958
13	0.11873	0.01504	0.01656	0.08836	0.04560	0.05725	0.01187	0.24060	0.02014	0.03752	0.02009	0.12556	0.04461	0.01172	0.02818	0.00254	0.06658	0.00821	0.03203	0.00882
14	0.01494	0.01503	0.01489	0.01427	0.01635	0.18340	0.03400	0.01752	0.01624	0.01964	0.09202	0.06654	0.06799	0.01755	0.07307	0.00337	0.08755	0.23347	0.00517	0.00700
15	0.00949	0.00729	0.00890	0.00973	0.01148	0.00670	0.00779	0.01179	0.01574	0.01985	0.08007	0.17472	0.32746	0.01877	0.00887	0.00275	0.00470	0.26131	0.00651	0.00609
16	0.07405	0.46398	0.08148	0.01389	0.04880	0.02264	0.01279	0.07617	0.01590	0.04504	0.01151	0.01293	0.00959	0.00628	0.00509	0.00165	0.00732	0.00431	0.00373	0.08284
17	0.01653	0.05215	0.02579	0.18119	0.45214	0.05071	0.01935	0.02038	0.01534	0.02077	0.01431	0.01850	0.03228	0.00706	0.00760	0.00214	0.04425	0.00627	0.00344	0.00980
18	0.00826	0.00703	0.00711	0.00718	0.00946	0.00588	0.00535	0.01000	0.01580	0.01881	0.06929	0.09682	0.67964	0.01785	0.00828	0.00238	0.00356	0.01495	0.00648	0.00588
19	0.00919	0.00703	0.00846	0.00844	0.01020	0.00629	0.00630	0.01170	0.01749	0.02326	0.37558	0.13831	0.29267	0.01656	0.00837	0.00237	0.00359	0.04091	0.00706	0.00622
20	0.01745	0.02731	0.43343	0.01984	0.09175	0.04368	0.02051	0.02387	0.03332	0.13822	0.01873	0.02111	0.04157	0.00792	0.00689	0.00222	0.00894	0.02864	0.00435	0.01025
21	0.68027	0.01473	0.01204	0.01160	0.05040	0.05698	0.00875	0.02164	0.01294	0.06324	0.01082	0.01232	0.00829	0.00661	0.00470	0.00213	0.00599	0.00410	0.00444	0.00798
22	0.01682	0.01612	0.02751	0.11954	0.63805	0.01646	0.02119	0.02102	0.01568	0.02225	0.01305	0.01742	0.01086	0.00630	0.00692	0.00210	0.00840	0.00622	0.00342	0.01069
23	0.01423	0.01350	0.02349	0.51385	0.16830	0.01551	0.07886	0.01883	0.01457	0.01951	0.01314	0.01870	0.01011	0.00679	0.00699	0.00225	0.00907	0.00640	0.03746	0.00846
24	0.01723	0.01778	0.02431	0.28681	0.36360	0.13055	0.01941	0.02118	0.01582	0.02010	0.01249	0.01699	0.01010	0.00665	0.00683	0.00212	0.00934	0.00593	0.00335	0.00940
25	0.01665	0.01574	0.02620	0.07307	0.60214	0.01598	0.01991	0.02157	0.05147	0.02319	0.05445	0.01983	0.01470	0.00689	0.00700	0.00211	0.00790	0.00668	0.00387	0.01063
26	0.12491	0.04203	0.01139	0.06218	0.01458	0.05107	0.00845	0.01376	0.01400	0.01996	0.03210	0.41203	0.08739	0.01651	0.00776	0.00257	0.00540	0.06183	0.00560	0.00645
27	0.01214	0.15992	0.01629	0.01334	0.07152	0.01185	0.00945	0.03614	0.01463	0.01905	0.03037	0.41046	0.06122	0.01754	0.03223	0.00277	0.00587	0.06268	0.00544	0.00708
28	0.21872	0.12038	0.02427	0.02500	0.28471	0.09355	0.06958	0.02171	0.01505	0.02354	0.01194	0.01483	0.00984	0.00639	0.00589	0.00199	0.00801	0.00524	0.03009	0.00927

[dist]
# distance from previous block
# <min> <max>
0	37

[block]
# block no. 4 follows, 30 sequences, length 15
# corresponding to MSA columns:
# 966-980
name=unknown_E
#
# <colnr> <probs for GDERKNQSTAVLIFYWHMCP>
#	G	D	E	R	K	N	Q	S	T	A	V	L	I	F	Y	W	H	M	C	P
0	0.00987	0.00795	0.00998	0.07499	0.01421	0.00790	0.00800	0.03415	0.01530	0.01955	0.06754	0.31440	0.29238	0.01775	0.00893	0.00259	0.03067	0.05144	0.00611	0.00629
1	0.02028	0.26341	0.08356	0.01469	0.01988	0.16849	0.01315	0.10809	0.16906	0.02361	0.01564	0.01629	0.01236	0.00743	0.00594	0.00189	0.00822	0.00535	0.03303	0.00962
2	0.05904	0.05644	0.10574	0.13199	0.10981	0.01388	0.01440	0.02190	0.05563	0.11125	0.03805	0.01880	0.01349	0.00882	0.03592	0.00228	0.00761	0.00582	0.00454	0.18459
3	0.01664	0.15238	0.32066	0.06092	0.11659	0.01851	0.11956	0.05599	0.01607	0.04048	0.01296	0.01561	0.00981	0.00651	0.00658	0.00209	0.00948	0.00567	0.00347	0.01002
4	0.01799	0.18700	0.29716	0.01976	0.06438	0.01826	0.12798	0.02405	0.04645	0.11053	0.01484	0.01644	0.01092	0.00673	0.00651	0.00207	0.00903	0.00577	0.00400	0.01014
5	0.00873	0.00674	0.00798	0.00841	0.00991	0.00598	0.00603	0.01068	0.01595	0.02072	0.21482	0.30299	0.31936	0.01831	0.00847	0.00248	0.00366	0.01601	0.00677	0.00598
6	0.00891	0.00639	0.00818	0.00937	0.00999	0.00600	0.00636	0.01020	0.01353	0.01791	0.06609	0.54098	0.09269	0.11841	0.01240	0.00332	0.00447	0.05302	0.00623	0.00557
7	0.01866	0.07855	0.13854	0.04638	0.25137	0.10792	0.06814	0.05043	0.03918	0.06954	0.01553	0.05670	0.01289	0.00760	0.00682	0.00210	0.00889	0.00664	0.00413	0.00997
8	0.01554	0.03117	0.54278	0.02019	0.02938	0.01625	0.10599	0.06736	0.01638	0.04596	0.01524	0.01725	0.03057	0.00705	0.00691	0.00222	0.00997	0.00596	0.00358	0.01022
9	0.01328	0.02738	0.48363	0.01756	0.02536	0.01408	0.04601	0.02059	0.05029	0.02239	0.05796	0.02874	0.07212	0.00944	0.00726	0.00235	0.00878	0.07937	0.00410	0.00933
10	0.01590	0.01080	0.03475	0.07517	0.06658	0.01008	0.03031	0.05475	0.01695	0.16029	0.07990	0.26664	0.03155	0.01433	0.00809	0.00253	0.00603	0.10081	0.00634	0.00821
11	0.01886	0.19152	0.20568	0.04931	0.08512	0.07768	0.04429	0.06903	0.01711	0.09176	0.05153	0.01741	0.01335	0.00739	0.00687	0.00202	0.03140	0.00574	0.00420	0.00972
12	0.04964	0.06049	0.02613	0.06190	0.48118	0.13047	0.01867	0.04968	0.01688	0.02254	0.01255	0.01598	0.01044	0.00649	0.00658	0.00201	0.00883	0.00571	0.00362	0.01023
13	0.01287	0.00961	0.01078	0.01018	0.01217	0.00979	0.00735	0.14030	0.06263	0.02325	0.06522	0.24321	0.16883	0.17496	0.01398	0.00338	0.00528	0.01305	0.00618	0.00697
14	0.04432	0.01784	0.12563	0.04003	0.15523	0.03827	0.01465	0.09845	0.06731	0.02601	0.06891	0.02193	0.01676	0.00781	0.00654	0.00194	0.00710	0.03182	0.03316	0.17628

[dist]
# distance from previous block
# <min> <max>
0	2

[block]
# block no. 5 follows, 30 sequences, length 18
# corresponding to MSA columns:
# 983-1000
name=unknown_F
#
# <colnr> <probs for GDERKNQSTAVLIFYWHMCP>
#	G	D	E	R	K	N	Q	S	T	A	V	L	I	F	Y	W	H	M	C	P
0	0.01294	0.01100	0.01179	0.01111	0.01305	0.07201	0.03156	0.07038	0.03997	0.02080	0.09280	0.14438	0.14387	0.20379	0.01513	0.00356	0.00623	0.08337	0.00571	0.00655
1	0.01649	0.14204	0.19449	0.01495	0.03416	0.07049	0.01436	0.06212	0.07760	0.04766	0.01985	0.12472	0.01830	0.00996	0.00670	0.00213	0.00753	0.04966	0.03770	0.04910
2	0.01516	0.01790	0.14483	0.20849	0.22582	0.01499	0.04862	0.05565	0.01629	0.02279	0.05969	0.02191	0.01503	0.00759	0.00701	0.00215	0.00838	0.03450	0.00393	0.06926
3	0.01807	0.11303	0.11959	0.02027	0.12795	0.07335	0.09005	0.07400	0.03366	0.06884	0.01785	0.02104	0.05206	0.05595	0.00920	0.00235	0.03973	0.00657	0.00431	0.05212
4	0.05577	0.18712	0.06467	0.01484	0.01943	0.29393	0.01268	0.06740	0.04614	0.02060	0.01639	0.01764	0.06379	0.00796	0.00674	0.00187	0.04218	0.00544	0.00405	0.05136
5	0.01993	0.01120	0.01602	0.03560	0.04205	0.01085	0.04974	0.04669	0.06751	0.28163	0.08765	0.07684	0.02731	0.01372	0.03798	0.00283	0.00679	0.14939	0.00695	0.00931
6	0.01009	0.00850	0.01045	0.01082	0.01192	0.03945	0.03246	0.01160	0.01391	0.01789	0.03872	0.47737	0.14272	0.06632	0.01110	0.00297	0.04241	0.03934	0.00592	0.00599
7	0.01160	0.00805	0.01003	0.00956	0.01117	0.00789	0.00702	0.06379	0.04658	0.02357	0.32308	0.12898	0.11780	0.01707	0.01226	0.17293	0.00444	0.01165	0.00632	0.00623
8	0.01564	0.04300	0.17524	0.02203	0.02940	0.01584	0.34831	0.02198	0.05029	0.02255	0.01401	0.01717	0.01067	0.00607	0.00707	0.00201	0.00960	0.00656	0.00370	0.17885
9	0.01139	0.00960	0.01018	0.00968	0.01239	0.00967	0.00735	0.01913	0.23737	0.02319	0.12750	0.07873	0.38766	0.01479	0.00790	0.00236	0.00417	0.01247	0.00682	0.00763
10	0.01368	0.01090	0.01364	0.01142	0.01416	0.01092	0.00884	0.01570	0.01322	0.04543	0.04826	0.05943	0.01923	0.16956	0.01599	0.00298	0.16076	0.03687	0.02597	0.30304
11	0.04818	0.01118	0.01288	0.01195	0.01475	0.01215	0.03228	0.05364	0.28063	0.02651	0.06230	0.15077	0.02705	0.01194	0.00712	0.00233	0.00509	0.05819	0.16256	0.00851
12	0.02076	0.02009	0.22337	0.01787	0.07760	0.01401	0.04579	0.10139	0.04875	0.23824	0.10092	0.02304	0.01933	0.00841	0.00709	0.00218	0.00753	0.00708	0.00596	0.01058
13	0.01463	0.04625	0.05587	0.01476	0.01719	0.01611	0.01262	0.07018	0.01347	0.01982	0.01322	0.01898	0.01207	0.03801	0.20375	0.00483	0.30561	0.00616	0.00371	0.11277
14	0.01463	0.01198	0.01511	0.01199	0.01659	0.01060	0.03372	0.04778	0.04066	0.04324	0.01818	0.11467	0.01713	0.01084	0.03969	0.00210	0.04600	0.03261	0.00480	0.46768
15	0.01540	0.03427	0.06264	0.01268	0.01516	0.10643	0.04868	0.04506	0.03318	0.04712	0.01935	0.09652	0.04230	0.10952	0.01750	0.26805	0.00745	0.00816	0.00427	0.00625
16	0.01538	0.03553	0.04737	0.01573	0.08840	0.07954	0.01132	0.04624	0.13784	0.03870	0.05554	0.07821	0.08585	0.07993	0.06910	0.02006	0.04961	0.00867	0.00512	0.03185
17	0.03500	0.11021	0.02030	0.01611	0.04913	0.08953	0.01253	0.12518	0.17451	0.02454	0.01868	0.09397	0.01674	0.01044	0.01006	0.00234	0.15725	0.01918	0.00509	0.00921

[dist]
# distance from previous block
# <min> <max>
3	8

[block]
# block no. 6 follows, 30 sequences, length 6
# corresponding to MSA columns:
# 1011-1016
name=unknown_G
#
# <colnr> <probs for GDERKNQSTAVLIFYWHMCP>
#	G	D	E	R	K	N	Q	S	T	A	V	L	I	F	Y	W	H	M	C	P
0	0.01238	0.01076	0.07449	0.07460	0.01574	0.00919	0.00955	0.06181	0.01565	0.02197	0.16158	0.06146	0.10668	0.01646	0.04697	0.17402	0.00618	0.00901	0.10503	0.00649
1	0.01686	0.18567	0.05472	0.03999	0.09072	0.06758	0.04798	0.06859	0.14808	0.02371	0.10559	0.02573	0.07827	0.00899	0.00669	0.00205	0.00712	0.00742	0.00504	0.00921
2	0.04982	0.07462	0.09744	0.01208	0.01559	0.01282	0.01066	0.06737	0.07561	0.06193	0.06007	0.06691	0.06773	0.11770	0.15856	0.00466	0.02512	0.00840	0.00502	0.00790
3	0.01458	0.04752	0.10884	0.01221	0.01797	0.01073	0.03965	0.01808	0.01502	0.06916	0.02246	0.08756	0.09402	0.00861	0.00628	0.00166	0.00600	0.00726	0.00469	0.40769
4	0.01405	0.03429	0.04823	0.02827	0.01488	0.02702	0.00942	0.13134	0.01745	0.05408	0.06856	0.32991	0.06164	0.06196	0.06256	0.00336	0.00668	0.01286	0.00597	0.00749
5	0.01768	0.01460	0.01744	0.01767	0.12169	0.05038	0.01209	0.13005	0.13618	0.06355	0.07266	0.06248	0.05356	0.01230	0.04995	0.00268	0.06133	0.00793	0.00562	0.09016

[dist]
# distance from previous block
# <min> <max>
1	3

[block]
# block no. 7 follows, 30 sequences, length 13
# corresponding to MSA columns:
# 1020-1032
name=unknown_H
#
# <colnr> <probs for GDERKNQSTAVLIFYWHMCP>
#	G	D	E	R	K	N	Q	S	T	A	V	L	I	F	Y	W	H	M	C	P
0	0.01767	0.06038	0.34086	0.01824	0.02530	0.09844	0.05143	0.09366	0.14730	0.02466	0.01559	0.01691	0.01164	0.00759	0.00739	0.00219	0.04048	0.00584	0.00426	0.01014
1	0.04494	0.06055	0.11320	0.09455	0.05854	0.08045	0.13384	0.11257	0.01831	0.05236	0.05989	0.05525	0.02888	0.00833	0.00695	0.00215	0.00848	0.00732	0.04435	0.00909
2	0.01081	0.00854	0.04229	0.01037	0.01186	0.00735	0.00772	0.01374	0.06080	0.05778	0.07331	0.51799	0.06064	0.06948	0.01035	0.00296	0.00468	0.01640	0.00639	0.00656
3	0.01676	0.01573	0.02618	0.20812	0.51751	0.01658	0.02052	0.05415	0.01628	0.02267	0.01314	0.01756	0.01067	0.00651	0.00693	0.00213	0.00850	0.00622	0.00355	0.01030
4	0.01036	0.00744	0.01078	0.03738	0.01308	0.00849	0.00849	0.01294	0.01189	0.01758	0.02031	0.07627	0.01916	0.04312	0.56221	0.00913	0.01544	0.00815	0.10149	0.00628
5	0.01728	0.01662	0.04077	0.18665	0.29174	0.08984	0.01703	0.05091	0.06310	0.04479	0.01648	0.06517	0.01391	0.00799	0.00690	0.00215	0.00821	0.00703	0.04395	0.00947
6	0.01063	0.00825	0.00981	0.00922	0.01134	0.00800	0.00697	0.01599	0.11686	0.02636	0.48424	0.05133	0.18595	0.01425	0.00807	0.00225	0.00366	0.01235	0.00736	0.00709
7	0.01011	0.00693	0.00842	0.00842	0.00870	0.00721	0.00524	0.01067	0.01039	0.01413	0.02125	0.04156	0.02359	0.59684	0.19100	0.00777	0.00945	0.00955	0.00412	0.00468
8	0.01565	0.05174	0.10293	0.19400	0.37675	0.01621	0.01958	0.02012	0.01498	0.02134	0.01333	0.01760	0.01076	0.00675	0.00712	0.00212	0.03113	0.00600	0.06223	0.00967
9	0.01943	0.68534	0.03495	0.01244	0.01828	0.05825	0.01208	0.05861	0.01547	0.01799	0.01015	0.01157	0.00912	0.00616	0.00470	0.00154	0.00770	0.00391	0.00324	0.00908
10	0.00871	0.00626	0.00809	0.00946	0.01001	0.00585	0.00637	0.00993	0.01336	0.01763	0.03927	0.62309	0.08987	0.08203	0.01108	0.00314	0.00431	0.03965	0.00629	0.00559
11	0.01188	0.00612	0.00896	0.00896	0.00911	0.00605	0.00601	0.00915	0.00952	0.01254	0.01580	0.02409	0.05581	0.02383	0.02608	0.74712	0.00590	0.00660	0.00325	0.00321
12	0.03391	0.02628	0.32465	0.05044	0.06453	0.09780	0.07979	0.06701	0.04415	0.06651	0.01529	0.04757	0.01196	0.00779	0.00739	0.00222	0.03245	0.00639	0.00408	0.00980

[dist]
# distance from previous block
# <min> <max>
0	1

[block]
# block no. 8 follows, 30 sequences, length 37
# corresponding to MSA columns:
# 1034-1070
name=unknown_I
#
# <colnr> <probs for GDERKNQSTAVLIFYWHMCP>
#	G	D	E	R	K	N	Q	S	T	A	V	L	I	F	Y	W	H	M	C	P
0	0.01580	0.01581	0.02642	0.31838	0.30312	0.04467	0.10636	0.02018	0.01514	0.02029	0.01272	0.01775	0.01013	0.00675	0.00770	0.00224	0.03759	0.00640	0.00331	0.00926
1	0.58511	0.01629	0.01389	0.01306	0.05301	0.10351	0.02973	0.02128	0.01325	0.02799	0.01024	0.01229	0.00817	0.00670	0.00553	0.00211	0.03368	0.00423	0.00411	0.03583
2	0.03986	0.00921	0.01325	0.01546	0.11920	0.00997	0.00993	0.01389	0.01276	0.01852	0.07167	0.07166	0.02364	0.16434	0.30357	0.00677	0.04101	0.04420	0.00437	0.00672
3	0.01023	0.00754	0.01038	0.01027	0.01104	0.00855	0.00745	0.01184	0.01083	0.01532	0.01944	0.03314	0.01982	0.28923	0.46520	0.00939	0.04252	0.00833	0.00388	0.00560
4	0.00880	0.00705	0.00787	0.00775	0.00979	0.00611	0.00578	0.01106	0.01709	0.02186	0.28231	0.08925	0.46730	0.01670	0.00827	0.00232	0.00347	0.01423	0.00688	0.00611
5	0.01804	0.01533	0.01616	0.01434	0.01841	0.01768	0.01121	0.08554	0.64904	0.03029	0.02754	0.02534	0.02060	0.00939	0.00709	0.00235	0.00568	0.00777	0.00709	0.01111
6	0.11938	0.01753	0.04175	0.01472	0.01958	0.07324	0.05395	0.27033	0.08076	0.07758	0.03991	0.02115	0.01525	0.00841	0.00661	0.00210	0.00726	0.03228	0.05648	0.04172
7	0.76220	0.01341	0.01058	0.00935	0.01373	0.01536	0.00770	0.02124	0.01231	0.06839	0.01068	0.01201	0.00808	0.00659	0.00446	0.00216	0.00543	0.00395	0.00455	0.00779
8	0.01789	0.27915	0.21611	0.01690	0.02327	0.07217	0.08382	0.04686	0.04258	0.04336	0.01287	0.01546	0.01042	0.02718	0.00806	0.00213	0.06345	0.00534	0.00361	0.00937
9	0.02192	0.01754	0.02388	0.03048	0.40735	0.08310	0.01720	0.10399	0.04132	0.15930	0.01662	0.01831	0.01249	0.00714	0.00689	0.00208	0.00808	0.00627	0.00501	0.01103
10	0.01015	0.00677	0.00761	0.00761	0.00761	0.00677	0.00423	0.01015	0.01015	0.01353	0.02199	0.04567	0.02537	0.75476	0.03552	0.00677	0.00677	0.01015	0.00423	0.00423
11	0.80405	0.01350	0.01026	0.00918	0.01350	0.01565	0.00756	0.02051	0.01188	0.03131	0.00972	0.01134	0.00756	0.00648	0.00432	0.00216	0.00540	0.00378	0.00432	0.00756
12	0.42462	0.01143	0.01096	0.00946	0.01338	0.01212	0.00767	0.02246	0.01486	0.19366	0.06759	0.01984	0.01595	0.00785	0.00535	0.00207	0.00500	0.00567	0.14173	0.00834
13	0.01847	0.72948	0.06437	0.01226	0.01841	0.02715	0.01250	0.02094	0.01420	0.01665	0.00982	0.01134	0.00895	0.00600	0.00457	0.00152	0.00758	0.00379	0.00298	0.00901
14	0.01013	0.00684	0.00799	0.00799	0.00813	0.00697	0.00471	0.01039	0.01026	0.01381	0.02164	0.04373	0.02453	0.68024	0.10889	0.00724	0.00803	0.00986	0.00418	0.00444
15	0.00850	0.00607	0.00810	0.00972	0.01012	0.00567	0.00648	0.00972	0.01336	0.01781	0.03846	0.75020	0.04615	0.02186	0.00891	0.00283	0.00405	0.01984	0.00648	0.00567
16	0.01351	0.00849	0.01059	0.00993	0.01222	0.00805	0.00747	0.01791	0.09139	0.13029	0.32863	0.18604	0.11826	0.01477	0.00806	0.00235	0.00411	0.01292	0.00740	0.00762
17	0.00997	0.00748	0.01121	0.01121	0.01246	0.00872	0.00872	0.01246	0.01121	0.01620	0.01869	0.02741	0.01745	0.05234	0.72710	0.01121	0.01869	0.00748	0.00374	0.00623
18	0.01506	0.01233	0.01417	0.01093	0.01597	0.01055	0.00852	0.08962	0.05311	0.02431	0.01694	0.09067	0.01561	0.05464	0.00775	0.00176	0.00545	0.00651	0.00484	0.54125
19	0.76222	0.01382	0.01083	0.00955	0.01393	0.01598	0.00786	0.05642	0.01300	0.03199	0.01010	0.01163	0.00779	0.00658	0.00446	0.00216	0.00552	0.00391	0.00446	0.00779
20	0.01830	0.70379	0.08862	0.01255	0.01885	0.02674	0.01300	0.02099	0.01422	0.01685	0.00992	0.01146	0.00895	0.00602	0.00464	0.00155	0.00768	0.00384	0.00298	0.00906
21	0.01447	0.01240	0.01447	0.01034	0.01654	0.00930	0.00827	0.01757	0.01447	0.02274	0.01240	0.01447	0.01034	0.00517	0.00517	0.00103	0.00517	0.00413	0.00413	0.79742
22	0.01037	0.00872	0.00937	0.00975	0.01146	0.04582	0.00725	0.01336	0.05276	0.02081	0.16396	0.27045	0.24854	0.01752	0.00842	0.00253	0.00454	0.08142	0.00656	0.00640
23	0.01299	0.00948	0.01438	0.01633	0.11824	0.00920	0.05106	0.01582	0.01515	0.06758	0.03171	0.21500	0.08466	0.01767	0.06225	0.00320	0.00679	0.15742	0.08364	0.00743
24	0.01058	0.00780	0.01007	0.00978	0.01018	0.00878	0.00672	0.01152	0.01054	0.01470	0.01971	0.03693	0.02129	0.45898	0.25608	0.00784	0.08044	0.00891	0.00396	0.00519
25	0.01527	0.01527	0.02137	0.01832	0.01832	0.02137	0.01527	0.01679	0.01069	0.01679	0.00916	0.01527	0.00916	0.01221	0.02290	0.00305	0.74198	0.00611	0.00305	0.00763
26	0.03012	0.01378	0.01737	0.01332	0.01876	0.01308	0.01100	0.19615	0.02316	0.54943	0.02486	0.02202	0.01593	0.00857	0.00701	0.00214	0.00637	0.00684	0.00823	0.01187
27	0.01873	0.01614	0.02436	0.01846	0.02329	0.01670	0.22773	0.28504	0.02246	0.03018	0.07112	0.02667	0.07896	0.06596	0.01041	0.00260	0.03787	0.00842	0.00551	0.00940
28	0.01224	0.01068	0.01622	0.01391	0.01503	0.01222	0.10131	0.01377	0.01146	0.01613	0.01822	0.07530	0.01956	0.34074	0.09767	0.00540	0.20096	0.00915	0.00391	0.00612
29	0.00901	0.00732	0.00806	0.00822	0.01029	0.00651	0.00620	0.01166	0.04066	0.02039	0.14284	0.13662	0.48743	0.01751	0.00837	0.00245	0.00383	0.05979	0.00665	0.00618
30	0.00944	0.00712	0.00872	0.00832	0.01016	0.00640	0.00624	0.01232	0.01872	0.02553	0.53674	0.05616	0.23817	0.01518	0.00824	0.00224	0.00336	0.01319	0.00736	0.00640
31	0.01297	0.01198	0.01793	0.06630	0.04194	0.01377	0.08341	0.04102	0.01498	0.02066	0.12038	0.07967	0.14914	0.01501	0.05323	0.00306	0.23248	0.00982	0.00481	0.00743
32	0.01122	0.00664	0.00719	0.00731	0.00891	0.00631	0.00538	0.01398	0.01542	0.02409	0.12907	0.12422	0.14513	0.01227	0.00641	0.00198	0.00340	0.01037	0.45441	0.00631
33	0.01207	0.00963	0.01442	0.06989	0.13266	0.00953	0.03038	0.01497	0.01643	0.04978	0.24832	0.20535	0.11023	0.01397	0.00843	0.00238	0.02566	0.01244	0.00601	0.00746
34	0.07599	0.27984	0.12862	0.03701	0.05788	0.07871	0.01393	0.04938	0.04002	0.07375	0.01506	0.07061	0.01303	0.00787	0.00589	0.00193	0.00777	0.00596	0.00419	0.03257
35	0.01641	0.09688	0.10426	0.18518	0.06697	0.10680	0.07062	0.02127	0.05291	0.01982	0.01298	0.01653	0.01043	0.00857	0.03205	0.00235	0.06286	0.00565	0.00355	0.10389
36	0.07584	0.11010	0.06797	0.01622	0.03875	0.22105	0.07472	0.05791	0.01736	0.07415	0.01418	0.03949	0.01157	0.00721	0.00613	0.00184	0.00872	0.00560	0.03001	0.12118

[dist]
# distance from previous block
# <min> <max>
2	5

[block]
# block no. 9 follows, 30 sequences, length 25
# corresponding to MSA columns:
# 1076-1100
name=unknown_J
#
# <colnr> <probs for GDERKNQSTAVLIFYWHMCP>
#	G	D	E	R	K	N	Q	S	T	A	V	L	I	F	Y	W	H	M	C	P
0	0.01923	0.12204	0.03932	0.05516	0.05802	0.06942	0.03443	0.16957	0.03910	0.04729	0.01395	0.01609	0.01108	0.00890	0.03522	0.00219	0.05727	0.00543	0.00457	0.19173
1	0.01604	0.01129	0.01442	0.01180	0.01577	0.01049	0.04196	0.04562	0.08045	0.13653	0.09166	0.09681	0.14421	0.01117	0.00787	0.00205	0.04014	0.00939	0.00612	0.20620
2	0.01522	0.01191	0.01465	0.01499	0.07883	0.01279	0.01044	0.10750	0.18256	0.04598	0.06531	0.21269	0.05612	0.01490	0.04379	0.00282	0.04100	0.01089	0.02866	0.02896
3	0.01448	0.19829	0.37440	0.01750	0.05639	0.01727	0.03619	0.01973	0.01410	0.01965	0.01423	0.05304	0.01243	0.04688	0.07389	0.00311	0.00988	0.00613	0.00330	0.00911
4	0.00878	0.00642	0.00810	0.00932	0.01009	0.00595	0.00642	0.01012	0.01369	0.01783	0.04222	0.53642	0.15141	0.08180	0.01106	0.00311	0.00435	0.06100	0.00629	0.00564
5	0.01135	0.00885	0.00992	0.00909	0.01159	0.00846	0.00697	0.08693	0.05297	0.02576	0.31717	0.05360	0.34140	0.01489	0.00805	0.00226	0.00399	0.01262	0.00705	0.00708
6	0.12215	0.01443	0.01663	0.07969	0.02075	0.04886	0.01150	0.13785	0.05284	0.35955	0.02179	0.02251	0.01522	0.00860	0.00676	0.00220	0.00680	0.03447	0.00691	0.01050
7	0.01442	0.01483	0.07630	0.01910	0.11015	0.03641	0.11426	0.05016	0.01481	0.02102	0.01940	0.09440	0.03713	0.08383	0.07948	0.00358	0.10335	0.00847	0.09093	0.00798
8	0.19885	0.01124	0.01154	0.00997	0.01334	0.01194	0.00794	0.12732	0.05102	0.09815	0.13220	0.02522	0.02253	0.00891	0.00595	0.00201	0.00484	0.00696	0.24168	0.00836
9	0.01318	0.01240	0.02093	0.73798	0.04806	0.01550	0.01938	0.01783	0.01395	0.01783	0.01240	0.01860	0.00930	0.00698	0.00698	0.00233	0.00930	0.00620	0.00310	0.00775
10	0.00881	0.00655	0.00825	0.00945	0.01030	0.00612	0.00646	0.01080	0.03676	0.01873	0.06830	0.60146	0.14110	0.02056	0.00873	0.00273	0.00399	0.01843	0.00654	0.00591
11	0.30354	0.01564	0.01606	0.01278	0.01787	0.01691	0.01055	0.30122	0.02244	0.19352	0.01673	0.01644	0.01158	0.00776	0.00604	0.00213	0.00647	0.00556	0.00642	0.01034
12	0.01501	0.01124	0.01262	0.01133	0.01415	0.01210	0.00873	0.11422	0.24126	0.02931	0.25120	0.06759	0.03521	0.01185	0.00798	0.03007	0.00475	0.00957	0.10324	0.00859
13	0.01730	0.01388	0.01579	0.01364	0.01651	0.04193	0.01114	0.21031	0.04116	0.05384	0.09184	0.03716	0.15059	0.01277	0.01086	0.00248	0.15483	0.08936	0.00603	0.00857
14	0.01147	0.00853	0.01055	0.00967	0.01174	0.00839	0.00736	0.05252	0.08202	0.02897	0.60791	0.04781	0.05883	0.01351	0.00806	0.00220	0.00374	0.01184	0.00759	0.00728
15	0.01789	0.01919	0.02318	0.31403	0.26957	0.19827	0.01857	0.02164	0.01611	0.01935	0.01224	0.01660	0.00982	0.00677	0.00678	0.00210	0.00980	0.00577	0.00335	0.00898
16	0.01727	0.01658	0.02832	0.04283	0.71123	0.01658	0.02142	0.02142	0.01589	0.02280	0.01313	0.01727	0.01105	0.00622	0.00691	0.00207	0.00829	0.00622	0.00345	0.01105
17	0.01596	0.01382	0.01765	0.08856	0.14642	0.01531	0.01308	0.07581	0.31110	0.02626	0.06793	0.07178	0.06716	0.01022	0.00769	0.00232	0.02452	0.00874	0.00589	0.00976
18	0.01544	0.01025	0.03535	0.03673	0.01529	0.00948	0.07446	0.01956	0.06116	0.12364	0.05600	0.08290	0.02222	0.11814	0.01073	0.00274	0.00564	0.00861	0.28402	0.00765
19	0.00956	0.00708	0.00891	0.00854	0.01025	0.00644	0.00637	0.01252	0.01888	0.02611	0.57857	0.08167	0.16899	0.01511	0.00826	0.00225	0.00336	0.01324	0.00744	0.00644
20	0.00940	0.00678	0.00824	0.00859	0.00935	0.00666	0.00570	0.01049	0.01236	0.01632	0.05593	0.20684	0.14978	0.32563	0.13172	0.00565	0.00733	0.01281	0.00517	0.00524
21	0.03108	0.01224	0.01642	0.01259	0.01800	0.01080	0.01040	0.06517	0.02058	0.68403	0.02702	0.02342	0.01702	0.00862	0.00702	0.00216	0.00602	0.00698	0.00856	0.01188
22	0.01658	0.01263	0.01462	0.01284	0.01588	0.01424	0.01005	0.21114	0.18247	0.02731	0.02089	0.02565	0.01751	0.09188	0.26388	0.00579	0.01083	0.00745	0.02952	0.00882
23	0.01186	0.01229	0.11757	0.01275	0.05202	0.00909	0.01014	0.03981	0.01493	0.04415	0.12098	0.24668	0.06515	0.17583	0.03219	0.00360	0.00627	0.01226	0.00548	0.00696
24	0.04501	0.12037	0.06105	0.01739	0.05851	0.11781	0.09391	0.13869	0.01935	0.07326	0.05194	0.05621	0.01693	0.00874	0.00680	0.00206	0.00821	0.04602	0.00497	0.05276

[dist]
# distance from previous block
# <min> <max>
1	11

[block]
# block no. 10 follows, 30 sequences, length 13
# corresponding to MSA columns:
# 1112-1124
name=unknown_K
#
# <colnr> <probs for GDERKNQSTAVLIFYWHMCP>
#	G	D	E	R	K	N	Q	S	T	A	V	L	I	F	Y	W	H	M	C	P
0	0.16122	0.16986	0.14809	0.06397	0.04793	0.14911	0.05179	0.02313	0.05851	0.02195	0.01224	0.01430	0.00971	0.00667	0.00582	0.00196	0.00873	0.00492	0.00369	0.03641
1	0.07639	0.06273	0.20474	0.05286	0.17153	0.03680	0.01725	0.10195	0.08096	0.04685	0.04936	0.01976	0.03353	0.00773	0.00662	0.00213	0.00795	0.00630	0.00455	0.01001
2	0.00898	0.00710	0.00809	0.00784	0.00988	0.00620	0.00588	0.01144	0.01765	0.02299	0.35902	0.06035	0.41749	0.01613	0.00824	0.00228	0.00342	0.01377	0.00702	0.00620
3	0.04356	0.01550	0.07110	0.04462	0.09773	0.03749	0.01316	0.12882	0.08465	0.02636	0.09541	0.02740	0.02091	0.04245	0.01018	0.00249	0.09777	0.05103	0.08053	0.00882
4	0.00998	0.00743	0.01099	0.01099	0.01215	0.00860	0.00844	0.01231	0.01115	0.01603	0.01890	0.02857	0.01795	0.09689	0.68323	0.01093	0.01794	0.00765	0.00377	0.00610
5	0.01526	0.01760	0.09452	0.02255	0.02835	0.01516	0.41292	0.06729	0.01676	0.02281	0.04316	0.05093	0.05261	0.06747	0.03761	0.00301	0.01020	0.00885	0.00420	0.00872
6	0.02152	0.01706	0.01813	0.01504	0.01973	0.01930	0.01205	0.33281	0.39611	0.03591	0.02311	0.02182	0.01702	0.00897	0.00705	0.00224	0.00650	0.00716	0.00705	0.01142
7	0.01027	0.00760	0.00892	0.00901	0.01034	0.00733	0.00632	0.03860	0.04119	0.02049	0.16718	0.21921	0.17956	0.19971	0.01511	0.00355	0.00476	0.03864	0.00619	0.00601
8	0.01857	0.02287	0.17095	0.07706	0.05326	0.13085	0.20234	0.07166	0.04164	0.06713	0.01505	0.01847	0.01149	0.03228	0.03314	0.00264	0.01047	0.00656	0.00412	0.00944
9	0.01212	0.00606	0.00909	0.00909	0.00909	0.00606	0.00606	0.00909	0.00909	0.01212	0.01212	0.02121	0.01212	0.02424	0.02727	0.79697	0.00606	0.00606	0.00303	0.00303
10	0.01938	0.01743	0.14906	0.01451	0.04044	0.04370	0.01308	0.10232	0.08584	0.18501	0.02730	0.03054	0.09445	0.03843	0.00819	0.00240	0.00692	0.05456	0.05682	0.00960
11	0.25408	0.19271	0.16505	0.01398	0.01995	0.12626	0.01375	0.07003	0.01603	0.05445	0.01173	0.01312	0.00909	0.00673	0.00544	0.00196	0.00816	0.00448	0.00400	0.00902
12	0.02159	0.07233	0.01976	0.01685	0.08152	0.17754	0.01233	0.22450	0.02159	0.07061	0.01857	0.06332	0.04391	0.01028	0.03303	0.00227	0.00847	0.00676	0.00525	0.08952

[dist]
# distance from previous block
# <min> <max>
0	39

# created by:
# /home/cegg/simao/soft/augustus-3.2.1/scripts/msa2prfl.pl ./align_prep/EOG090W0FZO.fa
