[name]
unknown

[dist]
# distance from previous block
# <min> <max>
0	29

[block]
# block no. 0 follows, 33 sequences, length 18
# corresponding to MSA columns:
# 29-46
name=unknown_A
#
# <colnr> <probs for GDERKNQSTAVLIFYWHMCP>
#	G	D	E	R	K	N	Q	S	T	A	V	L	I	F	Y	W	H	M	C	P
0	0.07712	0.01722	0.18909	0.01325	0.01800	0.02844	0.03072	0.12664	0.06893	0.02514	0.10799	0.12635	0.06502	0.01047	0.00679	0.00213	0.00638	0.02926	0.00516	0.04592
1	0.06003	0.12574	0.17180	0.07828	0.11071	0.09836	0.01505	0.08191	0.02885	0.02198	0.05834	0.03200	0.03712	0.00784	0.00616	0.00196	0.00777	0.02947	0.01803	0.00859
2	0.01327	0.01345	0.07513	0.08508	0.17885	0.04072	0.01294	0.01838	0.09890	0.01950	0.01752	0.06066	0.01566	0.07545	0.16475	0.00416	0.00927	0.00707	0.05561	0.03363
3	0.00965	0.00630	0.00714	0.00729	0.00746	0.00626	0.00425	0.01003	0.01024	0.01419	0.02235	0.11330	0.02528	0.62835	0.02851	0.00559	0.00584	0.01019	0.07348	0.00431
4	0.01867	0.65959	0.03208	0.01213	0.01742	0.13524	0.01149	0.02072	0.01418	0.01558	0.00931	0.01076	0.00845	0.00581	0.00449	0.00145	0.00778	0.00363	0.00290	0.00832
5	0.00928	0.00644	0.00779	0.00836	0.00951	0.00587	0.00582	0.01061	0.01343	0.04860	0.06673	0.37382	0.23298	0.12864	0.01185	0.00306	0.00420	0.04154	0.00593	0.00553
6	0.01412	0.01916	0.19536	0.25804	0.10663	0.05289	0.08930	0.02011	0.07111	0.01955	0.01442	0.05937	0.01186	0.00748	0.00718	0.00217	0.03262	0.00659	0.00348	0.00855
7	0.01202	0.01176	0.07359	0.07598	0.16817	0.01036	0.01179	0.01602	0.05994	0.03833	0.10943	0.11869	0.12395	0.07927	0.05890	0.00310	0.00670	0.00968	0.00484	0.00749
8	0.01034	0.00686	0.00892	0.00846	0.00997	0.00634	0.00621	0.01299	0.01738	0.06322	0.56815	0.10904	0.05484	0.07619	0.00988	0.00248	0.00358	0.01201	0.00693	0.00623
9	0.01516	0.01236	0.01662	0.01459	0.03400	0.01479	0.04014	0.10784	0.03516	0.05950	0.02047	0.04705	0.08922	0.01492	0.09027	0.00327	0.29886	0.00742	0.07062	0.00773
10	0.01792	0.24185	0.19579	0.01965	0.10682	0.10059	0.11349	0.05051	0.01565	0.06152	0.01214	0.01411	0.00946	0.00617	0.00591	0.00184	0.00881	0.00508	0.00347	0.00923
11	0.06363	0.01657	0.01874	0.01752	0.08997	0.14873	0.08567	0.12395	0.01703	0.02289	0.03839	0.07862	0.05809	0.00938	0.00887	0.00213	0.12344	0.00733	0.06099	0.00805
12	0.00929	0.00635	0.00718	0.00731	0.00753	0.00622	0.00426	0.00953	0.01028	0.01353	0.02588	0.10712	0.08355	0.64182	0.02921	0.00572	0.00591	0.01072	0.00435	0.00424
13	0.01737	0.13754	0.17998	0.02308	0.15887	0.09408	0.17694	0.05411	0.03441	0.04371	0.01273	0.01517	0.00985	0.00619	0.00635	0.00194	0.00913	0.00563	0.00352	0.00938
14	0.07630	0.06480	0.05809	0.14512	0.10796	0.01640	0.06390	0.19485	0.05872	0.09550	0.01703	0.01853	0.03925	0.00733	0.00637	0.00203	0.00739	0.00613	0.00484	0.00945
15	0.02192	0.01186	0.01361	0.01099	0.01491	0.01206	0.00890	0.23044	0.05168	0.25961	0.02146	0.02121	0.01511	0.00795	0.00595	0.00186	0.00525	0.00629	0.26944	0.00950
16	0.00932	0.00678	0.00868	0.00938	0.01041	0.00640	0.00653	0.04630	0.01444	0.01961	0.12881	0.59533	0.04299	0.01831	0.00807	0.00248	0.00394	0.01649	0.00620	0.03952
17	0.01279	0.05213	0.01532	0.01386	0.06190	0.01190	0.04563	0.04326	0.07865	0.03912	0.11768	0.18098	0.07696	0.07532	0.01160	0.00269	0.11271	0.03507	0.00523	0.00720

[dist]
# distance from previous block
# <min> <max>
0	4

[block]
# block no. 1 follows, 33 sequences, length 18
# corresponding to MSA columns:
# 51-68
name=unknown_B
#
# <colnr> <probs for GDERKNQSTAVLIFYWHMCP>
#	G	D	E	R	K	N	Q	S	T	A	V	L	I	F	Y	W	H	M	C	P
0	0.08566	0.28687	0.25057	0.01723	0.05149	0.01955	0.11769	0.06296	0.01483	0.02107	0.01114	0.01324	0.00878	0.00601	0.00561	0.00185	0.00835	0.00482	0.00324	0.00905
1	0.07054	0.29209	0.26778	0.01427	0.02089	0.07098	0.01536	0.04079	0.05823	0.05034	0.01221	0.01342	0.00950	0.00631	0.00537	0.00178	0.00794	0.00449	0.00353	0.03418
2	0.01720	0.70528	0.09831	0.01195	0.01795	0.02507	0.01245	0.01982	0.01342	0.01598	0.00939	0.01086	0.00844	0.00569	0.00441	0.00147	0.00729	0.00364	0.00281	0.00857
3	0.01760	0.77260	0.03450	0.01126	0.01690	0.02605	0.01126	0.01971	0.01338	0.01549	0.00915	0.01056	0.00845	0.00563	0.00422	0.00141	0.00704	0.00352	0.00282	0.00845
4	0.00923	0.00713	0.00847	0.00806	0.00995	0.00658	0.00607	0.01275	0.05671	0.02374	0.47718	0.05227	0.26913	0.01422	0.00771	0.00213	0.00330	0.01228	0.00686	0.00624
5	0.01432	0.19347	0.10501	0.03487	0.01818	0.07189	0.05689	0.04382	0.03730	0.01856	0.04187	0.16250	0.04220	0.04524	0.03119	0.00253	0.06007	0.00838	0.00413	0.00757
6	0.00859	0.00641	0.00810	0.00913	0.01027	0.00592	0.00680	0.01038	0.01410	0.01825	0.08601	0.40259	0.20990	0.01870	0.00836	0.00260	0.00413	0.15796	0.00617	0.00560
7	0.06720	0.28994	0.10948	0.07370	0.17162	0.07247	0.06366	0.02015	0.01404	0.01881	0.01068	0.01341	0.00891	0.00614	0.00611	0.00183	0.03523	0.00477	0.00307	0.00877
8	0.04657	0.06147	0.09008	0.01333	0.01776	0.04163	0.05626	0.05432	0.01562	0.25952	0.01859	0.04592	0.01458	0.06343	0.10273	0.00338	0.03853	0.00660	0.00522	0.04445
9	0.00940	0.00705	0.01058	0.01058	0.01176	0.00823	0.00823	0.01176	0.01058	0.01528	0.01763	0.02586	0.01646	0.04937	0.74255	0.01058	0.01763	0.00705	0.00353	0.00588
10	0.00796	0.00595	0.00741	0.00857	0.00939	0.00540	0.00585	0.00923	0.01317	0.01704	0.04349	0.59820	0.20504	0.01969	0.00826	0.00257	0.00370	0.01757	0.00611	0.00540
11	0.01458	0.17330	0.30777	0.01647	0.06565	0.01541	0.04102	0.04229	0.01441	0.05659	0.01671	0.14470	0.01549	0.01040	0.03480	0.00237	0.00810	0.00738	0.00385	0.00870
12	0.15046	0.01250	0.01507	0.01174	0.01670	0.01204	0.00970	0.12879	0.01943	0.52221	0.02188	0.01963	0.01413	0.00780	0.00622	0.00203	0.00576	0.00605	0.00729	0.01057
13	0.00945	0.00686	0.00959	0.00959	0.01042	0.00769	0.00699	0.01112	0.01029	0.01455	0.01854	0.03088	0.01864	0.25913	0.53577	0.00936	0.01435	0.00779	0.00366	0.00533
14	0.01697	0.02669	0.30482	0.05770	0.24358	0.19693	0.01988	0.02183	0.01539	0.01969	0.01158	0.01430	0.00904	0.00628	0.00627	0.00195	0.00963	0.00506	0.00309	0.00931
15	0.01335	0.03304	0.69122	0.01932	0.02886	0.01537	0.06662	0.02086	0.01400	0.02086	0.01191	0.01414	0.00844	0.00621	0.00635	0.00209	0.00981	0.00505	0.00281	0.00968
16	0.00796	0.00596	0.00740	0.00855	0.00939	0.00540	0.00584	0.00924	0.01320	0.01705	0.04382	0.59062	0.21240	0.01965	0.00825	0.00256	0.00370	0.01752	0.00611	0.00540
17	0.01345	0.01344	0.01281	0.01314	0.04253	0.19307	0.00964	0.01569	0.01398	0.01702	0.06625	0.08494	0.04245	0.02882	0.34132	0.00597	0.01241	0.06239	0.00421	0.00649

[dist]
# distance from previous block
# <min> <max>
0	3

[block]
# block no. 2 follows, 33 sequences, length 27
# corresponding to MSA columns:
# 72-98
name=unknown_C
#
# <colnr> <probs for GDERKNQSTAVLIFYWHMCP>
#	G	D	E	R	K	N	Q	S	T	A	V	L	I	F	Y	W	H	M	C	P
0	0.01804	0.04541	0.02461	0.01893	0.02320	0.17253	0.24024	0.10964	0.09899	0.02236	0.01630	0.09049	0.01416	0.00846	0.00809	0.00214	0.06591	0.00752	0.00437	0.00859
1	0.00950	0.00615	0.00822	0.00927	0.01004	0.00569	0.00635	0.01088	0.01344	0.06363	0.08529	0.66485	0.04313	0.01930	0.00824	0.00259	0.00388	0.01744	0.00632	0.00579
2	0.00984	0.00715	0.00964	0.01099	0.01239	0.00696	0.00919	0.01238	0.01469	0.01898	0.03865	0.19516	0.11531	0.01845	0.00882	0.00288	0.00536	0.49121	0.00608	0.00588
3	0.81514	0.01273	0.00968	0.00866	0.01273	0.01477	0.00713	0.01935	0.01120	0.02954	0.00917	0.01069	0.00713	0.00611	0.00407	0.00204	0.00509	0.00356	0.00407	0.00713
4	0.07334	0.01626	0.01705	0.01399	0.01853	0.01835	0.01128	0.37945	0.31662	0.03486	0.01997	0.01914	0.01466	0.00822	0.00647	0.00209	0.00625	0.00641	0.00647	0.01060
5	0.01040	0.00701	0.00889	0.00825	0.01014	0.00633	0.00625	0.01324	0.01807	0.07141	0.57325	0.04968	0.16492	0.01362	0.00769	0.00209	0.00331	0.01188	0.00713	0.00644
6	0.00957	0.00638	0.00718	0.00718	0.00718	0.00638	0.00399	0.00957	0.00957	0.01276	0.02074	0.04308	0.02393	0.76864	0.03351	0.00638	0.00638	0.00957	0.00399	0.00399
7	0.37557	0.01553	0.01616	0.01296	0.01767	0.01735	0.05539	0.30532	0.07193	0.03379	0.01350	0.01431	0.00997	0.00703	0.00555	0.00204	0.00639	0.00511	0.00526	0.00918
8	0.00957	0.00638	0.00718	0.00718	0.00718	0.00638	0.00399	0.00957	0.00957	0.01276	0.02074	0.04308	0.02393	0.76864	0.03351	0.00638	0.00638	0.00957	0.00399	0.00399
9	0.00921	0.00672	0.00865	0.00817	0.00977	0.00616	0.00612	0.01221	0.01837	0.02578	0.67663	0.05020	0.10998	0.01369	0.00777	0.00208	0.00312	0.01205	0.00717	0.00616
10	0.13272	0.01573	0.01688	0.03599	0.01880	0.01720	0.01106	0.46317	0.02507	0.11692	0.01634	0.01654	0.01156	0.00763	0.00610	0.00197	0.00651	0.00569	0.06398	0.01015
11	0.02397	0.01958	0.02106	0.01764	0.06704	0.10509	0.05229	0.52615	0.02730	0.05202	0.01501	0.01564	0.01087	0.00751	0.00657	0.00196	0.00801	0.00584	0.00584	0.01059
12	0.01682	0.64125	0.15900	0.01260	0.01896	0.02414	0.01359	0.01991	0.01347	0.01644	0.00963	0.01115	0.00843	0.00574	0.00459	0.00153	0.00752	0.00376	0.00281	0.00868
13	0.00840	0.00636	0.00775	0.00811	0.00945	0.00571	0.00581	0.01039	0.01543	0.02045	0.28574	0.30504	0.25354	0.01694	0.00799	0.00233	0.00343	0.01490	0.00651	0.00571
14	0.01510	0.01531	0.05843	0.17814	0.48814	0.01508	0.01890	0.02009	0.05459	0.02109	0.04209	0.01824	0.01266	0.00651	0.00658	0.00203	0.00776	0.00615	0.00353	0.00960
15	0.02097	0.02012	0.12869	0.01768	0.02345	0.06471	0.14473	0.27084	0.08105	0.11596	0.01637	0.01715	0.01168	0.00735	0.00713	0.00207	0.02839	0.00622	0.00530	0.01013
16	0.01629	0.01564	0.02672	0.04041	0.72757	0.01564	0.02020	0.02020	0.01499	0.02151	0.01238	0.01629	0.01043	0.00587	0.00652	0.00196	0.00782	0.00587	0.00326	0.01043
17	0.00963	0.00776	0.00847	0.00825	0.01051	0.00719	0.00638	0.05104	0.05045	0.02082	0.13970	0.08135	0.48308	0.01566	0.00780	0.00228	0.00388	0.07320	0.00630	0.00623
18	0.05517	0.35530	0.23320	0.06930	0.06513	0.04156	0.03290	0.04415	0.01433	0.01925	0.01066	0.01278	0.00863	0.00603	0.00533	0.00177	0.00814	0.00443	0.00306	0.00887
19	0.00808	0.00670	0.00708	0.00705	0.00916	0.00571	0.00534	0.00998	0.01551	0.01903	0.15659	0.06172	0.61296	0.01627	0.00782	0.00223	0.00338	0.03345	0.00627	0.00566
20	0.00843	0.00602	0.00811	0.00963	0.01019	0.00570	0.00682	0.00987	0.01301	0.01726	0.03606	0.65576	0.04265	0.02024	0.00851	0.00273	0.00417	0.12328	0.00610	0.00546
21	0.01585	0.02369	0.28812	0.01635	0.02187	0.14395	0.05420	0.05299	0.06736	0.03382	0.04725	0.01818	0.01334	0.01242	0.09481	0.00307	0.05260	0.00586	0.02569	0.00859
22	0.03779	0.12255	0.31890	0.02137	0.16624	0.01701	0.05204	0.09068	0.03473	0.03736	0.03283	0.01569	0.01111	0.00654	0.00615	0.00197	0.00829	0.00541	0.00367	0.00969
23	0.00942	0.00718	0.00959	0.03126	0.02883	0.00762	0.00707	0.01047	0.01156	0.01569	0.02762	0.43618	0.03233	0.22470	0.03646	0.00389	0.07581	0.01399	0.00499	0.00535
24	0.01184	0.01049	0.01690	0.39765	0.03071	0.01194	0.05900	0.03352	0.03319	0.01908	0.07875	0.13156	0.04074	0.01135	0.02247	0.00250	0.00742	0.06950	0.00434	0.00704
25	0.03604	0.04013	0.06593	0.03916	0.18610	0.16218	0.12755	0.07794	0.07739	0.07758	0.01607	0.01780	0.03223	0.00696	0.00654	0.00199	0.00865	0.00611	0.00429	0.00935
26	0.06447	0.11399	0.20697	0.02390	0.23911	0.10320	0.06173	0.03961	0.04848	0.02123	0.01223	0.01460	0.00968	0.00624	0.00605	0.00193	0.00860	0.00519	0.00340	0.00940

[dist]
# distance from previous block
# <min> <max>
0	6

[block]
# block no. 3 follows, 33 sequences, length 21
# corresponding to MSA columns:
# 105-125
name=unknown_D
#
# <colnr> <probs for GDERKNQSTAVLIFYWHMCP>
#	G	D	E	R	K	N	Q	S	T	A	V	L	I	F	Y	W	H	M	C	P
0	0.01752	0.23719	0.14729	0.04064	0.08127	0.13183	0.07574	0.06711	0.04103	0.02006	0.03340	0.01490	0.01100	0.00678	0.00669	0.00188	0.04815	0.00518	0.00352	0.00883
1	0.16050	0.07876	0.12038	0.01458	0.05979	0.02988	0.04846	0.09838	0.03111	0.12574	0.03682	0.04619	0.01359	0.00741	0.00584	0.00192	0.00663	0.00591	0.04721	0.06093
2	0.07992	0.13511	0.23594	0.03718	0.07175	0.04341	0.13622	0.02014	0.05124	0.02053	0.01717	0.04503	0.06374	0.00745	0.00626	0.00202	0.00819	0.00644	0.00362	0.00865
3	0.01900	0.02108	0.01970	0.04588	0.11357	0.32163	0.03667	0.06361	0.01612	0.01865	0.01159	0.01513	0.00992	0.01210	0.08972	0.00294	0.13793	0.00529	0.00350	0.03598
4	0.00953	0.00657	0.00814	0.00814	0.00847	0.00690	0.00519	0.01019	0.00986	0.01348	0.01986	0.03822	0.02182	0.56552	0.23374	0.00757	0.00956	0.00886	0.00386	0.00452
5	0.01596	0.08873	0.14471	0.03921	0.03926	0.03981	0.04710	0.08892	0.10220	0.08503	0.12818	0.09583	0.03794	0.00957	0.00674	0.00207	0.00664	0.00812	0.00526	0.00873
6	0.01808	0.01499	0.01585	0.01374	0.01777	0.01717	0.01083	0.16748	0.58040	0.03030	0.02462	0.02283	0.01834	0.00873	0.00668	0.00218	0.00561	0.00714	0.00668	0.01057
7	0.00924	0.00697	0.00820	0.00812	0.00962	0.00652	0.00594	0.01186	0.04159	0.02051	0.29547	0.07262	0.24842	0.15745	0.01271	0.00303	0.00413	0.06576	0.00615	0.00572
8	0.01583	0.01517	0.02589	0.12542	0.64616	0.01552	0.01997	0.01980	0.01477	0.02095	0.01230	0.01644	0.01023	0.00595	0.00653	0.00198	0.00793	0.00586	0.00322	0.01006
9	0.02077	0.01606	0.01961	0.08380	0.17659	0.05483	0.01389	0.22898	0.16796	0.12223	0.01806	0.01858	0.01323	0.00753	0.00656	0.00204	0.00710	0.00623	0.00560	0.01034
10	0.01061	0.00758	0.01061	0.01212	0.01364	0.00758	0.01061	0.01364	0.01515	0.01970	0.03486	0.07426	0.03789	0.01819	0.00909	0.00303	0.00606	0.68326	0.00606	0.00606
11	0.00878	0.00684	0.00812	0.00867	0.01043	0.00619	0.00686	0.01093	0.01516	0.01909	0.11970	0.13829	0.38905	0.01720	0.00822	0.00249	0.00415	0.20787	0.00621	0.00575
12	0.01558	0.16090	0.24023	0.02041	0.14358	0.04556	0.07897	0.05734	0.06190	0.02099	0.01493	0.08316	0.01302	0.00761	0.00629	0.00199	0.00814	0.00652	0.00371	0.00918
13	0.01091	0.00927	0.01347	0.01260	0.01342	0.01182	0.01009	0.01299	0.01043	0.01545	0.01493	0.02241	0.01410	0.03798	0.52549	0.00826	0.24012	0.00666	0.00333	0.00628
14	0.01320	0.03405	0.73453	0.01876	0.02849	0.01529	0.02432	0.02085	0.01390	0.02085	0.01181	0.01390	0.00834	0.00625	0.00625	0.00208	0.00973	0.00486	0.00278	0.00973
15	0.01525	0.01400	0.02363	0.07884	0.45016	0.01411	0.07955	0.01982	0.05197	0.04098	0.01840	0.05170	0.04256	0.00807	0.00697	0.00214	0.00751	0.06097	0.00401	0.00937
16	0.04344	0.12763	0.38971	0.01778	0.02538	0.06346	0.09999	0.09765	0.01627	0.04165	0.01227	0.01412	0.00905	0.00635	0.00612	0.00197	0.00912	0.00511	0.00350	0.00944
17	0.02312	0.02285	0.04560	0.03986	0.04341	0.32916	0.06409	0.14607	0.06929	0.13004	0.01512	0.01587	0.01113	0.00719	0.00639	0.00191	0.00929	0.00550	0.00486	0.00924
18	0.14643	0.09497	0.11901	0.01942	0.13365	0.19195	0.06367	0.09260	0.01659	0.02273	0.01209	0.03595	0.01000	0.00679	0.00588	0.00191	0.00860	0.00527	0.00375	0.00876
19	0.00807	0.00586	0.00762	0.00892	0.00951	0.00541	0.00603	0.00936	0.01311	0.01739	0.07513	0.67091	0.09852	0.01993	0.00832	0.00261	0.00374	0.01797	0.00617	0.00541
20	0.00853	0.00643	0.00855	0.00961	0.01009	0.00644	0.00666	0.00982	0.01283	0.01728	0.07171	0.64993	0.06517	0.01947	0.00928	0.00264	0.05682	0.01728	0.00594	0.00553

[dist]
# distance from previous block
# <min> <max>
0	1

[block]
# block no. 4 follows, 33 sequences, length 33
# corresponding to MSA columns:
# 127-144,165-179
name=unknown_E
#
# <colnr> <probs for GDERKNQSTAVLIFYWHMCP>
#	G	D	E	R	K	N	Q	S	T	A	V	L	I	F	Y	W	H	M	C	P
0	0.01700	0.14125	0.02797	0.05742	0.47907	0.07702	0.06751	0.02057	0.01500	0.01988	0.01172	0.01514	0.00985	0.00590	0.00619	0.00187	0.00830	0.00548	0.00319	0.00965
1	0.09301	0.03571	0.02047	0.02370	0.29669	0.10021	0.01425	0.17993	0.01896	0.06756	0.01780	0.01923	0.06901	0.00748	0.00629	0.00195	0.00739	0.00612	0.00463	0.00957
2	0.28474	0.33389	0.02342	0.01505	0.11445	0.09789	0.01128	0.02037	0.01344	0.02109	0.00972	0.01154	0.00829	0.00595	0.00468	0.00173	0.00702	0.00394	0.00336	0.00819
3	0.01071	0.00841	0.01119	0.01081	0.01201	0.02734	0.00827	0.04167	0.01150	0.01612	0.01734	0.02678	0.01663	0.13851	0.56557	0.00907	0.05121	0.00720	0.00368	0.00597
4	0.01140	0.00875	0.01022	0.00930	0.01159	0.00872	0.00713	0.07672	0.11177	0.02643	0.45670	0.04533	0.16446	0.01291	0.00752	0.00211	0.00379	0.01112	0.00692	0.00710
5	0.02491	0.02182	0.01947	0.01562	0.02040	0.20887	0.01257	0.52826	0.02774	0.03486	0.01434	0.01478	0.01049	0.00761	0.00642	0.00190	0.00845	0.00549	0.00575	0.01027
6	0.81514	0.01273	0.00968	0.00866	0.01273	0.01477	0.00713	0.01935	0.01120	0.02954	0.00917	0.01069	0.00713	0.00611	0.00407	0.00204	0.00509	0.00356	0.00407	0.00713
7	0.02311	0.01351	0.01524	0.01203	0.01634	0.01408	0.00983	0.35816	0.02355	0.22063	0.01989	0.01969	0.01394	0.00791	0.00611	0.00188	0.00579	0.00616	0.20220	0.00996
8	0.01243	0.01170	0.01975	0.75282	0.04534	0.01463	0.01828	0.01682	0.01316	0.01682	0.01170	0.01755	0.00878	0.00658	0.00658	0.00219	0.00878	0.00585	0.00293	0.00731
9	0.01637	0.01414	0.01489	0.01340	0.01712	0.01637	0.01042	0.03498	0.71568	0.02754	0.02679	0.02456	0.02010	0.00893	0.00670	0.00223	0.00521	0.00744	0.00670	0.01042
10	0.00823	0.00588	0.00788	0.00941	0.00988	0.00553	0.00647	0.00953	0.01281	0.01704	0.03617	0.70856	0.04308	0.02043	0.00846	0.00270	0.00400	0.07243	0.00611	0.00540
11	0.00841	0.00635	0.00924	0.01012	0.01082	0.00593	0.04188	0.00978	0.01275	0.01703	0.03511	0.72606	0.04182	0.01985	0.00837	0.00265	0.00419	0.01815	0.00597	0.00553
12	0.01207	0.01121	0.01875	0.69178	0.04240	0.01386	0.01728	0.01619	0.01312	0.01682	0.01372	0.07885	0.01163	0.00773	0.00673	0.00223	0.00837	0.00691	0.00319	0.00715
13	0.00802	0.00573	0.00764	0.00917	0.00955	0.00535	0.00611	0.00917	0.01260	0.01681	0.03628	0.76434	0.04354	0.02062	0.00840	0.00267	0.00382	0.01872	0.00611	0.00535
14	0.01524	0.01580	0.02004	0.01726	0.01754	0.07943	0.01426	0.01670	0.01079	0.01587	0.00877	0.01420	0.00863	0.01113	0.02032	0.00278	0.69547	0.00564	0.00292	0.00724
15	0.01243	0.01170	0.01975	0.75282	0.04534	0.01463	0.01828	0.01682	0.01316	0.01682	0.01170	0.01755	0.00878	0.00658	0.00658	0.00219	0.00878	0.00585	0.00293	0.00731
16	0.81514	0.01273	0.00968	0.00866	0.01273	0.01477	0.00713	0.01935	0.01120	0.02954	0.00917	0.01069	0.00713	0.00611	0.00407	0.00204	0.00509	0.00356	0.00407	0.00713
17	0.00802	0.00573	0.00764	0.00917	0.00955	0.00535	0.00611	0.00917	0.01260	0.01681	0.03628	0.76434	0.04354	0.02062	0.00840	0.00267	0.00382	0.01872	0.00611	0.00535
18	0.01749	0.58827	0.14695	0.01298	0.01908	0.08636	0.01351	0.02047	0.01392	0.01641	0.00967	0.01122	0.00843	0.00583	0.00470	0.00154	0.00790	0.00380	0.00286	0.00859
19	0.00957	0.00638	0.00718	0.00718	0.00718	0.00638	0.00399	0.00957	0.00957	0.01276	0.02074	0.04308	0.02393	0.76864	0.03351	0.00638	0.00638	0.00957	0.00399	0.00399
20	0.00847	0.00700	0.00748	0.00746	0.00952	0.00621	0.00555	0.01120	0.05297	0.01941	0.15194	0.11687	0.54047	0.01614	0.00777	0.00224	0.00344	0.01367	0.00630	0.00589
21	0.01259	0.01143	0.01924	0.34211	0.14283	0.01300	0.06195	0.03305	0.01333	0.01805	0.01450	0.04542	0.01249	0.01863	0.20823	0.00446	0.01100	0.00676	0.00337	0.00755
22	0.01318	0.02459	0.42292	0.01673	0.04978	0.05231	0.01787	0.02022	0.09514	0.02072	0.03542	0.16564	0.01810	0.00962	0.00676	0.00219	0.00791	0.00810	0.00406	0.00877
23	0.00957	0.00638	0.00718	0.00718	0.00718	0.00638	0.00399	0.00957	0.00957	0.01276	0.02074	0.04308	0.02393	0.76864	0.03351	0.00638	0.00638	0.00957	0.00399	0.00399
24	0.00813	0.00581	0.00777	0.00929	0.00972	0.00544	0.00630	0.00936	0.01271	0.01693	0.03622	0.73487	0.04330	0.02052	0.00843	0.00269	0.00392	0.04710	0.00611	0.00538
25	0.01589	0.04212	0.02630	0.21145	0.29348	0.06839	0.15685	0.04453	0.01536	0.02024	0.01297	0.03874	0.01073	0.00655	0.00673	0.00205	0.00885	0.00644	0.00339	0.00894
26	0.04311	0.01420	0.02443	0.40862	0.14553	0.03522	0.16736	0.01922	0.01427	0.04681	0.01258	0.01719	0.00952	0.00630	0.00673	0.00214	0.00897	0.00618	0.00332	0.00829
27	0.00815	0.00607	0.00759	0.00850	0.00945	0.00551	0.00588	0.00968	0.01397	0.01836	0.13871	0.51174	0.19485	0.01876	0.00818	0.00249	0.00361	0.01671	0.00627	0.00551
28	0.36386	0.01423	0.01570	0.03943	0.01812	0.01561	0.05851	0.20642	0.04138	0.11539	0.01428	0.01528	0.01039	0.00860	0.03430	0.00238	0.00678	0.00521	0.00521	0.00891
29	0.07192	0.26994	0.34621	0.01701	0.08028	0.01877	0.01758	0.04560	0.01443	0.04610	0.01146	0.01316	0.00885	0.00614	0.00549	0.00184	0.00814	0.00452	0.00325	0.00929
30	0.00996	0.00664	0.00837	0.00905	0.01024	0.00611	0.00634	0.02942	0.01414	0.06701	0.06514	0.55046	0.15530	0.01851	0.00811	0.00251	0.00393	0.01649	0.00631	0.00597
31	0.01978	0.09337	0.15591	0.05246	0.03867	0.13379	0.01445	0.17179	0.08999	0.08871	0.01576	0.01783	0.01204	0.00745	0.00623	0.00194	0.00805	0.02871	0.00476	0.03831
32	0.03472	0.37462	0.12545	0.01266	0.01843	0.08309	0.01242	0.04447	0.05071	0.03609	0.01343	0.01452	0.03344	0.00641	0.00513	0.00159	0.00726	0.00453	0.00360	0.11742

[dist]
# distance from previous block
# <min> <max>
0	1

[block]
# block no. 5 follows, 33 sequences, length 43
# corresponding to MSA columns:
# 181-223
name=unknown_F
#
# <colnr> <probs for GDERKNQSTAVLIFYWHMCP>
#	G	D	E	R	K	N	Q	S	T	A	V	L	I	F	Y	W	H	M	C	P
0	0.05396	0.19445	0.09021	0.01600	0.09677	0.12649	0.01275	0.08270	0.06897	0.07587	0.05639	0.01804	0.02724	0.00731	0.00579	0.00182	0.00731	0.00557	0.04343	0.00891
1	0.03481	0.44358	0.23239	0.01376	0.02028	0.02058	0.03347	0.02016	0.01397	0.04730	0.03265	0.01546	0.01131	0.00657	0.00526	0.00174	0.00767	0.02698	0.00331	0.00876
2	0.10292	0.03880	0.02276	0.06116	0.40866	0.12190	0.01642	0.10877	0.01704	0.02376	0.01204	0.01489	0.00977	0.00631	0.00612	0.00192	0.00807	0.00533	0.00376	0.00958
3	0.01612	0.01316	0.01418	0.01285	0.01632	0.01495	0.00994	0.03225	0.61137	0.05794	0.04960	0.07922	0.02297	0.00989	0.00685	0.00225	0.00506	0.00837	0.00674	0.00995
4	0.10129	0.01623	0.01769	0.01435	0.01794	0.07362	0.03061	0.29479	0.02067	0.09695	0.03369	0.01683	0.01224	0.00848	0.00935	0.00214	0.16268	0.00582	0.05547	0.00916
5	0.11096	0.05529	0.05606	0.02989	0.01789	0.10480	0.03295	0.13221	0.13782	0.06103	0.06834	0.04006	0.01669	0.00834	0.00679	0.00202	0.03991	0.00641	0.06384	0.00869
6	0.01462	0.00867	0.01023	0.00906	0.01174	0.00834	0.00704	0.05066	0.08363	0.15290	0.26284	0.03862	0.15445	0.01136	0.00686	0.00201	0.00398	0.00959	0.14577	0.00762
7	0.18621	0.00792	0.00756	0.00709	0.00943	0.00825	0.00552	0.01742	0.01361	0.07724	0.01916	0.02141	0.01474	0.00737	0.00464	0.00168	0.00369	0.00562	0.57473	0.00672
8	0.01516	0.01561	0.02947	0.17556	0.24038	0.01603	0.30294	0.02064	0.05630	0.02059	0.01338	0.01759	0.01044	0.00622	0.00750	0.00216	0.03080	0.00674	0.00341	0.00907
9	0.04028	0.15469	0.25775	0.01747	0.08519	0.04078	0.04781	0.08260	0.05719	0.06789	0.03515	0.03804	0.03243	0.00740	0.00614	0.00196	0.00781	0.00598	0.00413	0.00931
10	0.02745	0.01323	0.01637	0.01270	0.01773	0.01285	0.01044	0.20091	0.07271	0.50783	0.02349	0.02091	0.01530	0.00814	0.00662	0.00204	0.00598	0.00651	0.00765	0.01114
11	0.00940	0.00705	0.01058	0.01058	0.01176	0.00823	0.00823	0.01176	0.01058	0.01528	0.01763	0.02586	0.01646	0.04937	0.74255	0.01058	0.01763	0.00705	0.00353	0.00588
12	0.03896	0.17223	0.11976	0.01613	0.02088	0.40402	0.05173	0.02296	0.01616	0.01718	0.01079	0.01302	0.00898	0.00893	0.04943	0.00226	0.01079	0.00453	0.00322	0.00803
13	0.01565	0.15907	0.28341	0.02320	0.21593	0.03989	0.06600	0.02055	0.01468	0.04055	0.03235	0.01705	0.01159	0.00659	0.00618	0.00195	0.00848	0.02414	0.00334	0.00941
14	0.01637	0.01414	0.01489	0.01340	0.01712	0.01637	0.01042	0.03498	0.71568	0.02754	0.02679	0.02456	0.02010	0.00893	0.00670	0.00223	0.00521	0.00744	0.00670	0.01042
15	0.00802	0.00573	0.00764	0.00917	0.00955	0.00535	0.00611	0.00917	0.01260	0.01681	0.03628	0.76434	0.04354	0.02062	0.00840	0.00267	0.00382	0.01872	0.00611	0.00535
16	0.11620	0.01168	0.01485	0.01152	0.01651	0.01070	0.00952	0.05934	0.01851	0.62506	0.02368	0.02083	0.01507	0.00791	0.00634	0.00203	0.00562	0.00625	0.00763	0.01075
17	0.01562	0.03944	0.14968	0.06258	0.38874	0.01578	0.09042	0.02002	0.01444	0.04404	0.01309	0.03644	0.01086	0.00682	0.00770	0.00209	0.06308	0.00619	0.00337	0.00960
18	0.01233	0.01117	0.01544	0.01378	0.01404	0.01476	0.01095	0.01368	0.01009	0.01510	0.01306	0.02267	0.01343	0.17093	0.18436	0.00529	0.44259	0.00681	0.00325	0.00627
19	0.01440	0.01440	0.02016	0.01728	0.01728	0.02016	0.01440	0.01584	0.01008	0.01584	0.00864	0.01440	0.00864	0.01152	0.02160	0.00288	0.75659	0.00576	0.00288	0.00720
20	0.06269	0.01258	0.01407	0.01058	0.01590	0.01107	0.00849	0.10663	0.06735	0.02519	0.04612	0.01619	0.01296	0.00603	0.00532	0.00131	0.00514	0.00477	0.00462	0.56302
21	0.01092	0.00590	0.00819	0.00819	0.00819	0.00590	0.00524	0.00885	0.00885	0.01180	0.01402	0.02642	0.01491	0.23018	0.02789	0.58550	0.00590	0.00679	0.00317	0.00317
22	0.00844	0.00629	0.00806	0.00864	0.00973	0.00591	0.00616	0.01029	0.01430	0.01915	0.20640	0.37868	0.17356	0.02128	0.08810	0.00330	0.00506	0.01489	0.00610	0.00565
23	0.00804	0.00668	0.00703	0.00694	0.00905	0.00567	0.00521	0.00995	0.01562	0.01925	0.17871	0.06094	0.61197	0.01613	0.00778	0.00220	0.00330	0.01356	0.00631	0.00567
24	0.01271	0.01199	0.02025	0.70084	0.09512	0.01470	0.01842	0.01707	0.01330	0.01716	0.01175	0.01746	0.00890	0.00653	0.00658	0.00218	0.00871	0.00585	0.00295	0.00754
25	0.01770	0.01698	0.02497	0.03339	0.51453	0.08785	0.05860	0.02284	0.08324	0.05438	0.01424	0.01702	0.01141	0.00634	0.00656	0.00198	0.00806	0.00600	0.00383	0.01009
26	0.51785	0.01275	0.01211	0.01010	0.01454	0.01378	0.00831	0.07337	0.03063	0.22863	0.01479	0.01468	0.01030	0.00688	0.00503	0.00204	0.00540	0.00469	0.00547	0.00865
27	0.02791	0.01084	0.01476	0.01144	0.01624	0.00940	0.00940	0.03050	0.01883	0.67520	0.08229	0.02457	0.01999	0.00858	0.00671	0.00204	0.00540	0.00705	0.00808	0.01080
28	0.01278	0.01137	0.01538	0.15354	0.06102	0.05115	0.06058	0.01801	0.11429	0.03779	0.15017	0.12959	0.08812	0.01340	0.05090	0.00270	0.00684	0.00975	0.00518	0.00745
29	0.00903	0.00655	0.00861	0.00877	0.01005	0.00613	0.00651	0.01157	0.01653	0.02290	0.45937	0.22471	0.08276	0.01671	0.02909	0.00254	0.00392	0.06156	0.00673	0.00595
30	0.02917	0.01179	0.01564	0.01199	0.01710	0.01054	0.00990	0.08642	0.01982	0.67642	0.02515	0.02187	0.01588	0.00813	0.00662	0.00203	0.00573	0.00656	0.00802	0.01120
31	0.01020	0.00737	0.01010	0.01151	0.01298	0.00726	0.00986	0.01299	0.01494	0.01934	0.03717	0.12918	0.08571	0.01828	0.00895	0.00295	0.00569	0.58351	0.00607	0.00597
32	0.03572	0.00910	0.01343	0.01213	0.01396	0.01031	0.05924	0.05391	0.01230	0.01774	0.01879	0.02599	0.04798	0.07037	0.51204	0.00814	0.06133	0.00728	0.00381	0.00644
33	0.02222	0.01215	0.01447	0.01196	0.01595	0.01235	0.00941	0.08839	0.24549	0.34778	0.02467	0.02527	0.01810	0.10901	0.01020	0.00267	0.00572	0.00722	0.00699	0.00999
34	0.00887	0.00638	0.00858	0.01004	0.01088	0.00610	0.00755	0.01066	0.01356	0.01781	0.03716	0.50421	0.07185	0.01964	0.00860	0.00277	0.00454	0.23910	0.00609	0.00559
35	0.01376	0.01180	0.01370	0.00990	0.01566	0.00909	0.00791	0.01733	0.04239	0.02170	0.01232	0.01410	0.01017	0.00504	0.00495	0.00103	0.00489	0.00405	0.00401	0.77620
36	0.01744	0.01512	0.01617	0.01527	0.05970	0.03625	0.01127	0.09978	0.58805	0.02824	0.02441	0.02287	0.01834	0.00859	0.00666	0.00218	0.00574	0.00711	0.00639	0.01042
37	0.01343	0.01295	0.02263	0.55639	0.17669	0.01499	0.07381	0.01782	0.01371	0.01807	0.01196	0.01732	0.00919	0.00636	0.00666	0.00215	0.00878	0.00601	0.00302	0.00804
38	0.15631	0.14451	0.27981	0.05900	0.04307	0.01592	0.04748	0.02047	0.01388	0.07338	0.03178	0.01484	0.01047	0.00635	0.00562	0.00190	0.00764	0.00490	0.00365	0.05902
39	0.01646	0.19193	0.19247	0.01513	0.02049	0.15122	0.06966	0.02060	0.03538	0.04889	0.04740	0.06182	0.04620	0.00854	0.00630	0.00196	0.00824	0.04504	0.00399	0.00828
40	0.00802	0.00573	0.00764	0.00917	0.00955	0.00535	0.00611	0.00917	0.01260	0.01681	0.03628	0.76434	0.04354	0.02062	0.00840	0.00267	0.00382	0.01872	0.00611	0.00535
41	0.00839	0.00592	0.00770	0.00898	0.00935	0.00562	0.00597	0.00944	0.01223	0.01628	0.03368	0.61494	0.04008	0.14276	0.01254	0.00330	0.00434	0.04758	0.00576	0.00516
42	0.04814	0.01649	0.05655	0.05923	0.38905	0.10067	0.01610	0.01870	0.01468	0.01994	0.01844	0.07986	0.07546	0.00849	0.00743	0.00208	0.04891	0.00727	0.00373	0.00877

[dist]
# distance from previous block
# <min> <max>
5	34

[block]
# block no. 6 follows, 33 sequences, length 18
# corresponding to MSA columns:
# 258-275
name=unknown_G
#
# <colnr> <probs for GDERKNQSTAVLIFYWHMCP>
#	G	D	E	R	K	N	Q	S	T	A	V	L	I	F	Y	W	H	M	C	P
0	0.01114	0.00806	0.01116	0.01000	0.01226	0.00745	0.05713	0.01453	0.04944	0.07673	0.35327	0.15115	0.18392	0.01396	0.00772	0.00221	0.00413	0.01239	0.00661	0.00672
1	0.01829	0.07597	0.15414	0.01906	0.04947	0.12217	0.20260	0.03844	0.04535	0.10313	0.01416	0.01595	0.01053	0.00630	0.00640	0.00189	0.00890	0.00573	0.00404	0.09750
2	0.04082	0.01725	0.10602	0.23130	0.10830	0.09265	0.09060	0.02167	0.03734	0.11072	0.01474	0.01753	0.01087	0.00671	0.00638	0.00203	0.00833	0.00587	0.06220	0.00866
3	0.02208	0.01381	0.01445	0.01252	0.01622	0.12350	0.01005	0.06167	0.07596	0.33336	0.08003	0.06503	0.02318	0.01046	0.00705	0.00217	0.00641	0.10613	0.00674	0.00917
4	0.00914	0.00701	0.00924	0.01072	0.04983	0.00653	0.00750	0.01126	0.01485	0.01957	0.16685	0.30744	0.19654	0.01717	0.00817	0.00249	0.00422	0.13934	0.00615	0.00597
5	0.01816	0.21900	0.16089	0.02047	0.11327	0.13017	0.14214	0.05388	0.01594	0.04959	0.01200	0.01418	0.00942	0.00615	0.00602	0.00185	0.00908	0.00520	0.00345	0.00914
6	0.01163	0.00950	0.01148	0.01271	0.08060	0.04858	0.00852	0.01531	0.07100	0.04311	0.24610	0.19956	0.10742	0.01652	0.06105	0.00285	0.00563	0.03559	0.00596	0.00690
7	0.00812	0.00581	0.00773	0.00910	0.00957	0.00542	0.00612	0.00942	0.01308	0.01756	0.09067	0.70780	0.04501	0.02006	0.00835	0.00263	0.00376	0.01818	0.00620	0.00542
8	0.01365	0.01170	0.01365	0.00975	0.01560	0.00878	0.00780	0.01658	0.01365	0.02145	0.01170	0.01365	0.00975	0.00488	0.00488	0.00098	0.00488	0.00390	0.00390	0.80888
9	0.01552	0.06370	0.28333	0.07222	0.24014	0.01566	0.06940	0.05800	0.01534	0.04794	0.01383	0.05051	0.01123	0.00691	0.00649	0.00204	0.00847	0.00614	0.00354	0.00958
10	0.01271	0.00875	0.01135	0.01171	0.01384	0.00891	0.00984	0.01818	0.12649	0.07423	0.13755	0.05881	0.03717	0.01527	0.00833	0.00269	0.00545	0.42507	0.00650	0.00715
11	0.00822	0.00588	0.00766	0.00888	0.00937	0.00549	0.00593	0.00944	0.01290	0.01724	0.08614	0.63684	0.06538	0.07487	0.01018	0.00289	0.00394	0.01739	0.00604	0.00532
12	0.01438	0.07689	0.26796	0.01884	0.07633	0.05026	0.11814	0.03970	0.03470	0.02111	0.09342	0.05627	0.03209	0.00832	0.00777	0.00211	0.06211	0.00706	0.00389	0.00865
13	0.01536	0.01136	0.01334	0.01155	0.01398	0.04345	0.00915	0.11780	0.04971	0.09988	0.32552	0.03311	0.05604	0.01367	0.05486	0.00269	0.10564	0.00888	0.00620	0.00780
14	0.05245	0.01127	0.01285	0.01182	0.01504	0.01208	0.00940	0.02695	0.34042	0.15462	0.02748	0.08980	0.02322	0.01094	0.00692	0.00230	0.00514	0.11340	0.06488	0.00902
15	0.04309	0.17339	0.04808	0.18260	0.07189	0.18066	0.01399	0.06790	0.02815	0.11138	0.01318	0.01505	0.01001	0.00669	0.00587	0.00186	0.00841	0.00504	0.00404	0.00872
16	0.05020	0.10147	0.15537	0.06853	0.02179	0.03701	0.08595	0.06044	0.12987	0.02209	0.04521	0.04173	0.09333	0.00890	0.00702	0.00212	0.03026	0.02576	0.00448	0.00848
17	0.01139	0.00891	0.01085	0.01121	0.06332	0.04763	0.00770	0.01443	0.01830	0.05156	0.59209	0.04402	0.06817	0.01241	0.00753	0.00204	0.00403	0.01089	0.00675	0.00677

[dist]
# distance from previous block
# <min> <max>
6	11

[block]
# block no. 7 follows, 33 sequences, length 6
# corresponding to MSA columns:
# 287-292
name=unknown_H
#
# <colnr> <probs for GDERKNQSTAVLIFYWHMCP>
#	G	D	E	R	K	N	Q	S	T	A	V	L	I	F	Y	W	H	M	C	P
0	0.03766	0.22144	0.09692	0.04135	0.04948	0.10186	0.10694	0.05188	0.01466	0.01906	0.01270	0.01617	0.01066	0.01439	0.14617	0.00347	0.01036	0.00538	0.03134	0.00811
1	0.00818	0.00580	0.00759	0.00896	0.00931	0.00545	0.00590	0.00921	0.01230	0.01640	0.03471	0.69110	0.04155	0.09658	0.01095	0.00305	0.00408	0.01779	0.00590	0.00521
2	0.01209	0.01134	0.01503	0.01358	0.01427	0.01449	0.01089	0.01446	0.04998	0.01703	0.02571	0.16030	0.15215	0.01401	0.01576	0.00268	0.43545	0.00975	0.00429	0.00673
3	0.22007	0.09183	0.10526	0.03394	0.01903	0.03874	0.01218	0.18602	0.05674	0.13310	0.01463	0.01513	0.01059	0.00715	0.00610	0.00200	0.02799	0.00510	0.00505	0.00936
4	0.00797	0.00591	0.00745	0.00869	0.00942	0.00539	0.00590	0.00922	0.01306	0.01699	0.04208	0.63070	0.17344	0.01987	0.00828	0.00259	0.00373	0.01780	0.00611	0.00539
5	0.01696	0.01309	0.01498	0.01110	0.01668	0.01147	0.00896	0.14992	0.05561	0.07016	0.01420	0.01521	0.01100	0.00588	0.00541	0.00130	0.00539	0.00465	0.00483	0.56319

[dist]
# distance from previous block
# <min> <max>
0	3

# created by:
# /home/cegg/simao/soft/augustus-3.2.1/scripts/msa2prfl.pl ./align_prep/EOG090W0FIH.fa
