[name]
unknown

[dist]
# distance from previous block
# <min> <max>
0	1

[block]
# block no. 0 follows, 37 sequences, length 7
# corresponding to MSA columns:
# 11-17
name=unknown_A
#
# <colnr> <probs for GDERKNQSTAVLIFYWHMCP>
#	G	D	E	R	K	N	Q	S	T	A	V	L	I	F	Y	W	H	M	C	P
0	0.01253	0.00756	0.01052	0.01122	0.01313	0.00734	0.00973	0.01528	0.01461	0.12928	0.03116	0.06175	0.03219	0.01550	0.00811	0.00268	0.00557	0.59956	0.00593	0.00636
1	0.02008	0.01373	0.01531	0.01345	0.05520	0.06408	0.01022	0.22374	0.11253	0.21834	0.06445	0.02279	0.07994	0.00856	0.00701	0.00193	0.04683	0.00672	0.00597	0.00912
2	0.00979	0.00695	0.00770	0.00736	0.00956	0.00617	0.00557	0.01247	0.05675	0.08717	0.13492	0.10567	0.49902	0.01426	0.00712	0.00207	0.00341	0.01205	0.00602	0.00598
3	0.01493	0.01480	0.01972	0.14179	0.08634	0.09488	0.09205	0.08167	0.06372	0.01888	0.01321	0.07456	0.01180	0.00860	0.01042	0.00218	0.23278	0.00649	0.00360	0.00760
4	0.00774	0.00581	0.00722	0.00798	0.00902	0.00528	0.00571	0.00933	0.01330	0.01738	0.14688	0.43351	0.22722	0.01707	0.00762	0.00232	0.00348	0.06212	0.00584	0.00519
5	0.01491	0.09690	0.16862	0.02260	0.20698	0.08287	0.11584	0.01859	0.01297	0.01766	0.01029	0.01362	0.00855	0.00669	0.00898	0.00199	0.17566	0.00514	0.00284	0.00830
6	0.03706	0.01165	0.01140	0.03242	0.03592	0.12708	0.00814	0.08310	0.01534	0.01992	0.16294	0.14983	0.10542	0.08729	0.00968	0.00240	0.04195	0.02639	0.02582	0.00626

[dist]
# distance from previous block
# <min> <max>
3	10

[block]
# block no. 1 follows, 37 sequences, length 18
# corresponding to MSA columns:
# 28-45
name=unknown_B
#
# <colnr> <probs for GDERKNQSTAVLIFYWHMCP>
#	G	D	E	R	K	N	Q	S	T	A	V	L	I	F	Y	W	H	M	C	P
0	0.02875	0.05939	0.14392	0.06997	0.09488	0.04231	0.04284	0.03399	0.02838	0.06115	0.06042	0.17085	0.07511	0.00991	0.00640	0.00199	0.00625	0.02622	0.00434	0.03293
1	0.06154	0.10411	0.06709	0.05148	0.17405	0.10811	0.05658	0.06044	0.04284	0.04363	0.01552	0.01913	0.05262	0.08494	0.00825	0.00218	0.00722	0.00575	0.00370	0.03083
2	0.04288	0.07234	0.27496	0.01632	0.04240	0.16600	0.08791	0.04244	0.01425	0.03659	0.01140	0.01366	0.00885	0.00776	0.03910	0.00212	0.03379	0.00475	0.02396	0.05851
3	0.01676	0.05456	0.04099	0.03151	0.01774	0.07066	0.08179	0.20195	0.06333	0.08523	0.05163	0.14053	0.04121	0.00912	0.00632	0.00189	0.00633	0.00781	0.00510	0.06554
4	0.01472	0.10356	0.07051	0.02312	0.32541	0.06594	0.03797	0.05388	0.03212	0.02078	0.15356	0.02020	0.01876	0.00717	0.00638	0.00181	0.02557	0.00622	0.00391	0.00842
5	0.00988	0.00664	0.00831	0.00818	0.00979	0.00611	0.00609	0.03306	0.01541	0.07210	0.32346	0.24596	0.17805	0.01454	0.00732	0.00213	0.00349	0.03734	0.00625	0.00590
6	0.01356	0.01387	0.02143	0.01757	0.01853	0.01824	0.12306	0.01548	0.01016	0.01548	0.00871	0.01387	0.00823	0.00986	0.01810	0.00258	0.65594	0.00564	0.00274	0.00694
7	0.01257	0.00931	0.01136	0.01038	0.01208	0.01030	0.00783	0.19894	0.01498	0.02047	0.01935	0.16421	0.01970	0.17298	0.24761	0.00529	0.04304	0.00869	0.00453	0.00639
8	0.00834	0.00635	0.00785	0.00860	0.01006	0.00586	0.00684	0.01036	0.01382	0.01757	0.09207	0.19486	0.30712	0.01650	0.00779	0.00241	0.00410	0.26841	0.00574	0.00535
9	0.01269	0.01088	0.01269	0.00907	0.01451	0.00816	0.00725	0.01541	0.01269	0.01995	0.01088	0.01269	0.00907	0.00453	0.00453	0.00091	0.00453	0.00363	0.00363	0.82229
10	0.01615	0.00717	0.00839	0.00737	0.00971	0.00673	0.00568	0.01863	0.01397	0.24565	0.02120	0.02355	0.01603	0.06764	0.00694	0.00192	0.00382	0.00609	0.50635	0.00700
11	0.01522	0.03057	0.04080	0.11864	0.42050	0.04132	0.03452	0.07417	0.06515	0.02102	0.04489	0.01682	0.01211	0.00639	0.00654	0.00189	0.03119	0.00573	0.00360	0.00895
12	0.00741	0.00621	0.00644	0.00638	0.00838	0.00524	0.00479	0.00912	0.01436	0.01751	0.14525	0.05730	0.66036	0.01514	0.00723	0.00205	0.00307	0.01269	0.00581	0.00524
13	0.01415	0.07163	0.07174	0.06748	0.14161	0.08714	0.03103	0.04569	0.01266	0.01697	0.01245	0.06747	0.01190	0.06424	0.04400	0.00270	0.22041	0.00619	0.00323	0.00732
14	0.31986	0.01224	0.03456	0.01172	0.04713	0.01217	0.03043	0.10017	0.01503	0.25106	0.01592	0.01842	0.01198	0.06377	0.00719	0.00222	0.00563	0.02706	0.00519	0.00824
15	0.01711	0.58850	0.07156	0.01182	0.01687	0.14038	0.01137	0.02000	0.04537	0.01529	0.00954	0.01078	0.00834	0.00558	0.00439	0.00142	0.00733	0.00362	0.00286	0.00789
16	0.52968	0.05547	0.11357	0.00940	0.01364	0.01326	0.00893	0.01801	0.03056	0.02480	0.01128	0.01371	0.00898	0.00620	0.00432	0.00184	0.00523	0.02105	0.10310	0.00698
17	0.01572	0.13568	0.18488	0.03080	0.03840	0.01418	0.07543	0.09702	0.03575	0.09489	0.04511	0.01716	0.03832	0.00650	0.00564	0.00167	0.00671	0.00538	0.00411	0.14667

[dist]
# distance from previous block
# <min> <max>
0	1

[block]
# block no. 2 follows, 37 sequences, length 12
# corresponding to MSA columns:
# 47-58
name=unknown_C
#
# <colnr> <probs for GDERKNQSTAVLIFYWHMCP>
#	G	D	E	R	K	N	Q	S	T	A	V	L	I	F	Y	W	H	M	C	P
0	0.02439	0.01061	0.01401	0.01105	0.01525	0.00991	0.00907	0.05820	0.04703	0.59044	0.02485	0.02250	0.05514	0.00939	0.03066	0.00220	0.04204	0.00651	0.00698	0.00976
1	0.04807	0.08896	0.05154	0.05494	0.15317	0.40994	0.02784	0.02141	0.01524	0.01679	0.00994	0.01220	0.00825	0.00600	0.00573	0.00165	0.02326	0.00432	0.00307	0.03768
2	0.00842	0.00618	0.00768	0.00739	0.00876	0.00567	0.00539	0.01075	0.01578	0.02173	0.53979	0.07396	0.16286	0.08742	0.00954	0.00235	0.00324	0.01139	0.00624	0.00545
3	0.01926	0.11884	0.11645	0.01655	0.10329	0.03346	0.01348	0.35398	0.09566	0.04841	0.01425	0.01482	0.01058	0.00674	0.00579	0.00180	0.00693	0.00521	0.00483	0.00967
4	0.01602	0.01801	0.13847	0.02401	0.28233	0.05754	0.10043	0.11605	0.08694	0.03646	0.01432	0.04291	0.01161	0.01956	0.00664	0.00197	0.00763	0.00607	0.00390	0.00912
5	0.00890	0.00632	0.00864	0.00864	0.00938	0.00701	0.00622	0.01039	0.00965	0.01377	0.01749	0.02928	0.01761	0.28793	0.49081	0.00822	0.01242	0.00730	0.03513	0.00490
6	0.00874	0.00596	0.00663	0.00663	0.00683	0.00586	0.00380	0.00889	0.00939	0.01232	0.02339	0.04187	0.09160	0.71097	0.02886	0.00556	0.00566	0.00929	0.00390	0.00385
7	0.01660	0.10653	0.11870	0.02122	0.22208	0.12342	0.03817	0.06723	0.10033	0.03427	0.01255	0.01453	0.01002	0.00660	0.00712	0.00187	0.08132	0.00511	0.00358	0.00875
8	0.01458	0.01371	0.03777	0.01117	0.03301	0.10205	0.00881	0.07761	0.04204	0.03885	0.11025	0.01961	0.04744	0.00679	0.00544	0.00138	0.00549	0.00546	0.00442	0.41413
9	0.04000	0.00925	0.03832	0.01133	0.01335	0.03342	0.07670	0.01271	0.01140	0.01640	0.07489	0.04342	0.03161	0.05741	0.47960	0.00702	0.01274	0.00715	0.01738	0.00591
10	0.01178	0.04052	0.10961	0.01130	0.01490	0.01112	0.04106	0.04906	0.22614	0.02129	0.09985	0.09396	0.20844	0.01099	0.00666	0.00205	0.00506	0.02339	0.00533	0.00751
11	0.03901	0.07277	0.07136	0.15740	0.12098	0.04103	0.04699	0.13464	0.02876	0.05312	0.07119	0.05080	0.04505	0.00777	0.00655	0.00192	0.03189	0.00649	0.00420	0.00809

[dist]
# distance from previous block
# <min> <max>
2	30

[block]
# block no. 3 follows, 37 sequences, length 31
# corresponding to MSA columns:
# 89-119
name=unknown_D
#
# <colnr> <probs for GDERKNQSTAVLIFYWHMCP>
#	G	D	E	R	K	N	Q	S	T	A	V	L	I	F	Y	W	H	M	C	P
0	0.01195	0.03488	0.14497	0.01240	0.04415	0.04901	0.01072	0.01679	0.10483	0.03592	0.18430	0.07217	0.05537	0.07710	0.06956	0.00296	0.05323	0.00802	0.00462	0.00703
1	0.00825	0.00602	0.00837	0.00946	0.02616	0.00582	0.02080	0.00962	0.01172	0.01596	0.05316	0.55077	0.03518	0.08832	0.06936	0.00331	0.00503	0.03792	0.02964	0.00514
2	0.01620	0.04618	0.05682	0.01728	0.16847	0.06876	0.01186	0.11132	0.20084	0.06612	0.03904	0.06493	0.05156	0.00818	0.00608	0.00190	0.00606	0.00685	0.04281	0.00874
3	0.06374	0.01660	0.01434	0.01211	0.01582	0.24611	0.00953	0.09688	0.05105	0.27438	0.06793	0.01958	0.03691	0.00765	0.00586	0.00179	0.00684	0.00580	0.03860	0.00848
4	0.02350	0.01502	0.01684	0.01310	0.01781	0.01605	0.01076	0.47654	0.09975	0.21854	0.01817	0.01711	0.01248	0.00751	0.00614	0.00188	0.00615	0.00582	0.00650	0.01034
5	0.00843	0.00580	0.00676	0.00712	0.00733	0.00564	0.00427	0.00880	0.00992	0.01310	0.02550	0.23017	0.06952	0.54411	0.02379	0.00483	0.00516	0.01131	0.00433	0.00412
6	0.01173	0.01121	0.01940	0.72655	0.04156	0.01371	0.05845	0.01587	0.01237	0.01587	0.01097	0.01633	0.00823	0.00606	0.00618	0.00204	0.00829	0.00554	0.00274	0.00689
7	0.82811	0.01184	0.00900	0.00805	0.01184	0.01373	0.00663	0.01799	0.01042	0.02746	0.00852	0.00994	0.00663	0.00568	0.00379	0.00189	0.00474	0.00331	0.00379	0.00663
8	0.01043	0.00864	0.01225	0.07648	0.01413	0.01080	0.00919	0.01223	0.00994	0.01459	0.01431	0.02299	0.01385	0.14991	0.33328	0.00611	0.21930	0.00646	0.04945	0.00565
9	0.01377	0.01154	0.01326	0.00965	0.01497	0.00941	0.00774	0.08270	0.03799	0.02188	0.01170	0.01322	0.00951	0.00492	0.00474	0.00103	0.00475	0.00391	0.00395	0.71935
10	0.00744	0.00538	0.00705	0.00839	0.00884	0.00498	0.00562	0.00854	0.01185	0.01568	0.03539	0.73858	0.08172	0.01896	0.00778	0.00246	0.00352	0.01714	0.00568	0.00498
11	0.01408	0.11210	0.04705	0.10532	0.06631	0.08457	0.20422	0.04578	0.01421	0.01806	0.01667	0.10150	0.03111	0.00859	0.00697	0.00203	0.03321	0.07714	0.00367	0.00740
12	0.82811	0.01184	0.00900	0.00805	0.01184	0.01373	0.00663	0.01799	0.01042	0.02746	0.00852	0.00994	0.00663	0.00568	0.00379	0.00189	0.00474	0.00331	0.00379	0.00663
13	0.01399	0.01625	0.13886	0.05818	0.43552	0.01365	0.03366	0.03836	0.06212	0.02085	0.07172	0.01918	0.03717	0.00665	0.00619	0.00189	0.00701	0.00613	0.00362	0.00901
14	0.01302	0.03249	0.13960	0.10310	0.24062	0.01242	0.04943	0.04268	0.04507	0.03692	0.08746	0.04111	0.11373	0.00812	0.00635	0.00193	0.00657	0.00721	0.00403	0.00812
15	0.00914	0.00739	0.02470	0.00964	0.05178	0.00651	0.00682	0.01161	0.03102	0.03630	0.24224	0.17228	0.25977	0.05169	0.00842	0.00231	0.00386	0.05294	0.00572	0.00584
16	0.01634	0.06809	0.08282	0.01950	0.17447	0.09048	0.07620	0.09620	0.16087	0.03633	0.02972	0.01731	0.02814	0.00684	0.00644	0.00184	0.03295	0.00574	0.00419	0.04551
17	0.00806	0.00588	0.00747	0.00780	0.00882	0.00541	0.00551	0.00995	0.01436	0.01957	0.35801	0.32894	0.12437	0.05651	0.00872	0.00237	0.00333	0.01359	0.00606	0.00529
18	0.01312	0.01113	0.01292	0.00927	0.01469	0.00860	0.00743	0.04424	0.01335	0.02070	0.01103	0.01277	0.00912	0.00465	0.00460	0.00094	0.00462	0.00370	0.00373	0.78937
19	0.01697	0.11121	0.31865	0.01777	0.12114	0.03282	0.01648	0.10699	0.05832	0.12146	0.01381	0.01471	0.01001	0.00628	0.00573	0.00183	0.00751	0.00498	0.00399	0.00934
20	0.48163	0.05703	0.01362	0.01188	0.05709	0.11930	0.00898	0.08464	0.05637	0.04432	0.01077	0.01187	0.00833	0.00609	0.00459	0.00182	0.00607	0.00401	0.00405	0.00756
21	0.00923	0.00715	0.01029	0.01013	0.01122	0.00841	0.00790	0.01177	0.03317	0.01469	0.01783	0.02605	0.03348	0.06775	0.62744	0.00864	0.05973	0.02604	0.00348	0.00561
22	0.01306	0.01284	0.04288	0.21339	0.19516	0.05615	0.03299	0.03598	0.07914	0.01984	0.10220	0.02470	0.08040	0.00800	0.00630	0.00194	0.00655	0.02216	0.03869	0.00764
23	0.64979	0.01216	0.01055	0.00898	0.01300	0.01363	0.00741	0.08686	0.01307	0.12048	0.01110	0.01178	0.00807	0.00608	0.00431	0.00189	0.00499	0.00388	0.00449	0.00747
24	0.00840	0.00609	0.00763	0.00780	0.00897	0.00572	0.00569	0.01040	0.01410	0.01928	0.31536	0.18875	0.15661	0.08925	0.05404	0.00294	0.00430	0.05493	0.03445	0.00530
25	0.00858	0.00675	0.00784	0.00776	0.00953	0.00629	0.00589	0.01189	0.07121	0.02024	0.30543	0.10739	0.33328	0.01422	0.00728	0.00210	0.00336	0.05908	0.00611	0.00576
26	0.00994	0.00613	0.00776	0.00798	0.00877	0.00579	0.00531	0.01103	0.01211	0.08199	0.13399	0.34698	0.03450	0.28116	0.01562	0.00354	0.00442	0.01251	0.00533	0.00515
27	0.01361	0.01570	0.09072	0.03611	0.08371	0.04435	0.27446	0.01890	0.08859	0.01878	0.02787	0.03544	0.01324	0.03298	0.05276	0.00269	0.10369	0.03503	0.00356	0.00781
28	0.04075	0.10507	0.56237	0.01727	0.06649	0.01522	0.01979	0.04449	0.01357	0.04450	0.01126	0.01297	0.00818	0.00585	0.00559	0.00186	0.00834	0.00450	0.00295	0.00898
29	0.07174	0.03931	0.01639	0.02797	0.01736	0.06626	0.04076	0.16656	0.28331	0.06515	0.01770	0.03378	0.01366	0.00849	0.02172	0.00211	0.05895	0.00601	0.00519	0.03759
30	0.01375	0.07759	0.11185	0.07270	0.44829	0.01394	0.01657	0.01754	0.01376	0.01934	0.05532	0.01957	0.04524	0.00666	0.00599	0.00184	0.00691	0.02144	0.02303	0.00868

[dist]
# distance from previous block
# <min> <max>
0	7

[block]
# block no. 4 follows, 37 sequences, length 44
# corresponding to MSA columns:
# 127-170
name=unknown_E
#
# <colnr> <probs for GDERKNQSTAVLIFYWHMCP>
#	G	D	E	R	K	N	Q	S	T	A	V	L	I	F	Y	W	H	M	C	P
0	0.01382	0.23282	0.34046	0.01515	0.02162	0.03161	0.08683	0.01863	0.02995	0.01763	0.01098	0.01381	0.00892	0.03926	0.00704	0.00191	0.03965	0.00466	0.00287	0.06238
1	0.05661	0.01165	0.01864	0.60711	0.12497	0.01396	0.01642	0.04718	0.01307	0.01781	0.01100	0.01576	0.00836	0.00607	0.00599	0.00200	0.00781	0.00533	0.00296	0.00730
2	0.01793	0.01832	0.01961	0.06560	0.19984	0.23019	0.05929	0.14618	0.06048	0.02194	0.05206	0.01757	0.03763	0.00703	0.00632	0.00182	0.01993	0.00578	0.00407	0.00840
3	0.00795	0.00572	0.00716	0.00793	0.00853	0.00543	0.00533	0.00903	0.01164	0.01540	0.07213	0.43656	0.11759	0.19122	0.04584	0.00351	0.00462	0.03440	0.00519	0.00480
4	0.01239	0.01079	0.01649	0.11141	0.08681	0.01203	0.08788	0.07288	0.06730	0.01893	0.06974	0.02287	0.01634	0.09426	0.20184	0.00442	0.07594	0.00680	0.00387	0.00700
5	0.01155	0.00776	0.00936	0.02377	0.01101	0.00747	0.00645	0.08331	0.01550	0.07068	0.23357	0.13830	0.12379	0.09377	0.03042	0.00256	0.00444	0.01002	0.06601	0.05026
6	0.03635	0.01223	0.01395	0.01329	0.07046	0.02675	0.00965	0.07497	0.36138	0.15304	0.07790	0.02551	0.08009	0.00870	0.00628	0.00198	0.00505	0.00724	0.00609	0.00908
7	0.50856	0.01416	0.01365	0.01244	0.05413	0.06943	0.03747	0.09656	0.01330	0.03694	0.00978	0.01161	0.00768	0.00642	0.00613	0.00195	0.08439	0.00413	0.00388	0.00738
8	0.12162	0.01285	0.01651	0.05040	0.13878	0.03548	0.06854	0.04842	0.21590	0.10731	0.03870	0.02022	0.03574	0.02181	0.00637	0.00200	0.00596	0.00622	0.03862	0.00856
9	0.00889	0.00594	0.00672	0.00671	0.00675	0.00593	0.00377	0.00898	0.00916	0.01226	0.04183	0.04023	0.02336	0.76083	0.03041	0.00581	0.00584	0.00897	0.00380	0.00377
10	0.04274	0.24272	0.05047	0.04220	0.18788	0.07241	0.08200	0.13632	0.03262	0.03868	0.01157	0.01346	0.00923	0.00589	0.00545	0.00170	0.00744	0.00484	0.00362	0.00876
11	0.01734	0.16059	0.17832	0.03965	0.08359	0.09510	0.07843	0.19392	0.03139	0.02268	0.01163	0.01342	0.00898	0.00627	0.00615	0.00179	0.03333	0.00490	0.00368	0.00882
12	0.00860	0.00592	0.00685	0.00711	0.00741	0.00578	0.00436	0.00901	0.00997	0.01310	0.02558	0.14872	0.08662	0.57456	0.02474	0.00497	0.00534	0.04300	0.00425	0.00410
13	0.01439	0.01213	0.01305	0.01173	0.01491	0.01380	0.00913	0.05983	0.57783	0.02526	0.09341	0.02604	0.04900	0.01055	0.03878	0.00238	0.00518	0.00746	0.00612	0.00900
14	0.00933	0.00741	0.01013	0.00999	0.01102	0.02994	0.00767	0.01130	0.00997	0.01407	0.01612	0.02452	0.01537	0.10018	0.65678	0.00905	0.04183	0.00662	0.00329	0.00542
15	0.01063	0.00532	0.00797	0.00797	0.00797	0.00532	0.00532	0.00797	0.00797	0.01063	0.01063	0.01861	0.01063	0.02127	0.02392	0.82190	0.00532	0.00532	0.00266	0.00266
16	0.02229	0.02931	0.05709	0.01586	0.01933	0.72000	0.01241	0.02417	0.01711	0.01522	0.00954	0.01114	0.00788	0.00628	0.00554	0.00160	0.01093	0.00397	0.00312	0.00720
17	0.00972	0.00591	0.00881	0.00881	0.00932	0.00642	0.00637	0.00937	0.00886	0.01233	0.01350	0.02160	0.01306	0.04914	0.36741	0.42593	0.01049	0.00597	0.00297	0.00399
18	0.01666	0.75451	0.03142	0.01071	0.01585	0.05723	0.01053	0.01860	0.01266	0.01443	0.00855	0.00987	0.00786	0.00528	0.00400	0.00132	0.00675	0.00330	0.00264	0.00782
19	0.01445	0.01382	0.02341	0.11436	0.64230	0.01407	0.01803	0.01805	0.01376	0.01940	0.01345	0.01701	0.03872	0.00592	0.00611	0.00185	0.00720	0.00575	0.00310	0.00921
20	0.01147	0.01081	0.04165	0.01306	0.10908	0.04742	0.03015	0.04304	0.01520	0.03432	0.18004	0.08621	0.24395	0.01096	0.00661	0.00186	0.00485	0.00944	0.00505	0.09481
21	0.01284	0.01101	0.01276	0.00927	0.01459	0.00858	0.00740	0.01643	0.05551	0.02028	0.01171	0.01329	0.00964	0.00476	0.00463	0.00098	0.00455	0.00382	0.00378	0.77416
22	0.05596	0.01704	0.01760	0.01377	0.01845	0.04431	0.01129	0.62009	0.08102	0.03632	0.01503	0.01499	0.01079	0.00732	0.00601	0.00185	0.00666	0.00547	0.00593	0.01008
23	0.01653	0.04017	0.06082	0.08460	0.43758	0.12453	0.04592	0.01997	0.01443	0.06546	0.01228	0.02828	0.01003	0.00601	0.00599	0.00182	0.00789	0.00544	0.00333	0.00891
24	0.10221	0.02504	0.01636	0.01449	0.01797	0.56898	0.01108	0.08002	0.01759	0.07607	0.01094	0.01199	0.00854	0.00643	0.00545	0.00165	0.00962	0.00418	0.00380	0.00758
25	0.01637	0.78856	0.03208	0.01047	0.01571	0.02422	0.01047	0.01833	0.01244	0.01440	0.00851	0.00982	0.00786	0.00524	0.00393	0.00131	0.00655	0.00327	0.00262	0.00786
26	0.07783	0.02559	0.01452	0.01216	0.05837	0.03382	0.00918	0.13244	0.01713	0.25295	0.07182	0.03608	0.01545	0.00709	0.00563	0.00163	0.00535	0.00570	0.00549	0.21177
27	0.00812	0.00600	0.00775	0.00823	0.00911	0.00597	0.00586	0.00957	0.01159	0.01547	0.07508	0.28019	0.15188	0.14093	0.20958	0.00485	0.00724	0.03275	0.00481	0.00501
28	0.01242	0.01008	0.04031	0.06269	0.11432	0.00914	0.02895	0.03029	0.06139	0.09130	0.14646	0.07957	0.20264	0.01045	0.00656	0.00194	0.00485	0.00907	0.03796	0.03961
29	0.04604	0.01513	0.02417	0.04723	0.24189	0.01540	0.19952	0.20577	0.03066	0.09247	0.01385	0.01590	0.01028	0.00615	0.00632	0.00191	0.00763	0.00595	0.00435	0.00938
30	0.05117	0.01077	0.01415	0.01096	0.01562	0.00969	0.00903	0.04917	0.04898	0.67722	0.02344	0.02042	0.01491	0.00754	0.00609	0.00190	0.00522	0.00608	0.00736	0.01027
31	0.00809	0.00578	0.00775	0.00910	0.00973	0.00551	0.00663	0.00956	0.01226	0.01619	0.03352	0.56981	0.05236	0.04185	0.00867	0.00266	0.00413	0.18569	0.00561	0.00510
32	0.03930	0.44922	0.12077	0.01270	0.01767	0.01969	0.05793	0.03832	0.01278	0.01677	0.01169	0.04140	0.02937	0.00668	0.00623	0.00166	0.07967	0.00476	0.00302	0.03037
33	0.01084	0.00574	0.00833	0.00838	0.00882	0.00567	0.00589	0.00940	0.00933	0.04252	0.01632	0.07755	0.04018	0.02135	0.05878	0.60636	0.00571	0.05186	0.00341	0.00357
34	0.00803	0.00636	0.00736	0.00781	0.00934	0.00574	0.00575	0.01019	0.04025	0.01708	0.07038	0.31086	0.36579	0.01624	0.00743	0.00224	0.00357	0.07193	0.00568	0.02799
35	0.01588	0.40550	0.14479	0.01496	0.05687	0.05206	0.05933	0.05744	0.04515	0.01768	0.01037	0.01220	0.00865	0.00607	0.00615	0.00167	0.06960	0.00432	0.00304	0.00826
36	0.00765	0.00604	0.00689	0.00705	0.00862	0.00528	0.00515	0.00944	0.01437	0.01842	0.23165	0.19960	0.42720	0.01547	0.00735	0.00211	0.00314	0.01334	0.00596	0.00528
37	0.02571	0.01247	0.01538	0.01188	0.01660	0.01214	0.00978	0.22961	0.05295	0.51419	0.02147	0.01916	0.01395	0.00754	0.00615	0.00189	0.00563	0.00601	0.00710	0.01038
38	0.04956	0.14609	0.42836	0.03453	0.09480	0.01614	0.06985	0.05722	0.01379	0.01998	0.01084	0.01295	0.00817	0.00573	0.00558	0.00183	0.00824	0.00463	0.00292	0.00878
39	0.02236	0.01083	0.04595	0.01134	0.01569	0.00893	0.04759	0.02519	0.01712	0.53525	0.16627	0.02522	0.02301	0.00835	0.00641	0.00191	0.00519	0.00712	0.00695	0.00932
40	0.00786	0.00575	0.00731	0.00791	0.00879	0.00528	0.00550	0.00950	0.01359	0.01831	0.25432	0.43546	0.13079	0.04960	0.00856	0.00241	0.00340	0.01455	0.00592	0.00519
41	0.01584	0.01348	0.01747	0.06246	0.01789	0.01704	0.01242	0.19960	0.01522	0.04146	0.01342	0.01798	0.03568	0.00979	0.01399	0.00236	0.43385	0.03188	0.02051	0.00766
42	0.11922	0.10834	0.08624	0.01323	0.03693	0.04709	0.05888	0.18736	0.01705	0.07998	0.03364	0.04141	0.04202	0.00908	0.03393	0.00214	0.00684	0.03018	0.03827	0.00817
43	0.01493	0.09689	0.03435	0.01278	0.05068	0.07867	0.03626	0.08471	0.11970	0.02136	0.06104	0.04994	0.01514	0.02524	0.00609	0.00163	0.00591	0.00571	0.00430	0.27468

[dist]
# distance from previous block
# <min> <max>
0	34

# created by:
# /home/cegg/simao/soft/augustus-3.2.1/scripts/msa2prfl.pl ./align_prep/EOG090W0I8N.fa
