[name]
unknown

[dist]
# distance from previous block
# <min> <max>
9	54

[block]
# block no. 0 follows, 32 sequences, length 36
# corresponding to MSA columns:
# 58-93
name=unknown_A
#
# <colnr> <probs for GDERKNQSTAVLIFYWHMCP>
#	G	D	E	R	K	N	Q	S	T	A	V	L	I	F	Y	W	H	M	C	P
0	0.01647	0.06693	0.22325	0.09869	0.13225	0.07115	0.07309	0.08163	0.06820	0.02228	0.01355	0.01655	0.01058	0.02355	0.00759	0.00215	0.03359	0.00573	0.00372	0.02906
1	0.01540	0.08949	0.34627	0.05927	0.04902	0.06120	0.05563	0.09143	0.01683	0.02283	0.07759	0.02024	0.05060	0.00769	0.00654	0.00204	0.00857	0.00628	0.00392	0.00913
2	0.04863	0.02742	0.02048	0.05351	0.07517	0.52953	0.04647	0.08350	0.01916	0.01978	0.01123	0.01331	0.00908	0.00685	0.00621	0.00183	0.01098	0.00482	0.00372	0.00834
3	0.03659	0.19848	0.14188	0.01424	0.02018	0.01679	0.06685	0.07819	0.09338	0.06839	0.01582	0.05777	0.01302	0.00732	0.00593	0.00181	0.00706	0.00596	0.00443	0.14591
4	0.01471	0.01806	0.19216	0.10186	0.16058	0.01382	0.05568	0.08724	0.03196	0.04054	0.08711	0.06327	0.04817	0.01069	0.04242	0.00257	0.00816	0.00764	0.00441	0.00896
5	0.01797	0.23647	0.18068	0.01684	0.04605	0.12906	0.07064	0.07930	0.09329	0.02139	0.01511	0.01638	0.03479	0.00701	0.00600	0.00189	0.00857	0.00544	0.00388	0.00923
6	0.01594	0.01274	0.01474	0.03195	0.05293	0.07169	0.03821	0.09839	0.07516	0.09685	0.17181	0.05087	0.17194	0.01157	0.00781	0.00218	0.02857	0.03238	0.00610	0.00816
7	0.01072	0.00820	0.01205	0.13628	0.05523	0.00923	0.00948	0.01305	0.01158	0.01644	0.01828	0.05194	0.01770	0.19150	0.33807	0.00692	0.01175	0.00779	0.06771	0.00608
8	0.01426	0.10582	0.08316	0.04533	0.07736	0.10027	0.02935	0.06512	0.01608	0.02020	0.06043	0.21708	0.11486	0.01203	0.00704	0.00216	0.00674	0.01025	0.00481	0.00764
9	0.07006	0.06455	0.31819	0.02109	0.15532	0.09628	0.01855	0.06484	0.06853	0.02312	0.02998	0.01581	0.01124	0.00680	0.00622	0.00202	0.00866	0.00536	0.00374	0.00963
10	0.08830	0.01072	0.01292	0.01071	0.01467	0.01014	0.00858	0.06693	0.05738	0.36810	0.10107	0.06886	0.13142	0.01071	0.00693	0.00215	0.00504	0.00882	0.00725	0.00931
11	0.04869	0.01294	0.08000	0.04313	0.04056	0.01152	0.06177	0.03786	0.12744	0.09204	0.17340	0.15453	0.02974	0.01126	0.00754	0.00225	0.02170	0.00987	0.02550	0.00826
12	0.01514	0.01534	0.09094	0.26392	0.07459	0.03404	0.01526	0.11007	0.03923	0.02208	0.01438	0.01913	0.01156	0.04097	0.04355	0.00275	0.08750	0.00612	0.08519	0.00823
13	0.01317	0.04221	0.08172	0.01016	0.01347	0.00904	0.00882	0.01708	0.06719	0.12629	0.16519	0.14928	0.24295	0.01360	0.00746	0.00223	0.00471	0.01159	0.00632	0.00752
14	0.00856	0.00599	0.00775	0.00911	0.00973	0.00560	0.00624	0.00997	0.01316	0.01784	0.03756	0.64560	0.07857	0.01980	0.00829	0.00263	0.00390	0.04349	0.06066	0.00554
15	0.00939	0.00746	0.03025	0.00944	0.01064	0.00653	0.00689	0.03981	0.01422	0.01909	0.07591	0.53709	0.11677	0.01878	0.00877	0.02928	0.00417	0.01626	0.03339	0.00586
16	0.01570	0.04706	0.04579	0.16882	0.20996	0.07113	0.06860	0.04765	0.08070	0.02174	0.08629	0.03905	0.01704	0.00799	0.00752	0.00213	0.04285	0.00697	0.00417	0.00885
17	0.00919	0.00764	0.01037	0.01020	0.01156	0.00753	0.04238	0.01096	0.01408	0.01846	0.10491	0.38029	0.24567	0.01752	0.00947	0.00252	0.07018	0.01521	0.00590	0.00595
18	0.01221	0.00683	0.00797	0.00803	0.00978	0.00630	0.00588	0.01439	0.01462	0.10174	0.05147	0.26415	0.16204	0.01393	0.00684	0.00214	0.00372	0.01200	0.28948	0.00648
19	0.01758	0.22986	0.22092	0.04553	0.02336	0.13430	0.05753	0.08094	0.01604	0.02015	0.01163	0.01412	0.00937	0.00894	0.04443	0.00236	0.04575	0.00496	0.00337	0.00887
20	0.02343	0.06774	0.02067	0.01919	0.08461	0.60086	0.01367	0.02538	0.01798	0.01688	0.01045	0.01256	0.00883	0.00699	0.00676	0.00179	0.04622	0.00451	0.00339	0.00806
21	0.00826	0.00676	0.00729	0.00726	0.00929	0.00579	0.00541	0.01024	0.01594	0.01988	0.20014	0.09534	0.55206	0.01652	0.00796	0.00226	0.00337	0.01398	0.00647	0.00579
22	0.00823	0.00621	0.00762	0.00854	0.00957	0.00559	0.00592	0.00973	0.01411	0.01832	0.10910	0.49679	0.23757	0.01920	0.00832	0.00254	0.00369	0.01704	0.00634	0.00559
23	0.01752	0.11399	0.08131	0.12328	0.26102	0.07834	0.01688	0.07801	0.03349	0.04408	0.01392	0.01860	0.01158	0.00734	0.00708	0.00205	0.04022	0.03808	0.00384	0.00937
24	0.01891	0.12655	0.09388	0.01680	0.02097	0.25079	0.08778	0.08108	0.01643	0.01935	0.01208	0.01622	0.01046	0.06113	0.03857	0.00265	0.10908	0.00552	0.00357	0.00818
25	0.01391	0.01193	0.01391	0.00994	0.01590	0.00894	0.00795	0.01690	0.01391	0.02186	0.01193	0.01391	0.00994	0.00497	0.00497	0.00099	0.00497	0.00398	0.00398	0.80521
26	0.03720	0.11740	0.08813	0.06783	0.06190	0.11376	0.08473	0.06592	0.05343	0.04290	0.01436	0.05875	0.01237	0.00991	0.03697	0.00248	0.11304	0.00639	0.00394	0.00859
27	0.01920	0.28755	0.15667	0.01478	0.02023	0.27310	0.01409	0.04904	0.01646	0.01826	0.01466	0.01592	0.05943	0.00717	0.00566	0.00175	0.00916	0.00495	0.00346	0.00846
28	0.03315	0.05261	0.17300	0.01407	0.05983	0.02972	0.01244	0.05352	0.01494	0.03815	0.04241	0.15901	0.05545	0.01372	0.07116	0.00277	0.00743	0.00845	0.03629	0.12188
29	0.01695	0.15119	0.02744	0.08454	0.45011	0.06920	0.04126	0.02051	0.01514	0.02001	0.01259	0.01728	0.01088	0.00645	0.00631	0.00194	0.00825	0.02700	0.00332	0.00963
30	0.01082	0.00824	0.01005	0.00993	0.01110	0.03618	0.00726	0.03947	0.01281	0.01774	0.07916	0.11806	0.02497	0.18287	0.35453	0.00709	0.01137	0.00933	0.04315	0.00586
31	0.01267	0.01193	0.02013	0.74806	0.04621	0.01491	0.01863	0.01714	0.01342	0.01714	0.01193	0.01789	0.00894	0.00671	0.00671	0.00224	0.00894	0.00596	0.00298	0.00745
32	0.01638	0.01760	0.12451	0.10683	0.12166	0.01641	0.01529	0.11203	0.28130	0.02580	0.02072	0.02153	0.04437	0.00828	0.00734	0.00220	0.03598	0.00679	0.00508	0.00990
33	0.00848	0.00659	0.00757	0.00777	0.00932	0.00584	0.00557	0.01031	0.01528	0.01967	0.21441	0.20850	0.36989	0.06822	0.00986	0.00262	0.00366	0.01442	0.00636	0.00567
34	0.04242	0.01469	0.02282	0.40813	0.21167	0.05122	0.06301	0.03869	0.01465	0.01974	0.01203	0.01686	0.00944	0.00670	0.00731	0.00217	0.04078	0.00593	0.00326	0.00848
35	0.01225	0.00973	0.01343	0.04018	0.10604	0.00979	0.03136	0.10836	0.01604	0.02149	0.05294	0.38111	0.07968	0.07341	0.00989	0.00274	0.00547	0.01343	0.00558	0.00708

[dist]
# distance from previous block
# <min> <max>
3	6

[block]
# block no. 1 follows, 32 sequences, length 22
# corresponding to MSA columns:
# 100-121
name=unknown_B
#
# <colnr> <probs for GDERKNQSTAVLIFYWHMCP>
#	G	D	E	R	K	N	Q	S	T	A	V	L	I	F	Y	W	H	M	C	P
0	0.01716	0.02576	0.30585	0.02322	0.17791	0.12403	0.06058	0.06328	0.06478	0.03551	0.01484	0.01680	0.02628	0.00689	0.00657	0.00205	0.00921	0.00575	0.00375	0.00977
1	0.01608	0.06977	0.16152	0.03383	0.50338	0.01663	0.03943	0.02115	0.03526	0.02155	0.01275	0.01604	0.01036	0.00612	0.00648	0.00200	0.00830	0.00573	0.00330	0.01031
2	0.01005	0.00653	0.00843	0.00911	0.01027	0.00594	0.00638	0.01165	0.01444	0.07474	0.12669	0.52233	0.13100	0.01857	0.00826	0.00254	0.00388	0.01659	0.00654	0.00606
3	0.00837	0.00603	0.00798	0.00948	0.01003	0.00564	0.00654	0.00972	0.01315	0.01740	0.03815	0.67672	0.07198	0.02066	0.00859	0.00273	0.00405	0.07101	0.00622	0.00552
4	0.01828	0.05989	0.01907	0.01738	0.14230	0.01504	0.01191	0.20095	0.09026	0.05346	0.06165	0.01862	0.01520	0.00713	0.00614	0.00171	0.00622	0.00586	0.00519	0.24375
5	0.05468	0.00978	0.01254	0.01098	0.01343	0.01016	0.00866	0.04060	0.01636	0.22976	0.18021	0.14511	0.02990	0.01191	0.00921	0.00226	0.11357	0.00959	0.08325	0.00803
6	0.08116	0.10173	0.09757	0.01434	0.05884	0.09185	0.01198	0.11250	0.03102	0.09542	0.09822	0.03848	0.05477	0.00841	0.00623	0.00190	0.00682	0.00661	0.00507	0.07707
7	0.64850	0.01279	0.01082	0.00942	0.01352	0.01443	0.00772	0.06537	0.01383	0.07262	0.06703	0.01507	0.01255	0.00707	0.00478	0.00207	0.00521	0.00466	0.00483	0.00772
8	0.11428	0.00950	0.01130	0.01019	0.01304	0.00929	0.00808	0.04233	0.01539	0.24572	0.02574	0.03804	0.04289	0.16628	0.01248	0.00316	0.00568	0.14779	0.07110	0.00770
9	0.01508	0.08378	0.09016	0.01440	0.08492	0.01198	0.01162	0.08056	0.01743	0.08739	0.14333	0.03766	0.09164	0.01112	0.00706	0.00217	0.00590	0.12695	0.06869	0.00818
10	0.01538	0.12213	0.44307	0.06161	0.02800	0.01648	0.10153	0.02148	0.01458	0.06684	0.01282	0.01499	0.00933	0.00630	0.00629	0.00201	0.00922	0.00528	0.00332	0.03936
11	0.01044	0.00633	0.00771	0.00819	0.00925	0.00646	0.00590	0.01267	0.01282	0.02009	0.02571	0.25336	0.02584	0.05501	0.15835	0.00405	0.00658	0.01057	0.35482	0.00585
12	0.00854	0.00607	0.00805	0.00951	0.00998	0.00574	0.00654	0.00982	0.01290	0.01715	0.03580	0.64528	0.04249	0.06972	0.01032	0.00301	0.00429	0.08328	0.00608	0.00543
13	0.01267	0.05956	0.05572	0.01969	0.22859	0.01154	0.03043	0.01558	0.03251	0.01891	0.08610	0.13428	0.02443	0.22412	0.01472	0.00338	0.00658	0.00941	0.00438	0.00740
14	0.01667	0.06877	0.26508	0.01466	0.02011	0.01390	0.01519	0.06967	0.01529	0.15051	0.01724	0.06065	0.01398	0.01706	0.15827	0.00394	0.05896	0.00660	0.00448	0.00898
15	0.00968	0.00700	0.00825	0.00863	0.01050	0.00622	0.00663	0.01163	0.01519	0.05450	0.08603	0.20777	0.39320	0.01750	0.00823	0.00249	0.00409	0.13005	0.00638	0.00603
16	0.81159	0.01298	0.00986	0.00882	0.01298	0.01505	0.00727	0.01972	0.01142	0.03010	0.00934	0.01090	0.00727	0.00623	0.00415	0.00208	0.00519	0.00363	0.00415	0.00727
17	0.00974	0.00659	0.00774	0.00774	0.00789	0.00674	0.00460	0.01003	0.00988	0.01332	0.02075	0.04176	0.02346	0.67672	0.12034	0.00703	0.00791	0.00944	0.00401	0.00430
18	0.01325	0.01689	0.15649	0.02108	0.12258	0.01280	0.21756	0.01842	0.03032	0.02334	0.24622	0.02889	0.04433	0.00882	0.00742	0.00215	0.00759	0.00861	0.00472	0.00850
19	0.01292	0.02296	0.37942	0.12256	0.04562	0.01346	0.01852	0.01951	0.06064	0.02071	0.01928	0.05636	0.05981	0.00858	0.00673	0.00215	0.00809	0.04694	0.00380	0.07193
20	0.11657	0.09903	0.04793	0.01385	0.03187	0.09216	0.04294	0.10287	0.11116	0.13630	0.11929	0.02170	0.01972	0.00824	0.00630	0.00200	0.00674	0.00654	0.00561	0.00918
21	0.08478	0.19321	0.13078	0.01687	0.06916	0.16711	0.05512	0.04845	0.04817	0.06213	0.01268	0.01416	0.00992	0.00648	0.00574	0.00181	0.00846	0.00486	0.00386	0.05624

[dist]
# distance from previous block
# <min> <max>
1	4

[block]
# block no. 2 follows, 32 sequences, length 30
# corresponding to MSA columns:
# 126,127,133-160
name=unknown_C
#
# <colnr> <probs for GDERKNQSTAVLIFYWHMCP>
#	G	D	E	R	K	N	Q	S	T	A	V	L	I	F	Y	W	H	M	C	P
0	0.01619	0.07464	0.14046	0.08481	0.02118	0.04229	0.03126	0.13893	0.07605	0.03840	0.08533	0.02311	0.04535	0.03239	0.00821	0.00220	0.04952	0.00683	0.07420	0.00866
1	0.00882	0.00634	0.00817	0.00891	0.00951	0.00629	0.00601	0.00997	0.01187	0.01588	0.03179	0.38612	0.08665	0.21231	0.15448	0.00518	0.00720	0.01409	0.00518	0.00522
2	0.01296	0.01017	0.01209	0.06662	0.01542	0.01088	0.00879	0.08944	0.17942	0.02492	0.23005	0.09450	0.08227	0.09240	0.01034	0.00272	0.00510	0.03804	0.00628	0.00759
3	0.00889	0.00653	0.00895	0.06544	0.01251	0.00652	0.00721	0.01037	0.01277	0.01703	0.05274	0.54786	0.03878	0.10176	0.03887	0.00340	0.00517	0.04399	0.00568	0.00553
4	0.07583	0.01383	0.01422	0.01062	0.01623	0.06767	0.00846	0.04045	0.01471	0.02273	0.01174	0.01361	0.00968	0.00532	0.00505	0.00117	0.00563	0.00405	0.00404	0.65497
5	0.12441	0.03570	0.03775	0.04734	0.08661	0.03422	0.07708	0.14212	0.05259	0.06142	0.03835	0.06941	0.01513	0.03295	0.00845	0.00225	0.06124	0.00693	0.00482	0.06124
6	0.01823	0.16840	0.18224	0.01608	0.02132	0.21174	0.04064	0.06089	0.06681	0.02008	0.01519	0.01832	0.03644	0.00791	0.00728	0.00200	0.06169	0.03224	0.00380	0.00871
7	0.08100	0.01279	0.03796	0.01247	0.01675	0.01219	0.03836	0.10410	0.12462	0.27497	0.13791	0.05456	0.04335	0.00967	0.00689	0.00214	0.00562	0.00810	0.00691	0.00962
8	0.01987	0.03968	0.01727	0.01329	0.01788	0.03751	0.01075	0.36110	0.12269	0.03308	0.10091	0.04282	0.01947	0.00870	0.00657	0.00191	0.00626	0.00694	0.00617	0.12714
9	0.00827	0.00604	0.00781	0.00918	0.00985	0.00558	0.00631	0.00959	0.01326	0.01739	0.04060	0.64458	0.12442	0.02042	0.00852	0.00269	0.00394	0.04979	0.00623	0.00551
10	0.01927	0.04683	0.14253	0.04019	0.04523	0.01632	0.06736	0.26982	0.06288	0.08032	0.03976	0.05879	0.01511	0.00825	0.00669	0.00205	0.00741	0.00690	0.02923	0.03506
11	0.04478	0.01674	0.02309	0.10115	0.36083	0.10281	0.05621	0.06648	0.01656	0.02244	0.06310	0.03785	0.01469	0.00746	0.00730	0.00207	0.03669	0.00659	0.00392	0.00924
12	0.00841	0.00625	0.00784	0.00863	0.00966	0.00568	0.00602	0.01012	0.01467	0.01945	0.19095	0.46540	0.18511	0.01862	0.00830	0.00250	0.00364	0.01658	0.00648	0.00568
13	0.01448	0.04805	0.09747	0.24774	0.20631	0.01566	0.18362	0.01921	0.01472	0.02006	0.03610	0.04021	0.01243	0.00685	0.00695	0.00215	0.00896	0.00683	0.00339	0.00883
14	0.04169	0.04306	0.11602	0.09075	0.11473	0.04349	0.05687	0.10378	0.03404	0.06438	0.02009	0.05190	0.06605	0.03473	0.03567	0.00264	0.03432	0.03255	0.00450	0.00873
15	0.01132	0.00711	0.00925	0.00926	0.01076	0.00693	0.00677	0.01310	0.01344	0.09648	0.06624	0.24111	0.14291	0.09820	0.20443	0.00502	0.00795	0.01208	0.03142	0.00623
16	0.01473	0.01451	0.04482	0.31435	0.14908	0.01555	0.13220	0.06696	0.01509	0.02067	0.01312	0.01804	0.01036	0.00974	0.05595	0.00277	0.05922	0.00636	0.02802	0.00847
17	0.01831	0.26719	0.09519	0.10907	0.09299	0.08693	0.06737	0.06590	0.01594	0.07169	0.01283	0.01575	0.01034	0.03515	0.00695	0.00203	0.00840	0.00528	0.00372	0.00897
18	0.01626	0.01309	0.10527	0.03355	0.01651	0.03725	0.03059	0.04077	0.01587	0.19199	0.07508	0.22634	0.02693	0.06685	0.00926	0.00259	0.00609	0.03399	0.04376	0.00795
19	0.00811	0.00610	0.00752	0.00865	0.00955	0.00551	0.00592	0.00942	0.01351	0.01740	0.04543	0.57032	0.22842	0.01992	0.00839	0.00260	0.00376	0.01774	0.00623	0.00551
20	0.01996	0.01760	0.07506	0.03912	0.04570	0.09091	0.06209	0.24237	0.02080	0.10833	0.02057	0.07710	0.05506	0.01042	0.02897	0.00237	0.03248	0.00749	0.03429	0.00931
21	0.04654	0.02151	0.19850	0.12438	0.08902	0.10103	0.05836	0.09218	0.08260	0.06910	0.04175	0.01796	0.01288	0.00724	0.00658	0.00209	0.00855	0.00600	0.00435	0.00940
22	0.04310	0.01372	0.04759	0.30182	0.17405	0.01401	0.06411	0.05876	0.01479	0.02049	0.01595	0.02090	0.05062	0.04373	0.00877	0.03593	0.00793	0.00651	0.00363	0.05358
23	0.01339	0.01285	0.01912	0.22052	0.11996	0.06215	0.10525	0.03409	0.01516	0.01962	0.04126	0.15402	0.09501	0.01060	0.00730	0.00225	0.00745	0.02420	0.02821	0.00758
24	0.05133	0.05001	0.20675	0.01763	0.06786	0.14150	0.04402	0.10392	0.07111	0.05852	0.06302	0.01864	0.01457	0.02715	0.00770	0.00216	0.03443	0.00601	0.00445	0.00922
25	0.01520	0.04890	0.04697	0.01431	0.04169	0.03215	0.09503	0.09854	0.07751	0.06291	0.04912	0.13613	0.06815	0.11964	0.01165	0.02842	0.00665	0.00941	0.00518	0.03244
26	0.01467	0.01289	0.04918	0.01856	0.19503	0.05941	0.01188	0.04153	0.03947	0.04307	0.08548	0.02718	0.04734	0.01447	0.07609	0.09703	0.00745	0.04054	0.11100	0.00771
27	0.01331	0.01269	0.06834	0.04772	0.17731	0.01156	0.01255	0.07473	0.05783	0.02213	0.04292	0.16787	0.07274	0.01537	0.08025	0.00308	0.00732	0.04101	0.03802	0.03326
28	0.10672	0.01882	0.03597	0.05016	0.04310	0.20759	0.06199	0.07621	0.12895	0.02347	0.04650	0.02223	0.08621	0.00831	0.00641	0.00199	0.00780	0.00661	0.00475	0.05622
29	0.08465	0.01556	0.04031	0.03592	0.09143	0.04440	0.06451	0.14174	0.10930	0.05215	0.05519	0.02018	0.01533	0.00747	0.00633	0.00189	0.00677	0.02443	0.00506	0.17739

[dist]
# distance from previous block
# <min> <max>
1	80

[block]
# block no. 3 follows, 32 sequences, length 23
# corresponding to MSA columns:
# 243-265
name=unknown_D
#
# <colnr> <probs for GDERKNQSTAVLIFYWHMCP>
#	G	D	E	R	K	N	Q	S	T	A	V	L	I	F	Y	W	H	M	C	P
0	0.01583	0.01554	0.06339	0.07597	0.15238	0.06934	0.08649	0.09071	0.04287	0.04830	0.04297	0.12162	0.05325	0.05639	0.00876	0.00241	0.00749	0.00862	0.00469	0.03298
1	0.09651	0.01435	0.08917	0.04264	0.09512	0.04182	0.04971	0.05945	0.04113	0.02283	0.09975	0.07139	0.08426	0.07167	0.03226	0.00274	0.00690	0.01905	0.02561	0.03364
2	0.01545	0.06917	0.06040	0.03827	0.06813	0.07656	0.01130	0.13862	0.04380	0.02338	0.05984	0.18638	0.06006	0.01277	0.03814	0.00244	0.00699	0.00926	0.00509	0.07395
3	0.01396	0.01316	0.06179	0.06436	0.06251	0.02327	0.05960	0.05562	0.12824	0.04086	0.09690	0.08684	0.07585	0.01278	0.05234	0.00266	0.00693	0.03723	0.02258	0.08249
4	0.03196	0.01450	0.07046	0.05349	0.10087	0.01396	0.05168	0.06723	0.20566	0.03944	0.07032	0.02343	0.01830	0.04681	0.07286	0.00306	0.02767	0.00704	0.02195	0.05931
5	0.01647	0.04302	0.14246	0.07005	0.08362	0.09382	0.05820	0.08367	0.11499	0.03847	0.07690	0.05448	0.01870	0.00875	0.00684	0.00211	0.00777	0.04042	0.00476	0.03449
6	0.02165	0.05229	0.02103	0.09026	0.13394	0.41030	0.01454	0.09176	0.01851	0.02010	0.01141	0.01386	0.00931	0.00691	0.00669	0.00185	0.03389	0.00493	0.00370	0.03307
7	0.07441	0.03534	0.03709	0.06805	0.11230	0.06631	0.03632	0.13973	0.05029	0.10593	0.01801	0.05818	0.03616	0.00790	0.00634	0.00192	0.00699	0.00653	0.00502	0.12718
8	0.01034	0.00782	0.00821	0.00836	0.00867	0.04597	0.00511	0.01074	0.01078	0.01396	0.02277	0.14908	0.02613	0.57137	0.06808	0.00592	0.00705	0.01072	0.00433	0.00458
9	0.00902	0.00656	0.00852	0.04877	0.01129	0.00649	0.00654	0.01023	0.01224	0.01614	0.03249	0.41443	0.07980	0.22649	0.04300	0.00404	0.00550	0.04785	0.00535	0.00525
10	0.01709	0.01998	0.11022	0.07716	0.14246	0.11051	0.29169	0.02168	0.01583	0.06177	0.01478	0.05858	0.01207	0.00705	0.00717	0.00215	0.00980	0.00720	0.00374	0.00906
11	0.01592	0.01862	0.13341	0.19913	0.13649	0.03948	0.16472	0.09819	0.04270	0.02322	0.05163	0.01878	0.01304	0.00695	0.00696	0.00214	0.00894	0.00658	0.00392	0.00918
12	0.00819	0.00655	0.00733	0.00767	0.00936	0.00569	0.00555	0.00994	0.01512	0.01897	0.14177	0.24511	0.45989	0.01764	0.00809	0.00237	0.00350	0.01519	0.00638	0.00569
13	0.01200	0.01956	0.29463	0.01508	0.02055	0.01183	0.10129	0.01747	0.05854	0.01993	0.05195	0.07168	0.14225	0.12066	0.01113	0.00285	0.00755	0.00890	0.00430	0.00785
14	0.04081	0.04216	0.03823	0.03982	0.03648	0.03657	0.07538	0.14657	0.04888	0.02321	0.01955	0.11281	0.01887	0.05718	0.08621	0.00348	0.08547	0.07556	0.00479	0.00798
15	0.01381	0.01358	0.04816	0.08327	0.01880	0.10469	0.04671	0.01694	0.04344	0.04078	0.04386	0.13916	0.02057	0.02013	0.15574	0.04891	0.08203	0.04809	0.00436	0.00697
16	0.01470	0.00967	0.01080	0.00952	0.01126	0.01015	0.00668	0.17702	0.01591	0.05204	0.02009	0.03339	0.01978	0.43172	0.05825	0.00491	0.00688	0.00822	0.09253	0.00648
17	0.01778	0.22259	0.06345	0.08669	0.04249	0.14914	0.06794	0.06633	0.01527	0.01866	0.01138	0.01549	0.00993	0.04963	0.01012	0.00226	0.13391	0.00533	0.00338	0.00824
18	0.04892	0.11103	0.02055	0.12050	0.04881	0.12681	0.05253	0.13902	0.01828	0.11101	0.03890	0.06453	0.01505	0.04585	0.00781	0.00222	0.00787	0.00676	0.00483	0.00871
19	0.01221	0.00752	0.00978	0.00900	0.01113	0.00683	0.00697	0.01516	0.01847	0.11993	0.52568	0.04930	0.11419	0.01358	0.00784	0.00218	0.00371	0.05222	0.00733	0.00695
20	0.00938	0.00700	0.00957	0.05595	0.01334	0.00679	0.00825	0.01136	0.01370	0.01814	0.03509	0.47694	0.06283	0.01867	0.00846	0.00270	0.00484	0.19213	0.00592	0.03893
21	0.01462	0.04317	0.07781	0.13926	0.10721	0.01456	0.24871	0.01889	0.01497	0.05276	0.05904	0.04722	0.05883	0.03218	0.00872	0.00235	0.03937	0.00793	0.00399	0.00841
22	0.00991	0.00762	0.01123	0.01105	0.01212	0.00906	0.00858	0.01214	0.01070	0.01549	0.01755	0.02645	0.01663	0.08099	0.66058	0.01010	0.06302	0.00723	0.00358	0.00599

[dist]
# distance from previous block
# <min> <max>
0	1

[block]
# block no. 4 follows, 32 sequences, length 37
# corresponding to MSA columns:
# 267-303
name=unknown_E
#
# <colnr> <probs for GDERKNQSTAVLIFYWHMCP>
#	G	D	E	R	K	N	Q	S	T	A	V	L	I	F	Y	W	H	M	C	P
0	0.01456	0.12322	0.61221	0.01802	0.02722	0.01716	0.02262	0.05244	0.01490	0.02156	0.01190	0.01384	0.00865	0.00638	0.00614	0.00204	0.00947	0.00484	0.00302	0.00983
1	0.01923	0.56592	0.03083	0.01364	0.03991	0.16482	0.01202	0.02214	0.04689	0.01667	0.01047	0.01187	0.00923	0.00613	0.00484	0.00155	0.00808	0.00399	0.00318	0.00860
2	0.01531	0.04554	0.27542	0.04339	0.12635	0.03459	0.06077	0.05173	0.03735	0.04419	0.07141	0.03540	0.01525	0.00764	0.00731	0.00206	0.04446	0.00637	0.01956	0.05590
3	0.01708	0.14895	0.18632	0.04970	0.04438	0.03975	0.06532	0.10963	0.04245	0.08119	0.01936	0.10244	0.04717	0.00887	0.00656	0.00207	0.00768	0.00742	0.00458	0.00911
4	0.00907	0.00665	0.00881	0.01067	0.04267	0.00638	0.00684	0.01097	0.03510	0.01782	0.03502	0.62070	0.05788	0.05569	0.00951	0.00281	0.00421	0.01703	0.03636	0.00582
5	0.01365	0.01444	0.02976	0.02342	0.06134	0.01358	0.46416	0.01792	0.01494	0.02025	0.02032	0.23320	0.02012	0.01013	0.00804	0.00238	0.00900	0.01106	0.00421	0.00808
6	0.01964	0.04496	0.19462	0.04628	0.19161	0.07014	0.06803	0.07985	0.03948	0.15686	0.01564	0.01705	0.01133	0.00685	0.00659	0.00204	0.00845	0.00588	0.00453	0.01017
7	0.01764	0.01547	0.06989	0.09160	0.25363	0.01450	0.05741	0.12348	0.03692	0.09996	0.02025	0.04276	0.04745	0.00873	0.00708	0.00219	0.00752	0.06900	0.00487	0.00963
8	0.21026	0.01133	0.01341	0.01084	0.01529	0.01088	0.00885	0.02730	0.04087	0.45399	0.10742	0.02346	0.02028	0.00851	0.00629	0.00209	0.00526	0.00671	0.00717	0.00979
9	0.01328	0.01218	0.01998	0.37900	0.24067	0.01366	0.01691	0.01756	0.03648	0.01906	0.01712	0.12132	0.01600	0.00906	0.00706	0.00227	0.00772	0.03869	0.00380	0.00817
10	0.01957	0.03523	0.13677	0.07723	0.13057	0.05990	0.05917	0.14855	0.06960	0.12127	0.01611	0.01759	0.01180	0.00732	0.00710	0.00208	0.03336	0.00602	0.03082	0.00994
11	0.00916	0.00667	0.00862	0.00930	0.01017	0.00665	0.00666	0.01089	0.01359	0.01873	0.11355	0.42393	0.10407	0.04282	0.06594	0.00329	0.03904	0.03748	0.06369	0.00574
12	0.00847	0.00679	0.00759	0.00759	0.00954	0.00591	0.00571	0.01059	0.01615	0.02050	0.24021	0.10158	0.47865	0.01640	0.00801	0.00228	0.00347	0.03818	0.00654	0.00585
13	0.01384	0.01193	0.01429	0.05492	0.01775	0.00931	0.00860	0.01691	0.01388	0.02158	0.01193	0.01416	0.00988	0.00508	0.00508	0.00107	0.00521	0.00410	0.00391	0.75659
14	0.00937	0.00987	0.08543	0.00973	0.01209	0.00739	0.00815	0.01275	0.05461	0.02009	0.15408	0.31512	0.24341	0.01638	0.00794	0.00240	0.00435	0.01431	0.00609	0.00643
15	0.03981	0.17901	0.17975	0.03751	0.04001	0.01528	0.01324	0.02112	0.11084	0.06499	0.14115	0.02502	0.06551	0.00864	0.00629	0.00197	0.00647	0.00696	0.00483	0.03161
16	0.06424	0.11695	0.27225	0.04679	0.10694	0.01663	0.05235	0.04051	0.10607	0.04294	0.03726	0.01706	0.01251	0.00687	0.00619	0.00201	0.00792	0.00564	0.00398	0.03489
17	0.00826	0.00597	0.00767	0.00898	0.00951	0.00554	0.00598	0.00940	0.01286	0.01694	0.03871	0.64986	0.10358	0.07009	0.01021	0.00294	0.00402	0.01801	0.00608	0.00538
18	0.01572	0.02389	0.31152	0.04442	0.11702	0.05105	0.09144	0.05459	0.14113	0.02275	0.01513	0.01727	0.01143	0.00764	0.00758	0.03922	0.00875	0.00597	0.00390	0.00961
19	0.01270	0.01079	0.05601	0.01296	0.04184	0.00919	0.06826	0.03071	0.06004	0.08605	0.03816	0.23178	0.20907	0.01445	0.00779	0.00240	0.00544	0.07158	0.02341	0.00738
20	0.02121	0.01578	0.02070	0.09968	0.21721	0.10723	0.04802	0.04629	0.03784	0.23541	0.01872	0.02266	0.01434	0.00794	0.00687	0.00211	0.00786	0.05509	0.00524	0.00979
21	0.02720	0.01212	0.01556	0.01224	0.01711	0.01133	0.01000	0.08454	0.09931	0.55883	0.05962	0.02390	0.01893	0.00864	0.00681	0.00210	0.00567	0.00705	0.00797	0.01108
22	0.01315	0.01291	0.07843	0.01590	0.06802	0.01112	0.09181	0.10124	0.01741	0.02326	0.08468	0.11102	0.12549	0.01338	0.00799	0.00247	0.00655	0.20193	0.00553	0.00769
23	0.01639	0.05992	0.32048	0.11517	0.11860	0.11067	0.06124	0.05886	0.03742	0.02131	0.01255	0.01522	0.00949	0.00654	0.00644	0.00205	0.00951	0.00539	0.00337	0.00940
24	0.01846	0.01952	0.02289	0.20095	0.26342	0.21112	0.04839	0.06358	0.04883	0.02079	0.01278	0.01612	0.01017	0.00666	0.00657	0.00201	0.00932	0.00569	0.00365	0.00907
25	0.00916	0.00658	0.00881	0.01002	0.01091	0.00633	0.00751	0.01105	0.01397	0.01857	0.09125	0.42390	0.06411	0.05472	0.03349	0.00320	0.00506	0.20952	0.00612	0.00569
26	0.01231	0.01143	0.01836	0.59734	0.03932	0.01405	0.01655	0.01673	0.03587	0.01752	0.01764	0.06192	0.06188	0.00853	0.00761	0.00230	0.04249	0.00731	0.00351	0.00731
27	0.01776	0.08471	0.15258	0.09973	0.07488	0.10608	0.08557	0.07852	0.06258	0.07678	0.01584	0.05714	0.01283	0.00927	0.03448	0.00239	0.00899	0.00651	0.00425	0.00912
28	0.00908	0.00729	0.00907	0.00900	0.01049	0.00699	0.02263	0.01063	0.01391	0.01774	0.08478	0.19839	0.35169	0.08175	0.03840	0.02900	0.04486	0.04298	0.00566	0.00564
29	0.01570	0.01780	0.03838	0.05091	0.03488	0.01701	0.65514	0.02119	0.01559	0.02119	0.01337	0.01799	0.01010	0.00588	0.00832	0.00228	0.03416	0.00779	0.00337	0.00895
30	0.01464	0.03809	0.13768	0.19149	0.31359	0.03806	0.01847	0.01951	0.04102	0.02012	0.01530	0.09367	0.01366	0.00791	0.00674	0.00213	0.00809	0.00711	0.00359	0.00911
31	0.01529	0.08237	0.16747	0.09123	0.07683	0.05866	0.04864	0.07161	0.01577	0.04202	0.01952	0.10726	0.04829	0.00975	0.00768	0.00220	0.05045	0.04633	0.03024	0.00840
32	0.01032	0.00828	0.01019	0.01057	0.04378	0.00813	0.00753	0.05520	0.01630	0.02143	0.19215	0.16120	0.30657	0.01716	0.04219	0.00272	0.04126	0.03245	0.00609	0.00648
33	0.01748	0.01562	0.05665	0.03363	0.53521	0.01460	0.01823	0.04303	0.01610	0.09571	0.03107	0.06315	0.01439	0.00739	0.00679	0.00206	0.00745	0.00695	0.00419	0.01029
34	0.05586	0.01487	0.05803	0.01774	0.13035	0.04084	0.03565	0.13529	0.07018	0.16626	0.04483	0.12570	0.04027	0.01003	0.00698	0.00218	0.00658	0.02306	0.00585	0.00945
35	0.28294	0.01784	0.09483	0.04179	0.12163	0.09607	0.01292	0.08023	0.03788	0.06231	0.04555	0.01652	0.01240	0.00903	0.03943	0.00244	0.00774	0.00533	0.00441	0.00870
36	0.04110	0.06657	0.19085	0.04896	0.11410	0.07198	0.15681	0.04336	0.07229	0.02214	0.03777	0.05185	0.01388	0.00742	0.00667	0.00209	0.00861	0.00673	0.02774	0.00908

[dist]
# distance from previous block
# <min> <max>
4	16

[block]
# block no. 5 follows, 32 sequences, length 24
# corresponding to MSA columns:
# 320-324,326-344
name=unknown_F
#
# <colnr> <probs for GDERKNQSTAVLIFYWHMCP>
#	G	D	E	R	K	N	Q	S	T	A	V	L	I	F	Y	W	H	M	C	P
0	0.01096	0.03022	0.01142	0.01036	0.03941	0.00792	0.00758	0.01336	0.01485	0.02055	0.13691	0.15564	0.16823	0.03417	0.00783	0.00208	0.00453	0.06707	0.00544	0.25148
1	0.10233	0.09281	0.01684	0.01213	0.01618	0.03890	0.00997	0.28088	0.06364	0.02990	0.04785	0.02003	0.01498	0.01001	0.02539	0.05056	0.00654	0.02526	0.08763	0.04817
2	0.01084	0.00835	0.03523	0.00937	0.01132	0.00723	0.00740	0.03419	0.01500	0.05605	0.09731	0.18855	0.22692	0.10835	0.02957	0.00315	0.00510	0.10916	0.03068	0.00622
3	0.01492	0.14841	0.16401	0.16075	0.09466	0.01691	0.16152	0.03850	0.01508	0.02036	0.03975	0.01832	0.03384	0.00674	0.00650	0.00200	0.00865	0.00619	0.00346	0.03943
4	0.01637	0.55418	0.14702	0.01261	0.01864	0.02262	0.01330	0.02002	0.03666	0.01737	0.01439	0.01702	0.04702	0.00702	0.00510	0.00168	0.00733	0.02970	0.00329	0.00865
5	0.01180	0.00696	0.00905	0.00951	0.01079	0.00642	0.00676	0.01326	0.01392	0.12169	0.05277	0.45366	0.08306	0.10666	0.01132	0.00306	0.00458	0.06217	0.00630	0.00625
6	0.00858	0.00619	0.00775	0.00877	0.00942	0.00579	0.00591	0.00976	0.01295	0.01702	0.06308	0.49409	0.12574	0.14883	0.01292	0.00331	0.00435	0.04433	0.00589	0.00530
7	0.00832	0.00594	0.00786	0.00921	0.00967	0.00555	0.00616	0.00960	0.01319	0.01770	0.08571	0.68430	0.04507	0.04565	0.00938	0.00281	0.00393	0.01826	0.00624	0.00547
8	0.05055	0.01238	0.11599	0.03448	0.01593	0.00950	0.01102	0.04693	0.01676	0.07255	0.21591	0.09896	0.08168	0.01339	0.00772	0.00241	0.00561	0.17486	0.00600	0.00737
9	0.01370	0.03311	0.66927	0.01922	0.02872	0.01569	0.04993	0.02194	0.04708	0.02158	0.01282	0.01483	0.00913	0.00648	0.00646	0.00214	0.00975	0.00520	0.00304	0.00992
10	0.00831	0.00592	0.00782	0.00921	0.00963	0.00554	0.00613	0.00951	0.01298	0.01737	0.06671	0.69431	0.04428	0.05577	0.00974	0.00288	0.00398	0.01833	0.00618	0.00542
11	0.01120	0.00772	0.00961	0.00997	0.01155	0.00763	0.00746	0.01549	0.10456	0.05631	0.16035	0.33729	0.06625	0.01623	0.00796	0.00248	0.00427	0.10169	0.05524	0.00673
12	0.13595	0.03466	0.01773	0.06778	0.07090	0.10937	0.01217	0.14813	0.01821	0.15039	0.04175	0.04574	0.01398	0.00852	0.00810	0.00214	0.09406	0.00623	0.00516	0.00904
13	0.01166	0.00583	0.00874	0.00874	0.00874	0.00583	0.00583	0.00874	0.00874	0.01166	0.01166	0.02040	0.01166	0.02331	0.02622	0.80478	0.00583	0.00583	0.00291	0.00291
14	0.00976	0.00651	0.00732	0.00732	0.00732	0.00651	0.00407	0.00976	0.00976	0.01301	0.02114	0.04391	0.02439	0.76419	0.03415	0.00651	0.00651	0.00976	0.00407	0.00407
15	0.01739	0.01756	0.02607	0.06444	0.62056	0.09509	0.01968	0.02115	0.01562	0.02114	0.01235	0.01616	0.01035	0.00611	0.00658	0.00197	0.00846	0.00580	0.00332	0.01020
16	0.04989	0.02364	0.15669	0.01573	0.02012	0.27663	0.01417	0.02430	0.08749	0.08786	0.01468	0.01666	0.01148	0.01243	0.08941	0.00303	0.07758	0.00545	0.00415	0.00859
17	0.01644	0.21666	0.22396	0.07242	0.21323	0.01895	0.05326	0.07144	0.01567	0.02133	0.01187	0.01454	0.00944	0.00622	0.00604	0.00192	0.00850	0.00518	0.00330	0.00967
18	0.00975	0.00654	0.00750	0.00750	0.00756	0.00660	0.00429	0.00987	0.00981	0.01314	0.02098	0.04300	0.02400	0.72712	0.07068	0.00673	0.00710	0.00962	0.00404	0.00417
19	0.00976	0.00651	0.00732	0.00732	0.00732	0.00651	0.00407	0.00976	0.00976	0.01301	0.02114	0.04391	0.02439	0.76419	0.03415	0.00651	0.00651	0.00976	0.00407	0.00407
20	0.01817	0.01728	0.08825	0.06406	0.13900	0.01668	0.05438	0.18118	0.24121	0.04824	0.04823	0.02070	0.01601	0.00791	0.00683	0.00214	0.00716	0.00680	0.00547	0.01029
21	0.01166	0.00583	0.00874	0.00874	0.00874	0.00583	0.00583	0.00874	0.00874	0.01166	0.01166	0.02040	0.01166	0.02331	0.02622	0.80478	0.00583	0.00583	0.00291	0.00291
22	0.00938	0.00687	0.00871	0.00836	0.00995	0.00632	0.00627	0.01221	0.01795	0.02488	0.57653	0.05271	0.13962	0.04996	0.00922	0.00238	0.00349	0.04199	0.00704	0.00614
23	0.02078	0.43326	0.02765	0.01394	0.01866	0.31487	0.01204	0.02355	0.04889	0.01663	0.01061	0.01198	0.00919	0.00638	0.00513	0.00159	0.00909	0.00408	0.00330	0.00837

[dist]
# distance from previous block
# <min> <max>
0	1

[block]
# block no. 6 follows, 32 sequences, length 10
# corresponding to MSA columns:
# 346-355
name=unknown_G
#
# <colnr> <probs for GDERKNQSTAVLIFYWHMCP>
#	G	D	E	R	K	N	Q	S	T	A	V	L	I	F	Y	W	H	M	C	P
0	0.01237	0.01028	0.01223	0.00991	0.01438	0.00813	0.00789	0.01507	0.01413	0.02081	0.02273	0.10227	0.08236	0.00949	0.00617	0.00156	0.00488	0.09537	0.00470	0.54526
1	0.03861	0.01459	0.07297	0.04148	0.14848	0.01228	0.04829	0.04007	0.01519	0.10389	0.01736	0.04490	0.04637	0.00737	0.00696	0.00178	0.04376	0.00619	0.00443	0.28503
2	0.01251	0.00625	0.00625	0.00625	0.00782	0.00625	0.00469	0.01563	0.01407	0.02502	0.02189	0.02502	0.01720	0.00782	0.00469	0.00156	0.00313	0.00625	0.80144	0.00625
3	0.01787	0.04434	0.12209	0.08024	0.09501	0.04051	0.06850	0.12443	0.16160	0.06297	0.01649	0.01785	0.01238	0.00728	0.00703	0.00204	0.03201	0.00606	0.00476	0.07656
4	0.03733	0.01095	0.01476	0.01559	0.11819	0.02938	0.04672	0.05478	0.04117	0.04615	0.22408	0.06062	0.13067	0.03839	0.04671	0.00280	0.02628	0.04221	0.00566	0.00759
5	0.01251	0.00625	0.00625	0.00625	0.00782	0.00625	0.00469	0.01563	0.01407	0.02502	0.02189	0.02502	0.01720	0.00782	0.00469	0.00156	0.00313	0.00625	0.80144	0.00625
6	0.36962	0.03214	0.01481	0.03232	0.06380	0.01464	0.04396	0.11716	0.03545	0.02776	0.01515	0.04419	0.01319	0.03404	0.03264	0.00257	0.00655	0.04457	0.04744	0.00799
7	0.28979	0.01702	0.06032	0.01319	0.01777	0.07245	0.04490	0.19787	0.06905	0.05448	0.04859	0.01798	0.01358	0.04682	0.00732	0.00229	0.00690	0.00574	0.00514	0.00882
8	0.01652	0.10634	0.27173	0.01730	0.08644	0.06265	0.01627	0.07606	0.05658	0.04668	0.01629	0.01755	0.04714	0.00700	0.00608	0.00184	0.00787	0.00549	0.00401	0.13016
9	0.01451	0.06440	0.11780	0.01370	0.07083	0.01307	0.01130	0.02339	0.23760	0.02469	0.05808	0.02319	0.01838	0.00805	0.00592	0.00193	0.00546	0.00661	0.27240	0.00869

[dist]
# distance from previous block
# <min> <max>
6	11

[block]
# block no. 7 follows, 32 sequences, length 10
# corresponding to MSA columns:
# 369-378
name=unknown_H
#
# <colnr> <probs for GDERKNQSTAVLIFYWHMCP>
#	G	D	E	R	K	N	Q	S	T	A	V	L	I	F	Y	W	H	M	C	P
0	0.01508	0.16307	0.10603	0.06874	0.01945	0.08534	0.03747	0.01974	0.08131	0.04894	0.09916	0.09180	0.04397	0.05182	0.00817	0.00232	0.00710	0.03786	0.00469	0.00793
1	0.04760	0.05717	0.14923	0.07741	0.04163	0.01342	0.01297	0.05974	0.11932	0.04124	0.03810	0.10427	0.03770	0.00883	0.00637	0.00196	0.00645	0.00734	0.00472	0.16453
2	0.17315	0.13060	0.14148	0.06301	0.06234	0.05232	0.09431	0.04972	0.01418	0.02168	0.01229	0.01658	0.01033	0.06083	0.04966	0.00282	0.02745	0.00546	0.00354	0.00825
3	0.10263	0.13430	0.01650	0.01106	0.01506	0.01507	0.00919	0.12715	0.14583	0.11713	0.07176	0.02317	0.04935	0.00849	0.00592	0.00193	0.00540	0.00660	0.12445	0.00898
4	0.01614	0.11055	0.03944	0.01151	0.01512	0.01422	0.00974	0.21582	0.01977	0.02757	0.15504	0.06614	0.04440	0.01148	0.03729	0.00229	0.03591	0.00779	0.10716	0.05262
5	0.01330	0.01261	0.02120	0.62840	0.09051	0.01517	0.04810	0.01857	0.05129	0.01825	0.01288	0.01820	0.00974	0.00674	0.00676	0.00222	0.00879	0.00614	0.00323	0.00791
6	0.01061	0.00777	0.00913	0.00854	0.01074	0.00726	0.00649	0.01476	0.08390	0.05647	0.39903	0.05137	0.28041	0.01414	0.00776	0.00218	0.00357	0.01214	0.00698	0.00675
7	0.01346	0.03471	0.72942	0.01912	0.02904	0.01558	0.02479	0.02125	0.01417	0.02125	0.01204	0.01417	0.00850	0.00637	0.00637	0.00212	0.00992	0.00496	0.00283	0.00992
8	0.01031	0.00789	0.01114	0.01156	0.05295	0.00738	0.03835	0.01285	0.01587	0.04284	0.26447	0.19056	0.18650	0.01767	0.05802	0.00292	0.00527	0.05076	0.00620	0.00651
9	0.04220	0.01079	0.01434	0.01303	0.01412	0.01360	0.01033	0.03894	0.05942	0.01782	0.01544	0.02326	0.01460	0.10944	0.31249	0.00641	0.26632	0.00688	0.00377	0.00680

[dist]
# distance from previous block
# <min> <max>
0	15

[block]
# block no. 8 follows, 32 sequences, length 49
# corresponding to MSA columns:
# 394-430,454-461,470-473
name=unknown_I
#
# <colnr> <probs for GDERKNQSTAVLIFYWHMCP>
#	G	D	E	R	K	N	Q	S	T	A	V	L	I	F	Y	W	H	M	C	P
0	0.02140	0.02417	0.01688	0.01515	0.01865	0.43929	0.01153	0.09757	0.13969	0.02139	0.02064	0.04195	0.08545	0.00887	0.00652	0.00194	0.00928	0.00652	0.00475	0.00837
1	0.01871	0.62784	0.03224	0.01254	0.01771	0.09673	0.01185	0.04242	0.01455	0.01672	0.00962	0.01129	0.00872	0.00627	0.00557	0.00157	0.05018	0.00387	0.00306	0.00855
2	0.01209	0.00943	0.01116	0.00914	0.01303	0.00755	0.00705	0.01463	0.01505	0.05042	0.13742	0.12092	0.15141	0.01064	0.00649	0.00166	0.00430	0.00908	0.00538	0.40316
3	0.01694	0.02080	0.24602	0.11838	0.06461	0.07737	0.01637	0.05451	0.05810	0.11717	0.01867	0.07912	0.03461	0.00910	0.00747	0.03223	0.00805	0.00701	0.00449	0.00899
4	0.01541	0.01388	0.04436	0.02330	0.27174	0.01255	0.08254	0.04025	0.03600	0.06255	0.02203	0.02634	0.09664	0.03544	0.00772	0.00211	0.00686	0.03698	0.02538	0.13791
5	0.00823	0.00588	0.00784	0.00930	0.00975	0.00549	0.00623	0.00949	0.01312	0.01757	0.06742	0.72813	0.04522	0.02070	0.00854	0.00270	0.00386	0.01877	0.00628	0.00549
6	0.00817	0.00587	0.00775	0.00925	0.00971	0.00546	0.00619	0.00935	0.01294	0.01717	0.03812	0.73422	0.06923	0.02087	0.00854	0.00271	0.00387	0.01889	0.00623	0.00546
7	0.01478	0.04716	0.15321	0.11058	0.07862	0.01379	0.02881	0.04042	0.10522	0.07316	0.13737	0.02561	0.04882	0.01108	0.04538	0.00261	0.04238	0.00741	0.00488	0.00873
8	0.01735	0.01495	0.01547	0.01376	0.01729	0.04843	0.01072	0.12252	0.49428	0.02800	0.02537	0.09581	0.02070	0.01013	0.00746	0.00228	0.03071	0.00831	0.00647	0.00998
9	0.01267	0.01193	0.02013	0.74806	0.04621	0.01491	0.01863	0.01714	0.01342	0.01714	0.01193	0.01789	0.00894	0.00671	0.00671	0.00224	0.00894	0.00596	0.00298	0.00745
10	0.01548	0.01435	0.02159	0.28802	0.26288	0.04872	0.04170	0.06329	0.03729	0.02143	0.01526	0.02230	0.01283	0.00760	0.00682	0.00216	0.00815	0.06018	0.04118	0.00878
11	0.81159	0.01298	0.00986	0.00882	0.01298	0.01505	0.00727	0.01972	0.01142	0.03010	0.00934	0.01090	0.00727	0.00623	0.00415	0.00208	0.00519	0.00363	0.00415	0.00727
12	0.01267	0.01193	0.02013	0.74806	0.04621	0.01491	0.01863	0.01714	0.01342	0.01714	0.01193	0.01789	0.00894	0.00671	0.00671	0.00224	0.00894	0.00596	0.00298	0.00745
13	0.01251	0.00625	0.00625	0.00625	0.00782	0.00625	0.00469	0.01563	0.01407	0.02502	0.02189	0.02502	0.01720	0.00782	0.00469	0.00156	0.00313	0.00625	0.80144	0.00625
14	0.81159	0.01298	0.00986	0.00882	0.01298	0.01505	0.00727	0.01972	0.01142	0.03010	0.00934	0.01090	0.00727	0.00623	0.00415	0.00208	0.00519	0.00363	0.00415	0.00727
15	0.01346	0.03471	0.72942	0.01912	0.02904	0.01558	0.02479	0.02125	0.01417	0.02125	0.01204	0.01417	0.00850	0.00637	0.00637	0.00212	0.00992	0.00496	0.00283	0.00992
16	0.01258	0.00668	0.00950	0.00919	0.00968	0.00680	0.00634	0.03720	0.01022	0.03833	0.01339	0.02214	0.01295	0.06745	0.07947	0.63781	0.00685	0.00620	0.00337	0.00385
17	0.06619	0.01135	0.01510	0.01168	0.01671	0.01000	0.00963	0.03147	0.01883	0.67267	0.04700	0.02312	0.01761	0.00837	0.00666	0.00208	0.00561	0.00677	0.00808	0.01107
18	0.02379	0.02867	0.01881	0.05119	0.02166	0.59457	0.01302	0.07119	0.07887	0.01915	0.01227	0.01374	0.00985	0.00717	0.00619	0.00182	0.01106	0.00479	0.00394	0.00825
19	0.01242	0.00762	0.00835	0.00803	0.00986	0.00777	0.00604	0.04210	0.08322	0.02578	0.17594	0.08499	0.02943	0.01023	0.00597	0.00186	0.00356	0.00862	0.46139	0.00683
20	0.00976	0.00651	0.00732	0.00732	0.00732	0.00651	0.00407	0.00976	0.00976	0.01301	0.02114	0.04391	0.02439	0.76419	0.03415	0.00651	0.00651	0.00976	0.00407	0.00407
21	0.01792	0.01369	0.01487	0.01321	0.01702	0.01539	0.01040	0.05593	0.56459	0.09764	0.02698	0.02657	0.02040	0.00932	0.00683	0.00225	0.00537	0.03449	0.03672	0.01038
22	0.00939	0.00658	0.00815	0.00888	0.00938	0.00640	0.00578	0.03550	0.01280	0.01714	0.05913	0.47072	0.03745	0.26108	0.01676	0.00390	0.00484	0.01528	0.00559	0.00526
23	0.00879	0.00649	0.00775	0.00849	0.00945	0.00603	0.00592	0.01005	0.01309	0.01676	0.04172	0.31264	0.22883	0.19830	0.01462	0.00355	0.00465	0.09190	0.00570	0.00526
24	0.01251	0.00625	0.00625	0.00625	0.00782	0.00625	0.00469	0.01563	0.01407	0.02502	0.02189	0.02502	0.01720	0.00782	0.00469	0.00156	0.00313	0.00625	0.80144	0.00625
25	0.01245	0.01141	0.01898	0.68334	0.04295	0.01411	0.01749	0.01672	0.01342	0.01746	0.01351	0.05304	0.01094	0.00743	0.00671	0.00223	0.00847	0.00659	0.03544	0.00731
26	0.02283	0.01287	0.01480	0.01202	0.01626	0.01328	0.00971	0.20798	0.14677	0.27298	0.02291	0.02189	0.01604	0.00828	0.00633	0.00199	0.00555	0.00661	0.17069	0.01021
27	0.00859	0.00610	0.00804	0.00929	0.00982	0.00576	0.00635	0.00996	0.01328	0.01782	0.09442	0.59439	0.04396	0.08277	0.01071	0.00301	0.00420	0.05992	0.00614	0.00546
28	0.56387	0.09517	0.03526	0.01330	0.08801	0.03801	0.01000	0.05047	0.01326	0.02762	0.01009	0.01184	0.00802	0.00626	0.00466	0.00199	0.00613	0.00404	0.00399	0.00803
29	0.01006	0.00688	0.01008	0.01014	0.01101	0.00769	0.00760	0.01122	0.01048	0.01476	0.01771	0.02871	0.01731	0.10525	0.50486	0.16862	0.01407	0.03471	0.00361	0.00522
30	0.01749	0.69413	0.10529	0.01225	0.01842	0.02544	0.01283	0.02021	0.01369	0.01634	0.00960	0.01111	0.00860	0.00580	0.00451	0.00150	0.00745	0.00373	0.00287	0.00874
31	0.02658	0.01293	0.01603	0.01265	0.01754	0.01258	0.01033	0.14041	0.12874	0.48406	0.04807	0.02300	0.01793	0.00857	0.00679	0.00210	0.00583	0.00694	0.00779	0.01112
32	0.01267	0.01193	0.02013	0.74806	0.04621	0.01491	0.01863	0.01714	0.01342	0.01714	0.01193	0.01789	0.00894	0.00671	0.00671	0.00224	0.00894	0.00596	0.00298	0.00745
33	0.00952	0.00731	0.01029	0.01036	0.01124	0.00762	0.03520	0.01106	0.01210	0.01660	0.02936	0.36132	0.07068	0.13791	0.16487	0.00491	0.05119	0.01328	0.02954	0.00565
34	0.00922	0.00685	0.00858	0.00815	0.00985	0.00621	0.00611	0.01212	0.01833	0.02534	0.60253	0.05270	0.18055	0.01430	0.00792	0.00214	0.00321	0.01250	0.00718	0.00621
35	0.01108	0.00831	0.01103	0.01052	0.01135	0.00950	0.00789	0.01248	0.01176	0.03525	0.05852	0.07754	0.08065	0.20836	0.20214	0.03466	0.14431	0.03220	0.02667	0.00577
36	0.01913	0.55984	0.03024	0.01203	0.01754	0.02398	0.01135	0.15838	0.01731	0.02176	0.01129	0.01252	0.00957	0.00627	0.00483	0.00154	0.00698	0.00421	0.03525	0.03598
37	0.01402	0.02065	0.27500	0.03953	0.11776	0.01475	0.01700	0.02251	0.17802	0.02265	0.08373	0.04623	0.01837	0.01015	0.03436	0.00254	0.06198	0.00705	0.00443	0.00929
38	0.13080	0.01363	0.01346	0.01218	0.01547	0.03736	0.00930	0.05226	0.45295	0.02621	0.02320	0.04263	0.01900	0.11048	0.01013	0.00280	0.00570	0.00743	0.00595	0.00907
