[name]
unknown

[dist]
# distance from previous block
# <min> <max>
0	112

[block]
# block no. 0 follows, 34 sequences, length 14
# corresponding to MSA columns:
# 113-126
name=unknown_A
#
# <colnr> <probs for GDERKNQSTAVLIFYWHMCP>
#	G	D	E	R	K	N	Q	S	T	A	V	L	I	F	Y	W	H	M	C	P
0	0.05368	0.04403	0.01389	0.01143	0.01441	0.09944	0.03309	0.07137	0.01708	0.10404	0.21635	0.03508	0.02960	0.07295	0.00898	0.00238	0.00600	0.10880	0.00562	0.05178
1	0.08293	0.01217	0.01484	0.01187	0.01596	0.01217	0.04388	0.13633	0.10238	0.14062	0.17399	0.02406	0.02313	0.00843	0.00671	0.00187	0.02609	0.00694	0.00594	0.14968
2	0.06688	0.01411	0.02035	0.01579	0.02018	0.07469	0.22667	0.02033	0.08980	0.06205	0.15659	0.04841	0.02207	0.00801	0.00667	0.00192	0.00698	0.00758	0.00486	0.12606
3	0.01562	0.01442	0.06694	0.02377	0.32743	0.01308	0.01439	0.05961	0.09689	0.06728	0.11368	0.02275	0.04208	0.00764	0.00646	0.00189	0.00629	0.00679	0.00472	0.08829
4	0.02034	0.36572	0.07298	0.01368	0.01864	0.26028	0.01231	0.05859	0.04141	0.06467	0.01152	0.01252	0.00935	0.00633	0.00519	0.00162	0.00850	0.00423	0.00362	0.00850
5	0.00893	0.00660	0.00834	0.00790	0.00952	0.00601	0.00593	0.01178	0.01778	0.02470	0.63447	0.05025	0.15646	0.01366	0.00762	0.00205	0.00308	0.01196	0.00695	0.00601
6	0.02162	0.01717	0.01618	0.01343	0.01769	0.15070	0.01066	0.22762	0.19129	0.15109	0.02198	0.02101	0.06121	0.00829	0.00639	0.00194	0.00684	0.00643	0.00604	0.04245
7	0.07478	0.12908	0.04043	0.01403	0.03529	0.06411	0.04948	0.13437	0.18337	0.13521	0.06157	0.01925	0.01588	0.00762	0.00606	0.00193	0.00656	0.00608	0.00548	0.00942
8	0.00927	0.00678	0.00967	0.00967	0.01057	0.00769	0.00718	0.01108	0.01017	0.01447	0.01796	0.02901	0.01773	0.20407	0.59386	0.00950	0.01494	0.00745	0.00356	0.00537
9	0.00787	0.00562	0.00750	0.00900	0.00937	0.00525	0.00600	0.00900	0.01237	0.01649	0.03561	0.76871	0.04274	0.02024	0.00825	0.00262	0.00375	0.01837	0.00600	0.00525
10	0.02377	0.01619	0.01890	0.04554	0.04083	0.06368	0.05029	0.33088	0.08457	0.23010	0.01849	0.01801	0.01279	0.00760	0.00650	0.00198	0.00707	0.00612	0.00628	0.01039
11	0.01926	0.02035	0.19630	0.02062	0.14907	0.06114	0.08112	0.11857	0.08913	0.15535	0.01631	0.01714	0.01170	0.00687	0.00646	0.00200	0.00795	0.00589	0.00477	0.00999
12	0.01629	0.01730	0.02922	0.07288	0.38689	0.08390	0.25697	0.02050	0.01513	0.02022	0.01223	0.01615	0.00982	0.00577	0.00677	0.00200	0.00921	0.00625	0.00322	0.00929
13	0.01549	0.01676	0.03431	0.03122	0.25808	0.01602	0.48790	0.02042	0.01508	0.02083	0.01278	0.01697	0.00994	0.00555	0.00723	0.00210	0.00986	0.00703	0.00325	0.00920

[dist]
# distance from previous block
# <min> <max>
2	5

[block]
# block no. 1 follows, 34 sequences, length 17
# corresponding to MSA columns:
# 132-148
name=unknown_B
#
# <colnr> <probs for GDERKNQSTAVLIFYWHMCP>
#	G	D	E	R	K	N	Q	S	T	A	V	L	I	F	Y	W	H	M	C	P
0	0.01917	0.27674	0.06684	0.01287	0.01817	0.16575	0.01150	0.11482	0.01689	0.05731	0.01161	0.01276	0.00932	0.00607	0.00518	0.00150	0.00754	0.00423	0.00387	0.17786
1	0.01585	0.01499	0.02508	0.10489	0.55015	0.01512	0.05550	0.05308	0.01525	0.02160	0.01226	0.01600	0.01005	0.00585	0.00637	0.00190	0.00773	0.00574	0.00337	0.05920
2	0.01524	0.22896	0.50111	0.01598	0.02414	0.01742	0.01946	0.02095	0.01385	0.06976	0.01189	0.01336	0.00877	0.00611	0.00564	0.00187	0.00856	0.00455	0.00311	0.00932
3	0.00793	0.00576	0.00749	0.00875	0.00934	0.00532	0.00592	0.00922	0.01292	0.01715	0.08062	0.66742	0.09934	0.01950	0.00816	0.00255	0.00367	0.01758	0.00607	0.00532
4	0.07763	0.01106	0.01438	0.01122	0.01602	0.00992	0.00923	0.03013	0.04269	0.64578	0.02568	0.02255	0.03704	0.00815	0.00638	0.00201	0.00539	0.00655	0.00764	0.01055
5	0.02481	0.05614	0.08607	0.01291	0.01819	0.04181	0.01148	0.11125	0.08956	0.44672	0.02155	0.01960	0.01430	0.00768	0.00631	0.00197	0.00636	0.00608	0.00670	0.01050
6	0.01387	0.19592	0.52773	0.01717	0.05100	0.01700	0.02018	0.01986	0.01375	0.01954	0.03973	0.01439	0.01040	0.00627	0.00577	0.00189	0.00864	0.00480	0.00293	0.00916
7	0.01122	0.00561	0.00842	0.00842	0.00842	0.00561	0.00561	0.00842	0.00842	0.01122	0.01122	0.01964	0.01122	0.02245	0.02525	0.81201	0.00561	0.00561	0.00281	0.00281
8	0.05580	0.01275	0.05222	0.01204	0.01672	0.01139	0.01020	0.06430	0.13920	0.46868	0.02437	0.06766	0.01728	0.00870	0.00650	0.00207	0.00560	0.00713	0.00712	0.01027
9	0.01495	0.01611	0.13989	0.02052	0.12917	0.01266	0.20263	0.02024	0.06091	0.09977	0.12145	0.09321	0.02150	0.00863	0.00706	0.00212	0.00741	0.00834	0.00472	0.00872
10	0.00800	0.00594	0.00742	0.00854	0.00936	0.00544	0.00591	0.00930	0.01291	0.01671	0.04152	0.55342	0.19170	0.04573	0.00901	0.00267	0.00385	0.05136	0.00592	0.00528
11	0.01343	0.11484	0.66217	0.01761	0.02672	0.01616	0.02247	0.02034	0.01359	0.01989	0.01131	0.01328	0.00820	0.00607	0.00592	0.00197	0.00926	0.00463	0.00273	0.00941
12	0.01407	0.10744	0.62525	0.01757	0.02634	0.06050	0.02190	0.02068	0.01387	0.01966	0.01124	0.01319	0.00820	0.00611	0.00592	0.00196	0.00941	0.00461	0.00277	0.00930
13	0.00802	0.00576	0.00780	0.00914	0.00960	0.00555	0.00622	0.00927	0.01216	0.01634	0.03368	0.69010	0.03992	0.02323	0.08640	0.00344	0.00518	0.01716	0.00573	0.00530
14	0.01094	0.00944	0.01366	0.01268	0.01343	0.01216	0.01019	0.01294	0.01021	0.01519	0.01423	0.02147	0.01348	0.03552	0.49443	0.00775	0.27635	0.00648	0.00324	0.00622
15	0.04414	0.02723	0.01803	0.01728	0.06254	0.59371	0.01243	0.04202	0.07004	0.01796	0.01274	0.01409	0.02634	0.00700	0.00592	0.00175	0.01044	0.00474	0.00372	0.00788
16	0.01517	0.02028	0.22060	0.03387	0.54058	0.01526	0.02093	0.02000	0.01442	0.02093	0.01200	0.01535	0.00968	0.00586	0.00633	0.00195	0.00819	0.00549	0.00307	0.01005

[dist]
# distance from previous block
# <min> <max>
0	12

[block]
# block no. 2 follows, 34 sequences, length 39
# corresponding to MSA columns:
# 161-199
name=unknown_C
#
# <colnr> <probs for GDERKNQSTAVLIFYWHMCP>
#	G	D	E	R	K	N	Q	S	T	A	V	L	I	F	Y	W	H	M	C	P
0	0.01552	0.01488	0.02538	0.12819	0.64774	0.01523	0.01960	0.01942	0.01449	0.02054	0.01207	0.01614	0.01003	0.00584	0.00640	0.00195	0.00779	0.00576	0.00316	0.00986
1	0.00787	0.00562	0.00750	0.00900	0.00937	0.00525	0.00600	0.00900	0.01237	0.01649	0.03561	0.76871	0.04274	0.02024	0.00825	0.00262	0.00375	0.01837	0.00600	0.00525
2	0.01094	0.00580	0.00870	0.00870	0.00886	0.00596	0.00596	0.00886	0.00870	0.01176	0.01208	0.02045	0.01192	0.02613	0.12747	0.69853	0.00727	0.00580	0.00290	0.00323
3	0.01756	0.01984	0.01928	0.01685	0.01799	0.26871	0.01357	0.01906	0.01278	0.01564	0.00900	0.01329	0.00843	0.00972	0.01594	0.00243	0.50456	0.00514	0.00300	0.00721
4	0.01447	0.02290	0.27819	0.02422	0.03178	0.01588	0.47458	0.02062	0.01470	0.02062	0.01257	0.01613	0.00925	0.00568	0.00712	0.00213	0.01043	0.00665	0.00308	0.00900
5	0.00787	0.00562	0.00750	0.00900	0.00937	0.00525	0.00600	0.00900	0.01237	0.01649	0.03561	0.76871	0.04274	0.02024	0.00825	0.00262	0.00375	0.01837	0.00600	0.00525
6	0.01607	0.01388	0.01461	0.01315	0.01680	0.01607	0.01023	0.03433	0.72094	0.02703	0.02630	0.02411	0.01972	0.00877	0.00657	0.00219	0.00511	0.00731	0.00657	0.01023
7	0.00779	0.00594	0.00717	0.00816	0.00915	0.00532	0.00563	0.00909	0.01318	0.01682	0.04583	0.52686	0.27799	0.01892	0.00804	0.00247	0.00359	0.01675	0.00600	0.00532
8	0.01553	0.01475	0.02505	0.03766	0.68328	0.01474	0.01904	0.01924	0.01464	0.02089	0.01371	0.04300	0.01226	0.00666	0.00655	0.00198	0.00748	0.03022	0.00339	0.00992
9	0.00795	0.00572	0.00755	0.00887	0.00937	0.00531	0.00597	0.00923	0.01285	0.01718	0.08480	0.69812	0.06384	0.01964	0.00819	0.00257	0.00369	0.01777	0.00608	0.00531
10	0.03745	0.10223	0.20281	0.01370	0.01820	0.07741	0.03091	0.04292	0.06071	0.04182	0.07548	0.16096	0.02167	0.01044	0.00711	0.00213	0.03289	0.04872	0.00453	0.00790
11	0.04080	0.01627	0.09350	0.06282	0.04446	0.03375	0.01253	0.10838	0.37208	0.08976	0.04279	0.02111	0.01671	0.00805	0.00643	0.00209	0.00627	0.00658	0.00578	0.00982
12	0.00940	0.00626	0.00705	0.00705	0.00705	0.00626	0.00392	0.00940	0.00940	0.01253	0.02036	0.04228	0.02349	0.77292	0.03289	0.00626	0.00626	0.00940	0.00392	0.00392
13	0.00901	0.00660	0.00844	0.00798	0.00957	0.00604	0.00599	0.01192	0.01796	0.02513	0.66791	0.04955	0.12276	0.01350	0.00762	0.00205	0.00307	0.01187	0.00701	0.00604
14	0.01521	0.01573	0.06395	0.14228	0.57013	0.01534	0.01959	0.01924	0.01423	0.02022	0.01190	0.01598	0.00983	0.00606	0.00688	0.00199	0.03297	0.00570	0.00311	0.00965
15	0.01867	0.02039	0.02003	0.01946	0.10582	0.27185	0.01411	0.07553	0.01505	0.01834	0.01002	0.01361	0.00884	0.00873	0.01287	0.00224	0.34800	0.00516	0.00334	0.00792
16	0.01398	0.03770	0.12239	0.01100	0.01728	0.01011	0.01024	0.01751	0.01360	0.04537	0.01191	0.01364	0.00955	0.00512	0.00503	0.00117	0.00558	0.00405	0.00378	0.64100
17	0.02182	0.01632	0.08409	0.01593	0.07711	0.03990	0.01275	0.21823	0.08571	0.24228	0.03523	0.03970	0.01477	0.00828	0.00746	0.00206	0.05583	0.00648	0.00598	0.01008
18	0.00818	0.00594	0.00778	0.00915	0.00983	0.00555	0.00646	0.00958	0.01290	0.01694	0.03812	0.61628	0.10388	0.01959	0.00828	0.00263	0.00399	0.10357	0.00599	0.00536
19	0.01568	0.01723	0.03740	0.02674	0.03323	0.01612	0.68716	0.02104	0.01535	0.04321	0.01346	0.01757	0.01000	0.00553	0.00759	0.00217	0.01072	0.00759	0.00342	0.00879
20	0.01759	0.13089	0.06873	0.04508	0.31289	0.11937	0.08714	0.07131	0.04802	0.02099	0.01231	0.01493	0.00996	0.00614	0.00611	0.00186	0.00843	0.00540	0.00351	0.00935
21	0.49581	0.04383	0.26036	0.01220	0.01813	0.03547	0.01305	0.01970	0.01217	0.02528	0.00991	0.01160	0.00748	0.00605	0.00479	0.00199	0.00680	0.00395	0.00351	0.00792
22	0.01654	0.43355	0.15558	0.01422	0.02022	0.03631	0.07053	0.04389	0.11598	0.01911	0.01250	0.01369	0.01013	0.00619	0.00524	0.00171	0.00755	0.00467	0.00348	0.00890
23	0.02137	0.02017	0.08959	0.01604	0.05646	0.24779	0.05383	0.06136	0.04142	0.21243	0.07618	0.02041	0.03829	0.00782	0.00644	0.00191	0.00811	0.00625	0.00518	0.00895
24	0.00793	0.00566	0.00754	0.00896	0.00938	0.00528	0.00600	0.00913	0.01262	0.01689	0.06454	0.73865	0.04350	0.01995	0.00822	0.00260	0.00372	0.01809	0.00604	0.00528
25	0.00821	0.00644	0.00749	0.00793	0.00953	0.00572	0.00595	0.01008	0.01469	0.01860	0.14553	0.22298	0.40295	0.01699	0.00792	0.00235	0.00366	0.09129	0.00615	0.00555
26	0.01569	0.04535	0.14265	0.02417	0.05907	0.01619	0.46538	0.02133	0.03544	0.05787	0.01351	0.01684	0.01008	0.00604	0.00770	0.00214	0.04126	0.00682	0.00349	0.00899
27	0.00787	0.00562	0.00750	0.00900	0.00937	0.00525	0.00600	0.00900	0.01237	0.01649	0.03561	0.76871	0.04274	0.02024	0.00825	0.00262	0.00375	0.01837	0.00600	0.00525
28	0.00924	0.00689	0.01022	0.01022	0.01132	0.00799	0.00788	0.01143	0.01034	0.01488	0.01745	0.02620	0.01651	0.08345	0.71281	0.01019	0.01677	0.00704	0.00348	0.00568
29	0.01848	0.02108	0.03812	0.01744	0.03426	0.30506	0.13657	0.06377	0.09690	0.02070	0.08775	0.01959	0.03223	0.00800	0.00779	0.00199	0.07149	0.00640	0.00426	0.00810
30	0.02366	0.02951	0.01881	0.01796	0.06240	0.68241	0.01292	0.04525	0.01845	0.01685	0.01028	0.01202	0.00851	0.00664	0.00588	0.00169	0.01128	0.00430	0.00341	0.00776
31	0.00940	0.00626	0.00705	0.00705	0.00705	0.00626	0.00392	0.00940	0.00940	0.01253	0.02036	0.04228	0.02349	0.77292	0.03289	0.00626	0.00626	0.00940	0.00392	0.00392
32	0.00771	0.00624	0.00686	0.00736	0.00894	0.00539	0.00527	0.00918	0.01394	0.01714	0.05554	0.29685	0.50172	0.01765	0.00784	0.00233	0.00343	0.01521	0.00600	0.00539
33	0.02010	0.01557	0.02540	0.01887	0.02424	0.01557	0.29978	0.22590	0.05194	0.15278	0.01698	0.01849	0.01215	0.00856	0.03752	0.00240	0.00860	0.00680	0.02869	0.00965
34	0.04472	0.01295	0.01410	0.01231	0.01581	0.01451	0.00969	0.13953	0.41454	0.05288	0.12570	0.02575	0.02351	0.01149	0.05072	0.00260	0.00587	0.00752	0.00641	0.00940
35	0.00929	0.00628	0.00702	0.00702	0.00715	0.00622	0.00397	0.00939	0.00971	0.01282	0.02304	0.04347	0.06555	0.72788	0.03138	0.00602	0.00609	0.00965	0.00404	0.00401
36	0.01296	0.03342	0.73944	0.01842	0.02797	0.01501	0.02387	0.02046	0.01364	0.02046	0.01160	0.01364	0.00818	0.00614	0.00614	0.00205	0.00955	0.00477	0.00273	0.00955
37	0.02085	0.02329	0.01672	0.01517	0.01856	0.43452	0.01171	0.08453	0.18975	0.02099	0.01682	0.02108	0.01418	0.00837	0.00637	0.00195	0.00911	0.07307	0.00464	0.00830
38	0.01584	0.01519	0.02594	0.06932	0.70418	0.01531	0.01975	0.01969	0.01464	0.02092	0.01213	0.01604	0.01017	0.00579	0.00640	0.00193	0.00771	0.00576	0.00318	0.01011

[dist]
# distance from previous block
# <min> <max>
0	5

[block]
# block no. 3 follows, 34 sequences, length 34
# corresponding to MSA columns:
# 205-238
name=unknown_D
#
# <colnr> <probs for GDERKNQSTAVLIFYWHMCP>
#	G	D	E	R	K	N	Q	S	T	A	V	L	I	F	Y	W	H	M	C	P
0	0.00765	0.00649	0.00661	0.00670	0.00877	0.00544	0.00498	0.00925	0.01457	0.01739	0.06352	0.10807	0.68536	0.01662	0.00768	0.00221	0.00330	0.01394	0.00600	0.00544
1	0.02414	0.03079	0.01831	0.01665	0.01998	0.74698	0.01248	0.02580	0.01831	0.01581	0.00999	0.01165	0.00832	0.00666	0.00583	0.00166	0.01165	0.00416	0.00333	0.00749
2	0.01340	0.01148	0.01340	0.00957	0.01531	0.00861	0.00766	0.01627	0.01340	0.02105	0.01148	0.01340	0.00957	0.00479	0.00479	0.00096	0.00479	0.00383	0.00383	0.81242
3	0.00831	0.00599	0.00818	0.00921	0.00975	0.00602	0.00637	0.00965	0.01167	0.01585	0.03002	0.53445	0.03482	0.07902	0.19317	0.00480	0.00728	0.01491	0.00523	0.00529
4	0.27663	0.01536	0.01566	0.01239	0.01717	0.01686	0.01023	0.40001	0.02263	0.13115	0.01480	0.01480	0.01040	0.00723	0.00569	0.00197	0.00622	0.00518	0.00589	0.00973
5	0.00787	0.00562	0.00750	0.00900	0.00937	0.00525	0.00600	0.00900	0.01237	0.01649	0.03561	0.76871	0.04274	0.02024	0.00825	0.00262	0.00375	0.01837	0.00600	0.00525
6	0.00897	0.00660	0.00839	0.00794	0.00954	0.00602	0.00596	0.01185	0.01787	0.02491	0.65035	0.04992	0.14045	0.01358	0.00762	0.00205	0.00307	0.01192	0.00698	0.00602
7	0.01328	0.03116	0.64043	0.01966	0.02878	0.01519	0.12062	0.02050	0.01387	0.02050	0.01180	0.01418	0.00841	0.00604	0.00635	0.00206	0.00974	0.00518	0.00280	0.00943
8	0.00764	0.00655	0.00655	0.00655	0.00873	0.00545	0.00491	0.00927	0.01473	0.01745	0.06546	0.06218	0.73000	0.01636	0.00764	0.00218	0.00327	0.01364	0.00600	0.00545
9	0.00936	0.00660	0.00842	0.00891	0.01006	0.00620	0.00637	0.03584	0.01510	0.03609	0.23524	0.44373	0.10016	0.01714	0.00794	0.00239	0.00373	0.03450	0.00638	0.00586
10	0.02318	0.01606	0.13662	0.01322	0.01869	0.01275	0.01228	0.15837	0.07654	0.38263	0.06529	0.02117	0.01684	0.00803	0.00651	0.00201	0.00630	0.00647	0.00665	0.01038
11	0.01140	0.00989	0.01259	0.01138	0.01225	0.03196	0.00890	0.01344	0.01377	0.01977	0.29795	0.04882	0.05343	0.08249	0.04572	0.00303	0.27183	0.00892	0.03622	0.00623
12	0.00880	0.00659	0.00816	0.00777	0.00944	0.00595	0.00583	0.01153	0.01748	0.02398	0.57784	0.05144	0.21354	0.01393	0.00762	0.00207	0.00310	0.01213	0.00686	0.00595
13	0.00899	0.00696	0.00824	0.00792	0.00974	0.00642	0.00593	0.01236	0.05700	0.02280	0.44154	0.07957	0.28016	0.01428	0.00759	0.00211	0.00327	0.01234	0.00667	0.00609
14	0.03912	0.10260	0.21874	0.01743	0.04699	0.01595	0.14911	0.13055	0.03313	0.04316	0.05497	0.01678	0.01270	0.00658	0.00619	0.00187	0.00789	0.00576	0.00408	0.08641
15	0.01553	0.01722	0.02985	0.02335	0.05443	0.07926	0.40138	0.01934	0.01380	0.01864	0.01158	0.01618	0.00951	0.00856	0.03388	0.00256	0.22702	0.00667	0.00315	0.00811
16	0.00895	0.00654	0.00793	0.00808	0.00899	0.00653	0.00562	0.01012	0.01139	0.01489	0.03209	0.06752	0.19587	0.34754	0.18776	0.00587	0.00796	0.05691	0.00452	0.00490
17	0.04235	0.01612	0.05597	0.06680	0.12369	0.01628	0.06983	0.24743	0.16543	0.06459	0.03874	0.01867	0.01393	0.00740	0.00649	0.00202	0.00699	0.00631	0.00531	0.02568
18	0.01770	0.63434	0.05883	0.01193	0.01723	0.11208	0.01158	0.01996	0.01393	0.01580	0.03062	0.01178	0.00986	0.00592	0.00453	0.00146	0.00747	0.00384	0.00296	0.00818
19	0.01513	0.01405	0.02252	0.05724	0.52216	0.01349	0.01655	0.01857	0.01417	0.02066	0.01195	0.01554	0.01005	0.00602	0.00654	0.02401	0.00698	0.00531	0.00332	0.19574
20	0.01549	0.01551	0.02843	0.09800	0.51012	0.01550	0.18121	0.01975	0.01469	0.02062	0.01231	0.01643	0.01000	0.00574	0.00669	0.00200	0.00851	0.00619	0.00319	0.00962
21	0.06618	0.09252	0.60957	0.01693	0.02564	0.01566	0.02124	0.02065	0.01359	0.04469	0.01168	0.01345	0.00838	0.00614	0.00585	0.00199	0.00890	0.00464	0.00299	0.00933
22	0.02899	0.01100	0.01499	0.01150	0.01649	0.00950	0.00950	0.03149	0.01849	0.73709	0.02549	0.02199	0.01599	0.00800	0.00650	0.00200	0.00550	0.00650	0.00800	0.01100
23	0.00809	0.00649	0.00723	0.00721	0.00905	0.00562	0.00534	0.01009	0.01556	0.01982	0.25489	0.11742	0.47888	0.01578	0.00768	0.00218	0.00325	0.01347	0.00632	0.00562
24	0.01997	0.06038	0.11774	0.01932	0.14100	0.06546	0.06867	0.08313	0.13933	0.19272	0.01772	0.01796	0.01276	0.00705	0.00635	0.00198	0.00740	0.00598	0.00512	0.00997
25	0.00940	0.00626	0.00705	0.00705	0.00705	0.00626	0.00392	0.00940	0.00940	0.01253	0.02036	0.04228	0.02349	0.77292	0.03289	0.00626	0.00626	0.00940	0.00392	0.00392
26	0.00802	0.00580	0.00762	0.00902	0.00959	0.00540	0.00621	0.00930	0.01270	0.01674	0.03757	0.67490	0.08966	0.01982	0.00825	0.00262	0.00386	0.06161	0.00599	0.00531
27	0.01403	0.09937	0.56073	0.01921	0.07231	0.03521	0.04595	0.02092	0.03706	0.02012	0.01188	0.01392	0.00877	0.00613	0.00603	0.00198	0.00914	0.00488	0.00292	0.00942
28	0.01662	0.01679	0.07163	0.03387	0.55062	0.01587	0.04320	0.08922	0.05655	0.02333	0.01329	0.01631	0.01070	0.00614	0.00644	0.00195	0.00771	0.00585	0.00369	0.01021
29	0.01107	0.00865	0.00991	0.00988	0.01199	0.00883	0.00753	0.01766	0.21745	0.03773	0.10534	0.21482	0.20815	0.01476	0.00759	0.00236	0.00424	0.08870	0.00631	0.00702
30	0.01400	0.02712	0.48830	0.02546	0.25135	0.01516	0.04728	0.02027	0.01404	0.02068	0.01183	0.01452	0.00889	0.00599	0.00627	0.00201	0.00900	0.00519	0.00290	0.00974
31	0.06552	0.18712	0.08351	0.01174	0.01650	0.01564	0.01062	0.10410	0.13982	0.04370	0.05675	0.06764	0.04203	0.00818	0.00576	0.00179	0.00585	0.00646	0.00481	0.12246
32	0.01578	0.01513	0.02584	0.08065	0.69332	0.01530	0.01972	0.01964	0.01461	0.02085	0.01212	0.01606	0.01014	0.00580	0.00640	0.00193	0.00773	0.00576	0.00318	0.01006
33	0.00906	0.00660	0.00852	0.00804	0.00960	0.00606	0.00603	0.01203	0.01808	0.02542	0.69100	0.04907	0.09948	0.01339	0.00762	0.00204	0.00306	0.01180	0.00705	0.00606

[dist]
# distance from previous block
# <min> <max>
0	1

[block]
# block no. 4 follows, 34 sequences, length 75
# corresponding to MSA columns:
# 240-264,331-380
name=unknown_E
#
# <colnr> <probs for GDERKNQSTAVLIFYWHMCP>
#	G	D	E	R	K	N	Q	S	T	A	V	L	I	F	Y	W	H	M	C	P
0	0.01613	0.01598	0.04460	0.03786	0.66333	0.01552	0.05031	0.03973	0.01516	0.02164	0.01228	0.01598	0.01019	0.00581	0.00645	0.00193	0.00785	0.00582	0.00328	0.01017
1	0.07536	0.01156	0.01219	0.01120	0.03186	0.05349	0.00874	0.15082	0.01842	0.11530	0.08008	0.04065	0.24697	0.01203	0.00703	0.00216	0.00539	0.10304	0.00603	0.00770
2	0.01943	0.01993	0.01401	0.01262	0.01535	0.37925	0.00963	0.09010	0.01749	0.02130	0.01452	0.01665	0.01159	0.00725	0.00596	0.00168	0.03464	0.00506	0.29626	0.00729
3	0.01900	0.30701	0.11211	0.01492	0.04457	0.25444	0.01320	0.05831	0.03428	0.01830	0.01070	0.01221	0.00888	0.00613	0.00524	0.00159	0.00861	0.00418	0.00332	0.06298
4	0.01392	0.17198	0.56049	0.01762	0.02621	0.01708	0.06683	0.02027	0.01365	0.01949	0.01120	0.01328	0.00831	0.00598	0.00586	0.00193	0.00914	0.00472	0.00277	0.00926
5	0.02899	0.01100	0.01499	0.01150	0.01649	0.00950	0.00950	0.03149	0.01849	0.73709	0.02549	0.02199	0.01599	0.00800	0.00650	0.00200	0.00550	0.00650	0.00800	0.01100
6	0.01081	0.00839	0.02773	0.01032	0.01242	0.00758	0.05460	0.03026	0.03270	0.05601	0.43867	0.18954	0.04721	0.01443	0.02737	0.00239	0.00451	0.01202	0.00644	0.00660
7	0.02087	0.01220	0.01368	0.01161	0.01468	0.07928	0.00904	0.13019	0.04253	0.27026	0.01832	0.02156	0.01403	0.01291	0.01253	0.26071	0.00637	0.03591	0.00552	0.00780
8	0.00835	0.00602	0.00827	0.00951	0.01013	0.00595	0.00677	0.00985	0.01226	0.01650	0.03229	0.57390	0.03758	0.02493	0.13708	0.00401	0.00632	0.07933	0.00555	0.00540
9	0.01276	0.00732	0.00777	0.00750	0.00936	0.00748	0.00566	0.03582	0.08808	0.04556	0.04495	0.08761	0.04069	0.00916	0.00534	0.00173	0.00349	0.00758	0.56548	0.00667
10	0.01588	0.01565	0.02796	0.03785	0.63092	0.01550	0.12014	0.01996	0.01479	0.02105	0.01229	0.01620	0.01017	0.00571	0.00658	0.00196	0.00814	0.00603	0.00321	0.01001
11	0.00914	0.00660	0.00864	0.00813	0.00965	0.00610	0.00610	0.01219	0.01829	0.02591	0.72921	0.04827	0.06097	0.01321	0.00762	0.00203	0.00305	0.01169	0.00711	0.00610
12	0.00825	0.00590	0.00776	0.00911	0.00964	0.00557	0.00632	0.00952	0.01253	0.01658	0.03540	0.61846	0.06334	0.07079	0.00997	0.00290	0.00415	0.09272	0.00585	0.00524
13	0.03503	0.01669	0.07791	0.05600	0.08467	0.01513	0.35395	0.08992	0.04672	0.08763	0.01776	0.02004	0.05335	0.00683	0.00702	0.00210	0.00874	0.00716	0.00427	0.00909
14	0.81856	0.01250	0.00950	0.00850	0.01250	0.01449	0.00700	0.01899	0.01100	0.02899	0.00900	0.01050	0.00700	0.00600	0.00400	0.00200	0.00500	0.00350	0.00400	0.00700
15	0.01742	0.04799	0.03231	0.02355	0.02917	0.18593	0.49050	0.02245	0.04805	0.01965	0.01281	0.01614	0.00986	0.00588	0.00703	0.00203	0.01066	0.00666	0.00341	0.00848
16	0.00766	0.00647	0.00662	0.00675	0.00878	0.00544	0.00500	0.00925	0.01453	0.01737	0.06297	0.12102	0.67276	0.01669	0.00769	0.00222	0.00331	0.01403	0.00600	0.00544
17	0.00915	0.00702	0.01025	0.01056	0.01146	0.00762	0.02388	0.01099	0.01157	0.01600	0.02547	0.33139	0.02810	0.05128	0.32133	0.00602	0.04868	0.05891	0.00464	0.00565
18	0.00786	0.00569	0.00743	0.00882	0.00933	0.00526	0.00592	0.00902	0.01254	0.01656	0.03771	0.71897	0.09112	0.01997	0.00820	0.00259	0.00372	0.01804	0.00600	0.00526
19	0.01636	0.21155	0.32720	0.01736	0.05573	0.05248	0.06343	0.10138	0.05697	0.02173	0.01231	0.01393	0.00942	0.00629	0.00581	0.00186	0.00846	0.00492	0.00348	0.00933
20	0.01658	0.11360	0.02590	0.04813	0.29755	0.09814	0.13186	0.01980	0.01437	0.04107	0.01240	0.01676	0.01058	0.04683	0.03037	0.00240	0.05579	0.00584	0.00333	0.00870
21	0.00787	0.00562	0.00750	0.00900	0.00937	0.00525	0.00600	0.00900	0.01237	0.01649	0.03561	0.76871	0.04274	0.02024	0.00825	0.00262	0.00375	0.01837	0.00600	0.00525
22	0.04671	0.02853	0.03681	0.01687	0.02049	0.61477	0.04513	0.05497	0.01806	0.01763	0.01033	0.01220	0.00847	0.00679	0.00645	0.00176	0.03843	0.00445	0.00345	0.00772
23	0.01754	0.57626	0.07604	0.01262	0.01801	0.12349	0.03268	0.01999	0.01400	0.01587	0.01141	0.01280	0.03393	0.00611	0.00473	0.00152	0.00772	0.00412	0.00297	0.00817
24	0.01127	0.01080	0.02029	0.01659	0.01963	0.01033	0.28961	0.01494	0.04457	0.01858	0.02526	0.39814	0.02720	0.01511	0.04285	0.00279	0.00733	0.01301	0.00480	0.00689
25	0.01654	0.47727	0.16361	0.01295	0.01890	0.06069	0.01334	0.02158	0.09769	0.01785	0.01168	0.01280	0.00968	0.00606	0.00493	0.00160	0.00737	0.00421	0.00328	0.03797
26	0.07050	0.01629	0.14428	0.03224	0.03893	0.01248	0.07870	0.07972	0.01759	0.41353	0.01948	0.01866	0.01281	0.00720	0.00639	0.00202	0.00694	0.00604	0.00603	0.01018
27	0.01866	0.01302	0.01441	0.01257	0.01643	0.01436	0.00989	0.03310	0.54984	0.17646	0.02596	0.02366	0.01883	0.00856	0.00649	0.00213	0.00513	0.00709	0.03317	0.01025
28	0.01573	0.01693	0.08831	0.03781	0.67127	0.01532	0.02018	0.01988	0.01462	0.02105	0.01211	0.01579	0.01006	0.00579	0.00637	0.00193	0.00784	0.00567	0.00316	0.01018
29	0.01598	0.01550	0.02517	0.03660	0.64259	0.03667	0.03369	0.02037	0.04695	0.02108	0.01344	0.03840	0.01156	0.00634	0.00647	0.00195	0.00763	0.00619	0.00344	0.00997
30	0.00786	0.00655	0.00686	0.00678	0.00886	0.00555	0.00508	0.00971	0.01525	0.01871	0.16368	0.06012	0.63099	0.01590	0.00763	0.00216	0.00324	0.01335	0.00616	0.00555
31	0.00764	0.00655	0.00655	0.00655	0.00873	0.00545	0.00491	0.00927	0.01473	0.01745	0.06546	0.06218	0.73000	0.01636	0.00764	0.00218	0.00327	0.01364	0.00600	0.00545
32	0.01359	0.16893	0.58701	0.01677	0.02529	0.01664	0.02096	0.01990	0.01351	0.01937	0.01187	0.03675	0.00929	0.00647	0.00584	0.00194	0.00888	0.00496	0.00284	0.00918
33	0.01484	0.33028	0.39430	0.01574	0.02311	0.01952	0.04554	0.01979	0.01332	0.01813	0.01046	0.01250	0.00831	0.00611	0.00611	0.00182	0.04406	0.00440	0.00277	0.00889
34	0.00871	0.00626	0.00827	0.00858	0.00967	0.00582	0.00620	0.01104	0.01597	0.02218	0.44727	0.31838	0.05338	0.01599	0.00790	0.00228	0.00340	0.03628	0.00666	0.00577
35	0.05019	0.06067	0.44431	0.14945	0.13189	0.01541	0.02089	0.01956	0.01353	0.02001	0.01142	0.01431	0.00851	0.00610	0.00604	0.00201	0.00878	0.00497	0.00288	0.00906
36	0.07067	0.23572	0.04395	0.01881	0.19726	0.01683	0.03368	0.06965	0.03106	0.11949	0.03208	0.03571	0.05413	0.00733	0.00578	0.00183	0.00659	0.00598	0.00439	0.00907
37	0.01150	0.01075	0.04240	0.01047	0.01316	0.03352	0.00861	0.01858	0.21841	0.02175	0.13781	0.07289	0.23976	0.01335	0.00743	0.00228	0.00477	0.11924	0.00608	0.00724
38	0.00793	0.00567	0.00755	0.00896	0.00938	0.00529	0.00600	0.00914	0.01264	0.01692	0.06723	0.73587	0.04357	0.01992	0.00822	0.00260	0.00372	0.01806	0.00605	0.00529
39	0.01564	0.49516	0.30118	0.01384	0.02090	0.02157	0.01591	0.01977	0.01332	0.01719	0.00997	0.01161	0.00825	0.00576	0.00490	0.00163	0.00791	0.00395	0.00275	0.00877
40	0.01736	0.16250	0.35899	0.01739	0.05443	0.19995	0.01787	0.06405	0.01579	0.01965	0.01100	0.01278	0.00850	0.00624	0.00574	0.00182	0.00938	0.00450	0.00314	0.00893
41	0.02499	0.01194	0.04854	0.01270	0.04773	0.00994	0.01025	0.05206	0.01837	0.55857	0.08748	0.02489	0.04514	0.00857	0.00662	0.00201	0.00554	0.00708	0.00734	0.01026
42	0.27319	0.53271	0.02608	0.01024	0.01528	0.02203	0.00976	0.01923	0.01245	0.01961	0.00899	0.01041	0.00788	0.00568	0.00410	0.00158	0.00630	0.00347	0.00316	0.00788
43	0.56484	0.01834	0.01231	0.01110	0.01488	0.24843	0.00875	0.02117	0.01333	0.02478	0.00931	0.01087	0.00742	0.00621	0.00458	0.00189	0.00712	0.00371	0.00378	0.00716
44	0.00878	0.00659	0.00813	0.00774	0.00943	0.00594	0.00581	0.01148	0.01743	0.02386	0.56816	0.05164	0.22330	0.01397	0.00762	0.00207	0.00310	0.01216	0.00684	0.00594
45	0.05133	0.01382	0.01439	0.01294	0.01661	0.01600	0.01009	0.03366	0.68975	0.02712	0.02554	0.02351	0.01916	0.00864	0.00646	0.00218	0.00511	0.00714	0.00646	0.01009
46	0.01668	0.01236	0.01417	0.01110	0.01608	0.01139	0.00884	0.04460	0.23476	0.12095	0.01812	0.01796	0.01365	0.00655	0.00562	0.00151	0.00505	0.00533	0.00533	0.42992
47	0.00914	0.00660	0.00864	0.00813	0.00965	0.00610	0.00610	0.01219	0.01829	0.02591	0.72921	0.04827	0.06097	0.01321	0.00762	0.00203	0.00305	0.01169	0.00711	0.00610
48	0.01414	0.01414	0.01979	0.01696	0.01696	0.01979	0.01414	0.01555	0.00990	0.01555	0.00848	0.01414	0.00848	0.01131	0.02120	0.00283	0.76110	0.00565	0.00283	0.00707
49	0.75415	0.03954	0.01061	0.00872	0.01282	0.01466	0.00726	0.01958	0.01141	0.06078	0.00975	0.01102	0.00745	0.00607	0.00412	0.00198	0.00509	0.00363	0.00414	0.00723
50	0.01341	0.01272	0.02157	0.52817	0.26427	0.01467	0.01855	0.01757	0.01349	0.01798	0.01170	0.01683	0.00913	0.00624	0.00644	0.00208	0.00831	0.00575	0.00298	0.00815
51	0.00930	0.00663	0.00889	0.00889	0.00953	0.00726	0.00621	0.01058	0.00994	0.01389	0.01867	0.03296	0.01944	0.37314	0.42714	0.00854	0.01236	0.00803	0.00366	0.00494
52	0.00923	0.00692	0.01038	0.01038	0.01154	0.00808	0.00808	0.01154	0.01038	0.01500	0.01731	0.02538	0.01615	0.04846	0.74732	0.01038	0.01731	0.00692	0.00346	0.00577
53	0.00970	0.04290	0.01114	0.01254	0.07374	0.00766	0.00862	0.01160	0.01328	0.01760	0.03195	0.48130	0.03681	0.01765	0.00808	0.00260	0.00483	0.19639	0.00559	0.00601
54	0.00787	0.00562	0.00750	0.00900	0.00937	0.00525	0.00600	0.00900	0.01237	0.01649	0.03561	0.76871	0.04274	0.02024	0.00825	0.00262	0.00375	0.01837	0.00600	0.00525
55	0.02899	0.01100	0.01499	0.01150	0.01649	0.00950	0.00950	0.03149	0.01849	0.73709	0.02549	0.02199	0.01599	0.00800	0.00650	0.00200	0.00550	0.00650	0.00800	0.01100
56	0.02514	0.01717	0.01882	0.01443	0.01958	0.01866	0.01192	0.62257	0.02883	0.13141	0.01681	0.01636	0.01164	0.00779	0.00647	0.00195	0.00690	0.00591	0.00666	0.01099
57	0.01581	0.04406	0.09043	0.16639	0.07183	0.11804	0.30655	0.02094	0.04585	0.01917	0.01248	0.01615	0.00960	0.00619	0.00714	0.00207	0.02941	0.00622	0.00327	0.00841
58	0.00891	0.00659	0.00959	0.00995	0.01088	0.00734	0.00745	0.01086	0.01083	0.01529	0.02181	0.20520	0.02278	0.06318	0.54781	0.00839	0.01371	0.00976	0.00409	0.00559
59	0.00924	0.00688	0.01019	0.01019	0.01128	0.00797	0.00784	0.01141	0.01033	0.01486	0.01748	0.02635	0.01657	0.09007	0.70628	0.01015	0.01667	0.00706	0.00349	0.00566
60	0.01220	0.01148	0.01938	0.75739	0.04450	0.01436	0.01794	0.01651	0.01292	0.01651	0.01148	0.01723	0.00861	0.00646	0.00646	0.00215	0.00861	0.00574	0.00287	0.00718
61	0.01005	0.00906	0.01511	0.14221	0.01987	0.00898	0.13680	0.01278	0.01394	0.01826	0.09308	0.30892	0.15725	0.01381	0.00766	0.00233	0.00576	0.01276	0.00505	0.00633
62	0.03076	0.01241	0.02354	0.08366	0.06495	0.01201	0.32080	0.01658	0.01551	0.02149	0.20899	0.07904	0.06257	0.00922	0.00741	0.00215	0.00739	0.00939	0.00460	0.00752
63	0.78176	0.01243	0.00975	0.00864	0.01268	0.01426	0.00711	0.01958	0.01135	0.06200	0.00977	0.01103	0.00742	0.00609	0.00412	0.00200	0.00502	0.00364	0.00418	0.00718
64	0.01556	0.10378	0.02612	0.02904	0.41068	0.01673	0.08156	0.01888	0.01372	0.01952	0.01125	0.01496	0.00964	0.00647	0.00839	0.00194	0.12391	0.00548	0.00315	0.07921
65	0.01408	0.01386	0.01917	0.01658	0.01681	0.01912	0.01380	0.01635	0.04370	0.01624	0.01035	0.01695	0.01016	0.01145	0.02002	0.00280	0.69532	0.03293	0.00313	0.00717
66	0.06494	0.01325	0.01609	0.01239	0.01740	0.01298	0.01024	0.24012	0.02180	0.48924	0.02164	0.01945	0.01403	0.00783	0.00637	0.00198	0.00597	0.00615	0.00734	0.01080
67	0.01525	0.38911	0.25383	0.08021	0.02458	0.02021	0.09704	0.01961	0.01352	0.01760	0.01049	0.01281	0.00846	0.00579	0.00538	0.00175	0.00835	0.00455	0.00282	0.00864
68	0.00924	0.00689	0.01023	0.01023	0.01133	0.00799	0.00788	0.01144	0.01034	0.01488	0.01745	0.02617	0.01650	0.08223	0.71402	0.01019	0.01679	0.00704	0.00348	0.00568
69	0.00923	0.00692	0.01038	0.01038	0.01154	0.00808	0.00808	0.01154	0.01038	0.01500	0.01731	0.02538	0.01615	0.04846	0.74732	0.01038	0.01731	0.00692	0.00346	0.00577
70	0.01220	0.01148	0.01938	0.75739	0.04450	0.01436	0.01794	0.01651	0.01292	0.01651	0.01148	0.01723	0.00861	0.00646	0.00646	0.00215	0.00861	0.00574	0.00287	0.00718
71	0.01736	0.01125	0.01238	0.01094	0.01426	0.01217	0.00856	0.02865	0.40269	0.15625	0.02475	0.02371	0.01819	0.00829	0.00601	0.00197	0.00462	0.00681	0.22189	0.00924
72	0.23992	0.01188	0.01373	0.01093	0.01562	0.01164	0.00900	0.06311	0.04505	0.48329	0.02059	0.01866	0.01347	0.00748	0.00583	0.00200	0.00543	0.00569	0.00679	0.00989
73	0.00787	0.00562	0.00750	0.00900	0.00937	0.00525	0.00600	0.00900	0.01237	0.01649	0.03561	0.76871	0.04274	0.02024	0.00825	0.00262	0.00375	0.01837	0.00600	0.00525
74	0.01318	0.01338	0.02537	0.52420	0.04107	0.01499	0.23870	0.01785	0.01366	0.01785	0.01199	0.01729	0.00899	0.00614	0.00683	0.00216	0.00934	0.00634	0.00300	0.00767

[dist]
# distance from previous block
# <min> <max>
8	14

[block]
# block no. 5 follows, 34 sequences, length 67
# corresponding to MSA columns:
# 396-462
name=unknown_F
#
# <colnr> <probs for GDERKNQSTAVLIFYWHMCP>
#	G	D	E	R	K	N	Q	S	T	A	V	L	I	F	Y	W	H	M	C	P
0	0.00825	0.00591	0.00797	0.00907	0.00954	0.00584	0.00618	0.00948	0.01175	0.01587	0.03101	0.57221	0.03631	0.09301	0.14079	0.00432	0.00637	0.01554	0.00536	0.00522
1	0.01995	0.03004	0.01651	0.01238	0.01754	0.03580	0.01007	0.28267	0.09254	0.10543	0.01592	0.01610	0.01177	0.00673	0.00580	0.00159	0.00602	0.00522	0.00551	0.30240
2	0.04206	0.01379	0.06967	0.12269	0.21850	0.01244	0.05066	0.02001	0.05198	0.11336	0.05694	0.03692	0.03603	0.03298	0.00726	0.00207	0.00677	0.00664	0.00440	0.09481
3	0.01676	0.28012	0.12562	0.01567	0.04462	0.03750	0.10463	0.06356	0.10618	0.04176	0.01340	0.01472	0.01054	0.00618	0.00559	0.00172	0.00746	0.00505	0.00384	0.09509
4	0.01319	0.04550	0.45265	0.01902	0.02677	0.01463	0.18884	0.01973	0.03191	0.02049	0.03919	0.01952	0.06519	0.00702	0.00662	0.00207	0.00902	0.00639	0.00334	0.00891
5	0.01370	0.01265	0.02400	0.17401	0.16868	0.01288	0.24282	0.01640	0.01285	0.01740	0.01207	0.01769	0.01002	0.01024	0.01184	0.21786	0.00838	0.00633	0.00305	0.00713
6	0.01691	0.01635	0.18479	0.09341	0.02183	0.01213	0.03474	0.02083	0.01485	0.21002	0.06801	0.02189	0.03102	0.00816	0.00802	0.00203	0.08955	0.02903	0.00480	0.11163
7	0.01557	0.09098	0.03456	0.02481	0.06725	0.01716	0.52983	0.02198	0.09052	0.02086	0.01404	0.01738	0.01074	0.00583	0.00711	0.00209	0.00972	0.00709	0.00357	0.00892
8	0.01403	0.01433	0.02329	0.01853	0.02104	0.01699	0.21532	0.01845	0.08800	0.01846	0.01728	0.02085	0.08042	0.00982	0.01436	0.00251	0.38774	0.00718	0.00367	0.00773
9	0.02899	0.01100	0.01499	0.01150	0.01649	0.00950	0.00950	0.03149	0.01849	0.73709	0.02549	0.02199	0.01599	0.00800	0.00650	0.00200	0.00550	0.00650	0.00800	0.01100
10	0.00922	0.00621	0.00718	0.00731	0.00743	0.00615	0.00425	0.00950	0.01019	0.01366	0.05950	0.12032	0.02753	0.65220	0.02891	0.00565	0.00582	0.01048	0.00431	0.00417
11	0.01009	0.00734	0.00962	0.16054	0.01486	0.00796	0.00694	0.01118	0.01034	0.01395	0.01849	0.03582	0.01991	0.55923	0.04765	0.00533	0.00693	0.00842	0.04069	0.00473
12	0.00787	0.00562	0.00750	0.00900	0.00937	0.00525	0.00600	0.00900	0.01237	0.01649	0.03561	0.76871	0.04274	0.02024	0.00825	0.00262	0.00375	0.01837	0.00600	0.00525
13	0.65710	0.01219	0.01062	0.00911	0.01331	0.01347	0.00751	0.02155	0.01253	0.17379	0.01237	0.01285	0.00884	0.00641	0.00451	0.00200	0.00510	0.00411	0.00482	0.00782
14	0.00800	0.00576	0.00759	0.00883	0.00938	0.00535	0.00597	0.00935	0.01308	0.01753	0.11075	0.66952	0.06619	0.01937	0.00816	0.00255	0.00366	0.01751	0.00612	0.00535
15	0.02856	0.01169	0.01542	0.01182	0.01684	0.01052	0.00977	0.09775	0.01965	0.66919	0.02452	0.02136	0.01551	0.00797	0.00649	0.00199	0.00566	0.00643	0.00785	0.01100
16	0.10598	0.01114	0.01446	0.01120	0.01610	0.00998	0.00925	0.03027	0.01776	0.66805	0.02388	0.02087	0.01512	0.00780	0.00625	0.00200	0.00545	0.00621	0.00761	0.01061
17	0.00813	0.00582	0.00773	0.00882	0.00943	0.00542	0.00602	0.00965	0.01358	0.01842	0.17745	0.62138	0.04646	0.01880	0.00812	0.00250	0.00361	0.01700	0.00623	0.00542
18	0.01013	0.00620	0.00830	0.00926	0.01013	0.00570	0.00637	0.01140	0.01303	0.09359	0.03453	0.68882	0.03987	0.01893	0.00806	0.00256	0.00394	0.01710	0.00621	0.00586
19	0.65710	0.01219	0.01062	0.00911	0.01331	0.01347	0.00751	0.02155	0.01253	0.17379	0.01237	0.01285	0.00884	0.00641	0.00451	0.00200	0.00510	0.00411	0.00482	0.00782
20	0.01373	0.14537	0.48046	0.01545	0.02360	0.01535	0.01855	0.01943	0.01351	0.01976	0.01116	0.01308	0.00849	0.00577	0.00555	0.00172	0.00816	0.00437	0.00296	0.17354
21	0.65470	0.16879	0.01448	0.00902	0.01333	0.01676	0.00783	0.01907	0.01143	0.02617	0.00899	0.01047	0.00726	0.00590	0.00403	0.00187	0.00539	0.00349	0.00375	0.00726
22	0.00880	0.00659	0.00816	0.00777	0.00944	0.00595	0.00583	0.01153	0.01748	0.02398	0.57787	0.05144	0.21351	0.01393	0.00762	0.00207	0.00310	0.01213	0.00686	0.00595
23	0.00923	0.00692	0.01038	0.01038	0.01154	0.00808	0.00808	0.01154	0.01038	0.01500	0.01731	0.02538	0.01615	0.04846	0.74732	0.01038	0.01731	0.00692	0.00346	0.00577
24	0.02273	0.18335	0.02149	0.01550	0.01928	0.59946	0.01219	0.02448	0.01725	0.01569	0.00978	0.01139	0.00832	0.00643	0.00548	0.00161	0.01068	0.00402	0.00321	0.00765
25	0.00793	0.00594	0.00719	0.00813	0.00899	0.00539	0.00551	0.00911	0.01279	0.01643	0.04282	0.50638	0.23666	0.08264	0.01015	0.00281	0.00383	0.01627	0.00582	0.00519
26	0.81856	0.01250	0.00950	0.00850	0.01250	0.01449	0.00700	0.01899	0.01100	0.02899	0.00900	0.01050	0.00700	0.00600	0.00400	0.00200	0.00500	0.00350	0.00400	0.00700
27	0.01296	0.03342	0.73944	0.01842	0.02797	0.01501	0.02387	0.02046	0.01364	0.02046	0.01160	0.01364	0.00818	0.00614	0.00614	0.00205	0.00955	0.00477	0.00273	0.00955
28	0.00787	0.00562	0.00750	0.00900	0.00937	0.00525	0.00600	0.00900	0.01237	0.01649	0.03561	0.76871	0.04274	0.02024	0.00825	0.00262	0.00375	0.01837	0.00600	0.00525
29	0.00787	0.00562	0.00750	0.00900	0.00937	0.00525	0.00600	0.00900	0.01237	0.01649	0.03561	0.76871	0.04274	0.02024	0.00825	0.00262	0.00375	0.01837	0.00600	0.00525
30	0.02775	0.01133	0.01497	0.01157	0.01646	0.01014	0.00953	0.06967	0.03659	0.65708	0.02619	0.02293	0.03814	0.00826	0.00653	0.00201	0.00551	0.00670	0.00781	0.01080
31	0.01414	0.01414	0.01979	0.01696	0.01696	0.01979	0.01414	0.01555	0.00990	0.01555	0.00848	0.01414	0.00848	0.01131	0.02120	0.00283	0.76110	0.00565	0.00283	0.00707
32	0.01411	0.01288	0.05505	0.01026	0.01618	0.00928	0.00875	0.03354	0.01397	0.04301	0.01201	0.01372	0.00972	0.00503	0.00495	0.00107	0.00513	0.00401	0.00395	0.72338
33	0.00835	0.00657	0.00753	0.00729	0.00916	0.00576	0.00547	0.01065	0.01641	0.02144	0.37859	0.05562	0.41437	0.01488	0.00763	0.00211	0.00317	0.01272	0.00653	0.00576
34	0.00786	0.00568	0.00744	0.00886	0.00933	0.00526	0.00594	0.00901	0.01251	0.01655	0.03732	0.72836	0.08198	0.02002	0.00821	0.00260	0.00372	0.01810	0.00600	0.00526
35	0.01508	0.10132	0.40583	0.01877	0.04082	0.05519	0.11530	0.02089	0.03200	0.04306	0.01200	0.01438	0.00905	0.00663	0.00763	0.00205	0.08258	0.00524	0.00313	0.00904
36	0.02149	0.01521	0.01648	0.01313	0.01750	0.01665	0.01068	0.46743	0.12257	0.07602	0.05593	0.01972	0.01572	0.00817	0.00633	0.00194	0.00609	0.00639	0.09244	0.01009
37	0.00796	0.00568	0.00760	0.00909	0.00951	0.00532	0.00615	0.00914	0.01245	0.01659	0.03557	0.74537	0.04255	0.02016	0.00827	0.00264	0.00382	0.04086	0.00600	0.00527
38	0.01618	0.05536	0.02329	0.16983	0.38427	0.04652	0.03309	0.09325	0.03043	0.02217	0.05337	0.01774	0.01290	0.00661	0.00638	0.00195	0.00768	0.00598	0.00376	0.00924
39	0.47736	0.05591	0.04469	0.03348	0.01607	0.07891	0.00973	0.09422	0.01399	0.02633	0.01026	0.01219	0.00813	0.00782	0.02878	0.00222	0.04659	0.00416	0.00397	0.02517
40	0.01660	0.01414	0.01491	0.01326	0.01700	0.01632	0.01036	0.07651	0.67790	0.02788	0.02563	0.02357	0.01918	0.00870	0.00657	0.00218	0.00524	0.00721	0.00657	0.01027
41	0.01492	0.04114	0.30146	0.09412	0.02420	0.07125	0.01600	0.07089	0.02854	0.02136	0.01193	0.01405	0.00909	0.00596	0.00572	0.00168	0.00784	0.00464	0.00348	0.25173
42	0.02055	0.10686	0.05804	0.06194	0.05847	0.48252	0.01333	0.02341	0.03892	0.01663	0.01111	0.01337	0.00924	0.00890	0.04809	0.00221	0.01075	0.00456	0.00331	0.00780
43	0.06099	0.02288	0.35646	0.01589	0.04578	0.02761	0.01670	0.12457	0.01743	0.16818	0.06809	0.01804	0.01410	0.00727	0.00626	0.00201	0.00762	0.00574	0.00476	0.00965
44	0.01122	0.00561	0.00842	0.00842	0.00842	0.00561	0.00561	0.00842	0.00842	0.01122	0.01122	0.01964	0.01122	0.02245	0.02525	0.81201	0.00561	0.00561	0.00281	0.00281
45	0.01219	0.00672	0.00903	0.00951	0.01083	0.00612	0.00671	0.01360	0.01362	0.16385	0.03354	0.61601	0.03727	0.01774	0.00789	0.00250	0.00411	0.01594	0.00641	0.00642
46	0.01012	0.00776	0.01035	0.08974	0.05158	0.00769	0.00797	0.01356	0.03707	0.02305	0.40624	0.04288	0.15032	0.01200	0.00713	0.00204	0.00405	0.02561	0.08441	0.00644
47	0.01487	0.27042	0.45199	0.01712	0.06134	0.04254	0.01918	0.02025	0.01369	0.01866	0.01074	0.01265	0.00833	0.00594	0.00550	0.00181	0.00867	0.00438	0.00278	0.00911
48	0.00787	0.00562	0.00750	0.00900	0.00937	0.00525	0.00600	0.00900	0.01237	0.01649	0.03561	0.76871	0.04274	0.02024	0.00825	0.00262	0.00375	0.01837	0.00600	0.00525
49	0.00800	0.00572	0.00761	0.00891	0.00940	0.00533	0.00601	0.00931	0.01295	0.01741	0.10324	0.69846	0.04451	0.01956	0.00819	0.00257	0.00368	0.01772	0.00611	0.00533
50	0.01287	0.01204	0.02143	0.15070	0.22310	0.01256	0.15176	0.01639	0.01308	0.01821	0.01495	0.04591	0.01338	0.07247	0.16770	0.00416	0.01019	0.00708	0.02435	0.00770
51	0.02899	0.01100	0.01499	0.01150	0.01649	0.00950	0.00950	0.03149	0.01849	0.73709	0.02549	0.02199	0.01599	0.00800	0.00650	0.00200	0.00550	0.00650	0.00800	0.01100
52	0.00934	0.00633	0.00737	0.00727	0.00758	0.00623	0.00436	0.00997	0.01121	0.01527	0.16531	0.04351	0.03115	0.61757	0.02772	0.00540	0.00561	0.00986	0.00457	0.00436
53	0.02470	0.02744	0.01806	0.01592	0.01961	0.59720	0.01214	0.09323	0.01951	0.09541	0.01218	0.01313	0.00940	0.00691	0.00596	0.00173	0.01055	0.00457	0.00413	0.00821
54	0.01933	0.01438	0.05339	0.01271	0.01696	0.01426	0.01067	0.25346	0.20038	0.14222	0.16555	0.02531	0.02406	0.00908	0.00672	0.00204	0.00565	0.00745	0.00667	0.00972
55	0.81856	0.01250	0.00950	0.00850	0.01250	0.01449	0.00700	0.01899	0.01100	0.02899	0.00900	0.01050	0.00700	0.00600	0.00400	0.00200	0.00500	0.00350	0.00400	0.00700
56	0.01876	0.61688	0.03057	0.01220	0.01731	0.15696	0.01135	0.04229	0.01462	0.01612	0.00937	0.01076	0.00838	0.00580	0.00453	0.00145	0.00778	0.00366	0.00298	0.00823
