[name]
unknown

[dist]
# distance from previous block
# <min> <max>
0	112

[block]
# block no. 0 follows, 34 sequences, length 97
# corresponding to MSA columns:
# 142-159,161-239
name=unknown_A
#
# <colnr> <probs for GDERKNQSTAVLIFYWHMCP>
#	G	D	E	R	K	N	Q	S	T	A	V	L	I	F	Y	W	H	M	C	P
0	0.00896	0.00676	0.00847	0.00933	0.01068	0.00640	0.00717	0.01154	0.04068	0.01872	0.09972	0.31077	0.20687	0.01761	0.00818	0.00255	0.00426	0.20948	0.00610	0.00576
1	0.01521	0.01438	0.02385	0.15664	0.52208	0.01484	0.03264	0.03516	0.03666	0.02085	0.01424	0.01786	0.03292	0.00632	0.00644	0.00196	0.00759	0.00604	0.00343	0.03092
2	0.00819	0.00594	0.00807	0.03279	0.01070	0.00568	0.00661	0.00959	0.01275	0.01702	0.06263	0.68048	0.04210	0.01940	0.00820	0.00260	0.00399	0.05194	0.00594	0.00538
3	0.01551	0.01456	0.02302	0.21581	0.46343	0.03382	0.01799	0.05465	0.01509	0.02091	0.01231	0.01629	0.00996	0.00608	0.00630	0.00193	0.00777	0.00566	0.02428	0.03459
4	0.01512	0.01616	0.09958	0.02268	0.24535	0.05570	0.06723	0.02080	0.10759	0.05267	0.11166	0.04352	0.01925	0.00968	0.03512	0.00238	0.05512	0.00714	0.00441	0.00885
5	0.00794	0.00569	0.00744	0.00880	0.00923	0.00531	0.00585	0.00903	0.01230	0.01632	0.03593	0.70419	0.06746	0.05954	0.00952	0.00280	0.00386	0.01772	0.00589	0.00519
6	0.01311	0.03237	0.69349	0.01899	0.02835	0.01509	0.06878	0.02048	0.01375	0.02048	0.01169	0.01389	0.00829	0.00609	0.00624	0.00205	0.00964	0.00496	0.00276	0.00949
7	0.09815	0.02581	0.41810	0.01894	0.02662	0.03439	0.17986	0.04448	0.03648	0.03922	0.01255	0.01473	0.00908	0.00616	0.00629	0.00206	0.00913	0.00544	0.00337	0.00914
8	0.01143	0.00884	0.01162	0.03265	0.01284	0.03343	0.00859	0.01323	0.01119	0.04436	0.01861	0.04919	0.04251	0.10839	0.38159	0.03187	0.12248	0.00737	0.04384	0.00597
9	0.00786	0.00566	0.00746	0.00889	0.00934	0.00526	0.00595	0.00901	0.01247	0.01654	0.03692	0.73786	0.07274	0.02007	0.00822	0.00260	0.00373	0.01816	0.00600	0.00526
10	0.07147	0.01804	0.07899	0.02448	0.03079	0.01640	0.56357	0.05531	0.01548	0.02214	0.01270	0.01652	0.00953	0.00580	0.00758	0.00216	0.02987	0.00702	0.00343	0.00872
11	0.09848	0.09607	0.24040	0.01655	0.02284	0.01562	0.17166	0.06098	0.06996	0.02292	0.01363	0.01571	0.01032	0.00628	0.00591	0.00192	0.00785	0.00549	0.07640	0.04102
12	0.00890	0.00636	0.00794	0.00819	0.00954	0.00574	0.00589	0.01093	0.01536	0.04047	0.31103	0.31159	0.20158	0.01631	0.00782	0.00228	0.00342	0.01439	0.00649	0.00578
13	0.01690	0.43456	0.17912	0.01507	0.07041	0.04586	0.01433	0.08995	0.01534	0.01944	0.01253	0.01393	0.03517	0.00634	0.00515	0.00166	0.00757	0.00454	0.00330	0.00884
14	0.28746	0.03294	0.04014	0.03448	0.03406	0.03713	0.00940	0.10251	0.09206	0.05056	0.17679	0.02315	0.03783	0.00846	0.00584	0.00200	0.00542	0.00656	0.00529	0.00795
15	0.00940	0.00626	0.00705	0.00705	0.00705	0.00626	0.00392	0.00940	0.00940	0.01253	0.02036	0.04228	0.02349	0.77292	0.03289	0.00626	0.00626	0.00940	0.00392	0.00392
16	0.01446	0.07262	0.52311	0.02057	0.12655	0.01601	0.02128	0.06117	0.04562	0.02171	0.01239	0.01435	0.00915	0.00626	0.00610	0.00199	0.00879	0.00501	0.00318	0.00969
17	0.01678	0.01824	0.04260	0.15845	0.41787	0.15590	0.05785	0.02047	0.01510	0.01925	0.01166	0.01539	0.00951	0.00604	0.00636	0.00193	0.00884	0.00553	0.00316	0.00907
18	0.01340	0.01148	0.01340	0.00957	0.01531	0.00861	0.00766	0.01627	0.01340	0.02105	0.01148	0.01340	0.00957	0.00479	0.00479	0.00096	0.00479	0.00383	0.00383	0.81242
19	0.01632	0.01597	0.02591	0.03874	0.70400	0.04473	0.01953	0.02007	0.01486	0.02090	0.01207	0.01582	0.01016	0.00579	0.00637	0.00191	0.00784	0.00569	0.00320	0.01012
20	0.00896	0.00670	0.00761	0.00737	0.00936	0.00582	0.00553	0.01109	0.01599	0.04724	0.28892	0.08430	0.44772	0.01513	0.00761	0.00214	0.00330	0.01289	0.00645	0.00587
21	0.04233	0.01234	0.05958	0.06393	0.11042	0.01229	0.06852	0.05350	0.03263	0.01990	0.04461	0.27423	0.02287	0.01311	0.02833	0.00257	0.11663	0.01034	0.00450	0.00738
22	0.00801	0.00576	0.00780	0.00914	0.00960	0.00554	0.00622	0.00926	0.01216	0.01634	0.03370	0.69107	0.03996	0.02319	0.08544	0.00343	0.00516	0.01717	0.00573	0.00530
23	0.01296	0.03342	0.73944	0.01842	0.02797	0.01501	0.02387	0.02046	0.01364	0.02046	0.01160	0.01364	0.00818	0.00614	0.00614	0.00205	0.00955	0.00477	0.00273	0.00955
24	0.01525	0.01743	0.03813	0.02723	0.03377	0.01634	0.70915	0.02070	0.01525	0.02070	0.01307	0.01743	0.00980	0.00545	0.00763	0.00218	0.01089	0.00763	0.00327	0.00871
25	0.00923	0.00692	0.01038	0.01038	0.01154	0.00808	0.00808	0.01154	0.01038	0.01500	0.01731	0.02538	0.01615	0.04846	0.74732	0.01038	0.01731	0.00692	0.00346	0.00577
26	0.01669	0.01293	0.08727	0.01084	0.01527	0.02660	0.00955	0.04673	0.07502	0.19230	0.13274	0.02669	0.08021	0.00865	0.00622	0.00178	0.00518	0.00713	0.06872	0.16947
27	0.01607	0.01388	0.01461	0.01315	0.01680	0.01607	0.01023	0.03433	0.72094	0.02703	0.02630	0.02411	0.01972	0.00877	0.00657	0.00219	0.00511	0.00731	0.00657	0.01023
28	0.01673	0.01404	0.01612	0.01320	0.03992	0.04014	0.03195	0.19407	0.07927	0.02619	0.01584	0.02033	0.01326	0.00717	0.00592	0.00159	0.00605	0.06624	0.00487	0.38710
29	0.01934	0.01299	0.01519	0.01126	0.01671	0.01158	0.00916	0.18863	0.01859	0.17404	0.01536	0.01569	0.01125	0.00617	0.00555	0.00141	0.00550	0.00487	0.00533	0.45137
30	0.01414	0.01414	0.01979	0.01696	0.01696	0.01979	0.01414	0.01555	0.00990	0.01555	0.00848	0.01414	0.00848	0.01131	0.02120	0.00283	0.76110	0.00565	0.00283	0.00707
31	0.00773	0.00638	0.00679	0.00705	0.00887	0.00544	0.00515	0.00931	0.01440	0.01754	0.08055	0.19198	0.58257	0.01698	0.00775	0.00226	0.00335	0.01445	0.00603	0.00544
32	0.13110	0.01151	0.01414	0.01113	0.01581	0.01087	0.00915	0.07120	0.04171	0.54614	0.02255	0.02025	0.01466	0.00773	0.00608	0.00198	0.00541	0.00607	0.04229	0.01023
33	0.02653	0.01434	0.01699	0.01309	0.01812	0.01453	0.01079	0.34182	0.04760	0.39526	0.02096	0.01911	0.01383	0.00791	0.00648	0.00198	0.00622	0.00621	0.00725	0.01097
34	0.01276	0.01093	0.01595	0.12534	0.01890	0.01356	0.05192	0.01545	0.01260	0.01929	0.08756	0.02274	0.01695	0.00972	0.01227	0.00229	0.31395	0.02954	0.20150	0.00679
35	0.01273	0.00764	0.01034	0.01070	0.01263	0.00726	0.00888	0.01530	0.01541	0.13059	0.11144	0.12527	0.07540	0.03880	0.00899	0.00274	0.00521	0.38774	0.00634	0.00659
36	0.00880	0.00610	0.00804	0.00926	0.00992	0.00579	0.00636	0.01060	0.03463	0.03637	0.05296	0.68526	0.04161	0.01930	0.00815	0.00259	0.00389	0.03866	0.00610	0.00560
37	0.01087	0.00934	0.01354	0.01259	0.01336	0.01200	0.01011	0.01288	0.01022	0.01518	0.01435	0.02161	0.01358	0.03601	0.50397	0.00785	0.26658	0.00650	0.00325	0.00620
38	0.01750	0.01430	0.01529	0.01407	0.04314	0.07115	0.01070	0.07677	0.36836	0.09086	0.07266	0.02474	0.02009	0.00918	0.00781	0.00215	0.06876	0.03227	0.03091	0.00929
39	0.01484	0.00806	0.00972	0.00870	0.01169	0.00697	0.00694	0.01695	0.01615	0.24985	0.08558	0.04944	0.40219	0.01363	0.00738	0.00219	0.00422	0.07147	0.00670	0.00732
40	0.01499	0.01848	0.09336	0.02579	0.03211	0.01648	0.60446	0.02031	0.01474	0.02031	0.01263	0.01689	0.00958	0.00592	0.00847	0.00221	0.06416	0.00726	0.00319	0.00866
41	0.02030	0.01492	0.01592	0.01318	0.01728	0.03795	0.01050	0.28716	0.28826	0.11194	0.06905	0.02247	0.01857	0.03338	0.00743	0.00218	0.00601	0.00692	0.00655	0.01003
42	0.01581	0.01693	0.05386	0.08642	0.02775	0.07555	0.36322	0.07489	0.05491	0.02183	0.01522	0.03868	0.01226	0.00706	0.00730	0.00211	0.02673	0.02604	0.06507	0.00836
43	0.00989	0.00744	0.01020	0.00989	0.01048	0.00865	0.00723	0.01114	0.00993	0.01409	0.01720	0.02979	0.01768	0.29291	0.39872	0.03412	0.09435	0.00759	0.00353	0.00518
44	0.31127	0.24336	0.11273	0.01172	0.01677	0.06445	0.01124	0.06409	0.01385	0.04602	0.01061	0.01250	0.00861	0.02512	0.00578	0.00192	0.02409	0.00413	0.00368	0.00805
45	0.01778	0.69646	0.05889	0.01147	0.01712	0.02441	0.01151	0.04231	0.01391	0.04272	0.00990	0.01108	0.00866	0.00571	0.00438	0.00145	0.00696	0.00369	0.00307	0.00853
46	0.00779	0.00632	0.00691	0.00725	0.00894	0.00544	0.00525	0.00939	0.01437	0.01775	0.10002	0.23515	0.51865	0.01712	0.00779	0.00228	0.00338	0.01468	0.00607	0.00544
47	0.03730	0.08472	0.52884	0.04199	0.09227	0.01587	0.04262	0.02068	0.03991	0.02051	0.01196	0.01414	0.00884	0.00614	0.00602	0.00200	0.00889	0.00494	0.00298	0.00937
48	0.47002	0.21422	0.01738	0.01060	0.01488	0.14687	0.00902	0.02029	0.01284	0.02308	0.00917	0.01067	0.00757	0.00599	0.00436	0.00178	0.00667	0.00360	0.00356	0.00742
49	0.01509	0.01405	0.02366	0.15450	0.56827	0.01452	0.01842	0.01895	0.01434	0.02057	0.01268	0.01677	0.01042	0.00600	0.00627	0.00193	0.00749	0.00577	0.06086	0.00943
50	0.04226	0.00956	0.01024	0.01030	0.01209	0.05703	0.00767	0.05325	0.07790	0.05184	0.07117	0.34500	0.08890	0.03838	0.02767	0.00271	0.00526	0.07634	0.00584	0.00658
51	0.00870	0.00656	0.00805	0.00773	0.00940	0.00590	0.00578	0.01132	0.01716	0.02337	0.53120	0.07420	0.23842	0.01427	0.00764	0.00209	0.00313	0.01241	0.00678	0.00590
52	0.15696	0.01027	0.01272	0.01054	0.01453	0.00956	0.00844	0.02532	0.01613	0.48816	0.02457	0.15555	0.01934	0.00989	0.00640	0.00211	0.00510	0.00815	0.00697	0.00929
53	0.01727	0.77681	0.03386	0.01106	0.01658	0.02557	0.01106	0.01935	0.01313	0.01520	0.00898	0.01036	0.00829	0.00553	0.00415	0.00138	0.00691	0.00345	0.00276	0.00829
54	0.01018	0.00625	0.00828	0.00911	0.00998	0.00578	0.00624	0.01145	0.01302	0.09094	0.05613	0.62466	0.03941	0.06395	0.00953	0.00276	0.00406	0.01639	0.00612	0.00579
55	0.81856	0.01250	0.00950	0.00850	0.01250	0.01449	0.00700	0.01899	0.01100	0.02899	0.00900	0.01050	0.00700	0.00600	0.00400	0.00200	0.00500	0.00350	0.00400	0.00700
56	0.01578	0.00885	0.00947	0.00837	0.01090	0.00916	0.00655	0.12150	0.06784	0.09335	0.02104	0.02262	0.01591	0.00770	0.00514	0.00167	0.00401	0.00613	0.55649	0.00753
57	0.81856	0.01250	0.00950	0.00850	0.01250	0.01449	0.00700	0.01899	0.01100	0.02899	0.00900	0.01050	0.00700	0.00600	0.00400	0.00200	0.00500	0.00350	0.00400	0.00700
58	0.01345	0.00784	0.00833	0.00737	0.00987	0.00752	0.00569	0.05088	0.03590	0.04353	0.01959	0.02195	0.01528	0.00716	0.00477	0.00148	0.00362	0.00572	0.59868	0.13135
59	0.81856	0.01250	0.00950	0.00850	0.01250	0.01449	0.00700	0.01899	0.01100	0.02899	0.00900	0.01050	0.00700	0.00600	0.00400	0.00200	0.00500	0.00350	0.00400	0.00700
60	0.01409	0.00944	0.01162	0.01091	0.01345	0.00959	0.00892	0.07010	0.10667	0.11582	0.17305	0.04759	0.12820	0.01333	0.00807	0.00237	0.02835	0.21442	0.00648	0.00752
61	0.00787	0.00562	0.00750	0.00900	0.00937	0.00525	0.00600	0.00900	0.01237	0.01649	0.03561	0.76871	0.04274	0.02024	0.00825	0.00262	0.00375	0.01837	0.00600	0.00525
62	0.05094	0.01670	0.01803	0.01411	0.01904	0.01835	0.01158	0.53765	0.11554	0.10485	0.01760	0.01704	0.01243	0.00785	0.00640	0.00198	0.00663	0.00599	0.00654	0.01076
63	0.00796	0.00626	0.00714	0.00755	0.00901	0.00550	0.00539	0.00959	0.01434	0.01819	0.14560	0.28216	0.40478	0.03593	0.00845	0.00240	0.00347	0.01475	0.00610	0.00544
64	0.75271	0.01237	0.00996	0.00875	0.01283	0.01408	0.00721	0.02004	0.01162	0.08805	0.01037	0.01146	0.00775	0.00616	0.00421	0.00200	0.00504	0.00375	0.00433	0.00733
65	0.02769	0.01308	0.01629	0.01249	0.01754	0.01260	0.01032	0.23132	0.02199	0.53232	0.02256	0.02009	0.01452	0.00793	0.00649	0.00198	0.00597	0.00630	0.00755	0.01099
66	0.03902	0.01250	0.01719	0.06027	0.07629	0.01276	0.06387	0.14209	0.05838	0.25013	0.03677	0.02252	0.01557	0.09748	0.00993	0.00252	0.02599	0.00676	0.04082	0.00912
67	0.00904	0.00659	0.00871	0.00986	0.01085	0.00639	0.00745	0.01155	0.04004	0.01863	0.09973	0.44559	0.06270	0.01834	0.00831	0.00264	0.00438	0.21736	0.00611	0.00573
68	0.00787	0.00562	0.00750	0.00900	0.00937	0.00525	0.00600	0.00900	0.01237	0.01649	0.03561	0.76871	0.04274	0.02024	0.00825	0.00262	0.00375	0.01837	0.00600	0.00525
69	0.65111	0.03783	0.08328	0.01106	0.04120	0.04688	0.00950	0.01948	0.01178	0.02688	0.00941	0.01106	0.00733	0.00602	0.00438	0.00197	0.00589	0.00374	0.00378	0.00743
70	0.02813	0.01097	0.01472	0.01135	0.01620	0.00962	0.00935	0.04870	0.01859	0.68759	0.02504	0.02191	0.01589	0.00797	0.00641	0.00198	0.00543	0.00646	0.04292	0.01078
71	0.29237	0.07344	0.06728	0.01366	0.01889	0.01680	0.08613	0.23614	0.01857	0.09973	0.01326	0.01414	0.00961	0.00666	0.00556	0.00196	0.00679	0.00504	0.00490	0.00909
72	0.01091	0.00904	0.01265	0.01202	0.01300	0.01056	0.03685	0.01375	0.05712	0.01738	0.02298	0.27050	0.02459	0.05302	0.12731	0.00394	0.18920	0.04985	0.05906	0.00626
73	0.01175	0.00840	0.00982	0.00899	0.01109	0.00857	0.00688	0.06048	0.13155	0.02671	0.44601	0.03804	0.04333	0.01115	0.00683	0.00196	0.00363	0.00961	0.14813	0.00706
74	0.00986	0.00778	0.00903	0.00857	0.01059	0.00757	0.00646	0.01501	0.13525	0.02348	0.40719	0.07143	0.23618	0.01355	0.00747	0.00212	0.00348	0.01170	0.00668	0.00659
75	0.73690	0.01257	0.01021	0.00892	0.01302	0.01432	0.00735	0.04238	0.01216	0.07946	0.01038	0.01147	0.00776	0.00620	0.00426	0.00200	0.00510	0.00379	0.00436	0.00741
76	0.00925	0.00632	0.00741	0.00739	0.00774	0.00624	0.00450	0.00990	0.01112	0.01506	0.13726	0.06989	0.04827	0.57933	0.04983	0.00547	0.00592	0.01013	0.00455	0.00442
77	0.01421	0.24860	0.53521	0.01629	0.02467	0.01806	0.02016	0.02014	0.01349	0.01894	0.01084	0.01269	0.00822	0.00596	0.00556	0.00185	0.00879	0.00439	0.00274	0.00919
78	0.00796	0.00646	0.00706	0.00712	0.00898	0.00556	0.00526	0.00981	0.01517	0.01900	0.19181	0.13617	0.52475	0.01617	0.00770	0.00220	0.00328	0.01377	0.00622	0.00556
79	0.01727	0.77681	0.03386	0.01106	0.01658	0.02557	0.01106	0.01935	0.01313	0.01520	0.00898	0.01036	0.00829	0.00553	0.00415	0.00138	0.00691	0.00345	0.00276	0.00829
80	0.05782	0.10959	0.10751	0.01307	0.01849	0.01424	0.05902	0.10367	0.04607	0.04191	0.01417	0.06395	0.01206	0.00702	0.00614	0.00166	0.03205	0.00563	0.00419	0.28174
81	0.01778	0.56252	0.14178	0.01258	0.01860	0.05179	0.01306	0.04294	0.01428	0.05807	0.01059	0.01176	0.00880	0.00588	0.00473	0.00155	0.00744	0.00394	0.00320	0.00870
82	0.02899	0.01100	0.01499	0.01150	0.01649	0.00950	0.00950	0.03149	0.01849	0.73709	0.02549	0.02199	0.01599	0.00800	0.00650	0.00200	0.00550	0.00650	0.00800	0.01100
83	0.00821	0.00626	0.00760	0.00839	0.00953	0.00574	0.00594	0.01017	0.03213	0.01798	0.10594	0.45239	0.24805	0.01809	0.00799	0.00244	0.00365	0.03787	0.00611	0.00554
84	0.06142	0.19481	0.20454	0.01840	0.11900	0.09560	0.05097	0.10195	0.01605	0.02171	0.01219	0.03456	0.01002	0.00658	0.00570	0.00183	0.00813	0.00515	0.02246	0.00892
85	0.00858	0.00716	0.00756	0.00735	0.00955	0.00643	0.00555	0.01182	0.07334	0.01966	0.17362	0.05672	0.55938	0.01521	0.00755	0.00216	0.00339	0.01279	0.00623	0.00595
86	0.01163	0.00726	0.00940	0.00894	0.00994	0.00730	0.02252	0.01265	0.01161	0.08719	0.02430	0.17453	0.04992	0.34066	0.06283	0.03008	0.04147	0.01021	0.07213	0.00545
87	0.01632	0.01490	0.02025	0.20399	0.09103	0.09936	0.10064	0.08060	0.01569	0.06875	0.01641	0.04809	0.03571	0.00930	0.02587	0.00235	0.08803	0.03168	0.02298	0.00804
88	0.12013	0.08889	0.14531	0.15826	0.06824	0.03355	0.03572	0.08894	0.03156	0.04497	0.01303	0.01614	0.01016	0.02985	0.00705	0.00209	0.03281	0.00528	0.05971	0.00832
89	0.02414	0.03079	0.01831	0.01665	0.01998	0.74698	0.01248	0.02580	0.01831	0.01581	0.00999	0.01165	0.00832	0.00666	0.00583	0.00166	0.01165	0.00416	0.00333	0.00749
90	0.01250	0.00785	0.00952	0.02777	0.03144	0.00756	0.00707	0.03783	0.03983	0.09328	0.16677	0.09077	0.18039	0.01205	0.00674	0.00203	0.00403	0.05225	0.20351	0.00680
91	0.01651	0.18185	0.22365	0.01761	0.08650	0.08393	0.06360	0.07016	0.06788	0.04353	0.03330	0.05632	0.01310	0.00730	0.00604	0.00190	0.00799	0.00597	0.00388	0.00897
92	0.05755	0.37168	0.28545	0.01446	0.04272	0.01925	0.01552	0.01966	0.01326	0.04140	0.01108	0.01304	0.00898	0.00851	0.05080	0.00225	0.00838	0.00432	0.00304	0.00867
93	0.01027	0.00759	0.01048	0.01047	0.01202	0.00730	0.04974	0.01275	0.03932	0.04078	0.03512	0.23684	0.13960	0.14686	0.01244	0.00322	0.00529	0.20856	0.00555	0.00583
94	0.06952	0.12187	0.57174	0.01668	0.02517	0.01648	0.02064	0.05038	0.01413	0.02129	0.01127	0.01311	0.00824	0.00613	0.00576	0.00196	0.00881	0.00457	0.00298	0.00928
95	0.00958	0.00665	0.00846	0.00906	0.01033	0.00619	0.00665	0.02742	0.01466	0.04801	0.15207	0.41303	0.14924	0.01743	0.00802	0.00246	0.00397	0.09463	0.00627	0.00587
96	0.03869	0.05542	0.14587	0.01268	0.01765	0.07996	0.03235	0.04184	0.10303	0.04369	0.01505	0.01937	0.01278	0.12593	0.00988	0.00236	0.00694	0.00557	0.00410	0.22684

[dist]
# distance from previous block
# <min> <max>
1	60

[block]
# block no. 1 follows, 34 sequences, length 7
# corresponding to MSA columns:
# 300-306
name=unknown_B
#
# <colnr> <probs for GDERKNQSTAVLIFYWHMCP>
#	G	D	E	R	K	N	Q	S	T	A	V	L	I	F	Y	W	H	M	C	P
0	0.01550	0.41827	0.26538	0.01539	0.02206	0.02088	0.08522	0.01966	0.01335	0.01750	0.01022	0.01234	0.00842	0.00601	0.00601	0.00175	0.04615	0.00442	0.00281	0.00869
1	0.06486	0.00879	0.01030	0.00920	0.01181	0.00865	0.00716	0.05484	0.05298	0.18638	0.14618	0.06607	0.04855	0.07001	0.00843	0.00233	0.00450	0.04818	0.18331	0.00748
2	0.00844	0.00649	0.00771	0.00760	0.00927	0.00577	0.00562	0.01075	0.01633	0.02171	0.40414	0.12298	0.31962	0.01511	0.00769	0.00215	0.00320	0.01309	0.00657	0.00577
3	0.01403	0.01451	0.02509	0.11598	0.02701	0.06640	0.34779	0.01891	0.05684	0.01968	0.01826	0.13321	0.01673	0.00878	0.00725	0.00220	0.00854	0.03983	0.05124	0.00771
4	0.01389	0.00887	0.05267	0.00828	0.01071	0.00780	0.00697	0.01816	0.07472	0.08868	0.02150	0.02532	0.01698	0.00878	0.00616	0.03994	0.00408	0.03784	0.54175	0.00690
5	0.01873	0.61894	0.03057	0.01224	0.01730	0.17823	0.01136	0.02071	0.01423	0.01533	0.00920	0.01064	0.00830	0.00577	0.00450	0.00144	0.00791	0.00360	0.00288	0.00812
6	0.00883	0.00650	0.00809	0.00783	0.00927	0.00595	0.00571	0.01127	0.01658	0.02279	0.51546	0.09719	0.16687	0.07745	0.00977	0.00245	0.00340	0.01225	0.00659	0.00575

[dist]
# distance from previous block
# <min> <max>
2	12

[block]
# block no. 2 follows, 34 sequences, length 17
# corresponding to MSA columns:
# 319-331,333-336
name=unknown_C
#
# <colnr> <probs for GDERKNQSTAVLIFYWHMCP>
#	G	D	E	R	K	N	Q	S	T	A	V	L	I	F	Y	W	H	M	C	P
0	0.01122	0.04217	0.01020	0.05238	0.01102	0.03113	0.00639	0.01048	0.00967	0.01255	0.01457	0.02682	0.01529	0.27466	0.07189	0.37845	0.00702	0.00683	0.00324	0.00403
1	0.05999	0.12560	0.26643	0.01657	0.05874	0.08749	0.05625	0.04082	0.01416	0.01960	0.01465	0.04495	0.04308	0.00956	0.04510	0.00239	0.05516	0.00578	0.00339	0.03029
2	0.01698	0.04651	0.02293	0.07262	0.43448	0.16651	0.01659	0.02009	0.01498	0.01913	0.01247	0.04905	0.01107	0.00678	0.00669	0.00188	0.03230	0.00584	0.00333	0.03977
3	0.01738	0.01231	0.01739	0.03813	0.11658	0.01191	0.06494	0.05489	0.03623	0.12557	0.08243	0.02829	0.02087	0.10765	0.15436	0.00449	0.00921	0.00786	0.03333	0.05617
4	0.00940	0.00626	0.00705	0.00705	0.00705	0.00626	0.00392	0.00940	0.00940	0.01253	0.02036	0.04228	0.02349	0.77292	0.03289	0.00626	0.00626	0.00940	0.00392	0.00392
5	0.01727	0.77681	0.03386	0.01106	0.01658	0.02557	0.01106	0.01935	0.01313	0.01520	0.00898	0.01036	0.00829	0.00553	0.00415	0.00138	0.00691	0.00345	0.00276	0.00829
6	0.01607	0.01388	0.01461	0.01315	0.01680	0.01607	0.01023	0.03433	0.72094	0.02703	0.02630	0.02411	0.01972	0.00877	0.00657	0.00219	0.00511	0.00731	0.00657	0.01023
7	0.00891	0.00660	0.00831	0.00788	0.00951	0.00600	0.00591	0.01174	0.01773	0.02459	0.62521	0.05045	0.16579	0.01370	0.00762	0.00206	0.00308	0.01199	0.00694	0.00600
8	0.00818	0.00634	0.00745	0.00764	0.00918	0.00561	0.00555	0.01014	0.01530	0.01994	0.27133	0.22795	0.34964	0.01629	0.00778	0.00224	0.00332	0.01415	0.00636	0.00561
9	0.01085	0.00804	0.01064	0.01178	0.01342	0.00826	0.00998	0.01547	0.09856	0.01999	0.03340	0.13102	0.03562	0.01699	0.00858	0.00285	0.00565	0.54646	0.00603	0.00639
10	0.02414	0.03079	0.01831	0.01665	0.01998	0.74698	0.01248	0.02580	0.01831	0.01581	0.00999	0.01165	0.00832	0.00666	0.00583	0.00166	0.01165	0.00416	0.00333	0.00749
11	0.01340	0.01148	0.01340	0.00957	0.01531	0.00861	0.00766	0.01627	0.01340	0.02105	0.01148	0.01340	0.00957	0.00479	0.00479	0.00096	0.00479	0.00383	0.00383	0.81242
12	0.01340	0.01148	0.01340	0.00957	0.01531	0.00861	0.00766	0.01627	0.01340	0.02105	0.01148	0.01340	0.00957	0.00479	0.00479	0.00096	0.00479	0.00383	0.00383	0.81242
13	0.00940	0.00626	0.00705	0.00705	0.00705	0.00626	0.00392	0.00940	0.00940	0.01253	0.02036	0.04228	0.02349	0.77292	0.03289	0.00626	0.00626	0.00940	0.00392	0.00392
14	0.81856	0.01250	0.00950	0.00850	0.01250	0.01449	0.00700	0.01899	0.01100	0.02899	0.00900	0.01050	0.00700	0.00600	0.00400	0.00200	0.00500	0.00350	0.00400	0.00700
15	0.01607	0.01388	0.01461	0.01315	0.01680	0.01607	0.01023	0.03433	0.72094	0.02703	0.02630	0.02411	0.01972	0.00877	0.00657	0.00219	0.00511	0.00731	0.00657	0.01023
16	0.01549	0.01484	0.02532	0.13427	0.64191	0.01522	0.01958	0.01939	0.01448	0.02050	0.01207	0.01615	0.01002	0.00585	0.00641	0.00195	0.00780	0.00576	0.00316	0.00983

[dist]
# distance from previous block
# <min> <max>
0	1

[block]
# block no. 3 follows, 34 sequences, length 16
# corresponding to MSA columns:
# 338-353
name=unknown_D
#
# <colnr> <probs for GDERKNQSTAVLIFYWHMCP>
#	G	D	E	R	K	N	Q	S	T	A	V	L	I	F	Y	W	H	M	C	P
0	0.02199	0.02679	0.01867	0.04168	0.05757	0.58545	0.03812	0.02484	0.05063	0.01725	0.01160	0.01350	0.00945	0.00670	0.00591	0.00173	0.01056	0.00467	0.04516	0.00772
1	0.02087	0.01507	0.01894	0.04865	0.12245	0.07207	0.04832	0.16108	0.05817	0.21011	0.05963	0.01938	0.01507	0.00772	0.00735	0.00198	0.05236	0.00627	0.00552	0.04899
2	0.81856	0.01250	0.00950	0.00850	0.01250	0.01449	0.00700	0.01899	0.01100	0.02899	0.00900	0.01050	0.00700	0.00600	0.00400	0.00200	0.00500	0.00350	0.00400	0.00700
3	0.01049	0.00751	0.00883	0.00885	0.01096	0.00699	0.00694	0.01384	0.06950	0.06915	0.12651	0.12478	0.34909	0.01550	0.00778	0.00235	0.00411	0.14416	0.00630	0.00635
4	0.01727	0.77681	0.03386	0.01106	0.01658	0.02557	0.01106	0.01935	0.01313	0.01520	0.00898	0.01036	0.00829	0.00553	0.00415	0.00138	0.00691	0.00345	0.00276	0.00829
5	0.00959	0.00712	0.00927	0.01014	0.01180	0.00679	0.00855	0.01226	0.01529	0.01976	0.13287	0.06713	0.20330	0.01689	0.00845	0.00266	0.00494	0.44121	0.00611	0.00585
6	0.01550	0.05674	0.16150	0.09210	0.28169	0.03367	0.04620	0.01953	0.01444	0.08895	0.01618	0.11487	0.01435	0.00802	0.00653	0.00204	0.00760	0.00721	0.00389	0.00900
7	0.00940	0.00626	0.00705	0.00705	0.00705	0.00626	0.00392	0.00940	0.00940	0.01253	0.02036	0.04228	0.02349	0.77292	0.03289	0.00626	0.00626	0.00940	0.00392	0.00392
8	0.00796	0.00581	0.00751	0.00867	0.00933	0.00535	0.00590	0.00932	0.01315	0.01745	0.10205	0.63166	0.11363	0.01921	0.00813	0.00253	0.00364	0.01728	0.00610	0.00535
9	0.01431	0.04801	0.33716	0.07933	0.22290	0.01565	0.15062	0.02001	0.01417	0.02023	0.01193	0.01515	0.00909	0.00591	0.00645	0.00202	0.00913	0.00561	0.00297	0.00937
10	0.01211	0.00918	0.01102	0.01125	0.04937	0.00918	0.00825	0.04575	0.15114	0.05754	0.17686	0.08053	0.23496	0.01336	0.00746	0.00225	0.00446	0.10174	0.00630	0.00730
11	0.32785	0.01186	0.01310	0.01050	0.01513	0.01183	0.00867	0.05506	0.01615	0.43990	0.01883	0.01737	0.01238	0.00723	0.00555	0.00200	0.00538	0.00533	0.00642	0.00948
12	0.00922	0.00695	0.00823	0.00873	0.01010	0.00663	0.00634	0.03279	0.05056	0.01888	0.08566	0.35236	0.22805	0.05613	0.00913	0.00261	0.00404	0.07141	0.02637	0.00580
13	0.01542	0.09897	0.06141	0.19135	0.22237	0.03890	0.08877	0.01948	0.03350	0.04836	0.01283	0.03553	0.01061	0.00705	0.00788	0.00206	0.08751	0.00599	0.00339	0.00862
14	0.00903	0.00611	0.00806	0.00924	0.01005	0.00573	0.00661	0.01059	0.01320	0.03924	0.05530	0.57532	0.06909	0.01873	0.00811	0.00258	0.00404	0.10863	0.03475	0.00558
15	0.06805	0.01250	0.01537	0.01204	0.01688	0.01210	0.00988	0.13906	0.09171	0.51716	0.02313	0.02058	0.01511	0.00793	0.00637	0.00201	0.00569	0.00632	0.00740	0.01071

[dist]
# distance from previous block
# <min> <max>
0	1

[block]
# block no. 4 follows, 34 sequences, length 26
# corresponding to MSA columns:
# 355-380
name=unknown_E
#
# <colnr> <probs for GDERKNQSTAVLIFYWHMCP>
#	G	D	E	R	K	N	Q	S	T	A	V	L	I	F	Y	W	H	M	C	P
0	0.16907	0.09845	0.01869	0.04894	0.07635	0.20247	0.02974	0.05484	0.13048	0.02201	0.01316	0.01477	0.01051	0.00701	0.00651	0.00192	0.05491	0.00499	0.02692	0.00826
1	0.02428	0.01216	0.01504	0.01189	0.01634	0.01183	0.00969	0.17878	0.07285	0.43162	0.12197	0.02440	0.02147	0.00873	0.00665	0.00200	0.00548	0.00713	0.00743	0.01025
2	0.00898	0.00660	0.00841	0.00796	0.00955	0.00603	0.00597	0.01188	0.01791	0.02501	0.65855	0.04975	0.13219	0.01355	0.00762	0.00205	0.00307	0.01189	0.00699	0.00603
3	0.00924	0.00689	0.01023	0.01023	0.01133	0.00799	0.00788	0.01144	0.01034	0.01489	0.01745	0.02616	0.01649	0.08194	0.71430	0.01019	0.01680	0.00704	0.00348	0.00568
4	0.02456	0.01810	0.01939	0.01487	0.02004	0.02004	0.01228	0.71107	0.03038	0.04072	0.01551	0.01551	0.01099	0.00776	0.00646	0.00194	0.00711	0.00582	0.00646	0.01099
5	0.00807	0.00575	0.00764	0.00908	0.00950	0.00541	0.00616	0.00925	0.01240	0.01650	0.03497	0.70368	0.04172	0.04808	0.00920	0.00278	0.00396	0.05470	0.00592	0.00524
6	0.01414	0.01414	0.01979	0.01696	0.01696	0.01979	0.01414	0.01555	0.00990	0.01555	0.00848	0.01414	0.00848	0.01131	0.02120	0.00283	0.76110	0.00565	0.00283	0.00707
7	0.01599	0.01535	0.02623	0.03966	0.73262	0.01535	0.01983	0.01983	0.01471	0.02111	0.01215	0.01599	0.01023	0.00576	0.00640	0.00192	0.00768	0.00576	0.00320	0.01023
8	0.01827	0.01497	0.01585	0.01359	0.01764	0.01710	0.01076	0.20945	0.54225	0.03057	0.02351	0.02188	0.01746	0.00850	0.00655	0.00213	0.00563	0.00692	0.00655	0.01042
9	0.02476	0.01778	0.01919	0.01471	0.01988	0.01956	0.01216	0.68047	0.02984	0.07208	0.01596	0.01580	0.01121	0.00777	0.00647	0.00194	0.00704	0.00585	0.00653	0.01099
10	0.01607	0.01388	0.01461	0.01315	0.01680	0.01607	0.01023	0.03433	0.72094	0.02703	0.02630	0.02411	0.01972	0.00877	0.00657	0.00219	0.00511	0.00731	0.00657	0.01023
11	0.01220	0.01148	0.01938	0.75739	0.04450	0.01436	0.01794	0.01651	0.01292	0.01651	0.01148	0.01723	0.00861	0.00646	0.00646	0.00215	0.00861	0.00574	0.00287	0.00718
12	0.01721	0.22174	0.16147	0.05935	0.06159	0.13467	0.05567	0.09222	0.03396	0.02026	0.01265	0.04837	0.01070	0.00685	0.00578	0.00180	0.00830	0.00537	0.00358	0.03847
13	0.01158	0.01034	0.01473	0.01338	0.01393	0.01360	0.01078	0.01336	0.01010	0.01515	0.01323	0.02078	0.01282	0.06408	0.36713	0.00658	0.37251	0.00643	0.00318	0.00630
14	0.00840	0.00660	0.00760	0.00742	0.00929	0.00580	0.00562	0.01070	0.01631	0.02126	0.35816	0.05637	0.41121	0.01502	0.00767	0.00214	0.00326	0.03493	0.00649	0.00575
15	0.01083	0.01043	0.03995	0.01572	0.08361	0.00969	0.13077	0.02934	0.01369	0.01842	0.03009	0.39673	0.11047	0.01455	0.00854	0.00240	0.04982	0.01325	0.00497	0.00673
16	0.01722	0.01504	0.02389	0.07731	0.47293	0.01548	0.05224	0.08191	0.09303	0.06472	0.01476	0.01733	0.01154	0.00642	0.00649	0.00198	0.00744	0.00607	0.00411	0.01008
17	0.01556	0.01410	0.02303	0.11536	0.53191	0.01448	0.01764	0.02035	0.06633	0.04671	0.03524	0.01945	0.03765	0.00671	0.00650	0.00198	0.00723	0.00634	0.00379	0.00964
18	0.09540	0.01080	0.01311	0.01056	0.01470	0.01025	0.00858	0.08088	0.04418	0.43412	0.08377	0.02510	0.05839	0.00869	0.00627	0.00197	0.00504	0.00699	0.07170	0.00949
19	0.01564	0.01524	0.10488	0.11242	0.29226	0.01337	0.05336	0.02024	0.04802	0.10703	0.03619	0.06974	0.03224	0.00809	0.00708	0.00210	0.02671	0.02207	0.00425	0.00907
20	0.01537	0.13315	0.27226	0.02000	0.07580	0.01697	0.18954	0.08320	0.05416	0.02181	0.01389	0.04981	0.01123	0.00679	0.00639	0.00200	0.00863	0.00622	0.00360	0.00918
21	0.01083	0.00689	0.00850	0.00878	0.00910	0.03984	0.00589	0.00976	0.01013	0.01335	0.01827	0.19801	0.01996	0.09074	0.04020	0.45913	0.00574	0.00895	0.03203	0.00389
22	0.50109	0.06835	0.04182	0.01408	0.08046	0.07841	0.04832	0.01961	0.01237	0.02462	0.00965	0.01179	0.00778	0.00630	0.00570	0.00198	0.05227	0.00416	0.00363	0.00761
23	0.03955	0.00831	0.01076	0.00926	0.01198	0.00757	0.00716	0.01927	0.01715	0.28612	0.35138	0.06035	0.03806	0.06639	0.00886	0.00233	0.00426	0.00941	0.03411	0.00773
24	0.01602	0.01881	0.11291	0.11565	0.47415	0.09148	0.03838	0.02018	0.01477	0.01994	0.01181	0.01543	0.00959	0.00597	0.00635	0.00194	0.00852	0.00552	0.00312	0.00948
25	0.40454	0.01179	0.01185	0.00973	0.01403	0.01219	0.00797	0.06445	0.01498	0.24534	0.03491	0.01630	0.01217	0.00691	0.00510	0.00189	0.00510	0.00494	0.04943	0.06636

[dist]
# distance from previous block
# <min> <max>
0	3

[block]
# block no. 5 follows, 34 sequences, length 34
# corresponding to MSA columns:
# 384-417
name=unknown_F
#
# <colnr> <probs for GDERKNQSTAVLIFYWHMCP>
#	G	D	E	R	K	N	Q	S	T	A	V	L	I	F	Y	W	H	M	C	P
0	0.01698	0.09903	0.18454	0.02117	0.18498	0.05759	0.05418	0.12372	0.12120	0.02390	0.01454	0.01614	0.01118	0.00665	0.00611	0.00192	0.00779	0.00556	0.03322	0.00960
1	0.00910	0.00657	0.00860	0.00816	0.00964	0.00607	0.00609	0.01208	0.01808	0.02558	0.70512	0.07329	0.06033	0.01345	0.00764	0.00205	0.00307	0.01192	0.00707	0.00607
2	0.00818	0.00636	0.00744	0.00760	0.00917	0.00562	0.00554	0.01017	0.01538	0.02001	0.27634	0.21171	0.36098	0.01618	0.00776	0.00223	0.00330	0.01403	0.00636	0.00562
3	0.02899	0.01100	0.01499	0.01150	0.01649	0.00950	0.00950	0.03149	0.01849	0.73709	0.02549	0.02199	0.01599	0.00800	0.00650	0.00200	0.00550	0.00650	0.00800	0.01100
4	0.01375	0.03204	0.64949	0.01942	0.05376	0.05432	0.04749	0.02073	0.01399	0.02025	0.01158	0.01376	0.00833	0.00613	0.00618	0.00203	0.00964	0.00488	0.00280	0.00943
5	0.00822	0.00588	0.00787	0.00919	0.00977	0.00553	0.00641	0.00969	0.01313	0.01760	0.09753	0.64034	0.04386	0.01939	0.00825	0.00260	0.00389	0.07938	0.00609	0.00539
6	0.01387	0.01358	0.02070	0.45631	0.24456	0.06226	0.01750	0.01770	0.01377	0.01782	0.01288	0.05680	0.01090	0.00700	0.00650	0.00208	0.00827	0.00632	0.00317	0.00800
7	0.00927	0.00675	0.00950	0.00950	0.01035	0.00760	0.00697	0.01097	0.01012	0.01434	0.01812	0.02986	0.01810	0.24039	0.55804	0.00929	0.01438	0.00758	0.00358	0.00528
8	0.02007	0.47304	0.02753	0.01333	0.01796	0.31932	0.01164	0.02198	0.01524	0.01545	0.00939	0.01089	0.00830	0.00599	0.00483	0.00150	0.00884	0.00374	0.00299	0.00797
9	0.00782	0.00585	0.00727	0.00841	0.00922	0.00530	0.00574	0.00906	0.01294	0.01673	0.04281	0.59837	0.20842	0.01931	0.00810	0.00252	0.00363	0.01723	0.00600	0.00530
10	0.01455	0.12367	0.05765	0.01058	0.01647	0.01205	0.00932	0.05513	0.01431	0.02126	0.01135	0.01309	0.00939	0.00513	0.00486	0.00113	0.00549	0.00394	0.00376	0.60690
11	0.02166	0.01478	0.02342	0.07353	0.08227	0.03987	0.21169	0.09729	0.04360	0.29669	0.01826	0.01888	0.01255	0.00693	0.00678	0.00204	0.00782	0.00658	0.00550	0.00985
12	0.01953	0.01406	0.01553	0.01305	0.01710	0.01540	0.01050	0.25902	0.31549	0.11199	0.06160	0.02582	0.03583	0.00925	0.00674	0.00212	0.00572	0.04456	0.00668	0.01001
13	0.00917	0.00687	0.01026	0.01033	0.01145	0.00796	0.00799	0.01143	0.01047	0.01506	0.01807	0.05654	0.01727	0.04728	0.71634	0.01006	0.01674	0.00740	0.00357	0.00575
14	0.01643	0.01596	0.02500	0.09600	0.61246	0.05468	0.01901	0.04499	0.01533	0.02116	0.01211	0.01584	0.01003	0.00594	0.00637	0.00193	0.00795	0.00567	0.00330	0.00987
15	0.00940	0.00626	0.00705	0.00705	0.00705	0.00626	0.00392	0.00940	0.00940	0.01253	0.02036	0.04228	0.02349	0.77292	0.03289	0.00626	0.00626	0.00940	0.00392	0.00392
16	0.01418	0.01426	0.02045	0.01734	0.01757	0.01967	0.03931	0.01574	0.01009	0.01574	0.00865	0.01426	0.00853	0.01110	0.02071	0.00280	0.73392	0.00573	0.00284	0.00713
17	0.01698	0.01711	0.02449	0.09131	0.56850	0.10932	0.01853	0.03939	0.01547	0.02062	0.01192	0.01552	0.00989	0.00598	0.00633	0.00190	0.00824	0.00555	0.00328	0.00967
18	0.01579	0.01491	0.02533	0.16803	0.38384	0.01567	0.12106	0.09050	0.01581	0.02187	0.01259	0.01665	0.01010	0.00760	0.03150	0.00231	0.02760	0.00608	0.00348	0.00929
19	0.01699	0.05624	0.06324	0.02568	0.29112	0.01554	0.14130	0.07055	0.10537	0.07878	0.03194	0.01837	0.01303	0.00811	0.03310	0.00229	0.00802	0.00636	0.00429	0.00967
20	0.02301	0.01768	0.01847	0.01457	0.01935	0.04599	0.01190	0.58203	0.10950	0.03729	0.01663	0.01672	0.01209	0.00929	0.03300	0.00226	0.00741	0.00597	0.00625	0.01058
21	0.01019	0.00803	0.01160	0.06327	0.10529	0.00782	0.00867	0.01336	0.01725	0.02432	0.56344	0.06729	0.05021	0.01204	0.00741	0.00205	0.00405	0.01075	0.00628	0.00667
22	0.01727	0.77681	0.03386	0.01106	0.01658	0.02557	0.01106	0.01935	0.01313	0.01520	0.00898	0.01036	0.00829	0.00553	0.00415	0.00138	0.00691	0.00345	0.00276	0.00829
23	0.00809	0.00656	0.00717	0.00702	0.00900	0.00565	0.00526	0.01014	0.01579	0.01997	0.26292	0.05804	0.53096	0.01543	0.00763	0.00214	0.00321	0.01306	0.00633	0.00565
24	0.01745	0.02237	0.31167	0.04215	0.07135	0.05429	0.10050	0.04722	0.01539	0.16167	0.01479	0.01662	0.01061	0.00895	0.04671	0.00250	0.03663	0.00570	0.00408	0.00935
25	0.00914	0.00660	0.00864	0.00813	0.00965	0.00610	0.00610	0.01219	0.01829	0.02591	0.72921	0.04827	0.06097	0.01321	0.00762	0.00203	0.00305	0.01169	0.00711	0.00610
26	0.01727	0.77681	0.03386	0.01106	0.01658	0.02557	0.01106	0.01935	0.01313	0.01520	0.00898	0.01036	0.00829	0.00553	0.00415	0.00138	0.00691	0.00345	0.00276	0.00829
27	0.00884	0.00606	0.00731	0.00781	0.00804	0.00589	0.00480	0.00943	0.01101	0.01478	0.06967	0.30254	0.03269	0.45664	0.02251	0.00470	0.00517	0.01275	0.00486	0.00453
28	0.00942	0.00620	0.00786	0.00780	0.00890	0.00582	0.00556	0.00948	0.01220	0.01574	0.12280	0.04018	0.28759	0.03868	0.07254	0.32522	0.00533	0.00958	0.00462	0.00447
29	0.01265	0.01209	0.02091	0.66459	0.09442	0.01454	0.05606	0.01698	0.01318	0.01708	0.01162	0.01715	0.00880	0.00635	0.00652	0.00214	0.00867	0.00585	0.00292	0.00749
30	0.00918	0.00624	0.00704	0.00715	0.00732	0.00614	0.00412	0.00936	0.00995	0.01313	0.02440	0.09336	0.07168	0.67117	0.02952	0.00574	0.00589	0.01029	0.00420	0.00411
31	0.01598	0.14616	0.18039	0.01684	0.08522	0.01613	0.05788	0.11458	0.07127	0.04585	0.04902	0.03438	0.01386	0.00972	0.03030	0.05946	0.03410	0.00602	0.00412	0.00870
32	0.01050	0.00783	0.01038	0.03735	0.02814	0.00844	0.00767	0.01253	0.01356	0.03314	0.20162	0.14989	0.07764	0.12478	0.04892	0.00325	0.10220	0.03893	0.07730	0.00594
33	0.08326	0.01820	0.06358	0.03243	0.06475	0.16776	0.04776	0.14660	0.06783	0.02424	0.04805	0.04338	0.07108	0.00809	0.00621	0.00188	0.00737	0.00648	0.00463	0.08645

[dist]
# distance from previous block
# <min> <max>
0	17

# created by:
# /home/cegg/simao/soft/augustus-3.2.1/scripts/msa2prfl.pl ./align_prep/EOG090W0BXX.fa
