[name]
unknown

[dist]
# distance from previous block
# <min> <max>
14	72

[block]
# block no. 0 follows, 22 sequences, length 20
# corresponding to MSA columns:
# 87-106
name=unknown_A
#
# <colnr> <probs for GDERKNQSTAVLIFYWHMCP>
#	G	D	E	R	K	N	Q	S	T	A	V	L	I	F	Y	W	H	M	C	P
0	0.01718	0.10182	0.17520	0.02156	0.11821	0.01669	0.04838	0.02218	0.01776	0.02533	0.05071	0.02656	0.06368	0.04929	0.00951	0.00247	0.00872	0.00761	0.00469	0.21245
1	0.01151	0.00899	0.01169	0.06101	0.01587	0.00892	0.00909	0.01450	0.01851	0.02461	0.22575	0.08589	0.23007	0.06422	0.14230	0.00517	0.00856	0.03890	0.00704	0.00741
2	0.01905	0.08485	0.03077	0.36725	0.07448	0.09391	0.11605	0.02386	0.01770	0.02201	0.01432	0.02019	0.01132	0.00844	0.00958	0.00266	0.06255	0.00725	0.00384	0.00990
3	0.01837	0.11061	0.37126	0.02024	0.02866	0.05649	0.02272	0.04332	0.07333	0.02541	0.01708	0.02086	0.01359	0.03899	0.06631	0.00368	0.04685	0.00674	0.00428	0.01124
4	0.01232	0.01118	0.05058	0.01415	0.05162	0.00976	0.01061	0.01592	0.01886	0.02637	0.29542	0.08040	0.11061	0.05736	0.19123	0.00579	0.00996	0.01294	0.00687	0.00804
5	0.02709	0.01476	0.04404	0.01476	0.01975	0.01331	0.01229	0.12239	0.02371	0.32916	0.10472	0.07244	0.02808	0.01810	0.07783	0.03888	0.00864	0.00989	0.00850	0.01166
6	0.12686	0.01136	0.01292	0.01175	0.01487	0.01162	0.00907	0.02275	0.11422	0.07277	0.42649	0.04813	0.05661	0.01434	0.00882	0.00263	0.00488	0.01221	0.00852	0.00919
7	0.02129	0.66060	0.04092	0.01378	0.02057	0.03095	0.01363	0.02391	0.01703	0.01976	0.01695	0.01828	0.05845	0.00814	0.00566	0.00185	0.00854	0.00542	0.00386	0.01039
8	0.01617	0.01693	0.11507	0.02248	0.15354	0.01291	0.04455	0.02067	0.01941	0.07379	0.16541	0.11970	0.11420	0.01688	0.04782	0.00333	0.00834	0.01235	0.00647	0.00999
9	0.76672	0.01607	0.01221	0.01092	0.01607	0.01864	0.00900	0.02442	0.01414	0.03727	0.01157	0.01350	0.00900	0.00771	0.00514	0.00257	0.00643	0.00450	0.00514	0.00900
10	0.10744	0.02295	0.10396	0.03291	0.24356	0.02080	0.15523	0.11648	0.05961	0.03231	0.01710	0.02037	0.01315	0.00802	0.00821	0.00260	0.01035	0.00759	0.00507	0.01229
11	0.06161	0.10491	0.02485	0.01990	0.02461	0.54868	0.01537	0.03234	0.02249	0.05370	0.01367	0.01543	0.01113	0.00847	0.00722	0.00214	0.01360	0.00538	0.00455	0.00994
12	0.01039	0.00763	0.00976	0.01094	0.01201	0.00699	0.00755	0.01240	0.01776	0.02368	0.16654	0.49753	0.13898	0.02364	0.01035	0.00315	0.00457	0.02117	0.00799	0.00699
13	0.02099	0.01901	0.04826	0.01913	0.04980	0.01990	0.04708	0.12548	0.39768	0.03555	0.06780	0.03218	0.05695	0.01137	0.00862	0.00273	0.00746	0.00965	0.00781	0.01253
14	0.01016	0.00767	0.00940	0.01058	0.01184	0.00691	0.00732	0.01199	0.01736	0.02250	0.10394	0.47527	0.22716	0.02390	0.01032	0.00315	0.00458	0.02121	0.00782	0.00691
15	0.02191	0.01460	0.01796	0.05225	0.02199	0.01212	0.01120	0.04870	0.01965	0.17375	0.02295	0.02363	0.04960	0.00820	0.00707	0.00177	0.00666	0.00665	0.00637	0.47298
16	0.01549	0.00774	0.00774	0.00774	0.00968	0.00774	0.00581	0.01936	0.01742	0.03097	0.02710	0.03097	0.02129	0.00968	0.00581	0.00194	0.00387	0.00774	0.75416	0.00774
17	0.06953	0.01821	0.10054	0.07855	0.02467	0.01559	0.01470	0.06420	0.13570	0.22326	0.03231	0.03273	0.08922	0.05153	0.01024	0.00298	0.00783	0.00913	0.00744	0.01162
18	0.11220	0.07021	0.15292	0.02327	0.13141	0.08132	0.04180	0.05581	0.01994	0.12253	0.05206	0.02348	0.01735	0.04938	0.00967	0.00280	0.00965	0.00733	0.00554	0.01134
19	0.06237	0.14870	0.19633	0.02106	0.07315	0.05138	0.06350	0.05437	0.01922	0.08803	0.01935	0.08838	0.01663	0.00976	0.00767	0.00243	0.00965	0.00807	0.00514	0.05481

[dist]
# distance from previous block
# <min> <max>
0	21

[block]
# block no. 1 follows, 22 sequences, length 12
# corresponding to MSA columns:
# 128-139
name=unknown_B
#
# <colnr> <probs for GDERKNQSTAVLIFYWHMCP>
#	G	D	E	R	K	N	Q	S	T	A	V	L	I	F	Y	W	H	M	C	P
0	0.30874	0.01711	0.06892	0.01479	0.04917	0.01583	0.01210	0.06923	0.03349	0.03259	0.06781	0.02685	0.07768	0.01368	0.05561	0.00320	0.00802	0.00751	0.00574	0.11194
1	0.15106	0.11871	0.02337	0.04902	0.02366	0.21068	0.01394	0.15060	0.04941	0.03147	0.05967	0.01992	0.01654	0.00910	0.00715	0.00229	0.00983	0.00644	0.00566	0.04145
2	0.01506	0.01061	0.01290	0.01190	0.01475	0.01044	0.00916	0.02227	0.13391	0.07725	0.42260	0.05682	0.11707	0.01606	0.00951	0.00271	0.00478	0.03413	0.00892	0.00916
3	0.01348	0.01053	0.01589	0.01596	0.01827	0.01065	0.06185	0.01804	0.04808	0.02451	0.06281	0.16702	0.04247	0.02667	0.10139	0.00487	0.00953	0.33289	0.00704	0.00804
4	0.01443	0.00722	0.01082	0.01082	0.01082	0.00722	0.00722	0.01082	0.01082	0.01443	0.01443	0.02525	0.01443	0.02886	0.03247	0.75830	0.00722	0.00722	0.00361	0.00361
5	0.01548	0.01209	0.01490	0.08863	0.02001	0.01258	0.01093	0.10196	0.08293	0.03314	0.35490	0.05137	0.13796	0.01508	0.00930	0.00266	0.00573	0.01295	0.00815	0.00924
6	0.01634	0.01496	0.02365	0.32139	0.15158	0.01781	0.01957	0.02028	0.01595	0.02166	0.01788	0.03060	0.01660	0.10552	0.01629	0.00365	0.12331	0.04951	0.00422	0.00924
7	0.01940	0.10158	0.39665	0.07793	0.03574	0.10999	0.09388	0.02673	0.01845	0.02447	0.01451	0.01772	0.01084	0.00784	0.00784	0.00251	0.01242	0.00639	0.00371	0.01139
8	0.53073	0.02082	0.01607	0.01420	0.01878	0.13744	0.01143	0.05373	0.01686	0.03333	0.01212	0.01450	0.00972	0.00860	0.00777	0.00259	0.07191	0.00505	0.00499	0.00936
9	0.15475	0.01752	0.02231	0.35860	0.12453	0.08012	0.01879	0.02277	0.01732	0.02498	0.01977	0.02438	0.06327	0.00914	0.00776	0.00263	0.00987	0.00749	0.00440	0.00958
10	0.01981	0.10568	0.20495	0.05070	0.10472	0.10795	0.02043	0.05397	0.01878	0.02441	0.02094	0.02447	0.07276	0.03007	0.01143	0.00276	0.10357	0.00752	0.00440	0.01067
11	0.02134	0.29445	0.05701	0.02054	0.10782	0.14292	0.01567	0.02618	0.06926	0.02250	0.02195	0.02392	0.07396	0.01297	0.05379	0.00297	0.01058	0.00704	0.00462	0.01051

[dist]
# distance from previous block
# <min> <max>
1	5

[block]
# block no. 2 follows, 22 sequences, length 29
# corresponding to MSA columns:
# 146-174
name=unknown_C
#
# <colnr> <probs for GDERKNQSTAVLIFYWHMCP>
#	G	D	E	R	K	N	Q	S	T	A	V	L	I	F	Y	W	H	M	C	P
0	0.01948	0.01697	0.02079	0.05649	0.05262	0.05323	0.05119	0.12668	0.16478	0.03037	0.02960	0.18343	0.02842	0.01495	0.01042	0.00298	0.05224	0.06786	0.00692	0.01056
1	0.02029	0.02073	0.06435	0.13901	0.17127	0.08723	0.01819	0.12003	0.07472	0.02910	0.03039	0.03212	0.13518	0.01104	0.00848	0.00259	0.00930	0.00921	0.00574	0.01104
2	0.01129	0.00855	0.01031	0.01019	0.01231	0.00775	0.00774	0.01435	0.02081	0.02770	0.35773	0.07098	0.26651	0.06093	0.01195	0.00314	0.00466	0.07747	0.00825	0.00737
3	0.04747	0.02706	0.20999	0.09279	0.03511	0.08784	0.20615	0.02455	0.01813	0.02476	0.01832	0.09494	0.01611	0.01011	0.00976	0.00278	0.05011	0.00924	0.00436	0.01044
4	0.02263	0.09115	0.02466	0.01861	0.05733	0.01964	0.04799	0.13247	0.14395	0.08360	0.02315	0.02386	0.04054	0.00947	0.00884	0.00229	0.05013	0.00752	0.00644	0.18573
5	0.16629	0.27291	0.09620	0.01704	0.02340	0.23316	0.01560	0.04698	0.01926	0.02493	0.01259	0.01454	0.01045	0.00786	0.00635	0.00216	0.01073	0.00502	0.00424	0.01030
6	0.36029	0.02238	0.02009	0.11981	0.11751	0.18534	0.01527	0.02632	0.01759	0.02912	0.01295	0.01618	0.01034	0.00797	0.00665	0.00248	0.00979	0.00556	0.00456	0.00980
7	0.06666	0.01673	0.01883	0.01557	0.02046	0.01779	0.01261	0.28362	0.06617	0.13307	0.07575	0.03570	0.05346	0.05422	0.04352	0.00351	0.00837	0.05427	0.00805	0.01163
8	0.01012	0.00723	0.00964	0.01157	0.01205	0.00675	0.00771	0.01157	0.01591	0.02121	0.04579	0.70262	0.05495	0.02603	0.01060	0.00337	0.00482	0.02362	0.00771	0.00675
9	0.01745	0.01772	0.08862	0.02000	0.06540	0.01526	0.10821	0.11645	0.05801	0.03276	0.23734	0.08257	0.07778	0.01327	0.00924	0.00269	0.00779	0.01200	0.00711	0.01034
10	0.01033	0.00732	0.00958	0.01130	0.01173	0.00689	0.00743	0.01162	0.01550	0.02067	0.04372	0.63420	0.05233	0.09801	0.01395	0.00387	0.00516	0.02240	0.00743	0.00657
11	0.01540	0.01305	0.01640	0.11510	0.06151	0.01399	0.01255	0.04165	0.19331	0.02889	0.16210	0.08899	0.17408	0.01480	0.00912	0.00277	0.00636	0.01274	0.00740	0.00978
12	0.02692	0.11482	0.09447	0.02067	0.02647	0.37361	0.05610	0.06285	0.02209	0.05865	0.01524	0.01763	0.01216	0.01171	0.04879	0.00293	0.01360	0.00612	0.00467	0.01049
13	0.01096	0.00818	0.01018	0.01027	0.01207	0.00741	0.00748	0.01391	0.02075	0.02814	0.38801	0.21504	0.19715	0.01997	0.00999	0.00283	0.00419	0.01757	0.00850	0.00741
14	0.02666	0.10615	0.06193	0.02004	0.05935	0.02483	0.01639	0.36321	0.16401	0.04178	0.02141	0.02143	0.01588	0.00965	0.00795	0.00248	0.00877	0.00745	0.00727	0.01334
15	0.02322	0.01597	0.02089	0.22199	0.03206	0.01764	0.01582	0.13019	0.15389	0.15845	0.09797	0.02955	0.02438	0.01062	0.00852	0.00268	0.00817	0.00891	0.00741	0.01168
16	0.02239	0.31709	0.14715	0.01945	0.06293	0.09452	0.01775	0.08500	0.08212	0.02582	0.01612	0.01867	0.01334	0.03494	0.00821	0.00242	0.00996	0.00610	0.00466	0.01136
17	0.02190	0.67501	0.07880	0.01475	0.02215	0.03210	0.01515	0.02496	0.01692	0.01993	0.01174	0.01357	0.01065	0.00715	0.00548	0.00183	0.00908	0.00454	0.00355	0.01075
18	0.10971	0.01528	0.01944	0.05472	0.05408	0.01505	0.01326	0.06916	0.08781	0.40144	0.02856	0.05296	0.01996	0.01047	0.00810	0.00263	0.00734	0.00852	0.00865	0.01286
19	0.76672	0.01607	0.01221	0.01092	0.01607	0.01864	0.00900	0.02442	0.01414	0.03727	0.01157	0.01350	0.00900	0.00771	0.00514	0.00257	0.00643	0.00450	0.00514	0.00900
20	0.01595	0.04394	0.05568	0.01595	0.05555	0.13893	0.01186	0.01890	0.01975	0.02429	0.16252	0.22375	0.14694	0.01700	0.00919	0.00272	0.00742	0.01451	0.00670	0.00845
21	0.01187	0.00890	0.01335	0.01335	0.01483	0.01038	0.01038	0.01483	0.01335	0.01928	0.02225	0.03264	0.02077	0.06231	0.67512	0.01335	0.02225	0.00890	0.00445	0.00742
22	0.02053	0.01744	0.06123	0.05694	0.08938	0.01696	0.01494	0.15700	0.13560	0.06908	0.17768	0.03459	0.03266	0.04056	0.03551	0.00324	0.00813	0.00986	0.00736	0.01130
23	0.01549	0.00774	0.00774	0.00774	0.00968	0.00774	0.00581	0.01936	0.01742	0.03097	0.02710	0.03097	0.02129	0.00968	0.00581	0.00194	0.00387	0.00774	0.75416	0.00774
24	0.06841	0.01759	0.05370	0.05246	0.02170	0.01790	0.01288	0.18733	0.18706	0.03359	0.03024	0.03511	0.08466	0.14381	0.01473	0.00370	0.00786	0.00961	0.00693	0.01071
25	0.01739	0.01317	0.05579	0.01503	0.01896	0.01091	0.07332	0.02174	0.04831	0.14629	0.11683	0.23495	0.13926	0.01732	0.00963	0.00292	0.00660	0.03433	0.00779	0.00944
26	0.02110	0.31234	0.10572	0.01725	0.05725	0.02214	0.01533	0.04821	0.04708	0.09162	0.02161	0.13165	0.02008	0.01096	0.00729	0.00232	0.00825	0.00878	0.00545	0.04556
27	0.10277	0.18603	0.04643	0.01906	0.08737	0.11386	0.03362	0.06078	0.02070	0.02812	0.16119	0.05789	0.02856	0.01074	0.00760	0.00236	0.00856	0.00861	0.00568	0.01005
28	0.02057	0.34905	0.14333	0.01612	0.02356	0.09255	0.01609	0.02455	0.01772	0.02241	0.01462	0.04916	0.01317	0.00814	0.00643	0.00193	0.00937	0.00588	0.00410	0.16125

[dist]
# distance from previous block
# <min> <max>
0	163

[block]
# block no. 3 follows, 22 sequences, length 35
# corresponding to MSA columns:
# 339-347,364-389
name=unknown_D
#
# <colnr> <probs for GDERKNQSTAVLIFYWHMCP>
#	G	D	E	R	K	N	Q	S	T	A	V	L	I	F	Y	W	H	M	C	P
0	0.01805	0.01458	0.08342	0.01569	0.04126	0.01121	0.05556	0.02219	0.02089	0.16043	0.22988	0.07265	0.15632	0.01682	0.04042	0.00318	0.00732	0.01258	0.00773	0.00983
1	0.01455	0.01296	0.01926	0.08306	0.21396	0.01329	0.01475	0.01788	0.01798	0.02413	0.09920	0.08756	0.20501	0.05169	0.04573	0.00356	0.04802	0.01236	0.00585	0.00920
2	0.02264	0.06996	0.05799	0.06698	0.02756	0.09072	0.11203	0.11066	0.09843	0.09438	0.09056	0.03041	0.06960	0.01066	0.00851	0.00256	0.00940	0.00918	0.00657	0.01118
3	0.01677	0.01618	0.02799	0.36742	0.12942	0.01858	0.10304	0.02186	0.01753	0.02366	0.06185	0.02728	0.01787	0.00986	0.01069	0.00285	0.08110	0.03183	0.00436	0.00986
4	0.01422	0.00956	0.01125	0.01042	0.01318	0.00875	0.00783	0.01825	0.05722	0.09308	0.29556	0.06287	0.27997	0.06665	0.01189	0.00308	0.00480	0.01473	0.00840	0.00829
5	0.02379	0.02714	0.02583	0.17154	0.19556	0.32116	0.01965	0.02744	0.02020	0.02223	0.01458	0.01910	0.01207	0.01166	0.05071	0.00308	0.01328	0.00655	0.00412	0.01032
6	0.01112	0.00810	0.01047	0.01065	0.01222	0.00745	0.00769	0.01416	0.02087	0.02885	0.42700	0.25938	0.11100	0.02003	0.01005	0.00286	0.00421	0.01783	0.00861	0.00745
7	0.01769	0.02155	0.14165	0.06886	0.13874	0.01827	0.10197	0.02764	0.16563	0.02701	0.02539	0.05326	0.05492	0.01415	0.05742	0.00353	0.03635	0.00929	0.00537	0.01130
8	0.01162	0.00849	0.01091	0.01030	0.01233	0.00778	0.00773	0.01541	0.02319	0.03253	0.61091	0.06335	0.11980	0.01728	0.00980	0.00263	0.00394	0.01520	0.00904	0.00778
9	0.01650	0.01559	0.02638	0.58188	0.15706	0.01867	0.02348	0.02194	0.01700	0.02221	0.01491	0.02188	0.01142	0.00816	0.00829	0.00272	0.01087	0.00739	0.00376	0.00988
10	0.02064	0.01759	0.01864	0.01667	0.02130	0.02022	0.01299	0.06513	0.58734	0.03535	0.06408	0.03212	0.02757	0.01151	0.00851	0.00280	0.00654	0.00960	0.00848	0.01292
11	0.01835	0.01578	0.04807	0.08319	0.02395	0.01309	0.01254	0.02478	0.09005	0.07369	0.08019	0.02449	0.02062	0.00840	0.00723	0.00187	0.00685	0.00698	0.00593	0.43394
12	0.01723	0.01477	0.01723	0.01230	0.01969	0.01107	0.00984	0.02092	0.01723	0.02707	0.01477	0.01723	0.01230	0.00615	0.00615	0.00123	0.00615	0.00492	0.00492	0.75883
13	0.17514	0.01538	0.01674	0.03954	0.02051	0.01416	0.01066	0.08378	0.01872	0.03117	0.01684	0.06570	0.01479	0.00837	0.00657	0.00186	0.00662	0.00653	0.00547	0.44147
14	0.03138	0.01432	0.01868	0.01405	0.02076	0.01188	0.01151	0.03473	0.02185	0.47526	0.02748	0.02503	0.01814	0.00907	0.00771	0.00218	0.00680	0.00734	0.00871	0.23313
15	0.01075	0.00771	0.01020	0.01114	0.01219	0.00717	0.00776	0.01315	0.01883	0.02586	0.27850	0.45666	0.06395	0.02255	0.01029	0.00308	0.00447	0.02032	0.00826	0.00717
16	0.02296	0.01776	0.02212	0.04100	0.02333	0.02024	0.03866	0.22723	0.11132	0.07691	0.14204	0.02992	0.02764	0.01225	0.01243	0.00281	0.14320	0.00930	0.00737	0.01150
17	0.02870	0.03431	0.02902	0.02402	0.02941	0.47071	0.14380	0.09332	0.02432	0.02496	0.01441	0.01705	0.01145	0.00838	0.00806	0.00232	0.01417	0.00650	0.00468	0.01043
18	0.01147	0.00815	0.01044	0.01044	0.01175	0.00765	0.00732	0.01419	0.01993	0.02778	0.41571	0.19489	0.06507	0.13947	0.01564	0.00372	0.00483	0.01631	0.00813	0.00712
19	0.01600	0.01207	0.01542	0.08330	0.02004	0.01373	0.01140	0.02429	0.22891	0.02326	0.02361	0.03053	0.02029	0.07603	0.15703	0.21088	0.01060	0.00868	0.00556	0.00837
20	0.01437	0.00898	0.01139	0.01051	0.01256	0.00829	0.00763	0.01730	0.02092	0.09413	0.42852	0.05785	0.09094	0.16125	0.01645	0.00376	0.00513	0.01384	0.00833	0.00786
21	0.01803	0.06126	0.02819	0.17555	0.33327	0.01887	0.02084	0.02253	0.01852	0.02580	0.11642	0.02687	0.02279	0.00969	0.00986	0.00261	0.06477	0.00841	0.00475	0.01098
22	0.02586	0.01450	0.01811	0.01337	0.02034	0.01156	0.01086	0.02935	0.02005	0.30057	0.02252	0.02199	0.01586	0.00793	0.00710	0.00181	0.00655	0.00640	0.00723	0.43803
23	0.02935	0.02168	0.02339	0.01835	0.02437	0.02404	0.01497	0.52848	0.09947	0.04810	0.02102	0.02143	0.01531	0.01132	0.00988	0.05104	0.00875	0.00766	0.00802	0.01335
24	0.02066	0.01785	0.01878	0.01691	0.02160	0.02066	0.01315	0.04414	0.64121	0.03475	0.03381	0.03099	0.02536	0.01127	0.00845	0.00282	0.00657	0.00939	0.00845	0.01315
25	0.01018	0.00843	0.00892	0.00880	0.01144	0.00717	0.00660	0.01263	0.01979	0.02448	0.19050	0.07660	0.54524	0.02028	0.00981	0.00277	0.00415	0.01706	0.00798	0.00717
26	0.01021	0.00750	0.00938	0.01084	0.01169	0.00689	0.00727	0.01167	0.01616	0.02105	0.05107	0.54723	0.15750	0.07433	0.01275	0.00361	0.00495	0.02172	0.00752	0.00667
27	0.19007	0.01454	0.01780	0.01397	0.02013	0.01356	0.01154	0.03712	0.02176	0.53112	0.02833	0.02518	0.01814	0.00974	0.00768	0.00257	0.00693	0.00755	0.00921	0.01306
28	0.01648	0.01651	0.01347	0.01330	0.01513	0.18891	0.00934	0.01829	0.01873	0.02210	0.14124	0.22312	0.08492	0.16220	0.01620	0.00384	0.00806	0.01429	0.00647	0.00738
29	0.01001	0.00768	0.00917	0.01036	0.01173	0.00685	0.00718	0.01170	0.01707	0.02168	0.06048	0.46414	0.28394	0.02412	0.01030	0.00316	0.00459	0.02129	0.00771	0.00685
30	0.01137	0.00935	0.01207	0.06032	0.01607	0.00966	0.00946	0.01353	0.01712	0.02233	0.09513	0.34339	0.23599	0.02137	0.01183	0.00312	0.07519	0.01826	0.00711	0.00733
31	0.01443	0.00722	0.01082	0.01082	0.01082	0.00722	0.00722	0.01082	0.01082	0.01443	0.01443	0.02525	0.01443	0.02886	0.03247	0.75830	0.00722	0.00722	0.00361	0.00361
32	0.01754	0.08603	0.45534	0.16205	0.03886	0.05079	0.02720	0.02546	0.01758	0.02447	0.01454	0.01808	0.01066	0.00795	0.00777	0.00257	0.01190	0.00624	0.00359	0.01140
33	0.01183	0.00840	0.01068	0.01016	0.01171	0.00788	0.00725	0.01492	0.02112	0.02971	0.52078	0.06044	0.06829	0.16174	0.01660	0.00375	0.00479	0.01441	0.00828	0.00725
34	0.05305	0.04715	0.01919	0.01579	0.02025	0.17493	0.01249	0.03156	0.07604	0.25066	0.06448	0.03065	0.02275	0.01298	0.01073	0.08064	0.00887	0.04986	0.00726	0.01069

[dist]
# distance from previous block
# <min> <max>
0	2

[block]
# block no. 4 follows, 22 sequences, length 13
# corresponding to MSA columns:
# 392-404
name=unknown_E
#
# <colnr> <probs for GDERKNQSTAVLIFYWHMCP>
#	G	D	E	R	K	N	Q	S	T	A	V	L	I	F	Y	W	H	M	C	P
0	0.21210	0.23708	0.07307	0.12862	0.02941	0.09492	0.07090	0.02531	0.01715	0.02555	0.01293	0.01612	0.01047	0.00766	0.00659	0.00234	0.00998	0.00564	0.00412	0.01004
1	0.02427	0.11205	0.02388	0.01739	0.02287	0.06544	0.01414	0.18727	0.36870	0.03624	0.02607	0.02488	0.01967	0.01022	0.00794	0.00256	0.00806	0.00800	0.00751	0.01284
2	0.76672	0.01607	0.01221	0.01092	0.01607	0.01864	0.00900	0.02442	0.01414	0.03727	0.01157	0.01350	0.00900	0.00771	0.00514	0.00257	0.00643	0.00450	0.00514	0.00900
3	0.69666	0.01831	0.01329	0.01192	0.01698	0.08112	0.00967	0.02525	0.01503	0.03566	0.01169	0.01364	0.00916	0.00779	0.00536	0.00253	0.00724	0.00458	0.00506	0.00906
4	0.01415	0.01086	0.01522	0.01444	0.01632	0.01280	0.01139	0.07361	0.01576	0.02248	0.02131	0.03051	0.01951	0.05429	0.57052	0.01170	0.06354	0.00866	0.00477	0.00816
5	0.01865	0.01472	0.01737	0.01248	0.01980	0.01115	0.01001	0.02230	0.01769	0.07207	0.01604	0.01801	0.01289	0.00645	0.00631	0.00133	0.00622	0.00517	0.00530	0.70605
6	0.01016	0.00843	0.00889	0.00877	0.01143	0.00716	0.00658	0.01258	0.01974	0.02435	0.18403	0.07680	0.55178	0.02033	0.00981	0.00277	0.00416	0.01709	0.00797	0.00716
7	0.01734	0.01464	0.01764	0.17995	0.02742	0.01615	0.01363	0.11713	0.17802	0.02984	0.04449	0.04414	0.23838	0.01374	0.00887	0.00275	0.00726	0.01143	0.00700	0.01020
8	0.02242	0.33302	0.07388	0.01755	0.02300	0.02775	0.01633	0.15057	0.02048	0.02698	0.01389	0.01701	0.01191	0.01206	0.04266	0.00295	0.16591	0.00605	0.00461	0.01098
9	0.01208	0.00805	0.00906	0.00906	0.00906	0.00805	0.00503	0.01208	0.01208	0.01611	0.02618	0.05436	0.03020	0.70804	0.04228	0.00805	0.00805	0.01208	0.00503	0.00503
10	0.02160	0.01831	0.01931	0.01710	0.02196	0.02110	0.01338	0.09418	0.58965	0.03626	0.03262	0.03005	0.02440	0.01116	0.00844	0.00279	0.00679	0.00923	0.00844	0.01323
11	0.03727	0.01414	0.01928	0.01478	0.02121	0.01221	0.01221	0.04049	0.02378	0.66198	0.03277	0.02828	0.02056	0.01028	0.00835	0.00257	0.00707	0.00835	0.01028	0.01414
12	0.01716	0.03412	0.43121	0.12832	0.04086	0.01954	0.16037	0.02559	0.01785	0.02559	0.01530	0.01932	0.01107	0.00776	0.00838	0.00269	0.01247	0.00714	0.00369	0.01157

[dist]
# distance from previous block
# <min> <max>
7	17

[block]
# block no. 5 follows, 22 sequences, length 14
# corresponding to MSA columns:
# 436-449
name=unknown_F
#
# <colnr> <probs for GDERKNQSTAVLIFYWHMCP>
#	G	D	E	R	K	N	Q	S	T	A	V	L	I	F	Y	W	H	M	C	P
0	0.28805	0.06179	0.06196	0.01620	0.02170	0.09236	0.03843	0.08740	0.06333	0.08515	0.05707	0.02071	0.01667	0.00940	0.00810	0.00256	0.04584	0.00669	0.00595	0.01062
1	0.09705	0.02691	0.25560	0.08649	0.06495	0.01920	0.09851	0.12244	0.02078	0.03079	0.01871	0.08661	0.01581	0.00991	0.00824	0.00270	0.01040	0.00857	0.00502	0.01131
2	0.01835	0.04322	0.18890	0.01710	0.04100	0.01522	0.01602	0.05607	0.08304	0.07269	0.02306	0.09273	0.02061	0.09700	0.04019	0.00353	0.00901	0.00904	0.00569	0.14755
3	0.01792	0.09340	0.21248	0.01641	0.02453	0.05769	0.01673	0.02303	0.01759	0.02525	0.01659	0.06587	0.01456	0.00834	0.00699	0.00191	0.00871	0.00660	0.00452	0.36087
4	0.01756	0.18697	0.26726	0.01996	0.02700	0.02187	0.05920	0.02309	0.01673	0.02352	0.05876	0.02158	0.01650	0.01477	0.07683	0.00367	0.12307	0.00706	0.00407	0.01052
5	0.01935	0.07860	0.23432	0.06410	0.03122	0.01903	0.10499	0.02731	0.07962	0.06758	0.01771	0.02021	0.01333	0.00826	0.00877	0.00241	0.04542	0.00691	0.00481	0.14604
6	0.01443	0.00722	0.01082	0.01082	0.01082	0.00722	0.00722	0.01082	0.01082	0.01443	0.01443	0.02525	0.01443	0.02886	0.03247	0.75830	0.00722	0.00722	0.00361	0.00361
7	0.02082	0.02071	0.06816	0.07576	0.17585	0.02292	0.02033	0.12279	0.06292	0.02849	0.01563	0.02017	0.01296	0.01100	0.01575	0.00299	0.27912	0.00742	0.00484	0.01137
8	0.01563	0.01319	0.01904	0.17109	0.02736	0.01294	0.05690	0.01988	0.05622	0.02302	0.02075	0.09809	0.01973	0.09253	0.01433	0.07784	0.00808	0.00919	0.00499	0.23919
9	0.01119	0.00855	0.01037	0.01056	0.01273	0.00774	0.00817	0.01424	0.02056	0.02704	0.29882	0.11858	0.28583	0.02010	0.01014	0.00294	0.00470	0.11207	0.00827	0.00742
10	0.01695	0.22011	0.02330	0.01542	0.06314	0.01750	0.01197	0.06259	0.02095	0.02742	0.22106	0.04585	0.11134	0.01429	0.00909	0.02458	0.00672	0.07187	0.00657	0.00928
11	0.01723	0.01477	0.01723	0.01230	0.01969	0.01107	0.00984	0.02092	0.01723	0.02707	0.01477	0.01723	0.01230	0.00615	0.00615	0.00123	0.00615	0.00492	0.00492	0.75883
12	0.01894	0.13968	0.11918	0.05937	0.02402	0.06609	0.01537	0.08330	0.13298	0.02731	0.03365	0.08142	0.14046	0.01249	0.00816	0.00257	0.00839	0.01005	0.00605	0.01053
13	0.05971	0.02387	0.07373	0.02421	0.05993	0.12985	0.07889	0.02379	0.01593	0.02246	0.01239	0.01791	0.01104	0.01159	0.01870	0.00312	0.39218	0.00699	0.00389	0.00984

[dist]
# distance from previous block
# <min> <max>
0	1

[block]
# block no. 6 follows, 22 sequences, length 96
# corresponding to MSA columns:
# 451-497,513-518,522-564
name=unknown_G
#
# <colnr> <probs for GDERKNQSTAVLIFYWHMCP>
#	G	D	E	R	K	N	Q	S	T	A	V	L	I	F	Y	W	H	M	C	P
0	0.01004	0.00849	0.00873	0.00885	0.01160	0.00717	0.00676	0.01226	0.01895	0.02260	0.08161	0.08082	0.61453	0.02116	0.00992	0.00287	0.00443	0.05445	0.00771	0.00705
1	0.02649	0.01939	0.02212	0.01992	0.09331	0.05912	0.01434	0.19725	0.07269	0.15287	0.02100	0.02133	0.01534	0.00867	0.00766	0.00215	0.00816	0.00692	0.00701	0.22427
2	0.01801	0.01441	0.01694	0.01228	0.01925	0.01099	0.00973	0.02150	0.01732	0.05926	0.01624	0.01959	0.01359	0.04027	0.00801	0.00163	0.00629	0.00544	0.00520	0.68404
3	0.02997	0.03527	0.02319	0.02064	0.02525	0.52579	0.01570	0.10560	0.09269	0.02573	0.01598	0.01732	0.01271	0.00902	0.00769	0.00226	0.01337	0.00605	0.00522	0.01055
4	0.02478	0.01497	0.01785	0.01461	0.01921	0.01513	0.01168	0.23699	0.02856	0.19083	0.24188	0.07967	0.04035	0.01347	0.00898	0.00261	0.00657	0.01131	0.00903	0.01150
5	0.01655	0.01530	0.02386	0.57244	0.05108	0.01884	0.02136	0.02517	0.12422	0.02356	0.01805	0.02367	0.01354	0.00882	0.00833	0.00278	0.01030	0.00773	0.00451	0.00990
6	0.01935	0.02330	0.08221	0.03354	0.04163	0.02119	0.55402	0.02617	0.01906	0.02617	0.01633	0.02187	0.01238	0.00753	0.01080	0.00284	0.05691	0.00944	0.00413	0.01113
7	0.01132	0.00907	0.01031	0.01077	0.01317	0.00836	0.00834	0.01511	0.05824	0.02411	0.09985	0.16073	0.38925	0.02121	0.01014	0.00306	0.00507	0.12652	0.00783	0.00753
8	0.02044	0.49934	0.24174	0.01723	0.02599	0.02854	0.01947	0.02533	0.01709	0.02170	0.01262	0.01467	0.01062	0.00736	0.00615	0.00205	0.00997	0.00498	0.00354	0.01118
9	0.01142	0.00848	0.01063	0.01010	0.01220	0.00769	0.00757	0.01502	0.02272	0.03141	0.55266	0.06518	0.17875	0.01769	0.00980	0.00265	0.00397	0.01546	0.00890	0.00769
10	0.01188	0.00885	0.01311	0.01311	0.01451	0.01026	0.01009	0.01468	0.01328	0.01911	0.02247	0.03384	0.02129	0.09808	0.64006	0.01306	0.02147	0.00908	0.00448	0.00729
11	0.01785	0.01799	0.02971	0.21735	0.07574	0.02234	0.12050	0.02179	0.01537	0.02189	0.01329	0.02017	0.01138	0.01105	0.01772	0.00317	0.34143	0.00773	0.00378	0.00974
12	0.01012	0.00723	0.00964	0.01157	0.01205	0.00675	0.00771	0.01157	0.01591	0.02121	0.04579	0.70262	0.05495	0.02603	0.01060	0.00337	0.00482	0.02362	0.00771	0.00675
13	0.01838	0.06024	0.28478	0.06123	0.11220	0.01699	0.05300	0.02478	0.01918	0.08571	0.09825	0.03079	0.05739	0.01035	0.00844	0.00263	0.00971	0.02938	0.00533	0.01127
14	0.01723	0.01477	0.01723	0.01230	0.01969	0.01107	0.00984	0.02092	0.01723	0.02707	0.01477	0.01723	0.01230	0.00615	0.00615	0.00123	0.00615	0.00492	0.00492	0.75883
15	0.03103	0.03959	0.02354	0.02140	0.02568	0.67469	0.01605	0.03317	0.02354	0.02033	0.01284	0.01498	0.01070	0.00856	0.00749	0.00214	0.01498	0.00535	0.00428	0.00963
16	0.02487	0.01911	0.02054	0.01738	0.02274	0.02151	0.01382	0.20760	0.42994	0.08295	0.02986	0.02771	0.02188	0.01084	0.00841	0.00271	0.00733	0.00878	0.00854	0.01349
17	0.02474	0.01987	0.02108	0.01773	0.02316	0.02257	0.01414	0.26258	0.41613	0.04133	0.02863	0.02686	0.02116	0.01079	0.00840	0.00270	0.00753	0.00868	0.00840	0.01352
18	0.01187	0.00890	0.01335	0.01335	0.01483	0.01038	0.01038	0.01483	0.01335	0.01928	0.02225	0.03264	0.02077	0.06231	0.67512	0.01335	0.02225	0.00890	0.00445	0.00742
19	0.01832	0.02132	0.17579	0.01768	0.02355	0.01582	0.06231	0.16804	0.02374	0.03275	0.16378	0.09690	0.06416	0.01419	0.01061	0.05481	0.00832	0.01103	0.00660	0.01027
20	0.01208	0.00805	0.00906	0.00906	0.00906	0.00805	0.00503	0.01208	0.01208	0.01611	0.02618	0.05436	0.03020	0.70804	0.04228	0.00805	0.00805	0.01208	0.00503	0.00503
21	0.01686	0.01831	0.06679	0.47319	0.08237	0.01914	0.15858	0.02293	0.01745	0.02301	0.01527	0.02187	0.01149	0.00795	0.00861	0.00275	0.01174	0.00786	0.00382	0.01004
22	0.01050	0.00844	0.00936	0.00913	0.01164	0.00730	0.00685	0.01324	0.02055	0.02627	0.28387	0.07365	0.45076	0.01961	0.00981	0.00274	0.00411	0.01665	0.00822	0.00730
23	0.01443	0.00722	0.01082	0.01082	0.01082	0.00722	0.00722	0.01082	0.01082	0.01443	0.01443	0.02525	0.01443	0.02886	0.03247	0.75830	0.00722	0.00722	0.00361	0.00361
24	0.03727	0.01414	0.01928	0.01478	0.02121	0.01221	0.01221	0.04049	0.02378	0.66198	0.03277	0.02828	0.02056	0.01028	0.00835	0.00257	0.00707	0.00835	0.01028	0.01414
25	0.02744	0.03018	0.02202	0.01957	0.02426	0.37463	0.01500	0.10124	0.24251	0.02886	0.02098	0.02115	0.01623	0.00967	0.00792	0.00242	0.01139	0.00700	0.00618	0.01135
26	0.03103	0.03959	0.02354	0.02140	0.02568	0.67469	0.01605	0.03317	0.02354	0.02033	0.01284	0.01498	0.01070	0.00856	0.00749	0.00214	0.01498	0.00535	0.00428	0.00963
27	0.01999	0.02400	0.14137	0.05574	0.14164	0.05128	0.22578	0.02675	0.05084	0.06137	0.01945	0.06834	0.01612	0.00949	0.00992	0.00276	0.04976	0.00917	0.00482	0.01141
28	0.01025	0.00733	0.00975	0.01148	0.01208	0.00683	0.00772	0.01188	0.01649	0.02213	0.09197	0.65380	0.05673	0.02534	0.01054	0.00332	0.00475	0.02296	0.00782	0.00683
29	0.76672	0.01607	0.01221	0.01092	0.01607	0.01864	0.00900	0.02442	0.01414	0.03727	0.01157	0.01350	0.00900	0.00771	0.00514	0.00257	0.00643	0.00450	0.00514	0.00900
30	0.02255	0.01693	0.02298	0.32192	0.03854	0.01842	0.01769	0.18304	0.02342	0.10234	0.01815	0.02142	0.01315	0.00860	0.00795	0.00241	0.00928	0.00710	0.00585	0.13824
31	0.76672	0.01607	0.01221	0.01092	0.01607	0.01864	0.00900	0.02442	0.01414	0.03727	0.01157	0.01350	0.00900	0.00771	0.00514	0.00257	0.00643	0.00450	0.00514	0.00900
32	0.01810	0.12042	0.51346	0.02165	0.03257	0.05411	0.02654	0.02612	0.01775	0.02525	0.01439	0.01689	0.01067	0.00771	0.00745	0.00241	0.01159	0.00581	0.00365	0.06345
33	0.01134	0.01058	0.04223	0.01015	0.01344	0.00819	0.00829	0.01456	0.02035	0.02675	0.27446	0.06630	0.37623	0.01795	0.00946	0.00262	0.00464	0.01523	0.00782	0.05942
34	0.01392	0.01088	0.01416	0.01483	0.06319	0.01086	0.01033	0.02098	0.11989	0.03260	0.47232	0.05579	0.06338	0.01569	0.00956	0.00270	0.00500	0.04631	0.00857	0.00907
35	0.01706	0.03130	0.39139	0.02110	0.02991	0.01820	0.05708	0.02901	0.16920	0.02833	0.05326	0.07548	0.02096	0.01049	0.00844	0.00274	0.01001	0.00890	0.00534	0.01179
36	0.01362	0.01065	0.01268	0.01259	0.01491	0.01095	0.00940	0.02189	0.18335	0.02929	0.25790	0.23443	0.08850	0.01853	0.00976	0.00295	0.00508	0.04623	0.00841	0.00888
37	0.01960	0.05772	0.39495	0.02122	0.03003	0.14144	0.02353	0.02889	0.10096	0.02574	0.01904	0.06596	0.01559	0.00969	0.00800	0.00259	0.01141	0.00757	0.00460	0.01147
38	0.21189	0.01467	0.01613	0.01337	0.01847	0.03686	0.01079	0.03182	0.05610	0.33198	0.14250	0.03061	0.02842	0.01089	0.00780	0.00258	0.00657	0.00860	0.00848	0.01147
39	0.01980	0.01735	0.02364	0.07226	0.05800	0.02093	0.05017	0.03037	0.24150	0.06083	0.02330	0.02879	0.01920	0.01240	0.01507	0.00312	0.24032	0.04582	0.00604	0.01107
40	0.02066	0.01785	0.01878	0.01691	0.02160	0.02066	0.01315	0.04414	0.64121	0.03475	0.03381	0.03099	0.02536	0.01127	0.00845	0.00282	0.00657	0.00939	0.00845	0.01315
41	0.01636	0.01479	0.02326	0.02452	0.13821	0.01623	0.08522	0.05265	0.01767	0.02463	0.02749	0.26793	0.02973	0.01672	0.01373	0.00318	0.16149	0.05099	0.00576	0.00944
42	0.01955	0.01741	0.01992	0.01679	0.01968	0.08771	0.01337	0.02189	0.01582	0.07021	0.01639	0.02347	0.01489	0.08671	0.08390	0.00422	0.26518	0.00723	0.00475	0.19093
43	0.02459	0.25410	0.14992	0.01796	0.02574	0.06231	0.01762	0.23767	0.02521	0.03297	0.01545	0.01683	0.01198	0.00827	0.00704	0.00217	0.00974	0.00592	0.00536	0.06914
44	0.01951	0.09111	0.05586	0.01514	0.01994	0.01778	0.01293	0.08093	0.25519	0.06613	0.16075	0.04014	0.07152	0.01289	0.00860	0.00267	0.00676	0.04318	0.00779	0.01119
45	0.01926	0.03205	0.36212	0.03101	0.15276	0.01939	0.17233	0.02703	0.01865	0.06233	0.01651	0.01988	0.01208	0.00772	0.00844	0.00264	0.01195	0.00738	0.00417	0.01229
46	0.01687	0.06861	0.64122	0.02332	0.03540	0.01981	0.03006	0.02625	0.01751	0.02605	0.01478	0.01738	0.01053	0.00786	0.00779	0.00260	0.01215	0.00607	0.00351	0.01222
47	0.01490	0.01690	0.13640	0.01973	0.12667	0.01177	0.01488	0.01881	0.01826	0.06778	0.04662	0.20688	0.23403	0.01674	0.00928	0.00284	0.00703	0.01453	0.00649	0.00947
48	0.01843	0.25668	0.46680	0.02066	0.03129	0.02362	0.02544	0.02585	0.01733	0.02415	0.01384	0.01620	0.01057	0.00764	0.00708	0.00236	0.01120	0.00560	0.00352	0.01176
49	0.01012	0.00723	0.00964	0.01157	0.01205	0.00675	0.00771	0.01157	0.01591	0.02121	0.04579	0.70262	0.05495	0.02603	0.01060	0.00337	0.00482	0.02362	0.00771	0.00675
50	0.11339	0.01218	0.01457	0.01219	0.01697	0.01119	0.00982	0.02770	0.02037	0.33949	0.04592	0.04330	0.22086	0.01700	0.05443	0.00339	0.00713	0.01086	0.00845	0.01079
51	0.01688	0.01576	0.02650	0.45871	0.22161	0.01814	0.02301	0.02211	0.01745	0.02316	0.01723	0.02716	0.01446	0.00917	0.00852	0.00276	0.01048	0.05258	0.00411	0.01021
52	0.01634	0.01568	0.02242	0.10796	0.02467	0.02103	0.01687	0.01858	0.01383	0.02038	0.01793	0.14653	0.01915	0.01586	0.02165	0.00347	0.47424	0.01034	0.00440	0.00867
53	0.01023	0.00769	0.00919	0.01030	0.01147	0.00697	0.00699	0.01173	0.01647	0.02107	0.05598	0.43642	0.24305	0.09557	0.01366	0.00368	0.00496	0.02047	0.00743	0.00665
54	0.01216	0.00995	0.01578	0.01765	0.07538	0.00945	0.06747	0.01459	0.01671	0.02247	0.04016	0.54134	0.04669	0.02234	0.01036	0.00326	0.00631	0.05308	0.00704	0.00781
55	0.02349	0.02506	0.25366	0.01831	0.02693	0.01511	0.04840	0.04724	0.02028	0.22782	0.02465	0.02468	0.05018	0.00908	0.00793	0.00236	0.00903	0.00747	0.00633	0.15200
56	0.52928	0.23835	0.02220	0.01197	0.01774	0.02318	0.01066	0.02457	0.01501	0.03162	0.01156	0.01344	0.00953	0.00752	0.00520	0.00232	0.00721	0.00448	0.00463	0.00953
57	0.02357	0.01094	0.01471	0.01272	0.01652	0.00971	0.00989	0.02669	0.02222	0.32968	0.24459	0.16564	0.04654	0.01549	0.00926	0.00273	0.00558	0.01346	0.00942	0.01063
58	0.01831	0.16418	0.43609	0.02518	0.08128	0.02204	0.08979	0.02601	0.01774	0.02514	0.01454	0.01749	0.01097	0.00762	0.00764	0.00248	0.01164	0.00630	0.00364	0.01193
59	0.02604	0.05664	0.10496	0.02003	0.02571	0.34189	0.01703	0.07612	0.19516	0.02728	0.01937	0.02004	0.01498	0.00927	0.00779	0.00240	0.01168	0.00669	0.00559	0.01129
60	0.01208	0.00805	0.00906	0.00906	0.00906	0.00805	0.00503	0.01208	0.01208	0.01611	0.02618	0.05436	0.03020	0.70804	0.04228	0.00805	0.00805	0.01208	0.00503	0.00503
61	0.02221	0.71304	0.04353	0.01421	0.02132	0.03287	0.01421	0.02488	0.01688	0.01955	0.01155	0.01333	0.01066	0.00711	0.00533	0.00178	0.00888	0.00444	0.00355	0.01066
62	0.02002	0.01727	0.01849	0.01605	0.02124	0.01887	0.01253	0.03981	0.52468	0.03332	0.03026	0.02842	0.02292	0.01031	0.00802	0.00252	0.00650	0.00856	0.00779	0.15241
63	0.01569	0.01477	0.02492	0.68808	0.05722	0.01846	0.02307	0.02123	0.01661	0.02123	0.01477	0.02215	0.01107	0.00831	0.00831	0.00277	0.01107	0.00738	0.00369	0.00923
64	0.01227	0.00928	0.01066	0.01010	0.01277	0.00848	0.00764	0.01669	0.06405	0.04776	0.33173	0.06702	0.33451	0.01823	0.00967	0.00271	0.00433	0.01557	0.00848	0.00802
65	0.01443	0.00722	0.01082	0.01082	0.01082	0.00722	0.00722	0.01082	0.01082	0.01443	0.01443	0.02525	0.01443	0.02886	0.03247	0.75830	0.00722	0.00722	0.00361	0.00361
66	0.01103	0.00846	0.01010	0.00969	0.01197	0.00753	0.00727	0.01427	0.02180	0.02924	0.43933	0.06875	0.29343	0.01850	0.00981	0.00268	0.00403	0.01596	0.00861	0.00753
67	0.03035	0.01255	0.01690	0.01364	0.01881	0.01094	0.01098	0.03348	0.02292	0.49524	0.12369	0.08679	0.05998	0.01292	0.00880	0.00265	0.00632	0.01088	0.00981	0.01236
68	0.03727	0.01414	0.01928	0.01478	0.02121	0.01221	0.01221	0.04049	0.02378	0.66198	0.03277	0.02828	0.02056	0.01028	0.00835	0.00257	0.00707	0.00835	0.01028	0.01414
69	0.01176	0.00849	0.01110	0.01045	0.01241	0.00784	0.00784	0.01568	0.02352	0.03331	0.65184	0.06206	0.07839	0.01698	0.00980	0.00261	0.00392	0.01502	0.00914	0.00784
70	0.25391	0.01598	0.01741	0.01395	0.01972	0.01636	0.01147	0.14402	0.02330	0.31687	0.02361	0.02246	0.01594	0.00941	0.00720	0.00251	0.00704	0.00699	0.05968	0.01215
71	0.01066	0.00845	0.00959	0.00930	0.01174	0.00737	0.00698	0.01356	0.02093	0.02718	0.33174	0.07215	0.40231	0.01927	0.00981	0.00272	0.00408	0.01644	0.00834	0.00737
72	0.01176	0.00849	0.01110	0.01045	0.01241	0.00784	0.00784	0.01568	0.02352	0.03331	0.65184	0.06206	0.07839	0.01698	0.00980	0.00261	0.00392	0.01502	0.00914	0.00784
73	0.01278	0.00913	0.01269	0.01460	0.01625	0.00904	0.01233	0.01616	0.01852	0.02418	0.04432	0.20743	0.04914	0.02352	0.01131	0.00374	0.00712	0.49260	0.00766	0.00748
74	0.76672	0.01607	0.01221	0.01092	0.01607	0.01864	0.00900	0.02442	0.01414	0.03727	0.01157	0.01350	0.00900	0.00771	0.00514	0.00257	0.00643	0.00450	0.00514	0.00900
75	0.02066	0.01785	0.01878	0.01691	0.02160	0.02066	0.01315	0.04414	0.64121	0.03475	0.03381	0.03099	0.02536	0.01127	0.00845	0.00282	0.00657	0.00939	0.00845	0.01315
76	0.01038	0.00725	0.00955	0.01138	0.01194	0.00680	0.00762	0.01194	0.01598	0.02168	0.04489	0.67025	0.05332	0.02524	0.01037	0.00330	0.00477	0.02285	0.04369	0.00680
77	0.01132	0.00819	0.01081	0.01169	0.01310	0.00769	0.00875	0.01416	0.01947	0.02641	0.27054	0.31951	0.09425	0.02186	0.01043	0.00315	0.00499	0.12814	0.00823	0.00733
78	0.01081	0.00861	0.00979	0.00995	0.01243	0.00760	0.00776	0.01358	0.01998	0.02523	0.20360	0.07815	0.43061	0.02044	0.01007	0.00292	0.00468	0.10846	0.00802	0.00730
79	0.01012	0.00723	0.00964	0.01157	0.01205	0.00675	0.00771	0.01157	0.01591	0.02121	0.04579	0.70262	0.05495	0.02603	0.01060	0.00337	0.00482	0.02362	0.00771	0.00675
80	0.24107	0.01566	0.01752	0.01420	0.02005	0.01587	0.01162	0.06791	0.10348	0.36976	0.02623	0.02401	0.01758	0.00967	0.00746	0.00260	0.00693	0.00735	0.00848	0.01255
81	0.01464	0.01044	0.01208	0.01176	0.01441	0.01013	0.00878	0.05120	0.09369	0.07028	0.11481	0.23360	0.24099	0.04018	0.01072	0.00310	0.00532	0.03721	0.00807	0.00859
82	0.64105	0.01573	0.01343	0.01159	0.01695	0.01753	0.00955	0.02719	0.01580	0.14490	0.01522	0.01604	0.01099	0.00815	0.00569	0.00257	0.00654	0.00516	0.00603	0.00988
83	0.01869	0.01586	0.01708	0.01591	0.01982	0.01806	0.01213	0.03806	0.52443	0.03222	0.03605	0.15643	0.03088	0.01403	0.00885	0.00292	0.00625	0.01205	0.00831	0.01195
84	0.01574	0.00904	0.00917	0.00873	0.01117	0.00899	0.00665	0.06450	0.01933	0.03113	0.03639	0.03857	0.12956	0.01166	0.00669	0.00213	0.00433	0.00941	0.56871	0.00810
85	0.01311	0.00911	0.01239	0.01203	0.01421	0.00950	0.00933	0.01596	0.01620	0.06545	0.08598	0.04606	0.17856	0.04525	0.41694	0.00923	0.01543	0.01142	0.00600	0.00781
86	0.01382	0.00860	0.01108	0.01119	0.01314	0.00777	0.00810	0.01633	0.01961	0.10123	0.23813	0.34209	0.13575	0.02069	0.00998	0.00297	0.00473	0.01834	0.00846	0.00800
87	0.01012	0.00723	0.00964	0.01157	0.01205	0.00675	0.00771	0.01157	0.01591	0.02121	0.04579	0.70262	0.05495	0.02603	0.01060	0.00337	0.00482	0.02362	0.00771	0.00675
88	0.01599	0.01138	0.01493	0.01385	0.01621	0.01283	0.01084	0.12945	0.01824	0.02590	0.02156	0.02959	0.01908	0.04635	0.45544	0.06731	0.01739	0.00843	0.05682	0.00840
89	0.01859	0.01772	0.03015	0.30922	0.41342	0.01922	0.02451	0.02376	0.01798	0.02474	0.01528	0.02120	0.01231	0.00777	0.00826	0.00259	0.01036	0.00739	0.00394	0.01157
90	0.01693	0.07590	0.63446	0.02321	0.03524	0.01996	0.02988	0.02624	0.01751	0.02598	0.01474	0.01733	0.01053	0.00785	0.00777	0.00259	0.01211	0.00606	0.00351	0.01220
91	0.01620	0.00850	0.00909	0.00878	0.01070	0.00863	0.00654	0.05079	0.01766	0.02982	0.02496	0.02959	0.01996	0.01236	0.00964	0.10698	0.00462	0.00766	0.61002	0.00751
92	0.01709	0.01620	0.02660	0.20539	0.21041	0.01894	0.05141	0.02125	0.01597	0.02255	0.01568	0.02282	0.01352	0.01940	0.13696	0.00485	0.15914	0.00777	0.00397	0.01007
93	0.01796	0.01727	0.10653	0.06427	0.02596	0.01359	0.12800	0.02358	0.05161	0.12340	0.09804	0.11871	0.14758	0.01384	0.00925	0.00279	0.00818	0.01253	0.00680	0.01010
94	0.02061	0.06453	0.02060	0.01415	0.02089	0.01605	0.01162	0.16673	0.02215	0.03203	0.01636	0.01879	0.01327	0.01142	0.05760	0.00250	0.00829	0.00581	0.00561	0.47101
95	0.07620	0.01936	0.01881	0.01583	0.02053	0.08899	0.01253	0.28982	0.05599	0.06881	0.06078	0.10723	0.05869	0.01262	0.00829	0.00257	0.00797	0.01007	0.05366	0.01124

[dist]
# distance from previous block
# <min> <max>
5	146

# created by:
# /home/cegg/simao/soft/augustus-3.2.1/scripts/msa2prfl.pl ./align_prep/EOG090W0BB8.fa
