[name]
unknown

[dist]
# distance from previous block
# <min> <max>
0	17

[block]
# block no. 0 follows, 36 sequences, length 120
# corresponding to MSA columns:
# 17-117,164-182
name=unknown_A
#
# <colnr> <probs for GDERKNQSTAVLIFYWHMCP>
#	G	D	E	R	K	N	Q	S	T	A	V	L	I	F	Y	W	H	M	C	P
0	0.01656	0.01657	0.01807	0.01523	0.01873	0.21721	0.14068	0.09664	0.03462	0.04092	0.06133	0.04944	0.03978	0.01064	0.02912	0.00228	0.00821	0.14198	0.00461	0.03739
1	0.04990	0.00814	0.00902	0.00823	0.01044	0.03480	0.00619	0.01456	0.01539	0.14312	0.27749	0.06934	0.23107	0.08379	0.00923	0.00238	0.00411	0.01034	0.00611	0.00637
2	0.01788	0.07813	0.06560	0.01520	0.06587	0.08283	0.04449	0.23290	0.11653	0.04787	0.03740	0.08016	0.01504	0.00798	0.00610	0.00185	0.00674	0.00655	0.00495	0.06591
3	0.01442	0.06292	0.42336	0.04131	0.06192	0.07035	0.11439	0.02030	0.03134	0.04679	0.04564	0.01566	0.01114	0.00627	0.00611	0.00193	0.00875	0.00538	0.00325	0.00877
4	0.01819	0.23512	0.19010	0.01640	0.07532	0.16974	0.02995	0.11917	0.03369	0.04064	0.01148	0.01286	0.00899	0.00615	0.00544	0.00170	0.00827	0.00451	0.00354	0.00875
5	0.01520	0.06314	0.06245	0.02885	0.34088	0.01549	0.26947	0.01937	0.01425	0.04015	0.03236	0.01644	0.01097	0.00591	0.00703	0.00195	0.03761	0.00619	0.00328	0.00899
6	0.00772	0.00632	0.00682	0.00679	0.00872	0.00542	0.00511	0.00959	0.01484	0.01848	0.19641	0.07413	0.57087	0.01529	0.00740	0.00210	0.00319	0.02939	0.00600	0.00539
7	0.01344	0.03837	0.14306	0.07563	0.20121	0.01200	0.03362	0.04823	0.02998	0.05538	0.10765	0.11241	0.04765	0.00882	0.00644	0.00195	0.00637	0.00782	0.00433	0.04565
8	0.02343	0.08695	0.01801	0.06491	0.04670	0.13845	0.01115	0.13129	0.04485	0.34479	0.01775	0.01709	0.01220	0.00708	0.00594	0.00182	0.00693	0.00547	0.00570	0.00949
9	0.00759	0.00632	0.00662	0.00654	0.00855	0.00535	0.00491	0.00937	0.01472	0.01807	0.16598	0.05792	0.63600	0.01532	0.00736	0.00208	0.00312	0.01286	0.00595	0.00535
10	0.78745	0.01200	0.00960	0.04322	0.01348	0.01397	0.00724	0.01820	0.01069	0.02740	0.00879	0.01042	0.00682	0.00580	0.00397	0.00193	0.00498	0.00347	0.00381	0.00676
11	0.14423	0.08194	0.08175	0.10201	0.22027	0.07601	0.03392	0.07993	0.01503	0.07034	0.01208	0.01431	0.00931	0.00609	0.00556	0.00184	0.00728	0.00492	0.02459	0.00859
12	0.00858	0.00636	0.00799	0.00759	0.00916	0.00578	0.00569	0.01129	0.01707	0.02364	0.62711	0.04876	0.17139	0.01324	0.00735	0.00198	0.00298	0.01158	0.00668	0.00578
13	0.00759	0.00542	0.00723	0.00868	0.00904	0.00506	0.00578	0.00868	0.01193	0.01591	0.03434	0.77697	0.04121	0.01952	0.00795	0.00253	0.00361	0.01771	0.00578	0.00506
14	0.06691	0.02827	0.01723	0.01556	0.01887	0.68739	0.01174	0.05124	0.01772	0.01686	0.00978	0.01132	0.00805	0.00643	0.00555	0.00163	0.01072	0.00404	0.00336	0.00733
15	0.01812	0.61953	0.02944	0.01174	0.01671	0.14363	0.01095	0.05824	0.01439	0.01611	0.00917	0.01047	0.00814	0.00563	0.00438	0.00141	0.00742	0.00357	0.00295	0.00801
16	0.04023	0.05040	0.05899	0.05581	0.23800	0.04162	0.02994	0.10807	0.04345	0.04373	0.05166	0.01638	0.01253	0.00623	0.00575	0.00167	0.00660	0.00532	0.00404	0.17959
17	0.01903	0.07213	0.11948	0.03729	0.17541	0.15264	0.01450	0.16285	0.05525	0.08760	0.01421	0.03703	0.01113	0.00690	0.00597	0.00184	0.00779	0.00549	0.00430	0.00916
18	0.01232	0.01164	0.01969	0.65587	0.14877	0.01399	0.01758	0.01640	0.01272	0.01659	0.01117	0.01643	0.00854	0.00613	0.00622	0.00204	0.00817	0.00554	0.00282	0.00737
19	0.01342	0.01137	0.01319	0.00946	0.01498	0.00881	0.00759	0.04831	0.01368	0.02118	0.01125	0.01301	0.00929	0.00475	0.00469	0.00097	0.00472	0.00378	0.00381	0.78175
20	0.00797	0.00569	0.00766	0.00911	0.00963	0.00539	0.00644	0.00933	0.01230	0.01633	0.03413	0.66789	0.04038	0.01916	0.00805	0.00258	0.00394	0.12305	0.00578	0.00517
21	0.01600	0.01456	0.02438	0.03604	0.68182	0.01457	0.01832	0.02016	0.04080	0.05413	0.01282	0.01598	0.01046	0.00576	0.00618	0.00186	0.00721	0.00564	0.00342	0.00990
22	0.01317	0.03128	0.71665	0.01747	0.02648	0.01424	0.02241	0.02020	0.01336	0.05150	0.01177	0.01351	0.00822	0.00600	0.00593	0.00197	0.00904	0.00468	0.00285	0.00927
23	0.01177	0.01107	0.01869	0.76606	0.04291	0.01384	0.01730	0.01592	0.01246	0.01592	0.01107	0.01661	0.00831	0.00623	0.00623	0.00208	0.00831	0.00554	0.00277	0.00692
24	0.00906	0.00604	0.00680	0.00680	0.00680	0.00604	0.00378	0.00906	0.00906	0.01208	0.01963	0.04077	0.02265	0.78103	0.03171	0.00604	0.00604	0.00906	0.00378	0.00378
25	0.01187	0.01129	0.01935	0.73877	0.04253	0.01391	0.04321	0.01607	0.01254	0.01607	0.01113	0.01662	0.00835	0.00619	0.00627	0.00208	0.00839	0.00560	0.00278	0.00698
26	0.02795	0.01060	0.01446	0.01109	0.01591	0.00916	0.00916	0.03036	0.01783	0.74648	0.02458	0.02121	0.01542	0.00771	0.00627	0.00193	0.00530	0.00627	0.00771	0.01060
27	0.00759	0.00542	0.00723	0.00868	0.00904	0.00506	0.00578	0.00868	0.01193	0.01591	0.03434	0.77697	0.04121	0.01952	0.00795	0.00253	0.00361	0.01771	0.00578	0.00506
28	0.00906	0.00604	0.00680	0.00680	0.00680	0.00604	0.00378	0.00906	0.00906	0.01208	0.01963	0.04077	0.02265	0.78103	0.03171	0.00604	0.00604	0.00906	0.00378	0.00378
29	0.01620	0.01323	0.01405	0.01249	0.01606	0.01514	0.00976	0.06254	0.65219	0.05313	0.02472	0.02281	0.01843	0.00835	0.00627	0.00208	0.00497	0.00692	0.03089	0.00980
30	0.00759	0.00542	0.00723	0.00868	0.00904	0.00506	0.00578	0.00868	0.01193	0.01591	0.03434	0.77697	0.04121	0.01952	0.00795	0.00253	0.00361	0.01771	0.00578	0.00506
31	0.01404	0.01339	0.02279	0.31419	0.47705	0.01444	0.01843	0.01791	0.01353	0.01867	0.01147	0.01587	0.00928	0.00581	0.00619	0.00194	0.00774	0.00555	0.00296	0.00875
32	0.02305	0.05710	0.01825	0.01579	0.01914	0.70188	0.01198	0.05032	0.01790	0.01611	0.00979	0.01133	0.00812	0.00642	0.00558	0.00160	0.01091	0.00405	0.00330	0.00738
33	0.00748	0.00616	0.00658	0.00681	0.00857	0.00526	0.00498	0.00904	0.01397	0.01709	0.09322	0.18729	0.57943	0.01629	0.00747	0.00217	0.00323	0.01387	0.00584	0.00526
34	0.74178	0.01298	0.01049	0.01033	0.05584	0.04647	0.00772	0.01865	0.01113	0.02695	0.00890	0.01049	0.00699	0.00580	0.00407	0.00191	0.00525	0.00353	0.00378	0.00695
35	0.78999	0.01282	0.00953	0.00854	0.01236	0.04642	0.00698	0.01860	0.01091	0.02740	0.00872	0.01017	0.00680	0.00581	0.00393	0.00191	0.00510	0.00340	0.00383	0.00677
36	0.05408	0.01678	0.16404	0.01259	0.01806	0.03241	0.01194	0.15088	0.01681	0.16336	0.01520	0.04375	0.01158	0.00775	0.02248	0.00187	0.02530	0.00536	0.00476	0.22099
37	0.01456	0.05518	0.14309	0.03270	0.04890	0.01227	0.01148	0.03705	0.21714	0.11012	0.06589	0.07780	0.10439	0.03281	0.00718	0.00214	0.00568	0.00794	0.00527	0.00839
38	0.02717	0.01186	0.01524	0.01168	0.01653	0.01102	0.00965	0.15709	0.01993	0.61679	0.02282	0.02006	0.01454	0.00767	0.00626	0.00192	0.00559	0.00615	0.00744	0.01060
39	0.00778	0.00658	0.00756	0.00727	0.00931	0.00564	0.02707	0.00960	0.01447	0.01784	0.14005	0.10630	0.58796	0.01535	0.00740	0.00212	0.00339	0.01306	0.00583	0.00542
40	0.05898	0.05617	0.23808	0.01982	0.12024	0.06993	0.14054	0.05889	0.03428	0.12365	0.01361	0.01516	0.00989	0.00616	0.00607	0.00191	0.00821	0.00540	0.00390	0.00911
41	0.01514	0.01290	0.10698	0.01297	0.01689	0.01051	0.13754	0.09184	0.01542	0.10317	0.04438	0.02203	0.01510	0.00859	0.00745	0.07011	0.00607	0.03277	0.26265	0.00748
42	0.00736	0.00631	0.00631	0.00631	0.00842	0.00526	0.00473	0.00894	0.01420	0.01683	0.06312	0.05996	0.73964	0.01578	0.00736	0.00210	0.00316	0.01315	0.00579	0.00526
43	0.09440	0.02085	0.22004	0.04028	0.08353	0.06046	0.06890	0.21164	0.01741	0.02506	0.01172	0.01387	0.00886	0.00682	0.00747	0.00200	0.08880	0.00513	0.00386	0.00891
44	0.01597	0.07176	0.17871	0.11914	0.23362	0.06464	0.11086	0.04985	0.01481	0.06420	0.01222	0.01496	0.00932	0.00593	0.00610	0.00189	0.00837	0.00538	0.00335	0.00893
45	0.17005	0.00858	0.00861	0.00764	0.01027	0.00892	0.00604	0.07681	0.01456	0.11555	0.01818	0.01978	0.01369	0.00705	0.00466	0.00164	0.00390	0.00538	0.49172	0.00699
46	0.00906	0.00604	0.00680	0.00680	0.00680	0.00604	0.00378	0.00906	0.00906	0.01208	0.01963	0.04077	0.02265	0.78103	0.03171	0.00604	0.00604	0.00906	0.00378	0.00378
47	0.01834	0.10307	0.05346	0.05871	0.20818	0.05462	0.01375	0.22539	0.08121	0.05840	0.03534	0.01646	0.01223	0.00679	0.00592	0.00182	0.00693	0.00553	0.02448	0.00937
48	0.03746	0.76490	0.03204	0.01060	0.01589	0.02438	0.01056	0.01865	0.01261	0.01500	0.00866	0.01000	0.00796	0.00534	0.00399	0.00135	0.00662	0.00333	0.00270	0.00796
49	0.04051	0.24989	0.15604	0.01370	0.04044	0.03456	0.03870	0.13589	0.01577	0.02177	0.01099	0.01252	0.00877	0.00568	0.00509	0.00151	0.00691	0.00426	0.00357	0.19345
50	0.02368	0.01745	0.01870	0.01434	0.01932	0.01932	0.01184	0.72139	0.02929	0.03927	0.01496	0.01496	0.01060	0.00748	0.00623	0.00187	0.00686	0.00561	0.00623	0.01060
51	0.02495	0.05649	0.01501	0.01082	0.01530	0.01010	0.00898	0.05407	0.01794	0.59420	0.10403	0.02316	0.01970	0.00813	0.00625	0.00189	0.00518	0.00663	0.00726	0.00991
52	0.00759	0.00542	0.00723	0.00868	0.00904	0.00506	0.00578	0.00868	0.01193	0.01591	0.03434	0.77697	0.04121	0.01952	0.00795	0.00253	0.00361	0.01771	0.00578	0.00506
53	0.00759	0.00542	0.00723	0.00868	0.00904	0.00506	0.00578	0.00868	0.01193	0.01591	0.03434	0.77697	0.04121	0.01952	0.00795	0.00253	0.00361	0.01771	0.00578	0.00506
54	0.01542	0.01480	0.02529	0.03824	0.74217	0.01480	0.01912	0.01912	0.01419	0.02036	0.01172	0.01542	0.00987	0.00555	0.00617	0.00185	0.00740	0.00555	0.00308	0.00987
55	0.01363	0.01363	0.01908	0.01636	0.01636	0.01908	0.01363	0.01499	0.00954	0.01499	0.00818	0.01363	0.00818	0.01091	0.02045	0.00273	0.76963	0.00545	0.00273	0.00682
56	0.01250	0.03223	0.74875	0.01776	0.02697	0.01447	0.02302	0.01973	0.01315	0.01973	0.01118	0.01315	0.00789	0.00592	0.00592	0.00197	0.00921	0.00460	0.00263	0.00921
57	0.00759	0.00542	0.00723	0.00868	0.00904	0.00506	0.00578	0.00868	0.01193	0.01591	0.03434	0.77697	0.04121	0.01952	0.00795	0.00253	0.00361	0.01771	0.00578	0.00506
58	0.02795	0.01060	0.01446	0.01109	0.01591	0.00916	0.00916	0.03036	0.01783	0.74648	0.02458	0.02121	0.01542	0.00771	0.00627	0.00193	0.00530	0.00627	0.00771	0.01060
59	0.00890	0.00668	0.01001	0.01001	0.01113	0.00779	0.00779	0.01113	0.01001	0.01446	0.01669	0.02448	0.01558	0.04673	0.75634	0.01001	0.01669	0.00668	0.00334	0.00556
60	0.01161	0.00581	0.00581	0.00581	0.00726	0.00581	0.00436	0.01452	0.01307	0.02323	0.02033	0.02323	0.01597	0.00726	0.00436	0.00145	0.00290	0.00581	0.81562	0.00581
61	0.00759	0.00542	0.00723	0.00868	0.00904	0.00506	0.00578	0.00868	0.01193	0.01591	0.03434	0.77697	0.04121	0.01952	0.00795	0.00253	0.00361	0.01771	0.00578	0.00506
62	0.82504	0.01205	0.00916	0.00819	0.01205	0.01398	0.00675	0.01832	0.01060	0.02795	0.00868	0.01012	0.00675	0.00578	0.00386	0.00193	0.00482	0.00337	0.00386	0.00675
63	0.01471	0.01681	0.03676	0.02626	0.03256	0.01576	0.71954	0.01996	0.01471	0.01996	0.01261	0.01681	0.00945	0.00525	0.00735	0.00210	0.01050	0.00735	0.00315	0.00840
64	0.01004	0.00717	0.01004	0.01147	0.01291	0.00717	0.01004	0.01291	0.01434	0.01865	0.03299	0.07028	0.03586	0.01721	0.00861	0.00287	0.00574	0.70023	0.00574	0.00574
65	0.01468	0.01655	0.03564	0.04504	0.07507	0.01565	0.66068	0.01981	0.01462	0.01988	0.01251	0.01672	0.00945	0.00529	0.00725	0.00209	0.01027	0.00720	0.00314	0.00845
66	0.01699	0.70872	0.05353	0.01126	0.01656	0.07569	0.01114	0.01913	0.01303	0.01486	0.00881	0.01018	0.00799	0.00543	0.00417	0.00137	0.00706	0.00342	0.00270	0.00798
67	0.01564	0.06151	0.12747	0.07131	0.18129	0.01363	0.01389	0.10027	0.03195	0.07949	0.03437	0.01840	0.04234	0.02843	0.00703	0.00189	0.03024	0.00566	0.00409	0.13110
68	0.01664	0.01523	0.11309	0.26243	0.06039	0.03348	0.06121	0.08092	0.07059	0.15408	0.01640	0.04129	0.01247	0.00735	0.00638	0.00204	0.00746	0.02553	0.00445	0.00859
69	0.02795	0.01060	0.01446	0.01109	0.01591	0.00916	0.00916	0.03036	0.01783	0.74648	0.02458	0.02121	0.01542	0.00771	0.00627	0.00193	0.00530	0.00627	0.00771	0.01060
70	0.00795	0.00678	0.00695	0.00714	0.00890	0.02560	0.00522	0.00955	0.01415	0.01728	0.11099	0.19116	0.53459	0.01598	0.00742	0.00216	0.00344	0.01360	0.00580	0.00533
71	0.05224	0.08020	0.03186	0.03771	0.01621	0.01105	0.00864	0.06360	0.01402	0.04310	0.01165	0.01332	0.00939	0.00517	0.00476	0.00118	0.00517	0.00399	0.02473	0.56199
72	0.00810	0.00647	0.00734	0.00731	0.00907	0.00582	0.00543	0.01051	0.03693	0.01916	0.24208	0.12928	0.43034	0.01628	0.03553	0.00241	0.00371	0.01268	0.00600	0.00556
73	0.00759	0.00542	0.00723	0.00868	0.00904	0.00506	0.00578	0.00868	0.01193	0.01591	0.03434	0.77697	0.04121	0.01952	0.00795	0.00253	0.00361	0.01771	0.00578	0.00506
74	0.01122	0.01077	0.06786	0.05280	0.03473	0.00962	0.00901	0.03332	0.17373	0.03713	0.18525	0.03849	0.25864	0.01273	0.03501	0.00234	0.00502	0.00953	0.00561	0.00719
75	0.05477	0.07710	0.11893	0.04448	0.28256	0.08723	0.03708	0.15972	0.01694	0.02318	0.01163	0.01399	0.00918	0.00623	0.00629	0.00185	0.03092	0.00507	0.00365	0.00917
76	0.00868	0.00636	0.00814	0.00769	0.00922	0.00582	0.00577	0.01149	0.01731	0.02421	0.67456	0.04782	0.12359	0.01303	0.00735	0.00197	0.00296	0.01145	0.00676	0.00582
77	0.00759	0.00542	0.00723	0.00868	0.00904	0.00506	0.00578	0.00868	0.01193	0.01591	0.03434	0.77697	0.04121	0.01952	0.00795	0.00253	0.00361	0.01771	0.00578	0.00506
78	0.01488	0.02143	0.31723	0.12270	0.24388	0.01460	0.05182	0.06555	0.01473	0.05657	0.01230	0.01498	0.00916	0.00601	0.00614	0.00195	0.00826	0.00529	0.00330	0.00923
79	0.01768	0.66847	0.03034	0.01149	0.01650	0.13731	0.01087	0.01962	0.01343	0.01475	0.00881	0.01019	0.00800	0.00550	0.00425	0.00137	0.00737	0.00344	0.00275	0.00788
80	0.01196	0.05652	0.01443	0.03581	0.14400	0.01122	0.00981	0.01784	0.17071	0.02129	0.19996	0.07784	0.13844	0.01049	0.00701	0.00199	0.02608	0.00900	0.00527	0.03034
81	0.03839	0.03811	0.03835	0.01836	0.13119	0.22891	0.03130	0.19439	0.17307	0.02473	0.01471	0.01552	0.01131	0.00690	0.00598	0.00184	0.00789	0.00536	0.00458	0.00911
82	0.01441	0.01860	0.12323	0.02494	0.03142	0.01569	0.61464	0.01979	0.01437	0.01979	0.01231	0.01627	0.00923	0.00549	0.00755	0.00210	0.03166	0.00696	0.00308	0.00846
83	0.01460	0.07218	0.57567	0.01677	0.02464	0.07761	0.02022	0.02056	0.01365	0.06217	0.01159	0.01331	0.00837	0.00622	0.00635	0.00193	0.03757	0.00461	0.00299	0.00897
84	0.01451	0.01119	0.01314	0.00964	0.01497	0.00888	0.00772	0.01826	0.06266	0.08897	0.01332	0.01441	0.01048	0.00517	0.00489	0.00110	0.00470	0.00416	0.00425	0.68756
85	0.00959	0.00703	0.00942	0.01061	0.01216	0.00685	0.00915	0.01225	0.01432	0.01834	0.03802	0.06856	0.15332	0.01697	0.00840	0.00274	0.00531	0.58555	0.00575	0.00566
86	0.00882	0.00637	0.00833	0.00784	0.00931	0.00588	0.00588	0.01176	0.01764	0.02499	0.73888	0.04654	0.05879	0.01274	0.00735	0.00196	0.00294	0.01127	0.00686	0.00588
87	0.01177	0.01107	0.01869	0.76606	0.04291	0.01384	0.01730	0.01592	0.01246	0.01592	0.01107	0.01661	0.00831	0.00623	0.00623	0.00208	0.00831	0.00554	0.00277	0.00692
88	0.01363	0.01363	0.01908	0.01636	0.01636	0.01908	0.01363	0.01499	0.00954	0.01499	0.00818	0.01363	0.00818	0.01091	0.02045	0.00273	0.76963	0.00545	0.00273	0.00682
89	0.01250	0.03223	0.74875	0.01776	0.02697	0.01447	0.02302	0.01973	0.01315	0.01973	0.01118	0.01315	0.00789	0.00592	0.00592	0.00197	0.00921	0.00460	0.00263	0.00921
90	0.02795	0.01060	0.01446	0.01109	0.01591	0.00916	0.00916	0.03036	0.01783	0.74648	0.02458	0.02121	0.01542	0.00771	0.00627	0.00193	0.00530	0.00627	0.00771	0.01060
91	0.47409	0.01141	0.01149	0.00947	0.01375	0.01186	0.00781	0.02362	0.01379	0.34431	0.01568	0.01500	0.01057	0.00663	0.00492	0.00193	0.00503	0.00465	0.00555	0.00845
92	0.01250	0.03223	0.74875	0.01776	0.02697	0.01447	0.02302	0.01973	0.01315	0.01973	0.01118	0.01315	0.00789	0.00592	0.00592	0.00197	0.00921	0.00460	0.00263	0.00921
93	0.05734	0.01066	0.01426	0.01098	0.01576	0.00934	0.00907	0.02992	0.01757	0.72000	0.02399	0.02080	0.01510	0.00764	0.00618	0.00193	0.00528	0.00616	0.00757	0.01046
94	0.00773	0.00560	0.00734	0.00868	0.00924	0.00521	0.00598	0.00897	0.01225	0.01615	0.03640	0.67819	0.09285	0.01909	0.00795	0.00252	0.00372	0.06123	0.00578	0.00512
95	0.82504	0.01205	0.00916	0.00819	0.01205	0.01398	0.00675	0.01832	0.01060	0.02795	0.00868	0.01012	0.00675	0.00578	0.00386	0.00193	0.00482	0.00337	0.00386	0.00675
96	0.02795	0.01060	0.01446	0.01109	0.01591	0.00916	0.00916	0.03036	0.01783	0.74648	0.02458	0.02121	0.01542	0.00771	0.00627	0.00193	0.00530	0.00627	0.00771	0.01060
97	0.00737	0.00628	0.00634	0.00638	0.00843	0.00525	0.00477	0.00893	0.01413	0.01680	0.06223	0.08215	0.71802	0.01590	0.00738	0.00212	0.00317	0.01329	0.00579	0.00525
98	0.74829	0.01191	0.00967	0.00847	0.01242	0.01351	0.00698	0.01948	0.01130	0.09714	0.01021	0.01119	0.00758	0.00597	0.00409	0.00193	0.00487	0.00365	0.00423	0.00712
99	0.01779	0.22425	0.06574	0.06369	0.04537	0.06078	0.02797	0.15994	0.01691	0.09201	0.03278	0.04873	0.01270	0.00734	0.00616	0.00178	0.03877	0.00561	0.06329	0.00841
100	0.01550	0.03243	0.06068	0.01159	0.01682	0.01221	0.02840	0.15184	0.11313	0.04050	0.01633	0.01702	0.04324	0.00635	0.00545	0.00144	0.00552	0.00513	0.00461	0.41181
101	0.07941	0.16414	0.20545	0.01507	0.03700	0.11950	0.03330	0.18790	0.06074	0.02385	0.01212	0.01327	0.00925	0.00637	0.00551	0.00179	0.00786	0.00468	0.00392	0.00889
102	0.01090	0.00748	0.00914	0.00836	0.01028	0.00716	0.00636	0.07884	0.01783	0.05207	0.49993	0.08337	0.11144	0.01239	0.00706	0.00196	0.00345	0.01076	0.05483	0.00639
103	0.00931	0.00857	0.05916	0.05131	0.03259	0.00680	0.00755	0.01149	0.01375	0.04921	0.06600	0.21044	0.39708	0.01441	0.00716	0.00215	0.00416	0.01236	0.03050	0.00598
104	0.01462	0.13377	0.22873	0.01318	0.01957	0.01349	0.04912	0.03384	0.01361	0.06380	0.01165	0.01332	0.00905	0.00555	0.00559	0.00148	0.02690	0.00433	0.00348	0.33493
105	0.00851	0.00686	0.00766	0.00769	0.00948	0.00636	0.00567	0.01186	0.08549	0.01924	0.19211	0.18664	0.39952	0.01513	0.00737	0.00215	0.00337	0.01301	0.00606	0.00581
106	0.00759	0.00542	0.00723	0.00868	0.00904	0.00506	0.00578	0.00868	0.01193	0.01591	0.03434	0.77697	0.04121	0.01952	0.00795	0.00253	0.00361	0.01771	0.00578	0.00506
107	0.01342	0.05093	0.57911	0.01799	0.07304	0.04191	0.02040	0.01961	0.01382	0.04083	0.06148	0.01567	0.01175	0.00642	0.00598	0.00193	0.00854	0.00511	0.00312	0.00895
108	0.01430	0.05257	0.36482	0.02555	0.31145	0.01520	0.03624	0.03843	0.04539	0.02058	0.01205	0.01451	0.00928	0.00589	0.00600	0.00191	0.00817	0.00513	0.00308	0.00947
109	0.00893	0.00656	0.00942	0.00942	0.01033	0.00747	0.00705	0.01075	0.00984	0.01402	0.01723	0.02748	0.01688	0.18215	0.62270	0.00928	0.01473	0.00712	0.00342	0.00523
110	0.01934	0.01445	0.01938	0.01980	0.20218	0.01500	0.05217	0.31188	0.04869	0.10960	0.08039	0.02061	0.04229	0.00769	0.00643	0.00191	0.00647	0.00659	0.00547	0.00965
111	0.01760	0.07017	0.07374	0.04123	0.31337	0.19873	0.03109	0.06888	0.04695	0.01982	0.01159	0.01414	0.00946	0.00634	0.00671	0.00184	0.05106	0.00506	0.00339	0.00883
112	0.01657	0.76186	0.03225	0.01083	0.01600	0.02449	0.01075	0.01855	0.01257	0.01467	0.00865	0.01010	0.00800	0.00550	0.00449	0.00137	0.02934	0.00339	0.00267	0.00796
113	0.01476	0.01299	0.03540	0.01459	0.12854	0.01095	0.01018	0.11409	0.01540	0.02299	0.01193	0.01384	0.00964	0.00525	0.00511	0.00124	0.00544	0.00432	0.02301	0.54033
114	0.01348	0.00876	0.01150	0.00982	0.01250	0.00837	0.03995	0.06140	0.07120	0.14188	0.41569	0.03880	0.11857	0.01126	0.00703	0.00198	0.00409	0.00981	0.00663	0.00729
115	0.00995	0.00837	0.01113	0.00933	0.01225	0.00726	0.06452	0.02886	0.01537	0.02095	0.26882	0.07467	0.25982	0.01166	0.00681	0.00183	0.00409	0.01020	0.00551	0.16860
116	0.01282	0.03180	0.72747	0.01766	0.02674	0.01461	0.02269	0.04019	0.01362	0.02030	0.01129	0.01321	0.00797	0.00596	0.00593	0.00197	0.00914	0.00463	0.00274	0.00925
117	0.00867	0.00634	0.00814	0.00775	0.00923	0.00581	0.00579	0.01145	0.01720	0.02409	0.66622	0.06968	0.10997	0.01317	0.00737	0.00199	0.00298	0.01161	0.00674	0.00581
118	0.02725	0.01045	0.01423	0.01097	0.01566	0.00904	0.00904	0.02968	0.01783	0.71989	0.05091	0.02214	0.01702	0.00790	0.00631	0.00193	0.00521	0.00645	0.00768	0.01043
119	0.01260	0.03152	0.71584	0.01815	0.02723	0.01453	0.05521	0.01974	0.01323	0.01974	0.01125	0.01332	0.00796	0.00589	0.00599	0.00198	0.00927	0.00473	0.00265	0.00917

[dist]
# distance from previous block
# <min> <max>
0	1

[block]
# block no. 1 follows, 36 sequences, length 16
# corresponding to MSA columns:
# 184-199
name=unknown_B
#
# <colnr> <probs for GDERKNQSTAVLIFYWHMCP>
#	G	D	E	R	K	N	Q	S	T	A	V	L	I	F	Y	W	H	M	C	P
0	0.01550	0.01338	0.01409	0.01268	0.01620	0.01550	0.00986	0.03311	0.73091	0.02606	0.02536	0.02325	0.01902	0.00845	0.00634	0.00211	0.00493	0.00704	0.00634	0.00986
1	0.01161	0.00581	0.00581	0.00581	0.00726	0.00581	0.00436	0.01452	0.01307	0.02323	0.02033	0.02323	0.01597	0.00726	0.00436	0.00145	0.00290	0.00581	0.81562	0.00581
2	0.04309	0.02080	0.25512	0.02039	0.02707	0.01499	0.33751	0.06501	0.01513	0.09242	0.01319	0.01564	0.00948	0.00606	0.00708	0.00205	0.03637	0.00607	0.00364	0.00890
3	0.00752	0.00569	0.00695	0.00796	0.00885	0.00512	0.00547	0.00876	0.01262	0.01618	0.04303	0.56048	0.25208	0.01839	0.00777	0.00240	0.00348	0.01633	0.00578	0.00512
4	0.02795	0.01060	0.01446	0.01109	0.01591	0.00916	0.00916	0.03036	0.01783	0.74648	0.02458	0.02121	0.01542	0.00771	0.00627	0.00193	0.00530	0.00627	0.00771	0.01060
5	0.00761	0.00561	0.00713	0.00824	0.00895	0.00513	0.00561	0.00886	0.01256	0.01646	0.07058	0.62458	0.15870	0.01859	0.00783	0.00243	0.00351	0.01666	0.00583	0.00513
6	0.04978	0.24885	0.15008	0.10900	0.12585	0.03392	0.05562	0.07662	0.01460	0.03993	0.01139	0.01367	0.00898	0.00591	0.00539	0.00175	0.00752	0.00473	0.02788	0.00852
7	0.01155	0.01078	0.01809	0.72634	0.04114	0.01338	0.01670	0.01554	0.01243	0.01592	0.01229	0.05649	0.01003	0.00693	0.00632	0.00210	0.00806	0.00618	0.00293	0.00682
8	0.00774	0.00602	0.00697	0.00736	0.00872	0.00532	0.00524	0.00934	0.01387	0.01776	0.16746	0.29285	0.37086	0.04107	0.00834	0.00235	0.00336	0.01420	0.00590	0.00525
9	0.01605	0.07169	0.02450	0.18077	0.36229	0.05425	0.09094	0.06209	0.01501	0.04589	0.01201	0.01537	0.00951	0.00588	0.00612	0.00188	0.00795	0.00552	0.00336	0.00890
10	0.05496	0.00583	0.00826	0.00821	0.00847	0.00599	0.00560	0.00881	0.00834	0.01193	0.01099	0.01873	0.01083	0.02198	0.05823	0.73570	0.00592	0.00536	0.00280	0.00306
11	0.00964	0.00675	0.00879	0.00976	0.03076	0.00643	0.00670	0.04898	0.01401	0.04522	0.11301	0.53781	0.08202	0.01697	0.00766	0.00237	0.00393	0.03746	0.00592	0.00583
12	0.01746	0.01981	0.18175	0.04194	0.17120	0.06871	0.19929	0.08984	0.01624	0.11258	0.01359	0.01570	0.00993	0.00609	0.00640	0.00194	0.00858	0.00580	0.00389	0.00924
13	0.01913	0.04114	0.14187	0.01586	0.05743	0.12765	0.03057	0.33728	0.03889	0.02747	0.01570	0.03973	0.03487	0.03583	0.00708	0.00202	0.00773	0.00595	0.00472	0.00908
14	0.14456	0.06283	0.05412	0.01771	0.12707	0.19029	0.06285	0.05965	0.01497	0.07149	0.01190	0.03084	0.00970	0.00672	0.00671	0.00184	0.06717	0.00503	0.00376	0.05080
15	0.03856	0.08051	0.12696	0.04514	0.15586	0.09134	0.11398	0.11926	0.01608	0.02185	0.01150	0.01391	0.00904	0.00595	0.00617	0.00176	0.02597	0.00505	0.00353	0.10759

[dist]
# distance from previous block
# <min> <max>
1	8

[block]
# block no. 2 follows, 36 sequences, length 16
# corresponding to MSA columns:
# 208-223
name=unknown_C
#
# <colnr> <probs for GDERKNQSTAVLIFYWHMCP>
#	G	D	E	R	K	N	Q	S	T	A	V	L	I	F	Y	W	H	M	C	P
0	0.01517	0.15032	0.01805	0.03429	0.08974	0.10199	0.02870	0.14349	0.01661	0.02104	0.06922	0.24272	0.02215	0.01064	0.00638	0.00196	0.00629	0.00905	0.00466	0.00753
1	0.01744	0.22435	0.05988	0.01470	0.03701	0.01805	0.09639	0.24408	0.08729	0.02521	0.03765	0.05977	0.01367	0.00738	0.00584	0.00179	0.00681	0.00612	0.00457	0.03200
2	0.01615	0.04026	0.14186	0.02421	0.30272	0.14537	0.04023	0.03876	0.09922	0.01981	0.01340	0.01671	0.01105	0.05457	0.00763	0.00212	0.00807	0.00552	0.00353	0.00883
3	0.02281	0.02448	0.01810	0.01548	0.01910	0.45664	0.01207	0.26380	0.02115	0.02349	0.01137	0.01267	0.00892	0.00706	0.00676	0.00177	0.05709	0.00465	0.00422	0.00836
4	0.01355	0.01252	0.05702	0.01300	0.07929	0.01010	0.00991	0.04321	0.01358	0.04084	0.01374	0.06653	0.01236	0.00676	0.00627	0.00141	0.05298	0.02717	0.00393	0.51580
5	0.00893	0.00656	0.00942	0.00942	0.01033	0.00747	0.00705	0.01075	0.00984	0.01403	0.01723	0.02747	0.01688	0.18155	0.62329	0.00928	0.01473	0.00711	0.00342	0.00523
6	0.02003	0.04018	0.01626	0.01293	0.01664	0.11829	0.07238	0.08428	0.03653	0.27575	0.02249	0.05467	0.05281	0.03404	0.00806	0.03359	0.00670	0.08047	0.00562	0.00830
7	0.02261	0.01692	0.01809	0.01412	0.01891	0.01882	0.01158	0.63091	0.12153	0.03753	0.01633	0.01605	0.01170	0.00761	0.00625	0.00190	0.00660	0.00580	0.00625	0.01050
8	0.00854	0.00636	0.00794	0.00754	0.00914	0.00576	0.00566	0.01121	0.01697	0.02341	0.60823	0.04914	0.19042	0.01333	0.00735	0.00199	0.00298	0.01163	0.00665	0.00576
9	0.01666	0.78478	0.03265	0.01066	0.01599	0.02465	0.01066	0.01866	0.01266	0.01466	0.00866	0.00999	0.00800	0.00533	0.00400	0.00133	0.00666	0.00333	0.00267	0.00800
10	0.01292	0.01107	0.01292	0.00923	0.01477	0.00831	0.00738	0.01569	0.01292	0.02030	0.01107	0.01292	0.00923	0.00461	0.00461	0.00092	0.00461	0.00369	0.00369	0.81912
11	0.02394	0.01252	0.01509	0.01207	0.01657	0.01258	0.00981	0.15028	0.20742	0.43496	0.02313	0.02067	0.01554	0.00787	0.00628	0.00197	0.00547	0.00636	0.00710	0.01041
12	0.01292	0.01107	0.01292	0.00923	0.01477	0.00831	0.00738	0.01569	0.01292	0.02030	0.01107	0.01292	0.00923	0.00461	0.00461	0.00092	0.00461	0.00369	0.00369	0.81912
13	0.01650	0.01110	0.01334	0.00990	0.01503	0.00899	0.00795	0.05958	0.01487	0.17502	0.01516	0.04744	0.01199	0.00607	0.00520	0.00126	0.00485	0.00495	0.00478	0.56603
14	0.02085	0.01205	0.04126	0.01130	0.01529	0.01127	0.00936	0.17301	0.07962	0.33341	0.04118	0.05491	0.05288	0.06852	0.00836	0.00229	0.00552	0.02205	0.02773	0.00913
15	0.03702	0.12565	0.17571	0.01435	0.03783	0.14113	0.02894	0.09191	0.05793	0.11252	0.03222	0.05464	0.03279	0.00751	0.00584	0.00182	0.00743	0.00586	0.00437	0.02455

[dist]
# distance from previous block
# <min> <max>
0	2

[block]
# block no. 3 follows, 36 sequences, length 14
# corresponding to MSA columns:
# 226-239
name=unknown_D
#
# <colnr> <probs for GDERKNQSTAVLIFYWHMCP>
#	G	D	E	R	K	N	Q	S	T	A	V	L	I	F	Y	W	H	M	C	P
0	0.01394	0.10850	0.13550	0.01197	0.01606	0.06324	0.01114	0.07200	0.17234	0.02149	0.08209	0.02812	0.14467	0.00941	0.00667	0.00195	0.03139	0.03000	0.03160	0.00791
1	0.01707	0.03821	0.09136	0.04060	0.27105	0.10407	0.01501	0.13251	0.15615	0.02336	0.01523	0.04119	0.01230	0.00703	0.00613	0.00190	0.00735	0.00592	0.00425	0.00932
2	0.01980	0.39654	0.02554	0.01394	0.04710	0.20671	0.01161	0.17347	0.01760	0.02040	0.01040	0.01161	0.00865	0.00608	0.00498	0.00154	0.00788	0.00409	0.00360	0.00844
3	0.00909	0.00733	0.03500	0.00805	0.00993	0.00607	0.00634	0.01167	0.01611	0.04456	0.46415	0.12374	0.20722	0.01372	0.00733	0.00205	0.00336	0.01196	0.00638	0.00592
4	0.01626	0.10854	0.23687	0.04480	0.05281	0.07168	0.03175	0.09869	0.06329	0.08011	0.04667	0.01952	0.03953	0.00754	0.00650	0.00193	0.03211	0.02856	0.00418	0.00867
5	0.01444	0.09876	0.24068	0.05558	0.20804	0.03576	0.01648	0.04114	0.01431	0.04071	0.08431	0.01747	0.01408	0.00697	0.00694	0.00190	0.06131	0.00559	0.02696	0.00858
6	0.00759	0.00542	0.00723	0.00868	0.00904	0.00506	0.00578	0.00868	0.01193	0.01591	0.03434	0.77697	0.04121	0.01952	0.00795	0.00253	0.00361	0.01771	0.00578	0.00506
7	0.01423	0.04761	0.06798	0.23301	0.35451	0.01508	0.08707	0.01932	0.06404	0.01922	0.01243	0.01607	0.00984	0.00593	0.00621	0.00194	0.00786	0.00568	0.00319	0.00879
8	0.03378	0.12350	0.11896	0.12761	0.06822	0.08581	0.04535	0.13261	0.03082	0.10720	0.03732	0.03584	0.01221	0.00696	0.00591	0.00186	0.00750	0.00563	0.00425	0.00865
9	0.04060	0.00720	0.00795	0.00783	0.00985	0.00678	0.00603	0.01241	0.07525	0.02028	0.22892	0.07251	0.39347	0.01422	0.00726	0.00214	0.00355	0.07181	0.00603	0.00590
10	0.00792	0.00570	0.00776	0.00885	0.00934	0.00565	0.00609	0.00918	0.01142	0.01544	0.03016	0.59379	0.03527	0.06055	0.15696	0.00417	0.00631	0.01513	0.00521	0.00510
11	0.00822	0.00614	0.00884	0.00971	0.01044	0.00580	0.03813	0.00965	0.01222	0.01626	0.03276	0.64362	0.03863	0.04234	0.00874	0.00266	0.00423	0.09076	0.00560	0.00524
12	0.01829	0.59828	0.02895	0.01199	0.01680	0.20529	0.01100	0.02019	0.01389	0.01480	0.00890	0.01030	0.00800	0.00560	0.00440	0.00140	0.00779	0.00350	0.00280	0.00780
13	0.03281	0.11978	0.46636	0.01567	0.02313	0.03880	0.03493	0.04306	0.01381	0.04837	0.01136	0.01310	0.00843	0.00600	0.00599	0.00181	0.03019	0.00451	0.00311	0.07877

[dist]
# distance from previous block
# <min> <max>
0	1

[block]
# block no. 4 follows, 36 sequences, length 25
# corresponding to MSA columns:
# 241-265
name=unknown_E
#
# <colnr> <probs for GDERKNQSTAVLIFYWHMCP>
#	G	D	E	R	K	N	Q	S	T	A	V	L	I	F	Y	W	H	M	C	P
0	0.01679	0.05785	0.21381	0.03841	0.09167	0.01370	0.10455	0.07462	0.03435	0.16324	0.05217	0.06029	0.01469	0.00755	0.00671	0.00198	0.02757	0.00656	0.00450	0.00898
1	0.01954	0.13288	0.01903	0.01282	0.01757	0.09872	0.01061	0.31927	0.11531	0.02771	0.01409	0.01453	0.01079	0.00665	0.00555	0.00162	0.00665	0.00493	0.00491	0.15682
2	0.00759	0.00542	0.00723	0.00868	0.00904	0.00506	0.00578	0.00868	0.01193	0.01591	0.03434	0.77697	0.04121	0.01952	0.00795	0.00253	0.00361	0.01771	0.00578	0.00506
3	0.00904	0.00612	0.00718	0.00718	0.00731	0.00625	0.00425	0.00930	0.00917	0.01236	0.01928	0.03885	0.02182	0.69429	0.11731	0.00651	0.00730	0.00878	0.00372	0.00399
4	0.01600	0.29770	0.27904	0.01585	0.05045	0.15100	0.04929	0.01997	0.01393	0.01708	0.01150	0.01322	0.02788	0.00602	0.00530	0.00168	0.00849	0.00445	0.00288	0.00830
5	0.01177	0.01107	0.01869	0.76606	0.04291	0.01384	0.01730	0.01592	0.01246	0.01592	0.01107	0.01661	0.00831	0.00623	0.00623	0.00208	0.00831	0.00554	0.00277	0.00692
6	0.00890	0.00668	0.01001	0.01001	0.01113	0.00779	0.00779	0.01113	0.01001	0.01446	0.01669	0.02448	0.01558	0.04673	0.75634	0.01001	0.01669	0.00668	0.00334	0.00556
7	0.01283	0.01234	0.02146	0.54470	0.20719	0.01420	0.06485	0.01695	0.01302	0.01724	0.01133	0.01634	0.00875	0.00600	0.00629	0.00202	0.00824	0.00566	0.00287	0.00772
8	0.02762	0.01113	0.01479	0.01134	0.01617	0.00995	0.00937	0.08397	0.01872	0.69163	0.02383	0.02072	0.01505	0.00769	0.00626	0.00192	0.00542	0.00621	0.00760	0.01060
9	0.00985	0.00704	0.00982	0.01126	0.01261	0.00701	0.00971	0.01258	0.01416	0.01843	0.03309	0.12510	0.03627	0.01739	0.00856	0.00284	0.00557	0.64729	0.00574	0.00568
10	0.00906	0.00604	0.00680	0.00680	0.00680	0.00604	0.00378	0.00906	0.00906	0.01208	0.01963	0.04077	0.02265	0.78103	0.03171	0.00604	0.00604	0.00906	0.00378	0.00378
11	0.02499	0.01476	0.01696	0.01307	0.01794	0.01540	0.01077	0.43965	0.04935	0.30272	0.01891	0.01758	0.01269	0.00760	0.00625	0.00190	0.00621	0.00590	0.00679	0.01057
12	0.00759	0.00542	0.00723	0.00868	0.00904	0.00506	0.00578	0.00868	0.01193	0.01591	0.03434	0.77697	0.04121	0.01952	0.00795	0.00253	0.00361	0.01771	0.00578	0.00506
13	0.01177	0.01107	0.01869	0.76606	0.04291	0.01384	0.01730	0.01592	0.01246	0.01592	0.01107	0.01661	0.00831	0.00623	0.00623	0.00208	0.00831	0.00554	0.00277	0.00692
14	0.02272	0.09267	0.01891	0.01560	0.01899	0.69502	0.01192	0.02436	0.01724	0.01520	0.00955	0.01113	0.00802	0.00633	0.00548	0.00158	0.01085	0.00396	0.00316	0.00729
15	0.00792	0.00647	0.02783	0.00871	0.00971	0.00554	0.00639	0.00946	0.01275	0.01677	0.07070	0.55977	0.15147	0.01808	0.00782	0.00244	0.00381	0.06333	0.00574	0.00529
16	0.12270	0.01413	0.01745	0.37904	0.06411	0.11421	0.04742	0.05334	0.01417	0.04461	0.01194	0.01549	0.00906	0.00630	0.00576	0.00193	0.00776	0.00518	0.05799	0.00739
17	0.05541	0.01520	0.01525	0.01307	0.01698	0.05332	0.01035	0.21221	0.47844	0.02907	0.02108	0.01987	0.01570	0.00797	0.00616	0.00202	0.00574	0.00635	0.00604	0.00978
18	0.01521	0.08927	0.17464	0.01791	0.15500	0.01450	0.02912	0.08796	0.11399	0.03656	0.01514	0.01639	0.03164	0.00634	0.00569	0.00169	0.00666	0.00525	0.00399	0.17302
19	0.01311	0.09405	0.61634	0.05139	0.02626	0.01526	0.02101	0.03713	0.01348	0.01964	0.01106	0.01309	0.00802	0.00589	0.00574	0.00189	0.00877	0.00454	0.00276	0.03056
20	0.02506	0.01525	0.01733	0.01329	0.01822	0.01605	0.01098	0.49879	0.02560	0.26708	0.01806	0.01697	0.01215	0.00755	0.00624	0.00189	0.00636	0.00582	0.00671	0.01060
21	0.01178	0.00729	0.00880	0.00797	0.01032	0.00651	0.00614	0.01456	0.03815	0.14657	0.33902	0.04651	0.30670	0.01289	0.00714	0.00201	0.00349	0.01098	0.00659	0.00658
22	0.01029	0.01010	0.07854	0.04706	0.04221	0.04273	0.00880	0.01236	0.01302	0.05292	0.03226	0.47122	0.12364	0.01536	0.00734	0.00230	0.00490	0.01360	0.00521	0.00613
23	0.02396	0.01000	0.01326	0.01051	0.01472	0.00886	0.00856	0.02711	0.05169	0.58640	0.11057	0.02645	0.06139	0.00879	0.00646	0.00195	0.00489	0.00728	0.00744	0.00971
24	0.00755	0.00559	0.00705	0.00823	0.00892	0.00510	0.00558	0.00873	0.01236	0.01608	0.03982	0.64043	0.17421	0.01881	0.00784	0.00245	0.00353	0.01684	0.00578	0.00510

[dist]
# distance from previous block
# <min> <max>
0	25

[block]
# block no. 5 follows, 36 sequences, length 87
# corresponding to MSA columns:
# 291-377
name=unknown_F
#
# <colnr> <probs for GDERKNQSTAVLIFYWHMCP>
#	G	D	E	R	K	N	Q	S	T	A	V	L	I	F	Y	W	H	M	C	P
0	0.22637	0.03138	0.01224	0.00973	0.01356	0.01145	0.00794	0.07407	0.07992	0.28657	0.03676	0.01879	0.01417	0.00726	0.00530	0.00184	0.00483	0.00552	0.14375	0.00855
1	0.07343	0.06209	0.35100	0.01925	0.13555	0.01509	0.05425	0.08293	0.05396	0.05488	0.01333	0.03372	0.01024	0.00649	0.00590	0.00193	0.00779	0.00537	0.00365	0.00915
2	0.78291	0.01197	0.00944	0.00835	0.01225	0.01372	0.00688	0.01895	0.01099	0.06594	0.00952	0.01071	0.00721	0.00589	0.00398	0.00193	0.00485	0.00353	0.00406	0.00695
3	0.00759	0.00542	0.00723	0.00868	0.00904	0.00506	0.00578	0.00868	0.01193	0.01591	0.03434	0.77697	0.04121	0.01952	0.00795	0.00253	0.00361	0.01771	0.00578	0.00506
4	0.01574	0.01511	0.02385	0.05661	0.63619	0.04559	0.01793	0.04685	0.01470	0.02047	0.01203	0.01618	0.01024	0.03362	0.00707	0.00200	0.00752	0.00562	0.00323	0.00948
5	0.13051	0.10927	0.01611	0.01164	0.03624	0.01328	0.02699	0.11453	0.06486	0.22787	0.09108	0.02013	0.01706	0.00878	0.02991	0.00209	0.00575	0.00596	0.05929	0.00865
6	0.53665	0.04644	0.01364	0.03674	0.07617	0.06672	0.00933	0.11037	0.01398	0.02696	0.00989	0.01148	0.00770	0.00602	0.00457	0.00187	0.00594	0.00396	0.00397	0.00760
7	0.18981	0.01633	0.01672	0.01306	0.01781	0.01821	0.01079	0.57564	0.02542	0.03692	0.01366	0.01396	0.00980	0.00713	0.00574	0.00188	0.00643	0.00515	0.00574	0.00980
8	0.02722	0.01084	0.01454	0.01112	0.01597	0.00945	0.00917	0.05212	0.01801	0.69472	0.02373	0.02068	0.01502	0.00758	0.00620	0.00189	0.00532	0.00614	0.00750	0.04277
9	0.00759	0.00542	0.00723	0.00868	0.00904	0.00506	0.00578	0.00868	0.01193	0.01591	0.03434	0.77697	0.04121	0.01952	0.00795	0.00253	0.00361	0.01771	0.00578	0.00506
10	0.00906	0.00604	0.00680	0.00680	0.00680	0.00604	0.00378	0.00906	0.00906	0.01208	0.01963	0.04077	0.02265	0.78103	0.03171	0.00604	0.00604	0.00906	0.00378	0.00378
11	0.01296	0.01206	0.01999	0.59313	0.17945	0.01425	0.01744	0.04455	0.01347	0.01772	0.01136	0.01631	0.00870	0.00615	0.00622	0.00202	0.00807	0.00554	0.00297	0.00765
12	0.01363	0.01363	0.01908	0.01636	0.01636	0.01908	0.01363	0.01499	0.00954	0.01499	0.00818	0.01363	0.00818	0.01091	0.02045	0.00273	0.76963	0.00545	0.00273	0.00682
13	0.01250	0.03223	0.74875	0.01776	0.02697	0.01447	0.02302	0.01973	0.01315	0.01973	0.01118	0.01315	0.00789	0.00592	0.00592	0.00197	0.00921	0.00460	0.00263	0.00921
14	0.00837	0.00635	0.00771	0.00737	0.00903	0.00569	0.00553	0.01089	0.01658	0.02248	0.53136	0.05066	0.26787	0.01367	0.00735	0.00200	0.00301	0.01185	0.00653	0.00569
15	0.05967	0.01066	0.01425	0.01097	0.01575	0.00935	0.00906	0.02988	0.01755	0.71789	0.02395	0.02077	0.01508	0.00763	0.00617	0.00193	0.00528	0.00615	0.00756	0.01045
16	0.00906	0.00604	0.00680	0.00680	0.00680	0.00604	0.00378	0.00906	0.00906	0.01208	0.01963	0.04077	0.02265	0.78103	0.03171	0.00604	0.00604	0.00906	0.00378	0.00378
17	0.00876	0.00637	0.00825	0.00778	0.00927	0.00585	0.00583	0.01165	0.01750	0.02466	0.71206	0.04707	0.08581	0.01286	0.00735	0.00197	0.00295	0.01134	0.00682	0.00585
18	0.00768	0.00546	0.00720	0.00856	0.00890	0.00512	0.00566	0.00870	0.01175	0.01567	0.03343	0.73120	0.04006	0.06686	0.00943	0.00275	0.00377	0.01717	0.00566	0.00498
19	0.82504	0.01205	0.00916	0.00819	0.01205	0.01398	0.00675	0.01832	0.01060	0.02795	0.00868	0.01012	0.00675	0.00578	0.00386	0.00193	0.00482	0.00337	0.00386	0.00675
20	0.01471	0.01681	0.03676	0.02626	0.03256	0.01576	0.71954	0.01996	0.01471	0.01996	0.01261	0.01681	0.00945	0.00525	0.00735	0.00210	0.01050	0.00735	0.00315	0.00840
21	0.00796	0.00571	0.00761	0.00887	0.00948	0.00537	0.00625	0.00939	0.01269	0.01692	0.08827	0.62502	0.05824	0.01866	0.00797	0.00252	0.00379	0.09422	0.00586	0.00520
22	0.01458	0.01657	0.03601	0.05715	0.03300	0.01568	0.69022	0.01979	0.01461	0.01979	0.01254	0.01680	0.00941	0.00529	0.00731	0.00210	0.01041	0.00728	0.00314	0.00834
23	0.01528	0.26331	0.32195	0.03590	0.03951	0.07715	0.04466	0.04462	0.01374	0.01807	0.01025	0.01241	0.00817	0.00617	0.00645	0.00180	0.06481	0.00442	0.00286	0.00847
24	0.01424	0.05115	0.32492	0.01575	0.08611	0.01243	0.01537	0.01940	0.03668	0.07029	0.01248	0.01404	0.00942	0.00562	0.00545	0.00157	0.00694	0.00452	0.00351	0.29011
25	0.01508	0.04285	0.05545	0.05873	0.04616	0.04608	0.02835	0.08361	0.06743	0.10409	0.08859	0.04510	0.10537	0.00895	0.00635	0.00188	0.02110	0.00737	0.15978	0.00768
26	0.07430	0.01580	0.01695	0.01337	0.01803	0.01740	0.01094	0.50042	0.13864	0.10425	0.01713	0.01657	0.01215	0.00755	0.00610	0.00192	0.00627	0.00576	0.00624	0.01023
27	0.00808	0.00634	0.00731	0.00706	0.00886	0.00556	0.00530	0.01033	0.01589	0.02085	0.39623	0.05335	0.40402	0.01428	0.00736	0.00203	0.00305	0.01222	0.00631	0.00556
28	0.01424	0.05364	0.04510	0.01046	0.03206	0.00965	0.00861	0.01715	0.01330	0.07218	0.01193	0.01343	0.00957	0.00495	0.00479	0.00108	0.00503	0.00394	0.00387	0.66503
29	0.05627	0.00829	0.01082	0.00974	0.01146	0.00883	0.00733	0.01588	0.01168	0.19385	0.01872	0.04242	0.01708	0.24942	0.24043	0.00566	0.07390	0.00724	0.00456	0.00642
30	0.00759	0.00542	0.00723	0.00868	0.00904	0.00506	0.00578	0.00868	0.01193	0.01591	0.03434	0.77697	0.04121	0.01952	0.00795	0.00253	0.00361	0.01771	0.00578	0.00506
31	0.01297	0.01144	0.03510	0.08862	0.17488	0.01077	0.12193	0.01681	0.04446	0.07677	0.08197	0.05376	0.20460	0.00953	0.00678	0.00202	0.00608	0.00870	0.02515	0.00766
32	0.01792	0.09307	0.36453	0.01623	0.05232	0.04379	0.04207	0.04569	0.03646	0.20629	0.01494	0.01544	0.01040	0.00643	0.00591	0.00189	0.00782	0.00513	0.00422	0.00944
33	0.10132	0.01760	0.01577	0.01305	0.01710	0.16042	0.01042	0.34480	0.11516	0.05594	0.01543	0.01572	0.01141	0.00722	0.00574	0.00182	0.00689	0.00530	0.06981	0.00908
34	0.00759	0.00542	0.00723	0.00868	0.00904	0.00506	0.00578	0.00868	0.01193	0.01591	0.03434	0.77697	0.04121	0.01952	0.00795	0.00253	0.00361	0.01771	0.00578	0.00506
35	0.01514	0.02411	0.42978	0.08263	0.12756	0.01446	0.03882	0.06948	0.01476	0.08749	0.01271	0.01474	0.00914	0.00627	0.00642	0.00197	0.02668	0.00513	0.00344	0.00926
36	0.01666	0.78478	0.03265	0.01066	0.01599	0.02465	0.01066	0.01866	0.01266	0.01466	0.00866	0.00999	0.00800	0.00533	0.00400	0.00133	0.00666	0.00333	0.00267	0.00800
37	0.03287	0.01519	0.12191	0.06055	0.12131	0.02835	0.01275	0.07035	0.12881	0.06752	0.04415	0.06021	0.04372	0.00796	0.00663	0.00189	0.03652	0.00655	0.02440	0.10835
38	0.05853	0.08236	0.09099	0.01305	0.01728	0.12310	0.01132	0.21418	0.11068	0.07120	0.01782	0.12961	0.01553	0.00885	0.00608	0.00193	0.00678	0.00702	0.00505	0.00863
39	0.01294	0.02926	0.61487	0.01983	0.05618	0.01467	0.12574	0.01974	0.01342	0.01979	0.01141	0.01378	0.00820	0.00581	0.00614	0.00199	0.00933	0.00505	0.00273	0.00912
40	0.02182	0.08234	0.01888	0.01570	0.01873	0.62831	0.01210	0.02342	0.01647	0.01518	0.00941	0.01139	0.00804	0.00680	0.00701	0.00170	0.08823	0.00411	0.00312	0.00724
41	0.01250	0.03223	0.74875	0.01776	0.02697	0.01447	0.02302	0.01973	0.01315	0.01973	0.01118	0.01315	0.00789	0.00592	0.00592	0.00197	0.00921	0.00460	0.00263	0.00921
42	0.01004	0.00717	0.01004	0.01147	0.01291	0.00717	0.01004	0.01291	0.01434	0.01865	0.03299	0.07028	0.03586	0.01721	0.00861	0.00287	0.00574	0.70023	0.00574	0.00574
43	0.00882	0.00637	0.00833	0.00784	0.00931	0.00588	0.00588	0.01176	0.01764	0.02499	0.73888	0.04654	0.05879	0.01274	0.00735	0.00196	0.00294	0.01127	0.00686	0.00588
44	0.01177	0.01107	0.01869	0.76606	0.04291	0.01384	0.01730	0.01592	0.01246	0.01592	0.01107	0.01661	0.00831	0.00623	0.00623	0.00208	0.00831	0.00554	0.00277	0.00692
