[name]
unknown

[dist]
# distance from previous block
# <min> <max>
0	89

[block]
# block no. 0 follows, 35 sequences, length 42
# corresponding to MSA columns:
# 89-100,106-135
name=unknown_A
#
# <colnr> <probs for GDERKNQSTAVLIFYWHMCP>
#	G	D	E	R	K	N	Q	S	T	A	V	L	I	F	Y	W	H	M	C	P
0	0.01759	0.08524	0.01910	0.01408	0.03693	0.05011	0.10010	0.14579	0.06452	0.11796	0.15384	0.02342	0.02128	0.00803	0.00635	0.00182	0.00629	0.02240	0.00539	0.09976
1	0.02361	0.01711	0.09038	0.01385	0.01915	0.03191	0.01222	0.36843	0.08000	0.24929	0.01854	0.01757	0.01263	0.00758	0.00632	0.00195	0.00668	0.00589	0.00637	0.01051
2	0.01435	0.01196	0.01365	0.01025	0.01540	0.01029	0.00819	0.08833	0.09558	0.02351	0.04848	0.01622	0.01312	0.00584	0.00520	0.00123	0.00488	0.00472	0.00448	0.60433
3	0.02462	0.01520	0.01723	0.01341	0.01828	0.01609	0.01101	0.43607	0.09636	0.25520	0.01932	0.01804	0.01317	0.00779	0.00637	0.00195	0.00629	0.00606	0.00682	0.01072
4	0.00834	0.00615	0.00800	0.00885	0.00980	0.00553	0.00606	0.00971	0.01254	0.01710	0.06724	0.66041	0.03957	0.01800	0.00772	0.00238	0.00375	0.01627	0.00573	0.08686
5	0.01728	0.01520	0.02435	0.03532	0.63834	0.04166	0.01818	0.02084	0.01495	0.09318	0.01317	0.01614	0.01055	0.00591	0.00627	0.00188	0.00747	0.00567	0.00362	0.01002
6	0.01752	0.61788	0.09217	0.01201	0.01768	0.04508	0.01209	0.08952	0.01479	0.01791	0.00971	0.01100	0.00840	0.00573	0.00452	0.00148	0.00716	0.00376	0.00309	0.00849
7	0.00798	0.00576	0.00790	0.00909	0.00961	0.00568	0.00628	0.00931	0.01177	0.01591	0.03153	0.63011	0.03698	0.02516	0.15010	0.00403	0.00622	0.01589	0.00541	0.00525
8	0.01338	0.01162	0.01429	0.01206	0.08018	0.00905	0.00859	0.01629	0.01327	0.02068	0.01133	0.01338	0.00946	0.00478	0.00484	0.00102	0.00495	0.00393	0.00370	0.74317
9	0.01523	0.01459	0.02489	0.13124	0.64889	0.01495	0.01923	0.01905	0.01422	0.02015	0.01185	0.01586	0.00985	0.00574	0.00629	0.00191	0.00765	0.00565	0.00310	0.00967
10	0.00898	0.00648	0.00848	0.00798	0.00948	0.00599	0.00599	0.01197	0.01796	0.02544	0.73413	0.04739	0.05986	0.01297	0.00748	0.00200	0.00299	0.01147	0.00698	0.00599
11	0.09670	0.05990	0.01684	0.01424	0.08888	0.07206	0.01049	0.05623	0.01704	0.43653	0.01894	0.01778	0.01275	0.00704	0.00587	0.00184	0.00618	0.00552	0.00608	0.04909
12	0.03481	0.01262	0.10682	0.01084	0.01445	0.02738	0.00947	0.01847	0.12821	0.08642	0.16044	0.16143	0.06237	0.02593	0.00713	0.00207	0.00504	0.00928	0.00552	0.11129
13	0.01817	0.64608	0.03050	0.01184	0.01688	0.15555	0.01111	0.02013	0.01380	0.01503	0.00900	0.01040	0.00815	0.00563	0.00437	0.00141	0.00762	0.00352	0.00281	0.00800
14	0.00792	0.00560	0.00731	0.00859	0.00891	0.00528	0.00563	0.00888	0.01178	0.01571	0.03308	0.68100	0.03958	0.11503	0.01114	0.00303	0.00399	0.01693	0.00563	0.00499
15	0.01570	0.01507	0.02575	0.03894	0.73748	0.01507	0.01947	0.01947	0.01444	0.02073	0.01193	0.01570	0.01005	0.00565	0.00628	0.00188	0.00754	0.00565	0.00314	0.01005
16	0.02336	0.01740	0.01862	0.01444	0.01939	0.01932	0.01188	0.65477	0.09260	0.03877	0.01619	0.01599	0.01156	0.00770	0.00636	0.00193	0.00680	0.00584	0.00636	0.01072
17	0.01400	0.02387	0.34182	0.02301	0.03070	0.01548	0.41683	0.02022	0.01429	0.02022	0.01221	0.01551	0.00894	0.00564	0.00686	0.00208	0.01013	0.00628	0.00298	0.00891
18	0.00773	0.00552	0.00736	0.00883	0.00920	0.00515	0.00589	0.00883	0.01215	0.01619	0.03497	0.77291	0.04196	0.01987	0.00810	0.00258	0.00368	0.01803	0.00589	0.00515
19	0.01278	0.03189	0.70893	0.01801	0.02693	0.01496	0.02297	0.01986	0.01321	0.01986	0.01124	0.01342	0.00805	0.00627	0.00675	0.00205	0.04615	0.00473	0.00268	0.00926
20	0.46882	0.03484	0.01315	0.01045	0.01470	0.01562	0.00864	0.22745	0.03605	0.06697	0.01247	0.01322	0.00922	0.00662	0.00486	0.00191	0.00553	0.00446	0.03671	0.00832
21	0.00923	0.00615	0.00692	0.00692	0.00692	0.00615	0.00384	0.00923	0.00923	0.01230	0.01999	0.04151	0.02306	0.77705	0.03229	0.00615	0.00615	0.00923	0.00384	0.00384
22	0.02043	0.04308	0.02042	0.09667	0.19596	0.43588	0.01450	0.06468	0.01718	0.01832	0.01077	0.01322	0.00881	0.00634	0.00591	0.00175	0.00980	0.00470	0.00336	0.00820
23	0.01537	0.01367	0.01685	0.01384	0.01745	0.01517	0.05363	0.07473	0.33039	0.02358	0.01753	0.01836	0.01373	0.00796	0.00897	0.00199	0.15636	0.00600	0.00491	0.18951
24	0.16136	0.15588	0.22528	0.04300	0.02054	0.01745	0.01413	0.16608	0.07871	0.04243	0.01286	0.01389	0.00961	0.00651	0.00543	0.00188	0.00710	0.00474	0.00413	0.00900
25	0.01804	0.01715	0.01540	0.01631	0.12945	0.26765	0.02766	0.02221	0.08724	0.06408	0.01611	0.01787	0.01259	0.00692	0.00557	0.00171	0.00717	0.00543	0.25360	0.00784
26	0.00863	0.00616	0.00839	0.00986	0.01062	0.00593	0.00745	0.01039	0.01303	0.01720	0.03447	0.51970	0.03999	0.01903	0.00834	0.00270	0.00446	0.26236	0.00587	0.00540
27	0.01809	0.01440	0.02300	0.08554	0.51420	0.01456	0.01715	0.08378	0.01626	0.12986	0.01414	0.01663	0.01084	0.00621	0.00631	0.00191	0.00723	0.00577	0.00411	0.01001
28	0.01781	0.11990	0.02416	0.04766	0.38660	0.16866	0.01599	0.06247	0.01556	0.01959	0.01104	0.01398	0.00930	0.00628	0.00678	0.00183	0.05508	0.00503	0.00327	0.00901
29	0.02587	0.01022	0.01389	0.01085	0.01530	0.00888	0.00888	0.02840	0.01813	0.64671	0.11922	0.02502	0.02157	0.00853	0.00653	0.00197	0.00508	0.00706	0.00774	0.01016
30	0.01910	0.27538	0.13989	0.01315	0.01872	0.08125	0.01272	0.15424	0.03647	0.10844	0.03979	0.01500	0.01180	0.00666	0.00546	0.00169	0.00720	0.00488	0.00437	0.04381
31	0.01578	0.01363	0.01434	0.01291	0.01650	0.01578	0.01004	0.03371	0.72602	0.02654	0.02582	0.02367	0.01937	0.00861	0.00646	0.00215	0.00502	0.00717	0.00646	0.01004
32	0.01877	0.01686	0.06910	0.01913	0.02441	0.09558	0.33228	0.02264	0.01581	0.21146	0.01864	0.04902	0.04342	0.00735	0.00723	0.00206	0.02558	0.00727	0.00463	0.00876
33	0.01256	0.03168	0.71254	0.01765	0.02668	0.01436	0.02269	0.01974	0.01359	0.02032	0.04247	0.01486	0.01027	0.00633	0.00609	0.00201	0.00910	0.00498	0.00286	0.00923
34	0.01570	0.01507	0.02575	0.03894	0.73748	0.01507	0.01947	0.01947	0.01444	0.02073	0.01193	0.01570	0.01005	0.00565	0.00628	0.00188	0.00754	0.00565	0.00314	0.01005
35	0.01605	0.05110	0.01324	0.01146	0.01429	0.35553	0.00873	0.01837	0.04221	0.01703	0.03236	0.03202	0.29393	0.01035	0.00630	0.00183	0.00726	0.00793	0.05339	0.00662
36	0.00891	0.00641	0.00773	0.00740	0.00905	0.00583	0.00555	0.01156	0.01665	0.02326	0.50080	0.04829	0.21817	0.01315	0.00718	0.00198	0.00304	0.01137	0.08784	0.00583
37	0.00773	0.00552	0.00736	0.00883	0.00920	0.00515	0.00589	0.00883	0.01215	0.01619	0.03497	0.77291	0.04196	0.01987	0.00810	0.00258	0.00368	0.01803	0.00589	0.00515
38	0.01315	0.01128	0.01315	0.00940	0.01503	0.00846	0.00752	0.01597	0.01315	0.02067	0.01128	0.01315	0.00940	0.00470	0.00470	0.00094	0.00470	0.00376	0.00376	0.81583
39	0.01980	0.01563	0.01661	0.01372	0.01803	0.01766	0.01101	0.36313	0.39005	0.03303	0.02071	0.01960	0.01523	0.00813	0.00640	0.00203	0.00597	0.00647	0.00640	0.01040
40	0.02846	0.01080	0.01472	0.01129	0.01619	0.00932	0.00932	0.03092	0.01816	0.74187	0.02503	0.02159	0.01570	0.00785	0.00638	0.00196	0.00540	0.00638	0.00785	0.01080
41	0.01449	0.02945	0.62169	0.01835	0.04748	0.01425	0.04911	0.02117	0.01397	0.09283	0.01283	0.01443	0.00893	0.00617	0.00613	0.00201	0.00897	0.00500	0.00323	0.00951

[dist]
# distance from previous block
# <min> <max>
31	119

[block]
# block no. 1 follows, 35 sequences, length 53
# corresponding to MSA columns:
# 279-331
name=unknown_B
#
# <colnr> <probs for GDERKNQSTAVLIFYWHMCP>
#	G	D	E	R	K	N	Q	S	T	A	V	L	I	F	Y	W	H	M	C	P
0	0.02193	0.02755	0.01676	0.01529	0.01840	0.66728	0.01147	0.02362	0.01773	0.01605	0.04393	0.01648	0.06211	0.00748	0.00592	0.00169	0.01050	0.00506	0.00361	0.00715
1	0.01238	0.01042	0.01221	0.00910	0.01396	0.00800	0.00714	0.01502	0.01336	0.02047	0.06727	0.04094	0.03366	0.03613	0.00615	0.00130	0.00456	0.00523	0.00412	0.67856
2	0.00773	0.00552	0.00736	0.00883	0.00920	0.00515	0.00589	0.00883	0.01215	0.01619	0.03497	0.77291	0.04196	0.01987	0.00810	0.00258	0.00368	0.01803	0.00589	0.00515
3	0.01315	0.01128	0.01315	0.00940	0.01503	0.00846	0.00752	0.01597	0.01315	0.02067	0.01128	0.01315	0.00940	0.00470	0.00470	0.00094	0.00470	0.00376	0.00376	0.81583
4	0.01627	0.64214	0.02962	0.01059	0.01606	0.02210	0.01025	0.01845	0.01294	0.01596	0.00926	0.01071	0.00837	0.00530	0.00418	0.00128	0.00641	0.00346	0.00290	0.15374
5	0.01321	0.01214	0.01725	0.04640	0.31453	0.03472	0.01265	0.01630	0.01453	0.02024	0.08508	0.02738	0.11044	0.00826	0.00632	0.00177	0.00594	0.05113	0.00416	0.19755
6	0.01417	0.18596	0.53725	0.01653	0.02473	0.01680	0.04093	0.02052	0.03230	0.03830	0.01164	0.01333	0.00861	0.00600	0.00569	0.00188	0.00866	0.00461	0.00294	0.00915
7	0.02512	0.01006	0.01365	0.01072	0.01504	0.00875	0.00875	0.02767	0.01812	0.61914	0.14650	0.02601	0.02327	0.00873	0.00657	0.00197	0.00499	0.00725	0.00770	0.00997
8	0.00750	0.00643	0.00643	0.00643	0.00857	0.00536	0.00482	0.00910	0.01446	0.01714	0.06427	0.06105	0.73490	0.01607	0.00750	0.00214	0.00321	0.01339	0.00589	0.00536
9	0.01348	0.02586	0.44458	0.02125	0.02921	0.01499	0.29624	0.01987	0.01398	0.02008	0.01260	0.03558	0.00959	0.00614	0.00666	0.00208	0.00974	0.00616	0.00298	0.00894
10	0.01678	0.01554	0.05208	0.02277	0.04894	0.01398	0.49317	0.02134	0.01530	0.14682	0.01663	0.06180	0.01310	0.00692	0.00728	0.00214	0.00912	0.02333	0.00422	0.00876
11	0.01272	0.03281	0.74418	0.01808	0.02746	0.01473	0.02344	0.02009	0.01339	0.02009	0.01138	0.01339	0.00804	0.00603	0.00603	0.00201	0.00938	0.00469	0.00268	0.00938
12	0.01570	0.01507	0.02575	0.03894	0.73748	0.01507	0.01947	0.01947	0.01444	0.02073	0.01193	0.01570	0.01005	0.00565	0.00628	0.00188	0.00754	0.00565	0.00314	0.01005
13	0.49147	0.04423	0.22933	0.01182	0.01750	0.01517	0.01234	0.07440	0.01315	0.02644	0.01010	0.01161	0.00757	0.00605	0.00475	0.00195	0.00646	0.00399	0.00371	0.00797
14	0.01511	0.01539	0.02909	0.03308	0.45047	0.01498	0.26718	0.01941	0.01480	0.02081	0.04728	0.01774	0.01231	0.00590	0.00677	0.00198	0.00845	0.00659	0.00335	0.00932
15	0.01674	0.01942	0.02951	0.04708	0.04890	0.19195	0.42470	0.02072	0.01517	0.01861	0.01236	0.01725	0.01004	0.00653	0.00809	0.00209	0.07039	0.02913	0.00326	0.00805
16	0.01628	0.10192	0.05981	0.02591	0.17177	0.10406	0.38733	0.02059	0.01494	0.01924	0.01180	0.01526	0.00932	0.00559	0.00661	0.00194	0.00967	0.00616	0.00313	0.00870
17	0.00819	0.00571	0.00723	0.00825	0.00850	0.00546	0.00526	0.00895	0.01125	0.01500	0.03039	0.54941	0.03618	0.25125	0.01549	0.00367	0.00444	0.01534	0.00526	0.00475
18	0.00773	0.00637	0.00672	0.00694	0.00878	0.00546	0.00515	0.00928	0.01401	0.01692	0.05794	0.13260	0.60092	0.04910	0.00868	0.00240	0.00351	0.04640	0.00580	0.00529
19	0.02566	0.01740	0.01724	0.01368	0.01837	0.14630	0.01108	0.33800	0.02337	0.29691	0.01791	0.01692	0.01215	0.00751	0.00625	0.00188	0.00719	0.00567	0.00636	0.01018
20	0.74352	0.04181	0.01006	0.00830	0.01214	0.01417	0.00688	0.01844	0.01102	0.02766	0.00952	0.01108	0.00746	0.00596	0.00396	0.00191	0.00487	0.00358	0.05079	0.00686
21	0.00750	0.00643	0.00643	0.00643	0.00857	0.00536	0.00482	0.00910	0.01446	0.01714	0.06427	0.06105	0.73490	0.01607	0.00750	0.00214	0.00321	0.01339	0.00589	0.00536
22	0.01272	0.03281	0.74418	0.01808	0.02746	0.01473	0.02344	0.02009	0.01339	0.02009	0.01138	0.01339	0.00804	0.00603	0.00603	0.00201	0.00938	0.00469	0.00268	0.00938
23	0.02274	0.02708	0.01811	0.01608	0.01929	0.59125	0.01230	0.10136	0.03901	0.01853	0.01075	0.01241	0.00880	0.00708	0.00701	0.00177	0.07054	0.00447	0.00366	0.00778
24	0.00923	0.00615	0.00692	0.00692	0.00692	0.00615	0.00384	0.00923	0.00923	0.01230	0.01999	0.04151	0.02306	0.77705	0.03229	0.00615	0.00615	0.00923	0.00384	0.00384
25	0.01786	0.64390	0.03119	0.01224	0.01739	0.12987	0.03720	0.01996	0.01370	0.01521	0.00911	0.01062	0.00820	0.00559	0.00444	0.00143	0.00760	0.00364	0.00281	0.00804
26	0.01601	0.01254	0.01557	0.07191	0.04539	0.01186	0.02766	0.07790	0.16421	0.08788	0.01594	0.01677	0.01212	0.00622	0.00561	0.00152	0.00557	0.00518	0.00479	0.39536
27	0.03996	0.04270	0.01994	0.02230	0.28409	0.01512	0.01365	0.13108	0.16919	0.16983	0.01784	0.01817	0.01313	0.00702	0.00621	0.00194	0.00639	0.00599	0.00529	0.01016
28	0.01670	0.01522	0.02442	0.05311	0.57315	0.01555	0.03634	0.12665	0.01673	0.02346	0.01298	0.03318	0.01085	0.00629	0.00637	0.00192	0.00747	0.00600	0.00369	0.00993
29	0.00773	0.00552	0.00736	0.00883	0.00920	0.00515	0.00589	0.00883	0.01215	0.01619	0.03497	0.77291	0.04196	0.01987	0.00810	0.00258	0.00368	0.01803	0.00589	0.00515
30	0.01570	0.01507	0.02575	0.03894	0.73748	0.01507	0.01947	0.01947	0.01444	0.02073	0.01193	0.01570	0.01005	0.00565	0.00628	0.00188	0.00754	0.00565	0.00314	0.01005
31	0.01383	0.01369	0.01899	0.01614	0.01654	0.01865	0.01343	0.01532	0.00996	0.01565	0.00854	0.01383	0.00840	0.01065	0.01968	0.00265	0.71149	0.00542	0.00285	0.06430
32	0.02115	0.01243	0.01450	0.01222	0.01637	0.01305	0.00974	0.03253	0.42624	0.32948	0.02548	0.02279	0.01781	0.00829	0.00642	0.00207	0.00518	0.00684	0.00705	0.01036
33	0.01309	0.09688	0.68329	0.01746	0.02650	0.01562	0.02236	0.02000	0.01335	0.01965	0.01116	0.01312	0.00805	0.00598	0.00586	0.00195	0.00915	0.00458	0.00268	0.00927
34	0.01578	0.01363	0.01434	0.01291	0.01650	0.01578	0.01004	0.03371	0.72602	0.02654	0.02582	0.02367	0.01937	0.00861	0.00646	0.00215	0.00502	0.00717	0.00646	0.01004
35	0.01231	0.01206	0.05149	0.01402	0.01686	0.05956	0.18725	0.01539	0.01374	0.01962	0.05537	0.22959	0.02244	0.01071	0.00749	0.00209	0.05026	0.00975	0.20331	0.00670
36	0.01254	0.03155	0.70885	0.01760	0.02659	0.01431	0.02260	0.01970	0.01361	0.02035	0.04609	0.01503	0.01052	0.00636	0.00610	0.00201	0.00907	0.00501	0.00289	0.00921
37	0.01570	0.01507	0.02575	0.03894	0.73748	0.01507	0.01947	0.01947	0.01444	0.02073	0.01193	0.01570	0.01005	0.00565	0.00628	0.00188	0.00754	0.00565	0.00314	0.01005
38	0.02370	0.03023	0.01798	0.01634	0.01961	0.75158	0.01226	0.02533	0.01798	0.01553	0.00981	0.01144	0.00817	0.00654	0.00572	0.00163	0.01144	0.00409	0.00327	0.00735
39	0.01241	0.01046	0.01234	0.00925	0.01416	0.00801	0.00727	0.01509	0.01339	0.02061	0.06184	0.08052	0.01557	0.00655	0.00518	0.00115	0.00450	0.00550	0.00416	0.69202
40	0.00773	0.00552	0.00736	0.00883	0.00920	0.00515	0.00589	0.00883	0.01215	0.01619	0.03497	0.77291	0.04196	0.01987	0.00810	0.00258	0.00368	0.01803	0.00589	0.00515
41	0.01315	0.01128	0.01315	0.00940	0.01503	0.00846	0.00752	0.01597	0.01315	0.02067	0.01128	0.01315	0.00940	0.00470	0.00470	0.00094	0.00470	0.00376	0.00376	0.81583
42	0.01613	0.01380	0.01454	0.01298	0.01663	0.01594	0.01013	0.06221	0.69695	0.02710	0.02538	0.02332	0.01901	0.00857	0.00645	0.00214	0.00510	0.00711	0.00645	0.01007
43	0.01632	0.01487	0.02521	0.03760	0.70250	0.01479	0.01898	0.02002	0.01462	0.05569	0.01257	0.01599	0.01032	0.00576	0.00629	0.00189	0.00743	0.00569	0.00337	0.01008
44	0.01315	0.10835	0.67239	0.01735	0.02633	0.01578	0.02217	0.01998	0.01334	0.01957	0.01113	0.01307	0.00805	0.00597	0.00583	0.00194	0.00911	0.00456	0.00268	0.00925
45	0.01793	0.01113	0.06384	0.01062	0.01440	0.00934	0.00906	0.02311	0.12240	0.31149	0.23501	0.03233	0.09173	0.01005	0.00679	0.00202	0.00473	0.00848	0.00685	0.00870
46	0.00769	0.00649	0.00670	0.00680	0.00889	0.00549	0.00520	0.00939	0.01447	0.01727	0.06209	0.06180	0.68538	0.01617	0.00759	0.00220	0.00340	0.06171	0.00589	0.00539
47	0.01624	0.32499	0.33597	0.01416	0.02110	0.01835	0.01606	0.02174	0.06422	0.09304	0.01280	0.01370	0.00967	0.00616	0.00532	0.00176	0.00763	0.00453	0.00349	0.00908
48	0.01903	0.01626	0.14415	0.01776	0.02354	0.01226	0.26558	0.02323	0.01565	0.29338	0.01928	0.08870	0.01468	0.00777	0.00688	0.00209	0.00781	0.00758	0.00513	0.00922
49	0.01294	0.03156	0.69324	0.01956	0.07781	0.01476	0.02316	0.02005	0.01347	0.02014	0.01142	0.01356	0.00818	0.00600	0.00605	0.00200	0.00925	0.00476	0.00271	0.00942
50	0.01524	0.01444	0.02441	0.03667	0.68567	0.01444	0.01836	0.01874	0.01407	0.02013	0.01250	0.01753	0.01097	0.06035	0.00812	0.00219	0.00744	0.00591	0.00319	0.00961
51	0.03721	0.06707	0.01841	0.09256	0.15981	0.01402	0.04402	0.10748	0.12827	0.08008	0.04584	0.02562	0.13553	0.00856	0.00641	0.00198	0.00615	0.00730	0.00498	0.00869
52	0.05063	0.01152	0.01483	0.01154	0.01634	0.01064	0.00949	0.07806	0.06894	0.62169	0.02393	0.02097	0.01536	0.00783	0.00631	0.00197	0.00547	0.00630	0.00753	0.01063

[dist]
# distance from previous block
# <min> <max>
0	8

# created by:
# /home/cegg/simao/soft/augustus-3.2.1/scripts/msa2prfl.pl ./align_prep/EOG090W0IZB.fa
