[name]
unknown

[dist]
# distance from previous block
# <min> <max>
0	0

[block]
# block no. 0 follows, 30 sequences, length 90
# corresponding to MSA columns:
# 16-70,84-118
name=unknown_A
#
# <colnr> <probs for GDERKNQSTAVLIFYWHMCP>
#	G	D	E	R	K	N	Q	S	T	A	V	L	I	F	Y	W	H	M	C	P
0	0.01124	0.00803	0.01124	0.01285	0.01446	0.00803	0.01124	0.01446	0.01606	0.02088	0.03695	0.07871	0.04016	0.01928	0.00964	0.00321	0.00643	0.66426	0.00643	0.00643
1	0.02531	0.05675	0.02015	0.01737	0.02123	0.65015	0.01319	0.04654	0.01973	0.01810	0.01100	0.01274	0.00913	0.00709	0.00620	0.00176	0.01193	0.00450	0.00370	0.04343
2	0.00849	0.00612	0.00805	0.00960	0.01009	0.00568	0.00643	0.00973	0.01347	0.01786	0.03989	0.71999	0.07545	0.02168	0.00888	0.00281	0.00403	0.01961	0.00648	0.00568
3	0.00850	0.00607	0.00810	0.00972	0.01012	0.00567	0.00648	0.00972	0.01336	0.01781	0.03846	0.75020	0.04615	0.02186	0.00891	0.00283	0.00405	0.01984	0.00648	0.00567
4	0.01447	0.01240	0.01447	0.01034	0.01654	0.00930	0.00827	0.01757	0.01447	0.02274	0.01240	0.01447	0.01034	0.00517	0.00517	0.00103	0.00517	0.00413	0.00413	0.79742
5	0.01700	0.01631	0.02784	0.08830	0.66785	0.01651	0.02128	0.02118	0.01576	0.02247	0.01308	0.01736	0.01094	0.00627	0.00691	0.00209	0.00836	0.00622	0.00343	0.01084
6	0.02051	0.01611	0.01660	0.01413	0.01833	0.04843	0.01118	0.23424	0.35957	0.06183	0.02396	0.04923	0.01835	0.00936	0.00693	0.00221	0.00629	0.00755	0.06449	0.01067
7	0.01701	0.01466	0.02036	0.13169	0.05354	0.01862	0.01506	0.10149	0.03828	0.06001	0.01314	0.01776	0.01105	0.01317	0.06564	0.00328	0.38624	0.00636	0.00406	0.00858
8	0.07959	0.02727	0.43300	0.02070	0.09299	0.01589	0.06420	0.02247	0.05276	0.04655	0.01417	0.01730	0.01080	0.04029	0.00840	0.00244	0.03189	0.00582	0.00363	0.00984
9	0.01429	0.08206	0.67523	0.01938	0.02942	0.01693	0.02490	0.02202	0.01470	0.02174	0.01234	0.01451	0.00885	0.00659	0.00649	0.00216	0.01013	0.00507	0.00295	0.01023
10	0.01015	0.00677	0.00761	0.00761	0.00761	0.00677	0.00423	0.01015	0.01015	0.01353	0.02199	0.04567	0.02537	0.75476	0.03552	0.00677	0.00677	0.01015	0.00423	0.00423
11	0.15040	0.01688	0.01774	0.01400	0.01920	0.04291	0.01149	0.35909	0.05504	0.21587	0.01875	0.01798	0.01291	0.00815	0.00655	0.00212	0.00694	0.00608	0.00688	0.01102
12	0.01705	0.02003	0.12697	0.02807	0.20372	0.01758	0.25708	0.06769	0.10720	0.02449	0.01546	0.01850	0.01190	0.00702	0.00816	0.00228	0.04544	0.00701	0.00411	0.01025
13	0.01814	0.01390	0.01951	0.02205	0.22544	0.01408	0.03633	0.02686	0.23218	0.12755	0.11453	0.02559	0.02259	0.00861	0.00709	0.00213	0.00630	0.00766	0.00599	0.06346
14	0.01622	0.33964	0.37667	0.01610	0.02409	0.02111	0.01881	0.02274	0.06704	0.02025	0.01255	0.01411	0.00985	0.00657	0.00576	0.00192	0.00874	0.00476	0.00328	0.00980
15	0.00997	0.00748	0.01121	0.01121	0.01246	0.00872	0.00872	0.01246	0.01121	0.01620	0.01869	0.02741	0.01745	0.05234	0.72710	0.01121	0.01869	0.00748	0.00374	0.00623
16	0.01212	0.00606	0.00909	0.00909	0.00909	0.00606	0.00606	0.00909	0.00909	0.01212	0.01212	0.02121	0.01212	0.02424	0.02727	0.79697	0.00606	0.00606	0.00303	0.00303
17	0.02442	0.09266	0.08175	0.01765	0.02202	0.60812	0.01442	0.02680	0.01888	0.01746	0.01085	0.01266	0.00897	0.00704	0.00617	0.00181	0.01197	0.00449	0.00349	0.00835
18	0.02029	0.01984	0.09769	0.02038	0.14248	0.08699	0.01502	0.12631	0.28325	0.08367	0.02043	0.02037	0.01519	0.00813	0.00691	0.00218	0.00759	0.00665	0.00576	0.01086
19	0.01015	0.00677	0.00761	0.00761	0.00761	0.00677	0.00423	0.01015	0.01015	0.01353	0.02199	0.04567	0.02537	0.75476	0.03552	0.00677	0.00677	0.01015	0.00423	0.00423
20	0.01015	0.00677	0.00761	0.00761	0.00761	0.00677	0.00423	0.01015	0.01015	0.01353	0.02199	0.04567	0.02537	0.75476	0.03552	0.00677	0.00677	0.01015	0.00423	0.00423
21	0.01709	0.01636	0.02787	0.11401	0.53980	0.01675	0.07309	0.04444	0.03974	0.02318	0.01378	0.01782	0.01121	0.00646	0.00703	0.00213	0.00856	0.00643	0.00367	0.01060
22	0.01756	0.01840	0.05831	0.06296	0.61435	0.06265	0.02103	0.02175	0.01603	0.02223	0.01292	0.01690	0.01076	0.00632	0.00686	0.00207	0.00869	0.00606	0.00343	0.01072
23	0.01318	0.01240	0.02093	0.73798	0.04806	0.01550	0.01938	0.01783	0.01395	0.01783	0.01240	0.01860	0.00930	0.00698	0.00698	0.00233	0.00930	0.00620	0.00310	0.00775
24	0.80405	0.01350	0.01026	0.00918	0.01350	0.01565	0.00756	0.02051	0.01188	0.03131	0.00972	0.01134	0.00756	0.00648	0.00432	0.00216	0.00540	0.00378	0.00432	0.00756
25	0.04754	0.02356	0.15219	0.02825	0.32052	0.16250	0.01872	0.07626	0.03999	0.02369	0.01318	0.01579	0.01047	0.00675	0.00660	0.00203	0.00921	0.00558	0.00384	0.03332
26	0.01775	0.01683	0.02857	0.07026	0.56661	0.01703	0.08053	0.07403	0.01719	0.02421	0.01347	0.01743	0.01100	0.00639	0.00704	0.00211	0.00860	0.00640	0.00372	0.01082
27	0.02964	0.01496	0.04833	0.01350	0.01906	0.04379	0.01151	0.12357	0.02150	0.56133	0.02463	0.02189	0.01578	0.00845	0.00696	0.00214	0.00667	0.00672	0.00793	0.01164
28	0.01015	0.00677	0.00761	0.00761	0.00761	0.00677	0.00423	0.01015	0.01015	0.01353	0.02199	0.04567	0.02537	0.75476	0.03552	0.00677	0.00677	0.01015	0.00423	0.00423
29	0.01473	0.15006	0.61107	0.01864	0.02826	0.01800	0.02360	0.02191	0.01465	0.02120	0.01208	0.01418	0.00886	0.00653	0.00629	0.00210	0.00986	0.00493	0.00295	0.01010
30	0.01212	0.00606	0.00909	0.00909	0.00909	0.00606	0.00606	0.00909	0.00909	0.01212	0.01212	0.02121	0.01212	0.02424	0.02727	0.79697	0.00606	0.00606	0.00303	0.00303
31	0.00997	0.00748	0.01121	0.01121	0.01246	0.00872	0.00872	0.01246	0.01121	0.01620	0.01869	0.02741	0.01745	0.05234	0.72710	0.01121	0.01869	0.00748	0.00374	0.00623
32	0.80405	0.01350	0.01026	0.00918	0.01350	0.01565	0.00756	0.02051	0.01188	0.03131	0.00972	0.01134	0.00756	0.00648	0.00432	0.00216	0.00540	0.00378	0.00432	0.00756
33	0.01400	0.03610	0.71860	0.01989	0.03020	0.01621	0.02578	0.02210	0.01473	0.02210	0.01252	0.01473	0.00884	0.00663	0.00663	0.00221	0.01031	0.00516	0.00295	0.01031
34	0.00999	0.00738	0.01072	0.01072	0.01179	0.00845	0.00810	0.01214	0.01107	0.01583	0.01915	0.02994	0.01854	0.14939	0.63154	0.01060	0.01704	0.00785	0.00381	0.00595
35	0.01271	0.01052	0.01254	0.01027	0.01460	0.00844	0.00780	0.01578	0.03672	0.02142	0.02102	0.24315	0.02181	0.01049	0.00639	0.00164	0.00483	0.00913	0.00496	0.52576
36	0.01400	0.03610	0.71860	0.01989	0.03020	0.01621	0.02578	0.02210	0.01473	0.02210	0.01252	0.01473	0.00884	0.00663	0.00663	0.00221	0.01031	0.00516	0.00295	0.01031
37	0.00850	0.00607	0.00810	0.00972	0.01012	0.00567	0.00648	0.00972	0.01336	0.01781	0.03846	0.75020	0.04615	0.02186	0.00891	0.00283	0.00405	0.01984	0.00648	0.00567
38	0.01491	0.00834	0.00853	0.00785	0.01003	0.00863	0.00606	0.11073	0.01719	0.02854	0.02192	0.02471	0.01704	0.00816	0.00517	0.00169	0.00387	0.00647	0.68287	0.00726
39	0.40660	0.10339	0.12045	0.01225	0.01772	0.01737	0.01168	0.10811	0.03942	0.05291	0.04316	0.01526	0.01185	0.00721	0.00539	0.00209	0.00659	0.00495	0.00470	0.00891
40	0.01295	0.04568	0.02363	0.01790	0.02152	0.01363	0.26225	0.01625	0.01458	0.01940	0.02963	0.11528	0.17697	0.01578	0.07855	0.00331	0.11009	0.01053	0.00449	0.00759
41	0.00853	0.00628	0.00789	0.00914	0.00988	0.00576	0.00616	0.00979	0.01368	0.01781	0.04360	0.59465	0.16584	0.05352	0.00996	0.00292	0.00408	0.01848	0.00638	0.00564
42	0.01609	0.01472	0.01857	0.01621	0.01736	0.04387	0.01319	0.11930	0.01524	0.02157	0.03370	0.13116	0.01772	0.01321	0.01688	0.00281	0.44593	0.03008	0.00443	0.00793
43	0.01707	0.01648	0.02845	0.07226	0.65962	0.01657	0.04408	0.02129	0.01583	0.02257	0.01313	0.01738	0.01096	0.00624	0.00696	0.00209	0.00845	0.00629	0.00344	0.01086
44	0.01008	0.00740	0.01083	0.01083	0.01201	0.00852	0.00831	0.01243	0.01125	0.01634	0.01904	0.02857	0.01798	0.09694	0.65886	0.01062	0.01742	0.00762	0.02886	0.00611
45	0.00943	0.00726	0.00789	0.00763	0.00994	0.00620	0.00576	0.01156	0.01689	0.04592	0.20703	0.06234	0.54439	0.01661	0.00820	0.00231	0.00357	0.01399	0.00682	0.00626
46	0.01697	0.01627	0.02778	0.09385	0.66255	0.01650	0.02127	0.02115	0.01575	0.02243	0.01307	0.01737	0.01093	0.00627	0.00691	0.00209	0.00836	0.00622	0.00343	0.01081
47	0.01484	0.01316	0.01537	0.01327	0.04244	0.03599	0.03250	0.02207	0.18659	0.02390	0.05270	0.04991	0.05853	0.00879	0.00653	0.00178	0.00570	0.04125	0.00530	0.36940
48	0.01894	0.01814	0.02473	0.05370	0.39154	0.11764	0.06395	0.04550	0.06517	0.06170	0.03519	0.02034	0.03714	0.00740	0.00702	0.00210	0.00854	0.00674	0.00435	0.01019
49	0.01902	0.67075	0.06569	0.01276	0.01874	0.08102	0.01268	0.02149	0.01464	0.01672	0.00991	0.01146	0.00895	0.00609	0.00471	0.00155	0.00798	0.00385	0.00303	0.00895
50	0.01738	0.18524	0.10735	0.04109	0.18932	0.09839	0.03862	0.04603	0.05931	0.02147	0.03687	0.04516	0.04353	0.00787	0.00644	0.00197	0.00818	0.00649	0.00404	0.03525
51	0.00877	0.00702	0.00784	0.00779	0.00979	0.00609	0.00578	0.01097	0.01692	0.02161	0.26598	0.11128	0.46173	0.01692	0.00829	0.00234	0.00350	0.01444	0.00685	0.00609
52	0.00855	0.00611	0.00814	0.00968	0.01013	0.00570	0.00648	0.00984	0.01359	0.01818	0.06262	0.72499	0.04686	0.02159	0.00888	0.00281	0.00402	0.01958	0.00652	0.00570
53	0.01103	0.00945	0.00999	0.01017	0.01219	0.06372	0.00811	0.01368	0.01737	0.02196	0.23985	0.06198	0.26593	0.01634	0.00851	0.00252	0.00505	0.20914	0.00658	0.00643
54	0.01045	0.00793	0.00979	0.00939	0.01128	0.00756	0.00697	0.01494	0.08631	0.02567	0.46471	0.15606	0.10585	0.01490	0.00812	0.00228	0.00371	0.01312	0.00723	0.03371
55	0.80405	0.01350	0.01026	0.00918	0.01350	0.01565	0.00756	0.02051	0.01188	0.03131	0.00972	0.01134	0.00756	0.00648	0.00432	0.00216	0.00540	0.00378	0.00432	0.00756
56	0.01301	0.00650	0.00650	0.00650	0.00813	0.00650	0.00488	0.01626	0.01463	0.02602	0.02276	0.02602	0.01789	0.00813	0.00488	0.00163	0.00325	0.00650	0.79350	0.00650
57	0.80405	0.01350	0.01026	0.00918	0.01350	0.01565	0.00756	0.02051	0.01188	0.03131	0.00972	0.01134	0.00756	0.00648	0.00432	0.00216	0.00540	0.00378	0.00432	0.00756
58	0.02608	0.03276	0.01982	0.01791	0.02158	0.70136	0.01348	0.05162	0.02024	0.01805	0.01100	0.01273	0.00909	0.00723	0.00632	0.00181	0.01241	0.00456	0.00372	0.00823
59	0.02653	0.01955	0.02094	0.01606	0.02164	0.02164	0.01326	0.68796	0.03281	0.04398	0.01675	0.01675	0.01187	0.00838	0.00698	0.00209	0.00768	0.00628	0.00698	0.01187
60	0.01880	0.01742	0.02193	0.02542	0.26757	0.06739	0.03831	0.09360	0.31823	0.02725	0.02007	0.02080	0.01548	0.00791	0.00700	0.00219	0.00743	0.00691	0.00541	0.01086
61	0.00856	0.00612	0.00815	0.00968	0.01013	0.00571	0.00648	0.00987	0.01364	0.01826	0.06806	0.71932	0.04702	0.02153	0.00888	0.00281	0.00402	0.01952	0.00653	0.00571
62	0.13551	0.01870	0.01944	0.01509	0.02050	0.02080	0.01246	0.59441	0.02988	0.04220	0.01577	0.01599	0.01126	0.00811	0.00661	0.00210	0.00736	0.00593	0.00661	0.01126
63	0.01728	0.01052	0.01329	0.03943	0.01663	0.04083	0.01095	0.04266	0.01790	0.19464	0.08491	0.07704	0.03322	0.01496	0.00852	0.00273	0.00640	0.35316	0.00685	0.00808
64	0.01860	0.57971	0.03093	0.01175	0.01710	0.02425	0.01120	0.07584	0.04494	0.02033	0.01258	0.01399	0.01075	0.00657	0.00484	0.00159	0.00691	0.00444	0.09468	0.00900
65	0.00922	0.00658	0.00892	0.01054	0.01125	0.00629	0.00772	0.01095	0.01407	0.01862	0.03807	0.57484	0.04459	0.02119	0.00910	0.00293	0.00467	0.18813	0.00646	0.00587
66	0.01018	0.00775	0.01146	0.01134	0.01248	0.00913	0.00879	0.01253	0.01115	0.01611	0.01846	0.02772	0.01746	0.08072	0.67018	0.01071	0.04637	0.00754	0.00373	0.00620
67	0.01924	0.70159	0.03524	0.01242	0.01820	0.08287	0.01206	0.02145	0.01462	0.01647	0.00979	0.01130	0.00896	0.00607	0.00462	0.00152	0.00787	0.00379	0.00303	0.00889
68	0.01564	0.00998	0.01216	0.01066	0.01357	0.00987	0.00829	0.06330	0.13007	0.14309	0.41756	0.04151	0.07088	0.01231	0.00777	0.00222	0.00438	0.01060	0.00766	0.00849
69	0.80405	0.01350	0.01026	0.00918	0.01350	0.01565	0.00756	0.02051	0.01188	0.03131	0.00972	0.01134	0.00756	0.00648	0.00432	0.00216	0.00540	0.00378	0.00432	0.00756
70	0.01022	0.00759	0.01063	0.01051	0.01137	0.00868	0.00775	0.01200	0.01090	0.01550	0.01922	0.03191	0.01928	0.24196	0.51142	0.00969	0.04363	0.00815	0.00385	0.00574
71	0.01580	0.01543	0.02297	0.39406	0.22028	0.06792	0.03650	0.04555	0.01577	0.02058	0.03787	0.01882	0.01194	0.00730	0.00767	0.00224	0.04055	0.00637	0.00356	0.00882
72	0.02266	0.13635	0.05402	0.01917	0.06819	0.40082	0.05179	0.07545	0.04894	0.02042	0.01222	0.01412	0.00997	0.00718	0.00676	0.00190	0.03212	0.00507	0.00386	0.00899
73	0.00841	0.00704	0.00732	0.00732	0.00954	0.00595	0.00546	0.01030	0.01619	0.01968	0.12975	0.08811	0.62605	0.01749	0.00827	0.00236	0.00353	0.01470	0.00659	0.00595
74	0.01550	0.01323	0.01407	0.01279	0.01631	0.01487	0.00990	0.03137	0.54683	0.02783	0.10389	0.03364	0.10782	0.01094	0.00735	0.00235	0.00505	0.00920	0.00709	0.00997
75	0.02610	0.03214	0.01987	0.01782	0.02158	0.66921	0.01347	0.08173	0.02084	0.01927	0.01127	0.01292	0.00922	0.00729	0.00635	0.00182	0.01218	0.00464	0.00387	0.00840
76	0.00831	0.00707	0.00715	0.00713	0.00946	0.00592	0.00535	0.01013	0.01605	0.01918	0.09388	0.06661	0.68500	0.01755	0.00825	0.00235	0.00353	0.01465	0.00652	0.00592
77	0.01866	0.75896	0.03657	0.01194	0.01791	0.02761	0.01194	0.02090	0.01418	0.01642	0.00970	0.01119	0.00896	0.00597	0.00448	0.00149	0.00746	0.00373	0.00299	0.00896
78	0.00896	0.00734	0.00795	0.00791	0.01004	0.00649	0.00588	0.01174	0.04554	0.02094	0.18695	0.11655	0.50507	0.01701	0.00825	0.00236	0.00361	0.01444	0.00673	0.00622
79	0.02653	0.01955	0.02094	0.01606	0.02164	0.02164	0.01326	0.68796	0.03281	0.04398	0.01675	0.01675	0.01187	0.00838	0.00698	0.00209	0.00768	0.00628	0.00698	0.01187
80	0.01772	0.04344	0.19553	0.02001	0.05176	0.04871	0.14139	0.07284	0.01625	0.07030	0.01338	0.01624	0.01031	0.00766	0.00989	0.00221	0.15087	0.00598	0.00397	0.10154
81	0.01014	0.00781	0.00935	0.00884	0.01086	0.00737	0.00667	0.01452	0.07902	0.02585	0.49105	0.05350	0.21955	0.01468	0.00813	0.00225	0.00355	0.01272	0.00734	0.00681
82	0.01378	0.00800	0.01058	0.00944	0.01177	0.00725	0.00725	0.01696	0.01979	0.15329	0.58371	0.04696	0.05700	0.01324	0.00801	0.00219	0.00377	0.01160	0.00786	0.00755
83	0.00844	0.00708	0.00734	0.00727	0.00954	0.00597	0.00545	0.01039	0.01636	0.01993	0.14616	0.06538	0.63225	0.01727	0.00825	0.00234	0.00351	0.01448	0.00662	0.00597
84	0.01687	0.10362	0.02828	0.13457	0.53841	0.01773	0.02002	0.02086	0.01542	0.02136	0.01262	0.01674	0.01057	0.00629	0.00663	0.00204	0.00833	0.00592	0.00335	0.01035
85	0.01659	0.01818	0.03750	0.03185	0.18284	0.01758	0.51139	0.02190	0.01609	0.02220	0.01368	0.01833	0.01063	0.00623	0.00859	0.00232	0.04321	0.00770	0.00349	0.00969
86	0.01124	0.00803	0.01124	0.01285	0.01446	0.00803	0.01124	0.01446	0.01606	0.02088	0.03695	0.07871	0.04016	0.01928	0.00964	0.00321	0.00643	0.66426	0.00643	0.00643
87	0.01362	0.01329	0.02414	0.12835	0.18364	0.01339	0.20147	0.01741	0.01518	0.02058	0.04407	0.18810	0.06434	0.01091	0.00829	0.00241	0.02746	0.01060	0.00442	0.00834
88	0.01883	0.28173	0.20021	0.05016	0.10404	0.06997	0.03905	0.09438	0.01718	0.04562	0.01250	0.01447	0.00984	0.00664	0.00601	0.00191	0.00881	0.00507	0.00372	0.00985
89	0.01540	0.00982	0.01330	0.01333	0.06473	0.00919	0.03392	0.04111	0.04642	0.16623	0.08739	0.19939	0.19728	0.01464	0.00804	0.00244	0.00521	0.05735	0.00672	0.00811

[dist]
# distance from previous block
# <min> <max>
0	3

[block]
# block no. 1 follows, 30 sequences, length 15
# corresponding to MSA columns:
# 122-136
name=unknown_B
#
# <colnr> <probs for GDERKNQSTAVLIFYWHMCP>
#	G	D	E	R	K	N	Q	S	T	A	V	L	I	F	Y	W	H	M	C	P
0	0.01910	0.08846	0.08560	0.01813	0.08095	0.06991	0.09220	0.03826	0.07369	0.15141	0.03562	0.02354	0.01608	0.06737	0.05362	0.00308	0.04286	0.02581	0.00499	0.00932
1	0.01349	0.01272	0.02149	0.68536	0.09827	0.01559	0.01953	0.01810	0.01410	0.01821	0.01246	0.01850	0.00943	0.00692	0.00697	0.00231	0.00923	0.00620	0.00313	0.00800
2	0.01638	0.11447	0.01758	0.01125	0.01682	0.01292	0.00936	0.05130	0.07289	0.06057	0.01759	0.02032	0.03829	0.00704	0.00573	0.00146	0.00566	0.03379	0.00479	0.48180
3	0.01880	0.27725	0.19915	0.01677	0.02320	0.15151	0.08578	0.06397	0.01678	0.02086	0.01229	0.01437	0.00983	0.00663	0.00592	0.00186	0.00932	0.00502	0.05148	0.00921
4	0.11837	0.00798	0.00982	0.01107	0.01255	0.00810	0.00879	0.01334	0.01438	0.02105	0.03385	0.34453	0.03816	0.01859	0.00861	0.00291	0.00531	0.31015	0.00616	0.00627
5	0.01444	0.01306	0.01859	0.04779	0.22374	0.03014	0.05379	0.05058	0.10940	0.02434	0.15334	0.07431	0.13515	0.01097	0.00757	0.00224	0.00633	0.00983	0.00553	0.00885
6	0.01056	0.00673	0.00859	0.00859	0.00881	0.00696	0.00544	0.01032	0.01010	0.01369	0.01919	0.03693	0.02099	0.46582	0.15725	0.18434	0.00874	0.00876	0.00387	0.00432
7	0.01176	0.01818	0.24271	0.01451	0.01912	0.03277	0.05241	0.01583	0.01463	0.01972	0.03175	0.19888	0.15770	0.01589	0.04921	0.00299	0.03646	0.05303	0.00478	0.00767
8	0.01639	0.01660	0.03096	0.02515	0.09206	0.01736	0.36856	0.06079	0.01622	0.02303	0.04391	0.01973	0.01329	0.00790	0.01088	0.00240	0.16293	0.00756	0.05522	0.00903
9	0.01143	0.00844	0.01215	0.08084	0.01761	0.00873	0.01201	0.01477	0.01587	0.02060	0.03465	0.07308	0.03727	0.01812	0.00939	0.00313	0.00670	0.60256	0.00611	0.00655
10	0.01866	0.75896	0.03657	0.01194	0.01791	0.02761	0.01194	0.02090	0.01418	0.01642	0.00970	0.01119	0.00896	0.00597	0.00448	0.00149	0.00746	0.00373	0.00299	0.00896
11	0.03000	0.01159	0.01578	0.01219	0.01736	0.01003	0.01003	0.03274	0.01996	0.67407	0.06902	0.02548	0.02024	0.00898	0.00709	0.00216	0.00578	0.00736	0.00858	0.01155
12	0.01488	0.01242	0.01371	0.01311	0.01608	0.01397	0.01008	0.02909	0.48760	0.02597	0.03136	0.18635	0.02840	0.01305	0.00773	0.00255	0.00529	0.07200	0.00690	0.00946
13	0.02035	0.15504	0.07128	0.04996	0.18539	0.12909	0.11018	0.02404	0.01668	0.12263	0.01468	0.01680	0.01124	0.00676	0.00648	0.00198	0.00894	0.00584	0.03287	0.00976
14	0.01234	0.00928	0.01206	0.01309	0.01512	0.00970	0.01121	0.01851	0.13839	0.02237	0.03542	0.06927	0.03678	0.01752	0.00918	0.00306	0.00626	0.54662	0.00655	0.00725

[dist]
# distance from previous block
# <min> <max>
0	1

[block]
# block no. 2 follows, 30 sequences, length 26
# corresponding to MSA columns:
# 138-163
name=unknown_C
#
# <colnr> <probs for GDERKNQSTAVLIFYWHMCP>
#	G	D	E	R	K	N	Q	S	T	A	V	L	I	F	Y	W	H	M	C	P
0	0.06154	0.01746	0.04090	0.01576	0.04628	0.04427	0.01248	0.25202	0.27673	0.12550	0.02170	0.02069	0.01566	0.00854	0.00686	0.00220	0.00682	0.00675	0.00672	0.01112
1	0.01010	0.00697	0.00867	0.00867	0.00903	0.00734	0.00554	0.01082	0.01046	0.01431	0.02102	0.04033	0.02305	0.54928	0.23783	0.00807	0.01025	0.00937	0.00408	0.00481
2	0.04496	0.14925	0.11720	0.01373	0.01960	0.05509	0.02935	0.11378	0.04537	0.04947	0.04355	0.05300	0.01469	0.00763	0.00607	0.00177	0.00712	0.00600	0.00467	0.21771
3	0.02150	0.48196	0.03021	0.01417	0.01931	0.26678	0.01252	0.04900	0.01681	0.01771	0.01034	0.01188	0.00908	0.00648	0.00520	0.00162	0.00922	0.00409	0.00335	0.00877
4	0.10711	0.13861	0.46753	0.01684	0.02512	0.04297	0.02011	0.02227	0.03686	0.02249	0.01252	0.01442	0.00937	0.00667	0.00600	0.00207	0.00905	0.00489	0.02546	0.00963
5	0.01731	0.01739	0.09465	0.05509	0.25849	0.01607	0.08606	0.11491	0.06017	0.04686	0.01636	0.02097	0.01328	0.01305	0.09582	0.00333	0.02911	0.02669	0.00440	0.00999
6	0.01014	0.00681	0.00786	0.00786	0.00795	0.00690	0.00454	0.01031	0.01022	0.01372	0.02176	0.04439	0.02482	0.70571	0.08381	0.00708	0.00760	0.00996	0.00419	0.00437
7	0.02604	0.06148	0.02165	0.01607	0.02143	0.11048	0.01322	0.56881	0.03016	0.03910	0.01562	0.01593	0.01135	0.00810	0.00676	0.00202	0.00828	0.00592	0.00634	0.01123
8	0.01120	0.00736	0.00956	0.00886	0.01071	0.00678	0.00670	0.01446	0.01951	0.06531	0.63658	0.04929	0.06082	0.01366	0.00800	0.00216	0.00343	0.01201	0.04672	0.00687
9	0.01355	0.00836	0.01038	0.00927	0.01181	0.00761	0.00715	0.04248	0.01948	0.13463	0.43709	0.04949	0.19371	0.01388	0.00799	0.00222	0.00393	0.01194	0.00755	0.00748
10	0.00854	0.00625	0.00793	0.00924	0.00991	0.00575	0.00621	0.00978	0.01359	0.01778	0.04244	0.62078	0.14144	0.05270	0.00995	0.00293	0.00409	0.01868	0.00638	0.00564
11	0.01866	0.75896	0.03657	0.01194	0.01791	0.02761	0.01194	0.02090	0.01418	0.01642	0.00970	0.01119	0.00896	0.00597	0.00448	0.00149	0.00746	0.00373	0.00299	0.00896
12	0.01727	0.01658	0.02832	0.04283	0.71123	0.01658	0.02142	0.02142	0.01589	0.02280	0.01313	0.01727	0.01105	0.00622	0.00691	0.00207	0.00829	0.00622	0.00345	0.01105
13	0.80405	0.01350	0.01026	0.00918	0.01350	0.01565	0.00756	0.02051	0.01188	0.03131	0.00972	0.01134	0.00756	0.00648	0.00432	0.00216	0.00540	0.00378	0.00432	0.00756
14	0.01736	0.01499	0.01578	0.01420	0.01815	0.01736	0.01105	0.03708	0.69862	0.02919	0.02840	0.02604	0.02130	0.00947	0.00710	0.00237	0.00552	0.00789	0.00710	0.01105
15	0.00850	0.00607	0.00810	0.00972	0.01012	0.00567	0.00648	0.00972	0.01336	0.01781	0.03846	0.75020	0.04615	0.02186	0.00891	0.00283	0.00405	0.01984	0.00648	0.00567
16	0.01866	0.75896	0.03657	0.01194	0.01791	0.02761	0.01194	0.02090	0.01418	0.01642	0.00970	0.01119	0.00896	0.00597	0.00448	0.00149	0.00746	0.00373	0.00299	0.00896
17	0.03131	0.01188	0.01619	0.01242	0.01781	0.01026	0.01026	0.03401	0.01997	0.71606	0.02753	0.02375	0.01727	0.00864	0.00702	0.00216	0.00594	0.00702	0.00864	0.01188
18	0.00870	0.00630	0.00827	0.00977	0.01041	0.00587	0.00677	0.01011	0.01376	0.01813	0.04065	0.64831	0.09304	0.02136	0.00892	0.00283	0.00420	0.07038	0.00647	0.00574
19	0.01092	0.00766	0.01018	0.01132	0.01245	0.00766	0.00919	0.01319	0.01433	0.01873	0.03256	0.06903	0.03583	0.23479	0.01722	0.00425	0.00653	0.47259	0.00578	0.00578
20	0.01659	0.01295	0.01487	0.01152	0.01660	0.01177	0.00918	0.12068	0.10365	0.05501	0.12473	0.02253	0.02092	0.00775	0.00624	0.00159	0.00533	0.00637	0.00567	0.42607
21	0.01952	0.58224	0.08774	0.01348	0.01949	0.11309	0.01328	0.04865	0.01566	0.01806	0.01034	0.01187	0.00907	0.00627	0.00497	0.00161	0.00833	0.00404	0.00322	0.00907
22	0.01945	0.38565	0.16587	0.01465	0.02105	0.07610	0.01480	0.09735	0.08126	0.04408	0.01345	0.01441	0.01068	0.00687	0.00564	0.00183	0.00821	0.00485	0.00403	0.00977
23	0.05273	0.05055	0.06677	0.02190	0.18740	0.11517	0.01508	0.18694	0.12659	0.05407	0.04297	0.01879	0.01452	0.00781	0.00670	0.00208	0.00800	0.00626	0.00523	0.01043
24	0.01425	0.02790	0.46854	0.01864	0.05431	0.01485	0.04217	0.02220	0.07793	0.02301	0.04361	0.01896	0.03238	0.00729	0.00667	0.00208	0.00873	0.00600	0.00380	0.10667
25	0.07187	0.10993	0.31665	0.01581	0.02331	0.01697	0.01724	0.12205	0.03700	0.14789	0.01571	0.01629	0.01111	0.00717	0.00630	0.00205	0.00815	0.00543	0.00480	0.04427

[dist]
# distance from previous block
# <min> <max>
0	2

[block]
# block no. 3 follows, 30 sequences, length 8
# corresponding to MSA columns:
# 166-173
name=unknown_D
#
# <colnr> <probs for GDERKNQSTAVLIFYWHMCP>
#	G	D	E	R	K	N	Q	S	T	A	V	L	I	F	Y	W	H	M	C	P
0	0.01826	0.05574	0.09811	0.04572	0.09856	0.01500	0.07612	0.09039	0.09766	0.13193	0.02391	0.08877	0.05954	0.01001	0.00779	0.00230	0.03030	0.03466	0.00551	0.00971
1	0.01356	0.01372	0.05781	0.15863	0.06713	0.05270	0.01281	0.02058	0.16853	0.02180	0.06429	0.12633	0.12041	0.01218	0.00763	0.00241	0.00663	0.05923	0.00543	0.00819
2	0.01069	0.00746	0.00874	0.00822	0.01049	0.00652	0.00624	0.01320	0.01790	0.07501	0.34741	0.05730	0.37425	0.01550	0.00815	0.00227	0.00361	0.01322	0.00717	0.00664
3	0.01745	0.30711	0.12523	0.09739	0.02293	0.11584	0.01429	0.04431	0.07302	0.01973	0.01859	0.01989	0.08153	0.00791	0.00601	0.00191	0.00822	0.00588	0.00391	0.00885
4	0.01785	0.01912	0.10306	0.11476	0.36268	0.06331	0.01900	0.04759	0.11230	0.04891	0.01562	0.01828	0.01215	0.00704	0.00688	0.00215	0.00843	0.00625	0.00419	0.01044
5	0.00989	0.00729	0.01055	0.01082	0.01188	0.00817	0.00822	0.01206	0.01163	0.01640	0.02219	0.11228	0.02259	0.10884	0.54681	0.00945	0.01534	0.04534	0.00423	0.00600
6	0.00987	0.00665	0.00769	0.00796	0.00803	0.00658	0.00460	0.01008	0.01068	0.01425	0.02474	0.16328	0.02884	0.63241	0.03108	0.00611	0.00631	0.01177	0.00460	0.00447
7	0.06452	0.02332	0.09205	0.02242	0.16116	0.22105	0.05668	0.14785	0.02030	0.10329	0.01456	0.01608	0.01087	0.00720	0.00667	0.00204	0.00941	0.00571	0.00473	0.01008

[dist]
# distance from previous block
# <min> <max>
0	5

[block]
# block no. 4 follows, 30 sequences, length 25
# corresponding to MSA columns:
# 179-203
name=unknown_E
#
# <colnr> <probs for GDERKNQSTAVLIFYWHMCP>
#	G	D	E	R	K	N	Q	S	T	A	V	L	I	F	Y	W	H	M	C	P
0	0.01494	0.03449	0.62908	0.01939	0.02887	0.05861	0.02405	0.02346	0.06164	0.02228	0.01350	0.01538	0.00970	0.00686	0.00664	0.00220	0.01012	0.00530	0.00327	0.01023
1	0.00878	0.00724	0.00775	0.00778	0.00990	0.00633	0.00577	0.01127	0.03796	0.02030	0.15125	0.12900	0.53754	0.01736	0.00827	0.00238	0.00361	0.01472	0.00666	0.00613
2	0.06088	0.15012	0.02351	0.02049	0.16308	0.07930	0.05908	0.04419	0.13302	0.06371	0.01825	0.09329	0.01599	0.00886	0.00722	0.00214	0.03522	0.00737	0.00477	0.00950
3	0.01340	0.01284	0.02231	0.68970	0.04727	0.01565	0.06480	0.01814	0.01413	0.01814	0.01252	0.01862	0.00939	0.00690	0.00706	0.00233	0.00947	0.00634	0.00313	0.00787
4	0.01085	0.00844	0.01002	0.00952	0.01161	0.00832	0.00716	0.01666	0.13861	0.02607	0.44179	0.09475	0.16052	0.01446	0.00808	0.00229	0.00377	0.01259	0.00731	0.00720
5	0.00899	0.00642	0.00865	0.01027	0.01089	0.00609	0.00732	0.01055	0.01384	0.01836	0.03819	0.63162	0.04510	0.02141	0.00904	0.00290	0.00447	0.13364	0.00647	0.00580
6	0.01476	0.01401	0.02378	0.46984	0.30387	0.01592	0.02017	0.01921	0.01470	0.01975	0.01268	0.01809	0.00998	0.00668	0.00695	0.00223	0.00891	0.00621	0.00324	0.00903
7	0.01989	0.02264	0.01626	0.03659	0.01872	0.40748	0.01122	0.04983	0.01890	0.02060	0.12905	0.10998	0.02313	0.01002	0.00688	0.00195	0.00907	0.00781	0.00479	0.07519
8	0.66124	0.01347	0.01106	0.00972	0.01398	0.01540	0.00796	0.06079	0.03943	0.05196	0.01210	0.01340	0.00920	0.00686	0.00469	0.00213	0.00543	0.00433	0.04882	0.00801
9	0.80405	0.01350	0.01026	0.00918	0.01350	0.01565	0.00756	0.02051	0.01188	0.03131	0.00972	0.01134	0.00756	0.00648	0.00432	0.00216	0.00540	0.00378	0.00432	0.00756
10	0.01336	0.01259	0.02126	0.70681	0.07781	0.01555	0.01947	0.01799	0.01404	0.01805	0.01244	0.01854	0.00938	0.00694	0.00697	0.00231	0.00926	0.00620	0.00312	0.00790
11	0.01012	0.00727	0.01046	0.01046	0.01141	0.00823	0.00777	0.01186	0.01091	0.01550	0.01891	0.03031	0.01856	0.17571	0.56497	0.05435	0.01586	0.00787	0.00379	0.00570
12	0.00888	0.00698	0.00802	0.00801	0.00988	0.00612	0.00591	0.01114	0.01703	0.02210	0.30219	0.14209	0.39296	0.01691	0.00832	0.00235	0.00351	0.01455	0.00692	0.00612
13	0.07544	0.00716	0.00718	0.00702	0.00889	0.00722	0.00532	0.01600	0.01510	0.02645	0.10991	0.02953	0.04629	0.00909	0.00537	0.00176	0.00344	0.00734	0.60491	0.00658
14	0.00866	0.00709	0.00765	0.00751	0.00968	0.00607	0.00563	0.01082	0.01689	0.02118	0.23337	0.06332	0.54426	0.01680	0.00824	0.00232	0.00347	0.01419	0.00679	0.00607
15	0.02563	0.01910	0.02044	0.01588	0.02130	0.02122	0.01305	0.62456	0.09766	0.04254	0.01789	0.01766	0.01279	0.00848	0.00699	0.00212	0.00747	0.00644	0.00699	0.01179
16	0.00864	0.00617	0.00825	0.00987	0.01034	0.00579	0.00671	0.00995	0.01349	0.01797	0.03839	0.71682	0.04586	0.02173	0.00894	0.00285	0.00417	0.05187	0.00648	0.00571
17	0.00869	0.00620	0.00831	0.00993	0.01041	0.00583	0.00680	0.01003	0.01354	0.01802	0.03836	0.70530	0.04575	0.02169	0.00896	0.00286	0.00421	0.06293	0.00647	0.00572
18	0.01647	0.01882	0.04118	0.02941	0.03647	0.01765	0.68588	0.02235	0.01647	0.02235	0.01412	0.01882	0.01059	0.00588	0.00824	0.00235	0.01176	0.00824	0.00353	0.00941
19	0.04311	0.11690	0.46827	0.01827	0.02698	0.01734	0.06554	0.05643	0.01591	0.06422	0.01331	0.01510	0.00963	0.00666	0.00640	0.00209	0.00934	0.00528	0.00362	0.03562
20	0.01505	0.01494	0.02095	0.01802	0.01808	0.02084	0.01499	0.01661	0.01071	0.01677	0.00956	0.01578	0.00951	0.01389	0.05240	0.00340	0.71169	0.00616	0.00308	0.00757
21	0.00845	0.00708	0.00735	0.00728	0.00955	0.00598	0.00546	0.01041	0.01638	0.01998	0.14969	0.06529	0.62869	0.01725	0.00825	0.00234	0.00350	0.01447	0.00663	0.00598
22	0.00867	0.00626	0.00825	0.00977	0.01037	0.00584	0.00673	0.01005	0.01369	0.01808	0.04028	0.66461	0.08520	0.02144	0.00892	0.00283	0.00418	0.06263	0.00647	0.00573
23	0.01784	0.05193	0.02249	0.13738	0.28116	0.05333	0.03752	0.04448	0.05355	0.09870	0.03693	0.07027	0.04681	0.00864	0.00706	0.00217	0.00770	0.00770	0.00472	0.00964
24	0.01669	0.01473	0.08255	0.02302	0.24072	0.01315	0.04273	0.02112	0.05529	0.12402	0.02002	0.02489	0.04111	0.08776	0.13352	0.00419	0.03327	0.00734	0.00462	0.00925

[dist]
# distance from previous block
# <min> <max>
0	1

[block]
# block no. 5 follows, 30 sequences, length 6
# corresponding to MSA columns:
# 205-210
name=unknown_F
#
# <colnr> <probs for GDERKNQSTAVLIFYWHMCP>
#	G	D	E	R	K	N	Q	S	T	A	V	L	I	F	Y	W	H	M	C	P
0	0.00896	0.00658	0.00845	0.00943	0.01045	0.00607	0.00673	0.01081	0.01515	0.02013	0.16849	0.46419	0.14429	0.01962	0.00875	0.00268	0.00404	0.07255	0.00670	0.00594
1	0.04364	0.18369	0.14905	0.04832	0.06635	0.05903	0.07978	0.13735	0.05396	0.09218	0.01491	0.01625	0.01114	0.00707	0.00638	0.00202	0.00852	0.00568	0.00458	0.01012
2	0.08030	0.01057	0.01386	0.05002	0.01569	0.01176	0.05003	0.07898	0.05032	0.02042	0.01837	0.02953	0.01773	0.26791	0.21940	0.00629	0.03977	0.00788	0.00437	0.00681
3	0.00993	0.00667	0.00767	0.00789	0.00794	0.00662	0.00452	0.01009	0.01057	0.01409	0.02415	0.13797	0.02809	0.65873	0.03203	0.00625	0.00641	0.01142	0.00452	0.00442
4	0.01601	0.01263	0.01437	0.01119	0.01591	0.01178	0.00895	0.10188	0.07850	0.02618	0.01606	0.01792	0.01280	0.00691	0.00659	0.00151	0.04979	0.00529	0.14664	0.43909
5	0.02057	0.09111	0.14084	0.06453	0.07943	0.08706	0.01537	0.19948	0.04804	0.09474	0.05380	0.02025	0.03795	0.00816	0.00673	0.00207	0.00812	0.00642	0.00522	0.01011

[dist]
# distance from previous block
# <min> <max>
0	6

[block]
# block no. 6 follows, 30 sequences, length 18
# corresponding to MSA columns:
# 217-234
name=unknown_G
#
# <colnr> <probs for GDERKNQSTAVLIFYWHMCP>
#	G	D	E	R	K	N	Q	S	T	A	V	L	I	F	Y	W	H	M	C	P
0	0.27306	0.02134	0.05845	0.01438	0.01888	0.21448	0.01203	0.13001	0.04548	0.08544	0.01351	0.01461	0.01018	0.00763	0.00689	0.00211	0.05257	0.00503	0.00485	0.00906
1	0.01105	0.00656	0.00818	0.00818	0.00843	0.00664	0.00515	0.01060	0.01035	0.01455	0.01879	0.03488	0.01998	0.40621	0.07305	0.25227	0.00693	0.00833	0.08565	0.00422
2	0.01230	0.00822	0.01116	0.01191	0.01389	0.00778	0.00991	0.01509	0.01582	0.06879	0.05568	0.19736	0.03834	0.01785	0.00895	0.00288	0.00575	0.42754	0.00646	0.06431
3	0.00923	0.00655	0.00798	0.00872	0.00930	0.00621	0.00570	0.01024	0.01291	0.01703	0.07230	0.36455	0.11032	0.28472	0.01840	0.00418	0.00501	0.03568	0.00573	0.00525
4	0.01341	0.01263	0.02134	0.69943	0.08484	0.01556	0.01949	0.01803	0.01406	0.01811	0.01244	0.01853	0.00940	0.00693	0.00697	0.00231	0.00925	0.00620	0.00312	0.00794
5	0.01052	0.00743	0.00866	0.00816	0.01043	0.00649	0.00619	0.01300	0.01782	0.07054	0.33860	0.05779	0.38771	0.01560	0.00816	0.00227	0.00360	0.01330	0.00714	0.00660
6	0.01312	0.00815	0.00969	0.00888	0.01126	0.00760	0.00679	0.03509	0.04082	0.10427	0.32610	0.06434	0.19127	0.01331	0.00753	0.00216	0.00386	0.01137	0.12711	0.00730
7	0.01379	0.01335	0.02221	0.55223	0.04143	0.01681	0.05779	0.01789	0.01345	0.01789	0.01185	0.01795	0.00935	0.00796	0.01024	0.00247	0.15610	0.00630	0.00312	0.00783
8	0.01301	0.00650	0.00650	0.00650	0.00813	0.00650	0.00488	0.01626	0.01463	0.02602	0.02276	0.02602	0.01789	0.00813	0.00488	0.00163	0.00325	0.00650	0.79350	0.00650
9	0.01355	0.01162	0.01572	0.04920	0.01678	0.01360	0.01117	0.01568	0.01300	0.04480	0.06035	0.09902	0.05957	0.03434	0.08391	0.00341	0.30055	0.00837	0.00438	0.14097
10	0.07446	0.28447	0.38837	0.01768	0.06478	0.02015	0.01936	0.02152	0.01440	0.02085	0.01137	0.01340	0.00892	0.00637	0.00573	0.00195	0.00884	0.00462	0.00309	0.00968
11	0.02633	0.01123	0.01490	0.01187	0.01647	0.01010	0.00964	0.03038	0.06939	0.53887	0.15323	0.02916	0.02654	0.00974	0.00725	0.00218	0.00542	0.00812	0.00835	0.01084
12	0.11961	0.08626	0.57405	0.01788	0.02707	0.01697	0.02234	0.02180	0.01431	0.02291	0.01194	0.01402	0.00868	0.00656	0.00616	0.00215	0.00945	0.00487	0.00313	0.00985
13	0.01723	0.01861	0.09613	0.06845	0.09089	0.09423	0.13429	0.05974	0.09984	0.05646	0.06081	0.04491	0.04555	0.00931	0.00793	0.00230	0.03152	0.04768	0.00491	0.00922
14	0.06724	0.06962	0.02517	0.07329	0.44113	0.01646	0.01766	0.05033	0.01675	0.13388	0.01507	0.01756	0.01161	0.00673	0.00660	0.00207	0.00771	0.00602	0.00442	0.01066
15	0.02328	0.01863	0.01752	0.05842	0.02081	0.18059	0.01205	0.12973	0.21106	0.18458	0.02187	0.05530	0.01657	0.00903	0.00695	0.00217	0.00774	0.00713	0.00635	0.01022
16	0.06758	0.01567	0.06039	0.17207	0.16646	0.01524	0.06511	0.08918	0.05045	0.18232	0.01732	0.01927	0.01247	0.00850	0.02556	0.00243	0.00824	0.00646	0.00512	0.01013
17	0.01663	0.06761	0.34600	0.01967	0.06251	0.07312	0.07947	0.08855	0.05857	0.02402	0.03517	0.03399	0.02945	0.00801	0.00692	0.00218	0.00923	0.02497	0.00411	0.00982

[dist]
# distance from previous block
# <min> <max>
1	6

[block]
# block no. 7 follows, 30 sequences, length 19
# corresponding to MSA columns:
# 241-259
name=unknown_H
#
# <colnr> <probs for GDERKNQSTAVLIFYWHMCP>
#	G	D	E	R	K	N	Q	S	T	A	V	L	I	F	Y	W	H	M	C	P
0	0.10418	0.32449	0.27209	0.01503	0.02211	0.08690	0.01642	0.02245	0.01488	0.04808	0.01151	0.01309	0.00910	0.00648	0.00549	0.00187	0.00866	0.00444	0.00340	0.00932
1	0.36634	0.01862	0.15564	0.01458	0.06296	0.03589	0.01286	0.07434	0.01564	0.10209	0.03669	0.01705	0.01217	0.03970	0.00700	0.00235	0.00701	0.00535	0.00475	0.00898
2	0.04412	0.01774	0.01728	0.01535	0.04851	0.12695	0.01164	0.25904	0.10926	0.06542	0.04243	0.06686	0.05560	0.00985	0.00701	0.00212	0.00727	0.02933	0.00609	0.05814
3	0.05472	0.01542	0.01670	0.01342	0.01824	0.01637	0.01086	0.31793	0.16422	0.10761	0.02483	0.02394	0.07931	0.00914	0.00681	0.00208	0.00624	0.00720	0.02704	0.07793
4	0.00988	0.00713	0.00937	0.01059	0.01173	0.00686	0.00824	0.01197	0.01471	0.01918	0.05999	0.29757	0.11069	0.08853	0.01163	0.00330	0.00527	0.30116	0.00628	0.00592
5	0.01420	0.01209	0.01416	0.01024	0.01617	0.00914	0.00817	0.01731	0.01479	0.02305	0.05383	0.01671	0.01364	0.00571	0.00535	0.00110	0.00506	0.00464	0.00435	0.75029
6	0.00979	0.00713	0.00920	0.00868	0.01037	0.00655	0.00651	0.01299	0.01954	0.02748	0.67243	0.05295	0.10127	0.01445	0.00823	0.00220	0.00331	0.01274	0.00762	0.00655
7	0.01015	0.00677	0.00761	0.00761	0.00761	0.00677	0.00423	0.01015	0.01015	0.01353	0.02199	0.04567	0.02537	0.75476	0.03552	0.00677	0.00677	0.01015	0.00423	0.00423
8	0.01199	0.00781	0.00992	0.00990	0.01170	0.00737	0.00760	0.01488	0.03655	0.08501	0.24161	0.13819	0.13145	0.10029	0.01158	0.00303	0.00479	0.15284	0.00679	0.00670
9	0.01041	0.00732	0.00911	0.00855	0.01051	0.00658	0.00645	0.01333	0.01890	0.05477	0.53547	0.05433	0.20866	0.01480	0.00818	0.00223	0.00346	0.01286	0.00745	0.00665
10	0.00942	0.00712	0.00870	0.00830	0.01015	0.00639	0.00623	0.01229	0.01868	0.02544	0.53029	0.05631	0.24469	0.01521	0.00824	0.00224	0.00336	0.01321	0.00735	0.00639
11	0.02477	0.01040	0.01332	0.01082	0.01495	0.00945	0.00880	0.05139	0.01883	0.45764	0.04783	0.02683	0.01955	0.00902	0.00655	0.00205	0.00519	0.02857	0.22400	0.01005
12	0.01821	0.01542	0.01626	0.01437	0.01847	0.01776	0.01125	0.09789	0.63642	0.03057	0.02731	0.02517	0.02042	0.00937	0.00709	0.00234	0.00572	0.00774	0.00709	0.01112
13	0.01727	0.01658	0.02832	0.04283	0.71123	0.01658	0.02142	0.02142	0.01589	0.02280	0.01313	0.01727	0.01105	0.00622	0.00691	0.00207	0.00829	0.00622	0.00345	0.01105
14	0.00986	0.00682	0.00773	0.00789	0.00827	0.00664	0.00479	0.01029	0.01131	0.01476	0.02967	0.09172	0.11243	0.58824	0.02944	0.00583	0.00619	0.03877	0.00474	0.00461
15	0.01649	0.01540	0.02329	0.04275	0.34186	0.03846	0.07864	0.06443	0.08748	0.02385	0.02072	0.07651	0.04567	0.00913	0.00735	0.00223	0.00770	0.05159	0.00463	0.04183
16	0.05249	0.01970	0.07805	0.02533	0.27837	0.11473	0.01621	0.14470	0.04002	0.07738	0.03287	0.01818	0.01312	0.00737	0.00664	0.00205	0.00816	0.00609	0.04826	0.01028
17	0.01025	0.00775	0.01083	0.01336	0.07674	0.00738	0.00894	0.01233	0.01439	0.01940	0.03584	0.45663	0.06654	0.01876	0.00864	0.00274	0.00499	0.16683	0.02707	0.03058
18	0.05078	0.01304	0.01476	0.01137	0.01664	0.01166	0.00905	0.11801	0.06610	0.04952	0.04409	0.06624	0.01605	0.00759	0.00597	0.00154	0.00545	0.00618	0.00522	0.48072

[dist]
# distance from previous block
# <min> <max>
0	2

[block]
# block no. 8 follows, 30 sequences, length 9
# corresponding to MSA columns:
# 262-270
name=unknown_I
#
# <colnr> <probs for GDERKNQSTAVLIFYWHMCP>
#	G	D	E	R	K	N	Q	S	T	A	V	L	I	F	Y	W	H	M	C	P
0	0.01558	0.01574	0.04306	0.06555	0.09238	0.05094	0.17832	0.02328	0.16906	0.02277	0.02198	0.05446	0.01975	0.01022	0.00832	0.00247	0.03236	0.13774	0.00495	0.03107
1	0.01546	0.01307	0.01784	0.05826	0.14579	0.01281	0.03355	0.09522	0.08454	0.02466	0.02116	0.11840	0.02009	0.01022	0.00713	0.00210	0.00652	0.09308	0.00515	0.21497
2	0.00881	0.00701	0.00791	0.00785	0.00981	0.00611	0.00582	0.01105	0.01699	0.02183	0.28132	0.11553	0.44157	0.01686	0.00829	0.00234	0.00349	0.01442	0.00688	0.00611
3	0.01168	0.00704	0.00919	0.00974	0.01096	0.00655	0.00679	0.01308	0.01400	0.10807	0.03695	0.49743	0.09068	0.09031	0.04972	0.00353	0.00530	0.01620	0.00640	0.00639
4	0.01460	0.12995	0.63005	0.01886	0.02861	0.01769	0.02399	0.02194	0.01466	0.02136	0.01216	0.01427	0.00885	0.00654	0.00635	0.00212	0.00994	0.00497	0.00295	0.01014
5	0.00931	0.00685	0.00834	0.00843	0.00970	0.00629	0.00592	0.01134	0.01611	0.02172	0.33168	0.19505	0.18506	0.13758	0.01283	0.00310	0.00406	0.01410	0.00663	0.00587
6	0.12149	0.01267	0.01294	0.01099	0.01414	0.03814	0.00859	0.19933	0.01944	0.08283	0.06702	0.02498	0.01861	0.10549	0.01039	0.00262	0.02962	0.00695	0.20545	0.00831
7	0.01098	0.00935	0.00996	0.01091	0.01199	0.07436	0.00784	0.01320	0.03961	0.01827	0.03455	0.47140	0.06136	0.06294	0.04340	0.00336	0.00602	0.09837	0.00597	0.00614
8	0.13129	0.08577	0.10781	0.01294	0.01818	0.01475	0.01189	0.05764	0.13656	0.23154	0.10165	0.02309	0.02024	0.00862	0.00651	0.00214	0.00627	0.00679	0.00630	0.01002

[dist]
# distance from previous block
# <min> <max>
0	1

[block]
# block no. 9 follows, 30 sequences, length 6
# corresponding to MSA columns:
# 272-277
name=unknown_J
#
# <colnr> <probs for GDERKNQSTAVLIFYWHMCP>
#	G	D	E	R	K	N	Q	S	T	A	V	L	I	F	Y	W	H	M	C	P
0	0.30608	0.21116	0.10620	0.01434	0.04609	0.13698	0.01273	0.05646	0.01536	0.02432	0.01073	0.01244	0.00867	0.00657	0.00521	0.00193	0.00795	0.00428	0.00379	0.00870
1	0.21765	0.18205	0.19326	0.01404	0.02027	0.01933	0.01424	0.09548	0.13479	0.02679	0.01441	0.01528	0.01103	0.00713	0.00569	0.00206	0.00733	0.00509	0.00446	0.00961
2	0.01671	0.01555	0.04696	0.02478	0.23780	0.01466	0.11659	0.02177	0.06497	0.06763	0.05970	0.01996	0.01527	0.00742	0.00831	0.00203	0.07489	0.00663	0.00442	0.17396
3	0.11714	0.00998	0.01117	0.01027	0.01367	0.00937	0.00829	0.01707	0.05951	0.05713	0.06316	0.07848	0.17891	0.01296	0.00728	0.00225	0.00504	0.15601	0.00588	0.17646
4	0.01531	0.02103	0.21522	0.05000	0.05032	0.01574	0.22669	0.05232	0.12482	0.02414	0.05114	0.02510	0.05770	0.00835	0.00751	0.00232	0.00893	0.02926	0.00453	0.00957
5	0.01455	0.01335	0.02174	0.61219	0.11869	0.01605	0.01918	0.06448	0.01547	0.02018	0.01278	0.01833	0.00967	0.00699	0.00697	0.00228	0.00908	0.00621	0.00341	0.00840

[dist]
# distance from previous block
# <min> <max>
0	1

[block]
# block no. 10 follows, 30 sequences, length 24
# corresponding to MSA columns:
# 279-302
name=unknown_K
#
# <colnr> <probs for GDERKNQSTAVLIFYWHMCP>
#	G	D	E	R	K	N	Q	S	T	A	V	L	I	F	Y	W	H	M	C	P
0	0.02068	0.02049	0.11031	0.01811	0.02413	0.06146	0.14317	0.25708	0.10861	0.05697	0.01714	0.01825	0.01257	0.00752	0.00695	0.00209	0.00842	0.00649	0.03325	0.06630
1	0.02020	0.09633	0.02056	0.03603	0.08848	0.10302	0.01288	0.18294	0.26925	0.02858	0.02065	0.02072	0.03295	0.00837	0.00665	0.00209	0.00733	0.00661	0.02602	0.01033
2	0.01562	0.01334	0.06778	0.01226	0.01693	0.01102	0.03387	0.04131	0.12881	0.10241	0.14358	0.03258	0.09861	0.01001	0.00702	0.00198	0.00557	0.03692	0.00606	0.21430
3	0.04791	0.33285	0.26365	0.03675	0.06628	0.04168	0.01713	0.03884	0.01515	0.03819	0.01256	0.03740	0.01050	0.00694	0.00575	0.00191	0.00846	0.00514	0.00344	0.00948
4	0.07244	0.20325	0.28588	0.01821	0.08762	0.04950	0.01768	0.02336	0.01532	0.11803	0.01360	0.01507	0.01019	0.00693	0.00661	0.00203	0.03538	0.00508	0.00393	0.00989
5	0.00906	0.00675	0.00840	0.00914	0.01036	0.00619	0.00662	0.01097	0.01538	0.02022	0.17725	0.35321	0.20716	0.04721	0.00971	0.00278	0.00412	0.08292	0.00662	0.00592
