[name]
unknown

[dist]
# distance from previous block
# <min> <max>
0	12

[block]
# block no. 0 follows, 28 sequences, length 22
# corresponding to MSA columns:
# 12-33
name=unknown_A
#
# <colnr> <probs for GDERKNQSTAVLIFYWHMCP>
#	G	D	E	R	K	N	Q	S	T	A	V	L	I	F	Y	W	H	M	C	P
0	0.05345	0.01574	0.02178	0.01809	0.02011	0.01956	0.07558	0.13064	0.01607	0.02366	0.01445	0.02334	0.01362	0.06574	0.01867	0.00319	0.40107	0.05237	0.00433	0.00853
1	0.01123	0.00834	0.01154	0.01150	0.01303	0.00953	0.00885	0.01547	0.07529	0.01902	0.02219	0.07865	0.02070	0.04468	0.54685	0.00946	0.01592	0.00866	0.06214	0.00694
2	0.08926	0.19742	0.36401	0.01632	0.02394	0.04044	0.01857	0.02294	0.06221	0.02224	0.01393	0.01730	0.01131	0.06147	0.00841	0.00247	0.00902	0.00546	0.00364	0.00966
3	0.01005	0.00737	0.00886	0.00859	0.01037	0.00686	0.00637	0.01269	0.01745	0.02396	0.35027	0.05405	0.24348	0.07079	0.07659	0.00351	0.00526	0.01264	0.06440	0.00643
4	0.01462	0.01241	0.01457	0.01061	0.01663	0.00942	0.00845	0.01787	0.01559	0.02420	0.07687	0.01875	0.01618	0.00627	0.00568	0.00119	0.00520	0.00513	0.00465	0.71569
5	0.02306	0.02091	0.01985	0.01800	0.06676	0.18121	0.01323	0.32128	0.02444	0.03076	0.01727	0.07030	0.01524	0.07852	0.01125	0.00269	0.06233	0.00747	0.00559	0.00986
6	0.01289	0.00789	0.01241	0.18052	0.01915	0.00866	0.00962	0.01164	0.01068	0.01404	0.01270	0.02145	0.01193	0.02097	0.02337	0.60113	0.00712	0.00635	0.00317	0.00433
7	0.03261	0.01237	0.01687	0.01293	0.01856	0.01068	0.01068	0.03543	0.02081	0.70423	0.02868	0.02474	0.01799	0.00900	0.00731	0.00225	0.00619	0.00731	0.00900	0.01237
8	0.79588	0.01406	0.01068	0.00956	0.01406	0.01631	0.00787	0.02137	0.01237	0.03261	0.01012	0.01181	0.00787	0.00675	0.00450	0.00225	0.00562	0.00394	0.00450	0.00787
9	0.01799	0.01727	0.02950	0.04462	0.69919	0.01727	0.02231	0.02231	0.01655	0.02375	0.01367	0.01799	0.01151	0.00648	0.00720	0.00216	0.00864	0.00648	0.00360	0.01151
10	0.01507	0.01292	0.01507	0.01077	0.01723	0.00969	0.00861	0.01830	0.01507	0.02369	0.01292	0.01507	0.01077	0.00538	0.00538	0.00108	0.00538	0.00431	0.00431	0.78898
11	0.01597	0.01289	0.01517	0.01088	0.01729	0.00974	0.00872	0.01918	0.01537	0.05862	0.01373	0.01557	0.01114	0.00557	0.00548	0.00114	0.00542	0.00446	0.00455	0.74912
12	0.01521	0.01048	0.01250	0.01123	0.01415	0.01067	0.00866	0.02367	0.22096	0.10872	0.39511	0.04316	0.06999	0.01278	0.00807	0.00234	0.00446	0.01105	0.00789	0.00888
13	0.79588	0.01406	0.01068	0.00956	0.01406	0.01631	0.00787	0.02137	0.01237	0.03261	0.01012	0.01181	0.00787	0.00675	0.00450	0.00225	0.00562	0.00394	0.00450	0.00787
14	0.00986	0.00729	0.00921	0.01049	0.01126	0.00718	0.00712	0.01300	0.08117	0.01954	0.03822	0.63628	0.04448	0.05489	0.01037	0.00309	0.00450	0.01895	0.00670	0.00640
15	0.01590	0.01590	0.02226	0.01908	0.01908	0.02226	0.01590	0.01749	0.01113	0.01749	0.00954	0.01590	0.00954	0.01272	0.02385	0.00318	0.73123	0.00636	0.00318	0.00795
16	0.00886	0.00633	0.00843	0.01012	0.01054	0.00590	0.00675	0.01012	0.01392	0.01856	0.04006	0.73979	0.04808	0.02277	0.00928	0.00295	0.00422	0.02066	0.00675	0.00590
17	0.01943	0.74891	0.03809	0.01244	0.01866	0.02876	0.01244	0.02177	0.01477	0.01710	0.01011	0.01166	0.00933	0.00622	0.00466	0.00155	0.00777	0.00389	0.00311	0.00933
18	0.01018	0.00743	0.00956	0.00903	0.01079	0.00681	0.00677	0.01350	0.02031	0.02852	0.65404	0.05534	0.11030	0.01510	0.00857	0.00230	0.00345	0.01329	0.00792	0.00681
19	0.00955	0.00679	0.00906	0.01063	0.01128	0.00648	0.00759	0.01115	0.01426	0.01890	0.03861	0.56118	0.04538	0.07020	0.01127	0.00330	0.00490	0.14692	0.00658	0.00596
20	0.01799	0.01727	0.02950	0.04462	0.69919	0.01727	0.02231	0.02231	0.01655	0.02375	0.01367	0.01799	0.01151	0.00648	0.00720	0.00216	0.00864	0.00648	0.00360	0.01151
21	0.23479	0.17495	0.20297	0.01485	0.02112	0.13603	0.01501	0.04263	0.01613	0.02460	0.04755	0.01535	0.01212	0.00729	0.00582	0.00206	0.00864	0.00500	0.00398	0.00911

[dist]
# distance from previous block
# <min> <max>
0	1

[block]
# block no. 1 follows, 28 sequences, length 56
# corresponding to MSA columns:
# 35-56,58-91
name=unknown_B
#
# <colnr> <probs for GDERKNQSTAVLIFYWHMCP>
#	G	D	E	R	K	N	Q	S	T	A	V	L	I	F	Y	W	H	M	C	P
0	0.01912	0.60348	0.13882	0.01392	0.02080	0.02664	0.01470	0.05550	0.01585	0.01948	0.01093	0.01252	0.00947	0.00645	0.00514	0.00170	0.00824	0.00425	0.00332	0.00970
1	0.01846	0.01816	0.02905	0.04329	0.66444	0.05312	0.02188	0.02265	0.01676	0.02344	0.01355	0.01774	0.01140	0.00653	0.00716	0.00214	0.00887	0.00638	0.00361	0.01136
2	0.00899	0.00638	0.00839	0.00995	0.01034	0.00599	0.00656	0.01016	0.01365	0.01821	0.03872	0.68545	0.04638	0.07944	0.01145	0.00327	0.00444	0.01987	0.00656	0.00579
3	0.00931	0.00734	0.00839	0.00824	0.01029	0.00642	0.00614	0.01178	0.01809	0.02352	0.32945	0.09787	0.40296	0.01716	0.00862	0.00241	0.00360	0.01471	0.00727	0.00642
4	0.01716	0.01961	0.04289	0.03064	0.03799	0.01838	0.67279	0.02328	0.01716	0.02328	0.01471	0.01961	0.01103	0.00613	0.00858	0.00245	0.01225	0.00858	0.00368	0.00980
5	0.01799	0.01727	0.02950	0.04462	0.69919	0.01727	0.02231	0.02231	0.01655	0.02375	0.01367	0.01799	0.01151	0.00648	0.00720	0.00216	0.00864	0.00648	0.00360	0.01151
6	0.00884	0.00641	0.00835	0.00990	0.01049	0.00592	0.00665	0.01015	0.01413	0.01864	0.04270	0.68721	0.09896	0.02243	0.00922	0.00291	0.00418	0.02025	0.00675	0.00592
7	0.01171	0.00837	0.01171	0.01339	0.01506	0.00837	0.01171	0.01506	0.01673	0.02175	0.03849	0.08199	0.04183	0.02008	0.01004	0.00335	0.00669	0.65027	0.00669	0.00669
8	0.00941	0.00724	0.00860	0.00860	0.01040	0.00643	0.00632	0.01188	0.01799	0.02381	0.35189	0.16519	0.31110	0.01746	0.00869	0.00245	0.00365	0.01515	0.00732	0.00643
9	0.01943	0.74891	0.03809	0.01244	0.01866	0.02876	0.01244	0.02177	0.01477	0.01710	0.01011	0.01166	0.00933	0.00622	0.00466	0.00155	0.00777	0.00389	0.00311	0.00933
10	0.01458	0.03760	0.70688	0.02072	0.03146	0.01688	0.02686	0.02302	0.01535	0.02302	0.01304	0.01535	0.00921	0.00691	0.00691	0.00230	0.01074	0.00537	0.00307	0.01074
11	0.01799	0.01727	0.02950	0.04462	0.69919	0.01727	0.02231	0.02231	0.01655	0.02375	0.01367	0.01799	0.01151	0.00648	0.00720	0.00216	0.00864	0.00648	0.00360	0.01151
12	0.01715	0.01642	0.02799	0.17851	0.57184	0.01705	0.02189	0.02158	0.01616	0.02273	0.01353	0.01826	0.01116	0.00663	0.00721	0.00221	0.00884	0.00647	0.00353	0.01084
13	0.01355	0.00678	0.00678	0.00678	0.00847	0.00678	0.00508	0.01694	0.01524	0.02710	0.02371	0.02710	0.01863	0.00847	0.00508	0.00169	0.00339	0.00678	0.78489	0.00678
14	0.01038	0.00779	0.01168	0.01168	0.01298	0.00909	0.00909	0.01298	0.01168	0.01687	0.01947	0.02856	0.01817	0.05452	0.71573	0.01168	0.01947	0.00779	0.00389	0.00649
15	0.00886	0.00633	0.00843	0.01012	0.01054	0.00590	0.00675	0.01012	0.01392	0.01856	0.04006	0.73979	0.04808	0.02277	0.00928	0.00295	0.00422	0.02066	0.00675	0.00590
16	0.01057	0.00705	0.00793	0.00793	0.00793	0.00705	0.00440	0.01057	0.01057	0.01409	0.02290	0.04757	0.02643	0.74454	0.03700	0.00705	0.00705	0.01057	0.00440	0.00440
17	0.79588	0.01406	0.01068	0.00956	0.01406	0.01631	0.00787	0.02137	0.01237	0.03261	0.01012	0.01181	0.00787	0.00675	0.00450	0.00225	0.00562	0.00394	0.00450	0.00787
18	0.01373	0.01292	0.02180	0.72707	0.05006	0.01615	0.02019	0.01857	0.01453	0.01857	0.01292	0.01938	0.00969	0.00727	0.00727	0.00242	0.00969	0.00646	0.00323	0.00807
19	0.02715	0.03464	0.02060	0.01873	0.02247	0.71536	0.01404	0.02903	0.02060	0.01779	0.01124	0.01311	0.00936	0.00749	0.00655	0.00187	0.01311	0.00468	0.00375	0.00843
20	0.01976	0.01659	0.02453	0.01791	0.02436	0.03818	0.20411	0.11278	0.01914	0.10132	0.01575	0.01773	0.01181	0.00653	0.00683	0.00179	0.00811	0.00621	0.00503	0.34153
21	0.01709	0.07643	0.04136	0.02851	0.03555	0.01885	0.59647	0.02278	0.01677	0.02256	0.01452	0.01931	0.01116	0.00792	0.03436	0.00272	0.01217	0.00818	0.00364	0.00964
22	0.01071	0.00765	0.01056	0.01224	0.01347	0.00750	0.00997	0.01332	0.01574	0.02063	0.03904	0.31334	0.04403	0.02103	0.00977	0.00321	0.00582	0.42884	0.00671	0.00642
23	0.02715	0.03464	0.02060	0.01873	0.02247	0.71536	0.01404	0.02903	0.02060	0.01779	0.01124	0.01311	0.00936	0.00749	0.00655	0.00187	0.01311	0.00468	0.00375	0.00843
24	0.01943	0.74891	0.03809	0.01244	0.01866	0.02876	0.01244	0.02177	0.01477	0.01710	0.01011	0.01166	0.00933	0.00622	0.00466	0.00155	0.00777	0.00389	0.00311	0.00933
25	0.01049	0.00706	0.00791	0.00791	0.00801	0.00701	0.00445	0.01057	0.01082	0.01432	0.02498	0.04848	0.05381	0.71485	0.03584	0.00686	0.00691	0.01077	0.00450	0.00448
26	0.01344	0.00728	0.00806	0.06341	0.01182	0.00751	0.00633	0.01695	0.01539	0.02651	0.04788	0.02751	0.01979	0.00861	0.00538	0.00177	0.00388	0.00699	0.69459	0.00688
27	0.00860	0.00731	0.00741	0.00750	0.00985	0.00613	0.00558	0.01042	0.01644	0.01959	0.07203	0.10194	0.66530	0.01862	0.00862	0.00248	0.00371	0.01560	0.00675	0.00613
28	0.01943	0.74891	0.03809	0.01244	0.01866	0.02876	0.01244	0.02177	0.01477	0.01710	0.01011	0.01166	0.00933	0.00622	0.00466	0.00155	0.00777	0.00389	0.00311	0.00933
29	0.01590	0.01590	0.02226	0.01908	0.01908	0.02226	0.01590	0.01749	0.01113	0.01749	0.00954	0.01590	0.00954	0.01272	0.02385	0.00318	0.73123	0.00636	0.00318	0.00795
30	0.03060	0.01376	0.01999	0.01509	0.02091	0.01242	0.08051	0.08436	0.02147	0.58098	0.02633	0.02363	0.01682	0.00867	0.00744	0.00227	0.00697	0.00738	0.00830	0.01210
31	0.02763	0.02036	0.02182	0.01672	0.02254	0.02254	0.01382	0.67496	0.03418	0.04581	0.01745	0.01745	0.01236	0.00873	0.00727	0.00218	0.00800	0.00654	0.00727	0.01236
32	0.01355	0.00678	0.00678	0.00678	0.00847	0.00678	0.00508	0.01694	0.01524	0.02710	0.02371	0.02710	0.01863	0.00847	0.00508	0.00169	0.00339	0.00678	0.78489	0.00678
33	0.02763	0.02036	0.02182	0.01672	0.02254	0.02254	0.01382	0.67496	0.03418	0.04581	0.01745	0.01745	0.01236	0.00873	0.00727	0.00218	0.00800	0.00654	0.00727	0.01236
34	0.01373	0.01292	0.02180	0.72707	0.05006	0.01615	0.02019	0.01857	0.01453	0.01857	0.01292	0.01938	0.00969	0.00727	0.00727	0.00242	0.00969	0.00646	0.00323	0.00807
35	0.01029	0.00743	0.00972	0.00914	0.01086	0.00686	0.00686	0.01372	0.02058	0.02915	0.69536	0.05430	0.06859	0.01486	0.00857	0.00229	0.00343	0.01315	0.00800	0.00686
36	0.01590	0.01590	0.02226	0.01908	0.01908	0.02226	0.01590	0.01749	0.01113	0.01749	0.00954	0.01590	0.00954	0.01272	0.02385	0.00318	0.73123	0.00636	0.00318	0.00795
37	0.03180	0.01368	0.01768	0.01355	0.01921	0.01262	0.01120	0.13987	0.02299	0.59670	0.02684	0.02355	0.01707	0.00895	0.00730	0.00224	0.00648	0.00718	0.00872	0.01237
38	0.03261	0.01237	0.01687	0.01293	0.01856	0.01068	0.01068	0.03543	0.02081	0.70423	0.02868	0.02474	0.01799	0.00900	0.00731	0.00225	0.00619	0.00731	0.00900	0.01237
39	0.00980	0.00672	0.00816	0.00891	0.00910	0.00653	0.00546	0.01037	0.01207	0.01610	0.03061	0.35832	0.03615	0.42053	0.02455	0.00521	0.00578	0.01510	0.00546	0.00508
40	0.01029	0.00743	0.00972	0.00914	0.01086	0.00686	0.00686	0.01372	0.02058	0.02915	0.69536	0.05430	0.06859	0.01486	0.00857	0.00229	0.00343	0.01315	0.00800	0.00686
41	0.01048	0.00773	0.01159	0.01159	0.01283	0.00897	0.00897	0.01283	0.01159	0.01670	0.01919	0.02829	0.01794	0.05330	0.68725	0.04387	0.01893	0.00773	0.00386	0.00635
42	0.01590	0.01590	0.02226	0.01908	0.01908	0.02226	0.01590	0.01749	0.01113	0.01749	0.00954	0.01590	0.00954	0.01272	0.02385	0.00318	0.73123	0.00636	0.00318	0.00795
43	0.01845	0.01742	0.02914	0.04329	0.66689	0.01752	0.02190	0.05347	0.01739	0.02480	0.01385	0.01797	0.01155	0.00658	0.00720	0.00216	0.00861	0.00648	0.00377	0.01155
44	0.01573	0.04092	0.02220	0.01837	0.01869	0.02183	0.01536	0.01735	0.01148	0.01757	0.01218	0.01797	0.03761	0.01273	0.02257	0.00309	0.67645	0.00664	0.00332	0.00793
45	0.00886	0.00633	0.00843	0.01012	0.01054	0.00590	0.00675	0.01012	0.01392	0.01856	0.04006	0.73979	0.04808	0.02277	0.00928	0.00295	0.00422	0.02066	0.00675	0.00590
46	0.08468	0.02867	0.02460	0.02053	0.02484	0.46981	0.15169	0.02648	0.01862	0.02009	0.01177	0.01455	0.00961	0.00748	0.00793	0.00211	0.05860	0.00555	0.00375	0.00864
47	0.01203	0.01098	0.01706	0.48648	0.03666	0.01278	0.01538	0.01582	0.01501	0.01884	0.03060	0.08889	0.18852	0.01134	0.00776	0.00247	0.00772	0.00985	0.00441	0.00741
48	0.03000	0.01248	0.01652	0.01286	0.01827	0.01110	0.01053	0.03425	0.07279	0.60079	0.05054	0.02553	0.01973	0.00911	0.00728	0.00222	0.00603	0.00745	0.00865	0.04387
49	0.01051	0.00730	0.00918	0.00918	0.00962	0.00773	0.00597	0.01138	0.01094	0.01502	0.02175	0.04121	0.02367	0.51367	0.26409	0.00860	0.01120	0.00964	0.00423	0.00510
50	0.00886	0.00633	0.00843	0.01012	0.01054	0.00590	0.00675	0.01012	0.01392	0.01856	0.04006	0.73979	0.04808	0.02277	0.00928	0.00295	0.00422	0.02066	0.00675	0.00590
51	0.01029	0.00743	0.00972	0.00914	0.01086	0.00686	0.00686	0.01372	0.02058	0.02915	0.69536	0.05430	0.06859	0.01486	0.00857	0.00229	0.00343	0.01315	0.00800	0.00686
52	0.01943	0.74891	0.03809	0.01244	0.01866	0.02876	0.01244	0.02177	0.01477	0.01710	0.01011	0.01166	0.00933	0.00622	0.00466	0.00155	0.00777	0.00389	0.00311	0.00933
53	0.00886	0.00633	0.00843	0.01012	0.01054	0.00590	0.00675	0.01012	0.01392	0.01856	0.04006	0.73979	0.04808	0.02277	0.00928	0.00295	0.00422	0.02066	0.00675	0.00590
54	0.79588	0.01406	0.01068	0.00956	0.01406	0.01631	0.00787	0.02137	0.01237	0.03261	0.01012	0.01181	0.00787	0.00675	0.00450	0.00225	0.00562	0.00394	0.00450	0.00787
55	0.02763	0.02036	0.02182	0.01672	0.02254	0.02254	0.01382	0.67496	0.03418	0.04581	0.01745	0.01745	0.01236	0.00873	0.00727	0.00218	0.00800	0.00654	0.00727	0.01236

[dist]
# distance from previous block
# <min> <max>
0	16

[block]
# block no. 2 follows, 28 sequences, length 41
# corresponding to MSA columns:
# 108-114,116-149
name=unknown_C
#
# <colnr> <probs for GDERKNQSTAVLIFYWHMCP>
#	G	D	E	R	K	N	Q	S	T	A	V	L	I	F	Y	W	H	M	C	P
0	0.01862	0.01549	0.01645	0.01472	0.01889	0.01781	0.01148	0.03851	0.66145	0.05533	0.02955	0.02703	0.02203	0.00983	0.00739	0.00246	0.00577	0.00818	0.00746	0.01154
1	0.01590	0.01590	0.02226	0.01908	0.01908	0.02226	0.01590	0.01749	0.01113	0.01749	0.00954	0.01590	0.00954	0.01272	0.02385	0.00318	0.73123	0.00636	0.00318	0.00795
2	0.79588	0.01406	0.01068	0.00956	0.01406	0.01631	0.00787	0.02137	0.01237	0.03261	0.01012	0.01181	0.00787	0.00675	0.00450	0.00225	0.00562	0.00394	0.00450	0.00787
3	0.01808	0.01561	0.01644	0.01479	0.01890	0.01808	0.01151	0.03863	0.68606	0.03041	0.02959	0.02712	0.02219	0.00986	0.00740	0.00247	0.00575	0.00822	0.00740	0.01151
4	0.01048	0.00713	0.00849	0.00855	0.00875	0.00730	0.00517	0.01090	0.01086	0.01466	0.02306	0.07098	0.02606	0.61808	0.13353	0.00756	0.00873	0.01055	0.00442	0.00476
5	0.00859	0.00736	0.00736	0.00736	0.00982	0.00614	0.00552	0.01043	0.01657	0.01964	0.07364	0.06996	0.69624	0.01841	0.00859	0.00245	0.00368	0.01534	0.00675	0.00614
6	0.79588	0.01406	0.01068	0.00956	0.01406	0.01631	0.00787	0.02137	0.01237	0.03261	0.01012	0.01181	0.00787	0.00675	0.00450	0.00225	0.00562	0.00394	0.00450	0.00787
7	0.02504	0.02405	0.02133	0.01841	0.04537	0.24951	0.03439	0.30108	0.15003	0.03226	0.01745	0.01791	0.01314	0.00837	0.00710	0.00214	0.00942	0.00630	0.00590	0.01080
8	0.01012	0.00729	0.00975	0.01073	0.01197	0.00693	0.00823	0.01265	0.01676	0.02257	0.22673	0.32137	0.07645	0.01955	0.00928	0.00286	0.00472	0.20852	0.00709	0.00642
9	0.01373	0.01292	0.02180	0.72707	0.05006	0.01615	0.02019	0.01857	0.01453	0.01857	0.01292	0.01938	0.00969	0.00727	0.00727	0.00242	0.00969	0.00646	0.00323	0.00807
10	0.00884	0.00641	0.00835	0.00990	0.01049	0.00592	0.00665	0.01015	0.01413	0.01864	0.04275	0.68614	0.09999	0.02242	0.00922	0.00291	0.00417	0.02024	0.00675	0.00592
11	0.01495	0.09141	0.65629	0.02009	0.03049	0.01778	0.02577	0.02293	0.01530	0.02257	0.01282	0.01507	0.00922	0.00685	0.00674	0.00225	0.01052	0.00526	0.00307	0.01064
12	0.05304	0.01307	0.01725	0.01304	0.01886	0.01135	0.02994	0.05623	0.01972	0.49041	0.02384	0.02181	0.01569	0.00805	0.00684	0.00200	0.00625	0.00656	0.00762	0.17843
13	0.01825	0.02003	0.02219	0.01903	0.02063	0.19519	0.06109	0.02033	0.01400	0.01791	0.01137	0.01679	0.01051	0.01532	0.09096	0.00369	0.42498	0.00624	0.00343	0.00805
14	0.01799	0.01727	0.02950	0.04462	0.69919	0.01727	0.02231	0.02231	0.01655	0.02375	0.01367	0.01799	0.01151	0.00648	0.00720	0.00216	0.00864	0.00648	0.00360	0.01151
15	0.01507	0.01292	0.01507	0.01077	0.01723	0.00969	0.00861	0.01830	0.01507	0.02369	0.01292	0.01507	0.01077	0.00538	0.00538	0.00108	0.00538	0.00431	0.00431	0.78898
16	0.01808	0.01561	0.01644	0.01479	0.01890	0.01808	0.01151	0.03863	0.68606	0.03041	0.02959	0.02712	0.02219	0.00986	0.00740	0.00247	0.00575	0.00822	0.00740	0.01151
17	0.01662	0.01865	0.04028	0.02895	0.03586	0.01748	0.62044	0.02253	0.01743	0.02375	0.06821	0.02233	0.01555	0.00681	0.00858	0.00244	0.01156	0.00894	0.00402	0.00957
18	0.00897	0.00641	0.00854	0.01004	0.01057	0.00598	0.00676	0.01040	0.01444	0.01939	0.09158	0.68591	0.04969	0.02215	0.00922	0.00290	0.00416	0.02007	0.00685	0.00598
19	0.01553	0.01484	0.02354	0.01708	0.02335	0.01270	0.20919	0.01951	0.01550	0.02315	0.01421	0.04016	0.01202	0.00647	0.00723	0.00164	0.03695	0.00621	0.00415	0.49659
20	0.00952	0.00810	0.00848	0.00789	0.01084	0.00663	0.00598	0.01160	0.01653	0.02056	0.09092	0.06208	0.58030	0.01655	0.00817	0.00227	0.00390	0.01380	0.00648	0.10941
21	0.11351	0.44619	0.02957	0.01400	0.01927	0.23482	0.01238	0.02391	0.01625	0.01914	0.01045	0.01212	0.00917	0.00667	0.00522	0.00173	0.00913	0.00413	0.00347	0.00888
22	0.02790	0.01927	0.02106	0.01622	0.02195	0.02101	0.01337	0.57899	0.05416	0.12245	0.01917	0.01863	0.01335	0.00880	0.00728	0.00220	0.00771	0.00669	0.00748	0.01233
23	0.02034	0.01820	0.01898	0.01700	0.04596	0.09127	0.03878	0.16696	0.37478	0.03098	0.02613	0.02688	0.04703	0.00985	0.00747	0.00237	0.00731	0.03218	0.00664	0.01088
24	0.01057	0.00705	0.00793	0.00793	0.00793	0.00705	0.00440	0.01057	0.01057	0.01409	0.02290	0.04757	0.02643	0.74454	0.03700	0.00705	0.00705	0.01057	0.00440	0.00440
25	0.01626	0.01593	0.02222	0.05432	0.02077	0.02197	0.01603	0.04375	0.01222	0.01868	0.01003	0.01614	0.00966	0.01229	0.02237	0.00310	0.66640	0.00637	0.00335	0.00813
26	0.01057	0.00705	0.00793	0.00793	0.00793	0.00705	0.00440	0.01057	0.01057	0.01409	0.02290	0.04757	0.02643	0.74454	0.03700	0.00705	0.00705	0.01057	0.00440	0.00440
27	0.79588	0.01406	0.01068	0.00956	0.01406	0.01631	0.00787	0.02137	0.01237	0.03261	0.01012	0.01181	0.00787	0.00675	0.00450	0.00225	0.00562	0.00394	0.00450	0.00787
28	0.03261	0.01237	0.01687	0.01293	0.01856	0.01068	0.01068	0.03543	0.02081	0.70423	0.02868	0.02474	0.01799	0.00900	0.00731	0.00225	0.00619	0.00731	0.00900	0.01237
29	0.02763	0.02036	0.02182	0.01672	0.02254	0.02254	0.01382	0.67496	0.03418	0.04581	0.01745	0.01745	0.01236	0.00873	0.00727	0.00218	0.00800	0.00654	0.00727	0.01236
30	0.01808	0.01561	0.01644	0.01479	0.01890	0.01808	0.01151	0.03863	0.68606	0.03041	0.02959	0.02712	0.02219	0.00986	0.00740	0.00247	0.00575	0.00822	0.00740	0.01151
31	0.01373	0.01292	0.02180	0.72707	0.05006	0.01615	0.02019	0.01857	0.01453	0.01857	0.01292	0.01938	0.00969	0.00727	0.00727	0.00242	0.00969	0.00646	0.00323	0.00807
32	0.01772	0.08363	0.01924	0.06565	0.02018	0.24045	0.01292	0.02009	0.01514	0.01760	0.01475	0.02160	0.01356	0.02395	0.23969	0.00533	0.12554	0.03153	0.00373	0.00771
33	0.01038	0.00779	0.01168	0.01168	0.01298	0.00909	0.00909	0.01298	0.01168	0.01687	0.01947	0.02856	0.01817	0.05452	0.71573	0.01168	0.01947	0.00779	0.00389	0.00649
34	0.01110	0.00811	0.00882	0.00846	0.01113	0.00709	0.00650	0.01392	0.04251	0.07478	0.12216	0.06384	0.53806	0.01709	0.00850	0.00246	0.00404	0.03746	0.00706	0.00691
35	0.00911	0.00706	0.00839	0.00932	0.01082	0.00633	0.00686	0.01091	0.01547	0.01946	0.05482	0.35449	0.33614	0.02047	0.00907	0.00278	0.00431	0.10133	0.00674	0.00611
36	0.01373	0.01292	0.02180	0.72707	0.05006	0.01615	0.02019	0.01857	0.01453	0.01857	0.01292	0.01938	0.00969	0.00727	0.00727	0.00242	0.00969	0.00646	0.00323	0.00807
37	0.04864	0.03568	0.64351	0.02073	0.03103	0.01693	0.05826	0.02296	0.01531	0.02345	0.01300	0.01541	0.00924	0.00686	0.00688	0.00231	0.01060	0.00547	0.00316	0.01057
38	0.01373	0.01292	0.02180	0.72707	0.05006	0.01615	0.02019	0.01857	0.01453	0.01857	0.01292	0.01938	0.00969	0.00727	0.00727	0.00242	0.00969	0.00646	0.00323	0.00807
39	0.01456	0.01248	0.01447	0.01050	0.01664	0.00941	0.00837	0.01768	0.01519	0.02337	0.01769	0.01939	0.06465	0.00641	0.00564	0.00118	0.00525	0.00517	0.00450	0.72743
40	0.05350	0.01930	0.03189	0.02551	0.08273	0.04442	0.35053	0.14758	0.11606	0.02876	0.01695	0.01958	0.01272	0.00725	0.00780	0.00235	0.00998	0.00764	0.00491	0.01053

[dist]
# distance from previous block
# <min> <max>
1	4

[block]
# block no. 3 follows, 28 sequences, length 11
# corresponding to MSA columns:
# 155-165
name=unknown_D
#
# <colnr> <probs for GDERKNQSTAVLIFYWHMCP>
#	G	D	E	R	K	N	Q	S	T	A	V	L	I	F	Y	W	H	M	C	P
0	0.01550	0.01443	0.02362	0.53602	0.07393	0.01735	0.06390	0.07492	0.01623	0.02137	0.01321	0.01891	0.01008	0.00768	0.00858	0.00245	0.06290	0.00660	0.00362	0.00870
1	0.10076	0.01981	0.01940	0.07607	0.02319	0.19104	0.05703	0.09007	0.05775	0.08607	0.01516	0.01672	0.01151	0.00718	0.00644	0.00190	0.00854	0.00556	0.00495	0.20085
2	0.08225	0.01570	0.01624	0.01370	0.01739	0.13871	0.09138	0.08269	0.01935	0.02485	0.13494	0.04094	0.26826	0.01243	0.00774	0.00228	0.00701	0.01040	0.00587	0.00788
3	0.00913	0.00748	0.00812	0.00823	0.01051	0.00646	0.00635	0.01133	0.01709	0.02105	0.14732	0.06929	0.54842	0.01815	0.00874	0.00253	0.00397	0.08265	0.00690	0.00629
4	0.01371	0.17195	0.22561	0.01435	0.01981	0.01482	0.01532	0.01819	0.01615	0.02140	0.07404	0.04385	0.10854	0.01265	0.00769	0.00247	0.00754	0.19857	0.00495	0.00840
5	0.01496	0.03497	0.60977	0.02217	0.03242	0.01710	0.12132	0.02306	0.01561	0.02306	0.01329	0.01597	0.00947	0.00679	0.00715	0.00232	0.01096	0.00584	0.00316	0.01061
6	0.01373	0.27946	0.02348	0.01330	0.01687	0.01583	0.09167	0.01604	0.01485	0.01870	0.02871	0.32901	0.08251	0.01429	0.00745	0.00234	0.00647	0.01259	0.00504	0.00766
7	0.01201	0.06069	0.32852	0.01478	0.02044	0.01217	0.01610	0.01667	0.01490	0.02063	0.02973	0.29822	0.09784	0.01418	0.00787	0.00253	0.00733	0.01221	0.00487	0.00832
8	0.07276	0.01752	0.10640	0.09875	0.24834	0.01426	0.01659	0.02047	0.01534	0.02373	0.01298	0.01629	0.01050	0.00623	0.00631	0.00182	0.00760	0.00536	0.00382	0.29493
9	0.07654	0.01418	0.01606	0.01686	0.10130	0.07242	0.01174	0.09278	0.06767	0.13730	0.04688	0.13699	0.02484	0.01217	0.00762	0.00244	0.00674	0.09781	0.04833	0.00931
10	0.23893	0.01922	0.06715	0.01455	0.01960	0.07705	0.01257	0.23328	0.10871	0.05225	0.01822	0.02226	0.01455	0.00905	0.00666	0.00232	0.00752	0.06016	0.00590	0.01006

[dist]
# distance from previous block
# <min> <max>
0	9

[block]
# block no. 4 follows, 28 sequences, length 34
# corresponding to MSA columns:
# 179-188,199-222
name=unknown_E
#
# <colnr> <probs for GDERKNQSTAVLIFYWHMCP>
#	G	D	E	R	K	N	Q	S	T	A	V	L	I	F	Y	W	H	M	C	P
0	0.00965	0.01065	0.10509	0.01159	0.01344	0.00742	0.00953	0.01191	0.01411	0.01917	0.03632	0.63954	0.04270	0.02058	0.00895	0.00286	0.00512	0.01855	0.00624	0.00657
1	0.68794	0.01431	0.01229	0.01088	0.01475	0.01713	0.00898	0.02083	0.01220	0.03052	0.01004	0.01238	0.00810	0.00757	0.00718	0.00238	0.10604	0.00427	0.00432	0.00788
2	0.00882	0.00647	0.00829	0.00974	0.01044	0.00594	0.00658	0.01016	0.01428	0.01871	0.04471	0.64710	0.13778	0.02217	0.00918	0.00288	0.00414	0.01993	0.00675	0.00594
3	0.01524	0.01307	0.01515	0.01100	0.01732	0.01017	0.00878	0.01946	0.05320	0.02407	0.01387	0.01576	0.01142	0.00564	0.00550	0.00116	0.00540	0.00453	0.00448	0.74480
4	0.01721	0.03319	0.57731	0.02015	0.03001	0.01610	0.05777	0.02475	0.01620	0.11731	0.01529	0.01687	0.01052	0.00716	0.00705	0.00230	0.01019	0.00580	0.00392	0.01092
5	0.02008	0.01636	0.01730	0.01493	0.01934	0.01867	0.01179	0.18250	0.51275	0.03379	0.02661	0.02492	0.01982	0.00955	0.00728	0.00237	0.00617	0.00778	0.03645	0.01152
6	0.04508	0.02614	0.29451	0.02444	0.03273	0.01793	0.32879	0.05743	0.05517	0.02508	0.01489	0.01800	0.01092	0.00680	0.00765	0.00237	0.01084	0.00705	0.00387	0.01032
7	0.02004	0.11634	0.01919	0.01394	0.01851	0.01808	0.01131	0.03486	0.47410	0.12557	0.02827	0.02610	0.04288	0.00953	0.00705	0.00231	0.00602	0.00773	0.00701	0.01115
8	0.01481	0.07066	0.67580	0.02033	0.03087	0.01743	0.02619	0.02296	0.01532	0.02275	0.01291	0.01518	0.00921	0.00687	0.00680	0.00227	0.01060	0.00530	0.00307	0.01068
9	0.00905	0.00648	0.00861	0.00999	0.01059	0.00604	0.00676	0.01062	0.01484	0.02002	0.13075	0.64493	0.05092	0.02168	0.00918	0.00286	0.00411	0.01962	0.00692	0.00604
10	0.01943	0.74891	0.03809	0.01244	0.01866	0.02876	0.01244	0.02177	0.01477	0.01710	0.01011	0.01166	0.00933	0.00622	0.00466	0.00155	0.00777	0.00389	0.00311	0.00933
11	0.02715	0.03464	0.02060	0.01873	0.02247	0.71536	0.01404	0.02903	0.02060	0.01779	0.01124	0.01311	0.00936	0.00749	0.00655	0.00187	0.01311	0.00468	0.00375	0.00843
12	0.00886	0.00633	0.00843	0.01012	0.01054	0.00590	0.00675	0.01012	0.01392	0.01856	0.04006	0.73979	0.04808	0.02277	0.00928	0.00295	0.00422	0.02066	0.00675	0.00590
13	0.01808	0.01561	0.01644	0.01479	0.01890	0.01808	0.01151	0.03863	0.68606	0.03041	0.02959	0.02712	0.02219	0.00986	0.00740	0.00247	0.00575	0.00822	0.00740	0.01151
14	0.01458	0.03760	0.70688	0.02072	0.03146	0.01688	0.02686	0.02302	0.01535	0.02302	0.01304	0.01535	0.00921	0.00691	0.00691	0.00230	0.01074	0.00537	0.00307	0.01074
15	0.01049	0.00735	0.00947	0.00947	0.01001	0.00789	0.00633	0.01156	0.01103	0.01524	0.02149	0.03975	0.02303	0.46081	0.31609	0.00895	0.01216	0.00943	0.00419	0.00526
16	0.02715	0.03464	0.02060	0.01873	0.02247	0.71536	0.01404	0.02903	0.02060	0.01779	0.01124	0.01311	0.00936	0.00749	0.00655	0.00187	0.01311	0.00468	0.00375	0.00843
17	0.01808	0.01561	0.01644	0.01479	0.01890	0.01808	0.01151	0.03863	0.68606	0.03041	0.02959	0.02712	0.02219	0.00986	0.00740	0.00247	0.00575	0.00822	0.00740	0.01151
18	0.03261	0.01237	0.01687	0.01293	0.01856	0.01068	0.01068	0.03543	0.02081	0.70423	0.02868	0.02474	0.01799	0.00900	0.00731	0.00225	0.00619	0.00731	0.00900	0.01237
19	0.01590	0.01590	0.02226	0.01908	0.01908	0.02226	0.01590	0.01749	0.01113	0.01749	0.00954	0.01590	0.00954	0.01272	0.02385	0.00318	0.73123	0.00636	0.00318	0.00795
20	0.02715	0.03464	0.02060	0.01873	0.02247	0.71536	0.01404	0.02903	0.02060	0.01779	0.01124	0.01311	0.00936	0.00749	0.00655	0.00187	0.01311	0.00468	0.00375	0.00843
21	0.01373	0.01292	0.02180	0.72707	0.05006	0.01615	0.02019	0.01857	0.01453	0.01857	0.01292	0.01938	0.00969	0.00727	0.00727	0.00242	0.00969	0.00646	0.00323	0.00807
22	0.01432	0.01352	0.02287	0.63262	0.13990	0.01631	0.02048	0.01909	0.01481	0.01929	0.01302	0.01919	0.00994	0.00716	0.00726	0.00239	0.00954	0.00646	0.00328	0.00855
23	0.00859	0.00736	0.00736	0.00736	0.00982	0.00614	0.00552	0.01043	0.01657	0.01964	0.07364	0.06996	0.69624	0.01841	0.00859	0.00245	0.00368	0.01534	0.00675	0.00614
24	0.02763	0.02036	0.02182	0.01672	0.02254	0.02254	0.01382	0.67496	0.03418	0.04581	0.01745	0.01745	0.01236	0.00873	0.00727	0.00218	0.00800	0.00654	0.00727	0.01236
25	0.01259	0.00937	0.01237	0.01358	0.01559	0.00971	0.01168	0.01832	0.10936	0.02295	0.03726	0.07440	0.03912	0.01867	0.00967	0.00322	0.00656	0.56142	0.00679	0.00736
26	0.00886	0.00633	0.00843	0.01012	0.01054	0.00590	0.00675	0.01012	0.01392	0.01856	0.04006	0.73979	0.04808	0.02277	0.00928	0.00295	0.00422	0.02066	0.00675	0.00590
27	0.79588	0.01406	0.01068	0.00956	0.01406	0.01631	0.00787	0.02137	0.01237	0.03261	0.01012	0.01181	0.00787	0.00675	0.00450	0.00225	0.00562	0.00394	0.00450	0.00787
28	0.00859	0.00736	0.00736	0.00736	0.00982	0.00614	0.00552	0.01043	0.01657	0.01964	0.07364	0.06996	0.69624	0.01841	0.00859	0.00245	0.00368	0.01534	0.00675	0.00614
29	0.13638	0.03887	0.01791	0.01398	0.01899	0.01625	0.03050	0.14337	0.20390	0.24195	0.04717	0.02275	0.01803	0.00890	0.00692	0.00228	0.00643	0.00707	0.00723	0.01111
30	0.01902	0.55775	0.13938	0.01408	0.02085	0.02597	0.01468	0.05649	0.05593	0.02028	0.01210	0.01345	0.01023	0.00667	0.00531	0.00176	0.00812	0.00451	0.00357	0.00983
31	0.12623	0.55076	0.12499	0.01316	0.01976	0.02543	0.01376	0.02188	0.01452	0.02005	0.01051	0.01218	0.00911	0.00639	0.00495	0.00175	0.00788	0.00409	0.00330	0.00932
32	0.21656	0.12535	0.17079	0.01443	0.02034	0.08604	0.01411	0.08943	0.07904	0.02733	0.05462	0.01917	0.03841	0.00815	0.00618	0.00215	0.00784	0.00591	0.00474	0.00944
33	0.19277	0.07968	0.11399	0.03859	0.01900	0.08399	0.01238	0.07089	0.01711	0.02544	0.06032	0.05172	0.11400	0.01057	0.00678	0.00227	0.00725	0.05789	0.00502	0.03034

[dist]
# distance from previous block
# <min> <max>
2	19

[block]
# block no. 5 follows, 28 sequences, length 47
# corresponding to MSA columns:
# 242-265,267-289
name=unknown_F
#
# <colnr> <probs for GDERKNQSTAVLIFYWHMCP>
#	G	D	E	R	K	N	Q	S	T	A	V	L	I	F	Y	W	H	M	C	P
0	0.01879	0.01814	0.02180	0.12592	0.19591	0.12172	0.03765	0.09274	0.12622	0.02605	0.09025	0.02273	0.01888	0.00837	0.00726	0.00218	0.00835	0.00719	0.00507	0.04478
1	0.01802	0.01646	0.02211	0.31438	0.09577	0.08799	0.06121	0.07359	0.05539	0.05914	0.04831	0.02052	0.01422	0.00770	0.00719	0.00220	0.00891	0.00672	0.00453	0.07564
2	0.15993	0.01634	0.02524	0.06774	0.52210	0.01679	0.01912	0.02184	0.01565	0.02513	0.01296	0.01683	0.01074	0.00653	0.00665	0.00215	0.00802	0.00594	0.00377	0.03653
3	0.01501	0.01450	0.02271	0.52617	0.17573	0.04735	0.01971	0.01956	0.01549	0.02006	0.04504	0.02046	0.01280	0.00748	0.00728	0.00234	0.00934	0.00670	0.00355	0.00872
4	0.01736	0.01698	0.02999	0.12919	0.54542	0.01725	0.09276	0.02194	0.01636	0.02304	0.01369	0.01834	0.01123	0.00654	0.00736	0.00222	0.00916	0.00670	0.00356	0.01089
5	0.01559	0.01476	0.02467	0.42782	0.30793	0.01667	0.02071	0.02082	0.04071	0.02108	0.01385	0.01912	0.01089	0.00705	0.00724	0.00232	0.00912	0.00653	0.00353	0.00958
6	0.01608	0.01549	0.02657	0.33142	0.37102	0.01703	0.04975	0.02060	0.01553	0.02131	0.01325	0.01857	0.01065	0.00702	0.00790	0.00232	0.03566	0.00656	0.00343	0.00986
7	0.40850	0.01981	0.01493	0.04656	0.01874	0.21041	0.01080	0.08564	0.01715	0.02842	0.01302	0.01674	0.01070	0.00782	0.00573	0.00217	0.00809	0.03326	0.03312	0.00837
8	0.00986	0.00741	0.00912	0.00869	0.01060	0.00668	0.00652	0.01289	0.01956	0.02674	0.53789	0.05826	0.22756	0.01576	0.00858	0.00233	0.00349	0.01370	0.00768	0.00668
9	0.02115	0.01705	0.02004	0.01655	0.02122	0.01917	0.05867	0.20880	0.40096	0.06375	0.02427	0.02334	0.01796	0.00939	0.00821	0.00241	0.04091	0.00766	0.00698	0.01149
10	0.01066	0.00701	0.00800	0.00800	0.00800	0.00701	0.00449	0.01052	0.01052	0.01403	0.02244	0.04643	0.02581	0.71243	0.03661	0.04193	0.00701	0.01038	0.00435	0.00435
11	0.02720	0.03322	0.02072	0.01853	0.02248	0.64627	0.01402	0.09344	0.02195	0.02058	0.01186	0.01354	0.00966	0.00761	0.00663	0.00190	0.01260	0.00487	0.00410	0.00882
12	0.01629	0.28813	0.47132	0.01780	0.02695	0.02107	0.02178	0.02258	0.01514	0.02094	0.01201	0.01405	0.00925	0.00666	0.00612	0.00204	0.00970	0.00485	0.00308	0.01024
13	0.01716	0.41520	0.35185	0.01632	0.02466	0.02319	0.01920	0.02235	0.01504	0.01988	0.01148	0.01339	0.00927	0.00654	0.00572	0.00191	0.00917	0.00458	0.00309	0.00999
14	0.01423	0.03351	0.60122	0.01991	0.02951	0.01586	0.05373	0.02202	0.01600	0.02370	0.08730	0.01977	0.01575	0.00774	0.00716	0.00231	0.01002	0.00636	0.00363	0.01028
15	0.01312	0.10492	0.40254	0.01540	0.02290	0.01462	0.01823	0.01872	0.01569	0.02126	0.03279	0.03303	0.23671	0.01064	0.00722	0.00227	0.00808	0.00851	0.00429	0.00906
16	0.00942	0.00740	0.00851	0.00823	0.01033	0.00649	0.00617	0.01203	0.01852	0.02427	0.37631	0.06233	0.39069	0.01668	0.00858	0.00237	0.00356	0.01427	0.00736	0.00649
17	0.00859	0.00736	0.00736	0.00736	0.00982	0.00614	0.00552	0.01043	0.01657	0.01964	0.07364	0.06996	0.69624	0.01841	0.00859	0.00245	0.00368	0.01534	0.00675	0.00614
18	0.02715	0.03464	0.02060	0.01873	0.02247	0.71536	0.01404	0.02903	0.02060	0.01779	0.01124	0.01311	0.00936	0.00749	0.00655	0.00187	0.01311	0.00468	0.00375	0.00843
19	0.01507	0.01292	0.01507	0.01077	0.01723	0.00969	0.00861	0.01830	0.01507	0.02369	0.01292	0.01507	0.01077	0.00538	0.00538	0.00108	0.00538	0.00431	0.00431	0.78898
20	0.01458	0.03760	0.70688	0.02072	0.03146	0.01688	0.02686	0.02302	0.01535	0.02302	0.01304	0.01535	0.00921	0.00691	0.00691	0.00230	0.01074	0.00537	0.00307	0.01074
21	0.01943	0.74891	0.03809	0.01244	0.01866	0.02876	0.01244	0.02177	0.01477	0.01710	0.01011	0.01166	0.00933	0.00622	0.00466	0.00155	0.00777	0.00389	0.00311	0.00933
22	0.00964	0.00740	0.00881	0.00846	0.01046	0.00658	0.00635	0.01245	0.01904	0.02549	0.45634	0.06032	0.30989	0.01622	0.00858	0.00235	0.00353	0.01399	0.00752	0.00658
23	0.01943	0.74891	0.03809	0.01244	0.01866	0.02876	0.01244	0.02177	0.01477	0.01710	0.01011	0.01166	0.00933	0.00622	0.00466	0.00155	0.00777	0.00389	0.00311	0.00933
24	0.01507	0.01292	0.01507	0.01077	0.01723	0.00969	0.00861	0.01830	0.01507	0.02369	0.01292	0.01507	0.01077	0.00538	0.00538	0.00108	0.00538	0.00431	0.00431	0.78898
25	0.02626	0.02229	0.02087	0.01682	0.02204	0.14658	0.01355	0.47312	0.11946	0.03870	0.01797	0.01797	0.01314	0.00866	0.00716	0.00216	0.00862	0.00643	0.00665	0.01154
26	0.00984	0.00741	0.00909	0.00867	0.01058	0.00667	0.00650	0.01284	0.01951	0.02661	0.52947	0.05848	0.23606	0.01581	0.00858	0.00233	0.00350	0.01373	0.00767	0.00667
27	0.79588	0.01406	0.01068	0.00956	0.01406	0.01631	0.00787	0.02137	0.01237	0.03261	0.01012	0.01181	0.00787	0.00675	0.00450	0.00225	0.00562	0.00394	0.00450	0.00787
28	0.01392	0.01311	0.02214	0.69682	0.07883	0.01620	0.02028	0.01874	0.01462	0.01880	0.01295	0.01932	0.00977	0.00723	0.00726	0.00241	0.00964	0.00646	0.00325	0.00823
29	0.01057	0.00705	0.00793	0.00793	0.00793	0.00705	0.00440	0.01057	0.01057	0.01409	0.02290	0.04757	0.02643	0.74454	0.03700	0.00705	0.00705	0.01057	0.00440	0.00440
30	0.01373	0.01292	0.02180	0.72707	0.05006	0.01615	0.02019	0.01857	0.01453	0.01857	0.01292	0.01938	0.00969	0.00727	0.00727	0.00242	0.00969	0.00646	0.00323	0.00807
31	0.02676	0.07106	0.02149	0.01841	0.02228	0.68035	0.01396	0.02866	0.02030	0.01776	0.01118	0.01303	0.00936	0.00743	0.00646	0.00186	0.01284	0.00464	0.00371	0.00847
32	0.00927	0.00662	0.00891	0.01059	0.01120	0.00626	0.00747	0.01084	0.01432	0.01902	0.03984	0.64461	0.04717	0.02238	0.00939	0.00301	0.00458	0.11176	0.00674	0.00602
33	0.00981	0.00741	0.00905	0.00864	0.01057	0.00666	0.00648	0.01279	0.01945	0.02647	0.52008	0.05871	0.24554	0.01586	0.00858	0.00233	0.00350	0.01376	0.00765	0.00666
34	0.01690	0.01807	0.03512	0.10320	0.03442	0.01918	0.42767	0.04641	0.01616	0.02232	0.01345	0.01866	0.01060	0.00785	0.01185	0.00260	0.17483	0.00777	0.00365	0.00929
35	0.02109	0.01711	0.01813	0.01540	0.02005	0.01949	0.01223	0.23911	0.48068	0.03526	0.02576	0.02407	0.01909	0.00950	0.00736	0.00238	0.00646	0.00769	0.00736	0.01178
36	0.01808	0.01561	0.01644	0.01479	0.01890	0.01808	0.01151	0.03863	0.68606	0.03041	0.02959	0.02712	0.02219	0.00986	0.00740	0.00247	0.00575	0.00822	0.00740	0.01151
37	0.00980	0.00736	0.00907	0.00875	0.01059	0.00663	0.00652	0.01273	0.01926	0.02627	0.50882	0.09160	0.22367	0.01613	0.00861	0.00236	0.00353	0.01406	0.00763	0.00663
38	0.00988	0.00738	0.00918	0.00880	0.01063	0.00667	0.00657	0.01290	0.01951	0.02679	0.54246	0.08092	0.19973	0.01588	0.00860	0.00234	0.00351	0.01386	0.00770	0.00667
39	0.01507	0.01292	0.01507	0.01077	0.01723	0.00969	0.00861	0.01830	0.01507	0.02369	0.01292	0.01507	0.01077	0.00538	0.00538	0.00108	0.00538	0.00431	0.00431	0.78898
40	0.05728	0.01694	0.01692	0.01425	0.01852	0.09190	0.01128	0.22070	0.16878	0.12453	0.12220	0.05921	0.02475	0.01036	0.00739	0.00227	0.00686	0.00833	0.00711	0.01043
41	0.02102	0.01639	0.02495	0.06228	0.36887	0.01672	0.04278	0.13497	0.05139	0.12295	0.01846	0.05457	0.01475	0.00819	0.00739	0.00225	0.00802	0.00746	0.00530	0.01129
42	0.01973	0.01688	0.02272	0.38264	0.09676	0.09258	0.04669	0.10900	0.01881	0.10164	0.01530	0.01895	0.01118	0.00756	0.00725	0.00229	0.00946	0.00647	0.00454	0.00956
43	0.04465	0.01407	0.02191	0.05554	0.21916	0.01443	0.07421	0.04290	0.05479	0.13120	0.02294	0.05979	0.02051	0.01091	0.00878	0.00256	0.04461	0.14165	0.00554	0.00985
44	0.01511	0.01335	0.02238	0.59319	0.07031	0.01564	0.04778	0.01979	0.01509	0.05536	0.01386	0.01938	0.01031	0.00717	0.00722	0.00233	0.00934	0.00648	0.00363	0.05229
45	0.01693	0.01146	0.01533	0.01454	0.04618	0.01142	0.04259	0.10550	0.04314	0.10593	0.02721	0.09261	0.02638	0.12558	0.03421	0.00354	0.00720	0.18517	0.03563	0.04945
46	0.04491	0.16883	0.24314	0.18329	0.14670	0.01866	0.02007	0.02100	0.01508	0.02111	0.01361	0.04767	0.01140	0.00747	0.00660	0.00218	0.00907	0.00613	0.00342	0.00966

[dist]
# distance from previous block
# <min> <max>
15	67

[block]
# block no. 6 follows, 28 sequences, length 16
# corresponding to MSA columns:
# 361-376
name=unknown_G
#
# <colnr> <probs for GDERKNQSTAVLIFYWHMCP>
#	G	D	E	R	K	N	Q	S	T	A	V	L	I	F	Y	W	H	M	C	P
0	0.01882	0.01665	0.06820	0.09749	0.02385	0.04379	0.05071	0.11276	0.08107	0.09827	0.04961	0.04362	0.03185	0.00836	0.00693	0.00198	0.00731	0.00703	0.00552	0.22618
1	0.06405	0.01520	0.01821	0.01512	0.01832	0.01773	0.01237	0.14746	0.10171	0.08986	0.02198	0.02345	0.08021	0.01086	0.01292	0.00251	0.26034	0.00729	0.00555	0.07485
2	0.06085	0.01659	0.01952	0.01586	0.01992	0.01883	0.04043	0.31616	0.11218	0.05790	0.05374	0.05321	0.01787	0.01023	0.00985	0.00241	0.11931	0.00770	0.03700	0.01044
3	0.10973	0.01341	0.01533	0.06408	0.01924	0.01401	0.01065	0.12352	0.15383	0.13103	0.05249	0.11522	0.04062	0.01062	0.00712	0.00226	0.00604	0.00877	0.00657	0.09546
4	0.11522	0.01317	0.01486	0.01250	0.01691	0.01327	0.01016	0.13006	0.10793	0.14847	0.10717	0.03246	0.04362	0.01055	0.00721	0.00224	0.00589	0.08162	0.00684	0.11987
5	0.01950	0.01957	0.02066	0.01634	0.02158	0.16500	0.08826	0.08191	0.11905	0.02501	0.01550	0.01725	0.01229	0.00727	0.00742	0.00182	0.04540	0.00578	0.00478	0.30561
6	0.02455	0.04579	0.02609	0.01935	0.02493	0.09700	0.15637	0.30722	0.02484	0.11105	0.01662	0.01792	0.01208	0.00812	0.00833	0.00222	0.05268	0.00670	0.00583	0.03231
7	0.00886	0.00633	0.00843	0.01012	0.01054	0.00590	0.00675	0.01012	0.01392	0.01856	0.04006	0.73979	0.04808	0.02277	0.00928	0.00295	0.00422	0.02066	0.00675	0.00590
8	0.10171	0.00852	0.01157	0.01144	0.01311	0.00993	0.00895	0.01396	0.01176	0.01870	0.01838	0.02661	0.01697	0.04896	0.63304	0.01059	0.01786	0.00734	0.00396	0.00665
9	0.14832	0.09334	0.02681	0.04877	0.02461	0.07365	0.17445	0.06833	0.01571	0.02350	0.01180	0.01573	0.00980	0.00853	0.01172	0.00248	0.22356	0.00613	0.00385	0.00889
10	0.39771	0.35466	0.02386	0.01136	0.01661	0.05789	0.01030	0.02194	0.01390	0.02469	0.01017	0.01181	0.00862	0.00654	0.00468	0.00191	0.00700	0.00395	0.00382	0.00857
11	0.00878	0.00663	0.00812	0.00932	0.01033	0.00597	0.00639	0.01021	0.01468	0.01887	0.04978	0.54592	0.23568	0.02151	0.00908	0.00281	0.00406	0.01912	0.00675	0.00597
12	0.10612	0.11157	0.01732	0.01082	0.01671	0.01283	0.00895	0.01871	0.01466	0.02358	0.01359	0.05089	0.01212	0.00653	0.00538	0.00137	0.00567	0.00503	0.00429	0.55384
13	0.11227	0.06990	0.01753	0.01207	0.01773	0.01341	0.01003	0.05789	0.01732	0.23479	0.01733	0.01757	0.01258	0.00720	0.00668	0.00175	0.03606	0.00536	0.00579	0.32675
14	0.01669	0.02327	0.28012	0.01687	0.02386	0.01544	0.04369	0.07012	0.07741	0.05434	0.05450	0.01936	0.01486	0.00798	0.00828	0.00211	0.07092	0.00621	0.00462	0.18935
15	0.13144	0.05992	0.05353	0.01861	0.02433	0.01838	0.19877	0.16106	0.12910	0.04800	0.02046	0.02295	0.04436	0.00846	0.00724	0.00233	0.00831	0.02710	0.00547	0.01016

[dist]
# distance from previous block
# <min> <max>
0	27

[block]
# block no. 7 follows, 28 sequences, length 29
# corresponding to MSA columns:
# 404-432
name=unknown_H
#
# <colnr> <probs for GDERKNQSTAVLIFYWHMCP>
#	G	D	E	R	K	N	Q	S	T	A	V	L	I	F	Y	W	H	M	C	P
0	0.11476	0.09530	0.01750	0.01252	0.01694	0.01560	0.04208	0.12262	0.14491	0.04323	0.05264	0.03368	0.20442	0.01100	0.00704	0.00222	0.00598	0.00888	0.00609	0.04257
1	0.12687	0.01224	0.01403	0.01240	0.01581	0.01294	0.00982	0.08725	0.10109	0.14045	0.02687	0.12654	0.05690	0.04567	0.04443	0.00311	0.05056	0.05302	0.00635	0.05364
2	0.01491	0.01133	0.01360	0.01200	0.01517	0.01122	0.00915	0.16454	0.01825	0.02545	0.02415	0.24755	0.02490	0.04890	0.14608	0.00420	0.00841	0.01088	0.00568	0.18365
3	0.10767	0.01610	0.01682	0.01399	0.01848	0.01775	0.01121	0.35251	0.14909	0.03620	0.02666	0.09579	0.08433	0.01107	0.00732	0.00235	0.00652	0.00884	0.00688	0.01045
4	0.15418	0.01372	0.01466	0.01263	0.01637	0.01484	0.00996	0.23778	0.08975	0.06113	0.14343	0.14868	0.02904	0.01203	0.00738	0.00238	0.00581	0.00991	0.00691	0.00940
