[name]
unknown

[dist]
# distance from previous block
# <min> <max>
1	275

[block]
# block no. 0 follows, 33 sequences, length 6
# corresponding to MSA columns:
# 277-282
name=unknown_A
#
# <colnr> <probs for GDERKNQSTAVLIFYWHMCP>
#	G	D	E	R	K	N	Q	S	T	A	V	L	I	F	Y	W	H	M	C	P
0	0.02244	0.01553	0.06994	0.05778	0.06202	0.01366	0.20940	0.09324	0.01827	0.34011	0.01898	0.01930	0.01277	0.00706	0.00691	0.00209	0.00788	0.00668	0.00574	0.01020
1	0.01406	0.01417	0.02011	0.62145	0.08974	0.09587	0.01780	0.01811	0.01390	0.01707	0.01158	0.01683	0.00886	0.00655	0.00651	0.00212	0.00906	0.00567	0.00300	0.00756
2	0.01365	0.01170	0.01365	0.00975	0.01560	0.00878	0.00780	0.01658	0.01365	0.02145	0.01170	0.01365	0.00975	0.00488	0.00488	0.00098	0.00488	0.00390	0.00390	0.80888
3	0.48044	0.01914	0.01563	0.01332	0.01746	0.24407	0.08357	0.02172	0.01402	0.02440	0.00993	0.01182	0.00786	0.00626	0.00506	0.00195	0.00787	0.00423	0.00378	0.00748
4	0.11031	0.09947	0.10693	0.02260	0.05940	0.01692	0.41623	0.02049	0.01452	0.02150	0.01211	0.01551	0.00932	0.00569	0.00662	0.00203	0.00941	0.00627	0.00332	0.04136
5	0.01824	0.43568	0.15730	0.01479	0.02121	0.02060	0.10271	0.02184	0.01452	0.11852	0.01254	0.01376	0.00974	0.00609	0.00538	0.00172	0.00784	0.00475	0.00363	0.00912

[dist]
# distance from previous block
# <min> <max>
0	4

[block]
# block no. 1 follows, 33 sequences, length 30
# corresponding to MSA columns:
# 287-316
name=unknown_B
#
# <colnr> <probs for GDERKNQSTAVLIFYWHMCP>
#	G	D	E	R	K	N	Q	S	T	A	V	L	I	F	Y	W	H	M	C	P
0	0.10357	0.01487	0.06514	0.01298	0.01855	0.04395	0.08193	0.05551	0.01580	0.16750	0.01682	0.01755	0.03899	0.00654	0.00579	0.00164	0.00639	0.00540	0.00485	0.31622
1	0.13270	0.08770	0.02293	0.07366	0.43778	0.01594	0.01605	0.01997	0.04909	0.02186	0.01357	0.05586	0.01193	0.00687	0.00605	0.00198	0.00706	0.00607	0.00364	0.00929
2	0.01681	0.66101	0.03119	0.01093	0.01646	0.02340	0.01066	0.01899	0.01347	0.01623	0.01153	0.01282	0.03469	0.00595	0.00443	0.00139	0.00667	0.00394	0.00306	0.09638
3	0.09393	0.51404	0.16182	0.01345	0.01976	0.02236	0.05764	0.01998	0.01340	0.01820	0.00991	0.01165	0.00840	0.00579	0.00481	0.00165	0.00761	0.00405	0.00296	0.00859
4	0.01303	0.01000	0.01560	0.01276	0.01581	0.00960	0.13566	0.01831	0.09763	0.08696	0.45265	0.03824	0.04372	0.01102	0.00754	0.00211	0.00504	0.01017	0.00654	0.00762
5	0.01417	0.01168	0.01370	0.00981	0.01564	0.00881	0.00786	0.01708	0.01382	0.04460	0.01217	0.01394	0.00996	0.00498	0.00493	0.00101	0.00490	0.00399	0.00404	0.78291
6	0.01139	0.00602	0.00866	0.00862	0.00885	0.00603	0.00582	0.00942	0.03024	0.01226	0.01489	0.02249	0.05027	0.02211	0.02418	0.74056	0.00557	0.00621	0.00315	0.00323
7	0.01084	0.00676	0.01006	0.00988	0.01033	0.00757	0.00722	0.01024	0.00944	0.01318	0.01364	0.02191	0.01319	0.03235	0.30066	0.45266	0.05642	0.00623	0.00312	0.00428
8	0.00924	0.00664	0.00889	0.01026	0.01123	0.00641	0.00796	0.01120	0.01372	0.01795	0.03651	0.38136	0.07687	0.05674	0.00993	0.00299	0.00493	0.31556	0.00598	0.00561
9	0.01579	0.01512	0.02580	0.13405	0.63790	0.01551	0.01995	0.01976	0.01475	0.02089	0.01229	0.01646	0.01021	0.00596	0.00653	0.00199	0.00795	0.00586	0.00321	0.01002
10	0.00936	0.00698	0.01037	0.01042	0.01153	0.00807	0.00802	0.01159	0.01062	0.01526	0.01842	0.05369	0.01769	0.07056	0.69349	0.01016	0.01678	0.00756	0.00364	0.00580
11	0.40830	0.01215	0.01250	0.01034	0.01473	0.01262	0.00846	0.06800	0.01563	0.31447	0.01767	0.05107	0.01281	0.00773	0.00547	0.00206	0.00538	0.00566	0.00598	0.00896
12	0.51769	0.01282	0.01180	0.00998	0.01410	0.01417	0.00817	0.12688	0.01593	0.11212	0.08656	0.01685	0.01454	0.00739	0.00514	0.00203	0.00528	0.00515	0.00527	0.00814
13	0.01281	0.01208	0.02042	0.68379	0.11144	0.01472	0.01847	0.01715	0.01334	0.01727	0.01177	0.01743	0.00894	0.00651	0.00658	0.00217	0.00868	0.00585	0.00296	0.00761
14	0.40532	0.01033	0.01009	0.00911	0.01226	0.01092	0.00706	0.01875	0.01312	0.16180	0.04828	0.13302	0.03494	0.08862	0.00852	0.00259	0.00501	0.00765	0.00534	0.00725
15	0.01028	0.00640	0.00854	0.00929	0.01029	0.00589	0.00647	0.01184	0.01406	0.08717	0.13308	0.59110	0.04355	0.01840	0.00814	0.00253	0.00389	0.01658	0.00647	0.00603
16	0.81514	0.01273	0.00968	0.00866	0.01273	0.01477	0.00713	0.01935	0.01120	0.02954	0.00917	0.01069	0.00713	0.00611	0.00407	0.00204	0.00509	0.00356	0.00407	0.00713
17	0.01322	0.01119	0.01165	0.01060	0.01378	0.01196	0.00821	0.06692	0.36921	0.02422	0.04332	0.04075	0.32391	0.01221	0.00716	0.00221	0.00453	0.01013	0.00644	0.00837
18	0.00955	0.00707	0.00881	0.00833	0.00995	0.00667	0.00617	0.01311	0.05261	0.02482	0.58614	0.04881	0.11606	0.06190	0.00936	0.00237	0.00344	0.01171	0.00691	0.00622
19	0.75200	0.01261	0.01013	0.00890	0.01306	0.01436	0.00733	0.02038	0.01182	0.08601	0.01052	0.01164	0.00787	0.00627	0.00428	0.00204	0.00513	0.00381	0.00440	0.00746
20	0.36505	0.01348	0.01388	0.01117	0.01587	0.01427	0.00922	0.17766	0.01829	0.27630	0.01649	0.01591	0.01123	0.00722	0.00552	0.00202	0.00575	0.00516	0.00605	0.00946
21	0.12796	0.00763	0.00822	0.00794	0.00913	0.00770	0.00521	0.01274	0.01138	0.07126	0.04201	0.11016	0.06541	0.46075	0.02247	0.00469	0.00561	0.00970	0.00474	0.00528
22	0.00867	0.00647	0.00714	0.00723	0.00833	0.00593	0.00479	0.00973	0.01288	0.01638	0.10109	0.11533	0.32227	0.32418	0.01835	0.00395	0.00460	0.01238	0.00534	0.00495
23	0.02544	0.01000	0.01311	0.01039	0.01464	0.00884	0.00847	0.02811	0.01765	0.56414	0.02490	0.02291	0.01643	0.00803	0.00614	0.00192	0.00500	0.00651	0.19737	0.01000
24	0.00802	0.00670	0.00700	0.00699	0.00913	0.00568	0.00529	0.00986	0.01536	0.01868	0.12941	0.06232	0.63965	0.01641	0.00782	0.00223	0.00340	0.03419	0.00622	0.00564
25	0.04649	0.00638	0.00748	0.00818	0.00872	0.00621	0.00524	0.00982	0.01152	0.01588	0.03107	0.39479	0.08292	0.31416	0.01804	0.00407	0.00485	0.01406	0.00518	0.00491
26	0.00881	0.00606	0.00741	0.00816	0.00835	0.00587	0.00504	0.00937	0.01107	0.01476	0.02841	0.39898	0.03361	0.39954	0.02112	0.00455	0.00512	0.01408	0.00504	0.00466
27	0.81514	0.01273	0.00968	0.00866	0.01273	0.01477	0.00713	0.01935	0.01120	0.02954	0.00917	0.01069	0.00713	0.00611	0.00407	0.00204	0.00509	0.00356	0.00407	0.00713
28	0.03121	0.00690	0.00896	0.00915	0.01060	0.00638	0.00658	0.01325	0.01520	0.10898	0.23981	0.42386	0.06079	0.01648	0.00787	0.00239	0.00385	0.01469	0.00665	0.00638
29	0.01104	0.00634	0.00859	0.00850	0.00878	0.00643	0.00562	0.02837	0.00983	0.01313	0.01631	0.04544	0.03408	0.21141	0.07030	0.49482	0.00655	0.00731	0.00345	0.00369

[dist]
# distance from previous block
# <min> <max>
7	10

[block]
# block no. 2 follows, 33 sequences, length 62
# corresponding to MSA columns:
# 327-388
name=unknown_C
#
# <colnr> <probs for GDERKNQSTAVLIFYWHMCP>
#	G	D	E	R	K	N	Q	S	T	A	V	L	I	F	Y	W	H	M	C	P
0	0.08285	0.15508	0.07008	0.01258	0.01726	0.01688	0.01113	0.27933	0.01972	0.06385	0.01529	0.04898	0.01291	0.04186	0.00851	0.05974	0.00669	0.02170	0.00495	0.05062
1	0.01431	0.00733	0.00769	0.00714	0.00917	0.00737	0.00549	0.06471	0.01534	0.07269	0.02138	0.02379	0.01644	0.00772	0.00487	0.00160	0.00353	0.00615	0.69646	0.00683
2	0.00812	0.00581	0.00757	0.00892	0.00935	0.00543	0.00591	0.00921	0.01249	0.01656	0.03647	0.68383	0.07093	0.07325	0.01015	0.00292	0.00398	0.01787	0.00596	0.00526
3	0.00855	0.00671	0.00772	0.00770	0.00947	0.00586	0.00560	0.01048	0.01523	0.01980	0.22862	0.18476	0.36716	0.04812	0.00886	0.00239	0.00356	0.01365	0.00623	0.03954
4	0.20953	0.01484	0.01601	0.01256	0.01750	0.01573	0.01037	0.33501	0.02257	0.25568	0.01746	0.01670	0.01186	0.00756	0.00601	0.00201	0.00623	0.00560	0.00649	0.01026
5	0.74648	0.01304	0.01034	0.00914	0.01325	0.01508	0.00750	0.04962	0.04256	0.02997	0.01022	0.01152	0.00787	0.00631	0.00430	0.00204	0.00519	0.00383	0.00430	0.00745
6	0.00843	0.00677	0.00763	0.00798	0.00988	0.00596	0.00620	0.01042	0.01513	0.01874	0.11036	0.11818	0.49551	0.01700	0.00807	0.00239	0.00385	0.13564	0.00619	0.00568
7	0.01004	0.00617	0.00812	0.00838	0.00908	0.00590	0.00576	0.00962	0.03012	0.01443	0.02969	0.17940	0.18407	0.02060	0.01756	0.43748	0.00477	0.01027	0.00437	0.00419
8	0.01537	0.01893	0.08909	0.02710	0.03398	0.01655	0.65460	0.02107	0.01542	0.02107	0.01321	0.01748	0.00987	0.00560	0.00766	0.00221	0.01100	0.00756	0.00329	0.00894
9	0.00988	0.00731	0.00960	0.01062	0.01230	0.00703	0.00903	0.01262	0.01539	0.01980	0.09526	0.06991	0.19158	0.01749	0.00870	0.00278	0.00523	0.48336	0.00617	0.00596
10	0.00851	0.00632	0.00795	0.00846	0.00964	0.00576	0.00606	0.01051	0.01528	0.02048	0.28636	0.35599	0.18071	0.01725	0.00808	0.00238	0.00354	0.03448	0.00651	0.00572
11	0.02540	0.01023	0.01383	0.01106	0.01538	0.00890	0.00894	0.02783	0.01814	0.59247	0.07879	0.09144	0.04718	0.00994	0.00690	0.00210	0.00518	0.00833	0.00783	0.01012
12	0.78220	0.01267	0.00991	0.00879	0.01290	0.01455	0.00724	0.01989	0.01152	0.05899	0.00987	0.01119	0.00751	0.00620	0.00418	0.00204	0.00511	0.00369	0.00424	0.00730
13	0.04436	0.00674	0.00756	0.00755	0.00790	0.00675	0.00447	0.01060	0.01017	0.03452	0.02174	0.10344	0.02469	0.64962	0.02931	0.00575	0.00608	0.01002	0.00430	0.00445
14	0.00876	0.00667	0.00803	0.00825	0.00973	0.00610	0.00603	0.01122	0.03237	0.02074	0.28669	0.22720	0.26076	0.03826	0.00870	0.00243	0.00362	0.04215	0.00646	0.00583
15	0.00981	0.00725	0.00923	0.00864	0.01035	0.00692	0.00651	0.01400	0.06749	0.02648	0.67522	0.04745	0.05917	0.01314	0.00769	0.00208	0.00325	0.01159	0.00721	0.00651
16	0.00921	0.00688	0.00825	0.00874	0.01051	0.00622	0.00686	0.01132	0.01512	0.03551	0.11449	0.16660	0.36543	0.01715	0.00819	0.00248	0.00416	0.19078	0.00625	0.00585
17	0.08533	0.00963	0.01147	0.01022	0.01327	0.00951	0.00819	0.05174	0.08052	0.21101	0.18453	0.06503	0.06833	0.01133	0.00693	0.00217	0.00470	0.08847	0.06950	0.00812
18	0.00899	0.00637	0.00715	0.00740	0.00896	0.00574	0.00538	0.01107	0.01488	0.02041	0.16690	0.20850	0.31816	0.01521	0.00729	0.00216	0.00335	0.01309	0.16325	0.00574
19	0.01320	0.03405	0.73453	0.01876	0.02849	0.01529	0.02432	0.02085	0.01390	0.02085	0.01181	0.01390	0.00834	0.00625	0.00625	0.00208	0.00973	0.00486	0.00278	0.00973
20	0.02954	0.01120	0.01528	0.01171	0.01681	0.00968	0.00968	0.03208	0.01884	0.73213	0.02597	0.02241	0.01630	0.00815	0.00662	0.00204	0.00560	0.00662	0.00815	0.01120
21	0.01365	0.01170	0.01365	0.00975	0.01560	0.00878	0.00780	0.01658	0.01365	0.02145	0.01170	0.01365	0.00975	0.00488	0.00488	0.00098	0.00488	0.00390	0.00390	0.80888
22	0.01204	0.00616	0.00623	0.00623	0.00763	0.00616	0.00455	0.01484	0.01344	0.02353	0.02141	0.02615	0.01748	0.07343	0.00710	0.00195	0.00335	0.00643	0.73595	0.00595
23	0.01227	0.00614	0.00614	0.00614	0.00767	0.00614	0.00460	0.01534	0.01381	0.02454	0.02148	0.02454	0.01687	0.00767	0.00460	0.00153	0.00307	0.00614	0.80518	0.00614
24	0.01153	0.00620	0.00642	0.00642	0.00754	0.00620	0.00443	0.01376	0.01265	0.02131	0.02127	0.02963	0.01881	0.21630	0.01253	0.00286	0.00398	0.00708	0.58552	0.00555
25	0.00945	0.00678	0.00865	0.00944	0.01049	0.00653	0.00719	0.01130	0.01378	0.01808	0.10685	0.18497	0.11936	0.18888	0.01424	0.00354	0.00511	0.26421	0.00573	0.00542
26	0.01035	0.00631	0.00688	0.00688	0.00732	0.00631	0.00416	0.01122	0.01078	0.01614	0.02095	0.03778	0.02191	0.55090	0.02524	0.00500	0.00543	0.00859	0.23324	0.00460
27	0.00796	0.00664	0.00686	0.00686	0.00891	0.00563	0.00507	0.00965	0.01498	0.01816	0.10972	0.07950	0.63394	0.04611	0.00881	0.00239	0.00345	0.01371	0.00611	0.00554
28	0.08267	0.66208	0.07820	0.01154	0.01731	0.02442	0.01178	0.01976	0.01323	0.01699	0.00933	0.01079	0.00833	0.00571	0.00434	0.00150	0.00706	0.00361	0.00292	0.00842
29	0.01132	0.00956	0.01405	0.01305	0.03882	0.01107	0.06066	0.01278	0.01058	0.01502	0.01638	0.02953	0.01711	0.33786	0.19893	0.00612	0.18000	0.00783	0.00355	0.00578
30	0.00919	0.00672	0.00862	0.00815	0.00976	0.00616	0.00611	0.01217	0.01833	0.02567	0.66831	0.05038	0.11836	0.01373	0.00777	0.00208	0.00313	0.01207	0.00715	0.00616
31	0.10627	0.01910	0.03276	0.02410	0.03002	0.11787	0.52913	0.02162	0.01549	0.02134	0.01241	0.01614	0.00946	0.00578	0.00710	0.00213	0.01053	0.00681	0.00342	0.00851
32	0.01839	0.07432	0.04938	0.04476	0.06803	0.22495	0.09428	0.06693	0.17193	0.02212	0.07058	0.01907	0.01572	0.00763	0.00677	0.00198	0.02359	0.00624	0.00451	0.00881
33	0.00969	0.00657	0.00795	0.00828	0.00946	0.00603	0.00576	0.01108	0.01362	0.05633	0.11208	0.29868	0.20693	0.17693	0.01344	0.00327	0.00435	0.03814	0.00589	0.00555
34	0.02652	0.01604	0.01827	0.01401	0.01922	0.01685	0.01157	0.48227	0.02694	0.27051	0.01918	0.01799	0.01289	0.00798	0.00660	0.00200	0.00670	0.00616	0.00710	0.01120
35	0.04520	0.50909	0.15170	0.01331	0.01939	0.04344	0.03423	0.02145	0.07430	0.01814	0.01129	0.01260	0.00944	0.00607	0.00494	0.00165	0.00754	0.00424	0.00322	0.00878
36	0.01326	0.01037	0.01587	0.05216	0.27057	0.02861	0.01194	0.01394	0.01214	0.01636	0.01636	0.04440	0.04572	0.01500	0.01517	0.35480	0.00662	0.04697	0.00345	0.00629
37	0.01312	0.00786	0.01001	0.00929	0.01163	0.00722	0.00728	0.01635	0.04222	0.15327	0.36052	0.07430	0.15860	0.01364	0.00769	0.00222	0.00403	0.08658	0.00703	0.00712
38	0.01547	0.41462	0.37381	0.01490	0.02252	0.02083	0.01759	0.02026	0.01363	0.01809	0.01044	0.01218	0.00840	0.00593	0.00521	0.00174	0.00834	0.00417	0.00280	0.00907
39	0.01822	0.01718	0.08377	0.13469	0.25659	0.04732	0.05281	0.10989	0.09574	0.09511	0.01560	0.01764	0.01166	0.00686	0.00658	0.00205	0.00789	0.00607	0.00448	0.00987
40	0.01349	0.01278	0.02165	0.55832	0.23160	0.01490	0.01881	0.01774	0.01366	0.01810	0.01189	0.01721	0.00923	0.00639	0.00656	0.00213	0.00852	0.00585	0.00302	0.00816
41	0.01365	0.01170	0.01365	0.00975	0.01560	0.00878	0.00780	0.01658	0.01365	0.02145	0.01170	0.01365	0.00975	0.00488	0.00488	0.00098	0.00488	0.00390	0.00390	0.80888
42	0.00947	0.00715	0.01036	0.01064	0.01161	0.00811	0.00818	0.01155	0.01127	0.01587	0.02215	0.16515	0.02304	0.06086	0.49649	0.00806	0.04583	0.06422	0.00419	0.00580
43	0.01110	0.00590	0.00872	0.00872	0.00885	0.00603	0.00590	0.00899	0.00886	0.01194	0.01264	0.02195	0.01269	0.06727	0.10620	0.67480	0.00709	0.00608	0.00300	0.00326
44	0.02169	0.02666	0.01778	0.01597	0.01900	0.58863	0.04067	0.02339	0.01706	0.01590	0.01190	0.01638	0.01071	0.09417	0.05002	0.00274	0.01155	0.00514	0.00346	0.00718
45	0.01314	0.01243	0.02103	0.62174	0.17086	0.01481	0.01864	0.01744	0.01350	0.01768	0.01183	0.01732	0.00908	0.00645	0.00657	0.00215	0.00860	0.00585	0.00299	0.00789
46	0.12922	0.01140	0.01457	0.01133	0.01629	0.01032	0.00935	0.03047	0.01787	0.64298	0.02384	0.02092	0.01513	0.00789	0.00630	0.00204	0.00554	0.00623	0.00763	0.01069
47	0.12745	0.01014	0.01269	0.01054	0.01446	0.00933	0.00843	0.02493	0.01677	0.46203	0.07506	0.13539	0.04350	0.01038	0.00667	0.00214	0.00503	0.00862	0.00718	0.00927
48	0.09409	0.00766	0.00918	0.00898	0.01057	0.00743	0.00639	0.01449	0.01360	0.13068	0.12422	0.26809	0.03304	0.20524	0.01396	0.00337	0.00484	0.03208	0.00584	0.00625
49	0.00940	0.00705	0.01058	0.01058	0.01176	0.00823	0.00823	0.01176	0.01058	0.01528	0.01763	0.02586	0.01646	0.04937	0.74255	0.01058	0.01763	0.00705	0.00353	0.00588
50	0.03501	0.00649	0.00687	0.00678	0.00843	0.00632	0.00508	0.01405	0.01477	0.02407	0.16356	0.05556	0.10454	0.01014	0.00567	0.00176	0.00319	0.00842	0.51318	0.00609
51	0.21450	0.00899	0.00943	0.00876	0.01151	0.00893	0.00675	0.03581	0.01501	0.12288	0.11551	0.17040	0.20335	0.01271	0.00669	0.00219	0.00427	0.01052	0.02482	0.00696
52	0.00939	0.00673	0.00821	0.00881	0.01039	0.00613	0.00667	0.01119	0.01422	0.05007	0.04729	0.29385	0.32070	0.01926	0.03984	0.00286	0.00467	0.12777	0.00608	0.00584
53	0.02890	0.01223	0.01591	0.01220	0.01732	0.01119	0.01008	0.12735	0.02056	0.63444	0.02453	0.02147	0.01557	0.00811	0.00662	0.00203	0.00583	0.00652	0.00793	0.01120
54	0.00820	0.00629	0.00751	0.00805	0.00936	0.00560	0.00572	0.00994	0.01473	0.01913	0.18807	0.35606	0.30228	0.01768	0.00804	0.00238	0.00349	0.01552	0.00634	0.00560
55	0.01265	0.01064	0.01245	0.00940	0.01429	0.00819	0.00733	0.01529	0.01368	0.02082	0.04691	0.06775	0.04726	0.03988	0.00660	0.00142	0.00473	0.00591	0.00429	0.65050
56	0.01791	0.01213	0.01448	0.01059	0.01624	0.00989	0.00857	0.07438	0.01612	0.17349	0.01505	0.01568	0.01125	0.00581	0.00538	0.00128	0.00522	0.00464	0.00501	0.57689
57	0.00869	0.00664	0.00760	0.00739	0.00898	0.00596	0.00531	0.01064	0.01552	0.02034	0.31860	0.05433	0.34453	0.14260	0.01213	0.00287	0.00376	0.01238	0.00620	0.00555
58	0.00957	0.00661	0.00751	0.00749	0.00853	0.00613	0.00492	0.01057	0.01269	0.04221	0.09895	0.12255	0.24385	0.36727	0.01980	0.00419	0.00487	0.01193	0.00530	0.00507
59	0.00848	0.00617	0.00802	0.00934	0.01011	0.00578	0.00670	0.00997	0.01322	0.01730	0.03901	0.54853	0.11816	0.04031	0.00914	0.00279	0.00422	0.13126	0.00604	0.00546
60	0.01336	0.03501	0.00812	0.00695	0.00890	0.00786	0.00540	0.06376	0.01499	0.02540	0.02063	0.02342	0.01617	0.00761	0.00473	0.00156	0.00351	0.00603	0.72003	0.00657
61	0.01107	0.00873	0.01049	0.05073	0.01306	0.00763	0.00662	0.01271	0.01204	0.01718	0.02087	0.11789	0.05572	0.29400	0.01629	0.00334	0.00546	0.00844	0.00426	0.32350

[dist]
# distance from previous block
# <min> <max>
0	1

[block]
# block no. 3 follows, 33 sequences, length 38
# corresponding to MSA columns:
# 390-427
name=unknown_D
#
# <colnr> <probs for GDERKNQSTAVLIFYWHMCP>
#	G	D	E	R	K	N	Q	S	T	A	V	L	I	F	Y	W	H	M	C	P
0	0.49569	0.01594	0.06699	0.01142	0.01631	0.01628	0.01008	0.22120	0.01747	0.05724	0.01191	0.01285	0.00874	0.00672	0.00506	0.00202	0.00609	0.00446	0.00486	0.00866
1	0.00996	0.00668	0.00856	0.00917	0.01023	0.00623	0.00654	0.01145	0.01329	0.05235	0.07857	0.39313	0.07712	0.15101	0.01267	0.00323	0.00464	0.10893	0.00583	0.03042
2	0.23694	0.03724	0.01738	0.01325	0.01816	0.01740	0.03600	0.36094	0.05662	0.12092	0.01553	0.01559	0.01104	0.00735	0.00590	0.00201	0.00650	0.00545	0.00588	0.00990
3	0.02168	0.01648	0.01756	0.01400	0.01867	0.01821	0.01139	0.50718	0.16485	0.03649	0.02279	0.02203	0.08044	0.00894	0.00672	0.00205	0.00647	0.00698	0.00656	0.01051
4	0.00833	0.00632	0.00713	0.00751	0.00885	0.00561	0.00523	0.00932	0.01329	0.01648	0.04961	0.23346	0.42050	0.09766	0.01215	0.06987	0.00398	0.01397	0.00562	0.00511
5	0.00930	0.00633	0.00720	0.00737	0.00754	0.00622	0.00429	0.00952	0.01023	0.01351	0.02512	0.12524	0.06630	0.64155	0.02921	0.00573	0.00592	0.01085	0.00435	0.00423
6	0.68503	0.01255	0.01037	0.00890	0.01324	0.01382	0.00730	0.01937	0.01176	0.05000	0.01002	0.01144	0.00776	0.00601	0.00426	0.00190	0.00508	0.00370	0.00418	0.11333
7	0.02168	0.01521	0.01618	0.01278	0.01707	0.01667	0.01044	0.52449	0.02645	0.03704	0.01729	0.01810	0.01269	0.00784	0.00607	0.00186	0.00615	0.00598	0.21614	0.00987
8	0.71121	0.01253	0.01042	0.00906	0.01327	0.01409	0.00747	0.02104	0.01221	0.12249	0.01139	0.01224	0.00834	0.00638	0.00441	0.00204	0.00516	0.00397	0.00461	0.00767
9	0.00817	0.00584	0.00781	0.00934	0.00979	0.00548	0.00637	0.00943	0.01275	0.01697	0.03620	0.72438	0.04321	0.02048	0.00844	0.00269	0.00395	0.05720	0.00611	0.00539
10	0.00798	0.00668	0.00695	0.00688	0.00902	0.00564	0.00516	0.00984	0.01549	0.01892	0.15366	0.06148	0.63722	0.01625	0.00778	0.00220	0.00330	0.01363	0.00626	0.00564
11	0.00957	0.00638	0.00718	0.00718	0.00718	0.00638	0.00399	0.00957	0.00957	0.01276	0.02074	0.04308	0.02393	0.76864	0.03351	0.00638	0.00638	0.00957	0.00399	0.00399
12	0.25538	0.01189	0.01286	0.01086	0.01496	0.01241	0.00874	0.02698	0.18270	0.28409	0.09384	0.02226	0.01927	0.00829	0.00601	0.00209	0.00510	0.00647	0.00651	0.00930
13	0.01607	0.01356	0.01425	0.01287	0.01643	0.01563	0.00999	0.03354	0.66433	0.02732	0.02641	0.02456	0.01986	0.00884	0.00655	0.00218	0.00505	0.00735	0.06512	0.01011
14	0.81514	0.01273	0.00968	0.00866	0.01273	0.01477	0.00713	0.01935	0.01120	0.02954	0.00917	0.01069	0.00713	0.00611	0.00407	0.00204	0.00509	0.00356	0.00407	0.00713
15	0.00954	0.00687	0.00854	0.00816	0.00997	0.00621	0.00622	0.01227	0.01758	0.04253	0.51137	0.05316	0.22187	0.01434	0.00780	0.00215	0.00337	0.04492	0.00694	0.00618
16	0.00816	0.00649	0.00733	0.00754	0.00923	0.00565	0.00549	0.01002	0.01528	0.01941	0.20029	0.20710	0.44113	0.01682	0.00791	0.00228	0.00339	0.01448	0.00635	0.00565
17	0.00940	0.00705	0.01058	0.01058	0.01176	0.00823	0.00823	0.01176	0.01058	0.01528	0.01763	0.02586	0.01646	0.04937	0.74255	0.01058	0.01763	0.00705	0.00353	0.00588
18	0.81514	0.01273	0.00968	0.00866	0.01273	0.01477	0.00713	0.01935	0.01120	0.02954	0.00917	0.01069	0.00713	0.00611	0.00407	0.00204	0.00509	0.00356	0.00407	0.00713
19	0.00980	0.00699	0.00961	0.01108	0.01221	0.00687	0.00905	0.01217	0.01421	0.01861	0.03481	0.27873	0.03911	0.04395	0.00970	0.00304	0.00540	0.46288	0.00601	0.00578
20	0.01061	0.00758	0.01061	0.01212	0.01364	0.00758	0.01061	0.01364	0.01515	0.01970	0.03486	0.07426	0.03789	0.01819	0.00909	0.00303	0.00606	0.68326	0.00606	0.00606
21	0.13107	0.01450	0.01646	0.01278	0.01781	0.01494	0.01055	0.31838	0.02301	0.34431	0.01941	0.01804	0.01291	0.00777	0.00627	0.00201	0.00624	0.00592	0.00694	0.01066
22	0.00803	0.00589	0.00754	0.00879	0.00947	0.00541	0.00596	0.00932	0.01315	0.01728	0.06445	0.64203	0.13888	0.01983	0.00829	0.00259	0.00373	0.01781	0.00615	0.00541
23	0.81514	0.01273	0.00968	0.00866	0.01273	0.01477	0.00713	0.01935	0.01120	0.02954	0.00917	0.01069	0.00713	0.00611	0.00407	0.00204	0.00509	0.00356	0.00407	0.00713
24	0.01476	0.01408	0.02395	0.32305	0.45690	0.01524	0.01944	0.01886	0.01427	0.01965	0.01211	0.01679	0.00977	0.00615	0.00654	0.00205	0.00820	0.00586	0.00313	0.00919
25	0.01708	0.01713	0.02596	0.03819	0.66070	0.08434	0.01950	0.02078	0.01534	0.02100	0.01217	0.01588	0.01024	0.00595	0.00646	0.00193	0.00820	0.00571	0.00327	0.01016
26	0.34069	0.01130	0.01232	0.01025	0.01450	0.01130	0.00832	0.02484	0.01521	0.38440	0.02025	0.08789	0.01522	0.00852	0.00577	0.00210	0.00523	0.00655	0.00633	0.00903
27	0.02163	0.01874	0.08607	0.01491	0.02029	0.01862	0.01300	0.47160	0.17413	0.03579	0.01760	0.01740	0.01276	0.00785	0.00651	0.00200	0.00695	0.00607	0.00615	0.04192
28	0.05707	0.01118	0.01678	0.26930	0.02628	0.01166	0.06039	0.03635	0.01539	0.25094	0.02263	0.05077	0.07549	0.05692	0.00844	0.00242	0.00689	0.00751	0.00525	0.00833
29	0.04734	0.18897	0.31907	0.01405	0.02077	0.01537	0.01556	0.02076	0.01427	0.12492	0.01552	0.08523	0.01293	0.00764	0.00587	0.00189	0.00740	0.00601	0.00404	0.07239
30	0.01536	0.42175	0.29587	0.01384	0.02048	0.02007	0.01566	0.01909	0.01312	0.01713	0.01037	0.01271	0.00869	0.00750	0.00702	0.07798	0.00793	0.00423	0.00281	0.00840
31	0.01117	0.00850	0.01186	0.08186	0.01689	0.00840	0.01097	0.01432	0.01477	0.01965	0.02970	0.06113	0.03153	0.01538	0.00832	0.00269	0.00617	0.53217	0.00549	0.10903
32	0.01854	0.01115	0.01612	0.28890	0.05128	0.01180	0.01253	0.04283	0.04994	0.26808	0.02216	0.02501	0.06201	0.08000	0.00923	0.00252	0.00682	0.00710	0.00538	0.00862
33	0.12323	0.01282	0.01695	0.03644	0.01883	0.01303	0.08618	0.11186	0.11027	0.27309	0.02203	0.09132	0.01724	0.00909	0.00666	0.00217	0.00624	0.02675	0.00629	0.00950
34	0.01955	0.01079	0.01343	0.03788	0.01593	0.03666	0.00976	0.07875	0.04466	0.28756	0.07619	0.07060	0.02434	0.01260	0.00910	0.07853	0.00591	0.15292	0.00649	0.00836
35	0.02581	0.01107	0.01472	0.01164	0.01629	0.01003	0.00951	0.02963	0.07296	0.57378	0.02455	0.02248	0.01629	0.01195	0.07613	0.00281	0.00667	0.00659	0.00739	0.04970
36	0.04493	0.01326	0.04254	0.01311	0.01752	0.01255	0.05555	0.17423	0.07149	0.26109	0.16670	0.02769	0.02479	0.00934	0.00694	0.00210	0.00593	0.03386	0.00679	0.00958
37	0.11570	0.11765	0.02016	0.04095	0.01965	0.12076	0.07701	0.11167	0.06178	0.07190	0.03549	0.01583	0.01197	0.00667	0.00573	0.00175	0.00727	0.00523	0.00453	0.14830

[dist]
# distance from previous block
# <min> <max>
3	31

[block]
# block no. 4 follows, 33 sequences, length 18
# corresponding to MSA columns:
# 460-477
name=unknown_E
#
# <colnr> <probs for GDERKNQSTAVLIFYWHMCP>
#	G	D	E	R	K	N	Q	S	T	A	V	L	I	F	Y	W	H	M	C	P
0	0.06687	0.01236	0.01711	0.04400	0.01908	0.01142	0.10377	0.01975	0.07917	0.07353	0.04059	0.01958	0.01403	0.00844	0.03584	0.00200	0.02770	0.02760	0.00451	0.37265
1	0.12427	0.01502	0.01765	0.01640	0.09797	0.04192	0.05662	0.11214	0.23499	0.04825	0.01715	0.01770	0.01305	0.00702	0.00602	0.00189	0.00633	0.00579	0.00514	0.15468
2	0.03636	0.06141	0.01727	0.01315	0.01758	0.07101	0.03937	0.17114	0.22701	0.07116	0.02390	0.02329	0.09390	0.00851	0.00637	0.00193	0.00629	0.00684	0.00570	0.09780
3	0.05623	0.25128	0.02108	0.01302	0.04267	0.10155	0.01067	0.12338	0.05300	0.07654	0.01561	0.01890	0.01285	0.00746	0.00552	0.00176	0.00677	0.04620	0.09476	0.04073
4	0.01656	0.11726	0.02375	0.01655	0.02092	0.01512	0.19252	0.04907	0.04043	0.10071	0.01815	0.02737	0.01602	0.00907	0.00856	0.00217	0.09165	0.13458	0.00459	0.09495
5	0.01504	0.04431	0.02020	0.40618	0.03256	0.04084	0.01591	0.09178	0.04419	0.01961	0.01187	0.01641	0.00946	0.00802	0.01020	0.00229	0.19401	0.00576	0.00348	0.00789
6	0.02313	0.01587	0.01930	0.01498	0.01986	0.05580	0.08891	0.30587	0.07216	0.21883	0.05077	0.02159	0.04513	0.00832	0.00680	0.00204	0.00702	0.00692	0.00647	0.01024
7	0.10414	0.01680	0.01729	0.01473	0.01873	0.12935	0.08829	0.04783	0.39285	0.02509	0.02267	0.02221	0.05471	0.00831	0.00647	0.00212	0.00686	0.00687	0.00548	0.00920
8	0.00799	0.00586	0.00751	0.00882	0.00946	0.00538	0.00596	0.00921	0.01293	0.01694	0.04045	0.66841	0.13679	0.02008	0.00832	0.00261	0.00375	0.01806	0.00611	0.00538
9	0.01030	0.00826	0.01259	0.01162	0.01381	0.00779	0.08617	0.01351	0.01673	0.02265	0.34271	0.05562	0.11478	0.01450	0.00822	0.00243	0.00504	0.24058	0.00629	0.00640
10	0.01700	0.08515	0.39136	0.09980	0.02672	0.14197	0.01892	0.02265	0.03389	0.08372	0.01300	0.01476	0.00946	0.00658	0.00613	0.00198	0.00929	0.00499	0.00350	0.00915
11	0.02078	0.33504	0.02476	0.01421	0.01856	0.36516	0.01186	0.02456	0.09501	0.01714	0.01163	0.01276	0.00978	0.00655	0.00532	0.00164	0.00913	0.00430	0.00353	0.00828
12	0.01789	0.01245	0.06777	0.01089	0.01600	0.00932	0.00943	0.02153	0.03623	0.24344	0.13956	0.02284	0.02102	0.00760	0.00607	0.00161	0.00517	0.00630	0.00579	0.33909
13	0.01628	0.32973	0.06942	0.02053	0.02691	0.02046	0.38658	0.02051	0.01457	0.01877	0.01153	0.01461	0.00928	0.00562	0.00624	0.00188	0.00936	0.00588	0.00309	0.00874
14	0.01240	0.01011	0.01189	0.00927	0.01348	0.00825	0.00723	0.04248	0.01561	0.02299	0.20514	0.02769	0.07309	0.03724	0.00700	0.00160	0.00445	0.00701	0.00505	0.47802
15	0.01171	0.09309	0.01188	0.03719	0.01171	0.00878	0.00710	0.01229	0.01268	0.04620	0.10688	0.05160	0.13622	0.11923	0.01616	0.23791	0.00538	0.06410	0.00459	0.00530
16	0.12817	0.01401	0.01696	0.22832	0.02544	0.01540	0.01250	0.26327	0.01986	0.07254	0.04240	0.01712	0.01214	0.00717	0.00610	0.00194	0.00686	0.00564	0.00499	0.09918
17	0.01202	0.00870	0.01065	0.03908	0.01277	0.00814	0.00699	0.05145	0.01348	0.04862	0.05832	0.14728	0.04855	0.24427	0.07012	0.00386	0.00630	0.00930	0.00479	0.19532

[dist]
# distance from previous block
# <min> <max>
0	64

# created by:
# /home/cegg/simao/soft/augustus-3.2.1/scripts/msa2prfl.pl ./align_prep/EOG090W0D6S.fa
