[name]
unknown

[dist]
# distance from previous block
# <min> <max>
0	136

[block]
# block no. 0 follows, 33 sequences, length 39
# corresponding to MSA columns:
# 191-211,218-235
name=unknown_A
#
# <colnr> <probs for GDERKNQSTAVLIFYWHMCP>
#	G	D	E	R	K	N	Q	S	T	A	V	L	I	F	Y	W	H	M	C	P
0	0.08394	0.01165	0.01518	0.05596	0.07005	0.01113	0.02988	0.05815	0.04026	0.10645	0.01887	0.02798	0.01660	0.01042	0.03802	0.00229	0.00652	0.13921	0.00496	0.25248
1	0.17844	0.01633	0.04698	0.01801	0.16109	0.07595	0.02852	0.11422	0.01664	0.07464	0.01280	0.01445	0.00985	0.00620	0.00562	0.00173	0.00683	0.00486	0.00436	0.20249
2	0.01552	0.03921	0.10914	0.12064	0.25257	0.04498	0.20682	0.02111	0.05846	0.02071	0.01318	0.01667	0.01030	0.00610	0.00671	0.00203	0.00894	0.00617	0.00341	0.03734
3	0.01629	0.01564	0.02672	0.04041	0.72757	0.01564	0.02020	0.02020	0.01499	0.02151	0.01238	0.01629	0.01043	0.00587	0.00652	0.00196	0.00782	0.00587	0.00326	0.01043
4	0.02499	0.01944	0.01967	0.01529	0.02041	0.07595	0.01253	0.65335	0.03001	0.03954	0.01537	0.01550	0.01099	0.00782	0.00654	0.00195	0.00760	0.00580	0.00634	0.01092
5	0.01145	0.00995	0.01178	0.01319	0.09820	0.04948	0.00874	0.01582	0.09212	0.02254	0.30130	0.10062	0.17407	0.01313	0.00753	0.00219	0.00467	0.05008	0.00611	0.00705
6	0.01031	0.00686	0.00830	0.00827	0.00909	0.00669	0.00545	0.03013	0.01293	0.04421	0.14247	0.18988	0.06642	0.37768	0.04886	0.00459	0.00561	0.01172	0.00527	0.00525
7	0.00967	0.00657	0.00842	0.00862	0.00966	0.00631	0.00616	0.01100	0.03977	0.01787	0.17646	0.18362	0.16022	0.04868	0.03882	0.21509	0.00480	0.03783	0.00534	0.00509
8	0.02440	0.01235	0.01512	0.01237	0.01693	0.01229	0.00997	0.03321	0.29069	0.45726	0.02629	0.02325	0.01778	0.00845	0.00665	0.00211	0.00545	0.00694	0.00758	0.01090
9	0.00940	0.00705	0.01058	0.01058	0.01176	0.00823	0.00823	0.01176	0.01058	0.01528	0.01763	0.02586	0.01646	0.04937	0.74255	0.01058	0.01763	0.00705	0.00353	0.00588
10	0.00961	0.00658	0.00801	0.00806	0.00920	0.00608	0.00555	0.01121	0.01434	0.04689	0.24786	0.21219	0.16002	0.20788	0.01443	0.00333	0.00424	0.01300	0.00600	0.00553
11	0.00881	0.00584	0.00757	0.00866	0.00903	0.00557	0.00570	0.00955	0.01191	0.01626	0.03101	0.55477	0.03632	0.11687	0.01304	0.07867	0.00428	0.01552	0.05561	0.00499
12	0.01144	0.00572	0.00858	0.00858	0.00858	0.00572	0.00572	0.00858	0.00858	0.01144	0.01144	0.02001	0.01144	0.02287	0.02573	0.80846	0.00572	0.00572	0.00286	0.00286
13	0.00838	0.00596	0.00793	0.00930	0.00982	0.00563	0.00642	0.00972	0.01293	0.01726	0.06302	0.64062	0.04288	0.05456	0.00959	0.00285	0.00411	0.07757	0.00605	0.00538
14	0.03408	0.00660	0.00736	0.00728	0.00761	0.00661	0.00431	0.01037	0.01062	0.01500	0.08359	0.04185	0.02655	0.64500	0.02906	0.00566	0.00591	0.00945	0.03873	0.00438
15	0.74980	0.01222	0.00947	0.00854	0.01228	0.01409	0.00687	0.01856	0.01107	0.02818	0.01011	0.01332	0.00849	0.06796	0.00646	0.00239	0.00520	0.00405	0.00407	0.00687
16	0.81514	0.01273	0.00968	0.00866	0.01273	0.01477	0.00713	0.01935	0.01120	0.02954	0.00917	0.01069	0.00713	0.00611	0.00407	0.00204	0.00509	0.00356	0.00407	0.00713
17	0.00869	0.00654	0.00761	0.00776	0.00903	0.00591	0.00534	0.01017	0.01388	0.01817	0.17261	0.21950	0.26217	0.18492	0.01360	0.00320	0.00413	0.01341	0.00579	0.02758
18	0.00946	0.00637	0.00732	0.00738	0.00751	0.00631	0.00428	0.00975	0.01039	0.01396	0.07041	0.08844	0.02780	0.66975	0.03016	0.00585	0.00600	0.01030	0.00435	0.00423
19	0.81514	0.01273	0.00968	0.00866	0.01273	0.01477	0.00713	0.01935	0.01120	0.02954	0.00917	0.01069	0.00713	0.00611	0.00407	0.00204	0.00509	0.00356	0.00407	0.00713
20	0.05231	0.00794	0.01034	0.00987	0.01208	0.00728	0.00733	0.01744	0.01524	0.25066	0.10845	0.40899	0.03509	0.01511	0.00755	0.00237	0.00438	0.01333	0.00681	0.00743
21	0.01440	0.01440	0.02016	0.01728	0.01728	0.02016	0.01440	0.01584	0.01008	0.01584	0.00864	0.01440	0.00864	0.01152	0.02160	0.00288	0.75659	0.00576	0.00288	0.00720
22	0.01396	0.01380	0.01929	0.01672	0.01674	0.01913	0.01382	0.01538	0.01026	0.01591	0.01058	0.06691	0.01109	0.01216	0.02068	0.00287	0.70389	0.00667	0.00311	0.00707
23	0.00888	0.00627	0.00758	0.00797	0.00857	0.00595	0.00516	0.00996	0.01269	0.01701	0.16033	0.27312	0.09921	0.32632	0.01855	0.00405	0.00470	0.01327	0.00545	0.00497
24	0.00940	0.00705	0.01058	0.01058	0.01176	0.00823	0.00823	0.01176	0.01058	0.01528	0.01763	0.02586	0.01646	0.04937	0.74255	0.01058	0.01763	0.00705	0.00353	0.00588
25	0.00802	0.00573	0.00764	0.00917	0.00955	0.00535	0.00611	0.00917	0.01260	0.01681	0.03628	0.76434	0.04354	0.02062	0.00840	0.00267	0.00382	0.01872	0.00611	0.00535
26	0.30473	0.01830	0.19948	0.16019	0.02406	0.01586	0.01507	0.01860	0.01208	0.02230	0.01025	0.01355	0.00804	0.00723	0.00832	0.00223	0.14382	0.00475	0.00330	0.00785
27	0.01271	0.01225	0.02146	0.68762	0.04436	0.01481	0.07991	0.01720	0.01338	0.01720	0.01185	0.01757	0.00888	0.00649	0.00669	0.00220	0.00898	0.00602	0.00296	0.00745
28	0.01705	0.72979	0.03294	0.01101	0.01645	0.02490	0.01091	0.01914	0.01347	0.01562	0.01237	0.01351	0.04850	0.00625	0.00442	0.00145	0.00683	0.00410	0.00300	0.00829
29	0.04590	0.16789	0.04038	0.24716	0.06664	0.01481	0.01291	0.03754	0.01476	0.11412	0.02234	0.05516	0.11715	0.00866	0.00625	0.00201	0.00677	0.00711	0.00437	0.00808
30	0.01474	0.01567	0.02851	0.08811	0.02749	0.01809	0.32394	0.01828	0.01281	0.01828	0.01101	0.01619	0.00926	0.00840	0.01405	0.00252	0.35493	0.00667	0.00309	0.00796
31	0.13455	0.01141	0.01453	0.01130	0.01626	0.01036	0.00934	0.03038	0.01782	0.63822	0.02373	0.02084	0.01507	0.00788	0.00628	0.00204	0.00553	0.00621	0.00760	0.01066
32	0.00930	0.00637	0.00716	0.00726	0.00750	0.00623	0.00422	0.00954	0.01030	0.01352	0.02628	0.09117	0.09450	0.64648	0.02936	0.00573	0.00592	0.01058	0.00433	0.00423
33	0.00933	0.00648	0.00831	0.00858	0.00986	0.00591	0.00615	0.01146	0.01578	0.04658	0.34457	0.34008	0.12918	0.01655	0.00798	0.00233	0.00351	0.01471	0.00669	0.00596
34	0.01177	0.00689	0.00948	0.00931	0.00995	0.00730	0.00655	0.01233	0.09110	0.01433	0.01443	0.02149	0.01332	0.02418	0.11789	0.57741	0.00714	0.00611	0.03474	0.00427
35	0.01194	0.00624	0.00868	0.00852	0.00893	0.00611	0.00573	0.01026	0.00975	0.05243	0.01660	0.02762	0.03932	0.16410	0.02504	0.55901	0.00577	0.02663	0.00358	0.00373
36	0.01756	0.01183	0.01251	0.01060	0.01379	0.01283	0.00841	0.29009	0.09461	0.03123	0.02043	0.05289	0.01612	0.00845	0.00577	0.00183	0.00498	0.00673	0.37079	0.00855
37	0.01730	0.01460	0.01541	0.01358	0.01747	0.01681	0.01064	0.10683	0.64232	0.02903	0.02562	0.02362	0.01914	0.00882	0.00669	0.00221	0.00543	0.00728	0.00669	0.01050
38	0.00836	0.00600	0.00766	0.00886	0.00940	0.00563	0.00598	0.00950	0.01252	0.01649	0.03653	0.56955	0.09577	0.12323	0.01185	0.00317	0.00426	0.05421	0.00582	0.00522

[dist]
# distance from previous block
# <min> <max>
5	6

[block]
# block no. 1 follows, 33 sequences, length 34
# corresponding to MSA columns:
# 242-275
name=unknown_B
#
# <colnr> <probs for GDERKNQSTAVLIFYWHMCP>
#	G	D	E	R	K	N	Q	S	T	A	V	L	I	F	Y	W	H	M	C	P
0	0.81514	0.01273	0.00968	0.00866	0.01273	0.01477	0.00713	0.01935	0.01120	0.02954	0.00917	0.01069	0.00713	0.00611	0.00407	0.00204	0.00509	0.00356	0.00407	0.00713
1	0.01143	0.00576	0.00842	0.00842	0.00850	0.00576	0.00562	0.00894	0.00886	0.01212	0.01217	0.02082	0.01202	0.04086	0.02488	0.74822	0.00560	0.00584	0.04274	0.00305
2	0.00829	0.00598	0.00760	0.00873	0.00931	0.00558	0.00586	0.00946	0.01271	0.01677	0.05802	0.56965	0.10671	0.11145	0.01141	0.00308	0.00412	0.03412	0.00588	0.00525
3	0.13070	0.01234	0.01711	0.42403	0.03208	0.01431	0.01417	0.10295	0.01561	0.11369	0.01413	0.01824	0.01055	0.04448	0.00756	0.00233	0.00754	0.00582	0.00426	0.00810
4	0.01613	0.52636	0.26789	0.01376	0.02076	0.02246	0.01562	0.02009	0.01355	0.01728	0.01004	0.01167	0.00841	0.00584	0.00490	0.00163	0.00794	0.00397	0.00280	0.00888
5	0.00839	0.00643	0.00738	0.00782	0.00929	0.00573	0.00566	0.01010	0.01446	0.01855	0.12803	0.25231	0.37188	0.05464	0.00920	0.00256	0.00372	0.04778	0.03052	0.00554
6	0.01006	0.00709	0.00861	0.00851	0.00919	0.00743	0.00563	0.01209	0.06579	0.01541	0.06383	0.06078	0.04147	0.44505	0.16607	0.04623	0.00810	0.00926	0.00437	0.00502
7	0.01327	0.01116	0.01822	0.26505	0.11672	0.01239	0.07238	0.01690	0.02687	0.05080	0.01750	0.09110	0.01596	0.05010	0.06945	0.00313	0.04904	0.03519	0.05730	0.00748
8	0.00781	0.00656	0.00678	0.00695	0.00897	0.00553	0.00513	0.00942	0.01474	0.01767	0.06328	0.14204	0.64842	0.01712	0.00785	0.00227	0.00339	0.01444	0.00611	0.00553
9	0.01383	0.01196	0.01452	0.01179	0.06305	0.00923	0.00863	0.01682	0.01374	0.02146	0.01175	0.01383	0.00980	0.00494	0.00498	0.00104	0.00507	0.00403	0.00386	0.75567
10	0.05258	0.04952	0.19569	0.20965	0.02747	0.01581	0.01598	0.12030	0.13022	0.07991	0.01567	0.01737	0.01141	0.00744	0.00667	0.01719	0.00767	0.00574	0.00448	0.00923
11	0.00951	0.00710	0.01058	0.01071	0.01192	0.00817	0.00843	0.01192	0.01097	0.01566	0.01910	0.02999	0.01829	0.04671	0.67996	0.00994	0.01665	0.06476	0.00374	0.00589
12	0.00914	0.00672	0.00855	0.00809	0.00973	0.00614	0.00607	0.01208	0.01821	0.02540	0.64754	0.05083	0.13930	0.01383	0.00777	0.00209	0.00313	0.01214	0.00711	0.00614
13	0.07158	0.01285	0.01999	0.31657	0.18712	0.01378	0.03389	0.03850	0.01540	0.20329	0.01550	0.01803	0.01106	0.00680	0.00644	0.00209	0.00753	0.00595	0.00452	0.00913
14	0.01808	0.59932	0.13086	0.01236	0.01851	0.02304	0.01295	0.02101	0.01395	0.08189	0.01107	0.01211	0.00915	0.00595	0.00473	0.00156	0.00729	0.00399	0.00330	0.00888
15	0.02649	0.01049	0.01418	0.01111	0.01565	0.00913	0.00908	0.02912	0.01865	0.62232	0.11128	0.02575	0.02192	0.00878	0.00669	0.00202	0.00521	0.00725	0.03442	0.01042
16	0.02459	0.03138	0.01866	0.01696	0.02035	0.74221	0.01272	0.02629	0.01866	0.01611	0.01018	0.01187	0.00848	0.00678	0.00594	0.00170	0.01187	0.00424	0.00339	0.00763
17	0.04904	0.14023	0.35141	0.01806	0.05262	0.17908	0.04924	0.02161	0.01473	0.01917	0.01090	0.01311	0.00851	0.00645	0.00651	0.00193	0.04083	0.00468	0.00302	0.00885
18	0.01742	0.66463	0.07923	0.01210	0.01768	0.02464	0.01226	0.01986	0.01336	0.03260	0.00969	0.01127	0.00864	0.00606	0.00537	0.00155	0.04839	0.00380	0.00294	0.00853
19	0.01556	0.01409	0.08025	0.04189	0.03978	0.01038	0.01047	0.04730	0.01489	0.08642	0.01320	0.01479	0.01026	0.00552	0.00535	0.00129	0.00573	0.00446	0.00424	0.57415
20	0.01879	0.10960	0.10085	0.14772	0.14130	0.11988	0.09627	0.03907	0.01593	0.12839	0.01377	0.01603	0.01027	0.00650	0.00631	0.00195	0.00871	0.00558	0.00395	0.00913
21	0.00995	0.00750	0.01047	0.00989	0.01062	0.00812	0.03798	0.01115	0.01036	0.01436	0.01943	0.06712	0.02083	0.41162	0.27856	0.00732	0.04697	0.00884	0.00384	0.00509
22	0.00975	0.00801	0.00914	0.02627	0.01173	0.04300	0.00748	0.01198	0.01539	0.01973	0.18887	0.22297	0.21529	0.01653	0.00810	0.00245	0.00457	0.16667	0.00614	0.00591
23	0.01673	0.02476	0.34084	0.02483	0.22165	0.05540	0.08474	0.06319	0.01599	0.07038	0.01323	0.01551	0.00980	0.00634	0.00650	0.00203	0.00901	0.00557	0.00359	0.00992
24	0.01497	0.10957	0.23915	0.03992	0.17097	0.01530	0.09155	0.04868	0.01491	0.03762	0.03185	0.02005	0.04709	0.00830	0.00781	0.05820	0.00808	0.02356	0.00360	0.00881
25	0.00988	0.00722	0.00917	0.00926	0.00950	0.00780	0.00629	0.01049	0.01104	0.01506	0.05557	0.22776	0.02893	0.37695	0.02287	0.04448	0.09639	0.04187	0.00459	0.00487
26	0.04001	0.01167	0.01494	0.05688	0.18469	0.03421	0.01113	0.10618	0.01769	0.02379	0.16201	0.03784	0.21994	0.01120	0.00713	0.00211	0.00562	0.03974	0.00538	0.00782
27	0.03735	0.04892	0.11888	0.08832	0.10253	0.03385	0.11647	0.06765	0.06002	0.12710	0.01761	0.01937	0.04656	0.00769	0.00800	0.00214	0.07748	0.00642	0.00445	0.00920
28	0.01525	0.01391	0.02330	0.24220	0.39275	0.01470	0.05463	0.01995	0.04954	0.04892	0.01620	0.01973	0.04613	0.00684	0.00668	0.00207	0.00783	0.00647	0.00368	0.00923
29	0.00915	0.00664	0.00868	0.00936	0.01056	0.00626	0.00714	0.01140	0.01525	0.02047	0.25163	0.26748	0.10891	0.04759	0.00934	0.00269	0.00425	0.19106	0.00637	0.00577
30	0.01305	0.01266	0.02227	0.49945	0.12318	0.01451	0.10901	0.01724	0.01365	0.01796	0.01440	0.05254	0.02841	0.00737	0.00721	0.00221	0.02700	0.00689	0.00324	0.00776
31	0.01865	0.01562	0.07183	0.05224	0.06038	0.06355	0.06254	0.08179	0.10710	0.17292	0.02040	0.02328	0.04751	0.09141	0.01100	0.00261	0.07610	0.00696	0.00517	0.00892
32	0.01983	0.02304	0.01779	0.01583	0.01833	0.43393	0.03068	0.04995	0.01607	0.01695	0.01182	0.01631	0.01061	0.06077	0.10089	0.00331	0.13775	0.00534	0.00349	0.00730
33	0.06849	0.08193	0.05198	0.24666	0.28940	0.01551	0.03349	0.01916	0.01401	0.03937	0.01199	0.01569	0.00954	0.00607	0.00606	0.00192	0.00772	0.00537	0.00334	0.07230

[dist]
# distance from previous block
# <min> <max>
0	5

[block]
# block no. 2 follows, 33 sequences, length 34
# corresponding to MSA columns:
# 296-305,308-312,315-333
name=unknown_C
#
# <colnr> <probs for GDERKNQSTAVLIFYWHMCP>
#	G	D	E	R	K	N	Q	S	T	A	V	L	I	F	Y	W	H	M	C	P
0	0.11393	0.01200	0.01351	0.01299	0.04934	0.01299	0.00973	0.08984	0.26440	0.08301	0.09403	0.08804	0.04663	0.01073	0.00684	0.00225	0.00525	0.06945	0.00625	0.00879
1	0.04378	0.01306	0.01465	0.03287	0.12330	0.09652	0.01034	0.05607	0.07800	0.06499	0.15046	0.06163	0.05941	0.01105	0.00883	0.09276	0.00608	0.00779	0.00510	0.06331
2	0.01243	0.01170	0.01975	0.75282	0.04534	0.01463	0.01828	0.01682	0.01316	0.01682	0.01170	0.01755	0.00878	0.00658	0.00658	0.00219	0.00878	0.00585	0.00293	0.00731
3	0.01076	0.00836	0.00809	0.00795	0.00822	0.06452	0.00468	0.01089	0.01029	0.01303	0.01991	0.04062	0.02271	0.70844	0.03133	0.00601	0.00682	0.00915	0.00394	0.00428
4	0.05063	0.00788	0.00917	0.00913	0.01099	0.00787	0.00682	0.01617	0.09896	0.07202	0.13874	0.24495	0.08662	0.03408	0.00782	0.00235	0.00410	0.05039	0.13456	0.00674
5	0.52981	0.01221	0.01107	0.00982	0.01359	0.01360	0.00798	0.07524	0.03843	0.09402	0.01514	0.04514	0.01294	0.04204	0.00643	0.00233	0.00540	0.05218	0.00495	0.00767
6	0.06526	0.01389	0.11383	0.01419	0.01865	0.01098	0.09377	0.04262	0.01616	0.21007	0.02362	0.03605	0.02050	0.01053	0.00716	0.00233	0.00678	0.21626	0.06888	0.00849
7	0.01016	0.00792	0.00887	0.00883	0.01055	0.03234	0.00647	0.01330	0.06035	0.04234	0.28294	0.23823	0.22200	0.01550	0.00777	0.00227	0.00387	0.01351	0.00651	0.00628
8	0.04078	0.00801	0.01008	0.01013	0.01203	0.00779	0.00817	0.03375	0.01552	0.08981	0.14668	0.05538	0.10180	0.13043	0.01200	0.00315	0.00532	0.29666	0.00609	0.00640
9	0.00971	0.00755	0.00885	0.00846	0.01038	0.00720	0.00637	0.01399	0.09484	0.02326	0.40494	0.05109	0.24825	0.04460	0.00873	0.00234	0.00363	0.03271	0.00669	0.00640
10	0.42126	0.01354	0.01345	0.01093	0.01555	0.01456	0.00902	0.17229	0.01766	0.23063	0.01536	0.01512	0.01060	0.00708	0.00534	0.00202	0.00570	0.00494	0.00577	0.00917
11	0.00973	0.00748	0.01103	0.01085	0.01190	0.00890	0.00843	0.01191	0.01050	0.01520	0.01721	0.02592	0.01630	0.07947	0.66524	0.00991	0.06356	0.00709	0.00351	0.00588
12	0.00973	0.00710	0.00875	0.00934	0.01039	0.00695	0.00651	0.07252	0.01437	0.01903	0.05241	0.52488	0.11026	0.07264	0.03964	0.00313	0.00480	0.01577	0.00593	0.00585
13	0.01069	0.00598	0.00802	0.00802	0.00802	0.00598	0.00502	0.00898	0.00898	0.01197	0.01516	0.02926	0.01644	0.32171	0.02885	0.48706	0.00598	0.00726	0.00331	0.00331
14	0.59680	0.01289	0.01159	0.00978	0.01415	0.01423	0.00807	0.07748	0.01430	0.16850	0.01301	0.01341	0.00926	0.00666	0.00478	0.00203	0.00537	0.00436	0.00508	0.00826
15	0.04609	0.01962	0.11891	0.02205	0.02851	0.01735	0.38483	0.19550	0.05295	0.02685	0.01427	0.01686	0.01048	0.00642	0.00710	0.00214	0.00945	0.00677	0.00428	0.00959
16	0.00880	0.00641	0.00840	0.00938	0.01041	0.00601	0.00698	0.01078	0.01455	0.01936	0.17026	0.40742	0.11619	0.01833	0.00837	0.00259	0.00411	0.15965	0.00632	0.00569
17	0.01014	0.00684	0.00834	0.00826	0.00975	0.00639	0.00609	0.01220	0.01500	0.05202	0.25392	0.09870	0.18982	0.14583	0.03823	0.00324	0.00466	0.07249	0.05225	0.00582
18	0.05277	0.01275	0.03153	0.13984	0.02038	0.06676	0.01207	0.10004	0.01557	0.02092	0.02142	0.10703	0.03664	0.01421	0.04239	0.02544	0.09186	0.17662	0.00466	0.00711
19	0.01350	0.01069	0.01164	0.01134	0.01353	0.05694	0.00901	0.15079	0.01781	0.02314	0.06037	0.18542	0.10710	0.03328	0.03815	0.00287	0.00619	0.20940	0.03189	0.00695
20	0.02933	0.01153	0.01548	0.01187	0.01697	0.01016	0.00980	0.06249	0.01939	0.70095	0.02551	0.02211	0.01607	0.00814	0.00662	0.00203	0.00568	0.00659	0.00808	0.01120
21	0.00801	0.00668	0.00698	0.00691	0.00903	0.00565	0.00518	0.00989	0.01554	0.01906	0.16386	0.06126	0.62694	0.01620	0.00778	0.00220	0.00330	0.01360	0.00628	0.00565
22	0.01365	0.01170	0.01365	0.00975	0.01560	0.00878	0.00780	0.01658	0.01365	0.02145	0.01170	0.01365	0.00975	0.00488	0.00488	0.00098	0.00488	0.00390	0.00390	0.80888
23	0.01456	0.04339	0.28393	0.04570	0.11539	0.04707	0.14519	0.03542	0.01472	0.02064	0.01366	0.05848	0.01140	0.00797	0.02625	0.00220	0.00902	0.00628	0.00340	0.09532
24	0.01640	0.41282	0.25244	0.01394	0.02059	0.02084	0.01523	0.02253	0.10976	0.04017	0.01291	0.01388	0.01024	0.00636	0.00528	0.00175	0.00760	0.00457	0.00349	0.00920
25	0.03923	0.04793	0.44089	0.01485	0.02162	0.03015	0.01728	0.01784	0.01432	0.02080	0.08968	0.09776	0.07004	0.00915	0.00654	0.00208	0.00760	0.00752	0.00392	0.04079
26	0.00936	0.00682	0.00808	0.00798	0.00906	0.00657	0.00549	0.01138	0.03458	0.01862	0.23980	0.07052	0.15938	0.30835	0.05067	0.00420	0.00525	0.03304	0.00553	0.00531
27	0.14565	0.01123	0.01193	0.01078	0.01321	0.06568	0.00830	0.07148	0.01438	0.12991	0.04263	0.06016	0.01756	0.08524	0.11950	0.11751	0.02597	0.03714	0.00486	0.00688
28	0.68935	0.04095	0.01151	0.00954	0.01366	0.07242	0.00783	0.02048	0.01221	0.05944	0.01000	0.01131	0.00769	0.00624	0.00434	0.00199	0.00572	0.00375	0.00416	0.00740
29	0.00903	0.00702	0.00807	0.00785	0.00971	0.00626	0.00575	0.01067	0.01395	0.01803	0.12328	0.08529	0.36123	0.12537	0.05962	0.02775	0.00501	0.04177	0.00550	0.06884
30	0.02053	0.28972	0.02342	0.01428	0.01830	0.39684	0.01174	0.02324	0.04987	0.01638	0.01121	0.01313	0.00966	0.00985	0.06357	0.00232	0.01030	0.00436	0.00336	0.00792
31	0.01049	0.00669	0.00838	0.00847	0.00887	0.00679	0.00546	0.01128	0.06579	0.01455	0.04403	0.14119	0.02365	0.32357	0.02421	0.27280	0.00558	0.00955	0.00425	0.00440
32	0.13932	0.07478	0.02174	0.24957	0.13139	0.04606	0.07785	0.09066	0.06645	0.02303	0.01281	0.01588	0.00991	0.00655	0.00609	0.00204	0.00785	0.00555	0.00385	0.00861
33	0.01077	0.00800	0.01040	0.00971	0.01053	0.00864	0.00692	0.01130	0.01061	0.01494	0.03784	0.08795	0.03619	0.28201	0.11108	0.13305	0.11697	0.00844	0.00389	0.08073

[dist]
# distance from previous block
# <min> <max>
2	3

[block]
# block no. 3 follows, 33 sequences, length 40
# corresponding to MSA columns:
# 337-376
name=unknown_D
#
# <colnr> <probs for GDERKNQSTAVLIFYWHMCP>
#	G	D	E	R	K	N	Q	S	T	A	V	L	I	F	Y	W	H	M	C	P
0	0.01053	0.00676	0.00873	0.00850	0.00958	0.00669	0.00609	0.01062	0.01168	0.04139	0.05531	0.03731	0.22945	0.10467	0.12331	0.28261	0.02853	0.00903	0.00440	0.00478
1	0.00973	0.00687	0.00821	0.00870	0.00944	0.00680	0.00576	0.03527	0.04609	0.01761	0.05723	0.38970	0.05842	0.25811	0.01609	0.00373	0.00475	0.01386	0.03821	0.00543
2	0.03617	0.00819	0.00902	0.00839	0.01078	0.00782	0.00642	0.04287	0.08372	0.03941	0.28017	0.05025	0.36452	0.01395	0.00748	0.00215	0.00371	0.01178	0.00655	0.00666
3	0.01365	0.01170	0.01365	0.00975	0.01560	0.00878	0.00780	0.01658	0.01365	0.02145	0.01170	0.01365	0.00975	0.00488	0.00488	0.00098	0.00488	0.00390	0.00390	0.80888
4	0.01220	0.00698	0.00890	0.00892	0.01029	0.00641	0.00621	0.01355	0.01374	0.14213	0.08941	0.36884	0.09000	0.17527	0.01328	0.00326	0.00458	0.01373	0.00611	0.00617
5	0.18368	0.00944	0.01093	0.00935	0.01239	0.00919	0.00724	0.02009	0.01577	0.26420	0.23104	0.03117	0.02930	0.12590	0.01056	0.00271	0.00487	0.00802	0.00639	0.00775
6	0.01244	0.00848	0.00900	0.00831	0.01058	0.03850	0.00635	0.03138	0.03168	0.08589	0.26038	0.04298	0.24009	0.01223	0.00688	0.00199	0.00391	0.01026	0.17197	0.00671
7	0.02878	0.01242	0.01603	0.01229	0.01741	0.01148	0.01015	0.14544	0.02088	0.61590	0.02426	0.02130	0.01544	0.00811	0.00661	0.00203	0.00588	0.00650	0.00789	0.01120
8	0.00819	0.00595	0.00786	0.00904	0.00968	0.00562	0.00619	0.00959	0.01302	0.01740	0.08299	0.61779	0.08822	0.02191	0.06008	0.00316	0.00471	0.01712	0.00600	0.00546
9	0.77801	0.01266	0.00994	0.00880	0.01292	0.01453	0.00725	0.01995	0.01156	0.06274	0.00996	0.01125	0.00756	0.00621	0.00419	0.00204	0.00512	0.00371	0.00427	0.00732
10	0.00987	0.00741	0.00923	0.00865	0.01045	0.00711	0.00652	0.01432	0.08313	0.02594	0.61645	0.04782	0.10146	0.01325	0.00767	0.00210	0.00332	0.01162	0.00712	0.00656
11	0.01144	0.00572	0.00858	0.00858	0.00858	0.00572	0.00572	0.00858	0.00858	0.01144	0.01144	0.02001	0.01144	0.02287	0.02573	0.80846	0.00572	0.00572	0.00286	0.00286
12	0.01514	0.01135	0.01273	0.01160	0.01465	0.01223	0.00900	0.07012	0.35450	0.08221	0.11503	0.11769	0.09304	0.01181	0.00721	0.00227	0.00483	0.03908	0.00672	0.00880
13	0.00924	0.00673	0.00870	0.00821	0.00979	0.00618	0.00615	0.01228	0.01846	0.02599	0.69303	0.04985	0.09344	0.01361	0.00777	0.00208	0.00312	0.01200	0.00719	0.00618
14	0.81514	0.01273	0.00968	0.00866	0.01273	0.01477	0.00713	0.01935	0.01120	0.02954	0.00917	0.01069	0.00713	0.00611	0.00407	0.00204	0.00509	0.00356	0.00407	0.00713
15	0.02459	0.03138	0.01866	0.01696	0.02035	0.74221	0.01272	0.02629	0.01866	0.01611	0.01018	0.01187	0.00848	0.00678	0.00594	0.00170	0.01187	0.00424	0.00339	0.00763
16	0.00837	0.00694	0.00739	0.00734	0.00949	0.00606	0.00559	0.01079	0.03569	0.01933	0.15388	0.06082	0.58109	0.01608	0.00781	0.00224	0.00349	0.04550	0.00628	0.00581
17	0.81514	0.01273	0.00968	0.00866	0.01273	0.01477	0.00713	0.01935	0.01120	0.02954	0.00917	0.01069	0.00713	0.00611	0.00407	0.00204	0.00509	0.00356	0.00407	0.00713
18	0.01323	0.01247	0.02011	0.58770	0.06962	0.01569	0.01761	0.03434	0.01321	0.01750	0.01135	0.01696	0.00889	0.00736	0.00894	0.00229	0.12634	0.00584	0.00303	0.00753
19	0.01331	0.03334	0.70430	0.01915	0.02875	0.01535	0.05384	0.02086	0.01397	0.02086	0.01188	0.01407	0.00841	0.00622	0.00632	0.00209	0.00979	0.00499	0.00280	0.00969
20	0.01498	0.01895	0.16672	0.13995	0.18832	0.01545	0.24615	0.04788	0.01527	0.02149	0.01309	0.01692	0.00999	0.00613	0.00679	0.00208	0.00916	0.00632	0.04528	0.00910
21	0.81514	0.01273	0.00968	0.00866	0.01273	0.01477	0.00713	0.01935	0.01120	0.02954	0.00917	0.01069	0.00713	0.00611	0.00407	0.00204	0.00509	0.00356	0.00407	0.00713
22	0.04964	0.04626	0.01726	0.01444	0.06237	0.01614	0.01096	0.38549	0.06355	0.03388	0.20335	0.02476	0.02487	0.00914	0.00671	0.00199	0.00598	0.00740	0.00630	0.00951
23	0.00886	0.00677	0.00766	0.00764	0.00930	0.00590	0.00537	0.00991	0.01312	0.01665	0.04520	0.19090	0.37529	0.12083	0.01275	0.07162	0.00418	0.01274	0.00536	0.06993
24	0.01202	0.00732	0.01089	0.01211	0.07879	0.00759	0.00754	0.01099	0.03560	0.01337	0.01308	0.04239	0.01298	0.04869	0.02281	0.61803	0.03214	0.00633	0.00318	0.00414
25	0.01122	0.00835	0.01217	0.01130	0.01189	0.00949	0.03628	0.01122	0.01083	0.01498	0.05135	0.14773	0.06026	0.05482	0.04982	0.30630	0.17414	0.00897	0.00389	0.00498
26	0.01918	0.01064	0.01254	0.00998	0.01417	0.00972	0.00800	0.07589	0.06528	0.24136	0.02024	0.02039	0.01463	0.00720	0.00559	0.00163	0.00478	0.00578	0.23633	0.21669
27	0.00884	0.00604	0.00788	0.00903	0.00977	0.00555	0.00616	0.01013	0.01321	0.04367	0.05858	0.65923	0.09809	0.01963	0.00827	0.00260	0.00383	0.01768	0.00622	0.00561
28	0.04443	0.00702	0.00854	0.00858	0.01010	0.00657	0.00620	0.01277	0.01471	0.08044	0.20941	0.26579	0.13784	0.09982	0.01055	0.00277	0.00412	0.03648	0.02780	0.00606
29	0.19324	0.01184	0.01383	0.01115	0.01566	0.01165	0.00910	0.06281	0.07902	0.43614	0.07118	0.02166	0.01766	0.00815	0.00617	0.00205	0.00537	0.00638	0.00701	0.00992
30	0.05588	0.01252	0.01579	0.01221	0.01726	0.01179	0.01007	0.14057	0.04184	0.57441	0.02377	0.02100	0.01527	0.00806	0.00653	0.00203	0.00584	0.00643	0.00771	0.01104
31	0.00941	0.00696	0.01010	0.01018	0.01127	0.00782	0.00779	0.01162	0.01131	0.01608	0.06753	0.05658	0.02197	0.09961	0.58244	0.00909	0.01482	0.03565	0.00401	0.00575
32	0.04068	0.00873	0.01122	0.01008	0.01283	0.00809	0.00779	0.04604	0.01688	0.28482	0.15976	0.23631	0.03289	0.01289	0.00723	0.00222	0.00455	0.03446	0.05451	0.00802
33	0.05188	0.01049	0.01208	0.01038	0.01368	0.01055	0.00815	0.08351	0.13505	0.22082	0.05567	0.04861	0.05572	0.07265	0.00863	0.00238	0.00504	0.03120	0.13797	0.02553
34	0.00979	0.00736	0.01061	0.01051	0.01184	0.00841	0.00816	0.03377	0.01149	0.01628	0.02028	0.05294	0.04689	0.04567	0.66257	0.00968	0.01622	0.00771	0.00382	0.00602
35	0.01303	0.01105	0.01299	0.00969	0.01494	0.00840	0.00762	0.01576	0.01354	0.02094	0.01439	0.09588	0.01345	0.00660	0.00526	0.00116	0.00476	0.00552	0.00414	0.72087
36	0.01369	0.00991	0.01140	0.01065	0.01306	0.01032	0.00799	0.09096	0.20219	0.07168	0.13042	0.24482	0.09500	0.04614	0.00857	0.00247	0.00463	0.01179	0.00652	0.00778
37	0.01114	0.00920	0.01410	0.33894	0.02617	0.01072	0.01209	0.04299	0.01300	0.01724	0.01948	0.20507	0.01969	0.05082	0.15168	0.02876	0.00901	0.00942	0.00403	0.00644
38	0.01187	0.00856	0.01206	0.01207	0.03879	0.00967	0.00893	0.06384	0.01240	0.03460	0.01769	0.04777	0.01689	0.07442	0.42523	0.10037	0.05849	0.03622	0.00395	0.00619
39	0.00937	0.00694	0.00971	0.03780	0.01165	0.00768	0.00730	0.01112	0.01080	0.01498	0.02179	0.09424	0.05000	0.21339	0.45386	0.00824	0.01286	0.00888	0.00394	0.00543

[dist]
# distance from previous block
# <min> <max>
0	7

[block]
# block no. 4 follows, 33 sequences, length 9
# corresponding to MSA columns:
# 384-392
name=unknown_E
#
# <colnr> <probs for GDERKNQSTAVLIFYWHMCP>
#	G	D	E	R	K	N	Q	S	T	A	V	L	I	F	Y	W	H	M	C	P
0	0.16634	0.00986	0.05087	0.01036	0.01278	0.00939	0.00854	0.01432	0.01189	0.04458	0.01976	0.13343	0.01974	0.07348	0.29280	0.00572	0.01017	0.05468	0.00435	0.04691
1	0.01770	0.59632	0.08195	0.01365	0.01946	0.08390	0.07076	0.02045	0.01403	0.01638	0.00977	0.01151	0.00857	0.00576	0.00481	0.00155	0.00797	0.00403	0.00290	0.00851
2	0.08230	0.26202	0.45553	0.01558	0.02355	0.01859	0.01881	0.02037	0.01351	0.01991	0.01076	0.01259	0.00827	0.00605	0.00544	0.00187	0.00850	0.00434	0.00290	0.00911
3	0.02075	0.14457	0.06979	0.01405	0.01912	0.05542	0.01229	0.25785	0.22706	0.08532	0.01818	0.01770	0.01343	0.00768	0.00617	0.00195	0.00689	0.00587	0.00569	0.01023
4	0.01153	0.00942	0.01089	0.01058	0.01257	0.03205	0.00814	0.01770	0.19099	0.02026	0.11301	0.06747	0.12096	0.04136	0.21316	0.03812	0.00842	0.06106	0.00541	0.00690
5	0.01550	0.00931	0.01169	0.01041	0.01203	0.00981	0.00762	0.16893	0.05187	0.05070	0.01420	0.02021	0.01249	0.04394	0.01981	0.51965	0.00605	0.00603	0.00418	0.00556
6	0.00911	0.00638	0.00764	0.00803	0.00853	0.00620	0.00519	0.00995	0.01161	0.01540	0.07183	0.20397	0.09287	0.42569	0.04808	0.00491	0.00574	0.04919	0.00494	0.00474
7	0.06456	0.01309	0.01338	0.01224	0.01527	0.04031	0.00935	0.08625	0.41175	0.02548	0.02488	0.10933	0.02175	0.08759	0.00951	0.00268	0.00561	0.03211	0.00604	0.00881
8	0.03088	0.00733	0.00878	0.00904	0.01063	0.00694	0.00652	0.03799	0.04003	0.06295	0.11698	0.41444	0.18877	0.01696	0.00785	0.00241	0.00395	0.01492	0.00635	0.00629

[dist]
# distance from previous block
# <min> <max>
0	20

[block]
# block no. 5 follows, 33 sequences, length 21
# corresponding to MSA columns:
# 413-433
name=unknown_F
#
# <colnr> <probs for GDERKNQSTAVLIFYWHMCP>
#	G	D	E	R	K	N	Q	S	T	A	V	L	I	F	Y	W	H	M	C	P
0	0.01167	0.00866	0.01127	0.01205	0.01396	0.00896	0.01027	0.03814	0.10291	0.02194	0.09250	0.06408	0.03691	0.01630	0.00860	0.00282	0.00574	0.52017	0.00626	0.00678
1	0.04061	0.01066	0.01238	0.01062	0.01368	0.01094	0.00836	0.14832	0.11891	0.10775	0.36524	0.03583	0.06717	0.01109	0.00715	0.00208	0.00453	0.00938	0.00700	0.00830
2	0.01184	0.00762	0.00944	0.00941	0.01084	0.00740	0.00673	0.05300	0.03599	0.08486	0.12605	0.32446	0.06711	0.16267	0.01289	0.00320	0.00472	0.04939	0.00608	0.00628
3	0.05328	0.00979	0.01184	0.00997	0.01344	0.00939	0.00794	0.03884	0.09517	0.31527	0.16045	0.02963	0.06188	0.00952	0.00645	0.00199	0.00454	0.00788	0.14390	0.00883
4	0.02471	0.01665	0.01837	0.01433	0.01938	0.01805	0.01176	0.50476	0.11537	0.15881	0.01895	0.01805	0.01320	0.00808	0.00661	0.00202	0.00670	0.00624	0.00687	0.01110
5	0.07283	0.01231	0.01531	0.01205	0.01694	0.01177	0.00988	0.09285	0.10486	0.54259	0.02418	0.02140	0.01577	0.00810	0.00648	0.00206	0.00567	0.00648	0.00759	0.01087
6	0.00975	0.00634	0.00836	0.00906	0.00981	0.00613	0.00619	0.01083	0.01220	0.05607	0.03137	0.46745	0.06155	0.13764	0.10364	0.03208	0.00607	0.01455	0.00547	0.00546
7	0.04270	0.01124	0.01390	0.01151	0.01546	0.01099	0.00932	0.09734	0.11434	0.35551	0.17350	0.03031	0.02699	0.00987	0.00694	0.00212	0.00520	0.04574	0.00737	0.00964
8	0.00957	0.00638	0.00718	0.00718	0.00718	0.00638	0.00399	0.00957	0.00957	0.01276	0.02074	0.04308	0.02393	0.76864	0.03351	0.00638	0.00638	0.00957	0.00399	0.00399
9	0.01696	0.66517	0.13632	0.01236	0.01858	0.02448	0.01316	0.01988	0.01345	0.01627	0.00954	0.01105	0.00843	0.00572	0.00452	0.00151	0.00743	0.00372	0.00281	0.00863
10	0.04167	0.01371	0.01617	0.01396	0.01696	0.03940	0.04000	0.12065	0.26003	0.05440	0.04026	0.02394	0.01728	0.01365	0.07224	0.04832	0.11014	0.04314	0.00538	0.00869
11	0.01166	0.00862	0.01226	0.05634	0.15728	0.00873	0.00869	0.01296	0.01160	0.03566	0.01989	0.10987	0.02124	0.39398	0.04056	0.03645	0.00667	0.00915	0.03248	0.00592
12	0.02544	0.01778	0.01935	0.01484	0.02009	0.01944	0.01226	0.64442	0.02985	0.10424	0.01673	0.01641	0.01166	0.00793	0.00659	0.00198	0.00710	0.00599	0.00673	0.01120
13	0.01629	0.01564	0.02672	0.04041	0.72757	0.01564	0.02020	0.02020	0.01499	0.02151	0.01238	0.01629	0.01043	0.00587	0.00652	0.00196	0.00782	0.00587	0.00326	0.01043
14	0.01497	0.02411	0.30435	0.05408	0.11457	0.04528	0.30491	0.02093	0.01487	0.02067	0.01244	0.01585	0.00930	0.00595	0.00691	0.00211	0.01012	0.00620	0.00310	0.00928
15	0.01144	0.00572	0.00858	0.00858	0.00858	0.00572	0.00572	0.00858	0.00858	0.01144	0.01144	0.02001	0.01144	0.02287	0.02573	0.80846	0.00572	0.00572	0.00286	0.00286
16	0.01315	0.08294	0.02042	0.55670	0.07551	0.03932	0.01650	0.01693	0.01342	0.01692	0.01357	0.08094	0.01182	0.00767	0.00649	0.00213	0.00824	0.00669	0.00322	0.00743
17	0.01116	0.00976	0.01520	0.40080	0.05842	0.01128	0.01333	0.01513	0.05355	0.01763	0.02185	0.29902	0.02258	0.01197	0.00727	0.00237	0.00666	0.01079	0.00436	0.00688
18	0.01618	0.04909	0.10155	0.06770	0.27919	0.05205	0.04419	0.02535	0.25005	0.02265	0.01691	0.01848	0.01315	0.00700	0.00648	0.00205	0.00751	0.00618	0.00433	0.00988
19	0.01327	0.01176	0.04867	0.03203	0.04452	0.00894	0.00905	0.01645	0.01491	0.05210	0.14558	0.02342	0.05804	0.00738	0.00582	0.00142	0.00497	0.00620	0.00470	0.49078
20	0.01388	0.01276	0.01940	0.18535	0.24377	0.01228	0.03426	0.01744	0.01402	0.02011	0.01480	0.01817	0.04513	0.00711	0.02173	0.00185	0.00704	0.00562	0.00357	0.30172

[dist]
# distance from previous block
# <min> <max>
1	3

[block]
# block no. 6 follows, 33 sequences, length 31
# corresponding to MSA columns:
# 437-467
name=unknown_G
#
# <colnr> <probs for GDERKNQSTAVLIFYWHMCP>
#	G	D	E	R	K	N	Q	S	T	A	V	L	I	F	Y	W	H	M	C	P
0	0.03744	0.01548	0.06004	0.30415	0.22493	0.04100	0.05864	0.01905	0.03555	0.01912	0.01192	0.01642	0.00956	0.00705	0.00859	0.00220	0.11136	0.00583	0.00319	0.00848
1	0.16431	0.04834	0.01850	0.04108	0.05895	0.12551	0.01214	0.29387	0.03773	0.02935	0.01269	0.01421	0.00977	0.00743	0.00724	0.00199	0.07465	0.00511	0.00479	0.03236
2	0.03941	0.00782	0.00967	0.01009	0.03998	0.00737	0.00680	0.01240	0.03053	0.01890	0.12323	0.24393	0.07382	0.17710	0.03830	0.00336	0.00519	0.03837	0.00526	0.10848
3	0.07234	0.00885	0.01048	0.01029	0.02673	0.00888	0.00767	0.04453	0.08182	0.06805	0.20940	0.13467	0.07967	0.07742	0.00952	0.00260	0.00465	0.08886	0.02972	0.02385
4	0.01437	0.01599	0.10597	0.34154	0.18910	0.01550	0.07625	0.01942	0.04211	0.03618	0.01270	0.01701	0.00982	0.00683	0.00785	0.00218	0.06928	0.00598	0.00329	0.00862
5	0.01316	0.01209	0.01975	0.71010	0.04390	0.01496	0.01795	0.05671	0.01419	0.01825	0.01194	0.01745	0.00892	0.00666	0.00658	0.00218	0.00869	0.00585	0.00314	0.00754
6	0.01327	0.00932	0.01080	0.01013	0.01255	0.00939	0.00768	0.07243	0.15475	0.08795	0.13740	0.20105	0.17231	0.03629	0.00831	0.00242	0.00448	0.03541	0.00655	0.00750
7	0.01844	0.01059	0.01266	0.01090	0.01410	0.01054	0.00844	0.10562	0.12781	0.24421	0.08139	0.10161	0.08538	0.10682	0.01044	0.00271	0.00530	0.02770	0.00671	0.00861
8	0.01084	0.00842	0.01117	0.01281	0.11108	0.00806	0.00823	0.01419	0.04914	0.04307	0.25568	0.07350	0.24669	0.01617	0.07055	0.00284	0.00529	0.01095	0.03443	0.00689
9	0.00845	0.00605	0.00777	0.00870	0.00926	0.00577	0.00582	0.00965	0.01257	0.01682	0.08697	0.50543	0.07809	0.14830	0.05509	0.00369	0.00497	0.01570	0.00569	0.00523
10	0.24540	0.01206	0.01212	0.01087	0.01425	0.01335	0.00859	0.10921	0.20905	0.05655	0.06133	0.09574	0.03739	0.00979	0.00614	0.00216	0.00506	0.03088	0.05170	0.00836
11	0.06004	0.00938	0.01074	0.00988	0.01260	0.00926	0.00751	0.04651	0.13447	0.10744	0.13916	0.20769	0.14824	0.01316	0.00718	0.00219	0.00435	0.01128	0.00640	0.05252
12	0.01893	0.00867	0.01025	0.00872	0.01161	0.00824	0.00681	0.06081	0.01626	0.27569	0.02269	0.02472	0.01689	0.06703	0.00768	0.00212	0.00447	0.00656	0.41381	0.00806
13	0.12846	0.00912	0.01080	0.00954	0.01254	0.00867	0.00746	0.03342	0.01632	0.24852	0.17668	0.12211	0.11848	0.03896	0.00790	0.00233	0.00458	0.02970	0.00665	0.00776
14	0.01213	0.00763	0.00922	0.00911	0.01082	0.00738	0.00691	0.05931	0.01535	0.07187	0.10362	0.16921	0.12666	0.09454	0.01080	0.03056	0.00462	0.11864	0.12535	0.00628
15	0.00877	0.00635	0.00771	0.00829	0.00959	0.00567	0.00586	0.01040	0.01441	0.04031	0.13924	0.41087	0.27262	0.01795	0.00805	0.00242	0.00362	0.01581	0.00633	0.00571
16	0.00943	0.00696	0.01012	0.01012	0.01114	0.00798	0.00766	0.01146	0.01045	0.01494	0.01805	0.02817	0.01746	0.14585	0.64744	0.01002	0.01612	0.00739	0.00359	0.00562
17	0.04309	0.00692	0.00830	0.00876	0.00967	0.00690	0.00603	0.03232	0.03209	0.01891	0.09014	0.36969	0.03414	0.15601	0.01340	0.04982	0.00452	0.02849	0.07530	0.00550
18	0.08298	0.01551	0.01686	0.01329	0.01797	0.01676	0.01083	0.43573	0.07685	0.15561	0.01827	0.01865	0.01316	0.03922	0.00745	0.00218	0.00646	0.00614	0.03572	0.01035
19	0.00826	0.00593	0.00780	0.00908	0.00964	0.00554	0.00620	0.00961	0.01315	0.01754	0.08718	0.63900	0.06797	0.04121	0.00908	0.00273	0.00391	0.04463	0.00613	0.00541
20	0.01051	0.00586	0.00833	0.00867	0.00896	0.00570	0.00591	0.00893	0.01003	0.01319	0.02095	0.16191	0.07145	0.02183	0.02062	0.57163	0.00520	0.03288	0.00381	0.00363
21	0.42273	0.01245	0.01146	0.00994	0.01371	0.01395	0.00802	0.11613	0.10425	0.05911	0.05636	0.01765	0.01417	0.00743	0.00514	0.00199	0.00505	0.00532	0.10703	0.00810
22	0.06969	0.01482	0.01566	0.01243	0.01671	0.01619	0.01015	0.47058	0.02512	0.06255	0.01717	0.01788	0.01253	0.00775	0.00595	0.00187	0.00603	0.00586	0.20135	0.00972
23	0.01116	0.00907	0.01036	0.01004	0.01117	0.06358	0.00728	0.03675	0.01188	0.01587	0.04371	0.03085	0.01974	0.27545	0.40518	0.00794	0.01267	0.00779	0.00391	0.00560
24	0.00863	0.00619	0.00740	0.00799	0.00861	0.00581	0.00517	0.00959	0.01232	0.01618	0.08356	0.34150	0.14791	0.28879	0.01730	0.00389	0.00461	0.01417	0.00543	0.00495
25	0.00930	0.00696	0.01019	0.01025	0.01139	0.00795	0.00786	0.01149	0.01078	0.01533	0.02028	0.05483	0.04432	0.07578	0.66000	0.00981	0.01615	0.00783	0.00374	0.00577
26	0.00957	0.00638	0.00718	0.00718	0.00718	0.00638	0.00399	0.00957	0.00957	0.01276	0.02074	0.04308	0.02393	0.76864	0.03351	0.00638	0.00638	0.00957	0.00399	0.00399
27	0.02336	0.02937	0.01842	0.01672	0.01982	0.66906	0.01264	0.02507	0.01781	0.01606	0.01038	0.01259	0.00881	0.00879	0.03663	0.00213	0.05697	0.00445	0.00337	0.00754
28	0.47923	0.01208	0.01207	0.00996	0.01447	0.01259	0.00822	0.02480	0.01447	0.32995	0.01635	0.01570	0.01105	0.00698	0.00516	0.00204	0.00531	0.00487	0.00582	0.00887
29	0.01587	0.01368	0.01706	0.06505	0.15339	0.01518	0.01242	0.07652	0.40375	0.02658	0.10708	0.02491	0.02201	0.00868	0.00678	0.00214	0.00582	0.00748	0.00586	0.00977
30	0.00806	0.00642	0.00716	0.00751	0.00912	0.00559	0.00539	0.00970	0.01462	0.01831	0.12763	0.24498	0.45646	0.03791	0.00864	0.00244	0.00352	0.01483	0.00618	0.00553

[dist]
# distance from previous block
# <min> <max>
0	1

[block]
# block no. 7 follows, 33 sequences, length 94
# corresponding to MSA columns:
# 469-562
name=unknown_H
#
# <colnr> <probs for GDERKNQSTAVLIFYWHMCP>
#	G	D	E	R	K	N	Q	S	T	A	V	L	I	F	Y	W	H	M	C	P
0	0.01737	0.73351	0.07154	0.01166	0.01751	0.02548	0.01196	0.01977	0.01340	0.01577	0.00929	0.01074	0.00844	0.00567	0.00433	0.00144	0.00718	0.00359	0.00281	0.00852
1	0.02225	0.08177	0.12185	0.01542	0.03795	0.01816	0.01386	0.42303	0.02449	0.11141	0.01674	0.01894	0.01252	0.00800	0.00648	0.00201	0.00735	0.04150	0.00580	0.01047
2	0.01573	0.27352	0.43834	0.01616	0.02394	0.08881	0.01897	0.02100	0.01419	0.01865	0.01079	0.01262	0.00839	0.00610	0.00556	0.00183	0.00906	0.00437	0.00285	0.00911
3	0.76952	0.05619	0.01110	0.00881	0.01297	0.01541	0.00737	0.01937	0.01133	0.02873	0.00917	0.01069	0.00721	0.00608	0.00408	0.00200	0.00520	0.00356	0.00400	0.00721
4	0.09643	0.23159	0.38283	0.01549	0.02275	0.10878	0.01761	0.02107	0.01408	0.01968	0.01062	0.01242	0.00826	0.00614	0.00545	0.00185	0.00880	0.00429	0.00300	0.00886
5	0.01330	0.03343	0.71217	0.01860	0.02814	0.01532	0.02389	0.02129	0.03571	0.02106	0.01228	0.01423	0.00870	0.00634	0.00627	0.00209	0.00959	0.00494	0.00290	0.00975
6	0.00846	0.00670	0.00760	0.00738	0.00931	0.00584	0.00553	0.01075	0.01660	0.02157	0.35520	0.05713	0.43403	0.01526	0.00777	0.00216	0.00323	0.01302	0.00661	0.00584
7	0.01446	0.01290	0.01763	0.01908	0.23227	0.01087	0.01158	0.01768	0.01406	0.02147	0.01191	0.01446	0.00996	0.00518	0.00538	0.00127	0.00577	0.00450	0.00371	0.56589
8	0.00851	0.00657	0.00779	0.00787	0.00951	0.00584	0.00582	0.01071	0.01608	0.02113	0.32412	0.17049	0.33096	0.01606	0.00791	0.00226	0.00340	0.03261	0.00657	0.00580
9	0.01688	0.01486	0.01998	0.05858	0.02016	0.01852	0.05035	0.20565	0.04136	0.02358	0.01249	0.01654	0.01053	0.01325	0.08043	0.00323	0.37500	0.00610	0.00412	0.00839
10	0.01353	0.07135	0.67640	0.01906	0.04985	0.01585	0.02352	0.02077	0.01391	0.02059	0.01170	0.01380	0.00841	0.00621	0.00616	0.00205	0.00953	0.00483	0.00280	0.00969
11	0.02840	0.01095	0.01491	0.01152	0.01641	0.00948	0.00948	0.03098	0.01883	0.69238	0.06530	0.02392	0.01888	0.00845	0.00668	0.00204	0.00546	0.00692	0.00810	0.01092
12	0.00834	0.00640	0.00736	0.00765	0.00900	0.00572	0.00537	0.00991	0.01433	0.01840	0.16812	0.23704	0.34476	0.11401	0.01125	0.00285	0.00381	0.01422	0.00604	0.00542
13	0.01461	0.01470	0.02444	0.08249	0.15173	0.01744	0.15499	0.01814	0.03373	0.01834	0.01154	0.01659	0.01001	0.01080	0.05225	0.00291	0.34762	0.00631	0.00319	0.00816
14	0.01740	0.01940	0.01972	0.01719	0.01819	0.23261	0.01391	0.01892	0.01260	0.01592	0.00909	0.01366	0.00859	0.01013	0.01699	0.00253	0.53747	0.00531	0.00303	0.00733
15	0.00957	0.00638	0.00718	0.00718	0.00718	0.00638	0.00399	0.00957	0.00957	0.01276	0.02074	0.04308	0.02393	0.76864	0.03351	0.00638	0.00638	0.00957	0.00399	0.00399
16	0.00867	0.00607	0.00738	0.00817	0.00849	0.00580	0.00513	0.00936	0.01145	0.01513	0.03144	0.41303	0.07597	0.34116	0.01913	0.00424	0.00489	0.01451	0.00520	0.00478
17	0.01821	0.01392	0.01643	0.01657	0.10675	0.01534	0.01155	0.03271	0.52952	0.12558	0.02486	0.02322	0.01834	0.00843	0.00666	0.00217	0.00559	0.00713	0.00647	0.01053
18	0.02503	0.01844	0.01976	0.01515	0.02042	0.02042	0.01251	0.70562	0.03095	0.04149	0.01581	0.01581	0.01120	0.00790	0.00659	0.00198	0.00724	0.00593	0.00659	0.01120
19	0.01632	0.01162	0.01392	0.01008	0.01580	0.00893	0.00812	0.01918	0.01452	0.14085	0.01410	0.01512	0.01085	0.00543	0.00517	0.00115	0.00500	0.00436	0.00461	0.67487
20	0.01041	0.00596	0.00806	0.00810	0.00868	0.00567	0.00554	0.00881	0.01032	0.01320	0.02621	0.04948	0.19514	0.02123	0.02070	0.58190	0.00506	0.00813	0.00377	0.00361
21	0.01144	0.00572	0.00858	0.00858	0.00858	0.00572	0.00572	0.00858	0.00858	0.01144	0.01144	0.02001	0.01144	0.02287	0.02573	0.80846	0.00572	0.00572	0.00286	0.00286
22	0.01306	0.01138	0.01229	0.05336	0.01561	0.05304	0.00912	0.02240	0.33020	0.02217	0.06971	0.30364	0.03011	0.01335	0.00735	0.00236	0.00514	0.01168	0.00611	0.00793
23	0.01735	0.73100	0.07393	0.01169	0.01755	0.02544	0.01200	0.01978	0.01341	0.01579	0.00930	0.01075	0.00844	0.00567	0.00434	0.00145	0.00719	0.00360	0.00281	0.00852
24	0.00816	0.00590	0.00767	0.00886	0.00946	0.00547	0.00599	0.00949	0.01323	0.01763	0.09998	0.63246	0.09065	0.04049	0.00900	0.00269	0.00379	0.01752	0.00615	0.00540
