[name]
unknown

[dist]
# distance from previous block
# <min> <max>
28	265

[block]
# block no. 0 follows, 28 sequences, length 8
# corresponding to MSA columns:
# 361-368
name=unknown_A
#
# <colnr> <probs for GDERKNQSTAVLIFYWHMCP>
#	G	D	E	R	K	N	Q	S	T	A	V	L	I	F	Y	W	H	M	C	P
0	0.06686	0.07087	0.02360	0.06325	0.02417	0.10505	0.15066	0.06431	0.05492	0.17596	0.06304	0.06801	0.01876	0.00905	0.00733	0.00226	0.00844	0.00798	0.00574	0.00974
1	0.02041	0.01919	0.04183	0.04223	0.05846	0.10995	0.08354	0.23019	0.05295	0.02942	0.07569	0.02301	0.01787	0.06758	0.01059	0.00258	0.04761	0.00731	0.00541	0.05417
2	0.12987	0.06732	0.01636	0.01181	0.01667	0.05398	0.00960	0.02605	0.01767	0.31360	0.07979	0.02373	0.01927	0.05117	0.00822	0.00227	0.00632	0.00667	0.00654	0.13310
3	0.07927	0.05967	0.05665	0.01283	0.01698	0.05996	0.01072	0.09901	0.17420	0.02785	0.11394	0.06886	0.05038	0.03494	0.00795	0.00233	0.00632	0.00841	0.04336	0.06637
4	0.02086	0.11894	0.02098	0.08106	0.02195	0.09917	0.01273	0.21577	0.10481	0.05663	0.02501	0.02534	0.11140	0.00984	0.00783	0.00221	0.04241	0.00746	0.00573	0.00987
5	0.01407	0.01555	0.08567	0.49683	0.04162	0.01606	0.05624	0.02016	0.06405	0.02015	0.01807	0.02273	0.05509	0.00828	0.00801	0.00245	0.03547	0.00718	0.00377	0.00854
6	0.01482	0.00912	0.01165	0.01009	0.01262	0.00926	0.06837	0.06997	0.01672	0.02763	0.02212	0.02572	0.01739	0.01103	0.04819	0.00240	0.00555	0.00699	0.60286	0.00749
7	0.01287	0.01171	0.01861	0.10811	0.13957	0.01291	0.06035	0.01554	0.01430	0.01966	0.02611	0.32373	0.04985	0.01491	0.01112	0.00273	0.13232	0.01289	0.00492	0.00780

[dist]
# distance from previous block
# <min> <max>
4	8

[block]
# block no. 1 follows, 28 sequences, length 13
# corresponding to MSA columns:
# 377-379,407-416
name=unknown_B
#
# <colnr> <probs for GDERKNQSTAVLIFYWHMCP>
#	G	D	E	R	K	N	Q	S	T	A	V	L	I	F	Y	W	H	M	C	P
0	0.01264	0.01040	0.01126	0.01092	0.01302	0.05132	0.00811	0.04778	0.06527	0.02367	0.20186	0.21917	0.10112	0.07768	0.01081	0.00286	0.00531	0.06460	0.00660	0.05559
1	0.00990	0.00932	0.06473	0.01039	0.01193	0.00728	0.00810	0.01172	0.01390	0.01835	0.03857	0.38097	0.12850	0.18010	0.01518	0.00377	0.00550	0.06980	0.00593	0.00606
2	0.06778	0.01043	0.00919	0.00862	0.01102	0.07691	0.00659	0.01990	0.01603	0.08112	0.02200	0.02454	0.01697	0.00830	0.00537	0.00179	0.00471	0.00643	0.59485	0.00746
3	0.06563	0.20328	0.19233	0.01627	0.02223	0.15750	0.01607	0.04766	0.01679	0.08711	0.01343	0.01535	0.01053	0.00946	0.03533	0.00246	0.06972	0.00520	0.00406	0.00959
4	0.02160	0.19532	0.08170	0.12099	0.06468	0.09521	0.01535	0.12581	0.06093	0.10649	0.01575	0.01714	0.01185	0.00751	0.00649	0.00204	0.00858	0.00573	0.00487	0.03196
5	0.01309	0.00673	0.00694	0.00710	0.00867	0.00669	0.00524	0.01627	0.01511	0.02627	0.02531	0.09669	0.02151	0.00987	0.00549	0.00182	0.00347	0.00813	0.70891	0.00669
6	0.01760	0.01314	0.01459	0.06434	0.04259	0.06827	0.01050	0.09680	0.09244	0.11124	0.11502	0.15986	0.09438	0.01284	0.00776	0.00236	0.00614	0.01092	0.05038	0.00883
7	0.02014	0.01716	0.02186	0.22445	0.05441	0.06551	0.03733	0.16700	0.08968	0.07488	0.01616	0.01907	0.01224	0.00890	0.01022	0.00245	0.13697	0.00666	0.00502	0.00987
8	0.03859	0.06843	0.15145	0.05952	0.10414	0.01384	0.04735	0.02179	0.03782	0.12128	0.02366	0.11946	0.03863	0.01073	0.00738	0.00238	0.00747	0.06028	0.05642	0.00937
9	0.01660	0.01466	0.01989	0.01690	0.01896	0.01791	0.05140	0.11924	0.06532	0.02541	0.12743	0.02989	0.02377	0.01259	0.01541	0.00280	0.33723	0.07064	0.00527	0.00869
10	0.04027	0.01689	0.13000	0.21878	0.02855	0.03379	0.03418	0.03841	0.07129	0.04681	0.02386	0.11332	0.06456	0.01130	0.00866	0.00255	0.05140	0.05192	0.00483	0.00863
11	0.12448	0.01573	0.02032	0.12437	0.17149	0.05235	0.04690	0.12744	0.04501	0.02738	0.04579	0.06654	0.04210	0.00972	0.00730	0.00236	0.00781	0.04841	0.00509	0.00941
12	0.07876	0.14942	0.01904	0.01313	0.01695	0.16456	0.01058	0.09625	0.01861	0.02418	0.11502	0.10396	0.02343	0.01381	0.06380	0.00280	0.00850	0.00798	0.00512	0.06410

[dist]
# distance from previous block
# <min> <max>
24	111

[block]
# block no. 2 follows, 28 sequences, length 14
# corresponding to MSA columns:
# 540-553
name=unknown_C
#
# <colnr> <probs for GDERKNQSTAVLIFYWHMCP>
#	G	D	E	R	K	N	Q	S	T	A	V	L	I	F	Y	W	H	M	C	P
0	0.04426	0.01385	0.01494	0.01266	0.01668	0.03717	0.01002	0.14632	0.11665	0.05199	0.05267	0.09617	0.12066	0.01165	0.00808	0.00220	0.03951	0.03205	0.00623	0.16625
1	0.01841	0.01605	0.01757	0.01734	0.10803	0.10395	0.01189	0.06596	0.06991	0.07214	0.03967	0.08123	0.04742	0.00949	0.00794	0.00200	0.05398	0.00762	0.02837	0.22104
2	0.04804	0.03716	0.06044	0.01297	0.01776	0.01268	0.01107	0.10897	0.05183	0.20835	0.04438	0.12078	0.02141	0.01366	0.05685	0.00283	0.00719	0.02484	0.00647	0.13232
3	0.06629	0.01578	0.01889	0.11100	0.08827	0.07971	0.03557	0.11344	0.04264	0.14592	0.02267	0.05007	0.05942	0.01087	0.03089	0.00254	0.00811	0.02781	0.00569	0.06442
4	0.03680	0.05113	0.08422	0.01545	0.04265	0.09572	0.01297	0.16771	0.04138	0.07622	0.03678	0.04995	0.03793	0.03430	0.00809	0.00229	0.00771	0.06773	0.00561	0.12535
5	0.05625	0.02014	0.10401	0.06466	0.02224	0.13487	0.02911	0.10842	0.04057	0.02542	0.04037	0.06614	0.05969	0.00899	0.00681	0.00199	0.00799	0.00719	0.00490	0.19024
6	0.01348	0.01263	0.06975	0.01210	0.01562	0.01066	0.01015	0.07262	0.06546	0.02280	0.02746	0.14492	0.07120	0.10110	0.10006	0.00399	0.00786	0.07149	0.00543	0.16121
7	0.01241	0.01108	0.01686	0.01487	0.01654	0.01246	0.09461	0.01469	0.01355	0.01855	0.02839	0.10822	0.11302	0.12640	0.10855	0.00465	0.18845	0.08505	0.00475	0.00689
8	0.01355	0.00678	0.00678	0.00678	0.00847	0.00678	0.00508	0.01694	0.01524	0.02710	0.02371	0.02710	0.01863	0.00847	0.00508	0.00169	0.00339	0.00678	0.78489	0.00678
9	0.01884	0.37404	0.23711	0.01560	0.02302	0.06649	0.01677	0.07818	0.01699	0.02186	0.01189	0.01361	0.00965	0.00666	0.00574	0.00182	0.00886	0.00464	0.00358	0.06463
10	0.01407	0.05929	0.01778	0.07548	0.04299	0.08147	0.08251	0.03998	0.01733	0.02175	0.12685	0.12653	0.16097	0.04933	0.00950	0.00264	0.00704	0.05138	0.00555	0.00756
11	0.01686	0.01750	0.02212	0.01905	0.01937	0.08149	0.01574	0.01848	0.01194	0.01752	0.00969	0.01566	0.00953	0.01228	0.02238	0.00307	0.66987	0.00622	0.00323	0.00799
12	0.15769	0.01646	0.01671	0.16992	0.07129	0.14216	0.01278	0.01962	0.01555	0.02200	0.02200	0.05535	0.11082	0.00952	0.00752	0.00219	0.04339	0.00735	0.00436	0.09330
13	0.05410	0.15142	0.26925	0.01696	0.02313	0.13767	0.01758	0.02381	0.06273	0.02168	0.01352	0.01581	0.01074	0.00788	0.00830	0.00218	0.09569	0.00534	0.05278	0.00945

[dist]
# distance from previous block
# <min> <max>
0	2

[block]
# block no. 3 follows, 28 sequences, length 18
# corresponding to MSA columns:
# 556-573
name=unknown_D
#
# <colnr> <probs for GDERKNQSTAVLIFYWHMCP>
#	G	D	E	R	K	N	Q	S	T	A	V	L	I	F	Y	W	H	M	C	P
0	0.07078	0.05821	0.05960	0.01296	0.01775	0.01282	0.04265	0.05047	0.08481	0.09481	0.09868	0.05320	0.08834	0.01065	0.00717	0.00215	0.00615	0.06261	0.00597	0.16020
1	0.06006	0.01240	0.01915	0.01613	0.01922	0.05188	0.19501	0.01617	0.01622	0.02231	0.12797	0.32315	0.06024	0.01487	0.00850	0.00259	0.00695	0.01399	0.00576	0.00742
2	0.01542	0.01536	0.02406	0.46243	0.10303	0.05992	0.09714	0.02098	0.05599	0.02028	0.01528	0.05048	0.01241	0.00790	0.00747	0.00239	0.00964	0.00732	0.00375	0.00873
3	0.01152	0.00866	0.01197	0.05811	0.01447	0.00915	0.03404	0.04790	0.01340	0.01814	0.02476	0.19751	0.02699	0.29938	0.18514	0.00644	0.00974	0.01167	0.00487	0.00612
4	0.01055	0.00799	0.01124	0.01113	0.01219	0.00893	0.00837	0.01282	0.01339	0.01903	0.14282	0.11753	0.03100	0.10991	0.39524	0.00798	0.05808	0.01044	0.00497	0.00637
5	0.01355	0.00678	0.00678	0.00678	0.00847	0.00678	0.00508	0.01694	0.01524	0.02710	0.02371	0.02710	0.01863	0.00847	0.00508	0.00169	0.00339	0.00678	0.78489	0.00678
6	0.01820	0.13952	0.23797	0.02075	0.05659	0.08966	0.14989	0.02431	0.05838	0.06183	0.01650	0.06458	0.01360	0.00804	0.00708	0.00221	0.00972	0.00706	0.00415	0.00995
7	0.02070	0.01731	0.01713	0.01500	0.01910	0.09827	0.01177	0.11843	0.39187	0.08409	0.02462	0.02418	0.01860	0.01444	0.08771	0.00339	0.00850	0.00746	0.00669	0.01076
8	0.01355	0.00678	0.00678	0.00678	0.00847	0.00678	0.00508	0.01694	0.01524	0.02710	0.02371	0.02710	0.01863	0.00847	0.00508	0.00169	0.00339	0.00678	0.78489	0.00678
9	0.04228	0.01597	0.01963	0.08264	0.22052	0.07568	0.01445	0.15492	0.01995	0.02749	0.04599	0.02466	0.07015	0.01145	0.04862	0.00270	0.00830	0.00734	0.09773	0.00955
10	0.01539	0.01335	0.02027	0.07523	0.24320	0.01359	0.05757	0.02186	0.13087	0.05179	0.08708	0.09645	0.12007	0.01112	0.00784	0.00238	0.00679	0.01009	0.00557	0.00950
11	0.01436	0.01048	0.01248	0.01023	0.01424	0.00876	0.00781	0.03932	0.01670	0.07520	0.13307	0.11258	0.09486	0.07052	0.00943	0.00223	0.00506	0.00949	0.00588	0.34730
12	0.01287	0.00807	0.00968	0.00907	0.01141	0.00724	0.00677	0.01503	0.01698	0.12347	0.18591	0.09293	0.31651	0.09033	0.05787	0.00348	0.00541	0.01301	0.00693	0.00706
13	0.01355	0.00678	0.00678	0.00678	0.00847	0.00678	0.00508	0.01694	0.01524	0.02710	0.02371	0.02710	0.01863	0.00847	0.00508	0.00169	0.00339	0.00678	0.78489	0.00678
14	0.19870	0.01791	0.06728	0.02235	0.09912	0.01708	0.23615	0.06294	0.09509	0.05813	0.04386	0.01977	0.01429	0.00743	0.00711	0.00233	0.00859	0.00705	0.00488	0.00994
15	0.01601	0.19586	0.38513	0.01622	0.02390	0.01818	0.01886	0.06058	0.01628	0.02312	0.04108	0.01894	0.01353	0.04826	0.00799	0.00233	0.00877	0.00581	0.06947	0.00967
16	0.01355	0.00678	0.00678	0.00678	0.00847	0.00678	0.00508	0.01694	0.01524	0.02710	0.02371	0.02710	0.01863	0.00847	0.00508	0.00169	0.00339	0.00678	0.78489	0.00678
17	0.20139	0.01659	0.01502	0.01315	0.01721	0.09736	0.01036	0.10955	0.23570	0.06017	0.08182	0.02308	0.01995	0.00904	0.00656	0.00223	0.00651	0.00691	0.05768	0.00971

[dist]
# distance from previous block
# <min> <max>
0	1

[block]
# block no. 4 follows, 28 sequences, length 17
# corresponding to MSA columns:
# 575-591
name=unknown_E
#
# <colnr> <probs for GDERKNQSTAVLIFYWHMCP>
#	G	D	E	R	K	N	Q	S	T	A	V	L	I	F	Y	W	H	M	C	P
0	0.01841	0.06699	0.02406	0.06108	0.10599	0.12535	0.10918	0.08479	0.01681	0.02135	0.01458	0.06585	0.01329	0.01157	0.01273	0.11809	0.11017	0.00725	0.00403	0.00843
1	0.01564	0.18035	0.22809	0.01579	0.02154	0.01679	0.05975	0.02020	0.01540	0.05034	0.06394	0.05381	0.01829	0.01229	0.05550	0.00285	0.05713	0.03343	0.06988	0.00899
2	0.01529	0.01518	0.02101	0.01810	0.01830	0.02091	0.01503	0.01690	0.01159	0.01767	0.01494	0.02045	0.06733	0.01320	0.02257	0.00312	0.67001	0.00712	0.00348	0.00780
3	0.01764	0.01705	0.07107	0.11359	0.31567	0.01639	0.06820	0.08560	0.01781	0.05272	0.05017	0.02102	0.01490	0.01159	0.06757	0.00307	0.03430	0.00705	0.00435	0.01026
4	0.24399	0.20533	0.09553	0.01673	0.07701	0.14749	0.01390	0.08197	0.01710	0.02545	0.01159	0.01341	0.00936	0.00692	0.00565	0.00200	0.00853	0.00466	0.00404	0.00935
5	0.01590	0.01590	0.02226	0.01908	0.01908	0.02226	0.01590	0.01749	0.01113	0.01749	0.00954	0.01590	0.00954	0.01272	0.02385	0.00318	0.73123	0.00636	0.00318	0.00795
6	0.04951	0.01728	0.09408	0.05752	0.02110	0.06113	0.04071	0.17621	0.02145	0.10447	0.11940	0.05048	0.02341	0.01000	0.00726	0.00224	0.00728	0.03431	0.09266	0.00950
7	0.01277	0.00977	0.01197	0.01148	0.01329	0.01093	0.00870	0.01947	0.17242	0.02352	0.13918	0.11743	0.03117	0.06221	0.17237	0.00480	0.05684	0.01026	0.10374	0.00768
8	0.01733	0.01453	0.06375	0.01744	0.09652	0.01310	0.05232	0.12260	0.06658	0.09894	0.11501	0.04085	0.15049	0.01219	0.00806	0.00243	0.00665	0.08530	0.00647	0.00944
9	0.01706	0.09769	0.07873	0.01558	0.01981	0.04089	0.04463	0.12714	0.01718	0.02378	0.01572	0.06632	0.01423	0.01692	0.12783	0.00377	0.13756	0.00698	0.00441	0.12377
10	0.01107	0.00782	0.00927	0.00934	0.01097	0.00736	0.00661	0.01408	0.06083	0.05378	0.16924	0.25147	0.21329	0.12593	0.01287	0.00324	0.00455	0.01489	0.00679	0.00661
11	0.01854	0.01580	0.02430	0.08488	0.10168	0.04537	0.17410	0.09536	0.07558	0.08554	0.06670	0.05172	0.02167	0.01012	0.00808	0.00247	0.00853	0.09426	0.00559	0.00971
12	0.07229	0.07560	0.30102	0.02018	0.09863	0.14209	0.01879	0.06486	0.01751	0.02391	0.05429	0.01860	0.01392	0.03875	0.00796	0.00235	0.00961	0.00594	0.00398	0.00972
13	0.01894	0.00932	0.01230	0.01068	0.01371	0.00871	0.00829	0.02146	0.01724	0.28385	0.14558	0.03721	0.08880	0.09744	0.14862	0.00459	0.00802	0.00945	0.04722	0.00858
14	0.01249	0.04754	0.01305	0.01261	0.05410	0.01024	0.00886	0.06593	0.05805	0.02395	0.17279	0.24269	0.14018	0.05114	0.00977	0.00275	0.00511	0.05469	0.00659	0.00747
15	0.01790	0.18446	0.25556	0.01990	0.06601	0.10168	0.09362	0.02286	0.01666	0.04475	0.07462	0.01879	0.01529	0.00767	0.00725	0.00212	0.03100	0.00620	0.00391	0.00972
16	0.19852	0.07649	0.06090	0.01561	0.07586	0.08853	0.01208	0.07106	0.07927	0.02695	0.06390	0.07211	0.02000	0.00986	0.00660	0.00226	0.00705	0.05179	0.05227	0.00887

[dist]
# distance from previous block
# <min> <max>
1	6

[block]
# block no. 5 follows, 28 sequences, length 99
# corresponding to MSA columns:
# 598-639,642-688,704-713
name=unknown_F
#
# <colnr> <probs for GDERKNQSTAVLIFYWHMCP>
#	G	D	E	R	K	N	Q	S	T	A	V	L	I	F	Y	W	H	M	C	P
0	0.04954	0.01679	0.12401	0.13875	0.05683	0.05116	0.01472	0.02165	0.13312	0.02313	0.07719	0.08608	0.02458	0.06108	0.00969	0.00282	0.00764	0.08744	0.00520	0.00859
1	0.06139	0.05132	0.06853	0.10654	0.33284	0.01768	0.10916	0.07164	0.01765	0.07262	0.01468	0.01801	0.01134	0.00689	0.00713	0.00222	0.00895	0.00651	0.00422	0.01069
2	0.01374	0.00841	0.01065	0.01042	0.01267	0.00783	0.00793	0.01690	0.04753	0.13508	0.16464	0.23827	0.17343	0.01878	0.04098	0.00302	0.00527	0.06963	0.00725	0.00755
3	0.01121	0.00971	0.01222	0.01207	0.01389	0.05251	0.06452	0.01337	0.01550	0.01988	0.04169	0.39600	0.16781	0.01853	0.00879	0.00272	0.00559	0.08326	0.04415	0.00657
4	0.04048	0.02417	0.20298	0.05155	0.07315	0.12189	0.01742	0.08434	0.15988	0.05287	0.01862	0.02231	0.01470	0.00885	0.00782	0.00235	0.03699	0.04435	0.00500	0.01027
5	0.01926	0.25445	0.33196	0.01727	0.02531	0.05346	0.01921	0.15277	0.01916	0.02549	0.01293	0.01452	0.00988	0.00708	0.00627	0.00203	0.00938	0.00511	0.00395	0.01052
6	0.08180	0.01286	0.01515	0.01237	0.01700	0.01265	0.00999	0.10967	0.10888	0.33856	0.08969	0.03144	0.10677	0.01060	0.00738	0.00230	0.00576	0.00860	0.00787	0.01066
7	0.01644	0.01732	0.08504	0.22989	0.26176	0.01655	0.08510	0.07644	0.01733	0.02388	0.04322	0.02045	0.01364	0.01010	0.04934	0.00285	0.00985	0.00695	0.00398	0.00987
8	0.01590	0.07444	0.01518	0.01209	0.01519	0.01301	0.00961	0.14328	0.09591	0.05831	0.13359	0.20249	0.10007	0.01473	0.00808	0.00248	0.00554	0.06461	0.00690	0.00859
9	0.56663	0.01482	0.01225	0.01110	0.01535	0.05716	0.00906	0.02365	0.07136	0.07338	0.01550	0.02013	0.01279	0.00836	0.00553	0.00234	0.00621	0.06081	0.00518	0.00840
10	0.01516	0.01101	0.01325	0.01378	0.07280	0.01094	0.00968	0.02236	0.19198	0.10865	0.07552	0.07921	0.27766	0.01413	0.00812	0.00248	0.00516	0.05231	0.00698	0.00883
11	0.01937	0.08814	0.02442	0.06068	0.15248	0.06705	0.09800	0.05440	0.11929	0.10121	0.01962	0.06346	0.01614	0.01252	0.06800	0.00305	0.00931	0.00768	0.00512	0.01004
12	0.02214	0.01467	0.07471	0.01287	0.01733	0.04360	0.01117	0.10290	0.02001	0.27856	0.08360	0.03123	0.05250	0.04828	0.04616	0.00297	0.00726	0.03716	0.08308	0.00979
13	0.01135	0.00989	0.00979	0.01004	0.01199	0.06859	0.00749	0.01420	0.04353	0.02138	0.13393	0.22265	0.28607	0.01743	0.00850	0.00255	0.00493	0.06921	0.03983	0.00666
14	0.01887	0.08048	0.08638	0.14691	0.33101	0.01731	0.04918	0.02409	0.04655	0.10616	0.01579	0.01876	0.01208	0.00707	0.00705	0.00220	0.00865	0.00643	0.00429	0.01072
15	0.03278	0.16078	0.21929	0.13905	0.02801	0.01936	0.01764	0.07719	0.15155	0.06057	0.01691	0.01830	0.01261	0.00768	0.00665	0.00220	0.00844	0.00602	0.00465	0.01033
16	0.04037	0.13604	0.09734	0.04727	0.02172	0.10543	0.01369	0.16911	0.02115	0.17582	0.01772	0.01827	0.01279	0.00790	0.00646	0.00204	0.00808	0.00589	0.08255	0.01037
17	0.01011	0.00794	0.01052	0.01262	0.06999	0.00737	0.00838	0.01232	0.01606	0.02106	0.13153	0.32925	0.22000	0.01885	0.00892	0.00271	0.00466	0.09442	0.00663	0.00667
18	0.01778	0.38333	0.25270	0.01818	0.08109	0.06404	0.01785	0.02220	0.01543	0.01969	0.01260	0.04174	0.01098	0.00718	0.00590	0.00192	0.00899	0.00529	0.00332	0.00979
19	0.02126	0.05391	0.02239	0.14299	0.18084	0.22413	0.01615	0.07523	0.01908	0.07741	0.01799	0.02284	0.03952	0.00856	0.00714	0.00218	0.00955	0.04469	0.00459	0.00955
20	0.02085	0.01207	0.01453	0.01221	0.01617	0.01188	0.00982	0.14408	0.07946	0.23720	0.18983	0.03980	0.11855	0.01228	0.00794	0.00236	0.00554	0.04772	0.00788	0.00985
21	0.06211	0.06080	0.05017	0.01964	0.06520	0.10342	0.17918	0.01986	0.01701	0.02292	0.13319	0.09902	0.02644	0.01100	0.00858	0.00242	0.04154	0.06414	0.00494	0.00840
22	0.01834	0.07500	0.01909	0.10474	0.15083	0.01324	0.01295	0.02220	0.05197	0.17925	0.05602	0.11875	0.05935	0.05777	0.00940	0.00264	0.00676	0.02652	0.00586	0.00932
23	0.01781	0.08768	0.01606	0.01290	0.01603	0.01230	0.01092	0.07622	0.03418	0.15158	0.02911	0.05075	0.02816	0.08794	0.04856	0.00363	0.00751	0.29380	0.00645	0.00841
24	0.01815	0.01217	0.01414	0.01310	0.05586	0.01190	0.00964	0.17158	0.04755	0.14418	0.07598	0.04448	0.32481	0.01333	0.00793	0.00233	0.00548	0.01101	0.00715	0.00922
25	0.01761	0.17822	0.24050	0.08928	0.07396	0.01932	0.08512	0.02536	0.11597	0.06283	0.01602	0.01789	0.01208	0.00725	0.00675	0.00218	0.00900	0.00610	0.00419	0.01035
26	0.04264	0.01397	0.01905	0.02078	0.17852	0.01420	0.01358	0.14685	0.02054	0.19904	0.05150	0.09928	0.04017	0.01124	0.00843	0.00242	0.03815	0.06280	0.00650	0.01034
27	0.00946	0.00703	0.00895	0.00936	0.01070	0.00653	0.00673	0.01175	0.01678	0.02268	0.29500	0.30932	0.17028	0.02112	0.05689	0.00320	0.00486	0.01596	0.00703	0.00635
28	0.01763	0.16614	0.29402	0.01962	0.08288	0.14436	0.01889	0.02237	0.01612	0.02038	0.01719	0.01919	0.06839	0.00820	0.00767	0.00214	0.05571	0.00598	0.00357	0.00955
29	0.01566	0.01683	0.08439	0.21004	0.09300	0.01570	0.19354	0.08823	0.01756	0.02360	0.02042	0.12366	0.04519	0.00970	0.00793	0.00245	0.00916	0.00935	0.00445	0.00914
30	0.01811	0.09456	0.07164	0.14020	0.29748	0.14625	0.01831	0.02193	0.01672	0.02075	0.01784	0.02094	0.06916	0.00782	0.00693	0.00212	0.00926	0.00656	0.00375	0.00966
31	0.02352	0.01399	0.01817	0.01849	0.13528	0.01410	0.01249	0.12263	0.13396	0.26735	0.02486	0.06870	0.01875	0.00950	0.00721	0.00225	0.00640	0.00801	0.08323	0.01112
32	0.01658	0.07838	0.08041	0.20729	0.02809	0.04298	0.05691	0.05544	0.01679	0.08264	0.03553	0.13407	0.02080	0.01130	0.00832	0.00249	0.03634	0.07202	0.00497	0.00866
33	0.01668	0.02479	0.27751	0.02741	0.18842	0.01735	0.16326	0.05183	0.08276	0.02470	0.01563	0.01868	0.01192	0.00891	0.03574	0.00269	0.01031	0.00676	0.00396	0.01070
34	0.01940	0.00971	0.01224	0.01063	0.01400	0.00887	0.00830	0.02325	0.06140	0.29011	0.18685	0.10783	0.12476	0.01296	0.00778	0.00232	0.00476	0.01104	0.07467	0.00911
35	0.05373	0.01619	0.01737	0.03335	0.01968	0.06320	0.01186	0.27610	0.06695	0.16759	0.05530	0.07046	0.03943	0.01100	0.00758	0.00236	0.00713	0.06314	0.00711	0.01046
36	0.02083	0.08601	0.02079	0.14568	0.08337	0.01654	0.01393	0.13087	0.11613	0.16083	0.06419	0.04191	0.01976	0.00946	0.00729	0.00229	0.00722	0.03640	0.00618	0.01034
37	0.01800	0.24878	0.29044	0.09122	0.07356	0.12047	0.01967	0.02300	0.01592	0.02008	0.01193	0.01450	0.00947	0.00679	0.00623	0.00202	0.00993	0.00501	0.00323	0.00976
38	0.00925	0.00734	0.00831	0.00817	0.01025	0.00640	0.00609	0.01168	0.01798	0.02323	0.31001	0.09402	0.42701	0.01725	0.00862	0.00241	0.00361	0.01474	0.00723	0.00640
39	0.01522	0.01435	0.02413	0.32030	0.14420	0.01585	0.11659	0.02202	0.10327	0.02210	0.01902	0.02884	0.01626	0.00908	0.00785	0.00252	0.00898	0.09589	0.00438	0.00915
40	0.01899	0.02025	0.08040	0.02412	0.20224	0.13019	0.04602	0.10981	0.09184	0.02532	0.01954	0.06388	0.01760	0.05303	0.00928	0.00261	0.00882	0.06125	0.00496	0.00985
41	0.03603	0.00999	0.01337	0.01353	0.07325	0.00939	0.00965	0.02213	0.01802	0.24137	0.15512	0.03927	0.03085	0.05483	0.00921	0.00258	0.00547	0.09752	0.14957	0.00886
42	0.01341	0.01025	0.01179	0.01136	0.01370	0.01059	0.00880	0.08634	0.13123	0.02481	0.11376	0.08703	0.15460	0.13334	0.01319	0.00337	0.00569	0.15244	0.00667	0.00761
43	0.01601	0.01641	0.02593	0.46356	0.14159	0.07659	0.11574	0.02071	0.01574	0.01996	0.01315	0.01867	0.01013	0.00700	0.00739	0.00234	0.01020	0.00662	0.00339	0.00887
44	0.01583	0.01639	0.08208	0.31629	0.13279	0.01634	0.08239	0.07650	0.01670	0.02306	0.01548	0.05408	0.01274	0.00826	0.00818	0.00237	0.04714	0.00729	0.05695	0.00914
45	0.01331	0.00851	0.01114	0.01085	0.01210	0.00881	0.00791	0.01486	0.01402	0.10335	0.06568	0.21457	0.06158	0.21964	0.09505	0.00492	0.07103	0.05021	0.00583	0.00665
46	0.01588	0.01087	0.01529	0.01559	0.10052	0.01060	0.03827	0.01817	0.01665	0.15299	0.08372	0.05790	0.28624	0.01427	0.01088	0.04898	0.07786	0.01093	0.00617	0.00822
47	0.05063	0.01395	0.01806	0.01476	0.01916	0.01425	0.08166	0.15582	0.14295	0.16816	0.05617	0.12028	0.08862	0.01163	0.00777	0.00241	0.00650	0.01006	0.00706	0.01010
48	0.02789	0.01131	0.01542	0.01258	0.01727	0.00992	0.01029	0.03064	0.01985	0.55977	0.05646	0.09218	0.02462	0.01137	0.00777	0.00241	0.00595	0.06463	0.00856	0.01111
49	0.01045	0.00708	0.00867	0.00924	0.01071	0.00638	0.00656	0.01233	0.01590	0.05681	0.13048	0.40128	0.22128	0.01918	0.00870	0.00264	0.00404	0.01691	0.04489	0.00647
50	0.01571	0.15919	0.53283	0.02133	0.08649	0.01898	0.02397	0.02274	0.01535	0.02206	0.01259	0.01493	0.00943	0.00675	0.00654	0.00216	0.01005	0.00521	0.00312	0.01056
51	0.01922	0.27542	0.30271	0.06144	0.02581	0.01994	0.01844	0.02475	0.03418	0.13176	0.01502	0.01619	0.01106	0.00711	0.00624	0.00205	0.00878	0.00532	0.00418	0.01037
52	0.01439	0.01387	0.02430	0.60795	0.10467	0.01644	0.07716	0.01930	0.01494	0.01943	0.01314	0.01928	0.00996	0.00710	0.00738	0.00240	0.00982	0.00665	0.00330	0.00852
53	0.08294	0.03241	0.54545	0.02013	0.02971	0.01657	0.08041	0.02369	0.01560	0.06726	0.01393	0.01601	0.00981	0.00696	0.00687	0.00231	0.01015	0.00565	0.00362	0.01052
54	0.01631	0.01499	0.02423	0.30291	0.24567	0.01651	0.06056	0.06066	0.07428	0.02342	0.01719	0.02496	0.01438	0.00837	0.00758	0.00241	0.00882	0.06278	0.00427	0.00969
55	0.01664	0.09502	0.26806	0.02019	0.12153	0.01702	0.01795	0.10894	0.05292	0.02497	0.04479	0.02198	0.01549	0.08284	0.05798	0.00330	0.00943	0.00670	0.00434	0.00990
56	0.00899	0.00645	0.00872	0.01026	0.01076	0.00618	0.00695	0.01037	0.01372	0.01841	0.03827	0.67790	0.04547	0.02554	0.07075	0.00371	0.00554	0.01954	0.00650	0.00596
57	0.00929	0.00661	0.00877	0.01021	0.01080	0.00624	0.00704	0.01080	0.01438	0.01924	0.08065	0.59875	0.04757	0.06476	0.01094	0.00319	0.00455	0.07357	0.00668	0.00594
58	0.06269	0.17079	0.12884	0.01628	0.06063	0.05001	0.01443	0.13802	0.04642	0.12137	0.02204	0.02388	0.07178	0.00899	0.00672	0.00215	0.00776	0.03157	0.00541	0.01023
59	0.01745	0.08029	0.06217	0.10302	0.23063	0.01788	0.16940	0.08058	0.04325	0.02379	0.01536	0.02104	0.01286	0.07895	0.01022	0.00270	0.00929	0.00716	0.00407	0.00991
60	0.00967	0.00723	0.00829	0.00826	0.01016	0.00643	0.00611	0.01218	0.01767	0.02369	0.29622	0.12904	0.33931	0.01669	0.00835	0.00238	0.00362	0.01434	0.07393	0.00643
61	0.01586	0.22889	0.44247	0.01920	0.06663	0.01956	0.02146	0.02208	0.01557	0.02181	0.05267	0.01680	0.01289	0.00716	0.00641	0.00209	0.00937	0.00549	0.00340	0.01017
62	0.01801	0.01972	0.06910	0.11501	0.41959	0.07804	0.10149	0.02327	0.04265	0.02280	0.01408	0.01812	0.01134	0.00677	0.00731	0.00222	0.00960	0.00658	0.00370	0.01060
63	0.01392	0.00863	0.01054	0.01023	0.01265	0.00804	0.00782	0.01710	0.05608	0.13765	0.07653	0.17994	0.25424	0.05721	0.04449	0.00329	0.00559	0.08158	0.00696	0.00750
64	0.01393	0.01293	0.02134	0.48748	0.06871	0.01529	0.05934	0.01979	0.07294	0.01998	0.01670	0.06383	0.01396	0.01236	0.06822	0.00324	0.00998	0.00771	0.00390	0.00836
65	0.01485	0.01336	0.02374	0.10584	0.02642	0.01329	0.24427	0.02053	0.07528	0.05455	0.14345	0.05530	0.05759	0.05453	0.01009	0.00277	0.00816	0.06203	0.00547	0.00849
66	0.01680	0.01205	0.04724	0.08352	0.02053	0.01096	0.07783	0.02101	0.06899	0.16665	0.05968	0.14736	0.07229	0.06018	0.01120	0.04935	0.00680	0.05301	0.00615	0.00840
67	0.01747	0.01674	0.02856	0.12795	0.61993	0.01713	0.02205	0.02185	0.01631	0.02312	0.01358	0.01816	0.01129	0.00657	0.00721	0.00219	0.00876	0.00647	0.00355	0.01109
68	0.06729	0.01193	0.01464	0.01335	0.01600	0.05291	0.06305	0.04841	0.07317	0.06544	0.02839	0.20090	0.05874	0.07419	0.13013	0.00446	0.00886	0.05465	0.00573	0.00775
69	0.02247	0.11318	0.06282	0.01976	0.14480	0.04822	0.01431	0.10113	0.08777	0.20287	0.02173	0.02211	0.04086	0.01130	0.05206	0.00275	0.00834	0.00682	0.00587	0.01083
70	0.15616	0.01600	0.06253	0.05865	0.02013	0.04821	0.01193	0.11913	0.06277	0.20770	0.08978	0.02671	0.05663	0.00964	0.00701	0.00229	0.00679	0.02141	0.00657	0.00995
71	0.00883	0.00643	0.00833	0.00985	0.01047	0.00593	0.00663	0.01015	0.01418	0.01866	0.04338	0.67371	0.11202	0.02234	0.00921	0.00290	0.00416	0.02014	0.00675	0.00593
72	0.01672	0.05939	0.02566	0.02227	0.11606	0.01742	0.17126	0.08737	0.08951	0.02429	0.02327	0.10212	0.07578	0.01077	0.01037	0.00250	0.12156	0.00933	0.00492	0.00942
73	0.02043	0.20019	0.11121	0.01638	0.02198	0.11944	0.09367	0.06515	0.01803	0.10402	0.01774	0.05308	0.01482	0.00856	0.00667	0.00208	0.00870	0.03576	0.07260	0.00949
74	0.01649	0.01769	0.03485	0.14504	0.10628	0.01850	0.39625	0.02152	0.01574	0.02167	0.01351	0.01883	0.01063	0.00737	0.01057	0.00253	0.12196	0.00767	0.00352	0.00941
75	0.04627	0.08677	0.07582	0.01476	0.01882	0.01373	0.06959	0.07478	0.04807	0.04240	0.03027	0.07528	0.09119	0.01610	0.05006	0.00318	0.00799	0.22088	0.00567	0.00837
76	0.01869	0.07383	0.31888	0.01953	0.08234	0.06336	0.01912	0.02553	0.07504	0.12532	0.01936	0.04084	0.01555	0.00892	0.00718	0.00232	0.00891	0.06007	0.00482	0.01041
77	0.28006	0.01915	0.10388	0.06028	0.02210	0.08685	0.07283	0.06186	0.06235	0.04630	0.07556	0.02126	0.04210	0.00837	0.00651	0.00227	0.00779	0.00656	0.00496	0.00896
78	0.00907	0.00651	0.00847	0.00978	0.01038	0.00607	0.00656	0.01048	0.01442	0.01926	0.09757	0.60874	0.07765	0.06500	0.01084	0.00312	0.00429	0.01917	0.00672	0.00591
79	0.01692	0.01630	0.02496	0.42742	0.18593	0.07720	0.07566	0.02141	0.01599	0.04925	0.01376	0.01878	0.01053	0.00709	0.00730	0.00231	0.00983	0.00653	0.00364	0.00918
80	0.07501	0.02026	0.06159	0.01925	0.08066	0.13656	0.07028	0.16745	0.06087	0.10874	0.01925	0.09273	0.01605	0.00952	0.00771	0.00229	0.02818	0.00780	0.00565	0.01015
81	0.12776	0.08843	0.01644	0.01201	0.01577	0.01324	0.00987	0.02336	0.01637	0.27618	0.05195	0.10081	0.06622	0.01500	0.07006	0.00317	0.06911	0.00863	0.00639	0.00922
82	0.01081	0.00856	0.01249	0.01418	0.08392	0.00807	0.05033	0.01290	0.01473	0.02005	0.03852	0.40966	0.13996	0.06119	0.01020	0.00289	0.00520	0.01576	0.07380	0.00676
83	0.02459	0.01737	0.01801	0.01502	0.01948	0.14261	0.04157	0.13577	0.07019	0.25718	0.02711	0.08879	0.05929	0.01086	0.00760	0.00232	0.00771	0.03731	0.00695	0.01028
84	0.22427	0.01433	0.01798	0.31411	0.08862	0.04542	0.01511	0.05892	0.01578	0.02497	0.01508	0.02260	0.01265	0.00832	0.00665	0.00237	0.00805	0.06175	0.03459	0.00842
85	0.00948	0.00667	0.00886	0.01002	0.01060	0.00660	0.00683	0.01092	0.01324	0.01814	0.03413	0.51840	0.03958	0.10368	0.13111	0.00481	0.00705	0.01687	0.03713	0.00588
86	0.05567	0.01686	0.01920	0.07700	0.02287	0.01844	0.01296	0.36117	0.12926	0.14506	0.05144	0.02173	0.01694	0.00902	0.00725	0.00226	0.00721	0.00712	0.00714	0.01143
87	0.01534	0.06313	0.15069	0.19833	0.06245	0.04421	0.12373	0.02013	0.01508	0.02031	0.01530	0.02356	0.01319	0.01166	0.05443	0.00307	0.09041	0.06248	0.00364	0.00885
88	0.01923	0.01279	0.01660	0.01398	0.01784	0.01320	0.06726	0.02920	0.28512	0.18236	0.10043	0.06324	0.02672	0.07341	0.01013	0.00278	0.00610	0.00929	0.04035	0.00998
89	0.02275	0.07970	0.02036	0.07670	0.02198	0.06541	0.01277	0.27787	0.05452	0.12104	0.09527	0.05036	0.02049	0.00979	0.00790	0.00223	0.03639	0.00765	0.00646	0.01037
90	0.01799	0.29797	0.24248	0.06121	0.08310	0.10679	0.01831	0.02251	0.01567	0.01969	0.01206	0.01477	0.00991	0.00887	0.03831	0.00239	0.01008	0.00500	0.00326	0.00964
91	0.01541	0.01323	0.05737	0.06517	0.11734	0.01241	0.01404	0.05233	0.09341	0.06402	0.03070	0.04974	0.06938	0.04298	0.00965	0.00292	0.00716	0.26803	0.00596	0.00875
92	0.00884	0.00637	0.00839	0.01000	0.01051	0.00591	0.00669	0.01014	0.01404	0.01860	0.04157	0.70974	0.07716	0.02258	0.00925	0.00293	0.00419	0.02043	0.00675	0.00591
93	0.02255	0.02263	0.01942	0.05035	0.06170	0.27146	0.01348	0.17372	0.13601	0.02784	0.06301	0.02055	0.01682	0.00876	0.00738	0.00213	0.02486	0.00660	0.04093	0.00981
94	0.02085	0.14330	0.15011	0.06977	0.15875	0.13876	0.01716	0.02492	0.01717	0.12389	0.01535	0.01726	0.01163	0.00724	0.00651	0.00204	0.00905	0.00568	0.05048	0.01009
95	0.02070	0.01124	0.01385	0.01180	0.01557	0.01071	0.00940	0.10904	0.05156	0.27273	0.15670	0.09852	0.12987	0.01314	0.00802	0.00240	0.00540	0.04189	0.00789	0.00959
96	0.01332	0.00993	0.01066	0.01103	0.01277	0.06862	0.00818	0.01519	0.01604	0.08627	0.06566	0.33567	0.13924	0.06470	0.01060	0.00301	0.00562	0.11003	0.00660	0.00685
97	0.01759	0.25236	0.29418	0.05919	0.02624	0.04923	0.04863	0.02273	0.01589	0.06399	0.01533	0.02094	0.01276	0.00798	0.00659	0.00215	0.00928	0.06133	0.00384	0.00975
98	0.05350	0.06321	0.01984	0.01562	0.01986	0.15236	0.01265	0.28609	0.08571	0.03131	0.04375	0.02203	0.01616	0.01326	0.06946	0.00304	0.04251	0.03387	0.00577	0.01000

[dist]
# distance from previous block
# <min> <max>
2	18

[block]
# block no. 6 follows, 28 sequences, length 12
# corresponding to MSA columns:
# 732-743
name=unknown_G
#
# <colnr> <probs for GDERKNQSTAVLIFYWHMCP>
#	G	D	E	R	K	N	Q	S	T	A	V	L	I	F	Y	W	H	M	C	P
0	0.18978	0.01272	0.01383	0.01174	0.01594	0.01319	0.00940	0.07561	0.14614	0.21105	0.13687	0.03054	0.08262	0.01042	0.00703	0.00231	0.00545	0.00833	0.00723	0.00979
1	0.06836	0.01755	0.08290	0.07825	0.02450	0.06082	0.12504	0.14158	0.01924	0.05653	0.06076	0.05128	0.01873	0.03888	0.08999	0.00359	0.01001	0.03779	0.00512	0.00908
2	0.02358	0.01694	0.01698	0.07371	0.02090	0.14203	0.01179	0.11677	0.10029	0.22483	0.05284	0.07879	0.02008	0.00995	0.00724	0.00223	0.00749	0.00803	0.05543	0.01008
3	0.01682	0.07352	0.35099	0.02331	0.07249	0.01802	0.19136	0.07361	0.01731	0.02459	0.01367	0.01653	0.01018	0.00668	0.00715	0.00220	0.01025	0.00620	0.00367	0.06146
4	0.01054	0.00817	0.01201	0.01141	0.01325	0.00758	0.06418	0.01283	0.01657	0.02218	0.23799	0.23949	0.15406	0.01817	0.01047	0.06407	0.00500	0.07903	0.00658	0.00643
5	0.01633	0.08110	0.14223	0.02318	0.19549	0.01611	0.05738	0.02120	0.05858	0.05182	0.06032	0.02396	0.01731	0.09949	0.01299	0.03139	0.07022	0.00727	0.00429	0.00933
6	0.01701	0.01658	0.02992	0.08825	0.17536	0.01710	0.26721	0.08702	0.01788	0.02471	0.05758	0.02173	0.01530	0.01171	0.06981	0.00319	0.05788	0.00781	0.00425	0.00969
7	0.01069	0.00850	0.00912	0.00957	0.01077	0.03988	0.00678	0.01213	0.01453	0.01829	0.06947	0.18514	0.20251	0.25332	0.01801	0.00413	0.00575	0.10977	0.00590	0.00576
8	0.01854	0.01388	0.02230	0.31106	0.11960	0.01501	0.07276	0.07792	0.01764	0.14121	0.01868	0.07665	0.01504	0.01054	0.03499	0.00274	0.00897	0.00796	0.00497	0.00955
9	0.06290	0.01604	0.02396	0.09743	0.02670	0.01688	0.17431	0.17728	0.06261	0.14147	0.01870	0.02047	0.01346	0.00809	0.00798	0.00231	0.03926	0.00714	0.07275	0.01030
10	0.01546	0.01037	0.01213	0.01139	0.01414	0.03644	0.00908	0.06818	0.01842	0.12704	0.11601	0.09382	0.19473	0.02074	0.10220	0.00377	0.00739	0.12402	0.00677	0.00787
11	0.01515	0.01366	0.02269	0.21174	0.21068	0.01481	0.08334	0.06069	0.01567	0.02147	0.01585	0.02328	0.01374	0.08045	0.16066	0.00471	0.01141	0.00732	0.00388	0.00880

[dist]
# distance from previous block
# <min> <max>
5	17

[block]
# block no. 7 follows, 28 sequences, length 16
# corresponding to MSA columns:
# 762-771,774-779
name=unknown_H
#
# <colnr> <probs for GDERKNQSTAVLIFYWHMCP>
#	G	D	E	R	K	N	Q	S	T	A	V	L	I	F	Y	W	H	M	C	P
0	0.05397	0.25165	0.22308	0.01649	0.02316	0.13217	0.01683	0.08866	0.06469	0.02337	0.01321	0.01475	0.01044	0.00735	0.00667	0.00203	0.03248	0.00509	0.00397	0.00994
1	0.01437	0.01161	0.04256	0.06469	0.05417	0.04235	0.01031	0.01767	0.08294	0.05036	0.18868	0.03135	0.02838	0.05464	0.04785	0.23041	0.00704	0.00847	0.00521	0.00694
2	0.00929	0.00730	0.00803	0.00825	0.01002	0.00648	0.00598	0.01100	0.01566	0.01950	0.10682	0.12418	0.43626	0.13820	0.01343	0.00330	0.00447	0.05944	0.00645	0.00592
3	0.02055	0.01551	0.02081	0.04934	0.02259	0.01640	0.10712	0.22825	0.14629	0.09663	0.08231	0.02995	0.02232	0.05093	0.00946	0.00266	0.00755	0.05443	0.00662	0.01030
4	0.01042	0.00707	0.00789	0.00789	0.00807	0.00698	0.00449	0.01056	0.01102	0.01451	0.02673	0.04926	0.07698	0.68973	0.03485	0.00670	0.00679	0.01093	0.00458	0.00454
5	0.01578	0.01338	0.01316	0.04439	0.01611	0.10157	0.00937	0.03720	0.16646	0.05698	0.18951	0.09003	0.09503	0.05321	0.00930	0.00256	0.00600	0.01041	0.06128	0.00825
6	0.07831	0.06569	0.03865	0.01263	0.01868	0.01453	0.01074	0.16222	0.01992	0.13863	0.01761	0.01809	0.02957	0.00722	0.00611	0.00169	0.00637	0.00553	0.00566	0.34212
7	0.05802	0.01258	0.01532	0.01348	0.06432	0.01072	0.00980	0.04881	0.01652	0.07168	0.04897	0.08318	0.01841	0.00848	0.00636	0.00166	0.00566	0.03331	0.00521	0.46751
8	0.05497	0.34598	0.17342	0.01667	0.02340	0.13939	0.06200	0.06823	0.01726	0.02156	0.01174	0.01364	0.00957	0.00677	0.00590	0.00190	0.00952	0.00485	0.00360	0.00965
9	0.07286	0.05494	0.06575	0.01420	0.01791	0.07724	0.04811	0.04902	0.01518	0.07157	0.01676	0.02429	0.01495	0.08750	0.13146	0.06358	0.05971	0.03314	0.00444	0.07739
10	0.05779	0.10646	0.10611	0.01678	0.02254	0.10083	0.05960	0.24039	0.05969	0.06093	0.04633	0.02195	0.01584	0.00877	0.00702	0.00220	0.00861	0.04221	0.00557	0.01037
11	0.00918	0.00675	0.00850	0.00938	0.01038	0.00618	0.00647	0.01092	0.01556	0.02069	0.17767	0.46234	0.15703	0.05095	0.01019	0.00291	0.00409	0.01785	0.00690	0.00607
12	0.01207	0.00901	0.00983	0.01047	0.01171	0.05642	0.00746	0.01383	0.01532	0.05124	0.08355	0.39431	0.07544	0.09257	0.01151	0.00313	0.00529	0.07045	0.05997	0.00643
13	0.05016	0.06964	0.02341	0.04960	0.05888	0.08520	0.12204	0.12531	0.01831	0.02444	0.01929	0.15429	0.01892	0.01140	0.00981	0.00249	0.10447	0.03858	0.00488	0.00887
14	0.02580	0.12705	0.08114	0.01513	0.02102	0.06314	0.06017	0.03018	0.05481	0.37941	0.05278	0.02228	0.01737	0.00840	0.00698	0.00215	0.00758	0.00686	0.00673	0.01102
15	0.00880	0.00721	0.00776	0.00797	0.01003	0.00617	0.00585	0.01070	0.01654	0.02039	0.12889	0.17464	0.53232	0.01876	0.00870	0.00252	0.00374	0.01597	0.00687	0.00617

[dist]
# distance from previous block
# <min> <max>
0	7

[block]
# block no. 8 follows, 28 sequences, length 18
# corresponding to MSA columns:
# 802-819
name=unknown_I
#
# <colnr> <probs for GDERKNQSTAVLIFYWHMCP>
#	G	D	E	R	K	N	Q	S	T	A	V	L	I	F	Y	W	H	M	C	P
0	0.08532	0.01628	0.02151	0.21845	0.12059	0.07941	0.05444	0.06140	0.01797	0.18580	0.01675	0.01893	0.01203	0.00746	0.00695	0.00219	0.00850	0.00630	0.00512	0.05460
1	0.02326	0.02420	0.02066	0.11476	0.06417	0.32072	0.01498	0.18393	0.05785	0.02603	0.01619	0.02136	0.01345	0.00880	0.00718	0.00218	0.01026	0.05553	0.00495	0.00954
2	0.03863	0.01268	0.02360	0.01916	0.02286	0.01221	0.28405	0.01721	0.01540	0.02114	0.02561	0.16731	0.02658	0.09665	0.03553	0.00356	0.00898	0.15621	0.00503	0.00762
3	0.69023	0.01307	0.01016	0.00918	0.01330	0.01502	0.00750	0.02077	0.01276	0.03187	0.01196	0.01387	0.00933	0.00698	0.00458	0.00217	0.00532	0.00432	0.10989	0.00772
4	0.12503	0.26815	0.07335	0.01481	0.02042	0.16074	0.01332	0.14266	0.05771	0.04218	0.01343	0.01447	0.01063	0.00732	0.00587	0.00194	0.00865	0.00497	0.00456	0.00980
5	0.00979	0.00741	0.00903	0.00862	0.01056	0.00665	0.00647	0.01276	0.01941	0.02637	0.51380	0.05887	0.25188	0.01590	0.00858	0.00234	0.00350	0.01379	0.00764	0.00665
6	0.01502	0.01378	0.01863	0.01577	0.01883	0.05064	0.11771	0.07304	0.09901	0.02494	0.14559	0.13554	0.09800	0.01342	0.01017	0.00257	0.09127	0.04173	0.00601	0.00835
7	0.10620	0.03736	0.01393	0.01171	0.01505	0.05000	0.00912	0.13954	0.07358	0.02886	0.15742	0.15230	0.07777	0.01253	0.00734	0.00227	0.00563	0.01041	0.03670	0.05230
8	0.02223	0.01856	0.01735	0.01458	0.01865	0.15723	0.01152	0.26253	0.06240	0.08527	0.16154	0.02758	0.04508	0.01270	0.04722	0.00270	0.00832	0.00803	0.00665	0.00985
9	0.16194	0.11799	0.01970	0.01407	0.01887	0.24150	0.01137	0.10437	0.01929	0.05890	0.05344	0.01651	0.01360	0.00757	0.00602	0.00187	0.00847	0.00525	0.00482	0.11445
10	0.01774	0.06057	0.06721	0.06582	0.05934	0.01340	0.06324	0.05969	0.01679	0.12301	0.04552	0.02289	0.01624	0.05288	0.10416	0.00352	0.00903	0.00680	0.03528	0.15687
11	0.16696	0.01583	0.01671	0.07073	0.08390	0.08943	0.01199	0.11236	0.01904	0.09954	0.05949	0.02664	0.07433	0.00939	0.00683	0.00217	0.00716	0.04100	0.00558	0.08091
12	0.02134	0.01829	0.01841	0.01629	0.05938	0.13078	0.01216	0.23304	0.02278	0.06772	0.06745	0.05760	0.05580	0.00975	0.00806	0.00207	0.04898	0.00755	0.00585	0.13671
13	0.01606	0.01580	0.05573	0.01507	0.05565	0.10888	0.01168	0.10329	0.05152	0.02403	0.05150	0.12347	0.13220	0.01442	0.00915	0.04418	0.00712	0.11684	0.00578	0.03764
14	0.23064	0.01649	0.01615	0.01382	0.01775	0.07839	0.01118	0.11301	0.11473	0.05479	0.04235	0.02160	0.01568	0.00931	0.00873	0.00231	0.10460	0.04010	0.00546	0.08290
15	0.01731	0.13436	0.03717	0.01277	0.01669	0.10120	0.01065	0.14124	0.02024	0.02584	0.15829	0.05445	0.09481	0.03350	0.05014	0.00279	0.00768	0.02529	0.00567	0.04991
16	0.06261	0.03472	0.05241	0.12971	0.05952	0.03887	0.01244	0.06915	0.01763	0.09599	0.09446	0.19442	0.06308	0.01282	0.00774	0.00245	0.00669	0.03097	0.00586	0.00846
17	0.06133	0.01844	0.04432	0.12638	0.02376	0.13838	0.01311	0.15316	0.07872	0.06709	0.05088	0.04503	0.01709	0.05185	0.03569	0.00281	0.00874	0.00715	0.00539	0.05069

[dist]
# distance from previous block
# <min> <max>
26	124

[block]
# block no. 9 follows, 28 sequences, length 8
# corresponding to MSA columns:
# 982-989
name=unknown_J
#
# <colnr> <probs for GDERKNQSTAVLIFYWHMCP>
#	G	D	E	R	K	N	Q	S	T	A	V	L	I	F	Y	W	H	M	C	P
0	0.01773	0.01708	0.02033	0.03994	0.11434	0.10060	0.04898	0.08653	0.05203	0.02386	0.01988	0.06061	0.06595	0.00952	0.00954	0.00215	0.11680	0.00743	0.00469	0.18201
1	0.07070	0.00870	0.01075	0.01191	0.07219	0.00822	0.00791	0.01379	0.01782	0.02521	0.34154	0.11303	0.24115	0.01523	0.00821	0.00238	0.00421	0.01315	0.00686	0.00706
2	0.02066	0.01810	0.02062	0.01999	0.11558	0.13158	0.07183	0.14435	0.10404	0.07031	0.08598	0.02648	0.02079	0.00931	0.00737	0.00222	0.00802	0.04128	0.07155	0.00995
3	0.07328	0.00910	0.01210	0.11161	0.01744	0.00919	0.00921	0.01682	0.01830	0.09717	0.39626	0.12659	0.04777	0.01351	0.00803	0.00238	0.00487	0.01180	0.00701	0.00757
4	0.05802	0.01653	0.02093	0.33461	0.15853	0.10930	0.01689	0.02137	0.04852	0.02096	0.01402	0.01935	0.01146	0.04511	0.00839	0.00242	0.00904	0.00621	0.00379	0.07454
5	0.01882	0.02031	0.09057	0.04777	0.02221	0.13795	0.04579	0.09083	0.12109	0.04850	0.02326	0.02411	0.09316	0.00912	0.00794	0.00212	0.04738	0.00714	0.00517	0.13677
6	0.10649	0.01475	0.01669	0.07344	0.02033	0.03522	0.01150	0.13332	0.10272	0.10699	0.07871	0.02206	0.01821	0.00891	0.00819	0.00216	0.07109	0.00673	0.03305	0.12945
7	0.05792	0.01397	0.01900	0.34472	0.08894	0.06650	0.01571	0.01948	0.01606	0.05772	0.12197	0.05772	0.02122	0.00958	0.00850	0.00240	0.05776	0.00795	0.00459	0.00831

[dist]
# distance from previous block
# <min> <max>
0	9

[block]
# block no. 10 follows, 28 sequences, length 11
# corresponding to MSA columns:
# 999-1009
name=unknown_K
#
# <colnr> <probs for GDERKNQSTAVLIFYWHMCP>
#	G	D	E	R	K	N	Q	S	T	A	V	L	I	F	Y	W	H	M	C	P
0	0.06755	0.01469	0.01974	0.04827	0.15696	0.01503	0.03705	0.13594	0.09551	0.14808	0.12930	0.02562	0.02292	0.00903	0.00729	0.00221	0.00678	0.00774	0.00638	0.04391
1	0.01695	0.07408	0.01739	0.01332	0.05757	0.01210	0.00996	0.06367	0.01729	0.08218	0.07604	0.08734	0.01992	0.00850	0.00636	0.00164	0.00574	0.00711	0.00531	0.41755
2	0.01521	0.01250	0.03536	0.04272	0.01707	0.01202	0.01037	0.15680	0.02094	0.02911	0.26114	0.05680	0.06016	0.03955	0.00954	0.00242	0.03450	0.05873	0.00646	0.11861
3	0.01259	0.01041	0.01509	0.04177	0.06795	0.01043	0.06700	0.04690	0.07237	0.02274	0.10238	0.26794	0.09098	0.07173	0.01079	0.00299	0.00605	0.06615	0.00614	0.00759
4	0.01677	0.01374	0.01411	0.01242	0.01589	0.05506	0.00986	0.20197	0.10347	0.03011	0.16134	0.04480	0.20874	0.01350	0.00808	0.00239	0.00592	0.06597	0.00702	0.00885
