[name]
unknown

[dist]
# distance from previous block
# <min> <max>
0	56

[block]
# block no. 0 follows, 39 sequences, length 47
# corresponding to MSA columns:
# 69-115
name=unknown_A
#
# <colnr> <probs for GDERKNQSTAVLIFYWHMCP>
#	G	D	E	R	K	N	Q	S	T	A	V	L	I	F	Y	W	H	M	C	P
0	0.01458	0.09767	0.17878	0.01664	0.14928	0.06076	0.01332	0.05288	0.07669	0.07121	0.04471	0.06827	0.01547	0.00779	0.00582	0.00182	0.00649	0.05967	0.02223	0.03590
1	0.02994	0.10863	0.21131	0.03183	0.05149	0.04583	0.04065	0.09116	0.10403	0.05763	0.03144	0.04974	0.03736	0.00731	0.00632	0.00183	0.04514	0.00579	0.01826	0.02430
2	0.07317	0.15860	0.17626	0.04830	0.09294	0.13454	0.11104	0.05296	0.03084	0.03520	0.02664	0.01342	0.00941	0.00578	0.00539	0.00171	0.00788	0.00473	0.00322	0.00798
3	0.08583	0.18825	0.03839	0.03288	0.06064	0.09167	0.02907	0.12789	0.06441	0.04839	0.03337	0.01839	0.09070	0.00715	0.00556	0.00167	0.02206	0.00545	0.00410	0.04412
4	0.03205	0.08706	0.18358	0.01723	0.15665	0.05700	0.03240	0.13911	0.03395	0.05510	0.01905	0.03660	0.11007	0.00745	0.00578	0.00179	0.00672	0.00610	0.00401	0.00829
5	0.01058	0.00845	0.00801	0.00773	0.00829	0.08860	0.00488	0.02987	0.01017	0.01300	0.01711	0.03289	0.01874	0.59236	0.05900	0.03301	0.00660	0.00764	0.03882	0.00424
6	0.00845	0.00634	0.00950	0.00950	0.01056	0.00739	0.00739	0.01056	0.00950	0.01373	0.01584	0.02323	0.01478	0.04435	0.76873	0.00950	0.01584	0.00634	0.00317	0.00528
7	0.03539	0.08606	0.15364	0.01764	0.15434	0.10032	0.02996	0.13118	0.12298	0.02160	0.01541	0.06052	0.03112	0.00712	0.00571	0.00180	0.00696	0.00582	0.00398	0.00844
8	0.01834	0.17413	0.02201	0.02142	0.28998	0.21005	0.01337	0.03972	0.01468	0.10350	0.01144	0.01316	0.00915	0.00587	0.00570	0.00163	0.02946	0.00455	0.00346	0.00838
9	0.07025	0.01128	0.01416	0.01091	0.01547	0.01064	0.00901	0.15262	0.01846	0.59190	0.02089	0.01851	0.01338	0.00718	0.00582	0.00182	0.00527	0.00569	0.00687	0.00986
10	0.01904	0.01354	0.07047	0.02048	0.20827	0.01160	0.16685	0.02255	0.01510	0.33070	0.04834	0.01836	0.01338	0.00639	0.00617	0.00185	0.00675	0.00609	0.00491	0.00916
11	0.01571	0.07394	0.13538	0.02385	0.31668	0.18161	0.06374	0.03483	0.01420	0.01790	0.01251	0.01490	0.03990	0.00603	0.00598	0.00173	0.02474	0.00508	0.00303	0.00827
12	0.00845	0.00634	0.00950	0.00950	0.01056	0.00739	0.00739	0.01056	0.00950	0.01373	0.01584	0.02323	0.01478	0.04435	0.76873	0.00950	0.01584	0.00634	0.00317	0.00528
13	0.01027	0.00514	0.00770	0.00770	0.00770	0.00514	0.00514	0.00770	0.00770	0.01027	0.01027	0.01798	0.01027	0.02054	0.02311	0.82794	0.00514	0.00514	0.00257	0.00257
14	0.01954	0.10932	0.14619	0.01502	0.05343	0.01683	0.04719	0.39262	0.02096	0.10156	0.01355	0.01405	0.00971	0.00645	0.00567	0.00175	0.00691	0.00505	0.00480	0.00942
15	0.03177	0.03858	0.14281	0.08347	0.30380	0.08875	0.04989	0.06675	0.04910	0.01979	0.03233	0.01490	0.01035	0.00608	0.00627	0.00182	0.03660	0.00518	0.00329	0.00845
16	0.00775	0.00602	0.00705	0.00679	0.00846	0.00532	0.00510	0.00997	0.01529	0.02026	0.44349	0.04985	0.36662	0.01338	0.00698	0.00192	0.00288	0.01149	0.00606	0.00532
17	0.01313	0.04989	0.07961	0.00988	0.01540	0.00988	0.00877	0.06697	0.01338	0.02026	0.01068	0.01229	0.00868	0.00472	0.00457	0.00105	0.00501	0.00369	0.00354	0.65860
18	0.02088	0.01024	0.01314	0.00982	0.01467	0.00837	0.00802	0.02330	0.01508	0.46602	0.01825	0.01701	0.01231	0.00615	0.00533	0.00145	0.00477	0.00498	0.00581	0.33439
19	0.01471	0.01270	0.01337	0.01203	0.01538	0.01471	0.00936	0.03142	0.74459	0.02474	0.02407	0.02206	0.01805	0.00802	0.00602	0.00201	0.00468	0.00669	0.00602	0.00936
20	0.00964	0.00902	0.02668	0.00820	0.01008	0.08815	0.00637	0.01212	0.01595	0.02095	0.50674	0.04249	0.19757	0.01190	0.00677	0.00185	0.00383	0.01018	0.00582	0.00567
21	0.01807	0.49916	0.02606	0.01214	0.01668	0.21079	0.02772	0.09686	0.01497	0.01670	0.00919	0.01045	0.00790	0.00554	0.00449	0.00140	0.00753	0.00365	0.00304	0.00768
22	0.83394	0.01144	0.00869	0.00778	0.01144	0.01327	0.00640	0.01738	0.01006	0.02653	0.00823	0.00961	0.00640	0.00549	0.00366	0.00183	0.00457	0.00320	0.00366	0.00640
23	0.00916	0.00660	0.00902	0.00991	0.01131	0.00646	0.00844	0.01185	0.01431	0.01897	0.19329	0.06127	0.06922	0.01533	0.00785	0.00250	0.00475	0.52862	0.00568	0.00546
24	0.00721	0.00515	0.00686	0.00823	0.00858	0.00480	0.00549	0.00823	0.01132	0.01510	0.03259	0.78831	0.03911	0.01853	0.00755	0.00240	0.00343	0.01681	0.00549	0.00480
25	0.83394	0.01144	0.00869	0.00778	0.01144	0.01327	0.00640	0.01738	0.01006	0.02653	0.00823	0.00961	0.00640	0.00549	0.00366	0.00183	0.00457	0.00320	0.00366	0.00640
26	0.74614	0.01325	0.00956	0.00858	0.01218	0.09494	0.00695	0.01806	0.01079	0.02523	0.00833	0.00972	0.00654	0.00555	0.00384	0.00180	0.00523	0.00327	0.00359	0.00645
27	0.00823	0.00569	0.00673	0.00699	0.00725	0.00564	0.00428	0.00867	0.00947	0.01259	0.02353	0.17804	0.06873	0.54412	0.08072	0.00517	0.00591	0.01019	0.00402	0.00403
28	0.74534	0.01157	0.00920	0.00824	0.01186	0.01342	0.00672	0.01890	0.08950	0.02634	0.00995	0.01095	0.00766	0.00576	0.00391	0.00185	0.00459	0.00358	0.00391	0.00672
29	0.01010	0.00780	0.01015	0.00949	0.01011	0.00916	0.00702	0.04357	0.01022	0.01452	0.03099	0.02856	0.01726	0.33476	0.23860	0.00577	0.15632	0.02457	0.02597	0.00506
30	0.00727	0.00589	0.00645	0.00654	0.00822	0.00508	0.00482	0.00894	0.01380	0.01728	0.18309	0.14842	0.53374	0.01490	0.00706	0.00202	0.00301	0.01271	0.00568	0.00508
31	0.02206	0.01749	0.01743	0.01368	0.01819	0.09021	0.01116	0.63211	0.06244	0.03446	0.01420	0.01425	0.01022	0.00705	0.00586	0.00176	0.00682	0.00525	0.00565	0.00971
32	0.04967	0.09320	0.06532	0.06856	0.10243	0.01335	0.16532	0.03729	0.02851	0.10279	0.01511	0.09973	0.01335	0.04396	0.02407	0.00226	0.05686	0.00680	0.00383	0.00760
33	0.01208	0.00975	0.01077	0.01038	0.04379	0.01027	0.00760	0.09608	0.26743	0.02265	0.10960	0.05263	0.24621	0.01054	0.00631	0.00192	0.00410	0.00884	0.06172	0.00733
34	0.01564	0.76286	0.06237	0.01041	0.01563	0.02298	0.01062	0.01775	0.01204	0.01412	0.00832	0.00962	0.00758	0.00508	0.00387	0.00129	0.00643	0.00321	0.00253	0.00764
35	0.00700	0.00596	0.00603	0.00609	0.00801	0.00498	0.00454	0.00848	0.01339	0.01594	0.05876	0.08778	0.72276	0.01513	0.00701	0.00201	0.00301	0.01266	0.00549	0.00498
36	0.03420	0.10694	0.11376	0.10249	0.16199	0.02833	0.25337	0.04771	0.01369	0.03698	0.01142	0.01456	0.00889	0.00673	0.03175	0.00208	0.00845	0.00546	0.00308	0.00812
37	0.66016	0.05068	0.03568	0.00844	0.01218	0.01342	0.00720	0.04751	0.01108	0.04431	0.00959	0.01194	0.00779	0.05342	0.00550	0.00204	0.00497	0.00373	0.00375	0.00662
38	0.02246	0.01727	0.01769	0.01371	0.01834	0.06394	0.01125	0.69227	0.02713	0.03588	0.01389	0.01398	0.00991	0.00704	0.00588	0.00176	0.00676	0.00523	0.00574	0.00986
39	0.01611	0.03457	0.18726	0.07781	0.18224	0.06414	0.01474	0.10256	0.09015	0.10394	0.04320	0.01714	0.02658	0.00662	0.00583	0.00182	0.00695	0.00550	0.00414	0.00873
40	0.03031	0.01336	0.03630	0.04931	0.12498	0.09310	0.10639	0.08303	0.06177	0.05787	0.07632	0.11745	0.06741	0.00988	0.02502	0.00212	0.00668	0.02677	0.00447	0.00746
41	0.00849	0.00569	0.00648	0.00659	0.00662	0.00566	0.00373	0.00857	0.00881	0.01175	0.01972	0.09693	0.02287	0.73207	0.02835	0.00547	0.00555	0.00924	0.00373	0.00368
42	0.00721	0.00515	0.00686	0.00823	0.00858	0.00480	0.00549	0.00823	0.01132	0.01510	0.03259	0.78831	0.03911	0.01853	0.00755	0.00240	0.00343	0.01681	0.00549	0.00480
43	0.01485	0.01575	0.06630	0.16399	0.39126	0.08460	0.04678	0.06607	0.01428	0.01907	0.01149	0.01574	0.00948	0.00604	0.00631	0.00184	0.03004	0.02459	0.00312	0.00839
44	0.01625	0.03545	0.10647	0.04371	0.07761	0.04852	0.17341	0.20238	0.05212	0.05062	0.01379	0.05002	0.01105	0.00792	0.02604	0.00211	0.06398	0.00608	0.00405	0.00842
45	0.00716	0.00546	0.00659	0.00744	0.00838	0.00489	0.00515	0.00841	0.01222	0.01565	0.06276	0.51569	0.28466	0.01712	0.00734	0.00225	0.00326	0.01515	0.00552	0.00489
46	0.00904	0.00668	0.00889	0.04267	0.08048	0.00680	0.00611	0.00987	0.00973	0.01315	0.01974	0.16151	0.02229	0.50108	0.07310	0.00488	0.00625	0.00938	0.00377	0.00459

[dist]
# distance from previous block
# <min> <max>
3	8

[block]
# block no. 1 follows, 39 sequences, length 45
# corresponding to MSA columns:
# 131-175
name=unknown_B
#
# <colnr> <probs for GDERKNQSTAVLIFYWHMCP>
#	G	D	E	R	K	N	Q	S	T	A	V	L	I	F	Y	W	H	M	C	P
0	0.03904	0.01360	0.01936	0.26652	0.29644	0.06582	0.03074	0.01967	0.13483	0.01863	0.01280	0.01580	0.01008	0.00611	0.00615	0.00188	0.02568	0.00537	0.00337	0.00811
1	0.05056	0.05293	0.11269	0.08586	0.25628	0.14076	0.05978	0.01982	0.07412	0.03280	0.01233	0.03649	0.01013	0.00625	0.00599	0.00180	0.02466	0.00530	0.00330	0.00815
2	0.01112	0.01027	0.01357	0.23920	0.02077	0.07020	0.03143	0.01399	0.04503	0.01523	0.01667	0.17929	0.01662	0.04304	0.12064	0.02373	0.09171	0.00795	0.02359	0.00596
3	0.02559	0.01032	0.01366	0.01052	0.01497	0.00923	0.00868	0.07737	0.01749	0.67791	0.02252	0.01980	0.01434	0.00729	0.00587	0.00181	0.00504	0.00589	0.04183	0.00987
4	0.00733	0.00525	0.00682	0.00799	0.00851	0.00487	0.00540	0.00851	0.01173	0.01570	0.06623	0.68921	0.08599	0.01773	0.00741	0.00233	0.00336	0.01599	0.02478	0.00487
5	0.01581	0.79572	0.03099	0.01012	0.01518	0.02340	0.01012	0.01771	0.01202	0.01391	0.00822	0.00949	0.00759	0.00506	0.00379	0.00126	0.00632	0.00316	0.00253	0.00759
6	0.01102	0.00551	0.00551	0.00551	0.00689	0.00551	0.00413	0.01378	0.01240	0.02205	0.01929	0.02205	0.01516	0.00689	0.00413	0.00138	0.00276	0.00551	0.82500	0.00551
7	0.83394	0.01144	0.00869	0.00778	0.01144	0.01327	0.00640	0.01738	0.01006	0.02653	0.00823	0.00961	0.00640	0.00549	0.00366	0.00183	0.00457	0.00320	0.00366	0.00640
8	0.02558	0.01034	0.01367	0.01053	0.01498	0.00926	0.00868	0.07952	0.01752	0.67572	0.02250	0.01978	0.01433	0.00729	0.00587	0.00181	0.00504	0.00588	0.04183	0.00987
9	0.83394	0.01144	0.00869	0.00778	0.01144	0.01327	0.00640	0.01738	0.01006	0.02653	0.00823	0.00961	0.00640	0.00549	0.00366	0.00183	0.00457	0.00320	0.00366	0.00640
10	0.00704	0.00599	0.00606	0.00604	0.00802	0.00501	0.00453	0.00858	0.01359	0.01625	0.08417	0.05647	0.72845	0.01488	0.00699	0.00199	0.00299	0.01242	0.00553	0.00501
11	0.83394	0.01144	0.00869	0.00778	0.01144	0.01327	0.00640	0.01738	0.01006	0.02653	0.00823	0.00961	0.00640	0.00549	0.00366	0.00183	0.00457	0.00320	0.00366	0.00640
12	0.01117	0.01051	0.01774	0.77795	0.04073	0.01314	0.01642	0.01511	0.01182	0.01511	0.01051	0.01577	0.00788	0.00591	0.00591	0.00197	0.00788	0.00526	0.00263	0.00657
13	0.00741	0.00601	0.00657	0.00643	0.00825	0.00517	0.00482	0.00930	0.01447	0.01833	0.27092	0.05303	0.54039	0.01410	0.00698	0.00196	0.00293	0.01194	0.00580	0.00517
14	0.01717	0.01360	0.01452	0.01238	0.01613	0.01542	0.00982	0.21378	0.53135	0.05577	0.02148	0.01995	0.01585	0.00776	0.00599	0.00194	0.00517	0.00631	0.00604	0.00957
15	0.04421	0.01429	0.05375	0.06874	0.64677	0.01377	0.01748	0.01790	0.01320	0.01942	0.01115	0.01458	0.00924	0.00536	0.00573	0.00177	0.00695	0.00516	0.02151	0.00901
16	0.01716	0.02009	0.03511	0.01363	0.01584	0.41769	0.01070	0.03965	0.01406	0.01536	0.01125	0.03066	0.01016	0.04482	0.10107	0.00288	0.14748	0.00497	0.04092	0.00650
17	0.00721	0.00515	0.00686	0.00823	0.00858	0.00480	0.00549	0.00823	0.01132	0.01510	0.03259	0.78831	0.03911	0.01853	0.00755	0.00240	0.00343	0.01681	0.00549	0.00480
18	0.00721	0.00515	0.00686	0.00823	0.00858	0.00480	0.00549	0.00823	0.01132	0.01510	0.03259	0.78831	0.03911	0.01853	0.00755	0.00240	0.00343	0.01681	0.00549	0.00480
19	0.01076	0.00842	0.01098	0.01017	0.01236	0.00838	0.05569	0.07634	0.09727	0.03437	0.11785	0.16918	0.18713	0.03115	0.00761	0.00225	0.00457	0.14368	0.00552	0.00631
20	0.01451	0.06406	0.01808	0.06609	0.20798	0.12750	0.01200	0.01708	0.01295	0.01748	0.02809	0.01353	0.00965	0.00589	0.00676	0.00152	0.09611	0.00446	0.00314	0.27311
21	0.01028	0.00963	0.04441	0.07824	0.03525	0.01043	0.03684	0.01256	0.03140	0.01460	0.01661	0.08886	0.03308	0.16043	0.18988	0.02498	0.17023	0.02319	0.00340	0.00570
22	0.00860	0.00573	0.00645	0.00645	0.00645	0.00573	0.00358	0.00860	0.00860	0.01147	0.01863	0.03870	0.02150	0.79217	0.03010	0.00573	0.00573	0.00860	0.00358	0.00358
23	0.01525	0.25346	0.19731	0.01855	0.17748	0.04664	0.04723	0.06762	0.03536	0.03675	0.02703	0.01341	0.00971	0.00583	0.00555	0.00167	0.02490	0.00462	0.00319	0.00844
24	0.01378	0.01364	0.03608	0.06071	0.31809	0.06872	0.03138	0.01878	0.12092	0.01893	0.04466	0.05203	0.01395	0.00862	0.03405	0.00217	0.08693	0.00617	0.04239	0.00800
25	0.00847	0.00630	0.00792	0.00747	0.00900	0.00588	0.00561	0.01167	0.04507	0.02293	0.64942	0.04467	0.12888	0.01224	0.00694	0.00188	0.00289	0.01073	0.00638	0.00567
26	0.01566	0.76679	0.05862	0.01037	0.01557	0.02303	0.01056	0.01775	0.01203	0.01410	0.00831	0.00960	0.00759	0.00508	0.00386	0.00129	0.00642	0.00321	0.00253	0.00763
27	0.00736	0.00530	0.00700	0.00824	0.00874	0.00494	0.00565	0.00857	0.01176	0.01564	0.06603	0.69162	0.06774	0.01799	0.00753	0.00238	0.00348	0.04962	0.00553	0.00488
28	0.00815	0.00596	0.00766	0.00740	0.00874	0.00546	0.00548	0.01068	0.01599	0.02232	0.63161	0.11239	0.11025	0.01290	0.00703	0.00192	0.00286	0.01139	0.00634	0.00546
29	0.01201	0.05983	0.73360	0.01660	0.02520	0.01410	0.02140	0.01869	0.01247	0.01854	0.01052	0.01237	0.00750	0.00560	0.00555	0.00185	0.00865	0.00432	0.00250	0.00870
30	0.01388	0.01571	0.03388	0.02420	0.03015	0.01464	0.70106	0.01876	0.01388	0.01896	0.01190	0.01579	0.00896	0.00496	0.00686	0.00194	0.00972	0.00682	0.00301	0.04493
31	0.01934	0.36445	0.02299	0.01299	0.01692	0.44203	0.01085	0.02103	0.01468	0.01423	0.00874	0.01015	0.00761	0.00564	0.00466	0.00141	0.00876	0.00353	0.00282	0.00718
32	0.01551	0.01527	0.14389	0.03105	0.01752	0.03430	0.02842	0.14363	0.03689	0.09936	0.01556	0.03027	0.03886	0.00636	0.00535	0.00151	0.00587	0.00513	0.03884	0.28641
33	0.01653	0.03656	0.10434	0.06533	0.29534	0.04913	0.03544	0.07814	0.03259	0.13657	0.04490	0.03338	0.01259	0.00661	0.00623	0.00182	0.02597	0.00571	0.00406	0.00876
34	0.00860	0.00573	0.00645	0.00645	0.00645	0.00573	0.00358	0.00860	0.00860	0.01147	0.01863	0.03870	0.02150	0.79217	0.03010	0.00573	0.00573	0.00860	0.00358	0.00358
35	0.01020	0.00631	0.00762	0.00773	0.00926	0.00583	0.00562	0.01246	0.04194	0.10098	0.09926	0.34686	0.19462	0.01405	0.00671	0.00206	0.00342	0.01228	0.10701	0.00577
36	0.04765	0.12696	0.33486	0.01766	0.11214	0.08814	0.05483	0.06019	0.02997	0.05776	0.01135	0.01295	0.00853	0.00573	0.00541	0.00174	0.00789	0.00455	0.00320	0.00850
37	0.01383	0.01539	0.12525	0.05018	0.22612	0.01342	0.11962	0.03581	0.20115	0.03787	0.06827	0.01970	0.03276	0.00681	0.00614	0.00190	0.00668	0.00633	0.00413	0.00862
38	0.02434	0.00958	0.01289	0.01005	0.01422	0.00831	0.00819	0.02651	0.01642	0.67194	0.04706	0.02330	0.04944	0.04082	0.00704	0.00200	0.00490	0.00650	0.00706	0.00943
39	0.01378	0.01449	0.08622	0.28742	0.37641	0.03641	0.01705	0.01761	0.01300	0.04361	0.01122	0.01484	0.00881	0.00559	0.00580	0.00181	0.00744	0.00512	0.00296	0.03041
40	0.01385	0.05513	0.24254	0.01827	0.12556	0.09467	0.08561	0.01983	0.11859	0.01867	0.03673	0.01765	0.05288	0.00696	0.00691	0.00188	0.06701	0.00568	0.00347	0.00811
41	0.01174	0.00985	0.05063	0.01013	0.01225	0.04067	0.00823	0.08716	0.04395	0.05540	0.04495	0.10858	0.03815	0.06228	0.35345	0.00554	0.01015	0.00758	0.03301	0.00631
42	0.00802	0.00553	0.00670	0.00741	0.00833	0.00515	0.00523	0.00958	0.01231	0.01700	0.09465	0.41417	0.16157	0.04824	0.00787	0.00229	0.00339	0.04765	0.12993	0.00499
43	0.28549	0.03221	0.11050	0.01412	0.10003	0.04510	0.03211	0.10796	0.04713	0.08665	0.04551	0.01613	0.04022	0.00661	0.00518	0.00182	0.00599	0.00506	0.00425	0.00794
44	0.01628	0.05592	0.12508	0.01620	0.11357	0.12349	0.05578	0.12117	0.04652	0.06050	0.01399	0.01569	0.03152	0.02402	0.00605	0.00170	0.00701	0.00504	0.02171	0.13877

[dist]
# distance from previous block
# <min> <max>
5	14

[block]
# block no. 2 follows, 39 sequences, length 10
# corresponding to MSA columns:
# 190-199
name=unknown_C
#
# <colnr> <probs for GDERKNQSTAVLIFYWHMCP>
#	G	D	E	R	K	N	Q	S	T	A	V	L	I	F	Y	W	H	M	C	P
0	0.00776	0.00569	0.00706	0.00750	0.00827	0.00550	0.00513	0.00894	0.01126	0.01490	0.08921	0.30088	0.17016	0.20316	0.12332	0.00410	0.00564	0.01204	0.00478	0.00468
1	0.00931	0.00768	0.00991	0.00963	0.01059	0.03793	0.00735	0.01100	0.00989	0.01364	0.01807	0.02606	0.06222	0.13773	0.52518	0.00760	0.08088	0.00683	0.00332	0.00520
2	0.01552	0.01429	0.03356	0.01235	0.03335	0.14778	0.06194	0.09053	0.04935	0.04695	0.03329	0.01638	0.01198	0.00650	0.00607	0.00155	0.05579	0.00506	0.19280	0.16494
3	0.01206	0.01058	0.04451	0.01107	0.05969	0.03414	0.00838	0.14276	0.05520	0.02244	0.16783	0.07636	0.21670	0.01108	0.00648	0.00192	0.00460	0.05098	0.05643	0.00680
4	0.73272	0.01168	0.00958	0.00832	0.01210	0.01331	0.00685	0.06416	0.01162	0.07183	0.00954	0.01054	0.00714	0.00570	0.00394	0.00183	0.00473	0.00351	0.00403	0.00686
5	0.00721	0.00515	0.00686	0.00823	0.00858	0.00480	0.00549	0.00823	0.01132	0.01510	0.03259	0.78831	0.03911	0.01853	0.00755	0.00240	0.00343	0.01681	0.00549	0.00480
6	0.01396	0.01595	0.03490	0.02493	0.03091	0.01496	0.73380	0.01894	0.01396	0.01894	0.01196	0.01595	0.00897	0.00499	0.00698	0.00199	0.00997	0.00698	0.00299	0.00798
7	0.01749	0.22995	0.10658	0.01410	0.03715	0.24552	0.01237	0.07524	0.01449	0.03905	0.01003	0.01190	0.00829	0.00651	0.00709	0.00168	0.12341	0.00417	0.02739	0.00758
8	0.00850	0.00569	0.00648	0.00658	0.00661	0.00567	0.00372	0.00857	0.00880	0.01173	0.01966	0.09357	0.02279	0.73554	0.02845	0.00549	0.00556	0.00920	0.00372	0.00367
9	0.01371	0.01307	0.05175	0.05509	0.18896	0.04704	0.05387	0.08229	0.09370	0.02102	0.06273	0.02124	0.07099	0.00763	0.00697	0.00185	0.07191	0.00633	0.12215	0.00769

[dist]
# distance from previous block
# <min> <max>
3	5

[block]
# block no. 3 follows, 39 sequences, length 26
# corresponding to MSA columns:
# 205-230
name=unknown_D
#
# <colnr> <probs for GDERKNQSTAVLIFYWHMCP>
#	G	D	E	R	K	N	Q	S	T	A	V	L	I	F	Y	W	H	M	C	P
0	0.01396	0.01316	0.02167	0.12049	0.44528	0.01375	0.07719	0.03637	0.10730	0.01950	0.01321	0.01666	0.01075	0.02188	0.04138	0.00226	0.00745	0.00571	0.00339	0.00863
1	0.00858	0.00625	0.00937	0.00937	0.01035	0.00722	0.00722	0.01035	0.00937	0.01347	0.01542	0.02284	0.01445	0.04258	0.71311	0.07056	0.01504	0.00625	0.00312	0.00508
2	0.01618	0.75047	0.03015	0.01042	0.01536	0.06732	0.01020	0.01806	0.01230	0.01395	0.00828	0.00956	0.00759	0.00512	0.00389	0.00128	0.00658	0.00320	0.00256	0.00755
3	0.00797	0.00586	0.00747	0.00751	0.00875	0.00537	0.00552	0.01021	0.01508	0.02072	0.49045	0.20617	0.14189	0.01395	0.00713	0.00202	0.00302	0.02945	0.00613	0.00533
4	0.00733	0.00599	0.00638	0.00629	0.00808	0.00514	0.00466	0.00900	0.01387	0.01724	0.18977	0.05363	0.58580	0.05093	0.00807	0.00215	0.00308	0.01196	0.00560	0.00504
5	0.01027	0.00514	0.00770	0.00770	0.00770	0.00514	0.00514	0.00770	0.00770	0.01027	0.01027	0.01798	0.01027	0.02054	0.02311	0.82794	0.00514	0.00514	0.00257	0.00257
6	0.01362	0.00885	0.00870	0.00777	0.01004	0.04091	0.00604	0.14193	0.03714	0.04675	0.02324	0.02442	0.10515	0.00794	0.00496	0.00156	0.00392	0.00631	0.49417	0.00656
7	0.01396	0.01595	0.03490	0.02493	0.03091	0.01496	0.73380	0.01894	0.01396	0.01894	0.01196	0.01595	0.00897	0.00499	0.00698	0.00199	0.00997	0.00698	0.00299	0.00798
8	0.01027	0.00514	0.00770	0.00770	0.00770	0.00514	0.00514	0.00770	0.00770	0.01027	0.01027	0.01798	0.01027	0.02054	0.02311	0.82794	0.00514	0.00514	0.00257	0.00257
9	0.00857	0.00601	0.00773	0.00730	0.00869	0.00557	0.00547	0.01136	0.01642	0.02359	0.69749	0.04252	0.05277	0.01170	0.00676	0.00182	0.00279	0.01031	0.06757	0.00557
10	0.00791	0.00567	0.00736	0.00848	0.00902	0.00542	0.00575	0.04156	0.01208	0.01611	0.03175	0.75284	0.03778	0.01800	0.00747	0.00237	0.00357	0.01629	0.00551	0.00504
11	0.73344	0.01067	0.00847	0.00783	0.01109	0.01224	0.00629	0.01627	0.01022	0.02514	0.01120	0.10427	0.01038	0.00707	0.00413	0.00190	0.00444	0.00486	0.00388	0.00621
12	0.01186	0.01135	0.01605	0.01408	0.01433	0.01554	0.01161	0.01335	0.00916	0.01411	0.00970	0.01541	0.00945	0.01852	0.19941	0.00425	0.59746	0.00545	0.00273	0.00618
13	0.00720	0.00518	0.00683	0.00815	0.00856	0.00481	0.00545	0.00824	0.01140	0.01513	0.03361	0.76102	0.06575	0.01839	0.00753	0.00239	0.00341	0.01665	0.00549	0.00481
14	0.01486	0.01570	0.07108	0.03084	0.08131	0.10640	0.03831	0.02579	0.42883	0.02147	0.01911	0.05146	0.01515	0.00749	0.00591	0.00188	0.00612	0.00630	0.00480	0.04717
15	0.01616	0.65602	0.07070	0.01115	0.01609	0.09889	0.01098	0.01829	0.01246	0.01425	0.00844	0.00986	0.00759	0.00532	0.00441	0.00136	0.02454	0.00334	0.00258	0.00755
16	0.03318	0.21899	0.20306	0.03574	0.01894	0.09930	0.04395	0.08229	0.03468	0.01880	0.05489	0.02790	0.01196	0.00869	0.05124	0.00214	0.02103	0.00496	0.00337	0.02488
17	0.01557	0.73026	0.02991	0.01057	0.01521	0.02296	0.01035	0.01742	0.01177	0.01394	0.00818	0.00978	0.00760	0.00550	0.00510	0.00138	0.07114	0.00333	0.00253	0.00750
18	0.00804	0.00542	0.00698	0.00794	0.00840	0.00509	0.00523	0.00895	0.01109	0.03772	0.03066	0.61455	0.05528	0.15154	0.01137	0.00295	0.00387	0.01493	0.00522	0.00476
19	0.00830	0.00671	0.00777	0.00800	0.02914	0.02404	0.00569	0.01039	0.01474	0.01941	0.36982	0.11169	0.30226	0.03345	0.00757	0.00206	0.00335	0.02446	0.00578	0.00538
20	0.04549	0.06005	0.13236	0.06637	0.11681	0.07333	0.15687	0.05240	0.06204	0.06655	0.01435	0.06162	0.01193	0.00799	0.02970	0.00211	0.00781	0.02053	0.00370	0.00801
21	0.00851	0.00572	0.00661	0.00669	0.00675	0.00575	0.00386	0.00866	0.00880	0.01178	0.01934	0.08223	0.02225	0.71437	0.06056	0.00570	0.00603	0.00899	0.00368	0.00373
22	0.00808	0.00558	0.00673	0.00730	0.00755	0.00542	0.00459	0.00864	0.00999	0.01323	0.02564	0.31515	0.05129	0.44760	0.02007	0.00425	0.00479	0.04549	0.00443	0.00416
23	0.01272	0.01392	0.06259	0.08523	0.22098	0.07753	0.13741	0.01625	0.02863	0.01801	0.08433	0.07124	0.08769	0.02997	0.00732	0.00201	0.02569	0.00743	0.00371	0.00734
24	0.01506	0.05057	0.01904	0.31991	0.19930	0.13372	0.01454	0.09004	0.03117	0.01857	0.01219	0.01535	0.02343	0.00612	0.00569	0.00178	0.00762	0.00512	0.02310	0.00768
25	0.01001	0.00571	0.00594	0.00602	0.00752	0.00549	0.00460	0.01250	0.01283	0.02053	0.04868	0.03289	0.17240	0.00935	0.00507	0.00161	0.00298	0.05347	0.57700	0.00540

[dist]
# distance from previous block
# <min> <max>
0	19

[block]
# block no. 4 follows, 39 sequences, length 18
# corresponding to MSA columns:
# 250-267
name=unknown_E
#
# <colnr> <probs for GDERKNQSTAVLIFYWHMCP>
#	G	D	E	R	K	N	Q	S	T	A	V	L	I	F	Y	W	H	M	C	P
0	0.03067	0.01196	0.01720	0.27667	0.14867	0.03202	0.04927	0.11946	0.04395	0.04003	0.05994	0.03934	0.07576	0.00767	0.00614	0.00191	0.00659	0.02113	0.00405	0.00756
1	0.01452	0.06586	0.05976	0.07080	0.20671	0.06630	0.10476	0.09217	0.05274	0.03689	0.03810	0.10978	0.03998	0.00784	0.00611	0.00186	0.00684	0.00708	0.00395	0.00795
2	0.56573	0.01163	0.01045	0.00883	0.01263	0.01292	0.00726	0.11874	0.01359	0.12654	0.01172	0.01237	0.00852	0.00604	0.00431	0.00180	0.00480	0.00400	0.05076	0.00736
3	0.00719	0.00519	0.00682	0.00812	0.00855	0.00481	0.00544	0.00825	0.01143	0.01514	0.03397	0.75134	0.07519	0.01835	0.00752	0.00238	0.00341	0.01659	0.00549	0.00481
4	0.01747	0.03530	0.01949	0.10480	0.30320	0.04774	0.04483	0.04683	0.06859	0.19777	0.01679	0.01796	0.03944	0.00649	0.00591	0.00181	0.00657	0.00576	0.00438	0.00886
5	0.01432	0.04279	0.20423	0.05809	0.14241	0.03946	0.01387	0.07026	0.06363	0.04848	0.01260	0.02836	0.00993	0.00583	0.00538	0.00158	0.00658	0.00480	0.00359	0.22381
6	0.16642	0.10201	0.06002	0.01420	0.04246	0.48839	0.01123	0.02143	0.01472	0.01700	0.00904	0.01060	0.00745	0.00583	0.00491	0.00158	0.00890	0.00372	0.00307	0.00704
7	0.73124	0.01126	0.00933	0.00813	0.01190	0.01268	0.00670	0.01884	0.01094	0.11975	0.01015	0.01095	0.00745	0.00572	0.00395	0.00183	0.00463	0.00355	0.00413	0.00687
8	0.00811	0.00621	0.00788	0.00789	0.00911	0.00608	0.00590	0.01006	0.01348	0.01819	0.29512	0.15943	0.21051	0.05066	0.09949	0.00312	0.03453	0.04363	0.00539	0.00523
9	0.00745	0.00579	0.00650	0.00692	0.00817	0.00517	0.00492	0.00868	0.01221	0.01518	0.04504	0.23618	0.41917	0.13456	0.01073	0.00271	0.00367	0.05699	0.00520	0.00476
10	0.00830	0.00596	0.00704	0.00677	0.00834	0.00540	0.00508	0.01070	0.01523	0.02122	0.45459	0.04512	0.25640	0.01228	0.00662	0.00184	0.00285	0.01056	0.11032	0.00540
11	0.00788	0.00597	0.00729	0.00732	0.00877	0.00539	0.00550	0.01004	0.01484	0.01983	0.39851	0.14124	0.26942	0.01407	0.00713	0.00203	0.00312	0.06036	0.00599	0.00529
12	0.01464	0.01405	0.02400	0.03630	0.75528	0.01405	0.01815	0.01815	0.01347	0.01932	0.01112	0.01464	0.00937	0.00527	0.00585	0.00176	0.00703	0.00527	0.00293	0.00937
13	0.01209	0.07479	0.71932	0.01647	0.02499	0.01429	0.02117	0.01867	0.01246	0.01845	0.01047	0.01231	0.00750	0.00559	0.00551	0.00184	0.00860	0.00430	0.00250	0.00867
14	0.02209	0.02819	0.01676	0.01524	0.01828	0.76843	0.01143	0.02361	0.01676	0.01447	0.00914	0.01066	0.00762	0.00609	0.00533	0.00152	0.01066	0.00381	0.00305	0.00686
15	0.00934	0.00657	0.00786	0.00750	0.00910	0.00616	0.00553	0.01216	0.05740	0.05688	0.35354	0.07234	0.21849	0.11814	0.01005	0.00247	0.00357	0.03151	0.00580	0.00558
16	0.01723	0.01320	0.01425	0.01218	0.01584	0.01481	0.00964	0.20948	0.48154	0.07991	0.02184	0.05003	0.01660	0.00815	0.00605	0.00195	0.00512	0.00668	0.00606	0.00941
17	0.04288	0.01481	0.01665	0.04473	0.10202	0.04495	0.01125	0.34695	0.16559	0.05478	0.01529	0.01564	0.01133	0.00671	0.00570	0.00174	0.00612	0.00532	0.00512	0.08241

[dist]
# distance from previous block
# <min> <max>
0	1

[block]
# block no. 5 follows, 39 sequences, length 6
# corresponding to MSA columns:
# 269-274
name=unknown_F
#
# <colnr> <probs for GDERKNQSTAVLIFYWHMCP>
#	G	D	E	R	K	N	Q	S	T	A	V	L	I	F	Y	W	H	M	C	P
0	0.10287	0.19643	0.07579	0.04035	0.07051	0.15879	0.01132	0.05892	0.03782	0.13284	0.01214	0.01298	0.00922	0.00590	0.00498	0.00160	0.00691	0.00428	0.00386	0.05248
1	0.01375	0.05873	0.30158	0.12087	0.06829	0.08707	0.04108	0.04218	0.03140	0.04362	0.04090	0.03302	0.01202	0.00781	0.02527	0.00207	0.02684	0.03235	0.00333	0.00785
2	0.00942	0.00643	0.00794	0.00781	0.00918	0.00615	0.00572	0.01198	0.07055	0.04279	0.28259	0.15018	0.16135	0.03631	0.00978	0.11547	0.00362	0.02944	0.02796	0.00533
3	0.01117	0.14321	0.35339	0.01307	0.01852	0.01246	0.05296	0.01544	0.01293	0.01788	0.10790	0.12589	0.07373	0.00876	0.00594	0.00186	0.00653	0.00741	0.00366	0.00731
4	0.01141	0.03748	0.07062	0.03372	0.09809	0.00984	0.00972	0.11152	0.01499	0.02022	0.13446	0.11430	0.12858	0.04910	0.07096	0.00278	0.00603	0.06481	0.00471	0.00668
5	0.01653	0.63569	0.02830	0.01096	0.01564	0.02235	0.01046	0.11599	0.01398	0.01714	0.00901	0.01037	0.00794	0.00570	0.00514	0.00142	0.05892	0.00360	0.00300	0.00785

[dist]
# distance from previous block
# <min> <max>
0	1

[block]
# block no. 6 follows, 39 sequences, length 14
# corresponding to MSA columns:
# 276-289
name=unknown_G
#
# <colnr> <probs for GDERKNQSTAVLIFYWHMCP>
#	G	D	E	R	K	N	Q	S	T	A	V	L	I	F	Y	W	H	M	C	P
0	0.04790	0.01738	0.21108	0.03223	0.13263	0.04057	0.11753	0.02074	0.07490	0.14666	0.07122	0.03249	0.01436	0.00673	0.00600	0.00187	0.00702	0.00601	0.00419	0.00848
1	0.01434	0.66025	0.02685	0.00980	0.01405	0.02021	0.00933	0.01608	0.01190	0.01412	0.01240	0.14295	0.01299	0.00737	0.00444	0.00146	0.00583	0.00550	0.00304	0.00711
2	0.02103	0.01487	0.01636	0.01279	0.01702	0.01632	0.01046	0.60162	0.02484	0.08062	0.01510	0.01630	0.01120	0.04148	0.06961	0.00257	0.00715	0.00558	0.00569	0.00941
3	0.02241	0.01856	0.01758	0.01389	0.01833	0.14687	0.01127	0.61356	0.02591	0.03336	0.01333	0.01359	0.00964	0.00693	0.00582	0.00173	0.00722	0.00506	0.00542	0.00951
4	0.00820	0.00607	0.00796	0.00780	0.00915	0.00583	0.00591	0.01062	0.01469	0.02037	0.47568	0.08475	0.12890	0.01849	0.13759	0.00325	0.00519	0.03841	0.00572	0.00541
5	0.01451	0.01138	0.01204	0.01086	0.01391	0.01291	0.00844	0.02831	0.59272	0.05093	0.02322	0.02199	0.01743	0.00780	0.00569	0.00189	0.00436	0.00646	0.14641	0.00873
6	0.01380	0.01043	0.01705	0.64645	0.03634	0.01238	0.01510	0.01746	0.01270	0.14265	0.01271	0.01651	0.00904	0.00615	0.00592	0.00195	0.00739	0.00537	0.00343	0.00717
7	0.05985	0.01148	0.01284	0.00953	0.01451	0.00996	0.00767	0.10832	0.06110	0.02233	0.01172	0.01299	0.00939	0.00502	0.00464	0.00112	0.00468	0.00392	0.00398	0.62493
8	0.00856	0.00725	0.02741	0.02821	0.02675	0.02628	0.00706	0.01049	0.01261	0.01690	0.16694	0.34618	0.08281	0.04064	0.10431	0.00323	0.00559	0.06837	0.00507	0.00534
9	0.01771	0.13251	0.06037	0.01544	0.11791	0.08592	0.03464	0.10890	0.02970	0.16111	0.03135	0.03140	0.04119	0.00739	0.00665	0.01621	0.05068	0.00559	0.03710	0.00822
10	0.18686	0.04693	0.03995	0.01150	0.02922	0.05000	0.05211	0.06419	0.06533	0.07814	0.05244	0.15982	0.04878	0.00985	0.00623	0.00200	0.02266	0.06227	0.00472	0.00700
11	0.00815	0.00583	0.00792	0.00858	0.00920	0.00604	0.00617	0.00951	0.01046	0.01423	0.02433	0.31134	0.02729	0.18356	0.25187	0.00535	0.00804	0.09298	0.00437	0.00478
12	0.01046	0.01150	0.10687	0.11070	0.15798	0.00962	0.04374	0.01389	0.03060	0.01770	0.08434	0.26917	0.02383	0.01191	0.03071	0.00230	0.00602	0.02946	0.02243	0.00675
13	0.03310	0.06362	0.14070	0.09606	0.08948	0.06312	0.06456	0.05654	0.07074	0.06424	0.02077	0.02185	0.13694	0.00777	0.00656	0.00188	0.04408	0.00635	0.00392	0.00771

[dist]
# distance from previous block
# <min> <max>
3	11

[block]
# block no. 7 follows, 39 sequences, length 29
# corresponding to MSA columns:
# 302-330
name=unknown_H
#
# <colnr> <probs for GDERKNQSTAVLIFYWHMCP>
#	G	D	E	R	K	N	Q	S	T	A	V	L	I	F	Y	W	H	M	C	P
0	0.02835	0.04216	0.17422	0.07464	0.25138	0.01291	0.09660	0.01809	0.02484	0.04856	0.01184	0.01492	0.00936	0.00550	0.00561	0.00168	0.00710	0.01632	0.00319	0.15271
1	0.06036	0.01067	0.01336	0.01058	0.01443	0.01029	0.00855	0.16735	0.01736	0.46348	0.01876	0.01811	0.01266	0.00925	0.00851	0.13052	0.00532	0.00557	0.00613	0.00873
2	0.36070	0.08052	0.01387	0.01069	0.01441	0.25142	0.00856	0.01890	0.01265	0.02023	0.00886	0.01044	0.00729	0.00561	0.00474	0.00156	0.02806	0.00349	0.00332	0.13469
3	0.01050	0.00607	0.00802	0.00843	0.00946	0.00565	0.00588	0.01171	0.01201	0.13086	0.04914	0.52107	0.03291	0.11464	0.02653	0.00288	0.00426	0.02895	0.00551	0.00552
4	0.01249	0.04371	0.07298	0.41881	0.12081	0.05993	0.03474	0.01628	0.02362	0.02756	0.02415	0.03275	0.06207	0.00684	0.00612	0.00190	0.01913	0.00590	0.00311	0.00711
5	0.01013	0.00642	0.00689	0.02177	0.00879	0.00615	0.00504	0.04382	0.01389	0.02105	0.12019	0.03361	0.22174	0.00967	0.00539	0.00162	0.00313	0.00800	0.42667	0.02601
6	0.00918	0.00772	0.02770	0.00805	0.01010	0.00711	0.00628	0.01352	0.12780	0.03196	0.23595	0.08754	0.30843	0.03646	0.05328	0.00254	0.00426	0.01055	0.00561	0.00598
7	0.01411	0.13457	0.02280	0.14057	0.34593	0.01456	0.07583	0.03101	0.03228	0.04226	0.01407	0.06219	0.03131	0.00655	0.00578	0.00179	0.00684	0.00604	0.00333	0.00818
8	0.01331	0.03306	0.21112	0.03215	0.08481	0.05705	0.08473	0.03612	0.09814	0.06347	0.02098	0.13944	0.08232	0.00883	0.00623	0.00195	0.00666	0.00773	0.00414	0.00777
9	0.01369	0.09086	0.09971	0.01560	0.05011	0.01417	0.15889	0.08400	0.15588	0.02100	0.08289	0.03488	0.03734	0.00819	0.00730	0.01665	0.05300	0.04371	0.00426	0.00786
10	0.01337	0.01258	0.01932	0.15681	0.26321	0.03183	0.09104	0.05992	0.03216	0.01939	0.03381	0.03509	0.06524	0.00658	0.00590	0.00172	0.00661	0.00609	0.00356	0.13577
11	0.01309	0.01441	0.03069	0.02220	0.02747	0.01349	0.62035	0.01773	0.01439	0.01969	0.12728	0.02035	0.01627	0.00609	0.00698	0.00197	0.00885	0.00756	0.00354	0.00760
12	0.02716	0.13561	0.03512	0.09468	0.07750	0.06092	0.07082	0.05524	0.15505	0.04424	0.01612	0.05042	0.04156	0.00750	0.00706	0.00187	0.08495	0.00599	0.00394	0.02425
13	0.11712	0.03552	0.01595	0.06376	0.13696	0.23065	0.01100	0.12317	0.01504	0.01964	0.01159	0.01644	0.01030	0.12862	0.00968	0.00235	0.03644	0.00507	0.00355	0.00716
14	0.00858	0.00589	0.00719	0.00737	0.00766	0.00603	0.00475	0.00918	0.00928	0.01250	0.01990	0.07498	0.02232	0.57540	0.14230	0.00592	0.00717	0.06574	0.00376	0.00406
15	0.01166	0.00982	0.01158	0.00855	0.01321	0.00752	0.00679	0.01431	0.01296	0.01996	0.12605	0.01723	0.01609	0.00558	0.00478	0.00103	0.00413	0.00462	0.00397	0.70015
16	0.03624	0.04012	0.07970	0.22523	0.33282	0.01415	0.08111	0.04067	0.01319	0.01863	0.01083	0.01444	0.00862	0.00557	0.00606	0.00181	0.02370	0.00516	0.00294	0.03902
17	0.55692	0.07458	0.05892	0.01003	0.01400	0.03479	0.05094	0.02916	0.01119	0.02356	0.01043	0.01203	0.02772	0.00597	0.00481	0.00181	0.03656	0.00394	0.02589	0.00675
18	0.00808	0.00644	0.00853	0.00915	0.00960	0.00690	0.00655	0.00919	0.01118	0.01505	0.03140	0.59604	0.10398	0.01691	0.00934	0.00239	0.12458	0.01458	0.00504	0.00508
19	0.00863	0.00631	0.00904	0.00935	0.01031	0.00699	0.00726	0.01056	0.01023	0.01425	0.01967	0.05842	0.02007	0.13118	0.50749	0.00751	0.01220	0.14170	0.00373	0.00508
20	0.01333	0.01259	0.05918	0.01390	0.13029	0.01014	0.00993	0.06117	0.05383	0.02076	0.01189	0.01364	0.00959	0.00505	0.00486	0.00121	0.00515	0.00419	0.03175	0.52755
21	0.01050	0.00763	0.00938	0.00845	0.01030	0.00752	0.00646	0.12384	0.01814	0.02531	0.59371	0.08447	0.04767	0.01170	0.00684	0.00188	0.00341	0.01023	0.00636	0.00623
22	0.00994	0.00825	0.01231	0.07449	0.10040	0.00948	0.00962	0.01198	0.01062	0.01503	0.01759	0.14313	0.01809	0.07881	0.28358	0.00510	0.11390	0.05060	0.02124	0.00584
23	0.01050	0.00830	0.00988	0.01053	0.01211	0.05300	0.00886	0.04158	0.01478	0.01910	0.14222	0.08219	0.04992	0.01473	0.00767	0.00245	0.00527	0.49571	0.00549	0.00571
24	0.00815	0.00579	0.00691	0.00708	0.00759	0.00576	0.00455	0.00884	0.00983	0.01297	0.02632	0.13191	0.13594	0.45949	0.13880	0.00533	0.00660	0.00987	0.00405	0.00422
25	0.02498	0.01004	0.01340	0.01044	0.01482	0.00890	0.00857	0.02813	0.06082	0.68223	0.03979	0.02160	0.03263	0.00764	0.00600	0.00184	0.00492	0.00624	0.00718	0.00981
26	0.05828	0.00618	0.00761	0.00854	0.00948	0.00613	0.00623	0.02210	0.02748	0.01755	0.04673	0.51726	0.03381	0.01585	0.00705	0.00230	0.00382	0.12333	0.07501	0.00526
27	0.01333	0.01177	0.01830	0.35276	0.19062	0.01261	0.03881	0.04616	0.05751	0.04290	0.02479	0.01592	0.01013	0.00583	0.00572	0.00174	0.00679	0.00525	0.00340	0.13566
28	0.01282	0.01086	0.01297	0.04125	0.03602	0.00968	0.00840	0.04699	0.12701	0.02045	0.01420	0.01767	0.01194	0.00697	0.02604	0.00151	0.00511	0.04730	0.00405	0.53877

[dist]
# distance from previous block
# <min> <max>
0	44

# created by:
# /home/cegg/simao/soft/augustus-3.2.1/scripts/msa2prfl.pl ./align_prep/EOG090W0ETF.fa
