[name]
unknown

[dist]
# distance from previous block
# <min> <max>
0	898

[block]
# block no. 0 follows, 28 sequences, length 111
# corresponding to MSA columns:
# 914-973,982-1032
name=unknown_A
#
# <colnr> <probs for GDERKNQSTAVLIFYWHMCP>
#	G	D	E	R	K	N	Q	S	T	A	V	L	I	F	Y	W	H	M	C	P
0	0.01090	0.00762	0.00992	0.01093	0.01187	0.00754	0.00838	0.01284	0.01441	0.01901	0.05923	0.15322	0.03840	0.26874	0.01913	0.00452	0.00637	0.32519	0.00597	0.00581
1	0.01034	0.00731	0.00936	0.00944	0.01005	0.00774	0.00634	0.01146	0.01138	0.01557	0.02429	0.07434	0.04904	0.41990	0.29354	0.00845	0.01153	0.01017	0.00441	0.00534
2	0.01714	0.02184	0.13274	0.02772	0.03488	0.01867	0.50132	0.05045	0.01714	0.02373	0.01417	0.01862	0.01071	0.00688	0.00954	0.00248	0.07052	0.00786	0.00370	0.00989
3	0.04426	0.50044	0.18479	0.01464	0.02171	0.04662	0.01564	0.06163	0.01617	0.02068	0.01124	0.01288	0.00944	0.00658	0.00537	0.00179	0.00854	0.00440	0.00342	0.00975
4	0.00918	0.00728	0.00829	0.00859	0.01051	0.00639	0.00642	0.01133	0.01689	0.02140	0.18267	0.17920	0.42382	0.01858	0.00880	0.00257	0.00394	0.06089	0.00698	0.00627
5	0.01057	0.00705	0.00793	0.00793	0.00793	0.00705	0.00440	0.01057	0.01057	0.01409	0.02290	0.04757	0.02643	0.74454	0.03700	0.00705	0.00705	0.01057	0.00440	0.00440
6	0.01507	0.01292	0.01507	0.01077	0.01723	0.00969	0.00861	0.01830	0.01507	0.02369	0.01292	0.01507	0.01077	0.00538	0.00538	0.00108	0.00538	0.00431	0.00431	0.78898
7	0.02157	0.35386	0.07863	0.01523	0.02046	0.18357	0.01394	0.05594	0.01714	0.06930	0.01265	0.01455	0.01050	0.00944	0.03726	0.00232	0.06542	0.00492	0.00393	0.00937
8	0.01837	0.02199	0.12051	0.01694	0.04941	0.16013	0.01413	0.03049	0.34585	0.02523	0.02752	0.02682	0.09169	0.00973	0.00727	0.00230	0.00791	0.00778	0.00576	0.01016
9	0.02785	0.01409	0.01703	0.01342	0.01845	0.01393	0.01090	0.20005	0.07623	0.40135	0.02522	0.02429	0.01731	0.04471	0.00860	0.00245	0.00648	0.00731	0.05877	0.01155
10	0.12334	0.01326	0.04136	0.06430	0.01865	0.03183	0.01061	0.02555	0.09982	0.24549	0.13554	0.03242	0.10650	0.01063	0.00726	0.00231	0.00595	0.00866	0.00697	0.00954
11	0.07569	0.14339	0.09009	0.01695	0.04551	0.20567	0.04619	0.10317	0.01884	0.02428	0.01249	0.01440	0.01003	0.00681	0.00612	0.00181	0.00916	0.00498	0.00416	0.16027
12	0.01595	0.04976	0.32883	0.06819	0.15059	0.05079	0.07779	0.02245	0.03746	0.02299	0.06810	0.01972	0.01500	0.00772	0.00776	0.00229	0.03415	0.00658	0.00380	0.01010
13	0.01130	0.00788	0.00941	0.00929	0.01159	0.00701	0.00728	0.01386	0.01789	0.07245	0.22859	0.08496	0.35579	0.01718	0.00875	0.00255	0.00430	0.11583	0.00724	0.00687
14	0.01601	0.01386	0.01947	0.04641	0.16363	0.01448	0.06373	0.09621	0.17380	0.02709	0.10041	0.12800	0.08213	0.01167	0.00791	0.00241	0.00663	0.01047	0.00606	0.00963
15	0.02172	0.21944	0.06870	0.01958	0.11447	0.11127	0.03609	0.10048	0.06733	0.09934	0.04121	0.01817	0.01416	0.00784	0.00703	0.00205	0.02989	0.00601	0.00490	0.01032
16	0.01070	0.00931	0.06296	0.01120	0.01294	0.00724	0.00889	0.01285	0.01483	0.05218	0.03973	0.53517	0.09029	0.02030	0.00903	0.00287	0.00502	0.08124	0.00657	0.00668
17	0.00975	0.00659	0.00838	0.00937	0.00983	0.00629	0.00614	0.01078	0.01351	0.01847	0.08141	0.46762	0.04161	0.18095	0.01607	0.04193	0.00485	0.01651	0.04440	0.00555
18	0.13877	0.02686	0.08026	0.01840	0.05462	0.37010	0.04185	0.02729	0.09955	0.02302	0.04294	0.01709	0.01339	0.00782	0.00658	0.00210	0.01021	0.00567	0.00441	0.00906
19	0.05672	0.01818	0.02379	0.09552	0.19593	0.07309	0.06333	0.20069	0.02206	0.15366	0.01709	0.01869	0.01238	0.00769	0.00718	0.00221	0.00861	0.00655	0.00560	0.01103
20	0.19854	0.01731	0.01911	0.01567	0.04123	0.04134	0.04345	0.28364	0.04817	0.15832	0.01762	0.01773	0.01248	0.00798	0.00661	0.00217	0.00732	0.00609	0.00642	0.04880
21	0.01696	0.04660	0.07179	0.03472	0.02084	0.01268	0.06045	0.06362	0.01670	0.06468	0.01485	0.01715	0.01171	0.00825	0.03568	0.00194	0.00727	0.00532	0.03335	0.45546
22	0.01716	0.01961	0.04289	0.03064	0.03799	0.01838	0.67279	0.02328	0.01716	0.02328	0.01471	0.01961	0.01103	0.00613	0.00858	0.00245	0.01225	0.00858	0.00368	0.00980
23	0.01626	0.01194	0.01293	0.03420	0.01572	0.01333	0.00927	0.06751	0.32522	0.02928	0.05776	0.02762	0.02198	0.01088	0.02941	0.00245	0.00548	0.00775	0.29167	0.00933
24	0.01072	0.00762	0.00931	0.00876	0.01087	0.00680	0.00662	0.01364	0.01936	0.05508	0.47745	0.05781	0.25768	0.01569	0.00852	0.00234	0.00362	0.01357	0.00766	0.00687
25	0.01038	0.00779	0.01168	0.01168	0.01298	0.00909	0.00909	0.01298	0.01168	0.01687	0.01947	0.02856	0.01817	0.05452	0.71573	0.01168	0.01947	0.00779	0.00389	0.00649
26	0.03261	0.01237	0.01687	0.01293	0.01856	0.01068	0.01068	0.03543	0.02081	0.70423	0.02868	0.02474	0.01799	0.00900	0.00731	0.00225	0.00619	0.00731	0.00900	0.01237
27	0.79588	0.01406	0.01068	0.00956	0.01406	0.01631	0.00787	0.02137	0.01237	0.03261	0.01012	0.01181	0.00787	0.00675	0.00450	0.00225	0.00562	0.00394	0.00450	0.00787
28	0.01057	0.00705	0.00793	0.00793	0.00793	0.00705	0.00440	0.01057	0.01057	0.01409	0.02290	0.04757	0.02643	0.74454	0.03700	0.00705	0.00705	0.01057	0.00440	0.00440
29	0.01943	0.74891	0.03809	0.01244	0.01866	0.02876	0.01244	0.02177	0.01477	0.01710	0.01011	0.01166	0.00933	0.00622	0.00466	0.00155	0.00777	0.00389	0.00311	0.00933
30	0.01507	0.01292	0.01507	0.01077	0.01723	0.00969	0.00861	0.01830	0.01507	0.02369	0.01292	0.01507	0.01077	0.00538	0.00538	0.00108	0.00538	0.00431	0.00431	0.78898
31	0.01808	0.01561	0.01644	0.01479	0.01890	0.01808	0.01151	0.03863	0.68606	0.03041	0.02959	0.02712	0.02219	0.00986	0.00740	0.00247	0.00575	0.00822	0.00740	0.01151
32	0.03223	0.01299	0.01725	0.01323	0.01886	0.01160	0.01093	0.08475	0.02184	0.65344	0.02781	0.02418	0.01756	0.00898	0.00731	0.00224	0.00633	0.00725	0.00886	0.01237
33	0.02165	0.46146	0.08188	0.01491	0.02086	0.18509	0.01401	0.08696	0.01804	0.02049	0.01130	0.01283	0.00962	0.00681	0.00552	0.00174	0.00924	0.00444	0.00366	0.00952
34	0.02763	0.02036	0.02182	0.01672	0.02254	0.02254	0.01382	0.67496	0.03418	0.04581	0.01745	0.01745	0.01236	0.00873	0.00727	0.00218	0.00800	0.00654	0.00727	0.01236
35	0.00886	0.00633	0.00843	0.01012	0.01054	0.00590	0.00675	0.01012	0.01392	0.01856	0.04006	0.73979	0.04808	0.02277	0.00928	0.00295	0.00422	0.02066	0.00675	0.00590
36	0.01590	0.01590	0.02226	0.01908	0.01908	0.02226	0.01590	0.01749	0.01113	0.01749	0.00954	0.01590	0.00954	0.01272	0.02385	0.00318	0.73123	0.00636	0.00318	0.00795
37	0.00962	0.00735	0.00882	0.00856	0.01048	0.00656	0.00638	0.01238	0.01883	0.02527	0.44371	0.09352	0.28911	0.01650	0.00861	0.00238	0.00356	0.01429	0.00750	0.00656
38	0.79588	0.01406	0.01068	0.00956	0.01406	0.01631	0.00787	0.02137	0.01237	0.03261	0.01012	0.01181	0.00787	0.00675	0.00450	0.00225	0.00562	0.00394	0.00450	0.00787
39	0.02715	0.03464	0.02060	0.01873	0.02247	0.71536	0.01404	0.02903	0.02060	0.01779	0.01124	0.01311	0.00936	0.00749	0.00655	0.00187	0.01311	0.00468	0.00375	0.00843
40	0.00886	0.00633	0.00843	0.01012	0.01054	0.00590	0.00675	0.01012	0.01392	0.01856	0.04006	0.73979	0.04808	0.02277	0.00928	0.00295	0.00422	0.02066	0.00675	0.00590
41	0.00886	0.00633	0.00843	0.01012	0.01054	0.00590	0.00675	0.01012	0.01392	0.01856	0.04006	0.73979	0.04808	0.02277	0.00928	0.00295	0.00422	0.02066	0.00675	0.00590
42	0.01007	0.00742	0.00941	0.00892	0.01073	0.00677	0.00669	0.01329	0.02006	0.02792	0.61529	0.05631	0.14943	0.01532	0.00858	0.00231	0.00346	0.01343	0.00784	0.00677
43	0.00883	0.00674	0.00812	0.00911	0.01031	0.00603	0.00632	0.01041	0.01517	0.01945	0.08402	0.47172	0.27588	0.02086	0.00900	0.00275	0.00399	0.01843	0.00681	0.00603
44	0.01002	0.00770	0.00928	0.00994	0.01186	0.00708	0.00800	0.01247	0.01660	0.02093	0.10590	0.09597	0.34437	0.04927	0.01036	0.00299	0.00498	0.25921	0.00673	0.00633
45	0.28015	0.02787	0.01734	0.01571	0.01970	0.48529	0.01201	0.02651	0.01789	0.02267	0.01087	0.01268	0.00887	0.00725	0.00588	0.00200	0.01065	0.00444	0.00399	0.00824
46	0.00886	0.00633	0.00843	0.01012	0.01054	0.00590	0.00675	0.01012	0.01392	0.01856	0.04006	0.73979	0.04808	0.02277	0.00928	0.00295	0.00422	0.02066	0.00675	0.00590
47	0.00882	0.00647	0.00828	0.00973	0.01044	0.00594	0.00657	0.01017	0.01430	0.01871	0.04487	0.64396	0.14081	0.02215	0.00918	0.00288	0.00414	0.01990	0.00675	0.00594
48	0.01590	0.01590	0.02226	0.01908	0.01908	0.02226	0.01590	0.01749	0.01113	0.01749	0.00954	0.01590	0.00954	0.01272	0.02385	0.00318	0.73123	0.00636	0.00318	0.00795
49	0.01471	0.00755	0.01007	0.00965	0.01068	0.00760	0.00681	0.01494	0.06185	0.06877	0.01709	0.02357	0.01482	0.01987	0.02107	0.52966	0.00574	0.00661	0.14381	0.00512
50	0.01692	0.01920	0.04180	0.02998	0.03712	0.01806	0.64962	0.02292	0.01697	0.02306	0.01487	0.01992	0.01128	0.00782	0.03327	0.00277	0.01251	0.00855	0.00368	0.00969
51	0.01373	0.01292	0.02180	0.72707	0.05006	0.01615	0.02019	0.01857	0.01453	0.01857	0.01292	0.01938	0.00969	0.00727	0.00727	0.00242	0.00969	0.00646	0.00323	0.00807
52	0.36793	0.01346	0.01403	0.01144	0.01639	0.01389	0.00941	0.07797	0.01785	0.32399	0.01938	0.01859	0.01312	0.00796	0.00596	0.00222	0.00594	0.00574	0.04459	0.01011
53	0.73582	0.01449	0.01317	0.01118	0.01590	0.01647	0.05916	0.02152	0.01274	0.03189	0.01048	0.01241	0.00812	0.00670	0.00481	0.00226	0.00613	0.00429	0.00444	0.00802
54	0.01590	0.01590	0.02226	0.01908	0.01908	0.02226	0.01590	0.01749	0.01113	0.01749	0.00954	0.01590	0.00954	0.01272	0.02385	0.00318	0.73123	0.00636	0.00318	0.00795
55	0.01832	0.02047	0.03275	0.10876	0.12530	0.12861	0.32926	0.02285	0.01662	0.02127	0.01322	0.01791	0.01051	0.00728	0.00968	0.00240	0.09463	0.00718	0.00357	0.00941
56	0.01389	0.01045	0.01262	0.01055	0.01428	0.00934	0.00818	0.01933	0.10094	0.06073	0.36108	0.03688	0.04179	0.01091	0.00734	0.00192	0.00448	0.00941	0.00679	0.25909
57	0.00867	0.00737	0.00748	0.00745	0.00987	0.00617	0.00559	0.01059	0.01676	0.02009	0.10345	0.06920	0.66614	0.01824	0.00859	0.00245	0.00367	0.01524	0.00681	0.00617
58	0.03025	0.01230	0.01634	0.01268	0.01799	0.01087	0.01042	0.06395	0.02123	0.61055	0.05879	0.02785	0.05285	0.00969	0.00742	0.00226	0.00603	0.00791	0.00876	0.01183
59	0.00907	0.00649	0.00863	0.00998	0.01059	0.00605	0.00676	0.01066	0.01491	0.02014	0.13782	0.63753	0.05114	0.02159	0.00917	0.00285	0.00410	0.01954	0.00693	0.00605
60	0.00925	0.00698	0.00855	0.00902	0.01044	0.00628	0.00644	0.01138	0.01683	0.02230	0.26230	0.32751	0.23834	0.01897	0.00885	0.00260	0.00381	0.01672	0.00716	0.00628
61	0.79588	0.01406	0.01068	0.00956	0.01406	0.01631	0.00787	0.02137	0.01237	0.03261	0.01012	0.01181	0.00787	0.00675	0.00450	0.00225	0.00562	0.00394	0.00450	0.00787
62	0.79588	0.01406	0.01068	0.00956	0.01406	0.01631	0.00787	0.02137	0.01237	0.03261	0.01012	0.01181	0.00787	0.00675	0.00450	0.00225	0.00562	0.00394	0.00450	0.00787
63	0.06451	0.01244	0.01661	0.01279	0.01837	0.01092	0.01057	0.03484	0.02045	0.67616	0.02790	0.02420	0.01757	0.00890	0.00719	0.00225	0.00616	0.00717	0.00881	0.01218
64	0.01808	0.01561	0.01644	0.01479	0.01890	0.01808	0.01151	0.03863	0.68606	0.03041	0.02959	0.02712	0.02219	0.00986	0.00740	0.00247	0.00575	0.00822	0.00740	0.01151
65	0.59112	0.01361	0.01234	0.01046	0.01526	0.01480	0.00863	0.02514	0.01463	0.21279	0.01510	0.01528	0.01059	0.00735	0.00525	0.00225	0.00577	0.00484	0.00571	0.00908
66	0.01439	0.01351	0.02339	0.05787	0.14573	0.01392	0.17570	0.04902	0.01594	0.02189	0.02367	0.29150	0.02500	0.01330	0.00992	0.00264	0.07683	0.01236	0.00493	0.00850
67	0.00865	0.00737	0.00745	0.00743	0.00985	0.00616	0.00557	0.01055	0.01671	0.01997	0.09550	0.06941	0.67417	0.01828	0.00859	0.00245	0.00367	0.01526	0.00679	0.00616
68	0.79588	0.01406	0.01068	0.00956	0.01406	0.01631	0.00787	0.02137	0.01237	0.03261	0.01012	0.01181	0.00787	0.00675	0.00450	0.00225	0.00562	0.00394	0.00450	0.00787
69	0.01943	0.74891	0.03809	0.01244	0.01866	0.02876	0.01244	0.02177	0.01477	0.01710	0.01011	0.01166	0.00933	0.00622	0.00466	0.00155	0.00777	0.00389	0.00311	0.00933
70	0.01507	0.01292	0.01507	0.01077	0.01723	0.00969	0.00861	0.01830	0.01507	0.02369	0.01292	0.01507	0.01077	0.00538	0.00538	0.00108	0.00538	0.00431	0.00431	0.78898
71	0.02763	0.02036	0.02182	0.01672	0.02254	0.02254	0.01382	0.67496	0.03418	0.04581	0.01745	0.01745	0.01236	0.00873	0.00727	0.00218	0.00800	0.00654	0.00727	0.01236
72	0.54571	0.01505	0.03986	0.01213	0.01560	0.01727	0.01030	0.02000	0.01211	0.02782	0.01072	0.01464	0.00922	0.04401	0.01069	0.00270	0.17534	0.00488	0.00413	0.00783
73	0.01430	0.01351	0.02284	0.63515	0.13750	0.01630	0.02047	0.01908	0.01481	0.01927	0.01302	0.01919	0.00994	0.00716	0.00726	0.00239	0.00955	0.00646	0.00328	0.00854
74	0.02072	0.01857	0.02332	0.02809	0.30976	0.07181	0.01668	0.18796	0.15895	0.02993	0.01882	0.05001	0.01531	0.00850	0.00730	0.00224	0.00804	0.00732	0.00544	0.01125
75	0.02111	0.01790	0.02033	0.02052	0.13503	0.04288	0.01408	0.21760	0.36384	0.03326	0.02280	0.02234	0.01714	0.00888	0.00730	0.00231	0.00713	0.00733	0.00659	0.01165
76	0.01545	0.10343	0.59207	0.01914	0.02896	0.01739	0.02410	0.02286	0.01553	0.04628	0.01563	0.01741	0.03578	0.00735	0.00677	0.00223	0.01003	0.00568	0.00342	0.01049
77	0.01373	0.01292	0.02180	0.72707	0.05006	0.01615	0.02019	0.01857	0.01453	0.01857	0.01292	0.01938	0.00969	0.00727	0.00727	0.00242	0.00969	0.00646	0.00323	0.00807
78	0.01886	0.11796	0.09400	0.01607	0.02127	0.12806	0.09246	0.06114	0.06779	0.07425	0.15529	0.02625	0.04464	0.00919	0.00716	0.00210	0.00812	0.00771	0.00541	0.04226
79	0.01812	0.02218	0.23782	0.02395	0.11037	0.01511	0.20775	0.02371	0.01701	0.13578	0.04434	0.07582	0.01674	0.00850	0.00774	0.00237	0.00939	0.00823	0.00476	0.01031
80	0.00985	0.00762	0.01067	0.01137	0.01277	0.00711	0.04038	0.01192	0.01517	0.01969	0.04442	0.43916	0.15985	0.02058	0.00929	0.00293	0.00507	0.15925	0.00659	0.00631
81	0.11423	0.04775	0.22141	0.02052	0.07532	0.04636	0.12875	0.07278	0.01780	0.13444	0.01665	0.04344	0.01258	0.00777	0.00701	0.00227	0.00906	0.00669	0.00481	0.01035
82	0.01891	0.02176	0.17429	0.07948	0.14415	0.07034	0.06334	0.08579	0.06200	0.08293	0.04947	0.04607	0.01595	0.00863	0.00816	0.00232	0.04404	0.00726	0.00483	0.01027
83	0.01947	0.15460	0.13016	0.01524	0.02045	0.06699	0.04150	0.08303	0.05886	0.11663	0.06125	0.08555	0.01936	0.01099	0.02771	0.00247	0.03882	0.00775	0.02952	0.00965
84	0.01301	0.01027	0.03255	0.01285	0.04279	0.00937	0.03428	0.07378	0.01913	0.05119	0.30314	0.20555	0.08533	0.03855	0.00942	0.00263	0.00513	0.03645	0.00696	0.00763
85	0.01020	0.00737	0.00874	0.00876	0.01067	0.00651	0.00643	0.01246	0.01745	0.05131	0.26130	0.20702	0.32970	0.01783	0.00868	0.00250	0.00382	0.01545	0.00724	0.00658
86	0.01813	0.18102	0.28630	0.02127	0.08104	0.06770	0.11798	0.02345	0.01627	0.06720	0.01479	0.04648	0.01194	0.00746	0.00681	0.00215	0.00975	0.00636	0.00381	0.01011
87	0.01851	0.05567	0.23793	0.04377	0.08253	0.08656	0.07929	0.07137	0.07763	0.04457	0.01471	0.01730	0.01132	0.00817	0.00960	0.00237	0.11817	0.00621	0.00413	0.01017
88	0.02715	0.03464	0.02060	0.01873	0.02247	0.71536	0.01404	0.02903	0.02060	0.01779	0.01124	0.01311	0.00936	0.00749	0.00655	0.00187	0.01311	0.00468	0.00375	0.00843
89	0.01169	0.00823	0.01026	0.01112	0.04436	0.00755	0.00760	0.01452	0.04491	0.07618	0.13292	0.29742	0.27019	0.01781	0.00861	0.00258	0.00437	0.01557	0.00697	0.00713
90	0.01943	0.01883	0.13572	0.05121	0.19920	0.01575	0.06212	0.07595	0.06586	0.13821	0.06901	0.02364	0.03872	0.00869	0.00825	0.00232	0.04359	0.00747	0.00536	0.01066
91	0.19181	0.01414	0.01512	0.01322	0.04523	0.01506	0.01017	0.23529	0.02174	0.14399	0.01909	0.01986	0.01384	0.00818	0.00612	0.00208	0.00605	0.00616	0.20291	0.00994
92	0.00869	0.00727	0.00756	0.00769	0.00993	0.00615	0.00569	0.01054	0.01649	0.01994	0.09655	0.13050	0.61079	0.01866	0.00865	0.00249	0.00372	0.01574	0.00680	0.00615
93	0.04589	0.01994	0.14374	0.21519	0.20247	0.05087	0.01928	0.09494	0.01789	0.04408	0.01515	0.01993	0.01189	0.00765	0.00705	0.00227	0.00898	0.02610	0.03675	0.00994
94	0.01993	0.02152	0.07609	0.07692	0.27995	0.14680	0.09691	0.06619	0.04003	0.05238	0.01700	0.01977	0.03842	0.00754	0.00730	0.00220	0.00969	0.00676	0.00428	0.01032
95	0.02202	0.08422	0.02808	0.02106	0.02601	0.36707	0.22991	0.02546	0.01852	0.02039	0.01342	0.01640	0.01075	0.00703	0.00694	0.00202	0.01152	0.00609	0.07430	0.00880
96	0.00887	0.00707	0.00798	0.00856	0.01029	0.00618	0.00621	0.01066	0.01591	0.01983	0.09173	0.28635	0.43240	0.01971	0.00886	0.00264	0.00395	0.03988	0.00681	0.00612
97	0.01576	0.05064	0.29871	0.06824	0.14197	0.01656	0.09128	0.05330	0.04976	0.02406	0.04088	0.04362	0.03628	0.00849	0.00740	0.00233	0.00921	0.02724	0.00415	0.01012
98	0.01839	0.01718	0.01862	0.13940	0.08985	0.12310	0.01408	0.02910	0.30025	0.05037	0.05418	0.02580	0.01960	0.01097	0.03443	0.00270	0.00829	0.02807	0.00569	0.00991
99	0.00907	0.00721	0.00814	0.00827	0.01020	0.00628	0.00607	0.01123	0.01717	0.02191	0.22810	0.17495	0.42929	0.01821	0.00870	0.00249	0.00370	0.01564	0.00707	0.00628
100	0.01047	0.00709	0.00806	0.00806	0.00823	0.00709	0.00466	0.01067	0.01091	0.01448	0.02522	0.04785	0.05864	0.68011	0.06427	0.00702	0.00741	0.01069	0.00450	0.00458
101	0.01771	0.13934	0.22547	0.11615	0.11303	0.08168	0.08849	0.02334	0.03685	0.04632	0.01395	0.01701	0.01079	0.00844	0.02929	0.00246	0.01020	0.00593	0.00367	0.00990
102	0.02644	0.03350	0.02022	0.01843	0.02207	0.68520	0.01383	0.02834	0.02022	0.01775	0.01159	0.01377	0.00974	0.00950	0.03684	0.00229	0.01338	0.00481	0.00375	0.00834
103	0.01590	0.01590	0.02226	0.01908	0.01908	0.02226	0.01590	0.01749	0.01113	0.01749	0.00954	0.01590	0.00954	0.01272	0.02385	0.00318	0.73123	0.00636	0.00318	0.00795
104	0.01703	0.02609	0.33519	0.10363	0.10125	0.04047	0.13059	0.02323	0.01628	0.08141	0.01581	0.04829	0.01222	0.00765	0.00738	0.00233	0.01007	0.00694	0.00394	0.01022
105	0.01906	0.10752	0.15677	0.05579	0.29999	0.10595	0.07693	0.02373	0.01679	0.05092	0.01354	0.01663	0.01073	0.00676	0.00690	0.00212	0.00974	0.00596	0.00368	0.01049
106	0.01165	0.00889	0.01136	0.01111	0.01232	0.02933	0.00845	0.01392	0.01258	0.01834	0.02237	0.05268	0.04773	0.11250	0.41430	0.00812	0.06990	0.00845	0.11953	0.00645
107	0.00975	0.00686	0.00801	0.00855	0.00902	0.00656	0.00531	0.01041	0.01247	0.01628	0.03537	0.27185	0.12553	0.41396	0.02423	0.00511	0.00568	0.01445	0.00548	0.00512
108	0.01319	0.00695	0.00977	0.00967	0.01011	0.00702	0.00673	0.03366	0.01122	0.01555	0.01508	0.02533	0.01460	0.02289	0.02464	0.65080	0.00612	0.03802	0.07467	0.00398
109	0.05584	0.20940	0.12828	0.07086	0.14343	0.04919	0.04166	0.09800	0.03671	0.02429	0.01580	0.01795	0.03981	0.00740	0.00642	0.00204	0.00851	0.00589	0.00411	0.03440
110	0.11632	0.18163	0.09682	0.04906	0.21691	0.05298	0.01620	0.04360	0.05627	0.02349	0.01474	0.05081	0.01278	0.00913	0.02832	0.00240	0.00847	0.00620	0.00405	0.00981

[dist]
# distance from previous block
# <min> <max>
0	5

[block]
# block no. 1 follows, 28 sequences, length 100
# corresponding to MSA columns:
# 1038-1086,1089-1139
name=unknown_B
#
# <colnr> <probs for GDERKNQSTAVLIFYWHMCP>
#	G	D	E	R	K	N	Q	S	T	A	V	L	I	F	Y	W	H	M	C	P
0	0.09164	0.10756	0.18714	0.04605	0.13353	0.04219	0.07345	0.07997	0.03777	0.04587	0.01490	0.03901	0.01206	0.00903	0.02742	0.00249	0.02932	0.00635	0.00420	0.01005
1	0.01748	0.01721	0.06917	0.01998	0.16215	0.05203	0.01388	0.06716	0.06417	0.04378	0.04660	0.02049	0.03774	0.00766	0.00732	0.00183	0.03866	0.00622	0.00478	0.30170
2	0.00921	0.00681	0.00902	0.03214	0.01195	0.00636	0.00716	0.01068	0.01412	0.01879	0.04012	0.65611	0.08089	0.02146	0.00904	0.00284	0.00440	0.01937	0.00656	0.03296
3	0.01749	0.01459	0.02169	0.04672	0.21027	0.03998	0.09445	0.02108	0.01674	0.10111	0.02406	0.05488	0.09824	0.00877	0.00716	0.00203	0.00735	0.00799	0.02903	0.17638
4	0.01575	0.01831	0.13123	0.01500	0.05027	0.03730	0.03434	0.02069	0.04456	0.02364	0.01369	0.01585	0.01100	0.00598	0.00595	0.00146	0.00693	0.00490	0.00416	0.53898
5	0.00940	0.00706	0.00880	0.00940	0.01076	0.00633	0.00662	0.01134	0.01597	0.02136	0.19201	0.42621	0.17561	0.01941	0.00882	0.00263	0.00399	0.01725	0.00692	0.04013
6	0.01269	0.01151	0.01769	0.19548	0.09688	0.01204	0.07111	0.01758	0.07382	0.02134	0.05920	0.13832	0.19064	0.01307	0.00816	0.00252	0.00685	0.03774	0.00536	0.00800
7	0.00882	0.00737	0.00768	0.00760	0.00996	0.00623	0.00570	0.01087	0.01710	0.02090	0.15616	0.06788	0.61294	0.01794	0.00859	0.00243	0.00365	0.01505	0.00692	0.00623
8	0.00990	0.00722	0.00939	0.00932	0.01082	0.00672	0.00684	0.01276	0.01863	0.02592	0.49710	0.18848	0.10479	0.01830	0.03808	0.00282	0.00427	0.01454	0.00750	0.00661
9	0.02618	0.12492	0.02281	0.01793	0.02199	0.62858	0.01384	0.02811	0.01986	0.01770	0.01109	0.01293	0.00936	0.00733	0.00632	0.00183	0.01243	0.00458	0.00366	0.00854
10	0.02715	0.03464	0.02060	0.01873	0.02247	0.71536	0.01404	0.02903	0.02060	0.01779	0.01124	0.01311	0.00936	0.00749	0.00655	0.00187	0.01311	0.00468	0.00375	0.00843
11	0.01956	0.01810	0.16500	0.01410	0.01904	0.07253	0.01316	0.02402	0.05374	0.23297	0.03017	0.20483	0.07626	0.01265	0.00775	0.00243	0.00707	0.01069	0.00642	0.00951
12	0.02045	0.28309	0.16892	0.01732	0.05397	0.04628	0.01632	0.18663	0.06934	0.02682	0.01417	0.01549	0.01112	0.00753	0.00682	0.00203	0.03324	0.00541	0.00450	0.01056
13	0.01263	0.00631	0.00947	0.00947	0.00947	0.00631	0.00631	0.00947	0.00947	0.01263	0.01263	0.02210	0.01263	0.02525	0.02841	0.78851	0.00631	0.00631	0.00316	0.00316
14	0.01038	0.00779	0.01168	0.01168	0.01298	0.00909	0.00909	0.01298	0.01168	0.01687	0.01947	0.02856	0.01817	0.05452	0.71573	0.01168	0.01947	0.00779	0.00389	0.00649
15	0.01949	0.01750	0.07144	0.20403	0.22763	0.04673	0.01790	0.09445	0.06163	0.10032	0.01697	0.01971	0.01268	0.00760	0.00708	0.00223	0.00844	0.00654	0.04724	0.01038
16	0.02106	0.26660	0.12724	0.02070	0.09858	0.26047	0.06553	0.02461	0.01723	0.01938	0.01165	0.01398	0.00969	0.00678	0.00621	0.00190	0.01046	0.00501	0.00342	0.00950
17	0.01001	0.00765	0.00988	0.01128	0.03811	0.00718	0.00808	0.01219	0.01574	0.02048	0.10737	0.27091	0.22212	0.05047	0.03569	0.00329	0.00536	0.15125	0.00653	0.00640
18	0.02609	0.08386	0.02301	0.01805	0.02259	0.42482	0.03423	0.21258	0.02367	0.02591	0.01299	0.01452	0.01027	0.00785	0.00715	0.00199	0.03078	0.00532	0.00469	0.00965
19	0.01596	0.00949	0.01159	0.01026	0.01300	0.00872	0.00762	0.06266	0.01783	0.16006	0.16336	0.14928	0.11879	0.14382	0.01315	0.00315	0.00524	0.01182	0.00688	0.06731
20	0.00905	0.00726	0.00809	0.00814	0.01017	0.00629	0.00601	0.01123	0.01727	0.02192	0.22725	0.14480	0.46092	0.01802	0.00867	0.00247	0.00368	0.01541	0.00707	0.00629
21	0.01892	0.39311	0.10357	0.04805	0.02648	0.06154	0.18069	0.05105	0.01658	0.02060	0.01206	0.01468	0.00989	0.00649	0.00620	0.00194	0.00958	0.00548	0.00347	0.00962
22	0.01037	0.00696	0.00799	0.00818	0.00823	0.00692	0.00467	0.01052	0.01096	0.01461	0.02488	0.12718	0.02892	0.66153	0.03381	0.00658	0.00672	0.01173	0.00467	0.00458
23	0.00942	0.00746	0.00852	0.00845	0.01059	0.00656	0.00647	0.01193	0.01797	0.02310	0.28657	0.06546	0.42779	0.01731	0.00870	0.00247	0.00383	0.06381	0.00718	0.00643
24	0.11926	0.01677	0.01993	0.16176	0.08508	0.05504	0.01442	0.22453	0.02221	0.18456	0.01751	0.01862	0.01231	0.00799	0.00689	0.00224	0.00797	0.00627	0.00599	0.01066
25	0.11094	0.16346	0.07393	0.02011	0.07168	0.25716	0.11325	0.06781	0.01829	0.02282	0.01212	0.01445	0.00978	0.00693	0.00638	0.00201	0.01029	0.00533	0.00388	0.00938
26	0.01303	0.00922	0.01025	0.00972	0.01236	0.03073	0.00760	0.01613	0.03890	0.10129	0.21843	0.05894	0.34380	0.01599	0.00850	0.00247	0.00461	0.08346	0.00724	0.00734
27	0.79588	0.01406	0.01068	0.00956	0.01406	0.01631	0.00787	0.02137	0.01237	0.03261	0.01012	0.01181	0.00787	0.00675	0.00450	0.00225	0.00562	0.00394	0.00450	0.00787
28	0.01481	0.01375	0.02307	0.51941	0.21390	0.01600	0.02003	0.01945	0.01508	0.02029	0.01361	0.01938	0.01057	0.00712	0.00715	0.00232	0.00913	0.00648	0.03955	0.00889
29	0.01580	0.01605	0.01822	0.01633	0.01731	0.12705	0.01308	0.01767	0.01277	0.01721	0.01335	0.02062	0.01282	0.05629	0.22805	0.00568	0.37403	0.00671	0.00354	0.00744
30	0.01037	0.00700	0.00815	0.00845	0.00857	0.00694	0.00502	0.01068	0.01128	0.01502	0.02592	0.14634	0.03007	0.61486	0.03205	0.00633	0.00664	0.03679	0.00482	0.00470
31	0.01373	0.01292	0.02180	0.72707	0.05006	0.01615	0.02019	0.01857	0.01453	0.01857	0.01292	0.01938	0.00969	0.00727	0.00727	0.00242	0.00969	0.00646	0.00323	0.00807
32	0.01072	0.00767	0.01054	0.01202	0.01332	0.00749	0.00978	0.01345	0.01622	0.02143	0.09669	0.27897	0.04608	0.02044	0.00968	0.00313	0.00566	0.40342	0.00682	0.00647
33	0.79588	0.01406	0.01068	0.00956	0.01406	0.01631	0.00787	0.02137	0.01237	0.03261	0.01012	0.01181	0.00787	0.00675	0.00450	0.00225	0.00562	0.00394	0.00450	0.00787
34	0.02007	0.01677	0.02098	0.01702	0.02207	0.01822	0.10197	0.15252	0.41424	0.05617	0.02438	0.02357	0.01808	0.00887	0.00742	0.00233	0.00705	0.00771	0.00676	0.05378
35	0.01138	0.00813	0.01134	0.01301	0.01454	0.00808	0.01114	0.01449	0.01641	0.02139	0.03867	0.15765	0.04255	0.02039	0.00995	0.00330	0.00641	0.57786	0.00670	0.00660
36	0.00909	0.00649	0.00870	0.01039	0.01091	0.00611	0.00716	0.01053	0.01415	0.01882	0.03993	0.68576	0.04756	0.02255	0.00934	0.00298	0.00442	0.07238	0.00674	0.00597
37	0.25819	0.01644	0.01644	0.01346	0.01815	0.01828	0.01092	0.38087	0.02469	0.03822	0.01782	0.09081	0.01495	0.00957	0.00655	0.00226	0.00670	0.00722	0.03836	0.01010
38	0.01492	0.01414	0.02396	0.53597	0.23183	0.01646	0.02078	0.01962	0.01510	0.02002	0.01313	0.01899	0.01020	0.00705	0.00725	0.00235	0.00939	0.00646	0.00333	0.00904
39	0.02342	0.01719	0.02202	0.01742	0.02244	0.01872	0.09406	0.24873	0.22303	0.14501	0.02199	0.02169	0.01585	0.00909	0.00874	0.00239	0.06251	0.00741	0.00684	0.01146
40	0.02689	0.01980	0.02135	0.01657	0.02220	0.02189	0.01372	0.64437	0.03337	0.04470	0.01843	0.02044	0.01373	0.00925	0.00740	0.00224	0.00794	0.03638	0.00724	0.01210
41	0.01020	0.00743	0.00959	0.00905	0.01080	0.00682	0.00679	0.01354	0.02036	0.02863	0.66152	0.05515	0.10275	0.01505	0.00857	0.00230	0.00344	0.01327	0.00793	0.00682
42	0.01658	0.01979	0.08540	0.12487	0.08933	0.01789	0.49037	0.02256	0.01663	0.02267	0.01427	0.01916	0.01076	0.00636	0.00818	0.00241	0.01153	0.00791	0.00357	0.00977
43	0.02509	0.02080	0.02027	0.01646	0.02159	0.10253	0.01324	0.43372	0.20221	0.03852	0.01988	0.01946	0.01457	0.00888	0.00722	0.00222	0.00801	0.00676	0.00689	0.01168
44	0.01373	0.01292	0.02180	0.72707	0.05006	0.01615	0.02019	0.01857	0.01453	0.01857	0.01292	0.01938	0.00969	0.00727	0.00727	0.00242	0.00969	0.00646	0.00323	0.00807
45	0.00931	0.00677	0.00887	0.01038	0.01122	0.00634	0.00745	0.01098	0.01466	0.01920	0.04327	0.56087	0.11405	0.02187	0.00933	0.00297	0.00457	0.12509	0.00674	0.00606
46	0.02190	0.02924	0.19924	0.02146	0.04646	0.27240	0.13171	0.09202	0.04389	0.05203	0.01438	0.01637	0.01080	0.00735	0.00715	0.00216	0.01116	0.00601	0.00426	0.01001
47	0.02696	0.02021	0.02115	0.01651	0.02210	0.04675	0.01352	0.57639	0.08886	0.06509	0.01863	0.01836	0.01328	0.00879	0.00726	0.00220	0.00793	0.00665	0.00721	0.01215
48	0.01616	0.14371	0.49575	0.01907	0.02834	0.01883	0.04785	0.05180	0.04542	0.02346	0.01357	0.01554	0.01005	0.00693	0.00661	0.00215	0.00983	0.00541	0.00351	0.03598
49	0.11257	0.07753	0.10485	0.01378	0.01910	0.01611	0.01250	0.05279	0.24093	0.16226	0.07017	0.02506	0.04320	0.00924	0.00686	0.00228	0.00647	0.00733	0.00648	0.01049
50	0.79588	0.01406	0.01068	0.00956	0.01406	0.01631	0.00787	0.02137	0.01237	0.03261	0.01012	0.01181	0.00787	0.00675	0.00450	0.00225	0.00562	0.00394	0.00450	0.00787
51	0.01118	0.00804	0.01107	0.01267	0.01420	0.00792	0.01075	0.01417	0.01633	0.02121	0.04017	0.17484	0.06990	0.02039	0.00987	0.00325	0.00622	0.53455	0.00670	0.00656
52	0.02763	0.02036	0.02182	0.01672	0.02254	0.02254	0.01382	0.67496	0.03418	0.04581	0.01745	0.01745	0.01236	0.00873	0.00727	0.00218	0.00800	0.00654	0.00727	0.01236
53	0.01056	0.00710	0.00820	0.00820	0.00830	0.00720	0.00475	0.01075	0.01065	0.01430	0.02265	0.04617	0.02582	0.69374	0.08697	0.00739	0.00796	0.01037	0.00437	0.00456
54	0.02002	0.01587	0.01701	0.01486	0.01925	0.01803	0.01168	0.10254	0.57544	0.07746	0.02830	0.02599	0.02092	0.00969	0.00738	0.00242	0.00601	0.00799	0.00749	0.01165
55	0.01458	0.03760	0.70688	0.02072	0.03146	0.01688	0.02686	0.02302	0.01535	0.02302	0.01304	0.01535	0.00921	0.00691	0.00691	0.00230	0.01074	0.00537	0.00307	0.01074
56	0.01057	0.00705	0.00793	0.00793	0.00793	0.00705	0.00440	0.01057	0.01057	0.01409	0.02290	0.04757	0.02643	0.74454	0.03700	0.00705	0.00705	0.01057	0.00440	0.00440
57	0.02288	0.01701	0.01843	0.01524	0.02008	0.01891	0.01222	0.29674	0.34380	0.09128	0.04732	0.02392	0.01943	0.00950	0.00738	0.00233	0.00662	0.00763	0.00750	0.01177
58	0.01038	0.00779	0.01168	0.01168	0.01298	0.00909	0.00909	0.01298	0.01168	0.01687	0.01947	0.02856	0.01817	0.05452	0.71573	0.01168	0.01947	0.00779	0.00389	0.00649
59	0.01707	0.01932	0.04168	0.02977	0.03708	0.01800	0.64380	0.02307	0.01707	0.02330	0.01463	0.01941	0.01102	0.00609	0.00844	0.00239	0.01195	0.00839	0.00370	0.04382
60	0.01079	0.00798	0.00949	0.00953	0.01149	0.00745	0.00708	0.01449	0.06895	0.04551	0.23871	0.21937	0.26087	0.01752	0.00867	0.00255	0.00410	0.04127	0.00723	0.00693
61	0.01044	0.00699	0.00797	0.00809	0.00813	0.00696	0.00458	0.01054	0.01082	0.01443	0.02421	0.10007	0.02807	0.68979	0.03490	0.00674	0.00683	0.01134	0.00458	0.00452
62	0.01716	0.01961	0.04289	0.03064	0.03799	0.01838	0.67279	0.02328	0.01716	0.02328	0.01471	0.01961	0.01103	0.00613	0.00858	0.00245	0.01225	0.00858	0.00368	0.00980
63	0.09146	0.01305	0.01673	0.01293	0.01848	0.01193	0.01068	0.07823	0.02107	0.60696	0.02647	0.02324	0.01682	0.00880	0.00709	0.00224	0.00627	0.00700	0.00853	0.01202
64	0.01039	0.00776	0.01154	0.01154	0.01278	0.00901	0.00890	0.01289	0.01164	0.01677	0.01960	0.02930	0.01849	0.08136	0.68933	0.01150	0.01899	0.00790	0.00391	0.00641
65	0.01943	0.74891	0.03809	0.01244	0.01866	0.02876	0.01244	0.02177	0.01477	0.01710	0.01011	0.01166	0.00933	0.00622	0.00466	0.00155	0.00777	0.00389	0.00311	0.00933
66	0.01263	0.00631	0.00947	0.00947	0.00947	0.00631	0.00631	0.00947	0.00947	0.01263	0.01263	0.02210	0.01263	0.02525	0.02841	0.78851	0.00631	0.00631	0.00316	0.00316
67	0.00886	0.00633	0.00843	0.01012	0.01054	0.00590	0.00675	0.01012	0.01392	0.01856	0.04006	0.73979	0.04808	0.02277	0.00928	0.00295	0.00422	0.02066	0.00675	0.00590
68	0.01521	0.01514	0.02340	0.01949	0.02068	0.01969	0.10342	0.01757	0.01203	0.01818	0.01179	0.01838	0.01109	0.01835	0.12970	0.00441	0.52328	0.00688	0.00336	0.00797
69	0.00886	0.00633	0.00843	0.01012	0.01054	0.00590	0.00675	0.01012	0.01392	0.01856	0.04006	0.73979	0.04808	0.02277	0.00928	0.00295	0.00422	0.02066	0.00675	0.00590
70	0.01190	0.00885	0.01014	0.01050	0.01132	0.03871	0.00721	0.01363	0.03407	0.04111	0.02987	0.33566	0.03363	0.25402	0.04784	0.00454	0.03807	0.03548	0.02735	0.00609
71	0.01776	0.04373	0.04877	0.21242	0.26423	0.08986	0.11798	0.05028	0.01721	0.02229	0.01542	0.01951	0.03363	0.00724	0.00731	0.00224	0.00976	0.00678	0.00376	0.00980
72	0.02091	0.02465	0.12522	0.04792	0.20318	0.20415	0.06882	0.05607	0.06489	0.06062	0.01492	0.01736	0.01156	0.00756	0.00784	0.00221	0.04143	0.00616	0.00427	0.01027
73	0.01207	0.01022	0.01474	0.01377	0.01462	0.01301	0.01096	0.01425	0.01147	0.01694	0.01660	0.02554	0.01591	0.07191	0.47570	0.00889	0.23540	0.00748	0.00370	0.00684
74	0.08833	0.12961	0.02380	0.01949	0.07069	0.48248	0.04248	0.02666	0.01868	0.01958	0.01131	0.01344	0.00946	0.00712	0.00626	0.00191	0.01140	0.00481	0.00371	0.00879
75	0.01355	0.00678	0.00678	0.00678	0.00847	0.00678	0.00508	0.01694	0.01524	0.02710	0.02371	0.02710	0.01863	0.00847	0.00508	0.00169	0.00339	0.00678	0.78489	0.00678
76	0.01468	0.01259	0.01967	0.47914	0.09505	0.01481	0.01711	0.06490	0.01614	0.02194	0.01667	0.07610	0.01406	0.00865	0.00716	0.00234	0.00832	0.00761	0.09470	0.00835
77	0.01056	0.00710	0.00820	0.00820	0.00830	0.00720	0.00475	0.01075	0.01065	0.01430	0.02265	0.04619	0.02583	0.69434	0.08637	0.00738	0.00795	0.01037	0.00437	0.00456
78	0.01716	0.01961	0.04289	0.03064	0.03799	0.01838	0.67279	0.02328	0.01716	0.02328	0.01471	0.01961	0.01103	0.00613	0.00858	0.00245	0.01225	0.00858	0.00368	0.00980
79	0.00949	0.00743	0.00870	0.00912	0.01105	0.00664	0.00704	0.01180	0.01695	0.02152	0.16952	0.15458	0.38636	0.01866	0.00894	0.00265	0.00426	0.13200	0.00695	0.00633
80	0.79588	0.01406	0.01068	0.00956	0.01406	0.01631	0.00787	0.02137	0.01237	0.03261	0.01012	0.01181	0.00787	0.00675	0.00450	0.00225	0.00562	0.00394	0.00450	0.00787
81	0.79588	0.01406	0.01068	0.00956	0.01406	0.01631	0.00787	0.02137	0.01237	0.03261	0.01012	0.01181	0.00787	0.00675	0.00450	0.00225	0.00562	0.00394	0.00450	0.00787
82	0.02571	0.02227	0.02151	0.01727	0.02233	0.16491	0.04212	0.46411	0.02914	0.03703	0.01769	0.06919	0.01428	0.00938	0.00733	0.00219	0.00897	0.00727	0.00634	0.01096
83	0.01943	0.74891	0.03809	0.01244	0.01866	0.02876	0.01244	0.02177	0.01477	0.01710	0.01011	0.01166	0.00933	0.00622	0.00466	0.00155	0.00777	0.00389	0.00311	0.00933
84	0.01716	0.01961	0.04289	0.03064	0.03799	0.01838	0.67279	0.02328	0.01716	0.02328	0.01471	0.01961	0.01103	0.00613	0.00858	0.00245	0.01225	0.00858	0.00368	0.00980
85	0.01164	0.00840	0.01155	0.01312	0.01475	0.00843	0.01123	0.01532	0.03711	0.02172	0.03836	0.14316	0.04182	0.02002	0.00989	0.00328	0.00643	0.57030	0.00672	0.00677
86	0.79588	0.01406	0.01068	0.00956	0.01406	0.01631	0.00787	0.02137	0.01237	0.03261	0.01012	0.01181	0.00787	0.00675	0.00450	0.00225	0.00562	0.00394	0.00450	0.00787
87	0.02715	0.03464	0.02060	0.01873	0.02247	0.71536	0.01404	0.02903	0.02060	0.01779	0.01124	0.01311	0.00936	0.00749	0.00655	0.00187	0.01311	0.00468	0.00375	0.00843
88	0.00866	0.00711	0.00763	0.00804	0.01000	0.00608	0.00583	0.01036	0.01591	0.01937	0.06535	0.23538	0.53618	0.01949	0.00876	0.00258	0.00381	0.01666	0.00675	0.00608
89	0.01325	0.03528	0.01320	0.01271	0.01506	0.01046	0.01077	0.06658	0.06464	0.02531	0.15865	0.06533	0.06446	0.01701	0.00914	0.00291	0.00606	0.39473	0.00691	0.00756
90	0.02715	0.01746	0.01957	0.01541	0.02086	0.01871	0.01260	0.39585	0.15024	0.21029	0.02253	0.02108	0.01559	0.00900	0.00730	0.00225	0.00713	0.00705	0.00773	0.01221
91	0.79588	0.01406	0.01068	0.00956	0.01406	0.01631	0.00787	0.02137	0.01237	0.03261	0.01012	0.01181	0.00787	0.00675	0.00450	0.00225	0.00562	0.00394	0.00450	0.00787
92	0.01448	0.01346	0.01939	0.01686	0.01755	0.01789	0.03717	0.01660	0.01178	0.01826	0.01310	0.01983	0.01229	0.02203	0.18500	0.00505	0.48464	0.00681	0.06023	0.00759
93	0.01674	0.35433	0.40908	0.01703	0.02576	0.02217	0.02044	0.02246	0.01509	0.02038	0.01174	0.01371	0.00926	0.00660	0.00591	0.00197	0.00942	0.00471	0.00309	0.01011
94	0.00892	0.00635	0.00842	0.01004	0.01045	0.00595	0.00666	0.01014	0.01379	0.01839	0.03943	0.71440	0.04728	0.04925	0.01029	0.00310	0.00432	0.02029	0.00666	0.00585
95	0.00866	0.00737	0.00747	0.00744	0.00986	0.00617	0.00558	0.01057	0.01674	0.02005	0.10061	0.06928	0.66902	0.01826	0.00859	0.00245	0.00367	0.01525	0.00680	0.00617
96	0.08684	0.01819	0.02073	0.04717	0.02297	0.02017	0.04887	0.39894	0.17116	0.06112	0.01951	0.01953	0.01412	0.00862	0.00715	0.00228	0.00756	0.00683	0.00676	0.01149
97	0.01541	0.01463	0.02484	0.45813	0.30587	0.01659	0.02102	0.02004	0.01533	0.02061	0.01322	0.01883	0.01041	0.00696	0.00724	0.00232	0.00927	0.00647	0.00338	0.00943
98	0.01860	0.01166	0.01400	0.01232	0.01568	0.01202	0.00961	0.06796	0.20896	0.17906	0.19470	0.06886	0.03413	0.05373	0.04038	0.00306	0.00605	0.03213	0.00753	0.00956
99	0.01709	0.06334	0.14669	0.01476	0.01947	0.01432	0.04192	0.02475	0.16386	0.11815	0.06628	0.13696	0.02392	0.01120	0.00827	0.00240	0.04609	0.00937	0.06158	0.00956

[dist]
# distance from previous block
# <min> <max>
1	2

[block]
# block no. 2 follows, 28 sequences, length 140
# corresponding to MSA columns:
# 1142-1166,1168-1203,1205-1240,1242-1258,1260-1285
name=unknown_C
#
# <colnr> <probs for GDERKNQSTAVLIFYWHMCP>
#	G	D	E	R	K	N	Q	S	T	A	V	L	I	F	Y	W	H	M	C	P
0	0.01721	0.01710	0.02794	0.08651	0.36935	0.04803	0.14012	0.02326	0.08380	0.02370	0.04731	0.05016	0.01634	0.00790	0.00760	0.00229	0.00888	0.00784	0.00430	0.01036
1	0.01846	0.16256	0.15532	0.04704	0.08092	0.04719	0.17457	0.04756	0.03990	0.05740	0.01436	0.01685	0.01105	0.00670	0.00679	0.00204	0.00936	0.00608	0.00403	0.09181
2	0.01225	0.00786	0.01035	0.00948	0.01154	0.00720	0.00720	0.01563	0.02060	0.08852	0.63673	0.05170	0.06414	0.01434	0.00846	0.00228	0.00367	0.01263	0.00809	0.00734
3	0.01044	0.00756	0.01051	0.01051	0.01140	0.00845	0.00762	0.01223	0.01133	0.01600	0.02054	0.03450	0.02075	0.27036	0.50342	0.01023	0.01558	0.00866	0.00405	0.00584
4	0.73808	0.01393	0.01115	0.00981	0.01440	0.01588	0.00809	0.02243	0.01301	0.08348	0.01153	0.01279	0.00864	0.00692	0.00471	0.00225	0.00567	0.00419	0.00484	0.00821
5	0.00909	0.00665	0.00839	0.00967	0.01045	0.00615	0.00662	0.01045	0.01421	0.01853	0.04395	0.54595	0.14876	0.07911	0.01140	0.00322	0.00448	0.05049	0.00656	0.00586
6	0.01808	0.01561	0.01644	0.01479	0.01890	0.01808	0.01151	0.03863	0.68606	0.03041	0.02959	0.02712	0.02219	0.00986	0.00740	0.00247	0.00575	0.00822	0.00740	0.01151
7	0.00894	0.00649	0.00844	0.00983	0.01051	0.00599	0.00666	0.01040	0.01461	0.01940	0.08949	0.63675	0.10197	0.02186	0.00917	0.00286	0.00412	0.01970	0.00684	0.00599
8	0.01507	0.01292	0.01507	0.01077	0.01723	0.00969	0.00861	0.01830	0.01507	0.02369	0.01292	0.01507	0.01077	0.00538	0.00538	0.00108	0.00538	0.00431	0.00431	0.78898
9	0.00880	0.00654	0.00822	0.00956	0.01040	0.00595	0.00650	0.01018	0.01446	0.01878	0.04691	0.60314	0.18031	0.02188	0.00914	0.00285	0.00411	0.01958	0.00675	0.00595
10	0.00918	0.00739	0.00818	0.00798	0.01018	0.00639	0.00598	0.01157	0.01795	0.02292	0.28808	0.06456	0.47976	0.01719	0.00858	0.00240	0.00359	0.01458	0.00718	0.00639
11	0.01808	0.01570	0.01710	0.01631	0.05346	0.01804	0.01205	0.03780	0.65205	0.03007	0.02878	0.02666	0.02165	0.00969	0.00739	0.00245	0.00590	0.00813	0.00720	0.01151
12	0.02500	0.02092	0.01828	0.01571	0.02022	0.22186	0.01229	0.09624	0.27504	0.18281	0.02281	0.02152	0.01651	0.00886	0.00712	0.00221	0.00823	0.00681	0.00668	0.01088
13	0.01486	0.06046	0.65467	0.02089	0.03133	0.01734	0.05552	0.02299	0.01541	0.02284	0.01302	0.01542	0.00929	0.00685	0.00691	0.00228	0.01071	0.00547	0.00310	0.01065
14	0.18809	0.05881	0.36016	0.01635	0.02403	0.01648	0.01850	0.06892	0.01661	0.09185	0.01591	0.02025	0.01233	0.00812	0.00657	0.00232	0.00857	0.05160	0.00451	0.01003
15	0.79588	0.01406	0.01068	0.00956	0.01406	0.01631	0.00787	0.02137	0.01237	0.03261	0.01012	0.01181	0.00787	0.00675	0.00450	0.00225	0.00562	0.00394	0.00450	0.00787
16	0.01941	0.44265	0.05690	0.02044	0.16803	0.10850	0.01506	0.02229	0.01585	0.01892	0.01248	0.04620	0.01155	0.00720	0.00574	0.00182	0.00856	0.00536	0.00346	0.00959
17	0.01799	0.01727	0.02950	0.04462	0.69919	0.01727	0.02231	0.02231	0.01655	0.02375	0.01367	0.01799	0.01151	0.00648	0.00720	0.00216	0.00864	0.00648	0.00360	0.01151
18	0.01057	0.00705	0.00793	0.00793	0.00793	0.00705	0.00440	0.01057	0.01057	0.01409	0.02290	0.04757	0.02643	0.74454	0.03700	0.00705	0.00705	0.01057	0.00440	0.00440
19	0.79588	0.01406	0.01068	0.00956	0.01406	0.01631	0.00787	0.02137	0.01237	0.03261	0.01012	0.01181	0.00787	0.00675	0.00450	0.00225	0.00562	0.00394	0.00450	0.00787
20	0.01799	0.01727	0.02950	0.04462	0.69919	0.01727	0.02231	0.02231	0.01655	0.02375	0.01367	0.01799	0.01151	0.00648	0.00720	0.00216	0.00864	0.00648	0.00360	0.01151
21	0.02671	0.01990	0.02130	0.01654	0.02219	0.02211	0.01359	0.61375	0.09688	0.04433	0.01862	0.01838	0.01331	0.00884	0.00728	0.00221	0.00778	0.00671	0.00728	0.01228
22	0.05254	0.01177	0.01531	0.01248	0.01709	0.01076	0.01001	0.05250	0.04996	0.50313	0.05253	0.13225	0.02391	0.01122	0.00756	0.00236	0.00582	0.00942	0.00835	0.01102
23	0.71046	0.01449	0.03740	0.01014	0.01464	0.01568	0.00870	0.02081	0.01269	0.03137	0.01229	0.03992	0.01054	0.00779	0.00496	0.00231	0.00581	0.02753	0.00460	0.00787
24	0.02686	0.03402	0.02046	0.01860	0.02235	0.69244	0.01396	0.02934	0.04247	0.01820	0.01184	0.01357	0.00978	0.00757	0.00658	0.00189	0.01287	0.00480	0.00387	0.00853
25	0.03161	0.01215	0.01655	0.01276	0.01821	0.01051	0.01051	0.03445	0.02079	0.67378	0.05875	0.02607	0.02028	0.00926	0.00737	0.00225	0.00606	0.00757	0.00895	0.01212
26	0.00981	0.00734	0.00912	0.00899	0.01074	0.00666	0.00672	0.01266	0.01886	0.02564	0.46341	0.12558	0.21073	0.01664	0.00870	0.00243	0.00369	0.03815	0.00754	0.00659
27	0.01263	0.00631	0.00947	0.00947	0.00947	0.00631	0.00631	0.00947	0.00947	0.01263	0.01263	0.02210	0.01263	0.02525	0.02841	0.78851	0.00631	0.00631	0.00316	0.00316
28	0.00885	0.00636	0.00840	0.01002	0.01052	0.00591	0.00670	0.01013	0.01401	0.01860	0.04130	0.71511	0.07196	0.02261	0.00925	0.00293	0.00420	0.02047	0.00675	0.00591
