[name]
unknown

[dist]
# distance from previous block
# <min> <max>
0	4

[block]
# block no. 0 follows, 36 sequences, length 65
# corresponding to MSA columns:
# 4-68
name=unknown_A
#
# <colnr> <probs for GDERKNQSTAVLIFYWHMCP>
#	G	D	E	R	K	N	Q	S	T	A	V	L	I	F	Y	W	H	M	C	P
0	0.02300	0.00977	0.01331	0.01112	0.01512	0.00864	0.00932	0.02553	0.01680	0.54114	0.02620	0.03309	0.02028	0.00996	0.00679	0.00213	0.00539	0.17826	0.00708	0.03707
1	0.01073	0.00967	0.01585	0.57825	0.03451	0.01167	0.01445	0.01412	0.01233	0.01592	0.01684	0.20516	0.01646	0.00952	0.00666	0.00219	0.00714	0.00856	0.00352	0.00646
2	0.01343	0.01106	0.01297	0.00929	0.01480	0.00833	0.00744	0.01619	0.01309	0.04516	0.01154	0.01320	0.00944	0.00472	0.00467	0.00096	0.00464	0.00378	0.00383	0.79145
3	0.01503	0.01345	0.01533	0.01359	0.01624	0.01639	0.01080	0.02862	0.55203	0.02332	0.02110	0.02086	0.01633	0.00906	0.00984	0.00227	0.19455	0.00665	0.00544	0.00911
4	0.00870	0.00589	0.00690	0.00726	0.00735	0.00580	0.00427	0.00897	0.00977	0.01303	0.02328	0.22333	0.02725	0.59220	0.02582	0.00517	0.00544	0.01121	0.00427	0.00409
5	0.01374	0.36071	0.24709	0.01304	0.01860	0.01719	0.01430	0.01756	0.01323	0.01721	0.01547	0.02591	0.01487	0.00846	0.00573	0.00191	0.00722	0.17653	0.00342	0.00781
6	0.03258	0.01133	0.01295	0.00955	0.01484	0.00916	0.00762	0.01750	0.08495	0.02106	0.01245	0.01389	0.01015	0.00503	0.00477	0.00107	0.00465	0.00402	0.00396	0.71846
7	0.02690	0.01230	0.01551	0.01189	0.01675	0.01168	0.00982	0.20172	0.02068	0.57111	0.02219	0.01966	0.01423	0.00765	0.00626	0.00191	0.00569	0.00610	0.00734	0.01060
8	0.01190	0.01121	0.01893	0.73931	0.06861	0.01388	0.01737	0.01604	0.01252	0.01608	0.01110	0.01657	0.00836	0.00620	0.00623	0.00207	0.00827	0.00554	0.00278	0.00703
9	0.62430	0.01238	0.01038	0.00931	0.01308	0.01435	0.00752	0.02198	0.18922	0.02749	0.01281	0.01338	0.00979	0.00645	0.00447	0.00197	0.00485	0.00428	0.00447	0.00752
10	0.62337	0.01181	0.01152	0.19612	0.01970	0.01394	0.00937	0.01772	0.01106	0.02497	0.00927	0.01173	0.00713	0.00589	0.00444	0.00196	0.00568	0.00391	0.00359	0.00679
11	0.21812	0.01580	0.02494	0.01849	0.02383	0.01630	0.34773	0.21289	0.01771	0.02726	0.01228	0.01464	0.00910	0.00600	0.00618	0.00199	0.00809	0.00589	0.00418	0.00860
12	0.57317	0.01759	0.01183	0.01066	0.01432	0.24709	0.00841	0.02038	0.01282	0.02396	0.00898	0.01047	0.00715	0.00598	0.00441	0.00183	0.00684	0.00357	0.00365	0.00690
13	0.01170	0.00984	0.01638	0.54406	0.06700	0.01180	0.01444	0.01413	0.01146	0.01486	0.01104	0.01713	0.00900	0.01002	0.01072	0.20457	0.00755	0.00551	0.00277	0.00601
14	0.55705	0.01470	0.01671	0.01333	0.01774	0.07648	0.18394	0.01927	0.01221	0.02491	0.00973	0.01187	0.00753	0.00571	0.00487	0.00194	0.00677	0.00441	0.00363	0.00720
15	0.01260	0.02698	0.56629	0.01564	0.02394	0.01294	0.01914	0.01873	0.01310	0.01987	0.01115	0.01310	0.00822	0.00560	0.00560	0.00171	0.00807	0.00438	0.00289	0.21004
16	0.01480	0.01388	0.02222	0.03105	0.56179	0.01319	0.01621	0.01827	0.01387	0.02034	0.01156	0.01480	0.00971	0.00532	0.00578	0.00162	0.00671	0.00509	0.00323	0.21054
17	0.01637	0.59350	0.02805	0.01116	0.01604	0.02238	0.01046	0.02224	0.19076	0.01749	0.01280	0.01328	0.01073	0.00610	0.00458	0.00153	0.00623	0.00425	0.00358	0.00846
18	0.00759	0.00542	0.00723	0.00868	0.00904	0.00506	0.00578	0.00868	0.01193	0.01591	0.03434	0.77697	0.04121	0.01952	0.00795	0.00253	0.00361	0.01771	0.00578	0.00506
19	0.02358	0.02049	0.01844	0.01476	0.01931	0.20200	0.01189	0.54868	0.02641	0.03331	0.01364	0.01404	0.00996	0.00722	0.00608	0.00180	0.00794	0.00521	0.00548	0.00976
20	0.02290	0.00932	0.01267	0.01049	0.01420	0.00814	0.00832	0.02499	0.01637	0.56532	0.02700	0.20861	0.02182	0.01064	0.00668	0.00208	0.00488	0.00910	0.00723	0.00923
21	0.00748	0.00585	0.00679	0.00755	0.00874	0.00516	0.00528	0.00880	0.01301	0.01635	0.04805	0.43539	0.37394	0.01774	0.00767	0.00233	0.00340	0.01554	0.00578	0.00516
22	0.02368	0.01745	0.01870	0.01434	0.01932	0.01932	0.01184	0.72139	0.02929	0.03927	0.01496	0.01496	0.01060	0.00748	0.00623	0.00187	0.00686	0.00561	0.00623	0.01060
23	0.01281	0.01179	0.01960	0.16475	0.43178	0.01221	0.01548	0.01594	0.01331	0.01844	0.01721	0.20448	0.01735	0.00914	0.00662	0.00206	0.00663	0.00856	0.00370	0.00813
24	0.01394	0.01408	0.02909	0.02119	0.02629	0.01329	0.54219	0.01861	0.01430	0.02077	0.01452	0.01840	0.01107	0.00575	0.00661	0.00194	0.00862	0.00697	0.20462	0.00776
25	0.01247	0.01237	0.01183	0.01144	0.01304	0.19329	0.00875	0.01449	0.01189	0.01460	0.01501	0.02157	0.01387	0.05389	0.55325	0.00784	0.01509	0.00607	0.00332	0.00593
26	0.02119	0.01650	0.01879	0.01484	0.01859	0.01926	0.01229	0.54623	0.02440	0.03325	0.01328	0.01463	0.01000	0.00833	0.00976	0.00208	0.19600	0.00557	0.00536	0.00966
27	0.02194	0.20773	0.02216	0.01342	0.01850	0.02064	0.01155	0.54713	0.02517	0.03316	0.01340	0.01373	0.00995	0.00695	0.00568	0.00174	0.00681	0.00504	0.00535	0.00995
28	0.01267	0.01200	0.02032	0.58558	0.21631	0.01408	0.01775	0.01671	0.01289	0.01702	0.01123	0.01632	0.00869	0.00606	0.00621	0.00202	0.00808	0.00554	0.00285	0.00765
29	0.01591	0.59356	0.02929	0.01207	0.01608	0.02327	0.01140	0.01775	0.01189	0.01474	0.00854	0.01090	0.00804	0.00671	0.00808	0.00168	0.19586	0.00386	0.00268	0.00770
30	0.21030	0.00707	0.00771	0.00856	0.00978	0.00727	0.00602	0.01107	0.01160	0.01889	0.02798	0.58681	0.03266	0.01611	0.00694	0.00238	0.00391	0.01416	0.00531	0.00548
31	0.01549	0.01569	0.01409	0.01092	0.01588	0.19372	0.00854	0.01797	0.01409	0.01905	0.01072	0.01250	0.00893	0.00506	0.00486	0.00109	0.00626	0.00377	0.00357	0.61779
32	0.36334	0.01214	0.01139	0.00960	0.01338	0.01320	0.00780	0.21965	0.01715	0.05306	0.02454	0.02426	0.18989	0.00882	0.00550	0.00195	0.00501	0.00654	0.00515	0.00762
33	0.01208	0.01182	0.01592	0.01387	0.01439	0.01566	0.01143	0.01349	0.01070	0.01545	0.02180	0.02512	0.18956	0.01211	0.01720	0.00257	0.57957	0.00736	0.00348	0.00643
34	0.01879	0.01311	0.01427	0.01237	0.01621	0.03293	0.00974	0.03222	0.53578	0.20443	0.02476	0.02243	0.01785	0.00822	0.00630	0.00205	0.00518	0.00677	0.00660	0.00998
35	0.01544	0.01445	0.02251	0.03190	0.56215	0.01498	0.01683	0.02259	0.19191	0.02177	0.01510	0.01736	0.01214	0.00627	0.00621	0.00192	0.00679	0.00592	0.00389	0.00987
36	0.00792	0.00573	0.00792	0.00901	0.00956	0.00574	0.00628	0.00928	0.01145	0.01555	0.02996	0.59037	0.03485	0.02627	0.19353	0.00439	0.00686	0.01498	0.00518	0.00519
37	0.01348	0.01248	0.02081	0.03091	0.56037	0.01239	0.01581	0.01653	0.01363	0.01925	0.01733	0.20426	0.01764	0.00902	0.00661	0.00202	0.00646	0.00857	0.00375	0.00868
38	0.00939	0.00631	0.00928	0.00928	0.01003	0.00706	0.00688	0.01021	0.00947	0.01337	0.01547	0.02441	0.01497	0.09951	0.51660	0.21023	0.01304	0.00655	0.00322	0.00471
39	0.01250	0.01250	0.02317	0.58261	0.04035	0.01432	0.19144	0.01692	0.01302	0.01692	0.01145	0.01666	0.00859	0.00599	0.00651	0.00208	0.00885	0.00599	0.00286	0.00729
40	0.01280	0.08637	0.69723	0.01725	0.02618	0.01520	0.02213	0.01965	0.01312	0.01937	0.01100	0.01293	0.00790	0.00588	0.00578	0.00193	0.00903	0.00451	0.00263	0.00912
41	0.01726	0.01454	0.01882	0.01516	0.01825	0.01700	0.06846	0.24011	0.11670	0.04275	0.01397	0.01619	0.01107	0.00992	0.03981	0.00246	0.26477	0.00583	0.00457	0.06235
42	0.82504	0.01205	0.00916	0.00819	0.01205	0.01398	0.00675	0.01832	0.01060	0.02795	0.00868	0.01012	0.00675	0.00578	0.00386	0.00193	0.00482	0.00337	0.00386	0.00675
43	0.01471	0.01681	0.03676	0.02626	0.03256	0.01576	0.71954	0.01996	0.01471	0.01996	0.01261	0.01681	0.00945	0.00525	0.00735	0.00210	0.01050	0.00735	0.00315	0.00840
44	0.57184	0.01706	0.01189	0.01060	0.01433	0.21467	0.00841	0.05222	0.01336	0.02504	0.00922	0.01064	0.00727	0.00603	0.00444	0.00184	0.00665	0.00365	0.00379	0.00705
45	0.01550	0.01338	0.01409	0.01268	0.01620	0.01550	0.00986	0.03311	0.73091	0.02606	0.02536	0.02325	0.01902	0.00845	0.00634	0.00211	0.00493	0.00704	0.00634	0.00986
46	0.01689	0.01390	0.01385	0.01189	0.01538	0.07656	0.00936	0.19841	0.28478	0.05916	0.10854	0.02769	0.11754	0.00948	0.00650	0.00198	0.00550	0.00770	0.00609	0.00878
47	0.01450	0.39527	0.40330	0.01433	0.02167	0.01938	0.01706	0.01921	0.01292	0.01728	0.00997	0.01163	0.00794	0.00564	0.00499	0.00166	0.00798	0.00399	0.00265	0.00862
48	0.01250	0.03223	0.74875	0.01776	0.02697	0.01447	0.02302	0.01973	0.01315	0.01973	0.01118	0.01315	0.00789	0.00592	0.00592	0.00197	0.00921	0.00460	0.00263	0.00921
49	0.00854	0.00666	0.00792	0.00889	0.00976	0.02103	0.00613	0.01105	0.07011	0.01699	0.05068	0.61248	0.11066	0.01784	0.00770	0.00242	0.00381	0.01598	0.00580	0.00553
50	0.01177	0.01107	0.01869	0.76606	0.04291	0.01384	0.01730	0.01592	0.01246	0.01592	0.01107	0.01661	0.00831	0.00623	0.00623	0.00208	0.00831	0.00554	0.00277	0.00692
51	0.02303	0.02179	0.01771	0.01475	0.01889	0.31790	0.01164	0.35143	0.08167	0.05958	0.01407	0.01440	0.01046	0.00714	0.00599	0.00178	0.00841	0.00511	0.00508	0.00917
52	0.01177	0.01107	0.01869	0.76606	0.04291	0.01384	0.01730	0.01592	0.01246	0.01592	0.01107	0.01661	0.00831	0.00623	0.00623	0.00208	0.00831	0.00554	0.00277	0.00692
53	0.01666	0.78478	0.03265	0.01066	0.01599	0.02465	0.01066	0.01866	0.01266	0.01466	0.00866	0.00999	0.00800	0.00533	0.00400	0.00133	0.00666	0.00333	0.00267	0.00800
54	0.00896	0.00600	0.00682	0.00692	0.00694	0.00598	0.00391	0.00904	0.00925	0.01233	0.02060	0.08949	0.02388	0.73064	0.03014	0.00581	0.00588	0.00963	0.00391	0.00386
55	0.01177	0.01107	0.01869	0.76606	0.04291	0.01384	0.01730	0.01592	0.01246	0.01592	0.01107	0.01661	0.00831	0.00623	0.00623	0.00208	0.00831	0.00554	0.00277	0.00692
56	0.01484	0.01568	0.07667	0.10996	0.62040	0.01468	0.01922	0.01884	0.01394	0.01986	0.01162	0.01538	0.00957	0.00565	0.00616	0.00188	0.00762	0.00548	0.00302	0.00953
57	0.01364	0.23815	0.55280	0.01582	0.02396	0.01726	0.01964	0.01944	0.01302	0.01834	0.01049	0.01229	0.00792	0.00576	0.00539	0.00180	0.00851	0.00426	0.00264	0.00888
58	0.00759	0.00542	0.00723	0.00868	0.00904	0.00506	0.00578	0.00868	0.01193	0.01591	0.03434	0.77697	0.04121	0.01952	0.00795	0.00253	0.00361	0.01771	0.00578	0.00506
59	0.01384	0.27599	0.51679	0.01546	0.02341	0.01777	0.01902	0.01938	0.01299	0.01809	0.01037	0.01213	0.00793	0.00573	0.00530	0.00177	0.00838	0.00419	0.00264	0.00882
60	0.01357	0.18635	0.54885	0.01777	0.07616	0.01660	0.02019	0.01947	0.01313	0.01873	0.01070	0.01267	0.00806	0.00577	0.00554	0.00183	0.00855	0.00441	0.00267	0.00901
61	0.01177	0.01107	0.01869	0.76606	0.04291	0.01384	0.01730	0.01592	0.01246	0.01592	0.01107	0.01661	0.00831	0.00623	0.00623	0.00208	0.00831	0.00554	0.00277	0.00692
62	0.01260	0.05013	0.73171	0.01759	0.02671	0.01471	0.02273	0.01971	0.01314	0.01961	0.01112	0.01308	0.00790	0.00591	0.00587	0.00196	0.00915	0.00457	0.00263	0.00918
63	0.01423	0.01317	0.02073	0.39332	0.29996	0.03603	0.01705	0.04346	0.01398	0.03589	0.01292	0.01703	0.02660	0.00639	0.00651	0.00198	0.02361	0.00570	0.00322	0.00821
64	0.24575	0.17191	0.30019	0.03106	0.01997	0.01654	0.01450	0.06597	0.02848	0.03852	0.01081	0.01226	0.00818	0.00597	0.00500	0.00183	0.00711	0.00418	0.00342	0.00835

[dist]
# distance from previous block
# <min> <max>
15	51

[block]
# block no. 1 follows, 36 sequences, length 19
# corresponding to MSA columns:
# 126-144
name=unknown_B
#
# <colnr> <probs for GDERKNQSTAVLIFYWHMCP>
#	G	D	E	R	K	N	Q	S	T	A	V	L	I	F	Y	W	H	M	C	P
0	0.01557	0.33600	0.04625	0.10054	0.07763	0.01731	0.11837	0.01864	0.01386	0.08197	0.06520	0.05523	0.01442	0.00693	0.00562	0.00175	0.00701	0.00596	0.00369	0.00804
1	0.01416	0.08062	0.06020	0.02190	0.02774	0.01506	0.51674	0.01874	0.01419	0.01931	0.01374	0.05074	0.01154	0.00626	0.00685	0.00198	0.00917	0.03088	0.00334	0.07683
2	0.01397	0.03813	0.05021	0.01612	0.09912	0.01047	0.15571	0.01750	0.01599	0.12121	0.30736	0.04560	0.03080	0.00897	0.00679	0.00192	0.00581	0.00840	0.00530	0.04062
3	0.01527	0.01154	0.01650	0.01264	0.01721	0.01026	0.11686	0.01946	0.07880	0.13703	0.01731	0.10224	0.01473	0.00747	0.00640	0.00162	0.03312	0.00662	0.00470	0.37022
4	0.02192	0.01328	0.09712	0.01144	0.01688	0.00980	0.01031	0.02558	0.04482	0.45248	0.01970	0.01829	0.01316	0.00676	0.00581	0.00169	0.00556	0.00546	0.00607	0.21387
5	0.02100	0.01149	0.01852	0.01412	0.01864	0.01051	0.17119	0.02507	0.06012	0.41721	0.14026	0.02452	0.02146	0.00803	0.00670	0.00198	0.00608	0.00739	0.00644	0.00927
6	0.02347	0.02381	0.01816	0.01523	0.01929	0.40194	0.01194	0.35965	0.02325	0.02679	0.01219	0.01303	0.00926	0.00693	0.00591	0.00173	0.00913	0.00478	0.00466	0.00884
7	0.00831	0.00615	0.00801	0.00887	0.00987	0.00553	0.00617	0.00967	0.01216	0.01654	0.03164	0.65639	0.03733	0.01772	0.00761	0.00236	0.00383	0.04910	0.00554	0.09718
8	0.01666	0.78478	0.03265	0.01066	0.01599	0.02465	0.01066	0.01866	0.01266	0.01466	0.00866	0.00999	0.00800	0.00533	0.00400	0.00133	0.00666	0.00333	0.00267	0.00800
9	0.02795	0.01060	0.01446	0.01109	0.01591	0.00916	0.00916	0.03036	0.01783	0.74648	0.02458	0.02121	0.01542	0.00771	0.00627	0.00193	0.00530	0.00627	0.00771	0.01060
10	0.01666	0.78478	0.03265	0.01066	0.01599	0.02465	0.01066	0.01866	0.01266	0.01466	0.00866	0.00999	0.00800	0.00533	0.00400	0.00133	0.00666	0.00333	0.00267	0.00800
11	0.01601	0.66844	0.14336	0.01176	0.01769	0.02308	0.01257	0.01882	0.01274	0.01544	0.00905	0.01048	0.00798	0.00542	0.00429	0.00143	0.00706	0.00353	0.00266	0.00818
12	0.01398	0.01104	0.01303	0.00936	0.01485	0.00837	0.00751	0.01672	0.01327	0.07131	0.01202	0.01350	0.00966	0.00483	0.00473	0.00099	0.00466	0.00387	0.00397	0.76233
13	0.00820	0.00601	0.00775	0.00819	0.00925	0.00548	0.00579	0.01009	0.01435	0.01964	0.31112	0.41957	0.09742	0.01620	0.00759	0.00223	0.00334	0.01449	0.00615	0.02715
14	0.01579	0.62799	0.18185	0.01214	0.01828	0.02253	0.01324	0.01888	0.01276	0.01572	0.00919	0.01065	0.00797	0.00545	0.00440	0.00147	0.00719	0.00360	0.00266	0.00825
15	0.07441	0.24083	0.18761	0.01502	0.05155	0.15986	0.01405	0.14956	0.01672	0.02163	0.01071	0.01211	0.00845	0.00611	0.00524	0.00169	0.00805	0.00427	0.00352	0.00860
16	0.01690	0.55193	0.15348	0.01237	0.01832	0.02219	0.01294	0.11398	0.01500	0.01886	0.00995	0.01121	0.00833	0.00572	0.00463	0.00152	0.00713	0.00386	0.00314	0.00856
17	0.01979	0.23654	0.11529	0.01397	0.01919	0.15285	0.01287	0.27394	0.05644	0.02487	0.01228	0.01309	0.00949	0.00654	0.00546	0.00170	0.00779	0.00463	0.00423	0.00904
18	0.02223	0.12861	0.02041	0.01383	0.01868	0.06789	0.01159	0.54006	0.06151	0.03349	0.01423	0.01442	0.01048	0.00715	0.00588	0.00179	0.00702	0.00525	0.00553	0.00996

[dist]
# distance from previous block
# <min> <max>
3	8

[block]
# block no. 2 follows, 36 sequences, length 49
# corresponding to MSA columns:
# 156-204
name=unknown_C
#
# <colnr> <probs for GDERKNQSTAVLIFYWHMCP>
#	G	D	E	R	K	N	Q	S	T	A	V	L	I	F	Y	W	H	M	C	P
0	0.01917	0.41643	0.08298	0.01270	0.01819	0.02171	0.01210	0.30223	0.01941	0.02498	0.01140	0.01224	0.00904	0.00624	0.00505	0.00160	0.00694	0.00435	0.00410	0.00914
1	0.01471	0.43211	0.36824	0.01399	0.02113	0.01988	0.01645	0.01916	0.01289	0.01704	0.00984	0.01148	0.00795	0.00561	0.00490	0.00163	0.00786	0.00393	0.00265	0.00856
2	0.01678	0.73706	0.05207	0.01105	0.01641	0.05028	0.01105	0.01891	0.01285	0.01482	0.00877	0.01013	0.00799	0.00539	0.00411	0.00136	0.00690	0.00339	0.00268	0.00800
3	0.01666	0.78478	0.03265	0.01066	0.01599	0.02465	0.01066	0.01866	0.01266	0.01466	0.00866	0.00999	0.00800	0.00533	0.00400	0.00133	0.00666	0.00333	0.00267	0.00800
4	0.01582	0.11960	0.01654	0.01232	0.01606	0.01634	0.00996	0.03042	0.59083	0.04327	0.02327	0.02281	0.01792	0.00827	0.00608	0.00202	0.00520	0.02790	0.00585	0.00950
5	0.02424	0.01438	0.14889	0.01216	0.01763	0.00998	0.01155	0.02756	0.01697	0.58016	0.05479	0.02089	0.01603	0.00761	0.00625	0.00194	0.00591	0.00619	0.00674	0.01013
6	0.02676	0.01091	0.01522	0.01164	0.01642	0.00961	0.03516	0.05075	0.01807	0.67630	0.04538	0.02162	0.01636	0.00777	0.00634	0.00193	0.00547	0.00644	0.00747	0.01038
7	0.00759	0.00542	0.00723	0.00868	0.00904	0.00506	0.00578	0.00868	0.01193	0.01591	0.03434	0.77697	0.04121	0.01952	0.00795	0.00253	0.00361	0.01771	0.00578	0.00506
8	0.00778	0.00560	0.00742	0.00877	0.00930	0.00524	0.00605	0.00905	0.01231	0.01633	0.05048	0.68496	0.06648	0.01907	0.00796	0.00253	0.00373	0.06599	0.00580	0.00513
9	0.02727	0.01047	0.01429	0.01110	0.01579	0.00908	0.00919	0.02969	0.01770	0.71852	0.02490	0.02309	0.01621	0.00808	0.00636	0.00196	0.00532	0.03292	0.00764	0.01042
10	0.01250	0.03223	0.74875	0.01776	0.02697	0.01447	0.02302	0.01973	0.01315	0.01973	0.01118	0.01315	0.00789	0.00592	0.00592	0.00197	0.00921	0.00460	0.00263	0.00921
11	0.00759	0.00542	0.00723	0.00868	0.00904	0.00506	0.00578	0.00868	0.01193	0.01591	0.03434	0.77697	0.04121	0.01952	0.00795	0.00253	0.00361	0.01771	0.00578	0.00506
12	0.01877	0.02178	0.02536	0.02063	0.05173	0.32346	0.29122	0.05874	0.06273	0.01923	0.01212	0.01465	0.00951	0.00627	0.00694	0.00190	0.03762	0.00572	0.00352	0.00812
13	0.01381	0.01324	0.02274	0.35436	0.41832	0.01441	0.03789	0.01775	0.01345	0.01842	0.01146	0.01598	0.00918	0.00584	0.00623	0.00196	0.00788	0.00560	0.00295	0.00855
14	0.00736	0.00631	0.00631	0.00631	0.00842	0.00526	0.00473	0.00894	0.01420	0.01683	0.06312	0.05996	0.73964	0.01578	0.00736	0.00210	0.00316	0.01315	0.00579	0.00526
15	0.01499	0.01436	0.02451	0.12406	0.65972	0.01469	0.01891	0.01874	0.01398	0.01983	0.01164	0.01556	0.00968	0.00563	0.00618	0.00188	0.00751	0.00555	0.00305	0.00952
16	0.01565	0.01572	0.02711	0.07160	0.48665	0.04194	0.18249	0.04546	0.01491	0.02055	0.01194	0.01564	0.00965	0.00562	0.00643	0.00191	0.00829	0.00592	0.00321	0.00930
17	0.01250	0.03223	0.74875	0.01776	0.02697	0.01447	0.02302	0.01973	0.01315	0.01973	0.01118	0.01315	0.00789	0.00592	0.00592	0.00197	0.00921	0.00460	0.00263	0.00921
18	0.01177	0.01107	0.01869	0.76606	0.04291	0.01384	0.01730	0.01592	0.01246	0.01592	0.01107	0.01661	0.00831	0.00623	0.00623	0.00208	0.00831	0.00554	0.00277	0.00692
19	0.02408	0.00969	0.01321	0.01079	0.01480	0.00849	0.00877	0.02634	0.01682	0.60172	0.02643	0.12400	0.02018	0.00990	0.00664	0.00207	0.00511	0.05407	0.00733	0.00955
20	0.01735	0.01270	0.04884	0.01608	0.02074	0.01109	0.25880	0.03975	0.01583	0.24891	0.02590	0.05682	0.11215	0.00921	0.00707	0.00213	0.00702	0.07588	0.00535	0.00839
21	0.01299	0.13894	0.62660	0.01648	0.02492	0.01569	0.02079	0.01936	0.01320	0.01915	0.03043	0.01360	0.00928	0.00602	0.00568	0.00188	0.00868	0.00460	0.00275	0.00895
22	0.01666	0.01833	0.07058	0.02128	0.02682	0.10701	0.42874	0.02338	0.13101	0.06926	0.01502	0.01724	0.01113	0.00612	0.00682	0.00202	0.00927	0.00666	0.00395	0.00869
23	0.02558	0.01031	0.01369	0.01071	0.01523	0.00904	0.00878	0.02849	0.04465	0.65172	0.02817	0.02486	0.08240	0.00848	0.00637	0.00195	0.00509	0.00693	0.00748	0.01008
24	0.01437	0.01399	0.02256	0.30634	0.45625	0.04267	0.01818	0.01816	0.01368	0.01852	0.01140	0.01570	0.00922	0.00583	0.00617	0.00192	0.00788	0.00549	0.00297	0.00868
25	0.01502	0.01450	0.02504	0.11193	0.64496	0.01474	0.04459	0.01883	0.01403	0.01989	0.01169	0.01559	0.00969	0.00561	0.00622	0.00188	0.00761	0.00562	0.00305	0.00952
26	0.01285	0.09642	0.68767	0.01715	0.02603	0.01534	0.02197	0.01964	0.01311	0.01930	0.01097	0.01288	0.00790	0.00587	0.00576	0.00192	0.00899	0.00450	0.00263	0.00910
27	0.01549	0.01122	0.03443	0.03998	0.01756	0.03042	0.12351	0.04394	0.04205	0.18845	0.08418	0.08913	0.12078	0.01105	0.00714	0.00218	0.00603	0.11912	0.00566	0.00769
28	0.01393	0.03202	0.70753	0.01831	0.02725	0.01516	0.02279	0.02102	0.03961	0.02113	0.01302	0.01536	0.00959	0.00690	0.00650	0.00222	0.00942	0.00513	0.00324	0.00987
29	0.01599	0.01493	0.02466	0.17730	0.59409	0.01526	0.01910	0.01934	0.01465	0.02067	0.01292	0.01745	0.01082	0.00658	0.00674	0.00214	0.00798	0.00597	0.00349	0.00993
30	0.01451	0.01372	0.02338	0.45539	0.24827	0.01500	0.09479	0.01820	0.01404	0.01892	0.01277	0.01806	0.01018	0.00681	0.00689	0.00225	0.00867	0.00616	0.00337	0.00864
31	0.01599	0.01760	0.03714	0.02681	0.03311	0.01638	0.70476	0.02076	0.01548	0.02113	0.01391	0.01858	0.01072	0.00616	0.00789	0.00234	0.01084	0.00773	0.00361	0.00906
32	0.01383	0.03269	0.73378	0.01849	0.02764	0.01512	0.02326	0.02054	0.01397	0.02091	0.01251	0.01500	0.00919	0.00681	0.00648	0.00222	0.00958	0.00504	0.00311	0.00985
33	0.01450	0.15439	0.61797	0.01734	0.02586	0.01677	0.02126	0.02037	0.01389	0.02009	0.01211	0.01449	0.00921	0.00672	0.00617	0.00211	0.00916	0.00484	0.00311	0.00965
34	0.01383	0.03269	0.73378	0.01849	0.02764	0.01512	0.02326	0.02054	0.01397	0.02091	0.01251	0.01500	0.00919	0.00681	0.00648	0.00222	0.00958	0.00504	0.00311	0.00985
35	0.01325	0.01213	0.01970	0.72360	0.06923	0.01454	0.01773	0.01693	0.01335	0.01734	0.01243	0.01834	0.00965	0.00709	0.00679	0.00231	0.00866	0.00596	0.00325	0.00772
36	0.00880	0.00733	0.00735	0.00729	0.00948	0.00611	0.00537	0.00999	0.01499	0.01807	0.06333	0.06080	0.72516	0.01646	0.00790	0.00234	0.00365	0.01340	0.00619	0.00598
37	0.01311	0.01199	0.01946	0.75065	0.04324	0.01451	0.01766	0.01681	0.01328	0.01718	0.01241	0.01839	0.00959	0.00712	0.00679	0.00232	0.00869	0.00596	0.00324	0.00761
38	0.01133	0.00811	0.01089	0.01224	0.01374	0.00790	0.01040	0.01371	0.01504	0.01974	0.03390	0.09645	0.03674	0.01795	0.00909	0.00308	0.00610	0.66099	0.00615	0.00642
39	0.01250	0.03223	0.74875	0.01776	0.02697	0.01447	0.02302	0.01973	0.01315	0.01973	0.01118	0.01315	0.00789	0.00592	0.00592	0.00197	0.00921	0.00460	0.00263	0.00921
40	0.02327	0.02970	0.01766	0.01605	0.01926	0.75602	0.01204	0.02488	0.01766	0.01525	0.00963	0.01124	0.00803	0.00642	0.00562	0.00161	0.01124	0.00401	0.00321	0.00722
41	0.00736	0.00631	0.00631	0.00631	0.00842	0.00526	0.00473	0.00894	0.01420	0.01683	0.06312	0.05996	0.73964	0.01578	0.00736	0.00210	0.00316	0.01315	0.00579	0.00526
42	0.00759	0.00542	0.00723	0.00868	0.00904	0.00506	0.00578	0.00868	0.01193	0.01591	0.03434	0.77697	0.04121	0.01952	0.00795	0.00253	0.00361	0.01771	0.00578	0.00506
43	0.02368	0.01745	0.01870	0.01434	0.01932	0.01932	0.01184	0.72139	0.02929	0.03927	0.01496	0.01496	0.01060	0.00748	0.00623	0.00187	0.00686	0.00561	0.00623	0.01060
44	0.82504	0.01205	0.00916	0.00819	0.01205	0.01398	0.00675	0.01832	0.01060	0.02795	0.00868	0.01012	0.00675	0.00578	0.00386	0.00193	0.00482	0.00337	0.00386	0.00675
45	0.02327	0.02970	0.01766	0.01605	0.01926	0.75602	0.01204	0.02488	0.01766	0.01525	0.00963	0.01124	0.00803	0.00642	0.00562	0.00161	0.01124	0.00401	0.00321	0.00722
46	0.01292	0.01107	0.01292	0.00923	0.01477	0.00831	0.00738	0.01569	0.01292	0.02030	0.01107	0.01292	0.00923	0.00461	0.00461	0.00092	0.00461	0.00369	0.00369	0.81912
47	0.00759	0.00542	0.00723	0.00868	0.00904	0.00506	0.00578	0.00868	0.01193	0.01591	0.03434	0.77697	0.04121	0.01952	0.00795	0.00253	0.00361	0.01771	0.00578	0.00506
48	0.00764	0.00563	0.00718	0.00839	0.00908	0.00517	0.00577	0.00887	0.01238	0.01615	0.03897	0.63509	0.15451	0.01883	0.00788	0.00247	0.00362	0.04147	0.00578	0.00512

[dist]
# distance from previous block
# <min> <max>
10	25

[block]
# block no. 3 follows, 36 sequences, length 23
# corresponding to MSA columns:
# 291-313
name=unknown_D
#
# <colnr> <probs for GDERKNQSTAVLIFYWHMCP>
#	G	D	E	R	K	N	Q	S	T	A	V	L	I	F	Y	W	H	M	C	P
0	0.01517	0.01459	0.02517	0.03662	0.68474	0.01455	0.05027	0.01881	0.01403	0.02005	0.01203	0.01636	0.01029	0.03226	0.00710	0.00201	0.00750	0.00575	0.00311	0.00959
1	0.00868	0.00636	0.00813	0.00769	0.00922	0.00582	0.00577	0.01148	0.01730	0.02419	0.67262	0.04786	0.12555	0.01304	0.00735	0.00197	0.00296	0.01145	0.00675	0.00582
2	0.01449	0.01385	0.02361	0.22379	0.56390	0.01456	0.01866	0.01831	0.01375	0.01922	0.01156	0.01572	0.00947	0.00572	0.00618	0.00191	0.00763	0.00555	0.00300	0.00912
3	0.01177	0.01107	0.01869	0.76606	0.04291	0.01384	0.01730	0.01592	0.01246	0.01592	0.01107	0.01661	0.00831	0.00623	0.00623	0.00208	0.00831	0.00554	0.00277	0.00692
4	0.01177	0.01107	0.01869	0.76606	0.04291	0.01384	0.01730	0.01592	0.01246	0.01592	0.01107	0.01661	0.00831	0.00623	0.00623	0.00208	0.00831	0.00554	0.00277	0.00692
5	0.01082	0.00541	0.00812	0.00812	0.00812	0.00541	0.00541	0.00812	0.00812	0.01082	0.01082	0.01894	0.01082	0.02165	0.02435	0.81872	0.00541	0.00541	0.00271	0.00271
6	0.01741	0.69878	0.03094	0.01127	0.01636	0.10795	0.01082	0.01937	0.01323	0.01473	0.00877	0.01014	0.00800	0.00545	0.00418	0.00136	0.00718	0.00341	0.00273	0.00791
7	0.01666	0.78478	0.03265	0.01066	0.01599	0.02465	0.01066	0.01866	0.01266	0.01466	0.00866	0.00999	0.00800	0.00533	0.00400	0.00133	0.00666	0.00333	0.00267	0.00800
8	0.01666	0.78478	0.03265	0.01066	0.01599	0.02465	0.01066	0.01866	0.01266	0.01466	0.00866	0.00999	0.00800	0.00533	0.00400	0.00133	0.00666	0.00333	0.00267	0.00800
9	0.00882	0.00637	0.00833	0.00784	0.00931	0.00588	0.00588	0.01176	0.01764	0.02499	0.73888	0.04654	0.05879	0.01274	0.00735	0.00196	0.00294	0.01127	0.00686	0.00588
10	0.00882	0.00637	0.00833	0.00784	0.00931	0.00588	0.00588	0.01176	0.01764	0.02499	0.73888	0.04654	0.05879	0.01274	0.00735	0.00196	0.00294	0.01127	0.00686	0.00588
11	0.00906	0.00604	0.00680	0.00680	0.00680	0.00604	0.00378	0.00906	0.00906	0.01208	0.01963	0.04077	0.02265	0.78103	0.03171	0.00604	0.00604	0.00906	0.00378	0.00378
12	0.01542	0.01480	0.02529	0.03824	0.74217	0.01480	0.01912	0.01912	0.01419	0.02036	0.01172	0.01542	0.00987	0.00555	0.00617	0.00185	0.00740	0.00555	0.00308	0.00987
13	0.02327	0.02970	0.01766	0.01605	0.01926	0.75602	0.01204	0.02488	0.01766	0.01525	0.00963	0.01124	0.00803	0.00642	0.00562	0.00161	0.01124	0.00401	0.00321	0.00722
14	0.01161	0.00581	0.00581	0.00581	0.00726	0.00581	0.00436	0.01452	0.01307	0.02323	0.02033	0.02323	0.01597	0.00726	0.00436	0.00145	0.00290	0.00581	0.81562	0.00581
15	0.02775	0.01094	0.01466	0.01124	0.01607	0.00965	0.00929	0.06387	0.01839	0.71220	0.02411	0.02090	0.01519	0.00770	0.00626	0.00193	0.00538	0.00623	0.00764	0.01060
16	0.01201	0.01132	0.01913	0.71778	0.08929	0.01391	0.01742	0.01613	0.01257	0.01621	0.01112	0.01653	0.00841	0.00618	0.00623	0.00206	0.00825	0.00554	0.00279	0.00712
17	0.02234	0.01678	0.01794	0.01406	0.01881	0.01869	0.01152	0.60839	0.14448	0.03710	0.01667	0.01632	0.01198	0.00764	0.00625	0.00191	0.00654	0.00585	0.00625	0.01048
18	0.01344	0.02984	0.67244	0.01696	0.02559	0.01381	0.02147	0.02019	0.01363	0.07020	0.03717	0.01486	0.01017	0.00628	0.00599	0.00197	0.00872	0.00495	0.00313	0.00919
19	0.01245	0.01054	0.01240	0.00907	0.01414	0.00803	0.00721	0.01524	0.01346	0.02084	0.09397	0.01675	0.01487	0.00554	0.00493	0.00104	0.00442	0.00455	0.00405	0.72650
20	0.01406	0.14657	0.40414	0.02268	0.22459	0.01624	0.04848	0.01940	0.01343	0.01911	0.01099	0.01343	0.00852	0.00570	0.00574	0.00184	0.00835	0.00478	0.00278	0.00917
21	0.01517	0.01631	0.08763	0.03648	0.68054	0.01478	0.01946	0.01917	0.01410	0.02030	0.01167	0.01523	0.00970	0.00558	0.00615	0.00186	0.00756	0.00547	0.00305	0.00981
22	0.06331	0.01605	0.02335	0.03330	0.59855	0.07741	0.01740	0.05898	0.01512	0.02143	0.01155	0.01474	0.00957	0.00575	0.00599	0.00184	0.00754	0.00530	0.00332	0.00951

[dist]
# distance from previous block
# <min> <max>
0	2

[block]
# block no. 4 follows, 36 sequences, length 22
# corresponding to MSA columns:
# 316-337
name=unknown_E
#
# <colnr> <probs for GDERKNQSTAVLIFYWHMCP>
#	G	D	E	R	K	N	Q	S	T	A	V	L	I	F	Y	W	H	M	C	P
0	0.04313	0.25800	0.04353	0.01345	0.01792	0.22323	0.03117	0.09610	0.15240	0.02043	0.01302	0.01376	0.01041	0.00646	0.00529	0.00166	0.00768	0.00463	0.00397	0.03379
1	0.01245	0.01182	0.01772	0.03516	0.01782	0.03383	0.15254	0.01747	0.11460	0.02061	0.21767	0.05111	0.04918	0.01039	0.01002	0.00223	0.17004	0.04335	0.00481	0.00716
2	0.00906	0.00604	0.00680	0.00680	0.00680	0.00604	0.00378	0.00906	0.00906	0.01208	0.01963	0.04077	0.02265	0.78103	0.03171	0.00604	0.00604	0.00906	0.00378	0.00378
3	0.00762	0.00632	0.00667	0.00659	0.00858	0.00537	0.00494	0.00945	0.01482	0.01830	0.18442	0.05755	0.61742	0.01523	0.00736	0.00208	0.00312	0.01281	0.00598	0.00537
4	0.02327	0.02970	0.01766	0.01605	0.01926	0.75602	0.01204	0.02488	0.01766	0.01525	0.00963	0.01124	0.00803	0.00642	0.00562	0.00161	0.01124	0.00401	0.00321	0.00722
5	0.01666	0.78478	0.03265	0.01066	0.01599	0.02465	0.01066	0.01866	0.01266	0.01466	0.00866	0.00999	0.00800	0.00533	0.00400	0.00133	0.00666	0.00333	0.00267	0.00800
6	0.02418	0.01665	0.01820	0.01396	0.01892	0.01813	0.01153	0.64063	0.02796	0.12192	0.01608	0.01569	0.01116	0.00751	0.00624	0.00188	0.00667	0.00569	0.00641	0.01060
7	0.00759	0.00542	0.00723	0.00868	0.00904	0.00506	0.00578	0.00868	0.01193	0.01591	0.03434	0.77697	0.04121	0.01952	0.00795	0.00253	0.00361	0.01771	0.00578	0.00506
8	0.01177	0.01107	0.01869	0.76606	0.04291	0.01384	0.01730	0.01592	0.01246	0.01592	0.01107	0.01661	0.00831	0.00623	0.00623	0.00208	0.00831	0.00554	0.00277	0.00692
9	0.02366	0.01805	0.01865	0.01442	0.01932	0.05537	0.01185	0.68731	0.02872	0.03809	0.01470	0.01478	0.01047	0.00743	0.00620	0.00186	0.00707	0.00553	0.00608	0.01043
10	0.01378	0.26510	0.52716	0.01556	0.02357	0.01762	0.01920	0.01940	0.01300	0.01816	0.01040	0.01218	0.00792	0.00574	0.00532	0.00177	0.00842	0.00421	0.00264	0.00883
11	0.00906	0.00604	0.00680	0.00680	0.00680	0.00604	0.00378	0.00906	0.00906	0.01208	0.01963	0.04077	0.02265	0.78103	0.03171	0.00604	0.00604	0.00906	0.00378	0.00378
12	0.01363	0.01363	0.01908	0.01636	0.01636	0.01908	0.01363	0.01499	0.00954	0.01499	0.00818	0.01363	0.00818	0.01091	0.02045	0.00273	0.76963	0.00545	0.00273	0.00682
13	0.01376	0.01311	0.02230	0.36817	0.42518	0.01437	0.01830	0.01767	0.01340	0.01834	0.01143	0.01596	0.00916	0.00586	0.00620	0.00195	0.00781	0.00554	0.00294	0.00853
14	0.01542	0.01474	0.02478	0.03708	0.70915	0.01484	0.01870	0.01976	0.04678	0.02061	0.01234	0.01578	0.01029	0.00568	0.00618	0.00186	0.00729	0.00562	0.00323	0.00987
15	0.00906	0.00604	0.00680	0.00680	0.00680	0.00604	0.00378	0.00906	0.00906	0.01208	0.01963	0.04077	0.02265	0.78103	0.03171	0.00604	0.00604	0.00906	0.00378	0.00378
16	0.01004	0.00717	0.01004	0.01147	0.01291	0.00717	0.01004	0.01291	0.01434	0.01865	0.03299	0.07028	0.03586	0.01721	0.00861	0.00287	0.00574	0.70023	0.00574	0.00574
17	0.01356	0.22385	0.56641	0.01595	0.02417	0.01706	0.01987	0.01946	0.01303	0.01844	0.01054	0.01235	0.00792	0.00577	0.00543	0.00181	0.00856	0.00428	0.00264	0.00890
18	0.01542	0.01480	0.02529	0.03824	0.74217	0.01480	0.01912	0.01912	0.01419	0.02036	0.01172	0.01542	0.00987	0.00555	0.00617	0.00185	0.00740	0.00555	0.00308	0.00987
19	0.00890	0.00668	0.01001	0.01001	0.01113	0.00779	0.00779	0.01113	0.01001	0.01446	0.01669	0.02448	0.01558	0.04673	0.75634	0.01001	0.01669	0.00668	0.00334	0.00556
20	0.00819	0.00634	0.00745	0.00717	0.00892	0.00561	0.00538	0.01053	0.01614	0.02144	0.44486	0.05238	0.35502	0.01406	0.00736	0.00202	0.00303	0.01209	0.00639	0.00561
21	0.01542	0.01480	0.02529	0.03824	0.74217	0.01480	0.01912	0.01912	0.01419	0.02036	0.01172	0.01542	0.00987	0.00555	0.00617	0.00185	0.00740	0.00555	0.00308	0.00987

[dist]
# distance from previous block
# <min> <max>
0	0

# created by:
# /home/cegg/simao/soft/augustus-3.2.1/scripts/msa2prfl.pl ./align_prep/EOG090W0IP7.fa
