[name]
unknown

[dist]
# distance from previous block
# <min> <max>
0	393

[block]
# block no. 0 follows, 35 sequences, length 56
# corresponding to MSA columns:
# 399-454
name=unknown_A
#
# <colnr> <probs for GDERKNQSTAVLIFYWHMCP>
#	G	D	E	R	K	N	Q	S	T	A	V	L	I	F	Y	W	H	M	C	P
0	0.04235	0.06124	0.01316	0.01072	0.01377	0.01051	0.00859	0.11843	0.03604	0.09018	0.02427	0.25382	0.02475	0.01239	0.00680	0.00211	0.00514	0.12587	0.00554	0.13433
1	0.39542	0.21996	0.01637	0.00960	0.01312	0.01632	0.00833	0.01750	0.01176	0.02253	0.03267	0.04037	0.01110	0.00712	0.00589	0.00185	0.07824	0.00463	0.08016	0.00704
2	0.04451	0.58206	0.02714	0.01013	0.01483	0.02073	0.00951	0.01746	0.01237	0.01562	0.01047	0.01444	0.01011	0.10336	0.00771	0.00195	0.00644	0.00417	0.00300	0.08400
3	0.09095	0.01221	0.01792	0.46788	0.03323	0.03996	0.05122	0.03914	0.01376	0.08802	0.01389	0.06251	0.01116	0.00737	0.00658	0.00211	0.02456	0.00630	0.00374	0.00748
4	0.00888	0.00636	0.00822	0.00796	0.00921	0.00592	0.00577	0.01141	0.01657	0.02331	0.59932	0.11658	0.05465	0.08595	0.00989	0.00244	0.00336	0.01189	0.00658	0.00570
5	0.01057	0.15446	0.01450	0.01023	0.01215	0.01116	0.00837	0.01273	0.01068	0.01470	0.01552	0.02258	0.01459	0.06018	0.58887	0.00839	0.01474	0.00622	0.00328	0.00609
6	0.02701	0.01084	0.01457	0.01111	0.01608	0.00924	0.00915	0.02950	0.01768	0.67361	0.02373	0.02079	0.01511	0.00755	0.00622	0.00187	0.00533	0.00613	0.00746	0.08699
7	0.10204	0.01305	0.08434	0.01166	0.01691	0.01031	0.01045	0.02871	0.01700	0.60496	0.02218	0.01974	0.01413	0.00749	0.00611	0.00197	0.00573	0.00594	0.00698	0.01029
8	0.16709	0.02889	0.60398	0.01622	0.02456	0.01464	0.02028	0.01982	0.01290	0.02169	0.01090	0.01280	0.00781	0.00600	0.00563	0.00200	0.00852	0.00445	0.00292	0.00890
9	0.01344	0.15862	0.02266	0.51946	0.13356	0.01633	0.01658	0.01719	0.01297	0.01658	0.01090	0.01546	0.00861	0.00607	0.00590	0.00194	0.00801	0.00521	0.00284	0.00767
10	0.01067	0.00859	0.00883	0.00799	0.01069	0.00809	0.00620	0.14403	0.01739	0.02150	0.05491	0.05231	0.59676	0.01445	0.00728	0.00210	0.00393	0.01192	0.00598	0.00639
11	0.01080	0.00887	0.01164	0.15372	0.01832	0.00954	0.01015	0.01624	0.14148	0.01920	0.03418	0.11063	0.16786	0.01370	0.00758	0.00244	0.00548	0.24611	0.00539	0.00667
12	0.01662	0.01505	0.02741	0.05818	0.46624	0.01473	0.19398	0.02067	0.01487	0.08979	0.01340	0.01667	0.01043	0.00581	0.00660	0.00196	0.00816	0.00619	0.00360	0.00964
13	0.01576	0.01443	0.02336	0.03375	0.59954	0.01458	0.01747	0.08545	0.01571	0.02215	0.01443	0.08733	0.01314	0.00719	0.00646	0.00195	0.00712	0.00683	0.00371	0.00966
14	0.01311	0.01137	0.01777	0.61841	0.03793	0.01384	0.01582	0.08234	0.01437	0.01917	0.01256	0.01740	0.00943	0.00656	0.00616	0.00203	0.00779	0.00567	0.08097	0.00729
15	0.08831	0.01319	0.13818	0.01122	0.03259	0.01008	0.01010	0.09842	0.01698	0.02458	0.28233	0.05398	0.15385	0.01109	0.00678	0.00205	0.00502	0.02852	0.00552	0.00721
16	0.01465	0.01436	0.09021	0.41702	0.23364	0.01398	0.01791	0.01889	0.01376	0.08653	0.01277	0.01668	0.00955	0.00626	0.00630	0.00203	0.00800	0.00562	0.00337	0.00847
17	0.11165	0.01343	0.02179	0.31127	0.27270	0.01467	0.08354	0.03998	0.01396	0.04082	0.01186	0.01581	0.00919	0.00604	0.00614	0.00201	0.00780	0.00558	0.00335	0.00841
18	0.64540	0.01624	0.01124	0.01011	0.01389	0.17725	0.00806	0.02013	0.01238	0.02560	0.00905	0.01056	0.00716	0.00603	0.00432	0.00189	0.00635	0.00358	0.00378	0.00698
19	0.01382	0.01278	0.02115	0.09814	0.46906	0.01297	0.03277	0.01793	0.03704	0.02154	0.17555	0.02326	0.02144	0.00745	0.00659	0.00195	0.00659	0.00706	0.00408	0.00881
20	0.00995	0.00669	0.00870	0.00811	0.00980	0.00612	0.00611	0.01279	0.01765	0.06419	0.64479	0.06627	0.08860	0.01302	0.00744	0.00202	0.00315	0.01146	0.00695	0.00620
21	0.01272	0.03281	0.74418	0.01808	0.02746	0.01473	0.02344	0.02009	0.01339	0.02009	0.01138	0.01339	0.00804	0.00603	0.00603	0.00201	0.00938	0.00469	0.00268	0.00938
22	0.00906	0.00680	0.01020	0.01020	0.01133	0.00793	0.00793	0.01133	0.01020	0.01473	0.01699	0.02492	0.01586	0.04758	0.75191	0.01020	0.01699	0.00680	0.00340	0.00566
23	0.00960	0.00733	0.01041	0.16496	0.01605	0.00820	0.00808	0.01123	0.01052	0.01421	0.01888	0.10760	0.01994	0.33060	0.22923	0.00609	0.00946	0.00870	0.00372	0.00516
24	0.00898	0.00648	0.00848	0.00798	0.00948	0.00599	0.00599	0.01197	0.01796	0.02544	0.73413	0.04739	0.05986	0.01297	0.00748	0.00200	0.00299	0.01147	0.00698	0.00599
25	0.01570	0.01507	0.02575	0.03894	0.73748	0.01507	0.01947	0.01947	0.01444	0.02073	0.01193	0.01570	0.01005	0.00565	0.00628	0.00188	0.00754	0.00565	0.00314	0.01005
26	0.01102	0.00551	0.00826	0.00826	0.00826	0.00551	0.00551	0.00826	0.00826	0.01102	0.01102	0.01928	0.01102	0.02204	0.02479	0.81543	0.00551	0.00551	0.00275	0.00275
27	0.01570	0.01507	0.02575	0.03894	0.73748	0.01507	0.01947	0.01947	0.01444	0.02073	0.01193	0.01570	0.01005	0.00565	0.00628	0.00188	0.00754	0.00565	0.00314	0.01005
28	0.82186	0.01227	0.00932	0.00834	0.01227	0.01423	0.00687	0.01865	0.01080	0.02846	0.00883	0.01031	0.00687	0.00589	0.00393	0.00196	0.00491	0.00344	0.00393	0.00687
29	0.01102	0.00551	0.00826	0.00826	0.00826	0.00551	0.00551	0.00826	0.00826	0.01102	0.01102	0.01928	0.01102	0.02204	0.02479	0.81543	0.00551	0.00551	0.00275	0.00275
30	0.02219	0.01914	0.02035	0.02025	0.17836	0.13427	0.01373	0.45311	0.02455	0.03186	0.01364	0.01474	0.01021	0.00701	0.00623	0.00186	0.00781	0.00544	0.00515	0.01008
31	0.01473	0.01508	0.02785	0.02415	0.16849	0.01399	0.36253	0.01989	0.05639	0.02085	0.01304	0.01626	0.01023	0.00544	0.00651	0.00180	0.00827	0.00620	0.00352	0.20478
32	0.01443	0.01377	0.02345	0.28651	0.49986	0.01474	0.01884	0.01835	0.01384	0.01918	0.01171	0.01612	0.00950	0.00589	0.00630	0.00196	0.00785	0.00565	0.00303	0.00902
33	0.01208	0.01108	0.01578	0.01408	0.01448	0.01488	0.01148	0.01363	0.00983	0.01492	0.01148	0.01796	0.01108	0.02435	0.27860	0.03456	0.47441	0.00599	0.00299	0.00634
34	0.02378	0.02788	0.01818	0.01601	0.01962	0.61315	0.01222	0.15603	0.02022	0.02015	0.01083	0.01216	0.00867	0.00674	0.00584	0.00169	0.01060	0.00439	0.00385	0.00800
35	0.01578	0.01363	0.01434	0.01291	0.01650	0.01578	0.01004	0.03371	0.72602	0.02654	0.02582	0.02367	0.01937	0.00861	0.00646	0.00215	0.00502	0.00717	0.00646	0.01004
36	0.01102	0.00551	0.00826	0.00826	0.00826	0.00551	0.00551	0.00826	0.00826	0.01102	0.01102	0.01928	0.01102	0.02204	0.02479	0.81543	0.00551	0.00551	0.00275	0.00275
37	0.01272	0.03281	0.74418	0.01808	0.02746	0.01473	0.02344	0.02009	0.01339	0.02009	0.01138	0.01339	0.00804	0.00603	0.00603	0.00201	0.00938	0.00469	0.00268	0.00938
38	0.01315	0.01128	0.01315	0.00940	0.01503	0.00846	0.00752	0.01597	0.01315	0.02067	0.01128	0.01315	0.00940	0.00470	0.00470	0.00094	0.00470	0.00376	0.00376	0.81583
39	0.01272	0.03281	0.74418	0.01808	0.02746	0.01473	0.02344	0.02009	0.01339	0.02009	0.01138	0.01339	0.00804	0.00603	0.00603	0.00201	0.00938	0.00469	0.00268	0.00938
40	0.01213	0.02866	0.62797	0.01649	0.02462	0.01335	0.02068	0.01881	0.01411	0.02094	0.12555	0.01876	0.01622	0.00712	0.00626	0.00201	0.00837	0.00576	0.00336	0.00884
41	0.02370	0.03023	0.01798	0.01634	0.01961	0.75158	0.01226	0.02533	0.01798	0.01553	0.00981	0.01144	0.00817	0.00654	0.00572	0.00163	0.01144	0.00409	0.00327	0.00735
42	0.00750	0.00643	0.00643	0.00643	0.00857	0.00536	0.00482	0.00910	0.01446	0.01714	0.06427	0.06105	0.73490	0.01607	0.00750	0.00214	0.00321	0.01339	0.00589	0.00536
43	0.00773	0.00552	0.00736	0.00883	0.00920	0.00515	0.00589	0.00883	0.01215	0.01619	0.03497	0.77291	0.04196	0.01987	0.00810	0.00258	0.00368	0.01803	0.00589	0.00515
44	0.01696	0.78087	0.03324	0.01085	0.01628	0.02510	0.01085	0.01900	0.01289	0.01493	0.00882	0.01018	0.00814	0.00543	0.00407	0.00136	0.00678	0.00339	0.00271	0.00814
45	0.12718	0.03184	0.05171	0.12874	0.01868	0.03666	0.00995	0.06611	0.01543	0.02325	0.20376	0.02389	0.04452	0.00802	0.00588	0.00175	0.00552	0.00654	0.00464	0.18593
46	0.01198	0.01128	0.01903	0.76180	0.04369	0.01409	0.01762	0.01621	0.01268	0.01621	0.01128	0.01691	0.00846	0.00634	0.00634	0.00211	0.00846	0.00564	0.00282	0.00705
47	0.00773	0.00552	0.00736	0.00883	0.00920	0.00515	0.00589	0.00883	0.01215	0.01619	0.03497	0.77291	0.04196	0.01987	0.00810	0.00258	0.00368	0.01803	0.00589	0.00515
48	0.00750	0.00643	0.00643	0.00643	0.00857	0.00536	0.00482	0.00910	0.01446	0.01714	0.06427	0.06105	0.73490	0.01607	0.00750	0.00214	0.00321	0.01339	0.00589	0.00536
49	0.01459	0.29341	0.31067	0.01709	0.02414	0.01839	0.17115	0.01947	0.01372	0.01850	0.03578	0.01425	0.01022	0.00590	0.00571	0.00181	0.00853	0.00508	0.00296	0.00864
50	0.01171	0.00897	0.00989	0.00927	0.01159	0.00886	0.00704	0.18259	0.01756	0.02251	0.04290	0.25848	0.33710	0.01514	0.00742	0.00223	0.00434	0.02976	0.00600	0.00664
51	0.00916	0.00642	0.00827	0.00827	0.00874	0.00689	0.00553	0.01010	0.00963	0.01330	0.01875	0.03465	0.02008	0.47519	0.33007	0.00782	0.01064	0.00822	0.00366	0.00460
52	0.01303	0.03023	0.63738	0.01738	0.02569	0.05079	0.02161	0.01968	0.01374	0.01976	0.01344	0.01889	0.01078	0.00716	0.00627	0.00208	0.00914	0.07100	0.00301	0.00893
53	0.01361	0.01950	0.22029	0.22901	0.10226	0.01506	0.26994	0.01904	0.01387	0.01916	0.01193	0.01593	0.00892	0.00583	0.00666	0.00207	0.00942	0.00605	0.00295	0.00850
54	0.29380	0.01598	0.01547	0.01243	0.01699	0.03519	0.01020	0.42632	0.06100	0.03476	0.01351	0.01393	0.00987	0.00706	0.00552	0.00193	0.00628	0.00498	0.00546	0.00934
55	0.01525	0.02179	0.20366	0.02056	0.02635	0.13102	0.32289	0.03600	0.01494	0.01938	0.01410	0.09038	0.01221	0.00740	0.00734	0.00209	0.03579	0.00720	0.00341	0.00822

[dist]
# distance from previous block
# <min> <max>
7	22

[block]
# block no. 1 follows, 35 sequences, length 6
# corresponding to MSA columns:
# 479-484
name=unknown_B
#
# <colnr> <probs for GDERKNQSTAVLIFYWHMCP>
#	G	D	E	R	K	N	Q	S	T	A	V	L	I	F	Y	W	H	M	C	P
0	0.08646	0.01380	0.02247	0.23145	0.48555	0.01473	0.01785	0.01852	0.01364	0.02019	0.01148	0.01555	0.00934	0.00586	0.00609	0.00195	0.00755	0.00545	0.00312	0.00896
1	0.01331	0.01248	0.02043	0.43901	0.25999	0.01370	0.01695	0.01721	0.01330	0.01820	0.01148	0.01606	0.00908	0.00592	0.00612	0.00189	0.00770	0.00541	0.00304	0.10872
2	0.01394	0.01440	0.08900	0.17119	0.36612	0.01293	0.01647	0.01783	0.01435	0.04689	0.06988	0.02160	0.06800	0.00719	0.00638	0.00193	0.00702	0.00652	0.00373	0.04465
3	0.01299	0.18500	0.23943	0.12041	0.08709	0.01517	0.05261	0.01729	0.01384	0.01853	0.07193	0.02208	0.10281	0.00764	0.00604	0.00189	0.00734	0.00637	0.00350	0.00804
4	0.01453	0.02062	0.29723	0.10764	0.10428	0.01453	0.04328	0.04280	0.14312	0.05582	0.05314	0.01833	0.01363	0.00716	0.00688	0.00206	0.03584	0.00597	0.00404	0.00910
5	0.01690	0.13014	0.07923	0.17043	0.06501	0.01699	0.01390	0.21547	0.01762	0.04518	0.01364	0.05981	0.01137	0.00770	0.00729	0.00195	0.07411	0.00592	0.00418	0.04316

[dist]
# distance from previous block
# <min> <max>
15	180

[block]
# block no. 2 follows, 35 sequences, length 10
# corresponding to MSA columns:
# 734-743
name=unknown_C
#
# <colnr> <probs for GDERKNQSTAVLIFYWHMCP>
#	G	D	E	R	K	N	Q	S	T	A	V	L	I	F	Y	W	H	M	C	P
0	0.03699	0.01106	0.05754	0.01064	0.01460	0.00901	0.02748	0.01946	0.07443	0.19906	0.08235	0.10522	0.12311	0.01028	0.00653	0.00192	0.00496	0.03827	0.00578	0.16130
1	0.60664	0.01402	0.01125	0.05617	0.01531	0.08870	0.00825	0.01957	0.03900	0.02580	0.00989	0.01153	0.00774	0.00601	0.00441	0.00188	0.00578	0.00380	0.00388	0.06039
2	0.08758	0.01270	0.01343	0.01199	0.01556	0.01423	0.00950	0.07207	0.48011	0.07403	0.02666	0.02730	0.06653	0.00931	0.00643	0.00215	0.00509	0.04980	0.00624	0.00928
3	0.01571	0.01498	0.02500	0.03722	0.68978	0.01512	0.01885	0.02041	0.06152	0.02111	0.01285	0.01623	0.01067	0.00585	0.00629	0.00190	0.00737	0.00575	0.00336	0.01005
4	0.01198	0.01128	0.01903	0.76180	0.04369	0.01409	0.01762	0.01621	0.01268	0.01621	0.01128	0.01691	0.00846	0.00634	0.00634	0.00211	0.00846	0.00564	0.00282	0.00705
5	0.01570	0.01507	0.02575	0.03894	0.73748	0.01507	0.01947	0.01947	0.01444	0.02073	0.01193	0.01570	0.01005	0.00565	0.00628	0.00188	0.00754	0.00565	0.00314	0.01005
6	0.02625	0.01084	0.01440	0.01118	0.01577	0.00969	0.00918	0.07502	0.01892	0.62432	0.09413	0.02370	0.01972	0.00834	0.00649	0.00196	0.00527	0.00684	0.00767	0.01032
7	0.01378	0.03133	0.69513	0.01762	0.02670	0.01437	0.02249	0.02082	0.01371	0.06863	0.01230	0.01394	0.00855	0.00615	0.00605	0.00201	0.00911	0.00480	0.00303	0.00947
8	0.00898	0.00648	0.00848	0.00798	0.00948	0.00599	0.00599	0.01197	0.01796	0.02544	0.73413	0.04739	0.05986	0.01297	0.00748	0.00200	0.00299	0.01147	0.00698	0.00599
9	0.00773	0.00552	0.00736	0.00883	0.00920	0.00515	0.00589	0.00883	0.01215	0.01619	0.03497	0.77291	0.04196	0.01987	0.00810	0.00258	0.00368	0.01803	0.00589	0.00515

[dist]
# distance from previous block
# <min> <max>
3	4

[block]
# block no. 3 follows, 35 sequences, length 14
# corresponding to MSA columns:
# 748-761
name=unknown_D
#
# <colnr> <probs for GDERKNQSTAVLIFYWHMCP>
#	G	D	E	R	K	N	Q	S	T	A	V	L	I	F	Y	W	H	M	C	P
0	0.82186	0.01227	0.00932	0.00834	0.01227	0.01423	0.00687	0.01865	0.01080	0.02846	0.00883	0.01031	0.00687	0.00589	0.00393	0.00196	0.00491	0.00344	0.00393	0.00687
1	0.01570	0.01507	0.02575	0.03894	0.73748	0.01507	0.01947	0.01947	0.01444	0.02073	0.01193	0.01570	0.01005	0.00565	0.00628	0.00188	0.00754	0.00565	0.00314	0.01005
2	0.00762	0.00643	0.00660	0.00656	0.00865	0.00541	0.00492	0.00935	0.01475	0.01783	0.12054	0.05990	0.67819	0.01581	0.00750	0.00213	0.00319	0.01323	0.00598	0.00541
3	0.82186	0.01227	0.00932	0.00834	0.01227	0.01423	0.00687	0.01865	0.01080	0.02846	0.00883	0.01031	0.00687	0.00589	0.00393	0.00196	0.00491	0.00344	0.00393	0.00687
4	0.00880	0.00648	0.00824	0.00780	0.00937	0.00591	0.00585	0.01163	0.01754	0.02445	0.65448	0.04901	0.14012	0.01334	0.00748	0.00201	0.00302	0.01170	0.00685	0.00591
5	0.01578	0.01363	0.01434	0.01291	0.01650	0.01578	0.01004	0.03371	0.72602	0.02654	0.02582	0.02367	0.01937	0.00861	0.00646	0.00215	0.00502	0.00717	0.00646	0.01004
6	0.00750	0.00643	0.00643	0.00643	0.00857	0.00536	0.00482	0.00910	0.01446	0.01714	0.06427	0.06105	0.73490	0.01607	0.00750	0.00214	0.00321	0.01339	0.00589	0.00536
7	0.01646	0.01451	0.01894	0.02263	0.28214	0.01585	0.01368	0.08692	0.40449	0.02555	0.01980	0.02001	0.01520	0.00743	0.00638	0.00203	0.00611	0.00649	0.00523	0.01011
8	0.01527	0.01327	0.01567	0.01668	0.12381	0.01491	0.01146	0.02973	0.55550	0.02499	0.02445	0.02681	0.01952	0.00897	0.00664	0.00218	0.00547	0.06910	0.00590	0.00966
9	0.02371	0.01571	0.01727	0.01336	0.01810	0.01695	0.01100	0.55394	0.02667	0.14335	0.01716	0.01690	0.01199	0.00763	0.00619	0.00188	0.00640	0.00583	0.07559	0.01037
10	0.08724	0.01517	0.01536	0.01174	0.01685	0.06854	0.00949	0.27551	0.01947	0.02809	0.01242	0.01355	0.00960	0.00601	0.00532	0.00144	0.00606	0.00448	0.00469	0.38896
11	0.10610	0.17964	0.01658	0.00972	0.01443	0.01351	0.00824	0.06414	0.05902	0.02144	0.01955	0.02013	0.11785	0.00713	0.00511	0.00147	0.00513	0.00543	0.00421	0.32118
12	0.12794	0.01571	0.07600	0.01252	0.01686	0.03518	0.01088	0.28181	0.08108	0.07393	0.06902	0.01832	0.01490	0.00777	0.00655	0.00192	0.04167	0.00581	0.06565	0.03647
13	0.09104	0.01676	0.01730	0.01551	0.08275	0.09189	0.01144	0.31891	0.09179	0.02950	0.01401	0.01492	0.01066	0.00694	0.00631	0.00178	0.03256	0.00517	0.00501	0.13575

[dist]
# distance from previous block
# <min> <max>
63	249

[block]
# block no. 4 follows, 35 sequences, length 17
# corresponding to MSA columns:
# 1097-1113
name=unknown_E
#
# <colnr> <probs for GDERKNQSTAVLIFYWHMCP>
#	G	D	E	R	K	N	Q	S	T	A	V	L	I	F	Y	W	H	M	C	P
0	0.01326	0.06243	0.09757	0.01607	0.12835	0.01215	0.01189	0.03255	0.05628	0.05328	0.05470	0.22360	0.02146	0.01073	0.00807	0.00207	0.08700	0.00898	0.00452	0.09504
1	0.01424	0.01166	0.07501	0.01109	0.01436	0.01013	0.00934	0.07309	0.15626	0.10813	0.09443	0.17852	0.06827	0.01221	0.00785	0.04521	0.00506	0.04002	0.00579	0.05931
2	0.01412	0.11146	0.04633	0.01089	0.01486	0.01244	0.00918	0.08105	0.12358	0.04302	0.07505	0.08668	0.01895	0.02777	0.08987	0.00271	0.00662	0.00686	0.00475	0.21383
3	0.04729	0.01243	0.08759	0.01177	0.01504	0.01093	0.02611	0.05674	0.06506	0.05313	0.11410	0.16119	0.04472	0.01246	0.04311	0.00243	0.09273	0.00868	0.00492	0.12958
4	0.01525	0.01344	0.05421	0.01344	0.05045	0.01208	0.05076	0.21718	0.01869	0.02625	0.11655	0.07443	0.04261	0.00956	0.02851	0.00197	0.00610	0.00716	0.00504	0.23633
5	0.01283	0.01065	0.04964	0.00990	0.01332	0.03911	0.00796	0.01520	0.01407	0.09709	0.08644	0.26551	0.06078	0.01139	0.00648	0.00182	0.00476	0.00988	0.00520	0.27799
6	0.01624	0.05387	0.01808	0.10142	0.09485	0.01482	0.04318	0.12727	0.24940	0.05657	0.06020	0.05559	0.01750	0.00810	0.00636	0.00197	0.00613	0.00696	0.00524	0.05622
7	0.02143	0.01584	0.01711	0.06207	0.05097	0.10817	0.01148	0.26170	0.02074	0.18301	0.05717	0.01785	0.01393	0.00757	0.00689	0.00185	0.04435	0.00578	0.00553	0.08657
8	0.01522	0.01133	0.01335	0.09125	0.01760	0.05168	0.00890	0.01778	0.01403	0.13674	0.01741	0.14246	0.01572	0.00805	0.00578	0.00155	0.00544	0.00681	0.00465	0.41425
9	0.46901	0.03297	0.01270	0.01000	0.01420	0.01430	0.00826	0.10405	0.01364	0.02690	0.01012	0.01178	0.00804	0.00620	0.00560	0.00178	0.05937	0.00394	0.00407	0.18306
10	0.05666	0.01185	0.01345	0.01062	0.01524	0.01116	0.00850	0.07850	0.16357	0.13243	0.01724	0.01755	0.01297	0.00769	0.02749	0.00178	0.00534	0.00521	0.04798	0.35477
11	0.01658	0.21899	0.25109	0.11776	0.07583	0.01685	0.05076	0.04342	0.01451	0.11820	0.01281	0.01457	0.00949	0.00616	0.00571	0.00184	0.00789	0.00495	0.00360	0.00899
12	0.00901	0.00651	0.00936	0.00954	0.01039	0.00727	0.00707	0.01063	0.01022	0.01444	0.01926	0.11681	0.01967	0.13295	0.54111	0.04486	0.01354	0.00839	0.00372	0.00525
13	0.01102	0.00551	0.00826	0.00826	0.00826	0.00551	0.00551	0.00826	0.00826	0.01102	0.01102	0.01928	0.01102	0.02204	0.02479	0.81543	0.00551	0.00551	0.00275	0.00275
14	0.01031	0.00885	0.01263	0.11024	0.01628	0.01062	0.01017	0.01210	0.01179	0.01623	0.02413	0.38207	0.02741	0.01535	0.01156	0.00261	0.22116	0.08593	0.00460	0.00598
15	0.02174	0.01333	0.01584	0.01211	0.01716	0.03567	0.02904	0.16367	0.06953	0.29876	0.01833	0.01758	0.01275	0.00684	0.00590	0.00166	0.00583	0.00550	0.00599	0.24276
16	0.01398	0.01177	0.01843	0.54907	0.08708	0.01384	0.01595	0.05831	0.04620	0.06586	0.01559	0.01941	0.04372	0.00702	0.00640	0.00208	0.00771	0.00612	0.00368	0.00778

[dist]
# distance from previous block
# <min> <max>
0	1

[block]
# block no. 5 follows, 35 sequences, length 40
# corresponding to MSA columns:
# 1115-1154
name=unknown_F
#
# <colnr> <probs for GDERKNQSTAVLIFYWHMCP>
#	G	D	E	R	K	N	Q	S	T	A	V	L	I	F	Y	W	H	M	C	P
0	0.02036	0.02122	0.01659	0.01428	0.01765	0.39579	0.05555	0.11625	0.03459	0.04556	0.04871	0.01684	0.01307	0.00716	0.00582	0.00172	0.00853	0.00535	0.14721	0.00775
1	0.01585	0.01545	0.01605	0.01215	0.01738	0.14117	0.05710	0.06297	0.01520	0.02098	0.01138	0.01326	0.00928	0.00526	0.00518	0.00121	0.00645	0.00420	0.00380	0.56569
2	0.00989	0.00754	0.00904	0.00849	0.01043	0.00716	0.00638	0.04685	0.06260	0.02349	0.42754	0.13081	0.17042	0.01350	0.00734	0.00206	0.00350	0.01176	0.00648	0.03474
3	0.02654	0.01267	0.01574	0.01220	0.01705	0.01226	0.01003	0.19645	0.06949	0.52352	0.02272	0.02020	0.01477	0.00785	0.00638	0.00196	0.00575	0.00627	0.00739	0.01074
4	0.01798	0.66774	0.03094	0.01168	0.01678	0.13459	0.01107	0.01995	0.01366	0.01502	0.00897	0.01037	0.00815	0.00559	0.00432	0.00140	0.00749	0.00350	0.00280	0.00802
5	0.01514	0.07384	0.05858	0.08568	0.07487	0.04185	0.51539	0.02000	0.01465	0.01944	0.01220	0.01617	0.00934	0.00552	0.00696	0.00204	0.01001	0.00671	0.00312	0.00848
6	0.00849	0.00647	0.00781	0.00747	0.00918	0.00578	0.00560	0.01103	0.01681	0.02272	0.51499	0.05186	0.28069	0.01398	0.00749	0.00204	0.00306	0.01210	0.00663	0.00578
7	0.00916	0.00623	0.00731	0.00719	0.00756	0.00611	0.00438	0.00991	0.01141	0.01559	0.19901	0.04299	0.03229	0.58552	0.02607	0.00511	0.00536	0.00979	0.00463	0.00438
8	0.00750	0.00643	0.00643	0.00643	0.00857	0.00536	0.00482	0.00910	0.01446	0.01714	0.06427	0.06105	0.73490	0.01607	0.00750	0.00214	0.00321	0.01339	0.00589	0.00536
9	0.01578	0.01363	0.01434	0.01291	0.01650	0.01578	0.01004	0.03371	0.72602	0.02654	0.02582	0.02367	0.01937	0.00861	0.00646	0.00215	0.00502	0.00717	0.00646	0.01004
10	0.01696	0.78087	0.03324	0.01085	0.01628	0.02510	0.01085	0.01900	0.01289	0.01493	0.00882	0.01018	0.00814	0.00543	0.00407	0.00136	0.00678	0.00339	0.00271	0.00814
11	0.00898	0.00648	0.00848	0.00798	0.00948	0.00599	0.00599	0.01197	0.01796	0.02544	0.73413	0.04739	0.05986	0.01297	0.00748	0.00200	0.00299	0.01147	0.00698	0.00599
12	0.01578	0.01363	0.01434	0.01291	0.01650	0.01578	0.01004	0.03371	0.72602	0.02654	0.02582	0.02367	0.01937	0.00861	0.00646	0.00215	0.00502	0.00717	0.00646	0.01004
13	0.00898	0.00648	0.00848	0.00798	0.00948	0.00599	0.00599	0.01197	0.01796	0.02544	0.73413	0.04739	0.05986	0.01297	0.00748	0.00200	0.00299	0.01147	0.00698	0.00599
14	0.02370	0.03023	0.01798	0.01634	0.01961	0.75158	0.01226	0.02533	0.01798	0.01553	0.00981	0.01144	0.00817	0.00654	0.00572	0.00163	0.01144	0.00409	0.00327	0.00735
15	0.00801	0.00583	0.00780	0.00904	0.00941	0.00570	0.00612	0.00912	0.01191	0.01598	0.03305	0.69996	0.03943	0.04671	0.03452	0.00296	0.02664	0.01698	0.00564	0.00518
16	0.01537	0.02121	0.26897	0.06079	0.24037	0.01534	0.10723	0.11808	0.01626	0.02289	0.01324	0.01754	0.01050	0.00657	0.00647	0.00202	0.00845	0.03575	0.00355	0.00941
17	0.01578	0.01363	0.01434	0.01291	0.01650	0.01578	0.01004	0.03371	0.72602	0.02654	0.02582	0.02367	0.01937	0.00861	0.00646	0.00215	0.00502	0.00717	0.00646	0.01004
18	0.00898	0.00648	0.00848	0.00798	0.00948	0.00599	0.00599	0.01197	0.01796	0.02544	0.73413	0.04739	0.05986	0.01297	0.00748	0.00200	0.00299	0.01147	0.00698	0.00599
19	0.01578	0.01363	0.01434	0.01291	0.01650	0.01578	0.01004	0.03371	0.72602	0.02654	0.02582	0.02367	0.01937	0.00861	0.00646	0.00215	0.00502	0.00717	0.00646	0.01004
20	0.00750	0.00643	0.00643	0.00643	0.00857	0.00536	0.00482	0.00910	0.01446	0.01714	0.06427	0.06105	0.73490	0.01607	0.00750	0.00214	0.00321	0.01339	0.00589	0.00536
21	0.01213	0.01137	0.01884	0.73244	0.04263	0.01416	0.01732	0.01689	0.04066	0.01661	0.01185	0.01718	0.00888	0.00643	0.00635	0.00212	0.00832	0.00570	0.00296	0.00716
22	0.01272	0.03281	0.74418	0.01808	0.02746	0.01473	0.02344	0.02009	0.01339	0.02009	0.01138	0.01339	0.00804	0.00603	0.00603	0.00201	0.00938	0.00469	0.00268	0.00938
23	0.01183	0.00591	0.00591	0.00591	0.00739	0.00591	0.00443	0.01478	0.01330	0.02365	0.02069	0.02365	0.01626	0.00739	0.00443	0.00148	0.00296	0.00591	0.81227	0.00591
24	0.01519	0.01455	0.02483	0.13798	0.64243	0.01494	0.01922	0.01902	0.01420	0.02011	0.01184	0.01587	0.00983	0.00575	0.00629	0.00192	0.00766	0.00565	0.00310	0.00964
25	0.01578	0.01363	0.01434	0.01291	0.01650	0.01578	0.01004	0.03371	0.72602	0.02654	0.02582	0.02367	0.01937	0.00861	0.00646	0.00215	0.00502	0.00717	0.00646	0.01004
26	0.01297	0.03126	0.67833	0.01947	0.06219	0.01481	0.05352	0.02007	0.01351	0.02013	0.01147	0.01367	0.00820	0.00598	0.00610	0.00201	0.00934	0.00486	0.00272	0.00937
27	0.01501	0.04758	0.02367	0.26045	0.45610	0.01543	0.01816	0.05229	0.01458	0.02001	0.01175	0.01581	0.00951	0.00595	0.00621	0.00193	0.00776	0.00555	0.00318	0.00907
28	0.82186	0.01227	0.00932	0.00834	0.01227	0.01423	0.00687	0.01865	0.01080	0.02846	0.00883	0.01031	0.00687	0.00589	0.00393	0.00196	0.00491	0.00344	0.00393	0.00687
29	0.00923	0.00615	0.00692	0.00692	0.00692	0.00615	0.00384	0.00923	0.00923	0.01230	0.01999	0.04151	0.02306	0.77705	0.03229	0.00615	0.00615	0.00923	0.00384	0.00384
30	0.00923	0.00615	0.00692	0.00692	0.00692	0.00615	0.00384	0.00923	0.00923	0.01230	0.01999	0.04151	0.02306	0.77705	0.03229	0.00615	0.00615	0.00923	0.00384	0.00384
31	0.01352	0.01285	0.02181	0.46224	0.33121	0.01450	0.01839	0.01756	0.01341	0.01808	0.01155	0.01641	0.00912	0.00606	0.00632	0.00202	0.00808	0.00564	0.00295	0.00829
32	0.01577	0.11473	0.44630	0.01560	0.02304	0.03688	0.01803	0.09295	0.03743	0.07128	0.03701	0.01516	0.01099	0.00653	0.00587	0.00188	0.00812	0.00502	0.00373	0.03367
33	0.01198	0.01128	0.01903	0.76180	0.04369	0.01409	0.01762	0.01621	0.01268	0.01621	0.01128	0.01691	0.00846	0.00634	0.00634	0.00211	0.00846	0.00564	0.00282	0.00705
34	0.08219	0.39701	0.15697	0.01316	0.01917	0.01974	0.05783	0.06157	0.04038	0.01972	0.01076	0.01226	0.00879	0.00576	0.00491	0.00160	0.00713	0.00420	0.00328	0.07357
35	0.07191	0.15387	0.01617	0.01087	0.01441	0.03986	0.00912	0.05526	0.01426	0.04418	0.03858	0.12177	0.01917	0.00988	0.00680	0.00187	0.04899	0.11618	0.00449	0.20239
36	0.01537	0.09364	0.02335	0.13722	0.37798	0.05344	0.04164	0.04301	0.04091	0.01976	0.01353	0.06404	0.01191	0.00683	0.00616	0.00189	0.00747	0.00620	0.00349	0.03216
37	0.12023	0.09203	0.05557	0.01337	0.01818	0.07572	0.03534	0.30127	0.04636	0.02835	0.01466	0.01553	0.03635	0.00711	0.00616	0.00180	0.03226	0.00521	0.00476	0.08975
38	0.04273	0.26757	0.02161	0.01320	0.03470	0.04417	0.04917	0.13788	0.03315	0.02082	0.01709	0.20006	0.01731	0.00991	0.00704	0.00196	0.06153	0.00796	0.00432	0.00782
39	0.06372	0.11699	0.09865	0.01315	0.06395	0.02915	0.02933	0.12329	0.01637	0.02268	0.09708	0.04435	0.13709	0.03533	0.00697	0.00197	0.00596	0.00729	0.00459	0.08211

[dist]
# distance from previous block
# <min> <max>
0	28

# created by:
# /home/cegg/simao/soft/augustus-3.2.1/scripts/msa2prfl.pl ./align_prep/EOG090W0ESN.fa
