[name]
unknown

[dist]
# distance from previous block
# <min> <max>
0	33

[block]
# block no. 0 follows, 34 sequences, length 25
# corresponding to MSA columns:
# 385-409
name=unknown_A
#
# <colnr> <probs for GDERKNQSTAVLIFYWHMCP>
#	G	D	E	R	K	N	Q	S	T	A	V	L	I	F	Y	W	H	M	C	P
0	0.01523	0.02336	0.35457	0.02048	0.02786	0.01438	0.27342	0.02114	0.01481	0.09286	0.01521	0.02025	0.01171	0.00694	0.00693	0.00216	0.00937	0.05651	0.00370	0.00912
1	0.00808	0.00589	0.00739	0.00838	0.00906	0.00544	0.00563	0.00929	0.01282	0.01687	0.08504	0.54181	0.14434	0.09523	0.01060	0.00289	0.00388	0.01631	0.00586	0.00520
2	0.01607	0.01388	0.01461	0.01315	0.01680	0.01607	0.01023	0.03433	0.72094	0.02703	0.02630	0.02411	0.01972	0.00877	0.00657	0.00219	0.00511	0.00731	0.00657	0.01023
3	0.00817	0.00578	0.00755	0.00884	0.00921	0.00547	0.00588	0.00922	0.01206	0.01606	0.03349	0.64393	0.03991	0.12241	0.01162	0.00313	0.00417	0.04229	0.00571	0.00509
4	0.02899	0.01100	0.01499	0.01150	0.01649	0.00950	0.00950	0.03149	0.01849	0.73709	0.02549	0.02199	0.01599	0.00800	0.00650	0.00200	0.00550	0.00650	0.00800	0.01100
5	0.00794	0.00637	0.00714	0.00764	0.00927	0.00556	0.00564	0.00957	0.01419	0.01754	0.07141	0.25192	0.47834	0.01744	0.00789	0.00236	0.00359	0.06472	0.00602	0.00545
6	0.00796	0.00622	0.00700	0.00746	0.00881	0.00550	0.00521	0.00932	0.01358	0.01702	0.08020	0.28788	0.40737	0.09390	0.01038	0.00273	0.00372	0.01465	0.00584	0.00526
7	0.01599	0.01535	0.02623	0.03966	0.73262	0.01535	0.01983	0.01983	0.01471	0.02111	0.01215	0.01599	0.01023	0.00576	0.00640	0.00192	0.00768	0.00576	0.00320	0.01023
8	0.01340	0.01148	0.01340	0.00957	0.01531	0.00861	0.00766	0.01627	0.01340	0.02105	0.01148	0.01340	0.00957	0.00479	0.00479	0.00096	0.00479	0.00383	0.00383	0.81242
9	0.01495	0.01551	0.01938	0.01674	0.01709	0.08865	0.01380	0.01641	0.01071	0.01556	0.00888	0.01422	0.00869	0.01194	0.04067	0.00293	0.66835	0.00555	0.00289	0.00707
10	0.01368	0.00755	0.00981	0.00888	0.01119	0.00675	0.00678	0.01618	0.01715	0.19849	0.38827	0.13693	0.12615	0.01321	0.00743	0.00212	0.00377	0.01151	0.00705	0.00712
11	0.01226	0.00845	0.01026	0.00963	0.01181	0.00836	0.00736	0.04647	0.12354	0.08427	0.33254	0.15469	0.10544	0.01346	0.00748	0.00220	0.00401	0.04390	0.00675	0.00715
12	0.01548	0.01458	0.02463	0.16801	0.47900	0.01513	0.06847	0.06218	0.01556	0.02167	0.04362	0.01770	0.01217	0.00631	0.00656	0.00199	0.00784	0.00615	0.00352	0.00943
13	0.02072	0.02269	0.01598	0.01422	0.01744	0.44659	0.01083	0.11332	0.03348	0.04392	0.12665	0.04171	0.04777	0.00869	0.00637	0.00183	0.00882	0.00647	0.00473	0.00775
14	0.01349	0.01151	0.01325	0.01004	0.01517	0.00955	0.00794	0.01863	0.11966	0.02198	0.03894	0.03816	0.01381	0.00612	0.00525	0.00123	0.00474	0.00504	0.00442	0.64107
15	0.00993	0.00812	0.01017	0.00939	0.01060	0.00877	0.00705	0.01158	0.01296	0.01776	0.18240	0.04043	0.19775	0.18512	0.08772	0.00392	0.14318	0.00977	0.00487	0.03852
16	0.02385	0.01055	0.01400	0.03615	0.01618	0.00961	0.00919	0.07199	0.01890	0.51502	0.14527	0.02758	0.05368	0.00917	0.00673	0.00201	0.00520	0.00761	0.00749	0.00980
17	0.00852	0.00615	0.00814	0.00891	0.00973	0.00592	0.00633	0.01023	0.01347	0.01826	0.17761	0.42324	0.07226	0.06927	0.08436	0.00352	0.00525	0.05755	0.00584	0.00544
18	0.05692	0.01743	0.04708	0.07306	0.16847	0.08790	0.28899	0.07693	0.01628	0.04339	0.01321	0.01643	0.01011	0.00611	0.00662	0.00200	0.00897	0.00624	0.04501	0.00885
19	0.06535	0.07266	0.04340	0.04971	0.21822	0.01471	0.11874	0.06034	0.01510	0.13125	0.01473	0.01818	0.01164	0.04336	0.06826	0.00286	0.03231	0.00607	0.00417	0.00895
20	0.00823	0.00687	0.00722	0.00720	0.00927	0.00605	0.00537	0.01081	0.05116	0.01867	0.12340	0.10629	0.58501	0.01594	0.00762	0.00220	0.00338	0.01345	0.00613	0.00575
21	0.01311	0.01450	0.09362	0.36554	0.22138	0.01402	0.04756	0.01734	0.01355	0.01841	0.01417	0.06635	0.01242	0.00765	0.00700	0.00216	0.02434	0.03546	0.00329	0.00812
22	0.01729	0.21127	0.13591	0.05523	0.05487	0.13604	0.17234	0.04565	0.03321	0.03912	0.01210	0.01454	0.00955	0.00728	0.02692	0.00208	0.00931	0.00529	0.00338	0.00863
23	0.01101	0.00821	0.01043	0.09694	0.01502	0.00835	0.00819	0.05363	0.06745	0.05105	0.08286	0.32545	0.17746	0.01515	0.00759	0.00235	0.00464	0.04180	0.00586	0.00655
24	0.00773	0.00644	0.00674	0.00689	0.00884	0.00546	0.00508	0.00937	0.01462	0.01772	0.09106	0.14064	0.62391	0.01666	0.00770	0.00222	0.00332	0.01408	0.00605	0.00546

[dist]
# distance from previous block
# <min> <max>
0	1

[block]
# block no. 1 follows, 34 sequences, length 104
# corresponding to MSA columns:
# 411-514
name=unknown_B
#
# <colnr> <probs for GDERKNQSTAVLIFYWHMCP>
#	G	D	E	R	K	N	Q	S	T	A	V	L	I	F	Y	W	H	M	C	P
0	0.06099	0.13294	0.05175	0.05175	0.16665	0.07106	0.04485	0.13263	0.13551	0.04998	0.03099	0.01678	0.01252	0.00691	0.00600	0.00190	0.00727	0.00564	0.00450	0.00939
1	0.02293	0.06663	0.03824	0.01663	0.02109	0.39261	0.06762	0.25080	0.02165	0.02449	0.01204	0.01336	0.00931	0.00685	0.00609	0.00179	0.00978	0.00496	0.00431	0.00883
2	0.33770	0.03513	0.03330	0.03580	0.12160	0.23454	0.03162	0.06310	0.01517	0.02358	0.01039	0.01238	0.00828	0.00626	0.00526	0.00188	0.00791	0.00437	0.00373	0.00800
3	0.00932	0.00634	0.00735	0.00743	0.00764	0.00636	0.00446	0.00964	0.00990	0.01317	0.02263	0.06039	0.04941	0.65989	0.07254	0.00616	0.00673	0.03236	0.00408	0.00418
4	0.01349	0.01359	0.05620	0.07254	0.24279	0.05446	0.03014	0.01775	0.06975	0.01895	0.05971	0.02494	0.01719	0.11521	0.12213	0.00387	0.02813	0.02746	0.00388	0.00781
5	0.00836	0.00657	0.00754	0.00730	0.00917	0.00576	0.00548	0.01067	0.01643	0.02149	0.38190	0.05555	0.41104	0.01486	0.00763	0.00211	0.00317	0.01271	0.00653	0.00576
6	0.00855	0.00635	0.00796	0.00805	0.00941	0.00577	0.00585	0.01086	0.01617	0.02201	0.43424	0.22807	0.18184	0.01553	0.00778	0.00221	0.00326	0.01369	0.00663	0.00577
7	0.01522	0.05615	0.05619	0.39382	0.14794	0.01539	0.03593	0.04424	0.03792	0.07538	0.01309	0.01686	0.00990	0.00675	0.00713	0.00209	0.04828	0.00573	0.00358	0.00843
8	0.01837	0.01429	0.01788	0.08719	0.04247	0.01601	0.04976	0.23132	0.24975	0.06554	0.01822	0.01925	0.01369	0.00925	0.00894	0.07281	0.04409	0.00640	0.00546	0.00931
9	0.01524	0.01431	0.02176	0.26950	0.35885	0.03716	0.01729	0.05454	0.08859	0.02093	0.01405	0.03447	0.01142	0.00676	0.00646	0.00203	0.00772	0.00616	0.00367	0.00907
10	0.01349	0.05147	0.16593	0.40894	0.13586	0.01515	0.04176	0.03713	0.01403	0.01895	0.03000	0.01677	0.01019	0.00643	0.00635	0.00206	0.00848	0.00566	0.00311	0.00827
11	0.01182	0.05471	0.03355	0.01244	0.06767	0.01014	0.02964	0.01663	0.11117	0.04027	0.24686	0.14246	0.11147	0.01206	0.00744	0.00211	0.02616	0.01044	0.04571	0.00723
12	0.01255	0.01093	0.01522	0.07530	0.08169	0.01184	0.05766	0.06426	0.10042	0.02118	0.09777	0.05360	0.18101	0.03427	0.05443	0.00280	0.08405	0.00897	0.02461	0.00742
13	0.00836	0.00632	0.00740	0.00809	0.00937	0.00574	0.00590	0.00991	0.01348	0.01716	0.04630	0.29318	0.33014	0.08277	0.01009	0.00276	0.00403	0.10382	0.02986	0.00534
14	0.01879	0.10290	0.01942	0.01547	0.05666	0.11870	0.03253	0.16184	0.33394	0.02629	0.03506	0.01908	0.01530	0.00775	0.00622	0.00196	0.00687	0.00617	0.00541	0.00964
15	0.01384	0.01479	0.10327	0.03819	0.15301	0.02874	0.09526	0.03312	0.09286	0.04239	0.02253	0.13822	0.05505	0.01009	0.00701	0.00216	0.00685	0.07528	0.00461	0.06275
16	0.06374	0.16111	0.26976	0.04468	0.09730	0.05014	0.05005	0.05520	0.02817	0.02075	0.01193	0.01503	0.00959	0.00648	0.00622	0.00189	0.03107	0.02106	0.00332	0.05252
17	0.01277	0.03560	0.33831	0.03781	0.02187	0.01329	0.06039	0.05980	0.05807	0.02089	0.04000	0.15642	0.05936	0.00998	0.00751	0.00220	0.04488	0.00842	0.00415	0.00828
18	0.02766	0.01195	0.01546	0.01195	0.01684	0.01103	0.00983	0.13756	0.02018	0.60613	0.02423	0.04334	0.01601	0.00833	0.00654	0.00201	0.00570	0.00675	0.00770	0.01082
19	0.04245	0.04088	0.41842	0.01799	0.05002	0.01545	0.07096	0.09292	0.03530	0.07967	0.03051	0.01584	0.01085	0.00686	0.00697	0.00206	0.04405	0.00548	0.00385	0.00948
20	0.01337	0.03256	0.10356	0.05631	0.16525	0.05673	0.11431	0.01769	0.05178	0.01966	0.05434	0.20376	0.02089	0.01013	0.00729	0.00216	0.02544	0.00926	0.02756	0.00794
21	0.00951	0.00639	0.00741	0.00757	0.00773	0.00639	0.00462	0.00983	0.00999	0.01327	0.02186	0.04560	0.02498	0.69105	0.03029	0.00591	0.00623	0.08310	0.00414	0.00414
22	0.00923	0.00692	0.01038	0.01038	0.01154	0.00808	0.00808	0.01154	0.01038	0.01500	0.01731	0.02538	0.01615	0.04846	0.74732	0.01038	0.01731	0.00692	0.00346	0.00577
23	0.01918	0.01665	0.13236	0.12893	0.09314	0.03400	0.04991	0.13353	0.01809	0.20917	0.05311	0.02090	0.04637	0.00768	0.00656	0.00202	0.00731	0.00650	0.00517	0.00941
24	0.01345	0.15510	0.57954	0.01659	0.02500	0.01623	0.02070	0.01979	0.01383	0.01991	0.05330	0.01513	0.01130	0.00645	0.00590	0.00194	0.00873	0.00496	0.00299	0.00914
25	0.01414	0.01414	0.01979	0.01696	0.01696	0.01979	0.01414	0.01555	0.00990	0.01555	0.00848	0.01414	0.00848	0.01131	0.02120	0.00283	0.76110	0.00565	0.00283	0.00707
26	0.01488	0.01569	0.07232	0.11999	0.51602	0.01470	0.06284	0.01907	0.01469	0.02079	0.05626	0.01806	0.01301	0.00630	0.00654	0.00198	0.00783	0.00617	0.00337	0.00948
27	0.47251	0.11010	0.04855	0.01284	0.05333	0.05800	0.04164	0.03815	0.05434	0.02522	0.01069	0.01230	0.00847	0.00628	0.00514	0.00194	0.02456	0.00423	0.00386	0.00784
28	0.01621	0.01586	0.02630	0.03867	0.69395	0.03673	0.03724	0.02003	0.01483	0.02094	0.01211	0.01590	0.01017	0.00578	0.00641	0.00192	0.00787	0.00576	0.00320	0.01012
29	0.01039	0.00716	0.00803	0.00758	0.00818	0.00709	0.00455	0.04468	0.01067	0.01443	0.01960	0.03926	0.02205	0.68978	0.02992	0.00574	0.00622	0.00889	0.00404	0.05175
30	0.00939	0.00630	0.00725	0.00725	0.00732	0.00637	0.00417	0.00953	0.00946	0.01268	0.02017	0.04126	0.02305	0.72904	0.07616	0.00651	0.00693	0.00925	0.00389	0.00403
31	0.00925	0.00684	0.00999	0.00999	0.01100	0.00786	0.00758	0.01128	0.01027	0.01471	0.01767	0.02739	0.01703	0.13455	0.66242	0.00989	0.01599	0.00722	0.00352	0.00555
32	0.05004	0.05941	0.04953	0.04008	0.01966	0.47263	0.01243	0.04390	0.01694	0.05316	0.01410	0.01562	0.05113	0.00759	0.00707	0.00184	0.06840	0.00502	0.00373	0.00772
33	0.01220	0.01148	0.01938	0.75739	0.04450	0.01436	0.01794	0.01651	0.01292	0.01651	0.01148	0.01723	0.00861	0.00646	0.00646	0.00215	0.00861	0.00574	0.00287	0.00718
34	0.00787	0.00562	0.00750	0.00900	0.00937	0.00525	0.00600	0.00900	0.01237	0.01649	0.03561	0.76871	0.04274	0.02024	0.00825	0.00262	0.00375	0.01837	0.00600	0.00525
35	0.01059	0.00792	0.00917	0.00884	0.01091	0.00770	0.00661	0.01560	0.14153	0.05315	0.26462	0.16239	0.24772	0.01425	0.00749	0.00220	0.00370	0.01233	0.00655	0.00672
36	0.01806	0.01592	0.05184	0.01384	0.01817	0.01702	0.01142	0.20459	0.51135	0.03016	0.02284	0.02142	0.01694	0.00838	0.00652	0.00212	0.00584	0.00680	0.00636	0.01039
37	0.00984	0.00669	0.00780	0.00794	0.00828	0.00672	0.00501	0.03028	0.01081	0.01436	0.02278	0.09527	0.02595	0.61644	0.02781	0.00553	0.00608	0.08362	0.00435	0.00443
38	0.01015	0.00725	0.01010	0.01153	0.01292	0.00720	0.00990	0.01296	0.01475	0.01927	0.05418	0.13419	0.03836	0.01793	0.00883	0.00292	0.00567	0.61000	0.00599	0.00589
39	0.05626	0.01198	0.01286	0.01117	0.01445	0.04759	0.02881	0.09848	0.20005	0.12124	0.02186	0.02438	0.01689	0.00839	0.00592	0.00194	0.00526	0.04761	0.25636	0.00851
40	0.02456	0.01810	0.01939	0.01487	0.02004	0.02004	0.01228	0.71107	0.03038	0.04072	0.01551	0.01551	0.01099	0.00776	0.00646	0.00194	0.00711	0.00582	0.00646	0.01099
41	0.81856	0.01250	0.00950	0.00850	0.01250	0.01449	0.00700	0.01899	0.01100	0.02899	0.00900	0.01050	0.00700	0.00600	0.00400	0.00200	0.00500	0.00350	0.00400	0.00700
42	0.01376	0.01327	0.05711	0.01032	0.01563	0.04265	0.00876	0.01682	0.01354	0.02089	0.01221	0.01434	0.01004	0.00540	0.00538	0.00116	0.02803	0.00416	0.07762	0.62889
43	0.01640	0.01119	0.01220	0.01041	0.01358	0.01166	0.00821	0.26393	0.06301	0.07018	0.06031	0.10138	0.15260	0.01085	0.00653	0.00199	0.00487	0.00892	0.16362	0.00816
44	0.01467	0.30611	0.23971	0.01411	0.01940	0.05478	0.01485	0.01832	0.01273	0.01682	0.01110	0.01426	0.00955	0.01333	0.12625	0.00321	0.09513	0.00469	0.00290	0.00809
45	0.01436	0.00818	0.01026	0.00926	0.01172	0.00753	0.00711	0.05680	0.01723	0.19213	0.26567	0.14817	0.15764	0.03460	0.00812	0.00228	0.00418	0.03070	0.00681	0.00725
46	0.01145	0.00987	0.01321	0.01225	0.01267	0.01229	0.00944	0.03263	0.01124	0.01601	0.02002	0.19446	0.04136	0.16385	0.07610	0.00399	0.32527	0.02382	0.00407	0.00599
47	0.00805	0.00656	0.00712	0.00698	0.00898	0.00563	0.00524	0.01008	0.01571	0.01979	0.24870	0.05834	0.54530	0.01549	0.00763	0.00214	0.00321	0.01310	0.00631	0.00563
48	0.00795	0.00571	0.00756	0.00902	0.00948	0.00533	0.00611	0.00915	0.01252	0.01662	0.03647	0.72438	0.06333	0.02005	0.00825	0.00262	0.00381	0.04037	0.00600	0.00528
49	0.07352	0.01343	0.04079	0.03676	0.02042	0.01225	0.12016	0.07558	0.05281	0.45390	0.02103	0.01982	0.01384	0.00739	0.00651	0.00204	0.00662	0.00641	0.00652	0.01019
50	0.19613	0.04744	0.01834	0.22099	0.10421	0.05343	0.01350	0.12660	0.01568	0.05809	0.01185	0.01469	0.00912	0.00697	0.00713	0.00206	0.07639	0.00510	0.00398	0.00831
51	0.01465	0.06730	0.31520	0.01887	0.09986	0.03778	0.05421	0.03597	0.06940	0.03728	0.01533	0.01930	0.03181	0.04103	0.00915	0.00230	0.09284	0.02532	0.00359	0.00882
52	0.05963	0.24479	0.02195	0.03537	0.01886	0.42338	0.01164	0.02319	0.03331	0.03416	0.01121	0.03390	0.00972	0.00677	0.00537	0.00166	0.00932	0.00451	0.00345	0.00778
53	0.08426	0.01104	0.01379	0.01089	0.01529	0.01031	0.00891	0.09036	0.01860	0.51101	0.07186	0.02255	0.01804	0.00815	0.00622	0.00195	0.00523	0.00653	0.07508	0.00994
54	0.00778	0.00655	0.00674	0.00669	0.00881	0.00551	0.00502	0.00954	0.01506	0.01823	0.12651	0.06090	0.66846	0.01607	0.00764	0.00217	0.00325	0.01346	0.00610	0.00551
55	0.01671	0.01557	0.06423	0.06909	0.19752	0.05866	0.16137	0.05925	0.01626	0.11334	0.05047	0.06903	0.06265	0.00817	0.00688	0.00206	0.00772	0.00768	0.00451	0.00884
56	0.01336	0.07574	0.04136	0.14357	0.28802	0.01398	0.01512	0.01655	0.01373	0.01888	0.05605	0.12122	0.01872	0.00959	0.00803	0.00218	0.07388	0.05811	0.00385	0.00807
57	0.01122	0.00561	0.00842	0.00842	0.00842	0.00561	0.00561	0.00842	0.00842	0.01122	0.01122	0.01964	0.01122	0.02245	0.02525	0.81201	0.00561	0.00561	0.00281	0.00281
58	0.01220	0.01148	0.01938	0.75739	0.04450	0.01436	0.01794	0.01651	0.01292	0.01651	0.01148	0.01723	0.00861	0.00646	0.00646	0.00215	0.00861	0.00574	0.00287	0.00718
59	0.01593	0.07797	0.12374	0.14889	0.08164	0.03599	0.12815	0.05538	0.11539	0.06438	0.03608	0.01923	0.01316	0.00723	0.00699	0.00207	0.03285	0.02191	0.00415	0.00888
60	0.00835	0.00604	0.00798	0.00931	0.01005	0.00568	0.00671	0.00990	0.01317	0.01736	0.05845	0.57128	0.09237	0.01932	0.00830	0.00264	0.00409	0.13757	0.00602	0.00541
61	0.00947	0.00677	0.00934	0.01083	0.01190	0.00663	0.00878	0.01176	0.01395	0.01829	0.03473	0.32996	0.03924	0.01873	0.00867	0.00285	0.00514	0.44131	0.00597	0.00569
62	0.81856	0.01250	0.00950	0.00850	0.01250	0.01449	0.00700	0.01899	0.01100	0.02899	0.00900	0.01050	0.00700	0.00600	0.00400	0.00200	0.00500	0.00350	0.00400	0.00700
63	0.01340	0.01148	0.01340	0.00957	0.01531	0.00861	0.00766	0.01627	0.01340	0.02105	0.01148	0.01340	0.00957	0.00479	0.00479	0.00096	0.00479	0.00383	0.00383	0.81242
64	0.01664	0.01375	0.01463	0.01308	0.01679	0.01578	0.01020	0.03421	0.69026	0.05805	0.02626	0.02401	0.01956	0.00873	0.00657	0.00218	0.00513	0.00727	0.00664	0.01026
65	0.01611	0.01510	0.02506	0.11596	0.61411	0.01553	0.01916	0.06205	0.01548	0.02182	0.01229	0.01610	0.01011	0.00596	0.00641	0.00195	0.00774	0.00576	0.00336	0.00995
66	0.01029	0.00741	0.00936	0.00869	0.01050	0.00713	0.00657	0.01478	0.08559	0.04321	0.64488	0.04532	0.05593	0.01266	0.00749	0.00205	0.00331	0.01114	0.00708	0.00661
67	0.00922	0.00657	0.00883	0.00892	0.00954	0.00716	0.00622	0.01050	0.01009	0.01406	0.01965	0.07606	0.02076	0.34797	0.40692	0.00822	0.01192	0.00862	0.00380	0.00497
68	0.01537	0.05485	0.07059	0.10104	0.30217	0.03762	0.22302	0.01960	0.01427	0.01960	0.01181	0.01584	0.00953	0.00622	0.00783	0.00207	0.07036	0.00608	0.00311	0.00901
69	0.05287	0.01189	0.01501	0.01184	0.01662	0.01126	0.00969	0.07141	0.12336	0.56728	0.02448	0.02155	0.01596	0.00803	0.00642	0.00202	0.00552	0.00648	0.00756	0.01075
70	0.01301	0.01342	0.02621	0.02132	0.08722	0.01273	0.38807	0.01723	0.01572	0.02146	0.18538	0.02943	0.10280	0.00865	0.00784	0.00214	0.02606	0.00903	0.00445	0.00783
71	0.01031	0.00704	0.00943	0.00916	0.00999	0.00767	0.00652	0.01168	0.01068	0.04604	0.05099	0.03288	0.02096	0.34183	0.36512	0.00771	0.03461	0.00810	0.00399	0.00529
72	0.01802	0.03823	0.16404	0.01589	0.02134	0.07331	0.07764	0.16964	0.26253	0.04859	0.01898	0.01902	0.02794	0.00761	0.00646	0.00204	0.00748	0.00628	0.00516	0.00978
73	0.01991	0.09615	0.11807	0.01478	0.01880	0.11702	0.03460	0.02264	0.01459	0.22960	0.01486	0.01699	0.01132	0.04147	0.01100	0.00230	0.19721	0.00557	0.00447	0.00867
74	0.01342	0.01164	0.01417	0.02790	0.01648	0.00895	0.02586	0.01639	0.01343	0.02094	0.01153	0.01359	0.00955	0.00484	0.00490	0.00102	0.00503	0.00397	0.00379	0.77260
75	0.04119	0.27731	0.14183	0.05083	0.02013	0.16252	0.03028	0.02027	0.04609	0.01745	0.01232	0.01584	0.01056	0.01156	0.09466	0.00279	0.00955	0.02357	0.00327	0.00798
76	0.01983	0.01420	0.01506	0.01224	0.01619	0.01567	0.00989	0.41332	0.14245	0.03402	0.01880	0.01922	0.01393	0.00787	0.00597	0.00187	0.00569	0.00612	0.21810	0.00955
77	0.00782	0.00637	0.00682	0.00707	0.00879	0.00548	0.00510	0.00933	0.01417	0.01734	0.08172	0.18822	0.54675	0.05455	0.00900	0.00246	0.00350	0.01421	0.00594	0.00536
78	0.01220	0.01148	0.01938	0.75739	0.04450	0.01436	0.01794	0.01651	0.01292	0.01651	0.01148	0.01723	0.00861	0.00646	0.00646	0.00215	0.00861	0.00574	0.00287	0.00718
79	0.54164	0.01288	0.01198	0.00998	0.01435	0.01410	0.00823	0.11048	0.01514	0.18757	0.01349	0.01369	0.00950	0.00667	0.00487	0.00199	0.00538	0.00446	0.00520	0.00840
80	0.01048	0.00800	0.01112	0.01254	0.06142	0.00790	0.02883	0.04940	0.03462	0.01966	0.05135	0.42150	0.05156	0.01663	0.00796	0.00253	0.00488	0.16328	0.02999	0.00635
81	0.00959	0.00705	0.00946	0.00930	0.00988	0.00796	0.00660	0.01083	0.00992	0.01394	0.01814	0.03216	0.01893	0.36484	0.39103	0.00813	0.05564	0.00794	0.00362	0.00503
82	0.81856	0.01250	0.00950	0.00850	0.01250	0.01449	0.00700	0.01899	0.01100	0.02899	0.00900	0.01050	0.00700	0.00600	0.00400	0.00200	0.00500	0.00350	0.00400	0.00700
83	0.00865	0.00668	0.00879	0.00935	0.01047	0.00632	0.02715	0.01116	0.05494	0.01822	0.10058	0.53458	0.14288	0.01793	0.00798	0.00247	0.00391	0.01611	0.00605	0.00575
84	0.02301	0.01733	0.01852	0.01455	0.01944	0.01931	0.01190	0.58713	0.15686	0.03821	0.01749	0.01709	0.01259	0.00794	0.00648	0.00199	0.00674	0.00609	0.00648	0.01085
85	0.01802	0.69592	0.03217	0.01166	0.01695	0.10379	0.01121	0.02005	0.01369	0.01527	0.00909	0.01050	0.00830	0.00565	0.00433	0.00141	0.00742	0.00353	0.00283	0.00820
86	0.01607	0.01388	0.01461	0.01315	0.01680	0.01607	0.01023	0.03433	0.72094	0.02703	0.02630	0.02411	0.01972	0.00877	0.00657	0.00219	0.00511	0.00731	0.00657	0.01023
87	0.01220	0.01148	0.01938	0.75739	0.04450	0.01436	0.01794	0.01651	0.01292	0.01651	0.01148	0.01723	0.00861	0.00646	0.00646	0.00215	0.00861	0.00574	0.00287	0.00718
88	0.02414	0.03079	0.01831	0.01665	0.01998	0.74698	0.01248	0.02580	0.01831	0.01581	0.00999	0.01165	0.00832	0.00666	0.00583	0.00166	0.01165	0.00416	0.00333	0.00749
89	0.02697	0.01090	0.01460	0.01133	0.01602	0.00964	0.00931	0.05940	0.01899	0.64137	0.08967	0.02412	0.01991	0.00847	0.00660	0.00200	0.00534	0.00694	0.00785	0.01055
90	0.01868	0.01130	0.01278	0.01098	0.01444	0.01192	0.00864	0.07506	0.29953	0.20757	0.04345	0.02418	0.01873	0.03124	0.00692	0.00209	0.00487	0.00690	0.18146	0.00926
91	0.01414	0.01414	0.01979	0.01696	0.01696	0.01979	0.01414	0.01555	0.00990	0.01555	0.00848	0.01414	0.00848	0.01131	0.02120	0.00283	0.76110	0.00565	0.00283	0.00707
92	0.81856	0.01250	0.00950	0.00850	0.01250	0.01449	0.00700	0.01899	0.01100	0.02899	0.00900	0.01050	0.00700	0.00600	0.00400	0.00200	0.00500	0.00350	0.00400	0.00700
93	0.02482	0.01768	0.01913	0.01467	0.01983	0.01942	0.01212	0.67116	0.02968	0.08162	0.01610	0.01589	0.01128	0.00777	0.00647	0.00194	0.00702	0.00586	0.00655	0.01099
94	0.01727	0.77681	0.03386	0.01106	0.01658	0.02557	0.01106	0.01935	0.01313	0.01520	0.00898	0.01036	0.00829	0.00553	0.00415	0.00138	0.00691	0.00345	0.00276	0.00829
95	0.02456	0.01810	0.01939	0.01487	0.02004	0.02004	0.01228	0.71107	0.03038	0.04072	0.01551	0.01551	0.01099	0.00776	0.00646	0.00194	0.00711	0.00582	0.00646	0.01099
96	0.01313	0.03840	0.20280	0.01514	0.07698	0.01157	0.03457	0.01860	0.08521	0.04170	0.07252	0.14445	0.01995	0.00899	0.00637	0.00189	0.00625	0.00781	0.00446	0.18923
97	0.01654	0.03821	0.27848	0.01851	0.05949	0.01375	0.16401	0.04261	0.03721	0.14450	0.01749	0.05201	0.03300	0.00728	0.00658	0.00202	0.00809	0.00664	0.00431	0.04928
98	0.02417	0.01857	0.05197	0.01492	0.02029	0.01948	0.01272	0.65867	0.02925	0.06134	0.01564	0.01563	0.01102	0.00769	0.00645	0.00195	0.00717	0.00579	0.00634	0.01092
99	0.02293	0.01013	0.01331	0.01083	0.01466	0.00923	0.00870	0.05669	0.03244	0.48504	0.11707	0.03014	0.02370	0.08379	0.00936	0.00248	0.00534	0.04753	0.00726	0.00935
100	0.01288	0.01743	0.24212	0.05719	0.13592	0.01153	0.03818	0.03358	0.01443	0.05650	0.04064	0.11312	0.12377	0.04792	0.00817	0.00235	0.00696	0.02494	0.00430	0.00806
101	0.01412	0.04959	0.06440	0.44765	0.15160	0.05834	0.01735	0.01919	0.06269	0.01811	0.01236	0.01657	0.00959	0.00657	0.00665	0.00206	0.02627	0.00560	0.00319	0.00810
102	0.01349	0.03273	0.70673	0.01825	0.02761	0.01523	0.02335	0.05184	0.01440	0.02138	0.01177	0.01373	0.00831	0.00621	0.00615	0.00204	0.00944	0.00482	0.00290	0.00961
103	0.01099	0.00723	0.00818	0.00770	0.01017	0.00620	0.00597	0.01297	0.01566	0.12128	0.13013	0.05548	0.52028	0.01490	0.00754	0.00218	0.00370	0.04669	0.00640	0.00634

[dist]
# distance from previous block
# <min> <max>
0	8

[block]
# block no. 2 follows, 34 sequences, length 14
# corresponding to MSA columns:
# 523-536
name=unknown_C
#
# <colnr> <probs for GDERKNQSTAVLIFYWHMCP>
#	G	D	E	R	K	N	Q	S	T	A	V	L	I	F	Y	W	H	M	C	P
0	0.05562	0.01540	0.03818	0.09553	0.15090	0.04900	0.01393	0.18548	0.01840	0.17372	0.01551	0.01797	0.01163	0.00785	0.00825	0.00210	0.10285	0.02323	0.00499	0.00946
1	0.00868	0.00713	0.00835	0.00942	0.05997	0.00638	0.00621	0.01039	0.01414	0.01764	0.09458	0.09357	0.47830	0.11382	0.01091	0.00274	0.00410	0.04243	0.00560	0.00564
2	0.00885	0.00615	0.00709	0.00743	0.00777	0.00594	0.00450	0.00929	0.01069	0.01400	0.02904	0.20852	0.10995	0.51514	0.02439	0.00497	0.00535	0.01191	0.00463	0.00439
3	0.00998	0.00737	0.01013	0.00905	0.00970	0.00727	0.07397	0.01052	0.00998	0.01334	0.01963	0.03981	0.02213	0.69669	0.03038	0.00586	0.00672	0.00922	0.00385	0.00439
4	0.01566	0.03202	0.01587	0.01376	0.10676	0.01028	0.00959	0.03571	0.01449	0.09253	0.01300	0.01456	0.01030	0.00532	0.00519	0.00122	0.00534	0.00438	0.00420	0.58985
5	0.03698	0.35999	0.20822	0.01511	0.03955	0.07915	0.04649	0.03835	0.08449	0.01913	0.01187	0.01326	0.00956	0.00616	0.00530	0.00173	0.00794	0.00454	0.00333	0.00884
6	0.00963	0.00737	0.01009	0.00911	0.01011	0.00715	0.07113	0.01053	0.01088	0.01428	0.02664	0.06895	0.12514	0.52950	0.05846	0.00534	0.00668	0.01006	0.00421	0.00473
7	0.01808	0.26101	0.11196	0.01403	0.01899	0.22705	0.04131	0.09015	0.01672	0.01914	0.01789	0.01881	0.10406	0.00758	0.00571	0.00174	0.00830	0.00558	0.00374	0.00813
8	0.01034	0.00748	0.00904	0.00935	0.03364	0.00716	0.00651	0.02523	0.04337	0.04569	0.14773	0.09848	0.23335	0.19931	0.03326	0.00344	0.00497	0.07014	0.00561	0.00588
9	0.05203	0.17850	0.09850	0.06605	0.11267	0.04309	0.08243	0.03684	0.03168	0.08519	0.01359	0.01585	0.01060	0.00784	0.03219	0.00212	0.02355	0.00527	0.06003	0.04198
10	0.09655	0.05886	0.13289	0.05885	0.14141	0.11981	0.13974	0.07317	0.01595	0.03379	0.03953	0.03562	0.01199	0.00679	0.00625	0.00197	0.00849	0.00594	0.00375	0.00867
11	0.04506	0.04435	0.04503	0.01049	0.01263	0.04872	0.00825	0.04400	0.08277	0.08629	0.03968	0.08172	0.01618	0.01567	0.01521	0.38097	0.00591	0.00684	0.00430	0.00593
12	0.01269	0.01076	0.05186	0.06352	0.07004	0.01071	0.01051	0.08883	0.01398	0.04893	0.04728	0.07746	0.03380	0.10245	0.29198	0.00571	0.04035	0.00785	0.00428	0.00701
13	0.01817	0.04011	0.16352	0.05687	0.11128	0.18690	0.02547	0.04048	0.01602	0.12680	0.03450	0.07145	0.04530	0.00827	0.00677	0.00199	0.02653	0.00664	0.00432	0.00861

[dist]
# distance from previous block
# <min> <max>
0	41

# created by:
# /home/cegg/simao/soft/augustus-3.2.1/scripts/msa2prfl.pl ./align_prep/EOG090W0JN2.fa
