[name]
unknown

[dist]
# distance from previous block
# <min> <max>
0	44

[block]
# block no. 0 follows, 35 sequences, length 117
# corresponding to MSA columns:
# 47-82,85-165
name=unknown_A
#
# <colnr> <probs for GDERKNQSTAVLIFYWHMCP>
#	G	D	E	R	K	N	Q	S	T	A	V	L	I	F	Y	W	H	M	C	P
0	0.01022	0.00730	0.01022	0.01168	0.01314	0.00730	0.01022	0.01314	0.01460	0.01899	0.03359	0.07156	0.03651	0.01752	0.00876	0.00292	0.00584	0.69478	0.00584	0.00584
1	0.02846	0.01080	0.01472	0.01129	0.01619	0.00932	0.00932	0.03092	0.01816	0.74187	0.02503	0.02159	0.01570	0.00785	0.00638	0.00196	0.00540	0.00638	0.00785	0.01080
2	0.01543	0.01463	0.02225	0.03149	0.54184	0.06510	0.03775	0.01889	0.01447	0.02057	0.01382	0.04398	0.01189	0.00645	0.00610	0.00185	0.00716	0.00608	0.11117	0.00909
3	0.02412	0.01777	0.01904	0.01460	0.01967	0.01967	0.01206	0.71633	0.02983	0.03998	0.01523	0.01523	0.01079	0.00762	0.00635	0.00190	0.00698	0.00571	0.00635	0.01079
4	0.01600	0.01450	0.02283	0.20745	0.44684	0.01551	0.01767	0.11769	0.03919	0.02256	0.01269	0.01618	0.01007	0.00619	0.00631	0.00195	0.00760	0.00571	0.00362	0.00944
5	0.00918	0.00634	0.00790	0.00790	0.00824	0.00668	0.00507	0.00986	0.00952	0.01303	0.01909	0.03654	0.02090	0.55837	0.24802	0.00736	0.00940	0.00850	0.00371	0.00439
6	0.01293	0.06850	0.71027	0.01774	0.02692	0.01523	0.02284	0.02004	0.01337	0.01984	0.01126	0.01324	0.00804	0.00600	0.00593	0.00198	0.00925	0.00463	0.00268	0.00932
7	0.00906	0.00680	0.01020	0.01020	0.01133	0.00793	0.00793	0.01133	0.01020	0.01473	0.01699	0.02492	0.01586	0.04758	0.75191	0.01020	0.01699	0.00680	0.00340	0.00566
8	0.00898	0.00648	0.00848	0.00798	0.00948	0.00599	0.00599	0.01197	0.01796	0.02544	0.73413	0.04739	0.05986	0.01297	0.00748	0.00200	0.00299	0.01147	0.00698	0.00599
9	0.01473	0.01408	0.02400	0.22723	0.55676	0.01482	0.01899	0.01862	0.01399	0.01955	0.01176	0.01602	0.00963	0.00583	0.00630	0.00194	0.00778	0.00565	0.00306	0.00927
10	0.01920	0.10241	0.14974	0.01897	0.12122	0.19360	0.04038	0.18729	0.06564	0.02370	0.01273	0.01416	0.00982	0.00656	0.00594	0.00182	0.00853	0.00505	0.00403	0.00921
11	0.00920	0.00627	0.00751	0.00751	0.00771	0.00647	0.00458	0.00960	0.00940	0.01274	0.01945	0.03852	0.02176	0.64555	0.16202	0.00688	0.00810	0.00879	0.00376	0.00417
12	0.01272	0.03281	0.74418	0.01808	0.02746	0.01473	0.02344	0.02009	0.01339	0.02009	0.01138	0.01339	0.00804	0.00603	0.00603	0.00201	0.00938	0.00469	0.00268	0.00938
13	0.01368	0.01338	0.04389	0.09781	0.02239	0.01403	0.18190	0.07298	0.13081	0.02116	0.05848	0.13508	0.01904	0.02866	0.00964	0.00236	0.11379	0.00861	0.00450	0.00783
14	0.01616	0.40523	0.29694	0.01377	0.02063	0.01986	0.01549	0.06264	0.01433	0.04627	0.01085	0.01220	0.00859	0.00586	0.00505	0.00165	0.00766	0.00414	0.00315	0.02954
15	0.01670	0.59372	0.13849	0.01236	0.01818	0.06853	0.01280	0.02009	0.03917	0.01616	0.00988	0.01123	0.00853	0.00570	0.00455	0.00150	0.00740	0.00377	0.00288	0.00835
16	0.01639	0.01479	0.01909	0.13050	0.24919	0.06410	0.01414	0.14154	0.10811	0.02376	0.03750	0.01919	0.04020	0.00725	0.00655	0.00191	0.02325	0.00612	0.02234	0.05407
17	0.00944	0.00596	0.00653	0.00692	0.00827	0.00556	0.00499	0.01153	0.01343	0.01990	0.05819	0.24253	0.21663	0.01335	0.00636	0.00198	0.00323	0.01145	0.34820	0.00556
18	0.00801	0.00596	0.00851	0.00952	0.01012	0.00557	0.03292	0.00927	0.01225	0.01635	0.03412	0.74408	0.04072	0.01932	0.00807	0.00256	0.00395	0.01763	0.00579	0.00528
19	0.01317	0.01164	0.01534	0.03523	0.04457	0.00931	0.05798	0.01619	0.01328	0.02036	0.01219	0.03855	0.01048	0.00533	0.00512	0.00115	0.00531	0.00462	0.00374	0.67645
20	0.02370	0.03023	0.01798	0.01634	0.01961	0.75158	0.01226	0.02533	0.01798	0.01553	0.00981	0.01144	0.00817	0.00654	0.00572	0.00163	0.01144	0.00409	0.00327	0.00735
21	0.01348	0.00881	0.00936	0.00856	0.01084	0.00940	0.00660	0.08436	0.17379	0.02606	0.11648	0.02603	0.02225	0.00843	0.00547	0.00174	0.00380	0.00692	0.45033	0.00730
22	0.01102	0.00551	0.00826	0.00826	0.00826	0.00551	0.00551	0.00826	0.00826	0.01102	0.01102	0.01928	0.01102	0.02204	0.02479	0.81543	0.00551	0.00551	0.00275	0.00275
23	0.00759	0.00645	0.00655	0.00660	0.00872	0.00542	0.00499	0.00923	0.01446	0.01720	0.06327	0.06139	0.71234	0.01611	0.00754	0.00217	0.00330	0.03540	0.00589	0.00537
24	0.00888	0.00648	0.00834	0.00788	0.00942	0.00594	0.00591	0.01178	0.01773	0.02489	0.68995	0.04829	0.10438	0.01317	0.00748	0.00200	0.00301	0.01160	0.00691	0.00594
25	0.00862	0.00647	0.00798	0.00760	0.00925	0.00583	0.00570	0.01127	0.01710	0.02340	0.56990	0.05074	0.22536	0.01373	0.00749	0.00203	0.00305	0.01194	0.00672	0.00583
26	0.01198	0.01128	0.01903	0.76180	0.04369	0.01409	0.01762	0.01621	0.01268	0.01621	0.01128	0.01691	0.00846	0.00634	0.00634	0.00211	0.00846	0.00564	0.00282	0.00705
27	0.00788	0.00622	0.00711	0.00736	0.00892	0.00544	0.00534	0.00966	0.01465	0.01872	0.20354	0.23342	0.41658	0.01633	0.00764	0.00222	0.00328	0.01411	0.00613	0.00544
28	0.01696	0.78087	0.03324	0.01085	0.01628	0.02510	0.01085	0.01900	0.01289	0.01493	0.00882	0.01018	0.00814	0.00543	0.00407	0.00136	0.00678	0.00339	0.00271	0.00814
29	0.82186	0.01227	0.00932	0.00834	0.01227	0.01423	0.00687	0.01865	0.01080	0.02846	0.00883	0.01031	0.00687	0.00589	0.00393	0.00196	0.00491	0.00344	0.00393	0.00687
30	0.01425	0.01359	0.02313	0.32091	0.46685	0.01469	0.01875	0.01820	0.01376	0.01896	0.01168	0.01617	0.00943	0.00592	0.00630	0.00197	0.00790	0.00565	0.00301	0.00888
31	0.35915	0.03932	0.01376	0.01299	0.07378	0.19424	0.00937	0.04293	0.01431	0.07017	0.01204	0.01355	0.00934	0.00638	0.00486	0.00180	0.00664	0.00434	0.10347	0.00755
32	0.00923	0.00615	0.00692	0.00692	0.00692	0.00615	0.00384	0.00923	0.00923	0.01230	0.01999	0.04151	0.02306	0.77705	0.03229	0.00615	0.00615	0.00923	0.00384	0.00384
33	0.01682	0.01493	0.01899	0.01585	0.01748	0.01926	0.01313	0.20935	0.06180	0.02280	0.01136	0.01489	0.00972	0.00998	0.01590	0.00250	0.50734	0.00570	0.00400	0.00820
34	0.01499	0.01443	0.02487	0.17191	0.58793	0.01492	0.04041	0.01889	0.01414	0.01988	0.01184	0.01597	0.00974	0.00577	0.00633	0.00193	0.00780	0.00571	0.00308	0.00945
35	0.00923	0.00615	0.00692	0.00692	0.00692	0.00615	0.00384	0.00923	0.00923	0.01230	0.01999	0.04151	0.02306	0.77705	0.03229	0.00615	0.00615	0.00923	0.00384	0.00384
36	0.02150	0.01283	0.01447	0.01167	0.01574	0.01347	0.00945	0.28340	0.12989	0.22409	0.02061	0.01996	0.01455	0.00779	0.00598	0.00187	0.00543	0.00616	0.17145	0.00968
37	0.01676	0.43353	0.15008	0.01633	0.11450	0.06932	0.01414	0.02090	0.05824	0.03678	0.01123	0.01269	0.00928	0.00590	0.00502	0.00162	0.00749	0.00428	0.00317	0.00874
38	0.01684	0.10615	0.01770	0.04920	0.17110	0.03653	0.01115	0.03583	0.04943	0.18046	0.15482	0.02740	0.09924	0.00884	0.00638	0.00190	0.00570	0.00748	0.00536	0.00851
39	0.01367	0.01357	0.01903	0.01637	0.01642	0.01893	0.01362	0.01509	0.00974	0.01524	0.00871	0.01436	0.00866	0.01270	0.05279	0.00310	0.73271	0.00561	0.00280	0.00688
40	0.15872	0.09988	0.04113	0.01905	0.11284	0.23059	0.13572	0.06691	0.01559	0.02094	0.01068	0.01304	0.00861	0.00621	0.00620	0.00185	0.03552	0.00487	0.00347	0.00817
41	0.00916	0.00620	0.00728	0.00734	0.00747	0.00630	0.00435	0.00944	0.00943	0.01270	0.02020	0.06563	0.02297	0.67259	0.10805	0.00645	0.00722	0.00928	0.00387	0.00408
42	0.01532	0.04397	0.22180	0.04487	0.14120	0.01336	0.01496	0.06893	0.10334	0.09700	0.08347	0.05070	0.05699	0.00828	0.00642	0.00200	0.00670	0.00699	0.00470	0.00900
43	0.01570	0.01507	0.02575	0.03894	0.73748	0.01507	0.01947	0.01947	0.01444	0.02073	0.01193	0.01570	0.01005	0.00565	0.00628	0.00188	0.00754	0.00565	0.00314	0.01005
44	0.01315	0.01128	0.01315	0.00940	0.01503	0.00846	0.00752	0.01597	0.01315	0.02067	0.01128	0.01315	0.00940	0.00470	0.00470	0.00094	0.00470	0.00376	0.00376	0.81583
45	0.02370	0.03023	0.01798	0.01634	0.01961	0.75158	0.01226	0.02533	0.01798	0.01553	0.00981	0.01144	0.00817	0.00654	0.00572	0.00163	0.01144	0.00409	0.00327	0.00735
46	0.01696	0.78087	0.03324	0.01085	0.01628	0.02510	0.01085	0.01900	0.01289	0.01493	0.00882	0.01018	0.00814	0.00543	0.00407	0.00136	0.00678	0.00339	0.00271	0.00814
47	0.01279	0.01398	0.14068	0.01259	0.05132	0.05466	0.01075	0.05837	0.01608	0.06593	0.19693	0.15792	0.11313	0.01180	0.00699	0.00208	0.00555	0.03417	0.00538	0.02891
48	0.01661	0.06060	0.01924	0.48091	0.05218	0.07484	0.01518	0.04124	0.01466	0.14433	0.01356	0.01679	0.00980	0.00659	0.00616	0.00199	0.00799	0.00550	0.00385	0.00799
49	0.23014	0.01117	0.01335	0.01054	0.01520	0.01057	0.00870	0.02780	0.01629	0.56053	0.02091	0.01872	0.01346	0.00735	0.00576	0.00196	0.00527	0.00563	0.00685	0.00980
50	0.00772	0.00555	0.00733	0.00876	0.00918	0.00516	0.00586	0.00884	0.01222	0.01622	0.03585	0.75150	0.06280	0.01976	0.00808	0.00256	0.00367	0.01789	0.00589	0.00516
51	0.01800	0.08451	0.15619	0.08943	0.09045	0.24929	0.07907	0.05222	0.04157	0.04090	0.01195	0.01426	0.00931	0.00672	0.00650	0.02360	0.00920	0.00504	0.00343	0.00835
52	0.00785	0.00562	0.00747	0.00875	0.00923	0.00524	0.00590	0.00914	0.01272	0.01711	0.10437	0.70089	0.04373	0.01919	0.00804	0.00252	0.00361	0.01738	0.00600	0.00524
53	0.01022	0.00730	0.01022	0.01168	0.01314	0.00730	0.01022	0.01314	0.01460	0.01899	0.03359	0.07156	0.03651	0.01752	0.00876	0.00292	0.00584	0.69478	0.00584	0.00584
54	0.02290	0.02722	0.01770	0.01580	0.01929	0.59982	0.01200	0.09555	0.09455	0.01915	0.01206	0.01312	0.00963	0.00687	0.00586	0.00172	0.01031	0.00458	0.00392	0.00799
55	0.01465	0.01092	0.01612	0.32093	0.09136	0.03055	0.01307	0.03517	0.01367	0.12974	0.01705	0.09950	0.01496	0.06302	0.07633	0.00312	0.03083	0.00737	0.00418	0.00747
56	0.02718	0.01092	0.01445	0.01116	0.01587	0.00975	0.00919	0.07168	0.01857	0.65514	0.02417	0.02133	0.01544	0.00781	0.00626	0.00193	0.00534	0.00631	0.05702	0.01050
57	0.10043	0.01093	0.01423	0.01102	0.01584	0.00977	0.00910	0.02980	0.01749	0.67716	0.02356	0.02057	0.01490	0.00767	0.00616	0.00196	0.00535	0.00611	0.00750	0.01044
58	0.01389	0.01053	0.03090	0.01262	0.06389	0.01018	0.02707	0.07978	0.11814	0.09613	0.14912	0.03741	0.14343	0.06386	0.05116	0.00285	0.00585	0.06978	0.00578	0.00764
59	0.01681	0.01198	0.01357	0.03938	0.03726	0.03551	0.00953	0.06891	0.29291	0.13002	0.10544	0.02438	0.02114	0.00863	0.00677	0.00199	0.03406	0.00702	0.12591	0.00880
60	0.00898	0.00648	0.00848	0.00798	0.00948	0.00599	0.00599	0.01197	0.01796	0.02544	0.73413	0.04739	0.05986	0.01297	0.00748	0.00200	0.00299	0.01147	0.00698	0.00599
61	0.00972	0.00693	0.00957	0.01098	0.01219	0.00686	0.00919	0.01219	0.01396	0.01823	0.03339	0.20348	0.03709	0.04363	0.00943	0.00296	0.00544	0.54335	0.00578	0.00564
62	0.01518	0.12869	0.24985	0.09327	0.10206	0.08761	0.19599	0.02006	0.01421	0.01868	0.01129	0.01429	0.00872	0.00581	0.00615	0.00191	0.00927	0.00536	0.00294	0.00864
63	0.01363	0.19310	0.59185	0.01653	0.02506	0.01695	0.02074	0.01986	0.01329	0.01898	0.01083	0.01270	0.00806	0.00590	0.00561	0.00187	0.00882	0.00441	0.00269	0.00911
64	0.00921	0.00621	0.00720	0.00720	0.00729	0.00630	0.00419	0.00940	0.00931	0.01251	0.01973	0.04011	0.02245	0.71512	0.09338	0.00649	0.00707	0.00902	0.00381	0.00400
65	0.01621	0.01661	0.02051	0.32326	0.23731	0.16398	0.01629	0.06104	0.01532	0.01900	0.01141	0.01519	0.00904	0.00619	0.00613	0.00189	0.00854	0.00525	0.00326	0.04358
66	0.01503	0.44069	0.35654	0.01414	0.02136	0.02039	0.01658	0.01949	0.01312	0.01727	0.00999	0.01164	0.00809	0.00570	0.00496	0.00165	0.00796	0.00398	0.00270	0.00870
67	0.00775	0.00638	0.00681	0.00683	0.00875	0.00544	0.00507	0.00954	0.01486	0.01838	0.16761	0.10481	0.58417	0.01583	0.00753	0.00215	0.00321	0.01339	0.00606	0.00544
68	0.01207	0.00910	0.01043	0.01038	0.04775	0.03436	0.00732	0.09671	0.01725	0.04923	0.27598	0.12525	0.18316	0.03850	0.00793	0.00217	0.00432	0.01082	0.05060	0.00668
69	0.00790	0.00594	0.00712	0.00797	0.00906	0.00535	0.00562	0.00936	0.01328	0.01717	0.07007	0.45339	0.28296	0.01784	0.00778	0.00238	0.00354	0.03767	0.03029	0.00530
70	0.16753	0.01203	0.01417	0.01113	0.01577	0.01177	0.00917	0.14014	0.01860	0.47678	0.02042	0.01863	0.01336	0.00745	0.00587	0.00194	0.00549	0.00573	0.03409	0.00994
71	0.00912	0.00659	0.00913	0.00913	0.00989	0.00735	0.00660	0.01064	0.00988	0.01394	0.01797	0.03033	0.01821	0.28544	0.51726	0.00888	0.01346	0.00759	0.00354	0.00507
72	0.82186	0.01227	0.00932	0.00834	0.01227	0.01423	0.00687	0.01865	0.01080	0.02846	0.00883	0.01031	0.00687	0.00589	0.00393	0.00196	0.00491	0.00344	0.00393	0.00687
73	0.01512	0.01769	0.05298	0.02550	0.03144	0.03970	0.62663	0.02013	0.01467	0.01981	0.01239	0.01662	0.00945	0.00580	0.00832	0.00216	0.06282	0.00718	0.00317	0.00843
74	0.02412	0.01777	0.01904	0.01460	0.01967	0.01967	0.01206	0.71633	0.02983	0.03998	0.01523	0.01523	0.01079	0.00762	0.00635	0.00190	0.00698	0.00571	0.00635	0.01079
75	0.01696	0.78087	0.03324	0.01085	0.01628	0.02510	0.01085	0.01900	0.01289	0.01493	0.00882	0.01018	0.00814	0.00543	0.00407	0.00136	0.00678	0.00339	0.00271	0.00814
76	0.01272	0.03281	0.74418	0.01808	0.02746	0.01473	0.02344	0.02009	0.01339	0.02009	0.01138	0.01339	0.00804	0.00603	0.00603	0.00201	0.00938	0.00469	0.00268	0.00938
77	0.00907	0.00677	0.01008	0.01008	0.01117	0.00787	0.00779	0.01125	0.01016	0.01464	0.01710	0.02551	0.01611	0.07340	0.72644	0.01005	0.01661	0.00688	0.00341	0.00560
78	0.02412	0.01777	0.01904	0.01460	0.01967	0.01967	0.01206	0.71633	0.02983	0.03998	0.01523	0.01523	0.01079	0.00762	0.00635	0.00190	0.00698	0.00571	0.00635	0.01079
79	0.00923	0.00615	0.00692	0.00692	0.00692	0.00615	0.00384	0.00923	0.00923	0.01230	0.01999	0.04151	0.02306	0.77705	0.03229	0.00615	0.00615	0.00923	0.00384	0.00384
80	0.00875	0.00648	0.00816	0.00774	0.00933	0.00589	0.00580	0.01152	0.01741	0.02414	0.62905	0.04953	0.16575	0.01346	0.00748	0.00202	0.00303	0.01177	0.00681	0.00589
81	0.00891	0.00605	0.00698	0.00723	0.00736	0.00595	0.00423	0.00915	0.00989	0.01312	0.02396	0.16731	0.04900	0.62320	0.02736	0.00541	0.00563	0.01087	0.00426	0.00412
82	0.01311	0.01245	0.02096	0.52972	0.24115	0.01456	0.01802	0.01711	0.01309	0.01747	0.01136	0.01646	0.00891	0.00631	0.00682	0.00207	0.03398	0.00564	0.00291	0.00790
83	0.01518	0.01454	0.02481	0.13995	0.64053	0.01494	0.01921	0.01901	0.01420	0.02009	0.01184	0.01587	0.00983	0.00575	0.00629	0.00192	0.00767	0.00565	0.00310	0.00963
84	0.01708	0.52544	0.12946	0.01292	0.01831	0.09514	0.01299	0.04329	0.01383	0.01658	0.00946	0.01117	0.00823	0.00607	0.00569	0.00159	0.05776	0.00386	0.00289	0.00825
85	0.01798	0.01339	0.01447	0.01251	0.01630	0.01498	0.00987	0.12368	0.51190	0.10379	0.02399	0.02232	0.01763	0.00832	0.00630	0.00206	0.00519	0.00681	0.05855	0.00995
86	0.01915	0.04812	0.08966	0.03426	0.02151	0.20418	0.11197	0.13825	0.13776	0.06346	0.01585	0.01797	0.01220	0.00724	0.00628	0.00193	0.00835	0.02718	0.02580	0.00886
87	0.00983	0.00645	0.00839	0.00877	0.00994	0.00602	0.00626	0.01152	0.01412	0.07808	0.19285	0.45951	0.11357	0.01676	0.00804	0.00236	0.02058	0.01486	0.00623	0.00586
88	0.00940	0.00704	0.00982	0.00965	0.01040	0.00811	0.00713	0.01097	0.00989	0.01407	0.01732	0.02897	0.01745	0.25235	0.50402	0.00860	0.05869	0.00741	0.00349	0.00522
89	0.01966	0.02305	0.04440	0.04739	0.29454	0.37289	0.04098	0.04756	0.01665	0.01873	0.01102	0.01363	0.00904	0.00617	0.00605	0.00178	0.00961	0.00493	0.00330	0.00860
90	0.01198	0.01128	0.01903	0.76180	0.04369	0.01409	0.01762	0.01621	0.01268	0.01621	0.01128	0.01691	0.00846	0.00634	0.00634	0.00211	0.00846	0.00564	0.00282	0.00705
91	0.01198	0.01128	0.01903	0.76180	0.04369	0.01409	0.01762	0.01621	0.01268	0.01621	0.01128	0.01691	0.00846	0.00634	0.00634	0.00211	0.00846	0.00564	0.00282	0.00705
92	0.10644	0.01293	0.03702	0.11637	0.04312	0.01275	0.01123	0.15646	0.03736	0.32248	0.03489	0.02042	0.04487	0.00775	0.00617	0.00199	0.00610	0.00620	0.00601	0.00944
93	0.02095	0.09597	0.06867	0.01309	0.01807	0.01502	0.04175	0.25044	0.05922	0.21864	0.05522	0.02031	0.03620	0.02485	0.00677	0.00197	0.00636	0.00627	0.00586	0.03437
94	0.01570	0.01507	0.02575	0.03894	0.73748	0.01507	0.01947	0.01947	0.01444	0.02073	0.01193	0.01570	0.01005	0.00565	0.00628	0.00188	0.00754	0.00565	0.00314	0.01005
95	0.00777	0.00575	0.00728	0.00848	0.00922	0.00526	0.00584	0.00903	0.01266	0.01647	0.04038	0.61627	0.17099	0.01908	0.00801	0.00251	0.00367	0.04022	0.00589	0.00521
96	0.00927	0.00678	0.00896	0.00993	0.01113	0.00662	0.00779	0.01216	0.04536	0.01926	0.14509	0.31615	0.06802	0.01720	0.00817	0.00259	0.00448	0.28917	0.00607	0.00578
97	0.01944	0.01545	0.01641	0.01365	0.01789	0.01749	0.01093	0.33351	0.42026	0.03244	0.02117	0.01996	0.01560	0.00817	0.00641	0.00204	0.00588	0.00653	0.00641	0.01037
98	0.01382	0.01420	0.01236	0.01186	0.01383	0.22806	0.00897	0.01726	0.07947	0.01702	0.06864	0.09776	0.04162	0.02573	0.31410	0.00535	0.01153	0.00767	0.00421	0.00653
99	0.00865	0.00638	0.00792	0.00769	0.00922	0.00579	0.00571	0.01122	0.01667	0.02299	0.52615	0.10899	0.19099	0.01401	0.00746	0.00206	0.00309	0.01225	0.02696	0.00579
100	0.05233	0.02277	0.01634	0.01449	0.01806	0.42630	0.01112	0.07855	0.18575	0.06969	0.01526	0.01556	0.01167	0.00719	0.00588	0.00181	0.00872	0.00511	0.02496	0.00842
101	0.02412	0.01777	0.01904	0.01460	0.01967	0.01967	0.01206	0.71633	0.02983	0.03998	0.01523	0.01523	0.01079	0.00762	0.00635	0.00190	0.00698	0.00571	0.00635	0.01079
102	0.00968	0.00701	0.01000	0.01265	0.09922	0.00663	0.00781	0.01125	0.01284	0.04860	0.03262	0.60234	0.05944	0.01740	0.00780	0.00246	0.00428	0.03630	0.00564	0.00603
103	0.00923	0.00615	0.00692	0.00692	0.00692	0.00615	0.00384	0.00923	0.00923	0.01230	0.01999	0.04151	0.02306	0.77705	0.03229	0.00615	0.00615	0.00923	0.00384	0.00384
104	0.02189	0.01458	0.01625	0.01319	0.01766	0.01581	0.01066	0.29704	0.29554	0.19471	0.02154	0.01993	0.01521	0.00805	0.00640	0.00201	0.00586	0.00643	0.00673	0.01050
105	0.02380	0.01721	0.01857	0.01435	0.01933	0.01898	0.01182	0.64500	0.07149	0.06986	0.01630	0.01602	0.01152	0.00769	0.00635	0.00192	0.00679	0.00583	0.00642	0.01074
106	0.02477	0.01548	0.01717	0.01330	0.01806	0.03555	0.01088	0.45908	0.02507	0.25092	0.01826	0.01821	0.01275	0.04131	0.00747	0.00210	0.00658	0.00602	0.00661	0.01040
107	0.00908	0.00671	0.00977	0.00977	0.01075	0.00770	0.00739	0.01105	0.01007	0.01441	0.01739	0.02710	0.01680	0.14321	0.65757	0.00967	0.01557	0.00712	0.00346	0.00543
108	0.00886	0.00651	0.00831	0.00794	0.00951	0.00596	0.00601	0.01169	0.01744	0.02427	0.63294	0.04981	0.13537	0.01348	0.00753	0.00205	0.00312	0.03648	0.00682	0.00591
109	0.00949	0.00678	0.00867	0.00877	0.00945	0.00726	0.00612	0.01133	0.04142	0.01442	0.02069	0.05931	0.02197	0.40396	0.28275	0.00705	0.00983	0.06178	0.00402	0.00495
110	0.01331	0.01297	0.01431	0.01284	0.01423	0.13889	0.04590	0.03578	0.01217	0.01559	0.01512	0.05577	0.01514	0.17870	0.23182	0.00537	0.16538	0.00707	0.00353	0.00612
111	0.01102	0.00551	0.00826	0.00826	0.00826	0.00551	0.00551	0.00826	0.00826	0.01102	0.01102	0.01928	0.01102	0.02204	0.02479	0.81543	0.00551	0.00551	0.00275	0.00275
112	0.06543	0.01602	0.03840	0.06839	0.15268	0.12443	0.01196	0.05444	0.05458	0.02135	0.01204	0.01415	0.00970	0.00574	0.00543	0.00151	0.00679	0.00459	0.00376	0.32860
113	0.03540	0.06624	0.10120	0.14323	0.18467	0.05890	0.14672	0.04020	0.04156	0.01975	0.01392	0.04520	0.01183	0.00821	0.02971	0.00227	0.00857	0.03053	0.00348	0.00840
114	0.00938	0.00724	0.03481	0.00845	0.00941	0.00678	0.00617	0.01006	0.01018	0.01371	0.02304	0.03441	0.11082	0.30839	0.23938	0.14218	0.00898	0.00826	0.00375	0.00460
115	0.00934	0.00626	0.00736	0.00764	0.00789	0.00624	0.00482	0.00986	0.01020	0.01368	0.02265	0.08553	0.02574	0.61525	0.02714	0.00541	0.00590	0.10107	0.02379	0.00423
116	0.21676	0.04381	0.08523	0.09972	0.16050	0.05128	0.09287	0.04382	0.01408	0.04030	0.03270	0.01492	0.01029	0.00610	0.00564	0.00188	0.00727	0.00512	0.00365	0.06408

[dist]
# distance from previous block
# <min> <max>
0	3

[block]
# block no. 1 follows, 35 sequences, length 48
# corresponding to MSA columns:
# 169-216
name=unknown_B
#
# <colnr> <probs for GDERKNQSTAVLIFYWHMCP>
#	G	D	E	R	K	N	Q	S	T	A	V	L	I	F	Y	W	H	M	C	P
0	0.01212	0.01529	0.15894	0.12847	0.13852	0.01200	0.10455	0.01705	0.04968	0.02029	0.13571	0.09500	0.06691	0.00912	0.00685	0.00209	0.00693	0.00837	0.00424	0.00787
1	0.01565	0.03566	0.17960	0.07996	0.24686	0.01406	0.05092	0.06646	0.03197	0.06444	0.01295	0.01531	0.00992	0.00594	0.00598	0.00178	0.00744	0.00524	0.00369	0.14615
2	0.00785	0.00568	0.00745	0.00883	0.00937	0.00528	0.00605	0.00909	0.01243	0.01641	0.03685	0.68697	0.08805	0.01949	0.00809	0.00257	0.00377	0.05467	0.00589	0.00520
3	0.01457	0.01332	0.02127	0.08313	0.22162	0.03269	0.13316	0.05475	0.06211	0.04235	0.01688	0.10001	0.01533	0.01206	0.07454	0.00287	0.05668	0.03032	0.00405	0.00829
4	0.00960	0.00723	0.01034	0.01024	0.01155	0.00839	0.00796	0.01294	0.05821	0.01580	0.01770	0.02480	0.01611	0.04370	0.67848	0.00938	0.01575	0.00679	0.02906	0.00596
5	0.01484	0.01122	0.01333	0.00960	0.01516	0.00855	0.00772	0.01762	0.01371	0.10023	0.01279	0.01409	0.01009	0.00505	0.00488	0.00105	0.00478	0.00405	0.00421	0.72703
6	0.01315	0.01128	0.01315	0.00940	0.01503	0.00846	0.00752	0.01597	0.01315	0.02067	0.01128	0.01315	0.00940	0.00470	0.00470	0.00094	0.00470	0.00376	0.00376	0.81583
7	0.01863	0.01197	0.01326	0.01090	0.01448	0.01258	0.00875	0.28373	0.09464	0.12963	0.09164	0.02498	0.06676	0.00879	0.00614	0.00187	0.00505	0.00707	0.18029	0.00883
8	0.00923	0.00615	0.00692	0.00692	0.00692	0.00615	0.00384	0.00923	0.00923	0.01230	0.01999	0.04151	0.02306	0.77705	0.03229	0.00615	0.00615	0.00923	0.00384	0.00384
9	0.01696	0.78087	0.03324	0.01085	0.01628	0.02510	0.01085	0.01900	0.01289	0.01493	0.00882	0.01018	0.00814	0.00543	0.00407	0.00136	0.00678	0.00339	0.00271	0.00814
10	0.34591	0.01233	0.01314	0.01055	0.01509	0.01269	0.00871	0.11874	0.01679	0.36093	0.01721	0.01621	0.01150	0.00703	0.00539	0.00195	0.00542	0.00511	0.00607	0.00922
11	0.01198	0.01128	0.01903	0.76180	0.04369	0.01409	0.01762	0.01621	0.01268	0.01621	0.01128	0.01691	0.00846	0.00634	0.00634	0.00211	0.00846	0.00564	0.00282	0.00705
12	0.01060	0.00691	0.00843	0.00784	0.00991	0.00611	0.00595	0.01299	0.01657	0.10248	0.39863	0.07472	0.28759	0.01371	0.00739	0.00206	0.00336	0.01180	0.00666	0.00628
13	0.00867	0.00647	0.00805	0.00766	0.00929	0.00585	0.00574	0.01138	0.01723	0.02371	0.59496	0.05023	0.20011	0.01361	0.00749	0.00203	0.00304	0.01187	0.00676	0.00585
14	0.00834	0.00586	0.00758	0.00886	0.00945	0.00561	0.00607	0.01015	0.03438	0.01711	0.03368	0.67479	0.03935	0.01861	0.00782	0.00250	0.00375	0.04082	0.05989	0.00538
15	0.00906	0.00680	0.01020	0.01020	0.01133	0.00793	0.00793	0.01133	0.01020	0.01473	0.01699	0.02492	0.01586	0.04758	0.75191	0.01020	0.01699	0.00680	0.00340	0.00566
16	0.01315	0.01128	0.01315	0.00940	0.01503	0.00846	0.00752	0.01597	0.01315	0.02067	0.01128	0.01315	0.00940	0.00470	0.00470	0.00094	0.00470	0.00376	0.00376	0.81583
17	0.01930	0.01582	0.01608	0.01351	0.01760	0.05327	0.01076	0.29914	0.39643	0.03115	0.02073	0.01977	0.01537	0.00808	0.00631	0.00201	0.00604	0.00641	0.03216	0.01007
18	0.01626	0.56100	0.15848	0.01290	0.01884	0.05934	0.03776	0.01936	0.01345	0.01636	0.02978	0.01210	0.00962	0.00580	0.00472	0.00153	0.00751	0.00403	0.00287	0.00828
19	0.01515	0.06020	0.26916	0.02560	0.24295	0.06499	0.16596	0.02070	0.03795	0.01999	0.01210	0.01493	0.00937	0.00586	0.00631	0.00195	0.00896	0.00555	0.00310	0.00923
20	0.02331	0.02942	0.01780	0.01617	0.01946	0.71529	0.01215	0.02575	0.05290	0.01607	0.01060	0.01204	0.00872	0.00664	0.00576	0.00166	0.01112	0.00424	0.00343	0.00749
21	0.00772	0.00556	0.00732	0.00873	0.00917	0.00516	0.00584	0.00884	0.01224	0.01623	0.03619	0.74320	0.07088	0.01972	0.00807	0.00256	0.00366	0.01784	0.00589	0.00516
22	0.01152	0.01077	0.01754	0.61041	0.07685	0.01286	0.01583	0.01534	0.01304	0.01660	0.01913	0.02336	0.11572	0.00774	0.00651	0.00211	0.00763	0.00678	0.00329	0.00696
23	0.01696	0.78087	0.03324	0.01085	0.01628	0.02510	0.01085	0.01900	0.01289	0.01493	0.00882	0.01018	0.00814	0.00543	0.00407	0.00136	0.00678	0.00339	0.00271	0.00814
24	0.00906	0.00680	0.01020	0.01020	0.01133	0.00793	0.00793	0.01133	0.01020	0.01473	0.01699	0.02492	0.01586	0.04758	0.75191	0.01020	0.01699	0.00680	0.00340	0.00566
25	0.00828	0.00596	0.00797	0.00938	0.01007	0.00565	0.00682	0.00982	0.01280	0.01686	0.03588	0.58466	0.06965	0.01918	0.00822	0.00264	0.00415	0.17081	0.00588	0.00532
26	0.05183	0.01636	0.01889	0.01744	0.12470	0.04125	0.01249	0.44537	0.02444	0.15938	0.01606	0.01612	0.01132	0.00727	0.00624	0.00190	0.00686	0.00569	0.00595	0.01043
27	0.01102	0.00551	0.00826	0.00826	0.00826	0.00551	0.00551	0.00826	0.00826	0.01102	0.01102	0.01928	0.01102	0.02204	0.02479	0.81543	0.00551	0.00551	0.00275	0.00275
28	0.01198	0.01128	0.01903	0.76180	0.04369	0.01409	0.01762	0.01621	0.01268	0.01621	0.01128	0.01691	0.00846	0.00634	0.00634	0.00211	0.00846	0.00564	0.00282	0.00705
29	0.01497	0.01711	0.03743	0.02674	0.03316	0.01604	0.71444	0.02032	0.01497	0.02032	0.01283	0.01711	0.00963	0.00535	0.00749	0.00214	0.01070	0.00749	0.00321	0.00856
30	0.02761	0.01099	0.01470	0.01140	0.01621	0.00976	0.00937	0.03110	0.06555	0.69398	0.02508	0.02173	0.01595	0.00790	0.00638	0.00198	0.00537	0.00643	0.00776	0.01075
31	0.01696	0.78087	0.03324	0.01085	0.01628	0.02510	0.01085	0.01900	0.01289	0.01493	0.00882	0.01018	0.00814	0.00543	0.00407	0.00136	0.00678	0.00339	0.00271	0.00814
32	0.01148	0.00746	0.00929	0.00852	0.01049	0.00719	0.00649	0.01587	0.08574	0.08292	0.53830	0.04068	0.04809	0.01159	0.00699	0.00196	0.00338	0.01010	0.08670	0.00676
33	0.01388	0.01388	0.01943	0.01666	0.01666	0.01943	0.01388	0.01527	0.00972	0.01527	0.00833	0.01388	0.00833	0.01110	0.02082	0.00278	0.76544	0.00555	0.00278	0.00694
34	0.00822	0.00646	0.00743	0.00719	0.00901	0.00566	0.00539	0.01051	0.01617	0.02121	0.39251	0.05436	0.40412	0.01455	0.00749	0.00207	0.00311	0.01245	0.00643	0.00566
35	0.02370	0.03023	0.01798	0.01634	0.01961	0.75158	0.01226	0.02533	0.01798	0.01553	0.00981	0.01144	0.00817	0.00654	0.00572	0.00163	0.01144	0.00409	0.00327	0.00735
36	0.02370	0.03023	0.01798	0.01634	0.01961	0.75158	0.01226	0.02533	0.01798	0.01553	0.00981	0.01144	0.00817	0.00654	0.00572	0.00163	0.01144	0.00409	0.00327	0.00735
37	0.00773	0.00552	0.00736	0.00883	0.00920	0.00515	0.00589	0.00883	0.01215	0.01619	0.03497	0.77291	0.04196	0.01987	0.00810	0.00258	0.00368	0.01803	0.00589	0.00515
38	0.00906	0.00680	0.01020	0.01020	0.01133	0.00793	0.00793	0.01133	0.01020	0.01473	0.01699	0.02492	0.01586	0.04758	0.75191	0.01020	0.01699	0.00680	0.00340	0.00566
39	0.02370	0.03023	0.01798	0.01634	0.01961	0.75158	0.01226	0.02533	0.01798	0.01553	0.00981	0.01144	0.00817	0.00654	0.00572	0.00163	0.01144	0.00409	0.00327	0.00735
40	0.01578	0.01363	0.01434	0.01291	0.01650	0.01578	0.01004	0.03371	0.72602	0.02654	0.02582	0.02367	0.01937	0.00861	0.00646	0.00215	0.00502	0.00717	0.00646	0.01004
41	0.01701	0.01051	0.01159	0.01019	0.01333	0.01121	0.00799	0.04748	0.32101	0.15972	0.02354	0.02301	0.01732	0.00801	0.00573	0.00187	0.00442	0.00654	0.29077	0.00875
42	0.00923	0.00615	0.00692	0.00692	0.00692	0.00615	0.00384	0.00923	0.00923	0.01230	0.01999	0.04151	0.02306	0.77705	0.03229	0.00615	0.00615	0.00923	0.00384	0.00384
43	0.01102	0.00551	0.00826	0.00826	0.00826	0.00551	0.00551	0.00826	0.00826	0.01102	0.01102	0.01928	0.01102	0.02204	0.02479	0.81543	0.00551	0.00551	0.00275	0.00275
44	0.08329	0.01988	0.01698	0.01606	0.07709	0.27748	0.01169	0.15724	0.14023	0.08928	0.01584	0.01742	0.01226	0.00746	0.00603	0.00189	0.00794	0.02811	0.00494	0.00891
45	0.00773	0.00552	0.00736	0.00883	0.00920	0.00515	0.00589	0.00883	0.01215	0.01619	0.03497	0.77291	0.04196	0.01987	0.00810	0.00258	0.00368	0.01803	0.00589	0.00515
46	0.00881	0.00648	0.00825	0.00780	0.00937	0.00591	0.00585	0.01165	0.01756	0.02450	0.65792	0.04894	0.13666	0.01332	0.00748	0.00201	0.00302	0.01169	0.00686	0.00591
47	0.01147	0.00882	0.01132	0.01109	0.01268	0.05063	0.06002	0.01416	0.06099	0.07739	0.03040	0.55917	0.03387	0.01625	0.00766	0.00241	0.00489	0.01473	0.00574	0.00633

[dist]
# distance from previous block
# <min> <max>
0	1

[block]
# block no. 2 follows, 35 sequences, length 6
# corresponding to MSA columns:
# 218-223
name=unknown_C
#
# <colnr> <probs for GDERKNQSTAVLIFYWHMCP>
#	G	D	E	R	K	N	Q	S	T	A	V	L	I	F	Y	W	H	M	C	P
0	0.22828	0.01446	0.02070	0.02626	0.39840	0.01503	0.04899	0.09044	0.01529	0.06671	0.01226	0.01465	0.00960	0.00603	0.00574	0.00192	0.00682	0.00521	0.00395	0.00926
1	0.40437	0.01656	0.01722	0.01810	0.16537	0.14667	0.07354	0.02001	0.01316	0.02323	0.00998	0.01239	0.00807	0.00614	0.00582	0.00194	0.04168	0.00446	0.00353	0.00777
2	0.00839	0.00596	0.00796	0.00932	0.00991	0.00570	0.00670	0.00981	0.01248	0.01653	0.03358	0.56541	0.03939	0.07390	0.00999	0.00291	0.00434	0.16678	0.00573	0.00521
3	0.01891	0.01518	0.01611	0.01354	0.01769	0.01724	0.01080	0.28980	0.46483	0.03158	0.02185	0.02050	0.01615	0.00823	0.00641	0.00206	0.00576	0.00662	0.00641	0.01032
4	0.01784	0.01982	0.01628	0.06299	0.01914	0.33014	0.01097	0.02100	0.05692	0.01800	0.01122	0.01335	0.00929	0.00643	0.00687	0.00156	0.07955	0.00439	0.00355	0.29067
5	0.01793	0.01666	0.06929	0.04057	0.06609	0.04626	0.16552	0.16370	0.20413	0.08025	0.05032	0.01960	0.01499	0.00734	0.00663	0.00203	0.00740	0.00665	0.00516	0.00949

[dist]
# distance from previous block
# <min> <max>
0	8

[block]
# block no. 3 follows, 35 sequences, length 44
# corresponding to MSA columns:
# 232-245,256-262,264-286
name=unknown_D
#
# <colnr> <probs for GDERKNQSTAVLIFYWHMCP>
#	G	D	E	R	K	N	Q	S	T	A	V	L	I	F	Y	W	H	M	C	P
0	0.01414	0.05050	0.32140	0.02270	0.03027	0.01584	0.41172	0.02018	0.01426	0.02004	0.01211	0.01537	0.00893	0.00562	0.00678	0.00206	0.01003	0.00622	0.00298	0.00887
1	0.02846	0.01080	0.01472	0.01129	0.01619	0.00932	0.00932	0.03092	0.01816	0.74187	0.02503	0.02159	0.01570	0.00785	0.00638	0.00196	0.00540	0.00638	0.00785	0.01080
2	0.01296	0.03119	0.67099	0.01898	0.02805	0.01487	0.09500	0.02011	0.01356	0.02011	0.01153	0.01378	0.00820	0.00596	0.00618	0.00202	0.00951	0.00498	0.00273	0.00929
3	0.03406	0.02488	0.39185	0.02204	0.15424	0.06020	0.11243	0.02130	0.01446	0.08642	0.01277	0.01487	0.00930	0.00607	0.00623	0.00198	0.00888	0.00532	0.00337	0.00934
4	0.01330	0.01404	0.07167	0.44727	0.22869	0.01471	0.01803	0.01812	0.04548	0.01814	0.01200	0.01651	0.00935	0.00644	0.00693	0.00207	0.04039	0.00564	0.00306	0.00816
5	0.00773	0.00552	0.00736	0.00883	0.00920	0.00515	0.00589	0.00883	0.01215	0.01619	0.03497	0.77291	0.04196	0.01987	0.00810	0.00258	0.00368	0.01803	0.00589	0.00515
6	0.01449	0.01212	0.01881	0.34730	0.09237	0.01356	0.08668	0.12667	0.01590	0.02232	0.01407	0.01796	0.01070	0.00660	0.00606	0.00193	0.00723	0.00590	0.17147	0.00782
7	0.76629	0.01220	0.00999	0.06004	0.01442	0.01422	0.00761	0.01848	0.01093	0.02762	0.00900	0.01076	0.00698	0.00592	0.00409	0.00197	0.00515	0.00359	0.00385	0.00688
8	0.01578	0.01363	0.01434	0.01291	0.01650	0.01578	0.01004	0.03371	0.72602	0.02654	0.02582	0.02367	0.01937	0.00861	0.00646	0.00215	0.00502	0.00717	0.00646	0.01004
9	0.00825	0.00588	0.00750	0.00823	0.00886	0.00551	0.00553	0.00962	0.01307	0.01768	0.19150	0.45911	0.07190	0.14268	0.01191	0.00301	0.00391	0.01491	0.00580	0.00513
10	0.02536	0.01577	0.01780	0.01365	0.01868	0.01671	0.01127	0.51980	0.02648	0.24124	0.01804	0.01705	0.01220	0.00768	0.00636	0.00192	0.00653	0.00590	0.00678	0.01079
11	0.02539	0.01573	0.01778	0.01363	0.01866	0.01665	0.01126	0.51614	0.02642	0.24498	0.01809	0.01709	0.01222	0.00768	0.00636	0.00192	0.00652	0.00591	0.00679	0.01079
12	0.01584	0.56592	0.05394	0.01209	0.01632	0.02274	0.01158	0.01784	0.01210	0.01505	0.00932	0.01245	0.00885	0.04163	0.00878	0.00188	0.15900	0.00414	0.00278	0.00775
13	0.01570	0.01507	0.02575	0.03894	0.73748	0.01507	0.01947	0.01947	0.01444	0.02073	0.01193	0.01570	0.01005	0.00565	0.00628	0.00188	0.00754	0.00565	0.00314	0.01005
14	0.02329	0.02955	0.01804	0.01636	0.01949	0.72093	0.01233	0.02491	0.01763	0.01552	0.00974	0.01154	0.00818	0.00673	0.00635	0.00168	0.04300	0.00415	0.00325	0.00734
15	0.01272	0.03281	0.74418	0.01808	0.02746	0.01473	0.02344	0.02009	0.01339	0.02009	0.01138	0.01339	0.00804	0.00603	0.00603	0.00201	0.00938	0.00469	0.00268	0.00938
16	0.00773	0.00597	0.00708	0.00793	0.00909	0.00532	0.00561	0.00912	0.01322	0.01670	0.04726	0.44522	0.33370	0.01818	0.00787	0.00241	0.00357	0.04286	0.00589	0.00527
17	0.00773	0.00552	0.00736	0.00883	0.00920	0.00515	0.00589	0.00883	0.01215	0.01619	0.03497	0.77291	0.04196	0.01987	0.00810	0.00258	0.00368	0.01803	0.00589	0.00515
18	0.00922	0.00617	0.00703	0.00703	0.00707	0.00621	0.00398	0.00930	0.00926	0.01238	0.01989	0.04096	0.02282	0.75252	0.05649	0.00629	0.00651	0.00914	0.00383	0.00391
19	0.01843	0.01676	0.02707	0.02202	0.09574	0.01723	0.31410	0.27269	0.09971	0.02814	0.01506	0.01703	0.01117	0.00656	0.00684	0.00203	0.00841	0.00663	0.00470	0.00967
20	0.01323	0.06386	0.59109	0.04232	0.05612	0.01533	0.09103	0.01992	0.01355	0.01978	0.01143	0.01382	0.00829	0.00593	0.00610	0.00199	0.00929	0.00497	0.00276	0.00919
21	0.00916	0.00616	0.00690	0.00690	0.00699	0.00612	0.00388	0.00922	0.00944	0.01250	0.02178	0.04231	0.05187	0.74625	0.03129	0.00599	0.00603	0.00939	0.00393	0.00391
22	0.53321	0.07031	0.01370	0.01142	0.03291	0.21131	0.00890	0.02047	0.01295	0.02389	0.00917	0.01074	0.00739	0.00602	0.00447	0.00183	0.00684	0.00366	0.00365	0.00717
23	0.00826	0.00766	0.03276	0.00762	0.00990	0.00627	0.00610	0.01090	0.04793	0.01789	0.07190	0.11134	0.57268	0.01566	0.00751	0.00221	0.00368	0.04815	0.00583	0.00574
24	0.02370	0.03023	0.01798	0.01634	0.01961	0.75158	0.01226	0.02533	0.01798	0.01553	0.00981	0.01144	0.00817	0.00654	0.00572	0.00163	0.01144	0.00409	0.00327	0.00735
25	0.00906	0.00680	0.01020	0.01020	0.01133	0.00793	0.00793	0.01133	0.01020	0.01473	0.01699	0.02492	0.01586	0.04758	0.75191	0.01020	0.01699	0.00680	0.00340	0.00566
26	0.02370	0.03023	0.01798	0.01634	0.01961	0.75158	0.01226	0.02533	0.01798	0.01553	0.00981	0.01144	0.00817	0.00654	0.00572	0.00163	0.01144	0.00409	0.00327	0.00735
27	0.02263	0.05179	0.01938	0.01727	0.04485	0.65238	0.04019	0.02499	0.03893	0.01621	0.01045	0.01214	0.00863	0.00649	0.00578	0.00167	0.01094	0.00435	0.00334	0.00760
28	0.01184	0.02753	0.59973	0.01632	0.02399	0.01293	0.02011	0.01808	0.01337	0.01964	0.03443	0.12456	0.01502	0.00850	0.00643	0.00211	0.00830	0.02517	0.00334	0.00859
29	0.01307	0.03426	0.01354	0.00942	0.01485	0.00884	0.00756	0.01580	0.01311	0.02033	0.01208	0.04136	0.01057	0.00529	0.00481	0.00101	0.00472	0.00428	0.00381	0.76129
30	0.01676	0.01815	0.27311	0.01275	0.01898	0.01057	0.01343	0.02103	0.01513	0.22889	0.07334	0.02119	0.05869	0.00740	0.00604	0.00177	0.00635	0.00602	0.00493	0.18549
31	0.00961	0.00828	0.04040	0.01024	0.01225	0.00726	0.00886	0.01288	0.04481	0.01888	0.06447	0.10777	0.22968	0.01624	0.00811	0.00258	0.00499	0.38088	0.00579	0.00600
32	0.00920	0.00626	0.00746	0.00746	0.00765	0.00644	0.00452	0.00957	0.00939	0.01270	0.01949	0.03878	0.02187	0.65669	0.15103	0.00682	0.00794	0.00882	0.00377	0.00414
33	0.01284	0.01215	0.02057	0.59554	0.20326	0.01432	0.01804	0.01696	0.01309	0.01725	0.01143	0.01663	0.00882	0.00618	0.00633	0.00206	0.00825	0.00564	0.00289	0.00774
34	0.01524	0.01460	0.02492	0.12817	0.65184	0.01495	0.01924	0.01907	0.01423	0.02017	0.01185	0.01585	0.00985	0.00574	0.00629	0.00191	0.00765	0.00565	0.00310	0.00968
35	0.82186	0.01227	0.00932	0.00834	0.01227	0.01423	0.00687	0.01865	0.01080	0.02846	0.00883	0.01031	0.00687	0.00589	0.00393	0.00196	0.00491	0.00344	0.00393	0.00687
36	0.01612	0.01380	0.01453	0.01298	0.01662	0.01594	0.01012	0.06134	0.69784	0.02708	0.02539	0.02333	0.01902	0.00857	0.00645	0.00214	0.00510	0.00711	0.00645	0.01007
37	0.01078	0.00900	0.00965	0.00921	0.01161	0.00926	0.00697	0.01839	0.27317	0.02111	0.10699	0.08934	0.32925	0.04168	0.00810	0.00233	0.00405	0.02594	0.00612	0.00706
38	0.00771	0.00560	0.00728	0.00864	0.00915	0.00517	0.00580	0.00886	0.01234	0.01627	0.03738	0.71430	0.09902	0.01956	0.00805	0.00254	0.00364	0.01765	0.00589	0.00517
39	0.00857	0.00642	0.00793	0.00840	0.00961	0.00601	0.00610	0.01098	0.03909	0.01934	0.23331	0.31673	0.18206	0.05102	0.00890	0.00250	0.00373	0.06760	0.00612	0.00559
40	0.01220	0.01121	0.01841	0.66171	0.05939	0.01361	0.01658	0.01647	0.03360	0.01658	0.01171	0.01705	0.00896	0.00699	0.00706	0.03611	0.00807	0.00561	0.00297	0.03571
41	0.04987	0.04935	0.02437	0.03438	0.62406	0.01515	0.01773	0.01953	0.03493	0.02115	0.04073	0.01671	0.01207	0.00603	0.00613	0.00188	0.00714	0.00573	0.00340	0.00967
42	0.03590	0.01263	0.01686	0.16375	0.14565	0.04042	0.03310	0.17980	0.01711	0.02325	0.01893	0.21897	0.01852	0.01015	0.00668	0.00211	0.00656	0.00893	0.03272	0.00795
43	0.04141	0.00716	0.00877	0.00909	0.04052	0.00676	0.00638	0.01239	0.03550	0.02276	0.42372	0.10301	0.20010	0.01326	0.00719	0.00205	0.00342	0.01150	0.03892	0.00610

[dist]
# distance from previous block
# <min> <max>
0	11

[block]
# block no. 4 follows, 35 sequences, length 24
# corresponding to MSA columns:
# 301-324
name=unknown_E
#
# <colnr> <probs for GDERKNQSTAVLIFYWHMCP>
#	G	D	E	R	K	N	Q	S	T	A	V	L	I	F	Y	W	H	M	C	P
0	0.01596	0.01464	0.02398	0.04340	0.15592	0.01456	0.22911	0.11552	0.07906	0.03933	0.01521	0.05763	0.01251	0.00696	0.00701	0.00193	0.03135	0.00677	0.00422	0.12494
1	0.07339	0.00869	0.01148	0.01132	0.05429	0.00840	0.03513	0.02910	0.04465	0.10264	0.29144	0.15320	0.10826	0.01238	0.00709	0.00212	0.00434	0.02896	0.00613	0.00698
2	0.00805	0.00636	0.00726	0.00723	0.00896	0.00556	0.00535	0.01011	0.01548	0.02002	0.30175	0.12802	0.42263	0.01534	0.00755	0.00213	0.00318	0.01317	0.00628	0.00556
3	0.01039	0.01012	0.10693	0.00951	0.01218	0.00716	0.00839	0.01343	0.01591	0.07043	0.38455	0.16984	0.12998	0.01329	0.00732	0.00211	0.00416	0.01161	0.00614	0.00654
4	0.01460	0.15481	0.04105	0.01034	0.01573	0.01253	0.00896	0.04522	0.05569	0.03721	0.04294	0.01495	0.01205	0.00564	0.00495	0.00123	0.00529	0.00438	0.00402	0.50841
5	0.00876	0.00676	0.00856	0.00878	0.00956	0.00689	0.00623	0.01019	0.01303	0.01757	0.17672	0.33836	0.14551	0.12518	0.01258	0.00292	0.07802	0.01352	0.00552	0.00534
6	0.01241	0.01174	0.01477	0.01315	0.01376	0.05681	0.01047	0.01400	0.01145	0.01630	0.11233	0.02427	0.03533	0.10698	0.12019	0.00401	0.40502	0.00707	0.00367	0.00625
7	0.01475	0.37998	0.21938	0.01200	0.01762	0.01801	0.01298	0.01943	0.05916	0.01875	0.01289	0.01450	0.01040	0.00617	0.00482	0.00161	0.00664	0.00447	0.15827	0.00817
8	0.01696	0.78087	0.03324	0.01085	0.01628	0.02510	0.01085	0.01900	0.01289	0.01493	0.00882	0.01018	0.00814	0.00543	0.00407	0.00136	0.00678	0.00339	0.00271	0.00814
9	0.00847	0.00645	0.00795	0.00880	0.01022	0.00593	0.00686	0.01040	0.01398	0.01774	0.06871	0.26117	0.29998	0.01748	0.00806	0.00250	0.00417	0.22973	0.00591	0.00547
10	0.00768	0.00627	0.00673	0.00705	0.00876	0.00540	0.00514	0.00918	0.01385	0.01685	0.05635	0.19261	0.56041	0.04393	0.00853	0.00239	0.00348	0.03428	0.00582	0.00528
11	0.29899	0.03691	0.01930	0.09364	0.18002	0.03183	0.08408	0.12597	0.01551	0.04144	0.01153	0.01388	0.00888	0.00613	0.00552	0.00194	0.00696	0.00499	0.00397	0.00850
12	0.01822	0.53813	0.09866	0.01257	0.01803	0.13422	0.01230	0.05225	0.01463	0.03639	0.00995	0.01122	0.00846	0.00582	0.00468	0.00150	0.00772	0.00381	0.00310	0.00833
13	0.01805	0.03622	0.02150	0.14494	0.31493	0.10732	0.03260	0.06978	0.04145	0.10623	0.01446	0.01795	0.01138	0.00674	0.00629	0.00193	0.00780	0.02720	0.00408	0.00915
14	0.00923	0.00615	0.00692	0.00692	0.00692	0.00615	0.00384	0.00923	0.00923	0.01230	0.01999	0.04151	0.02306	0.77705	0.03229	0.00615	0.00615	0.00923	0.00384	0.00384
15	0.01102	0.00551	0.00826	0.00826	0.00826	0.00551	0.00551	0.00826	0.00826	0.01102	0.01102	0.01928	0.01102	0.02204	0.02479	0.81543	0.00551	0.00551	0.00275	0.00275
16	0.01628	0.06205	0.05874	0.11016	0.29818	0.11276	0.13768	0.02051	0.03566	0.04043	0.03830	0.01663	0.01157	0.00621	0.00633	0.00191	0.00845	0.00586	0.00346	0.00883
17	0.04521	0.10715	0.46451	0.07602	0.09938	0.01587	0.01976	0.02040	0.05752	0.02003	0.01196	0.01408	0.00894	0.00610	0.00581	0.00194	0.00839	0.00483	0.00302	0.00908
18	0.01704	0.01915	0.01807	0.01589	0.01705	0.27798	0.01263	0.01843	0.01261	0.01516	0.00964	0.01488	0.00927	0.06118	0.01624	0.00260	0.44701	0.00528	0.00302	0.00688
19	0.01734	0.07234	0.01866	0.01601	0.11746	0.01550	0.01147	0.24047	0.07030	0.02627	0.01505	0.01637	0.03482	0.00698	0.00688	0.00168	0.06548	0.00533	0.00461	0.23699
20	0.06801	0.08996	0.55525	0.01639	0.02424	0.01569	0.01996	0.04446	0.01350	0.02057	0.01120	0.01340	0.00834	0.00764	0.03139	0.00226	0.04125	0.00464	0.00293	0.00893
21	0.00821	0.00667	0.00787	0.00805	0.00943	0.00633	0.00591	0.00985	0.01395	0.01791	0.14695	0.26673	0.38480	0.01642	0.00857	0.00229	0.05476	0.01396	0.00584	0.00549
