[name]
unknown

[dist]
# distance from previous block
# <min> <max>
0	6

[block]
# block no. 0 follows, 36 sequences, length 50
# corresponding to MSA columns:
# 8-20,23-59
name=unknown_A
#
# <colnr> <probs for GDERKNQSTAVLIFYWHMCP>
#	G	D	E	R	K	N	Q	S	T	A	V	L	I	F	Y	W	H	M	C	P
0	0.04726	0.01317	0.08441	0.01467	0.01929	0.01091	0.14464	0.04671	0.01609	0.31124	0.02232	0.03133	0.01826	0.00939	0.00694	0.00220	0.00679	0.17997	0.00571	0.00871
1	0.08047	0.49519	0.09874	0.01180	0.01716	0.06717	0.01163	0.05685	0.04141	0.05384	0.01072	0.01171	0.00881	0.00584	0.00460	0.00155	0.00694	0.00391	0.00336	0.00831
2	0.01766	0.42085	0.17377	0.01361	0.01913	0.22717	0.01355	0.02062	0.01416	0.01585	0.00944	0.01098	0.00798	0.00575	0.00484	0.00154	0.00846	0.00378	0.00281	0.00803
3	0.00759	0.00542	0.00723	0.00868	0.00904	0.00506	0.00578	0.00868	0.01193	0.01591	0.03434	0.77697	0.04121	0.01952	0.00795	0.00253	0.00361	0.01771	0.00578	0.00506
4	0.01578	0.01608	0.03217	0.07850	0.03078	0.01583	0.54581	0.08496	0.01580	0.04899	0.01298	0.01666	0.00965	0.00586	0.00767	0.00210	0.04134	0.00694	0.00357	0.00852
5	0.02327	0.02970	0.01766	0.01605	0.01926	0.75602	0.01204	0.02488	0.01766	0.01525	0.00963	0.01124	0.00803	0.00642	0.00562	0.00161	0.01124	0.00401	0.00321	0.00722
6	0.00890	0.00668	0.01001	0.01001	0.01113	0.00779	0.00779	0.01113	0.01001	0.01446	0.01669	0.02448	0.01558	0.04673	0.75634	0.01001	0.01669	0.00668	0.00334	0.00556
7	0.01488	0.01452	0.02404	0.09183	0.57011	0.03170	0.06054	0.01896	0.03487	0.01986	0.01459	0.01791	0.04573	0.00619	0.00630	0.00190	0.00747	0.00604	0.00329	0.00926
8	0.00773	0.00544	0.00718	0.00858	0.00898	0.00509	0.00573	0.00887	0.01197	0.01616	0.03386	0.75125	0.04035	0.01910	0.00783	0.00249	0.00359	0.01731	0.03341	0.00509
9	0.01471	0.01681	0.03676	0.02626	0.03256	0.01576	0.71954	0.01996	0.01471	0.01996	0.01261	0.01681	0.00945	0.00525	0.00735	0.00210	0.01050	0.00735	0.00315	0.00840
10	0.00759	0.00542	0.00723	0.00868	0.00904	0.00506	0.00578	0.00868	0.01193	0.01591	0.03434	0.77697	0.04121	0.01952	0.00795	0.00253	0.00361	0.01771	0.00578	0.00506
11	0.01471	0.01681	0.03676	0.02626	0.03256	0.01576	0.71954	0.01996	0.01471	0.01996	0.01261	0.01681	0.00945	0.00525	0.00735	0.00210	0.01050	0.00735	0.00315	0.00840
12	0.01471	0.01681	0.03676	0.02626	0.03256	0.01576	0.71954	0.01996	0.01471	0.01996	0.01261	0.01681	0.00945	0.00525	0.00735	0.00210	0.01050	0.00735	0.00315	0.00840
13	0.00882	0.00637	0.00833	0.00784	0.00931	0.00588	0.00588	0.01176	0.01764	0.02499	0.73888	0.04654	0.05879	0.01274	0.00735	0.00196	0.00294	0.01127	0.00686	0.00588
14	0.01250	0.03223	0.74875	0.01776	0.02697	0.01447	0.02302	0.01973	0.01315	0.01973	0.01118	0.01315	0.00789	0.00592	0.00592	0.00197	0.00921	0.00460	0.00263	0.00921
15	0.02618	0.01021	0.01389	0.01078	0.01529	0.00885	0.00885	0.02864	0.01781	0.67951	0.09089	0.02356	0.01945	0.00818	0.00637	0.00193	0.00508	0.00673	0.00763	0.01016
16	0.06731	0.01067	0.01420	0.01094	0.01571	0.00940	0.00904	0.02977	0.01748	0.71100	0.02380	0.02066	0.01499	0.00762	0.00615	0.00193	0.00528	0.00612	0.00752	0.01041
17	0.00759	0.00542	0.00723	0.00868	0.00904	0.00506	0.00578	0.00868	0.01193	0.01591	0.03434	0.77697	0.04121	0.01952	0.00795	0.00253	0.00361	0.01771	0.00578	0.00506
18	0.01195	0.01023	0.01330	0.01225	0.01466	0.01095	0.07753	0.02111	0.34556	0.02101	0.02805	0.35310	0.02781	0.01299	0.00715	0.00229	0.00490	0.01175	0.00578	0.00761
19	0.01592	0.01344	0.01417	0.01253	0.01613	0.01538	0.00981	0.10078	0.62557	0.02693	0.02617	0.02422	0.05352	0.00871	0.00638	0.00209	0.00504	0.00720	0.00630	0.00971
20	0.01725	0.68838	0.05671	0.01123	0.01659	0.05166	0.01114	0.03748	0.01344	0.03524	0.00938	0.01059	0.00826	0.00551	0.00425	0.00140	0.00690	0.00354	0.00291	0.00815
21	0.01326	0.01128	0.01310	0.00939	0.01491	0.00865	0.00752	0.03798	0.01344	0.02090	0.01120	0.01298	0.00927	0.00470	0.00467	0.00095	0.00469	0.00375	0.00377	0.79358
22	0.01603	0.24637	0.29467	0.04054	0.02194	0.10034	0.03268	0.05385	0.06507	0.03412	0.01168	0.01321	0.00907	0.00623	0.00584	0.00178	0.03016	0.00455	0.00326	0.00861
23	0.02327	0.02970	0.01766	0.01605	0.01926	0.75602	0.01204	0.02488	0.01766	0.01525	0.00963	0.01124	0.00803	0.00642	0.00562	0.00161	0.01124	0.00401	0.00321	0.00722
24	0.05043	0.09950	0.39616	0.01768	0.07730	0.01484	0.07661	0.04908	0.01425	0.08774	0.01353	0.05172	0.01059	0.00667	0.00592	0.00193	0.00800	0.00557	0.00354	0.00894
25	0.01250	0.03223	0.74875	0.01776	0.02697	0.01447	0.02302	0.01973	0.01315	0.01973	0.01118	0.01315	0.00789	0.00592	0.00592	0.00197	0.00921	0.00460	0.00263	0.00921
26	0.00759	0.00542	0.00723	0.00868	0.00904	0.00506	0.00578	0.00868	0.01193	0.01591	0.03434	0.77697	0.04121	0.01952	0.00795	0.00253	0.00361	0.01771	0.00578	0.00506
27	0.00886	0.00751	0.01218	0.01151	0.01294	0.00713	0.12003	0.01066	0.01248	0.01660	0.03226	0.58562	0.08488	0.01676	0.00812	0.00244	0.02366	0.01543	0.00529	0.00565
28	0.01542	0.01480	0.02529	0.03824	0.74217	0.01480	0.01912	0.01912	0.01419	0.02036	0.01172	0.01542	0.00987	0.00555	0.00617	0.00185	0.00740	0.00555	0.00308	0.00987
29	0.00759	0.00542	0.00723	0.00868	0.00904	0.00506	0.00578	0.00868	0.01193	0.01591	0.03434	0.77697	0.04121	0.01952	0.00795	0.00253	0.00361	0.01771	0.00578	0.00506
30	0.01527	0.01465	0.02502	0.06848	0.71312	0.01476	0.01905	0.01899	0.01412	0.02017	0.01169	0.01547	0.00980	0.00558	0.00617	0.00186	0.00744	0.00555	0.00307	0.00975
31	0.01364	0.04199	0.13343	0.01301	0.05063	0.09530	0.02783	0.06343	0.08997	0.04191	0.13727	0.03154	0.19445	0.02964	0.00717	0.00205	0.00608	0.00817	0.00493	0.00755
32	0.05657	0.74663	0.03149	0.01054	0.01580	0.02413	0.01047	0.01864	0.01256	0.01532	0.00866	0.01000	0.00793	0.00535	0.00399	0.00136	0.00657	0.00333	0.00272	0.00793
33	0.00757	0.00550	0.00714	0.00846	0.00898	0.00508	0.00569	0.00870	0.01214	0.01599	0.03701	0.71041	0.10604	0.01917	0.00790	0.00249	0.00357	0.01729	0.00578	0.00508
34	0.01326	0.07834	0.60721	0.01725	0.04331	0.05606	0.02067	0.01954	0.01362	0.01943	0.04688	0.01455	0.01047	0.00624	0.00586	0.00191	0.00880	0.00484	0.00289	0.00887
35	0.01270	0.03080	0.68266	0.01855	0.02749	0.01459	0.08768	0.01975	0.01330	0.01975	0.01131	0.01349	0.00804	0.00586	0.00605	0.00199	0.00933	0.00486	0.00268	0.00913
36	0.00870	0.00628	0.00823	0.00792	0.00928	0.00580	0.00587	0.01147	0.01711	0.02414	0.67348	0.11434	0.05716	0.01337	0.00740	0.00201	0.00300	0.01187	0.00676	0.00580
37	0.00737	0.00627	0.00636	0.00643	0.00845	0.00525	0.00479	0.00893	0.01409	0.01679	0.06171	0.09513	0.70539	0.01596	0.00739	0.00212	0.00318	0.01337	0.00579	0.00525
38	0.01429	0.14909	0.41639	0.01852	0.08305	0.04466	0.08074	0.02094	0.07849	0.01939	0.01217	0.01399	0.00922	0.00598	0.00578	0.00187	0.00845	0.00492	0.00308	0.00898
39	0.00759	0.00542	0.00723	0.00868	0.00904	0.00506	0.00578	0.00868	0.01193	0.01591	0.03434	0.77697	0.04121	0.01952	0.00795	0.00253	0.00361	0.01771	0.00578	0.00506
40	0.01575	0.01387	0.01638	0.01401	0.01785	0.01568	0.07582	0.05965	0.63613	0.02603	0.02376	0.02231	0.01779	0.00812	0.00643	0.00210	0.00553	0.00702	0.00604	0.00976
41	0.01364	0.01289	0.01928	0.18578	0.20020	0.05031	0.06678	0.03480	0.01320	0.01836	0.01422	0.09978	0.01310	0.00845	0.00893	0.00211	0.14844	0.00695	0.07525	0.00754
42	0.01651	0.75800	0.05813	0.01091	0.01638	0.02429	0.01110	0.01869	0.01268	0.01484	0.00875	0.01011	0.00799	0.00535	0.00407	0.00136	0.00675	0.00338	0.00266	0.00804
43	0.00759	0.00542	0.00723	0.00868	0.00904	0.00506	0.00578	0.00868	0.01193	0.01591	0.03434	0.77697	0.04121	0.01952	0.00795	0.00253	0.00361	0.01771	0.00578	0.00506
44	0.00833	0.00725	0.00851	0.00991	0.08925	0.00634	0.00638	0.01021	0.01438	0.01765	0.09310	0.05435	0.62338	0.01449	0.00723	0.00207	0.00361	0.01221	0.00554	0.00580
45	0.01580	0.01607	0.02411	0.12537	0.54656	0.09634	0.04721	0.01939	0.01438	0.01923	0.01145	0.01516	0.00946	0.00572	0.00616	0.00186	0.00806	0.00546	0.00306	0.00915
46	0.01977	0.01425	0.01768	0.01630	0.09768	0.01528	0.04607	0.20611	0.31034	0.15727	0.02044	0.01959	0.01475	0.00760	0.00633	0.00199	0.00603	0.00639	0.00604	0.01011
47	0.01616	0.01612	0.03431	0.02459	0.03073	0.01503	0.64132	0.02110	0.01505	0.09995	0.01392	0.01729	0.01011	0.00552	0.00723	0.00208	0.00993	0.00723	0.00365	0.00865
48	0.01149	0.06814	0.17078	0.01550	0.01977	0.01143	0.20643	0.01522	0.01315	0.01819	0.02103	0.29201	0.02181	0.01110	0.00694	0.00217	0.00693	0.03662	0.04418	0.00711
49	0.07202	0.01822	0.26962	0.01582	0.02120	0.01189	0.17435	0.01694	0.01333	0.05392	0.02125	0.16560	0.08388	0.00949	0.00694	0.00213	0.02318	0.00856	0.00399	0.00769

[dist]
# distance from previous block
# <min> <max>
13	33

[block]
# block no. 1 follows, 36 sequences, length 32
# corresponding to MSA columns:
# 99-130
name=unknown_B
#
# <colnr> <probs for GDERKNQSTAVLIFYWHMCP>
#	G	D	E	R	K	N	Q	S	T	A	V	L	I	F	Y	W	H	M	C	P
0	0.01261	0.01072	0.04395	0.03250	0.05484	0.01016	0.05247	0.06209	0.15077	0.05741	0.07578	0.28452	0.04827	0.04090	0.00792	0.00231	0.00520	0.01085	0.00543	0.03130
1	0.01783	0.01355	0.04395	0.01301	0.05800	0.08688	0.00986	0.14223	0.06979	0.17705	0.15196	0.07938	0.04769	0.05079	0.00789	0.00217	0.00585	0.00797	0.00585	0.00830
2	0.04358	0.01333	0.01538	0.05398	0.14882	0.08401	0.01098	0.12433	0.05589	0.04487	0.12019	0.04604	0.07902	0.00870	0.00679	0.00188	0.03746	0.00712	0.03876	0.05886
3	0.01546	0.01176	0.01366	0.01200	0.04000	0.03115	0.00900	0.10268	0.12705	0.09666	0.01972	0.17119	0.01800	0.00930	0.00680	0.00179	0.04359	0.00772	0.00516	0.25730
4	0.01780	0.01258	0.01793	0.02205	0.31245	0.04204	0.01287	0.03859	0.04619	0.20872	0.07359	0.06506	0.01756	0.00975	0.04409	0.00230	0.00669	0.00689	0.00499	0.03783
5	0.01683	0.01706	0.04280	0.05568	0.30068	0.11959	0.04014	0.11046	0.06959	0.02184	0.04354	0.01651	0.01214	0.00711	0.00789	0.00197	0.09774	0.00572	0.00384	0.00886
6	0.01374	0.17629	0.06794	0.04200	0.29328	0.04072	0.01349	0.01716	0.03109	0.01879	0.08618	0.02438	0.13405	0.00799	0.00599	0.00180	0.00636	0.00678	0.00383	0.00813
7	0.01066	0.00552	0.00827	0.00827	0.00837	0.00561	0.00561	0.00837	0.00827	0.01113	0.01131	0.01940	0.01122	0.02374	0.08534	0.75134	0.00635	0.00552	0.00276	0.00294
8	0.01439	0.01437	0.04386	0.11465	0.55070	0.01454	0.01788	0.01795	0.01360	0.01925	0.01394	0.01759	0.04625	0.00657	0.00735	0.00196	0.06706	0.00590	0.00314	0.00905
9	0.01037	0.00783	0.00967	0.00916	0.03859	0.00697	0.00663	0.03716	0.01647	0.04402	0.40798	0.04210	0.20671	0.01174	0.00687	0.00185	0.00359	0.01012	0.00604	0.11613
10	0.82504	0.01205	0.00916	0.00819	0.01205	0.01398	0.00675	0.01832	0.01060	0.02795	0.00868	0.01012	0.00675	0.00578	0.00386	0.00193	0.00482	0.00337	0.00386	0.00675
11	0.01547	0.57003	0.23699	0.01269	0.01912	0.02175	0.01419	0.01896	0.01280	0.01611	0.00938	0.01090	0.00797	0.00550	0.00455	0.00152	0.00739	0.00369	0.00266	0.00834
12	0.01410	0.01356	0.02360	0.13918	0.41149	0.01385	0.12355	0.03085	0.03295	0.01998	0.03583	0.04071	0.03338	0.00701	0.00657	0.00199	0.00752	0.03163	0.00354	0.00870
13	0.01161	0.00581	0.00581	0.00581	0.00726	0.00581	0.00436	0.01452	0.01307	0.02323	0.02033	0.02323	0.01597	0.00726	0.00436	0.00145	0.00290	0.00581	0.81562	0.00581
14	0.01055	0.00852	0.01333	0.03923	0.01542	0.00844	0.10502	0.05554	0.01423	0.01885	0.02890	0.35264	0.03198	0.01557	0.00793	0.00253	0.00566	0.25418	0.00533	0.00616
15	0.02636	0.01025	0.01395	0.01081	0.01536	0.00888	0.00888	0.02881	0.01782	0.68636	0.08410	0.02332	0.01904	0.00813	0.00636	0.00193	0.00510	0.00668	0.00764	0.01021
16	0.01220	0.01080	0.01655	0.06603	0.31455	0.01036	0.01255	0.01506	0.01352	0.01902	0.04153	0.17743	0.05019	0.00989	0.00656	0.00194	0.00576	0.06608	0.00416	0.14581
17	0.01203	0.05268	0.01040	0.00882	0.00958	0.00769	0.00628	0.06821	0.01040	0.01375	0.01258	0.06773	0.01263	0.01936	0.02056	0.64867	0.00549	0.00611	0.00320	0.00383
18	0.01829	0.01554	0.01634	0.08071	0.07646	0.10983	0.01140	0.29116	0.08999	0.04926	0.08779	0.02297	0.08593	0.00848	0.00637	0.00191	0.00663	0.00681	0.00536	0.00875
19	0.01629	0.18020	0.31660	0.01592	0.02268	0.01636	0.10683	0.04840	0.08650	0.11088	0.01408	0.01506	0.01027	0.00625	0.00581	0.00186	0.00785	0.00519	0.00385	0.00915
20	0.01808	0.62252	0.02943	0.01182	0.01669	0.18182	0.01096	0.01999	0.01373	0.01479	0.00887	0.01026	0.00800	0.00556	0.00435	0.00139	0.00765	0.00348	0.00278	0.00783
21	0.79373	0.01201	0.00952	0.03737	0.01324	0.01397	0.00715	0.01822	0.01067	0.02749	0.00877	0.01037	0.00681	0.00580	0.00395	0.00193	0.00495	0.00346	0.00381	0.00675
22	0.01365	0.01547	0.08177	0.02481	0.17376	0.01359	0.37295	0.01823	0.01454	0.02000	0.04560	0.02661	0.01596	0.00772	0.00722	0.00217	0.00864	0.12542	0.00369	0.00821
23	0.00892	0.00659	0.00960	0.00960	0.01056	0.00756	0.00727	0.01086	0.00989	0.01415	0.01707	0.02659	0.01649	0.14196	0.66237	0.00950	0.01531	0.00698	0.00339	0.00533
24	0.00890	0.00668	0.01001	0.01001	0.01113	0.00779	0.00779	0.01113	0.01001	0.01446	0.01669	0.02448	0.01558	0.04673	0.75634	0.01001	0.01669	0.00668	0.00334	0.00556
25	0.01342	0.18414	0.57798	0.01663	0.02494	0.01658	0.04565	0.01952	0.01311	0.01871	0.01072	0.01265	0.00797	0.00578	0.00558	0.00185	0.00874	0.00445	0.00266	0.00893
26	0.11816	0.01077	0.01386	0.01076	0.01547	0.00970	0.00888	0.02900	0.01701	0.66516	0.02278	0.01995	0.01444	0.00749	0.00599	0.00193	0.00525	0.00594	0.00728	0.01017
27	0.01335	0.01178	0.01321	0.12188	0.01842	0.03852	0.00995	0.02453	0.42342	0.02251	0.08574	0.09554	0.07485	0.00996	0.00660	0.00211	0.00523	0.00849	0.00566	0.00823
28	0.00736	0.00631	0.00631	0.00631	0.00842	0.00526	0.00473	0.00894	0.01420	0.01683	0.06312	0.05996	0.73964	0.01578	0.00736	0.00210	0.00316	0.01315	0.00579	0.00526
29	0.01378	0.20624	0.49155	0.01660	0.02442	0.01700	0.07762	0.02005	0.04280	0.01883	0.01130	0.01314	0.00851	0.00583	0.00561	0.00184	0.00854	0.00464	0.00284	0.00888
30	0.06828	0.18423	0.19628	0.01324	0.01909	0.01677	0.01331	0.19246	0.05078	0.15159	0.02750	0.01521	0.01125	0.00672	0.00556	0.00181	0.00683	0.00502	0.00473	0.00935
31	0.00751	0.00625	0.00656	0.00663	0.00854	0.00530	0.00492	0.00918	0.01435	0.01751	0.12272	0.11221	0.62533	0.01578	0.00741	0.00212	0.00317	0.01332	0.00588	0.00530

[dist]
# distance from previous block
# <min> <max>
1	3

[block]
# block no. 2 follows, 36 sequences, length 26
# corresponding to MSA columns:
# 134-147,154-165
name=unknown_C
#
# <colnr> <probs for GDERKNQSTAVLIFYWHMCP>
#	G	D	E	R	K	N	Q	S	T	A	V	L	I	F	Y	W	H	M	C	P
0	0.15994	0.24266	0.14808	0.01329	0.03186	0.10681	0.01251	0.05834	0.10909	0.02090	0.01181	0.01296	0.00940	0.00636	0.00552	0.00177	0.03242	0.00437	0.00362	0.00828
1	0.45903	0.16945	0.14860	0.01100	0.01607	0.07089	0.01086	0.01912	0.01199	0.02290	0.00920	0.01073	0.00730	0.00577	0.00439	0.00179	0.00645	0.00364	0.00335	0.00748
2	0.01460	0.08346	0.28526	0.01567	0.02146	0.10533	0.11026	0.04369	0.05304	0.03687	0.12349	0.02071	0.04419	0.00747	0.00623	0.00190	0.00786	0.00632	0.00396	0.00822
3	0.01007	0.00644	0.00836	0.00806	0.00955	0.00595	0.00597	0.01265	0.01632	0.07124	0.51673	0.17170	0.04979	0.01321	0.00717	0.00202	0.00321	0.01168	0.06380	0.00604
4	0.02055	0.01976	0.02045	0.04461	0.14791	0.21749	0.06028	0.29049	0.07147	0.02644	0.01339	0.01479	0.01021	0.00673	0.00614	0.00183	0.00829	0.00538	0.00455	0.00923
5	0.00861	0.00636	0.00805	0.00763	0.00918	0.00579	0.00572	0.01136	0.01716	0.02385	0.64439	0.04842	0.15399	0.01316	0.00735	0.00198	0.00297	0.01153	0.00671	0.00579
6	0.01152	0.01013	0.01364	0.13455	0.14256	0.01067	0.01056	0.01769	0.17496	0.02071	0.14918	0.03492	0.22318	0.01035	0.00674	0.00203	0.00507	0.00895	0.00514	0.00745
7	0.00892	0.00606	0.00675	0.00675	0.00693	0.00597	0.00386	0.00905	0.00950	0.01249	0.02335	0.04242	0.08402	0.71553	0.02963	0.00570	0.00579	0.00941	0.00395	0.00390
8	0.01669	0.39230	0.15645	0.01273	0.01787	0.15679	0.01265	0.04042	0.01430	0.01735	0.03284	0.01307	0.01019	0.00617	0.00513	0.00157	0.02096	0.00421	0.06037	0.00791
9	0.16188	0.01733	0.14275	0.01334	0.01773	0.07983	0.01236	0.06144	0.03949	0.23605	0.01473	0.01536	0.01051	0.00752	0.00822	0.00205	0.14085	0.00512	0.00474	0.00869
10	0.01143	0.01070	0.01127	0.01098	0.01243	0.13926	0.00842	0.01349	0.01133	0.01454	0.01553	0.02261	0.01445	0.06019	0.60411	0.00842	0.01543	0.00627	0.00333	0.00580
11	0.08377	0.01430	0.02523	0.05198	0.27812	0.01439	0.26186	0.01989	0.08707	0.02097	0.01481	0.07245	0.01265	0.00682	0.00654	0.00203	0.00777	0.00705	0.00369	0.00863
12	0.02027	0.02232	0.01708	0.01650	0.07150	0.41729	0.01199	0.11188	0.14179	0.02079	0.01517	0.01914	0.01276	0.00776	0.00612	0.00185	0.00885	0.06444	0.00434	0.00817
13	0.01547	0.01268	0.06692	0.24102	0.04883	0.01242	0.01262	0.09891	0.11591	0.13166	0.02243	0.09917	0.07713	0.00904	0.00650	0.00207	0.00633	0.00770	0.00498	0.00824
14	0.11009	0.26031	0.27915	0.01404	0.02048	0.01840	0.03935	0.12644	0.03996	0.02231	0.01122	0.01257	0.00864	0.00602	0.00519	0.00176	0.00745	0.00440	0.00348	0.00875
15	0.01040	0.00880	0.01102	0.00978	0.01206	0.02803	0.05393	0.01555	0.13082	0.02308	0.43413	0.04234	0.17162	0.01194	0.00714	0.00201	0.00402	0.01048	0.00624	0.00661
16	0.01481	0.01229	0.01310	0.01167	0.01495	0.01382	0.00910	0.08769	0.52542	0.02633	0.10002	0.02762	0.07541	0.00932	0.00646	0.00206	0.00471	0.00777	0.02840	0.00907
17	0.01792	0.01502	0.01486	0.01321	0.01642	0.12284	0.01057	0.14774	0.26473	0.08634	0.02172	0.05177	0.01842	0.00981	0.00740	0.00215	0.04835	0.11639	0.00567	0.00869
18	0.00814	0.00626	0.00761	0.00799	0.00940	0.00549	0.00565	0.00973	0.01333	0.01766	0.12773	0.42972	0.22662	0.01640	0.00743	0.00221	0.00349	0.01450	0.00574	0.07489
19	0.03842	0.04194	0.08756	0.01601	0.07902	0.16082	0.01266	0.28499	0.05592	0.08006	0.01561	0.07090	0.01264	0.00781	0.00609	0.00188	0.00748	0.00609	0.00496	0.00913
20	0.01263	0.20300	0.19421	0.01429	0.01902	0.01430	0.14801	0.01596	0.01233	0.01648	0.01536	0.10924	0.01527	0.17045	0.01140	0.00276	0.00751	0.00731	0.00335	0.00713
21	0.00752	0.00571	0.00694	0.00792	0.00884	0.00512	0.00545	0.00876	0.01266	0.01620	0.04355	0.54741	0.26482	0.01832	0.00776	0.00239	0.00347	0.01625	0.00578	0.00512
22	0.01423	0.01359	0.02315	0.27465	0.51504	0.01449	0.01853	0.01808	0.01363	0.01891	0.01151	0.01581	0.00936	0.00577	0.00619	0.00192	0.00770	0.00555	0.00298	0.00891
23	0.01553	0.04973	0.40429	0.01479	0.02185	0.01395	0.01660	0.14157	0.01620	0.07642	0.01395	0.05414	0.01086	0.00684	0.00586	0.00182	0.00751	0.00542	0.00394	0.11872
24	0.00972	0.00729	0.00982	0.07682	0.01337	0.00704	0.01940	0.01205	0.01368	0.03199	0.17146	0.18282	0.12437	0.05362	0.05812	0.00282	0.00524	0.08189	0.04817	0.07030
25	0.01957	0.01360	0.01644	0.01619	0.13763	0.04946	0.01106	0.15207	0.11919	0.20480	0.07948	0.02002	0.01668	0.00739	0.00611	0.00179	0.00589	0.00613	0.00567	0.11083

[dist]
# distance from previous block
# <min> <max>
9	27

[block]
# block no. 3 follows, 36 sequences, length 39
# corresponding to MSA columns:
# 200-238
name=unknown_D
#
# <colnr> <probs for GDERKNQSTAVLIFYWHMCP>
#	G	D	E	R	K	N	Q	S	T	A	V	L	I	F	Y	W	H	M	C	P
0	0.09637	0.01562	0.01510	0.01252	0.01643	0.15528	0.03803	0.15219	0.03497	0.02317	0.01496	0.08351	0.01361	0.00802	0.00628	0.00173	0.03348	0.04661	0.00442	0.22772
1	0.01781	0.01940	0.02034	0.04691	0.33263	0.28503	0.01489	0.04848	0.01545	0.01836	0.01144	0.01474	0.00968	0.01019	0.08024	0.00260	0.03513	0.00510	0.00326	0.00832
2	0.01561	0.01738	0.02871	0.02147	0.02626	0.12435	0.45304	0.04951	0.01557	0.02000	0.06965	0.01914	0.03295	0.00684	0.00810	0.00206	0.07074	0.00709	0.00362	0.00791
3	0.01314	0.01247	0.02116	0.49317	0.30510	0.01420	0.01799	0.01712	0.01311	0.01758	0.01132	0.01616	0.00889	0.00598	0.00621	0.00199	0.00797	0.00554	0.00289	0.00803
4	0.01250	0.03223	0.74875	0.01776	0.02697	0.01447	0.02302	0.01973	0.01315	0.01973	0.01118	0.01315	0.00789	0.00592	0.00592	0.00197	0.00921	0.00460	0.00263	0.00921
5	0.00890	0.00668	0.01001	0.01001	0.01113	0.00779	0.00779	0.01113	0.01001	0.01446	0.01669	0.02448	0.01558	0.04673	0.75634	0.01001	0.01669	0.00668	0.00334	0.00556
6	0.00924	0.00805	0.01405	0.01274	0.01447	0.00753	0.17071	0.01128	0.01257	0.01684	0.02932	0.60131	0.03387	0.01622	0.00781	0.00243	0.00521	0.01532	0.00518	0.00583
7	0.01542	0.01480	0.02529	0.03824	0.74217	0.01480	0.01912	0.01912	0.01419	0.02036	0.01172	0.01542	0.00987	0.00555	0.00617	0.00185	0.00740	0.00555	0.00308	0.00987
8	0.01542	0.01480	0.02529	0.03824	0.74217	0.01480	0.01912	0.01912	0.01419	0.02036	0.01172	0.01542	0.00987	0.00555	0.00617	0.00185	0.00740	0.00555	0.00308	0.00987
9	0.01463	0.01400	0.02386	0.19578	0.59081	0.01460	0.01873	0.01843	0.01381	0.01940	0.01158	0.01568	0.00953	0.00570	0.00618	0.00190	0.00760	0.00555	0.00302	0.00923
10	0.01542	0.01480	0.02529	0.03824	0.74217	0.01480	0.01912	0.01912	0.01419	0.02036	0.01172	0.01542	0.00987	0.00555	0.00617	0.00185	0.00740	0.00555	0.00308	0.00987
11	0.01335	0.01348	0.02776	0.02093	0.02557	0.01264	0.49037	0.01746	0.01423	0.04473	0.01914	0.17330	0.01829	0.00922	0.00754	0.00225	0.00853	0.06955	0.00406	0.00758
12	0.01482	0.01419	0.02421	0.15729	0.62779	0.01465	0.01882	0.01860	0.01390	0.01963	0.01161	0.01562	0.00961	0.00566	0.00618	0.00189	0.00755	0.00555	0.00303	0.00939
13	0.01542	0.01480	0.02529	0.03824	0.74217	0.01480	0.01912	0.01912	0.01419	0.02036	0.01172	0.01542	0.00987	0.00555	0.00617	0.00185	0.00740	0.00555	0.00308	0.00987
14	0.01113	0.01106	0.02168	0.01725	0.02061	0.01035	0.35343	0.01433	0.01345	0.01801	0.02472	0.35662	0.05013	0.01236	0.00766	0.00232	0.00703	0.03665	0.00450	0.00672
15	0.01558	0.01592	0.03389	0.02444	0.03043	0.01488	0.63383	0.02051	0.01494	0.07835	0.01439	0.01931	0.01100	0.00593	0.00732	0.00212	0.00989	0.03516	0.00362	0.00847
16	0.01177	0.01107	0.01869	0.76606	0.04291	0.01384	0.01730	0.01592	0.01246	0.01592	0.01107	0.01661	0.00831	0.00623	0.00623	0.00208	0.00831	0.00554	0.00277	0.00692
17	0.00891	0.00610	0.00740	0.00751	0.00774	0.00627	0.00464	0.00939	0.00946	0.01281	0.02030	0.09714	0.02290	0.59092	0.15695	0.00646	0.00771	0.00934	0.00386	0.00419
18	0.01643	0.01447	0.02442	0.03606	0.68374	0.01435	0.01832	0.02003	0.01448	0.07877	0.01275	0.01589	0.01032	0.00573	0.00618	0.00186	0.00723	0.00561	0.00346	0.00993
19	0.01369	0.08815	0.41667	0.02044	0.02821	0.01580	0.28931	0.01973	0.01371	0.01940	0.01152	0.01430	0.00850	0.00561	0.00631	0.00197	0.00950	0.00555	0.00283	0.00880
20	0.00771	0.00561	0.00730	0.00860	0.00919	0.00520	0.00592	0.00894	0.01229	0.01615	0.03710	0.66701	0.10961	0.01902	0.00793	0.00251	0.00369	0.05534	0.00578	0.00512
21	0.01250	0.03223	0.74875	0.01776	0.02697	0.01447	0.02302	0.01973	0.01315	0.01973	0.01118	0.01315	0.00789	0.00592	0.00592	0.00197	0.00921	0.00460	0.00263	0.00921
22	0.01250	0.03223	0.74875	0.01776	0.02697	0.01447	0.02302	0.01973	0.01315	0.01973	0.01118	0.01315	0.00789	0.00592	0.00592	0.00197	0.00921	0.00460	0.00263	0.00921
23	0.01280	0.08727	0.69638	0.01724	0.02616	0.01521	0.02212	0.01965	0.01312	0.01936	0.01100	0.01292	0.00790	0.00588	0.00578	0.00193	0.00902	0.00451	0.00263	0.00912
24	0.01177	0.01107	0.01869	0.76606	0.04291	0.01384	0.01730	0.01592	0.01246	0.01592	0.01107	0.01661	0.00831	0.00623	0.00623	0.00208	0.00831	0.00554	0.00277	0.00692
25	0.01250	0.03223	0.74875	0.01776	0.02697	0.01447	0.02302	0.01973	0.01315	0.01973	0.01118	0.01315	0.00789	0.00592	0.00592	0.00197	0.00921	0.00460	0.00263	0.00921
26	0.10486	0.01247	0.01585	0.01460	0.07444	0.01330	0.07884	0.19676	0.12059	0.02710	0.08056	0.05802	0.01941	0.00885	0.00628	0.00201	0.00578	0.06572	0.08630	0.00825
27	0.01327	0.17221	0.61555	0.01644	0.02493	0.01636	0.02072	0.01953	0.01306	0.01879	0.01071	0.01257	0.00791	0.00581	0.00556	0.00185	0.00873	0.00437	0.00264	0.00898
28	0.01542	0.01480	0.02529	0.03824	0.74217	0.01480	0.01912	0.01912	0.01419	0.02036	0.01172	0.01542	0.00987	0.00555	0.00617	0.00185	0.00740	0.00555	0.00308	0.00987
29	0.02277	0.02873	0.01815	0.01749	0.06606	0.70803	0.01250	0.02451	0.01743	0.01558	0.00977	0.01151	0.00815	0.00636	0.00565	0.00162	0.01099	0.00411	0.00320	0.00739
30	0.01542	0.01480	0.02529	0.03824	0.74217	0.01480	0.01912	0.01912	0.01419	0.02036	0.01172	0.01542	0.00987	0.00555	0.00617	0.00185	0.00740	0.00555	0.00308	0.00987
31	0.01082	0.00541	0.00812	0.00812	0.00812	0.00541	0.00541	0.00812	0.00812	0.01082	0.01082	0.01894	0.01082	0.02165	0.02435	0.81872	0.00541	0.00541	0.00271	0.00271
32	0.00759	0.00542	0.00723	0.00868	0.00904	0.00506	0.00578	0.00868	0.01193	0.01591	0.03434	0.77697	0.04121	0.01952	0.00795	0.00253	0.00361	0.01771	0.00578	0.00506
33	0.02495	0.01536	0.01741	0.01369	0.01833	0.13596	0.06885	0.12370	0.04978	0.43615	0.01981	0.01841	0.01319	0.00729	0.00625	0.00189	0.00692	0.00592	0.00632	0.00982
34	0.00906	0.00604	0.00680	0.00680	0.00680	0.00604	0.00378	0.00906	0.00906	0.01208	0.01963	0.04077	0.02265	0.78103	0.03171	0.00604	0.00604	0.00906	0.00378	0.00378
35	0.02011	0.01661	0.01624	0.01374	0.01737	0.13727	0.01093	0.18258	0.28976	0.12442	0.01867	0.01821	0.01379	0.00804	0.00758	0.00201	0.08166	0.00597	0.00563	0.00939
36	0.02109	0.01991	0.01689	0.01439	0.01811	0.26728	0.01132	0.22357	0.20933	0.06855	0.01611	0.01619	0.01211	0.00758	0.00683	0.00189	0.04918	0.00548	0.00513	0.00905
37	0.01542	0.01480	0.02529	0.03824	0.74217	0.01480	0.01912	0.01912	0.01419	0.02036	0.01172	0.01542	0.00987	0.00555	0.00617	0.00185	0.00740	0.00555	0.00308	0.00987
38	0.02197	0.01648	0.01714	0.01526	0.06871	0.11665	0.01143	0.26101	0.17037	0.18566	0.01808	0.01754	0.01294	0.00755	0.00659	0.00192	0.02920	0.00583	0.00584	0.00982

[dist]
# distance from previous block
# <min> <max>
1	5

[block]
# block no. 4 follows, 36 sequences, length 13
# corresponding to MSA columns:
# 244-256
name=unknown_E
#
# <colnr> <probs for GDERKNQSTAVLIFYWHMCP>
#	G	D	E	R	K	N	Q	S	T	A	V	L	I	F	Y	W	H	M	C	P
0	0.09572	0.01489	0.02077	0.02281	0.28194	0.05196	0.09393	0.11288	0.03715	0.06162	0.03362	0.01588	0.01139	0.00612	0.00590	0.00177	0.00695	0.00548	0.00412	0.11511
1	0.65265	0.01080	0.00877	0.00804	0.01139	0.01218	0.00647	0.01655	0.01153	0.02623	0.07382	0.05464	0.07171	0.00783	0.00462	0.00197	0.00447	0.00551	0.00435	0.00647
2	0.07644	0.00876	0.00914	0.00922	0.01096	0.06706	0.00718	0.01289	0.01527	0.02105	0.30776	0.13733	0.12143	0.01379	0.00727	0.00221	0.00446	0.15611	0.00583	0.00586
3	0.01295	0.01169	0.01785	0.07459	0.33360	0.01180	0.03619	0.05104	0.06258	0.02106	0.10989	0.05012	0.16209	0.00915	0.00665	0.00198	0.00590	0.00824	0.00449	0.00813
4	0.03671	0.01454	0.02166	0.04357	0.31590	0.07518	0.12818	0.02001	0.06449	0.05790	0.08269	0.02023	0.03390	0.00687	0.00632	0.00188	0.00718	0.00648	0.02644	0.02987
5	0.01543	0.01553	0.02651	0.07264	0.56277	0.04429	0.13224	0.01932	0.01432	0.01986	0.01175	0.01554	0.00965	0.00557	0.00634	0.00189	0.00810	0.00578	0.00308	0.00938
6	0.02368	0.01745	0.01870	0.01434	0.01932	0.01932	0.01184	0.72139	0.02929	0.03927	0.01496	0.01496	0.01060	0.00748	0.00623	0.00187	0.00686	0.00561	0.00623	0.01060
7	0.00736	0.00631	0.00631	0.00631	0.00842	0.00526	0.00473	0.00894	0.01420	0.01683	0.06312	0.05996	0.73964	0.01578	0.00736	0.00210	0.00316	0.01315	0.00579	0.00526
8	0.00906	0.00604	0.00680	0.00680	0.00680	0.00604	0.00378	0.00906	0.00906	0.01208	0.01963	0.04077	0.02265	0.78103	0.03171	0.00604	0.00604	0.00906	0.00378	0.00378
9	0.02581	0.01161	0.01807	0.01354	0.01860	0.01023	0.12427	0.02868	0.01733	0.62876	0.02264	0.02049	0.01446	0.00731	0.00644	0.00196	0.00614	0.00644	0.00697	0.01025
10	0.02200	0.01661	0.01775	0.01399	0.01868	0.01853	0.01143	0.57945	0.17398	0.03654	0.01710	0.01667	0.01233	0.00768	0.00625	0.00192	0.00646	0.00591	0.00625	0.01044
11	0.01292	0.01107	0.01292	0.00923	0.01477	0.00831	0.00738	0.01569	0.01292	0.02030	0.01107	0.01292	0.00923	0.00461	0.00461	0.00092	0.00461	0.00369	0.00369	0.81912
12	0.01490	0.46748	0.33459	0.01365	0.02062	0.02036	0.01587	0.01911	0.01287	0.01680	0.00972	0.01133	0.00795	0.00558	0.00481	0.00160	0.00774	0.00387	0.00265	0.00851

[dist]
# distance from previous block
# <min> <max>
0	2

[block]
# block no. 5 follows, 36 sequences, length 26
# corresponding to MSA columns:
# 259-284
name=unknown_F
#
# <colnr> <probs for GDERKNQSTAVLIFYWHMCP>
#	G	D	E	R	K	N	Q	S	T	A	V	L	I	F	Y	W	H	M	C	P
0	0.02035	0.02325	0.04196	0.01492	0.03440	0.44503	0.01133	0.12963	0.07643	0.01968	0.01310	0.01668	0.01120	0.10464	0.00909	0.00227	0.00924	0.00520	0.00398	0.00765
1	0.82504	0.01205	0.00916	0.00819	0.01205	0.01398	0.00675	0.01832	0.01060	0.02795	0.00868	0.01012	0.00675	0.00578	0.00386	0.00193	0.00482	0.00337	0.00386	0.00675
2	0.01177	0.01107	0.01869	0.76606	0.04291	0.01384	0.01730	0.01592	0.01246	0.01592	0.01107	0.01661	0.00831	0.00623	0.00623	0.00208	0.00831	0.00554	0.00277	0.00692
3	0.00882	0.00637	0.00833	0.00784	0.00931	0.00588	0.00588	0.01176	0.01764	0.02499	0.73888	0.04654	0.05879	0.01274	0.00735	0.00196	0.00294	0.01127	0.00686	0.00588
4	0.82504	0.01205	0.00916	0.00819	0.01205	0.01398	0.00675	0.01832	0.01060	0.02795	0.00868	0.01012	0.00675	0.00578	0.00386	0.00193	0.00482	0.00337	0.00386	0.00675
5	0.00743	0.00631	0.00640	0.00638	0.00845	0.00529	0.00478	0.00906	0.01435	0.01718	0.09234	0.05938	0.71020	0.01565	0.00736	0.00210	0.00315	0.01307	0.00583	0.00529
6	0.82504	0.01205	0.00916	0.00819	0.01205	0.01398	0.00675	0.01832	0.01060	0.02795	0.00868	0.01012	0.00675	0.00578	0.00386	0.00193	0.00482	0.00337	0.00386	0.00675
7	0.01550	0.01338	0.01409	0.01268	0.01620	0.01550	0.00986	0.03311	0.73091	0.02606	0.02536	0.02325	0.01902	0.00845	0.00634	0.00211	0.00493	0.00704	0.00634	0.00986
8	0.01062	0.00571	0.00616	0.00651	0.00770	0.00562	0.00471	0.01308	0.01279	0.02142	0.02378	0.20917	0.02220	0.01028	0.00524	0.00172	0.00308	0.00874	0.61584	0.00562
9	0.62531	0.01273	0.01314	0.01561	0.19217	0.01418	0.00980	0.01851	0.01149	0.02608	0.00943	0.01143	0.00752	0.00573	0.00443	0.00191	0.00546	0.00391	0.00367	0.00752
10	0.01080	0.00875	0.00990	0.00929	0.01158	0.00903	0.00714	0.01837	0.25654	0.02329	0.32111	0.04265	0.19359	0.01215	0.00707	0.00208	0.00377	0.03941	0.00640	0.00708
11	0.07781	0.01941	0.01737	0.01401	0.01847	0.19966	0.01127	0.43130	0.02399	0.10532	0.01421	0.01436	0.01020	0.00713	0.00593	0.00181	0.00764	0.00513	0.00548	0.00951
12	0.62840	0.01169	0.01047	0.00891	0.01300	0.01279	0.00734	0.02129	0.01239	0.20521	0.01260	0.01286	0.00889	0.00626	0.00445	0.00193	0.00494	0.00409	0.00481	0.00770
13	0.01640	0.01593	0.02158	0.17637	0.39856	0.10851	0.01651	0.10331	0.01602	0.02094	0.01252	0.04218	0.01053	0.00653	0.00618	0.00189	0.00787	0.00579	0.00351	0.00886
14	0.19578	0.20596	0.14899	0.01088	0.01665	0.01472	0.01086	0.01773	0.01238	0.02052	0.00996	0.01161	0.00813	0.00529	0.00453	0.00144	0.00599	0.00370	0.00328	0.29160
15	0.00956	0.00697	0.00938	0.01039	0.01191	0.00678	0.00888	0.01229	0.01474	0.01923	0.12585	0.06604	0.12341	0.01647	0.00830	0.00266	0.00507	0.53049	0.00588	0.00570
16	0.01486	0.01281	0.01380	0.01183	0.01585	0.01372	0.00925	0.02881	0.55378	0.02464	0.02184	0.02070	0.01660	0.00751	0.00591	0.00182	0.00485	0.00622	0.00569	0.20951
17	0.01233	0.11621	0.34680	0.01831	0.14952	0.01348	0.01653	0.01676	0.01298	0.01827	0.01668	0.20160	0.01648	0.00914	0.00623	0.00201	0.00719	0.00785	0.00349	0.00815
18	0.00998	0.00740	0.00890	0.00799	0.00957	0.00692	0.00541	0.01108	0.01019	0.01455	0.01697	0.03088	0.01803	0.45313	0.15959	0.00552	0.00767	0.00729	0.00367	0.20525
19	0.01903	0.01804	0.01579	0.01368	0.01738	0.19865	0.01068	0.19031	0.36017	0.02642	0.05057	0.01938	0.01610	0.00791	0.00618	0.00192	0.00685	0.00615	0.00557	0.00921
20	0.01875	0.01922	0.01543	0.01344	0.01657	0.32919	0.01040	0.06593	0.10716	0.06622	0.11789	0.01906	0.01747	0.00797	0.00726	0.00179	0.07502	0.00578	0.00460	0.08085
21	0.37751	0.01012	0.01021	0.00874	0.01194	0.01053	0.00676	0.01975	0.01246	0.24601	0.01629	0.02111	0.01335	0.19763	0.01147	0.00294	0.00527	0.00567	0.00503	0.00721
22	0.01286	0.02716	0.53688	0.01937	0.02748	0.01437	0.19401	0.01940	0.01376	0.02004	0.04714	0.01569	0.01077	0.00609	0.00634	0.00200	0.00922	0.00561	0.00297	0.00885
23	0.01851	0.01377	0.02262	0.03154	0.56300	0.01341	0.01666	0.02190	0.01509	0.19949	0.01489	0.01685	0.01124	0.00608	0.00619	0.00187	0.00688	0.00573	0.00423	0.01005
24	0.01372	0.00912	0.01181	0.03721	0.01295	0.01003	0.00812	0.18526	0.01432	0.01945	0.04833	0.01993	0.01370	0.02084	0.13662	0.38881	0.03437	0.00596	0.00388	0.00556
25	0.01271	0.01237	0.01932	0.65383	0.11432	0.05026	0.01723	0.01669	0.01289	0.01635	0.01107	0.01622	0.00845	0.00617	0.00619	0.00203	0.00836	0.00546	0.00282	0.00724

[dist]
# distance from previous block
# <min> <max>
3	20

# created by:
# /home/cegg/simao/soft/augustus-3.2.1/scripts/msa2prfl.pl ./align_prep/EOG090W0GWN.fa
