[name]
unknown

[dist]
# distance from previous block
# <min> <max>
5	50

[block]
# block no. 0 follows, 29 sequences, length 27
# corresponding to MSA columns:
# 52-78
name=unknown_A
#
# <colnr> <probs for GDERKNQSTAVLIFYWHMCP>
#	G	D	E	R	K	N	Q	S	T	A	V	L	I	F	Y	W	H	M	C	P
0	0.01783	0.04004	0.01722	0.03850	0.01870	0.01215	0.04828	0.11551	0.01906	0.11714	0.10892	0.05069	0.06397	0.00896	0.00675	0.00181	0.00598	0.00759	0.00583	0.29506
1	0.01598	0.30956	0.40578	0.01646	0.02485	0.02042	0.01961	0.02162	0.01497	0.02055	0.03397	0.01488	0.01100	0.00670	0.00592	0.00193	0.00898	0.00491	0.00322	0.03867
2	0.01751	0.01684	0.02851	0.04231	0.66689	0.01719	0.02150	0.02159	0.01592	0.02292	0.01317	0.01751	0.01117	0.00669	0.00796	0.00217	0.04924	0.00634	0.00350	0.01108
3	0.01647	0.01260	0.01494	0.01076	0.01700	0.00959	0.00864	0.01959	0.01532	0.09138	0.01419	0.01571	0.01125	0.00562	0.00546	0.00117	0.00535	0.00451	0.00467	0.71577
4	0.02478	0.01809	0.01966	0.01570	0.02086	0.01997	0.01289	0.50460	0.14007	0.07125	0.02084	0.02294	0.01575	0.00944	0.00731	0.00226	0.00731	0.04747	0.00718	0.01162
5	0.01830	0.01702	0.02793	0.06883	0.61820	0.01733	0.02103	0.08049	0.01767	0.02499	0.01369	0.01763	0.01128	0.00657	0.00706	0.00213	0.00845	0.00635	0.00383	0.01122
6	0.01643	0.36004	0.40842	0.01664	0.02517	0.02178	0.01994	0.02200	0.01478	0.01994	0.01148	0.01341	0.00907	0.00646	0.00578	0.00193	0.00921	0.00461	0.00302	0.00990
7	0.01502	0.03581	0.68393	0.01998	0.03029	0.01628	0.02565	0.02306	0.01526	0.05112	0.01341	0.01542	0.00938	0.00685	0.00678	0.00225	0.01034	0.00534	0.00325	0.01059
8	0.01081	0.00839	0.01251	0.01384	0.07598	0.00926	0.00949	0.01333	0.01246	0.01771	0.05891	0.03133	0.04494	0.10005	0.53680	0.00939	0.01571	0.00828	0.00415	0.00666
9	0.02463	0.01690	0.03982	0.02023	0.15933	0.07957	0.01383	0.10334	0.10749	0.29244	0.05264	0.02238	0.01747	0.00845	0.00712	0.00217	0.00733	0.00699	0.00665	0.01119
10	0.00969	0.00726	0.00899	0.00856	0.01040	0.00656	0.00642	0.01270	0.01925	0.02641	0.55647	0.05673	0.21363	0.01536	0.00840	0.00228	0.00342	0.01337	0.00756	0.00656
11	0.03195	0.01212	0.01652	0.01267	0.01818	0.01047	0.01047	0.03470	0.02038	0.71026	0.02809	0.02424	0.01763	0.00881	0.00716	0.00220	0.00606	0.00716	0.00881	0.01212
12	0.01812	0.01708	0.02850	0.04226	0.66923	0.01719	0.02141	0.05672	0.01713	0.02441	0.01359	0.01760	0.01132	0.00646	0.00705	0.00212	0.00843	0.00635	0.00371	0.01132
13	0.01237	0.00618	0.00928	0.00928	0.00928	0.00618	0.00618	0.00928	0.00928	0.01237	0.01237	0.02165	0.01237	0.02474	0.02783	0.79283	0.00618	0.00618	0.00309	0.00309
14	0.00929	0.00695	0.00875	0.00984	0.01110	0.00641	0.00734	0.01124	0.01529	0.01976	0.08880	0.38815	0.21483	0.02017	0.00903	0.00281	0.00446	0.15305	0.00668	0.00606
15	0.01492	0.01416	0.02402	0.48970	0.28047	0.01621	0.02051	0.01948	0.01493	0.01998	0.01292	0.01850	0.01012	0.00685	0.00709	0.00228	0.00913	0.00633	0.00329	0.00910
16	0.02374	0.02299	0.04909	0.02623	0.26028	0.23947	0.01662	0.14157	0.02097	0.10879	0.01506	0.01673	0.01145	0.00736	0.00687	0.00205	0.00952	0.00586	0.00483	0.01054
17	0.02660	0.03394	0.02018	0.01834	0.02201	0.72116	0.01376	0.02843	0.02018	0.01743	0.01101	0.01284	0.00917	0.00734	0.00642	0.00183	0.01284	0.00459	0.00367	0.00825
18	0.01008	0.00728	0.00952	0.00896	0.01064	0.00672	0.00672	0.01344	0.02016	0.02855	0.70158	0.05319	0.06719	0.01456	0.00840	0.00224	0.00336	0.01288	0.00784	0.00672
19	0.01522	0.01334	0.01703	0.01586	0.12727	0.01068	0.01059	0.01856	0.01500	0.02321	0.01277	0.01522	0.01066	0.00545	0.00556	0.00122	0.00578	0.00456	0.00411	0.66788
20	0.01851	0.01549	0.01694	0.01571	0.06081	0.03556	0.01165	0.19559	0.30370	0.03092	0.07095	0.03025	0.11480	0.01067	0.00799	0.00232	0.03255	0.00863	0.00668	0.01027
21	0.01762	0.01692	0.02890	0.04371	0.70533	0.01692	0.02185	0.02185	0.01621	0.02326	0.01339	0.01762	0.01128	0.00634	0.00705	0.00211	0.00846	0.00634	0.00352	0.01128
22	0.01736	0.01665	0.02843	0.08684	0.66425	0.01685	0.02172	0.02162	0.01609	0.02295	0.01335	0.01771	0.01117	0.00639	0.00705	0.00213	0.00852	0.00634	0.00350	0.01107
23	0.01771	0.01530	0.01610	0.01449	0.01852	0.01771	0.01127	0.03784	0.69247	0.02979	0.02898	0.02657	0.02174	0.00966	0.00725	0.00242	0.00564	0.00805	0.00725	0.01127
24	0.01762	0.01692	0.02890	0.04371	0.70533	0.01692	0.02185	0.02185	0.01621	0.02326	0.01339	0.01762	0.01128	0.00634	0.00705	0.00211	0.00846	0.00634	0.00352	0.01128
25	0.01036	0.00690	0.00777	0.00777	0.00777	0.00690	0.00431	0.01036	0.01036	0.01381	0.02244	0.04660	0.02589	0.74975	0.03624	0.00690	0.00690	0.01036	0.00431	0.00431
26	0.01092	0.10546	0.01239	0.01015	0.01150	0.00899	0.00735	0.01235	0.01403	0.03974	0.05908	0.56249	0.04079	0.05789	0.00984	0.00288	0.00477	0.01686	0.00613	0.00638

[dist]
# distance from previous block
# <min> <max>
0	1

[block]
# block no. 1 follows, 29 sequences, length 19
# corresponding to MSA columns:
# 80-98
name=unknown_B
#
# <colnr> <probs for GDERKNQSTAVLIFYWHMCP>
#	G	D	E	R	K	N	Q	S	T	A	V	L	I	F	Y	W	H	M	C	P
0	0.02604	0.02754	0.01996	0.01720	0.02146	0.44307	0.01333	0.21930	0.04777	0.04974	0.01429	0.01548	0.01106	0.00939	0.03100	0.00228	0.01110	0.00544	0.00499	0.00956
1	0.01524	0.01507	0.02115	0.01823	0.01832	0.02099	0.01516	0.01686	0.01094	0.01710	0.00996	0.01636	0.00988	0.01506	0.06763	0.00364	0.69123	0.00632	0.00316	0.00770
2	0.02288	0.02728	0.01836	0.01650	0.01978	0.50607	0.01258	0.06612	0.01980	0.01978	0.04455	0.02181	0.09852	0.00942	0.00811	0.00204	0.06746	0.00645	0.00437	0.00812
3	0.01008	0.00728	0.00952	0.00896	0.01064	0.00672	0.00672	0.01344	0.02016	0.02855	0.70158	0.05319	0.06719	0.01456	0.00840	0.00224	0.00336	0.01288	0.00784	0.00672
4	0.01466	0.03419	0.61244	0.02175	0.03178	0.01676	0.12408	0.02259	0.01530	0.02259	0.01302	0.01566	0.00929	0.00665	0.00701	0.00228	0.01075	0.00573	0.00310	0.01039
5	0.01017	0.00763	0.01144	0.01144	0.01272	0.00890	0.00890	0.01272	0.01144	0.01653	0.01907	0.02797	0.01780	0.05340	0.72153	0.01144	0.01907	0.00763	0.00381	0.00636
6	0.01036	0.00690	0.00777	0.00777	0.00777	0.00690	0.00431	0.01036	0.01036	0.01381	0.02244	0.04660	0.02589	0.74975	0.03624	0.00690	0.00690	0.01036	0.00431	0.00431
7	0.01786	0.01517	0.01597	0.01421	0.01826	0.01736	0.01110	0.08352	0.60495	0.03028	0.03061	0.02830	0.06041	0.01006	0.00730	0.00239	0.00568	0.00833	0.00720	0.01103
8	0.41430	0.01462	0.01454	0.01182	0.01682	0.01571	0.00975	0.16682	0.01907	0.22872	0.01666	0.01638	0.01149	0.00766	0.00578	0.00219	0.00617	0.00535	0.00625	0.00992
9	0.02027	0.01585	0.01685	0.01466	0.03766	0.05681	0.01130	0.28328	0.15848	0.05727	0.13212	0.02770	0.05024	0.01241	0.04615	0.00270	0.00723	0.00811	0.03083	0.01011
10	0.01588	0.01514	0.02575	0.33180	0.43089	0.01646	0.02098	0.02032	0.01539	0.02114	0.01309	0.01819	0.01053	0.00667	0.00708	0.00222	0.00889	0.00634	0.00337	0.00987
11	0.03195	0.01212	0.01652	0.01267	0.01818	0.01047	0.01047	0.03470	0.02038	0.71026	0.02809	0.02424	0.01763	0.00881	0.00716	0.00220	0.00606	0.00716	0.00881	0.01212
12	0.00944	0.00713	0.00872	0.00858	0.01031	0.00641	0.00634	0.01210	0.01825	0.02466	0.44354	0.14192	0.24361	0.01648	0.00849	0.00237	0.00352	0.01438	0.00734	0.00641
13	0.01897	0.71468	0.03618	0.01231	0.01829	0.02762	0.01214	0.02220	0.05059	0.01745	0.01092	0.01223	0.00981	0.00628	0.00471	0.00157	0.00751	0.00403	0.00327	0.00925
14	0.07372	0.01221	0.01620	0.01249	0.01794	0.01077	0.01032	0.03395	0.01993	0.67338	0.02710	0.02355	0.01709	0.00869	0.00701	0.00220	0.00603	0.00698	0.00857	0.01188
15	0.00868	0.00620	0.00826	0.00991	0.01033	0.00578	0.00661	0.00991	0.01363	0.01818	0.03925	0.74510	0.04710	0.02231	0.00909	0.00289	0.00413	0.02024	0.00661	0.00578
16	0.00983	0.00702	0.00958	0.01123	0.01215	0.00677	0.00861	0.01190	0.01477	0.01946	0.03861	0.47198	0.04458	0.02122	0.00940	0.00305	0.00513	0.28202	0.00659	0.00610
17	0.01871	0.09868	0.28342	0.02151	0.14667	0.01737	0.01890	0.04734	0.13690	0.11501	0.01764	0.01846	0.01293	0.00746	0.00674	0.00217	0.00831	0.00609	0.00475	0.01091
18	0.02521	0.02088	0.02128	0.01825	0.06422	0.10523	0.01397	0.48352	0.08426	0.03793	0.01682	0.01734	0.01239	0.00851	0.00767	0.00216	0.03633	0.00632	0.00634	0.01136

[dist]
# distance from previous block
# <min> <max>
4	11

[block]
# block no. 2 follows, 29 sequences, length 46
# corresponding to MSA columns:
# 111-156
name=unknown_C
#
# <colnr> <probs for GDERKNQSTAVLIFYWHMCP>
#	G	D	E	R	K	N	Q	S	T	A	V	L	I	F	Y	W	H	M	C	P
0	0.01772	0.01287	0.01460	0.01153	0.01659	0.01189	0.00916	0.06254	0.17629	0.09610	0.01969	0.02016	0.01498	0.00724	0.00600	0.00163	0.00534	0.00586	0.10642	0.38337
1	0.01022	0.00702	0.00935	0.01080	0.02989	0.00662	0.00724	0.01176	0.01427	0.04387	0.07702	0.51282	0.06483	0.09914	0.01188	0.00325	0.00473	0.06274	0.00643	0.00613
2	0.01036	0.00690	0.00777	0.00777	0.00777	0.00690	0.00431	0.01036	0.01036	0.01381	0.02244	0.04660	0.02589	0.74975	0.03624	0.00690	0.00690	0.01036	0.00431	0.00431
3	0.01714	0.02125	0.22602	0.01723	0.06627	0.01526	0.01588	0.04496	0.24501	0.06623	0.01929	0.01964	0.01438	0.00757	0.00666	0.00204	0.00729	0.00620	0.00518	0.17651
4	0.02073	0.01779	0.01783	0.01522	0.01920	0.08317	0.01209	0.21746	0.34143	0.03169	0.02193	0.02169	0.01658	0.00927	0.00833	0.00229	0.06766	0.00702	0.05799	0.01064
5	0.01345	0.01266	0.02136	0.73264	0.04904	0.01582	0.01978	0.01819	0.01424	0.01819	0.01266	0.01898	0.00949	0.00712	0.00712	0.00237	0.00949	0.00633	0.00316	0.00791
6	0.01665	0.06017	0.34595	0.02213	0.07142	0.05993	0.16178	0.02255	0.01594	0.05949	0.01657	0.03927	0.03633	0.00773	0.00770	0.00227	0.03366	0.00682	0.00377	0.00987
7	0.01769	0.19828	0.09822	0.01950	0.02466	0.02009	0.20588	0.02147	0.01491	0.07703	0.01567	0.01867	0.04169	0.00844	0.01082	0.00233	0.18497	0.00664	0.00386	0.00919
8	0.01359	0.00800	0.01006	0.00910	0.01152	0.00720	0.00698	0.01660	0.01917	0.13721	0.43986	0.04897	0.15802	0.01372	0.00794	0.00222	0.00383	0.01183	0.06670	0.00747
9	0.01172	0.00922	0.01050	0.00977	0.01223	0.00910	0.00743	0.05621	0.12406	0.02647	0.33720	0.07957	0.24965	0.01481	0.00818	0.00234	0.00409	0.01269	0.00728	0.00750
10	0.01834	0.35227	0.22656	0.01726	0.02433	0.06582	0.08684	0.06698	0.01639	0.02100	0.01173	0.01389	0.00949	0.00675	0.00657	0.00194	0.03572	0.00502	0.00341	0.00968
11	0.01033	0.00699	0.00820	0.00820	0.00835	0.00714	0.00485	0.01063	0.01048	0.01413	0.02204	0.04441	0.02494	0.66812	0.11658	0.00744	0.00833	0.01004	0.00426	0.00455
12	0.00911	0.00651	0.00876	0.01041	0.01101	0.00616	0.00736	0.01067	0.01406	0.01866	0.03901	0.64201	0.04615	0.02190	0.00920	0.00295	0.00451	0.11906	0.00660	0.00590
13	0.05216	0.47730	0.07520	0.01502	0.02038	0.07991	0.05453	0.02147	0.01452	0.01824	0.01037	0.01280	0.00920	0.00710	0.00759	0.00189	0.10561	0.00457	0.00319	0.00894
14	0.01354	0.07244	0.04623	0.08489	0.09986	0.03935	0.05230	0.01832	0.07646	0.02226	0.15504	0.16546	0.08157	0.01251	0.00774	0.00235	0.00651	0.02954	0.00548	0.00812
15	0.01130	0.00807	0.01128	0.01292	0.01448	0.00805	0.01117	0.01446	0.01622	0.02112	0.03780	0.12125	0.04136	0.01983	0.00979	0.00325	0.00641	0.61818	0.00656	0.00651
16	0.00868	0.00620	0.00826	0.00991	0.01033	0.00578	0.00661	0.00991	0.01363	0.01818	0.03925	0.74510	0.04710	0.02231	0.00909	0.00289	0.00413	0.02024	0.00661	0.00578
17	0.01413	0.01812	0.20303	0.29934	0.03218	0.01420	0.01784	0.04002	0.01485	0.05118	0.01759	0.11459	0.01583	0.04505	0.03984	0.00302	0.03859	0.00814	0.00404	0.00842
18	0.01527	0.01515	0.02120	0.01830	0.01831	0.02108	0.01517	0.01681	0.01103	0.01718	0.01070	0.04870	0.01106	0.01291	0.02272	0.00311	0.70346	0.00687	0.00327	0.00770
19	0.01737	0.01666	0.02844	0.08612	0.66493	0.01685	0.02173	0.02163	0.01609	0.02295	0.01335	0.01771	0.01117	0.00639	0.00705	0.00213	0.00852	0.00634	0.00350	0.01107
20	0.01019	0.00683	0.00781	0.00798	0.00802	0.00679	0.00454	0.01031	0.01068	0.01423	0.02408	0.11479	0.02796	0.67874	0.03359	0.00651	0.00663	0.01132	0.00454	0.00446
21	0.01034	0.00697	0.00812	0.00812	0.00825	0.00710	0.00476	0.01058	0.01046	0.01407	0.02211	0.04479	0.02510	0.68201	0.10291	0.00735	0.00809	0.01009	0.00427	0.00451
22	0.01558	0.01558	0.02181	0.01869	0.01869	0.02181	0.01558	0.01714	0.01091	0.01714	0.00935	0.01558	0.00935	0.01246	0.02337	0.00312	0.73672	0.00623	0.00312	0.00779
23	0.01345	0.01266	0.02136	0.73264	0.04904	0.01582	0.01978	0.01819	0.01424	0.01819	0.01266	0.01898	0.00949	0.00712	0.00712	0.00237	0.00949	0.00633	0.00316	0.00791
24	0.03195	0.01212	0.01652	0.01267	0.01818	0.01047	0.01047	0.03470	0.02038	0.71026	0.02809	0.02424	0.01763	0.00881	0.00716	0.00220	0.00606	0.00716	0.00881	0.01212
25	0.01671	0.01599	0.02725	0.19435	0.56182	0.01668	0.02140	0.02105	0.01578	0.02215	0.01323	0.01792	0.01089	0.00651	0.00706	0.00217	0.00869	0.00634	0.00345	0.01054
26	0.01762	0.01692	0.02890	0.04371	0.70533	0.01692	0.02185	0.02185	0.01621	0.02326	0.01339	0.01762	0.01128	0.00634	0.00705	0.00211	0.00846	0.00634	0.00352	0.01128
27	0.00976	0.00727	0.00908	0.00863	0.01044	0.00658	0.00647	0.01282	0.01941	0.02677	0.58137	0.05612	0.18851	0.01522	0.00840	0.00227	0.00341	0.01329	0.00760	0.00658
28	0.01545	0.01130	0.01369	0.01039	0.01551	0.00893	0.00824	0.01862	0.01666	0.09699	0.18043	0.02503	0.02495	0.00789	0.00623	0.00146	0.00489	0.00662	0.00558	0.52116
29	0.00957	0.00716	0.00888	0.00865	0.01038	0.00647	0.00641	0.01238	0.01866	0.02548	0.49716	0.12045	0.21004	0.01606	0.00847	0.00234	0.00349	0.01405	0.00745	0.00647
30	0.02505	0.01894	0.02023	0.01598	0.02131	0.02114	0.01305	0.54273	0.17563	0.04162	0.01966	0.01914	0.01419	0.00879	0.00715	0.00220	0.00736	0.00676	0.00715	0.01193
31	0.01343	0.03104	0.57148	0.01916	0.04877	0.01473	0.02277	0.02040	0.01495	0.02188	0.01872	0.10959	0.04406	0.00920	0.00714	0.00234	0.00935	0.00761	0.00363	0.00975
32	0.01611	0.14407	0.25679	0.02320	0.03105	0.01874	0.32943	0.02212	0.01583	0.02167	0.01420	0.01935	0.01132	0.00688	0.00731	0.00225	0.01056	0.03596	0.00345	0.00969
33	0.04825	0.03367	0.62944	0.01928	0.02887	0.01588	0.02438	0.02189	0.01501	0.02287	0.01453	0.01980	0.01137	0.00773	0.00689	0.00233	0.01001	0.05436	0.00334	0.01010
34	0.00978	0.00659	0.00869	0.01001	0.01080	0.00610	0.00690	0.01120	0.01419	0.04847	0.04060	0.64820	0.08341	0.02137	0.00900	0.00285	0.00428	0.04475	0.00670	0.00610
35	0.01717	0.01636	0.02273	0.23588	0.29963	0.07942	0.01786	0.08835	0.01758	0.02291	0.01782	0.04188	0.05392	0.00936	0.02695	0.00247	0.00897	0.00715	0.00409	0.00949
36	0.38289	0.01438	0.01636	0.05927	0.14163	0.01546	0.01188	0.08774	0.01630	0.11625	0.01480	0.03971	0.01157	0.00753	0.00585	0.00217	0.00652	0.00568	0.00507	0.03895
37	0.08541	0.01454	0.02226	0.07294	0.43331	0.01483	0.01708	0.04568	0.01643	0.02388	0.02337	0.02847	0.11533	0.00904	0.00719	0.00225	0.00740	0.04649	0.00437	0.00973
38	0.05098	0.01688	0.02302	0.18544	0.22818	0.04760	0.03847	0.21210	0.02081	0.04980	0.01573	0.05062	0.01269	0.00800	0.00709	0.00222	0.00843	0.00691	0.00483	0.01021
39	0.15640	0.03666	0.02186	0.08089	0.29001	0.01659	0.01564	0.10304	0.04860	0.13903	0.01618	0.01792	0.01207	0.00726	0.00656	0.00216	0.00741	0.00606	0.00510	0.01057
40	0.06357	0.06064	0.04709	0.02736	0.35373	0.01516	0.01601	0.04382	0.03743	0.10270	0.04332	0.02670	0.09518	0.00883	0.00704	0.00218	0.00715	0.02699	0.00495	0.01014
41	0.01899	0.09686	0.02730	0.05689	0.47646	0.01759	0.01861	0.04983	0.04385	0.07498	0.01483	0.01771	0.01188	0.00671	0.00673	0.00204	0.00796	0.00612	0.00418	0.04046
42	0.10826	0.12109	0.14272	0.02833	0.34271	0.01836	0.01862	0.06614	0.01663	0.05408	0.01329	0.01589	0.01052	0.00666	0.00637	0.00207	0.00821	0.00557	0.00394	0.01054
43	0.08580	0.05918	0.04897	0.02730	0.33927	0.04149	0.01624	0.10051	0.01860	0.07733	0.08076	0.02172	0.03641	0.00796	0.00683	0.00211	0.00752	0.00682	0.00487	0.01030
44	0.09040	0.10793	0.18488	0.02129	0.17301	0.06846	0.01671	0.04237	0.05726	0.07160	0.06468	0.01887	0.01517	0.00751	0.00647	0.00207	0.00808	0.00601	0.00447	0.03275
45	0.04443	0.09231	0.08106	0.04768	0.35486	0.01839	0.01800	0.10635	0.08997	0.02612	0.01496	0.01740	0.01191	0.00697	0.00665	0.00207	0.00796	0.00602	0.00433	0.04256

[dist]
# distance from previous block
# <min> <max>
19	121

[block]
# block no. 3 follows, 29 sequences, length 135
# corresponding to MSA columns:
# 295-340,344-359,370-442
name=unknown_D
#
# <colnr> <probs for GDERKNQSTAVLIFYWHMCP>
#	G	D	E	R	K	N	Q	S	T	A	V	L	I	F	Y	W	H	M	C	P
0	0.01797	0.14450	0.23145	0.08385	0.13997	0.01777	0.03877	0.02472	0.08950	0.09787	0.01589	0.01760	0.01189	0.00709	0.00658	0.00210	0.00847	0.00587	0.00427	0.03386
1	0.07341	0.04403	0.25585	0.08708	0.29738	0.01667	0.02086	0.02222	0.04866	0.02354	0.03553	0.01782	0.01235	0.00699	0.00675	0.00219	0.00870	0.00602	0.00369	0.01027
2	0.01779	0.06136	0.12209	0.03337	0.43948	0.01716	0.04641	0.05487	0.03686	0.04623	0.04542	0.01903	0.01391	0.00703	0.00700	0.00213	0.00842	0.00651	0.00408	0.01085
3	0.01528	0.10293	0.34867	0.02036	0.10499	0.01657	0.04583	0.05946	0.01608	0.02266	0.01804	0.08894	0.04473	0.00885	0.00735	0.00221	0.02839	0.00732	0.00390	0.03744
4	0.01746	0.01675	0.02860	0.07122	0.67912	0.01687	0.02177	0.02171	0.01613	0.02306	0.01336	0.01768	0.01121	0.00638	0.00705	0.00213	0.00850	0.00634	0.00351	0.01114
5	0.01693	0.01630	0.02809	0.15399	0.57944	0.01678	0.04163	0.02129	0.01591	0.02243	0.01331	0.01789	0.01098	0.00646	0.00710	0.00217	0.00873	0.00640	0.00347	0.01069
6	0.04527	0.01681	0.02825	0.04249	0.68090	0.01689	0.02135	0.02182	0.01607	0.02357	0.01327	0.01741	0.01115	0.00635	0.00696	0.00212	0.00836	0.00626	0.00356	0.01115
7	0.01488	0.01312	0.02049	0.45929	0.11456	0.01427	0.01701	0.01913	0.01480	0.04440	0.01329	0.01802	0.01023	0.00666	0.00668	0.00203	0.00826	0.00586	0.00365	0.19338
8	0.01762	0.01692	0.02890	0.04371	0.70533	0.01692	0.02185	0.02185	0.01621	0.02326	0.01339	0.01762	0.01128	0.00634	0.00705	0.00211	0.00846	0.00634	0.00352	0.01128
9	0.00900	0.00724	0.00803	0.00783	0.00998	0.00626	0.00587	0.01135	0.01761	0.02252	0.29377	0.06313	0.47876	0.01681	0.00841	0.00235	0.00352	0.01427	0.00704	0.00626
10	0.01345	0.01266	0.02136	0.73264	0.04904	0.01582	0.01978	0.01819	0.01424	0.01819	0.01266	0.01898	0.00949	0.00712	0.00712	0.00237	0.00949	0.00633	0.00316	0.00791
11	0.00868	0.00620	0.00826	0.00991	0.01033	0.00578	0.00661	0.00991	0.01363	0.01818	0.03925	0.74510	0.04710	0.02231	0.00909	0.00289	0.00413	0.02024	0.00661	0.00578
12	0.01525	0.18270	0.57547	0.01865	0.02827	0.01890	0.02344	0.02230	0.01492	0.02137	0.01219	0.01430	0.00904	0.00663	0.00632	0.00211	0.00993	0.00497	0.00301	0.01024
13	0.01147	0.00820	0.01147	0.01311	0.01475	0.00820	0.01147	0.01475	0.01639	0.02131	0.03770	0.08032	0.04098	0.01967	0.00984	0.00328	0.00656	0.65741	0.00656	0.00656
14	0.01558	0.01558	0.02181	0.01869	0.01869	0.02181	0.01558	0.01714	0.01091	0.01714	0.00935	0.01558	0.00935	0.01246	0.02337	0.00312	0.73672	0.00623	0.00312	0.00779
15	0.01325	0.01164	0.01281	0.01233	0.01505	0.07675	0.00994	0.01592	0.01570	0.02078	0.05432	0.14415	0.05681	0.01626	0.03726	0.00281	0.03668	0.24988	0.00554	0.19211
16	0.01569	0.21307	0.48556	0.01915	0.02828	0.01955	0.08105	0.02227	0.01505	0.02114	0.01221	0.01451	0.00921	0.00653	0.00637	0.00209	0.00993	0.00518	0.00307	0.01010
17	0.01681	0.01921	0.04202	0.03001	0.03721	0.01801	0.67947	0.02281	0.01681	0.02281	0.01441	0.01921	0.01080	0.00600	0.00840	0.00240	0.01200	0.00840	0.00360	0.00960
18	0.01005	0.00770	0.01030	0.07860	0.01449	0.00791	0.00825	0.01237	0.01435	0.01918	0.10497	0.16069	0.17788	0.08798	0.18041	0.00503	0.00838	0.05570	0.02956	0.00622
19	0.01036	0.00690	0.00777	0.00777	0.00777	0.00690	0.00431	0.01036	0.01036	0.01381	0.02244	0.04660	0.02589	0.74975	0.03624	0.00690	0.00690	0.01036	0.00431	0.00431
20	0.01481	0.00828	0.01081	0.00976	0.01225	0.00743	0.00746	0.01770	0.01925	0.18283	0.43187	0.11519	0.10541	0.01428	0.00818	0.00231	0.00407	0.01246	0.00784	0.00781
21	0.01904	0.75404	0.03731	0.01218	0.01828	0.02818	0.01218	0.02132	0.01447	0.01675	0.00990	0.01142	0.00914	0.00609	0.00457	0.00152	0.00761	0.00381	0.00305	0.00914
22	0.41561	0.01291	0.01150	0.01018	0.01400	0.01460	0.00817	0.09332	0.11065	0.03172	0.01660	0.01791	0.01272	0.00766	0.00524	0.00209	0.00524	0.00540	0.19606	0.00842
23	0.01894	0.01824	0.01599	0.01465	0.01710	0.22816	0.01118	0.12922	0.01897	0.04366	0.04439	0.22800	0.02383	0.01372	0.01018	0.03265	0.08826	0.02953	0.00539	0.00796
24	0.01772	0.55559	0.22423	0.01443	0.02175	0.02496	0.01609	0.02166	0.01462	0.01836	0.01070	0.01242	0.00911	0.00628	0.00518	0.00173	0.00842	0.00421	0.00304	0.00952
25	0.03124	0.01214	0.01645	0.01258	0.01812	0.01043	0.01038	0.03402	0.02015	0.68213	0.02746	0.02385	0.01734	0.00867	0.00708	0.00216	0.00603	0.00704	0.00863	0.04410
26	0.01017	0.00763	0.01144	0.01144	0.01272	0.00890	0.00890	0.01272	0.01144	0.01653	0.01907	0.02797	0.01780	0.05340	0.72153	0.01144	0.01907	0.00763	0.00381	0.00636
27	0.01001	0.00728	0.00942	0.00889	0.01060	0.00669	0.00667	0.01331	0.02000	0.02817	0.67580	0.05382	0.09320	0.01470	0.00840	0.00225	0.00337	0.01297	0.00779	0.00669
28	0.01237	0.00618	0.00928	0.00928	0.00928	0.00618	0.00618	0.00928	0.00928	0.01237	0.01237	0.02165	0.01237	0.02474	0.02783	0.79283	0.00618	0.00618	0.00309	0.00309
29	0.00845	0.00708	0.00735	0.00758	0.00971	0.00598	0.00557	0.01018	0.01588	0.01909	0.06772	0.15941	0.61441	0.01861	0.00851	0.00247	0.00368	0.01573	0.00661	0.00598
30	0.01018	0.00760	0.01131	0.01131	0.01254	0.00883	0.00874	0.01263	0.01140	0.01643	0.01919	0.02864	0.01809	0.07831	0.69703	0.01128	0.01864	0.00773	0.00383	0.00628
31	0.01779	0.56566	0.21475	0.01431	0.02157	0.02512	0.01589	0.02164	0.01462	0.01828	0.01066	0.01237	0.00911	0.00627	0.00515	0.00172	0.00838	0.00419	0.00304	0.00950
32	0.01487	0.01275	0.01481	0.01068	0.01693	0.00978	0.00854	0.01862	0.03838	0.02343	0.01323	0.01518	0.01094	0.00543	0.00534	0.00110	0.00529	0.00435	0.00432	0.76603
33	0.00917	0.00787	0.00882	0.00981	0.05434	0.00681	0.00671	0.01123	0.01637	0.01989	0.08916	0.06513	0.61399	0.01722	0.00838	0.00241	0.00401	0.03585	0.00646	0.00639
34	0.01477	0.01266	0.01477	0.01055	0.01687	0.00949	0.00844	0.01793	0.01477	0.02320	0.01266	0.01477	0.01055	0.00527	0.00527	0.00105	0.00527	0.00422	0.00422	0.79328
35	0.01170	0.00739	0.00941	0.00938	0.01071	0.00694	0.00677	0.01320	0.01529	0.06873	0.21112	0.13909	0.11475	0.17779	0.01654	0.08047	0.00508	0.08342	0.00624	0.00601
36	0.01260	0.01103	0.01562	0.01435	0.01528	0.01425	0.01156	0.01563	0.04470	0.01741	0.01586	0.02319	0.01478	0.03567	0.42071	0.00783	0.29156	0.00712	0.00372	0.00714
37	0.01017	0.00763	0.01144	0.01144	0.01272	0.00890	0.00890	0.01272	0.01144	0.01653	0.01907	0.02797	0.01780	0.05340	0.72153	0.01144	0.01907	0.00763	0.00381	0.00636
38	0.01237	0.00618	0.00928	0.00928	0.00928	0.00618	0.00618	0.00928	0.00928	0.01237	0.01237	0.02165	0.01237	0.02474	0.02783	0.79283	0.00618	0.00618	0.00309	0.00309
39	0.00930	0.00692	0.00778	0.00804	0.00914	0.00635	0.00532	0.01045	0.01386	0.01771	0.09385	0.18378	0.28468	0.28956	0.01884	0.00415	0.00491	0.01410	0.00585	0.00539
40	0.01075	0.00693	0.00784	0.00784	0.00830	0.00698	0.00481	0.01155	0.01140	0.01629	0.02414	0.04271	0.04903	0.54842	0.08268	0.00623	0.00713	0.00971	0.13232	0.00491
41	0.80005	0.01377	0.01047	0.00936	0.01377	0.01597	0.00771	0.02093	0.01212	0.03195	0.00991	0.01157	0.00771	0.00661	0.00441	0.00220	0.00551	0.00386	0.00441	0.00771
42	0.04544	0.01279	0.01413	0.01254	0.01597	0.01385	0.00958	0.07170	0.34519	0.12516	0.04935	0.08502	0.04665	0.10689	0.01111	0.00297	0.00575	0.00928	0.00693	0.00968
43	0.00869	0.00637	0.00817	0.00953	0.01025	0.00585	0.00646	0.01008	0.01421	0.01869	0.06723	0.63186	0.13354	0.02147	0.00898	0.00280	0.00404	0.01930	0.00665	0.00585
44	0.00938	0.00674	0.00892	0.00962	0.01062	0.00628	0.00684	0.01161	0.01655	0.02277	0.32506	0.42199	0.05554	0.01887	0.00882	0.00262	0.00389	0.04052	0.00714	0.00622
45	0.00980	0.00706	0.00927	0.00915	0.01058	0.00653	0.00670	0.01273	0.01885	0.02648	0.56913	0.19155	0.06317	0.01611	0.00854	0.00237	0.00351	0.01435	0.00759	0.00653
46	0.00889	0.00646	0.00823	0.00938	0.01011	0.00597	0.00634	0.01031	0.01434	0.01900	0.10446	0.55741	0.12289	0.06763	0.01068	0.00303	0.00418	0.01832	0.00658	0.00580
47	0.73624	0.01363	0.01097	0.00964	0.01414	0.01552	0.00794	0.02208	0.01280	0.08830	0.01142	0.01262	0.00854	0.00679	0.00464	0.00220	0.00555	0.00413	0.00477	0.00808
48	0.09289	0.01274	0.01585	0.01262	0.01770	0.01211	0.01030	0.05298	0.11039	0.51704	0.05116	0.02434	0.01901	0.00895	0.00699	0.00223	0.00591	0.00719	0.00815	0.01144
49	0.00896	0.00747	0.00785	0.00771	0.01005	0.00648	0.00580	0.01158	0.03760	0.02103	0.17033	0.06482	0.58111	0.01723	0.00838	0.00238	0.00363	0.01447	0.00683	0.00628
50	0.47077	0.01285	0.01211	0.01052	0.01468	0.01403	0.00850	0.05289	0.05891	0.14169	0.09178	0.04945	0.01858	0.00877	0.00579	0.00225	0.00542	0.00644	0.00590	0.00867
51	0.00927	0.00728	0.00840	0.00823	0.01028	0.00641	0.00624	0.01181	0.01794	0.02338	0.34444	0.06236	0.39765	0.01659	0.00847	0.00237	0.00363	0.04175	0.00714	0.00634
52	0.01327	0.00664	0.00664	0.00664	0.00830	0.00664	0.00498	0.01659	0.01493	0.02655	0.02323	0.02655	0.01825	0.00830	0.00498	0.00166	0.00332	0.00664	0.78928	0.00664
53	0.00910	0.00651	0.00874	0.01030	0.01093	0.00614	0.00726	0.01070	0.01426	0.01901	0.06550	0.62895	0.04708	0.02165	0.00916	0.00292	0.00442	0.10479	0.00665	0.00592
54	0.01036	0.00690	0.00777	0.00777	0.00777	0.00690	0.00431	0.01036	0.01036	0.01381	0.02244	0.04660	0.02589	0.74975	0.03624	0.00690	0.00690	0.01036	0.00431	0.00431
55	0.01477	0.01266	0.01477	0.01055	0.01687	0.00949	0.00844	0.01793	0.01477	0.02320	0.01266	0.01477	0.01055	0.00527	0.00527	0.00105	0.00527	0.00422	0.00422	0.79328
56	0.00868	0.00620	0.00826	0.00991	0.01033	0.00578	0.00661	0.00991	0.01363	0.01818	0.03925	0.74510	0.04710	0.02231	0.00909	0.00289	0.00413	0.02024	0.00661	0.00578
57	0.01237	0.00618	0.00928	0.00928	0.00928	0.00618	0.00618	0.00928	0.00928	0.01237	0.01237	0.02165	0.01237	0.02474	0.02783	0.79283	0.00618	0.00618	0.00309	0.00309
58	0.01477	0.01266	0.01477	0.01055	0.01687	0.00949	0.00844	0.01793	0.01477	0.02320	0.01266	0.01477	0.01055	0.00527	0.00527	0.00105	0.00527	0.00422	0.00422	0.79328
59	0.01557	0.01188	0.01514	0.01154	0.01689	0.00939	0.03873	0.01852	0.01523	0.08930	0.01844	0.13127	0.01702	0.00834	0.00620	0.00152	0.00547	0.00723	0.00502	0.55731
60	0.01842	0.01597	0.04638	0.01589	0.02022	0.01644	0.07340	0.22252	0.25149	0.03093	0.02567	0.14303	0.02271	0.01158	0.00776	0.00246	0.00689	0.05153	0.00656	0.01014
61	0.00937	0.00697	0.00872	0.00888	0.01035	0.00632	0.00643	0.01183	0.01758	0.02386	0.39528	0.24764	0.18580	0.01738	0.00859	0.00245	0.00362	0.01534	0.00726	0.00632
62	0.01345	0.01266	0.02136	0.73264	0.04904	0.01582	0.01978	0.01819	0.01424	0.01819	0.01266	0.01898	0.00949	0.00712	0.00712	0.00237	0.00949	0.00633	0.00316	0.00791
63	0.01587	0.01530	0.02351	0.02926	0.33995	0.04058	0.06155	0.02002	0.04850	0.02154	0.01992	0.09410	0.04035	0.01057	0.01034	0.00249	0.13028	0.06219	0.00430	0.00938
64	0.76604	0.01349	0.01042	0.00935	0.01364	0.01558	0.00767	0.02061	0.01246	0.03180	0.03969	0.01336	0.01027	0.00695	0.00458	0.00220	0.00542	0.00424	0.00455	0.00767
65	0.01008	0.00728	0.00952	0.00896	0.01064	0.00672	0.00672	0.01344	0.02016	0.02855	0.70158	0.05319	0.06719	0.01456	0.00840	0.00224	0.00336	0.01288	0.00784	0.00672
66	0.01034	0.00752	0.01128	0.01128	0.01246	0.00870	0.00870	0.01246	0.01128	0.01622	0.01857	0.02750	0.01739	0.05124	0.66927	0.07032	0.01810	0.00752	0.00376	0.00611
67	0.01037	0.00792	0.01183	0.01171	0.01294	0.00938	0.00915	0.01288	0.01142	0.01655	0.01871	0.02752	0.01749	0.05189	0.69572	0.01114	0.04560	0.00758	0.00379	0.00641
68	0.00866	0.00627	0.00819	0.00972	0.01028	0.00580	0.00652	0.00994	0.01382	0.01825	0.04161	0.69651	0.09416	0.02200	0.00904	0.00286	0.00409	0.01987	0.00661	0.00580
69	0.02707	0.01995	0.02137	0.01638	0.02208	0.02208	0.01353	0.68159	0.03348	0.04488	0.01710	0.01710	0.01211	0.00855	0.00712	0.00214	0.00784	0.00641	0.00712	0.01211
70	0.00945	0.00733	0.00868	0.00875	0.01071	0.00656	0.00675	0.01202	0.01763	0.02297	0.30277	0.09020	0.35130	0.01711	0.00862	0.00248	0.00392	0.09935	0.00707	0.00634
71	0.02985	0.01220	0.01621	0.01268	0.01790	0.01094	0.01039	0.03412	0.07824	0.62438	0.05513	0.02560	0.01996	0.00912	0.00722	0.00222	0.00591	0.00747	0.00864	0.01183
72	0.06175	0.01198	0.01598	0.01238	0.01768	0.01052	0.01019	0.03324	0.02004	0.65377	0.05636	0.02498	0.01936	0.00897	0.00710	0.00220	0.00592	0.00727	0.00859	0.01171
73	0.03101	0.01192	0.01615	0.01245	0.01783	0.01029	0.01026	0.03372	0.02021	0.68260	0.02986	0.02601	0.04504	0.00918	0.00721	0.00221	0.00596	0.00748	0.00873	0.01187
74	0.71654	0.01389	0.01131	0.00986	0.01440	0.01582	0.00813	0.04716	0.01352	0.08008	0.01147	0.01267	0.00858	0.00684	0.00470	0.00220	0.00564	0.00419	0.00482	0.00819
75	0.01034	0.00692	0.00784	0.00781	0.00788	0.00690	0.00441	0.01048	0.01075	0.01440	0.04956	0.04686	0.02754	0.72039	0.03513	0.00672	0.00676	0.01046	0.00446	0.00441
76	0.00873	0.00622	0.00824	0.00984	0.01024	0.00582	0.00653	0.00993	0.01352	0.01802	0.03865	0.72042	0.04635	0.04801	0.01005	0.00303	0.00423	0.01989	0.00653	0.00573
77	0.03906	0.00748	0.00926	0.00881	0.01063	0.00696	0.00661	0.01326	0.01923	0.02735	0.58742	0.07462	0.13319	0.01488	0.00827	0.00228	0.00349	0.01300	0.00754	0.00665
78	0.01113	0.00768	0.00885	0.00890	0.00940	0.00779	0.00561	0.03828	0.03247	0.01650	0.02529	0.12562	0.02857	0.56930	0.02946	0.00589	0.00657	0.05264	0.00492	0.00514
79	0.00857	0.00721	0.00746	0.00761	0.00989	0.00610	0.00574	0.01041	0.01611	0.01928	0.06896	0.10231	0.64029	0.01832	0.00851	0.00247	0.00377	0.04437	0.00661	0.00602
80	0.00863	0.00662	0.00792	0.00887	0.01008	0.00591	0.00617	0.01017	0.01486	0.01899	0.07801	0.46537	0.29203	0.02041	0.00881	0.00268	0.00390	0.01801	0.00666	0.00591
81	0.10039	0.01226	0.01518	0.01221	0.01699	0.01156	0.00991	0.07903	0.04748	0.47473	0.04815	0.07472	0.04517	0.01006	0.00712	0.00226	0.00582	0.00819	0.00794	0.01084
82	0.00868	0.00620	0.00826	0.00991	0.01033	0.00578	0.00661	0.00991	0.01363	0.01818	0.03925	0.74510	0.04710	0.02231	0.00909	0.00289	0.00413	0.02024	0.00661	0.00578
83	0.02394	0.01207	0.01494	0.01234	0.01679	0.01167	0.00989	0.03136	0.20070	0.40036	0.10567	0.03138	0.07578	0.01037	0.00741	0.00228	0.00546	0.00862	0.00812	0.01084
84	0.01025	0.00729	0.00888	0.00858	0.01030	0.00660	0.00625	0.01270	0.01770	0.04493	0.40307	0.10770	0.22207	0.08872	0.01118	0.00279	0.00392	0.01356	0.00711	0.00640
85	0.00893	0.00676	0.00825	0.00887	0.01019	0.00608	0.00627	0.01085	0.01598	0.02099	0.20830	0.37511	0.24927	0.01916	0.00872	0.00259	0.00379	0.01690	0.00691	0.00608
86	0.01345	0.01266	0.02136	0.73264	0.04904	0.01582	0.01978	0.01819	0.01424	0.01819	0.01266	0.01898	0.00949	0.00712	0.00712	0.00237	0.00949	0.00633	0.00316	0.00791
87	0.01035	0.00732	0.00922	0.00963	0.01075	0.00703	0.00684	0.03844	0.01631	0.02238	0.24002	0.33890	0.06601	0.10683	0.01198	0.00312	0.00448	0.05244	0.03174	0.00622
88	0.00896	0.00715	0.00793	0.00790	0.00988	0.00622	0.00581	0.01107	0.01689	0.02149	0.23844	0.11126	0.45931	0.04433	0.00948	0.00256	0.00370	0.01464	0.00686	0.00612
89	0.00939	0.00711	0.00865	0.00857	0.01029	0.00638	0.00631	0.01198	0.01807	0.02432	0.42071	0.15526	0.25362	0.01669	0.00850	0.00238	0.00354	0.01456	0.00730	0.00638
90	0.01036	0.00690	0.00777	0.00777	0.00777	0.00690	0.00431	0.01036	0.01036	0.01381	0.02244	0.04660	0.02589	0.74975	0.03624	0.00690	0.00690	0.01036	0.00431	0.00431
91	0.01350	0.00783	0.00800	0.00778	0.00966	0.00811	0.00578	0.01877	0.10496	0.02583	0.02557	0.02937	0.04203	0.06131	0.00761	0.00216	0.00389	0.00737	0.60341	0.00707
92	0.01128	0.00784	0.00927	0.00946	0.01130	0.00731	0.00682	0.01449	0.07141	0.07277	0.09870	0.33041	0.25813	0.04502	0.00952	0.00274	0.00427	0.01560	0.00684	0.00681
93	0.00920	0.00689	0.00854	0.00887	0.01029	0.00623	0.00637	0.01146	0.01698	0.02277	0.32401	0.29326	0.21301	0.01804	0.00864	0.00250	0.00368	0.01591	0.00712	0.00623
94	0.01237	0.00618	0.00928	0.00928	0.00928	0.00618	0.00618	0.00928	0.00928	0.01237	0.01237	0.02165	0.01237	0.02474	0.02783	0.79283	0.00618	0.00618	0.00309	0.00309
95	0.01412	0.00840	0.01044	0.00964	0.01218	0.00768	0.00743	0.01753	0.04532	0.15073	0.30754	0.10402	0.18898	0.01463	0.00811	0.00235	0.00420	0.04017	0.03886	0.00766
96	0.01064	0.00738	0.00926	0.00955	0.01111	0.00664	0.00681	0.01257	0.01510	0.04363	0.13358	0.39524	0.09557	0.06076	0.00994	0.00276	0.00437	0.04108	0.04496	0.07905
97	0.01771	0.01530	0.01610	0.01449	0.01852	0.01771	0.01127	0.03784	0.69247	0.02979	0.02898	0.02657	0.02174	0.00966	0.00725	0.00242	0.00564	0.00805	0.00725	0.01127
98	0.17345	0.00874	0.00962	0.03066	0.01217	0.00921	0.00706	0.03954	0.01341	0.02112	0.02803	0.34427	0.04959	0.17556	0.04297	0.00390	0.00591	0.01311	0.00547	0.00621
99	0.72493	0.01411	0.01137	0.00992	0.01445	0.01618	0.00818	0.06366	0.01376	0.05543	0.01098	0.01234	0.00832	0.00681	0.00467	0.00220	0.00568	0.00413	0.00473	0.00814
100	0.01580	0.01498	0.02505	0.34389	0.38861	0.01647	0.02049	0.02094	0.04446	0.02133	0.01374	0.01860	0.01095	0.00683	0.00709	0.00224	0.00879	0.00641	0.00353	0.00980
101	0.01422	0.01319	0.01815	0.01612	0.01634	0.01774	0.01310	0.01588	0.01173	0.01818	0.01561	0.13811	0.01646	0.01372	0.01929	0.00294	0.54679	0.00860	0.07649	0.00735
102	0.01558	0.01558	0.02181	0.01869	0.01869	0.02181	0.01558	0.01714	0.01091	0.01714	0.00935	0.01558	0.00935	0.01246	0.02337	0.00312	0.73672	0.00623	0.00312	0.00779
103	0.00931	0.00654	0.00800	0.00891	0.00929	0.00623	0.00564	0.01011	0.01253	0.01656	0.03490	0.43036	0.08189	0.30357	0.01955	0.00441	0.00517	0.01607	0.00572	0.00523
104	0.01237	0.00618	0.00928	0.00928	0.00928	0.00618	0.00618	0.00928	0.00928	0.01237	0.01237	0.02165	0.01237	0.02474	0.02783	0.79283	0.00618	0.00618	0.00309	0.00309
105	0.00874	0.00654	0.00801	0.00907	0.01003	0.00593	0.00619	0.01015	0.01440	0.01864	0.07234	0.50758	0.21802	0.05664	0.01022	0.00294	0.00410	0.01811	0.00654	0.00581
106	0.00922	0.00643	0.00810	0.00922	0.00950	0.00615	0.00587	0.01006	0.01257	0.01677	0.03382	0.51948	0.04025	0.25728	0.01786	0.00419	0.00503	0.01705	0.00587	0.00531
107	0.01477	0.01266	0.01477	0.01055	0.01687	0.00949	0.00844	0.01793	0.01477	0.02320	0.01266	0.01477	0.01055	0.00527	0.00527	0.00105	0.00527	0.00422	0.00422	0.79328
108	0.02660	0.03394	0.02018	0.01834	0.02201	0.72116	0.01376	0.02843	0.02018	0.01743	0.01101	0.01284	0.00917	0.00734	0.00642	0.00183	0.01284	0.00459	0.00367	0.00825
109	0.00868	0.00620	0.00826	0.00991	0.01033	0.00578	0.00661	0.00991	0.01363	0.01818	0.03925	0.74510	0.04710	0.02231	0.00909	0.00289	0.00413	0.02024	0.00661	0.00578
110	0.01861	0.01394	0.01523	0.01348	0.01749	0.01542	0.01054	0.03436	0.52482	0.11991	0.05898	0.03048	0.07429	0.01037	0.00737	0.00238	0.00545	0.00865	0.00743	0.01081
111	0.01592	0.03454	0.64839	0.01959	0.02965	0.01597	0.02484	0.02368	0.01553	0.08622	0.01420	0.01589	0.00982	0.00695	0.00680	0.00225	0.01011	0.00544	0.00354	0.01067
112	0.01904	0.75404	0.03731	0.01218	0.01828	0.02818	0.01218	0.02132	0.01447	0.01675	0.00990	0.01142	0.00914	0.00609	0.00457	0.00152	0.00761	0.00381	0.00305	0.00914
113	0.01008	0.00728	0.00952	0.00896	0.01064	0.00672	0.00672	0.01344	0.02016	0.02855	0.70158	0.05319	0.06719	0.01456	0.00840	0.00224	0.00336	0.01288	0.00784	0.00672
114	0.77433	0.01398	0.01083	0.00960	0.01405	0.01618	0.00791	0.04292	0.01283	0.03238	0.01015	0.01175	0.00786	0.00667	0.00450	0.00220	0.00559	0.00394	0.00450	0.00786
115	0.01034	0.00693	0.00789	0.00785	0.00797	0.00689	0.00448	0.01057	0.01105	0.01485	0.07039	0.04706	0.02880	0.69784	0.03428	0.00657	0.00665	0.01053	0.00456	0.00448
116	0.01009	0.00683	0.00782	0.00799	0.00824	0.00669	0.00471	0.01026	0.01116	0.01466	0.02813	0.11618	0.08778	0.58536	0.03077	0.03616	0.00631	0.01158	0.00470	0.00456
117	0.03021	0.04861	0.01743	0.01251	0.01810	0.01127	0.01042	0.03296	0.01973	0.63193	0.02620	0.02300	0.01675	0.00845	0.00691	0.00210	0.00608	0.00681	0.00823	0.06229
118	0.02707	0.01995	0.02137	0.01638	0.02208	0.02208	0.01353	0.68159	0.03348	0.04488	0.01710	0.01710	0.01211	0.00855	0.00712	0.00214	0.00784	0.00641	0.00712	0.01211
119	0.01036	0.00690	0.00777	0.00777	0.00777	0.00690	0.00431	0.01036	0.01036	0.01381	0.02244	0.04660	0.02589	0.74975	0.03624	0.00690	0.00690	0.01036	0.00431	0.00431
120	0.01263	0.00671	0.01024	0.01097	0.04348	0.00671	0.00695	0.00989	0.00962	0.01290	0.01242	0.02145	0.01232	0.02383	0.02681	0.75397	0.00630	0.00619	0.00311	0.00349
121	0.01477	0.01266	0.01477	0.01055	0.01687	0.00949	0.00844	0.01793	0.01477	0.02320	0.01266	0.01477	0.01055	0.00527	0.00527	0.00105	0.00527	0.00422	0.00422	0.79328
122	0.00866	0.00627	0.00818	0.00972	0.01028	0.00580	0.00652	0.00994	0.01382	0.01826	0.04168	0.69514	0.09549	0.02199	0.00904	0.00286	0.00409	0.01986	0.00661	0.00580
123	0.01026	0.00757	0.01136	0.01136	0.01258	0.00880	0.00880	0.01258	0.01136	0.01637	0.01882	0.02773	0.01759	0.05231	0.69500	0.04133	0.01858	0.00757	0.00379	0.00623
124	0.01670	0.04386	0.17170	0.02485	0.10492	0.07241	0.23816	0.02203	0.03575	0.02130	0.01524	0.01885	0.03585	0.00799	0.01024	0.00240	0.13777	0.00695	0.00359	0.00947
125	0.01379	0.01078	0.01439	0.01302	0.01512	0.01254	0.01039	0.12485	0.01521	0.02162	0.01738	0.02420	0.01559	0.03924	0.49322	0.00851	0.09561	0.00712	0.00431	0.04311
126	0.01635	0.09028	0.46442	0.02099	0.07905	0.10922	0.04195	0.02260	0.01574	0.02128	0.01361	0.04784	0.01100	0.00744	0.00672	0.00216	0.01019	0.00591	0.00332	0.00993
127	0.01017	0.00761	0.01136	0.01133	0.01262	0.00880	0.00880	0.01275	0.01184	0.01707	0.04998	0.02912	0.02004	0.05165	0.68924	0.01103	0.01836	0.00787	0.00400	0.00637
128	0.03647	0.01212	0.01747	0.13924	0.23180	0.03551	0.01377	0.01699	0.01528	0.02132	0.06757	0.08311	0.10827	0.01569	0.09523	0.00337	0.00835	0.00898	0.06125	0.00819
129	0.49097	0.12147	0.01612	0.01105	0.01571	0.01793	0.00935	0.08995	0.05794	0.05801	0.01301	0.01432	0.01012	0.00914	0.03747	0.00253	0.00670	0.00468	0.00482	0.00871
130	0.14806	0.14015	0.07552	0.01492	0.05759	0.01788	0.01254	0.14396	0.04858	0.05216	0.01378	0.01520	0.01077	0.00703	0.00645	0.00186	0.03610	0.00506	0.00471	0.18768
131	0.15511	0.16629	0.09046	0.01566	0.04560	0.08221	0.03452	0.13985	0.06313	0.09558	0.01497	0.01578	0.01126	0.00727	0.00604	0.00201	0.00786	0.00535	0.00497	0.03610
132	0.05395	0.05859	0.11207	0.01597	0.02150	0.12698	0.01425	0.31437	0.07405	0.05282	0.04363	0.01846	0.01423	0.01005	0.03533	0.00248	0.00891	0.00620	0.00569	0.01048
133	0.07478	0.14493	0.13889	0.01886	0.10937	0.06360	0.01552	0.11962	0.09606	0.07210	0.01714	0.01819	0.03173	0.00793	0.00718	0.00212	0.04099	0.00596	0.00480	0.01022
134	0.09546	0.07205	0.12177	0.02023	0.13924	0.04448	0.01565	0.20990	0.09929	0.08873	0.01674	0.01752	0.01237	0.00766	0.00661	0.00214	0.00787	0.00600	0.00540	0.01087

[dist]
# distance from previous block
# <min> <max>
4	15

[block]
# block no. 4 follows, 29 sequences, length 14
# corresponding to MSA columns:
# 458-471
name=unknown_E
#
# <colnr> <probs for GDERKNQSTAVLIFYWHMCP>
#	G	D	E	R	K	N	Q	S	T	A	V	L	I	F	Y	W	H	M	C	P
0	0.01456	0.01352	0.02259	0.28268	0.34967	0.01457	0.01843	0.01845	0.01506	0.02057	0.01768	0.14617	0.01695	0.00943	0.00743	0.00234	0.00806	0.00879	0.00394	0.00911
1	0.01732	0.01604	0.02624	0.22502	0.47164	0.01707	0.02058	0.07759	0.01717	0.02377	0.01352	0.01794	0.01087	0.00674	0.00707	0.00219	0.00868	0.00635	0.00374	0.01045
2	0.01718	0.01646	0.02810	0.11723	0.63529	0.01680	0.02163	0.02146	0.01600	0.02272	0.01332	0.01777	0.01109	0.00643	0.00706	0.00214	0.00857	0.00634	0.00349	0.01092
3	0.01755	0.50176	0.23652	0.01630	0.05955	0.02412	0.01689	0.02171	0.01473	0.01882	0.01094	0.01283	0.00922	0.00630	0.00535	0.00177	0.00852	0.00438	0.00306	0.00966
4	0.01605	0.01503	0.02527	0.03776	0.58298	0.01496	0.01917	0.01975	0.01576	0.02237	0.01795	0.14569	0.01758	0.00915	0.00741	0.00225	0.00770	0.00879	0.00407	0.01031
5	0.01703	0.44306	0.07596	0.01660	0.02240	0.02262	0.16022	0.02037	0.01481	0.01861	0.01417	0.09152	0.01354	0.00805	0.00667	0.00196	0.03318	0.00674	0.00355	0.00892
6	0.16315	0.01886	0.01945	0.01515	0.02062	0.02101	0.01251	0.56529	0.02972	0.04260	0.01583	0.01612	0.01134	0.00821	0.00665	0.00215	0.00743	0.00596	0.00665	0.01134
7	0.07523	0.70077	0.03538	0.01198	0.01795	0.02730	0.01186	0.02129	0.01430	0.01785	0.00990	0.01143	0.00904	0.00613	0.00456	0.00157	0.00746	0.00381	0.00314	0.00904
8	0.16212	0.16047	0.01877	0.01229	0.01640	0.12152	0.00995	0.06420	0.05434	0.14758	0.01709	0.02138	0.01426	0.13813	0.01117	0.00285	0.00751	0.00609	0.00514	0.00874
9	0.01325	0.03162	0.58863	0.01799	0.02709	0.01468	0.02263	0.02038	0.01524	0.02197	0.02323	0.02445	0.13109	0.00875	0.00706	0.00228	0.00931	0.00698	0.00364	0.00973
