[name]
unknown

[dist]
# distance from previous block
# <min> <max>
0	33

[block]
# block no. 0 follows, 36 sequences, length 23
# corresponding to MSA columns:
# 33-55
name=unknown_A
#
# <colnr> <probs for GDERKNQSTAVLIFYWHMCP>
#	G	D	E	R	K	N	Q	S	T	A	V	L	I	F	Y	W	H	M	C	P
0	0.01004	0.00717	0.01004	0.01147	0.01291	0.00717	0.01004	0.01291	0.01434	0.01865	0.03299	0.07028	0.03586	0.01721	0.00861	0.00287	0.00574	0.70023	0.00574	0.00574
1	0.04811	0.40440	0.24959	0.01346	0.01961	0.10748	0.01444	0.02025	0.04006	0.01724	0.01017	0.01161	0.00833	0.00578	0.00486	0.00161	0.00785	0.00394	0.00290	0.00830
2	0.01260	0.01080	0.01254	0.00906	0.01440	0.00813	0.00723	0.01530	0.01299	0.02010	0.01405	0.01561	0.05098	0.00525	0.00477	0.00099	0.00453	0.00423	0.00381	0.77260
3	0.01967	0.17168	0.07923	0.01156	0.01615	0.01447	0.01052	0.15824	0.03982	0.23197	0.01719	0.01759	0.01252	0.01036	0.07022	0.00245	0.00692	0.00541	0.09508	0.00896
4	0.01235	0.07502	0.60020	0.01598	0.02396	0.01415	0.01989	0.01904	0.03596	0.01970	0.05038	0.01776	0.05520	0.00690	0.00597	0.00195	0.00824	0.00545	0.00315	0.00875
5	0.00831	0.00695	0.00737	0.00735	0.00909	0.02873	0.00543	0.01023	0.01504	0.01907	0.25702	0.14270	0.43040	0.01505	0.00738	0.00210	0.00340	0.01287	0.00602	0.00548
6	0.01250	0.03223	0.74875	0.01776	0.02697	0.01447	0.02302	0.01973	0.01315	0.01973	0.01118	0.01315	0.00789	0.00592	0.00592	0.00197	0.00921	0.00460	0.00263	0.00921
7	0.00904	0.00612	0.00719	0.00719	0.00733	0.00626	0.00427	0.00931	0.00918	0.01237	0.01927	0.03877	0.02178	0.69076	0.12080	0.00653	0.00735	0.00877	0.00372	0.00400
8	0.00753	0.00589	0.00683	0.00750	0.00875	0.00519	0.00528	0.00893	0.01325	0.01671	0.07585	0.40124	0.38004	0.01744	0.00764	0.00230	0.00337	0.01525	0.00583	0.00519
9	0.47578	0.04229	0.01234	0.00955	0.01386	0.01283	0.00795	0.04698	0.01396	0.28888	0.01467	0.01431	0.01008	0.00652	0.00482	0.00190	0.00514	0.00450	0.00529	0.00833
10	0.01250	0.03223	0.74875	0.01776	0.02697	0.01447	0.02302	0.01973	0.01315	0.01973	0.01118	0.01315	0.00789	0.00592	0.00592	0.00197	0.00921	0.00460	0.00263	0.00921
11	0.01707	0.02098	0.10573	0.04765	0.36392	0.21828	0.09747	0.02078	0.01504	0.01872	0.01117	0.01421	0.00905	0.00582	0.00613	0.00183	0.00904	0.00523	0.00307	0.00882
12	0.03140	0.01850	0.22013	0.12662	0.09264	0.01413	0.13445	0.08315	0.06796	0.06902	0.01464	0.03304	0.01107	0.00662	0.00623	0.00198	0.00781	0.00599	0.04586	0.00875
13	0.00976	0.00904	0.05209	0.06209	0.03272	0.00823	0.00889	0.01387	0.10110	0.01786	0.03295	0.29226	0.14414	0.03895	0.04315	0.00283	0.00543	0.11316	0.00522	0.00626
14	0.00799	0.00631	0.00720	0.00704	0.00882	0.00552	0.00525	0.01013	0.01559	0.02027	0.34942	0.07734	0.42777	0.01461	0.00738	0.00206	0.00308	0.01250	0.00624	0.00552
15	0.14346	0.01708	0.08728	0.01408	0.01905	0.01696	0.05516	0.34819	0.18171	0.03150	0.01582	0.01602	0.01157	0.00715	0.00593	0.00196	0.00656	0.00560	0.00536	0.00957
16	0.00767	0.00632	0.00674	0.00664	0.00861	0.00539	0.00498	0.00954	0.01493	0.01856	0.20663	0.05711	0.59504	0.01513	0.00736	0.00207	0.00311	0.01275	0.00601	0.00539
17	0.00807	0.00657	0.00717	0.00698	0.00894	0.00579	0.00525	0.01060	0.03966	0.01955	0.26095	0.05476	0.51443	0.01463	0.00732	0.00206	0.00315	0.01239	0.00612	0.00560
18	0.01358	0.01147	0.01327	0.00954	0.01505	0.00898	0.00766	0.05904	0.01393	0.02147	0.01131	0.01305	0.00931	0.00479	0.00471	0.00098	0.00475	0.00381	0.00385	0.76946
19	0.02043	0.02424	0.01811	0.05367	0.12281	0.51600	0.01286	0.04388	0.05627	0.01735	0.01224	0.05062	0.01062	0.00708	0.00590	0.00174	0.00970	0.00519	0.00356	0.00772
20	0.00938	0.00640	0.00716	0.00709	0.00726	0.00651	0.00408	0.01025	0.04466	0.01277	0.01991	0.03991	0.02247	0.74293	0.03046	0.00585	0.00599	0.00896	0.00390	0.00408
21	0.02181	0.02230	0.01755	0.01497	0.01869	0.35751	0.01172	0.26617	0.12692	0.02513	0.01373	0.01441	0.01055	0.00730	0.00663	0.00182	0.04424	0.00508	0.00469	0.00876
22	0.01481	0.16039	0.01633	0.01093	0.01317	0.07671	0.00864	0.13064	0.01415	0.01839	0.01463	0.03793	0.01450	0.25758	0.04600	0.00352	0.10692	0.00642	0.04175	0.00659

[dist]
# distance from previous block
# <min> <max>
1	2

[block]
# block no. 1 follows, 36 sequences, length 82
# corresponding to MSA columns:
# 58-139
name=unknown_B
#
# <colnr> <probs for GDERKNQSTAVLIFYWHMCP>
#	G	D	E	R	K	N	Q	S	T	A	V	L	I	F	Y	W	H	M	C	P
0	0.01232	0.01043	0.03261	0.08027	0.12304	0.00957	0.03361	0.01616	0.04983	0.05742	0.22348	0.06028	0.04902	0.01063	0.03793	0.00216	0.00567	0.02246	0.00490	0.15822
1	0.00812	0.00668	0.00721	0.00729	0.00916	0.00602	0.00538	0.01091	0.06543	0.01815	0.12275	0.16853	0.51115	0.01554	0.00738	0.00216	0.00333	0.01324	0.00593	0.00562
2	0.01293	0.01134	0.01616	0.01491	0.04499	0.01484	0.01165	0.01461	0.01024	0.04989	0.01189	0.01817	0.01121	0.05428	0.21608	0.00474	0.46626	0.00598	0.00319	0.00666
3	0.00770	0.00547	0.00720	0.00854	0.00888	0.00513	0.00564	0.00870	0.01172	0.01563	0.03329	0.72432	0.03988	0.07397	0.00965	0.00278	0.00379	0.01709	0.00564	0.00497
4	0.00736	0.00631	0.00631	0.00631	0.00842	0.00526	0.00473	0.00894	0.01420	0.01683	0.06312	0.05996	0.73964	0.01578	0.00736	0.00210	0.00316	0.01315	0.00579	0.00526
5	0.03993	0.01538	0.01758	0.01472	0.05251	0.01689	0.03495	0.50351	0.07546	0.03385	0.01582	0.01670	0.01173	0.00960	0.04956	0.00234	0.00709	0.00579	0.06692	0.00969
6	0.82504	0.01205	0.00916	0.00819	0.01205	0.01398	0.00675	0.01832	0.01060	0.02795	0.00868	0.01012	0.00675	0.00578	0.00386	0.00193	0.00482	0.00337	0.00386	0.00675
7	0.01909	0.24873	0.15997	0.01363	0.01937	0.05429	0.01330	0.26809	0.05001	0.06073	0.01295	0.01358	0.00976	0.00649	0.00545	0.00171	0.00725	0.00472	0.00437	0.02652
8	0.00831	0.00621	0.00736	0.00728	0.00858	0.00565	0.00516	0.01016	0.01460	0.01948	0.34741	0.11736	0.25433	0.14692	0.01162	0.00276	0.00360	0.01205	0.00591	0.00525
9	0.82504	0.01205	0.00916	0.00819	0.01205	0.01398	0.00675	0.01832	0.01060	0.02795	0.00868	0.01012	0.00675	0.00578	0.00386	0.00193	0.00482	0.00337	0.00386	0.00675
10	0.01292	0.01107	0.01292	0.00923	0.01477	0.00831	0.00738	0.01569	0.01292	0.02030	0.01107	0.01292	0.00923	0.00461	0.00461	0.00092	0.00461	0.00369	0.00369	0.81912
11	0.00906	0.00604	0.00680	0.00680	0.00680	0.00604	0.00378	0.00906	0.00906	0.01208	0.01963	0.04077	0.02265	0.78103	0.03171	0.00604	0.00604	0.00906	0.00378	0.00378
12	0.01177	0.01107	0.01869	0.76606	0.04291	0.01384	0.01730	0.01592	0.01246	0.01592	0.01107	0.01661	0.00831	0.00623	0.00623	0.00208	0.00831	0.00554	0.00277	0.00692
13	0.06619	0.01053	0.01401	0.01096	0.01559	0.00931	0.00908	0.02904	0.01733	0.68077	0.02416	0.02273	0.01586	0.00802	0.00625	0.00197	0.00530	0.03526	0.00744	0.01021
14	0.78015	0.01235	0.00969	0.00854	0.01246	0.01428	0.00703	0.05771	0.01165	0.02859	0.00903	0.01039	0.00696	0.00588	0.00399	0.00192	0.00493	0.00350	0.00399	0.00696
15	0.00824	0.00634	0.00878	0.00924	0.01028	0.00588	0.04076	0.00976	0.01269	0.01663	0.06610	0.49552	0.14994	0.06190	0.00923	0.00265	0.00416	0.07104	0.00558	0.00527
16	0.01313	0.01147	0.01417	0.01025	0.01573	0.00902	0.04328	0.01673	0.04730	0.02056	0.01183	0.01361	0.00971	0.00483	0.00483	0.00104	0.00493	0.00404	0.00379	0.73974
17	0.00960	0.00709	0.00886	0.00886	0.01040	0.00698	0.00676	0.01385	0.09673	0.02246	0.39903	0.16446	0.06958	0.01381	0.00737	0.00217	0.00365	0.10221	0.03997	0.00616
18	0.01455	0.01462	0.01897	0.02229	0.27182	0.10639	0.02889	0.01752	0.03745	0.01821	0.06297	0.04440	0.03546	0.03964	0.02467	0.00237	0.19553	0.00653	0.00360	0.03409
19	0.00858	0.00636	0.00799	0.00758	0.00916	0.00578	0.00569	0.01129	0.01707	0.02363	0.62654	0.04877	0.17197	0.01324	0.00735	0.00198	0.00298	0.01158	0.00668	0.00578
20	0.01292	0.01107	0.01292	0.00923	0.01477	0.00831	0.00738	0.01569	0.01292	0.02030	0.01107	0.01292	0.00923	0.00461	0.00461	0.00092	0.00461	0.00369	0.00369	0.81912
21	0.00748	0.00586	0.00678	0.00752	0.00873	0.00516	0.00527	0.00881	0.01304	0.01636	0.04839	0.42694	0.38216	0.01769	0.00767	0.00232	0.00339	0.01549	0.00578	0.00516
22	0.01082	0.00541	0.00812	0.00812	0.00812	0.00541	0.00541	0.00812	0.00812	0.01082	0.01082	0.01894	0.01082	0.02165	0.02435	0.81872	0.00541	0.00541	0.00271	0.00271
23	0.00821	0.00590	0.00781	0.00884	0.00961	0.00556	0.00638	0.00988	0.01329	0.01782	0.15518	0.49936	0.06643	0.03687	0.00852	0.00256	0.00388	0.12271	0.00591	0.00528
24	0.07257	0.01068	0.01416	0.01092	0.01569	0.00943	0.00902	0.02969	0.01743	0.70626	0.02369	0.02059	0.01494	0.00760	0.00613	0.00193	0.00527	0.00610	0.00750	0.01039
25	0.00905	0.00721	0.00889	0.06234	0.01224	0.00703	0.00698	0.01259	0.07212	0.02021	0.27071	0.13110	0.27042	0.01406	0.00737	0.00217	0.00386	0.06973	0.00596	0.00597
26	0.01812	0.07499	0.01879	0.01521	0.01766	0.32892	0.04154	0.05677	0.01500	0.01728	0.01188	0.01735	0.01078	0.00848	0.00997	0.00203	0.22476	0.05730	0.04597	0.00720
27	0.00759	0.00542	0.00723	0.00868	0.00904	0.00506	0.00578	0.00868	0.01193	0.01591	0.03434	0.77697	0.04121	0.01952	0.00795	0.00253	0.00361	0.01771	0.00578	0.00506
28	0.01364	0.01299	0.02208	0.39200	0.40230	0.01434	0.01824	0.01757	0.01335	0.01820	0.01141	0.01600	0.00911	0.00588	0.00620	0.00196	0.00784	0.00554	0.00293	0.00844
29	0.01430	0.01531	0.03098	0.16849	0.18114	0.01520	0.44216	0.01902	0.01417	0.01928	0.01213	0.01648	0.00932	0.00550	0.00690	0.00204	0.00945	0.00664	0.00307	0.00843
30	0.01387	0.01452	0.02841	0.26614	0.16978	0.01503	0.34625	0.01840	0.01378	0.01863	0.01185	0.01641	0.00914	0.00574	0.00705	0.00206	0.02539	0.00639	0.00301	0.00817
31	0.01427	0.01633	0.05388	0.06117	0.07993	0.01534	0.56480	0.01912	0.01421	0.01944	0.01298	0.04205	0.01040	0.00605	0.00774	0.00212	0.04139	0.00733	0.00318	0.00828
32	0.01531	0.01485	0.02558	0.03675	0.67780	0.01503	0.05235	0.01899	0.01402	0.02011	0.01161	0.01541	0.00978	0.00576	0.00682	0.00190	0.03956	0.00563	0.00307	0.00967
33	0.01161	0.00581	0.00581	0.00581	0.00726	0.00581	0.00436	0.01452	0.01307	0.02323	0.02033	0.02323	0.01597	0.00726	0.00436	0.00145	0.00290	0.00581	0.81562	0.00581
34	0.01274	0.01192	0.01891	0.49375	0.13874	0.01437	0.01614	0.01783	0.08199	0.01775	0.03586	0.01777	0.01119	0.00699	0.00757	0.00210	0.07763	0.00586	0.00329	0.00759
35	0.00751	0.00628	0.00654	0.00655	0.00852	0.00531	0.00488	0.00919	0.01442	0.01754	0.12402	0.08845	0.64812	0.01566	0.00739	0.00211	0.00316	0.01317	0.00588	0.00531
36	0.00897	0.00727	0.01060	0.00944	0.01138	0.00663	0.07560	0.01166	0.01603	0.02187	0.45569	0.12883	0.18532	0.01337	0.00742	0.00207	0.00380	0.01198	0.00616	0.00591
37	0.01626	0.01186	0.01343	0.03546	0.01573	0.06196	0.02420	0.03930	0.06623	0.15827	0.04893	0.05128	0.05142	0.00739	0.00566	0.00153	0.00529	0.00611	0.04234	0.33735
38	0.01323	0.01207	0.01695	0.01217	0.01770	0.00978	0.12335	0.01637	0.01313	0.02012	0.01125	0.01357	0.00924	0.00487	0.00544	0.00116	0.02397	0.00433	0.00358	0.66774
39	0.04142	0.32876	0.29963	0.01366	0.02000	0.05025	0.01505	0.05320	0.04997	0.01906	0.02894	0.03216	0.01064	0.00641	0.00519	0.00172	0.00752	0.00469	0.00325	0.00848
40	0.01082	0.00541	0.00812	0.00812	0.00812	0.00541	0.00541	0.00812	0.00812	0.01082	0.01082	0.01894	0.01082	0.02165	0.02435	0.81872	0.00541	0.00541	0.00271	0.00271
41	0.00968	0.00691	0.00963	0.01106	0.01234	0.00686	0.00942	0.01229	0.01399	0.01824	0.03319	0.17397	0.03664	0.01755	0.00851	0.00282	0.00543	0.60008	0.00574	0.00564
42	0.01711	0.49376	0.17009	0.01302	0.01876	0.13704	0.01334	0.04307	0.01409	0.01656	0.00952	0.01097	0.00807	0.00569	0.00470	0.00152	0.00788	0.00376	0.00286	0.00820
43	0.01020	0.00788	0.01016	0.04780	0.04367	0.00738	0.00752	0.01348	0.05285	0.03891	0.28344	0.14226	0.15601	0.01254	0.00701	0.00201	0.00404	0.05016	0.00574	0.09694
44	0.01517	0.27714	0.40690	0.01522	0.02245	0.05398	0.04010	0.02040	0.03066	0.04813	0.01122	0.01272	0.00856	0.00586	0.00535	0.00175	0.00825	0.00437	0.00299	0.00876
45	0.03099	0.05008	0.03879	0.03050	0.09653	0.11656	0.01005	0.03768	0.11220	0.04359	0.11795	0.20132	0.06645	0.01103	0.00660	0.00203	0.00580	0.00943	0.00504	0.00737
46	0.00759	0.00542	0.00723	0.00868	0.00904	0.00506	0.00578	0.00868	0.01193	0.01591	0.03434	0.77697	0.04121	0.01952	0.00795	0.00253	0.00361	0.01771	0.00578	0.00506
47	0.01519	0.03017	0.57755	0.01708	0.02506	0.11223	0.02035	0.07091	0.01505	0.04310	0.01166	0.01328	0.00834	0.00615	0.00591	0.00192	0.00919	0.00465	0.00312	0.00909
48	0.03017	0.11299	0.30218	0.04172	0.02356	0.07829	0.12793	0.03585	0.01441	0.08853	0.01490	0.03282	0.04001	0.00681	0.00631	0.00192	0.02383	0.00569	0.00356	0.00851
49	0.01061	0.00823	0.01133	0.05289	0.14242	0.00788	0.00864	0.01321	0.02933	0.05262	0.12845	0.19386	0.25221	0.01290	0.00700	0.00209	0.00438	0.01130	0.04406	0.00658
50	0.01477	0.01443	0.02187	0.03182	0.57315	0.06629	0.01645	0.01800	0.01438	0.01968	0.04529	0.08445	0.03716	0.00745	0.00637	0.00190	0.00703	0.00698	0.00357	0.00895
51	0.01430	0.02905	0.60617	0.01680	0.02498	0.04531	0.02050	0.02179	0.07168	0.07202	0.01322	0.01447	0.00934	0.00627	0.00597	0.00197	0.00867	0.00490	0.00332	0.00928
52	0.01455	0.13315	0.46511	0.05145	0.02391	0.05426	0.01844	0.01992	0.01372	0.07104	0.01338	0.01773	0.01062	0.00687	0.00588	0.00193	0.00837	0.05776	0.00328	0.00866
53	0.01250	0.03223	0.74875	0.01776	0.02697	0.01447	0.02302	0.01973	0.01315	0.01973	0.01118	0.01315	0.00789	0.00592	0.00592	0.00197	0.00921	0.00460	0.00263	0.00921
54	0.01556	0.01441	0.02372	0.05176	0.58565	0.01457	0.04064	0.07994	0.01573	0.02222	0.06401	0.01768	0.01338	0.00624	0.00630	0.00187	0.00716	0.00602	0.00362	0.00953
55	0.01650	0.01543	0.01701	0.20753	0.07948	0.19025	0.04487	0.05281	0.04525	0.08880	0.04198	0.10312	0.03604	0.00869	0.00646	0.00199	0.00764	0.02419	0.00433	0.00763
56	0.02139	0.01691	0.03997	0.01374	0.01838	0.03603	0.01146	0.58277	0.05709	0.03525	0.01850	0.05382	0.04890	0.00844	0.00635	0.00192	0.00662	0.00656	0.00601	0.00990
57	0.01423	0.01256	0.04375	0.38896	0.25627	0.01316	0.01648	0.01810	0.01389	0.08620	0.06458	0.01869	0.01305	0.00661	0.00628	0.00198	0.00739	0.00599	0.00362	0.00819
58	0.01181	0.04937	0.01174	0.01146	0.06307	0.10851	0.00757	0.01408	0.05274	0.01618	0.08457	0.14903	0.05856	0.25018	0.08072	0.00394	0.00695	0.00928	0.00438	0.00584
59	0.00906	0.00604	0.00680	0.00680	0.00680	0.00604	0.00378	0.00906	0.00906	0.01208	0.01963	0.04077	0.02265	0.78103	0.03171	0.00604	0.00604	0.00906	0.00378	0.00378
60	0.01459	0.01239	0.01309	0.01175	0.01508	0.01398	0.00914	0.06371	0.57447	0.02551	0.06029	0.02847	0.11132	0.00951	0.00651	0.00209	0.00472	0.00792	0.00629	0.00915
61	0.01517	0.01502	0.05793	0.05725	0.60969	0.01418	0.03846	0.01902	0.01438	0.04066	0.04859	0.01712	0.01233	0.00600	0.00625	0.00188	0.00732	0.00587	0.00337	0.00952
62	0.00974	0.00696	0.00970	0.01113	0.01244	0.00691	0.00952	0.01239	0.01405	0.01831	0.03315	0.15632	0.03651	0.01749	0.00853	0.00283	0.00548	0.61714	0.00574	0.00565
63	0.01292	0.01107	0.01292	0.00923	0.01477	0.00831	0.00738	0.01569	0.01292	0.02030	0.01107	0.01292	0.00923	0.00461	0.00461	0.00092	0.00461	0.00369	0.00369	0.81912
64	0.02226	0.05079	0.01828	0.01379	0.01825	0.09366	0.01132	0.55414	0.02580	0.03408	0.01438	0.01493	0.01055	0.00734	0.00625	0.00181	0.02379	0.00536	0.06353	0.00971
65	0.01491	0.17929	0.43136	0.01636	0.05276	0.09136	0.01791	0.04984	0.01417	0.01910	0.01110	0.01306	0.00854	0.00694	0.02390	0.00198	0.00874	0.00446	0.02556	0.00867
66	0.01443	0.01600	0.05505	0.04028	0.01768	0.10253	0.01363	0.01615	0.01073	0.01517	0.00907	0.01457	0.00876	0.04233	0.01803	0.00268	0.58785	0.00540	0.00282	0.00686
67	0.00892	0.00660	0.00961	0.00961	0.01059	0.00757	0.00729	0.01087	0.00989	0.01417	0.01705	0.02650	0.01646	0.13800	0.66628	0.00952	0.01537	0.00697	0.00339	0.00534
68	0.00961	0.00693	0.00933	0.01052	0.01187	0.00682	0.00890	0.01207	0.01385	0.01789	0.03502	0.09646	0.10360	0.07179	0.01011	0.00301	0.00542	0.55567	0.00560	0.00552
69	0.08995	0.13759	0.10512	0.00947	0.01301	0.01084	0.00885	0.01484	0.01504	0.05159	0.32003	0.03396	0.14616	0.01028	0.00624	0.00188	0.00465	0.00847	0.00522	0.00682
70	0.06911	0.02165	0.43429	0.01338	0.01955	0.01132	0.01566	0.01645	0.01411	0.02112	0.18068	0.02645	0.11358	0.00871	0.00628	0.00198	0.00671	0.00711	0.00407	0.00778
71	0.06255	0.01125	0.01416	0.01109	0.01564	0.01056	0.00910	0.09513	0.06114	0.56646	0.02277	0.02033	0.01481	0.00762	0.00606	0.00191	0.00529	0.00609	0.04790	0.01014
72	0.01484	0.01539	0.02726	0.04699	0.33802	0.03939	0.25233	0.01859	0.01370	0.01905	0.01218	0.04070	0.01043	0.00671	0.00861	0.00208	0.11546	0.00649	0.00314	0.00863
73	0.00801	0.00621	0.00846	0.00904	0.01011	0.00569	0.03576	0.00953	0.01284	0.01671	0.06264	0.53416	0.18570	0.01780	0.00782	0.00242	0.00390	0.05218	0.00571	0.00531
74	0.00763	0.00589	0.00697	0.00762	0.00881	0.00523	0.00537	0.00911	0.01346	0.01725	0.12136	0.40696	0.32747	0.01727	0.00765	0.00230	0.00336	0.01517	0.00590	0.00523
75	0.00815	0.00574	0.00747	0.00864	0.00906	0.00549	0.00589	0.00924	0.01166	0.01549	0.03139	0.55600	0.03707	0.16381	0.01254	0.00324	0.00432	0.09452	0.00540	0.00489
76	0.33756	0.05395	0.03451	0.01196	0.01635	0.12964	0.01000	0.25721	0.01847	0.05988	0.01169	0.01248	0.00871	0.00652	0.00509	0.00183	0.00671	0.00438	0.00464	0.00841
77	0.01591	0.01016	0.01133	0.00997	0.01264	0.04055	0.00772	0.03588	0.17917	0.17796	0.14031	0.02808	0.04422	0.06586	0.04059	0.00255	0.02429	0.00748	0.13756	0.00779
78	0.13990	0.01083	0.01340	0.01053	0.01500	0.01011	0.00866	0.06053	0.01715	0.56249	0.03953	0.02005	0.01507	0.00753	0.00587	0.00191	0.00515	0.00593	0.04063	0.00974
79	0.05334	0.03274	0.01456	0.01122	0.01552	0.08239	0.00903	0.17306	0.01837	0.20898	0.06836	0.04953	0.01594	0.00755	0.00576	0.00166	0.00575	0.00596	0.03182	0.18846
80	0.03752	0.44117	0.29780	0.01380	0.02041	0.02018	0.03391	0.01898	0.01275	0.01706	0.00969	0.01146	0.00797	0.00572	0.00527	0.00165	0.02961	0.00397	0.00270	0.00839
81	0.01571	0.65895	0.09768	0.01112	0.01654	0.02236	0.01147	0.01826	0.01306	0.01587	0.06111	0.01290	0.01162	0.00592	0.00442	0.00144	0.00663	0.00402	0.00296	0.00796

[dist]
# distance from previous block
# <min> <max>
0	2

[block]
# block no. 2 follows, 36 sequences, length 31
# corresponding to MSA columns:
# 142-150,181-202
name=unknown_C
#
# <colnr> <probs for GDERKNQSTAVLIFYWHMCP>
#	G	D	E	R	K	N	Q	S	T	A	V	L	I	F	Y	W	H	M	C	P
0	0.06876	0.15146	0.06305	0.26626	0.02771	0.20911	0.07787	0.01944	0.01391	0.01687	0.01021	0.01341	0.00816	0.00609	0.00591	0.00183	0.02484	0.00473	0.00296	0.00744
1	0.01917	0.01066	0.01246	0.01015	0.01361	0.01053	0.00807	0.21148	0.01923	0.25792	0.08556	0.02835	0.11001	0.07248	0.00836	0.00222	0.00505	0.00755	0.09872	0.00842
2	0.01564	0.42107	0.22144	0.01263	0.01844	0.05377	0.01343	0.04517	0.01347	0.03207	0.01091	0.01391	0.00945	0.06930	0.00701	0.00193	0.00745	0.00433	0.00303	0.02554
3	0.05090	0.09297	0.40261	0.08370	0.07712	0.03872	0.05407	0.07678	0.01464	0.02093	0.02507	0.01411	0.00930	0.00610	0.00582	0.00190	0.00839	0.00491	0.00315	0.00878
4	0.00751	0.00612	0.00664	0.00693	0.00861	0.00526	0.00504	0.00907	0.01393	0.01716	0.10072	0.21551	0.54306	0.01640	0.00749	0.00219	0.00324	0.01402	0.00586	0.00526
5	0.01270	0.01185	0.01992	0.49000	0.24619	0.01358	0.01724	0.01661	0.01312	0.01745	0.01306	0.02066	0.01103	0.00693	0.00641	0.00207	0.00783	0.06254	0.00310	0.00769
6	0.01465	0.01256	0.01334	0.01220	0.01547	0.01437	0.00947	0.03045	0.64875	0.02502	0.02764	0.05635	0.05285	0.00948	0.00652	0.00215	0.00482	0.02826	0.00627	0.00934
7	0.01524	0.00778	0.00978	0.00884	0.01157	0.00679	0.00688	0.01716	0.01528	0.28793	0.07124	0.17974	0.27646	0.01342	0.00713	0.00215	0.00415	0.04465	0.00654	0.00726
8	0.00778	0.00623	0.00696	0.00699	0.00873	0.00541	0.00516	0.00967	0.01488	0.01893	0.24267	0.13638	0.47752	0.01537	0.00743	0.00211	0.00315	0.01315	0.00608	0.00541
9	0.01542	0.01480	0.02529	0.03824	0.74217	0.01480	0.01912	0.01912	0.01419	0.02036	0.01172	0.01542	0.00987	0.00555	0.00617	0.00185	0.00740	0.00555	0.00308	0.00987
10	0.01666	0.78478	0.03265	0.01066	0.01599	0.02465	0.01066	0.01866	0.01266	0.01466	0.00866	0.00999	0.00800	0.00533	0.00400	0.00133	0.00666	0.00333	0.00267	0.00800
11	0.00743	0.00605	0.00658	0.00701	0.00860	0.00520	0.00504	0.00886	0.01353	0.01656	0.05466	0.27079	0.53427	0.01688	0.00754	0.00223	0.00329	0.01449	0.00579	0.00520
12	0.01044	0.00555	0.00783	0.00783	0.00783	0.00555	0.00506	0.00832	0.00832	0.01109	0.01272	0.02365	0.01338	0.18562	0.02594	0.64324	0.00555	0.00620	0.00294	0.00294
13	0.01666	0.78478	0.03265	0.01066	0.01599	0.02465	0.01066	0.01866	0.01266	0.01466	0.00866	0.00999	0.00800	0.00533	0.00400	0.00133	0.00666	0.00333	0.00267	0.00800
14	0.00900	0.00737	0.00902	0.01033	0.06961	0.00690	0.00695	0.01180	0.05711	0.01810	0.09820	0.16833	0.37077	0.05086	0.00856	0.00240	0.00405	0.07915	0.00558	0.00591
15	0.01177	0.01107	0.01869	0.76606	0.04291	0.01384	0.01730	0.01592	0.01246	0.01592	0.01107	0.01661	0.00831	0.00623	0.00623	0.00208	0.00831	0.00554	0.00277	0.00692
16	0.01130	0.01181	0.09768	0.01487	0.07554	0.00967	0.08348	0.01576	0.05955	0.01988	0.06497	0.04583	0.10872	0.01225	0.00739	0.00234	0.00610	0.29606	0.04985	0.00696
17	0.02404	0.01553	0.01734	0.01344	0.01828	0.01664	0.01106	0.50559	0.08168	0.20381	0.01803	0.01707	0.01239	0.00761	0.00625	0.00190	0.00634	0.00588	0.00659	0.01054
18	0.01542	0.01480	0.02529	0.03824	0.74217	0.01480	0.01912	0.01912	0.01419	0.02036	0.01172	0.01542	0.00987	0.00555	0.00617	0.00185	0.00740	0.00555	0.00308	0.00987
19	0.01037	0.00622	0.00814	0.00878	0.00992	0.00564	0.00615	0.01169	0.01296	0.11658	0.03581	0.60293	0.10583	0.01753	0.00766	0.00241	0.00380	0.01569	0.00605	0.00584
20	0.01196	0.01308	0.07943	0.67000	0.04112	0.01398	0.05067	0.01642	0.01262	0.01642	0.01115	0.01634	0.00833	0.00616	0.00626	0.00207	0.00848	0.00555	0.00278	0.00718
21	0.01955	0.07885	0.01764	0.01327	0.01757	0.04364	0.01080	0.31429	0.34063	0.04849	0.01915	0.01828	0.01418	0.00771	0.00608	0.00193	0.00609	0.00602	0.00592	0.00994
22	0.02402	0.01597	0.01766	0.01365	0.01852	0.01724	0.01124	0.55610	0.06604	0.16869	0.01731	0.01657	0.01195	0.00758	0.00624	0.00189	0.00646	0.00581	0.00651	0.01056
23	0.03238	0.00792	0.00966	0.00888	0.01144	0.00732	0.00708	0.01651	0.05554	0.18035	0.22711	0.04610	0.24384	0.01275	0.00715	0.00213	0.00407	0.10634	0.00647	0.00696
24	0.05350	0.55660	0.13442	0.01147	0.01700	0.04695	0.01192	0.01833	0.01292	0.01620	0.01291	0.01403	0.05950	0.00621	0.00457	0.00152	0.00686	0.00424	0.00296	0.00790
25	0.05019	0.01332	0.06571	0.01303	0.03962	0.01222	0.01092	0.18919	0.07111	0.27183	0.05706	0.04558	0.01911	0.00929	0.00656	0.00207	0.00587	0.10182	0.00625	0.00924
26	0.00857	0.00590	0.00688	0.00725	0.00748	0.00574	0.00435	0.00895	0.01013	0.01337	0.02624	0.23145	0.07398	0.53539	0.02402	0.00488	0.00523	0.01155	0.00442	0.00420
27	0.00806	0.00608	0.00721	0.00771	0.00886	0.00553	0.00550	0.00955	0.01326	0.01708	0.13084	0.27745	0.28726	0.11855	0.01088	0.00280	0.00386	0.06876	0.00565	0.00512
28	0.08075	0.01404	0.04520	0.09165	0.49959	0.01377	0.04377	0.01809	0.01409	0.02105	0.08560	0.01824	0.01439	0.00636	0.00614	0.00190	0.00699	0.00599	0.00349	0.00889
29	0.22739	0.04025	0.04226	0.01297	0.04422	0.09659	0.01035	0.24130	0.09745	0.04151	0.01757	0.01782	0.06995	0.00752	0.00557	0.00189	0.00637	0.00554	0.00493	0.00855
30	0.35036	0.08648	0.24948	0.01423	0.06531	0.03412	0.01373	0.06039	0.01307	0.02363	0.01005	0.01185	0.00773	0.00605	0.00538	0.00190	0.03065	0.00412	0.00340	0.00809

[dist]
# distance from previous block
# <min> <max>
1	8

[block]
# block no. 3 follows, 36 sequences, length 34
# corresponding to MSA columns:
# 211-244
name=unknown_D
#
# <colnr> <probs for GDERKNQSTAVLIFYWHMCP>
#	G	D	E	R	K	N	Q	S	T	A	V	L	I	F	Y	W	H	M	C	P
0	0.04969	0.07143	0.08062	0.10678	0.05172	0.01460	0.01210	0.14495	0.18122	0.08713	0.06297	0.04098	0.01676	0.00807	0.00612	0.00197	0.00615	0.02788	0.02007	0.00879
1	0.01201	0.01070	0.01525	0.01344	0.01459	0.01328	0.03764	0.03794	0.01112	0.01628	0.01408	0.02353	0.01382	0.06854	0.23182	0.00491	0.34237	0.06680	0.00342	0.04844
2	0.12376	0.01008	0.01255	0.01016	0.01412	0.00944	0.00824	0.02527	0.05383	0.47455	0.16540	0.02498	0.02319	0.00851	0.00618	0.00194	0.00475	0.00694	0.00698	0.00914
3	0.15144	0.01223	0.01742	0.18461	0.20579	0.01311	0.03184	0.08167	0.01532	0.09532	0.09237	0.02051	0.01576	0.00728	0.00605	0.00197	0.00645	0.02823	0.00439	0.00823
4	0.00918	0.00605	0.00764	0.00830	0.00936	0.00548	0.00577	0.01052	0.01299	0.07059	0.07681	0.51953	0.16952	0.04671	0.00859	0.00251	0.00371	0.01533	0.00591	0.00550
5	0.01645	0.60707	0.02839	0.01098	0.01603	0.04578	0.01036	0.02044	0.10233	0.01652	0.01095	0.01190	0.00946	0.00570	0.00439	0.00141	0.00644	0.00384	0.00322	0.06834
6	0.01721	0.01957	0.01781	0.01705	0.07073	0.32612	0.01264	0.01896	0.01335	0.01543	0.01012	0.01412	0.00917	0.01313	0.10563	0.00311	0.30076	0.00501	0.00303	0.00706
7	0.00763	0.00557	0.00719	0.00837	0.00898	0.00513	0.00567	0.00887	0.01247	0.01648	0.07414	0.66038	0.11868	0.01876	0.00786	0.00245	0.00353	0.01688	0.00584	0.00513
8	0.01592	0.01360	0.01433	0.01277	0.01636	0.01570	0.00996	0.06891	0.69441	0.02675	0.02482	0.02281	0.01858	0.00840	0.00633	0.00210	0.00503	0.00697	0.00633	0.00990
9	0.01351	0.01017	0.01529	0.01311	0.01605	0.01010	0.12748	0.01826	0.11785	0.11652	0.02876	0.18806	0.10057	0.01219	0.00795	0.00227	0.04518	0.11369	0.00544	0.03755
10	0.01055	0.00678	0.00908	0.00978	0.01100	0.00655	0.00768	0.01255	0.01354	0.07154	0.09241	0.22229	0.03558	0.13239	0.01167	0.00312	0.00502	0.32712	0.00570	0.00566
11	0.01250	0.03223	0.74875	0.01776	0.02697	0.01447	0.02302	0.01973	0.01315	0.01973	0.01118	0.01315	0.00789	0.00592	0.00592	0.00197	0.00921	0.00460	0.00263	0.00921
12	0.00758	0.00623	0.00669	0.00694	0.00875	0.00535	0.00518	0.00920	0.01403	0.01710	0.08288	0.15749	0.58531	0.01624	0.00750	0.00219	0.00334	0.04690	0.00582	0.00528
13	0.01962	0.02396	0.06052	0.01549	0.01826	0.45671	0.01256	0.05209	0.01568	0.01702	0.01030	0.01286	0.00868	0.00755	0.00910	0.00189	0.19010	0.00458	0.05573	0.00730
14	0.07039	0.01518	0.01593	0.01291	0.01721	0.01691	0.01046	0.43766	0.21755	0.03331	0.02096	0.02024	0.06669	0.00825	0.00620	0.00196	0.00593	0.00642	0.00608	0.00976
15	0.00968	0.00653	0.00812	0.00801	0.00963	0.00590	0.00598	0.01181	0.01531	0.07131	0.33073	0.17183	0.22094	0.04314	0.00836	0.00230	0.00356	0.05474	0.00629	0.00583
16	0.01217	0.01136	0.01908	0.61747	0.13926	0.01357	0.01711	0.01618	0.01282	0.01671	0.01251	0.01974	0.01022	0.00681	0.00637	0.00209	0.00802	0.04825	0.00300	0.00726
17	0.01354	0.01144	0.01325	0.00952	0.01503	0.00894	0.00764	0.05632	0.01386	0.02139	0.01130	0.01304	0.00931	0.00478	0.00471	0.00098	0.00474	0.00380	0.00384	0.77257
18	0.00877	0.00639	0.00768	0.00828	0.00914	0.00611	0.00561	0.05095	0.01283	0.01676	0.03541	0.48102	0.15315	0.15339	0.01197	0.00304	0.00416	0.01470	0.00545	0.00519
19	0.00780	0.00554	0.00726	0.00846	0.00885	0.00520	0.00561	0.00890	0.01202	0.01612	0.07634	0.66654	0.04064	0.08688	0.01003	0.00281	0.00379	0.01655	0.00567	0.00500
20	0.01249	0.01060	0.01237	0.00937	0.01423	0.00838	0.00736	0.01596	0.05529	0.02017	0.01444	0.09643	0.01328	0.00646	0.00508	0.00117	0.00452	0.00541	0.00408	0.68292
21	0.01539	0.14474	0.10884	0.01443	0.01711	0.04029	0.01321	0.01767	0.01161	0.09037	0.01098	0.01451	0.00941	0.01154	0.06418	0.01867	0.38111	0.00511	0.00327	0.00754
22	0.02381	0.01064	0.01363	0.01088	0.01502	0.00990	0.00882	0.10550	0.04302	0.51600	0.05055	0.07767	0.01856	0.00875	0.00631	0.00194	0.00510	0.00722	0.05699	0.00970
23	0.00974	0.00665	0.00870	0.00968	0.01073	0.00649	0.00715	0.01249	0.06604	0.05508	0.03289	0.53480	0.03711	0.01761	0.00788	0.00254	0.00424	0.15843	0.00592	0.00584
24	0.01728	0.71539	0.03135	0.01105	0.01629	0.04585	0.01077	0.06204	0.01383	0.01619	0.00908	0.01034	0.00816	0.00549	0.00418	0.00137	0.00681	0.00349	0.00290	0.00813
25	0.01282	0.01414	0.07614	0.01644	0.01997	0.04295	0.23696	0.01807	0.10990	0.01908	0.06467	0.13086	0.02026	0.08006	0.01063	0.00257	0.07968	0.03324	0.00426	0.00731
26	0.00857	0.00664	0.00793	0.00846	0.00988	0.00628	0.00628	0.01152	0.06890	0.01841	0.12843	0.31664	0.26430	0.01637	0.00764	0.00233	0.00374	0.09604	0.00595	0.00567
27	0.01448	0.02509	0.05243	0.03859	0.01610	0.06545	0.05271	0.03044	0.01351	0.13742	0.02067	0.16355	0.01991	0.04199	0.14125	0.00374	0.07784	0.07313	0.00466	0.00705
28	0.01218	0.01133	0.01887	0.62026	0.10536	0.01387	0.01674	0.01582	0.01226	0.01606	0.01095	0.01643	0.00856	0.00712	0.00786	0.03789	0.05313	0.00553	0.00279	0.00701
29	0.00800	0.00601	0.00751	0.00833	0.00934	0.00565	0.00601	0.00945	0.01246	0.01609	0.03958	0.39033	0.22949	0.06588	0.08028	0.00337	0.00510	0.08655	0.00543	0.00516
30	0.01643	0.01751	0.11377	0.05935	0.15691	0.03929	0.26542	0.09576	0.04750	0.07570	0.01457	0.04329	0.01135	0.00654	0.00663	0.00200	0.00844	0.00658	0.00396	0.00900
31	0.01427	0.01328	0.03966	0.16718	0.08968	0.06411	0.06224	0.09116	0.05707	0.03609	0.10852	0.04757	0.02067	0.00900	0.00668	0.00204	0.00682	0.10365	0.00458	0.05572
32	0.01554	0.01091	0.01309	0.05654	0.04528	0.03223	0.00920	0.07859	0.12585	0.14289	0.17274	0.03053	0.06818	0.03607	0.00738	0.00206	0.00517	0.04853	0.00579	0.09345
33	0.03008	0.03579	0.10861	0.02881	0.14272	0.05800	0.01243	0.09573	0.06752	0.12169	0.05374	0.06297	0.01551	0.00841	0.00699	0.04417	0.00639	0.00636	0.03570	0.05839

[dist]
# distance from previous block
# <min> <max>
0	56

# created by:
# /home/cegg/simao/soft/augustus-3.2.1/scripts/msa2prfl.pl ./align_prep/EOG090W0FF8.fa
