[name]
unknown

[dist]
# distance from previous block
# <min> <max>
12	124

[block]
# block no. 0 follows, 35 sequences, length 18
# corresponding to MSA columns:
# 170-187
name=unknown_A
#
# <colnr> <probs for GDERKNQSTAVLIFYWHMCP>
#	G	D	E	R	K	N	Q	S	T	A	V	L	I	F	Y	W	H	M	C	P
0	0.01737	0.11397	0.05979	0.06197	0.12148	0.26752	0.04978	0.02020	0.01479	0.01736	0.01126	0.01479	0.00962	0.00827	0.04075	0.00210	0.04091	0.01910	0.00322	0.10575
1	0.01195	0.00735	0.00918	0.00862	0.00990	0.00730	0.00613	0.05748	0.05433	0.05182	0.08883	0.04787	0.13690	0.10506	0.01772	0.35681	0.00500	0.00820	0.00455	0.00499
2	0.03802	0.01183	0.01850	0.21363	0.15225	0.01343	0.06994	0.01582	0.02778	0.01818	0.04196	0.02540	0.14623	0.01014	0.02889	0.00241	0.14714	0.00738	0.00372	0.00736
3	0.00839	0.00622	0.00806	0.00890	0.00991	0.00555	0.00609	0.00970	0.01227	0.01674	0.03210	0.68091	0.03802	0.01804	0.00769	0.00238	0.00380	0.01631	0.00563	0.10332
4	0.01066	0.00785	0.00955	0.00862	0.01062	0.00758	0.00660	0.09697	0.01903	0.02634	0.57759	0.04491	0.12394	0.01264	0.00735	0.00200	0.00350	0.01097	0.00679	0.00650
5	0.00773	0.00552	0.00736	0.00883	0.00920	0.00515	0.00589	0.00883	0.01215	0.01619	0.03497	0.77291	0.04196	0.01987	0.00810	0.00258	0.00368	0.01803	0.00589	0.00515
6	0.01392	0.01197	0.01615	0.01156	0.01727	0.00941	0.09318	0.01703	0.01355	0.04642	0.01196	0.01394	0.00965	0.00489	0.00510	0.00112	0.00545	0.00430	0.00384	0.68929
7	0.01312	0.01115	0.01290	0.00970	0.01474	0.00913	0.00769	0.01778	0.09988	0.02179	0.07434	0.01733	0.01488	0.00587	0.00515	0.00118	0.00459	0.00483	0.00436	0.64957
8	0.01098	0.00626	0.00945	0.09940	0.01244	0.00660	0.00683	0.00931	0.00888	0.01176	0.01181	0.02088	0.01173	0.08417	0.02319	0.64831	0.00592	0.00584	0.00285	0.00337
9	0.20711	0.08950	0.03353	0.04170	0.03091	0.03578	0.01072	0.18234	0.07305	0.02578	0.01251	0.01432	0.00992	0.00896	0.04347	0.00229	0.08306	0.00484	0.00431	0.08590
10	0.01736	0.03716	0.06159	0.18414	0.06443	0.27206	0.04068	0.04117	0.03077	0.01732	0.01065	0.01408	0.00875	0.00737	0.00908	0.00204	0.16542	0.00508	0.00318	0.00769
11	0.00828	0.00628	0.00924	0.01002	0.01079	0.00590	0.04670	0.00973	0.01244	0.01658	0.03362	0.69089	0.03981	0.01891	0.00810	0.00257	0.00420	0.05482	0.00573	0.00539
12	0.00927	0.00684	0.00983	0.00972	0.01071	0.00776	0.00738	0.01104	0.01059	0.01503	0.06079	0.02833	0.04316	0.10699	0.55560	0.05497	0.03554	0.00741	0.00368	0.00538
13	0.01388	0.01388	0.01943	0.01666	0.01666	0.01943	0.01388	0.01527	0.00972	0.01527	0.00833	0.01388	0.00833	0.01110	0.02082	0.00278	0.76544	0.00555	0.00278	0.00694
14	0.01102	0.00551	0.00826	0.00826	0.00826	0.00551	0.00551	0.00826	0.00826	0.01102	0.01102	0.01928	0.01102	0.02204	0.02479	0.81543	0.00551	0.00551	0.00275	0.00275
15	0.04172	0.01430	0.04294	0.29889	0.28291	0.03395	0.05746	0.01892	0.05427	0.01916	0.01263	0.01741	0.01023	0.00664	0.00709	0.00207	0.04740	0.02033	0.00327	0.00841
16	0.02184	0.01577	0.01734	0.01376	0.01825	0.01744	0.01125	0.52689	0.10718	0.07459	0.01717	0.01756	0.01257	0.01189	0.08367	0.00280	0.00771	0.00603	0.00614	0.01017
17	0.05371	0.06895	0.06250	0.08206	0.09722	0.07789	0.08632	0.13333	0.13919	0.02334	0.01417	0.01616	0.01104	0.00793	0.02408	0.00217	0.06371	0.00565	0.00419	0.02638

[dist]
# distance from previous block
# <min> <max>
0	3

[block]
# block no. 1 follows, 35 sequences, length 34
# corresponding to MSA columns:
# 191-224
name=unknown_B
#
# <colnr> <probs for GDERKNQSTAVLIFYWHMCP>
#	G	D	E	R	K	N	Q	S	T	A	V	L	I	F	Y	W	H	M	C	P
0	0.25870	0.01257	0.07005	0.01367	0.10079	0.03148	0.03644	0.01595	0.01286	0.03799	0.05677	0.14724	0.07366	0.05708	0.00757	0.00228	0.00562	0.00804	0.00440	0.04682
1	0.05985	0.07590	0.13313	0.08135	0.12853	0.05437	0.10327	0.07187	0.01486	0.05470	0.01391	0.05406	0.01177	0.03633	0.04312	0.00246	0.00826	0.00612	0.00374	0.04241
2	0.01497	0.03519	0.03017	0.04544	0.02776	0.01602	0.45114	0.04616	0.04208	0.02039	0.01250	0.01626	0.00977	0.00632	0.00882	0.00207	0.11318	0.00659	0.00343	0.09174
3	0.01595	0.06940	0.21680	0.05982	0.06737	0.06171	0.03441	0.16638	0.06333	0.02371	0.05144	0.03239	0.03119	0.00908	0.03054	0.00225	0.02746	0.02375	0.00424	0.00878
4	0.03218	0.03472	0.02046	0.07591	0.05716	0.10434	0.14210	0.09112	0.01524	0.02039	0.01401	0.07793	0.01279	0.02875	0.00875	0.00206	0.09933	0.02170	0.00384	0.13722
5	0.00828	0.00625	0.00811	0.00948	0.02902	0.00587	0.00657	0.00980	0.01280	0.01666	0.03906	0.46784	0.18402	0.03907	0.04583	0.00298	0.00466	0.09268	0.00563	0.00540
6	0.01329	0.01126	0.01395	0.01051	0.01538	0.00928	0.04295	0.05191	0.03418	0.02103	0.01428	0.05546	0.01295	0.05390	0.00696	0.00154	0.00519	0.02273	0.00411	0.59915
7	0.01102	0.00551	0.00826	0.00826	0.00826	0.00551	0.00551	0.00826	0.00826	0.01102	0.01102	0.01928	0.01102	0.02204	0.02479	0.81543	0.00551	0.00551	0.00275	0.00275
8	0.25623	0.01656	0.03393	0.12203	0.02054	0.11887	0.01122	0.23770	0.01851	0.04878	0.01465	0.01593	0.04523	0.00716	0.00560	0.00193	0.00704	0.00518	0.00461	0.00830
9	0.01297	0.06783	0.04267	0.05445	0.06770	0.07570	0.03049	0.01620	0.05864	0.01700	0.01832	0.20354	0.01890	0.01527	0.08708	0.00312	0.17396	0.02516	0.00399	0.00702
10	0.00921	0.00620	0.00718	0.00718	0.00727	0.00629	0.00417	0.00939	0.00930	0.01250	0.01975	0.04018	0.02248	0.71838	0.09017	0.00648	0.00702	0.00903	0.00381	0.00399
11	0.00923	0.00615	0.00692	0.00692	0.00692	0.00615	0.00384	0.00923	0.00923	0.01230	0.01999	0.04151	0.02306	0.77705	0.03229	0.00615	0.00615	0.00923	0.00384	0.00384
12	0.01719	0.70457	0.03271	0.01194	0.01732	0.06042	0.04715	0.01938	0.01325	0.01523	0.00907	0.01060	0.00822	0.00548	0.00433	0.00141	0.00721	0.00364	0.00277	0.00812
13	0.00805	0.00611	0.00742	0.00781	0.00909	0.00548	0.00558	0.00990	0.01469	0.01938	0.26302	0.32178	0.26566	0.01651	0.00772	0.00226	0.00332	0.01452	0.00623	0.00548
14	0.01871	0.14130	0.18020	0.01574	0.07984	0.07229	0.01395	0.11145	0.05818	0.13827	0.01442	0.01505	0.01063	0.00644	0.00569	0.00173	0.00724	0.00496	0.00441	0.09949
15	0.05264	0.01674	0.01807	0.01399	0.01894	0.01836	0.01153	0.59623	0.06239	0.10190	0.01640	0.01604	0.01151	0.00762	0.00627	0.00192	0.00667	0.00576	0.00640	0.01061
16	0.00814	0.00588	0.00779	0.00917	0.00983	0.00553	0.00656	0.00958	0.01271	0.01673	0.03654	0.60956	0.08372	0.01924	0.00817	0.00261	0.00402	0.13304	0.00588	0.00528
17	0.01467	0.01564	0.06566	0.24251	0.26291	0.01527	0.21600	0.05312	0.01479	0.02022	0.01213	0.01630	0.00940	0.00588	0.00663	0.00203	0.00877	0.00612	0.00320	0.00876
18	0.01459	0.01260	0.01856	0.22829	0.23783	0.01379	0.01461	0.12941	0.07095	0.02223	0.01763	0.14036	0.01628	0.00899	0.00668	0.00211	0.00684	0.02550	0.00433	0.00843
19	0.00915	0.00645	0.00843	0.00843	0.00896	0.00697	0.00573	0.01020	0.00967	0.01342	0.01860	0.03385	0.01973	0.43995	0.36484	0.00802	0.01116	0.00810	0.00364	0.00469
20	0.02069	0.01059	0.01303	0.01074	0.01461	0.01016	0.00861	0.06059	0.15456	0.38661	0.12105	0.02990	0.11114	0.00967	0.00667	0.00202	0.00482	0.00803	0.00715	0.00935
21	0.01460	0.03584	0.08140	0.01222	0.03409	0.03147	0.03726	0.07836	0.01486	0.02200	0.01160	0.01344	0.00935	0.00519	0.00512	0.00122	0.00586	0.00420	0.00381	0.57810
22	0.00952	0.00661	0.00861	0.00804	0.00965	0.00607	0.00606	0.01246	0.01787	0.04667	0.69535	0.04697	0.07622	0.01290	0.00745	0.00200	0.00307	0.01137	0.00698	0.00611
23	0.00794	0.00621	0.00713	0.00749	0.00896	0.00549	0.00542	0.00962	0.01423	0.01812	0.16222	0.24792	0.39683	0.04268	0.00854	0.00239	0.00348	0.03397	0.00600	0.00537
24	0.01368	0.20247	0.58294	0.01644	0.02492	0.01708	0.02058	0.01984	0.01328	0.01892	0.01080	0.01266	0.00806	0.00589	0.00558	0.00186	0.00879	0.00439	0.00269	0.00910
25	0.01042	0.00731	0.00949	0.01014	0.01139	0.00745	0.00794	0.01351	0.06610	0.03800	0.02947	0.16164	0.04669	0.17040	0.08006	0.00406	0.00645	0.30838	0.00534	0.00577
26	0.01427	0.14130	0.09392	0.01443	0.03660	0.08885	0.06143	0.03128	0.01259	0.01672	0.01189	0.01624	0.01047	0.01672	0.16470	0.07489	0.12183	0.00528	0.02137	0.04521
27	0.01396	0.14715	0.45895	0.01941	0.04755	0.01666	0.16994	0.01995	0.01368	0.01934	0.01131	0.01375	0.00845	0.00578	0.00604	0.00193	0.00920	0.00511	0.00281	0.00902
28	0.00948	0.00659	0.00753	0.00742	0.00782	0.00668	0.00451	0.01077	0.04699	0.01426	0.07482	0.04102	0.04789	0.62850	0.05585	0.00566	0.00618	0.00933	0.00426	0.00444
29	0.00879	0.00630	0.00802	0.03737	0.01005	0.00625	0.00593	0.00995	0.01168	0.01553	0.07665	0.28144	0.07564	0.30889	0.05445	0.00426	0.00556	0.06343	0.00494	0.00487
30	0.03678	0.13430	0.13865	0.07252	0.11178	0.08190	0.11541	0.08352	0.01614	0.09070	0.04889	0.01639	0.01213	0.00652	0.00605	0.00187	0.00804	0.00559	0.00396	0.00884
31	0.03573	0.18959	0.34823	0.01662	0.06199	0.06514	0.05277	0.02038	0.04893	0.03551	0.01506	0.01645	0.05396	0.00666	0.00574	0.00186	0.00811	0.00523	0.00331	0.00872
32	0.01007	0.00916	0.05547	0.04702	0.01356	0.00842	0.02286	0.03465	0.03988	0.01731	0.06529	0.08199	0.14851	0.10226	0.24579	0.04581	0.00907	0.03250	0.00443	0.00595
33	0.11560	0.01533	0.11158	0.13412	0.10582	0.02999	0.03278	0.08717	0.05150	0.04090	0.01621	0.06163	0.03989	0.00882	0.03151	0.00220	0.00715	0.00622	0.00409	0.09750

[dist]
# distance from previous block
# <min> <max>
0	14

[block]
# block no. 2 follows, 35 sequences, length 17
# corresponding to MSA columns:
# 239-255
name=unknown_C
#
# <colnr> <probs for GDERKNQSTAVLIFYWHMCP>
#	G	D	E	R	K	N	Q	S	T	A	V	L	I	F	Y	W	H	M	C	P
0	0.01129	0.06904	0.01203	0.03296	0.03294	0.03245	0.00761	0.01478	0.06019	0.04134	0.34816	0.11258	0.12249	0.01186	0.00687	0.00195	0.00426	0.01023	0.00583	0.06113
1	0.01453	0.01375	0.07178	0.03611	0.06701	0.02835	0.08588	0.04617	0.11209	0.08050	0.10468	0.07287	0.07785	0.00971	0.00880	0.00214	0.11524	0.00803	0.00489	0.03963
2	0.00792	0.00621	0.00718	0.00743	0.00896	0.00546	0.00538	0.00974	0.01472	0.01894	0.22199	0.24234	0.38854	0.01629	0.00765	0.00222	0.00328	0.01412	0.00616	0.00546
3	0.08178	0.54431	0.02875	0.01218	0.01705	0.05096	0.03760	0.08053	0.01428	0.01847	0.00954	0.01119	0.00834	0.00607	0.00555	0.00159	0.05653	0.00392	0.00317	0.00818
4	0.01360	0.01915	0.25990	0.10720	0.13636	0.01372	0.07849	0.04325	0.03521	0.03605	0.07916	0.02054	0.04678	0.00752	0.00726	0.00205	0.05103	0.00642	0.02779	0.00851
5	0.01070	0.00722	0.00918	0.00866	0.01038	0.00694	0.00650	0.01378	0.04805	0.08127	0.41659	0.13025	0.12586	0.03796	0.03711	0.00255	0.02275	0.01147	0.00644	0.00634
6	0.00895	0.00650	0.00911	0.00927	0.01005	0.00720	0.00674	0.01055	0.01018	0.01431	0.01969	0.11145	0.02045	0.21754	0.49910	0.00839	0.01295	0.00861	0.00378	0.00518
7	0.01087	0.00966	0.01365	0.15517	0.06875	0.03132	0.05476	0.02682	0.02654	0.02007	0.23367	0.06568	0.18294	0.03604	0.03432	0.00248	0.00587	0.00974	0.00505	0.00659
8	0.00773	0.00552	0.00736	0.00883	0.00920	0.00515	0.00589	0.00883	0.01215	0.01619	0.03497	0.77291	0.04196	0.01987	0.00810	0.00258	0.00368	0.01803	0.00589	0.00515
9	0.01490	0.01587	0.03191	0.02466	0.07376	0.01531	0.53349	0.04180	0.07716	0.02127	0.01564	0.04838	0.01283	0.00675	0.00736	0.00216	0.00943	0.03491	0.00379	0.00861
10	0.01749	0.01973	0.01867	0.01637	0.01771	0.28180	0.01312	0.01974	0.04608	0.01589	0.00967	0.01346	0.00879	0.00935	0.01473	0.00234	0.45961	0.00510	0.00312	0.00723
11	0.01061	0.14978	0.01283	0.00869	0.01006	0.01022	0.00644	0.01170	0.01021	0.01356	0.01697	0.03043	0.01801	0.40215	0.25599	0.00655	0.00972	0.00737	0.00349	0.00522
12	0.01422	0.13987	0.37359	0.02193	0.21937	0.01584	0.01901	0.01939	0.01358	0.01953	0.01113	0.01352	0.00873	0.00571	0.00568	0.00178	0.00806	0.00467	0.00291	0.08148
13	0.03867	0.38030	0.13643	0.01453	0.07232	0.07561	0.02946	0.03625	0.02965	0.01846	0.06593	0.01697	0.04769	0.00683	0.00527	0.00167	0.00715	0.00513	0.00347	0.00820
14	0.01344	0.00819	0.01102	0.01125	0.01347	0.00785	0.00953	0.01658	0.03747	0.13779	0.03022	0.07782	0.03070	0.04754	0.00907	0.00276	0.00563	0.47435	0.00600	0.04932
15	0.00956	0.00663	0.00886	0.00845	0.00888	0.00665	0.03906	0.00982	0.00971	0.01306	0.01958	0.09018	0.02195	0.54443	0.09181	0.08705	0.00708	0.00920	0.00381	0.00422
16	0.01398	0.07611	0.48582	0.05624	0.10485	0.01570	0.03532	0.04554	0.06890	0.02084	0.01255	0.01455	0.00929	0.00620	0.00602	0.00197	0.00857	0.00504	0.00317	0.00934

[dist]
# distance from previous block
# <min> <max>
2	9

[block]
# block no. 3 follows, 35 sequences, length 10
# corresponding to MSA columns:
# 265-274
name=unknown_D
#
# <colnr> <probs for GDERKNQSTAVLIFYWHMCP>
#	G	D	E	R	K	N	Q	S	T	A	V	L	I	F	Y	W	H	M	C	P
0	0.01451	0.14510	0.05163	0.01621	0.12888	0.13512	0.04207	0.01826	0.05641	0.02009	0.21105	0.05003	0.06721	0.00898	0.00632	0.00185	0.00652	0.00756	0.00455	0.00765
1	0.00962	0.00605	0.00743	0.00743	0.00750	0.00612	0.00448	0.00914	0.00907	0.01216	0.01777	0.03544	0.01989	0.56048	0.07569	0.18954	0.00668	0.00823	0.00357	0.00371
2	0.01353	0.09134	0.27195	0.07990	0.08520	0.03544	0.04772	0.03950	0.03076	0.02027	0.11892	0.02051	0.03913	0.00781	0.00745	0.00201	0.07030	0.00627	0.00371	0.00826
3	0.01634	0.58704	0.15051	0.01222	0.01823	0.05226	0.01285	0.01929	0.01320	0.01610	0.00941	0.01091	0.00819	0.00554	0.00450	0.00146	0.00730	0.00366	0.00278	0.04823
4	0.01482	0.01417	0.02415	0.21050	0.57282	0.01484	0.01903	0.01870	0.01403	0.01965	0.01178	0.01599	0.00967	0.00582	0.00630	0.00194	0.00775	0.00565	0.00306	0.00934
5	0.01252	0.01048	0.01030	0.01034	0.01133	0.13690	0.00762	0.01281	0.01175	0.01417	0.01820	0.03462	0.01910	0.17479	0.08293	0.25575	0.00776	0.16010	0.00381	0.00473
6	0.04987	0.06274	0.43350	0.01962	0.10350	0.01549	0.07966	0.07335	0.03890	0.02192	0.01284	0.03752	0.00999	0.00653	0.00610	0.00199	0.00846	0.00549	0.00334	0.00921
7	0.00961	0.00966	0.06726	0.07275	0.01459	0.00811	0.03836	0.01306	0.05852	0.01876	0.15848	0.13789	0.24837	0.10416	0.01025	0.00264	0.00494	0.01120	0.00525	0.00614
8	0.03725	0.04182	0.26944	0.01440	0.04108	0.01266	0.03652	0.02101	0.12508	0.10055	0.13352	0.02506	0.07652	0.00860	0.00682	0.00203	0.02712	0.00709	0.00484	0.00860
9	0.06224	0.07809	0.15594	0.01621	0.10619	0.01372	0.03570	0.04577	0.07189	0.14587	0.05083	0.01734	0.01340	0.00680	0.00630	0.00181	0.03183	0.00548	0.00453	0.13006

[dist]
# distance from previous block
# <min> <max>
10	30

[block]
# block no. 4 follows, 35 sequences, length 24
# corresponding to MSA columns:
# 306-329
name=unknown_E
#
# <colnr> <probs for GDERKNQSTAVLIFYWHMCP>
#	G	D	E	R	K	N	Q	S	T	A	V	L	I	F	Y	W	H	M	C	P
0	0.00805	0.00621	0.00724	0.00759	0.00897	0.00554	0.00546	0.00974	0.01420	0.01827	0.18365	0.24787	0.34799	0.06497	0.00928	0.00251	0.00357	0.03758	0.00597	0.00535
1	0.01556	0.01423	0.04346	0.12140	0.10364	0.01536	0.01271	0.08974	0.42694	0.02499	0.02104	0.04978	0.01644	0.00820	0.00646	0.00210	0.00608	0.00698	0.00539	0.00947
2	0.04520	0.04247	0.04694	0.01151	0.01571	0.03046	0.00983	0.15318	0.01860	0.28451	0.08926	0.02651	0.06355	0.01135	0.05160	0.00245	0.00641	0.04505	0.00616	0.03925
3	0.08168	0.08495	0.06073	0.08151	0.30946	0.10096	0.04256	0.04028	0.03172	0.05868	0.01310	0.04321	0.01090	0.00659	0.00595	0.00189	0.00767	0.00565	0.00366	0.00886
4	0.01560	0.15843	0.22556	0.09930	0.05140	0.09594	0.04350	0.03778	0.08506	0.03850	0.03097	0.01671	0.03197	0.00695	0.00644	0.00191	0.03646	0.00540	0.00360	0.00852
5	0.00958	0.00725	0.00887	0.02727	0.01064	0.00711	0.00631	0.03269	0.05366	0.02163	0.38223	0.06561	0.17233	0.10872	0.05553	0.00305	0.00465	0.01091	0.00600	0.00595
6	0.01439	0.01416	0.06640	0.07210	0.18415	0.01381	0.12145	0.05727	0.06523	0.04862	0.05598	0.02253	0.06272	0.03258	0.05813	0.00276	0.08832	0.00701	0.00409	0.00831
7	0.01183	0.00591	0.00591	0.00591	0.00739	0.00591	0.00443	0.01478	0.01330	0.02365	0.02069	0.02365	0.01626	0.00739	0.00443	0.00148	0.00296	0.00591	0.81227	0.00591
8	0.00910	0.00628	0.00806	0.00825	0.00953	0.00573	0.00594	0.01120	0.01537	0.04896	0.36549	0.31995	0.13092	0.01572	0.00767	0.00223	0.00337	0.01396	0.00648	0.00579
9	0.01849	0.01593	0.01922	0.13524	0.14221	0.06649	0.01388	0.30248	0.05974	0.02709	0.01548	0.03593	0.03106	0.00794	0.00774	0.00203	0.07903	0.00617	0.00470	0.00915
10	0.00920	0.00627	0.00752	0.00752	0.00773	0.00648	0.00460	0.00961	0.00940	0.01275	0.01943	0.03845	0.02173	0.64215	0.16537	0.00690	0.00816	0.00878	0.00376	0.00418
11	0.01454	0.01584	0.03033	0.02276	0.02664	0.01738	0.43799	0.01833	0.01290	0.01833	0.01106	0.01584	0.00911	0.00762	0.01275	0.00239	0.30853	0.00672	0.00304	0.00792
12	0.77773	0.01219	0.00962	0.00851	0.01249	0.01396	0.00701	0.01933	0.01121	0.06815	0.00973	0.01093	0.00736	0.00600	0.00406	0.00196	0.00493	0.00360	0.00414	0.00709
13	0.06508	0.01409	0.01733	0.03537	0.10368	0.01511	0.03168	0.27702	0.09664	0.05493	0.03418	0.02197	0.01484	0.03506	0.00779	0.00213	0.03601	0.05783	0.00525	0.07400
14	0.02221	0.01012	0.01309	0.01068	0.01466	0.00923	0.00870	0.05315	0.05936	0.47716	0.11278	0.03111	0.09078	0.00982	0.00675	0.00205	0.00497	0.04670	0.00731	0.00938
15	0.08556	0.04355	0.01712	0.03062	0.01841	0.09201	0.01120	0.36668	0.13190	0.05963	0.01718	0.01987	0.01341	0.00813	0.00620	0.00198	0.00685	0.05456	0.00567	0.00948
16	0.05702	0.08553	0.03726	0.01559	0.12240	0.02962	0.05183	0.01458	0.01284	0.03532	0.02198	0.30314	0.02363	0.01625	0.08603	0.00307	0.02652	0.04604	0.00444	0.00693
17	0.00776	0.00562	0.00734	0.00864	0.00917	0.00520	0.00582	0.00897	0.01251	0.01660	0.06278	0.69922	0.08820	0.01937	0.00803	0.00253	0.00362	0.01749	0.00593	0.00520
18	0.08455	0.01523	0.13243	0.07648	0.15605	0.01316	0.03172	0.06487	0.05968	0.04168	0.03463	0.02010	0.05938	0.01107	0.05392	0.06249	0.04687	0.00614	0.00393	0.02559
19	0.06808	0.07437	0.14904	0.11362	0.11373	0.04190	0.13378	0.11651	0.01583	0.02240	0.01172	0.01450	0.00903	0.00615	0.00644	0.00190	0.03029	0.00531	0.00353	0.06188
20	0.01151	0.01109	0.00999	0.01041	0.01183	0.16065	0.00766	0.01326	0.01469	0.01779	0.13141	0.36187	0.09876	0.01549	0.00754	0.00230	0.00542	0.09698	0.00549	0.00583
21	0.00806	0.00579	0.00727	0.00820	0.00876	0.00541	0.00543	0.00915	0.01226	0.01625	0.08436	0.52326	0.10744	0.15278	0.01227	0.00312	0.00402	0.01556	0.00560	0.00500
22	0.01513	0.01647	0.13395	0.12492	0.08501	0.06251	0.15090	0.04661	0.01520	0.08813	0.07908	0.07838	0.01695	0.00941	0.02765	0.02197	0.00812	0.00733	0.00417	0.00810
23	0.06804	0.03461	0.10782	0.05503	0.09629	0.07449	0.04002	0.08017	0.04003	0.02172	0.02945	0.07401	0.01390	0.00777	0.00655	0.00184	0.03636	0.03184	0.00402	0.17604

[dist]
# distance from previous block
# <min> <max>
0	17

[block]
# block no. 5 follows, 35 sequences, length 53
# corresponding to MSA columns:
# 347-350,362-410
name=unknown_F
#
# <colnr> <probs for GDERKNQSTAVLIFYWHMCP>
#	G	D	E	R	K	N	Q	S	T	A	V	L	I	F	Y	W	H	M	C	P
0	0.08634	0.08083	0.04132	0.06436	0.03741	0.11070	0.03155	0.13754	0.11464	0.02372	0.03171	0.06525	0.01374	0.00752	0.00580	0.00179	0.00675	0.00597	0.00451	0.12856
1	0.01682	0.12388	0.04240	0.03973	0.14737	0.04469	0.05753	0.12894	0.12891	0.06361	0.03522	0.04666	0.08064	0.00815	0.00626	0.00193	0.00664	0.00690	0.00477	0.00894
2	0.01687	0.10257	0.01555	0.02840	0.01533	0.01200	0.00938	0.09456	0.03615	0.18248	0.04162	0.02647	0.05908	0.01562	0.13592	0.00331	0.02463	0.06865	0.00521	0.10622
3	0.01443	0.01322	0.02098	0.40990	0.27355	0.01497	0.01730	0.07306	0.06254	0.02028	0.01278	0.01683	0.00991	0.00636	0.00633	0.00202	0.00780	0.00575	0.00345	0.00855
4	0.01402	0.01064	0.01199	0.01066	0.01342	0.01148	0.00828	0.14163	0.22626	0.04272	0.15151	0.04882	0.10709	0.04519	0.09564	0.00317	0.00616	0.00861	0.03479	0.00792
5	0.00918	0.00709	0.00837	0.00796	0.00982	0.00673	0.00603	0.04797	0.01574	0.02078	0.28932	0.04808	0.33523	0.04179	0.11419	0.00334	0.00539	0.01124	0.00588	0.00586
6	0.01361	0.00780	0.01063	0.01075	0.01261	0.00755	0.00875	0.01589	0.01463	0.17116	0.06768	0.18267	0.03273	0.06051	0.00981	0.00279	0.02691	0.33068	0.00613	0.00669
7	0.00877	0.00621	0.00720	0.00722	0.00791	0.00590	0.00462	0.00975	0.01216	0.01617	0.17820	0.10550	0.14979	0.42968	0.02103	0.00433	0.00480	0.01110	0.00501	0.00465
8	0.04136	0.32270	0.02185	0.01156	0.01564	0.03664	0.04671	0.07090	0.01510	0.13796	0.01948	0.17783	0.03863	0.00945	0.00581	0.00185	0.00608	0.00773	0.00469	0.00802
9	0.01633	0.01688	0.01904	0.15851	0.02265	0.15914	0.01412	0.08092	0.01369	0.01774	0.00980	0.01411	0.00855	0.00900	0.01384	0.00235	0.40744	0.00530	0.00320	0.00739
10	0.17470	0.01090	0.01324	0.01097	0.01517	0.01048	0.00915	0.06225	0.01684	0.45878	0.02278	0.02684	0.01699	0.00896	0.00628	0.00211	0.00546	0.11207	0.00672	0.00929
11	0.01272	0.03281	0.74418	0.01808	0.02746	0.01473	0.02344	0.02009	0.01339	0.02009	0.01138	0.01339	0.00804	0.00603	0.00603	0.00201	0.00938	0.00469	0.00268	0.00938
12	0.00959	0.00785	0.00862	0.00819	0.01041	0.00759	0.00621	0.01483	0.15483	0.02160	0.26816	0.04942	0.38180	0.01363	0.00729	0.00210	0.00350	0.01157	0.00635	0.00647
13	0.01654	0.00898	0.01167	0.00971	0.01318	0.00771	0.00776	0.01926	0.01662	0.26807	0.27071	0.05349	0.03213	0.01006	0.00665	0.00185	0.00440	0.06034	0.00650	0.17436
14	0.00802	0.00581	0.00761	0.00898	0.00946	0.00553	0.00604	0.00972	0.03763	0.01656	0.03464	0.74617	0.04115	0.01947	0.00804	0.00256	0.00373	0.01765	0.00591	0.00533
15	0.01388	0.01388	0.01943	0.01666	0.01666	0.01943	0.01388	0.01527	0.00972	0.01527	0.00833	0.01388	0.00833	0.01110	0.02082	0.00278	0.76544	0.00555	0.00278	0.00694
16	0.01655	0.64075	0.08841	0.01166	0.01718	0.02311	0.01185	0.04031	0.04096	0.01668	0.01076	0.01330	0.00966	0.00610	0.00456	0.00151	0.00690	0.02839	0.00308	0.00831
17	0.01674	0.03781	0.06325	0.03852	0.01790	0.12731	0.03153	0.18153	0.07161	0.02221	0.01592	0.04350	0.01444	0.10545	0.03360	0.01843	0.10186	0.04623	0.00439	0.00777
18	0.00966	0.00622	0.00851	0.00851	0.00893	0.00664	0.00582	0.00975	0.00932	0.01285	0.01642	0.02925	0.01709	0.29883	0.29823	0.22907	0.01001	0.00730	0.00338	0.00422
19	0.76902	0.01217	0.00968	0.00854	0.01253	0.01390	0.00703	0.01947	0.01129	0.07597	0.00991	0.01106	0.00746	0.00602	0.00409	0.00196	0.00494	0.00363	0.00419	0.00713
20	0.04187	0.45812	0.02637	0.01231	0.01720	0.10694	0.01105	0.14994	0.08446	0.02111	0.01174	0.01254	0.00967	0.00628	0.00490	0.00158	0.00714	0.00426	0.00384	0.00868
21	0.05010	0.01531	0.12353	0.20563	0.22279	0.01329	0.04760	0.01884	0.01418	0.08339	0.07607	0.01864	0.01401	0.00680	0.00660	0.00197	0.02560	0.00598	0.00380	0.04588
22	0.01372	0.08667	0.24817	0.01547	0.04763	0.05948	0.03753	0.04416	0.08805	0.02003	0.06169	0.14383	0.01842	0.00951	0.00773	0.00210	0.07588	0.00770	0.00410	0.00812
23	0.00910	0.00666	0.00951	0.00951	0.01041	0.00756	0.00708	0.01089	0.00999	0.01422	0.01762	0.02839	0.01737	0.20005	0.60150	0.00935	0.01473	0.00730	0.00349	0.00528
24	0.01102	0.00551	0.00826	0.00826	0.00826	0.00551	0.00551	0.00826	0.00826	0.01102	0.01102	0.01928	0.01102	0.02204	0.02479	0.81543	0.00551	0.00551	0.00275	0.00275
25	0.01476	0.10950	0.10635	0.15258	0.16460	0.01605	0.16537	0.07017	0.01489	0.02012	0.01355	0.04109	0.01159	0.00708	0.00685	0.00203	0.02925	0.04224	0.00345	0.00850
26	0.02270	0.00910	0.01167	0.00942	0.01314	0.00814	0.00763	0.02533	0.01648	0.49302	0.02353	0.02231	0.01590	0.00769	0.00571	0.00179	0.00455	0.00622	0.28656	0.00910
27	0.01198	0.01128	0.01903	0.76180	0.04369	0.01409	0.01762	0.01621	0.01268	0.01621	0.01128	0.01691	0.00846	0.00634	0.00634	0.00211	0.00846	0.00564	0.00282	0.00705
28	0.01248	0.01167	0.01962	0.60761	0.15185	0.01389	0.01752	0.01656	0.01307	0.01707	0.01256	0.01962	0.01020	0.00683	0.00646	0.00212	0.00817	0.04222	0.00303	0.00746
29	0.02412	0.01777	0.01904	0.01460	0.01967	0.01967	0.01206	0.71633	0.02983	0.03998	0.01523	0.01523	0.01079	0.00762	0.00635	0.00190	0.00698	0.00571	0.00635	0.01079
30	0.01022	0.00730	0.01022	0.01168	0.01314	0.00730	0.01022	0.01314	0.01460	0.01899	0.03359	0.07156	0.03651	0.01752	0.00876	0.00292	0.00584	0.69478	0.00584	0.00584
31	0.01255	0.01179	0.01984	0.59147	0.17390	0.01392	0.01746	0.01664	0.01325	0.01747	0.04315	0.01802	0.01102	0.00650	0.00638	0.00207	0.00804	0.00590	0.00306	0.00757
32	0.00920	0.00624	0.00735	0.00735	0.00750	0.00638	0.00438	0.00950	0.00935	0.01262	0.01960	0.03934	0.02212	0.68140	0.12665	0.00668	0.00757	0.00891	0.00379	0.00408
33	0.02566	0.01985	0.01693	0.01397	0.01828	0.29869	0.01106	0.18003	0.02066	0.30603	0.01698	0.01626	0.01171	0.00729	0.00612	0.00182	0.00808	0.00534	0.00575	0.00946
34	0.01664	0.09223	0.06705	0.11864	0.20093	0.03703	0.03624	0.15758	0.03696	0.02296	0.01220	0.01484	0.00968	0.00653	0.00697	0.00185	0.06167	0.00523	0.00380	0.09098
35	0.01507	0.12551	0.12790	0.06714	0.09200	0.09535	0.01366	0.01906	0.05199	0.01825	0.01151	0.01463	0.00970	0.02991	0.00831	0.00188	0.11044	0.00479	0.00329	0.17962
36	0.00773	0.00552	0.00736	0.00883	0.00920	0.00515	0.00589	0.00883	0.01215	0.01619	0.03497	0.77291	0.04196	0.01987	0.00810	0.00258	0.00368	0.01803	0.00589	0.00515
37	0.01209	0.01134	0.03568	0.01326	0.05506	0.07298	0.08152	0.01566	0.04365	0.04285	0.28773	0.06342	0.09574	0.01587	0.10481	0.00311	0.00707	0.02600	0.00530	0.00687
38	0.01652	0.15517	0.19190	0.06378	0.15504	0.06688	0.05776	0.04112	0.01482	0.09372	0.03180	0.03666	0.01209	0.02803	0.00668	0.00198	0.00785	0.00569	0.00373	0.00879
39	0.01088	0.01044	0.10114	0.00902	0.01221	0.00742	0.00808	0.01411	0.04103	0.09373	0.16562	0.08198	0.39363	0.01334	0.00719	0.00210	0.00427	0.01124	0.00589	0.00669
40	0.09223	0.01091	0.01429	0.01105	0.01588	0.00972	0.00913	0.02993	0.01757	0.68453	0.02373	0.02069	0.01499	0.00769	0.00618	0.00196	0.00536	0.00614	0.00754	0.01048
41	0.02029	0.09767	0.07739	0.03375	0.09701	0.23934	0.01260	0.02446	0.08709	0.17507	0.01597	0.03363	0.01247	0.03750	0.00697	0.00200	0.00797	0.00559	0.00453	0.00871
42	0.03708	0.12900	0.24500	0.05613	0.11326	0.08754	0.03911	0.06184	0.01550	0.12210	0.01408	0.01545	0.02354	0.00648	0.00586	0.00186	0.00805	0.00514	0.00386	0.00909
43	0.00917	0.00636	0.00800	0.00800	0.00838	0.00674	0.00520	0.00992	0.00955	0.01310	0.01900	0.03602	0.02068	0.53569	0.27039	0.00749	0.00974	0.00842	0.00370	0.00445
44	0.01140	0.01037	0.01687	0.60288	0.03688	0.01251	0.01563	0.01525	0.01308	0.01665	0.01838	0.02764	0.06886	0.00859	0.00676	0.00222	0.00770	0.09811	0.00346	0.00675
45	0.01549	0.01528	0.10979	0.11494	0.26741	0.03475	0.04817	0.04418	0.01486	0.10408	0.01754	0.13581	0.01584	0.00864	0.00665	0.00208	0.00723	0.02435	0.00421	0.00869
46	0.01470	0.11187	0.08804	0.06398	0.10219	0.05177	0.09375	0.04382	0.07703	0.03517	0.03916	0.06089	0.05080	0.03043	0.00871	0.00218	0.09071	0.02275	0.00399	0.00806
47	0.01410	0.01360	0.04211	0.03086	0.05945	0.11953	0.02984	0.05269	0.04466	0.03892	0.03893	0.02616	0.03676	0.22745	0.12375	0.00437	0.07909	0.00708	0.00398	0.00667
48	0.00800	0.00563	0.00728	0.00849	0.00879	0.00533	0.00552	0.00890	0.01162	0.01550	0.03228	0.64202	0.03858	0.15538	0.01243	0.00322	0.00412	0.01646	0.00552	0.00492
49	0.04358	0.06526	0.02050	0.01846	0.09784	0.43818	0.05001	0.11005	0.01824	0.04417	0.01127	0.01298	0.00900	0.00660	0.00623	0.00176	0.02915	0.00470	0.00377	0.00827
50	0.02068	0.01496	0.01607	0.01291	0.01710	0.01649	0.01057	0.50612	0.08951	0.03506	0.01803	0.02032	0.01380	0.00820	0.00618	0.00191	0.00611	0.04245	0.13385	0.00969
51	0.01711	0.10802	0.01780	0.03909	0.04384	0.08193	0.01099	0.11902	0.38312	0.02483	0.03972	0.02005	0.01617	0.00956	0.03885	0.00231	0.00674	0.00625	0.00534	0.00926
52	0.01771	0.53467	0.02833	0.01381	0.06508	0.14967	0.01162	0.02045	0.04211	0.01606	0.01096	0.01400	0.00996	0.00629	0.00481	0.00154	0.00753	0.03418	0.00312	0.00811

[dist]
# distance from previous block
# <min> <max>
0	31

[block]
# block no. 6 follows, 35 sequences, length 40
# corresponding to MSA columns:
# 444-483
name=unknown_G
#
# <colnr> <probs for GDERKNQSTAVLIFYWHMCP>
#	G	D	E	R	K	N	Q	S	T	A	V	L	I	F	Y	W	H	M	C	P
0	0.02247	0.04541	0.05051	0.03640	0.07096	0.01126	0.01080	0.07286	0.03787	0.43648	0.09341	0.02363	0.04251	0.00824	0.00640	0.00195	0.00569	0.00681	0.00658	0.00976
1	0.03689	0.01086	0.01526	0.07115	0.25965	0.03497	0.01172	0.03390	0.01454	0.01985	0.10154	0.16211	0.11758	0.03979	0.00789	0.00227	0.00577	0.04227	0.00465	0.00733
2	0.65066	0.01108	0.00889	0.00801	0.01153	0.01258	0.00652	0.01837	0.01149	0.05140	0.01149	0.01307	0.00884	0.00622	0.00410	0.00188	0.00458	0.00398	0.14850	0.00683
3	0.67787	0.04361	0.01153	0.01031	0.04725	0.01485	0.00792	0.02007	0.07596	0.02737	0.01052	0.01177	0.00821	0.00611	0.00427	0.00195	0.00512	0.00388	0.00407	0.00736
4	0.01584	0.11171	0.08429	0.01227	0.01793	0.06542	0.03602	0.10331	0.04636	0.02212	0.01204	0.01353	0.00964	0.00559	0.00519	0.00135	0.00637	0.00434	0.00391	0.42278
5	0.00907	0.00678	0.01010	0.01010	0.01120	0.00788	0.00781	0.01127	0.01017	0.01465	0.01708	0.02541	0.01607	0.06924	0.73054	0.01008	0.01667	0.00687	0.00341	0.00561
6	0.00794	0.00575	0.00755	0.00891	0.00951	0.00536	0.00620	0.00925	0.01254	0.01652	0.03703	0.65590	0.09325	0.01938	0.00811	0.00258	0.00384	0.07927	0.00588	0.00523
7	0.10228	0.01050	0.01177	0.00965	0.01324	0.01056	0.00781	0.15549	0.01787	0.27113	0.01991	0.01998	0.01406	0.00744	0.00541	0.00177	0.00476	0.00578	0.30199	0.00861
8	0.01210	0.00736	0.00940	0.00847	0.01063	0.00671	0.00650	0.01525	0.03639	0.13886	0.52784	0.04416	0.12667	0.01238	0.00728	0.00201	0.00345	0.01076	0.00699	0.00679
9	0.01388	0.01388	0.01943	0.01666	0.01666	0.01943	0.01388	0.01527	0.00972	0.01527	0.00833	0.01388	0.00833	0.01110	0.02082	0.00278	0.76544	0.00555	0.00278	0.00694
10	0.00879	0.00576	0.00789	0.00900	0.00942	0.00553	0.00628	0.00926	0.01153	0.01531	0.02922	0.50142	0.03410	0.04606	0.01254	0.17440	0.00442	0.09923	0.00515	0.00469
11	0.01198	0.01128	0.01903	0.76180	0.04369	0.01409	0.01762	0.01621	0.01268	0.01621	0.01128	0.01691	0.00846	0.00634	0.00634	0.00211	0.00846	0.00564	0.00282	0.00705
12	0.01198	0.01128	0.01903	0.76180	0.04369	0.01409	0.01762	0.01621	0.01268	0.01621	0.01128	0.01691	0.00846	0.00634	0.00634	0.00211	0.00846	0.00564	0.00282	0.00705
13	0.17608	0.01303	0.02092	0.22972	0.13495	0.01379	0.15300	0.02002	0.01386	0.12380	0.01377	0.01762	0.01042	0.00647	0.00615	0.00206	0.00755	0.02455	0.00397	0.00827
14	0.01696	0.78087	0.03324	0.01085	0.01628	0.02510	0.01085	0.01900	0.01289	0.01493	0.00882	0.01018	0.00814	0.00543	0.00407	0.00136	0.00678	0.00339	0.00271	0.00814
15	0.00923	0.00615	0.00692	0.00692	0.00692	0.00615	0.00384	0.00923	0.00923	0.01230	0.01999	0.04151	0.02306	0.77705	0.03229	0.00615	0.00615	0.00923	0.00384	0.00384
16	0.01111	0.00764	0.03535	0.00895	0.01083	0.00636	0.00690	0.01330	0.01518	0.11782	0.26676	0.32555	0.11953	0.01504	0.00752	0.00223	0.00384	0.01329	0.00640	0.00637
17	0.01092	0.00911	0.01392	0.23886	0.06930	0.01056	0.01139	0.01359	0.02909	0.01633	0.05962	0.05162	0.06988	0.02066	0.20150	0.09590	0.06056	0.00732	0.00365	0.00622
18	0.45905	0.01412	0.01254	0.01061	0.01457	0.06404	0.00860	0.17777	0.01606	0.08431	0.01207	0.01338	0.00910	0.00901	0.04102	0.03028	0.00645	0.00446	0.00467	0.00790
19	0.01210	0.01144	0.01905	0.71570	0.04202	0.01442	0.01739	0.01615	0.01250	0.01615	0.01109	0.01673	0.00845	0.00664	0.00724	0.00216	0.05529	0.00563	0.00282	0.00704
20	0.08531	0.07228	0.13035	0.03462	0.10685	0.03902	0.03744	0.16359	0.03672	0.08620	0.01338	0.01465	0.01001	0.00627	0.00568	0.00174	0.00698	0.00498	0.00435	0.13958
21	0.01897	0.06721	0.02216	0.07451	0.30441	0.06082	0.03369	0.12417	0.04670	0.12581	0.01439	0.01619	0.01093	0.00659	0.00654	0.00189	0.02869	0.00559	0.00439	0.02638
22	0.01567	0.19070	0.18120	0.01575	0.02144	0.01757	0.12788	0.08961	0.18665	0.02206	0.01529	0.01701	0.01195	0.02736	0.03086	0.00228	0.00789	0.00573	0.00409	0.00900
23	0.01184	0.00859	0.01010	0.00933	0.01163	0.00864	0.00711	0.01839	0.20132	0.07412	0.37301	0.07894	0.13715	0.01226	0.00717	0.00208	0.00375	0.01060	0.00670	0.00725
24	0.01315	0.01128	0.01315	0.00940	0.01503	0.00846	0.00752	0.01597	0.01315	0.02067	0.01128	0.01315	0.00940	0.00470	0.00470	0.00094	0.00470	0.00376	0.00376	0.81583
25	0.01839	0.03829	0.01653	0.01345	0.01738	0.01723	0.01078	0.26790	0.41538	0.03010	0.02126	0.04237	0.01632	0.00860	0.00693	0.00208	0.03408	0.00682	0.00615	0.00998
26	0.00838	0.00652	0.00774	0.00821	0.00961	0.00593	0.00582	0.01069	0.04737	0.01804	0.10921	0.41305	0.25995	0.01687	0.00763	0.00230	0.00357	0.01485	0.00593	0.03832
27	0.01642	0.04607	0.11535	0.06196	0.23989	0.05783	0.09370	0.06957	0.04941	0.06459	0.03268	0.01825	0.01232	0.00696	0.00708	0.00198	0.04577	0.02680	0.00391	0.02945
28	0.18949	0.08048	0.01793	0.01370	0.04010	0.03897	0.06398	0.22085	0.01733	0.05487	0.01455	0.01700	0.03712	0.03302	0.03346	0.04674	0.06226	0.00554	0.00449	0.00812
29	0.02197	0.01095	0.01356	0.01106	0.01514	0.01052	0.00891	0.06107	0.16647	0.42869	0.09527	0.02752	0.08155	0.00918	0.00659	0.00202	0.00498	0.00759	0.00724	0.00972
30	0.02585	0.01074	0.01424	0.01116	0.01569	0.00965	0.00913	0.04627	0.05955	0.61804	0.08913	0.02389	0.01980	0.00835	0.00648	0.00198	0.00520	0.00687	0.00765	0.01032
31	0.01583	0.04124	0.11010	0.04057	0.15418	0.05212	0.11558	0.08858	0.04046	0.07216	0.05365	0.11007	0.01721	0.00870	0.00722	0.00207	0.03567	0.02157	0.00441	0.00859
32	0.01497	0.01711	0.03743	0.02674	0.03316	0.01604	0.71444	0.02032	0.01497	0.02032	0.01283	0.01711	0.00963	0.00535	0.00749	0.00214	0.01070	0.00749	0.00321	0.00856
33	0.00769	0.00626	0.00680	0.00703	0.00878	0.00538	0.00514	0.00934	0.01437	0.01778	0.12486	0.19338	0.53816	0.01648	0.00761	0.00221	0.00328	0.01407	0.00600	0.00538
34	0.03402	0.08539	0.04518	0.10466	0.27817	0.08097	0.09287	0.04483	0.05725	0.02004	0.01649	0.03899	0.05952	0.00710	0.00625	0.00193	0.00770	0.00638	0.00366	0.00863
35	0.01671	0.10436	0.12693	0.07509	0.18312	0.15901	0.08732	0.02040	0.01486	0.05765	0.03255	0.01721	0.01164	0.00831	0.03829	0.00223	0.00899	0.02338	0.00348	0.00847
36	0.01333	0.01116	0.01760	0.03557	0.16556	0.01152	0.10206	0.01687	0.05781	0.07644	0.02535	0.14076	0.12227	0.04891	0.04462	0.00277	0.08599	0.00928	0.00456	0.00759
37	0.00833	0.00600	0.00801	0.00932	0.01006	0.00568	0.00681	0.00995	0.01307	0.01729	0.06918	0.55211	0.07153	0.01886	0.00819	0.00261	0.00411	0.16761	0.00593	0.00535
38	0.01403	0.09669	0.10688	0.10035	0.17223	0.04153	0.12568	0.01818	0.03189	0.03838	0.05746	0.08863	0.03240	0.00954	0.03662	0.00232	0.00796	0.00729	0.00378	0.00816
39	0.03341	0.07128	0.21393	0.10945	0.14858	0.12023	0.05015	0.02042	0.03334	0.06359	0.01504	0.04245	0.03682	0.00702	0.00612	0.00193	0.00826	0.00585	0.00356	0.00856

[dist]
# distance from previous block
# <min> <max>
0	2

[block]
# block no. 7 follows, 35 sequences, length 24
# corresponding to MSA columns:
# 486-509
name=unknown_H
#
# <colnr> <probs for GDERKNQSTAVLIFYWHMCP>
#	G	D	E	R	K	N	Q	S	T	A	V	L	I	F	Y	W	H	M	C	P
0	0.00872	0.00671	0.00897	0.00934	0.01044	0.00627	0.02524	0.01010	0.01227	0.01652	0.03271	0.53596	0.08852	0.07550	0.00996	0.00268	0.02455	0.03709	0.00540	0.07305
1	0.28896	0.13000	0.01880	0.01465	0.05888	0.26678	0.04574	0.04454	0.01456	0.02113	0.00974	0.01163	0.00801	0.00626	0.00561	0.00180	0.03767	0.00414	0.00348	0.00762
2	0.00787	0.00578	0.00741	0.00853	0.00926	0.00531	0.00589	0.00924	0.01297	0.01709	0.09025	0.59804	0.13942	0.01876	0.00799	0.00248	0.00364	0.03884	0.00597	0.00526
3	0.01747	0.04588	0.04776	0.07225	0.08648	0.16926	0.04037	0.10321	0.19597	0.02211	0.03196	0.01793	0.01318	0.02937	0.00828	0.00212	0.07745	0.00590	0.00439	0.00864
4	0.04090	0.01349	0.04209	0.01958	0.20732	0.01371	0.04014	0.04069	0.30557	0.03923	0.10330	0.06733	0.02149	0.00865	0.00657	0.00207	0.00580	0.00767	0.00529	0.00913
5	0.00889	0.00661	0.00831	0.00801	0.00955	0.00613	0.00596	0.01200	0.03787	0.02369	0.57331	0.10972	0.13862	0.01380	0.00751	0.00207	0.00314	0.01213	0.00674	0.00596
6	0.00921	0.00621	0.00723	0.00723	0.00734	0.00632	0.00424	0.00943	0.00932	0.01253	0.01970	0.03991	0.02237	0.70672	0.10168	0.00654	0.00720	0.00899	0.00380	0.00402
7	0.00808	0.00627	0.00736	0.00747	0.00902	0.00554	0.00545	0.01009	0.01527	0.01996	0.30094	0.19731	0.35309	0.01570	0.00761	0.00218	0.00323	0.01362	0.00629	0.00554
8	0.02783	0.01181	0.01535	0.01177	0.01670	0.01083	0.00972	0.13082	0.01986	0.63956	0.02360	0.02067	0.01499	0.00782	0.00637	0.00195	0.00563	0.00628	0.00763	0.01080
9	0.01742	0.01444	0.01527	0.01324	0.01712	0.01654	0.01044	0.16767	0.58940	0.02918	0.02374	0.02201	0.01768	0.00841	0.00643	0.00210	0.00541	0.00689	0.00643	0.01019
10	0.01696	0.78087	0.03324	0.01085	0.01628	0.02510	0.01085	0.01900	0.01289	0.01493	0.00882	0.01018	0.00814	0.00543	0.00407	0.00136	0.00678	0.00339	0.00271	0.00814
11	0.10864	0.01045	0.01291	0.01038	0.01458	0.00979	0.00851	0.04583	0.03865	0.50449	0.02273	0.02206	0.01545	0.00789	0.00592	0.00193	0.00505	0.02645	0.11877	0.00954
12	0.01713	0.07191	0.06655	0.01445	0.07056	0.01515	0.01147	0.17612	0.21866	0.04403	0.01647	0.01678	0.01254	0.00674	0.00576	0.00169	0.00599	0.00539	0.00500	0.21762
13	0.09405	0.12760	0.12736	0.03239	0.06650	0.01424	0.06658	0.03562	0.06132	0.12578	0.01635	0.01833	0.03572	0.00681	0.00570	0.00179	0.00661	0.02547	0.00432	0.12748
14	0.01523	0.09692	0.16375	0.01780	0.13451	0.03983	0.01440	0.10223	0.04680	0.03956	0.01526	0.02167	0.01335	0.04559	0.09371	0.00315	0.06102	0.06292	0.00392	0.00840
15	0.01256	0.03159	0.71046	0.01757	0.02652	0.01434	0.02254	0.01959	0.01320	0.01973	0.01178	0.01468	0.00872	0.04129	0.00723	0.00220	0.00923	0.00490	0.00273	0.00912
16	0.00896	0.00668	0.00855	0.03812	0.02545	0.00667	0.00626	0.01040	0.01202	0.01597	0.10054	0.14622	0.14833	0.27848	0.12390	0.00475	0.00667	0.04219	0.00476	0.00511
17	0.01516	0.06970	0.18265	0.06461	0.13399	0.07358	0.06007	0.05614	0.03627	0.03829	0.01444	0.07060	0.01274	0.00907	0.02555	0.00228	0.09425	0.02857	0.00365	0.00840
18	0.01487	0.16303	0.29690	0.01686	0.09158	0.08750	0.01603	0.04081	0.07198	0.01951	0.01701	0.04443	0.05925	0.00764	0.00595	0.00190	0.00780	0.02476	0.00361	0.00861
19	0.00806	0.00577	0.00753	0.00874	0.00927	0.00542	0.00598	0.00930	0.01243	0.01653	0.06599	0.60796	0.06839	0.07861	0.00999	0.00284	0.00397	0.06231	0.00577	0.00514
20	0.01488	0.01526	0.05684	0.13565	0.44623	0.01481	0.10272	0.03964	0.04047	0.02064	0.01460	0.01801	0.03879	0.00631	0.00648	0.00197	0.00785	0.00619	0.00341	0.00925
21	0.01893	0.05358	0.08887	0.03825	0.13804	0.13355	0.10045	0.10314	0.08802	0.11582	0.01519	0.01667	0.01139	0.00847	0.03946	0.00228	0.00854	0.00574	0.00442	0.00919
22	0.01250	0.01252	0.07068	0.01413	0.07316	0.06892	0.01068	0.03494	0.01261	0.04023	0.01963	0.15842	0.04248	0.07298	0.21680	0.00472	0.11531	0.00853	0.00402	0.00672
23	0.00791	0.00577	0.00730	0.00845	0.00909	0.00534	0.00575	0.00907	0.01236	0.01614	0.03803	0.58549	0.14117	0.07711	0.00989	0.00280	0.00389	0.04359	0.00573	0.00511

[dist]
# distance from previous block
# <min> <max>
0	3

[block]
# block no. 8 follows, 35 sequences, length 14
# corresponding to MSA columns:
# 513-526
name=unknown_I
#
# <colnr> <probs for GDERKNQSTAVLIFYWHMCP>
#	G	D	E	R	K	N	Q	S	T	A	V	L	I	F	Y	W	H	M	C	P
0	0.20700	0.04439	0.06987	0.18460	0.11080	0.12542	0.03269	0.08354	0.01496	0.02227	0.01089	0.01359	0.00848	0.00615	0.00553	0.00188	0.00773	0.00472	0.00355	0.04196
1	0.00995	0.00783	0.01055	0.01008	0.01093	0.00912	0.00757	0.01216	0.03662	0.01567	0.08186	0.03052	0.04377	0.21341	0.36014	0.00692	0.11556	0.00785	0.00393	0.00558
2	0.01605	0.04447	0.06118	0.18197	0.28323	0.12291	0.05155	0.02097	0.07530	0.03590	0.01360	0.01778	0.01105	0.00663	0.00628	0.00196	0.00821	0.02872	0.00354	0.00871
3	0.00973	0.00717	0.00890	0.00842	0.01003	0.00689	0.00625	0.04313	0.04708	0.02421	0.53756	0.11366	0.09325	0.04507	0.00848	0.00223	0.00346	0.01168	0.00663	0.00616
4	0.00990	0.00877	0.03031	0.03596	0.05208	0.00855	0.03792	0.01275	0.03352	0.01969	0.24573	0.21192	0.11526	0.03170	0.05571	0.00282	0.06427	0.01149	0.00536	0.00628
5	0.01272	0.01303	0.05800	0.28940	0.18830	0.01364	0.06747	0.01637	0.01278	0.01755	0.01384	0.04068	0.01233	0.03344	0.07224	0.00298	0.08084	0.04355	0.00323	0.00761
6	0.00929	0.00637	0.00835	0.00835	0.00881	0.00683	0.00562	0.01001	0.00955	0.01319	0.01813	0.03319	0.01928	0.42686	0.32393	0.06569	0.01051	0.00797	0.00359	0.00451
7	0.01568	0.01488	0.06821	0.01676	0.13202	0.05547	0.03662	0.10551	0.17523	0.05706	0.11575	0.02603	0.09376	0.00870	0.00652	0.00194	0.00609	0.00740	0.00528	0.05108
8	0.01446	0.01133	0.01381	0.01136	0.05281	0.00922	0.00852	0.03552	0.03397	0.07283	0.03992	0.01803	0.01320	0.00602	0.00527	0.00125	0.00495	0.03472	0.00437	0.60844
9	0.01863	0.10927	0.14182	0.01546	0.05098	0.11798	0.01363	0.24320	0.05806	0.02557	0.03676	0.01514	0.01149	0.00706	0.00662	0.00181	0.04729	0.00516	0.00439	0.06969
10	0.01622	0.15489	0.01901	0.03019	0.07469	0.01515	0.02727	0.18632	0.03166	0.04672	0.01845	0.07527	0.05916	0.01102	0.02675	0.07205	0.04754	0.03129	0.00452	0.05182
