[name]
unknown

[dist]
# distance from previous block
# <min> <max>
0	398

[block]
# block no. 0 follows, 33 sequences, length 18
# corresponding to MSA columns:
# 464-481
name=unknown_A
#
# <colnr> <probs for GDERKNQSTAVLIFYWHMCP>
#	G	D	E	R	K	N	Q	S	T	A	V	L	I	F	Y	W	H	M	C	P
0	0.00802	0.00573	0.00764	0.00917	0.00955	0.00535	0.00611	0.00917	0.01260	0.01681	0.03628	0.76434	0.04354	0.02062	0.00840	0.00267	0.00382	0.01872	0.00611	0.00535
1	0.02503	0.01844	0.01976	0.01515	0.02042	0.02042	0.01251	0.70562	0.03095	0.04149	0.01581	0.01581	0.01120	0.00790	0.00659	0.00198	0.00724	0.00593	0.00659	0.01120
2	0.01344	0.01141	0.01344	0.00992	0.01546	0.00869	0.00800	0.01637	0.01376	0.02133	0.01332	0.01790	0.01172	0.00581	0.00517	0.00112	0.00496	0.05152	0.00405	0.75261
3	0.00891	0.00671	0.00824	0.00786	0.00959	0.00604	0.00589	0.01164	0.01768	0.02414	0.55184	0.05289	0.23579	0.01430	0.00777	0.00211	0.00317	0.01243	0.00695	0.00604
4	0.01320	0.03405	0.73453	0.01876	0.02849	0.01529	0.02432	0.02085	0.01390	0.02085	0.01181	0.01390	0.00834	0.00625	0.00625	0.00208	0.00973	0.00486	0.00278	0.00973
5	0.01637	0.01414	0.01489	0.01340	0.01712	0.01637	0.01042	0.03498	0.71568	0.02754	0.02679	0.02456	0.02010	0.00893	0.00670	0.00223	0.00521	0.00744	0.00670	0.01042
6	0.01440	0.01440	0.02016	0.01728	0.01728	0.02016	0.01440	0.01584	0.01008	0.01584	0.00864	0.01440	0.00864	0.01152	0.02160	0.00288	0.75659	0.00576	0.00288	0.00720
7	0.01227	0.00614	0.00614	0.00614	0.00767	0.00614	0.00460	0.01534	0.01381	0.02454	0.02148	0.02454	0.01687	0.00767	0.00460	0.00153	0.00307	0.00614	0.80518	0.00614
8	0.02009	0.01699	0.01723	0.01480	0.01832	0.11528	0.01219	0.35337	0.04596	0.02971	0.01940	0.02982	0.01744	0.01067	0.00858	0.00229	0.08061	0.17255	0.00566	0.00903
9	0.02459	0.03138	0.01866	0.01696	0.02035	0.74221	0.01272	0.02629	0.01866	0.01611	0.01018	0.01187	0.00848	0.00678	0.00594	0.00170	0.01187	0.00424	0.00339	0.00763
10	0.00796	0.00663	0.00695	0.00697	0.00903	0.00562	0.00519	0.00977	0.01530	0.01871	0.13921	0.09441	0.61863	0.01650	0.00781	0.00223	0.00333	0.01389	0.00624	0.00562
11	0.01842	0.59962	0.08215	0.01272	0.01829	0.14121	0.01244	0.02086	0.01427	0.01597	0.00951	0.01101	0.00845	0.00586	0.00465	0.00150	0.00802	0.00373	0.00291	0.00841
12	0.00940	0.00705	0.01058	0.01058	0.01176	0.00823	0.00823	0.01176	0.01058	0.01528	0.01763	0.02586	0.01646	0.04937	0.74255	0.01058	0.01763	0.00705	0.00353	0.00588
13	0.00953	0.00654	0.00797	0.00797	0.00825	0.00681	0.00498	0.01008	0.00981	0.01335	0.02002	0.03906	0.02219	0.60086	0.19890	0.00736	0.00901	0.00899	0.00388	0.00443
14	0.00995	0.00820	0.00943	0.00843	0.01143	0.00665	0.00630	0.01198	0.01407	0.01915	0.06482	0.21932	0.28111	0.01341	0.00692	0.00189	0.00398	0.01152	0.00538	0.28604
15	0.01624	0.01479	0.04639	0.01486	0.02085	0.01256	0.15841	0.11151	0.04031	0.05030	0.01364	0.01552	0.01053	0.00573	0.00590	0.00150	0.00674	0.00526	0.00435	0.44459
16	0.01659	0.45375	0.02511	0.01106	0.01563	0.04627	0.01011	0.06711	0.05101	0.04128	0.05967	0.02380	0.11699	0.00850	0.00551	0.00172	0.00631	0.02710	0.00429	0.00818
17	0.01321	0.16820	0.43672	0.01511	0.02220	0.01533	0.01791	0.01877	0.01473	0.02082	0.14520	0.02230	0.01960	0.00796	0.00627	0.00199	0.00783	0.03342	0.00375	0.00868

[dist]
# distance from previous block
# <min> <max>
4	9

[block]
# block no. 1 follows, 33 sequences, length 7
# corresponding to MSA columns:
# 491-497
name=unknown_B
#
# <colnr> <probs for GDERKNQSTAVLIFYWHMCP>
#	G	D	E	R	K	N	Q	S	T	A	V	L	I	F	Y	W	H	M	C	P
0	0.01557	0.32600	0.31779	0.01474	0.02169	0.01980	0.01646	0.02307	0.14674	0.01997	0.01359	0.01458	0.01061	0.00651	0.00553	0.00184	0.00780	0.00482	0.00354	0.00935
1	0.01677	0.63258	0.16722	0.01269	0.01910	0.02401	0.01374	0.01993	0.01348	0.01650	0.00966	0.01119	0.00843	0.00575	0.00461	0.00154	0.00755	0.00378	0.00281	0.00869
2	0.02361	0.01493	0.15061	0.01246	0.01801	0.01022	0.01189	0.02709	0.01759	0.50202	0.06552	0.02549	0.07268	0.00875	0.00671	0.00206	0.00607	0.00715	0.00692	0.01020
3	0.01544	0.01226	0.01440	0.01319	0.01606	0.04084	0.03730	0.14992	0.18296	0.02456	0.02589	0.04005	0.04702	0.01361	0.00978	0.09707	0.00637	0.23970	0.00573	0.00784
4	0.02149	0.01570	0.01615	0.01363	0.01790	0.07628	0.01082	0.15241	0.38282	0.18408	0.02328	0.02148	0.01671	0.00840	0.00660	0.00210	0.00621	0.00673	0.00672	0.01050
5	0.01279	0.01207	0.02039	0.68653	0.10882	0.01472	0.01846	0.01714	0.01333	0.01726	0.01176	0.01743	0.00893	0.00652	0.00658	0.00217	0.00869	0.00585	0.00296	0.00760
6	0.00813	0.00582	0.00774	0.00909	0.00957	0.00542	0.00612	0.00945	0.01312	0.01763	0.09568	0.70259	0.04515	0.02001	0.00835	0.00262	0.00376	0.01813	0.00621	0.00542

[dist]
# distance from previous block
# <min> <max>
0	19

[block]
# block no. 2 follows, 33 sequences, length 47
# corresponding to MSA columns:
# 517-563
name=unknown_C
#
# <colnr> <probs for GDERKNQSTAVLIFYWHMCP>
#	G	D	E	R	K	N	Q	S	T	A	V	L	I	F	Y	W	H	M	C	P
0	0.01551	0.04447	0.02055	0.01703	0.01757	0.09055	0.01412	0.01700	0.01104	0.01586	0.00881	0.01401	0.00862	0.01084	0.01943	0.00271	0.65614	0.00553	0.00293	0.00729
1	0.00948	0.00677	0.00932	0.01084	0.01186	0.00661	0.00865	0.01169	0.01404	0.01844	0.03548	0.37462	0.04035	0.01925	0.00879	0.00288	0.00509	0.39401	0.00608	0.00575
2	0.46552	0.01205	0.01217	0.01002	0.01454	0.01250	0.00826	0.02502	0.01460	0.34222	0.01665	0.01591	0.01121	0.00702	0.00521	0.00204	0.00532	0.00492	0.00589	0.00894
3	0.01243	0.01170	0.01975	0.75282	0.04534	0.01463	0.01828	0.01682	0.01316	0.01682	0.01170	0.01755	0.00878	0.00658	0.00658	0.00219	0.00878	0.00585	0.00293	0.00731
4	0.15835	0.01748	0.01806	0.01405	0.01912	0.01946	0.01160	0.58982	0.02762	0.03947	0.01469	0.01494	0.01051	0.00760	0.00616	0.00199	0.00688	0.00553	0.00616	0.01051
5	0.01195	0.00785	0.00973	0.00957	0.01151	0.00780	0.00764	0.01666	0.09141	0.05942	0.30960	0.04693	0.04077	0.01282	0.00734	0.00223	0.00419	0.17933	0.15639	0.00686
6	0.00803	0.00659	0.00707	0.00715	0.00909	0.00563	0.00528	0.00985	0.01530	0.01894	0.15886	0.12942	0.56279	0.01659	0.00784	0.00224	0.00335	0.01407	0.00628	0.00563
7	0.02742	0.01076	0.01444	0.01122	0.01604	0.00928	0.00922	0.02988	0.01847	0.66272	0.02993	0.02639	0.08515	0.00898	0.00673	0.00206	0.00538	0.00733	0.00795	0.01065
8	0.00992	0.00630	0.00846	0.00959	0.01043	0.00586	0.00673	0.01131	0.01329	0.07368	0.03536	0.65438	0.04096	0.01946	0.00831	0.00265	0.00413	0.06705	0.00627	0.00586
9	0.00957	0.00638	0.00718	0.00718	0.00718	0.00638	0.00399	0.00957	0.00957	0.01276	0.02074	0.04308	0.02393	0.76864	0.03351	0.00638	0.00638	0.00957	0.00399	0.00399
10	0.00904	0.00733	0.00790	0.00782	0.01005	0.00654	0.00609	0.04302	0.01607	0.01982	0.11458	0.06118	0.55958	0.01617	0.00787	0.00229	0.00381	0.08869	0.00622	0.00593
11	0.00889	0.00629	0.00778	0.00816	0.00937	0.00578	0.00584	0.01103	0.01535	0.02131	0.29797	0.31806	0.15055	0.01608	0.00770	0.00227	0.00341	0.01421	0.08418	0.00578
12	0.14110	0.01446	0.01635	0.01271	0.01773	0.01491	0.01050	0.31264	0.02282	0.34110	0.01928	0.01795	0.01283	0.00775	0.00624	0.00201	0.00622	0.00589	0.00690	0.01061
13	0.00957	0.00638	0.00718	0.00718	0.00718	0.00638	0.00399	0.00957	0.00957	0.01276	0.02074	0.04308	0.02393	0.76864	0.03351	0.00638	0.00638	0.00957	0.00399	0.00399
14	0.01174	0.00694	0.00895	0.00886	0.01024	0.00640	0.00625	0.01345	0.01473	0.12205	0.22229	0.31040	0.06615	0.14603	0.01229	0.00304	0.00431	0.01334	0.00635	0.00620
15	0.02261	0.01312	0.01544	0.01264	0.01694	0.01355	0.01021	0.18597	0.20423	0.30018	0.06321	0.02554	0.01974	0.03033	0.00755	0.00224	0.00578	0.03326	0.00716	0.01031
16	0.00891	0.00714	0.00802	0.00792	0.00986	0.00653	0.00589	0.01221	0.06782	0.02099	0.25808	0.13119	0.40053	0.01556	0.00776	0.00223	0.00346	0.01333	0.00650	0.00609
17	0.00956	0.00641	0.00730	0.00726	0.00737	0.00637	0.00415	0.00978	0.01022	0.01374	0.07108	0.04352	0.02667	0.71459	0.03167	0.00607	0.00615	0.00974	0.00422	0.00415
18	0.01446	0.00902	0.01009	0.00894	0.01153	0.00906	0.00696	0.10993	0.06929	0.08651	0.19411	0.03414	0.12029	0.01039	0.00636	0.00191	0.00405	0.00864	0.27682	0.00750
19	0.02910	0.01191	0.01571	0.01205	0.01716	0.01072	0.00995	0.09753	0.02002	0.66502	0.02498	0.02177	0.01580	0.00812	0.00662	0.00203	0.00576	0.00655	0.00800	0.01120
20	0.00942	0.00632	0.00722	0.00737	0.00741	0.00628	0.00420	0.00953	0.00987	0.01316	0.02225	0.11317	0.02584	0.69595	0.03107	0.00602	0.00613	0.01046	0.00420	0.00412
21	0.01137	0.00580	0.00827	0.00827	0.00840	0.00580	0.00550	0.00922	0.00909	0.01264	0.01295	0.02205	0.01279	0.07496	0.02450	0.68274	0.00554	0.00603	0.07087	0.00322
22	0.01637	0.01414	0.01489	0.01340	0.01712	0.01637	0.01042	0.03498	0.71568	0.02754	0.02679	0.02456	0.02010	0.00893	0.00670	0.00223	0.00521	0.00744	0.00670	0.01042
23	0.81514	0.01273	0.00968	0.00866	0.01273	0.01477	0.00713	0.01935	0.01120	0.02954	0.00917	0.01069	0.00713	0.00611	0.00407	0.00204	0.00509	0.00356	0.00407	0.00713
24	0.00878	0.00639	0.00806	0.00826	0.00939	0.00590	0.00583	0.01084	0.01554	0.02124	0.37664	0.26494	0.12596	0.08935	0.01046	0.00269	0.00366	0.01394	0.00646	0.00566
25	0.01890	0.01194	0.01389	0.01138	0.01507	0.01213	0.00912	0.25154	0.05538	0.17348	0.24662	0.03269	0.09805	0.01060	0.00709	0.00205	0.00513	0.00880	0.00707	0.00904
26	0.81514	0.01273	0.00968	0.00866	0.01273	0.01477	0.00713	0.01935	0.01120	0.02954	0.00917	0.01069	0.00713	0.00611	0.00407	0.00204	0.00509	0.00356	0.00407	0.00713
27	0.01227	0.00614	0.00614	0.00614	0.00767	0.00614	0.00460	0.01534	0.01381	0.02454	0.02148	0.02454	0.01687	0.00767	0.00460	0.00153	0.00307	0.00614	0.80518	0.00614
28	0.01144	0.00572	0.00858	0.00858	0.00858	0.00572	0.00572	0.00858	0.00858	0.01144	0.01144	0.02001	0.01144	0.02287	0.02573	0.80846	0.00572	0.00572	0.00286	0.00286
29	0.01470	0.01401	0.02384	0.33501	0.44545	0.01522	0.01941	0.01880	0.01423	0.01957	0.01210	0.01681	0.00974	0.00616	0.00654	0.00205	0.00822	0.00586	0.00312	0.00914
30	0.01243	0.01170	0.01975	0.75282	0.04534	0.01463	0.01828	0.01682	0.01316	0.01682	0.01170	0.01755	0.00878	0.00658	0.00658	0.00219	0.00878	0.00585	0.00293	0.00731
31	0.02503	0.01844	0.01976	0.01515	0.02042	0.02042	0.01251	0.70562	0.03095	0.04149	0.01581	0.01581	0.01120	0.00790	0.00659	0.00198	0.00724	0.00593	0.00659	0.01120
32	0.01776	0.01244	0.01474	0.01114	0.01631	0.01104	0.00901	0.14751	0.01738	0.13176	0.01520	0.01656	0.01166	0.01026	0.07714	0.00226	0.00667	0.00500	0.00501	0.46117
33	0.77785	0.01300	0.01015	0.00896	0.01309	0.01503	0.00738	0.05174	0.01214	0.03010	0.00948	0.01094	0.00732	0.00620	0.00419	0.00203	0.00519	0.00368	0.00419	0.00732
34	0.02626	0.02456	0.01751	0.01519	0.01915	0.49455	0.01169	0.02825	0.01872	0.25819	0.01552	0.01543	0.01112	0.00725	0.00617	0.00181	0.00975	0.00504	0.00500	0.00884
35	0.00794	0.00668	0.00689	0.00684	0.00899	0.00563	0.00513	0.00976	0.01538	0.01868	0.13534	0.06188	0.65569	0.01634	0.00778	0.00221	0.00331	0.01369	0.00623	0.00563
36	0.01637	0.01414	0.01489	0.01340	0.01712	0.01637	0.01042	0.03498	0.71568	0.02754	0.02679	0.02456	0.02010	0.00893	0.00670	0.00223	0.00521	0.00744	0.00670	0.01042
37	0.02848	0.01123	0.01499	0.01156	0.01648	0.00991	0.00953	0.05732	0.01906	0.66935	0.02535	0.02226	0.01613	0.00811	0.00652	0.00201	0.00554	0.00657	0.04867	0.01095
38	0.01637	0.01414	0.01489	0.01340	0.01712	0.01637	0.01042	0.03498	0.71568	0.02754	0.02679	0.02456	0.02010	0.00893	0.00670	0.00223	0.00521	0.00744	0.00670	0.01042
39	0.02869	0.01256	0.01612	0.01236	0.01748	0.01169	0.01021	0.15824	0.02111	0.60277	0.02407	0.02117	0.01534	0.00810	0.00661	0.00203	0.00591	0.00649	0.00786	0.01120
40	0.00778	0.00667	0.00667	0.00667	0.00889	0.00556	0.00500	0.00945	0.01501	0.01778	0.06669	0.06336	0.72490	0.01667	0.00778	0.00222	0.00333	0.01389	0.00611	0.00556
41	0.00821	0.00582	0.00763	0.00895	0.00933	0.00547	0.00591	0.00930	0.01248	0.01669	0.05473	0.67350	0.04218	0.09310	0.01082	0.00302	0.00405	0.01763	0.00594	0.00524
42	0.01001	0.00720	0.00990	0.01136	0.01269	0.00708	0.00955	0.01264	0.01467	0.01908	0.03636	0.20310	0.06555	0.01858	0.00891	0.00293	0.00554	0.53286	0.00607	0.00591
43	0.00802	0.00573	0.00764	0.00917	0.00955	0.00535	0.00611	0.00917	0.01260	0.01681	0.03628	0.76434	0.04354	0.02062	0.00840	0.00267	0.00382	0.01872	0.00611	0.00535
44	0.01214	0.00789	0.00963	0.00948	0.01097	0.00785	0.00667	0.01611	0.11954	0.09537	0.13908	0.29488	0.03554	0.18804	0.01362	0.00329	0.00469	0.01255	0.00611	0.00656
45	0.02583	0.01239	0.01544	0.01235	0.01710	0.01205	0.01004	0.07206	0.20191	0.50753	0.02560	0.02259	0.01699	0.00834	0.00664	0.00208	0.00559	0.00680	0.00768	0.01100
46	0.01227	0.00614	0.00614	0.00614	0.00767	0.00614	0.00460	0.01534	0.01381	0.02454	0.02148	0.02454	0.01687	0.00767	0.00460	0.00153	0.00307	0.00614	0.80518	0.00614

[dist]
# distance from previous block
# <min> <max>
0	40

[block]
# block no. 3 follows, 33 sequences, length 33
# corresponding to MSA columns:
# 604-636
name=unknown_D
#
# <colnr> <probs for GDERKNQSTAVLIFYWHMCP>
#	G	D	E	R	K	N	Q	S	T	A	V	L	I	F	Y	W	H	M	C	P
0	0.00802	0.00573	0.00764	0.00917	0.00955	0.00535	0.00611	0.00917	0.01260	0.01681	0.03628	0.76434	0.04354	0.02062	0.00840	0.00267	0.00382	0.01872	0.00611	0.00535
1	0.00819	0.00582	0.00771	0.00916	0.00956	0.00547	0.00615	0.00934	0.01253	0.01669	0.03544	0.70445	0.04235	0.05898	0.00972	0.00288	0.00403	0.04023	0.00600	0.00530
2	0.02556	0.01619	0.01820	0.01410	0.01921	0.01726	0.01160	0.47581	0.08002	0.22357	0.01934	0.01822	0.01323	0.00805	0.00660	0.00201	0.00665	0.00623	0.00701	0.01114
3	0.07112	0.01176	0.01527	0.01178	0.01683	0.01066	0.00973	0.07587	0.01923	0.64907	0.02440	0.02135	0.01547	0.00802	0.00648	0.00203	0.00568	0.00641	0.00783	0.01099
4	0.76524	0.01270	0.00988	0.00878	0.01281	0.01467	0.00722	0.04053	0.01190	0.02975	0.00976	0.01129	0.00756	0.00622	0.00417	0.00202	0.00510	0.00372	0.02946	0.00722
5	0.24115	0.01199	0.01400	0.01107	0.01589	0.01160	0.00914	0.06326	0.01740	0.50718	0.02092	0.01891	0.01356	0.00759	0.00593	0.00203	0.00555	0.00576	0.00697	0.01010
6	0.01061	0.00758	0.01061	0.01212	0.01364	0.00758	0.01061	0.01364	0.01515	0.01970	0.03486	0.07426	0.03789	0.01819	0.00909	0.00303	0.00606	0.68326	0.00606	0.00606
7	0.72900	0.01256	0.01029	0.00899	0.01318	0.01421	0.00741	0.02075	0.01204	0.10658	0.01101	0.01198	0.00813	0.00633	0.00435	0.00204	0.00515	0.00390	0.00452	0.00758
8	0.00807	0.00577	0.00768	0.00913	0.00956	0.00538	0.00611	0.00928	0.01282	0.01715	0.06101	0.73863	0.04421	0.02037	0.00838	0.00265	0.00379	0.01847	0.00615	0.00538
9	0.01144	0.00572	0.00858	0.00858	0.00858	0.00572	0.00572	0.00858	0.00858	0.01144	0.01144	0.02001	0.01144	0.02287	0.02573	0.80846	0.00572	0.00572	0.00286	0.00286
10	0.01440	0.01440	0.02016	0.01728	0.01728	0.02016	0.01440	0.01584	0.01008	0.01584	0.00864	0.01440	0.00864	0.01152	0.02160	0.00288	0.75659	0.00576	0.00288	0.00720
11	0.52574	0.01314	0.01158	0.01032	0.01431	0.01512	0.00830	0.02493	0.24326	0.05265	0.01554	0.01565	0.01171	0.00711	0.00502	0.00210	0.00515	0.00494	0.00508	0.00835
12	0.00932	0.00673	0.00880	0.00828	0.00984	0.00621	0.00621	0.01242	0.01863	0.02640	0.72410	0.04918	0.06212	0.01346	0.00776	0.00207	0.00311	0.01191	0.00725	0.00621
13	0.01320	0.03405	0.73453	0.01876	0.02849	0.01529	0.02432	0.02085	0.01390	0.02085	0.01181	0.01390	0.00834	0.00625	0.00625	0.00208	0.00973	0.00486	0.00278	0.00973
14	0.00957	0.00673	0.00895	0.00895	0.00962	0.00735	0.00626	0.01091	0.01024	0.01447	0.01912	0.03338	0.01975	0.36361	0.40851	0.00846	0.01224	0.00813	0.02871	0.00506
15	0.00948	0.00677	0.00914	0.00914	0.00981	0.00744	0.00643	0.01083	0.01015	0.01421	0.01895	0.03318	0.01963	0.35485	0.44142	0.00880	0.01286	0.00812	0.00372	0.00508
16	0.01320	0.03405	0.73453	0.01876	0.02849	0.01529	0.02432	0.02085	0.01390	0.02085	0.01181	0.01390	0.00834	0.00625	0.00625	0.00208	0.00973	0.00486	0.00278	0.00973
17	0.01629	0.01564	0.02672	0.04041	0.72757	0.01564	0.02020	0.02020	0.01499	0.02151	0.01238	0.01629	0.01043	0.00587	0.00652	0.00196	0.00782	0.00587	0.00326	0.01043
18	0.01320	0.03405	0.73453	0.01876	0.02849	0.01529	0.02432	0.02085	0.01390	0.02085	0.01181	0.01390	0.00834	0.00625	0.00625	0.00208	0.00973	0.00486	0.00278	0.00973
19	0.01598	0.01532	0.02615	0.09896	0.67150	0.01556	0.02005	0.01993	0.01484	0.02112	0.01233	0.01640	0.01029	0.00592	0.00652	0.00197	0.00790	0.00586	0.00323	0.01017
20	0.00885	0.00668	0.00817	0.00786	0.00957	0.00600	0.00587	0.01150	0.01744	0.02372	0.52092	0.07501	0.24515	0.01457	0.00779	0.00213	0.00319	0.01267	0.00690	0.00600
21	0.00925	0.00673	0.00870	0.00821	0.00979	0.00618	0.00616	0.01229	0.01847	0.02601	0.69413	0.04982	0.09233	0.01361	0.00777	0.00208	0.00312	0.01200	0.00720	0.00618
22	0.81514	0.01273	0.00968	0.00866	0.01273	0.01477	0.00713	0.01935	0.01120	0.02954	0.00917	0.01069	0.00713	0.00611	0.00407	0.00204	0.00509	0.00356	0.00407	0.00713
23	0.01340	0.06616	0.70410	0.01844	0.02799	0.01576	0.02376	0.02080	0.01388	0.02062	0.01170	0.01375	0.00834	0.00623	0.00617	0.00206	0.00961	0.00481	0.00278	0.00967
24	0.01426	0.21154	0.56629	0.01696	0.02571	0.01787	0.02118	0.02058	0.01377	0.01956	0.01117	0.01310	0.00837	0.00610	0.00577	0.00192	0.00908	0.00454	0.00279	0.00942
25	0.00947	0.00680	0.00929	0.00929	0.01001	0.00753	0.00661	0.01092	0.01020	0.01432	0.01882	0.03242	0.01930	0.32324	0.47257	0.00898	0.01335	0.00801	0.00370	0.00516
26	0.00944	0.00692	0.00988	0.00988	0.01082	0.00785	0.00736	0.01131	0.01037	0.01477	0.01827	0.02938	0.01799	0.19648	0.59754	0.00972	0.01533	0.00757	0.00362	0.00549
27	0.01558	0.01765	0.03820	0.02842	0.07136	0.01659	0.66722	0.02104	0.01551	0.02111	0.01327	0.01768	0.01001	0.00557	0.00770	0.00221	0.01092	0.00767	0.00333	0.00896
28	0.01587	0.01809	0.06709	0.02573	0.03219	0.01645	0.59648	0.07166	0.01651	0.02244	0.01428	0.04482	0.01124	0.00631	0.00764	0.00221	0.01048	0.00790	0.00365	0.00896
29	0.01144	0.00572	0.00858	0.00858	0.00858	0.00572	0.00572	0.00858	0.00858	0.01144	0.01144	0.02001	0.01144	0.02287	0.02573	0.80846	0.00572	0.00572	0.00286	0.00286
30	0.02107	0.06146	0.05110	0.01471	0.01940	0.30626	0.01203	0.17989	0.08966	0.02417	0.01341	0.01437	0.01047	0.00684	0.00590	0.00169	0.00858	0.00488	0.00448	0.14962
31	0.02195	0.02597	0.01744	0.01570	0.01929	0.51883	0.01190	0.02814	0.20176	0.01935	0.01461	0.01529	0.01159	0.00726	0.00609	0.00181	0.00981	0.00507	0.00428	0.04385
32	0.01039	0.00845	0.04164	0.00912	0.01148	0.00694	0.02524	0.01345	0.01765	0.06060	0.50983	0.04818	0.18528	0.01329	0.00764	0.00210	0.00378	0.01160	0.00677	0.00657

[dist]
# distance from previous block
# <min> <max>
9	79

[block]
# block no. 4 follows, 33 sequences, length 45
# corresponding to MSA columns:
# 717-761
name=unknown_E
#
# <colnr> <probs for GDERKNQSTAVLIFYWHMCP>
#	G	D	E	R	K	N	Q	S	T	A	V	L	I	F	Y	W	H	M	C	P
0	0.01760	0.77260	0.03450	0.01126	0.01690	0.02605	0.01126	0.01971	0.01338	0.01549	0.00915	0.01056	0.00845	0.00563	0.00422	0.00141	0.00704	0.00352	0.00282	0.00845
1	0.01144	0.00572	0.00858	0.00858	0.00858	0.00572	0.00572	0.00858	0.00858	0.01144	0.01144	0.02001	0.01144	0.02287	0.02573	0.80846	0.00572	0.00572	0.00286	0.00286
2	0.02503	0.01844	0.01976	0.01515	0.02042	0.02042	0.01251	0.70562	0.03095	0.04149	0.01581	0.01581	0.01120	0.00790	0.00659	0.00198	0.00724	0.00593	0.00659	0.01120
3	0.00946	0.00685	0.00955	0.00955	0.01037	0.00767	0.00695	0.01110	0.01028	0.01452	0.01857	0.03107	0.01872	0.26687	0.52815	0.00931	0.01423	0.00782	0.00367	0.00531
4	0.00887	0.00681	0.00814	0.00824	0.00980	0.00642	0.00621	0.01079	0.01417	0.01830	0.15333	0.05409	0.33011	0.13040	0.11793	0.00411	0.00615	0.09500	0.00560	0.00554
5	0.00884	0.00646	0.00833	0.00860	0.00985	0.00595	0.00629	0.01120	0.01625	0.02226	0.41256	0.27131	0.12010	0.01622	0.00803	0.00232	0.00350	0.04933	0.00673	0.00587
6	0.02757	0.01077	0.01465	0.01138	0.01613	0.00934	0.00934	0.03017	0.01882	0.66348	0.09388	0.02501	0.02075	0.00866	0.00673	0.00204	0.00536	0.00713	0.00806	0.01072
7	0.01144	0.00572	0.00858	0.00858	0.00858	0.00572	0.00572	0.00858	0.00858	0.01144	0.01144	0.02001	0.01144	0.02287	0.02573	0.80846	0.00572	0.00572	0.00286	0.00286
8	0.01519	0.00831	0.01028	0.00928	0.01190	0.00769	0.00712	0.01880	0.06977	0.21598	0.21271	0.14354	0.14727	0.01271	0.00719	0.00214	0.00408	0.01092	0.07744	0.00765
9	0.71533	0.01298	0.01066	0.00925	0.01347	0.01477	0.00762	0.06172	0.01290	0.07676	0.01068	0.01178	0.00798	0.00635	0.00439	0.00203	0.00526	0.00391	0.00450	0.00765
10	0.00899	0.00672	0.00834	0.00794	0.00963	0.00607	0.00595	0.01178	0.01785	0.02455	0.58272	0.05223	0.20466	0.01415	0.00777	0.00210	0.00316	0.01233	0.00700	0.00607
11	0.56756	0.01207	0.01114	0.00945	0.01366	0.01305	0.00772	0.02253	0.01326	0.22391	0.01426	0.01513	0.01029	0.03466	0.00586	0.00220	0.00528	0.00463	0.00520	0.00814
12	0.01348	0.00889	0.01054	0.00996	0.01154	0.00943	0.00723	0.07553	0.15300	0.03916	0.02124	0.09359	0.02020	0.14985	0.01689	0.22854	0.00548	0.04344	0.07582	0.00619
13	0.02118	0.01577	0.06320	0.01279	0.01736	0.01563	0.01103	0.43533	0.02453	0.08013	0.01769	0.01840	0.01283	0.00775	0.00604	0.00187	0.00620	0.00596	0.21653	0.00977
14	0.00808	0.00581	0.00757	0.00895	0.00941	0.00541	0.00596	0.00920	0.01259	0.01667	0.03716	0.69524	0.07807	0.05430	0.00951	0.00282	0.00391	0.01805	0.00602	0.00530
15	0.08855	0.00725	0.00859	0.00859	0.01032	0.00690	0.00636	0.01268	0.01557	0.05551	0.31076	0.25138	0.14650	0.01513	0.00757	0.00228	0.00373	0.02969	0.00646	0.00619
16	0.02510	0.01569	0.01773	0.01388	0.01888	0.01667	0.01137	0.41034	0.12640	0.24282	0.02039	0.01902	0.01398	0.00812	0.00661	0.00203	0.00647	0.00635	0.00706	0.01109
17	0.02544	0.01192	0.01526	0.01238	0.01691	0.01134	0.01028	0.13104	0.05636	0.48844	0.02577	0.02902	0.01885	0.00960	0.00698	0.00218	0.00590	0.10440	0.00754	0.01042
18	0.01059	0.00841	0.00882	0.00834	0.01097	0.00799	0.00637	0.01582	0.15903	0.05246	0.08120	0.05302	0.52351	0.01458	0.00751	0.00221	0.00381	0.01217	0.00637	0.00684
19	0.00813	0.00581	0.00776	0.00929	0.00972	0.00544	0.00630	0.00936	0.01271	0.01693	0.03622	0.73523	0.04330	0.02052	0.00843	0.00269	0.00391	0.04675	0.00611	0.00538
20	0.00913	0.00619	0.00731	0.00775	0.00786	0.00608	0.00460	0.00946	0.01045	0.01393	0.02523	0.25133	0.02960	0.55267	0.02626	0.00531	0.00564	0.01221	0.00460	0.00438
21	0.02070	0.01532	0.01662	0.01347	0.01755	0.01676	0.01075	0.50839	0.06215	0.03479	0.02107	0.12748	0.03715	0.05608	0.00852	0.00236	0.00648	0.00830	0.00635	0.00972
22	0.33273	0.01122	0.01120	0.00946	0.01335	0.01163	0.00768	0.08129	0.01579	0.21230	0.02385	0.02338	0.11477	0.00850	0.00556	0.00200	0.00493	0.00636	0.09578	0.00822
23	0.02911	0.01189	0.01570	0.01204	0.01715	0.01069	0.00994	0.09558	0.01998	0.66703	0.02501	0.02178	0.01582	0.00812	0.00662	0.00203	0.00576	0.00655	0.00800	0.01120
24	0.02954	0.01120	0.01528	0.01171	0.01681	0.00968	0.00968	0.03208	0.01884	0.73213	0.02597	0.02241	0.01630	0.00815	0.00662	0.00204	0.00560	0.00662	0.00815	0.01120
25	0.01214	0.00869	0.00985	0.00885	0.01146	0.00821	0.00690	0.11251	0.01866	0.06714	0.25764	0.04996	0.35586	0.01395	0.00757	0.00215	0.00404	0.03082	0.00665	0.00693
26	0.01227	0.00614	0.00614	0.00614	0.00767	0.00614	0.00460	0.01534	0.01381	0.02454	0.02148	0.02454	0.01687	0.00767	0.00460	0.00153	0.00307	0.00614	0.80518	0.00614
27	0.00802	0.00573	0.00764	0.00917	0.00955	0.00535	0.00611	0.00917	0.01260	0.01681	0.03628	0.76434	0.04354	0.02062	0.00840	0.00267	0.00382	0.01872	0.00611	0.00535
28	0.01258	0.01185	0.02001	0.72623	0.07080	0.01466	0.01835	0.01695	0.01323	0.01700	0.01173	0.01750	0.00884	0.00656	0.00658	0.00219	0.00874	0.00585	0.00294	0.00743
29	0.36598	0.01766	0.01588	0.04874	0.08827	0.14455	0.01124	0.18907	0.01783	0.02873	0.01141	0.01302	0.00877	0.00667	0.00538	0.00196	0.00725	0.00460	0.00444	0.00855
30	0.01320	0.03405	0.73453	0.01876	0.02849	0.01529	0.02432	0.02085	0.01390	0.02085	0.01181	0.01390	0.00834	0.00625	0.00625	0.00208	0.00973	0.00486	0.00278	0.00973
31	0.01256	0.01183	0.01998	0.72928	0.06788	0.01466	0.01835	0.01693	0.01322	0.01698	0.01172	0.01751	0.00883	0.00656	0.00658	0.00219	0.00874	0.00585	0.00294	0.00742
32	0.01459	0.02407	0.45097	0.01550	0.02257	0.01232	0.01816	0.02017	0.01485	0.12316	0.02269	0.04548	0.08376	0.00939	0.00687	0.00222	0.00791	0.09198	0.00437	0.00897
33	0.01536	0.01361	0.02290	0.35793	0.37883	0.01483	0.01871	0.01941	0.01440	0.06241	0.01290	0.01723	0.01004	0.00632	0.00655	0.00207	0.00811	0.00590	0.00341	0.00908
34	0.01320	0.03405	0.73453	0.01876	0.02849	0.01529	0.02432	0.02085	0.01390	0.02085	0.01181	0.01390	0.00834	0.00625	0.00625	0.00208	0.00973	0.00486	0.00278	0.00973
35	0.01389	0.05768	0.56542	0.02110	0.07123	0.01590	0.12182	0.02080	0.01418	0.02073	0.01197	0.01448	0.00871	0.00611	0.00641	0.00207	0.00971	0.00530	0.00289	0.00960
36	0.02375	0.01497	0.02239	0.01696	0.02225	0.06369	0.21040	0.04529	0.08620	0.39119	0.02105	0.02038	0.01418	0.00737	0.00691	0.00208	0.00763	0.00685	0.00625	0.01021
37	0.01109	0.00840	0.01309	0.01356	0.05684	0.00797	0.07652	0.01366	0.01486	0.05300	0.12476	0.31920	0.05749	0.01598	0.00822	0.00255	0.00532	0.18503	0.00590	0.00658
38	0.02459	0.03138	0.01866	0.01696	0.02035	0.74221	0.01272	0.02629	0.01866	0.01611	0.01018	0.01187	0.00848	0.00678	0.00594	0.00170	0.01187	0.00424	0.00339	0.00763
39	0.00960	0.00687	0.00938	0.01048	0.01168	0.00665	0.00841	0.01210	0.01513	0.02024	0.17664	0.26836	0.04449	0.01792	0.00862	0.00273	0.00481	0.35369	0.00632	0.00589
40	0.01554	0.01776	0.03885	0.02775	0.03441	0.01665	0.70366	0.02109	0.01554	0.02109	0.01332	0.01776	0.00999	0.00555	0.00777	0.00222	0.01110	0.00777	0.00333	0.00888
41	0.00940	0.00705	0.01058	0.01058	0.01176	0.00823	0.00823	0.01176	0.01058	0.01528	0.01763	0.02586	0.01646	0.04937	0.74255	0.01058	0.01763	0.00705	0.00353	0.00588
42	0.00807	0.00603	0.00753	0.00869	0.00956	0.00549	0.00603	0.00942	0.01329	0.01716	0.04358	0.56573	0.20806	0.01957	0.00828	0.00258	0.00380	0.04558	0.00611	0.00543
43	0.01061	0.00758	0.01061	0.01212	0.01364	0.00758	0.01061	0.01364	0.01515	0.01970	0.03486	0.07426	0.03789	0.01819	0.00909	0.00303	0.00606	0.68326	0.00606	0.00606
44	0.01365	0.01170	0.01365	0.00975	0.01560	0.00878	0.00780	0.01658	0.01365	0.02145	0.01170	0.01365	0.00975	0.00488	0.00488	0.00098	0.00488	0.00390	0.00390	0.80888

[dist]
# distance from previous block
# <min> <max>
0	46

[block]
# block no. 5 follows, 33 sequences, length 6
# corresponding to MSA columns:
# 808-813
name=unknown_F
#
# <colnr> <probs for GDERKNQSTAVLIFYWHMCP>
#	G	D	E	R	K	N	Q	S	T	A	V	L	I	F	Y	W	H	M	C	P
0	0.34518	0.00930	0.00931	0.00874	0.01134	0.00988	0.00694	0.01541	0.01526	0.02718	0.37173	0.03512	0.03729	0.01077	0.00633	0.00213	0.00417	0.06149	0.00583	0.00658
1	0.01261	0.01113	0.01795	0.02346	0.31038	0.01212	0.01363	0.01555	0.01238	0.01791	0.01484	0.02110	0.01342	0.02870	0.38731	0.00647	0.06332	0.00647	0.00337	0.00786
2	0.01456	0.01254	0.01695	0.32003	0.02859	0.01266	0.01275	0.10232	0.01560	0.02201	0.01221	0.01554	0.00952	0.00596	0.00580	0.00161	0.00680	0.00496	0.00383	0.37575
3	0.01418	0.01292	0.02522	0.01874	0.02327	0.01227	0.41239	0.01869	0.01482	0.02253	0.01672	0.02059	0.01286	0.00643	0.00645	0.00193	0.00775	0.00709	0.33744	0.00774
4	0.01349	0.01178	0.01858	0.02656	0.42741	0.01178	0.01345	0.01577	0.01273	0.01786	0.01587	0.02746	0.01606	0.32369	0.01776	0.00380	0.00722	0.00741	0.00356	0.00775
5	0.01507	0.01636	0.03106	0.02339	0.02727	0.01811	0.41647	0.01890	0.01326	0.01890	0.01137	0.01636	0.00943	0.00804	0.01353	0.00250	0.32172	0.00693	0.00314	0.00818

[dist]
# distance from previous block
# <min> <max>
8	13

[block]
# block no. 6 follows, 33 sequences, length 10
# corresponding to MSA columns:
# 829-838
name=unknown_G
#
# <colnr> <probs for GDERKNQSTAVLIFYWHMCP>
#	G	D	E	R	K	N	Q	S	T	A	V	L	I	F	Y	W	H	M	C	P
0	0.04822	0.00787	0.01036	0.01005	0.01216	0.00766	0.00776	0.01593	0.01408	0.17996	0.04802	0.23978	0.09643	0.02327	0.18353	0.00437	0.00772	0.06997	0.00589	0.00698
1	0.01139	0.00742	0.01010	0.00969	0.01149	0.00772	0.00748	0.01350	0.01244	0.09876	0.02938	0.03446	0.17027	0.07404	0.46211	0.00757	0.01257	0.00861	0.00465	0.00633
2	0.01483	0.01115	0.01379	0.01076	0.01486	0.01014	0.00863	0.04239	0.01545	0.09456	0.16723	0.02240	0.02167	0.00800	0.00781	0.00159	0.09749	0.00621	0.00503	0.42600
3	0.55339	0.01361	0.01549	0.01689	0.16914	0.01483	0.05432	0.02026	0.01267	0.06119	0.01094	0.01292	0.00847	0.00612	0.00496	0.00203	0.00609	0.00448	0.00405	0.00815
4	0.01365	0.01170	0.01365	0.00975	0.01560	0.00878	0.00780	0.01658	0.01365	0.02145	0.01170	0.01365	0.00975	0.00488	0.00488	0.00098	0.00488	0.00390	0.00390	0.80888
5	0.01215	0.01077	0.01792	0.01906	0.17005	0.01094	0.09666	0.01530	0.01250	0.01806	0.01528	0.02137	0.01358	0.02938	0.40690	0.00657	0.01322	0.00652	0.00349	0.10028
6	0.01090	0.00891	0.01408	0.01704	0.16680	0.00983	0.01082	0.01359	0.01154	0.01663	0.01650	0.02379	0.01515	0.03995	0.58312	0.00871	0.01551	0.00680	0.00347	0.00686
7	0.01478	0.01147	0.01549	0.01351	0.01496	0.01411	0.01096	0.01843	0.07910	0.10762	0.16849	0.02520	0.02315	0.01567	0.09890	0.00343	0.34470	0.00751	0.00491	0.00763
8	0.37432	0.01238	0.01479	0.01238	0.01572	0.01392	0.09410	0.01912	0.07914	0.02604	0.16612	0.02163	0.02078	0.00852	0.00761	0.00218	0.09250	0.00651	0.00478	0.00746
9	0.15286	0.10917	0.01990	0.17337	0.02410	0.01892	0.01271	0.35752	0.02164	0.03095	0.01299	0.01469	0.00966	0.00704	0.00588	0.00196	0.00719	0.00522	0.00491	0.00934

[dist]
# distance from previous block
# <min> <max>
0	1

[block]
# block no. 7 follows, 33 sequences, length 7
# corresponding to MSA columns:
# 841-847
name=unknown_H
#
# <colnr> <probs for GDERKNQSTAVLIFYWHMCP>
#	G	D	E	R	K	N	Q	S	T	A	V	L	I	F	Y	W	H	M	C	P
0	0.21658	0.02089	0.22401	0.01852	0.02519	0.01590	0.24035	0.09104	0.01570	0.05340	0.01261	0.01489	0.00918	0.00623	0.00625	0.00210	0.00860	0.00567	0.00389	0.00901
1	0.01081	0.00912	0.01327	0.01246	0.01331	0.01158	0.00996	0.01290	0.01044	0.01544	0.01511	0.02264	0.01426	0.03875	0.54011	0.00842	0.22514	0.00669	0.00335	0.00625
2	0.32429	0.01062	0.01155	0.15182	0.01850	0.01144	0.00903	0.01786	0.01371	0.12179	0.02815	0.02844	0.21028	0.00945	0.00595	0.00212	0.00538	0.00733	0.00499	0.00729
3	0.01115	0.00957	0.01047	0.00867	0.01258	0.00803	0.00674	0.01508	0.08610	0.02034	0.03927	0.03830	0.34933	0.01087	0.00644	0.00169	0.00418	0.00899	0.00523	0.34695
4	0.00898	0.00682	0.00883	0.00883	0.01007	0.00712	0.00651	0.01069	0.01163	0.01550	0.03201	0.03971	0.21683	0.17869	0.39969	0.00743	0.01145	0.00946	0.00434	0.00542
5	0.02170	0.02656	0.01645	0.01508	0.01782	0.60052	0.01104	0.02307	0.01691	0.01547	0.01221	0.01788	0.01146	0.15349	0.01125	0.00260	0.01081	0.00527	0.00351	0.00693
6	0.01134	0.00947	0.01511	0.01896	0.21276	0.01031	0.01159	0.01413	0.01182	0.01703	0.01616	0.02318	0.01476	0.03716	0.53587	0.00816	0.01488	0.00672	0.00345	0.00716

[dist]
# distance from previous block
# <min> <max>
0	26

# created by:
# /home/cegg/simao/soft/augustus-3.2.1/scripts/msa2prfl.pl ./align_prep/EOG090W0DSQ.fa
