[name]
unknown

[dist]
# distance from previous block
# <min> <max>
0	35

[block]
# block no. 0 follows, 34 sequences, length 13
# corresponding to MSA columns:
# 35-47
name=unknown_A
#
# <colnr> <probs for GDERKNQSTAVLIFYWHMCP>
#	G	D	E	R	K	N	Q	S	T	A	V	L	I	F	Y	W	H	M	C	P
0	0.15276	0.00990	0.01153	0.01172	0.01419	0.01059	0.01003	0.09863	0.05046	0.02394	0.02721	0.05282	0.02796	0.01414	0.00766	0.00264	0.00588	0.45527	0.00570	0.00694
1	0.12508	0.14493	0.01778	0.01141	0.01623	0.01422	0.00969	0.06553	0.09434	0.40596	0.02008	0.01839	0.01365	0.00739	0.00578	0.00191	0.00573	0.00564	0.00634	0.00994
2	0.01608	0.64316	0.02979	0.01120	0.01603	0.02242	0.01094	0.01831	0.01343	0.01592	0.01337	0.02123	0.01331	0.00767	0.00498	0.00166	0.00674	0.12257	0.00332	0.00789
3	0.00890	0.00653	0.00796	0.00764	0.00902	0.00600	0.00549	0.01115	0.01607	0.02198	0.48007	0.04987	0.18146	0.14578	0.01201	0.00280	0.00365	0.01166	0.00635	0.00560
4	0.01198	0.01131	0.01945	0.63822	0.04043	0.01361	0.06160	0.01606	0.01302	0.01678	0.01390	0.08938	0.01197	0.00772	0.00671	0.00220	0.00829	0.00708	0.00320	0.00709
5	0.01653	0.64767	0.15643	0.01233	0.01856	0.02373	0.01328	0.01954	0.01322	0.01612	0.00944	0.01093	0.00827	0.00563	0.00449	0.00150	0.00737	0.00368	0.00276	0.00851
6	0.00764	0.00655	0.00655	0.00655	0.00873	0.00545	0.00491	0.00927	0.01473	0.01745	0.06546	0.06218	0.73000	0.01636	0.00764	0.00218	0.00327	0.01364	0.00600	0.00545
7	0.00810	0.00579	0.00776	0.00926	0.00973	0.00544	0.00639	0.00939	0.01260	0.01675	0.03549	0.70622	0.04224	0.02003	0.00831	0.00266	0.00395	0.07860	0.00599	0.00531
8	0.06902	0.35844	0.25665	0.01423	0.02057	0.14677	0.01517	0.02080	0.01406	0.01789	0.01000	0.01165	0.00818	0.00595	0.00507	0.00168	0.00846	0.00401	0.00293	0.00847
9	0.00789	0.00631	0.00710	0.00768	0.00924	0.00552	0.00562	0.00945	0.01398	0.01727	0.05380	0.29058	0.46330	0.01771	0.00792	0.00238	0.00360	0.05924	0.00600	0.00542
10	0.01337	0.10450	0.67198	0.01771	0.02688	0.01602	0.02265	0.02036	0.01359	0.01996	0.01135	0.01333	0.00820	0.00608	0.00595	0.00198	0.00930	0.00465	0.00273	0.00943
11	0.04058	0.01343	0.02393	0.31283	0.03274	0.01439	0.24452	0.04076	0.03017	0.03831	0.07161	0.01957	0.01380	0.00689	0.00731	0.00211	0.03483	0.00675	0.00375	0.04171
12	0.01610	0.01206	0.01539	0.01114	0.01681	0.00969	0.05128	0.04780	0.01492	0.11898	0.01365	0.01490	0.01052	0.00539	0.00526	0.00121	0.00536	0.00451	0.00447	0.62057

[dist]
# distance from previous block
# <min> <max>
1	2

[block]
# block no. 1 follows, 34 sequences, length 14
# corresponding to MSA columns:
# 50-63
name=unknown_B
#
# <colnr> <probs for GDERKNQSTAVLIFYWHMCP>
#	G	D	E	R	K	N	Q	S	T	A	V	L	I	F	Y	W	H	M	C	P
0	0.01658	0.05681	0.01640	0.01147	0.01686	0.02972	0.03035	0.10645	0.07848	0.07022	0.01408	0.01508	0.01097	0.00583	0.00534	0.00134	0.00563	0.00466	0.00458	0.49915
1	0.01417	0.08354	0.64932	0.01751	0.02652	0.01542	0.02217	0.02101	0.01388	0.06099	0.01221	0.01389	0.00864	0.00620	0.00602	0.00200	0.00914	0.00478	0.00303	0.00954
2	0.00798	0.00621	0.00726	0.00774	0.00913	0.00549	0.00552	0.00967	0.01445	0.01854	0.16822	0.32657	0.35555	0.01729	0.00786	0.00232	0.00341	0.01509	0.00619	0.00549
3	0.01728	0.01448	0.01529	0.01339	0.01726	0.01664	0.01052	0.13092	0.62238	0.02898	0.02476	0.02288	0.01848	0.00862	0.00656	0.00216	0.00540	0.00709	0.00656	0.01034
4	0.01429	0.01362	0.02316	0.36139	0.42416	0.01491	0.01898	0.01834	0.01391	0.01905	0.01185	0.01655	0.00951	0.00607	0.00643	0.00202	0.00810	0.00575	0.00305	0.00886
5	0.01412	0.23259	0.55041	0.01644	0.02492	0.01784	0.02044	0.02016	0.01350	0.01905	0.01090	0.01276	0.00821	0.00598	0.00560	0.00187	0.00884	0.00442	0.00274	0.00921
6	0.02429	0.01592	0.01780	0.01388	0.01876	0.01714	0.01140	0.49389	0.08097	0.18275	0.01848	0.01786	0.01288	0.00928	0.03191	0.00226	0.00697	0.00611	0.00669	0.01075
7	0.00805	0.00641	0.00680	0.00692	0.00850	0.00561	0.00486	0.00938	0.01365	0.01677	0.07963	0.12028	0.51087	0.15896	0.01244	0.00298	0.00387	0.01318	0.00565	0.00517
8	0.00798	0.00605	0.00728	0.00819	0.00920	0.00547	0.00571	0.00930	0.01312	0.01673	0.04487	0.46103	0.27453	0.05865	0.00937	0.00268	0.00381	0.04488	0.00589	0.00528
9	0.43376	0.01329	0.01293	0.01094	0.01454	0.03803	0.00896	0.09462	0.01479	0.13706	0.05793	0.01570	0.01247	0.00764	0.00709	0.00209	0.10021	0.00502	0.00491	0.00801
10	0.14083	0.01614	0.04660	0.03941	0.09539	0.05958	0.06837	0.18936	0.09988	0.08294	0.05402	0.01789	0.01391	0.00723	0.00613	0.00196	0.00690	0.00592	0.00509	0.04244
11	0.01717	0.30191	0.12584	0.05628	0.22661	0.06968	0.01588	0.07961	0.01549	0.01994	0.01101	0.01330	0.00909	0.00599	0.00549	0.00173	0.00792	0.00466	0.00325	0.00915
12	0.01555	0.04039	0.06521	0.09094	0.59244	0.01562	0.04669	0.01963	0.01449	0.02052	0.01201	0.01583	0.00992	0.00581	0.00636	0.00194	0.00795	0.00570	0.00314	0.00985
13	0.05004	0.01504	0.02193	0.17766	0.32066	0.08101	0.06998	0.04041	0.01543	0.04142	0.06849	0.02015	0.01451	0.00705	0.00653	0.00201	0.00788	0.02731	0.00381	0.00869

[dist]
# distance from previous block
# <min> <max>
4	11

[block]
# block no. 2 follows, 34 sequences, length 32
# corresponding to MSA columns:
# 75-106
name=unknown_C
#
# <colnr> <probs for GDERKNQSTAVLIFYWHMCP>
#	G	D	E	R	K	N	Q	S	T	A	V	L	I	F	Y	W	H	M	C	P
0	0.07268	0.01643	0.11391	0.05546	0.44757	0.01441	0.01747	0.01913	0.03452	0.02113	0.01459	0.05219	0.02991	0.00702	0.00670	0.00199	0.02924	0.00624	0.00350	0.03591
1	0.01533	0.00952	0.01137	0.00982	0.01288	0.03242	0.00773	0.01912	0.06523	0.19594	0.33121	0.03758	0.08188	0.01099	0.00699	0.00197	0.00442	0.04566	0.00668	0.09327
2	0.01860	0.01374	0.01603	0.01269	0.01717	0.03525	0.03819	0.26653	0.04029	0.09838	0.10836	0.02477	0.01981	0.00851	0.00645	0.00182	0.00603	0.06275	0.00581	0.19883
3	0.01516	0.01450	0.02473	0.19703	0.58174	0.01513	0.01942	0.01910	0.01432	0.02010	0.01201	0.01626	0.00988	0.00591	0.00641	0.00197	0.00788	0.00575	0.00313	0.00956
4	0.01220	0.01148	0.01938	0.75739	0.04450	0.01436	0.01794	0.01651	0.01292	0.01651	0.01148	0.01723	0.00861	0.00646	0.00646	0.00215	0.00861	0.00574	0.00287	0.00718
5	0.01340	0.01148	0.01340	0.00957	0.01531	0.00861	0.00766	0.01627	0.01340	0.02105	0.01148	0.01340	0.00957	0.00479	0.00479	0.00096	0.00479	0.00383	0.00383	0.81242
6	0.01296	0.03342	0.73944	0.01842	0.02797	0.01501	0.02387	0.02046	0.01364	0.02046	0.01160	0.01364	0.00818	0.00614	0.00614	0.00205	0.00955	0.00477	0.00273	0.00955
7	0.81856	0.01250	0.00950	0.00850	0.01250	0.01449	0.00700	0.01899	0.01100	0.02899	0.00900	0.01050	0.00700	0.00600	0.00400	0.00200	0.00500	0.00350	0.00400	0.00700
8	0.01041	0.00744	0.01041	0.01190	0.01339	0.00744	0.01041	0.01339	0.01487	0.01934	0.03421	0.07288	0.03719	0.01785	0.00892	0.00297	0.00595	0.68913	0.00595	0.00595
9	0.01559	0.01484	0.01908	0.01623	0.01703	0.06351	0.01342	0.01716	0.01111	0.05833	0.00973	0.01441	0.00897	0.01048	0.01852	0.00261	0.63049	0.00552	0.00322	0.04975
10	0.01220	0.01148	0.01938	0.75739	0.04450	0.01436	0.01794	0.01651	0.01292	0.01651	0.01148	0.01723	0.00861	0.00646	0.00646	0.00215	0.00861	0.00574	0.00287	0.00718
11	0.01296	0.03342	0.73944	0.01842	0.02797	0.01501	0.02387	0.02046	0.01364	0.02046	0.01160	0.01364	0.00818	0.00614	0.00614	0.00205	0.00955	0.00477	0.00273	0.00955
12	0.00898	0.00648	0.00849	0.00824	0.00962	0.00599	0.00608	0.01178	0.01753	0.02470	0.64025	0.14067	0.05863	0.01411	0.00770	0.00211	0.00314	0.01254	0.00697	0.00599
13	0.00939	0.00629	0.00720	0.00720	0.00725	0.00635	0.00410	0.00949	0.00944	0.01264	0.02022	0.04151	0.02316	0.73993	0.06542	0.00645	0.00677	0.00928	0.00389	0.00400
14	0.02899	0.01100	0.01499	0.01150	0.01649	0.00950	0.00950	0.03149	0.01849	0.73709	0.02549	0.02199	0.01599	0.00800	0.00650	0.00200	0.00550	0.00650	0.00800	0.01100
15	0.00787	0.00562	0.00750	0.00900	0.00937	0.00525	0.00600	0.00900	0.01237	0.01649	0.03561	0.76871	0.04274	0.02024	0.00825	0.00262	0.00375	0.01837	0.00600	0.00525
16	0.00787	0.00562	0.00750	0.00900	0.00937	0.00525	0.00600	0.00900	0.01237	0.01649	0.03561	0.76871	0.04274	0.02024	0.00825	0.00262	0.00375	0.01837	0.00600	0.00525
17	0.00997	0.00669	0.00923	0.00923	0.01048	0.00753	0.00714	0.01247	0.01122	0.01740	0.01830	0.02504	0.01626	0.03766	0.55125	0.00804	0.01353	0.00669	0.21604	0.00584
18	0.01995	0.02247	0.01959	0.02211	0.21458	0.36975	0.01395	0.02623	0.18714	0.01998	0.01452	0.01585	0.01160	0.00692	0.00616	0.00186	0.00898	0.00536	0.00408	0.00890
19	0.01727	0.77681	0.03386	0.01106	0.01658	0.02557	0.01106	0.01935	0.01313	0.01520	0.00898	0.01036	0.00829	0.00553	0.00415	0.00138	0.00691	0.00345	0.00276	0.00829
20	0.02295	0.02735	0.01960	0.01995	0.12704	0.57294	0.01357	0.08535	0.01883	0.01881	0.01080	0.01264	0.00885	0.00662	0.00597	0.00173	0.01065	0.00455	0.00359	0.00821
21	0.01682	0.01705	0.02305	0.03231	0.52239	0.13008	0.01738	0.02102	0.05316	0.02045	0.01440	0.02045	0.01267	0.00706	0.00653	0.00198	0.00802	0.06212	0.00363	0.00945
22	0.05924	0.69338	0.07354	0.01135	0.01703	0.02437	0.01159	0.01939	0.01305	0.01623	0.00914	0.01056	0.00822	0.00559	0.00425	0.00145	0.00696	0.00353	0.00283	0.00830
23	0.02012	0.00896	0.01208	0.01011	0.01345	0.00791	0.00799	0.02266	0.01777	0.42318	0.26097	0.11056	0.03383	0.01104	0.00706	0.00208	0.00450	0.00949	0.00749	0.00875
24	0.01514	0.01171	0.01377	0.00994	0.01560	0.00915	0.00800	0.04571	0.01451	0.08108	0.01281	0.01420	0.01016	0.00517	0.00499	0.00108	0.00494	0.00413	0.00428	0.71362
25	0.01340	0.01148	0.01340	0.00957	0.01531	0.00861	0.00766	0.01627	0.01340	0.02105	0.01148	0.01340	0.00957	0.00479	0.00479	0.00096	0.00479	0.00383	0.00383	0.81242
26	0.00799	0.00584	0.00754	0.00877	0.00944	0.00539	0.00602	0.00934	0.01302	0.01719	0.07544	0.62984	0.12019	0.01936	0.00817	0.00255	0.00373	0.03878	0.00606	0.00534
27	0.00878	0.00600	0.00723	0.00784	0.00799	0.00585	0.00476	0.00923	0.01060	0.01414	0.02656	0.33741	0.03131	0.46712	0.02288	0.00479	0.00524	0.01304	0.00476	0.00446
28	0.01340	0.01148	0.01340	0.00957	0.01531	0.00861	0.00766	0.01627	0.01340	0.02105	0.01148	0.01340	0.00957	0.00479	0.00479	0.00096	0.00479	0.00383	0.00383	0.81242
29	0.01710	0.01439	0.01519	0.01336	0.01719	0.01655	0.01047	0.11594	0.63768	0.02868	0.02500	0.02307	0.01867	0.00864	0.00656	0.00216	0.00535	0.00713	0.00656	0.01032
30	0.01727	0.77681	0.03386	0.01106	0.01658	0.02557	0.01106	0.01935	0.01313	0.01520	0.00898	0.01036	0.00829	0.00553	0.00415	0.00138	0.00691	0.00345	0.00276	0.00829
31	0.01607	0.01388	0.01461	0.01315	0.01680	0.01607	0.01023	0.03433	0.72094	0.02703	0.02630	0.02411	0.01972	0.00877	0.00657	0.00219	0.00511	0.00731	0.00657	0.01023

[dist]
# distance from previous block
# <min> <max>
0	4

[block]
# block no. 3 follows, 34 sequences, length 46
# corresponding to MSA columns:
# 111-156
name=unknown_D
#
# <colnr> <probs for GDERKNQSTAVLIFYWHMCP>
#	G	D	E	R	K	N	Q	S	T	A	V	L	I	F	Y	W	H	M	C	P
0	0.65108	0.01337	0.01090	0.00947	0.01352	0.04496	0.00774	0.06828	0.01339	0.07681	0.03336	0.01286	0.00964	0.00651	0.00453	0.00198	0.00540	0.00415	0.00451	0.00754
1	0.01862	0.01642	0.02367	0.02404	0.23127	0.09650	0.16635	0.08164	0.05361	0.11432	0.01536	0.01888	0.01216	0.06356	0.00907	0.00233	0.03222	0.00644	0.00435	0.00919
2	0.73243	0.01233	0.01010	0.00882	0.01293	0.01395	0.00727	0.02036	0.01181	0.10624	0.01080	0.01175	0.00798	0.00622	0.00427	0.00200	0.00505	0.00383	0.00443	0.00743
3	0.00923	0.00692	0.01038	0.01038	0.01154	0.00808	0.00808	0.01154	0.01038	0.01500	0.01731	0.02538	0.01615	0.04846	0.74732	0.01038	0.01731	0.00692	0.00346	0.00577
4	0.01599	0.01535	0.02623	0.03966	0.73262	0.01535	0.01983	0.01983	0.01471	0.02111	0.01215	0.01599	0.01023	0.00576	0.00640	0.00192	0.00768	0.00576	0.00320	0.01023
5	0.01617	0.01906	0.06128	0.02610	0.05414	0.07631	0.58619	0.03985	0.01584	0.02085	0.01280	0.01672	0.00967	0.00564	0.00735	0.00212	0.01070	0.00713	0.00334	0.00875
6	0.01634	0.01319	0.01345	0.01229	0.01540	0.08286	0.00961	0.02696	0.37996	0.10026	0.12914	0.06009	0.02687	0.01045	0.00694	0.00219	0.00551	0.07327	0.00641	0.00883
7	0.01532	0.01467	0.02501	0.16681	0.61071	0.01518	0.01950	0.01924	0.01439	0.02029	0.01204	0.01621	0.00995	0.00588	0.00641	0.00196	0.00784	0.00575	0.00314	0.00969
8	0.02597	0.01036	0.01385	0.01084	0.01541	0.00894	0.00888	0.02839	0.01807	0.63403	0.05251	0.02732	0.09707	0.00910	0.00666	0.00202	0.00517	0.00746	0.00775	0.01022
9	0.01515	0.01485	0.02356	0.27573	0.46927	0.05189	0.01884	0.01903	0.01430	0.01932	0.01182	0.01618	0.00960	0.00603	0.00639	0.00198	0.00819	0.00567	0.00310	0.00909
10	0.00787	0.00562	0.00750	0.00900	0.00937	0.00525	0.00600	0.00900	0.01237	0.01649	0.03561	0.76871	0.04274	0.02024	0.00825	0.00262	0.00375	0.01837	0.00600	0.00525
11	0.77855	0.01278	0.01000	0.00882	0.01288	0.01477	0.00726	0.05387	0.01197	0.02958	0.00933	0.01075	0.00720	0.00609	0.00412	0.00200	0.00510	0.00362	0.00412	0.00720
12	0.01041	0.00744	0.01041	0.01190	0.01339	0.00744	0.01041	0.01339	0.01487	0.01934	0.03421	0.07288	0.03719	0.01785	0.00892	0.00297	0.00595	0.68913	0.00595	0.00595
13	0.01436	0.01368	0.02327	0.34921	0.43584	0.01492	0.01902	0.01840	0.01394	0.01913	0.01187	0.01652	0.00954	0.00606	0.00642	0.00202	0.00808	0.00575	0.00306	0.00892
14	0.01631	0.01519	0.02498	0.11000	0.60476	0.01564	0.01902	0.07621	0.01582	0.02225	0.01236	0.01608	0.01013	0.00599	0.00641	0.00194	0.00772	0.00576	0.00343	0.00999
15	0.00976	0.00731	0.00932	0.00834	0.01047	0.00646	0.00632	0.01278	0.01759	0.02521	0.62615	0.04326	0.05359	0.01200	0.00721	0.00188	0.00330	0.01056	0.00664	0.12187
16	0.01220	0.01148	0.01938	0.75739	0.04450	0.01436	0.01794	0.01651	0.01292	0.01651	0.01148	0.01723	0.00861	0.00646	0.00646	0.00215	0.00861	0.00574	0.00287	0.00718
17	0.01492	0.01384	0.02024	0.14148	0.33349	0.03136	0.01485	0.03739	0.01449	0.02077	0.01185	0.01515	0.00972	0.00560	0.00583	0.00161	0.00689	0.00504	0.00346	0.29201
18	0.01122	0.00561	0.00842	0.00842	0.00842	0.00561	0.00561	0.00842	0.00842	0.01122	0.01122	0.01964	0.01122	0.02245	0.02525	0.81201	0.00561	0.00561	0.00281	0.00281
19	0.01373	0.02158	0.31793	0.07830	0.31442	0.01413	0.01987	0.01902	0.01453	0.02104	0.09010	0.01863	0.01481	0.00678	0.00643	0.00200	0.00801	0.00600	0.00341	0.00928
20	0.01122	0.00561	0.00842	0.00842	0.00842	0.00561	0.00561	0.00842	0.00842	0.01122	0.01122	0.01964	0.01122	0.02245	0.02525	0.81201	0.00561	0.00561	0.00281	0.00281
21	0.01903	0.01063	0.01331	0.01199	0.01544	0.01069	0.00988	0.02628	0.22211	0.29260	0.05072	0.03868	0.02486	0.01134	0.00728	0.00235	0.00544	0.21133	0.00694	0.00910
22	0.01396	0.01146	0.01391	0.06519	0.01753	0.00908	0.00850	0.01692	0.01358	0.05071	0.01207	0.01404	0.00977	0.00504	0.00498	0.00109	0.00510	0.00408	0.00393	0.71905
23	0.00940	0.00626	0.00705	0.00705	0.00705	0.00626	0.00392	0.00940	0.00940	0.01253	0.02036	0.04228	0.02349	0.77292	0.03289	0.00626	0.00626	0.00940	0.00392	0.00392
24	0.01744	0.01502	0.01511	0.01317	0.01685	0.06439	0.01032	0.15657	0.47209	0.02870	0.09763	0.02425	0.02172	0.00891	0.00662	0.00209	0.00570	0.00728	0.00640	0.00975
25	0.02414	0.03079	0.01831	0.01665	0.01998	0.74698	0.01248	0.02580	0.01831	0.01581	0.00999	0.01165	0.00832	0.00666	0.00583	0.00166	0.01165	0.00416	0.00333	0.00749
26	0.01337	0.01144	0.01329	0.00973	0.01522	0.00889	0.00774	0.01697	0.04902	0.02122	0.01292	0.03560	0.01103	0.00543	0.00497	0.00107	0.00477	0.00442	0.00403	0.74885
27	0.05279	0.01104	0.01483	0.01141	0.01637	0.00965	0.00942	0.03111	0.01827	0.71575	0.02499	0.02165	0.01572	0.00794	0.00642	0.00200	0.00548	0.00641	0.00788	0.01088
28	0.01220	0.01148	0.01938	0.75739	0.04450	0.01436	0.01794	0.01651	0.01292	0.01651	0.01148	0.01723	0.00861	0.00646	0.00646	0.00215	0.00861	0.00574	0.00287	0.00718
29	0.01816	0.04531	0.01884	0.01920	0.16700	0.08692	0.01279	0.13269	0.37456	0.02635	0.01949	0.01939	0.01489	0.00766	0.00636	0.00202	0.00665	0.00631	0.00540	0.01001
30	0.01727	0.77681	0.03386	0.01106	0.01658	0.02557	0.01106	0.01935	0.01313	0.01520	0.00898	0.01036	0.00829	0.00553	0.00415	0.00138	0.00691	0.00345	0.00276	0.00829
31	0.47811	0.04407	0.03377	0.01157	0.01570	0.21348	0.00951	0.06552	0.01460	0.04807	0.01028	0.01158	0.00798	0.00634	0.00480	0.00189	0.00714	0.00396	0.00403	0.00763
32	0.02899	0.01100	0.01499	0.01150	0.01649	0.00950	0.00950	0.03149	0.01849	0.73709	0.02549	0.02199	0.01599	0.00800	0.00650	0.00200	0.00550	0.00650	0.00800	0.01100
33	0.00982	0.00771	0.01098	0.00968	0.01170	0.00724	0.05843	0.01361	0.04733	0.02517	0.61502	0.04562	0.08725	0.01260	0.00758	0.00206	0.00373	0.01129	0.00675	0.00643
34	0.00940	0.00626	0.00705	0.00705	0.00705	0.00626	0.00392	0.00940	0.00940	0.01253	0.02036	0.04228	0.02349	0.77292	0.03289	0.00626	0.00626	0.00940	0.00392	0.00392
35	0.01363	0.01302	0.01810	0.01569	0.01588	0.01794	0.01299	0.01523	0.01020	0.01615	0.01004	0.01567	0.00962	0.01366	0.07133	0.00326	0.65219	0.00577	0.06273	0.00690
36	0.01414	0.01414	0.01979	0.01696	0.01696	0.01979	0.01414	0.01555	0.00990	0.01555	0.00848	0.01414	0.00848	0.01131	0.02120	0.00283	0.76110	0.00565	0.00283	0.00707
37	0.01122	0.00561	0.00842	0.00842	0.00842	0.00561	0.00561	0.00842	0.00842	0.01122	0.01122	0.01964	0.01122	0.02245	0.02525	0.81201	0.00561	0.00561	0.00281	0.00281
38	0.01367	0.01320	0.02302	0.46759	0.26956	0.01483	0.06990	0.01791	0.01368	0.01833	0.01182	0.01684	0.00923	0.00615	0.00653	0.00208	0.00847	0.00589	0.00301	0.00830
39	0.01220	0.01148	0.01938	0.75739	0.04450	0.01436	0.01794	0.01651	0.01292	0.01651	0.01148	0.01723	0.00861	0.00646	0.00646	0.00215	0.00861	0.00574	0.00287	0.00718
40	0.01252	0.00851	0.01076	0.00995	0.03533	0.00772	0.00729	0.03397	0.04080	0.09582	0.39173	0.07599	0.08617	0.01137	0.00695	0.00190	0.00392	0.00987	0.02674	0.12268
41	0.02394	0.01574	0.01680	0.01343	0.01805	0.06184	0.01089	0.33186	0.14577	0.23721	0.02010	0.01890	0.01396	0.00792	0.00639	0.00197	0.00646	0.00617	0.03212	0.01048
42	0.01727	0.77681	0.03386	0.01106	0.01658	0.02557	0.01106	0.01935	0.01313	0.01520	0.00898	0.01036	0.00829	0.00553	0.00415	0.00138	0.00691	0.00345	0.00276	0.00829
43	0.01663	0.07791	0.53241	0.01659	0.02480	0.04146	0.01995	0.02263	0.01468	0.15288	0.01394	0.01490	0.00965	0.00646	0.00606	0.00198	0.00870	0.00499	0.00373	0.00966
44	0.31116	0.01300	0.01440	0.01113	0.01613	0.01280	0.05002	0.10873	0.01540	0.10908	0.01280	0.01384	0.00957	0.00602	0.00508	0.00166	0.00561	0.00450	0.00468	0.27439
45	0.01585	0.01506	0.02485	0.06524	0.63706	0.01538	0.01884	0.02109	0.08232	0.02150	0.01348	0.01682	0.01108	0.00607	0.00642	0.00195	0.00747	0.00590	0.00351	0.01011

[dist]
# distance from previous block
# <min> <max>
0	2

[block]
# block no. 4 follows, 34 sequences, length 26
# corresponding to MSA columns:
# 159-184
name=unknown_E
#
# <colnr> <probs for GDERKNQSTAVLIFYWHMCP>
#	G	D	E	R	K	N	Q	S	T	A	V	L	I	F	Y	W	H	M	C	P
0	0.01350	0.12349	0.62509	0.01717	0.02608	0.01605	0.02168	0.02016	0.01357	0.01984	0.01127	0.01323	0.00825	0.00601	0.00584	0.00192	0.00904	0.00458	0.00278	0.04042
1	0.00923	0.00692	0.01038	0.01038	0.01154	0.00808	0.00808	0.01154	0.01038	0.01500	0.01731	0.02538	0.01615	0.04846	0.74732	0.01038	0.01731	0.00692	0.00346	0.00577
2	0.01340	0.01148	0.01340	0.00957	0.01531	0.00861	0.00766	0.01627	0.01340	0.02105	0.01148	0.01340	0.00957	0.00479	0.00479	0.00096	0.00479	0.00383	0.00383	0.81242
3	0.00940	0.00626	0.00705	0.00705	0.00705	0.00626	0.00392	0.00940	0.00940	0.01253	0.02036	0.04228	0.02349	0.77292	0.03289	0.00626	0.00626	0.00940	0.00392	0.00392
4	0.02899	0.01100	0.01499	0.01150	0.01649	0.00950	0.00950	0.03149	0.01849	0.73709	0.02549	0.02199	0.01599	0.00800	0.00650	0.00200	0.00550	0.00650	0.00800	0.01100
5	0.01558	0.01551	0.02816	0.08678	0.54343	0.01548	0.15937	0.01978	0.01470	0.02071	0.01229	0.01637	0.01004	0.00574	0.00665	0.00199	0.00839	0.00613	0.00319	0.00972
6	0.00927	0.00621	0.00708	0.00721	0.00724	0.00618	0.00408	0.00936	0.00964	0.01285	0.02160	0.10143	0.02506	0.71163	0.03088	0.00597	0.00606	0.01013	0.00408	0.00402
7	0.02414	0.03079	0.01831	0.01665	0.01998	0.74698	0.01248	0.02580	0.01831	0.01581	0.00999	0.01165	0.00832	0.00666	0.00583	0.00166	0.01165	0.00416	0.00333	0.00749
8	0.01568	0.01504	0.02567	0.09810	0.67658	0.01527	0.01968	0.01956	0.01457	0.02073	0.01210	0.01609	0.01010	0.00581	0.00640	0.00194	0.00775	0.00576	0.00317	0.00999
9	0.01537	0.01711	0.05713	0.03071	0.27220	0.01612	0.41744	0.02015	0.01476	0.02059	0.01249	0.01666	0.00984	0.00585	0.00778	0.00212	0.04449	0.00680	0.00321	0.00919
10	0.00917	0.00637	0.00827	0.00844	0.00969	0.00585	0.00608	0.01141	0.01591	0.04282	0.41255	0.31119	0.09632	0.01583	0.00782	0.00226	0.00339	0.01410	0.00666	0.00589
11	0.01688	0.17056	0.13328	0.01497	0.02102	0.10019	0.11016	0.07166	0.01563	0.04109	0.01176	0.01360	0.00928	0.00576	0.00556	0.00156	0.00778	0.00470	0.00363	0.24094
12	0.00803	0.00657	0.00711	0.00714	0.00912	0.00565	0.00540	0.00994	0.01525	0.01893	0.17433	0.08413	0.56256	0.01603	0.00771	0.00221	0.00338	0.04475	0.00618	0.00558
13	0.01335	0.01128	0.01312	0.00943	0.01501	0.00851	0.00754	0.01622	0.01340	0.02117	0.01185	0.01381	0.00984	0.00489	0.00477	0.00098	0.00472	0.00391	0.03464	0.78156
14	0.01885	0.01703	0.05061	0.01449	0.01891	0.06288	0.03849	0.25131	0.36120	0.03017	0.05192	0.02087	0.01709	0.00825	0.00656	0.00206	0.00651	0.00671	0.00605	0.01003
15	0.00923	0.00692	0.01038	0.01038	0.01154	0.00808	0.00808	0.01154	0.01038	0.01500	0.01731	0.02538	0.01615	0.04846	0.74732	0.01038	0.01731	0.00692	0.00346	0.00577
16	0.01782	0.01533	0.01556	0.01359	0.01747	0.04931	0.01066	0.14500	0.57630	0.02878	0.02380	0.02214	0.01778	0.00851	0.00652	0.00213	0.00573	0.00692	0.00641	0.01023
17	0.01480	0.30989	0.09535	0.01224	0.01624	0.12290	0.01140	0.01734	0.01417	0.01680	0.02022	0.14507	0.05061	0.01057	0.00617	0.00198	0.00705	0.11587	0.00401	0.00732
18	0.04240	0.03635	0.01669	0.01338	0.01771	0.16557	0.01071	0.17594	0.14355	0.25517	0.04317	0.01915	0.01509	0.00787	0.00628	0.00194	0.00699	0.00604	0.00620	0.00981
19	0.01302	0.07708	0.66962	0.01753	0.02656	0.01528	0.02239	0.01998	0.01365	0.02003	0.01345	0.01526	0.03521	0.00648	0.00608	0.00201	0.00916	0.00503	0.00285	0.00932
20	0.00923	0.00692	0.01038	0.01038	0.01154	0.00808	0.00808	0.01154	0.01038	0.01500	0.01731	0.02538	0.01615	0.04846	0.74732	0.01038	0.01731	0.00692	0.00346	0.00577
21	0.01943	0.02180	0.01921	0.06999	0.02165	0.39627	0.10644	0.04584	0.03695	0.04522	0.11487	0.04054	0.01771	0.00794	0.00651	0.00189	0.00932	0.00645	0.00427	0.00769
22	0.01933	0.01547	0.02704	0.02007	0.02562	0.01518	0.36280	0.09541	0.14223	0.17968	0.01836	0.01941	0.01302	0.00682	0.00708	0.00212	0.00831	0.00714	0.00520	0.00971
23	0.01389	0.01280	0.01784	0.01552	0.01602	0.01732	0.01280	0.01614	0.03758	0.04046	0.01124	0.01669	0.01047	0.01737	0.14281	0.00405	0.58068	0.00596	0.00325	0.00710
24	0.00787	0.00562	0.00750	0.00900	0.00937	0.00525	0.00600	0.00900	0.01237	0.01649	0.03561	0.76871	0.04274	0.02024	0.00825	0.00262	0.00375	0.01837	0.00600	0.00525
25	0.01543	0.01236	0.02098	0.17931	0.19370	0.01281	0.11662	0.01912	0.01541	0.12293	0.15971	0.02379	0.02087	0.00800	0.00767	0.00209	0.04880	0.00734	0.00460	0.00845

[dist]
# distance from previous block
# <min> <max>
1	11

[block]
# block no. 5 follows, 34 sequences, length 45
# corresponding to MSA columns:
# 196-240
name=unknown_F
#
# <colnr> <probs for GDERKNQSTAVLIFYWHMCP>
#	G	D	E	R	K	N	Q	S	T	A	V	L	I	F	Y	W	H	M	C	P
0	0.01705	0.13280	0.23372	0.01681	0.02296	0.10238	0.10606	0.09600	0.16563	0.02270	0.01474	0.01584	0.01116	0.00674	0.00613	0.00194	0.00839	0.00553	0.00408	0.00931
1	0.37168	0.08940	0.01736	0.01732	0.18466	0.07952	0.01129	0.08391	0.01463	0.02551	0.01097	0.01296	0.00880	0.00618	0.00499	0.00186	0.00650	0.00442	0.03977	0.00826
2	0.01122	0.00561	0.00842	0.00842	0.00842	0.00561	0.00561	0.00842	0.00842	0.01122	0.01122	0.01964	0.01122	0.02245	0.02525	0.81201	0.00561	0.00561	0.00281	0.00281
3	0.05347	0.01711	0.01649	0.01394	0.01811	0.09411	0.01106	0.27481	0.37062	0.03083	0.02001	0.01916	0.01487	0.00807	0.00635	0.00204	0.00651	0.00628	0.00609	0.01008
4	0.01448	0.01408	0.02478	0.31190	0.40242	0.01507	0.08622	0.01865	0.01408	0.01932	0.01199	0.01660	0.00958	0.00599	0.00654	0.00203	0.00835	0.00593	0.00308	0.00892
5	0.01990	0.08240	0.19946	0.01447	0.02054	0.01306	0.08030	0.05622	0.01678	0.29485	0.07931	0.01999	0.01612	0.00735	0.00632	0.00192	0.00698	0.00619	0.00541	0.05244
6	0.01370	0.02824	0.51237	0.02127	0.02984	0.01544	0.24576	0.02054	0.01416	0.02054	0.01207	0.01487	0.00871	0.00591	0.00662	0.00209	0.00998	0.00570	0.00290	0.00928
7	0.01607	0.01388	0.01461	0.01315	0.01680	0.01607	0.01023	0.03433	0.72094	0.02703	0.02630	0.02411	0.01972	0.00877	0.00657	0.00219	0.00511	0.00731	0.00657	0.01023
8	0.01760	0.74151	0.03312	0.01132	0.01674	0.05971	0.01112	0.01965	0.01337	0.01523	0.00903	0.01043	0.00829	0.00558	0.00423	0.00140	0.00713	0.00349	0.00279	0.00825
9	0.01374	0.01355	0.01903	0.01643	0.01652	0.01884	0.01365	0.01523	0.00993	0.01551	0.00920	0.01505	0.00910	0.01431	0.07993	0.00344	0.70094	0.00576	0.00288	0.00696
10	0.00808	0.00577	0.00773	0.00923	0.00970	0.00542	0.00635	0.00935	0.01257	0.01672	0.03550	0.71260	0.04229	0.02005	0.00830	0.00265	0.00393	0.07246	0.00599	0.00530
11	0.00955	0.00660	0.00806	0.00858	0.00915	0.00654	0.00602	0.01058	0.01144	0.01500	0.02736	0.08427	0.06192	0.47546	0.02336	0.00492	0.00592	0.21590	0.00472	0.00466
12	0.01682	0.67739	0.09114	0.01249	0.01839	0.02423	0.04822	0.01951	0.01328	0.01591	0.00941	0.01100	0.00836	0.00557	0.00449	0.00148	0.00733	0.00378	0.00279	0.00842
13	0.00787	0.00562	0.00750	0.00900	0.00937	0.00525	0.00600	0.00900	0.01237	0.01649	0.03561	0.76871	0.04274	0.02024	0.00825	0.00262	0.00375	0.01837	0.00600	0.00525
14	0.02093	0.00863	0.01073	0.00889	0.01223	0.00784	0.00713	0.02368	0.01614	0.39808	0.02339	0.02299	0.01626	0.00777	0.00556	0.00176	0.00432	0.00627	0.38876	0.00863
15	0.01420	0.01420	0.02594	0.33146	0.26607	0.01531	0.17740	0.01853	0.01395	0.01895	0.01197	0.01677	0.00941	0.00615	0.00717	0.00210	0.03264	0.00618	0.00307	0.00853
16	0.01220	0.01148	0.01938	0.75739	0.04450	0.01436	0.01794	0.01651	0.01292	0.01651	0.01148	0.01723	0.00861	0.00646	0.00646	0.00215	0.00861	0.00574	0.00287	0.00718
17	0.00940	0.00626	0.00705	0.00705	0.00705	0.00626	0.00392	0.00940	0.00940	0.01253	0.02036	0.04228	0.02349	0.77292	0.03289	0.00626	0.00626	0.00940	0.00392	0.00392
18	0.01727	0.77681	0.03386	0.01106	0.01658	0.02557	0.01106	0.01935	0.01313	0.01520	0.00898	0.01036	0.00829	0.00553	0.00415	0.00138	0.00691	0.00345	0.00276	0.00829
19	0.00870	0.00642	0.00822	0.00922	0.01001	0.00623	0.00635	0.01145	0.07043	0.01855	0.12356	0.61636	0.04321	0.01842	0.00803	0.00251	0.00377	0.01662	0.00619	0.00576
20	0.01220	0.01148	0.01938	0.75739	0.04450	0.01436	0.01794	0.01651	0.01292	0.01651	0.01148	0.01723	0.00861	0.00646	0.00646	0.00215	0.00861	0.00574	0.00287	0.00718
21	0.00940	0.00626	0.00705	0.00705	0.00705	0.00626	0.00392	0.00940	0.00940	0.01253	0.02036	0.04228	0.02349	0.77292	0.03289	0.00626	0.00626	0.00940	0.00392	0.00392
22	0.03650	0.00698	0.00730	0.00707	0.00934	0.00600	0.00532	0.01031	0.01485	0.01901	0.13825	0.08770	0.55690	0.01520	0.00739	0.00211	0.00341	0.01275	0.00595	0.04767
23	0.00831	0.00652	0.00751	0.00736	0.00916	0.00572	0.00548	0.01053	0.01616	0.02109	0.35317	0.09268	0.40287	0.01519	0.00766	0.00214	0.00320	0.01303	0.00648	0.00572
24	0.00928	0.00707	0.00884	0.00972	0.01149	0.00663	0.00817	0.01171	0.01481	0.01857	0.04693	0.06853	0.31923	0.01724	0.00840	0.00265	0.00486	0.41414	0.00597	0.00575
25	0.02067	0.01226	0.01804	0.08308	0.13279	0.01293	0.03015	0.04511	0.01581	0.32502	0.03600	0.01967	0.01392	0.00814	0.00908	0.00212	0.14319	0.00627	0.05641	0.00933
26	0.01727	0.77681	0.03386	0.01106	0.01658	0.02557	0.01106	0.01935	0.01313	0.01520	0.00898	0.01036	0.00829	0.00553	0.00415	0.00138	0.00691	0.00345	0.00276	0.00829
27	0.01220	0.01148	0.01938	0.75739	0.04450	0.01436	0.01794	0.01651	0.01292	0.01651	0.01148	0.01723	0.00861	0.00646	0.00646	0.00215	0.00861	0.00574	0.00287	0.00718
28	0.01083	0.00584	0.00865	0.00865	0.00883	0.00602	0.00591	0.00894	0.00877	0.01186	0.01259	0.02159	0.01256	0.06195	0.13639	0.65090	0.00744	0.00599	0.00296	0.00331
29	0.01759	0.66372	0.07837	0.01202	0.01762	0.08752	0.01201	0.01998	0.01361	0.01560	0.00924	0.01069	0.00829	0.00567	0.00442	0.00145	0.00749	0.00360	0.00281	0.00830
30	0.01410	0.01280	0.01996	0.48341	0.10911	0.01512	0.04067	0.07173	0.08701	0.02020	0.01356	0.01774	0.01032	0.00687	0.00693	0.00212	0.03202	0.00598	0.02222	0.00812
31	0.01999	0.08095	0.16511	0.01618	0.04389	0.06394	0.07429	0.14795	0.10645	0.17101	0.03509	0.01788	0.01329	0.00723	0.00632	0.00196	0.00755	0.00594	0.00517	0.00981
32	0.01778	0.01678	0.02597	0.07961	0.40955	0.09694	0.14398	0.02157	0.01546	0.08984	0.01333	0.01643	0.01039	0.00607	0.00657	0.00196	0.00856	0.00599	0.00367	0.00952
33	0.01027	0.00789	0.01010	0.00956	0.00977	0.00919	0.00664	0.01097	0.00967	0.01356	0.01752	0.03379	0.01927	0.49423	0.16146	0.00636	0.15303	0.00823	0.00362	0.00486
34	0.27551	0.01285	0.01390	0.08388	0.04182	0.01311	0.00955	0.09591	0.06593	0.02581	0.01223	0.01393	0.00956	0.00599	0.00506	0.00164	0.00561	0.00445	0.00426	0.29900
35	0.01652	0.19158	0.05786	0.01651	0.15060	0.03301	0.01187	0.05675	0.05716	0.10790	0.11434	0.04256	0.07347	0.00844	0.00612	0.00184	0.00610	0.00696	0.00486	0.03555
36	0.01343	0.01274	0.02160	0.52500	0.26730	0.01468	0.01855	0.01758	0.01350	0.01800	0.01170	0.01683	0.00914	0.00623	0.00644	0.00208	0.00831	0.00575	0.00298	0.00817
37	0.02197	0.01642	0.01764	0.01416	0.01883	0.01830	0.01149	0.46145	0.25565	0.06533	0.01946	0.01859	0.01405	0.00810	0.00650	0.00202	0.00639	0.00633	0.00656	0.01074
38	0.00894	0.00660	0.00835	0.00791	0.00952	0.00601	0.00593	0.01179	0.01779	0.02473	0.63685	0.05020	0.15406	0.01365	0.00762	0.00205	0.00308	0.01196	0.00696	0.00601
39	0.01296	0.03342	0.73944	0.01842	0.02797	0.01501	0.02387	0.02046	0.01364	0.02046	0.01160	0.01364	0.00818	0.00614	0.00614	0.00205	0.00955	0.00477	0.00273	0.00955
40	0.01649	0.64144	0.16234	0.01240	0.01866	0.02364	0.01339	0.01955	0.01322	0.01616	0.00946	0.01096	0.00827	0.00564	0.00451	0.00150	0.00739	0.00370	0.00276	0.00852
41	0.00785	0.00571	0.00741	0.00876	0.00931	0.00527	0.00589	0.00902	0.01260	0.01659	0.03849	0.70061	0.10897	0.01987	0.00819	0.00258	0.00370	0.01791	0.00600	0.00527
42	0.01599	0.01535	0.02623	0.03966	0.73262	0.01535	0.01983	0.01983	0.01471	0.02111	0.01215	0.01599	0.01023	0.00576	0.00640	0.00192	0.00768	0.00576	0.00320	0.01023
43	0.01383	0.10432	0.61913	0.01802	0.02686	0.03945	0.05089	0.02054	0.01381	0.01982	0.01135	0.01342	0.00827	0.00607	0.00600	0.00198	0.00942	0.00475	0.00277	0.00933
44	0.01220	0.01148	0.01938	0.75739	0.04450	0.01436	0.01794	0.01651	0.01292	0.01651	0.01148	0.01723	0.00861	0.00646	0.00646	0.00215	0.00861	0.00574	0.00287	0.00718

[dist]
# distance from previous block
# <min> <max>
0	13

[block]
# block no. 6 follows, 34 sequences, length 10
# corresponding to MSA columns:
# 256-265
name=unknown_G
#
# <colnr> <probs for GDERKNQSTAVLIFYWHMCP>
#	G	D	E	R	K	N	Q	S	T	A	V	L	I	F	Y	W	H	M	C	P
0	0.00925	0.00684	0.00999	0.00999	0.01101	0.00786	0.00758	0.01128	0.01027	0.01471	0.01767	0.02738	0.01702	0.13421	0.66276	0.00990	0.01600	0.00722	0.00352	0.00555
1	0.00923	0.00692	0.01038	0.01038	0.01154	0.00808	0.00808	0.01154	0.01038	0.01500	0.01731	0.02538	0.01615	0.04846	0.74732	0.01038	0.01731	0.00692	0.00346	0.00577
2	0.05496	0.05479	0.24569	0.02170	0.13550	0.05708	0.14414	0.02181	0.09761	0.02090	0.01310	0.01557	0.01015	0.00670	0.00757	0.00208	0.07243	0.00567	0.00346	0.00908
3	0.00945	0.00671	0.00761	0.00728	0.00929	0.00590	0.00550	0.01175	0.01606	0.05138	0.29822	0.05227	0.39936	0.01413	0.00732	0.00206	0.00326	0.01199	0.07450	0.00597
4	0.04529	0.00825	0.01106	0.00959	0.01192	0.00809	0.08873	0.04423	0.01500	0.02363	0.11960	0.09203	0.08541	0.00984	0.00595	0.00185	0.00429	0.00857	0.40018	0.00649
5	0.28991	0.01356	0.01418	0.01151	0.01606	0.01450	0.00942	0.19254	0.10202	0.24775	0.01766	0.01683	0.01222	0.00736	0.00566	0.00201	0.00568	0.00543	0.00612	0.00957
6	0.01504	0.00894	0.01058	0.00960	0.01243	0.00848	0.00737	0.04000	0.11853	0.20671	0.07067	0.18608	0.25240	0.01347	0.00727	0.00221	0.00432	0.01149	0.00666	0.00774
7	0.00799	0.00576	0.00759	0.00902	0.00954	0.00537	0.00616	0.00923	0.01261	0.01668	0.03700	0.70025	0.07589	0.01994	0.00825	0.00262	0.00383	0.05100	0.00600	0.00529
8	0.05666	0.01511	0.01640	0.01336	0.01779	0.08542	0.03965	0.15261	0.20156	0.26700	0.02281	0.02134	0.04428	0.00818	0.00643	0.00202	0.00640	0.00657	0.00644	0.00996
9	0.01518	0.01469	0.02553	0.07179	0.58636	0.01469	0.07709	0.01907	0.01480	0.02089	0.04040	0.01905	0.03832	0.00643	0.00659	0.00197	0.00766	0.00642	0.00343	0.00963

[dist]
# distance from previous block
# <min> <max>
0	44

[block]
# block no. 7 follows, 34 sequences, length 22
# corresponding to MSA columns:
# 310-320,324-332,347,348
name=unknown_H
#
# <colnr> <probs for GDERKNQSTAVLIFYWHMCP>
#	G	D	E	R	K	N	Q	S	T	A	V	L	I	F	Y	W	H	M	C	P
0	0.00839	0.00657	0.00761	0.00749	0.00931	0.00579	0.00565	0.01066	0.01619	0.02114	0.35009	0.08096	0.39391	0.01519	0.00769	0.00216	0.00328	0.03570	0.00648	0.00574
1	0.01375	0.12465	0.58514	0.01901	0.06585	0.01639	0.04807	0.02030	0.01370	0.01985	0.01136	0.01351	0.00837	0.00601	0.00596	0.00196	0.00917	0.00477	0.00278	0.00940
2	0.01296	0.03342	0.73944	0.01842	0.02797	0.01501	0.02387	0.02046	0.01364	0.02046	0.01160	0.01364	0.00818	0.00614	0.00614	0.00205	0.00955	0.00477	0.00273	0.00955
3	0.01296	0.03342	0.73944	0.01842	0.02797	0.01501	0.02387	0.02046	0.01364	0.02046	0.01160	0.01364	0.00818	0.00614	0.00614	0.00205	0.00955	0.00477	0.00273	0.00955
4	0.01635	0.01799	0.03584	0.02582	0.03212	0.04439	0.62570	0.07736	0.01660	0.02215	0.01315	0.01705	0.00984	0.00568	0.00746	0.00214	0.01061	0.00735	0.00353	0.00885
5	0.01388	0.01188	0.01298	0.01249	0.01486	0.07699	0.02854	0.06287	0.18925	0.02163	0.04943	0.04559	0.02696	0.10951	0.01088	0.00297	0.00641	0.29000	0.00561	0.00728
6	0.00787	0.00562	0.00750	0.00900	0.00937	0.00525	0.00600	0.00900	0.01237	0.01649	0.03561	0.76871	0.04274	0.02024	0.00825	0.00262	0.00375	0.01837	0.00600	0.00525
7	0.00837	0.00670	0.00931	0.00948	0.01080	0.00608	0.05143	0.01003	0.01355	0.01761	0.08538	0.48721	0.22429	0.01781	0.00801	0.00244	0.00404	0.01600	0.00589	0.00558
8	0.07488	0.02179	0.01623	0.01421	0.01798	0.39405	0.01096	0.04846	0.10339	0.18793	0.01646	0.03777	0.01251	0.00762	0.00605	0.00187	0.00862	0.00552	0.00504	0.00866
9	0.01296	0.03342	0.73944	0.01842	0.02797	0.01501	0.02387	0.02046	0.01364	0.02046	0.01160	0.01364	0.00818	0.00614	0.00614	0.00205	0.00955	0.00477	0.00273	0.00955
10	0.00853	0.00609	0.00825	0.00959	0.01022	0.00590	0.00693	0.01005	0.01263	0.01682	0.03360	0.55427	0.03921	0.05073	0.05548	0.00332	0.00514	0.15211	0.00575	0.00537
11	0.01390	0.01321	0.02244	0.43662	0.35204	0.01480	0.01879	0.01799	0.01372	0.01856	0.01178	0.01667	0.00934	0.00615	0.00643	0.00205	0.00819	0.00575	0.00302	0.00854
12	0.01563	0.01498	0.02558	0.10793	0.66716	0.01526	0.01965	0.01951	0.01454	0.02067	0.01209	0.01611	0.01008	0.00582	0.00640	0.00194	0.00777	0.00576	0.00317	0.00994
13	0.00764	0.00655	0.00655	0.00655	0.00873	0.00545	0.00491	0.00927	0.01473	0.01745	0.06546	0.06218	0.73000	0.01636	0.00764	0.00218	0.00327	0.01364	0.00600	0.00545
14	0.01296	0.03342	0.73944	0.01842	0.02797	0.01501	0.02387	0.02046	0.01364	0.02046	0.01160	0.01364	0.00818	0.00614	0.00614	0.00205	0.00955	0.00477	0.00273	0.00955
15	0.02608	0.01236	0.01990	0.01483	0.02015	0.01095	0.15774	0.02920	0.01781	0.58531	0.02286	0.02103	0.01468	0.00746	0.00674	0.00204	0.00664	0.00674	0.00700	0.01051
16	0.01220	0.01148	0.01938	0.75739	0.04450	0.01436	0.01794	0.01651	0.01292	0.01651	0.01148	0.01723	0.00861	0.00646	0.00646	0.00215	0.00861	0.00574	0.00287	0.00718
17	0.01600	0.01523	0.02528	0.03749	0.67407	0.01541	0.01904	0.02102	0.07247	0.02159	0.01331	0.01666	0.01101	0.00600	0.00641	0.00194	0.00747	0.00588	0.00347	0.01023
18	0.01557	0.01492	0.02546	0.12043	0.65518	0.01524	0.01962	0.01946	0.01451	0.02059	0.01208	0.01613	0.01005	0.00584	0.00640	0.00195	0.00778	0.00576	0.00316	0.00989
19	0.01296	0.03342	0.73944	0.01842	0.02797	0.01501	0.02387	0.02046	0.01364	0.02046	0.01160	0.01364	0.00818	0.00614	0.00614	0.00205	0.00955	0.00477	0.00273	0.00955
20	0.01220	0.01148	0.01938	0.75739	0.04450	0.01436	0.01794	0.01651	0.01292	0.01651	0.01148	0.01723	0.00861	0.00646	0.00646	0.00215	0.00861	0.00574	0.00287	0.00718
21	0.01442	0.28567	0.50002	0.01592	0.02410	0.01859	0.01952	0.02008	0.01347	0.01868	0.01071	0.01253	0.00822	0.00593	0.00546	0.00182	0.00865	0.00433	0.00274	0.00912

[dist]
# distance from previous block
# <min> <max>
0	1

[block]
# block no. 8 follows, 34 sequences, length 15
# corresponding to MSA columns:
# 350-364
name=unknown_I
#
# <colnr> <probs for GDERKNQSTAVLIFYWHMCP>
#	G	D	E	R	K	N	Q	S	T	A	V	L	I	F	Y	W	H	M	C	P
0	0.01599	0.01535	0.02623	0.03966	0.73262	0.01535	0.01983	0.01983	0.01471	0.02111	0.01215	0.01599	0.01023	0.00576	0.00640	0.00192	0.00768	0.00576	0.00320	0.01023
1	0.01602	0.01417	0.01669	0.01593	0.07397	0.01603	0.04565	0.03252	0.63036	0.02625	0.02453	0.02314	0.01849	0.00836	0.00661	0.00217	0.00560	0.00720	0.00614	0.01015
2	0.01525	0.01743	0.03813	0.02723	0.03377	0.01634	0.70915	0.02070	0.01525	0.02070	0.01307	0.01743	0.00980	0.00545	0.00763	0.00218	0.01089	0.00763	0.00327	0.00871
3	0.01727	0.77681	0.03386	0.01106	0.01658	0.02557	0.01106	0.01935	0.01313	0.01520	0.00898	0.01036	0.00829	0.00553	0.00415	0.00138	0.00691	0.00345	0.00276	0.00829
4	0.00787	0.00562	0.00750	0.00900	0.00937	0.00525	0.00600	0.00900	0.01237	0.01649	0.03561	0.76871	0.04274	0.02024	0.00825	0.00262	0.00375	0.01837	0.00600	0.00525
5	0.01525	0.01743	0.03813	0.02723	0.03377	0.01634	0.70915	0.02070	0.01525	0.02070	0.01307	0.01743	0.00980	0.00545	0.00763	0.00218	0.01089	0.00763	0.00327	0.00871
6	0.01599	0.01535	0.02623	0.03966	0.73262	0.01535	0.01983	0.01983	0.01471	0.02111	0.01215	0.01599	0.01023	0.00576	0.00640	0.00192	0.00768	0.00576	0.00320	0.01023
7	0.00787	0.00562	0.00750	0.00900	0.00937	0.00525	0.00600	0.00900	0.01237	0.01649	0.03561	0.76871	0.04274	0.02024	0.00825	0.00262	0.00375	0.01837	0.00600	0.00525
8	0.00764	0.00655	0.00655	0.00655	0.00873	0.00545	0.00491	0.00927	0.01473	0.01745	0.06546	0.06218	0.73000	0.01636	0.00764	0.00218	0.00327	0.01364	0.00600	0.00545
9	0.02055	0.01611	0.01713	0.01406	0.01851	0.01817	0.01131	0.39160	0.35638	0.03426	0.02060	0.01957	0.01511	0.00823	0.00652	0.00206	0.00617	0.00652	0.00652	0.01063
10	0.02126	0.01346	0.02426	0.13440	0.02730	0.01280	0.27037	0.02513	0.01642	0.35824	0.01869	0.01955	0.01254	0.00681	0.00691	0.00209	0.00799	0.00680	0.00544	0.00955
11	0.02743	0.01065	0.01449	0.01123	0.01596	0.00923	0.00923	0.02997	0.01848	0.68113	0.08087	0.02406	0.01953	0.00841	0.00659	0.00200	0.00531	0.00691	0.00793	0.01061
12	0.01727	0.77681	0.03386	0.01106	0.01658	0.02557	0.01106	0.01935	0.01313	0.01520	0.00898	0.01036	0.00829	0.00553	0.00415	0.00138	0.00691	0.00345	0.00276	0.00829
13	0.06478	0.01820	0.02456	0.01887	0.02328	0.09474	0.22686	0.26319	0.01970	0.02678	0.01256	0.01517	0.00967	0.00747	0.00925	0.00215	0.14340	0.00604	0.00436	0.00899
14	0.09688	0.01743	0.03319	0.02411	0.03015	0.05727	0.57069	0.02126	0.01513	0.05050	0.01300	0.01659	0.00969	0.00567	0.00711	0.00212	0.01012	0.00697	0.00354	0.00857

[dist]
# distance from previous block
# <min> <max>
1	25

[block]
# block no. 9 follows, 34 sequences, length 8
# corresponding to MSA columns:
# 390-397
name=unknown_J
#
# <colnr> <probs for GDERKNQSTAVLIFYWHMCP>
#	G	D	E	R	K	N	Q	S	T	A	V	L	I	F	Y	W	H	M	C	P
0	0.01673	0.01775	0.18117	0.01364	0.01886	0.04556	0.01312	0.07106	0.06123	0.12546	0.04106	0.02091	0.01450	0.00795	0.00760	0.00190	0.07945	0.05325	0.00469	0.20410
1	0.01216	0.01093	0.01798	0.51713	0.10374	0.01286	0.01640	0.01611	0.01354	0.01760	0.01676	0.02988	0.01532	0.00901	0.00702	0.00232	0.00791	0.16252	0.00361	0.00719
2	0.01437	0.01370	0.02330	0.34696	0.43800	0.01493	0.01902	0.01841	0.01394	0.01914	0.01187	0.01652	0.00954	0.00606	0.00642	0.00202	0.00808	0.00575	0.00306	0.00893
3	0.01686	0.01406	0.01880	0.18544	0.02450	0.05044	0.07189	0.14923	0.07617	0.08161	0.01724	0.01996	0.04375	0.01201	0.07777	0.00295	0.11791	0.00649	0.00452	0.00839
4	0.01432	0.24522	0.36707	0.01424	0.02174	0.01662	0.01641	0.01918	0.01344	0.01906	0.01081	0.01263	0.00853	0.00565	0.00525	0.00160	0.00769	0.00417	0.00299	0.19337
5	0.19890	0.01346	0.02020	0.26242	0.34698	0.01484	0.01628	0.01857	0.01329	0.02144	0.01122	0.01513	0.00897	0.00604	0.00587	0.00201	0.00736	0.00523	0.00328	0.00851
6	0.01512	0.01446	0.02466	0.20432	0.57475	0.01512	0.01940	0.01907	0.01430	0.02005	0.01200	0.01628	0.00986	0.00592	0.00641	0.00197	0.00789	0.00575	0.00312	0.00953
