[name]
unknown

[dist]
# distance from previous block
# <min> <max>
0	250

[block]
# block no. 0 follows, 35 sequences, length 23
# corresponding to MSA columns:
# 256-278
name=unknown_A
#
# <colnr> <probs for GDERKNQSTAVLIFYWHMCP>
#	G	D	E	R	K	N	Q	S	T	A	V	L	I	F	Y	W	H	M	C	P
0	0.14939	0.01524	0.12188	0.01254	0.01688	0.03437	0.01157	0.09863	0.12896	0.13242	0.04833	0.02887	0.01882	0.00945	0.00643	0.00218	0.00620	0.14382	0.00548	0.00854
1	0.30653	0.22037	0.07859	0.01127	0.01631	0.01763	0.01048	0.13100	0.04320	0.09385	0.01226	0.01290	0.00926	0.00634	0.00485	0.00180	0.00616	0.00431	0.00435	0.00853
2	0.15656	0.02092	0.14664	0.01407	0.01900	0.15890	0.01275	0.16650	0.19548	0.02632	0.01504	0.01543	0.01126	0.00707	0.00578	0.00194	0.00743	0.00519	0.00470	0.00901
3	0.36846	0.01210	0.01218	0.01011	0.01422	0.03257	0.00824	0.06738	0.03533	0.28480	0.08088	0.01841	0.01545	0.00743	0.00540	0.00196	0.00523	0.00548	0.00582	0.00855
4	0.01427	0.00978	0.01101	0.00958	0.01121	0.01039	0.00673	0.23593	0.01569	0.02099	0.01713	0.02977	0.01733	0.41771	0.02285	0.12536	0.00632	0.00754	0.00448	0.00591
5	0.01370	0.01221	0.01988	0.30982	0.34182	0.01335	0.01624	0.01795	0.03476	0.01961	0.01340	0.01759	0.01064	0.00626	0.00603	0.00192	0.00713	0.00573	0.12367	0.00828
6	0.02678	0.01210	0.01536	0.01193	0.01676	0.01144	0.00981	0.13769	0.07608	0.57606	0.02357	0.02077	0.01523	0.00787	0.00638	0.00197	0.00561	0.00634	0.00751	0.01074
7	0.01265	0.01209	0.02050	0.60555	0.12769	0.01458	0.04093	0.01670	0.01281	0.01685	0.01124	0.01660	0.00869	0.00649	0.00719	0.00212	0.05128	0.00570	0.00287	0.00746
8	0.01696	0.78087	0.03324	0.01085	0.01628	0.02510	0.01085	0.01900	0.01289	0.01493	0.00882	0.01018	0.00814	0.00543	0.00407	0.00136	0.00678	0.00339	0.00271	0.00814
9	0.00763	0.00614	0.00681	0.00726	0.00881	0.00532	0.00521	0.00913	0.01386	0.01717	0.08151	0.28889	0.48574	0.01717	0.00769	0.00228	0.00335	0.01480	0.00593	0.00532
10	0.70301	0.01309	0.01077	0.00927	0.01337	0.01504	0.00764	0.12259	0.01363	0.03018	0.00979	0.01104	0.00745	0.00615	0.00429	0.00195	0.00522	0.00377	0.00429	0.00745
11	0.00773	0.00552	0.00736	0.00883	0.00920	0.00515	0.00589	0.00883	0.01215	0.01619	0.03497	0.77291	0.04196	0.01987	0.00810	0.00258	0.00368	0.01803	0.00589	0.00515
12	0.01198	0.01128	0.01903	0.76180	0.04369	0.01409	0.01762	0.01621	0.01268	0.01621	0.01128	0.01691	0.00846	0.00634	0.00634	0.00211	0.00846	0.00564	0.00282	0.00705
13	0.02846	0.01080	0.01472	0.01129	0.01619	0.00932	0.00932	0.03092	0.01816	0.74187	0.02503	0.02159	0.01570	0.00785	0.00638	0.00196	0.00540	0.00638	0.00785	0.01080
14	0.01497	0.01711	0.03743	0.02674	0.03316	0.01604	0.71444	0.02032	0.01497	0.02032	0.01283	0.01711	0.00963	0.00535	0.00749	0.00214	0.01070	0.00749	0.00321	0.00856
15	0.01570	0.01507	0.02575	0.03894	0.73748	0.01507	0.01947	0.01947	0.01444	0.02073	0.01193	0.01570	0.01005	0.00565	0.00628	0.00188	0.00754	0.00565	0.00314	0.01005
16	0.01570	0.01507	0.02575	0.03894	0.73748	0.01507	0.01947	0.01947	0.01444	0.02073	0.01193	0.01570	0.01005	0.00565	0.00628	0.00188	0.00754	0.00565	0.00314	0.01005
17	0.00782	0.00612	0.00677	0.00720	0.00851	0.00542	0.00498	0.00904	0.01301	0.01614	0.04919	0.26403	0.42843	0.13055	0.01136	0.00286	0.00379	0.01411	0.00559	0.00507
18	0.00773	0.00552	0.00736	0.00883	0.00920	0.00515	0.00589	0.00883	0.01215	0.01619	0.03497	0.77291	0.04196	0.01987	0.00810	0.00258	0.00368	0.01803	0.00589	0.00515
19	0.26543	0.04792	0.01669	0.01255	0.01729	0.01825	0.01044	0.47594	0.02336	0.03545	0.01303	0.01353	0.00949	0.00700	0.00552	0.00190	0.00634	0.00493	0.00546	0.00949
20	0.01222	0.01152	0.01946	0.71574	0.08791	0.01416	0.01774	0.01642	0.01280	0.01650	0.01132	0.01684	0.00856	0.00630	0.00634	0.00210	0.00840	0.00564	0.00284	0.00724
21	0.00954	0.00689	0.00912	0.00973	0.01114	0.00665	0.00797	0.01214	0.01520	0.02030	0.25195	0.06081	0.09802	0.07732	0.01016	0.00283	0.00478	0.37373	0.00604	0.00569
22	0.14200	0.01001	0.01243	0.01017	0.01413	0.00929	0.00830	0.02450	0.01676	0.46303	0.14123	0.02759	0.04530	0.00908	0.00633	0.00202	0.00488	0.03694	0.00697	0.00903

[dist]
# distance from previous block
# <min> <max>
0	1

[block]
# block no. 1 follows, 35 sequences, length 15
# corresponding to MSA columns:
# 280-294
name=unknown_B
#
# <colnr> <probs for GDERKNQSTAVLIFYWHMCP>
#	G	D	E	R	K	N	Q	S	T	A	V	L	I	F	Y	W	H	M	C	P
0	0.11869	0.01805	0.01566	0.01331	0.01737	0.20153	0.01051	0.16692	0.20806	0.14010	0.01746	0.01693	0.01272	0.00744	0.00593	0.00192	0.00709	0.00552	0.00554	0.00925
1	0.12402	0.01525	0.02050	0.02629	0.40096	0.06722	0.01486	0.07998	0.01618	0.15380	0.01403	0.01572	0.01059	0.00631	0.00596	0.00189	0.00704	0.00539	0.00437	0.00964
2	0.02456	0.02189	0.01738	0.01461	0.01874	0.36071	0.01146	0.21071	0.04951	0.18564	0.01531	0.01522	0.01101	0.00720	0.00606	0.00180	0.00864	0.00516	0.00524	0.00915
3	0.19647	0.00919	0.01023	0.00899	0.01205	0.00908	0.00715	0.01875	0.05063	0.19814	0.24961	0.03429	0.12991	0.01050	0.00641	0.00204	0.00422	0.02859	0.00629	0.00745
4	0.01913	0.01086	0.01668	0.39824	0.03009	0.01164	0.01346	0.02252	0.01533	0.33709	0.04812	0.02028	0.01385	0.00729	0.00641	0.00204	0.00687	0.00621	0.00522	0.00866
5	0.02023	0.01419	0.02076	0.11393	0.31807	0.01460	0.01513	0.17839	0.01859	0.19898	0.01576	0.01717	0.01139	0.00671	0.00633	0.00194	0.00701	0.00584	0.00496	0.01003
6	0.01170	0.00734	0.00934	0.00937	0.01104	0.00701	0.00690	0.01508	0.08209	0.11909	0.18194	0.38176	0.07385	0.01541	0.00757	0.00232	0.00396	0.04117	0.00644	0.00661
7	0.00884	0.00610	0.00739	0.00759	0.00803	0.00590	0.00480	0.00981	0.01197	0.01632	0.19600	0.20061	0.03604	0.42895	0.02107	0.00437	0.00485	0.01167	0.00504	0.00464
8	0.00755	0.00621	0.00665	0.00701	0.00872	0.00531	0.00508	0.00904	0.01390	0.01691	0.05718	0.23328	0.56725	0.01699	0.00764	0.00225	0.00333	0.01451	0.00589	0.00531
9	0.01696	0.78087	0.03324	0.01085	0.01628	0.02510	0.01085	0.01900	0.01289	0.01493	0.00882	0.01018	0.00814	0.00543	0.00407	0.00136	0.00678	0.00339	0.00271	0.00814
10	0.12022	0.44809	0.25150	0.01278	0.01924	0.02046	0.01426	0.01929	0.01277	0.01829	0.00962	0.01119	0.00794	0.00567	0.00466	0.00164	0.00735	0.00380	0.00286	0.00836
11	0.01836	0.01362	0.01564	0.01345	0.01638	0.05105	0.01078	0.02746	0.33271	0.18591	0.04483	0.02104	0.01670	0.00909	0.00991	0.00223	0.18933	0.00660	0.00574	0.00919
12	0.01885	0.01294	0.01444	0.01252	0.01642	0.01422	0.00987	0.03303	0.55476	0.19961	0.02563	0.02317	0.01848	0.00842	0.00644	0.00211	0.00511	0.00698	0.00679	0.01022
13	0.11055	0.01182	0.01430	0.01144	0.01601	0.01155	0.00933	0.06524	0.14614	0.50030	0.02294	0.02044	0.01517	0.00777	0.00613	0.00199	0.00536	0.00617	0.00710	0.01024
14	0.02208	0.01712	0.02066	0.02049	0.19334	0.01856	0.01385	0.54773	0.02611	0.03532	0.01443	0.01534	0.01061	0.00714	0.00633	0.00190	0.00712	0.00570	0.00557	0.01061

[dist]
# distance from previous block
# <min> <max>
0	2

[block]
# block no. 2 follows, 35 sequences, length 9
# corresponding to MSA columns:
# 297-305
name=unknown_C
#
# <colnr> <probs for GDERKNQSTAVLIFYWHMCP>
#	G	D	E	R	K	N	Q	S	T	A	V	L	I	F	Y	W	H	M	C	P
0	0.00773	0.00552	0.00736	0.00883	0.00920	0.00515	0.00589	0.00883	0.01215	0.01619	0.03497	0.77291	0.04196	0.01987	0.00810	0.00258	0.00368	0.01803	0.00589	0.00515
1	0.00773	0.00552	0.00736	0.00883	0.00920	0.00515	0.00589	0.00883	0.01215	0.01619	0.03497	0.77291	0.04196	0.01987	0.00810	0.00258	0.00368	0.01803	0.00589	0.00515
2	0.01647	0.65955	0.03106	0.01177	0.01634	0.02420	0.01133	0.01841	0.01239	0.01498	0.00874	0.01076	0.00817	0.00633	0.00672	0.00158	0.12678	0.00373	0.00272	0.00795
3	0.01960	0.02365	0.02113	0.01795	0.02164	0.46836	0.16993	0.02228	0.01677	0.01715	0.01425	0.02223	0.01298	0.00801	0.00660	0.00195	0.01039	0.11410	0.00366	0.00739
4	0.01085	0.00775	0.00928	0.00918	0.01039	0.00780	0.00642	0.12132	0.01519	0.02052	0.13747	0.37540	0.03557	0.18723	0.01317	0.00318	0.00465	0.01308	0.00567	0.00588
5	0.00936	0.01057	0.12537	0.01086	0.01303	0.00823	0.00958	0.01197	0.01106	0.01570	0.02040	0.19281	0.02111	0.09684	0.40534	0.00684	0.01187	0.00920	0.00388	0.00598
6	0.01297	0.01204	0.01881	0.43160	0.19157	0.01381	0.01589	0.01880	0.11363	0.01875	0.01793	0.02131	0.07156	0.00733	0.00644	0.00207	0.00733	0.00651	0.00366	0.00800
7	0.00828	0.00593	0.00792	0.00895	0.00969	0.00557	0.00638	0.01000	0.01372	0.01857	0.19214	0.53441	0.04540	0.01807	0.00803	0.00248	0.00376	0.08917	0.00613	0.00541
8	0.01686	0.00827	0.01082	0.01003	0.01269	0.00761	0.00796	0.01961	0.03855	0.29932	0.05370	0.20300	0.06672	0.01292	0.00713	0.00225	0.00467	0.13487	0.07527	0.00773

[dist]
# distance from previous block
# <min> <max>
0	9

[block]
# block no. 3 follows, 35 sequences, length 42
# corresponding to MSA columns:
# 315-356
name=unknown_D
#
# <colnr> <probs for GDERKNQSTAVLIFYWHMCP>
#	G	D	E	R	K	N	Q	S	T	A	V	L	I	F	Y	W	H	M	C	P
0	0.28273	0.07007	0.01265	0.01119	0.04542	0.08517	0.02149	0.01575	0.01334	0.02165	0.10641	0.20603	0.04375	0.01083	0.00599	0.00207	0.00538	0.02880	0.00469	0.00659
1	0.02075	0.28441	0.08395	0.01415	0.01898	0.30920	0.01255	0.11626	0.01746	0.05194	0.01102	0.01214	0.00884	0.00632	0.00530	0.00162	0.00880	0.00422	0.00365	0.00841
2	0.01562	0.01502	0.02546	0.03793	0.70479	0.01527	0.01922	0.01928	0.01423	0.02048	0.01177	0.01562	0.00997	0.00590	0.00694	0.00192	0.04191	0.00565	0.00312	0.00991
3	0.01618	0.01388	0.02323	0.12342	0.55740	0.01407	0.01778	0.01985	0.01471	0.08754	0.04103	0.01762	0.01231	0.00622	0.00634	0.00192	0.00727	0.00594	0.00369	0.00959
4	0.01402	0.12768	0.39155	0.05685	0.08727	0.01643	0.17913	0.01976	0.01374	0.01931	0.01141	0.01417	0.00860	0.00577	0.00613	0.00195	0.00913	0.00528	0.00285	0.00896
5	0.02351	0.01144	0.01455	0.01095	0.01609	0.00980	0.00897	0.07517	0.01747	0.47315	0.02016	0.01858	0.01344	0.00688	0.00587	0.00165	0.00530	0.00554	0.00650	0.25499
6	0.01272	0.03281	0.74418	0.01808	0.02746	0.01473	0.02344	0.02009	0.01339	0.02009	0.01138	0.01339	0.00804	0.00603	0.00603	0.00201	0.00938	0.00469	0.00268	0.00938
7	0.01543	0.01479	0.02526	0.09204	0.68651	0.01500	0.01933	0.01923	0.01432	0.02039	0.01188	0.01579	0.00993	0.00570	0.00628	0.00190	0.00760	0.00565	0.00312	0.00983
8	0.00814	0.00591	0.00768	0.00839	0.00926	0.00545	0.00585	0.00992	0.01428	0.01941	0.27578	0.47929	0.09253	0.01727	0.00785	0.00235	0.00342	0.01549	0.00626	0.00545
9	0.00822	0.00618	0.00761	0.00784	0.00916	0.00557	0.00566	0.01028	0.01529	0.02049	0.34912	0.27099	0.22870	0.01586	0.00767	0.00221	0.00326	0.01396	0.00637	0.00557
10	0.01570	0.01507	0.02575	0.03894	0.73748	0.01507	0.01947	0.01947	0.01444	0.02073	0.01193	0.01570	0.01005	0.00565	0.00628	0.00188	0.00754	0.00565	0.00314	0.01005
11	0.02220	0.02774	0.01820	0.01639	0.01916	0.63985	0.01250	0.02380	0.01672	0.01549	0.00958	0.01181	0.00820	0.00723	0.00802	0.00181	0.12651	0.00431	0.00319	0.00729
12	0.00778	0.00644	0.00682	0.00673	0.00874	0.00548	0.00504	0.00966	0.01513	0.01874	0.19347	0.05842	0.60470	0.01547	0.00749	0.00211	0.00317	0.01302	0.00610	0.00548
13	0.00795	0.00644	0.00705	0.00690	0.00884	0.00555	0.00517	0.00997	0.01552	0.01966	0.26746	0.05691	0.53014	0.01513	0.00749	0.00210	0.00315	0.01281	0.00622	0.00555
14	0.01570	0.01507	0.02575	0.03894	0.73748	0.01507	0.01947	0.01947	0.01444	0.02073	0.01193	0.01570	0.01005	0.00565	0.00628	0.00188	0.00754	0.00565	0.00314	0.01005
15	0.01087	0.00757	0.00894	0.00876	0.01070	0.00717	0.00652	0.04416	0.06959	0.07670	0.15685	0.26701	0.25598	0.01516	0.00749	0.00224	0.00385	0.02774	0.00629	0.00643
16	0.01595	0.01043	0.01244	0.01039	0.01339	0.01055	0.00824	0.22794	0.02158	0.11732	0.42949	0.03448	0.03958	0.01072	0.00700	0.00196	0.00450	0.00910	0.00690	0.00803
17	0.00768	0.00643	0.00668	0.00662	0.00868	0.00543	0.00496	0.00945	0.01489	0.01815	0.14605	0.05938	0.65249	0.01569	0.00750	0.00212	0.00319	0.01315	0.00602	0.00543
18	0.01570	0.01507	0.02575	0.03894	0.73748	0.01507	0.01947	0.01947	0.01444	0.02073	0.01193	0.01570	0.01005	0.00565	0.00628	0.00188	0.00754	0.00565	0.00314	0.01005
19	0.00771	0.00606	0.00698	0.00755	0.00891	0.00532	0.00536	0.00922	0.01378	0.01742	0.10651	0.35556	0.39230	0.01740	0.00775	0.00231	0.00339	0.01516	0.00598	0.00532
20	0.65957	0.01224	0.01059	0.00907	0.01321	0.01363	0.00748	0.04769	0.01275	0.14707	0.01176	0.01237	0.00849	0.00628	0.00443	0.00196	0.00507	0.00401	0.00467	0.00767
21	0.00845	0.00614	0.00796	0.00818	0.00933	0.00566	0.00588	0.01070	0.01572	0.02171	0.44913	0.30120	0.09515	0.01557	0.00770	0.00221	0.00325	0.01388	0.00653	0.00566
22	0.00782	0.00559	0.00744	0.00877	0.00922	0.00521	0.00590	0.00907	0.01258	0.01688	0.08717	0.71873	0.04329	0.01936	0.00805	0.00253	0.00363	0.01754	0.00597	0.00521
23	0.01282	0.01283	0.02260	0.10912	0.02366	0.01498	0.22475	0.01596	0.01178	0.01678	0.01214	0.01789	0.01055	0.01758	0.19137	0.00429	0.26424	0.00645	0.00306	0.00713
24	0.01221	0.01151	0.01944	0.71733	0.08638	0.01415	0.01773	0.01641	0.01279	0.01649	0.01132	0.01684	0.00855	0.00630	0.00634	0.00210	0.00840	0.00564	0.00284	0.00723
25	0.02253	0.02731	0.01823	0.01625	0.01926	0.60754	0.01244	0.07570	0.01785	0.01732	0.01003	0.01202	0.00839	0.00718	0.00761	0.00179	0.10316	0.00439	0.00344	0.00756
26	0.25923	0.07705	0.02115	0.01586	0.02004	0.22096	0.17121	0.05123	0.01466	0.02150	0.01026	0.01265	0.00824	0.00638	0.00662	0.00192	0.06507	0.00480	0.00351	0.00766
27	0.01422	0.01603	0.05473	0.02384	0.02960	0.01458	0.59194	0.01921	0.01469	0.02029	0.01503	0.05105	0.01241	0.00659	0.00733	0.00214	0.00969	0.03528	0.05319	0.00817
28	0.00856	0.00587	0.00712	0.00777	0.00794	0.00571	0.00475	0.00905	0.01053	0.01403	0.02666	0.36712	0.03148	0.43997	0.02152	0.00456	0.00505	0.01315	0.00475	0.00443
29	0.15940	0.01833	0.01648	0.06942	0.01966	0.17426	0.01133	0.31871	0.07892	0.02912	0.01359	0.01468	0.01023	0.00830	0.02865	0.00215	0.00783	0.00512	0.00493	0.00888
30	0.04055	0.05117	0.09083	0.04663	0.01921	0.03029	0.04420	0.07780	0.01649	0.28257	0.03774	0.01752	0.01293	0.00679	0.00616	0.00174	0.02174	0.00546	0.00528	0.18488
31	0.01921	0.21733	0.22848	0.01372	0.01983	0.04493	0.01419	0.08829	0.05634	0.19495	0.01571	0.01674	0.01156	0.00693	0.00572	0.00184	0.00727	0.02298	0.00460	0.00940
32	0.01466	0.37389	0.42003	0.01479	0.02236	0.01946	0.01770	0.01959	0.01316	0.01774	0.01022	0.01193	0.00808	0.00575	0.00514	0.00171	0.00819	0.00410	0.00269	0.00881
33	0.01315	0.13869	0.10519	0.01157	0.01510	0.01162	0.03717	0.01723	0.08189	0.09246	0.02757	0.27657	0.08840	0.01245	0.00680	0.00216	0.00553	0.04394	0.00512	0.00740
34	0.03942	0.01431	0.07507	0.18429	0.24987	0.01311	0.07905	0.02060	0.01464	0.16501	0.01674	0.01894	0.04342	0.00670	0.00635	0.00197	0.00738	0.00612	0.00416	0.03288
35	0.01681	0.03170	0.02210	0.02370	0.27058	0.05156	0.11888	0.05157	0.03330	0.10846	0.01773	0.06649	0.04542	0.00802	0.00789	0.00204	0.07897	0.00706	0.02892	0.00883
36	0.01885	0.00878	0.01151	0.01019	0.01320	0.00796	0.00784	0.02171	0.05930	0.38920	0.03118	0.29589	0.07135	0.01277	0.00708	0.00221	0.00461	0.01109	0.00693	0.00836
37	0.01493	0.14415	0.45441	0.01508	0.02232	0.03642	0.01774	0.02030	0.01445	0.09507	0.09243	0.01746	0.01460	0.00691	0.00591	0.00189	0.00791	0.00540	0.00372	0.00890
38	0.01529	0.01874	0.23844	0.17172	0.15246	0.03032	0.01705	0.02134	0.08555	0.10797	0.03159	0.03431	0.01268	0.00805	0.02542	0.00223	0.00791	0.00600	0.00400	0.00895
39	0.00875	0.00624	0.00684	0.00682	0.00745	0.00593	0.00418	0.00929	0.01093	0.01405	0.05640	0.04697	0.21583	0.54611	0.02477	0.00493	0.00525	0.01042	0.00450	0.00432
40	0.01336	0.01259	0.02129	0.41341	0.33170	0.01412	0.01780	0.01727	0.01327	0.01801	0.01190	0.01690	0.00958	0.00859	0.05219	0.00252	0.00860	0.00572	0.00299	0.00822
41	0.03540	0.01730	0.07465	0.13652	0.04958	0.08932	0.12056	0.15581	0.11000	0.08780	0.01628	0.01780	0.02679	0.00715	0.00678	0.00202	0.02657	0.00609	0.00461	0.00898

[dist]
# distance from previous block
# <min> <max>
0	12

[block]
# block no. 4 follows, 35 sequences, length 71
# corresponding to MSA columns:
# 369-396,414-456
name=unknown_E
#
# <colnr> <probs for GDERKNQSTAVLIFYWHMCP>
#	G	D	E	R	K	N	Q	S	T	A	V	L	I	F	Y	W	H	M	C	P
0	0.01862	0.01382	0.02200	0.12283	0.44191	0.01397	0.01649	0.06741	0.01606	0.18182	0.01498	0.01713	0.01115	0.00636	0.00631	0.00193	0.00714	0.00582	0.00436	0.00988
1	0.00874	0.00595	0.00706	0.00754	0.00766	0.00583	0.00451	0.00910	0.01018	0.01357	0.02486	0.27966	0.02922	0.53051	0.02441	0.00499	0.00535	0.01209	0.00451	0.00427
2	0.03866	0.01311	0.02202	0.23632	0.05052	0.01557	0.16115	0.01694	0.01225	0.04018	0.01217	0.04669	0.01050	0.00968	0.03698	0.00262	0.25751	0.00649	0.00323	0.00741
3	0.02121	0.01430	0.01561	0.01426	0.06370	0.08832	0.01071	0.14108	0.16762	0.25891	0.02397	0.02557	0.05566	0.00889	0.00656	0.00204	0.00625	0.05951	0.00627	0.00956
4	0.01705	0.00991	0.01210	0.01064	0.01372	0.00988	0.00833	0.04737	0.19588	0.24513	0.18289	0.12265	0.05309	0.01120	0.00696	0.00213	0.00456	0.03109	0.00689	0.00853
5	0.10722	0.01202	0.01912	0.01460	0.01935	0.01112	0.18507	0.02484	0.01600	0.41603	0.02122	0.09150	0.01577	0.00817	0.00656	0.00207	0.00651	0.00746	0.00609	0.00928
6	0.00991	0.00708	0.00986	0.01132	0.01264	0.00703	0.00967	0.01259	0.01429	0.01863	0.03376	0.16083	0.03720	0.01782	0.00868	0.00288	0.00557	0.60864	0.00585	0.00575
7	0.05088	0.01221	0.01502	0.01178	0.01637	0.01187	0.00965	0.17561	0.06468	0.47580	0.07068	0.02176	0.01760	0.00813	0.00637	0.00196	0.00553	0.00654	0.00726	0.01029
8	0.00918	0.00663	0.00799	0.00755	0.00941	0.00589	0.00570	0.01167	0.01673	0.04932	0.47035	0.05126	0.29727	0.01387	0.00745	0.00205	0.00316	0.01196	0.00663	0.00594
9	0.00826	0.00640	0.00754	0.00751	0.00918	0.00568	0.00561	0.01046	0.01576	0.02071	0.35079	0.12247	0.35279	0.01513	0.00759	0.00215	0.00325	0.03673	0.00636	0.00563
10	0.02412	0.01777	0.01904	0.01460	0.01967	0.01967	0.01206	0.71633	0.02983	0.03998	0.01523	0.01523	0.01079	0.00762	0.00635	0.00190	0.00698	0.00571	0.00635	0.01079
11	0.00923	0.00615	0.00692	0.00692	0.00692	0.00615	0.00384	0.00923	0.00923	0.01230	0.01999	0.04151	0.02306	0.77705	0.03229	0.00615	0.00615	0.00923	0.00384	0.00384
12	0.01102	0.00846	0.01162	0.01091	0.01211	0.01016	0.00859	0.05705	0.01163	0.01718	0.01604	0.02318	0.01472	0.06512	0.49263	0.00754	0.12809	0.00655	0.08126	0.00613
13	0.01272	0.03281	0.74418	0.01808	0.02746	0.01473	0.02344	0.02009	0.01339	0.02009	0.01138	0.01339	0.00804	0.00603	0.00603	0.00201	0.00938	0.00469	0.00268	0.00938
14	0.00870	0.00627	0.00823	0.00817	0.00942	0.00580	0.00596	0.01126	0.01665	0.02335	0.57639	0.21107	0.05582	0.01453	0.00762	0.00213	0.00315	0.01295	0.00674	0.00580
15	0.01551	0.52535	0.27609	0.01332	0.02010	0.02156	0.01515	0.01937	0.01306	0.01669	0.00970	0.01128	0.00811	0.00563	0.00474	0.00158	0.00767	0.00383	0.00270	0.00856
16	0.00919	0.00628	0.00757	0.00757	0.00779	0.00650	0.00465	0.00964	0.00942	0.01278	0.01940	0.03824	0.02164	0.63291	0.17448	0.00695	0.00829	0.00875	0.00376	0.00420
17	0.02320	0.01732	0.01852	0.01441	0.01932	0.01925	0.01184	0.64146	0.10618	0.03851	0.01639	0.01616	0.01173	0.00772	0.00636	0.00193	0.00677	0.00587	0.00636	0.01071
18	0.00913	0.00653	0.00886	0.00886	0.00953	0.00720	0.00626	0.01047	0.00980	0.01374	0.01821	0.03169	0.01880	0.34498	0.45852	0.00855	0.01257	0.00779	0.00358	0.00492
19	0.01693	0.70082	0.08099	0.01156	0.01717	0.05265	0.01176	0.01932	0.01312	0.01530	0.00903	0.01044	0.00814	0.00551	0.00427	0.00141	0.00714	0.00351	0.00273	0.00819
20	0.01129	0.01033	0.01740	0.44153	0.08857	0.01175	0.05799	0.01472	0.01303	0.01717	0.04441	0.20703	0.01896	0.00986	0.00689	0.00221	0.00712	0.00907	0.00379	0.00687
21	0.09765	0.01811	0.06130	0.01343	0.01762	0.21859	0.03541	0.04676	0.01587	0.19449	0.01554	0.06466	0.01238	0.00768	0.00675	0.00184	0.05298	0.00576	0.00471	0.10847
22	0.00909	0.00670	0.00969	0.00969	0.01064	0.00765	0.00729	0.01100	0.01004	0.01435	0.01746	0.02750	0.01698	0.16106	0.63996	0.00957	0.01531	0.00717	0.00347	0.00538
23	0.00771	0.00559	0.00729	0.00864	0.00915	0.00517	0.00580	0.00885	0.01233	0.01627	0.03728	0.71670	0.09667	0.01957	0.00805	0.00254	0.00364	0.01767	0.00589	0.00517
24	0.01268	0.01147	0.01841	0.01513	0.01845	0.01150	0.21258	0.05975	0.15484	0.02217	0.11147	0.19719	0.05974	0.01157	0.00744	0.00226	0.00620	0.05419	0.00538	0.00759
25	0.06805	0.09061	0.04198	0.10673	0.24615	0.09246	0.09898	0.12065	0.01659	0.04137	0.01206	0.01473	0.00945	0.00613	0.00602	0.00188	0.00809	0.00536	0.00371	0.00898
26	0.02546	0.01405	0.01657	0.01284	0.01764	0.01431	0.01055	0.37125	0.02372	0.36312	0.02055	0.04879	0.01432	0.00822	0.00643	0.00196	0.00612	0.00652	0.00702	0.01056
27	0.00783	0.00575	0.00728	0.00844	0.00913	0.00529	0.00576	0.00903	0.01250	0.01629	0.03925	0.60340	0.15726	0.04861	0.00896	0.00265	0.00377	0.03785	0.00581	0.00516
28	0.07093	0.02127	0.22819	0.12656	0.02561	0.13382	0.09737	0.02230	0.06014	0.11080	0.03385	0.01646	0.01136	0.00666	0.00617	0.00198	0.00848	0.00553	0.00395	0.00857
29	0.01317	0.14261	0.42497	0.23128	0.03040	0.01616	0.01981	0.01880	0.01311	0.01817	0.01096	0.01391	0.00817	0.00603	0.00581	0.00194	0.00871	0.00476	0.00272	0.00851
30	0.01782	0.01162	0.01254	0.01032	0.01358	0.01240	0.00828	0.33955	0.02157	0.05654	0.08746	0.02198	0.01793	0.00805	0.00568	0.00174	0.00491	0.00637	0.33329	0.00835
31	0.01325	0.03525	0.02045	0.30798	0.05486	0.01623	0.06897	0.01626	0.01178	0.01675	0.01076	0.01589	0.00904	0.00819	0.01206	0.00231	0.31268	0.00570	0.05437	0.00719
32	0.04211	0.03561	0.04031	0.01824	0.13198	0.01368	0.10778	0.09699	0.11700	0.26202	0.05434	0.02012	0.01552	0.00733	0.00644	0.00198	0.00658	0.00650	0.00569	0.00981
33	0.04151	0.01055	0.01203	0.01036	0.01355	0.03565	0.00811	0.10581	0.06487	0.27651	0.04784	0.16079	0.02130	0.01009	0.00630	0.00198	0.00493	0.00844	0.15094	0.00843
34	0.00780	0.00578	0.00729	0.00830	0.00911	0.00527	0.00570	0.00917	0.01311	0.01722	0.10444	0.57245	0.17413	0.01853	0.00793	0.00244	0.00353	0.01656	0.00599	0.00527
35	0.01409	0.01522	0.06432	0.21670	0.29586	0.01489	0.19535	0.01840	0.01384	0.01911	0.01258	0.04048	0.01039	0.00642	0.00715	0.00207	0.03495	0.00646	0.00313	0.00861
36	0.05525	0.01496	0.07001	0.01473	0.03566	0.01411	0.09950	0.29366	0.02021	0.09187	0.02152	0.08831	0.07195	0.04989	0.00804	0.00228	0.00674	0.02712	0.00541	0.00878
37	0.00818	0.00596	0.00713	0.00776	0.00891	0.00540	0.00547	0.00987	0.01378	0.01846	0.14595	0.39390	0.24677	0.01670	0.00753	0.00227	0.00338	0.01469	0.07249	0.00540
38	0.00850	0.00643	0.00784	0.00757	0.00920	0.00577	0.00565	0.01102	0.01672	0.02269	0.51391	0.07954	0.25369	0.01413	0.00751	0.00206	0.00308	0.01228	0.00663	0.00577
39	0.04436	0.03726	0.09383	0.05368	0.22369	0.01517	0.17188	0.12865	0.01714	0.08886	0.05235	0.01767	0.01284	0.00655	0.00647	0.00197	0.00783	0.00622	0.00424	0.00933
40	0.01482	0.01407	0.01770	0.30881	0.10320	0.08797	0.01355	0.06717	0.01478	0.01977	0.01148	0.01487	0.00907	0.00584	0.00573	0.00164	0.00732	0.00487	0.00346	0.27388
41	0.01388	0.01388	0.01943	0.01666	0.01666	0.01943	0.01388	0.01527	0.00972	0.01527	0.00833	0.01388	0.00833	0.01110	0.02082	0.00278	0.76544	0.00555	0.00278	0.00694
42	0.00773	0.00552	0.00736	0.00883	0.00920	0.00515	0.00589	0.00883	0.01215	0.01619	0.03497	0.77291	0.04196	0.01987	0.00810	0.00258	0.00368	0.01803	0.00589	0.00515
43	0.01712	0.01434	0.01550	0.01409	0.04227	0.01638	0.01070	0.14306	0.58905	0.02850	0.02363	0.02203	0.01766	0.00834	0.00643	0.00210	0.00542	0.00688	0.00632	0.01016
44	0.01562	0.54476	0.25763	0.01314	0.01981	0.02183	0.01483	0.01934	0.01305	0.01656	0.00963	0.01119	0.00811	0.00562	0.00469	0.00156	0.00760	0.00380	0.00270	0.00853
45	0.01570	0.01507	0.02575	0.03894	0.73748	0.01507	0.01947	0.01947	0.01444	0.02073	0.01193	0.01570	0.01005	0.00565	0.00628	0.00188	0.00754	0.00565	0.00314	0.01005
46	0.02412	0.01777	0.01904	0.01460	0.01967	0.01967	0.01206	0.71633	0.02983	0.03998	0.01523	0.01523	0.01079	0.00762	0.00635	0.00190	0.00698	0.00571	0.00635	0.01079
47	0.01059	0.00903	0.01451	0.03748	0.01585	0.00872	0.14323	0.05625	0.01491	0.01989	0.11787	0.35461	0.09637	0.01451	0.00773	0.00235	0.00541	0.05887	0.00543	0.00639
48	0.14639	0.16474	0.04621	0.01457	0.01958	0.10309	0.11269	0.17230	0.04437	0.09874	0.01329	0.01423	0.00993	0.00648	0.00562	0.00183	0.00752	0.00507	0.00449	0.00887
49	0.01198	0.01128	0.01903	0.76180	0.04369	0.01409	0.01762	0.01621	0.01268	0.01621	0.01128	0.01691	0.00846	0.00634	0.00634	0.00211	0.00846	0.00564	0.00282	0.00705
50	0.00877	0.00619	0.00637	0.00651	0.00829	0.00550	0.00481	0.01071	0.01390	0.01892	0.04889	0.11870	0.46120	0.01393	0.00667	0.00199	0.00318	0.01168	0.23826	0.00550
51	0.04462	0.55534	0.12905	0.01246	0.01819	0.02187	0.03320	0.01978	0.01317	0.06114	0.01028	0.01166	0.00860	0.00586	0.00514	0.00158	0.03263	0.00395	0.00308	0.00840
52	0.09414	0.02049	0.22248	0.01795	0.02405	0.01619	0.19448	0.21411	0.01797	0.02618	0.01331	0.01671	0.01020	0.00778	0.02380	0.00225	0.03698	0.02780	0.00408	0.00903
53	0.00938	0.00696	0.00881	0.00832	0.00998	0.00662	0.00630	0.01327	0.06281	0.02502	0.64499	0.04702	0.08399	0.01293	0.00745	0.00203	0.00320	0.02784	0.00688	0.00621
54	0.00923	0.00615	0.00692	0.00692	0.00692	0.00615	0.00384	0.00923	0.00923	0.01230	0.01999	0.04151	0.02306	0.77705	0.03229	0.00615	0.00615	0.00923	0.00384	0.00384
55	0.10021	0.33239	0.09372	0.01192	0.01719	0.03765	0.01137	0.10290	0.01593	0.17258	0.01417	0.04025	0.01109	0.00683	0.00518	0.00172	0.00660	0.00495	0.00446	0.00888
56	0.00985	0.00677	0.00773	0.00766	0.00802	0.00690	0.00464	0.03845	0.02892	0.01423	0.02131	0.10986	0.02410	0.63389	0.04737	0.00564	0.00621	0.00981	0.00420	0.00446
57	0.01069	0.00645	0.00783	0.00786	0.00848	0.00620	0.00496	0.01130	0.01112	0.08386	0.04831	0.22595	0.02840	0.48469	0.02281	0.00470	0.00534	0.01127	0.00486	0.00492
58	0.14372	0.03195	0.03499	0.02893	0.01674	0.01462	0.01003	0.19931	0.19619	0.15748	0.04246	0.01915	0.01496	0.00768	0.00587	0.00196	0.00562	0.00596	0.05302	0.00937
59	0.01783	0.16316	0.08772	0.08669	0.02093	0.28896	0.01348	0.02033	0.01421	0.03280	0.01046	0.01341	0.00886	0.00964	0.05478	0.00240	0.13904	0.00464	0.00310	0.00756
60	0.09349	0.03694	0.10844	0.01190	0.01771	0.01206	0.03675	0.09593	0.03267	0.08017	0.01292	0.01412	0.00985	0.00569	0.00524	0.00145	0.00591	0.00448	0.00426	0.41002
61	0.03849	0.17003	0.11194	0.01681	0.06522	0.05903	0.11262	0.04289	0.07200	0.13894	0.03186	0.01634	0.01193	0.00700	0.00728	0.00194	0.07698	0.00557	0.00423	0.00890
62	0.00877	0.00596	0.00705	0.00750	0.00762	0.00585	0.00447	0.00911	0.01012	0.01349	0.02457	0.26517	0.02884	0.54551	0.02489	0.00506	0.00540	0.01192	0.00447	0.00424
63	0.00773	0.00552	0.00736	0.00883	0.00920	0.00515	0.00589	0.00883	0.01215	0.01619	0.03497	0.77291	0.04196	0.01987	0.00810	0.00258	0.00368	0.01803	0.00589	0.00515
64	0.01547	0.51776	0.28329	0.01340	0.02021	0.02145	0.01528	0.01938	0.01307	0.01674	0.00972	0.01131	0.00810	0.00564	0.00476	0.00159	0.00770	0.00385	0.00270	0.00858
65	0.02311	0.03432	0.03518	0.01274	0.01739	0.01432	0.01062	0.27264	0.13125	0.30448	0.02144	0.06040	0.01557	0.00843	0.00640	0.00199	0.00595	0.00678	0.00672	0.01026
66	0.01269	0.00722	0.00939	0.00876	0.01083	0.00649	0.00665	0.01505	0.01640	0.17276	0.35545	0.18228	0.12420	0.01370	0.00741	0.00214	0.00373	0.03129	0.00680	0.00676
67	0.00923	0.00615	0.00692	0.00692	0.00692	0.00615	0.00384	0.00923	0.00923	0.01230	0.01999	0.04151	0.02306	0.77705	0.03229	0.00615	0.00615	0.00923	0.00384	0.00384
68	0.06207	0.01318	0.02037	0.27948	0.22972	0.01434	0.05826	0.10416	0.01572	0.07085	0.01343	0.01675	0.01016	0.00639	0.00614	0.00197	0.00739	0.00571	0.05530	0.00862
69	0.09164	0.01322	0.02022	0.14903	0.04047	0.03721	0.17976	0.01769	0.01335	0.04015	0.03104	0.01642	0.01087	0.00872	0.05348	0.00232	0.05320	0.00559	0.00356	0.21206
70	0.03725	0.47303	0.04834	0.01391	0.01898	0.19596	0.07910	0.03719	0.01466	0.01664	0.00966	0.01135	0.00832	0.00576	0.00489	0.00154	0.00830	0.00404	0.00301	0.00806

[dist]
# distance from previous block
# <min> <max>
0	1

[block]
# block no. 5 follows, 35 sequences, length 11
# corresponding to MSA columns:
# 458-468
name=unknown_F
#
# <colnr> <probs for GDERKNQSTAVLIFYWHMCP>
#	G	D	E	R	K	N	Q	S	T	A	V	L	I	F	Y	W	H	M	C	P
0	0.10288	0.15955	0.02071	0.01327	0.01830	0.02014	0.01131	0.51621	0.02476	0.03415	0.01339	0.01379	0.00990	0.00703	0.00568	0.00181	0.00674	0.00505	0.00543	0.00990
1	0.01413	0.10661	0.44565	0.01573	0.02355	0.01440	0.05795	0.01966	0.01360	0.05323	0.01181	0.01360	0.00877	0.00574	0.00565	0.00173	0.00804	0.00460	0.00317	0.17240
2	0.01168	0.15292	0.01666	0.01189	0.01346	0.01390	0.00985	0.01356	0.01076	0.01505	0.01488	0.09013	0.01491	0.02747	0.34901	0.00587	0.21135	0.00690	0.00334	0.00641
3	0.06290	0.01067	0.01669	0.49428	0.07848	0.01244	0.01452	0.01644	0.01391	0.05159	0.14661	0.02232	0.01837	0.00757	0.00640	0.00206	0.00702	0.00662	0.00391	0.00720
4	0.01359	0.14807	0.32393	0.01349	0.01963	0.01379	0.01474	0.04811	0.01392	0.04348	0.01596	0.15484	0.01496	0.00844	0.00592	0.00184	0.00695	0.00692	0.00378	0.12764
5	0.01125	0.00928	0.01233	0.01442	0.14630	0.00927	0.00907	0.01543	0.09768	0.04177	0.18978	0.10746	0.25047	0.01246	0.00779	0.00213	0.03973	0.01066	0.00559	0.00713
6	0.00838	0.00596	0.00797	0.00935	0.00994	0.00569	0.00673	0.00982	0.01251	0.01657	0.03372	0.57076	0.03956	0.06656	0.00975	0.00288	0.00432	0.16854	0.00575	0.00522
7	0.41989	0.08667	0.01460	0.01077	0.01502	0.04917	0.00893	0.13865	0.10639	0.07629	0.01321	0.01364	0.00990	0.00664	0.00491	0.00191	0.00577	0.00452	0.00477	0.00834
8	0.01357	0.01168	0.01928	0.35396	0.26597	0.01283	0.01619	0.01719	0.01369	0.05556	0.01617	0.08023	0.01463	0.00831	0.00669	0.00214	0.00738	0.07286	0.00371	0.00797
9	0.00826	0.00633	0.00768	0.00841	0.00980	0.00575	0.00638	0.01010	0.01405	0.01790	0.10239	0.28368	0.31803	0.01731	0.00795	0.00243	0.00389	0.15823	0.00597	0.00545
10	0.00887	0.00632	0.00797	0.00779	0.00921	0.00582	0.00575	0.01150	0.01660	0.02339	0.53592	0.13420	0.12161	0.01373	0.00735	0.00204	0.00309	0.01208	0.06093	0.00582

[dist]
# distance from previous block
# <min> <max>
0	1

[block]
# block no. 6 follows, 35 sequences, length 8
# corresponding to MSA columns:
# 470-477
name=unknown_G
#
# <colnr> <probs for GDERKNQSTAVLIFYWHMCP>
#	G	D	E	R	K	N	Q	S	T	A	V	L	I	F	Y	W	H	M	C	P
0	0.09826	0.01642	0.08860	0.01945	0.19642	0.05811	0.01359	0.13653	0.05041	0.17086	0.03522	0.03679	0.01326	0.00740	0.00655	0.00197	0.02976	0.00595	0.00498	0.00945
1	0.01591	0.59514	0.20975	0.01265	0.01906	0.02253	0.01398	0.01927	0.01302	0.01621	0.00946	0.01098	0.00812	0.00558	0.00456	0.00152	0.00743	0.00371	0.00271	0.00845
2	0.00806	0.00608	0.00752	0.00843	0.00954	0.00554	0.00614	0.00966	0.01350	0.01739	0.08484	0.42521	0.25022	0.01802	0.00797	0.00246	0.00378	0.10435	0.00595	0.00535
3	0.02203	0.21660	0.02177	0.01498	0.01879	0.57122	0.01191	0.02376	0.01671	0.01538	0.00956	0.01113	0.00816	0.00626	0.00531	0.00157	0.01028	0.00391	0.00313	0.00755
4	0.01520	0.01361	0.02187	0.22967	0.40114	0.01478	0.01718	0.05258	0.04804	0.04399	0.01304	0.01685	0.01042	0.00792	0.03457	0.00231	0.03852	0.00579	0.00351	0.00901
5	0.22418	0.01090	0.01288	0.01026	0.01476	0.01030	0.00844	0.02656	0.01611	0.52110	0.02337	0.02117	0.05683	0.00786	0.00584	0.00197	0.00514	0.00607	0.00676	0.00949
6	0.00848	0.00618	0.00815	0.00946	0.01036	0.00584	0.00712	0.01021	0.01317	0.01717	0.03777	0.47574	0.11678	0.01872	0.00824	0.00264	0.00430	0.22842	0.00587	0.00539
7	0.01314	0.31933	0.28251	0.01295	0.01854	0.01642	0.01415	0.01687	0.01289	0.01710	0.01623	0.20070	0.01650	0.00923	0.00577	0.00189	0.00695	0.00749	0.00349	0.00784

[dist]
# distance from previous block
# <min> <max>
0	21

# created by:
# /home/cegg/simao/soft/augustus-3.2.1/scripts/msa2prfl.pl ./align_prep/EOG090W0HDN.fa
