[name]
unknown

[dist]
# distance from previous block
# <min> <max>
5	289

[block]
# block no. 0 follows, 35 sequences, length 211
# corresponding to MSA columns:
# 309-519
name=unknown_A
#
# <colnr> <probs for GDERKNQSTAVLIFYWHMCP>
#	G	D	E	R	K	N	Q	S	T	A	V	L	I	F	Y	W	H	M	C	P
0	0.01606	0.62254	0.18372	0.01238	0.01865	0.02291	0.01352	0.01923	0.01300	0.01602	0.00936	0.01086	0.00812	0.00555	0.00448	0.00149	0.00733	0.00367	0.00271	0.00840
1	0.01282	0.03222	0.72160	0.01792	0.02712	0.01477	0.02302	0.02051	0.03544	0.02029	0.01183	0.01371	0.00839	0.00611	0.00604	0.00201	0.00924	0.00476	0.00280	0.00940
2	0.01558	0.01136	0.01283	0.01139	0.01458	0.01234	0.00887	0.02755	0.44675	0.11753	0.21473	0.02973	0.02970	0.00967	0.00672	0.00209	0.00453	0.00822	0.00677	0.00906
3	0.01696	0.78087	0.03324	0.01085	0.01628	0.02510	0.01085	0.01900	0.01289	0.01493	0.00882	0.01018	0.00814	0.00543	0.00407	0.00136	0.00678	0.00339	0.00271	0.00814
4	0.00799	0.00634	0.00718	0.00719	0.00893	0.00553	0.00531	0.00998	0.01531	0.01966	0.27326	0.13628	0.44355	0.01551	0.00756	0.00214	0.00320	0.01330	0.00624	0.00553
5	0.00810	0.00580	0.00769	0.00858	0.00928	0.00540	0.00592	0.00975	0.01385	0.01890	0.23993	0.56022	0.04721	0.01785	0.00792	0.00241	0.00348	0.01611	0.00621	0.00540
6	0.00755	0.00643	0.00649	0.00648	0.00860	0.00538	0.00486	0.00920	0.01457	0.01741	0.08585	0.06061	0.71315	0.01597	0.00750	0.00214	0.00321	0.01333	0.00593	0.00538
7	0.00862	0.00647	0.00798	0.00760	0.00926	0.00583	0.00570	0.01127	0.01710	0.02341	0.57025	0.05073	0.22500	0.01373	0.00749	0.00203	0.00305	0.01194	0.00672	0.00583
8	0.82186	0.01227	0.00932	0.00834	0.01227	0.01423	0.00687	0.01865	0.01080	0.02846	0.00883	0.01031	0.00687	0.00589	0.00393	0.00196	0.00491	0.00344	0.00393	0.00687
9	0.82186	0.01227	0.00932	0.00834	0.01227	0.01423	0.00687	0.01865	0.01080	0.02846	0.00883	0.01031	0.00687	0.00589	0.00393	0.00196	0.00491	0.00344	0.00393	0.00687
10	0.82186	0.01227	0.00932	0.00834	0.01227	0.01423	0.00687	0.01865	0.01080	0.02846	0.00883	0.01031	0.00687	0.00589	0.00393	0.00196	0.00491	0.00344	0.00393	0.00687
11	0.01315	0.01128	0.01315	0.00940	0.01503	0.00846	0.00752	0.01597	0.01315	0.02067	0.01128	0.01315	0.00940	0.00470	0.00470	0.00094	0.00470	0.00376	0.00376	0.81583
12	0.02846	0.01080	0.01472	0.01129	0.01619	0.00932	0.00932	0.03092	0.01816	0.74187	0.02503	0.02159	0.01570	0.00785	0.00638	0.00196	0.00540	0.00638	0.00785	0.01080
13	0.82186	0.01227	0.00932	0.00834	0.01227	0.01423	0.00687	0.01865	0.01080	0.02846	0.00883	0.01031	0.00687	0.00589	0.00393	0.00196	0.00491	0.00344	0.00393	0.00687
14	0.00972	0.00693	0.00958	0.01100	0.01221	0.00686	0.00921	0.01220	0.01398	0.01825	0.03345	0.20480	0.03715	0.04040	0.00933	0.00295	0.00544	0.54512	0.00579	0.00565
15	0.02428	0.01575	0.01747	0.01347	0.01831	0.01689	0.01110	0.54362	0.02663	0.17588	0.01745	0.01694	0.01205	0.00765	0.00625	0.00189	0.00645	0.00585	0.05157	0.01052
16	0.02846	0.01080	0.01472	0.01129	0.01619	0.00932	0.00932	0.03092	0.01816	0.74187	0.02503	0.02159	0.01570	0.00785	0.00638	0.00196	0.00540	0.00638	0.00785	0.01080
17	0.02846	0.01080	0.01472	0.01129	0.01619	0.00932	0.00932	0.03092	0.01816	0.74187	0.02503	0.02159	0.01570	0.00785	0.00638	0.00196	0.00540	0.00638	0.00785	0.01080
18	0.00750	0.00643	0.00643	0.00643	0.00857	0.00536	0.00482	0.00910	0.01446	0.01714	0.06427	0.06105	0.73490	0.01607	0.00750	0.00214	0.00321	0.01339	0.00589	0.00536
19	0.01312	0.01311	0.02407	0.49531	0.11397	0.01478	0.18136	0.01750	0.01334	0.01763	0.01164	0.01676	0.00890	0.00615	0.00694	0.00211	0.02659	0.00607	0.00294	0.00772
20	0.02454	0.00980	0.01333	0.01082	0.01487	0.00854	0.00867	0.02674	0.01702	0.60467	0.02691	0.16364	0.02067	0.01012	0.00670	0.00208	0.00507	0.00858	0.00748	0.00973
21	0.01411	0.01345	0.02288	0.34733	0.44150	0.01466	0.01868	0.01808	0.01369	0.01880	0.01165	0.01622	0.00937	0.00595	0.00631	0.00198	0.00793	0.00565	0.00300	0.00877
22	0.01490	0.01632	0.03394	0.08080	0.16616	0.01572	0.53486	0.01987	0.01471	0.02011	0.01256	0.01683	0.00962	0.00547	0.00718	0.00209	0.00994	0.00701	0.00317	0.00873
23	0.00770	0.00564	0.00724	0.00852	0.00912	0.00518	0.00575	0.00887	0.01244	0.01632	0.03873	0.68149	0.13095	0.01939	0.00802	0.00252	0.00362	0.01744	0.00589	0.00518
24	0.02834	0.01100	0.01485	0.01138	0.01630	0.00963	0.00940	0.05103	0.01850	0.72127	0.02474	0.02141	0.01556	0.00784	0.00638	0.00196	0.00544	0.00636	0.00781	0.01080
25	0.03904	0.04329	0.39966	0.01490	0.02203	0.01298	0.01687	0.04600	0.01556	0.27423	0.01699	0.01833	0.01185	0.00713	0.00616	0.00200	0.00759	0.03093	0.00476	0.00969
26	0.01485	0.02310	0.33336	0.02674	0.28660	0.01536	0.12269	0.06334	0.01503	0.02160	0.01204	0.01490	0.00917	0.00589	0.00635	0.00198	0.00875	0.00551	0.00315	0.00959
27	0.01618	0.07668	0.08810	0.02480	0.26739	0.05921	0.10729	0.04182	0.01410	0.05051	0.01174	0.01514	0.00965	0.00810	0.03006	0.00229	0.15922	0.00559	0.00333	0.00881
28	0.61898	0.05708	0.07456	0.01048	0.01502	0.05558	0.03038	0.03860	0.01218	0.02638	0.00940	0.01097	0.00730	0.00594	0.00439	0.00192	0.00598	0.00376	0.00376	0.00734
29	0.01704	0.01467	0.02590	0.07011	0.42508	0.01449	0.16420	0.02161	0.04582	0.11622	0.01443	0.01719	0.01103	0.00604	0.00656	0.00197	0.00786	0.00620	0.00391	0.00967
30	0.01284	0.05384	0.72420	0.01788	0.02714	0.01502	0.02309	0.02006	0.01338	0.01995	0.01131	0.01330	0.00804	0.00601	0.00597	0.00199	0.00930	0.00465	0.00268	0.00934
31	0.00795	0.00592	0.00743	0.00828	0.00923	0.00539	0.00581	0.00951	0.01362	0.01793	0.15110	0.48683	0.19140	0.01791	0.00789	0.00240	0.00354	0.03644	0.00606	0.00535
32	0.01254	0.01185	0.02004	0.65264	0.14847	0.01424	0.01790	0.01670	0.01295	0.01689	0.01137	0.01673	0.00870	0.00624	0.00633	0.00208	0.00832	0.00564	0.00287	0.00750
33	0.00898	0.00648	0.00848	0.00798	0.00948	0.00599	0.00599	0.01197	0.01796	0.02544	0.73413	0.04739	0.05986	0.01297	0.00748	0.00200	0.00299	0.01147	0.00698	0.00599
34	0.01354	0.00945	0.00984	0.00917	0.01161	0.01042	0.00704	0.02334	0.33875	0.02502	0.04478	0.02438	0.01901	0.00812	0.00545	0.00180	0.00390	0.00666	0.41993	0.00780
35	0.00816	0.00585	0.00774	0.00854	0.00930	0.00544	0.00592	0.00991	0.01413	0.01935	0.27385	0.52502	0.04807	0.01752	0.00789	0.00238	0.00345	0.01579	0.00626	0.00544
36	0.00875	0.00635	0.00824	0.00803	0.00940	0.00585	0.00592	0.01143	0.01704	0.02385	0.61242	0.14413	0.08677	0.01402	0.00756	0.00208	0.00309	0.01243	0.00679	0.00585
37	0.01272	0.03281	0.74418	0.01808	0.02746	0.01473	0.02344	0.02009	0.01339	0.02009	0.01138	0.01339	0.00804	0.00603	0.00603	0.00201	0.00938	0.00469	0.00268	0.00938
38	0.01570	0.01507	0.02575	0.03894	0.73748	0.01507	0.01947	0.01947	0.01444	0.02073	0.01193	0.01570	0.01005	0.00565	0.00628	0.00188	0.00754	0.00565	0.00314	0.01005
39	0.02786	0.01177	0.01532	0.01175	0.01668	0.01077	0.00971	0.12660	0.01979	0.64389	0.02366	0.02070	0.01502	0.00782	0.00637	0.00195	0.00562	0.00629	0.00764	0.01080
40	0.02626	0.01368	0.01643	0.01267	0.01759	0.01369	0.01044	0.30443	0.04915	0.43527	0.02115	0.01913	0.01388	0.00779	0.00637	0.00195	0.00602	0.00614	0.00720	0.01077
41	0.01422	0.02686	0.51173	0.01774	0.02561	0.01479	0.09059	0.02298	0.13708	0.05531	0.01467	0.01594	0.01052	0.00649	0.00627	0.00204	0.00857	0.00548	0.00363	0.00947
42	0.00980	0.00715	0.00819	0.00777	0.00988	0.00649	0.00587	0.01301	0.06287	0.06298	0.29505	0.07439	0.38489	0.01412	0.00738	0.00209	0.00340	0.01204	0.00643	0.00620
43	0.82186	0.01227	0.00932	0.00834	0.01227	0.01423	0.00687	0.01865	0.01080	0.02846	0.00883	0.01031	0.00687	0.00589	0.00393	0.00196	0.00491	0.00344	0.00393	0.00687
44	0.72987	0.01210	0.00995	0.00868	0.01272	0.01366	0.00715	0.02007	0.01165	0.11118	0.01071	0.01161	0.00789	0.00612	0.00421	0.00196	0.00496	0.00378	0.00438	0.00733
45	0.01388	0.01388	0.01943	0.01666	0.01666	0.01943	0.01388	0.01527	0.00972	0.01527	0.00833	0.01388	0.00833	0.01110	0.02082	0.00278	0.76544	0.00555	0.00278	0.00694
46	0.00812	0.00697	0.00703	0.00692	0.00917	0.00614	0.00521	0.01096	0.06825	0.01785	0.06136	0.05823	0.68081	0.01550	0.00742	0.00214	0.00335	0.01292	0.00593	0.00571
47	0.00773	0.00552	0.00736	0.00883	0.00920	0.00515	0.00589	0.00883	0.01215	0.01619	0.03497	0.77291	0.04196	0.01987	0.00810	0.00258	0.00368	0.01803	0.00589	0.00515
48	0.02412	0.01777	0.01904	0.01460	0.01967	0.01967	0.01206	0.71633	0.02983	0.03998	0.01523	0.01523	0.01079	0.00762	0.00635	0.00190	0.00698	0.00571	0.00635	0.01079
49	0.82186	0.01227	0.00932	0.00834	0.01227	0.01423	0.00687	0.01865	0.01080	0.02846	0.00883	0.01031	0.00687	0.00589	0.00393	0.00196	0.00491	0.00344	0.00393	0.00687
50	0.02846	0.01080	0.01472	0.01129	0.01619	0.00932	0.00932	0.03092	0.01816	0.74187	0.02503	0.02159	0.01570	0.00785	0.00638	0.00196	0.00540	0.00638	0.00785	0.01080
51	0.01093	0.00609	0.00672	0.00656	0.00805	0.00594	0.00492	0.01390	0.01477	0.02422	0.24564	0.03114	0.03001	0.00915	0.00540	0.00164	0.00297	0.00767	0.55836	0.00594
52	0.00790	0.00626	0.00712	0.00738	0.00900	0.00548	0.00541	0.00970	0.01464	0.01858	0.18662	0.21358	0.43599	0.01633	0.00766	0.00223	0.00334	0.03123	0.00610	0.00545
53	0.01631	0.63351	0.11725	0.01294	0.01891	0.02318	0.06697	0.01923	0.01311	0.01595	0.00943	0.01109	0.00824	0.00549	0.00457	0.00149	0.00739	0.00386	0.00275	0.00832
54	0.01366	0.01170	0.01357	0.01001	0.01531	0.00963	0.00801	0.03479	0.07218	0.02149	0.01249	0.01409	0.01022	0.00526	0.00532	0.00111	0.02529	0.00414	0.00402	0.70771
55	0.01089	0.00912	0.01117	0.01274	0.11954	0.02812	0.00815	0.01467	0.07696	0.04010	0.25552	0.04446	0.31934	0.01244	0.00714	0.00204	0.00423	0.01067	0.00584	0.00685
56	0.02765	0.01210	0.01553	0.01191	0.01685	0.01126	0.00984	0.15914	0.02034	0.61057	0.02319	0.02040	0.01478	0.00781	0.00637	0.00195	0.00569	0.00625	0.00757	0.01079
57	0.00772	0.00555	0.00733	0.00876	0.00918	0.00516	0.00586	0.00884	0.01222	0.01622	0.03585	0.75133	0.06296	0.01976	0.00808	0.00256	0.00367	0.01789	0.00589	0.00516
58	0.02215	0.11057	0.02019	0.01648	0.03968	0.61384	0.03190	0.02403	0.01724	0.01597	0.02657	0.01241	0.00946	0.00651	0.00565	0.00163	0.01061	0.00432	0.00329	0.00752
59	0.01272	0.03281	0.74418	0.01808	0.02746	0.01473	0.02344	0.02009	0.01339	0.02009	0.01138	0.01339	0.00804	0.00603	0.00603	0.00201	0.00938	0.00469	0.00268	0.00938
60	0.00773	0.00552	0.00736	0.00883	0.00920	0.00515	0.00589	0.00883	0.01215	0.01619	0.03497	0.77291	0.04196	0.01987	0.00810	0.00258	0.00368	0.01803	0.00589	0.00515
61	0.00803	0.00634	0.00658	0.00658	0.00806	0.00560	0.00452	0.00914	0.01284	0.01564	0.05054	0.05500	0.51428	0.25192	0.01518	0.00338	0.00412	0.01210	0.00526	0.00489
62	0.01315	0.01128	0.01315	0.00940	0.01503	0.00846	0.00752	0.01597	0.01315	0.02067	0.01128	0.01315	0.00940	0.00470	0.00470	0.00094	0.00470	0.00376	0.00376	0.81583
63	0.01866	0.59186	0.02940	0.01224	0.01712	0.20803	0.01121	0.02059	0.01417	0.01508	0.00907	0.01049	0.00815	0.00571	0.00449	0.00143	0.00796	0.00357	0.00285	0.00794
64	0.01102	0.00551	0.00826	0.00826	0.00826	0.00551	0.00551	0.00826	0.00826	0.01102	0.01102	0.01928	0.01102	0.02204	0.02479	0.81543	0.00551	0.00551	0.00275	0.00275
65	0.01594	0.01658	0.06763	0.05534	0.56191	0.03871	0.09153	0.01999	0.01460	0.03903	0.01225	0.01576	0.00993	0.00575	0.00638	0.00192	0.00807	0.00576	0.00324	0.00970
66	0.01355	0.19600	0.56828	0.01622	0.02452	0.01677	0.02020	0.01963	0.01341	0.01911	0.03060	0.01362	0.00948	0.00609	0.00564	0.00187	0.00863	0.00459	0.00280	0.00901
67	0.01274	0.01180	0.02028	0.05101	0.37385	0.01167	0.09023	0.01583	0.01375	0.01904	0.02029	0.25155	0.02122	0.01067	0.00711	0.00219	0.00663	0.04794	0.00413	0.00805
68	0.69855	0.04270	0.07671	0.02831	0.01458	0.01468	0.00878	0.01873	0.01116	0.02690	0.00912	0.01075	0.00706	0.00590	0.00418	0.00195	0.00547	0.00360	0.00374	0.00715
69	0.02846	0.01080	0.01472	0.01129	0.01619	0.00932	0.00932	0.03092	0.01816	0.74187	0.02503	0.02159	0.01570	0.00785	0.00638	0.00196	0.00540	0.00638	0.00785	0.01080
70	0.01315	0.01128	0.01315	0.00940	0.01503	0.00846	0.00752	0.01597	0.01315	0.02067	0.01128	0.01315	0.00940	0.00470	0.00470	0.00094	0.00470	0.00376	0.00376	0.81583
71	0.00785	0.00561	0.00749	0.00890	0.00934	0.00525	0.00604	0.00908	0.01242	0.01659	0.05776	0.72577	0.04236	0.01957	0.00810	0.00257	0.00373	0.04044	0.00592	0.00520
72	0.02122	0.02562	0.01838	0.01781	0.07544	0.54135	0.01277	0.02464	0.08813	0.01702	0.01143	0.01327	0.00946	0.00716	0.00745	0.00183	0.09102	0.00468	0.00353	0.00779
73	0.01578	0.01363	0.01434	0.01291	0.01650	0.01578	0.01004	0.03371	0.72602	0.02654	0.02582	0.02367	0.01937	0.00861	0.00646	0.00215	0.00502	0.00717	0.00646	0.01004
74	0.01314	0.01198	0.03704	0.00968	0.01544	0.00866	0.00804	0.01611	0.01316	0.02065	0.01128	0.01316	0.00935	0.00474	0.00474	0.00097	0.00485	0.00379	0.00372	0.78949
75	0.00898	0.00648	0.00848	0.00798	0.00948	0.00599	0.00599	0.01197	0.01796	0.02544	0.73413	0.04739	0.05986	0.01297	0.00748	0.00200	0.00299	0.01147	0.00698	0.00599
76	0.03785	0.01381	0.01712	0.01773	0.14250	0.01528	0.04203	0.06549	0.47436	0.02596	0.06187	0.02252	0.01881	0.00807	0.00645	0.00208	0.00569	0.00698	0.00569	0.00970
77	0.01598	0.01808	0.16511	0.02392	0.28081	0.01533	0.03216	0.11298	0.09615	0.04369	0.03265	0.04369	0.01317	0.00751	0.00757	0.00205	0.06926	0.00627	0.00414	0.00947
78	0.01696	0.78087	0.03324	0.01085	0.01628	0.02510	0.01085	0.01900	0.01289	0.01493	0.00882	0.01018	0.00814	0.00543	0.00407	0.00136	0.00678	0.00339	0.00271	0.00814
79	0.01491	0.01392	0.02230	0.11669	0.50366	0.01456	0.01706	0.04054	0.07100	0.02109	0.03850	0.01940	0.04362	0.00686	0.00679	0.00197	0.02783	0.00629	0.00370	0.00930
80	0.00925	0.00618	0.00701	0.00705	0.00709	0.00618	0.00402	0.00934	0.00938	0.01249	0.02037	0.04236	0.02344	0.75563	0.03163	0.00606	0.00614	0.02856	0.00390	0.00390
81	0.28569	0.01422	0.01442	0.01156	0.01606	0.03551	0.00949	0.27423	0.01996	0.21216	0.03737	0.01610	0.01217	0.00724	0.00558	0.00193	0.00591	0.00527	0.00587	0.00927
82	0.00871	0.00619	0.00768	0.00799	0.00852	0.00625	0.00526	0.00959	0.01056	0.01412	0.02681	0.19247	0.09534	0.38447	0.18244	0.00590	0.00772	0.01094	0.00437	0.00466
83	0.00773	0.00552	0.00736	0.00883	0.00920	0.00515	0.00589	0.00883	0.01215	0.01619	0.03497	0.77291	0.04196	0.01987	0.00810	0.00258	0.00368	0.01803	0.00589	0.00515
84	0.01578	0.01363	0.01434	0.01291	0.01650	0.01578	0.01004	0.03371	0.72602	0.02654	0.02582	0.02367	0.01937	0.00861	0.00646	0.00215	0.00502	0.00717	0.00646	0.01004
85	0.03626	0.04868	0.47030	0.01948	0.11910	0.01438	0.03799	0.02137	0.03350	0.09826	0.01321	0.01478	0.00949	0.00617	0.00600	0.00194	0.00829	0.00504	0.00348	0.03226
86	0.04248	0.01568	0.02003	0.02335	0.29600	0.03649	0.01420	0.21896	0.19372	0.04950	0.01652	0.01743	0.01257	0.00703	0.00626	0.00195	0.00673	0.00596	0.00502	0.01011
87	0.54441	0.01316	0.01227	0.02936	0.03111	0.01481	0.00874	0.16117	0.01538	0.07325	0.01212	0.01444	0.00936	0.00678	0.00485	0.00199	0.00554	0.02863	0.00468	0.00795
88	0.01246	0.01159	0.01923	0.71756	0.06356	0.01429	0.01750	0.03765	0.01326	0.01707	0.01142	0.01683	0.00858	0.00636	0.00634	0.00210	0.00838	0.00564	0.00294	0.00725
89	0.00786	0.00625	0.00670	0.00689	0.00841	0.00548	0.00484	0.00917	0.01336	0.01644	0.07170	0.15818	0.49961	0.14281	0.01170	0.00286	0.00376	0.01330	0.00558	0.00509
90	0.01722	0.01461	0.01527	0.01154	0.01678	0.06429	0.00928	0.22389	0.04362	0.02621	0.01285	0.01402	0.01007	0.00583	0.00532	0.00132	0.00586	0.00448	0.00458	0.49297
91	0.00777	0.00630	0.00683	0.00697	0.00873	0.00543	0.00509	0.00944	0.01446	0.01795	0.14562	0.15475	0.53510	0.03669	0.00824	0.00229	0.00333	0.01366	0.00598	0.00537
92	0.01315	0.01128	0.01315	0.00940	0.01503	0.00846	0.00752	0.01597	0.01315	0.02067	0.01128	0.01315	0.00940	0.00470	0.00470	0.00094	0.00470	0.00376	0.00376	0.81583
93	0.00801	0.00645	0.00714	0.00697	0.00888	0.00557	0.00522	0.01010	0.01567	0.02002	0.29700	0.05630	0.50037	0.01499	0.00749	0.00209	0.00314	0.01272	0.00627	0.00557
94	0.00887	0.00615	0.00726	0.00757	0.00794	0.00591	0.00462	0.00934	0.01038	0.01390	0.02536	0.26151	0.04706	0.50141	0.02337	0.00478	0.00528	0.01180	0.00451	0.03299
95	0.01522	0.01337	0.02002	0.04395	0.34809	0.01224	0.03346	0.03991	0.01448	0.04667	0.01223	0.01490	0.00994	0.00540	0.00566	0.00150	0.00637	0.00494	0.00366	0.34801
96	0.73851	0.01285	0.01015	0.00968	0.03802	0.04145	0.00742	0.01863	0.01114	0.02721	0.00932	0.01150	0.00753	0.02977	0.00495	0.00208	0.00528	0.00372	0.00387	0.00691
97	0.01025	0.00673	0.00923	0.01008	0.01097	0.00677	0.00785	0.01184	0.04821	0.01632	0.02644	0.18329	0.02879	0.03995	0.01389	0.24165	0.00531	0.31254	0.00492	0.00496
98	0.01315	0.01128	0.01315	0.00940	0.01503	0.00846	0.00752	0.01597	0.01315	0.02067	0.01128	0.01315	0.00940	0.00470	0.00470	0.00094	0.00470	0.00376	0.00376	0.81583
99	0.01146	0.00963	0.01104	0.01206	0.01355	0.08113	0.01016	0.01404	0.01455	0.01827	0.03051	0.12603	0.03324	0.01643	0.00881	0.00276	0.03174	0.54313	0.00549	0.00597
100	0.01381	0.33324	0.02128	0.01147	0.01473	0.08041	0.02917	0.01601	0.01214	0.01504	0.01283	0.01735	0.01178	0.02516	0.35281	0.00552	0.01206	0.00515	0.00310	0.00693
101	0.02370	0.03023	0.01798	0.01634	0.01961	0.75158	0.01226	0.02533	0.01798	0.01553	0.00981	0.01144	0.00817	0.00654	0.00572	0.00163	0.01144	0.00409	0.00327	0.00735
102	0.01388	0.01384	0.01961	0.03944	0.03874	0.01914	0.01416	0.01542	0.00994	0.01546	0.00852	0.01402	0.00838	0.01080	0.01996	0.00273	0.72059	0.00556	0.00279	0.00703
103	0.82186	0.01227	0.00932	0.00834	0.01227	0.01423	0.00687	0.01865	0.01080	0.02846	0.00883	0.01031	0.00687	0.00589	0.00393	0.00196	0.00491	0.00344	0.00393	0.00687
104	0.02370	0.03023	0.01798	0.01634	0.01961	0.75158	0.01226	0.02533	0.01798	0.01553	0.00981	0.01144	0.00817	0.00654	0.00572	0.00163	0.01144	0.00409	0.00327	0.00735
105	0.00906	0.00680	0.01020	0.01020	0.01133	0.00793	0.00793	0.01133	0.01020	0.01473	0.01699	0.02492	0.01586	0.04758	0.75191	0.01020	0.01699	0.00680	0.00340	0.00566
106	0.00843	0.00646	0.00772	0.00741	0.00914	0.00575	0.00556	0.01092	0.01667	0.02238	0.48730	0.05242	0.30860	0.01411	0.00749	0.00205	0.00307	0.01218	0.00658	0.00575
107	0.00898	0.00648	0.00848	0.00798	0.00948	0.00599	0.00599	0.01197	0.01796	0.02544	0.73413	0.04739	0.05986	0.01297	0.00748	0.00200	0.00299	0.01147	0.00698	0.00599
108	0.01198	0.01128	0.01903	0.76180	0.04369	0.01409	0.01762	0.01621	0.01268	0.01621	0.01128	0.01691	0.00846	0.00634	0.00634	0.00211	0.00846	0.00564	0.00282	0.00705
109	0.00773	0.00552	0.00736	0.00883	0.00920	0.00515	0.00589	0.00883	0.01215	0.01619	0.03497	0.77291	0.04196	0.01987	0.00810	0.00258	0.00368	0.01803	0.00589	0.00515
110	0.82186	0.01227	0.00932	0.00834	0.01227	0.01423	0.00687	0.01865	0.01080	0.02846	0.00883	0.01031	0.00687	0.00589	0.00393	0.00196	0.00491	0.00344	0.00393	0.00687
111	0.01388	0.01388	0.01943	0.01666	0.01666	0.01943	0.01388	0.01527	0.00972	0.01527	0.00833	0.01388	0.00833	0.01110	0.02082	0.00278	0.76544	0.00555	0.00278	0.00694
112	0.00837	0.00602	0.00794	0.00839	0.00934	0.00558	0.00594	0.01046	0.01515	0.02097	0.39633	0.39792	0.05121	0.01631	0.00778	0.00228	0.00333	0.01464	0.00645	0.00558
113	0.00898	0.00648	0.00848	0.00798	0.00948	0.00599	0.00599	0.01197	0.01796	0.02544	0.73413	0.04739	0.05986	0.01297	0.00748	0.00200	0.00299	0.01147	0.00698	0.00599
114	0.01854	0.01368	0.02116	0.18897	0.26654	0.01427	0.05470	0.10430	0.05529	0.17520	0.01576	0.01768	0.01146	0.00665	0.00640	0.00198	0.00726	0.00600	0.00463	0.00954
115	0.01102	0.00551	0.00826	0.00826	0.00826	0.00551	0.00551	0.00826	0.00826	0.01102	0.01102	0.01928	0.01102	0.02204	0.02479	0.81543	0.00551	0.00551	0.00275	0.00275
116	0.00781	0.00558	0.00746	0.00893	0.00933	0.00523	0.00603	0.00898	0.01223	0.01629	0.03492	0.74933	0.04177	0.01980	0.00812	0.00259	0.00375	0.04079	0.00589	0.00518
117	0.76887	0.01263	0.00997	0.00876	0.01276	0.01459	0.00721	0.06500	0.01206	0.02923	0.00926	0.01063	0.00713	0.00600	0.00409	0.00196	0.00505	0.00359	0.00409	0.00713
118	0.01317	0.08989	0.60745	0.01766	0.02617	0.01545	0.06256	0.02017	0.03492	0.01980	0.01223	0.03078	0.00924	0.00633	0.00602	0.00198	0.00899	0.00513	0.00290	0.00915
119	0.01497	0.01711	0.03743	0.02674	0.03316	0.01604	0.71444	0.02032	0.01497	0.02032	0.01283	0.01711	0.00963	0.00535	0.00749	0.00214	0.01070	0.00749	0.00321	0.00856
120	0.02846	0.01080	0.01472	0.01129	0.01619	0.00932	0.00932	0.03092	0.01816	0.74187	0.02503	0.02159	0.01570	0.00785	0.00638	0.00196	0.00540	0.00638	0.00785	0.01080
121	0.01272	0.03281	0.74418	0.01808	0.02746	0.01473	0.02344	0.02009	0.01339	0.02009	0.01138	0.01339	0.00804	0.00603	0.00603	0.00201	0.00938	0.00469	0.00268	0.00938
122	0.05489	0.01268	0.06155	0.01229	0.01750	0.01040	0.03645	0.05008	0.01783	0.62306	0.02284	0.02032	0.01453	0.00757	0.00631	0.00197	0.00588	0.00619	0.00717	0.01048
123	0.01570	0.00758	0.01024	0.00984	0.01197	0.00680	0.00731	0.01736	0.01450	0.29285	0.03114	0.46839	0.03181	0.01523	0.00746	0.00235	0.00439	0.03112	0.00664	0.00732
124	0.82186	0.01227	0.00932	0.00834	0.01227	0.01423	0.00687	0.01865	0.01080	0.02846	0.00883	0.01031	0.00687	0.00589	0.00393	0.00196	0.00491	0.00344	0.00393	0.00687
125	0.01150	0.00705	0.00922	0.00835	0.01033	0.00640	0.00638	0.01436	0.01783	0.12002	0.61110	0.04456	0.08329	0.01243	0.00734	0.00200	0.00332	0.01088	0.00705	0.00660
126	0.01285	0.05477	0.72332	0.01787	0.02713	0.01504	0.02307	0.02006	0.01338	0.01994	0.01131	0.01330	0.00804	0.00601	0.00597	0.00199	0.00930	0.00465	0.00268	0.00934
127	0.00800	0.00629	0.00727	0.00764	0.00921	0.00556	0.00567	0.00981	0.01450	0.01841	0.16429	0.22639	0.41004	0.01656	0.00773	0.00228	0.00348	0.06537	0.00606	0.00545
128	0.00933	0.00661	0.00984	0.00984	0.01079	0.00755	0.00748	0.01086	0.00991	0.01416	0.01629	0.02468	0.01544	0.06643	0.63361	0.11679	0.01514	0.00670	0.00333	0.00522
129	0.01444	0.01180	0.01368	0.00987	0.01545	0.00941	0.00794	0.07442	0.01466	0.04023	0.01195	0.01354	0.00967	0.00502	0.00488	0.00105	0.00490	0.00399	0.00408	0.72903
130	0.79365	0.01246	0.00967	0.00856	0.01253	0.01442	0.00705	0.04332	0.01147	0.02887	0.00906	0.01048	0.00701	0.00595	0.00401	0.00196	0.00498	0.00352	0.00401	0.00701
131	0.01031	0.00718	0.00924	0.00910	0.01062	0.00798	0.00703	0.01417	0.07772	0.01830	0.02161	0.02664	0.05931	0.03159	0.44311	0.00669	0.01139	0.00700	0.21491	0.00612
132	0.13076	0.01099	0.01403	0.01091	0.01569	0.00996	0.00901	0.02933	0.01721	0.64989	0.02294	0.02014	0.01456	0.00760	0.00606	0.00196	0.00533	0.00600	0.00735	0.01029
133	0.15192	0.01103	0.01388	0.01083	0.01558	0.01009	0.00894	0.02901	0.01701	0.63086	0.02251	0.01984	0.01433	0.00755	0.00600	0.00196	0.00532	0.00592	0.00724	0.01019
134	0.02597	0.01480	0.01720	0.01319	0.01819	0.01526	0.01089	0.42423	0.02485	0.33910	0.01941	0.01794	0.01288	0.00772	0.00636	0.00193	0.00631	0.00600	0.00699	0.01079
135	0.01298	0.07815	0.70110	0.01764	0.02678	0.01536	0.02268	0.02002	0.01336	0.01978	0.01123	0.01320	0.00804	0.00599	0.00591	0.00197	0.00922	0.00461	0.00268	0.00930
136	0.00828	0.00637	0.00757	0.00746	0.00910	0.00566	0.00552	0.01055	0.01603	0.02131	0.40561	0.12458	0.31933	0.01485	0.00755	0.00211	0.00315	0.01286	0.00645	0.00566
137	0.00772	0.00555	0.00733	0.00875	0.00918	0.00516	0.00585	0.00884	0.01222	0.01623	0.03593	0.74956	0.06469	0.01975	0.00808	0.00256	0.00367	0.01788	0.00589	0.00516
138	0.00909	0.00667	0.00957	0.00957	0.01048	0.00759	0.00715	0.01093	0.01001	0.01426	0.01757	0.02810	0.01724	0.18733	0.61405	0.00942	0.01492	0.00726	0.00348	0.00532
139	0.01499	0.04885	0.01979	0.11512	0.02059	0.11076	0.01404	0.01682	0.01128	0.01541	0.00892	0.01381	0.00832	0.00965	0.01628	0.00248	0.53769	0.00529	0.00284	0.00706
140	0.04860	0.12409	0.48092	0.01687	0.06722	0.01524	0.01877	0.01931	0.01325	0.01991	0.01096	0.01296	0.00830	0.00575	0.00553	0.00178	0.00812	0.00440	0.00291	0.11512
141	0.01725	0.74831	0.03258	0.01109	0.01643	0.05661	0.01092	0.01927	0.01311	0.01495	0.00886	0.01023	0.00814	0.00548	0.00414	0.00137	0.00699	0.00342	0.00274	0.00811
142	0.82186	0.01227	0.00932	0.00834	0.01227	0.01423	0.00687	0.01865	0.01080	0.02846	0.00883	0.01031	0.00687	0.00589	0.00393	0.00196	0.00491	0.00344	0.00393	0.00687
143	0.02430	0.01747	0.01885	0.01445	0.01952	0.01922	0.01194	0.68660	0.02932	0.07042	0.01566	0.01551	0.01100	0.00763	0.00635	0.00191	0.00691	0.00574	0.00641	0.01079
144	0.00885	0.00639	0.00837	0.00807	0.00945	0.00590	0.00598	0.01166	0.01738	0.02452	0.66484	0.11929	0.05808	0.01365	0.00754	0.00205	0.00306	0.01212	0.00687	0.00590
145	0.01558	0.01495	0.02553	0.06310	0.71429	0.01504	0.01941	0.01936	0.01439	0.02057	0.01191	0.01574	0.01000	0.00568	0.00628	0.00189	0.00757	0.00565	0.00313	0.00995
146	0.82186	0.01227	0.00932	0.00834	0.01227	0.01423	0.00687	0.01865	0.01080	0.02846	0.00883	0.01031	0.00687	0.00589	0.00393	0.00196	0.00491	0.00344	0.00393	0.00687
147	0.00822	0.00645	0.00742	0.00718	0.00901	0.00566	0.00539	0.01050	0.01616	0.02117	0.38981	0.05441	0.40684	0.01456	0.00749	0.00207	0.00311	0.01246	0.00642	0.00566
148	0.02846	0.01080	0.01472	0.01129	0.01619	0.00932	0.00932	0.03092	0.01816	0.74187	0.02503	0.02159	0.01570	0.00785	0.00638	0.00196	0.00540	0.00638	0.00785	0.01080
149	0.01578	0.01363	0.01434	0.01291	0.01650	0.01578	0.01004	0.03371	0.72602	0.02654	0.02582	0.02367	0.01937	0.00861	0.00646	0.00215	0.00502	0.00717	0.00646	0.01004
150	0.20044	0.02529	0.01747	0.01532	0.01896	0.53435	0.06202	0.02348	0.01616	0.01875	0.00981	0.01160	0.00799	0.00631	0.00545	0.00174	0.00993	0.00419	0.00341	0.00733
151	0.01696	0.78087	0.03324	0.01085	0.01628	0.02510	0.01085	0.01900	0.01289	0.01493	0.00882	0.01018	0.00814	0.00543	0.00407	0.00136	0.00678	0.00339	0.00271	0.00814
152	0.01005	0.00821	0.00917	0.00859	0.01021	0.06009	0.00644	0.01294	0.01796	0.02472	0.68157	0.04478	0.05611	0.01250	0.00735	0.00197	0.00361	0.01094	0.00671	0.00609
153	0.82186	0.01227	0.00932	0.00834	0.01227	0.01423	0.00687	0.01865	0.01080	0.02846	0.00883	0.01031	0.00687	0.00589	0.00393	0.00196	0.00491	0.00344	0.00393	0.00687
154	0.00750	0.00643	0.00643	0.00643	0.00857	0.00536	0.00482	0.00910	0.01446	0.01714	0.06427	0.06105	0.73490	0.01607	0.00750	0.00214	0.00321	0.01339	0.00589	0.00536
155	0.07616	0.01144	0.01447	0.01127	0.01605	0.02848	0.00927	0.03010	0.03426	0.66357	0.02368	0.02070	0.01506	0.00772	0.00622	0.00196	0.00551	0.00616	0.00747	0.01045
156	0.01570	0.01507	0.02575	0.03894	0.73748	0.01507	0.01947	0.01947	0.01444	0.02073	0.01193	0.01570	0.01005	0.00565	0.00628	0.00188	0.00754	0.00565	0.00314	0.01005
157	0.01771	0.69868	0.03164	0.01136	0.01665	0.06676	0.01100	0.05487	0.01405	0.01624	0.00920	0.01051	0.00828	0.00560	0.00428	0.00140	0.00706	0.00355	0.00293	0.00823
158	0.82186	0.01227	0.00932	0.00834	0.01227	0.01423	0.00687	0.01865	0.01080	0.02846	0.00883	0.01031	0.00687	0.00589	0.00393	0.00196	0.00491	0.00344	0.00393	0.00687
159	0.02485	0.01659	0.01831	0.01404	0.01908	0.01792	0.01159	0.60029	0.02785	0.15880	0.01689	0.01631	0.01162	0.00766	0.00635	0.00191	0.00671	0.00582	0.00660	0.01079
160	0.01359	0.01126	0.01320	0.00945	0.01507	0.00848	0.00757	0.01640	0.01330	0.04105	0.01166	0.01339	0.00957	0.00479	0.00475	0.00097	0.00472	0.00383	0.00387	0.79308
161	0.01570	0.01507	0.02575	0.03894	0.73748	0.01507	0.01947	0.01947	0.01444	0.02073	0.01193	0.01570	0.01005	0.00565	0.00628	0.00188	0.00754	0.00565	0.00314	0.01005
162	0.03870	0.50274	0.23226	0.01295	0.01942	0.02124	0.01429	0.04012	0.01363	0.03943	0.01022	0.01158	0.00838	0.00575	0.00476	0.00159	0.00743	0.00392	0.00300	0.00861
163	0.01694	0.01641	0.01500	0.01354	0.01682	0.18989	0.03168	0.02736	0.38416	0.04658	0.06209	0.02746	0.03822	0.00930	0.00662	0.00209	0.00667	0.07495	0.00559	0.00862
164	0.00923	0.00615	0.00692	0.00692	0.00692	0.00615	0.00384	0.00923	0.00923	0.01230	0.01999	0.04151	0.02306	0.77705	0.03229	0.00615	0.00615	0.00923	0.00384	0.00384
165	0.01688	0.02645	0.52982	0.01615	0.02416	0.01338	0.01932	0.02338	0.04113	0.20556	0.01542	0.01588	0.01043	0.00659	0.00613	0.00200	0.00819	0.00521	0.00415	0.00976
166	0.01198	0.01128	0.01903	0.76180	0.04369	0.01409	0.01762	0.01621	0.01268	0.01621	0.01128	0.01691	0.00846	0.00634	0.00634	0.00211	0.00846	0.00564	0.00282	0.00705
167	0.82186	0.01227	0.00932	0.00834	0.01227	0.01423	0.00687	0.01865	0.01080	0.02846	0.00883	0.01031	0.00687	0.00589	0.00393	0.00196	0.00491	0.00344	0.00393	0.00687
168	0.01022	0.00730	0.01022	0.01168	0.01314	0.00730	0.01022	0.01314	0.01460	0.01899	0.03359	0.07156	0.03651	0.01752	0.00876	0.00292	0.00584	0.69478	0.00584	0.00584
169	0.01272	0.03281	0.74418	0.01808	0.02746	0.01473	0.02344	0.02009	0.01339	0.02009	0.01138	0.01339	0.00804	0.00603	0.00603	0.00201	0.00938	0.00469	0.00268	0.00938
170	0.00793	0.00560	0.00730	0.00858	0.00890	0.00528	0.00562	0.00889	0.01176	0.01568	0.03298	0.67598	0.03945	0.12022	0.01130	0.00305	0.00401	0.01687	0.00562	0.00498
171	0.01388	0.01388	0.01943	0.01666	0.01666	0.01943	0.01388	0.01527	0.00972	0.01527	0.00833	0.01388	0.00833	0.01110	0.02082	0.00278	0.76544	0.00555	0.00278	0.00694
172	0.02776	0.01193	0.01542	0.01183	0.01676	0.01101	0.00977	0.14243	0.02006	0.62768	0.02343	0.02056	0.01490	0.00781	0.00637	0.00195	0.00566	0.00627	0.00761	0.01079
173	0.01543	0.01480	0.02526	0.09140	0.68713	0.01500	0.01933	0.01923	0.01432	0.02040	0.01189	0.01579	0.00993	0.00570	0.00628	0.00190	0.00760	0.00565	0.00312	0.00983
174	0.01183	0.00775	0.00812	0.00775	0.00978	0.00803	0.00589	0.01792	0.17165	0.02362	0.10306	0.03112	0.11680	0.00940	0.00561	0.00177	0.00345	0.00777	0.44193	0.00676
175	0.01578	0.01363	0.01434	0.01291	0.01650	0.01578	0.01004	0.03371	0.72602	0.02654	0.02582	0.02367	0.01937	0.00861	0.00646	0.00215	0.00502	0.00717	0.00646	0.01004
176	0.00756	0.00643	0.00652	0.00649	0.00861	0.00538	0.00487	0.00923	0.01461	0.01750	0.09332	0.06046	0.70562	0.01593	0.00750	0.00214	0.00320	0.01331	0.00594	0.00538
177	0.00923	0.00615	0.00692	0.00692	0.00692	0.00615	0.00384	0.00923	0.00923	0.01230	0.01999	0.04151	0.02306	0.77705	0.03229	0.00615	0.00615	0.00923	0.00384	0.00384
178	0.02792	0.01107	0.01482	0.01143	0.01630	0.00981	0.00942	0.04909	0.04212	0.69944	0.02480	0.02149	0.01570	0.00787	0.00638	0.00197	0.00543	0.00639	0.00777	0.01077
179	0.01272	0.03281	0.74418	0.01808	0.02746	0.01473	0.02344	0.02009	0.01339	0.02009	0.01138	0.01339	0.00804	0.00603	0.00603	0.00201	0.00938	0.00469	0.00268	0.00938
180	0.82186	0.01227	0.00932	0.00834	0.01227	0.01423	0.00687	0.01865	0.01080	0.02846	0.00883	0.01031	0.00687	0.00589	0.00393	0.00196	0.00491	0.00344	0.00393	0.00687
181	0.01183	0.00591	0.00591	0.00591	0.00739	0.00591	0.00443	0.01478	0.01330	0.02365	0.02069	0.02365	0.01626	0.00739	0.00443	0.00148	0.00296	0.00591	0.81227	0.00591
182	0.01332	0.01311	0.01931	0.23561	0.02460	0.01786	0.01498	0.01554	0.01059	0.01554	0.00919	0.01477	0.00837	0.00970	0.01657	0.00258	0.54301	0.00558	0.00279	0.00697
183	0.82186	0.01227	0.00932	0.00834	0.01227	0.01423	0.00687	0.01865	0.01080	0.02846	0.00883	0.01031	0.00687	0.00589	0.00393	0.00196	0.00491	0.00344	0.00393	0.00687
184	0.01388	0.01388	0.01943	0.01666	0.01666	0.01943	0.01388	0.01527	0.00972	0.01527	0.00833	0.01388	0.00833	0.01110	0.02082	0.00278	0.76544	0.00555	0.00278	0.00694
185	0.00773	0.00552	0.00736	0.00883	0.00920	0.00515	0.00589	0.00883	0.01215	0.01619	0.03497	0.77291	0.04196	0.01987	0.00810	0.00258	0.00368	0.01803	0.00589	0.00515
186	0.01892	0.01449	0.01559	0.01322	0.01730	0.01629	0.01051	0.21088	0.49055	0.08516	0.02301	0.02132	0.01685	0.00829	0.00642	0.00207	0.00556	0.00673	0.00653	0.01029
187	0.01570	0.01507	0.02575	0.03894	0.73748	0.01507	0.01947	0.01947	0.01444	0.02073	0.01193	0.01570	0.01005	0.00565	0.00628	0.00188	0.00754	0.00565	0.00314	0.01005
188	0.07520	0.01515	0.03088	0.02290	0.02832	0.01448	0.54637	0.01903	0.01460	0.02072	0.01591	0.02546	0.01379	0.00737	0.00742	0.00225	0.00947	0.11900	0.00369	0.00799
189	0.00799	0.00613	0.00732	0.00768	0.00904	0.00546	0.00551	0.00981	0.01465	0.01914	0.24169	0.29974	0.30998	0.01650	0.00770	0.00225	0.00331	0.01444	0.00620	0.00546
190	0.01580	0.01194	0.01293	0.01147	0.01447	0.03430	0.00923	0.25760	0.07642	0.04601	0.02967	0.03994	0.14793	0.09406	0.00988	0.00265	0.00589	0.16622	0.00584	0.00777
191	0.01807	0.01819	0.02471	0.07294	0.36684	0.16961	0.12787	0.04409	0.01589	0.06263	0.01247	0.01544	0.00985	0.00603	0.00637	0.00189	0.00877	0.00566	0.00354	0.00913
192	0.01557	0.01547	0.02619	0.09793	0.57947	0.03926	0.09394	0.01948	0.01447	0.02013	0.01190	0.01582	0.00981	0.00571	0.00640	0.00192	0.00808	0.00580	0.00312	0.00955
193	0.00891	0.00609	0.00735	0.00764	0.00783	0.00613	0.00468	0.00936	0.00991	0.01334	0.02269	0.18700	0.02612	0.54916	0.10190	0.00585	0.00678	0.01075	0.00421	0.00430
194	0.19046	0.04674	0.01778	0.01760	0.11808	0.42952	0.01212	0.04215	0.01592	0.01965	0.00998	0.01193	0.00824	0.00640	0.00581	0.00177	0.03044	0.00423	0.00345	0.00774
195	0.00773	0.00552	0.00736	0.00883	0.00920	0.00515	0.00589	0.00883	0.01215	0.01619	0.03497	0.77291	0.04196	0.01987	0.00810	0.00258	0.00368	0.01803	0.00589	0.00515
196	0.04525	0.01631	0.01862	0.51815	0.05967	0.20339	0.01590	0.01875	0.01403	0.01664	0.01083	0.01522	0.00838	0.00635	0.00609	0.00198	0.00906	0.00516	0.00299	0.00722
197	0.01707	0.04351	0.34470	0.01850	0.12436	0.01415	0.01727	0.08437	0.05850	0.15081	0.05331	0.01767	0.01336	0.00694	0.00620	0.00196	0.00752	0.00569	0.00445	0.00968
198	0.14845	0.17387	0.06424	0.04610	0.16117	0.18748	0.01341	0.02061	0.01401	0.04449	0.01045	0.01270	0.00861	0.00638	0.00639	0.00182	0.06391	0.00443	0.00331	0.00817
199	0.01961	0.01329	0.01347	0.01102	0.01456	0.05677	0.00885	0.34458	0.02169	0.08865	0.01785	0.01883	0.01318	0.00748	0.00556	0.00173	0.00554	0.00575	0.32292	0.00867
200	0.01316	0.08660	0.65297	0.01803	0.02696	0.01556	0.06091	0.02002	0.01344	0.01973	0.01128	0.01337	0.00813	0.00595	0.00597	0.00197	0.00926	0.00475	0.00271	0.00924
201	0.01334	0.01150	0.01342	0.00983	0.01517	0.00923	0.00786	0.01703	0.05629	0.02086	0.01207	0.01381	0.00997	0.00513	0.00529	0.00107	0.02778	0.00402	0.00389	0.74244
202	0.04500	0.01693	0.03639	0.02605	0.03238	0.01598	0.68811	0.02026	0.01482	0.02062	0.01269	0.01686	0.00952	0.00537	0.00735	0.00213	0.01048	0.00734	0.00324	0.00849
203	0.01871	0.01485	0.01582	0.01339	0.01748	0.01683	0.01065	0.24675	0.49015	0.04944	0.02249	0.02098	0.01659	0.00828	0.00642	0.00207	0.00564	0.00670	0.00646	0.01029
204	0.00906	0.00680	0.01020	0.01020	0.01133	0.00793	0.00793	0.01133	0.01020	0.01473	0.01699	0.02492	0.01586	0.04758	0.75191	0.01020	0.01699	0.00680	0.00340	0.00566
205	0.80201	0.01223	0.00946	0.00842	0.01237	0.01411	0.00693	0.01895	0.01098	0.04631	0.00924	0.01059	0.00709	0.00594	0.00399	0.00196	0.00492	0.00351	0.00402	0.00697
206	0.00753	0.00631	0.00655	0.00674	0.00865	0.00533	0.00496	0.00907	0.01416	0.01701	0.06044	0.15407	0.64436	0.01656	0.00758	0.00220	0.00327	0.01400	0.00589	0.00533
207	0.82186	0.01227	0.00932	0.00834	0.01227	0.01423	0.00687	0.01865	0.01080	0.02846	0.00883	0.01031	0.00687	0.00589	0.00393	0.00196	0.00491	0.00344	0.00393	0.00687
208	0.00779	0.00571	0.00732	0.00845	0.00914	0.00524	0.00575	0.00911	0.01289	0.01702	0.09172	0.62323	0.13563	0.01885	0.00797	0.00247	0.00357	0.01692	0.00597	0.00524
209	0.01570	0.01507	0.02575	0.03894	0.73748	0.01507	0.01947	0.01947	0.01444	0.02073	0.01193	0.01570	0.01005	0.00565	0.00628	0.00188	0.00754	0.00565	0.00314	0.01005
210	0.01272	0.03281	0.74418	0.01808	0.02746	0.01473	0.02344	0.02009	0.01339	0.02009	0.01138	0.01339	0.00804	0.00603	0.00603	0.00201	0.00938	0.00469	0.00268	0.00938

[dist]
# distance from previous block
# <min> <max>
0	7

[block]
# block no. 1 follows, 35 sequences, length 37
# corresponding to MSA columns:
# 527-548,560-574
name=unknown_B
#
# <colnr> <probs for GDERKNQSTAVLIFYWHMCP>
#	G	D	E	R	K	N	Q	S	T	A	V	L	I	F	Y	W	H	M	C	P
0	0.00807	0.00627	0.00734	0.00745	0.00902	0.00554	0.00545	0.01008	0.01526	0.01992	0.29831	0.19565	0.35748	0.01570	0.00761	0.00217	0.00323	0.01361	0.00628	0.00554
1	0.01102	0.00551	0.00826	0.00826	0.00826	0.00551	0.00551	0.00826	0.00826	0.01102	0.01102	0.01928	0.01102	0.02204	0.02479	0.81543	0.00551	0.00551	0.00275	0.00275
2	0.01272	0.03281	0.74418	0.01808	0.02746	0.01473	0.02344	0.02009	0.01339	0.02009	0.01138	0.01339	0.00804	0.00603	0.00603	0.00201	0.00938	0.00469	0.00268	0.00938
3	0.00785	0.00644	0.00691	0.00679	0.00878	0.00550	0.00509	0.00978	0.01528	0.01909	0.22184	0.05784	0.57611	0.01534	0.00749	0.00211	0.00316	0.01294	0.00615	0.00550
4	0.01707	0.29607	0.13085	0.02001	0.19283	0.03585	0.06659	0.02097	0.03110	0.09037	0.01235	0.01406	0.00975	0.00588	0.00548	0.00171	0.00750	0.00484	0.00349	0.03323
5	0.01487	0.01164	0.01414	0.01129	0.05387	0.00923	0.00844	0.03945	0.01415	0.07940	0.01254	0.01404	0.00998	0.00510	0.00497	0.00110	0.00498	0.00413	0.00414	0.68252
6	0.04039	0.02328	0.35863	0.01956	0.13904	0.01516	0.01806	0.15547	0.04343	0.10540	0.01420	0.01533	0.01014	0.00657	0.00612	0.00197	0.00788	0.00529	0.00421	0.00987
7	0.01700	0.01809	0.02223	0.06628	0.45992	0.19836	0.01663	0.02003	0.01496	0.01877	0.01257	0.05782	0.01127	0.00689	0.00671	0.00190	0.03246	0.00596	0.00330	0.00885
8	0.01388	0.01388	0.01943	0.01666	0.01666	0.01943	0.01388	0.01527	0.00972	0.01527	0.00833	0.01388	0.00833	0.01110	0.02082	0.00278	0.76544	0.00555	0.00278	0.00694
9	0.01600	0.01618	0.02491	0.12311	0.17534	0.09362	0.22896	0.09082	0.01607	0.02098	0.03336	0.01967	0.01238	0.03406	0.00823	0.00220	0.03910	0.03297	0.00368	0.00836
10	0.01315	0.01128	0.01315	0.00940	0.01503	0.00846	0.00752	0.01597	0.01315	0.02067	0.01128	0.01315	0.00940	0.00470	0.00470	0.00094	0.00470	0.00376	0.00376	0.81583
11	0.82186	0.01227	0.00932	0.00834	0.01227	0.01423	0.00687	0.01865	0.01080	0.02846	0.00883	0.01031	0.00687	0.00589	0.00393	0.00196	0.00491	0.00344	0.00393	0.00687
12	0.01330	0.00917	0.01203	0.06960	0.01546	0.00952	0.02914	0.03626	0.17620	0.11642	0.02855	0.40120	0.02894	0.01390	0.00729	0.00233	0.00488	0.01241	0.00597	0.00741
13	0.00898	0.00648	0.00848	0.00798	0.00948	0.00599	0.00599	0.01197	0.01796	0.02544	0.73413	0.04739	0.05986	0.01297	0.00748	0.00200	0.00299	0.01147	0.00698	0.00599
14	0.01272	0.03281	0.74418	0.01808	0.02746	0.01473	0.02344	0.02009	0.01339	0.02009	0.01138	0.01339	0.00804	0.00603	0.00603	0.00201	0.00938	0.00469	0.00268	0.00938
15	0.01388	0.01388	0.01943	0.01666	0.01666	0.01943	0.01388	0.01527	0.00972	0.01527	0.00833	0.01388	0.00833	0.01110	0.02082	0.00278	0.76544	0.00555	0.00278	0.00694
16	0.01649	0.01398	0.01474	0.01305	0.01677	0.01611	0.01021	0.09189	0.66668	0.02768	0.02492	0.02295	0.01863	0.00852	0.00645	0.00213	0.00519	0.00705	0.00645	0.01010
17	0.00887	0.00657	0.00756	0.00725	0.00906	0.00579	0.00537	0.01096	0.01564	0.04264	0.33356	0.05289	0.38755	0.06734	0.00918	0.00235	0.00339	0.01210	0.00626	0.00568
18	0.82186	0.01227	0.00932	0.00834	0.01227	0.01423	0.00687	0.01865	0.01080	0.02846	0.00883	0.01031	0.00687	0.00589	0.00393	0.00196	0.00491	0.00344	0.00393	0.00687
19	0.01102	0.00551	0.00826	0.00826	0.00826	0.00551	0.00551	0.00826	0.00826	0.01102	0.01102	0.01928	0.01102	0.02204	0.02479	0.81543	0.00551	0.00551	0.00275	0.00275
20	0.01315	0.01128	0.01315	0.00940	0.01503	0.00846	0.00752	0.01597	0.01315	0.02067	0.01128	0.01315	0.00940	0.00470	0.00470	0.00094	0.00470	0.00376	0.00376	0.81583
21	0.00785	0.00561	0.00750	0.00897	0.00939	0.00526	0.00610	0.00904	0.01227	0.01633	0.03490	0.73856	0.04169	0.01976	0.00813	0.00259	0.00379	0.05118	0.00589	0.00519
22	0.01743	0.65569	0.03134	0.01357	0.07436	0.08605	0.01166	0.01957	0.01345	0.01544	0.00915	0.01073	0.00830	0.00554	0.00439	0.00142	0.00724	0.00363	0.00280	0.00823
23	0.01458	0.01328	0.02213	0.17735	0.50436	0.01376	0.01722	0.01806	0.01385	0.03894	0.01464	0.01953	0.03747	0.05866	0.00811	0.00223	0.00741	0.00620	0.00336	0.00888
24	0.01832	0.08205	0.01757	0.05859	0.01812	0.38117	0.01127	0.03947	0.01481	0.01570	0.01191	0.03558	0.01139	0.12499	0.01213	0.00254	0.12865	0.00553	0.00336	0.00684
25	0.01544	0.01333	0.01402	0.01264	0.01617	0.01535	0.00982	0.03269	0.69649	0.02615	0.02742	0.02522	0.04906	0.00892	0.00650	0.00215	0.00495	0.00743	0.00643	0.00985
26	0.00906	0.00680	0.01020	0.01020	0.01133	0.00793	0.00793	0.01133	0.01020	0.01473	0.01699	0.02492	0.01586	0.04758	0.75191	0.01020	0.01699	0.00680	0.00340	0.00566
27	0.82186	0.01227	0.00932	0.00834	0.01227	0.01423	0.00687	0.01865	0.01080	0.02846	0.00883	0.01031	0.00687	0.00589	0.00393	0.00196	0.00491	0.00344	0.00393	0.00687
28	0.82186	0.01227	0.00932	0.00834	0.01227	0.01423	0.00687	0.01865	0.01080	0.02846	0.00883	0.01031	0.00687	0.00589	0.00393	0.00196	0.00491	0.00344	0.00393	0.00687
29	0.02351	0.01747	0.01870	0.01447	0.01944	0.01939	0.01191	0.66709	0.08004	0.03901	0.01599	0.01584	0.01141	0.00769	0.00635	0.00192	0.00684	0.00582	0.00635	0.01073
