[name]
unknown

[dist]
# distance from previous block
# <min> <max>
0	128

[block]
# block no. 0 follows, 36 sequences, length 7
# corresponding to MSA columns:
# 170-176
name=unknown_A
#
# <colnr> <probs for GDERKNQSTAVLIFYWHMCP>
#	G	D	E	R	K	N	Q	S	T	A	V	L	I	F	Y	W	H	M	C	P
0	0.00949	0.00678	0.00941	0.01084	0.01204	0.00670	0.00908	0.01196	0.01380	0.01803	0.03329	0.22932	0.03706	0.01773	0.00846	0.00279	0.00526	0.54663	0.00575	0.00558
1	0.01123	0.00693	0.00893	0.00811	0.01010	0.00625	0.00620	0.01395	0.01729	0.12109	0.56945	0.04459	0.12692	0.01239	0.00720	0.00197	0.00328	0.01080	0.00686	0.00645
2	0.01717	0.01301	0.01414	0.01247	0.01616	0.01465	0.00977	0.03274	0.63505	0.12291	0.02525	0.02297	0.01854	0.00835	0.00633	0.00209	0.00498	0.00694	0.00652	0.00996
3	0.01728	0.01540	0.02381	0.03286	0.57949	0.01582	0.01748	0.17716	0.01759	0.02461	0.01245	0.01532	0.01003	0.00599	0.00618	0.00185	0.00728	0.00556	0.00379	0.01003
4	0.00787	0.00564	0.00748	0.00849	0.00910	0.00524	0.00581	0.00937	0.01321	0.01795	0.19289	0.61259	0.04517	0.01799	0.00782	0.00240	0.00346	0.01626	0.00603	0.00524
5	0.01023	0.00770	0.00900	0.00852	0.01059	0.00749	0.00650	0.01524	0.13918	0.04745	0.35593	0.07155	0.23673	0.01306	0.00721	0.00208	0.00354	0.03504	0.00643	0.00652
6	0.01665	0.10122	0.02514	0.03206	0.56356	0.06607	0.01721	0.06764	0.01529	0.02068	0.01146	0.01451	0.00959	0.00572	0.00590	0.00178	0.00754	0.00521	0.00326	0.00953

[dist]
# distance from previous block
# <min> <max>
5	7

[block]
# block no. 1 follows, 36 sequences, length 20
# corresponding to MSA columns:
# 184-203
name=unknown_B
#
# <colnr> <probs for GDERKNQSTAVLIFYWHMCP>
#	G	D	E	R	K	N	Q	S	T	A	V	L	I	F	Y	W	H	M	C	P
0	0.02224	0.01361	0.05249	0.01391	0.01860	0.03371	0.09911	0.04723	0.12968	0.41684	0.04075	0.02052	0.01543	0.00766	0.00697	0.00200	0.03673	0.00647	0.00629	0.00976
1	0.14998	0.01123	0.04613	0.01021	0.01427	0.01011	0.00867	0.05937	0.03737	0.37220	0.12530	0.02269	0.01995	0.00803	0.00586	0.00190	0.00492	0.00641	0.07660	0.00879
2	0.01501	0.01439	0.02455	0.11978	0.66383	0.01470	0.01892	0.01876	0.01399	0.01986	0.01165	0.01555	0.00969	0.00563	0.00618	0.00188	0.00750	0.00555	0.00305	0.00954
3	0.01462	0.01401	0.02417	0.07806	0.60051	0.01407	0.05792	0.01838	0.01440	0.02045	0.07112	0.01811	0.01375	0.00616	0.00634	0.00189	0.00727	0.00612	0.00338	0.00929
4	0.01434	0.00735	0.00986	0.00963	0.01166	0.00665	0.00732	0.01616	0.01444	0.24623	0.06496	0.38756	0.06385	0.01505	0.00745	0.00234	0.00435	0.09743	0.00643	0.00693
5	0.00756	0.00556	0.00709	0.00832	0.00894	0.00509	0.00562	0.00872	0.01227	0.01605	0.03871	0.66821	0.14715	0.01895	0.00786	0.00247	0.00355	0.01702	0.00578	0.00509
6	0.00899	0.00607	0.00708	0.00713	0.00724	0.00614	0.00418	0.00921	0.00925	0.01243	0.01998	0.06882	0.02281	0.69068	0.08994	0.00622	0.00681	0.00921	0.00382	0.00397
7	0.01279	0.08529	0.69826	0.01726	0.02619	0.01519	0.02215	0.01966	0.01312	0.01937	0.01100	0.01293	0.00790	0.00588	0.00578	0.00193	0.00903	0.00451	0.00263	0.00912
8	0.02741	0.01148	0.01500	0.01150	0.01634	0.01046	0.00950	0.11872	0.01930	0.65605	0.02335	0.02041	0.01481	0.00768	0.00626	0.00192	0.00550	0.00618	0.00752	0.01060
9	0.00736	0.00631	0.00631	0.00631	0.00842	0.00526	0.00473	0.00894	0.01420	0.01683	0.06312	0.05996	0.73964	0.01578	0.00736	0.00210	0.00316	0.01315	0.00579	0.00526
10	0.82504	0.01205	0.00916	0.00819	0.01205	0.01398	0.00675	0.01832	0.01060	0.02795	0.00868	0.01012	0.00675	0.00578	0.00386	0.00193	0.00482	0.00337	0.00386	0.00675
11	0.01343	0.00846	0.01030	0.00991	0.04393	0.00846	0.00651	0.08397	0.03803	0.11288	0.12909	0.03480	0.02531	0.42539	0.02015	0.00415	0.00558	0.00846	0.00505	0.00614
12	0.03225	0.24225	0.10382	0.04650	0.33497	0.01716	0.04216	0.01871	0.01343	0.01863	0.01067	0.01337	0.00893	0.00547	0.00539	0.00166	0.00726	0.00468	0.00297	0.06973
13	0.00906	0.00604	0.00680	0.00680	0.00680	0.00604	0.00378	0.00906	0.00906	0.01208	0.01963	0.04077	0.02265	0.78103	0.03171	0.00604	0.00604	0.00906	0.00378	0.00378
14	0.00768	0.00558	0.00726	0.00852	0.00910	0.00516	0.00581	0.00892	0.01238	0.01636	0.06038	0.67208	0.10147	0.01891	0.00790	0.00248	0.00361	0.03545	0.00582	0.00512
15	0.01529	0.01363	0.02217	0.23300	0.41008	0.01453	0.03820	0.04555	0.07298	0.05387	0.01340	0.01668	0.01046	0.00614	0.00624	0.00195	0.00742	0.00576	0.00359	0.00908
16	0.01424	0.01285	0.02168	0.38233	0.37863	0.01410	0.01782	0.01809	0.01353	0.05005	0.01198	0.01624	0.00937	0.00597	0.00620	0.00196	0.00774	0.00558	0.00314	0.00850
17	0.00779	0.00557	0.00746	0.00890	0.00935	0.00523	0.00613	0.00902	0.01213	0.01613	0.03423	0.71925	0.04077	0.01933	0.00801	0.00256	0.00379	0.07345	0.00578	0.00512
18	0.00770	0.00548	0.00720	0.00849	0.00896	0.00509	0.00570	0.00867	0.01195	0.01578	0.03549	0.69794	0.08931	0.01934	0.00853	0.03315	0.00365	0.01693	0.00567	0.00499
19	0.01514	0.01308	0.01288	0.01170	0.01425	0.12819	0.02931	0.13736	0.12457	0.04440	0.06517	0.25937	0.04229	0.01169	0.00670	0.00206	0.00572	0.00998	0.05871	0.00743

[dist]
# distance from previous block
# <min> <max>
6	10

[block]
# block no. 2 follows, 36 sequences, length 43
# corresponding to MSA columns:
# 214-256
name=unknown_C
#
# <colnr> <probs for GDERKNQSTAVLIFYWHMCP>
#	G	D	E	R	K	N	Q	S	T	A	V	L	I	F	Y	W	H	M	C	P
0	0.01312	0.05273	0.01398	0.00931	0.01483	0.00919	0.00756	0.01585	0.01291	0.02000	0.01094	0.01276	0.00916	0.00465	0.00458	0.00094	0.00472	0.00367	0.00364	0.77545
1	0.01595	0.01180	0.01380	0.01006	0.01545	0.00974	0.00813	0.10315	0.01547	0.10585	0.01309	0.01412	0.01010	0.00532	0.00500	0.00115	0.00497	0.00422	0.00446	0.62817
2	0.01504	0.01424	0.05465	0.01605	0.02040	0.02818	0.22199	0.16954	0.05560	0.03627	0.01921	0.20756	0.01819	0.00954	0.00683	0.00203	0.00699	0.00901	0.00476	0.08391
3	0.00949	0.00658	0.00816	0.00764	0.00944	0.00590	0.00577	0.01206	0.01680	0.06182	0.53365	0.04849	0.22448	0.01322	0.00729	0.00199	0.00312	0.01146	0.00664	0.00598
4	0.00890	0.00652	0.00957	0.00970	0.01076	0.00745	0.00745	0.01105	0.01033	0.01499	0.01850	0.09473	0.01799	0.04243	0.65303	0.00893	0.01486	0.00767	0.03963	0.00553
5	0.01490	0.01452	0.02549	0.12781	0.59203	0.01477	0.08113	0.01880	0.01402	0.01977	0.01172	0.01569	0.00964	0.00561	0.00628	0.00190	0.00779	0.00571	0.00305	0.00937
6	0.02368	0.01745	0.01870	0.01434	0.01932	0.01932	0.01184	0.72139	0.02929	0.03927	0.01496	0.01496	0.01060	0.00748	0.00623	0.00187	0.00686	0.00561	0.00623	0.01060
7	0.00868	0.00626	0.00820	0.00793	0.00928	0.00579	0.00587	0.01140	0.01698	0.02395	0.65819	0.13019	0.05678	0.01351	0.00742	0.00202	0.00302	0.01201	0.00674	0.00579
8	0.02730	0.01046	0.01425	0.01097	0.01568	0.00905	0.00905	0.02973	0.01783	0.72174	0.04907	0.02208	0.01691	0.00788	0.00630	0.00193	0.00522	0.00644	0.00768	0.01044
9	0.00787	0.00566	0.00752	0.00883	0.00939	0.00530	0.00615	0.00922	0.01249	0.01662	0.06820	0.65495	0.06264	0.01887	0.00797	0.00252	0.00377	0.08104	0.00583	0.00517
10	0.02368	0.01745	0.01870	0.01434	0.01932	0.01932	0.01184	0.72139	0.02929	0.03927	0.01496	0.01496	0.01060	0.00748	0.00623	0.00187	0.00686	0.00561	0.00623	0.01060
11	0.00765	0.00632	0.00671	0.00661	0.00859	0.00538	0.00496	0.00949	0.01487	0.01842	0.19508	0.05734	0.60668	0.01519	0.00736	0.00208	0.00311	0.01278	0.00600	0.00538
12	0.00782	0.00559	0.00718	0.00827	0.00873	0.00523	0.00548	0.00888	0.01195	0.01589	0.06707	0.61159	0.07580	0.11619	0.01093	0.00293	0.00387	0.01607	0.00558	0.00495
13	0.02107	0.01615	0.01722	0.01381	0.01832	0.01810	0.01121	0.50129	0.25366	0.03504	0.01828	0.01761	0.01329	0.00779	0.00627	0.00195	0.00624	0.00607	0.00627	0.01036
14	0.03559	0.01198	0.01265	0.01057	0.01399	0.05675	0.00842	0.17260	0.10056	0.20260	0.08461	0.02206	0.01822	0.00797	0.00579	0.00180	0.00512	0.00635	0.21382	0.00858
15	0.00906	0.00604	0.00680	0.00680	0.00680	0.00604	0.00378	0.00906	0.00906	0.01208	0.01963	0.04077	0.02265	0.78103	0.03171	0.00604	0.00604	0.00906	0.00378	0.00378
16	0.01161	0.00581	0.00581	0.00581	0.00726	0.00581	0.00436	0.01452	0.01307	0.02323	0.02033	0.02323	0.01597	0.00726	0.00436	0.00145	0.00290	0.00581	0.81562	0.00581
17	0.12348	0.04574	0.05834	0.01588	0.04936	0.17632	0.09174	0.18074	0.08499	0.05881	0.01439	0.01701	0.01128	0.00707	0.00594	0.00190	0.00780	0.03604	0.00453	0.00864
18	0.01390	0.34640	0.37832	0.01385	0.02070	0.01795	0.01622	0.01853	0.01337	0.01809	0.07811	0.01494	0.01269	0.00631	0.00524	0.00170	0.00755	0.00469	0.00304	0.00839
19	0.01429	0.01976	0.30609	0.01299	0.01991	0.01134	0.01394	0.05169	0.01412	0.07077	0.01223	0.01368	0.00919	0.00548	0.00532	0.00145	0.00660	0.00432	0.00367	0.40316
20	0.01326	0.05162	0.58313	0.01740	0.02550	0.01409	0.08282	0.01961	0.01358	0.05311	0.03310	0.04088	0.01095	0.00658	0.00611	0.00198	0.00870	0.00552	0.00314	0.00893
21	0.00761	0.00550	0.00721	0.00851	0.00901	0.00510	0.00573	0.00878	0.01223	0.01623	0.05730	0.71312	0.08244	0.01910	0.00790	0.00249	0.00357	0.01725	0.00582	0.00510
22	0.02776	0.01091	0.01465	0.01123	0.01606	0.00961	0.00928	0.06127	0.01835	0.71485	0.02415	0.02093	0.01521	0.00770	0.00626	0.00193	0.00537	0.00624	0.00765	0.01060
23	0.01734	0.08603	0.01726	0.01294	0.01700	0.01648	0.03435	0.19759	0.40456	0.04334	0.04074	0.02184	0.04639	0.00821	0.00620	0.00197	0.00564	0.00670	0.00588	0.00954
24	0.01393	0.01391	0.02059	0.01987	0.12227	0.01835	0.03856	0.01576	0.01039	0.01594	0.00884	0.01400	0.00847	0.00993	0.01793	0.00258	0.63303	0.00553	0.00279	0.00731
25	0.01370	0.01265	0.01882	0.01772	0.17130	0.01071	0.10793	0.01700	0.01343	0.02027	0.01142	0.01398	0.00940	0.00490	0.00532	0.00128	0.00602	0.00459	0.00349	0.53606
26	0.01471	0.39420	0.33642	0.01513	0.02219	0.01951	0.08213	0.01923	0.01306	0.01730	0.01010	0.01197	0.00809	0.00557	0.00513	0.00168	0.00810	0.00425	0.00270	0.00855
27	0.00956	0.00696	0.00942	0.01068	0.01213	0.00681	0.00914	0.01217	0.01417	0.01826	0.03669	0.11338	0.12074	0.01718	0.00842	0.00276	0.00529	0.57487	0.00575	0.00564
28	0.00764	0.00575	0.00708	0.00795	0.00889	0.00519	0.00551	0.00904	0.01309	0.01701	0.10847	0.51257	0.23349	0.01786	0.00774	0.00236	0.00343	0.01586	0.00589	0.00519
29	0.08259	0.11883	0.07922	0.01151	0.01628	0.03825	0.01034	0.04904	0.07078	0.36589	0.07877	0.01986	0.01658	0.00751	0.00582	0.00185	0.00582	0.00588	0.00592	0.00927
30	0.01877	0.01884	0.01736	0.08491	0.01987	0.29769	0.04304	0.08260	0.01603	0.08483	0.03007	0.01823	0.04528	0.04801	0.00999	0.00219	0.14504	0.00576	0.00399	0.00748
31	0.00818	0.00635	0.00697	0.00692	0.00883	0.00546	0.00515	0.00998	0.01472	0.03704	0.18299	0.11991	0.53489	0.01535	0.00738	0.00211	0.00321	0.01303	0.00603	0.00549
32	0.01299	0.01131	0.01391	0.00993	0.01550	0.00861	0.03687	0.01587	0.01299	0.02029	0.01114	0.01308	0.00924	0.00464	0.00473	0.00097	0.00486	0.00384	0.00367	0.78555
33	0.05059	0.08157	0.01300	0.00980	0.01270	0.01055	0.00791	0.06684	0.09803	0.13818	0.34201	0.05867	0.03554	0.01052	0.00659	0.00196	0.00438	0.03727	0.00628	0.00760
34	0.00850	0.00580	0.00696	0.00752	0.00766	0.00566	0.00455	0.00891	0.01016	0.01355	0.02527	0.32322	0.02977	0.48887	0.02260	0.00469	0.00511	0.01238	0.00455	0.00427
35	0.00771	0.00568	0.00718	0.00829	0.00900	0.00522	0.00569	0.00895	0.01244	0.01623	0.05325	0.58913	0.16283	0.04233	0.00860	0.00257	0.00367	0.04042	0.00574	0.00510
36	0.10451	0.22495	0.37870	0.01645	0.08877	0.01688	0.01699	0.01971	0.01305	0.05164	0.01089	0.01256	0.00831	0.00580	0.00523	0.00179	0.00771	0.00430	0.00304	0.00874
37	0.00847	0.00702	0.00752	0.00738	0.00948	0.00640	0.00563	0.01182	0.08172	0.01907	0.16578	0.05485	0.53273	0.01467	0.00732	0.00212	0.00340	0.04279	0.00601	0.00581
38	0.00921	0.00650	0.00817	0.00767	0.00937	0.00588	0.00578	0.01189	0.01702	0.04825	0.59185	0.04811	0.18076	0.01312	0.00731	0.00198	0.00306	0.01144	0.00669	0.00593
39	0.06017	0.09005	0.12617	0.02000	0.07626	0.01699	0.26150	0.18258	0.01714	0.02408	0.01227	0.01487	0.00937	0.00718	0.02604	0.00216	0.03477	0.00577	0.00378	0.00888
40	0.01532	0.01647	0.09401	0.02182	0.10402	0.01487	0.32645	0.04123	0.16211	0.05736	0.04967	0.01912	0.01393	0.00668	0.00713	0.00206	0.02773	0.00687	0.00422	0.00895
41	0.02286	0.01130	0.01387	0.01095	0.01507	0.01091	0.00893	0.19656	0.02013	0.41125	0.10251	0.02354	0.03520	0.00835	0.00623	0.00188	0.00516	0.00678	0.07900	0.00953
42	0.01594	0.65425	0.15686	0.01189	0.01790	0.02289	0.01280	0.01884	0.01275	0.01554	0.00910	0.01054	0.00798	0.00543	0.00433	0.00144	0.00710	0.00355	0.00266	0.00821

[dist]
# distance from previous block
# <min> <max>
0	5

[block]
# block no. 3 follows, 36 sequences, length 62
# corresponding to MSA columns:
# 262-323
name=unknown_D
#
# <colnr> <probs for GDERKNQSTAVLIFYWHMCP>
#	G	D	E	R	K	N	Q	S	T	A	V	L	I	F	Y	W	H	M	C	P
0	0.01582	0.63360	0.17651	0.01209	0.01820	0.02261	0.01314	0.01887	0.01276	0.01568	0.00917	0.01063	0.00798	0.00545	0.00438	0.00146	0.00717	0.00359	0.00266	0.00824
1	0.01608	0.63283	0.15921	0.01205	0.01802	0.04082	0.01289	0.01900	0.01287	0.01557	0.00913	0.01059	0.00798	0.00546	0.00438	0.00145	0.00723	0.00357	0.00267	0.00819
2	0.01911	0.05030	0.07218	0.01520	0.01884	0.42018	0.04336	0.08416	0.03198	0.01862	0.01510	0.06412	0.01406	0.00859	0.00625	0.00190	0.00921	0.09538	0.00396	0.00749
3	0.00759	0.00542	0.00723	0.00868	0.00904	0.00506	0.00578	0.00868	0.01193	0.01591	0.03434	0.77697	0.04121	0.01952	0.00795	0.00253	0.00361	0.01771	0.00578	0.00506
4	0.00849	0.00666	0.00788	0.00845	0.01026	0.00605	0.00692	0.01062	0.01434	0.01777	0.06719	0.06383	0.43721	0.01629	0.00787	0.00241	0.00420	0.29230	0.00579	0.00547
5	0.01178	0.00782	0.00911	0.00823	0.01068	0.00725	0.00635	0.03979	0.07005	0.11776	0.28670	0.04586	0.32899	0.01282	0.00710	0.00202	0.00363	0.01086	0.00647	0.00671
6	0.00829	0.00635	0.00760	0.00729	0.00899	0.00566	0.00547	0.01074	0.01640	0.02204	0.49471	0.05139	0.30480	0.01384	0.00735	0.00201	0.00302	0.01195	0.00647	0.00566
7	0.12896	0.01812	0.01707	0.01368	0.01819	0.11774	0.01115	0.51617	0.02487	0.03400	0.01388	0.01526	0.01040	0.00737	0.00590	0.00187	0.00715	0.02321	0.00550	0.00951
8	0.01281	0.08856	0.69515	0.01723	0.02615	0.01523	0.02210	0.01965	0.01312	0.01935	0.01099	0.01292	0.00790	0.00588	0.00578	0.00193	0.00902	0.00451	0.00263	0.00912
9	0.02699	0.01154	0.01497	0.01154	0.01634	0.01063	0.00951	0.11528	0.04450	0.63416	0.02343	0.02051	0.01496	0.00771	0.00626	0.00193	0.00548	0.00621	0.00748	0.01058
10	0.00890	0.00666	0.00993	0.00993	0.01101	0.00774	0.00768	0.01107	0.00999	0.01440	0.01677	0.02490	0.01576	0.06579	0.73753	0.00991	0.01641	0.00674	0.00335	0.00552
11	0.03239	0.02082	0.21440	0.03644	0.07000	0.09928	0.03205	0.12197	0.16976	0.06456	0.01515	0.01612	0.01128	0.00715	0.00707	0.00199	0.06056	0.00549	0.00436	0.00915
12	0.01152	0.00583	0.00589	0.00587	0.00733	0.00581	0.00440	0.01443	0.01321	0.02329	0.04371	0.02399	0.01736	0.00744	0.00445	0.00147	0.00290	0.00598	0.78930	0.00581
13	0.00759	0.00542	0.00723	0.00868	0.00904	0.00506	0.00578	0.00868	0.01193	0.01591	0.03434	0.77697	0.04121	0.01952	0.00795	0.00253	0.00361	0.01771	0.00578	0.00506
14	0.01423	0.01513	0.05122	0.05191	0.33109	0.01414	0.30106	0.01851	0.01427	0.01991	0.01586	0.01927	0.05920	0.00622	0.00665	0.00196	0.00828	0.00677	0.03562	0.00869
15	0.14889	0.01454	0.01371	0.01175	0.01477	0.11308	0.00934	0.23582	0.01800	0.04987	0.01565	0.09132	0.01346	0.00859	0.00709	0.00193	0.08392	0.00628	0.13417	0.00782
16	0.00749	0.00629	0.00635	0.00635	0.00829	0.00532	0.00466	0.00895	0.01382	0.01648	0.05986	0.05853	0.68597	0.07306	0.00919	0.00240	0.00337	0.01284	0.00564	0.00515
17	0.02606	0.01177	0.01497	0.01163	0.01632	0.01110	0.00956	0.13782	0.06786	0.57290	0.03765	0.02089	0.01580	0.00783	0.00629	0.00193	0.00547	0.00632	0.00737	0.01046
18	0.07307	0.01673	0.09892	0.03736	0.02062	0.06950	0.12642	0.20887	0.03322	0.12101	0.01731	0.11747	0.01450	0.00838	0.00641	0.00201	0.00726	0.00725	0.00499	0.00871
19	0.01135	0.00932	0.01257	0.01143	0.01240	0.01139	0.02093	0.03247	0.05777	0.01626	0.01560	0.02406	0.01491	0.17068	0.28144	0.00579	0.22038	0.00674	0.05848	0.00605
20	0.01389	0.03352	0.24889	0.01498	0.08135	0.01214	0.01385	0.08718	0.01461	0.02161	0.01228	0.03362	0.00999	0.00704	0.02762	0.00175	0.00691	0.00478	0.00358	0.35042
21	0.01677	0.01250	0.06577	0.06707	0.01797	0.00968	0.00978	0.04544	0.01491	0.20103	0.04356	0.01668	0.01263	0.00602	0.00541	0.00141	0.00540	0.00491	0.00476	0.43831
22	0.82504	0.01205	0.00916	0.00819	0.01205	0.01398	0.00675	0.01832	0.01060	0.02795	0.00868	0.01012	0.00675	0.00578	0.00386	0.00193	0.00482	0.00337	0.00386	0.00675
23	0.01354	0.01476	0.03092	0.15098	0.03213	0.01443	0.53293	0.01821	0.01406	0.01889	0.01437	0.08778	0.01222	0.00675	0.00722	0.00214	0.00949	0.00801	0.00333	0.00784
24	0.01462	0.07376	0.08693	0.04073	0.33573	0.03349	0.18105	0.03212	0.01444	0.01980	0.03711	0.06070	0.01333	0.00684	0.00644	0.00194	0.00793	0.02088	0.00342	0.00873
25	0.02415	0.01182	0.04332	0.01137	0.01599	0.01034	0.00962	0.07520	0.08506	0.53881	0.05508	0.02348	0.04993	0.00827	0.00635	0.00195	0.00533	0.00675	0.00716	0.01004
26	0.00774	0.00549	0.00719	0.00848	0.00881	0.00516	0.00558	0.00871	0.01164	0.01552	0.03284	0.70186	0.03932	0.09721	0.01038	0.00289	0.00386	0.01683	0.00558	0.00493
27	0.00838	0.00669	0.00866	0.06114	0.01173	0.00678	0.00687	0.00985	0.01242	0.01614	0.05003	0.42576	0.21460	0.05080	0.00959	0.00256	0.05580	0.03158	0.00530	0.00533
28	0.01590	0.16022	0.27659	0.02048	0.17835	0.03952	0.05661	0.05330	0.06307	0.05986	0.01274	0.01443	0.00972	0.00605	0.00576	0.00183	0.00788	0.00502	0.00348	0.00921
29	0.01579	0.01405	0.10789	0.01386	0.01806	0.01198	0.11289	0.09532	0.05571	0.15368	0.12583	0.02858	0.11952	0.00948	0.00790	0.00208	0.06852	0.02528	0.00534	0.00823
30	0.52307	0.04284	0.01481	0.01563	0.16351	0.08121	0.02207	0.03684	0.01259	0.02491	0.00961	0.01154	0.00769	0.00581	0.00461	0.00186	0.00614	0.00400	0.00364	0.00760
31	0.19765	0.01038	0.01253	0.01005	0.01423	0.00978	0.00822	0.02539	0.01625	0.49948	0.11207	0.02204	0.01907	0.00794	0.00588	0.00193	0.00490	0.00628	0.00677	0.00917
32	0.00903	0.00692	0.00752	0.00719	0.00937	0.00615	0.00545	0.01185	0.05652	0.05120	0.19362	0.05346	0.53057	0.01439	0.00725	0.00207	0.00331	0.01212	0.00612	0.00589
33	0.01712	0.06094	0.08517	0.03702	0.03127	0.01337	0.01097	0.14428	0.14063	0.11087	0.03502	0.01696	0.01300	0.00660	0.00563	0.00162	0.00583	0.00527	0.00495	0.25346
34	0.01530	0.01463	0.02463	0.06097	0.69044	0.01480	0.01869	0.01957	0.04267	0.02044	0.01224	0.01577	0.01018	0.00569	0.00618	0.00187	0.00733	0.00561	0.00320	0.00977
35	0.00930	0.00671	0.00915	0.01049	0.01172	0.00656	0.00871	0.01167	0.01378	0.01790	0.03534	0.23085	0.08469	0.01764	0.00837	0.00274	0.00508	0.49799	0.00575	0.00555
36	0.01654	0.01018	0.01113	0.00941	0.01242	0.01045	0.00747	0.24443	0.01897	0.10921	0.02607	0.06925	0.12037	0.00932	0.00582	0.00180	0.00454	0.00755	0.29728	0.00778
37	0.01433	0.18509	0.44689	0.01753	0.02513	0.05969	0.12907	0.01984	0.01356	0.01846	0.01079	0.01296	0.00817	0.00572	0.00573	0.00184	0.00900	0.00474	0.00275	0.00872
38	0.00765	0.00625	0.00655	0.00657	0.00834	0.00538	0.00476	0.00915	0.01384	0.01692	0.10812	0.08555	0.58772	0.09377	0.00987	0.00251	0.00345	0.01277	0.00566	0.00515
39	0.00890	0.00668	0.01001	0.01001	0.01113	0.00779	0.00779	0.01113	0.01001	0.01446	0.01669	0.02448	0.01558	0.04673	0.75634	0.01001	0.01669	0.00668	0.00334	0.00556
40	0.02033	0.01305	0.01466	0.01183	0.01578	0.01374	0.00955	0.36873	0.07205	0.16791	0.05397	0.07289	0.05889	0.00910	0.00634	0.00193	0.00553	0.00735	0.06708	0.00930
41	0.01576	0.02094	0.25301	0.01904	0.02487	0.06976	0.25049	0.02039	0.01412	0.10601	0.01404	0.05518	0.01110	0.00719	0.00806	0.00209	0.08939	0.00645	0.00363	0.00849
42	0.09212	0.01572	0.03103	0.05430	0.18161	0.01531	0.47697	0.01947	0.01412	0.02066	0.01199	0.01587	0.00924	0.00540	0.00673	0.00203	0.00922	0.00652	0.00319	0.00850
43	0.08288	0.01721	0.01751	0.01380	0.01848	0.05109	0.01128	0.57358	0.09306	0.03612	0.01523	0.01521	0.01098	0.00740	0.00604	0.00189	0.00672	0.00551	0.00593	0.01009
44	0.00906	0.00604	0.00680	0.00680	0.00680	0.00604	0.00378	0.00906	0.00906	0.01208	0.01963	0.04077	0.02265	0.78103	0.03171	0.00604	0.00604	0.00906	0.00378	0.00378
45	0.01473	0.01675	0.03643	0.02661	0.05354	0.01573	0.69883	0.01993	0.01469	0.01997	0.01258	0.01677	0.00947	0.00526	0.00732	0.00209	0.01041	0.00730	0.00315	0.00845
46	0.01593	0.01281	0.01349	0.01182	0.01528	0.01445	0.00928	0.14677	0.48842	0.02738	0.02570	0.02438	0.06730	0.00867	0.00619	0.00200	0.00493	0.00710	0.08884	0.00925
47	0.01666	0.78478	0.03265	0.01066	0.01599	0.02465	0.01066	0.01866	0.01266	0.01466	0.00866	0.00999	0.00800	0.00533	0.00400	0.00133	0.00666	0.00333	0.00267	0.00800
48	0.01297	0.02920	0.61699	0.02052	0.09910	0.01461	0.08061	0.01969	0.01339	0.01981	0.01135	0.01369	0.00822	0.00583	0.00606	0.00197	0.00914	0.00493	0.00272	0.00921
49	0.02795	0.01060	0.01446	0.01109	0.01591	0.00916	0.00916	0.03036	0.01783	0.74648	0.02458	0.02121	0.01542	0.00771	0.00627	0.00193	0.00530	0.00627	0.00771	0.01060
50	0.00759	0.00542	0.00723	0.00868	0.00904	0.00506	0.00578	0.00868	0.01193	0.01591	0.03434	0.77697	0.04121	0.01952	0.00795	0.00253	0.00361	0.01771	0.00578	0.00506
51	0.01973	0.09480	0.04024	0.01778	0.07403	0.38908	0.07763	0.06386	0.08694	0.01857	0.01179	0.01352	0.00953	0.00664	0.00659	0.00178	0.05096	0.00486	0.00359	0.00809
52	0.00743	0.00606	0.00657	0.00698	0.00859	0.00520	0.00503	0.00887	0.01356	0.01657	0.05498	0.26278	0.54208	0.01684	0.00753	0.00222	0.00329	0.01444	0.00579	0.00520
53	0.00787	0.00580	0.00728	0.00822	0.00904	0.00534	0.00573	0.00923	0.01277	0.01670	0.09160	0.50140	0.17345	0.06223	0.00921	0.00263	0.00375	0.05686	0.00575	0.00513
54	0.01065	0.00677	0.00891	0.00815	0.00994	0.00619	0.00619	0.01353	0.01766	0.09388	0.67068	0.04412	0.05465	0.01226	0.00725	0.00196	0.00317	0.01079	0.00694	0.00633
55	0.01293	0.01086	0.01335	0.01452	0.11058	0.03281	0.02299	0.02071	0.27004	0.04516	0.10844	0.18184	0.08075	0.01153	0.00692	0.00215	0.00497	0.03592	0.00568	0.00786
56	0.00758	0.00547	0.00718	0.00854	0.00900	0.00507	0.00572	0.00869	0.01206	0.01596	0.03601	0.73547	0.08163	0.01930	0.00792	0.00251	0.00359	0.01745	0.00578	0.00507
57	0.00977	0.00657	0.00838	0.00790	0.00960	0.00595	0.00593	0.01238	0.01682	0.06961	0.55729	0.09608	0.14356	0.01327	0.00732	0.00202	0.00316	0.01163	0.00670	0.00605
58	0.23277	0.01670	0.08851	0.01496	0.07765	0.07906	0.04764	0.16518	0.04908	0.09663	0.06244	0.01642	0.01307	0.00693	0.00565	0.00191	0.00666	0.00537	0.00475	0.00862
59	0.01396	0.01257	0.01880	0.24871	0.19505	0.03989	0.04781	0.03536	0.03180	0.03341	0.01313	0.01828	0.01094	0.05930	0.00969	0.00229	0.10937	0.00588	0.08615	0.00760
60	0.01117	0.00913	0.01371	0.01163	0.01312	0.00957	0.12161	0.05962	0.01171	0.01596	0.01830	0.09433	0.01954	0.41293	0.08980	0.00494	0.06475	0.00880	0.00389	0.00549
61	0.77035	0.06433	0.01075	0.00836	0.01232	0.01470	0.00701	0.01834	0.01074	0.02705	0.00867	0.01011	0.00683	0.00575	0.00387	0.00189	0.00494	0.00337	0.00378	0.00683

[dist]
# distance from previous block
# <min> <max>
6	7

[block]
# block no. 4 follows, 36 sequences, length 40
# corresponding to MSA columns:
# 331-370
name=unknown_E
#
# <colnr> <probs for GDERKNQSTAVLIFYWHMCP>
#	G	D	E	R	K	N	Q	S	T	A	V	L	I	F	Y	W	H	M	C	P
0	0.01913	0.46328	0.05139	0.01287	0.01765	0.25226	0.01161	0.07555	0.01554	0.01694	0.00954	0.01088	0.00820	0.00586	0.00474	0.00148	0.00819	0.00377	0.00311	0.00800
1	0.01455	0.01202	0.01347	0.01054	0.01511	0.02792	0.00834	0.08038	0.12048	0.04462	0.01565	0.07457	0.01343	0.00690	0.00575	0.00140	0.02447	0.00558	0.00456	0.50025
2	0.05208	0.01637	0.12385	0.07170	0.38780	0.01424	0.03633	0.03440	0.09243	0.06857	0.01518	0.01732	0.02917	0.00640	0.00612	0.00193	0.00716	0.00577	0.00382	0.00936
3	0.01543	0.01047	0.01390	0.01079	0.01520	0.00895	0.05238	0.03096	0.03401	0.17190	0.01890	0.06765	0.04637	0.01142	0.08586	0.00239	0.00634	0.00623	0.00481	0.38605
4	0.00905	0.00608	0.00697	0.00695	0.00705	0.00610	0.00400	0.00923	0.00937	0.01258	0.04222	0.04031	0.02351	0.72791	0.05944	0.00607	0.00636	0.00904	0.00386	0.00391
5	0.01461	0.01531	0.01822	0.01578	0.01630	0.11627	0.01293	0.01611	0.01113	0.01565	0.05419	0.01538	0.01133	0.01042	0.01765	0.00253	0.62068	0.00563	0.00305	0.00681
6	0.05852	0.01235	0.01448	0.01253	0.04645	0.05073	0.00959	0.08900	0.10323	0.42524	0.03560	0.05550	0.04141	0.00843	0.00626	0.00196	0.00559	0.00686	0.00664	0.00962
7	0.00762	0.00582	0.00684	0.00760	0.00862	0.00522	0.00521	0.00881	0.01260	0.01597	0.04449	0.43786	0.31404	0.07756	0.00958	0.00264	0.00362	0.01524	0.00563	0.00504
8	0.00851	0.00634	0.00803	0.00852	0.00988	0.00586	0.00657	0.01072	0.01486	0.01971	0.26997	0.21293	0.20341	0.01593	0.00777	0.00233	0.00378	0.17322	0.00612	0.00553
9	0.02000	0.02494	0.07928	0.01833	0.02281	0.42080	0.17809	0.08421	0.03806	0.01911	0.01133	0.01342	0.00890	0.00637	0.00649	0.00182	0.02943	0.00510	0.00349	0.00801
10	0.01466	0.01403	0.02391	0.18999	0.59637	0.01460	0.01874	0.01845	0.01383	0.01943	0.01159	0.01567	0.00954	0.00569	0.00618	0.00190	0.00759	0.00555	0.00302	0.00925
11	0.00764	0.00625	0.00675	0.00677	0.00863	0.00536	0.00502	0.00943	0.01465	0.01823	0.18305	0.11357	0.56196	0.01552	0.00741	0.00211	0.00315	0.01317	0.00598	0.00536
12	0.05140	0.01248	0.01543	0.01187	0.01670	0.01203	0.00980	0.21496	0.02068	0.53502	0.02151	0.01919	0.01386	0.00759	0.00618	0.00191	0.00570	0.00600	0.00720	0.01048
13	0.00912	0.00648	0.00818	0.00890	0.00975	0.00631	0.00617	0.06484	0.01379	0.01869	0.10156	0.60356	0.03934	0.04109	0.00840	0.00250	0.00386	0.01556	0.02634	0.00555
14	0.01666	0.78478	0.03265	0.01066	0.01599	0.02465	0.01066	0.01866	0.01266	0.01466	0.00866	0.00999	0.00800	0.00533	0.00400	0.00133	0.00666	0.00333	0.00267	0.00800
15	0.00932	0.00619	0.00722	0.00743	0.00770	0.00619	0.00471	0.00986	0.01000	0.01353	0.02159	0.04424	0.02426	0.63592	0.02714	0.00538	0.00586	0.10863	0.04069	0.00415
16	0.01353	0.02561	0.51675	0.06617	0.10942	0.01358	0.02036	0.01953	0.01361	0.06334	0.01375	0.01859	0.01079	0.00689	0.00620	0.00203	0.00843	0.05923	0.00324	0.00895
17	0.01639	0.01345	0.01431	0.01269	0.01633	0.01540	0.00992	0.06390	0.66908	0.05729	0.02486	0.02279	0.01849	0.00838	0.00633	0.00209	0.00503	0.00695	0.00639	0.00993
18	0.01627	0.71510	0.09895	0.01132	0.01701	0.02371	0.01181	0.01876	0.01271	0.01513	0.00890	0.01029	0.00799	0.00539	0.00418	0.00139	0.00690	0.00345	0.00266	0.00811
19	0.01427	0.05679	0.02354	0.01807	0.02031	0.05757	0.19901	0.01710	0.02974	0.01663	0.01152	0.06225	0.01084	0.00935	0.01416	0.00240	0.41946	0.00657	0.00314	0.00729
20	0.05503	0.13705	0.01916	0.01290	0.01755	0.01840	0.01081	0.37685	0.18748	0.07727	0.01672	0.01629	0.01228	0.00731	0.00581	0.00185	0.00619	0.00553	0.00569	0.00985
21	0.01316	0.08873	0.60490	0.01943	0.09684	0.01533	0.03800	0.01959	0.01325	0.01940	0.01107	0.01322	0.00813	0.00582	0.00583	0.00191	0.00886	0.00466	0.00269	0.00916
22	0.01211	0.01160	0.02012	0.68698	0.07367	0.01401	0.06142	0.01632	0.01268	0.01637	0.01120	0.01657	0.00845	0.00614	0.00630	0.00207	0.00840	0.00565	0.00281	0.00715
23	0.01542	0.01480	0.02529	0.03824	0.74217	0.01480	0.01912	0.01912	0.01419	0.02036	0.01172	0.01542	0.00987	0.00555	0.00617	0.00185	0.00740	0.00555	0.00308	0.00987
24	0.00904	0.00613	0.00726	0.00726	0.00742	0.00629	0.00435	0.00936	0.00920	0.01242	0.01921	0.03842	0.02163	0.67510	0.13625	0.00661	0.00758	0.00872	0.00371	0.00403
25	0.01254	0.06398	0.48392	0.01733	0.04210	0.01413	0.09078	0.01835	0.01378	0.02004	0.11358	0.01815	0.01529	0.00700	0.00683	0.00198	0.04260	0.00582	0.00330	0.00850
26	0.00765	0.00560	0.00719	0.00831	0.00898	0.00515	0.00566	0.00894	0.01264	0.01669	0.08963	0.63254	0.13103	0.01855	0.00783	0.00243	0.00351	0.01666	0.00586	0.00515
27	0.01395	0.00669	0.00721	0.00668	0.00864	0.00656	0.00514	0.03408	0.01406	0.11373	0.02072	0.02277	0.01577	0.00732	0.00464	0.00152	0.00330	0.00586	0.69483	0.00652
28	0.04028	0.10157	0.13874	0.06195	0.07359	0.11483	0.03304	0.08901	0.13037	0.07121	0.02750	0.04832	0.01296	0.00724	0.00590	0.00187	0.00732	0.00581	0.00431	0.02418
29	0.00980	0.00687	0.00808	0.00776	0.00984	0.00615	0.00601	0.01226	0.02861	0.07649	0.25373	0.05225	0.39524	0.01503	0.02646	0.00231	0.00385	0.06707	0.00619	0.00599
30	0.00769	0.00556	0.00730	0.00865	0.00917	0.00517	0.00591	0.00888	0.01218	0.01609	0.03613	0.69902	0.08583	0.01918	0.00794	0.00252	0.00368	0.04822	0.00578	0.00510
31	0.01811	0.01751	0.02104	0.01689	0.02043	0.17555	0.17191	0.17616	0.01749	0.05478	0.01443	0.08195	0.01253	0.01011	0.04240	0.00242	0.12720	0.00678	0.00423	0.00807
32	0.09319	0.06384	0.01555	0.01263	0.06073	0.01189	0.00966	0.06419	0.07898	0.40375	0.04465	0.02006	0.01535	0.01052	0.06455	0.00253	0.00635	0.00600	0.00617	0.00942
33	0.00753	0.00568	0.00697	0.00800	0.00886	0.00512	0.00548	0.00875	0.01258	0.01617	0.04255	0.57253	0.24035	0.01845	0.00778	0.00241	0.00348	0.01641	0.00578	0.00512
34	0.00760	0.00561	0.00712	0.00825	0.00894	0.00513	0.00561	0.00884	0.01253	0.01642	0.06683	0.62906	0.15799	0.01863	0.00783	0.00244	0.00351	0.01670	0.00583	0.00513
35	0.01216	0.00933	0.01259	0.03129	0.06846	0.00962	0.04367	0.10661	0.03489	0.03085	0.06181	0.08148	0.07117	0.24688	0.08919	0.00411	0.00701	0.06782	0.00468	0.00638
36	0.02119	0.01954	0.01764	0.01467	0.01847	0.20908	0.01171	0.35297	0.14969	0.02845	0.01481	0.01535	0.01121	0.00770	0.00741	0.00192	0.07837	0.00544	0.00515	0.00924
37	0.01499	0.00724	0.00794	0.00715	0.00935	0.00710	0.00556	0.05539	0.01474	0.14442	0.02074	0.02245	0.01559	0.00735	0.00477	0.00155	0.00352	0.00587	0.63743	0.00686
38	0.01546	0.01305	0.01731	0.29201	0.11209	0.05724	0.01321	0.08244	0.01521	0.07701	0.03336	0.01627	0.01092	0.00617	0.00581	0.00169	0.00691	0.00520	0.00389	0.21473
39	0.01498	0.01387	0.02286	0.30593	0.34677	0.01504	0.06674	0.10049	0.01535	0.02090	0.01192	0.01591	0.00934	0.00601	0.00628	0.00195	0.00789	0.00568	0.00334	0.00875

[dist]
# distance from previous block
# <min> <max>
1	4

[block]
# block no. 5 follows, 36 sequences, length 29
# corresponding to MSA columns:
# 375-403
name=unknown_F
#
# <colnr> <probs for GDERKNQSTAVLIFYWHMCP>
#	G	D	E	R	K	N	Q	S	T	A	V	L	I	F	Y	W	H	M	C	P
0	0.01529	0.05506	0.03344	0.01117	0.03949	0.01014	0.00870	0.09705	0.04209	0.16168	0.20384	0.13475	0.04664	0.01208	0.03905	0.00227	0.00527	0.00889	0.00587	0.06723
1	0.01768	0.03788	0.15397	0.05344	0.05455	0.15702	0.01329	0.09282	0.12879	0.09325	0.01596	0.05497	0.01264	0.00732	0.00596	0.00183	0.00742	0.00580	0.00447	0.08094
2	0.09099	0.01506	0.01520	0.01254	0.01656	0.04233	0.01004	0.36574	0.22022	0.03114	0.02079	0.02091	0.06632	0.03551	0.00701	0.00210	0.00600	0.00643	0.00582	0.00930
3	0.04663	0.06675	0.01368	0.01044	0.01370	0.01093	0.00834	0.11778	0.05782	0.23617	0.05772	0.12382	0.02013	0.03536	0.00865	0.07268	0.00520	0.03214	0.02506	0.03702
4	0.01723	0.08094	0.16430	0.02217	0.25695	0.05034	0.03295	0.09637	0.07789	0.09050	0.01433	0.01582	0.01084	0.00636	0.00591	0.00184	0.00732	0.00537	0.03313	0.00943
5	0.16501	0.23989	0.22126	0.01306	0.03490	0.03389	0.01321	0.05226	0.07577	0.02155	0.06467	0.01510	0.01257	0.00652	0.00514	0.00178	0.00673	0.00476	0.00369	0.00825
6	0.01420	0.14955	0.52164	0.01670	0.02466	0.01595	0.06841	0.02059	0.03879	0.05598	0.01206	0.01367	0.00879	0.00596	0.00574	0.00188	0.00854	0.00476	0.00306	0.00905
7	0.01307	0.01050	0.01134	0.01024	0.01305	0.01114	0.00790	0.14229	0.25359	0.02442	0.09717	0.12400	0.23170	0.01208	0.00690	0.00210	0.00443	0.01019	0.00614	0.00775
8	0.01082	0.00541	0.00812	0.00812	0.00812	0.00541	0.00541	0.00812	0.00812	0.01082	0.01082	0.01894	0.01082	0.02165	0.02435	0.81872	0.00541	0.00541	0.00271	0.00271
9	0.01307	0.01158	0.01486	0.01070	0.01612	0.00919	0.05974	0.01598	0.01294	0.02011	0.01109	0.01323	0.00921	0.00486	0.00532	0.00107	0.02940	0.00402	0.00362	0.73389
10	0.11977	0.01694	0.15313	0.01483	0.01982	0.05126	0.11827	0.09182	0.01582	0.18710	0.01712	0.07888	0.01386	0.00815	0.00677	0.00206	0.03447	0.03657	0.00480	0.00856
11	0.02070	0.01674	0.07046	0.01358	0.01828	0.01697	0.01176	0.55636	0.02525	0.03451	0.01523	0.01626	0.01123	0.01074	0.07090	0.00255	0.00759	0.00564	0.06555	0.00971
12	0.00793	0.00631	0.00715	0.00746	0.00901	0.00566	0.00539	0.01014	0.04012	0.01803	0.14750	0.27006	0.41056	0.01620	0.00750	0.00221	0.00333	0.01402	0.00596	0.00545
13	0.01020	0.00844	0.01205	0.07608	0.01410	0.01039	0.00904	0.01192	0.00997	0.01426	0.01536	0.04350	0.01539	0.18436	0.36165	0.00671	0.18064	0.00707	0.00330	0.00558
14	0.01495	0.01609	0.08743	0.07928	0.63922	0.01472	0.01935	0.01899	0.01400	0.02004	0.01164	0.01529	0.00961	0.00562	0.00615	0.00187	0.00761	0.00547	0.00303	0.00964
15	0.60911	0.01180	0.01057	0.00906	0.01311	0.01300	0.00743	0.02171	0.04937	0.18484	0.01301	0.01322	0.00928	0.00634	0.00451	0.00194	0.00493	0.00420	0.00483	0.00775
16	0.00814	0.00565	0.00708	0.00802	0.00880	0.00525	0.00552	0.00967	0.01286	0.01774	0.10610	0.54458	0.11246	0.01707	0.00742	0.00231	0.00342	0.01525	0.09740	0.00525
17	0.09366	0.01489	0.01578	0.01477	0.07879	0.07075	0.01084	0.25728	0.16065	0.02777	0.03547	0.01782	0.01347	0.01023	0.05711	0.00248	0.05057	0.00579	0.05306	0.00881
18	0.01761	0.67948	0.03067	0.01126	0.01645	0.06195	0.01083	0.07971	0.01436	0.01682	0.00926	0.01049	0.00822	0.00557	0.00427	0.00139	0.00692	0.00356	0.00300	0.00818
19	0.00736	0.00631	0.00631	0.00631	0.00842	0.00526	0.00473	0.00894	0.01420	0.01683	0.06312	0.05996	0.73964	0.01578	0.00736	0.00210	0.00316	0.01315	0.00579	0.00526
20	0.00759	0.00542	0.00723	0.00868	0.00904	0.00506	0.00578	0.00868	0.01193	0.01591	0.03434	0.77697	0.04121	0.01952	0.00795	0.00253	0.00361	0.01771	0.00578	0.00506
21	0.21493	0.01349	0.01719	0.04406	0.15108	0.01476	0.07469	0.08343	0.22885	0.02538	0.01635	0.01873	0.01288	0.00710	0.00581	0.00201	0.00612	0.03052	0.02393	0.00868
22	0.08276	0.01643	0.01761	0.01359	0.01848	0.01801	0.01123	0.60715	0.02688	0.10266	0.01537	0.01517	0.01075	0.00738	0.00606	0.00188	0.00657	0.00551	0.00619	0.01031
23	0.01523	0.01461	0.02494	0.07671	0.70521	0.01475	0.01903	0.01895	0.01410	0.02012	0.01169	0.01548	0.00979	0.00559	0.00617	0.00186	0.00745	0.00555	0.00307	0.00971
24	0.00742	0.00624	0.00644	0.00654	0.00849	0.00526	0.00485	0.00901	0.01413	0.01700	0.08114	0.11498	0.66526	0.01598	0.00741	0.00213	0.00318	0.01345	0.00582	0.00526
25	0.62083	0.01240	0.01053	0.00923	0.01303	0.01422	0.00751	0.08422	0.09135	0.02863	0.04877	0.01388	0.01113	0.00659	0.00453	0.00194	0.00492	0.00439	0.00450	0.00740
26	0.01548	0.01389	0.02261	0.05815	0.56944	0.01349	0.01675	0.01899	0.01410	0.05374	0.01219	0.01534	0.00997	0.00553	0.00593	0.00172	0.00690	0.00529	0.00338	0.13713
27	0.04547	0.04602	0.01929	0.01801	0.12613	0.23632	0.04298	0.09273	0.04310	0.18123	0.01429	0.01524	0.01063	0.00703	0.00718	0.00188	0.07385	0.00523	0.00456	0.00882
28	0.01471	0.01681	0.03676	0.02626	0.03256	0.01576	0.71954	0.01996	0.01471	0.01996	0.01261	0.01681	0.00945	0.00525	0.00735	0.00210	0.01050	0.00735	0.00315	0.00840

[dist]
# distance from previous block
# <min> <max>
0	3

[block]
# block no. 6 follows, 36 sequences, length 20
# corresponding to MSA columns:
# 407-426
name=unknown_G
#
# <colnr> <probs for GDERKNQSTAVLIFYWHMCP>
#	G	D	E	R	K	N	Q	S	T	A	V	L	I	F	Y	W	H	M	C	P
0	0.02665	0.01089	0.01442	0.01125	0.01594	0.00982	0.00923	0.03065	0.09225	0.67130	0.02466	0.02142	0.01580	0.00779	0.00627	0.00195	0.00526	0.00635	0.00757	0.01053
1	0.00759	0.00542	0.00723	0.00868	0.00904	0.00506	0.00578	0.00868	0.01193	0.01591	0.03434	0.77697	0.04121	0.01952	0.00795	0.00253	0.00361	0.01771	0.00578	0.00506
2	0.01343	0.01282	0.02019	0.02720	0.43755	0.01382	0.01510	0.01618	0.01308	0.01845	0.02003	0.05331	0.12661	0.00891	0.00954	0.00211	0.17263	0.00723	0.00355	0.00828
3	0.00759	0.00542	0.00723	0.00868	0.00904	0.00506	0.00578	0.00868	0.01193	0.01591	0.03434	0.77697	0.04121	0.01952	0.00795	0.00253	0.00361	0.01771	0.00578	0.00506
4	0.02262	0.00993	0.01278	0.01027	0.01438	0.00888	0.00832	0.02617	0.07615	0.53280	0.05964	0.02905	0.14197	0.00936	0.00650	0.00197	0.00481	0.00771	0.00723	0.00944
5	0.02544	0.01464	0.01696	0.01300	0.01792	0.01515	0.01074	0.43752	0.02459	0.32979	0.01891	0.01753	0.01258	0.00757	0.00625	0.00189	0.00622	0.00588	0.00684	0.01060
6	0.06448	0.01303	0.01223	0.01098	0.01393	0.10630	0.00848	0.09264	0.23441	0.04643	0.16002	0.06904	0.12194	0.01028	0.00649	0.00200	0.00525	0.00844	0.00581	0.00781
7	0.01108	0.00816	0.01004	0.01031	0.01232	0.00832	0.00851	0.01657	0.15031	0.03984	0.12875	0.05380	0.12755	0.01415	0.00762	0.00243	0.00475	0.34220	0.03668	0.00660
8	0.00848	0.00638	0.00795	0.00858	0.00972	0.00606	0.00620	0.01118	0.05767	0.01880	0.18763	0.41118	0.15279	0.01665	0.00768	0.00234	0.00364	0.06543	0.00604	0.00561
9	0.01541	0.40079	0.21139	0.01574	0.02199	0.04792	0.14731	0.01930	0.01327	0.01696	0.01006	0.01222	0.00825	0.00567	0.00566	0.00169	0.03081	0.00450	0.00277	0.00831
10	0.00872	0.00597	0.00769	0.00819	0.00907	0.00554	0.00566	0.01032	0.01366	0.04033	0.24886	0.42191	0.07724	0.09472	0.01012	0.00268	0.00369	0.01430	0.00596	0.00536
11	0.00795	0.00559	0.00737	0.00866	0.00913	0.00528	0.00592	0.00919	0.01213	0.01634	0.05182	0.65988	0.03980	0.05382	0.00897	0.00267	0.00382	0.05858	0.02801	0.00509
12	0.82504	0.01205	0.00916	0.00819	0.01205	0.01398	0.00675	0.01832	0.01060	0.02795	0.00868	0.01012	0.00675	0.00578	0.00386	0.00193	0.00482	0.00337	0.00386	0.00675
13	0.01099	0.00730	0.00879	0.00802	0.01047	0.00633	0.00625	0.01332	0.01571	0.10800	0.28149	0.04758	0.31050	0.01295	0.00709	0.00199	0.00365	0.05998	0.00621	0.07338
14	0.01372	0.12975	0.45236	0.01990	0.07046	0.01615	0.17284	0.01960	0.01349	0.01913	0.01118	0.01366	0.00837	0.00567	0.00599	0.00191	0.00904	0.00509	0.00278	0.00891
15	0.01072	0.00545	0.00804	0.00804	0.00804	0.00545	0.00531	0.00817	0.00817	0.01090	0.01135	0.02025	0.01153	0.06722	0.02479	0.76995	0.00545	0.00563	0.00277	0.00277
16	0.01862	0.01073	0.01260	0.01073	0.01420	0.01096	0.00849	0.07294	0.24971	0.26840	0.09522	0.05630	0.04390	0.00912	0.00630	0.00197	0.00468	0.00760	0.08851	0.00902
17	0.00923	0.00655	0.00805	0.00861	0.00939	0.00642	0.00605	0.04232	0.01250	0.01652	0.05195	0.32094	0.07535	0.26598	0.01566	0.00365	0.00485	0.12577	0.00518	0.00504
18	0.01700	0.01451	0.01474	0.04766	0.01723	0.12453	0.01094	0.22112	0.07887	0.04097	0.02078	0.07640	0.01947	0.01084	0.00763	0.00220	0.04974	0.18965	0.02780	0.00789
19	0.01659	0.61509	0.10173	0.01162	0.01700	0.08362	0.01175	0.01911	0.01314	0.01556	0.00947	0.01096	0.00831	0.00556	0.00434	0.00142	0.00714	0.00362	0.03601	0.00796

[dist]
# distance from previous block
# <min> <max>
0	5

[block]
# block no. 7 follows, 36 sequences, length 6
# corresponding to MSA columns:
# 432-437
name=unknown_H
#
# <colnr> <probs for GDERKNQSTAVLIFYWHMCP>
#	G	D	E	R	K	N	Q	S	T	A	V	L	I	F	Y	W	H	M	C	P
0	0.01715	0.14704	0.07316	0.05813	0.32947	0.19778	0.05299	0.02040	0.01467	0.01791	0.01068	0.01347	0.00889	0.00577	0.00572	0.00174	0.00854	0.00484	0.00301	0.00866
1	0.13636	0.01421	0.09433	0.01211	0.01789	0.01076	0.09787	0.01705	0.01282	0.02136	0.01091	0.01301	0.00874	0.00501	0.00498	0.00134	0.00587	0.00420	0.00354	0.50765
2	0.01484	0.01428	0.02396	0.11689	0.59492	0.01511	0.01839	0.01837	0.01355	0.01935	0.01131	0.01538	0.00953	0.00614	0.00755	0.00196	0.08067	0.00554	0.00301	0.00925
3	0.01297	0.01313	0.02446	0.02106	0.11835	0.01279	0.34409	0.01834	0.08658	0.02010	0.07621	0.02559	0.10440	0.01146	0.07899	0.00282	0.00864	0.00803	0.00409	0.00789
4	0.00862	0.00596	0.00708	0.00757	0.00788	0.00580	0.00477	0.00919	0.01049	0.01382	0.02715	0.24343	0.07308	0.47949	0.02232	0.00465	0.00518	0.05463	0.00457	0.00434
5	0.00882	0.00607	0.00715	0.00727	0.00754	0.00610	0.00443	0.00924	0.00971	0.01294	0.02315	0.10060	0.06677	0.59342	0.10610	0.00594	0.00681	0.00976	0.00401	0.00416

[dist]
# distance from previous block
# <min> <max>
0	1

[block]
# block no. 8 follows, 36 sequences, length 19
# corresponding to MSA columns:
# 439-457
name=unknown_I
#
# <colnr> <probs for GDERKNQSTAVLIFYWHMCP>
#	G	D	E	R	K	N	Q	S	T	A	V	L	I	F	Y	W	H	M	C	P
0	0.00758	0.00547	0.00719	0.00856	0.00901	0.00507	0.00573	0.00869	0.01204	0.01595	0.03573	0.74225	0.07503	0.01934	0.00792	0.00251	0.00359	0.01749	0.00578	0.00507
1	0.00871	0.00651	0.00915	0.00980	0.01070	0.00623	0.03657	0.03654	0.01306	0.01746	0.05644	0.64237	0.03893	0.01807	0.00789	0.00249	0.00415	0.06370	0.00572	0.00549
2	0.00756	0.00553	0.00712	0.00840	0.00896	0.00508	0.00566	0.00871	0.01220	0.01601	0.03774	0.69233	0.12365	0.01908	0.00788	0.00248	0.00356	0.01717	0.00578	0.00508
3	0.00867	0.00673	0.00779	0.00801	0.00955	0.00627	0.00580	0.03796	0.04513	0.01911	0.16128	0.31655	0.31226	0.01601	0.00749	0.00223	0.00351	0.01395	0.00600	0.00569
