[name]
unknown

[dist]
# distance from previous block
# <min> <max>
0	43

[block]
# block no. 0 follows, 33 sequences, length 169
# corresponding to MSA columns:
# 50-218
name=unknown_A
#
# <colnr> <probs for GDERKNQSTAVLIFYWHMCP>
#	G	D	E	R	K	N	Q	S	T	A	V	L	I	F	Y	W	H	M	C	P
0	0.03714	0.01487	0.03761	0.01343	0.03668	0.14181	0.02858	0.08530	0.06303	0.10279	0.06904	0.18116	0.09347	0.01191	0.00746	0.00220	0.02471	0.03528	0.00561	0.00790
1	0.06764	0.06282	0.11953	0.01580	0.06411	0.10958	0.03164	0.10233	0.13758	0.10083	0.03733	0.08868	0.01646	0.00865	0.00642	0.00205	0.00723	0.00703	0.00512	0.00918
2	0.08411	0.04134	0.09751	0.04255	0.11338	0.10529	0.01233	0.04075	0.05540	0.06830	0.06187	0.10248	0.07555	0.00932	0.00642	0.00200	0.00674	0.00768	0.00470	0.06226
3	0.03964	0.08580	0.05744	0.01424	0.03771	0.26161	0.01131	0.06317	0.08000	0.04370	0.06797	0.12337	0.04386	0.01000	0.00654	0.00201	0.00774	0.03118	0.00479	0.00794
4	0.26493	0.03518	0.04293	0.01790	0.15504	0.03832	0.05912	0.07048	0.03355	0.15430	0.03437	0.01728	0.01240	0.02929	0.00662	0.00214	0.00670	0.00560	0.00483	0.00903
5	0.06715	0.10759	0.04117	0.01266	0.03576	0.09852	0.01018	0.11341	0.11052	0.08634	0.06225	0.05052	0.11189	0.03168	0.00710	0.00208	0.00634	0.00740	0.00533	0.03210
6	0.06024	0.08856	0.21865	0.01581	0.07075	0.03653	0.01461	0.02416	0.09752	0.18578	0.03703	0.01917	0.03428	0.00758	0.00670	0.00200	0.03431	0.00589	0.00486	0.03557
7	0.01522	0.11144	0.34811	0.01491	0.02158	0.07642	0.01636	0.04033	0.05544	0.04344	0.10765	0.01894	0.01665	0.00732	0.00612	0.00188	0.00783	0.00574	0.00403	0.08060
8	0.06338	0.27605	0.26662	0.01670	0.06500	0.03799	0.05885	0.02191	0.03339	0.08466	0.01255	0.01399	0.00959	0.00623	0.00559	0.00184	0.00808	0.00479	0.00354	0.00924
9	0.08901	0.26736	0.44427	0.01544	0.02334	0.01867	0.01857	0.02035	0.01348	0.01995	0.01072	0.01254	0.00826	0.00604	0.00541	0.00186	0.00844	0.00432	0.00291	0.00908
10	0.01760	0.77260	0.03450	0.01126	0.01690	0.02605	0.01126	0.01971	0.01338	0.01549	0.00915	0.01056	0.00845	0.00563	0.00422	0.00141	0.00704	0.00352	0.00282	0.00845
11	0.00893	0.00664	0.00810	0.00783	0.00934	0.00604	0.00570	0.01132	0.01666	0.02267	0.47440	0.07903	0.21242	0.08967	0.01036	0.00256	0.00351	0.01240	0.00661	0.00580
12	0.00926	0.00673	0.00872	0.00822	0.00980	0.00619	0.00617	0.01231	0.01850	0.02607	0.69914	0.04971	0.08727	0.01358	0.00777	0.00208	0.00311	0.01198	0.00720	0.00619
13	0.01850	0.38894	0.02519	0.01301	0.01761	0.15582	0.01126	0.02589	0.24223	0.01951	0.01507	0.01535	0.01223	0.00692	0.00534	0.00173	0.00734	0.00493	0.00418	0.00894
14	0.01365	0.01170	0.01365	0.00975	0.01560	0.00878	0.00780	0.01658	0.01365	0.02145	0.01170	0.01365	0.00975	0.00488	0.00488	0.00098	0.00488	0.00390	0.00390	0.80888
15	0.01144	0.00572	0.00858	0.00858	0.00858	0.00572	0.00572	0.00858	0.00858	0.01144	0.01144	0.02001	0.01144	0.02287	0.02573	0.80846	0.00572	0.00572	0.00286	0.00286
16	0.02147	0.09326	0.01912	0.01521	0.01895	0.40605	0.01191	0.09525	0.17072	0.02113	0.01574	0.01636	0.03047	0.00765	0.00649	0.00186	0.02997	0.00534	0.00444	0.00860
17	0.00932	0.00673	0.00880	0.00828	0.00984	0.00621	0.00621	0.01242	0.01863	0.02640	0.72410	0.04918	0.06212	0.01346	0.00776	0.00207	0.00311	0.01191	0.00725	0.00621
18	0.01644	0.01551	0.12275	0.01357	0.01797	0.01343	0.03801	0.08973	0.24630	0.10945	0.19383	0.02739	0.02667	0.00940	0.00733	0.00214	0.02674	0.00788	0.00617	0.00930
19	0.10428	0.01748	0.01830	0.01433	0.01934	0.01948	0.01178	0.57592	0.09040	0.03903	0.01612	0.01607	0.01158	0.00781	0.00634	0.00200	0.00684	0.00582	0.00634	0.01071
20	0.01854	0.01535	0.02251	0.02781	0.38505	0.01587	0.03875	0.16933	0.10058	0.06947	0.05737	0.01950	0.01509	0.00723	0.00667	0.00201	0.00709	0.00653	0.00490	0.01034
21	0.02436	0.02302	0.01906	0.01572	0.02020	0.29000	0.01247	0.41243	0.06642	0.03119	0.01434	0.01485	0.01070	0.00754	0.00635	0.00189	0.00886	0.00539	0.00540	0.00982
22	0.01578	0.35007	0.34450	0.01622	0.02375	0.01990	0.08509	0.02069	0.01397	0.03831	0.01121	0.01308	0.00877	0.00597	0.00554	0.00181	0.00859	0.00462	0.00300	0.00913
23	0.04229	0.03885	0.08761	0.01455	0.04338	0.03524	0.01213	0.11429	0.35674	0.12672	0.02304	0.02183	0.03723	0.00832	0.00649	0.00210	0.00623	0.00671	0.00608	0.01018
24	0.81514	0.01273	0.00968	0.00866	0.01273	0.01477	0.00713	0.01935	0.01120	0.02954	0.00917	0.01069	0.00713	0.00611	0.00407	0.00204	0.00509	0.00356	0.00407	0.00713
25	0.00831	0.00666	0.00743	0.00730	0.00924	0.00577	0.00545	0.01045	0.01616	0.02069	0.29002	0.08238	0.47550	0.01571	0.00780	0.00219	0.00327	0.01338	0.00650	0.00577
26	0.01760	0.77260	0.03450	0.01126	0.01690	0.02605	0.01126	0.01971	0.01338	0.01549	0.00915	0.01056	0.00845	0.00563	0.00422	0.00141	0.00704	0.00352	0.00282	0.00845
27	0.00940	0.00705	0.01058	0.01058	0.01176	0.00823	0.00823	0.01176	0.01058	0.01528	0.01763	0.02586	0.01646	0.04937	0.74255	0.01058	0.01763	0.00705	0.00353	0.00588
28	0.01764	0.61825	0.12056	0.01268	0.01863	0.08476	0.01302	0.02041	0.01388	0.01621	0.00957	0.01109	0.00844	0.00581	0.00462	0.00152	0.00778	0.00375	0.00286	0.00854
29	0.01629	0.01564	0.02672	0.04041	0.72757	0.01564	0.02020	0.02020	0.01499	0.02151	0.01238	0.01629	0.01043	0.00587	0.00652	0.00196	0.00782	0.00587	0.00326	0.01043
30	0.00802	0.00573	0.00764	0.00917	0.00955	0.00535	0.00611	0.00917	0.01260	0.01681	0.03628	0.76434	0.04354	0.02062	0.00840	0.00267	0.00382	0.01872	0.00611	0.00535
31	0.00787	0.00667	0.00681	0.00691	0.00905	0.00561	0.00520	0.00956	0.01494	0.01781	0.06482	0.08515	0.68378	0.01684	0.00784	0.00226	0.00343	0.03378	0.00611	0.00557
32	0.01616	0.01626	0.04839	0.03810	0.64303	0.01571	0.05778	0.02079	0.03970	0.02168	0.01293	0.01659	0.01068	0.00597	0.00659	0.00198	0.00797	0.00600	0.00337	0.01032
33	0.01349	0.01278	0.02165	0.55825	0.23166	0.01490	0.01881	0.01774	0.01366	0.01810	0.01189	0.01721	0.00923	0.00639	0.00656	0.00213	0.00851	0.00585	0.00302	0.00816
34	0.00957	0.00638	0.00718	0.00718	0.00718	0.00638	0.00399	0.00957	0.00957	0.01276	0.02074	0.04308	0.02393	0.76864	0.03351	0.00638	0.00638	0.00957	0.00399	0.00399
35	0.81514	0.01273	0.00968	0.00866	0.01273	0.01477	0.00713	0.01935	0.01120	0.02954	0.00917	0.01069	0.00713	0.00611	0.00407	0.00204	0.00509	0.00356	0.00407	0.00713
36	0.02461	0.01804	0.01931	0.01485	0.02000	0.01995	0.01226	0.68317	0.03039	0.04094	0.01599	0.01609	0.01138	0.00790	0.00652	0.00196	0.00711	0.00593	0.03256	0.01103
37	0.02393	0.01798	0.02065	0.01573	0.02098	0.01967	0.06091	0.63441	0.02930	0.03949	0.01582	0.01623	0.01130	0.00773	0.00660	0.00198	0.00738	0.00606	0.03299	0.01086
38	0.01550	0.01485	0.02518	0.17550	0.57438	0.01560	0.01965	0.01942	0.01448	0.02043	0.01213	0.01647	0.01005	0.00619	0.00702	0.00203	0.03236	0.00586	0.00318	0.00973
39	0.00792	0.00667	0.00687	0.00682	0.00898	0.00562	0.00511	0.00973	0.01534	0.01859	0.12801	0.06203	0.66308	0.01637	0.00778	0.00221	0.00331	0.01371	0.00622	0.00562
40	0.01760	0.77260	0.03450	0.01126	0.01690	0.02605	0.01126	0.01971	0.01338	0.01549	0.00915	0.01056	0.00845	0.00563	0.00422	0.00141	0.00704	0.00352	0.00282	0.00845
41	0.01789	0.29352	0.19279	0.04345	0.06780	0.04084	0.08087	0.04320	0.03957	0.10186	0.01326	0.01470	0.01011	0.00633	0.00575	0.00183	0.00809	0.00506	0.00377	0.00932
42	0.01507	0.10285	0.57240	0.01700	0.02560	0.01549	0.02102	0.02153	0.01449	0.08880	0.03737	0.01560	0.01096	0.00662	0.00614	0.00201	0.00884	0.00514	0.00345	0.00963
43	0.00815	0.00583	0.00778	0.00923	0.00970	0.00545	0.00626	0.00943	0.01291	0.01725	0.06125	0.71533	0.04403	0.02028	0.00840	0.00266	0.00387	0.04063	0.00615	0.00540
44	0.00795	0.00621	0.00722	0.00795	0.00925	0.00548	0.00559	0.00941	0.01394	0.01758	0.07330	0.40868	0.36701	0.01852	0.00809	0.00244	0.00357	0.01621	0.00615	0.00548
45	0.02045	0.16294	0.20940	0.01519	0.04421	0.03313	0.03840	0.04527	0.05641	0.26304	0.01862	0.01833	0.03123	0.00724	0.00612	0.00194	0.00734	0.00575	0.00509	0.00990
46	0.01267	0.01195	0.02018	0.70848	0.08780	0.01469	0.01840	0.01703	0.01328	0.01711	0.01174	0.01747	0.00888	0.00654	0.00658	0.00218	0.00872	0.00585	0.00295	0.00751
47	0.00940	0.00624	0.00733	0.00758	0.00771	0.00614	0.00448	0.00943	0.01017	0.01349	0.02415	0.15649	0.05055	0.57160	0.02809	0.06191	0.00582	0.01090	0.00432	0.00418
48	0.01381	0.03272	0.68824	0.01929	0.05209	0.01513	0.02373	0.02117	0.01409	0.04266	0.01227	0.01424	0.00865	0.00630	0.00627	0.00208	0.00954	0.00495	0.00296	0.00980
49	0.01562	0.01473	0.02455	0.17186	0.55245	0.01531	0.01910	0.04383	0.01522	0.02123	0.01404	0.01795	0.03203	0.00640	0.00657	0.00201	0.00784	0.00611	0.00340	0.00972
50	0.00924	0.00674	0.00803	0.00785	0.00966	0.00597	0.00583	0.01152	0.01648	0.04604	0.35514	0.13773	0.32497	0.01541	0.00781	0.00220	0.00337	0.01332	0.00669	0.00602
51	0.01692	0.01359	0.01452	0.01290	0.01666	0.01535	0.01008	0.05204	0.60532	0.07337	0.02902	0.02669	0.06536	0.00935	0.00676	0.00221	0.00517	0.00777	0.00675	0.01018
52	0.66655	0.01378	0.03642	0.01168	0.06033	0.01484	0.02564	0.04291	0.01240	0.02878	0.01014	0.01191	0.00787	0.00619	0.00450	0.00202	0.00559	0.00402	0.02686	0.00759
53	0.01614	0.01580	0.02607	0.09676	0.61134	0.03681	0.03876	0.02000	0.01482	0.02079	0.01218	0.01625	0.01017	0.00611	0.00698	0.00200	0.02996	0.00587	0.00323	0.00996
54	0.01467	0.01388	0.04321	0.10995	0.23199	0.01216	0.01350	0.04181	0.01460	0.02158	0.01205	0.01500	0.00984	0.00553	0.00568	0.00149	0.00648	0.00483	0.00365	0.41812
55	0.01692	0.01065	0.01270	0.01001	0.01429	0.03068	0.00794	0.01972	0.01662	0.21487	0.21376	0.02722	0.04680	0.00853	0.00626	0.00162	0.00475	0.00715	0.00602	0.32348
56	0.01440	0.01440	0.02016	0.01728	0.01728	0.02016	0.01440	0.01584	0.01008	0.01584	0.00864	0.01440	0.00864	0.01152	0.02160	0.00288	0.75659	0.00576	0.00288	0.00720
57	0.01423	0.01409	0.01966	0.01683	0.01706	0.01943	0.01400	0.01574	0.01021	0.01601	0.00901	0.01472	0.00891	0.01245	0.04286	0.00305	0.70953	0.00574	0.00293	0.03351
58	0.00895	0.00608	0.00742	0.00808	0.00825	0.00591	0.00496	0.00937	0.01086	0.01449	0.02725	0.35637	0.03212	0.42231	0.02236	0.02708	0.00525	0.01345	0.00488	0.00455
59	0.00796	0.00595	0.00741	0.00857	0.00939	0.00540	0.00584	0.00923	0.01318	0.01704	0.04358	0.59613	0.20704	0.01968	0.00825	0.00257	0.00370	0.01756	0.00611	0.00540
60	0.01291	0.01219	0.02061	0.66477	0.12966	0.01475	0.01852	0.01724	0.01339	0.01740	0.01179	0.01740	0.00898	0.00649	0.00657	0.00216	0.00866	0.00585	0.00297	0.00770
61	0.01243	0.01170	0.01975	0.75282	0.04534	0.01463	0.01828	0.01682	0.01316	0.01682	0.01170	0.01755	0.00878	0.00658	0.00658	0.00219	0.00878	0.00585	0.00293	0.00731
62	0.81514	0.01273	0.00968	0.00866	0.01273	0.01477	0.00713	0.01935	0.01120	0.02954	0.00917	0.01069	0.00713	0.00611	0.00407	0.00204	0.00509	0.00356	0.00407	0.00713
63	0.00808	0.00673	0.00711	0.00728	0.00936	0.00575	0.00557	0.00990	0.01505	0.01816	0.08057	0.08441	0.62531	0.01684	0.00792	0.00230	0.00359	0.07433	0.00614	0.00561
64	0.00956	0.00640	0.00729	0.00725	0.00735	0.00637	0.00413	0.00976	0.01016	0.01365	0.06629	0.04348	0.02641	0.71974	0.03184	0.00610	0.00617	0.00972	0.00420	0.00413
65	0.00961	0.00642	0.00730	0.00735	0.00740	0.00642	0.00422	0.00972	0.00977	0.01301	0.02123	0.04417	0.02442	0.74253	0.03266	0.00627	0.00637	0.03301	0.00406	0.00406
66	0.02503	0.01844	0.01976	0.01515	0.02042	0.02042	0.01251	0.70562	0.03095	0.04149	0.01581	0.01581	0.01120	0.00790	0.00659	0.00198	0.00724	0.00593	0.00659	0.01120
67	0.01440	0.01440	0.02016	0.01728	0.01728	0.02016	0.01440	0.01584	0.01008	0.01584	0.00864	0.01440	0.00864	0.01152	0.02160	0.00288	0.75659	0.00576	0.00288	0.00720
68	0.01243	0.01170	0.01975	0.75282	0.04534	0.01463	0.01828	0.01682	0.01316	0.01682	0.01170	0.01755	0.00878	0.00658	0.00658	0.00219	0.00878	0.00585	0.00293	0.00731
69	0.01760	0.77260	0.03450	0.01126	0.01690	0.02605	0.01126	0.01971	0.01338	0.01549	0.00915	0.01056	0.00845	0.00563	0.00422	0.00141	0.00704	0.00352	0.00282	0.00845
70	0.00932	0.00670	0.00901	0.01022	0.01128	0.00645	0.00799	0.01149	0.01435	0.01899	0.10750	0.34160	0.06719	0.04038	0.00935	0.00286	0.00478	0.30869	0.00615	0.00572
71	0.01627	0.01751	0.01989	0.01722	0.01785	0.15249	0.01409	0.01776	0.01165	0.01589	0.00892	0.01394	0.00861	0.01065	0.01873	0.00266	0.62011	0.00548	0.00297	0.00728
72	0.01770	0.01469	0.01551	0.01406	0.03779	0.04073	0.01068	0.14038	0.47753	0.04846	0.04865	0.04612	0.03957	0.00929	0.00676	0.00217	0.00569	0.00768	0.00649	0.01005
73	0.00864	0.00672	0.00712	0.00719	0.00928	0.00569	0.00532	0.01027	0.01484	0.04477	0.06118	0.15316	0.60921	0.01686	0.00782	0.00227	0.00348	0.01425	0.00619	0.00574
74	0.00802	0.00573	0.00764	0.00917	0.00955	0.00535	0.00611	0.00917	0.01260	0.01681	0.03628	0.76434	0.04354	0.02062	0.00840	0.00267	0.00382	0.01872	0.00611	0.00535
75	0.02210	0.04954	0.01805	0.01544	0.01919	0.43315	0.01189	0.07629	0.22491	0.04142	0.01588	0.01614	0.01231	0.00750	0.00617	0.00187	0.00925	0.00535	0.00471	0.00883
76	0.01274	0.01053	0.03600	0.01131	0.01295	0.07175	0.00869	0.03712	0.01429	0.08284	0.02920	0.46932	0.03240	0.01767	0.03386	0.00279	0.04964	0.05462	0.00568	0.00660
77	0.01135	0.00882	0.01314	0.05442	0.07540	0.01000	0.00998	0.01393	0.01270	0.04349	0.13707	0.02788	0.02280	0.05409	0.39653	0.00676	0.08312	0.00765	0.00422	0.00666
78	0.01320	0.03405	0.73453	0.01876	0.02849	0.01529	0.02432	0.02085	0.01390	0.02085	0.01181	0.01390	0.00834	0.00625	0.00625	0.00208	0.00973	0.00486	0.00278	0.00973
79	0.01875	0.01712	0.03209	0.02465	0.07726	0.01665	0.45760	0.15444	0.01880	0.09252	0.01494	0.01772	0.01085	0.00627	0.00735	0.00214	0.00961	0.00717	0.00441	0.00965
80	0.75744	0.01294	0.01091	0.01095	0.06436	0.01483	0.00807	0.01941	0.01148	0.02896	0.00940	0.01110	0.00737	0.00609	0.00425	0.00203	0.00529	0.00373	0.00402	0.00737
81	0.01616	0.01550	0.02647	0.06596	0.70310	0.01561	0.02014	0.02008	0.01492	0.02134	0.01236	0.01634	0.01037	0.00589	0.00652	0.00196	0.00786	0.00587	0.00325	0.01032
82	0.01421	0.01230	0.01562	0.03517	0.11307	0.01016	0.00983	0.03701	0.01422	0.02170	0.01213	0.01490	0.01020	0.02371	0.00589	0.00130	0.00549	0.00442	0.00387	0.63479
83	0.00952	0.00636	0.00720	0.00725	0.00727	0.00634	0.00407	0.00956	0.00968	0.01291	0.02131	0.06931	0.02465	0.74144	0.03259	0.00625	0.00629	0.00991	0.00407	0.00404
84	0.00941	0.00701	0.01038	0.01038	0.01149	0.00812	0.00798	0.01163	0.01052	0.01514	0.01782	0.02687	0.01690	0.09144	0.70108	0.01033	0.01698	0.00720	0.00355	0.00577
85	0.00802	0.00573	0.00764	0.00917	0.00955	0.00535	0.00611	0.00917	0.01260	0.01681	0.03628	0.76434	0.04354	0.02062	0.00840	0.00267	0.00382	0.01872	0.00611	0.00535
86	0.00940	0.00705	0.01058	0.01058	0.01176	0.00823	0.00823	0.01176	0.01058	0.01528	0.01763	0.02586	0.01646	0.04937	0.74255	0.01058	0.01763	0.00705	0.00353	0.00588
87	0.01637	0.01414	0.01489	0.01340	0.01712	0.01637	0.01042	0.03498	0.71568	0.02754	0.02679	0.02456	0.02010	0.00893	0.00670	0.00223	0.00521	0.00744	0.00670	0.01042
88	0.81514	0.01273	0.00968	0.00866	0.01273	0.01477	0.00713	0.01935	0.01120	0.02954	0.00917	0.01069	0.00713	0.00611	0.00407	0.00204	0.00509	0.00356	0.00407	0.00713
89	0.01243	0.01170	0.01975	0.75282	0.04534	0.01463	0.01828	0.01682	0.01316	0.01682	0.01170	0.01755	0.00878	0.00658	0.00658	0.00219	0.00878	0.00585	0.00293	0.00731
90	0.81514	0.01273	0.00968	0.00866	0.01273	0.01477	0.00713	0.01935	0.01120	0.02954	0.00917	0.01069	0.00713	0.00611	0.00407	0.00204	0.00509	0.00356	0.00407	0.00713
91	0.01365	0.01170	0.01365	0.00975	0.01560	0.00878	0.00780	0.01658	0.01365	0.02145	0.01170	0.01365	0.00975	0.00488	0.00488	0.00098	0.00488	0.00390	0.00390	0.80888
92	0.02503	0.01844	0.01976	0.01515	0.02042	0.02042	0.01251	0.70562	0.03095	0.04149	0.01581	0.01581	0.01120	0.00790	0.00659	0.00198	0.00724	0.00593	0.00659	0.01120
93	0.02503	0.01844	0.01976	0.01515	0.02042	0.02042	0.01251	0.70562	0.03095	0.04149	0.01581	0.01581	0.01120	0.00790	0.00659	0.00198	0.00724	0.00593	0.00659	0.01120
94	0.13017	0.36625	0.20444	0.01343	0.01975	0.04636	0.01416	0.09982	0.01543	0.02186	0.01063	0.01207	0.00855	0.00616	0.00505	0.00174	0.00763	0.00417	0.00344	0.00887
95	0.02534	0.01698	0.01867	0.01436	0.01949	0.01836	0.01185	0.58288	0.02861	0.14598	0.01752	0.01707	0.01214	0.00793	0.00653	0.00197	0.00687	0.00604	0.03036	0.01105
96	0.01017	0.00730	0.01009	0.01156	0.01294	0.00721	0.00983	0.01290	0.01480	0.01925	0.03594	0.16965	0.05787	0.01848	0.00896	0.00296	0.00567	0.57241	0.00607	0.00595
97	0.01440	0.01440	0.02016	0.01728	0.01728	0.02016	0.01440	0.01584	0.01008	0.01584	0.00864	0.01440	0.00864	0.01152	0.02160	0.00288	0.75659	0.00576	0.00288	0.00720
98	0.00837	0.00620	0.00785	0.00871	0.00972	0.00568	0.00619	0.01009	0.01432	0.01892	0.16774	0.45852	0.17631	0.01842	0.00821	0.00250	0.00373	0.05663	0.00632	0.00559
99	0.81514	0.01273	0.00968	0.00866	0.01273	0.01477	0.00713	0.01935	0.01120	0.02954	0.00917	0.01069	0.00713	0.00611	0.00407	0.00204	0.00509	0.00356	0.00407	0.00713
100	0.01440	0.01440	0.02016	0.01728	0.01728	0.02016	0.01440	0.01584	0.01008	0.01584	0.00864	0.01440	0.00864	0.01152	0.02160	0.00288	0.75659	0.00576	0.00288	0.00720
101	0.00830	0.00593	0.00795	0.00948	0.00998	0.00558	0.00659	0.00964	0.01288	0.01711	0.03613	0.69100	0.04294	0.02037	0.00848	0.00271	0.00406	0.08934	0.00611	0.00542
102	0.00820	0.00669	0.00725	0.00711	0.00915	0.00574	0.00533	0.01026	0.01600	0.02014	0.24628	0.05948	0.54384	0.01579	0.00778	0.00218	0.00327	0.01335	0.00642	0.00574
103	0.01475	0.01235	0.01424	0.01027	0.01607	0.00990	0.00826	0.08303	0.01532	0.02338	0.01210	0.01386	0.00989	0.00517	0.00504	0.00107	0.00510	0.00410	0.00416	0.73195
104	0.00957	0.00638	0.00718	0.00718	0.00718	0.00638	0.00399	0.00957	0.00957	0.01276	0.02074	0.04308	0.02393	0.76864	0.03351	0.00638	0.00638	0.00957	0.00399	0.00399
105	0.00950	0.00748	0.00954	0.00974	0.01160	0.00705	0.02788	0.01220	0.03351	0.01888	0.08400	0.08828	0.31220	0.06570	0.03121	0.00303	0.00520	0.25122	0.00588	0.00590
106	0.00936	0.00653	0.00762	0.00784	0.00841	0.00634	0.00510	0.01017	0.01162	0.01526	0.07482	0.09000	0.11548	0.50226	0.02457	0.00501	0.00561	0.08454	0.00481	0.00463
107	0.01508	0.01078	0.01131	0.01037	0.01324	0.01199	0.00802	0.02685	0.40799	0.04676	0.02459	0.02449	0.01867	0.00839	0.00584	0.00194	0.00434	0.00688	0.33377	0.00869
108	0.01629	0.01564	0.02672	0.04041	0.72757	0.01564	0.02020	0.02020	0.01499	0.02151	0.01238	0.01629	0.01043	0.00587	0.00652	0.00196	0.00782	0.00587	0.00326	0.01043
109	0.01144	0.00572	0.00858	0.00858	0.00858	0.00572	0.00572	0.00858	0.00858	0.01144	0.01144	0.02001	0.01144	0.02287	0.02573	0.80846	0.00572	0.00572	0.00286	0.00286
110	0.00800	0.00580	0.00757	0.00899	0.00950	0.00536	0.00603	0.00919	0.01277	0.01687	0.03842	0.71517	0.09134	0.02035	0.00836	0.00264	0.00379	0.01838	0.00611	0.00536
111	0.01554	0.01776	0.03885	0.02775	0.03441	0.01665	0.70366	0.02109	0.01554	0.02109	0.01332	0.01776	0.00999	0.00555	0.00777	0.00222	0.01110	0.00777	0.00333	0.00888
112	0.01562	0.44053	0.34925	0.01464	0.02211	0.02121	0.01714	0.02022	0.01361	0.01790	0.01035	0.01206	0.00840	0.00591	0.00514	0.00171	0.00825	0.00412	0.00280	0.00902
113	0.01316	0.00836	0.01041	0.00947	0.01182	0.00804	0.00724	0.01811	0.11468	0.13197	0.43289	0.09276	0.08919	0.01273	0.00749	0.00214	0.00384	0.01109	0.00716	0.00745
114	0.00957	0.00638	0.00718	0.00718	0.00718	0.00638	0.00399	0.00957	0.00957	0.01276	0.02074	0.04308	0.02393	0.76864	0.03351	0.00638	0.00638	0.00957	0.00399	0.00399
115	0.01950	0.53432	0.02945	0.03365	0.01870	0.23541	0.01189	0.02156	0.01492	0.01571	0.00952	0.01114	0.00847	0.00600	0.00479	0.00151	0.00850	0.00380	0.00299	0.00818
116	0.00928	0.00673	0.00874	0.00824	0.00981	0.00619	0.00618	0.01234	0.01854	0.02617	0.70641	0.04956	0.07995	0.01355	0.00777	0.00207	0.00311	0.01196	0.00722	0.00619
117	0.01365	0.01170	0.01365	0.00975	0.01560	0.00878	0.00780	0.01658	0.01365	0.02145	0.01170	0.01365	0.00975	0.00488	0.00488	0.00098	0.00488	0.00390	0.00390	0.80888
118	0.00827	0.00609	0.00854	0.00966	0.01025	0.00569	0.02552	0.00959	0.01286	0.01720	0.05524	0.72320	0.04314	0.02000	0.00837	0.00264	0.00400	0.01822	0.00607	0.00547
119	0.00908	0.00672	0.00847	0.00803	0.00969	0.00611	0.00603	0.01197	0.01808	0.02508	0.62330	0.05135	0.16374	0.01395	0.00777	0.00209	0.00314	0.01221	0.00707	0.00611
120	0.00778	0.00667	0.00667	0.00667	0.00889	0.00556	0.00500	0.00945	0.01501	0.01778	0.06669	0.06336	0.72490	0.01667	0.00778	0.00222	0.00333	0.01389	0.00611	0.00556
121	0.01554	0.01776	0.03885	0.02775	0.03441	0.01665	0.70366	0.02109	0.01554	0.02109	0.01332	0.01776	0.00999	0.00555	0.00777	0.00222	0.01110	0.00777	0.00333	0.00888
122	0.00834	0.00596	0.00801	0.00953	0.01005	0.00562	0.00667	0.00972	0.01292	0.01716	0.03611	0.67917	0.04284	0.02032	0.00849	0.00272	0.00410	0.10073	0.00611	0.00544
123	0.01746	0.01468	0.01550	0.01362	0.01753	0.01688	0.01068	0.11893	0.62997	0.02929	0.02542	0.02347	0.01898	0.00880	0.00668	0.00220	0.00546	0.00725	0.00668	0.01052
124	0.01760	0.77260	0.03450	0.01126	0.01690	0.02605	0.01126	0.01971	0.01338	0.01549	0.00915	0.01056	0.00845	0.00563	0.00422	0.00141	0.00704	0.00352	0.00282	0.00845
125	0.01760	0.77260	0.03450	0.01126	0.01690	0.02605	0.01126	0.01971	0.01338	0.01549	0.00915	0.01056	0.00845	0.00563	0.00422	0.00141	0.00704	0.00352	0.00282	0.00845
126	0.01320	0.03405	0.73453	0.01876	0.02849	0.01529	0.02432	0.02085	0.01390	0.02085	0.01181	0.01390	0.00834	0.00625	0.00625	0.00208	0.00973	0.00486	0.00278	0.00973
127	0.01629	0.01564	0.02672	0.04041	0.72757	0.01564	0.02020	0.02020	0.01499	0.02151	0.01238	0.01629	0.01043	0.00587	0.00652	0.00196	0.00782	0.00587	0.00326	0.01043
128	0.01873	0.01036	0.01235	0.01047	0.01355	0.01037	0.00803	0.08297	0.13910	0.25186	0.11488	0.03001	0.02407	0.16074	0.01197	0.00289	0.00529	0.00794	0.07589	0.00854
129	0.00812	0.00619	0.00751	0.00849	0.00961	0.00558	0.00604	0.00958	0.01363	0.01735	0.04690	0.46880	0.28318	0.01906	0.00823	0.00254	0.00381	0.06380	0.00611	0.00547
130	0.01144	0.00572	0.00858	0.00858	0.00858	0.00572	0.00572	0.00858	0.00858	0.01144	0.01144	0.02001	0.01144	0.02287	0.02573	0.80846	0.00572	0.00572	0.00286	0.00286
131	0.01615	0.01550	0.02647	0.06631	0.70277	0.01560	0.02013	0.02008	0.01492	0.02134	0.01236	0.01634	0.01037	0.00589	0.00652	0.00196	0.00786	0.00587	0.00325	0.01031
132	0.01915	0.60836	0.03099	0.01253	0.01766	0.18474	0.01159	0.02117	0.01455	0.01563	0.00938	0.01085	0.00846	0.00589	0.00460	0.00147	0.00811	0.00368	0.00294	0.00827
133	0.00803	0.00605	0.00745	0.00853	0.00948	0.00547	0.00592	0.00938	0.01337	0.01717	0.04501	0.54199	0.23993	0.01941	0.00824	0.00255	0.00374	0.03672	0.00611	0.00543
134	0.01666	0.13706	0.02407	0.02641	0.37298	0.01722	0.01536	0.04798	0.18143	0.02268	0.01536	0.01714	0.01239	0.00656	0.00609	0.00187	0.00686	0.00574	0.00416	0.06198
135	0.00860	0.00662	0.00790	0.00803	0.00968	0.00592	0.00602	0.01084	0.01606	0.02108	0.31187	0.16015	0.32428	0.01612	0.00796	0.00229	0.00351	0.06073	0.00654	0.00581
136	0.01362	0.10415	0.66809	0.01805	0.02739	0.01631	0.02308	0.02074	0.01385	0.02034	0.01156	0.01358	0.00835	0.00620	0.00606	0.00202	0.00947	0.00474	0.00278	0.00961
137	0.01533	0.28149	0.31384	0.01792	0.04891	0.01897	0.12825	0.03683	0.01462	0.01979	0.03830	0.01485	0.01083	0.00623	0.00588	0.00187	0.00865	0.00520	0.00316	0.00908
138	0.10772	0.01167	0.01478	0.01151	0.01638	0.01077	0.00948	0.07415	0.01886	0.59125	0.04824	0.02174	0.01665	0.00811	0.00640	0.00203	0.00557	0.00645	0.00760	0.01062
139	0.01280	0.01328	0.01242	0.06402	0.04002	0.16346	0.00940	0.01484	0.01524	0.01769	0.06244	0.06853	0.34140	0.01316	0.00864	0.00222	0.07484	0.05414	0.00495	0.00649
140	0.01538	0.01498	0.02633	0.19496	0.51375	0.01551	0.08356	0.01955	0.01464	0.02044	0.01232	0.01671	0.01003	0.00599	0.00665	0.00203	0.00834	0.00604	0.00319	0.00960
141	0.00885	0.00632	0.00859	0.01011	0.01085	0.00606	0.00754	0.01059	0.01342	0.01773	0.03583	0.54446	0.04174	0.01985	0.00862	0.00279	0.00453	0.23046	0.00610	0.00557
142	0.07236	0.01297	0.01593	0.01235	0.01738	0.01254	0.01018	0.17853	0.04564	0.51689	0.02283	0.02038	0.01480	0.00801	0.00647	0.00203	0.00592	0.00633	0.00753	0.01094
143	0.01054	0.00869	0.01279	0.16722	0.01896	0.01029	0.01041	0.01365	0.03568	0.01622	0.02013	0.02859	0.06167	0.07939	0.39825	0.00697	0.05933	0.03119	0.00376	0.00628
144	0.01679	0.02900	0.48055	0.01725	0.02498	0.09430	0.01974	0.11213	0.03568	0.06135	0.01414	0.03970	0.01065	0.00718	0.00637	0.00205	0.00909	0.00556	0.00385	0.00965
145	0.02459	0.03138	0.01866	0.01696	0.02035	0.74221	0.01272	0.02629	0.01866	0.01611	0.01018	0.01187	0.00848	0.00678	0.00594	0.00170	0.01187	0.00424	0.00339	0.00763
146	0.02896	0.01109	0.01513	0.01173	0.01671	0.00961	0.00970	0.03152	0.01873	0.71024	0.02625	0.02400	0.01696	0.00846	0.00670	0.00207	0.00562	0.02741	0.00808	0.01105
147	0.01573	0.01506	0.02570	0.14488	0.62753	0.01549	0.01992	0.01971	0.01472	0.02082	0.01228	0.01648	0.01019	0.00597	0.00653	0.00199	0.00796	0.00586	0.00321	0.00997
148	0.01760	0.77260	0.03450	0.01126	0.01690	0.02605	0.01126	0.01971	0.01338	0.01549	0.00915	0.01056	0.00845	0.00563	0.00422	0.00141	0.00704	0.00352	0.00282	0.00845
149	0.00778	0.00667	0.00667	0.00667	0.00889	0.00556	0.00500	0.00945	0.01501	0.01778	0.06669	0.06336	0.72490	0.01667	0.00778	0.00222	0.00333	0.01389	0.00611	0.00556
150	0.00795	0.00668	0.00690	0.00685	0.00900	0.00563	0.00513	0.00977	0.01540	0.01873	0.13877	0.06180	0.65223	0.01632	0.00778	0.00221	0.00331	0.01368	0.00624	0.00563
151	0.02954	0.01120	0.01528	0.01171	0.01681	0.00968	0.00968	0.03208	0.01884	0.73213	0.02597	0.02241	0.01630	0.00815	0.00662	0.00204	0.00560	0.00662	0.00815	0.01120
152	0.01047	0.00647	0.00739	0.00759	0.00914	0.00617	0.00581	0.01317	0.01498	0.02266	0.16700	0.10321	0.13731	0.01248	0.00654	0.00201	0.00353	0.08953	0.36855	0.00599
153	0.78487	0.04157	0.01062	0.00876	0.01289	0.01520	0.00729	0.01937	0.01129	0.02900	0.00917	0.01069	0.00718	0.00609	0.00408	0.00201	0.00517	0.00356	0.00403	0.00718
154	0.00957	0.00638	0.00718	0.00718	0.00718	0.00638	0.00399	0.00957	0.00957	0.01276	0.02074	0.04308	0.02393	0.76864	0.03351	0.00638	0.00638	0.00957	0.00399	0.00399
155	0.01876	0.53301	0.03021	0.03678	0.08111	0.14491	0.01255	0.04432	0.01500	0.01706	0.00991	0.01167	0.00873	0.00595	0.00486	0.00155	0.00798	0.00400	0.00308	0.00855
156	0.01145	0.00930	0.01156	0.01093	0.05333	0.00796	0.00777	0.03455	0.01550	0.02201	0.19032	0.13990	0.12039	0.01133	0.00674	0.00180	0.00439	0.03377	0.00541	0.30160
157	0.01685	0.14005	0.36394	0.03840	0.06909	0.12806	0.01839	0.08501	0.01618	0.02130	0.01190	0.01388	0.00908	0.00643	0.00590	0.00189	0.00905	0.00480	0.03059	0.00921
158	0.01700	0.01708	0.02573	0.05839	0.63859	0.08707	0.01941	0.02071	0.01530	0.02084	0.01215	0.01589	0.01019	0.00598	0.00646	0.00194	0.00825	0.00571	0.00326	0.01006
159	0.01637	0.01414	0.01489	0.01340	0.01712	0.01637	0.01042	0.03498	0.71568	0.02754	0.02679	0.02456	0.02010	0.00893	0.00670	0.00223	0.00521	0.00744	0.00670	0.01042
160	0.00957	0.00638	0.00718	0.00718	0.00718	0.00638	0.00399	0.00957	0.00957	0.01276	0.02074	0.04308	0.02393	0.76864	0.03351	0.00638	0.00638	0.00957	0.00399	0.00399
161	0.00788	0.00670	0.00681	0.00686	0.00906	0.00563	0.00520	0.00960	0.01501	0.01785	0.06557	0.06374	0.70067	0.01673	0.00783	0.00225	0.00343	0.03750	0.00611	0.00558
162	0.00957	0.00638	0.00718	0.00718	0.00718	0.00638	0.00399	0.00957	0.00957	0.01276	0.02074	0.04308	0.02393	0.76864	0.03351	0.00638	0.00638	0.00957	0.00399	0.00399
163	0.02469	0.02053	0.01896	0.01514	0.01989	0.17053	0.01222	0.52025	0.02746	0.05836	0.01514	0.01547	0.01097	0.00767	0.00639	0.00191	0.00803	0.00560	0.03051	0.01030
164	0.02113	0.39811	0.02649	0.01414	0.01864	0.38788	0.01200	0.02303	0.01604	0.01580	0.00967	0.01122	0.00846	0.00621	0.00509	0.00155	0.00948	0.00388	0.00311	0.00804
165	0.00822	0.00581	0.00758	0.00891	0.00924	0.00548	0.00584	0.00922	0.01222	0.01629	0.03429	0.67177	0.04102	0.11663	0.01162	0.00315	0.00415	0.01754	0.00584	0.00517
166	0.01602	0.28047	0.32998	0.01488	0.02165	0.09425	0.01653	0.02157	0.05888	0.01921	0.01232	0.01393	0.00969	0.00636	0.00546	0.00179	0.00832	0.00459	0.05521	0.00889
167	0.01075	0.00863	0.01156	0.01083	0.01121	0.01047	0.00799	0.01186	0.01002	0.01435	0.01668	0.03030	0.01766	0.34658	0.25696	0.00683	0.20054	0.00780	0.00356	0.00541
168	0.00863	0.00690	0.00787	0.00833	0.01028	0.00614	0.00665	0.01070	0.01507	0.01853	0.07466	0.08725	0.49254	0.01713	0.00817	0.00246	0.00411	0.20275	0.00613	0.00571

[dist]
# distance from previous block
# <min> <max>
0	2

[block]
# block no. 1 follows, 33 sequences, length 57
# corresponding to MSA columns:
# 221-277
name=unknown_B
#
# <colnr> <probs for GDERKNQSTAVLIFYWHMCP>
#	G	D	E	R	K	N	Q	S	T	A	V	L	I	F	Y	W	H	M	C	P
0	0.01635	0.01398	0.01031	0.00964	0.01186	0.22199	0.00727	0.04429	0.01586	0.02271	0.01796	0.02051	0.01421	0.00742	0.00507	0.00160	0.00580	0.00557	0.54085	0.00676
1	0.01529	0.01244	0.01433	0.01051	0.01616	0.01030	0.00843	0.08155	0.05444	0.04316	0.01331	0.01470	0.01064	0.00547	0.00518	0.00117	0.00513	0.00436	0.00442	0.66901
2	0.02305	0.02077	0.26572	0.01501	0.02166	0.05673	0.03318	0.05060	0.01744	0.39964	0.01942	0.01847	0.01272	0.00733	0.00648	0.00204	0.00761	0.00587	0.00582	0.01041
3	0.00963	0.00656	0.00791	0.00811	0.00840	0.00668	0.00519	0.01022	0.01035	0.01387	0.02232	0.06320	0.02514	0.59471	0.10421	0.00637	0.00746	0.08103	0.00422	0.00444
4	0.00940	0.00705	0.01058	0.01058	0.01176	0.00823	0.00823	0.01176	0.01058	0.01528	0.01763	0.02586	0.01646	0.04937	0.74255	0.01058	0.01763	0.00705	0.00353	0.00588
5	0.01516	0.01622	0.03259	0.14709	0.18174	0.01623	0.42618	0.02004	0.01486	0.02031	0.01271	0.01731	0.00984	0.00598	0.00777	0.00218	0.03468	0.00699	0.00323	0.00890
6	0.02459	0.03138	0.01866	0.01696	0.02035	0.74221	0.01272	0.02629	0.01866	0.01611	0.01018	0.01187	0.00848	0.00678	0.00594	0.00170	0.01187	0.00424	0.00339	0.00763
7	0.00964	0.00725	0.00927	0.01021	0.01196	0.00687	0.00863	0.01224	0.01524	0.01933	0.07087	0.06979	0.26129	0.01752	0.00862	0.00273	0.00507	0.44144	0.00612	0.00590
8	0.00838	0.00666	0.00752	0.00737	0.00928	0.00580	0.00550	0.01058	0.01632	0.02106	0.31781	0.08134	0.44793	0.01557	0.00780	0.00218	0.00326	0.01329	0.00655	0.00580
9	0.01307	0.01244	0.02134	0.63093	0.13824	0.01483	0.04169	0.01743	0.01349	0.01761	0.01185	0.01739	0.00904	0.00645	0.00661	0.00216	0.00872	0.00592	0.00298	0.00779
10	0.00784	0.00667	0.00675	0.00673	0.00893	0.00558	0.00505	0.00956	0.01514	0.01810	0.09116	0.06283	0.70023	0.01655	0.00778	0.00222	0.00333	0.01382	0.00616	0.00558
11	0.04221	0.01990	0.13636	0.02583	0.03284	0.01639	0.58396	0.02100	0.01516	0.02134	0.01297	0.01697	0.00966	0.00567	0.00743	0.00219	0.01070	0.00722	0.00328	0.00894
12	0.01487	0.01419	0.02415	0.30346	0.47567	0.01527	0.01949	0.01895	0.01432	0.01978	0.01213	0.01676	0.00982	0.00613	0.00654	0.00204	0.00817	0.00586	0.00314	0.00928
13	0.04033	0.00767	0.00799	0.02642	0.01012	0.00794	0.00584	0.07445	0.01528	0.04358	0.02045	0.02311	0.01585	0.00762	0.00485	0.00162	0.00370	0.00604	0.67040	0.00675
14	0.00932	0.00673	0.00880	0.00828	0.00984	0.00621	0.00621	0.01242	0.01863	0.02640	0.72410	0.04918	0.06212	0.01346	0.00776	0.00207	0.00311	0.01191	0.00725	0.00621
15	0.01637	0.01414	0.01489	0.01340	0.01712	0.01637	0.01042	0.03498	0.71568	0.02754	0.02679	0.02456	0.02010	0.00893	0.00670	0.00223	0.00521	0.00744	0.00670	0.01042
16	0.00955	0.00650	0.00775	0.00775	0.00795	0.00669	0.00471	0.00994	0.00974	0.01319	0.02022	0.04017	0.02267	0.64709	0.15333	0.00709	0.00828	0.00915	0.00391	0.00431
17	0.02459	0.03138	0.01866	0.01696	0.02035	0.74221	0.01272	0.02629	0.01866	0.01611	0.01018	0.01187	0.00848	0.00678	0.00594	0.00170	0.01187	0.00424	0.00339	0.00763
18	0.01554	0.01776	0.03885	0.02775	0.03441	0.01665	0.70366	0.02109	0.01554	0.02109	0.01332	0.01776	0.00999	0.00555	0.00777	0.00222	0.01110	0.00777	0.00333	0.00888
19	0.00932	0.00673	0.00880	0.00828	0.00984	0.00621	0.00621	0.01242	0.01863	0.02640	0.72410	0.04918	0.06212	0.01346	0.00776	0.00207	0.00311	0.01191	0.00725	0.00621
20	0.01629	0.01564	0.02672	0.04041	0.72757	0.01564	0.02020	0.02020	0.01499	0.02151	0.01238	0.01629	0.01043	0.00587	0.00652	0.00196	0.00782	0.00587	0.00326	0.01043
21	0.81514	0.01273	0.00968	0.00866	0.01273	0.01477	0.00713	0.01935	0.01120	0.02954	0.00917	0.01069	0.00713	0.00611	0.00407	0.00204	0.00509	0.00356	0.00407	0.00713
22	0.00778	0.00667	0.00667	0.00667	0.00889	0.00556	0.00500	0.00945	0.01501	0.01778	0.06669	0.06336	0.72490	0.01667	0.00778	0.00222	0.00333	0.01389	0.00611	0.00556
23	0.00957	0.00638	0.00718	0.00718	0.00718	0.00638	0.00399	0.00957	0.00957	0.01276	0.02074	0.04308	0.02393	0.76864	0.03351	0.00638	0.00638	0.00957	0.00399	0.00399
24	0.81514	0.01273	0.00968	0.00866	0.01273	0.01477	0.00713	0.01935	0.01120	0.02954	0.00917	0.01069	0.00713	0.00611	0.00407	0.00204	0.00509	0.00356	0.00407	0.00713
25	0.00957	0.00638	0.00718	0.00718	0.00718	0.00638	0.00399	0.00957	0.00957	0.01276	0.02074	0.04308	0.02393	0.76864	0.03351	0.00638	0.00638	0.00957	0.00399	0.00399
26	0.65151	0.08778	0.01183	0.00871	0.01275	0.01493	0.00732	0.01835	0.01182	0.02691	0.01516	0.01617	0.08212	0.00716	0.00448	0.00199	0.00510	0.00464	0.00416	0.00710
27	0.01702	0.67581	0.12623	0.01225	0.01842	0.02464	0.01298	0.01986	0.01344	0.01619	0.00950	0.01100	0.00843	0.00571	0.00449	0.00150	0.00739	0.00370	0.00281	0.00862
28	0.02464	0.05586	0.02041	0.01506	0.02024	0.06084	0.01246	0.63446	0.02941	0.03881	0.01517	0.01533	0.01091	0.00773	0.00643	0.00193	0.00749	0.00572	0.00622	0.01086
29	0.01804	0.69734	0.03286	0.01159	0.01713	0.02535	0.01132	0.06471	0.03893	0.01759	0.01020	0.01139	0.00903	0.00589	0.00446	0.00147	0.00699	0.00381	0.00320	0.00869
30	0.01144	0.00890	0.01109	0.01042	0.05142	0.00787	0.00742	0.04089	0.01701	0.02451	0.36997	0.03695	0.10600	0.01061	0.00673	0.00177	0.00400	0.00916	0.05385	0.21001
31	0.00781	0.00657	0.00677	0.00693	0.00896	0.00554	0.00512	0.00942	0.01475	0.01768	0.06352	0.13646	0.65384	0.01708	0.00785	0.00227	0.00339	0.01440	0.00611	0.00554
32	0.72629	0.01256	0.01031	0.00900	0.01319	0.01419	0.00742	0.02079	0.01207	0.10900	0.01107	0.01202	0.00817	0.00634	0.00436	0.00204	0.00515	0.00391	0.00453	0.00759
33	0.01629	0.01564	0.02672	0.04041	0.72757	0.01564	0.02020	0.02020	0.01499	0.02151	0.01238	0.01629	0.01043	0.00587	0.00652	0.00196	0.00782	0.00587	0.00326	0.01043
34	0.00799	0.00668	0.00696	0.00689	0.00902	0.00565	0.00517	0.00985	0.01550	0.01895	0.15574	0.06144	0.63513	0.01624	0.00778	0.00220	0.00330	0.01362	0.00627	0.00565
35	0.28146	0.01461	0.01513	0.01212	0.01687	0.01578	0.00997	0.28266	0.06221	0.20189	0.01674	0.01625	0.01163	0.00744	0.00579	0.00203	0.00603	0.00542	0.00615	0.00983
36	0.00957	0.00638	0.00718	0.00718	0.00718	0.00638	0.00399	0.00957	0.00957	0.01276	0.02074	0.04308	0.02393	0.76864	0.03351	0.00638	0.00638	0.00957	0.00399	0.00399
37	0.01365	0.01170	0.01365	0.00975	0.01560	0.00878	0.00780	0.01658	0.01365	0.02145	0.01170	0.01365	0.00975	0.00488	0.00488	0.00098	0.00488	0.00390	0.00390	0.80888
38	0.02491	0.01213	0.01535	0.01158	0.01689	0.01062	0.00950	0.10191	0.01882	0.47154	0.02115	0.01941	0.01403	0.00727	0.00616	0.00175	0.00559	0.00584	0.00687	0.21869
39	0.01434	0.00961	0.01120	0.01001	0.01290	0.00961	0.00776	0.02160	0.22184	0.13902	0.27475	0.04051	0.17608	0.01192	0.00727	0.00214	0.00417	0.01015	0.00700	0.00812
40	0.01516	0.02042	0.15260	0.02628	0.03344	0.01643	0.59258	0.02105	0.01527	0.02105	0.01307	0.01713	0.00972	0.00566	0.00752	0.00220	0.01087	0.00729	0.00324	0.00902
41	0.02954	0.01120	0.01528	0.01171	0.01681	0.00968	0.00968	0.03208	0.01884	0.73213	0.02597	0.02241	0.01630	0.00815	0.00662	0.00204	0.00560	0.00662	0.00815	0.01120
42	0.02718	0.01173	0.01521	0.01201	0.01686	0.01087	0.00981	0.03260	0.14353	0.60605	0.02612	0.02279	0.01698	0.00829	0.00663	0.00207	0.00553	0.00677	0.00789	0.01106
43	0.01365	0.01170	0.01365	0.00975	0.01560	0.00878	0.00780	0.01658	0.01365	0.02145	0.01170	0.01365	0.00975	0.00488	0.00488	0.00098	0.00488	0.00390	0.00390	0.80888
44	0.02734	0.01176	0.01508	0.01169	0.01648	0.01086	0.00961	0.12492	0.02008	0.57123	0.02414	0.02168	0.01563	0.00807	0.00643	0.00198	0.00560	0.00648	0.08018	0.01074
45	0.00846	0.00612	0.00738	0.00812	0.00878	0.00571	0.00532	0.00946	0.01245	0.01624	0.06453	0.40554	0.16598	0.22706	0.01522	0.00359	0.00441	0.01501	0.00557	0.00504
46	0.02520	0.01816	0.01958	0.01501	0.02027	0.02000	0.01240	0.67930	0.03048	0.06848	0.01620	0.01606	0.01139	0.00791	0.00659	0.00198	0.00718	0.00595	0.00665	0.01120
47	0.07003	0.01576	0.01649	0.01379	0.01815	0.01788	0.01104	0.30021	0.39958	0.03320	0.02132	0.02021	0.01575	0.00835	0.00649	0.00212	0.00601	0.00660	0.00649	0.01052
48	0.02121	0.01654	0.01761	0.01437	0.01896	0.01863	0.01159	0.40963	0.33316	0.03533	0.02066	0.01967	0.01512	0.00836	0.00664	0.00209	0.00635	0.00660	0.00664	0.01085
49	0.00957	0.00638	0.00718	0.00718	0.00718	0.00638	0.00399	0.00957	0.00957	0.01276	0.02074	0.04308	0.02393	0.76864	0.03351	0.00638	0.00638	0.00957	0.00399	0.00399
50	0.01371	0.01190	0.01447	0.01033	0.01621	0.00903	0.03036	0.01672	0.01371	0.02144	0.01175	0.01378	0.00976	0.00490	0.00497	0.00102	0.00508	0.00403	0.00388	0.78295
51	0.01115	0.03425	0.01047	0.00898	0.00952	0.00877	0.02334	0.01159	0.01022	0.03759	0.01915	0.03783	0.02130	0.62365	0.02977	0.00562	0.07917	0.00885	0.00396	0.00482
52	0.00779	0.00664	0.00670	0.00675	0.00891	0.00555	0.00504	0.00944	0.01492	0.01775	0.06565	0.08735	0.70157	0.01681	0.00780	0.00224	0.00335	0.01406	0.00611	0.00555
53	0.00957	0.00638	0.00718	0.00718	0.00718	0.00638	0.00399	0.00957	0.00957	0.01276	0.02074	0.04308	0.02393	0.76864	0.03351	0.00638	0.00638	0.00957	0.00399	0.00399
54	0.37371	0.04177	0.03818	0.04809	0.19903	0.09669	0.03824	0.02112	0.04746	0.02436	0.01128	0.01354	0.00900	0.00625	0.00534	0.00198	0.00712	0.00470	0.00377	0.00838
55	0.09222	0.24530	0.02326	0.04422	0.09831	0.26366	0.01264	0.05825	0.06884	0.01994	0.01162	0.01324	0.00959	0.00649	0.00544	0.00174	0.00852	0.00453	0.00366	0.00852
56	0.02117	0.05510	0.02287	0.06135	0.34959	0.03371	0.03861	0.04648	0.01676	0.26344	0.01689	0.01804	0.01220	0.00674	0.00646	0.00197	0.00727	0.00602	0.00500	0.01033

[dist]
# distance from previous block
# <min> <max>
0	1

[block]
# block no. 2 follows, 33 sequences, length 78
# corresponding to MSA columns:
# 279-348,361-368
name=unknown_C
#
# <colnr> <probs for GDERKNQSTAVLIFYWHMCP>
#	G	D	E	R	K	N	Q	S	T	A	V	L	I	F	Y	W	H	M	C	P
0	0.01561	0.01491	0.02393	0.08142	0.56900	0.03311	0.01815	0.01980	0.03415	0.02164	0.07160	0.01914	0.01480	0.00662	0.00657	0.00196	0.00745	0.00632	0.00368	0.03015
1	0.00991	0.00740	0.00972	0.08596	0.01370	0.00720	0.00744	0.01299	0.03427	0.04166	0.39595	0.15186	0.16885	0.01410	0.00768	0.00220	0.00396	0.01237	0.00644	0.00633
2	0.01562	0.01432	0.01949	0.01479	0.01933	0.05300	0.12215	0.01856	0.01376	0.06017	0.01203	0.01487	0.00985	0.00670	0.00909	0.00168	0.16743	0.00510	0.00380	0.41824
3	0.01181	0.00623	0.00655	0.00647	0.00801	0.00615	0.00485	0.01489	0.01455	0.02483	0.13025	0.02836	0.02388	0.00857	0.00509	0.00162	0.00307	0.00703	0.68165	0.00615
4	0.00802	0.00573	0.00764	0.00917	0.00955	0.00535	0.00611	0.00917	0.01260	0.01681	0.03628	0.76434	0.04354	0.02062	0.00840	0.00267	0.00382	0.01872	0.00611	0.00535
5	0.00796	0.00668	0.00691	0.00685	0.00900	0.00563	0.00514	0.00979	0.01542	0.01877	0.14180	0.06174	0.64918	0.01631	0.00778	0.00221	0.00331	0.01367	0.00624	0.00563
6	0.01365	0.01170	0.01365	0.00975	0.01560	0.00878	0.00780	0.01658	0.01365	0.02145	0.01170	0.01365	0.00975	0.00488	0.00488	0.00098	0.00488	0.00390	0.00390	0.80888
7	0.01227	0.00614	0.00614	0.00614	0.00767	0.00614	0.00460	0.01534	0.01381	0.02454	0.02148	0.02454	0.01687	0.00767	0.00460	0.00153	0.00307	0.00614	0.80518	0.00614
8	0.10613	0.01135	0.01473	0.01141	0.01641	0.01017	0.00943	0.03084	0.01810	0.66363	0.02433	0.02127	0.01540	0.00795	0.00637	0.00204	0.00555	0.00632	0.00775	0.01081
9	0.00778	0.00667	0.00667	0.00667	0.00889	0.00556	0.00500	0.00945	0.01501	0.01778	0.06669	0.06336	0.72490	0.01667	0.00778	0.00222	0.00333	0.01389	0.00611	0.00556
10	0.01760	0.77260	0.03450	0.01126	0.01690	0.02605	0.01126	0.01971	0.01338	0.01549	0.00915	0.01056	0.00845	0.00563	0.00422	0.00141	0.00704	0.00352	0.00282	0.00845
11	0.01554	0.01776	0.03885	0.02775	0.03441	0.01665	0.70366	0.02109	0.01554	0.02109	0.01332	0.01776	0.00999	0.00555	0.00777	0.00222	0.01110	0.00777	0.00333	0.00888
12	0.01760	0.77260	0.03450	0.01126	0.01690	0.02605	0.01126	0.01971	0.01338	0.01549	0.00915	0.01056	0.00845	0.00563	0.00422	0.00141	0.00704	0.00352	0.00282	0.00845
13	0.01365	0.01170	0.01365	0.00975	0.01560	0.00878	0.00780	0.01658	0.01365	0.02145	0.01170	0.01365	0.00975	0.00488	0.00488	0.00098	0.00488	0.00390	0.00390	0.80888
