[name]
unknown

[dist]
# distance from previous block
# <min> <max>
8	72

[block]
# block no. 0 follows, 29 sequences, length 24
# corresponding to MSA columns:
# 84-107
name=unknown_A
#
# <colnr> <probs for GDERKNQSTAVLIFYWHMCP>
#	G	D	E	R	K	N	Q	S	T	A	V	L	I	F	Y	W	H	M	C	P
0	0.01740	0.18598	0.30526	0.05896	0.08653	0.01983	0.01923	0.09650	0.09931	0.02445	0.01464	0.01632	0.01116	0.00715	0.00643	0.00210	0.00876	0.00556	0.00404	0.01041
1	0.09914	0.23367	0.14662	0.01494	0.02087	0.08374	0.06344	0.06118	0.01700	0.02364	0.10858	0.01920	0.01751	0.00766	0.00614	0.00193	0.00800	0.00594	0.00427	0.05653
2	0.01632	0.01329	0.01573	0.12546	0.07412	0.05178	0.01166	0.06069	0.14156	0.08506	0.08730	0.03470	0.18396	0.01088	0.00741	0.00222	0.00632	0.00912	0.00597	0.05645
3	0.06544	0.01359	0.01538	0.01282	0.01711	0.01367	0.01030	0.26027	0.02201	0.09989	0.02480	0.15298	0.04652	0.01166	0.00728	0.00221	0.00615	0.06652	0.00647	0.14490
4	0.02250	0.11146	0.02587	0.01780	0.02261	0.06065	0.15839	0.10657	0.01870	0.20168	0.01721	0.01871	0.01261	0.00826	0.00941	0.00224	0.11996	0.00658	0.04881	0.00998
5	0.06035	0.02289	0.27963	0.11195	0.02922	0.01569	0.10733	0.06328	0.05635	0.08028	0.01679	0.02141	0.01289	0.00786	0.00710	0.00229	0.00902	0.04559	0.00443	0.04566
6	0.01272	0.05618	0.05604	0.01309	0.01616	0.01050	0.01184	0.01717	0.05370	0.02215	0.06567	0.06095	0.03422	0.01574	0.00864	0.00278	0.00651	0.44070	0.00599	0.08926
7	0.05886	0.01415	0.01542	0.01349	0.01782	0.01533	0.01069	0.03292	0.46745	0.09957	0.02654	0.02745	0.02046	0.00952	0.00702	0.00228	0.00569	0.04685	0.00687	0.10162
8	0.02792	0.01677	0.07585	0.01526	0.02126	0.01480	0.04637	0.21266	0.04583	0.41231	0.02313	0.02133	0.01519	0.00846	0.00718	0.00221	0.00720	0.00689	0.00756	0.01183
9	0.02707	0.01995	0.02137	0.01638	0.02208	0.02208	0.01353	0.68159	0.03348	0.04488	0.01710	0.01710	0.01211	0.00855	0.00712	0.00214	0.00784	0.00641	0.00712	0.01211
10	0.01017	0.00763	0.01144	0.01144	0.01272	0.00890	0.00890	0.01272	0.01144	0.01653	0.01907	0.02797	0.01780	0.05340	0.72153	0.01144	0.01907	0.00763	0.00381	0.00636
11	0.02503	0.01912	0.02167	0.01926	0.09860	0.02105	0.01423	0.54022	0.10025	0.04087	0.01792	0.01814	0.01302	0.00842	0.00713	0.00216	0.00768	0.00657	0.00673	0.01193
12	0.01428	0.03683	0.71286	0.02030	0.03082	0.01654	0.02631	0.02255	0.01503	0.02255	0.01278	0.01503	0.00902	0.00677	0.00677	0.00226	0.01052	0.00526	0.00301	0.01052
13	0.00842	0.00721	0.00721	0.00721	0.00962	0.00601	0.00541	0.01022	0.01623	0.01924	0.07213	0.06853	0.70244	0.01803	0.00842	0.00240	0.00361	0.01503	0.00661	0.00601
14	0.02215	0.01570	0.01747	0.01327	0.01881	0.01557	0.01083	0.34897	0.02454	0.09022	0.01706	0.01774	0.01258	0.00746	0.00632	0.00174	0.00644	0.00576	0.07575	0.27163
15	0.01116	0.07336	0.01084	0.00867	0.00938	0.00901	0.00567	0.01170	0.01105	0.01459	0.02165	0.04329	0.02434	0.59809	0.08819	0.00665	0.00794	0.03518	0.00425	0.00500
16	0.08453	0.18452	0.02033	0.01643	0.10752	0.03770	0.01154	0.01870	0.06924	0.02057	0.02167	0.25816	0.02298	0.01254	0.00855	0.00236	0.07944	0.01023	0.00479	0.00819
17	0.02676	0.01663	0.02085	0.01574	0.02155	0.01677	0.06629	0.35370	0.02610	0.26262	0.02014	0.01944	0.01370	0.00814	0.00708	0.00208	0.00736	0.00663	0.00714	0.08127
18	0.12273	0.18023	0.03301	0.02114	0.02714	0.07655	0.34660	0.02207	0.01577	0.02209	0.01348	0.04460	0.01132	0.00684	0.00682	0.00212	0.00977	0.00685	0.00373	0.02714
19	0.04281	0.07835	0.01854	0.01405	0.01725	0.04099	0.08144	0.10382	0.01601	0.02207	0.03287	0.04653	0.01781	0.10257	0.24829	0.00574	0.03019	0.02921	0.00449	0.04697
20	0.09539	0.08050	0.01832	0.01279	0.01786	0.01622	0.01051	0.26366	0.02213	0.14624	0.04277	0.02063	0.01527	0.06824	0.00876	0.00231	0.00664	0.00627	0.00611	0.13938
21	0.30921	0.05827	0.01750	0.01269	0.01787	0.01384	0.09587	0.01919	0.01392	0.02559	0.01405	0.07880	0.01268	0.00743	0.00565	0.00185	0.00628	0.00603	0.00435	0.27894
22	0.10514	0.03912	0.15154	0.01356	0.01988	0.01409	0.01302	0.11373	0.04162	0.06743	0.03123	0.02049	0.01402	0.00764	0.00623	0.00186	0.00684	0.04475	0.00498	0.28284
23	0.03875	0.11543	0.03690	0.07583	0.01863	0.08293	0.01078	0.05681	0.04133	0.09640	0.25421	0.03244	0.07376	0.01051	0.00710	0.00209	0.00635	0.00860	0.00601	0.02514

[dist]
# distance from previous block
# <min> <max>
3	66

[block]
# block no. 1 follows, 29 sequences, length 6
# corresponding to MSA columns:
# 178-183
name=unknown_B
#
# <colnr> <probs for GDERKNQSTAVLIFYWHMCP>
#	G	D	E	R	K	N	Q	S	T	A	V	L	I	F	Y	W	H	M	C	P
0	0.06049	0.04770	0.07871	0.01481	0.05191	0.04406	0.01200	0.05024	0.21596	0.06571	0.04981	0.07424	0.10503	0.01065	0.00785	0.00227	0.04165	0.00857	0.00581	0.05251
1	0.08085	0.01750	0.01725	0.10948	0.07339	0.16982	0.01238	0.07792	0.05128	0.06789	0.01783	0.10341	0.01598	0.03778	0.00786	0.00225	0.00797	0.00740	0.00490	0.11685
2	0.05040	0.06586	0.06308	0.15012	0.11600	0.05327	0.11202	0.08072	0.04935	0.02332	0.01412	0.01886	0.01153	0.00797	0.00903	0.00229	0.10118	0.02489	0.00402	0.04197
3	0.01368	0.01266	0.02017	0.60294	0.04327	0.01468	0.01774	0.01815	0.01433	0.01909	0.01266	0.01823	0.00968	0.00679	0.00679	0.00214	0.00873	0.00595	0.00335	0.14897
4	0.01473	0.01284	0.01672	0.01645	0.13994	0.01049	0.01068	0.01791	0.01492	0.02276	0.01518	0.08092	0.01396	0.00700	0.00594	0.00141	0.00574	0.00604	0.00431	0.58205
5	0.01861	0.22813	0.02566	0.01871	0.11394	0.06831	0.04719	0.13854	0.01866	0.02403	0.05439	0.02289	0.03719	0.01201	0.05921	0.00276	0.05621	0.03973	0.00453	0.00928

[dist]
# distance from previous block
# <min> <max>
3	28

[block]
# block no. 2 follows, 29 sequences, length 11
# corresponding to MSA columns:
# 212-222
name=unknown_C
#
# <colnr> <probs for GDERKNQSTAVLIFYWHMCP>
#	G	D	E	R	K	N	Q	S	T	A	V	L	I	F	Y	W	H	M	C	P
0	0.01703	0.06708	0.06218	0.01773	0.12241	0.01385	0.01287	0.11795	0.07044	0.08787	0.02801	0.18713	0.06186	0.01290	0.00775	0.00244	0.00656	0.08878	0.00597	0.00922
1	0.15455	0.03875	0.03838	0.02698	0.01358	0.01033	0.03299	0.01475	0.01341	0.03840	0.07367	0.14287	0.08772	0.21422	0.06622	0.00425	0.00695	0.01040	0.00507	0.00653
2	0.01373	0.09560	0.01595	0.01078	0.01551	0.01103	0.00869	0.01643	0.01407	0.02077	0.01693	0.11551	0.01645	0.01501	0.11480	0.00294	0.00749	0.00687	0.00435	0.47710
3	0.01012	0.00954	0.06118	0.01330	0.05697	0.00825	0.00972	0.01247	0.01320	0.01829	0.02930	0.41900	0.03279	0.03002	0.23450	0.00551	0.00960	0.01428	0.00527	0.00666
4	0.01725	0.19028	0.23373	0.03770	0.02710	0.08489	0.16914	0.02318	0.05289	0.02106	0.01350	0.01617	0.01055	0.00693	0.00721	0.00211	0.03723	0.00586	0.03369	0.00951
5	0.01057	0.00777	0.00959	0.01040	0.01166	0.00752	0.00746	0.07325	0.01604	0.02105	0.04139	0.53883	0.12974	0.02026	0.00887	0.00279	0.00459	0.06512	0.00665	0.00646
6	0.08865	0.20690	0.48518	0.01733	0.02622	0.01928	0.02118	0.02210	0.01463	0.02203	0.01182	0.01384	0.00893	0.00659	0.00602	0.00207	0.00936	0.00478	0.00315	0.00993
7	0.73111	0.01320	0.01018	0.00918	0.01341	0.01511	0.00751	0.02000	0.01248	0.03084	0.01533	0.01653	0.06821	0.00760	0.00476	0.00222	0.00534	0.00483	0.00460	0.00756
8	0.01768	0.01771	0.10832	0.04547	0.02112	0.01714	0.01385	0.09623	0.35633	0.05544	0.02462	0.05859	0.03819	0.01018	0.00898	0.00245	0.08324	0.00801	0.00609	0.01037
9	0.10601	0.01131	0.04448	0.01015	0.01299	0.03988	0.00827	0.01698	0.07545	0.02679	0.39638	0.04483	0.15377	0.01306	0.00766	0.00226	0.00461	0.01101	0.00676	0.00736
10	0.01719	0.13540	0.02114	0.13957	0.02370	0.05274	0.01379	0.07983	0.18553	0.02343	0.01997	0.02809	0.01748	0.01031	0.00919	0.00243	0.10066	0.10541	0.00504	0.00910

[dist]
# distance from previous block
# <min> <max>
0	2

[block]
# block no. 3 follows, 29 sequences, length 25
# corresponding to MSA columns:
# 227-251
name=unknown_D
#
# <colnr> <probs for GDERKNQSTAVLIFYWHMCP>
#	G	D	E	R	K	N	Q	S	T	A	V	L	I	F	Y	W	H	M	C	P
0	0.01648	0.16903	0.02484	0.10082	0.06225	0.01755	0.11184	0.10514	0.06580	0.02417	0.09761	0.02409	0.03686	0.01398	0.09589	0.00327	0.00924	0.00740	0.00475	0.00901
1	0.01788	0.16925	0.31559	0.01669	0.02416	0.07560	0.01801	0.08549	0.10996	0.02412	0.01469	0.01591	0.01120	0.00713	0.00630	0.00200	0.00884	0.00534	0.00412	0.06769
2	0.72782	0.08223	0.01295	0.00962	0.01419	0.01710	0.00813	0.02097	0.01234	0.03054	0.00991	0.01155	0.00784	0.00656	0.00442	0.00214	0.00570	0.00385	0.00428	0.00784
3	0.09237	0.27307	0.15119	0.01702	0.02351	0.12151	0.11623	0.02400	0.01608	0.08492	0.01296	0.01467	0.01004	0.00668	0.00604	0.00196	0.00921	0.00520	0.00388	0.00947
4	0.01147	0.00820	0.01147	0.01311	0.01475	0.00820	0.01147	0.01475	0.01639	0.02131	0.03770	0.08032	0.04098	0.01967	0.00984	0.00328	0.00656	0.65741	0.00656	0.00656
5	0.01357	0.01190	0.01599	0.23999	0.02556	0.01390	0.01279	0.02158	0.19755	0.02380	0.18807	0.03295	0.08243	0.01098	0.00908	0.00242	0.07436	0.00906	0.00566	0.00836
6	0.01489	0.01369	0.01848	0.01631	0.01685	0.01800	0.01316	0.06883	0.01326	0.01946	0.01659	0.16671	0.01793	0.04095	0.01960	0.00313	0.50110	0.00927	0.00420	0.00760
7	0.01033	0.00699	0.00822	0.00822	0.00838	0.00715	0.00489	0.01065	0.01049	0.01415	0.02202	0.04428	0.02488	0.66308	0.12154	0.00747	0.00842	0.01002	0.00425	0.00457
8	0.00994	0.00727	0.00933	0.00882	0.01056	0.00666	0.00661	0.01318	0.01984	0.02781	0.65097	0.05442	0.11826	0.01484	0.00840	0.00225	0.00338	0.01305	0.00774	0.00666
9	0.03004	0.01304	0.01683	0.01314	0.01850	0.01210	0.01078	0.08246	0.09431	0.58761	0.02738	0.02397	0.01767	0.00889	0.00717	0.00222	0.00614	0.00720	0.00852	0.01203
10	0.07872	0.16964	0.34532	0.01742	0.02386	0.02013	0.01927	0.02078	0.01362	0.02077	0.01110	0.01419	0.00902	0.00810	0.01045	0.00233	0.19770	0.00512	0.00316	0.00932
11	0.02227	0.44664	0.03000	0.01481	0.01987	0.32399	0.01286	0.02436	0.01691	0.01704	0.01037	0.01203	0.00915	0.00662	0.00536	0.00166	0.00985	0.00414	0.00331	0.00876
12	0.00868	0.00620	0.00826	0.00991	0.01033	0.00578	0.00661	0.00991	0.01363	0.01818	0.03925	0.74510	0.04710	0.02231	0.00909	0.00289	0.00413	0.02024	0.00661	0.00578
13	0.01428	0.03683	0.71286	0.02030	0.03082	0.01654	0.02631	0.02255	0.01503	0.02255	0.01278	0.01503	0.00902	0.00677	0.00677	0.00226	0.01052	0.00526	0.00301	0.01052
14	0.02052	0.02166	0.17689	0.01542	0.02048	0.14350	0.01437	0.08557	0.04601	0.16136	0.01914	0.05531	0.01557	0.07045	0.07955	0.00347	0.02898	0.00710	0.00521	0.00943
15	0.01743	0.01672	0.02855	0.07620	0.67438	0.01687	0.02176	0.02168	0.01612	0.02302	0.01336	0.01769	0.01119	0.00638	0.00705	0.00213	0.00851	0.00634	0.00351	0.01112
16	0.00850	0.00687	0.00757	0.00813	0.00986	0.00593	0.00582	0.01012	0.01535	0.01888	0.06100	0.29752	0.48063	0.01948	0.00864	0.00257	0.00378	0.01679	0.00661	0.00593
17	0.01572	0.01498	0.02547	0.35758	0.40633	0.01642	0.02091	0.02019	0.01531	0.02095	0.01306	0.01824	0.01047	0.00670	0.00708	0.00223	0.00893	0.00634	0.00336	0.00974
18	0.01306	0.01290	0.12667	0.01210	0.01522	0.00918	0.01061	0.06202	0.01615	0.08547	0.03533	0.44169	0.09701	0.01710	0.00832	0.00262	0.00558	0.01507	0.00625	0.00763
19	0.02479	0.07026	0.02159	0.08182	0.02363	0.02052	0.01354	0.45705	0.09070	0.09688	0.01824	0.01837	0.01303	0.00837	0.00696	0.00215	0.00761	0.00644	0.00663	0.01143
20	0.08055	0.01784	0.02045	0.01597	0.02116	0.01952	0.05953	0.46455	0.09099	0.03945	0.08079	0.02106	0.01769	0.00888	0.00714	0.00220	0.00734	0.00712	0.00675	0.01103
21	0.01666	0.08192	0.01873	0.01247	0.01841	0.01183	0.05682	0.01991	0.01552	0.08597	0.01579	0.02045	0.01332	0.00678	0.00594	0.00146	0.00614	0.05263	0.00466	0.53459
22	0.01647	0.01257	0.01741	0.01500	0.04229	0.01305	0.08063	0.11502	0.07433	0.09109	0.25047	0.03658	0.11221	0.01178	0.00936	0.00235	0.07399	0.00995	0.00659	0.00885
23	0.02316	0.01785	0.01766	0.01493	0.01937	0.11334	0.01184	0.18733	0.27552	0.15188	0.02283	0.02212	0.01671	0.01203	0.05778	0.00287	0.00818	0.00700	0.00676	0.01086
24	0.07879	0.01629	0.02194	0.05823	0.32468	0.08017	0.01593	0.02607	0.01764	0.24116	0.03786	0.01995	0.01441	0.00752	0.00688	0.00214	0.00779	0.00645	0.00539	0.01072

[dist]
# distance from previous block
# <min> <max>
1	47

[block]
# block no. 4 follows, 29 sequences, length 102
# corresponding to MSA columns:
# 306-407
name=unknown_E
#
# <colnr> <probs for GDERKNQSTAVLIFYWHMCP>
#	G	D	E	R	K	N	Q	S	T	A	V	L	I	F	Y	W	H	M	C	P
0	0.25478	0.01389	0.01438	0.01129	0.01654	0.01359	0.00914	0.07214	0.06479	0.02777	0.01322	0.01487	0.01057	0.00657	0.00609	0.00168	0.03762	0.00465	0.00468	0.40175
1	0.01673	0.01798	0.09668	0.02008	0.02590	0.03446	0.27771	0.07462	0.06714	0.05486	0.04062	0.09924	0.05140	0.00921	0.00773	0.00227	0.00871	0.00906	0.00496	0.08063
2	0.06669	0.00749	0.00824	0.00861	0.01049	0.00681	0.00621	0.01135	0.01518	0.02054	0.09722	0.31548	0.33990	0.01816	0.00828	0.00252	0.00398	0.01568	0.00646	0.03072
3	0.01869	0.70162	0.08669	0.01278	0.01919	0.02732	0.01322	0.02141	0.01451	0.01718	0.01011	0.01169	0.00913	0.00614	0.00473	0.00158	0.00783	0.00391	0.00304	0.00924
4	0.09725	0.01294	0.01532	0.01266	0.01629	0.01377	0.01025	0.04112	0.08656	0.11473	0.05035	0.02566	0.10393	0.01009	0.01034	0.00219	0.17158	0.00724	0.00545	0.19228
5	0.05524	0.02528	0.01927	0.01836	0.07043	0.40317	0.01325	0.07219	0.10717	0.09463	0.01597	0.01696	0.01230	0.00950	0.03343	0.00236	0.01049	0.00564	0.00493	0.00944
6	0.01017	0.00715	0.00908	0.00905	0.01064	0.00650	0.00661	0.01275	0.01796	0.04590	0.42210	0.22600	0.15586	0.01682	0.00853	0.00242	0.00367	0.01485	0.00738	0.00655
7	0.00865	0.00630	0.00815	0.00963	0.01025	0.00581	0.00648	0.00995	0.01391	0.01829	0.04270	0.67399	0.11598	0.02186	0.00902	0.00284	0.00408	0.01969	0.00661	0.00581
8	0.02463	0.03043	0.07082	0.01806	0.02220	0.51427	0.01462	0.11330	0.02075	0.02139	0.01206	0.01415	0.00980	0.00906	0.02753	0.00225	0.05671	0.00506	0.00405	0.00885
9	0.01740	0.50708	0.26993	0.01498	0.02259	0.02417	0.01705	0.02174	0.01466	0.01875	0.01089	0.01267	0.00910	0.00632	0.00533	0.00178	0.00862	0.00431	0.00303	0.00962
10	0.00861	0.00646	0.00799	0.00920	0.01014	0.00584	0.00629	0.01000	0.01432	0.01846	0.04791	0.56691	0.21970	0.02118	0.00891	0.00276	0.00399	0.01887	0.00661	0.00584
11	0.01428	0.03683	0.71286	0.02030	0.03082	0.01654	0.02631	0.02255	0.01503	0.02255	0.01278	0.01503	0.00902	0.00677	0.00677	0.00226	0.01052	0.00526	0.00301	0.01052
12	0.01203	0.00990	0.01091	0.04250	0.01403	0.06628	0.00893	0.01441	0.01500	0.01978	0.03479	0.17107	0.13480	0.04956	0.07959	0.00364	0.03016	0.16455	0.11160	0.00647
13	0.01428	0.03683	0.71286	0.02030	0.03082	0.01654	0.02631	0.02255	0.01503	0.02255	0.01278	0.01503	0.00902	0.00677	0.00677	0.00226	0.01052	0.00526	0.00301	0.01052
14	0.03077	0.01186	0.01615	0.01247	0.01777	0.01026	0.01026	0.03356	0.02037	0.67357	0.06434	0.02579	0.02029	0.00912	0.00723	0.00221	0.00591	0.00747	0.00876	0.01183
15	0.01626	0.01661	0.03122	0.27139	0.03826	0.01795	0.33234	0.06876	0.01651	0.02223	0.01346	0.01859	0.01029	0.00725	0.00944	0.00245	0.08701	0.00731	0.00366	0.00901
16	0.01525	0.01321	0.02163	0.18718	0.31743	0.01430	0.01705	0.01904	0.01512	0.05108	0.06510	0.02272	0.01642	0.01649	0.14476	0.00401	0.03893	0.00710	0.00403	0.00915
17	0.00938	0.00701	0.00880	0.00944	0.01084	0.00642	0.00701	0.01162	0.01644	0.02174	0.23095	0.30129	0.20840	0.01878	0.00884	0.00265	0.00412	0.10314	0.00694	0.00620
18	0.03195	0.01212	0.01652	0.01267	0.01818	0.01047	0.01047	0.03470	0.02038	0.71026	0.02809	0.02424	0.01763	0.00881	0.00716	0.00220	0.00606	0.00716	0.00881	0.01212
19	0.02079	0.01558	0.01992	0.01632	0.02114	0.01679	0.09779	0.08268	0.43811	0.14991	0.02606	0.02451	0.01889	0.00896	0.00737	0.00236	0.00670	0.00782	0.00704	0.01127
20	0.02707	0.01995	0.02137	0.01638	0.02208	0.02208	0.01353	0.68159	0.03348	0.04488	0.01710	0.01710	0.01211	0.00855	0.00712	0.00214	0.00784	0.00641	0.00712	0.01211
21	0.00985	0.00727	0.00921	0.00872	0.01050	0.00662	0.00654	0.01300	0.01963	0.02729	0.61643	0.05526	0.15312	0.01503	0.00840	0.00226	0.00339	0.01317	0.00767	0.00662
22	0.01904	0.75404	0.03731	0.01218	0.01828	0.02818	0.01218	0.02132	0.01447	0.01675	0.00990	0.01142	0.00914	0.00609	0.00457	0.00152	0.00761	0.00381	0.00305	0.00914
23	0.02584	0.02543	0.01942	0.01668	0.02107	0.37201	0.01297	0.18254	0.13079	0.09797	0.01708	0.01721	0.01275	0.00814	0.00679	0.00204	0.00982	0.00583	0.00558	0.01004
24	0.00866	0.00624	0.00822	0.00980	0.01030	0.00579	0.00656	0.00993	0.01375	0.01822	0.04070	0.71516	0.07610	0.02212	0.00906	0.00287	0.00411	0.02001	0.00661	0.00579
25	0.01461	0.01240	0.01330	0.01250	0.01579	0.01363	0.00976	0.02815	0.44430	0.02609	0.04031	0.06526	0.18414	0.01304	0.00784	0.00251	0.00520	0.07478	0.00701	0.00939
26	0.01428	0.03683	0.71286	0.02030	0.03082	0.01654	0.02631	0.02255	0.01503	0.02255	0.01278	0.01503	0.00902	0.00677	0.00677	0.00226	0.01052	0.00526	0.00301	0.01052
27	0.02701	0.03182	0.01996	0.01786	0.02174	0.64301	0.01351	0.05338	0.02069	0.06909	0.01248	0.01383	0.00990	0.00749	0.00650	0.00187	0.01216	0.00484	0.00417	0.00868
28	0.00868	0.00620	0.00826	0.00991	0.01033	0.00578	0.00661	0.00991	0.01363	0.01818	0.03925	0.74510	0.04710	0.02231	0.00909	0.00289	0.00413	0.02024	0.00661	0.00578
29	0.10435	0.01231	0.01410	0.01138	0.01574	0.01226	0.00926	0.15648	0.02061	0.31771	0.02269	0.02217	0.01569	0.00839	0.00626	0.00204	0.00559	0.00653	0.22632	0.01013
30	0.28574	0.02053	0.06689	0.01392	0.01904	0.17662	0.01187	0.11613	0.01897	0.18398	0.01549	0.01575	0.01100	0.00755	0.00604	0.00211	0.00799	0.00523	0.00551	0.00964
31	0.00922	0.00761	0.00817	0.00834	0.01045	0.00685	0.00613	0.01232	0.06533	0.02021	0.09026	0.19447	0.49925	0.01809	0.00846	0.00249	0.00384	0.01542	0.00671	0.00638
32	0.00868	0.00620	0.00826	0.00991	0.01033	0.00578	0.00661	0.00991	0.01363	0.01818	0.03925	0.74510	0.04710	0.02231	0.00909	0.00289	0.00413	0.02024	0.00661	0.00578
33	0.01550	0.01558	0.02286	0.06607	0.02167	0.02121	0.05128	0.01751	0.01144	0.01751	0.00983	0.01600	0.00943	0.01177	0.02151	0.00303	0.65041	0.00635	0.00314	0.00789
34	0.02722	0.02040	0.02113	0.01635	0.02194	0.05896	0.01343	0.62301	0.03229	0.06781	0.01717	0.01713	0.01216	0.00849	0.00709	0.00212	0.00804	0.00634	0.00700	0.01190
35	0.01574	0.01168	0.01103	0.00995	0.01307	0.09956	0.00766	0.01791	0.01800	0.16080	0.12158	0.05068	0.40621	0.01440	0.00790	0.00227	0.00528	0.01185	0.00681	0.00762
36	0.02707	0.01995	0.02137	0.01638	0.02208	0.02208	0.01353	0.68159	0.03348	0.04488	0.01710	0.01710	0.01211	0.00855	0.00712	0.00214	0.00784	0.00641	0.00712	0.01211
37	0.02899	0.01686	0.01946	0.01492	0.02054	0.01751	0.01233	0.42676	0.02832	0.30699	0.02143	0.01991	0.01428	0.00865	0.00714	0.00216	0.00714	0.00671	0.00779	0.01211
38	0.00860	0.00669	0.00783	0.00867	0.01002	0.00592	0.00607	0.01016	0.01501	0.01898	0.07478	0.41845	0.34317	0.02014	0.00876	0.00265	0.00387	0.01766	0.00665	0.00592
39	0.01771	0.01530	0.01610	0.01449	0.01852	0.01771	0.01127	0.03784	0.69247	0.02979	0.02898	0.02657	0.02174	0.00966	0.00725	0.00242	0.00564	0.00805	0.00725	0.01127
40	0.02277	0.01009	0.01358	0.01111	0.01501	0.00889	0.00889	0.02578	0.02029	0.42413	0.31077	0.03639	0.03843	0.01122	0.00768	0.00222	0.00493	0.00956	0.00840	0.00985
41	0.15277	0.47489	0.17533	0.01341	0.02015	0.02361	0.01440	0.02151	0.01418	0.02060	0.01051	0.01221	0.00887	0.00632	0.00500	0.00179	0.00787	0.00412	0.00327	0.00918
42	0.02101	0.02248	0.01449	0.01343	0.01626	0.42126	0.01007	0.02346	0.01798	0.02126	0.01614	0.01859	0.01298	0.00774	0.00581	0.00176	0.00884	0.00545	0.33341	0.00758
43	0.00972	0.00698	0.00929	0.00986	0.01105	0.00655	0.00729	0.01226	0.01718	0.02365	0.36247	0.32118	0.05612	0.01818	0.00885	0.00262	0.00407	0.09912	0.00720	0.00634
44	0.01563	0.24021	0.52129	0.01800	0.02726	0.01984	0.02230	0.02220	0.01487	0.02091	0.01196	0.01401	0.00905	0.00657	0.00614	0.00205	0.00970	0.00485	0.00302	0.01013
45	0.01307	0.01024	0.01178	0.01070	0.01336	0.01056	0.00822	0.06811	0.19231	0.02893	0.40303	0.04563	0.12905	0.01329	0.00801	0.00230	0.00430	0.01143	0.00749	0.00819
46	0.01121	0.00915	0.01343	0.01283	0.01386	0.01138	0.01018	0.01356	0.01134	0.01665	0.01721	0.02560	0.01618	0.04556	0.58772	0.00985	0.15663	0.00736	0.00368	0.00663
47	0.01559	0.01484	0.02523	0.37924	0.38569	0.01638	0.02084	0.02007	0.01525	0.02079	0.01303	0.01829	0.01041	0.00672	0.00708	0.00224	0.00896	0.00634	0.00335	0.00964
48	0.02214	0.45869	0.03029	0.01471	0.01981	0.31240	0.01283	0.02424	0.01681	0.01703	0.01035	0.01200	0.00915	0.00660	0.00533	0.00165	0.00976	0.00413	0.00330	0.00878
49	0.03035	0.01176	0.01601	0.01240	0.01763	0.01019	0.01019	0.03315	0.02036	0.66044	0.07732	0.02635	0.02125	0.00923	0.00725	0.00221	0.00586	0.00758	0.00874	0.01172
50	0.01008	0.00728	0.00952	0.00896	0.01064	0.00672	0.00672	0.01344	0.02016	0.02855	0.70158	0.05319	0.06719	0.01456	0.00840	0.00224	0.00336	0.01288	0.00784	0.00672
51	0.12087	0.01493	0.01327	0.01227	0.03773	0.12416	0.00919	0.11882	0.04822	0.07557	0.01893	0.02060	0.01443	0.00799	0.00577	0.00191	0.00623	0.00601	0.33452	0.00857
52	0.01762	0.01692	0.02890	0.04371	0.70533	0.01692	0.02185	0.02185	0.01621	0.02326	0.01339	0.01762	0.01128	0.00634	0.00705	0.00211	0.00846	0.00634	0.00352	0.01128
53	0.01528	0.01139	0.01329	0.01298	0.01575	0.01232	0.01016	0.02606	0.33790	0.07496	0.03321	0.20718	0.03155	0.01473	0.00823	0.00270	0.00551	0.15069	0.00706	0.00903
54	0.01729	0.01154	0.01204	0.01059	0.01367	0.01257	0.00830	0.16480	0.17848	0.03126	0.02326	0.02452	0.01775	0.00867	0.00597	0.00194	0.00484	0.00692	0.43669	0.00891
55	0.01904	0.75404	0.03731	0.01218	0.01828	0.02818	0.01218	0.02132	0.01447	0.01675	0.00990	0.01142	0.00914	0.00609	0.00457	0.00152	0.00761	0.00381	0.00305	0.00914
56	0.02933	0.04199	0.01732	0.01283	0.01812	0.01247	0.01062	0.09137	0.06149	0.55263	0.02623	0.02334	0.01707	0.00871	0.00696	0.00216	0.00613	0.00699	0.04254	0.01171
57	0.01056	0.00760	0.01026	0.01099	0.01254	0.00731	0.00894	0.01362	0.01758	0.02377	0.29924	0.13738	0.07003	0.01789	0.00916	0.00281	0.00497	0.32174	0.00707	0.00653
58	0.01904	0.75404	0.03731	0.01218	0.01828	0.02818	0.01218	0.02132	0.01447	0.01675	0.00990	0.01142	0.00914	0.00609	0.00457	0.00152	0.00761	0.00381	0.00305	0.00914
59	0.05852	0.01746	0.01839	0.01519	0.01919	0.10784	0.01230	0.19382	0.07033	0.21412	0.01878	0.01948	0.01372	0.01229	0.06067	0.00296	0.12207	0.00645	0.00616	0.01027
60	0.02660	0.03394	0.02018	0.01834	0.02201	0.72116	0.01376	0.02843	0.02018	0.01743	0.01101	0.01284	0.00917	0.00734	0.00642	0.00183	0.01284	0.00459	0.00367	0.00825
61	0.00842	0.00721	0.00721	0.00721	0.00962	0.00601	0.00541	0.01022	0.01623	0.01924	0.07213	0.06853	0.70244	0.01803	0.00842	0.00240	0.00361	0.01503	0.00661	0.00601
62	0.01762	0.01692	0.02890	0.04371	0.70533	0.01692	0.02185	0.02185	0.01621	0.02326	0.01339	0.01762	0.01128	0.00634	0.00705	0.00211	0.00846	0.00634	0.00352	0.01128
63	0.02436	0.01595	0.01736	0.01368	0.01840	0.01716	0.01118	0.45346	0.02766	0.11414	0.01976	0.02011	0.01417	0.00852	0.00662	0.00203	0.00658	0.00655	0.19150	0.01082
64	0.01181	0.00926	0.01431	0.01444	0.01670	0.00905	0.07941	0.01527	0.01642	0.02132	0.03769	0.07326	0.08341	0.01816	0.00959	0.00313	0.00691	0.54679	0.00626	0.00683
65	0.01017	0.00763	0.01144	0.01144	0.01272	0.00890	0.00890	0.01272	0.01144	0.01653	0.01907	0.02797	0.01780	0.05340	0.72153	0.01144	0.01907	0.00763	0.00381	0.00636
66	0.01724	0.01734	0.02963	0.02259	0.02828	0.01787	0.36011	0.02999	0.33974	0.02614	0.02137	0.02272	0.01603	0.00775	0.00785	0.00241	0.00896	0.00823	0.00534	0.01040
67	0.00915	0.00686	0.00860	0.00973	0.01093	0.00630	0.00715	0.01098	0.01506	0.01942	0.07456	0.42317	0.21894	0.02041	0.00901	0.00280	0.00439	0.12986	0.00665	0.00602
68	0.01083	0.00773	0.01073	0.01237	0.01373	0.00764	0.01035	0.01363	0.01575	0.02058	0.03806	0.23439	0.04240	0.02028	0.00966	0.00319	0.00599	0.50973	0.00657	0.00638
69	0.03195	0.01212	0.01652	0.01267	0.01818	0.01047	0.01047	0.03470	0.02038	0.71026	0.02809	0.02424	0.01763	0.00881	0.00716	0.00220	0.00606	0.00716	0.00881	0.01212
70	0.01762	0.01692	0.02890	0.04371	0.70533	0.01692	0.02185	0.02185	0.01621	0.02326	0.01339	0.01762	0.01128	0.00634	0.00705	0.00211	0.00846	0.00634	0.00352	0.01128
71	0.12077	0.01065	0.01151	0.01006	0.01353	0.01098	0.00796	0.02593	0.14726	0.20363	0.02387	0.02402	0.01740	0.00848	0.00590	0.00202	0.00476	0.00669	0.33553	0.00908
72	0.01428	0.03683	0.71286	0.02030	0.03082	0.01654	0.02631	0.02255	0.01503	0.02255	0.01278	0.01503	0.00902	0.00677	0.00677	0.00226	0.01052	0.00526	0.00301	0.01052
73	0.01428	0.03683	0.71286	0.02030	0.03082	0.01654	0.02631	0.02255	0.01503	0.02255	0.01278	0.01503	0.00902	0.00677	0.00677	0.00226	0.01052	0.00526	0.00301	0.01052
74	0.00925	0.00691	0.00863	0.00922	0.01058	0.00630	0.00672	0.01141	0.01643	0.02181	0.24829	0.32678	0.20708	0.01875	0.00877	0.00261	0.00395	0.06334	0.00698	0.00618
75	0.02451	0.01867	0.01993	0.01587	0.02111	0.02089	0.01292	0.50559	0.21365	0.04075	0.02035	0.01969	0.01474	0.00885	0.00716	0.00221	0.00723	0.00686	0.00716	0.01188
76	0.01729	0.01756	0.03260	0.03852	0.47422	0.01745	0.22158	0.02195	0.01618	0.02288	0.01354	0.01802	0.01106	0.00649	0.00813	0.00224	0.03917	0.00697	0.00353	0.01063
77	0.02769	0.01817	0.02018	0.01555	0.02115	0.01955	0.01282	0.52465	0.05677	0.17963	0.01980	0.01892	0.01361	0.00865	0.00714	0.00216	0.00739	0.00663	0.00747	0.01208
78	0.01134	0.00815	0.01129	0.01286	0.01453	0.00810	0.01121	0.01455	0.01639	0.02122	0.03921	0.07980	0.06996	0.01960	0.00977	0.00324	0.00643	0.62926	0.00656	0.00653
79	0.16109	0.01486	0.02208	0.05159	0.34648	0.01514	0.05493	0.05035	0.01663	0.07559	0.04131	0.02322	0.08064	0.00808	0.00684	0.00220	0.00732	0.00713	0.00466	0.00985
80	0.01592	0.01305	0.01483	0.01109	0.01670	0.01108	0.00888	0.12642	0.01825	0.02660	0.05013	0.02250	0.08604	0.00757	0.00605	0.00143	0.00544	0.00610	0.00511	0.54683
81	0.01182	0.00896	0.01018	0.00958	0.01209	0.00869	0.00727	0.01770	0.14729	0.05476	0.28132	0.08310	0.29008	0.01499	0.00816	0.00236	0.00404	0.01282	0.00726	0.00753
82	0.01325	0.04930	0.25749	0.01821	0.02401	0.01408	0.14926	0.01843	0.01386	0.01985	0.01563	0.02116	0.01307	0.02616	0.30702	0.00611	0.01429	0.00683	0.00347	0.00854
83	0.12629	0.01578	0.02556	0.02928	0.33211	0.01579	0.12122	0.02442	0.01642	0.17020	0.01604	0.01838	0.01199	0.00710	0.00759	0.00223	0.03774	0.00650	0.00476	0.01057
84	0.01106	0.00961	0.01514	0.01419	0.01547	0.01027	0.09549	0.01306	0.01369	0.01873	0.03074	0.49431	0.03553	0.01836	0.01153	0.00288	0.13321	0.04446	0.00561	0.00666
85	0.15250	0.01378	0.01643	0.01281	0.01818	0.01341	0.01058	0.14820	0.02142	0.48405	0.02325	0.02096	0.01507	0.00842	0.00672	0.00219	0.00629	0.00650	0.00781	0.01142
86	0.04287	0.06324	0.22441	0.01782	0.02460	0.04473	0.10408	0.14491	0.07047	0.11476	0.01960	0.04149	0.03817	0.00833	0.00706	0.00222	0.00863	0.00700	0.00521	0.01040
87	0.01481	0.04243	0.02731	0.45346	0.07186	0.01730	0.17842	0.01951	0.01471	0.01940	0.01277	0.01845	0.00986	0.00717	0.00852	0.00239	0.06313	0.00673	0.00328	0.00851
88	0.00886	0.00729	0.00783	0.00787	0.01012	0.00626	0.00601	0.01099	0.01680	0.02071	0.15936	0.06716	0.56650	0.01765	0.00851	0.00244	0.00377	0.05893	0.00678	0.00615
89	0.01798	0.01465	0.02432	0.19970	0.41418	0.01527	0.01900	0.02203	0.01596	0.11053	0.01551	0.01951	0.01213	0.01008	0.05625	0.00283	0.00912	0.00653	0.00414	0.01026
90	0.05781	0.06482	0.52231	0.01888	0.02797	0.06809	0.04608	0.02253	0.01527	0.02248	0.01242	0.01466	0.00914	0.00664	0.00647	0.00211	0.00999	0.00511	0.00324	0.06398
91	0.00943	0.00746	0.00848	0.00890	0.01091	0.00668	0.00701	0.01156	0.01602	0.01977	0.08308	0.06961	0.45472	0.06869	0.01071	0.00294	0.00462	0.18686	0.00649	0.00607
92	0.01807	0.01792	0.02800	0.06999	0.63161	0.06534	0.02121	0.02216	0.01641	0.02266	0.01320	0.01735	0.01106	0.00644	0.00701	0.00211	0.00880	0.00622	0.00352	0.01093
93	0.01397	0.01496	0.07007	0.57518	0.07418	0.01644	0.04420	0.01875	0.01423	0.01881	0.01252	0.01841	0.00958	0.00741	0.00833	0.00241	0.06276	0.00632	0.00318	0.00829
94	0.00933	0.00669	0.00911	0.01065	0.01136	0.00647	0.00772	0.01106	0.01402	0.01868	0.03756	0.56535	0.04388	0.02393	0.05826	0.00356	0.00564	0.14437	0.00641	0.00597
95	0.01041	0.00755	0.00955	0.00992	0.01121	0.00723	0.00707	0.05735	0.01733	0.02360	0.26513	0.43131	0.07821	0.01854	0.00869	0.00260	0.00410	0.01656	0.00706	0.00655
96	0.01768	0.46739	0.16923	0.01790	0.06989	0.02392	0.08124	0.02161	0.01482	0.01894	0.01113	0.01345	0.00943	0.00643	0.00613	0.00184	0.03147	0.00479	0.00313	0.00956
97	0.00953	0.00686	0.00919	0.01062	0.01153	0.00652	0.00790	0.01150	0.01496	0.01983	0.08844	0.48825	0.07093	0.02087	0.00922	0.00293	0.00472	0.19344	0.00669	0.00607
98	0.01112	0.00764	0.00882	0.00885	0.00934	0.00769	0.00548	0.05644	0.01270	0.01695	0.02592	0.20464	0.02980	0.53205	0.02802	0.00566	0.00633	0.01235	0.00503	0.00519
99	0.01479	0.17226	0.53482	0.01784	0.02696	0.01804	0.02216	0.02147	0.01501	0.02121	0.01631	0.01802	0.05676	0.00741	0.00646	0.00213	0.00949	0.00566	0.00326	0.00995
100	0.09661	0.02093	0.01879	0.01526	0.02017	0.16937	0.01227	0.38784	0.02653	0.08468	0.01973	0.01974	0.05899	0.00878	0.00682	0.00210	0.00827	0.00643	0.00622	0.01046
101	0.01997	0.01418	0.01433	0.01280	0.01618	0.11186	0.00985	0.02635	0.17660	0.21082	0.04799	0.10734	0.07237	0.04251	0.08048	0.00339	0.00780	0.00934	0.00662	0.00922

[dist]
# distance from previous block
# <min> <max>
0	3

# created by:
# /home/cegg/simao/soft/augustus-3.2.1/scripts/msa2prfl.pl ./align_prep/EOG090W0FS2.fa
