[name]
unknown

[dist]
# distance from previous block
# <min> <max>
17	77

[block]
# block no. 0 follows, 36 sequences, length 18
# corresponding to MSA columns:
# 92-109
name=unknown_A
#
# <colnr> <probs for GDERKNQSTAVLIFYWHMCP>
#	G	D	E	R	K	N	Q	S	T	A	V	L	I	F	Y	W	H	M	C	P
0	0.04458	0.03711	0.01292	0.09038	0.04211	0.08001	0.00905	0.03612	0.09697	0.09340	0.20246	0.07913	0.05478	0.03468	0.00717	0.00207	0.00535	0.00819	0.05625	0.00725
1	0.04331	0.01313	0.01480	0.26298	0.02388	0.10560	0.01163	0.11273	0.06564	0.05135	0.08769	0.09863	0.06456	0.00920	0.00643	0.00202	0.00668	0.00768	0.00467	0.00741
2	0.01604	0.01183	0.01492	0.10558	0.05747	0.04457	0.02579	0.16000	0.01640	0.10229	0.04310	0.07108	0.01600	0.05280	0.08745	0.00304	0.06663	0.00695	0.09037	0.00769
3	0.06063	0.05713	0.01523	0.03855	0.07505	0.03915	0.02675	0.13091	0.06016	0.11861	0.02096	0.07382	0.06345	0.01165	0.06566	0.00253	0.00660	0.02033	0.08200	0.03083
4	0.04460	0.01289	0.01553	0.08184	0.03924	0.04977	0.04631	0.19617	0.08777	0.06798	0.08095	0.04427	0.06702	0.01230	0.07638	0.00273	0.03281	0.00715	0.02617	0.00811
5	0.01815	0.09370	0.01756	0.01270	0.01665	0.06545	0.04438	0.30337	0.12734	0.02810	0.04784	0.01973	0.03994	0.00904	0.03126	0.00208	0.00659	0.00613	0.10123	0.00877
6	0.03671	0.09662	0.01607	0.17509	0.02027	0.07961	0.01060	0.08532	0.09955	0.07349	0.01551	0.06955	0.01334	0.03262	0.00984	0.14162	0.00665	0.00626	0.00418	0.00710
7	0.04816	0.07310	0.20043	0.06956	0.17521	0.04707	0.03901	0.04729	0.04781	0.07630	0.06742	0.05251	0.01484	0.00726	0.00606	0.00192	0.00723	0.00617	0.00399	0.00865
8	0.07706	0.10952	0.06606	0.01183	0.01648	0.01365	0.05844	0.14513	0.06617	0.02433	0.11289	0.02171	0.07131	0.00763	0.00574	0.00168	0.00570	0.00623	0.00469	0.17374
9	0.07132	0.10173	0.09004	0.01646	0.15219	0.01287	0.03839	0.06755	0.01501	0.11026	0.05232	0.09592	0.05706	0.00828	0.00595	0.00184	0.00600	0.00702	0.02582	0.06397
10	0.01525	0.41784	0.22954	0.01631	0.11172	0.01986	0.01512	0.02013	0.06819	0.01767	0.01104	0.01258	0.00905	0.00576	0.00499	0.00164	0.00733	0.00425	0.00299	0.00872
11	0.01353	0.01599	0.14337	0.07001	0.31363	0.01324	0.03348	0.01982	0.12532	0.02096	0.07323	0.02177	0.06549	0.00733	0.00631	0.00193	0.00672	0.00657	0.00399	0.03732
12	0.01108	0.01466	0.20886	0.01294	0.06692	0.00975	0.01168	0.03565	0.06171	0.02282	0.32978	0.03346	0.10526	0.01007	0.00667	0.00196	0.00520	0.00863	0.03553	0.00738
13	0.01495	0.01291	0.01357	0.01225	0.01568	0.01481	0.00952	0.03149	0.68288	0.02544	0.02789	0.02571	0.06731	0.00894	0.00641	0.00211	0.00481	0.00745	0.00630	0.00955
14	0.01363	0.01363	0.01908	0.01636	0.01636	0.01908	0.01363	0.01499	0.00954	0.01499	0.00818	0.01363	0.00818	0.01091	0.02045	0.00273	0.76963	0.00545	0.00273	0.00682
15	0.01550	0.01338	0.01409	0.01268	0.01620	0.01550	0.00986	0.03311	0.73091	0.02606	0.02536	0.02325	0.01902	0.00845	0.00634	0.00211	0.00493	0.00704	0.00634	0.00986
16	0.77759	0.05741	0.01054	0.00834	0.01228	0.01460	0.00698	0.01834	0.01072	0.02717	0.00867	0.01011	0.00682	0.00576	0.00386	0.00189	0.00493	0.00337	0.00379	0.00682
17	0.01471	0.01681	0.03676	0.02626	0.03256	0.01576	0.71954	0.01996	0.01471	0.01996	0.01261	0.01681	0.00945	0.00525	0.00735	0.00210	0.01050	0.00735	0.00315	0.00840

[dist]
# distance from previous block
# <min> <max>
0	8

[block]
# block no. 1 follows, 36 sequences, length 48
# corresponding to MSA columns:
# 118-165
name=unknown_B
#
# <colnr> <probs for GDERKNQSTAVLIFYWHMCP>
#	G	D	E	R	K	N	Q	S	T	A	V	L	I	F	Y	W	H	M	C	P
0	0.01362	0.01149	0.01857	0.04909	0.29274	0.01130	0.08540	0.04543	0.01517	0.06034	0.16443	0.02825	0.07731	0.08870	0.00929	0.00237	0.00625	0.00788	0.00450	0.00789
1	0.00978	0.00588	0.00788	0.00788	0.00807	0.00606	0.00513	0.00900	0.00882	0.01194	0.01544	0.02890	0.01651	0.34057	0.14815	0.34844	0.00753	0.00713	0.00325	0.00362
2	0.01495	0.39047	0.38507	0.01417	0.02140	0.01917	0.01671	0.01954	0.01306	0.03925	0.01038	0.01189	0.00817	0.00569	0.00501	0.00167	0.00788	0.00405	0.00280	0.00867
3	0.01600	0.07476	0.24135	0.02071	0.21788	0.01480	0.01630	0.10329	0.04854	0.06406	0.01300	0.01466	0.00988	0.00601	0.00576	0.00175	0.00723	0.00498	0.00379	0.11524
4	0.03462	0.32721	0.04230	0.01591	0.09949	0.27034	0.01222	0.04254	0.04099	0.01705	0.01049	0.01227	0.00895	0.00743	0.03231	0.00187	0.00863	0.00417	0.00319	0.00801
5	0.01666	0.78478	0.03265	0.01066	0.01599	0.02465	0.01066	0.01866	0.01266	0.01466	0.00866	0.00999	0.00800	0.00533	0.00400	0.00133	0.00666	0.00333	0.00267	0.00800
6	0.00928	0.00717	0.01096	0.03246	0.04562	0.00828	0.00858	0.01163	0.01027	0.01478	0.01630	0.02384	0.01511	0.04370	0.70088	0.00942	0.01603	0.00659	0.00331	0.00580
7	0.01177	0.01107	0.01869	0.76606	0.04291	0.01384	0.01730	0.01592	0.01246	0.01592	0.01107	0.01661	0.00831	0.00623	0.00623	0.00208	0.00831	0.00554	0.00277	0.00692
8	0.01381	0.01494	0.01143	0.01169	0.01322	0.29664	0.00844	0.01520	0.01428	0.01580	0.02468	0.44108	0.02804	0.01431	0.00708	0.00219	0.00669	0.04976	0.00478	0.00594
9	0.01523	0.00829	0.01069	0.00919	0.01184	0.00767	0.00718	0.06370	0.01819	0.23305	0.44655	0.06082	0.05929	0.01124	0.00698	0.00197	0.00390	0.00971	0.00700	0.00751
10	0.01177	0.01107	0.01869	0.76606	0.04291	0.01384	0.01730	0.01592	0.01246	0.01592	0.01107	0.01661	0.00831	0.00623	0.00623	0.00208	0.00831	0.00554	0.00277	0.00692
11	0.00906	0.00604	0.00680	0.00680	0.00680	0.00604	0.00378	0.00906	0.00906	0.01208	0.01963	0.04077	0.02265	0.78103	0.03171	0.00604	0.00604	0.00906	0.00378	0.00378
12	0.01025	0.00838	0.00933	0.00878	0.01082	0.02768	0.00668	0.01575	0.15696	0.02313	0.42546	0.04429	0.18842	0.01245	0.00714	0.00203	0.00366	0.02582	0.00642	0.00657
13	0.06593	0.26762	0.06400	0.01382	0.01802	0.42105	0.01179	0.02185	0.01527	0.01606	0.00995	0.02909	0.00872	0.00632	0.00508	0.00158	0.00912	0.00412	0.00310	0.00750
14	0.01854	0.01175	0.01830	0.31472	0.17327	0.01240	0.01441	0.02250	0.04320	0.28285	0.01668	0.01830	0.01163	0.00672	0.00623	0.00198	0.00690	0.00586	0.00477	0.00897
15	0.01527	0.01311	0.01579	0.01518	0.13121	0.03859	0.01030	0.07541	0.11110	0.04424	0.03067	0.01586	0.01202	0.00603	0.00581	0.00143	0.02670	0.00490	0.00430	0.42205
16	0.01484	0.01421	0.02424	0.15408	0.63088	0.01465	0.01883	0.01861	0.01391	0.01965	0.01162	0.01561	0.00962	0.00566	0.00618	0.00189	0.00755	0.00555	0.00303	0.00940
17	0.01169	0.03588	0.13872	0.01494	0.01831	0.01268	0.13498	0.01560	0.03868	0.01816	0.09265	0.08498	0.05781	0.01572	0.12881	0.00346	0.15809	0.00787	0.00386	0.00710
18	0.00876	0.00637	0.00825	0.00778	0.00927	0.00585	0.00583	0.01164	0.01749	0.02465	0.71094	0.04710	0.08694	0.01286	0.00735	0.00197	0.00295	0.01135	0.00681	0.00585
19	0.02327	0.02970	0.01766	0.01605	0.01926	0.75602	0.01204	0.02488	0.01766	0.01525	0.00963	0.01124	0.00803	0.00642	0.00562	0.00161	0.01124	0.00401	0.00321	0.00722
20	0.01410	0.07646	0.18819	0.01561	0.09208	0.01305	0.04998	0.04796	0.06984	0.02096	0.01233	0.01409	0.00972	0.00552	0.00537	0.00148	0.00654	0.00459	0.00359	0.34854
21	0.02169	0.02659	0.01937	0.05197	0.04745	0.59957	0.06143	0.05128	0.01738	0.01674	0.01016	0.01222	0.00831	0.00643	0.00611	0.00170	0.02632	0.00446	0.00329	0.00751
22	0.01019	0.00562	0.00767	0.00767	0.00775	0.00559	0.00492	0.00842	0.00861	0.01140	0.01523	0.02665	0.04065	0.23782	0.02583	0.55749	0.00551	0.00673	0.00312	0.00310
23	0.19477	0.01091	0.01335	0.01048	0.01510	0.01017	0.00865	0.02784	0.01632	0.59610	0.02125	0.01889	0.01361	0.00731	0.00576	0.00193	0.00520	0.00566	0.00690	0.00980
24	0.00872	0.00685	0.00721	0.00690	0.00913	0.00595	0.00524	0.03573	0.01520	0.04042	0.12758	0.05582	0.62350	0.01493	0.00729	0.00208	0.00333	0.01248	0.00597	0.00568
25	0.01710	0.23428	0.02567	0.02570	0.38741	0.12698	0.01518	0.03450	0.04294	0.01860	0.01115	0.01357	0.00945	0.00577	0.00548	0.00168	0.00765	0.00476	0.00318	0.00896
26	0.00769	0.00549	0.00734	0.00878	0.00919	0.00514	0.00595	0.00884	0.01202	0.01601	0.03429	0.74933	0.04100	0.01943	0.00798	0.00254	0.00370	0.04440	0.00578	0.00509
27	0.00749	0.00632	0.00649	0.00645	0.00850	0.00531	0.00484	0.00919	0.01451	0.01756	0.12321	0.05877	0.67910	0.01551	0.00736	0.00209	0.00314	0.01298	0.00588	0.00531
28	0.02045	0.40270	0.08086	0.01203	0.01728	0.09821	0.01138	0.04514	0.01522	0.22192	0.01364	0.01369	0.01016	0.00623	0.00503	0.00160	0.00698	0.00440	0.00426	0.00882
29	0.01486	0.02689	0.50573	0.04866	0.07994	0.03542	0.05415	0.09568	0.01531	0.04800	0.01214	0.01407	0.00870	0.00612	0.00606	0.00195	0.00876	0.00500	0.00328	0.00927
30	0.01073	0.00765	0.01043	0.00925	0.01138	0.00717	0.04516	0.01449	0.06245	0.07495	0.50708	0.06712	0.12307	0.01225	0.00723	0.00201	0.00369	0.01084	0.00653	0.00651
31	0.01318	0.01090	0.01280	0.00926	0.01463	0.00824	0.00739	0.01589	0.01303	0.04015	0.01211	0.03482	0.01031	0.00512	0.00475	0.00100	0.00460	0.00416	0.00386	0.77380
32	0.01284	0.01051	0.01210	0.00899	0.01394	0.00820	0.00716	0.03760	0.01380	0.04269	0.01987	0.02070	0.12533	0.00657	0.00515	0.00117	0.00448	0.00533	0.00423	0.63934
33	0.01470	0.01273	0.05986	0.01894	0.20085	0.01142	0.08245	0.05247	0.07633	0.11162	0.07421	0.03111	0.17585	0.00940	0.00675	0.00202	0.00602	0.03986	0.00503	0.00835
34	0.01441	0.01960	0.29792	0.01646	0.09516	0.01206	0.03588	0.06307	0.01467	0.07739	0.01595	0.05071	0.03376	0.00713	0.00597	0.00178	0.00700	0.03279	0.00391	0.19439
35	0.01484	0.01140	0.04759	0.10752	0.07254	0.01122	0.01037	0.11203	0.10801	0.08364	0.15967	0.02466	0.02221	0.00823	0.00605	0.00186	0.00521	0.00694	0.17804	0.00797
36	0.04531	0.04047	0.13419	0.02497	0.34389	0.04482	0.01620	0.07244	0.17223	0.02276	0.01457	0.01623	0.01138	0.00642	0.00600	0.00191	0.00714	0.00553	0.00397	0.00954
37	0.04092	0.13604	0.35844	0.01734	0.07236	0.01582	0.06786	0.05866	0.01453	0.11417	0.01270	0.01417	0.00925	0.00625	0.00628	0.00189	0.03564	0.00494	0.00360	0.00911
38	0.01203	0.01134	0.01916	0.71358	0.09333	0.01391	0.01743	0.01615	0.01258	0.01624	0.01112	0.01653	0.00842	0.00618	0.00622	0.00206	0.00824	0.00554	0.00279	0.00713
39	0.00849	0.00636	0.00787	0.00749	0.00911	0.00574	0.00562	0.01112	0.01686	0.02315	0.58672	0.04956	0.21210	0.01342	0.00735	0.00199	0.00299	0.01169	0.00662	0.00574
40	0.00898	0.00658	0.00845	0.00794	0.00949	0.00615	0.00597	0.01233	0.03931	0.02478	0.69728	0.04622	0.07755	0.01270	0.00732	0.00197	0.00301	0.01119	0.00681	0.00598
41	0.01462	0.00786	0.01039	0.00937	0.01107	0.00805	0.00704	0.08878	0.01290	0.13590	0.01596	0.02104	0.01338	0.04057	0.16903	0.32343	0.00763	0.00597	0.09124	0.00578
42	0.01161	0.00581	0.00581	0.00581	0.00726	0.00581	0.00436	0.01452	0.01307	0.02323	0.02033	0.02323	0.01597	0.00726	0.00436	0.00145	0.00290	0.00581	0.81562	0.00581
43	0.01696	0.75007	0.03196	0.01091	0.01614	0.05827	0.01072	0.01894	0.01289	0.01469	0.00871	0.01005	0.00800	0.00538	0.00407	0.00135	0.00687	0.00336	0.00269	0.00796
44	0.82504	0.01205	0.00916	0.00819	0.01205	0.01398	0.00675	0.01832	0.01060	0.02795	0.00868	0.01012	0.00675	0.00578	0.00386	0.00193	0.00482	0.00337	0.00386	0.00675
45	0.82504	0.01205	0.00916	0.00819	0.01205	0.01398	0.00675	0.01832	0.01060	0.02795	0.00868	0.01012	0.00675	0.00578	0.00386	0.00193	0.00482	0.00337	0.00386	0.00675
46	0.41874	0.15755	0.01619	0.01062	0.01490	0.06712	0.00898	0.15120	0.06176	0.02662	0.01100	0.01193	0.00858	0.00623	0.00461	0.00180	0.00598	0.00407	0.00420	0.00793
47	0.67966	0.03883	0.06292	0.00912	0.01350	0.01397	0.00816	0.01890	0.01125	0.05959	0.00965	0.01092	0.00734	0.00583	0.00414	0.00188	0.00521	0.00360	0.00390	0.03161

[dist]
# distance from previous block
# <min> <max>
0	1

[block]
# block no. 2 follows, 36 sequences, length 30
# corresponding to MSA columns:
# 167-187,194-202
name=unknown_C
#
# <colnr> <probs for GDERKNQSTAVLIFYWHMCP>
#	G	D	E	R	K	N	Q	S	T	A	V	L	I	F	Y	W	H	M	C	P
0	0.01600	0.01197	0.01378	0.03214	0.01605	0.04509	0.00840	0.01865	0.01388	0.14499	0.01324	0.01440	0.01018	0.00548	0.00550	0.00122	0.02936	0.00426	0.00430	0.59111
1	0.01063	0.01017	0.06666	0.01072	0.01283	0.00930	0.00848	0.01775	0.25406	0.01962	0.02953	0.46440	0.03117	0.01475	0.00725	0.00235	0.00449	0.01311	0.00573	0.00700
2	0.82504	0.01205	0.00916	0.00819	0.01205	0.01398	0.00675	0.01832	0.01060	0.02795	0.00868	0.01012	0.00675	0.00578	0.00386	0.00193	0.00482	0.00337	0.00386	0.00675
3	0.01363	0.01363	0.01908	0.01636	0.01636	0.01908	0.01363	0.01499	0.00954	0.01499	0.00818	0.01363	0.00818	0.01091	0.02045	0.00273	0.76963	0.00545	0.00273	0.00682
4	0.01292	0.01107	0.01292	0.00923	0.01477	0.00831	0.00738	0.01569	0.01292	0.02030	0.01107	0.01292	0.00923	0.00461	0.00461	0.00092	0.00461	0.00369	0.00369	0.81912
5	0.01513	0.01451	0.02477	0.09578	0.68689	0.01473	0.01898	0.01887	0.01405	0.02000	0.01167	0.01551	0.00975	0.00561	0.00617	0.00187	0.00747	0.00555	0.00306	0.00964
6	0.00870	0.00636	0.00816	0.00771	0.00923	0.00583	0.00578	0.01152	0.01735	0.02430	0.68182	0.04767	0.11628	0.01299	0.00735	0.00197	0.00296	0.01143	0.00677	0.00583
7	0.00890	0.00668	0.01001	0.01001	0.01113	0.00779	0.00779	0.01113	0.01001	0.01446	0.01669	0.02448	0.01558	0.04673	0.75634	0.01001	0.01669	0.00668	0.00334	0.00556
8	0.00736	0.00631	0.00631	0.00631	0.00842	0.00526	0.00473	0.00894	0.01420	0.01683	0.06312	0.05996	0.73964	0.01578	0.00736	0.00210	0.00316	0.01315	0.00579	0.00526
9	0.02327	0.02970	0.01766	0.01605	0.01926	0.75602	0.01204	0.02488	0.01766	0.01525	0.00963	0.01124	0.00803	0.00642	0.00562	0.00161	0.01124	0.00401	0.00321	0.00722
10	0.00759	0.00542	0.00723	0.00868	0.00904	0.00506	0.00578	0.00868	0.01193	0.01591	0.03434	0.77697	0.04121	0.01952	0.00795	0.00253	0.00361	0.01771	0.00578	0.00506
11	0.01666	0.78478	0.03265	0.01066	0.01599	0.02465	0.01066	0.01866	0.01266	0.01466	0.00866	0.00999	0.00800	0.00533	0.00400	0.00133	0.00666	0.00333	0.00267	0.00800
12	0.01521	0.01599	0.07185	0.03648	0.66925	0.01482	0.04635	0.01919	0.01414	0.02030	0.01172	0.01533	0.00973	0.00556	0.00620	0.00187	0.00764	0.00556	0.00306	0.00977
13	0.01292	0.01107	0.01292	0.00923	0.01477	0.00831	0.00738	0.01569	0.01292	0.02030	0.01107	0.01292	0.00923	0.00461	0.00461	0.00092	0.00461	0.00369	0.00369	0.81912
14	0.82504	0.01205	0.00916	0.00819	0.01205	0.01398	0.00675	0.01832	0.01060	0.02795	0.00868	0.01012	0.00675	0.00578	0.00386	0.00193	0.00482	0.00337	0.00386	0.00675
15	0.02246	0.05822	0.01686	0.01391	0.03477	0.37605	0.01064	0.02452	0.01658	0.22780	0.01437	0.01481	0.01061	0.00790	0.03145	0.00190	0.00864	0.00472	0.00454	0.09924
16	0.01430	0.01481	0.01985	0.01682	0.01733	0.06590	0.04765	0.01586	0.01031	0.01525	0.00849	0.01363	0.00823	0.01035	0.01887	0.00262	0.68460	0.00545	0.00278	0.00692
17	0.02057	0.01205	0.01394	0.01133	0.01540	0.01221	0.00915	0.20408	0.15327	0.28896	0.04588	0.02719	0.13932	0.00929	0.00648	0.00198	0.00521	0.00754	0.00673	0.00944
18	0.01161	0.00581	0.00581	0.00581	0.00726	0.00581	0.00436	0.01452	0.01307	0.02323	0.02033	0.02323	0.01597	0.00726	0.00436	0.00145	0.00290	0.00581	0.81562	0.00581
19	0.73620	0.01161	0.00919	0.00839	0.01198	0.01338	0.00679	0.01815	0.03671	0.02701	0.01115	0.06651	0.00970	0.00688	0.00424	0.00198	0.00474	0.00455	0.00409	0.00674
20	0.00876	0.00654	0.00970	0.00986	0.01089	0.00748	0.00757	0.01085	0.01023	0.01462	0.01865	0.10817	0.01843	0.04370	0.67311	0.00918	0.01523	0.00790	0.00361	0.00551
21	0.01117	0.00576	0.00597	0.00613	0.00746	0.00572	0.00451	0.01387	0.01294	0.02241	0.02188	0.10706	0.01878	0.00862	0.00476	0.00157	0.00298	0.00713	0.72556	0.00572
22	0.73459	0.01194	0.01022	0.09248	0.01548	0.01396	0.00792	0.01805	0.01081	0.02662	0.00894	0.01084	0.00692	0.00583	0.00412	0.00194	0.00521	0.00361	0.00373	0.00677
23	0.00847	0.00651	0.00905	0.00944	0.01062	0.00585	0.03459	0.00991	0.01215	0.01656	0.03088	0.66151	0.03638	0.01729	0.00756	0.00233	0.00400	0.01574	0.00545	0.09573
24	0.01361	0.01237	0.06475	0.63440	0.03889	0.01336	0.01676	0.01777	0.01310	0.09741	0.01258	0.01690	0.00907	0.00637	0.00621	0.00205	0.00803	0.00556	0.00331	0.00748
25	0.00902	0.00613	0.00725	0.00719	0.00745	0.00617	0.00436	0.00954	0.01010	0.01372	0.09937	0.04000	0.02606	0.63175	0.09200	0.00593	0.00662	0.00910	0.00408	0.00416
26	0.01111	0.01082	0.06098	0.01281	0.04258	0.00999	0.06735	0.01524	0.06895	0.01949	0.18801	0.02662	0.02406	0.05003	0.22142	0.00436	0.05737	0.00736	0.00436	0.09710
27	0.01486	0.01678	0.10537	0.03314	0.56183	0.03345	0.06335	0.01887	0.01408	0.01990	0.01280	0.05351	0.01115	0.00630	0.00629	0.00191	0.00771	0.00613	0.00318	0.00939
28	0.01392	0.17489	0.37779	0.02156	0.22165	0.01620	0.01877	0.01892	0.01338	0.01879	0.01292	0.01503	0.03781	0.00610	0.00567	0.00182	0.00796	0.00496	0.00289	0.00899
29	0.22677	0.37607	0.08070	0.01130	0.01566	0.03662	0.01084	0.01817	0.01188	0.01889	0.00923	0.01125	0.00796	0.00633	0.00635	0.00174	0.10794	0.00383	0.03096	0.00752

[dist]
# distance from previous block
# <min> <max>
0	5

# created by:
# /home/cegg/simao/soft/augustus-3.2.1/scripts/msa2prfl.pl ./align_prep/EOG090W0KFZ.fa
