[name]
unknown

[dist]
# distance from previous block
# <min> <max>
0	59

[block]
# block no. 0 follows, 28 sequences, length 10
# corresponding to MSA columns:
# 69-78
name=unknown_A
#
# <colnr> <probs for GDERKNQSTAVLIFYWHMCP>
#	G	D	E	R	K	N	Q	S	T	A	V	L	I	F	Y	W	H	M	C	P
0	0.01171	0.00837	0.01171	0.01339	0.01506	0.00837	0.01171	0.01506	0.01673	0.02175	0.03849	0.08199	0.04183	0.02008	0.01004	0.00335	0.00669	0.65027	0.00669	0.00669
1	0.01589	0.01884	0.13311	0.21136	0.22325	0.05633	0.05282	0.02060	0.01633	0.03989	0.06075	0.05996	0.04210	0.00870	0.00745	0.00231	0.00889	0.00782	0.00414	0.00945
2	0.01015	0.00742	0.00953	0.00900	0.01078	0.00680	0.00675	0.01345	0.02026	0.02839	0.64560	0.05555	0.11882	0.01514	0.00857	0.00230	0.00345	0.01332	0.00790	0.00680
3	0.01663	0.22573	0.33938	0.01730	0.02486	0.06424	0.04555	0.02325	0.06595	0.02172	0.04581	0.04903	0.01473	0.00801	0.00656	0.00212	0.00915	0.00630	0.00386	0.00984
4	0.00920	0.00727	0.00829	0.00829	0.01026	0.00635	0.00612	0.01151	0.01762	0.02274	0.28101	0.14237	0.40774	0.01771	0.00866	0.00246	0.00366	0.01521	0.00718	0.00635
5	0.08595	0.01158	0.01545	0.08436	0.01952	0.01096	0.04391	0.04011	0.01839	0.14596	0.25361	0.03090	0.03189	0.00977	0.00717	0.00205	0.00573	0.00839	0.00638	0.16790
6	0.01158	0.00988	0.01471	0.31225	0.02804	0.01077	0.01295	0.01480	0.01494	0.01940	0.03137	0.22372	0.11651	0.01430	0.00820	0.00260	0.00682	0.08887	0.00512	0.05318
7	0.01812	0.10431	0.05409	0.01326	0.01920	0.01572	0.01153	0.14642	0.09916	0.02776	0.01708	0.02084	0.01417	0.00767	0.00627	0.00172	0.00657	0.04635	0.00519	0.36459
8	0.11500	0.20671	0.09536	0.01634	0.05479	0.05178	0.01420	0.18510	0.03971	0.06745	0.01500	0.03734	0.01207	0.00820	0.00724	0.00212	0.05061	0.00585	0.00494	0.01018
9	0.01880	0.25357	0.08214	0.01367	0.01942	0.06386	0.01251	0.07226	0.12110	0.04679	0.06996	0.01937	0.01683	0.00773	0.00613	0.00182	0.00723	0.00586	0.00493	0.15602

[dist]
# distance from previous block
# <min> <max>
0	7

[block]
# block no. 1 follows, 28 sequences, length 13
# corresponding to MSA columns:
# 86-98
name=unknown_B
#
# <colnr> <probs for GDERKNQSTAVLIFYWHMCP>
#	G	D	E	R	K	N	Q	S	T	A	V	L	I	F	Y	W	H	M	C	P
0	0.01696	0.04546	0.07916	0.17708	0.07114	0.01691	0.12657	0.07560	0.16243	0.04306	0.02191	0.04405	0.04593	0.00906	0.00760	0.00240	0.00847	0.03130	0.00506	0.00984
1	0.04446	0.01770	0.04684	0.02064	0.13733	0.07199	0.05922	0.06907	0.15247	0.20081	0.02061	0.02068	0.01489	0.00791	0.00705	0.00215	0.00769	0.00672	0.00606	0.08571
2	0.04379	0.01534	0.01977	0.15170	0.08717	0.07507	0.05915	0.11219	0.01939	0.09251	0.10470	0.08100	0.05626	0.01042	0.00827	0.00235	0.03739	0.00884	0.00556	0.00914
3	0.01208	0.00836	0.00954	0.00881	0.01136	0.00757	0.00674	0.04749	0.01908	0.07185	0.28234	0.05633	0.35791	0.01548	0.00824	0.00233	0.00397	0.01310	0.05024	0.00717
4	0.01038	0.00779	0.01168	0.01168	0.01298	0.00909	0.00909	0.01298	0.01168	0.01687	0.01947	0.02856	0.01817	0.05452	0.71573	0.01168	0.01947	0.00779	0.00389	0.00649
5	0.00886	0.00633	0.00843	0.01012	0.01054	0.00590	0.00675	0.01012	0.01392	0.01856	0.04006	0.73979	0.04808	0.02277	0.00928	0.00295	0.00422	0.02066	0.00675	0.00590
6	0.06734	0.18196	0.33036	0.02106	0.02947	0.01979	0.20650	0.02272	0.01555	0.02247	0.01270	0.01555	0.00967	0.00653	0.00675	0.00218	0.01021	0.00588	0.00334	0.00999
7	0.35488	0.01819	0.02623	0.01989	0.02568	0.06078	0.30185	0.06535	0.01641	0.02845	0.01269	0.01570	0.00965	0.00665	0.00661	0.00231	0.00916	0.00620	0.00427	0.00905
8	0.00928	0.00668	0.00870	0.01015	0.01082	0.00628	0.00706	0.01073	0.01418	0.01868	0.04100	0.57143	0.09050	0.07236	0.01124	0.00325	0.00466	0.09053	0.00658	0.00590
9	0.01922	0.01795	0.02731	0.10406	0.54324	0.07246	0.02074	0.02330	0.01695	0.06440	0.01433	0.01814	0.01157	0.00679	0.00716	0.00217	0.00894	0.00638	0.00391	0.01100
10	0.20603	0.31329	0.02443	0.01297	0.01741	0.07045	0.01143	0.02233	0.03443	0.06332	0.01261	0.01490	0.01064	0.01136	0.06481	0.00282	0.08906	0.00489	0.00405	0.00878
11	0.01043	0.00761	0.01076	0.01076	0.01174	0.00859	0.00794	0.01239	0.01141	0.01619	0.02031	0.03321	0.02019	0.22339	0.54962	0.01055	0.01643	0.00847	0.00402	0.00598
12	0.01722	0.01421	0.01780	0.01660	0.11910	0.01237	0.01130	0.05774	0.08068	0.05408	0.01553	0.01719	0.01236	0.00631	0.00603	0.00148	0.00608	0.00525	0.00486	0.52381

[dist]
# distance from previous block
# <min> <max>
0	2

[block]
# block no. 2 follows, 28 sequences, length 8
# corresponding to MSA columns:
# 101-108
name=unknown_C
#
# <colnr> <probs for GDERKNQSTAVLIFYWHMCP>
#	G	D	E	R	K	N	Q	S	T	A	V	L	I	F	Y	W	H	M	C	P
0	0.02445	0.01318	0.01882	0.09757	0.12665	0.01230	0.01314	0.02848	0.04405	0.37926	0.05070	0.02317	0.01741	0.00822	0.00709	0.00211	0.00672	0.00697	0.00680	0.11287
1	0.01355	0.00678	0.00678	0.00678	0.00847	0.00678	0.00508	0.01694	0.01524	0.02710	0.02371	0.02710	0.01863	0.00847	0.00508	0.00169	0.00339	0.00678	0.78489	0.00678
2	0.01612	0.01833	0.09558	0.12653	0.27873	0.01759	0.13322	0.02061	0.01519	0.02155	0.01425	0.05281	0.01238	0.00844	0.01041	0.00248	0.13499	0.00740	0.00359	0.00978
3	0.01507	0.01292	0.01507	0.01077	0.01723	0.00969	0.00861	0.01830	0.01507	0.02369	0.01292	0.01507	0.01077	0.00538	0.00538	0.00108	0.00538	0.00431	0.00431	0.78898
4	0.01451	0.01647	0.10400	0.04435	0.12782	0.01428	0.14930	0.02096	0.09716	0.02338	0.08492	0.08090	0.06777	0.01304	0.04485	0.00296	0.03374	0.04547	0.00501	0.00913
5	0.01043	0.00856	0.01132	0.01094	0.01286	0.00813	0.05363	0.01404	0.07779	0.02059	0.08316	0.32735	0.24087	0.07248	0.01087	0.00299	0.00493	0.01585	0.00649	0.00671
6	0.04668	0.13092	0.08269	0.07290	0.09603	0.13785	0.01551	0.17505	0.06342	0.02724	0.05075	0.01823	0.01424	0.00809	0.00720	0.00212	0.03013	0.00609	0.00482	0.01006
7	0.22980	0.28141	0.05491	0.01376	0.01947	0.10253	0.04280	0.06839	0.01634	0.02456	0.01137	0.01313	0.00936	0.00664	0.00537	0.00185	0.00795	0.00451	0.00399	0.08187

[dist]
# distance from previous block
# <min> <max>
0	3

[block]
# block no. 3 follows, 28 sequences, length 10
# corresponding to MSA columns:
# 112-121
name=unknown_D
#
# <colnr> <probs for GDERKNQSTAVLIFYWHMCP>
#	G	D	E	R	K	N	Q	S	T	A	V	L	I	F	Y	W	H	M	C	P
0	0.18004	0.06962	0.02025	0.11815	0.08092	0.13007	0.01382	0.11525	0.10876	0.04879	0.01521	0.01700	0.01171	0.00785	0.00699	0.00221	0.03306	0.00575	0.00490	0.00966
1	0.01223	0.01017	0.01538	0.01454	0.04073	0.00994	0.09842	0.04959	0.06374	0.02395	0.17637	0.35956	0.06278	0.01645	0.00870	0.00262	0.00559	0.01512	0.00656	0.00758
2	0.02777	0.01131	0.01523	0.01235	0.01712	0.00986	0.01010	0.03044	0.01975	0.55957	0.03356	0.07861	0.07384	0.01139	0.00773	0.00239	0.00590	0.05348	0.00852	0.01108
3	0.01438	0.01399	0.06764	0.01269	0.01645	0.01329	0.01062	0.02674	0.36051	0.02796	0.21219	0.03954	0.12945	0.01218	0.00784	0.00240	0.00523	0.01032	0.00713	0.00944
4	0.01036	0.00696	0.00799	0.00820	0.00825	0.00691	0.00469	0.01052	0.01098	0.01464	0.02499	0.13183	0.02906	0.65668	0.03362	0.00655	0.00670	0.01180	0.00469	0.00459
5	0.01615	0.02332	0.22065	0.17092	0.09776	0.11756	0.07376	0.02112	0.01636	0.02111	0.04555	0.02413	0.04321	0.00908	0.00812	0.02840	0.00982	0.04010	0.00386	0.00902
6	0.00886	0.00633	0.00843	0.01012	0.01054	0.00590	0.00675	0.01012	0.01392	0.01856	0.04006	0.73979	0.04808	0.02277	0.00928	0.00295	0.00422	0.02066	0.00675	0.00590
7	0.02435	0.12025	0.02276	0.01538	0.02111	0.10557	0.01278	0.39716	0.02667	0.03478	0.01493	0.01573	0.01132	0.00767	0.00651	0.00187	0.00815	0.00558	0.00578	0.14163
8	0.00886	0.00633	0.00843	0.01012	0.01054	0.00590	0.00675	0.01012	0.01392	0.01856	0.04006	0.73979	0.04808	0.02277	0.00928	0.00295	0.00422	0.02066	0.00675	0.00590
9	0.01587	0.06403	0.09571	0.01611	0.02078	0.01566	0.10226	0.07693	0.23565	0.02620	0.05880	0.15826	0.05874	0.01175	0.00778	0.00244	0.00700	0.01043	0.00600	0.00959

[dist]
# distance from previous block
# <min> <max>
0	2

[block]
# block no. 4 follows, 28 sequences, length 15
# corresponding to MSA columns:
# 124-138
name=unknown_E
#
# <colnr> <probs for GDERKNQSTAVLIFYWHMCP>
#	G	D	E	R	K	N	Q	S	T	A	V	L	I	F	Y	W	H	M	C	P
0	0.02063	0.46870	0.14126	0.01502	0.02146	0.16104	0.01501	0.02387	0.01622	0.04224	0.01145	0.01299	0.00962	0.00668	0.00549	0.00176	0.00924	0.00440	0.00343	0.00948
1	0.01118	0.00840	0.01082	0.01182	0.05119	0.00798	0.00801	0.01305	0.01428	0.01925	0.07954	0.13040	0.10175	0.25704	0.04896	0.00446	0.00655	0.13877	0.00555	0.07102
2	0.01427	0.05367	0.01557	0.01327	0.01527	0.01344	0.01067	0.11672	0.01607	0.02207	0.02208	0.11428	0.02224	0.06611	0.28025	0.00634	0.10348	0.08163	0.00496	0.00760
3	0.01557	0.06325	0.13178	0.32877	0.14513	0.01765	0.15303	0.02098	0.01552	0.02092	0.01325	0.01813	0.01015	0.00679	0.00731	0.00232	0.01009	0.00657	0.00335	0.00945
4	0.01355	0.00678	0.00678	0.00678	0.00847	0.00678	0.00508	0.01694	0.01524	0.02710	0.02371	0.02710	0.01863	0.00847	0.00508	0.00169	0.00339	0.00678	0.78489	0.00678
5	0.70808	0.01386	0.01140	0.00995	0.01458	0.01566	0.00820	0.02298	0.01334	0.10988	0.01226	0.01330	0.00904	0.00701	0.00482	0.00225	0.00569	0.00432	0.00502	0.00839
6	0.00994	0.00733	0.00936	0.00953	0.01112	0.00675	0.00719	0.01273	0.01835	0.02498	0.40962	0.18168	0.15763	0.01740	0.00887	0.00255	0.00398	0.08701	0.00744	0.00656
7	0.01736	0.01559	0.01714	0.01779	0.09526	0.05116	0.01251	0.03243	0.47522	0.02758	0.03037	0.03299	0.06333	0.01081	0.00765	0.00248	0.00641	0.06665	0.00668	0.01059
8	0.01413	0.01333	0.02253	0.66286	0.11114	0.01626	0.02039	0.01892	0.01472	0.01906	0.01299	0.01925	0.00986	0.00719	0.00726	0.00240	0.00959	0.00646	0.00326	0.00840
9	0.01016	0.00758	0.00954	0.00950	0.01137	0.00696	0.00742	0.01321	0.01898	0.02568	0.43764	0.06277	0.20607	0.01659	0.00884	0.00251	0.00407	0.12695	0.00749	0.00667
10	0.01094	0.00869	0.01085	0.01043	0.01191	0.00903	0.00779	0.01453	0.06289	0.02383	0.32919	0.16656	0.14994	0.05890	0.01193	0.00281	0.08255	0.01354	0.00682	0.00688
11	0.02600	0.03112	0.02232	0.01932	0.02336	0.55707	0.05841	0.10129	0.02146	0.02132	0.01209	0.01417	0.00982	0.00779	0.00759	0.00201	0.04657	0.00523	0.00411	0.00894
12	0.01748	0.01976	0.10689	0.03618	0.43784	0.01750	0.12619	0.02445	0.09460	0.02437	0.01562	0.01902	0.01242	0.00686	0.00741	0.00226	0.00912	0.00689	0.00399	0.01115
13	0.03381	0.00874	0.01105	0.01056	0.01252	0.00839	0.03071	0.05748	0.01720	0.04399	0.17839	0.24692	0.16260	0.09956	0.01183	0.00309	0.00503	0.04460	0.00668	0.00684
14	0.02011	0.01760	0.01752	0.01534	0.01968	0.06563	0.01202	0.13269	0.54428	0.03185	0.02655	0.02474	0.01986	0.00953	0.00732	0.00238	0.00658	0.00773	0.00713	0.01143

[dist]
# distance from previous block
# <min> <max>
2	3

[block]
# block no. 5 follows, 28 sequences, length 13
# corresponding to MSA columns:
# 142-154
name=unknown_F
#
# <colnr> <probs for GDERKNQSTAVLIFYWHMCP>
#	G	D	E	R	K	N	Q	S	T	A	V	L	I	F	Y	W	H	M	C	P
0	0.01799	0.01700	0.02827	0.14870	0.37395	0.01777	0.11482	0.07808	0.08322	0.02533	0.01557	0.01930	0.01226	0.00707	0.00743	0.00228	0.00900	0.00696	0.00423	0.01077
1	0.01348	0.00987	0.01158	0.01078	0.01349	0.00992	0.00837	0.02091	0.18826	0.07054	0.32327	0.05032	0.16841	0.01423	0.00830	0.00243	0.00447	0.05556	0.00759	0.00824
2	0.01043	0.00762	0.01083	0.01083	0.01183	0.00862	0.00802	0.01243	0.01143	0.01624	0.02025	0.03288	0.02005	0.21153	0.56129	0.01063	0.01664	0.00842	0.00401	0.00602
3	0.01040	0.00773	0.01141	0.01141	0.01262	0.00894	0.00875	0.01281	0.01160	0.01667	0.01972	0.02992	0.01877	0.10417	0.66689	0.01135	0.01858	0.00799	0.00393	0.00634
4	0.01603	0.01628	0.02438	0.02027	0.02103	0.02187	0.08340	0.01809	0.01175	0.01809	0.01007	0.01628	0.00969	0.01205	0.02229	0.00311	0.65736	0.00659	0.00323	0.00814
5	0.01630	0.01584	0.02271	0.36866	0.18678	0.05919	0.01867	0.02286	0.11275	0.02132	0.01513	0.01953	0.01188	0.00794	0.00862	0.00240	0.06950	0.00660	0.00395	0.00936
6	0.00927	0.00728	0.00837	0.00833	0.01029	0.00639	0.00616	0.01166	0.01783	0.02317	0.30819	0.13278	0.38937	0.01750	0.00865	0.00244	0.00364	0.01505	0.00723	0.00639
7	0.00927	0.00729	0.00837	0.00831	0.01029	0.00639	0.00615	0.01167	0.01786	0.02321	0.31047	0.12738	0.39252	0.01745	0.00865	0.00244	0.00364	0.01500	0.00723	0.00639
8	0.00931	0.00732	0.00841	0.00828	0.01030	0.00642	0.00616	0.01177	0.01806	0.02351	0.32936	0.10647	0.39429	0.01722	0.00863	0.00242	0.00361	0.01477	0.00727	0.00642
9	0.01488	0.08090	0.66616	0.02021	0.03068	0.01760	0.02598	0.02294	0.01531	0.02266	0.01287	0.01512	0.00922	0.00686	0.00677	0.00226	0.01056	0.00528	0.00307	0.01066
10	0.11827	0.15085	0.15743	0.01588	0.02231	0.06960	0.01526	0.26387	0.06745	0.03170	0.01478	0.01568	0.01111	0.00768	0.00636	0.00210	0.00841	0.00551	0.00514	0.01063
11	0.16273	0.08607	0.01675	0.01208	0.01665	0.01519	0.00980	0.15164	0.05845	0.06519	0.04884	0.13553	0.02005	0.01009	0.00652	0.00207	0.00598	0.00808	0.00581	0.16248
12	0.02140	0.13305	0.14285	0.01650	0.04113	0.09919	0.03737	0.11526	0.03884	0.13110	0.06876	0.01982	0.01628	0.00797	0.00671	0.00200	0.00827	0.00625	0.00531	0.08193

[dist]
# distance from previous block
# <min> <max>
0	8

[block]
# block no. 6 follows, 28 sequences, length 12
# corresponding to MSA columns:
# 165-176
name=unknown_G
#
# <colnr> <probs for GDERKNQSTAVLIFYWHMCP>
#	G	D	E	R	K	N	Q	S	T	A	V	L	I	F	Y	W	H	M	C	P
0	0.29182	0.01663	0.04662	0.01252	0.01723	0.05919	0.01049	0.17302	0.04598	0.05585	0.02044	0.06492	0.06122	0.00925	0.00626	0.00218	0.00659	0.00691	0.03169	0.06118
1	0.01689	0.01630	0.02806	0.18341	0.48119	0.01670	0.06661	0.02138	0.01610	0.02264	0.01355	0.01823	0.01106	0.00656	0.00721	0.00218	0.00893	0.00650	0.00357	0.05294
2	0.01566	0.07968	0.37719	0.02113	0.02815	0.01940	0.11697	0.02147	0.01443	0.02114	0.01213	0.01586	0.00957	0.00832	0.01158	0.00251	0.20586	0.00600	0.00319	0.00975
3	0.03565	0.01107	0.01298	0.01298	0.04184	0.01156	0.00949	0.02350	0.25151	0.06845	0.16161	0.14387	0.11796	0.01411	0.00811	0.00252	0.00503	0.05178	0.00716	0.00881
4	0.00981	0.00711	0.00870	0.00880	0.00998	0.00660	0.00608	0.01180	0.01639	0.02222	0.31949	0.19248	0.14979	0.18053	0.01509	0.00351	0.00444	0.01441	0.00676	0.00601
5	0.02084	0.01760	0.02260	0.06855	0.02454	0.04278	0.10198	0.25018	0.15418	0.05143	0.01973	0.06538	0.01591	0.00985	0.00964	0.00246	0.09802	0.00797	0.00592	0.01045
6	0.01185	0.00773	0.01016	0.00949	0.01141	0.00708	0.00713	0.01510	0.02018	0.07840	0.60495	0.09512	0.06356	0.01492	0.00852	0.00233	0.00368	0.01319	0.00800	0.00721
7	0.01711	0.01637	0.02791	0.18623	0.56450	0.01704	0.02187	0.02153	0.01613	0.02267	0.01352	0.01828	0.01114	0.00664	0.00721	0.00221	0.00885	0.00647	0.00352	0.01080
8	0.01355	0.00678	0.00678	0.00678	0.00847	0.00678	0.00508	0.01694	0.01524	0.02710	0.02371	0.02710	0.01863	0.00847	0.00508	0.00169	0.00339	0.00678	0.78489	0.00678
9	0.01427	0.01002	0.01152	0.01042	0.01324	0.00974	0.00800	0.11710	0.05181	0.07737	0.23199	0.13519	0.25017	0.01535	0.00832	0.00241	0.00463	0.01309	0.00738	0.00799
10	0.01270	0.01091	0.01329	0.01296	0.04233	0.01112	0.03961	0.02107	0.23588	0.02441	0.11864	0.13841	0.26024	0.01474	0.00823	0.00249	0.00500	0.01279	0.00683	0.00833
11	0.01953	0.07603	0.02152	0.01701	0.04551	0.05935	0.07710	0.16093	0.28569	0.02907	0.02434	0.02576	0.05384	0.06055	0.00935	0.00261	0.00753	0.00784	0.00606	0.01037

[dist]
# distance from previous block
# <min> <max>
0	31

[block]
# block no. 7 follows, 28 sequences, length 8
# corresponding to MSA columns:
# 210-217
name=unknown_H
#
# <colnr> <probs for GDERKNQSTAVLIFYWHMCP>
#	G	D	E	R	K	N	Q	S	T	A	V	L	I	F	Y	W	H	M	C	P
0	0.01516	0.01502	0.02330	0.18932	0.02776	0.01951	0.07707	0.01806	0.01307	0.01899	0.05221	0.01940	0.01328	0.01093	0.01754	0.00288	0.44787	0.00700	0.00353	0.00809
1	0.12648	0.01668	0.01709	0.08017	0.02174	0.06782	0.01216	0.10298	0.33648	0.10807	0.02265	0.02198	0.01661	0.00880	0.00691	0.00233	0.00693	0.00693	0.00652	0.01067
2	0.01242	0.00884	0.01165	0.11928	0.01764	0.00880	0.00914	0.01597	0.05338	0.08239	0.16552	0.23746	0.19765	0.01594	0.00840	0.00254	0.00504	0.01393	0.00668	0.00735
3	0.01533	0.01355	0.07705	0.01214	0.01590	0.01182	0.01048	0.14645	0.07014	0.05725	0.32031	0.04125	0.12284	0.01434	0.03609	0.00267	0.00595	0.01060	0.00708	0.00875
4	0.01769	0.01797	0.02580	0.27144	0.39612	0.10381	0.02056	0.02189	0.01638	0.02126	0.01312	0.01785	0.01063	0.00687	0.00714	0.00221	0.00955	0.00625	0.00349	0.00997
5	0.01373	0.01292	0.02180	0.72707	0.05006	0.01615	0.02019	0.01857	0.01453	0.01857	0.01292	0.01938	0.00969	0.00727	0.00727	0.00242	0.00969	0.00646	0.00323	0.00807
6	0.02254	0.27006	0.06608	0.10429	0.02492	0.21592	0.01478	0.11812	0.01954	0.06165	0.01307	0.01483	0.01031	0.00726	0.00617	0.00192	0.00961	0.00509	0.00424	0.00961
7	0.01353	0.00997	0.01186	0.01046	0.01306	0.00988	0.00810	0.14363	0.02285	0.03148	0.49945	0.04861	0.12049	0.01401	0.00832	0.00228	0.00435	0.01207	0.00773	0.00787

[dist]
# distance from previous block
# <min> <max>
0	2

[block]
# block no. 8 follows, 28 sequences, length 7
# corresponding to MSA columns:
# 220-226
name=unknown_I
#
# <colnr> <probs for GDERKNQSTAVLIFYWHMCP>
#	G	D	E	R	K	N	Q	S	T	A	V	L	I	F	Y	W	H	M	C	P
0	0.00931	0.00652	0.00830	0.00954	0.00985	0.00621	0.00612	0.01024	0.01303	0.01737	0.03550	0.55564	0.04232	0.21479	0.01665	0.00404	0.00497	0.01798	0.00612	0.00551
1	0.01507	0.01292	0.01507	0.01077	0.01723	0.00969	0.00861	0.01830	0.01507	0.02369	0.01292	0.01507	0.01077	0.00538	0.00538	0.00108	0.00538	0.00431	0.00431	0.78898
2	0.02480	0.07099	0.09391	0.01295	0.01817	0.01192	0.01165	0.02796	0.01857	0.43108	0.07721	0.07425	0.02281	0.05906	0.00927	0.00257	0.00653	0.00839	0.00735	0.01056
3	0.45277	0.23410	0.06819	0.01190	0.01728	0.07407	0.01102	0.02219	0.01392	0.02622	0.01041	0.01211	0.00851	0.00666	0.00487	0.00202	0.00719	0.00408	0.00393	0.00855
4	0.01053	0.00710	0.00820	0.00811	0.00837	0.00702	0.00477	0.01104	0.01208	0.01636	0.12402	0.04858	0.03277	0.63482	0.03272	0.00633	0.00650	0.01096	0.00495	0.00477
5	0.01677	0.11972	0.16825	0.02246	0.07434	0.07132	0.23363	0.02251	0.04115	0.02315	0.11630	0.02255	0.01939	0.00787	0.00742	0.00221	0.00960	0.00753	0.00426	0.00956
6	0.01663	0.03216	0.54481	0.01917	0.02848	0.01654	0.02318	0.02641	0.11666	0.08163	0.01685	0.01791	0.01190	0.00753	0.00701	0.00232	0.00961	0.00596	0.00422	0.01099

[dist]
# distance from previous block
# <min> <max>
3	10

[block]
# block no. 9 follows, 28 sequences, length 21
# corresponding to MSA columns:
# 237-257
name=unknown_J
#
# <colnr> <probs for GDERKNQSTAVLIFYWHMCP>
#	G	D	E	R	K	N	Q	S	T	A	V	L	I	F	Y	W	H	M	C	P
0	0.01753	0.02046	0.16309	0.01545	0.02021	0.10226	0.01456	0.17055	0.02049	0.02681	0.07759	0.03418	0.04601	0.04110	0.08965	0.00363	0.00976	0.11229	0.00540	0.00898
1	0.01025	0.00976	0.05995	0.00996	0.01224	0.00768	0.00804	0.03523	0.01627	0.02113	0.11761	0.25611	0.28547	0.07724	0.01099	0.00297	0.00488	0.04120	0.00644	0.00658
2	0.01841	0.01997	0.12236	0.01773	0.03996	0.04265	0.06527	0.10635	0.37806	0.02956	0.04556	0.04263	0.01972	0.00933	0.00745	0.00238	0.00748	0.00795	0.00622	0.01095
3	0.34200	0.02037	0.19136	0.01627	0.07899	0.01613	0.01459	0.09503	0.01683	0.05293	0.04985	0.01903	0.04281	0.00799	0.00614	0.00226	0.00728	0.00590	0.00480	0.00945
4	0.02022	0.01977	0.06253	0.19973	0.07933	0.11289	0.04553	0.18865	0.05985	0.04407	0.03521	0.02138	0.01420	0.00858	0.00790	0.00231	0.03338	0.02954	0.00500	0.00991
5	0.03126	0.01241	0.01673	0.01277	0.01845	0.01061	0.01052	0.03410	0.02036	0.65163	0.02746	0.02399	0.01744	0.00872	0.00716	0.00216	0.00612	0.00708	0.00863	0.07240
6	0.01615	0.01356	0.01565	0.01128	0.01768	0.01079	0.00906	0.07475	0.01672	0.02559	0.01331	0.01528	0.01090	0.00567	0.00555	0.00117	0.00561	0.00450	0.00456	0.72221
7	0.01514	0.09318	0.38053	0.01787	0.02579	0.01559	0.08233	0.02125	0.01632	0.04624	0.09505	0.02394	0.04209	0.00840	0.00709	0.00218	0.00884	0.02394	0.00423	0.07001
8	0.01507	0.01292	0.01507	0.01077	0.01723	0.00969	0.00861	0.01830	0.01507	0.02369	0.01292	0.01507	0.01077	0.00538	0.00538	0.00108	0.00538	0.00431	0.00431	0.78898
9	0.01439	0.01240	0.01777	0.10492	0.16701	0.01258	0.04189	0.10260	0.01874	0.02462	0.07863	0.08934	0.23392	0.01281	0.00806	0.00241	0.00657	0.03710	0.00565	0.00857
10	0.00886	0.00633	0.00843	0.01012	0.01054	0.00590	0.00675	0.01012	0.01392	0.01856	0.04006	0.73979	0.04808	0.02277	0.00928	0.00295	0.00422	0.02066	0.00675	0.00590
11	0.47005	0.04704	0.01588	0.01273	0.01722	0.06680	0.04962	0.10049	0.04271	0.03063	0.01470	0.07624	0.01279	0.00848	0.00576	0.00227	0.00682	0.00619	0.00498	0.00861
12	0.01248	0.00788	0.00974	0.00902	0.01128	0.00701	0.00681	0.01475	0.01833	0.10171	0.35552	0.05332	0.26493	0.01625	0.01014	0.06993	0.00408	0.01262	0.00729	0.00693
13	0.41974	0.01523	0.01425	0.01377	0.06841	0.07459	0.01004	0.04545	0.01640	0.14858	0.06769	0.02034	0.04198	0.00832	0.00594	0.00222	0.00644	0.00602	0.00560	0.00900
14	0.01020	0.00743	0.00960	0.00906	0.01081	0.00682	0.00679	0.01355	0.02037	0.02867	0.66412	0.05508	0.10013	0.01504	0.00857	0.00229	0.00344	0.01326	0.00794	0.00682
15	0.01630	0.01523	0.02342	0.49475	0.18640	0.04022	0.01988	0.07694	0.01688	0.02203	0.01342	0.01870	0.01030	0.00723	0.00723	0.00233	0.00943	0.00641	0.00368	0.00920
16	0.01716	0.01961	0.04289	0.03064	0.03799	0.01838	0.67279	0.02328	0.01716	0.02328	0.01471	0.01961	0.01103	0.00613	0.00858	0.00245	0.01225	0.00858	0.00368	0.00980
17	0.40912	0.10903	0.01730	0.01259	0.01727	0.18482	0.01031	0.02522	0.01582	0.12121	0.01299	0.01391	0.00983	0.00718	0.00541	0.00207	0.00776	0.00458	0.00478	0.00881
18	0.56747	0.11135	0.04294	0.01154	0.01641	0.10752	0.01000	0.02247	0.01385	0.02836	0.01038	0.01210	0.00830	0.00678	0.00488	0.00211	0.00706	0.00408	0.00417	0.00824
19	0.01850	0.02023	0.05540	0.08924	0.27155	0.14033	0.09179	0.02519	0.11761	0.02352	0.06111	0.02110	0.01622	0.00777	0.00735	0.00222	0.00924	0.00705	0.00444	0.01013
20	0.01158	0.01199	0.06941	0.04743	0.09986	0.01003	0.08673	0.01460	0.01521	0.02054	0.05701	0.40214	0.09127	0.01637	0.00859	0.00266	0.00633	0.01507	0.00563	0.00755

[dist]
# distance from previous block
# <min> <max>
0	1

[block]
# block no. 10 follows, 28 sequences, length 57
# corresponding to MSA columns:
# 259-308,321-327
name=unknown_K
#
# <colnr> <probs for GDERKNQSTAVLIFYWHMCP>
#	G	D	E	R	K	N	Q	S	T	A	V	L	I	F	Y	W	H	M	C	P
0	0.01072	0.00802	0.01064	0.01120	0.05549	0.00752	0.00749	0.01369	0.01884	0.02636	0.52897	0.05213	0.10077	0.10259	0.01191	0.00286	0.00422	0.01254	0.00720	0.00682
1	0.02241	0.01856	0.01956	0.01742	0.05827	0.05362	0.01317	0.29664	0.35100	0.03571	0.02287	0.02199	0.01697	0.00910	0.00729	0.00230	0.00718	0.00727	0.00696	0.01171
2	0.60741	0.05620	0.05903	0.09703	0.01979	0.01702	0.01085	0.02116	0.01296	0.02943	0.01065	0.01294	0.00826	0.00679	0.00500	0.00224	0.00657	0.00433	0.00417	0.00816
3	0.01666	0.22167	0.48879	0.01844	0.02756	0.06559	0.02228	0.02309	0.01554	0.02115	0.01217	0.01425	0.00925	0.00677	0.00630	0.00208	0.01013	0.00494	0.00312	0.01023
4	0.00883	0.00644	0.00832	0.00983	0.01047	0.00593	0.00662	0.01015	0.01420	0.01867	0.04367	0.66782	0.11772	0.02230	0.00920	0.00290	0.00416	0.02009	0.00675	0.00593
5	0.02505	0.02808	0.02017	0.01776	0.02168	0.44761	0.01368	0.13255	0.13614	0.02438	0.01527	0.01635	0.01204	0.00838	0.00777	0.00210	0.05085	0.00568	0.00490	0.00955
6	0.01029	0.00743	0.00972	0.00914	0.01086	0.00686	0.00686	0.01372	0.02058	0.02915	0.69536	0.05430	0.06859	0.01486	0.00857	0.00229	0.00343	0.01315	0.00800	0.00686
7	0.02447	0.02126	0.02271	0.06834	0.14331	0.12610	0.01565	0.38690	0.06065	0.03511	0.01616	0.01750	0.01208	0.00810	0.00716	0.00216	0.00888	0.00633	0.00583	0.01129
8	0.01659	0.01382	0.01589	0.01149	0.01787	0.01124	0.00924	0.09754	0.01738	0.02636	0.01347	0.01536	0.01096	0.00579	0.00561	0.00121	0.00570	0.00458	0.00466	0.69526
9	0.79588	0.01406	0.01068	0.00956	0.01406	0.01631	0.00787	0.02137	0.01237	0.03261	0.01012	0.01181	0.00787	0.00675	0.00450	0.00225	0.00562	0.00394	0.00450	0.00787
10	0.01861	0.01550	0.01645	0.01473	0.01889	0.01781	0.01148	0.03851	0.66190	0.05488	0.02955	0.02703	0.02204	0.00983	0.00739	0.00246	0.00577	0.00819	0.00745	0.01154
11	0.01579	0.01606	0.06214	0.01302	0.01942	0.04738	0.03997	0.01936	0.01533	0.02310	0.01280	0.01522	0.01056	0.00589	0.00636	0.00134	0.03280	0.00466	0.00413	0.63469
12	0.00886	0.00633	0.00843	0.01012	0.01054	0.00590	0.00675	0.01012	0.01392	0.01856	0.04006	0.73979	0.04808	0.02277	0.00928	0.00295	0.00422	0.02066	0.00675	0.00590
13	0.01850	0.01885	0.03518	0.02739	0.07823	0.01870	0.44436	0.09587	0.13345	0.02696	0.01748	0.02055	0.01312	0.00707	0.00814	0.00240	0.01044	0.00815	0.00469	0.01049
14	0.01171	0.00837	0.01171	0.01339	0.01506	0.00837	0.01171	0.01506	0.01673	0.02175	0.03849	0.08199	0.04183	0.02008	0.01004	0.00335	0.00669	0.65027	0.00669	0.00669
15	0.01478	0.06645	0.67975	0.02038	0.03094	0.01736	0.02627	0.02297	0.01532	0.02278	0.01293	0.01520	0.00921	0.00688	0.00682	0.00227	0.01062	0.00531	0.00307	0.01069
16	0.00861	0.00730	0.00743	0.00754	0.00987	0.00612	0.00560	0.01041	0.01639	0.01957	0.07144	0.11380	0.65382	0.01870	0.00864	0.00249	0.00372	0.01569	0.00675	0.00612
17	0.01358	0.01230	0.01174	0.05759	0.01417	0.12929	0.00801	0.01473	0.01277	0.01557	0.01958	0.03609	0.02079	0.43450	0.16323	0.00677	0.01070	0.00875	0.00411	0.00574
18	0.00886	0.00633	0.00843	0.01012	0.01054	0.00590	0.00675	0.01012	0.01392	0.01856	0.04006	0.73979	0.04808	0.02277	0.00928	0.00295	0.00422	0.02066	0.00675	0.00590
19	0.02040	0.66074	0.03602	0.01310	0.01913	0.07435	0.01262	0.05846	0.01624	0.01874	0.01059	0.01208	0.00950	0.00644	0.00494	0.00161	0.00814	0.00409	0.00338	0.00944
20	0.02043	0.08010	0.14514	0.05935	0.16558	0.20166	0.04703	0.06137	0.04018	0.04188	0.01377	0.01617	0.01079	0.00706	0.00675	0.00203	0.00992	0.00565	0.00402	0.06111
21	0.03788	0.21693	0.15365	0.04279	0.05697	0.10452	0.01563	0.05294	0.13032	0.07534	0.03538	0.01818	0.01403	0.00774	0.00641	0.00207	0.00847	0.00585	0.00472	0.01017
22	0.02791	0.01992	0.02154	0.01651	0.02232	0.02188	0.01364	0.63950	0.03344	0.08231	0.01807	0.01786	0.01267	0.00874	0.00727	0.00219	0.00790	0.00659	0.00737	0.01236
23	0.03193	0.01347	0.01755	0.01345	0.01910	0.01231	0.01111	0.12324	0.02264	0.61382	0.02714	0.02374	0.01722	0.00896	0.00730	0.00224	0.00643	0.00720	0.00876	0.01237
24	0.01756	0.01461	0.01733	0.01399	0.05606	0.01285	0.01055	0.13849	0.01852	0.02754	0.01368	0.01570	0.01106	0.00629	0.00641	0.00140	0.02885	0.00490	0.00477	0.57942
25	0.00975	0.00741	0.00896	0.00858	0.01053	0.00663	0.00643	0.01267	0.01930	0.02611	0.49675	0.05930	0.26910	0.01599	0.00858	0.00234	0.00351	0.01385	0.00760	0.00663
26	0.01038	0.00779	0.01168	0.01168	0.01298	0.00909	0.00909	0.01298	0.01168	0.01687	0.01947	0.02856	0.01817	0.05452	0.71573	0.01168	0.01947	0.00779	0.00389	0.00649
27	0.79588	0.01406	0.01068	0.00956	0.01406	0.01631	0.00787	0.02137	0.01237	0.03261	0.01012	0.01181	0.00787	0.00675	0.00450	0.00225	0.00562	0.00394	0.00450	0.00787
28	0.00882	0.00645	0.00830	0.00979	0.01046	0.00593	0.00660	0.01016	0.01424	0.01869	0.04413	0.65863	0.12662	0.02224	0.00919	0.00289	0.00415	0.02002	0.00675	0.00593
29	0.26415	0.00883	0.00916	0.00994	0.01168	0.00928	0.00711	0.01377	0.01342	0.02312	0.03035	0.50365	0.03504	0.01757	0.00773	0.00272	0.00467	0.01524	0.00602	0.00654
30	0.01029	0.00743	0.00972	0.00914	0.01086	0.00686	0.00686	0.01372	0.02058	0.02915	0.69536	0.05430	0.06859	0.01486	0.00857	0.00229	0.00343	0.01315	0.00800	0.00686
31	0.02529	0.02543	0.01954	0.01694	0.02132	0.35070	0.01313	0.16303	0.19314	0.07163	0.01832	0.01833	0.01381	0.00844	0.00696	0.00211	0.00974	0.00613	0.00574	0.01027
32	0.01195	0.01019	0.01366	0.01310	0.01431	0.04254	0.01032	0.01437	0.01200	0.01701	0.01762	0.02598	0.01649	0.04620	0.58106	0.00998	0.12520	0.00744	0.00378	0.00679
33	0.01122	0.00802	0.01115	0.01283	0.01429	0.00795	0.01086	0.01421	0.01625	0.02121	0.03876	0.19459	0.04290	0.02054	0.00991	0.00328	0.00627	0.54249	0.00670	0.00656
34	0.01576	0.10706	0.11050	0.02212	0.02771	0.01794	0.31282	0.02116	0.04790	0.02150	0.01804	0.12926	0.01671	0.00969	0.00960	0.00248	0.08724	0.00925	0.00414	0.00914
35	0.01029	0.00743	0.00972	0.00914	0.01086	0.00686	0.00686	0.01372	0.02058	0.02915	0.69536	0.05430	0.06859	0.01486	0.00857	0.00229	0.00343	0.01315	0.00800	0.00686
36	0.02084	0.01699	0.01799	0.01535	0.01995	0.01937	0.01217	0.22245	0.49774	0.03486	0.02608	0.02433	0.01935	0.00953	0.00736	0.00238	0.00640	0.00773	0.00736	0.01175
37	0.01943	0.74891	0.03809	0.01244	0.01866	0.02876	0.01244	0.02177	0.01477	0.01710	0.01011	0.01166	0.00933	0.00622	0.00466	0.00155	0.00777	0.00389	0.00311	0.00933
38	0.01808	0.01561	0.01644	0.01479	0.01890	0.01808	0.01151	0.03863	0.68606	0.03041	0.02959	0.02712	0.02219	0.00986	0.00740	0.00247	0.00575	0.00822	0.00740	0.01151
39	0.07368	0.01650	0.04709	0.11307	0.38101	0.03615	0.01860	0.02039	0.01549	0.02285	0.04711	0.05619	0.01531	0.00863	0.00916	0.00236	0.09545	0.00724	0.00393	0.00979
40	0.02009	0.01669	0.02017	0.02001	0.12561	0.05646	0.04648	0.15394	0.24682	0.06812	0.04056	0.02442	0.01834	0.04957	0.05688	0.00317	0.00834	0.00762	0.00610	0.01063
41	0.01843	0.01862	0.03679	0.02681	0.03321	0.01820	0.50702	0.10136	0.01887	0.04688	0.01651	0.05570	0.01321	0.00769	0.00916	0.00247	0.04596	0.00880	0.00441	0.00991
42	0.01709	0.03272	0.51826	0.02110	0.03064	0.01801	0.09403	0.13465	0.01876	0.02695	0.01398	0.01617	0.00994	0.00713	0.00715	0.00230	0.01044	0.00592	0.00385	0.01092
43	0.01458	0.03760	0.70688	0.02072	0.03146	0.01688	0.02686	0.02302	0.01535	0.02302	0.01304	0.01535	0.00921	0.00691	0.00691	0.00230	0.01074	0.00537	0.00307	0.01074
44	0.01764	0.01498	0.01589	0.01434	0.01831	0.01708	0.01124	0.06654	0.58083	0.03006	0.03228	0.03190	0.06671	0.01082	0.00759	0.00249	0.00577	0.03723	0.00732	0.01098
45	0.00862	0.00724	0.00749	0.00770	0.00991	0.00611	0.00567	0.01039	0.01625	0.01951	0.06959	0.15078	0.61803	0.01894	0.00867	0.00251	0.00375	0.01598	0.00675	0.00611
46	0.00868	0.00737	0.00748	0.00745	0.00987	0.00617	0.00559	0.01060	0.01677	0.02012	0.10504	0.06916	0.66454	0.01823	0.00859	0.00245	0.00367	0.01523	0.00681	0.00617
47	0.01040	0.00741	0.00876	0.00900	0.00962	0.00747	0.00577	0.01199	0.04196	0.01644	0.03045	0.17364	0.08847	0.43897	0.10298	0.00620	0.00754	0.01243	0.00512	0.00538
48	0.02499	0.03053	0.02271	0.02485	0.18261	0.55017	0.01600	0.02744	0.01964	0.01920	0.01181	0.01426	0.00987	0.00725	0.00671	0.00194	0.01205	0.00511	0.00371	0.00916
49	0.79588	0.01406	0.01068	0.00956	0.01406	0.01631	0.00787	0.02137	0.01237	0.03261	0.01012	0.01181	0.00787	0.00675	0.00450	0.00225	0.00562	0.00394	0.00450	0.00787
50	0.01364	0.00713	0.00725	0.00700	0.00897	0.00694	0.00528	0.01702	0.01523	0.02690	0.02309	0.02641	0.01818	0.00829	0.00510	0.00166	0.00350	0.00663	0.74014	0.05162
51	0.02602	0.01765	0.01938	0.01531	0.02060	0.01919	0.01250	0.43614	0.14278	0.14121	0.02154	0.02070	0.01521	0.00895	0.00719	0.00222	0.00711	0.00696	0.04742	0.01193
52	0.01030	0.00767	0.01020	0.05028	0.01303	0.00729	0.00755	0.01359	0.01959	0.02736	0.58147	0.09797	0.09605	0.01513	0.00855	0.00235	0.00385	0.01337	0.00758	0.00683
53	0.02019	0.70668	0.03687	0.01247	0.01865	0.02773	0.01234	0.02255	0.01512	0.05650	0.01117	0.01241	0.00983	0.00638	0.00482	0.00159	0.00768	0.00408	0.00345	0.00950
54	0.01534	0.01299	0.01555	0.04783	0.01892	0.01061	0.00949	0.04981	0.01578	0.02411	0.01351	0.01618	0.01121	0.00846	0.04630	0.00181	0.00654	0.00473	0.00437	0.66647
55	0.01151	0.01014	0.05206	0.01246	0.01453	0.01022	0.01035	0.04749	0.01305	0.01871	0.01900	0.02723	0.01736	0.04944	0.63877	0.01066	0.01838	0.00759	0.00402	0.00703
56	0.00893	0.00638	0.00850	0.01007	0.01056	0.00595	0.00675	0.01031	0.01426	0.01910	0.07366	0.70465	0.04913	0.02237	0.00924	0.00292	0.00418	0.02028	0.00681	0.00595

[dist]
# distance from previous block
# <min> <max>
0	1

[block]
# block no. 11 follows, 28 sequences, length 46
# corresponding to MSA columns:
# 329-374
name=unknown_L
#
# <colnr> <probs for GDERKNQSTAVLIFYWHMCP>
#	G	D	E	R	K	N	Q	S	T	A	V	L	I	F	Y	W	H	M	C	P
0	0.01227	0.00746	0.00862	0.00831	0.00875	0.00733	0.00489	0.01249	0.01136	0.06728	0.02335	0.04581	0.02578	0.68786	0.03471	0.00668	0.00698	0.01032	0.00476	0.00502
1	0.05726	0.12901	0.52773	0.01857	0.02786	0.01852	0.02275	0.02397	0.06680	0.02332	0.01377	0.01558	0.01015	0.00703	0.00652	0.00221	0.00969	0.00532	0.00348	0.01046
2	0.02618	0.03487	0.07349	0.01888	0.02316	0.66153	0.01503	0.02856	0.02019	0.01819	0.01138	0.01328	0.00935	0.00745	0.00658	0.00191	0.01293	0.00473	0.00369	0.00861
3	0.01189	0.00807	0.00900	0.00861	0.00905	0.00824	0.00513	0.06177	0.01239	0.01654	0.02248	0.04525	0.02534	0.68784	0.03471	0.00667	0.00712	0.01026	0.00463	0.00502
4	0.02238	0.02712	0.05596	0.01627	0.02025	0.46173	0.01291	0.02502	0.01952	0.04106	0.11923	0.02080	0.01933	0.01039	0.03550	0.00231	0.01092	0.00622	0.00458	0.06850
5	0.01750	0.01495	0.01578	0.01426	0.01806	0.01723	0.01096	0.03646	0.63401	0.02915	0.02907	0.02870	0.02252	0.06648	0.00968	0.00282	0.00585	0.00840	0.00717	0.01096
6	0.01270	0.03269	0.06097	0.01110	0.01412	0.03383	0.00925	0.05298	0.08138	0.02661	0.35043	0.09987	0.15746	0.01421	0.00815	0.00234	0.00497	0.01218	0.00697	0.00779
7	0.02008	0.68888	0.03662	0.01297	0.01898	0.08646	0.01257	0.02238	0.01526	0.01716	0.01020	0.01178	0.00933	0.00633	0.00482	0.00158	0.00822	0.00395	0.00316	0.00925
8	0.79588	0.01406	0.01068	0.00956	0.01406	0.01631	0.00787	0.02137	0.01237	0.03261	0.01012	0.01181	0.00787	0.00675	0.00450	0.00225	0.00562	0.00394	0.00450	0.00787
9	0.01916	0.66811	0.03674	0.01458	0.05612	0.02777	0.01317	0.02156	0.01467	0.01749	0.01027	0.01224	0.00946	0.00659	0.00587	0.00168	0.04784	0.00417	0.00314	0.00937
10	0.01183	0.00938	0.00953	0.00950	0.01041	0.04691	0.00611	0.01441	0.08205	0.01713	0.03001	0.14500	0.08885	0.45851	0.02570	0.00528	0.00654	0.01189	0.00523	0.00573
11	0.00886	0.00633	0.00843	0.01012	0.01054	0.00590	0.00675	0.01012	0.01392	0.01856	0.04006	0.73979	0.04808	0.02277	0.00928	0.00295	0.00422	0.02066	0.00675	0.00590
12	0.02160	0.01720	0.01938	0.04482	0.02204	0.04941	0.04771	0.16386	0.39731	0.09822	0.02477	0.02361	0.01813	0.00914	0.00738	0.00236	0.00708	0.00758	0.00700	0.01139
13	0.03261	0.01237	0.01687	0.01293	0.01856	0.01068	0.01068	0.03543	0.02081	0.70423	0.02868	0.02474	0.01799	0.00900	0.00731	0.00225	0.00619	0.00731	0.00900	0.01237
14	0.01762	0.01816	0.06537	0.07390	0.63443	0.01720	0.02246	0.02218	0.01640	0.02348	0.01361	0.01791	0.01131	0.00654	0.00718	0.00218	0.00880	0.00642	0.00355	0.01132
15	0.01057	0.00705	0.00793	0.00793	0.00793	0.00705	0.00440	0.01057	0.01057	0.01409	0.02290	0.04757	0.02643	0.74454	0.03700	0.00705	0.00705	0.01057	0.00440	0.00440
16	0.01424	0.01345	0.02273	0.64453	0.12857	0.01629	0.02044	0.01902	0.01478	0.01920	0.01301	0.01921	0.00991	0.00717	0.00726	0.00239	0.00956	0.00646	0.00327	0.00849
17	0.03261	0.01237	0.01687	0.01293	0.01856	0.01068	0.01068	0.03543	0.02081	0.70423	0.02868	0.02474	0.01799	0.00900	0.00731	0.00225	0.00619	0.00731	0.00900	0.01237
18	0.01057	0.00705	0.00793	0.00793	0.00793	0.00705	0.00440	0.01057	0.01057	0.01409	0.02290	0.04757	0.02643	0.74454	0.03700	0.00705	0.00705	0.01057	0.00440	0.00440
19	0.01799	0.01727	0.02950	0.04462	0.69919	0.01727	0.02231	0.02231	0.01655	0.02375	0.01367	0.01799	0.01151	0.00648	0.00720	0.00216	0.00864	0.00648	0.00360	0.01151
20	0.01057	0.00705	0.00793	0.00793	0.00793	0.00705	0.00440	0.01057	0.01057	0.01409	0.02290	0.04757	0.02643	0.74454	0.03700	0.00705	0.00705	0.01057	0.00440	0.00440
21	0.01584	0.01290	0.01515	0.01086	0.01728	0.00973	0.00870	0.01905	0.01532	0.05353	0.01361	0.01550	0.01108	0.00554	0.00547	0.00113	0.00542	0.00444	0.00451	0.75492
22	0.01738	0.44796	0.32105	0.01594	0.02407	0.02374	0.01854	0.02230	0.01501	0.01961	0.01135	0.01322	0.00928	0.00651	0.00561	0.00187	0.00903	0.00451	0.00309	0.00993
23	0.02641	0.01975	0.02113	0.01648	0.02208	0.02197	0.01352	0.59339	0.11773	0.04384	0.01901	0.01869	0.01362	0.00887	0.00729	0.00222	0.00771	0.00676	0.00729	0.01225
24	0.02152	0.01841	0.01830	0.01565	0.02022	0.07129	0.01236	0.22221	0.44771	0.03393	0.02471	0.02328	0.01839	0.00936	0.00730	0.00234	0.00695	0.00747	0.00709	0.01152
25	0.01039	0.00775	0.01151	0.01151	0.01275	0.00899	0.00888	0.01287	0.01163	0.01675	0.01962	0.02941	0.01854	0.08547	0.68529	0.01147	0.01891	0.00791	0.00392	0.00640
26	0.01029	0.00743	0.00972	0.00914	0.01086	0.00686	0.00686	0.01372	0.02058	0.02915	0.69536	0.05430	0.06859	0.01486	0.00857	0.00229	0.00343	0.01315	0.00800	0.00686
27	0.01662	0.01947	0.06270	0.02918	0.03627	0.01765	0.61504	0.02255	0.01692	0.02302	0.01605	0.05909	0.01301	0.00707	0.00856	0.00247	0.01176	0.00914	0.00383	0.00962
28	0.01057	0.00705	0.00793	0.00793	0.00793	0.00705	0.00440	0.01057	0.01057	0.01409	0.02290	0.04757	0.02643	0.74454	0.03700	0.00705	0.00705	0.01057	0.00440	0.00440
29	0.01549	0.01470	0.02431	0.42465	0.27291	0.01695	0.02037	0.02054	0.03953	0.02074	0.01360	0.01899	0.01077	0.00739	0.00816	0.00237	0.04909	0.00652	0.00351	0.00939
30	0.63119	0.01369	0.01202	0.01029	0.01503	0.01509	0.00848	0.02440	0.01419	0.17753	0.01413	0.01460	0.01006	0.00723	0.00511	0.00225	0.00574	0.00466	0.00547	0.00884
31	0.01808	0.01561	0.01644	0.01479	0.01890	0.01808	0.01151	0.03863	0.68606	0.03041	0.02959	0.02712	0.02219	0.00986	0.00740	0.00247	0.00575	0.00822	0.00740	0.01151
32	0.01029	0.00743	0.00972	0.00914	0.01086	0.00686	0.00686	0.01372	0.02058	0.02915	0.69536	0.05430	0.06859	0.01486	0.00857	0.00229	0.00343	0.01315	0.00800	0.00686
33	0.02475	0.02925	0.01981	0.01782	0.02157	0.51134	0.01356	0.05419	0.16457	0.02153	0.01536	0.01641	0.01225	0.00826	0.00746	0.00206	0.04037	0.00558	0.00464	0.00922
34	0.01029	0.00743	0.00972	0.00914	0.01086	0.00686	0.00686	0.01372	0.02058	0.02915	0.69536	0.05430	0.06859	0.01486	0.00857	0.00229	0.00343	0.01315	0.00800	0.00686
35	0.01355	0.00678	0.00678	0.00678	0.00847	0.00678	0.00508	0.01694	0.01524	0.02710	0.02371	0.02710	0.01863	0.00847	0.00508	0.00169	0.00339	0.00678	0.78489	0.00678
36	0.00908	0.00650	0.00864	0.00997	0.01059	0.00606	0.00677	0.01069	0.01497	0.02024	0.14393	0.63114	0.05133	0.02152	0.00917	0.00285	0.00409	0.01947	0.00695	0.00606
37	0.06303	0.64816	0.03510	0.01281	0.01872	0.08585	0.01232	0.02235	0.01513	0.01802	0.01020	0.01179	0.00925	0.00636	0.00481	0.00162	0.00810	0.00396	0.00324	0.00917
38	0.01680	0.01686	0.05391	0.15797	0.52603	0.01659	0.02156	0.02131	0.01617	0.02273	0.01485	0.02154	0.01273	0.00736	0.00735	0.00227	0.00879	0.04085	0.00368	0.01064
39	0.01355	0.00678	0.00678	0.00678	0.00847	0.00678	0.00508	0.01694	0.01524	0.02710	0.02371	0.02710	0.01863	0.00847	0.00508	0.00169	0.00339	0.00678	0.78489	0.00678
40	0.01460	0.04867	0.07342	0.15203	0.15497	0.01501	0.18655	0.01899	0.01575	0.02122	0.02257	0.13052	0.07381	0.00996	0.00782	0.00238	0.00871	0.00964	0.00425	0.02913
41	0.79588	0.01406	0.01068	0.00956	0.01406	0.01631	0.00787	0.02137	0.01237	0.03261	0.01012	0.01181	0.00787	0.00675	0.00450	0.00225	0.00562	0.00394	0.00450	0.00787
42	0.01142	0.00962	0.01023	0.00966	0.01200	0.03970	0.00730	0.01632	0.09972	0.02561	0.37616	0.05441	0.27037	0.01511	0.00835	0.00235	0.00423	0.01291	0.00732	0.00725
43	0.05663	0.04949	0.38366	0.02058	0.02887	0.01623	0.18332	0.02148	0.01547	0.02285	0.01718	0.02073	0.05050	0.04038	0.00851	0.00249	0.00996	0.00682	0.00362	0.04123
44	0.01355	0.00678	0.00678	0.00678	0.00847	0.00678	0.00508	0.01694	0.01524	0.02710	0.02371	0.02710	0.01863	0.00847	0.00508	0.00169	0.00339	0.00678	0.78489	0.00678
45	0.05958	0.01939	0.02198	0.05491	0.02413	0.02149	0.04333	0.54696	0.06727	0.04192	0.01743	0.01794	0.01250	0.00851	0.00722	0.00223	0.00805	0.00661	0.00678	0.01177

[dist]
# distance from previous block
# <min> <max>
0	1

[block]
# block no. 12 follows, 28 sequences, length 8
# corresponding to MSA columns:
# 376-383
name=unknown_M
#
# <colnr> <probs for GDERKNQSTAVLIFYWHMCP>
#	G	D	E	R	K	N	Q	S	T	A	V	L	I	F	Y	W	H	M	C	P
0	0.63565	0.01858	0.07393	0.01163	0.01660	0.09871	0.01029	0.02242	0.01361	0.03001	0.01051	0.01228	0.00817	0.00685	0.00496	0.00221	0.00696	0.00415	0.00428	0.00819
1	0.01641	0.01743	0.03503	0.02747	0.08131	0.01674	0.47355	0.02331	0.07705	0.02441	0.07837	0.02635	0.01876	0.00796	0.00844	0.00246	0.01034	0.04040	0.00454	0.00966
2	0.01136	0.00927	0.01030	0.00986	0.01242	0.00912	0.00758	0.01791	0.16653	0.02492	0.24341	0.05652	0.32790	0.01556	0.00840	0.00246	0.00423	0.04742	0.00726	0.00757
3	0.66301	0.01376	0.01176	0.01015	0.01484	0.01533	0.00836	0.02381	0.01384	0.14953	0.01335	0.01406	0.00963	0.00714	0.00499	0.00225	0.00572	0.00452	0.00528	0.00866
4	0.01045	0.00751	0.01029	0.01029	0.01111	0.00833	0.00735	0.01209	0.01127	0.01584	0.02074	0.03560	0.02123	0.31019	0.46424	0.00996	0.01487	0.00882	0.00408	0.00572
