[name]
unknown

[dist]
# distance from previous block
# <min> <max>
0	199

[block]
# block no. 0 follows, 30 sequences, length 18
# corresponding to MSA columns:
# 224-241
name=unknown_A
#
# <colnr> <probs for GDERKNQSTAVLIFYWHMCP>
#	G	D	E	R	K	N	Q	S	T	A	V	L	I	F	Y	W	H	M	C	P
0	0.10281	0.13785	0.17665	0.01650	0.03798	0.06081	0.08788	0.05231	0.01585	0.04800	0.01711	0.06985	0.01559	0.00946	0.00719	0.02168	0.00820	0.08260	0.00429	0.02740
1	0.07050	0.11165	0.32057	0.01874	0.05070	0.01624	0.11914	0.02157	0.01523	0.06770	0.01689	0.02102	0.03885	0.00763	0.00667	0.00215	0.00881	0.04293	0.00391	0.03909
2	0.01455	0.14058	0.15385	0.01893	0.10172	0.01528	0.12275	0.01890	0.01536	0.02137	0.08934	0.02301	0.05747	0.01093	0.05895	0.00260	0.00862	0.00692	0.00403	0.11483
3	0.01659	0.31189	0.07647	0.09691	0.02180	0.08828	0.01288	0.01971	0.01448	0.01834	0.01187	0.01490	0.01020	0.01116	0.08426	0.00264	0.00915	0.00469	0.00337	0.17040
4	0.01662	0.13987	0.04543	0.05472	0.01980	0.01482	0.01090	0.09699	0.04928	0.02413	0.01322	0.01499	0.01069	0.00604	0.00552	0.00142	0.00630	0.00466	0.00431	0.46030
5	0.01746	0.23956	0.40932	0.01720	0.02554	0.01885	0.05162	0.02315	0.01527	0.10096	0.01353	0.01496	0.00993	0.00664	0.00614	0.00201	0.00906	0.00511	0.00365	0.01006
6	0.01785	0.05602	0.06694	0.01414	0.06106	0.01090	0.03551	0.02092	0.01651	0.23495	0.12969	0.08675	0.06028	0.04573	0.10732	0.00362	0.00782	0.00912	0.00610	0.00877
7	0.01108	0.00761	0.00971	0.01040	0.01186	0.00733	0.00787	0.01408	0.05357	0.05704	0.09736	0.32685	0.11466	0.06192	0.01033	0.00299	0.00486	0.17738	0.00659	0.00651
8	0.01028	0.00837	0.01266	0.01214	0.01416	0.00793	0.08191	0.01294	0.01548	0.02037	0.11798	0.23910	0.16977	0.01974	0.05537	0.00325	0.00626	0.17974	0.00610	0.00646
9	0.01609	0.31147	0.37416	0.01800	0.02625	0.02076	0.10099	0.02167	0.01473	0.01995	0.01163	0.01387	0.00910	0.00629	0.00600	0.00195	0.00940	0.00499	0.00303	0.00968
10	0.01081	0.00748	0.00936	0.01000	0.01124	0.00725	0.00730	0.01351	0.05385	0.04736	0.08074	0.31693	0.10372	0.14743	0.01341	0.00345	0.00504	0.13862	0.00628	0.00620
11	0.10100	0.00740	0.00850	0.00936	0.01082	0.00721	0.00683	0.01157	0.01395	0.01984	0.04192	0.41315	0.19832	0.02004	0.03638	0.00300	0.00487	0.07368	0.00612	0.00603
12	0.05081	0.05618	0.08408	0.01404	0.01911	0.06697	0.01246	0.08405	0.12587	0.29236	0.02361	0.02711	0.01791	0.00946	0.00701	0.00225	0.00705	0.08265	0.00663	0.01038
13	0.01437	0.09954	0.02375	0.55893	0.13506	0.01705	0.01880	0.01867	0.01424	0.01834	0.01219	0.01756	0.00950	0.00676	0.00668	0.00219	0.00895	0.00592	0.00314	0.00834
14	0.00935	0.00709	0.00977	0.09390	0.01444	0.00725	0.00787	0.01100	0.01307	0.01728	0.03414	0.46782	0.08635	0.09995	0.08334	0.00399	0.00637	0.01562	0.00558	0.00583
15	0.49668	0.01794	0.11792	0.14002	0.02260	0.06181	0.01273	0.02075	0.01318	0.02664	0.01068	0.01320	0.00815	0.00663	0.00526	0.00217	0.00728	0.00446	0.00385	0.00804
16	0.01724	0.01901	0.05546	0.21938	0.03371	0.10659	0.24360	0.06027	0.08198	0.02193	0.01434	0.01815	0.01096	0.00729	0.00839	0.00230	0.05969	0.00679	0.00390	0.00900
17	0.01811	0.01321	0.01472	0.01304	0.01641	0.02858	0.01019	0.15672	0.25158	0.09595	0.06631	0.10855	0.02516	0.05367	0.05564	0.00318	0.00681	0.04601	0.00671	0.00944

[dist]
# distance from previous block
# <min> <max>
6	60

[block]
# block no. 1 follows, 30 sequences, length 11
# corresponding to MSA columns:
# 318-328
name=unknown_B
#
# <colnr> <probs for GDERKNQSTAVLIFYWHMCP>
#	G	D	E	R	K	N	Q	S	T	A	V	L	I	F	Y	W	H	M	C	P
0	0.01921	0.05666	0.32286	0.02114	0.09902	0.12872	0.07123	0.02529	0.04959	0.11794	0.01518	0.01664	0.01101	0.00701	0.00672	0.00211	0.00962	0.00574	0.00414	0.01017
1	0.02234	0.06945	0.02416	0.09800	0.09980	0.40522	0.08589	0.07515	0.01905	0.02033	0.01195	0.01462	0.00963	0.00694	0.00658	0.00195	0.01101	0.00535	0.00374	0.00885
2	0.10532	0.02174	0.11192	0.09417	0.02528	0.12136	0.05440	0.26539	0.05436	0.05786	0.01494	0.01634	0.01090	0.00754	0.00663	0.00213	0.00874	0.00582	0.00513	0.01003
3	0.18550	0.01592	0.02446	0.03564	0.56204	0.01638	0.01845	0.02122	0.01503	0.02462	0.01240	0.01600	0.01031	0.00627	0.00635	0.00209	0.00767	0.00570	0.00364	0.01031
4	0.09777	0.01192	0.01837	0.58198	0.04004	0.01459	0.01650	0.01730	0.01333	0.01882	0.01313	0.02070	0.01083	0.08653	0.00973	0.00278	0.00861	0.00636	0.00335	0.00736
5	0.33233	0.01357	0.01323	0.01158	0.01565	0.01520	0.00925	0.06604	0.25731	0.08765	0.09193	0.02219	0.01963	0.00865	0.00610	0.00223	0.00540	0.00658	0.00617	0.00930
6	0.00884	0.00643	0.00821	0.00914	0.00997	0.00593	0.00625	0.01045	0.01472	0.01970	0.17320	0.50129	0.11886	0.06027	0.01017	0.00287	0.00399	0.01734	0.00659	0.00579
7	0.01866	0.75896	0.03657	0.01194	0.01791	0.02761	0.01194	0.02090	0.01418	0.01642	0.00970	0.01119	0.00896	0.00597	0.00448	0.00149	0.00746	0.00373	0.00299	0.00896
8	0.00900	0.00628	0.00795	0.00908	0.00936	0.00600	0.00579	0.00985	0.01238	0.01651	0.03345	0.53596	0.03983	0.24473	0.01700	0.00403	0.00487	0.01689	0.00579	0.00523
9	0.80405	0.01350	0.01026	0.00918	0.01350	0.01565	0.00756	0.02051	0.01188	0.03131	0.00972	0.01134	0.00756	0.00648	0.00432	0.00216	0.00540	0.00378	0.00432	0.00756
10	0.00995	0.00738	0.00950	0.01078	0.01178	0.00735	0.00785	0.01350	0.08626	0.01959	0.03712	0.54791	0.04241	0.02007	0.00885	0.00286	0.00465	0.13930	0.00653	0.00638

[dist]
# distance from previous block
# <min> <max>
0	1

[block]
# block no. 2 follows, 30 sequences, length 12
# corresponding to MSA columns:
# 330-341
name=unknown_C
#
# <colnr> <probs for GDERKNQSTAVLIFYWHMCP>
#	G	D	E	R	K	N	Q	S	T	A	V	L	I	F	Y	W	H	M	C	P
0	0.10686	0.01988	0.01841	0.01502	0.01989	0.14539	0.01207	0.34146	0.10788	0.11771	0.01768	0.01742	0.01271	0.00813	0.00660	0.00209	0.00785	0.00599	0.00631	0.01064
1	0.01318	0.01240	0.02093	0.73798	0.04806	0.01550	0.01938	0.01783	0.01395	0.01783	0.01240	0.01860	0.00930	0.00698	0.00698	0.00233	0.00930	0.00620	0.00310	0.00775
2	0.80405	0.01350	0.01026	0.00918	0.01350	0.01565	0.00756	0.02051	0.01188	0.03131	0.00972	0.01134	0.00756	0.00648	0.00432	0.00216	0.00540	0.00378	0.00432	0.00756
3	0.01002	0.00726	0.01013	0.01013	0.01100	0.00813	0.00737	0.01176	0.01089	0.01539	0.01969	0.03292	0.01984	0.26436	0.51835	0.00987	0.01509	0.00828	0.00389	0.00563
4	0.02506	0.01868	0.02015	0.01536	0.02102	0.02014	0.01265	0.60626	0.03057	0.04139	0.01622	0.01648	0.01168	0.00799	0.00676	0.00196	0.00737	0.00602	0.00663	0.10761
5	0.71784	0.01331	0.01092	0.00954	0.01398	0.01505	0.00786	0.02202	0.01278	0.10770	0.01170	0.01272	0.00864	0.00672	0.00462	0.00216	0.00546	0.00414	0.00480	0.00804
6	0.02547	0.01618	0.01998	0.01879	0.12518	0.01684	0.01331	0.30581	0.10718	0.24596	0.02094	0.02012	0.01455	0.00826	0.00700	0.00214	0.00697	0.00669	0.00697	0.01165
7	0.01604	0.01403	0.02759	0.02125	0.02607	0.01311	0.37779	0.02028	0.01627	0.10585	0.02364	0.16084	0.02234	0.01115	0.00842	0.00255	0.00884	0.11021	0.00513	0.00858
8	0.02008	0.02454	0.35337	0.01794	0.02520	0.01524	0.06514	0.04833	0.01664	0.23594	0.01703	0.01792	0.01170	0.00788	0.00869	0.00229	0.09060	0.00609	0.00489	0.01049
9	0.11672	0.01532	0.01608	0.01290	0.01791	0.12011	0.01045	0.03157	0.01904	0.53309	0.02299	0.02066	0.01493	0.00818	0.00661	0.00210	0.00689	0.00627	0.00739	0.01082
10	0.01585	0.01477	0.02482	0.12298	0.52416	0.01515	0.01962	0.01992	0.01568	0.02190	0.01667	0.02680	0.01528	0.00830	0.00733	0.00228	0.00813	0.10655	0.00386	0.00995
11	0.01446	0.01408	0.01982	0.01724	0.01743	0.01944	0.01427	0.01613	0.01077	0.01670	0.01061	0.01712	0.01042	0.01833	0.13028	0.00430	0.63170	0.00632	0.00316	0.00742

[dist]
# distance from previous block
# <min> <max>
0	3

[block]
# block no. 3 follows, 30 sequences, length 17
# corresponding to MSA columns:
# 345-361
name=unknown_D
#
# <colnr> <probs for GDERKNQSTAVLIFYWHMCP>
#	G	D	E	R	K	N	Q	S	T	A	V	L	I	F	Y	W	H	M	C	P
0	0.00906	0.00659	0.00866	0.01012	0.01097	0.00619	0.00737	0.01076	0.01419	0.01857	0.04138	0.53859	0.11143	0.02089	0.00900	0.00287	0.00450	0.15653	0.00647	0.00585
1	0.02629	0.01337	0.01863	0.01459	0.01979	0.01280	0.07908	0.03360	0.19063	0.47251	0.02639	0.02383	0.01761	0.00857	0.00716	0.00223	0.00643	0.00736	0.00773	0.01142
2	0.02526	0.01713	0.01604	0.01332	0.01764	0.19117	0.01054	0.09390	0.02078	0.34050	0.08696	0.02716	0.08916	0.00966	0.00706	0.00208	0.00731	0.00759	0.00690	0.00984
3	0.03131	0.01188	0.01619	0.01242	0.01781	0.01026	0.01026	0.03401	0.01997	0.71606	0.02753	0.02375	0.01727	0.00864	0.00702	0.00216	0.00594	0.00702	0.00864	0.01188
4	0.02387	0.21543	0.02386	0.01631	0.02052	0.52379	0.01300	0.02646	0.04399	0.01737	0.01118	0.01274	0.00945	0.00697	0.00587	0.00174	0.01103	0.00443	0.00357	0.00842
5	0.01146	0.00812	0.01039	0.01047	0.01158	0.00860	0.00781	0.05676	0.01343	0.01812	0.02452	0.04713	0.02606	0.32967	0.21448	0.00677	0.00997	0.17399	0.00483	0.00583
6	0.02315	0.01049	0.01391	0.01144	0.01569	0.00896	0.00902	0.02553	0.01752	0.44068	0.02812	0.20548	0.02356	0.01147	0.00723	0.00217	0.00535	0.00983	0.00745	0.12297
7	0.55242	0.01472	0.05987	0.19353	0.02331	0.01565	0.01174	0.01994	0.01259	0.02730	0.01058	0.01339	0.00808	0.00661	0.00514	0.00220	0.00671	0.00448	0.00392	0.00779
8	0.60476	0.01322	0.01295	0.19283	0.02221	0.01562	0.01054	0.01984	0.01240	0.02791	0.01039	0.01317	0.00800	0.00660	0.00499	0.00220	0.00638	0.00439	0.00401	0.00761
9	0.01290	0.01106	0.01261	0.00951	0.01475	0.00844	0.00752	0.01567	0.01483	0.02176	0.02709	0.02775	0.18624	0.00832	0.00594	0.00137	0.00476	0.00680	0.00473	0.59796
10	0.80405	0.01350	0.01026	0.00918	0.01350	0.01565	0.00756	0.02051	0.01188	0.03131	0.00972	0.01134	0.00756	0.00648	0.00432	0.00216	0.00540	0.00378	0.00432	0.00756
11	0.01421	0.01346	0.02279	0.56282	0.21517	0.01578	0.01989	0.01873	0.01444	0.01908	0.01259	0.01827	0.00974	0.00679	0.00696	0.00226	0.00905	0.00621	0.00319	0.00858
12	0.01354	0.01277	0.02159	0.67630	0.10691	0.01560	0.01956	0.01815	0.01413	0.01827	0.01247	0.01849	0.00946	0.00691	0.00697	0.00230	0.00921	0.00620	0.00313	0.00804
13	0.01465	0.01348	0.02038	0.48499	0.10789	0.01608	0.01749	0.02304	0.18668	0.02120	0.01651	0.02034	0.01250	0.00753	0.00700	0.00231	0.00825	0.00663	0.00414	0.00892
14	0.01654	0.01420	0.02093	0.55607	0.04140	0.01705	0.01784	0.18669	0.01870	0.02442	0.01350	0.01814	0.00995	0.00733	0.00698	0.00227	0.00889	0.00622	0.00408	0.00879
15	0.01722	0.05572	0.06897	0.01311	0.01653	0.04991	0.02614	0.23816	0.01966	0.02602	0.05214	0.10077	0.02126	0.22852	0.01580	0.00353	0.02429	0.00882	0.00530	0.00813
16	0.01943	0.09434	0.42831	0.01727	0.02555	0.03799	0.01987	0.09213	0.01770	0.15934	0.01558	0.01632	0.01081	0.00716	0.00654	0.00211	0.00900	0.00549	0.00449	0.01059

[dist]
# distance from previous block
# <min> <max>
0	8

# created by:
# /home/cegg/simao/soft/augustus-3.2.1/scripts/msa2prfl.pl ./align_prep/EOG090W0L8W.fa
