[name]
unknown

[dist]
# distance from previous block
# <min> <max>
0	23

[block]
# block no. 0 follows, 31 sequences, length 24
# corresponding to MSA columns:
# 70-93
name=unknown_A
#
# <colnr> <probs for GDERKNQSTAVLIFYWHMCP>
#	G	D	E	R	K	N	Q	S	T	A	V	L	I	F	Y	W	H	M	C	P
0	0.06543	0.01611	0.03420	0.03344	0.05238	0.10863	0.01145	0.14334	0.04293	0.20023	0.04754	0.04930	0.06518	0.00936	0.00711	0.00209	0.02283	0.02579	0.00601	0.05664
1	0.01809	0.09624	0.11625	0.24970	0.07737	0.18988	0.01713	0.07773	0.01668	0.02015	0.01176	0.01516	0.00927	0.00710	0.00725	0.00206	0.05072	0.00530	0.00347	0.00869
2	0.00858	0.00625	0.00788	0.00891	0.00964	0.00577	0.00601	0.00994	0.01378	0.01823	0.10845	0.52942	0.13390	0.08621	0.01092	0.00300	0.00407	0.01722	0.00627	0.00555
3	0.00845	0.00604	0.00804	0.00945	0.00995	0.00564	0.00636	0.00982	0.01365	0.01834	0.09695	0.69337	0.04694	0.02078	0.00867	0.00272	0.00390	0.01883	0.00645	0.00564
4	0.03849	0.01843	0.14720	0.16793	0.16382	0.01572	0.05338	0.10929	0.03264	0.12119	0.01522	0.01756	0.01110	0.00710	0.00713	0.00214	0.02740	0.00604	0.00449	0.03374
5	0.01651	0.01314	0.04974	0.01266	0.01633	0.01263	0.03251	0.17798	0.13459	0.08209	0.22120	0.11328	0.06448	0.01178	0.00751	0.00224	0.00550	0.01011	0.00680	0.00893
6	0.00853	0.00617	0.00791	0.00909	0.00972	0.00572	0.00611	0.00985	0.01358	0.01804	0.09246	0.59167	0.10199	0.07205	0.01045	0.00296	0.00405	0.01780	0.00629	0.00555
7	0.00834	0.00653	0.00757	0.00818	0.00962	0.00575	0.00580	0.00999	0.01491	0.01892	0.11809	0.35264	0.37189	0.01872	0.00835	0.00249	0.00365	0.01633	0.00647	0.00575
8	0.04627	0.01757	0.02123	0.08660	0.22002	0.15601	0.05627	0.06068	0.01693	0.09334	0.01761	0.08557	0.03363	0.00875	0.00774	0.00216	0.04874	0.00734	0.00447	0.00908
9	0.02107	0.01016	0.01303	0.01087	0.01449	0.00946	0.00863	0.05732	0.05993	0.35876	0.22514	0.07374	0.03235	0.01082	0.00719	0.00214	0.00484	0.00918	0.06149	0.00938
10	0.02578	0.01758	0.01931	0.01502	0.02030	0.01911	0.01234	0.52746	0.09944	0.14325	0.01918	0.01839	0.01338	0.00836	0.00686	0.00209	0.00706	0.00643	0.00710	0.01155
11	0.01405	0.03342	0.65249	0.02181	0.10031	0.01593	0.02484	0.02160	0.01456	0.02174	0.01234	0.01470	0.00889	0.00646	0.00653	0.00215	0.00991	0.00516	0.00294	0.01019
12	0.01582	0.01512	0.02576	0.23603	0.53153	0.01596	0.02044	0.02002	0.01505	0.02100	0.01267	0.01729	0.01036	0.00630	0.00679	0.00210	0.00840	0.00609	0.00329	0.00994
13	0.11064	0.01181	0.01528	0.01185	0.01703	0.01060	0.00978	0.03198	0.01876	0.65056	0.02519	0.02203	0.01596	0.00825	0.00661	0.00212	0.00577	0.00655	0.00803	0.01121
14	0.12448	0.01215	0.01512	0.01196	0.01698	0.01142	0.00981	0.03203	0.08906	0.56571	0.02494	0.02203	0.01617	0.00829	0.00656	0.00214	0.00571	0.00658	0.00779	0.01104
15	0.02091	0.02355	0.01745	0.07818	0.05943	0.43389	0.01246	0.05976	0.01880	0.02067	0.08480	0.01883	0.01585	0.00786	0.00633	0.00186	0.00957	0.00579	0.09606	0.00794
16	0.00809	0.00693	0.00693	0.00693	0.00924	0.00578	0.00520	0.00982	0.01559	0.01848	0.06931	0.06584	0.71411	0.01733	0.00809	0.00231	0.00347	0.01444	0.00635	0.00578
17	0.03070	0.01164	0.01588	0.01217	0.01746	0.01006	0.01006	0.03334	0.01958	0.72163	0.02699	0.02329	0.01694	0.00847	0.00688	0.00212	0.00582	0.00688	0.00847	0.01164
18	0.01292	0.01216	0.02052	0.74312	0.04712	0.01520	0.01900	0.01748	0.01368	0.01748	0.01216	0.01824	0.00912	0.00684	0.00684	0.00228	0.00912	0.00608	0.00304	0.00760
19	0.01594	0.01054	0.01282	0.05323	0.01572	0.01065	0.00899	0.12693	0.08143	0.13011	0.26422	0.09178	0.12456	0.01240	0.00758	0.00222	0.00492	0.01058	0.00701	0.00835
20	0.01206	0.00646	0.00646	0.00646	0.00816	0.00629	0.00484	0.01504	0.01453	0.02447	0.02925	0.03146	0.12031	0.00935	0.00527	0.00170	0.00323	0.00757	0.68081	0.00629
21	0.01320	0.01183	0.01861	0.59184	0.04011	0.01445	0.01673	0.01911	0.08347	0.01952	0.03968	0.02066	0.01289	0.00742	0.00675	0.00223	0.00812	0.00649	0.05908	0.00780
22	0.01965	0.01702	0.05857	0.02103	0.06547	0.01619	0.25926	0.17983	0.05785	0.11802	0.06607	0.03789	0.01660	0.00801	0.00777	0.00222	0.02542	0.00771	0.00540	0.01000
23	0.02148	0.26259	0.06396	0.01613	0.04879	0.31573	0.01335	0.09098	0.01813	0.02008	0.01112	0.01275	0.00925	0.00658	0.00564	0.00168	0.00945	0.00443	0.00366	0.06423

[dist]
# distance from previous block
# <min> <max>
0	2

[block]
# block no. 1 follows, 31 sequences, length 11
# corresponding to MSA columns:
# 96-106
name=unknown_B
#
# <colnr> <probs for GDERKNQSTAVLIFYWHMCP>
#	G	D	E	R	K	N	Q	S	T	A	V	L	I	F	Y	W	H	M	C	P
0	0.07204	0.04621	0.08524	0.08627	0.02404	0.01728	0.11325	0.08262	0.03230	0.12282	0.01552	0.01813	0.02771	0.00869	0.01112	0.00239	0.21453	0.00636	0.00445	0.00904
1	0.01094	0.01010	0.06007	0.01453	0.09703	0.00861	0.00986	0.05829	0.01479	0.02008	0.03154	0.56556	0.03633	0.01767	0.00822	0.00260	0.00513	0.01596	0.00579	0.00692
2	0.01054	0.05584	0.15168	0.01059	0.01331	0.00927	0.00949	0.01276	0.01254	0.01680	0.02865	0.22955	0.10274	0.28606	0.01747	0.00393	0.00630	0.01166	0.00466	0.00616
3	0.02067	0.03614	0.02129	0.04102	0.19359	0.01557	0.05533	0.19504	0.06734	0.15354	0.02242	0.02567	0.05866	0.00885	0.00710	0.00217	0.00717	0.05232	0.00580	0.01032
4	0.00844	0.00605	0.00816	0.00963	0.01009	0.00577	0.00651	0.00972	0.01295	0.01735	0.03630	0.70227	0.04321	0.02360	0.06124	0.00337	0.00501	0.01857	0.00616	0.00560
5	0.00834	0.00595	0.00794	0.00953	0.00992	0.00556	0.00635	0.00953	0.01310	0.01746	0.03771	0.75510	0.04525	0.02143	0.00873	0.00278	0.00397	0.01945	0.00635	0.00556
6	0.01023	0.00784	0.00947	0.00892	0.01090	0.00751	0.00673	0.01499	0.09483	0.02606	0.52878	0.05074	0.16901	0.01403	0.00795	0.00220	0.00351	0.01221	0.00727	0.00683
7	0.01762	0.01789	0.08125	0.07382	0.03146	0.01614	0.42301	0.02493	0.11008	0.10663	0.01710	0.01970	0.01239	0.00670	0.00758	0.00227	0.00974	0.00753	0.00447	0.00969
8	0.01399	0.03351	0.64817	0.02054	0.03029	0.01605	0.09933	0.02169	0.01463	0.02169	0.01245	0.01489	0.00886	0.00642	0.00667	0.00218	0.01027	0.00539	0.00295	0.01001
9	0.01693	0.01626	0.02777	0.04199	0.71689	0.01626	0.02100	0.02100	0.01558	0.02235	0.01287	0.01693	0.01084	0.00610	0.00677	0.00203	0.00813	0.00610	0.00339	0.01084
10	0.12402	0.10961	0.01995	0.01700	0.11931	0.01810	0.01205	0.23061	0.13683	0.04809	0.01816	0.02001	0.03293	0.05483	0.00799	0.00233	0.00672	0.00627	0.00538	0.00983

[dist]
# distance from previous block
# <min> <max>
1	7

[block]
# block no. 2 follows, 31 sequences, length 22
# corresponding to MSA columns:
# 114-135
name=unknown_C
#
# <colnr> <probs for GDERKNQSTAVLIFYWHMCP>
#	G	D	E	R	K	N	Q	S	T	A	V	L	I	F	Y	W	H	M	C	P
0	0.01050	0.00682	0.00784	0.00773	0.00802	0.00679	0.00454	0.01073	0.01046	0.03461	0.02315	0.04408	0.04695	0.68346	0.06207	0.00654	0.00699	0.00990	0.00433	0.00450
1	0.01405	0.06424	0.19838	0.01376	0.01808	0.05603	0.06842	0.01748	0.01446	0.06091	0.11356	0.06016	0.02336	0.23053	0.01517	0.00345	0.00770	0.00835	0.00447	0.00745
2	0.01557	0.03751	0.02771	0.08410	0.11236	0.01882	0.21604	0.01968	0.04238	0.01939	0.01197	0.01684	0.01013	0.00869	0.01378	0.00254	0.32390	0.00663	0.00335	0.00860
3	0.01829	0.76368	0.03585	0.01171	0.01756	0.02707	0.01171	0.02049	0.01390	0.01610	0.00951	0.01097	0.00878	0.00585	0.00439	0.00146	0.00732	0.00366	0.00293	0.00878
4	0.00992	0.00675	0.00808	0.00808	0.00829	0.00697	0.00491	0.01034	0.01013	0.01372	0.02099	0.04165	0.02352	0.63605	0.15648	0.00739	0.00867	0.00949	0.00406	0.00449
5	0.01693	0.01626	0.02777	0.04199	0.71689	0.01626	0.02100	0.02100	0.01558	0.02235	0.01287	0.01693	0.01084	0.00610	0.00677	0.00203	0.00813	0.00610	0.00339	0.01084
6	0.01702	0.01470	0.01547	0.01392	0.01779	0.01702	0.01083	0.03635	0.70453	0.02862	0.02785	0.02553	0.02088	0.00928	0.00696	0.00232	0.00541	0.00773	0.00696	0.01083
7	0.00838	0.00617	0.00785	0.00906	0.00983	0.00565	0.00617	0.00978	0.01388	0.01824	0.08434	0.60274	0.15218	0.02033	0.00859	0.00267	0.00384	0.01822	0.00642	0.00565
8	0.02895	0.01126	0.01532	0.01188	0.01686	0.00976	0.00976	0.03165	0.01956	0.66408	0.08388	0.02559	0.02088	0.00893	0.00698	0.00212	0.00561	0.00734	0.00839	0.01121
9	0.01829	0.76368	0.03585	0.01171	0.01756	0.02707	0.01171	0.02049	0.01390	0.01610	0.00951	0.01097	0.00878	0.00585	0.00439	0.00146	0.00732	0.00366	0.00293	0.00878
10	0.00990	0.00695	0.00895	0.00845	0.01006	0.00645	0.00634	0.01313	0.01901	0.02730	0.66422	0.04929	0.06121	0.01356	0.00784	0.00211	0.00322	0.01195	0.06362	0.00645
11	0.00846	0.00605	0.00786	0.00924	0.00969	0.00566	0.00612	0.00957	0.01295	0.01716	0.03773	0.66645	0.07244	0.08245	0.01087	0.00308	0.00417	0.01845	0.00617	0.00545
12	0.01196	0.00761	0.00881	0.00826	0.01077	0.00655	0.00628	0.01405	0.01667	0.13111	0.17141	0.11370	0.43607	0.01569	0.00795	0.00229	0.00384	0.01330	0.00689	0.00680
13	0.01615	0.01845	0.04037	0.02884	0.03576	0.01730	0.69204	0.02191	0.01615	0.02191	0.01384	0.01845	0.01038	0.00577	0.00807	0.00231	0.01153	0.00807	0.00346	0.00923
14	0.01471	0.03401	0.68290	0.01907	0.02890	0.01555	0.02439	0.02235	0.01474	0.06240	0.01313	0.01496	0.00915	0.00661	0.00652	0.00216	0.00986	0.00516	0.00321	0.01020
15	0.01545	0.01157	0.01313	0.01218	0.01518	0.01259	0.00955	0.05648	0.35359	0.06811	0.13313	0.09723	0.03098	0.01201	0.00746	0.00237	0.00507	0.08810	0.04677	0.00904
16	0.01216	0.00770	0.00904	0.00828	0.01085	0.00666	0.00636	0.01450	0.01740	0.13244	0.26354	0.05452	0.40123	0.01488	0.00789	0.00223	0.00376	0.01260	0.00705	0.00692
17	0.01694	0.01589	0.02640	0.13208	0.58889	0.01641	0.02027	0.05970	0.01630	0.02292	0.01298	0.01707	0.01066	0.00632	0.00679	0.00207	0.00822	0.00610	0.00354	0.01046
18	0.01804	0.01480	0.03820	0.01644	0.01809	0.01827	0.01386	0.04954	0.04460	0.14126	0.01375	0.01741	0.01133	0.01247	0.04572	0.00306	0.50402	0.00626	0.00432	0.00856
19	0.01693	0.49985	0.17321	0.01351	0.01961	0.06634	0.01415	0.02022	0.01421	0.01735	0.01216	0.05871	0.01128	0.00838	0.02676	0.00199	0.00831	0.00509	0.00319	0.00872
20	0.00851	0.00676	0.00765	0.00783	0.00960	0.00589	0.00572	0.01049	0.01600	0.02040	0.21528	0.19626	0.43074	0.01734	0.00821	0.00236	0.00351	0.01492	0.00663	0.00589
21	0.37671	0.01589	0.10682	0.01163	0.01670	0.01427	0.01073	0.07932	0.05870	0.15894	0.01594	0.01637	0.01139	0.00724	0.00546	0.00209	0.00605	0.00516	0.07156	0.00904

[dist]
# distance from previous block
# <min> <max>
0	21

[block]
# block no. 3 follows, 31 sequences, length 20
# corresponding to MSA columns:
# 157-176
name=unknown_D
#
# <colnr> <probs for GDERKNQSTAVLIFYWHMCP>
#	G	D	E	R	K	N	Q	S	T	A	V	L	I	F	Y	W	H	M	C	P
0	0.05422	0.01499	0.04057	0.01937	0.14409	0.05240	0.06803	0.14078	0.01829	0.09164	0.02357	0.15933	0.06544	0.01103	0.00803	0.00230	0.04239	0.02923	0.00535	0.00897
1	0.01376	0.01903	0.24905	0.03836	0.12226	0.01301	0.05234	0.01819	0.01440	0.05096	0.04062	0.18218	0.01988	0.01063	0.00850	0.00233	0.07283	0.00907	0.05403	0.00858
2	0.00993	0.00666	0.00757	0.00753	0.00763	0.00662	0.00429	0.01013	0.01054	0.01415	0.06496	0.04517	0.02736	0.71278	0.03314	0.00635	0.00642	0.01010	0.00436	0.00429
3	0.01442	0.01237	0.01429	0.01044	0.01634	0.00976	0.00833	0.01879	0.07057	0.02281	0.01344	0.01511	0.01101	0.00541	0.00522	0.00112	0.00510	0.00435	0.00429	0.73682
4	0.01955	0.06865	0.31913	0.01790	0.04530	0.07411	0.06298	0.09060	0.01795	0.15953	0.04741	0.01800	0.01332	0.00734	0.00664	0.00208	0.00876	0.00595	0.00469	0.01010
5	0.01025	0.00743	0.00946	0.01044	0.01157	0.00726	0.00767	0.06629	0.01528	0.02016	0.03753	0.53304	0.08017	0.01966	0.00867	0.00276	0.00465	0.13513	0.00638	0.00620
6	0.02004	0.01385	0.01961	0.10449	0.20048	0.04585	0.03850	0.04413	0.07402	0.22752	0.08658	0.05681	0.01991	0.00870	0.00706	0.00215	0.00698	0.00767	0.00577	0.00987
7	0.20500	0.23266	0.12876	0.01894	0.16235	0.08399	0.01465	0.02120	0.01430	0.02193	0.01080	0.01298	0.00891	0.00620	0.00534	0.00185	0.00781	0.00446	0.00342	0.03446
8	0.01743	0.01682	0.09589	0.03463	0.01950	0.08999	0.04254	0.06139	0.01549	0.12177	0.04677	0.06895	0.01639	0.01650	0.12294	0.00372	0.18895	0.00733	0.00462	0.00837
9	0.00895	0.00696	0.00813	0.00784	0.00977	0.00614	0.00588	0.01150	0.01764	0.02335	0.41917	0.05783	0.36121	0.01551	0.00808	0.00222	0.00334	0.01332	0.00699	0.00614
10	0.01329	0.01235	0.02003	0.30777	0.11541	0.03432	0.10448	0.01670	0.01362	0.01810	0.01623	0.06614	0.01510	0.14858	0.03861	0.00337	0.00878	0.00785	0.03190	0.00737
11	0.80789	0.01323	0.01006	0.00900	0.01323	0.01535	0.00741	0.02011	0.01164	0.03070	0.00953	0.01111	0.00741	0.00635	0.00423	0.00212	0.00529	0.00370	0.00423	0.00741
12	0.01372	0.03539	0.72412	0.01950	0.02961	0.01589	0.02528	0.02167	0.01444	0.02167	0.01228	0.01444	0.00867	0.00650	0.00650	0.00217	0.01011	0.00506	0.00289	0.01011
13	0.01372	0.03539	0.72412	0.01950	0.02961	0.01589	0.02528	0.02167	0.01444	0.02167	0.01228	0.01444	0.00867	0.00650	0.00650	0.00217	0.01011	0.00506	0.00289	0.01011
14	0.02303	0.02101	0.01757	0.01474	0.01888	0.24043	0.01163	0.32253	0.08780	0.03088	0.01655	0.01737	0.01250	0.00791	0.00633	0.00192	0.00818	0.00579	0.12535	0.00961
15	0.02330	0.02530	0.01810	0.01557	0.01984	0.44761	0.01195	0.08727	0.06989	0.06212	0.01361	0.01464	0.01066	0.00706	0.00614	0.00172	0.00975	0.00489	0.00446	0.14613
16	0.05179	0.02264	0.26329	0.01927	0.12245	0.08691	0.01680	0.05256	0.08090	0.02397	0.12633	0.02289	0.03967	0.00851	0.00728	0.00214	0.03205	0.00684	0.00449	0.00922
17	0.00959	0.00669	0.00736	0.00736	0.00781	0.00647	0.00435	0.00992	0.01105	0.01428	0.03084	0.04887	0.15887	0.61526	0.02962	0.00579	0.00602	0.01082	0.00457	0.00446
18	0.05851	0.02073	0.11436	0.01516	0.02018	0.12179	0.01333	0.24915	0.16383	0.06191	0.01926	0.07783	0.01551	0.00903	0.00675	0.00215	0.00768	0.00708	0.00575	0.01002
19	0.17575	0.02411	0.01636	0.01472	0.01836	0.41658	0.01126	0.08047	0.07443	0.02295	0.01392	0.04793	0.01174	0.00788	0.00598	0.00194	0.00930	0.00544	0.03266	0.00821

[dist]
# distance from previous block
# <min> <max>
7	13

[block]
# block no. 4 follows, 31 sequences, length 12
# corresponding to MSA columns:
# 190-201
name=unknown_E
#
# <colnr> <probs for GDERKNQSTAVLIFYWHMCP>
#	G	D	E	R	K	N	Q	S	T	A	V	L	I	F	Y	W	H	M	C	P
0	0.01564	0.01810	0.21464	0.07171	0.02268	0.01246	0.07980	0.07236	0.01645	0.10556	0.06429	0.08149	0.05191	0.06668	0.00914	0.00249	0.00749	0.00813	0.02907	0.04990
1	0.05831	0.06787	0.33058	0.02022	0.11081	0.08691	0.03719	0.07125	0.06620	0.04242	0.01453	0.03808	0.01138	0.00727	0.00644	0.00209	0.00888	0.00582	0.00394	0.00981
2	0.01624	0.13973	0.40842	0.02054	0.09183	0.05496	0.06110	0.02192	0.01482	0.04889	0.01234	0.01468	0.00935	0.00674	0.00720	0.00208	0.05097	0.00522	0.00324	0.00973
3	0.01652	0.01413	0.01510	0.01381	0.01749	0.01626	0.01085	0.03452	0.64745	0.02794	0.02854	0.02981	0.02242	0.01008	0.00717	0.00239	0.00549	0.06269	0.00691	0.01045
4	0.01886	0.01487	0.11238	0.01367	0.03619	0.01240	0.01180	0.06171	0.17664	0.21641	0.11527	0.02707	0.02303	0.04640	0.06062	0.00300	0.00700	0.00766	0.02535	0.00966
5	0.01963	0.06368	0.17010	0.08185	0.13710	0.11658	0.08440	0.08787	0.04582	0.10548	0.01489	0.01675	0.01101	0.00694	0.00666	0.00206	0.00906	0.00587	0.00433	0.00991
6	0.01190	0.00901	0.01036	0.01063	0.01209	0.06307	0.03238	0.01380	0.01449	0.05553	0.03335	0.45739	0.06592	0.01683	0.00787	0.00248	0.00500	0.05411	0.11743	0.00636
7	0.00832	0.00603	0.00786	0.00932	0.00987	0.00557	0.00626	0.00955	0.01329	0.01754	0.04017	0.70142	0.09734	0.02111	0.00868	0.00274	0.00393	0.01906	0.00635	0.00557
8	0.02077	0.01614	0.08726	0.01538	0.05504	0.03559	0.02835	0.21553	0.05095	0.18347	0.04844	0.08269	0.03804	0.03151	0.00793	0.00232	0.00685	0.03821	0.02570	0.00982
9	0.01809	0.01585	0.04619	0.12847	0.33605	0.01579	0.06862	0.09639	0.06428	0.08601	0.01650	0.04834	0.01321	0.00747	0.00698	0.00215	0.00796	0.00694	0.00452	0.01019
10	0.00897	0.00679	0.00828	0.00828	0.00988	0.00610	0.00607	0.01140	0.01714	0.02303	0.40388	0.18204	0.25058	0.01630	0.00819	0.00231	0.00343	0.01425	0.00698	0.00610
11	0.00869	0.00640	0.00820	0.00937	0.01030	0.00591	0.00668	0.01033	0.01425	0.01867	0.09078	0.51568	0.15726	0.01994	0.00866	0.00270	0.00409	0.08993	0.00643	0.00574

[dist]
# distance from previous block
# <min> <max>
1	4

[block]
# block no. 5 follows, 31 sequences, length 19
# corresponding to MSA columns:
# 206-224
name=unknown_F
#
# <colnr> <probs for GDERKNQSTAVLIFYWHMCP>
#	G	D	E	R	K	N	Q	S	T	A	V	L	I	F	Y	W	H	M	C	P
0	0.01571	0.02104	0.24866	0.02003	0.11408	0.01443	0.09259	0.05523	0.09585	0.05188	0.06619	0.02079	0.03270	0.00746	0.00676	0.00202	0.00785	0.00658	0.00447	0.11568
1	0.01814	0.12896	0.20215	0.05420	0.02315	0.04740	0.05621	0.10991	0.08998	0.09335	0.09296	0.02063	0.01746	0.00793	0.00660	0.00206	0.00783	0.00647	0.00496	0.00966
2	0.02544	0.01174	0.01483	0.01188	0.01654	0.01094	0.00965	0.06078	0.11403	0.49560	0.05224	0.02887	0.09639	0.00972	0.00706	0.00216	0.00550	0.00797	0.00792	0.01072
3	0.02994	0.01285	0.01662	0.01274	0.01807	0.01184	0.01053	0.13919	0.02160	0.61293	0.02530	0.02219	0.01609	0.00843	0.00687	0.00211	0.00609	0.00676	0.00821	0.01164
4	0.01769	0.08991	0.19644	0.05705	0.20173	0.04823	0.01746	0.08446	0.03316	0.07059	0.01579	0.01791	0.03013	0.00735	0.00711	0.00205	0.04118	0.00587	0.04610	0.00979
5	0.01471	0.01282	0.07917	0.09338	0.03849	0.04239	0.01115	0.01923	0.08253	0.12242	0.09358	0.19290	0.09020	0.04675	0.00879	0.00254	0.00609	0.02913	0.00583	0.00792
6	0.00881	0.00629	0.00848	0.01007	0.01067	0.00596	0.00717	0.01034	0.01356	0.01799	0.03745	0.63593	0.04422	0.02099	0.00886	0.00284	0.00438	0.13395	0.00634	0.00569
7	0.02816	0.01204	0.01574	0.01227	0.01724	0.01099	0.01006	0.08680	0.04845	0.58444	0.07821	0.02492	0.02027	0.00890	0.00697	0.00212	0.00575	0.00727	0.00820	0.01122
8	0.01858	0.05605	0.24214	0.02013	0.13974	0.06117	0.01711	0.05344	0.06192	0.14210	0.01905	0.03561	0.04681	0.00818	0.00751	0.00215	0.04721	0.00649	0.00467	0.00996
9	0.01584	0.02490	0.44262	0.01571	0.02307	0.01272	0.01835	0.02166	0.01573	0.14505	0.07789	0.06060	0.04105	0.00871	0.00679	0.00217	0.00789	0.00714	0.04262	0.00950
10	0.01329	0.00779	0.01002	0.00908	0.01141	0.00698	0.00694	0.01609	0.01854	0.15470	0.45918	0.08505	0.14644	0.01382	0.00789	0.00220	0.00378	0.01202	0.00748	0.00728
11	0.01412	0.01371	0.01932	0.01682	0.01702	0.01892	0.01391	0.01577	0.01056	0.01637	0.01051	0.01692	0.01031	0.01843	0.13897	0.00431	0.62746	0.00621	0.00310	0.00726
12	0.01775	0.01810	0.07245	0.26316	0.19543	0.08837	0.03691	0.14686	0.01833	0.02415	0.01346	0.01704	0.01033	0.00694	0.00668	0.00209	0.00879	0.00593	0.03788	0.00933
13	0.01660	0.28112	0.25650	0.01734	0.08500	0.05365	0.01664	0.05681	0.05236	0.02124	0.04782	0.01751	0.03557	0.00722	0.00595	0.00190	0.00814	0.00550	0.00374	0.00941
14	0.01117	0.00872	0.00934	0.00893	0.01107	0.04336	0.00669	0.01420	0.04502	0.05946	0.31166	0.11925	0.29537	0.01510	0.00793	0.00226	0.00407	0.01293	0.00681	0.00664
15	0.05581	0.12734	0.26076	0.03578	0.02297	0.01641	0.08492	0.07745	0.04463	0.02284	0.03735	0.04186	0.10457	0.00874	0.00706	0.00214	0.02911	0.00714	0.00419	0.00893
16	0.01131	0.04293	0.04114	0.01123	0.01351	0.00960	0.03888	0.03211	0.07760	0.02142	0.18048	0.20095	0.08308	0.08399	0.06719	0.00346	0.00627	0.06213	0.00585	0.00686
17	0.01873	0.24120	0.13831	0.01628	0.06269	0.08321	0.01441	0.11002	0.12379	0.04611	0.01596	0.05273	0.01323	0.00794	0.00651	0.00197	0.02680	0.00601	0.00448	0.00963
18	0.01461	0.20768	0.13652	0.02702	0.03473	0.03325	0.01176	0.04487	0.01504	0.04286	0.07991	0.12288	0.04488	0.08068	0.00966	0.02645	0.00668	0.00829	0.04450	0.00775

[dist]
# distance from previous block
# <min> <max>
4	90

[block]
# block no. 6 follows, 31 sequences, length 27
# corresponding to MSA columns:
# 315-341
name=unknown_G
#
# <colnr> <probs for GDERKNQSTAVLIFYWHMCP>
#	G	D	E	R	K	N	Q	S	T	A	V	L	I	F	Y	W	H	M	C	P
0	0.01284	0.09994	0.03321	0.01107	0.01399	0.02814	0.05032	0.03412	0.01407	0.03531	0.02596	0.23481	0.07454	0.15105	0.01210	0.00291	0.00592	0.01074	0.03607	0.11288
1	0.01626	0.26210	0.19467	0.01451	0.02076	0.05111	0.04797	0.06600	0.01632	0.02175	0.08412	0.01958	0.01603	0.00743	0.00599	0.00180	0.00770	0.02999	0.00398	0.11193
2	0.00991	0.01025	0.06216	0.01070	0.01293	0.03149	0.03518	0.01218	0.01479	0.01898	0.08786	0.31711	0.27243	0.01694	0.00868	0.00250	0.03004	0.03369	0.00585	0.00633
3	0.01804	0.26778	0.09154	0.01350	0.01851	0.16288	0.01224	0.04691	0.01579	0.03740	0.01444	0.10017	0.01360	0.00819	0.00622	0.00176	0.02747	0.00611	0.00392	0.13354
4	0.01119	0.05405	0.05992	0.01005	0.01338	0.00926	0.00850	0.01444	0.04172	0.02032	0.13257	0.09245	0.19209	0.01827	0.11321	0.02965	0.00677	0.00972	0.00518	0.15726
5	0.05413	0.14012	0.22221	0.01712	0.06111	0.10777	0.01612	0.16360	0.01906	0.09529	0.01405	0.01526	0.01044	0.00815	0.02488	0.00220	0.00888	0.00523	0.00447	0.00992
6	0.01889	0.34928	0.08357	0.01880	0.07416	0.11606	0.14806	0.02295	0.04098	0.04948	0.01240	0.01441	0.01005	0.00630	0.00589	0.00182	0.00895	0.00521	0.00353	0.00921
7	0.00877	0.00633	0.00783	0.00868	0.00961	0.00582	0.00596	0.01036	0.01427	0.01913	0.13408	0.46254	0.16333	0.06216	0.00987	0.00278	0.00390	0.01645	0.04246	0.00567
8	0.64037	0.01458	0.05262	0.01025	0.01500	0.01501	0.00898	0.04921	0.01356	0.11026	0.01198	0.01293	0.00875	0.00668	0.00478	0.00212	0.00572	0.00425	0.00475	0.00823
9	0.00849	0.00698	0.00750	0.00748	0.00963	0.00599	0.00568	0.01055	0.01625	0.02011	0.17857	0.06382	0.57161	0.01682	0.00815	0.00232	0.00355	0.04402	0.00655	0.00592
10	0.01166	0.00600	0.00880	0.00880	0.00893	0.00593	0.00590	0.00897	0.00930	0.01227	0.01522	0.02341	0.05266	0.02339	0.02565	0.75458	0.00580	0.00644	0.00317	0.00313
11	0.00816	0.00693	0.00703	0.00701	0.00929	0.00581	0.00526	0.00996	0.01577	0.01890	0.09925	0.06516	0.68391	0.01717	0.00808	0.00230	0.00345	0.01434	0.00641	0.00581
12	0.01829	0.76368	0.03585	0.01171	0.01756	0.02707	0.01171	0.02049	0.01390	0.01610	0.00951	0.01097	0.00878	0.00585	0.00439	0.00146	0.00732	0.00366	0.00293	0.00878
13	0.01419	0.01216	0.01419	0.01013	0.01621	0.00912	0.00811	0.01723	0.01419	0.02229	0.01216	0.01419	0.01013	0.00507	0.00507	0.00101	0.00507	0.00405	0.00405	0.80139
14	0.00809	0.00693	0.00693	0.00693	0.00924	0.00578	0.00520	0.00982	0.01559	0.01848	0.06931	0.06584	0.71411	0.01733	0.00809	0.00231	0.00347	0.01444	0.00635	0.00578
15	0.01829	0.76368	0.03585	0.01171	0.01756	0.02707	0.01171	0.02049	0.01390	0.01610	0.00951	0.01097	0.00878	0.00585	0.00439	0.00146	0.00732	0.00366	0.00293	0.00878
16	0.10193	0.01463	0.01709	0.01322	0.01848	0.01476	0.01092	0.28136	0.02358	0.40076	0.02136	0.01955	0.01404	0.00817	0.00662	0.00209	0.00642	0.00631	0.00746	0.01124
17	0.01702	0.01470	0.01547	0.01392	0.01779	0.01702	0.01083	0.03635	0.70453	0.02862	0.02785	0.02553	0.02088	0.00928	0.00696	0.00232	0.00541	0.00773	0.00696	0.01083
18	0.06869	0.01313	0.01827	0.01393	0.01917	0.01227	0.07748	0.10966	0.02001	0.51211	0.02334	0.02205	0.01542	0.03263	0.00777	0.00228	0.00659	0.00685	0.00742	0.01094
19	0.01469	0.18978	0.57821	0.01785	0.02706	0.01826	0.02240	0.02142	0.01433	0.02049	0.01169	0.01371	0.00869	0.00636	0.00605	0.00202	0.00952	0.00476	0.00290	0.00983
20	0.00980	0.00721	0.01037	0.01037	0.01137	0.00821	0.00777	0.01181	0.01081	0.01542	0.01890	0.03005	0.01848	0.17692	0.60872	0.01022	0.01625	0.00779	0.00375	0.00576
21	0.00823	0.00694	0.00713	0.00708	0.00933	0.00584	0.00531	0.01010	0.01594	0.01931	0.12854	0.06449	0.65437	0.01702	0.00808	0.00230	0.00344	0.01425	0.00646	0.00584
22	0.05810	0.04644	0.02044	0.06992	0.04520	0.14712	0.04003	0.24156	0.04885	0.15498	0.01629	0.01702	0.01177	0.00783	0.00732	0.00207	0.04357	0.00590	0.00557	0.01003
23	0.64428	0.01329	0.01152	0.00985	0.01432	0.01482	0.00812	0.05747	0.01397	0.14042	0.01264	0.01331	0.00913	0.00678	0.00479	0.00211	0.00549	0.00433	0.00504	0.00830
24	0.16918	0.18464	0.07535	0.04290	0.04886	0.07895	0.03848	0.03733	0.05060	0.02294	0.10455	0.02312	0.08052	0.00845	0.00602	0.00198	0.00691	0.00656	0.00447	0.00822
25	0.01660	0.12932	0.22932	0.08874	0.05257	0.08162	0.04030	0.08169	0.08290	0.02280	0.05120	0.04264	0.01453	0.00773	0.00646	0.00203	0.00840	0.00624	0.00414	0.03077
26	0.13271	0.04211	0.01746	0.01878	0.18051	0.01306	0.03943	0.05377	0.03501	0.06047	0.14899	0.06447	0.06341	0.01053	0.00747	0.00225	0.02747	0.06832	0.00535	0.00843

[dist]
# distance from previous block
# <min> <max>
0	10

[block]
# block no. 7 follows, 31 sequences, length 17
# corresponding to MSA columns:
# 354-370
name=unknown_H
#
# <colnr> <probs for GDERKNQSTAVLIFYWHMCP>
#	G	D	E	R	K	N	Q	S	T	A	V	L	I	F	Y	W	H	M	C	P
0	0.01419	0.01136	0.01458	0.01373	0.04195	0.01275	0.01049	0.04105	0.12590	0.05417	0.13370	0.03445	0.05158	0.06107	0.06114	0.00326	0.16457	0.08229	0.00544	0.06233
1	0.07251	0.04790	0.01787	0.08886	0.06516	0.01514	0.03095	0.22435	0.06222	0.07238	0.02222	0.14293	0.04523	0.01043	0.00696	0.00220	0.00658	0.02533	0.00569	0.03509
2	0.06962	0.01687	0.01980	0.01733	0.07283	0.01865	0.04362	0.34433	0.20563	0.06775	0.01892	0.01893	0.01388	0.00824	0.00727	0.00217	0.03048	0.00654	0.00626	0.01086
3	0.80789	0.01323	0.01006	0.00900	0.01323	0.01535	0.00741	0.02011	0.01164	0.03070	0.00953	0.01111	0.00741	0.00635	0.00423	0.00212	0.00529	0.00370	0.00423	0.00741
4	0.00834	0.00595	0.00794	0.00953	0.00992	0.00556	0.00635	0.00953	0.01310	0.01746	0.03771	0.75510	0.04525	0.02143	0.00873	0.00278	0.00397	0.01945	0.00635	0.00556
5	0.01538	0.13477	0.02310	0.19482	0.15385	0.04344	0.04697	0.01883	0.01451	0.01960	0.01390	0.01722	0.03570	0.00658	0.00652	0.00178	0.02963	0.00550	0.00351	0.21440
6	0.01256	0.00642	0.00655	0.00652	0.00811	0.00638	0.00489	0.01575	0.01467	0.02563	0.06634	0.02714	0.02053	0.00835	0.00499	0.00163	0.00319	0.00676	0.74721	0.00638
7	0.01157	0.00735	0.00957	0.00880	0.01071	0.00675	0.00667	0.01474	0.01915	0.08477	0.62406	0.04760	0.05841	0.01325	0.00782	0.00212	0.00344	0.01164	0.04471	0.00688
8	0.01702	0.01470	0.01547	0.01392	0.01779	0.01702	0.01083	0.03635	0.70453	0.02862	0.02785	0.02553	0.02088	0.00928	0.00696	0.00232	0.00541	0.00773	0.00696	0.01083
9	0.00949	0.00699	0.00888	0.00841	0.01010	0.00637	0.00631	0.01254	0.01892	0.02637	0.63654	0.05286	0.14196	0.01438	0.00807	0.00217	0.00326	0.01262	0.00739	0.00637
10	0.00834	0.00595	0.00794	0.00953	0.00992	0.00556	0.00635	0.00953	0.01310	0.01746	0.03771	0.75510	0.04525	0.02143	0.00873	0.00278	0.00397	0.01945	0.00635	0.00556
11	0.00822	0.00694	0.00711	0.00707	0.00932	0.00583	0.00530	0.01007	0.01590	0.01922	0.12239	0.06463	0.66056	0.01705	0.00808	0.00230	0.00345	0.01427	0.00645	0.00583
12	0.80789	0.01323	0.01006	0.00900	0.01323	0.01535	0.00741	0.02011	0.01164	0.03070	0.00953	0.01111	0.00741	0.00635	0.00423	0.00212	0.00529	0.00370	0.00423	0.00741
13	0.01724	0.00895	0.01167	0.01007	0.01306	0.00816	0.00787	0.02092	0.05212	0.26842	0.39382	0.06417	0.07054	0.01222	0.00762	0.00217	0.00427	0.01055	0.00774	0.00842
14	0.00984	0.00707	0.00970	0.00970	0.01047	0.00785	0.00694	0.01139	0.01061	0.01492	0.01951	0.03344	0.01995	0.31095	0.47670	0.00940	0.01404	0.00829	0.00384	0.00539
15	0.01557	0.10955	0.19249	0.01575	0.05032	0.10328	0.01427	0.08635	0.01612	0.02090	0.01941	0.22366	0.01985	0.03091	0.00851	0.00235	0.04879	0.00920	0.00441	0.00828
16	0.01410	0.01307	0.02133	0.25273	0.27514	0.01417	0.04789	0.01857	0.04688	0.01996	0.01928	0.02762	0.05716	0.05640	0.00939	0.00257	0.02816	0.06314	0.00391	0.00853

[dist]
# distance from previous block
# <min> <max>
0	2

[block]
# block no. 8 follows, 31 sequences, length 18
# corresponding to MSA columns:
# 373-390
name=unknown_I
#
# <colnr> <probs for GDERKNQSTAVLIFYWHMCP>
#	G	D	E	R	K	N	Q	S	T	A	V	L	I	F	Y	W	H	M	C	P
0	0.02193	0.11608	0.02026	0.01506	0.05071	0.08659	0.01179	0.32640	0.04472	0.08368	0.08750	0.04539	0.01833	0.00878	0.00658	0.00198	0.00711	0.00685	0.03033	0.00994
1	0.01890	0.01555	0.01756	0.01639	0.06635	0.01764	0.01225	0.20360	0.41543	0.03100	0.02367	0.02534	0.01849	0.00947	0.00764	0.00231	0.03365	0.04762	0.00650	0.01064
2	0.76045	0.01313	0.01041	0.00919	0.01349	0.01502	0.00757	0.02092	0.01213	0.07287	0.01059	0.01186	0.00799	0.00648	0.00440	0.00212	0.00532	0.00390	0.00449	0.00767
3	0.01353	0.05587	0.14454	0.01378	0.03667	0.04569	0.03554	0.04489	0.13063	0.02300	0.12606	0.12733	0.13189	0.01170	0.00724	0.00222	0.00621	0.00997	0.02500	0.00823
4	0.01419	0.01216	0.01419	0.01013	0.01621	0.00912	0.00811	0.01723	0.01419	0.02229	0.01216	0.01419	0.01013	0.00507	0.00507	0.00101	0.00507	0.00405	0.00405	0.80139
5	0.00907	0.00687	0.00823	0.00822	0.00982	0.00620	0.00604	0.01135	0.01662	0.02208	0.34855	0.13371	0.27624	0.06818	0.01007	0.00263	0.00375	0.03969	0.00672	0.00596
6	0.00979	0.00728	0.00908	0.00991	0.01129	0.00691	0.00749	0.04261	0.01547	0.02010	0.07954	0.37827	0.18773	0.01895	0.00863	0.00270	0.00452	0.16719	0.00643	0.00611
7	0.80789	0.01323	0.01006	0.00900	0.01323	0.01535	0.00741	0.02011	0.01164	0.03070	0.00953	0.01111	0.00741	0.00635	0.00423	0.00212	0.00529	0.00370	0.00423	0.00741
8	0.00924	0.00698	0.00853	0.00814	0.00995	0.00627	0.00611	0.01206	0.01832	0.02496	0.53540	0.05517	0.24397	0.01491	0.00807	0.00220	0.00329	0.01294	0.00721	0.00627
9	0.00874	0.00696	0.00784	0.00762	0.00964	0.00606	0.00572	0.01109	0.01715	0.02217	0.33459	0.05977	0.44653	0.01595	0.00808	0.00224	0.00337	0.01359	0.00684	0.00606
10	0.02504	0.02833	0.01916	0.01772	0.04991	0.55969	0.01302	0.09581	0.02036	0.05996	0.01266	0.01408	0.00998	0.00725	0.00625	0.00182	0.01094	0.00487	0.03454	0.00859
11	0.01620	0.01832	0.03961	0.02963	0.07698	0.01724	0.65142	0.02186	0.01611	0.02194	0.01378	0.01836	0.01041	0.00579	0.00800	0.00229	0.01133	0.00795	0.00346	0.00932
12	0.01419	0.01216	0.01419	0.01013	0.01621	0.00912	0.00811	0.01723	0.01419	0.02229	0.01216	0.01419	0.01013	0.00507	0.00507	0.00101	0.00507	0.00405	0.00405	0.80139
13	0.00995	0.00663	0.00746	0.00746	0.00746	0.00663	0.00415	0.00995	0.00995	0.01327	0.02156	0.04477	0.02487	0.75957	0.03482	0.00663	0.00663	0.00995	0.00415	0.00415
14	0.08666	0.05547	0.01436	0.06807	0.01593	0.01214	0.00963	0.01766	0.01282	0.12945	0.01720	0.02347	0.01480	0.10461	0.20473	0.02886	0.10293	0.00662	0.06732	0.00726
15	0.01731	0.04102	0.13565	0.01794	0.09148	0.14888	0.03747	0.02427	0.16105	0.06279	0.06214	0.07145	0.05526	0.00941	0.00744	0.00217	0.03249	0.00770	0.00495	0.00911
16	0.03974	0.02003	0.13733	0.02340	0.21938	0.14228	0.07845	0.01976	0.01526	0.02027	0.03601	0.08368	0.01581	0.06451	0.00949	0.02548	0.00863	0.00738	0.02460	0.00851
17	0.09867	0.03551	0.06973	0.04462	0.03452	0.04578	0.05274	0.05875	0.03166	0.02207	0.05763	0.14408	0.08507	0.03891	0.03430	0.00277	0.05178	0.04963	0.00488	0.03690

[dist]
# distance from previous block
# <min> <max>
0	10

[block]
# block no. 9 follows, 31 sequences, length 19
# corresponding to MSA columns:
# 401-419
name=unknown_J
#
# <colnr> <probs for GDERKNQSTAVLIFYWHMCP>
#	G	D	E	R	K	N	Q	S	T	A	V	L	I	F	Y	W	H	M	C	P
0	0.01788	0.01767	0.07122	0.11581	0.20299	0.07974	0.08007	0.09757	0.08022	0.06197	0.01771	0.06702	0.01495	0.00844	0.00710	0.00220	0.00831	0.03494	0.00463	0.00957
1	0.59381	0.01485	0.01292	0.01084	0.01542	0.01695	0.00894	0.20464	0.01726	0.03410	0.01142	0.01257	0.00857	0.00686	0.00495	0.00210	0.00590	0.00438	0.00495	0.00857
2	0.01665	0.01481	0.02073	0.24714	0.22895	0.05737	0.01635	0.08523	0.05255	0.05087	0.01773	0.06536	0.03292	0.00865	0.00761	0.00223	0.03644	0.02498	0.00434	0.00907
3	0.01089	0.00771	0.00922	0.05502	0.01251	0.00780	0.00726	0.03147	0.01517	0.02157	0.08379	0.12805	0.22882	0.01508	0.03361	0.00253	0.03307	0.05471	0.23538	0.00636
4	0.00999	0.00730	0.00993	0.00953	0.01063	0.00749	0.02965	0.01174	0.01250	0.01743	0.11973	0.07143	0.07248	0.28338	0.25704	0.00665	0.00973	0.00992	0.03789	0.00555
5	0.01147	0.00621	0.00932	0.00932	0.00956	0.00645	0.00645	0.00956	0.00932	0.01267	0.01315	0.02199	0.01291	0.02917	0.16510	0.64607	0.00837	0.00621	0.00311	0.00359
6	0.75835	0.01361	0.01072	0.00942	0.01374	0.01572	0.00776	0.06281	0.01294	0.03148	0.00996	0.01145	0.00768	0.00647	0.00440	0.00211	0.00543	0.00386	0.00440	0.00768
7	0.05323	0.00714	0.00837	0.00837	0.00953	0.00710	0.00580	0.01149	0.01332	0.01887	0.16264	0.11552	0.14024	0.26431	0.11996	0.00495	0.00672	0.01126	0.02568	0.00550
8	0.05500	0.01615	0.01539	0.01479	0.06918	0.15294	0.01064	0.17482	0.03664	0.07243	0.05787	0.05985	0.03624	0.03749	0.03555	0.00253	0.00751	0.02586	0.11054	0.00858
9	0.01409	0.01536	0.06787	0.04528	0.01627	0.16531	0.01032	0.05089	0.01531	0.01862	0.04453	0.18801	0.09106	0.06372	0.12540	0.03734	0.00913	0.01002	0.00468	0.00678
10	0.16946	0.08173	0.09985	0.01517	0.03932	0.18761	0.05529	0.02298	0.03986	0.06337	0.01287	0.01448	0.01001	0.00651	0.00569	0.00181	0.00813	0.00482	0.02321	0.13783
11	0.17830	0.31393	0.05152	0.01466	0.05645	0.15772	0.01222	0.07150	0.04930	0.02227	0.01140	0.01282	0.00941	0.00656	0.00521	0.00179	0.00795	0.00438	0.00381	0.00881
12	0.01365	0.01189	0.01255	0.01228	0.03725	0.08226	0.00897	0.07495	0.09075	0.02344	0.18270	0.14552	0.11035	0.01699	0.08112	0.00313	0.03570	0.01066	0.03841	0.00745
13	0.07842	0.01454	0.02106	0.12162	0.18858	0.03605	0.09046	0.12506	0.01767	0.04253	0.05477	0.09896	0.01736	0.00891	0.00734	0.00220	0.02609	0.00791	0.03152	0.00895
14	0.04909	0.01291	0.01901	0.04475	0.25972	0.01291	0.03931	0.04973	0.06679	0.15657	0.04592	0.05049	0.04407	0.06897	0.00909	0.00248	0.00665	0.00769	0.04441	0.00943
15	0.01583	0.01245	0.01314	0.01167	0.01364	0.06822	0.00891	0.12758	0.07620	0.02282	0.01943	0.02521	0.04258	0.11401	0.03959	0.09980	0.10849	0.00703	0.16625	0.00715
16	0.09515	0.01983	0.01798	0.01485	0.01890	0.17314	0.01193	0.35816	0.02368	0.03184	0.01441	0.01595	0.01104	0.00944	0.03033	0.00232	0.07003	0.00559	0.06589	0.00952
17	0.05943	0.03619	0.01629	0.01414	0.06200	0.05129	0.07894	0.08736	0.01687	0.04714	0.04899	0.05315	0.19000	0.03925	0.00838	0.00222	0.03121	0.00871	0.08192	0.06651
18	0.04194	0.10561	0.09619	0.03434	0.02043	0.07894	0.04659	0.18719	0.06237	0.04607	0.07490	0.05340	0.03666	0.00889	0.00734	0.00206	0.04258	0.00699	0.00510	0.04242

[dist]
# distance from previous block
# <min> <max>
2	12

[block]
# block no. 10 follows, 31 sequences, length 13
# corresponding to MSA columns:
# 466-478
name=unknown_K
#
# <colnr> <probs for GDERKNQSTAVLIFYWHMCP>
#	G	D	E	R	K	N	Q	S	T	A	V	L	I	F	Y	W	H	M	C	P
0	0.08068	0.05368	0.05977	0.07854	0.11448	0.15635	0.01379	0.09741	0.07474	0.05939	0.01468	0.01658	0.01136	0.00732	0.00683	0.00198	0.04021	0.00549	0.05600	0.05071
1	0.01812	0.01951	0.02202	0.13133	0.31402	0.22439	0.01670	0.02182	0.04084	0.01967	0.01454	0.07600	0.01310	0.00802	0.00724	0.00209	0.03113	0.00674	0.00373	0.00899
2	0.01158	0.00950	0.01036	0.03960	0.01343	0.03989	0.00785	0.01641	0.12604	0.04304	0.12687	0.20233	0.26377	0.01545	0.00794	0.00240	0.00469	0.04546	0.00640	0.00700
3	0.12828	0.00836	0.00929	0.00859	0.01117	0.00791	0.00661	0.01515	0.01675	0.10387	0.29511	0.08358	0.25292	0.01367	0.00741	0.00223	0.00394	0.01149	0.00673	0.00693
4	0.01152	0.00714	0.00879	0.00885	0.01066	0.00637	0.00645	0.01345	0.01567	0.10998	0.15020	0.32517	0.23420	0.01689	0.00805	0.00241	0.00392	0.01477	0.03891	0.00657
5	0.00923	0.00694	0.00821	0.00867	0.00989	0.00652	0.00608	0.01149	0.04295	0.01897	0.13426	0.28108	0.22638	0.14869	0.01302	0.00324	0.00438	0.04810	0.00615	0.00575
6	0.07686	0.01878	0.01985	0.01530	0.02070	0.02083	0.01264	0.65025	0.03083	0.04231	0.01598	0.01608	0.01136	0.00809	0.00667	0.00206	0.00738	0.00600	0.00667	0.01136
7	0.06940	0.01549	0.01977	0.22587	0.05808	0.01712	0.03333	0.31753	0.02223	0.06735	0.01501	0.01718	0.01093	0.00737	0.00656	0.00206	0.00764	0.00596	0.02694	0.05417
8	0.02228	0.01513	0.01672	0.01337	0.01754	0.01626	0.01071	0.44788	0.02573	0.10046	0.04341	0.02537	0.01733	0.12378	0.01118	0.00279	0.00685	0.03300	0.04034	0.00988
9	0.01372	0.03539	0.72412	0.01950	0.02961	0.01589	0.02528	0.02167	0.01444	0.02167	0.01228	0.01444	0.00867	0.00650	0.00650	0.00217	0.01011	0.00506	0.00289	0.01011
10	0.02021	0.21459	0.05596	0.04288	0.10995	0.17449	0.09937	0.08305	0.01759	0.06200	0.01318	0.01526	0.01041	0.00666	0.00609	0.00186	0.00895	0.00536	0.04292	0.00923
11	0.03888	0.03793	0.10868	0.02988	0.01905	0.03591	0.01173	0.12067	0.03596	0.16340	0.03987	0.02119	0.05053	0.02927	0.00706	0.00193	0.00655	0.00615	0.00542	0.22994
12	0.05691	0.26332	0.22149	0.01812	0.10103	0.06344	0.01651	0.06313	0.04516	0.04887	0.01260	0.01427	0.00993	0.00675	0.00629	0.00192	0.03206	0.00490	0.00370	0.00960

[dist]
# distance from previous block
# <min> <max>
0	7

[block]
# block no. 11 follows, 31 sequences, length 59
# corresponding to MSA columns:
# 486-544
name=unknown_L
#
# <colnr> <probs for GDERKNQSTAVLIFYWHMCP>
#	G	D	E	R	K	N	Q	S	T	A	V	L	I	F	Y	W	H	M	C	P
0	0.03748	0.14512	0.18992	0.01919	0.07551	0.11163	0.08927	0.13712	0.06081	0.05010	0.01395	0.01549	0.01058	0.00689	0.00635	0.00199	0.00896	0.00553	0.00423	0.00987
1	0.10923	0.01433	0.01475	0.01350	0.04034	0.11419	0.01011	0.08236	0.01767	0.25581	0.02330	0.20356	0.02087	0.01132	0.00753	0.00226	0.03450	0.00922	0.00623	0.00892
2	0.58418	0.04985	0.01507	0.01320	0.06336	0.03608	0.05427	0.04492	0.01334	0.02844	0.01135	0.03926	0.00948	0.00691	0.00498	0.00210	0.00623	0.00484	0.00422	0.00793
3	0.01012	0.00686	0.00924	0.00924	0.00979	0.00741	0.00636	0.01084	0.01029	0.01427	0.01887	0.03365	0.01972	0.34664	0.34845	0.10952	0.01182	0.00826	0.00378	0.00488
4	0.01696	0.04680	0.21197	0.12764	0.07795	0.04872	0.06148	0.11945	0.09855	0.04354	0.04704	0.02014	0.03400	0.00774	0.00681	0.00214	0.00839	0.00652	0.00451	0.00965
5	0.01044	0.00768	0.00907	0.00911	0.01053	0.00753	0.00645	0.04231	0.06695	0.02161	0.20057	0.26847	0.13620	0.12854	0.01206	0.00303	0.00436	0.01368	0.03513	0.00628
6	0.01500	0.00944	0.01309	0.01298	0.07076	0.00879	0.03814	0.03964	0.01761	0.15550	0.21137	0.09712	0.15427	0.01276	0.00759	0.00224	0.00491	0.05294	0.06797	0.00788
7	0.01481	0.02321	0.36775	0.01563	0.02208	0.01361	0.04455	0.10162	0.01632	0.04880	0.04351	0.02427	0.04788	0.12147	0.03583	0.00311	0.00866	0.00695	0.03114	0.00883
8	0.02048	0.01138	0.01442	0.01175	0.01572	0.01079	0.02879	0.14847	0.02058	0.28351	0.14616	0.09427	0.11819	0.01145	0.00737	0.00217	0.00538	0.00969	0.00727	0.03215
9	0.02614	0.01298	0.01617	0.01244	0.01777	0.01194	0.01018	0.11816	0.07660	0.45591	0.02314	0.02101	0.01540	0.00792	0.00657	0.00194	0.00589	0.00637	0.00738	0.14609
10	0.80789	0.01323	0.01006	0.00900	0.01323	0.01535	0.00741	0.02011	0.01164	0.03070	0.00953	0.01111	0.00741	0.00635	0.00423	0.00212	0.00529	0.00370	0.00423	0.00741
11	0.02996	0.01148	0.01564	0.01205	0.01721	0.00993	0.00993	0.03263	0.01957	0.69744	0.05091	0.02426	0.01859	0.00866	0.00692	0.00212	0.00573	0.00707	0.00843	0.01146
12	0.80789	0.01323	0.01006	0.00900	0.01323	0.01535	0.00741	0.02011	0.01164	0.03070	0.00953	0.01111	0.00741	0.00635	0.00423	0.00212	0.00529	0.00370	0.00423	0.00741
13	0.01216	0.01099	0.01390	0.01308	0.01420	0.06666	0.01036	0.01433	0.01152	0.01608	0.01561	0.02306	0.01463	0.03900	0.51586	0.00847	0.18320	0.00680	0.00350	0.00656
14	0.01693	0.01626	0.02777	0.04199	0.71689	0.01626	0.02100	0.02100	0.01558	0.02235	0.01287	0.01693	0.01084	0.00610	0.00677	0.00203	0.00813	0.00610	0.00339	0.01084
15	0.01434	0.00879	0.01125	0.01040	0.01294	0.00809	0.02972	0.06662	0.01667	0.16090	0.04235	0.32815	0.23026	0.01613	0.00801	0.00244	0.00471	0.01410	0.00672	0.00742
16	0.00851	0.00614	0.00800	0.00942	0.00998	0.00572	0.00641	0.00978	0.01326	0.01751	0.03909	0.64909	0.08852	0.05037	0.00976	0.00292	0.00415	0.04956	0.00626	0.00555
17	0.01926	0.01729	0.02183	0.02611	0.31463	0.09898	0.04006	0.17883	0.04029	0.02704	0.01580	0.03597	0.01282	0.00742	0.00655	0.00198	0.00775	0.00640	0.11108	0.00990
18	0.00938	0.00698	0.00873	0.00829	0.01004	0.00633	0.00622	0.01233	0.01865	0.02574	0.59152	0.05389	0.18737	0.01462	0.00807	0.00218	0.00327	0.01276	0.00731	0.00633
19	0.01884	0.00910	0.01137	0.00966	0.01321	0.00783	0.00764	0.02111	0.01769	0.34876	0.10638	0.07574	0.29830	0.01306	0.00755	0.00223	0.00457	0.01094	0.00745	0.00858
20	0.01296	0.01073	0.01362	0.03620	0.01597	0.01124	0.05847	0.07017	0.21285	0.02330	0.03517	0.28542	0.13505	0.01432	0.00776	0.00244	0.00527	0.01268	0.02846	0.00791
21	0.65343	0.01411	0.01199	0.03791	0.04052	0.05037	0.00891	0.01991	0.01211	0.02805	0.00984	0.01210	0.00786	0.00715	0.00598	0.02532	0.03889	0.00408	0.00403	0.00744
22	0.01409	0.07693	0.35794	0.01942	0.05139	0.01595	0.12266	0.02034	0.04706	0.02082	0.01770	0.07235	0.04212	0.00873	0.00810	0.00228	0.06290	0.02640	0.00369	0.00914
23	0.02276	0.00989	0.01334	0.01083	0.01473	0.00870	0.00870	0.02563	0.01950	0.45959	0.28604	0.03379	0.03491	0.01055	0.00733	0.00213	0.00484	0.00895	0.00811	0.00968
24	0.02017	0.33995	0.09138	0.01491	0.05236	0.01998	0.04081	0.12736	0.01807	0.12679	0.04474	0.01687	0.01335	0.00711	0.00578	0.00181	0.00726	0.00544	0.03617	0.00969
