[name]
unknown

[dist]
# distance from previous block
# <min> <max>
0	45

[block]
# block no. 0 follows, 34 sequences, length 43
# corresponding to MSA columns:
# 45-87
name=unknown_A
#
# <colnr> <probs for GDERKNQSTAVLIFYWHMCP>
#	G	D	E	R	K	N	Q	S	T	A	V	L	I	F	Y	W	H	M	C	P
0	0.01041	0.00744	0.01041	0.01190	0.01339	0.00744	0.01041	0.01339	0.01487	0.01934	0.03421	0.07288	0.03719	0.01785	0.00892	0.00297	0.00595	0.68913	0.00595	0.00595
1	0.01340	0.01148	0.01340	0.00957	0.01531	0.00861	0.00766	0.01627	0.01340	0.02105	0.01148	0.01340	0.00957	0.00479	0.00479	0.00096	0.00479	0.00383	0.00383	0.81242
2	0.01749	0.01686	0.01526	0.01376	0.01736	0.14463	0.01062	0.03283	0.59735	0.02506	0.02343	0.02192	0.01772	0.00840	0.00644	0.00210	0.00626	0.00675	0.00600	0.00975
3	0.00821	0.00657	0.00735	0.00715	0.00908	0.00570	0.00536	0.01039	0.01609	0.02069	0.31965	0.05685	0.47378	0.01516	0.00763	0.00212	0.00319	0.01289	0.00643	0.00570
4	0.37931	0.01471	0.01278	0.01090	0.01469	0.09434	0.00874	0.17876	0.01781	0.05354	0.13785	0.01881	0.01786	0.00781	0.00549	0.00195	0.00589	0.00565	0.00518	0.00795
5	0.00847	0.00632	0.00788	0.00804	0.00938	0.00572	0.00582	0.01069	0.01589	0.02150	0.39572	0.25247	0.19669	0.01584	0.00780	0.00223	0.00329	0.01396	0.00657	0.00572
6	0.01786	0.01652	0.02467	0.03427	0.57549	0.04881	0.01817	0.14168	0.01763	0.02432	0.01265	0.01571	0.01028	0.00615	0.00638	0.00191	0.00775	0.00570	0.00378	0.01024
7	0.01317	0.01247	0.02112	0.57467	0.21968	0.01461	0.01842	0.01735	0.01338	0.01768	0.01165	0.01691	0.00903	0.00628	0.00644	0.00209	0.00837	0.00575	0.00295	0.00796
8	0.01672	0.62405	0.15751	0.01252	0.01869	0.04499	0.01335	0.01973	0.01337	0.01615	0.00947	0.01098	0.00827	0.00567	0.00455	0.00151	0.00751	0.00371	0.00277	0.00849
9	0.01074	0.00776	0.01106	0.17438	0.01797	0.00813	0.00909	0.04092	0.01373	0.05843	0.04685	0.51116	0.03287	0.01582	0.00766	0.00244	0.00504	0.01422	0.00547	0.00626
10	0.00783	0.00579	0.00733	0.00857	0.00926	0.00528	0.00581	0.00905	0.01279	0.01666	0.04086	0.64443	0.16362	0.01956	0.00814	0.00255	0.00366	0.01754	0.00600	0.00528
11	0.00928	0.00621	0.00708	0.00720	0.00723	0.00618	0.00408	0.00936	0.00963	0.01284	0.02156	0.09944	0.02500	0.71370	0.03095	0.00598	0.00607	0.01010	0.00408	0.00402
12	0.01580	0.04209	0.31899	0.02721	0.32747	0.05032	0.04752	0.02099	0.01462	0.05672	0.01245	0.01504	0.00953	0.00605	0.00626	0.00196	0.00863	0.00533	0.00325	0.00975
13	0.02487	0.01303	0.01756	0.01712	0.14294	0.04416	0.02864	0.04276	0.06269	0.48657	0.02190	0.02041	0.01463	0.00751	0.00644	0.00198	0.00624	0.00632	0.02373	0.01049
14	0.00783	0.00579	0.00733	0.00857	0.00926	0.00528	0.00581	0.00905	0.01279	0.01666	0.04086	0.64443	0.16362	0.01956	0.00814	0.00255	0.00366	0.01754	0.00600	0.00528
15	0.71781	0.01382	0.01070	0.00939	0.01345	0.05022	0.00768	0.07378	0.01287	0.02928	0.00956	0.01095	0.00738	0.00617	0.00428	0.00198	0.00548	0.00371	0.00416	0.00734
16	0.01670	0.01651	0.04941	0.07799	0.50228	0.03472	0.06874	0.09183	0.03761	0.02285	0.01288	0.01618	0.01035	0.00611	0.00648	0.00196	0.00800	0.00587	0.00361	0.00992
17	0.01640	0.01598	0.07415	0.01865	0.15214	0.01613	0.01324	0.07703	0.48539	0.02634	0.02175	0.02117	0.01644	0.00793	0.00650	0.00211	0.00608	0.00671	0.00563	0.01023
18	0.00928	0.00674	0.00945	0.00945	0.01028	0.00757	0.00691	0.01094	0.01011	0.01431	0.01816	0.03012	0.01821	0.25142	0.54717	0.00923	0.01421	0.00762	0.00359	0.00525
19	0.01807	0.14867	0.01879	0.01301	0.01728	0.01818	0.01068	0.14158	0.46197	0.04967	0.02147	0.02023	0.01618	0.00801	0.00613	0.00200	0.00577	0.00636	0.00593	0.01003
20	0.01692	0.71598	0.09159	0.01166	0.01752	0.02470	0.01210	0.01944	0.01317	0.01563	0.00920	0.01063	0.00828	0.00558	0.00431	0.00144	0.00713	0.00356	0.00276	0.00839
21	0.01568	0.34834	0.38996	0.01504	0.02250	0.05201	0.01757	0.02050	0.01375	0.03561	0.01076	0.01237	0.00843	0.00595	0.00529	0.00175	0.00842	0.00423	0.00290	0.00896
22	0.01397	0.05563	0.66143	0.01806	0.02699	0.07292	0.02259	0.02085	0.01399	0.01994	0.01139	0.01339	0.00820	0.00616	0.00605	0.00200	0.00964	0.00469	0.00278	0.00935
23	0.00940	0.00626	0.00705	0.00705	0.00705	0.00626	0.00392	0.00940	0.00940	0.01253	0.02036	0.04228	0.02349	0.77292	0.03289	0.00626	0.00626	0.00940	0.00392	0.00392
24	0.01590	0.01479	0.04261	0.03634	0.02598	0.01364	0.40731	0.04832	0.05008	0.10947	0.02449	0.02602	0.13771	0.00797	0.00733	0.00214	0.00838	0.00835	0.00460	0.00857
25	0.01519	0.08114	0.11926	0.04331	0.13988	0.07409	0.18997	0.03199	0.06710	0.01971	0.02692	0.01842	0.01222	0.04665	0.06639	0.00286	0.02659	0.00627	0.00355	0.00850
26	0.00800	0.00575	0.00755	0.00881	0.00932	0.00535	0.00593	0.00928	0.01287	0.01721	0.09333	0.67119	0.06559	0.03594	0.00871	0.00264	0.00373	0.01747	0.00604	0.00530
27	0.01204	0.00602	0.00602	0.00602	0.00753	0.00602	0.00452	0.01506	0.01355	0.02409	0.02108	0.02409	0.01656	0.00753	0.00452	0.00151	0.00301	0.00602	0.80879	0.00602
28	0.00940	0.00626	0.00705	0.00705	0.00705	0.00626	0.00392	0.00940	0.00940	0.01253	0.02036	0.04228	0.02349	0.77292	0.03289	0.00626	0.00626	0.00940	0.00392	0.00392
29	0.01750	0.24325	0.31397	0.01708	0.07871	0.01715	0.04733	0.02212	0.01454	0.15052	0.01350	0.01457	0.00988	0.00624	0.00571	0.00184	0.00795	0.00491	0.00377	0.00947
30	0.00937	0.00636	0.00752	0.00752	0.00769	0.00652	0.00451	0.00970	0.00954	0.01288	0.01992	0.03988	0.02245	0.66977	0.13461	0.00685	0.00784	0.00904	0.00385	0.00418
31	0.81856	0.01250	0.00950	0.00850	0.01250	0.01449	0.00700	0.01899	0.01100	0.02899	0.00900	0.01050	0.00700	0.00600	0.00400	0.00200	0.00500	0.00350	0.00400	0.00700
32	0.00787	0.00562	0.00750	0.00900	0.00937	0.00525	0.00600	0.00900	0.01237	0.01649	0.03561	0.76871	0.04274	0.02024	0.00825	0.00262	0.00375	0.01837	0.00600	0.00525
33	0.01296	0.03342	0.73944	0.01842	0.02797	0.01501	0.02387	0.02046	0.01364	0.02046	0.01160	0.01364	0.00818	0.00614	0.00614	0.00205	0.00955	0.00477	0.00273	0.00955
34	0.00810	0.00580	0.00770	0.00884	0.00942	0.00540	0.00602	0.00956	0.01341	0.01815	0.15761	0.64198	0.04594	0.01901	0.00814	0.00252	0.00363	0.01719	0.00619	0.00540
35	0.01652	0.64605	0.15797	0.01235	0.01859	0.02371	0.01331	0.01954	0.01322	0.01613	0.00944	0.01094	0.00827	0.00564	0.00450	0.00150	0.00737	0.00369	0.00276	0.00851
36	0.01276	0.14785	0.49745	0.01558	0.02287	0.01498	0.01867	0.01827	0.01334	0.01892	0.01540	0.14593	0.01428	0.00852	0.00619	0.00204	0.00811	0.00695	0.00331	0.00859
37	0.00900	0.00654	0.00810	0.00774	0.00908	0.00605	0.00557	0.01134	0.01629	0.02251	0.52269	0.04893	0.13686	0.14723	0.01207	0.00280	0.00364	0.01152	0.00641	0.00563
38	0.01756	0.01462	0.01545	0.01345	0.01737	0.01677	0.01059	0.15337	0.59948	0.02944	0.02440	0.02260	0.01819	0.00859	0.00656	0.00215	0.00546	0.00704	0.00656	0.01036
39	0.15849	0.01427	0.01442	0.01259	0.01653	0.01639	0.00997	0.13263	0.49302	0.02942	0.02165	0.02043	0.01618	0.00813	0.00610	0.00212	0.00539	0.00641	0.00610	0.00977
40	0.01372	0.16418	0.61534	0.01712	0.02596	0.01686	0.02162	0.02027	0.01355	0.01954	0.01114	0.01307	0.00820	0.00603	0.00579	0.00193	0.00908	0.00454	0.00273	0.00933
41	0.01524	0.01844	0.15192	0.06990	0.54187	0.01529	0.05364	0.01982	0.01446	0.02075	0.01207	0.01571	0.00978	0.00584	0.00641	0.00197	0.00821	0.00567	0.00310	0.00989
42	0.01401	0.01519	0.03180	0.02500	0.08447	0.01431	0.53123	0.01857	0.01470	0.01999	0.01696	0.14946	0.01563	0.00807	0.00764	0.00224	0.00938	0.00937	0.00374	0.00822

[dist]
# distance from previous block
# <min> <max>
0	12

[block]
# block no. 1 follows, 34 sequences, length 38
# corresponding to MSA columns:
# 100-137
name=unknown_B
#
# <colnr> <probs for GDERKNQSTAVLIFYWHMCP>
#	G	D	E	R	K	N	Q	S	T	A	V	L	I	F	Y	W	H	M	C	P
0	0.05946	0.06225	0.01547	0.01153	0.01567	0.03990	0.00943	0.18877	0.06920	0.24989	0.12549	0.02608	0.08058	0.00915	0.00646	0.00197	0.00561	0.00731	0.00653	0.00927
1	0.04922	0.01141	0.01654	0.01515	0.08924	0.01089	0.09467	0.07700	0.03597	0.22057	0.12444	0.03257	0.14952	0.00996	0.00697	0.00209	0.00576	0.03335	0.00606	0.00861
2	0.27245	0.25577	0.10597	0.01228	0.01751	0.09877	0.01162	0.11975	0.01557	0.02394	0.01035	0.01168	0.00826	0.00619	0.00485	0.00177	0.00716	0.00404	0.00375	0.00833
3	0.05746	0.01156	0.01458	0.01143	0.01600	0.01077	0.00933	0.12603	0.01952	0.49944	0.08431	0.04394	0.01935	0.00857	0.00648	0.00197	0.00542	0.00697	0.00733	0.03954
4	0.02295	0.01715	0.01853	0.01410	0.01936	0.01839	0.01161	0.61096	0.02793	0.03789	0.01493	0.01521	0.01078	0.00733	0.00622	0.00180	0.00678	0.00553	0.00608	0.12647
5	0.01403	0.13759	0.53345	0.01660	0.02472	0.01668	0.02006	0.02230	0.11549	0.02065	0.01334	0.01468	0.00986	0.00643	0.00591	0.00197	0.00853	0.00495	0.00329	0.00947
6	0.01429	0.26296	0.52158	0.01614	0.02445	0.01827	0.01992	0.02012	0.01348	0.01884	0.01079	0.01263	0.00822	0.00595	0.00552	0.00184	0.00873	0.00437	0.00274	0.00916
7	0.00839	0.00658	0.00760	0.00734	0.00919	0.00578	0.00551	0.01074	0.01652	0.02170	0.39904	0.05519	0.39376	0.01478	0.00763	0.00211	0.00316	0.01266	0.00656	0.00578
8	0.00893	0.00768	0.00960	0.01174	0.11317	0.00688	0.00726	0.01087	0.01452	0.01817	0.07961	0.15812	0.49955	0.01528	0.00755	0.00220	0.00397	0.01312	0.00564	0.00614
9	0.00923	0.00692	0.01038	0.01038	0.01154	0.00808	0.00808	0.01154	0.01038	0.01500	0.01731	0.02538	0.01615	0.04846	0.74732	0.01038	0.01731	0.00692	0.00346	0.00577
10	0.01284	0.01188	0.01978	0.44535	0.23514	0.01345	0.01677	0.01683	0.01420	0.01917	0.11509	0.02135	0.01662	0.00723	0.00661	0.00207	0.00754	0.00660	0.00358	0.00789
11	0.00769	0.00655	0.00662	0.00660	0.00876	0.00548	0.00495	0.00938	0.01486	0.01776	0.08958	0.06168	0.70568	0.01625	0.00764	0.00218	0.00326	0.01357	0.00604	0.00548
12	0.01622	0.59486	0.20656	0.01286	0.01937	0.02298	0.01419	0.01962	0.01325	0.01649	0.00962	0.01117	0.00827	0.00568	0.00463	0.00154	0.00756	0.00378	0.00276	0.00860
13	0.00799	0.00656	0.00703	0.00691	0.00894	0.00560	0.00518	0.00995	0.01555	0.01941	0.21887	0.05897	0.57537	0.01563	0.00763	0.00215	0.00322	0.01319	0.00626	0.00560
14	0.01340	0.01148	0.01340	0.00957	0.01531	0.00861	0.00766	0.01627	0.01340	0.02105	0.01148	0.01340	0.00957	0.00479	0.00479	0.00096	0.00479	0.00383	0.00383	0.81242
15	0.02899	0.01100	0.01499	0.01150	0.01649	0.00950	0.00950	0.03149	0.01849	0.73709	0.02549	0.02199	0.01599	0.00800	0.00650	0.00200	0.00550	0.00650	0.00800	0.01100
16	0.02414	0.03079	0.01831	0.01665	0.01998	0.74698	0.01248	0.02580	0.01831	0.01581	0.00999	0.01165	0.00832	0.00666	0.00583	0.00166	0.01165	0.00416	0.00333	0.00749
17	0.01220	0.01148	0.01938	0.75739	0.04450	0.01436	0.01794	0.01651	0.01292	0.01651	0.01148	0.01723	0.00861	0.00646	0.00646	0.00215	0.00861	0.00574	0.00287	0.00718
18	0.00983	0.00758	0.01082	0.01027	0.01208	0.00815	0.00802	0.01222	0.01082	0.01587	0.01647	0.02366	0.01520	0.04217	0.64032	0.00903	0.01550	0.00648	0.00351	0.12200
19	0.01727	0.77681	0.03386	0.01106	0.01658	0.02557	0.01106	0.01935	0.01313	0.01520	0.00898	0.01036	0.00829	0.00553	0.00415	0.00138	0.00691	0.00345	0.00276	0.00829
20	0.00787	0.00562	0.00750	0.00900	0.00937	0.00525	0.00600	0.00900	0.01237	0.01649	0.03561	0.76871	0.04274	0.02024	0.00825	0.00262	0.00375	0.01837	0.00600	0.00525
21	0.00787	0.00562	0.00750	0.00900	0.00937	0.00525	0.00600	0.00900	0.01237	0.01649	0.03561	0.76871	0.04274	0.02024	0.00825	0.00262	0.00375	0.01837	0.00600	0.00525
22	0.01462	0.00851	0.00878	0.00784	0.01011	0.00891	0.00612	0.15845	0.01702	0.02752	0.01993	0.02232	0.01541	0.00757	0.00492	0.00159	0.00386	0.00598	0.64350	0.00705
23	0.00790	0.00582	0.00741	0.00866	0.00937	0.00534	0.00593	0.00916	0.01283	0.01673	0.04060	0.63188	0.15833	0.01953	0.00816	0.00256	0.00372	0.03477	0.00600	0.00530
24	0.01296	0.03342	0.73944	0.01842	0.02797	0.01501	0.02387	0.02046	0.01364	0.02046	0.01160	0.01364	0.00818	0.00614	0.00614	0.00205	0.00955	0.00477	0.00273	0.00955
25	0.78992	0.01270	0.00985	0.00873	0.01277	0.01469	0.00719	0.04396	0.01170	0.02941	0.00923	0.01068	0.00714	0.00606	0.00409	0.00200	0.00507	0.00358	0.00409	0.00714
26	0.00783	0.00580	0.00731	0.00851	0.00924	0.00529	0.00578	0.00905	0.01283	0.01668	0.04149	0.62951	0.17813	0.01948	0.00813	0.00254	0.00365	0.01744	0.00600	0.00529
27	0.01646	0.00973	0.01205	0.01016	0.01315	0.00948	0.00802	0.13299	0.04094	0.19168	0.42886	0.03610	0.04116	0.01098	0.00714	0.00201	0.00434	0.00939	0.00719	0.00815
28	0.01371	0.03505	0.01419	0.02866	0.01557	0.13117	0.04078	0.01982	0.18787	0.01964	0.06997	0.15427	0.06856	0.01692	0.11397	0.00336	0.02408	0.03002	0.00506	0.00733
29	0.61239	0.01313	0.01156	0.00976	0.01405	0.01471	0.00805	0.12017	0.01466	0.11298	0.01185	0.01256	0.00862	0.00648	0.00464	0.00199	0.00536	0.00418	0.00482	0.00804
30	0.00784	0.00575	0.00736	0.00865	0.00928	0.00528	0.00585	0.00904	0.01270	0.01663	0.03979	0.66978	0.13897	0.01970	0.00816	0.00256	0.00368	0.01771	0.00600	0.00528
31	0.01031	0.00831	0.01237	0.13402	0.03881	0.00859	0.04497	0.05756	0.01387	0.01845	0.02846	0.53439	0.03237	0.01596	0.00775	0.00246	0.00525	0.01454	0.00529	0.00627
32	0.01090	0.00824	0.00954	0.00861	0.01086	0.00791	0.00662	0.11200	0.01893	0.02544	0.42179	0.04784	0.25997	0.01340	0.00746	0.00206	0.00370	0.01144	0.00668	0.00660
33	0.00937	0.00636	0.00753	0.00753	0.00769	0.00653	0.00451	0.00970	0.00954	0.01288	0.01992	0.03985	0.02243	0.66853	0.13583	0.00686	0.00786	0.00904	0.00385	0.00418
34	0.01193	0.01204	0.02410	0.01892	0.02265	0.01129	0.38520	0.01544	0.01400	0.01885	0.02342	0.34240	0.02481	0.01219	0.00793	0.00239	0.00767	0.03310	0.00452	0.00714
35	0.32644	0.02194	0.18962	0.01638	0.08548	0.16509	0.03925	0.04894	0.01442	0.02368	0.01053	0.01245	0.00812	0.00620	0.00534	0.00194	0.00800	0.00439	0.00356	0.00824
36	0.01433	0.01373	0.02308	0.11571	0.52277	0.01385	0.04467	0.01797	0.01453	0.02005	0.01979	0.02284	0.11375	0.00735	0.00663	0.00199	0.00727	0.00696	0.00357	0.00914
37	0.01043	0.01189	0.11592	0.05261	0.08553	0.00899	0.01087	0.03094	0.01505	0.01987	0.12087	0.09074	0.28175	0.01398	0.02678	0.00244	0.00565	0.08366	0.00516	0.00687

[dist]
# distance from previous block
# <min> <max>
0	37

[block]
# block no. 2 follows, 34 sequences, length 6
# corresponding to MSA columns:
# 175-180
name=unknown_C
#
# <colnr> <probs for GDERKNQSTAVLIFYWHMCP>
#	G	D	E	R	K	N	Q	S	T	A	V	L	I	F	Y	W	H	M	C	P
0	0.01591	0.09442	0.07235	0.05810	0.14954	0.04194	0.06901	0.09039	0.01556	0.02178	0.01173	0.01428	0.00949	0.00591	0.00629	0.00161	0.03699	0.00490	0.00365	0.27617
1	0.01302	0.01039	0.01279	0.01036	0.01394	0.00956	0.03543	0.08121	0.03637	0.04290	0.08634	0.05603	0.14794	0.07122	0.03854	0.00241	0.03350	0.00796	0.00497	0.28514
2	0.01340	0.01148	0.01340	0.00957	0.01531	0.00861	0.00766	0.01627	0.01340	0.02105	0.01148	0.01340	0.00957	0.00479	0.00479	0.00096	0.00479	0.00383	0.00383	0.81242
3	0.01367	0.01310	0.02056	0.15250	0.22347	0.04115	0.11069	0.01760	0.04054	0.01952	0.06314	0.02437	0.07706	0.05110	0.00918	0.00231	0.05994	0.00728	0.04488	0.00791
4	0.00930	0.00664	0.00895	0.00895	0.00961	0.00730	0.00629	0.01062	0.00996	0.01394	0.01862	0.03263	0.01930	0.35910	0.44098	0.00862	0.01257	0.00798	0.00366	0.00497
5	0.01463	0.04505	0.12003	0.08087	0.34873	0.01491	0.05680	0.02087	0.11769	0.02079	0.01718	0.02027	0.04994	0.03569	0.00744	0.00217	0.00749	0.00643	0.00377	0.00926

[dist]
# distance from previous block
# <min> <max>
5	10

[block]
# block no. 3 follows, 34 sequences, length 157
# corresponding to MSA columns:
# 192-280,283-350
name=unknown_D
#
# <colnr> <probs for GDERKNQSTAVLIFYWHMCP>
#	G	D	E	R	K	N	Q	S	T	A	V	L	I	F	Y	W	H	M	C	P
0	0.01182	0.01046	0.03886	0.14827	0.07661	0.03088	0.01066	0.01537	0.03747	0.03778	0.12409	0.09260	0.13579	0.01128	0.00693	0.00211	0.00555	0.08355	0.06839	0.05152
1	0.01403	0.01968	0.18898	0.02161	0.02781	0.03366	0.39865	0.01971	0.03997	0.02004	0.01750	0.02065	0.06869	0.00909	0.04682	0.00259	0.03130	0.00728	0.00349	0.00846
2	0.01469	0.01488	0.06569	0.14812	0.30969	0.01425	0.09463	0.07311	0.03789	0.02244	0.09969	0.02177	0.03967	0.00734	0.00673	0.00203	0.00749	0.00692	0.00404	0.00893
3	0.00807	0.00623	0.00744	0.00831	0.00958	0.00559	0.00606	0.00963	0.01366	0.01724	0.04806	0.38774	0.33244	0.01832	0.00807	0.00248	0.00381	0.09586	0.00599	0.00542
4	0.01153	0.01047	0.02900	0.03758	0.12177	0.01093	0.00992	0.01538	0.09098	0.01879	0.10416	0.03570	0.18556	0.14797	0.03319	0.00316	0.11331	0.00903	0.00470	0.00688
5	0.00894	0.00671	0.00840	0.00867	0.01027	0.00618	0.00680	0.01143	0.01604	0.02129	0.32744	0.11475	0.23576	0.01573	0.00799	0.00235	0.00386	0.17513	0.00644	0.00582
6	0.01592	0.03122	0.01973	0.02157	0.22679	0.01452	0.06967	0.05477	0.27352	0.05582	0.02146	0.08541	0.01838	0.00901	0.00684	0.00216	0.00642	0.05216	0.00520	0.00944
7	0.01440	0.03938	0.18014	0.01767	0.15500	0.01238	0.01403	0.05341	0.01460	0.02172	0.01236	0.01550	0.01013	0.00579	0.00557	0.00150	0.00662	0.02218	0.00362	0.39401
8	0.01984	0.13505	0.18179	0.01776	0.09939	0.11009	0.03738	0.10990	0.05986	0.14561	0.01488	0.01558	0.01089	0.00673	0.00601	0.00188	0.00799	0.00528	0.00449	0.00962
9	0.01454	0.01139	0.01206	0.01102	0.01399	0.01284	0.00852	0.02789	0.49332	0.02623	0.08227	0.02607	0.02232	0.00883	0.00616	0.00201	0.00444	0.00735	0.19988	0.00888
10	0.01979	0.01211	0.02005	0.01866	0.12821	0.01127	0.15210	0.04252	0.01641	0.31318	0.02271	0.15260	0.01909	0.00960	0.00709	0.00216	0.00668	0.03067	0.00585	0.00925
11	0.01390	0.01572	0.08526	0.07100	0.16361	0.01396	0.32121	0.01895	0.04175	0.02030	0.01680	0.11058	0.01508	0.00798	0.00716	0.00217	0.00853	0.02755	0.03003	0.00845
12	0.00817	0.00657	0.00728	0.00710	0.00905	0.00568	0.00533	0.01030	0.01598	0.02044	0.29947	0.05728	0.49412	0.01525	0.00763	0.00213	0.00319	0.01295	0.00639	0.00568
13	0.01220	0.01148	0.01938	0.75739	0.04450	0.01436	0.01794	0.01651	0.01292	0.01651	0.01148	0.01723	0.00861	0.00646	0.00646	0.00215	0.00861	0.00574	0.00287	0.00718
14	0.11665	0.01341	0.07240	0.03377	0.01691	0.01007	0.00922	0.01697	0.01309	0.02188	0.01117	0.01317	0.00910	0.00510	0.00485	0.00122	0.00532	0.00392	0.00373	0.61805
15	0.01101	0.00930	0.01281	0.01181	0.01224	0.01173	0.00910	0.01238	0.00994	0.01453	0.01501	0.02597	0.01542	0.23141	0.29675	0.00659	0.27776	0.00714	0.00336	0.00573
16	0.01710	0.00837	0.01077	0.00928	0.01232	0.00732	0.00727	0.01944	0.01710	0.32391	0.22868	0.10033	0.18675	0.01228	0.00720	0.00210	0.00419	0.01048	0.00715	0.00796
17	0.00914	0.00660	0.00864	0.00813	0.00965	0.00610	0.00610	0.01219	0.01829	0.02591	0.72921	0.04827	0.06097	0.01321	0.00762	0.00203	0.00305	0.01169	0.00711	0.00610
18	0.18852	0.01151	0.01401	0.01099	0.01579	0.01082	0.00907	0.04885	0.01733	0.57352	0.02186	0.01948	0.01403	0.00759	0.00599	0.00200	0.00544	0.00587	0.00714	0.01019
19	0.05218	0.01069	0.01430	0.01113	0.01581	0.00938	0.00914	0.02953	0.01824	0.65695	0.08226	0.02377	0.01937	0.00836	0.00651	0.00200	0.00528	0.00683	0.00780	0.01047
20	0.00838	0.00657	0.00757	0.00732	0.00918	0.00577	0.00549	0.01071	0.01648	0.02161	0.39164	0.05534	0.40122	0.01481	0.00763	0.00211	0.00316	0.01268	0.00655	0.00577
21	0.00800	0.00568	0.00746	0.00884	0.00918	0.00533	0.00583	0.00903	0.01213	0.01617	0.03437	0.70957	0.04117	0.08152	0.01025	0.00292	0.00395	0.01764	0.00583	0.00514
22	0.01231	0.01159	0.01957	0.73750	0.06358	0.01438	0.01800	0.01660	0.01297	0.01664	0.01150	0.01719	0.00866	0.00644	0.00646	0.00215	0.00859	0.00574	0.00288	0.00726
23	0.15850	0.20632	0.03837	0.01395	0.01808	0.43049	0.01148	0.02296	0.01570	0.01804	0.00962	0.01119	0.00808	0.00626	0.00512	0.00166	0.00932	0.00389	0.00329	0.00765
24	0.00852	0.00653	0.00780	0.00760	0.00930	0.00581	0.00566	0.01094	0.01664	0.02226	0.44565	0.09493	0.30541	0.01477	0.00766	0.00212	0.00317	0.01279	0.00664	0.00581
25	0.01619	0.01416	0.01765	0.01833	0.14412	0.01593	0.03054	0.08333	0.44040	0.02587	0.04152	0.02200	0.01754	0.00960	0.03107	0.00241	0.04698	0.00694	0.00559	0.00982
26	0.00904	0.00616	0.00711	0.00738	0.00755	0.00604	0.00434	0.00932	0.01019	0.01348	0.02521	0.17736	0.05886	0.59982	0.02720	0.00541	0.00566	0.01124	0.00439	0.00423
27	0.01762	0.13893	0.01836	0.01334	0.01730	0.11617	0.01073	0.05258	0.49028	0.02406	0.02097	0.01994	0.01607	0.00793	0.00608	0.00198	0.00635	0.00621	0.00552	0.00957
28	0.01647	0.01638	0.02953	0.02895	0.28390	0.03677	0.32640	0.04103	0.04289	0.04739	0.01359	0.01688	0.01054	0.00584	0.00685	0.00199	0.00887	0.00652	0.00367	0.05555
29	0.01838	0.43211	0.16907	0.01335	0.01938	0.08032	0.01366	0.07515	0.03501	0.07221	0.01179	0.01276	0.00937	0.00619	0.00510	0.00165	0.00768	0.00429	0.00358	0.00894
30	0.02164	0.01642	0.01760	0.10537	0.02157	0.07603	0.01201	0.41994	0.04249	0.09988	0.04629	0.02021	0.05464	0.00826	0.00653	0.00197	0.00708	0.00645	0.00591	0.00971
31	0.00923	0.00692	0.01038	0.01038	0.01154	0.00808	0.00808	0.01154	0.01038	0.01500	0.01731	0.02538	0.01615	0.04846	0.74732	0.01038	0.01731	0.00692	0.00346	0.00577
32	0.02190	0.30372	0.02366	0.01428	0.03817	0.31675	0.01161	0.02442	0.03753	0.13302	0.01268	0.01335	0.00995	0.00649	0.00535	0.00164	0.00858	0.00442	0.00397	0.00852
33	0.02413	0.01950	0.01927	0.01516	0.01992	0.10822	0.01237	0.60285	0.02818	0.03679	0.01459	0.01499	0.01057	0.00775	0.00692	0.00194	0.03486	0.00561	0.00595	0.01042
34	0.00935	0.00624	0.00706	0.00711	0.00712	0.00623	0.00398	0.00938	0.00949	0.01265	0.02084	0.06522	0.02410	0.74916	0.03211	0.00615	0.00618	0.00968	0.00398	0.00396
35	0.00764	0.00655	0.00655	0.00655	0.00873	0.00545	0.00491	0.00927	0.01473	0.01745	0.06546	0.06218	0.73000	0.01636	0.00764	0.00218	0.00327	0.01364	0.00600	0.00545
36	0.01704	0.73557	0.07300	0.01146	0.01722	0.02498	0.01177	0.01941	0.01316	0.01549	0.00913	0.01055	0.00829	0.00556	0.00426	0.00142	0.00706	0.00353	0.00276	0.00836
37	0.00787	0.00562	0.00750	0.00900	0.00937	0.00525	0.00600	0.00900	0.01237	0.01649	0.03561	0.76871	0.04274	0.02024	0.00825	0.00262	0.00375	0.01837	0.00600	0.00525
38	0.01525	0.01743	0.03813	0.02723	0.03377	0.01634	0.70915	0.02070	0.01525	0.02070	0.01307	0.01743	0.00980	0.00545	0.00763	0.00218	0.01089	0.00763	0.00327	0.00871
39	0.01662	0.66358	0.14133	0.01218	0.01832	0.02396	0.01301	0.01952	0.01321	0.01600	0.00938	0.01086	0.00828	0.00562	0.00445	0.00148	0.00731	0.00366	0.00276	0.00848
40	0.01599	0.01535	0.02623	0.03966	0.73262	0.01535	0.01983	0.01983	0.01471	0.02111	0.01215	0.01599	0.01023	0.00576	0.00640	0.00192	0.00768	0.00576	0.00320	0.01023
41	0.00787	0.00562	0.00750	0.00900	0.00937	0.00525	0.00600	0.00900	0.01237	0.01649	0.03561	0.76871	0.04274	0.02024	0.00825	0.00262	0.00375	0.01837	0.00600	0.00525
42	0.01499	0.01446	0.01976	0.01679	0.01721	0.01981	0.01399	0.07217	0.01156	0.01760	0.00905	0.01425	0.00869	0.01102	0.02000	0.00275	0.69971	0.00567	0.00312	0.00739
43	0.01611	0.01628	0.03362	0.02449	0.03012	0.01583	0.56385	0.02085	0.01499	0.07849	0.01431	0.01923	0.01104	0.00660	0.00887	0.00225	0.08197	0.02875	0.00370	0.00866
44	0.02392	0.02923	0.01828	0.01639	0.01988	0.66467	0.01240	0.08186	0.04153	0.01820	0.01095	0.01236	0.00890	0.00681	0.00590	0.00170	0.01108	0.00440	0.00369	0.00786
45	0.00782	0.00649	0.00685	0.00689	0.00887	0.00551	0.00512	0.00958	0.01497	0.01835	0.13854	0.10755	0.60867	0.01626	0.00768	0.00219	0.00328	0.01373	0.00613	0.00551
46	0.25139	0.00843	0.00795	0.00730	0.00989	0.00887	0.00575	0.01786	0.01329	0.09703	0.01796	0.01987	0.01369	0.00712	0.00456	0.00170	0.00385	0.00533	0.49135	0.00681
47	0.01251	0.01180	0.01994	0.69896	0.10052	0.01444	0.01810	0.01678	0.01307	0.01688	0.01154	0.01713	0.00875	0.00640	0.00645	0.00213	0.00854	0.00574	0.00290	0.00743
48	0.01585	0.01520	0.02596	0.06742	0.70600	0.01531	0.01976	0.01970	0.01464	0.02093	0.01213	0.01604	0.01017	0.00578	0.00640	0.00193	0.00771	0.00576	0.00319	0.01012
49	0.01220	0.01148	0.01938	0.75739	0.04450	0.01436	0.01794	0.01651	0.01292	0.01651	0.01148	0.01723	0.00861	0.00646	0.00646	0.00215	0.00861	0.00574	0.00287	0.00718
50	0.02142	0.01575	0.01704	0.01387	0.01840	0.01750	0.01119	0.37302	0.31526	0.09436	0.02083	0.01962	0.01503	0.00819	0.00651	0.00205	0.00615	0.00649	0.00664	0.01067
51	0.00786	0.00565	0.00747	0.00892	0.00935	0.00525	0.00596	0.00901	0.01245	0.01652	0.03656	0.74635	0.06448	0.02012	0.00823	0.00261	0.00373	0.01822	0.00600	0.00525
52	0.00914	0.00660	0.00864	0.00813	0.00965	0.00610	0.00610	0.01219	0.01829	0.02591	0.72921	0.04827	0.06097	0.01321	0.00762	0.00203	0.00305	0.01169	0.00711	0.00610
53	0.02747	0.01343	0.01650	0.01265	0.01771	0.01311	0.01045	0.26476	0.02257	0.49806	0.02207	0.01977	0.01428	0.00791	0.00649	0.00198	0.00605	0.00626	0.00747	0.01099
54	0.00769	0.00655	0.00663	0.00661	0.00876	0.00548	0.00496	0.00939	0.01487	0.01778	0.09113	0.06164	0.70412	0.01624	0.00764	0.00218	0.00326	0.01356	0.00604	0.00548
55	0.81856	0.01250	0.00950	0.00850	0.01250	0.01449	0.00700	0.01899	0.01100	0.02899	0.00900	0.01050	0.00700	0.00600	0.00400	0.00200	0.00500	0.00350	0.00400	0.00700
56	0.01712	0.01364	0.01464	0.01301	0.01678	0.01554	0.01017	0.03410	0.66376	0.08484	0.02623	0.02393	0.01942	0.00870	0.00657	0.00218	0.00514	0.00724	0.00669	0.01029
57	0.01414	0.01414	0.01979	0.01696	0.01696	0.01979	0.01414	0.01555	0.00990	0.01555	0.00848	0.01414	0.00848	0.01131	0.02120	0.00283	0.76110	0.00565	0.00283	0.00707
58	0.01749	0.75326	0.03337	0.01123	0.01669	0.04834	0.01110	0.01955	0.01329	0.01522	0.00901	0.01041	0.00829	0.00556	0.00420	0.00139	0.00706	0.00348	0.00278	0.00827
59	0.00795	0.00570	0.00766	0.00908	0.00950	0.00541	0.00612	0.00914	0.01226	0.01641	0.03457	0.72625	0.04122	0.02185	0.05046	0.00307	0.00452	0.01771	0.00585	0.00528
60	0.04011	0.73163	0.03268	0.01116	0.01658	0.04808	0.01099	0.01954	0.01323	0.01561	0.00902	0.01041	0.00826	0.00558	0.00419	0.00141	0.00701	0.00348	0.00282	0.00823
61	0.01635	0.01405	0.01504	0.01383	0.03390	0.01618	0.01052	0.05609	0.68162	0.02734	0.02561	0.02363	0.01921	0.00866	0.00657	0.00218	0.00524	0.00722	0.00649	0.01025
62	0.00813	0.00637	0.00736	0.00752	0.00913	0.00560	0.00549	0.01008	0.01528	0.01974	0.25468	0.20555	0.38955	0.01624	0.00776	0.00223	0.00331	0.01405	0.00633	0.00560
63	0.01607	0.01731	0.08115	0.05323	0.32568	0.01613	0.22893	0.07707	0.05820	0.02260	0.01340	0.01669	0.01048	0.00620	0.00715	0.00206	0.02807	0.00635	0.00363	0.00960
64	0.75301	0.01241	0.00981	0.00858	0.01272	0.01402	0.00705	0.01877	0.01119	0.02834	0.00920	0.01073	0.00721	0.00590	0.00406	0.00191	0.00498	0.00353	0.00398	0.07257
65	0.01340	0.01148	0.01340	0.00957	0.01531	0.00861	0.00766	0.01627	0.01340	0.02105	0.01148	0.01340	0.00957	0.00479	0.00479	0.00096	0.00479	0.00383	0.00383	0.81242
66	0.00940	0.00626	0.00705	0.00705	0.00705	0.00626	0.00392	0.00940	0.00940	0.01253	0.02036	0.04228	0.02349	0.77292	0.03289	0.00626	0.00626	0.00940	0.00392	0.00392
67	0.01223	0.01001	0.01170	0.03545	0.03275	0.01076	0.00850	0.06616	0.23636	0.02227	0.09244	0.09124	0.18563	0.03891	0.11262	0.00346	0.00649	0.00978	0.00571	0.00755
68	0.00924	0.00687	0.01013	0.01013	0.01119	0.00794	0.00776	0.01137	0.01031	0.01481	0.01754	0.02668	0.01672	0.10423	0.69232	0.01007	0.01646	0.00711	0.00350	0.00563
69	0.01648	0.64072	0.16302	0.01240	0.01867	0.02363	0.01340	0.01955	0.01322	0.01616	0.00946	0.01096	0.00827	0.00564	0.00451	0.00150	0.00739	0.00370	0.00276	0.00852
70	0.02899	0.01100	0.01499	0.01150	0.01649	0.00950	0.00950	0.03149	0.01849	0.73709	0.02549	0.02199	0.01599	0.00800	0.00650	0.00200	0.00550	0.00650	0.00800	0.01100
71	0.01278	0.01169	0.01950	0.12720	0.37852	0.01192	0.03678	0.01584	0.01371	0.01895	0.01981	0.26396	0.02070	0.01061	0.00705	0.00219	0.00661	0.00997	0.00408	0.00813
72	0.01480	0.01137	0.01405	0.01190	0.05495	0.00967	0.00877	0.04019	0.03389	0.08629	0.01596	0.10011	0.01423	0.00732	0.00612	0.00143	0.03226	0.00605	0.00454	0.52609
73	0.01340	0.01148	0.01340	0.00957	0.01531	0.00861	0.00766	0.01627	0.01340	0.02105	0.01148	0.01340	0.00957	0.00479	0.00479	0.00096	0.00479	0.00383	0.00383	0.81242
74	0.01790	0.10670	0.16881	0.02307	0.21958	0.07928	0.07675	0.11166	0.03955	0.05885	0.01306	0.01510	0.01006	0.00646	0.00651	0.00192	0.02592	0.00542	0.00384	0.00957
75	0.01630	0.42522	0.20779	0.01578	0.02239	0.04131	0.12776	0.04191	0.01429	0.01822	0.01053	0.01252	0.00860	0.00577	0.00532	0.00170	0.00835	0.00455	0.00297	0.00873
76	0.00769	0.00654	0.00656	0.00656	0.00867	0.00548	0.00488	0.00928	0.01456	0.01730	0.06401	0.06155	0.70740	0.04056	0.00844	0.00231	0.00337	0.01350	0.00593	0.00541
77	0.01537	0.01503	0.04145	0.22580	0.36619	0.05508	0.01710	0.05911	0.03569	0.02059	0.01308	0.01745	0.01067	0.02906	0.02384	0.00228	0.00812	0.00582	0.02938	0.00887
78	0.00940	0.00626	0.00705	0.00705	0.00705	0.00626	0.00392	0.00940	0.00940	0.01253	0.02036	0.04228	0.02349	0.77292	0.03289	0.00626	0.00626	0.00940	0.00392	0.00392
79	0.01271	0.01132	0.01810	0.02372	0.35290	0.01096	0.05333	0.01602	0.01541	0.02170	0.17353	0.03167	0.14810	0.00932	0.00679	0.00197	0.00573	0.00852	0.07011	0.00809
80	0.01510	0.01143	0.01357	0.00978	0.01544	0.00871	0.00786	0.01793	0.01395	0.09912	0.01301	0.01434	0.01027	0.00514	0.00497	0.00107	0.00486	0.00412	0.00428	0.72505
81	0.00787	0.00562	0.00750	0.00900	0.00937	0.00525	0.00600	0.00900	0.01237	0.01649	0.03561	0.76871	0.04274	0.02024	0.00825	0.00262	0.00375	0.01837	0.00600	0.00525
82	0.02414	0.03079	0.01831	0.01665	0.01998	0.74698	0.01248	0.02580	0.01831	0.01581	0.00999	0.01165	0.00832	0.00666	0.00583	0.00166	0.01165	0.00416	0.00333	0.00749
83	0.01517	0.01766	0.05671	0.02619	0.03249	0.01642	0.64348	0.02092	0.03632	0.02070	0.01326	0.01740	0.01001	0.00578	0.00804	0.00220	0.03774	0.00746	0.00334	0.00872
84	0.01690	0.29724	0.12124	0.01575	0.07908	0.06422	0.03092	0.02432	0.20494	0.04261	0.01503	0.01569	0.01184	0.00663	0.00554	0.00178	0.00714	0.00512	0.00406	0.02994
85	0.01617	0.01500	0.02456	0.09571	0.61035	0.03242	0.01882	0.01992	0.01479	0.04638	0.01324	0.01804	0.01113	0.00631	0.00647	0.00197	0.00771	0.02776	0.00344	0.00981
86	0.01402	0.05380	0.60136	0.01876	0.06666	0.01522	0.02179	0.03662	0.03727	0.03804	0.01244	0.01425	0.00897	0.00623	0.00609	0.00199	0.00894	0.00491	0.00312	0.02951
87	0.00988	0.00726	0.01030	0.03318	0.01287	0.00790	0.00883	0.01274	0.03023	0.01718	0.02489	0.10356	0.02567	0.05265	0.34705	0.00634	0.01094	0.24228	0.03036	0.00590
88	0.01767	0.06292	0.01631	0.01339	0.01702	0.15550	0.01051	0.07422	0.44180	0.02498	0.07866	0.02231	0.01964	0.00846	0.00636	0.00201	0.00643	0.00673	0.00576	0.00930
89	0.56662	0.01202	0.01125	0.00945	0.01377	0.01290	0.00780	0.02298	0.01339	0.25494	0.01426	0.01416	0.00987	0.00664	0.00480	0.00200	0.00516	0.00446	0.00527	0.00827
90	0.01442	0.02128	0.29647	0.01647	0.07097	0.05301	0.03181	0.05307	0.05870	0.03688	0.05298	0.06293	0.02972	0.00775	0.00665	0.00189	0.02831	0.00635	0.00402	0.14631
91	0.08480	0.03009	0.61022	0.01834	0.02712	0.01508	0.08522	0.02035	0.01355	0.02124	0.01150	0.01371	0.00823	0.00606	0.00608	0.00205	0.00927	0.00492	0.00289	0.00925
92	0.00785	0.00611	0.00715	0.00783	0.00910	0.00540	0.00551	0.00934	0.01383	0.01757	0.09626	0.40151	0.35347	0.01802	0.00793	0.00238	0.00349	0.01578	0.00607	0.00540
93	0.01041	0.00744	0.01041	0.01190	0.01339	0.00744	0.01041	0.01339	0.01487	0.01934	0.03421	0.07288	0.03719	0.01785	0.00892	0.00297	0.00595	0.68913	0.00595	0.00595
94	0.01564	0.20230	0.39082	0.01691	0.02427	0.08212	0.07765	0.04098	0.05494	0.01980	0.01193	0.01368	0.00910	0.00618	0.00581	0.00188	0.00892	0.00483	0.00316	0.00908
95	0.00847	0.00588	0.00732	0.00823	0.00846	0.00565	0.00518	0.00915	0.01120	0.01493	0.02960	0.48223	0.03515	0.31708	0.01796	0.00406	0.00474	0.01483	0.00518	0.00472
96	0.00924	0.00690	0.01028	0.01028	0.01140	0.00802	0.00795	0.01147	0.01035	0.01492	0.01740	0.02589	0.01637	0.07033	0.72575	0.01026	0.01697	0.00700	0.00348	0.00571
97	0.02524	0.01585	0.04077	0.01370	0.01886	0.01595	0.01156	0.41060	0.06665	0.28320	0.01952	0.01823	0.01317	0.00785	0.00647	0.00198	0.00651	0.00611	0.00689	0.01090
98	0.01931	0.01976	0.01709	0.01508	0.01807	0.26247	0.01180	0.06544	0.29185	0.04460	0.01688	0.01752	0.01320	0.00845	0.00903	0.00211	0.14789	0.00583	0.00483	0.00879
99	0.01414	0.01414	0.01979	0.01696	0.01696	0.01979	0.01414	0.01555	0.00990	0.01555	0.00848	0.01414	0.00848	0.01131	0.02120	0.00283	0.76110	0.00565	0.00283	0.00707
100	0.02768	0.01146	0.01578	0.01208	0.01703	0.01020	0.03171	0.06909	0.01906	0.65239	0.04680	0.02231	0.01694	0.00807	0.00657	0.00200	0.00568	0.00666	0.00773	0.01077
101	0.01525	0.01743	0.03813	0.02723	0.03377	0.01634	0.70915	0.02070	0.01525	0.02070	0.01307	0.01743	0.00980	0.00545	0.00763	0.00218	0.01089	0.00763	0.00327	0.00871
102	0.00787	0.00562	0.00750	0.00900	0.00937	0.00525	0.00600	0.00900	0.01237	0.01649	0.03561	0.76871	0.04274	0.02024	0.00825	0.00262	0.00375	0.01837	0.00600	0.00525
103	0.01599	0.01535	0.02623	0.03966	0.73262	0.01535	0.01983	0.01983	0.01471	0.02111	0.01215	0.01599	0.01023	0.00576	0.00640	0.00192	0.00768	0.00576	0.00320	0.01023
104	0.01668	0.01664	0.03407	0.02464	0.03060	0.01602	0.57561	0.04196	0.03246	0.08363	0.01431	0.01776	0.01055	0.00612	0.00816	0.00219	0.04849	0.00737	0.00383	0.00893
105	0.00924	0.00690	0.01026	0.01026	0.01138	0.00801	0.00793	0.01146	0.01035	0.01491	0.01742	0.02599	0.01642	0.07459	0.72155	0.01024	0.01691	0.00701	0.00348	0.00570
106	0.00802	0.00573	0.00763	0.00890	0.00940	0.00534	0.00601	0.00936	0.01304	0.01756	0.11405	0.68723	0.04480	0.01945	0.00818	0.00256	0.00367	0.01761	0.00612	0.00534
107	0.08179	0.01264	0.01472	0.01143	0.01566	0.03205	0.00928	0.01784	0.01299	0.07867	0.01173	0.01397	0.00961	0.00661	0.00843	0.00155	0.16821	0.00442	0.00395	0.48444
108	0.00766	0.00647	0.00662	0.00675	0.00878	0.00544	0.00500	0.00925	0.01454	0.01738	0.06303	0.11970	0.67404	0.01668	0.00769	0.00222	0.00331	0.01402	0.00600	0.00544
109	0.00766	0.00647	0.00662	0.00675	0.00878	0.00544	0.00500	0.00925	0.01454	0.01738	0.06303	0.11970	0.67404	0.01668	0.00769	0.00222	0.00331	0.01402	0.00600	0.00544
110	0.01447	0.01450	0.04424	0.30543	0.43171	0.01501	0.04411	0.01864	0.01404	0.01937	0.01192	0.01644	0.00956	0.00602	0.00646	0.00202	0.00819	0.00579	0.00307	0.00902
111	0.01701	0.61265	0.12450	0.01253	0.01828	0.06567	0.01291	0.01975	0.01339	0.01593	0.00937	0.01099	0.00829	0.00586	0.00504	0.00153	0.03142	0.00374	0.00279	0.00837
112	0.02277	0.01675	0.01807	0.01417	0.01880	0.01844	0.01153	0.63393	0.02832	0.03795	0.01729	0.07759	0.01393	0.03056	0.00736	0.00212	0.00681	0.00694	0.00635	0.01032
113	0.01474	0.01205	0.01389	0.01023	0.01574	0.00991	0.00819	0.05832	0.07214	0.04479	0.01336	0.01466	0.01068	0.00538	0.00508	0.00115	0.00497	0.00431	0.00433	0.67610
114	0.00951	0.00720	0.00958	0.00896	0.01031	0.00726	0.00682	0.01234	0.01711	0.02434	0.62035	0.06813	0.05436	0.01465	0.03736	0.00244	0.06534	0.01123	0.00659	0.00614
115	0.00924	0.00688	0.01019	0.01019	0.01127	0.00797	0.00783	0.01141	0.01033	0.01485	0.01749	0.02639	0.01659	0.09165	0.70473	0.01014	0.01665	0.00707	0.00349	0.00566
116	0.01340	0.01148	0.01340	0.00957	0.01531	0.00861	0.00766	0.01627	0.01340	0.02105	0.01148	0.01340	0.00957	0.00479	0.00479	0.00096	0.00479	0.00383	0.00383	0.81242
117	0.00860	0.00655	0.00790	0.00763	0.00933	0.00585	0.00570	0.01111	0.01691	0.02277	0.48438	0.07598	0.28480	0.01449	0.00765	0.00210	0.00315	0.01255	0.00670	0.00585
118	0.00791	0.00656	0.00693	0.00684	0.00890	0.00557	0.00513	0.00981	0.01538	0.01901	0.18738	0.05963	0.60710	0.01578	0.00763	0.00215	0.00323	0.01328	0.00620	0.00557
119	0.01151	0.01037	0.03788	0.03878	0.17355	0.01069	0.01156	0.01584	0.07971	0.01782	0.01779	0.06809	0.01634	0.03087	0.42135	0.00674	0.01267	0.00730	0.00382	0.00732
120	0.01727	0.77681	0.03386	0.01106	0.01658	0.02557	0.01106	0.01935	0.01313	0.01520	0.00898	0.01036	0.00829	0.00553	0.00415	0.00138	0.00691	0.00345	0.00276	0.00829
121	0.02275	0.01663	0.02013	0.01974	0.17165	0.05390	0.02951	0.37857	0.02363	0.15050	0.01756	0.01789	0.03215	0.00751	0.00648	0.00194	0.00717	0.00610	0.00577	0.01044
122	0.02285	0.02861	0.01934	0.03993	0.06015	0.64762	0.03145	0.02481	0.01766	0.01625	0.01019	0.01227	0.00848	0.00669	0.00631	0.00174	0.03029	0.00442	0.00329	0.00765
123	0.71397	0.03792	0.01123	0.06001	0.01504	0.03634	0.00804	0.01903	0.01141	0.02730	0.00920	0.01099	0.00719	0.00603	0.00423	0.00198	0.00550	0.00367	0.00386	0.00707
124	0.00946	0.00721	0.00878	0.00833	0.01012	0.00684	0.00626	0.01356	0.07981	0.02427	0.53173	0.07201	0.17009	0.01358	0.00755	0.00209	0.00329	0.01185	0.00684	0.00633
125	0.00891	0.00660	0.00832	0.00789	0.00951	0.00600	0.00592	0.01175	0.01775	0.02462	0.62793	0.05039	0.16305	0.01369	0.00762	0.00206	0.00308	0.01198	0.00694	0.00600
126	0.00787	0.00562	0.00750	0.00900	0.00937	0.00525	0.00600	0.00900	0.01237	0.01649	0.03561	0.76871	0.04274	0.02024	0.00825	0.00262	0.00375	0.01837	0.00600	0.00525
127	0.02456	0.01810	0.01939	0.01487	0.02004	0.02004	0.01228	0.71107	0.03038	0.04072	0.01551	0.01551	0.01099	0.00776	0.00646	0.00194	0.00711	0.00582	0.00646	0.01099
128	0.00822	0.00587	0.00790	0.00940	0.00992	0.00555	0.00660	0.00960	0.01271	0.01688	0.03542	0.67321	0.04197	0.01991	0.00834	0.00267	0.00405	0.11043	0.00599	0.00534
129	0.01340	0.01148	0.01340	0.00957	0.01531	0.00861	0.00766	0.01627	0.01340	0.02105	0.01148	0.01340	0.00957	0.00479	0.00479	0.00096	0.00479	0.00383	0.00383	0.81242
130	0.01340	0.01148	0.01340	0.00957	0.01531	0.00861	0.00766	0.01627	0.01340	0.02105	0.01148	0.01340	0.00957	0.00479	0.00479	0.00096	0.00479	0.00383	0.00383	0.81242
131	0.00774	0.00647	0.00674	0.00683	0.00883	0.00547	0.00506	0.00941	0.01473	0.01783	0.09889	0.11895	0.63790	0.01651	0.00769	0.00221	0.00330	0.01392	0.00606	0.00547
132	0.00764	0.00655	0.00655	0.00655	0.00873	0.00545	0.00491	0.00927	0.01473	0.01745	0.06546	0.06218	0.73000	0.01636	0.00764	0.00218	0.00327	0.01364	0.00600	0.00545
133	0.02414	0.03079	0.01831	0.01665	0.01998	0.74698	0.01248	0.02580	0.01831	0.01581	0.00999	0.01165	0.00832	0.00666	0.00583	0.00166	0.01165	0.00416	0.00333	0.00749
134	0.68716	0.01342	0.01113	0.00955	0.01374	0.01541	0.00787	0.13353	0.01420	0.03093	0.01008	0.01133	0.00766	0.00629	0.00441	0.00199	0.00535	0.00388	0.00441	0.00766
135	0.01865	0.51585	0.05139	0.01308	0.01782	0.20556	0.01202	0.02075	0.01423	0.01554	0.00928	0.01104	0.00831	0.00621	0.00576	0.00157	0.05816	0.00382	0.00291	0.00805
136	0.01414	0.01414	0.01979	0.01696	0.01696	0.01979	0.01414	0.01555	0.00990	0.01555	0.00848	0.01414	0.00848	0.01131	0.02120	0.00283	0.76110	0.00565	0.00283	0.00707
137	0.02430	0.01797	0.01924	0.01481	0.01994	0.01991	0.01222	0.68981	0.05207	0.04029	0.01585	0.01578	0.01126	0.00779	0.00647	0.00195	0.00705	0.00586	0.00647	0.01096
138	0.01542	0.01477	0.02519	0.14847	0.62830	0.01520	0.01954	0.01933	0.01444	0.02041	0.01205	0.01618	0.00999	0.00586	0.00641	0.00195	0.00782	0.00575	0.00315	0.00977
139	0.00764	0.00655	0.00655	0.00655	0.00873	0.00545	0.00491	0.00927	0.01473	0.01745	0.06546	0.06218	0.73000	0.01636	0.00764	0.00218	0.00327	0.01364	0.00600	0.00545
140	0.01739	0.01463	0.01609	0.01510	0.06272	0.01665	0.01116	0.13910	0.56830	0.02879	0.02372	0.02225	0.01776	0.00842	0.00655	0.00213	0.00559	0.00697	0.00634	0.01035
141	0.00799	0.00572	0.00760	0.00891	0.00940	0.00533	0.00601	0.00930	0.01293	0.01738	0.10107	0.70071	0.04446	0.01958	0.00819	0.00257	0.00368	0.01774	0.00610	0.00533
142	0.08425	0.21155	0.06403	0.01841	0.12181	0.27457	0.04921	0.02225	0.04242	0.01843	0.01080	0.01282	0.00900	0.00632	0.00592	0.00176	0.03029	0.00454	0.00330	0.00832
143	0.01632	0.01400	0.01475	0.01320	0.01690	0.01619	0.01029	0.05419	0.70068	0.02743	0.02598	0.02385	0.01947	0.00874	0.00657	0.00218	0.00517	0.00726	0.00657	0.01025
144	0.01566	0.01498	0.02533	0.10151	0.65427	0.01528	0.01942	0.01991	0.03271	0.02086	0.01246	0.01631	0.01034	0.00590	0.00641	0.00195	0.00769	0.00580	0.00326	0.00997
145	0.02414	0.03079	0.01831	0.01665	0.01998	0.74698	0.01248	0.02580	0.01831	0.01581	0.00999	0.01165	0.00832	0.00666	0.00583	0.00166	0.01165	0.00416	0.00333	0.00749
146	0.00857	0.00658	0.00784	0.00753	0.00930	0.00585	0.00564	0.01108	0.01693	0.02269	0.47665	0.05356	0.31554	0.01441	0.00763	0.00209	0.00313	0.01243	0.00669	0.00585
147	0.00925	0.00620	0.00709	0.00723	0.00726	0.00617	0.00411	0.00936	0.00967	0.01290	0.02178	0.10979	0.02528	0.70298	0.03060	0.00593	0.00603	0.01023	0.00411	0.00404
148	0.00776	0.00655	0.00672	0.00667	0.00880	0.00551	0.00501	0.00951	0.01502	0.01814	0.11949	0.06105	0.67553	0.01611	0.00764	0.00217	0.00325	0.01348	0.00609	0.00551
149	0.01296	0.03342	0.73944	0.01842	0.02797	0.01501	0.02387	0.02046	0.01364	0.02046	0.01160	0.01364	0.00818	0.00614	0.00614	0.00205	0.00955	0.00477	0.00273	0.00955
150	0.01337	0.00652	0.00697	0.00663	0.00848	0.00633	0.00505	0.01629	0.01423	0.09012	0.05028	0.02604	0.04083	0.00807	0.00492	0.00159	0.00325	0.00653	0.67803	0.00647
