[name]
unknown

[dist]
# distance from previous block
# <min> <max>
1	137

[block]
# block no. 0 follows, 35 sequences, length 26
# corresponding to MSA columns:
# 169-194
name=unknown_A
#
# <colnr> <probs for GDERKNQSTAVLIFYWHMCP>
#	G	D	E	R	K	N	Q	S	T	A	V	L	I	F	Y	W	H	M	C	P
0	0.08330	0.06300	0.11375	0.03130	0.01809	0.11896	0.05501	0.06988	0.04292	0.03834	0.06882	0.11898	0.04561	0.00917	0.00691	0.00197	0.04375	0.00741	0.00438	0.05846
1	0.03771	0.06898	0.09999	0.07925	0.06366	0.09355	0.03544	0.04675	0.12888	0.05083	0.06566	0.01887	0.02981	0.00723	0.00638	0.00182	0.02983	0.00579	0.00432	0.12528
2	0.01505	0.10039	0.14045	0.09718	0.06560	0.03632	0.03707	0.08020	0.06656	0.06324	0.08974	0.03639	0.05456	0.00809	0.00622	0.00190	0.00674	0.02527	0.00447	0.06455
3	0.03558	0.23633	0.14798	0.01461	0.02002	0.05479	0.10314	0.06982	0.04249	0.06322	0.01406	0.03382	0.02412	0.03201	0.00706	0.00193	0.03541	0.00550	0.00378	0.05434
4	0.10130	0.04324	0.06432	0.01295	0.01697	0.07615	0.08722	0.06818	0.06898	0.06507	0.06893	0.13123	0.04787	0.00948	0.00635	0.00197	0.00630	0.02879	0.00487	0.08983
5	0.07321	0.08230	0.10503	0.02905	0.04323	0.01235	0.05441	0.09025	0.03821	0.02170	0.06483	0.13673	0.07805	0.01061	0.00708	0.03006	0.00601	0.04897	0.00461	0.06332
6	0.01724	0.16009	0.22510	0.01520	0.04633	0.06191	0.04465	0.06163	0.05055	0.12255	0.01632	0.01710	0.04664	0.00698	0.00629	0.00183	0.03229	0.00540	0.00412	0.05778
7	0.04369	0.03840	0.07630	0.01372	0.06788	0.08482	0.01090	0.07517	0.06484	0.08306	0.03849	0.04262	0.03259	0.00857	0.02615	0.00190	0.00655	0.03287	0.00458	0.24689
8	0.03635	0.01684	0.11345	0.01445	0.01923	0.05852	0.08124	0.22378	0.05316	0.10501	0.07444	0.06188	0.01698	0.01065	0.05280	0.00247	0.00765	0.00690	0.00523	0.03898
9	0.12442	0.01568	0.12474	0.16344	0.08041	0.03836	0.06342	0.04621	0.03768	0.05597	0.05914	0.04599	0.02700	0.00725	0.00603	0.00193	0.00701	0.00615	0.00403	0.08515
10	0.01269	0.01184	0.01987	0.45272	0.25800	0.01343	0.01692	0.01643	0.01318	0.01763	0.01406	0.09875	0.01260	0.00760	0.00651	0.00209	0.00765	0.00699	0.00325	0.00778
11	0.01444	0.04012	0.04170	0.01060	0.01564	0.00973	0.03239	0.01718	0.01332	0.08940	0.01374	0.03863	0.01171	0.05376	0.00729	0.00156	0.02830	0.00498	0.00410	0.55141
12	0.01102	0.00551	0.00826	0.00826	0.00826	0.00551	0.00551	0.00826	0.00826	0.01102	0.01102	0.01928	0.01102	0.02204	0.02479	0.81543	0.00551	0.00551	0.00275	0.00275
13	0.00915	0.00645	0.00845	0.00845	0.00898	0.00698	0.00575	0.01021	0.00968	0.01343	0.01859	0.03378	0.01970	0.43687	0.36788	0.00804	0.01121	0.00809	0.00364	0.00469
14	0.00951	0.00665	0.00847	0.00926	0.01006	0.00658	0.00701	0.01102	0.01217	0.01591	0.02935	0.11024	0.06152	0.33422	0.01847	0.00421	0.00570	0.32970	0.00501	0.00494
15	0.07695	0.04783	0.02044	0.15135	0.26671	0.03796	0.01473	0.14306	0.08343	0.07545	0.01420	0.01623	0.01080	0.00658	0.00604	0.00193	0.00710	0.00555	0.00433	0.00931
16	0.44844	0.04562	0.04861	0.01318	0.04429	0.24595	0.03311	0.02091	0.01352	0.02298	0.00951	0.01123	0.00759	0.00606	0.00480	0.00184	0.00752	0.00391	0.00357	0.00736
17	0.82186	0.01227	0.00932	0.00834	0.01227	0.01423	0.00687	0.01865	0.01080	0.02846	0.00883	0.01031	0.00687	0.00589	0.00393	0.00196	0.00491	0.00344	0.00393	0.00687
18	0.01490	0.05690	0.21518	0.01792	0.11598	0.01518	0.04260	0.08474	0.20410	0.02317	0.05833	0.01984	0.03104	0.00813	0.00747	0.03167	0.03310	0.00626	0.00442	0.00906
19	0.01108	0.01071	0.04005	0.40466	0.02983	0.01184	0.05263	0.01467	0.01279	0.01711	0.07943	0.05028	0.04708	0.01562	0.14600	0.00365	0.03509	0.00722	0.00356	0.00671
20	0.01200	0.01009	0.01543	0.33082	0.07710	0.01179	0.01285	0.05831	0.03928	0.01759	0.01496	0.04964	0.01317	0.04743	0.21983	0.04256	0.01019	0.00664	0.00351	0.00682
21	0.01331	0.01151	0.01394	0.01123	0.05994	0.00887	0.00826	0.01619	0.01323	0.02068	0.01132	0.01331	0.00944	0.00476	0.00480	0.00100	0.00487	0.00388	0.00372	0.76575
22	0.01436	0.01225	0.01757	0.12752	0.21593	0.01369	0.01323	0.09004	0.12041	0.02068	0.01608	0.07575	0.01434	0.04051	0.03779	0.07551	0.07527	0.00698	0.00410	0.00799
23	0.01687	0.01358	0.05664	0.01382	0.08429	0.03479	0.01045	0.02129	0.08448	0.16041	0.01551	0.01677	0.01185	0.02575	0.00676	0.00163	0.03396	0.00505	0.00465	0.38145
24	0.06717	0.01113	0.01444	0.01246	0.04124	0.01139	0.00970	0.06880	0.03786	0.33374	0.11693	0.02278	0.01962	0.01139	0.05975	0.00259	0.10242	0.00667	0.00606	0.04384
25	0.01438	0.10886	0.01899	0.08785	0.18943	0.01290	0.03485	0.03830	0.01503	0.07722	0.12533	0.05517	0.08813	0.00867	0.00677	0.00188	0.03077	0.00743	0.00451	0.07351

[dist]
# distance from previous block
# <min> <max>
0	23

[block]
# block no. 1 follows, 35 sequences, length 12
# corresponding to MSA columns:
# 218-229
name=unknown_B
#
# <colnr> <probs for GDERKNQSTAVLIFYWHMCP>
#	G	D	E	R	K	N	Q	S	T	A	V	L	I	F	Y	W	H	M	C	P
0	0.17399	0.01224	0.01704	0.33919	0.04848	0.01408	0.03480	0.04533	0.01328	0.07753	0.01181	0.01524	0.00896	0.00670	0.00720	0.00202	0.08295	0.00514	0.00367	0.08034
1	0.06207	0.01021	0.01187	0.04020	0.03611	0.05625	0.02254	0.05406	0.01550	0.09330	0.16397	0.22655	0.10872	0.01255	0.00744	0.00213	0.03094	0.01072	0.00561	0.02924
2	0.02382	0.01213	0.01583	0.04477	0.01777	0.01193	0.01036	0.11692	0.01794	0.45565	0.01972	0.01874	0.01321	0.00777	0.00781	0.00194	0.09126	0.00587	0.00641	0.10015
3	0.03739	0.01239	0.02025	0.29084	0.26910	0.01347	0.05739	0.03892	0.03842	0.01977	0.04119	0.10276	0.01511	0.00792	0.00656	0.00208	0.00727	0.00735	0.00371	0.00811
4	0.00778	0.00577	0.00726	0.00831	0.00910	0.00525	0.00569	0.00912	0.01303	0.01707	0.09285	0.58153	0.17683	0.01863	0.00794	0.00245	0.00354	0.01665	0.00597	0.00525
5	0.01069	0.00738	0.01072	0.00950	0.01071	0.00694	0.06515	0.01055	0.01002	0.01375	0.01626	0.08220	0.01741	0.29508	0.02258	0.29840	0.00596	0.00777	0.00354	0.09540
6	0.01275	0.01330	0.09509	0.01025	0.01596	0.00895	0.00918	0.01610	0.01359	0.02101	0.07246	0.01608	0.01351	0.00555	0.00508	0.00115	0.00508	0.00452	0.00391	0.65647
7	0.06397	0.11694	0.20769	0.01572	0.02065	0.04089	0.11465	0.05445	0.01350	0.04714	0.01206	0.01572	0.00987	0.03213	0.06964	0.03978	0.10852	0.00539	0.00335	0.00793
8	0.01561	0.12905	0.39599	0.01839	0.02602	0.01586	0.18503	0.02121	0.01424	0.10073	0.01292	0.01476	0.00929	0.00599	0.00615	0.00195	0.00889	0.00537	0.00339	0.00917
9	0.01913	0.38069	0.04106	0.04091	0.01775	0.06294	0.01102	0.09284	0.06932	0.13885	0.05692	0.01621	0.01359	0.00685	0.00530	0.00167	0.00662	0.00504	0.00450	0.00880
10	0.01454	0.04967	0.01400	0.05026	0.01579	0.01052	0.00831	0.05431	0.08308	0.07226	0.04209	0.01960	0.01427	0.09337	0.00892	0.02503	0.00533	0.00542	0.00445	0.40879
11	0.42127	0.03801	0.01272	0.11253	0.01706	0.03144	0.00938	0.01699	0.02507	0.02231	0.01363	0.01654	0.05004	0.01228	0.09921	0.00307	0.08294	0.00502	0.00370	0.00678

[dist]
# distance from previous block
# <min> <max>
0	1

[block]
# block no. 2 follows, 35 sequences, length 15
# corresponding to MSA columns:
# 231-245
name=unknown_C
#
# <colnr> <probs for GDERKNQSTAVLIFYWHMCP>
#	G	D	E	R	K	N	Q	S	T	A	V	L	I	F	Y	W	H	M	C	P
0	0.01696	0.78087	0.03324	0.01085	0.01628	0.02510	0.01085	0.01900	0.01289	0.01493	0.00882	0.01018	0.00814	0.00543	0.00407	0.00136	0.00678	0.00339	0.00271	0.00814
1	0.01198	0.01128	0.01903	0.76180	0.04369	0.01409	0.01762	0.01621	0.01268	0.01621	0.01128	0.01691	0.00846	0.00634	0.00634	0.00211	0.00846	0.00564	0.00282	0.00705
2	0.00791	0.00644	0.00699	0.00686	0.00882	0.00553	0.00514	0.00990	0.01543	0.01943	0.24939	0.05728	0.54835	0.01521	0.00749	0.00210	0.00315	0.01286	0.00619	0.00553
3	0.01219	0.01113	0.04486	0.01131	0.01429	0.01090	0.04226	0.03965	0.28410	0.02398	0.24470	0.06512	0.11434	0.01257	0.03763	0.00244	0.00515	0.00950	0.00608	0.00780
4	0.02079	0.10049	0.09734	0.01739	0.05495	0.41597	0.06331	0.02349	0.01622	0.07782	0.01140	0.01311	0.00899	0.00659	0.00655	0.00178	0.04754	0.00466	0.00350	0.00813
5	0.01497	0.01711	0.03743	0.02674	0.03316	0.01604	0.71444	0.02032	0.01497	0.02032	0.01283	0.01711	0.00963	0.00535	0.00749	0.00214	0.01070	0.00749	0.00321	0.00856
6	0.00773	0.00552	0.00736	0.00883	0.00920	0.00515	0.00589	0.00883	0.01215	0.01619	0.03497	0.77291	0.04196	0.01987	0.00810	0.00258	0.00368	0.01803	0.00589	0.00515
7	0.01121	0.00804	0.01085	0.01189	0.01361	0.00818	0.01035	0.06305	0.01568	0.02048	0.03229	0.06756	0.03468	0.01682	0.00859	0.00285	0.00592	0.64588	0.00588	0.00619
8	0.00914	0.00647	0.00854	0.00854	0.00911	0.00703	0.00587	0.01027	0.00971	0.01350	0.01850	0.03328	0.01949	0.41521	0.38924	0.00816	0.01153	0.00802	0.00362	0.00475
9	0.01102	0.00783	0.01007	0.01013	0.04534	0.00755	0.00726	0.01510	0.08109	0.07095	0.42807	0.06205	0.13982	0.01414	0.04041	0.00243	0.00430	0.02927	0.00644	0.00674
10	0.01207	0.01013	0.01200	0.00928	0.01387	0.00780	0.00719	0.01455	0.01295	0.01978	0.01599	0.16450	0.01588	0.00772	0.00538	0.00127	0.00450	0.00660	0.00418	0.65434
11	0.01502	0.03504	0.05405	0.01237	0.05059	0.01120	0.00992	0.04845	0.04309	0.07510	0.01339	0.03310	0.01098	0.00623	0.00642	0.00140	0.06395	0.00480	0.00415	0.50075
12	0.09392	0.23578	0.08381	0.01467	0.05388	0.22144	0.04238	0.02116	0.03568	0.04527	0.06458	0.01504	0.01265	0.00656	0.00537	0.00169	0.00789	0.00482	0.00366	0.02974
13	0.01359	0.09732	0.04174	0.01116	0.01398	0.04843	0.00931	0.09818	0.01413	0.04859	0.04972	0.02214	0.01583	0.06096	0.38360	0.00617	0.01193	0.00625	0.00403	0.04295
14	0.01508	0.06025	0.30433	0.01637	0.05095	0.15332	0.05295	0.03839	0.04882	0.01949	0.01736	0.04573	0.07406	0.00750	0.00610	0.00186	0.00826	0.00603	0.00360	0.06954

[dist]
# distance from previous block
# <min> <max>
0	10

[block]
# block no. 3 follows, 35 sequences, length 13
# corresponding to MSA columns:
# 256-268
name=unknown_D
#
# <colnr> <probs for GDERKNQSTAVLIFYWHMCP>
#	G	D	E	R	K	N	Q	S	T	A	V	L	I	F	Y	W	H	M	C	P
0	0.01400	0.01434	0.05112	0.16438	0.19847	0.04750	0.06733	0.01762	0.01380	0.01941	0.01314	0.01622	0.03181	0.00580	0.00581	0.00161	0.00706	0.00522	0.00338	0.30199
1	0.00911	0.00930	0.08836	0.00950	0.01157	0.00674	0.00773	0.01119	0.01285	0.01776	0.10699	0.42633	0.06791	0.09017	0.00980	0.00261	0.00455	0.01330	0.00524	0.08898
2	0.01570	0.01507	0.02575	0.03894	0.73748	0.01507	0.01947	0.01947	0.01444	0.02073	0.01193	0.01570	0.01005	0.00565	0.00628	0.00188	0.00754	0.00565	0.00314	0.01005
3	0.01488	0.01397	0.01936	0.09731	0.35015	0.06044	0.01462	0.03735	0.14805	0.02189	0.10540	0.05400	0.01913	0.00791	0.00651	0.00199	0.00666	0.00710	0.00441	0.00888
4	0.00750	0.00643	0.00643	0.00643	0.00857	0.00536	0.00482	0.00910	0.01446	0.01714	0.06427	0.06105	0.73490	0.01607	0.00750	0.00214	0.00321	0.01339	0.00589	0.00536
5	0.00834	0.00605	0.00811	0.00938	0.01015	0.00582	0.00688	0.00994	0.01267	0.01673	0.03522	0.52545	0.08291	0.02117	0.06275	0.00318	0.00508	0.15913	0.00570	0.00535
6	0.00943	0.00639	0.00815	0.00859	0.00982	0.00589	0.00627	0.01126	0.01427	0.05606	0.20530	0.33325	0.14541	0.06453	0.00937	0.00260	0.00392	0.08770	0.00612	0.00567
7	0.01249	0.00858	0.01130	0.00988	0.01247	0.00836	0.00766	0.04756	0.01288	0.07828	0.06695	0.02342	0.01724	0.06229	0.34536	0.05731	0.01042	0.00636	0.00423	0.19696
8	0.02075	0.02533	0.01783	0.01600	0.01836	0.54640	0.01227	0.02225	0.01565	0.01532	0.00990	0.01333	0.00886	0.04141	0.01044	0.00210	0.18885	0.00466	0.00318	0.00710
9	0.76517	0.01266	0.01001	0.00879	0.01279	0.01462	0.00724	0.06823	0.01215	0.02928	0.00929	0.01066	0.00715	0.00601	0.00410	0.00196	0.00505	0.00360	0.00410	0.00715
10	0.00862	0.00608	0.00827	0.00957	0.01030	0.00582	0.00711	0.01022	0.01304	0.01734	0.07392	0.50617	0.04037	0.01889	0.00883	0.03094	0.00432	0.20907	0.00583	0.00531
11	0.42090	0.01539	0.01384	0.05591	0.06784	0.11536	0.00991	0.09158	0.04790	0.04802	0.01141	0.01285	0.00876	0.00628	0.00496	0.00187	0.00641	0.00432	0.00419	0.05230
12	0.01867	0.05575	0.18989	0.01463	0.02078	0.01539	0.05388	0.24657	0.06820	0.10271	0.01500	0.01558	0.01083	0.00663	0.00597	0.00178	0.00708	0.00532	0.00487	0.14046

[dist]
# distance from previous block
# <min> <max>
1	5

[block]
# block no. 4 follows, 35 sequences, length 7
# corresponding to MSA columns:
# 274-280
name=unknown_E
#
# <colnr> <probs for GDERKNQSTAVLIFYWHMCP>
#	G	D	E	R	K	N	Q	S	T	A	V	L	I	F	Y	W	H	M	C	P
0	0.01568	0.01639	0.08727	0.07518	0.46115	0.01569	0.01789	0.06927	0.08271	0.02190	0.01314	0.01616	0.01059	0.00654	0.00733	0.00200	0.06219	0.00571	0.00359	0.00963
1	0.12562	0.01309	0.01636	0.01404	0.06030	0.01333	0.06162	0.17228	0.10108	0.16612	0.10074	0.02052	0.01769	0.00762	0.00611	0.00189	0.00580	0.00633	0.00574	0.08374
2	0.82186	0.01227	0.00932	0.00834	0.01227	0.01423	0.00687	0.01865	0.01080	0.02846	0.00883	0.01031	0.00687	0.00589	0.00393	0.00196	0.00491	0.00344	0.00393	0.00687
3	0.01479	0.01399	0.01958	0.38758	0.03204	0.06700	0.08522	0.09883	0.01540	0.02029	0.01179	0.01555	0.00902	0.00606	0.00607	0.00181	0.00793	0.00533	0.00350	0.17822
4	0.08619	0.24688	0.13610	0.05859	0.01969	0.01752	0.01266	0.07824	0.13281	0.13031	0.01514	0.01546	0.01124	0.00668	0.00543	0.00182	0.00665	0.00500	0.00450	0.00909
5	0.01261	0.01191	0.10746	0.01048	0.01379	0.00941	0.00931	0.08429	0.07909	0.07520	0.30203	0.10025	0.13489	0.01182	0.00707	0.00207	0.00466	0.01011	0.00612	0.00744
6	0.00923	0.00615	0.00692	0.00692	0.00692	0.00615	0.00384	0.00923	0.00923	0.01230	0.01999	0.04151	0.02306	0.77705	0.03229	0.00615	0.00615	0.00923	0.00384	0.00384

[dist]
# distance from previous block
# <min> <max>
0	2

[block]
# block no. 5 follows, 35 sequences, length 14
# corresponding to MSA columns:
# 284-297
name=unknown_F
#
# <colnr> <probs for GDERKNQSTAVLIFYWHMCP>
#	G	D	E	R	K	N	Q	S	T	A	V	L	I	F	Y	W	H	M	C	P
0	0.01976	0.05465	0.09035	0.01705	0.05506	0.10446	0.09936	0.17699	0.01812	0.14430	0.01520	0.05261	0.01195	0.00793	0.00816	0.00203	0.10204	0.00622	0.00470	0.00905
1	0.19372	0.01518	0.08540	0.14524	0.31151	0.01455	0.05370	0.01848	0.01316	0.02141	0.01194	0.01685	0.00994	0.00648	0.00632	0.00203	0.02838	0.03394	0.00333	0.00845
2	0.01183	0.00591	0.00591	0.00591	0.00739	0.00591	0.00443	0.01478	0.01330	0.02365	0.02069	0.02365	0.01626	0.00739	0.00443	0.00148	0.00296	0.00591	0.81227	0.00591
3	0.01315	0.01128	0.01315	0.00940	0.01503	0.00846	0.00752	0.01597	0.01315	0.02067	0.01128	0.01315	0.00940	0.00470	0.00470	0.00094	0.00470	0.00376	0.00376	0.81583
4	0.00885	0.00648	0.00831	0.00785	0.00940	0.00593	0.00589	0.01173	0.01766	0.02474	0.67735	0.04855	0.11708	0.01323	0.00748	0.00201	0.00301	0.01164	0.00689	0.00593
5	0.02005	0.36241	0.02575	0.01403	0.01868	0.26316	0.04539	0.11963	0.04202	0.01931	0.01083	0.01211	0.00899	0.00621	0.00518	0.00159	0.00847	0.00428	0.00356	0.00834
6	0.01549	0.01336	0.01600	0.21251	0.02401	0.01567	0.01223	0.08826	0.47565	0.02495	0.02103	0.02114	0.01572	0.00792	0.00642	0.00212	0.00611	0.00664	0.00548	0.00931
7	0.01183	0.00591	0.00591	0.00591	0.00739	0.00591	0.00443	0.01478	0.01330	0.02365	0.02069	0.02365	0.01626	0.00739	0.00443	0.00148	0.00296	0.00591	0.81227	0.00591
8	0.01774	0.01532	0.06997	0.01386	0.01791	0.01557	0.03036	0.21597	0.27966	0.07618	0.04061	0.04433	0.03679	0.00908	0.00774	0.00214	0.06759	0.02389	0.00582	0.00947
9	0.00768	0.00594	0.00702	0.00779	0.00895	0.00527	0.00545	0.00908	0.01336	0.01698	0.07682	0.44394	0.33307	0.01799	0.00782	0.00237	0.00346	0.01581	0.00594	0.00527
10	0.01554	0.05441	0.01485	0.01219	0.01574	0.01523	0.00964	0.08797	0.52981	0.02651	0.09025	0.02616	0.05585	0.00910	0.00646	0.00207	0.00501	0.00753	0.00626	0.00941
11	0.02020	0.11502	0.01937	0.17270	0.02304	0.01447	0.04457	0.10990	0.08280	0.27261	0.01863	0.04959	0.01369	0.00763	0.00619	0.00196	0.00657	0.00635	0.00548	0.00923
12	0.01965	0.34804	0.04679	0.04431	0.01880	0.21121	0.01176	0.11543	0.01680	0.06197	0.01218	0.04406	0.01038	0.00682	0.00527	0.00164	0.00796	0.00481	0.00379	0.00832
13	0.01635	0.07251	0.02332	0.26872	0.15999	0.13400	0.10765	0.07023	0.05000	0.01958	0.01218	0.01556	0.00953	0.00625	0.00622	0.00193	0.00867	0.00555	0.00342	0.00834

[dist]
# distance from previous block
# <min> <max>
0	2

[block]
# block no. 6 follows, 35 sequences, length 9
# corresponding to MSA columns:
# 300-308
name=unknown_G
#
# <colnr> <probs for GDERKNQSTAVLIFYWHMCP>
#	G	D	E	R	K	N	Q	S	T	A	V	L	I	F	Y	W	H	M	C	P
0	0.02355	0.01183	0.01470	0.01148	0.01629	0.01098	0.00934	0.07563	0.13795	0.45653	0.02227	0.02015	0.01497	0.00745	0.00612	0.00183	0.00533	0.00604	0.00685	0.14070
1	0.01973	0.10143	0.09802	0.01687	0.10543	0.09607	0.03662	0.15835	0.01839	0.16197	0.05738	0.01964	0.03162	0.00765	0.00654	0.00190	0.02628	0.02200	0.00494	0.00919
2	0.07658	0.25066	0.08454	0.10863	0.06112	0.04241	0.01257	0.06339	0.14285	0.02094	0.03692	0.01768	0.04275	0.00706	0.00551	0.00182	0.00671	0.00543	0.00402	0.00842
3	0.02688	0.01085	0.01451	0.01122	0.01590	0.00962	0.00923	0.06440	0.01874	0.65624	0.07401	0.02307	0.01853	0.00820	0.00645	0.00196	0.00531	0.00670	0.00771	0.01046
4	0.01657	0.68360	0.03149	0.01159	0.01633	0.02438	0.01124	0.01852	0.01249	0.01497	0.00876	0.01065	0.00816	0.00615	0.00619	0.00154	0.10300	0.00367	0.00272	0.00799
5	0.01963	0.00873	0.01189	0.01064	0.01370	0.00780	0.00847	0.02176	0.01587	0.41952	0.02923	0.24657	0.02653	0.01283	0.00725	0.00229	0.00497	0.11695	0.00697	0.00839
6	0.00780	0.00639	0.00688	0.00685	0.00878	0.00547	0.00510	0.00965	0.01503	0.01872	0.19449	0.09416	0.56735	0.01565	0.00752	0.00214	0.00319	0.01325	0.00611	0.00547
7	0.00768	0.00570	0.00717	0.00835	0.00907	0.00519	0.00567	0.00889	0.01261	0.01638	0.04085	0.63002	0.18106	0.01911	0.00798	0.00249	0.00359	0.01710	0.00589	0.00519
8	0.00914	0.00650	0.00870	0.00870	0.00932	0.00712	0.00607	0.01037	0.00975	0.01362	0.01836	0.03247	0.01914	0.37943	0.42454	0.00836	0.01206	0.00790	0.00360	0.00484

[dist]
# distance from previous block
# <min> <max>
0	1

[block]
# block no. 7 follows, 35 sequences, length 9
# corresponding to MSA columns:
# 310-317,323
name=unknown_H
#
# <colnr> <probs for GDERKNQSTAVLIFYWHMCP>
#	G	D	E	R	K	N	Q	S	T	A	V	L	I	F	Y	W	H	M	C	P
0	0.01696	0.78087	0.03324	0.01085	0.01628	0.02510	0.01085	0.01900	0.01289	0.01493	0.00882	0.01018	0.00814	0.00543	0.00407	0.00136	0.00678	0.00339	0.00271	0.00814
1	0.01428	0.01361	0.01772	0.04521	0.01756	0.06030	0.03692	0.07574	0.03278	0.01781	0.01172	0.01683	0.01058	0.01821	0.18035	0.00422	0.40976	0.00587	0.00337	0.00716
2	0.00950	0.00722	0.00948	0.00915	0.00985	0.00800	0.00660	0.01094	0.01139	0.01592	0.14150	0.06051	0.05966	0.28993	0.23567	0.00596	0.09024	0.00900	0.00430	0.00519
3	0.01368	0.01023	0.01155	0.03365	0.01397	0.01067	0.00813	0.08013	0.24731	0.07977	0.18697	0.03765	0.21767	0.01132	0.00694	0.00208	0.00441	0.00952	0.00640	0.00795
4	0.01575	0.01440	0.01673	0.01352	0.01657	0.06295	0.01103	0.13007	0.01475	0.02118	0.01090	0.01410	0.00937	0.00937	0.03932	0.00220	0.29846	0.00490	0.00376	0.29067
5	0.01334	0.01085	0.01222	0.00995	0.01375	0.01020	0.00768	0.07799	0.16468	0.02310	0.11627	0.02593	0.06099	0.09061	0.00871	0.00205	0.00480	0.00682	0.00511	0.33494
6	0.52893	0.01373	0.01144	0.03869	0.01462	0.09256	0.00816	0.04732	0.01281	0.07607	0.01068	0.01246	0.00825	0.00739	0.00612	0.06461	0.00590	0.00406	0.00409	0.03211
7	0.01219	0.00941	0.01296	0.12991	0.04106	0.01049	0.00975	0.03156	0.01433	0.07485	0.20301	0.05973	0.13622	0.07693	0.01171	0.00255	0.14260	0.00908	0.00501	0.00664
8	0.04366	0.07282	0.01976	0.22514	0.07922	0.03854	0.06031	0.12552	0.01585	0.02178	0.01378	0.01655	0.03831	0.00650	0.00620	0.00176	0.02615	0.00539	0.00378	0.17899

[dist]
# distance from previous block
# <min> <max>
0	3

[block]
# block no. 8 follows, 35 sequences, length 20
# corresponding to MSA columns:
# 327-346
name=unknown_I
#
# <colnr> <probs for GDERKNQSTAVLIFYWHMCP>
#	G	D	E	R	K	N	Q	S	T	A	V	L	I	F	Y	W	H	M	C	P
0	0.01897	0.01816	0.01703	0.01402	0.03333	0.22352	0.03097	0.13289	0.01733	0.06321	0.01212	0.01371	0.00957	0.00640	0.00670	0.00155	0.06538	0.00460	0.00417	0.30637
1	0.01755	0.01332	0.01645	0.05776	0.04610	0.01406	0.01103	0.22592	0.01797	0.08862	0.01537	0.01836	0.02935	0.02578	0.02376	0.00209	0.12734	0.02121	0.00475	0.22323
2	0.01650	0.04017	0.02107	0.27788	0.15841	0.20154	0.04508	0.03850	0.03737	0.01787	0.01132	0.01502	0.00911	0.00673	0.00747	0.00199	0.07751	0.00530	0.00321	0.00795
3	0.01497	0.01711	0.03743	0.02674	0.03316	0.01604	0.71444	0.02032	0.01497	0.02032	0.01283	0.01711	0.00963	0.00535	0.00749	0.00214	0.01070	0.00749	0.00321	0.00856
4	0.00931	0.00657	0.00822	0.00783	0.00952	0.00593	0.00586	0.01189	0.01690	0.04933	0.52937	0.09148	0.19648	0.01382	0.00748	0.00206	0.00317	0.01206	0.00673	0.00598
5	0.01284	0.00831	0.01049	0.00983	0.01107	0.00899	0.00710	0.07305	0.15486	0.01693	0.01523	0.02124	0.01359	0.05240	0.07978	0.48255	0.00651	0.00613	0.00390	0.00518
6	0.00914	0.00695	0.00871	0.00959	0.01132	0.00653	0.00807	0.01153	0.01455	0.01825	0.04582	0.06737	0.31494	0.01694	0.00826	0.00261	0.00479	0.42313	0.00586	0.00565
7	0.00810	0.00597	0.00765	0.00876	0.00964	0.00553	0.00630	0.00964	0.01321	0.01728	0.08095	0.51426	0.16061	0.01850	0.00805	0.00251	0.00385	0.10792	0.00595	0.00533
8	0.00907	0.00676	0.01000	0.01000	0.01107	0.00782	0.00769	0.01120	0.01014	0.01458	0.01717	0.02590	0.01628	0.09053	0.70954	0.00996	0.01635	0.00694	0.00342	0.00556
9	0.00910	0.00650	0.00843	0.00884	0.00932	0.00681	0.00615	0.01017	0.01070	0.01452	0.02400	0.20976	0.02702	0.34822	0.16809	0.00567	0.03101	0.08643	0.00442	0.00483
10	0.00773	0.00552	0.00736	0.00883	0.00920	0.00515	0.00589	0.00883	0.01215	0.01619	0.03497	0.77291	0.04196	0.01987	0.00810	0.00258	0.00368	0.01803	0.00589	0.00515
11	0.01272	0.03281	0.74418	0.01808	0.02746	0.01473	0.02344	0.02009	0.01339	0.02009	0.01138	0.01339	0.00804	0.00603	0.00603	0.00201	0.00938	0.00469	0.00268	0.00938
12	0.01392	0.00794	0.00815	0.00740	0.00949	0.00826	0.00574	0.13458	0.01613	0.02644	0.01976	0.02221	0.01533	0.00743	0.00476	0.00155	0.00364	0.00588	0.67464	0.00675
13	0.01577	0.01119	0.01342	0.00972	0.01523	0.00860	0.00783	0.01853	0.01401	0.14383	0.01362	0.01460	0.01047	0.00524	0.00499	0.00111	0.00482	0.00421	0.00446	0.67836
14	0.00910	0.00666	0.00950	0.00950	0.01039	0.00755	0.00706	0.01088	0.00999	0.01421	0.01763	0.02846	0.01740	0.20324	0.59836	0.00933	0.01468	0.00732	0.00349	0.00528
15	0.01355	0.01343	0.01936	0.14390	0.02127	0.01852	0.01452	0.01543	0.01022	0.01543	0.00883	0.01440	0.00835	0.01029	0.01835	0.00266	0.63617	0.00557	0.00278	0.00696
16	0.01462	0.01241	0.01334	0.01207	0.01530	0.01411	0.00935	0.03000	0.60510	0.02635	0.14678	0.02772	0.02628	0.00935	0.00663	0.00212	0.00467	0.00791	0.00655	0.00935
17	0.01836	0.01866	0.03079	0.02272	0.02838	0.14102	0.48646	0.04945	0.01643	0.10291	0.01381	0.01658	0.01012	0.00593	0.00701	0.00202	0.01007	0.00671	0.00387	0.00869
18	0.01776	0.01580	0.01643	0.01394	0.01609	0.12879	0.01102	0.20138	0.03763	0.04814	0.01369	0.01941	0.01224	0.14096	0.03307	0.00308	0.25249	0.00610	0.00428	0.00769
19	0.00985	0.00786	0.01092	0.01317	0.13356	0.00744	0.00809	0.01227	0.01520	0.02076	0.32717	0.11241	0.15839	0.08782	0.00983	0.00251	0.00433	0.04648	0.00568	0.00628

[dist]
# distance from previous block
# <min> <max>
1	4

[block]
# block no. 9 follows, 35 sequences, length 34
# corresponding to MSA columns:
# 355-388
name=unknown_J
#
# <colnr> <probs for GDERKNQSTAVLIFYWHMCP>
#	G	D	E	R	K	N	Q	S	T	A	V	L	I	F	Y	W	H	M	C	P
0	0.01777	0.01876	0.01593	0.01393	0.03675	0.31020	0.03806	0.05570	0.01589	0.03771	0.01404	0.08630	0.01290	0.03305	0.03151	0.00200	0.00824	0.00589	0.00396	0.24142
1	0.05062	0.54495	0.02692	0.01068	0.01570	0.02022	0.01005	0.02051	0.01373	0.14725	0.01319	0.05189	0.01125	0.00661	0.00471	0.00154	0.00623	0.00471	0.00389	0.03535
2	0.01386	0.00817	0.01107	0.00977	0.01216	0.00758	0.03059	0.05217	0.01738	0.17698	0.37900	0.17066	0.05929	0.01267	0.00730	0.00210	0.00410	0.01119	0.00679	0.00718
3	0.00850	0.00630	0.00710	0.00704	0.00815	0.00580	0.00473	0.00977	0.01311	0.01705	0.19348	0.07416	0.28571	0.31217	0.01718	0.00369	0.00433	0.01150	0.00533	0.00490
4	0.02370	0.03023	0.01798	0.01634	0.01961	0.75158	0.01226	0.02533	0.01798	0.01553	0.00981	0.01144	0.00817	0.00654	0.00572	0.00163	0.01144	0.00409	0.00327	0.00735
5	0.01102	0.00551	0.00826	0.00826	0.00826	0.00551	0.00551	0.00826	0.00826	0.01102	0.01102	0.01928	0.01102	0.02204	0.02479	0.81543	0.00551	0.00551	0.00275	0.00275
6	0.01578	0.01363	0.01434	0.01291	0.01650	0.01578	0.01004	0.03371	0.72602	0.02654	0.02582	0.02367	0.01937	0.00861	0.00646	0.00215	0.00502	0.00717	0.00646	0.01004
7	0.02829	0.01108	0.01489	0.01142	0.01633	0.00974	0.00943	0.05834	0.01862	0.71379	0.02464	0.02134	0.01551	0.00784	0.00638	0.00196	0.00546	0.00635	0.00779	0.01080
8	0.01578	0.01363	0.01434	0.01291	0.01650	0.01578	0.01004	0.03371	0.72602	0.02654	0.02582	0.02367	0.01937	0.00861	0.00646	0.00215	0.00502	0.00717	0.00646	0.01004
9	0.00906	0.00680	0.01020	0.01020	0.01133	0.00793	0.00793	0.01133	0.01020	0.01473	0.01699	0.02492	0.01586	0.04758	0.75191	0.01020	0.01699	0.00680	0.00340	0.00566
10	0.01198	0.01128	0.01903	0.76180	0.04369	0.01409	0.01762	0.01621	0.01268	0.01621	0.01128	0.01691	0.00846	0.00634	0.00634	0.00211	0.00846	0.00564	0.00282	0.00705
11	0.03501	0.01140	0.01844	0.61894	0.07940	0.01380	0.01654	0.04052	0.01327	0.01758	0.01227	0.01886	0.00979	0.00729	0.00697	0.02848	0.00805	0.03313	0.00311	0.00716
12	0.01696	0.78087	0.03324	0.01085	0.01628	0.02510	0.01085	0.01900	0.01289	0.01493	0.00882	0.01018	0.00814	0.00543	0.00407	0.00136	0.00678	0.00339	0.00271	0.00814
13	0.02412	0.01777	0.01904	0.01460	0.01967	0.01967	0.01206	0.71633	0.02983	0.03998	0.01523	0.01523	0.01079	0.00762	0.00635	0.00190	0.00698	0.00571	0.00635	0.01079
14	0.01684	0.70419	0.03135	0.01106	0.01630	0.02417	0.01077	0.02047	0.08416	0.01609	0.01052	0.01152	0.00926	0.00575	0.00431	0.00144	0.00661	0.00377	0.00309	0.00833
15	0.00769	0.00638	0.00673	0.00676	0.00871	0.00542	0.00502	0.00943	0.01473	0.01806	0.14147	0.10266	0.61324	0.01593	0.00753	0.00215	0.00322	0.01344	0.00602	0.00542
16	0.00907	0.00654	0.00861	0.00825	0.00975	0.00608	0.00630	0.01206	0.01771	0.02496	0.68248	0.04917	0.05814	0.01331	0.00758	0.00206	0.00320	0.06186	0.00690	0.00598
17	0.02704	0.01111	0.01468	0.01147	0.01623	0.01005	0.00940	0.03123	0.09759	0.66160	0.02512	0.02183	0.01611	0.00794	0.00639	0.00198	0.00536	0.00647	0.00770	0.01071
18	0.01315	0.01128	0.01315	0.00940	0.01503	0.00846	0.00752	0.01597	0.01315	0.02067	0.01128	0.01315	0.00940	0.00470	0.00470	0.00094	0.00470	0.00376	0.00376	0.81583
19	0.00906	0.00680	0.01020	0.01020	0.01133	0.00793	0.00793	0.01133	0.01020	0.01473	0.01699	0.02492	0.01586	0.04758	0.75191	0.01020	0.01699	0.00680	0.00340	0.00566
20	0.05468	0.03175	0.70608	0.01758	0.02667	0.01471	0.02258	0.02002	0.01326	0.02052	0.01125	0.01323	0.00798	0.00602	0.00592	0.00201	0.00914	0.00462	0.00274	0.00925
21	0.01410	0.01318	0.02187	0.42224	0.33615	0.01476	0.01815	0.04918	0.01420	0.01919	0.01173	0.01632	0.00924	0.00611	0.00632	0.00201	0.00800	0.00565	0.00311	0.00849
22	0.01102	0.00551	0.00826	0.00826	0.00826	0.00551	0.00551	0.00826	0.00826	0.01102	0.01102	0.01928	0.01102	0.02204	0.02479	0.81543	0.00551	0.00551	0.00275	0.00275
23	0.01392	0.01362	0.06381	0.01726	0.02151	0.01241	0.29094	0.01907	0.07446	0.07890	0.18935	0.05402	0.05289	0.00901	0.00813	0.00214	0.05706	0.00865	0.00489	0.00793
24	0.00906	0.00680	0.01020	0.01020	0.01133	0.00793	0.00793	0.01133	0.01020	0.01473	0.01699	0.02492	0.01586	0.04758	0.75191	0.01020	0.01699	0.00680	0.00340	0.00566
25	0.00988	0.00792	0.01145	0.01099	0.01183	0.00969	0.00856	0.01180	0.01003	0.01461	0.01581	0.02452	0.01523	0.10472	0.56802	0.00861	0.14047	0.00680	0.00333	0.00572
26	0.01719	0.75518	0.03272	0.01104	0.01640	0.04997	0.01090	0.01921	0.01306	0.01495	0.00885	0.01022	0.00814	0.00547	0.00413	0.00137	0.00694	0.00342	0.00273	0.00811
27	0.01723	0.11895	0.09642	0.01197	0.01747	0.06152	0.01085	0.12193	0.03736	0.08862	0.04016	0.01533	0.01196	0.00620	0.00538	0.00147	0.00627	0.00475	0.00442	0.32174
28	0.01558	0.03523	0.02099	0.27251	0.22636	0.06773	0.05440	0.08955	0.01558	0.04536	0.01448	0.08697	0.01257	0.00754	0.00645	0.00201	0.00779	0.00677	0.00378	0.00835
29	0.00871	0.00664	0.00803	0.00771	0.00941	0.00606	0.00577	0.01167	0.03686	0.02282	0.50169	0.07338	0.25002	0.01394	0.00748	0.00206	0.00313	0.01210	0.00662	0.00590
30	0.01519	0.01448	0.02081	0.15854	0.22576	0.04180	0.08447	0.02431	0.27633	0.02181	0.01692	0.01876	0.01306	0.00684	0.00641	0.00201	0.00715	0.00628	0.00433	0.03476
31	0.01466	0.04462	0.15657	0.02476	0.03164	0.01612	0.57493	0.02024	0.01464	0.02011	0.01246	0.01626	0.00931	0.00546	0.00713	0.00209	0.01035	0.00688	0.00310	0.00868
32	0.01122	0.01062	0.01360	0.08474	0.12781	0.06866	0.04532	0.01364	0.01437	0.01800	0.08114	0.13097	0.26491	0.03913	0.00806	0.00229	0.00571	0.04844	0.00482	0.00656
33	0.01491	0.07367	0.22520	0.01594	0.04144	0.01393	0.11455	0.07525	0.03561	0.05386	0.07762	0.01758	0.01415	0.00665	0.00643	0.00177	0.02830	0.00570	0.00401	0.17343

[dist]
# distance from previous block
# <min> <max>
0	2

[block]
# block no. 10 follows, 35 sequences, length 53
# corresponding to MSA columns:
# 394-446
name=unknown_K
#
# <colnr> <probs for GDERKNQSTAVLIFYWHMCP>
#	G	D	E	R	K	N	Q	S	T	A	V	L	I	F	Y	W	H	M	C	P
0	0.01365	0.01501	0.05808	0.02027	0.02573	0.01310	0.43722	0.03605	0.01461	0.02025	0.01698	0.11689	0.03486	0.00755	0.00702	0.00199	0.00842	0.00827	0.00379	0.14027
1	0.01541	0.35211	0.06099	0.01247	0.03555	0.06067	0.01098	0.05339	0.09321	0.01880	0.04176	0.06877	0.05600	0.00850	0.00613	0.00179	0.03541	0.03528	0.00404	0.02874
2	0.01180	0.01068	0.01670	0.33590	0.12478	0.01206	0.03223	0.01465	0.01227	0.01640	0.01757	0.04248	0.06987	0.15105	0.01236	0.00285	0.06477	0.00718	0.00342	0.04099
3	0.02243	0.17161	0.02085	0.01531	0.01898	0.61475	0.01199	0.02414	0.01702	0.01541	0.00962	0.01120	0.00817	0.00633	0.00541	0.00158	0.01056	0.00396	0.00316	0.00750
4	0.00908	0.00671	0.00978	0.00978	0.01077	0.00770	0.00741	0.01106	0.01007	0.01442	0.01737	0.02704	0.01678	0.14072	0.66002	0.00968	0.01561	0.00711	0.00346	0.00543
5	0.02807	0.01143	0.01511	0.01159	0.01651	0.01026	0.00957	0.09285	0.01921	0.67845	0.02414	0.02102	0.01526	0.00783	0.00638	0.00196	0.00554	0.00632	0.00772	0.01080
6	0.02356	0.01064	0.01463	0.01233	0.03900	0.00964	0.02772	0.07012	0.01784	0.51641	0.04464	0.10555	0.03919	0.00964	0.00672	0.00206	0.00541	0.02808	0.00713	0.00968
7	0.02370	0.03023	0.01798	0.01634	0.01961	0.75158	0.01226	0.02533	0.01798	0.01553	0.00981	0.01144	0.00817	0.00654	0.00572	0.00163	0.01144	0.00409	0.00327	0.00735
8	0.01570	0.01507	0.02575	0.03894	0.73748	0.01507	0.01947	0.01947	0.01444	0.02073	0.01193	0.01570	0.01005	0.00565	0.00628	0.00188	0.00754	0.00565	0.00314	0.01005
9	0.01578	0.01363	0.01434	0.01291	0.01650	0.01578	0.01004	0.03371	0.72602	0.02654	0.02582	0.02367	0.01937	0.00861	0.00646	0.00215	0.00502	0.00717	0.00646	0.01004
10	0.01490	0.04171	0.02450	0.20145	0.55464	0.01521	0.01874	0.01871	0.01399	0.01950	0.01167	0.01578	0.00962	0.00580	0.00622	0.00192	0.00772	0.00557	0.00305	0.00930
11	0.01540	0.01497	0.02602	0.08316	0.60250	0.01513	0.08408	0.01983	0.03872	0.02060	0.01245	0.01618	0.01023	0.00577	0.00640	0.00193	0.00780	0.00588	0.00324	0.00972
12	0.00898	0.00648	0.00848	0.00798	0.00948	0.00599	0.00599	0.01197	0.01796	0.02544	0.73413	0.04739	0.05986	0.01297	0.00748	0.00200	0.00299	0.01147	0.00698	0.00599
13	0.02846	0.01080	0.01472	0.01129	0.01619	0.00932	0.00932	0.03092	0.01816	0.74187	0.02503	0.02159	0.01570	0.00785	0.00638	0.00196	0.00540	0.00638	0.00785	0.01080
14	0.01102	0.00551	0.00826	0.00826	0.00826	0.00551	0.00551	0.00826	0.00826	0.01102	0.01102	0.01928	0.01102	0.02204	0.02479	0.81543	0.00551	0.00551	0.00275	0.00275
15	0.00923	0.00615	0.00692	0.00692	0.00692	0.00615	0.00384	0.00923	0.00923	0.01230	0.01999	0.04151	0.02306	0.77705	0.03229	0.00615	0.00615	0.00923	0.00384	0.00384
16	0.00898	0.00648	0.00848	0.00798	0.00948	0.00599	0.00599	0.01197	0.01796	0.02544	0.73413	0.04739	0.05986	0.01297	0.00748	0.00200	0.00299	0.01147	0.00698	0.00599
17	0.02412	0.01777	0.01904	0.01460	0.01967	0.01967	0.01206	0.71633	0.02983	0.03998	0.01523	0.01523	0.01079	0.00762	0.00635	0.00190	0.00698	0.00571	0.00635	0.01079
18	0.02370	0.03023	0.01798	0.01634	0.01961	0.75158	0.01226	0.02533	0.01798	0.01553	0.00981	0.01144	0.00817	0.00654	0.00572	0.00163	0.01144	0.00409	0.00327	0.00735
19	0.01183	0.00591	0.00591	0.00591	0.00739	0.00591	0.00443	0.01478	0.01330	0.02365	0.02069	0.02365	0.01626	0.00739	0.00443	0.00148	0.00296	0.00591	0.81227	0.00591
20	0.39892	0.01242	0.01320	0.01138	0.01395	0.01504	0.00929	0.05863	0.01203	0.07843	0.01123	0.01492	0.00949	0.05817	0.03142	0.00269	0.23270	0.00489	0.00401	0.00719
21	0.02488	0.06016	0.01562	0.01091	0.01598	0.01017	0.00909	0.02737	0.01689	0.56113	0.02143	0.01929	0.01405	0.00711	0.00592	0.00173	0.00536	0.00570	0.00676	0.16045
22	0.01244	0.06066	0.02019	0.68612	0.06846	0.01484	0.01726	0.01651	0.01277	0.01630	0.01114	0.01644	0.00850	0.00626	0.00619	0.00206	0.00831	0.00549	0.00282	0.00723
23	0.02370	0.03023	0.01798	0.01634	0.01961	0.75158	0.01226	0.02533	0.01798	0.01553	0.00981	0.01144	0.00817	0.00654	0.00572	0.00163	0.01144	0.00409	0.00327	0.00735
24	0.31204	0.01615	0.01885	0.11382	0.02253	0.13040	0.16057	0.06051	0.01419	0.02284	0.01140	0.03902	0.00935	0.00671	0.00622	0.00202	0.03679	0.00540	0.00369	0.00751
25	0.01198	0.01128	0.01903	0.76180	0.04369	0.01409	0.01762	0.01621	0.01268	0.01621	0.01128	0.01691	0.00846	0.00634	0.00634	0.00211	0.00846	0.00564	0.00282	0.00705
26	0.00819	0.00585	0.00789	0.00936	0.00994	0.00555	0.00670	0.00964	0.01260	0.01671	0.03471	0.64238	0.04094	0.01944	0.00822	0.00264	0.00408	0.14399	0.00588	0.00528
27	0.01623	0.01793	0.09438	0.02199	0.02728	0.05855	0.42681	0.02060	0.01450	0.08823	0.01364	0.03609	0.01064	0.00690	0.00904	0.00218	0.11601	0.00693	0.00362	0.00846
28	0.00908	0.00674	0.00990	0.00990	0.01094	0.00777	0.00757	0.01114	0.01011	0.01451	0.01726	0.02640	0.01650	0.11247	0.68789	0.00984	0.01603	0.00701	0.00344	0.00550
29	0.02846	0.01080	0.01472	0.01129	0.01619	0.00932	0.00932	0.03092	0.01816	0.74187	0.02503	0.02159	0.01570	0.00785	0.00638	0.00196	0.00540	0.00638	0.00785	0.01080
30	0.01403	0.01376	0.02081	0.24601	0.19496	0.04107	0.04112	0.01768	0.03979	0.01761	0.01201	0.01807	0.01043	0.00820	0.01099	0.00229	0.24525	0.03489	0.00318	0.00785
31	0.01402	0.02905	0.59553	0.01856	0.02702	0.01468	0.09904	0.02065	0.01376	0.06614	0.01232	0.01435	0.00871	0.00623	0.00669	0.00205	0.03370	0.00514	0.00307	0.00930
32	0.00773	0.00552	0.00736	0.00883	0.00920	0.00515	0.00589	0.00883	0.01215	0.01619	0.03497	0.77291	0.04196	0.01987	0.00810	0.00258	0.00368	0.01803	0.00589	0.00515
33	0.11181	0.01549	0.02298	0.01849	0.07096	0.01578	0.21672	0.26066	0.02014	0.16070	0.01538	0.01643	0.01086	0.00667	0.00641	0.00199	0.00758	0.00609	0.00521	0.00964
34	0.01551	0.01621	0.07172	0.03760	0.69205	0.01505	0.01972	0.01951	0.01438	0.02068	0.01190	0.01555	0.00992	0.00568	0.00626	0.00189	0.00765	0.00559	0.00311	0.01001
35	0.01086	0.00939	0.01343	0.01240	0.01305	0.01209	0.00990	0.01267	0.00996	0.01479	0.01395	0.02178	0.01348	0.07588	0.43950	0.00721	0.29396	0.00647	0.00319	0.00603
36	0.00750	0.00643	0.00643	0.00643	0.00857	0.00536	0.00482	0.00910	0.01446	0.01714	0.06427	0.06105	0.73490	0.01607	0.00750	0.00214	0.00321	0.01339	0.00589	0.00536
37	0.09133	0.06131	0.12932	0.02005	0.02620	0.01568	0.37252	0.05538	0.01478	0.04492	0.01227	0.01518	0.00925	0.00584	0.00689	0.00197	0.03443	0.00599	0.00351	0.07318
38	0.00898	0.00648	0.00848	0.00798	0.00948	0.00599	0.00599	0.01197	0.01796	0.02544	0.73413	0.04739	0.05986	0.01297	0.00748	0.00200	0.00299	0.01147	0.00698	0.00599
39	0.01696	0.78087	0.03324	0.01085	0.01628	0.02510	0.01085	0.01900	0.01289	0.01493	0.00882	0.01018	0.00814	0.00543	0.00407	0.00136	0.00678	0.00339	0.00271	0.00814
40	0.00750	0.00643	0.00643	0.00643	0.00857	0.00536	0.00482	0.00910	0.01446	0.01714	0.06427	0.06105	0.73490	0.01607	0.00750	0.00214	0.00321	0.01339	0.00589	0.00536
41	0.00908	0.00672	0.00981	0.00981	0.01081	0.00772	0.00745	0.01108	0.01008	0.01444	0.01734	0.02687	0.01671	0.13334	0.66731	0.00972	0.01572	0.00708	0.00345	0.00545
42	0.82186	0.01227	0.00932	0.00834	0.01227	0.01423	0.00687	0.01865	0.01080	0.02846	0.00883	0.01031	0.00687	0.00589	0.00393	0.00196	0.00491	0.00344	0.00393	0.00687
43	0.06385	0.01245	0.06091	0.01171	0.01655	0.01053	0.01017	0.04858	0.07043	0.54343	0.04417	0.02283	0.01687	0.00815	0.00635	0.00201	0.00559	0.02817	0.00709	0.01016
44	0.01183	0.00591	0.00591	0.00591	0.00739	0.00591	0.00443	0.01478	0.01330	0.02365	0.02069	0.02365	0.01626	0.00739	0.00443	0.00148	0.00296	0.00591	0.81227	0.00591
45	0.82186	0.01227	0.00932	0.00834	0.01227	0.01423	0.00687	0.01865	0.01080	0.02846	0.00883	0.01031	0.00687	0.00589	0.00393	0.00196	0.00491	0.00344	0.00393	0.00687
46	0.01943	0.01793	0.01770	0.01509	0.04445	0.15657	0.04091	0.23844	0.21569	0.02723	0.01631	0.01662	0.01237	0.00709	0.00606	0.00179	0.00713	0.00559	0.00516	0.12846
47	0.01050	0.00869	0.01275	0.03920	0.13899	0.00950	0.00951	0.01217	0.01138	0.01586	0.02112	0.25837	0.02331	0.17191	0.13594	0.00443	0.09575	0.01040	0.00413	0.00610
48	0.01511	0.01394	0.02282	0.18871	0.45786	0.01520	0.01776	0.01921	0.04086	0.04226	0.01233	0.01625	0.01005	0.00660	0.00794	0.00205	0.09295	0.00572	0.00331	0.00908
49	0.01183	0.00591	0.00591	0.00591	0.00739	0.00591	0.00443	0.01478	0.01330	0.02365	0.02069	0.02365	0.01626	0.00739	0.00443	0.00148	0.00296	0.00591	0.81227	0.00591
50	0.01641	0.01310	0.01478	0.01103	0.01626	0.01189	0.00889	0.23850	0.01842	0.02663	0.01354	0.04602	0.01122	0.00627	0.00537	0.00132	0.00538	0.00498	0.00467	0.52534
51	0.01198	0.01128	0.01903	0.76180	0.04369	0.01409	0.01762	0.01621	0.01268	0.01621	0.01128	0.01691	0.00846	0.00634	0.00634	0.00211	0.00846	0.00564	0.00282	0.00705
52	0.02194	0.06548	0.01835	0.01358	0.01813	0.04909	0.01113	0.47258	0.11308	0.07687	0.03628	0.01796	0.01363	0.03404	0.00711	0.00204	0.00668	0.00599	0.00602	0.01001

[dist]
# distance from previous block
# <min> <max>
0	4

[block]
# block no. 11 follows, 35 sequences, length 58
# corresponding to MSA columns:
# 451-508
name=unknown_L
#
# <colnr> <probs for GDERKNQSTAVLIFYWHMCP>
#	G	D	E	R	K	N	Q	S	T	A	V	L	I	F	Y	W	H	M	C	P
0	0.05467	0.17866	0.02229	0.01443	0.04524	0.01571	0.09447	0.14640	0.01802	0.28401	0.01653	0.01638	0.01160	0.00667	0.00582	0.00179	0.00663	0.00547	0.00539	0.04981
1	0.01590	0.17975	0.14386	0.01862	0.08995	0.05305	0.16603	0.05246	0.01466	0.04044	0.01216	0.03307	0.00998	0.00628	0.00649	0.00178	0.04064	0.00544	0.00341	0.10602
2	0.01818	0.01556	0.02101	0.02779	0.42867	0.10248	0.01548	0.02266	0.07934	0.13011	0.01638	0.04073	0.01342	0.00721	0.00639	0.00195	0.00728	0.03149	0.00435	0.00954
3	0.01183	0.00591	0.00591	0.00591	0.00739	0.00591	0.00443	0.01478	0.01330	0.02365	0.02069	0.02365	0.01626	0.00739	0.00443	0.00148	0.00296	0.00591	0.81227	0.00591
4	0.00905	0.00607	0.00697	0.00715	0.00719	0.00603	0.00409	0.00918	0.00958	0.01277	0.02179	0.12969	0.02534	0.68577	0.02937	0.00572	0.00585	0.01029	0.00409	0.00400
5	0.01590	0.27741	0.36524	0.01577	0.02307	0.01836	0.07136	0.07035	0.01477	0.05573	0.01160	0.01316	0.00877	0.00598	0.00553	0.00179	0.00825	0.00463	0.00325	0.00908
6	0.00915	0.00677	0.00885	0.01000	0.01139	0.00646	0.00822	0.01144	0.01409	0.01804	0.04046	0.20582	0.18781	0.01767	0.00836	0.00269	0.00486	0.41646	0.00586	0.00560
7	0.00773	0.00552	0.00736	0.00883	0.00920	0.00515	0.00589	0.00883	0.01215	0.01619	0.03497	0.77291	0.04196	0.01987	0.00810	0.00258	0.00368	0.01803	0.00589	0.00515
8	0.05524	0.68336	0.06042	0.01125	0.01668	0.05379	0.01124	0.01928	0.01302	0.01580	0.00896	0.01036	0.00808	0.00552	0.00421	0.00142	0.00699	0.00348	0.00279	0.00810
9	0.01592	0.01813	0.10167	0.25171	0.20105	0.12849	0.08186	0.02028	0.03233	0.05043	0.01226	0.01571	0.00945	0.00633	0.00668	0.00199	0.02842	0.00554	0.00330	0.00845
10	0.01537	0.47479	0.26782	0.01428	0.03900	0.02112	0.01540	0.01919	0.01294	0.01681	0.00973	0.01157	0.00817	0.00591	0.00561	0.00166	0.04540	0.00399	0.00272	0.00854
11	0.00906	0.00680	0.01020	0.01020	0.01133	0.00793	0.00793	0.01133	0.01020	0.01473	0.01699	0.02492	0.01586	0.04758	0.75191	0.01020	0.01699	0.00680	0.00340	0.00566
12	0.01570	0.01507	0.02575	0.03894	0.73748	0.01507	0.01947	0.01947	0.01444	0.02073	0.01193	0.01570	0.01005	0.00565	0.00628	0.00188	0.00754	0.00565	0.00314	0.01005
13	0.00923	0.00615	0.00692	0.00692	0.00692	0.00615	0.00384	0.00923	0.00923	0.01230	0.01999	0.04151	0.02306	0.77705	0.03229	0.00615	0.00615	0.00923	0.00384	0.00384
14	0.00906	0.00680	0.01020	0.01020	0.01133	0.00793	0.00793	0.01133	0.01020	0.01473	0.01699	0.02492	0.01586	0.04758	0.75191	0.01020	0.01699	0.00680	0.00340	0.00566
