[name]
unknown

[dist]
# distance from previous block
# <min> <max>
3	120

[block]
# block no. 0 follows, 32 sequences, length 29
# corresponding to MSA columns:
# 160-188
name=unknown_A
#
# <colnr> <probs for GDERKNQSTAVLIFYWHMCP>
#	G	D	E	R	K	N	Q	S	T	A	V	L	I	F	Y	W	H	M	C	P
0	0.07232	0.23314	0.02145	0.01316	0.01738	0.19505	0.01101	0.17288	0.01894	0.02344	0.04621	0.01920	0.04315	0.02894	0.04120	0.00235	0.00843	0.01888	0.00443	0.00843
1	0.08397	0.36631	0.21596	0.01288	0.01885	0.03574	0.01381	0.01915	0.01411	0.01952	0.07915	0.01814	0.03276	0.03663	0.00649	0.00197	0.00736	0.00530	0.00355	0.00836
2	0.01028	0.14429	0.01268	0.00873	0.01093	0.00964	0.00687	0.01212	0.01469	0.01860	0.14666	0.20226	0.26966	0.06288	0.00913	0.00250	0.00447	0.04178	0.00566	0.00617
3	0.01529	0.49292	0.16031	0.01207	0.01796	0.02072	0.01282	0.01842	0.01403	0.01723	0.02044	0.02113	0.13714	0.00789	0.00535	0.00171	0.00701	0.00576	0.00347	0.00832
4	0.01840	0.02030	0.03176	0.02376	0.02926	0.14777	0.43591	0.08821	0.04802	0.02254	0.01355	0.01692	0.01039	0.00664	0.00828	0.00218	0.05630	0.00695	0.00385	0.00901
5	0.01787	0.01792	0.03906	0.09052	0.02181	0.16350	0.05714	0.16506	0.07110	0.02347	0.01820	0.15812	0.01711	0.01047	0.00882	0.00226	0.09602	0.00836	0.00481	0.00838
6	0.00864	0.00611	0.00804	0.00940	0.00986	0.00581	0.00643	0.00986	0.01273	0.01692	0.03486	0.60067	0.04130	0.11346	0.01183	0.00323	0.00445	0.08511	0.00595	0.00535
7	0.00869	0.00621	0.00838	0.00994	0.01055	0.00590	0.00713	0.01024	0.01336	0.01771	0.03670	0.62528	0.04325	0.02053	0.00870	0.00280	0.00434	0.14849	0.00622	0.00559
8	0.01713	0.01944	0.02825	0.07120	0.02819	0.17819	0.34551	0.02193	0.05764	0.01966	0.01467	0.06587	0.01250	0.00782	0.00875	0.00224	0.08144	0.00750	0.00373	0.00835
9	0.01857	0.01830	0.03409	0.02465	0.03103	0.01805	0.50412	0.21343	0.02028	0.02738	0.01429	0.01754	0.01053	0.00633	0.00758	0.00219	0.01020	0.00739	0.00433	0.00972
10	0.00947	0.00638	0.00740	0.00768	0.00775	0.00631	0.00446	0.00968	0.01032	0.01375	0.02401	0.17335	0.02801	0.62982	0.02953	0.00582	0.00603	0.01144	0.00446	0.00432
11	0.02453	0.01649	0.01931	0.11820	0.02373	0.01800	0.01306	0.48295	0.02676	0.16253	0.01739	0.01758	0.01200	0.00791	0.00672	0.00206	0.00730	0.00616	0.00647	0.01085
12	0.01621	0.00983	0.01021	0.00887	0.01152	0.01040	0.00699	0.21073	0.01905	0.02994	0.02024	0.02248	0.01555	0.00789	0.00527	0.00169	0.00434	0.00619	0.57487	0.00772
13	0.00953	0.00680	0.00934	0.01089	0.01187	0.00661	0.00858	0.01168	0.01418	0.01864	0.03624	0.40939	0.04143	0.01975	0.00892	0.00291	0.00506	0.35616	0.00620	0.00582
14	0.50117	0.01727	0.01245	0.01115	0.01491	0.19271	0.00880	0.04891	0.01492	0.02690	0.08386	0.01550	0.01362	0.00725	0.00512	0.00199	0.00678	0.00479	0.00442	0.00747
15	0.01596	0.01364	0.01454	0.01312	0.01669	0.01563	0.01018	0.03331	0.63964	0.02795	0.09791	0.02760	0.02486	0.00957	0.00694	0.00226	0.00509	0.00805	0.00688	0.01018
16	0.01957	0.01728	0.01591	0.01414	0.01801	0.14627	0.01097	0.03375	0.51469	0.09732	0.02416	0.02247	0.01795	0.00863	0.00668	0.00216	0.00658	0.00691	0.00637	0.01019
17	0.01713	0.63561	0.16068	0.01286	0.01936	0.02457	0.01389	0.02030	0.01373	0.01677	0.00982	0.01138	0.00859	0.00586	0.00468	0.00156	0.00767	0.00384	0.00286	0.00885
18	0.01582	0.01520	0.02550	0.14762	0.55036	0.01623	0.01972	0.01963	0.01451	0.02063	0.01215	0.01662	0.01019	0.00665	0.00814	0.00212	0.07990	0.00597	0.00323	0.00982
19	0.01588	0.49479	0.21771	0.01321	0.01964	0.02156	0.01451	0.01964	0.01432	0.01838	0.08249	0.01569	0.01417	0.00672	0.00523	0.00169	0.00750	0.00483	0.00332	0.00873
20	0.01599	0.50151	0.23272	0.01341	0.02006	0.02189	0.01489	0.01979	0.01407	0.01792	0.04330	0.01505	0.03163	0.00660	0.00517	0.00169	0.00768	0.00467	0.00316	0.00880
21	0.00818	0.00584	0.00779	0.00934	0.00973	0.00545	0.00623	0.00934	0.01285	0.01713	0.03698	0.75981	0.04438	0.02102	0.00856	0.00273	0.00389	0.01908	0.00623	0.00545
22	0.00909	0.00684	0.00841	0.00801	0.00977	0.00616	0.00601	0.01187	0.01803	0.02463	0.54976	0.05388	0.23377	0.01457	0.00792	0.00215	0.00323	0.01266	0.00709	0.00616
23	0.04262	0.01586	0.05118	0.05458	0.29312	0.03886	0.07183	0.11843	0.03285	0.02475	0.07931	0.02382	0.08210	0.00831	0.00739	0.00210	0.03176	0.00731	0.00451	0.00930
24	0.09230	0.01704	0.03471	0.02503	0.03143	0.01617	0.57331	0.02229	0.01571	0.08316	0.01429	0.01783	0.01046	0.00594	0.00746	0.00223	0.01025	0.00741	0.00389	0.00909
25	0.00895	0.00622	0.00781	0.00877	0.00909	0.00600	0.00571	0.00980	0.01184	0.01575	0.03084	0.44141	0.03637	0.30443	0.01837	0.00419	0.00504	0.05903	0.00540	0.00497
26	0.01595	0.01780	0.03785	0.03010	0.13206	0.01682	0.60237	0.02137	0.01576	0.02155	0.01344	0.01789	0.01024	0.00570	0.00774	0.00222	0.01084	0.00764	0.00338	0.00927
27	0.02026	0.01771	0.01953	0.10686	0.18527	0.16273	0.01428	0.14100	0.04960	0.10899	0.01959	0.02238	0.05975	0.00826	0.00675	0.00205	0.00806	0.03255	0.00496	0.00940
28	0.00837	0.00638	0.00772	0.00847	0.00971	0.00573	0.00604	0.01005	0.01458	0.01883	0.13361	0.39991	0.28171	0.01860	0.00829	0.00250	0.00372	0.04375	0.00637	0.00567

[dist]
# distance from previous block
# <min> <max>
2	4

[block]
# block no. 1 follows, 32 sequences, length 29
# corresponding to MSA columns:
# 193-221
name=unknown_B
#
# <colnr> <probs for GDERKNQSTAVLIFYWHMCP>
#	G	D	E	R	K	N	Q	S	T	A	V	L	I	F	Y	W	H	M	C	P
0	0.01834	0.02162	0.06842	0.02139	0.02569	0.19376	0.26592	0.06996	0.01620	0.02035	0.01165	0.01538	0.00944	0.00775	0.01093	0.00228	0.20270	0.00621	0.00350	0.00852
1	0.00942	0.00648	0.00844	0.00944	0.01047	0.00600	0.00680	0.01112	0.01423	0.04565	0.10064	0.50791	0.11976	0.01913	0.00845	0.00264	0.00412	0.09703	0.00641	0.00587
2	0.02412	0.06828	0.01969	0.01640	0.02030	0.59223	0.01259	0.08971	0.01964	0.01914	0.01095	0.01251	0.00897	0.00685	0.00596	0.00170	0.01100	0.00443	0.00376	0.05174
3	0.01395	0.06268	0.20700	0.10488	0.05048	0.01451	0.05135	0.08166	0.05276	0.02100	0.01506	0.01934	0.01227	0.02053	0.23768	0.00484	0.01170	0.00614	0.00372	0.00846
4	0.02156	0.09378	0.10506	0.01444	0.01978	0.06319	0.01294	0.19001	0.22180	0.15853	0.01975	0.01893	0.01421	0.00790	0.00643	0.00204	0.00706	0.00614	0.00598	0.01049
5	0.02067	0.01450	0.01606	0.01348	0.01776	0.01589	0.01075	0.19271	0.38855	0.15095	0.06560	0.02401	0.02020	0.00899	0.00685	0.00217	0.00575	0.00734	0.00709	0.01069
6	0.03010	0.01142	0.01557	0.01194	0.01713	0.00986	0.00986	0.03270	0.01920	0.72698	0.02647	0.02284	0.01661	0.00830	0.00675	0.00208	0.00571	0.00675	0.00830	0.01142
7	0.01935	0.01352	0.03437	0.16728	0.09871	0.01403	0.01341	0.10657	0.12400	0.20319	0.02209	0.06559	0.04244	0.00899	0.00744	0.00220	0.03395	0.00749	0.00573	0.00964
8	0.00976	0.00651	0.00732	0.00732	0.00732	0.00651	0.00407	0.00976	0.00976	0.01301	0.02114	0.04391	0.02439	0.76419	0.03415	0.00651	0.00651	0.00976	0.00407	0.00407
9	0.00964	0.00659	0.00794	0.00803	0.00826	0.00677	0.00493	0.01012	0.01010	0.01368	0.02146	0.07999	0.02416	0.59977	0.15476	0.00704	0.00835	0.00982	0.00410	0.00448
10	0.00818	0.00584	0.00779	0.00934	0.00973	0.00545	0.00623	0.00934	0.01285	0.01713	0.03698	0.75981	0.04438	0.02102	0.00856	0.00273	0.00389	0.01908	0.00623	0.00545
11	0.01638	0.51249	0.27721	0.01415	0.02134	0.02273	0.01612	0.02050	0.01382	0.01769	0.01027	0.01195	0.00857	0.00596	0.00503	0.00168	0.00813	0.00407	0.00286	0.00907
12	0.01081	0.00772	0.01081	0.01236	0.01390	0.00772	0.01081	0.01390	0.01545	0.02008	0.03553	0.07569	0.03862	0.01854	0.00927	0.00309	0.00618	0.67717	0.00618	0.00618
13	0.02488	0.02765	0.01919	0.01664	0.02064	0.51052	0.01282	0.21534	0.04784	0.02408	0.01260	0.01370	0.00985	0.00731	0.00626	0.00183	0.01053	0.00492	0.00449	0.00890
14	0.02399	0.14291	0.02145	0.01641	0.02021	0.63017	0.01274	0.02578	0.01820	0.01633	0.01021	0.01190	0.00864	0.00674	0.00579	0.00168	0.01136	0.00421	0.00337	0.00790
15	0.01166	0.00583	0.00874	0.00874	0.00874	0.00583	0.00583	0.00874	0.00874	0.01166	0.01166	0.02040	0.01166	0.02331	0.02622	0.80478	0.00583	0.00583	0.00291	0.00291
16	0.02509	0.03130	0.01907	0.01719	0.02075	0.70040	0.01295	0.06142	0.01966	0.01775	0.01067	0.01231	0.00879	0.00697	0.00608	0.00174	0.01186	0.00441	0.00362	0.00797
17	0.00825	0.00590	0.00786	0.00929	0.00975	0.00550	0.00623	0.00954	0.01321	0.01771	0.07752	0.71761	0.04550	0.02059	0.00853	0.00269	0.00385	0.01866	0.00630	0.00550
18	0.01584	0.01810	0.03959	0.02828	0.03507	0.01697	0.69796	0.02149	0.01584	0.02149	0.01357	0.01810	0.01018	0.00566	0.00792	0.00226	0.01131	0.00792	0.00339	0.00905
19	0.06934	0.01210	0.01519	0.01211	0.01697	0.01150	0.00987	0.03259	0.15624	0.55059	0.02572	0.02263	0.01688	0.00835	0.00662	0.00212	0.00560	0.00675	0.00779	0.01104
20	0.03010	0.01142	0.01557	0.01194	0.01713	0.00986	0.00986	0.03270	0.01920	0.72698	0.02647	0.02284	0.01661	0.00830	0.00675	0.00208	0.00571	0.00675	0.00830	0.01142
21	0.00886	0.00683	0.00808	0.00777	0.00963	0.00606	0.00583	0.01143	0.01749	0.02333	0.45346	0.05601	0.33088	0.01505	0.00792	0.00217	0.00326	0.01296	0.00692	0.00606
22	0.40994	0.00960	0.00805	0.00753	0.01038	0.01063	0.00597	0.01767	0.01275	0.02755	0.01565	0.01799	0.01226	0.00703	0.00442	0.00182	0.00415	0.00495	0.40489	0.00676
23	0.02035	0.01382	0.01463	0.01179	0.01565	0.01503	0.00955	0.42832	0.02461	0.03543	0.01840	0.01964	0.01371	0.00796	0.00591	0.00183	0.00569	0.00613	0.32217	0.00936
24	0.00959	0.00716	0.01062	0.01062	0.01176	0.00830	0.00818	0.01188	0.01073	0.01545	0.01812	0.02719	0.01714	0.08416	0.70426	0.01058	0.01743	0.00731	0.00362	0.00590
25	0.00911	0.00631	0.00743	0.00793	0.00823	0.00610	0.00484	0.00962	0.01117	0.01472	0.02982	0.27468	0.08437	0.46870	0.02394	0.00497	0.00543	0.01308	0.00492	0.00463
26	0.01794	0.76823	0.03516	0.01148	0.01722	0.02655	0.01148	0.02009	0.01363	0.01579	0.00933	0.01076	0.00861	0.00574	0.00431	0.00144	0.00718	0.00359	0.00287	0.00861
27	0.00951	0.00663	0.00756	0.00754	0.00825	0.00651	0.00482	0.01035	0.01146	0.01532	0.04904	0.04547	0.16579	0.47842	0.09925	0.00571	0.00679	0.01027	0.04652	0.00477
28	0.03578	0.02243	0.34114	0.01588	0.02190	0.03557	0.05289	0.05220	0.03833	0.04823	0.01769	0.06495	0.01510	0.00893	0.00742	0.00221	0.04697	0.06315	0.10051	0.00873

[dist]
# distance from previous block
# <min> <max>
1	10

[block]
# block no. 2 follows, 32 sequences, length 11
# corresponding to MSA columns:
# 232-242
name=unknown_C
#
# <colnr> <probs for GDERKNQSTAVLIFYWHMCP>
#	G	D	E	R	K	N	Q	S	T	A	V	L	I	F	Y	W	H	M	C	P
0	0.01674	0.01575	0.02384	0.10304	0.37582	0.04287	0.06819	0.08256	0.04528	0.02318	0.01400	0.03555	0.01160	0.00664	0.00658	0.00194	0.00784	0.00622	0.00391	0.10846
1	0.00992	0.00771	0.01049	0.01078	0.01190	0.00781	0.03447	0.01316	0.07715	0.01916	0.09984	0.46977	0.03963	0.06766	0.01058	0.00289	0.03249	0.06240	0.00601	0.00618
2	0.01329	0.01121	0.01313	0.00976	0.01501	0.00857	0.00762	0.01598	0.01362	0.02106	0.01418	0.06809	0.01313	0.04639	0.00677	0.00141	0.00497	0.00535	0.00414	0.70632
3	0.02325	0.01662	0.01773	0.01384	0.01855	0.01828	0.01135	0.58109	0.02851	0.03929	0.01711	0.01766	0.01242	0.00801	0.00636	0.00194	0.00664	0.00608	0.14476	0.01052
4	0.01081	0.00772	0.01081	0.01236	0.01390	0.00772	0.01081	0.01390	0.01545	0.02008	0.03553	0.07569	0.03862	0.01854	0.00927	0.00309	0.00618	0.67717	0.00618	0.00618
5	0.03550	0.01284	0.01716	0.07073	0.18325	0.01349	0.01259	0.09391	0.16234	0.10706	0.11413	0.02752	0.04543	0.00910	0.00687	0.00213	0.00604	0.03162	0.03886	0.00942
6	0.00841	0.00615	0.00750	0.00846	0.00916	0.00568	0.00561	0.00948	0.01279	0.01659	0.04043	0.48865	0.17827	0.15471	0.01307	0.00332	0.00427	0.01639	0.00584	0.00524
7	0.01111	0.00853	0.01058	0.01137	0.06403	0.02847	0.00768	0.01424	0.04043	0.05233	0.37698	0.16807	0.15174	0.01431	0.00779	0.00222	0.00412	0.01257	0.00661	0.00680
8	0.04699	0.01681	0.04040	0.14250	0.16744	0.11782	0.09198	0.09525	0.01714	0.05024	0.01456	0.01760	0.01120	0.00683	0.00631	0.00197	0.00813	0.00593	0.13213	0.00878
9	0.06474	0.47206	0.10275	0.01356	0.01913	0.05647	0.04119	0.02123	0.01409	0.07075	0.01108	0.01267	0.00920	0.00650	0.00618	0.00175	0.06014	0.00434	0.00340	0.00877
10	0.01519	0.04605	0.09471	0.01451	0.04134	0.01306	0.07636	0.17854	0.01924	0.02663	0.15310	0.12323	0.05307	0.01033	0.00699	0.00204	0.00628	0.00902	0.02533	0.08498

[dist]
# distance from previous block
# <min> <max>
3	14

[block]
# block no. 3 follows, 32 sequences, length 17
# corresponding to MSA columns:
# 267-283
name=unknown_D
#
# <colnr> <probs for GDERKNQSTAVLIFYWHMCP>
#	G	D	E	R	K	N	Q	S	T	A	V	L	I	F	Y	W	H	M	C	P
0	0.04065	0.01646	0.05831	0.09469	0.16210	0.05895	0.07292	0.14508	0.01870	0.15142	0.01611	0.01781	0.01174	0.00699	0.00646	0.00198	0.00766	0.00601	0.06097	0.04498
1	0.01050	0.00828	0.01160	0.01017	0.01120	0.00833	0.08313	0.01141	0.01110	0.01472	0.02497	0.04180	0.10119	0.55358	0.02756	0.00535	0.04610	0.00985	0.00418	0.00498
2	0.01549	0.08249	0.04946	0.14669	0.12348	0.01682	0.20722	0.04595	0.12269	0.02188	0.03626	0.02045	0.03743	0.00737	0.00749	0.00216	0.03655	0.00698	0.00409	0.00905
3	0.01543	0.01553	0.02911	0.03348	0.42027	0.01512	0.23920	0.01964	0.01519	0.02125	0.01562	0.09912	0.01421	0.00753	0.00727	0.00216	0.00861	0.00805	0.00367	0.00954
4	0.02106	0.01451	0.01616	0.01340	0.01772	0.01569	0.01080	0.26506	0.26874	0.14820	0.06046	0.02627	0.04881	0.00950	0.00696	0.00217	0.00594	0.03109	0.00701	0.01045
5	0.01134	0.00594	0.00851	0.00851	0.00851	0.00594	0.00554	0.00891	0.00891	0.01188	0.01323	0.02430	0.01377	0.14617	0.02754	0.67240	0.00594	0.00648	0.00310	0.00310
6	0.01381	0.01256	0.02029	0.23630	0.02755	0.01432	0.12834	0.08978	0.01520	0.02051	0.01839	0.16782	0.01798	0.01228	0.03492	0.00275	0.11823	0.03710	0.00425	0.00763
7	0.00841	0.00643	0.00775	0.00844	0.00974	0.00577	0.00607	0.01016	0.01475	0.01905	0.14627	0.37064	0.29174	0.01838	0.00828	0.00249	0.00373	0.04981	0.00639	0.00569
8	0.01542	0.01593	0.07307	0.07417	0.02877	0.01424	0.40731	0.02065	0.04149	0.07045	0.01742	0.07745	0.01456	0.04603	0.00883	0.00245	0.00919	0.00837	0.04568	0.00854
9	0.02506	0.03198	0.01901	0.01729	0.02074	0.73725	0.01296	0.02679	0.01901	0.01642	0.01037	0.01210	0.00864	0.00691	0.00605	0.00173	0.01210	0.00432	0.00346	0.00778
10	0.02171	0.20251	0.02210	0.01460	0.01894	0.30852	0.01192	0.16570	0.08240	0.02308	0.03542	0.01651	0.03375	0.00758	0.00595	0.00179	0.00879	0.00533	0.00450	0.00889
11	0.81159	0.01298	0.00986	0.00882	0.01298	0.01505	0.00727	0.01972	0.01142	0.03010	0.00934	0.01090	0.00727	0.00623	0.00415	0.00208	0.00519	0.00363	0.00415	0.00727
12	0.01642	0.19028	0.15280	0.03385	0.02140	0.08716	0.06835	0.02517	0.23251	0.02165	0.04384	0.04663	0.01587	0.00792	0.00629	0.00201	0.00767	0.00648	0.00450	0.00920
13	0.01372	0.06263	0.51618	0.01646	0.02442	0.01477	0.01989	0.06946	0.01599	0.02286	0.08693	0.02171	0.07031	0.00804	0.00658	0.00209	0.00842	0.00641	0.00384	0.00927
14	0.01861	0.06756	0.03581	0.09760	0.04033	0.03553	0.07254	0.10962	0.10523	0.14926	0.07161	0.04781	0.03935	0.00847	0.00669	0.00202	0.00680	0.00725	0.00555	0.07234
15	0.01166	0.00583	0.00874	0.00874	0.00874	0.00583	0.00583	0.00874	0.00874	0.01166	0.01166	0.02040	0.01166	0.02331	0.02622	0.80478	0.00583	0.00583	0.00291	0.00291
16	0.01397	0.01213	0.01440	0.01050	0.01603	0.00980	0.00845	0.01684	0.01365	0.02144	0.01170	0.01397	0.00986	0.00547	0.00623	0.00114	0.06004	0.00412	0.00390	0.74639

[dist]
# distance from previous block
# <min> <max>
0	1

[block]
# block no. 4 follows, 32 sequences, length 8
# corresponding to MSA columns:
# 285-292
name=unknown_E
#
# <colnr> <probs for GDERKNQSTAVLIFYWHMCP>
#	G	D	E	R	K	N	Q	S	T	A	V	L	I	F	Y	W	H	M	C	P
0	0.61881	0.06473	0.01334	0.01036	0.01449	0.04891	0.00862	0.07732	0.01355	0.02890	0.00993	0.01157	0.00784	0.00665	0.00532	0.00205	0.04171	0.00397	0.00419	0.00773
1	0.01230	0.00780	0.00813	0.00782	0.00987	0.00799	0.00593	0.01798	0.13561	0.02473	0.09365	0.03299	0.12251	0.00990	0.00582	0.00184	0.00355	0.00816	0.47647	0.00694
2	0.01223	0.00894	0.01193	0.07280	0.01497	0.01042	0.00911	0.06022	0.03797	0.02012	0.01799	0.02420	0.01560	0.04875	0.35654	0.00631	0.06728	0.00677	0.19110	0.00675
3	0.01039	0.00651	0.00859	0.00939	0.01044	0.00596	0.00653	0.01189	0.01412	0.08621	0.09755	0.59331	0.07560	0.01896	0.00830	0.00259	0.00398	0.01704	0.00653	0.00611
4	0.01521	0.01573	0.05887	0.16308	0.06639	0.01541	0.25420	0.08109	0.11963	0.02304	0.02075	0.04670	0.07253	0.00809	0.00730	0.00223	0.00846	0.00797	0.00442	0.00890
5	0.01409	0.01165	0.01490	0.01298	0.01493	0.05996	0.08507	0.07403	0.01464	0.03996	0.02124	0.19203	0.02156	0.13620	0.04068	0.00331	0.10688	0.00979	0.11925	0.00685
6	0.01820	0.01457	0.06349	0.07745	0.01993	0.01381	0.01149	0.16578	0.17735	0.12030	0.06059	0.02492	0.07656	0.00879	0.00664	0.00201	0.00606	0.00719	0.02424	0.10064
7	0.27372	0.12280	0.01856	0.01283	0.01708	0.04154	0.07017	0.12581	0.06291	0.02609	0.01763	0.01911	0.07138	0.01067	0.05498	0.00262	0.03337	0.00589	0.00456	0.00829

[dist]
# distance from previous block
# <min> <max>
2	15

[block]
# block no. 5 follows, 32 sequences, length 27
# corresponding to MSA columns:
# 308-334
name=unknown_F
#
# <colnr> <probs for GDERKNQSTAVLIFYWHMCP>
#	G	D	E	R	K	N	Q	S	T	A	V	L	I	F	Y	W	H	M	C	P
0	0.04476	0.11089	0.15261	0.10283	0.05700	0.05565	0.07219	0.04957	0.17371	0.04146	0.01673	0.03874	0.01314	0.00748	0.00634	0.00206	0.00778	0.00626	0.03156	0.00922
1	0.01474	0.01344	0.02145	0.38164	0.26138	0.01484	0.01757	0.06741	0.01534	0.02082	0.01369	0.05352	0.01148	0.00716	0.00667	0.00209	0.00802	0.00649	0.00358	0.05868
2	0.00998	0.00795	0.00983	0.01017	0.03905	0.00771	0.00740	0.01398	0.07660	0.02217	0.28843	0.05083	0.27094	0.01832	0.08470	0.00316	0.00540	0.06046	0.00630	0.00660
3	0.01403	0.01335	0.05585	0.01115	0.01513	0.07042	0.00914	0.06014	0.01510	0.03614	0.05198	0.09002	0.05242	0.06964	0.10454	0.00318	0.00760	0.00736	0.00457	0.30824
4	0.00934	0.00683	0.00880	0.00855	0.01011	0.00628	0.00644	0.01225	0.01811	0.02522	0.58861	0.10069	0.11318	0.01470	0.00802	0.00221	0.00337	0.04389	0.00716	0.00621
5	0.05383	0.03426	0.03178	0.02809	0.01745	0.01065	0.04601	0.04450	0.01486	0.05084	0.03433	0.06913	0.01404	0.00682	0.00562	0.00142	0.00559	0.00574	0.00441	0.52063
6	0.02074	0.01273	0.01490	0.01132	0.01641	0.01167	0.00920	0.18245	0.01949	0.21228	0.01794	0.01812	0.01291	0.00692	0.00581	0.00159	0.00551	0.00547	0.10190	0.31266
7	0.00844	0.00616	0.00794	0.00889	0.00973	0.00567	0.00614	0.01010	0.01444	0.01938	0.18972	0.53345	0.11715	0.01901	0.00836	0.00254	0.00368	0.01705	0.00648	0.00567
8	0.15693	0.03651	0.05922	0.10590	0.07252	0.03589	0.05330	0.07356	0.03143	0.13987	0.01651	0.07390	0.01337	0.00780	0.00618	0.00201	0.00690	0.00647	0.00485	0.09690
9	0.01504	0.01189	0.01403	0.01008	0.01599	0.00901	0.00808	0.01799	0.01428	0.07070	0.01293	0.01453	0.01040	0.00520	0.00509	0.00107	0.00502	0.00417	0.00428	0.75024
10	0.42625	0.01676	0.01639	0.01848	0.18039	0.12086	0.01194	0.04391	0.01403	0.02560	0.01045	0.01286	0.00851	0.00674	0.00641	0.00207	0.06172	0.00453	0.00386	0.00827
11	0.01600	0.17774	0.34302	0.01639	0.02303	0.03814	0.05110	0.03587	0.01463	0.06025	0.01356	0.01722	0.01082	0.00745	0.00758	0.00206	0.07982	0.03215	0.04410	0.00908
12	0.06452	0.04074	0.04383	0.01268	0.01677	0.04383	0.01043	0.12757	0.32971	0.07399	0.02561	0.02517	0.07555	0.03075	0.00728	0.00224	0.00592	0.00725	0.04661	0.00956
13	0.04684	0.01067	0.01222	0.01126	0.01410	0.01153	0.00893	0.02398	0.26900	0.10574	0.09116	0.05228	0.06689	0.01261	0.03508	0.00259	0.03190	0.08111	0.10367	0.00846
14	0.01530	0.25568	0.15028	0.01320	0.01805	0.01788	0.01304	0.07257	0.08453	0.02126	0.04737	0.02492	0.09661	0.00923	0.00757	0.00204	0.07577	0.03934	0.02684	0.00853
15	0.00840	0.00646	0.00769	0.00814	0.00954	0.00575	0.00581	0.01026	0.01529	0.01990	0.21506	0.31715	0.31105	0.01768	0.00816	0.00240	0.00352	0.01548	0.00651	0.00575
16	0.01895	0.01526	0.03457	0.01355	0.01766	0.01625	0.01100	0.33893	0.22922	0.03263	0.05261	0.11335	0.05491	0.01057	0.00707	0.00220	0.00604	0.00871	0.00659	0.00992
17	0.01259	0.00761	0.00955	0.00895	0.01125	0.00679	0.00693	0.01509	0.01725	0.14310	0.31307	0.10469	0.23625	0.01463	0.00787	0.00227	0.00396	0.06416	0.00704	0.00694
18	0.01645	0.28930	0.21396	0.04187	0.07332	0.09370	0.03519	0.02135	0.05599	0.01897	0.02833	0.01715	0.01198	0.03002	0.00667	0.00201	0.00841	0.02306	0.00343	0.00886
19	0.00955	0.00713	0.01015	0.01086	0.01194	0.00685	0.03977	0.01143	0.01355	0.01783	0.03474	0.39530	0.06442	0.10672	0.01174	0.00325	0.00526	0.22796	0.00583	0.00570
20	0.01223	0.01003	0.01316	0.03676	0.06823	0.01015	0.02692	0.03301	0.15080	0.02450	0.27847	0.04412	0.11009	0.01242	0.00764	0.00226	0.00497	0.10979	0.00628	0.03818
21	0.07045	0.01707	0.01844	0.01412	0.01948	0.01822	0.01163	0.52779	0.02731	0.08921	0.01596	0.01603	0.01137	0.00759	0.00635	0.00190	0.00684	0.00570	0.00634	0.10818
22	0.01425	0.01223	0.01407	0.01039	0.01609	0.00989	0.00828	0.01919	0.09901	0.02262	0.01381	0.01527	0.01123	0.00547	0.00520	0.00115	0.00501	0.00442	0.00432	0.70810
23	0.01977	0.01583	0.06593	0.01620	0.02180	0.01412	0.16187	0.18285	0.04463	0.16034	0.08611	0.02101	0.01713	0.00757	0.00681	0.00194	0.00722	0.00684	0.00568	0.13634
24	0.01575	0.07522	0.19051	0.04578	0.02321	0.04941	0.10217	0.07152	0.13439	0.02331	0.05375	0.03922	0.01516	0.00763	0.00689	0.00199	0.02667	0.00646	0.00439	0.10655
25	0.01533	0.01198	0.03944	0.01041	0.01510	0.03067	0.00854	0.01872	0.03421	0.11962	0.12307	0.05897	0.04939	0.00828	0.00607	0.00156	0.00505	0.00691	0.02552	0.41118
26	0.66314	0.04331	0.01098	0.00910	0.01311	0.03174	0.00748	0.01948	0.03386	0.02805	0.01526	0.01625	0.07258	0.00729	0.00463	0.00207	0.00527	0.00473	0.00436	0.00729

[dist]
# distance from previous block
# <min> <max>
0	5

[block]
# block no. 6 follows, 32 sequences, length 6
# corresponding to MSA columns:
# 340-345
name=unknown_G
#
# <colnr> <probs for GDERKNQSTAVLIFYWHMCP>
#	G	D	E	R	K	N	Q	S	T	A	V	L	I	F	Y	W	H	M	C	P
0	0.01403	0.01467	0.06387	0.09012	0.27273	0.03560	0.11324	0.01806	0.01486	0.02053	0.08126	0.02519	0.01798	0.01487	0.12715	0.00358	0.00985	0.04997	0.00389	0.00854
1	0.01107	0.00604	0.00830	0.00830	0.00830	0.00604	0.00529	0.00905	0.00905	0.01207	0.01457	0.02762	0.01557	0.25086	0.02866	0.55960	0.00604	0.00703	0.00327	0.00327
2	0.01463	0.01196	0.01698	0.36129	0.02933	0.01460	0.01399	0.10515	0.01540	0.02206	0.01426	0.01878	0.01115	0.00797	0.00876	0.00217	0.12943	0.00603	0.18840	0.00767
3	0.00920	0.00668	0.00886	0.01005	0.01114	0.00635	0.00772	0.01128	0.01460	0.01923	0.10850	0.38615	0.10772	0.01904	0.00868	0.00275	0.00456	0.24535	0.00633	0.00581
4	0.01263	0.00816	0.01023	0.01024	0.03130	0.00840	0.00774	0.05428	0.03525	0.05054	0.14944	0.03590	0.05357	0.01967	0.16625	0.00394	0.00725	0.07956	0.24873	0.00692
5	0.01672	0.01296	0.01420	0.01283	0.01632	0.01450	0.00992	0.03175	0.54802	0.08903	0.06516	0.09345	0.02462	0.01037	0.00704	0.00229	0.00510	0.00881	0.00693	0.00999

[dist]
# distance from previous block
# <min> <max>
0	1

[block]
# block no. 7 follows, 32 sequences, length 21
# corresponding to MSA columns:
# 347-367
name=unknown_H
#
# <colnr> <probs for GDERKNQSTAVLIFYWHMCP>
#	G	D	E	R	K	N	Q	S	T	A	V	L	I	F	Y	W	H	M	C	P
0	0.01969	0.08935	0.03806	0.01212	0.01791	0.01424	0.01035	0.20560	0.01943	0.12389	0.01481	0.01544	0.01109	0.00639	0.00566	0.00150	0.00609	0.00491	0.00518	0.37831
1	0.02138	0.02020	0.01943	0.01973	0.13917	0.21845	0.01347	0.14981	0.20527	0.07005	0.01728	0.01783	0.01316	0.00782	0.00713	0.00204	0.03666	0.00600	0.00521	0.00990
2	0.76708	0.01419	0.04998	0.00940	0.01387	0.01508	0.00824	0.01981	0.01157	0.02961	0.00949	0.01108	0.00734	0.00624	0.00428	0.00208	0.00545	0.00371	0.00408	0.00741
3	0.04601	0.04976	0.01516	0.01194	0.01540	0.01384	0.00957	0.16953	0.14692	0.13181	0.04038	0.02655	0.11400	0.01255	0.02595	0.10564	0.04295	0.00749	0.00590	0.00866
4	0.01314	0.01160	0.01571	0.01376	0.01627	0.05596	0.09652	0.06102	0.09661	0.01952	0.01919	0.06555	0.01752	0.07533	0.38286	0.00686	0.01310	0.00789	0.00432	0.00725
5	0.00956	0.00656	0.00737	0.00734	0.00766	0.00641	0.00431	0.00992	0.01088	0.01437	0.06883	0.04634	0.09573	0.64380	0.02993	0.00581	0.00599	0.01034	0.00449	0.00436
6	0.81159	0.01298	0.00986	0.00882	0.01298	0.01505	0.00727	0.01972	0.01142	0.03010	0.00934	0.01090	0.00727	0.00623	0.00415	0.00208	0.00519	0.00363	0.00415	0.00727
7	0.01630	0.49344	0.24402	0.01369	0.02071	0.02200	0.01527	0.02022	0.01381	0.01786	0.01033	0.01201	0.00867	0.00588	0.00498	0.00161	0.00785	0.00403	0.00294	0.06437
8	0.01477	0.01166	0.01214	0.01056	0.01404	0.05676	0.00819	0.02149	0.19596	0.09491	0.16278	0.03623	0.18957	0.01096	0.00695	0.00199	0.00489	0.00913	0.00629	0.13074
9	0.00822	0.00679	0.00727	0.00756	0.00957	0.00583	0.00574	0.00999	0.01507	0.01821	0.06191	0.13453	0.58996	0.01753	0.00812	0.00239	0.00370	0.07569	0.00623	0.00569
10	0.01181	0.00656	0.00911	0.00900	0.00944	0.00666	0.00615	0.01089	0.06358	0.01335	0.01650	0.02361	0.05801	0.02180	0.02354	0.69075	0.00563	0.00650	0.00343	0.00369
11	0.01463	0.00991	0.01198	0.01077	0.01352	0.00987	0.00870	0.15960	0.02058	0.08435	0.31229	0.04720	0.11563	0.01336	0.00783	0.00229	0.00487	0.13794	0.00696	0.00771
12	0.01103	0.01155	0.08094	0.05710	0.01484	0.03883	0.00893	0.01474	0.05469	0.04549	0.15626	0.04837	0.40492	0.01358	0.00751	0.00220	0.00492	0.01135	0.00586	0.00688
13	0.00949	0.00762	0.00885	0.00845	0.01089	0.00649	0.00647	0.01173	0.01544	0.02036	0.16755	0.14128	0.33828	0.01509	0.00765	0.00217	0.00394	0.07574	0.00606	0.13647
14	0.01666	0.12652	0.06493	0.01359	0.01858	0.01703	0.03059	0.06461	0.39322	0.02539	0.02018	0.01974	0.01547	0.00760	0.00615	0.00192	0.00611	0.00616	0.00542	0.14013
15	0.14058	0.00786	0.00911	0.00850	0.01051	0.00776	0.00648	0.01382	0.01776	0.02743	0.60285	0.04371	0.05415	0.01249	0.00730	0.00210	0.00350	0.01075	0.00686	0.00648
16	0.01752	0.01724	0.15019	0.01332	0.01804	0.04300	0.01247	0.18627	0.09059	0.08695	0.11477	0.02865	0.05918	0.00967	0.00683	0.00211	0.00647	0.04865	0.07897	0.00912
17	0.01690	0.05512	0.38003	0.01797	0.04009	0.01548	0.08325	0.08893	0.01660	0.11179	0.01807	0.01927	0.05946	0.00765	0.00729	0.00213	0.03981	0.00622	0.00421	0.00973
18	0.16603	0.14602	0.15497	0.01351	0.01917	0.08504	0.01306	0.15065	0.01790	0.10897	0.01396	0.01480	0.01030	0.00692	0.00560	0.00190	0.00744	0.00491	0.04958	0.00926
19	0.49619	0.01540	0.05082	0.01135	0.01571	0.04460	0.00982	0.13134	0.04447	0.02999	0.01397	0.01898	0.01172	0.00790	0.00538	0.00216	0.00619	0.07107	0.00478	0.00814
20	0.01664	0.01589	0.04822	0.01614	0.02085	0.01645	0.12347	0.05923	0.50313	0.02697	0.02316	0.02250	0.01737	0.00816	0.00688	0.00219	0.00655	0.00728	0.00595	0.05299

[dist]
# distance from previous block
# <min> <max>
0	2

[block]
# block no. 8 follows, 32 sequences, length 14
# corresponding to MSA columns:
# 370-383
name=unknown_I
#
# <colnr> <probs for GDERKNQSTAVLIFYWHMCP>
#	G	D	E	R	K	N	Q	S	T	A	V	L	I	F	Y	W	H	M	C	P
0	0.04707	0.01928	0.20741	0.01427	0.02062	0.05288	0.01413	0.06642	0.01832	0.43977	0.02063	0.01920	0.01343	0.00764	0.00653	0.00207	0.00728	0.00600	0.00636	0.01069
1	0.00840	0.00613	0.00790	0.00890	0.00972	0.00564	0.00613	0.01000	0.01426	0.01907	0.16836	0.55279	0.11951	0.01922	0.00837	0.00256	0.00370	0.01725	0.00645	0.00564
2	0.01792	0.01414	0.01805	0.01492	0.01913	0.01528	0.09705	0.08597	0.42321	0.09951	0.09749	0.02584	0.02256	0.00899	0.00706	0.00221	0.00605	0.00789	0.00659	0.01012
3	0.01627	0.08188	0.10029	0.02708	0.11183	0.04792	0.47231	0.02147	0.01557	0.02084	0.01284	0.01671	0.00988	0.00582	0.00725	0.00213	0.01049	0.00691	0.00329	0.00922
4	0.01518	0.01681	0.03553	0.17857	0.03740	0.01654	0.55612	0.02059	0.01533	0.02059	0.01323	0.01806	0.00992	0.00588	0.00767	0.00226	0.01082	0.00751	0.00331	0.00872
5	0.00908	0.00646	0.00872	0.01020	0.01093	0.00622	0.00757	0.01080	0.01352	0.01786	0.03577	0.51034	0.04162	0.05547	0.01000	0.00302	0.00474	0.22597	0.00611	0.00561
6	0.02080	0.01512	0.01856	0.01473	0.01863	0.01670	0.04995	0.37041	0.02371	0.09694	0.10551	0.04605	0.01931	0.00960	0.00908	0.00218	0.11142	0.00740	0.03421	0.00968
7	0.01757	0.05981	0.05317	0.02158	0.02628	0.06041	0.33647	0.04031	0.01521	0.08488	0.01370	0.03216	0.01095	0.00784	0.01079	0.00233	0.18696	0.00695	0.00384	0.00878
8	0.00836	0.00592	0.00773	0.00911	0.00946	0.00557	0.00598	0.00939	0.01249	0.01666	0.03517	0.67787	0.04209	0.10608	0.01149	0.00316	0.00419	0.01801	0.00598	0.00529
9	0.01751	0.01587	0.01974	0.01662	0.04902	0.07564	0.10346	0.21751	0.01939	0.02567	0.02197	0.08316	0.10260	0.01000	0.00919	0.00215	0.11566	0.00803	0.00495	0.08185
10	0.01539	0.06006	0.15488	0.01377	0.01864	0.01471	0.01290	0.02705	0.35321	0.05306	0.08673	0.02797	0.02224	0.00935	0.00681	0.00218	0.00619	0.06233	0.00574	0.04676
11	0.01749	0.01314	0.01542	0.01289	0.01646	0.01367	0.03166	0.34035	0.02215	0.02999	0.05036	0.20965	0.02369	0.05671	0.00886	0.00243	0.00613	0.04102	0.00608	0.08185
12	0.26831	0.07306	0.05558	0.01427	0.01954	0.01726	0.09181	0.19855	0.07593	0.10211	0.01497	0.01564	0.01090	0.00705	0.00587	0.00205	0.00693	0.00547	0.00521	0.00949
13	0.02330	0.12095	0.06336	0.01442	0.01981	0.03978	0.05052	0.24302	0.05465	0.23532	0.05395	0.01937	0.01529	0.00787	0.00648	0.00198	0.00707	0.00628	0.00617	0.01039

[dist]
# distance from previous block
# <min> <max>
5	81

# created by:
# /home/cegg/simao/soft/augustus-3.2.1/scripts/msa2prfl.pl ./align_prep/EOG090W0CS7.fa
