[name]
unknown

[dist]
# distance from previous block
# <min> <max>
0	1248

[block]
# block no. 0 follows, 33 sequences, length 35
# corresponding to MSA columns:
# 1270-1304
name=unknown_A
#
# <colnr> <probs for GDERKNQSTAVLIFYWHMCP>
#	G	D	E	R	K	N	Q	S	T	A	V	L	I	F	Y	W	H	M	C	P
0	0.06034	0.14346	0.07907	0.01870	0.09186	0.10127	0.17328	0.02075	0.01536	0.08648	0.05629	0.02147	0.03867	0.03619	0.00743	0.00213	0.00819	0.02648	0.00412	0.00847
1	0.09892	0.23220	0.08053	0.03450	0.19040	0.03310	0.03356	0.06627	0.07470	0.02205	0.01319	0.03666	0.01110	0.00667	0.00563	0.00183	0.00716	0.00534	0.00380	0.04239
2	0.05944	0.01263	0.04701	0.12013	0.04271	0.03422	0.01081	0.06838	0.07828	0.14497	0.04250	0.02802	0.12863	0.05696	0.04903	0.00277	0.00683	0.00753	0.00527	0.05388
3	0.04853	0.30926	0.15114	0.01318	0.01830	0.13798	0.01284	0.05633	0.01532	0.01907	0.03852	0.06952	0.04589	0.00918	0.02705	0.00205	0.00803	0.00595	0.00371	0.00814
4	0.01341	0.01223	0.06474	0.01834	0.21449	0.01031	0.01162	0.03760	0.01573	0.06118	0.16627	0.05283	0.12584	0.06803	0.00888	0.00228	0.00566	0.00865	0.00503	0.09687
5	0.03233	0.38800	0.08676	0.04581	0.01799	0.03788	0.01162	0.10089	0.01588	0.02036	0.07410	0.04968	0.03588	0.04884	0.00699	0.00199	0.00686	0.00602	0.00398	0.00815
6	0.01678	0.20726	0.06273	0.04937	0.17316	0.03765	0.01370	0.08846	0.03017	0.04830	0.03838	0.03781	0.03062	0.00767	0.00667	0.00186	0.04136	0.02591	0.00409	0.07806
7	0.01020	0.00725	0.00987	0.01015	0.01156	0.00670	0.02753	0.03112	0.01401	0.04719	0.07108	0.55987	0.03886	0.01766	0.00801	0.00248	0.00436	0.05301	0.00603	0.06307
8	0.12610	0.01181	0.05734	0.01048	0.01481	0.00957	0.03459	0.01603	0.03201	0.02285	0.13602	0.10521	0.05486	0.00899	0.00601	0.00170	0.00497	0.00759	0.00481	0.33425
9	0.01602	0.01200	0.01561	0.02873	0.01758	0.00974	0.05368	0.03649	0.01511	0.11844	0.04294	0.01670	0.01281	0.00583	0.00550	0.00130	0.00546	0.00495	0.00462	0.57649
10	0.00938	0.00750	0.00885	0.00854	0.01086	0.00634	0.00635	0.01135	0.01426	0.01905	0.09649	0.27296	0.26699	0.01524	0.00743	0.00213	0.00395	0.05029	0.00573	0.17630
11	0.01389	0.10532	0.49111	0.01692	0.02466	0.01517	0.05667	0.01991	0.01396	0.04829	0.03979	0.01670	0.01166	0.01107	0.08422	0.00292	0.00995	0.00545	0.00328	0.00907
12	0.00947	0.00692	0.00846	0.00811	0.01000	0.00637	0.00615	0.01189	0.01608	0.04728	0.34197	0.05041	0.31219	0.01962	0.11219	0.00334	0.00535	0.01180	0.00631	0.00609
13	0.14200	0.05741	0.01554	0.01121	0.01639	0.10614	0.00906	0.09822	0.01590	0.02402	0.01144	0.01304	0.00927	0.00571	0.00505	0.00137	0.00620	0.00410	0.00411	0.44381
14	0.01502	0.01290	0.01408	0.01042	0.01595	0.04885	0.00829	0.04891	0.01482	0.04002	0.01282	0.03360	0.01080	0.00561	0.00515	0.00113	0.00535	0.00447	0.00416	0.68764
15	0.40880	0.06015	0.01532	0.01256	0.01584	0.20790	0.01014	0.02095	0.02880	0.02285	0.00974	0.01194	0.00810	0.00724	0.00761	0.00206	0.13470	0.00420	0.00368	0.00742
16	0.01433	0.22365	0.55482	0.01684	0.02552	0.01805	0.02097	0.02056	0.01376	0.01947	0.01113	0.01304	0.00837	0.00609	0.00573	0.00191	0.00904	0.00452	0.00279	0.00940
17	0.01578	0.01670	0.01996	0.01724	0.01770	0.11801	0.01417	0.01726	0.01124	0.01588	0.00885	0.01406	0.00862	0.01088	0.01948	0.00272	0.65567	0.00556	0.00295	0.00726
18	0.01519	0.01470	0.02544	0.20213	0.46988	0.01511	0.07882	0.01930	0.01454	0.02039	0.01227	0.01657	0.00997	0.00595	0.00655	0.00198	0.00816	0.00592	0.00322	0.05391
19	0.00802	0.00573	0.00764	0.00917	0.00955	0.00535	0.00611	0.00917	0.01260	0.01681	0.03628	0.76434	0.04354	0.02062	0.00840	0.00267	0.00382	0.01872	0.00611	0.00535
20	0.01507	0.02101	0.17788	0.02595	0.03322	0.01638	0.56789	0.02104	0.01521	0.02104	0.01302	0.01699	0.00966	0.00569	0.00747	0.00219	0.01083	0.00719	0.00322	0.00905
21	0.01115	0.00939	0.01342	0.01248	0.01325	0.01198	0.00996	0.01315	0.01051	0.01573	0.01495	0.02265	0.01417	0.05914	0.45634	0.00759	0.25748	0.00668	0.03371	0.00626
22	0.02081	0.01439	0.05558	0.01371	0.05072	0.01334	0.01100	0.17485	0.14306	0.21611	0.02000	0.01952	0.01425	0.00751	0.00616	0.00186	0.00589	0.00605	0.07990	0.12530
23	0.00940	0.00705	0.01058	0.01058	0.01176	0.00823	0.00823	0.01176	0.01058	0.01528	0.01763	0.02586	0.01646	0.04937	0.74255	0.01058	0.01763	0.00705	0.00353	0.00588
24	0.05035	0.00848	0.00981	0.00878	0.01097	0.03246	0.00664	0.01833	0.01368	0.20632	0.01887	0.02167	0.01446	0.01208	0.01124	0.23408	0.00488	0.00597	0.30433	0.00661
25	0.00852	0.00609	0.00821	0.00974	0.01034	0.00578	0.00698	0.01003	0.01310	0.01736	0.03601	0.63123	0.04245	0.02015	0.00854	0.00274	0.00425	0.14690	0.00610	0.00549
26	0.01144	0.00572	0.00858	0.00858	0.00858	0.00572	0.00572	0.00858	0.00858	0.01144	0.01144	0.02001	0.01144	0.02287	0.02573	0.80846	0.00572	0.00572	0.00286	0.00286
27	0.00950	0.00668	0.00870	0.00870	0.00922	0.00721	0.00588	0.01055	0.01002	0.01389	0.01936	0.03540	0.02060	0.44796	0.34963	0.00825	0.01140	0.00845	0.00378	0.00483
28	0.05420	0.01780	0.01912	0.01470	0.01992	0.01956	0.01215	0.64003	0.02950	0.08256	0.01617	0.01602	0.01135	0.00785	0.00650	0.00198	0.00707	0.00588	0.00659	0.01105
29	0.01360	0.01322	0.02338	0.51986	0.18918	0.01507	0.09571	0.01802	0.01382	0.01830	0.01203	0.01731	0.00926	0.00631	0.00670	0.00215	0.00883	0.00607	0.00304	0.00815
30	0.01338	0.01267	0.02146	0.57744	0.21328	0.01488	0.01876	0.01765	0.01361	0.01797	0.01187	0.01724	0.00918	0.00641	0.00657	0.00214	0.00854	0.00585	0.00301	0.00808
31	0.19242	0.01606	0.03519	0.01219	0.01696	0.07770	0.01011	0.21502	0.06826	0.02886	0.01441	0.01692	0.01147	0.00709	0.00561	0.00177	0.00637	0.03186	0.02421	0.20752
32	0.01734	0.01350	0.01466	0.01141	0.01634	0.05071	0.00907	0.12573	0.08320	0.09329	0.04578	0.05167	0.01523	0.00722	0.00582	0.00151	0.00560	0.00584	0.00520	0.42090
33	0.38868	0.01339	0.01647	0.04364	0.01822	0.01534	0.09909	0.02078	0.06500	0.08420	0.01329	0.03803	0.01070	0.00784	0.00825	0.00225	0.13698	0.00560	0.00433	0.00791
34	0.01505	0.04414	0.02233	0.28498	0.35727	0.01454	0.01733	0.01887	0.01471	0.05818	0.05713	0.02013	0.03316	0.00699	0.00656	0.00204	0.00760	0.00639	0.00371	0.00891

[dist]
# distance from previous block
# <min> <max>
1	8

[block]
# block no. 1 follows, 33 sequences, length 69
# corresponding to MSA columns:
# 1313-1356,1361-1385
name=unknown_B
#
# <colnr> <probs for GDERKNQSTAVLIFYWHMCP>
#	G	D	E	R	K	N	Q	S	T	A	V	L	I	F	Y	W	H	M	C	P
0	0.01736	0.01644	0.05297	0.05643	0.02797	0.01582	0.37270	0.05007	0.19334	0.09934	0.01804	0.01976	0.01315	0.00684	0.00722	0.00219	0.00872	0.00730	0.00478	0.00956
1	0.21806	0.15454	0.09618	0.04848	0.01972	0.04029	0.01232	0.25090	0.03410	0.02882	0.01228	0.01348	0.00934	0.00671	0.00543	0.00188	0.00704	0.00471	0.00453	0.03118
2	0.00940	0.00705	0.01058	0.01058	0.01176	0.00823	0.00823	0.01176	0.01058	0.01528	0.01763	0.02586	0.01646	0.04937	0.74255	0.01058	0.01763	0.00705	0.00353	0.00588
3	0.13647	0.31393	0.02364	0.01232	0.01754	0.02069	0.01095	0.26587	0.01991	0.10195	0.01329	0.01369	0.01006	0.00678	0.00530	0.00177	0.00668	0.00471	0.00490	0.00953
4	0.01591	0.01831	0.06756	0.04675	0.23316	0.04350	0.43326	0.02092	0.01537	0.02091	0.01282	0.01693	0.00995	0.00574	0.00724	0.00212	0.01007	0.00691	0.00328	0.00928
5	0.02437	0.02153	0.01792	0.01497	0.01912	0.30123	0.01182	0.24754	0.04740	0.15122	0.01732	0.01735	0.03619	0.00798	0.00690	0.00193	0.03460	0.00571	0.00547	0.00943
6	0.00802	0.00573	0.00764	0.00917	0.00955	0.00535	0.00611	0.00917	0.01260	0.01681	0.03628	0.76434	0.04354	0.02062	0.00840	0.00267	0.00382	0.01872	0.00611	0.00535
7	0.01466	0.01413	0.02307	0.25747	0.35520	0.01634	0.01830	0.01817	0.01332	0.01877	0.01133	0.01626	0.00951	0.00736	0.00993	0.00224	0.17629	0.00584	0.00307	0.00873
8	0.00922	0.00657	0.00850	0.00948	0.01023	0.00635	0.00671	0.03426	0.01375	0.01839	0.08996	0.51194	0.04109	0.09942	0.01107	0.00304	0.00445	0.10402	0.00599	0.00557
9	0.00887	0.00671	0.00818	0.00782	0.00956	0.00602	0.00586	0.01156	0.01759	0.02391	0.53411	0.05327	0.25366	0.01439	0.00777	0.00211	0.00317	0.01248	0.00692	0.00602
10	0.78667	0.01268	0.00988	0.00877	0.01288	0.01458	0.00722	0.01981	0.01148	0.05500	0.00978	0.01112	0.00746	0.00618	0.00417	0.00204	0.00511	0.00368	0.00422	0.00728
11	0.01346	0.01284	0.02224	0.53679	0.06494	0.01513	0.11403	0.03640	0.01390	0.01848	0.01223	0.01755	0.00935	0.00677	0.00753	0.00220	0.05137	0.00613	0.03096	0.00771
12	0.01026	0.00647	0.00732	0.00735	0.00828	0.00631	0.00502	0.01192	0.01287	0.01896	0.12638	0.04226	0.07827	0.33495	0.01795	0.00384	0.00472	0.05656	0.23514	0.00518
13	0.30829	0.01154	0.01302	0.01065	0.01517	0.01137	0.00882	0.02650	0.01591	0.44135	0.02049	0.02118	0.01426	0.00799	0.00585	0.00209	0.00545	0.04402	0.00658	0.00946
14	0.02215	0.01701	0.01814	0.01457	0.01932	0.01907	0.01182	0.48259	0.25867	0.03685	0.01946	0.01872	0.01416	0.00824	0.00662	0.00206	0.00657	0.00643	0.00662	0.01094
15	0.00922	0.00673	0.00867	0.00818	0.00978	0.00617	0.00614	0.01224	0.01841	0.02586	0.68271	0.05007	0.10385	0.01366	0.00777	0.00208	0.00312	0.01203	0.00718	0.00617
16	0.01348	0.03214	0.65282	0.01982	0.02919	0.01545	0.10412	0.02088	0.01409	0.02088	0.01199	0.01435	0.00853	0.00617	0.00643	0.00210	0.00989	0.00521	0.00284	0.00963
17	0.01547	0.01755	0.03767	0.02709	0.03333	0.01687	0.66026	0.02076	0.01519	0.02076	0.01302	0.01755	0.00990	0.00593	0.00864	0.00226	0.05804	0.00764	0.00330	0.00877
18	0.01057	0.00603	0.00793	0.00793	0.00793	0.00603	0.00492	0.00904	0.00904	0.01205	0.01575	0.03070	0.01723	0.36848	0.02933	0.43676	0.00603	0.00750	0.00338	0.00338
19	0.01122	0.00572	0.00852	0.00861	0.00864	0.00569	0.00574	0.00861	0.00883	0.01177	0.01300	0.06688	0.01346	0.02273	0.02464	0.75773	0.00560	0.00654	0.00306	0.00302
20	0.27303	0.01441	0.01501	0.01208	0.01678	0.01554	0.00991	0.25698	0.08526	0.21205	0.01733	0.01670	0.01204	0.00750	0.00582	0.00203	0.00596	0.00550	0.00621	0.00985
21	0.00821	0.00621	0.00792	0.00903	0.00971	0.00592	0.00622	0.00946	0.01293	0.01694	0.04058	0.61509	0.16093	0.01961	0.00877	0.00260	0.03102	0.01741	0.00599	0.00545
22	0.01035	0.00857	0.01108	0.01098	0.01229	0.05393	0.00851	0.01266	0.01108	0.01533	0.01717	0.02499	0.01596	0.04672	0.69668	0.01003	0.01727	0.00688	0.00352	0.00599
23	0.02141	0.01540	0.01638	0.01308	0.01740	0.01700	0.01064	0.48710	0.10414	0.03641	0.01821	0.01860	0.01337	0.00797	0.00619	0.00191	0.00615	0.00614	0.17244	0.01006
24	0.01452	0.01448	0.02058	0.01874	0.06201	0.01988	0.01477	0.01612	0.01039	0.01620	0.00888	0.01452	0.00875	0.01117	0.02065	0.00282	0.70944	0.00577	0.00290	0.00740
25	0.00819	0.00589	0.00781	0.00928	0.00981	0.00551	0.00638	0.00949	0.01287	0.01704	0.03730	0.69086	0.06809	0.02031	0.00843	0.00268	0.00396	0.06459	0.00611	0.00540
26	0.01279	0.00834	0.01058	0.05591	0.01362	0.00800	0.00774	0.03834	0.04716	0.12118	0.34442	0.07082	0.18505	0.01301	0.00752	0.00217	0.00421	0.03528	0.00674	0.00714
27	0.01271	0.01198	0.02024	0.70200	0.09401	0.01470	0.01842	0.01706	0.01329	0.01715	0.01175	0.01746	0.00889	0.00653	0.00658	0.00218	0.00871	0.00585	0.00295	0.00754
28	0.01286	0.01086	0.01280	0.00967	0.01475	0.00829	0.00756	0.01553	0.01350	0.02080	0.01516	0.11938	0.01451	0.00709	0.00537	0.00121	0.00473	0.00599	0.00421	0.69571
29	0.02076	0.04126	0.02113	0.01604	0.02094	0.01826	0.10897	0.35858	0.22423	0.05216	0.01857	0.01871	0.01364	0.00816	0.00717	0.02139	0.00711	0.00656	0.00599	0.01036
30	0.01751	0.22298	0.36935	0.01525	0.02261	0.01731	0.01741	0.06510	0.01564	0.12941	0.01436	0.01661	0.01083	0.00691	0.00590	0.00193	0.00810	0.02925	0.00397	0.00958
31	0.00800	0.00579	0.00757	0.00900	0.00950	0.00536	0.00604	0.00919	0.01277	0.01687	0.03836	0.71643	0.09011	0.02035	0.00836	0.00264	0.00379	0.01839	0.00611	0.00536
32	0.01604	0.01518	0.02093	0.01986	0.15351	0.05941	0.11980	0.02222	0.14066	0.03901	0.01490	0.01689	0.01180	0.00641	0.00688	0.00174	0.04299	0.00569	0.00421	0.28186
33	0.07611	0.01361	0.01490	0.01146	0.01662	0.02809	0.00923	0.16554	0.07273	0.10635	0.01573	0.03377	0.01220	0.00671	0.00563	0.00154	0.00562	0.00525	0.00522	0.39371
34	0.01255	0.01084	0.01488	0.01324	0.01420	0.01337	0.02680	0.05959	0.01200	0.01732	0.01622	0.10275	0.01680	0.13850	0.18336	0.00502	0.30494	0.00806	0.00383	0.02572
35	0.01813	0.01468	0.01822	0.27703	0.02816	0.01701	0.01386	0.28111	0.18875	0.02891	0.01714	0.01876	0.01262	0.00767	0.00656	0.00210	0.00719	0.00627	0.02633	0.00949
36	0.01676	0.53388	0.15920	0.04112	0.07112	0.04637	0.01456	0.02007	0.01375	0.01696	0.00999	0.01186	0.00858	0.00583	0.00489	0.00161	0.00780	0.00404	0.00286	0.00875
37	0.00873	0.00608	0.00767	0.00849	0.00877	0.00596	0.00543	0.00951	0.01127	0.01511	0.02886	0.42887	0.03393	0.31634	0.07025	0.00469	0.00580	0.01430	0.00509	0.00485
38	0.01571	0.01468	0.01966	0.01668	0.01746	0.01967	0.01383	0.11543	0.01319	0.01959	0.01067	0.04137	0.01026	0.01132	0.01896	0.00274	0.62127	0.00625	0.00353	0.00771
39	0.00801	0.00576	0.00760	0.00908	0.00952	0.00535	0.00607	0.00918	0.01269	0.01684	0.03738	0.73906	0.06812	0.02048	0.00838	0.00266	0.00380	0.01854	0.00611	0.00535
40	0.00957	0.00638	0.00718	0.00718	0.00718	0.00638	0.00399	0.00957	0.00957	0.01276	0.02074	0.04308	0.02393	0.76864	0.03351	0.00638	0.00638	0.00957	0.00399	0.00399
41	0.01629	0.01564	0.02672	0.04041	0.72757	0.01564	0.02020	0.02020	0.01499	0.02151	0.01238	0.01629	0.01043	0.00587	0.00652	0.00196	0.00782	0.00587	0.00326	0.01043
42	0.01481	0.03984	0.01850	0.01850	0.16105	0.04676	0.09218	0.06670	0.03578	0.06586	0.22257	0.10893	0.05954	0.01046	0.00718	0.00209	0.00616	0.00948	0.00545	0.00818
43	0.81514	0.01273	0.00968	0.00866	0.01273	0.01477	0.00713	0.01935	0.01120	0.02954	0.00917	0.01069	0.00713	0.00611	0.00407	0.00204	0.00509	0.00356	0.00407	0.00713
44	0.00778	0.00667	0.00667	0.00667	0.00889	0.00556	0.00500	0.00945	0.01501	0.01778	0.06669	0.06336	0.72490	0.01667	0.00778	0.00222	0.00333	0.01389	0.00611	0.00556
45	0.01569	0.01523	0.02645	0.08314	0.60871	0.01529	0.06909	0.01967	0.01492	0.02105	0.01435	0.01816	0.03579	0.00627	0.00666	0.00200	0.00796	0.00629	0.00334	0.00995
46	0.01365	0.01170	0.01365	0.00975	0.01560	0.00878	0.00780	0.01658	0.01365	0.02145	0.01170	0.01365	0.00975	0.00488	0.00488	0.00098	0.00488	0.00390	0.00390	0.80888
47	0.01045	0.00753	0.01038	0.01181	0.01337	0.00746	0.01029	0.01340	0.01515	0.01959	0.03667	0.07364	0.07697	0.01810	0.00902	0.00299	0.00591	0.64519	0.00606	0.00603
48	0.01144	0.00572	0.00858	0.00858	0.00858	0.00572	0.00572	0.00858	0.00858	0.01144	0.01144	0.02001	0.01144	0.02287	0.02573	0.80846	0.00572	0.00572	0.00286	0.00286
49	0.01320	0.03405	0.73453	0.01876	0.02849	0.01529	0.02432	0.02085	0.01390	0.02085	0.01181	0.01390	0.00834	0.00625	0.00625	0.00208	0.00973	0.00486	0.00278	0.00973
50	0.01760	0.77260	0.03450	0.01126	0.01690	0.02605	0.01126	0.01971	0.01338	0.01549	0.00915	0.01056	0.00845	0.00563	0.00422	0.00141	0.00704	0.00352	0.00282	0.00845
51	0.01454	0.02113	0.31331	0.01390	0.02103	0.01213	0.01497	0.06450	0.01505	0.04833	0.01372	0.05024	0.01112	0.00653	0.00580	0.00162	0.00703	0.00525	0.00388	0.35594
52	0.05691	0.01257	0.04113	0.01209	0.01732	0.01079	0.01030	0.07706	0.01921	0.63439	0.02417	0.02123	0.01533	0.00799	0.00651	0.00203	0.00584	0.00640	0.00770	0.01100
53	0.02459	0.03138	0.01866	0.01696	0.02035	0.74221	0.01272	0.02629	0.01866	0.01611	0.01018	0.01187	0.00848	0.00678	0.00594	0.00170	0.01187	0.00424	0.00339	0.00763
54	0.01589	0.01463	0.02410	0.05573	0.09064	0.01513	0.24187	0.14847	0.06382	0.02549	0.11935	0.02563	0.04486	0.00861	0.00813	0.00219	0.05037	0.03143	0.00487	0.00879
55	0.01540	0.01546	0.02359	0.25481	0.36317	0.07388	0.05106	0.01913	0.01437	0.01912	0.01243	0.03597	0.01050	0.00689	0.00756	0.00210	0.05636	0.00615	0.00322	0.00883
56	0.81514	0.01273	0.00968	0.00866	0.01273	0.01477	0.00713	0.01935	0.01120	0.02954	0.00917	0.01069	0.00713	0.00611	0.00407	0.00204	0.00509	0.00356	0.00407	0.00713
57	0.81514	0.01273	0.00968	0.00866	0.01273	0.01477	0.00713	0.01935	0.01120	0.02954	0.00917	0.01069	0.00713	0.00611	0.00407	0.00204	0.00509	0.00356	0.00407	0.00713
58	0.01616	0.01602	0.02891	0.03812	0.60251	0.01582	0.14351	0.02036	0.01509	0.02143	0.01255	0.01656	0.01035	0.00581	0.00674	0.00200	0.00841	0.00621	0.00327	0.01015
59	0.01133	0.00572	0.00855	0.00859	0.00861	0.00571	0.00573	0.00859	0.00870	0.01160	0.01218	0.04218	0.01239	0.02280	0.02521	0.78446	0.00566	0.00610	0.00296	0.00293
60	0.00950	0.00682	0.00809	0.00784	0.00974	0.00601	0.00585	0.01177	0.01650	0.05564	0.34184	0.12450	0.34128	0.01528	0.00778	0.00219	0.00339	0.01317	0.00669	0.00609
61	0.00863	0.00664	0.00789	0.00771	0.00945	0.00590	0.00573	0.01104	0.01681	0.02239	0.42089	0.10165	0.32110	0.01519	0.00781	0.00217	0.00324	0.01313	0.00673	0.00590
62	0.01262	0.01189	0.02008	0.71863	0.07808	0.01468	0.01838	0.01698	0.01325	0.01705	0.01173	0.01749	0.00886	0.00655	0.00658	0.00218	0.00873	0.00585	0.00294	0.00746
63	0.00802	0.00573	0.00764	0.00917	0.00955	0.00535	0.00611	0.00917	0.01260	0.01681	0.03628	0.76434	0.04354	0.02062	0.00840	0.00267	0.00382	0.01872	0.00611	0.00535
64	0.01294	0.01222	0.02067	0.65891	0.13527	0.01476	0.01854	0.01727	0.01340	0.01744	0.01179	0.01739	0.00899	0.00649	0.00657	0.00216	0.00865	0.00585	0.00297	0.00772
65	0.01629	0.01564	0.02672	0.04041	0.72757	0.01564	0.02020	0.02020	0.01499	0.02151	0.01238	0.01629	0.01043	0.00587	0.00652	0.00196	0.00782	0.00587	0.00326	0.01043
66	0.44726	0.01930	0.06257	0.01219	0.01658	0.19858	0.01031	0.06901	0.04849	0.04573	0.01136	0.01255	0.00870	0.00660	0.00506	0.00196	0.00729	0.00425	0.00422	0.00798
67	0.01182	0.01099	0.01956	0.02058	0.17682	0.01062	0.17637	0.01471	0.01368	0.01867	0.02462	0.31366	0.05000	0.04163	0.06190	0.00309	0.00753	0.01187	0.00454	0.00733
68	0.01689	0.00945	0.01240	0.01044	0.01374	0.00876	0.03382	0.02131	0.09334	0.26384	0.26709	0.03882	0.15945	0.01145	0.00726	0.00211	0.00452	0.00984	0.00714	0.00834

[dist]
# distance from previous block
# <min> <max>
0	1

[block]
# block no. 2 follows, 33 sequences, length 6
# corresponding to MSA columns:
# 1387-1392
name=unknown_C
#
# <colnr> <probs for GDERKNQSTAVLIFYWHMCP>
#	G	D	E	R	K	N	Q	S	T	A	V	L	I	F	Y	W	H	M	C	P
0	0.28881	0.13760	0.06665	0.01242	0.01758	0.05292	0.01108	0.25389	0.01894	0.02977	0.01178	0.01283	0.00900	0.00663	0.00523	0.00185	0.00676	0.00450	0.00460	0.04715
1	0.01284	0.01211	0.02048	0.67830	0.11670	0.01473	0.01848	0.01717	0.01335	0.01731	0.01177	0.01742	0.00895	0.00651	0.00658	0.00217	0.00868	0.00585	0.00296	0.00764
2	0.02323	0.00935	0.01194	0.00967	0.01347	0.00838	0.00782	0.02596	0.01700	0.47354	0.02433	0.02319	0.01651	0.00797	0.00588	0.00185	0.00468	0.00644	0.29943	0.00935
3	0.01144	0.00572	0.00858	0.00858	0.00858	0.00572	0.00572	0.00858	0.00858	0.01144	0.01144	0.02001	0.01144	0.02287	0.02573	0.80846	0.00572	0.00572	0.00286	0.00286
4	0.01320	0.03405	0.73453	0.01876	0.02849	0.01529	0.02432	0.02085	0.01390	0.02085	0.01181	0.01390	0.00834	0.00625	0.00625	0.00208	0.00973	0.00486	0.00278	0.00973
5	0.02271	0.13813	0.07637	0.01628	0.02049	0.58297	0.01341	0.02492	0.01753	0.01639	0.01016	0.01184	0.00846	0.00658	0.00571	0.00168	0.01101	0.00418	0.00326	0.00791

[dist]
# distance from previous block
# <min> <max>
36	275

# created by:
# /home/cegg/simao/soft/augustus-3.2.1/scripts/msa2prfl.pl ./align_prep/EOG090W0BOJ.fa
