[name]
unknown

[dist]
# distance from previous block
# <min> <max>
0	36

[block]
# block no. 0 follows, 33 sequences, length 38
# corresponding to MSA columns:
# 40-51,62-87
name=unknown_A
#
# <colnr> <probs for GDERKNQSTAVLIFYWHMCP>
#	G	D	E	R	K	N	Q	S	T	A	V	L	I	F	Y	W	H	M	C	P
0	0.01599	0.54352	0.02764	0.01162	0.01615	0.02094	0.01113	0.04137	0.01445	0.01749	0.01622	0.02768	0.01637	0.00905	0.00560	0.00186	0.00679	0.18441	0.00381	0.00791
1	0.01723	0.08630	0.01763	0.01333	0.05164	0.11753	0.01019	0.07736	0.05423	0.04545	0.01304	0.01471	0.01057	0.00742	0.02925	0.00170	0.02325	0.00460	0.00418	0.40039
2	0.01337	0.01259	0.02125	0.50280	0.24821	0.01448	0.01826	0.01746	0.01368	0.01823	0.01311	0.05367	0.01097	0.00705	0.00665	0.00215	0.00825	0.00648	0.00318	0.00815
3	0.01277	0.03193	0.10284	0.01383	0.04014	0.01128	0.09097	0.04102	0.11415	0.04072	0.10473	0.06197	0.21554	0.01129	0.00721	0.00216	0.00591	0.04528	0.00539	0.04089
4	0.01802	0.21654	0.01916	0.01083	0.01578	0.05767	0.00927	0.02050	0.01525	0.16627	0.04108	0.02106	0.06128	0.00739	0.00556	0.00154	0.00591	0.02848	0.00479	0.27360
5	0.01227	0.00614	0.00614	0.00614	0.00767	0.00614	0.00460	0.01534	0.01381	0.02454	0.02148	0.02454	0.01687	0.00767	0.00460	0.00153	0.00307	0.00614	0.80518	0.00614
6	0.01571	0.01535	0.02709	0.13122	0.56651	0.01562	0.09176	0.01986	0.01481	0.02086	0.01239	0.01661	0.01017	0.00593	0.00666	0.00201	0.00829	0.00606	0.00322	0.00986
7	0.00948	0.00698	0.01040	0.01040	0.01149	0.00808	0.00800	0.01157	0.01048	0.01507	0.01752	0.02622	0.01653	0.07208	0.69429	0.03824	0.01685	0.00709	0.00352	0.00571
8	0.68220	0.01157	0.00949	0.00864	0.01204	0.01327	0.00690	0.01757	0.01077	0.02654	0.00954	0.01224	0.00784	0.00888	0.00766	0.13543	0.00520	0.00392	0.00387	0.00642
9	0.02096	0.12264	0.11276	0.01270	0.01778	0.03734	0.02891	0.07286	0.01776	0.30852	0.11276	0.02351	0.04340	0.00880	0.00694	0.02386	0.00641	0.00677	0.00596	0.00937
10	0.01716	0.06569	0.08341	0.03391	0.54005	0.08292	0.01905	0.04228	0.01564	0.02121	0.01204	0.01532	0.00998	0.00603	0.00630	0.00191	0.00828	0.00549	0.00331	0.01002
11	0.01227	0.00614	0.00614	0.00614	0.00767	0.00614	0.00460	0.01534	0.01381	0.02454	0.02148	0.02454	0.01687	0.00767	0.00460	0.00153	0.00307	0.00614	0.80518	0.00614
12	0.00940	0.00705	0.01058	0.01058	0.01176	0.00823	0.00823	0.01176	0.01058	0.01528	0.01763	0.02586	0.01646	0.04937	0.74255	0.01058	0.01763	0.00705	0.00353	0.00588
13	0.01554	0.01776	0.03885	0.02775	0.03441	0.01665	0.70366	0.02109	0.01554	0.02109	0.01332	0.01776	0.00999	0.00555	0.00777	0.00222	0.01110	0.00777	0.00333	0.00888
14	0.01579	0.01520	0.02580	0.12207	0.53757	0.01565	0.06891	0.02108	0.07236	0.02141	0.01355	0.01723	0.01099	0.00618	0.00663	0.00203	0.00796	0.00613	0.00351	0.00994
15	0.02461	0.03078	0.01871	0.01688	0.02035	0.70907	0.01271	0.05748	0.01922	0.01728	0.01043	0.01205	0.00860	0.00684	0.00597	0.00171	0.01166	0.00432	0.00354	0.00780
16	0.01571	0.01523	0.10918	0.01365	0.05589	0.01105	0.03526	0.06765	0.01571	0.08123	0.04598	0.01647	0.01266	0.00601	0.00564	0.00142	0.00603	0.00500	0.00439	0.47586
17	0.01747	0.06076	0.11083	0.01257	0.01692	0.03469	0.05108	0.03992	0.03415	0.22693	0.11167	0.08478	0.09680	0.04042	0.00800	0.00228	0.00617	0.03020	0.00589	0.00848
18	0.01440	0.01440	0.02016	0.01728	0.01728	0.02016	0.01440	0.01584	0.01008	0.01584	0.00864	0.01440	0.00864	0.01152	0.02160	0.00288	0.75659	0.00576	0.00288	0.00720
19	0.01267	0.01194	0.01795	0.13456	0.09169	0.01481	0.03221	0.01495	0.01208	0.01712	0.01809	0.16826	0.04079	0.01225	0.01375	0.00260	0.33786	0.03548	0.00381	0.00712
20	0.03669	0.04886	0.24472	0.04349	0.11081	0.04985	0.18432	0.11080	0.03601	0.05167	0.01350	0.01581	0.00999	0.00641	0.00659	0.00205	0.00909	0.00589	0.00385	0.00960
21	0.01606	0.01531	0.02558	0.08302	0.64261	0.01562	0.01950	0.02088	0.05689	0.02158	0.01320	0.01687	0.01091	0.00609	0.00653	0.00199	0.00772	0.00596	0.00344	0.01023
22	0.00943	0.00695	0.01005	0.01005	0.01105	0.00794	0.00757	0.01142	0.01042	0.01489	0.01811	0.02852	0.01761	0.16054	0.63296	0.00993	0.01589	0.00744	0.00360	0.00559
23	0.01743	0.01719	0.02329	0.10430	0.47872	0.13497	0.01765	0.02083	0.01546	0.04920	0.01368	0.05250	0.01180	0.00690	0.00652	0.00197	0.00830	0.00625	0.00359	0.00944
24	0.01440	0.01440	0.02016	0.01728	0.01728	0.02016	0.01440	0.01584	0.01008	0.01584	0.00864	0.01440	0.00864	0.01152	0.02160	0.00288	0.75659	0.00576	0.00288	0.00720
25	0.01355	0.01274	0.04914	0.01120	0.03982	0.00922	0.00897	0.01668	0.01368	0.02128	0.01247	0.03652	0.01073	0.00545	0.00510	0.00111	0.00518	0.00446	0.00389	0.71880
26	0.04142	0.03299	0.09780	0.01453	0.09197	0.02790	0.01142	0.06016	0.03710	0.02289	0.04236	0.03613	0.01301	0.00633	0.00556	0.00146	0.00601	0.00517	0.00412	0.44168
27	0.01531	0.01480	0.04685	0.17096	0.40220	0.01472	0.07024	0.04030	0.03703	0.03829	0.01581	0.06042	0.02906	0.00729	0.00676	0.00208	0.00783	0.00696	0.00374	0.00933
28	0.03725	0.03815	0.08883	0.10439	0.22967	0.11029	0.05600	0.09569	0.05832	0.04608	0.01517	0.01754	0.03360	0.00710	0.00695	0.00202	0.03370	0.00594	0.00401	0.00928
29	0.06015	0.08606	0.14608	0.05531	0.05337	0.03728	0.05744	0.04732	0.11200	0.04183	0.06502	0.12380	0.01931	0.01058	0.03163	0.00237	0.00726	0.00784	0.00461	0.03075
30	0.01945	0.08692	0.08948	0.02058	0.13436	0.09876	0.12560	0.10559	0.05579	0.11779	0.01546	0.03524	0.01195	0.00712	0.00679	0.00197	0.02487	0.00615	0.00453	0.03160
31	0.04556	0.07002	0.15272	0.05242	0.11445	0.07409	0.05948	0.02423	0.13042	0.11798	0.03520	0.01800	0.01324	0.00718	0.00677	0.00201	0.03129	0.00589	0.00451	0.03451
32	0.01541	0.05762	0.08092	0.02020	0.21945	0.04367	0.01354	0.06581	0.07161	0.04032	0.13046	0.02388	0.05901	0.00825	0.00693	0.00190	0.03037	0.00692	0.00467	0.09907
33	0.08277	0.03913	0.09373	0.01974	0.17204	0.05785	0.05324	0.14880	0.05654	0.04710	0.03855	0.07226	0.01560	0.06390	0.00844	0.00236	0.00734	0.00702	0.00463	0.00897
34	0.04197	0.06042	0.10218	0.07528	0.08058	0.09304	0.04069	0.08675	0.08582	0.04555	0.01768	0.07258	0.03216	0.02975	0.00788	0.00217	0.04189	0.02460	0.00441	0.05460
35	0.11476	0.01702	0.08278	0.01564	0.08092	0.11710	0.04344	0.04069	0.06769	0.09794	0.04667	0.02050	0.05167	0.02817	0.02582	0.00224	0.03126	0.00611	0.00462	0.10496
36	0.01475	0.06646	0.14479	0.10260	0.09954	0.04968	0.07414	0.04240	0.06642	0.04303	0.02202	0.02406	0.11590	0.02718	0.00714	0.00209	0.00740	0.00694	0.03147	0.05200
37	0.06675	0.05380	0.07694	0.08017	0.11555	0.11188	0.01290	0.08406	0.07198	0.06962	0.05868	0.06292	0.03926	0.03363	0.00725	0.00213	0.00720	0.00689	0.00467	0.03368

[dist]
# distance from previous block
# <min> <max>
20	195

[block]
# block no. 1 follows, 33 sequences, length 9
# corresponding to MSA columns:
# 330-338
name=unknown_B
#
# <colnr> <probs for GDERKNQSTAVLIFYWHMCP>
#	G	D	E	R	K	N	Q	S	T	A	V	L	I	F	Y	W	H	M	C	P
0	0.01558	0.01763	0.13541	0.04055	0.11826	0.07516	0.10128	0.04233	0.08238	0.06248	0.02045	0.11106	0.04490	0.00915	0.00688	0.00210	0.00758	0.03690	0.00453	0.06539
1	0.01677	0.01727	0.13200	0.02017	0.18679	0.07213	0.05020	0.04501	0.01593	0.12144	0.05196	0.02498	0.10393	0.04527	0.00857	0.00224	0.03672	0.00717	0.00459	0.03687
2	0.07159	0.08061	0.15096	0.01716	0.10709	0.08160	0.04013	0.01945	0.06991	0.02058	0.05857	0.06381	0.06082	0.01026	0.03583	0.00237	0.05723	0.00694	0.00407	0.04101
3	0.01379	0.05508	0.04437	0.07900	0.04578	0.07874	0.05082	0.04670	0.01503	0.04715	0.05409	0.11386	0.10265	0.01666	0.12158	0.00338	0.00844	0.03216	0.00457	0.06616
4	0.01600	0.08646	0.09031	0.04720	0.07063	0.07112	0.01184	0.06557	0.13616	0.06673	0.04557	0.04816	0.09232	0.05294	0.00795	0.00220	0.00661	0.00727	0.00490	0.07007
5	0.01584	0.10457	0.18817	0.04451	0.04173	0.08921	0.04231	0.10896	0.01643	0.02185	0.03549	0.04504	0.03166	0.01117	0.07276	0.00262	0.00881	0.00601	0.00394	0.10891
6	0.01499	0.04496	0.07041	0.01359	0.05020	0.07420	0.01067	0.15088	0.06324	0.02338	0.04413	0.25185	0.05046	0.01313	0.03076	0.00239	0.00653	0.01005	0.00526	0.06892
7	0.04339	0.01563	0.12401	0.01512	0.08309	0.04352	0.05185	0.01838	0.04799	0.02146	0.03142	0.04999	0.01376	0.00975	0.05659	0.00225	0.00721	0.00588	0.07511	0.28360
8	0.04924	0.01602	0.11607	0.03181	0.04533	0.04544	0.05755	0.16546	0.01760	0.08692	0.04530	0.10379	0.01823	0.12660	0.01083	0.00273	0.00711	0.00791	0.00498	0.04108

[dist]
# distance from previous block
# <min> <max>
0	1

[block]
# block no. 2 follows, 33 sequences, length 29
# corresponding to MSA columns:
# 340-368
name=unknown_C
#
# <colnr> <probs for GDERKNQSTAVLIFYWHMCP>
#	G	D	E	R	K	N	Q	S	T	A	V	L	I	F	Y	W	H	M	C	P
0	0.01671	0.08945	0.02969	0.01225	0.04201	0.03091	0.02543	0.09980	0.03043	0.12916	0.12283	0.02657	0.09604	0.01121	0.03316	0.05377	0.00610	0.00722	0.00537	0.13192
1	0.03509	0.01776	0.04250	0.10554	0.32298	0.13464	0.04405	0.03980	0.01536	0.02047	0.04053	0.01659	0.01169	0.00699	0.00791	0.00201	0.08348	0.00575	0.00350	0.04334
2	0.03746	0.09144	0.28542	0.02100	0.15959	0.01572	0.06564	0.07547	0.04352	0.02228	0.01566	0.08497	0.01377	0.00803	0.00650	0.00209	0.00803	0.03036	0.00383	0.00923
3	0.01159	0.00908	0.01159	0.04499	0.11104	0.02618	0.00835	0.03764	0.01337	0.03088	0.05417	0.11827	0.11436	0.31666	0.01793	0.00393	0.00602	0.05312	0.00475	0.00608
4	0.00792	0.00654	0.00708	0.00733	0.00918	0.00569	0.00539	0.00955	0.01433	0.01746	0.05854	0.17687	0.56711	0.01941	0.05470	0.00283	0.00433	0.01426	0.00595	0.00554
5	0.01562	0.01529	0.05418	0.18010	0.42095	0.01521	0.03914	0.08155	0.01595	0.02208	0.01424	0.05087	0.01228	0.00720	0.00672	0.00208	0.00792	0.02550	0.00368	0.00944
6	0.01591	0.04029	0.16235	0.04948	0.06224	0.01740	0.15810	0.08392	0.06411	0.04008	0.01347	0.03039	0.01086	0.00817	0.01080	0.00232	0.21106	0.00635	0.00378	0.00891
7	0.01183	0.01030	0.01626	0.06238	0.30591	0.01022	0.01266	0.01451	0.01425	0.01958	0.07689	0.30996	0.05911	0.01303	0.00748	0.00230	0.00573	0.03510	0.00485	0.00763
8	0.00956	0.00644	0.00749	0.00749	0.00760	0.00655	0.00438	0.00978	0.00967	0.01300	0.02046	0.04149	0.02324	0.70217	0.09904	0.00677	0.00742	0.00934	0.00395	0.00416
9	0.00904	0.00647	0.00838	0.00940	0.01014	0.00621	0.00651	0.04019	0.01397	0.01876	0.09839	0.61444	0.04298	0.04352	0.00910	0.00272	0.00408	0.04384	0.00617	0.00567
10	0.00956	0.00695	0.00882	0.00840	0.00997	0.00656	0.00625	0.01307	0.04582	0.02534	0.60803	0.08437	0.07905	0.02959	0.00822	0.00219	0.00330	0.01195	0.02629	0.00627
11	0.01569	0.14134	0.39622	0.08522	0.05612	0.01651	0.01891	0.07408	0.01539	0.06653	0.01370	0.04738	0.01076	0.00705	0.00613	0.00200	0.00843	0.00559	0.00361	0.00936
12	0.01044	0.00742	0.01021	0.01159	0.01293	0.00741	0.00987	0.01314	0.01457	0.01898	0.03359	0.09024	0.03675	0.08761	0.01133	0.00333	0.00603	0.60284	0.00587	0.00585
13	0.01438	0.01213	0.01404	0.01009	0.01591	0.00952	0.00810	0.06048	0.01475	0.02273	0.01196	0.01379	0.00984	0.00507	0.00498	0.00104	0.00503	0.00403	0.00407	0.75806
14	0.01752	0.22621	0.23869	0.01549	0.04182	0.08387	0.03434	0.06519	0.03389	0.06578	0.01253	0.01390	0.00966	0.00622	0.00561	0.00172	0.00803	0.00468	0.00370	0.11115
15	0.01681	0.65532	0.05540	0.01091	0.01620	0.02329	0.01092	0.01923	0.01345	0.01676	0.01072	0.01235	0.00945	0.00590	0.00434	0.00145	0.00666	0.00388	0.09875	0.00822
16	0.00943	0.00632	0.00722	0.00736	0.00740	0.00629	0.00419	0.00954	0.00985	0.01314	0.02218	0.10974	0.02575	0.69951	0.03119	0.00604	0.00615	0.01042	0.00419	0.00411
17	0.01046	0.00936	0.04239	0.01059	0.01200	0.03802	0.03202	0.01229	0.01087	0.01486	0.01804	0.03064	0.01822	0.30127	0.40116	0.00805	0.01280	0.00777	0.00365	0.00555
18	0.01898	0.09807	0.08364	0.02313	0.13724	0.04919	0.24351	0.18777	0.01912	0.05542	0.01362	0.01595	0.01027	0.00640	0.00667	0.00199	0.00891	0.00615	0.00422	0.00975
19	0.00933	0.00633	0.00750	0.00790	0.00808	0.00625	0.00485	0.00976	0.01055	0.01403	0.02479	0.18989	0.02878	0.56938	0.02687	0.00542	0.00585	0.05551	0.00455	0.00440
20	0.01039	0.00631	0.00908	0.00908	0.00951	0.00674	0.00635	0.00990	0.00947	0.01306	0.01522	0.02591	0.01531	0.15425	0.28857	0.38640	0.01017	0.00683	0.00329	0.00414
21	0.01631	0.24392	0.28110	0.01975	0.13439	0.07464	0.04765	0.04994	0.01512	0.01983	0.01283	0.01483	0.02964	0.00639	0.00580	0.00184	0.00858	0.00502	0.00320	0.00921
22	0.00971	0.00643	0.00773	0.00784	0.00824	0.00662	0.00498	0.01053	0.01041	0.01472	0.02135	0.08919	0.02323	0.50540	0.15949	0.00640	0.00794	0.00941	0.08572	0.00465
23	0.01188	0.00624	0.00665	0.00676	0.00824	0.00610	0.00498	0.01463	0.01393	0.04038	0.04342	0.12664	0.04645	0.00990	0.00536	0.00174	0.00324	0.00827	0.62907	0.00613
24	0.03854	0.01817	0.05411	0.15602	0.23208	0.10093	0.11219	0.13539	0.04618	0.02374	0.01318	0.01622	0.01019	0.00654	0.00658	0.00203	0.00873	0.00591	0.00392	0.00934
25	0.05205	0.05059	0.10693	0.01627	0.04134	0.04575	0.07311	0.33061	0.09442	0.03132	0.07744	0.01900	0.01571	0.00782	0.00653	0.00201	0.00741	0.00637	0.00543	0.00986
26	0.00987	0.03845	0.05786	0.01266	0.06663	0.00826	0.03910	0.01222	0.01411	0.01874	0.09963	0.38098	0.15508	0.01591	0.00780	0.00240	0.00489	0.04347	0.00554	0.00643
27	0.05072	0.01814	0.01986	0.02016	0.16396	0.17304	0.05694	0.19750	0.01953	0.07275	0.01506	0.03693	0.01211	0.01121	0.07441	0.00273	0.00915	0.00608	0.03057	0.00915
28	0.06867	0.01565	0.09393	0.01488	0.06783	0.02907	0.05190	0.10096	0.03604	0.11683	0.01693	0.04974	0.03083	0.00715	0.00599	0.00172	0.00644	0.00595	0.00480	0.27469

[dist]
# distance from previous block
# <min> <max>
4	13

[block]
# block no. 3 follows, 33 sequences, length 8
# corresponding to MSA columns:
# 382-389
name=unknown_D
#
# <colnr> <probs for GDERKNQSTAVLIFYWHMCP>
#	G	D	E	R	K	N	Q	S	T	A	V	L	I	F	Y	W	H	M	C	P
0	0.01000	0.04129	0.13842	0.01023	0.01244	0.00828	0.00887	0.01211	0.01205	0.01670	0.02554	0.35155	0.02875	0.23468	0.01497	0.00354	0.00571	0.01232	0.04664	0.00590
1	0.01864	0.01772	0.07173	0.07755	0.35278	0.06738	0.01691	0.16009	0.04238	0.06394	0.01483	0.04008	0.01189	0.00712	0.00655	0.00200	0.00785	0.00619	0.00436	0.01000
2	0.01690	0.12000	0.05125	0.01613	0.06798	0.01433	0.11849	0.09462	0.01731	0.12120	0.10477	0.02841	0.08184	0.00925	0.00737	0.00206	0.03541	0.05527	0.00516	0.03225
3	0.01085	0.00691	0.00846	0.00821	0.00964	0.00641	0.00587	0.01273	0.01490	0.07743	0.26816	0.11828	0.13994	0.20286	0.01409	0.00325	0.00436	0.04113	0.04063	0.00587
4	0.30990	0.13060	0.02260	0.05395	0.02148	0.08039	0.17475	0.05075	0.01438	0.04570	0.01117	0.01352	0.00872	0.00630	0.00600	0.00199	0.03088	0.00500	0.00379	0.00811
5	0.00799	0.00585	0.00751	0.00885	0.00946	0.00537	0.00597	0.00920	0.01291	0.01693	0.04018	0.67450	0.13087	0.02012	0.00832	0.00262	0.00376	0.01810	0.00611	0.00537
6	0.01384	0.01666	0.14153	0.07239	0.15875	0.01404	0.13063	0.02070	0.13886	0.02109	0.03843	0.11025	0.01762	0.04160	0.00863	0.00240	0.03143	0.00818	0.00426	0.00872
7	0.00984	0.00619	0.00828	0.00938	0.01016	0.00571	0.00641	0.01110	0.01313	0.07716	0.03541	0.70174	0.04124	0.01957	0.00825	0.00262	0.00397	0.01769	0.00628	0.00584

[dist]
# distance from previous block
# <min> <max>
0	15

[block]
# block no. 4 follows, 33 sequences, length 14
# corresponding to MSA columns:
# 405-418
name=unknown_E
#
# <colnr> <probs for GDERKNQSTAVLIFYWHMCP>
#	G	D	E	R	K	N	Q	S	T	A	V	L	I	F	Y	W	H	M	C	P
0	0.01150	0.01043	0.01012	0.00946	0.01134	0.11672	0.00710	0.01428	0.01836	0.02420	0.56690	0.04465	0.10443	0.01270	0.00749	0.00203	0.00444	0.01091	0.00658	0.00638
1	0.69410	0.01183	0.00954	0.00860	0.01230	0.01348	0.00699	0.01831	0.01232	0.02907	0.11656	0.01647	0.01539	0.00721	0.00463	0.00204	0.00479	0.00482	0.00455	0.00699
2	0.01319	0.01108	0.01319	0.01011	0.01531	0.00860	0.00822	0.01614	0.01388	0.02119	0.01518	0.02276	0.01398	0.00687	0.00551	0.00128	0.00505	0.10595	0.00423	0.68829
3	0.00979	0.00653	0.00865	0.00865	0.00908	0.00697	0.00582	0.01023	0.00980	0.01350	0.01819	0.03325	0.01929	0.39057	0.29460	0.12842	0.01044	0.00806	0.00365	0.00452
4	0.01607	0.48169	0.14951	0.01248	0.01805	0.06890	0.01284	0.01925	0.01461	0.01809	0.11707	0.01702	0.01649	0.00699	0.00522	0.00164	0.00723	0.00506	0.00351	0.00828
5	0.01021	0.00665	0.00854	0.00859	0.00981	0.00615	0.00606	0.01215	0.01528	0.06801	0.32791	0.28431	0.07436	0.11783	0.01139	0.00286	0.00396	0.01358	0.00644	0.00593
6	0.00814	0.00585	0.00753	0.00882	0.00930	0.00545	0.00585	0.00922	0.01250	0.01652	0.03699	0.65378	0.08810	0.08566	0.01055	0.00297	0.00401	0.01759	0.00593	0.00524
7	0.02275	0.07879	0.01764	0.04715	0.01841	0.10620	0.01077	0.22744	0.02070	0.23522	0.01930	0.07518	0.01518	0.03895	0.00746	0.00214	0.00696	0.00684	0.03350	0.00943
8	0.58060	0.03891	0.04363	0.01512	0.14218	0.01554	0.01054	0.04781	0.01288	0.02778	0.01013	0.01204	0.00798	0.00613	0.00471	0.00200	0.00592	0.00413	0.00394	0.00804
9	0.05299	0.03659	0.06042	0.16059	0.33989	0.08772	0.01690	0.01950	0.01447	0.03929	0.01377	0.07141	0.01217	0.00751	0.00705	0.00206	0.03881	0.00645	0.00354	0.00885
10	0.00997	0.00714	0.00807	0.00802	0.00892	0.00697	0.00522	0.05593	0.01294	0.01691	0.06008	0.17556	0.16155	0.40968	0.02126	0.00446	0.00527	0.01190	0.00508	0.00510
11	0.01438	0.06789	0.01958	0.04861	0.22752	0.04116	0.03391	0.03211	0.07745	0.02058	0.05810	0.11515	0.05165	0.00973	0.00801	0.00209	0.07181	0.02665	0.00440	0.06922
12	0.03562	0.08165	0.02265	0.04509	0.24007	0.21116	0.06743	0.04520	0.01657	0.06742	0.03363	0.04904	0.01386	0.00762	0.00644	0.00195	0.00854	0.03320	0.00405	0.00881
13	0.01723	0.06166	0.04300	0.01191	0.04942	0.01081	0.00922	0.09746	0.01758	0.19428	0.16009	0.08497	0.05396	0.06901	0.00873	0.00232	0.00531	0.00858	0.06456	0.02989

[dist]
# distance from previous block
# <min> <max>
2	6

[block]
# block no. 5 follows, 33 sequences, length 23
# corresponding to MSA columns:
# 425-447
name=unknown_F
#
# <colnr> <probs for GDERKNQSTAVLIFYWHMCP>
#	G	D	E	R	K	N	Q	S	T	A	V	L	I	F	Y	W	H	M	C	P
0	0.17883	0.10384	0.30371	0.01509	0.04174	0.04316	0.01567	0.04308	0.09543	0.04261	0.01318	0.01439	0.00991	0.00651	0.00559	0.00194	0.00757	0.00479	0.00386	0.04909
1	0.01567	0.24789	0.12814	0.01701	0.09084	0.03897	0.08961	0.05193	0.03700	0.03651	0.05307	0.05045	0.03498	0.04593	0.00753	0.00214	0.00752	0.03234	0.00399	0.00848
2	0.01116	0.00716	0.01012	0.00998	0.01131	0.00761	0.00748	0.01315	0.01211	0.08548	0.06764	0.14106	0.02430	0.11261	0.43883	0.00756	0.01226	0.00936	0.00466	0.00614
3	0.00809	0.00582	0.00755	0.00890	0.00938	0.00542	0.00593	0.00921	0.01260	0.01666	0.03744	0.68054	0.08691	0.05990	0.00969	0.00284	0.00392	0.01792	0.00600	0.00529
4	0.01139	0.01018	0.01537	0.45027	0.03134	0.01187	0.01354	0.01613	0.07280	0.01849	0.07080	0.11259	0.11851	0.01028	0.00705	0.00225	0.00676	0.00900	0.00435	0.00703
5	0.01418	0.01407	0.01973	0.01698	0.01703	0.01963	0.01412	0.01566	0.01010	0.01582	0.00905	0.01492	0.00899	0.01323	0.05414	0.00323	0.72324	0.00582	0.00291	0.00714
6	0.01111	0.00593	0.00890	0.00890	0.00909	0.00612	0.00612	0.00909	0.00890	0.01206	0.01244	0.02096	0.01225	0.02717	0.14194	0.67910	0.00765	0.00593	0.00297	0.00335
7	0.01243	0.01170	0.01975	0.75282	0.04534	0.01463	0.01828	0.01682	0.01316	0.01682	0.01170	0.01755	0.00878	0.00658	0.00658	0.00219	0.00878	0.00585	0.00293	0.00731
8	0.00946	0.00684	0.00949	0.00949	0.01028	0.00764	0.00687	0.01105	0.01026	0.01447	0.01863	0.03140	0.01886	0.28064	0.51457	0.00923	0.01402	0.00786	0.00368	0.00527
9	0.00947	0.00681	0.00936	0.00936	0.01011	0.00757	0.00670	0.01097	0.01022	0.01438	0.01875	0.03205	0.01915	0.30797	0.48763	0.00907	0.01359	0.00796	0.00369	0.00520
10	0.00955	0.00727	0.01101	0.04569	0.01334	0.00853	0.00870	0.01200	0.01070	0.01536	0.01735	0.02547	0.01609	0.04735	0.70774	0.01018	0.01721	0.00700	0.00350	0.00595
11	0.01760	0.77260	0.03450	0.01126	0.01690	0.02605	0.01126	0.01971	0.01338	0.01549	0.00915	0.01056	0.00845	0.00563	0.00422	0.00141	0.00704	0.00352	0.00282	0.00845
12	0.01362	0.01169	0.01350	0.00987	0.01547	0.00914	0.00787	0.01747	0.05690	0.02171	0.01445	0.01596	0.03400	0.00551	0.00508	0.00109	0.00485	0.00445	0.00415	0.73322
13	0.01365	0.01170	0.01365	0.00975	0.01560	0.00878	0.00780	0.01658	0.01365	0.02145	0.01170	0.01365	0.00975	0.00488	0.00488	0.00098	0.00488	0.00390	0.00390	0.80888
14	0.05326	0.03299	0.69832	0.01826	0.02771	0.01526	0.02346	0.02077	0.01376	0.02128	0.01168	0.01374	0.00828	0.00625	0.00615	0.00208	0.00950	0.00480	0.00284	0.00960
15	0.00948	0.00637	0.00733	0.00750	0.00758	0.00633	0.00438	0.00967	0.01000	0.01332	0.02249	0.10404	0.02601	0.68243	0.03064	0.00597	0.00616	0.03190	0.00423	0.00417
16	0.01465	0.01622	0.03472	0.02518	0.03099	0.01523	0.61193	0.01955	0.01496	0.02026	0.01532	0.06878	0.01312	0.05628	0.00949	0.00252	0.01031	0.00861	0.00356	0.00833
17	0.01722	0.01419	0.01509	0.01340	0.01723	0.01627	0.01047	0.06050	0.66221	0.05568	0.02634	0.02414	0.01961	0.00886	0.00669	0.00222	0.00530	0.00735	0.00675	0.01048
18	0.00906	0.00688	0.00837	0.00811	0.00981	0.00631	0.00603	0.01215	0.03982	0.02353	0.48292	0.10650	0.22685	0.01467	0.00778	0.00216	0.00329	0.01278	0.00686	0.00612
19	0.00901	0.00630	0.00787	0.00878	0.00970	0.00582	0.00613	0.01032	0.01311	0.03813	0.03986	0.46773	0.17006	0.10629	0.01121	0.00303	0.00426	0.07101	0.00592	0.00546
20	0.01454	0.01345	0.02233	0.13222	0.41922	0.01375	0.05282	0.04353	0.01600	0.02233	0.14088	0.02381	0.04097	0.00770	0.00686	0.00203	0.00713	0.00728	0.00414	0.00904
21	0.42060	0.01264	0.01412	0.09966	0.09776	0.01412	0.02861	0.07906	0.01451	0.02739	0.07013	0.01685	0.01330	0.00699	0.00530	0.00201	0.00588	0.00527	0.05801	0.00779
22	0.01811	0.32757	0.02673	0.06161	0.12641	0.13491	0.04522	0.05812	0.08241	0.01939	0.01295	0.03561	0.01110	0.00677	0.00562	0.00176	0.00796	0.00526	0.00367	0.00881

[dist]
# distance from previous block
# <min> <max>
0	1

[block]
# block no. 6 follows, 33 sequences, length 13
# corresponding to MSA columns:
# 453-465
name=unknown_G
#
# <colnr> <probs for GDERKNQSTAVLIFYWHMCP>
#	G	D	E	R	K	N	Q	S	T	A	V	L	I	F	Y	W	H	M	C	P
0	0.10863	0.08015	0.06887	0.05628	0.33203	0.07828	0.04474	0.08796	0.04153	0.02339	0.01239	0.01502	0.00993	0.00630	0.00605	0.00194	0.00793	0.00535	0.00373	0.00949
1	0.01727	0.07384	0.14941	0.01902	0.14706	0.01685	0.01485	0.17491	0.20795	0.02652	0.01890	0.01963	0.04203	0.00820	0.00705	0.02844	0.00702	0.00628	0.00491	0.00988
2	0.50656	0.06268	0.05791	0.01279	0.01730	0.01539	0.11528	0.01900	0.01231	0.02550	0.01187	0.04347	0.01025	0.00719	0.00578	0.00212	0.03463	0.02852	0.00391	0.00753
3	0.00901	0.00740	0.03343	0.00919	0.01035	0.00681	0.00685	0.01079	0.01250	0.01706	0.11576	0.24835	0.09503	0.16434	0.21693	0.00542	0.00820	0.01203	0.00503	0.00552
4	0.01440	0.01440	0.02016	0.01728	0.01728	0.02016	0.01440	0.01584	0.01008	0.01584	0.00864	0.01440	0.00864	0.01152	0.02160	0.00288	0.75659	0.00576	0.00288	0.00720
5	0.00911	0.00683	0.00870	0.00880	0.01007	0.00692	0.00655	0.01091	0.01259	0.01669	0.08772	0.04571	0.21138	0.18533	0.27430	0.00612	0.00929	0.07269	0.00483	0.00544
6	0.81514	0.01273	0.00968	0.00866	0.01273	0.01477	0.00713	0.01935	0.01120	0.02954	0.00917	0.01069	0.00713	0.00611	0.00407	0.00204	0.00509	0.00356	0.00407	0.00713
7	0.00940	0.00705	0.01058	0.01058	0.01176	0.00823	0.00823	0.01176	0.01058	0.01528	0.01763	0.02586	0.01646	0.04937	0.74255	0.01058	0.01763	0.00705	0.00353	0.00588
8	0.01038	0.00618	0.00830	0.00830	0.00847	0.00635	0.00538	0.00944	0.00927	0.01253	0.01612	0.03025	0.01725	0.33026	0.13274	0.36640	0.00771	0.00748	0.00342	0.00376
9	0.01211	0.01114	0.01851	0.67000	0.04131	0.01380	0.01689	0.01612	0.01281	0.01649	0.01256	0.01957	0.01011	0.05710	0.04338	0.00286	0.00905	0.00614	0.00302	0.00703
10	0.01760	0.77260	0.03450	0.01126	0.01690	0.02605	0.01126	0.01971	0.01338	0.01549	0.00915	0.01056	0.00845	0.00563	0.00422	0.00141	0.00704	0.00352	0.00282	0.00845
11	0.01717	0.30706	0.13268	0.04842	0.02088	0.06695	0.04778	0.11698	0.06437	0.02194	0.06194	0.03825	0.01441	0.00736	0.00579	0.00182	0.00759	0.00572	0.00407	0.00883
12	0.01341	0.04575	0.01412	0.00968	0.01510	0.00931	0.00780	0.01631	0.01413	0.02166	0.08114	0.01698	0.01480	0.00575	0.00513	0.00110	0.00480	0.00466	0.00418	0.69418

[dist]
# distance from previous block
# <min> <max>
3	5

[block]
# block no. 7 follows, 33 sequences, length 26
# corresponding to MSA columns:
# 471-496
name=unknown_H
#
# <colnr> <probs for GDERKNQSTAVLIFYWHMCP>
#	G	D	E	R	K	N	Q	S	T	A	V	L	I	F	Y	W	H	M	C	P
0	0.07571	0.00887	0.03003	0.00974	0.01208	0.00812	0.04203	0.04150	0.01633	0.04467	0.30258	0.16870	0.11089	0.01294	0.00715	0.00214	0.00424	0.01130	0.08435	0.00663
1	0.00935	0.00627	0.00742	0.00779	0.00807	0.00616	0.00481	0.00999	0.01108	0.01510	0.06027	0.21019	0.03048	0.50280	0.02444	0.00500	0.00547	0.03095	0.03979	0.00457
2	0.00896	0.00655	0.00847	0.00868	0.01000	0.00605	0.00645	0.01145	0.01651	0.02266	0.43497	0.22928	0.11679	0.01593	0.00804	0.00232	0.00355	0.07067	0.00676	0.00592
3	0.09522	0.01094	0.01423	0.01115	0.01584	0.00981	0.00915	0.02926	0.01817	0.60987	0.08579	0.02375	0.01953	0.00844	0.00650	0.00204	0.00534	0.00682	0.00772	0.01042
4	0.01704	0.01480	0.05109	0.20863	0.14155	0.01545	0.01481	0.25015	0.03817	0.02651	0.01612	0.06207	0.01351	0.00976	0.02753	0.02393	0.00769	0.02648	0.02572	0.00899
5	0.02459	0.03138	0.01866	0.01696	0.02035	0.74221	0.01272	0.02629	0.01866	0.01611	0.01018	0.01187	0.00848	0.00678	0.00594	0.00170	0.01187	0.00424	0.00339	0.00763
6	0.01756	0.27732	0.07181	0.02993	0.08886	0.03726	0.01265	0.14137	0.03564	0.04114	0.01511	0.01694	0.03459	0.00911	0.03952	0.00220	0.04527	0.00536	0.06952	0.00884
7	0.08534	0.01277	0.01531	0.01208	0.01675	0.01254	0.00994	0.20763	0.02119	0.39300	0.07807	0.02345	0.01848	0.00861	0.00654	0.00203	0.00579	0.02985	0.00715	0.03347
8	0.02009	0.01744	0.11443	0.04022	0.11462	0.08642	0.01392	0.06863	0.11151	0.21855	0.01947	0.03908	0.01484	0.00989	0.03661	0.00244	0.02690	0.02988	0.00539	0.00968
9	0.01476	0.01256	0.01956	0.05150	0.39020	0.01257	0.01465	0.06493	0.01717	0.04412	0.21575	0.02892	0.04488	0.00893	0.00700	0.00204	0.00625	0.03038	0.00491	0.00893
10	0.24083	0.19020	0.04483	0.01308	0.01777	0.20768	0.01121	0.16170	0.01776	0.02503	0.01088	0.01213	0.00865	0.00655	0.00518	0.00180	0.00789	0.00426	0.00408	0.00848
11	0.20260	0.00844	0.00815	0.00756	0.00979	0.00914	0.00593	0.01637	0.01296	0.02507	0.01736	0.02018	0.01376	0.00741	0.00551	0.00171	0.04892	0.00541	0.53215	0.04159
12	0.01487	0.01806	0.21174	0.04039	0.14663	0.01313	0.03832	0.05186	0.11018	0.07436	0.10960	0.04563	0.07880	0.00891	0.00684	0.00211	0.00686	0.00770	0.00490	0.00911
13	0.00856	0.00645	0.00698	0.00713	0.00824	0.00588	0.00469	0.00947	0.01248	0.01557	0.04431	0.12505	0.36161	0.33357	0.01867	0.00402	0.00467	0.01256	0.00522	0.00488
14	0.01563	0.05825	0.09723	0.02011	0.16331	0.01562	0.07548	0.09478	0.19304	0.02423	0.04934	0.05600	0.06277	0.00874	0.00730	0.00212	0.03428	0.00755	0.00487	0.00935
15	0.01155	0.00926	0.01185	0.01081	0.04846	0.00798	0.03256	0.01392	0.01379	0.01994	0.09475	0.05277	0.10910	0.14556	0.01115	0.00250	0.00506	0.04425	0.06322	0.29153
16	0.00939	0.00701	0.00891	0.00907	0.01067	0.00665	0.00705	0.01247	0.03689	0.02232	0.36445	0.12615	0.16604	0.01671	0.03256	0.00263	0.00434	0.14402	0.00657	0.00610
17	0.30156	0.01173	0.01334	0.01065	0.01539	0.01144	0.00879	0.02767	0.01620	0.48885	0.02015	0.01835	0.01312	0.00744	0.00574	0.00204	0.00543	0.00556	0.00674	0.00979
18	0.20687	0.15875	0.29314	0.01475	0.04897	0.01659	0.01537	0.04612	0.01409	0.06149	0.01163	0.01314	0.00879	0.00617	0.00532	0.00187	0.00742	0.00442	0.00362	0.06147
19	0.02403	0.03020	0.01840	0.01672	0.02013	0.69281	0.01256	0.02688	0.06610	0.01689	0.01131	0.01274	0.00927	0.00693	0.00599	0.00173	0.01142	0.00446	0.00362	0.00782
20	0.00869	0.00661	0.00736	0.00755	0.00939	0.00570	0.00551	0.01039	0.01489	0.04221	0.11439	0.22094	0.48903	0.01702	0.00788	0.00231	0.00350	0.01458	0.00628	0.00575
21	0.00957	0.00638	0.00718	0.00718	0.00718	0.00638	0.00399	0.00957	0.00957	0.01276	0.02074	0.04308	0.02393	0.76864	0.03351	0.00638	0.00638	0.00957	0.00399	0.00399
22	0.41343	0.18764	0.03924	0.01055	0.01542	0.01683	0.00942	0.06782	0.01448	0.15329	0.01271	0.01321	0.00939	0.00649	0.00480	0.00189	0.00592	0.00430	0.00465	0.00852
23	0.02839	0.01174	0.01545	0.01199	0.01699	0.01064	0.00986	0.06264	0.06934	0.65051	0.02557	0.02226	0.01634	0.00819	0.00662	0.00205	0.00565	0.00665	0.00797	0.01115
24	0.00900	0.00655	0.00808	0.00795	0.00919	0.00605	0.00563	0.01113	0.01584	0.02168	0.42950	0.12839	0.14718	0.15010	0.01245	0.00293	0.00380	0.01251	0.00638	0.00563
25	0.01484	0.11515	0.01540	0.01244	0.04007	0.17561	0.00911	0.01647	0.01408	0.03591	0.04496	0.17970	0.05912	0.11405	0.03113	0.00287	0.05854	0.00908	0.04480	0.00666

[dist]
# distance from previous block
# <min> <max>
7	24

[block]
# block no. 8 follows, 33 sequences, length 25
# corresponding to MSA columns:
# 521-526,529-547
name=unknown_I
#
# <colnr> <probs for GDERKNQSTAVLIFYWHMCP>
#	G	D	E	R	K	N	Q	S	T	A	V	L	I	F	Y	W	H	M	C	P
0	0.07903	0.01378	0.01729	0.01835	0.16204	0.03666	0.03684	0.11994	0.16339	0.09467	0.08309	0.07321	0.03897	0.00927	0.00674	0.00212	0.00618	0.02348	0.00567	0.00927
1	0.19041	0.01165	0.01304	0.01077	0.01495	0.01177	0.00870	0.05578	0.12977	0.31777	0.06325	0.02150	0.01734	0.00801	0.00594	0.00199	0.00512	0.00627	0.07130	0.03466
2	0.01933	0.22195	0.02147	0.01373	0.01808	0.16089	0.01134	0.10894	0.30959	0.02373	0.01751	0.01728	0.01364	0.00750	0.00587	0.00188	0.00724	0.00558	0.00500	0.00944
3	0.01340	0.01149	0.01335	0.00962	0.01532	0.00864	0.00768	0.01627	0.01371	0.02130	0.01403	0.01576	0.04010	0.00538	0.00500	0.00103	0.00481	0.00432	0.00399	0.77480
4	0.00981	0.00678	0.00783	0.00768	0.00768	0.00707	0.00451	0.00989	0.00960	0.01292	0.02014	0.04165	0.02317	0.73090	0.03291	0.00621	0.04377	0.00938	0.00393	0.00415
5	0.01527	0.01947	0.18210	0.05259	0.17794	0.07214	0.05618	0.04964	0.14704	0.02203	0.01836	0.11084	0.01621	0.00877	0.00681	0.00215	0.00776	0.02121	0.00434	0.00914
6	0.01931	0.01457	0.02391	0.03094	0.47027	0.01426	0.06095	0.05316	0.01651	0.17464	0.01587	0.01801	0.01195	0.00650	0.00655	0.00197	0.00734	0.00616	0.03678	0.01036
7	0.09368	0.01044	0.01264	0.01253	0.04060	0.01067	0.00990	0.07397	0.09616	0.11740	0.06327	0.06935	0.06029	0.01275	0.00743	0.00243	0.00558	0.26332	0.00615	0.03145
8	0.08323	0.01461	0.02259	0.04231	0.25945	0.03159	0.13886	0.04518	0.04021	0.02219	0.01559	0.04986	0.03435	0.00745	0.00762	0.00203	0.06586	0.00668	0.03310	0.07723
9	0.00872	0.00649	0.00761	0.00770	0.00912	0.00592	0.00550	0.01062	0.01484	0.01975	0.24229	0.16635	0.28847	0.10344	0.03570	0.00298	0.00417	0.01302	0.04173	0.00557
10	0.06222	0.03343	0.02081	0.03587	0.04569	0.05016	0.15552	0.13702	0.03830	0.17945	0.04274	0.04246	0.01609	0.03397	0.00767	0.00221	0.00738	0.03927	0.00543	0.04432
11	0.07180	0.04382	0.02164	0.07505	0.29878	0.08723	0.04530	0.05251	0.11204	0.07559	0.01584	0.04430	0.01282	0.00722	0.00638	0.00201	0.00752	0.00629	0.00438	0.00948
12	0.01058	0.00798	0.00936	0.00968	0.01134	0.00802	0.00710	0.01544	0.15232	0.03918	0.03902	0.32136	0.18229	0.06971	0.02708	0.00295	0.00473	0.06926	0.00607	0.00654
13	0.01434	0.01416	0.02605	0.09630	0.19613	0.01415	0.27380	0.04851	0.01528	0.02069	0.01934	0.07317	0.06153	0.03618	0.00866	0.00238	0.02514	0.04186	0.00394	0.00839
14	0.04600	0.01730	0.05426	0.07076	0.24421	0.07510	0.09104	0.13411	0.07306	0.07889	0.01517	0.01720	0.01147	0.00679	0.00648	0.00200	0.00793	0.00602	0.03248	0.00972
15	0.02089	0.01415	0.02039	0.04607	0.18822	0.01428	0.06925	0.19280	0.04183	0.21168	0.04150	0.07499	0.01646	0.00840	0.00685	0.00208	0.00687	0.00743	0.00580	0.01008
16	0.00826	0.00606	0.00776	0.00866	0.00952	0.00555	0.00599	0.00988	0.01417	0.01893	0.18355	0.52503	0.13515	0.01862	0.00819	0.00249	0.00361	0.01668	0.00635	0.00555
17	0.01743	0.01733	0.05673	0.03016	0.37841	0.05460	0.14900	0.08352	0.01685	0.05159	0.04335	0.01777	0.01259	0.00667	0.00731	0.00204	0.03458	0.00639	0.00392	0.00976
18	0.01804	0.04579	0.09341	0.02670	0.33131	0.07402	0.05915	0.08383	0.03916	0.08199	0.01577	0.04427	0.01314	0.00746	0.00663	0.00203	0.00798	0.03534	0.00425	0.00974
19	0.01147	0.00981	0.07148	0.01226	0.06770	0.00857	0.00878	0.03563	0.01103	0.01530	0.01560	0.02655	0.01558	0.22405	0.19019	0.25099	0.00921	0.00700	0.00347	0.00532
20	0.02346	0.01019	0.01321	0.01075	0.01477	0.00920	0.00864	0.05202	0.03797	0.49000	0.06313	0.08803	0.06446	0.00995	0.00673	0.00207	0.00504	0.00830	0.07241	0.00969
21	0.06794	0.02054	0.18926	0.02635	0.29889	0.04702	0.08191	0.08964	0.04753	0.02375	0.01472	0.01712	0.03250	0.00666	0.00644	0.00203	0.00825	0.00592	0.00379	0.00971
22	0.04555	0.10778	0.14880	0.04889	0.17084	0.07058	0.07501	0.08522	0.05665	0.02251	0.03706	0.04467	0.01405	0.00763	0.00641	0.00202	0.00802	0.03522	0.00401	0.00907
23	0.01593	0.05646	0.08578	0.04838	0.10876	0.18895	0.01398	0.01853	0.01390	0.01755	0.01451	0.11906	0.01419	0.01092	0.03174	0.00245	0.19150	0.00707	0.03264	0.00768
24	0.08433	0.18500	0.04917	0.01874	0.12553	0.28675	0.02984	0.08644	0.01701	0.02052	0.01082	0.01282	0.00895	0.00655	0.00612	0.00179	0.03286	0.00459	0.00356	0.00861

[dist]
# distance from previous block
# <min> <max>
5	9

[block]
# block no. 9 follows, 33 sequences, length 34
# corresponding to MSA columns:
# 558-572,575-593
name=unknown_J
#
# <colnr> <probs for GDERKNQSTAVLIFYWHMCP>
#	G	D	E	R	K	N	Q	S	T	A	V	L	I	F	Y	W	H	M	C	P
0	0.01192	0.01071	0.01572	0.06700	0.09589	0.03016	0.08862	0.01608	0.06430	0.01956	0.03348	0.07283	0.18115	0.01491	0.04368	0.00284	0.00698	0.21194	0.00509	0.00715
1	0.01606	0.05308	0.02374	0.14701	0.39643	0.09540	0.04586	0.02031	0.04697	0.01988	0.01615	0.01927	0.05742	0.00691	0.00650	0.00198	0.00810	0.00625	0.00355	0.00914
2	0.01939	0.03080	0.11148	0.06795	0.17795	0.03529	0.09139	0.09757	0.01738	0.19657	0.01783	0.07622	0.01404	0.00789	0.00675	0.00208	0.00767	0.00706	0.00497	0.00973
3	0.01262	0.01189	0.02009	0.71807	0.07861	0.01468	0.01838	0.01699	0.01325	0.01705	0.01173	0.01749	0.00886	0.00655	0.00658	0.00218	0.00873	0.00585	0.00294	0.00747
4	0.08452	0.12876	0.16064	0.05725	0.20849	0.12137	0.03302	0.05677	0.01570	0.05732	0.01208	0.01430	0.00944	0.00631	0.00590	0.00189	0.00842	0.00500	0.00360	0.00923
5	0.01944	0.01549	0.02221	0.15611	0.35846	0.05991	0.01669	0.10272	0.01744	0.14506	0.01487	0.01724	0.01112	0.00668	0.00652	0.00200	0.00779	0.00590	0.00444	0.00993
6	0.01941	0.01904	0.04013	0.09025	0.32963	0.17722	0.06128	0.05587	0.01673	0.09219	0.01334	0.01601	0.01037	0.00657	0.00679	0.00197	0.02417	0.00568	0.00390	0.00947
7	0.01104	0.00908	0.01185	0.01029	0.01295	0.00874	0.05609	0.03223	0.11791	0.02452	0.38614	0.04383	0.18577	0.01236	0.00745	0.00208	0.00420	0.01085	0.00648	0.04613
8	0.00973	0.00757	0.00899	0.00858	0.01016	0.03306	0.00639	0.01260	0.01810	0.02505	0.62627	0.09187	0.08922	0.01380	0.00774	0.00210	0.00348	0.01213	0.00699	0.00618
9	0.02266	0.01104	0.01337	0.01101	0.01503	0.01082	0.00885	0.05479	0.17439	0.39407	0.02479	0.02310	0.01708	0.00821	0.00620	0.00197	0.00503	0.00667	0.18101	0.00993
10	0.01578	0.01567	0.02437	0.26461	0.36856	0.06687	0.07231	0.03489	0.03549	0.02020	0.01258	0.01673	0.01003	0.00627	0.00660	0.00204	0.00858	0.00594	0.00334	0.00913
11	0.07963	0.01408	0.01454	0.01291	0.01670	0.01620	0.01012	0.08197	0.58705	0.02861	0.02443	0.02283	0.01832	0.00859	0.00641	0.00218	0.00528	0.00698	0.03308	0.01008
12	0.00921	0.00628	0.00724	0.00750	0.00768	0.00616	0.00441	0.00950	0.01037	0.01372	0.02575	0.17052	0.06219	0.60016	0.02783	0.00553	0.00578	0.01139	0.00447	0.00430
13	0.01665	0.01815	0.01983	0.01721	0.01796	0.17969	0.01403	0.01815	0.01198	0.01590	0.00898	0.01384	0.00861	0.01048	0.01814	0.00262	0.59206	0.00543	0.00299	0.00730
14	0.23772	0.01540	0.04407	0.10760	0.21883	0.06242	0.01394	0.06876	0.01455	0.02349	0.01311	0.07312	0.01165	0.00780	0.00702	0.00212	0.06008	0.00609	0.00388	0.00837
15	0.02410	0.00997	0.01331	0.01075	0.01490	0.00865	0.00866	0.02647	0.01790	0.55000	0.07846	0.09306	0.09293	0.01045	0.00697	0.00211	0.00505	0.00877	0.00770	0.00979
16	0.81514	0.01273	0.00968	0.00866	0.01273	0.01477	0.00713	0.01935	0.01120	0.02954	0.00917	0.01069	0.00713	0.00611	0.00407	0.00204	0.00509	0.00356	0.00407	0.00713
17	0.00811	0.00654	0.00726	0.00771	0.00945	0.00569	0.00574	0.00981	0.01458	0.01796	0.07544	0.21987	0.49902	0.01759	0.00803	0.00238	0.00366	0.06945	0.00614	0.00557
18	0.00976	0.00721	0.00918	0.00868	0.01034	0.00689	0.00650	0.01388	0.06765	0.02608	0.64615	0.07724	0.05837	0.01344	0.00772	0.00211	0.00328	0.01187	0.00716	0.00647
19	0.01145	0.00760	0.00960	0.00882	0.01079	0.00725	0.00671	0.01573	0.07318	0.07628	0.58506	0.04413	0.05333	0.01244	0.00744	0.00205	0.00345	0.01089	0.04691	0.00689
20	0.01384	0.01198	0.01457	0.01192	0.06592	0.00926	0.00868	0.01683	0.01375	0.02146	0.01175	0.01384	0.00980	0.00495	0.00499	0.00104	0.00508	0.00404	0.00385	0.75245
21	0.00950	0.00688	0.00986	0.00984	0.01079	0.00774	0.00734	0.01130	0.01067	0.01518	0.04738	0.02954	0.01945	0.16889	0.56595	0.03817	0.01469	0.00763	0.00374	0.00546
22	0.01952	0.40476	0.13303	0.01421	0.01972	0.25228	0.01363	0.02233	0.01529	0.03691	0.01035	0.01181	0.00867	0.00616	0.00514	0.00162	0.00894	0.00404	0.00315	0.00846
23	0.03689	0.01477	0.02504	0.21623	0.48111	0.01554	0.05804	0.03628	0.01486	0.02102	0.01226	0.01653	0.00992	0.00608	0.00654	0.00203	0.00816	0.00591	0.00328	0.00949
24	0.01673	0.01736	0.08384	0.03666	0.61505	0.01599	0.01994	0.07411	0.01616	0.02302	0.01261	0.01606	0.01032	0.00606	0.00650	0.00197	0.00793	0.00579	0.00348	0.01043
25	0.01729	0.01474	0.01637	0.01475	0.03915	0.01680	0.02819	0.10706	0.60291	0.02871	0.02483	0.02319	0.01859	0.00864	0.00671	0.00220	0.00566	0.00724	0.00650	0.01047
26	0.01557	0.09783	0.22528	0.02300	0.07813	0.04480	0.31934	0.02211	0.06997	0.02081	0.01336	0.01619	0.01015	0.00609	0.00676	0.00206	0.00965	0.00625	0.00339	0.00925
27	0.00880	0.00687	0.00984	0.00986	0.01116	0.00632	0.05124	0.01078	0.01458	0.01959	0.20994	0.45570	0.12553	0.01740	0.00813	0.00244	0.00406	0.01574	0.00621	0.00582
28	0.81514	0.01273	0.00968	0.00866	0.01273	0.01477	0.00713	0.01935	0.01120	0.02954	0.00917	0.01069	0.00713	0.00611	0.00407	0.00204	0.00509	0.00356	0.00407	0.00713
29	0.00940	0.00705	0.01058	0.01058	0.01176	0.00823	0.00823	0.01176	0.01058	0.01528	0.01763	0.02586	0.01646	0.04937	0.74255	0.01058	0.01763	0.00705	0.00353	0.00588
30	0.01243	0.01170	0.01975	0.75282	0.04534	0.01463	0.01828	0.01682	0.01316	0.01682	0.01170	0.01755	0.00878	0.00658	0.00658	0.00219	0.00878	0.00585	0.00293	0.00731
31	0.01428	0.03537	0.31073	0.01612	0.04792	0.02980	0.06982	0.01930	0.01422	0.03800	0.01346	0.01546	0.02621	0.00594	0.00585	0.00164	0.00764	0.00497	0.00350	0.31979
32	0.00806	0.00585	0.00763	0.00904	0.00959	0.00541	0.00613	0.00929	0.01285	0.01695	0.03864	0.69346	0.09695	0.02026	0.00837	0.00265	0.00383	0.03355	0.00611	0.00538
33	0.01685	0.01157	0.06910	0.01117	0.01495	0.00945	0.02818	0.08674	0.01798	0.23111	0.14271	0.10479	0.18242	0.01210	0.00730	0.00218	0.00520	0.03134	0.00659	0.00829

[dist]
# distance from previous block
# <min> <max>
0	1

[block]
# block no. 10 follows, 33 sequences, length 16
# corresponding to MSA columns:
# 595-600,616-625
name=unknown_K
#
# <colnr> <probs for GDERKNQSTAVLIFYWHMCP>
#	G	D	E	R	K	N	Q	S	T	A	V	L	I	F	Y	W	H	M	C	P
0	0.05388	0.01829	0.01716	0.01422	0.01868	0.12689	0.01132	0.30768	0.25483	0.03125	0.01807	0.01777	0.01349	0.00781	0.00631	0.00196	0.00702	0.00595	0.00587	0.06153
1	0.01919	0.56069	0.05730	0.01283	0.01819	0.15424	0.01211	0.06670	0.01552	0.01754	0.00988	0.01127	0.00863	0.00601	0.00477	0.00152	0.00803	0.00386	0.00317	0.00853
2	0.03942	0.03752	0.06753	0.02203	0.23595	0.12329	0.01453	0.09532	0.06883	0.17780	0.04169	0.01825	0.01378	0.00723	0.00638	0.00196	0.00757	0.00594	0.00505	0.00993
3	0.01685	0.17397	0.18132	0.02007	0.12768	0.13639	0.08553	0.03761	0.04369	0.02005	0.05764	0.01641	0.01287	0.00689	0.00668	0.00191	0.03644	0.00555	0.00355	0.00889
4	0.00799	0.00586	0.00750	0.00881	0.00946	0.00538	0.00595	0.00921	0.01294	0.01694	0.04058	0.66538	0.13973	0.02007	0.00831	0.00261	0.00375	0.01803	0.00611	0.00538
5	0.01499	0.01469	0.02262	0.11900	0.44639	0.06081	0.04567	0.01852	0.01488	0.01995	0.01830	0.07052	0.06104	0.00819	0.00685	0.00209	0.00770	0.03510	0.00372	0.00897
6	0.01700	0.01572	0.05243	0.05964	0.42475	0.01525	0.06223	0.09139	0.06223	0.05744	0.06374	0.01940	0.01482	0.00693	0.00670	0.00202	0.00749	0.00651	0.00430	0.00999
7	0.00841	0.00671	0.00759	0.00804	0.00969	0.00604	0.00589	0.01070	0.04051	0.01847	0.09448	0.27252	0.41864	0.01746	0.00799	0.00239	0.00367	0.04884	0.00620	0.00574
8	0.00855	0.00591	0.00749	0.00859	0.00909	0.00558	0.00569	0.00974	0.01255	0.01712	0.05870	0.57152	0.05985	0.12212	0.01156	0.00307	0.00408	0.01627	0.05725	0.00525
