[name]
unknown

[dist]
# distance from previous block
# <min> <max>
0	78

[block]
# block no. 0 follows, 36 sequences, length 33
# corresponding to MSA columns:
# 102-134
name=unknown_A
#
# <colnr> <probs for GDERKNQSTAVLIFYWHMCP>
#	G	D	E	R	K	N	Q	S	T	A	V	L	I	F	Y	W	H	M	C	P
0	0.06988	0.01441	0.06462	0.03486	0.07820	0.06456	0.02707	0.13612	0.07103	0.02336	0.11079	0.07471	0.03743	0.03154	0.02369	0.00226	0.07151	0.00720	0.00467	0.05209
1	0.03526	0.03312	0.09330	0.05703	0.18470	0.03464	0.04261	0.04896	0.07041	0.01976	0.05503	0.11152	0.05240	0.07096	0.06049	0.00288	0.00725	0.00791	0.00414	0.00765
2	0.05185	0.09307	0.02109	0.07187	0.17010	0.08607	0.06890	0.10580	0.09050	0.06392	0.01409	0.03587	0.01133	0.00688	0.00654	0.00186	0.04138	0.00567	0.00415	0.04906
3	0.04320	0.05690	0.01795	0.01347	0.01786	0.10050	0.04490	0.31620	0.05061	0.09530	0.03177	0.05277	0.01318	0.00764	0.00632	0.00180	0.02507	0.00596	0.00527	0.09333
4	0.04993	0.01589	0.13227	0.04401	0.22444	0.04494	0.04839	0.05412	0.03906	0.09599	0.05333	0.07550	0.03752	0.00992	0.04512	0.00239	0.00744	0.00694	0.00428	0.00855
5	0.01362	0.01335	0.01892	0.01776	0.08229	0.01778	0.01358	0.01575	0.03134	0.01593	0.00947	0.01455	0.00902	0.01179	0.05149	0.00291	0.62233	0.00551	0.00292	0.02970
6	0.01507	0.01460	0.02222	0.16249	0.44755	0.05481	0.03381	0.03558	0.06851	0.01986	0.01330	0.04164	0.01121	0.00658	0.00660	0.00195	0.02582	0.00603	0.00344	0.00895
7	0.00787	0.00562	0.00755	0.00899	0.00948	0.00530	0.00627	0.00916	0.01220	0.01622	0.03419	0.69672	0.04060	0.01926	0.00803	0.00257	0.00386	0.09521	0.00578	0.00514
8	0.11958	0.01077	0.01385	0.01075	0.01546	0.00971	0.00888	0.02898	0.01700	0.66388	0.02275	0.01993	0.01443	0.00749	0.00599	0.00193	0.00525	0.00593	0.00727	0.01016
9	0.00814	0.00624	0.00746	0.00736	0.00895	0.00556	0.00544	0.01037	0.01573	0.02095	0.40982	0.13097	0.31124	0.01461	0.00742	0.00208	0.00309	0.01267	0.00634	0.00556
10	0.00770	0.00566	0.00723	0.00824	0.00898	0.00518	0.00565	0.00907	0.01291	0.01708	0.11943	0.59085	0.14274	0.01821	0.00780	0.00240	0.00347	0.01632	0.00591	0.00518
11	0.00874	0.00637	0.00822	0.00776	0.00926	0.00585	0.00582	0.01161	0.01746	0.02456	0.70392	0.04724	0.09401	0.01289	0.00735	0.00197	0.00295	0.01137	0.00680	0.00585
12	0.01292	0.01107	0.01292	0.00923	0.01477	0.00831	0.00738	0.01569	0.01292	0.02030	0.01107	0.01292	0.00923	0.00461	0.00461	0.00092	0.00461	0.00369	0.00369	0.81912
13	0.00902	0.00619	0.00756	0.00756	0.00782	0.00645	0.00472	0.00955	0.00929	0.01264	0.01894	0.03692	0.02098	0.60760	0.20286	0.00698	0.00856	0.00850	0.00367	0.00420
14	0.01177	0.01107	0.01869	0.76606	0.04291	0.01384	0.01730	0.01592	0.01246	0.01592	0.01107	0.01661	0.00831	0.00623	0.00623	0.00208	0.00831	0.00554	0.00277	0.00692
15	0.01631	0.63577	0.14241	0.01199	0.01783	0.05502	0.01263	0.01909	0.01295	0.01547	0.00909	0.01054	0.00798	0.00547	0.00436	0.00144	0.00726	0.00356	0.00268	0.00815
16	0.01177	0.01107	0.01869	0.76606	0.04291	0.01384	0.01730	0.01592	0.01246	0.01592	0.01107	0.01661	0.00831	0.00623	0.00623	0.00208	0.00831	0.00554	0.00277	0.00692
17	0.00899	0.00601	0.00682	0.00689	0.00691	0.00599	0.00388	0.00904	0.00920	0.01227	0.02037	0.07752	0.02358	0.74302	0.03053	0.00587	0.00592	0.00949	0.00388	0.00384
18	0.01394	0.19140	0.55934	0.01617	0.02424	0.05499	0.01984	0.01977	0.01328	0.01843	0.01057	0.01239	0.00792	0.00582	0.00550	0.00182	0.00877	0.00430	0.00267	0.00885
19	0.01250	0.03223	0.74875	0.01776	0.02697	0.01447	0.02302	0.01973	0.01315	0.01973	0.01118	0.01315	0.00789	0.00592	0.00592	0.00197	0.00921	0.00460	0.00263	0.00921
20	0.00759	0.00542	0.00723	0.00868	0.00904	0.00506	0.00578	0.00868	0.01193	0.01591	0.03434	0.77697	0.04121	0.01952	0.00795	0.00253	0.00361	0.01771	0.00578	0.00506
21	0.00804	0.00584	0.00765	0.00897	0.00952	0.00561	0.00614	0.00992	0.04343	0.01647	0.03389	0.71389	0.04001	0.01894	0.00791	0.00253	0.00376	0.04638	0.00581	0.00530
22	0.01338	0.03770	0.27715	0.05392	0.06029	0.01268	0.14369	0.01884	0.05147	0.07075	0.05186	0.04059	0.10729	0.00817	0.00656	0.00203	0.00749	0.02382	0.00404	0.00826
23	0.00906	0.00604	0.00680	0.00680	0.00680	0.00604	0.00378	0.00906	0.00906	0.01208	0.01963	0.04077	0.02265	0.78103	0.03171	0.00604	0.00604	0.00906	0.00378	0.00378
24	0.01718	0.00824	0.01090	0.00917	0.01216	0.00729	0.00725	0.01979	0.01748	0.34363	0.37478	0.03629	0.08802	0.01073	0.00687	0.00196	0.00400	0.00919	0.00716	0.00793
25	0.01304	0.01118	0.01297	0.00938	0.01483	0.00863	0.00749	0.01647	0.04532	0.02056	0.01172	0.01339	0.00967	0.00479	0.00469	0.00098	0.00463	0.00384	0.00381	0.78261
26	0.01237	0.01178	0.01667	0.01467	0.01497	0.01608	0.01208	0.01397	0.00967	0.01485	0.01044	0.01652	0.01015	0.02043	0.21614	0.00466	0.56940	0.00578	0.00289	0.00648
27	0.00886	0.00666	0.00847	0.00945	0.01095	0.00628	0.00777	0.01107	0.01397	0.01770	0.04280	0.16168	0.26146	0.01706	0.00812	0.00258	0.00463	0.38922	0.00576	0.00549
28	0.01560	0.01488	0.02032	0.05570	0.08602	0.05580	0.11959	0.08833	0.21503	0.02166	0.01528	0.01768	0.01217	0.00995	0.04886	0.00259	0.18160	0.00620	0.00423	0.00850
29	0.01883	0.06332	0.09338	0.06078	0.27043	0.16724	0.03541	0.10170	0.01674	0.09473	0.01274	0.01466	0.00975	0.00622	0.00596	0.00181	0.00818	0.00515	0.00386	0.00912
30	0.00906	0.00604	0.00680	0.00680	0.00680	0.00604	0.00378	0.00906	0.00906	0.01208	0.01963	0.04077	0.02265	0.78103	0.03171	0.00604	0.00604	0.00906	0.00378	0.00378
31	0.00759	0.00542	0.00723	0.00868	0.00904	0.00506	0.00578	0.00868	0.01193	0.01591	0.03434	0.77697	0.04121	0.01952	0.00795	0.00253	0.00361	0.01771	0.00578	0.00506
32	0.01901	0.16059	0.02123	0.05673	0.10471	0.33807	0.03402	0.05695	0.01584	0.03710	0.01166	0.03888	0.01009	0.00854	0.03985	0.00209	0.02840	0.00501	0.00343	0.00780

[dist]
# distance from previous block
# <min> <max>
0	2

[block]
# block no. 1 follows, 36 sequences, length 30
# corresponding to MSA columns:
# 137-166
name=unknown_B
#
# <colnr> <probs for GDERKNQSTAVLIFYWHMCP>
#	G	D	E	R	K	N	Q	S	T	A	V	L	I	F	Y	W	H	M	C	P
0	0.16169	0.12547	0.06142	0.03596	0.08721	0.22017	0.12837	0.04146	0.01453	0.01954	0.01071	0.01375	0.00888	0.03801	0.00655	0.00195	0.00845	0.00483	0.00330	0.00774
1	0.00786	0.00629	0.00702	0.00692	0.00874	0.00546	0.00516	0.00987	0.01525	0.01951	0.28712	0.08463	0.48439	0.01492	0.00738	0.00207	0.00310	0.01271	0.00614	0.00546
2	0.01867	0.17100	0.03636	0.01433	0.05413	0.22814	0.03489	0.08471	0.03822	0.06816	0.04629	0.01476	0.01182	0.00634	0.00542	0.00155	0.00754	0.00475	0.00401	0.14892
3	0.01188	0.01098	0.01415	0.01277	0.01324	0.04819	0.01007	0.01326	0.00998	0.01433	0.01280	0.02156	0.01294	0.15898	0.23830	0.00541	0.37572	0.00639	0.00312	0.00592
4	0.01476	0.07726	0.02167	0.05721	0.11616	0.04545	0.04347	0.04032	0.01175	0.01677	0.00931	0.01382	0.00853	0.00898	0.01490	0.00237	0.48149	0.00533	0.00293	0.00754
5	0.00756	0.00635	0.00658	0.00662	0.00865	0.00538	0.00502	0.00927	0.01441	0.01738	0.10150	0.05960	0.67051	0.01566	0.00741	0.00213	0.00325	0.04154	0.00585	0.00532
6	0.00903	0.00617	0.00743	0.00743	0.00765	0.00638	0.00456	0.00947	0.00925	0.01255	0.01905	0.03757	0.02126	0.63664	0.17420	0.00682	0.00813	0.00859	0.00369	0.00413
7	0.00805	0.00633	0.00728	0.00716	0.00893	0.00556	0.00539	0.01021	0.01556	0.02024	0.34172	0.07649	0.41593	0.01467	0.00741	0.00208	0.00315	0.03206	0.00623	0.00552
8	0.00778	0.00575	0.00730	0.00831	0.00913	0.00527	0.00581	0.00920	0.01296	0.01702	0.10312	0.55029	0.16651	0.01813	0.00782	0.00242	0.00357	0.04851	0.00588	0.00520
9	0.02196	0.02764	0.01957	0.01705	0.02039	0.64736	0.08023	0.02390	0.01696	0.01569	0.00984	0.01189	0.00817	0.00654	0.00654	0.00171	0.04965	0.00441	0.00318	0.00732
10	0.01471	0.01681	0.03676	0.02626	0.03256	0.01576	0.71954	0.01996	0.01471	0.01996	0.01261	0.01681	0.00945	0.00525	0.00735	0.00210	0.01050	0.00735	0.00315	0.00840
11	0.00988	0.00803	0.01031	0.01108	0.08021	0.02834	0.00739	0.01262	0.01658	0.02296	0.55134	0.04268	0.11057	0.03000	0.00812	0.00207	0.02503	0.01046	0.00611	0.00622
12	0.01666	0.78478	0.03265	0.01066	0.01599	0.02465	0.01066	0.01866	0.01266	0.01466	0.00866	0.00999	0.00800	0.00533	0.00400	0.00133	0.00666	0.00333	0.00267	0.00800
13	0.01647	0.01667	0.02072	0.33344	0.09113	0.17744	0.08643	0.07020	0.01519	0.04484	0.01155	0.01520	0.00891	0.00657	0.00715	0.00198	0.05955	0.00541	0.00336	0.00778
14	0.01034	0.00869	0.00973	0.00957	0.01053	0.07927	0.00692	0.01179	0.01045	0.01378	0.01694	0.02838	0.01710	0.27612	0.45386	0.00794	0.01278	0.00718	0.00346	0.00515
15	0.01177	0.01107	0.01869	0.76606	0.04291	0.01384	0.01730	0.01592	0.01246	0.01592	0.01107	0.01661	0.00831	0.00623	0.00623	0.00208	0.00831	0.00554	0.00277	0.00692
16	0.00906	0.00604	0.00680	0.00680	0.00680	0.00604	0.00378	0.00906	0.00906	0.01208	0.01963	0.04077	0.02265	0.78103	0.03171	0.00604	0.00604	0.00906	0.00378	0.00378
17	0.02327	0.02970	0.01766	0.01605	0.01926	0.75602	0.01204	0.02488	0.01766	0.01525	0.00963	0.01124	0.00803	0.00642	0.00562	0.00161	0.01124	0.00401	0.00321	0.00722
18	0.01177	0.01107	0.01869	0.76606	0.04291	0.01384	0.01730	0.01592	0.01246	0.01592	0.01107	0.01661	0.00831	0.00623	0.00623	0.00208	0.00831	0.00554	0.00277	0.00692
19	0.02795	0.01060	0.01446	0.01109	0.01591	0.00916	0.00916	0.03036	0.01783	0.74648	0.02458	0.02121	0.01542	0.00771	0.00627	0.00193	0.00530	0.00627	0.00771	0.01060
20	0.02368	0.01745	0.01870	0.01434	0.01932	0.01932	0.01184	0.72139	0.02929	0.03927	0.01496	0.01496	0.01060	0.00748	0.00623	0.00187	0.00686	0.00561	0.00623	0.01060
21	0.00759	0.00542	0.00723	0.00868	0.00904	0.00506	0.00578	0.00868	0.01193	0.01591	0.03434	0.77697	0.04121	0.01952	0.00795	0.00253	0.00361	0.01771	0.00578	0.00506
22	0.00744	0.00631	0.00641	0.00639	0.00846	0.00529	0.00479	0.00908	0.01438	0.01725	0.09741	0.05928	0.70509	0.01563	0.00736	0.00210	0.00314	0.01305	0.00584	0.00529
23	0.02327	0.02970	0.01766	0.01605	0.01926	0.75602	0.01204	0.02488	0.01766	0.01525	0.00963	0.01124	0.00803	0.00642	0.00562	0.00161	0.01124	0.00401	0.00321	0.00722
24	0.01172	0.00734	0.00943	0.00844	0.01049	0.00680	0.00648	0.04277	0.01801	0.11374	0.59722	0.04264	0.07635	0.01202	0.00717	0.00196	0.00340	0.01049	0.00690	0.00663
25	0.82504	0.01205	0.00916	0.00819	0.01205	0.01398	0.00675	0.01832	0.01060	0.02795	0.00868	0.01012	0.00675	0.00578	0.00386	0.00193	0.00482	0.00337	0.00386	0.00675
26	0.00905	0.00608	0.00701	0.00701	0.00708	0.00616	0.00404	0.00920	0.00912	0.01224	0.01944	0.03969	0.02218	0.73201	0.08009	0.00631	0.00675	0.00890	0.00375	0.00389
27	0.01081	0.01022	0.04704	0.08521	0.06427	0.03190	0.02650	0.05649	0.01343	0.01789	0.02618	0.45031	0.05226	0.01445	0.00823	0.00233	0.05857	0.01268	0.00484	0.00638
28	0.01078	0.01448	0.19432	0.01352	0.04041	0.01076	0.04811	0.01435	0.03086	0.01708	0.05389	0.08282	0.07663	0.12337	0.15494	0.00421	0.09105	0.00795	0.00377	0.00671
29	0.01614	0.01099	0.01264	0.01094	0.01415	0.01161	0.00859	0.09145	0.30844	0.14788	0.24316	0.03012	0.04733	0.00972	0.00665	0.00201	0.00453	0.00822	0.00671	0.00873

[dist]
# distance from previous block
# <min> <max>
0	1

[block]
# block no. 2 follows, 36 sequences, length 27
# corresponding to MSA columns:
# 168-194
name=unknown_C
#
# <colnr> <probs for GDERKNQSTAVLIFYWHMCP>
#	G	D	E	R	K	N	Q	S	T	A	V	L	I	F	Y	W	H	M	C	P
0	0.01613	0.04476	0.05759	0.17173	0.24280	0.07163	0.05851	0.14212	0.03766	0.02212	0.01487	0.01872	0.03649	0.00693	0.00626	0.00193	0.00775	0.02945	0.00383	0.00871
1	0.12646	0.17839	0.13826	0.01781	0.15171	0.12322	0.01396	0.08229	0.01516	0.06367	0.01125	0.01288	0.00883	0.00615	0.00564	0.00177	0.02587	0.00447	0.00359	0.00861
2	0.11876	0.16749	0.16931	0.01349	0.01826	0.12524	0.05209	0.01983	0.05419	0.03980	0.11180	0.01750	0.01575	0.00720	0.00625	0.00184	0.04412	0.00541	0.00384	0.00782
3	0.00975	0.00651	0.00833	0.00824	0.00905	0.00716	0.00593	0.01142	0.01042	0.01581	0.01817	0.02887	0.01762	0.26397	0.32951	0.00652	0.03538	0.00717	0.19508	0.00511
4	0.01631	0.71321	0.07212	0.01128	0.01662	0.02387	0.01146	0.01858	0.01257	0.01495	0.00878	0.01031	0.00800	0.00558	0.00474	0.00142	0.03604	0.00348	0.00267	0.00802
5	0.00890	0.00668	0.01001	0.01001	0.01113	0.00779	0.00779	0.01113	0.01001	0.01446	0.01669	0.02448	0.01558	0.04673	0.75634	0.01001	0.01669	0.00668	0.00334	0.00556
6	0.00779	0.00637	0.00681	0.00689	0.00878	0.00551	0.00522	0.00951	0.01424	0.01742	0.11482	0.05873	0.58801	0.05435	0.00870	0.00235	0.00350	0.06992	0.00577	0.00528
7	0.05443	0.01035	0.01383	0.01075	0.01529	0.00909	0.00883	0.02859	0.01757	0.66875	0.07610	0.02267	0.01828	0.00801	0.00626	0.00193	0.00511	0.00653	0.00751	0.01012
8	0.00991	0.00713	0.00985	0.01122	0.01269	0.00708	0.00978	0.01271	0.01434	0.01856	0.03449	0.06977	0.07091	0.01714	0.00854	0.00283	0.00561	0.66601	0.00574	0.00571
9	0.01363	0.01363	0.01908	0.01636	0.01636	0.01908	0.01363	0.01499	0.00954	0.01499	0.00818	0.01363	0.00818	0.01091	0.02045	0.00273	0.76963	0.00545	0.00273	0.00682
10	0.01666	0.78478	0.03265	0.01066	0.01599	0.02465	0.01066	0.01866	0.01266	0.01466	0.00866	0.00999	0.00800	0.00533	0.00400	0.00133	0.00666	0.00333	0.00267	0.00800
11	0.00882	0.00637	0.00833	0.00784	0.00931	0.00588	0.00588	0.01176	0.01764	0.02499	0.73888	0.04654	0.05879	0.01274	0.00735	0.00196	0.00294	0.01127	0.00686	0.00588
12	0.01666	0.78478	0.03265	0.01066	0.01599	0.02465	0.01066	0.01866	0.01266	0.01466	0.00866	0.00999	0.00800	0.00533	0.00400	0.00133	0.00666	0.00333	0.00267	0.00800
13	0.00759	0.00542	0.00723	0.00868	0.00904	0.00506	0.00578	0.00868	0.01193	0.01591	0.03434	0.77697	0.04121	0.01952	0.00795	0.00253	0.00361	0.01771	0.00578	0.00506
14	0.00766	0.00545	0.00721	0.00859	0.00894	0.00510	0.00569	0.00869	0.01180	0.01573	0.03368	0.74395	0.04038	0.05367	0.00902	0.00269	0.00372	0.01732	0.00569	0.00500
15	0.01292	0.01107	0.01292	0.00923	0.01477	0.00831	0.00738	0.01569	0.01292	0.02030	0.01107	0.01292	0.00923	0.00461	0.00461	0.00092	0.00461	0.00369	0.00369	0.81912
16	0.00840	0.00626	0.00860	0.02990	0.03557	0.00601	0.00719	0.01005	0.01274	0.01690	0.06076	0.55181	0.07384	0.01787	0.00790	0.00251	0.00417	0.12844	0.00565	0.00543
17	0.02327	0.02970	0.01766	0.01605	0.01926	0.75602	0.01204	0.02488	0.01766	0.01525	0.00963	0.01124	0.00803	0.00642	0.00562	0.00161	0.01124	0.00401	0.00321	0.00722
18	0.01732	0.41169	0.02599	0.01407	0.07107	0.08680	0.03783	0.09778	0.03972	0.01925	0.01073	0.01218	0.00903	0.00569	0.00485	0.00146	0.00696	0.00414	0.00343	0.12003
19	0.03873	0.13286	0.16420	0.01800	0.04398	0.23289	0.17360	0.04228	0.01548	0.06435	0.01160	0.01352	0.00888	0.00598	0.00587	0.00179	0.00925	0.00500	0.00339	0.00836
20	0.00759	0.00542	0.00723	0.00868	0.00904	0.00506	0.00578	0.00868	0.01193	0.01591	0.03434	0.77697	0.04121	0.01952	0.00795	0.00253	0.00361	0.01771	0.00578	0.00506
21	0.01588	0.01285	0.01701	0.08889	0.17877	0.01377	0.01229	0.25875	0.03868	0.02561	0.03684	0.18545	0.01839	0.00975	0.00694	0.00203	0.02599	0.00839	0.00494	0.03878
22	0.00890	0.00668	0.01001	0.01001	0.01113	0.00779	0.00779	0.01113	0.01001	0.01446	0.01669	0.02448	0.01558	0.04673	0.75634	0.01001	0.01669	0.00668	0.00334	0.00556
23	0.03776	0.08880	0.22587	0.06069	0.05792	0.03343	0.01429	0.08984	0.05972	0.17991	0.04323	0.01779	0.01305	0.02563	0.02341	0.00217	0.00728	0.00556	0.00460	0.00902
24	0.00893	0.00657	0.00948	0.00948	0.01041	0.00750	0.00713	0.01079	0.00986	0.01407	0.01717	0.02716	0.01674	0.16752	0.63714	0.00936	0.01494	0.00707	0.00341	0.00527
25	0.01292	0.01107	0.01292	0.00923	0.01477	0.00831	0.00738	0.01569	0.01292	0.02030	0.01107	0.01292	0.00923	0.00461	0.00461	0.00092	0.00461	0.00369	0.00369	0.81912
26	0.04568	0.03857	0.19321	0.01753	0.11749	0.07327	0.03412	0.21102	0.01841	0.06663	0.04340	0.05857	0.03913	0.00775	0.00617	0.00192	0.00732	0.00633	0.00452	0.00897

[dist]
# distance from previous block
# <min> <max>
0	2

[block]
# block no. 3 follows, 36 sequences, length 29
# corresponding to MSA columns:
# 197-225
name=unknown_D
#
# <colnr> <probs for GDERKNQSTAVLIFYWHMCP>
#	G	D	E	R	K	N	Q	S	T	A	V	L	I	F	Y	W	H	M	C	P
0	0.65784	0.01338	0.04474	0.01042	0.01466	0.01410	0.06691	0.05077	0.01197	0.02706	0.01024	0.03598	0.00832	0.00627	0.00448	0.00196	0.00554	0.00433	0.00392	0.00712
1	0.01205	0.01012	0.01197	0.00904	0.01373	0.00778	0.00709	0.01469	0.01330	0.02038	0.08502	0.08288	0.01692	0.00672	0.00518	0.00117	0.00436	0.00566	0.00419	0.66776
2	0.00938	0.00684	0.00865	0.00882	0.00929	0.00740	0.00620	0.01054	0.01113	0.01572	0.05015	0.27539	0.04628	0.25457	0.04923	0.00385	0.09907	0.03693	0.08554	0.00503
3	0.01363	0.01363	0.01908	0.01636	0.01636	0.01908	0.01363	0.01499	0.00954	0.01499	0.00818	0.01363	0.00818	0.01091	0.02045	0.00273	0.76963	0.00545	0.00273	0.00682
4	0.00775	0.00621	0.00693	0.00699	0.00872	0.00539	0.00515	0.00961	0.01477	0.01874	0.22764	0.14787	0.48130	0.01550	0.00743	0.00212	0.00316	0.01326	0.00605	0.00539
5	0.02489	0.01316	0.01586	0.01209	0.01704	0.01280	0.00996	0.28202	0.02154	0.41496	0.01971	0.01809	0.01304	0.00732	0.00609	0.00181	0.00580	0.00577	0.00677	0.09129
6	0.12095	0.01426	0.01598	0.01239	0.01718	0.01490	0.01024	0.38040	0.02280	0.30099	0.01779	0.01671	0.01193	0.00736	0.00596	0.00190	0.00603	0.00559	0.00650	0.01014
7	0.01292	0.01107	0.01292	0.00923	0.01477	0.00831	0.00738	0.01569	0.01292	0.02030	0.01107	0.01292	0.00923	0.00461	0.00461	0.00092	0.00461	0.00369	0.00369	0.81912
8	0.07032	0.14213	0.36555	0.01704	0.06820	0.05869	0.05201	0.04136	0.03691	0.01976	0.01130	0.01348	0.00877	0.00755	0.03273	0.00216	0.03569	0.00470	0.00307	0.00859
9	0.00889	0.00670	0.00818	0.00903	0.00989	0.00671	0.00618	0.01237	0.11917	0.01713	0.03274	0.57582	0.06085	0.08326	0.00974	0.00276	0.00400	0.01521	0.00569	0.00567
10	0.01363	0.01363	0.01908	0.01636	0.01636	0.01908	0.01363	0.01499	0.00954	0.01499	0.00818	0.01363	0.00818	0.01091	0.02045	0.00273	0.76963	0.00545	0.00273	0.00682
11	0.01292	0.01107	0.01292	0.00923	0.01477	0.00831	0.00738	0.01569	0.01292	0.02030	0.01107	0.01292	0.00923	0.00461	0.00461	0.00092	0.00461	0.00369	0.00369	0.81912
12	0.01373	0.01308	0.02224	0.37496	0.41866	0.01436	0.01828	0.01764	0.01339	0.01830	0.01142	0.01597	0.00915	0.00587	0.00620	0.00196	0.00782	0.00554	0.00294	0.00851
13	0.00890	0.00668	0.01001	0.01001	0.01113	0.00779	0.00779	0.01113	0.01001	0.01446	0.01669	0.02448	0.01558	0.04673	0.75634	0.01001	0.01669	0.00668	0.00334	0.00556
14	0.01573	0.03882	0.01930	0.01595	0.01695	0.09615	0.01320	0.08664	0.01245	0.01743	0.00902	0.01340	0.00840	0.00993	0.01699	0.00248	0.59150	0.00525	0.00312	0.00727
15	0.00890	0.00668	0.01001	0.01001	0.01113	0.00779	0.00779	0.01113	0.01001	0.01446	0.01669	0.02448	0.01558	0.04673	0.75634	0.01001	0.01669	0.00668	0.00334	0.00556
16	0.01537	0.14556	0.09770	0.01398	0.08913	0.01370	0.01134	0.06773	0.06982	0.06110	0.01317	0.01496	0.01057	0.02353	0.02217	0.00172	0.00625	0.00463	0.00394	0.31364
17	0.01675	0.04326	0.01629	0.01537	0.08297	0.14004	0.01104	0.07510	0.39929	0.02306	0.01928	0.01959	0.01501	0.01149	0.08096	0.00275	0.00759	0.00613	0.00508	0.00897
18	0.00904	0.00610	0.00712	0.00712	0.00723	0.00621	0.00418	0.00927	0.00916	0.01232	0.01934	0.03915	0.02195	0.70775	0.10403	0.00644	0.00710	0.00882	0.00373	0.00395
19	0.01015	0.00677	0.00814	0.00755	0.00961	0.00596	0.00575	0.01249	0.01628	0.09374	0.39782	0.04937	0.32626	0.01345	0.00725	0.00201	0.00326	0.01152	0.00652	0.00610
20	0.82504	0.01205	0.00916	0.00819	0.01205	0.01398	0.00675	0.01832	0.01060	0.02795	0.00868	0.01012	0.00675	0.00578	0.00386	0.00193	0.00482	0.00337	0.00386	0.00675
21	0.82504	0.01205	0.00916	0.00819	0.01205	0.01398	0.00675	0.01832	0.01060	0.02795	0.00868	0.01012	0.00675	0.00578	0.00386	0.00193	0.00482	0.00337	0.00386	0.00675
22	0.00736	0.00631	0.00631	0.00631	0.00842	0.00526	0.00473	0.00894	0.01420	0.01683	0.06312	0.05996	0.73964	0.01578	0.00736	0.00210	0.00316	0.01315	0.00579	0.00526
23	0.00771	0.00552	0.00734	0.00859	0.00906	0.00514	0.00579	0.00898	0.01250	0.01681	0.10466	0.70407	0.04296	0.01884	0.00789	0.00247	0.00355	0.01707	0.00589	0.00514
24	0.00756	0.00555	0.00710	0.00835	0.00895	0.00509	0.00564	0.00871	0.01224	0.01603	0.03833	0.67769	0.13791	0.01900	0.00787	0.00247	0.00355	0.01708	0.00578	0.00509
25	0.00794	0.00619	0.00721	0.00725	0.00885	0.00546	0.00533	0.00995	0.01512	0.01972	0.30973	0.16841	0.37609	0.01524	0.00745	0.00212	0.00315	0.01317	0.00618	0.00546
26	0.01622	0.01637	0.02095	0.18090	0.35796	0.13692	0.01610	0.04298	0.11184	0.01995	0.01319	0.01602	0.01050	0.00629	0.00612	0.00189	0.00787	0.00550	0.00358	0.00885
27	0.01309	0.01279	0.01816	0.55066	0.09968	0.08174	0.01582	0.01723	0.03274	0.01721	0.05206	0.01802	0.01170	0.00663	0.00619	0.00199	0.00797	0.00576	0.02334	0.00721
28	0.01291	0.08575	0.60547	0.01805	0.04399	0.01510	0.06778	0.01936	0.01314	0.01921	0.01129	0.01360	0.00831	0.00718	0.03090	0.00220	0.00931	0.00479	0.00270	0.00896

[dist]
# distance from previous block
# <min> <max>
0	48

[block]
# block no. 4 follows, 36 sequences, length 43
# corresponding to MSA columns:
# 274-316
name=unknown_E
#
# <colnr> <probs for GDERKNQSTAVLIFYWHMCP>
#	G	D	E	R	K	N	Q	S	T	A	V	L	I	F	Y	W	H	M	C	P
0	0.00894	0.00644	0.00853	0.00843	0.00984	0.00603	0.00650	0.01177	0.01683	0.02354	0.59476	0.08942	0.05439	0.01378	0.00757	0.00213	0.00340	0.11527	0.00663	0.00581
1	0.02305	0.05492	0.01816	0.01587	0.01915	0.73159	0.01199	0.02467	0.01749	0.01523	0.00960	0.01119	0.00802	0.00638	0.00556	0.00160	0.01108	0.00399	0.00319	0.00725
2	0.82504	0.01205	0.00916	0.00819	0.01205	0.01398	0.00675	0.01832	0.01060	0.02795	0.00868	0.01012	0.00675	0.00578	0.00386	0.00193	0.00482	0.00337	0.00386	0.00675
3	0.00969	0.00692	0.00964	0.01107	0.01235	0.00687	0.00943	0.01230	0.01400	0.01825	0.03318	0.17171	0.03663	0.01754	0.00851	0.00282	0.00543	0.60227	0.00574	0.00564
4	0.02368	0.01745	0.01870	0.01434	0.01932	0.01932	0.01184	0.72139	0.02929	0.03927	0.01496	0.01496	0.01060	0.00748	0.00623	0.00187	0.00686	0.00561	0.00623	0.01060
5	0.02327	0.02970	0.01766	0.01605	0.01926	0.75602	0.01204	0.02488	0.01766	0.01525	0.00963	0.01124	0.00803	0.00642	0.00562	0.00161	0.01124	0.00401	0.00321	0.00722
6	0.01504	0.01521	0.02472	0.19877	0.44887	0.06433	0.10492	0.01889	0.01410	0.01897	0.01154	0.01558	0.00934	0.00572	0.00629	0.00192	0.00825	0.00567	0.00303	0.00885
7	0.00890	0.00668	0.01001	0.01001	0.01113	0.00779	0.00779	0.01113	0.01001	0.01446	0.01669	0.02448	0.01558	0.04673	0.75634	0.01001	0.01669	0.00668	0.00334	0.00556
8	0.01082	0.00541	0.00812	0.00812	0.00812	0.00541	0.00541	0.00812	0.00812	0.01082	0.01082	0.01894	0.01082	0.02165	0.02435	0.81872	0.00541	0.00541	0.00271	0.00271
9	0.82504	0.01205	0.00916	0.00819	0.01205	0.01398	0.00675	0.01832	0.01060	0.02795	0.00868	0.01012	0.00675	0.00578	0.00386	0.00193	0.00482	0.00337	0.00386	0.00675
10	0.01082	0.00541	0.00812	0.00812	0.00812	0.00541	0.00541	0.00812	0.00812	0.01082	0.01082	0.01894	0.01082	0.02165	0.02435	0.81872	0.00541	0.00541	0.00271	0.00271
11	0.82504	0.01205	0.00916	0.00819	0.01205	0.01398	0.00675	0.01832	0.01060	0.02795	0.00868	0.01012	0.00675	0.00578	0.00386	0.00193	0.00482	0.00337	0.00386	0.00675
12	0.00770	0.00550	0.00735	0.00880	0.00920	0.00515	0.00597	0.00886	0.01203	0.01602	0.03428	0.74665	0.04098	0.01942	0.00798	0.00254	0.00371	0.04699	0.00578	0.00509
13	0.01250	0.03223	0.74875	0.01776	0.02697	0.01447	0.02302	0.01973	0.01315	0.01973	0.01118	0.01315	0.00789	0.00592	0.00592	0.00197	0.00921	0.00460	0.00263	0.00921
14	0.01666	0.78478	0.03265	0.01066	0.01599	0.02465	0.01066	0.01866	0.01266	0.01466	0.00866	0.00999	0.00800	0.00533	0.00400	0.00133	0.00666	0.00333	0.00267	0.00800
15	0.01666	0.78478	0.03265	0.01066	0.01599	0.02465	0.01066	0.01866	0.01266	0.01466	0.00866	0.00999	0.00800	0.00533	0.00400	0.00133	0.00666	0.00333	0.00267	0.00800
16	0.01250	0.03223	0.74875	0.01776	0.02697	0.01447	0.02302	0.01973	0.01315	0.01973	0.01118	0.01315	0.00789	0.00592	0.00592	0.00197	0.00921	0.00460	0.00263	0.00921
17	0.00906	0.00604	0.00680	0.00680	0.00680	0.00604	0.00378	0.00906	0.00906	0.01208	0.01963	0.04077	0.02265	0.78103	0.03171	0.00604	0.00604	0.00906	0.00378	0.00378
18	0.00894	0.00651	0.00916	0.00916	0.00998	0.00733	0.00673	0.01058	0.00976	0.01383	0.01747	0.02878	0.01745	0.24080	0.56483	0.00896	0.01387	0.00731	0.00345	0.00509
19	0.00874	0.00634	0.00824	0.00782	0.00928	0.00584	0.00584	0.01159	0.01737	0.02449	0.69887	0.06885	0.07725	0.01303	0.00737	0.00198	0.00297	0.01151	0.00680	0.00584
20	0.01177	0.01107	0.01869	0.76606	0.04291	0.01384	0.01730	0.01592	0.01246	0.01592	0.01107	0.01661	0.00831	0.00623	0.00623	0.00208	0.00831	0.00554	0.00277	0.00692
21	0.00754	0.00563	0.00702	0.00813	0.00889	0.00511	0.00554	0.00874	0.01245	0.01612	0.04097	0.61174	0.20215	0.01866	0.00782	0.00243	0.00351	0.01666	0.00578	0.00511
22	0.01478	0.01415	0.02412	0.16680	0.61866	0.01463	0.01880	0.01856	0.01388	0.01957	0.01161	0.01563	0.00959	0.00567	0.00618	0.00189	0.00756	0.00555	0.00303	0.00935
23	0.01468	0.42765	0.37248	0.01403	0.02120	0.01982	0.01653	0.01917	0.01289	0.01707	0.00986	0.01149	0.00795	0.00561	0.00491	0.00164	0.00787	0.00394	0.00265	0.00857
24	0.02592	0.01051	0.01486	0.01143	0.01604	0.00916	0.03694	0.02849	0.01769	0.66088	0.08046	0.02303	0.01861	0.00801	0.00639	0.00194	0.00532	0.00670	0.00746	0.01014
25	0.58500	0.01539	0.03839	0.03448	0.04618	0.11153	0.00922	0.04181	0.01241	0.02534	0.00929	0.01105	0.00730	0.00606	0.00482	0.00191	0.02518	0.00379	0.00371	0.00716
26	0.00757	0.00550	0.00715	0.00846	0.00898	0.00508	0.00569	0.00870	0.01213	0.01599	0.03691	0.71304	0.10348	0.01919	0.00790	0.00249	0.00357	0.01731	0.00578	0.00508
27	0.03740	0.02052	0.05869	0.06793	0.11397	0.27343	0.07049	0.09265	0.11885	0.04584	0.01415	0.01653	0.01112	0.00686	0.00610	0.00188	0.00857	0.02241	0.00410	0.00852
28	0.00857	0.00634	0.00790	0.00752	0.00904	0.00578	0.00558	0.01114	0.01666	0.02298	0.58775	0.04868	0.17842	0.04624	0.00840	0.00216	0.00311	0.01151	0.00654	0.00568
29	0.01696	0.01435	0.01481	0.03118	0.01662	0.06649	0.01010	0.22849	0.29713	0.02634	0.02147	0.02274	0.05661	0.05850	0.05956	0.00281	0.03483	0.00677	0.00548	0.00878
30	0.01177	0.01107	0.01869	0.76606	0.04291	0.01384	0.01730	0.01592	0.01246	0.01592	0.01107	0.01661	0.00831	0.00623	0.00623	0.00208	0.00831	0.00554	0.00277	0.00692
31	0.01295	0.01117	0.01315	0.00949	0.01482	0.00871	0.00762	0.01566	0.01279	0.02010	0.01097	0.01295	0.00919	0.00485	0.00520	0.00099	0.03316	0.00376	0.00366	0.78881
32	0.01408	0.01630	0.14662	0.05917	0.08291	0.01307	0.21962	0.06981	0.05580	0.04795	0.05765	0.08548	0.04595	0.00793	0.00668	0.00200	0.00751	0.00762	0.00418	0.04966
33	0.07120	0.02864	0.01715	0.01558	0.01883	0.71166	0.01172	0.02449	0.01723	0.01601	0.00957	0.01117	0.00795	0.00638	0.00551	0.00162	0.01085	0.00397	0.00325	0.00719
34	0.00749	0.00619	0.00657	0.00674	0.00856	0.00527	0.00496	0.00909	0.01411	0.01725	0.10417	0.15952	0.59636	0.01610	0.00745	0.00215	0.00321	0.01366	0.00586	0.00527
35	0.01689	0.04294	0.01753	0.01619	0.10017	0.01618	0.03166	0.18265	0.38916	0.02695	0.02049	0.05798	0.01625	0.00832	0.00669	0.00204	0.02581	0.00692	0.00559	0.00959
36	0.01605	0.01366	0.01440	0.01279	0.01641	0.01575	0.01000	0.07944	0.68368	0.02695	0.02466	0.02269	0.01845	0.00839	0.00633	0.00210	0.00506	0.00695	0.00633	0.00991
37	0.67588	0.09827	0.01270	0.00974	0.03771	0.01540	0.00781	0.04613	0.01169	0.02666	0.00903	0.01048	0.00714	0.00579	0.00404	0.00186	0.00519	0.00353	0.00379	0.00714
38	0.01279	0.01088	0.01321	0.07733	0.06969	0.01145	0.00976	0.04426	0.27829	0.02255	0.10754	0.03229	0.13395	0.00984	0.00656	0.00199	0.00499	0.05512	0.00545	0.09206
39	0.01721	0.02341	0.19365	0.01918	0.09511	0.23795	0.06891	0.05962	0.07168	0.01931	0.01175	0.01405	0.00932	0.00702	0.00822	0.00198	0.12475	0.00511	0.00339	0.00838
40	0.02136	0.20919	0.02135	0.01469	0.01838	0.51641	0.01176	0.05852	0.01676	0.01632	0.00962	0.01122	0.00816	0.00638	0.00581	0.00159	0.03773	0.00398	0.00322	0.00756
41	0.01585	0.01356	0.01429	0.01275	0.01634	0.01566	0.00995	0.06268	0.70077	0.02663	0.02491	0.02289	0.01866	0.00841	0.00634	0.00210	0.00501	0.00698	0.00634	0.00989
42	0.00906	0.00604	0.00680	0.00680	0.00680	0.00604	0.00378	0.00906	0.00906	0.01208	0.01963	0.04077	0.02265	0.78103	0.03171	0.00604	0.00604	0.00906	0.00378	0.00378

[dist]
# distance from previous block
# <min> <max>
0	8

[block]
# block no. 5 follows, 36 sequences, length 7
# corresponding to MSA columns:
# 325-331
name=unknown_F
#
# <colnr> <probs for GDERKNQSTAVLIFYWHMCP>
#	G	D	E	R	K	N	Q	S	T	A	V	L	I	F	Y	W	H	M	C	P
0	0.01378	0.01223	0.01791	0.32648	0.19444	0.04109	0.01448	0.09357	0.01495	0.01979	0.06300	0.07679	0.01505	0.00869	0.00758	0.05494	0.00713	0.00681	0.00375	0.00753
1	0.01363	0.01363	0.01908	0.01636	0.01636	0.01908	0.01363	0.01499	0.00954	0.01499	0.00818	0.01363	0.00818	0.01091	0.02045	0.00273	0.76963	0.00545	0.00273	0.00682
2	0.01015	0.00967	0.00876	0.00852	0.01071	0.09686	0.00652	0.01296	0.06067	0.01769	0.09136	0.04917	0.47597	0.01608	0.05570	0.00259	0.00526	0.05007	0.00542	0.00588
3	0.01363	0.01363	0.01908	0.01636	0.01636	0.01908	0.01363	0.01499	0.00954	0.01499	0.00818	0.01363	0.00818	0.01091	0.02045	0.00273	0.76963	0.00545	0.00273	0.00682
4	0.09953	0.44474	0.06335	0.01213	0.01697	0.20240	0.01119	0.02077	0.01396	0.05159	0.00980	0.01102	0.00823	0.00579	0.00459	0.00152	0.00767	0.00371	0.00316	0.00787
5	0.01331	0.06820	0.02184	0.47527	0.26790	0.01494	0.01741	0.01716	0.01303	0.01727	0.01111	0.01575	0.00879	0.00594	0.00605	0.00195	0.00789	0.00538	0.00286	0.00796
6	0.01568	0.06230	0.04248	0.01222	0.01508	0.11678	0.01003	0.10403	0.09105	0.07309	0.07494	0.10159	0.06720	0.01389	0.08514	0.00286	0.09149	0.00770	0.00485	0.00760

[dist]
# distance from previous block
# <min> <max>
0	1

[block]
# block no. 6 follows, 36 sequences, length 43
# corresponding to MSA columns:
# 333-375
name=unknown_G
#
# <colnr> <probs for GDERKNQSTAVLIFYWHMCP>
#	G	D	E	R	K	N	Q	S	T	A	V	L	I	F	Y	W	H	M	C	P
0	0.01177	0.01107	0.01869	0.76606	0.04291	0.01384	0.01730	0.01592	0.01246	0.01592	0.01107	0.01661	0.00831	0.00623	0.00623	0.00208	0.00831	0.00554	0.00277	0.00692
1	0.01441	0.01367	0.02316	0.15848	0.58053	0.01410	0.01802	0.01814	0.01411	0.01989	0.05562	0.01750	0.01257	0.00610	0.00625	0.00189	0.00728	0.00589	0.00326	0.00913
2	0.01177	0.01107	0.01869	0.76606	0.04291	0.01384	0.01730	0.01592	0.01246	0.01592	0.01107	0.01661	0.00831	0.00623	0.00623	0.00208	0.00831	0.00554	0.00277	0.00692
3	0.01666	0.78478	0.03265	0.01066	0.01599	0.02465	0.01066	0.01866	0.01266	0.01466	0.00866	0.00999	0.00800	0.00533	0.00400	0.00133	0.00666	0.00333	0.00267	0.00800
4	0.01286	0.01035	0.01271	0.01351	0.05840	0.01119	0.01043	0.04583	0.28938	0.02226	0.02902	0.04669	0.04751	0.01277	0.00747	0.00246	0.00549	0.34811	0.00583	0.00772
5	0.01613	0.01187	0.01836	0.10456	0.02147	0.01207	0.16341	0.02323	0.19695	0.17702	0.11222	0.02614	0.07136	0.00839	0.00673	0.00205	0.00625	0.00773	0.00554	0.00853
6	0.01520	0.01458	0.02489	0.08229	0.69985	0.01475	0.01901	0.01893	0.01408	0.02009	0.01168	0.01549	0.00977	0.00559	0.00617	0.00186	0.00746	0.00555	0.00307	0.00969
7	0.01161	0.00581	0.00581	0.00581	0.00726	0.00581	0.00436	0.01452	0.01307	0.02323	0.02033	0.02323	0.01597	0.00726	0.00436	0.00145	0.00290	0.00581	0.81562	0.00581
8	0.00899	0.00633	0.00827	0.00827	0.00878	0.00684	0.00561	0.01001	0.00950	0.01317	0.01829	0.03332	0.01942	0.44514	0.36318	0.00786	0.01091	0.00797	0.00358	0.00459
9	0.02284	0.02888	0.01808	0.01727	0.05897	0.71530	0.01243	0.02456	0.01747	0.01553	0.00975	0.01147	0.00813	0.00637	0.00565	0.00162	0.01103	0.00410	0.00320	0.00737
10	0.01471	0.01681	0.03676	0.02626	0.03256	0.01576	0.71954	0.01996	0.01471	0.01996	0.01261	0.01681	0.00945	0.00525	0.00735	0.00210	0.01050	0.00735	0.00315	0.00840
11	0.01271	0.01210	0.02085	0.47412	0.23769	0.01369	0.05569	0.01661	0.01304	0.01739	0.01275	0.06230	0.01080	0.00679	0.00638	0.00204	0.00789	0.00638	0.00306	0.00772
12	0.01309	0.06603	0.67173	0.01763	0.02639	0.03838	0.04291	0.01985	0.01332	0.01937	0.01106	0.01306	0.00795	0.00589	0.00587	0.00194	0.00919	0.00461	0.00267	0.00907
13	0.00904	0.00794	0.05029	0.00876	0.01073	0.00648	0.00733	0.01207	0.01653	0.02289	0.52241	0.04953	0.12662	0.01333	0.00745	0.00211	0.00372	0.11045	0.00634	0.00598
14	0.01550	0.01338	0.01409	0.01268	0.01620	0.01550	0.00986	0.03311	0.73091	0.02606	0.02536	0.02325	0.01902	0.00845	0.00634	0.00211	0.00493	0.00704	0.00634	0.00986
15	0.01184	0.01117	0.01870	0.73678	0.04188	0.01405	0.01716	0.01588	0.01234	0.01588	0.01096	0.01649	0.00830	0.00641	0.00678	0.00210	0.03804	0.00553	0.00277	0.00692
16	0.01354	0.01288	0.02189	0.41277	0.38233	0.01431	0.01819	0.01747	0.01330	0.01807	0.01139	0.01603	0.00906	0.00590	0.00620	0.00197	0.00787	0.00554	0.00292	0.00835
17	0.01177	0.01107	0.01869	0.76606	0.04291	0.01384	0.01730	0.01592	0.01246	0.01592	0.01107	0.01661	0.00831	0.00623	0.00623	0.00208	0.00831	0.00554	0.00277	0.00692
18	0.01666	0.78478	0.03265	0.01066	0.01599	0.02465	0.01066	0.01866	0.01266	0.01466	0.00866	0.00999	0.00800	0.00533	0.00400	0.00133	0.00666	0.00333	0.00267	0.00800
19	0.01230	0.01170	0.01928	0.61407	0.09726	0.01457	0.01700	0.01607	0.01224	0.01617	0.01077	0.01615	0.00842	0.00675	0.00797	0.00214	0.10168	0.00553	0.00279	0.00715
20	0.01403	0.01728	0.13055	0.09125	0.14208	0.03829	0.29331	0.03728	0.01484	0.02040	0.09678	0.01917	0.01489	0.00666	0.00723	0.00202	0.03537	0.00674	0.00353	0.00829
21	0.01550	0.01338	0.01409	0.01268	0.01620	0.01550	0.00986	0.03311	0.73091	0.02606	0.02536	0.02325	0.01902	0.00845	0.00634	0.00211	0.00493	0.00704	0.00634	0.00986
22	0.82504	0.01205	0.00916	0.00819	0.01205	0.01398	0.00675	0.01832	0.01060	0.02795	0.00868	0.01012	0.00675	0.00578	0.00386	0.00193	0.00482	0.00337	0.00386	0.00675
23	0.00766	0.00548	0.00729	0.00863	0.00905	0.00511	0.00579	0.00885	0.01226	0.01643	0.07487	0.73495	0.04222	0.01913	0.00792	0.00250	0.00358	0.01734	0.00585	0.00511
24	0.01905	0.10256	0.02023	0.03966	0.09225	0.26274	0.01294	0.04335	0.01460	0.08996	0.01103	0.01352	0.00909	0.00769	0.00997	0.00199	0.23310	0.00484	0.00353	0.00790
25	0.01870	0.36496	0.02368	0.01288	0.01716	0.25241	0.01096	0.04382	0.16414	0.01792	0.01262	0.01328	0.01037	0.00638	0.00506	0.00160	0.00775	0.00438	0.00370	0.00822
26	0.00851	0.00620	0.00801	0.00790	0.00921	0.00570	0.00580	0.01104	0.01641	0.02288	0.57293	0.17861	0.09523	0.01413	0.00746	0.00207	0.00307	0.01254	0.00660	0.00570
27	0.01971	0.07096	0.02212	0.07979	0.25997	0.06445	0.05386	0.18452	0.01832	0.14436	0.01425	0.01578	0.01056	0.00644	0.00608	0.00185	0.00737	0.00552	0.00454	0.00954
28	0.00919	0.00707	0.01045	0.01028	0.01129	0.00841	0.00800	0.01129	0.00995	0.01441	0.01628	0.02439	0.01538	0.07039	0.68632	0.00943	0.06188	0.00669	0.00332	0.00558
29	0.01731	0.04294	0.04174	0.08749	0.33140	0.07811	0.01510	0.13480	0.05637	0.06234	0.01548	0.01754	0.03903	0.00766	0.02403	0.00206	0.00755	0.00577	0.00410	0.00919
30	0.00781	0.00616	0.00708	0.00741	0.00896	0.00542	0.00547	0.00957	0.01425	0.01809	0.16923	0.22809	0.42009	0.01623	0.00757	0.00222	0.00337	0.05165	0.00596	0.00534
31	0.01228	0.05535	0.14320	0.03429	0.09153	0.05361	0.04730	0.01691	0.08268	0.01918	0.09830	0.23104	0.02416	0.01076	0.00708	0.00208	0.02959	0.00938	0.00447	0.02681
32	0.09858	0.07036	0.05399	0.01752	0.13116	0.11971	0.01285	0.32927	0.06018	0.02860	0.01308	0.01408	0.00991	0.00670	0.00575	0.00182	0.00734	0.00504	0.00469	0.00936
33	0.01200	0.01099	0.05231	0.19477	0.06040	0.01108	0.01146	0.03865	0.11862	0.03818	0.19315	0.07430	0.06473	0.01159	0.03967	0.00244	0.03060	0.02283	0.00493	0.00729
34	0.01279	0.01250	0.01951	0.12555	0.17694	0.01456	0.07582	0.01591	0.03331	0.01737	0.02002	0.02324	0.13913	0.00939	0.01147	0.00226	0.27223	0.00707	0.00350	0.00744
35	0.01726	0.06003	0.19048	0.06184	0.14443	0.15435	0.01543	0.09550	0.05241	0.06633	0.01401	0.05640	0.01145	0.00721	0.00636	0.00190	0.02624	0.00572	0.00389	0.00874
36	0.00953	0.00646	0.00858	0.00936	0.01061	0.00609	0.00725	0.01159	0.01410	0.05297	0.15062	0.33536	0.09825	0.01680	0.00794	0.00248	0.00423	0.23603	0.00604	0.00569
37	0.01599	0.01432	0.05883	0.01370	0.03405	0.01470	0.03363	0.12043	0.45793	0.04786	0.04400	0.06086	0.01902	0.02722	0.00705	0.00217	0.00559	0.00738	0.00589	0.00938
38	0.00766	0.00632	0.00675	0.00677	0.00871	0.00540	0.00510	0.00946	0.01462	0.01801	0.15664	0.08103	0.59867	0.01551	0.00742	0.00212	0.00322	0.03529	0.00594	0.00536
39	0.01730	0.52619	0.16115	0.01235	0.01828	0.03925	0.01292	0.06254	0.01426	0.06985	0.01068	0.01171	0.00867	0.00577	0.00469	0.00153	0.00715	0.00393	0.00325	0.00854
40	0.48136	0.15488	0.03736	0.01063	0.01491	0.05179	0.02633	0.07854	0.03343	0.02501	0.00988	0.01129	0.00785	0.00609	0.00488	0.00183	0.02873	0.00388	0.00379	0.00753
41	0.04196	0.00983	0.01187	0.01045	0.01324	0.01012	0.00818	0.06309	0.14437	0.20754	0.12479	0.14103	0.09715	0.01243	0.03116	0.00237	0.04687	0.00932	0.00624	0.00797
42	0.01573	0.08278	0.01829	0.01361	0.05818	0.05036	0.06555	0.11547	0.01563	0.03914	0.01264	0.04336	0.01067	0.00609	0.00572	0.00140	0.02575	0.00499	0.00401	0.41062

[dist]
# distance from previous block
# <min> <max>
0	1

[block]
# block no. 7 follows, 36 sequences, length 23
# corresponding to MSA columns:
# 377-399
name=unknown_H
#
# <colnr> <probs for GDERKNQSTAVLIFYWHMCP>
#	G	D	E	R	K	N	Q	S	T	A	V	L	I	F	Y	W	H	M	C	P
0	0.00968	0.00631	0.00775	0.00793	0.00934	0.00569	0.00568	0.01138	0.01404	0.07833	0.18288	0.32714	0.21333	0.05274	0.00857	0.00239	0.00360	0.01350	0.03405	0.00570
1	0.01641	0.01427	0.01494	0.01378	0.03919	0.05822	0.01043	0.06775	0.54841	0.04621	0.02285	0.04541	0.01769	0.00865	0.00705	0.00210	0.04432	0.00698	0.00589	0.00946
2	0.00827	0.00633	0.00760	0.00748	0.00912	0.00566	0.00564	0.01061	0.01592	0.02121	0.42098	0.09215	0.30727	0.01442	0.00744	0.00208	0.00318	0.04267	0.00636	0.00560
3	0.00788	0.00583	0.00738	0.00818	0.00911	0.00533	0.00576	0.00949	0.01356	0.01799	0.18136	0.47895	0.16846	0.01741	0.00775	0.00235	0.00347	0.03845	0.00600	0.00528
4	0.02232	0.07350	0.05823	0.01577	0.01949	0.64900	0.01255	0.04703	0.01750	0.01624	0.00983	0.01139	0.00810	0.00636	0.00556	0.00162	0.01072	0.00406	0.00325	0.00749
5	0.00813	0.00664	0.00722	0.00702	0.00901	0.00588	0.00528	0.01079	0.04675	0.01952	0.25026	0.05459	0.51766	0.01461	0.00731	0.00206	0.00317	0.01235	0.00611	0.00564
6	0.01503	0.03508	0.14797	0.12398	0.10700	0.03813	0.07286	0.12518	0.01609	0.06237	0.01821	0.12559	0.03411	0.00891	0.00657	0.00206	0.00730	0.04105	0.00428	0.00824
7	0.00765	0.00545	0.00721	0.00860	0.00894	0.00510	0.00570	0.00869	0.01181	0.01575	0.03373	0.74643	0.04044	0.05111	0.00894	0.00268	0.00372	0.01735	0.00570	0.00501
8	0.01351	0.05295	0.17646	0.08236	0.06017	0.05059	0.05503	0.09242	0.03233	0.02002	0.02064	0.06214	0.08935	0.03066	0.04829	0.00261	0.03218	0.06660	0.00402	0.00768
9	0.01161	0.00581	0.00581	0.00581	0.00726	0.00581	0.00436	0.01452	0.01307	0.02323	0.02033	0.02323	0.01597	0.00726	0.00436	0.00145	0.00290	0.00581	0.81562	0.00581
10	0.01888	0.53244	0.02770	0.01237	0.01708	0.23102	0.01111	0.05613	0.01492	0.01608	0.00926	0.01060	0.00814	0.00575	0.00457	0.00144	0.00796	0.00364	0.00300	0.00791
11	0.01324	0.01271	0.04152	0.31581	0.32221	0.01331	0.01648	0.01689	0.01345	0.03528	0.03291	0.03856	0.06217	0.00728	0.00679	0.00201	0.03141	0.00650	0.00339	0.00809
12	0.01842	0.05893	0.10138	0.03310	0.03776	0.16212	0.01272	0.18682	0.25866	0.02512	0.01686	0.01779	0.01295	0.00744	0.00605	0.00191	0.00736	0.02052	0.00490	0.00918
13	0.01281	0.01023	0.05036	0.01298	0.07913	0.00887	0.04987	0.07382	0.01574	0.10534	0.12749	0.22570	0.17687	0.01266	0.00711	0.00212	0.00493	0.01118	0.00563	0.00716
14	0.01550	0.01338	0.01409	0.01268	0.01620	0.01550	0.00986	0.03311	0.73091	0.02606	0.02536	0.02325	0.01902	0.00845	0.00634	0.00211	0.00493	0.00704	0.00634	0.00986
15	0.01292	0.01107	0.01292	0.00923	0.01477	0.00831	0.00738	0.01569	0.01292	0.02030	0.01107	0.01292	0.00923	0.00461	0.00461	0.00092	0.00461	0.00369	0.00369	0.81912
16	0.01082	0.00541	0.00812	0.00812	0.00812	0.00541	0.00541	0.00812	0.00812	0.01082	0.01082	0.01894	0.01082	0.02165	0.02435	0.81872	0.00541	0.00541	0.00271	0.00271
17	0.01161	0.00581	0.00581	0.00581	0.00726	0.00581	0.00436	0.01452	0.01307	0.02323	0.02033	0.02323	0.01597	0.00726	0.00436	0.00145	0.00290	0.00581	0.81562	0.00581
18	0.01434	0.28572	0.26432	0.01417	0.02006	0.03688	0.06508	0.05403	0.03654	0.01855	0.01518	0.10075	0.03398	0.00768	0.00565	0.00182	0.00741	0.00622	0.00345	0.00818
19	0.01161	0.00581	0.00581	0.00581	0.00726	0.00581	0.00436	0.01452	0.01307	0.02323	0.02033	0.02323	0.01597	0.00726	0.00436	0.00145	0.00290	0.00581	0.81562	0.00581
20	0.01991	0.22442	0.03932	0.01357	0.03538	0.05690	0.01148	0.37069	0.06040	0.02844	0.03442	0.01468	0.01149	0.00683	0.00555	0.00168	0.00677	0.00504	0.00486	0.04817
