[name]
unknown

[dist]
# distance from previous block
# <min> <max>
39	647

[block]
# block no. 0 follows, 33 sequences, length 25
# corresponding to MSA columns:
# 798-822
name=unknown_A
#
# <colnr> <probs for GDERKNQSTAVLIFYWHMCP>
#	G	D	E	R	K	N	Q	S	T	A	V	L	I	F	Y	W	H	M	C	P
0	0.01760	0.77260	0.03450	0.01126	0.01690	0.02605	0.01126	0.01971	0.01338	0.01549	0.00915	0.01056	0.00845	0.00563	0.00422	0.00141	0.00704	0.00352	0.00282	0.00845
1	0.02954	0.01120	0.01528	0.01171	0.01681	0.00968	0.00968	0.03208	0.01884	0.73213	0.02597	0.02241	0.01630	0.00815	0.00662	0.00204	0.00560	0.00662	0.00815	0.01120
2	0.02274	0.01496	0.02140	0.01624	0.02140	0.01505	0.16011	0.24436	0.08692	0.25345	0.05843	0.02096	0.01618	0.00787	0.00693	0.00208	0.00714	0.00701	0.00642	0.01035
3	0.00802	0.00573	0.00764	0.00917	0.00955	0.00535	0.00611	0.00917	0.01260	0.01681	0.03628	0.76434	0.04354	0.02062	0.00840	0.00267	0.00382	0.01872	0.00611	0.00535
4	0.02459	0.03138	0.01866	0.01696	0.02035	0.74221	0.01272	0.02629	0.01866	0.01611	0.01018	0.01187	0.00848	0.00678	0.00594	0.00170	0.01187	0.00424	0.00339	0.00763
5	0.02300	0.01141	0.01461	0.01091	0.01631	0.00931	0.00890	0.02571	0.01671	0.43986	0.02010	0.01881	0.01360	0.00680	0.00590	0.00160	0.00530	0.00550	0.00640	0.33925
6	0.22401	0.01212	0.04083	0.01099	0.01568	0.01091	0.00929	0.02698	0.01623	0.48232	0.02139	0.04378	0.01483	0.03320	0.00692	0.00220	0.00560	0.00628	0.00672	0.00970
7	0.02503	0.01844	0.01976	0.01515	0.02042	0.02042	0.01251	0.70562	0.03095	0.04149	0.01581	0.01581	0.01120	0.00790	0.00659	0.00198	0.00724	0.00593	0.00659	0.01120
8	0.01455	0.01354	0.05257	0.05023	0.01876	0.01070	0.03387	0.08228	0.01532	0.02294	0.01287	0.03606	0.01076	0.00581	0.00540	0.00128	0.00574	0.00481	0.00409	0.59842
9	0.00863	0.00670	0.00784	0.00756	0.00941	0.00592	0.00567	0.01108	0.01700	0.02252	0.42810	0.05556	0.36054	0.01491	0.00777	0.00214	0.00321	0.01280	0.00674	0.00592
10	0.00802	0.00573	0.00764	0.00917	0.00955	0.00535	0.00611	0.00917	0.01260	0.01681	0.03628	0.76434	0.04354	0.02062	0.00840	0.00267	0.00382	0.01872	0.00611	0.00535
11	0.01243	0.01170	0.01975	0.75282	0.04534	0.01463	0.01828	0.01682	0.01316	0.01682	0.01170	0.01755	0.00878	0.00658	0.00658	0.00219	0.00878	0.00585	0.00293	0.00731
12	0.00809	0.00578	0.00770	0.00912	0.00956	0.00539	0.00612	0.00934	0.01292	0.01731	0.07228	0.72691	0.04451	0.02025	0.00837	0.00264	0.00378	0.01836	0.00617	0.00539
13	0.01748	0.01413	0.01509	0.01336	0.01722	0.01613	0.01045	0.05997	0.64879	0.06972	0.02633	0.02411	0.01954	0.00885	0.00669	0.00221	0.00531	0.00734	0.00678	0.01050
14	0.01243	0.01170	0.01975	0.75282	0.04534	0.01463	0.01828	0.01682	0.01316	0.01682	0.01170	0.01755	0.00878	0.00658	0.00658	0.00219	0.00878	0.00585	0.00293	0.00731
15	0.02896	0.01212	0.01585	0.01215	0.01726	0.01104	0.01004	0.11769	0.02038	0.64435	0.02468	0.02157	0.01565	0.00812	0.00662	0.00203	0.00581	0.00653	0.00795	0.01120
16	0.81514	0.01273	0.00968	0.00866	0.01273	0.01477	0.00713	0.01935	0.01120	0.02954	0.00917	0.01069	0.00713	0.00611	0.00407	0.00204	0.00509	0.00356	0.00407	0.00713
17	0.01381	0.13557	0.63831	0.01773	0.02690	0.01677	0.02253	0.02069	0.01383	0.02011	0.01145	0.01344	0.00835	0.00617	0.00598	0.00199	0.00936	0.00468	0.00278	0.00955
18	0.01685	0.01438	0.01515	0.01349	0.01730	0.01660	0.01054	0.07184	0.67805	0.02831	0.02619	0.02408	0.01961	0.00888	0.00669	0.00222	0.00532	0.00736	0.00669	0.01046
19	0.02609	0.01073	0.01438	0.01128	0.01580	0.00950	0.00921	0.05284	0.01924	0.59295	0.13900	0.02652	0.02356	0.00900	0.00680	0.00204	0.00525	0.00745	0.00795	0.01039
20	0.01220	0.00673	0.00981	0.05232	0.01133	0.00700	0.00680	0.04514	0.01000	0.01330	0.01168	0.01965	0.01127	0.02115	0.02362	0.71969	0.00597	0.00574	0.00306	0.00355
21	0.81514	0.01273	0.00968	0.00866	0.01273	0.01477	0.00713	0.01935	0.01120	0.02954	0.00917	0.01069	0.00713	0.00611	0.00407	0.00204	0.00509	0.00356	0.00407	0.00713
22	0.01845	0.03860	0.01632	0.01153	0.01702	0.01055	0.04683	0.05648	0.01618	0.20756	0.04284	0.01752	0.01350	0.00628	0.00567	0.00143	0.00554	0.00522	0.00520	0.45728
23	0.00802	0.00573	0.00764	0.00917	0.00955	0.00535	0.00611	0.00917	0.01260	0.01681	0.03628	0.76434	0.04354	0.02062	0.00840	0.00267	0.00382	0.01872	0.00611	0.00535
24	0.01340	0.01141	0.01337	0.00967	0.01527	0.00863	0.00771	0.01633	0.01394	0.02174	0.05325	0.01572	0.01280	0.00538	0.00504	0.00104	0.00477	0.00437	0.00410	0.76207

[dist]
# distance from previous block
# <min> <max>
0	1

[block]
# block no. 1 follows, 33 sequences, length 25
# corresponding to MSA columns:
# 824-848
name=unknown_B
#
# <colnr> <probs for GDERKNQSTAVLIFYWHMCP>
#	G	D	E	R	K	N	Q	S	T	A	V	L	I	F	Y	W	H	M	C	P
0	0.17447	0.33392	0.13318	0.01298	0.01856	0.07193	0.03540	0.04339	0.01421	0.05578	0.01122	0.01289	0.00907	0.00809	0.03847	0.00215	0.00797	0.00432	0.00354	0.00845
1	0.05271	0.64575	0.03163	0.01189	0.01676	0.02482	0.01147	0.01922	0.01288	0.01616	0.00909	0.01104	0.00841	0.00638	0.00635	0.00162	0.09892	0.00380	0.00288	0.00824
2	0.01144	0.00572	0.00858	0.00858	0.00858	0.00572	0.00572	0.00858	0.00858	0.01144	0.01144	0.02001	0.01144	0.02287	0.02573	0.80846	0.00572	0.00572	0.00286	0.00286
3	0.02107	0.01373	0.01550	0.01309	0.01737	0.01485	0.01042	0.10301	0.44397	0.23261	0.02543	0.02304	0.01808	0.00860	0.00666	0.00215	0.00553	0.00705	0.00711	0.01073
4	0.00878	0.00671	0.00806	0.00772	0.00951	0.00598	0.00579	0.01138	0.01737	0.02339	0.49431	0.05413	0.29379	0.01458	0.00777	0.00212	0.00319	0.01260	0.00685	0.00598
5	0.00957	0.00638	0.00718	0.00718	0.00718	0.00638	0.00399	0.00957	0.00957	0.01276	0.02074	0.04308	0.02393	0.76864	0.03351	0.00638	0.00638	0.00957	0.00399	0.00399
6	0.01714	0.01656	0.02926	0.13602	0.06237	0.01721	0.35612	0.16835	0.05789	0.02503	0.01417	0.01751	0.01061	0.00663	0.00769	0.00217	0.03501	0.00691	0.00414	0.00924
7	0.02039	0.01267	0.01657	0.01308	0.01680	0.01319	0.01077	0.05453	0.01531	0.28793	0.01631	0.01728	0.01194	0.00831	0.01079	0.00201	0.23807	0.00559	0.00531	0.22315
8	0.02459	0.03138	0.01866	0.01696	0.02035	0.74221	0.01272	0.02629	0.01866	0.01611	0.01018	0.01187	0.00848	0.00678	0.00594	0.00170	0.01187	0.00424	0.00339	0.00763
9	0.01576	0.01507	0.02104	0.01754	0.01852	0.02002	0.04844	0.10074	0.01291	0.01925	0.00975	0.01474	0.00902	0.01078	0.01907	0.00274	0.62758	0.00588	0.00336	0.00777
10	0.02450	0.01818	0.01946	0.01504	0.02022	0.02017	0.01239	0.66506	0.07236	0.04065	0.01647	0.01634	0.01173	0.00797	0.00659	0.00199	0.00712	0.00602	0.00659	0.01115
11	0.05330	0.01430	0.01490	0.01327	0.01709	0.01651	0.01038	0.06889	0.64816	0.02835	0.02542	0.02348	0.01904	0.00875	0.00657	0.00221	0.00531	0.00719	0.00657	0.01031
12	0.00940	0.00705	0.01058	0.01058	0.01176	0.00823	0.00823	0.01176	0.01058	0.01528	0.01763	0.02586	0.01646	0.04937	0.74255	0.01058	0.01763	0.00705	0.00353	0.00588
13	0.01320	0.03405	0.73453	0.01876	0.02849	0.01529	0.02432	0.02085	0.01390	0.02085	0.01181	0.01390	0.00834	0.00625	0.00625	0.00208	0.00973	0.00486	0.00278	0.00973
14	0.01514	0.01165	0.01380	0.00993	0.01571	0.00886	0.00798	0.01803	0.01414	0.08808	0.01304	0.01447	0.01036	0.00518	0.00504	0.00107	0.00494	0.00416	0.00430	0.73410
15	0.00828	0.00609	0.00776	0.00862	0.00952	0.00557	0.00598	0.00994	0.01430	0.01911	0.19596	0.50414	0.14360	0.01845	0.00817	0.00247	0.00359	0.01650	0.00637	0.00557
16	0.02280	0.02074	0.28981	0.01479	0.02167	0.01305	0.01558	0.10502	0.01835	0.38197	0.01941	0.01841	0.01268	0.00740	0.00648	0.00205	0.00736	0.00587	0.00592	0.01064
17	0.01122	0.00579	0.00842	0.00842	0.00842	0.00579	0.00552	0.00869	0.00869	0.01159	0.01249	0.02263	0.01285	0.10746	0.02661	0.71748	0.00579	0.00615	0.00299	0.00299
18	0.02954	0.01120	0.01528	0.01171	0.01681	0.00968	0.00968	0.03208	0.01884	0.73213	0.02597	0.02241	0.01630	0.00815	0.00662	0.00204	0.00560	0.00662	0.00815	0.01120
19	0.01395	0.01403	0.02147	0.01720	0.02031	0.06698	0.22467	0.04638	0.03250	0.02034	0.10485	0.09014	0.07670	0.01323	0.06225	0.00291	0.15124	0.00894	0.00442	0.00750
20	0.01473	0.01516	0.02036	0.56016	0.11802	0.12624	0.01765	0.01865	0.01421	0.01724	0.01154	0.01654	0.00892	0.00653	0.00648	0.00209	0.00914	0.00561	0.00303	0.00771
21	0.02114	0.26658	0.06216	0.01595	0.02067	0.40215	0.06193	0.04474	0.01689	0.01730	0.01033	0.01210	0.00865	0.00634	0.00556	0.00167	0.01002	0.00435	0.00327	0.00820
22	0.01926	0.03892	0.07990	0.01453	0.01881	0.10593	0.01239	0.24620	0.22409	0.02828	0.04954	0.01923	0.01534	0.00907	0.00825	0.04321	0.04587	0.00626	0.00544	0.00947
23	0.05387	0.07387	0.08848	0.07052	0.02115	0.04429	0.14823	0.01638	0.01337	0.01858	0.01859	0.18790	0.01890	0.03617	0.04544	0.00280	0.06299	0.03970	0.00402	0.03476
24	0.04307	0.41175	0.07968	0.01295	0.01805	0.01957	0.06310	0.05230	0.01385	0.01834	0.01175	0.01471	0.01025	0.01417	0.14668	0.00331	0.00941	0.00476	0.00327	0.04902

[dist]
# distance from previous block
# <min> <max>
8	23

[block]
# block no. 2 follows, 33 sequences, length 133
# corresponding to MSA columns:
# 872-1004
name=unknown_C
#
# <colnr> <probs for GDERKNQSTAVLIFYWHMCP>
#	G	D	E	R	K	N	Q	S	T	A	V	L	I	F	Y	W	H	M	C	P
0	0.06752	0.01743	0.03695	0.02651	0.03300	0.01653	0.65838	0.02097	0.01526	0.02164	0.01305	0.01730	0.00980	0.00559	0.00753	0.00221	0.01071	0.00750	0.00338	0.00877
1	0.01760	0.77260	0.03450	0.01126	0.01690	0.02605	0.01126	0.01971	0.01338	0.01549	0.00915	0.01056	0.00845	0.00563	0.00422	0.00141	0.00704	0.00352	0.00282	0.00845
2	0.01434	0.01425	0.02047	0.07706	0.05585	0.01949	0.01501	0.01614	0.01058	0.01621	0.00908	0.01475	0.00874	0.01084	0.01964	0.00278	0.65872	0.00577	0.00290	0.00738
3	0.81514	0.01273	0.00968	0.00866	0.01273	0.01477	0.00713	0.01935	0.01120	0.02954	0.00917	0.01069	0.00713	0.00611	0.00407	0.00204	0.00509	0.00356	0.00407	0.00713
4	0.08249	0.01192	0.01981	0.33353	0.06605	0.01342	0.12481	0.01644	0.01360	0.01949	0.06644	0.12478	0.01767	0.00911	0.00776	0.00227	0.05099	0.00821	0.00387	0.00734
5	0.00902	0.00650	0.00872	0.00908	0.00983	0.00677	0.00639	0.01053	0.01169	0.01609	0.08419	0.22943	0.05017	0.20997	0.29410	0.00651	0.00962	0.01137	0.00471	0.00530
6	0.01760	0.77260	0.03450	0.01126	0.01690	0.02605	0.01126	0.01971	0.01338	0.01549	0.00915	0.01056	0.00845	0.00563	0.00422	0.00141	0.00704	0.00352	0.00282	0.00845
7	0.66171	0.05355	0.01228	0.00988	0.01403	0.07992	0.00813	0.05714	0.01304	0.02828	0.00961	0.01107	0.00754	0.00624	0.00438	0.00197	0.00591	0.00375	0.00409	0.00746
8	0.00795	0.00668	0.00690	0.00684	0.00899	0.00563	0.00513	0.00977	0.01540	0.01871	0.13747	0.06183	0.65355	0.01633	0.00778	0.00221	0.00331	0.01368	0.00624	0.00563
9	0.01553	0.01815	0.06403	0.02874	0.10726	0.01649	0.60577	0.02099	0.01542	0.02112	0.01316	0.01746	0.00997	0.00561	0.00758	0.00219	0.01070	0.00746	0.00330	0.00907
10	0.01243	0.01170	0.01975	0.75282	0.04534	0.01463	0.01828	0.01682	0.01316	0.01682	0.01170	0.01755	0.00878	0.00658	0.00658	0.00219	0.00878	0.00585	0.00293	0.00731
11	0.00912	0.00672	0.00852	0.00807	0.00971	0.00613	0.00605	0.01204	0.01816	0.02528	0.63887	0.05101	0.14804	0.01388	0.00777	0.00209	0.00314	0.01216	0.00710	0.00613
12	0.00841	0.00598	0.00743	0.00842	0.00887	0.00564	0.00545	0.00930	0.01202	0.01583	0.03490	0.51238	0.09891	0.21701	0.01495	0.00361	0.00445	0.01588	0.00555	0.00501
13	0.00957	0.00638	0.00718	0.00718	0.00718	0.00638	0.00399	0.00957	0.00957	0.01276	0.02074	0.04308	0.02393	0.76864	0.03351	0.00638	0.00638	0.00957	0.00399	0.00399
14	0.81514	0.01273	0.00968	0.00866	0.01273	0.01477	0.00713	0.01935	0.01120	0.02954	0.00917	0.01069	0.00713	0.00611	0.00407	0.00204	0.00509	0.00356	0.00407	0.00713
15	0.22868	0.01634	0.01677	0.01318	0.01813	0.01803	0.01088	0.47060	0.02482	0.09838	0.01498	0.01506	0.01059	0.00746	0.00594	0.00200	0.00655	0.00538	0.00608	0.01015
16	0.68507	0.01477	0.01124	0.00988	0.01399	0.07699	0.00803	0.07461	0.01341	0.02935	0.00978	0.01120	0.00757	0.00631	0.00443	0.00200	0.00584	0.00381	0.00422	0.00750
17	0.00816	0.00583	0.00780	0.00932	0.00976	0.00546	0.00635	0.00940	0.01274	0.01696	0.03621	0.72791	0.04324	0.02050	0.00844	0.00269	0.00394	0.05380	0.00611	0.00538
18	0.01426	0.01390	0.02441	0.38844	0.29739	0.01538	0.09267	0.01851	0.01401	0.01900	0.01204	0.01702	0.00952	0.00635	0.00712	0.00213	0.03008	0.00606	0.00309	0.00864
19	0.00957	0.00638	0.00718	0.00718	0.00718	0.00638	0.00399	0.00957	0.00957	0.01276	0.02074	0.04308	0.02393	0.76864	0.03351	0.00638	0.00638	0.00957	0.00399	0.00399
20	0.01144	0.00572	0.00858	0.00858	0.00858	0.00572	0.00572	0.00858	0.00858	0.01144	0.01144	0.02001	0.01144	0.02287	0.02573	0.80846	0.00572	0.00572	0.00286	0.00286
21	0.00802	0.00573	0.00764	0.00917	0.00955	0.00535	0.00611	0.00917	0.01260	0.01681	0.03628	0.76434	0.04354	0.02062	0.00840	0.00267	0.00382	0.01872	0.00611	0.00535
22	0.01494	0.01530	0.02008	0.01727	0.01745	0.05828	0.01431	0.01639	0.01053	0.01586	0.00872	0.01427	0.00863	0.01127	0.02078	0.00282	0.71727	0.00568	0.00291	0.00722
23	0.01437	0.01404	0.02214	0.46760	0.28310	0.05026	0.01869	0.01846	0.01407	0.01843	0.01187	0.01684	0.00934	0.00634	0.00653	0.00209	0.00859	0.00578	0.00306	0.00842
24	0.00801	0.00576	0.00760	0.00908	0.00953	0.00535	0.00607	0.00918	0.01269	0.01684	0.03736	0.73955	0.06764	0.02049	0.00838	0.00266	0.00380	0.01854	0.00611	0.00535
25	0.00809	0.00578	0.00770	0.00912	0.00956	0.00539	0.00612	0.00934	0.01292	0.01731	0.07231	0.72689	0.04451	0.02025	0.00837	0.00264	0.00378	0.01836	0.00617	0.00539
26	0.00920	0.00622	0.00729	0.00766	0.00775	0.00613	0.00450	0.00947	0.01031	0.01374	0.02451	0.21799	0.02869	0.58725	0.02742	0.00548	0.00576	0.01179	0.00450	0.00432
27	0.00802	0.00573	0.00764	0.00917	0.00955	0.00535	0.00611	0.00917	0.01260	0.01681	0.03628	0.76434	0.04354	0.02062	0.00840	0.00267	0.00382	0.01872	0.00611	0.00535
28	0.01760	0.77260	0.03450	0.01126	0.01690	0.02605	0.01126	0.01971	0.01338	0.01549	0.00915	0.01056	0.00845	0.00563	0.00422	0.00141	0.00704	0.00352	0.00282	0.00845
29	0.02700	0.01527	0.01779	0.01364	0.01883	0.01571	0.01127	0.41032	0.02564	0.34429	0.02026	0.01870	0.01343	0.00801	0.00660	0.00200	0.00652	0.00623	0.00727	0.01120
30	0.00802	0.00573	0.00764	0.00917	0.00955	0.00535	0.00611	0.00917	0.01260	0.01681	0.03628	0.76434	0.04354	0.02062	0.00840	0.00267	0.00382	0.01872	0.00611	0.00535
31	0.02503	0.01844	0.01976	0.01515	0.02042	0.02042	0.01251	0.70562	0.03095	0.04149	0.01581	0.01581	0.01120	0.00790	0.00659	0.00198	0.00724	0.00593	0.00659	0.01120
32	0.00941	0.00702	0.01040	0.01040	0.01151	0.00813	0.00801	0.01164	0.01053	0.01515	0.01780	0.02677	0.01685	0.08735	0.70512	0.01036	0.01704	0.00719	0.00355	0.00578
33	0.00802	0.00573	0.00764	0.00917	0.00955	0.00535	0.00611	0.00917	0.01260	0.01681	0.03628	0.76434	0.04354	0.02062	0.00840	0.00267	0.00382	0.01872	0.00611	0.00535
34	0.02503	0.01844	0.01976	0.01515	0.02042	0.02042	0.01251	0.70562	0.03095	0.04149	0.01581	0.01581	0.01120	0.00790	0.00659	0.00198	0.00724	0.00593	0.00659	0.01120
35	0.01440	0.01440	0.02016	0.01728	0.01728	0.02016	0.01440	0.01584	0.01008	0.01584	0.00864	0.01440	0.00864	0.01152	0.02160	0.00288	0.75659	0.00576	0.00288	0.00720
36	0.78463	0.01354	0.03725	0.00904	0.01333	0.01479	0.00778	0.01941	0.01131	0.02921	0.00927	0.01082	0.00718	0.00612	0.00416	0.00204	0.00527	0.00361	0.00402	0.00723
37	0.01553	0.01760	0.03793	0.02788	0.05694	0.01671	0.66218	0.02092	0.01537	0.02096	0.01316	0.01762	0.00997	0.00572	0.00811	0.00223	0.03133	0.00765	0.00332	0.00888
38	0.00802	0.00573	0.00764	0.00917	0.00955	0.00535	0.00611	0.00917	0.01260	0.01681	0.03628	0.76434	0.04354	0.02062	0.00840	0.00267	0.00382	0.01872	0.00611	0.00535
39	0.02503	0.01844	0.01976	0.01515	0.02042	0.02042	0.01251	0.70562	0.03095	0.04149	0.01581	0.01581	0.01120	0.00790	0.00659	0.00198	0.00724	0.00593	0.00659	0.01120
40	0.00826	0.00598	0.00781	0.00884	0.00956	0.00553	0.00606	0.00982	0.01394	0.01875	0.17352	0.57967	0.08993	0.01897	0.00824	0.00253	0.00365	0.01707	0.00633	0.00553
41	0.02496	0.02040	0.01959	0.01542	0.02041	0.12990	0.01254	0.60258	0.02909	0.03764	0.01495	0.01521	0.01078	0.00773	0.00649	0.00193	0.00795	0.00567	0.00610	0.01066
42	0.00802	0.00573	0.00764	0.00917	0.00955	0.00535	0.00611	0.00917	0.01260	0.01681	0.03628	0.76434	0.04354	0.02062	0.00840	0.00267	0.00382	0.01872	0.00611	0.00535
43	0.01763	0.13679	0.27515	0.01819	0.02466	0.22270	0.12309	0.02320	0.06204	0.01921	0.01219	0.01414	0.00943	0.00638	0.00613	0.00191	0.00986	0.00511	0.00330	0.00886
44	0.01243	0.01170	0.01975	0.75282	0.04534	0.01463	0.01828	0.01682	0.01316	0.01682	0.01170	0.01755	0.00878	0.00658	0.00658	0.00219	0.00878	0.00585	0.00293	0.00731
45	0.01060	0.00782	0.01172	0.09293	0.01595	0.00842	0.02640	0.01272	0.01249	0.01668	0.02337	0.04510	0.02419	0.10140	0.20291	0.09192	0.00947	0.27579	0.00444	0.00567
46	0.00787	0.00650	0.00690	0.00716	0.00904	0.00554	0.00523	0.00948	0.01468	0.01786	0.07996	0.18724	0.58528	0.01728	0.00789	0.00230	0.00341	0.01469	0.00615	0.00554
47	0.00842	0.00636	0.00929	0.01015	0.01086	0.00594	0.04294	0.00980	0.01276	0.01703	0.03507	0.72493	0.04177	0.01983	0.00837	0.00265	0.00420	0.01814	0.00596	0.00553
48	0.00907	0.00672	0.00846	0.00802	0.00968	0.00611	0.00602	0.01194	0.01805	0.02501	0.61771	0.05147	0.16937	0.01398	0.00777	0.00210	0.00314	0.01223	0.00706	0.00611
49	0.01760	0.77260	0.03450	0.01126	0.01690	0.02605	0.01126	0.01971	0.01338	0.01549	0.00915	0.01056	0.00845	0.00563	0.00422	0.00141	0.00704	0.00352	0.00282	0.00845
50	0.00845	0.00670	0.00759	0.00737	0.00930	0.00584	0.00553	0.01074	0.01658	0.02151	0.35124	0.05722	0.43802	0.01528	0.00777	0.00216	0.00324	0.01303	0.00660	0.00584
51	0.01760	0.77260	0.03450	0.01126	0.01690	0.02605	0.01126	0.01971	0.01338	0.01549	0.00915	0.01056	0.00845	0.00563	0.00422	0.00141	0.00704	0.00352	0.00282	0.00845
52	0.01760	0.77260	0.03450	0.01126	0.01690	0.02605	0.01126	0.01971	0.01338	0.01549	0.00915	0.01056	0.00845	0.00563	0.00422	0.00141	0.00704	0.00352	0.00282	0.00845
53	0.00778	0.00667	0.00667	0.00667	0.00889	0.00556	0.00500	0.00945	0.01501	0.01778	0.06669	0.06336	0.72490	0.01667	0.00778	0.00222	0.00333	0.01389	0.00611	0.00556
54	0.00957	0.00638	0.00718	0.00718	0.00718	0.00638	0.00399	0.00957	0.00957	0.01276	0.02074	0.04308	0.02393	0.76864	0.03351	0.00638	0.00638	0.00957	0.00399	0.00399
55	0.00932	0.00673	0.00880	0.00828	0.00984	0.00621	0.00621	0.01242	0.01863	0.02640	0.72410	0.04918	0.06212	0.01346	0.00776	0.00207	0.00311	0.01191	0.00725	0.00621
56	0.81514	0.01273	0.00968	0.00866	0.01273	0.01477	0.00713	0.01935	0.01120	0.02954	0.00917	0.01069	0.00713	0.00611	0.00407	0.00204	0.00509	0.00356	0.00407	0.00713
57	0.01320	0.03405	0.73453	0.01876	0.02849	0.01529	0.02432	0.02085	0.01390	0.02085	0.01181	0.01390	0.00834	0.00625	0.00625	0.00208	0.00973	0.00486	0.00278	0.00973
58	0.01440	0.01475	0.05959	0.30947	0.40489	0.01488	0.01916	0.01865	0.01438	0.01987	0.03891	0.01789	0.01164	0.00644	0.00658	0.00206	0.00810	0.00604	0.00326	0.00905
59	0.72003	0.01324	0.01088	0.02877	0.01431	0.01529	0.00793	0.08362	0.01311	0.03032	0.00986	0.01135	0.00755	0.00629	0.00438	0.00204	0.00539	0.00385	0.00428	0.00752
60	0.01637	0.01414	0.01489	0.01340	0.01712	0.01637	0.01042	0.03498	0.71568	0.02754	0.02679	0.02456	0.02010	0.00893	0.00670	0.00223	0.00521	0.00744	0.00670	0.01042
61	0.01243	0.01170	0.01975	0.75282	0.04534	0.01463	0.01828	0.01682	0.01316	0.01682	0.01170	0.01755	0.00878	0.00658	0.00658	0.00219	0.00878	0.00585	0.00293	0.00731
62	0.00815	0.00582	0.00779	0.00932	0.00976	0.00546	0.00634	0.00940	0.01273	0.01695	0.03621	0.72905	0.04325	0.02050	0.00844	0.00269	0.00393	0.05271	0.00611	0.00538
63	0.01427	0.01382	0.02334	0.36069	0.25868	0.01577	0.07194	0.01882	0.04033	0.01896	0.01229	0.01709	0.00982	0.00689	0.00828	0.00219	0.08902	0.00606	0.00320	0.00854
64	0.01443	0.01504	0.07141	0.13442	0.24018	0.03129	0.03499	0.01827	0.01437	0.02074	0.03712	0.01641	0.01153	0.00591	0.00596	0.00164	0.00703	0.00528	0.00356	0.31042
65	0.01683	0.54037	0.21730	0.01343	0.02012	0.02294	0.01475	0.05509	0.01441	0.01822	0.01019	0.01170	0.00856	0.00591	0.00488	0.00161	0.00776	0.00400	0.00300	0.00892
66	0.01760	0.77260	0.03450	0.01126	0.01690	0.02605	0.01126	0.01971	0.01338	0.01549	0.00915	0.01056	0.00845	0.00563	0.00422	0.00141	0.00704	0.00352	0.00282	0.00845
67	0.00924	0.00673	0.00869	0.00820	0.00979	0.00618	0.00615	0.01227	0.01844	0.02594	0.68939	0.04992	0.09711	0.01363	0.00777	0.00208	0.00312	0.01201	0.00719	0.00618
68	0.01356	0.01253	0.05436	0.13433	0.07215	0.01262	0.08072	0.06527	0.01524	0.04637	0.07130	0.15714	0.02348	0.01177	0.00929	0.00243	0.09931	0.10575	0.00474	0.00762
69	0.02893	0.05015	0.01626	0.01169	0.01681	0.01051	0.00976	0.03145	0.01856	0.69548	0.02511	0.02180	0.01589	0.00802	0.00650	0.00200	0.00568	0.00646	0.00788	0.01106
70	0.00829	0.00592	0.00795	0.00947	0.00997	0.00558	0.00658	0.00963	0.01287	0.01711	0.03614	0.69261	0.04295	0.02037	0.00847	0.00271	0.00405	0.08779	0.00611	0.00542
71	0.00793	0.00608	0.00727	0.00823	0.00930	0.00543	0.00569	0.00927	0.01351	0.01717	0.04774	0.50027	0.30022	0.01914	0.00817	0.00250	0.00364	0.01690	0.00611	0.00543
72	0.02646	0.01254	0.01727	0.03684	0.11013	0.01178	0.01156	0.08952	0.04443	0.53338	0.02294	0.02097	0.01501	0.00781	0.00661	0.00203	0.00611	0.00647	0.00718	0.01096
73	0.01880	0.01427	0.01545	0.01339	0.01744	0.01605	0.01056	0.10685	0.56266	0.10923	0.02552	0.02337	0.01871	0.00873	0.00668	0.00218	0.00547	0.00719	0.00685	0.01059
74	0.01554	0.01776	0.03885	0.02775	0.03441	0.01665	0.70366	0.02109	0.01554	0.02109	0.01332	0.01776	0.00999	0.00555	0.00777	0.00222	0.01110	0.00777	0.00333	0.00888
75	0.01768	0.04445	0.12313	0.04624	0.14770	0.06863	0.24402	0.04095	0.08780	0.09105	0.01522	0.01742	0.01133	0.00648	0.00681	0.00207	0.00896	0.00640	0.00412	0.00955
76	0.01484	0.01378	0.05548	0.43473	0.08780	0.05212	0.03878	0.01876	0.01453	0.09460	0.01938	0.02259	0.08933	0.00778	0.00670	0.00213	0.00805	0.00676	0.00390	0.00797
77	0.00801	0.00658	0.00708	0.00731	0.00922	0.00565	0.00544	0.00975	0.01491	0.01824	0.10097	0.15644	0.56799	0.01706	0.00791	0.00230	0.00349	0.03988	0.00618	0.00559
78	0.10299	0.01585	0.03094	0.06517	0.02997	0.01524	0.48107	0.02237	0.01545	0.13289	0.01476	0.01772	0.01060	0.00608	0.00713	0.00217	0.00946	0.00703	0.00414	0.00896
79	0.07985	0.03608	0.11531	0.09690	0.08100	0.01499	0.09018	0.14161	0.03369	0.22053	0.01667	0.01749	0.01159	0.00702	0.00643	0.00205	0.00755	0.00596	0.00521	0.00988
80	0.00941	0.00672	0.00923	0.01075	0.01174	0.00654	0.00852	0.01156	0.01397	0.01836	0.03552	0.39461	0.04051	0.01932	0.00877	0.00287	0.00502	0.37476	0.00608	0.00573
81	0.00918	0.00672	0.00861	0.00814	0.00975	0.00615	0.00610	0.01215	0.01831	0.02562	0.66462	0.05046	0.12208	0.01375	0.00777	0.00208	0.00313	0.01209	0.00714	0.00615
82	0.01483	0.01204	0.01403	0.01011	0.01590	0.00942	0.00812	0.05351	0.01475	0.04820	0.01243	0.01408	0.01006	0.00515	0.00503	0.00107	0.00503	0.00411	0.00420	0.73794
83	0.81514	0.01273	0.00968	0.00866	0.01273	0.01477	0.00713	0.01935	0.01120	0.02954	0.00917	0.01069	0.00713	0.00611	0.00407	0.00204	0.00509	0.00356	0.00407	0.00713
84	0.00957	0.00638	0.00718	0.00718	0.00718	0.00638	0.00399	0.00957	0.00957	0.01276	0.02074	0.04308	0.02393	0.76864	0.03351	0.00638	0.00638	0.00957	0.00399	0.00399
85	0.01390	0.01320	0.02240	0.48173	0.30494	0.01501	0.01901	0.01811	0.01386	0.01860	0.01196	0.01707	0.00940	0.00631	0.00656	0.00210	0.00841	0.00586	0.00305	0.00850
86	0.00949	0.00635	0.00720	0.00729	0.00731	0.00633	0.00410	0.00955	0.00973	0.01298	0.02156	0.08116	0.02497	0.72915	0.03218	0.00619	0.00625	0.01006	0.00410	0.00406
87	0.02459	0.03138	0.01866	0.01696	0.02035	0.74221	0.01272	0.02629	0.01866	0.01611	0.01018	0.01187	0.00848	0.00678	0.00594	0.00170	0.01187	0.00424	0.00339	0.00763
88	0.00802	0.00573	0.00764	0.00917	0.00955	0.00535	0.00611	0.00917	0.01260	0.01681	0.03628	0.76434	0.04354	0.02062	0.00840	0.00267	0.00382	0.01872	0.00611	0.00535
89	0.81514	0.01273	0.00968	0.00866	0.01273	0.01477	0.00713	0.01935	0.01120	0.02954	0.00917	0.01069	0.00713	0.00611	0.00407	0.00204	0.00509	0.00356	0.00407	0.00713
90	0.00955	0.00647	0.00760	0.00760	0.00774	0.00661	0.00451	0.00984	0.00970	0.01308	0.02036	0.04096	0.02301	0.67986	0.12103	0.00690	0.00777	0.00926	0.00393	0.00422
91	0.02503	0.01844	0.01976	0.01515	0.02042	0.02042	0.01251	0.70562	0.03095	0.04149	0.01581	0.01581	0.01120	0.00790	0.00659	0.00198	0.00724	0.00593	0.00659	0.01120
92	0.73056	0.01257	0.01028	0.00899	0.01317	0.01422	0.00740	0.02072	0.01203	0.10518	0.01098	0.01196	0.00812	0.00633	0.00435	0.00204	0.00515	0.00389	0.00451	0.00757
93	0.01629	0.01564	0.02672	0.04041	0.72757	0.01564	0.02020	0.02020	0.01499	0.02151	0.01238	0.01629	0.01043	0.00587	0.00652	0.00196	0.00782	0.00587	0.00326	0.01043
94	0.00941	0.00703	0.01048	0.01048	0.01162	0.00817	0.00810	0.01169	0.01055	0.01521	0.01773	0.02639	0.01669	0.07141	0.72082	0.01045	0.01729	0.00713	0.00354	0.00582
95	0.00961	0.00677	0.00827	0.00819	0.00853	0.00715	0.00525	0.01022	0.01001	0.01359	0.02145	0.03927	0.04828	0.56186	0.18674	0.00704	0.03020	0.00908	0.00394	0.00455
96	0.01421	0.01413	0.01980	0.01703	0.01708	0.01971	0.01417	0.01569	0.01010	0.01582	0.00898	0.01483	0.00894	0.01295	0.04877	0.00317	0.72875	0.00581	0.00290	0.00715
97	0.01440	0.01440	0.02016	0.01728	0.01728	0.02016	0.01440	0.01584	0.01008	0.01584	0.00864	0.01440	0.00864	0.01152	0.02160	0.00288	0.75659	0.00576	0.00288	0.00720
98	0.81514	0.01273	0.00968	0.00866	0.01273	0.01477	0.00713	0.01935	0.01120	0.02954	0.00917	0.01069	0.00713	0.00611	0.00407	0.00204	0.00509	0.00356	0.00407	0.00713
99	0.01723	0.01640	0.03740	0.01392	0.01784	0.08092	0.01111	0.05135	0.61432	0.02668	0.02457	0.02288	0.01847	0.00863	0.00661	0.00217	0.00599	0.00704	0.00628	0.01017
100	0.01944	0.01370	0.01738	0.11511	0.05704	0.01484	0.01218	0.19622	0.09580	0.15431	0.01785	0.04515	0.01385	0.03076	0.00881	0.00219	0.08245	0.00654	0.00547	0.09090
101	0.01362	0.06991	0.59996	0.01730	0.02580	0.01504	0.02143	0.02077	0.03928	0.03970	0.01435	0.06801	0.01150	0.00740	0.00633	0.00210	0.00889	0.00592	0.00331	0.00941
102	0.01320	0.03405	0.73453	0.01876	0.02849	0.01529	0.02432	0.02085	0.01390	0.02085	0.01181	0.01390	0.00834	0.00625	0.00625	0.00208	0.00973	0.00486	0.00278	0.00973
103	0.02397	0.09722	0.02006	0.01645	0.02005	0.67860	0.01259	0.02570	0.01819	0.01606	0.01009	0.01176	0.00848	0.00668	0.00578	0.00167	0.01144	0.00418	0.00334	0.00770
104	0.00964	0.00742	0.01017	0.03866	0.06243	0.00742	0.00798	0.02846	0.04914	0.01824	0.03222	0.60849	0.03723	0.01894	0.02787	0.00278	0.00481	0.01614	0.00577	0.00619
105	0.81514	0.01273	0.00968	0.00866	0.01273	0.01477	0.00713	0.01935	0.01120	0.02954	0.00917	0.01069	0.00713	0.00611	0.00407	0.00204	0.00509	0.00356	0.00407	0.00713
106	0.01760	0.77260	0.03450	0.01126	0.01690	0.02605	0.01126	0.01971	0.01338	0.01549	0.00915	0.01056	0.00845	0.00563	0.00422	0.00141	0.00704	0.00352	0.00282	0.00845
107	0.01760	0.77260	0.03450	0.01126	0.01690	0.02605	0.01126	0.01971	0.01338	0.01549	0.00915	0.01056	0.00845	0.00563	0.00422	0.00141	0.00704	0.00352	0.00282	0.00845
108	0.01261	0.00817	0.01123	0.01248	0.04916	0.00806	0.00947	0.01543	0.03499	0.09530	0.03027	0.14486	0.03182	0.11797	0.03428	0.00348	0.00619	0.36183	0.00581	0.00659
109	0.00799	0.00586	0.00751	0.00882	0.00946	0.00538	0.00596	0.00921	0.01293	0.01694	0.04047	0.66788	0.13730	0.02008	0.00832	0.00261	0.00375	0.01805	0.00611	0.00538
110	0.00801	0.00576	0.00761	0.00909	0.00953	0.00535	0.00608	0.00917	0.01268	0.01683	0.03718	0.74363	0.06367	0.02051	0.00838	0.00266	0.00381	0.01857	0.00611	0.00535
111	0.01355	0.04637	0.38255	0.13387	0.08040	0.01511	0.13695	0.01958	0.01447	0.02056	0.06337	0.01773	0.01272	0.00666	0.00663	0.00209	0.00912	0.00605	0.00325	0.00897
112	0.02301	0.02878	0.01884	0.07004	0.02194	0.63970	0.01324	0.02488	0.01767	0.01614	0.01018	0.01246	0.00851	0.00710	0.00707	0.00181	0.06327	0.00446	0.00332	0.00758
113	0.01246	0.00848	0.01115	0.08914	0.01497	0.00838	0.00818	0.06433	0.01849	0.08959	0.46042	0.06319	0.10060	0.01230	0.00747	0.00210	0.00428	0.01070	0.00669	0.00707
114	0.04029	0.41528	0.16489	0.01591	0.02222	0.03987	0.13884	0.02053	0.01398	0.03564	0.01083	0.01293	0.00887	0.00601	0.00584	0.00177	0.02977	0.00470	0.00309	0.00874
115	0.01510	0.01788	0.14150	0.17722	0.24395	0.01601	0.10037	0.06841	0.01502	0.02105	0.01234	0.01646	0.00979	0.00830	0.03469	0.00246	0.08109	0.00596	0.00333	0.00907
116	0.00946	0.00634	0.00721	0.00732	0.00735	0.00631	0.00414	0.00954	0.00979	0.01306	0.02186	0.09508	0.02535	0.71471	0.03170	0.00611	0.00620	0.01023	0.00414	0.00409
117	0.01688	0.01647	0.01470	0.01372	0.01679	0.18099	0.01071	0.04707	0.35858	0.02292	0.02350	0.05666	0.02031	0.01308	0.05998	0.00283	0.00776	0.10277	0.00559	0.00866
118	0.01150	0.00575	0.00840	0.00840	0.00851	0.00575	0.00564	0.00906	0.00895	0.01238	0.01216	0.02034	0.01183	0.02177	0.02421	0.75028	0.00553	0.00575	0.06070	0.00310
119	0.00946	0.00634	0.00721	0.00732	0.00735	0.00631	0.00414	0.00954	0.00979	0.01306	0.02186	0.09508	0.02535	0.71471	0.03170	0.00611	0.00620	0.01023	0.00414	0.00409
120	0.05368	0.01783	0.01783	0.01406	0.01875	0.07070	0.01147	0.55622	0.02747	0.03738	0.01576	0.01627	0.01146	0.00773	0.00623	0.00191	0.00705	0.00574	0.09223	0.01024
121	0.01404	0.01387	0.01947	0.01680	0.01689	0.01930	0.01396	0.01555	0.01012	0.01580	0.00929	0.01523	0.00921	0.01425	0.07358	0.00344	0.70331	0.00585	0.00293	0.00711
122	0.01197	0.00784	0.01095	0.01209	0.01387	0.00773	0.01054	0.01497	0.01542	0.07107	0.03422	0.07052	0.03633	0.01746	0.00891	0.00296	0.00603	0.63448	0.00621	0.00643
123	0.06938	0.00622	0.00866	0.00858	0.00888	0.00637	0.00582	0.00935	0.00877	0.01274	0.01127	0.01934	0.01112	0.02166	0.02417	0.75032	0.00567	0.00556	0.00295	0.00317
124	0.02203	0.02694	0.01919	0.02026	0.13596	0.56951	0.01348	0.02405	0.01762	0.01705	0.01242	0.06685	0.01133	0.00763	0.00621	0.00181	0.01062	0.00555	0.00357	0.00793
125	0.01426	0.01421	0.02013	0.07031	0.01931	0.01976	0.01468	0.01591	0.01030	0.01591	0.00886	0.01463	0.00865	0.01117	0.02052	0.00283	0.70267	0.00577	0.00288	0.00721
126	0.01444	0.01593	0.03400	0.02475	0.03050	0.01492	0.59341	0.01944	0.01551	0.02110	0.06654	0.08421	0.01663	0.00742	0.00782	0.00225	0.00990	0.00901	0.00385	0.00838
127	0.01531	0.01732	0.03747	0.08002	0.03519	0.01650	0.65425	0.02078	0.01537	0.02078	0.01320	0.01774	0.00990	0.00562	0.00768	0.00222	0.01093	0.00763	0.00330	0.00877
128	0.01365	0.01170	0.01365	0.00975	0.01560	0.00878	0.00780	0.01658	0.01365	0.02145	0.01170	0.01365	0.00975	0.00488	0.00488	0.00098	0.00488	0.00390	0.00390	0.80888
129	0.01440	0.01440	0.02016	0.01728	0.01728	0.02016	0.01440	0.01584	0.01008	0.01584	0.00864	0.01440	0.00864	0.01152	0.02160	0.00288	0.75659	0.00576	0.00288	0.00720
130	0.00800	0.00580	0.00757	0.00899	0.00950	0.00536	0.00603	0.00919	0.01278	0.01688	0.03848	0.71380	0.09267	0.02034	0.00836	0.00264	0.00378	0.01837	0.00611	0.00536
131	0.00930	0.00696	0.01037	0.01048	0.01160	0.00802	0.00808	0.01157	0.01073	0.01539	0.01898	0.07911	0.01841	0.04730	0.68962	0.01001	0.01664	0.00789	0.00371	0.00584
132	0.01612	0.38063	0.27434	0.01416	0.02073	0.09793	0.01551	0.02008	0.01424	0.01759	0.01434	0.01567	0.06007	0.00677	0.00537	0.00173	0.00823	0.00481	0.00310	0.00860

[dist]
# distance from previous block
# <min> <max>
0	3

[block]
# block no. 3 follows, 33 sequences, length 76
# corresponding to MSA columns:
# 1008-1083
name=unknown_D
#
# <colnr> <probs for GDERKNQSTAVLIFYWHMCP>
#	G	D	E	R	K	N	Q	S	T	A	V	L	I	F	Y	W	H	M	C	P
0	0.01289	0.01274	0.02254	0.01793	0.02090	0.01360	0.26472	0.01697	0.05168	0.02027	0.13141	0.16489	0.02499	0.01124	0.01098	0.00243	0.17773	0.01005	0.00457	0.00748
1	0.00800	0.00579	0.00757	0.00900	0.00950	0.00536	0.00604	0.00919	0.01276	0.01687	0.03832	0.71739	0.08918	0.02036	0.00836	0.00264	0.00379	0.01839	0.00611	0.00536
2	0.01282	0.01740	0.21815	0.01688	0.02198	0.01192	0.17140	0.03640	0.01537	0.02145	0.04942	0.03835	0.04532	0.01077	0.00754	0.00239	0.00786	0.22862	0.05811	0.00786
3	0.01903	0.04433	0.03511	0.01319	0.01662	0.16513	0.04444	0.08939	0.01776	0.17485	0.08611	0.15693	0.02330	0.03717	0.02566	0.00244	0.00731	0.02743	0.00564	0.00816
4	0.01620	0.53769	0.25716	0.01365	0.02059	0.02263	0.01542	0.02007	0.01354	0.01719	0.01000	0.01162	0.00841	0.00583	0.00487	0.00162	0.00790	0.00395	0.00280	0.00886
5	0.01081	0.00785	0.01081	0.01197	0.01377	0.00766	0.01042	0.01384	0.01505	0.01982	0.03331	0.07020	0.03600	0.01729	0.00881	0.00289	0.00598	0.63776	0.00592	0.05983
6	0.03670	0.01153	0.01682	0.01401	0.01765	0.01153	0.12125	0.04789	0.12472	0.16683	0.11079	0.03748	0.08564	0.01111	0.00789	0.00232	0.02830	0.13293	0.00616	0.00846
7	0.00856	0.00637	0.00912	0.01016	0.01089	0.00600	0.03309	0.01006	0.01297	0.01725	0.03527	0.66843	0.04171	0.01981	0.00845	0.00269	0.00432	0.08332	0.00600	0.00555
8	0.02399	0.03046	0.02001	0.01768	0.02129	0.69361	0.05900	0.02594	0.01845	0.01645	0.01039	0.01227	0.00858	0.00670	0.00606	0.00173	0.01182	0.00448	0.00339	0.00772
9	0.01428	0.01337	0.02207	0.16172	0.42030	0.01452	0.01721	0.01784	0.01402	0.01985	0.06010	0.01949	0.01402	0.01131	0.08039	0.00294	0.07792	0.00637	0.00346	0.00884
10	0.01988	0.10136	0.05018	0.01869	0.04965	0.18582	0.21716	0.02330	0.01671	0.15526	0.06270	0.03941	0.01506	0.00734	0.00665	0.00196	0.00888	0.00667	0.00453	0.00879
11	0.00947	0.00634	0.00721	0.00731	0.00734	0.00631	0.00413	0.00955	0.00978	0.01304	0.02178	0.09139	0.02525	0.71854	0.03183	0.00613	0.00621	0.01019	0.00413	0.00408
12	0.02820	0.01088	0.01474	0.01141	0.01616	0.00946	0.00929	0.03058	0.01822	0.68395	0.02562	0.02379	0.01681	0.05908	0.00842	0.00233	0.00565	0.00682	0.00787	0.01072
13	0.01472	0.01554	0.06726	0.03139	0.48054	0.03394	0.06325	0.01847	0.01494	0.02073	0.03926	0.09307	0.06132	0.00826	0.00687	0.00206	0.00745	0.00784	0.00382	0.00927
14	0.01447	0.17014	0.55577	0.01679	0.02533	0.01681	0.02080	0.02076	0.01412	0.04498	0.03435	0.01469	0.01034	0.00643	0.00594	0.00196	0.00887	0.00490	0.00312	0.00943
15	0.01448	0.01429	0.02087	0.04637	0.12461	0.01897	0.01524	0.01642	0.01094	0.01671	0.00956	0.01511	0.00913	0.01153	0.03846	0.00293	0.59796	0.00582	0.00296	0.00765
16	0.61804	0.01738	0.01191	0.01073	0.01463	0.19613	0.00852	0.02108	0.01306	0.02619	0.00942	0.01099	0.00747	0.00628	0.00454	0.00195	0.00678	0.00373	0.00390	0.00725
17	0.00778	0.00667	0.00667	0.00667	0.00889	0.00556	0.00500	0.00945	0.01501	0.01778	0.06669	0.06336	0.72490	0.01667	0.00778	0.00222	0.00333	0.01389	0.00611	0.00556
18	0.01402	0.01192	0.01385	0.00993	0.01576	0.00916	0.00795	0.03905	0.01422	0.02211	0.01183	0.01372	0.00980	0.00497	0.00493	0.00101	0.00495	0.00397	0.00399	0.78287
19	0.01394	0.01167	0.01275	0.01174	0.01470	0.01299	0.00900	0.02733	0.48900	0.02620	0.18213	0.08080	0.05770	0.01100	0.00709	0.00223	0.00458	0.00942	0.00676	0.00897
20	0.15829	0.44195	0.02567	0.01208	0.01679	0.19397	0.01075	0.02101	0.01440	0.01840	0.02952	0.01198	0.00974	0.00621	0.00471	0.00161	0.00774	0.00394	0.00330	0.00796
21	0.02503	0.01844	0.01976	0.01515	0.02042	0.02042	0.01251	0.70562	0.03095	0.04149	0.01581	0.01581	0.01120	0.00790	0.00659	0.00198	0.00724	0.00593	0.00659	0.01120
22	0.71043	0.01204	0.00952	0.00851	0.01238	0.01376	0.00697	0.01939	0.01171	0.05270	0.01093	0.01244	0.00839	0.00633	0.00421	0.00199	0.00491	0.00392	0.08231	0.00717
23	0.00940	0.00705	0.01058	0.01058	0.01176	0.00823	0.00823	0.01176	0.01058	0.01528	0.01763	0.02586	0.01646	0.04937	0.74255	0.01058	0.01763	0.00705	0.00353	0.00588
24	0.02503	0.01844	0.01976	0.01515	0.02042	0.02042	0.01251	0.70562	0.03095	0.04149	0.01581	0.01581	0.01120	0.00790	0.00659	0.00198	0.00724	0.00593	0.00659	0.01120
25	0.00882	0.00671	0.00811	0.00776	0.00953	0.00600	0.00582	0.01146	0.01746	0.02361	0.51157	0.05376	0.27638	0.01450	0.00777	0.00212	0.00318	0.01255	0.00688	0.00600
26	0.02614	0.01665	0.01865	0.01430	0.01952	0.01776	0.01181	0.53885	0.02795	0.21249	0.01832	0.01744	0.01246	0.00796	0.00659	0.00199	0.00684	0.00610	0.00697	0.01120
27	0.01365	0.01170	0.01365	0.00975	0.01560	0.00878	0.00780	0.01658	0.01365	0.02145	0.01170	0.01365	0.00975	0.00488	0.00488	0.00098	0.00488	0.00390	0.00390	0.80888
28	0.01440	0.01440	0.02016	0.01728	0.01728	0.02016	0.01440	0.01584	0.01008	0.01584	0.00864	0.01440	0.00864	0.01152	0.02160	0.00288	0.75659	0.00576	0.00288	0.00720
29	0.01440	0.01440	0.02016	0.01728	0.01728	0.02016	0.01440	0.01584	0.01008	0.01584	0.00864	0.01440	0.00864	0.01152	0.02160	0.00288	0.75659	0.00576	0.00288	0.00720
30	0.02503	0.01844	0.01976	0.01515	0.02042	0.02042	0.01251	0.70562	0.03095	0.04149	0.01581	0.01581	0.01120	0.00790	0.00659	0.00198	0.00724	0.00593	0.00659	0.01120
31	0.81514	0.01273	0.00968	0.00866	0.01273	0.01477	0.00713	0.01935	0.01120	0.02954	0.00917	0.01069	0.00713	0.00611	0.00407	0.00204	0.00509	0.00356	0.00407	0.00713
32	0.00932	0.00673	0.00880	0.00828	0.00984	0.00621	0.00621	0.01242	0.01863	0.02640	0.72410	0.04918	0.06212	0.01346	0.00776	0.00207	0.00311	0.01191	0.00725	0.00621
33	0.00940	0.00705	0.01058	0.01058	0.01176	0.00823	0.00823	0.01176	0.01058	0.01528	0.01763	0.02586	0.01646	0.04937	0.74255	0.01058	0.01763	0.00705	0.00353	0.00588
34	0.01365	0.01170	0.01365	0.00975	0.01560	0.00878	0.00780	0.01658	0.01365	0.02145	0.01170	0.01365	0.00975	0.00488	0.00488	0.00098	0.00488	0.00390	0.00390	0.80888
35	0.01474	0.00793	0.01054	0.00920	0.01170	0.00714	0.00714	0.01770	0.01869	0.21565	0.53689	0.04200	0.04983	0.01203	0.00746	0.00206	0.00378	0.01049	0.00749	0.00755
36	0.01440	0.01440	0.02016	0.01728	0.01728	0.02016	0.01440	0.01584	0.01008	0.01584	0.00864	0.01440	0.00864	0.01152	0.02160	0.00288	0.75659	0.00576	0.00288	0.00720
37	0.01320	0.03405	0.73453	0.01876	0.02849	0.01529	0.02432	0.02085	0.01390	0.02085	0.01181	0.01390	0.00834	0.00625	0.00625	0.00208	0.00973	0.00486	0.00278	0.00973
38	0.19345	0.00887	0.00946	0.00890	0.01167	0.00837	0.00665	0.01376	0.01302	0.04208	0.02886	0.31633	0.12161	0.01310	0.00654	0.00209	0.00432	0.01113	0.00524	0.17455
39	0.00802	0.00573	0.00764	0.00917	0.00955	0.00535	0.00611	0.00917	0.01260	0.01681	0.03628	0.76434	0.04354	0.02062	0.00840	0.00267	0.00382	0.01872	0.00611	0.00535
40	0.00940	0.00705	0.01058	0.01058	0.01176	0.00823	0.00823	0.01176	0.01058	0.01528	0.01763	0.02586	0.01646	0.04937	0.74255	0.01058	0.01763	0.00705	0.00353	0.00588
41	0.01444	0.02283	0.36575	0.01635	0.02284	0.01398	0.06308	0.07949	0.10070	0.04250	0.02021	0.04810	0.04292	0.03158	0.00771	0.00236	0.00800	0.08371	0.00440	0.00904
42	0.02954	0.01120	0.01528	0.01171	0.01681	0.00968	0.00968	0.03208	0.01884	0.73213	0.02597	0.02241	0.01630	0.00815	0.00662	0.00204	0.00560	0.00662	0.00815	0.01120
43	0.01144	0.00572	0.00858	0.00858	0.00858	0.00572	0.00572	0.00858	0.00858	0.01144	0.01144	0.02001	0.01144	0.02287	0.02573	0.80846	0.00572	0.00572	0.00286	0.00286
44	0.01576	0.01520	0.02622	0.13341	0.61468	0.01554	0.04305	0.01979	0.01477	0.02088	0.01233	0.01651	0.01020	0.00595	0.00657	0.00200	0.00806	0.00593	0.00322	0.00997
45	0.01573	0.01568	0.02437	0.21700	0.44211	0.06418	0.03943	0.01951	0.01448	0.01959	0.01185	0.01624	0.00975	0.00646	0.00749	0.00206	0.05589	0.00580	0.00316	0.00920
46	0.00926	0.00673	0.00872	0.00822	0.00980	0.00619	0.00616	0.01231	0.01849	0.02607	0.69870	0.04972	0.08773	0.01358	0.00777	0.00208	0.00311	0.01198	0.00720	0.00619
47	0.01144	0.00572	0.00858	0.00858	0.00858	0.00572	0.00572	0.00858	0.00858	0.01144	0.01144	0.02001	0.01144	0.02287	0.02573	0.80846	0.00572	0.00572	0.00286	0.00286
48	0.11944	0.10061	0.01976	0.01568	0.01953	0.54290	0.03322	0.04248	0.01746	0.01850	0.01020	0.01189	0.00843	0.00658	0.00562	0.00173	0.01043	0.00424	0.00350	0.00778
49	0.00838	0.00669	0.00749	0.00729	0.00926	0.00581	0.00547	0.01060	0.01641	0.02112	0.32147	0.05786	0.46804	0.01543	0.00777	0.00216	0.00325	0.01312	0.00655	0.00581
50	0.01504	0.01446	0.02493	0.26648	0.48619	0.01535	0.04370	0.01916	0.01443	0.02000	0.01220	0.01675	0.00989	0.00608	0.00658	0.00204	0.00824	0.00593	0.00316	0.00938
51	0.00998	0.00688	0.00901	0.00839	0.01006	0.00633	0.00633	0.01307	0.01864	0.04958	0.70117	0.04830	0.06061	0.01328	0.00773	0.00207	0.00319	0.01173	0.00728	0.00638
52	0.01637	0.01414	0.01489	0.01340	0.01712	0.01637	0.01042	0.03498	0.71568	0.02754	0.02679	0.02456	0.02010	0.00893	0.00670	0.00223	0.00521	0.00744	0.00670	0.01042
53	0.02503	0.01844	0.01976	0.01515	0.02042	0.02042	0.01251	0.70562	0.03095	0.04149	0.01581	0.01581	0.01120	0.00790	0.00659	0.00198	0.00724	0.00593	0.00659	0.01120
54	0.01637	0.01414	0.01489	0.01340	0.01712	0.01637	0.01042	0.03498	0.71568	0.02754	0.02679	0.02456	0.02010	0.00893	0.00670	0.00223	0.00521	0.00744	0.00670	0.01042
