[name]
unknown

[dist]
# distance from previous block
# <min> <max>
5	201

[block]
# block no. 0 follows, 35 sequences, length 7
# corresponding to MSA columns:
# 232-238
name=unknown_A
#
# <colnr> <probs for GDERKNQSTAVLIFYWHMCP>
#	G	D	E	R	K	N	Q	S	T	A	V	L	I	F	Y	W	H	M	C	P
0	0.04649	0.05546	0.04394	0.07551	0.19706	0.08334	0.01255	0.05383	0.05526	0.07162	0.07975	0.10971	0.05672	0.00927	0.00646	0.00200	0.00650	0.02175	0.00464	0.00816
1	0.01432	0.01814	0.17732	0.15203	0.42101	0.01515	0.01962	0.01877	0.01360	0.01946	0.01145	0.01528	0.00924	0.00623	0.00726	0.00201	0.06150	0.00544	0.00296	0.00919
2	0.07405	0.01319	0.01865	0.59493	0.08505	0.07612	0.01648	0.01737	0.01310	0.01737	0.01101	0.01588	0.00842	0.00628	0.00610	0.00205	0.00838	0.00534	0.00296	0.00726
3	0.01419	0.06731	0.01826	0.03056	0.12955	0.06774	0.06017	0.03272	0.04168	0.01989	0.05754	0.09727	0.01696	0.00819	0.00687	0.00175	0.04874	0.03004	0.00408	0.24648
4	0.01119	0.00690	0.00900	0.00901	0.01006	0.00687	0.00648	0.06633	0.01292	0.03982	0.06403	0.25802	0.06388	0.01941	0.05217	0.27605	0.00528	0.03211	0.04537	0.00511
5	0.01407	0.11835	0.20679	0.01544	0.07913	0.05500	0.04783	0.04817	0.05078	0.02088	0.09110	0.02173	0.07704	0.00759	0.00596	0.00178	0.00684	0.00626	0.03124	0.09401
6	0.01448	0.20600	0.26208	0.10304	0.02382	0.06751	0.05223	0.02033	0.08775	0.01841	0.01471	0.01666	0.04069	0.00832	0.03632	0.00220	0.00845	0.00531	0.00333	0.00837

[dist]
# distance from previous block
# <min> <max>
6	26

[block]
# block no. 1 follows, 35 sequences, length 85
# corresponding to MSA columns:
# 265-349
name=unknown_B
#
# <colnr> <probs for GDERKNQSTAVLIFYWHMCP>
#	G	D	E	R	K	N	Q	S	T	A	V	L	I	F	Y	W	H	M	C	P
0	0.03777	0.08801	0.13183	0.04092	0.09920	0.07209	0.03009	0.01794	0.07029	0.01887	0.04944	0.06452	0.01713	0.12557	0.01004	0.00253	0.00691	0.03216	0.02209	0.06260
1	0.01624	0.19998	0.05984	0.01540	0.07516	0.03487	0.07781	0.09068	0.14142	0.04350	0.05207	0.03737	0.01496	0.02892	0.00657	0.00189	0.00664	0.00602	0.00442	0.08625
2	0.06441	0.04140	0.15140	0.05067	0.09158	0.03565	0.05374	0.05116	0.07715	0.03677	0.01364	0.03747	0.01100	0.00630	0.00567	0.00167	0.00676	0.00527	0.00389	0.25440
3	0.04126	0.06187	0.05489	0.01442	0.12228	0.01070	0.01010	0.03119	0.03248	0.12943	0.06957	0.07867	0.04164	0.13185	0.07492	0.00332	0.00679	0.03310	0.00478	0.04674
4	0.01416	0.17647	0.23034	0.01584	0.07299	0.04930	0.06056	0.06541	0.01541	0.02055	0.11158	0.06457	0.06024	0.00828	0.00615	0.00189	0.00718	0.00691	0.00398	0.00819
5	0.01360	0.01308	0.02060	0.48540	0.24763	0.04836	0.01749	0.01732	0.01330	0.01734	0.01139	0.01638	0.00901	0.00670	0.00695	0.03093	0.00822	0.00557	0.00293	0.00780
6	0.00870	0.00693	0.00791	0.00747	0.00954	0.00614	0.00564	0.01154	0.04121	0.02124	0.35164	0.05157	0.38250	0.01393	0.00732	0.00202	0.00325	0.01189	0.00629	0.04326
7	0.01549	0.01485	0.02536	0.08087	0.69723	0.01502	0.01936	0.01928	0.01434	0.02046	0.01189	0.01577	0.00996	0.00569	0.00628	0.00190	0.00759	0.00565	0.00312	0.00987
8	0.01316	0.01241	0.02062	0.53222	0.22956	0.01444	0.01777	0.01790	0.04613	0.01790	0.01213	0.01690	0.00939	0.00626	0.00633	0.00205	0.00805	0.00571	0.00307	0.00800
9	0.01381	0.01272	0.02104	0.44994	0.28461	0.01442	0.01762	0.04946	0.01395	0.01873	0.01168	0.01649	0.00920	0.00666	0.00691	0.02790	0.00797	0.00564	0.00309	0.00814
10	0.01785	0.01914	0.02366	0.03288	0.54488	0.21268	0.01753	0.02104	0.01539	0.01933	0.01136	0.01456	0.00955	0.00589	0.00613	0.00182	0.00858	0.00523	0.00317	0.00933
11	0.01152	0.00800	0.00966	0.00919	0.01068	0.00840	0.00689	0.09586	0.03243	0.02070	0.13971	0.03760	0.02723	0.22971	0.14387	0.00462	0.00718	0.09171	0.09906	0.00598
12	0.02256	0.00942	0.01255	0.01013	0.01399	0.00825	0.00817	0.02505	0.01750	0.52258	0.15041	0.05288	0.05742	0.00950	0.00658	0.00197	0.00470	0.00795	0.04914	0.00927
13	0.00886	0.00669	0.00809	0.00856	0.01000	0.00623	0.00645	0.03442	0.01465	0.01896	0.13978	0.27188	0.26853	0.03948	0.00859	0.00250	0.00399	0.13076	0.00599	0.00561
14	0.00819	0.00585	0.00788	0.00931	0.00989	0.00554	0.00664	0.00965	0.01270	0.01689	0.05043	0.63510	0.04142	0.01931	0.00820	0.00262	0.00404	0.13514	0.00591	0.00529
15	0.00850	0.00610	0.00816	0.00946	0.01024	0.00582	0.00701	0.01019	0.01310	0.01732	0.06597	0.50538	0.06462	0.03581	0.00878	0.00271	0.00429	0.20530	0.00588	0.00536
16	0.45006	0.01336	0.01274	0.01045	0.01477	0.01471	0.00861	0.21491	0.01732	0.14080	0.01351	0.01387	0.00964	0.00672	0.00499	0.00193	0.00549	0.00461	0.03298	0.00853
17	0.00906	0.00680	0.01020	0.01020	0.01133	0.00793	0.00793	0.01133	0.01020	0.01473	0.01699	0.02492	0.01586	0.04758	0.75191	0.01020	0.01699	0.00680	0.00340	0.00566
18	0.01886	0.01417	0.01459	0.01213	0.01562	0.05704	0.00962	0.42180	0.02320	0.03154	0.05236	0.14035	0.01880	0.00975	0.00635	0.00194	0.00590	0.00791	0.12934	0.00871
19	0.82186	0.01227	0.00932	0.00834	0.01227	0.01423	0.00687	0.01865	0.01080	0.02846	0.00883	0.01031	0.00687	0.00589	0.00393	0.00196	0.00491	0.00344	0.00393	0.00687
20	0.01655	0.03175	0.01793	0.05193	0.14997	0.01206	0.07425	0.09475	0.06295	0.14845	0.18541	0.05802	0.02463	0.00927	0.00730	0.02688	0.00596	0.00789	0.00550	0.00855
21	0.23544	0.15814	0.03883	0.01447	0.05542	0.36556	0.01126	0.02196	0.01484	0.01928	0.00953	0.01119	0.00791	0.00611	0.00498	0.00170	0.00860	0.00389	0.00332	0.00756
22	0.00906	0.00680	0.01020	0.01020	0.01133	0.00793	0.00793	0.01133	0.01020	0.01473	0.01699	0.02492	0.01586	0.04758	0.75191	0.01020	0.01699	0.00680	0.00340	0.00566
23	0.01051	0.00714	0.00920	0.00907	0.00990	0.00771	0.00644	0.03139	0.01132	0.04260	0.02142	0.17129	0.02262	0.27267	0.22491	0.00576	0.05251	0.00954	0.06861	0.00540
24	0.82186	0.01227	0.00932	0.00834	0.01227	0.01423	0.00687	0.01865	0.01080	0.02846	0.00883	0.01031	0.00687	0.00589	0.00393	0.00196	0.00491	0.00344	0.00393	0.00687
25	0.00995	0.00711	0.00991	0.01137	0.01271	0.00707	0.00975	0.01267	0.01433	0.01868	0.03374	0.14879	0.03711	0.01778	0.00869	0.00288	0.00560	0.62026	0.00585	0.00577
26	0.01497	0.01711	0.03743	0.02674	0.03316	0.01604	0.71444	0.02032	0.01497	0.02032	0.01283	0.01711	0.00963	0.00535	0.00749	0.00214	0.01070	0.00749	0.00321	0.00856
27	0.01199	0.01127	0.01883	0.68475	0.08231	0.01374	0.01713	0.01607	0.01287	0.01651	0.01378	0.01889	0.04232	0.00675	0.00639	0.00210	0.00816	0.00600	0.00298	0.00714
28	0.02370	0.03023	0.01798	0.01634	0.01961	0.75158	0.01226	0.02533	0.01798	0.01553	0.00981	0.01144	0.00817	0.00654	0.00572	0.00163	0.01144	0.00409	0.00327	0.00735
29	0.01267	0.01081	0.01297	0.04430	0.01588	0.00846	0.00785	0.01546	0.01320	0.02033	0.03220	0.05833	0.01261	0.00588	0.00505	0.00112	0.00477	0.00488	0.00393	0.70931
30	0.54839	0.10241	0.01369	0.01096	0.05539	0.03703	0.00838	0.01860	0.01159	0.04816	0.01033	0.01302	0.00861	0.04513	0.02552	0.00232	0.02540	0.00410	0.00380	0.00717
31	0.01285	0.01010	0.01299	0.08782	0.01709	0.01094	0.03213	0.03569	0.23914	0.04532	0.08225	0.07408	0.04718	0.07310	0.00933	0.00266	0.00564	0.18860	0.00566	0.00746
32	0.01616	0.03764	0.04333	0.09021	0.44180	0.03165	0.09265	0.06229	0.01520	0.03912	0.01221	0.01562	0.00983	0.00604	0.00681	0.00192	0.03482	0.00569	0.00342	0.03359
33	0.01578	0.01363	0.01434	0.01291	0.01650	0.01578	0.01004	0.03371	0.72602	0.02654	0.02582	0.02367	0.01937	0.00861	0.00646	0.00215	0.00502	0.00717	0.00646	0.01004
34	0.00750	0.00643	0.00643	0.00643	0.00857	0.00536	0.00482	0.00910	0.01446	0.01714	0.06427	0.06105	0.73490	0.01607	0.00750	0.00214	0.00321	0.01339	0.00589	0.00536
35	0.01288	0.06051	0.71786	0.01781	0.02704	0.01512	0.02297	0.02005	0.01337	0.01990	0.01129	0.01327	0.00804	0.00600	0.00595	0.00198	0.00928	0.00464	0.00268	0.00933
36	0.03744	0.06354	0.64789	0.01701	0.02557	0.01478	0.02148	0.01949	0.01311	0.01981	0.01152	0.01383	0.00846	0.00841	0.04915	0.00245	0.00957	0.00471	0.00276	0.00903
37	0.01528	0.37797	0.36107	0.01482	0.02209	0.01980	0.03691	0.05196	0.01397	0.01863	0.01042	0.01210	0.00826	0.00580	0.00518	0.00171	0.00810	0.00422	0.00288	0.00885
38	0.00776	0.00558	0.00731	0.00867	0.00911	0.00519	0.00578	0.00886	0.01216	0.01612	0.03580	0.71974	0.07184	0.04237	0.00879	0.00266	0.00373	0.01757	0.00583	0.00512
39	0.00843	0.00598	0.00728	0.00806	0.00867	0.00566	0.00541	0.00944	0.01178	0.01550	0.03398	0.38186	0.13047	0.25100	0.01540	0.00361	0.00452	0.06490	0.02320	0.00485
40	0.03474	0.01662	0.02126	0.04548	0.36660	0.14190	0.05378	0.05287	0.06790	0.02146	0.07775	0.04149	0.01572	0.00721	0.00638	0.00191	0.00762	0.00644	0.00399	0.00887
41	0.02717	0.01051	0.01431	0.01107	0.01575	0.00910	0.00910	0.02966	0.01814	0.69427	0.07214	0.02331	0.01864	0.00819	0.00645	0.00197	0.00524	0.00672	0.00779	0.01048
42	0.00880	0.00628	0.00859	0.01006	0.01089	0.00607	0.00775	0.01068	0.01320	0.01739	0.03437	0.47200	0.03962	0.01887	0.00838	0.00272	0.00461	0.30839	0.00587	0.00545
43	0.00908	0.00696	0.01007	0.01157	0.06375	0.00691	0.02523	0.01049	0.01211	0.01650	0.06897	0.48171	0.03410	0.09553	0.07298	0.02471	0.02464	0.01402	0.00511	0.00554
44	0.01650	0.05812	0.06150	0.05941	0.56141	0.03811	0.01827	0.05008	0.01514	0.04383	0.01221	0.01536	0.00994	0.00587	0.00614	0.00187	0.00765	0.00546	0.00337	0.00978
45	0.02252	0.01292	0.01518	0.03146	0.01663	0.06759	0.01014	0.10030	0.03635	0.38638	0.07248	0.02203	0.03525	0.00869	0.00822	0.00204	0.10295	0.00656	0.03304	0.00928
46	0.15489	0.06574	0.08898	0.02371	0.30130	0.22405	0.01515	0.02102	0.01463	0.02017	0.01057	0.01303	0.00867	0.00597	0.00557	0.00181	0.00832	0.00461	0.00324	0.00857
47	0.00979	0.00617	0.00852	0.00894	0.00949	0.00620	0.00621	0.01011	0.01123	0.03991	0.06831	0.35355	0.02908	0.07458	0.09489	0.21534	0.02638	0.01180	0.00471	0.00479
48	0.00750	0.00643	0.00643	0.00643	0.00857	0.00536	0.00482	0.00910	0.01446	0.01714	0.06427	0.06105	0.73490	0.01607	0.00750	0.00214	0.00321	0.01339	0.00589	0.00536
49	0.01906	0.06253	0.01710	0.01365	0.01770	0.17247	0.01082	0.16821	0.35231	0.02591	0.01845	0.01798	0.01403	0.00756	0.00604	0.00188	0.00686	0.00580	0.00538	0.05626
50	0.01531	0.13630	0.43232	0.01817	0.05787	0.04428	0.07056	0.09565	0.01535	0.02126	0.01143	0.01345	0.00857	0.00619	0.00626	0.00191	0.02789	0.00486	0.00317	0.00919
51	0.01284	0.11306	0.58610	0.01636	0.02438	0.01507	0.02030	0.01901	0.01309	0.01898	0.01227	0.01615	0.00971	0.03373	0.04124	0.00248	0.00923	0.02436	0.00284	0.00878
52	0.07932	0.05519	0.03548	0.01307	0.01767	0.06114	0.06436	0.09859	0.01758	0.38762	0.01873	0.01806	0.01270	0.00736	0.00668	0.00193	0.04151	0.00577	0.04772	0.00952
53	0.00900	0.00635	0.00797	0.00802	0.00855	0.00661	0.00531	0.00993	0.01021	0.01388	0.04278	0.06982	0.06402	0.45225	0.25149	0.00689	0.00913	0.00917	0.00400	0.00461
54	0.03805	0.15706	0.27585	0.03569	0.05610	0.23222	0.01612	0.03769	0.03647	0.04254	0.01141	0.01301	0.00883	0.00623	0.00560	0.00178	0.00900	0.00448	0.00328	0.00858
55	0.01646	0.08731	0.02583	0.01919	0.04493	0.09804	0.28749	0.02238	0.12903	0.06007	0.03703	0.02063	0.02803	0.00745	0.00769	0.00206	0.06166	0.03211	0.00417	0.00844
56	0.01292	0.00914	0.01145	0.00928	0.01294	0.00753	0.02532	0.01538	0.01462	0.10862	0.14599	0.07427	0.13532	0.04515	0.00745	0.00184	0.00445	0.02344	0.00530	0.32957
57	0.01464	0.01610	0.03355	0.09469	0.07969	0.01536	0.56283	0.01963	0.01462	0.01999	0.01254	0.01677	0.00953	0.00542	0.00714	0.00205	0.00993	0.00698	0.00320	0.05535
58	0.01523	0.01785	0.11645	0.01518	0.01941	0.14583	0.12774	0.06821	0.11289	0.03547	0.06455	0.10646	0.08414	0.01062	0.02904	0.00229	0.00778	0.00824	0.00467	0.00794
59	0.01180	0.00762	0.00891	0.00857	0.01081	0.00703	0.00661	0.02761	0.05374	0.12020	0.08312	0.13036	0.33927	0.04798	0.00848	0.00240	0.00415	0.08843	0.02642	0.00649
60	0.01501	0.04059	0.05144	0.02160	0.09038	0.07412	0.33835	0.03291	0.01438	0.01954	0.01402	0.04165	0.01201	0.03260	0.00902	0.00222	0.08602	0.02409	0.07212	0.00794
61	0.00922	0.00617	0.00704	0.00704	0.00708	0.00622	0.00400	0.00930	0.00926	0.01239	0.01988	0.04090	0.02280	0.75004	0.05894	0.00630	0.00655	0.00914	0.00383	0.00391
62	0.01497	0.01711	0.03743	0.02674	0.03316	0.01604	0.71444	0.02032	0.01497	0.02032	0.01283	0.01711	0.00963	0.00535	0.00749	0.00214	0.01070	0.00749	0.00321	0.00856
63	0.01198	0.01128	0.01903	0.76180	0.04369	0.01409	0.01762	0.01621	0.01268	0.01621	0.01128	0.01691	0.00846	0.00634	0.00634	0.00211	0.00846	0.00564	0.00282	0.00705
64	0.02812	0.01134	0.01506	0.01155	0.01647	0.01013	0.00954	0.08461	0.01907	0.68689	0.02426	0.02109	0.01532	0.00783	0.00638	0.00196	0.00552	0.00633	0.00773	0.01080
65	0.02812	0.01134	0.01506	0.01155	0.01647	0.01013	0.00954	0.08461	0.01907	0.68689	0.02426	0.02109	0.01532	0.00783	0.00638	0.00196	0.00552	0.00633	0.00773	0.01080
66	0.01198	0.01128	0.01903	0.76180	0.04369	0.01409	0.01762	0.01621	0.01268	0.01621	0.01128	0.01691	0.00846	0.00634	0.00634	0.00211	0.00846	0.00564	0.00282	0.00705
67	0.01578	0.01363	0.01434	0.01291	0.01650	0.01578	0.01004	0.03371	0.72602	0.02654	0.02582	0.02367	0.01937	0.00861	0.00646	0.00215	0.00502	0.00717	0.00646	0.01004
68	0.01696	0.78087	0.03324	0.01085	0.01628	0.02510	0.01085	0.01900	0.01289	0.01493	0.00882	0.01018	0.00814	0.00543	0.00407	0.00136	0.00678	0.00339	0.00271	0.00814
69	0.01570	0.01507	0.02575	0.03894	0.73748	0.01507	0.01947	0.01947	0.01444	0.02073	0.01193	0.01570	0.01005	0.00565	0.00628	0.00188	0.00754	0.00565	0.00314	0.01005
70	0.75662	0.01316	0.01008	0.00892	0.01287	0.04069	0.00730	0.05114	0.01193	0.02854	0.00916	0.01057	0.00710	0.00599	0.00410	0.00195	0.00524	0.00356	0.00401	0.00707
71	0.00898	0.00648	0.00848	0.00798	0.00948	0.00599	0.00599	0.01197	0.01796	0.02544	0.73413	0.04739	0.05986	0.01297	0.00748	0.00200	0.00299	0.01147	0.00698	0.00599
72	0.02412	0.01777	0.01904	0.01460	0.01967	0.01967	0.01206	0.71633	0.02983	0.03998	0.01523	0.01523	0.01079	0.00762	0.00635	0.00190	0.00698	0.00571	0.00635	0.01079
73	0.02846	0.01080	0.01472	0.01129	0.01619	0.00932	0.00932	0.03092	0.01816	0.74187	0.02503	0.02159	0.01570	0.00785	0.00638	0.00196	0.00540	0.00638	0.00785	0.01080
74	0.02030	0.00910	0.01193	0.00980	0.01331	0.00813	0.00785	0.02337	0.03879	0.42983	0.23899	0.03124	0.06068	0.00974	0.00664	0.00196	0.00442	0.00821	0.05691	0.00879
75	0.01250	0.01226	0.03930	0.61623	0.11202	0.01411	0.01745	0.01732	0.04352	0.01729	0.01254	0.01838	0.00979	0.00665	0.00639	0.00211	0.00817	0.02335	0.00308	0.00751
76	0.01497	0.01711	0.03743	0.02674	0.03316	0.01604	0.71444	0.02032	0.01497	0.02032	0.01283	0.01711	0.00963	0.00535	0.00749	0.00214	0.01070	0.00749	0.00321	0.00856
77	0.00867	0.00647	0.00806	0.00766	0.00929	0.00586	0.00575	0.01138	0.01724	0.02373	0.59648	0.05020	0.19857	0.01361	0.00749	0.00203	0.00304	0.01187	0.00676	0.00586
78	0.00930	0.00629	0.00794	0.00774	0.00911	0.00588	0.00573	0.01208	0.01657	0.02413	0.54272	0.12347	0.05089	0.01283	0.00706	0.00198	0.00306	0.01130	0.13602	0.00588
79	0.02412	0.01777	0.01904	0.01460	0.01967	0.01967	0.01206	0.71633	0.02983	0.03998	0.01523	0.01523	0.01079	0.00762	0.00635	0.00190	0.00698	0.00571	0.00635	0.01079
80	0.00960	0.00629	0.00803	0.00859	0.00973	0.00576	0.00610	0.01115	0.01363	0.07101	0.12770	0.44366	0.14072	0.06135	0.00924	0.00262	0.00390	0.04920	0.00605	0.00566
81	0.01550	0.01500	0.02600	0.07013	0.67425	0.01508	0.05169	0.01937	0.01439	0.02051	0.01195	0.01582	0.00996	0.00567	0.00634	0.00191	0.00772	0.00574	0.00313	0.00985
82	0.00788	0.00572	0.00748	0.00882	0.00942	0.00532	0.00609	0.00915	0.01251	0.01647	0.03740	0.66329	0.10143	0.01938	0.00809	0.00256	0.00379	0.06409	0.00589	0.00522
83	0.03542	0.01126	0.01352	0.05239	0.01669	0.00900	0.00823	0.01731	0.01349	0.08098	0.01236	0.01400	0.00980	0.00509	0.00491	0.00112	0.00498	0.00408	0.00405	0.68132
84	0.01408	0.15012	0.40968	0.04952	0.02286	0.03508	0.01736	0.03385	0.03652	0.04494	0.01476	0.07536	0.01259	0.00765	0.00596	0.00196	0.00792	0.02945	0.02176	0.00858

[dist]
# distance from previous block
# <min> <max>
1	4

[block]
# block no. 2 follows, 35 sequences, length 52
# corresponding to MSA columns:
# 354-405
name=unknown_C
#
# <colnr> <probs for GDERKNQSTAVLIFYWHMCP>
#	G	D	E	R	K	N	Q	S	T	A	V	L	I	F	Y	W	H	M	C	P
0	0.03713	0.00759	0.00903	0.00842	0.01064	0.00683	0.00624	0.01318	0.03957	0.05745	0.24327	0.20653	0.16146	0.03943	0.00787	0.00215	0.00380	0.01145	0.00590	0.12208
1	0.01748	0.36999	0.04636	0.01475	0.07759	0.13313	0.03568	0.09146	0.01616	0.01977	0.08157	0.01581	0.01398	0.00667	0.00527	0.00161	0.00729	0.00499	0.03222	0.00821
2	0.00933	0.00773	0.01059	0.01331	0.14071	0.00717	0.00801	0.01144	0.01444	0.01909	0.17375	0.26105	0.27005	0.01472	0.00745	0.00220	0.00409	0.01300	0.00560	0.00626
3	0.06561	0.17991	0.36749	0.01716	0.07505	0.06857	0.03497	0.04824	0.01446	0.05660	0.01152	0.01316	0.00868	0.00604	0.00556	0.00184	0.00832	0.00457	0.00326	0.00899
4	0.03621	0.10980	0.14630	0.04910	0.15641	0.01501	0.01444	0.11304	0.04037	0.20611	0.04107	0.01738	0.01293	0.00689	0.00600	0.00189	0.00689	0.00561	0.00487	0.00965
5	0.00785	0.00625	0.00683	0.00703	0.00861	0.00546	0.00502	0.00936	0.01392	0.01734	0.12188	0.17622	0.48350	0.08999	0.00999	0.00259	0.00355	0.01357	0.00580	0.00524
6	0.02370	0.03023	0.01798	0.01634	0.01961	0.75158	0.01226	0.02533	0.01798	0.01553	0.00981	0.01144	0.00817	0.00654	0.00572	0.00163	0.01144	0.00409	0.00327	0.00735
7	0.04645	0.07533	0.17092	0.03801	0.20113	0.01591	0.05671	0.17262	0.01772	0.09744	0.01430	0.01714	0.01096	0.00678	0.00616	0.00194	0.00758	0.02900	0.00431	0.00960
8	0.01341	0.15921	0.12115	0.08220	0.01919	0.06161	0.04020	0.01641	0.02675	0.01604	0.01430	0.04761	0.02850	0.11661	0.07419	0.00329	0.14271	0.00630	0.00326	0.00704
9	0.00773	0.00552	0.00736	0.00883	0.00920	0.00515	0.00589	0.00883	0.01215	0.01619	0.03497	0.77291	0.04196	0.01987	0.00810	0.00258	0.00368	0.01803	0.00589	0.00515
10	0.01315	0.01128	0.01315	0.00940	0.01503	0.00846	0.00752	0.01597	0.01315	0.02067	0.01128	0.01315	0.00940	0.00470	0.00470	0.00094	0.00470	0.00376	0.00376	0.81583
11	0.03500	0.20071	0.32707	0.01755	0.10291	0.01694	0.03250	0.07449	0.01480	0.04449	0.01156	0.01331	0.00887	0.00591	0.00552	0.00175	0.00781	0.00459	0.00332	0.07091
12	0.04841	0.18380	0.08777	0.01734	0.02263	0.03462	0.28067	0.04044	0.06286	0.02106	0.10032	0.01911	0.01600	0.00675	0.00623	0.00189	0.00785	0.00647	0.02756	0.00821
13	0.00750	0.00643	0.00643	0.00643	0.00857	0.00536	0.00482	0.00910	0.01446	0.01714	0.06427	0.06105	0.73490	0.01607	0.00750	0.00214	0.00321	0.01339	0.00589	0.00536
14	0.01255	0.01185	0.02005	0.65192	0.14915	0.01424	0.01790	0.01670	0.01295	0.01690	0.01138	0.01673	0.00870	0.00624	0.00633	0.00208	0.00832	0.00564	0.00287	0.00750
15	0.00959	0.00659	0.00854	0.00831	0.00986	0.00605	0.00626	0.01221	0.01679	0.05299	0.52513	0.13497	0.11082	0.01410	0.00759	0.00213	0.00336	0.05196	0.00673	0.00603
16	0.00903	0.00621	0.00727	0.00738	0.00775	0.00610	0.00458	0.00964	0.01077	0.01439	0.09057	0.09827	0.06843	0.56170	0.04228	0.00524	0.00574	0.03583	0.00447	0.00434
17	0.42247	0.04153	0.03709	0.01034	0.01494	0.01351	0.00888	0.08843	0.01523	0.26967	0.01499	0.01468	0.01031	0.00670	0.00506	0.00194	0.00548	0.00468	0.00539	0.00869
18	0.01043	0.00689	0.00867	0.00845	0.01032	0.00632	0.00651	0.01271	0.01543	0.09020	0.27684	0.12149	0.24569	0.01731	0.06843	0.00285	0.00476	0.07429	0.00624	0.00615
19	0.01483	0.01704	0.12744	0.08417	0.53158	0.01461	0.04519	0.01917	0.01415	0.02043	0.01221	0.01584	0.00989	0.00581	0.00622	0.00191	0.00779	0.00559	0.03662	0.00952
20	0.01198	0.01128	0.01903	0.76180	0.04369	0.01409	0.01762	0.01621	0.01268	0.01621	0.01128	0.01691	0.00846	0.00634	0.00634	0.00211	0.00846	0.00564	0.00282	0.00705
21	0.01057	0.00722	0.00924	0.00851	0.01034	0.00684	0.00646	0.01455	0.06600	0.06720	0.64483	0.04428	0.05454	0.01238	0.00735	0.00200	0.00327	0.01088	0.00700	0.00654
22	0.01578	0.01363	0.01434	0.01291	0.01650	0.01578	0.01004	0.03371	0.72602	0.02654	0.02582	0.02367	0.01937	0.00861	0.00646	0.00215	0.00502	0.00717	0.00646	0.01004
23	0.01630	0.01633	0.02479	0.06373	0.64568	0.08276	0.01874	0.01989	0.01470	0.02008	0.01171	0.01535	0.00982	0.00576	0.00623	0.00187	0.00793	0.00551	0.00314	0.00969
24	0.68454	0.01320	0.01116	0.03551	0.05652	0.04492	0.00831	0.01945	0.03796	0.02699	0.00977	0.01139	0.00763	0.00602	0.00431	0.00196	0.00545	0.00380	0.00391	0.00720
25	0.00923	0.00615	0.00692	0.00692	0.00692	0.00615	0.00384	0.00923	0.00923	0.01230	0.01999	0.04151	0.02306	0.77705	0.03229	0.00615	0.00615	0.00923	0.00384	0.00384
26	0.02370	0.03023	0.01798	0.01634	0.01961	0.75158	0.01226	0.02533	0.01798	0.01553	0.00981	0.01144	0.00817	0.00654	0.00572	0.00163	0.01144	0.00409	0.00327	0.00735
27	0.02284	0.01494	0.01639	0.01278	0.01728	0.01607	0.01049	0.51013	0.02561	0.13764	0.01747	0.01744	0.01234	0.00761	0.00606	0.00185	0.00613	0.00584	0.13105	0.01004
28	0.01570	0.01507	0.02575	0.03894	0.73748	0.01507	0.01947	0.01947	0.01444	0.02073	0.01193	0.01570	0.01005	0.00565	0.00628	0.00188	0.00754	0.00565	0.00314	0.01005
29	0.08732	0.10532	0.01775	0.01263	0.01691	0.06422	0.01048	0.34625	0.08680	0.05478	0.07066	0.02083	0.03703	0.00826	0.00606	0.00190	0.00639	0.03165	0.00560	0.00916
30	0.01857	0.01954	0.02673	0.02411	0.15852	0.20285	0.27776	0.06404	0.01638	0.06079	0.01244	0.01533	0.00966	0.00636	0.00755	0.00198	0.05908	0.00598	0.00364	0.00869
31	0.01183	0.00591	0.00591	0.00591	0.00739	0.00591	0.00443	0.01478	0.01330	0.02365	0.02069	0.02365	0.01626	0.00739	0.00443	0.00148	0.00296	0.00591	0.81227	0.00591
32	0.01914	0.51012	0.02772	0.01258	0.01737	0.20964	0.01127	0.06961	0.03979	0.01722	0.01010	0.01131	0.00872	0.00597	0.00473	0.00149	0.00792	0.00386	0.00324	0.00819
33	0.07967	0.01134	0.01465	0.01131	0.01616	0.01030	0.00934	0.07385	0.01842	0.65079	0.02335	0.02045	0.01482	0.00771	0.00622	0.00196	0.00547	0.00615	0.00750	0.01054
34	0.01198	0.01128	0.01903	0.76180	0.04369	0.01409	0.01762	0.01621	0.01268	0.01621	0.01128	0.01691	0.00846	0.00634	0.00634	0.00211	0.00846	0.00564	0.00282	0.00705
35	0.01638	0.01393	0.01469	0.01303	0.01673	0.01606	0.01019	0.08328	0.67546	0.02751	0.02505	0.02306	0.01874	0.00853	0.00645	0.00213	0.00516	0.00707	0.00645	0.01010
36	0.00906	0.00680	0.01020	0.01020	0.01133	0.00793	0.00793	0.01133	0.01020	0.01473	0.01699	0.02492	0.01586	0.04758	0.75191	0.01020	0.01699	0.00680	0.00340	0.00566
37	0.01858	0.01527	0.04024	0.06359	0.01939	0.01637	0.01151	0.35528	0.23950	0.03089	0.02148	0.02300	0.05335	0.03011	0.00724	0.00216	0.00629	0.03024	0.00591	0.00961
38	0.00906	0.00680	0.01020	0.01020	0.01133	0.00793	0.00793	0.01133	0.01020	0.01473	0.01699	0.02492	0.01586	0.04758	0.75191	0.01020	0.01699	0.00680	0.00340	0.00566
39	0.01299	0.01065	0.01207	0.01160	0.01424	0.01174	0.00921	0.02424	0.41456	0.02391	0.12255	0.06891	0.05324	0.01196	0.00723	0.00233	0.00483	0.16923	0.00634	0.00818
40	0.00841	0.00611	0.00804	0.00932	0.01005	0.00585	0.00669	0.01039	0.03394	0.01729	0.05845	0.59071	0.06174	0.01881	0.00812	0.00259	0.00404	0.12807	0.00593	0.00544
41	0.01315	0.01128	0.01315	0.00940	0.01503	0.00846	0.00752	0.01597	0.01315	0.02067	0.01128	0.01315	0.00940	0.00470	0.00470	0.00094	0.00470	0.00376	0.00376	0.81583
42	0.01741	0.01444	0.01526	0.01324	0.01712	0.01654	0.01044	0.16730	0.58977	0.02917	0.02375	0.02202	0.01769	0.00841	0.00643	0.00210	0.00540	0.00689	0.00643	0.01019
43	0.00889	0.00639	0.00795	0.00794	0.00880	0.00636	0.00548	0.01031	0.01223	0.01659	0.18304	0.07295	0.11758	0.32172	0.16504	0.00532	0.00714	0.02647	0.00483	0.00496
44	0.02466	0.01116	0.01434	0.01131	0.01571	0.01040	0.00923	0.10051	0.06555	0.52909	0.11562	0.02439	0.02113	0.00854	0.00652	0.00197	0.00523	0.00702	0.00749	0.01012
45	0.00875	0.00595	0.00706	0.00753	0.00765	0.00583	0.00449	0.00910	0.01015	0.01354	0.02475	0.27422	0.02908	0.53614	0.02459	0.00501	0.00536	0.01203	0.00449	0.00426
46	0.02474	0.03820	0.10083	0.01244	0.01773	0.01155	0.01132	0.08896	0.04637	0.51932	0.02239	0.02155	0.01501	0.00791	0.00635	0.00199	0.00605	0.03014	0.00683	0.01034
47	0.01466	0.10786	0.03930	0.01148	0.04791	0.03643	0.00917	0.01747	0.01356	0.05291	0.01215	0.03137	0.01025	0.00544	0.00493	0.00118	0.00547	0.00430	0.00379	0.57037
48	0.01652	0.05893	0.15072	0.01771	0.12960	0.03222	0.01406	0.16827	0.01631	0.05248	0.01347	0.01792	0.01134	0.09888	0.01132	0.00248	0.12205	0.00571	0.02317	0.03683
49	0.07063	0.26220	0.13157	0.01281	0.01754	0.08320	0.02856	0.09261	0.05669	0.02055	0.03277	0.08635	0.01482	0.03439	0.00654	0.00199	0.00705	0.02771	0.00399	0.00802
50	0.04184	0.03448	0.17449	0.01563	0.04220	0.01252	0.13875	0.08395	0.01575	0.04090	0.12439	0.10919	0.04564	0.00923	0.00714	0.00205	0.03275	0.00818	0.02880	0.03213
51	0.01565	0.10273	0.15475	0.01632	0.10101	0.08992	0.03080	0.09372	0.08014	0.02156	0.03100	0.06935	0.01413	0.03613	0.00689	0.00196	0.00713	0.00619	0.03076	0.08986

[dist]
# distance from previous block
# <min> <max>
1	74

[block]
# block no. 3 follows, 35 sequences, length 34
# corresponding to MSA columns:
# 480-513
name=unknown_D
#
# <colnr> <probs for GDERKNQSTAVLIFYWHMCP>
#	G	D	E	R	K	N	Q	S	T	A	V	L	I	F	Y	W	H	M	C	P
0	0.03905	0.01306	0.08738	0.07956	0.04691	0.01158	0.15312	0.05594	0.01361	0.01916	0.03324	0.07315	0.03270	0.13128	0.08999	0.00360	0.02391	0.04611	0.00392	0.04273
1	0.01454	0.05557	0.26889	0.02254	0.21777	0.01554	0.05516	0.05503	0.05693	0.02066	0.01264	0.01582	0.01015	0.02502	0.03207	0.00235	0.07886	0.00547	0.00334	0.03165
2	0.08661	0.14046	0.19392	0.01483	0.03864	0.04936	0.03514	0.13573	0.13435	0.06688	0.01520	0.01685	0.01165	0.00703	0.00580	0.00192	0.00722	0.02475	0.00446	0.00919
3	0.00912	0.00659	0.00914	0.00914	0.00990	0.00735	0.00661	0.01065	0.00988	0.01394	0.01796	0.03028	0.01819	0.28335	0.51932	0.00889	0.01349	0.00758	0.00354	0.00508
4	0.01209	0.01128	0.01869	0.69649	0.04108	0.01419	0.01703	0.01611	0.01253	0.01636	0.01136	0.01692	0.00867	0.00666	0.00715	0.00214	0.05338	0.00564	0.02524	0.00701
5	0.00927	0.00654	0.00791	0.00834	0.00978	0.00597	0.00602	0.01146	0.03924	0.05702	0.11813	0.38224	0.26070	0.01681	0.00771	0.00234	0.00366	0.03491	0.00613	0.00580
6	0.04347	0.06992	0.04322	0.01277	0.01781	0.03881	0.01078	0.31311	0.14250	0.02942	0.01514	0.01549	0.01144	0.00678	0.00570	0.00167	0.00624	0.00517	0.00518	0.20538
7	0.01729	0.12264	0.09646	0.01730	0.14108	0.01418	0.05205	0.09145	0.01584	0.12208	0.01412	0.03573	0.01112	0.00629	0.00567	0.00162	0.00660	0.00529	0.00426	0.21894
8	0.01468	0.18366	0.47746	0.01631	0.04305	0.01655	0.01880	0.06002	0.01438	0.04565	0.01262	0.04673	0.01004	0.00666	0.00575	0.00189	0.00826	0.00516	0.00324	0.00909
9	0.01255	0.01067	0.01569	0.18692	0.13249	0.01167	0.02833	0.01751	0.10841	0.04622	0.08598	0.11108	0.09790	0.01061	0.00784	0.00221	0.05394	0.04771	0.00474	0.00753
10	0.00930	0.00770	0.01113	0.03331	0.03297	0.00770	0.05417	0.01122	0.01308	0.01725	0.07470	0.31972	0.17605	0.05882	0.03280	0.00287	0.05036	0.07584	0.00523	0.00577
11	0.01666	0.13113	0.28611	0.01839	0.05960	0.09704	0.13543	0.07550	0.01585	0.05937	0.03782	0.01526	0.01090	0.00633	0.00607	0.00188	0.00874	0.00538	0.00358	0.00894
12	0.01534	0.01484	0.05637	0.19758	0.39448	0.03644	0.04433	0.01970	0.03625	0.06285	0.04999	0.01801	0.01269	0.00644	0.00639	0.00196	0.00764	0.00602	0.00363	0.00903
13	0.01107	0.00759	0.00931	0.00883	0.01077	0.00730	0.00662	0.01545	0.10712	0.08198	0.39102	0.15936	0.13188	0.01347	0.00736	0.00212	0.00359	0.01179	0.00668	0.00669
14	0.02048	0.02399	0.03672	0.10850	0.05444	0.45926	0.06634	0.05021	0.03726	0.04185	0.03435	0.01473	0.01069	0.00672	0.00608	0.00180	0.00998	0.00507	0.00367	0.00785
15	0.03790	0.09341	0.32591	0.01681	0.05614	0.03810	0.05673	0.11959	0.05785	0.08628	0.04169	0.01617	0.01193	0.00673	0.00603	0.00193	0.00789	0.00542	0.00414	0.00935
16	0.01057	0.00864	0.00951	0.00925	0.01116	0.03069	0.00686	0.03729	0.14686	0.02195	0.25921	0.21665	0.17873	0.01406	0.00735	0.00218	0.00396	0.01222	0.00627	0.00660
17	0.00773	0.00552	0.00736	0.00883	0.00920	0.00515	0.00589	0.00883	0.01215	0.01619	0.03497	0.77291	0.04196	0.01987	0.00810	0.00258	0.00368	0.01803	0.00589	0.00515
18	0.06307	0.01603	0.02678	0.05079	0.32140	0.04993	0.24181	0.05170	0.03887	0.05811	0.01319	0.01622	0.01022	0.00593	0.00652	0.00198	0.00840	0.00613	0.00369	0.00924
19	0.03584	0.01029	0.01398	0.01479	0.10008	0.05038	0.08167	0.01497	0.07353	0.01948	0.10853	0.34856	0.07513	0.01353	0.00731	0.00225	0.00534	0.01229	0.00525	0.00678
20	0.00902	0.00642	0.00861	0.00874	0.00934	0.00696	0.00608	0.01025	0.00996	0.01386	0.01975	0.09525	0.02103	0.34447	0.39353	0.00789	0.01141	0.00875	0.00379	0.00487
21	0.01189	0.02224	0.41469	0.01803	0.11076	0.01214	0.04057	0.01722	0.01421	0.02054	0.13125	0.09865	0.04313	0.00881	0.00660	0.00206	0.00739	0.00763	0.00387	0.00833
22	0.82186	0.01227	0.00932	0.00834	0.01227	0.01423	0.00687	0.01865	0.01080	0.02846	0.00883	0.01031	0.00687	0.00589	0.00393	0.00196	0.00491	0.00344	0.00393	0.00687
23	0.01578	0.01363	0.01434	0.01291	0.01650	0.01578	0.01004	0.03371	0.72602	0.02654	0.02582	0.02367	0.01937	0.00861	0.00646	0.00215	0.00502	0.00717	0.00646	0.01004
24	0.01482	0.01450	0.02271	0.02821	0.39053	0.01717	0.01678	0.01745	0.01217	0.01810	0.01020	0.01482	0.00922	0.00828	0.01328	0.00231	0.37233	0.00560	0.00296	0.00855
25	0.02327	0.02833	0.01786	0.01589	0.01941	0.65591	0.01203	0.08426	0.01878	0.01785	0.01034	0.01184	0.00845	0.00655	0.00573	0.00163	0.01076	0.00421	0.00355	0.04335
26	0.00918	0.00631	0.00775	0.00775	0.00803	0.00660	0.00488	0.00976	0.00947	0.01291	0.01923	0.03733	0.02124	0.59287	0.21398	0.00717	0.00889	0.00861	0.00373	0.00430
27	0.01388	0.01388	0.01943	0.01666	0.01666	0.01943	0.01388	0.01527	0.00972	0.01527	0.00833	0.01388	0.00833	0.01110	0.02082	0.00278	0.76544	0.00555	0.00278	0.00694
28	0.02372	0.02949	0.01804	0.01624	0.01962	0.70800	0.01225	0.06648	0.01868	0.01698	0.01013	0.01167	0.00833	0.00660	0.00576	0.00165	0.01117	0.00418	0.00345	0.00756
29	0.00920	0.00625	0.00744	0.00744	0.00762	0.00643	0.00450	0.00956	0.00938	0.01269	0.01951	0.03887	0.02191	0.66069	0.14708	0.00680	0.00788	0.00884	0.00377	0.00413
30	0.01578	0.01363	0.01434	0.01291	0.01650	0.01578	0.01004	0.03371	0.72602	0.02654	0.02582	0.02367	0.01937	0.00861	0.00646	0.00215	0.00502	0.00717	0.00646	0.01004
31	0.02121	0.01825	0.07967	0.01406	0.01899	0.06089	0.01217	0.49586	0.05267	0.05473	0.01958	0.03806	0.06789	0.00843	0.00642	0.00194	0.00695	0.00651	0.00585	0.00987
32	0.01427	0.01361	0.02316	0.31725	0.47036	0.01470	0.01876	0.01821	0.01377	0.01899	0.01168	0.01617	0.00944	0.00592	0.00630	0.00197	0.00789	0.00565	0.00302	0.00889
33	0.01455	0.01344	0.02177	0.05467	0.54178	0.01353	0.01642	0.04065	0.03394	0.02170	0.10218	0.02250	0.06042	0.00733	0.00651	0.00193	0.00667	0.00686	0.00395	0.00920

[dist]
# distance from previous block
# <min> <max>
0	150

[block]
# block no. 4 follows, 35 sequences, length 22
# corresponding to MSA columns:
# 664-685
name=unknown_E
#
# <colnr> <probs for GDERKNQSTAVLIFYWHMCP>
#	G	D	E	R	K	N	Q	S	T	A	V	L	I	F	Y	W	H	M	C	P
0	0.06131	0.06240	0.10116	0.09347	0.23713	0.08107	0.04076	0.04254	0.01391	0.01941	0.01286	0.07787	0.01167	0.00781	0.00808	0.00206	0.10858	0.00624	0.00339	0.00830
1	0.03620	0.00978	0.01151	0.00918	0.01258	0.00864	0.00687	0.03752	0.01246	0.06295	0.01481	0.02245	0.01395	0.22921	0.04335	0.02341	0.03028	0.00577	0.00405	0.40504
2	0.01229	0.01207	0.01472	0.03551	0.05694	0.11669	0.10234	0.01541	0.06117	0.01745	0.02691	0.31450	0.08211	0.07209	0.00924	0.00255	0.00640	0.03029	0.00479	0.00652
3	0.01696	0.78087	0.03324	0.01085	0.01628	0.02510	0.01085	0.01900	0.01289	0.01493	0.00882	0.01018	0.00814	0.00543	0.00407	0.00136	0.00678	0.00339	0.00271	0.00814
4	0.01403	0.01125	0.01324	0.00950	0.01510	0.00851	0.00762	0.01683	0.01344	0.06196	0.01206	0.01364	0.00976	0.00488	0.00479	0.00100	0.00474	0.00391	0.00399	0.76975
5	0.02200	0.01664	0.01904	0.14462	0.02385	0.01870	0.01303	0.59450	0.02684	0.03584	0.01454	0.01552	0.01038	0.00739	0.00635	0.00194	0.00724	0.00570	0.00573	0.01014
6	0.02522	0.01104	0.01411	0.01103	0.01545	0.01023	0.00904	0.12198	0.01926	0.53776	0.05924	0.02224	0.01733	0.00803	0.00624	0.00191	0.00525	0.00650	0.08810	0.01006
7	0.01686	0.01679	0.02358	0.13003	0.32768	0.11560	0.10731	0.10426	0.01663	0.02154	0.01395	0.01796	0.02899	0.00663	0.00647	0.00195	0.00839	0.02280	0.00365	0.00894
8	0.01198	0.01128	0.01903	0.76180	0.04369	0.01409	0.01762	0.01621	0.01268	0.01621	0.01128	0.01691	0.00846	0.00634	0.00634	0.00211	0.00846	0.00564	0.00282	0.00705
9	0.00910	0.00664	0.00942	0.00942	0.01029	0.00751	0.00696	0.01083	0.00997	0.01415	0.01770	0.02885	0.01756	0.22013	0.58170	0.00924	0.01443	0.00737	0.00350	0.00523
10	0.00829	0.00668	0.00752	0.00795	0.00989	0.00592	0.00638	0.01027	0.01450	0.01767	0.05539	0.06409	0.53283	0.01649	0.00786	0.00237	0.00397	0.21054	0.00588	0.00550
11	0.01018	0.00804	0.01109	0.01298	0.07177	0.00812	0.00984	0.01272	0.01414	0.01838	0.03666	0.10252	0.17451	0.01602	0.00895	0.00265	0.04881	0.42105	0.00546	0.00611
12	0.08065	0.01690	0.04042	0.01747	0.12859	0.07657	0.01251	0.36895	0.04737	0.03009	0.01512	0.05154	0.01223	0.01055	0.06012	0.00253	0.00785	0.00608	0.00507	0.00939
13	0.00950	0.00641	0.00746	0.00765	0.00805	0.00642	0.00485	0.01069	0.03279	0.01483	0.05177	0.11269	0.02692	0.54581	0.02472	0.00499	0.00554	0.06353	0.05084	0.00452
14	0.01459	0.03615	0.19841	0.04106	0.05826	0.04196	0.05392	0.10256	0.16353	0.02330	0.05531	0.02357	0.09394	0.00925	0.02549	0.00221	0.00714	0.00689	0.03380	0.00866
15	0.01295	0.00676	0.00749	0.00710	0.00890	0.00662	0.00538	0.03978	0.01478	0.08123	0.11155	0.07519	0.02319	0.00895	0.00528	0.00167	0.00334	0.00744	0.56596	0.00643
16	0.14557	0.09954	0.26325	0.01531	0.07065	0.01554	0.01468	0.15453	0.01647	0.02500	0.06514	0.05917	0.01424	0.00752	0.00579	0.00194	0.00700	0.00588	0.00413	0.00868
17	0.01538	0.16051	0.29364	0.09087	0.14637	0.01610	0.06764	0.02020	0.01391	0.07762	0.01221	0.01446	0.00921	0.00595	0.00584	0.00185	0.00814	0.00502	0.00327	0.03184
18	0.01273	0.01079	0.01250	0.00945	0.01432	0.00874	0.00748	0.01691	0.07910	0.02159	0.09266	0.01964	0.04338	0.00638	0.00527	0.00121	0.00449	0.00527	0.00444	0.62366
19	0.00955	0.00808	0.04703	0.00825	0.00903	0.00738	0.00584	0.01043	0.01046	0.01423	0.07365	0.03935	0.06608	0.56128	0.05623	0.00536	0.04997	0.00909	0.00405	0.00464
20	0.00911	0.00740	0.01010	0.03575	0.02921	0.00693	0.04152	0.01198	0.03380	0.02102	0.34138	0.16114	0.23862	0.01402	0.00749	0.00214	0.00389	0.01239	0.00607	0.00605
21	0.01593	0.04423	0.06506	0.11795	0.06267	0.01392	0.01213	0.18264	0.06046	0.04912	0.05140	0.01846	0.01376	0.01056	0.06964	0.00251	0.03471	0.00577	0.04647	0.12261

[dist]
# distance from previous block
# <min> <max>
1	3

[block]
# block no. 5 follows, 35 sequences, length 41
# corresponding to MSA columns:
# 689-729
name=unknown_F
#
# <colnr> <probs for GDERKNQSTAVLIFYWHMCP>
#	G	D	E	R	K	N	Q	S	T	A	V	L	I	F	Y	W	H	M	C	P
0	0.19515	0.23691	0.13099	0.01296	0.01804	0.17986	0.01222	0.06072	0.06372	0.02103	0.01096	0.01219	0.00877	0.00621	0.00499	0.00174	0.00768	0.00414	0.00356	0.00816
1	0.01002	0.00810	0.03319	0.01124	0.05736	0.00712	0.00851	0.01258	0.01514	0.03658	0.22796	0.10957	0.17672	0.01497	0.00830	0.02679	0.00458	0.21930	0.00585	0.00613
2	0.01272	0.03281	0.74418	0.01808	0.02746	0.01473	0.02344	0.02009	0.01339	0.02009	0.01138	0.01339	0.00804	0.00603	0.00603	0.00201	0.00938	0.00469	0.00268	0.00938
3	0.00922	0.00619	0.00713	0.00713	0.00720	0.00626	0.00410	0.00936	0.00929	0.01245	0.01980	0.04046	0.02261	0.73068	0.07804	0.00641	0.00684	0.00907	0.00382	0.00396
4	0.01816	0.00980	0.01197	0.01009	0.01351	0.00926	0.00807	0.09568	0.06460	0.29713	0.16040	0.05325	0.17556	0.01113	0.00694	0.00206	0.00463	0.03243	0.00692	0.00844
5	0.01247	0.01186	0.05769	0.04742	0.04455	0.01157	0.00984	0.02231	0.33448	0.02373	0.20956	0.05756	0.10952	0.01055	0.00685	0.00210	0.00479	0.00905	0.00597	0.00813
6	0.00777	0.00581	0.00723	0.00821	0.00908	0.00527	0.00565	0.00914	0.01314	0.01714	0.09716	0.55166	0.20274	0.01845	0.00791	0.00243	0.00352	0.01645	0.00598	0.00527
7	0.01376	0.01502	0.09553	0.06745	0.39625	0.01333	0.04941	0.01874	0.07378	0.02020	0.03966	0.04481	0.07158	0.04377	0.00774	0.00219	0.00705	0.00710	0.00381	0.00881
8	0.00850	0.00647	0.00781	0.00747	0.00918	0.00578	0.00561	0.01104	0.01682	0.02273	0.51538	0.05185	0.28030	0.01398	0.00749	0.00204	0.00306	0.01210	0.00663	0.00578
9	0.01550	0.01498	0.02572	0.06184	0.66819	0.01521	0.04241	0.01926	0.01425	0.02039	0.01183	0.01573	0.00993	0.00584	0.00678	0.00193	0.03159	0.00571	0.00312	0.00980
10	0.82186	0.01227	0.00932	0.00834	0.01227	0.01423	0.00687	0.01865	0.01080	0.02846	0.00883	0.01031	0.00687	0.00589	0.00393	0.00196	0.00491	0.00344	0.00393	0.00687
11	0.01497	0.01711	0.03743	0.02674	0.03316	0.01604	0.71444	0.02032	0.01497	0.02032	0.01283	0.01711	0.00963	0.00535	0.00749	0.00214	0.01070	0.00749	0.00321	0.00856
12	0.02412	0.01777	0.01904	0.01460	0.01967	0.01967	0.01206	0.71633	0.02983	0.03998	0.01523	0.01523	0.01079	0.00762	0.00635	0.00190	0.00698	0.00571	0.00635	0.01079
13	0.00923	0.00615	0.00692	0.00692	0.00692	0.00615	0.00384	0.00923	0.00923	0.01230	0.01999	0.04151	0.02306	0.77705	0.03229	0.00615	0.00615	0.00923	0.00384	0.00384
14	0.01006	0.00725	0.01000	0.01137	0.01287	0.00719	0.00991	0.01291	0.01460	0.01888	0.03539	0.07094	0.07751	0.01744	0.00869	0.00288	0.00569	0.65478	0.00584	0.00581
15	0.00858	0.00653	0.00972	0.01041	0.01133	0.00618	0.05160	0.01023	0.01271	0.01689	0.03335	0.61636	0.03906	0.01859	0.00816	0.00260	0.00446	0.12207	0.00571	0.00548
16	0.01388	0.01388	0.01943	0.01666	0.01666	0.01943	0.01388	0.01527	0.00972	0.01527	0.00833	0.01388	0.00833	0.01110	0.02082	0.00278	0.76544	0.00555	0.00278	0.00694
17	0.01490	0.01691	0.03629	0.02610	0.03211	0.01626	0.66990	0.02000	0.01464	0.02000	0.01255	0.01691	0.00954	0.00571	0.00833	0.00218	0.05867	0.00736	0.00318	0.00845
18	0.00750	0.00643	0.00643	0.00643	0.00857	0.00536	0.00482	0.00910	0.01446	0.01714	0.06427	0.06105	0.73490	0.01607	0.00750	0.00214	0.00321	0.01339	0.00589	0.00536
19	0.01198	0.01128	0.01903	0.76180	0.04369	0.01409	0.01762	0.01621	0.01268	0.01621	0.01128	0.01691	0.00846	0.00634	0.00634	0.00211	0.00846	0.00564	0.00282	0.00705
20	0.01538	0.01474	0.02516	0.10208	0.67687	0.01499	0.01931	0.01918	0.01429	0.02033	0.01188	0.01581	0.00991	0.00571	0.00629	0.00190	0.00762	0.00565	0.00311	0.00979
21	0.01022	0.00730	0.01022	0.01168	0.01314	0.00730	0.01022	0.01314	0.01460	0.01899	0.03359	0.07156	0.03651	0.01752	0.00876	0.00292	0.00584	0.69478	0.00584	0.00584
22	0.00867	0.00647	0.00806	0.00766	0.00929	0.00586	0.00575	0.01138	0.01724	0.02373	0.59599	0.05021	0.19907	0.01361	0.00749	0.00203	0.00304	0.01187	0.00676	0.00586
23	0.64308	0.01264	0.01098	0.00934	0.01350	0.01418	0.00770	0.09095	0.01363	0.11761	0.01148	0.01220	0.00836	0.00631	0.00447	0.00196	0.00518	0.00403	0.00466	0.00775
24	0.00841	0.00588	0.00775	0.00898	0.00968	0.00561	0.00642	0.00999	0.01274	0.01733	0.05646	0.56266	0.05850	0.01930	0.03160	0.00276	0.00431	0.10808	0.05818	0.00534
25	0.01691	0.00951	0.01175	0.01027	0.01336	0.00928	0.00807	0.02290	0.17871	0.26430	0.22192	0.08329	0.07991	0.01107	0.00696	0.00210	0.00441	0.02989	0.00697	0.00842
26	0.00759	0.00636	0.00660	0.00669	0.00866	0.00537	0.00496	0.00923	0.01446	0.01748	0.09565	0.11422	0.64862	0.01620	0.00754	0.00217	0.00324	0.01364	0.00595	0.00537
27	0.10644	0.01171	0.01466	0.01136	0.01619	0.01095	0.00938	0.10493	0.01871	0.59430	0.02235	0.01978	0.01429	0.00763	0.00613	0.00196	0.00552	0.00602	0.00730	0.01041
28	0.00825	0.00646	0.00747	0.00722	0.00903	0.00568	0.00541	0.01057	0.01624	0.02137	0.40566	0.05409	0.39087	0.01449	0.00749	0.00207	0.00310	0.01241	0.00645	0.00568
29	0.01047	0.00710	0.00910	0.00904	0.01071	0.00673	0.00705	0.03822	0.01649	0.05570	0.36080	0.15250	0.10237	0.01450	0.00764	0.00225	0.00393	0.14781	0.03143	0.00618
30	0.01279	0.01210	0.02049	0.60438	0.19478	0.01431	0.01802	0.01692	0.01307	0.01719	0.01142	0.01665	0.00880	0.00619	0.00633	0.00206	0.00826	0.00564	0.00289	0.00770
31	0.64245	0.01631	0.01127	0.01014	0.01392	0.17998	0.00808	0.02015	0.01241	0.02555	0.00905	0.01056	0.00716	0.00603	0.00433	0.00189	0.00638	0.00358	0.00378	0.00698
32	0.01027	0.00913	0.01015	0.00998	0.01102	0.06779	0.00738	0.01171	0.01208	0.01559	0.04738	0.19806	0.15950	0.12556	0.17527	0.00458	0.10387	0.01062	0.00449	0.00555
33	0.01931	0.01142	0.01346	0.01146	0.01521	0.01179	0.00908	0.02905	0.34973	0.29014	0.11656	0.02724	0.04862	0.00915	0.00659	0.00206	0.00484	0.00765	0.00702	0.00964
34	0.03769	0.09247	0.09701	0.03938	0.01847	0.01559	0.01158	0.14305	0.27325	0.04454	0.06320	0.01948	0.01622	0.00752	0.00596	0.00186	0.00598	0.00601	0.00523	0.09550
35	0.01420	0.01867	0.25811	0.03808	0.03923	0.01242	0.04924	0.07071	0.08562	0.05889	0.10456	0.02140	0.03347	0.03050	0.00699	0.00197	0.00678	0.00631	0.00444	0.13842
