[name]
unknown

[dist]
# distance from previous block
# <min> <max>
0	26

[block]
# block no. 0 follows, 34 sequences, length 16
# corresponding to MSA columns:
# 33-48
name=unknown_A
#
# <colnr> <probs for GDERKNQSTAVLIFYWHMCP>
#	G	D	E	R	K	N	Q	S	T	A	V	L	I	F	Y	W	H	M	C	P
0	0.23598	0.03299	0.03157	0.01184	0.01595	0.05276	0.00983	0.11065	0.19082	0.10746	0.03288	0.02213	0.01556	0.00827	0.00590	0.00205	0.00589	0.06405	0.00552	0.03788
1	0.25628	0.01676	0.01667	0.01334	0.01802	0.08595	0.05271	0.29386	0.06877	0.03105	0.01332	0.01420	0.00997	0.00681	0.00561	0.00188	0.00681	0.00502	0.00503	0.07795
2	0.01796	0.01443	0.01698	0.01391	0.01753	0.03885	0.05315	0.30157	0.10907	0.04534	0.07879	0.02550	0.07870	0.01236	0.06071	0.00271	0.07235	0.02548	0.00569	0.00893
3	0.06461	0.01607	0.01806	0.01704	0.12064	0.04641	0.01204	0.33431	0.11606	0.05982	0.03162	0.01704	0.01286	0.00726	0.00615	0.00186	0.00658	0.00574	0.00552	0.10030
4	0.01009	0.00684	0.00861	0.00902	0.00981	0.00675	0.00616	0.06922	0.01317	0.01755	0.05350	0.43301	0.05878	0.11885	0.01410	0.13583	0.00463	0.01360	0.00528	0.00520
5	0.01733	0.01397	0.01570	0.01233	0.01709	0.03905	0.03137	0.20906	0.11490	0.05196	0.01717	0.08051	0.01437	0.00767	0.00597	0.00164	0.00584	0.00632	0.00522	0.33254
6	0.01580	0.01516	0.02589	0.07538	0.69837	0.01530	0.01974	0.01966	0.01462	0.02088	0.01212	0.01605	0.01015	0.00579	0.00640	0.00193	0.00772	0.00576	0.00318	0.01008
7	0.01122	0.00561	0.00842	0.00842	0.00842	0.00561	0.00561	0.00842	0.00842	0.01122	0.01122	0.01964	0.01122	0.02245	0.02525	0.81201	0.00561	0.00561	0.00281	0.00281
8	0.01428	0.01587	0.03408	0.02483	0.03055	0.01488	0.61630	0.01915	0.01487	0.02014	0.01605	0.11664	0.01415	0.00740	0.00771	0.00224	0.00995	0.00904	0.00363	0.00826
9	0.00798	0.00606	0.00721	0.00793	0.00900	0.00545	0.00547	0.00934	0.01340	0.01719	0.09212	0.41772	0.28631	0.07188	0.00974	0.00269	0.00371	0.01560	0.00593	0.00528
10	0.02899	0.01100	0.01499	0.01150	0.01649	0.00950	0.00950	0.03149	0.01849	0.73709	0.02549	0.02199	0.01599	0.00800	0.00650	0.00200	0.00550	0.00650	0.00800	0.01100
11	0.00960	0.00631	0.00812	0.00879	0.00986	0.00579	0.00619	0.01113	0.01374	0.06670	0.12250	0.49009	0.12204	0.05154	0.00910	0.00263	0.00392	0.04004	0.00618	0.00573
12	0.10666	0.00772	0.00921	0.00884	0.01095	0.00731	0.00661	0.01490	0.01515	0.14318	0.22449	0.27343	0.11872	0.01411	0.00721	0.00223	0.00395	0.01223	0.00641	0.00669
13	0.01051	0.00679	0.00847	0.00831	0.01006	0.00606	0.00612	0.01263	0.01582	0.09635	0.29929	0.24035	0.22419	0.01534	0.00767	0.00222	0.00355	0.01342	0.00662	0.00622
14	0.73451	0.01197	0.00956	0.00864	0.01243	0.01368	0.00702	0.01877	0.01136	0.05407	0.01141	0.06249	0.00976	0.00704	0.00438	0.00204	0.00493	0.00462	0.00428	0.00702
15	0.07682	0.01114	0.01351	0.01125	0.01522	0.01096	0.00892	0.02840	0.19030	0.41834	0.02497	0.07603	0.01866	0.05557	0.00808	0.00235	0.00529	0.00751	0.00698	0.00969

[dist]
# distance from previous block
# <min> <max>
4	6

[block]
# block no. 1 follows, 34 sequences, length 13
# corresponding to MSA columns:
# 55-67
name=unknown_B
#
# <colnr> <probs for GDERKNQSTAVLIFYWHMCP>
#	G	D	E	R	K	N	Q	S	T	A	V	L	I	F	Y	W	H	M	C	P
0	0.00910	0.00604	0.00784	0.00878	0.00963	0.00567	0.00609	0.01058	0.01299	0.04660	0.06420	0.57475	0.08503	0.01987	0.04679	0.00288	0.00443	0.01590	0.05723	0.00561
1	0.58358	0.01256	0.01122	0.00963	0.01370	0.01397	0.00786	0.09738	0.01422	0.12259	0.01329	0.05250	0.01051	0.00721	0.00483	0.00203	0.00523	0.00493	0.00490	0.00788
2	0.00954	0.00728	0.01001	0.00997	0.01135	0.00810	0.00770	0.01268	0.05441	0.01639	0.04679	0.03277	0.09200	0.07950	0.53232	0.00824	0.01358	0.03729	0.00416	0.00593
3	0.00951	0.00644	0.00919	0.00969	0.01054	0.00675	0.00729	0.01050	0.01120	0.01519	0.02444	0.17209	0.06212	0.03106	0.29713	0.18959	0.00969	0.10829	0.00429	0.00501
4	0.01034	0.00701	0.00991	0.00972	0.01118	0.00754	0.00749	0.01267	0.01232	0.06075	0.10857	0.07044	0.06771	0.03682	0.50136	0.00763	0.01277	0.00849	0.03121	0.00609
5	0.00902	0.00642	0.00898	0.00929	0.01019	0.00679	0.00680	0.01041	0.01137	0.01566	0.06767	0.19494	0.07671	0.07128	0.37280	0.09119	0.01063	0.01023	0.00439	0.00525
6	0.01620	0.01614	0.02212	0.30790	0.32909	0.11421	0.01764	0.06349	0.01552	0.01990	0.01182	0.01584	0.00941	0.00627	0.00635	0.00197	0.00853	0.00554	0.00330	0.00875
7	0.01984	0.02037	0.02066	0.08323	0.24401	0.25323	0.01494	0.14436	0.09429	0.02310	0.01351	0.01547	0.01063	0.00678	0.00625	0.00189	0.00867	0.00542	0.00415	0.00923
8	0.05073	0.01567	0.01663	0.08714	0.06510	0.09893	0.01167	0.29886	0.06897	0.02792	0.04473	0.05851	0.01490	0.01051	0.03213	0.05149	0.00740	0.00657	0.02349	0.00866
9	0.13305	0.01495	0.01689	0.04560	0.10054	0.06765	0.03804	0.22381	0.07735	0.05952	0.08010	0.04468	0.01707	0.04365	0.00751	0.00220	0.00666	0.00669	0.00524	0.00882
10	0.07119	0.03417	0.08500	0.06774	0.12920	0.08044	0.03104	0.10895	0.04027	0.19862	0.01698	0.05626	0.01301	0.00755	0.00624	0.00196	0.00719	0.00622	0.00505	0.03294
11	0.05260	0.13440	0.02172	0.04460	0.17833	0.01561	0.05114	0.10466	0.05019	0.10930	0.01631	0.01759	0.04082	0.00681	0.00614	0.00178	0.02034	0.00564	0.00449	0.11752
12	0.08060	0.05871	0.11905	0.04811	0.11006	0.03370	0.04134	0.17977	0.10238	0.03856	0.01648	0.01764	0.03867	0.00709	0.00602	0.00190	0.00701	0.00573	0.01978	0.06737

[dist]
# distance from previous block
# <min> <max>
10	75

[block]
# block no. 2 follows, 34 sequences, length 47
# corresponding to MSA columns:
# 160-206
name=unknown_C
#
# <colnr> <probs for GDERKNQSTAVLIFYWHMCP>
#	G	D	E	R	K	N	Q	S	T	A	V	L	I	F	Y	W	H	M	C	P
0	0.06613	0.06356	0.08587	0.03626	0.11902	0.06531	0.02995	0.08861	0.10053	0.09761	0.01554	0.01813	0.01230	0.06601	0.00797	0.00216	0.00697	0.00563	0.00453	0.10788
1	0.01660	0.04056	0.19961	0.04674	0.22367	0.03791	0.05228	0.05833	0.05505	0.10291	0.08754	0.01962	0.01592	0.00717	0.00647	0.00198	0.00756	0.00627	0.00437	0.00944
2	0.01735	0.03281	0.08576	0.05371	0.11394	0.01205	0.02633	0.08216	0.03919	0.16673	0.09295	0.02149	0.03991	0.00746	0.00620	0.00177	0.00612	0.00631	0.00513	0.18262
3	0.01301	0.02299	0.38486	0.01759	0.08375	0.05286	0.03453	0.03511	0.01418	0.01989	0.01760	0.18561	0.01698	0.00953	0.00666	0.00211	0.00785	0.02273	0.00377	0.04840
4	0.12937	0.03978	0.01656	0.01409	0.04667	0.01742	0.01087	0.25121	0.34671	0.03113	0.01927	0.01866	0.01437	0.00783	0.00610	0.00205	0.00591	0.00611	0.00592	0.00997
5	0.05172	0.01178	0.01372	0.01021	0.01544	0.00986	0.00820	0.06006	0.01465	0.08608	0.01355	0.03819	0.01114	0.00598	0.00557	0.00126	0.02599	0.00469	0.00441	0.60750
6	0.00930	0.00658	0.00843	0.04259	0.01111	0.00641	0.00643	0.01120	0.04150	0.04027	0.03428	0.51273	0.09781	0.12595	0.01151	0.00305	0.00440	0.01525	0.00565	0.00556
7	0.01570	0.14788	0.35310	0.02177	0.15978	0.01654	0.09999	0.02101	0.01431	0.07289	0.01248	0.01461	0.00936	0.00602	0.00606	0.00193	0.00862	0.00521	0.00328	0.00948
8	0.01396	0.01861	0.18786	0.18590	0.24199	0.01481	0.16742	0.01895	0.01409	0.01967	0.01314	0.05007	0.01080	0.00658	0.00670	0.00209	0.00881	0.00650	0.00316	0.00887
9	0.02768	0.01167	0.01527	0.01177	0.01665	0.01062	0.00970	0.11202	0.01991	0.62575	0.05204	0.02225	0.01717	0.00817	0.00654	0.00199	0.00559	0.00662	0.00778	0.01080
10	0.01408	0.04590	0.02305	0.04194	0.04542	0.09043	0.27362	0.01884	0.07671	0.01937	0.02359	0.13372	0.08389	0.01014	0.00733	0.00222	0.00796	0.06972	0.00441	0.00766
11	0.01552	0.05766	0.03895	0.20400	0.21749	0.11324	0.03237	0.05551	0.01538	0.01959	0.04477	0.02140	0.05170	0.00783	0.00728	0.00204	0.04953	0.03384	0.00368	0.00821
12	0.01006	0.00792	0.01000	0.01001	0.01061	0.03347	0.00720	0.01116	0.01072	0.01462	0.02076	0.19572	0.02268	0.21204	0.27236	0.04878	0.08280	0.00983	0.00404	0.00523
13	0.01599	0.01535	0.02623	0.03966	0.73262	0.01535	0.01983	0.01983	0.01471	0.02111	0.01215	0.01599	0.01023	0.00576	0.00640	0.00192	0.00768	0.00576	0.00320	0.01023
14	0.10966	0.07632	0.09584	0.01635	0.07677	0.25901	0.01296	0.04520	0.17934	0.04635	0.01462	0.01535	0.01129	0.00694	0.00579	0.00189	0.00816	0.00509	0.00429	0.00879
15	0.01578	0.05894	0.42151	0.01621	0.02316	0.01504	0.03547	0.11041	0.01615	0.08637	0.03930	0.06214	0.01325	0.00787	0.00717	0.00208	0.04964	0.00620	0.00406	0.00927
16	0.81856	0.01250	0.00950	0.00850	0.01250	0.01449	0.00700	0.01899	0.01100	0.02899	0.00900	0.01050	0.00700	0.00600	0.00400	0.00200	0.00500	0.00350	0.00400	0.00700
17	0.02414	0.03079	0.01831	0.01665	0.01998	0.74698	0.01248	0.02580	0.01831	0.01581	0.00999	0.01165	0.00832	0.00666	0.00583	0.00166	0.01165	0.00416	0.00333	0.00749
18	0.01756	0.07744	0.13938	0.12842	0.17676	0.07932	0.01552	0.02219	0.05190	0.14719	0.06856	0.01887	0.01466	0.00710	0.00625	0.00195	0.00755	0.00593	0.00437	0.00910
19	0.01233	0.00816	0.01115	0.01042	0.01178	0.00891	0.02750	0.01440	0.01252	0.08188	0.04485	0.11379	0.02216	0.11978	0.15562	0.00436	0.10768	0.06303	0.16344	0.00626
20	0.00936	0.00642	0.00782	0.00782	0.00809	0.00668	0.00488	0.00989	0.00963	0.01310	0.01965	0.03836	0.02179	0.60491	0.19857	0.00722	0.00883	0.00882	0.00381	0.00435
21	0.01504	0.01442	0.02425	0.21819	0.44913	0.01565	0.04700	0.03502	0.01422	0.01990	0.01177	0.01619	0.00967	0.00646	0.00778	0.00207	0.07512	0.00582	0.00316	0.00913
22	0.01826	0.07771	0.07780	0.03696	0.10284	0.10422	0.04989	0.10984	0.05059	0.12644	0.07609	0.02447	0.07807	0.00850	0.00651	0.00197	0.00715	0.02881	0.00505	0.00885
23	0.74786	0.01222	0.00991	0.04858	0.01404	0.01420	0.00750	0.01873	0.01119	0.02815	0.00954	0.01132	0.00741	0.00607	0.00415	0.00199	0.00512	0.00371	0.03134	0.00697
24	0.01543	0.01649	0.08852	0.03544	0.60854	0.01492	0.01938	0.02000	0.03707	0.02114	0.01374	0.01909	0.01180	0.00654	0.00651	0.00200	0.00767	0.04237	0.00341	0.00994
25	0.00953	0.00718	0.01025	0.01010	0.01097	0.00836	0.00760	0.01134	0.01017	0.01455	0.01742	0.02802	0.01715	0.18550	0.57127	0.00919	0.05508	0.00733	0.00351	0.00548
26	0.01840	0.62614	0.03122	0.01306	0.05643	0.02385	0.01162	0.09482	0.01527	0.04318	0.01044	0.01163	0.00896	0.00587	0.00460	0.00149	0.00693	0.00394	0.00337	0.00878
27	0.01382	0.11801	0.48331	0.01950	0.10665	0.01596	0.03768	0.02047	0.05091	0.02008	0.01324	0.04831	0.01064	0.00678	0.00608	0.00199	0.00855	0.00555	0.00315	0.00930
28	0.02899	0.01100	0.01499	0.01150	0.01649	0.00950	0.00950	0.03149	0.01849	0.73709	0.02549	0.02199	0.01599	0.00800	0.00650	0.00200	0.00550	0.00650	0.00800	0.01100
29	0.00772	0.00655	0.00666	0.00663	0.00878	0.00549	0.00497	0.00943	0.01492	0.01792	0.10205	0.06142	0.69311	0.01619	0.00764	0.00217	0.00326	0.01353	0.00606	0.00549
30	0.04102	0.01554	0.08580	0.11173	0.17400	0.03488	0.01434	0.14342	0.04028	0.14106	0.01831	0.08573	0.02987	0.00841	0.00689	0.00207	0.02543	0.00705	0.00492	0.00924
31	0.01155	0.00995	0.06350	0.02751	0.01437	0.00856	0.09382	0.03119	0.01317	0.03794	0.02297	0.21598	0.02323	0.13768	0.05645	0.00331	0.00642	0.03195	0.18411	0.00632
32	0.00923	0.00692	0.01038	0.01038	0.01154	0.00808	0.00808	0.01154	0.01038	0.01500	0.01731	0.02538	0.01615	0.04846	0.74732	0.01038	0.01731	0.00692	0.00346	0.00577
33	0.02104	0.25710	0.02268	0.01439	0.01854	0.39369	0.01175	0.06267	0.10548	0.01841	0.01203	0.01303	0.00989	0.00664	0.00544	0.00166	0.00913	0.00443	0.00374	0.00827
34	0.01706	0.01911	0.16483	0.02524	0.28160	0.06125	0.09250	0.06457	0.03460	0.09327	0.01569	0.07292	0.01298	0.00738	0.00660	0.00203	0.00804	0.00673	0.00411	0.00951
35	0.02899	0.01100	0.01499	0.01150	0.01649	0.00950	0.00950	0.03149	0.01849	0.73709	0.02549	0.02199	0.01599	0.00800	0.00650	0.00200	0.00550	0.00650	0.00800	0.01100
36	0.00764	0.00655	0.00655	0.00655	0.00873	0.00545	0.00491	0.00927	0.01473	0.01745	0.06546	0.06218	0.73000	0.01636	0.00764	0.00218	0.00327	0.01364	0.00600	0.00545
37	0.01419	0.26064	0.47004	0.01565	0.02328	0.01807	0.01882	0.01952	0.01320	0.01837	0.01104	0.01378	0.00883	0.03635	0.00707	0.00203	0.03289	0.00458	0.00279	0.00886
38	0.01733	0.01151	0.01586	0.03564	0.12249	0.01169	0.03821	0.02341	0.17315	0.21656	0.02856	0.10756	0.11458	0.01031	0.00755	0.00217	0.03970	0.00881	0.00592	0.00897
39	0.01180	0.00605	0.00605	0.00605	0.00759	0.00599	0.00454	0.01473	0.01362	0.02372	0.02355	0.02621	0.05632	0.00802	0.00469	0.00154	0.00303	0.00645	0.76406	0.00599
40	0.01340	0.01148	0.01340	0.00957	0.01531	0.00861	0.00766	0.01627	0.01340	0.02105	0.01148	0.01340	0.00957	0.00479	0.00479	0.00096	0.00479	0.00383	0.00383	0.81242
41	0.01554	0.03739	0.10470	0.02077	0.20111	0.05295	0.07366	0.05826	0.09829	0.04134	0.07250	0.04460	0.03140	0.00750	0.00638	0.00188	0.00701	0.00666	0.00439	0.11369
42	0.04590	0.17864	0.37540	0.01490	0.02166	0.01677	0.01679	0.02213	0.14888	0.02063	0.01467	0.03530	0.01164	0.00880	0.03930	0.00233	0.00818	0.00540	0.00364	0.00904
43	0.01605	0.04714	0.18964	0.08344	0.08531	0.21623	0.01524	0.01944	0.01403	0.01742	0.01210	0.01697	0.01046	0.07888	0.03036	0.00260	0.09536	0.00537	0.03622	0.00774
44	0.01518	0.01333	0.01831	0.08274	0.29501	0.05083	0.01343	0.05524	0.03849	0.05432	0.10882	0.02440	0.08371	0.00797	0.00645	0.00185	0.00639	0.00699	0.00451	0.11201
45	0.01530	0.09552	0.14477	0.01278	0.01717	0.07591	0.01187	0.05922	0.18868	0.05510	0.08530	0.02650	0.07925	0.03748	0.04794	0.00261	0.00716	0.02403	0.00500	0.00841
46	0.01692	0.52202	0.15857	0.01279	0.01863	0.07765	0.01328	0.01997	0.01362	0.03663	0.01045	0.01219	0.00891	0.00810	0.04456	0.00202	0.00827	0.00402	0.00299	0.00840

[dist]
# distance from previous block
# <min> <max>
0	2

[block]
# block no. 3 follows, 34 sequences, length 94
# corresponding to MSA columns:
# 209-302
name=unknown_D
#
# <colnr> <probs for GDERKNQSTAVLIFYWHMCP>
#	G	D	E	R	K	N	Q	S	T	A	V	L	I	F	Y	W	H	M	C	P
0	0.01494	0.01230	0.01418	0.01239	0.01596	0.01338	0.04808	0.02792	0.48561	0.06637	0.03408	0.03194	0.17439	0.01020	0.00686	0.00218	0.00506	0.00866	0.00635	0.00914
1	0.00928	0.00634	0.00766	0.00775	0.00797	0.00652	0.00477	0.00975	0.00974	0.01319	0.02072	0.08208	0.02334	0.60178	0.15652	0.00677	0.00805	0.00949	0.00396	0.00432
2	0.00923	0.00692	0.01038	0.01038	0.01154	0.00808	0.00808	0.01154	0.01038	0.01500	0.01731	0.02538	0.01615	0.04846	0.74732	0.01038	0.01731	0.00692	0.00346	0.00577
3	0.01525	0.01743	0.03813	0.02723	0.03377	0.01634	0.70915	0.02070	0.01525	0.02070	0.01307	0.01743	0.00980	0.00545	0.00763	0.00218	0.01089	0.00763	0.00327	0.00871
4	0.02414	0.03079	0.01831	0.01665	0.01998	0.74698	0.01248	0.02580	0.01831	0.01581	0.00999	0.01165	0.00832	0.00666	0.00583	0.00166	0.01165	0.00416	0.00333	0.00749
5	0.01220	0.01148	0.01938	0.75739	0.04450	0.01436	0.01794	0.01651	0.01292	0.01651	0.01148	0.01723	0.00861	0.00646	0.00646	0.00215	0.00861	0.00574	0.00287	0.00718
6	0.02864	0.01156	0.01534	0.01176	0.01677	0.01033	0.00972	0.08517	0.01943	0.68209	0.02470	0.02148	0.01560	0.00798	0.00650	0.00199	0.00563	0.00644	0.00788	0.01100
7	0.02899	0.01100	0.01499	0.01150	0.01649	0.00950	0.00950	0.03149	0.01849	0.73709	0.02549	0.02199	0.01599	0.00800	0.00650	0.00200	0.00550	0.00650	0.00800	0.01100
8	0.02693	0.01177	0.01501	0.01162	0.01637	0.01095	0.00956	0.14141	0.02005	0.56680	0.02351	0.02110	0.01522	0.00792	0.00634	0.00195	0.00557	0.00635	0.07100	0.01060
9	0.00949	0.00730	0.01088	0.01073	0.01182	0.00869	0.00840	0.01175	0.01036	0.01503	0.01684	0.02479	0.01575	0.04650	0.70905	0.00999	0.05651	0.00686	0.00343	0.00584
10	0.01345	0.11815	0.65902	0.01758	0.02667	0.01621	0.02241	0.02034	0.01358	0.01986	0.01130	0.01327	0.00820	0.00607	0.00591	0.00197	0.00925	0.00462	0.00273	0.00941
11	0.01558	0.01435	0.02584	0.02277	0.12641	0.03287	0.30544	0.01948	0.01508	0.08381	0.05469	0.02784	0.01742	0.00880	0.00893	0.00230	0.08707	0.11871	0.00428	0.00834
12	0.00828	0.00613	0.00851	0.06818	0.01225	0.00602	0.00705	0.00970	0.01248	0.01657	0.03367	0.69182	0.03990	0.01909	0.00812	0.00260	0.00419	0.03427	0.00575	0.00542
13	0.06659	0.01808	0.10301	0.08496	0.39563	0.05414	0.10132	0.06070	0.01540	0.02201	0.01204	0.01540	0.00958	0.00599	0.00634	0.00197	0.00835	0.00565	0.00338	0.00945
14	0.01680	0.06122	0.02428	0.03247	0.53103	0.12123	0.01751	0.02016	0.01515	0.01986	0.01340	0.01953	0.01197	0.00683	0.00638	0.00193	0.00807	0.05937	0.00341	0.00939
15	0.01013	0.00604	0.00875	0.00892	0.00928	0.00632	0.00620	0.00944	0.00949	0.01298	0.01644	0.10677	0.01718	0.09409	0.22650	0.42756	0.00874	0.00773	0.00344	0.00400
16	0.02015	0.11189	0.15625	0.01623	0.06031	0.12016	0.01430	0.24492	0.08520	0.06698	0.01449	0.01514	0.01078	0.00695	0.00600	0.00185	0.00788	0.00523	0.00473	0.03055
17	0.02218	0.01817	0.11863	0.04501	0.11272	0.07347	0.06914	0.16256	0.01926	0.26787	0.01716	0.01742	0.01182	0.00704	0.00646	0.00198	0.00769	0.00590	0.00542	0.01010
18	0.01017	0.00707	0.00913	0.00842	0.01015	0.00660	0.00637	0.03300	0.01865	0.04707	0.68801	0.04655	0.05821	0.01290	0.00755	0.00203	0.00324	0.01136	0.00712	0.00638
19	0.01370	0.01180	0.01810	0.04490	0.39183	0.01150	0.01361	0.01721	0.03672	0.06035	0.07006	0.03243	0.23168	0.00963	0.00685	0.00202	0.00591	0.00857	0.00463	0.00851
20	0.01803	0.12783	0.27254	0.01826	0.12418	0.05490	0.01643	0.05459	0.01592	0.15932	0.04151	0.01839	0.01308	0.00712	0.00611	0.00193	0.00776	0.02833	0.00430	0.00946
21	0.01768	0.73290	0.03294	0.01138	0.01678	0.06803	0.01114	0.01973	0.01343	0.01524	0.00904	0.01044	0.00829	0.00559	0.00424	0.00140	0.00719	0.00350	0.00280	0.00824
22	0.01217	0.00627	0.00629	0.00625	0.00782	0.00634	0.00470	0.01566	0.03581	0.02418	0.02124	0.02409	0.01666	0.00757	0.00458	0.00153	0.00308	0.00606	0.78355	0.00615
23	0.01788	0.01562	0.01531	0.01353	0.01731	0.08265	0.01056	0.08249	0.58186	0.05236	0.02400	0.02228	0.01792	0.00847	0.00650	0.00212	0.00587	0.00688	0.00632	0.01006
24	0.01452	0.01515	0.10049	0.05319	0.39009	0.01340	0.01612	0.04127	0.04067	0.03844	0.03370	0.09954	0.01619	0.06853	0.00909	0.00240	0.02687	0.00750	0.00393	0.00888
25	0.02827	0.01216	0.01571	0.01205	0.01707	0.01122	0.00995	0.14271	0.02044	0.62312	0.02386	0.02093	0.01518	0.00796	0.00649	0.00199	0.00576	0.00639	0.00775	0.01099
26	0.00781	0.00585	0.00726	0.00838	0.00921	0.00530	0.00572	0.00907	0.01296	0.01674	0.04311	0.59116	0.21544	0.01927	0.00809	0.00251	0.00363	0.01718	0.00600	0.00530
27	0.01422	0.07505	0.50387	0.02239	0.16164	0.01593	0.05873	0.03768	0.01432	0.02078	0.01172	0.01414	0.00874	0.00603	0.00615	0.00199	0.00904	0.00506	0.00294	0.00959
28	0.00903	0.00655	0.00786	0.00884	0.00945	0.02659	0.00601	0.01037	0.01222	0.01679	0.03034	0.53624	0.03488	0.09036	0.07469	0.00349	0.00531	0.01483	0.09082	0.00532
29	0.02220	0.02712	0.02019	0.02212	0.18960	0.57284	0.01423	0.02438	0.01745	0.01707	0.01050	0.01269	0.00878	0.00644	0.00596	0.00173	0.01071	0.00454	0.00330	0.00814
30	0.01511	0.01506	0.07271	0.03237	0.01853	0.04555	0.03600	0.09243	0.01554	0.02275	0.01192	0.01382	0.00954	0.00537	0.00527	0.00126	0.00607	0.00433	0.00396	0.57241
31	0.01517	0.01422	0.02169	0.31023	0.29737	0.05316	0.04175	0.02033	0.07649	0.04347	0.03441	0.01814	0.01200	0.00662	0.00649	0.00204	0.00793	0.00607	0.00365	0.00876
32	0.00923	0.00692	0.01038	0.01038	0.01154	0.00808	0.00808	0.01154	0.01038	0.01500	0.01731	0.02538	0.01615	0.04846	0.74732	0.01038	0.01731	0.00692	0.00346	0.00577
33	0.01456	0.01211	0.11393	0.01078	0.01452	0.00891	0.00967	0.01905	0.07462	0.17893	0.24990	0.11239	0.08980	0.01127	0.00700	0.00206	0.00486	0.00968	0.00626	0.04969
34	0.01599	0.01535	0.02623	0.03966	0.73262	0.01535	0.01983	0.01983	0.01471	0.02111	0.01215	0.01599	0.01023	0.00576	0.00640	0.00192	0.00768	0.00576	0.00320	0.01023
35	0.02899	0.01100	0.01499	0.01150	0.01649	0.00950	0.00950	0.03149	0.01849	0.73709	0.02549	0.02199	0.01599	0.00800	0.00650	0.00200	0.00550	0.00650	0.00800	0.01100
36	0.00826	0.00591	0.00792	0.00901	0.00947	0.00582	0.00611	0.00946	0.01172	0.01581	0.03094	0.56742	0.03627	0.10737	0.13191	0.00429	0.00624	0.01551	0.00535	0.00519
37	0.01249	0.01161	0.01443	0.01390	0.04932	0.08111	0.06156	0.03697	0.05106	0.01854	0.07366	0.18855	0.06443	0.05672	0.12894	0.00381	0.09404	0.02749	0.00465	0.00672
38	0.01220	0.01148	0.01938	0.75739	0.04450	0.01436	0.01794	0.01651	0.01292	0.01651	0.01148	0.01723	0.00861	0.00646	0.00646	0.00215	0.00861	0.00574	0.00287	0.00718
39	0.01220	0.01148	0.01938	0.75739	0.04450	0.01436	0.01794	0.01651	0.01292	0.01651	0.01148	0.01723	0.00861	0.00646	0.00646	0.00215	0.00861	0.00574	0.00287	0.00718
40	0.02644	0.01110	0.01483	0.01164	0.01622	0.01017	0.00956	0.08294	0.01853	0.60153	0.02379	0.02186	0.01562	0.01249	0.08914	0.00293	0.00694	0.00649	0.00737	0.01041
41	0.01432	0.01365	0.02321	0.35602	0.42931	0.01491	0.01900	0.01837	0.01392	0.01908	0.01186	0.01654	0.00952	0.00607	0.00642	0.00202	0.00809	0.00575	0.00305	0.00889
42	0.02763	0.01181	0.01485	0.01168	0.01639	0.04821	0.00958	0.03011	0.01838	0.65802	0.04603	0.02363	0.01752	0.00835	0.00656	0.00201	0.00576	0.02528	0.00767	0.01053
43	0.01221	0.01052	0.06438	0.01150	0.01333	0.03028	0.00962	0.01456	0.01241	0.07386	0.02160	0.18068	0.02165	0.04706	0.21958	0.00478	0.11295	0.06039	0.07209	0.00655
44	0.01296	0.03342	0.73944	0.01842	0.02797	0.01501	0.02387	0.02046	0.01364	0.02046	0.01160	0.01364	0.00818	0.00614	0.00614	0.00205	0.00955	0.00477	0.00273	0.00955
45	0.01739	0.01399	0.02088	0.04117	0.17725	0.05417	0.12786	0.08038	0.01642	0.13855	0.04575	0.06305	0.05138	0.01075	0.04605	0.00254	0.05568	0.02323	0.00477	0.00874
46	0.01446	0.01229	0.01525	0.01435	0.05795	0.03240	0.06667	0.10761	0.24605	0.02424	0.06233	0.15925	0.06214	0.04035	0.00805	0.00236	0.00573	0.03245	0.02780	0.00827
47	0.24347	0.04765	0.03759	0.04106	0.26602	0.17822	0.03697	0.04089	0.01481	0.02234	0.01076	0.01327	0.00874	0.00609	0.00555	0.00188	0.00794	0.00472	0.00351	0.00852
48	0.01615	0.43984	0.25040	0.01547	0.04381	0.05947	0.05644	0.02013	0.01373	0.01736	0.01018	0.01203	0.00841	0.00578	0.00512	0.00167	0.00823	0.00422	0.00283	0.00872
49	0.00858	0.00583	0.00789	0.00915	0.00964	0.00553	0.00637	0.00937	0.01215	0.01610	0.03295	0.57813	0.05571	0.02020	0.01060	0.11208	0.00421	0.08497	0.00556	0.00499
50	0.01412	0.01996	0.30045	0.05504	0.06283	0.03069	0.03317	0.07573	0.01612	0.05714	0.15372	0.02494	0.03805	0.00935	0.00779	0.04973	0.00730	0.03116	0.00441	0.00829
51	0.01636	0.05761	0.12328	0.06279	0.04031	0.06811	0.12548	0.12518	0.06291	0.05745	0.01769	0.14010	0.01584	0.00901	0.00715	0.00210	0.03078	0.00786	0.00453	0.02547
52	0.02144	0.00944	0.01160	0.00949	0.01303	0.00881	0.00764	0.07467	0.01740	0.38495	0.04067	0.02301	0.01698	0.00792	0.00574	0.00180	0.00457	0.00639	0.32556	0.00890
53	0.00787	0.00562	0.00750	0.00900	0.00937	0.00525	0.00600	0.00900	0.01237	0.01649	0.03561	0.76871	0.04274	0.02024	0.00825	0.00262	0.00375	0.01837	0.00600	0.00525
54	0.01434	0.25985	0.50329	0.01643	0.02466	0.01827	0.04028	0.02013	0.01353	0.01886	0.01084	0.01275	0.00827	0.00593	0.00557	0.00185	0.00878	0.00446	0.00276	0.00914
55	0.01727	0.77681	0.03386	0.01106	0.01658	0.02557	0.01106	0.01935	0.01313	0.01520	0.00898	0.01036	0.00829	0.00553	0.00415	0.00138	0.00691	0.00345	0.00276	0.00829
56	0.00906	0.00694	0.00834	0.00793	0.00974	0.00640	0.00597	0.01245	0.05148	0.02360	0.50913	0.05099	0.24632	0.01388	0.00757	0.00208	0.00321	0.01202	0.00677	0.00612
57	0.01640	0.01404	0.01479	0.01322	0.01693	0.01622	0.01031	0.06026	0.69449	0.02755	0.02589	0.02378	0.01939	0.00873	0.00657	0.00218	0.00519	0.00725	0.00657	0.01026
58	0.02660	0.01243	0.01554	0.01212	0.01694	0.01193	0.00995	0.15697	0.08205	0.52772	0.02360	0.02103	0.01541	0.00801	0.00645	0.00199	0.00570	0.00643	0.02832	0.01080
59	0.01979	0.01011	0.01250	0.01051	0.01404	0.00983	0.00835	0.02601	0.17575	0.34010	0.18140	0.02853	0.02688	0.00927	0.00654	0.00199	0.00459	0.00778	0.09682	0.00918
60	0.01299	0.00630	0.00652	0.00633	0.00803	0.00622	0.00480	0.01597	0.01383	0.06394	0.02132	0.02397	0.01653	0.00755	0.00463	0.00153	0.00315	0.00605	0.76404	0.00630
61	0.00784	0.00633	0.00703	0.00741	0.00900	0.00558	0.00534	0.00934	0.01371	0.01692	0.05371	0.23773	0.49288	0.04241	0.05210	0.00290	0.00431	0.01431	0.00579	0.00537
62	0.00820	0.00603	0.00800	0.00919	0.00976	0.00583	0.00638	0.00953	0.01266	0.01689	0.05895	0.63520	0.07987	0.02042	0.03338	0.00286	0.02350	0.04209	0.00587	0.00538
63	0.01388	0.09761	0.51297	0.01978	0.02827	0.01628	0.18104	0.02041	0.01397	0.02004	0.01170	0.01422	0.00857	0.00592	0.00630	0.00202	0.00962	0.00531	0.00286	0.00924
64	0.14018	0.01492	0.01903	0.19492	0.06587	0.11115	0.10547	0.04201	0.01461	0.03808	0.01517	0.02438	0.01350	0.00848	0.00744	0.00222	0.05376	0.11730	0.00393	0.00758
65	0.00940	0.00626	0.00705	0.00705	0.00705	0.00626	0.00392	0.00940	0.00940	0.01253	0.02036	0.04228	0.02349	0.77292	0.03289	0.00626	0.00626	0.00940	0.00392	0.00392
66	0.12791	0.01635	0.02829	0.02085	0.02646	0.01649	0.41731	0.15305	0.06030	0.02615	0.01400	0.01669	0.01043	0.00622	0.00675	0.00209	0.00879	0.00665	0.02630	0.00893
67	0.02248	0.05614	0.01802	0.01567	0.01895	0.64187	0.01187	0.02472	0.03715	0.01689	0.06720	0.01483	0.01279	0.00719	0.00593	0.00170	0.01062	0.00481	0.00369	0.00748
68	0.01806	0.02059	0.07135	0.02353	0.08557	0.17605	0.37478	0.04285	0.01634	0.05802	0.01290	0.01585	0.00977	0.00596	0.00684	0.00197	0.01009	0.00628	0.00361	0.03960
69	0.02072	0.10233	0.01983	0.01517	0.04501	0.12856	0.02918	0.23653	0.11736	0.09152	0.01673	0.01927	0.01318	0.00801	0.00695	0.00195	0.04402	0.04373	0.00524	0.03471
70	0.02092	0.05912	0.01696	0.01296	0.01747	0.01592	0.01053	0.19974	0.33097	0.18218	0.02188	0.02032	0.01571	0.00801	0.00632	0.00199	0.00578	0.00641	0.00653	0.04026
71	0.00790	0.00598	0.00731	0.00828	0.00927	0.00539	0.00576	0.00930	0.01337	0.01721	0.07126	0.51087	0.25307	0.01874	0.00805	0.00247	0.00362	0.03075	0.00604	0.00536
72	0.04409	0.00960	0.03157	0.01107	0.01365	0.00899	0.03213	0.07409	0.03798	0.10161	0.14282	0.18197	0.08967	0.01486	0.02762	0.00258	0.00541	0.15702	0.00612	0.00714
73	0.01371	0.01054	0.01203	0.01161	0.01377	0.06728	0.02607	0.04036	0.09316	0.07848	0.02808	0.08611	0.06500	0.11800	0.07472	0.00366	0.00717	0.23795	0.00545	0.00684
74	0.02899	0.01100	0.01499	0.01150	0.01649	0.00950	0.00950	0.03149	0.01849	0.73709	0.02549	0.02199	0.01599	0.00800	0.00650	0.00200	0.00550	0.00650	0.00800	0.01100
75	0.01727	0.77681	0.03386	0.01106	0.01658	0.02557	0.01106	0.01935	0.01313	0.01520	0.00898	0.01036	0.00829	0.00553	0.00415	0.00138	0.00691	0.00345	0.00276	0.00829
76	0.01267	0.01197	0.02023	0.66809	0.13012	0.01448	0.01818	0.01692	0.01314	0.01708	0.01157	0.01707	0.00882	0.00637	0.00645	0.00212	0.00850	0.00574	0.00291	0.00756
77	0.00849	0.00655	0.00775	0.00751	0.00927	0.00581	0.00561	0.01090	0.01664	0.02215	0.43525	0.07815	0.33316	0.01473	0.00765	0.00211	0.00316	0.01271	0.00662	0.00581
78	0.00787	0.00562	0.00750	0.00900	0.00937	0.00525	0.00600	0.00900	0.01237	0.01649	0.03561	0.76871	0.04274	0.02024	0.00825	0.00262	0.00375	0.01837	0.00600	0.00525
79	0.01531	0.01519	0.04327	0.15370	0.60484	0.01518	0.01963	0.01932	0.01440	0.02036	0.01203	0.01613	0.00992	0.00588	0.00640	0.00196	0.00787	0.00573	0.00313	0.00973
80	0.01724	0.06453	0.30157	0.02131	0.10753	0.01490	0.19141	0.02253	0.01508	0.15972	0.01459	0.01630	0.01035	0.00625	0.00650	0.00202	0.00873	0.00586	0.00394	0.00963
81	0.00929	0.00705	0.00883	0.00976	0.01072	0.00719	0.00681	0.01329	0.12822	0.01813	0.03301	0.60309	0.03740	0.02003	0.05147	0.00301	0.00477	0.01588	0.00594	0.00609
82	0.81856	0.01250	0.00950	0.00850	0.01250	0.01449	0.00700	0.01899	0.01100	0.02899	0.00900	0.01050	0.00700	0.00600	0.00400	0.00200	0.00500	0.00350	0.00400	0.00700
83	0.01495	0.01365	0.02345	0.29428	0.25377	0.01472	0.11830	0.05490	0.01484	0.04742	0.01394	0.05887	0.01161	0.00713	0.00714	0.00211	0.02998	0.00676	0.00359	0.00860
84	0.01497	0.01772	0.13273	0.02530	0.16316	0.01436	0.36010	0.01982	0.01501	0.05832	0.03660	0.05650	0.03980	0.00710	0.00715	0.00212	0.00894	0.00766	0.00377	0.00888
85	0.01493	0.14181	0.10230	0.03883	0.01911	0.05426	0.01476	0.01723	0.01133	0.01608	0.00907	0.01344	0.00841	0.00942	0.01556	0.00243	0.49550	0.00513	0.00283	0.00757
86	0.05357	0.01111	0.01457	0.01141	0.01615	0.01004	0.00935	0.03064	0.07024	0.63713	0.04865	0.02265	0.01748	0.00816	0.00646	0.00201	0.00537	0.00663	0.00773	0.01064
87	0.01553	0.04419	0.12376	0.10766	0.23934	0.01512	0.14907	0.03695	0.04754	0.06391	0.03484	0.01888	0.03440	0.00687	0.00711	0.00205	0.03341	0.00642	0.00380	0.00913
88	0.01439	0.07073	0.47508	0.04947	0.20264	0.01553	0.02151	0.02041	0.01399	0.04039	0.01197	0.01440	0.00894	0.00607	0.00611	0.00198	0.00878	0.00503	0.00300	0.00960
89	0.10918	0.01159	0.01354	0.01137	0.01482	0.05391	0.00909	0.04278	0.01545	0.37255	0.02016	0.04357	0.01522	0.05555	0.13639	0.00372	0.05000	0.00655	0.00589	0.00868
90	0.00934	0.00710	0.01004	0.01036	0.01179	0.00671	0.04426	0.01140	0.01405	0.01840	0.10465	0.27198	0.14516	0.04542	0.00972	0.02752	0.00486	0.23581	0.00577	0.00565
91	0.01861	0.01366	0.03887	0.06116	0.32203	0.01293	0.05621	0.04789	0.03746	0.21235	0.04095	0.04078	0.05221	0.00770	0.00665	0.00202	0.00681	0.00701	0.00501	0.00970
92	0.01944	0.08019	0.08104	0.01981	0.15018	0.34045	0.01421	0.04678	0.10094	0.01966	0.03925	0.01556	0.01207	0.00701	0.00639	0.00184	0.02754	0.00520	0.00383	0.00861
93	0.01395	0.01329	0.02243	0.41312	0.34822	0.01499	0.01864	0.01795	0.01361	0.01851	0.01167	0.01657	0.00933	0.00632	0.00696	0.00207	0.03508	0.00575	0.00301	0.00853

[dist]
# distance from previous block
# <min> <max>
0	1

[block]
# block no. 4 follows, 34 sequences, length 27
# corresponding to MSA columns:
# 304-330
name=unknown_E
#
# <colnr> <probs for GDERKNQSTAVLIFYWHMCP>
#	G	D	E	R	K	N	Q	S	T	A	V	L	I	F	Y	W	H	M	C	P
0	0.04953	0.01512	0.06459	0.04266	0.38102	0.01436	0.07439	0.03344	0.05481	0.02229	0.09618	0.01976	0.01624	0.00710	0.00723	0.00199	0.04598	0.00645	0.00392	0.04294
1	0.01322	0.04107	0.01342	0.01002	0.01446	0.04716	0.00783	0.01630	0.04291	0.01960	0.01516	0.09325	0.01431	0.04421	0.05018	0.00203	0.00593	0.00591	0.00408	0.53897
2	0.01082	0.00799	0.01082	0.01058	0.04353	0.00743	0.03593	0.01420	0.04564	0.06473	0.38522	0.07527	0.20258	0.01329	0.00755	0.00214	0.00403	0.04512	0.00646	0.00666
3	0.01019	0.00915	0.04940	0.01273	0.04153	0.00797	0.04580	0.01313	0.01455	0.01933	0.09623	0.16427	0.10422	0.01718	0.03857	0.00293	0.00607	0.33489	0.00555	0.00630
4	0.01409	0.01146	0.01347	0.00966	0.01537	0.00865	0.00774	0.01695	0.01363	0.05297	0.01211	0.01378	0.00986	0.00493	0.00486	0.00100	0.00482	0.00395	0.00401	0.77670
5	0.02456	0.01810	0.01939	0.01487	0.02004	0.02004	0.01228	0.71107	0.03038	0.04072	0.01551	0.01551	0.01099	0.00776	0.00646	0.00194	0.00711	0.00582	0.00646	0.01099
6	0.01694	0.01557	0.02463	0.03533	0.61015	0.04211	0.01840	0.02100	0.03889	0.06089	0.01314	0.01636	0.01073	0.00627	0.00705	0.00196	0.04120	0.00579	0.00357	0.01004
7	0.01539	0.01567	0.04950	0.01602	0.01858	0.08976	0.11238	0.09713	0.03451	0.01973	0.01379	0.03793	0.01250	0.08174	0.08629	0.00346	0.25134	0.00661	0.03016	0.00750
8	0.00938	0.00628	0.00714	0.00711	0.00720	0.00625	0.00404	0.00956	0.00992	0.01332	0.06204	0.04264	0.02569	0.72825	0.03140	0.00602	0.00608	0.00953	0.00410	0.00404
9	0.00806	0.00652	0.00716	0.00708	0.00901	0.00562	0.00528	0.01007	0.01562	0.01975	0.24778	0.08733	0.51678	0.01565	0.00766	0.00216	0.00323	0.01329	0.00631	0.00562
10	0.03716	0.01721	0.02322	0.10732	0.45446	0.14307	0.04261	0.02014	0.01527	0.02014	0.04896	0.01695	0.01227	0.00637	0.00635	0.00192	0.00828	0.00580	0.00341	0.00908
11	0.01817	0.01768	0.01671	0.01599	0.06808	0.16338	0.01166	0.07608	0.45386	0.02479	0.02055	0.02004	0.01571	0.00817	0.00702	0.00208	0.03851	0.00640	0.00552	0.00960
12	0.00924	0.00690	0.01025	0.01025	0.01135	0.00800	0.00791	0.01145	0.01034	0.01490	0.01743	0.02608	0.01646	0.07826	0.71793	0.01021	0.01685	0.00702	0.00348	0.00569
13	0.00935	0.00658	0.00790	0.00840	0.00896	0.00651	0.00565	0.01075	0.03455	0.01520	0.02850	0.20316	0.06870	0.42553	0.02156	0.00461	0.00547	0.11892	0.00489	0.00481
14	0.01979	0.01520	0.01718	0.14105	0.05917	0.07657	0.01226	0.27583	0.07073	0.11691	0.03686	0.04070	0.07184	0.00858	0.00658	0.00202	0.00695	0.00694	0.00558	0.00925
15	0.02434	0.01666	0.01860	0.01443	0.01922	0.01831	0.01191	0.54623	0.04969	0.14342	0.01695	0.01668	0.01188	0.00803	0.00734	0.00201	0.05114	0.00596	0.00648	0.01073
16	0.00939	0.00630	0.00722	0.00722	0.00728	0.00636	0.00413	0.00951	0.00945	0.01266	0.02020	0.04141	0.02311	0.73558	0.06971	0.00648	0.00683	0.00927	0.00389	0.00401
17	0.01790	0.01502	0.03503	0.02893	0.01768	0.06274	0.02831	0.22511	0.01907	0.08313	0.07645	0.02300	0.09190	0.00941	0.00955	0.00207	0.16167	0.00688	0.00515	0.08101
18	0.02095	0.09146	0.13661	0.01729	0.06035	0.24449	0.05047	0.10338	0.01763	0.12846	0.01331	0.01456	0.00995	0.00698	0.00700	0.00190	0.05689	0.00510	0.00421	0.00901
19	0.07372	0.72297	0.03214	0.01088	0.01630	0.02479	0.01077	0.01932	0.01298	0.01617	0.00898	0.01037	0.00820	0.00556	0.00414	0.00143	0.00678	0.00346	0.00285	0.00820
20	0.01298	0.01100	0.01293	0.00943	0.01475	0.00836	0.00750	0.01587	0.01388	0.02154	0.08251	0.01685	0.01466	0.00562	0.00507	0.00106	0.00461	0.00461	0.00415	0.73262
21	0.00880	0.00686	0.00805	0.00813	0.00976	0.00637	0.00595	0.01197	0.06513	0.02078	0.28182	0.22164	0.28967	0.01567	0.00770	0.00224	0.00344	0.01364	0.00642	0.00596
22	0.04587	0.04075	0.06890	0.04517	0.08517	0.01244	0.11915	0.01729	0.07335	0.03338	0.03261	0.08813	0.01798	0.11842	0.10493	0.00380	0.04767	0.03350	0.00410	0.00738
23	0.04686	0.04716	0.03957	0.04772	0.25393	0.02852	0.05168	0.13677	0.12202	0.06064	0.06629	0.02077	0.01599	0.00753	0.00646	0.00200	0.00692	0.02482	0.00482	0.00954
24	0.01260	0.01008	0.01381	0.04940	0.13350	0.02710	0.02750	0.04527	0.03929	0.05254	0.08123	0.14251	0.12972	0.04564	0.02242	0.00264	0.00594	0.14632	0.00533	0.00717
25	0.01130	0.03696	0.04177	0.01206	0.05082	0.07730	0.02117	0.01439	0.05433	0.01936	0.15763	0.34851	0.08102	0.01428	0.00735	0.00222	0.00511	0.01259	0.00549	0.02631
26	0.01257	0.04857	0.01471	0.07582	0.07173	0.02863	0.04765	0.07334	0.03616	0.03597	0.15967	0.15553	0.13156	0.05129	0.00850	0.00236	0.00555	0.02797	0.00534	0.00708

[dist]
# distance from previous block
# <min> <max>
1	13

[block]
# block no. 5 follows, 34 sequences, length 32
# corresponding to MSA columns:
# 345-376
name=unknown_F
#
# <colnr> <probs for GDERKNQSTAVLIFYWHMCP>
#	G	D	E	R	K	N	Q	S	T	A	V	L	I	F	Y	W	H	M	C	P
0	0.07283	0.13048	0.14716	0.01358	0.01861	0.09459	0.01277	0.04268	0.14662	0.12128	0.03197	0.01671	0.01276	0.00731	0.00674	0.00191	0.05592	0.00533	0.00461	0.05612
1	0.04656	0.12700	0.20177	0.02897	0.03388	0.08728	0.01313	0.06330	0.01545	0.05478	0.03921	0.05188	0.10663	0.00826	0.00597	0.00182	0.00704	0.00647	0.00415	0.09646
2	0.01458	0.01369	0.05772	0.04681	0.08247	0.03783	0.02962	0.12941	0.07081	0.02349	0.05180	0.18468	0.02023	0.00972	0.00651	0.00189	0.00599	0.00844	0.00490	0.19942
3	0.03729	0.07433	0.05762	0.13746	0.16515	0.06385	0.03216	0.05758	0.11841	0.02139	0.01375	0.01617	0.01091	0.00734	0.02175	0.00201	0.02334	0.00537	0.00388	0.13025
4	0.63435	0.04356	0.01106	0.00907	0.01292	0.01420	0.00745	0.05171	0.01215	0.02734	0.01121	0.05098	0.00967	0.00896	0.04282	0.00240	0.00574	0.00457	0.00414	0.03568
5	0.00914	0.00630	0.00745	0.00762	0.00810	0.00630	0.00483	0.00987	0.01058	0.01430	0.02622	0.12316	0.09517	0.48221	0.12194	0.00579	0.00702	0.01036	0.03909	0.00456
6	0.03222	0.05670	0.07066	0.01362	0.08843	0.03625	0.01025	0.01861	0.04239	0.16576	0.05753	0.18160	0.11397	0.01163	0.00682	0.00213	0.00549	0.03905	0.03901	0.00789
7	0.01626	0.01641	0.05624	0.14981	0.37392	0.11033	0.01672	0.01978	0.01503	0.06141	0.03916	0.06801	0.01393	0.00738	0.00649	0.00199	0.00789	0.00660	0.00375	0.00889
8	0.02528	0.01037	0.01381	0.01085	0.01541	0.00889	0.00883	0.02766	0.01759	0.60190	0.02867	0.06371	0.07732	0.00917	0.00660	0.00199	0.00518	0.00758	0.00751	0.05168
9	0.01276	0.01149	0.01790	0.09133	0.34387	0.01184	0.01382	0.01687	0.06921	0.01984	0.05021	0.21405	0.06460	0.01080	0.00728	0.00218	0.01948	0.00982	0.00447	0.00817
10	0.01461	0.04774	0.09529	0.02157	0.15099	0.05834	0.19958	0.01871	0.03910	0.03815	0.01751	0.11430	0.03372	0.05340	0.00952	0.00240	0.06500	0.00805	0.00385	0.00817
11	0.02572	0.01080	0.01454	0.01161	0.01591	0.00993	0.00945	0.02890	0.05397	0.60153	0.02529	0.07257	0.01770	0.01013	0.02780	0.00232	0.03680	0.00732	0.00745	0.01026
12	0.00861	0.00602	0.00752	0.00835	0.00875	0.00578	0.00547	0.00954	0.01180	0.01572	0.06469	0.41662	0.05553	0.28879	0.01705	0.00390	0.00472	0.05099	0.00530	0.00486
13	0.01617	0.17048	0.08162	0.14849	0.22856	0.01558	0.03953	0.01965	0.01426	0.10736	0.01527	0.08764	0.01320	0.00751	0.00616	0.00195	0.00730	0.00657	0.00388	0.00882
14	0.04903	0.18929	0.10484	0.01703	0.09282	0.13507	0.05788	0.08737	0.08273	0.04628	0.01565	0.04728	0.03307	0.00735	0.00590	0.00186	0.00780	0.00584	0.00410	0.00880
15	0.13015	0.02135	0.29197	0.01836	0.02501	0.01442	0.22505	0.02092	0.05057	0.06204	0.01493	0.05441	0.01193	0.00712	0.00649	0.00213	0.00847	0.02213	0.00381	0.00875
16	0.01600	0.13280	0.10691	0.15696	0.25551	0.11359	0.07219	0.01986	0.01455	0.01851	0.01245	0.01566	0.02494	0.00622	0.00609	0.00189	0.00863	0.00541	0.00311	0.00873
17	0.00924	0.00688	0.01016	0.01016	0.01124	0.00795	0.00780	0.01139	0.01032	0.01483	0.01751	0.02652	0.01665	0.09717	0.69928	0.01011	0.01656	0.00709	0.00349	0.00564
18	0.01566	0.40572	0.34355	0.01446	0.02160	0.02027	0.01673	0.02012	0.01344	0.04001	0.01063	0.01227	0.00849	0.00602	0.00554	0.00173	0.02775	0.00419	0.00291	0.00890
19	0.07176	0.48868	0.14740	0.01312	0.01911	0.05355	0.03386	0.07294	0.01468	0.01916	0.01008	0.01158	0.00844	0.00588	0.00482	0.00161	0.00756	0.00401	0.00317	0.00860
20	0.00824	0.00657	0.00738	0.00718	0.00910	0.00571	0.00539	0.01044	0.01616	0.02085	0.33165	0.05660	0.46169	0.01510	0.00763	0.00212	0.00318	0.01285	0.00645	0.00571
21	0.00802	0.00647	0.00714	0.00717	0.00901	0.00559	0.00530	0.00994	0.01533	0.01936	0.21962	0.12968	0.50273	0.01601	0.00769	0.00219	0.00327	0.01365	0.00626	0.00559
22	0.06511	0.07124	0.01686	0.01226	0.04631	0.01213	0.02748	0.09448	0.01611	0.15620	0.01425	0.01503	0.01070	0.00589	0.00533	0.00142	0.00562	0.00467	0.00477	0.41412
23	0.05252	0.00931	0.01206	0.01053	0.01346	0.00885	0.00818	0.03329	0.01551	0.36538	0.02915	0.24763	0.07087	0.03770	0.00873	0.00239	0.04912	0.01043	0.00663	0.00828
24	0.01204	0.00602	0.00602	0.00602	0.00753	0.00602	0.00452	0.01506	0.01355	0.02409	0.02108	0.02409	0.01656	0.00753	0.00452	0.00151	0.00301	0.00602	0.80879	0.00602
25	0.01775	0.01625	0.01546	0.01371	0.01746	0.10339	0.01067	0.09099	0.57849	0.02686	0.02344	0.02189	0.01762	0.00843	0.00648	0.00211	0.00606	0.00680	0.00618	0.00997
26	0.01434	0.10110	0.55557	0.01966	0.08998	0.01587	0.04568	0.02074	0.01393	0.04784	0.01199	0.01400	0.00874	0.00609	0.00604	0.00197	0.00902	0.00490	0.00300	0.00952
27	0.01319	0.02954	0.62819	0.01685	0.02541	0.01375	0.02121	0.01984	0.01399	0.05505	0.01785	0.01908	0.08338	0.00729	0.00631	0.00206	0.00870	0.00578	0.00332	0.00920
28	0.00777	0.00631	0.00690	0.00725	0.00894	0.00544	0.00525	0.00935	0.01431	0.01765	0.09218	0.24160	0.52017	0.01719	0.00779	0.00229	0.00338	0.01474	0.00606	0.00544
29	0.01748	0.13321	0.36343	0.01692	0.04815	0.17159	0.01760	0.02309	0.05641	0.07501	0.01285	0.01411	0.00959	0.00645	0.00586	0.00187	0.00898	0.00478	0.00351	0.00911
30	0.06940	0.06359	0.01855	0.04034	0.06585	0.19704	0.01197	0.28050	0.06653	0.04516	0.01541	0.06879	0.01277	0.00804	0.00615	0.00192	0.00777	0.00614	0.00500	0.00909
31	0.03687	0.01647	0.07792	0.01312	0.01770	0.05254	0.01128	0.33477	0.06340	0.06722	0.07042	0.08350	0.04851	0.00918	0.00651	0.00196	0.00640	0.00738	0.00580	0.06906

[dist]
# distance from previous block
# <min> <max>
0	7

[block]
# block no. 6 follows, 34 sequences, length 29
# corresponding to MSA columns:
# 384-412
name=unknown_G
#
# <colnr> <probs for GDERKNQSTAVLIFYWHMCP>
#	G	D	E	R	K	N	Q	S	T	A	V	L	I	F	Y	W	H	M	C	P
0	0.11062	0.03555	0.01557	0.01222	0.01645	0.01504	0.00985	0.34304	0.05951	0.08564	0.01882	0.13812	0.01634	0.00931	0.00626	0.00197	0.00586	0.00747	0.00587	0.08650
1	0.05697	0.01858	0.16041	0.07141	0.08179	0.03541	0.16617	0.12157	0.01643	0.02336	0.01532	0.03465	0.04332	0.00696	0.00667	0.00194	0.02203	0.00624	0.00389	0.10687
2	0.01272	0.03790	0.01532	0.05432	0.06600	0.01306	0.01082	0.07510	0.01273	0.01815	0.01554	0.06782	0.01496	0.07990	0.26174	0.00534	0.19271	0.00712	0.03188	0.00686
3	0.01444	0.01386	0.04336	0.05447	0.49810	0.01372	0.01676	0.01885	0.05025	0.02027	0.01408	0.01834	0.01189	0.01357	0.13742	0.00343	0.00916	0.00602	0.03283	0.00917
4	0.01060	0.00849	0.01064	0.01086	0.01242	0.03784	0.02917	0.03588	0.03475	0.01970	0.12829	0.25724	0.07195	0.03435	0.06095	0.00316	0.00599	0.21586	0.00575	0.00612
