[name]
unknown

[dist]
# distance from previous block
# <min> <max>
0	152

[block]
# block no. 0 follows, 33 sequences, length 28
# corresponding to MSA columns:
# 153-180
name=unknown_A
#
# <colnr> <probs for GDERKNQSTAVLIFYWHMCP>
#	G	D	E	R	K	N	Q	S	T	A	V	L	I	F	Y	W	H	M	C	P
0	0.01446	0.00942	0.01238	0.01103	0.03057	0.00886	0.03048	0.01929	0.10046	0.14764	0.32395	0.03695	0.07796	0.01178	0.02400	0.00221	0.00475	0.02728	0.02743	0.07911
1	0.00820	0.00586	0.00784	0.00937	0.00983	0.00550	0.00642	0.00948	0.01278	0.01701	0.03619	0.71651	0.04315	0.02046	0.00845	0.00270	0.00397	0.06478	0.00611	0.00540
2	0.04083	0.05866	0.01736	0.01378	0.01759	0.08096	0.03843	0.27929	0.09841	0.02818	0.02098	0.14214	0.01952	0.01065	0.00688	0.00215	0.00677	0.07785	0.00568	0.03388
3	0.01365	0.01170	0.01365	0.00975	0.01560	0.00878	0.00780	0.01658	0.01365	0.02145	0.01170	0.01365	0.00975	0.00488	0.00488	0.00098	0.00488	0.00390	0.00390	0.80888
4	0.01731	0.01239	0.02012	0.42932	0.17911	0.01366	0.01663	0.02116	0.01489	0.18834	0.01524	0.01845	0.01091	0.00681	0.00658	0.00211	0.00782	0.00604	0.00424	0.00888
5	0.01525	0.11444	0.45374	0.02029	0.12088	0.01588	0.04418	0.02106	0.01437	0.07295	0.01354	0.04073	0.01051	0.00675	0.00621	0.00201	0.00869	0.00556	0.00338	0.00960
6	0.02426	0.01767	0.01904	0.01482	0.01991	0.01953	0.01217	0.60472	0.10532	0.06825	0.01742	0.01703	0.01238	0.00803	0.00660	0.00201	0.00695	0.00612	0.00666	0.01111
7	0.61434	0.01205	0.01058	0.00912	0.01325	0.01327	0.00749	0.02163	0.01286	0.16781	0.01318	0.01380	0.00949	0.00660	0.00461	0.00201	0.00508	0.00431	0.05065	0.00788
8	0.01557	0.06624	0.32104	0.05552	0.31005	0.01579	0.04460	0.02094	0.01459	0.05632	0.01265	0.01538	0.00966	0.00615	0.00633	0.00200	0.00861	0.00542	0.00327	0.00989
9	0.00922	0.00657	0.00844	0.00881	0.00919	0.00688	0.00586	0.01012	0.01070	0.01460	0.02426	0.24965	0.02756	0.36628	0.18569	0.00614	0.02908	0.01158	0.00448	0.00490
10	0.00806	0.00668	0.00706	0.00696	0.00906	0.00568	0.00522	0.00999	0.01566	0.01935	0.18602	0.06078	0.60460	0.01609	0.00778	0.00220	0.00329	0.01353	0.00632	0.00568
11	0.02124	0.03853	0.01528	0.01184	0.01583	0.03855	0.00958	0.20069	0.05190	0.26360	0.22858	0.02792	0.02813	0.00955	0.00685	0.00201	0.00555	0.00785	0.00706	0.00947
12	0.06996	0.01853	0.12514	0.11027	0.24573	0.04514	0.04067	0.16993	0.01796	0.04682	0.01340	0.01659	0.01043	0.03253	0.00728	0.00216	0.00807	0.00573	0.00411	0.00955
13	0.01439	0.01512	0.03283	0.07988	0.06090	0.18425	0.01154	0.01720	0.03440	0.01798	0.04730	0.19131	0.02218	0.01484	0.06513	0.00292	0.08756	0.06165	0.03164	0.00698
14	0.02818	0.01338	0.01663	0.01275	0.01789	0.01291	0.01053	0.23479	0.02249	0.52428	0.02291	0.02042	0.01476	0.00807	0.00661	0.00202	0.00610	0.00641	0.00768	0.01120
15	0.01599	0.01541	0.02624	0.08581	0.59269	0.01568	0.06190	0.02099	0.06018	0.02156	0.01333	0.01700	0.01091	0.00609	0.00661	0.00201	0.00792	0.00608	0.00346	0.01012
16	0.01566	0.09872	0.01912	0.01475	0.01627	0.12917	0.01204	0.04448	0.01263	0.01655	0.01144	0.01751	0.01100	0.07451	0.11981	0.00387	0.36631	0.00577	0.00328	0.00713
17	0.00899	0.00659	0.00843	0.00824	0.00970	0.00603	0.00608	0.01168	0.01745	0.02424	0.56501	0.14784	0.12569	0.01475	0.00785	0.00217	0.00323	0.01303	0.00698	0.00603
18	0.01586	0.01476	0.04173	0.05866	0.27275	0.01494	0.08193	0.09306	0.16565	0.02327	0.01713	0.02220	0.01444	0.12213	0.01076	0.00273	0.00741	0.00693	0.00443	0.00921
19	0.00833	0.00669	0.00743	0.00725	0.00923	0.00579	0.00544	0.01051	0.01631	0.02087	0.30243	0.05827	0.48724	0.01552	0.00777	0.00217	0.00325	0.01318	0.00652	0.00579
20	0.01461	0.01882	0.17457	0.01805	0.11101	0.10924	0.01469	0.01783	0.01403	0.04403	0.04160	0.14014	0.06723	0.01077	0.01011	0.00229	0.17073	0.00827	0.00405	0.00793
21	0.01549	0.12510	0.28257	0.01864	0.12703	0.01543	0.03489	0.06450	0.01543	0.04222	0.04079	0.01564	0.01155	0.00628	0.00589	0.00176	0.00765	0.00513	0.00366	0.16035
22	0.04921	0.10813	0.45532	0.01781	0.06883	0.01608	0.01940	0.05854	0.03081	0.07767	0.01369	0.03231	0.01031	0.00679	0.00607	0.00201	0.00842	0.00531	0.00366	0.00963
23	0.66694	0.01377	0.04170	0.01194	0.07400	0.01456	0.00910	0.02025	0.01210	0.07078	0.01056	0.01201	0.00801	0.00622	0.00452	0.00203	0.00555	0.00400	0.00420	0.00776
24	0.00906	0.00769	0.00800	0.00786	0.00976	0.03766	0.00584	0.01118	0.01624	0.02062	0.28938	0.10934	0.41296	0.01543	0.00774	0.00218	0.00366	0.01315	0.00639	0.00586
25	0.01592	0.17105	0.21086	0.06749	0.27634	0.03700	0.07207	0.03817	0.01484	0.02022	0.01166	0.01459	0.00934	0.00601	0.00608	0.00191	0.00856	0.00525	0.00312	0.00950
26	0.03864	0.01711	0.04110	0.20248	0.28693	0.13293	0.01646	0.03795	0.01533	0.04216	0.01363	0.01694	0.02948	0.00673	0.00674	0.00196	0.02970	0.00564	0.00355	0.05455
27	0.00943	0.00647	0.00827	0.00914	0.01002	0.00612	0.00627	0.01148	0.04262	0.04712	0.09033	0.57184	0.07444	0.06161	0.00961	0.00277	0.00402	0.01646	0.00619	0.00580

[dist]
# distance from previous block
# <min> <max>
0	3

[block]
# block no. 1 follows, 33 sequences, length 7
# corresponding to MSA columns:
# 184-190
name=unknown_B
#
# <colnr> <probs for GDERKNQSTAVLIFYWHMCP>
#	G	D	E	R	K	N	Q	S	T	A	V	L	I	F	Y	W	H	M	C	P
0	0.00827	0.00655	0.00744	0.00751	0.00927	0.00572	0.00552	0.01029	0.01573	0.02019	0.25646	0.16195	0.42918	0.01630	0.00787	0.00224	0.00334	0.01401	0.00645	0.00572
1	0.00886	0.00667	0.00872	0.04469	0.01135	0.00646	0.00664	0.01094	0.01463	0.01975	0.26562	0.26553	0.15043	0.06580	0.08025	0.00337	0.00524	0.01339	0.00595	0.00573
2	0.04047	0.09359	0.20878	0.06248	0.16328	0.05347	0.04684	0.13311	0.04219	0.07392	0.01375	0.01552	0.01027	0.00662	0.00621	0.00197	0.00822	0.00543	0.00411	0.00976
3	0.20951	0.01690	0.14029	0.03588	0.04205	0.03190	0.03585	0.12694	0.01674	0.14922	0.01837	0.04566	0.04812	0.04586	0.00742	0.00228	0.00683	0.00635	0.00501	0.00881
4	0.00990	0.00764	0.00880	0.00907	0.01078	0.00747	0.00669	0.04698	0.08025	0.01971	0.04337	0.32047	0.27372	0.01841	0.04539	0.00282	0.00472	0.04159	0.03595	0.00627
5	0.01696	0.01598	0.05072	0.10712	0.23305	0.06021	0.12133	0.10376	0.01722	0.07276	0.02048	0.04240	0.09233	0.00801	0.00688	0.00207	0.00792	0.00734	0.00438	0.00909
6	0.01957	0.15869	0.19552	0.01484	0.02072	0.08766	0.01452	0.20688	0.08612	0.07821	0.01572	0.04558	0.01227	0.00761	0.00610	0.00193	0.00780	0.00578	0.00477	0.00969

[dist]
# distance from previous block
# <min> <max>
0	1

[block]
# block no. 2 follows, 33 sequences, length 6
# corresponding to MSA columns:
# 192-197
name=unknown_C
#
# <colnr> <probs for GDERKNQSTAVLIFYWHMCP>
#	G	D	E	R	K	N	Q	S	T	A	V	L	I	F	Y	W	H	M	C	P
0	0.21287	0.01787	0.05610	0.08185	0.27273	0.11495	0.01512	0.07760	0.01546	0.02372	0.01132	0.01417	0.00909	0.00657	0.00658	0.00201	0.04441	0.00503	0.00368	0.00886
1	0.01815	0.01751	0.09300	0.12926	0.23608	0.07858	0.05587	0.06597	0.06566	0.11784	0.04595	0.01872	0.01354	0.00705	0.00661	0.00203	0.00797	0.00621	0.00446	0.00954
2	0.00809	0.00626	0.00738	0.00799	0.00931	0.00555	0.00565	0.00971	0.01441	0.01848	0.13931	0.37305	0.33523	0.01801	0.00805	0.00240	0.00352	0.01578	0.00626	0.00555
3	0.04859	0.12732	0.04744	0.12818	0.02419	0.04026	0.08560	0.23699	0.04912	0.04646	0.01621	0.01793	0.04503	0.00764	0.00715	0.00203	0.05009	0.00604	0.00463	0.00911
4	0.01005	0.00861	0.03848	0.00917	0.01137	0.00729	0.00726	0.05263	0.01611	0.02159	0.22694	0.20887	0.21820	0.03940	0.00852	0.00237	0.00422	0.05146	0.00612	0.05133
5	0.06999	0.11917	0.14703	0.01609	0.07450	0.15177	0.01375	0.08945	0.03489	0.04239	0.01212	0.01399	0.00962	0.00710	0.00685	0.03159	0.03048	0.00472	0.00382	0.12069

[dist]
# distance from previous block
# <min> <max>
5	7

[block]
# block no. 3 follows, 33 sequences, length 6
# corresponding to MSA columns:
# 206-211
name=unknown_D
#
# <colnr> <probs for GDERKNQSTAVLIFYWHMCP>
#	G	D	E	R	K	N	Q	S	T	A	V	L	I	F	Y	W	H	M	C	P
0	0.00973	0.00758	0.00917	0.00928	0.01026	0.00794	0.00654	0.01245	0.07628	0.01725	0.06490	0.27037	0.15162	0.20059	0.05746	0.00390	0.06093	0.01270	0.00531	0.00572
1	0.01347	0.01255	0.01706	0.04699	0.01678	0.01596	0.01205	0.01523	0.01100	0.01696	0.01198	0.05338	0.01191	0.06080	0.01784	0.00273	0.49170	0.00639	0.04083	0.12438
2	0.01352	0.01170	0.01433	0.09215	0.01890	0.00942	0.00896	0.01660	0.01360	0.02094	0.01170	0.01408	0.00964	0.00506	0.00506	0.00111	0.00531	0.00412	0.00379	0.72000
3	0.01847	0.06421	0.02181	0.05057	0.22951	0.20697	0.04319	0.07544	0.09012	0.02188	0.06047	0.01778	0.01414	0.00721	0.00674	0.00191	0.02809	0.00589	0.00415	0.03146
4	0.01491	0.01209	0.04348	0.03511	0.08164	0.01105	0.02884	0.07561	0.06709	0.08839	0.04182	0.17958	0.02127	0.01221	0.04038	0.00240	0.02451	0.03340	0.00519	0.18101
5	0.05375	0.14104	0.07897	0.01634	0.06794	0.14885	0.01330	0.20108	0.11915	0.04587	0.01447	0.01531	0.01113	0.00729	0.00657	0.00192	0.03754	0.00528	0.00468	0.00951

[dist]
# distance from previous block
# <min> <max>
1	9

[block]
# block no. 4 follows, 33 sequences, length 21
# corresponding to MSA columns:
# 221-241
name=unknown_E
#
# <colnr> <probs for GDERKNQSTAVLIFYWHMCP>
#	G	D	E	R	K	N	Q	S	T	A	V	L	I	F	Y	W	H	M	C	P
0	0.05465	0.05295	0.11655	0.03636	0.06075	0.03476	0.01177	0.05207	0.01522	0.11771	0.03240	0.05357	0.01332	0.00745	0.00636	0.02531	0.00633	0.00565	0.00448	0.29236
1	0.01483	0.10156	0.10577	0.11945	0.14310	0.03863	0.06975	0.03355	0.04563	0.01871	0.01296	0.04360	0.01126	0.00989	0.02868	0.05911	0.12581	0.00613	0.00337	0.00817
2	0.02848	0.01175	0.01547	0.01199	0.01700	0.01063	0.00986	0.06551	0.06386	0.65313	0.02552	0.02222	0.01629	0.00819	0.00662	0.00205	0.00566	0.00664	0.00798	0.01115
3	0.01118	0.00747	0.00924	0.00843	0.01074	0.00654	0.00639	0.01374	0.01695	0.09219	0.39316	0.10252	0.20526	0.01355	0.00747	0.00206	0.00360	0.01173	0.00672	0.07106
4	0.01936	0.49104	0.08508	0.01357	0.01885	0.24082	0.01274	0.02178	0.01501	0.01610	0.00967	0.01122	0.00845	0.00603	0.00490	0.00155	0.00871	0.00384	0.00299	0.00830
5	0.01096	0.00579	0.00835	0.00847	0.00850	0.00576	0.00556	0.00873	0.00901	0.01201	0.01446	0.08289	0.01539	0.10331	0.02516	0.65638	0.00564	0.00719	0.00324	0.00318
6	0.00823	0.00640	0.00741	0.00775	0.00922	0.00566	0.00554	0.00999	0.01489	0.01914	0.19393	0.26303	0.36582	0.04161	0.00879	0.00246	0.00353	0.01474	0.00628	0.00558
7	0.00948	0.00640	0.00715	0.00715	0.00727	0.00634	0.00404	0.00957	0.00985	0.01302	0.02308	0.04411	0.05958	0.73040	0.03220	0.00617	0.00623	0.00979	0.00410	0.00407
8	0.00901	0.00656	0.00847	0.00832	0.00973	0.00603	0.00612	0.01170	0.01743	0.02429	0.57033	0.16536	0.10239	0.01482	0.00787	0.00218	0.00324	0.01313	0.00699	0.00603
9	0.01115	0.00786	0.00956	0.00925	0.01111	0.00760	0.00686	0.04588	0.07751	0.06081	0.31223	0.24718	0.13753	0.01498	0.00774	0.00227	0.00384	0.01315	0.00675	0.00674
10	0.01760	0.77260	0.03450	0.01126	0.01690	0.02605	0.01126	0.01971	0.01338	0.01549	0.00915	0.01056	0.00845	0.00563	0.00422	0.00141	0.00704	0.00352	0.00282	0.00845
11	0.01783	0.01310	0.01448	0.01268	0.01642	0.01449	0.00995	0.05965	0.51346	0.12785	0.10161	0.02656	0.02374	0.00927	0.00680	0.00218	0.00512	0.00775	0.00696	0.01011
12	0.00818	0.00584	0.00782	0.00935	0.00980	0.00549	0.00639	0.00945	0.01276	0.01699	0.03620	0.72136	0.04319	0.02047	0.00845	0.00270	0.00396	0.06010	0.00611	0.00539
13	0.02459	0.03138	0.01866	0.01696	0.02035	0.74221	0.01272	0.02629	0.01866	0.01611	0.01018	0.01187	0.00848	0.00678	0.00594	0.00170	0.01187	0.00424	0.00339	0.00763
14	0.00955	0.00648	0.00767	0.00767	0.00785	0.00665	0.00461	0.00989	0.00972	0.01313	0.02029	0.04058	0.02285	0.66400	0.13666	0.00699	0.00802	0.00921	0.00392	0.00426
15	0.01395	0.00776	0.00793	0.00732	0.00935	0.00802	0.00565	0.10638	0.01607	0.02678	0.02073	0.02339	0.01612	0.00770	0.00486	0.00159	0.00362	0.00611	0.69986	0.00680
16	0.00957	0.00638	0.00718	0.00718	0.00718	0.00638	0.00399	0.00957	0.00957	0.01276	0.02074	0.04308	0.02393	0.76864	0.03351	0.00638	0.00638	0.00957	0.00399	0.00399
17	0.01144	0.00572	0.00858	0.00858	0.00858	0.00572	0.00572	0.00858	0.00858	0.01144	0.01144	0.02001	0.01144	0.02287	0.02573	0.80846	0.00572	0.00572	0.00286	0.00286
18	0.01811	0.04606	0.01742	0.03985	0.01882	0.01724	0.01131	0.20635	0.35149	0.02876	0.01961	0.01947	0.01487	0.00821	0.00752	0.00204	0.06426	0.00631	0.00578	0.09650
19	0.01486	0.16581	0.06917	0.01743	0.15286	0.03487	0.03765	0.03968	0.01446	0.01996	0.01549	0.06037	0.04123	0.00925	0.04485	0.00208	0.00725	0.00593	0.00374	0.24305
20	0.12099	0.05324	0.16324	0.04392	0.19197	0.07086	0.01580	0.05580	0.15772	0.02363	0.01452	0.01615	0.01125	0.00692	0.00642	0.00204	0.02654	0.00546	0.00410	0.00941

[dist]
# distance from previous block
# <min> <max>
4	15

[block]
# block no. 5 follows, 33 sequences, length 49
# corresponding to MSA columns:
# 257-305
name=unknown_F
#
# <colnr> <probs for GDERKNQSTAVLIFYWHMCP>
#	G	D	E	R	K	N	Q	S	T	A	V	L	I	F	Y	W	H	M	C	P
0	0.01065	0.00603	0.00873	0.00884	0.00907	0.00621	0.00602	0.00929	0.00931	0.01262	0.01514	0.07295	0.01574	0.10259	0.15433	0.53049	0.00780	0.00721	0.00331	0.00368
1	0.01614	0.01645	0.06382	0.09249	0.41231	0.04189	0.01733	0.04193	0.16337	0.02283	0.03575	0.01878	0.01364	0.00690	0.00656	0.00204	0.00746	0.00625	0.00414	0.00992
2	0.19134	0.01010	0.03534	0.00911	0.01160	0.03974	0.00734	0.01487	0.01680	0.02647	0.50752	0.03768	0.04555	0.01127	0.00680	0.00205	0.00416	0.00945	0.00621	0.00660
3	0.04163	0.15383	0.16399	0.02139	0.18035	0.21296	0.04535	0.04248	0.01584	0.01981	0.01148	0.01381	0.00928	0.00627	0.00583	0.00182	0.00903	0.00485	0.03109	0.00891
4	0.53609	0.01353	0.01247	0.01148	0.04152	0.02899	0.02722	0.07028	0.10241	0.02857	0.01596	0.01675	0.05708	0.00729	0.00506	0.00206	0.00554	0.00513	0.00466	0.00792
5	0.01208	0.01229	0.05173	0.01720	0.04013	0.01220	0.21566	0.01534	0.01218	0.01723	0.01540	0.02330	0.01402	0.10200	0.33082	0.00632	0.08442	0.00727	0.00341	0.00701
6	0.01838	0.01514	0.01602	0.01380	0.01788	0.01731	0.01091	0.19048	0.55691	0.03077	0.02425	0.02253	0.01803	0.00869	0.00667	0.00217	0.00568	0.00709	0.00667	0.01060
7	0.81514	0.01273	0.00968	0.00866	0.01273	0.01477	0.00713	0.01935	0.01120	0.02954	0.00917	0.01069	0.00713	0.00611	0.00407	0.00204	0.00509	0.00356	0.00407	0.00713
8	0.00940	0.00705	0.01058	0.01058	0.01176	0.00823	0.00823	0.01176	0.01058	0.01528	0.01763	0.02586	0.01646	0.04937	0.74255	0.01058	0.01763	0.00705	0.00353	0.00588
9	0.00954	0.00653	0.00793	0.00793	0.00819	0.00679	0.00493	0.01006	0.00980	0.01332	0.02006	0.03927	0.02228	0.60957	0.19032	0.00731	0.00887	0.00902	0.00389	0.00441
10	0.02933	0.01154	0.01548	0.01187	0.01697	0.01017	0.00981	0.06322	0.01940	0.70020	0.02550	0.02210	0.01606	0.00814	0.00662	0.00203	0.00568	0.00659	0.00808	0.01120
11	0.00809	0.00576	0.00762	0.00908	0.00944	0.00539	0.00602	0.00918	0.01247	0.01663	0.03560	0.73273	0.04268	0.05341	0.00950	0.00284	0.00393	0.01831	0.00602	0.00529
12	0.04075	0.00971	0.09340	0.00774	0.01034	0.00754	0.00705	0.01614	0.01373	0.02428	0.01988	0.02278	0.01551	0.00745	0.00478	0.00162	0.00394	0.00589	0.68088	0.00660
13	0.02882	0.01128	0.01522	0.01171	0.01671	0.00988	0.00966	0.05087	0.01918	0.69172	0.04602	0.02300	0.01748	0.00830	0.00665	0.00204	0.00558	0.00675	0.00808	0.01106
14	0.02954	0.01120	0.01528	0.01171	0.01681	0.00968	0.00968	0.03208	0.01884	0.73213	0.02597	0.02241	0.01630	0.00815	0.00662	0.00204	0.00560	0.00662	0.00815	0.01120
15	0.00817	0.00640	0.00739	0.00774	0.00928	0.00563	0.00558	0.00997	0.01504	0.01926	0.19250	0.26811	0.38713	0.01718	0.00796	0.00233	0.00343	0.01491	0.00635	0.00563
16	0.05435	0.04311	0.02039	0.07376	0.16856	0.29154	0.01429	0.07157	0.04394	0.06172	0.01248	0.01475	0.00996	0.00724	0.00768	0.00197	0.08486	0.00518	0.00392	0.00872
17	0.01368	0.01339	0.02065	0.61128	0.13842	0.05711	0.01823	0.01784	0.01374	0.01743	0.01171	0.01705	0.00899	0.00649	0.00654	0.00213	0.00882	0.00576	0.00300	0.00776
18	0.02954	0.01120	0.01528	0.01171	0.01681	0.00968	0.00968	0.03208	0.01884	0.73213	0.02597	0.02241	0.01630	0.00815	0.00662	0.00204	0.00560	0.00662	0.00815	0.01120
19	0.00968	0.00830	0.01238	0.04047	0.04125	0.00776	0.08392	0.01214	0.01479	0.01912	0.11361	0.22864	0.27554	0.01547	0.00799	0.00240	0.00498	0.08963	0.00569	0.00625
20	0.01738	0.22001	0.09040	0.08510	0.25321	0.01867	0.05973	0.08366	0.01585	0.05524	0.01232	0.01493	0.00984	0.00635	0.00643	0.00189	0.03058	0.00531	0.00361	0.00949
21	0.01648	0.10823	0.50827	0.01720	0.02527	0.11610	0.02025	0.02234	0.01488	0.07436	0.01240	0.01393	0.00898	0.00641	0.00603	0.00196	0.00943	0.00477	0.00328	0.00942
22	0.58650	0.04259	0.04096	0.01228	0.05795	0.10531	0.00958	0.04111	0.01313	0.02693	0.00979	0.01145	0.00771	0.00622	0.00462	0.00197	0.00641	0.00391	0.00392	0.00766
23	0.01176	0.00919	0.01272	0.03707	0.14745	0.00878	0.00942	0.01428	0.01521	0.06738	0.15608	0.09572	0.26951	0.01471	0.04821	0.00260	0.02567	0.01069	0.00549	0.03807
24	0.01666	0.33059	0.05090	0.01305	0.05799	0.04271	0.01096	0.03792	0.06116	0.04672	0.01344	0.03677	0.01145	0.00644	0.00512	0.00151	0.00638	0.00484	0.03789	0.20751
25	0.00833	0.00667	0.00742	0.00772	0.00953	0.00586	0.00583	0.01015	0.01486	0.01841	0.11169	0.13661	0.49175	0.04602	0.00899	0.00251	0.00380	0.09213	0.00612	0.00559
26	0.01270	0.01037	0.01191	0.01138	0.01359	0.01154	0.00859	0.03990	0.32244	0.02208	0.04478	0.20991	0.09170	0.01679	0.07179	0.03841	0.03773	0.01069	0.00590	0.00779
27	0.02180	0.32803	0.02503	0.01463	0.01897	0.43512	0.01213	0.04258	0.01688	0.01657	0.00992	0.01146	0.00854	0.00635	0.00527	0.00159	0.00981	0.00400	0.00325	0.00806
28	0.01660	0.01218	0.01435	0.01044	0.01614	0.00983	0.00842	0.07418	0.01571	0.11375	0.01385	0.01494	0.01070	0.00554	0.00524	0.00119	0.00516	0.00441	0.00466	0.64271
29	0.01770	0.05357	0.13930	0.05926	0.35320	0.03522	0.03038	0.04860	0.04311	0.11242	0.01596	0.01795	0.03033	0.00675	0.00643	0.00199	0.00778	0.00596	0.00411	0.00998
30	0.01050	0.00753	0.00975	0.00939	0.01044	0.00815	0.00673	0.05721	0.01237	0.01721	0.08981	0.03394	0.02349	0.31040	0.35595	0.00759	0.01130	0.00840	0.00428	0.00556
31	0.00936	0.00696	0.01024	0.01030	0.01137	0.00799	0.00786	0.01151	0.01059	0.01517	0.01857	0.05571	0.01801	0.09615	0.66680	0.00999	0.01635	0.00767	0.00366	0.00573
32	0.02441	0.01717	0.01934	0.01621	0.06673	0.01863	0.01249	0.57502	0.02820	0.10212	0.01670	0.01674	0.01180	0.00778	0.00652	0.00196	0.00699	0.00599	0.03423	0.01097
33	0.01736	0.01631	0.04086	0.04525	0.26158	0.08241	0.13470	0.02339	0.12105	0.09066	0.06301	0.04160	0.01642	0.00753	0.00685	0.00206	0.00781	0.00709	0.00459	0.00945
34	0.00807	0.00659	0.00701	0.00717	0.00904	0.00568	0.00527	0.00970	0.01466	0.01791	0.09490	0.12828	0.56548	0.06069	0.00937	0.00252	0.00362	0.03251	0.00605	0.00549
35	0.01855	0.08130	0.03813	0.06315	0.02022	0.04370	0.01200	0.19653	0.39635	0.02863	0.02057	0.02000	0.01542	0.00809	0.00641	0.00207	0.00646	0.00644	0.00586	0.01012
36	0.01327	0.03056	0.15681	0.07275	0.05915	0.03631	0.04291	0.04283	0.03522	0.06705	0.02567	0.30208	0.06306	0.01252	0.00726	0.00229	0.00653	0.01106	0.00493	0.00772
37	0.01627	0.18235	0.28950	0.03791	0.12912	0.01731	0.01734	0.10775	0.01598	0.04102	0.01316	0.04335	0.01077	0.00762	0.00686	0.03728	0.00801	0.00551	0.00363	0.00926
38	0.01578	0.28997	0.19305	0.01647	0.02284	0.01882	0.16002	0.02175	0.09392	0.03974	0.01648	0.01785	0.05199	0.00685	0.00600	0.00190	0.00806	0.00587	0.00370	0.00897
39	0.01041	0.00653	0.00869	0.00914	0.01031	0.00600	0.00647	0.01226	0.01496	0.08633	0.23752	0.48492	0.04646	0.01735	0.00805	0.00244	0.00378	0.01559	0.00663	0.00615
40	0.07298	0.04058	0.20445	0.17806	0.21068	0.01602	0.03791	0.08328	0.01546	0.04008	0.01235	0.01548	0.00941	0.00653	0.00670	0.00207	0.02974	0.00545	0.00353	0.00925
41	0.03980	0.07175	0.06919	0.07523	0.22921	0.11376	0.01533	0.09421	0.05384	0.02226	0.04457	0.01875	0.01340	0.00884	0.02965	0.00229	0.05941	0.02556	0.00399	0.00896
42	0.00786	0.00658	0.00684	0.00697	0.00899	0.00556	0.00515	0.00953	0.01490	0.01799	0.08699	0.13033	0.63590	0.01694	0.00784	0.00226	0.00337	0.01429	0.00615	0.00556
43	0.00896	0.00619	0.00768	0.00849	0.00879	0.00602	0.00551	0.00974	0.01141	0.01517	0.02893	0.37019	0.03394	0.36841	0.02014	0.00443	0.00520	0.07090	0.00512	0.00478
44	0.01258	0.01194	0.02021	0.61366	0.10176	0.01419	0.04365	0.01679	0.01354	0.01745	0.01548	0.02050	0.05665	0.00715	0.00670	0.00218	0.00842	0.00646	0.00318	0.00753
45	0.47038	0.01426	0.01328	0.01081	0.01545	0.01565	0.00889	0.22313	0.01760	0.05959	0.01204	0.01296	0.00895	0.00660	0.00500	0.00191	0.00573	0.00442	0.00496	0.08838
46	0.01664	0.59259	0.08156	0.05507	0.01904	0.05367	0.01233	0.01920	0.01357	0.01607	0.01134	0.06145	0.01080	0.00678	0.00486	0.00160	0.00733	0.00479	0.00306	0.00823
47	0.06592	0.33117	0.04935	0.01321	0.01800	0.21841	0.01158	0.02413	0.11745	0.04650	0.01285	0.01366	0.01043	0.00655	0.00523	0.00168	0.00794	0.00447	0.00386	0.03761
48	0.27499	0.14981	0.14006	0.01433	0.04623	0.07573	0.03261	0.12000	0.01610	0.05818	0.01167	0.01300	0.00889	0.00643	0.00530	0.00190	0.00737	0.00452	0.00408	0.00879

[dist]
# distance from previous block
# <min> <max>
0	1

[block]
# block no. 6 follows, 33 sequences, length 61
# corresponding to MSA columns:
# 307-367
name=unknown_G
#
# <colnr> <probs for GDERKNQSTAVLIFYWHMCP>
#	G	D	E	R	K	N	Q	S	T	A	V	L	I	F	Y	W	H	M	C	P
0	0.05095	0.01208	0.01422	0.01381	0.07688	0.01272	0.00987	0.09001	0.25978	0.13279	0.13141	0.02958	0.09268	0.00972	0.00675	0.00210	0.00512	0.00813	0.03218	0.00923
1	0.05035	0.10410	0.12852	0.02020	0.15566	0.05874	0.09690	0.10853	0.01700	0.02368	0.06569	0.01939	0.01458	0.00716	0.00626	0.00191	0.00773	0.02887	0.02784	0.05690
2	0.01006	0.00701	0.00785	0.00750	0.00973	0.00605	0.00567	0.01213	0.01597	0.07898	0.20005	0.07943	0.48099	0.01514	0.00760	0.00217	0.00348	0.01279	0.03122	0.00617
3	0.01422	0.01273	0.01391	0.01013	0.01585	0.04719	0.00806	0.01709	0.01391	0.02117	0.01162	0.01356	0.00968	0.00498	0.00493	0.00101	0.00524	0.00392	0.00387	0.76691
4	0.00802	0.00573	0.00764	0.00917	0.00955	0.00535	0.00611	0.00917	0.01260	0.01681	0.03628	0.76434	0.04354	0.02062	0.00840	0.00267	0.00382	0.01872	0.00611	0.00535
5	0.00855	0.00632	0.00782	0.00853	0.00949	0.00574	0.00578	0.00984	0.01300	0.01727	0.07893	0.48798	0.14210	0.11160	0.01120	0.00294	0.00408	0.01568	0.00580	0.04735
6	0.05919	0.15644	0.18772	0.01916	0.11206	0.13614	0.08327	0.02230	0.05534	0.04201	0.01245	0.01435	0.00976	0.00623	0.00586	0.00183	0.00856	0.00501	0.00353	0.05877
7	0.01414	0.04685	0.48860	0.02157	0.10436	0.01606	0.09634	0.02125	0.05041	0.02090	0.01258	0.01508	0.00938	0.00653	0.00722	0.00212	0.04849	0.00544	0.00310	0.00958
8	0.01243	0.01170	0.01975	0.75282	0.04534	0.01463	0.01828	0.01682	0.01316	0.01682	0.01170	0.01755	0.00878	0.00658	0.00658	0.00219	0.00878	0.00585	0.00293	0.00731
9	0.00939	0.00652	0.00841	0.00867	0.00997	0.00597	0.00629	0.01158	0.01589	0.04554	0.35444	0.32235	0.11948	0.01645	0.00801	0.00234	0.00356	0.03247	0.00670	0.00598
10	0.05244	0.06556	0.08141	0.04684	0.25563	0.05818	0.11926	0.13819	0.03394	0.06546	0.01369	0.01597	0.01047	0.00647	0.00643	0.00198	0.00827	0.00583	0.00416	0.00980
11	0.03831	0.01027	0.01015	0.00896	0.01156	0.05414	0.00699	0.12488	0.01767	0.08138	0.09966	0.02557	0.03780	0.00852	0.00557	0.00174	0.00452	0.00679	0.43810	0.00743
12	0.00807	0.00575	0.00762	0.00910	0.00947	0.00538	0.00604	0.00918	0.01250	0.01667	0.03576	0.73981	0.04287	0.04607	0.00926	0.00280	0.00391	0.01840	0.00604	0.00530
13	0.01452	0.01499	0.02346	0.16309	0.02600	0.03963	0.14140	0.01730	0.01194	0.01700	0.01014	0.01556	0.00891	0.00932	0.01567	0.00259	0.45184	0.00610	0.00299	0.00754
14	0.01386	0.05277	0.55655	0.02056	0.02947	0.01592	0.17700	0.02087	0.01425	0.02074	0.01207	0.01467	0.00871	0.00608	0.00653	0.00209	0.00996	0.00548	0.00290	0.00950
15	0.01501	0.00850	0.01076	0.00935	0.01208	0.00783	0.00729	0.04449	0.03737	0.20313	0.42365	0.04221	0.12724	0.01218	0.00741	0.00208	0.00398	0.01047	0.00730	0.00769
16	0.81514	0.01273	0.00968	0.00866	0.01273	0.01477	0.00713	0.01935	0.01120	0.02954	0.00917	0.01069	0.00713	0.00611	0.00407	0.00204	0.00509	0.00356	0.00407	0.00713
17	0.01807	0.01717	0.06384	0.16378	0.22275	0.10087	0.03928	0.07676	0.08421	0.09498	0.01595	0.04556	0.01259	0.00737	0.00659	0.00205	0.00803	0.00639	0.00439	0.00935
18	0.01013	0.00751	0.00974	0.07019	0.03340	0.00711	0.00733	0.01293	0.01687	0.04741	0.40597	0.04797	0.24551	0.01323	0.00749	0.00210	0.00386	0.01143	0.03342	0.00641
19	0.00802	0.00573	0.00764	0.00917	0.00955	0.00535	0.00611	0.00917	0.01260	0.01681	0.03628	0.76434	0.04354	0.02062	0.00840	0.00267	0.00382	0.01872	0.00611	0.00535
20	0.00930	0.00838	0.03446	0.01156	0.06138	0.02926	0.00779	0.01103	0.01355	0.01770	0.05864	0.53553	0.14095	0.01784	0.00801	0.00249	0.00446	0.01595	0.00574	0.00599
21	0.03927	0.18075	0.42638	0.01739	0.04489	0.01791	0.04300	0.05941	0.01471	0.04150	0.01173	0.01371	0.00885	0.00651	0.00667	0.00198	0.04789	0.00484	0.00323	0.00937
22	0.01632	0.01612	0.04778	0.06211	0.64429	0.01575	0.01979	0.04030	0.03362	0.02207	0.01282	0.01646	0.01058	0.00604	0.00652	0.00198	0.00783	0.00588	0.00342	0.01032
23	0.00966	0.00677	0.00968	0.00968	0.01050	0.00758	0.00711	0.01097	0.01016	0.01436	0.01756	0.02862	0.01738	0.18883	0.52227	0.09869	0.01408	0.00740	0.00354	0.00517
24	0.10983	0.27221	0.11593	0.01825	0.06506	0.11722	0.17483	0.02105	0.01450	0.01953	0.01079	0.01319	0.00877	0.00591	0.00565	0.00183	0.00879	0.00492	0.00318	0.00856
25	0.76879	0.01285	0.01014	0.00894	0.01308	0.01478	0.00736	0.03976	0.01201	0.05071	0.00986	0.01119	0.00752	0.00622	0.00422	0.00204	0.00517	0.00372	0.00427	0.00737
26	0.05970	0.01526	0.01753	0.06038	0.12111	0.03811	0.01252	0.16402	0.35458	0.02817	0.01991	0.02016	0.01512	0.00938	0.03272	0.00241	0.00683	0.00651	0.00561	0.00998
27	0.00957	0.00638	0.00718	0.00718	0.00718	0.00638	0.00399	0.00957	0.00957	0.01276	0.02074	0.04308	0.02393	0.76864	0.03351	0.00638	0.00638	0.00957	0.00399	0.00399
28	0.01504	0.01901	0.26529	0.04568	0.04225	0.03703	0.01452	0.04580	0.05587	0.12017	0.08642	0.09758	0.10730	0.01006	0.00688	0.00214	0.00683	0.00842	0.00506	0.00863
29	0.02098	0.02816	0.13458	0.01720	0.02163	0.46122	0.03841	0.04248	0.09565	0.01894	0.01247	0.01406	0.00989	0.00718	0.00701	0.00191	0.05119	0.00495	0.00371	0.00839
30	0.01157	0.00628	0.00677	0.00665	0.00819	0.00615	0.00499	0.01464	0.01496	0.02499	0.18923	0.03042	0.02768	0.00905	0.00536	0.00166	0.00308	0.00751	0.61467	0.00615
31	0.00848	0.00650	0.00777	0.00787	0.00943	0.00579	0.00574	0.01064	0.01603	0.02121	0.33694	0.20292	0.30462	0.01614	0.00790	0.00225	0.00334	0.01406	0.00659	0.00579
32	0.01540	0.01532	0.04671	0.11440	0.55744	0.01531	0.01908	0.01977	0.03702	0.02080	0.01353	0.04481	0.01168	0.00680	0.00711	0.00205	0.03322	0.00637	0.00341	0.00977
33	0.01968	0.03749	0.07888	0.07242	0.17947	0.01435	0.03639	0.16916	0.01894	0.18483	0.03909	0.08650	0.01609	0.00845	0.00672	0.00207	0.00700	0.00731	0.00538	0.00979
34	0.02325	0.01048	0.01285	0.01033	0.01427	0.00992	0.00838	0.11523	0.01878	0.40779	0.02315	0.02224	0.01582	0.00796	0.00595	0.00186	0.00498	0.00637	0.27087	0.00953
35	0.02003	0.12055	0.16412	0.04179	0.06220	0.35617	0.03553	0.06399	0.01703	0.01896	0.01092	0.01303	0.00878	0.00667	0.00646	0.00184	0.03537	0.00467	0.00335	0.00853
36	0.24778	0.01604	0.01918	0.10583	0.25291	0.10397	0.03453	0.03687	0.01420	0.02285	0.01125	0.01444	0.00913	0.00658	0.00668	0.00203	0.05492	0.00506	0.02732	0.00842
37	0.02501	0.01890	0.01972	0.01521	0.02041	0.04615	0.01252	0.68140	0.03051	0.04058	0.01560	0.01567	0.01110	0.00786	0.00656	0.00197	0.00741	0.00587	0.00647	0.01107
38	0.02930	0.01158	0.01551	0.01189	0.01699	0.01024	0.00982	0.06736	0.01948	0.69596	0.02544	0.02206	0.01603	0.00814	0.00662	0.00203	0.00569	0.00658	0.00807	0.01120
39	0.01388	0.01772	0.23311	0.01728	0.08539	0.01175	0.09208	0.03438	0.03333	0.08145	0.18391	0.12032	0.02688	0.00994	0.00713	0.00216	0.00688	0.00895	0.00499	0.00848
40	0.01800	0.01675	0.08837	0.11486	0.32865	0.03616	0.05960	0.08572	0.01659	0.11450	0.01468	0.01807	0.01136	0.03877	0.00772	0.00220	0.00803	0.00610	0.00416	0.00971
41	0.00802	0.00573	0.00764	0.00917	0.00955	0.00535	0.00611	0.00917	0.01260	0.01681	0.03628	0.76434	0.04354	0.02062	0.00840	0.00267	0.00382	0.01872	0.00611	0.00535
42	0.00853	0.00620	0.00813	0.00952	0.01012	0.00595	0.00657	0.01053	0.04252	0.01744	0.03580	0.69122	0.04221	0.01998	0.00837	0.00268	0.00401	0.05849	0.00613	0.00561
43	0.01808	0.07527	0.12426	0.06691	0.23231	0.15055	0.12061	0.09414	0.01707	0.02179	0.01213	0.01498	0.00956	0.00628	0.00641	0.00194	0.00926	0.00555	0.00353	0.00935
44	0.00855	0.00638	0.00809	0.03359	0.01081	0.00607	0.00641	0.01053	0.03368	0.01788	0.06587	0.54960	0.15716	0.01848	0.00805	0.00251	0.00389	0.01650	0.03029	0.00565
45	0.00846	0.00670	0.00761	0.00738	0.00931	0.00585	0.00553	0.01076	0.01660	0.02157	0.35560	0.05712	0.43362	0.01526	0.00777	0.00216	0.00323	0.01302	0.00661	0.00585
46	0.00986	0.00739	0.00921	0.00864	0.01043	0.00709	0.00651	0.01427	0.08127	0.02595	0.61911	0.04786	0.10078	0.01326	0.00767	0.00209	0.00331	0.01163	0.00712	0.00655
47	0.01814	0.15639	0.15698	0.07750	0.07861	0.15403	0.07189	0.10146	0.08339	0.02177	0.01307	0.01495	0.01016	0.00663	0.00609	0.00190	0.00883	0.00527	0.00380	0.00913
48	0.01744	0.14637	0.37167	0.01792	0.04598	0.20454	0.03842	0.04862	0.01579	0.01962	0.01119	0.01312	0.00862	0.00633	0.00592	0.00188	0.00975	0.00465	0.00312	0.00904
49	0.00957	0.00638	0.00718	0.00718	0.00718	0.00638	0.00399	0.00957	0.00957	0.01276	0.02074	0.04308	0.02393	0.76864	0.03351	0.00638	0.00638	0.00957	0.00399	0.00399
50	0.01466	0.03759	0.15315	0.01425	0.07695	0.01137	0.01225	0.01908	0.03840	0.05147	0.01284	0.01458	0.01014	0.00552	0.00539	0.00137	0.00615	0.00447	0.00388	0.50649
51	0.01606	0.00967	0.01035	0.00898	0.01150	0.01034	0.00711	0.18752	0.01808	0.05049	0.01971	0.02191	0.01512	0.00789	0.00582	0.00171	0.03341	0.00608	0.55063	0.00759
52	0.00954	0.00652	0.00789	0.00789	0.00814	0.00677	0.00488	0.01003	0.00979	0.01329	0.02009	0.03946	0.02236	0.61745	0.18255	0.00726	0.00875	0.00904	0.00389	0.00439
53	0.01386	0.01377	0.02068	0.53866	0.08343	0.07837	0.06644	0.01795	0.01387	0.01758	0.01227	0.01752	0.00949	0.00800	0.03209	0.00240	0.00926	0.00590	0.03090	0.00756
54	0.01760	0.77260	0.03450	0.01126	0.01690	0.02605	0.01126	0.01971	0.01338	0.01549	0.00915	0.01056	0.00845	0.00563	0.00422	0.00141	0.00704	0.00352	0.00282	0.00845
55	0.01404	0.03006	0.58906	0.01815	0.02681	0.01518	0.05614	0.07984	0.01565	0.02272	0.03613	0.01711	0.03588	0.00696	0.00646	0.00209	0.00915	0.00564	0.00340	0.00956
56	0.02870	0.01128	0.01509	0.01163	0.01659	0.00994	0.00959	0.05687	0.01910	0.67860	0.02541	0.02224	0.01613	0.00812	0.00654	0.00202	0.00557	0.00658	0.03900	0.01101
57	0.01416	0.17400	0.11475	0.05193	0.01922	0.04230	0.06778	0.06017	0.07001	0.02185	0.17325	0.02745	0.09097	0.01048	0.03205	0.00226	0.00702	0.00759	0.00472	0.00803
58	0.00939	0.00690	0.00991	0.00996	0.01091	0.00782	0.00744	0.01130	0.01048	0.01491	0.01878	0.05345	0.01862	0.16977	0.59838	0.00961	0.01527	0.00787	0.00369	0.00554
59	0.05118	0.01862	0.14656	0.12907	0.23838	0.06834	0.08442	0.02175	0.01518	0.11520	0.01410	0.01673	0.01051	0.00645	0.00640	0.00202	0.00834	0.00577	0.03167	0.00932
60	0.64537	0.03488	0.06071	0.01010	0.01437	0.05441	0.00890	0.01942	0.01193	0.02703	0.01113	0.01269	0.02913	0.00665	0.00503	0.00204	0.03089	0.00408	0.00394	0.00732

[dist]
# distance from previous block
# <min> <max>
0	8

[block]
# block no. 7 follows, 33 sequences, length 32
# corresponding to MSA columns:
# 376-407
name=unknown_H
#
# <colnr> <probs for GDERKNQSTAVLIFYWHMCP>
#	G	D	E	R	K	N	Q	S	T	A	V	L	I	F	Y	W	H	M	C	P
0	0.01581	0.01627	0.06689	0.02849	0.31641	0.01592	0.17417	0.02054	0.05249	0.04785	0.01367	0.01788	0.01122	0.02959	0.02747	0.00251	0.12348	0.00648	0.00359	0.00928
1	0.01561	0.01420	0.04071	0.31280	0.25433	0.01511	0.03667	0.09164	0.01590	0.05027	0.01525	0.03524	0.03424	0.00733	0.00716	0.00212	0.03225	0.00647	0.00382	0.00888
2	0.00912	0.00668	0.00856	0.00818	0.00974	0.00611	0.00610	0.01200	0.01803	0.02518	0.63295	0.08444	0.12016	0.01409	0.00780	0.00211	0.00316	0.01241	0.00709	0.00611
3	0.06274	0.01705	0.01848	0.01432	0.01944	0.01860	0.01180	0.55608	0.06140	0.12708	0.01730	0.01681	0.01207	0.00790	0.00648	0.00200	0.00684	0.00597	0.00667	0.01097
4	0.00873	0.00640	0.00729	0.00769	0.00857	0.00596	0.00511	0.00967	0.01226	0.01560	0.03962	0.19983	0.25646	0.33041	0.01868	0.00409	0.00485	0.04868	0.00523	0.00489
5	0.00986	0.00778	0.01143	0.01123	0.01221	0.00936	0.00876	0.01201	0.01069	0.01547	0.01811	0.08390	0.01774	0.04276	0.60150	0.00907	0.10063	0.00784	0.00366	0.00599
6	0.01629	0.01564	0.02672	0.04041	0.72757	0.01564	0.02020	0.02020	0.01499	0.02151	0.01238	0.01629	0.01043	0.00587	0.00652	0.00196	0.00782	0.00587	0.00326	0.01043
7	0.01243	0.01170	0.01975	0.75282	0.04534	0.01463	0.01828	0.01682	0.01316	0.01682	0.01170	0.01755	0.00878	0.00658	0.00658	0.00219	0.00878	0.00585	0.00293	0.00731
8	0.02954	0.01120	0.01528	0.01171	0.01681	0.00968	0.00968	0.03208	0.01884	0.73213	0.02597	0.02241	0.01630	0.00815	0.00662	0.00204	0.00560	0.00662	0.00815	0.01120
9	0.01554	0.01776	0.03885	0.02775	0.03441	0.01665	0.70366	0.02109	0.01554	0.02109	0.01332	0.01776	0.00999	0.00555	0.00777	0.00222	0.01110	0.00777	0.00333	0.00888
10	0.00786	0.00667	0.00678	0.00675	0.00894	0.00559	0.00507	0.00961	0.01520	0.01824	0.10164	0.06260	0.68966	0.01650	0.00778	0.00221	0.00332	0.01379	0.00617	0.00559
11	0.00802	0.00573	0.00764	0.00917	0.00955	0.00535	0.00611	0.00917	0.01260	0.01681	0.03628	0.76434	0.04354	0.02062	0.00840	0.00267	0.00382	0.01872	0.00611	0.00535
12	0.00879	0.00671	0.00807	0.00773	0.00951	0.00599	0.00580	0.01140	0.01739	0.02344	0.49824	0.05405	0.28982	0.01456	0.00777	0.00212	0.00318	0.01259	0.00686	0.00599
13	0.61941	0.01260	0.01122	0.00954	0.01387	0.01387	0.00786	0.04562	0.01352	0.18076	0.01300	0.01338	0.00924	0.00661	0.00471	0.00203	0.00528	0.00430	0.00503	0.00814
14	0.01760	0.77260	0.03450	0.01126	0.01690	0.02605	0.01126	0.01971	0.01338	0.01549	0.00915	0.01056	0.00845	0.00563	0.00422	0.00141	0.00704	0.00352	0.00282	0.00845
15	0.00809	0.00632	0.00734	0.00784	0.00927	0.00557	0.00559	0.00976	0.01461	0.01863	0.14808	0.32639	0.37364	0.01771	0.00801	0.00237	0.00349	0.01544	0.00627	0.00557
16	0.01129	0.00582	0.00872	0.00872	0.00881	0.00590	0.00590	0.00881	0.00872	0.01172	0.01189	0.02044	0.01180	0.02481	0.07828	0.74997	0.00659	0.00582	0.00291	0.00308
17	0.02455	0.01482	0.01562	0.01279	0.01712	0.10182	0.01035	0.17351	0.07102	0.34819	0.02206	0.02297	0.01579	0.00852	0.00651	0.00201	0.00652	0.04463	0.07118	0.01001
18	0.03728	0.00662	0.00718	0.00730	0.00844	0.00684	0.00521	0.01358	0.01275	0.02132	0.02302	0.15269	0.02185	0.12270	0.01014	0.00251	0.03165	0.00869	0.49447	0.00576
19	0.01054	0.00830	0.00963	0.00937	0.00992	0.04319	0.00642	0.01147	0.01037	0.01393	0.01848	0.03424	0.01983	0.45251	0.26091	0.00730	0.05660	0.00827	0.00374	0.00497
20	0.09760	0.11443	0.09267	0.23046	0.19018	0.01578	0.04012	0.01822	0.01327	0.01943	0.01200	0.01622	0.00982	0.01104	0.08977	0.00296	0.00913	0.00542	0.00318	0.00829
21	0.73615	0.01419	0.01061	0.00943	0.01349	0.06508	0.00768	0.04111	0.01233	0.02898	0.00944	0.01093	0.00735	0.00621	0.00428	0.00201	0.00563	0.00368	0.00410	0.00729
22	0.01539	0.02280	0.29828	0.10240	0.22712	0.03291	0.07338	0.07195	0.03289	0.02232	0.01295	0.01588	0.00982	0.00636	0.00647	0.00204	0.00879	0.00564	0.02302	0.00959
23	0.67874	0.05725	0.03406	0.00973	0.01410	0.04262	0.00835	0.05230	0.01262	0.02855	0.00960	0.01107	0.00748	0.00620	0.00434	0.00199	0.00570	0.00374	0.00406	0.00750
24	0.00893	0.00645	0.00816	0.00868	0.00967	0.00604	0.00610	0.00994	0.01311	0.01729	0.10228	0.37530	0.18363	0.04637	0.01147	0.10136	0.02066	0.03074	0.00561	0.02821
25	0.72521	0.01338	0.01082	0.00940	0.01361	0.01541	0.00774	0.09746	0.01345	0.03090	0.00992	0.01128	0.00759	0.00632	0.00436	0.00203	0.00534	0.00383	0.00436	0.00759
26	0.01470	0.02032	0.26426	0.07741	0.08790	0.05217	0.04424	0.04352	0.04800	0.05522	0.01587	0.03906	0.01363	0.10229	0.05100	0.00312	0.03160	0.02343	0.00383	0.00843
27	0.00957	0.00638	0.00718	0.00718	0.00718	0.00638	0.00399	0.00957	0.00957	0.01276	0.02074	0.04308	0.02393	0.76864	0.03351	0.00638	0.00638	0.00957	0.00399	0.00399
28	0.01721	0.06438	0.17454	0.06214	0.10006	0.12494	0.01611	0.06112	0.09002	0.04795	0.01342	0.01586	0.01061	0.00879	0.02785	0.00235	0.14441	0.00549	0.00381	0.00894
29	0.01760	0.77260	0.03450	0.01126	0.01690	0.02605	0.01126	0.01971	0.01338	0.01549	0.00915	0.01056	0.00845	0.00563	0.00422	0.00141	0.00704	0.00352	0.00282	0.00845
30	0.00787	0.00657	0.00686	0.00701	0.00900	0.00556	0.00517	0.00954	0.01489	0.01803	0.09011	0.13962	0.62324	0.01698	0.00785	0.00227	0.00338	0.01434	0.00616	0.00556
31	0.01632	0.45259	0.19516	0.01370	0.01956	0.06437	0.01439	0.02009	0.03109	0.01709	0.01073	0.01285	0.00918	0.00873	0.04778	0.00220	0.04836	0.00430	0.00298	0.00854

[dist]
# distance from previous block
# <min> <max>
0	1

[block]
# block no. 8 follows, 33 sequences, length 63
# corresponding to MSA columns:
# 409-471
name=unknown_I
#
# <colnr> <probs for GDERKNQSTAVLIFYWHMCP>
#	G	D	E	R	K	N	Q	S	T	A	V	L	I	F	Y	W	H	M	C	P
0	0.01621	0.01806	0.18631	0.01947	0.14357	0.01424	0.05403	0.11668	0.06216	0.07449	0.01815	0.04718	0.03668	0.01178	0.07381	0.00286	0.04261	0.00676	0.04574	0.00921
1	0.00791	0.00655	0.00695	0.00723	0.00915	0.00559	0.00535	0.00954	0.01464	0.01769	0.06095	0.17262	0.59714	0.01733	0.00792	0.00232	0.00350	0.03598	0.00611	0.00554
2	0.01718	0.01419	0.01508	0.01340	0.01723	0.01628	0.01047	0.05958	0.66472	0.05407	0.02636	0.02416	0.01963	0.00886	0.00669	0.00222	0.00530	0.00736	0.00675	0.01048
3	0.01205	0.00781	0.01085	0.01179	0.01360	0.00764	0.01018	0.01505	0.01573	0.07837	0.08888	0.06804	0.03805	0.01699	0.00879	0.00287	0.00579	0.57472	0.00633	0.00649
4	0.00957	0.00638	0.00718	0.00718	0.00718	0.00638	0.00399	0.00957	0.00957	0.01276	0.02074	0.04308	0.02393	0.76864	0.03351	0.00638	0.00638	0.00957	0.00399	0.00399
5	0.02954	0.01120	0.01528	0.01171	0.01681	0.00968	0.00968	0.03208	0.01884	0.73213	0.02597	0.02241	0.01630	0.00815	0.00662	0.00204	0.00560	0.00662	0.00815	0.01120
6	0.01760	0.77260	0.03450	0.01126	0.01690	0.02605	0.01126	0.01971	0.01338	0.01549	0.00915	0.01056	0.00845	0.00563	0.00422	0.00141	0.00704	0.00352	0.00282	0.00845
7	0.00940	0.00705	0.01058	0.01058	0.01176	0.00823	0.00823	0.01176	0.01058	0.01528	0.01763	0.02586	0.01646	0.04937	0.74255	0.01058	0.01763	0.00705	0.00353	0.00588
8	0.01243	0.01170	0.01975	0.75282	0.04534	0.01463	0.01828	0.01682	0.01316	0.01682	0.01170	0.01755	0.00878	0.00658	0.00658	0.00219	0.00878	0.00585	0.00293	0.00731
9	0.00883	0.00671	0.00813	0.00777	0.00954	0.00601	0.00583	0.01149	0.01749	0.02369	0.51710	0.05364	0.27081	0.01447	0.00777	0.00212	0.00318	0.01253	0.00689	0.00601
10	0.01365	0.01170	0.01365	0.00975	0.01560	0.00878	0.00780	0.01658	0.01365	0.02145	0.01170	0.01365	0.00975	0.00488	0.00488	0.00098	0.00488	0.00390	0.00390	0.80888
11	0.01533	0.01732	0.03763	0.02707	0.03351	0.01626	0.67373	0.02077	0.01552	0.02103	0.01425	0.02020	0.01119	0.00610	0.00783	0.00225	0.01088	0.03694	0.00345	0.00876
12	0.01194	0.00829	0.01035	0.00923	0.01136	0.00804	0.00709	0.09606	0.02012	0.05420	0.61367	0.04420	0.05434	0.01260	0.00758	0.00206	0.00369	0.01100	0.00720	0.00699
13	0.00807	0.00578	0.00760	0.00903	0.00944	0.00539	0.00600	0.00919	0.01256	0.01668	0.03650	0.71967	0.06052	0.04797	0.00931	0.00280	0.00390	0.01825	0.00603	0.00530
14	0.01034	0.00690	0.00898	0.00868	0.01033	0.00632	0.00653	0.01304	0.01743	0.06742	0.51453	0.14805	0.09741	0.01453	0.00784	0.00220	0.00350	0.04257	0.00702	0.00635
15	0.01276	0.01141	0.01598	0.01430	0.01487	0.01502	0.01158	0.03930	0.01108	0.01647	0.01335	0.06009	0.01322	0.02408	0.24294	0.04112	0.42551	0.00689	0.00340	0.00664
16	0.00977	0.00681	0.00813	0.00800	0.00813	0.00720	0.00491	0.01009	0.00971	0.01318	0.01987	0.03993	0.02244	0.65686	0.10990	0.00668	0.04104	0.00913	0.00389	0.00434
17	0.62375	0.01567	0.05562	0.01329	0.09154	0.06727	0.00998	0.02003	0.01231	0.02718	0.00975	0.01158	0.00766	0.00614	0.00460	0.00201	0.00615	0.00394	0.00386	0.00768
18	0.02125	0.01179	0.01417	0.01156	0.01559	0.01169	0.00930	0.15435	0.12071	0.31046	0.16165	0.02973	0.07847	0.00988	0.00693	0.00207	0.00520	0.00818	0.00732	0.00970
19	0.00911	0.00655	0.00869	0.01000	0.01092	0.00630	0.00762	0.01094	0.01353	0.01770	0.03666	0.39977	0.08540	0.07256	0.01041	0.00305	0.00484	0.27446	0.00594	0.00554
20	0.01628	0.01994	0.22901	0.17929	0.08601	0.01533	0.07192	0.14312	0.03995	0.06115	0.06167	0.01868	0.01364	0.00720	0.00666	0.00209	0.00823	0.00623	0.00428	0.00932
