[name]
unknown

[dist]
# distance from previous block
# <min> <max>
0	29

[block]
# block no. 0 follows, 36 sequences, length 29
# corresponding to MSA columns:
# 29-57
name=unknown_A
#
# <colnr> <probs for GDERKNQSTAVLIFYWHMCP>
#	G	D	E	R	K	N	Q	S	T	A	V	L	I	F	Y	W	H	M	C	P
0	0.06777	0.04340	0.09695	0.03296	0.05072	0.01350	0.09874	0.16894	0.04303	0.11296	0.05158	0.07752	0.01790	0.00901	0.00655	0.00208	0.00668	0.08610	0.00509	0.00853
1	0.04322	0.13527	0.13517	0.01354	0.01884	0.10003	0.01259	0.19959	0.09261	0.16582	0.01558	0.01544	0.01119	0.00689	0.00573	0.00181	0.00714	0.00514	0.00501	0.00942
2	0.00923	0.00635	0.00737	0.00727	0.00731	0.00659	0.00429	0.00936	0.00911	0.01227	0.01910	0.03918	0.02186	0.72637	0.05653	0.00605	0.03525	0.00884	0.00372	0.00395
3	0.01634	0.04355	0.11337	0.01351	0.04713	0.05710	0.03664	0.04896	0.06650	0.17705	0.02417	0.09067	0.09521	0.01098	0.03323	0.00232	0.04216	0.03771	0.03526	0.00814
4	0.05489	0.20099	0.17278	0.01389	0.01917	0.19909	0.01329	0.11841	0.03224	0.07882	0.01266	0.03455	0.01006	0.00670	0.00544	0.00173	0.00803	0.00480	0.00391	0.00853
5	0.01297	0.01231	0.02087	0.52540	0.27412	0.01416	0.01790	0.01698	0.01303	0.01739	0.01129	0.01622	0.00882	0.00601	0.00621	0.00200	0.00801	0.00554	0.00287	0.00790
6	0.01476	0.01577	0.03202	0.13477	0.11455	0.01553	0.50590	0.05041	0.01497	0.02027	0.01239	0.01654	0.00938	0.00553	0.00700	0.00206	0.00967	0.00681	0.00322	0.00845
7	0.01595	0.06063	0.02445	0.09686	0.56959	0.06057	0.01778	0.04444	0.01470	0.02001	0.01147	0.01493	0.00954	0.00572	0.00602	0.00183	0.00765	0.00533	0.00315	0.00937
8	0.01993	0.10007	0.01933	0.03474	0.05052	0.12702	0.06795	0.19739	0.01863	0.15980	0.01729	0.10743	0.01464	0.02862	0.00687	0.00199	0.00715	0.00692	0.00506	0.00865
9	0.00779	0.00568	0.00734	0.00829	0.00903	0.00523	0.00570	0.00927	0.01320	0.01767	0.16689	0.57258	0.11251	0.01791	0.00778	0.00238	0.00345	0.01608	0.00598	0.00523
10	0.01071	0.00787	0.00811	0.00773	0.00822	0.03927	0.00470	0.06032	0.01087	0.01415	0.01887	0.03767	0.02117	0.69277	0.02878	0.00555	0.00632	0.00860	0.00393	0.00441
11	0.07256	0.30203	0.07629	0.01268	0.01780	0.11796	0.04164	0.04814	0.01536	0.21967	0.01378	0.01398	0.01012	0.00628	0.00520	0.00167	0.00715	0.00459	0.00436	0.00873
12	0.03714	0.01370	0.06910	0.01860	0.12642	0.01289	0.18538	0.07158	0.05848	0.02191	0.01769	0.08295	0.03532	0.00801	0.00724	0.00199	0.06042	0.00726	0.15600	0.00791
13	0.00759	0.00542	0.00723	0.00868	0.00904	0.00506	0.00578	0.00868	0.01193	0.01591	0.03434	0.77697	0.04121	0.01952	0.00795	0.00253	0.00361	0.01771	0.00578	0.00506
14	0.01715	0.29371	0.09223	0.01560	0.11087	0.05099	0.01258	0.16687	0.03550	0.04083	0.01619	0.04902	0.05863	0.00736	0.00551	0.00172	0.00680	0.00569	0.00406	0.00868
15	0.01816	0.21232	0.02025	0.01438	0.09590	0.04872	0.03080	0.09497	0.04784	0.17150	0.09422	0.02312	0.06930	0.00807	0.00592	0.00180	0.00606	0.02301	0.00507	0.00860
16	0.02094	0.00915	0.01206	0.00989	0.01361	0.00790	0.00789	0.02315	0.01649	0.48633	0.08573	0.11719	0.11126	0.01039	0.00662	0.00199	0.00463	0.00877	0.00703	0.03901
17	0.01464	0.04981	0.52434	0.01719	0.05454	0.01492	0.01946	0.10420	0.04664	0.04881	0.03861	0.01529	0.01087	0.00649	0.00599	0.00194	0.00822	0.00513	0.00358	0.00933
18	0.01562	0.03698	0.08222	0.09561	0.34393	0.07968	0.08591	0.05215	0.04524	0.02050	0.01252	0.01553	0.00997	0.00594	0.00604	0.00183	0.00783	0.00547	0.03865	0.03838
19	0.01699	0.08163	0.23182	0.01890	0.09871	0.06913	0.11034	0.13443	0.07890	0.05967	0.01416	0.01644	0.01078	0.00661	0.00613	0.00192	0.00811	0.02210	0.00403	0.00920
20	0.01115	0.00831	0.01076	0.12994	0.03700	0.00886	0.00849	0.07945	0.04080	0.02001	0.02711	0.24282	0.10745	0.01486	0.06735	0.00271	0.00570	0.01016	0.16066	0.00641
21	0.06882	0.01939	0.06685	0.03454	0.13399	0.19480	0.04389	0.16081	0.04399	0.02310	0.01188	0.01383	0.00936	0.00652	0.00666	0.00179	0.05472	0.00492	0.00392	0.09620
22	0.14133	0.01383	0.08219	0.03623	0.21859	0.02850	0.01231	0.07301	0.06064	0.02280	0.09541	0.07217	0.01834	0.05158	0.02723	0.00239	0.00638	0.00689	0.02224	0.00794
23	0.01638	0.16897	0.05143	0.09897	0.02047	0.07526	0.03787	0.12546	0.15252	0.02146	0.01523	0.01680	0.03179	0.00755	0.00766	0.00193	0.10842	0.00552	0.02800	0.00832
24	0.07189	0.07254	0.05244	0.08201	0.17197	0.04652	0.09766	0.10170	0.03276	0.05149	0.03333	0.06471	0.01317	0.00728	0.00639	0.00191	0.02693	0.00631	0.03467	0.02433
25	0.03829	0.01587	0.09211	0.05688	0.05594	0.15163	0.04953	0.04825	0.05558	0.01958	0.09273	0.13963	0.02074	0.01343	0.08432	0.00282	0.00809	0.01980	0.00430	0.03048
26	0.01478	0.13601	0.08427	0.01324	0.04164	0.09233	0.01119	0.10049	0.05251	0.02043	0.06894	0.10138	0.06456	0.00974	0.00769	0.00197	0.08954	0.03733	0.02000	0.03197
27	0.03717	0.04968	0.10453	0.07287	0.08108	0.07798	0.14959	0.06020	0.09189	0.04695	0.01528	0.03668	0.02844	0.00719	0.00727	0.00197	0.06602	0.00614	0.02778	0.03130
28	0.01660	0.17537	0.08561	0.01614	0.09147	0.08500	0.06631	0.08977	0.06489	0.06552	0.09274	0.04080	0.01633	0.00753	0.00651	0.00182	0.03929	0.00610	0.00429	0.02791

[dist]
# distance from previous block
# <min> <max>
7	38

[block]
# block no. 1 follows, 36 sequences, length 26
# corresponding to MSA columns:
# 98-123
name=unknown_B
#
# <colnr> <probs for GDERKNQSTAVLIFYWHMCP>
#	G	D	E	R	K	N	Q	S	T	A	V	L	I	F	Y	W	H	M	C	P
0	0.05066	0.08191	0.03469	0.23002	0.10550	0.03684	0.06880	0.06597	0.04195	0.03286	0.05051	0.06153	0.03572	0.00792	0.00730	0.00202	0.06766	0.00660	0.00381	0.00773
1	0.03188	0.01511	0.02004	0.18178	0.25599	0.08291	0.03255	0.12788	0.05257	0.07049	0.02948	0.01653	0.01130	0.00648	0.00611	0.00187	0.00743	0.00560	0.00410	0.03990
2	0.01377	0.01478	0.10668	0.12237	0.10193	0.04790	0.09547	0.06386	0.02619	0.04164	0.01748	0.12596	0.03372	0.05083	0.00776	0.00215	0.00705	0.00755	0.02064	0.09226
3	0.01367	0.13940	0.07271	0.32080	0.24375	0.01547	0.01640	0.01742	0.01311	0.01754	0.01197	0.01567	0.02408	0.00598	0.00577	0.00182	0.00754	0.00519	0.00295	0.04878
4	0.06530	0.05105	0.05142	0.12925	0.10595	0.03373	0.04511	0.17875	0.03424	0.06291	0.01519	0.01740	0.04630	0.00819	0.01926	0.00215	0.11535	0.00579	0.00419	0.00847
5	0.01482	0.05738	0.23598	0.07018	0.08931	0.03670	0.09831	0.11639	0.01612	0.03684	0.04925	0.01962	0.07191	0.00712	0.00619	0.00188	0.00761	0.00613	0.00388	0.05437
6	0.01131	0.00895	0.01036	0.01044	0.01249	0.00955	0.00813	0.01923	0.28382	0.02116	0.06802	0.20476	0.09500	0.01369	0.00727	0.00234	0.00448	0.16491	0.03698	0.00711
7	0.01457	0.08781	0.05801	0.19760	0.41195	0.01536	0.03843	0.03743	0.01404	0.01922	0.01219	0.01721	0.01025	0.00620	0.00610	0.00191	0.00763	0.03214	0.00314	0.00881
8	0.05410	0.01426	0.02588	0.24290	0.12569	0.01531	0.28601	0.03687	0.04215	0.01958	0.01208	0.01620	0.00935	0.00622	0.00761	0.00209	0.06620	0.00618	0.00324	0.00807
9	0.00899	0.00617	0.00757	0.00778	0.00809	0.00632	0.00501	0.00963	0.00980	0.01321	0.02121	0.09785	0.02386	0.55075	0.14558	0.00619	0.00755	0.05616	0.00399	0.00430
10	0.01213	0.01113	0.01883	0.54551	0.11553	0.01300	0.05117	0.01611	0.01309	0.01754	0.04518	0.01987	0.01211	0.00680	0.00629	0.00203	0.00767	0.02719	0.05165	0.00717
11	0.71309	0.04193	0.01132	0.04957	0.04808	0.01442	0.00803	0.01824	0.01095	0.02645	0.00894	0.01071	0.00702	0.00578	0.00409	0.00191	0.00520	0.00359	0.00372	0.00695
12	0.01463	0.01435	0.02599	0.12696	0.47043	0.01448	0.16591	0.01868	0.01403	0.01984	0.01221	0.01622	0.00986	0.00565	0.00634	0.00191	0.00797	0.00594	0.03960	0.00900
13	0.01296	0.06577	0.63698	0.01883	0.05518	0.01505	0.07071	0.01967	0.01328	0.01953	0.01118	0.01335	0.00808	0.00583	0.00594	0.00195	0.00911	0.00477	0.00269	0.00912
14	0.02368	0.01745	0.01870	0.01434	0.01932	0.01932	0.01184	0.72139	0.02929	0.03927	0.01496	0.01496	0.01060	0.00748	0.00623	0.00187	0.00686	0.00561	0.00623	0.01060
15	0.00738	0.00626	0.00637	0.00645	0.00845	0.00525	0.00480	0.00893	0.01407	0.01678	0.06143	0.10196	0.69873	0.01600	0.00740	0.00213	0.00318	0.01342	0.00579	0.00525
16	0.00906	0.00604	0.00680	0.00680	0.00680	0.00604	0.00378	0.00906	0.00906	0.01208	0.01963	0.04077	0.02265	0.78103	0.03171	0.00604	0.00604	0.00906	0.00378	0.00378
17	0.01562	0.01534	0.02417	0.03573	0.67067	0.05786	0.01818	0.01917	0.01453	0.02024	0.04052	0.01641	0.01171	0.00589	0.00618	0.00184	0.00745	0.00569	0.00324	0.00956
18	0.01376	0.01222	0.02014	0.42880	0.27424	0.01372	0.01682	0.01817	0.04195	0.05101	0.04028	0.01782	0.01150	0.00641	0.00626	0.00199	0.00753	0.00585	0.00339	0.00815
19	0.01301	0.01138	0.01417	0.01012	0.01570	0.00870	0.04485	0.01591	0.01301	0.02028	0.01115	0.01312	0.00924	0.00465	0.00476	0.00098	0.00492	0.00388	0.00366	0.77647
20	0.01402	0.14788	0.44554	0.01597	0.02301	0.05220	0.06675	0.01920	0.01348	0.04848	0.01361	0.08734	0.01157	0.00720	0.00591	0.00191	0.00829	0.00590	0.00322	0.00851
21	0.16092	0.02954	0.01216	0.01020	0.01351	0.04351	0.00809	0.06099	0.01544	0.26445	0.06407	0.18766	0.02193	0.01041	0.00622	0.00203	0.00509	0.03769	0.00590	0.04016
22	0.01353	0.01180	0.01346	0.02660	0.03760	0.03811	0.00824	0.05278	0.01405	0.02087	0.03035	0.05869	0.01234	0.00597	0.00508	0.00117	0.00505	0.00491	0.00397	0.63543
23	0.01406	0.00878	0.01040	0.00884	0.01212	0.00761	0.00687	0.06083	0.01554	0.17670	0.06792	0.13952	0.26265	0.01168	0.00659	0.00187	0.00420	0.00986	0.00586	0.16811
24	0.12359	0.01316	0.01443	0.13347	0.04123	0.06889	0.00999	0.08535	0.01449	0.02191	0.01193	0.04248	0.01003	0.00605	0.00518	0.00148	0.00601	0.00475	0.00384	0.38174
25	0.01370	0.01362	0.04941	0.37626	0.26416	0.03640	0.05393	0.01739	0.01317	0.03167	0.01179	0.01671	0.00944	0.02563	0.00759	0.03457	0.00802	0.00565	0.00302	0.00788

[dist]
# distance from previous block
# <min> <max>
1	5

[block]
# block no. 2 follows, 36 sequences, length 20
# corresponding to MSA columns:
# 129-148
name=unknown_C
#
# <colnr> <probs for GDERKNQSTAVLIFYWHMCP>
#	G	D	E	R	K	N	Q	S	T	A	V	L	I	F	Y	W	H	M	C	P
0	0.03234	0.01402	0.01860	0.35526	0.15157	0.08477	0.01525	0.07264	0.06918	0.01957	0.01369	0.01955	0.01132	0.00733	0.00693	0.00206	0.04305	0.05137	0.00362	0.00787
1	0.03726	0.01716	0.06602	0.13951	0.09503	0.11876	0.01352	0.15852	0.11958	0.06696	0.01434	0.01590	0.01081	0.00697	0.00676	0.00191	0.04839	0.00538	0.00441	0.05283
2	0.00957	0.00778	0.00975	0.07874	0.01345	0.00751	0.02803	0.01322	0.07879	0.03838	0.19510	0.07879	0.39108	0.01323	0.00716	0.00209	0.00404	0.01134	0.00575	0.00618
3	0.01443	0.01103	0.01307	0.00942	0.01488	0.00839	0.00756	0.01716	0.01341	0.09331	0.01243	0.01375	0.00985	0.00493	0.00478	0.00102	0.00468	0.00395	0.00410	0.73784
4	0.01666	0.78478	0.03265	0.01066	0.01599	0.02465	0.01066	0.01866	0.01266	0.01466	0.00866	0.00999	0.00800	0.00533	0.00400	0.00133	0.00666	0.00333	0.00267	0.00800
5	0.01008	0.00817	0.01128	0.01062	0.01115	0.01001	0.00805	0.01147	0.00963	0.01391	0.01548	0.02651	0.01581	0.24696	0.37341	0.00713	0.19460	0.00706	0.00332	0.00536
6	0.01285	0.01377	0.06162	0.14491	0.18718	0.01353	0.18415	0.01664	0.01376	0.01907	0.09800	0.04362	0.05628	0.00803	0.00838	0.00210	0.09733	0.00735	0.00364	0.00779
7	0.01252	0.01164	0.01915	0.33872	0.30991	0.01267	0.01577	0.01615	0.01382	0.01867	0.09075	0.02292	0.07635	0.00745	0.00642	0.00198	0.00696	0.00678	0.00357	0.00783
8	0.02241	0.02826	0.01778	0.01608	0.01900	0.69013	0.01218	0.02400	0.01693	0.01523	0.00950	0.01145	0.00804	0.00682	0.00694	0.00171	0.07904	0.00414	0.00317	0.00719
9	0.01292	0.01107	0.01292	0.00923	0.01477	0.00831	0.00738	0.01569	0.01292	0.02030	0.01107	0.01292	0.00923	0.00461	0.00461	0.00092	0.00461	0.00369	0.00369	0.81912
10	0.01397	0.01600	0.08437	0.01957	0.04975	0.01752	0.18797	0.01776	0.05044	0.01742	0.01059	0.01496	0.00912	0.00876	0.01469	0.00244	0.44800	0.00594	0.00303	0.00769
11	0.01521	0.01459	0.02491	0.07973	0.70230	0.01475	0.01902	0.01894	0.01409	0.02010	0.01168	0.01549	0.00978	0.00559	0.00617	0.00186	0.00745	0.00555	0.00307	0.00970
12	0.01063	0.00554	0.00831	0.00831	0.00842	0.00565	0.00565	0.00842	0.00831	0.01119	0.01141	0.01949	0.01130	0.02415	0.09758	0.73782	0.00654	0.00554	0.00277	0.00299
13	0.01395	0.01181	0.01567	0.04178	0.20777	0.01259	0.01154	0.02316	0.31288	0.04424	0.16088	0.02805	0.05564	0.00893	0.00658	0.00202	0.00526	0.02306	0.00547	0.00873
14	0.01348	0.01245	0.02063	0.16651	0.43185	0.01343	0.01618	0.01688	0.01292	0.01841	0.01250	0.01725	0.01061	0.01253	0.12547	0.00322	0.04986	0.00573	0.03176	0.00833
15	0.00890	0.00668	0.01001	0.01001	0.01113	0.00779	0.00779	0.01113	0.01001	0.01446	0.01669	0.02448	0.01558	0.04673	0.75634	0.01001	0.01669	0.00668	0.00334	0.00556
16	0.02164	0.01797	0.01819	0.01582	0.06653	0.10340	0.01199	0.47230	0.15158	0.03290	0.01598	0.01603	0.01175	0.00740	0.00618	0.00188	0.00706	0.00568	0.00569	0.01003
17	0.00775	0.00557	0.00739	0.00878	0.00927	0.00521	0.00603	0.00896	0.01216	0.01612	0.03518	0.70724	0.06329	0.01925	0.00798	0.00254	0.00374	0.06267	0.00578	0.00511
18	0.21806	0.16896	0.11403	0.01229	0.01749	0.04639	0.01154	0.21218	0.03587	0.09032	0.01259	0.01317	0.00933	0.00644	0.00515	0.00179	0.00661	0.00451	0.00449	0.00881
19	0.01766	0.67025	0.03038	0.01148	0.01649	0.13559	0.01087	0.01960	0.01342	0.01475	0.00881	0.01018	0.00800	0.00550	0.00424	0.00137	0.00736	0.00343	0.00275	0.00788

[dist]
# distance from previous block
# <min> <max>
1	4

[block]
# block no. 3 follows, 36 sequences, length 28
# corresponding to MSA columns:
# 153-180
name=unknown_D
#
# <colnr> <probs for GDERKNQSTAVLIFYWHMCP>
#	G	D	E	R	K	N	Q	S	T	A	V	L	I	F	Y	W	H	M	C	P
0	0.01578	0.59377	0.08251	0.01321	0.01880	0.02194	0.10987	0.01863	0.01318	0.01617	0.03887	0.01264	0.01024	0.00566	0.00473	0.00151	0.00723	0.00430	0.00290	0.00805
1	0.00980	0.00745	0.00942	0.01026	0.01203	0.00736	0.00867	0.01353	0.07229	0.01878	0.04006	0.06384	0.21398	0.01614	0.00811	0.00261	0.00501	0.46892	0.00580	0.00595
2	0.02272	0.01697	0.01816	0.01414	0.01895	0.01887	0.01161	0.64030	0.11195	0.03771	0.01618	0.01594	0.01159	0.00759	0.00625	0.00190	0.00663	0.00578	0.00625	0.01051
3	0.01583	0.49851	0.25356	0.01324	0.01962	0.07284	0.01459	0.01943	0.01316	0.01627	0.00951	0.01106	0.00797	0.00559	0.00471	0.00155	0.00777	0.00377	0.00269	0.00832
4	0.01459	0.01612	0.15611	0.19924	0.08806	0.01375	0.14422	0.01887	0.01349	0.09533	0.01381	0.01819	0.01066	0.00702	0.00788	0.00208	0.09081	0.02799	0.05362	0.00813
5	0.03992	0.01573	0.01635	0.01340	0.01764	0.04068	0.01077	0.39856	0.27522	0.05288	0.01915	0.04032	0.01443	0.00811	0.00624	0.00197	0.00613	0.00639	0.00614	0.00997
6	0.02327	0.02970	0.01766	0.01605	0.01926	0.75602	0.01204	0.02488	0.01766	0.01525	0.00963	0.01124	0.00803	0.00642	0.00562	0.00161	0.01124	0.00401	0.00321	0.00722
7	0.01657	0.01347	0.01500	0.05117	0.03829	0.01535	0.01061	0.08311	0.58481	0.06422	0.02344	0.02197	0.01741	0.00815	0.00632	0.00208	0.00533	0.00678	0.00613	0.00981
8	0.02200	0.01399	0.06202	0.06841	0.09862	0.01255	0.10873	0.09953	0.03785	0.38228	0.01887	0.01860	0.01268	0.00694	0.00638	0.00196	0.00682	0.00614	0.00577	0.00987
9	0.02524	0.01157	0.01465	0.01160	0.01617	0.01103	0.00946	0.07355	0.15856	0.56137	0.02414	0.02122	0.01583	0.00784	0.00628	0.00196	0.00532	0.00638	0.00735	0.01046
10	0.02795	0.01060	0.01446	0.01109	0.01591	0.00916	0.00916	0.03036	0.01783	0.74648	0.02458	0.02121	0.01542	0.00771	0.00627	0.00193	0.00530	0.00627	0.00771	0.01060
11	0.00842	0.00595	0.00780	0.00880	0.00938	0.00576	0.00622	0.00976	0.01210	0.01618	0.07424	0.44356	0.03702	0.16390	0.03631	0.00346	0.00482	0.13593	0.00538	0.00500
12	0.02233	0.01668	0.07842	0.01379	0.01885	0.03824	0.03762	0.40908	0.02335	0.19368	0.01867	0.01824	0.04094	0.00762	0.00622	0.00189	0.00670	0.00600	0.03176	0.00993
13	0.00884	0.00601	0.00680	0.00691	0.00707	0.00592	0.00399	0.00902	0.00960	0.01266	0.02343	0.09778	0.06831	0.67606	0.02841	0.00553	0.00568	0.00997	0.00405	0.00396
14	0.00756	0.00555	0.00710	0.00835	0.00895	0.00509	0.00564	0.00871	0.01224	0.01603	0.03834	0.67730	0.13830	0.01900	0.00787	0.00247	0.00355	0.01708	0.00578	0.00509
15	0.01464	0.01509	0.02085	0.33893	0.25720	0.12757	0.05036	0.01824	0.01423	0.01797	0.05605	0.01727	0.01193	0.00640	0.00624	0.00193	0.00825	0.00575	0.00321	0.00790
16	0.04001	0.07569	0.54238	0.01815	0.05450	0.04489	0.07188	0.02021	0.01355	0.04621	0.01150	0.01344	0.00834	0.00590	0.00585	0.00192	0.00887	0.00476	0.00294	0.00899
17	0.00865	0.00656	0.00923	0.00997	0.01114	0.00620	0.03577	0.01057	0.01320	0.01726	0.05422	0.42445	0.11813	0.01762	0.00805	0.00256	0.00449	0.23080	0.00569	0.00545
18	0.04652	0.15501	0.27892	0.16119	0.17277	0.01624	0.04843	0.01866	0.01311	0.01860	0.01079	0.01375	0.00841	0.00577	0.00567	0.00186	0.00811	0.00482	0.00283	0.00857
19	0.01940	0.06456	0.23928	0.01700	0.10279	0.04783	0.03793	0.08400	0.01645	0.25485	0.01766	0.01777	0.03834	0.00693	0.00606	0.00189	0.00730	0.00564	0.00480	0.00952
20	0.01312	0.01333	0.02521	0.44695	0.11954	0.01456	0.24145	0.01757	0.01337	0.01771	0.01164	0.01654	0.00885	0.00584	0.00658	0.00206	0.00890	0.00612	0.00293	0.00773
21	0.01436	0.01401	0.04440	0.25831	0.32247	0.05494	0.01618	0.01787	0.01368	0.04764	0.01467	0.04530	0.03992	0.00696	0.00663	0.00194	0.03016	0.00613	0.00339	0.04103
22	0.02713	0.06389	0.28946	0.06828	0.06691	0.01398	0.03362	0.11677	0.03796	0.06690	0.03989	0.07204	0.03579	0.00812	0.00625	0.00200	0.00726	0.03094	0.00419	0.00863
23	0.01456	0.07809	0.12402	0.08274	0.15419	0.05230	0.04240	0.01875	0.04587	0.07787	0.08733	0.06244	0.03949	0.00791	0.00617	0.00186	0.00670	0.01949	0.00418	0.07364
24	0.01460	0.12460	0.29564	0.01777	0.08364	0.04186	0.07278	0.03801	0.04068	0.03768	0.01329	0.01769	0.01092	0.00720	0.00740	0.00199	0.08508	0.04755	0.03313	0.00848
25	0.04906	0.04828	0.13369	0.06956	0.12260	0.03980	0.11334	0.12050	0.05007	0.02267	0.05230	0.01959	0.01361	0.00737	0.00709	0.00200	0.05121	0.04409	0.00398	0.02919
26	0.06818	0.08056	0.07987	0.07815	0.10024	0.01355	0.03056	0.08137	0.11075	0.09310	0.08957	0.02557	0.04792	0.00849	0.00625	0.00200	0.00615	0.06446	0.00489	0.00837
27	0.03095	0.15321	0.20422	0.04255	0.08702	0.02985	0.03416	0.03549	0.03251	0.01923	0.04808	0.11324	0.06870	0.00884	0.00600	0.00191	0.00657	0.02111	0.04864	0.00772

[dist]
# distance from previous block
# <min> <max>
1	41

[block]
# block no. 4 follows, 36 sequences, length 16
# corresponding to MSA columns:
# 222-237
name=unknown_E
#
# <colnr> <probs for GDERKNQSTAVLIFYWHMCP>
#	G	D	E	R	K	N	Q	S	T	A	V	L	I	F	Y	W	H	M	C	P
0	0.03243	0.08271	0.09038	0.03887	0.09920	0.01380	0.02437	0.14244	0.08511	0.04706	0.06701	0.04519	0.05569	0.03093	0.00710	0.00199	0.02661	0.00667	0.07101	0.03142
1	0.03394	0.09036	0.05586	0.05818	0.05668	0.07850	0.01066	0.04244	0.13947	0.05099	0.05373	0.07635	0.04097	0.04828	0.00765	0.00211	0.01997	0.04458	0.00458	0.08469
2	0.09753	0.04621	0.06432	0.01792	0.15454	0.09547	0.01286	0.20626	0.06830	0.10112	0.01428	0.01528	0.01068	0.00689	0.00637	0.00188	0.03884	0.00523	0.02683	0.00920
3	0.10547	0.04445	0.07636	0.03903	0.30108	0.01472	0.10424	0.05646	0.03630	0.02202	0.05032	0.01629	0.01202	0.00630	0.00651	0.00188	0.03794	0.00561	0.00362	0.05936
4	0.00949	0.05744	0.00973	0.00781	0.01000	0.00762	0.00614	0.01156	0.01499	0.03967	0.26408	0.04765	0.40049	0.01334	0.00770	0.00200	0.04279	0.01105	0.00575	0.03072
5	0.01233	0.01307	0.12762	0.07806	0.03880	0.01058	0.02727	0.06641	0.10888	0.04565	0.20076	0.06971	0.12867	0.01023	0.00668	0.00202	0.00537	0.00878	0.03158	0.00753
6	0.00924	0.00738	0.04473	0.00736	0.00783	0.00647	0.00476	0.00961	0.00927	0.01247	0.01920	0.03936	0.02190	0.74140	0.03039	0.00583	0.00620	0.00883	0.00372	0.00405
7	0.01618	0.01667	0.02279	0.09306	0.51651	0.13671	0.01732	0.01946	0.01445	0.01890	0.01186	0.01649	0.01019	0.00631	0.00667	0.00189	0.03536	0.02706	0.00315	0.00895
8	0.01535	0.01494	0.02364	0.10796	0.52840	0.05321	0.05505	0.04701	0.01472	0.02015	0.01289	0.05449	0.01123	0.00645	0.00630	0.00191	0.00764	0.00619	0.00333	0.00914
9	0.01571	0.01234	0.01449	0.01154	0.03276	0.01156	0.00899	0.17152	0.04170	0.05357	0.03566	0.04053	0.01288	0.02252	0.00679	0.00153	0.04891	0.00527	0.00460	0.44715
10	0.01660	0.01431	0.05168	0.07432	0.08244	0.04029	0.04900	0.18529	0.11991	0.07060	0.09834	0.02272	0.03897	0.00866	0.00743	0.02809	0.02937	0.02234	0.00510	0.03454
11	0.10857	0.01236	0.01548	0.04252	0.22783	0.04958	0.01130	0.05436	0.07194	0.02032	0.01787	0.05052	0.05161	0.12483	0.03462	0.00283	0.02987	0.02918	0.00405	0.04036
12	0.03955	0.09326	0.05571	0.01899	0.22146	0.07995	0.01224	0.01756	0.07869	0.01852	0.02092	0.19507	0.06681	0.01009	0.00698	0.00202	0.04176	0.00854	0.00414	0.00773
13	0.04186	0.06385	0.07403	0.07641	0.09646	0.05868	0.02911	0.08519	0.07126	0.10887	0.06283	0.03958	0.07365	0.05851	0.00790	0.00222	0.00649	0.03027	0.00476	0.00808
14	0.03867	0.01624	0.16057	0.10808	0.08044	0.03079	0.01331	0.12634	0.06069	0.08838	0.04305	0.02295	0.11359	0.00803	0.00617	0.00191	0.00652	0.00657	0.01823	0.04947
15	0.03723	0.01605	0.11511	0.09090	0.11185	0.05728	0.12606	0.08196	0.04232	0.02114	0.04182	0.09812	0.05197	0.00812	0.00641	0.00194	0.00725	0.00733	0.00404	0.07309

[dist]
# distance from previous block
# <min> <max>
0	21

[block]
# block no. 5 follows, 36 sequences, length 10
# corresponding to MSA columns:
# 259-268
name=unknown_F
#
# <colnr> <probs for GDERKNQSTAVLIFYWHMCP>
#	G	D	E	R	K	N	Q	S	T	A	V	L	I	F	Y	W	H	M	C	P
0	0.01561	0.07126	0.24228	0.01313	0.01886	0.02987	0.01337	0.15333	0.06065	0.06322	0.10026	0.01990	0.04285	0.00742	0.00592	0.00176	0.00655	0.00590	0.00459	0.12326
1	0.04410	0.10882	0.30608	0.03804	0.07763	0.05984	0.04544	0.04109	0.01450	0.08393	0.06819	0.02893	0.01331	0.00697	0.00644	0.00190	0.03696	0.00553	0.00371	0.00856
2	0.01383	0.10407	0.25469	0.01442	0.04562	0.01387	0.04009	0.07378	0.10512	0.03828	0.11503	0.03765	0.04932	0.00905	0.02741	0.00212	0.00691	0.00660	0.00437	0.03778
3	0.03427	0.22696	0.23797	0.01713	0.09215	0.04263	0.08541	0.03718	0.04151	0.04619	0.01274	0.04077	0.01041	0.00636	0.00556	0.00177	0.00763	0.00523	0.02114	0.02700
4	0.01539	0.01578	0.07273	0.06208	0.49380	0.01523	0.04926	0.07879	0.01494	0.02119	0.01234	0.03680	0.01047	0.00657	0.00737	0.00197	0.06668	0.00591	0.00336	0.00933
5	0.01578	0.01304	0.01481	0.01228	0.06466	0.04694	0.00907	0.10840	0.01561	0.06058	0.01226	0.01370	0.00971	0.00530	0.00506	0.00119	0.00545	0.00422	0.00417	0.57776
6	0.01310	0.01255	0.06160	0.03580	0.13023	0.01172	0.07876	0.12313	0.04252	0.02278	0.13909	0.10531	0.13206	0.01052	0.00743	0.00208	0.03521	0.02342	0.00498	0.00770
7	0.00867	0.00601	0.00691	0.00706	0.00744	0.00582	0.00429	0.00919	0.01060	0.01401	0.07722	0.13838	0.10652	0.54407	0.02424	0.00486	0.00519	0.01078	0.00447	0.00425
8	0.01267	0.01299	0.05343	0.29878	0.21029	0.04344	0.01479	0.01729	0.06923	0.01844	0.04711	0.07026	0.08874	0.00830	0.00645	0.00202	0.00695	0.00732	0.00380	0.00770
9	0.34412	0.01611	0.01521	0.01233	0.01671	0.09915	0.03982	0.27824	0.01900	0.08608	0.01249	0.01317	0.00909	0.00660	0.00526	0.00188	0.00657	0.00466	0.00493	0.00858

[dist]
# distance from previous block
# <min> <max>
0	1

[block]
# block no. 6 follows, 36 sequences, length 20
# corresponding to MSA columns:
# 270-289
name=unknown_G
#
# <colnr> <probs for GDERKNQSTAVLIFYWHMCP>
#	G	D	E	R	K	N	Q	S	T	A	V	L	I	F	Y	W	H	M	C	P
0	0.05287	0.01763	0.01703	0.06774	0.01986	0.12943	0.01152	0.40113	0.14443	0.03082	0.01554	0.01595	0.01147	0.00732	0.00601	0.00188	0.00711	0.00552	0.02734	0.00941
1	0.01516	0.01454	0.02482	0.09043	0.69203	0.01473	0.01899	0.01889	0.01406	0.02004	0.01167	0.01551	0.00976	0.00560	0.00617	0.00187	0.00747	0.00555	0.00306	0.00966
2	0.00890	0.00718	0.00850	0.06027	0.01145	0.02957	0.00638	0.01090	0.01447	0.01904	0.29294	0.20222	0.20269	0.08591	0.00962	0.00249	0.00405	0.01225	0.00570	0.00548
3	0.00833	0.00716	0.03264	0.00768	0.00957	0.00589	0.00604	0.01079	0.01584	0.02121	0.41990	0.10262	0.30142	0.01409	0.00735	0.00205	0.00328	0.01218	0.00625	0.00571
4	0.00979	0.00699	0.00976	0.01119	0.01252	0.00696	0.00961	0.01248	0.01410	0.01837	0.03313	0.14170	0.03640	0.01744	0.00854	0.00283	0.00552	0.63125	0.00574	0.00567
5	0.01378	0.01121	0.01353	0.01058	0.04645	0.00863	0.00798	0.01657	0.01322	0.05647	0.01177	0.01344	0.00956	0.00481	0.00476	0.00101	0.00477	0.00390	0.00387	0.74367
6	0.01250	0.03223	0.74875	0.01776	0.02697	0.01447	0.02302	0.01973	0.01315	0.01973	0.01118	0.01315	0.00789	0.00592	0.00592	0.00197	0.00921	0.00460	0.00263	0.00921
7	0.00890	0.00668	0.01001	0.01001	0.01113	0.00779	0.00779	0.01113	0.01001	0.01446	0.01669	0.02448	0.01558	0.04673	0.75634	0.01001	0.01669	0.00668	0.00334	0.00556
8	0.00907	0.00678	0.00847	0.00797	0.00963	0.00639	0.00600	0.01274	0.05987	0.02421	0.62700	0.04653	0.12622	0.01279	0.00729	0.00198	0.00308	0.01121	0.00672	0.00605
9	0.00841	0.00633	0.00765	0.00733	0.00890	0.00571	0.00542	0.01078	0.01613	0.02185	0.49991	0.05009	0.25413	0.05949	0.00881	0.00225	0.00319	0.01168	0.00636	0.00557
10	0.82504	0.01205	0.00916	0.00819	0.01205	0.01398	0.00675	0.01832	0.01060	0.02795	0.00868	0.01012	0.00675	0.00578	0.00386	0.00193	0.00482	0.00337	0.00386	0.00675
11	0.04379	0.01676	0.11811	0.02114	0.02678	0.01406	0.45516	0.01940	0.05724	0.02077	0.06477	0.03840	0.01548	0.00712	0.00708	0.00213	0.00883	0.05109	0.00378	0.00811
12	0.04483	0.01517	0.02206	0.15068	0.39744	0.05221	0.04117	0.11333	0.06191	0.02251	0.01274	0.01571	0.01008	0.00615	0.00613	0.00191	0.00753	0.00556	0.00370	0.00919
13	0.03890	0.06796	0.02060	0.09820	0.30704	0.01323	0.05068	0.01841	0.03842	0.05336	0.05350	0.01901	0.03353	0.00650	0.00590	0.00174	0.00649	0.01712	0.00380	0.14562
14	0.04445	0.04045	0.02129	0.02633	0.41350	0.01348	0.04529	0.04690	0.01497	0.08581	0.05792	0.02005	0.02941	0.00691	0.00647	0.00185	0.02408	0.02961	0.00405	0.06720
15	0.04289	0.01437	0.02366	0.06074	0.47031	0.01429	0.09338	0.04710	0.03993	0.04693	0.01269	0.01569	0.01015	0.00573	0.00610	0.00182	0.00727	0.00560	0.00356	0.07779
16	0.01540	0.04421	0.09712	0.07589	0.27320	0.06766	0.03052	0.09206	0.03968	0.02161	0.02805	0.01881	0.03599	0.00680	0.00599	0.00181	0.00714	0.02514	0.04419	0.06872
17	0.06146	0.01399	0.02035	0.11297	0.36548	0.04977	0.03289	0.04439	0.05487	0.11970	0.05216	0.01794	0.01327	0.00657	0.00614	0.00191	0.00696	0.00588	0.00421	0.00910
18	0.01518	0.01416	0.02187	0.14080	0.48779	0.04365	0.01673	0.01950	0.05254	0.04040	0.03967	0.01705	0.01200	0.00613	0.00614	0.00185	0.00720	0.00571	0.00352	0.04812
19	0.04812	0.01644	0.01881	0.12340	0.19063	0.17600	0.06035	0.08579	0.05627	0.02086	0.05016	0.01964	0.04892	0.03130	0.00693	0.00200	0.00771	0.00611	0.02256	0.00803

[dist]
# distance from previous block
# <min> <max>
0	12

[block]
# block no. 7 follows, 36 sequences, length 21
# corresponding to MSA columns:
# 302-322
name=unknown_H
#
# <colnr> <probs for GDERKNQSTAVLIFYWHMCP>
#	G	D	E	R	K	N	Q	S	T	A	V	L	I	F	Y	W	H	M	C	P
0	0.05212	0.06515	0.04534	0.02000	0.23077	0.07717	0.04218	0.05199	0.01462	0.05943	0.02979	0.06013	0.01248	0.00685	0.00631	0.00170	0.03745	0.00572	0.00385	0.17695
1	0.04323	0.05298	0.08369	0.04872	0.06775	0.08095	0.03603	0.13059	0.06786	0.10318	0.04905	0.04799	0.05189	0.00770	0.00599	0.00180	0.00657	0.00629	0.00476	0.10296
2	0.03834	0.06098	0.10220	0.01622	0.10050	0.08708	0.05906	0.11004	0.07034	0.04595	0.03203	0.05941	0.06276	0.00819	0.00616	0.00187	0.00685	0.04025	0.00443	0.08734
3	0.01725	0.06479	0.07518	0.02676	0.34360	0.10261	0.11833	0.08102	0.04588	0.04625	0.01267	0.01513	0.00998	0.00598	0.00614	0.00185	0.00816	0.00552	0.00362	0.00927
4	0.05801	0.05964	0.14587	0.06210	0.08486	0.03295	0.01224	0.06527	0.05959	0.05985	0.11524	0.02525	0.09025	0.02348	0.00660	0.00196	0.00613	0.02187	0.00455	0.06429
5	0.07632	0.17695	0.12339	0.10226	0.06571	0.03544	0.01269	0.08195	0.01442	0.02036	0.04294	0.02050	0.03728	0.03425	0.00714	0.00201	0.04145	0.04305	0.05423	0.00765
6	0.06425	0.01259	0.01802	0.15452	0.25508	0.03494	0.01359	0.03678	0.01464	0.17936	0.01789	0.04349	0.05490	0.00747	0.00668	0.00194	0.03644	0.00631	0.00442	0.03666
7	0.12824	0.04234	0.01787	0.01718	0.14147	0.10552	0.03296	0.17232	0.09685	0.12791	0.01594	0.04730	0.01240	0.00729	0.00587	0.00189	0.00675	0.00583	0.00499	0.00908
8	0.16784	0.01393	0.01891	0.04800	0.33779	0.04284	0.03426	0.09077	0.01564	0.06814	0.06847	0.01833	0.03517	0.00682	0.00589	0.00189	0.00654	0.00584	0.00420	0.00872
9	0.04689	0.02333	0.37393	0.02020	0.09315	0.01476	0.16536	0.06425	0.05118	0.06790	0.01324	0.01515	0.00957	0.00608	0.00622	0.00198	0.00853	0.00551	0.00356	0.00921
10	0.00752	0.00569	0.00696	0.00797	0.00885	0.00512	0.00547	0.00876	0.01261	0.01618	0.04294	0.56278	0.24985	0.01840	0.00778	0.00240	0.00348	0.01635	0.00578	0.00512
11	0.01461	0.01344	0.02272	0.07496	0.46842	0.01359	0.08539	0.01901	0.06058	0.03945	0.01503	0.05384	0.01331	0.05152	0.00792	0.00221	0.00725	0.02423	0.00364	0.00889
12	0.00759	0.00542	0.00723	0.00868	0.00904	0.00506	0.00578	0.00868	0.01193	0.01591	0.03434	0.77697	0.04121	0.01952	0.00795	0.00253	0.00361	0.01771	0.00578	0.00506
13	0.07140	0.35795	0.02587	0.01383	0.01869	0.13842	0.08925	0.14472	0.04921	0.02108	0.01113	0.01244	0.00904	0.00605	0.00512	0.00163	0.00765	0.00446	0.00368	0.00838
14	0.01363	0.01363	0.01908	0.01636	0.01636	0.01908	0.01363	0.01499	0.00954	0.01499	0.00818	0.01363	0.00818	0.01091	0.02045	0.00273	0.76963	0.00545	0.00273	0.00682
15	0.00758	0.00547	0.00718	0.00854	0.00900	0.00507	0.00572	0.00869	0.01206	0.01596	0.03600	0.73556	0.08154	0.01930	0.00792	0.00251	0.00359	0.01745	0.00578	0.00507
16	0.01253	0.05392	0.11387	0.01513	0.04322	0.04842	0.10222	0.01620	0.03695	0.03258	0.01939	0.11528	0.01922	0.03408	0.11392	0.00346	0.07194	0.13658	0.00405	0.00705
17	0.01395	0.22745	0.44074	0.01573	0.02299	0.04772	0.06336	0.01906	0.01319	0.01789	0.01202	0.01452	0.02506	0.03344	0.00644	0.00194	0.00846	0.00477	0.00281	0.00847
18	0.03206	0.18249	0.34439	0.01333	0.01928	0.01444	0.01491	0.03362	0.01313	0.01864	0.04568	0.05594	0.01412	0.05126	0.05038	0.00252	0.00784	0.02887	0.00336	0.05374
19	0.05252	0.43880	0.27535	0.01336	0.01980	0.07250	0.01481	0.01945	0.01309	0.01704	0.00959	0.01117	0.00791	0.00563	0.00476	0.00160	0.00777	0.00382	0.00275	0.00830
20	0.04325	0.22991	0.44909	0.01617	0.04232	0.03936	0.04246	0.01979	0.01326	0.03566	0.01076	0.01253	0.00817	0.00578	0.00539	0.00179	0.00834	0.00436	0.00285	0.00876

[dist]
# distance from previous block
# <min> <max>
0	15

# created by:
# /home/cegg/simao/soft/augustus-3.2.1/scripts/msa2prfl.pl ./align_prep/EOG090W0M5Q.fa
