[name]
unknown

[dist]
# distance from previous block
# <min> <max>
0	32

[block]
# block no. 0 follows, 34 sequences, length 27
# corresponding to MSA columns:
# 34-60
name=unknown_A
#
# <colnr> <probs for GDERKNQSTAVLIFYWHMCP>
#	G	D	E	R	K	N	Q	S	T	A	V	L	I	F	Y	W	H	M	C	P
0	0.01385	0.12526	0.01497	0.01175	0.01442	0.01159	0.01032	0.09374	0.01662	0.05280	0.05690	0.05218	0.02930	0.01390	0.00763	0.00249	0.00599	0.42879	0.03040	0.00710
1	0.01328	0.21670	0.45062	0.01513	0.02228	0.01619	0.01793	0.01844	0.01332	0.01853	0.01457	0.12719	0.01345	0.00812	0.00596	0.00197	0.00800	0.00650	0.00323	0.00858
2	0.05969	0.39407	0.12748	0.08856	0.02153	0.13969	0.01364	0.05547	0.01479	0.01820	0.01010	0.01200	0.00838	0.00603	0.00505	0.00166	0.00814	0.00411	0.00312	0.00830
3	0.00809	0.00582	0.00760	0.00870	0.00931	0.00541	0.00590	0.00948	0.01322	0.01775	0.13519	0.61175	0.07436	0.04378	0.00894	0.00264	0.00371	0.01692	0.00609	0.00533
4	0.00873	0.00637	0.00843	0.00966	0.01064	0.00607	0.00734	0.01059	0.01356	0.01776	0.05941	0.42596	0.11799	0.01957	0.02774	0.00287	0.00473	0.23110	0.00595	0.00553
5	0.01418	0.29343	0.43159	0.01517	0.02262	0.01817	0.01807	0.01935	0.01320	0.01816	0.01114	0.01344	0.00887	0.00935	0.06544	0.00249	0.00925	0.00448	0.00280	0.00880
6	0.01599	0.01535	0.02623	0.03966	0.73262	0.01535	0.01983	0.01983	0.01471	0.02111	0.01215	0.01599	0.01023	0.00576	0.00640	0.00192	0.00768	0.00576	0.00320	0.01023
7	0.00787	0.00562	0.00750	0.00900	0.00937	0.00525	0.00600	0.00900	0.01237	0.01649	0.03561	0.76871	0.04274	0.02024	0.00825	0.00262	0.00375	0.01837	0.00600	0.00525
8	0.01609	0.01501	0.02465	0.14507	0.52325	0.01564	0.04198	0.07580	0.03916	0.02218	0.01282	0.01646	0.01035	0.00611	0.00646	0.00197	0.00780	0.00587	0.00353	0.00978
9	0.00805	0.00599	0.00751	0.00846	0.00939	0.00546	0.00591	0.00956	0.01364	0.01787	0.12099	0.51045	0.19427	0.01852	0.00806	0.00247	0.00364	0.03821	0.00612	0.00541
10	0.00786	0.00567	0.00745	0.00887	0.00934	0.00526	0.00594	0.00901	0.01249	0.01654	0.03713	0.73274	0.07772	0.02005	0.00822	0.00260	0.00372	0.01813	0.00600	0.00526
11	0.02208	0.02706	0.01977	0.04071	0.14474	0.57680	0.01396	0.02419	0.01727	0.01675	0.01036	0.01264	0.00867	0.00664	0.00643	0.00176	0.03443	0.00453	0.00328	0.00795
12	0.00900	0.00683	0.00964	0.00964	0.01090	0.00759	0.00740	0.01109	0.01100	0.01525	0.02474	0.03176	0.12463	0.07787	0.60148	0.00895	0.01466	0.00806	0.00387	0.00563
13	0.01556	0.44193	0.27025	0.01502	0.02180	0.02110	0.07197	0.01971	0.01337	0.01742	0.01017	0.01215	0.00838	0.00591	0.00564	0.00172	0.03208	0.00430	0.00279	0.00871
14	0.01737	0.05879	0.11475	0.06866	0.21439	0.06142	0.05706	0.06082	0.09988	0.10601	0.01873	0.01995	0.05882	0.00731	0.00640	0.00198	0.00750	0.00631	0.00444	0.00940
15	0.01340	0.05363	0.50383	0.01837	0.04831	0.04463	0.06418	0.01925	0.01360	0.01945	0.01362	0.08498	0.01164	0.00773	0.00730	0.00212	0.05576	0.00625	0.00312	0.00883
16	0.00880	0.00607	0.00749	0.00806	0.00830	0.00602	0.00505	0.00942	0.01061	0.01424	0.02592	0.31760	0.03023	0.42758	0.08134	0.00521	0.00620	0.01261	0.00467	0.00457
17	0.00931	0.00736	0.00981	0.12185	0.01495	0.00746	0.00780	0.01235	0.04803	0.01985	0.24454	0.26914	0.14862	0.03902	0.00840	0.00240	0.00435	0.01289	0.00582	0.00602
18	0.01524	0.01449	0.02216	0.13734	0.22210	0.03768	0.11685	0.06297	0.04852	0.02134	0.01348	0.03992	0.01119	0.00656	0.00680	0.00185	0.03307	0.00605	0.00374	0.17867
19	0.05900	0.20741	0.36313	0.01756	0.02501	0.03460	0.14417	0.04204	0.01430	0.02024	0.01118	0.01339	0.00853	0.00592	0.00582	0.00190	0.00888	0.00493	0.00304	0.00895
20	0.00872	0.00645	0.00812	0.00892	0.00989	0.00620	0.00640	0.01078	0.03577	0.01752	0.08799	0.39063	0.14342	0.09522	0.05071	0.00333	0.00491	0.09381	0.00575	0.00548
21	0.01593	0.01552	0.02719	0.03865	0.67604	0.01543	0.07564	0.01990	0.01476	0.02108	0.01223	0.01611	0.01020	0.00573	0.00650	0.00194	0.00794	0.00591	0.00320	0.01011
22	0.00996	0.00720	0.00984	0.01121	0.01265	0.00708	0.00957	0.01265	0.01463	0.01892	0.03677	0.13764	0.09146	0.01796	0.00876	0.00288	0.00553	0.57350	0.00596	0.00585
23	0.01568	0.01503	0.02566	0.09881	0.67591	0.01527	0.01967	0.01956	0.01456	0.02073	0.01210	0.01609	0.01010	0.00581	0.00640	0.00194	0.00775	0.00576	0.00317	0.00998
24	0.01537	0.01201	0.01572	0.04665	0.01811	0.01013	0.05319	0.04107	0.01443	0.09488	0.01320	0.01505	0.01035	0.00640	0.02085	0.00147	0.02558	0.00461	0.00423	0.57671
25	0.00811	0.00623	0.00749	0.00834	0.00959	0.00561	0.00608	0.00971	0.01377	0.01748	0.06695	0.38597	0.31597	0.01822	0.00807	0.00247	0.00380	0.09467	0.00602	0.00544
26	0.02249	0.02306	0.01821	0.01550	0.01907	0.36304	0.01218	0.26448	0.04529	0.02523	0.01278	0.01419	0.01000	0.00762	0.00759	0.00189	0.08605	0.00508	0.03756	0.00870

[dist]
# distance from previous block
# <min> <max>
0	7

[block]
# block no. 1 follows, 34 sequences, length 30
# corresponding to MSA columns:
# 68-97
name=unknown_B
#
# <colnr> <probs for GDERKNQSTAVLIFYWHMCP>
#	G	D	E	R	K	N	Q	S	T	A	V	L	I	F	Y	W	H	M	C	P
0	0.01256	0.01185	0.02002	0.68997	0.10915	0.01445	0.01812	0.01682	0.01309	0.01694	0.01155	0.01711	0.00877	0.00639	0.00645	0.00213	0.00853	0.00574	0.00290	0.00746
1	0.01217	0.01111	0.01421	0.01285	0.01330	0.04600	0.01003	0.01349	0.01028	0.01469	0.01370	0.02372	0.01408	0.20424	0.21163	0.00556	0.35285	0.00682	0.00328	0.00599
2	0.00951	0.00734	0.01093	0.01076	0.01185	0.00875	0.00843	0.01177	0.01036	0.01503	0.01680	0.02474	0.01571	0.04632	0.70547	0.00995	0.06018	0.00685	0.00342	0.00584
3	0.00940	0.00626	0.00705	0.00705	0.00705	0.00626	0.00392	0.00940	0.00940	0.01253	0.02036	0.04228	0.02349	0.77292	0.03289	0.00626	0.00626	0.00940	0.00392	0.00392
4	0.01431	0.00894	0.01053	0.00970	0.01198	0.05049	0.00748	0.01687	0.01725	0.18109	0.37530	0.13266	0.06413	0.01297	0.00744	0.00215	0.00440	0.05836	0.00683	0.00713
5	0.01239	0.01087	0.03553	0.03452	0.19545	0.01034	0.01093	0.03347	0.10498	0.04125	0.15919	0.15445	0.14672	0.01180	0.00715	0.00215	0.00512	0.01043	0.00546	0.00780
6	0.04999	0.01473	0.04072	0.01389	0.01913	0.01387	0.09522	0.22360	0.07537	0.09615	0.05758	0.01813	0.01432	0.00695	0.00611	0.00173	0.00636	0.00588	0.00531	0.23497
7	0.01553	0.01336	0.01591	0.01714	0.13975	0.01488	0.01128	0.05541	0.48585	0.02494	0.02326	0.05060	0.01888	0.07337	0.00883	0.00250	0.00568	0.00755	0.00574	0.00955
8	0.02414	0.03079	0.01831	0.01665	0.01998	0.74698	0.01248	0.02580	0.01831	0.01581	0.00999	0.01165	0.00832	0.00666	0.00583	0.00166	0.01165	0.00416	0.00333	0.00749
9	0.01437	0.01206	0.01392	0.01003	0.01572	0.00961	0.00806	0.07669	0.01488	0.02276	0.01183	0.01358	0.00969	0.00504	0.00493	0.00104	0.00499	0.00400	0.00406	0.74273
10	0.66823	0.01279	0.01001	0.00919	0.01282	0.05385	0.00752	0.01856	0.01210	0.02735	0.05013	0.01744	0.01234	0.00734	0.00468	0.00206	0.00533	0.05708	0.00428	0.00689
11	0.01311	0.05945	0.71474	0.01816	0.02757	0.01538	0.02342	0.02042	0.01362	0.02028	0.01150	0.01353	0.00819	0.00612	0.00607	0.00202	0.00946	0.00473	0.00273	0.00951
12	0.01525	0.01743	0.03813	0.02723	0.03377	0.01634	0.70915	0.02070	0.01525	0.02070	0.01307	0.01743	0.00980	0.00545	0.00763	0.00218	0.01089	0.00763	0.00327	0.00871
13	0.00940	0.00626	0.00705	0.00705	0.00705	0.00626	0.00392	0.00940	0.00940	0.01253	0.02036	0.04228	0.02349	0.77292	0.03289	0.00626	0.00626	0.00940	0.00392	0.00392
14	0.00987	0.00712	0.00956	0.00939	0.01030	0.00790	0.00679	0.03746	0.01080	0.01512	0.01830	0.03090	0.01851	0.29940	0.47008	0.00863	0.01307	0.00774	0.00373	0.00532
15	0.01220	0.00877	0.01108	0.01133	0.01331	0.00902	0.00927	0.06969	0.10259	0.04353	0.12439	0.16265	0.03640	0.01541	0.00810	0.00259	0.00521	0.34126	0.00629	0.00693
16	0.00940	0.00626	0.00705	0.00705	0.00705	0.00626	0.00392	0.00940	0.00940	0.01253	0.02036	0.04228	0.02349	0.77292	0.03289	0.00626	0.00626	0.00940	0.00392	0.00392
17	0.01809	0.01273	0.01420	0.01229	0.01604	0.01388	0.00968	0.07824	0.45634	0.15657	0.09326	0.02660	0.04459	0.00922	0.00669	0.00212	0.00507	0.00767	0.00686	0.00988
18	0.01975	0.01369	0.01513	0.01247	0.01623	0.01469	0.00994	0.43030	0.04186	0.07955	0.02246	0.17260	0.03947	0.01059	0.00672	0.00206	0.00583	0.00872	0.06869	0.00925
19	0.00874	0.00681	0.00804	0.00875	0.01001	0.00651	0.00616	0.01193	0.09072	0.01817	0.06158	0.47229	0.23086	0.01772	0.00788	0.00244	0.00375	0.01567	0.00609	0.00587
20	0.02285	0.00998	0.01241	0.01003	0.01388	0.00931	0.00812	0.07074	0.04221	0.43959	0.02346	0.02231	0.01598	0.00786	0.00587	0.00184	0.00480	0.00633	0.26306	0.00938
21	0.04718	0.00995	0.01346	0.01074	0.01474	0.00884	0.00863	0.02645	0.01671	0.56383	0.06338	0.02282	0.01760	0.01048	0.00940	0.12750	0.00536	0.00658	0.00703	0.00933
22	0.01114	0.00567	0.00850	0.00850	0.00856	0.00572	0.00572	0.00856	0.00850	0.01139	0.01149	0.01990	0.01144	0.02360	0.05721	0.77653	0.00613	0.00567	0.00283	0.00294
23	0.00787	0.00562	0.00750	0.00900	0.00937	0.00525	0.00600	0.00900	0.01237	0.01649	0.03561	0.76871	0.04274	0.02024	0.00825	0.00262	0.00375	0.01837	0.00600	0.00525
24	0.00826	0.00645	0.00664	0.00666	0.00866	0.00555	0.00497	0.01013	0.01471	0.01871	0.09816	0.08183	0.58100	0.01526	0.00728	0.00211	0.00325	0.01278	0.10202	0.00555
25	0.01286	0.01311	0.04699	0.60030	0.11724	0.01463	0.06912	0.01731	0.01331	0.01745	0.01168	0.01698	0.00886	0.00630	0.00653	0.00213	0.00871	0.00585	0.00293	0.00770
26	0.01559	0.01619	0.06787	0.07978	0.65142	0.01527	0.01996	0.01968	0.01455	0.02081	0.01208	0.01592	0.01002	0.00582	0.00639	0.00194	0.00784	0.00570	0.00315	0.01002
27	0.01643	0.01019	0.01187	0.01045	0.01346	0.01025	0.00820	0.14417	0.10019	0.16155	0.09655	0.14689	0.12222	0.01192	0.00695	0.00213	0.00474	0.03656	0.07712	0.00817
28	0.81856	0.01250	0.00950	0.00850	0.01250	0.01449	0.00700	0.01899	0.01100	0.02899	0.00900	0.01050	0.00700	0.00600	0.00400	0.00200	0.00500	0.00350	0.00400	0.00700
29	0.05523	0.01422	0.02244	0.10757	0.47897	0.03293	0.04319	0.01885	0.03415	0.02060	0.01717	0.04649	0.06566	0.00726	0.00648	0.00200	0.00732	0.00676	0.00362	0.00908

[dist]
# distance from previous block
# <min> <max>
0	1

[block]
# block no. 2 follows, 34 sequences, length 58
# corresponding to MSA columns:
# 99-156
name=unknown_C
#
# <colnr> <probs for GDERKNQSTAVLIFYWHMCP>
#	G	D	E	R	K	N	Q	S	T	A	V	L	I	F	Y	W	H	M	C	P
0	0.01899	0.16542	0.06016	0.01685	0.10295	0.16444	0.01284	0.14393	0.13964	0.02332	0.01405	0.01500	0.01108	0.00670	0.00574	0.00174	0.00763	0.00505	0.00432	0.08016
1	0.00959	0.00649	0.00768	0.00797	0.00825	0.00649	0.00515	0.01015	0.01043	0.01382	0.02298	0.04808	0.02609	0.62981	0.02835	0.00564	0.00620	0.13823	0.00430	0.00430
2	0.05901	0.24591	0.35126	0.01618	0.03981	0.01761	0.07124	0.02064	0.01381	0.06588	0.01172	0.01340	0.00888	0.00597	0.00554	0.00182	0.00817	0.00465	0.00324	0.03527
3	0.01469	0.01471	0.02783	0.13787	0.05300	0.01453	0.38221	0.02068	0.08404	0.03750	0.01519	0.02015	0.01198	0.00751	0.02549	0.00229	0.00913	0.03406	0.00380	0.08335
4	0.01340	0.01148	0.01340	0.00957	0.01531	0.00861	0.00766	0.01627	0.01340	0.02105	0.01148	0.01340	0.00957	0.00479	0.00479	0.00096	0.00479	0.00383	0.00383	0.81242
5	0.01634	0.01907	0.03570	0.02594	0.03208	0.10583	0.62382	0.02132	0.01563	0.02010	0.01269	0.01672	0.00962	0.00560	0.00740	0.00212	0.01099	0.00720	0.00328	0.00856
6	0.01296	0.03342	0.73944	0.01842	0.02797	0.01501	0.02387	0.02046	0.01364	0.02046	0.01160	0.01364	0.00818	0.00614	0.00614	0.00205	0.00955	0.00477	0.00273	0.00955
7	0.01447	0.11357	0.10462	0.01261	0.03439	0.01391	0.01082	0.16815	0.01544	0.02098	0.01548	0.02321	0.01437	0.19513	0.19229	0.00495	0.02767	0.00648	0.00403	0.00743
8	0.01727	0.77681	0.03386	0.01106	0.01658	0.02557	0.01106	0.01935	0.01313	0.01520	0.00898	0.01036	0.00829	0.00553	0.00415	0.00138	0.00691	0.00345	0.00276	0.00829
9	0.01727	0.77681	0.03386	0.01106	0.01658	0.02557	0.01106	0.01935	0.01313	0.01520	0.00898	0.01036	0.00829	0.00553	0.00415	0.00138	0.00691	0.00345	0.00276	0.00829
10	0.01340	0.01148	0.01340	0.00957	0.01531	0.00861	0.00766	0.01627	0.01340	0.02105	0.01148	0.01340	0.00957	0.00479	0.00479	0.00096	0.00479	0.00383	0.00383	0.81242
11	0.02414	0.03079	0.01831	0.01665	0.01998	0.74698	0.01248	0.02580	0.01831	0.01581	0.00999	0.01165	0.00832	0.00666	0.00583	0.00166	0.01165	0.00416	0.00333	0.00749
12	0.02034	0.08698	0.01749	0.01276	0.01707	0.01611	0.01055	0.29167	0.17697	0.13380	0.07368	0.02439	0.03842	0.00894	0.00651	0.00201	0.00595	0.04019	0.00637	0.00980
13	0.01325	0.01047	0.01167	0.01067	0.01350	0.01122	0.00826	0.02379	0.37354	0.05294	0.23974	0.03746	0.12857	0.01129	0.00708	0.00215	0.00429	0.02511	0.00670	0.00829
14	0.00863	0.00673	0.00705	0.00687	0.00912	0.00567	0.00519	0.01041	0.01516	0.04772	0.11490	0.05946	0.64911	0.01578	0.00759	0.00216	0.00335	0.01319	0.00617	0.00573
15	0.02624	0.01521	0.04939	0.01356	0.01881	0.03839	0.03166	0.25666	0.02213	0.42815	0.02067	0.01898	0.01354	0.00771	0.00648	0.00198	0.00658	0.00615	0.00696	0.01074
16	0.01854	0.03263	0.04254	0.10212	0.19631	0.09325	0.01386	0.18426	0.01863	0.09406	0.01818	0.07996	0.04331	0.02498	0.00709	0.00209	0.00737	0.00703	0.00476	0.00905
17	0.00773	0.00655	0.00668	0.00664	0.00879	0.00549	0.00498	0.00945	0.01495	0.01798	0.10675	0.06132	0.68837	0.01617	0.00764	0.00217	0.00326	0.01352	0.00607	0.00549
18	0.00809	0.00607	0.00746	0.00837	0.00936	0.00552	0.00588	0.00954	0.01342	0.01736	0.08606	0.46321	0.23070	0.04692	0.00901	0.00262	0.00380	0.05528	0.00599	0.00535
19	0.04309	0.40623	0.11184	0.05351	0.09181	0.03848	0.10843	0.01938	0.01365	0.01772	0.01116	0.03727	0.00977	0.00618	0.00535	0.00173	0.00786	0.00502	0.00304	0.00847
20	0.01333	0.00805	0.01031	0.00936	0.01138	0.00803	0.00722	0.03388	0.01558	0.14568	0.23883	0.09035	0.11663	0.04607	0.09273	0.00320	0.05430	0.00983	0.07838	0.00687
21	0.00887	0.00609	0.00799	0.00896	0.00982	0.00563	0.00629	0.01043	0.01365	0.04221	0.12765	0.56340	0.09129	0.01852	0.00810	0.00251	0.00380	0.05298	0.00621	0.00560
22	0.04682	0.03770	0.08464	0.43789	0.13600	0.03664	0.09356	0.01824	0.01358	0.01841	0.01154	0.01612	0.00885	0.00618	0.00636	0.00207	0.00870	0.00566	0.00301	0.00802
23	0.03618	0.10952	0.41682	0.01850	0.08334	0.05581	0.03738	0.06991	0.03547	0.05997	0.01268	0.01427	0.00933	0.00633	0.00597	0.00194	0.00862	0.00496	0.00350	0.00947
24	0.01154	0.01140	0.03291	0.01450	0.12142	0.08639	0.00980	0.01423	0.03228	0.01832	0.03834	0.17312	0.26576	0.01418	0.00752	0.00230	0.00560	0.12850	0.00520	0.00668
25	0.22873	0.36573	0.13238	0.01218	0.01760	0.08088	0.01215	0.03495	0.01337	0.02025	0.00960	0.01120	0.00800	0.00602	0.00500	0.00172	0.02509	0.00383	0.00321	0.00810
26	0.00913	0.00671	0.00805	0.00790	0.00972	0.00598	0.00601	0.01149	0.01632	0.04183	0.36001	0.09363	0.32341	0.01501	0.00772	0.00219	0.00344	0.05897	0.00656	0.00592
27	0.01882	0.01497	0.01484	0.01169	0.01661	0.13124	0.00931	0.06504	0.05368	0.15553	0.01566	0.01742	0.01212	0.00653	0.00562	0.00146	0.00625	0.02777	0.00491	0.41054
28	0.00970	0.00763	0.00917	0.00860	0.01045	0.00749	0.00654	0.01397	0.09186	0.02363	0.46947	0.04781	0.21510	0.01342	0.00800	0.00211	0.03051	0.01147	0.00664	0.00642
29	0.01680	0.50268	0.18896	0.01329	0.01942	0.08177	0.01398	0.02105	0.05724	0.01715	0.01071	0.01205	0.00897	0.00596	0.00488	0.00160	0.00778	0.00404	0.00304	0.00863
30	0.00940	0.00626	0.00705	0.00705	0.00705	0.00626	0.00392	0.00940	0.00940	0.01253	0.02036	0.04228	0.02349	0.77292	0.03289	0.00626	0.00626	0.00940	0.00392	0.00392
31	0.04454	0.01416	0.01877	0.01396	0.01926	0.01350	0.11269	0.18617	0.04080	0.06366	0.01369	0.01524	0.01048	0.00623	0.00646	0.00159	0.03986	0.00519	0.00465	0.36909
32	0.01612	0.01244	0.01434	0.01063	0.01609	0.01065	0.00855	0.10355	0.07030	0.07709	0.01416	0.01512	0.01100	0.00569	0.00525	0.00125	0.00515	0.00454	0.00467	0.59341
33	0.02227	0.02524	0.01834	0.01609	0.01934	0.47738	0.01246	0.13499	0.08090	0.02075	0.01212	0.01367	0.00977	0.00759	0.00788	0.00190	0.10215	0.00489	0.00405	0.00824
34	0.01560	0.01495	0.02551	0.11471	0.66067	0.01525	0.01963	0.01948	0.01453	0.02063	0.01208	0.01612	0.01007	0.00583	0.00640	0.00194	0.00777	0.00576	0.00316	0.00992
35	0.00786	0.00566	0.00746	0.00890	0.00935	0.00526	0.00596	0.00901	0.01246	0.01653	0.03674	0.74213	0.06859	0.02010	0.00822	0.00261	0.00373	0.01819	0.00600	0.00526
36	0.01327	0.01240	0.01970	0.02863	0.48651	0.01207	0.01500	0.01642	0.01472	0.01995	0.02890	0.03218	0.22440	0.00943	0.00688	0.00204	0.00630	0.03841	0.00415	0.00863
37	0.01482	0.01579	0.03181	0.18893	0.07275	0.01565	0.47064	0.03984	0.01508	0.02039	0.01268	0.01709	0.00959	0.00573	0.00716	0.00210	0.00986	0.00691	0.00329	0.03990
38	0.81856	0.01250	0.00950	0.00850	0.01250	0.01449	0.00700	0.01899	0.01100	0.02899	0.00900	0.01050	0.00700	0.00600	0.00400	0.00200	0.00500	0.00350	0.00400	0.00700
39	0.04144	0.01017	0.01234	0.01036	0.01347	0.01019	0.00816	0.14254	0.03439	0.23165	0.16175	0.02753	0.02430	0.06210	0.07406	0.02914	0.00612	0.00749	0.08456	0.00822
40	0.81856	0.01250	0.00950	0.00850	0.01250	0.01449	0.00700	0.01899	0.01100	0.02899	0.00900	0.01050	0.00700	0.00600	0.00400	0.00200	0.00500	0.00350	0.00400	0.00700
41	0.01426	0.10115	0.36148	0.01497	0.02185	0.01420	0.04335	0.03866	0.01398	0.04343	0.03508	0.01519	0.01076	0.00717	0.00733	0.04550	0.03316	0.00494	0.00340	0.17013
42	0.01319	0.01321	0.01925	0.01569	0.01810	0.05874	0.16540	0.03788	0.01350	0.01800	0.04344	0.02792	0.15673	0.05511	0.07939	0.00329	0.24215	0.00810	0.00395	0.00695
43	0.01658	0.00888	0.01033	0.00902	0.01172	0.03163	0.00704	0.02024	0.05487	0.23009	0.25558	0.03105	0.03093	0.00957	0.00626	0.00186	0.00413	0.00803	0.24442	0.00775
44	0.00907	0.00650	0.00777	0.00788	0.00933	0.00604	0.00574	0.01180	0.03577	0.02167	0.31507	0.21784	0.19445	0.01473	0.00736	0.00214	0.00332	0.01287	0.10479	0.00587
45	0.01135	0.00923	0.01307	0.01188	0.01367	0.03100	0.06852	0.06383	0.01267	0.01732	0.01865	0.05761	0.01823	0.14587	0.43286	0.00749	0.01306	0.04355	0.00396	0.00617
46	0.00879	0.00653	0.00757	0.00731	0.00910	0.00583	0.00548	0.01127	0.01645	0.02236	0.40181	0.05176	0.32545	0.01398	0.00736	0.00205	0.00314	0.01198	0.07594	0.00583
47	0.00807	0.00576	0.00772	0.00922	0.00968	0.00542	0.00634	0.00933	0.01256	0.01671	0.03550	0.71516	0.04231	0.02006	0.00830	0.00265	0.00392	0.06998	0.00599	0.00530
48	0.01831	0.56758	0.05904	0.01244	0.01769	0.13357	0.01179	0.04362	0.05270	0.01698	0.01039	0.01160	0.00900	0.00597	0.00469	0.00151	0.00765	0.00390	0.00317	0.00841
49	0.01755	0.01691	0.01798	0.01672	0.08498	0.19408	0.08427	0.10363	0.06451	0.04835	0.10299	0.02320	0.06166	0.00936	0.02340	0.00214	0.04655	0.00693	0.06665	0.00814
50	0.00792	0.00564	0.00748	0.00893	0.00930	0.00528	0.00593	0.00901	0.01227	0.01636	0.03512	0.74502	0.04211	0.04478	0.00905	0.00274	0.00383	0.01808	0.00593	0.00520
51	0.02845	0.01137	0.01516	0.01168	0.01665	0.01011	0.00963	0.05954	0.03857	0.68864	0.02510	0.02178	0.01589	0.00801	0.00650	0.00200	0.00555	0.00649	0.00789	0.01097
52	0.01727	0.46653	0.05461	0.01230	0.01735	0.04323	0.01141	0.05471	0.22350	0.02006	0.01453	0.01483	0.01179	0.00664	0.00509	0.00168	0.00663	0.00477	0.00407	0.00901
53	0.01522	0.06918	0.23515	0.02396	0.16037	0.04500	0.23222	0.02023	0.01434	0.03880	0.01252	0.01585	0.00974	0.00833	0.04726	0.00248	0.03123	0.00592	0.00319	0.00902
54	0.02687	0.01073	0.01445	0.01127	0.01593	0.00945	0.00924	0.02998	0.04367	0.65233	0.08419	0.02426	0.01988	0.00846	0.00659	0.00201	0.00528	0.00696	0.00787	0.01056
55	0.00838	0.00620	0.00760	0.00861	0.00960	0.00577	0.00607	0.01031	0.03395	0.01750	0.04141	0.51622	0.19612	0.01837	0.00795	0.00249	0.00378	0.05513	0.03905	0.00551
56	0.01593	0.01847	0.11882	0.05973	0.57649	0.05716	0.01987	0.02014	0.01472	0.02057	0.01193	0.01548	0.00980	0.00588	0.00633	0.00193	0.00818	0.00554	0.00313	0.00989
57	0.01378	0.00973	0.01325	0.05464	0.13069	0.02856	0.00971	0.01704	0.03984	0.12774	0.27659	0.11232	0.07692	0.02903	0.02902	0.00242	0.00533	0.00992	0.00590	0.00755

[dist]
# distance from previous block
# <min> <max>
0	1

[block]
# block no. 3 follows, 34 sequences, length 13
# corresponding to MSA columns:
# 158-170
name=unknown_D
#
# <colnr> <probs for GDERKNQSTAVLIFYWHMCP>
#	G	D	E	R	K	N	Q	S	T	A	V	L	I	F	Y	W	H	M	C	P
0	0.04745	0.02139	0.04363	0.04899	0.30721	0.28119	0.05796	0.05165	0.01646	0.02012	0.01139	0.01416	0.00930	0.00616	0.00612	0.00182	0.00918	0.00512	0.00342	0.03728
1	0.00905	0.00636	0.00734	0.00742	0.00803	0.00611	0.00473	0.00987	0.01172	0.01547	0.11757	0.09113	0.13654	0.48727	0.02344	0.00476	0.00524	0.03854	0.00484	0.00458
2	0.04294	0.01838	0.10112	0.02341	0.22149	0.08011	0.12424	0.10537	0.10777	0.02368	0.01727	0.02062	0.04173	0.00740	0.00662	0.00205	0.00800	0.03425	0.00425	0.00929
3	0.01033	0.00604	0.00840	0.00853	0.00900	0.00615	0.00594	0.00978	0.01016	0.01407	0.04313	0.07665	0.04051	0.10357	0.13966	0.41578	0.00715	0.02869	0.05243	0.00406
4	0.01596	0.04416	0.08946	0.09194	0.27882	0.06563	0.20268	0.06018	0.01562	0.02093	0.01321	0.04730	0.01101	0.00655	0.00667	0.00201	0.00883	0.00651	0.00345	0.00908
5	0.01498	0.01435	0.02421	0.21023	0.52597	0.01537	0.01905	0.01878	0.01400	0.01968	0.01178	0.01618	0.00974	0.00625	0.00728	0.00203	0.05195	0.00575	0.00310	0.00932
6	0.01216	0.01014	0.01197	0.00938	0.01379	0.00808	0.00729	0.01534	0.03895	0.02114	0.09734	0.11540	0.03909	0.00816	0.00569	0.00137	0.00443	0.00695	0.00463	0.56872
7	0.01258	0.01789	0.21821	0.04849	0.06318	0.03479	0.06721	0.03094	0.01411	0.01940	0.06914	0.05802	0.14252	0.01027	0.00946	0.00225	0.13968	0.03010	0.00402	0.00771
8	0.00925	0.00828	0.04049	0.00789	0.01055	0.00642	0.00636	0.01157	0.01464	0.01967	0.13693	0.11857	0.38217	0.01355	0.00697	0.00198	0.00375	0.01148	0.07532	0.11415
9	0.01496	0.09567	0.04150	0.05897	0.07372	0.01187	0.01033	0.03244	0.05770	0.08588	0.10535	0.05098	0.01849	0.00740	0.00579	0.00159	0.00551	0.00618	0.00467	0.31101
10	0.01287	0.01462	0.10125	0.01812	0.12333	0.01124	0.15886	0.01671	0.01439	0.02043	0.05200	0.04825	0.12384	0.00787	0.00645	0.00177	0.00669	0.00734	0.00404	0.24992
11	0.05038	0.20025	0.46689	0.01563	0.02349	0.04762	0.01863	0.02008	0.01359	0.01949	0.01081	0.01266	0.00826	0.00592	0.00548	0.00180	0.00851	0.00433	0.00289	0.06329
12	0.01410	0.19435	0.31253	0.01579	0.07876	0.01523	0.01580	0.01876	0.01451	0.04250	0.12997	0.01904	0.01746	0.00707	0.00584	0.00178	0.00717	0.00567	0.00376	0.07991

[dist]
# distance from previous block
# <min> <max>
3	7

[block]
# block no. 4 follows, 34 sequences, length 24
# corresponding to MSA columns:
# 179-202
name=unknown_E
#
# <colnr> <probs for GDERKNQSTAVLIFYWHMCP>
#	G	D	E	R	K	N	Q	S	T	A	V	L	I	F	Y	W	H	M	C	P
0	0.07819	0.03550	0.14044	0.01139	0.01560	0.05705	0.01055	0.06646	0.03602	0.02366	0.23153	0.07598	0.06409	0.00972	0.00640	0.00189	0.00564	0.00804	0.00509	0.11675
1	0.06133	0.36591	0.24109	0.01317	0.01927	0.01899	0.01420	0.02053	0.07182	0.04125	0.01366	0.06797	0.01188	0.00715	0.00531	0.00179	0.00717	0.00535	0.00354	0.00862
2	0.01180	0.05446	0.06029	0.01178	0.01478	0.06288	0.08114	0.01455	0.01460	0.04406	0.14273	0.11074	0.19058	0.01838	0.13432	0.00351	0.00778	0.00996	0.00494	0.00669
3	0.01279	0.03409	0.10726	0.01041	0.01373	0.00888	0.00938	0.05472	0.01621	0.11094	0.16869	0.15987	0.19541	0.01327	0.00731	0.00220	0.00493	0.05672	0.00596	0.00722
4	0.01455	0.21328	0.51592	0.01639	0.02452	0.04681	0.01987	0.02085	0.03649	0.01921	0.01137	0.01310	0.00859	0.00610	0.00566	0.00187	0.00885	0.00451	0.00288	0.00918
5	0.01904	0.58469	0.02985	0.01250	0.01746	0.21135	0.01142	0.02101	0.01446	0.01536	0.00924	0.01070	0.00830	0.00582	0.00458	0.00145	0.00813	0.00364	0.00291	0.00809
6	0.01621	0.26212	0.39805	0.01584	0.02308	0.14403	0.01797	0.02104	0.01429	0.01804	0.01051	0.01229	0.00824	0.00604	0.00547	0.00178	0.00910	0.00426	0.00284	0.00881
7	0.02464	0.01392	0.01634	0.01292	0.01759	0.01428	0.01052	0.31033	0.09598	0.33626	0.02203	0.06140	0.01582	0.00866	0.00659	0.00203	0.00602	0.00697	0.00711	0.01059
8	0.01296	0.03342	0.73944	0.01842	0.02797	0.01501	0.02387	0.02046	0.01364	0.02046	0.01160	0.01364	0.00818	0.00614	0.00614	0.00205	0.00955	0.00477	0.00273	0.00955
9	0.00782	0.00617	0.00706	0.00765	0.00905	0.00541	0.00543	0.00932	0.01395	0.01753	0.09034	0.35302	0.40883	0.01779	0.00789	0.00236	0.00346	0.01548	0.00606	0.00541
10	0.00995	0.00886	0.00863	0.00856	0.01059	0.05374	0.00630	0.01368	0.10553	0.01880	0.09199	0.17014	0.41596	0.03766	0.00823	0.00234	0.00419	0.01276	0.00591	0.00616
11	0.00798	0.00567	0.00746	0.00886	0.00920	0.00532	0.00585	0.00903	0.01215	0.01621	0.03450	0.71592	0.04134	0.07494	0.01004	0.00289	0.00393	0.01772	0.00585	0.00515
12	0.01428	0.26100	0.52344	0.01616	0.02448	0.01824	0.01995	0.02012	0.01348	0.01885	0.01080	0.01264	0.00822	0.00595	0.00553	0.00184	0.00874	0.00437	0.00274	0.00916
13	0.01511	0.01460	0.02533	0.19923	0.54216	0.01518	0.05576	0.01913	0.01434	0.02006	0.01205	0.01634	0.00985	0.00590	0.00648	0.00199	0.00805	0.00585	0.00313	0.00947
14	0.00862	0.00642	0.00802	0.00797	0.00942	0.00582	0.00584	0.01106	0.01655	0.02259	0.47625	0.17672	0.19079	0.01506	0.00773	0.00217	0.00322	0.01324	0.00670	0.00582
15	0.01324	0.08218	0.69316	0.01793	0.02722	0.01570	0.02303	0.02039	0.01361	0.02012	0.01142	0.01343	0.00819	0.00610	0.00601	0.00200	0.00938	0.00469	0.00273	0.00947
16	0.01411	0.23195	0.55102	0.01645	0.02493	0.01783	0.02045	0.02016	0.01350	0.01906	0.01090	0.01277	0.00821	0.00598	0.00561	0.00187	0.00884	0.00442	0.00274	0.00921
17	0.01399	0.05791	0.63024	0.01839	0.02735	0.01578	0.05879	0.06573	0.01481	0.02162	0.01184	0.01385	0.00846	0.00619	0.00617	0.00202	0.00937	0.00495	0.00300	0.00955
18	0.01214	0.01116	0.01704	0.01532	0.01810	0.05779	0.17418	0.01542	0.01504	0.01915	0.02964	0.09493	0.07141	0.01425	0.00830	0.00263	0.00720	0.40454	0.00515	0.00663
19	0.07676	0.01291	0.01245	0.01122	0.01446	0.13543	0.00888	0.02113	0.03807	0.23802	0.02941	0.10927	0.12548	0.01142	0.00684	0.00214	0.00604	0.10242	0.00595	0.03172
20	0.06997	0.01040	0.03460	0.01023	0.01422	0.00893	0.00848	0.02353	0.03957	0.41765	0.08357	0.07025	0.15982	0.01050	0.00673	0.00208	0.00487	0.00869	0.00698	0.00894
21	0.05086	0.07359	0.26395	0.01316	0.01866	0.01262	0.01379	0.05635	0.01520	0.16643	0.07723	0.02204	0.03893	0.03807	0.10786	0.00325	0.00841	0.00633	0.00466	0.00860
22	0.04900	0.14950	0.01695	0.01152	0.01473	0.01379	0.02991	0.13399	0.03721	0.07242	0.01939	0.04619	0.04128	0.07708	0.21123	0.00459	0.00935	0.04965	0.00463	0.00761
23	0.01793	0.23996	0.18748	0.01430	0.02020	0.01902	0.03528	0.24707	0.04720	0.02579	0.01427	0.05214	0.01166	0.00733	0.00579	0.00184	0.00734	0.00565	0.03042	0.00933

[dist]
# distance from previous block
# <min> <max>
12	39

[block]
# block no. 5 follows, 34 sequences, length 113
# corresponding to MSA columns:
# 244-356
name=unknown_F
#
# <colnr> <probs for GDERKNQSTAVLIFYWHMCP>
#	G	D	E	R	K	N	Q	S	T	A	V	L	I	F	Y	W	H	M	C	P
0	0.01457	0.17153	0.21906	0.06391	0.02203	0.07254	0.06052	0.03956	0.01448	0.01909	0.01570	0.06607	0.03480	0.00783	0.00602	0.00185	0.00775	0.04761	0.00359	0.11150
1	0.04338	0.03688	0.21680	0.01812	0.08672	0.14513	0.06431	0.10749	0.01658	0.06551	0.01405	0.03822	0.01126	0.01180	0.09251	0.00293	0.00982	0.00578	0.00393	0.00878
2	0.01029	0.00961	0.05408	0.01191	0.09490	0.00781	0.00839	0.03361	0.01546	0.04165	0.12733	0.10962	0.42324	0.01396	0.00738	0.00215	0.00436	0.01190	0.00568	0.00665
3	0.01200	0.03034	0.03928	0.01000	0.01216	0.02795	0.00778	0.03307	0.08123	0.08356	0.13614	0.35940	0.11178	0.01498	0.00747	0.00229	0.00449	0.01313	0.00612	0.00683
4	0.01628	0.12789	0.37300	0.01843	0.09019	0.01659	0.03952	0.06723	0.06724	0.08217	0.01377	0.01515	0.01014	0.00660	0.00643	0.00197	0.02880	0.00520	0.00377	0.00961
5	0.05100	0.01487	0.01820	0.14369	0.08708	0.01630	0.01300	0.38460	0.02292	0.08084	0.03932	0.02072	0.04159	0.00812	0.00652	0.00202	0.00691	0.02716	0.00555	0.00959
6	0.01457	0.03688	0.01554	0.01642	0.12456	0.14538	0.02508	0.02016	0.15984	0.02049	0.10644	0.16763	0.02626	0.03444	0.00777	0.00227	0.00646	0.05698	0.00511	0.00771
7	0.01393	0.01146	0.01330	0.01182	0.01436	0.01295	0.00933	0.09433	0.28150	0.02613	0.25899	0.03294	0.05990	0.01100	0.00877	0.00221	0.09486	0.02773	0.00625	0.00824
8	0.01901	0.46133	0.02693	0.01270	0.01754	0.14621	0.01130	0.09332	0.11891	0.01964	0.01234	0.01311	0.01024	0.00642	0.00502	0.00160	0.00747	0.00438	0.00379	0.00871
9	0.01789	0.01520	0.06244	0.07421	0.02128	0.04574	0.10485	0.19178	0.04950	0.09696	0.04704	0.04012	0.01461	0.01007	0.01014	0.09884	0.06752	0.01862	0.00483	0.00836
10	0.01411	0.07545	0.54354	0.01942	0.02793	0.04802	0.14143	0.02067	0.01409	0.01998	0.01162	0.01401	0.00848	0.00600	0.00626	0.00201	0.00972	0.00516	0.00285	0.00924
11	0.04522	0.04774	0.31113	0.01590	0.02245	0.11001	0.05508	0.08397	0.01666	0.18154	0.01503	0.01634	0.01074	0.03141	0.00702	0.00210	0.00844	0.00540	0.00442	0.00938
12	0.01114	0.00564	0.00836	0.00836	0.00836	0.00564	0.00554	0.00846	0.00846	0.01128	0.01162	0.02061	0.01175	0.05464	0.02558	0.77745	0.00564	0.00577	0.00285	0.00285
13	0.01523	0.01542	0.02433	0.22318	0.37486	0.07224	0.09461	0.01904	0.01437	0.01913	0.01260	0.04135	0.01065	0.00662	0.00697	0.00204	0.02909	0.00626	0.00321	0.00880
14	0.00813	0.00607	0.00841	0.00938	0.01009	0.00563	0.02742	0.00948	0.01280	0.01700	0.06001	0.67880	0.08394	0.01932	0.00817	0.00256	0.00391	0.01753	0.00595	0.00540
15	0.01296	0.03342	0.73944	0.01842	0.02797	0.01501	0.02387	0.02046	0.01364	0.02046	0.01160	0.01364	0.00818	0.00614	0.00614	0.00205	0.00955	0.00477	0.00273	0.00955
16	0.00826	0.00591	0.00767	0.00874	0.00933	0.00554	0.00596	0.00960	0.01297	0.01736	0.11465	0.56039	0.07008	0.08964	0.01049	0.00289	0.00398	0.04535	0.00593	0.00526
17	0.01296	0.03342	0.73944	0.01842	0.02797	0.01501	0.02387	0.02046	0.01364	0.02046	0.01160	0.01364	0.00818	0.00614	0.00614	0.00205	0.00955	0.00477	0.00273	0.00955
18	0.01255	0.01202	0.02084	0.68176	0.07220	0.01452	0.06160	0.01691	0.01314	0.01696	0.01161	0.01719	0.00876	0.00637	0.00653	0.00215	0.00872	0.00586	0.00291	0.00740
19	0.00910	0.00660	0.00857	0.00808	0.00962	0.00608	0.00606	0.01210	0.01817	0.02564	0.70775	0.04872	0.08260	0.01331	0.00762	0.00204	0.00306	0.01175	0.00708	0.00608
20	0.01055	0.00723	0.03269	0.00951	0.01081	0.00609	0.00697	0.01207	0.01324	0.10271	0.03480	0.62625	0.06581	0.01816	0.00794	0.00251	0.00413	0.01631	0.00613	0.00609
21	0.01331	0.01146	0.01390	0.01013	0.01570	0.00876	0.02578	0.01626	0.01351	0.02097	0.01252	0.01611	0.01079	0.00538	0.00504	0.00108	0.00499	0.03402	0.00391	0.75638
22	0.01577	0.01459	0.02904	0.09945	0.02930	0.01434	0.43558	0.02010	0.01485	0.10514	0.01660	0.07854	0.01384	0.00776	0.00822	0.00225	0.05150	0.03068	0.00407	0.00837
23	0.00787	0.00562	0.00750	0.00900	0.00937	0.00525	0.00600	0.00900	0.01237	0.01649	0.03561	0.76871	0.04274	0.02024	0.00825	0.00262	0.00375	0.01837	0.00600	0.00525
24	0.01539	0.01474	0.02514	0.15387	0.62312	0.01519	0.01953	0.01930	0.01443	0.02038	0.01205	0.01619	0.00998	0.00587	0.00641	0.00196	0.00783	0.00575	0.00315	0.00975
25	0.00874	0.00642	0.00819	0.00811	0.00950	0.00587	0.00594	0.01129	0.01682	0.02325	0.52878	0.17997	0.13342	0.01484	0.00774	0.00216	0.00320	0.01311	0.00679	0.00587
26	0.01526	0.01294	0.01483	0.01518	0.10048	0.03796	0.01035	0.09756	0.33465	0.02491	0.10353	0.02674	0.02229	0.09678	0.05505	0.00306	0.00649	0.00758	0.00563	0.00876
27	0.00878	0.00682	0.00802	0.00768	0.00953	0.00618	0.00577	0.01179	0.04025	0.02264	0.44581	0.05291	0.32170	0.01430	0.00759	0.00210	0.00320	0.01230	0.00666	0.00598
28	0.01733	0.03731	0.02466	0.08496	0.53223	0.04060	0.01806	0.12467	0.01704	0.02342	0.01246	0.01570	0.01012	0.00613	0.00633	0.00192	0.00777	0.00565	0.00366	0.00999
29	0.02194	0.01523	0.01577	0.01289	0.01736	0.08726	0.01031	0.17650	0.21787	0.23225	0.02206	0.02066	0.03664	0.00801	0.00633	0.00192	0.00623	0.00634	0.00638	0.07805
30	0.01770	0.69503	0.05428	0.01165	0.01720	0.05283	0.01155	0.04723	0.01403	0.01640	0.00936	0.01072	0.00840	0.00568	0.00436	0.00144	0.00718	0.00362	0.00293	0.00841
31	0.11561	0.04119	0.01564	0.01214	0.01659	0.11879	0.00978	0.20631	0.05843	0.10586	0.06141	0.01858	0.03715	0.00750	0.00583	0.00175	0.00642	0.00566	0.00534	0.15001
32	0.07556	0.01176	0.01921	0.67504	0.04164	0.01443	0.03944	0.01684	0.01284	0.01762	0.01134	0.01671	0.00853	0.00639	0.00630	0.00214	0.00840	0.00563	0.00297	0.00721
33	0.01727	0.77681	0.03386	0.01106	0.01658	0.02557	0.01106	0.01935	0.01313	0.01520	0.00898	0.01036	0.00829	0.00553	0.00415	0.00138	0.00691	0.00345	0.00276	0.00829
34	0.01109	0.00561	0.00838	0.00844	0.00846	0.00560	0.00563	0.00844	0.00858	0.01144	0.01222	0.05011	0.01251	0.02236	0.02456	0.77908	0.00554	0.00613	0.00294	0.00291
35	0.01205	0.01118	0.01869	0.67414	0.06095	0.01371	0.01718	0.01616	0.01303	0.01676	0.01348	0.05021	0.01130	0.00750	0.00664	0.00220	0.00827	0.03626	0.00314	0.00713
36	0.02395	0.01426	0.03990	0.01288	0.01754	0.03784	0.01077	0.20723	0.10295	0.36284	0.02130	0.02021	0.01462	0.01134	0.06913	0.00271	0.00721	0.00631	0.00671	0.01030
37	0.01430	0.01448	0.01968	0.10536	0.02037	0.04802	0.01453	0.01607	0.01059	0.01567	0.00890	0.01441	0.00849	0.01055	0.01883	0.00270	0.64148	0.00561	0.00285	0.00710
38	0.00858	0.00660	0.00860	0.00941	0.01003	0.00670	0.00667	0.00989	0.01266	0.01687	0.06443	0.54538	0.12072	0.04163	0.01007	0.00269	0.07111	0.03681	0.00570	0.00545
39	0.01873	0.09229	0.34132	0.01624	0.02317	0.10067	0.03896	0.13889	0.03652	0.11209	0.01400	0.01487	0.01001	0.00670	0.00608	0.00193	0.00857	0.00513	0.00420	0.00961
40	0.01600	0.08127	0.03594	0.02469	0.03097	0.01684	0.59524	0.02154	0.04240	0.04906	0.01373	0.01727	0.01031	0.00568	0.00725	0.00210	0.01012	0.00722	0.00354	0.00883
41	0.01021	0.00737	0.01013	0.01151	0.01304	0.00729	0.01001	0.01308	0.01486	0.01920	0.03651	0.07210	0.08807	0.01774	0.00883	0.00292	0.00575	0.63951	0.00595	0.00591
42	0.01466	0.06045	0.13122	0.15611	0.30695	0.01633	0.09600	0.01892	0.01365	0.01919	0.01145	0.01549	0.00929	0.00653	0.00810	0.00208	0.09595	0.00568	0.00301	0.00895
43	0.01802	0.01643	0.02243	0.08168	0.07088	0.06449	0.16508	0.16183	0.21517	0.04554	0.01693	0.01836	0.01274	0.00744	0.00758	0.00212	0.05242	0.00652	0.00490	0.00945
44	0.00957	0.00773	0.01119	0.01108	0.01180	0.00874	0.02993	0.01116	0.01128	0.01577	0.02420	0.35619	0.02713	0.07652	0.23659	0.00524	0.12363	0.01202	0.00452	0.00571
45	0.01488	0.01515	0.02447	0.27551	0.26965	0.05981	0.12130	0.01870	0.01384	0.01853	0.01151	0.01614	0.00930	0.00665	0.00830	0.00213	0.09668	0.00592	0.00306	0.00844
46	0.03805	0.15053	0.04225	0.01488	0.06048	0.13699	0.01181	0.20350	0.08490	0.11336	0.06769	0.01784	0.01496	0.00750	0.00599	0.00184	0.00720	0.00570	0.00519	0.00934
47	0.16940	0.02280	0.10281	0.01452	0.01930	0.26735	0.01257	0.21168	0.04761	0.05483	0.01277	0.01364	0.00955	0.00691	0.00576	0.00188	0.00843	0.00478	0.00455	0.00885
48	0.00813	0.00649	0.00736	0.00786	0.00956	0.00572	0.00596	0.00991	0.01439	0.01780	0.07531	0.20310	0.47252	0.01725	0.00794	0.00238	0.00375	0.11301	0.00603	0.00551
49	0.04030	0.18452	0.11049	0.01670	0.12794	0.04499	0.01298	0.05741	0.07963	0.13182	0.01606	0.03869	0.01322	0.07500	0.00847	0.00227	0.02022	0.00593	0.00443	0.00893
50	0.01628	0.07257	0.40123	0.01715	0.02445	0.05358	0.06519	0.12051	0.11039	0.03625	0.01421	0.01540	0.01038	0.00669	0.00621	0.00200	0.00858	0.00537	0.00393	0.00963
51	0.03643	0.01485	0.01450	0.10089	0.01878	0.17623	0.01032	0.06484	0.01725	0.22929	0.06539	0.05364	0.08537	0.00912	0.00677	0.00197	0.02489	0.00720	0.05403	0.00821
52	0.01322	0.00955	0.01103	0.01052	0.01239	0.01003	0.00762	0.15701	0.11252	0.04154	0.02751	0.37635	0.02929	0.13633	0.01155	0.00299	0.00507	0.01253	0.00589	0.00704
53	0.06587	0.04091	0.21076	0.01806	0.10611	0.03080	0.04571	0.16881	0.10785	0.06015	0.01581	0.04661	0.01233	0.00734	0.00623	0.00199	0.00741	0.00604	0.00461	0.03660
54	0.17799	0.06321	0.09844	0.01170	0.01611	0.03676	0.01036	0.06293	0.20893	0.02451	0.06186	0.02017	0.01604	0.06736	0.00775	0.00223	0.00596	0.00587	0.00478	0.09702
55	0.01735	0.01315	0.01440	0.01258	0.01626	0.01465	0.00988	0.08888	0.51436	0.10038	0.10196	0.02580	0.02310	0.00909	0.00667	0.00213	0.00510	0.00757	0.00677	0.00992
56	0.14396	0.07178	0.04527	0.02796	0.36684	0.01630	0.14689	0.03933	0.04173	0.02260	0.01221	0.01521	0.00983	0.00590	0.00608	0.00196	0.00774	0.00562	0.00351	0.00929
57	0.11300	0.01456	0.01460	0.01242	0.01608	0.06543	0.00987	0.22431	0.18282	0.07853	0.05350	0.06935	0.06875	0.00951	0.00699	0.00209	0.03588	0.00743	0.00591	0.00897
58	0.01563	0.01962	0.09816	0.04796	0.03139	0.07818	0.52389	0.02066	0.01496	0.01982	0.01235	0.01639	0.00941	0.00600	0.00813	0.00216	0.05668	0.00689	0.00318	0.00854
59	0.00787	0.00562	0.00750	0.00900	0.00937	0.00525	0.00600	0.00900	0.01237	0.01649	0.03561	0.76871	0.04274	0.02024	0.00825	0.00262	0.00375	0.01837	0.00600	0.00525
60	0.01795	0.14250	0.22588	0.02207	0.21001	0.16172	0.01730	0.06756	0.01605	0.04407	0.01174	0.01376	0.00922	0.00621	0.00587	0.00182	0.00876	0.00483	0.00340	0.00927
61	0.01614	0.01533	0.02588	0.05619	0.69660	0.01546	0.01958	0.03868	0.01510	0.02154	0.01223	0.01601	0.01022	0.00583	0.00640	0.00193	0.00768	0.00576	0.00328	0.01018
62	0.00805	0.00584	0.00763	0.00888	0.00952	0.00542	0.00612	0.00943	0.01306	0.01735	0.08660	0.63735	0.09312	0.01937	0.00819	0.00257	0.00376	0.04633	0.00607	0.00535
63	0.01386	0.01440	0.05003	0.01754	0.01943	0.01696	0.13615	0.04272	0.01183	0.01745	0.01128	0.01719	0.01033	0.03908	0.11784	0.00379	0.44335	0.00627	0.00316	0.00733
64	0.08604	0.01609	0.01703	0.01593	0.08911	0.06269	0.01156	0.28814	0.22291	0.05075	0.04615	0.01972	0.02910	0.00802	0.00631	0.00201	0.00643	0.00634	0.00583	0.00985
65	0.01697	0.46735	0.24023	0.01370	0.02026	0.06609	0.01492	0.04163	0.01427	0.03734	0.01047	0.01189	0.00856	0.00591	0.00497	0.00163	0.00795	0.00404	0.00304	0.00877
66	0.00837	0.00672	0.00713	0.00705	0.00880	0.00599	0.00505	0.01039	0.03643	0.01778	0.12597	0.06913	0.50167	0.14705	0.01199	0.00288	0.00383	0.01258	0.00577	0.00540
67	0.11531	0.07448	0.03062	0.01250	0.01678	0.01672	0.01035	0.22499	0.28819	0.04916	0.04901	0.02122	0.04653	0.00831	0.00612	0.00202	0.00576	0.00649	0.00589	0.00954
68	0.01606	0.04449	0.01783	0.06017	0.03824	0.12862	0.08217	0.12365	0.08518	0.02071	0.01713	0.02317	0.03520	0.15279	0.09029	0.00367	0.04203	0.00679	0.00424	0.00758
69	0.01741	0.03319	0.01434	0.01166	0.01527	0.01339	0.00931	0.18363	0.24343	0.11370	0.19490	0.02973	0.07217	0.00991	0.00679	0.00205	0.00506	0.00822	0.00671	0.00914
70	0.00890	0.00635	0.00862	0.01008	0.01088	0.00613	0.00767	0.01072	0.01328	0.01751	0.03470	0.47955	0.04011	0.03736	0.00910	0.00285	0.00467	0.28010	0.00593	0.00549
71	0.01540	0.33608	0.37008	0.01545	0.02270	0.01939	0.04416	0.02019	0.01351	0.04217	0.01092	0.01274	0.00857	0.00613	0.00599	0.00181	0.03837	0.00444	0.00294	0.00895
72	0.01599	0.01535	0.02623	0.03966	0.73262	0.01535	0.01983	0.01983	0.01471	0.02111	0.01215	0.01599	0.01023	0.00576	0.00640	0.00192	0.00768	0.00576	0.00320	0.01023
73	0.00785	0.00655	0.00684	0.00677	0.00886	0.00555	0.00508	0.00969	0.01524	0.01866	0.16030	0.06019	0.63440	0.01591	0.00763	0.00216	0.00324	0.01336	0.00616	0.00555
74	0.15843	0.05301	0.19595	0.06926	0.09469	0.08697	0.01497	0.09584	0.06485	0.08713	0.01359	0.01491	0.01002	0.00664	0.00579	0.00196	0.00766	0.00504	0.00420	0.00908
75	0.02152	0.01576	0.01736	0.01571	0.07401	0.06236	0.01175	0.32901	0.13798	0.13520	0.02016	0.05425	0.01593	0.00890	0.00667	0.00206	0.00666	0.04850	0.00620	0.01002
76	0.01220	0.01148	0.01938	0.75739	0.04450	0.01436	0.01794	0.01651	0.01292	0.01651	0.01148	0.01723	0.00861	0.00646	0.00646	0.00215	0.00861	0.00574	0.00287	0.00718
77	0.01296	0.03342	0.73944	0.01842	0.02797	0.01501	0.02387	0.02046	0.01364	0.02046	0.01160	0.01364	0.00818	0.00614	0.00614	0.00205	0.00955	0.00477	0.00273	0.00955
78	0.01661	0.01637	0.02251	0.03123	0.50192	0.10207	0.01681	0.04705	0.06456	0.02133	0.01618	0.03778	0.03643	0.00731	0.00653	0.00197	0.00765	0.03235	0.00384	0.00949
79	0.01096	0.01022	0.03353	0.01239	0.01331	0.01210	0.01006	0.01280	0.01101	0.01588	0.04160	0.08410	0.08019	0.07204	0.25950	0.00543	0.29675	0.00817	0.00376	0.00620
80	0.00789	0.00575	0.00738	0.00866	0.00923	0.00530	0.00581	0.00904	0.01255	0.01648	0.03850	0.66792	0.11914	0.04224	0.00891	0.00268	0.00377	0.01757	0.00594	0.00523
81	0.04982	0.03020	0.01803	0.01638	0.01973	0.72330	0.01231	0.02558	0.01807	0.01624	0.00996	0.01161	0.00828	0.00664	0.00577	0.00168	0.01144	0.00414	0.00335	0.00747
82	0.01904	0.04237	0.08598	0.24165	0.05863	0.25879	0.01542	0.16137	0.01841	0.02173	0.01178	0.01446	0.00902	0.00670	0.00615	0.00191	0.00931	0.00508	0.00375	0.00844
83	0.01457	0.11137	0.28821	0.04468	0.03002	0.01688	0.36119	0.02033	0.01436	0.01984	0.01202	0.01524	0.00901	0.00574	0.00665	0.00204	0.00988	0.00606	0.00300	0.00892
