[name]
unknown

[dist]
# distance from previous block
# <min> <max>
11	171

[block]
# block no. 0 follows, 29 sequences, length 15
# corresponding to MSA columns:
# 236-250
name=unknown_A
#
# <colnr> <probs for GDERKNQSTAVLIFYWHMCP>
#	G	D	E	R	K	N	Q	S	T	A	V	L	I	F	Y	W	H	M	C	P
0	0.01483	0.09213	0.01609	0.01142	0.01579	0.01152	0.02772	0.01906	0.07859	0.06968	0.02799	0.14306	0.10524	0.01113	0.00685	0.00193	0.00549	0.04441	0.00548	0.29159
1	0.01787	0.01313	0.01433	0.01179	0.01625	0.05012	0.00950	0.12461	0.01959	0.11609	0.07634	0.03534	0.13751	0.01078	0.00714	0.00198	0.00593	0.07882	0.00617	0.24670
2	0.02039	0.01471	0.01680	0.01276	0.01845	0.01376	0.01031	0.22099	0.06147	0.10849	0.01771	0.04414	0.01384	0.00755	0.00631	0.00166	0.00612	0.00604	0.00589	0.39261
3	0.06851	0.06715	0.05720	0.01374	0.01947	0.01509	0.01199	0.16429	0.05887	0.41529	0.02283	0.02084	0.01514	0.00839	0.00681	0.00216	0.00672	0.00654	0.00743	0.01154
4	0.16945	0.01324	0.01439	0.01119	0.01658	0.01224	0.00900	0.06160	0.07928	0.10215	0.04830	0.01824	0.01459	0.00696	0.00575	0.00165	0.00550	0.00537	0.00538	0.39911
5	0.09191	0.01575	0.01756	0.01336	0.01908	0.01562	0.01095	0.30459	0.02364	0.17022	0.01739	0.01737	0.01238	0.00749	0.00636	0.00185	0.00654	0.00571	0.00639	0.23583
6	0.02357	0.02837	0.02034	0.01763	0.02188	0.51394	0.05185	0.02782	0.09278	0.01982	0.01338	0.01496	0.01081	0.00725	0.00648	0.00183	0.01106	0.00514	0.00412	0.10697
7	0.01723	0.01288	0.01513	0.01124	0.01722	0.01051	0.00900	0.02220	0.08953	0.10968	0.01637	0.01724	0.01265	0.00619	0.00572	0.00135	0.00541	0.00500	0.00512	0.61031
8	0.01762	0.01692	0.02890	0.04371	0.70533	0.01692	0.02185	0.02185	0.01621	0.02326	0.01339	0.01762	0.01128	0.00634	0.00705	0.00211	0.00846	0.00634	0.00352	0.01128
9	0.01762	0.01692	0.02890	0.04371	0.70533	0.01692	0.02185	0.02185	0.01621	0.02326	0.01339	0.01762	0.01128	0.00634	0.00705	0.00211	0.00846	0.00634	0.00352	0.01128
10	0.01517	0.01441	0.02446	0.44891	0.31933	0.01627	0.02063	0.01970	0.01505	0.02028	0.01296	0.01842	0.01023	0.00680	0.00709	0.00227	0.00907	0.00633	0.00331	0.00930
11	0.01345	0.01266	0.02136	0.73264	0.04904	0.01582	0.01978	0.01819	0.01424	0.01819	0.01266	0.01898	0.00949	0.00712	0.00712	0.00237	0.00949	0.00633	0.00316	0.00791
12	0.01590	0.01516	0.02580	0.32743	0.43505	0.01647	0.02100	0.02035	0.01540	0.02118	0.01309	0.01818	0.01054	0.00666	0.00708	0.00222	0.00888	0.00634	0.00338	0.00989
13	0.02010	0.02031	0.01720	0.01553	0.01946	0.20682	0.01194	0.03531	0.51174	0.02646	0.02415	0.02288	0.01836	0.00904	0.00702	0.00226	0.00757	0.00712	0.00628	0.01046
14	0.02319	0.02171	0.01854	0.01559	0.01985	0.23388	0.01227	0.30402	0.09929	0.03219	0.12573	0.02258	0.02105	0.00926	0.00712	0.00209	0.00842	0.00706	0.00619	0.00997

[dist]
# distance from previous block
# <min> <max>
2	28

[block]
# block no. 1 follows, 29 sequences, length 14
# corresponding to MSA columns:
# 279-292
name=unknown_B
#
# <colnr> <probs for GDERKNQSTAVLIFYWHMCP>
#	G	D	E	R	K	N	Q	S	T	A	V	L	I	F	Y	W	H	M	C	P
0	0.01957	0.01651	0.02528	0.01865	0.02483	0.04733	0.24286	0.06707	0.06514	0.12592	0.01689	0.01859	0.01250	0.00666	0.00695	0.00189	0.00828	0.00653	0.00506	0.26350
1	0.01884	0.01389	0.01983	0.01469	0.02049	0.01217	0.13049	0.09351	0.01838	0.14995	0.02343	0.02403	0.09543	0.00794	0.00676	0.00179	0.00671	0.00705	0.00555	0.32907
2	0.01744	0.01862	0.03725	0.02693	0.03373	0.01784	0.54953	0.06560	0.07441	0.02481	0.01572	0.01948	0.01179	0.00644	0.00808	0.00232	0.01089	0.00805	0.00416	0.04694
3	0.01781	0.01376	0.01936	0.10310	0.02377	0.01266	0.09245	0.02394	0.11522	0.12439	0.01753	0.01895	0.01313	0.00675	0.00645	0.00175	0.00679	0.00598	0.00513	0.37108
4	0.01560	0.01340	0.01514	0.01166	0.01734	0.01181	0.00924	0.02355	0.20595	0.02506	0.01726	0.01809	0.01370	0.00651	0.00583	0.00144	0.00538	0.00530	0.00507	0.57267
5	0.01566	0.01339	0.01568	0.01160	0.01737	0.01140	0.00934	0.05732	0.04422	0.02433	0.01338	0.01545	0.01103	0.00614	0.00669	0.00131	0.05489	0.00464	0.00444	0.66170
6	0.02277	0.01727	0.01827	0.01515	0.01974	0.10087	0.04298	0.15324	0.26126	0.17237	0.05674	0.02503	0.04299	0.00935	0.00726	0.00224	0.00713	0.00763	0.00695	0.01076
7	0.01421	0.00970	0.01225	0.01055	0.01414	0.00819	0.00832	0.01721	0.01716	0.10206	0.23395	0.11256	0.03652	0.01212	0.00742	0.00202	0.00481	0.08969	0.00640	0.28073
8	0.01771	0.01878	0.04049	0.02897	0.03607	0.01756	0.63941	0.02352	0.01702	0.06398	0.01523	0.01951	0.01121	0.00617	0.00833	0.00239	0.01165	0.00833	0.00391	0.00975
9	0.01904	0.75404	0.03731	0.01218	0.01828	0.02818	0.01218	0.02132	0.01447	0.01675	0.00990	0.01142	0.00914	0.00609	0.00457	0.00152	0.00761	0.00381	0.00305	0.00914
10	0.00888	0.00628	0.00820	0.00965	0.01001	0.00592	0.00633	0.00997	0.01323	0.01764	0.03717	0.65874	0.04447	0.11226	0.01245	0.00339	0.00447	0.01902	0.00633	0.00560
11	0.01042	0.00673	0.00898	0.00998	0.01090	0.00622	0.00688	0.01203	0.01490	0.06625	0.12039	0.61082	0.04759	0.02044	0.00887	0.00276	0.00417	0.01845	0.00691	0.00633
12	0.01477	0.01266	0.01477	0.01055	0.01687	0.00949	0.00844	0.01793	0.01477	0.02320	0.01266	0.01477	0.01055	0.00527	0.00527	0.00105	0.00527	0.00422	0.00422	0.79328
13	0.01477	0.01266	0.01477	0.01055	0.01687	0.00949	0.00844	0.01793	0.01477	0.02320	0.01266	0.01477	0.01055	0.00527	0.00527	0.00105	0.00527	0.00422	0.00422	0.79328

[dist]
# distance from previous block
# <min> <max>
0	1

[block]
# block no. 2 follows, 29 sequences, length 24
# corresponding to MSA columns:
# 294-317
name=unknown_C
#
# <colnr> <probs for GDERKNQSTAVLIFYWHMCP>
#	G	D	E	R	K	N	Q	S	T	A	V	L	I	F	Y	W	H	M	C	P
0	0.01452	0.01237	0.01449	0.01046	0.01654	0.00934	0.00835	0.01769	0.01505	0.02349	0.04928	0.01681	0.01356	0.00577	0.00544	0.00112	0.00517	0.00468	0.00441	0.75147
1	0.01001	0.00741	0.00974	0.01067	0.01207	0.00675	0.00787	0.01192	0.01436	0.01946	0.03568	0.51466	0.04134	0.01967	0.00878	0.00275	0.00479	0.15383	0.00631	0.10195
2	0.18751	0.01665	0.01680	0.01408	0.01879	0.01892	0.01133	0.26629	0.31020	0.03569	0.02064	0.01996	0.01528	0.00861	0.00660	0.00227	0.00640	0.00657	0.00660	0.01082
3	0.80005	0.01377	0.01047	0.00936	0.01377	0.01597	0.00771	0.02093	0.01212	0.03195	0.00991	0.01157	0.00771	0.00661	0.00441	0.00220	0.00551	0.00386	0.00441	0.00771
4	0.01021	0.00746	0.01060	0.01060	0.01158	0.00844	0.00784	0.01217	0.01119	0.01590	0.01985	0.03226	0.01966	0.21384	0.56365	0.01040	0.01627	0.00826	0.00393	0.00589
5	0.80005	0.01377	0.01047	0.00936	0.01377	0.01597	0.00771	0.02093	0.01212	0.03195	0.00991	0.01157	0.00771	0.00661	0.00441	0.00220	0.00551	0.00386	0.00441	0.00771
6	0.01904	0.75404	0.03731	0.01218	0.01828	0.02818	0.01218	0.02132	0.01447	0.01675	0.00990	0.01142	0.00914	0.00609	0.00457	0.00152	0.00761	0.00381	0.00305	0.00914
7	0.01771	0.01530	0.01610	0.01449	0.01852	0.01771	0.01127	0.03784	0.69247	0.02979	0.02898	0.02657	0.02174	0.00966	0.00725	0.00242	0.00564	0.00805	0.00725	0.01127
8	0.00871	0.00723	0.00762	0.00752	0.00980	0.00614	0.00564	0.01079	0.01693	0.02090	0.18431	0.06579	0.58923	0.01741	0.00841	0.00238	0.00356	0.01464	0.00683	0.00614
9	0.01066	0.00836	0.01094	0.01009	0.01161	0.00864	0.00777	0.01365	0.01861	0.02626	0.55706	0.04955	0.11360	0.01458	0.01037	0.00237	0.09978	0.01219	0.00711	0.00680
10	0.02889	0.01134	0.01544	0.01231	0.01715	0.00985	0.00996	0.03144	0.01949	0.61929	0.02956	0.11899	0.02150	0.01059	0.00741	0.00229	0.00581	0.00888	0.00852	0.01129
11	0.02550	0.01916	0.02048	0.01607	0.02148	0.02135	0.01315	0.57338	0.14425	0.04234	0.01909	0.01869	0.01373	0.00873	0.00714	0.00218	0.00747	0.00669	0.00714	0.01197
12	0.02561	0.12859	0.02243	0.01753	0.02152	0.63007	0.01355	0.02750	0.01943	0.01734	0.01086	0.01265	0.00917	0.00717	0.00618	0.00179	0.01215	0.00448	0.00359	0.00837
13	0.01477	0.01266	0.01477	0.01055	0.01687	0.00949	0.00844	0.01793	0.01477	0.02320	0.01266	0.01477	0.01055	0.00527	0.00527	0.00105	0.00527	0.00422	0.00422	0.79328
14	0.01036	0.00690	0.00777	0.00777	0.00777	0.00690	0.00431	0.01036	0.01036	0.01381	0.02244	0.04660	0.02589	0.74975	0.03624	0.00690	0.00690	0.01036	0.00431	0.00431
15	0.01904	0.75404	0.03731	0.01218	0.01828	0.02818	0.01218	0.02132	0.01447	0.01675	0.00990	0.01142	0.00914	0.00609	0.00457	0.00152	0.00761	0.00381	0.00305	0.00914
16	0.01904	0.75404	0.03731	0.01218	0.01828	0.02818	0.01218	0.02132	0.01447	0.01675	0.00990	0.01142	0.00914	0.00609	0.00457	0.00152	0.00761	0.00381	0.00305	0.00914
17	0.01953	0.01535	0.01620	0.01394	0.01808	0.01737	0.01102	0.20007	0.43424	0.03323	0.02518	0.02414	0.01881	0.00920	0.00692	0.00224	0.00589	0.00744	0.11027	0.01088
18	0.01477	0.01266	0.01477	0.01055	0.01687	0.00949	0.00844	0.01793	0.01477	0.02320	0.01266	0.01477	0.01055	0.00527	0.00527	0.00105	0.00527	0.00422	0.00422	0.79328
19	0.01800	0.01603	0.02070	0.01517	0.02141	0.04259	0.11842	0.14979	0.01900	0.02717	0.01375	0.01587	0.01084	0.00612	0.00619	0.00152	0.00718	0.00534	0.00467	0.48023
20	0.01700	0.01612	0.02207	0.01714	0.02206	0.05835	0.17324	0.09075	0.13734	0.02596	0.07480	0.02496	0.06633	0.00871	0.00808	0.00208	0.04632	0.00772	0.00527	0.17569
21	0.08719	0.01433	0.01459	0.01294	0.01637	0.06223	0.01027	0.17307	0.16454	0.03106	0.20802	0.05740	0.03251	0.01169	0.00753	0.00234	0.00604	0.07202	0.00680	0.00906
22	0.02243	0.01714	0.01868	0.01509	0.01986	0.07999	0.03502	0.24570	0.10698	0.12688	0.02044	0.05530	0.01630	0.00933	0.00773	0.00213	0.03726	0.03451	0.00631	0.12291
23	0.05432	0.01770	0.02300	0.01809	0.02287	0.05101	0.13523	0.29418	0.02299	0.05460	0.01768	0.02429	0.01468	0.00946	0.00914	0.00235	0.08576	0.08153	0.00560	0.05553

[dist]
# distance from previous block
# <min> <max>
15	121

[block]
# block no. 3 follows, 29 sequences, length 13
# corresponding to MSA columns:
# 468-480
name=unknown_D
#
# <colnr> <probs for GDERKNQSTAVLIFYWHMCP>
#	G	D	E	R	K	N	Q	S	T	A	V	L	I	F	Y	W	H	M	C	P
0	0.17922	0.01827	0.01674	0.01476	0.01737	0.18545	0.01188	0.02051	0.01437	0.02172	0.01294	0.01897	0.01173	0.00954	0.01159	0.00234	0.24707	0.04771	0.05536	0.08246
1	0.05767	0.01390	0.01556	0.06142	0.01892	0.09392	0.01248	0.03292	0.01565	0.02126	0.02279	0.04354	0.02331	0.01337	0.01077	0.00266	0.13837	0.29066	0.00499	0.10584
2	0.26347	0.01090	0.01202	0.01177	0.01474	0.01160	0.00998	0.01706	0.01450	0.02457	0.02552	0.04662	0.04882	0.01340	0.00840	0.00265	0.05207	0.31241	0.00540	0.09410
3	0.23211	0.01106	0.01228	0.01108	0.01438	0.01143	0.03852	0.07118	0.01581	0.02717	0.02191	0.11609	0.02094	0.01100	0.00647	0.00224	0.00550	0.11346	0.17306	0.08432
4	0.47543	0.01400	0.01377	0.09698	0.01889	0.04293	0.01047	0.01952	0.01257	0.02613	0.01121	0.01470	0.00927	0.01192	0.07708	0.00318	0.09630	0.00485	0.00401	0.03680
5	0.01460	0.01233	0.01520	0.08145	0.01991	0.01032	0.01006	0.03708	0.01546	0.02312	0.01583	0.02320	0.01418	0.00730	0.00606	0.00148	0.00592	0.08374	0.00448	0.59826
6	0.01694	0.01263	0.01624	0.05951	0.01987	0.01120	0.03602	0.02233	0.09795	0.11184	0.01966	0.02565	0.01637	0.00812	0.00654	0.00177	0.00611	0.08292	0.00536	0.42295
7	0.10482	0.00876	0.01095	0.01211	0.01415	0.00891	0.01045	0.01506	0.01587	0.02238	0.03768	0.07104	0.09996	0.01796	0.00906	0.00307	0.00615	0.51869	0.00631	0.00664
8	0.07867	0.01255	0.01783	0.31534	0.03011	0.01381	0.05685	0.08145	0.01628	0.02457	0.01529	0.01937	0.01173	0.00718	0.00630	0.00203	0.00732	0.00609	0.17585	0.10139
9	0.40452	0.01419	0.01717	0.10047	0.02178	0.01536	0.08964	0.01997	0.01336	0.02646	0.01127	0.01428	0.00896	0.00676	0.00673	0.00209	0.05871	0.00493	0.00403	0.15932
10	0.01368	0.01180	0.01302	0.01279	0.01584	0.07799	0.01074	0.01675	0.01635	0.02134	0.02986	0.05684	0.05081	0.01479	0.00831	0.00255	0.00675	0.40901	0.00569	0.20509
11	0.29002	0.01698	0.01513	0.01248	0.01719	0.08790	0.01007	0.24123	0.02085	0.03240	0.02025	0.02077	0.09390	0.00859	0.00609	0.00206	0.00678	0.00618	0.00549	0.08565
12	0.16248	0.01331	0.01443	0.01126	0.01671	0.01207	0.00920	0.09699	0.01665	0.02723	0.01505	0.02068	0.01310	0.00728	0.00577	0.00161	0.00574	0.06655	0.00482	0.47906

[dist]
# distance from previous block
# <min> <max>
25	152

[block]
# block no. 4 follows, 29 sequences, length 6
# corresponding to MSA columns:
# 685-690
name=unknown_E
#
# <colnr> <probs for GDERKNQSTAVLIFYWHMCP>
#	G	D	E	R	K	N	Q	S	T	A	V	L	I	F	Y	W	H	M	C	P
0	0.17643	0.02908	0.01838	0.01647	0.02042	0.53702	0.01257	0.07143	0.01952	0.02211	0.01121	0.01288	0.00909	0.00728	0.00608	0.00193	0.01108	0.00457	0.00405	0.00841
1	0.43640	0.01423	0.01337	0.01190	0.01607	0.01608	0.00985	0.15182	0.08823	0.03252	0.01789	0.02552	0.01551	0.00946	0.00613	0.00239	0.00615	0.11213	0.00559	0.00876
2	0.01840	0.01820	0.02170	0.01626	0.02226	0.12937	0.14168	0.09007	0.01801	0.02445	0.01319	0.01557	0.01054	0.00610	0.00627	0.00156	0.00811	0.00533	0.00431	0.42862
3	0.04891	0.01181	0.01226	0.01306	0.01484	0.10482	0.01065	0.01592	0.01599	0.02046	0.03335	0.18567	0.06102	0.01754	0.00947	0.00292	0.03549	0.37314	0.00595	0.00673
4	0.59906	0.01460	0.01241	0.01086	0.01533	0.01683	0.00884	0.08568	0.12586	0.03281	0.01372	0.01455	0.01043	0.00729	0.00513	0.00223	0.00575	0.00478	0.00513	0.00871
5	0.22138	0.01623	0.01573	0.01227	0.01777	0.06049	0.00993	0.19308	0.01933	0.03076	0.01300	0.01443	0.01014	0.00661	0.00561	0.00168	0.00649	0.00472	0.00499	0.33535

[dist]
# distance from previous block
# <min> <max>
0	6

[block]
# block no. 5 follows, 29 sequences, length 8
# corresponding to MSA columns:
# 697-704
name=unknown_F
#
# <colnr> <probs for GDERKNQSTAVLIFYWHMCP>
#	G	D	E	R	K	N	Q	S	T	A	V	L	I	F	Y	W	H	M	C	P
0	0.01440	0.01209	0.01432	0.01115	0.01663	0.00972	0.00906	0.01846	0.05017	0.02325	0.01743	0.02564	0.01589	0.00776	0.00609	0.00147	0.00549	0.10670	0.00474	0.62952
1	0.01418	0.01070	0.01392	0.01402	0.01604	0.01167	0.01193	0.11913	0.01831	0.02436	0.03155	0.10513	0.03348	0.01733	0.01080	0.00306	0.08430	0.44630	0.00628	0.00751
2	0.09329	0.02333	0.02006	0.01734	0.02008	0.29686	0.01382	0.12599	0.01820	0.02295	0.01127	0.01437	0.00956	0.00930	0.01242	0.00237	0.27067	0.00539	0.00408	0.00864
3	0.02219	0.01871	0.01915	0.06592	0.02239	0.09253	0.01254	0.34499	0.08282	0.03339	0.01606	0.01702	0.01205	0.00760	0.00660	0.00188	0.00766	0.00581	0.00576	0.20493
4	0.01214	0.01005	0.01204	0.01043	0.01375	0.00891	0.00811	0.01443	0.01441	0.02030	0.03067	0.10343	0.15568	0.09082	0.01138	0.00253	0.05719	0.08809	0.00513	0.33052
5	0.17931	0.00958	0.01059	0.01084	0.01322	0.00981	0.00858	0.05524	0.01562	0.02394	0.03355	0.25733	0.10170	0.01624	0.00795	0.00268	0.00532	0.19350	0.00606	0.03892
6	0.33798	0.01427	0.01327	0.01147	0.01587	0.05173	0.00933	0.08173	0.06442	0.06329	0.02011	0.02516	0.05635	0.00904	0.00606	0.00214	0.00611	0.07488	0.00538	0.13141
7	0.18130	0.02000	0.01725	0.01412	0.01911	0.17680	0.01126	0.22036	0.05566	0.06467	0.01464	0.01544	0.01104	0.00739	0.00610	0.00191	0.00786	0.00522	0.00538	0.14446

[dist]
# distance from previous block
# <min> <max>
58	528

[block]
# block no. 6 follows, 29 sequences, length 11
# corresponding to MSA columns:
# 1364-1373,1377
name=unknown_G
#
# <colnr> <probs for GDERKNQSTAVLIFYWHMCP>
#	G	D	E	R	K	N	Q	S	T	A	V	L	I	F	Y	W	H	M	C	P
0	0.24380	0.01592	0.01695	0.01392	0.01854	0.10202	0.07872	0.02019	0.01489	0.02443	0.01478	0.02224	0.01330	0.00815	0.00697	0.00200	0.04420	0.08587	0.00438	0.24872
1	0.12268	0.01403	0.01422	0.01313	0.01642	0.09921	0.01084	0.03983	0.01586	0.02295	0.02152	0.03905	0.02153	0.01376	0.03944	0.00277	0.06159	0.24626	0.00504	0.17987
2	0.29582	0.01572	0.01421	0.01198	0.01669	0.10087	0.00971	0.07136	0.01654	0.08261	0.01573	0.02132	0.01331	0.00807	0.00589	0.00197	0.00669	0.07412	0.00506	0.21234
3	0.37612	0.01419	0.01256	0.01166	0.01520	0.09010	0.00942	0.02188	0.04647	0.09643	0.01863	0.02779	0.01658	0.04050	0.06435	0.00326	0.00768	0.11399	0.00522	0.00797
4	0.12757	0.00992	0.01130	0.01069	0.01351	0.00959	0.00844	0.04346	0.01532	0.02331	0.06943	0.11641	0.05151	0.11226	0.01135	0.00298	0.00570	0.18983	0.00559	0.16181
5	0.49544	0.01220	0.01135	0.01017	0.01415	0.01327	0.00831	0.01870	0.01275	0.02737	0.01398	0.02010	0.01237	0.01475	0.11684	0.00356	0.00767	0.05670	0.00446	0.12585
6	0.07902	0.01365	0.01524	0.01118	0.01727	0.01157	0.00901	0.10042	0.01687	0.02659	0.01299	0.01480	0.01051	0.00579	0.00543	0.00128	0.00561	0.00446	0.00459	0.63372
7	0.01762	0.01692	0.02890	0.04371	0.70533	0.01692	0.02185	0.02185	0.01621	0.02326	0.01339	0.01762	0.01128	0.00634	0.00705	0.00211	0.00846	0.00634	0.00352	0.01128
8	0.01477	0.01266	0.01477	0.01055	0.01687	0.00949	0.00844	0.01793	0.01477	0.02320	0.01266	0.01477	0.01055	0.00527	0.00527	0.00105	0.00527	0.00422	0.00422	0.79328
9	0.01116	0.00809	0.01104	0.01251	0.01422	0.00797	0.01085	0.01429	0.01638	0.02110	0.04125	0.07911	0.10908	0.01950	0.00969	0.00319	0.00625	0.59127	0.00656	0.00650
10	0.01628	0.01371	0.01554	0.01172	0.01759	0.01196	0.00935	0.07515	0.13587	0.02612	0.01590	0.01704	0.01265	0.00631	0.00577	0.00138	0.00554	0.00507	0.00499	0.59207

[dist]
# distance from previous block
# <min> <max>
0	5

[block]
# block no. 7 follows, 29 sequences, length 88
# corresponding to MSA columns:
# 1383-1411,1413-1449,1451-1467,1476-1480
name=unknown_H
#
# <colnr> <probs for GDERKNQSTAVLIFYWHMCP>
#	G	D	E	R	K	N	Q	S	T	A	V	L	I	F	Y	W	H	M	C	P
0	0.00991	0.00737	0.00935	0.00963	0.01134	0.00682	0.00752	0.01271	0.01781	0.02387	0.34848	0.12845	0.19734	0.01723	0.00880	0.00258	0.00423	0.16298	0.00716	0.00644
1	0.01017	0.00763	0.01144	0.01144	0.01272	0.00890	0.00890	0.01272	0.01144	0.01653	0.01907	0.02797	0.01780	0.05340	0.72153	0.01144	0.01907	0.00763	0.00381	0.00636
2	0.01477	0.01266	0.01477	0.01055	0.01687	0.00949	0.00844	0.01793	0.01477	0.02320	0.01266	0.01477	0.01055	0.00527	0.00527	0.00105	0.00527	0.00422	0.00422	0.79328
3	0.01758	0.01226	0.01478	0.01084	0.01676	0.00951	0.00870	0.02068	0.01608	0.14660	0.05433	0.01863	0.01501	0.00643	0.00579	0.00133	0.00531	0.00523	0.00525	0.60891
4	0.19973	0.56186	0.03061	0.01171	0.01734	0.04568	0.01120	0.02144	0.01409	0.02028	0.00994	0.01150	0.00881	0.00625	0.00459	0.00169	0.00728	0.00384	0.00338	0.00878
5	0.01687	0.01894	0.04022	0.02893	0.03592	0.01799	0.63305	0.02385	0.06374	0.02329	0.01542	0.01972	0.01156	0.00626	0.00832	0.00240	0.01156	0.00838	0.00385	0.00972
6	0.01658	0.01333	0.01546	0.01118	0.01742	0.01072	0.00900	0.08154	0.01675	0.05129	0.01366	0.01535	0.01096	0.00572	0.00552	0.00120	0.00555	0.00454	0.00467	0.68956
7	0.01206	0.00902	0.01313	0.01602	0.08028	0.00902	0.01246	0.01543	0.01638	0.02150	0.03540	0.07437	0.03816	0.01841	0.00957	0.00317	0.00674	0.59563	0.00627	0.00700
8	0.00985	0.00727	0.00920	0.00872	0.01050	0.00662	0.00654	0.01299	0.01962	0.02727	0.61491	0.05530	0.15466	0.01504	0.00840	0.00226	0.00339	0.01317	0.00767	0.00662
9	0.01036	0.00690	0.00777	0.00777	0.00777	0.00690	0.00431	0.01036	0.01036	0.01381	0.02244	0.04660	0.02589	0.74975	0.03624	0.00690	0.00690	0.01036	0.00431	0.00431
10	0.02660	0.03394	0.02018	0.01834	0.02201	0.72116	0.01376	0.02843	0.02018	0.01743	0.01101	0.01284	0.00917	0.00734	0.00642	0.00183	0.01284	0.00459	0.00367	0.00825
11	0.01662	0.01420	0.01794	0.01297	0.01928	0.01192	0.06514	0.10903	0.01749	0.02613	0.01341	0.01545	0.01078	0.00578	0.00579	0.00131	0.00619	0.00487	0.00456	0.62113
12	0.01734	0.02001	0.04083	0.02938	0.03639	0.05614	0.64337	0.02311	0.01699	0.02252	0.01422	0.01886	0.01072	0.00607	0.00830	0.00237	0.01205	0.00820	0.00361	0.00953
13	0.02660	0.03394	0.02018	0.01834	0.02201	0.72116	0.01376	0.02843	0.02018	0.01743	0.01101	0.01284	0.00917	0.00734	0.00642	0.00183	0.01284	0.00459	0.00367	0.00825
14	0.01477	0.01266	0.01477	0.01055	0.01687	0.00949	0.00844	0.01793	0.01477	0.02320	0.01266	0.01477	0.01055	0.00527	0.00527	0.00105	0.00527	0.00422	0.00422	0.79328
15	0.02660	0.03394	0.02018	0.01834	0.02201	0.72116	0.01376	0.02843	0.02018	0.01743	0.01101	0.01284	0.00917	0.00734	0.00642	0.00183	0.01284	0.00459	0.00367	0.00825
16	0.03195	0.01212	0.01652	0.01267	0.01818	0.01047	0.01047	0.03470	0.02038	0.71026	0.02809	0.02424	0.01763	0.00881	0.00716	0.00220	0.00606	0.00716	0.00881	0.01212
17	0.01477	0.01266	0.01477	0.01055	0.01687	0.00949	0.00844	0.01793	0.01477	0.02320	0.01266	0.01477	0.01055	0.00527	0.00527	0.00105	0.00527	0.00422	0.00422	0.79328
18	0.01477	0.01266	0.01477	0.01055	0.01687	0.00949	0.00844	0.01793	0.01477	0.02320	0.01266	0.01477	0.01055	0.00527	0.00527	0.00105	0.00527	0.00422	0.00422	0.79328
19	0.00842	0.00721	0.00721	0.00721	0.00962	0.00601	0.00541	0.01022	0.01623	0.01924	0.07213	0.06853	0.70244	0.01803	0.00842	0.00240	0.00361	0.01503	0.00661	0.00601
20	0.01158	0.00866	0.01227	0.01186	0.01350	0.01000	0.00929	0.06854	0.01328	0.01890	0.01891	0.02707	0.01733	0.04966	0.66191	0.01067	0.01814	0.00753	0.00409	0.00684
21	0.01477	0.01266	0.01477	0.01055	0.01687	0.00949	0.00844	0.01793	0.01477	0.02320	0.01266	0.01477	0.01055	0.00527	0.00527	0.00105	0.00527	0.00422	0.00422	0.79328
22	0.01327	0.00664	0.00664	0.00664	0.00830	0.00664	0.00498	0.01659	0.01493	0.02655	0.02323	0.02655	0.01825	0.00830	0.00498	0.00166	0.00332	0.00664	0.78928	0.00664
23	0.80005	0.01377	0.01047	0.00936	0.01377	0.01597	0.00771	0.02093	0.01212	0.03195	0.00991	0.01157	0.00771	0.00661	0.00441	0.00220	0.00551	0.00386	0.00441	0.00771
24	0.08516	0.00826	0.00966	0.00953	0.01167	0.00802	0.00751	0.01439	0.03638	0.02572	0.37140	0.05644	0.18553	0.01528	0.00825	0.00246	0.00424	0.12630	0.00702	0.00676
25	0.01327	0.00664	0.00664	0.00664	0.00830	0.00664	0.00498	0.01659	0.01493	0.02655	0.02323	0.02655	0.01825	0.00830	0.00498	0.00166	0.00332	0.00664	0.78928	0.00664
26	0.01558	0.01558	0.02181	0.01869	0.01869	0.02181	0.01558	0.01714	0.01091	0.01714	0.00935	0.01558	0.00935	0.01246	0.02337	0.00312	0.73672	0.00623	0.00312	0.00779
27	0.01762	0.01692	0.02890	0.04371	0.70533	0.01692	0.02185	0.02185	0.01621	0.02326	0.01339	0.01762	0.01128	0.00634	0.00705	0.00211	0.00846	0.00634	0.00352	0.01128
28	0.01428	0.03683	0.71286	0.02030	0.03082	0.01654	0.02631	0.02255	0.01503	0.02255	0.01278	0.01503	0.00902	0.00677	0.00677	0.00226	0.01052	0.00526	0.00301	0.01052
29	0.01034	0.00723	0.00928	0.00876	0.01044	0.00671	0.00657	0.01370	0.01972	0.02839	0.64496	0.05097	0.06310	0.01403	0.00811	0.00219	0.00336	0.01236	0.07306	0.00671
30	0.01813	0.01982	0.02143	0.01861	0.01946	0.18341	0.01516	0.01975	0.01305	0.01720	0.00973	0.01495	0.00931	0.01128	0.01945	0.00282	0.56945	0.00585	0.00324	0.00790
31	0.02011	0.69212	0.03558	0.01222	0.01827	0.02670	0.01204	0.02244	0.01496	0.07463	0.01142	0.01249	0.00985	0.00632	0.00479	0.00158	0.00749	0.00409	0.00353	0.00939
32	0.02660	0.03394	0.02018	0.01834	0.02201	0.72116	0.01376	0.02843	0.02018	0.01743	0.01101	0.01284	0.00917	0.00734	0.00642	0.00183	0.01284	0.00459	0.00367	0.00825
33	0.01878	0.71514	0.07395	0.01262	0.01896	0.02754	0.01295	0.02139	0.01450	0.01707	0.01006	0.01162	0.00913	0.00613	0.00469	0.00156	0.00777	0.00389	0.00304	0.00921
34	0.01622	0.02328	0.19703	0.02777	0.03574	0.01767	0.52854	0.02275	0.01640	0.02275	0.01403	0.01824	0.01039	0.00618	0.00802	0.00237	0.01166	0.00768	0.00346	0.00982
35	0.13527	0.01234	0.01571	0.01222	0.01758	0.01121	0.01010	0.03285	0.01927	0.61902	0.02565	0.02253	0.01629	0.00852	0.00679	0.00220	0.00599	0.00672	0.00822	0.01153
36	0.00873	0.00715	0.00769	0.00771	0.00985	0.00612	0.00572	0.01077	0.01674	0.02081	0.18116	0.11282	0.54458	0.01772	0.00846	0.00241	0.00360	0.01501	0.00683	0.00612
37	0.00927	0.00669	0.00831	0.00922	0.00992	0.00620	0.00605	0.01035	0.01314	0.01745	0.03710	0.49957	0.09550	0.18940	0.01516	0.00371	0.00477	0.01692	0.00599	0.03529
38	0.01327	0.00664	0.00664	0.00664	0.00830	0.00664	0.00498	0.01659	0.01493	0.02655	0.02323	0.02655	0.01825	0.00830	0.00498	0.00166	0.00332	0.00664	0.78928	0.00664
39	0.01428	0.03683	0.71286	0.02030	0.03082	0.01654	0.02631	0.02255	0.01503	0.02255	0.01278	0.01503	0.00902	0.00677	0.00677	0.00226	0.01052	0.00526	0.00301	0.01052
40	0.02647	0.01990	0.02257	0.01718	0.02297	0.02184	0.05240	0.64314	0.03251	0.04359	0.01694	0.01722	0.01203	0.00840	0.00720	0.00215	0.00808	0.00653	0.00692	0.01196
41	0.80005	0.01377	0.01047	0.00936	0.01377	0.01597	0.00771	0.02093	0.01212	0.03195	0.00991	0.01157	0.00771	0.00661	0.00441	0.00220	0.00551	0.00386	0.00441	0.00771
42	0.01327	0.00664	0.00664	0.00664	0.00830	0.00664	0.00498	0.01659	0.01493	0.02655	0.02323	0.02655	0.01825	0.00830	0.00498	0.00166	0.00332	0.00664	0.78928	0.00664
43	0.02660	0.03394	0.02018	0.01834	0.02201	0.72116	0.01376	0.02843	0.02018	0.01743	0.01101	0.01284	0.00917	0.00734	0.00642	0.00183	0.01284	0.00459	0.00367	0.00825
44	0.01036	0.00690	0.00777	0.00777	0.00777	0.00690	0.00431	0.01036	0.01036	0.01381	0.02244	0.04660	0.02589	0.74975	0.03624	0.00690	0.00690	0.01036	0.00431	0.00431
45	0.01190	0.00635	0.00893	0.00893	0.00893	0.00635	0.00575	0.00953	0.00953	0.01270	0.01469	0.02741	0.01549	0.19227	0.02977	0.61122	0.00635	0.00715	0.00337	0.00337
46	0.01034	0.00696	0.00807	0.00807	0.00818	0.00707	0.00470	0.01055	0.01045	0.01403	0.02216	0.04504	0.02521	0.69164	0.09344	0.00728	0.00792	0.01013	0.00427	0.00449
47	0.01558	0.01558	0.02181	0.01869	0.01869	0.02181	0.01558	0.01714	0.01091	0.01714	0.00935	0.01558	0.00935	0.01246	0.02337	0.00312	0.73672	0.00623	0.00312	0.00779
48	0.01345	0.01266	0.02136	0.73264	0.04904	0.01582	0.01978	0.01819	0.01424	0.01819	0.01266	0.01898	0.00949	0.00712	0.00712	0.00237	0.00949	0.00633	0.00316	0.00791
49	0.31603	0.01355	0.01356	0.07169	0.01824	0.01550	0.01001	0.04992	0.25799	0.02962	0.08501	0.02421	0.04946	0.00907	0.00630	0.00230	0.00569	0.00700	0.00584	0.00900
50	0.01327	0.00664	0.00664	0.00664	0.00830	0.00664	0.00498	0.01659	0.01493	0.02655	0.02323	0.02655	0.01825	0.00830	0.00498	0.00166	0.00332	0.00664	0.78928	0.00664
51	0.01712	0.01367	0.01505	0.01312	0.01673	0.01510	0.01028	0.15433	0.35390	0.03231	0.23824	0.03311	0.03418	0.01099	0.00758	0.00231	0.00534	0.00925	0.00741	0.01000
52	0.80005	0.01377	0.01047	0.00936	0.01377	0.01597	0.00771	0.02093	0.01212	0.03195	0.00991	0.01157	0.00771	0.00661	0.00441	0.00220	0.00551	0.00386	0.00441	0.00771
53	0.00867	0.00623	0.00822	0.00981	0.01030	0.00579	0.00657	0.00993	0.01373	0.01822	0.04046	0.72006	0.07135	0.02215	0.00906	0.00287	0.00411	0.02005	0.00661	0.00579
54	0.02084	0.01685	0.01786	0.01512	0.01971	0.01917	0.01203	0.25277	0.47245	0.03483	0.02501	0.02340	0.01852	0.00929	0.00720	0.00232	0.00637	0.00750	0.00720	0.01155
55	0.01482	0.11759	0.63679	0.01938	0.02941	0.01785	0.02472	0.02241	0.01497	0.02190	0.01245	0.01463	0.00903	0.00669	0.00652	0.00217	0.01020	0.00510	0.00301	0.01037
56	0.02623	0.01296	0.01820	0.01407	0.01943	0.01182	0.06612	0.03141	0.10155	0.46885	0.02509	0.02331	0.01685	0.01030	0.03877	0.00254	0.00700	0.00710	0.00750	0.09091
57	0.03195	0.01212	0.01652	0.01267	0.01818	0.01047	0.01047	0.03470	0.02038	0.71026	0.02809	0.02424	0.01763	0.00881	0.00716	0.00220	0.00606	0.00716	0.00881	0.01212
58	0.01028	0.00722	0.00937	0.00937	0.00992	0.00777	0.00631	0.01138	0.01083	0.01499	0.02097	0.03848	0.02236	0.44629	0.33488	0.00888	0.01221	0.00917	0.00410	0.00520
59	0.01863	0.02163	0.03695	0.02915	0.09410	0.14332	0.50209	0.02373	0.01736	0.02189	0.01371	0.01793	0.01056	0.00627	0.00793	0.00227	0.01184	0.00754	0.00361	0.00951
60	0.00936	0.00674	0.00893	0.01043	0.01123	0.00639	0.00760	0.01106	0.01432	0.01883	0.04031	0.53123	0.08330	0.04308	0.01003	0.00307	0.00474	0.16688	0.00653	0.00593
61	0.00862	0.00642	0.00803	0.00932	0.01017	0.00583	0.00635	0.00998	0.01420	0.01841	0.04644	0.59721	0.19035	0.02137	0.00894	0.00279	0.00402	0.01910	0.00661	0.00583
62	0.01784	0.01698	0.01873	0.01721	0.04492	0.09130	0.05140	0.03126	0.42884	0.02579	0.02432	0.02769	0.01969	0.01021	0.00914	0.00249	0.08444	0.06165	0.00602	0.01009
63	0.02450	0.04105	0.02264	0.02265	0.21022	0.01341	0.07934	0.02778	0.01796	0.37766	0.02160	0.02299	0.01545	0.05922	0.00918	0.00250	0.00743	0.00716	0.00630	0.01099
64	0.01439	0.03605	0.68310	0.02073	0.03110	0.01660	0.05528	0.02256	0.01511	0.02256	0.01285	0.01522	0.00910	0.00673	0.00684	0.00226	0.01059	0.00540	0.00303	0.01048
65	0.01002	0.00731	0.00959	0.00910	0.01077	0.00687	0.00685	0.01326	0.01928	0.02720	0.62077	0.05167	0.08713	0.01793	0.06792	0.00301	0.00468	0.01252	0.00746	0.00666
66	0.01047	0.00741	0.01033	0.01033	0.01138	0.00832	0.00768	0.01258	0.01152	0.01684	0.02007	0.03147	0.01941	0.18496	0.52856	0.00974	0.01539	0.00808	0.06947	0.00598
67	0.03195	0.01212	0.01652	0.01267	0.01818	0.01047	0.01047	0.03470	0.02038	0.71026	0.02809	0.02424	0.01763	0.00881	0.00716	0.00220	0.00606	0.00716	0.00881	0.01212
68	0.01428	0.03683	0.71286	0.02030	0.03082	0.01654	0.02631	0.02255	0.01503	0.02255	0.01278	0.01503	0.00902	0.00677	0.00677	0.00226	0.01052	0.00526	0.00301	0.01052
69	0.01237	0.00618	0.00928	0.00928	0.00928	0.00618	0.00618	0.00928	0.00928	0.01237	0.01237	0.02165	0.01237	0.02474	0.02783	0.79283	0.00618	0.00618	0.00309	0.00309
70	0.01317	0.00743	0.00896	0.00835	0.01034	0.00700	0.00634	0.01646	0.01811	0.08466	0.37713	0.04024	0.04370	0.01160	0.00694	0.00201	0.00357	0.00993	0.31693	0.00714
71	0.01327	0.00664	0.00664	0.00664	0.00830	0.00664	0.00498	0.01659	0.01493	0.02655	0.02323	0.02655	0.01825	0.00830	0.00498	0.00166	0.00332	0.00664	0.78928	0.00664
72	0.01904	0.75404	0.03731	0.01218	0.01828	0.02818	0.01218	0.02132	0.01447	0.01675	0.00990	0.01142	0.00914	0.00609	0.00457	0.00152	0.00761	0.00381	0.00305	0.00914
73	0.01776	0.01749	0.02780	0.09983	0.61350	0.05502	0.02124	0.02190	0.01626	0.02252	0.01320	0.01748	0.01102	0.00646	0.00702	0.00212	0.00878	0.00625	0.00350	0.01083
74	0.01327	0.00664	0.00664	0.00664	0.00830	0.00664	0.00498	0.01659	0.01493	0.02655	0.02323	0.02655	0.01825	0.00830	0.00498	0.00166	0.00332	0.00664	0.78928	0.00664
75	0.00882	0.00631	0.00839	0.00981	0.01036	0.00588	0.00662	0.01029	0.01432	0.01927	0.10888	0.67236	0.04921	0.02149	0.00902	0.00282	0.00405	0.01947	0.00674	0.00588
76	0.02208	0.01918	0.02789	0.02113	0.02663	0.07033	0.25577	0.22195	0.08131	0.09737	0.01721	0.01898	0.01260	0.00796	0.00880	0.00232	0.06533	0.00721	0.00546	0.01051
77	0.02645	0.02016	0.02099	0.01633	0.02185	0.04768	0.01340	0.61591	0.07547	0.04289	0.01764	0.01755	0.01262	0.00857	0.00711	0.00214	0.00788	0.00645	0.00700	0.01191
78	0.01762	0.01692	0.02890	0.04371	0.70533	0.01692	0.02185	0.02185	0.01621	0.02326	0.01339	0.01762	0.01128	0.00634	0.00705	0.00211	0.00846	0.00634	0.00352	0.01128
79	0.02410	0.02901	0.02013	0.01790	0.02117	0.53104	0.01375	0.05134	0.04389	0.01909	0.01170	0.01402	0.00983	0.00821	0.00914	0.00204	0.12747	0.00503	0.00386	0.03728
80	0.00849	0.00722	0.00732	0.00729	0.00966	0.00604	0.00547	0.01036	0.01640	0.01965	0.10006	0.06785	0.67426	0.01788	0.00841	0.00240	0.00360	0.01493	0.00667	0.00604
81	0.01579	0.01326	0.01532	0.01103	0.01731	0.01054	0.00886	0.07332	0.01633	0.02501	0.01303	0.01496	0.01068	0.00555	0.00543	0.00115	0.00549	0.00440	0.00446	0.72809
82	0.00979	0.00708	0.00952	0.01090	0.01195	0.00667	0.00815	0.01172	0.01451	0.01934	0.03760	0.51291	0.04364	0.02076	0.00914	0.00293	0.00491	0.21103	0.00649	0.04095
83	0.00998	0.00727	0.00938	0.00886	0.01058	0.00668	0.00664	0.01325	0.01993	0.02801	0.66484	0.05409	0.10427	0.01476	0.00840	0.00225	0.00337	0.01300	0.00777	0.00668
84	0.01762	0.01692	0.02890	0.04371	0.70533	0.01692	0.02185	0.02185	0.01621	0.02326	0.01339	0.01762	0.01128	0.00634	0.00705	0.00211	0.00846	0.00634	0.00352	0.01128
85	0.01034	0.00695	0.00798	0.00798	0.00806	0.00702	0.00458	0.01049	0.01042	0.01397	0.02224	0.04551	0.02542	0.70911	0.07624	0.00717	0.00761	0.01020	0.00429	0.00443
86	0.01762	0.01692	0.02890	0.04371	0.70533	0.01692	0.02185	0.02185	0.01621	0.02326	0.01339	0.01762	0.01128	0.00634	0.00705	0.00211	0.00846	0.00634	0.00352	0.01128
87	0.01442	0.01127	0.01289	0.00964	0.01489	0.00883	0.00764	0.01762	0.01480	0.02398	0.01510	0.01749	0.01233	0.00597	0.00521	0.00119	0.00482	0.00478	0.18563	0.61151

[dist]
# distance from previous block
# <min> <max>
0	0

# created by:
# /home/cegg/simao/soft/augustus-3.2.1/scripts/msa2prfl.pl ./align_prep/EOG090W0CZC.fa
