[name]
unknown

[dist]
# distance from previous block
# <min> <max>
4	38

[block]
# block no. 0 follows, 30 sequences, length 28
# corresponding to MSA columns:
# 65-92
name=unknown_A
#
# <colnr> <probs for GDERKNQSTAVLIFYWHMCP>
#	G	D	E	R	K	N	Q	S	T	A	V	L	I	F	Y	W	H	M	C	P
0	0.01414	0.04222	0.07455	0.01126	0.01717	0.01062	0.00989	0.01815	0.03669	0.02271	0.06226	0.01802	0.01477	0.00837	0.04028	0.00177	0.00622	0.00509	0.00432	0.58149
1	0.00916	0.00706	0.00837	0.00815	0.01001	0.00626	0.00607	0.01175	0.01792	0.02386	0.42223	0.09179	0.32018	0.01599	0.00827	0.00229	0.00343	0.01381	0.00715	0.00626
2	0.01026	0.00784	0.00950	0.00902	0.01098	0.00747	0.00678	0.01479	0.08428	0.02612	0.50531	0.07477	0.17723	0.01466	0.00815	0.00226	0.00358	0.01278	0.00737	0.00686
3	0.01657	0.14043	0.17676	0.06527	0.22393	0.03277	0.07670	0.06781	0.01619	0.02199	0.01434	0.05245	0.01249	0.04334	0.00804	0.00231	0.00873	0.00658	0.00369	0.00963
4	0.01423	0.03443	0.65331	0.02081	0.03081	0.01635	0.08940	0.02212	0.01490	0.02212	0.01268	0.01513	0.00901	0.00656	0.00678	0.00222	0.01045	0.00545	0.00300	0.01023
5	0.00846	0.00714	0.00737	0.00748	0.00978	0.00604	0.00572	0.01033	0.01592	0.01900	0.06829	0.06798	0.66086	0.01779	0.00835	0.00242	0.00374	0.06094	0.00648	0.00593
6	0.01447	0.01240	0.01447	0.01034	0.01654	0.00930	0.00827	0.01757	0.01447	0.02274	0.01240	0.01447	0.01034	0.00517	0.00517	0.00103	0.00517	0.00413	0.00413	0.79742
7	0.00960	0.00712	0.00895	0.00849	0.01026	0.00647	0.00637	0.01264	0.01911	0.02646	0.60101	0.05464	0.17334	0.01484	0.00823	0.00222	0.00333	0.01297	0.00748	0.00647
8	0.00998	0.00726	0.00922	0.00917	0.00987	0.00774	0.00629	0.01112	0.01122	0.01523	0.02598	0.05784	0.09424	0.39049	0.27674	0.00768	0.03057	0.00981	0.00431	0.00524
9	0.01088	0.00964	0.01019	0.01108	0.01186	0.08646	0.00775	0.01226	0.01416	0.01806	0.05914	0.60046	0.04069	0.01940	0.00938	0.00271	0.04668	0.01709	0.00601	0.00608
10	0.02617	0.01866	0.02021	0.01566	0.02110	0.02051	0.01288	0.59208	0.08239	0.09067	0.01840	0.01796	0.01297	0.00848	0.00699	0.00212	0.00739	0.00646	0.00711	0.01181
11	0.01711	0.01643	0.02702	0.06749	0.41076	0.01747	0.10115	0.04757	0.09715	0.02339	0.01473	0.01833	0.01195	0.00735	0.00888	0.00226	0.09000	0.00666	0.00397	0.01034
12	0.01950	0.04899	0.04380	0.16724	0.02563	0.18107	0.01386	0.02948	0.29335	0.07607	0.01957	0.02018	0.01468	0.00811	0.00676	0.00217	0.00823	0.00642	0.00525	0.00962
13	0.00850	0.00607	0.00810	0.00972	0.01012	0.00567	0.00648	0.00972	0.01336	0.01781	0.03846	0.75020	0.04615	0.02186	0.00891	0.00283	0.00405	0.01984	0.00648	0.00567
14	0.05809	0.01987	0.17889	0.03595	0.02501	0.03150	0.13763	0.08678	0.01879	0.30814	0.01916	0.01925	0.01284	0.00749	0.00701	0.00220	0.00836	0.00653	0.00582	0.01069
15	0.03739	0.31832	0.23526	0.01956	0.10829	0.09953	0.05004	0.02215	0.01523	0.01962	0.01129	0.01352	0.00923	0.00634	0.00579	0.00187	0.00913	0.00476	0.00316	0.00951
16	0.05984	0.02417	0.02354	0.02415	0.18145	0.33074	0.08827	0.08365	0.05742	0.02270	0.01311	0.01548	0.01052	0.00715	0.00709	0.00203	0.02956	0.00566	0.00407	0.00938
17	0.00850	0.00607	0.00810	0.00972	0.01012	0.00567	0.00648	0.00972	0.01336	0.01781	0.03846	0.75020	0.04615	0.02186	0.00891	0.00283	0.00405	0.01984	0.00648	0.00567
18	0.01048	0.00762	0.01029	0.01012	0.01087	0.00864	0.00732	0.01208	0.01098	0.01577	0.01951	0.03308	0.01979	0.29512	0.40879	0.00872	0.05463	0.00829	0.04227	0.00562
19	0.00854	0.00666	0.00775	0.00837	0.00983	0.00587	0.00594	0.01024	0.01527	0.01944	0.12823	0.35145	0.35946	0.01905	0.00852	0.00254	0.00372	0.01663	0.00661	0.00587
20	0.00967	0.00686	0.00867	0.00908	0.00973	0.00694	0.00616	0.01084	0.01207	0.01622	0.05113	0.19632	0.07877	0.33674	0.17211	0.00623	0.00835	0.04387	0.00499	0.00526
21	0.01626	0.01842	0.03991	0.07366	0.03719	0.01751	0.64426	0.02207	0.01631	0.02207	0.01401	0.01881	0.01051	0.00595	0.00816	0.00235	0.01161	0.00811	0.00350	0.00931
22	0.01037	0.00794	0.01145	0.01124	0.01223	0.00936	0.00858	0.01246	0.01103	0.01588	0.01846	0.02900	0.01792	0.14378	0.58416	0.01004	0.06855	0.00774	0.00376	0.00606
23	0.01460	0.01252	0.01453	0.01051	0.01661	0.00966	0.00839	0.01844	0.04492	0.02303	0.01312	0.01499	0.01082	0.00536	0.00525	0.00109	0.00518	0.00430	0.00427	0.76241
24	0.01352	0.00972	0.01149	0.01088	0.01337	0.00995	0.00829	0.02120	0.22137	0.08084	0.25344	0.16127	0.10016	0.01416	0.00797	0.00241	0.00445	0.04016	0.00722	0.00812
25	0.01554	0.01540	0.02297	0.25157	0.29592	0.07620	0.04459	0.01931	0.01494	0.01971	0.01461	0.06382	0.01293	0.01126	0.06292	0.00292	0.03590	0.00709	0.00356	0.00887
26	0.01899	0.01610	0.01692	0.04813	0.01990	0.07520	0.01095	0.18685	0.09727	0.04334	0.01628	0.01866	0.01291	0.00724	0.00621	0.00167	0.00672	0.02658	0.00525	0.36481
27	0.02263	0.01475	0.05512	0.01879	0.11884	0.01322	0.07700	0.10346	0.04522	0.30571	0.06567	0.02744	0.05239	0.00918	0.00735	0.00223	0.00698	0.03684	0.00661	0.01056

[dist]
# distance from previous block
# <min> <max>
2	5

[block]
# block no. 1 follows, 30 sequences, length 26
# corresponding to MSA columns:
# 98-123
name=unknown_B
#
# <colnr> <probs for GDERKNQSTAVLIFYWHMCP>
#	G	D	E	R	K	N	Q	S	T	A	V	L	I	F	Y	W	H	M	C	P
0	0.01966	0.20793	0.14594	0.01921	0.08194	0.26146	0.06414	0.02395	0.04714	0.01926	0.01428	0.01610	0.03586	0.00711	0.00621	0.00190	0.00985	0.00537	0.00358	0.00909
1	0.07664	0.05341	0.01638	0.01267	0.01649	0.03569	0.01033	0.11765	0.03517	0.26436	0.07708	0.06533	0.04516	0.01347	0.06367	0.00293	0.06974	0.00786	0.00647	0.00949
2	0.01858	0.01955	0.06895	0.03901	0.13285	0.13918	0.09610	0.04166	0.20891	0.05441	0.06947	0.02175	0.01767	0.00803	0.00705	0.00214	0.00826	0.00701	0.00511	0.03431
3	0.01007	0.00758	0.00859	0.00818	0.00989	0.00704	0.00584	0.04142	0.01663	0.02185	0.27459	0.05473	0.29767	0.18869	0.01457	0.00332	0.00439	0.01256	0.00639	0.00601
4	0.01220	0.00976	0.01251	0.03774	0.08871	0.00969	0.00921	0.08077	0.05479	0.02467	0.22944	0.18270	0.19138	0.01457	0.00800	0.00235	0.00479	0.01272	0.00646	0.00753
5	0.02077	0.02360	0.02367	0.10865	0.32826	0.33520	0.01763	0.02391	0.01742	0.01968	0.01200	0.01532	0.00993	0.00674	0.00664	0.00198	0.01033	0.00544	0.00348	0.00936
6	0.06350	0.01209	0.01282	0.01094	0.01447	0.01299	0.00870	0.17780	0.15054	0.10107	0.02220	0.02282	0.01650	0.00840	0.00598	0.00196	0.00511	0.00662	0.33626	0.00922
7	0.01881	0.01171	0.01408	0.01159	0.01477	0.03770	0.05988	0.13616	0.01826	0.14705	0.02130	0.02648	0.01718	0.14202	0.01143	0.00279	0.00613	0.00727	0.28715	0.00825
8	0.00908	0.00702	0.00822	0.00820	0.00985	0.00645	0.00596	0.01108	0.01559	0.02027	0.22236	0.10498	0.34683	0.10235	0.08708	0.00377	0.00546	0.01327	0.00625	0.00591
9	0.01727	0.01658	0.02832	0.04283	0.71123	0.01658	0.02142	0.02142	0.01589	0.02280	0.01313	0.01727	0.01105	0.00622	0.00691	0.00207	0.00829	0.00622	0.00345	0.01105
10	0.01422	0.01214	0.01420	0.01031	0.01627	0.00915	0.00819	0.01724	0.01442	0.02253	0.01350	0.04550	0.01185	0.00587	0.00533	0.00111	0.00512	0.00480	0.00423	0.76402
11	0.01485	0.13505	0.23841	0.01910	0.09266	0.01605	0.10781	0.05664	0.01610	0.02180	0.04482	0.04208	0.10990	0.04506	0.00830	0.00235	0.00823	0.00768	0.00410	0.00900
12	0.02391	0.02752	0.01880	0.01687	0.02027	0.51564	0.01283	0.08757	0.05307	0.03821	0.01463	0.06989	0.01289	0.00883	0.00751	0.00201	0.05054	0.00614	0.00440	0.00847
13	0.01621	0.01903	0.07338	0.07770	0.11318	0.01731	0.53222	0.02193	0.01615	0.02209	0.01381	0.01842	0.01046	0.00603	0.00792	0.00231	0.01113	0.00771	0.00346	0.00953
14	0.01400	0.02958	0.51046	0.02115	0.05486	0.01542	0.13085	0.02098	0.01521	0.02209	0.03785	0.04518	0.03557	0.00766	0.00709	0.00226	0.00980	0.00679	0.00346	0.00976
15	0.01065	0.00731	0.00925	0.00874	0.01063	0.00661	0.00656	0.01355	0.01879	0.06150	0.53287	0.09097	0.16642	0.01494	0.00821	0.00225	0.00351	0.01306	0.00747	0.00670
16	0.01478	0.01489	0.08222	0.16881	0.29272	0.01355	0.04203	0.01889	0.01541	0.04729	0.04218	0.09576	0.04838	0.00931	0.00726	0.00226	0.00764	0.03005	0.03753	0.00905
17	0.00988	0.00697	0.00874	0.00923	0.01071	0.00633	0.00679	0.01197	0.01603	0.04716	0.20854	0.32657	0.20977	0.01827	0.00858	0.00257	0.00403	0.07476	0.00685	0.00625
18	0.01562	0.28722	0.48166	0.01713	0.02593	0.02017	0.02097	0.02168	0.01454	0.02013	0.01154	0.01350	0.00888	0.00640	0.00588	0.00196	0.00932	0.00466	0.00296	0.00984
19	0.00950	0.00681	0.00863	0.00904	0.00997	0.00654	0.00631	0.01124	0.01456	0.01973	0.21782	0.25242	0.09801	0.19207	0.06511	0.00414	0.00559	0.05073	0.00609	0.00568
20	0.27492	0.01593	0.06827	0.01428	0.05531	0.01505	0.01171	0.14332	0.04535	0.26311	0.01808	0.01762	0.01241	0.00765	0.00612	0.00215	0.00651	0.00570	0.00620	0.01030
21	0.00856	0.00661	0.00782	0.00851	0.00987	0.00587	0.00600	0.01024	0.01516	0.01943	0.12977	0.38611	0.32258	0.01924	0.00856	0.00256	0.00375	0.01688	0.00662	0.00587
22	0.01993	0.57054	0.06976	0.01361	0.01933	0.17109	0.01300	0.02240	0.01536	0.01686	0.01008	0.01167	0.00896	0.00626	0.00497	0.00159	0.00867	0.00397	0.00311	0.00885
23	0.01491	0.01272	0.01352	0.01233	0.01574	0.01413	0.00953	0.02963	0.50243	0.02720	0.10945	0.03625	0.14968	0.01146	0.00743	0.00235	0.00492	0.00963	0.00705	0.00964
24	0.04580	0.14675	0.21120	0.06859	0.02379	0.06622	0.03752	0.02406	0.06387	0.13528	0.01576	0.01748	0.01181	0.01051	0.05715	0.00274	0.04187	0.00570	0.00437	0.00952
25	0.05273	0.07419	0.02146	0.01589	0.02108	0.15337	0.01301	0.49461	0.02834	0.03657	0.01490	0.01540	0.01098	0.00792	0.00658	0.00200	0.00850	0.00568	0.00597	0.01081

[dist]
# distance from previous block
# <min> <max>
0	1

[block]
# block no. 2 follows, 30 sequences, length 20
# corresponding to MSA columns:
# 125-144
name=unknown_C
#
# <colnr> <probs for GDERKNQSTAVLIFYWHMCP>
#	G	D	E	R	K	N	Q	S	T	A	V	L	I	F	Y	W	H	M	C	P
0	0.06536	0.06790	0.04134	0.07550	0.06198	0.04894	0.05256	0.08535	0.01770	0.11521	0.07352	0.02096	0.03799	0.00762	0.00638	0.00184	0.00694	0.00630	0.00507	0.20155
1	0.02162	0.02476	0.02004	0.01961	0.09038	0.40434	0.01388	0.06341	0.01747	0.01894	0.01198	0.01664	0.01078	0.07064	0.01229	0.00252	0.16318	0.00559	0.00373	0.00820
2	0.01001	0.00730	0.01031	0.01031	0.01124	0.00823	0.00759	0.01188	0.01095	0.01553	0.01952	0.03202	0.01945	0.22960	0.55257	0.01009	0.01568	0.00815	0.00386	0.00573
3	0.01904	0.58807	0.03132	0.01216	0.01738	0.11583	0.01142	0.02132	0.01495	0.01749	0.01118	0.01289	0.00987	0.00635	0.00475	0.00155	0.00769	0.00411	0.08404	0.00859
4	0.01942	0.06078	0.02375	0.11649	0.08783	0.01775	0.10547	0.17969	0.08273	0.08349	0.04787	0.01984	0.01459	0.00815	0.00846	0.00221	0.07481	0.00679	0.00516	0.03471
5	0.09954	0.05207	0.01748	0.06561	0.05997	0.06546	0.01119	0.25337	0.02030	0.06577	0.01662	0.02324	0.01445	0.18983	0.01350	0.00321	0.00761	0.00675	0.00521	0.00882
6	0.01567	0.01493	0.02540	0.16614	0.43853	0.01577	0.05584	0.01976	0.01543	0.02161	0.04404	0.02270	0.01471	0.00783	0.00815	0.00227	0.05134	0.04646	0.00373	0.00968
7	0.65223	0.01318	0.01142	0.00981	0.01434	0.01459	0.00809	0.02316	0.01347	0.16584	0.01322	0.01378	0.00947	0.00690	0.00485	0.00216	0.00550	0.00442	0.00517	0.00841
8	0.01417	0.03234	0.59613	0.02142	0.07096	0.01588	0.07060	0.02165	0.01516	0.02244	0.04546	0.01694	0.01179	0.00691	0.00683	0.00221	0.00996	0.00579	0.00324	0.01012
9	0.01606	0.05916	0.02927	0.02115	0.02600	0.01515	0.37323	0.02032	0.03672	0.06875	0.01994	0.06083	0.04696	0.03587	0.01109	0.05866	0.04935	0.03874	0.00434	0.00840
10	0.00877	0.00689	0.00747	0.00776	0.00932	0.00611	0.00544	0.01014	0.01435	0.01767	0.05482	0.16346	0.44868	0.17043	0.01402	0.00336	0.00437	0.03541	0.00601	0.00553
11	0.02933	0.01164	0.01570	0.01222	0.01730	0.01023	0.01002	0.03264	0.04262	0.64452	0.07559	0.02583	0.02084	0.00906	0.00711	0.00217	0.00574	0.00744	0.00852	0.01147
12	0.01434	0.01300	0.08949	0.01477	0.04896	0.01056	0.08083	0.04107	0.01659	0.11154	0.11559	0.20738	0.14553	0.01360	0.00864	0.00242	0.03976	0.01193	0.00595	0.00806
13	0.02360	0.02454	0.10883	0.01591	0.02089	0.30380	0.01369	0.09137	0.09873	0.16012	0.02022	0.02002	0.05064	0.00836	0.00675	0.00205	0.00919	0.00620	0.00540	0.00971
14	0.02204	0.01175	0.01438	0.01185	0.01598	0.01142	0.00949	0.09475	0.13152	0.33021	0.17460	0.03312	0.08643	0.01071	0.00739	0.00221	0.00528	0.00893	0.00783	0.01011
15	0.01761	0.57593	0.07347	0.01381	0.05085	0.02422	0.01278	0.02160	0.06302	0.01877	0.05997	0.01559	0.01388	0.00685	0.00517	0.00167	0.00724	0.00485	0.00362	0.00912
16	0.49079	0.01733	0.09808	0.01445	0.07942	0.04908	0.01161	0.06752	0.01454	0.02871	0.01291	0.06419	0.01109	0.00771	0.00543	0.00218	0.00666	0.00549	0.00438	0.00840
17	0.06200	0.14071	0.10557	0.06381	0.15867	0.05672	0.03411	0.05148	0.01596	0.05644	0.02694	0.01597	0.01128	0.00680	0.00678	0.00189	0.03935	0.00534	0.00395	0.13621
18	0.01937	0.03057	0.03406	0.01986	0.11641	0.05777	0.09375	0.23710	0.08674	0.03014	0.08961	0.03651	0.01868	0.00856	0.00743	0.00210	0.02493	0.00734	0.03026	0.04881
19	0.01685	0.05356	0.12891	0.06033	0.20788	0.05729	0.07259	0.06325	0.12443	0.02378	0.01944	0.02126	0.06125	0.00773	0.00687	0.00210	0.00817	0.00677	0.00439	0.05315

[dist]
# distance from previous block
# <min> <max>
3	14

[block]
# block no. 3 follows, 30 sequences, length 19
# corresponding to MSA columns:
# 159-173,175-178
name=unknown_D
#
# <colnr> <probs for GDERKNQSTAVLIFYWHMCP>
#	G	D	E	R	K	N	Q	S	T	A	V	L	I	F	Y	W	H	M	C	P
0	0.01465	0.01368	0.01847	0.10951	0.16757	0.05093	0.04063	0.01786	0.01486	0.02083	0.01761	0.08753	0.04118	0.03815	0.00765	0.00196	0.00693	0.00714	0.00412	0.31874
1	0.01502	0.03651	0.02903	0.01189	0.01488	0.01272	0.00954	0.10493	0.16614	0.05819	0.07117	0.05909	0.14004	0.07746	0.11011	0.00393	0.03584	0.02925	0.00597	0.00830
2	0.01095	0.00751	0.00880	0.00855	0.00901	0.00780	0.00532	0.04482	0.01145	0.01545	0.02126	0.04162	0.02357	0.61778	0.13170	0.00716	0.00850	0.00958	0.00430	0.00490
3	0.01706	0.17264	0.09846	0.10257	0.18934	0.01775	0.01566	0.10795	0.01679	0.02285	0.01340	0.01787	0.01141	0.06918	0.00859	0.00227	0.00788	0.00568	0.00387	0.09876
4	0.04914	0.02047	0.01984	0.11127	0.02446	0.15823	0.01382	0.41177	0.02617	0.03359	0.01588	0.01937	0.01236	0.00849	0.00690	0.00213	0.00871	0.04157	0.00569	0.01015
5	0.41085	0.11144	0.04854	0.04404	0.05669	0.07887	0.05191	0.04663	0.01428	0.02598	0.01072	0.01305	0.00860	0.00683	0.00618	0.00210	0.04640	0.00461	0.00392	0.00837
6	0.01043	0.00846	0.01111	0.07560	0.05565	0.00843	0.00903	0.01388	0.06375	0.01979	0.06414	0.27840	0.21728	0.03928	0.00919	0.00273	0.00508	0.09509	0.00601	0.00669
7	0.01091	0.00781	0.01082	0.01215	0.01369	0.00771	0.01037	0.01403	0.01640	0.02164	0.12491	0.11223	0.04386	0.01876	0.00941	0.00306	0.00588	0.54336	0.00659	0.00640
8	0.01866	0.75896	0.03657	0.01194	0.01791	0.02761	0.01194	0.02090	0.01418	0.01642	0.00970	0.01119	0.00896	0.00597	0.00448	0.00149	0.00746	0.00373	0.00299	0.00896
9	0.01697	0.01632	0.02758	0.07242	0.64077	0.01681	0.02096	0.02098	0.01550	0.02222	0.01286	0.01721	0.01086	0.00661	0.00785	0.00214	0.05159	0.00621	0.00341	0.01070
10	0.01350	0.01148	0.01723	0.04168	0.01885	0.01119	0.14616	0.04703	0.10333	0.05490	0.14166	0.04459	0.25571	0.01261	0.00802	0.00236	0.00610	0.04949	0.00613	0.00799
11	0.01691	0.01168	0.01437	0.04551	0.05389	0.01209	0.00998	0.11544	0.14594	0.11900	0.24467	0.03558	0.07076	0.06154	0.00941	0.00253	0.00546	0.00943	0.00687	0.00895
12	0.00915	0.00643	0.00831	0.00927	0.00965	0.00633	0.00608	0.01015	0.01218	0.01638	0.03143	0.46331	0.03686	0.23887	0.09773	0.00493	0.00649	0.01562	0.00551	0.00531
13	0.01545	0.01935	0.17076	0.02169	0.11384	0.01572	0.15036	0.05930	0.14100	0.02406	0.03944	0.08726	0.04672	0.00942	0.00839	0.00236	0.05214	0.00846	0.00471	0.00958
14	0.02653	0.01955	0.02094	0.01606	0.02164	0.02164	0.01326	0.68796	0.03281	0.04398	0.01675	0.01675	0.01187	0.00838	0.00698	0.00209	0.00768	0.00628	0.00698	0.01187
15	0.02198	0.01794	0.05493	0.01817	0.09585	0.01849	0.01380	0.37054	0.17489	0.05570	0.01987	0.02118	0.01495	0.00861	0.00697	0.00217	0.00713	0.02608	0.03961	0.01113
16	0.01441	0.01316	0.02103	0.45846	0.17893	0.01522	0.01793	0.04699	0.05450	0.02060	0.01595	0.08300	0.01370	0.00833	0.00714	0.00231	0.00835	0.00750	0.00386	0.00861
17	0.02288	0.01383	0.01588	0.01247	0.01753	0.04412	0.01002	0.13086	0.05449	0.28778	0.04765	0.06365	0.01793	0.00863	0.00664	0.00188	0.00607	0.00702	0.00668	0.22399
18	0.01078	0.04230	0.01014	0.00950	0.01107	0.04655	0.00686	0.01328	0.04270	0.01999	0.11924	0.35001	0.16868	0.04846	0.00913	0.00261	0.00460	0.01457	0.06320	0.00632

[dist]
# distance from previous block
# <min> <max>
0	1

[block]
# block no. 4 follows, 30 sequences, length 46
# corresponding to MSA columns:
# 180-191,197-230
name=unknown_E
#
# <colnr> <probs for GDERKNQSTAVLIFYWHMCP>
#	G	D	E	R	K	N	Q	S	T	A	V	L	I	F	Y	W	H	M	C	P
0	0.01954	0.51099	0.08466	0.01411	0.01960	0.14573	0.01352	0.03907	0.01543	0.01770	0.01025	0.01212	0.00904	0.00671	0.00624	0.00172	0.05728	0.00419	0.00319	0.00890
1	0.01606	0.01228	0.01281	0.08652	0.01721	0.08306	0.00935	0.02223	0.14238	0.08500	0.14438	0.02955	0.05497	0.00957	0.00659	0.00200	0.00559	0.00790	0.20717	0.04539
2	0.05000	0.17434	0.02533	0.04003	0.06180	0.11825	0.06247	0.29709	0.03689	0.04823	0.01421	0.01545	0.01083	0.00733	0.00636	0.00196	0.00852	0.00561	0.00506	0.01022
3	0.02103	0.02245	0.02358	0.08763	0.23377	0.26775	0.04198	0.11076	0.01888	0.02260	0.01240	0.01555	0.01010	0.00743	0.00817	0.00210	0.07477	0.00568	0.00391	0.00947
4	0.01020	0.00729	0.01030	0.01030	0.01136	0.00825	0.00772	0.01232	0.01126	0.01639	0.01951	0.03039	0.01881	0.16744	0.56383	0.00984	0.01568	0.00786	0.05534	0.00591
5	0.06359	0.01091	0.01429	0.01158	0.01610	0.00970	0.00946	0.02849	0.01884	0.53027	0.07242	0.05602	0.07235	0.01054	0.00725	0.00225	0.00553	0.04196	0.00803	0.01041
6	0.01290	0.00782	0.00986	0.00905	0.01138	0.00697	0.00689	0.01563	0.01852	0.13689	0.41312	0.09638	0.19844	0.01460	0.00808	0.00227	0.00382	0.01265	0.00749	0.00723
7	0.51231	0.01215	0.01125	0.00975	0.01390	0.01309	0.00792	0.02285	0.01412	0.19415	0.01650	0.05154	0.01265	0.00789	0.00524	0.00215	0.00528	0.00557	0.07329	0.00841
8	0.01177	0.00824	0.00959	0.00889	0.01137	0.00761	0.00679	0.01589	0.08065	0.08444	0.32335	0.05344	0.32215	0.01474	0.00803	0.00227	0.00383	0.01256	0.00722	0.00717
9	0.00991	0.00707	0.00960	0.01044	0.01128	0.00730	0.00777	0.01170	0.01275	0.01721	0.02925	0.24370	0.03252	0.18314	0.21077	0.00604	0.00919	0.16943	0.00525	0.00570
10	0.01927	0.02062	0.05163	0.07210	0.07504	0.14655	0.33140	0.03984	0.08182	0.06833	0.01558	0.01840	0.01167	0.00682	0.00744	0.00221	0.01041	0.00703	0.00424	0.00957
11	0.17637	0.46130	0.05552	0.06129	0.04092	0.06923	0.01248	0.02113	0.01414	0.01996	0.01017	0.01213	0.00876	0.00625	0.00489	0.00175	0.00764	0.00409	0.00331	0.00866
12	0.22846	0.03207	0.02028	0.24220	0.21284	0.08529	0.01579	0.04647	0.01521	0.02369	0.01183	0.01548	0.00937	0.00669	0.00613	0.00213	0.00820	0.00534	0.00372	0.00881
13	0.01467	0.03141	0.53492	0.02247	0.03190	0.01660	0.20477	0.02217	0.01520	0.02217	0.01296	0.01584	0.00931	0.00643	0.00707	0.00225	0.01071	0.00599	0.00310	0.01007
14	0.00891	0.00660	0.00820	0.00922	0.01022	0.00608	0.00652	0.01047	0.01430	0.01856	0.07895	0.43923	0.19570	0.07487	0.01078	0.00302	0.00433	0.08192	0.00637	0.00573
15	0.01411	0.01363	0.01873	0.01624	0.01651	0.01841	0.01331	0.01567	0.01160	0.01746	0.06047	0.02315	0.06046	0.06115	0.02178	0.00319	0.59588	0.00738	0.00367	0.00723
16	0.01092	0.00682	0.00855	0.00920	0.01047	0.00623	0.00645	0.01260	0.01464	0.07909	0.07159	0.47804	0.13687	0.03416	0.00883	0.00265	0.00409	0.01628	0.07621	0.00632
17	0.01857	0.01502	0.01615	0.01391	0.01793	0.01692	0.01097	0.19330	0.44157	0.03265	0.11945	0.02737	0.02515	0.00986	0.00723	0.00228	0.00574	0.00815	0.00715	0.01063
18	0.01629	0.01262	0.01481	0.01081	0.01682	0.01002	0.00867	0.03296	0.04860	0.08299	0.01457	0.01587	0.01150	0.00574	0.00546	0.00122	0.00530	0.00461	0.00472	0.67644
19	0.00853	0.00636	0.00794	0.00906	0.00998	0.00577	0.00622	0.00999	0.01432	0.01866	0.08579	0.55275	0.19833	0.02045	0.00872	0.00269	0.00389	0.01824	0.00655	0.00577
20	0.01773	0.01663	0.04667	0.19151	0.34244	0.03787	0.07691	0.04804	0.06324	0.06831	0.01509	0.01849	0.01163	0.00686	0.00704	0.00218	0.00865	0.00647	0.00409	0.01014
21	0.53249	0.05195	0.01424	0.01142	0.01590	0.11864	0.00932	0.08378	0.01558	0.07514	0.01170	0.01283	0.00887	0.00687	0.00503	0.00207	0.00677	0.00432	0.00468	0.00838
22	0.00985	0.00734	0.00802	0.00790	0.01007	0.00638	0.00594	0.01172	0.01590	0.05215	0.11608	0.06260	0.51319	0.08571	0.01082	0.00280	0.00412	0.05684	0.00647	0.00611
23	0.01025	0.00707	0.00869	0.00870	0.01004	0.00658	0.00624	0.01231	0.01592	0.04009	0.29478	0.14903	0.14883	0.16952	0.01395	0.00331	0.00443	0.05561	0.02866	0.00599
24	0.01903	0.01877	0.05368	0.02394	0.03005	0.01843	0.40945	0.16546	0.06495	0.05105	0.01572	0.01867	0.01166	0.00719	0.00877	0.00233	0.05866	0.00752	0.00463	0.01004
25	0.01011	0.00716	0.00960	0.01086	0.01186	0.00699	0.00844	0.01224	0.01462	0.01935	0.07918	0.29214	0.04181	0.11874	0.01279	0.00350	0.00549	0.32300	0.00623	0.00589
26	0.01325	0.01250	0.02162	0.52710	0.08573	0.01455	0.08148	0.01745	0.01403	0.01831	0.01498	0.06893	0.01306	0.05751	0.00912	0.00264	0.00895	0.00757	0.00346	0.00776
27	0.01439	0.01300	0.01829	0.01333	0.01928	0.01039	0.11588	0.01781	0.01471	0.02235	0.01440	0.06396	0.01275	0.00639	0.00590	0.00136	0.00614	0.00583	0.00419	0.61963
28	0.01969	0.03771	0.03712	0.01768	0.02269	0.04504	0.15176	0.21645	0.21400	0.04750	0.05599	0.02524	0.01866	0.00900	0.00740	0.00227	0.00781	0.04771	0.00602	0.01026
29	0.01017	0.00675	0.00790	0.00805	0.00831	0.00682	0.00488	0.01072	0.01084	0.01499	0.02327	0.10800	0.02610	0.57529	0.09213	0.00645	0.00733	0.01057	0.05674	0.00469
30	0.04474	0.06936	0.01982	0.01471	0.01990	0.16146	0.01193	0.31138	0.05947	0.05717	0.01512	0.01573	0.01140	0.00741	0.00628	0.00182	0.00796	0.00541	0.00551	0.15342
31	0.01160	0.00987	0.01433	0.01340	0.01426	0.01261	0.01073	0.01379	0.01105	0.01638	0.01577	0.02369	0.01490	0.04002	0.51094	0.00871	0.24072	0.00706	0.00353	0.00666
32	0.01009	0.00755	0.00999	0.01165	0.05657	0.00754	0.00742	0.01136	0.01275	0.01702	0.03201	0.32814	0.07862	0.25644	0.03872	0.00430	0.02873	0.07001	0.00536	0.00572
33	0.01916	0.57657	0.11387	0.01341	0.01984	0.02549	0.01373	0.10968	0.01672	0.02074	0.01097	0.01234	0.00933	0.00637	0.00506	0.00166	0.00782	0.00424	0.00351	0.00950
34	0.01665	0.01799	0.07217	0.08751	0.46277	0.06288	0.06393	0.02097	0.01622	0.02226	0.05884	0.02082	0.01492	0.00720	0.00710	0.00214	0.00864	0.02318	0.00376	0.01004
35	0.18224	0.05882	0.12751	0.01788	0.02395	0.06470	0.17541	0.13387	0.06266	0.04649	0.01571	0.01736	0.02856	0.00724	0.00654	0.00216	0.00860	0.00616	0.00461	0.00954
36	0.01734	0.49288	0.18889	0.01359	0.02004	0.02228	0.01455	0.02085	0.01452	0.05189	0.01368	0.07606	0.01253	0.00761	0.00547	0.00180	0.00775	0.00560	0.00355	0.00913
37	0.01767	0.01802	0.07325	0.03854	0.59617	0.01692	0.02081	0.06631	0.04056	0.02438	0.01386	0.01737	0.01132	0.00650	0.00690	0.00209	0.00829	0.00621	0.00378	0.01106
38	0.01470	0.06345	0.02323	0.50567	0.15614	0.03482	0.01881	0.01883	0.01423	0.01849	0.01209	0.01751	0.00956	0.00713	0.00784	0.00226	0.05768	0.00599	0.00316	0.00839
39	0.03790	0.01535	0.06582	0.08675	0.16064	0.04298	0.05861	0.02348	0.10125	0.13545	0.09893	0.04190	0.05862	0.00899	0.00715	0.00218	0.00711	0.00791	0.00544	0.03354
40	0.01743	0.01658	0.02622	0.11144	0.51348	0.03727	0.04031	0.06568	0.03772	0.02358	0.01534	0.01896	0.03077	0.00688	0.00699	0.00212	0.00837	0.00652	0.00385	0.01048
41	0.07330	0.23725	0.21260	0.01447	0.02118	0.03983	0.01502	0.04902	0.04878	0.20110	0.01623	0.01634	0.01166	0.00716	0.00597	0.00198	0.00778	0.00528	0.00488	0.01016
42	0.12085	0.14724	0.33449	0.01800	0.08375	0.03864	0.01813	0.02168	0.01503	0.05624	0.04045	0.01876	0.01298	0.00747	0.00620	0.00210	0.00841	0.03628	0.00382	0.00947
43	0.11501	0.11710	0.02507	0.01883	0.07254	0.08503	0.16268	0.06486	0.07984	0.14593	0.01708	0.03720	0.01307	0.00750	0.00660	0.00211	0.00820	0.00654	0.00506	0.00975
44	0.04888	0.04045	0.02536	0.03267	0.45472	0.06506	0.01814	0.11581	0.05027	0.02553	0.01377	0.01679	0.01123	0.00703	0.00749	0.00210	0.04394	0.00602	0.00413	0.01061
45	0.10329	0.04754	0.08409	0.01466	0.03631	0.17506	0.01229	0.07013	0.01853	0.25807	0.02122	0.06805	0.04289	0.00897	0.00662	0.00210	0.00782	0.00691	0.00582	0.00964

[dist]
# distance from previous block
# <min> <max>
3	11

[block]
# block no. 5 follows, 30 sequences, length 15
# corresponding to MSA columns:
# 242-256
name=unknown_F
#
# <colnr> <probs for GDERKNQSTAVLIFYWHMCP>
#	G	D	E	R	K	N	Q	S	T	A	V	L	I	F	Y	W	H	M	C	P
0	0.16276	0.17342	0.30921	0.01679	0.05210	0.11408	0.01734	0.02219	0.01482	0.02205	0.01123	0.01321	0.00878	0.00649	0.00570	0.00196	0.00892	0.00455	0.00335	0.03106
1	0.01514	0.15410	0.41761	0.01855	0.07875	0.01691	0.01983	0.02100	0.01468	0.02130	0.01206	0.01428	0.00931	0.00621	0.00601	0.00186	0.00872	0.00481	0.00321	0.15565
2	0.01747	0.12383	0.43230	0.01745	0.02590	0.01851	0.02016	0.17311	0.01876	0.02638	0.01312	0.01472	0.00963	0.00686	0.00635	0.00202	0.00906	0.00517	0.00394	0.05525
3	0.05202	0.06966	0.26782	0.01874	0.05451	0.07171	0.08745	0.08244	0.11688	0.02514	0.05458	0.01869	0.01445	0.00749	0.00670	0.00212	0.00870	0.00622	0.00440	0.03028
4	0.02020	0.01077	0.03182	0.01116	0.01530	0.00877	0.00900	0.02282	0.01728	0.33714	0.09191	0.18315	0.04733	0.01163	0.00724	0.00211	0.00519	0.00999	0.00706	0.15014
5	0.01695	0.01922	0.12951	0.08623	0.29995	0.01648	0.17124	0.02372	0.08960	0.05482	0.01552	0.01860	0.01188	0.00672	0.00720	0.00221	0.00905	0.00674	0.00400	0.01035
6	0.01527	0.01559	0.03059	0.02494	0.09197	0.01478	0.41006	0.04862	0.01651	0.02253	0.01947	0.14019	0.01833	0.00944	0.00812	0.00239	0.00937	0.05231	0.00436	0.04516
7	0.00974	0.00713	0.00914	0.00864	0.01034	0.00653	0.00648	0.01291	0.01943	0.02722	0.65461	0.05338	0.11925	0.01455	0.00823	0.00221	0.00331	0.01280	0.00758	0.00653
8	0.01858	0.01851	0.01867	0.06542	0.09584	0.15311	0.01351	0.03079	0.39660	0.02448	0.02084	0.02119	0.01611	0.00873	0.00815	0.00228	0.06493	0.00681	0.00546	0.01000
9	0.00988	0.00713	0.00933	0.00878	0.01043	0.00658	0.00658	0.01317	0.01975	0.02798	0.70754	0.05213	0.06584	0.01427	0.00823	0.00219	0.00329	0.01262	0.00768	0.00658
10	0.01754	0.01671	0.02739	0.03419	0.45034	0.01709	0.11415	0.05122	0.15141	0.02484	0.01643	0.01920	0.01304	0.00690	0.00714	0.00217	0.00822	0.00684	0.00433	0.01085
11	0.01015	0.00677	0.00761	0.00761	0.00761	0.00677	0.00423	0.01015	0.01015	0.01353	0.02199	0.04567	0.02537	0.75476	0.03552	0.00677	0.00677	0.01015	0.00423	0.00423
12	0.02820	0.01357	0.01895	0.01843	0.14642	0.01265	0.01264	0.10203	0.02060	0.51559	0.02371	0.02180	0.01554	0.00816	0.00699	0.00214	0.00656	0.00679	0.00750	0.01172
13	0.01493	0.01515	0.04856	0.48850	0.08019	0.01640	0.15270	0.06119	0.01578	0.02079	0.01306	0.01833	0.00980	0.00679	0.00721	0.00230	0.00967	0.00658	0.00344	0.00861
14	0.06388	0.01787	0.02258	0.01883	0.04967	0.12984	0.16512	0.09391	0.05346	0.06761	0.07023	0.02370	0.01738	0.00881	0.00860	0.00223	0.07444	0.04956	0.00496	0.05732

[dist]
# distance from previous block
# <min> <max>
6	12

[block]
# block no. 6 follows, 30 sequences, length 6
# corresponding to MSA columns:
# 269-274
name=unknown_G
#
# <colnr> <probs for GDERKNQSTAVLIFYWHMCP>
#	G	D	E	R	K	N	Q	S	T	A	V	L	I	F	Y	W	H	M	C	P
0	0.01558	0.01988	0.15352	0.29534	0.21930	0.05947	0.09660	0.02070	0.01526	0.02041	0.01272	0.01719	0.00981	0.00660	0.00700	0.00221	0.00970	0.00614	0.00325	0.00932
1	0.06131	0.02747	0.35489	0.12844	0.08293	0.13868	0.02015	0.02178	0.01572	0.02152	0.05352	0.01718	0.01243	0.00719	0.00661	0.00214	0.00969	0.00565	0.00348	0.00922
2	0.14661	0.14689	0.02954	0.05558	0.09787	0.08636	0.25017	0.04411	0.01611	0.04544	0.01266	0.01561	0.00991	0.00638	0.00648	0.00207	0.00926	0.00596	0.00382	0.00916
3	0.16650	0.01718	0.01942	0.01913	0.13910	0.01897	0.01327	0.34374	0.13432	0.03557	0.01672	0.01736	0.01247	0.00783	0.00650	0.00215	0.00701	0.00607	0.00590	0.01080
4	0.01000	0.00722	0.00987	0.00978	0.01074	0.00780	0.00709	0.01193	0.01239	0.01749	0.13902	0.03683	0.02806	0.24324	0.40804	0.00840	0.01267	0.00912	0.00456	0.00573
5	0.02136	0.14405	0.06768	0.02084	0.08954	0.14881	0.13984	0.13897	0.01930	0.07851	0.01381	0.01585	0.01063	0.00724	0.00761	0.00206	0.05383	0.00587	0.00438	0.00982

[dist]
# distance from previous block
# <min> <max>
0	2

[block]
# block no. 7 follows, 30 sequences, length 18
# corresponding to MSA columns:
# 277-294
name=unknown_H
#
# <colnr> <probs for GDERKNQSTAVLIFYWHMCP>
#	G	D	E	R	K	N	Q	S	T	A	V	L	I	F	Y	W	H	M	C	P
0	0.02090	0.01587	0.05912	0.01526	0.04147	0.01545	0.03989	0.28988	0.08193	0.12111	0.07165	0.04105	0.03490	0.01116	0.03579	0.00253	0.00722	0.02327	0.06136	0.01019
1	0.01798	0.04201	0.07729	0.03205	0.37128	0.01682	0.15581	0.08143	0.01757	0.05292	0.01550	0.02107	0.01279	0.00723	0.00725	0.00219	0.00885	0.04541	0.00412	0.01043
2	0.01482	0.01382	0.02285	0.19670	0.42239	0.01442	0.01831	0.01872	0.01539	0.02102	0.02065	0.04596	0.07629	0.00885	0.00731	0.00227	0.00784	0.05913	0.00396	0.00933
3	0.09169	0.01830	0.06666	0.01393	0.01885	0.07263	0.01194	0.35705	0.02476	0.06448	0.07256	0.02564	0.11203	0.00971	0.00693	0.00213	0.00708	0.00750	0.00624	0.00986
4	0.02098	0.03215	0.02093	0.01711	0.05459	0.01472	0.11841	0.20629	0.04956	0.17825	0.09593	0.08150	0.02300	0.01015	0.00755	0.00227	0.00708	0.04299	0.00653	0.01001
5	0.01742	0.20915	0.39087	0.01812	0.02622	0.07600	0.07250	0.04504	0.01596	0.04937	0.01258	0.01446	0.00946	0.00660	0.00623	0.00201	0.00965	0.00511	0.00342	0.00985
6	0.01400	0.03610	0.71860	0.01989	0.03020	0.01621	0.02578	0.02210	0.01473	0.02210	0.01252	0.01473	0.00884	0.00663	0.00663	0.00221	0.01031	0.00516	0.00295	0.01031
7	0.01703	0.01393	0.04897	0.06837	0.04226	0.01148	0.05207	0.06178	0.01637	0.09918	0.01527	0.01721	0.01167	0.00626	0.00590	0.00153	0.00631	0.00529	0.06694	0.43220
8	0.01219	0.00610	0.00889	0.00889	0.00902	0.00610	0.00597	0.00966	0.00953	0.01322	0.01296	0.02159	0.01258	0.02297	0.02550	0.73416	0.00584	0.00610	0.06545	0.00330
9	0.01116	0.00776	0.00870	0.00852	0.01054	0.00786	0.00650	0.01543	0.08321	0.02200	0.05889	0.04049	0.24418	0.02087	0.15846	0.00398	0.00683	0.00971	0.26823	0.00671
10	0.01638	0.10370	0.28563	0.09166	0.04815	0.06006	0.05441	0.07144	0.04693	0.02200	0.01390	0.04494	0.01138	0.00807	0.00847	0.00224	0.09138	0.00617	0.00370	0.00942
11	0.01987	0.01307	0.01443	0.01249	0.01639	0.01418	0.00985	0.07917	0.38669	0.16261	0.02630	0.02492	0.01918	0.00897	0.00664	0.00216	0.00532	0.00734	0.16002	0.01038
12	0.01484	0.06070	0.07570	0.01598	0.08503	0.07299	0.03404	0.06085	0.09742	0.02081	0.02260	0.11380	0.05092	0.14155	0.09827	0.00407	0.00878	0.00895	0.00472	0.00799
13	0.01066	0.00686	0.00990	0.00986	0.01074	0.00729	0.00724	0.01096	0.01130	0.01553	0.06147	0.02999	0.08007	0.03592	0.34467	0.31931	0.01145	0.00787	0.00394	0.00496
14	0.01337	0.01204	0.01710	0.07511	0.08147	0.01481	0.01274	0.01665	0.04114	0.02065	0.15849	0.02761	0.05421	0.01522	0.07813	0.00334	0.30509	0.00807	0.03713	0.00763
15	0.04061	0.01889	0.09527	0.01538	0.04435	0.09889	0.01290	0.12457	0.10937	0.14587	0.01828	0.04078	0.01393	0.00803	0.00701	0.00197	0.02990	0.00622	0.00556	0.16222
16	0.01578	0.04726	0.08239	0.12112	0.16146	0.01280	0.01443	0.03982	0.01679	0.09850	0.12261	0.05581	0.05449	0.00991	0.00722	0.00218	0.00683	0.05973	0.00517	0.06572
17	0.04011	0.15085	0.05332	0.01743	0.07015	0.26803	0.01360	0.10153	0.05070	0.02173	0.01551	0.01738	0.04497	0.00983	0.03623	0.00236	0.06759	0.00562	0.00414	0.00891

[dist]
# distance from previous block
# <min> <max>
0	4

[block]
# block no. 8 follows, 30 sequences, length 12
# corresponding to MSA columns:
# 299-310
name=unknown_I
#
# <colnr> <probs for GDERKNQSTAVLIFYWHMCP>
#	G	D	E	R	K	N	Q	S	T	A	V	L	I	F	Y	W	H	M	C	P
0	0.01583	0.05089	0.44499	0.02470	0.15089	0.01714	0.10826	0.06417	0.01629	0.02347	0.01302	0.01573	0.00965	0.00655	0.00684	0.00218	0.00989	0.00577	0.00337	0.01039
1	0.00987	0.00731	0.00951	0.05243	0.01282	0.00719	0.00751	0.03804	0.01472	0.01949	0.08420	0.47992	0.09437	0.07841	0.01080	0.00303	0.00476	0.05336	0.00620	0.00605
2	0.01594	0.02935	0.50055	0.01801	0.02644	0.01610	0.02116	0.02655	0.18307	0.06870	0.01739	0.01809	0.01245	0.00746	0.00677	0.00225	0.00885	0.00595	0.00433	0.01059
3	0.01394	0.01341	0.02339	0.59770	0.12939	0.01580	0.07053	0.01862	0.01439	0.01879	0.01262	0.01846	0.00962	0.00680	0.00706	0.00230	0.00936	0.00636	0.00318	0.00829
4	0.01545	0.01396	0.07583	0.01672	0.02061	0.01234	0.16368	0.04644	0.06827	0.10202	0.02637	0.23446	0.02596	0.01321	0.00891	0.00259	0.04251	0.09654	0.00567	0.00846
5	0.01593	0.02230	0.24191	0.09165	0.44655	0.01638	0.02261	0.02134	0.01537	0.02218	0.01288	0.01659	0.01023	0.00641	0.00683	0.00214	0.00900	0.00589	0.00327	0.01056
6	0.00949	0.00688	0.00916	0.01063	0.01165	0.00656	0.00812	0.01148	0.01458	0.01903	0.04084	0.44164	0.10418	0.02053	0.00912	0.00293	0.00487	0.25589	0.00646	0.00597
7	0.01104	0.00825	0.00934	0.00896	0.01072	0.00807	0.00627	0.01455	0.09191	0.01891	0.03289	0.11918	0.15692	0.25728	0.07754	0.00441	0.00628	0.01077	0.06871	0.07798
8	0.01889	0.01151	0.01244	0.01063	0.01388	0.03332	0.00844	0.17503	0.03732	0.13348	0.02422	0.02557	0.05535	0.01283	0.07166	0.00275	0.00645	0.00706	0.33048	0.00867
9	0.11498	0.06235	0.04525	0.01311	0.01789	0.03687	0.03149	0.11442	0.16381	0.10407	0.11428	0.02299	0.02084	0.00851	0.00649	0.00202	0.00622	0.00683	0.00600	0.10158
10	0.12847	0.02024	0.05871	0.01517	0.01984	0.18165	0.03893	0.13814	0.13303	0.11812	0.01821	0.04259	0.01401	0.00978	0.03054	0.00243	0.00849	0.00640	0.00557	0.00968
11	0.06838	0.01547	0.04415	0.04411	0.01903	0.05713	0.02430	0.07897	0.24227	0.07600	0.06198	0.06653	0.04721	0.00987	0.00788	0.00223	0.05103	0.00790	0.00591	0.06964

[dist]
# distance from previous block
# <min> <max>
3	11

[block]
# block no. 9 follows, 30 sequences, length 19
# corresponding to MSA columns:
# 322-340
name=unknown_J
#
# <colnr> <probs for GDERKNQSTAVLIFYWHMCP>
#	G	D	E	R	K	N	Q	S	T	A	V	L	I	F	Y	W	H	M	C	P
0	0.05524	0.01992	0.02230	0.01798	0.02238	0.19618	0.15041	0.11863	0.07436	0.09411	0.01748	0.07468	0.01446	0.00883	0.00816	0.00220	0.05947	0.00732	0.00509	0.03081
1	0.04947	0.04625	0.04697	0.01350	0.01820	0.08212	0.01125	0.17001	0.05616	0.25412	0.04373	0.10834	0.01924	0.00986	0.00693	0.00214	0.00682	0.00796	0.00664	0.04028
2	0.01176	0.00944	0.01055	0.01127	0.01258	0.05138	0.00824	0.05964	0.05107	0.02044	0.03380	0.48274	0.03840	0.05195	0.00983	0.00293	0.00538	0.11576	0.00626	0.00657
3	0.05144	0.05516	0.09027	0.03315	0.02073	0.29068	0.01318	0.06091	0.10660	0.09041	0.01599	0.01702	0.01219	0.00880	0.02727	0.00221	0.00934	0.00548	0.03889	0.05030
4	0.00859	0.00631	0.00806	0.00925	0.01005	0.00578	0.00632	0.01007	0.01430	0.01887	0.10274	0.58825	0.14467	0.02057	0.00875	0.00271	0.00391	0.01845	0.00659	0.00578
5	0.06923	0.07564	0.04547	0.05747	0.04374	0.08261	0.01229	0.14176	0.13696	0.08635	0.01674	0.01739	0.01260	0.00730	0.00620	0.00188	0.00717	0.00562	0.00528	0.16831
6	0.01938	0.11082	0.01875	0.01388	0.05525	0.03393	0.01064	0.12404	0.11693	0.11603	0.06551	0.02144	0.01748	0.03274	0.00721	0.00196	0.00622	0.00632	0.03582	0.18564
7	0.01789	0.03867	0.11114	0.08946	0.11424	0.07276	0.12978	0.06026	0.09017	0.06495	0.01605	0.03909	0.01270	0.00771	0.00791	0.00217	0.05203	0.00671	0.00438	0.06193
8	0.05132	0.20360	0.25752	0.02004	0.07464	0.04161	0.13128	0.04837	0.03636	0.05330	0.01329	0.01536	0.01014	0.00657	0.00634	0.00203	0.00914	0.00554	0.00370	0.00985
9	0.00997	0.00748	0.01121	0.01121	0.01246	0.00872	0.00872	0.01246	0.01121	0.01620	0.01869	0.02741	0.01745	0.05234	0.72710	0.01121	0.01869	0.00748	0.00374	0.00623
10	0.00895	0.00659	0.00826	0.00919	0.01018	0.00608	0.00647	0.01060	0.01463	0.01924	0.12850	0.43434	0.17091	0.07033	0.01058	0.00296	0.00422	0.06569	0.00647	0.00578
11	0.04298	0.24651	0.21738	0.11620	0.10745	0.04313	0.01761	0.02199	0.04548	0.04091	0.01289	0.01541	0.01020	0.00783	0.02487	0.00222	0.00886	0.00516	0.00348	0.00945
12	0.01600	0.01375	0.01675	0.01895	0.15183	0.08822	0.03308	0.03674	0.12167	0.07064	0.04547	0.23656	0.02657	0.01443	0.03685	0.00276	0.00719	0.04827	0.00566	0.00860
13	0.00850	0.00607	0.00810	0.00972	0.01012	0.00567	0.00648	0.00972	0.01336	0.01781	0.03846	0.75020	0.04615	0.02186	0.00891	0.00283	0.00405	0.01984	0.00648	0.00567
14	0.01338	0.00807	0.01008	0.00979	0.01203	0.00737	0.00741	0.01629	0.04471	0.14697	0.17116	0.24462	0.20357	0.01632	0.00825	0.00248	0.00435	0.05874	0.00712	0.00729
15	0.05754	0.04435	0.01603	0.01143	0.01721	0.04148	0.00923	0.07931	0.06323	0.02503	0.01358	0.01510	0.01097	0.00593	0.00544	0.00133	0.00583	0.00456	0.00453	0.56790
16	0.08962	0.01728	0.10516	0.08649	0.11069	0.04596	0.05380	0.04242	0.01552	0.04945	0.04310	0.01757	0.01268	0.00814	0.02587	0.00215	0.04712	0.00569	0.00411	0.21716
17	0.01654	0.22912	0.17268	0.01446	0.01986	0.07430	0.04286	0.01994	0.01513	0.06261	0.03656	0.08515	0.04553	0.00984	0.00776	0.03466	0.02972	0.02884	0.00417	0.05027
18	0.07293	0.01713	0.09795	0.05507	0.27599	0.01509	0.06639	0.05071	0.07504	0.05304	0.07263	0.02040	0.01612	0.00734	0.00678	0.00208	0.00757	0.00661	0.00453	0.07660

[dist]
# distance from previous block
# <min> <max>
2	27

[block]
# block no. 10 follows, 30 sequences, length 19
# corresponding to MSA columns:
# 368-386
name=unknown_K
#
# <colnr> <probs for GDERKNQSTAVLIFYWHMCP>
#	G	D	E	R	K	N	Q	S	T	A	V	L	I	F	Y	W	H	M	C	P
0	0.01739	0.01159	0.01481	0.01286	0.01626	0.01197	0.04595	0.04088	0.24181	0.16619	0.11024	0.07565	0.05742	0.05353	0.06005	0.00322	0.00659	0.03761	0.00681	0.00917
1	0.02346	0.12859	0.05697	0.01490	0.02027	0.07080	0.01294	0.44786	0.02657	0.03527	0.01564	0.01640	0.01164	0.00783	0.00635	0.00195	0.00772	0.00575	0.07850	0.01060
2	0.01116	0.00908	0.01333	0.01758	0.17719	0.00876	0.01048	0.01352	0.01497	0.02018	0.09199	0.31474	0.10280	0.05644	0.00986	0.00282	0.00543	0.10685	0.00573	0.00708
3	0.01970	0.01779	0.05697	0.06820	0.07464	0.11193	0.01412	0.07837	0.06929	0.12615	0.06807	0.02023	0.01599	0.00914	0.01053	0.00228	0.17598	0.00653	0.00503	0.04906
4	0.01642	0.01193	0.01690	0.04863	0.09630	0.01226	0.03264	0.04936	0.04480	0.11518	0.01936	0.04488	0.01662	0.01794	0.15456	0.00397	0.07002	0.05338	0.03859	0.13625
5	0.00971	0.00744	0.00901	0.00958	0.01095	0.00719	0.00680	0.01349	0.09135	0.02123	0.17277	0.41638	0.16131	0.01829	0.00846	0.00258	0.00398	0.01623	0.00678	0.00648
6	0.01691	0.01565	0.02575	0.27090	0.37314	0.01686	0.05778	0.09598	0.01720	0.02352	0.01335	0.01775	0.01054	0.00670	0.00702	0.00218	0.00876	0.00633	0.00374	0.00995
7	0.01934	0.01795	0.07261	0.11906	0.08168	0.07057	0.07106	0.08915	0.20714	0.10446	0.01952	0.02152	0.01469	0.00831	0.00769	0.00228	0.03547	0.02202	0.00537	0.01011
8	0.01063	0.00786	0.01005	0.01091	0.01229	0.00764	0.00811	0.04173	0.04935	0.02043	0.03529	0.49966	0.04021	0.01920	0.00869	0.00276	0.00484	0.15464	0.00639	0.04929
9	0.01843	0.01465	0.01597	0.01219	0.01770	0.04288	0.00975	0.17275	0.04330	0.06538	0.01614	0.05572	0.01334	0.00724	0.00600	0.00152	0.00605	0.00578	0.00524	0.46997
10	0.00918	0.00793	0.04000	0.00993	0.01135	0.00644	0.00736	0.01103	0.01420	0.01921	0.09427	0.56789	0.09169	0.01929	0.00849	0.00262	0.00429	0.01732	0.00629	0.05121
11	0.01239	0.01140	0.04372	0.01470	0.01822	0.00967	0.17147	0.01557	0.01561	0.05081	0.11936	0.29140	0.08644	0.01378	0.00804	0.00235	0.00620	0.01293	0.00564	0.09028
12	0.01654	0.43019	0.34677	0.01556	0.02350	0.02242	0.01824	0.02144	0.01443	0.01900	0.01098	0.01280	0.00890	0.00627	0.00546	0.00182	0.00876	0.00438	0.00297	0.00957
13	0.01584	0.01793	0.03858	0.02771	0.03441	0.01675	0.63400	0.02141	0.01643	0.02209	0.01843	0.02251	0.06378	0.00678	0.00824	0.00235	0.01114	0.00873	0.00375	0.00914
14	0.00924	0.00674	0.00792	0.00824	0.00976	0.00608	0.00594	0.01141	0.01608	0.02174	0.22805	0.25667	0.27347	0.01700	0.00809	0.00238	0.00359	0.01480	0.08672	0.00608
15	0.01540	0.01442	0.02358	0.24281	0.40563	0.01549	0.01883	0.02075	0.07102	0.02148	0.01609	0.07425	0.01405	0.00790	0.00710	0.00223	0.00804	0.00739	0.00388	0.00967
16	0.01468	0.01390	0.08874	0.03865	0.04720	0.04920	0.01095	0.08214	0.03336	0.07791	0.25058	0.10031	0.13905	0.01253	0.00767	0.00225	0.00576	0.01068	0.00631	0.00813
17	0.00864	0.00670	0.00776	0.00828	0.00973	0.00594	0.00585	0.01033	0.01522	0.01943	0.14062	0.31179	0.35208	0.05287	0.00975	0.00271	0.00384	0.01609	0.00653	0.00582
18	0.00920	0.00658	0.00889	0.01040	0.01114	0.00626	0.00759	0.01098	0.01429	0.01900	0.06909	0.56167	0.04567	0.02091	0.00905	0.00289	0.00457	0.16941	0.00652	0.00589

[dist]
# distance from previous block
# <min> <max>
0	11

[block]
