[name]
unknown

[dist]
# distance from previous block
# <min> <max>
6	151

[block]
# block no. 0 follows, 29 sequences, length 20
# corresponding to MSA columns:
# 178-197
name=unknown_A
#
# <colnr> <probs for GDERKNQSTAVLIFYWHMCP>
#	G	D	E	R	K	N	Q	S	T	A	V	L	I	F	Y	W	H	M	C	P
0	0.01738	0.01399	0.01727	0.05005	0.10025	0.01328	0.01150	0.07490	0.15698	0.05984	0.01768	0.01890	0.01370	0.00696	0.00620	0.00169	0.00608	0.00578	0.03923	0.36834
1	0.17090	0.09285	0.02039	0.01713	0.04687	0.43201	0.01296	0.02506	0.01712	0.02032	0.01064	0.01292	0.00899	0.00753	0.00748	0.00201	0.07824	0.00460	0.00369	0.00831
2	0.01666	0.01835	0.16520	0.09007	0.12308	0.01417	0.15505	0.04267	0.01645	0.07396	0.01698	0.02018	0.01272	0.00716	0.00679	0.00213	0.00829	0.00668	0.19402	0.00941
3	0.08703	0.01226	0.01601	0.01234	0.01780	0.01082	0.01018	0.03297	0.01953	0.63089	0.02610	0.02290	0.01660	0.00850	0.00688	0.00215	0.00598	0.00679	0.00829	0.04598
4	0.01017	0.00763	0.01144	0.01144	0.01272	0.00890	0.00890	0.01272	0.01144	0.01653	0.01907	0.02797	0.01780	0.05340	0.72153	0.01144	0.01907	0.00763	0.00381	0.00636
5	0.01363	0.01428	0.08094	0.01466	0.04122	0.04985	0.10322	0.03673	0.03938	0.04966	0.22451	0.04309	0.23480	0.01246	0.00798	0.00229	0.00631	0.01095	0.00605	0.00801
6	0.01477	0.01266	0.01477	0.01055	0.01687	0.00949	0.00844	0.01793	0.01477	0.02320	0.01266	0.01477	0.01055	0.00527	0.00527	0.00105	0.00527	0.00422	0.00422	0.79328
7	0.01771	0.01530	0.01610	0.01449	0.01852	0.01771	0.01127	0.03784	0.69247	0.02979	0.02898	0.02657	0.02174	0.00966	0.00725	0.00242	0.00564	0.00805	0.00725	0.01127
8	0.01585	0.01982	0.20550	0.01823	0.08052	0.01491	0.04460	0.04644	0.21943	0.04512	0.02111	0.07445	0.01760	0.04223	0.05506	0.00306	0.00836	0.00782	0.00510	0.05479
9	0.00991	0.00737	0.00833	0.00813	0.01032	0.00638	0.00608	0.01214	0.01730	0.05171	0.24096	0.11157	0.45036	0.01699	0.00841	0.00239	0.00368	0.01447	0.00704	0.00645
10	0.01428	0.03683	0.71286	0.02030	0.03082	0.01654	0.02631	0.02255	0.01503	0.02255	0.01278	0.01503	0.00902	0.00677	0.00677	0.00226	0.01052	0.00526	0.00301	0.01052
11	0.01680	0.01785	0.02464	0.02033	0.02174	0.08731	0.11344	0.01904	0.01265	0.01800	0.01025	0.01586	0.00955	0.01102	0.01956	0.00289	0.56133	0.00640	0.00324	0.00810
12	0.00979	0.00722	0.00855	0.00867	0.01043	0.00658	0.00656	0.01228	0.01705	0.02285	0.27618	0.10719	0.28319	0.05148	0.00971	0.00264	0.00404	0.08798	0.06135	0.00626
13	0.03195	0.01212	0.01652	0.01267	0.01818	0.01047	0.01047	0.03470	0.02038	0.71026	0.02809	0.02424	0.01763	0.00881	0.00716	0.00220	0.00606	0.00716	0.00881	0.01212
14	0.02660	0.03394	0.02018	0.01834	0.02201	0.72116	0.01376	0.02843	0.02018	0.01743	0.01101	0.01284	0.00917	0.00734	0.00642	0.00183	0.01284	0.00459	0.00367	0.00825
15	0.00956	0.00726	0.00881	0.00842	0.01032	0.00650	0.00631	0.01244	0.01894	0.02567	0.50688	0.05793	0.26368	0.01563	0.00840	0.00229	0.00344	0.01354	0.00746	0.00650
16	0.07027	0.00825	0.00950	0.00916	0.01162	0.00764	0.00703	0.01581	0.01655	0.12128	0.13795	0.16045	0.25176	0.01526	0.00782	0.00240	0.00431	0.05489	0.08086	0.00717
17	0.01852	0.01570	0.01656	0.01465	0.01882	0.01809	0.01147	0.09354	0.63544	0.03109	0.02795	0.02575	0.02090	0.00956	0.00723	0.00239	0.00583	0.00791	0.00723	0.01134
18	0.01558	0.01558	0.02181	0.01869	0.01869	0.02181	0.01558	0.01714	0.01091	0.01714	0.00935	0.01558	0.00935	0.01246	0.02337	0.00312	0.73672	0.00623	0.00312	0.00779
19	0.69708	0.01355	0.01128	0.00981	0.01436	0.01524	0.00808	0.02278	0.01323	0.12288	0.01235	0.01327	0.00904	0.00691	0.00478	0.00220	0.00558	0.00430	0.00500	0.00830

[dist]
# distance from previous block
# <min> <max>
2	29

[block]
# block no. 1 follows, 29 sequences, length 49
# corresponding to MSA columns:
# 237-285
name=unknown_B
#
# <colnr> <probs for GDERKNQSTAVLIFYWHMCP>
#	G	D	E	R	K	N	Q	S	T	A	V	L	I	F	Y	W	H	M	C	P
0	0.00930	0.00725	0.00844	0.00814	0.01016	0.00639	0.00611	0.01193	0.01832	0.02420	0.40743	0.06036	0.36406	0.01618	0.00841	0.00232	0.00347	0.01388	0.00727	0.00639
1	0.01174	0.00763	0.00971	0.00964	0.01151	0.00687	0.00713	0.01403	0.01682	0.08766	0.24996	0.27366	0.14272	0.03821	0.00928	0.00262	0.00426	0.05327	0.00705	0.03623
2	0.01477	0.01266	0.01477	0.01055	0.01687	0.00949	0.00844	0.01793	0.01477	0.02320	0.01266	0.01477	0.01055	0.00527	0.00527	0.00105	0.00527	0.00422	0.00422	0.79328
3	0.02906	0.01675	0.01939	0.01487	0.02049	0.01734	0.01228	0.41775	0.02814	0.31626	0.02158	0.02001	0.01436	0.00866	0.00714	0.00216	0.00711	0.00672	0.00781	0.01211
4	0.01388	0.00895	0.01078	0.01014	0.01259	0.00848	0.00775	0.05996	0.04730	0.11494	0.19012	0.16733	0.21152	0.04597	0.00947	0.00265	0.00468	0.05883	0.00714	0.00754
5	0.01178	0.00897	0.01022	0.01020	0.01172	0.05235	0.00744	0.01352	0.01460	0.05282	0.11775	0.19535	0.14031	0.08956	0.19137	0.03922	0.00869	0.01220	0.00563	0.00631
6	0.31229	0.01158	0.01221	0.01018	0.01447	0.01170	0.00830	0.02581	0.01618	0.31587	0.02035	0.02003	0.01409	0.00789	0.00568	0.00209	0.00528	0.00583	0.17084	0.00934
7	0.12017	0.01386	0.01548	0.01279	0.01713	0.01451	0.01031	0.22622	0.08062	0.21484	0.04456	0.07000	0.01961	0.03394	0.00789	0.00241	0.00619	0.02994	0.04934	0.01018
8	0.01164	0.00971	0.01128	0.10373	0.01664	0.05966	0.00912	0.01376	0.01506	0.03875	0.05628	0.30620	0.16422	0.05261	0.04050	0.00320	0.00637	0.06893	0.00582	0.00652
9	0.01579	0.05693	0.30981	0.02286	0.16589	0.07798	0.01965	0.02178	0.05240	0.02146	0.01634	0.09317	0.01452	0.01034	0.03166	0.00258	0.04612	0.00722	0.00382	0.00969
10	0.00868	0.00620	0.00826	0.00991	0.01033	0.00578	0.00661	0.00991	0.01363	0.01818	0.03925	0.74510	0.04710	0.02231	0.00909	0.00289	0.00413	0.02024	0.00661	0.00578
11	0.00978	0.00710	0.00883	0.00912	0.01028	0.00686	0.00653	0.01131	0.01413	0.01864	0.13051	0.14967	0.19467	0.18036	0.11734	0.04389	0.00692	0.06268	0.00571	0.00566
12	0.04099	0.04232	0.24542	0.14777	0.07136	0.01576	0.05464	0.05117	0.06020	0.02262	0.01765	0.07841	0.01562	0.02996	0.00865	0.00253	0.03597	0.04565	0.00415	0.00916
13	0.01410	0.01332	0.02253	0.62539	0.15121	0.01599	0.02010	0.01876	0.01455	0.01898	0.01277	0.01877	0.00977	0.00700	0.00711	0.00233	0.00933	0.00633	0.00322	0.00843
14	0.02759	0.01910	0.02085	0.01598	0.02166	0.02083	0.01320	0.61204	0.03207	0.11642	0.01828	0.01786	0.01270	0.00858	0.00713	0.00214	0.00764	0.00649	0.00730	0.01211
15	0.01922	0.01506	0.01898	0.01845	0.10869	0.03813	0.03436	0.17829	0.10771	0.08888	0.08387	0.02737	0.05528	0.01398	0.07236	0.00315	0.07564	0.02482	0.00595	0.00983
16	0.02136	0.01975	0.01762	0.01531	0.01951	0.16443	0.01197	0.17374	0.37689	0.03031	0.02239	0.02167	0.01687	0.00887	0.00694	0.00220	0.00749	0.00691	0.04518	0.01060
17	0.07304	0.01341	0.05746	0.01211	0.01529	0.04649	0.00988	0.10543	0.04699	0.08515	0.01637	0.02115	0.01363	0.04213	0.09230	0.25159	0.00822	0.00627	0.02693	0.05614
18	0.02189	0.09574	0.02070	0.03868	0.02069	0.03547	0.05342	0.11142	0.08849	0.20219	0.01928	0.02041	0.01429	0.00769	0.00654	0.00189	0.00692	0.02278	0.00593	0.20557
19	0.01682	0.01875	0.03946	0.03077	0.10588	0.01812	0.57166	0.02237	0.01640	0.02252	0.01400	0.01883	0.01077	0.00642	0.00914	0.00241	0.05438	0.00806	0.00356	0.00967
20	0.01269	0.00933	0.01408	0.01500	0.08255	0.00950	0.04867	0.01548	0.03606	0.06390	0.02532	0.21172	0.02623	0.14689	0.22498	0.00594	0.01017	0.02932	0.00508	0.00711
21	0.00926	0.00665	0.00825	0.00888	0.01002	0.00603	0.00621	0.01041	0.01476	0.01918	0.13673	0.35225	0.24426	0.02026	0.01119	0.10372	0.00413	0.01585	0.00633	0.00564
22	0.02470	0.01505	0.01747	0.01375	0.01852	0.01557	0.01121	0.35955	0.02700	0.22297	0.16910	0.02690	0.02561	0.00993	0.00741	0.00218	0.00638	0.00802	0.00774	0.01094
23	0.03024	0.01352	0.01715	0.01320	0.01861	0.01270	0.01089	0.16661	0.02286	0.54813	0.02566	0.02286	0.01652	0.00874	0.00707	0.00217	0.00632	0.00699	0.03787	0.01191
24	0.00992	0.00680	0.00815	0.00843	0.00974	0.00631	0.00598	0.01109	0.01433	0.01917	0.10589	0.18757	0.26648	0.05431	0.04894	0.12852	0.00501	0.01302	0.08475	0.00557
25	0.00952	0.00726	0.00875	0.00838	0.01030	0.00648	0.00628	0.01236	0.01884	0.02544	0.49122	0.05832	0.27949	0.01572	0.00840	0.00229	0.00344	0.01360	0.00743	0.00648
26	0.01017	0.00763	0.01144	0.01144	0.01272	0.00890	0.00890	0.01272	0.01144	0.01653	0.01907	0.02797	0.01780	0.05340	0.72153	0.01144	0.01907	0.00763	0.00381	0.00636
27	0.80005	0.01377	0.01047	0.00936	0.01377	0.01597	0.00771	0.02093	0.01212	0.03195	0.00991	0.01157	0.00771	0.00661	0.00441	0.00220	0.00551	0.00386	0.00441	0.00771
28	0.16876	0.01336	0.01427	0.01218	0.01620	0.01428	0.00964	0.14809	0.16547	0.14891	0.07547	0.07404	0.06006	0.03813	0.00803	0.00247	0.00576	0.00843	0.00681	0.00964
29	0.02835	0.01508	0.01794	0.01398	0.01931	0.01522	0.01148	0.27338	0.07968	0.38565	0.02393	0.02187	0.01594	0.00877	0.00708	0.00218	0.00659	0.00694	0.03478	0.01186
30	0.00868	0.00620	0.00826	0.00991	0.01033	0.00578	0.00661	0.00991	0.01363	0.01818	0.03925	0.74510	0.04710	0.02231	0.00909	0.00289	0.00413	0.02024	0.00661	0.00578
31	0.01247	0.00914	0.01006	0.00942	0.01173	0.00910	0.00706	0.08306	0.08602	0.02547	0.17586	0.10797	0.23048	0.06073	0.00946	0.00256	0.00440	0.01190	0.12582	0.00727
32	0.00935	0.00666	0.00892	0.01049	0.01114	0.00635	0.00753	0.01096	0.01406	0.01863	0.03809	0.56925	0.04475	0.05775	0.01059	0.00317	0.00478	0.15516	0.00649	0.00588
33	0.00917	0.00651	0.00840	0.00940	0.01026	0.00604	0.00649	0.01100	0.01525	0.02085	0.18260	0.52371	0.08845	0.01975	0.00871	0.00267	0.00390	0.01773	0.04310	0.00604
34	0.01034	0.00693	0.00788	0.00784	0.00795	0.00689	0.00447	0.01055	0.01098	0.01474	0.06542	0.04702	0.02850	0.70322	0.03448	0.00661	0.00668	0.01051	0.00454	0.00447
35	0.05697	0.01284	0.01405	0.01229	0.01582	0.01381	0.00946	0.09900	0.29541	0.11941	0.06816	0.05233	0.07695	0.10824	0.01112	0.00294	0.00576	0.00902	0.00688	0.00955
36	0.00974	0.00727	0.00907	0.00880	0.01059	0.00660	0.00664	0.01269	0.01893	0.02590	0.51585	0.08184	0.20049	0.01579	0.00849	0.00234	0.00358	0.04141	0.00748	0.00653
37	0.02707	0.01995	0.02137	0.01638	0.02208	0.02208	0.01353	0.68159	0.03348	0.04488	0.01710	0.01710	0.01211	0.00855	0.00712	0.00214	0.00784	0.00641	0.00712	0.01211
38	0.01691	0.01438	0.01519	0.01376	0.01734	0.01653	0.01051	0.03483	0.61786	0.02804	0.02827	0.02876	0.02219	0.09062	0.01042	0.00291	0.00577	0.00830	0.00692	0.01051
39	0.04362	0.01054	0.01189	0.01056	0.01282	0.01093	0.00760	0.11958	0.08465	0.09898	0.08290	0.08051	0.02651	0.31976	0.01938	0.00421	0.00617	0.00966	0.03218	0.00756
40	0.01034	0.00698	0.00817	0.00817	0.00831	0.00712	0.00482	0.01061	0.01047	0.01410	0.02207	0.04456	0.02500	0.67358	0.11120	0.00740	0.00823	0.01006	0.00426	0.00454
41	0.01558	0.01558	0.02181	0.01869	0.01869	0.02181	0.01558	0.01714	0.01091	0.01714	0.00935	0.01558	0.00935	0.01246	0.02337	0.00312	0.73672	0.00623	0.00312	0.00779
42	0.05059	0.01217	0.01292	0.01104	0.01422	0.01320	0.00869	0.24329	0.08108	0.03172	0.01993	0.02219	0.01540	0.01023	0.00838	0.08845	0.00546	0.00652	0.33594	0.00856
43	0.01409	0.00959	0.01175	0.01030	0.01289	0.00937	0.00798	0.12069	0.02212	0.07391	0.52444	0.04626	0.08142	0.01338	0.00812	0.00223	0.00425	0.01158	0.00774	0.00789
44	0.01295	0.00990	0.01244	0.01134	0.01176	0.01210	0.00847	0.01436	0.01173	0.01827	0.01802	0.03046	0.01807	0.29786	0.02362	0.00421	0.26389	0.00794	0.20646	0.00614
45	0.01044	0.00733	0.00993	0.00993	0.01082	0.00810	0.00715	0.01221	0.01132	0.01631	0.02044	0.03392	0.02045	0.27633	0.45193	0.00933	0.01409	0.00845	0.05581	0.00571
46	0.01547	0.00987	0.01021	0.01051	0.05148	0.04471	0.00731	0.08073	0.01669	0.02675	0.02076	0.02411	0.01642	0.00920	0.00682	0.05182	0.00472	0.00647	0.57866	0.00729
47	0.09157	0.06807	0.01820	0.06189	0.02014	0.30080	0.01179	0.06451	0.04330	0.08020	0.01763	0.02119	0.04651	0.08570	0.01015	0.00256	0.03652	0.00623	0.00464	0.00838
48	0.04683	0.01894	0.07932	0.18284	0.09258	0.12768	0.01607	0.08284	0.01657	0.02230	0.01422	0.04855	0.01212	0.00994	0.02729	0.00255	0.13057	0.00651	0.05360	0.00868

[dist]
# distance from previous block
# <min> <max>
1	19

[block]
# block no. 2 follows, 29 sequences, length 33
# corresponding to MSA columns:
# 305-337
name=unknown_C
#
# <colnr> <probs for GDERKNQSTAVLIFYWHMCP>
#	G	D	E	R	K	N	Q	S	T	A	V	L	I	F	Y	W	H	M	C	P
0	0.12147	0.04271	0.02427	0.04763	0.09997	0.01518	0.20953	0.05836	0.01635	0.02449	0.06785	0.07564	0.04407	0.01098	0.04086	0.00268	0.03164	0.00830	0.00455	0.05348
1	0.00920	0.00663	0.00862	0.00984	0.01072	0.00617	0.00700	0.01073	0.01458	0.01921	0.09109	0.50759	0.12796	0.02100	0.00975	0.03295	0.00436	0.09017	0.00656	0.00587
2	0.01743	0.01672	0.02855	0.07618	0.67440	0.01687	0.02176	0.02168	0.01612	0.02302	0.01336	0.01769	0.01119	0.00638	0.00705	0.00213	0.00851	0.00634	0.00351	0.01112
3	0.02018	0.47448	0.08493	0.01474	0.02016	0.18931	0.01391	0.02278	0.01559	0.01739	0.01034	0.01234	0.00915	0.00691	0.00657	0.00177	0.06303	0.00428	0.00319	0.00894
4	0.01300	0.00826	0.00988	0.00929	0.01144	0.00767	0.00680	0.01620	0.05978	0.11614	0.22400	0.12822	0.21658	0.12586	0.01243	0.00306	0.00456	0.01280	0.00694	0.00709
5	0.00868	0.00620	0.00826	0.00991	0.01033	0.00578	0.00661	0.00991	0.01363	0.01818	0.03925	0.74510	0.04710	0.02231	0.00909	0.00289	0.00413	0.02024	0.00661	0.00578
6	0.01558	0.01558	0.02181	0.01869	0.01869	0.02181	0.01558	0.01714	0.01091	0.01714	0.00935	0.01558	0.00935	0.01246	0.02337	0.00312	0.73672	0.00623	0.00312	0.00779
7	0.01345	0.01266	0.02136	0.73264	0.04904	0.01582	0.01978	0.01819	0.01424	0.01819	0.01266	0.01898	0.00949	0.00712	0.00712	0.00237	0.00949	0.00633	0.00316	0.00791
8	0.07723	0.00823	0.00829	0.00804	0.01016	0.00858	0.00621	0.04828	0.04229	0.02740	0.02338	0.05501	0.01941	0.00929	0.00550	0.00188	0.00398	0.03699	0.59274	0.00712
9	0.01904	0.75404	0.03731	0.01218	0.01828	0.02818	0.01218	0.02132	0.01447	0.01675	0.00990	0.01142	0.00914	0.00609	0.00457	0.00152	0.00761	0.00381	0.00305	0.00914
10	0.01345	0.01266	0.02136	0.73264	0.04904	0.01582	0.01978	0.01819	0.01424	0.01819	0.01266	0.01898	0.00949	0.00712	0.00712	0.00237	0.00949	0.00633	0.00316	0.00791
11	0.03195	0.01212	0.01652	0.01267	0.01818	0.01047	0.01047	0.03470	0.02038	0.71026	0.02809	0.02424	0.01763	0.00881	0.00716	0.00220	0.00606	0.00716	0.00881	0.01212
12	0.01132	0.00806	0.01110	0.01251	0.01403	0.00803	0.01071	0.01436	0.01613	0.02111	0.06941	0.07649	0.04116	0.07338	0.01172	0.00349	0.00642	0.57770	0.00645	0.00640
13	0.00842	0.00721	0.00721	0.00721	0.00962	0.00601	0.00541	0.01022	0.01623	0.01924	0.07213	0.06853	0.70244	0.01803	0.00842	0.00240	0.00361	0.01503	0.00661	0.00601
14	0.01017	0.00763	0.01144	0.01144	0.01272	0.00890	0.00890	0.01272	0.01144	0.01653	0.01907	0.02797	0.01780	0.05340	0.72153	0.01144	0.01907	0.00763	0.00381	0.00636
15	0.00906	0.00718	0.00803	0.00791	0.00989	0.00628	0.00583	0.01127	0.01715	0.02200	0.27481	0.08728	0.43916	0.05079	0.00972	0.00258	0.00370	0.01430	0.00691	0.00616
16	0.01036	0.00690	0.00777	0.00777	0.00777	0.00690	0.00431	0.01036	0.01036	0.01381	0.02244	0.04660	0.02589	0.74975	0.03624	0.00690	0.00690	0.01036	0.00431	0.00431
17	0.00842	0.00721	0.00721	0.00721	0.00962	0.00601	0.00541	0.01022	0.01623	0.01924	0.07213	0.06853	0.70244	0.01803	0.00842	0.00240	0.00361	0.01503	0.00661	0.00601
18	0.03023	0.01168	0.01591	0.01247	0.01760	0.01012	0.01018	0.03287	0.01988	0.65911	0.02892	0.07752	0.01980	0.00981	0.00730	0.00225	0.00592	0.00813	0.00865	0.01165
19	0.33765	0.01336	0.01447	0.01163	0.01671	0.01352	0.00960	0.07709	0.01806	0.39073	0.02004	0.01866	0.01327	0.00792	0.00606	0.00220	0.00597	0.00579	0.00693	0.01036
20	0.02572	0.01928	0.02061	0.01611	0.02157	0.02145	0.01321	0.58889	0.12837	0.04270	0.01881	0.01846	0.01350	0.00871	0.00714	0.00218	0.00752	0.00665	0.00714	0.01199
21	0.01017	0.00763	0.01144	0.01144	0.01272	0.00890	0.00890	0.01272	0.01144	0.01653	0.01907	0.02797	0.01780	0.05340	0.72153	0.01144	0.01907	0.00763	0.00381	0.00636
22	0.01032	0.00703	0.00838	0.00838	0.00860	0.00724	0.00508	0.01075	0.01054	0.01426	0.02187	0.04347	0.02453	0.63283	0.15131	0.00767	0.00895	0.00990	0.00423	0.00466
23	0.01477	0.01266	0.01477	0.01055	0.01687	0.00949	0.00844	0.01793	0.01477	0.02320	0.01266	0.01477	0.01055	0.00527	0.00527	0.00105	0.00527	0.00422	0.00422	0.79328
24	0.01237	0.00618	0.00928	0.00928	0.00928	0.00618	0.00618	0.00928	0.00928	0.01237	0.01237	0.02165	0.01237	0.02474	0.02783	0.79283	0.00618	0.00618	0.00309	0.00309
25	0.00879	0.00631	0.00828	0.00971	0.01024	0.00587	0.00650	0.01011	0.01394	0.01859	0.07254	0.66706	0.06861	0.04464	0.00989	0.00297	0.00416	0.01940	0.00660	0.00579
26	0.01788	0.01707	0.01760	0.01544	0.01904	0.13776	0.06323	0.08157	0.27726	0.02500	0.02499	0.03000	0.05053	0.04920	0.08775	0.00356	0.00909	0.05808	0.00573	0.00921
27	0.01093	0.00728	0.00954	0.00998	0.01121	0.00691	0.00713	0.01282	0.01573	0.07175	0.19083	0.45544	0.10049	0.01887	0.00922	0.00266	0.02903	0.01671	0.00693	0.00655
28	0.17043	0.10940	0.27849	0.09212	0.07437	0.05055	0.08643	0.02190	0.01482	0.02312	0.01200	0.01484	0.00917	0.00661	0.00625	0.00216	0.00921	0.00529	0.00343	0.00940
29	0.01849	0.07140	0.04477	0.01524	0.01896	0.18929	0.01260	0.05456	0.06661	0.02173	0.06385	0.01843	0.01507	0.00995	0.02914	0.00230	0.17145	0.00589	0.00434	0.16592
30	0.01336	0.00949	0.01096	0.01029	0.01215	0.00955	0.00715	0.04986	0.12657	0.05260	0.05335	0.19719	0.02938	0.30366	0.01896	0.00415	0.00580	0.01150	0.00580	0.06825
31	0.04927	0.07838	0.07147	0.04902	0.04793	0.03782	0.03536	0.15968	0.05752	0.02746	0.01423	0.01595	0.01112	0.00666	0.00609	0.00170	0.00721	0.00526	0.00471	0.31317
32	0.03644	0.12818	0.05387	0.04710	0.01847	0.06465	0.01224	0.01890	0.01402	0.04682	0.03749	0.03974	0.01452	0.04502	0.03951	0.00274	0.20491	0.00632	0.06206	0.10700

[dist]
# distance from previous block
# <min> <max>
0	1

[block]
# block no. 3 follows, 29 sequences, length 12
# corresponding to MSA columns:
# 339-350
name=unknown_D
#
# <colnr> <probs for GDERKNQSTAVLIFYWHMCP>
#	G	D	E	R	K	N	Q	S	T	A	V	L	I	F	Y	W	H	M	C	P
0	0.14082	0.02054	0.21340	0.01716	0.04185	0.01527	0.08976	0.07679	0.08936	0.10349	0.05894	0.02023	0.01546	0.00891	0.00810	0.05072	0.00790	0.00656	0.00505	0.00970
1	0.00964	0.00770	0.03338	0.00957	0.01093	0.00645	0.00718	0.01063	0.01382	0.01778	0.04295	0.34913	0.23070	0.02079	0.01226	0.14625	0.00473	0.05469	0.00584	0.00558
2	0.04252	0.00902	0.01094	0.01041	0.01252	0.00868	0.00752	0.05867	0.03904	0.10493	0.12050	0.32496	0.03652	0.11833	0.01196	0.00308	0.00506	0.01342	0.00655	0.05538
3	0.01733	0.01580	0.11270	0.05849	0.05090	0.01328	0.01259	0.15549	0.03766	0.08572	0.03943	0.04563	0.03518	0.13740	0.05569	0.00348	0.00795	0.00770	0.03226	0.07531
4	0.01653	0.01646	0.12000	0.01841	0.11437	0.01436	0.03808	0.06812	0.10571	0.07002	0.09654	0.02647	0.03810	0.04801	0.01032	0.00252	0.08491	0.00773	0.09404	0.00931
5	0.01019	0.00766	0.00968	0.01067	0.01214	0.00740	0.00824	0.01350	0.05749	0.02087	0.09462	0.31779	0.16006	0.01934	0.00904	0.00285	0.00484	0.22041	0.00673	0.00648
6	0.01460	0.01531	0.09878	0.40130	0.13559	0.01479	0.01834	0.04814	0.01470	0.01971	0.01294	0.01868	0.01029	0.00988	0.01042	0.13002	0.00885	0.00619	0.00337	0.00811
7	0.01443	0.00736	0.01059	0.01005	0.01121	0.00730	0.00727	0.01356	0.01168	0.11110	0.01958	0.02615	0.05688	0.02771	0.15949	0.48054	0.00853	0.00715	0.00425	0.00517
8	0.12266	0.00889	0.00991	0.00967	0.01208	0.00871	0.00743	0.04247	0.01657	0.08271	0.12845	0.20510	0.17813	0.01521	0.00772	0.00246	0.00457	0.06753	0.06255	0.00715
9	0.00907	0.00710	0.00822	0.00824	0.01010	0.00624	0.00607	0.01138	0.01733	0.02256	0.30203	0.15733	0.37424	0.01734	0.00850	0.00241	0.00359	0.01496	0.00707	0.00624
10	0.01250	0.00625	0.00891	0.00891	0.00914	0.00625	0.00602	0.01030	0.01007	0.01435	0.01389	0.02233	0.01319	0.02244	0.02464	0.68230	0.00578	0.00625	0.11292	0.00359
11	0.00947	0.00700	0.00836	0.00846	0.01011	0.00630	0.00618	0.01191	0.01730	0.02343	0.32967	0.19390	0.26076	0.01681	0.00833	0.00239	0.00359	0.01464	0.05508	0.00630

[dist]
# distance from previous block
# <min> <max>
0	80

[block]
# block no. 4 follows, 29 sequences, length 37
# corresponding to MSA columns:
# 431-467
name=unknown_E
#
# <colnr> <probs for GDERKNQSTAVLIFYWHMCP>
#	G	D	E	R	K	N	Q	S	T	A	V	L	I	F	Y	W	H	M	C	P
0	0.01017	0.00727	0.00998	0.01163	0.01269	0.00707	0.00921	0.01250	0.01511	0.01985	0.03842	0.38970	0.04383	0.02090	0.00949	0.00310	0.00543	0.36088	0.00658	0.00620
1	0.03027	0.01175	0.01599	0.01238	0.01760	0.01018	0.01018	0.03307	0.02036	0.65798	0.07974	0.02646	0.02143	0.00925	0.00726	0.00221	0.00585	0.00760	0.00874	0.01170
2	0.09087	0.00969	0.01078	0.00971	0.01252	0.00941	0.00745	0.08185	0.01821	0.10952	0.18031	0.07737	0.23622	0.08479	0.01049	0.00278	0.00488	0.02887	0.00675	0.00753
3	0.00955	0.00673	0.00809	0.00890	0.01016	0.00619	0.00639	0.01154	0.01523	0.02077	0.10771	0.37443	0.20469	0.01842	0.00833	0.00256	0.00396	0.05424	0.11602	0.00609
4	0.80005	0.01377	0.01047	0.00936	0.01377	0.01597	0.00771	0.02093	0.01212	0.03195	0.00991	0.01157	0.00771	0.00661	0.00441	0.00220	0.00551	0.00386	0.00441	0.00771
5	0.00856	0.00722	0.00742	0.00737	0.00971	0.00607	0.00553	0.01050	0.01658	0.02006	0.12791	0.06717	0.64616	0.01773	0.00841	0.00239	0.00358	0.01484	0.00672	0.00607
6	0.01240	0.00848	0.01028	0.01051	0.01236	0.00825	0.00766	0.04196	0.08882	0.07839	0.06250	0.42099	0.15232	0.01823	0.00854	0.00266	0.00457	0.03691	0.00692	0.00724
7	0.01017	0.00763	0.01144	0.01144	0.01272	0.00890	0.00890	0.01272	0.01144	0.01653	0.01907	0.02797	0.01780	0.05340	0.72153	0.01144	0.01907	0.00763	0.00381	0.00636
8	0.01681	0.01921	0.04202	0.03001	0.03721	0.01801	0.67947	0.02281	0.01681	0.02281	0.01441	0.01921	0.01080	0.00600	0.00840	0.00240	0.01200	0.00840	0.00360	0.00960
9	0.01681	0.01921	0.04202	0.03001	0.03721	0.01801	0.67947	0.02281	0.01681	0.02281	0.01441	0.01921	0.01080	0.00600	0.00840	0.00240	0.01200	0.00840	0.00360	0.00960
10	0.01095	0.00740	0.00902	0.00940	0.01125	0.00662	0.00704	0.01295	0.01606	0.07730	0.10590	0.28973	0.29795	0.01859	0.00870	0.00264	0.00431	0.09073	0.00689	0.00657
11	0.01032	0.00703	0.00839	0.00839	0.00861	0.00724	0.00509	0.01076	0.01054	0.01427	0.02187	0.04344	0.02452	0.63174	0.15238	0.00767	0.00897	0.00989	0.00423	0.00466
12	0.01558	0.01558	0.02181	0.01869	0.01869	0.02181	0.01558	0.01714	0.01091	0.01714	0.00935	0.01558	0.00935	0.01246	0.02337	0.00312	0.73672	0.00623	0.00312	0.00779
13	0.01448	0.03548	0.66141	0.02104	0.03131	0.01665	0.07640	0.02257	0.01517	0.02257	0.01290	0.01535	0.00916	0.00671	0.00689	0.00227	0.01064	0.00550	0.00305	0.01045
14	0.01466	0.01429	0.02541	0.51392	0.17048	0.01631	0.10434	0.01947	0.01494	0.01973	0.01302	0.01876	0.00999	0.00683	0.00727	0.00233	0.00962	0.00660	0.00329	0.00876
15	0.01020	0.00753	0.01093	0.01093	0.01203	0.00862	0.00827	0.01239	0.01129	0.01615	0.01954	0.03056	0.01892	0.14992	0.62655	0.01081	0.01739	0.00801	0.00388	0.00607
16	0.01762	0.01692	0.02890	0.04371	0.70533	0.01692	0.02185	0.02185	0.01621	0.02326	0.01339	0.01762	0.01128	0.00634	0.00705	0.00211	0.00846	0.00634	0.00352	0.01128
17	0.01533	0.00925	0.01144	0.03945	0.01447	0.00954	0.00920	0.06796	0.05496	0.07714	0.02666	0.04224	0.02435	0.01367	0.00933	0.07978	0.00557	0.21683	0.26542	0.00741
18	0.00880	0.00629	0.00837	0.00983	0.01036	0.00587	0.00662	0.01023	0.01421	0.01910	0.09793	0.68380	0.04888	0.02162	0.00903	0.00283	0.00406	0.01959	0.00672	0.00587
19	0.01428	0.03683	0.71286	0.02030	0.03082	0.01654	0.02631	0.02255	0.01503	0.02255	0.01278	0.01503	0.00902	0.00677	0.00677	0.00226	0.01052	0.00526	0.00301	0.01052
20	0.01705	0.01463	0.01553	0.01416	0.01792	0.01684	0.01093	0.03579	0.64279	0.02894	0.02973	0.07915	0.02359	0.01059	0.00738	0.00245	0.00553	0.00894	0.00720	0.01087
21	0.01025	0.00746	0.00835	0.00847	0.00985	0.00715	0.00584	0.01305	0.06096	0.02006	0.11453	0.17310	0.22866	0.20891	0.01543	0.00358	0.00465	0.01321	0.08047	0.00602
22	0.01027	0.00689	0.00792	0.00809	0.00817	0.00686	0.00470	0.01046	0.01078	0.01436	0.02414	0.09876	0.02791	0.67386	0.03344	0.00650	0.00669	0.03116	0.00455	0.00449
23	0.01017	0.00763	0.01144	0.01144	0.01272	0.00890	0.00890	0.01272	0.01144	0.01653	0.01907	0.02797	0.01780	0.05340	0.72153	0.01144	0.01907	0.00763	0.00381	0.00636
24	0.00951	0.00693	0.00856	0.00926	0.01045	0.00648	0.00651	0.01207	0.03834	0.02153	0.19190	0.42141	0.14931	0.01870	0.00854	0.00259	0.00388	0.01661	0.05118	0.00626
25	0.00938	0.00702	0.00834	0.00840	0.00984	0.00637	0.00594	0.01140	0.01638	0.02174	0.29533	0.17209	0.25262	0.12813	0.01273	0.00310	0.00410	0.01438	0.00672	0.00598
26	0.01100	0.00844	0.01051	0.01139	0.01345	0.00825	0.00958	0.01512	0.06819	0.02132	0.04772	0.07254	0.24476	0.01839	0.00920	0.00294	0.00557	0.40827	0.00663	0.00675
27	0.75660	0.01368	0.01081	0.00955	0.01402	0.01566	0.00787	0.02171	0.01259	0.07032	0.01094	0.01228	0.00827	0.00673	0.00456	0.00220	0.00554	0.00404	0.00466	0.00796
28	0.00881	0.00671	0.00811	0.00885	0.01014	0.00601	0.00622	0.01057	0.01553	0.02016	0.15387	0.40886	0.27117	0.01966	0.00875	0.00263	0.00383	0.01733	0.00680	0.00601
29	0.44396	0.01260	0.01180	0.01064	0.01443	0.01399	0.00859	0.04055	0.10181	0.07879	0.09800	0.02588	0.02050	0.03340	0.00697	0.00247	0.00550	0.05610	0.00573	0.00829
30	0.01477	0.01266	0.01477	0.01055	0.01687	0.00949	0.00844	0.01793	0.01477	0.02320	0.01266	0.01477	0.01055	0.00527	0.00527	0.00105	0.00527	0.00422	0.00422	0.79328
31	0.02957	0.01594	0.01889	0.01448	0.02008	0.01613	0.01196	0.35030	0.02677	0.38565	0.02273	0.02075	0.01493	0.00868	0.00714	0.00217	0.00693	0.00679	0.00799	0.01211
32	0.01065	0.00719	0.00884	0.00909	0.01071	0.00649	0.00652	0.01253	0.01585	0.07072	0.16158	0.31965	0.24558	0.04844	0.02974	0.00298	0.00451	0.01568	0.00681	0.00644
33	0.04320	0.01030	0.01282	0.01068	0.01462	0.00927	0.00851	0.02425	0.05708	0.33862	0.18367	0.03912	0.16869	0.01183	0.00755	0.00223	0.00490	0.00989	0.00778	0.03500
34	0.00890	0.00705	0.00791	0.00806	0.00988	0.00617	0.00584	0.01087	0.01640	0.02085	0.20116	0.17609	0.42690	0.04972	0.00973	0.00264	0.00378	0.01522	0.00678	0.00605
35	0.00950	0.00722	0.00889	0.00921	0.01084	0.00670	0.00696	0.01182	0.01633	0.02144	0.22559	0.16753	0.26828	0.04595	0.06435	0.00340	0.00530	0.09784	0.00664	0.00620
36	0.12661	0.01831	0.01557	0.01476	0.04677	0.19576	0.01072	0.09231	0.13778	0.02525	0.01967	0.11434	0.01794	0.05339	0.00839	0.00242	0.00760	0.00781	0.03157	0.05305

[dist]
# distance from previous block
# <min> <max>
3	6

[block]
# block no. 5 follows, 29 sequences, length 54
# corresponding to MSA columns:
# 656-709
name=unknown_F
#
# <colnr> <probs for GDERKNQSTAVLIFYWHMCP>
#	G	D	E	R	K	N	Q	S	T	A	V	L	I	F	Y	W	H	M	C	P
0	0.01811	0.08482	0.01843	0.01369	0.01772	0.05697	0.01116	0.11905	0.15287	0.05417	0.02024	0.02190	0.04688	0.01496	0.10679	0.00333	0.08412	0.00661	0.00524	0.14292
1	0.44995	0.09163	0.01601	0.01193	0.01653	0.15581	0.00978	0.02459	0.01523	0.13258	0.01294	0.01377	0.00968	0.00704	0.00525	0.00206	0.00725	0.00451	0.00481	0.00864
2	0.01024	0.00876	0.03910	0.01077	0.01278	0.00748	0.00908	0.01291	0.01592	0.02053	0.09350	0.14336	0.23200	0.05883	0.01057	0.00307	0.00540	0.29294	0.00640	0.00637
3	0.01640	0.03401	0.01805	0.07127	0.02078	0.01409	0.07327	0.02559	0.24948	0.08829	0.08725	0.03173	0.06632	0.01213	0.03810	0.00271	0.03205	0.04680	0.00608	0.06558
4	0.01501	0.08041	0.55815	0.02138	0.03106	0.01753	0.13339	0.02251	0.01529	0.02222	0.01286	0.01549	0.00932	0.00660	0.00689	0.00223	0.01058	0.00569	0.00311	0.01028
5	0.00868	0.00620	0.00826	0.00991	0.01033	0.00578	0.00661	0.00991	0.01363	0.01818	0.03925	0.74510	0.04710	0.02231	0.00909	0.00289	0.00413	0.02024	0.00661	0.00578
6	0.01728	0.01884	0.09119	0.04084	0.60778	0.01694	0.05851	0.02197	0.01614	0.02317	0.01339	0.01748	0.01105	0.00636	0.00710	0.00214	0.00884	0.00636	0.00348	0.01112
7	0.01106	0.00805	0.00955	0.00994	0.01134	0.00799	0.00706	0.01480	0.10102	0.03882	0.03922	0.29625	0.15328	0.17216	0.03530	0.00384	0.00548	0.06219	0.00619	0.00648
8	0.80005	0.01377	0.01047	0.00936	0.01377	0.01597	0.00771	0.02093	0.01212	0.03195	0.00991	0.01157	0.00771	0.00661	0.00441	0.00220	0.00551	0.00386	0.00441	0.00771
9	0.74498	0.01365	0.01090	0.00960	0.01409	0.01558	0.00791	0.02192	0.01271	0.08058	0.01122	0.01248	0.00842	0.00677	0.00460	0.00220	0.00555	0.00409	0.00472	0.00803
10	0.03482	0.00724	0.00872	0.00920	0.01052	0.00674	0.00644	0.01225	0.01461	0.05908	0.09162	0.35752	0.17991	0.13030	0.01280	0.00330	0.00462	0.03776	0.00641	0.00613
11	0.00994	0.00701	0.00837	0.00894	0.01011	0.00645	0.00621	0.01132	0.01424	0.03912	0.06559	0.30083	0.22918	0.18566	0.01504	0.00365	0.00482	0.06155	0.00619	0.00579
12	0.01017	0.00763	0.01144	0.01144	0.01272	0.00890	0.00890	0.01272	0.01144	0.01653	0.01907	0.02797	0.01780	0.05340	0.72153	0.01144	0.01907	0.00763	0.00381	0.00636
13	0.05248	0.00739	0.00800	0.00814	0.01006	0.00668	0.00592	0.01131	0.01592	0.02107	0.16705	0.18413	0.40577	0.05238	0.00964	0.00267	0.00392	0.01477	0.00659	0.00610
14	0.01093	0.00753	0.00922	0.00928	0.01105	0.00690	0.00680	0.01368	0.03841	0.06612	0.24558	0.25478	0.21951	0.03779	0.00930	0.00263	0.00408	0.03265	0.00708	0.00668
15	0.80005	0.01377	0.01047	0.00936	0.01377	0.01597	0.00771	0.02093	0.01212	0.03195	0.00991	0.01157	0.00771	0.00661	0.00441	0.00220	0.00551	0.00386	0.00441	0.00771
16	0.00905	0.00705	0.00823	0.00833	0.01011	0.00622	0.00610	0.01131	0.01714	0.02235	0.28953	0.18845	0.35545	0.01759	0.00853	0.00244	0.00362	0.01523	0.00705	0.00622
17	0.04088	0.00815	0.00941	0.00891	0.01085	0.00780	0.00659	0.04188	0.01715	0.04267	0.28127	0.05169	0.21508	0.14574	0.03427	0.00340	0.00499	0.03646	0.02630	0.00651
18	0.01036	0.00690	0.00777	0.00777	0.00777	0.00690	0.00431	0.01036	0.01036	0.01381	0.02244	0.04660	0.02589	0.74975	0.03624	0.00690	0.00690	0.01036	0.00431	0.00431
19	0.01036	0.00690	0.00777	0.00777	0.00777	0.00690	0.00431	0.01036	0.01036	0.01381	0.02244	0.04660	0.02589	0.74975	0.03624	0.00690	0.00690	0.01036	0.00431	0.00431
20	0.01762	0.01692	0.02890	0.04371	0.70533	0.01692	0.02185	0.02185	0.01621	0.02326	0.01339	0.01762	0.01128	0.00634	0.00705	0.00211	0.00846	0.00634	0.00352	0.01128
21	0.02510	0.01679	0.01860	0.01473	0.01967	0.01806	0.01207	0.48886	0.02873	0.12630	0.02095	0.06123	0.01628	0.00975	0.00719	0.00220	0.00703	0.03209	0.06322	0.01116
22	0.01904	0.75404	0.03731	0.01218	0.01828	0.02818	0.01218	0.02132	0.01447	0.01675	0.00990	0.01142	0.00914	0.00609	0.00457	0.00152	0.00761	0.00381	0.00305	0.00914
23	0.80005	0.01377	0.01047	0.00936	0.01377	0.01597	0.00771	0.02093	0.01212	0.03195	0.00991	0.01157	0.00771	0.00661	0.00441	0.00220	0.00551	0.00386	0.00441	0.00771
24	0.01406	0.01119	0.01648	0.30666	0.07836	0.01245	0.01373	0.04115	0.06507	0.05919	0.04474	0.18464	0.06803	0.01174	0.00760	0.00242	0.00688	0.01036	0.03717	0.00810
25	0.00872	0.00709	0.00749	0.00761	0.00955	0.00612	0.00548	0.01038	0.01563	0.01911	0.09891	0.12639	0.54076	0.09141	0.01126	0.00289	0.00397	0.01491	0.00645	0.00586
26	0.01548	0.01311	0.01514	0.01099	0.01719	0.01044	0.00880	0.05034	0.04443	0.02451	0.01356	0.01538	0.01110	0.00562	0.00545	0.00116	0.00541	0.00449	0.00449	0.72293
27	0.01246	0.00691	0.00755	0.00778	0.00912	0.00691	0.00578	0.01514	0.01427	0.02337	0.02516	0.03810	0.02297	0.15132	0.01164	0.00289	0.00447	0.10083	0.52716	0.00618
28	0.03195	0.01212	0.01652	0.01267	0.01818	0.01047	0.01047	0.03470	0.02038	0.71026	0.02809	0.02424	0.01763	0.00881	0.00716	0.00220	0.00606	0.00716	0.00881	0.01212
29	0.01558	0.01558	0.02181	0.01869	0.01869	0.02181	0.01558	0.01714	0.01091	0.01714	0.00935	0.01558	0.00935	0.01246	0.02337	0.00312	0.73672	0.00623	0.00312	0.00779
30	0.03195	0.01212	0.01652	0.01267	0.01818	0.01047	0.01047	0.03470	0.02038	0.71026	0.02809	0.02424	0.01763	0.00881	0.00716	0.00220	0.00606	0.00716	0.00881	0.01212
31	0.00852	0.00718	0.00738	0.00741	0.00970	0.00604	0.00553	0.01038	0.01635	0.01971	0.10559	0.09346	0.64244	0.01800	0.00844	0.00241	0.00361	0.01511	0.00668	0.00604
32	0.01237	0.00618	0.00928	0.00928	0.00928	0.00618	0.00618	0.00928	0.00928	0.01237	0.01237	0.02165	0.01237	0.02474	0.02783	0.79283	0.00618	0.00618	0.00309	0.00309
33	0.01558	0.01558	0.02181	0.01869	0.01869	0.02181	0.01558	0.01714	0.01091	0.01714	0.00935	0.01558	0.00935	0.01246	0.02337	0.00312	0.73672	0.00623	0.00312	0.00779
34	0.01045	0.00691	0.00881	0.00955	0.01080	0.00626	0.00670	0.01212	0.01526	0.06909	0.11512	0.50505	0.15764	0.01979	0.00876	0.00269	0.00410	0.01763	0.00690	0.00638
35	0.01062	0.00731	0.00850	0.00844	0.00851	0.00757	0.00508	0.01082	0.01064	0.01427	0.02256	0.04679	0.02586	0.68812	0.03458	0.00659	0.03669	0.03812	0.00436	0.00455
36	0.01130	0.00819	0.01037	0.00949	0.01146	0.00782	0.00721	0.06134	0.02111	0.02972	0.65250	0.05060	0.06324	0.01413	0.00831	0.00223	0.00368	0.01241	0.00779	0.00711
37	0.05806	0.01009	0.01296	0.01082	0.01451	0.00921	0.00861	0.02436	0.03955	0.34772	0.31170	0.03740	0.06175	0.01146	0.00760	0.00223	0.00480	0.00970	0.00807	0.00940
38	0.04627	0.00874	0.01030	0.01011	0.01216	0.00862	0.00744	0.01761	0.10199	0.09557	0.13169	0.25022	0.11408	0.08338	0.01064	0.00291	0.00473	0.03744	0.03876	0.00733
39	0.13967	0.01235	0.01568	0.01221	0.01756	0.01124	0.01008	0.03277	0.01922	0.61513	0.02554	0.02246	0.01624	0.00850	0.00677	0.00220	0.00598	0.00670	0.00820	0.01150
40	0.03176	0.01241	0.01671	0.01281	0.01832	0.01090	0.01058	0.05902	0.02087	0.68525	0.02768	0.02397	0.01742	0.00880	0.00716	0.00220	0.00613	0.00713	0.00875	0.01212
41	0.39103	0.01419	0.01416	0.01177	0.01658	0.01531	0.00962	0.10049	0.10678	0.22717	0.01843	0.01779	0.01289	0.00786	0.00587	0.00222	0.00594	0.00564	0.00634	0.00993
42	0.01082	0.00777	0.00876	0.00845	0.01002	0.00754	0.00596	0.01435	0.07334	0.02234	0.24039	0.04927	0.18389	0.21657	0.01557	0.00351	0.00458	0.01150	0.09910	0.00628
43	0.01558	0.01558	0.02181	0.01869	0.01869	0.02181	0.01558	0.01714	0.01091	0.01714	0.00935	0.01558	0.00935	0.01246	0.02337	0.00312	0.73672	0.00623	0.00312	0.00779
44	0.01017	0.00763	0.01144	0.01144	0.01272	0.00890	0.00890	0.01272	0.01144	0.01653	0.01907	0.02797	0.01780	0.05340	0.72153	0.01144	0.01907	0.00763	0.00381	0.00636
45	0.01114	0.00856	0.01070	0.05000	0.01302	0.03888	0.00779	0.01241	0.01167	0.01562	0.02092	0.10081	0.02203	0.27274	0.30841	0.06424	0.01193	0.00942	0.00415	0.00556
46	0.03195	0.01212	0.01652	0.01267	0.01818	0.01047	0.01047	0.03470	0.02038	0.71026	0.02809	0.02424	0.01763	0.00881	0.00716	0.00220	0.00606	0.00716	0.00881	0.01212
47	0.00853	0.00722	0.00738	0.00734	0.00969	0.00606	0.00550	0.01045	0.01651	0.01990	0.11726	0.06743	0.65690	0.01778	0.00841	0.00239	0.00359	0.01487	0.00670	0.00606
48	0.00941	0.00722	0.01040	0.01126	0.01199	0.00707	0.03620	0.01094	0.01375	0.01844	0.03686	0.66037	0.04373	0.02110	0.00969	0.00289	0.03542	0.04086	0.00633	0.00606
49	0.01942	0.08155	0.07053	0.08656	0.08025	0.25889	0.01480	0.06076	0.04119	0.02161	0.09268	0.02108	0.03722	0.00884	0.00829	0.00213	0.07459	0.00651	0.00435	0.00875
50	0.01555	0.01573	0.01961	0.01723	0.01782	0.08491	0.01409	0.01732	0.01188	0.01704	0.01142	0.01777	0.01100	0.02007	0.15969	0.00464	0.52700	0.00635	0.00331	0.00755
51	0.00887	0.00635	0.00844	0.00978	0.01037	0.00591	0.00662	0.01040	0.01453	0.01961	0.13056	0.64971	0.04987	0.02124	0.00899	0.00280	0.00402	0.01923	0.00678	0.00591
52	0.01024	0.00737	0.01013	0.01013	0.01094	0.00818	0.00726	0.01187	0.01105	0.01555	0.02028	0.03465	0.02070	0.30301	0.47589	0.00982	0.01471	0.00861	0.00399	0.00563
53	0.01471	0.01289	0.01439	0.01084	0.01644	0.03918	0.00863	0.01784	0.01555	0.02336	0.07562	0.02082	0.01683	0.00678	0.00579	0.00129	0.00547	0.03169	0.00462	0.65727

[dist]
# distance from previous block
# <min> <max>
0	36

# created by:
# /home/cegg/simao/soft/augustus-3.2.1/scripts/msa2prfl.pl ./align_prep/EOG090W0DZ9.fa
