[name]
unknown

[dist]
# distance from previous block
# <min> <max>
0	471

[block]
# block no. 0 follows, 30 sequences, length 21
# corresponding to MSA columns:
# 493-513
name=unknown_A
#
# <colnr> <probs for GDERKNQSTAVLIFYWHMCP>
#	G	D	E	R	K	N	Q	S	T	A	V	L	I	F	Y	W	H	M	C	P
0	0.01116	0.00721	0.00875	0.00882	0.01001	0.00679	0.00624	0.01208	0.01343	0.05602	0.07189	0.08912	0.18758	0.28035	0.02020	0.09124	0.00551	0.10269	0.00548	0.00542
1	0.01556	0.01743	0.10151	0.18834	0.13981	0.05926	0.07568	0.04520	0.11288	0.02207	0.01800	0.05883	0.01540	0.01130	0.05115	0.00285	0.00924	0.04210	0.00430	0.00909
2	0.01820	0.01555	0.01620	0.01549	0.05460	0.06384	0.01137	0.03363	0.52948	0.06966	0.02801	0.05156	0.04168	0.00978	0.00713	0.00232	0.00606	0.00815	0.00672	0.01055
3	0.00957	0.00769	0.01108	0.01306	0.07416	0.00717	0.03487	0.01132	0.01413	0.01861	0.04046	0.54364	0.14946	0.01913	0.00859	0.00267	0.00466	0.01731	0.00609	0.00634
4	0.01680	0.16577	0.05606	0.01364	0.01680	0.05316	0.01178	0.09610	0.07429	0.02198	0.01590	0.04817	0.01412	0.04451	0.04100	0.03208	0.16570	0.00650	0.09741	0.00825
5	0.01947	0.01729	0.04646	0.07145	0.04436	0.04309	0.01310	0.22331	0.34301	0.03140	0.03766	0.02324	0.03669	0.00899	0.00706	0.00224	0.00688	0.00730	0.00634	0.01066
6	0.01116	0.00935	0.05325	0.01148	0.04992	0.00841	0.00796	0.01197	0.01154	0.01588	0.05995	0.05349	0.04687	0.34059	0.11020	0.14730	0.03220	0.00899	0.00413	0.00535
7	0.01941	0.50580	0.03116	0.01596	0.08960	0.11677	0.01289	0.05684	0.01639	0.01927	0.04970	0.01459	0.01252	0.00675	0.00531	0.00166	0.00800	0.00472	0.00359	0.00908
8	0.01647	0.01405	0.01505	0.01385	0.01744	0.01611	0.01077	0.03413	0.61810	0.02802	0.02950	0.07364	0.02389	0.01078	0.00735	0.00244	0.00548	0.04543	0.00702	0.01045
9	0.09430	0.02583	0.41672	0.01917	0.09797	0.01476	0.01952	0.02142	0.05865	0.02448	0.12207	0.02123	0.01866	0.00794	0.00670	0.00220	0.00819	0.00647	0.00414	0.00958
10	0.01031	0.00801	0.01238	0.01189	0.01326	0.00854	0.05771	0.01252	0.01211	0.01683	0.02328	0.15420	0.02431	0.14256	0.40982	0.00802	0.01325	0.05049	0.00442	0.00609
11	0.02386	0.02056	0.01931	0.01530	0.02046	0.15388	0.01232	0.42684	0.02652	0.03434	0.01496	0.01595	0.01125	0.00913	0.03143	0.00218	0.00858	0.00562	0.00575	0.14177
12	0.03131	0.01188	0.01619	0.01242	0.01781	0.01026	0.01026	0.03401	0.01997	0.71606	0.02753	0.02375	0.01727	0.00864	0.00702	0.00216	0.00594	0.00702	0.00864	0.01188
13	0.01866	0.75896	0.03657	0.01194	0.01791	0.02761	0.01194	0.02090	0.01418	0.01642	0.00970	0.01119	0.00896	0.00597	0.00448	0.00149	0.00746	0.00373	0.00299	0.00896
14	0.02436	0.01723	0.01851	0.01451	0.01946	0.01891	0.01188	0.53693	0.06518	0.06558	0.01860	0.01878	0.01340	0.00841	0.00670	0.00205	0.00689	0.00643	0.11512	0.01109
15	0.01041	0.00751	0.00937	0.00888	0.01076	0.00697	0.00666	0.01402	0.04649	0.04343	0.53510	0.08743	0.15703	0.01481	0.00819	0.00226	0.00352	0.01296	0.00744	0.00675
16	0.01400	0.03610	0.71860	0.01989	0.03020	0.01621	0.02578	0.02210	0.01473	0.02210	0.01252	0.01473	0.00884	0.00663	0.00663	0.00221	0.01031	0.00516	0.00295	0.01031
17	0.01196	0.00614	0.00886	0.00886	0.00892	0.00614	0.00584	0.00944	0.00938	0.01273	0.01343	0.02373	0.01359	0.09403	0.02730	0.69371	0.00603	0.00647	0.03016	0.00326
18	0.01259	0.00657	0.00696	0.00702	0.00857	0.00666	0.00526	0.01571	0.01430	0.02490	0.02296	0.05104	0.01882	0.01237	0.06665	0.00249	0.00460	0.00705	0.69903	0.00645
19	0.01585	0.01398	0.01514	0.01140	0.01717	0.04407	0.00906	0.04666	0.10249	0.02413	0.01453	0.01594	0.01173	0.00593	0.00554	0.00128	0.00565	0.00471	0.00460	0.63014
20	0.03024	0.01167	0.01522	0.01397	0.04213	0.01305	0.03511	0.07053	0.05254	0.05188	0.11485	0.09424	0.20880	0.01352	0.01171	0.00251	0.19412	0.01051	0.00564	0.00778

[dist]
# distance from previous block
# <min> <max>
1	5

[block]
# block no. 1 follows, 30 sequences, length 13
# corresponding to MSA columns:
# 519-531
name=unknown_B
#
# <colnr> <probs for GDERKNQSTAVLIFYWHMCP>
#	G	D	E	R	K	N	Q	S	T	A	V	L	I	F	Y	W	H	M	C	P
0	0.05650	0.25886	0.02575	0.07759	0.02236	0.24546	0.03377	0.07543	0.01695	0.01985	0.01090	0.01345	0.00924	0.00742	0.00784	0.00196	0.09968	0.00482	0.00359	0.00860
1	0.00934	0.00725	0.00893	0.00891	0.01039	0.00694	0.00655	0.01151	0.01594	0.02126	0.27462	0.17480	0.25843	0.05351	0.06931	0.00334	0.03266	0.01377	0.00643	0.00611
2	0.00968	0.00666	0.00765	0.00795	0.00823	0.00649	0.00473	0.01006	0.01123	0.01477	0.02917	0.17624	0.08771	0.55767	0.02832	0.00567	0.00599	0.01231	0.00483	0.00463
3	0.01729	0.00877	0.01170	0.01004	0.01298	0.00785	0.00785	0.02037	0.01983	0.26583	0.47248	0.04232	0.04905	0.01232	0.00781	0.00218	0.00421	0.01068	0.00801	0.00841
4	0.01276	0.00655	0.00672	0.00668	0.00831	0.00651	0.00501	0.01602	0.01503	0.02617	0.07608	0.02805	0.02162	0.00861	0.00514	0.00167	0.00326	0.00698	0.73231	0.00651
5	0.71725	0.01331	0.01092	0.00954	0.01398	0.01505	0.00786	0.02203	0.01279	0.10823	0.01172	0.01273	0.00865	0.00672	0.00462	0.00216	0.00546	0.00414	0.00480	0.00804
6	0.01875	0.01791	0.01642	0.01480	0.01869	0.13059	0.01143	0.03561	0.59026	0.02726	0.02559	0.02389	0.01934	0.00910	0.00697	0.00228	0.00665	0.00735	0.00654	0.01057
7	0.00997	0.00748	0.01121	0.01121	0.01246	0.00872	0.00872	0.01246	0.01121	0.01620	0.01869	0.02741	0.01745	0.05234	0.72710	0.01121	0.01869	0.00748	0.00374	0.00623
8	0.01489	0.01756	0.07866	0.02505	0.03109	0.01552	0.50835	0.02013	0.01550	0.02125	0.01662	0.08222	0.01430	0.01256	0.08962	0.00339	0.01179	0.00895	0.00377	0.00879
9	0.00882	0.00657	0.00870	0.01002	0.01049	0.00645	0.00685	0.01008	0.01335	0.01781	0.03854	0.68180	0.07557	0.02119	0.00956	0.00282	0.04035	0.01892	0.00631	0.00578
10	0.01557	0.12056	0.17407	0.01300	0.01770	0.01303	0.01280	0.03645	0.03460	0.11720	0.16326	0.09154	0.02833	0.03337	0.05542	0.00293	0.00735	0.04873	0.00552	0.00856
11	0.01766	0.10414	0.16754	0.06046	0.22871	0.10812	0.06404	0.04173	0.03658	0.02175	0.01286	0.01566	0.01026	0.00648	0.00646	0.00195	0.00908	0.00552	0.00357	0.07744
12	0.12266	0.19889	0.10230	0.04396	0.08890	0.08973	0.03383	0.05742	0.01582	0.04039	0.01237	0.01460	0.00995	0.00673	0.00620	0.00187	0.03167	0.00491	0.04113	0.07666

[dist]
# distance from previous block
# <min> <max>
0	28

[block]
# block no. 2 follows, 30 sequences, length 13
# corresponding to MSA columns:
# 560-572
name=unknown_C
#
# <colnr> <probs for GDERKNQSTAVLIFYWHMCP>
#	G	D	E	R	K	N	Q	S	T	A	V	L	I	F	Y	W	H	M	C	P
0	0.07041	0.06168	0.03794	0.04624	0.09165	0.03595	0.10265	0.11591	0.11926	0.04824	0.04704	0.01967	0.01492	0.00775	0.00734	0.00207	0.04174	0.00650	0.04568	0.07734
1	0.06529	0.01744	0.09860	0.05542	0.18811	0.03756	0.03282	0.11910	0.10043	0.02587	0.03717	0.02414	0.03295	0.07225	0.00932	0.00255	0.00762	0.02865	0.00478	0.03991
2	0.01353	0.01276	0.02157	0.67827	0.10503	0.01560	0.01955	0.01814	0.01412	0.01826	0.01247	0.01849	0.00945	0.00691	0.00697	0.00230	0.00922	0.00620	0.00313	0.00804
3	0.01223	0.01088	0.01679	0.11398	0.20619	0.01123	0.03193	0.01504	0.01488	0.02006	0.08827	0.18481	0.13977	0.05368	0.01010	0.00264	0.04361	0.01133	0.00494	0.00765
4	0.80405	0.01350	0.01026	0.00918	0.01350	0.01565	0.00756	0.02051	0.01188	0.03131	0.00972	0.01134	0.00756	0.00648	0.00432	0.00216	0.00540	0.00378	0.00432	0.00756
5	0.01446	0.01563	0.06862	0.44306	0.10103	0.04700	0.07572	0.02001	0.05611	0.01956	0.01457	0.04244	0.01171	0.00889	0.03024	0.00258	0.00954	0.00682	0.00355	0.00846
6	0.00845	0.00692	0.00746	0.00765	0.00963	0.00593	0.00561	0.01028	0.01589	0.01960	0.12933	0.17224	0.54082	0.01799	0.00835	0.00241	0.00359	0.01531	0.00660	0.00593
7	0.01102	0.00928	0.01185	0.01177	0.01278	0.04133	0.00897	0.01294	0.01229	0.01678	0.02448	0.18166	0.05555	0.07469	0.35953	0.00708	0.10608	0.03119	0.00446	0.00625
8	0.00903	0.00655	0.00858	0.00996	0.01062	0.00627	0.00684	0.01115	0.04099	0.01890	0.07201	0.66106	0.04595	0.02089	0.00883	0.00280	0.00416	0.04291	0.00656	0.00596
9	0.00975	0.00682	0.00833	0.00857	0.00902	0.00692	0.00548	0.01051	0.01121	0.01502	0.02703	0.14743	0.07233	0.46478	0.16075	0.00674	0.00841	0.01137	0.00462	0.00493
10	0.01704	0.01680	0.07782	0.19922	0.11872	0.03497	0.14380	0.11640	0.01823	0.05965	0.05246	0.06569	0.03073	0.00845	0.00737	0.00226	0.00865	0.00786	0.00459	0.00928
11	0.00949	0.00695	0.00836	0.00846	0.00966	0.00651	0.00594	0.01127	0.01509	0.02011	0.24598	0.13610	0.19552	0.21664	0.03959	0.00388	0.00503	0.04362	0.00615	0.00567
12	0.13041	0.19501	0.10629	0.01344	0.01865	0.05462	0.01254	0.12287	0.11023	0.04462	0.06295	0.02075	0.01641	0.00824	0.00608	0.00204	0.00707	0.03188	0.02656	0.00935

[dist]
# distance from previous block
# <min> <max>
0	10

[block]
# block no. 3 follows, 30 sequences, length 22
# corresponding to MSA columns:
# 583-593,595-605
name=unknown_D
#
# <colnr> <probs for GDERKNQSTAVLIFYWHMCP>
#	G	D	E	R	K	N	Q	S	T	A	V	L	I	F	Y	W	H	M	C	P
0	0.23015	0.13183	0.03975	0.05952	0.10333	0.09853	0.01223	0.02214	0.07525	0.02391	0.03896	0.01671	0.01269	0.00730	0.00617	0.00200	0.03106	0.00530	0.05652	0.02665
1	0.06059	0.05571	0.14725	0.05419	0.18459	0.01655	0.01629	0.14056	0.06095	0.06884	0.04128	0.04660	0.01517	0.03326	0.00812	0.00233	0.02611	0.00680	0.00482	0.00999
2	0.00856	0.00623	0.00794	0.00927	0.00990	0.00575	0.00621	0.00978	0.01351	0.01772	0.04167	0.62763	0.12852	0.05932	0.01020	0.00298	0.00412	0.01869	0.00636	0.00562
3	0.01778	0.02025	0.13821	0.05942	0.18842	0.07839	0.01673	0.10984	0.13714	0.02586	0.05961	0.02030	0.01584	0.00816	0.00778	0.00219	0.04947	0.00659	0.02803	0.01000
4	0.01389	0.01385	0.06350	0.04917	0.09210	0.03739	0.03843	0.06447	0.01611	0.02206	0.04811	0.19028	0.08023	0.01214	0.00839	0.00224	0.05266	0.04686	0.00500	0.14310
5	0.01010	0.00908	0.03406	0.01191	0.03391	0.00848	0.02878	0.01273	0.03906	0.01957	0.09215	0.41074	0.16863	0.01779	0.00961	0.00263	0.06265	0.01552	0.00603	0.00656
6	0.01679	0.02017	0.06971	0.02725	0.03392	0.06831	0.57866	0.02224	0.01637	0.02160	0.01413	0.01929	0.01100	0.03681	0.00914	0.00249	0.01155	0.00790	0.00354	0.00915
7	0.01580	0.01532	0.03780	0.08913	0.12031	0.06575	0.09731	0.02374	0.19105	0.02372	0.05737	0.02522	0.05713	0.00872	0.00755	0.00219	0.03449	0.00760	0.11078	0.00903
8	0.00917	0.00733	0.00828	0.00862	0.01039	0.00672	0.00623	0.01222	0.06480	0.02028	0.12798	0.28065	0.37606	0.01804	0.00837	0.00249	0.00382	0.01563	0.00666	0.00627
9	0.05806	0.24987	0.28515	0.01630	0.02330	0.16530	0.01730	0.07140	0.01677	0.02142	0.01149	0.01321	0.00906	0.00667	0.00583	0.00190	0.00949	0.00461	0.00345	0.00943
10	0.04347	0.01153	0.01303	0.03780	0.01606	0.01278	0.00971	0.02580	0.36156	0.02702	0.17744	0.07378	0.03316	0.01188	0.00748	0.00239	0.00506	0.07521	0.04598	0.00885
11	0.02135	0.06093	0.01756	0.01218	0.01796	0.01332	0.01005	0.14804	0.04615	0.20136	0.01749	0.01748	0.01272	0.00686	0.00601	0.00160	0.00599	0.00539	0.00585	0.37171
12	0.28421	0.01241	0.01425	0.01136	0.01640	0.01202	0.00937	0.02959	0.01732	0.49196	0.02170	0.01969	0.01409	0.00793	0.00613	0.00216	0.00576	0.00596	0.00722	0.01046
13	0.00916	0.00710	0.00833	0.00802	0.00998	0.00628	0.00602	0.01178	0.01805	0.02395	0.42632	0.05876	0.34959	0.01577	0.00824	0.00227	0.00340	0.01355	0.00715	0.00628
14	0.00862	0.00612	0.00806	0.00956	0.00994	0.00575	0.00632	0.00975	0.01313	0.01750	0.03727	0.69935	0.04465	0.07476	0.01083	0.00312	0.00424	0.01914	0.00632	0.00556
15	0.01866	0.75896	0.03657	0.01194	0.01791	0.02761	0.01194	0.02090	0.01418	0.01642	0.00970	0.01119	0.00896	0.00597	0.00448	0.00149	0.00746	0.00373	0.00299	0.00896
16	0.01338	0.01159	0.01988	0.01710	0.02047	0.01143	0.20995	0.01874	0.07519	0.02243	0.02809	0.07950	0.02779	0.01345	0.00849	0.00271	0.00751	0.31990	0.08471	0.00769
17	0.01727	0.01658	0.02832	0.04283	0.71123	0.01658	0.02142	0.02142	0.01589	0.02280	0.01313	0.01727	0.01105	0.00622	0.00691	0.00207	0.00829	0.00622	0.00345	0.01105
18	0.01212	0.00606	0.00909	0.00909	0.00909	0.00606	0.00606	0.00909	0.00909	0.01212	0.01212	0.02121	0.01212	0.02424	0.02727	0.79697	0.00606	0.00606	0.00303	0.00303
19	0.01831	0.01068	0.01237	0.01107	0.01372	0.03547	0.00867	0.08545	0.01739	0.19177	0.02671	0.14941	0.04078	0.03609	0.00894	0.00239	0.05579	0.04965	0.21709	0.00823
20	0.01762	0.01821	0.02114	0.05319	0.02160	0.16137	0.07930	0.02016	0.01457	0.04037	0.03998	0.01688	0.01205	0.00908	0.01318	0.00229	0.30690	0.00595	0.00376	0.14240
21	0.01867	0.01514	0.01587	0.03981	0.03985	0.14108	0.03095	0.07950	0.03578	0.11971	0.16995	0.02830	0.05682	0.01074	0.00916	0.03905	0.06043	0.00793	0.07296	0.00831

[dist]
# distance from previous block
# <min> <max>
0	8

[block]
# block no. 4 follows, 30 sequences, length 19
# corresponding to MSA columns:
# 614-632
name=unknown_E
#
# <colnr> <probs for GDERKNQSTAVLIFYWHMCP>
#	G	D	E	R	K	N	Q	S	T	A	V	L	I	F	Y	W	H	M	C	P
0	0.01080	0.00908	0.01391	0.05202	0.05068	0.00911	0.07449	0.01355	0.03176	0.01917	0.05471	0.35371	0.09880	0.05877	0.03268	0.00316	0.02954	0.07180	0.00559	0.00667
1	0.00850	0.00607	0.00810	0.00972	0.01012	0.00567	0.00648	0.00972	0.01336	0.01781	0.03846	0.75020	0.04615	0.02186	0.00891	0.00283	0.00405	0.01984	0.00648	0.00567
2	0.32864	0.01236	0.01332	0.01089	0.01541	0.01252	0.00885	0.05720	0.01691	0.34718	0.05403	0.02119	0.01612	0.04743	0.00753	0.00240	0.00572	0.00617	0.00660	0.00953
3	0.01350	0.00947	0.01148	0.01051	0.01299	0.00958	0.00802	0.02081	0.19190	0.08564	0.44071	0.08176	0.04935	0.01299	0.00788	0.00227	0.00412	0.01135	0.00755	0.00811
4	0.01635	0.00900	0.01169	0.01017	0.01302	0.00836	0.00792	0.02063	0.06732	0.21910	0.47123	0.04242	0.04924	0.01237	0.00781	0.00220	0.00418	0.01073	0.00791	0.00837
5	0.05398	0.06285	0.01950	0.04653	0.02140	0.39765	0.01284	0.09695	0.17613	0.02319	0.01542	0.01624	0.01207	0.00774	0.00641	0.00198	0.00977	0.00546	0.00473	0.00917
6	0.02820	0.01522	0.01803	0.01390	0.01916	0.01539	0.01140	0.33612	0.02551	0.37500	0.02230	0.02143	0.01511	0.03989	0.00820	0.00232	0.00678	0.00681	0.00768	0.01155
7	0.04481	0.06088	0.04361	0.01267	0.03589	0.01275	0.00997	0.12169	0.10943	0.06730	0.12429	0.19460	0.08709	0.01404	0.02681	0.00255	0.00582	0.01096	0.00632	0.00851
8	0.71400	0.01367	0.01186	0.01187	0.06683	0.01551	0.00872	0.02111	0.01250	0.05732	0.01067	0.01227	0.00820	0.00654	0.00462	0.00215	0.00564	0.00409	0.00442	0.00799
9	0.01841	0.07715	0.12933	0.04758	0.07045	0.11063	0.08246	0.06675	0.06114	0.07645	0.01583	0.01894	0.01250	0.03133	0.06629	0.00298	0.05302	0.00623	0.04333	0.00920
10	0.00904	0.00659	0.00855	0.00942	0.01043	0.00610	0.00672	0.01101	0.01553	0.02089	0.22344	0.44872	0.11507	0.01922	0.00871	0.00264	0.00395	0.06119	0.00680	0.00599
11	0.01531	0.05991	0.20610	0.10507	0.02979	0.04183	0.24324	0.02053	0.01578	0.04850	0.05028	0.07127	0.04395	0.00835	0.00740	0.00227	0.00940	0.00805	0.00402	0.00894
12	0.00984	0.00801	0.00888	0.00912	0.01112	0.00764	0.00672	0.01425	0.11780	0.02054	0.08002	0.25203	0.37367	0.01753	0.00830	0.00251	0.00405	0.03467	0.00662	0.00665
13	0.00999	0.00722	0.01030	0.01039	0.01131	0.00810	0.00767	0.01177	0.01107	0.01566	0.02020	0.07066	0.02035	0.18159	0.53520	0.03499	0.01524	0.00862	0.00396	0.00572
14	0.01547	0.02109	0.24032	0.12827	0.05089	0.04775	0.12733	0.02058	0.01581	0.07380	0.07849	0.06233	0.03866	0.00882	0.00796	0.00230	0.03912	0.00777	0.00427	0.00898
15	0.00896	0.00637	0.00842	0.00969	0.01021	0.00611	0.00660	0.01029	0.01327	0.01779	0.05975	0.57341	0.04278	0.10467	0.04802	0.00369	0.00519	0.05305	0.00613	0.00561
16	0.01639	0.05861	0.07263	0.07221	0.05937	0.12136	0.03813	0.07789	0.07437	0.02275	0.10240	0.07211	0.06168	0.03381	0.00936	0.00240	0.06728	0.02391	0.00493	0.00841
17	0.08622	0.12591	0.19137	0.01835	0.06987	0.09698	0.07084	0.11607	0.03488	0.06039	0.02902	0.04236	0.01274	0.00762	0.00644	0.00207	0.00865	0.00609	0.00441	0.00969
18	0.01911	0.26440	0.18379	0.06858	0.06057	0.16067	0.01634	0.04191	0.06370	0.04110	0.01296	0.01468	0.01026	0.00684	0.00596	0.00190	0.00912	0.00497	0.00370	0.00943

[dist]
# distance from previous block
# <min> <max>
12	33

[block]
# block no. 5 follows, 30 sequences, length 15
# corresponding to MSA columns:
# 671-685
name=unknown_F
#
# <colnr> <probs for GDERKNQSTAVLIFYWHMCP>
#	G	D	E	R	K	N	Q	S	T	A	V	L	I	F	Y	W	H	M	C	P
0	0.06008	0.21540	0.17556	0.01519	0.05578	0.05074	0.01422	0.11862	0.01808	0.02493	0.10244	0.02144	0.04729	0.00822	0.00618	0.00195	0.00740	0.00631	0.04103	0.00914
1	0.13087	0.23803	0.15940	0.01568	0.04923	0.06372	0.05068	0.04364	0.08505	0.02287	0.01600	0.01734	0.04241	0.00728	0.00582	0.00197	0.00781	0.00550	0.02752	0.00917
2	0.08623	0.12664	0.19165	0.04647	0.07472	0.03401	0.09585	0.10179	0.07225	0.02523	0.01417	0.01621	0.01086	0.00685	0.00630	0.00203	0.00836	0.00565	0.02906	0.04568
3	0.05098	0.14716	0.27936	0.01712	0.02436	0.09324	0.08394	0.02376	0.04197	0.08569	0.01390	0.01543	0.01039	0.00667	0.00623	0.00196	0.00898	0.00529	0.00393	0.07964
4	0.01350	0.01081	0.01462	0.10410	0.01931	0.01086	0.05218	0.01979	0.14549	0.05527	0.14673	0.11425	0.09811	0.01227	0.02264	0.00236	0.00582	0.00999	0.02914	0.11274
5	0.00875	0.00631	0.00834	0.00987	0.01050	0.00591	0.00687	0.01019	0.01376	0.01816	0.04007	0.64886	0.08169	0.02139	0.00894	0.00284	0.00425	0.08107	0.00647	0.00575
6	0.02750	0.01096	0.01480	0.01184	0.01650	0.00950	0.00957	0.02997	0.01899	0.59976	0.03084	0.11317	0.05274	0.01065	0.00730	0.00225	0.00560	0.00892	0.00828	0.01085
7	0.00850	0.00607	0.00810	0.00972	0.01012	0.00567	0.00648	0.00972	0.01336	0.01781	0.03846	0.75020	0.04615	0.02186	0.00891	0.00283	0.00405	0.01984	0.00648	0.00567
8	0.02746	0.01805	0.02002	0.01535	0.02090	0.01943	0.01268	0.56078	0.03031	0.17468	0.01885	0.01811	0.01292	0.00843	0.00699	0.00211	0.00734	0.00643	0.00730	0.01187
9	0.00879	0.00659	0.00851	0.00963	0.01034	0.00631	0.00665	0.01020	0.01394	0.01846	0.07790	0.59791	0.13135	0.02056	0.00929	0.00275	0.03031	0.01830	0.00642	0.00582
10	0.01866	0.75896	0.03657	0.01194	0.01791	0.02761	0.01194	0.02090	0.01418	0.01642	0.00970	0.01119	0.00896	0.00597	0.00448	0.00149	0.00746	0.00373	0.00299	0.00896
11	0.01192	0.00620	0.00897	0.00891	0.00918	0.00614	0.00605	0.00995	0.01058	0.01466	0.08934	0.02489	0.01837	0.02222	0.02390	0.66405	0.00560	0.00681	0.04864	0.00362
12	0.02223	0.05889	0.06145	0.07210	0.04672	0.01952	0.06653	0.43668	0.02609	0.03547	0.01595	0.01739	0.01169	0.00776	0.00675	0.00207	0.00793	0.00624	0.06787	0.01067
13	0.01644	0.01447	0.01763	0.13951	0.02320	0.03828	0.03464	0.11699	0.23857	0.02538	0.02374	0.04754	0.07119	0.01223	0.04884	0.00282	0.07569	0.00787	0.00542	0.03956
14	0.34023	0.09778	0.09701	0.01352	0.01894	0.11137	0.04037	0.05429	0.01589	0.13230	0.01342	0.01435	0.00986	0.00693	0.00556	0.00205	0.00759	0.00483	0.00468	0.00903

[dist]
# distance from previous block
# <min> <max>
0	13

[block]
# block no. 6 follows, 30 sequences, length 17
# corresponding to MSA columns:
# 699-715
name=unknown_G
#
# <colnr> <probs for GDERKNQSTAVLIFYWHMCP>
#	G	D	E	R	K	N	Q	S	T	A	V	L	I	F	Y	W	H	M	C	P
0	0.01641	0.01845	0.09123	0.18566	0.14291	0.07517	0.10344	0.06111	0.04619	0.02148	0.01428	0.04252	0.01189	0.00963	0.03401	0.00264	0.10335	0.00680	0.00378	0.00904
1	0.01016	0.00728	0.00839	0.00845	0.01053	0.00640	0.00634	0.01212	0.01591	0.06564	0.11626	0.18068	0.43429	0.01885	0.03497	0.00278	0.00445	0.04351	0.00663	0.00635
2	0.01328	0.00863	0.01057	0.00987	0.01220	0.00822	0.00745	0.03970	0.07776	0.11176	0.31701	0.17720	0.14909	0.01488	0.00807	0.00235	0.00415	0.01295	0.00732	0.00754
3	0.05392	0.00770	0.00904	0.00855	0.01051	0.00738	0.00646	0.01435	0.04288	0.02684	0.49383	0.04822	0.13829	0.01348	0.00764	0.00216	0.00352	0.01161	0.08693	0.00670
4	0.02653	0.01955	0.02094	0.01606	0.02164	0.02164	0.01326	0.68796	0.03281	0.04398	0.01675	0.01675	0.01187	0.00838	0.00698	0.00209	0.00768	0.00628	0.00698	0.01187
5	0.01840	0.63443	0.03345	0.01249	0.01783	0.02589	0.01203	0.05592	0.01481	0.01790	0.01054	0.01262	0.00959	0.00901	0.04542	0.00215	0.05115	0.00421	0.00324	0.00888
6	0.02653	0.01955	0.02094	0.01606	0.02164	0.02164	0.01326	0.68796	0.03281	0.04398	0.01675	0.01675	0.01187	0.00838	0.00698	0.00209	0.00768	0.00628	0.00698	0.01187
7	0.04221	0.03874	0.03936	0.09137	0.27576	0.05532	0.05552	0.10466	0.01767	0.07121	0.01591	0.06380	0.01341	0.00816	0.00777	0.00218	0.04908	0.00700	0.03110	0.00978
8	0.80405	0.01350	0.01026	0.00918	0.01350	0.01565	0.00756	0.02051	0.01188	0.03131	0.00972	0.01134	0.00756	0.00648	0.00432	0.00216	0.00540	0.00378	0.00432	0.00756
9	0.15583	0.01501	0.01902	0.03878	0.01996	0.05346	0.12542	0.12942	0.04744	0.06417	0.01598	0.02039	0.01298	0.07823	0.01119	0.02886	0.06980	0.00655	0.07905	0.00845
10	0.01032	0.00723	0.00871	0.00849	0.01044	0.00641	0.00631	0.01270	0.01738	0.06341	0.33111	0.15968	0.29945	0.01633	0.00827	0.00235	0.00365	0.01415	0.00711	0.00650
11	0.02218	0.01930	0.02060	0.03928	0.02175	0.09993	0.03551	0.33994	0.14851	0.03219	0.01673	0.01786	0.01270	0.00896	0.00961	0.00229	0.13015	0.00641	0.00573	0.01038
12	0.00988	0.00794	0.01188	0.08482	0.01593	0.00777	0.05244	0.01230	0.01520	0.02029	0.16325	0.40033	0.10152	0.01736	0.00852	0.00261	0.00503	0.05040	0.00617	0.00636
13	0.00942	0.00671	0.00835	0.00900	0.00973	0.00643	0.00613	0.01076	0.01351	0.01800	0.11660	0.30731	0.10214	0.24852	0.04175	0.00425	0.00544	0.06472	0.00583	0.00543
14	0.01911	0.08890	0.07721	0.06727	0.15844	0.08526	0.05003	0.16134	0.08556	0.04149	0.01855	0.06178	0.03753	0.00848	0.00687	0.00212	0.00816	0.00712	0.00485	0.00991
15	0.01064	0.00792	0.00958	0.02879	0.01180	0.03249	0.00716	0.01226	0.01418	0.04193	0.11634	0.31836	0.12122	0.08921	0.11242	0.03326	0.00677	0.01387	0.00579	0.00601
16	0.04349	0.08763	0.08022	0.01515	0.01981	0.14126	0.03563	0.17652	0.11299	0.05102	0.02182	0.07281	0.06817	0.00962	0.00734	0.00215	0.03211	0.00749	0.00535	0.00944

[dist]
# distance from previous block
# <min> <max>
3	7

[block]
# block no. 7 follows, 30 sequences, length 43
# corresponding to MSA columns:
# 723-746,749,752,753,773-788
name=unknown_H
#
# <colnr> <probs for GDERKNQSTAVLIFYWHMCP>
#	G	D	E	R	K	N	Q	S	T	A	V	L	I	F	Y	W	H	M	C	P
0	0.01338	0.01310	0.06522	0.08365	0.19509	0.01198	0.03688	0.03685	0.01564	0.02213	0.08685	0.09897	0.09884	0.01319	0.05357	0.00277	0.03229	0.00912	0.07153	0.03895
1	0.01356	0.06333	0.07502	0.03208	0.01554	0.01124	0.01008	0.06841	0.05814	0.06513	0.16498	0.24057	0.10537	0.01422	0.00816	0.00238	0.02566	0.01218	0.00618	0.00780
2	0.06319	0.09284	0.03932	0.08727	0.04080	0.16358	0.01284	0.07696	0.03685	0.02094	0.01470	0.02158	0.01328	0.08323	0.03876	0.00298	0.11563	0.03566	0.03155	0.00803
3	0.06947	0.01518	0.01881	0.06678	0.05333	0.01647	0.06403	0.25376	0.15176	0.05572	0.06891	0.02463	0.05261	0.02538	0.00765	0.00230	0.00686	0.00755	0.02887	0.00993
4	0.03485	0.00705	0.01025	0.03696	0.01146	0.00727	0.02515	0.01103	0.01025	0.01474	0.01421	0.02344	0.01369	0.07883	0.06857	0.54316	0.00694	0.00650	0.07154	0.00411
5	0.01735	0.01681	0.02306	0.06841	0.29539	0.09495	0.05999	0.07431	0.03784	0.02211	0.01584	0.09356	0.01459	0.00973	0.00979	0.03926	0.08608	0.00762	0.00411	0.00920
6	0.10957	0.01225	0.01516	0.01197	0.01690	0.01137	0.00976	0.08660	0.01952	0.47593	0.05079	0.06179	0.01879	0.00910	0.00676	0.00212	0.00578	0.00734	0.00759	0.06089
7	0.01527	0.01527	0.02137	0.01832	0.01832	0.02137	0.01527	0.01679	0.01069	0.01679	0.00916	0.01527	0.00916	0.01221	0.02290	0.00305	0.74198	0.00611	0.00305	0.00763
8	0.22358	0.21180	0.16829	0.01661	0.06709	0.04062	0.05356	0.10195	0.01635	0.02560	0.01166	0.01352	0.00915	0.00658	0.00562	0.00199	0.00800	0.00480	0.00389	0.00936
9	0.01039	0.00725	0.00858	0.00843	0.00852	0.00765	0.00513	0.01066	0.01026	0.01390	0.02109	0.04273	0.02394	0.66334	0.08799	0.00692	0.04479	0.00974	0.00413	0.00455
10	0.01400	0.03610	0.71860	0.01989	0.03020	0.01621	0.02578	0.02210	0.01473	0.02210	0.01252	0.01473	0.00884	0.00663	0.00663	0.00221	0.01031	0.00516	0.00295	0.01031
11	0.02972	0.01163	0.01556	0.01209	0.01721	0.01023	0.00994	0.03297	0.04038	0.65113	0.02725	0.02397	0.01744	0.00863	0.00688	0.00213	0.00575	0.00701	0.05856	0.01151
12	0.01212	0.00606	0.00909	0.00909	0.00909	0.00606	0.00606	0.00909	0.00909	0.01212	0.01212	0.02121	0.01212	0.02424	0.02727	0.79697	0.00606	0.00606	0.00303	0.00303
13	0.01186	0.00970	0.01006	0.00940	0.01225	0.00971	0.00721	0.04836	0.19812	0.02353	0.07801	0.05077	0.42615	0.01434	0.00767	0.00229	0.00422	0.01193	0.05682	0.00760
14	0.04324	0.01038	0.01228	0.01033	0.01392	0.01013	0.00823	0.06333	0.08606	0.28838	0.08693	0.02660	0.02174	0.00898	0.00632	0.00199	0.00481	0.00730	0.27971	0.00933
15	0.02879	0.01258	0.01617	0.01261	0.01778	0.01160	0.01035	0.09673	0.06422	0.57164	0.02871	0.02541	0.05188	0.00912	0.00708	0.00218	0.00596	0.00739	0.00827	0.01152
16	0.01013	0.00682	0.00788	0.00788	0.00797	0.00691	0.00456	0.01032	0.01023	0.01373	0.02174	0.04430	0.02478	0.70225	0.08722	0.00710	0.00766	0.00995	0.00419	0.00438
17	0.02070	0.45365	0.02903	0.01394	0.01884	0.24437	0.01226	0.04846	0.01645	0.01768	0.01091	0.01292	0.00964	0.00953	0.05322	0.00226	0.00982	0.00432	0.00338	0.00862
18	0.01240	0.01044	0.01598	0.23811	0.04969	0.01257	0.01313	0.04882	0.01329	0.01838	0.01584	0.02301	0.01388	0.03184	0.39679	0.00715	0.06090	0.00689	0.00365	0.00725
19	0.01331	0.00800	0.01207	0.01105	0.01173	0.00845	0.04130	0.01230	0.03506	0.03767	0.01373	0.02244	0.01316	0.06781	0.02507	0.58810	0.06436	0.00653	0.00347	0.00438
20	0.02149	0.30366	0.08414	0.01590	0.02114	0.31548	0.03333	0.04961	0.05944	0.01914	0.01193	0.01340	0.00988	0.00683	0.00577	0.00178	0.00984	0.00465	0.00365	0.00896
21	0.01732	0.01562	0.04602	0.01581	0.04225	0.01520	0.07857	0.13762	0.22714	0.02822	0.03855	0.04341	0.01684	0.00824	0.00711	0.00199	0.02458	0.00702	0.03392	0.19456
22	0.02409	0.07895	0.02185	0.01768	0.02159	0.52752	0.05448	0.07597	0.01963	0.01973	0.01179	0.01382	0.00966	0.00734	0.00690	0.00187	0.03843	0.00495	0.03530	0.00843
23	0.01041	0.00833	0.01051	0.09792	0.01535	0.00826	0.00813	0.03302	0.04806	0.02307	0.28484	0.14317	0.25267	0.01506	0.00808	0.00235	0.00443	0.01305	0.00654	0.00674
24	0.00929	0.00682	0.00796	0.00810	0.00920	0.00630	0.00546	0.01077	0.01456	0.01917	0.20340	0.17063	0.22314	0.25453	0.01712	0.00381	0.00460	0.01360	0.00605	0.00549
25	0.01007	0.00735	0.01046	0.01053	0.01153	0.00828	0.00789	0.01207	0.01122	0.01585	0.02024	0.03365	0.02017	0.19900	0.54780	0.00990	0.01560	0.03860	0.00397	0.00582
26	0.02408	0.01833	0.01957	0.01556	0.02071	0.02050	0.01267	0.51450	0.21025	0.04004	0.01986	0.01923	0.01438	0.00867	0.00701	0.00217	0.00710	0.00671	0.00701	0.01165
27	0.80405	0.01350	0.01026	0.00918	0.01350	0.01565	0.00756	0.02051	0.01188	0.03131	0.00972	0.01134	0.00756	0.00648	0.00432	0.00216	0.00540	0.00378	0.00432	0.00756
28	0.80405	0.01350	0.01026	0.00918	0.01350	0.01565	0.00756	0.02051	0.01188	0.03131	0.00972	0.01134	0.00756	0.00648	0.00432	0.00216	0.00540	0.00378	0.00432	0.00756
29	0.01866	0.75896	0.03657	0.01194	0.01791	0.02761	0.01194	0.02090	0.01418	0.01642	0.00970	0.01119	0.00896	0.00597	0.00448	0.00149	0.00746	0.00373	0.00299	0.00896
30	0.01866	0.75896	0.03657	0.01194	0.01791	0.02761	0.01194	0.02090	0.01418	0.01642	0.00970	0.01119	0.00896	0.00597	0.00448	0.00149	0.00746	0.00373	0.00299	0.00896
31	0.08310	0.01005	0.01033	0.00944	0.01214	0.01083	0.00743	0.10922	0.10371	0.02845	0.02365	0.02701	0.04249	0.01071	0.03451	0.00230	0.00506	0.03109	0.43062	0.00786
32	0.01213	0.00995	0.01486	0.04074	0.23886	0.00979	0.01121	0.01457	0.01450	0.02026	0.07288	0.24210	0.08156	0.11113	0.01130	0.00292	0.00579	0.01182	0.06620	0.00743
33	0.00921	0.00642	0.00784	0.00868	0.00900	0.00616	0.00545	0.00992	0.01208	0.01600	0.03274	0.41254	0.06703	0.34082	0.02047	0.00452	0.00521	0.01539	0.00550	0.00505
34	0.01522	0.01321	0.02102	0.05622	0.17524	0.03405	0.12605	0.01847	0.01499	0.05594	0.04665	0.10998	0.01997	0.05753	0.01091	0.00262	0.08998	0.03302	0.09066	0.00828
35	0.08721	0.01086	0.01358	0.06531	0.03796	0.01100	0.00973	0.06497	0.06046	0.22378	0.11790	0.05140	0.02391	0.01063	0.00786	0.04343	0.00552	0.03136	0.11431	0.00879
36	0.01107	0.00805	0.01074	0.01031	0.01071	0.00921	0.00732	0.01155	0.01049	0.01463	0.01893	0.03313	0.03524	0.32715	0.22243	0.12932	0.11248	0.00833	0.00380	0.00511
37	0.01866	0.75896	0.03657	0.01194	0.01791	0.02761	0.01194	0.02090	0.01418	0.01642	0.00970	0.01119	0.00896	0.00597	0.00448	0.00149	0.00746	0.00373	0.00299	0.00896
38	0.01387	0.01145	0.03807	0.01325	0.05409	0.01107	0.00970	0.08125	0.16845	0.05113	0.13109	0.25540	0.10386	0.01440	0.00790	0.00243	0.00509	0.01258	0.00662	0.00830
39	0.01318	0.01240	0.02093	0.73798	0.04806	0.01550	0.01938	0.01783	0.01395	0.01783	0.01240	0.01860	0.00930	0.00698	0.00698	0.00233	0.00930	0.00620	0.00310	0.00775
40	0.01503	0.01150	0.01398	0.01228	0.01537	0.01215	0.04320	0.09602	0.17703	0.05259	0.11717	0.04024	0.15937	0.01222	0.00821	0.00233	0.03856	0.07171	0.09257	0.00845
41	0.35989	0.03796	0.07731	0.03915	0.09581	0.03766	0.03118	0.06780	0.01533	0.07334	0.01344	0.03936	0.01076	0.00717	0.00566	0.00207	0.00687	0.00536	0.00451	0.06937
42	0.07161	0.16223	0.04536	0.01433	0.01906	0.06214	0.07269	0.15345	0.08575	0.02637	0.01793	0.07323	0.01555	0.00872	0.00634	0.00201	0.00720	0.03036	0.07623	0.04943

[dist]
# distance from previous block
# <min> <max>
0	6

[block]
# block no. 8 follows, 30 sequences, length 17
# corresponding to MSA columns:
# 795-811
name=unknown_I
#
# <colnr> <probs for GDERKNQSTAVLIFYWHMCP>
#	G	D	E	R	K	N	Q	S	T	A	V	L	I	F	Y	W	H	M	C	P
0	0.01428	0.01139	0.01384	0.06686	0.08129	0.03167	0.01013	0.05950	0.12488	0.06411	0.24094	0.04087	0.18783	0.01213	0.00764	0.00224	0.00529	0.01036	0.00648	0.00829
1	0.09454	0.01094	0.01211	0.01074	0.01344	0.03311	0.00811	0.10827	0.01718	0.15632	0.08301	0.11038	0.06384	0.15089	0.01398	0.06172	0.00595	0.03178	0.00608	0.00761
2	0.01603	0.01429	0.04396	0.02132	0.21876	0.01422	0.01344	0.11117	0.17457	0.02733	0.12628	0.09973	0.04476	0.01043	0.00733	0.00224	0.00619	0.00915	0.02916	0.00964
3	0.02331	0.02613	0.01910	0.01822	0.06940	0.44517	0.01311	0.11535	0.10044	0.02287	0.01665	0.01772	0.03963	0.00800	0.00655	0.00194	0.01011	0.00574	0.03155	0.00901
4	0.01748	0.01681	0.02475	0.21617	0.42783	0.08084	0.01938	0.02214	0.04394	0.04376	0.01382	0.01776	0.01104	0.00671	0.00688	0.00213	0.00875	0.00615	0.00369	0.00997
5	0.02093	0.04396	0.06732	0.06611	0.02070	0.05556	0.01256	0.20506	0.08415	0.15311	0.10191	0.02670	0.02138	0.00949	0.00706	0.00218	0.00697	0.04663	0.03833	0.00989
6	0.01502	0.01493	0.02132	0.10264	0.02181	0.02069	0.01575	0.01692	0.01107	0.01692	0.00954	0.01566	0.00918	0.01160	0.02104	0.00297	0.65614	0.00612	0.00306	0.00765
7	0.16633	0.09000	0.20343	0.01587	0.02182	0.13475	0.04804	0.04900	0.10259	0.04447	0.01539	0.01867	0.01226	0.00773	0.00626	0.00214	0.00855	0.03907	0.00436	0.00926
8	0.03131	0.01188	0.01619	0.01242	0.01781	0.01026	0.01026	0.03401	0.01997	0.71606	0.02753	0.02375	0.01727	0.00864	0.00702	0.00216	0.00594	0.00702	0.00864	0.01188
9	0.80405	0.01350	0.01026	0.00918	0.01350	0.01565	0.00756	0.02051	0.01188	0.03131	0.00972	0.01134	0.00756	0.00648	0.00432	0.00216	0.00540	0.00378	0.00432	0.00756
10	0.00988	0.00713	0.00933	0.00878	0.01043	0.00658	0.00658	0.01317	0.01975	0.02798	0.70754	0.05213	0.06584	0.01427	0.00823	0.00219	0.00329	0.01262	0.00768	0.00658
11	0.01736	0.01499	0.01578	0.01420	0.01815	0.01736	0.01105	0.03708	0.69862	0.02919	0.02840	0.02604	0.02130	0.00947	0.00710	0.00237	0.00552	0.00789	0.00710	0.01105
12	0.02483	0.01622	0.01783	0.01400	0.01889	0.01744	0.01146	0.45581	0.06092	0.14473	0.01988	0.01966	0.01405	0.00843	0.00668	0.00205	0.00665	0.00651	0.12293	0.01104
13	0.00883	0.00651	0.00792	0.00872	0.00963	0.00597	0.00590	0.01020	0.01412	0.01847	0.11227	0.42333	0.19240	0.12724	0.01258	0.00324	0.00425	0.01654	0.00627	0.00560
14	0.01271	0.01154	0.01748	0.11087	0.02029	0.01410	0.06529	0.01502	0.01273	0.01836	0.02054	0.25726	0.02202	0.01389	0.01377	0.00273	0.29297	0.01081	0.06057	0.00707
15	0.02397	0.01949	0.01882	0.01526	0.01988	0.12215	0.01237	0.47964	0.02776	0.03633	0.01725	0.01993	0.01334	0.01101	0.04571	0.00256	0.00862	0.03314	0.06236	0.01041
16	0.01998	0.06797	0.01996	0.01630	0.01890	0.32181	0.01288	0.04847	0.01607	0.01835	0.01234	0.05110	0.01168	0.03680	0.01252	0.00236	0.23864	0.00596	0.00373	0.06417

[dist]
# distance from previous block
# <min> <max>
1	9

[block]
# block no. 9 follows, 30 sequences, length 37
# corresponding to MSA columns:
# 821-836,839-859
name=unknown_J
#
# <colnr> <probs for GDERKNQSTAVLIFYWHMCP>
#	G	D	E	R	K	N	Q	S	T	A	V	L	I	F	Y	W	H	M	C	P
0	0.76695	0.01364	0.01111	0.01076	0.04640	0.01570	0.00821	0.02056	0.01207	0.03091	0.00988	0.01162	0.00772	0.00647	0.00444	0.00216	0.00553	0.00389	0.00428	0.00772
1	0.02653	0.01955	0.02094	0.01606	0.02164	0.02164	0.01326	0.68796	0.03281	0.04398	0.01675	0.01675	0.01187	0.00838	0.00698	0.00209	0.00768	0.00628	0.00698	0.01187
2	0.00997	0.00748	0.01121	0.01121	0.01246	0.00872	0.00872	0.01246	0.01121	0.01620	0.01869	0.02741	0.01745	0.05234	0.72710	0.01121	0.01869	0.00748	0.00374	0.00623
3	0.01866	0.75896	0.03657	0.01194	0.01791	0.02761	0.01194	0.02090	0.01418	0.01642	0.00970	0.01119	0.00896	0.00597	0.00448	0.00149	0.00746	0.00373	0.00299	0.00896
4	0.01530	0.08477	0.61686	0.01904	0.02868	0.01742	0.02385	0.07412	0.01611	0.02342	0.01266	0.01465	0.00908	0.00672	0.00651	0.00215	0.00991	0.00515	0.00326	0.01034
5	0.01729	0.01763	0.01760	0.05141	0.08114	0.20947	0.04898	0.06229	0.06561	0.02147	0.04294	0.04283	0.08356	0.01563	0.11181	0.00342	0.03211	0.00755	0.05910	0.00814
6	0.00870	0.00648	0.00811	0.00899	0.01003	0.00588	0.00625	0.01042	0.01508	0.01992	0.16941	0.47827	0.18779	0.01958	0.00864	0.00262	0.00380	0.01743	0.00670	0.00588
7	0.01359	0.01219	0.01970	0.63771	0.04329	0.01494	0.01785	0.04929	0.01485	0.01943	0.01428	0.05324	0.01153	0.00779	0.00698	0.00231	0.00872	0.00686	0.03764	0.00780
8	0.00966	0.00727	0.00877	0.00958	0.01060	0.00710	0.00655	0.01284	0.08642	0.01902	0.06377	0.47878	0.12535	0.10597	0.01174	0.00316	0.00443	0.01652	0.00632	0.00613
9	0.01144	0.00636	0.00892	0.00892	0.00903	0.00648	0.00585	0.00966	0.00955	0.01284	0.01517	0.02784	0.01589	0.20807	0.09292	0.52946	0.00738	0.00720	0.00339	0.00362
10	0.01866	0.75896	0.03657	0.01194	0.01791	0.02761	0.01194	0.02090	0.01418	0.01642	0.00970	0.01119	0.00896	0.00597	0.00448	0.00149	0.00746	0.00373	0.00299	0.00896
11	0.01553	0.04388	0.04503	0.01444	0.06155	0.01358	0.01108	0.02592	0.31512	0.06295	0.07797	0.03689	0.07815	0.04617	0.00871	0.00257	0.00579	0.09181	0.03368	0.00919
12	0.01318	0.01240	0.02093	0.73798	0.04806	0.01550	0.01938	0.01783	0.01395	0.01783	0.01240	0.01860	0.00930	0.00698	0.00698	0.00233	0.00930	0.00620	0.00310	0.00775
13	0.02270	0.02279	0.02261	0.02215	0.14170	0.30064	0.07877	0.09957	0.01931	0.08675	0.01417	0.01634	0.01103	0.00760	0.00796	0.00206	0.06703	0.00581	0.04162	0.00940
14	0.01017	0.00696	0.00943	0.01058	0.01149	0.00676	0.00808	0.01169	0.01405	0.01853	0.06606	0.29925	0.05831	0.07580	0.01327	0.09517	0.00536	0.26748	0.00595	0.00560
15	0.01633	0.01562	0.02663	0.20207	0.55931	0.01633	0.02095	0.02059	0.01545	0.02166	0.01296	0.01758	0.01065	0.00639	0.00692	0.00213	0.00852	0.00621	0.00337	0.01030
16	0.01720	0.04616	0.02228	0.14400	0.07587	0.07002	0.13058	0.09269	0.05909	0.04370	0.06938	0.02226	0.01664	0.03153	0.00857	0.00230	0.04269	0.00711	0.08917	0.00878
17	0.01689	0.01361	0.04290	0.01150	0.01646	0.01201	0.00963	0.13289	0.04725	0.04847	0.01625	0.01800	0.01269	0.00696	0.00637	0.00156	0.03654	0.00535	0.16287	0.38182
18	0.01031	0.00812	0.01105	0.04295	0.07114	0.00785	0.00869	0.01332	0.03508	0.02205	0.24152	0.26405	0.14500	0.01643	0.00837	0.00251	0.00458	0.07378	0.00646	0.00674
19	0.15032	0.05349	0.03632	0.01421	0.01890	0.07899	0.01179	0.28649	0.10900	0.08733	0.01694	0.01808	0.01280	0.03900	0.00814	0.00232	0.03395	0.00599	0.00586	0.01009
20	0.01704	0.07529	0.42964	0.03912	0.04774	0.03396	0.09446	0.13587	0.01810	0.02531	0.01322	0.01543	0.00963	0.00682	0.00674	0.00215	0.00981	0.00564	0.00374	0.01030
21	0.01169	0.00898	0.01015	0.00994	0.01214	0.00899	0.00734	0.01801	0.18688	0.04648	0.13843	0.21638	0.23729	0.04358	0.00910	0.00261	0.00433	0.01350	0.00679	0.00737
22	0.02077	0.15807	0.10194	0.01650	0.04854	0.28667	0.01390	0.08640	0.05057	0.02192	0.03256	0.01545	0.01188	0.00713	0.00605	0.00179	0.00925	0.00508	0.02563	0.07989
23	0.00977	0.00720	0.00937	0.01024	0.01144	0.00682	0.00746	0.01247	0.04372	0.02056	0.14142	0.47860	0.04564	0.01899	0.00865	0.00268	0.00439	0.11062	0.00657	0.04338
24	0.35466	0.01588	0.03574	0.03028	0.04155	0.07191	0.03107	0.05827	0.03422	0.02628	0.01315	0.01803	0.01127	0.03479	0.00813	0.00230	0.06997	0.03634	0.00434	0.10184
25	0.80405	0.01350	0.01026	0.00918	0.01350	0.01565	0.00756	0.02051	0.01188	0.03131	0.00972	0.01134	0.00756	0.00648	0.00432	0.00216	0.00540	0.00378	0.00432	0.00756
26	0.71063	0.01367	0.01091	0.00977	0.01405	0.01586	0.00797	0.02248	0.09343	0.03106	0.01194	0.01308	0.00919	0.00683	0.00465	0.00218	0.00541	0.00427	0.00465	0.00797
27	0.00908	0.00694	0.00833	0.00831	0.01002	0.00619	0.00611	0.01150	0.01738	0.02313	0.37525	0.16668	0.29245	0.01667	0.00834	0.00235	0.00350	0.01450	0.00706	0.00619
28	0.01212	0.00606	0.00909	0.00909	0.00909	0.00606	0.00606	0.00909	0.00909	0.01212	0.01212	0.02121	0.01212	0.02424	0.02727	0.79697	0.00606	0.00606	0.00303	0.00303
29	0.01335	0.01258	0.02125	0.70835	0.07633	0.01555	0.01947	0.01798	0.01404	0.01804	0.01243	0.01855	0.00938	0.00694	0.00697	0.00231	0.00926	0.00620	0.00312	0.00789
30	0.00860	0.00642	0.00800	0.00900	0.01000	0.00582	0.00622	0.01018	0.01467	0.01921	0.12189	0.51389	0.20061	0.02004	0.00868	0.00265	0.00384	0.01784	0.00662	0.00582
31	0.01710	0.01640	0.02801	0.07246	0.68296	0.01653	0.02133	0.02126	0.01581	0.02259	0.01310	0.01733	0.01098	0.00625	0.00691	0.00208	0.00833	0.00622	0.00344	0.01091
32	0.01385	0.00908	0.01306	0.01216	0.04281	0.00868	0.03993	0.06102	0.01245	0.01715	0.01418	0.02080	0.02997	0.01842	0.02021	0.52734	0.00635	0.00613	0.00362	0.12280
33	0.01933	0.31518	0.08882	0.01536	0.01988	0.15583	0.01409	0.08179	0.01618	0.01962	0.01108	0.01375	0.00962	0.00966	0.03959	0.00238	0.15067	0.00485	0.00351	0.00881
34	0.01447	0.01240	0.01447	0.01034	0.01654	0.00930	0.00827	0.01757	0.01447	0.02274	0.01240	0.01447	0.01034	0.00517	0.00517	0.00103	0.00517	0.00413	0.00413	0.79742
35	0.04354	0.04307	0.01493	0.07060	0.06533	0.03653	0.02933	0.06759	0.01486	0.03773	0.02681	0.08348	0.12808	0.21656	0.05424	0.00399	0.04206	0.00947	0.00475	0.00703
36	0.05015	0.05933	0.07662	0.14879	0.08299	0.07587	0.05317	0.10884	0.11317	0.04246	0.01944	0.05136	0.04668	0.00988	0.02916	0.00247	0.00842	0.00714	0.00476	0.00929

[dist]
# distance from previous block
# <min> <max>
0	5

[block]
# block no. 10 follows, 30 sequences, length 19
# corresponding to MSA columns:
# 865-883
name=unknown_K
#
# <colnr> <probs for GDERKNQSTAVLIFYWHMCP>
#	G	D	E	R	K	N	Q	S	T	A	V	L	I	F	Y	W	H	M	C	P
0	0.01855	0.24270	0.05006	0.10013	0.16117	0.15206	0.03978	0.04820	0.03625	0.01993	0.01380	0.06156	0.01232	0.00759	0.00624	0.00195	0.00878	0.00610	0.00372	0.00911
1	0.01198	0.04681	0.01566	0.03883	0.05990	0.01155	0.04769	0.01598	0.07381	0.01964	0.07019	0.22290	0.04495	0.02350	0.18198	0.00462	0.06539	0.03227	0.00505	0.00730
2	0.00871	0.00655	0.00809	0.00898	0.01012	0.00593	0.00633	0.01041	0.01498	0.01953	0.13488	0.44979	0.22889	0.01964	0.00866	0.00263	0.00389	0.03947	0.00663	0.00587
3	0.01125	0.00738	0.00938	0.01008	0.01115	0.00707	0.00696	0.05450	0.01486	0.06469	0.03597	0.58751	0.05720	0.07365	0.01059	0.00302	0.00459	0.01730	0.00649	0.00637
4	0.02408	0.01113	0.01410	0.01154	0.01577	0.01048	0.00928	0.02967	0.12902	0.43375	0.11975	0.02824	0.02461	0.00948	0.00696	0.00214	0.00521	0.00786	0.09652	0.01042
5	0.06855	0.01210	0.01557	0.01210	0.01721	0.01101	0.00996	0.07379	0.02004	0.59401	0.02564	0.02283	0.01648	0.00848	0.00674	0.00212	0.00585	0.00677	0.05945	0.01131
6	0.07683	0.00707	0.00681	0.00672	0.00856	0.00724	0.00509	0.01660	0.01441	0.02644	0.02171	0.02483	0.01705	0.00800	0.00483	0.00167	0.00343	0.00628	0.72982	0.00659
7	0.01124	0.00803	0.01124	0.01285	0.01446	0.00803	0.01124	0.01446	0.01606	0.02088	0.03695	0.07871	0.04016	0.01928	0.00964	0.00321	0.00643	0.66426	0.00643	0.00643
8	0.01145	0.00907	0.01285	0.01224	0.01351	0.01085	0.00963	0.04680	0.01274	0.01831	0.05058	0.06663	0.01988	0.04110	0.51994	0.00874	0.11668	0.00816	0.00414	0.00669
9	0.39604	0.03851	0.06188	0.01473	0.05734	0.04499	0.01197	0.07843	0.03071	0.05512	0.01179	0.01396	0.00931	0.00784	0.00844	0.00228	0.13877	0.00490	0.00435	0.00864
10	0.56060	0.01875	0.01331	0.01194	0.01585	0.20164	0.00950	0.02224	0.01388	0.02685	0.00997	0.01186	0.00801	0.00696	0.00578	0.00211	0.04489	0.00408	0.00407	0.00770
