[name]
unknown

[dist]
# distance from previous block
# <min> <max>
0	34

[block]
# block no. 0 follows, 30 sequences, length 19
# corresponding to MSA columns:
# 36-54
name=unknown_A
#
# <colnr> <probs for GDERKNQSTAVLIFYWHMCP>
#	G	D	E	R	K	N	Q	S	T	A	V	L	I	F	Y	W	H	M	C	P
0	0.01441	0.01285	0.04680	0.01592	0.06083	0.01235	0.06170	0.11238	0.07992	0.02467	0.05000	0.16420	0.07101	0.01389	0.00868	0.00256	0.03280	0.17190	0.00586	0.03726
1	0.01537	0.01654	0.08242	0.11747	0.04310	0.11269	0.03901	0.08635	0.01653	0.02101	0.02166	0.06099	0.06630	0.09814	0.08568	0.00368	0.00942	0.05838	0.00447	0.04081
2	0.01491	0.01141	0.01304	0.06937	0.03613	0.05417	0.00963	0.07604	0.08461	0.08115	0.08510	0.19994	0.12285	0.01612	0.05630	0.00294	0.00655	0.01131	0.04051	0.00790
3	0.04394	0.00728	0.00838	0.00857	0.01015	0.00670	0.00613	0.01143	0.01499	0.02035	0.17054	0.23212	0.24587	0.11697	0.01188	0.00303	0.00430	0.03952	0.00623	0.03162
4	0.04598	0.00782	0.01014	0.08050	0.01391	0.00838	0.00768	0.01377	0.01277	0.04153	0.04769	0.13896	0.02417	0.19112	0.18824	0.00544	0.00870	0.00966	0.13739	0.00614
5	0.01487	0.01371	0.04159	0.24098	0.14765	0.01438	0.10100	0.04066	0.01500	0.04775	0.01740	0.10581	0.01594	0.01165	0.03576	0.03211	0.05963	0.03164	0.00409	0.00838
6	0.01230	0.00780	0.00982	0.00974	0.01120	0.00753	0.00693	0.01533	0.06318	0.09256	0.20776	0.26364	0.04188	0.17433	0.01413	0.00342	0.00483	0.04038	0.00658	0.00665
7	0.01042	0.00703	0.00877	0.00924	0.01071	0.00637	0.00670	0.01227	0.01545	0.06617	0.14487	0.35446	0.21007	0.04655	0.00958	0.00275	0.00420	0.06139	0.00671	0.00627
8	0.09679	0.00716	0.00898	0.00950	0.01032	0.00742	0.00659	0.01120	0.01151	0.01722	0.02430	0.31214	0.02729	0.10359	0.12130	0.19573	0.00712	0.01191	0.00477	0.00517
9	0.04962	0.01173	0.01398	0.09110	0.01818	0.04568	0.03019	0.08555	0.06805	0.07587	0.10266	0.14642	0.09602	0.04627	0.02976	0.03662	0.00646	0.01019	0.00579	0.02986
10	0.00988	0.00674	0.00847	0.00914	0.01015	0.00624	0.00631	0.01139	0.01440	0.04646	0.12529	0.41251	0.13490	0.12764	0.01260	0.00325	0.00444	0.03795	0.00638	0.00588
11	0.04562	0.00765	0.00954	0.00972	0.01141	0.00720	0.00703	0.01461	0.03695	0.10226	0.17895	0.40657	0.10113	0.01733	0.00824	0.00254	0.00417	0.01534	0.00691	0.00685
12	0.01505	0.01513	0.01984	0.01736	0.01758	0.05382	0.01422	0.01656	0.01142	0.01692	0.01244	0.09553	0.01320	0.01303	0.02057	0.00297	0.62594	0.00753	0.00345	0.00744
13	0.04380	0.00860	0.01032	0.01059	0.03671	0.00842	0.00705	0.03959	0.04298	0.09193	0.05218	0.23182	0.11429	0.25083	0.01668	0.00384	0.00543	0.01244	0.00587	0.00664
14	0.04556	0.00733	0.00880	0.00911	0.01069	0.00683	0.00657	0.01306	0.01501	0.07534	0.11997	0.33544	0.17395	0.07097	0.01015	0.00283	0.00433	0.04062	0.03711	0.00635
15	0.01171	0.00774	0.01056	0.01012	0.01142	0.00808	0.00750	0.01369	0.01423	0.06979	0.22181	0.09231	0.03444	0.14166	0.24411	0.03915	0.03968	0.01020	0.00547	0.00631
16	0.10844	0.09536	0.01953	0.01421	0.01909	0.08841	0.01166	0.25218	0.18100	0.11316	0.01866	0.01817	0.01365	0.00809	0.00640	0.00208	0.00718	0.00603	0.00617	0.01054
17	0.06307	0.00795	0.00952	0.00919	0.01124	0.00740	0.00672	0.01548	0.01570	0.13748	0.15649	0.24730	0.14885	0.08133	0.01025	0.00278	0.00443	0.01304	0.04483	0.00694
18	0.00990	0.00725	0.00997	0.00979	0.01096	0.00728	0.02547	0.01149	0.01330	0.01808	0.14097	0.14352	0.11486	0.16150	0.22052	0.06401	0.00891	0.01140	0.00515	0.00566

[dist]
# distance from previous block
# <min> <max>
14	36

[block]
# block no. 1 follows, 30 sequences, length 25
# corresponding to MSA columns:
# 93-117
name=unknown_B
#
# <colnr> <probs for GDERKNQSTAVLIFYWHMCP>
#	G	D	E	R	K	N	Q	S	T	A	V	L	I	F	Y	W	H	M	C	P
0	0.08722	0.03398	0.07470	0.06760	0.16596	0.01253	0.02787	0.03547	0.01587	0.12115	0.06277	0.13482	0.07325	0.01260	0.04119	0.00269	0.00717	0.00914	0.00522	0.00880
1	0.01367	0.01241	0.05351	0.01366	0.04318	0.03802	0.04604	0.08063	0.07226	0.02207	0.11051	0.12366	0.02796	0.16607	0.06907	0.04774	0.00757	0.03944	0.00529	0.00724
2	0.00991	0.00766	0.00919	0.00934	0.01090	0.00717	0.00666	0.03423	0.01494	0.01974	0.09035	0.37077	0.21585	0.06868	0.01062	0.00279	0.02729	0.01529	0.00615	0.06247
3	0.01605	0.01721	0.12336	0.07151	0.06192	0.06650	0.02961	0.11029	0.01794	0.05111	0.08115	0.10329	0.06021	0.03902	0.00893	0.00240	0.03317	0.03816	0.00510	0.06307
4	0.01832	0.04718	0.10673	0.17108	0.09465	0.08316	0.04125	0.06907	0.03885	0.11110	0.03780	0.04495	0.01445	0.01023	0.03297	0.02894	0.02877	0.00677	0.00457	0.00914
5	0.04546	0.07502	0.04211	0.01631	0.07274	0.04458	0.05450	0.09113	0.05498	0.08086	0.01642	0.01945	0.01312	0.03590	0.00983	0.00226	0.12251	0.00618	0.14047	0.05617
6	0.01278	0.01037	0.03779	0.09852	0.07106	0.00974	0.01045	0.04752	0.03687	0.06225	0.28057	0.17542	0.09185	0.01351	0.00790	0.00233	0.00522	0.01191	0.00633	0.00764
7	0.01864	0.01483	0.01804	0.08209	0.10937	0.04798	0.01256	0.15270	0.05723	0.09031	0.02085	0.04980	0.06367	0.02943	0.00849	0.00215	0.05013	0.00715	0.00528	0.15928
8	0.06964	0.01857	0.12705	0.09110	0.24467	0.04387	0.10848	0.02129	0.03902	0.04668	0.01768	0.05313	0.04534	0.00778	0.00696	0.00217	0.00843	0.00714	0.00403	0.03696
9	0.01086	0.00770	0.00982	0.03277	0.01260	0.00742	0.00768	0.01369	0.05200	0.04352	0.06280	0.39008	0.08185	0.07626	0.01053	0.00295	0.00485	0.10086	0.02799	0.04377
10	0.04624	0.01835	0.05632	0.04442	0.19816	0.09397	0.04699	0.13405	0.12839	0.02699	0.05070	0.02120	0.03744	0.00799	0.00683	0.00209	0.00778	0.00676	0.02338	0.04195
11	0.01704	0.01635	0.02791	0.08197	0.67389	0.01652	0.02130	0.02121	0.01578	0.02252	0.01309	0.01735	0.01095	0.00626	0.00691	0.00209	0.00835	0.00622	0.00343	0.01087
12	0.01145	0.00935	0.01238	0.03840	0.07795	0.00918	0.02995	0.04666	0.06501	0.02202	0.10254	0.26106	0.22698	0.01546	0.00801	0.00242	0.00490	0.01362	0.03544	0.00722
13	0.01391	0.01181	0.01388	0.01028	0.01594	0.00896	0.00810	0.01684	0.01437	0.02228	0.01483	0.08300	0.01367	0.00672	0.00552	0.00120	0.00506	0.00560	0.00435	0.72367
14	0.04563	0.01589	0.02389	0.17850	0.29689	0.04298	0.06147	0.07739	0.04289	0.12283	0.01576	0.01849	0.01180	0.00704	0.00693	0.00216	0.00831	0.00638	0.00458	0.01020
15	0.01527	0.01527	0.02137	0.01832	0.01832	0.02137	0.01527	0.01679	0.01069	0.01679	0.00916	0.01527	0.00916	0.01221	0.02290	0.00305	0.74198	0.00611	0.00305	0.00763
16	0.00860	0.00624	0.00812	0.00944	0.01009	0.00576	0.00640	0.01004	0.01410	0.01876	0.09826	0.63853	0.09810	0.02089	0.00880	0.00274	0.00394	0.01883	0.00658	0.00576
17	0.01731	0.01121	0.01260	0.01121	0.01415	0.05991	0.00862	0.02256	0.11822	0.19723	0.33033	0.10126	0.04151	0.01235	0.00769	0.00224	0.00500	0.01061	0.00744	0.00857
18	0.00920	0.00687	0.00837	0.00845	0.00990	0.00623	0.00606	0.01143	0.01673	0.02248	0.35663	0.19987	0.22096	0.07251	0.01043	0.00271	0.00377	0.01446	0.00687	0.00604
19	0.00879	0.00675	0.00807	0.00860	0.01007	0.00603	0.00621	0.01073	0.01581	0.02050	0.19397	0.31293	0.30685	0.01852	0.00853	0.00253	0.00377	0.03862	0.00673	0.00598
20	0.01241	0.00879	0.01036	0.01008	0.01204	0.00863	0.00737	0.09583	0.05019	0.05449	0.13652	0.32328	0.16717	0.05753	0.00974	0.00272	0.00459	0.01448	0.00672	0.00706
21	0.52458	0.09784	0.01480	0.01069	0.01515	0.07083	0.00891	0.04819	0.01461	0.08706	0.04338	0.01454	0.01147	0.00709	0.00500	0.00206	0.00622	0.00460	0.00474	0.00825
22	0.01726	0.06779	0.04387	0.01386	0.01787	0.13555	0.03413	0.04134	0.04865	0.05907	0.03680	0.11467	0.01760	0.03428	0.00916	0.00212	0.08361	0.00748	0.00468	0.21022
23	0.06050	0.15320	0.42788	0.01859	0.06310	0.08973	0.02020	0.02200	0.01525	0.02143	0.03910	0.01534	0.01117	0.00685	0.00618	0.00204	0.00940	0.00513	0.00331	0.00960
24	0.04490	0.15017	0.21805	0.11402	0.02561	0.01722	0.05333	0.03640	0.02996	0.04761	0.04791	0.01903	0.03177	0.00918	0.03036	0.00240	0.06721	0.00605	0.00387	0.04495

[dist]
# distance from previous block
# <min> <max>
4	7

[block]
# block no. 2 follows, 30 sequences, length 24
# corresponding to MSA columns:
# 125-148
name=unknown_C
#
# <colnr> <probs for GDERKNQSTAVLIFYWHMCP>
#	G	D	E	R	K	N	Q	S	T	A	V	L	I	F	Y	W	H	M	C	P
0	0.01555	0.44763	0.05134	0.01301	0.01759	0.02032	0.06090	0.01814	0.01462	0.01838	0.07985	0.15141	0.02116	0.00988	0.00660	0.00194	0.03144	0.00797	0.00410	0.00817
1	0.00908	0.00636	0.00817	0.00936	0.01011	0.00596	0.00647	0.01068	0.01412	0.01922	0.09100	0.55282	0.08361	0.04371	0.00945	0.00282	0.00411	0.04931	0.05786	0.00580
2	0.02300	0.01237	0.01605	0.04646	0.05296	0.01214	0.01087	0.11714	0.08076	0.34015	0.18066	0.02895	0.02736	0.00977	0.00729	0.00218	0.00580	0.00820	0.00755	0.01036
3	0.01695	0.01792	0.02132	0.34410	0.15802	0.19015	0.03709	0.02061	0.01582	0.01904	0.01395	0.05406	0.01181	0.00766	0.00684	0.00215	0.00947	0.00655	0.03816	0.00833
4	0.00896	0.00677	0.00800	0.00844	0.00974	0.00613	0.00594	0.01065	0.01507	0.01955	0.16829	0.27121	0.27914	0.11450	0.01205	0.00308	0.00416	0.03616	0.00640	0.00575
5	0.00983	0.00728	0.00815	0.00799	0.00969	0.00661	0.00566	0.01196	0.03250	0.03735	0.18568	0.09410	0.35553	0.18032	0.01427	0.00332	0.00434	0.01319	0.00630	0.00593
6	0.13408	0.04396	0.03758	0.01071	0.01433	0.01260	0.00881	0.12685	0.07205	0.08382	0.07749	0.05818	0.14990	0.06584	0.00881	0.00250	0.00546	0.00878	0.06999	0.00826
7	0.01154	0.00639	0.00935	0.00935	0.00957	0.00662	0.00638	0.00981	0.00958	0.01300	0.01424	0.02460	0.01432	0.09657	0.15678	0.57977	0.00845	0.00670	0.00327	0.00373
8	0.05708	0.01261	0.01411	0.01147	0.01555	0.01298	0.00928	0.22797	0.04706	0.22225	0.02187	0.02191	0.01555	0.00832	0.00617	0.00197	0.00553	0.00651	0.27196	0.00985
9	0.01229	0.00860	0.01257	0.01161	0.01361	0.00804	0.07756	0.01487	0.04069	0.09203	0.06672	0.37195	0.11632	0.10532	0.01165	0.00308	0.00534	0.01472	0.00621	0.00681
10	0.01766	0.04233	0.01413	0.01218	0.04861	0.01065	0.00904	0.06001	0.06713	0.20760	0.12490	0.06183	0.17569	0.03809	0.03794	0.00268	0.00576	0.00973	0.00669	0.04734
11	0.01942	0.01043	0.01315	0.01146	0.01487	0.00998	0.00910	0.06885	0.08569	0.27721	0.19055	0.11136	0.07080	0.01271	0.00778	0.00235	0.00511	0.06240	0.00764	0.00916
12	0.50398	0.04586	0.08521	0.08091	0.04270	0.07047	0.04014	0.02110	0.01337	0.02683	0.01062	0.01295	0.00825	0.00654	0.00520	0.00213	0.00724	0.00446	0.00390	0.00813
13	0.00845	0.00708	0.00735	0.00729	0.00955	0.00598	0.00546	0.01041	0.01639	0.02000	0.15113	0.06526	0.62724	0.01724	0.00825	0.00234	0.00350	0.01446	0.00663	0.00598
14	0.05279	0.08649	0.07067	0.01657	0.08326	0.06293	0.04576	0.14082	0.01825	0.02593	0.01287	0.01481	0.01024	0.00625	0.00588	0.00161	0.00732	0.00496	0.00434	0.32824
15	0.01232	0.00929	0.01210	0.01124	0.01213	0.01112	0.00855	0.03779	0.01221	0.01840	0.01804	0.02861	0.01745	0.20811	0.24629	0.00628	0.17319	0.00762	0.14295	0.00630
16	0.00916	0.00694	0.00845	0.00842	0.01007	0.00623	0.00618	0.01165	0.01755	0.02357	0.40634	0.17093	0.25600	0.01654	0.00835	0.00235	0.00349	0.01444	0.00712	0.00623
17	0.02611	0.01934	0.02071	0.01597	0.02148	0.02145	0.01316	0.65863	0.06281	0.04331	0.01728	0.01717	0.01229	0.00843	0.00699	0.00211	0.00758	0.00636	0.00699	0.01183
18	0.00988	0.00670	0.00785	0.00803	0.00826	0.00659	0.00479	0.01039	0.01157	0.01560	0.09278	0.14878	0.03243	0.57428	0.02892	0.00574	0.00602	0.01180	0.00490	0.00467
19	0.01044	0.00807	0.01172	0.01146	0.01248	0.00960	0.00884	0.01260	0.01107	0.01599	0.01821	0.02818	0.01752	0.11813	0.59917	0.01008	0.07894	0.00762	0.00373	0.00615
20	0.01866	0.75896	0.03657	0.01194	0.01791	0.02761	0.01194	0.02090	0.01418	0.01642	0.00970	0.01119	0.00896	0.00597	0.00448	0.00149	0.00746	0.00373	0.00299	0.00896
21	0.01315	0.01187	0.01620	0.13325	0.02064	0.01452	0.01232	0.01783	0.10202	0.01970	0.06171	0.09146	0.06815	0.01637	0.09019	0.00351	0.24771	0.00866	0.00454	0.04620
22	0.01701	0.04435	0.02208	0.25329	0.20013	0.10065	0.01681	0.04435	0.12449	0.02146	0.01504	0.01855	0.01196	0.00907	0.03282	0.00252	0.04593	0.00622	0.00402	0.00925
23	0.54889	0.01594	0.04791	0.01177	0.01633	0.05060	0.03536	0.05817	0.07756	0.02975	0.01338	0.04396	0.01091	0.00751	0.00527	0.00220	0.00632	0.00523	0.00468	0.00827

[dist]
# distance from previous block
# <min> <max>
14	40

[block]
# block no. 3 follows, 30 sequences, length 14
# corresponding to MSA columns:
# 197-210
name=unknown_D
#
# <colnr> <probs for GDERKNQSTAVLIFYWHMCP>
#	G	D	E	R	K	N	Q	S	T	A	V	L	I	F	Y	W	H	M	C	P
0	0.10296	0.11298	0.06843	0.01518	0.06804	0.03999	0.05464	0.05145	0.01510	0.08515	0.02088	0.11679	0.06441	0.01219	0.01003	0.11646	0.02466	0.00806	0.00465	0.00793
1	0.04332	0.13024	0.07150	0.01736	0.10440	0.06487	0.05316	0.05020	0.04068	0.06449	0.03781	0.14636	0.07929	0.01209	0.03007	0.00248	0.02916	0.00902	0.00487	0.00863
2	0.10192	0.16438	0.04068	0.03505	0.08710	0.05907	0.01147	0.06206	0.01615	0.02302	0.08889	0.04324	0.05947	0.02757	0.00740	0.00201	0.03234	0.00669	0.00449	0.12702
3	0.10574	0.16277	0.09275	0.04889	0.06810	0.09146	0.03270	0.04359	0.01523	0.02132	0.01693	0.04513	0.06192	0.00980	0.03402	0.00231	0.04802	0.00617	0.00393	0.08920
4	0.01608	0.01523	0.01889	0.11387	0.06940	0.10963	0.06141	0.04518	0.01491	0.02072	0.01443	0.01911	0.01206	0.01312	0.08717	0.00317	0.17459	0.00623	0.15223	0.03257
5	0.01087	0.00761	0.00886	0.00860	0.01050	0.00702	0.00625	0.01347	0.04394	0.06728	0.17526	0.12730	0.31178	0.12201	0.04499	0.00339	0.00494	0.01308	0.00644	0.00640
6	0.01387	0.01500	0.10841	0.01657	0.11841	0.03791	0.01235	0.08382	0.06570	0.02507	0.19165	0.12045	0.13769	0.01231	0.00763	0.00227	0.00603	0.01061	0.00583	0.00842
7	0.01172	0.00611	0.00891	0.00903	0.00906	0.00608	0.00596	0.00921	0.00947	0.01262	0.01469	0.07414	0.01547	0.07733	0.02659	0.68364	0.00597	0.00733	0.00336	0.00330
8	0.15552	0.01638	0.04213	0.01390	0.01803	0.08767	0.03639	0.10046	0.04208	0.08700	0.01757	0.04366	0.04132	0.01126	0.05016	0.00264	0.10097	0.00638	0.00491	0.12158
9	0.01934	0.08246	0.06628	0.01761	0.09184	0.06797	0.01357	0.18524	0.07331	0.05222	0.01681	0.07574	0.01437	0.00891	0.00824	0.00207	0.08232	0.00681	0.00503	0.10987
10	0.07309	0.14193	0.07356	0.09180	0.12988	0.07771	0.03930	0.08036	0.04423	0.04451	0.05975	0.01967	0.03714	0.00760	0.00635	0.00198	0.00781	0.00615	0.00440	0.05278
11	0.01683	0.06820	0.03874	0.03700	0.20389	0.01419	0.04392	0.06248	0.07756	0.07396	0.01903	0.09240	0.01700	0.06959	0.00907	0.00240	0.00690	0.00773	0.03389	0.10522
12	0.06706	0.07993	0.02321	0.01980	0.13022	0.01649	0.11018	0.13493	0.06301	0.04704	0.05713	0.01932	0.01501	0.00915	0.03558	0.00234	0.02971	0.00641	0.00483	0.12866
13	0.01728	0.01570	0.06007	0.06818	0.11144	0.06329	0.01274	0.12550	0.07258	0.06748	0.06780	0.08348	0.06975	0.04067	0.00823	0.00229	0.00692	0.00830	0.00541	0.09290

[dist]
# distance from previous block
# <min> <max>
8	41

[block]
# block no. 4 follows, 30 sequences, length 10
# corresponding to MSA columns:
# 260-269
name=unknown_E
#
# <colnr> <probs for GDERKNQSTAVLIFYWHMCP>
#	G	D	E	R	K	N	Q	S	T	A	V	L	I	F	Y	W	H	M	C	P
0	0.01803	0.01660	0.05112	0.13625	0.08313	0.07081	0.05548	0.09227	0.03883	0.07660	0.01546	0.04474	0.01257	0.00842	0.00929	0.00218	0.12443	0.00653	0.03542	0.10183
1	0.01786	0.01634	0.02376	0.10576	0.23112	0.04511	0.09539	0.07599	0.16489	0.04944	0.01891	0.02111	0.03727	0.00805	0.00820	0.00227	0.05662	0.00707	0.00476	0.01006
2	0.01075	0.00833	0.00969	0.00981	0.01162	0.00819	0.00714	0.05219	0.09908	0.02253	0.14867	0.34100	0.20976	0.01736	0.00831	0.00252	0.00419	0.01522	0.00677	0.00687
3	0.01433	0.01329	0.02182	0.04935	0.18394	0.01434	0.12486	0.01864	0.05090	0.02160	0.09350	0.02794	0.03898	0.04216	0.06012	0.00317	0.13047	0.03743	0.04478	0.00842
4	0.00925	0.00691	0.00859	0.00859	0.01015	0.00625	0.00628	0.01181	0.01767	0.02401	0.43812	0.19109	0.20266	0.01649	0.00837	0.00235	0.00349	0.01448	0.00718	0.00625
5	0.04046	0.01819	0.02004	0.04197	0.09658	0.18820	0.06503	0.07673	0.01613	0.02055	0.01444	0.04507	0.01308	0.04283	0.14614	0.00411	0.13161	0.00674	0.00393	0.00817
6	0.01056	0.01058	0.04898	0.01273	0.01567	0.00883	0.14017	0.01318	0.01490	0.01926	0.08019	0.17122	0.28500	0.12226	0.01224	0.00306	0.00603	0.01310	0.00547	0.00656
7	0.00887	0.00661	0.00798	0.00869	0.00964	0.00621	0.00591	0.01012	0.01327	0.01714	0.04264	0.35985	0.22583	0.16500	0.07560	0.00418	0.00569	0.01547	0.00581	0.00550
8	0.05844	0.01852	0.02263	0.01943	0.08908	0.02014	0.07679	0.47443	0.08687	0.03804	0.01686	0.01757	0.01230	0.00794	0.00698	0.00214	0.00783	0.00649	0.00621	0.01129
9	0.01726	0.06050	0.04117	0.05050	0.01824	0.05327	0.01067	0.10479	0.01706	0.09996	0.01948	0.05717	0.04182	0.01710	0.15034	0.00367	0.00908	0.00679	0.02463	0.19649

[dist]
# distance from previous block
# <min> <max>
0	1

[block]
# block no. 5 follows, 30 sequences, length 10
# corresponding to MSA columns:
# 271-280
name=unknown_F
#
# <colnr> <probs for GDERKNQSTAVLIFYWHMCP>
#	G	D	E	R	K	N	Q	S	T	A	V	L	I	F	Y	W	H	M	C	P
0	0.04792	0.06610	0.17858	0.01743	0.06041	0.12130	0.04536	0.09395	0.09202	0.05832	0.01814	0.06687	0.01563	0.05304	0.00853	0.00245	0.00848	0.03142	0.00475	0.00932
1	0.06838	0.58075	0.08528	0.01301	0.01896	0.09937	0.01289	0.02170	0.01466	0.01786	0.01003	0.01162	0.00886	0.00618	0.00482	0.00162	0.00809	0.00392	0.00313	0.00888
2	0.64150	0.01511	0.01167	0.01027	0.01451	0.06801	0.00834	0.07737	0.01437	0.03107	0.01104	0.01262	0.00854	0.00677	0.00472	0.00210	0.00601	0.00418	0.04388	0.00791
3	0.01484	0.01397	0.02312	0.25206	0.35301	0.01560	0.01853	0.01864	0.01430	0.01993	0.01401	0.04773	0.01228	0.01155	0.06951	0.00305	0.07847	0.00685	0.00345	0.00908
4	0.26869	0.01644	0.07764	0.05624	0.03822	0.04112	0.03126	0.07580	0.04137	0.09317	0.01483	0.04500	0.01181	0.00779	0.00691	0.00210	0.05067	0.00576	0.00478	0.11040
5	0.08726	0.01398	0.06116	0.08271	0.12365	0.01298	0.04473	0.06356	0.06347	0.15502	0.02563	0.13810	0.07694	0.01057	0.00720	0.00231	0.00667	0.00916	0.00566	0.00925
6	0.00900	0.00697	0.00783	0.00802	0.00961	0.00623	0.00575	0.01071	0.01524	0.01933	0.15373	0.13855	0.38691	0.14196	0.01299	0.00317	0.00425	0.04774	0.00628	0.00572
7	0.06006	0.01235	0.01323	0.01140	0.01495	0.07076	0.00895	0.02473	0.11977	0.24609	0.24380	0.03496	0.08756	0.01103	0.00731	0.00219	0.00538	0.00916	0.00728	0.00906
8	0.01823	0.11196	0.20392	0.03887	0.06596	0.05694	0.16234	0.08537	0.06983	0.06709	0.01598	0.04435	0.01254	0.00748	0.00690	0.00215	0.00915	0.00668	0.00433	0.00993
9	0.01311	0.00811	0.01029	0.01077	0.03710	0.00774	0.00744	0.01634	0.06093	0.11062	0.13166	0.30908	0.08798	0.05957	0.00947	0.00266	0.00447	0.01345	0.09202	0.00718

[dist]
# distance from previous block
# <min> <max>
14	29

[block]
# block no. 6 follows, 30 sequences, length 6
# corresponding to MSA columns:
# 324-328,351
name=unknown_G
#
# <colnr> <probs for GDERKNQSTAVLIFYWHMCP>
#	G	D	E	R	K	N	Q	S	T	A	V	L	I	F	Y	W	H	M	C	P
0	0.07261	0.08769	0.01269	0.00961	0.01215	0.01093	0.00742	0.09091	0.01711	0.02354	0.17193	0.15529	0.18921	0.09607	0.01053	0.00275	0.00496	0.01165	0.00600	0.00695
1	0.10927	0.30809	0.09110	0.01458	0.02013	0.17089	0.03399	0.06098	0.05607	0.05742	0.01273	0.01389	0.01015	0.00682	0.00558	0.00184	0.00854	0.00472	0.00403	0.00919
2	0.01588	0.13817	0.22320	0.09660	0.08069	0.06380	0.01703	0.04443	0.01611	0.04269	0.02071	0.02859	0.06742	0.00943	0.00693	0.00223	0.00841	0.10460	0.00417	0.00892
3	0.04179	0.01317	0.08199	0.06816	0.14872	0.01132	0.03825	0.01857	0.04579	0.09434	0.07988	0.23965	0.02728	0.04827	0.00895	0.00260	0.00647	0.01102	0.00540	0.00837
4	0.04659	0.01047	0.01400	0.01444	0.06721	0.04284	0.06952	0.03969	0.01556	0.04491	0.06572	0.41763	0.09127	0.01619	0.00815	0.00253	0.00565	0.01460	0.00590	0.00712
5	0.01671	0.03654	0.02456	0.15214	0.21991	0.04468	0.09806	0.08001	0.04617	0.02223	0.01490	0.05139	0.01299	0.03962	0.01044	0.00250	0.10682	0.00716	0.00398	0.00918

[dist]
# distance from previous block
# <min> <max>
1	6

[block]
# block no. 7 follows, 30 sequences, length 35
# corresponding to MSA columns:
# 358-374,378-395
name=unknown_H
#
# <colnr> <probs for GDERKNQSTAVLIFYWHMCP>
#	G	D	E	R	K	N	Q	S	T	A	V	L	I	F	Y	W	H	M	C	P
0	0.16207	0.10468	0.16280	0.01492	0.05179	0.05717	0.01372	0.07814	0.01695	0.13006	0.03619	0.01812	0.01308	0.00744	0.00600	0.00199	0.00735	0.01987	0.02997	0.06768
1	0.01152	0.00754	0.00912	0.00895	0.01057	0.00702	0.00640	0.01384	0.03630	0.08192	0.19782	0.17504	0.18638	0.17709	0.01420	0.00337	0.00464	0.03543	0.00648	0.00636
2	0.01503	0.01341	0.04050	0.01114	0.01707	0.01032	0.00932	0.06831	0.01618	0.02450	0.04608	0.01879	0.01409	0.00641	0.00567	0.00129	0.00551	0.02915	0.00456	0.64266
3	0.01808	0.53920	0.19492	0.01422	0.02104	0.07377	0.01529	0.02166	0.01470	0.01779	0.01044	0.01212	0.00893	0.00621	0.00511	0.00168	0.00849	0.00412	0.00302	0.00921
4	0.01447	0.01240	0.01447	0.01034	0.01654	0.00930	0.00827	0.01757	0.01447	0.02274	0.01240	0.01447	0.01034	0.00517	0.00517	0.00103	0.00517	0.00413	0.00413	0.79742
5	0.01680	0.47074	0.30850	0.01511	0.02281	0.02306	0.01746	0.02138	0.01440	0.01868	0.01083	0.01261	0.00891	0.00623	0.00534	0.00178	0.00860	0.00430	0.00297	0.00950
6	0.00890	0.00633	0.00836	0.00975	0.01028	0.00598	0.00668	0.01029	0.01365	0.01825	0.07102	0.61148	0.04516	0.07552	0.01090	0.00312	0.00439	0.06790	0.00637	0.00567
7	0.20458	0.01234	0.01412	0.01143	0.01604	0.01218	0.00933	0.08692	0.04086	0.37387	0.09070	0.02530	0.05441	0.00915	0.00658	0.00217	0.00558	0.00717	0.00724	0.01004
8	0.00878	0.00675	0.00803	0.00843	0.00993	0.00600	0.00605	0.01077	0.01609	0.02098	0.23245	0.29460	0.30970	0.01817	0.00847	0.00247	0.00364	0.01589	0.00681	0.00600
9	0.00960	0.00713	0.00920	0.00905	0.01060	0.00704	0.00678	0.01161	0.01476	0.01985	0.22392	0.04607	0.23405	0.05232	0.24288	0.06394	0.00866	0.01101	0.00560	0.00593
10	0.01314	0.00854	0.00937	0.00885	0.01039	0.00906	0.00626	0.06430	0.08800	0.02223	0.02229	0.03261	0.02050	0.28344	0.08168	0.00447	0.00649	0.00805	0.29378	0.00653
11	0.61019	0.01516	0.01257	0.01076	0.01529	0.04934	0.00880	0.11531	0.01569	0.07541	0.01187	0.01293	0.00884	0.00691	0.00495	0.00213	0.00609	0.00437	0.00493	0.00846
12	0.01754	0.16391	0.05503	0.16626	0.19317	0.06969	0.01590	0.04279	0.04287	0.04103	0.01314	0.01601	0.01055	0.00653	0.00615	0.00186	0.00810	0.00535	0.00378	0.12034
13	0.01532	0.04766	0.01757	0.01494	0.04276	0.01442	0.07126	0.08976	0.27071	0.02621	0.10116	0.11128	0.07065	0.01418	0.05724	0.00293	0.00687	0.00979	0.00616	0.00912
14	0.01196	0.00777	0.00901	0.00929	0.01076	0.00809	0.00692	0.01639	0.09751	0.02201	0.02752	0.15778	0.02688	0.11289	0.06369	0.00350	0.00567	0.09380	0.30198	0.00659
15	0.01675	0.01096	0.01208	0.06966	0.01563	0.01194	0.00869	0.18473	0.07873	0.03007	0.02091	0.02311	0.01599	0.00821	0.00577	0.00186	0.00504	0.00655	0.46497	0.00833
16	0.01715	0.01514	0.01510	0.01371	0.01717	0.06814	0.01054	0.05792	0.50686	0.02696	0.02615	0.05824	0.02098	0.03973	0.04866	0.00297	0.00678	0.00814	0.02970	0.00996
17	0.01162	0.00917	0.01188	0.04789	0.01401	0.03516	0.00890	0.01417	0.03356	0.01695	0.01831	0.02792	0.01730	0.14266	0.41533	0.03697	0.06239	0.00749	0.06207	0.00623
18	0.67330	0.04844	0.01241	0.01007	0.01447	0.06313	0.00830	0.02178	0.01296	0.06827	0.01079	0.01211	0.00826	0.00662	0.00461	0.00211	0.00600	0.00401	0.00445	0.00790
19	0.01156	0.00750	0.00973	0.01006	0.01121	0.00748	0.00717	0.01389	0.04340	0.07238	0.06848	0.30103	0.03446	0.19162	0.12123	0.00489	0.00720	0.06464	0.00582	0.00625
20	0.00972	0.00737	0.00940	0.00984	0.01143	0.00641	0.00684	0.01132	0.01359	0.01882	0.03313	0.59970	0.03883	0.01845	0.00814	0.00247	0.00428	0.01663	0.00600	0.16763
21	0.01447	0.01240	0.01447	0.01034	0.01654	0.00930	0.00827	0.01757	0.01447	0.02274	0.01240	0.01447	0.01034	0.00517	0.00517	0.00103	0.00517	0.00413	0.00413	0.79742
22	0.01212	0.00606	0.00909	0.00909	0.00909	0.00606	0.00606	0.00909	0.00909	0.01212	0.01212	0.02121	0.01212	0.02424	0.02727	0.79697	0.00606	0.00606	0.00303	0.00303
23	0.01589	0.01709	0.03154	0.02402	0.02764	0.01946	0.35969	0.01965	0.01366	0.01965	0.01171	0.01709	0.00989	0.00896	0.01537	0.00269	0.36695	0.00720	0.00330	0.00855
24	0.01124	0.00899	0.00963	0.00925	0.01186	0.00873	0.00699	0.01727	0.17543	0.04431	0.09345	0.11872	0.42670	0.01566	0.00800	0.00239	0.00411	0.01323	0.00676	0.00731
25	0.01415	0.01252	0.02048	0.64131	0.04400	0.01531	0.01833	0.01850	0.01409	0.04956	0.01293	0.01851	0.00970	0.00724	0.00769	0.00230	0.04486	0.00615	0.00339	0.03898
26	0.01010	0.00748	0.00901	0.00918	0.01039	0.00732	0.00637	0.01351	0.08032	0.02119	0.24160	0.25785	0.10289	0.17419	0.01414	0.00339	0.00449	0.01398	0.00643	0.00617
27	0.01815	0.01538	0.01622	0.01436	0.01845	0.01773	0.01124	0.09319	0.64122	0.03047	0.02740	0.02524	0.02049	0.00937	0.00709	0.00234	0.00571	0.00775	0.00709	0.01112
28	0.01432	0.03385	0.63046	0.02113	0.03102	0.01639	0.11167	0.02213	0.01496	0.02213	0.01273	0.01527	0.00907	0.00653	0.00684	0.00223	0.01050	0.00556	0.00302	0.01020
29	0.01021	0.00684	0.00782	0.00791	0.00800	0.00684	0.00462	0.01039	0.01048	0.01394	0.02283	0.04753	0.02620	0.71332	0.03406	0.00657	0.00675	0.04700	0.00435	0.00435
30	0.01043	0.00863	0.01169	0.01107	0.01212	0.00921	0.03711	0.01206	0.01375	0.01859	0.12367	0.25413	0.15204	0.15155	0.01590	0.00340	0.12966	0.01339	0.00552	0.00606
31	0.01693	0.01700	0.02466	0.07782	0.02620	0.07488	0.22250	0.04702	0.22083	0.02355	0.01929	0.05075	0.01587	0.00891	0.00901	0.00239	0.07953	0.03016	0.00487	0.02784
32	0.00969	0.00763	0.00958	0.01001	0.01097	0.00787	0.00716	0.01186	0.04077	0.01859	0.08017	0.39453	0.16816	0.07712	0.04343	0.00337	0.07164	0.01541	0.00597	0.00607
33	0.03534	0.06365	0.18646	0.05625	0.02355	0.01561	0.05515	0.14984	0.01809	0.02596	0.01539	0.01731	0.03768	0.00704	0.00667	0.00183	0.02652	0.00560	0.00431	0.24775
34	0.01773	0.01399	0.01660	0.07320	0.05484	0.01561	0.01186	0.17704	0.28572	0.04925	0.07258	0.08523	0.02257	0.01310	0.05583	0.00290	0.00707	0.00859	0.00637	0.00990

[dist]
# distance from previous block
# <min> <max>
0	2

[block]
# block no. 8 follows, 30 sequences, length 25
# corresponding to MSA columns:
# 398-422
name=unknown_I
#
# <colnr> <probs for GDERKNQSTAVLIFYWHMCP>
#	G	D	E	R	K	N	Q	S	T	A	V	L	I	F	Y	W	H	M	C	P
0	0.13922	0.08594	0.01745	0.01381	0.01544	0.04393	0.01126	0.01637	0.01233	0.01933	0.01805	0.16083	0.04576	0.01414	0.04087	0.00295	0.32240	0.00855	0.00411	0.00726
1	0.03482	0.01394	0.02005	0.26436	0.07115	0.04377	0.03579	0.01824	0.03327	0.01913	0.03895	0.01939	0.01272	0.01231	0.06470	0.00315	0.24998	0.00650	0.02990	0.00788
2	0.05274	0.25742	0.04918	0.03944	0.03848	0.21055	0.01307	0.08175	0.01684	0.02031	0.01182	0.01450	0.01009	0.01137	0.07546	0.00273	0.05401	0.00488	0.00369	0.03165
3	0.01046	0.00787	0.00890	0.00884	0.01056	0.00754	0.00639	0.04265	0.05364	0.02128	0.14729	0.17072	0.26955	0.13365	0.01248	0.00310	0.00448	0.03665	0.03764	0.00629
4	0.06414	0.11773	0.02311	0.08979	0.04829	0.11065	0.05939	0.20808	0.13140	0.02780	0.01551	0.01698	0.01193	0.00774	0.00715	0.00210	0.03745	0.00595	0.00498	0.00984
5	0.01485	0.01100	0.04501	0.04047	0.01631	0.00961	0.05023	0.03928	0.04000	0.13570	0.21277	0.07268	0.12261	0.06553	0.04666	0.00298	0.00621	0.01022	0.00629	0.05159
6	0.01701	0.18881	0.12627	0.05597	0.22183	0.06668	0.06068	0.02169	0.04160	0.02087	0.03490	0.01658	0.01207	0.00675	0.00668	0.00194	0.02609	0.00564	0.00359	0.06435
7	0.04423	0.26210	0.05862	0.05071	0.04352	0.04859	0.08837	0.16888	0.06181	0.02507	0.01508	0.01681	0.03101	0.00755	0.00709	0.00201	0.04877	0.00580	0.00438	0.00961
8	0.01005	0.00675	0.00777	0.00786	0.00792	0.00677	0.00451	0.01021	0.01036	0.01386	0.02278	0.08400	0.02624	0.68917	0.05869	0.00671	0.00704	0.01059	0.00434	0.00438
9	0.01363	0.00888	0.01070	0.00988	0.01243	0.00844	0.00758	0.04528	0.07815	0.11783	0.28414	0.12441	0.20125	0.01462	0.00804	0.00234	0.00427	0.03322	0.00728	0.00764
10	0.18306	0.12383	0.04929	0.09628	0.12547	0.03999	0.04954	0.09774	0.03288	0.02533	0.03234	0.03882	0.01292	0.00916	0.03344	0.00242	0.00794	0.00604	0.02456	0.00896
11	0.01298	0.00868	0.02910	0.00995	0.01210	0.00772	0.00756	0.01652	0.07220	0.11544	0.07394	0.35443	0.14152	0.01618	0.00789	0.00246	0.00440	0.01418	0.08549	0.00725
12	0.00866	0.00625	0.00824	0.00977	0.01035	0.00583	0.00671	0.01003	0.01366	0.01806	0.04003	0.67327	0.07993	0.02149	0.00892	0.00283	0.00417	0.05961	0.00647	0.00573
13	0.01250	0.01685	0.19778	0.04543	0.05995	0.03884	0.01392	0.01647	0.01410	0.02001	0.08234	0.05596	0.05541	0.06180	0.19114	0.00475	0.04315	0.00798	0.05394	0.00768
14	0.03638	0.03777	0.04773	0.24103	0.43390	0.01633	0.01994	0.02081	0.01528	0.04612	0.01322	0.01748	0.01055	0.00654	0.00679	0.00214	0.00847	0.00607	0.00353	0.00995
15	0.01000	0.00735	0.01056	0.01056	0.01159	0.00837	0.00791	0.01204	0.01102	0.01572	0.01929	0.03071	0.01888	0.17912	0.60228	0.01041	0.01654	0.00796	0.00383	0.00587
16	0.09114	0.07066	0.01896	0.01392	0.01889	0.08175	0.01147	0.32744	0.04615	0.17079	0.01805	0.01785	0.01283	0.00801	0.00638	0.00202	0.00720	0.00594	0.06000	0.01057
17	0.01671	0.01686	0.06168	0.16692	0.49535	0.01659	0.02047	0.04706	0.04822	0.02296	0.01382	0.01778	0.01113	0.00661	0.00692	0.00214	0.00843	0.00624	0.00367	0.01044
18	0.01364	0.00712	0.00718	0.00695	0.00877	0.00722	0.00527	0.04784	0.01549	0.02686	0.02248	0.02558	0.01760	0.00814	0.00498	0.00165	0.00346	0.00649	0.75652	0.00676
19	0.01536	0.14330	0.43938	0.01996	0.05343	0.04483	0.10043	0.02163	0.01538	0.02142	0.05167	0.01681	0.01239	0.00688	0.00658	0.00209	0.00966	0.00574	0.00333	0.00973
20	0.01647	0.01882	0.04118	0.02941	0.03647	0.01765	0.68588	0.02235	0.01647	0.02235	0.01412	0.01882	0.01059	0.00588	0.00824	0.00235	0.01176	0.00824	0.00353	0.00941
21	0.01318	0.01240	0.02093	0.73798	0.04806	0.01550	0.01938	0.01783	0.01395	0.01783	0.01240	0.01860	0.00930	0.00698	0.00698	0.00233	0.00930	0.00620	0.00310	0.00775
22	0.01046	0.00730	0.00988	0.00997	0.01039	0.00799	0.00694	0.01100	0.01090	0.01506	0.02164	0.16353	0.02375	0.25779	0.22205	0.13230	0.05947	0.01025	0.00423	0.00509
23	0.80405	0.01350	0.01026	0.00918	0.01350	0.01565	0.00756	0.02051	0.01188	0.03131	0.00972	0.01134	0.00756	0.00648	0.00432	0.00216	0.00540	0.00378	0.00432	0.00756
24	0.01728	0.01641	0.02697	0.03975	0.63662	0.01666	0.02030	0.02310	0.08939	0.02349	0.01477	0.01821	0.01216	0.00657	0.00693	0.00210	0.00799	0.00640	0.00385	0.01105

[dist]
# distance from previous block
# <min> <max>
0	0

# created by:
# /home/cegg/simao/soft/augustus-3.2.1/scripts/msa2prfl.pl ./align_prep/EOG090W0I7M.fa
