[name]
unknown

[dist]
# distance from previous block
# <min> <max>
1	298

[block]
# block no. 0 follows, 30 sequences, length 17
# corresponding to MSA columns:
# 380-396
name=unknown_A
#
# <colnr> <probs for GDERKNQSTAVLIFYWHMCP>
#	G	D	E	R	K	N	Q	S	T	A	V	L	I	F	Y	W	H	M	C	P
0	0.11390	0.03926	0.04687	0.07586	0.04905	0.08787	0.07630	0.12270	0.03752	0.04388	0.05751	0.04626	0.01520	0.00830	0.00774	0.00210	0.06170	0.00658	0.00472	0.09666
1	0.01514	0.10479	0.04922	0.06005	0.02180	0.01545	0.12819	0.04405	0.10609	0.02210	0.05723	0.02337	0.04112	0.05857	0.03827	0.00268	0.05545	0.00706	0.00448	0.14488
2	0.10586	0.03088	0.04193	0.11802	0.02003	0.07458	0.01103	0.04363	0.03481	0.09905	0.17817	0.08172	0.04730	0.01064	0.00703	0.00219	0.00638	0.03375	0.00569	0.04732
3	0.06086	0.03472	0.12564	0.05569	0.02128	0.01379	0.06121	0.07799	0.03575	0.08037	0.05099	0.09349	0.04210	0.00939	0.00795	0.00211	0.06121	0.00770	0.00493	0.15282
4	0.16856	0.01551	0.07012	0.05132	0.01942	0.05652	0.06512	0.05218	0.06375	0.02581	0.16640	0.05231	0.02389	0.00934	0.00763	0.00215	0.05095	0.00756	0.00509	0.08637
5	0.12352	0.03747	0.01772	0.01310	0.01832	0.01373	0.06614	0.11881	0.01697	0.02632	0.01600	0.01981	0.03836	0.00744	0.00682	0.00173	0.04450	0.03707	0.00464	0.37151
6	0.01350	0.01019	0.01297	0.04870	0.01534	0.03736	0.04169	0.01671	0.04132	0.08194	0.22117	0.07537	0.07888	0.12409	0.06623	0.00348	0.00664	0.00998	0.00582	0.08862
7	0.04903	0.00977	0.01066	0.00978	0.01231	0.04380	0.00753	0.01668	0.06290	0.06156	0.40735	0.04652	0.14624	0.01321	0.00773	0.00219	0.00438	0.03615	0.00694	0.04529
8	0.05376	0.01145	0.01748	0.45144	0.06123	0.01304	0.01505	0.01695	0.01513	0.02109	0.14652	0.02578	0.04258	0.00851	0.00697	0.00218	0.00739	0.00740	0.00424	0.07180
9	0.01143	0.00935	0.01302	0.16089	0.05255	0.00978	0.01022	0.01636	0.07705	0.02503	0.42187	0.04246	0.09821	0.01223	0.00781	0.00224	0.00498	0.01074	0.00639	0.00737
10	0.01264	0.00936	0.01132	0.00952	0.01294	0.00804	0.00737	0.01643	0.04911	0.06422	0.35529	0.03956	0.11614	0.01134	0.00718	0.00187	0.00414	0.00974	0.00650	0.24729
11	0.01683	0.01613	0.02753	0.11779	0.63971	0.01646	0.02120	0.02103	0.01568	0.02226	0.01305	0.01741	0.01086	0.00630	0.00692	0.00210	0.00840	0.00622	0.00342	0.01070
12	0.01422	0.01347	0.02281	0.56111	0.21680	0.01578	0.01990	0.01874	0.01445	0.01909	0.01259	0.01827	0.00975	0.00678	0.00696	0.00226	0.00904	0.00621	0.00319	0.00859
13	0.01318	0.01240	0.02093	0.73798	0.04806	0.01550	0.01938	0.01783	0.01395	0.01783	0.01240	0.01860	0.00930	0.00698	0.00698	0.00233	0.00930	0.00620	0.00310	0.00775
14	0.02383	0.02795	0.01879	0.01692	0.02069	0.51324	0.01284	0.05842	0.19585	0.02136	0.01560	0.01624	0.01230	0.00783	0.00653	0.00196	0.01055	0.00545	0.00465	0.00902
15	0.01736	0.01499	0.01578	0.01420	0.01815	0.01736	0.01105	0.03708	0.69862	0.02919	0.02840	0.02604	0.02130	0.00947	0.00710	0.00237	0.00552	0.00789	0.00710	0.01105
16	0.03131	0.01188	0.01619	0.01242	0.01781	0.01026	0.01026	0.03401	0.01997	0.71606	0.02753	0.02375	0.01727	0.00864	0.00702	0.00216	0.00594	0.00702	0.00864	0.01188

[dist]
# distance from previous block
# <min> <max>
0	1

[block]
# block no. 1 follows, 30 sequences, length 32
# corresponding to MSA columns:
# 398-429
name=unknown_B
#
# <colnr> <probs for GDERKNQSTAVLIFYWHMCP>
#	G	D	E	R	K	N	Q	S	T	A	V	L	I	F	Y	W	H	M	C	P
0	0.02607	0.03326	0.01978	0.01798	0.02157	0.72674	0.01348	0.02787	0.01978	0.01708	0.01079	0.01258	0.00899	0.00719	0.00629	0.00180	0.01258	0.00449	0.00360	0.00809
1	0.01704	0.01634	0.02790	0.08243	0.67345	0.01652	0.02130	0.02121	0.01578	0.02251	0.01308	0.01735	0.01095	0.00626	0.00691	0.00209	0.00835	0.00622	0.00343	0.01087
2	0.01727	0.01658	0.02832	0.04283	0.71123	0.01658	0.02142	0.02142	0.01589	0.02280	0.01313	0.01727	0.01105	0.00622	0.00691	0.00207	0.00829	0.00622	0.00345	0.01105
3	0.01400	0.03610	0.71860	0.01989	0.03020	0.01621	0.02578	0.02210	0.01473	0.02210	0.01252	0.01473	0.00884	0.00663	0.00663	0.00221	0.01031	0.00516	0.00295	0.01031
4	0.01318	0.01240	0.02093	0.73798	0.04806	0.01550	0.01938	0.01783	0.01395	0.01783	0.01240	0.01860	0.00930	0.00698	0.00698	0.00233	0.00930	0.00620	0.00310	0.00775
5	0.01318	0.01240	0.02093	0.73798	0.04806	0.01550	0.01938	0.01783	0.01395	0.01783	0.01240	0.01860	0.00930	0.00698	0.00698	0.00233	0.00930	0.00620	0.00310	0.00775
6	0.01318	0.01240	0.02093	0.73798	0.04806	0.01550	0.01938	0.01783	0.01395	0.01783	0.01240	0.01860	0.00930	0.00698	0.00698	0.00233	0.00930	0.00620	0.00310	0.00775
7	0.01736	0.01499	0.01578	0.01420	0.01815	0.01736	0.01105	0.03708	0.69862	0.02919	0.02840	0.02604	0.02130	0.00947	0.00710	0.00237	0.00552	0.00789	0.00710	0.01105
8	0.01621	0.01955	0.07810	0.05498	0.03655	0.01749	0.62463	0.02217	0.01628	0.02217	0.01397	0.01859	0.01044	0.00596	0.00810	0.00234	0.01159	0.00799	0.00348	0.00940
9	0.02650	0.02031	0.02088	0.01616	0.02164	0.06085	0.01328	0.65126	0.03209	0.04248	0.01642	0.01652	0.01171	0.00831	0.00694	0.00208	0.00795	0.00618	0.00679	0.01166
10	0.00825	0.00707	0.00707	0.00707	0.00943	0.00589	0.00530	0.01001	0.01591	0.01885	0.07069	0.06716	0.70839	0.01767	0.00825	0.00236	0.00353	0.01473	0.00648	0.00589
11	0.02607	0.03326	0.01978	0.01798	0.02157	0.72674	0.01348	0.02787	0.01978	0.01708	0.01079	0.01258	0.00899	0.00719	0.00629	0.00180	0.01258	0.00449	0.00360	0.00809
12	0.02482	0.02880	0.01932	0.01717	0.02107	0.53173	0.01309	0.11242	0.12302	0.02228	0.01417	0.01512	0.01119	0.00768	0.00650	0.00192	0.01091	0.00523	0.00455	0.00901
13	0.03108	0.01225	0.01643	0.01259	0.01800	0.01081	0.01040	0.06590	0.02060	0.68328	0.02700	0.02341	0.01701	0.00862	0.00702	0.00216	0.00602	0.00698	0.00856	0.01188
14	0.01011	0.00693	0.00845	0.00845	0.00874	0.00722	0.00528	0.01069	0.01040	0.01415	0.02122	0.04141	0.02352	0.59095	0.19680	0.00780	0.00955	0.00953	0.00411	0.00470
15	0.02817	0.01476	0.01772	0.01382	0.01912	0.01481	0.01134	0.25065	0.09990	0.41716	0.02406	0.02169	0.01593	0.00864	0.00701	0.00216	0.00647	0.00687	0.00792	0.01178
16	0.01905	0.47992	0.05094	0.01202	0.01731	0.02220	0.01144	0.10470	0.01677	0.05542	0.01358	0.01516	0.01120	0.00854	0.03362	0.00203	0.00741	0.00476	0.10486	0.00909
17	0.00850	0.00607	0.00810	0.00972	0.01012	0.00567	0.00648	0.00972	0.01336	0.01781	0.03846	0.75020	0.04615	0.02186	0.00891	0.00283	0.00405	0.01984	0.00648	0.00567
18	0.01318	0.01240	0.02093	0.73798	0.04806	0.01550	0.01938	0.01783	0.01395	0.01783	0.01240	0.01860	0.00930	0.00698	0.00698	0.00233	0.00930	0.00620	0.00310	0.00775
19	0.01705	0.51005	0.27142	0.01468	0.02214	0.02368	0.01671	0.02131	0.01437	0.01837	0.01067	0.01241	0.00892	0.00620	0.00522	0.00174	0.00844	0.00422	0.00297	0.00942
20	0.01378	0.00903	0.01177	0.06910	0.10653	0.00977	0.00907	0.01712	0.01443	0.02420	0.01956	0.02339	0.01559	0.00812	0.00678	0.00186	0.06457	0.00641	0.56164	0.00730
21	0.00825	0.00707	0.00707	0.00707	0.00943	0.00589	0.00530	0.01001	0.01591	0.01885	0.07069	0.06716	0.70839	0.01767	0.00825	0.00236	0.00353	0.01473	0.00648	0.00589
22	0.01447	0.01240	0.01447	0.01034	0.01654	0.00930	0.00827	0.01757	0.01447	0.02274	0.01240	0.01447	0.01034	0.00517	0.00517	0.00103	0.00517	0.00413	0.00413	0.79742
23	0.02637	0.03204	0.01957	0.01766	0.02136	0.68593	0.01330	0.02822	0.01979	0.05689	0.01174	0.01322	0.00946	0.00727	0.00633	0.00182	0.01221	0.00464	0.00388	0.00831
24	0.00988	0.00713	0.00933	0.00878	0.01043	0.00658	0.00658	0.01317	0.01975	0.02798	0.70754	0.05213	0.06584	0.01427	0.00823	0.00219	0.00329	0.01262	0.00768	0.00658
25	0.01447	0.01240	0.01447	0.01034	0.01654	0.00930	0.00827	0.01757	0.01447	0.02274	0.01240	0.01447	0.01034	0.00517	0.00517	0.00103	0.00517	0.00413	0.00413	0.79742
26	0.02580	0.01475	0.01688	0.01311	0.01840	0.04498	0.01067	0.19455	0.04903	0.35494	0.02370	0.02206	0.04439	0.00841	0.00675	0.00197	0.00644	0.00665	0.00717	0.12934
27	0.01866	0.75896	0.03657	0.01194	0.01791	0.02761	0.01194	0.02090	0.01418	0.01642	0.00970	0.01119	0.00896	0.00597	0.00448	0.00149	0.00746	0.00373	0.00299	0.00896
28	0.01736	0.01499	0.01578	0.01420	0.01815	0.01736	0.01105	0.03708	0.69862	0.02919	0.02840	0.02604	0.02130	0.00947	0.00710	0.00237	0.00552	0.00789	0.00710	0.01105
29	0.01727	0.01658	0.02832	0.04283	0.71123	0.01658	0.02142	0.02142	0.01589	0.02280	0.01313	0.01727	0.01105	0.00622	0.00691	0.00207	0.00829	0.00622	0.00345	0.01105
30	0.00850	0.00607	0.00810	0.00972	0.01012	0.00567	0.00648	0.00972	0.01336	0.01781	0.03846	0.75020	0.04615	0.02186	0.00891	0.00283	0.00405	0.01984	0.00648	0.00567
31	0.02653	0.01955	0.02094	0.01606	0.02164	0.02164	0.01326	0.68796	0.03281	0.04398	0.01675	0.01675	0.01187	0.00838	0.00698	0.00209	0.00768	0.00628	0.00698	0.01187

[dist]
# distance from previous block
# <min> <max>
0	31

[block]
# block no. 2 follows, 30 sequences, length 24
# corresponding to MSA columns:
# 464-487
name=unknown_C
#
# <colnr> <probs for GDERKNQSTAVLIFYWHMCP>
#	G	D	E	R	K	N	Q	S	T	A	V	L	I	F	Y	W	H	M	C	P
0	0.01727	0.01658	0.02832	0.04283	0.71123	0.01658	0.02142	0.02142	0.01589	0.02280	0.01313	0.01727	0.01105	0.00622	0.00691	0.00207	0.00829	0.00622	0.00345	0.01105
1	0.00825	0.00707	0.00707	0.00707	0.00943	0.00589	0.00530	0.01001	0.01591	0.01885	0.07069	0.06716	0.70839	0.01767	0.00825	0.00236	0.00353	0.01473	0.00648	0.00589
2	0.01727	0.01658	0.02832	0.04283	0.71123	0.01658	0.02142	0.02142	0.01589	0.02280	0.01313	0.01727	0.01105	0.00622	0.00691	0.00207	0.00829	0.00622	0.00345	0.01105
3	0.01736	0.01499	0.01578	0.01420	0.01815	0.01736	0.01105	0.03708	0.69862	0.02919	0.02840	0.02604	0.02130	0.00947	0.00710	0.00237	0.00552	0.00789	0.00710	0.01105
4	0.00850	0.00607	0.00810	0.00972	0.01012	0.00567	0.00648	0.00972	0.01336	0.01781	0.03846	0.75020	0.04615	0.02186	0.00891	0.00283	0.00405	0.01984	0.00648	0.00567
5	0.01398	0.01322	0.02238	0.60170	0.17808	0.01571	0.01978	0.01853	0.01433	0.01880	0.01254	0.01834	0.00965	0.00683	0.00696	0.00228	0.00910	0.00620	0.00317	0.00840
6	0.00850	0.00607	0.00810	0.00972	0.01012	0.00567	0.00648	0.00972	0.01336	0.01781	0.03846	0.75020	0.04615	0.02186	0.00891	0.00283	0.00405	0.01984	0.00648	0.00567
7	0.03131	0.01188	0.01619	0.01242	0.01781	0.01026	0.01026	0.03401	0.01997	0.71606	0.02753	0.02375	0.01727	0.00864	0.00702	0.00216	0.00594	0.00702	0.00864	0.01188
8	0.01756	0.01169	0.01303	0.01146	0.01522	0.01199	0.00899	0.02753	0.32081	0.18228	0.04203	0.03896	0.24503	0.01196	0.00746	0.00232	0.00497	0.00993	0.00725	0.00955
9	0.02299	0.01690	0.01842	0.01481	0.01938	0.01851	0.01193	0.55499	0.02900	0.03885	0.02101	0.16055	0.01859	0.01102	0.00736	0.00224	0.00697	0.00894	0.00688	0.01065
10	0.00997	0.00748	0.01121	0.01121	0.01246	0.00872	0.00872	0.01246	0.01121	0.01620	0.01869	0.02741	0.01745	0.05234	0.72710	0.01121	0.01869	0.00748	0.00374	0.00623
11	0.00825	0.00707	0.00707	0.00707	0.00943	0.00589	0.00530	0.01001	0.01591	0.01885	0.07069	0.06716	0.70839	0.01767	0.00825	0.00236	0.00353	0.01473	0.00648	0.00589
12	0.29466	0.01725	0.01655	0.04437	0.07068	0.10696	0.01151	0.18618	0.01956	0.12363	0.01475	0.01569	0.01076	0.00738	0.00590	0.00208	0.00725	0.00529	0.03004	0.00950
13	0.01046	0.00820	0.01216	0.01188	0.01301	0.00990	0.00933	0.01286	0.01117	0.01625	0.01781	0.02628	0.01667	0.04860	0.66160	0.01046	0.08597	0.00735	0.00367	0.00636
14	0.00850	0.00607	0.00810	0.00972	0.01012	0.00567	0.00648	0.00972	0.01336	0.01781	0.03846	0.75020	0.04615	0.02186	0.00891	0.00283	0.00405	0.01984	0.00648	0.00567
15	0.01050	0.00774	0.01012	0.01093	0.01247	0.00759	0.00873	0.01418	0.05596	0.02232	0.20191	0.21068	0.08701	0.01794	0.00891	0.00278	0.00493	0.29196	0.00678	0.00654
16	0.22792	0.04348	0.11908	0.01738	0.11257	0.08881	0.01372	0.02606	0.03659	0.22602	0.01644	0.01681	0.01165	0.00724	0.00608	0.00210	0.00748	0.00545	0.00522	0.00989
17	0.01089	0.00736	0.00965	0.00895	0.01077	0.00676	0.00676	0.01415	0.01976	0.06043	0.67548	0.05079	0.06355	0.01400	0.00817	0.00219	0.00342	0.01236	0.00773	0.00683
18	0.00863	0.00617	0.00821	0.00963	0.01015	0.00575	0.00649	0.01004	0.01395	0.01876	0.10070	0.68527	0.04799	0.02116	0.00884	0.00277	0.00398	0.01917	0.00659	0.00575
19	0.01828	0.24993	0.37777	0.01657	0.02446	0.08511	0.01891	0.02349	0.01557	0.09056	0.01304	0.01439	0.00975	0.00669	0.00599	0.00195	0.00923	0.00486	0.00360	0.00986
20	0.29633	0.04812	0.01689	0.01322	0.01801	0.04574	0.01082	0.28502	0.14355	0.03473	0.01586	0.01613	0.01182	0.00776	0.00594	0.00213	0.00667	0.00552	0.00578	0.00995
21	0.01808	0.49463	0.22071	0.01467	0.02160	0.08954	0.01585	0.02187	0.01485	0.01803	0.01057	0.01229	0.00893	0.00626	0.00523	0.00172	0.00872	0.00419	0.00303	0.00924
22	0.08536	0.26208	0.23870	0.01827	0.02542	0.01974	0.18084	0.02109	0.01467	0.02095	0.01289	0.04642	0.01082	0.00689	0.00622	0.00204	0.00904	0.00597	0.00338	0.00921
23	0.22204	0.23054	0.08164	0.01163	0.01721	0.01740	0.01089	0.04605	0.03391	0.05307	0.01327	0.03649	0.01105	0.00685	0.00518	0.00176	0.00639	0.00487	0.02614	0.16362

[dist]
# distance from previous block
# <min> <max>
1	9

[block]
# block no. 3 follows, 30 sequences, length 14
# corresponding to MSA columns:
# 497-510
name=unknown_D
#
# <colnr> <probs for GDERKNQSTAVLIFYWHMCP>
#	G	D	E	R	K	N	Q	S	T	A	V	L	I	F	Y	W	H	M	C	P
0	0.45439	0.08983	0.04847	0.01167	0.01651	0.01787	0.01015	0.09956	0.14189	0.03044	0.01411	0.01482	0.01079	0.00720	0.00526	0.00213	0.00612	0.00489	0.00494	0.00896
1	0.01015	0.00677	0.00761	0.00761	0.00761	0.00677	0.00423	0.01015	0.01015	0.01353	0.02199	0.04567	0.02537	0.75476	0.03552	0.00677	0.00677	0.01015	0.00423	0.00423
2	0.01576	0.01530	0.02353	0.43232	0.19232	0.05510	0.06055	0.04739	0.05039	0.02082	0.01357	0.01829	0.01047	0.00693	0.00701	0.00223	0.00915	0.00633	0.00359	0.00895
3	0.03131	0.01188	0.01619	0.01242	0.01781	0.01026	0.01026	0.03401	0.01997	0.71606	0.02753	0.02375	0.01727	0.00864	0.00702	0.00216	0.00594	0.00702	0.00864	0.01188
4	0.01600	0.34720	0.42507	0.01647	0.02491	0.02112	0.01983	0.02158	0.01449	0.01965	0.01131	0.01321	0.00889	0.00635	0.00570	0.00190	0.00909	0.00454	0.00296	0.00973
5	0.00843	0.00636	0.00780	0.00894	0.00992	0.00573	0.00613	0.00980	0.01411	0.01812	0.04790	0.55025	0.24002	0.02064	0.00871	0.00269	0.00390	0.01834	0.00648	0.00573
6	0.07881	0.01188	0.01553	0.04565	0.11490	0.01284	0.01156	0.11024	0.04201	0.05209	0.10491	0.20764	0.02859	0.01306	0.00891	0.00247	0.06757	0.05727	0.00577	0.00830
7	0.01873	0.01560	0.01916	0.01520	0.01942	0.03721	0.05955	0.22277	0.04439	0.04637	0.01686	0.09079	0.01479	0.00943	0.00957	0.00209	0.13512	0.00724	0.00522	0.21049
8	0.01805	0.01647	0.01994	0.06180	0.02197	0.08735	0.09196	0.17123	0.11385	0.02644	0.04304	0.09722	0.01899	0.01036	0.00901	0.00232	0.08479	0.04142	0.00536	0.05844
9	0.23878	0.01532	0.01706	0.12214	0.02235	0.06001	0.03589	0.09301	0.04843	0.09134	0.01398	0.01598	0.01056	0.00743	0.00736	0.00209	0.07001	0.00536	0.00475	0.11814
10	0.07154	0.01302	0.02011	0.45810	0.13053	0.01459	0.01691	0.01950	0.01451	0.06397	0.01326	0.01773	0.01004	0.00673	0.00656	0.00211	0.00818	0.00583	0.00371	0.10308
11	0.05422	0.01465	0.02338	0.27835	0.36607	0.01593	0.01872	0.06160	0.01630	0.02311	0.05089	0.01932	0.01332	0.00707	0.00688	0.00217	0.00819	0.00645	0.00383	0.00955
12	0.06976	0.02020	0.05335	0.10514	0.11036	0.16139	0.01447	0.24307	0.02178	0.02817	0.01966	0.02112	0.08460	0.00848	0.00678	0.00210	0.00849	0.00659	0.00497	0.00952
13	0.07493	0.01704	0.01991	0.11580	0.15062	0.09596	0.01467	0.15409	0.07746	0.02587	0.01479	0.01786	0.01181	0.01081	0.05357	0.00278	0.09506	0.00608	0.03155	0.00934

[dist]
# distance from previous block
# <min> <max>
3	202

[block]
# block no. 4 follows, 30 sequences, length 9
# corresponding to MSA columns:
# 749-757
name=unknown_E
#
# <colnr> <probs for GDERKNQSTAVLIFYWHMCP>
#	G	D	E	R	K	N	Q	S	T	A	V	L	I	F	Y	W	H	M	C	P
0	0.01889	0.04608	0.07783	0.08842	0.09914	0.04813	0.10947	0.14479	0.04082	0.08501	0.03518	0.02249	0.03677	0.00831	0.00766	0.00218	0.03614	0.03039	0.02774	0.03456
1	0.01940	0.04548	0.17605	0.04877	0.07278	0.21592	0.01587	0.08194	0.01801	0.06270	0.03827	0.04201	0.03832	0.00856	0.00771	0.00211	0.05596	0.00642	0.03463	0.00908
2	0.04833	0.11180	0.12675	0.01665	0.04534	0.05903	0.05475	0.07192	0.10594	0.07998	0.06539	0.02148	0.04355	0.00891	0.00888	0.00223	0.10807	0.00673	0.00488	0.00941
3	0.11483	0.01686	0.07266	0.01467	0.01880	0.06342	0.05377	0.12609	0.06285	0.05465	0.01805	0.03845	0.03657	0.06494	0.03685	0.00288	0.09916	0.02130	0.00487	0.07834
4	0.13734	0.01432	0.06817	0.22093	0.12872	0.01414	0.01448	0.06865	0.04209	0.02424	0.07150	0.05231	0.09681	0.00929	0.00684	0.00225	0.00705	0.00779	0.00463	0.00846
5	0.01661	0.07363	0.16205	0.09444	0.29399	0.01682	0.04145	0.09568	0.01684	0.02335	0.01456	0.04306	0.01248	0.05513	0.00864	0.00242	0.00853	0.00661	0.00384	0.00986
6	0.11459	0.10742	0.01830	0.01266	0.01745	0.04470	0.01053	0.19655	0.07100	0.20839	0.05243	0.02358	0.07495	0.00900	0.00651	0.00208	0.00643	0.00690	0.00646	0.01006
7	0.07438	0.01792	0.07822	0.03784	0.56733	0.01655	0.06335	0.02146	0.01555	0.02334	0.01290	0.01675	0.01061	0.00625	0.00678	0.00211	0.00845	0.00609	0.00349	0.01064
8	0.70620	0.01388	0.01250	0.01336	0.10027	0.01577	0.00928	0.02063	0.01237	0.03025	0.01014	0.01207	0.00799	0.00645	0.00464	0.00215	0.00576	0.00408	0.00421	0.00799

[dist]
# distance from previous block
# <min> <max>
0	3

[block]
# block no. 5 follows, 30 sequences, length 12
# corresponding to MSA columns:
# 761-772
name=unknown_F
#
# <colnr> <probs for GDERKNQSTAVLIFYWHMCP>
#	G	D	E	R	K	N	Q	S	T	A	V	L	I	F	Y	W	H	M	C	P
0	0.01161	0.00771	0.01160	0.15860	0.01752	0.00817	0.00896	0.01220	0.01353	0.01841	0.23667	0.03066	0.02889	0.01748	0.01696	0.37730	0.00583	0.00821	0.00455	0.00515
1	0.01427	0.01224	0.01608	0.01651	0.15752	0.01034	0.01024	0.01702	0.01398	0.02109	0.01428	0.02067	0.01320	0.14066	0.01100	0.00228	0.00610	0.00565	0.00401	0.49287
2	0.01726	0.02009	0.12980	0.17109	0.03528	0.01772	0.33373	0.14151	0.01866	0.02529	0.01401	0.01782	0.01031	0.00666	0.00752	0.00228	0.01032	0.00703	0.00398	0.00964
3	0.01869	0.08756	0.02140	0.11800	0.02323	0.01905	0.01364	0.22804	0.01911	0.02651	0.01264	0.01567	0.01022	0.00839	0.01066	0.00213	0.20335	0.00559	0.00448	0.15163
4	0.01175	0.16147	0.01515	0.01056	0.01286	0.01108	0.00877	0.01444	0.01658	0.02210	0.28517	0.17598	0.04455	0.01512	0.00791	0.00241	0.00502	0.16602	0.00620	0.00687
5	0.01221	0.00750	0.01057	0.01014	0.01014	0.00837	0.00704	0.01038	0.00951	0.01304	0.01348	0.02478	0.01409	0.15436	0.02814	0.54135	0.11095	0.00680	0.00325	0.00390
6	0.11027	0.01431	0.01504	0.01295	0.01719	0.11238	0.01063	0.02766	0.01826	0.39959	0.02515	0.03210	0.01974	0.01038	0.00716	0.00232	0.00693	0.14121	0.00700	0.00975
7	0.02093	0.01485	0.01549	0.01301	0.01705	0.08977	0.01015	0.20574	0.02096	0.16901	0.02349	0.21310	0.02159	0.01144	0.00717	0.00212	0.00653	0.00955	0.00641	0.12163
8	0.01755	0.02487	0.37524	0.01887	0.02665	0.01420	0.13964	0.02362	0.01667	0.16522	0.09128	0.02138	0.01707	0.00774	0.00717	0.00222	0.00892	0.00690	0.00473	0.01007
9	0.01581	0.00985	0.01205	0.01131	0.01391	0.00992	0.00850	0.02268	0.20002	0.16603	0.15426	0.28051	0.03710	0.01445	0.00791	0.00245	0.00470	0.01269	0.00731	0.00855
10	0.01301	0.01222	0.03146	0.01939	0.16874	0.01238	0.02940	0.01556	0.01398	0.01994	0.04140	0.23266	0.07161	0.01284	0.01068	0.00238	0.15688	0.01063	0.00466	0.12020
11	0.10061	0.01369	0.01877	0.01521	0.01887	0.01485	0.11564	0.04259	0.16052	0.02572	0.15805	0.02520	0.02364	0.00948	0.00962	0.00225	0.12959	0.00767	0.00532	0.10272

[dist]
# distance from previous block
# <min> <max>
0	482

# created by:
# /home/cegg/simao/soft/augustus-3.2.1/scripts/msa2prfl.pl ./align_prep/EOG090W0C9K.fa
