[name]
unknown

[dist]
# distance from previous block
# <min> <max>
0	15

[block]
# block no. 0 follows, 29 sequences, length 14
# corresponding to MSA columns:
# 32-45
name=unknown_A
#
# <colnr> <probs for GDERKNQSTAVLIFYWHMCP>
#	G	D	E	R	K	N	Q	S	T	A	V	L	I	F	Y	W	H	M	C	P
0	0.01810	0.12255	0.08215	0.02341	0.18770	0.15109	0.08440	0.04307	0.01678	0.02080	0.01638	0.02595	0.01526	0.07205	0.00955	0.00257	0.00933	0.08582	0.00401	0.00902
1	0.01105	0.00875	0.01139	0.01081	0.01145	0.01015	0.00787	0.01229	0.01142	0.01582	0.02442	0.03773	0.09385	0.32779	0.23411	0.00706	0.14480	0.00929	0.00419	0.00575
2	0.01921	0.27389	0.09556	0.01421	0.01881	0.23558	0.01266	0.02268	0.05225	0.01837	0.01446	0.03746	0.01327	0.09829	0.00953	0.00244	0.00905	0.00579	0.03815	0.00834
3	0.01193	0.00753	0.00962	0.00943	0.01117	0.00707	0.00691	0.01413	0.01608	0.09450	0.22063	0.20700	0.15064	0.07674	0.09773	0.00388	0.00606	0.01330	0.02891	0.00673
4	0.01039	0.00718	0.00945	0.00945	0.01000	0.00773	0.00641	0.01132	0.01076	0.01490	0.02040	0.03708	0.02160	0.40592	0.33281	0.05438	0.01214	0.00893	0.00403	0.00513
5	0.01161	0.00768	0.00977	0.00939	0.01114	0.00716	0.00688	0.01478	0.03971	0.07533	0.43377	0.16981	0.09261	0.06560	0.01029	0.00268	0.00402	0.01352	0.00737	0.00690
6	0.70853	0.01357	0.01119	0.00976	0.01430	0.01532	0.00804	0.02257	0.01310	0.11277	0.01208	0.01308	0.00889	0.00687	0.00473	0.00220	0.00557	0.00425	0.00493	0.00824
7	0.21207	0.01525	0.01563	0.01330	0.01789	0.01703	0.01066	0.13714	0.33127	0.12269	0.02229	0.02107	0.01622	0.00862	0.00652	0.00229	0.00602	0.00664	0.00674	0.01065
8	0.01976	0.01992	0.06958	0.05542	0.18588	0.12449	0.04782	0.10734	0.07008	0.06375	0.06555	0.02021	0.01584	0.00853	0.00902	0.00226	0.09304	0.00675	0.00481	0.00995
9	0.07490	0.01367	0.01543	0.12761	0.02144	0.01535	0.01136	0.18103	0.19964	0.02982	0.02655	0.04513	0.09350	0.00987	0.00689	0.00224	0.00622	0.00800	0.10199	0.00937
10	0.70428	0.01416	0.01272	0.01357	0.09842	0.01609	0.00944	0.02104	0.01262	0.03088	0.01034	0.01231	0.00815	0.00658	0.00473	0.00219	0.00587	0.00416	0.00430	0.00815
11	0.01747	0.01372	0.01812	0.01723	0.10164	0.01407	0.06025	0.20230	0.08244	0.05583	0.21911	0.03476	0.11017	0.01103	0.00774	0.00224	0.00618	0.00958	0.00664	0.00950
12	0.10666	0.00771	0.00825	0.00827	0.00915	0.00781	0.00526	0.01181	0.01208	0.01800	0.07618	0.12797	0.07533	0.46780	0.02515	0.00520	0.00592	0.01125	0.00502	0.00520
13	0.07036	0.01657	0.02883	0.03746	0.51373	0.01650	0.12946	0.02137	0.01591	0.02353	0.01457	0.05249	0.01268	0.00707	0.00719	0.00221	0.00864	0.00719	0.00375	0.01049

[dist]
# distance from previous block
# <min> <max>
9	25

[block]
# block no. 1 follows, 29 sequences, length 14
# corresponding to MSA columns:
# 71-84
name=unknown_B
#
# <colnr> <probs for GDERKNQSTAVLIFYWHMCP>
#	G	D	E	R	K	N	Q	S	T	A	V	L	I	F	Y	W	H	M	C	P
0	0.01867	0.14993	0.08189	0.01814	0.05961	0.03788	0.10545	0.05315	0.26780	0.05964	0.01942	0.01985	0.01478	0.00769	0.00673	0.00211	0.00770	0.00659	0.00524	0.05775
1	0.04441	0.13607	0.08203	0.05729	0.27598	0.11681	0.03712	0.03922	0.01642	0.02168	0.01396	0.05937	0.01239	0.00747	0.00653	0.00201	0.00871	0.00631	0.00376	0.05245
2	0.05592	0.31816	0.06023	0.01911	0.09439	0.05827	0.12103	0.02254	0.06800	0.02096	0.03842	0.01813	0.03420	0.00740	0.00679	0.00199	0.03524	0.00601	0.00389	0.00932
3	0.02222	0.21979	0.07429	0.01598	0.02095	0.09717	0.01432	0.25245	0.02138	0.05306	0.01332	0.01498	0.01052	0.00829	0.00904	0.00211	0.12986	0.00543	0.00476	0.01007
4	0.07180	0.02386	0.26445	0.06601	0.08080	0.04502	0.13087	0.06251	0.01635	0.02420	0.01323	0.01628	0.01005	0.00683	0.00730	0.00213	0.03478	0.00585	0.02458	0.09308
5	0.00940	0.00727	0.00842	0.00827	0.01016	0.00648	0.00618	0.01179	0.01746	0.02285	0.33004	0.06114	0.35687	0.06835	0.01044	0.00270	0.00388	0.04512	0.00696	0.00621
6	0.01854	0.01571	0.01657	0.01466	0.01883	0.01810	0.01147	0.09502	0.63393	0.03113	0.02793	0.02573	0.02088	0.00956	0.00723	0.00239	0.00583	0.00790	0.00723	0.01135
7	0.02095	0.01354	0.01641	0.04930	0.01885	0.01422	0.04286	0.22005	0.10270	0.14897	0.02461	0.02563	0.05350	0.03640	0.00788	0.00229	0.00630	0.00750	0.17820	0.00986
8	0.01007	0.00730	0.00978	0.01115	0.01239	0.00700	0.00883	0.01245	0.01555	0.02038	0.08121	0.33092	0.10037	0.02023	0.00935	0.00300	0.00519	0.32195	0.00666	0.00623
9	0.06962	0.01962	0.10161	0.01481	0.01993	0.10392	0.01307	0.17122	0.09881	0.17346	0.05064	0.02363	0.06430	0.00930	0.00755	0.00222	0.03266	0.00710	0.00625	0.01027
10	0.01186	0.00636	0.00890	0.00890	0.00890	0.00636	0.00572	0.00955	0.00955	0.01273	0.01489	0.02790	0.01576	0.20638	0.02994	0.59593	0.00636	0.00723	0.00340	0.00340
11	0.50479	0.01416	0.01329	0.06184	0.01775	0.01607	0.00964	0.10466	0.06421	0.08281	0.01424	0.01538	0.01054	0.00733	0.00537	0.00220	0.00604	0.00500	0.03588	0.00881
12	0.05997	0.31084	0.05442	0.11196	0.05402	0.23284	0.01448	0.05005	0.01691	0.01958	0.01116	0.01351	0.00933	0.00677	0.00576	0.00184	0.00949	0.00466	0.00350	0.00891
13	0.05065	0.20481	0.12615	0.01633	0.05490	0.15256	0.01436	0.08387	0.06647	0.04738	0.03251	0.01607	0.01237	0.00718	0.00605	0.00186	0.00847	0.00525	0.00436	0.08838

[dist]
# distance from previous block
# <min> <max>
0	1

[block]
# block no. 2 follows, 29 sequences, length 10
# corresponding to MSA columns:
# 86-95
name=unknown_C
#
# <colnr> <probs for GDERKNQSTAVLIFYWHMCP>
#	G	D	E	R	K	N	Q	S	T	A	V	L	I	F	Y	W	H	M	C	P
0	0.01564	0.02970	0.45905	0.05970	0.05496	0.01713	0.14820	0.05652	0.04759	0.02386	0.01407	0.01676	0.01020	0.00685	0.00714	0.00229	0.01032	0.00614	0.00355	0.01035
1	0.01822	0.08710	0.06173	0.10861	0.15007	0.08597	0.01528	0.09110	0.20254	0.02507	0.02152	0.02262	0.06271	0.00849	0.00691	0.00218	0.00787	0.00696	0.00501	0.01003
2	0.01518	0.17266	0.58492	0.01876	0.02844	0.01874	0.02363	0.02232	0.01493	0.02145	0.01223	0.01435	0.00904	0.00664	0.00635	0.00212	0.00997	0.00499	0.00301	0.01026
3	0.00878	0.00716	0.00777	0.00776	0.00988	0.00615	0.00576	0.01088	0.01689	0.02114	0.20302	0.10900	0.52586	0.01758	0.00846	0.00240	0.00359	0.01491	0.00687	0.00615
4	0.00896	0.00651	0.00819	0.00941	0.01011	0.00606	0.00637	0.01022	0.01373	0.01794	0.04187	0.53506	0.13816	0.10907	0.01229	0.00332	0.00450	0.04621	0.00633	0.00567
5	0.00874	0.00709	0.00790	0.00811	0.01005	0.00625	0.00598	0.01065	0.01583	0.01972	0.12064	0.17057	0.49047	0.02101	0.06136	0.00314	0.00481	0.01510	0.00652	0.00607
6	0.59937	0.01334	0.01205	0.01023	0.01492	0.01453	0.00843	0.02453	0.01428	0.20917	0.01466	0.01488	0.01030	0.00719	0.00513	0.00220	0.00565	0.00472	0.00556	0.00886
7	0.01289	0.01017	0.01507	0.19017	0.08824	0.01163	0.01247	0.01679	0.03516	0.02058	0.01990	0.06014	0.01791	0.02071	0.18496	0.00457	0.04681	0.05379	0.17056	0.00749
8	0.28436	0.06237	0.01968	0.01791	0.12841	0.01602	0.06109	0.09393	0.01767	0.15174	0.06803	0.01916	0.01543	0.00770	0.00623	0.00216	0.00678	0.00615	0.00546	0.00970
9	0.02169	0.02466	0.07138	0.02085	0.13412	0.31336	0.01484	0.10252	0.09798	0.02444	0.03971	0.01829	0.01401	0.00786	0.00669	0.00202	0.00951	0.00598	0.06053	0.00955

[dist]
# distance from previous block
# <min> <max>
0	3

[block]
# block no. 3 follows, 29 sequences, length 9
# corresponding to MSA columns:
# 99-101,156-161
name=unknown_D
#
# <colnr> <probs for GDERKNQSTAVLIFYWHMCP>
#	G	D	E	R	K	N	Q	S	T	A	V	L	I	F	Y	W	H	M	C	P
0	0.17204	0.07059	0.09309	0.13123	0.07331	0.06582	0.15679	0.05869	0.01621	0.05372	0.01304	0.01615	0.00994	0.00697	0.00715	0.00223	0.03387	0.00592	0.00400	0.00923
1	0.06827	0.01307	0.03817	0.06945	0.01873	0.01347	0.03285	0.11099	0.12807	0.07434	0.07120	0.10962	0.05654	0.05481	0.00969	0.00262	0.04059	0.00928	0.06952	0.00871
2	0.01232	0.00781	0.00978	0.00905	0.01131	0.00697	0.00687	0.01513	0.01892	0.11011	0.43577	0.08835	0.21034	0.01506	0.00828	0.00231	0.00379	0.01305	0.00761	0.00717
3	0.01677	0.01994	0.12294	0.09898	0.33780	0.05180	0.12923	0.02160	0.01583	0.02216	0.01354	0.01773	0.01084	0.00688	0.00795	0.00222	0.04680	0.00645	0.04049	0.01003
4	0.00989	0.00750	0.00885	0.00895	0.01069	0.00701	0.00653	0.01339	0.06213	0.02325	0.27887	0.22457	0.24483	0.01689	0.00835	0.00244	0.00377	0.01473	0.04079	0.00658
5	0.01176	0.00978	0.01373	0.01283	0.01349	0.01224	0.00995	0.01354	0.01108	0.01619	0.01691	0.02796	0.01691	0.17433	0.38999	0.00818	0.22330	0.00775	0.00371	0.00638
6	0.02283	0.32512	0.07335	0.01532	0.02108	0.16578	0.01387	0.23486	0.02177	0.02630	0.01262	0.01377	0.01009	0.00718	0.00591	0.00183	0.00894	0.00490	0.00448	0.01000
7	0.01359	0.01007	0.01102	0.01048	0.01283	0.01069	0.00781	0.05318	0.22839	0.02572	0.10227	0.15113	0.09396	0.06432	0.00932	0.00262	0.00468	0.01098	0.16893	0.00800
8	0.12207	0.11212	0.13321	0.09390	0.06036	0.09193	0.07963	0.04251	0.06308	0.02289	0.01801	0.06699	0.04729	0.00852	0.00663	0.00219	0.00846	0.00701	0.00422	0.00896

[dist]
# distance from previous block
# <min> <max>
9	13

[block]
# block no. 4 follows, 29 sequences, length 28
# corresponding to MSA columns:
# 175-202
name=unknown_E
#
# <colnr> <probs for GDERKNQSTAVLIFYWHMCP>
#	G	D	E	R	K	N	Q	S	T	A	V	L	I	F	Y	W	H	M	C	P
0	0.59310	0.01659	0.06963	0.01277	0.05200	0.03935	0.01048	0.04746	0.03490	0.03059	0.03057	0.01405	0.01032	0.00702	0.00511	0.00220	0.00635	0.00461	0.00451	0.00840
1	0.10103	0.03837	0.20020	0.02005	0.10993	0.01633	0.07865	0.07465	0.12858	0.06460	0.04413	0.02103	0.01533	0.04652	0.00839	0.00249	0.00806	0.00673	0.00488	0.01006
2	0.54847	0.03959	0.04342	0.01166	0.01673	0.01585	0.03875	0.05123	0.01478	0.14244	0.01351	0.01435	0.00976	0.00702	0.00525	0.00219	0.00626	0.00476	0.00511	0.00887
3	0.04724	0.04968	0.09025	0.04210	0.05116	0.03153	0.03955	0.25807	0.02186	0.05775	0.01473	0.01616	0.01105	0.00700	0.00639	0.00183	0.00757	0.00553	0.00517	0.23537
4	0.00902	0.00718	0.00808	0.00797	0.01002	0.00625	0.00594	0.01134	0.01748	0.02247	0.29274	0.09865	0.44363	0.01703	0.00844	0.00237	0.00355	0.01454	0.00705	0.00625
5	0.01371	0.01165	0.01248	0.05030	0.03166	0.09165	0.00900	0.01801	0.06446	0.05493	0.46083	0.04359	0.08420	0.01273	0.00794	0.00222	0.00520	0.01095	0.00693	0.00757
6	0.80005	0.01377	0.01047	0.00936	0.01377	0.01597	0.00771	0.02093	0.01212	0.03195	0.00991	0.01157	0.00771	0.00661	0.00441	0.00220	0.00551	0.00386	0.00441	0.00771
7	0.00993	0.00694	0.00850	0.00904	0.01039	0.00625	0.00635	0.01165	0.01545	0.05046	0.14596	0.38813	0.22684	0.05744	0.01014	0.00284	0.00410	0.01662	0.00677	0.00619
8	0.22929	0.01577	0.04683	0.01308	0.01833	0.01557	0.01112	0.20792	0.05068	0.26647	0.01949	0.01939	0.01359	0.03264	0.00738	0.00235	0.00661	0.00615	0.00672	0.01060
9	0.04773	0.01444	0.05213	0.43566	0.12859	0.01516	0.04976	0.01972	0.01478	0.05083	0.01364	0.01858	0.01043	0.00854	0.03268	0.00255	0.00924	0.00621	0.00363	0.06568
10	0.01242	0.00916	0.01172	0.01107	0.01254	0.01023	0.00839	0.08011	0.01494	0.02129	0.07815	0.10569	0.05458	0.12524	0.26843	0.00624	0.07286	0.00969	0.08048	0.00677
11	0.11604	0.17242	0.05311	0.01795	0.08578	0.33038	0.01366	0.05872	0.01798	0.02135	0.01399	0.01565	0.04006	0.00742	0.00601	0.00190	0.00972	0.00510	0.00390	0.00886
12	0.30323	0.16975	0.05357	0.10192	0.08215	0.08662	0.01315	0.04489	0.04466	0.02490	0.01187	0.01410	0.00950	0.00682	0.00552	0.00205	0.00771	0.00477	0.00398	0.00884
13	0.04609	0.04287	0.01738	0.10795	0.08990	0.05057	0.01216	0.12968	0.01872	0.12589	0.02104	0.04435	0.04473	0.01118	0.04436	0.00259	0.02425	0.00712	0.15001	0.00915
14	0.00876	0.00693	0.00792	0.00836	0.01000	0.00616	0.00600	0.01050	0.01537	0.01936	0.10660	0.26468	0.40906	0.04075	0.04348	0.00309	0.00457	0.01592	0.00651	0.00597
15	0.01078	0.00754	0.00933	0.00956	0.01126	0.00700	0.00704	0.01376	0.04629	0.05826	0.23496	0.29359	0.19456	0.01775	0.00860	0.00256	0.00409	0.04924	0.00710	0.00671
16	0.02103	0.01285	0.01492	0.01260	0.01678	0.01320	0.01001	0.09011	0.26462	0.24175	0.11361	0.03294	0.10231	0.01083	0.00748	0.00230	0.00547	0.00900	0.00772	0.01047
17	0.39860	0.01299	0.01339	0.01098	0.01580	0.01342	0.00903	0.05424	0.01673	0.32794	0.01872	0.01798	0.01268	0.00772	0.00575	0.00218	0.00575	0.00552	0.04081	0.00977
18	0.01306	0.01041	0.01342	0.04248	0.09251	0.01058	0.00978	0.06800	0.09038	0.02594	0.29106	0.04494	0.13009	0.08255	0.01068	0.00275	0.00529	0.04175	0.00649	0.00785
19	0.13652	0.08778	0.12291	0.01746	0.05182	0.06426	0.07157	0.13297	0.01850	0.12550	0.01508	0.01674	0.01122	0.00946	0.03582	0.00255	0.05919	0.00582	0.00490	0.00993
20	0.09588	0.10949	0.05121	0.01700	0.04813	0.20291	0.01376	0.32102	0.02440	0.03150	0.01369	0.01476	0.01044	0.00761	0.00638	0.00200	0.00903	0.00535	0.00519	0.01026
21	0.80005	0.01377	0.01047	0.00936	0.01377	0.01597	0.00771	0.02093	0.01212	0.03195	0.00991	0.01157	0.00771	0.00661	0.00441	0.00220	0.00551	0.00386	0.00441	0.00771
22	0.01454	0.03491	0.13667	0.05105	0.02242	0.01552	0.09888	0.05436	0.08015	0.02310	0.09998	0.02972	0.09214	0.01267	0.04190	0.00288	0.14573	0.02989	0.00482	0.00866
23	0.00934	0.00722	0.00852	0.00826	0.01020	0.00640	0.00617	0.01199	0.01832	0.02435	0.41899	0.08031	0.33177	0.01624	0.00843	0.00233	0.00349	0.01400	0.00729	0.00640
24	0.01864	0.01952	0.02800	0.08801	0.28671	0.13584	0.17602	0.03804	0.06270	0.02280	0.01471	0.01827	0.01168	0.00685	0.00720	0.00216	0.00971	0.00667	0.03656	0.00992
25	0.01126	0.00883	0.01085	0.08205	0.01538	0.00878	0.00842	0.08263	0.01752	0.02268	0.12282	0.26537	0.26333	0.01690	0.00840	0.00253	0.00487	0.03403	0.00646	0.00688
26	0.01135	0.00646	0.00921	0.00931	0.00976	0.00633	0.00640	0.01018	0.01182	0.01598	0.12535	0.10946	0.05219	0.02382	0.05103	0.51759	0.00595	0.00921	0.00439	0.00421
27	0.08245	0.01650	0.04193	0.15581	0.12355	0.06075	0.01466	0.13545	0.11730	0.07680	0.05399	0.05535	0.01720	0.00882	0.00702	0.00226	0.00760	0.00732	0.00542	0.00983

[dist]
# distance from previous block
# <min> <max>
3	16

[block]
# block no. 5 follows, 29 sequences, length 15
# corresponding to MSA columns:
# 219-233
name=unknown_F
#
# <colnr> <probs for GDERKNQSTAVLIFYWHMCP>
#	G	D	E	R	K	N	Q	S	T	A	V	L	I	F	Y	W	H	M	C	P
0	0.01437	0.03635	0.09288	0.01557	0.06999	0.09190	0.01221	0.04031	0.06924	0.02272	0.14866	0.18083	0.08090	0.01335	0.00876	0.00242	0.05089	0.03496	0.00561	0.00808
1	0.01008	0.03269	0.00976	0.00930	0.01094	0.00779	0.00678	0.01308	0.06106	0.02046	0.14376	0.26609	0.23494	0.09497	0.01141	0.00302	0.00449	0.04654	0.00647	0.00636
2	0.01900	0.14527	0.13872	0.01895	0.08295	0.13873	0.06498	0.09313	0.01792	0.04301	0.01707	0.01926	0.05328	0.01086	0.05536	0.00265	0.02999	0.00616	0.00416	0.03855
3	0.02142	0.01848	0.13668	0.01438	0.01968	0.06161	0.01319	0.09792	0.15749	0.21502	0.10874	0.02538	0.02215	0.00921	0.00711	0.00220	0.00692	0.00746	0.04452	0.01046
4	0.56298	0.05112	0.05718	0.01442	0.10092	0.01609	0.01077	0.02066	0.01346	0.02932	0.05728	0.01534	0.01233	0.00710	0.00516	0.00216	0.00614	0.00486	0.00438	0.00833
5	0.35050	0.15771	0.12839	0.01476	0.05214	0.05263	0.03113	0.05447	0.03237	0.02655	0.01164	0.01341	0.00918	0.00667	0.00537	0.00203	0.00747	0.00459	0.00403	0.03495
6	0.04142	0.06843	0.02273	0.04439	0.11275	0.27025	0.05135	0.05842	0.13511	0.02248	0.01480	0.01678	0.01189	0.00785	0.00800	0.00211	0.06908	0.00584	0.00437	0.03197
7	0.00904	0.00665	0.00855	0.00980	0.01075	0.00615	0.00699	0.01074	0.01476	0.01934	0.08490	0.52083	0.14954	0.02086	0.00903	0.00282	0.00428	0.09232	0.00668	0.00597
8	0.01849	0.32104	0.17852	0.01432	0.02023	0.04075	0.01463	0.08417	0.01659	0.05996	0.01449	0.03772	0.01219	0.02945	0.00764	0.00209	0.04861	0.00562	0.06414	0.00936
9	0.01604	0.01346	0.02105	0.34189	0.18718	0.01557	0.01726	0.02100	0.05598	0.06489	0.01549	0.01986	0.01200	0.00787	0.00858	0.00231	0.08340	0.00651	0.08063	0.00901
10	0.01056	0.00757	0.01023	0.01169	0.01296	0.00741	0.00951	0.01305	0.01531	0.01995	0.03878	0.24311	0.07348	0.06681	0.01126	0.00337	0.00583	0.42650	0.00643	0.00620
11	0.01400	0.01259	0.02027	0.42473	0.17565	0.01443	0.01732	0.01900	0.04828	0.02090	0.05773	0.06788	0.01685	0.00857	0.00719	0.00231	0.00803	0.00772	0.04805	0.00849
12	0.01411	0.01357	0.02203	0.01912	0.06205	0.01534	0.15790	0.01711	0.01441	0.02078	0.08085	0.08262	0.08400	0.01171	0.01363	0.00259	0.27742	0.00920	0.05203	0.02954
13	0.02082	0.03830	0.01546	0.01340	0.03589	0.19351	0.01004	0.16574	0.02034	0.06516	0.01832	0.02152	0.01461	0.05814	0.00810	0.00220	0.00740	0.00626	0.27617	0.00860
14	0.01692	0.10812	0.09724	0.07011	0.09449	0.01534	0.03858	0.08661	0.01728	0.06286	0.05085	0.07164	0.03665	0.00860	0.00713	0.00197	0.02823	0.00715	0.00471	0.17551

[dist]
# distance from previous block
# <min> <max>
0	3

[block]
# block no. 6 follows, 29 sequences, length 8
# corresponding to MSA columns:
# 237-244
name=unknown_G
#
# <colnr> <probs for GDERKNQSTAVLIFYWHMCP>
#	G	D	E	R	K	N	Q	S	T	A	V	L	I	F	Y	W	H	M	C	P
0	0.10561	0.05235	0.06691	0.05139	0.02342	0.29687	0.07263	0.04867	0.13437	0.02285	0.01457	0.01630	0.01144	0.00774	0.00738	0.00214	0.04622	0.00568	0.00436	0.00911
1	0.01013	0.00810	0.01093	0.05044	0.01402	0.00758	0.04394	0.01286	0.01675	0.02219	0.21585	0.14501	0.28817	0.01601	0.00834	0.00245	0.00462	0.06480	0.05126	0.00654
2	0.00955	0.00734	0.00847	0.00860	0.01037	0.00664	0.00648	0.01165	0.01624	0.02079	0.19701	0.06374	0.35900	0.12681	0.01279	0.00318	0.00451	0.11432	0.00653	0.00600
3	0.16028	0.01164	0.01439	0.01152	0.01624	0.01082	0.00941	0.02901	0.01893	0.48730	0.13030	0.02659	0.02368	0.00933	0.00688	0.00221	0.00554	0.00749	0.00790	0.01052
4	0.01692	0.01403	0.01508	0.01349	0.01716	0.01577	0.01048	0.09958	0.48169	0.03005	0.10043	0.06997	0.06187	0.01118	0.00751	0.00239	0.00544	0.00941	0.00723	0.01031
5	0.80005	0.01377	0.01047	0.00936	0.01377	0.01597	0.00771	0.02093	0.01212	0.03195	0.00991	0.01157	0.00771	0.00661	0.00441	0.00220	0.00551	0.00386	0.00441	0.00771
6	0.80005	0.01377	0.01047	0.00936	0.01377	0.01597	0.00771	0.02093	0.01212	0.03195	0.00991	0.01157	0.00771	0.00661	0.00441	0.00220	0.00551	0.00386	0.00441	0.00771
7	0.01638	0.02232	0.20296	0.05508	0.33562	0.07138	0.06651	0.02137	0.01615	0.02224	0.03880	0.06871	0.01488	0.00793	0.00721	0.00222	0.00914	0.00727	0.00376	0.01007

[dist]
# distance from previous block
# <min> <max>
0	2

[block]
# block no. 7 follows, 29 sequences, length 11
# corresponding to MSA columns:
# 247-257
name=unknown_H
#
# <colnr> <probs for GDERKNQSTAVLIFYWHMCP>
#	G	D	E	R	K	N	Q	S	T	A	V	L	I	F	Y	W	H	M	C	P
0	0.01505	0.02707	0.40036	0.05380	0.14369	0.01598	0.13033	0.02161	0.01535	0.02250	0.01401	0.01787	0.01072	0.02828	0.00785	0.00236	0.00987	0.00623	0.04708	0.01000
1	0.02457	0.02854	0.02185	0.01890	0.02242	0.51289	0.06508	0.02674	0.01854	0.06594	0.01221	0.01453	0.00991	0.00811	0.00916	0.00210	0.12072	0.00531	0.00394	0.00856
2	0.01856	0.35284	0.04777	0.01460	0.05989	0.15459	0.01207	0.02104	0.01622	0.04155	0.02243	0.02312	0.13522	0.00858	0.00596	0.00180	0.00787	0.00632	0.00409	0.04547
3	0.00895	0.00643	0.00821	0.00938	0.00999	0.00600	0.00625	0.01023	0.01388	0.01843	0.08450	0.56247	0.09623	0.10886	0.01225	0.00329	0.00437	0.01816	0.00642	0.00569
4	0.01823	0.01727	0.02918	0.04097	0.61689	0.01734	0.06160	0.06775	0.01745	0.02474	0.01371	0.01768	0.01131	0.00648	0.00714	0.00213	0.00863	0.00648	0.00378	0.01123
5	0.00907	0.00663	0.00854	0.00936	0.01035	0.00609	0.00652	0.01101	0.01586	0.02142	0.24288	0.46852	0.11833	0.01954	0.00881	0.00265	0.00385	0.01750	0.00698	0.00609
6	0.01137	0.00666	0.00921	0.00921	0.00944	0.00689	0.00611	0.01022	0.00999	0.01355	0.01661	0.03031	0.01742	0.24854	0.15532	0.41506	0.00872	0.00770	0.00359	0.00405
7	0.01957	0.52434	0.03212	0.08115	0.02180	0.14115	0.01335	0.02197	0.01519	0.01702	0.01031	0.01260	0.00919	0.00675	0.00616	0.00174	0.04932	0.00431	0.00316	0.00880
8	0.00891	0.00665	0.00833	0.00945	0.01051	0.00607	0.00669	0.01056	0.01486	0.01930	0.08798	0.49203	0.20382	0.02062	0.00894	0.00276	0.00414	0.06574	0.00668	0.00595
9	0.09182	0.06017	0.41266	0.01799	0.02594	0.08611	0.03690	0.04546	0.01632	0.09694	0.01392	0.01552	0.01000	0.00723	0.00708	0.00220	0.03433	0.00536	0.00398	0.01008
10	0.02026	0.01665	0.08534	0.05167	0.17299	0.01541	0.03396	0.02925	0.22115	0.19034	0.04421	0.02287	0.01744	0.00851	0.00783	0.00230	0.03565	0.00722	0.00599	0.01093

[dist]
# distance from previous block
# <min> <max>
1	2

[block]
# block no. 8 follows, 29 sequences, length 11
# corresponding to MSA columns:
# 260-270
name=unknown_I
#
# <colnr> <probs for GDERKNQSTAVLIFYWHMCP>
#	G	D	E	R	K	N	Q	S	T	A	V	L	I	F	Y	W	H	M	C	P
0	0.01689	0.01946	0.16545	0.02655	0.25294	0.01532	0.10416	0.02408	0.10651	0.06755	0.07581	0.02238	0.01767	0.00778	0.00722	0.00222	0.00813	0.00724	0.04230	0.01034
1	0.01514	0.01402	0.02089	0.08149	0.07297	0.06223	0.17331	0.01970	0.03918	0.02347	0.09035	0.02779	0.04420	0.00863	0.00705	0.00207	0.00748	0.03623	0.15919	0.09462
2	0.01159	0.00936	0.01036	0.00999	0.01241	0.00935	0.00749	0.04532	0.16549	0.02412	0.16743	0.17449	0.29355	0.01593	0.00822	0.00245	0.00428	0.01367	0.00699	0.00751
3	0.01036	0.00690	0.00777	0.00777	0.00777	0.00690	0.00431	0.01036	0.01036	0.01381	0.02244	0.04660	0.02589	0.74975	0.03624	0.00690	0.00690	0.01036	0.00431	0.00431
4	0.01979	0.01570	0.04635	0.03550	0.10823	0.06113	0.03333	0.08356	0.15968	0.15313	0.05903	0.02945	0.08557	0.00984	0.00730	0.00225	0.00686	0.02942	0.04386	0.01003
5	0.02890	0.01652	0.11099	0.01421	0.02042	0.01288	0.01302	0.12207	0.02146	0.52607	0.02452	0.02201	0.01571	0.00850	0.00710	0.00220	0.00690	0.00680	0.00780	0.01190
6	0.01762	0.01692	0.02890	0.04371	0.70533	0.01692	0.02185	0.02185	0.01621	0.02326	0.01339	0.01762	0.01128	0.00634	0.00705	0.00211	0.00846	0.00634	0.00352	0.01128
7	0.02568	0.06539	0.02120	0.05147	0.02312	0.56410	0.01394	0.11248	0.02136	0.02100	0.01182	0.01362	0.00957	0.00743	0.00646	0.00188	0.01178	0.00487	0.00406	0.00878
8	0.00967	0.00711	0.00962	0.04794	0.01256	0.00681	0.00737	0.01222	0.01711	0.02365	0.38735	0.34126	0.05569	0.01741	0.00862	0.00252	0.00401	0.01561	0.00707	0.00639
9	0.08669	0.01386	0.01876	0.15881	0.15672	0.01332	0.01349	0.04734	0.01571	0.05158	0.01336	0.01634	0.01058	0.00624	0.00606	0.00171	0.00688	0.00522	0.00420	0.35314
10	0.01794	0.01918	0.02309	0.02250	0.12417	0.14949	0.04390	0.02022	0.01386	0.01866	0.01065	0.01550	0.00973	0.00996	0.01623	0.00259	0.42558	0.00594	0.00336	0.04747

[dist]
# distance from previous block
# <min> <max>
1	2

[block]
# block no. 9 follows, 29 sequences, length 17
# corresponding to MSA columns:
# 273-289
name=unknown_J
#
# <colnr> <probs for GDERKNQSTAVLIFYWHMCP>
#	G	D	E	R	K	N	Q	S	T	A	V	L	I	F	Y	W	H	M	C	P
0	0.00868	0.00620	0.00826	0.00991	0.01033	0.00578	0.00661	0.00991	0.01363	0.01818	0.03925	0.74510	0.04710	0.02231	0.00909	0.00289	0.00413	0.02024	0.00661	0.00578
1	0.01882	0.02962	0.26661	0.02323	0.03053	0.22480	0.25827	0.02438	0.01719	0.02113	0.01284	0.01589	0.00971	0.00666	0.00725	0.00218	0.01174	0.00620	0.00342	0.00952
2	0.00889	0.00635	0.00851	0.01016	0.01067	0.00597	0.00698	0.01029	0.01384	0.01842	0.03913	0.69422	0.04663	0.02211	0.00915	0.00292	0.00432	0.06902	0.00661	0.00584
3	0.01529	0.01961	0.20810	0.27887	0.09948	0.01448	0.01881	0.02049	0.01507	0.05534	0.01353	0.01712	0.01017	0.00663	0.00662	0.00202	0.00858	0.00562	0.00367	0.18052
4	0.01136	0.00974	0.01473	0.03713	0.10520	0.00916	0.06784	0.01474	0.01822	0.02480	0.37833	0.04817	0.20591	0.01334	0.00819	0.00228	0.00504	0.01194	0.00646	0.00744
5	0.05432	0.01315	0.01516	0.01111	0.01702	0.01092	0.00895	0.04553	0.01523	0.02425	0.01255	0.01474	0.01041	0.00581	0.00616	0.00125	0.03989	0.00439	0.00430	0.68486
6	0.01118	0.00897	0.01020	0.00967	0.01203	0.00887	0.00731	0.01765	0.16541	0.02560	0.33834	0.07743	0.25051	0.01483	0.00818	0.00235	0.00396	0.01275	0.00729	0.00746
7	0.05130	0.01014	0.01243	0.01118	0.01289	0.01086	0.00820	0.16058	0.05686	0.02153	0.01433	0.02049	0.01268	0.01941	0.02092	0.53340	0.00649	0.00625	0.00430	0.00580
8	0.01118	0.13523	0.07009	0.00964	0.01310	0.01081	0.00864	0.01407	0.01704	0.02193	0.24917	0.04991	0.33565	0.01405	0.00763	0.00219	0.00477	0.01169	0.00610	0.00712
9	0.02253	0.01873	0.01980	0.17218	0.02685	0.10865	0.01420	0.31487	0.11636	0.06274	0.01766	0.01888	0.01292	0.00824	0.00698	0.00218	0.00831	0.00642	0.03107	0.01041
10	0.13670	0.59294	0.03220	0.01205	0.01786	0.02593	0.01161	0.06632	0.01541	0.02095	0.01039	0.01183	0.00913	0.00634	0.00472	0.00167	0.00731	0.00399	0.00353	0.00913
11	0.00903	0.00704	0.00824	0.00865	0.01035	0.00625	0.00639	0.01112	0.01641	0.02105	0.19287	0.23620	0.36116	0.01849	0.00868	0.00255	0.00388	0.05864	0.00686	0.00614
12	0.16592	0.06431	0.03134	0.01122	0.01486	0.03756	0.00918	0.02470	0.19925	0.07468	0.09668	0.05366	0.02255	0.00941	0.00625	0.00213	0.00539	0.00747	0.15465	0.00878
13	0.01033	0.00699	0.00820	0.00820	0.00836	0.00714	0.00486	0.01064	0.01048	0.01413	0.02204	0.04438	0.02492	0.66678	0.11790	0.00744	0.00835	0.01003	0.00426	0.00456
14	0.00955	0.00680	0.00855	0.00929	0.01006	0.00644	0.00638	0.01105	0.01434	0.01918	0.14896	0.34791	0.09212	0.20259	0.01579	0.00378	0.00486	0.07043	0.00624	0.00566
15	0.01793	0.20021	0.06475	0.03649	0.02010	0.01756	0.01191	0.12191	0.08824	0.02537	0.01435	0.01567	0.01147	0.00658	0.00574	0.00159	0.00675	0.00498	0.00457	0.32381
16	0.17241	0.11812	0.10603	0.07783	0.04950	0.11448	0.01364	0.07566	0.06274	0.02501	0.01441	0.03535	0.01171	0.00753	0.00596	0.00203	0.00791	0.00556	0.05262	0.04151

[dist]
# distance from previous block
# <min> <max>
2	5

[block]
# block no. 10 follows, 29 sequences, length 7
# corresponding to MSA columns:
# 295-301
name=unknown_K
#
# <colnr> <probs for GDERKNQSTAVLIFYWHMCP>
#	G	D	E	R	K	N	Q	S	T	A	V	L	I	F	Y	W	H	M	C	P
0	0.01318	0.01014	0.01106	0.01056	0.01268	0.04950	0.00784	0.09220	0.01909	0.05149	0.25174	0.26564	0.14485	0.01618	0.00831	0.00243	0.00482	0.01406	0.00698	0.00725
1	0.02510	0.01101	0.01458	0.01188	0.01621	0.00995	0.00953	0.02914	0.06820	0.48192	0.16565	0.07297	0.02974	0.01084	0.00753	0.00227	0.00537	0.00916	0.00837	0.01059
2	0.01610	0.01139	0.01292	0.01191	0.01495	0.01224	0.00944	0.05872	0.28334	0.07263	0.14860	0.03813	0.03115	0.01157	0.00740	0.00234	0.00509	0.09842	0.14456	0.00909
3	0.01812	0.01072	0.01215	0.01046	0.01362	0.01097	0.00824	0.13308	0.09053	0.12997	0.16482	0.03017	0.02768	0.00986	0.00661	0.00202	0.00473	0.00812	0.29927	0.00886
4	0.18298	0.01557	0.01616	0.01367	0.01799	0.01769	0.01101	0.26006	0.22180	0.03377	0.01941	0.02026	0.01484	0.01468	0.10549	0.00352	0.00825	0.00653	0.00614	0.01015
5	0.01530	0.01431	0.02291	0.42484	0.24333	0.01641	0.01923	0.02202	0.10873	0.02133	0.01514	0.01962	0.01173	0.00724	0.00712	0.00230	0.00865	0.00657	0.00384	0.00939
6	0.01243	0.01476	0.13634	0.01413	0.01653	0.01316	0.01270	0.01585	0.03765	0.01787	0.01801	0.07742	0.01788	0.15511	0.22492	0.00603	0.18980	0.00828	0.00392	0.00722

[dist]
# distance from previous block
# <min> <max>
0	109

[block]
# block no. 11 follows, 29 sequences, length 9
# corresponding to MSA columns:
# 411-419
name=unknown_L
#
# <colnr> <probs for GDERKNQSTAVLIFYWHMCP>
#	G	D	E	R	K	N	Q	S	T	A	V	L	I	F	Y	W	H	M	C	P
0	0.68962	0.01291	0.01060	0.00965	0.01362	0.01499	0.00788	0.01978	0.01202	0.02979	0.01120	0.01386	0.00912	0.01315	0.10467	0.00350	0.00740	0.00438	0.00432	0.00752
1	0.01407	0.01289	0.01755	0.01569	0.01667	0.01693	0.01275	0.01856	0.10637	0.01870	0.01534	0.02125	0.01390	0.02573	0.25403	0.00580	0.39510	0.00695	0.00393	0.00780
2	0.00964	0.00713	0.00866	0.00847	0.00998	0.00652	0.00608	0.01202	0.01742	0.02363	0.41593	0.10724	0.20260	0.11870	0.01235	0.00298	0.00397	0.01356	0.00698	0.00615
3	0.01277	0.01180	0.02000	0.55976	0.04115	0.01416	0.04896	0.01697	0.01412	0.01832	0.01674	0.11894	0.01517	0.01173	0.04733	0.00295	0.00941	0.00841	0.00369	0.00761
4	0.00888	0.00642	0.00840	0.00962	0.01034	0.00594	0.00656	0.01047	0.01478	0.01983	0.14271	0.60172	0.08621	0.02088	0.00895	0.00276	0.00398	0.01883	0.00680	0.00594
5	0.01017	0.00763	0.01144	0.01144	0.01272	0.00890	0.00890	0.01272	0.01144	0.01653	0.01907	0.02797	0.01780	0.05340	0.72153	0.01144	0.01907	0.00763	0.00381	0.00636
6	0.01904	0.75404	0.03731	0.01218	0.01828	0.02818	0.01218	0.02132	0.01447	0.01675	0.00990	0.01142	0.00914	0.00609	0.00457	0.00152	0.00761	0.00381	0.00305	0.00914
7	0.01506	0.04362	0.08345	0.01273	0.01753	0.01328	0.01102	0.04616	0.23500	0.02630	0.13398	0.07413	0.02586	0.00967	0.00687	0.00199	0.00569	0.00813	0.00589	0.22365
8	0.01592	0.01471	0.02178	0.47600	0.14232	0.04356	0.01844	0.08461	0.04306	0.02200	0.01474	0.04512	0.01186	0.00780	0.00716	0.00231	0.00896	0.00685	0.00391	0.00890

[dist]
# distance from previous block
# <min> <max>
1	2

[block]
# block no. 12 follows, 29 sequences, length 11
# corresponding to MSA columns:
# 422-432
name=unknown_M
#
# <colnr> <probs for GDERKNQSTAVLIFYWHMCP>
#	G	D	E	R	K	N	Q	S	T	A	V	L	I	F	Y	W	H	M	C	P
0	0.01809	0.01777	0.03655	0.02660	0.03318	0.01680	0.54279	0.02451	0.05824	0.09007	0.01770	0.02297	0.01353	0.00713	0.00828	0.00242	0.01079	0.03830	0.00447	0.00981
1	0.01345	0.01266	0.02136	0.73264	0.04904	0.01582	0.01978	0.01819	0.01424	0.01819	0.01266	0.01898	0.00949	0.00712	0.00712	0.00237	0.00949	0.00633	0.00316	0.00791
2	0.01379	0.01300	0.02197	0.67653	0.10249	0.01591	0.01994	0.01849	0.01440	0.01861	0.01272	0.01887	0.00964	0.00706	0.00711	0.00235	0.00941	0.00633	0.00319	0.00818
3	0.01477	0.01266	0.01477	0.01055	0.01687	0.00949	0.00844	0.01793	0.01477	0.02320	0.01266	0.01477	0.01055	0.00527	0.00527	0.00105	0.00527	0.00422	0.00422	0.79328
4	0.01008	0.00728	0.00952	0.00896	0.01064	0.00672	0.00672	0.01344	0.02016	0.02855	0.70158	0.05319	0.06719	0.01456	0.00840	0.00224	0.00336	0.01288	0.00784	0.00672
5	0.01435	0.01157	0.01780	0.01457	0.01792	0.01138	0.14677	0.09176	0.01915	0.05023	0.22566	0.08950	0.11759	0.01270	0.00865	0.00238	0.03163	0.05036	0.05806	0.00799
6	0.02285	0.08553	0.02190	0.02072	0.14146	0.31932	0.01413	0.08675	0.01922	0.06502	0.01402	0.01612	0.01120	0.00765	0.00736	0.00197	0.05263	0.00545	0.07741	0.00929
7	0.01090	0.00737	0.00915	0.00913	0.01042	0.00702	0.00652	0.01273	0.01510	0.05087	0.20975	0.11939	0.13431	0.24234	0.06360	0.00444	0.00597	0.06883	0.00614	0.00600
8	0.01801	0.06051	0.19277	0.01588	0.02158	0.01384	0.08533	0.02458	0.11236	0.17413	0.02503	0.13295	0.04511	0.03505	0.00837	0.00250	0.00749	0.00914	0.00568	0.00971
9	0.01479	0.01365	0.08107	0.01442	0.07177	0.01170	0.01125	0.09765	0.08029	0.04701	0.16504	0.03778	0.11289	0.06066	0.03350	0.00283	0.00638	0.04550	0.03437	0.05746
10	0.01652	0.06985	0.12797	0.02227	0.18575	0.01513	0.08101	0.05514	0.01632	0.02377	0.01307	0.01582	0.01050	0.00605	0.00628	0.00171	0.00779	0.00538	0.00388	0.31580

[dist]
# distance from previous block
# <min> <max>
0	5

[block]
# block no. 13 follows, 29 sequences, length 8
# corresponding to MSA columns:
# 438-445
name=unknown_N
#
# <colnr> <probs for GDERKNQSTAVLIFYWHMCP>
#	G	D	E	R	K	N	Q	S	T	A	V	L	I	F	Y	W	H	M	C	P
0	0.01703	0.07559	0.18092	0.01830	0.02399	0.06388	0.15370	0.02210	0.03607	0.09605	0.02202	0.08918	0.02018	0.01074	0.00777	0.00246	0.00884	0.13715	0.00493	0.00909
1	0.02811	0.01790	0.02100	0.01614	0.02174	0.06630	0.06265	0.34051	0.02632	0.29395	0.02064	0.01967	0.01390	0.00837	0.00718	0.00216	0.00783	0.00672	0.00726	0.01165
2	0.01212	0.00729	0.00941	0.00953	0.01047	0.00708	0.00643	0.01315	0.01310	0.08960	0.06476	0.27371	0.03285	0.28289	0.09664	0.03946	0.00699	0.01297	0.00564	0.00592
3	0.01965	0.01629	0.01644	0.01440	0.01858	0.06083	0.01128	0.10577	0.49674	0.07321	0.02902	0.02697	0.05919	0.00983	0.00724	0.00233	0.00623	0.00800	0.00707	0.01092
4	0.01903	0.01177	0.01291	0.01112	0.01455	0.01247	0.00878	0.13937	0.18069	0.12101	0.05852	0.02595	0.02041	0.00905	0.00635	0.00202	0.00502	0.00732	0.32423	0.00942
5	0.00900	0.00688	0.00832	0.00917	0.01056	0.00620	0.00669	0.01084	0.01545	0.01979	0.10772	0.36394	0.29165	0.01978	0.00886	0.00270	0.00413	0.08559	0.00671	0.00603
6	0.02511	0.01418	0.01717	0.01472	0.04825	0.01443	0.01133	0.17948	0.15809	0.31757	0.06593	0.02467	0.01997	0.00914	0.00713	0.00220	0.00618	0.00746	0.04567	0.01131
7	0.01980	0.01558	0.01583	0.01417	0.03984	0.10252	0.01067	0.14123	0.14527	0.11167	0.10446	0.07145	0.05310	0.01148	0.02607	0.00238	0.00688	0.00846	0.03297	0.06617

[dist]
# distance from previous block
# <min> <max>
0	2

[block]
# block no. 14 follows, 29 sequences, length 21
# corresponding to MSA columns:
# 448-468
name=unknown_O
#
# <colnr> <probs for GDERKNQSTAVLIFYWHMCP>
#	G	D	E	R	K	N	Q	S	T	A	V	L	I	F	Y	W	H	M	C	P
0	0.01686	0.10902	0.02583	0.17944	0.22550	0.07705	0.04111	0.02014	0.01469	0.01936	0.01267	0.04181	0.01127	0.00842	0.01033	0.00233	0.16530	0.00641	0.00342	0.00903
1	0.23651	0.20183	0.29109	0.01601	0.04661	0.05798	0.01685	0.02210	0.01441	0.02354	0.01121	0.01317	0.00877	0.00658	0.00557	0.00204	0.00847	0.00452	0.00346	0.00930
2	0.01782	0.10276	0.05749	0.26707	0.13421	0.17134	0.03306	0.02185	0.03217	0.01906	0.01265	0.01720	0.01042	0.02824	0.00832	0.00228	0.04604	0.00582	0.00345	0.00877
3	0.01442	0.01474	0.02777	0.02155	0.02521	0.01583	0.32384	0.01818	0.01393	0.01961	0.01608	0.06736	0.01476	0.04455	0.15951	0.00461	0.17763	0.00857	0.00375	0.00809
4	0.00975	0.00698	0.00813	0.00821	0.00977	0.00636	0.00590	0.01203	0.01651	0.02265	0.26867	0.16547	0.24753	0.07450	0.01032	0.00270	0.00384	0.01377	0.10078	0.00615
5	0.00952	0.00716	0.00934	0.00950	0.01090	0.00707	0.00701	0.01180	0.01514	0.02054	0.21823	0.17673	0.17612	0.05510	0.22681	0.00537	0.00847	0.01299	0.00601	0.00620
6	0.01669	0.00940	0.01173	0.01030	0.01312	0.00897	0.00790	0.02159	0.09933	0.20067	0.34193	0.04120	0.06233	0.07068	0.00998	0.00260	0.00461	0.01039	0.04817	0.00842
7	0.80005	0.01377	0.01047	0.00936	0.01377	0.01597	0.00771	0.02093	0.01212	0.03195	0.00991	0.01157	0.00771	0.00661	0.00441	0.00220	0.00551	0.00386	0.00441	0.00771
8	0.02017	0.01604	0.01706	0.01446	0.01865	0.01811	0.01134	0.25553	0.39747	0.03333	0.02425	0.02536	0.01886	0.08447	0.01015	0.00278	0.00652	0.00772	0.00691	0.01085
9	0.32493	0.01507	0.01431	0.01263	0.01694	0.01738	0.01006	0.08234	0.37361	0.03183	0.02057	0.01994	0.01548	0.00838	0.00612	0.00231	0.00576	0.00628	0.00612	0.00994
10	0.01605	0.01402	0.01968	0.24665	0.14864	0.01588	0.01599	0.06647	0.21994	0.02472	0.02157	0.02972	0.01818	0.00964	0.00754	0.00246	0.00762	0.10044	0.00519	0.00959
11	0.67293	0.01271	0.01023	0.00924	0.01313	0.01449	0.00743	0.01957	0.01293	0.03068	0.08801	0.01794	0.01526	0.04384	0.00641	0.00244	0.00534	0.00518	0.00479	0.00743
12	0.14199	0.01268	0.01922	0.06609	0.07443	0.01342	0.12182	0.01999	0.03375	0.10001	0.04196	0.04984	0.06102	0.01806	0.15047	0.00418	0.04987	0.00793	0.00484	0.00844
13	0.01276	0.00812	0.01070	0.01147	0.01322	0.00781	0.00901	0.01589	0.04844	0.09788	0.03908	0.33590	0.08335	0.01891	0.00902	0.00290	0.00529	0.25633	0.00687	0.00707
14	0.01832	0.02021	0.02511	0.13868	0.12642	0.21047	0.14857	0.02195	0.01659	0.01989	0.01529	0.02408	0.01365	0.00888	0.00915	0.00238	0.08430	0.08357	0.00384	0.00865
15	0.01672	0.00951	0.01425	0.01248	0.01543	0.00857	0.07606	0.01916	0.01689	0.23066	0.10416	0.32672	0.08855	0.01540	0.00831	0.00253	0.00540	0.01388	0.00710	0.00822
16	0.01114	0.00740	0.00891	0.00866	0.00997	0.00692	0.00602	0.01285	0.01537	0.05822	0.24826	0.07751	0.14744	0.29770	0.01912	0.00413	0.00509	0.04311	0.00624	0.00594
17	0.01904	0.75404	0.03731	0.01218	0.01828	0.02818	0.01218	0.02132	0.01447	0.01675	0.00990	0.01142	0.00914	0.00609	0.00457	0.00152	0.00761	0.00381	0.00305	0.00914
18	0.00999	0.00765	0.00963	0.05572	0.01324	0.00760	0.00765	0.01281	0.05887	0.01881	0.04023	0.38348	0.15422	0.11735	0.01244	0.00331	0.00506	0.06963	0.00612	0.00619
19	0.01527	0.01297	0.02161	0.61738	0.10192	0.01549	0.01921	0.01981	0.01489	0.07358	0.01394	0.01929	0.01029	0.00719	0.00712	0.00234	0.00913	0.00640	0.00364	0.00853
20	0.04560	0.01639	0.06014	0.22611	0.25071	0.03560	0.01774	0.09943	0.01801	0.08199	0.04106	0.04577	0.01447	0.00797	0.00709	0.00223	0.00826	0.00697	0.00457	0.00988

[dist]
# distance from previous block
# <min> <max>
1	2

[block]
# block no. 15 follows, 29 sequences, length 18
# corresponding to MSA columns:
# 471-488
name=unknown_P
#
# <colnr> <probs for GDERKNQSTAVLIFYWHMCP>
#	G	D	E	R	K	N	Q	S	T	A	V	L	I	F	Y	W	H	M	C	P
0	0.01695	0.01627	0.01968	0.11951	0.19915	0.10799	0.01490	0.06573	0.12094	0.02290	0.02072	0.16736	0.01966	0.01081	0.00823	0.00237	0.04353	0.00922	0.00492	0.00918
1	0.01197	0.00952	0.01227	0.01070	0.01293	0.00955	0.02916	0.01451	0.01550	0.02260	0.21074	0.07256	0.11900	0.07859	0.01215	0.00258	0.10942	0.01003	0.10529	0.13093
2	0.01050	0.09645	0.01220	0.00978	0.01164	0.00897	0.00754	0.01271	0.01617	0.02130	0.22330	0.30563	0.14821	0.01735	0.00832	0.00251	0.00446	0.06991	0.00652	0.00654
3	0.01937	0.02165	0.02401	0.11734	0.16512	0.24612	0.06082	0.02227	0.01582	0.01899	0.01148	0.01579	0.00980	0.00843	0.01145	0.00235	0.21111	0.00588	0.00342	0.00879
4	0.11083	0.01459	0.01698	0.06985	0.07841	0.01678	0.01237	0.06735	0.35438	0.02856	0.08614	0.02468	0.02118	0.00941	0.00805	0.00237	0.05452	0.00752	0.00606	0.00998
5	0.01021	0.00747	0.01066	0.01066	0.01165	0.00847	0.00792	0.01221	0.01121	0.01595	0.01979	0.03197	0.01954	0.20272	0.57459	0.01047	0.01646	0.00821	0.00392	0.00592
6	0.01738	0.01640	0.02654	0.03824	0.58472	0.01634	0.01975	0.02292	0.07569	0.02383	0.01470	0.01816	0.01214	0.00654	0.00691	0.00205	0.00793	0.00631	0.00391	0.07952
7	0.57092	0.05543	0.01412	0.01139	0.01586	0.10886	0.00929	0.06747	0.04554	0.03005	0.01141	0.01278	0.00891	0.00695	0.00499	0.00212	0.00674	0.00431	0.00455	0.00832
8	0.01514	0.00951	0.01083	0.00942	0.01163	0.00914	0.00658	0.08796	0.01531	0.09979	0.02594	0.03821	0.08044	0.39543	0.02209	0.00451	0.00622	0.00911	0.05918	0.08358
9	0.01741	0.01286	0.01436	0.01261	0.01624	0.01387	0.00986	0.08580	0.35694	0.09723	0.19322	0.03500	0.08130	0.01127	0.00759	0.00233	0.00517	0.00949	0.00749	0.00994
10	0.80005	0.01377	0.01047	0.00936	0.01377	0.01597	0.00771	0.02093	0.01212	0.03195	0.00991	0.01157	0.00771	0.00661	0.00441	0.00220	0.00551	0.00386	0.00441	0.00771
11	0.32896	0.01567	0.01573	0.01279	0.01779	0.01717	0.01049	0.24449	0.08546	0.15957	0.01742	0.01714	0.01231	0.00795	0.00608	0.00220	0.00639	0.00571	0.00638	0.01031
12	0.00910	0.00717	0.00821	0.00809	0.01008	0.00628	0.00602	0.01149	0.01764	0.02292	0.32328	0.10720	0.40335	0.01692	0.00845	0.00237	0.00354	0.01451	0.00711	0.00628
13	0.01898	0.01591	0.01908	0.07261	0.12533	0.01787	0.01371	0.15460	0.39009	0.03066	0.02294	0.02286	0.01729	0.00871	0.00710	0.00229	0.00668	0.00730	0.03498	0.01101
14	0.15710	0.22324	0.02167	0.01242	0.01747	0.01976	0.01079	0.24054	0.02093	0.08966	0.01556	0.01637	0.01177	0.00751	0.00566	0.00192	0.00664	0.00533	0.10584	0.00981
15	0.00892	0.00708	0.00802	0.00810	0.01001	0.00618	0.00595	0.01108	0.01696	0.02171	0.24515	0.16254	0.42775	0.01767	0.00851	0.00243	0.00361	0.01518	0.00696	0.00618
16	0.06509	0.03609	0.01627	0.03646	0.01743	0.01205	0.03452	0.04257	0.03794	0.28826	0.21479	0.03035	0.02971	0.01226	0.03899	0.00267	0.05968	0.00846	0.00699	0.00942
17	0.01330	0.00771	0.00903	0.00854	0.01077	0.00711	0.00641	0.01607	0.01576	0.08124	0.11150	0.15180	0.08232	0.01370	0.03452	0.00237	0.00450	0.01020	0.33760	0.07555

[dist]
# distance from previous block
# <min> <max>
0	2

[block]
# block no. 16 follows, 29 sequences, length 50
# corresponding to MSA columns:
# 491-540
name=unknown_Q
#
# <colnr> <probs for GDERKNQSTAVLIFYWHMCP>
#	G	D	E	R	K	N	Q	S	T	A	V	L	I	F	Y	W	H	M	C	P
0	0.04641	0.01848	0.12400	0.01507	0.02005	0.03775	0.03482	0.17491	0.21375	0.02939	0.05221	0.04825	0.07944	0.01243	0.04404	0.00279	0.00772	0.02258	0.00599	0.00991
1	0.23206	0.05805	0.21834	0.05601	0.04841	0.08240	0.03770	0.05524	0.01531	0.02471	0.01293	0.04774	0.01078	0.00796	0.00745	0.00226	0.06399	0.00576	0.00389	0.00899
2	0.04318	0.01521	0.01817	0.09199	0.10404	0.04706	0.01217	0.10869	0.01758	0.02562	0.01318	0.01567	0.01058	0.00618	0.00596	0.00154	0.00682	0.00500	0.00440	0.44695
3	0.01083	0.00816	0.01136	0.01122	0.01246	0.00926	0.00855	0.03460	0.01281	0.01815	0.04057	0.11257	0.04752	0.08645	0.47964	0.00869	0.04928	0.00952	0.02192	0.00643
4	0.00921	0.00703	0.00838	0.00869	0.01027	0.00632	0.00634	0.01133	0.01651	0.02159	0.24564	0.22365	0.29538	0.05162	0.00992	0.00272	0.00396	0.04845	0.00686	0.00612
5	0.01609	0.00906	0.01125	0.00994	0.01249	0.00844	0.00745	0.05817	0.01844	0.18762	0.26528	0.08741	0.11832	0.14267	0.01295	0.00310	0.00497	0.01139	0.00719	0.00777
6	0.02605	0.01860	0.02017	0.01579	0.02122	0.02046	0.01294	0.53076	0.13234	0.09731	0.01980	0.01912	0.01402	0.00874	0.00714	0.00218	0.00736	0.00672	0.00728	0.01198
7	0.08274	0.01117	0.01286	0.01116	0.01444	0.01148	0.00876	0.08938	0.13513	0.13088	0.33797	0.03636	0.03995	0.01139	0.00744	0.00223	0.00478	0.00959	0.03337	0.00892
