[name]
unknown

[dist]
# distance from previous block
# <min> <max>
0	39

[block]
# block no. 0 follows, 37 sequences, length 31
# corresponding to MSA columns:
# 39-69
name=unknown_A
#
# <colnr> <probs for GDERKNQSTAVLIFYWHMCP>
#	G	D	E	R	K	N	Q	S	T	A	V	L	I	F	Y	W	H	M	C	P
0	0.01494	0.01197	0.01429	0.01179	0.01531	0.04275	0.05074	0.11592	0.10723	0.06484	0.05345	0.06655	0.04214	0.00879	0.00698	0.00181	0.05626	0.06045	0.05477	0.19904
1	0.03363	0.06961	0.04841	0.01302	0.01691	0.25152	0.01064	0.13813	0.12679	0.07754	0.05067	0.06069	0.01483	0.00772	0.00581	0.00175	0.00726	0.00590	0.00474	0.05443
2	0.05599	0.00678	0.00747	0.00740	0.00845	0.00676	0.00492	0.01183	0.05328	0.03811	0.06921	0.13699	0.11958	0.37695	0.01813	0.00388	0.00473	0.00998	0.05454	0.00502
3	0.01651	0.06402	0.05848	0.01305	0.01683	0.13101	0.01075	0.08350	0.44064	0.02338	0.02039	0.06196	0.01629	0.00820	0.00604	0.00195	0.00623	0.00658	0.00528	0.00893
4	0.08071	0.01087	0.01151	0.00993	0.01313	0.06360	0.00770	0.06482	0.06237	0.17105	0.13130	0.14695	0.06811	0.01005	0.00619	0.00185	0.00483	0.00840	0.00567	0.12097
5	0.01347	0.16104	0.43718	0.01413	0.02072	0.01444	0.01644	0.01890	0.04337	0.06303	0.03835	0.05948	0.01307	0.05222	0.00715	0.00209	0.00749	0.00571	0.00343	0.00829
6	0.01386	0.01263	0.05811	0.04733	0.06379	0.01240	0.07350	0.05592	0.30085	0.04846	0.07365	0.10800	0.04044	0.00918	0.00643	0.00203	0.00553	0.00812	0.05145	0.00830
7	0.07130	0.00986	0.01263	0.01034	0.01422	0.00910	0.00837	0.02451	0.06345	0.46453	0.06346	0.06713	0.01902	0.01075	0.04891	0.00236	0.00553	0.02920	0.00655	0.05879
8	0.01398	0.01241	0.02066	0.21098	0.36266	0.01270	0.05888	0.01750	0.01369	0.06000	0.01675	0.02094	0.06798	0.00684	0.00624	0.00189	0.00702	0.02963	0.00355	0.05570
9	0.02109	0.01422	0.08687	0.01380	0.01873	0.03711	0.11252	0.07493	0.06722	0.38616	0.02267	0.04146	0.05855	0.00785	0.00637	0.00195	0.00641	0.00680	0.00595	0.00935
10	0.01488	0.00772	0.00936	0.00818	0.01110	0.00662	0.00640	0.01679	0.01537	0.29064	0.09014	0.08586	0.38742	0.01257	0.00687	0.00202	0.00390	0.01054	0.00646	0.00715
11	0.00746	0.00533	0.00710	0.00852	0.00888	0.00497	0.00568	0.00852	0.01172	0.01563	0.03374	0.78088	0.04049	0.01918	0.00781	0.00249	0.00355	0.01740	0.00568	0.00497
12	0.04144	0.01763	0.03625	0.01301	0.01647	0.23800	0.03217	0.14247	0.15836	0.02272	0.06725	0.02547	0.10799	0.00892	0.00625	0.00190	0.00702	0.04389	0.00494	0.00784
13	0.01639	0.37093	0.17423	0.01557	0.11486	0.01843	0.01371	0.08092	0.01450	0.06491	0.01158	0.01301	0.00920	0.00582	0.00495	0.00159	0.00688	0.00433	0.04955	0.00860
14	0.00884	0.00718	0.00797	0.00770	0.00973	0.00677	0.00588	0.01294	0.11089	0.02022	0.26052	0.05058	0.41176	0.01371	0.00715	0.00206	0.00338	0.04071	0.00607	0.00597
15	0.00740	0.00555	0.00688	0.00794	0.00872	0.00502	0.00542	0.00859	0.01228	0.01586	0.04085	0.59929	0.21749	0.01825	0.00767	0.00238	0.00344	0.01627	0.00568	0.00502
16	0.01419	0.06911	0.31131	0.08857	0.19424	0.03818	0.01777	0.03642	0.13230	0.02018	0.01327	0.01517	0.01011	0.00618	0.00585	0.00189	0.00772	0.00514	0.00340	0.00900
17	0.02218	0.01467	0.11212	0.01204	0.01685	0.05664	0.01085	0.04752	0.12285	0.43313	0.02107	0.01943	0.01414	0.00734	0.00596	0.00187	0.00591	0.00587	0.05996	0.00961
18	0.00802	0.00580	0.00717	0.00785	0.00891	0.00522	0.00550	0.00948	0.01317	0.03420	0.13216	0.47610	0.22990	0.01707	0.00754	0.00229	0.00338	0.01513	0.00586	0.00525
19	0.06768	0.09217	0.17911	0.01613	0.02138	0.26528	0.10827	0.09311	0.06387	0.02034	0.01159	0.01315	0.00893	0.00615	0.00567	0.00177	0.00888	0.00476	0.00352	0.00822
20	0.01659	0.01376	0.01794	0.01498	0.03350	0.05892	0.14182	0.16762	0.17923	0.08448	0.02227	0.13378	0.04832	0.00944	0.00668	0.00205	0.00647	0.02830	0.00536	0.00847
21	0.01444	0.06217	0.08147	0.01051	0.01619	0.01092	0.00937	0.09410	0.01459	0.04147	0.01152	0.01297	0.00918	0.00508	0.00483	0.00115	0.00533	0.00396	0.00385	0.58689
22	0.01361	0.15751	0.56778	0.01679	0.04192	0.01577	0.04105	0.01955	0.01307	0.04318	0.01107	0.01283	0.00811	0.00575	0.00556	0.00183	0.00849	0.00447	0.00278	0.00888
23	0.02110	0.02553	0.01637	0.01496	0.01785	0.63016	0.01134	0.02280	0.01640	0.03649	0.01125	0.01449	0.00968	0.01030	0.07278	0.00238	0.02768	0.02806	0.00337	0.00699
24	0.02067	0.01125	0.01358	0.01095	0.01475	0.01113	0.00881	0.21538	0.05532	0.32840	0.13629	0.05731	0.05249	0.02618	0.00698	0.00201	0.00510	0.00761	0.00674	0.00905
25	0.01564	0.01453	0.04063	0.02358	0.26398	0.01381	0.17622	0.11016	0.05780	0.04580	0.01456	0.03951	0.01201	0.00653	0.00627	0.00183	0.00721	0.02980	0.00401	0.11611
26	0.01491	0.01430	0.02442	0.08609	0.70003	0.01448	0.01867	0.01858	0.01383	0.01971	0.01147	0.01523	0.00959	0.00550	0.00606	0.00183	0.00733	0.00545	0.00301	0.00950
27	0.00753	0.00559	0.00703	0.00798	0.00878	0.00509	0.00549	0.00888	0.01272	0.01669	0.10979	0.56371	0.18280	0.01778	0.00764	0.00235	0.00340	0.01588	0.00579	0.00509
28	0.08122	0.11287	0.15740	0.01517	0.06020	0.20543	0.01327	0.12861	0.05200	0.09911	0.01278	0.01357	0.00954	0.00638	0.00548	0.00175	0.00787	0.00463	0.00409	0.00864
29	0.01342	0.12670	0.60512	0.01668	0.02497	0.01536	0.05012	0.01963	0.01309	0.04450	0.01119	0.01296	0.00809	0.00578	0.00565	0.00186	0.00865	0.00454	0.00279	0.00891
30	0.02681	0.01028	0.01395	0.01074	0.01539	0.00887	0.00886	0.02915	0.01741	0.72730	0.02537	0.02206	0.03861	0.00783	0.00619	0.00190	0.00514	0.00637	0.00752	0.01025

[dist]
# distance from previous block
# <min> <max>
0	1

[block]
# block no. 1 follows, 37 sequences, length 33
# corresponding to MSA columns:
# 71-103
name=unknown_B
#
# <colnr> <probs for GDERKNQSTAVLIFYWHMCP>
#	G	D	E	R	K	N	Q	S	T	A	V	L	I	F	Y	W	H	M	C	P
0	0.01487	0.01451	0.02355	0.15224	0.60867	0.04204	0.01825	0.01850	0.01380	0.01913	0.01134	0.01518	0.00939	0.00559	0.00605	0.00184	0.00755	0.00540	0.00299	0.00914
1	0.04109	0.15999	0.26426	0.01314	0.01912	0.01508	0.01384	0.09835	0.08134	0.16454	0.01772	0.01762	0.05380	0.00701	0.00563	0.00182	0.00673	0.00540	0.00450	0.00901
2	0.04713	0.02237	0.01695	0.01511	0.04506	0.43453	0.01135	0.14850	0.01906	0.16261	0.01328	0.01370	0.00977	0.00669	0.00572	0.00170	0.00883	0.00469	0.00455	0.00841
3	0.02260	0.01227	0.01474	0.01160	0.01584	0.01229	0.00947	0.26859	0.05751	0.35967	0.12779	0.02251	0.02002	0.00827	0.00631	0.00189	0.00537	0.00670	0.00688	0.00969
4	0.82811	0.01184	0.00900	0.00805	0.01184	0.01373	0.00663	0.01799	0.01042	0.02746	0.00852	0.00994	0.00663	0.00568	0.00379	0.00189	0.00474	0.00331	0.00379	0.00663
5	0.02019	0.06291	0.02037	0.02214	0.24021	0.49635	0.01388	0.02241	0.01606	0.01648	0.01004	0.01223	0.00843	0.00599	0.00560	0.00164	0.00967	0.00437	0.00309	0.00793
6	0.01378	0.21177	0.54445	0.01570	0.02355	0.05412	0.01918	0.01939	0.01303	0.01798	0.01032	0.01209	0.00778	0.00570	0.00535	0.00177	0.00855	0.00420	0.00262	0.00866
7	0.01044	0.00771	0.01029	0.01140	0.01303	0.00793	0.00985	0.01483	0.09226	0.01911	0.03160	0.06404	0.03344	0.01598	0.00821	0.00274	0.00555	0.62981	0.00570	0.00608
8	0.00745	0.00561	0.00690	0.00784	0.00872	0.00506	0.00540	0.00873	0.01259	0.01628	0.07334	0.54827	0.23590	0.01786	0.00763	0.00234	0.00340	0.01588	0.00573	0.00506
9	0.01453	0.01408	0.02215	0.03268	0.61373	0.05080	0.01672	0.01773	0.01382	0.01917	0.01431	0.11494	0.01363	0.00729	0.00626	0.00189	0.00698	0.00694	0.00338	0.00895
10	0.01001	0.00744	0.01021	0.03393	0.03980	0.00752	0.00924	0.01306	0.03893	0.01831	0.08820	0.05850	0.05581	0.09866	0.01054	0.00297	0.00547	0.48028	0.00536	0.00575
11	0.00976	0.00693	0.00952	0.01078	0.01203	0.00693	0.00920	0.01227	0.01353	0.01762	0.03099	0.06591	0.03382	0.10011	0.01091	0.00316	0.00567	0.63002	0.00543	0.00543
12	0.01440	0.01637	0.03534	0.02536	0.03128	0.01563	0.69262	0.01939	0.01422	0.01939	0.01219	0.01637	0.00923	0.00541	0.00780	0.00209	0.04450	0.00714	0.00308	0.00819
13	0.01138	0.01050	0.01030	0.00982	0.01071	0.12696	0.00700	0.01240	0.01088	0.01358	0.01879	0.05134	0.05874	0.34304	0.19798	0.00553	0.08472	0.00768	0.00359	0.00508
14	0.00852	0.00615	0.00806	0.00780	0.00911	0.00568	0.00576	0.01120	0.01667	0.02350	0.66051	0.13165	0.05574	0.01329	0.00729	0.00199	0.00297	0.01181	0.00661	0.00568
15	0.00890	0.00593	0.00668	0.00668	0.00668	0.00593	0.00371	0.00890	0.00890	0.01187	0.01929	0.04006	0.02225	0.78487	0.03116	0.00593	0.00593	0.00890	0.00371	0.00371
16	0.01269	0.01088	0.01269	0.00907	0.01451	0.00816	0.00725	0.01541	0.01269	0.01995	0.01088	0.01269	0.00907	0.00453	0.00453	0.00091	0.00453	0.00363	0.00363	0.82229
17	0.00820	0.00659	0.00743	0.00781	0.00945	0.00610	0.00582	0.01103	0.07099	0.01742	0.07045	0.25242	0.41275	0.01595	0.00742	0.00224	0.00357	0.07307	0.00576	0.00553
18	0.00904	0.00637	0.00825	0.00778	0.00933	0.00585	0.00589	0.01184	0.01708	0.04012	0.67504	0.04641	0.09210	0.01266	0.00723	0.00195	0.00302	0.02754	0.00668	0.00584
19	0.00985	0.00726	0.00956	0.01009	0.01169	0.00725	0.00840	0.01383	0.07345	0.02091	0.26574	0.05745	0.05616	0.01474	0.00784	0.00245	0.00462	0.40666	0.00605	0.00600
20	0.01402	0.01833	0.13888	0.02373	0.03010	0.01504	0.57828	0.01978	0.03727	0.01973	0.01318	0.01776	0.01014	0.00571	0.00702	0.00207	0.00982	0.02761	0.00320	0.00834
21	0.00755	0.00603	0.00676	0.00696	0.00856	0.00524	0.00508	0.00925	0.01412	0.01785	0.18356	0.20642	0.46967	0.01571	0.00735	0.00213	0.00315	0.01350	0.00588	0.00524
22	0.01391	0.02027	0.21383	0.02373	0.03063	0.01517	0.55052	0.01955	0.01407	0.01955	0.01204	0.01562	0.00891	0.00532	0.00687	0.00203	0.01000	0.00655	0.00297	0.00845
23	0.00959	0.00710	0.00935	0.01044	0.01195	0.00703	0.00883	0.01281	0.04941	0.01822	0.03603	0.12336	0.12779	0.01649	0.00813	0.00266	0.00510	0.52432	0.00568	0.00572
24	0.01529	0.43072	0.25828	0.01446	0.02094	0.03725	0.09163	0.01922	0.01304	0.03394	0.01010	0.01181	0.00815	0.00549	0.00497	0.00161	0.00782	0.00418	0.00279	0.00832
25	0.00914	0.00685	0.00855	0.00802	0.00967	0.00655	0.00604	0.01318	0.07880	0.02415	0.64002	0.04457	0.09645	0.01234	0.00714	0.00195	0.00307	0.01083	0.00663	0.00607
26	0.00734	0.00610	0.00642	0.00655	0.00839	0.00518	0.00483	0.00891	0.01389	0.01689	0.09733	0.14069	0.62494	0.01575	0.00730	0.00211	0.00314	0.01333	0.00574	0.00518
27	0.01542	0.01456	0.02415	0.05905	0.61336	0.01482	0.04810	0.05612	0.05550	0.02111	0.01245	0.01566	0.01017	0.00572	0.00612	0.00185	0.00727	0.00562	0.00336	0.00957
28	0.07791	0.09842	0.12320	0.12793	0.16647	0.16701	0.01469	0.03743	0.03188	0.04219	0.02969	0.01431	0.01000	0.00628	0.00595	0.00181	0.02858	0.00483	0.00335	0.00809
29	0.00955	0.00760	0.01081	0.01036	0.01109	0.00922	0.00796	0.01123	0.00961	0.01391	0.01547	0.02490	0.01523	0.16178	0.51659	0.00800	0.14131	0.00674	0.00325	0.00538
30	0.82811	0.01184	0.00900	0.00805	0.01184	0.01373	0.00663	0.01799	0.01042	0.02746	0.00852	0.00994	0.00663	0.00568	0.00379	0.00189	0.00474	0.00331	0.00379	0.00663
31	0.00889	0.00598	0.00689	0.00689	0.00696	0.00605	0.00397	0.00904	0.00896	0.01203	0.01909	0.03899	0.02179	0.73551	0.07989	0.00620	0.00663	0.00875	0.00368	0.00383
32	0.01810	0.01228	0.01419	0.01080	0.01569	0.01136	0.00874	0.17977	0.08725	0.17014	0.01728	0.01714	0.03373	0.00647	0.00546	0.00146	0.00515	0.00515	0.00529	0.37456

[dist]
# distance from previous block
# <min> <max>
4	18

[block]
# block no. 2 follows, 37 sequences, length 39
# corresponding to MSA columns:
# 123-149,151-162
name=unknown_C
#
# <colnr> <probs for GDERKNQSTAVLIFYWHMCP>
#	G	D	E	R	K	N	Q	S	T	A	V	L	I	F	Y	W	H	M	C	P
0	0.00970	0.00750	0.00855	0.00841	0.01045	0.00713	0.00634	0.02484	0.11265	0.03825	0.10819	0.21111	0.31625	0.01434	0.00714	0.00214	0.00376	0.05603	0.00582	0.04142
1	0.00823	0.00620	0.00760	0.00733	0.00890	0.00558	0.00547	0.01067	0.01618	0.02200	0.52912	0.08110	0.24198	0.01361	0.00725	0.00199	0.00297	0.01184	0.00641	0.00558
2	0.01375	0.01484	0.03045	0.05448	0.14106	0.01435	0.49956	0.01814	0.01389	0.01900	0.01410	0.08885	0.01224	0.00673	0.00741	0.00208	0.02989	0.00780	0.00331	0.00807
3	0.00889	0.00599	0.00698	0.00698	0.00708	0.00610	0.00408	0.00909	0.00899	0.01209	0.01901	0.03854	0.02159	0.71464	0.10049	0.00631	0.00693	0.00868	0.00367	0.00388
4	0.04176	0.01456	0.12225	0.01228	0.01682	0.01225	0.01106	0.14489	0.15523	0.26072	0.03400	0.11130	0.01751	0.00886	0.00627	0.00200	0.00571	0.00732	0.00599	0.00923
5	0.01436	0.01710	0.06382	0.02548	0.03178	0.01543	0.69734	0.01960	0.01439	0.01960	0.01233	0.01637	0.00923	0.00519	0.00717	0.00206	0.01027	0.00712	0.00308	0.00829
6	0.00863	0.00594	0.00761	0.00860	0.00955	0.00555	0.00629	0.01017	0.01261	0.03647	0.03623	0.47374	0.13618	0.03754	0.00827	0.00252	0.00395	0.14400	0.04087	0.00527
7	0.00761	0.00605	0.00683	0.00698	0.00859	0.00528	0.00510	0.00939	0.01434	0.01826	0.21789	0.18747	0.45364	0.01547	0.00734	0.00211	0.00313	0.01330	0.00593	0.00528
8	0.01120	0.01031	0.01711	0.67620	0.03809	0.01264	0.01562	0.01514	0.01287	0.01674	0.10116	0.01994	0.01427	0.00691	0.00626	0.00203	0.00751	0.00613	0.00322	0.00667
9	0.01881	0.03983	0.21405	0.01550	0.04616	0.12913	0.03432	0.12532	0.14714	0.14469	0.01599	0.01610	0.01148	0.00681	0.00595	0.00187	0.00753	0.00536	0.00470	0.00926
10	0.00811	0.00580	0.00750	0.00845	0.00906	0.00558	0.00592	0.00937	0.01180	0.01565	0.05875	0.45283	0.08059	0.14961	0.05044	0.00344	0.00483	0.10209	0.00526	0.00491
11	0.01228	0.03166	0.75316	0.01745	0.02649	0.01422	0.02262	0.01939	0.01292	0.01939	0.01099	0.01292	0.00775	0.00582	0.00582	0.00194	0.00905	0.00452	0.00258	0.00905
12	0.01319	0.01258	0.01915	0.51261	0.18121	0.04645	0.01635	0.03485	0.05048	0.01779	0.02970	0.01687	0.01027	0.00629	0.00611	0.00197	0.00777	0.00559	0.00316	0.00761
13	0.01401	0.19316	0.47629	0.01520	0.02242	0.05428	0.01798	0.01986	0.04477	0.03223	0.01228	0.01549	0.00975	0.00640	0.00555	0.00183	0.00818	0.03871	0.00303	0.00858
14	0.01655	0.69942	0.07031	0.01119	0.01650	0.07023	0.01122	0.01877	0.01277	0.01471	0.00870	0.01007	0.00785	0.00534	0.00413	0.00136	0.00697	0.00338	0.00265	0.00787
15	0.03563	0.10817	0.01900	0.01423	0.06320	0.05689	0.11305	0.01925	0.04706	0.11887	0.07329	0.04729	0.01640	0.00725	0.00581	0.00166	0.00618	0.04020	0.00444	0.20213
16	0.01221	0.06792	0.62415	0.01605	0.02400	0.01396	0.02003	0.01893	0.03532	0.01956	0.06033	0.03554	0.01227	0.00666	0.00588	0.00192	0.00824	0.00531	0.00305	0.00868
17	0.00781	0.00618	0.00702	0.00690	0.00864	0.00540	0.00514	0.00985	0.01516	0.01963	0.32739	0.08994	0.44018	0.01452	0.00726	0.00203	0.00304	0.01242	0.00610	0.00540
18	0.06095	0.01044	0.01376	0.01068	0.01520	0.00931	0.00879	0.04804	0.01752	0.65904	0.06320	0.02157	0.01702	0.00776	0.00611	0.00189	0.00510	0.00629	0.00732	0.01000
19	0.01249	0.10858	0.06828	0.41423	0.07098	0.01471	0.10651	0.01631	0.01256	0.01644	0.01253	0.07484	0.01084	0.00698	0.00648	0.00199	0.02871	0.00628	0.00299	0.00727
20	0.00745	0.00536	0.00707	0.00844	0.00886	0.00498	0.00565	0.00853	0.01180	0.01566	0.03474	0.75530	0.06542	0.01905	0.00779	0.00247	0.00354	0.01724	0.00568	0.00498
21	0.01343	0.01359	0.01857	0.21379	0.02307	0.05762	0.01425	0.01550	0.01056	0.01498	0.00886	0.01403	0.00806	0.00927	0.01564	0.00245	0.53157	0.00530	0.00272	0.00675
22	0.22587	0.01651	0.08441	0.01213	0.01677	0.07571	0.01065	0.25440	0.05480	0.13937	0.01450	0.01467	0.01033	0.00677	0.00539	0.00185	0.00633	0.00491	0.03580	0.00884
23	0.01338	0.01454	0.03030	0.04216	0.08440	0.01376	0.54010	0.01783	0.01419	0.01925	0.04069	0.08813	0.03642	0.00705	0.00716	0.00208	0.00894	0.00827	0.00352	0.00785
24	0.00782	0.00617	0.00704	0.00693	0.00865	0.00540	0.00516	0.00987	0.01517	0.01968	0.33234	0.09389	0.43108	0.01452	0.00726	0.00203	0.00304	0.01243	0.00610	0.00540
25	0.01247	0.01180	0.02000	0.58528	0.21996	0.01384	0.01745	0.01643	0.01267	0.01674	0.01104	0.01602	0.00855	0.00595	0.00610	0.00198	0.00794	0.00544	0.00280	0.00753
26	0.02375	0.01390	0.01795	0.01370	0.01856	0.01405	0.07811	0.31118	0.06720	0.34696	0.01925	0.01806	0.01290	0.00730	0.00625	0.00190	0.00629	0.00604	0.00648	0.01016
27	0.01081	0.00968	0.01207	0.01118	0.01219	0.04353	0.00875	0.01321	0.04773	0.01503	0.02036	0.02656	0.10753	0.10387	0.31107	0.00568	0.22406	0.00718	0.00361	0.00588
28	0.00872	0.00625	0.00851	0.00860	0.00924	0.00685	0.00608	0.01004	0.00961	0.01344	0.01855	0.07777	0.01944	0.31478	0.44592	0.00794	0.01175	0.00810	0.00359	0.00479
29	0.00760	0.00547	0.00725	0.00861	0.00910	0.00511	0.00591	0.00880	0.01195	0.01583	0.03466	0.71007	0.06530	0.01890	0.00783	0.00249	0.00367	0.06076	0.00568	0.00502
30	0.01269	0.01088	0.01269	0.00907	0.01451	0.00816	0.00725	0.01541	0.01269	0.01995	0.01088	0.01269	0.00907	0.00453	0.00453	0.00091	0.00453	0.00363	0.00363	0.82229
31	0.01453	0.03316	0.01383	0.00974	0.01502	0.00980	0.00788	0.07664	0.03895	0.05908	0.01230	0.01355	0.00979	0.00507	0.00479	0.00109	0.00482	0.00402	0.00410	0.66184
32	0.00881	0.00640	0.00786	0.00768	0.00938	0.00577	0.00590	0.01121	0.01582	0.04096	0.42438	0.07158	0.26798	0.01391	0.00733	0.00207	0.00330	0.07769	0.00630	0.00568
33	0.01946	0.01637	0.03509	0.01259	0.01652	0.16299	0.01013	0.19049	0.15868	0.13186	0.01823	0.07352	0.01446	0.00796	0.00595	0.00180	0.00651	0.00628	0.03605	0.07507
34	0.01243	0.00939	0.00997	0.00893	0.01150	0.03524	0.00695	0.15249	0.01766	0.06334	0.16759	0.08997	0.34380	0.01287	0.00697	0.00202	0.00429	0.03195	0.00597	0.00667
35	0.11200	0.01996	0.01645	0.01375	0.01757	0.28027	0.01090	0.27732	0.04210	0.04495	0.01210	0.01310	0.00925	0.00690	0.00646	0.00177	0.05673	0.00467	0.00451	0.04925
36	0.04470	0.01615	0.01590	0.01313	0.01730	0.08836	0.01049	0.32238	0.29055	0.05459	0.01798	0.01737	0.01325	0.00744	0.00596	0.00186	0.00624	0.00576	0.00574	0.04484
37	0.06206	0.13620	0.12159	0.01303	0.01795	0.01732	0.01198	0.25177	0.23390	0.02704	0.01646	0.03693	0.01274	0.00733	0.00569	0.00186	0.00627	0.00566	0.00498	0.00925
38	0.05319	0.01545	0.03415	0.01210	0.01587	0.18770	0.03142	0.04214	0.09966	0.16511	0.13489	0.02254	0.01987	0.00792	0.00599	0.00176	0.00639	0.03105	0.00521	0.10760

[dist]
# distance from previous block
# <min> <max>
2	11

# created by:
# /home/cegg/simao/soft/augustus-3.2.1/scripts/msa2prfl.pl ./align_prep/EOG090W0MIL.fa
