[name]
unknown

[dist]
# distance from previous block
# <min> <max>
0	3

[block]
# block no. 0 follows, 33 sequences, length 27
# corresponding to MSA columns:
# 5-31
name=unknown_A
#
# <colnr> <probs for GDERKNQSTAVLIFYWHMCP>
#	G	D	E	R	K	N	Q	S	T	A	V	L	I	F	Y	W	H	M	C	P
0	0.01061	0.00758	0.01061	0.01212	0.01364	0.00758	0.01061	0.01364	0.01515	0.01970	0.03486	0.07426	0.03789	0.01819	0.00909	0.00303	0.00606	0.68326	0.00606	0.00606
1	0.01499	0.25099	0.49781	0.01648	0.02473	0.04991	0.01998	0.02075	0.01395	0.01907	0.01096	0.01283	0.00838	0.00609	0.00564	0.00187	0.00903	0.00444	0.00282	0.00926
2	0.05648	0.01452	0.01733	0.01397	0.01845	0.04301	0.06883	0.18089	0.19155	0.21911	0.02400	0.05050	0.05346	0.00885	0.00672	0.00211	0.00638	0.00738	0.00648	0.00997
3	0.00802	0.00573	0.00764	0.00917	0.00955	0.00535	0.00611	0.00917	0.01260	0.01681	0.03628	0.76434	0.04354	0.02062	0.00840	0.00267	0.00382	0.01872	0.00611	0.00535
4	0.00940	0.00705	0.01058	0.01058	0.01176	0.00823	0.00823	0.01176	0.01058	0.01528	0.01763	0.02586	0.01646	0.04937	0.74255	0.01058	0.01763	0.00705	0.00353	0.00588
5	0.01442	0.01456	0.01830	0.01601	0.01635	0.07548	0.01302	0.01583	0.01086	0.01570	0.01104	0.04677	0.01131	0.05603	0.05874	0.00338	0.58567	0.00645	0.00315	0.00691
6	0.01684	0.01744	0.03604	0.02664	0.05834	0.01656	0.60011	0.06870	0.01673	0.05388	0.01401	0.01777	0.01037	0.00584	0.00759	0.00219	0.01047	0.00752	0.00376	0.00920
7	0.01637	0.01414	0.01489	0.01340	0.01712	0.01637	0.01042	0.03498	0.71568	0.02754	0.02679	0.02456	0.02010	0.00893	0.00670	0.00223	0.00521	0.00744	0.00670	0.01042
8	0.02390	0.02992	0.01834	0.01666	0.02008	0.68092	0.01253	0.02702	0.07752	0.01708	0.01158	0.01294	0.00946	0.00697	0.00600	0.00174	0.01131	0.00451	0.00367	0.00787
9	0.06894	0.01621	0.05450	0.10949	0.29389	0.04770	0.11700	0.05994	0.01568	0.06042	0.01581	0.01874	0.04844	0.00702	0.00718	0.00208	0.03758	0.00635	0.00387	0.00918
10	0.00872	0.00643	0.00825	0.00937	0.01016	0.00619	0.00650	0.01120	0.05734	0.01835	0.08993	0.61368	0.06805	0.01911	0.00825	0.00260	0.00391	0.03995	0.00623	0.00576
11	0.00933	0.00674	0.00797	0.00788	0.00969	0.00594	0.00583	0.01147	0.01608	0.05224	0.29611	0.17237	0.34279	0.01580	0.00783	0.00223	0.00343	0.01366	0.00661	0.00601
12	0.01468	0.01554	0.03106	0.02699	0.16173	0.01523	0.42980	0.01910	0.01476	0.02034	0.01594	0.09024	0.01438	0.00800	0.00860	0.00229	0.06092	0.03811	0.00367	0.00860
13	0.01382	0.08047	0.59124	0.01952	0.02855	0.01619	0.11831	0.02081	0.01409	0.02053	0.01185	0.01422	0.00858	0.00612	0.00633	0.00206	0.00974	0.00518	0.00286	0.00953
14	0.01361	0.01163	0.01230	0.01132	0.01445	0.01281	0.00872	0.02665	0.48296	0.02473	0.07404	0.05736	0.19907	0.01145	0.00708	0.00223	0.00459	0.00962	0.00656	0.00883
15	0.01555	0.02036	0.16149	0.02417	0.03087	0.01668	0.47622	0.05192	0.06483	0.02220	0.01393	0.01733	0.01040	0.00624	0.00788	0.00221	0.03788	0.00707	0.00359	0.00918
16	0.01562	0.06933	0.10965	0.05416	0.02701	0.05007	0.29711	0.03971	0.01410	0.01934	0.01136	0.01553	0.00922	0.00755	0.01124	0.00231	0.22883	0.00627	0.00318	0.00840
17	0.01471	0.04369	0.01201	0.01069	0.03703	0.01052	0.00788	0.17381	0.01770	0.04829	0.02630	0.22703	0.06594	0.01170	0.00642	0.00202	0.00468	0.00991	0.26221	0.00747
18	0.00957	0.00638	0.00718	0.00718	0.00718	0.00638	0.00399	0.00957	0.00957	0.01276	0.02074	0.04308	0.02393	0.76864	0.03351	0.00638	0.00638	0.00957	0.00399	0.00399
19	0.01644	0.01978	0.14280	0.02169	0.05104	0.03853	0.29544	0.12614	0.03382	0.02332	0.01529	0.01826	0.04086	0.00751	0.00923	0.00223	0.11790	0.00681	0.00388	0.00904
20	0.01561	0.01538	0.04125	0.19619	0.22271	0.01546	0.23611	0.05662	0.04245	0.03977	0.04304	0.01881	0.01256	0.00653	0.00699	0.00212	0.00874	0.00678	0.00379	0.00909
21	0.00802	0.00573	0.00764	0.00917	0.00955	0.00535	0.00611	0.00917	0.01260	0.01681	0.03628	0.76434	0.04354	0.02062	0.00840	0.00267	0.00382	0.01872	0.00611	0.00535
22	0.04143	0.09006	0.41098	0.01646	0.02376	0.11322	0.01839	0.11271	0.01704	0.04725	0.04035	0.01519	0.01110	0.00684	0.00609	0.00196	0.00892	0.00511	0.00377	0.00937
23	0.04895	0.01614	0.02363	0.24761	0.25070	0.09745	0.10934	0.03850	0.01495	0.01996	0.01255	0.03728	0.01040	0.00685	0.00719	0.00209	0.03825	0.00620	0.00337	0.00858
24	0.01493	0.09935	0.01732	0.01633	0.14164	0.07000	0.01086	0.04685	0.07402	0.04227	0.10563	0.12202	0.04652	0.01144	0.03499	0.00229	0.03256	0.00827	0.03949	0.06322
25	0.13908	0.01381	0.01540	0.05484	0.05778	0.03521	0.01046	0.16222	0.08610	0.09980	0.05319	0.01823	0.01430	0.00731	0.00614	0.00183	0.02005	0.00566	0.03570	0.16290
26	0.24630	0.10607	0.03705	0.01182	0.04465	0.01440	0.00953	0.08409	0.05799	0.07842	0.08213	0.01820	0.01548	0.02544	0.00604	0.00189	0.00563	0.00538	0.00482	0.14467

[dist]
# distance from previous block
# <min> <max>
0	5

[block]
# block no. 1 follows, 33 sequences, length 16
# corresponding to MSA columns:
# 37-52
name=unknown_B
#
# <colnr> <probs for GDERKNQSTAVLIFYWHMCP>
#	G	D	E	R	K	N	Q	S	T	A	V	L	I	F	Y	W	H	M	C	P
0	0.04130	0.14330	0.17350	0.03091	0.04987	0.01372	0.08565	0.01817	0.01460	0.08246	0.06147	0.08049	0.12104	0.01019	0.02332	0.00221	0.00711	0.00791	0.00442	0.02836
1	0.01984	0.10168	0.24486	0.01527	0.04602	0.03941	0.03010	0.06579	0.01690	0.24933	0.03881	0.01988	0.04777	0.00756	0.00629	0.00195	0.00738	0.00604	0.00510	0.03002
2	0.00881	0.00801	0.04511	0.00821	0.01029	0.00636	0.00656	0.01129	0.01609	0.02136	0.34183	0.11087	0.31932	0.04589	0.00880	0.00236	0.00373	0.01279	0.00634	0.00597
3	0.01308	0.03112	0.64421	0.01956	0.07220	0.01470	0.02293	0.02009	0.01389	0.02064	0.01336	0.06039	0.01065	0.00712	0.00640	0.00211	0.00924	0.00578	0.00302	0.00950
4	0.04871	0.01927	0.01807	0.09038	0.05488	0.27655	0.04700	0.04665	0.07577	0.12057	0.06001	0.01961	0.03303	0.00872	0.02117	0.00215	0.03819	0.00613	0.00471	0.00844
5	0.04359	0.21590	0.29871	0.01514	0.02195	0.06964	0.03410	0.02369	0.06527	0.13147	0.01427	0.01500	0.01047	0.00660	0.00577	0.00189	0.00811	0.00497	0.00401	0.00943
6	0.00778	0.00667	0.00667	0.00667	0.00889	0.00556	0.00500	0.00945	0.01501	0.01778	0.06669	0.06336	0.72490	0.01667	0.00778	0.00222	0.00333	0.01389	0.00611	0.00556
7	0.01495	0.01998	0.15675	0.02613	0.06806	0.01594	0.51937	0.02066	0.01521	0.02100	0.01401	0.01964	0.01102	0.00627	0.00751	0.00222	0.01046	0.03849	0.00336	0.00897
8	0.01843	0.04348	0.15411	0.01452	0.01957	0.05019	0.03548	0.15021	0.16669	0.12407	0.04060	0.08402	0.01838	0.00934	0.00678	0.00215	0.00695	0.03982	0.00566	0.00954
9	0.01586	0.01556	0.02478	0.19594	0.54207	0.05182	0.01941	0.01976	0.01477	0.02021	0.01212	0.01635	0.00997	0.00607	0.00650	0.00199	0.00823	0.00578	0.00319	0.00960
10	0.00781	0.00657	0.00677	0.00693	0.00896	0.00554	0.00512	0.00942	0.01476	0.01768	0.06354	0.13602	0.65427	0.01708	0.00785	0.00227	0.00338	0.01439	0.00611	0.00554
11	0.02046	0.12516	0.05567	0.01502	0.01955	0.20655	0.05278	0.14200	0.16404	0.06909	0.01626	0.01769	0.01271	0.04542	0.00752	0.00212	0.00820	0.00575	0.00485	0.00916
12	0.01660	0.01557	0.06287	0.01619	0.03668	0.04322	0.12064	0.07949	0.31834	0.06729	0.02324	0.13081	0.01963	0.00968	0.00704	0.00223	0.00672	0.00867	0.00570	0.00938
13	0.01115	0.00730	0.00842	0.00780	0.01022	0.00630	0.00597	0.01333	0.01653	0.11673	0.24319	0.05390	0.44562	0.01463	0.00762	0.00216	0.00358	0.01236	0.00670	0.00650
14	0.02140	0.07203	0.01943	0.01674	0.04483	0.48784	0.03511	0.02636	0.14271	0.01855	0.01559	0.01653	0.04003	0.00743	0.00612	0.00182	0.00986	0.00534	0.00405	0.00824
15	0.02322	0.01577	0.01949	0.09894	0.10414	0.01693	0.01340	0.39182	0.04854	0.17435	0.01738	0.01768	0.01217	0.00761	0.00659	0.00202	0.00708	0.00610	0.00611	0.01065

[dist]
# distance from previous block
# <min> <max>
0	9

[block]
# block no. 2 follows, 33 sequences, length 15
# corresponding to MSA columns:
# 62-76
name=unknown_C
#
# <colnr> <probs for GDERKNQSTAVLIFYWHMCP>
#	G	D	E	R	K	N	Q	S	T	A	V	L	I	F	Y	W	H	M	C	P
0	0.02459	0.03138	0.01866	0.01696	0.02035	0.74221	0.01272	0.02629	0.01866	0.01611	0.01018	0.01187	0.00848	0.00678	0.00594	0.00170	0.01187	0.00424	0.00339	0.00763
1	0.01227	0.00614	0.00614	0.00614	0.00767	0.00614	0.00460	0.01534	0.01381	0.02454	0.02148	0.02454	0.01687	0.00767	0.00460	0.00153	0.00307	0.00614	0.80518	0.00614
2	0.01426	0.21136	0.56647	0.01696	0.02571	0.01787	0.02119	0.02058	0.01377	0.01956	0.01118	0.01310	0.00837	0.00611	0.00577	0.00192	0.00908	0.00454	0.00279	0.00942
3	0.01389	0.01319	0.02238	0.48367	0.30309	0.01501	0.01901	0.01810	0.01385	0.01859	0.01196	0.01708	0.00940	0.00631	0.00656	0.00210	0.00842	0.00586	0.00305	0.00849
4	0.00844	0.00603	0.00812	0.00964	0.01021	0.00571	0.00683	0.00989	0.01301	0.01727	0.03605	0.65331	0.04263	0.02023	0.00851	0.00273	0.00418	0.12563	0.00610	0.00546
5	0.01713	0.69307	0.10988	0.01207	0.01815	0.02489	0.01267	0.01984	0.01343	0.01607	0.00944	0.01092	0.00844	0.00570	0.00444	0.00148	0.00733	0.00366	0.00281	0.00859
6	0.01136	0.00890	0.01090	0.00994	0.01230	0.00874	0.02943	0.08823	0.07575	0.02457	0.30412	0.11040	0.21620	0.01393	0.00768	0.00222	0.00426	0.04759	0.00656	0.00693
7	0.00855	0.00599	0.00809	0.00933	0.00981	0.00580	0.00643	0.00965	0.01221	0.01636	0.03249	0.58218	0.03818	0.06398	0.07324	0.04469	0.00537	0.05681	0.00561	0.00523
8	0.01145	0.00810	0.00883	0.00857	0.01034	0.04539	0.00631	0.01393	0.01572	0.05019	0.26943	0.19976	0.07642	0.01290	0.00689	0.00201	0.00392	0.01118	0.19145	0.04720
9	0.01065	0.00810	0.01079	0.03061	0.01204	0.00918	0.00787	0.04392	0.01178	0.01629	0.02091	0.13191	0.02236	0.25699	0.25861	0.00640	0.08507	0.04664	0.00422	0.00566
10	0.01588	0.01522	0.02597	0.11712	0.65411	0.01553	0.02000	0.01984	0.01479	0.02100	0.01231	0.01643	0.01025	0.00594	0.00652	0.00198	0.00792	0.00586	0.00322	0.01009
11	0.19770	0.04581	0.20310	0.01170	0.01622	0.01202	0.01170	0.01779	0.06619	0.02404	0.19788	0.10361	0.04717	0.01005	0.00636	0.00212	0.00572	0.00822	0.00496	0.00765
12	0.01423	0.01204	0.01396	0.01002	0.01584	0.00936	0.00804	0.05137	0.01452	0.02246	0.01191	0.01376	0.00982	0.00503	0.00496	0.00103	0.00500	0.00400	0.00404	0.76860
13	0.01171	0.00746	0.00897	0.00847	0.01081	0.00643	0.00634	0.01368	0.01547	0.12574	0.15088	0.22125	0.30576	0.01509	0.00757	0.00220	0.00386	0.01302	0.00645	0.05886
14	0.09875	0.07705	0.01796	0.01310	0.01786	0.07009	0.01079	0.27299	0.09238	0.19189	0.01759	0.01720	0.01255	0.00861	0.02517	0.00215	0.00698	0.00566	0.00601	0.03523

[dist]
# distance from previous block
# <min> <max>
0	5

[block]
# block no. 3 follows, 33 sequences, length 50
# corresponding to MSA columns:
# 82-107,127-150
name=unknown_D
#
# <colnr> <probs for GDERKNQSTAVLIFYWHMCP>
#	G	D	E	R	K	N	Q	S	T	A	V	L	I	F	Y	W	H	M	C	P
0	0.01449	0.01537	0.03058	0.28642	0.05501	0.01589	0.40855	0.02020	0.04798	0.01988	0.01336	0.01797	0.01005	0.00609	0.00726	0.00220	0.00991	0.00702	0.00334	0.00843
1	0.01267	0.01185	0.01946	0.70874	0.04366	0.01473	0.01781	0.01790	0.05504	0.01746	0.01260	0.01797	0.00945	0.00672	0.00659	0.00220	0.00856	0.00595	0.00315	0.00750
2	0.01558	0.01656	0.03252	0.02348	0.02974	0.01552	0.52204	0.04010	0.07273	0.02222	0.01424	0.01763	0.01081	0.00579	0.00721	0.00202	0.00956	0.00710	0.00378	0.13137
3	0.02415	0.02449	0.01779	0.01554	0.01939	0.45205	0.01206	0.13881	0.05730	0.11397	0.01530	0.01777	0.01207	0.00785	0.00633	0.00188	0.00964	0.03999	0.00485	0.00875
4	0.02577	0.01374	0.01544	0.01235	0.01689	0.07469	0.00999	0.12684	0.06918	0.45457	0.05477	0.02202	0.01727	0.00827	0.00651	0.00199	0.00611	0.00659	0.04666	0.01036
5	0.01582	0.01516	0.02587	0.12767	0.64401	0.01552	0.01997	0.01979	0.01477	0.02093	0.01230	0.01645	0.01023	0.00595	0.00653	0.00198	0.00794	0.00586	0.00322	0.01005
6	0.01080	0.00785	0.01024	0.01113	0.01260	0.00794	0.00901	0.05401	0.03612	0.01998	0.03377	0.23934	0.06032	0.05303	0.03338	0.00322	0.00583	0.37927	0.00595	0.00620
7	0.01328	0.01256	0.02127	0.59685	0.19470	0.01485	0.01870	0.01756	0.01356	0.01785	0.01185	0.01728	0.00914	0.00643	0.00657	0.00214	0.00857	0.00585	0.00300	0.00800
8	0.00926	0.00665	0.00797	0.00764	0.00936	0.00604	0.00573	0.01201	0.01719	0.02405	0.48226	0.04996	0.22190	0.01361	0.00742	0.00205	0.00316	0.01176	0.09594	0.00604
9	0.01738	0.73620	0.06900	0.01163	0.01747	0.02552	0.01191	0.01977	0.01340	0.01575	0.00928	0.01072	0.00844	0.00566	0.00432	0.00144	0.00717	0.00359	0.00281	0.00851
10	0.01581	0.01805	0.03522	0.02570	0.03155	0.06723	0.59232	0.02070	0.01537	0.02030	0.01382	0.04813	0.01121	0.00656	0.00835	0.00223	0.04760	0.00788	0.00343	0.00856
11	0.00900	0.00598	0.00799	0.00928	0.00988	0.00554	0.00627	0.01021	0.01289	0.04937	0.03581	0.73056	0.04230	0.02006	0.00832	0.00264	0.00390	0.01816	0.00620	0.00561
12	0.01629	0.01564	0.02672	0.04041	0.72757	0.01564	0.02020	0.02020	0.01499	0.02151	0.01238	0.01629	0.01043	0.00587	0.00652	0.00196	0.00782	0.00587	0.00326	0.01043
13	0.00970	0.00749	0.01115	0.01098	0.01209	0.00894	0.00860	0.01200	0.01055	0.01532	0.01710	0.02518	0.01599	0.04712	0.69958	0.01012	0.06168	0.00698	0.00349	0.00596
14	0.01716	0.69796	0.10524	0.01202	0.01807	0.02496	0.01258	0.01983	0.01343	0.01603	0.00942	0.01090	0.00844	0.00570	0.00443	0.00148	0.00731	0.00366	0.00281	0.00858
15	0.01974	0.01868	0.01604	0.05088	0.04120	0.25954	0.01114	0.18559	0.03773	0.06145	0.05278	0.11964	0.05148	0.00981	0.00666	0.00200	0.00779	0.00781	0.03174	0.00830
16	0.01388	0.03774	0.02345	0.39789	0.20298	0.01527	0.09688	0.01841	0.03120	0.01910	0.04736	0.01868	0.01220	0.00681	0.00714	0.00213	0.03088	0.00634	0.00335	0.00829
17	0.01440	0.01440	0.02016	0.01728	0.01728	0.02016	0.01440	0.01584	0.01008	0.01584	0.00864	0.01440	0.00864	0.01152	0.02160	0.00288	0.75659	0.00576	0.00288	0.00720
18	0.00847	0.00633	0.00834	0.00954	0.01013	0.00620	0.00671	0.00981	0.01286	0.01704	0.03741	0.62449	0.09727	0.01972	0.00900	0.00267	0.03821	0.06433	0.00596	0.00550
19	0.01666	0.01689	0.03174	0.02475	0.07824	0.03384	0.46907	0.07462	0.05922	0.04144	0.01518	0.03597	0.01182	0.00665	0.00776	0.00218	0.03051	0.00752	0.02687	0.00908
20	0.02694	0.01271	0.01589	0.01247	0.01739	0.01226	0.01021	0.13280	0.12259	0.52621	0.02458	0.02174	0.01609	0.00823	0.00663	0.00206	0.00579	0.00664	0.00770	0.01109
21	0.02846	0.01293	0.01635	0.01253	0.01767	0.01224	0.01035	0.19309	0.02174	0.56704	0.02354	0.02083	0.01508	0.00809	0.00661	0.00202	0.00599	0.00645	0.00777	0.01120
22	0.00802	0.00573	0.00764	0.00917	0.00955	0.00535	0.00611	0.00917	0.01260	0.01681	0.03628	0.76434	0.04354	0.02062	0.00840	0.00267	0.00382	0.01872	0.00611	0.00535
23	0.01753	0.08056	0.04199	0.15206	0.08416	0.20792	0.09109	0.03824	0.05609	0.03766	0.03198	0.04018	0.03160	0.00774	0.00736	0.00202	0.05347	0.00629	0.00384	0.00823
24	0.01779	0.01341	0.01522	0.01413	0.04571	0.07201	0.02766	0.14071	0.10823	0.12796	0.02777	0.10121	0.08840	0.01178	0.00793	0.00231	0.03802	0.12515	0.00601	0.00858
25	0.01345	0.00834	0.02957	0.01023	0.01172	0.00818	0.00780	0.03054	0.01185	0.11928	0.01863	0.08950	0.01770	0.11599	0.22683	0.22649	0.03591	0.00781	0.00433	0.00583
26	0.01483	0.01516	0.02927	0.26472	0.15279	0.01566	0.33040	0.03779	0.01504	0.02041	0.01291	0.01756	0.00987	0.00605	0.00706	0.00214	0.00949	0.00674	0.02348	0.00862
27	0.01804	0.08966	0.07238	0.01725	0.02124	0.22333	0.12856	0.08784	0.01638	0.01973	0.01484	0.01762	0.05220	0.01053	0.05387	0.00259	0.13618	0.00598	0.00369	0.00811
28	0.01462	0.01555	0.07435	0.26673	0.35508	0.01519	0.07264	0.01966	0.04341	0.02011	0.01338	0.01851	0.01083	0.00655	0.00669	0.00210	0.00837	0.02375	0.00334	0.00913
29	0.01308	0.01149	0.01865	0.27976	0.19310	0.01231	0.05194	0.01711	0.03936	0.04409	0.05861	0.11721	0.08323	0.00975	0.00708	0.00221	0.00698	0.02186	0.00432	0.00789
30	0.01382	0.01126	0.01896	0.03957	0.07970	0.01152	0.15782	0.03366	0.01453	0.08170	0.05860	0.09433	0.05248	0.03596	0.13884	0.00391	0.06156	0.07951	0.00469	0.00757
31	0.01449	0.01551	0.07467	0.37335	0.21713	0.01549	0.12664	0.04720	0.01480	0.02000	0.01231	0.01693	0.00946	0.00627	0.00673	0.00212	0.00890	0.00609	0.00322	0.00869
32	0.01364	0.01321	0.02331	0.47363	0.21253	0.01491	0.09404	0.01798	0.01380	0.01841	0.01223	0.01751	0.00955	0.00758	0.02883	0.00239	0.00906	0.00610	0.00307	0.00822
33	0.01316	0.02193	0.31974	0.06928	0.07238	0.01397	0.21255	0.01868	0.01421	0.02005	0.01649	0.13101	0.01497	0.00850	0.00711	0.00223	0.00895	0.02260	0.00355	0.00863
34	0.01470	0.01350	0.02467	0.25019	0.05164	0.01397	0.26622	0.05928	0.01565	0.05755	0.01921	0.06736	0.05077	0.00851	0.00736	0.00226	0.00858	0.05630	0.00415	0.00812
35	0.01430	0.02961	0.59946	0.01843	0.05528	0.01422	0.02177	0.02102	0.01445	0.07666	0.03856	0.04078	0.01209	0.00711	0.00642	0.00209	0.00890	0.00575	0.00349	0.00961
36	0.01409	0.03981	0.30233	0.03536	0.05795	0.01239	0.08507	0.01888	0.01483	0.09716	0.02567	0.06643	0.13536	0.00971	0.00698	0.00219	0.00758	0.05521	0.00442	0.00855
37	0.02077	0.03490	0.03944	0.12586	0.02243	0.07703	0.04346	0.14730	0.07317	0.22759	0.02127	0.08377	0.03570	0.00888	0.00672	0.00209	0.00709	0.00740	0.00579	0.00935
38	0.01344	0.07434	0.69634	0.01835	0.02786	0.01588	0.02361	0.02079	0.01387	0.02056	0.01167	0.01372	0.00835	0.00622	0.00614	0.00205	0.00958	0.00479	0.00278	0.00966
39	0.01243	0.01170	0.01975	0.75282	0.04534	0.01463	0.01828	0.01682	0.01316	0.01682	0.01170	0.01755	0.00878	0.00658	0.00658	0.00219	0.00878	0.00585	0.00293	0.00731
40	0.01403	0.05894	0.66108	0.01897	0.05086	0.01549	0.02321	0.02118	0.01409	0.04545	0.01223	0.01416	0.00869	0.00629	0.00620	0.00205	0.00943	0.00491	0.00298	0.00976
41	0.01929	0.02032	0.22170	0.01943	0.02618	0.03189	0.25740	0.04057	0.01643	0.23223	0.01728	0.03874	0.01234	0.00702	0.00695	0.00212	0.00881	0.00680	0.00477	0.00973
42	0.00802	0.00573	0.00764	0.00917	0.00955	0.00535	0.00611	0.00917	0.01260	0.01681	0.03628	0.76434	0.04354	0.02062	0.00840	0.00267	0.00382	0.01872	0.00611	0.00535
43	0.00820	0.00586	0.00785	0.00937	0.00984	0.00550	0.00643	0.00948	0.01278	0.01701	0.03618	0.71595	0.04314	0.02045	0.00845	0.00270	0.00398	0.06532	0.00611	0.00540
44	0.02354	0.02162	0.02029	0.01640	0.02105	0.24329	0.06884	0.34112	0.08899	0.06659	0.01541	0.01590	0.01135	0.00747	0.00649	0.00194	0.00872	0.00573	0.00542	0.00983
45	0.01333	0.01289	0.02109	0.49470	0.07099	0.01608	0.05421	0.01743	0.02960	0.01732	0.01149	0.01696	0.00916	0.00767	0.01005	0.00234	0.17808	0.00597	0.00304	0.00760
46	0.01367	0.01307	0.02183	0.49522	0.16241	0.01532	0.05955	0.01888	0.06180	0.01860	0.01281	0.01767	0.00991	0.00680	0.00739	0.00219	0.04536	0.00607	0.00327	0.00817
47	0.00970	0.00634	0.00728	0.00728	0.00728	0.00634	0.00411	0.00950	0.00950	0.01267	0.02009	0.04146	0.02306	0.71634	0.03296	0.06263	0.00634	0.00930	0.00391	0.00391
48	0.08341	0.01571	0.06794	0.01554	0.04226	0.01560	0.07862	0.06775	0.39813	0.11047	0.02183	0.02101	0.01598	0.00794	0.00654	0.00216	0.00633	0.00674	0.00594	0.01009
49	0.01848	0.01317	0.01699	0.06506	0.01951	0.01352	0.03549	0.08127	0.12767	0.17210	0.01706	0.01794	0.01267	0.00758	0.00835	0.00189	0.11602	0.00576	0.00523	0.24423

[dist]
# distance from previous block
# <min> <max>
1	10

[block]
# block no. 4 follows, 33 sequences, length 16
# corresponding to MSA columns:
# 161-176
name=unknown_E
#
# <colnr> <probs for GDERKNQSTAVLIFYWHMCP>
#	G	D	E	R	K	N	Q	S	T	A	V	L	I	F	Y	W	H	M	C	P
0	0.01530	0.06760	0.29590	0.01677	0.02173	0.01646	0.04618	0.01953	0.01331	0.08952	0.04568	0.03404	0.01263	0.00885	0.01160	0.00233	0.26425	0.00604	0.00366	0.00863
1	0.01434	0.01207	0.01310	0.01190	0.01505	0.01351	0.00920	0.02857	0.52118	0.02686	0.19337	0.03202	0.05988	0.01033	0.00700	0.00219	0.00463	0.00877	0.00680	0.00922
2	0.01970	0.22589	0.06501	0.03401	0.01807	0.01699	0.01143	0.13770	0.11088	0.16189	0.03658	0.02049	0.01512	0.00784	0.00591	0.00189	0.00634	0.03209	0.06272	0.00943
3	0.00789	0.00654	0.00690	0.00709	0.00903	0.00556	0.00521	0.00955	0.01484	0.01805	0.09297	0.16073	0.59883	0.01708	0.00787	0.00228	0.00339	0.01448	0.00617	0.00556
4	0.01439	0.11445	0.03210	0.01352	0.01630	0.16052	0.07587	0.01726	0.04252	0.01759	0.02282	0.21834	0.02436	0.07328	0.00931	0.00259	0.00735	0.12594	0.00463	0.00687
5	0.00871	0.00678	0.00805	0.00860	0.01032	0.00612	0.00674	0.01081	0.01510	0.01906	0.12366	0.16114	0.38253	0.01727	0.00821	0.00248	0.00409	0.18839	0.00622	0.00573
6	0.01727	0.71734	0.08688	0.01183	0.01776	0.02524	0.01224	0.01980	0.01342	0.01589	0.00935	0.01081	0.00844	0.00568	0.00438	0.00146	0.00724	0.00362	0.00281	0.00854
7	0.01219	0.01118	0.01772	0.01491	0.01685	0.01292	0.11710	0.01464	0.01148	0.01672	0.01462	0.02312	0.01388	0.08667	0.28179	0.00574	0.23234	0.02603	0.00344	0.06667
8	0.02207	0.03718	0.05673	0.01417	0.01860	0.15588	0.01176	0.24949	0.10408	0.15089	0.01957	0.09605	0.01580	0.00905	0.00660	0.00203	0.00738	0.00713	0.00590	0.00965
9	0.07199	0.00883	0.01302	0.01159	0.01408	0.00830	0.09906	0.01500	0.01484	0.11025	0.12719	0.31954	0.11188	0.01448	0.00763	0.00236	0.00502	0.03207	0.00600	0.00685
10	0.01617	0.01655	0.03480	0.02529	0.03129	0.01571	0.58838	0.02121	0.01556	0.07052	0.01539	0.02151	0.01213	0.00672	0.00824	0.00228	0.03572	0.04989	0.00382	0.00881
11	0.01331	0.01500	0.09392	0.01602	0.01740	0.01679	0.04113	0.01544	0.01067	0.01613	0.01144	0.01914	0.01127	0.11386	0.07495	0.00381	0.49326	0.00635	0.00308	0.00701
12	0.01803	0.02090	0.02210	0.05053	0.02255	0.31129	0.15481	0.02067	0.01489	0.01700	0.01155	0.01572	0.00989	0.01317	0.10723	0.00325	0.16985	0.00573	0.00327	0.00755
13	0.07941	0.01810	0.04450	0.01425	0.01832	0.15174	0.02908	0.18845	0.18127	0.06495	0.06205	0.02155	0.01684	0.00967	0.02778	0.00231	0.02358	0.03141	0.00553	0.00919
14	0.04277	0.01709	0.02296	0.01732	0.02257	0.03768	0.17911	0.40030	0.02452	0.08987	0.06519	0.01890	0.01469	0.00766	0.00687	0.00204	0.00783	0.00674	0.00581	0.01008
15	0.00963	0.00741	0.01076	0.01389	0.10548	0.00715	0.00887	0.01152	0.01343	0.01800	0.03284	0.52841	0.03803	0.01819	0.00829	0.00265	0.00479	0.14878	0.00572	0.00616

[dist]
# distance from previous block
# <min> <max>
0	15

[block]
# block no. 5 follows, 33 sequences, length 8
# corresponding to MSA columns:
# 192-199
name=unknown_F
#
# <colnr> <probs for GDERKNQSTAVLIFYWHMCP>
#	G	D	E	R	K	N	Q	S	T	A	V	L	I	F	Y	W	H	M	C	P
0	0.06007	0.17602	0.02754	0.12192	0.04873	0.14942	0.20079	0.02042	0.01444	0.01829	0.01087	0.01436	0.00893	0.00666	0.00788	0.00201	0.09492	0.00546	0.00316	0.00811
1	0.04953	0.02816	0.16778	0.09797	0.02453	0.43229	0.01553	0.07268	0.01767	0.01949	0.01105	0.01316	0.00863	0.00671	0.00605	0.00186	0.01051	0.00464	0.00347	0.00827
2	0.02483	0.01337	0.02048	0.01536	0.02061	0.01250	0.15458	0.12664	0.01990	0.44389	0.06099	0.02198	0.01681	0.00787	0.00692	0.00207	0.00685	0.00706	0.00687	0.01044
3	0.01432	0.01915	0.16561	0.01498	0.01811	0.12540	0.01390	0.01792	0.03737	0.01897	0.11383	0.02457	0.09813	0.01047	0.01206	0.00233	0.27413	0.00716	0.00403	0.00758
4	0.01363	0.01336	0.01958	0.20992	0.13859	0.05068	0.07505	0.03906	0.01431	0.01872	0.02313	0.02628	0.15871	0.01062	0.03087	0.00249	0.13584	0.00764	0.00383	0.00767
5	0.52436	0.01501	0.01474	0.01660	0.16273	0.07564	0.01085	0.01985	0.01253	0.02575	0.00988	0.01223	0.00804	0.00651	0.00602	0.00205	0.06133	0.00426	0.00376	0.00786
6	0.01007	0.01244	0.16008	0.01087	0.01408	0.00815	0.01041	0.01387	0.01653	0.02313	0.39724	0.10074	0.09221	0.01328	0.00765	0.00224	0.00490	0.08928	0.00601	0.00682
7	0.01776	0.56878	0.03189	0.01769	0.16527	0.06833	0.01322	0.02022	0.01404	0.01678	0.00989	0.01184	0.00886	0.00575	0.00481	0.00154	0.00750	0.00405	0.00294	0.00881

[dist]
# distance from previous block
# <min> <max>
0	1

[block]
# block no. 6 follows, 33 sequences, length 38
# corresponding to MSA columns:
# 201-238
name=unknown_G
#
# <colnr> <probs for GDERKNQSTAVLIFYWHMCP>
#	G	D	E	R	K	N	Q	S	T	A	V	L	I	F	Y	W	H	M	C	P
0	0.01793	0.35833	0.25132	0.01502	0.02140	0.19795	0.01574	0.02168	0.01483	0.01733	0.01024	0.01193	0.00842	0.00611	0.00528	0.00169	0.00907	0.00412	0.00295	0.00865
1	0.01111	0.00841	0.01071	0.01159	0.01328	0.00875	0.00942	0.01675	0.15188	0.02073	0.05038	0.22376	0.03630	0.01682	0.00843	0.00277	0.00530	0.38060	0.00623	0.00675
2	0.00908	0.00707	0.00865	0.00884	0.01062	0.00606	0.00625	0.01067	0.01323	0.01789	0.03684	0.49343	0.15730	0.01684	0.00760	0.00226	0.00394	0.01496	0.00568	0.16280
3	0.04667	0.01219	0.01701	0.07446	0.01904	0.03067	0.10003	0.10431	0.01565	0.08998	0.01694	0.04716	0.01399	0.01211	0.06055	0.03876	0.10986	0.02152	0.16137	0.00773
4	0.02050	0.01649	0.01895	0.01530	0.01972	0.01862	0.05029	0.36545	0.29511	0.03339	0.01951	0.01924	0.01444	0.00839	0.00759	0.00214	0.05151	0.00661	0.00623	0.01053
5	0.62690	0.01662	0.01186	0.01056	0.01455	0.15751	0.00845	0.04970	0.01350	0.02741	0.00964	0.01114	0.00757	0.00632	0.00454	0.00197	0.00651	0.00380	0.00405	0.00740
6	0.04386	0.01497	0.01590	0.01382	0.04654	0.06827	0.01049	0.30754	0.07321	0.10162	0.17093	0.02519	0.02365	0.04451	0.00798	0.00221	0.00630	0.00738	0.00632	0.00930
7	0.24189	0.05891	0.04157	0.01363	0.01838	0.15736	0.01140	0.32773	0.02167	0.03129	0.01242	0.01331	0.00932	0.00702	0.00564	0.00191	0.00761	0.00479	0.00496	0.00920
8	0.00921	0.00722	0.00790	0.00792	0.00993	0.00653	0.00585	0.02554	0.05253	0.03445	0.10553	0.19573	0.47513	0.01644	0.00779	0.00229	0.00364	0.01403	0.00628	0.00606
9	0.00928	0.00705	0.00897	0.00937	0.01096	0.00617	0.00668	0.01091	0.01306	0.01793	0.03253	0.54762	0.06239	0.01724	0.00773	0.00235	0.00415	0.05713	0.00568	0.16281
10	0.04719	0.24584	0.21820	0.01410	0.02065	0.07050	0.02986	0.08915	0.01570	0.02145	0.01122	0.01287	0.00894	0.00598	0.00534	0.00163	0.00774	0.00435	0.00350	0.16578
11	0.10391	0.01884	0.01691	0.01365	0.01841	0.16473	0.01091	0.30849	0.07632	0.03005	0.01402	0.01473	0.01063	0.00698	0.00587	0.00175	0.00734	0.00506	0.00516	0.16625
12	0.01139	0.01084	0.00993	0.01083	0.01185	0.14980	0.00761	0.01273	0.01391	0.01680	0.03110	0.58500	0.03641	0.01780	0.00795	0.00250	0.00550	0.04663	0.00558	0.00583
13	0.01510	0.01328	0.02013	0.37408	0.13928	0.01490	0.04743	0.15164	0.01737	0.02293	0.03851	0.02229	0.07911	0.00784	0.00678	0.00212	0.00776	0.00690	0.00414	0.00842
14	0.02009	0.12813	0.05001	0.01422	0.01871	0.13353	0.01202	0.26742	0.15779	0.02742	0.01612	0.01709	0.01253	0.01177	0.08142	0.00278	0.00872	0.00568	0.00508	0.00948
15	0.01641	0.01811	0.03258	0.02410	0.02993	0.07309	0.51406	0.02421	0.15294	0.02196	0.01571	0.01863	0.01185	0.00631	0.00742	0.00218	0.01001	0.00743	0.00399	0.00908
16	0.01490	0.01302	0.01975	0.60831	0.04046	0.01576	0.01715	0.15176	0.01665	0.02165	0.01251	0.01721	0.00925	0.00684	0.00658	0.00215	0.00848	0.00587	0.00364	0.00807
17	0.04395	0.14490	0.07125	0.15715	0.02161	0.03184	0.02729	0.05707	0.03497	0.01955	0.02302	0.05956	0.09539	0.03763	0.04321	0.00272	0.00748	0.10972	0.00430	0.00740
18	0.01533	0.01350	0.01676	0.06835	0.15739	0.01498	0.01235	0.04300	0.43679	0.02481	0.02607	0.05183	0.07161	0.00916	0.00680	0.00219	0.00582	0.00789	0.00570	0.00968
19	0.00797	0.00595	0.00742	0.00859	0.00940	0.00540	0.00586	0.00923	0.01316	0.01703	0.04330	0.60271	0.20065	0.01971	0.00826	0.00257	0.00371	0.01760	0.00611	0.00540
20	0.06836	0.01545	0.02561	0.03834	0.68098	0.01558	0.01935	0.02015	0.01474	0.02203	0.01217	0.01593	0.01021	0.00588	0.00636	0.00196	0.00764	0.00572	0.00331	0.01021
21	0.61344	0.01367	0.01228	0.01076	0.01406	0.03206	0.00886	0.04262	0.01183	0.02697	0.00932	0.01162	0.00760	0.00725	0.00764	0.00219	0.15253	0.00409	0.00391	0.00730
22	0.02575	0.01169	0.01512	0.01152	0.01672	0.01016	0.00945	0.05489	0.04481	0.53971	0.02282	0.02052	0.01496	0.00753	0.00628	0.00183	0.00551	0.00609	0.00720	0.16744
23	0.17135	0.01439	0.02156	0.10477	0.06808	0.01759	0.12757	0.01779	0.01188	0.01987	0.01011	0.01472	0.00870	0.00854	0.01316	0.00247	0.35088	0.00568	0.00322	0.00768
24	0.01580	0.16337	0.02561	0.22606	0.35093	0.04357	0.01729	0.01997	0.04087	0.01909	0.01203	0.01567	0.00989	0.00616	0.00607	0.00191	0.00797	0.00540	0.00322	0.00909
25	0.01281	0.01209	0.02043	0.68280	0.11239	0.01473	0.01847	0.01715	0.01334	0.01728	0.01177	0.01743	0.00894	0.00651	0.00658	0.00217	0.00868	0.00585	0.00296	0.00762
26	0.00841	0.00633	0.00789	0.00897	0.01009	0.00581	0.00659	0.01005	0.01376	0.01761	0.04488	0.43671	0.24094	0.01904	0.00835	0.00261	0.00408	0.13624	0.00610	0.00554
27	0.00894	0.00716	0.00966	0.00994	0.01139	0.00680	0.03774	0.01082	0.01389	0.01789	0.05747	0.34887	0.25165	0.01862	0.02654	0.00276	0.02710	0.12116	0.00584	0.00577
28	0.01951	0.59228	0.03027	0.01203	0.01730	0.10737	0.01126	0.02209	0.03482	0.08397	0.01138	0.01224	0.00953	0.00610	0.00472	0.00153	0.00741	0.00401	0.00350	0.00867
29	0.00995	0.00838	0.01130	0.01430	0.15023	0.00778	0.00872	0.01216	0.01476	0.01906	0.10120	0.14990	0.34140	0.04674	0.00883	0.00247	0.00465	0.07610	0.00555	0.00652
30	0.33831	0.01182	0.01294	0.01047	0.01503	0.01183	0.00861	0.04390	0.01614	0.41019	0.04576	0.01864	0.01430	0.00754	0.00566	0.00204	0.00535	0.00560	0.00647	0.00941
31	0.05183	0.02290	0.01631	0.01433	0.01750	0.41000	0.01075	0.17369	0.01933	0.02161	0.01346	0.01882	0.01206	0.15625	0.01141	0.00269	0.00951	0.00563	0.00424	0.00769
32	0.01530	0.01756	0.15547	0.01412	0.01888	0.01550	0.01287	0.03075	0.53311	0.02615	0.06896	0.02406	0.02051	0.00870	0.00668	0.00219	0.00596	0.00723	0.00597	0.01001
33	0.00797	0.00591	0.00745	0.00868	0.00942	0.00539	0.00589	0.00922	0.01307	0.01700	0.04224	0.62702	0.17702	0.01985	0.00828	0.00259	0.00372	0.01777	0.00611	0.00539
34	0.65703	0.01136	0.00928	0.00876	0.01211	0.01292	0.00693	0.01736	0.01148	0.02704	0.01448	0.15833	0.01426	0.00895	0.00492	0.00216	0.00484	0.00653	0.00447	0.00678
35	0.01224	0.00680	0.00914	0.00967	0.01097	0.00620	0.00681	0.01366	0.01383	0.15694	0.03426	0.61900	0.03820	0.01818	0.00805	0.00255	0.00417	0.01635	0.00651	0.00649
36	0.02503	0.01844	0.01976	0.01515	0.02042	0.02042	0.01251	0.70562	0.03095	0.04149	0.01581	0.01581	0.01120	0.00790	0.00659	0.00198	0.00724	0.00593	0.00659	0.01120
37	0.02092	0.10863	0.01830	0.01432	0.01769	0.47708	0.02636	0.02358	0.04049	0.01819	0.01290	0.01477	0.01055	0.00687	0.00555	0.00166	0.00936	0.00472	0.16051	0.00755

[dist]
# distance from previous block
# <min> <max>
0	6

[block]
# block no. 7 follows, 33 sequences, length 18
# corresponding to MSA columns:
# 245-262
name=unknown_H
#
# <colnr> <probs for GDERKNQSTAVLIFYWHMCP>
#	G	D	E	R	K	N	Q	S	T	A	V	L	I	F	Y	W	H	M	C	P
0	0.01346	0.07750	0.69335	0.01832	0.02781	0.01592	0.02356	0.02078	0.01387	0.02053	0.01166	0.01370	0.00835	0.00622	0.00614	0.00205	0.00957	0.00479	0.00278	0.00965
1	0.01704	0.01618	0.02376	0.30544	0.17716	0.07236	0.11289	0.15237	0.01774	0.02311	0.01275	0.01655	0.00973	0.00656	0.00669	0.00207	0.00885	0.00601	0.00380	0.00895
2	0.01320	0.01217	0.01880	0.60948	0.03987	0.01497	0.01676	0.02034	0.14935	0.01890	0.01463	0.01891	0.01097	0.00704	0.00660	0.00220	0.00808	0.00616	0.00366	0.00792
3	0.02059	0.01067	0.01333	0.01115	0.01460	0.01026	0.00874	0.15427	0.01952	0.32175	0.13134	0.16127	0.02762	0.05291	0.00859	0.00238	0.00526	0.00965	0.00711	0.00898
4	0.04421	0.01529	0.01632	0.14440	0.05553	0.15361	0.03216	0.08023	0.05718	0.10323	0.13312	0.02588	0.07646	0.00978	0.02228	0.00221	0.00742	0.00734	0.00517	0.00817
5	0.01713	0.05160	0.28694	0.02101	0.02803	0.15737	0.25381	0.06684	0.01648	0.02119	0.01219	0.01484	0.00912	0.00620	0.00667	0.00203	0.01036	0.00576	0.00334	0.00908
6	0.01760	0.77260	0.03450	0.01126	0.01690	0.02605	0.01126	0.01971	0.01338	0.01549	0.00915	0.01056	0.00845	0.00563	0.00422	0.00141	0.00704	0.00352	0.00282	0.00845
7	0.18422	0.01784	0.15899	0.16557	0.31027	0.01519	0.01787	0.01950	0.01363	0.02219	0.01146	0.01488	0.00901	0.00613	0.00596	0.00204	0.00780	0.00518	0.00327	0.00900
8	0.01269	0.00946	0.01217	0.07564	0.01513	0.01049	0.00876	0.14620	0.01524	0.02088	0.07562	0.04856	0.02090	0.19659	0.29544	0.00632	0.01074	0.00800	0.00454	0.00662
9	0.00972	0.00879	0.01353	0.01131	0.01413	0.00788	0.14082	0.01250	0.01599	0.02073	0.23440	0.08339	0.37354	0.01382	0.00780	0.00220	0.00480	0.01239	0.00588	0.00637
10	0.01040	0.15472	0.01325	0.00984	0.01137	0.00978	0.00759	0.01191	0.01287	0.01663	0.02945	0.45208	0.03417	0.08303	0.00990	0.00281	0.00500	0.11397	0.00528	0.00594
11	0.00879	0.00644	0.00738	0.00747	0.00856	0.00592	0.00504	0.00994	0.01335	0.01729	0.15932	0.13380	0.27854	0.26074	0.01685	0.03319	0.00443	0.01241	0.00550	0.00504
12	0.60067	0.01184	0.01048	0.00925	0.01313	0.01306	0.00753	0.02058	0.01260	0.14491	0.01418	0.04120	0.01155	0.03469	0.00587	0.00225	0.00521	0.02853	0.00489	0.00760
13	0.63332	0.01610	0.01134	0.01028	0.01410	0.15545	0.00818	0.02034	0.01270	0.02648	0.01032	0.03760	0.00868	0.00676	0.00459	0.00199	0.00636	0.00423	0.00401	0.00716
14	0.00975	0.00697	0.00922	0.01030	0.01168	0.00672	0.00841	0.01228	0.01492	0.01981	0.10562	0.20206	0.11527	0.01754	0.00848	0.00271	0.00490	0.38395	0.04352	0.00589
15	0.00936	0.00682	0.00828	0.00826	0.00953	0.00648	0.00585	0.01219	0.04879	0.02145	0.35153	0.18154	0.12901	0.13202	0.01173	0.00286	0.00387	0.01266	0.03195	0.00582
16	0.01299	0.00749	0.00920	0.00833	0.01030	0.00679	0.00606	0.01489	0.01558	0.15791	0.27183	0.04530	0.17886	0.20904	0.01423	0.00321	0.00449	0.01068	0.00634	0.00647
17	0.01636	0.01443	0.01718	0.01863	0.15484	0.01623	0.01232	0.03212	0.57985	0.02637	0.02400	0.02296	0.01822	0.00834	0.00666	0.00218	0.00572	0.00714	0.00603	0.01042

[dist]
# distance from previous block
# <min> <max>
0	15

[block]
# block no. 8 follows, 33 sequences, length 11
# corresponding to MSA columns:
# 278-288
name=unknown_I
#
# <colnr> <probs for GDERKNQSTAVLIFYWHMCP>
#	G	D	E	R	K	N	Q	S	T	A	V	L	I	F	Y	W	H	M	C	P
0	0.00938	0.00617	0.00746	0.00820	0.00929	0.00581	0.00590	0.01141	0.01400	0.02010	0.10901	0.37330	0.11726	0.01594	0.00734	0.00229	0.00364	0.05771	0.21006	0.00571
1	0.02959	0.00784	0.00922	0.00953	0.01095	0.00789	0.00696	0.06264	0.06216	0.02027	0.05981	0.33511	0.10494	0.11312	0.01109	0.00297	0.00467	0.09111	0.04398	0.00616
2	0.10209	0.00740	0.00812	0.00774	0.00983	0.00696	0.00588	0.01214	0.01645	0.02361	0.40085	0.04991	0.29816	0.01378	0.00734	0.00212	0.00342	0.01167	0.00646	0.00608
3	0.00821	0.00678	0.00727	0.00742	0.00951	0.00584	0.00574	0.01014	0.01526	0.01857	0.10573	0.06372	0.60061	0.01664	0.00793	0.00231	0.00364	0.09283	0.00618	0.00566
4	0.17693	0.00846	0.00939	0.00862	0.01086	0.00839	0.00639	0.01573	0.01466	0.12695	0.24085	0.09660	0.07599	0.15855	0.01189	0.00296	0.00459	0.00966	0.00593	0.00659
5	0.00897	0.00609	0.00789	0.00893	0.00964	0.00563	0.00604	0.01022	0.01310	0.04362	0.07151	0.60950	0.08658	0.06695	0.00986	0.00283	0.00398	0.01703	0.00611	0.00554
6	0.04938	0.09556	0.01135	0.00853	0.01058	0.00874	0.00665	0.01298	0.01630	0.02306	0.42144	0.14202	0.11343	0.01328	0.00715	0.00207	0.00378	0.01145	0.03593	0.00633
7	0.01063	0.00711	0.00805	0.00770	0.00988	0.00615	0.00573	0.01244	0.01539	0.10126	0.14247	0.11164	0.45818	0.06235	0.00929	0.00248	0.00380	0.01291	0.00636	0.00618
8	0.00918	0.00708	0.00944	0.05503	0.01240	0.00728	0.00734	0.01124	0.01323	0.01758	0.13270	0.06050	0.23382	0.05902	0.28137	0.03738	0.00923	0.02557	0.00490	0.00571
9	0.05030	0.00811	0.01036	0.01007	0.01154	0.00902	0.00748	0.01503	0.09249	0.04528	0.02016	0.06369	0.01930	0.19284	0.40612	0.00759	0.01205	0.00800	0.00433	0.00625
10	0.00861	0.00602	0.00767	0.00851	0.00906	0.00566	0.00565	0.00959	0.01270	0.01695	0.11201	0.46540	0.08909	0.15083	0.01366	0.04829	0.00426	0.01527	0.00569	0.00508

[dist]
# distance from previous block
# <min> <max>
0	17

# created by:
# /home/cegg/simao/soft/augustus-3.2.1/scripts/msa2prfl.pl ./align_prep/EOG090W0GI3.fa
