[name]
unknown

[dist]
# distance from previous block
# <min> <max>
2	22

[block]
# block no. 0 follows, 29 sequences, length 18
# corresponding to MSA columns:
# 22-39
name=unknown_A
#
# <colnr> <probs for GDERKNQSTAVLIFYWHMCP>
#	G	D	E	R	K	N	Q	S	T	A	V	L	I	F	Y	W	H	M	C	P
0	0.01021	0.00684	0.00781	0.00795	0.00799	0.00681	0.00451	0.01032	0.01064	0.01418	0.02388	0.10663	0.02771	0.68723	0.03391	0.00656	0.00667	0.01120	0.00451	0.00444
1	0.01036	0.00690	0.00777	0.00777	0.00777	0.00690	0.00431	0.01036	0.01036	0.01381	0.02244	0.04660	0.02589	0.74975	0.03624	0.00690	0.00690	0.01036	0.00431	0.00431
2	0.02745	0.01934	0.02099	0.01609	0.02178	0.02118	0.01330	0.63131	0.03246	0.09660	0.01795	0.01765	0.01254	0.00857	0.00713	0.00214	0.00770	0.00647	0.00725	0.01211
3	0.01370	0.01291	0.02181	0.69146	0.08826	0.01589	0.01990	0.01841	0.01436	0.01850	0.01270	0.01890	0.00960	0.00707	0.00711	0.00236	0.00943	0.00633	0.00319	0.00811
4	0.01904	0.75404	0.03731	0.01218	0.01828	0.02818	0.01218	0.02132	0.01447	0.01675	0.00990	0.01142	0.00914	0.00609	0.00457	0.00152	0.00761	0.00381	0.00305	0.00914
5	0.01834	0.01477	0.01668	0.01224	0.01839	0.01315	0.00992	0.21069	0.02020	0.02950	0.01395	0.01544	0.01100	0.00622	0.00581	0.00137	0.00602	0.00486	0.00506	0.56639
6	0.02292	0.01664	0.01811	0.01497	0.01980	0.01845	0.01201	0.27653	0.36610	0.11805	0.02446	0.02277	0.01766	0.00914	0.00719	0.00229	0.00650	0.00733	0.00739	0.01169
7	0.01762	0.01692	0.02890	0.04371	0.70533	0.01692	0.02185	0.02185	0.01621	0.02326	0.01339	0.01762	0.01128	0.00634	0.00705	0.00211	0.00846	0.00634	0.00352	0.01128
8	0.01904	0.75404	0.03731	0.01218	0.01828	0.02818	0.01218	0.02132	0.01447	0.01675	0.00990	0.01142	0.00914	0.00609	0.00457	0.00152	0.00761	0.00381	0.00305	0.00914
9	0.01036	0.00690	0.00777	0.00777	0.00777	0.00690	0.00431	0.01036	0.01036	0.01381	0.02244	0.04660	0.02589	0.74975	0.03624	0.00690	0.00690	0.01036	0.00431	0.00431
10	0.01723	0.01516	0.01566	0.01168	0.01767	0.08592	0.00928	0.04361	0.01626	0.05380	0.01332	0.01506	0.01077	0.00577	0.00555	0.00123	0.00621	0.00447	0.00447	0.64689
11	0.01019	0.00754	0.01099	0.01099	0.01210	0.00865	0.00833	0.01242	0.01131	0.01619	0.01949	0.03029	0.01881	0.13986	0.63645	0.01088	0.01756	0.00797	0.00388	0.00610
12	0.01563	0.24029	0.52122	0.01799	0.02726	0.01984	0.02230	0.02220	0.01487	0.02091	0.01196	0.01401	0.00905	0.00657	0.00614	0.00205	0.00970	0.00485	0.00302	0.01013
13	0.00867	0.00722	0.00756	0.00748	0.00977	0.00612	0.00561	0.01071	0.01683	0.02066	0.16809	0.06619	0.60560	0.01750	0.00841	0.00238	0.00357	0.01470	0.00680	0.00612
14	0.72412	0.01309	0.01021	0.00929	0.01341	0.01501	0.00755	0.01989	0.01238	0.03067	0.01422	0.05129	0.04117	0.00792	0.00483	0.00225	0.00535	0.00519	0.00462	0.00754
15	0.01519	0.17375	0.58389	0.01875	0.02842	0.01876	0.02361	0.02232	0.01493	0.02144	0.01223	0.01434	0.00904	0.00664	0.00635	0.00212	0.00997	0.00498	0.00301	0.01026
16	0.01591	0.01556	0.04117	0.01381	0.01970	0.06273	0.08590	0.04739	0.01639	0.02366	0.04367	0.04798	0.01448	0.00682	0.00614	0.00148	0.00674	0.00591	0.00445	0.52011
17	0.01048	0.00834	0.00958	0.00906	0.01094	0.03541	0.00680	0.01353	0.01954	0.02663	0.57423	0.05399	0.16527	0.01482	0.00832	0.00225	0.00378	0.01288	0.00748	0.00667

[dist]
# distance from previous block
# <min> <max>
0	1

[block]
# block no. 1 follows, 29 sequences, length 19
# corresponding to MSA columns:
# 41-59
name=unknown_B
#
# <colnr> <probs for GDERKNQSTAVLIFYWHMCP>
#	G	D	E	R	K	N	Q	S	T	A	V	L	I	F	Y	W	H	M	C	P
0	0.05812	0.09145	0.05373	0.05397	0.02078	0.01364	0.04567	0.04405	0.03314	0.18234	0.01710	0.03536	0.01300	0.00709	0.00614	0.00174	0.00662	0.00579	0.00524	0.30501
1	0.62649	0.04869	0.04063	0.01200	0.01701	0.01707	0.06419	0.05985	0.01397	0.03093	0.01081	0.01264	0.00834	0.00666	0.00499	0.00219	0.00646	0.00443	0.00439	0.00829
2	0.00923	0.00649	0.00804	0.00905	0.00942	0.00618	0.00577	0.01008	0.01265	0.01674	0.03518	0.47286	0.07295	0.27004	0.01831	0.00423	0.00505	0.01661	0.00583	0.00529
3	0.05000	0.28421	0.37850	0.01740	0.02560	0.05707	0.05293	0.02237	0.01507	0.02068	0.01165	0.01373	0.00910	0.00652	0.00597	0.00198	0.00949	0.00482	0.00314	0.00976
4	0.12077	0.28060	0.09924	0.01512	0.02071	0.15019	0.04610	0.05845	0.08367	0.02250	0.01317	0.01474	0.01068	0.00830	0.02632	0.00220	0.00897	0.00500	0.00401	0.00925
5	0.01563	0.01481	0.02512	0.17557	0.41337	0.01585	0.04875	0.01960	0.01488	0.02091	0.01396	0.01984	0.01194	0.03456	0.08440	0.00336	0.04766	0.00669	0.00349	0.00961
6	0.02636	0.01991	0.02059	0.01599	0.02140	0.05271	0.01312	0.61934	0.03196	0.04274	0.01713	0.01737	0.01228	0.00848	0.00699	0.00210	0.00784	0.00634	0.04569	0.01167
7	0.00886	0.00714	0.00789	0.00789	0.00994	0.00617	0.00585	0.01100	0.01698	0.02148	0.22712	0.12537	0.48426	0.01754	0.00847	0.00241	0.00359	0.01496	0.00692	0.00617
8	0.01237	0.00618	0.00928	0.00928	0.00928	0.00618	0.00618	0.00928	0.00928	0.01237	0.01237	0.02165	0.01237	0.02474	0.02783	0.79283	0.00618	0.00618	0.00309	0.00309
9	0.01996	0.01664	0.01883	0.01673	0.04914	0.01876	0.03533	0.19395	0.47947	0.03296	0.02491	0.02362	0.01856	0.00912	0.00725	0.00233	0.00651	0.00759	0.00693	0.01142
10	0.00866	0.00625	0.00821	0.00979	0.01029	0.00579	0.00655	0.00993	0.01376	0.01823	0.04081	0.71285	0.07834	0.02210	0.00906	0.00287	0.00411	0.01999	0.00661	0.00579
11	0.01490	0.01439	0.02030	0.01865	0.05583	0.01940	0.01448	0.01651	0.01118	0.01713	0.01136	0.01936	0.01151	0.08555	0.06114	0.00387	0.58687	0.00671	0.00329	0.00757
12	0.01609	0.01535	0.02613	0.29680	0.46423	0.01652	0.02109	0.02051	0.01549	0.02140	0.01312	0.01812	0.01062	0.00663	0.00708	0.00221	0.00884	0.00634	0.00339	0.01004
13	0.33094	0.01276	0.01417	0.01138	0.01646	0.01261	0.00939	0.02934	0.01716	0.44622	0.02102	0.01930	0.01377	0.00796	0.00609	0.00220	0.00584	0.00587	0.00710	0.01040
14	0.01762	0.01692	0.02890	0.04371	0.70533	0.01692	0.02185	0.02185	0.01621	0.02326	0.01339	0.01762	0.01128	0.00634	0.00705	0.00211	0.00846	0.00634	0.00352	0.01128
15	0.01548	0.01473	0.02503	0.39698	0.36879	0.01636	0.02079	0.01998	0.01520	0.02066	0.01302	0.01832	0.01036	0.00674	0.00709	0.00225	0.00899	0.00634	0.00334	0.00955
16	0.01712	0.01641	0.02800	0.12635	0.62661	0.01679	0.02160	0.02141	0.01598	0.02266	0.01331	0.01779	0.01106	0.00644	0.00706	0.00215	0.00858	0.00634	0.00348	0.01087
17	0.72012	0.01418	0.01133	0.00999	0.01445	0.01639	0.00820	0.05720	0.04672	0.03254	0.01124	0.01260	0.00864	0.00686	0.00469	0.00221	0.00564	0.00420	0.00469	0.00812
18	0.02070	0.01602	0.01754	0.04366	0.02053	0.01810	0.01207	0.18328	0.46641	0.08223	0.02556	0.02394	0.01876	0.00924	0.00721	0.00233	0.00632	0.00754	0.00717	0.01139

[dist]
# distance from previous block
# <min> <max>
1	12

[block]
# block no. 2 follows, 29 sequences, length 68
# corresponding to MSA columns:
# 72-139
name=unknown_C
#
# <colnr> <probs for GDERKNQSTAVLIFYWHMCP>
#	G	D	E	R	K	N	Q	S	T	A	V	L	I	F	Y	W	H	M	C	P
0	0.01594	0.16340	0.56057	0.01850	0.02800	0.01833	0.02307	0.02289	0.01518	0.05313	0.01297	0.01481	0.00944	0.00674	0.00639	0.00212	0.00980	0.00509	0.00328	0.01035
1	0.01642	0.23125	0.45281	0.01713	0.02568	0.01889	0.02057	0.02239	0.01514	0.06287	0.01411	0.04731	0.01129	0.00740	0.00629	0.00208	0.00916	0.00565	0.00353	0.01003
2	0.01008	0.00728	0.00952	0.00896	0.01064	0.00672	0.00672	0.01344	0.02016	0.02855	0.70158	0.05319	0.06719	0.01456	0.00840	0.00224	0.00336	0.01288	0.00784	0.00672
3	0.02707	0.01995	0.02137	0.01638	0.02208	0.02208	0.01353	0.68159	0.03348	0.04488	0.01710	0.01710	0.01211	0.00855	0.00712	0.00214	0.00784	0.00641	0.00712	0.01211
4	0.00955	0.00726	0.00879	0.00841	0.01032	0.00650	0.00631	0.01242	0.01892	0.02561	0.50296	0.05803	0.26764	0.01565	0.00840	0.00229	0.00344	0.01356	0.00745	0.00650
5	0.01036	0.00690	0.00777	0.00777	0.00777	0.00690	0.00431	0.01036	0.01036	0.01381	0.02244	0.04660	0.02589	0.74975	0.03624	0.00690	0.00690	0.01036	0.00431	0.00431
6	0.01227	0.00828	0.01059	0.01001	0.01199	0.00791	0.00758	0.04498	0.04085	0.06924	0.48313	0.15150	0.05619	0.01514	0.00839	0.00238	0.00405	0.04063	0.00761	0.00729
7	0.01043	0.00713	0.00891	0.00891	0.00940	0.00754	0.00583	0.01141	0.01092	0.01528	0.02138	0.03964	0.02291	0.48984	0.25705	0.00813	0.01069	0.00930	0.04023	0.00508
8	0.01766	0.52201	0.21320	0.01540	0.02271	0.02452	0.05726	0.02173	0.01476	0.01864	0.01093	0.01284	0.00921	0.00626	0.00538	0.00177	0.00864	0.00447	0.00307	0.00953
9	0.01112	0.00828	0.01013	0.01068	0.05323	0.00757	0.00735	0.03374	0.01800	0.04628	0.27797	0.10513	0.32046	0.01543	0.00815	0.00232	0.00406	0.01326	0.03985	0.00697
10	0.04590	0.01728	0.02768	0.17222	0.43820	0.05992	0.09273	0.02162	0.01599	0.02220	0.01309	0.01755	0.01062	0.00653	0.00708	0.00218	0.00921	0.00637	0.00350	0.01013
11	0.07129	0.02458	0.02144	0.02105	0.12178	0.33946	0.04670	0.11352	0.07972	0.04957	0.01451	0.01602	0.01131	0.00744	0.00665	0.00201	0.00995	0.00561	0.00466	0.03272
12	0.49341	0.01820	0.01407	0.01225	0.01669	0.14507	0.00981	0.10060	0.05803	0.05540	0.01278	0.01382	0.00971	0.00723	0.00536	0.00214	0.00714	0.00466	0.00492	0.00870
13	0.15771	0.06588	0.01973	0.01505	0.02004	0.15101	0.01224	0.34024	0.07451	0.05428	0.01550	0.01592	0.01150	0.00793	0.00638	0.00208	0.00814	0.00562	0.00583	0.01040
14	0.01590	0.24845	0.46962	0.01753	0.02634	0.02006	0.02119	0.02312	0.05635	0.02127	0.01292	0.01467	0.00983	0.00674	0.00614	0.00205	0.00936	0.00500	0.00328	0.01016
15	0.01878	0.01402	0.01798	0.01620	0.05214	0.01550	0.04695	0.05297	0.31139	0.13546	0.06942	0.02699	0.04249	0.01273	0.05345	0.00298	0.08579	0.00810	0.00648	0.01020
16	0.01596	0.01607	0.02685	0.02648	0.19795	0.05781	0.24623	0.04415	0.04693	0.02253	0.02101	0.20338	0.02060	0.01058	0.00801	0.00241	0.00871	0.01057	0.00464	0.00914
17	0.01102	0.00676	0.00822	0.00883	0.00955	0.00649	0.00579	0.01227	0.01311	0.04995	0.03081	0.37410	0.03435	0.25081	0.01698	0.00394	0.00497	0.01431	0.13199	0.00574
18	0.01715	0.33135	0.38444	0.01675	0.02502	0.05113	0.01958	0.04257	0.01558	0.02064	0.01165	0.01352	0.00917	0.00657	0.00586	0.00193	0.00934	0.00467	0.00318	0.00991
19	0.00876	0.00681	0.00797	0.00856	0.01005	0.00602	0.00609	0.01056	0.01573	0.02014	0.14890	0.34203	0.34440	0.01928	0.00869	0.00258	0.00379	0.01685	0.00679	0.00602
20	0.05592	0.01168	0.01551	0.01209	0.01720	0.01029	0.00993	0.03237	0.01982	0.62252	0.05820	0.02525	0.01960	0.00898	0.00702	0.00218	0.00578	0.00729	0.04690	0.01145
21	0.01592	0.01518	0.02582	0.32519	0.43719	0.01647	0.02100	0.02036	0.01541	0.02119	0.01309	0.01818	0.01055	0.00666	0.00708	0.00222	0.00888	0.00634	0.00338	0.00990
22	0.07915	0.01567	0.01783	0.01393	0.01931	0.04075	0.01143	0.24360	0.04675	0.40248	0.02276	0.02077	0.01503	0.00856	0.00695	0.00218	0.00683	0.00664	0.00774	0.01166
23	0.03039	0.01462	0.01808	0.01386	0.01943	0.01418	0.01145	0.24169	0.02457	0.49736	0.02457	0.02195	0.01586	0.00873	0.00715	0.00218	0.00663	0.00692	0.00827	0.01212
24	0.00940	0.00679	0.00888	0.00932	0.01046	0.00628	0.00662	0.01176	0.01711	0.02361	0.38468	0.36169	0.08055	0.01813	0.00871	0.00254	0.00371	0.01623	0.00725	0.00628
25	0.01762	0.01692	0.02890	0.04371	0.70533	0.01692	0.02185	0.02185	0.01621	0.02326	0.01339	0.01762	0.01128	0.00634	0.00705	0.00211	0.00846	0.00634	0.00352	0.01128
26	0.01390	0.01312	0.02218	0.65793	0.12021	0.01594	0.02000	0.01859	0.01445	0.01874	0.01274	0.01884	0.00969	0.00704	0.00711	0.00235	0.00938	0.00633	0.00320	0.00828
27	0.00865	0.00630	0.00815	0.00963	0.01025	0.00581	0.00648	0.00995	0.01391	0.01829	0.04273	0.67336	0.11659	0.02186	0.00902	0.00284	0.00408	0.01969	0.00661	0.00581
28	0.01762	0.01692	0.02890	0.04371	0.70533	0.01692	0.02185	0.02185	0.01621	0.02326	0.01339	0.01762	0.01128	0.00634	0.00705	0.00211	0.00846	0.00634	0.00352	0.01128
29	0.01801	0.01544	0.01627	0.01455	0.01863	0.01785	0.01134	0.05831	0.67151	0.03027	0.02860	0.02627	0.02143	0.00963	0.00724	0.00241	0.00571	0.00800	0.00724	0.01130
30	0.00932	0.00676	0.00891	0.01044	0.01112	0.00650	0.00731	0.01150	0.03979	0.01896	0.03869	0.64565	0.04547	0.02154	0.00910	0.00292	0.00445	0.08887	0.00663	0.00608
31	0.01345	0.01266	0.02136	0.73264	0.04904	0.01582	0.01978	0.01819	0.01424	0.01819	0.01266	0.01898	0.00949	0.00712	0.00712	0.00237	0.00949	0.00633	0.00316	0.00791
32	0.01558	0.01558	0.02181	0.01869	0.01869	0.02181	0.01558	0.01714	0.01091	0.01714	0.00935	0.01558	0.00935	0.01246	0.02337	0.00312	0.73672	0.00623	0.00312	0.00779
33	0.01477	0.01266	0.01477	0.01055	0.01687	0.00949	0.00844	0.01793	0.01477	0.02320	0.01266	0.01477	0.01055	0.00527	0.00527	0.00105	0.00527	0.00422	0.00422	0.79328
34	0.02707	0.01995	0.02137	0.01638	0.02208	0.02208	0.01353	0.68159	0.03348	0.04488	0.01710	0.01710	0.01211	0.00855	0.00712	0.00214	0.00784	0.00641	0.00712	0.01211
35	0.00856	0.00707	0.00751	0.00772	0.00979	0.00602	0.00567	0.01038	0.01610	0.01967	0.10716	0.16669	0.56622	0.01844	0.00851	0.00247	0.00367	0.01566	0.00669	0.00602
36	0.00868	0.00620	0.00826	0.00991	0.01033	0.00578	0.00661	0.00991	0.01363	0.01818	0.03925	0.74510	0.04710	0.02231	0.00909	0.00289	0.00413	0.02024	0.00661	0.00578
37	0.02028	0.01591	0.02552	0.01979	0.02459	0.01679	0.23067	0.02918	0.22139	0.17734	0.02113	0.02203	0.01542	0.00868	0.00997	0.00247	0.11493	0.00770	0.00580	0.01040
38	0.01021	0.00746	0.01060	0.01060	0.01157	0.00844	0.00784	0.01217	0.01119	0.01590	0.01985	0.03227	0.01967	0.21410	0.56339	0.01040	0.01626	0.00826	0.00393	0.00589
39	0.00865	0.00631	0.00814	0.00960	0.01025	0.00581	0.00647	0.00995	0.01393	0.01830	0.04302	0.66744	0.12232	0.02182	0.00901	0.00284	0.00407	0.01964	0.00661	0.00581
40	0.01905	0.69534	0.06989	0.01278	0.01901	0.05023	0.01293	0.02161	0.01468	0.01706	0.01008	0.01165	0.00913	0.00617	0.00474	0.00157	0.00793	0.00390	0.00306	0.00918
41	0.02707	0.01995	0.02137	0.01638	0.02208	0.02208	0.01353	0.68159	0.03348	0.04488	0.01710	0.01710	0.01211	0.00855	0.00712	0.00214	0.00784	0.00641	0.00712	0.01211
42	0.00972	0.00642	0.00792	0.00897	0.00947	0.00615	0.00587	0.01099	0.01311	0.01845	0.03323	0.48754	0.03825	0.17884	0.01441	0.00359	0.00462	0.01609	0.12079	0.00559
43	0.01428	0.03683	0.71286	0.02030	0.03082	0.01654	0.02631	0.02255	0.01503	0.02255	0.01278	0.01503	0.00902	0.00677	0.00677	0.00226	0.01052	0.00526	0.00301	0.01052
44	0.02015	0.01802	0.01738	0.01520	0.01946	0.09300	0.01190	0.14006	0.51552	0.03090	0.02517	0.02359	0.01886	0.00924	0.00714	0.00231	0.00675	0.00742	0.00685	0.01109
45	0.01806	0.52883	0.22019	0.01465	0.02184	0.05416	0.01609	0.02195	0.01486	0.01836	0.01073	0.01246	0.00911	0.00633	0.00524	0.00174	0.00863	0.00424	0.00306	0.00948
46	0.01742	0.01671	0.02853	0.07750	0.67314	0.01686	0.02175	0.02167	0.01612	0.02301	0.01336	0.01769	0.01119	0.00638	0.00705	0.00213	0.00851	0.00634	0.00351	0.01111
47	0.01245	0.00870	0.01087	0.01078	0.01268	0.00868	0.00839	0.01727	0.10243	0.05739	0.26100	0.07458	0.06658	0.12312	0.01269	0.00325	0.00521	0.18997	0.00687	0.00711
48	0.00877	0.00662	0.00811	0.00902	0.01016	0.00596	0.00628	0.01042	0.01516	0.01972	0.12745	0.46723	0.23901	0.02015	0.00881	0.00267	0.00389	0.01786	0.00676	0.00596
49	0.01018	0.00760	0.01129	0.01129	0.01250	0.00882	0.00871	0.01261	0.01140	0.01641	0.01922	0.02877	0.01815	0.08307	0.69234	0.01125	0.01855	0.00775	0.00384	0.00627
50	0.00935	0.00679	0.00884	0.00948	0.01059	0.00628	0.00678	0.01157	0.01658	0.02260	0.31081	0.38972	0.09919	0.01875	0.00879	0.00261	0.00389	0.04404	0.00711	0.00621
51	0.03195	0.01212	0.01652	0.01267	0.01818	0.01047	0.01047	0.03470	0.02038	0.71026	0.02809	0.02424	0.01763	0.00881	0.00716	0.00220	0.00606	0.00716	0.00881	0.01212
52	0.01823	0.01518	0.01612	0.01443	0.01850	0.01745	0.01124	0.03772	0.66814	0.05442	0.02895	0.02648	0.02159	0.00963	0.00724	0.00241	0.00565	0.00802	0.00730	0.01130
53	0.01428	0.03683	0.71286	0.02030	0.03082	0.01654	0.02631	0.02255	0.01503	0.02255	0.01278	0.01503	0.00902	0.00677	0.00677	0.00226	0.01052	0.00526	0.00301	0.01052
54	0.01378	0.01011	0.01589	0.23218	0.02508	0.01140	0.03175	0.01707	0.01346	0.08956	0.01781	0.02471	0.01505	0.05212	0.36564	0.00699	0.01380	0.00718	0.00416	0.03228
55	0.00979	0.00727	0.00913	0.00866	0.01046	0.00660	0.00650	0.01289	0.01949	0.02697	0.59430	0.05580	0.17545	0.01515	0.00840	0.00227	0.00340	0.01324	0.00763	0.00660
56	0.01461	0.10795	0.58892	0.01928	0.02888	0.01733	0.04840	0.02191	0.01509	0.02183	0.01508	0.01710	0.03864	0.00715	0.00667	0.00219	0.00999	0.00565	0.00319	0.01016
57	0.01539	0.01275	0.01487	0.01077	0.01698	0.00987	0.00862	0.01926	0.04343	0.04364	0.01380	0.01554	0.01123	0.00556	0.00541	0.00115	0.00531	0.00447	0.00448	0.73747
58	0.00868	0.00620	0.00826	0.00991	0.01033	0.00578	0.00661	0.00991	0.01363	0.01818	0.03925	0.74510	0.04710	0.02231	0.00909	0.00289	0.00413	0.02024	0.00661	0.00578
59	0.33328	0.01539	0.06129	0.01372	0.01756	0.01629	0.03976	0.09338	0.01518	0.05248	0.03675	0.01754	0.01248	0.01451	0.10585	0.00362	0.13215	0.00577	0.00456	0.00842
60	0.01837	0.01811	0.03480	0.01463	0.01818	0.15287	0.01147	0.07963	0.34770	0.02552	0.02359	0.07436	0.01979	0.04735	0.07809	0.00339	0.00860	0.00809	0.00591	0.00955
61	0.01387	0.01308	0.01955	0.26557	0.02787	0.01727	0.01555	0.01656	0.01210	0.01723	0.01246	0.02014	0.01142	0.06065	0.10196	0.00408	0.35321	0.00668	0.00329	0.00745
62	0.00877	0.00659	0.00788	0.00885	0.00984	0.00597	0.00600	0.01006	0.01410	0.01805	0.04772	0.46234	0.24853	0.09652	0.01170	0.00316	0.00426	0.01760	0.00637	0.00570
63	0.04208	0.10005	0.23564	0.05004	0.05701	0.01768	0.01668	0.10593	0.17147	0.04517	0.02051	0.04685	0.04319	0.00866	0.00681	0.00222	0.00782	0.00695	0.00500	0.01025
64	0.01816	0.07096	0.02705	0.16892	0.32755	0.09782	0.08017	0.05410	0.01701	0.02228	0.01338	0.01736	0.01080	0.00674	0.00686	0.00210	0.00920	0.00617	0.03355	0.00983
65	0.01147	0.00991	0.01312	0.03520	0.10625	0.04116	0.02903	0.01375	0.01545	0.02016	0.10255	0.32459	0.13101	0.05269	0.00984	0.00280	0.00566	0.06255	0.00588	0.00692
66	0.04251	0.01575	0.01843	0.04403	0.09414	0.04736	0.01235	0.21657	0.04545	0.16748	0.02019	0.02069	0.03835	0.00917	0.02464	0.00221	0.00728	0.00645	0.02789	0.13905
67	0.04086	0.13724	0.04282	0.01634	0.06379	0.03570	0.07273	0.09887	0.10106	0.08905	0.02458	0.17299	0.05192	0.01110	0.00719	0.00227	0.00697	0.00957	0.00563	0.00934

[dist]
# distance from previous block
# <min> <max>
3	12

[block]
# block no. 3 follows, 29 sequences, length 39
# corresponding to MSA columns:
# 152,153,164-200
name=unknown_D
#
# <colnr> <probs for GDERKNQSTAVLIFYWHMCP>
#	G	D	E	R	K	N	Q	S	T	A	V	L	I	F	Y	W	H	M	C	P
0	0.01608	0.01567	0.02509	0.35835	0.37643	0.04545	0.02057	0.02045	0.01547	0.02070	0.01296	0.01805	0.01037	0.00674	0.00706	0.00222	0.00911	0.00626	0.00337	0.00961
1	0.08442	0.38716	0.32040	0.01537	0.02319	0.02221	0.01777	0.02181	0.01450	0.02051	0.01112	0.01296	0.00897	0.00642	0.00548	0.00189	0.00866	0.00443	0.00315	0.00960
2	0.00913	0.00676	0.00902	0.01034	0.01071	0.00674	0.00704	0.01034	0.01336	0.01796	0.03694	0.67863	0.04419	0.04768	0.01087	0.00305	0.04598	0.01909	0.00633	0.00585
3	0.01020	0.00750	0.01079	0.01079	0.01184	0.00855	0.00809	0.01230	0.01125	0.01605	0.01967	0.03127	0.01923	0.17655	0.60034	0.01064	0.01692	0.00811	0.00390	0.00600
4	0.00908	0.00643	0.00815	0.00930	0.00974	0.00607	0.00606	0.01014	0.01323	0.01759	0.05852	0.53974	0.07000	0.18321	0.01506	0.00374	0.00470	0.01759	0.00614	0.00550
5	0.03026	0.01482	0.01820	0.01395	0.01953	0.01448	0.01153	0.25821	0.02491	0.48036	0.02429	0.02177	0.01572	0.00872	0.00715	0.00218	0.00667	0.00690	0.00823	0.01212
6	0.01237	0.00618	0.00928	0.00928	0.00928	0.00618	0.00618	0.00928	0.00928	0.01237	0.01237	0.02165	0.01237	0.02474	0.02783	0.79283	0.00618	0.00618	0.00309	0.00309
7	0.80005	0.01377	0.01047	0.00936	0.01377	0.01597	0.00771	0.02093	0.01212	0.03195	0.00991	0.01157	0.00771	0.00661	0.00441	0.00220	0.00551	0.00386	0.00441	0.00771
8	0.00854	0.00722	0.00738	0.00734	0.00969	0.00606	0.00551	0.01045	0.01652	0.01991	0.11793	0.06741	0.65623	0.01778	0.00841	0.00239	0.00359	0.01487	0.00670	0.00606
9	0.01036	0.00690	0.00777	0.00777	0.00777	0.00690	0.00431	0.01036	0.01036	0.01381	0.02244	0.04660	0.02589	0.74975	0.03624	0.00690	0.00690	0.01036	0.00431	0.00431
10	0.01681	0.01921	0.04202	0.03001	0.03721	0.01801	0.67947	0.02281	0.01681	0.02281	0.01441	0.01921	0.01080	0.00600	0.00840	0.00240	0.01200	0.00840	0.00360	0.00960
11	0.00842	0.00721	0.00721	0.00721	0.00962	0.00601	0.00541	0.01022	0.01623	0.01924	0.07213	0.06853	0.70244	0.01803	0.00842	0.00240	0.00361	0.01503	0.00661	0.00601
12	0.01771	0.01530	0.01610	0.01449	0.01852	0.01771	0.01127	0.03784	0.69247	0.02979	0.02898	0.02657	0.02174	0.00966	0.00725	0.00242	0.00564	0.00805	0.00725	0.01127
13	0.01345	0.01266	0.02136	0.73264	0.04904	0.01582	0.01978	0.01819	0.01424	0.01819	0.01266	0.01898	0.00949	0.00712	0.00712	0.00237	0.00949	0.00633	0.00316	0.00791
14	0.03195	0.01212	0.01652	0.01267	0.01818	0.01047	0.01047	0.03470	0.02038	0.71026	0.02809	0.02424	0.01763	0.00881	0.00716	0.00220	0.00606	0.00716	0.00881	0.01212
15	0.00868	0.00620	0.00826	0.00991	0.01033	0.00578	0.00661	0.00991	0.01363	0.01818	0.03925	0.74510	0.04710	0.02231	0.00909	0.00289	0.00413	0.02024	0.00661	0.00578
16	0.02700	0.02187	0.02121	0.01665	0.02207	0.11808	0.01356	0.59190	0.03165	0.04111	0.01626	0.01651	0.01171	0.00838	0.00703	0.00210	0.00852	0.00616	0.00665	0.01158
17	0.01036	0.00690	0.00777	0.00777	0.00777	0.00690	0.00431	0.01036	0.01036	0.01381	0.02244	0.04660	0.02589	0.74975	0.03624	0.00690	0.00690	0.01036	0.00431	0.00431
18	0.00883	0.00626	0.00822	0.00971	0.01009	0.00589	0.00639	0.00996	0.01332	0.01776	0.03765	0.67897	0.04509	0.09118	0.01166	0.00327	0.00439	0.01931	0.00639	0.00564
19	0.02519	0.03163	0.01927	0.01755	0.02116	0.65066	0.01318	0.02779	0.04838	0.01805	0.01525	0.01659	0.04921	0.00805	0.00657	0.00189	0.01201	0.00533	0.00399	0.00825
20	0.02660	0.03394	0.02018	0.01834	0.02201	0.72116	0.01376	0.02843	0.02018	0.01743	0.01101	0.01284	0.00917	0.00734	0.00642	0.00183	0.01284	0.00459	0.00367	0.00825
21	0.01904	0.75404	0.03731	0.01218	0.01828	0.02818	0.01218	0.02132	0.01447	0.01675	0.00990	0.01142	0.00914	0.00609	0.00457	0.00152	0.00761	0.00381	0.00305	0.00914
22	0.80005	0.01377	0.01047	0.00936	0.01377	0.01597	0.00771	0.02093	0.01212	0.03195	0.00991	0.01157	0.00771	0.00661	0.00441	0.00220	0.00551	0.00386	0.00441	0.00771
23	0.02663	0.03290	0.02027	0.01820	0.02202	0.66944	0.01374	0.07676	0.02116	0.01946	0.01146	0.01316	0.00939	0.00743	0.00647	0.00186	0.01247	0.00472	0.00392	0.00854
24	0.00962	0.00699	0.00923	0.01073	0.01154	0.00679	0.00774	0.01212	0.04575	0.01930	0.03848	0.58753	0.04477	0.02123	0.00914	0.00294	0.00465	0.13863	0.00663	0.00618
25	0.01364	0.01252	0.02088	0.65811	0.07830	0.01535	0.01903	0.01828	0.01437	0.01891	0.01329	0.01935	0.01008	0.00715	0.00699	0.00232	0.00909	0.00635	0.04798	0.00800
26	0.01558	0.01558	0.02181	0.01869	0.01869	0.02181	0.01558	0.01714	0.01091	0.01714	0.00935	0.01558	0.00935	0.01246	0.02337	0.00312	0.73672	0.00623	0.00312	0.00779
27	0.02660	0.03394	0.02018	0.01834	0.02201	0.72116	0.01376	0.02843	0.02018	0.01743	0.01101	0.01284	0.00917	0.00734	0.00642	0.00183	0.01284	0.00459	0.00367	0.00825
28	0.02660	0.03394	0.02018	0.01834	0.02201	0.72116	0.01376	0.02843	0.02018	0.01743	0.01101	0.01284	0.00917	0.00734	0.00642	0.00183	0.01284	0.00459	0.00367	0.00825
29	0.01008	0.00728	0.00952	0.00896	0.01064	0.00672	0.00672	0.01344	0.02016	0.02855	0.70158	0.05319	0.06719	0.01456	0.00840	0.00224	0.00336	0.01288	0.00784	0.00672
30	0.02164	0.01970	0.01575	0.01364	0.01704	0.24815	0.01063	0.20727	0.02175	0.02837	0.01701	0.01900	0.01323	0.00818	0.00665	0.00190	0.03120	0.00588	0.28426	0.00875
31	0.01180	0.00730	0.00937	0.00978	0.01136	0.00659	0.00705	0.01364	0.01579	0.10633	0.12288	0.43659	0.15708	0.01888	0.00867	0.00266	0.00426	0.03619	0.00703	0.00675
32	0.01308	0.00781	0.01083	0.01044	0.01127	0.00834	0.00747	0.05120	0.05008	0.01614	0.01498	0.02297	0.01401	0.02885	0.16892	0.53961	0.00892	0.00660	0.00372	0.00476
33	0.02606	0.01944	0.02080	0.01618	0.02170	0.02161	0.01329	0.61219	0.10452	0.04325	0.01838	0.01812	0.01315	0.00867	0.00714	0.00217	0.00760	0.00659	0.00714	0.01202
34	0.01008	0.00728	0.00952	0.00896	0.01064	0.00672	0.00672	0.01344	0.02016	0.02855	0.70158	0.05319	0.06719	0.01456	0.00840	0.00224	0.00336	0.01288	0.00784	0.00672
35	0.01029	0.00688	0.00779	0.00785	0.00787	0.00686	0.00440	0.01034	0.01048	0.01398	0.02309	0.07376	0.02671	0.72146	0.03519	0.00675	0.00680	0.01074	0.00440	0.00437
36	0.01001	0.00728	0.00943	0.00889	0.01060	0.00669	0.00667	0.01331	0.02000	0.02818	0.67650	0.05380	0.09249	0.01470	0.00840	0.00225	0.00337	0.01296	0.00779	0.00669
37	0.02503	0.03064	0.01946	0.01766	0.02139	0.59676	0.01332	0.03010	0.13907	0.01961	0.01419	0.01527	0.01139	0.00775	0.00657	0.00194	0.01157	0.00520	0.00430	0.00879
38	0.05204	0.04164	0.21155	0.01472	0.02062	0.01425	0.01460	0.11969	0.06550	0.19053	0.06649	0.11569	0.02111	0.01022	0.00719	0.00229	0.00714	0.00842	0.00613	0.01016

[dist]
# distance from previous block
# <min> <max>
0	1

[block]
# block no. 4 follows, 29 sequences, length 17
# corresponding to MSA columns:
# 202-218
name=unknown_E
#
# <colnr> <probs for GDERKNQSTAVLIFYWHMCP>
#	G	D	E	R	K	N	Q	S	T	A	V	L	I	F	Y	W	H	M	C	P
0	0.09042	0.01723	0.01912	0.01477	0.02031	0.01830	0.01220	0.44535	0.02806	0.23235	0.01964	0.01868	0.01332	0.00847	0.00692	0.00216	0.00715	0.00642	0.00738	0.01176
1	0.80005	0.01377	0.01047	0.00936	0.01377	0.01597	0.00771	0.02093	0.01212	0.03195	0.00991	0.01157	0.00771	0.00661	0.00441	0.00220	0.00551	0.00386	0.00441	0.00771
2	0.01428	0.03683	0.71286	0.02030	0.03082	0.01654	0.02631	0.02255	0.01503	0.02255	0.01278	0.01503	0.00902	0.00677	0.00677	0.00226	0.01052	0.00526	0.00301	0.01052
3	0.01237	0.00618	0.00928	0.00928	0.00928	0.00618	0.00618	0.00928	0.00928	0.01237	0.01237	0.02165	0.01237	0.02474	0.02783	0.79283	0.00618	0.00618	0.00309	0.00309
4	0.01729	0.01658	0.02830	0.09894	0.65272	0.01683	0.02169	0.02156	0.01606	0.02286	0.01333	0.01773	0.01114	0.00641	0.00706	0.00214	0.00854	0.00634	0.00350	0.01101
5	0.00868	0.00620	0.00826	0.00991	0.01033	0.00578	0.00661	0.00991	0.01363	0.01818	0.03925	0.74510	0.04710	0.02231	0.00909	0.00289	0.00413	0.02024	0.00661	0.00578
6	0.74800	0.01419	0.01120	0.00984	0.01433	0.01639	0.00810	0.06542	0.01356	0.03282	0.01040	0.01194	0.00801	0.00674	0.00459	0.00220	0.00567	0.00403	0.00459	0.00801
7	0.62090	0.01463	0.01235	0.01057	0.01510	0.01672	0.00869	0.14510	0.01626	0.03415	0.01184	0.01325	0.00899	0.00705	0.00494	0.00217	0.00585	0.00446	0.03849	0.00849
8	0.00972	0.00690	0.00883	0.00902	0.01002	0.00648	0.00624	0.01185	0.01646	0.02282	0.38416	0.25263	0.05374	0.15249	0.01374	0.00329	0.00424	0.01455	0.00683	0.00600
9	0.01428	0.03683	0.71286	0.02030	0.03082	0.01654	0.02631	0.02255	0.01503	0.02255	0.01278	0.01503	0.00902	0.00677	0.00677	0.00226	0.01052	0.00526	0.00301	0.01052
10	0.01022	0.00746	0.01056	0.01056	0.01153	0.00842	0.00780	0.01215	0.01118	0.01588	0.01988	0.03244	0.01974	0.22046	0.55713	0.01035	0.01615	0.00828	0.00393	0.00587
11	0.01064	0.00782	0.01016	0.01043	0.01202	0.00761	0.00806	0.01472	0.06339	0.02512	0.38727	0.18509	0.05462	0.01679	0.00877	0.00260	0.00436	0.15641	0.00729	0.00682
12	0.02340	0.01582	0.01905	0.01544	0.02043	0.01693	0.05343	0.18549	0.32857	0.20363	0.02509	0.02332	0.01779	0.00896	0.00727	0.00230	0.00665	0.00747	0.00738	0.01157
13	0.16580	0.01513	0.01625	0.01295	0.01815	0.05101	0.01054	0.13731	0.07085	0.33477	0.02091	0.01958	0.01422	0.00807	0.00647	0.00209	0.00651	0.00613	0.00698	0.07628
14	0.01868	0.01154	0.01715	0.01381	0.01766	0.01106	0.10168	0.02345	0.07786	0.24169	0.24245	0.03675	0.09814	0.01137	0.00860	0.00232	0.03949	0.00993	0.00717	0.00920
15	0.12215	0.38997	0.05334	0.01385	0.01913	0.09287	0.05058	0.04518	0.05096	0.02118	0.01398	0.07198	0.01285	0.00788	0.00563	0.00190	0.00785	0.00584	0.00397	0.00889
16	0.14742	0.08304	0.12564	0.01684	0.02266	0.01610	0.14595	0.02487	0.06444	0.17161	0.01934	0.04637	0.03298	0.00834	0.00756	0.00228	0.04267	0.00702	0.00515	0.00972

[dist]
# distance from previous block
# <min> <max>
0	5

[block]
# block no. 5 follows, 29 sequences, length 21
# corresponding to MSA columns:
# 224-244
name=unknown_F
#
# <colnr> <probs for GDERKNQSTAVLIFYWHMCP>
#	G	D	E	R	K	N	Q	S	T	A	V	L	I	F	Y	W	H	M	C	P
0	0.01188	0.00966	0.01133	0.00968	0.01323	0.00810	0.00730	0.01517	0.04608	0.02260	0.15009	0.14954	0.13841	0.04461	0.00839	0.00209	0.00457	0.01051	0.00577	0.33100
1	0.01256	0.01025	0.01317	0.01098	0.01488	0.00921	0.00866	0.01543	0.01317	0.02000	0.01573	0.02110	0.01403	0.02836	0.34883	0.00604	0.01189	0.00585	0.00402	0.41584
2	0.01618	0.01355	0.01302	0.01154	0.01477	0.08196	0.00886	0.13693	0.12612	0.05269	0.09226	0.05837	0.26827	0.06181	0.00961	0.00259	0.00590	0.01070	0.00654	0.00832
3	0.01646	0.01463	0.02265	0.02908	0.37488	0.01470	0.04944	0.07772	0.05799	0.02450	0.06292	0.06339	0.01928	0.09370	0.01062	0.00270	0.00752	0.00812	0.00464	0.04505
4	0.00899	0.00692	0.00826	0.00908	0.01038	0.00632	0.00636	0.01119	0.03718	0.01970	0.09985	0.44068	0.26951	0.01987	0.00875	0.00266	0.00394	0.01753	0.00672	0.00611
5	0.01375	0.01138	0.01335	0.01053	0.01540	0.00912	0.00815	0.04594	0.01544	0.02294	0.02111	0.17222	0.04877	0.00960	0.00630	0.00155	0.00507	0.00819	0.00496	0.55620
6	0.01610	0.01353	0.01760	0.01352	0.01827	0.01268	0.06920	0.13102	0.01810	0.02619	0.08064	0.06053	0.01894	0.04875	0.00933	0.00204	0.05764	0.00713	0.00506	0.37373
7	0.02432	0.01599	0.04659	0.01427	0.01961	0.01561	0.01194	0.18065	0.23849	0.26377	0.02416	0.02231	0.01684	0.00869	0.00703	0.00218	0.00646	0.00699	0.00736	0.06676
8	0.00906	0.00636	0.00815	0.00943	0.00975	0.00604	0.00609	0.01001	0.01289	0.01719	0.03544	0.58710	0.04230	0.18686	0.01523	0.00380	0.00476	0.01801	0.00609	0.00545
9	0.01582	0.10385	0.31864	0.05980	0.03316	0.01836	0.30458	0.02231	0.01569	0.02183	0.01317	0.01664	0.00982	0.00638	0.00725	0.00225	0.01080	0.00651	0.00327	0.00985
10	0.01210	0.00916	0.01219	0.01305	0.08521	0.00888	0.00879	0.01492	0.01794	0.06562	0.35277	0.04955	0.24214	0.01422	0.00924	0.00233	0.05575	0.01201	0.00674	0.00740
11	0.01017	0.00763	0.01144	0.01144	0.01272	0.00890	0.00890	0.01272	0.01144	0.01653	0.01907	0.02797	0.01780	0.05340	0.72153	0.01144	0.01907	0.00763	0.00381	0.00636
12	0.01674	0.39869	0.03047	0.07754	0.02266	0.02142	0.11217	0.02113	0.06215	0.01912	0.01392	0.01710	0.01182	0.01253	0.09660	0.00306	0.00956	0.00563	0.03891	0.00879
13	0.01620	0.01291	0.01512	0.01089	0.01715	0.01004	0.00875	0.04487	0.01581	0.06228	0.01369	0.01538	0.01100	0.00560	0.00545	0.00116	0.00542	0.00447	0.00459	0.71921
14	0.01386	0.01170	0.01380	0.01045	0.01590	0.00894	0.00817	0.01674	0.01460	0.02246	0.01661	0.12330	0.01598	0.00781	0.00584	0.00133	0.00510	0.00660	0.00457	0.67625
15	0.01589	0.28000	0.48381	0.01755	0.02657	0.02048	0.02152	0.02213	0.01484	0.02058	0.01180	0.01381	0.00906	0.00654	0.00602	0.00201	0.00954	0.00477	0.00302	0.01005
16	0.02293	0.01429	0.02235	0.02846	0.37517	0.01353	0.01605	0.02639	0.01794	0.30680	0.02337	0.02374	0.05990	0.00814	0.00719	0.00217	0.00714	0.00726	0.00591	0.01128
17	0.02081	0.02085	0.02247	0.07726	0.29332	0.22917	0.01647	0.07916	0.01889	0.06054	0.01807	0.04164	0.05378	0.00821	0.00702	0.00210	0.00925	0.00681	0.00442	0.00976
18	0.01709	0.46051	0.31379	0.01550	0.02341	0.02341	0.01796	0.02182	0.01470	0.01913	0.01108	0.01290	0.00909	0.00637	0.00547	0.00182	0.00881	0.00440	0.00303	0.00971
19	0.05637	0.02220	0.02169	0.01882	0.07020	0.27197	0.09961	0.07244	0.03514	0.05068	0.01355	0.01554	0.01067	0.00674	0.00645	0.00180	0.00937	0.00541	0.00437	0.20696
20	0.04529	0.01675	0.05436	0.01386	0.01833	0.05260	0.01164	0.30360	0.06943	0.07903	0.22552	0.02862	0.02935	0.01024	0.00738	0.00218	0.00655	0.00829	0.00697	0.00999

[dist]
# distance from previous block
# <min> <max>
0	2

[block]
# block no. 6 follows, 29 sequences, length 33
# corresponding to MSA columns:
# 247,248,253-283
name=unknown_G
#
# <colnr> <probs for GDERKNQSTAVLIFYWHMCP>
#	G	D	E	R	K	N	Q	S	T	A	V	L	I	F	Y	W	H	M	C	P
0	0.01731	0.01627	0.02713	0.17053	0.54978	0.01697	0.02106	0.05349	0.01669	0.02338	0.01344	0.01785	0.01099	0.00660	0.00707	0.00216	0.00862	0.00634	0.00363	0.01069
1	0.01945	0.01492	0.01703	0.01343	0.01829	0.06243	0.03579	0.11079	0.05960	0.12562	0.01865	0.07348	0.01562	0.03427	0.00837	0.00200	0.04235	0.00689	0.00553	0.31549
2	0.01999	0.01074	0.01318	0.01097	0.01488	0.00987	0.00884	0.09195	0.01991	0.26168	0.14689	0.03706	0.11336	0.01127	0.00731	0.00214	0.00516	0.05039	0.08628	0.07813
3	0.01839	0.01563	0.01648	0.01463	0.01877	0.01803	0.01143	0.08454	0.64466	0.03088	0.02812	0.02588	0.02104	0.00958	0.00724	0.00239	0.00580	0.00793	0.00724	0.01133
4	0.01762	0.01692	0.02890	0.04371	0.70533	0.01692	0.02185	0.02185	0.01621	0.02326	0.01339	0.01762	0.01128	0.00634	0.00705	0.00211	0.00846	0.00634	0.00352	0.01128
5	0.01327	0.00664	0.00664	0.00664	0.00830	0.00664	0.00498	0.01659	0.01493	0.02655	0.02323	0.02655	0.01825	0.00830	0.00498	0.00166	0.00332	0.00664	0.78928	0.00664
6	0.02607	0.01898	0.02030	0.01568	0.02108	0.02096	0.01291	0.63334	0.03213	0.04355	0.01754	0.01778	0.01256	0.00853	0.00697	0.00210	0.00751	0.00643	0.06387	0.01171
7	0.01798	0.01360	0.01468	0.01248	0.01607	0.03989	0.00984	0.21305	0.14121	0.06843	0.26975	0.03634	0.09308	0.01168	0.00769	0.00224	0.00557	0.00973	0.00732	0.00936
8	0.01904	0.75404	0.03731	0.01218	0.01828	0.02818	0.01218	0.02132	0.01447	0.01675	0.00990	0.01142	0.00914	0.00609	0.00457	0.00152	0.00761	0.00381	0.00305	0.00914
9	0.01221	0.00831	0.01158	0.01291	0.01470	0.00822	0.01122	0.01547	0.01672	0.04837	0.06706	0.07693	0.04125	0.01902	0.00967	0.00319	0.00639	0.60330	0.00670	0.00678
10	0.01237	0.00618	0.00928	0.00928	0.00928	0.00618	0.00618	0.00928	0.00928	0.01237	0.01237	0.02165	0.01237	0.02474	0.02783	0.79283	0.00618	0.00618	0.00309	0.00309
11	0.76693	0.01372	0.01092	0.03981	0.01526	0.01597	0.00822	0.02082	0.01221	0.03137	0.01003	0.01188	0.00779	0.00663	0.00452	0.00221	0.00568	0.00396	0.00435	0.00772
12	0.00868	0.00620	0.00826	0.00991	0.01033	0.00578	0.00661	0.00991	0.01363	0.01818	0.03925	0.74510	0.04710	0.02231	0.00909	0.00289	0.00413	0.02024	0.00661	0.00578
13	0.80005	0.01377	0.01047	0.00936	0.01377	0.01597	0.00771	0.02093	0.01212	0.03195	0.00991	0.01157	0.00771	0.00661	0.00441	0.00220	0.00551	0.00386	0.00441	0.00771
14	0.01327	0.00664	0.00664	0.00664	0.00830	0.00664	0.00498	0.01659	0.01493	0.02655	0.02323	0.02655	0.01825	0.00830	0.00498	0.00166	0.00332	0.00664	0.78928	0.00664
15	0.00868	0.00620	0.00826	0.00991	0.01033	0.00578	0.00661	0.00991	0.01363	0.01818	0.03925	0.74510	0.04710	0.02231	0.00909	0.00289	0.00413	0.02024	0.00661	0.00578
16	0.00888	0.00723	0.00786	0.00770	0.00990	0.00621	0.00577	0.01112	0.01732	0.02183	0.24740	0.06426	0.52556	0.01707	0.00841	0.00236	0.00354	0.01443	0.00695	0.00621
17	0.01237	0.00618	0.00928	0.00928	0.00928	0.00618	0.00618	0.00928	0.00928	0.01237	0.01237	0.02165	0.01237	0.02474	0.02783	0.79283	0.00618	0.00618	0.00309	0.00309
18	0.01428	0.03683	0.71286	0.02030	0.03082	0.01654	0.02631	0.02255	0.01503	0.02255	0.01278	0.01503	0.00902	0.00677	0.00677	0.00226	0.01052	0.00526	0.00301	0.01052
19	0.02498	0.01343	0.01628	0.01310	0.01777	0.01339	0.01060	0.16451	0.13169	0.34928	0.13891	0.02800	0.02547	0.00986	0.00737	0.00223	0.00590	0.00811	0.00805	0.01107
20	0.01033	0.00702	0.00836	0.00836	0.00857	0.00723	0.00506	0.01074	0.01053	0.01425	0.02189	0.04359	0.02458	0.63718	0.14703	0.00764	0.00887	0.00991	0.00423	0.00464
21	0.02660	0.03394	0.02018	0.01834	0.02201	0.72116	0.01376	0.02843	0.02018	0.01743	0.01101	0.01284	0.00917	0.00734	0.00642	0.00183	0.01284	0.00459	0.00367	0.00825
22	0.67651	0.01487	0.03718	0.01182	0.04864	0.01617	0.00934	0.02226	0.06179	0.03103	0.01157	0.01308	0.00895	0.00682	0.00483	0.00222	0.00584	0.00433	0.00452	0.00825
23	0.01496	0.01296	0.01669	0.01262	0.01789	0.01126	0.05760	0.04820	0.04881	0.02456	0.08668	0.04353	0.01824	0.00756	0.00702	0.00155	0.04149	0.00633	0.00485	0.51720
24	0.00873	0.00630	0.00827	0.00974	0.01031	0.00584	0.00656	0.01010	0.01408	0.01873	0.07284	0.67852	0.08020	0.02172	0.00902	0.00284	0.00407	0.01963	0.00667	0.00584
25	0.04736	0.05360	0.02165	0.07918	0.22438	0.10011	0.01491	0.07674	0.10986	0.02454	0.01528	0.01774	0.01228	0.00878	0.03393	0.00230	0.00836	0.00586	0.00445	0.13868
26	0.02102	0.01750	0.02411	0.01998	0.05723	0.06783	0.17894	0.18701	0.11618	0.10206	0.05001	0.02693	0.01855	0.00921	0.00772	0.00234	0.00846	0.06865	0.00599	0.01029
27	0.01800	0.01569	0.02566	0.21957	0.05756	0.03901	0.21185	0.07763	0.05064	0.09499	0.05179	0.02283	0.03895	0.00787	0.00753	0.00227	0.00897	0.00762	0.00483	0.03676
28	0.15995	0.01698	0.01677	0.01379	0.01851	0.06638	0.01116	0.30132	0.07537	0.05957	0.04196	0.04668	0.01650	0.00914	0.00667	0.00213	0.00694	0.03838	0.00617	0.08563
29	0.02355	0.02404	0.05005	0.01981	0.04888	0.29487	0.12142	0.10998	0.04623	0.11197	0.01637	0.04409	0.01287	0.00824	0.00771	0.00215	0.03652	0.00663	0.00496	0.00967
30	0.00868	0.00620	0.00826	0.00991	0.01033	0.00578	0.00661	0.00991	0.01363	0.01818	0.03925	0.74510	0.04710	0.02231	0.00909	0.00289	0.00413	0.02024	0.00661	0.00578
31	0.01774	0.09344	0.03034	0.03985	0.60537	0.01813	0.04913	0.02184	0.01606	0.02257	0.01308	0.01705	0.01104	0.00630	0.00685	0.00207	0.00852	0.00617	0.00348	0.01099
32	0.02042	0.22038	0.02304	0.01613	0.07345	0.13490	0.01236	0.05089	0.16579	0.09387	0.04377	0.02380	0.04969	0.00885	0.00654	0.00204	0.00758	0.03145	0.00532	0.00972

[dist]
# distance from previous block
# <min> <max>
0	1

[block]
# block no. 7 follows, 29 sequences, length 149
# corresponding to MSA columns:
# 285-293,300-398,416-456
name=unknown_H
#
# <colnr> <probs for GDERKNQSTAVLIFYWHMCP>
#	G	D	E	R	K	N	Q	S	T	A	V	L	I	F	Y	W	H	M	C	P
0	0.01095	0.00868	0.01016	0.01031	0.01236	0.00852	0.00771	0.01635	0.14078	0.02243	0.13288	0.27367	0.19722	0.01706	0.00842	0.00257	0.00444	0.07254	0.00680	0.03617
1	0.04689	0.43406	0.26927	0.01509	0.02257	0.04424	0.01691	0.02235	0.01493	0.04007	0.01148	0.01311	0.00930	0.00646	0.00546	0.00183	0.00866	0.00444	0.00327	0.00963
2	0.01928	0.02048	0.02654	0.05194	0.23659	0.17865	0.14271	0.06210	0.01748	0.02218	0.01397	0.04281	0.01194	0.00798	0.00904	0.00224	0.09264	0.00683	0.02511	0.00949
3	0.00852	0.00718	0.00738	0.00740	0.00970	0.00604	0.00552	0.01039	0.01636	0.01971	0.10553	0.09090	0.64512	0.01799	0.00844	0.00241	0.00361	0.01509	0.00668	0.00604
4	0.01477	0.01266	0.01477	0.01055	0.01687	0.00949	0.00844	0.01793	0.01477	0.02320	0.01266	0.01477	0.01055	0.00527	0.00527	0.00105	0.00527	0.00422	0.00422	0.79328
5	0.01870	0.01896	0.02786	0.04066	0.62337	0.10139	0.02088	0.02264	0.01669	0.02256	0.01311	0.01705	0.01103	0.00646	0.00697	0.00208	0.00898	0.00613	0.00354	0.01092
6	0.02080	0.01869	0.03196	0.02337	0.02966	0.01880	0.37088	0.24190	0.02219	0.06250	0.01567	0.01841	0.01149	0.00721	0.00839	0.00228	0.03946	0.00742	0.00503	0.04390
7	0.00876	0.00638	0.00829	0.00977	0.01044	0.00590	0.00669	0.01014	0.01401	0.01841	0.04251	0.64982	0.11312	0.02177	0.00905	0.00286	0.00418	0.04547	0.00661	0.00584
8	0.06332	0.01350	0.01939	0.01549	0.01966	0.05081	0.17072	0.04416	0.04571	0.13949	0.10764	0.03105	0.04814	0.00967	0.00727	0.00223	0.00701	0.05312	0.14286	0.00877
9	0.06241	0.01384	0.01545	0.01280	0.01752	0.01400	0.01024	0.11815	0.23186	0.13044	0.02498	0.05106	0.04575	0.00945	0.00684	0.00208	0.00582	0.03501	0.00655	0.18575
10	0.00934	0.00675	0.00883	0.00936	0.01045	0.00624	0.00662	0.01162	0.01686	0.02321	0.35909	0.38807	0.08013	0.01843	0.00873	0.00256	0.00374	0.01651	0.00720	0.00624
11	0.01018	0.00760	0.01129	0.01129	0.01251	0.00882	0.00871	0.01262	0.01140	0.01642	0.01921	0.02873	0.01813	0.08166	0.69373	0.01126	0.01858	0.00774	0.00383	0.00627
12	0.01364	0.00932	0.01361	0.19549	0.02138	0.01002	0.06950	0.01756	0.01492	0.02406	0.01972	0.02394	0.01533	0.00779	0.00584	0.00191	0.00569	0.00672	0.51635	0.00723
13	0.01428	0.03683	0.71286	0.02030	0.03082	0.01654	0.02631	0.02255	0.01503	0.02255	0.01278	0.01503	0.00902	0.00677	0.00677	0.00226	0.01052	0.00526	0.00301	0.01052
14	0.00865	0.00629	0.00817	0.00967	0.01026	0.00580	0.00650	0.00994	0.01387	0.01827	0.04221	0.68421	0.10608	0.02192	0.00903	0.00285	0.00408	0.01977	0.00661	0.00580
15	0.01122	0.00875	0.01036	0.00970	0.01193	0.00863	0.00735	0.01742	0.14362	0.02727	0.47504	0.05077	0.16212	0.01422	0.00819	0.00230	0.00382	0.01234	0.00753	0.00744
16	0.50472	0.01613	0.01463	0.01205	0.01695	0.01831	0.00994	0.27335	0.02028	0.03689	0.01266	0.01368	0.00939	0.00735	0.00544	0.00218	0.00640	0.00483	0.00544	0.00939
