[name]
unknown

[dist]
# distance from previous block
# <min> <max>
0	65

[block]
# block no. 0 follows, 28 sequences, length 62
# corresponding to MSA columns:
# 77-101,112-123,125-149
name=unknown_A
#
# <colnr> <probs for GDERKNQSTAVLIFYWHMCP>
#	G	D	E	R	K	N	Q	S	T	A	V	L	I	F	Y	W	H	M	C	P
0	0.01952	0.03979	0.08479	0.04432	0.13534	0.06639	0.01495	0.17415	0.04820	0.06334	0.04259	0.05472	0.01807	0.03092	0.03199	0.00266	0.00837	0.04878	0.00540	0.06575
1	0.01543	0.01431	0.02364	0.46884	0.24072	0.01641	0.02008	0.04760	0.01596	0.02128	0.01427	0.04360	0.01166	0.00763	0.00732	0.00235	0.00912	0.00696	0.00363	0.00921
2	0.00886	0.00633	0.00843	0.01012	0.01054	0.00590	0.00675	0.01012	0.01392	0.01856	0.04006	0.73979	0.04808	0.02277	0.00928	0.00295	0.00422	0.02066	0.00675	0.00590
3	0.59982	0.05071	0.13244	0.01283	0.04122	0.01699	0.01185	0.02170	0.01314	0.02997	0.01075	0.01263	0.00829	0.00674	0.00501	0.00222	0.00671	0.00427	0.00416	0.00856
4	0.01814	0.08758	0.04155	0.01888	0.10625	0.16289	0.03430	0.02314	0.09070	0.04530	0.07492	0.05681	0.02197	0.01295	0.04915	0.00282	0.03336	0.07914	0.00503	0.03513
5	0.01355	0.00678	0.00678	0.00678	0.00847	0.00678	0.00508	0.01694	0.01524	0.02710	0.02371	0.02710	0.01863	0.00847	0.00508	0.00169	0.00339	0.00678	0.78489	0.00678
6	0.01458	0.03760	0.70688	0.02072	0.03146	0.01688	0.02686	0.02302	0.01535	0.02302	0.01304	0.01535	0.00921	0.00691	0.00691	0.00230	0.01074	0.00537	0.00307	0.01074
7	0.01159	0.00772	0.01013	0.00937	0.01131	0.00708	0.00708	0.01498	0.02059	0.06845	0.65655	0.05258	0.06564	0.01452	0.00850	0.00228	0.00359	0.01281	0.00806	0.00718
8	0.01355	0.00678	0.00678	0.00678	0.00847	0.00678	0.00508	0.01694	0.01524	0.02710	0.02371	0.02710	0.01863	0.00847	0.00508	0.00169	0.00339	0.00678	0.78489	0.00678
9	0.18349	0.04777	0.01734	0.01332	0.01845	0.09552	0.01088	0.08312	0.05864	0.36795	0.02128	0.01978	0.01438	0.00828	0.00655	0.00218	0.00706	0.00617	0.00700	0.01083
10	0.04888	0.07260	0.01938	0.06806	0.03857	0.10728	0.01216	0.09443	0.04319	0.33733	0.02307	0.02285	0.03784	0.03230	0.00792	0.00232	0.00764	0.00685	0.00669	0.01064
11	0.01863	0.04319	0.07939	0.06624	0.14729	0.13461	0.08009	0.07655	0.04176	0.04508	0.04997	0.02587	0.06563	0.04359	0.00931	0.00248	0.03225	0.02396	0.00469	0.00940
12	0.02079	0.07978	0.17474	0.02253	0.15332	0.17826	0.03573	0.05262	0.03529	0.08941	0.01579	0.04526	0.01269	0.00780	0.00685	0.00209	0.00950	0.00627	0.00442	0.04688
13	0.03238	0.01275	0.01710	0.01311	0.01874	0.01124	0.01083	0.06550	0.02143	0.67326	0.02815	0.02440	0.01773	0.00898	0.00731	0.00225	0.00627	0.00727	0.00892	0.01237
14	0.01649	0.01575	0.02708	0.15948	0.47467	0.01616	0.06740	0.02085	0.01620	0.02268	0.01746	0.02169	0.05146	0.00735	0.00732	0.00223	0.00862	0.00715	0.02965	0.01032
15	0.01038	0.00779	0.01168	0.01168	0.01298	0.00909	0.00909	0.01298	0.01168	0.01687	0.01947	0.02856	0.01817	0.05452	0.71573	0.01168	0.01947	0.00779	0.00389	0.00649
16	0.01927	0.01463	0.01578	0.01401	0.01810	0.01648	0.01095	0.03671	0.56746	0.10069	0.02906	0.02687	0.02149	0.00967	0.00722	0.00239	0.00563	0.00802	0.06433	0.01125
17	0.01355	0.00678	0.00678	0.00678	0.00847	0.00678	0.00508	0.01694	0.01524	0.02710	0.02371	0.02710	0.01863	0.00847	0.00508	0.00169	0.00339	0.00678	0.78489	0.00678
18	0.01507	0.01292	0.01507	0.01077	0.01723	0.00969	0.00861	0.01830	0.01507	0.02369	0.01292	0.01507	0.01077	0.00538	0.00538	0.00108	0.00538	0.00431	0.00431	0.78898
19	0.01722	0.01550	0.02618	0.28217	0.43790	0.01655	0.02099	0.02165	0.01606	0.05578	0.01416	0.01881	0.01120	0.00688	0.00723	0.00226	0.00888	0.00651	0.00374	0.01035
20	0.01355	0.00678	0.00678	0.00678	0.00847	0.00678	0.00508	0.01694	0.01524	0.02710	0.02371	0.02710	0.01863	0.00847	0.00508	0.00169	0.00339	0.00678	0.78489	0.00678
21	0.01486	0.07901	0.66794	0.02024	0.03072	0.01757	0.02602	0.02295	0.01531	0.02268	0.01287	0.01513	0.00922	0.00687	0.00678	0.00226	0.01057	0.00528	0.00307	0.01066
22	0.01009	0.00738	0.00947	0.00904	0.01076	0.00676	0.00675	0.01330	0.01997	0.02793	0.61738	0.08501	0.11800	0.01548	0.00861	0.00233	0.00348	0.01364	0.00785	0.00676
23	0.01692	0.01618	0.02757	0.21617	0.53602	0.01699	0.02178	0.02137	0.01604	0.02245	0.01348	0.01834	0.01106	0.00668	0.00721	0.00223	0.00890	0.00647	0.00351	0.01065
24	0.01886	0.01600	0.01688	0.01495	0.01920	0.01845	0.01170	0.09079	0.63262	0.03167	0.02859	0.02633	0.02138	0.00977	0.00739	0.00244	0.00594	0.00808	0.00739	0.01158
25	0.01355	0.00678	0.00678	0.00678	0.00847	0.00678	0.00508	0.01694	0.01524	0.02710	0.02371	0.02710	0.01863	0.00847	0.00508	0.00169	0.00339	0.00678	0.78489	0.00678
26	0.05606	0.01475	0.01542	0.01250	0.01664	0.01607	0.01012	0.38763	0.02578	0.03788	0.01959	0.02099	0.01463	0.00854	0.00629	0.00199	0.00608	0.00652	0.31256	0.00997
27	0.00910	0.00660	0.00864	0.01003	0.01077	0.00613	0.00695	0.01069	0.01476	0.01958	0.08952	0.60099	0.09889	0.02171	0.00922	0.00289	0.00426	0.05637	0.00683	0.00604
28	0.02084	0.06506	0.06233	0.04443	0.17712	0.06183	0.03434	0.07211	0.13531	0.13493	0.04248	0.02087	0.01592	0.00792	0.00697	0.00211	0.00774	0.00669	0.00553	0.07547
29	0.01355	0.00678	0.00678	0.00678	0.00847	0.00678	0.00508	0.01694	0.01524	0.02710	0.02371	0.02710	0.01863	0.00847	0.00508	0.00169	0.00339	0.00678	0.78489	0.00678
30	0.01361	0.01047	0.01147	0.01062	0.01289	0.06011	0.00801	0.03958	0.05341	0.06692	0.46722	0.10619	0.08227	0.01435	0.00831	0.00232	0.00465	0.01245	0.00753	0.00760
31	0.02213	0.02587	0.02561	0.08504	0.18347	0.36769	0.10619	0.02627	0.04998	0.02058	0.01328	0.01631	0.01072	0.00716	0.00708	0.00209	0.01133	0.00594	0.00383	0.00945
32	0.00875	0.00737	0.00759	0.00753	0.00992	0.00620	0.00565	0.01074	0.01695	0.02053	0.13213	0.06848	0.63719	0.01808	0.00859	0.00244	0.00366	0.01513	0.00687	0.00620
33	0.01590	0.01590	0.02226	0.01908	0.01908	0.02226	0.01590	0.01749	0.01113	0.01749	0.00954	0.01590	0.00954	0.01272	0.02385	0.00318	0.73123	0.00636	0.00318	0.00795
34	0.01799	0.01727	0.02950	0.04462	0.69919	0.01727	0.02231	0.02231	0.01655	0.02375	0.01367	0.01799	0.01151	0.00648	0.00720	0.00216	0.00864	0.00648	0.00360	0.01151
35	0.01676	0.01694	0.05408	0.10616	0.37590	0.04848	0.03429	0.04891	0.05593	0.02343	0.02039	0.09872	0.04976	0.00926	0.00750	0.00231	0.00822	0.00847	0.00442	0.01009
36	0.01469	0.03680	0.67753	0.02116	0.03175	0.01695	0.05541	0.02303	0.01543	0.02303	0.01312	0.01554	0.00929	0.00687	0.00698	0.00231	0.01081	0.00551	0.00310	0.01070
37	0.00891	0.00640	0.00845	0.00999	0.01053	0.00595	0.00671	0.01028	0.01428	0.01903	0.06821	0.68994	0.06977	0.02231	0.00923	0.00291	0.00417	0.02018	0.00680	0.00595
38	0.04429	0.13616	0.33787	0.02098	0.10944	0.09923	0.02003	0.07069	0.01708	0.02321	0.01317	0.01643	0.01053	0.04164	0.00793	0.00234	0.00977	0.00549	0.00364	0.01009
39	0.01355	0.00678	0.00678	0.00678	0.00847	0.00678	0.00508	0.01694	0.01524	0.02710	0.02371	0.02710	0.01863	0.00847	0.00508	0.00169	0.00339	0.00678	0.78489	0.00678
40	0.02259	0.43449	0.03048	0.01480	0.02022	0.21619	0.01303	0.11013	0.03951	0.02147	0.01198	0.01329	0.01013	0.00701	0.00561	0.00175	0.00921	0.00459	0.00396	0.00955
41	0.79588	0.01406	0.01068	0.00956	0.01406	0.01631	0.00787	0.02137	0.01237	0.03261	0.01012	0.01181	0.00787	0.00675	0.00450	0.00225	0.00562	0.00394	0.00450	0.00787
42	0.01216	0.04137	0.04437	0.01390	0.06408	0.01064	0.07467	0.05839	0.01776	0.02245	0.07913	0.07539	0.42844	0.01471	0.00819	0.00238	0.00565	0.01265	0.00600	0.00765
43	0.01373	0.01292	0.02180	0.72707	0.05006	0.01615	0.02019	0.01857	0.01453	0.01857	0.01292	0.01938	0.00969	0.00727	0.00727	0.00242	0.00969	0.00646	0.00323	0.00807
44	0.02067	0.63465	0.03529	0.01344	0.01927	0.13860	0.01269	0.02293	0.01570	0.01721	0.01029	0.01189	0.00933	0.00642	0.00497	0.00161	0.00863	0.00401	0.00321	0.00918
45	0.01557	0.01469	0.02486	0.38861	0.34183	0.01633	0.02079	0.02011	0.01554	0.02104	0.01434	0.02140	0.01187	0.00745	0.00735	0.00234	0.00909	0.03367	0.00354	0.00957
46	0.01626	0.01313	0.01426	0.01290	0.01646	0.01448	0.00999	0.03098	0.46726	0.05681	0.15121	0.03656	0.10529	0.01166	0.00773	0.00242	0.00513	0.00984	0.00750	0.01013
47	0.04933	0.01544	0.02562	0.05721	0.47348	0.01541	0.05650	0.02170	0.01609	0.07462	0.01672	0.05655	0.01473	0.06397	0.00956	0.00261	0.00823	0.00758	0.00426	0.01040
48	0.01051	0.00731	0.00924	0.00924	0.00970	0.00776	0.00604	0.01141	0.01096	0.01507	0.02170	0.04091	0.02354	0.50304	0.27454	0.00867	0.01140	0.00960	0.00423	0.00513
49	0.01111	0.00943	0.01270	0.01566	0.14974	0.00869	0.00955	0.01397	0.01774	0.02332	0.24084	0.05538	0.34915	0.01503	0.00836	0.00238	0.00473	0.03829	0.00647	0.00746
50	0.01620	0.01325	0.01648	0.10145	0.02167	0.01142	0.01059	0.04208	0.01581	0.05561	0.01371	0.01618	0.01099	0.00615	0.00640	0.00141	0.03054	0.00487	0.00446	0.60073
51	0.00974	0.00725	0.00970	0.01146	0.03436	0.00681	0.00799	0.01171	0.01534	0.02030	0.09855	0.47285	0.11717	0.02062	0.00920	0.00288	0.00466	0.12633	0.00674	0.00633
52	0.02171	0.02092	0.02295	0.06827	0.22071	0.17161	0.01640	0.19687	0.04319	0.02807	0.05400	0.01912	0.01468	0.00839	0.00836	0.00221	0.06074	0.00654	0.00493	0.01033
53	0.02002	0.08138	0.11895	0.03091	0.33779	0.01902	0.07854	0.14825	0.01985	0.05449	0.01471	0.01743	0.01141	0.00701	0.00709	0.00216	0.00895	0.00635	0.00442	0.01127
54	0.01084	0.00742	0.00911	0.00971	0.01024	0.00739	0.00676	0.01192	0.01262	0.01666	0.02852	0.09253	0.03222	0.48699	0.02737	0.00571	0.00680	0.20679	0.00522	0.00518
55	0.05813	0.01729	0.01685	0.01497	0.01919	0.06988	0.01168	0.08382	0.55544	0.03072	0.02637	0.02461	0.01981	0.00945	0.00718	0.00239	0.00646	0.00762	0.00697	0.01116
56	0.02192	0.31115	0.05716	0.02074	0.13116	0.23168	0.04132	0.04625	0.01776	0.04146	0.01215	0.01419	0.01013	0.00684	0.00606	0.00186	0.00977	0.00499	0.00372	0.00968
57	0.01087	0.00864	0.01255	0.08695	0.01735	0.00879	0.04072	0.01431	0.05415	0.02017	0.03651	0.42633	0.06692	0.01888	0.00905	0.00290	0.00574	0.14610	0.00626	0.00681
58	0.01887	0.64484	0.10721	0.01340	0.02001	0.02709	0.01391	0.02258	0.04195	0.01826	0.01120	0.01267	0.00984	0.00644	0.00501	0.00167	0.00800	0.00422	0.00328	0.00956
59	0.00936	0.00662	0.00846	0.00967	0.01016	0.00628	0.00642	0.01053	0.01362	0.01810	0.05672	0.52703	0.06579	0.17242	0.01503	0.00378	0.00486	0.04318	0.00629	0.00566
60	0.01291	0.00914	0.01185	0.01237	0.01391	0.00943	0.00962	0.08451	0.01706	0.04556	0.03524	0.40055	0.03939	0.01947	0.00995	0.00298	0.04160	0.21061	0.00669	0.00716
61	0.02759	0.02167	0.02170	0.01691	0.02254	0.08626	0.01384	0.61555	0.03293	0.04323	0.01688	0.01705	0.01209	0.00861	0.00721	0.00215	0.00847	0.00637	0.00695	0.01200

[dist]
# distance from previous block
# <min> <max>
0	31

[block]
# block no. 1 follows, 28 sequences, length 16
# corresponding to MSA columns:
# 181-192,199-202
name=unknown_B
#
# <colnr> <probs for GDERKNQSTAVLIFYWHMCP>
#	G	D	E	R	K	N	Q	S	T	A	V	L	I	F	Y	W	H	M	C	P
0	0.01943	0.74891	0.03809	0.01244	0.01866	0.02876	0.01244	0.02177	0.01477	0.01710	0.01011	0.01166	0.00933	0.00622	0.00466	0.00155	0.00777	0.00389	0.00311	0.00933
1	0.01038	0.00779	0.01168	0.01168	0.01298	0.00909	0.00909	0.01298	0.01168	0.01687	0.01947	0.02856	0.01817	0.05452	0.71573	0.01168	0.01947	0.00779	0.00389	0.00649
2	0.01401	0.01193	0.01868	0.49690	0.03828	0.01447	0.01651	0.05728	0.01533	0.02079	0.01532	0.02151	0.01211	0.01515	0.12210	0.00384	0.01055	0.00671	0.08058	0.00795
3	0.00936	0.00654	0.00829	0.00948	0.00978	0.00624	0.00606	0.01025	0.01294	0.01725	0.03504	0.53712	0.04174	0.23409	0.01739	0.00415	0.00505	0.01771	0.00606	0.00547
4	0.00905	0.00646	0.00865	0.01034	0.01084	0.00607	0.00708	0.01045	0.01410	0.01877	0.03996	0.69596	0.04766	0.02259	0.00933	0.00298	0.00438	0.06262	0.00674	0.00596
5	0.01458	0.03760	0.70688	0.02072	0.03146	0.01688	0.02686	0.02302	0.01535	0.02302	0.01304	0.01535	0.00921	0.00691	0.00691	0.00230	0.01074	0.00537	0.00307	0.01074
6	0.01610	0.14349	0.50477	0.01945	0.02867	0.04276	0.05314	0.02409	0.06022	0.02244	0.01371	0.01569	0.01018	0.00698	0.00666	0.00219	0.01011	0.00546	0.00342	0.01046
7	0.01202	0.00833	0.00888	0.00862	0.01078	0.00824	0.00643	0.01726	0.11440	0.02485	0.13452	0.06917	0.22446	0.04435	0.00844	0.00238	0.00401	0.01102	0.27466	0.00716
8	0.19912	0.01851	0.01674	0.01435	0.01894	0.11446	0.01139	0.15155	0.26410	0.08808	0.02029	0.01970	0.01498	0.00854	0.00659	0.00226	0.00720	0.00637	0.00634	0.01048
9	0.01414	0.01334	0.02255	0.66090	0.11300	0.01626	0.02039	0.01893	0.01473	0.01907	0.01299	0.01925	0.00987	0.00719	0.00726	0.00240	0.00959	0.00646	0.00327	0.00841
10	0.01907	0.01422	0.01613	0.01361	0.01694	0.01591	0.01069	0.30265	0.09304	0.03129	0.04077	0.02675	0.01858	0.13173	0.14661	0.00478	0.03827	0.00779	0.04184	0.00933
11	0.01241	0.00809	0.01039	0.00971	0.01179	0.00751	0.00731	0.01615	0.04510	0.08954	0.51566	0.11517	0.09291	0.01505	0.00848	0.00236	0.00386	0.01324	0.00789	0.00741
12	0.01655	0.25942	0.33233	0.01836	0.02629	0.02041	0.09702	0.04503	0.01574	0.02146	0.01300	0.01585	0.01032	0.01062	0.06536	0.00286	0.01060	0.00552	0.00337	0.00988
13	0.04646	0.14301	0.05344	0.05059	0.06436	0.10328	0.06945	0.10468	0.12275	0.09885	0.05851	0.02048	0.01645	0.00816	0.00685	0.00214	0.00828	0.00664	0.00540	0.01023
14	0.01264	0.00996	0.01395	0.19830	0.04380	0.01090	0.01131	0.06642	0.01629	0.02220	0.08363	0.16835	0.09551	0.04041	0.10706	0.00385	0.00810	0.01100	0.06895	0.00737
15	0.01816	0.01685	0.02937	0.09373	0.37106	0.01725	0.15528	0.06162	0.01764	0.05160	0.04580	0.02024	0.01409	0.00742	0.00844	0.00231	0.04713	0.00725	0.00420	0.01055

[dist]
# distance from previous block
# <min> <max>
9	14

[block]
# block no. 2 follows, 28 sequences, length 36
# corresponding to MSA columns:
# 217-243,248-256
name=unknown_C
#
# <colnr> <probs for GDERKNQSTAVLIFYWHMCP>
#	G	D	E	R	K	N	Q	S	T	A	V	L	I	F	Y	W	H	M	C	P
0	0.00931	0.00843	0.05325	0.01054	0.01170	0.00669	0.00784	0.01099	0.01395	0.01864	0.03899	0.61997	0.07628	0.06348	0.01070	0.00312	0.00477	0.01883	0.00638	0.00614
1	0.01605	0.01372	0.01641	0.01347	0.06142	0.01130	0.00992	0.05212	0.05510	0.02517	0.01416	0.01608	0.01156	0.00588	0.00571	0.00128	0.00574	0.00478	0.00459	0.65553
2	0.09936	0.01250	0.05732	0.01308	0.05438	0.01119	0.01019	0.01721	0.05659	0.02442	0.15991	0.07522	0.17601	0.01257	0.00864	0.00229	0.05843	0.03047	0.00576	0.11444
3	0.06253	0.01596	0.01958	0.06216	0.02043	0.05970	0.01390	0.04398	0.04331	0.04663	0.01277	0.01772	0.01124	0.03095	0.03701	0.00303	0.40136	0.00620	0.00402	0.08754
4	0.01015	0.00775	0.01177	0.01194	0.01315	0.00731	0.07080	0.01206	0.01431	0.01953	0.03584	0.56916	0.04151	0.04793	0.01004	0.00300	0.00515	0.04590	0.05638	0.00631
5	0.01424	0.01358	0.01534	0.01436	0.01540	0.10157	0.01126	0.01607	0.01322	0.01745	0.02015	0.07251	0.03715	0.11900	0.19589	0.00565	0.23786	0.06819	0.00422	0.00690
6	0.01649	0.01524	0.02501	0.32941	0.35679	0.01672	0.02029	0.06067	0.01695	0.02314	0.04015	0.01996	0.01302	0.00728	0.00728	0.00228	0.00884	0.00673	0.00384	0.00993
7	0.00906	0.00647	0.00867	0.01036	0.01087	0.00608	0.00711	0.01048	0.01412	0.01879	0.03995	0.69197	0.04762	0.02258	0.00933	0.00298	0.00440	0.06643	0.00674	0.00596
8	0.06307	0.01439	0.02425	0.39616	0.20504	0.01602	0.08563	0.01963	0.01530	0.02127	0.01702	0.02184	0.05430	0.00764	0.00730	0.00235	0.00905	0.00710	0.00367	0.00897
9	0.03925	0.01716	0.02192	0.05973	0.09852	0.14357	0.14164	0.02300	0.03548	0.08736	0.04237	0.05005	0.01963	0.00984	0.00759	0.00234	0.00874	0.09841	0.08448	0.00893
10	0.05607	0.01636	0.11741	0.01407	0.02041	0.01215	0.01304	0.05309	0.02014	0.56127	0.02541	0.02270	0.01619	0.00861	0.00715	0.00225	0.00689	0.00689	0.00792	0.01198
11	0.03108	0.01277	0.01689	0.01314	0.01856	0.01150	0.01078	0.07418	0.04267	0.62000	0.02838	0.04738	0.01875	0.00945	0.00737	0.00227	0.00622	0.00772	0.00877	0.01213
12	0.01599	0.01262	0.01850	0.15661	0.10643	0.03179	0.05137	0.04144	0.04171	0.08264	0.02157	0.13920	0.02034	0.05896	0.05692	0.02790	0.04916	0.02842	0.03007	0.00836
13	0.01901	0.09730	0.10431	0.16786	0.18073	0.05749	0.03579	0.15079	0.04475	0.02593	0.01451	0.01767	0.01131	0.00891	0.03096	0.00250	0.00948	0.00615	0.00430	0.01027
14	0.01485	0.01383	0.02296	0.60003	0.14677	0.01654	0.02029	0.04166	0.01551	0.02029	0.01319	0.01910	0.01006	0.00720	0.00726	0.00237	0.00947	0.00647	0.00342	0.00874
15	0.32287	0.03713	0.01924	0.15905	0.10647	0.11525	0.03648	0.02236	0.03463	0.02500	0.01196	0.01520	0.00955	0.00733	0.00702	0.00227	0.05030	0.00527	0.00398	0.00865
16	0.01254	0.01018	0.01093	0.01024	0.01307	0.01044	0.00782	0.02125	0.24792	0.02579	0.18125	0.04911	0.29055	0.01407	0.00794	0.00237	0.00432	0.01186	0.06016	0.00818
17	0.01753	0.01857	0.04569	0.20766	0.05440	0.15358	0.03731	0.04705	0.17243	0.02372	0.08785	0.02608	0.05864	0.00928	0.00739	0.00229	0.00851	0.00773	0.00513	0.00914
18	0.00886	0.00633	0.00843	0.01012	0.01054	0.00590	0.00675	0.01012	0.01392	0.01856	0.04006	0.73979	0.04808	0.02277	0.00928	0.00295	0.00422	0.02066	0.00675	0.00590
19	0.01661	0.02001	0.11470	0.07990	0.24485	0.04444	0.20571	0.02143	0.01588	0.02198	0.01498	0.06301	0.01297	0.00817	0.00933	0.00242	0.08232	0.00774	0.00369	0.00986
20	0.01019	0.00710	0.00859	0.00881	0.00923	0.00718	0.00556	0.01091	0.01156	0.01549	0.02770	0.13697	0.06893	0.48984	0.14485	0.00700	0.00854	0.01173	0.00477	0.00506
21	0.00990	0.00740	0.01073	0.01180	0.01282	0.00704	0.03725	0.01187	0.01473	0.01952	0.03857	0.55181	0.04496	0.02140	0.00943	0.00302	0.00516	0.16971	0.00660	0.00626
22	0.01411	0.01132	0.01337	0.01060	0.01543	0.00903	0.00813	0.01729	0.03481	0.04203	0.02120	0.15555	0.03898	0.04178	0.00772	0.00181	0.00522	0.00819	0.00507	0.53836
23	0.01552	0.01676	0.05882	0.10681	0.03051	0.01622	0.30392	0.02122	0.05823	0.02176	0.01538	0.02081	0.01251	0.03914	0.06961	0.00330	0.08116	0.00747	0.00390	0.09692
24	0.02425	0.02861	0.02174	0.02220	0.12421	0.48463	0.01512	0.06391	0.01961	0.02017	0.01221	0.01551	0.01046	0.03286	0.00924	0.00222	0.07480	0.00541	0.00390	0.00895
25	0.01057	0.00705	0.00793	0.00793	0.00793	0.00705	0.00440	0.01057	0.01057	0.01409	0.02290	0.04757	0.02643	0.74454	0.03700	0.00705	0.00705	0.01057	0.00440	0.00440
26	0.02322	0.01652	0.01894	0.01666	0.06155	0.01785	0.01258	0.33049	0.18222	0.11507	0.08473	0.04546	0.02153	0.00987	0.00748	0.00229	0.00677	0.00805	0.00733	0.01141
27	0.01447	0.01368	0.02315	0.60786	0.16345	0.01635	0.02056	0.01922	0.01489	0.01948	0.01305	0.01914	0.01001	0.00713	0.00726	0.00238	0.00951	0.00646	0.00329	0.00868
28	0.01728	0.01547	0.02183	0.13177	0.02421	0.02059	0.01614	0.05752	0.01363	0.06171	0.01173	0.01710	0.01025	0.01138	0.01920	0.00294	0.52850	0.00645	0.00379	0.00850
29	0.01690	0.01659	0.02932	0.09403	0.50686	0.01659	0.11406	0.02135	0.01648	0.02300	0.01780	0.02183	0.05744	0.00729	0.00749	0.00224	0.00890	0.00737	0.00379	0.01064
30	0.01940	0.02824	0.32318	0.04756	0.10013	0.14000	0.04266	0.05002	0.01806	0.09529	0.05465	0.01889	0.01410	0.00771	0.00710	0.00221	0.00993	0.00622	0.00435	0.01029
31	0.02715	0.03464	0.02060	0.01873	0.02247	0.71536	0.01404	0.02903	0.02060	0.01779	0.01124	0.01311	0.00936	0.00749	0.00655	0.00187	0.01311	0.00468	0.00375	0.00843
32	0.01979	0.01647	0.01740	0.01514	0.01955	0.01888	0.01192	0.15267	0.56923	0.03317	0.02741	0.02539	0.02043	0.00966	0.00737	0.00241	0.00616	0.00792	0.00737	0.01166
33	0.01944	0.01629	0.01720	0.01507	0.01942	0.01872	0.01183	0.12923	0.59324	0.03260	0.02786	0.02574	0.02079	0.00970	0.00738	0.00243	0.00607	0.00798	0.00738	0.01163
34	0.01244	0.00966	0.01486	0.16421	0.02126	0.01110	0.03522	0.01511	0.01260	0.04302	0.01853	0.02933	0.01737	0.17331	0.35374	0.00779	0.04162	0.00800	0.00401	0.00682
35	0.00956	0.00685	0.00922	0.01011	0.01076	0.00689	0.00697	0.01109	0.01330	0.01815	0.07306	0.42583	0.03901	0.13554	0.18249	0.00560	0.00824	0.01564	0.00580	0.00588

[dist]
# distance from previous block
# <min> <max>
0	2

[block]
# block no. 3 follows, 28 sequences, length 19
# corresponding to MSA columns:
# 259-266,273-283
name=unknown_D
#
# <colnr> <probs for GDERKNQSTAVLIFYWHMCP>
#	G	D	E	R	K	N	Q	S	T	A	V	L	I	F	Y	W	H	M	C	P
0	0.07346	0.18275	0.04945	0.01725	0.05638	0.35038	0.01352	0.02427	0.01709	0.01935	0.01208	0.01543	0.01056	0.04179	0.00850	0.00218	0.05562	0.00505	0.03634	0.00855
1	0.01296	0.00904	0.01093	0.01066	0.01115	0.05473	0.00744	0.01198	0.01089	0.01424	0.01551	0.02700	0.01578	0.15895	0.15452	0.41576	0.04308	0.00725	0.00356	0.00457
2	0.01870	0.01893	0.07014	0.03813	0.54696	0.05221	0.02075	0.02302	0.01677	0.05370	0.01413	0.01768	0.01150	0.00660	0.00703	0.00209	0.00867	0.00621	0.00386	0.06292
3	0.01774	0.01744	0.08086	0.01850	0.07171	0.01693	0.06812	0.11574	0.34549	0.02915	0.02546	0.11743	0.02142	0.01059	0.00767	0.00245	0.00705	0.00928	0.00632	0.01067
4	0.10090	0.10964	0.04954	0.16304	0.11987	0.19532	0.06004	0.03585	0.01666	0.02138	0.01310	0.04221	0.01116	0.00767	0.00699	0.00215	0.02567	0.00606	0.00376	0.00898
5	0.01425	0.01754	0.16241	0.11882	0.11676	0.01381	0.01587	0.05098	0.11012	0.02414	0.08194	0.10928	0.11119	0.01133	0.00770	0.00241	0.00723	0.00978	0.00526	0.00919
6	0.00890	0.00706	0.00786	0.00830	0.00998	0.00617	0.00589	0.01057	0.01573	0.01963	0.10238	0.25720	0.43158	0.06230	0.01046	0.00286	0.00402	0.01642	0.00669	0.00602
7	0.01327	0.01182	0.04339	0.01222	0.01350	0.03747	0.00940	0.05512	0.01303	0.01788	0.01890	0.05213	0.01971	0.32034	0.18307	0.03140	0.12806	0.00870	0.00421	0.00638
8	0.01263	0.00631	0.00947	0.00947	0.00947	0.00631	0.00631	0.00947	0.00947	0.01263	0.01263	0.02210	0.01263	0.02525	0.02841	0.78851	0.00631	0.00631	0.00316	0.00316
9	0.01437	0.01328	0.02206	0.49841	0.10603	0.01593	0.04532	0.01879	0.01469	0.01987	0.01449	0.02189	0.01174	0.00817	0.00865	0.00245	0.06891	0.03135	0.05527	0.00833
10	0.00910	0.00732	0.00810	0.00804	0.01016	0.00633	0.00598	0.01136	0.01757	0.02232	0.25109	0.10378	0.47805	0.01764	0.00863	0.00243	0.00364	0.01501	0.00711	0.00633
11	0.01579	0.12590	0.48506	0.02268	0.07977	0.01864	0.10772	0.02284	0.01559	0.02234	0.01292	0.01561	0.00963	0.00669	0.00685	0.00221	0.01040	0.00567	0.00319	0.01050
12	0.01211	0.00636	0.00927	0.00944	0.00948	0.00632	0.00623	0.00961	0.00999	0.01332	0.01607	0.09641	0.01710	0.07130	0.02702	0.65867	0.00615	0.00804	0.00360	0.00352
13	0.00932	0.00712	0.00796	0.00821	0.01006	0.00626	0.00598	0.01143	0.01664	0.02166	0.17412	0.20299	0.39957	0.01795	0.00847	0.00247	0.00373	0.01542	0.06438	0.00626
14	0.01057	0.00705	0.00793	0.00793	0.00793	0.00705	0.00440	0.01057	0.01057	0.01409	0.02290	0.04757	0.02643	0.74454	0.03700	0.00705	0.00705	0.01057	0.00440	0.00440
15	0.01472	0.01112	0.01344	0.01060	0.01520	0.00928	0.00836	0.04259	0.01749	0.06562	0.20274	0.02956	0.05617	0.01194	0.05126	0.00224	0.00581	0.00766	0.00578	0.41841
16	0.02107	0.05877	0.05517	0.02220	0.02706	0.28961	0.23482	0.05090	0.01817	0.02093	0.01333	0.03767	0.01122	0.00810	0.00938	0.00227	0.09971	0.00674	0.00383	0.00904
17	0.02753	0.01205	0.01558	0.01226	0.01729	0.01078	0.00999	0.05972	0.04515	0.51040	0.06755	0.02850	0.06051	0.00971	0.00727	0.00219	0.00579	0.00795	0.04273	0.04704
18	0.15982	0.24681	0.17785	0.01500	0.02121	0.12339	0.01498	0.02326	0.03949	0.02223	0.01178	0.01369	0.00960	0.00704	0.00644	0.00197	0.04181	0.00464	0.00368	0.05531

[dist]
# distance from previous block
# <min> <max>
0	9

[block]
# block no. 4 follows, 28 sequences, length 23
# corresponding to MSA columns:
# 293-303,314-325
name=unknown_E
#
# <colnr> <probs for GDERKNQSTAVLIFYWHMCP>
#	G	D	E	R	K	N	Q	S	T	A	V	L	I	F	Y	W	H	M	C	P
0	0.01112	0.00818	0.00984	0.01006	0.01167	0.00805	0.00726	0.01515	0.09508	0.03931	0.13998	0.27304	0.16144	0.09976	0.05011	0.00362	0.00546	0.03739	0.00666	0.00682
1	0.01661	0.01648	0.05047	0.12384	0.33501	0.06298	0.03471	0.02174	0.05638	0.02349	0.05346	0.04833	0.01695	0.00816	0.00710	0.00219	0.00802	0.00739	0.09695	0.00974
2	0.01230	0.00753	0.00986	0.00980	0.01089	0.00764	0.00701	0.01328	0.01339	0.05915	0.06957	0.16929	0.07481	0.11450	0.12162	0.15473	0.03312	0.01099	0.09460	0.00591
3	0.01357	0.01091	0.01179	0.01066	0.01326	0.03650	0.00810	0.09254	0.10313	0.02807	0.35020	0.04776	0.17193	0.05742	0.00990	0.00260	0.00487	0.01173	0.00723	0.00784
4	0.07494	0.38774	0.06862	0.01255	0.01779	0.04771	0.01188	0.05001	0.05412	0.02200	0.07054	0.02509	0.08920	0.00912	0.00604	0.00196	0.00710	0.03013	0.00455	0.00891
5	0.01665	0.06815	0.31966	0.05084	0.19047	0.05926	0.04141	0.02362	0.06521	0.02292	0.03614	0.01807	0.01274	0.00748	0.00763	0.00225	0.03719	0.00615	0.00375	0.01041
6	0.01602	0.01666	0.05014	0.38802	0.25257	0.05511	0.02044	0.02042	0.01527	0.02026	0.01281	0.01817	0.01022	0.00744	0.00850	0.00236	0.06660	0.00632	0.00337	0.00928
7	0.01449	0.00921	0.01010	0.00932	0.01153	0.03657	0.00702	0.04176	0.01854	0.08764	0.28761	0.06560	0.07553	0.04899	0.00873	0.00235	0.00445	0.01036	0.24279	0.00740
8	0.01511	0.12527	0.01730	0.03768	0.05665	0.06075	0.01009	0.06182	0.01649	0.02206	0.02525	0.25556	0.05393	0.01255	0.00705	0.00212	0.00617	0.01068	0.07268	0.13080
9	0.01539	0.15687	0.59473	0.01933	0.02931	0.01887	0.02444	0.02281	0.01525	0.02203	0.01255	0.01473	0.00923	0.00679	0.00653	0.00218	0.01024	0.00512	0.00308	0.01051
10	0.02025	0.14057	0.10988	0.01618	0.02169	0.13049	0.03421	0.13060	0.22653	0.02693	0.02144	0.02147	0.05125	0.00869	0.00684	0.00216	0.00832	0.00673	0.00540	0.01036
11	0.01793	0.04209	0.18805	0.03607	0.07882	0.01545	0.04877	0.09926	0.12269	0.08904	0.04907	0.10636	0.02013	0.00995	0.00738	0.00233	0.00762	0.00855	0.04024	0.01020
12	0.01576	0.01415	0.02084	0.28340	0.17982	0.01531	0.01647	0.04636	0.11552	0.02323	0.01695	0.04679	0.01392	0.00929	0.02907	0.00246	0.00824	0.00697	0.00440	0.13103
13	0.00899	0.00651	0.00850	0.00983	0.01053	0.00602	0.00668	0.01052	0.01479	0.01974	0.11093	0.62292	0.09387	0.02165	0.00916	0.00285	0.00410	0.01952	0.00688	0.00602
14	0.02474	0.01555	0.01793	0.03617	0.01993	0.01625	0.01169	0.36135	0.02600	0.18691	0.02324	0.02330	0.05479	0.01151	0.03442	0.03201	0.00740	0.00720	0.04923	0.04036
15	0.04224	0.17841	0.15688	0.01823	0.08934	0.04279	0.03281	0.08544	0.13556	0.04405	0.01894	0.03793	0.03183	0.00825	0.00656	0.00212	0.00787	0.00657	0.04398	0.01021
16	0.01346	0.00773	0.00994	0.01012	0.01197	0.00692	0.00729	0.01524	0.01608	0.15133	0.07954	0.44585	0.15849	0.01892	0.00874	0.00269	0.00446	0.01674	0.00725	0.00724
17	0.01000	0.00685	0.00891	0.00982	0.01085	0.00628	0.00682	0.01178	0.01564	0.04652	0.16536	0.52932	0.10385	0.02041	0.00902	0.00276	0.00410	0.01831	0.00707	0.00635
18	0.05130	0.20012	0.16311	0.01807	0.06276	0.07213	0.03850	0.18496	0.02084	0.10031	0.01495	0.01598	0.01112	0.00740	0.00645	0.00205	0.00877	0.00558	0.00490	0.01071
19	0.01836	0.04610	0.10539	0.05622	0.35569	0.12091	0.04590	0.02356	0.05311	0.02256	0.01613	0.01910	0.03604	0.00725	0.00702	0.00211	0.00922	0.00640	0.00388	0.04506
20	0.01072	0.00873	0.01201	0.01160	0.01294	0.01002	0.00906	0.01303	0.01331	0.01848	0.07951	0.06836	0.15338	0.03745	0.40022	0.00765	0.11212	0.01002	0.00478	0.00662
21	0.00913	0.00664	0.00844	0.00952	0.01032	0.00614	0.00646	0.01066	0.01488	0.01978	0.12955	0.52318	0.12588	0.07004	0.01098	0.00308	0.00424	0.01836	0.00676	0.00596
22	0.01960	0.32390	0.08005	0.01679	0.05488	0.13655	0.04951	0.07551	0.03974	0.02221	0.07665	0.01846	0.01603	0.00924	0.03004	0.00223	0.00910	0.00587	0.00423	0.00941

[dist]
# distance from previous block
# <min> <max>
2	23

[block]
# block no. 5 follows, 28 sequences, length 10
# corresponding to MSA columns:
# 349-358
name=unknown_F
#
# <colnr> <probs for GDERKNQSTAVLIFYWHMCP>
#	G	D	E	R	K	N	Q	S	T	A	V	L	I	F	Y	W	H	M	C	P
0	0.01814	0.17408	0.23470	0.05761	0.25274	0.04876	0.02061	0.06956	0.01717	0.02328	0.01289	0.01571	0.01026	0.00679	0.00657	0.00208	0.00928	0.00554	0.00359	0.01062
1	0.01770	0.05249	0.02327	0.05994	0.33352	0.01462	0.04468	0.04754	0.01720	0.10135	0.02456	0.13517	0.07574	0.01041	0.00759	0.00231	0.00738	0.00949	0.00509	0.00997
2	0.00886	0.00633	0.00843	0.01012	0.01054	0.00590	0.00675	0.01012	0.01392	0.01856	0.04006	0.73979	0.04808	0.02277	0.00928	0.00295	0.00422	0.02066	0.00675	0.00590
3	0.01831	0.01967	0.11358	0.02603	0.10295	0.01679	0.33277	0.07465	0.01837	0.08164	0.05226	0.05041	0.01603	0.00807	0.00856	0.00240	0.03436	0.00836	0.00466	0.01014
4	0.01278	0.01147	0.01199	0.01156	0.01281	0.09994	0.00845	0.01439	0.01285	0.01642	0.02315	0.03477	0.07281	0.24875	0.32530	0.00780	0.05563	0.00873	0.00421	0.00618
5	0.01124	0.00905	0.01333	0.01283	0.01393	0.01114	0.01015	0.01368	0.01160	0.01697	0.01793	0.02659	0.01683	0.04802	0.60816	0.01036	0.13013	0.00757	0.00378	0.00672
6	0.01598	0.01780	0.06091	0.16502	0.08619	0.01785	0.34737	0.02091	0.01539	0.02117	0.01384	0.01997	0.01119	0.03970	0.01154	0.00272	0.11214	0.00765	0.00352	0.00914
7	0.02730	0.01630	0.01969	0.01718	0.07415	0.01687	0.01293	0.27810	0.12898	0.29506	0.02336	0.02180	0.01599	0.00883	0.00730	0.00225	0.00700	0.00709	0.00766	0.01216
8	0.02408	0.01169	0.01601	0.05901	0.06483	0.01105	0.01109	0.04658	0.04661	0.39483	0.08463	0.09888	0.02448	0.01061	0.00746	0.00230	0.00598	0.00903	0.06035	0.01050
9	0.71802	0.05094	0.01254	0.01018	0.01472	0.05331	0.00842	0.02179	0.01292	0.03109	0.01018	0.01187	0.00802	0.00676	0.00461	0.00220	0.00612	0.00397	0.00439	0.00797

[dist]
# distance from previous block
# <min> <max>
0	1

[block]
# block no. 6 follows, 28 sequences, length 11
# corresponding to MSA columns:
# 360-370
name=unknown_G
#
# <colnr> <probs for GDERKNQSTAVLIFYWHMCP>
#	G	D	E	R	K	N	Q	S	T	A	V	L	I	F	Y	W	H	M	C	P
0	0.14907	0.01878	0.02117	0.04051	0.02298	0.08494	0.09672	0.25095	0.05903	0.05359	0.01551	0.01687	0.01156	0.00749	0.00665	0.00206	0.00815	0.00599	0.00551	0.12247
1	0.48384	0.01877	0.05424	0.03732	0.04040	0.10519	0.10100	0.02252	0.01437	0.02787	0.01121	0.01374	0.00877	0.00694	0.00613	0.00226	0.02788	0.00495	0.00412	0.00847
2	0.00929	0.00708	0.00858	0.00913	0.01065	0.00637	0.00666	0.01141	0.01662	0.02169	0.20992	0.30019	0.27766	0.01918	0.00892	0.00264	0.00400	0.05668	0.00705	0.00627
3	0.01729	0.01645	0.05009	0.13675	0.28030	0.01733	0.01786	0.09781	0.09362	0.02509	0.01767	0.08286	0.01548	0.00940	0.00925	0.00243	0.08769	0.00788	0.00461	0.01016
4	0.01372	0.00831	0.01049	0.01004	0.01216	0.00771	0.00740	0.01696	0.05160	0.13389	0.26371	0.23964	0.12613	0.05205	0.00990	0.00273	0.00442	0.01417	0.00746	0.00752
5	0.00979	0.00660	0.00892	0.01016	0.01062	0.00638	0.00697	0.01057	0.01315	0.01754	0.03389	0.50363	0.03968	0.08518	0.04455	0.11043	0.00558	0.06493	0.00594	0.00549
6	0.00959	0.00729	0.01072	0.01144	0.01233	0.00686	0.04882	0.01119	0.01406	0.01875	0.03749	0.62983	0.04433	0.05969	0.01073	0.00315	0.00498	0.04622	0.00643	0.00610
7	0.01676	0.01601	0.02728	0.24176	0.51167	0.01695	0.02170	0.02123	0.01597	0.02225	0.01346	0.01839	0.01099	0.00671	0.00722	0.00224	0.00894	0.00647	0.00349	0.01052
8	0.07175	0.01231	0.01599	0.01252	0.01766	0.01115	0.01026	0.06374	0.02098	0.56064	0.10055	0.02693	0.02274	0.00951	0.00729	0.00225	0.00594	0.00773	0.00856	0.01152
9	0.10065	0.03501	0.63018	0.01949	0.02954	0.01682	0.02477	0.02284	0.01502	0.02408	0.01272	0.01496	0.00906	0.00689	0.00664	0.00230	0.01018	0.00521	0.00323	0.01043
10	0.30135	0.01939	0.11737	0.04833	0.20543	0.04423	0.09441	0.02192	0.01493	0.02624	0.01314	0.03879	0.01084	0.00719	0.00638	0.00227	0.00833	0.00603	0.00396	0.00945

[dist]
# distance from previous block
# <min> <max>
3	5

[block]
# block no. 7 follows, 28 sequences, length 35
# corresponding to MSA columns:
# 376-410
name=unknown_H
#
# <colnr> <probs for GDERKNQSTAVLIFYWHMCP>
#	G	D	E	R	K	N	Q	S	T	A	V	L	I	F	Y	W	H	M	C	P
0	0.02228	0.10470	0.02368	0.02009	0.11309	0.17189	0.04291	0.20370	0.09500	0.02842	0.01643	0.03381	0.01319	0.00802	0.00676	0.00203	0.00876	0.00632	0.02957	0.04935
1	0.01565	0.01435	0.02365	0.46459	0.23925	0.01646	0.02001	0.05218	0.01594	0.02126	0.01336	0.01897	0.01047	0.00774	0.00799	0.02984	0.00918	0.00646	0.00354	0.00913
2	0.01092	0.00718	0.00864	0.00861	0.00920	0.00742	0.00559	0.01208	0.01193	0.01717	0.05616	0.04122	0.02579	0.46610	0.17209	0.00705	0.00895	0.00961	0.10899	0.00528
3	0.01147	0.00898	0.01231	0.01185	0.01283	0.01064	0.00893	0.01425	0.04531	0.01698	0.01959	0.03140	0.01927	0.20801	0.43936	0.00912	0.10087	0.00829	0.00410	0.00643
4	0.01450	0.08211	0.29421	0.04800	0.02433	0.01440	0.07278	0.02015	0.03908	0.05624	0.04727	0.18662	0.04699	0.01137	0.00759	0.00242	0.00815	0.00994	0.00474	0.00911
5	0.00909	0.00650	0.00869	0.01030	0.01084	0.00610	0.00707	0.01057	0.01434	0.01914	0.06348	0.67310	0.04841	0.02232	0.00930	0.00295	0.00435	0.06069	0.00679	0.00599
6	0.02156	0.54729	0.03339	0.01465	0.04089	0.13224	0.01299	0.05663	0.01697	0.04911	0.01158	0.01295	0.00994	0.00667	0.00528	0.00168	0.00856	0.00438	0.00369	0.00955
7	0.01469	0.01044	0.01261	0.01128	0.01451	0.00972	0.00881	0.08879	0.03825	0.07096	0.15370	0.16647	0.08300	0.03460	0.00878	0.00244	0.00526	0.09362	0.00664	0.16543
8	0.02126	0.06685	0.02271	0.05922	0.04452	0.09860	0.05608	0.16064	0.19959	0.06222	0.01840	0.01959	0.01407	0.00900	0.00953	0.00236	0.11266	0.00674	0.00555	0.01041
9	0.01472	0.06904	0.10774	0.02259	0.16211	0.01437	0.11741	0.05086	0.01629	0.02230	0.02283	0.21944	0.02336	0.01440	0.04463	0.00297	0.00859	0.05264	0.00477	0.00893
10	0.02235	0.01774	0.01884	0.01566	0.02053	0.02008	0.01254	0.32332	0.39441	0.03730	0.02416	0.02279	0.01779	0.00935	0.00734	0.00234	0.00676	0.00747	0.00734	0.01189
11	0.00888	0.00652	0.00824	0.00959	0.01032	0.00599	0.00645	0.01019	0.01420	0.01855	0.04474	0.60397	0.15102	0.05182	0.01031	0.00304	0.00425	0.01940	0.00665	0.00588
12	0.04157	0.01581	0.02566	0.27699	0.28390	0.01702	0.07081	0.08780	0.01784	0.07101	0.01479	0.01883	0.01126	0.00713	0.00727	0.00229	0.00897	0.00662	0.00424	0.01021
13	0.04716	0.14299	0.44553	0.01775	0.02653	0.01826	0.02097	0.04961	0.04232	0.10127	0.01507	0.01625	0.01080	0.00721	0.00655	0.00218	0.00927	0.00546	0.00413	0.01069
14	0.02614	0.03180	0.01960	0.01771	0.02141	0.62633	0.01335	0.06062	0.02087	0.01991	0.01250	0.01440	0.01022	0.00763	0.00648	0.00187	0.01211	0.00494	0.06361	0.00850
15	0.00901	0.00639	0.00839	0.00992	0.01030	0.00601	0.00653	0.01016	0.01361	0.01815	0.03850	0.67665	0.04610	0.08861	0.01181	0.00333	0.00448	0.01974	0.00653	0.00577
16	0.05847	0.01872	0.12977	0.08307	0.23758	0.03492	0.03638	0.06163	0.01793	0.11961	0.04482	0.02610	0.01700	0.00883	0.00740	0.00235	0.00835	0.07177	0.00499	0.01029
17	0.32717	0.09377	0.04410	0.01886	0.13072	0.15912	0.01345	0.02277	0.01494	0.02472	0.01098	0.01362	0.00914	0.00741	0.00744	0.00219	0.08210	0.00480	0.00387	0.00884
18	0.01777	0.01705	0.02911	0.07994	0.66559	0.01721	0.02220	0.02212	0.01645	0.02348	0.01363	0.01806	0.01142	0.00652	0.00720	0.00217	0.00869	0.00648	0.00358	0.01134
19	0.01556	0.01273	0.01364	0.01251	0.01577	0.01408	0.00957	0.05290	0.42149	0.02813	0.09291	0.07863	0.10429	0.03831	0.00867	0.00259	0.00521	0.01017	0.05319	0.00964
20	0.00878	0.00729	0.00767	0.00774	0.00997	0.00619	0.00574	0.01073	0.01677	0.02050	0.13273	0.11737	0.58674	0.01838	0.00864	0.00247	0.00370	0.01551	0.00687	0.00619
21	0.00945	0.00734	0.00858	0.00839	0.01037	0.00648	0.00625	0.01204	0.01842	0.02430	0.38014	0.09617	0.35222	0.01687	0.00862	0.00240	0.00358	0.01452	0.00737	0.00648
22	0.01458	0.03760	0.70688	0.02072	0.03146	0.01688	0.02686	0.02302	0.01535	0.02302	0.01304	0.01535	0.00921	0.00691	0.00691	0.00230	0.01074	0.00537	0.00307	0.01074
23	0.01068	0.00771	0.01014	0.01003	0.01061	0.00852	0.00693	0.01191	0.01109	0.01547	0.02087	0.03786	0.02210	0.40771	0.34127	0.00899	0.03935	0.00917	0.00413	0.00547
24	0.01507	0.01292	0.01507	0.01077	0.01723	0.00969	0.00861	0.01830	0.01507	0.02369	0.01292	0.01507	0.01077	0.00538	0.00538	0.00108	0.00538	0.00431	0.00431	0.78898
25	0.01487	0.01155	0.01271	0.01169	0.01475	0.01236	0.00892	0.02616	0.34390	0.05689	0.16732	0.06743	0.13994	0.04060	0.00893	0.00259	0.00489	0.01080	0.03456	0.00912
26	0.00889	0.00717	0.00776	0.00801	0.00990	0.00621	0.00576	0.01063	0.01603	0.01981	0.11114	0.18352	0.49394	0.06537	0.01053	0.00282	0.00397	0.01579	0.00669	0.00604
27	0.01105	0.00891	0.01263	0.01235	0.01324	0.01065	0.00949	0.01307	0.01206	0.01719	0.02326	0.14495	0.04670	0.08149	0.41328	0.00816	0.14054	0.01008	0.00437	0.00651
28	0.00983	0.00736	0.00912	0.00880	0.01061	0.00665	0.00655	0.01280	0.01934	0.02647	0.52237	0.09328	0.20792	0.01606	0.00861	0.00236	0.00353	0.01403	0.00766	0.00665
29	0.01438	0.01064	0.01205	0.01072	0.01365	0.01061	0.00829	0.15107	0.06233	0.04821	0.26754	0.09899	0.23340	0.01473	0.00825	0.00237	0.00472	0.01251	0.00739	0.00815
30	0.01030	0.00806	0.00986	0.01073	0.01163	0.03294	0.00758	0.01232	0.02879	0.01813	0.03334	0.43018	0.05713	0.08837	0.18483	0.00537	0.00859	0.02991	0.00576	0.00617
31	0.06791	0.05136	0.16661	0.03191	0.38862	0.09333	0.02038	0.02258	0.01612	0.02280	0.01287	0.01644	0.01053	0.00746	0.00767	0.03454	0.00924	0.00578	0.00353	0.01035
32	0.01994	0.46321	0.15395	0.01433	0.02110	0.02366	0.01489	0.05568	0.01631	0.08496	0.01285	0.01412	0.01034	0.00690	0.00608	0.00182	0.03073	0.00470	0.00392	0.04052
33	0.01768	0.04562	0.02483	0.05180	0.04968	0.08892	0.10660	0.02119	0.04806	0.04096	0.01356	0.04494	0.01220	0.01068	0.01599	0.00274	0.38491	0.00709	0.00386	0.00869
34	0.01891	0.04129	0.01974	0.04892	0.16686	0.01423	0.01318	0.12966	0.03454	0.09732	0.06217	0.07617	0.01947	0.00908	0.00701	0.00200	0.00671	0.02559	0.00560	0.20154

[dist]
# distance from previous block
# <min> <max>
0	2

[block]
# block no. 8 follows, 28 sequences, length 15
# corresponding to MSA columns:
# 413-427
name=unknown_I
#
# <colnr> <probs for GDERKNQSTAVLIFYWHMCP>
#	G	D	E	R	K	N	Q	S	T	A	V	L	I	F	Y	W	H	M	C	P
0	0.23091	0.01751	0.07760	0.01669	0.08075	0.09540	0.03538	0.05592	0.01687	0.05743	0.03870	0.03229	0.04693	0.03512	0.00806	0.00259	0.00772	0.13038	0.00514	0.00860
1	0.01066	0.00735	0.00972	0.00970	0.01040	0.00791	0.00671	0.01189	0.01152	0.01619	0.04604	0.03743	0.02338	0.35075	0.33888	0.04871	0.01234	0.00910	0.02588	0.00543
2	0.01798	0.23348	0.35821	0.05413	0.02683	0.07912	0.01984	0.02432	0.05010	0.05269	0.01363	0.01537	0.01035	0.00703	0.00631	0.00207	0.00959	0.00519	0.00364	0.01013
3	0.01022	0.00758	0.00844	0.00831	0.01046	0.00663	0.00620	0.01225	0.01677	0.04962	0.16282	0.08123	0.45675	0.08437	0.01124	0.00290	0.00422	0.04678	0.00682	0.00638
4	0.00917	0.00727	0.00835	0.00841	0.01036	0.00646	0.00622	0.01140	0.01704	0.02188	0.23180	0.14755	0.41189	0.01994	0.04648	0.00297	0.00453	0.01502	0.00693	0.00632
5	0.04238	0.49504	0.07821	0.01398	0.01962	0.02548	0.01355	0.05079	0.09332	0.02076	0.01283	0.01435	0.01092	0.00741	0.00700	0.00191	0.07416	0.00483	0.00383	0.00963
6	0.02203	0.01689	0.01847	0.01462	0.01985	0.01774	0.01177	0.39348	0.11278	0.03666	0.02015	0.08458	0.01658	0.00946	0.00708	0.00206	0.00681	0.00759	0.00662	0.17477
7	0.07496	0.54776	0.07880	0.01268	0.01865	0.02477	0.01264	0.04867	0.01599	0.02095	0.07359	0.01609	0.01479	0.00720	0.00528	0.00175	0.00743	0.00496	0.00383	0.00922
8	0.05931	0.26329	0.28145	0.01591	0.02311	0.02002	0.01757	0.08179	0.01706	0.04312	0.01594	0.02270	0.01378	0.00854	0.00648	0.00217	0.00861	0.08517	0.00417	0.00982
9	0.01561	0.15797	0.44098	0.02185	0.12363	0.01831	0.02221	0.02202	0.01580	0.02253	0.06214	0.01790	0.01387	0.00730	0.00667	0.00215	0.00939	0.00583	0.00351	0.01032
10	0.01589	0.13054	0.08986	0.01691	0.09927	0.06581	0.01302	0.02087	0.08373	0.04093	0.14955	0.05591	0.04732	0.07375	0.01043	0.00266	0.03422	0.03539	0.00523	0.00870
11	0.01653	0.10430	0.38271	0.02201	0.14193	0.01707	0.02093	0.05276	0.01664	0.04423	0.03244	0.03303	0.01307	0.00756	0.00671	0.00216	0.00894	0.00614	0.06049	0.01036
12	0.03794	0.17217	0.17207	0.03291	0.12221	0.03930	0.05174	0.04278	0.07309	0.07413	0.01595	0.01808	0.01239	0.00943	0.03788	0.00253	0.02464	0.00598	0.04469	0.01011
13	0.01814	0.05317	0.15704	0.04905	0.04439	0.13013	0.01460	0.07382	0.08200	0.05922	0.09776	0.04561	0.05942	0.01048	0.00834	0.04423	0.00813	0.00767	0.00518	0.03160
14	0.01791	0.08188	0.14477	0.02173	0.16582	0.07962	0.01635	0.06972	0.08744	0.04665	0.02063	0.10908	0.04007	0.00990	0.00788	0.00227	0.03864	0.00813	0.00482	0.02670

[dist]
# distance from previous block
# <min> <max>
12	180

# created by:
# /home/cegg/simao/soft/augustus-3.2.1/scripts/msa2prfl.pl ./align_prep/EOG090W0E5G.fa
