[name]
unknown

[dist]
# distance from previous block
# <min> <max>
3	27

[block]
# block no. 0 follows, 29 sequences, length 10
# corresponding to MSA columns:
# 29-38
name=unknown_A
#
# <colnr> <probs for GDERKNQSTAVLIFYWHMCP>
#	G	D	E	R	K	N	Q	S	T	A	V	L	I	F	Y	W	H	M	C	P
0	0.01544	0.05132	0.01559	0.01524	0.09074	0.09726	0.01021	0.05228	0.03127	0.04795	0.02248	0.13274	0.04453	0.14109	0.14754	0.00468	0.00950	0.00920	0.00480	0.05612
1	0.01770	0.01626	0.02317	0.02894	0.35382	0.04995	0.05345	0.10479	0.07802	0.02521	0.02176	0.02707	0.07267	0.05734	0.00927	0.00254	0.00795	0.03528	0.00476	0.01004
2	0.04117	0.01645	0.04577	0.02213	0.16561	0.01647	0.08530	0.18399	0.12654	0.06805	0.05079	0.02707	0.01877	0.03501	0.00848	0.00248	0.00765	0.06211	0.00577	0.01038
3	0.07907	0.04855	0.01231	0.01131	0.04183	0.01022	0.00837	0.04433	0.04469	0.02472	0.24895	0.06909	0.16828	0.06704	0.00990	0.00271	0.00499	0.09007	0.00637	0.00719
4	0.28500	0.14294	0.01529	0.01087	0.01440	0.01452	0.00934	0.01840	0.04714	0.02418	0.02678	0.07542	0.09939	0.01221	0.00669	0.00243	0.00587	0.17636	0.00523	0.00754
5	0.04441	0.14259	0.12190	0.05075	0.12161	0.11427	0.03348	0.04067	0.04510	0.02166	0.03309	0.02065	0.07055	0.00821	0.00747	0.00205	0.05134	0.00631	0.00405	0.05984
6	0.01473	0.01516	0.04731	0.01735	0.01785	0.01948	0.01461	0.01648	0.01106	0.01703	0.01124	0.01901	0.01130	0.07775	0.06968	0.00395	0.59861	0.00664	0.00326	0.00751
7	0.06431	0.23167	0.14407	0.04701	0.13144	0.08106	0.07208	0.04260	0.01593	0.02133	0.01425	0.07679	0.01286	0.00788	0.00637	0.00205	0.00872	0.00649	0.00374	0.00935
8	0.01648	0.09843	0.44745	0.02155	0.10582	0.07781	0.02202	0.02428	0.07868	0.02234	0.01394	0.01589	0.01049	0.00697	0.00661	0.00215	0.00976	0.00546	0.00352	0.01036
9	0.01032	0.00703	0.00842	0.00842	0.00865	0.00726	0.00513	0.01078	0.01055	0.01429	0.02184	0.04328	0.02445	0.62576	0.15826	0.00771	0.00907	0.00987	0.00423	0.00468

[dist]
# distance from previous block
# <min> <max>
5	14

[block]
# block no. 1 follows, 29 sequences, length 8
# corresponding to MSA columns:
# 54-61
name=unknown_B
#
# <colnr> <probs for GDERKNQSTAVLIFYWHMCP>
#	G	D	E	R	K	N	Q	S	T	A	V	L	I	F	Y	W	H	M	C	P
0	0.01910	0.01998	0.02829	0.03846	0.54404	0.13721	0.06442	0.02304	0.01693	0.02224	0.01305	0.01691	0.01089	0.00649	0.00703	0.00209	0.00944	0.00618	0.00355	0.01065
1	0.02135	0.01710	0.01815	0.01523	0.01990	0.01941	0.01215	0.28832	0.43606	0.03566	0.02436	0.02288	0.01799	0.00923	0.00720	0.00231	0.00649	0.00741	0.00720	0.01160
2	0.00868	0.00620	0.00826	0.00991	0.01033	0.00578	0.00661	0.00991	0.01363	0.01818	0.03925	0.74510	0.04710	0.02231	0.00909	0.00289	0.00413	0.02024	0.00661	0.00578
3	0.01146	0.00894	0.01224	0.01196	0.01371	0.01040	0.00931	0.01700	0.12769	0.01879	0.02076	0.02773	0.01847	0.04594	0.59961	0.00990	0.01678	0.00770	0.00440	0.00720
4	0.01023	0.00741	0.01031	0.01031	0.01119	0.00829	0.00749	0.01199	0.01111	0.01569	0.02011	0.03370	0.02029	0.26761	0.51073	0.01005	0.01533	0.00847	0.00397	0.00573
5	0.45083	0.01441	0.01452	0.13439	0.02151	0.01662	0.01099	0.10026	0.09416	0.06084	0.01423	0.01578	0.01059	0.00737	0.00564	0.00225	0.00650	0.00521	0.00504	0.00887
6	0.01856	0.05338	0.08253	0.02401	0.21662	0.01685	0.07117	0.19669	0.02052	0.02860	0.04742	0.02219	0.01560	0.01019	0.04164	0.00256	0.00854	0.03491	0.03898	0.04905
7	0.04942	0.11201	0.01490	0.01142	0.01380	0.04285	0.00887	0.08899	0.01619	0.02179	0.05664	0.32220	0.05234	0.02200	0.12948	0.00396	0.00797	0.01236	0.00553	0.00730

[dist]
# distance from previous block
# <min> <max>
1	8

[block]
# block no. 2 follows, 29 sequences, length 36
# corresponding to MSA columns:
# 70-90,105-119
name=unknown_C
#
# <colnr> <probs for GDERKNQSTAVLIFYWHMCP>
#	G	D	E	R	K	N	Q	S	T	A	V	L	I	F	Y	W	H	M	C	P
0	0.01666	0.04055	0.06623	0.10839	0.09924	0.01406	0.01347	0.09305	0.10234	0.07268	0.08512	0.03002	0.09487	0.00975	0.00718	0.00216	0.00670	0.03535	0.00557	0.09662
1	0.01816	0.06382	0.06349	0.01380	0.01789	0.09394	0.01151	0.08056	0.29608	0.05026	0.02543	0.09841	0.03959	0.01028	0.00694	0.00223	0.00664	0.00838	0.08292	0.00967
2	0.01643	0.19661	0.11546	0.09402	0.02282	0.03756	0.01430	0.07332	0.08297	0.02269	0.01899	0.05213	0.01738	0.00961	0.00677	0.00215	0.00765	0.11386	0.00463	0.09064
3	0.04198	0.01329	0.08810	0.14880	0.06870	0.01194	0.01292	0.05691	0.03143	0.04245	0.02087	0.03129	0.01828	0.06799	0.00908	0.00261	0.00680	0.09796	0.22057	0.00802
4	0.00969	0.00753	0.00984	0.01177	0.06508	0.00699	0.00753	0.01150	0.01499	0.01968	0.11253	0.37342	0.20450	0.07537	0.01082	0.00297	0.00456	0.03862	0.00631	0.00628
5	0.02626	0.01989	0.02300	0.01746	0.02328	0.02176	0.06618	0.62951	0.03216	0.04313	0.01688	0.01726	0.01201	0.00835	0.00722	0.00216	0.00817	0.00657	0.00684	0.01191
6	0.01105	0.00946	0.01519	0.11035	0.06680	0.00945	0.08413	0.01352	0.01429	0.01890	0.03236	0.38429	0.08547	0.07452	0.01073	0.00301	0.00629	0.03797	0.00542	0.00680
7	0.01465	0.01218	0.01412	0.01024	0.01620	0.00927	0.00816	0.01782	0.01478	0.02347	0.01349	0.01570	0.01116	0.00551	0.00525	0.00110	0.00512	0.00441	0.06628	0.73110
8	0.01020	0.00761	0.01043	0.01194	0.06517	0.00721	0.00765	0.01254	0.01655	0.02298	0.34340	0.29897	0.05157	0.08729	0.01121	0.00291	0.00438	0.01477	0.00672	0.00651
9	0.02356	0.01363	0.01606	0.01353	0.01801	0.01414	0.01075	0.08414	0.31236	0.30895	0.02851	0.08168	0.02131	0.01023	0.00735	0.00234	0.00586	0.00852	0.00783	0.01125
10	0.01503	0.10518	0.57205	0.02058	0.03030	0.01784	0.09754	0.02246	0.01518	0.02201	0.01268	0.01514	0.00923	0.00661	0.00673	0.00220	0.01040	0.00547	0.00308	0.01029
11	0.01001	0.00785	0.01057	0.01082	0.01170	0.00855	0.00797	0.01179	0.01336	0.01832	0.08547	0.31181	0.10379	0.06775	0.20007	0.00529	0.08956	0.01370	0.00546	0.00618
12	0.02851	0.01250	0.01624	0.01271	0.01776	0.01151	0.01040	0.09975	0.04507	0.54160	0.10186	0.02679	0.02271	0.00945	0.00730	0.00221	0.00593	0.00775	0.00847	0.01149
13	0.02726	0.01277	0.01590	0.01258	0.01744	0.01221	0.01026	0.13372	0.06744	0.45682	0.05712	0.02485	0.01940	0.00904	0.00699	0.00215	0.00590	0.00731	0.08959	0.01124
14	0.01796	0.13219	0.47062	0.01821	0.02698	0.05020	0.02144	0.09663	0.01755	0.06451	0.01368	0.01521	0.00989	0.00702	0.00651	0.00212	0.00967	0.00527	0.00384	0.01050
15	0.01083	0.00777	0.01016	0.01064	0.01163	0.00791	0.00767	0.01236	0.01434	0.05937	0.06518	0.49962	0.13445	0.01952	0.01044	0.00278	0.08559	0.01690	0.00640	0.00645
16	0.01056	0.00686	0.00809	0.00809	0.00815	0.00692	0.00472	0.01035	0.01029	0.01378	0.02123	0.04314	0.02411	0.64206	0.06712	0.08888	0.00739	0.00979	0.00416	0.00428
17	0.02566	0.02111	0.02045	0.01637	0.02156	0.11331	0.01324	0.50291	0.12679	0.03909	0.01801	0.01790	0.01311	0.00855	0.00705	0.00214	0.00818	0.00641	0.00669	0.01148
18	0.01690	0.08048	0.50337	0.01867	0.02753	0.04144	0.04029	0.06194	0.01692	0.07168	0.04498	0.01732	0.01249	0.00732	0.00677	0.00218	0.00966	0.00577	0.00392	0.01036
19	0.01786	0.01248	0.01450	0.01209	0.01602	0.01258	0.00955	0.13866	0.16758	0.11086	0.27033	0.03287	0.03476	0.01060	0.00739	0.00211	0.00519	0.00894	0.00724	0.10839
20	0.01645	0.01662	0.02816	0.06042	0.26898	0.01908	0.14395	0.01994	0.01407	0.02045	0.01190	0.01714	0.01032	0.00882	0.01400	0.00259	0.30767	0.00669	0.00336	0.00939
21	0.04891	0.01512	0.02104	0.36358	0.11839	0.03245	0.01701	0.15291	0.03546	0.02535	0.01420	0.01834	0.01087	0.00774	0.00787	0.00229	0.05243	0.00626	0.04059	0.00919
22	0.66229	0.01609	0.01253	0.03400	0.03997	0.09440	0.00925	0.02171	0.01322	0.02960	0.01024	0.01215	0.00805	0.00670	0.00481	0.00216	0.00655	0.00410	0.00426	0.00790
23	0.01515	0.01383	0.02116	0.16564	0.08961	0.01719	0.04330	0.01805	0.01293	0.04125	0.01290	0.01872	0.01122	0.01539	0.10687	0.00379	0.33249	0.00651	0.02025	0.03375
24	0.02379	0.10037	0.02180	0.01543	0.02075	0.02164	0.01281	0.44372	0.19972	0.03789	0.01933	0.01888	0.01424	0.00856	0.00687	0.00214	0.00725	0.00654	0.00670	0.01156
25	0.00868	0.00620	0.00826	0.00991	0.01033	0.00578	0.00661	0.00991	0.01363	0.01818	0.03925	0.74510	0.04710	0.02231	0.00909	0.00289	0.00413	0.02024	0.00661	0.00578
26	0.01861	0.10842	0.24376	0.09428	0.06624	0.14633	0.04209	0.08708	0.01736	0.02224	0.01231	0.01519	0.00963	0.00750	0.00820	0.00218	0.07991	0.00547	0.00361	0.00959
27	0.01308	0.01227	0.02002	0.60896	0.06250	0.01496	0.01810	0.01738	0.01441	0.01842	0.01918	0.02434	0.08658	0.00848	0.00779	0.00239	0.03251	0.00729	0.00356	0.00779
28	0.00868	0.00620	0.00826	0.00991	0.01033	0.00578	0.00661	0.00991	0.01363	0.01818	0.03925	0.74510	0.04710	0.02231	0.00909	0.00289	0.00413	0.02024	0.00661	0.00578
29	0.08223	0.28643	0.02653	0.05732	0.02145	0.11057	0.03160	0.13687	0.04931	0.02382	0.01239	0.01448	0.01022	0.00774	0.00799	0.00204	0.10039	0.00514	0.00416	0.00930
30	0.01264	0.00853	0.00993	0.00983	0.01136	0.03240	0.00710	0.03843	0.01616	0.06294	0.18389	0.25124	0.03841	0.09076	0.07536	0.00362	0.00601	0.01260	0.12207	0.00672
31	0.01590	0.11795	0.25814	0.01872	0.09790	0.07418	0.04003	0.02079	0.01698	0.04892	0.16965	0.02566	0.04783	0.00889	0.00698	0.00211	0.00814	0.00738	0.00458	0.00925
32	0.01928	0.12859	0.30777	0.01631	0.02363	0.01758	0.01756	0.04968	0.17658	0.14465	0.01902	0.01893	0.01365	0.00777	0.00665	0.00218	0.00809	0.00608	0.00517	0.01083
33	0.02737	0.01111	0.01506	0.01189	0.01660	0.00968	0.00968	0.03025	0.02033	0.56765	0.16899	0.03029	0.02799	0.01001	0.00742	0.00221	0.00549	0.00836	0.00861	0.01099
34	0.22164	0.01624	0.01730	0.01360	0.01892	0.01734	0.01123	0.33745	0.02452	0.22576	0.01834	0.01769	0.01254	0.00814	0.00645	0.00217	0.00676	0.00598	0.00691	0.01101
35	0.06475	0.13603	0.07229	0.23191	0.10941	0.08774	0.03832	0.09132	0.03958	0.04438	0.01353	0.01653	0.01045	0.00708	0.00650	0.00211	0.00891	0.00570	0.00404	0.00944

[dist]
# distance from previous block
# <min> <max>
1	5

[block]
# block no. 3 follows, 29 sequences, length 50
# corresponding to MSA columns:
# 125-144,148-177
name=unknown_D
#
# <colnr> <probs for GDERKNQSTAVLIFYWHMCP>
#	G	D	E	R	K	N	Q	S	T	A	V	L	I	F	Y	W	H	M	C	P
0	0.01503	0.01103	0.01564	0.01286	0.01573	0.01166	0.11705	0.04733	0.05815	0.02574	0.01994	0.02328	0.01571	0.00837	0.00785	0.00199	0.08762	0.00687	0.46114	0.03703
1	0.01552	0.00939	0.01369	0.01146	0.01453	0.00848	0.06423	0.01885	0.01964	0.18309	0.44475	0.04481	0.09659	0.01277	0.00812	0.00226	0.00472	0.01135	0.00762	0.00814
2	0.02347	0.01816	0.01934	0.01565	0.02071	0.02040	0.01266	0.43375	0.28718	0.03907	0.02167	0.02074	0.01582	0.00898	0.00717	0.00224	0.00699	0.00704	0.00717	0.01179
3	0.01477	0.01266	0.01477	0.01055	0.01687	0.00949	0.00844	0.01793	0.01477	0.02320	0.01266	0.01477	0.01055	0.00527	0.00527	0.00105	0.00527	0.00422	0.00422	0.79328
4	0.01604	0.00745	0.00810	0.00753	0.00976	0.00720	0.00579	0.01928	0.01574	0.12792	0.02395	0.02620	0.01816	0.00837	0.00530	0.00174	0.00372	0.00671	0.67356	0.00745
5	0.02746	0.01835	0.02020	0.01553	0.02109	0.01983	0.01282	0.56138	0.03091	0.14944	0.01900	0.01848	0.01315	0.00858	0.00707	0.00213	0.00743	0.00654	0.02864	0.01196
6	0.00877	0.00623	0.00824	0.00980	0.01019	0.00584	0.00649	0.00994	0.01346	0.01794	0.03834	0.70742	0.04595	0.06156	0.01055	0.00311	0.00428	0.01971	0.00649	0.00570
7	0.00934	0.00725	0.00849	0.00818	0.01018	0.00640	0.00614	0.01200	0.01841	0.02441	0.42141	0.06002	0.34994	0.01610	0.00841	0.00231	0.00347	0.01383	0.00729	0.00640
8	0.00939	0.00671	0.00908	0.01073	0.01146	0.00640	0.00785	0.01115	0.01434	0.01898	0.03885	0.57568	0.04554	0.02164	0.00928	0.00299	0.00475	0.18263	0.00660	0.00598
9	0.03154	0.01278	0.01693	0.01298	0.01851	0.01145	0.01072	0.08927	0.02149	0.65414	0.02716	0.02363	0.01716	0.00879	0.00716	0.00220	0.00621	0.00710	0.00867	0.01212
10	0.00915	0.00663	0.00874	0.01018	0.01099	0.00622	0.00730	0.01083	0.01450	0.01910	0.06317	0.56178	0.09879	0.02129	0.00913	0.00289	0.00446	0.12223	0.00664	0.00596
11	0.00856	0.00665	0.00780	0.00871	0.01001	0.00588	0.00608	0.01005	0.01479	0.01865	0.05387	0.44431	0.33845	0.02041	0.00879	0.00268	0.00390	0.01792	0.00661	0.00588
12	0.01017	0.00763	0.01144	0.01144	0.01272	0.00890	0.00890	0.01272	0.01144	0.01653	0.01907	0.02797	0.01780	0.05340	0.72153	0.01144	0.01907	0.00763	0.00381	0.00636
13	0.00866	0.00625	0.00820	0.00977	0.01029	0.00580	0.00654	0.00993	0.01378	0.01824	0.04106	0.70777	0.08326	0.02207	0.00905	0.00286	0.00410	0.01996	0.00661	0.00580
14	0.01587	0.27620	0.48740	0.01759	0.02663	0.02042	0.02159	0.02214	0.01485	0.02062	0.01182	0.01383	0.00906	0.00654	0.00603	0.00201	0.00955	0.00478	0.00302	0.01006
15	0.01359	0.01294	0.02224	0.70251	0.04854	0.01591	0.04806	0.01839	0.01435	0.01839	0.01273	0.01899	0.00955	0.00707	0.00717	0.00237	0.00960	0.00642	0.00318	0.00798
16	0.00866	0.00627	0.00819	0.00972	0.01028	0.00580	0.00652	0.00994	0.01382	0.01825	0.04161	0.69642	0.09426	0.02200	0.00904	0.00286	0.00409	0.01987	0.00661	0.00580
17	0.02021	0.02266	0.02444	0.03032	0.35363	0.28285	0.05101	0.02341	0.01775	0.02069	0.01750	0.02019	0.06876	0.00769	0.00700	0.00205	0.00989	0.00652	0.00384	0.00960
18	0.01711	0.12416	0.01886	0.04154	0.09462	0.03498	0.01129	0.10182	0.08018	0.08026	0.16329	0.05608	0.12504	0.01099	0.00723	0.00216	0.00610	0.00916	0.00606	0.00906
19	0.01642	0.01055	0.01133	0.01006	0.01313	0.01091	0.00786	0.10285	0.15007	0.08584	0.05511	0.03369	0.14398	0.01061	0.00660	0.00207	0.00461	0.00866	0.30709	0.00856
20	0.02315	0.33235	0.02714	0.05187	0.02156	0.34423	0.01317	0.02539	0.01750	0.06704	0.01186	0.01338	0.00978	0.00691	0.00574	0.00176	0.01000	0.00453	0.00375	0.00888
21	0.01533	0.01299	0.01507	0.01081	0.01711	0.01007	0.00867	0.04835	0.01562	0.02420	0.01286	0.01487	0.01062	0.00542	0.00536	0.00110	0.00539	0.00432	0.00435	0.75747
22	0.11294	0.12491	0.26485	0.01605	0.02287	0.10736	0.01672	0.08401	0.04631	0.09332	0.01526	0.01761	0.01164	0.00764	0.00634	0.00212	0.00880	0.02681	0.00451	0.00992
23	0.01018	0.00760	0.01129	0.01129	0.01250	0.00882	0.00871	0.01262	0.01140	0.01641	0.01922	0.02877	0.01815	0.08301	0.69240	0.01125	0.01856	0.00775	0.00384	0.00627
24	0.03806	0.00782	0.00970	0.00985	0.01145	0.00747	0.00712	0.04390	0.01691	0.06664	0.22229	0.38971	0.07634	0.01739	0.00833	0.00254	0.00420	0.01541	0.03805	0.00684
25	0.01617	0.13926	0.02619	0.24443	0.03097	0.01703	0.16301	0.04394	0.01561	0.05175	0.01551	0.04305	0.01268	0.01038	0.05051	0.00274	0.03026	0.00697	0.07097	0.00856
26	0.01531	0.01437	0.05810	0.44247	0.09528	0.01490	0.09079	0.01987	0.01517	0.07581	0.01642	0.08037	0.01360	0.00833	0.00741	0.00238	0.00900	0.00774	0.00399	0.00867
27	0.01283	0.00866	0.01025	0.00939	0.01199	0.00808	0.00719	0.01738	0.09014	0.10339	0.34348	0.05218	0.26857	0.01454	0.00814	0.00231	0.00399	0.01243	0.00748	0.00758
28	0.02339	0.01549	0.04817	0.01408	0.01916	0.01508	0.01173	0.13479	0.27481	0.26131	0.02559	0.04657	0.01852	0.00926	0.00714	0.00224	0.00628	0.00757	0.00739	0.05145
29	0.01565	0.01318	0.01524	0.01097	0.01725	0.01040	0.00880	0.06569	0.01611	0.02476	0.01298	0.01493	0.01066	0.00551	0.00541	0.00113	0.00546	0.00438	0.00443	0.73707
30	0.02360	0.01848	0.02426	0.01848	0.02396	0.01990	0.13910	0.43104	0.07579	0.06794	0.04262	0.01976	0.01471	0.00853	0.00806	0.00225	0.03673	0.00717	0.00641	0.01121
31	0.01543	0.16340	0.51266	0.01999	0.02932	0.01880	0.10072	0.02236	0.01514	0.02154	0.01245	0.01488	0.00925	0.00655	0.00656	0.00214	0.01018	0.00537	0.00308	0.01017
32	0.00868	0.00620	0.00826	0.00991	0.01033	0.00578	0.00661	0.00991	0.01363	0.01818	0.03925	0.74510	0.04710	0.02231	0.00909	0.00289	0.00413	0.02024	0.00661	0.00578
33	0.01035	0.00694	0.00795	0.00795	0.00802	0.00701	0.00455	0.01048	0.01041	0.01395	0.02226	0.04565	0.02547	0.71416	0.07127	0.00714	0.00753	0.01022	0.00429	0.00442
34	0.00885	0.00659	0.00824	0.00918	0.01023	0.00598	0.00637	0.01055	0.01525	0.02008	0.15350	0.48781	0.19110	0.02014	0.00883	0.00268	0.00389	0.01793	0.00681	0.00598
35	0.00979	0.00723	0.00914	0.00875	0.01048	0.00658	0.00653	0.01284	0.01934	0.02683	0.58636	0.08277	0.15619	0.01536	0.00843	0.00229	0.00342	0.01347	0.00762	0.00658
36	0.02603	0.01943	0.02078	0.01617	0.02168	0.02160	0.01328	0.60987	0.10690	0.04320	0.01842	0.01815	0.01318	0.00867	0.00714	0.00217	0.00759	0.00659	0.00714	0.01202
37	0.01101	0.00709	0.00961	0.01087	0.01194	0.00669	0.00804	0.01284	0.01477	0.06872	0.03808	0.53637	0.04353	0.02071	0.00913	0.00293	0.00484	0.16964	0.00676	0.00642
38	0.01127	0.00805	0.01124	0.01288	0.01443	0.00802	0.01112	0.01440	0.01619	0.02108	0.03781	0.12816	0.04142	0.01986	0.00978	0.00325	0.00638	0.61155	0.00656	0.00650
39	0.00955	0.00726	0.00879	0.00841	0.01032	0.00650	0.00631	0.01242	0.01892	0.02562	0.50335	0.05802	0.26725	0.01565	0.00840	0.00229	0.00344	0.01355	0.00745	0.00650
40	0.06381	0.01665	0.01901	0.01463	0.02020	0.01732	0.01209	0.40219	0.02746	0.30104	0.02102	0.01960	0.01404	0.00856	0.00702	0.00217	0.00705	0.00659	0.00765	0.01191
41	0.02308	0.01791	0.01803	0.01497	0.01962	0.07562	0.01195	0.28947	0.28389	0.09195	0.02244	0.02151	0.01638	0.00889	0.00700	0.00220	0.00700	0.00697	0.04997	0.01117
42	0.01762	0.01692	0.02890	0.04371	0.70533	0.01692	0.02185	0.02185	0.01621	0.02326	0.01339	0.01762	0.01128	0.00634	0.00705	0.00211	0.00846	0.00634	0.00352	0.01128
43	0.01036	0.00690	0.00777	0.00777	0.00777	0.00690	0.00431	0.01036	0.01036	0.01381	0.02244	0.04660	0.02589	0.74975	0.03624	0.00690	0.00690	0.01036	0.00431	0.00431
44	0.00930	0.00680	0.00959	0.01055	0.01133	0.00709	0.00757	0.01109	0.01272	0.01749	0.03081	0.44528	0.03485	0.03531	0.30696	0.00647	0.01038	0.01497	0.00544	0.00602
45	0.02096	0.01729	0.01982	0.01618	0.01963	0.14889	0.09976	0.07853	0.01774	0.15227	0.01953	0.02307	0.04071	0.06977	0.01225	0.00265	0.13724	0.00712	0.08778	0.00883
46	0.27970	0.50698	0.02835	0.01124	0.01677	0.02410	0.01069	0.02119	0.01368	0.02182	0.00990	0.01147	0.00866	0.00626	0.00451	0.00175	0.00691	0.00382	0.00350	0.00866
47	0.01640	0.33840	0.07847	0.03381	0.01925	0.02160	0.01366	0.04705	0.01393	0.01848	0.01211	0.01623	0.01096	0.01671	0.14523	0.00387	0.17657	0.00538	0.00338	0.00850
48	0.47351	0.32327	0.02169	0.01054	0.01565	0.02108	0.00958	0.02109	0.01310	0.02560	0.00991	0.01151	0.00831	0.00639	0.00447	0.00192	0.00639	0.00384	0.00384	0.00831
49	0.01428	0.03683	0.71286	0.02030	0.03082	0.01654	0.02631	0.02255	0.01503	0.02255	0.01278	0.01503	0.00902	0.00677	0.00677	0.00226	0.01052	0.00526	0.00301	0.01052

[dist]
# distance from previous block
# <min> <max>
0	2

[block]
# block no. 4 follows, 29 sequences, length 79
# corresponding to MSA columns:
# 180-258
name=unknown_E
#
# <colnr> <probs for GDERKNQSTAVLIFYWHMCP>
#	G	D	E	R	K	N	Q	S	T	A	V	L	I	F	Y	W	H	M	C	P
0	0.04719	0.23696	0.38987	0.07089	0.02784	0.02000	0.04994	0.02166	0.01465	0.02080	0.01180	0.01436	0.00913	0.00673	0.00665	0.00209	0.03159	0.00504	0.00312	0.00970
1	0.00981	0.00723	0.00893	0.00853	0.01016	0.00661	0.00624	0.01255	0.01844	0.02537	0.51947	0.05520	0.17483	0.09220	0.01132	0.00276	0.00377	0.01299	0.00725	0.00634
2	0.01000	0.00712	0.00901	0.00914	0.00981	0.00742	0.00615	0.01111	0.01148	0.01554	0.02685	0.09682	0.08256	0.39306	0.26522	0.00775	0.01055	0.01060	0.00452	0.00527
3	0.01858	0.01818	0.01388	0.01320	0.01582	0.28880	0.00985	0.02120	0.04081	0.07987	0.05337	0.20667	0.08018	0.01290	0.00740	0.00224	0.00772	0.03047	0.07120	0.00765
4	0.02251	0.12566	0.12295	0.01802	0.08376	0.05173	0.01514	0.24788	0.07560	0.11740	0.01886	0.01908	0.03368	0.00810	0.00672	0.00209	0.00795	0.00627	0.00567	0.01095
5	0.01791	0.16832	0.46068	0.01789	0.02652	0.07955	0.02108	0.02398	0.01588	0.08574	0.01353	0.01503	0.00987	0.00688	0.00636	0.00208	0.00976	0.00511	0.00362	0.01022
6	0.01219	0.00625	0.00914	0.00914	0.00914	0.00625	0.00602	0.00937	0.00937	0.01249	0.01325	0.02382	0.01355	0.08792	0.02856	0.72434	0.00625	0.00655	0.00320	0.00320
7	0.03195	0.01212	0.01652	0.01267	0.01818	0.01047	0.01047	0.03470	0.02038	0.71026	0.02809	0.02424	0.01763	0.00881	0.00716	0.00220	0.00606	0.00716	0.00881	0.01212
8	0.02063	0.05702	0.12764	0.01870	0.08413	0.04696	0.08811	0.07839	0.01833	0.20950	0.04846	0.06693	0.01764	0.01271	0.06948	0.00302	0.00906	0.00768	0.00556	0.01005
9	0.02348	0.11350	0.12627	0.01625	0.02254	0.02148	0.01509	0.47395	0.02747	0.03690	0.01563	0.01652	0.01151	0.00978	0.03544	0.00245	0.00866	0.00596	0.00587	0.01127
10	0.62792	0.01340	0.01182	0.01010	0.01476	0.01474	0.00833	0.02402	0.01397	0.18396	0.01399	0.01441	0.00993	0.00710	0.00502	0.00220	0.00563	0.00460	0.00539	0.00870
11	0.27891	0.11512	0.08045	0.04750	0.04236	0.14410	0.04368	0.04010	0.01517	0.02420	0.01152	0.01407	0.00931	0.00727	0.00700	0.00212	0.06652	0.00488	0.03720	0.00853
12	0.00952	0.00714	0.00899	0.00991	0.01134	0.00660	0.00758	0.01173	0.01590	0.02063	0.13323	0.29819	0.22474	0.01946	0.00901	0.00278	0.00453	0.18580	0.00676	0.00617
13	0.02168	0.04494	0.04619	0.01552	0.02055	0.01988	0.01299	0.32892	0.28152	0.03508	0.02066	0.02026	0.01536	0.00885	0.00772	0.00222	0.04003	0.00680	0.00656	0.04426
14	0.01196	0.01360	0.14178	0.01278	0.04050	0.00928	0.01111	0.01607	0.04335	0.05321	0.17948	0.23254	0.14572	0.01466	0.00801	0.00240	0.00543	0.01278	0.00612	0.03924
15	0.01978	0.19773	0.08472	0.04655	0.14000	0.05510	0.01479	0.11610	0.04690	0.08563	0.01810	0.03798	0.04332	0.00795	0.00643	0.00197	0.00775	0.00632	0.00476	0.05812
16	0.01569	0.09637	0.10004	0.24447	0.10834	0.01860	0.18723	0.02042	0.01481	0.02008	0.01251	0.01728	0.00992	0.00724	0.00907	0.00234	0.09676	0.00647	0.00328	0.00909
17	0.00936	0.00676	0.00898	0.01040	0.01128	0.00639	0.00762	0.01121	0.01479	0.01956	0.08099	0.51608	0.08619	0.02100	0.00917	0.00291	0.00459	0.16001	0.00667	0.00602
18	0.01993	0.02214	0.02238	0.02828	0.32899	0.29293	0.01627	0.02301	0.01821	0.02136	0.09024	0.02190	0.04747	0.00816	0.00701	0.00203	0.00941	0.00675	0.00419	0.00935
19	0.01787	0.01886	0.08808	0.11519	0.21766	0.03798	0.24221	0.02271	0.01616	0.07863	0.01445	0.01836	0.01104	0.00703	0.00865	0.00232	0.06198	0.00695	0.00388	0.00997
20	0.00897	0.00639	0.00850	0.01000	0.01053	0.00601	0.00684	0.01038	0.01397	0.01867	0.06676	0.65100	0.04686	0.04607	0.01001	0.00302	0.00434	0.05926	0.00658	0.00582
21	0.01428	0.03683	0.71286	0.02030	0.03082	0.01654	0.02631	0.02255	0.01503	0.02255	0.01278	0.01503	0.00902	0.00677	0.00677	0.00226	0.01052	0.00526	0.00301	0.01052
22	0.01299	0.01158	0.01867	0.09703	0.27455	0.01160	0.03836	0.01618	0.01565	0.02132	0.08421	0.23196	0.08713	0.01309	0.00801	0.00245	0.00656	0.03524	0.00510	0.00832
23	0.01753	0.28251	0.39195	0.01708	0.02538	0.04925	0.01982	0.07980	0.01665	0.02229	0.01209	0.01388	0.00934	0.00671	0.00603	0.00198	0.00938	0.00483	0.00341	0.01009
24	0.01036	0.00690	0.00777	0.00777	0.00777	0.00690	0.00431	0.01036	0.01036	0.01381	0.02244	0.04660	0.02589	0.74975	0.03624	0.00690	0.00690	0.01036	0.00431	0.00431
25	0.00868	0.00620	0.00826	0.00991	0.01033	0.00578	0.00661	0.00991	0.01363	0.01818	0.03925	0.74510	0.04710	0.02231	0.00909	0.00289	0.00413	0.02024	0.00661	0.00578
26	0.02021	0.11819	0.05301	0.01929	0.12519	0.15886	0.03586	0.05261	0.08070	0.08320	0.01802	0.01960	0.03337	0.00809	0.00745	0.00205	0.05252	0.00619	0.09610	0.00949
27	0.03195	0.01212	0.01652	0.01267	0.01818	0.01047	0.01047	0.03470	0.02038	0.71026	0.02809	0.02424	0.01763	0.00881	0.00716	0.00220	0.00606	0.00716	0.00881	0.01212
28	0.00867	0.00729	0.00757	0.00770	0.01004	0.00619	0.00591	0.01059	0.01624	0.01941	0.06929	0.06950	0.64775	0.01817	0.00853	0.00248	0.00385	0.06814	0.00661	0.00606
29	0.09460	0.35038	0.14753	0.01687	0.04225	0.14055	0.07546	0.02284	0.01556	0.02006	0.01109	0.01318	0.00920	0.00647	0.00566	0.00186	0.00921	0.00468	0.00334	0.00919
30	0.01237	0.00618	0.00928	0.00928	0.00928	0.00618	0.00618	0.00928	0.00928	0.01237	0.01237	0.02165	0.01237	0.02474	0.02783	0.79283	0.00618	0.00618	0.00309	0.00309
31	0.02020	0.05899	0.14968	0.07252	0.11974	0.26291	0.01711	0.04712	0.13970	0.02228	0.01517	0.01690	0.01182	0.00748	0.00671	0.00209	0.00988	0.00573	0.00421	0.00977
32	0.01016	0.00739	0.00872	0.00838	0.01047	0.00651	0.00628	0.01270	0.01812	0.05132	0.36504	0.09086	0.34566	0.01623	0.00839	0.00234	0.00361	0.01394	0.00728	0.00658
33	0.01033	0.00763	0.01020	0.01013	0.01089	0.00846	0.00723	0.01179	0.01134	0.01575	0.02328	0.06935	0.05349	0.30761	0.36938	0.00857	0.04523	0.00951	0.00423	0.00562
34	0.00972	0.00726	0.00902	0.00858	0.01042	0.00656	0.00643	0.01273	0.01930	0.02652	0.56416	0.05654	0.20587	0.01532	0.00840	0.00228	0.00341	0.01335	0.00757	0.00656
35	0.02321	0.04140	0.05086	0.01764	0.04643	0.07715	0.04460	0.41591	0.02616	0.03500	0.01580	0.01741	0.01191	0.00979	0.03055	0.00245	0.06359	0.00627	0.05323	0.01066
36	0.02020	0.08380	0.21356	0.05321	0.05369	0.28413	0.06543	0.05177	0.01754	0.02057	0.01196	0.01465	0.00948	0.00737	0.00785	0.00211	0.06456	0.00534	0.00351	0.00927
37	0.01598	0.04731	0.26128	0.02040	0.05176	0.09810	0.15879	0.02113	0.01584	0.02172	0.04061	0.07102	0.01517	0.00855	0.00821	0.00226	0.05805	0.00739	0.06736	0.00907
38	0.01806	0.16496	0.21319	0.01758	0.02432	0.01889	0.11210	0.12758	0.09352	0.04840	0.01923	0.05029	0.04412	0.00836	0.00687	0.00217	0.00848	0.00706	0.00473	0.01011
39	0.01036	0.00690	0.00777	0.00777	0.00777	0.00690	0.00431	0.01036	0.01036	0.01381	0.02244	0.04660	0.02589	0.74975	0.03624	0.00690	0.00690	0.01036	0.00431	0.00431
40	0.01177	0.00908	0.06792	0.00996	0.01095	0.00749	0.00758	0.01099	0.01025	0.01399	0.01582	0.02866	0.01636	0.22949	0.08889	0.43770	0.00787	0.00741	0.00349	0.00434
41	0.01788	0.16493	0.29919	0.05185	0.15034	0.04026	0.01971	0.02433	0.06543	0.07931	0.01475	0.01653	0.01113	0.00698	0.00647	0.00209	0.00889	0.00557	0.00393	0.01041
42	0.08174	0.01527	0.02491	0.26445	0.43444	0.01648	0.02000	0.02059	0.01523	0.02234	0.01286	0.01756	0.01040	0.00662	0.00685	0.00221	0.00855	0.00613	0.00348	0.00989
43	0.00868	0.00620	0.00826	0.00991	0.01033	0.00578	0.00661	0.00991	0.01363	0.01818	0.03925	0.74510	0.04710	0.02231	0.00909	0.00289	0.00413	0.02024	0.00661	0.00578
44	0.04636	0.01944	0.08057	0.15322	0.15301	0.09054	0.13674	0.07285	0.07300	0.02412	0.04522	0.01944	0.01370	0.00758	0.00775	0.00226	0.03358	0.00678	0.00424	0.00960
45	0.04922	0.01847	0.12607	0.10280	0.10102	0.04547	0.04608	0.12248	0.09846	0.05324	0.01928	0.02256	0.04217	0.00978	0.00880	0.06841	0.00803	0.02324	0.02500	0.00943
46	0.00939	0.00684	0.00890	0.00972	0.01084	0.00636	0.00706	0.01156	0.01620	0.02184	0.24835	0.39628	0.11244	0.01922	0.00889	0.00269	0.00410	0.08616	0.00699	0.00618
47	0.01428	0.03683	0.71286	0.02030	0.03082	0.01654	0.02631	0.02255	0.01503	0.02255	0.01278	0.01503	0.00902	0.00677	0.00677	0.00226	0.01052	0.00526	0.00301	0.01052
48	0.01621	0.01647	0.07397	0.31452	0.32116	0.01629	0.04315	0.02155	0.04133	0.04634	0.01422	0.01862	0.01102	0.00689	0.00712	0.00225	0.00895	0.00643	0.00368	0.00985
49	0.01658	0.19683	0.05485	0.01584	0.04417	0.05016	0.08254	0.07240	0.11902	0.02350	0.08681	0.08806	0.07669	0.01028	0.00750	0.00217	0.02983	0.00860	0.00515	0.00902
50	0.00899	0.00668	0.00838	0.00913	0.01027	0.00607	0.00640	0.01089	0.01584	0.02107	0.21700	0.43170	0.18261	0.01945	0.00878	0.00263	0.00383	0.01730	0.00693	0.00607
51	0.03195	0.01212	0.01652	0.01267	0.01818	0.01047	0.01047	0.03470	0.02038	0.71026	0.02809	0.02424	0.01763	0.00881	0.00716	0.00220	0.00606	0.00716	0.00881	0.01212
52	0.01251	0.01177	0.06676	0.07565	0.10786	0.01062	0.03244	0.01629	0.04445	0.04593	0.02672	0.28159	0.04586	0.02276	0.16042	0.00445	0.00917	0.01192	0.00508	0.00776
53	0.01603	0.01574	0.02565	0.35816	0.34848	0.04466	0.04854	0.02048	0.01549	0.02068	0.01300	0.01812	0.01035	0.00673	0.00711	0.00223	0.00926	0.00635	0.00337	0.00954
54	0.01513	0.03093	0.48816	0.02355	0.03296	0.01703	0.24508	0.02264	0.01563	0.02264	0.01332	0.01643	0.00962	0.00651	0.00731	0.00230	0.01102	0.00631	0.00321	0.01022
55	0.56333	0.01308	0.01209	0.01040	0.01497	0.01418	0.00860	0.02424	0.01447	0.20834	0.01594	0.01805	0.01183	0.00779	0.00538	0.00225	0.00570	0.03491	0.00566	0.00881
56	0.01505	0.01183	0.01765	0.16878	0.09609	0.01276	0.04692	0.06164	0.06573	0.07564	0.02516	0.28689	0.02529	0.01323	0.00867	0.00255	0.04047	0.01175	0.00549	0.00842
57	0.01733	0.01457	0.02137	0.18802	0.24532	0.04575	0.03660	0.04409	0.04402	0.09072	0.04756	0.07762	0.04214	0.00895	0.00728	0.00222	0.00776	0.00803	0.00481	0.04584
58	0.01345	0.01266	0.02136	0.73264	0.04904	0.01582	0.01978	0.01819	0.01424	0.01819	0.01266	0.01898	0.00949	0.00712	0.00712	0.00237	0.00949	0.00633	0.00316	0.00791
59	0.69694	0.01581	0.01182	0.01047	0.01487	0.07771	0.00851	0.05210	0.01381	0.03128	0.01034	0.01193	0.00804	0.00676	0.00471	0.00217	0.00625	0.00404	0.00447	0.00796
60	0.01342	0.00785	0.01065	0.01011	0.01066	0.00830	0.00702	0.06840	0.01166	0.01571	0.01420	0.02442	0.01415	0.11514	0.05342	0.56811	0.03205	0.00679	0.00363	0.00432
61	0.01002	0.00669	0.00785	0.00832	0.00851	0.00658	0.00499	0.01052	0.01149	0.01562	0.02720	0.24198	0.03150	0.51106	0.02717	0.00553	0.00596	0.01296	0.04122	0.00483
62	0.02057	0.01672	0.01771	0.01507	0.01961	0.01905	0.01196	0.23480	0.49084	0.03440	0.02535	0.02367	0.01879	0.00932	0.00721	0.00233	0.00631	0.00755	0.00721	0.01153
63	0.01017	0.00763	0.01144	0.01144	0.01272	0.00890	0.00890	0.01272	0.01144	0.01653	0.01907	0.02797	0.01780	0.05340	0.72153	0.01144	0.01907	0.00763	0.00381	0.00636
64	0.08042	0.01594	0.01712	0.03694	0.01993	0.01797	0.01174	0.18776	0.40942	0.08819	0.02414	0.02276	0.01768	0.00902	0.00699	0.00231	0.00630	0.00722	0.00700	0.01116
65	0.01537	0.20106	0.55817	0.01844	0.02795	0.01920	0.02307	0.02227	0.01490	0.02122	0.01212	0.01421	0.00905	0.00661	0.00626	0.00209	0.00986	0.00493	0.00302	0.01021
66	0.00892	0.00637	0.00854	0.01019	0.01071	0.00599	0.00703	0.01034	0.01387	0.01845	0.03911	0.68717	0.04656	0.02208	0.00915	0.00293	0.00434	0.07577	0.00661	0.00585
67	0.04208	0.04812	0.12900	0.01488	0.01970	0.09732	0.06110	0.09200	0.03659	0.08228	0.07529	0.06078	0.08493	0.01063	0.00727	0.00226	0.00758	0.06104	0.05828	0.00888
68	0.02026	0.01767	0.01892	0.01572	0.01942	0.18745	0.11386	0.07014	0.05421	0.10973	0.02026	0.08394	0.01699	0.03137	0.00829	0.00227	0.03132	0.00781	0.16167	0.00871
69	0.01101	0.00692	0.00917	0.01021	0.01111	0.00648	0.00712	0.01243	0.01412	0.07594	0.03660	0.56443	0.04213	0.08942	0.01154	0.00324	0.00475	0.07057	0.00657	0.00624
70	0.04900	0.00863	0.01070	0.01085	0.01279	0.00838	0.00816	0.06443	0.01675	0.10042	0.07819	0.40100	0.08534	0.01792	0.00852	0.00270	0.00491	0.09720	0.00687	0.00724
71	0.08143	0.18120	0.07063	0.01407	0.04939	0.08462	0.01187	0.02252	0.04036	0.07690	0.01354	0.01491	0.01077	0.00636	0.00557	0.00160	0.00714	0.00468	0.00428	0.29816
72	0.05793	0.04156	0.02013	0.01656	0.04774	0.06602	0.03664	0.32649	0.16222	0.06015	0.02092	0.02111	0.04031	0.01061	0.03702	0.00257	0.00803	0.00690	0.00630	0.01079
73	0.01235	0.00774	0.00965	0.00949	0.01122	0.00716	0.00704	0.01438	0.01607	0.09825	0.19554	0.12864	0.16248	0.17871	0.01470	0.00351	0.00503	0.10485	0.00663	0.00654
74	0.04982	0.13385	0.16431	0.06193	0.02540	0.09532	0.10009	0.02647	0.11049	0.12165	0.01662	0.01784	0.01228	0.00748	0.00706	0.00216	0.02656	0.00606	0.00466	0.00994
75	0.01202	0.00785	0.00979	0.01018	0.01173	0.00746	0.00734	0.04140	0.04013	0.07609	0.04086	0.42768	0.15686	0.01947	0.01008	0.06144	0.00466	0.04176	0.00657	0.00664
76	0.02137	0.01273	0.01443	0.01258	0.01613	0.06681	0.00997	0.05459	0.06838	0.29632	0.05299	0.12325	0.09805	0.01408	0.03447	0.00274	0.03446	0.05014	0.00712	0.00939
77	0.05746	0.10017	0.02408	0.11184	0.24640	0.04429	0.01596	0.11880	0.01909	0.16987	0.01628	0.01795	0.01203	0.00730	0.00667	0.00209	0.00793	0.00606	0.00510	0.01064
78	0.01101	0.00809	0.01172	0.01102	0.01258	0.00754	0.06945	0.01278	0.01450	0.05026	0.11016	0.32925	0.11306	0.18733	0.01507	0.00362	0.00546	0.01484	0.00603	0.00622

[dist]
# distance from previous block
# <min> <max>
13	17

[block]
# block no. 5 follows, 29 sequences, length 14
# corresponding to MSA columns:
# 280-293
name=unknown_F
#
# <colnr> <probs for GDERKNQSTAVLIFYWHMCP>
#	G	D	E	R	K	N	Q	S	T	A	V	L	I	F	Y	W	H	M	C	P
0	0.43183	0.01623	0.01522	0.01232	0.01738	0.01805	0.01014	0.29140	0.02104	0.03667	0.01304	0.01404	0.00970	0.00732	0.00558	0.00210	0.00645	0.00493	0.00551	0.06106
1	0.00961	0.00706	0.00884	0.00903	0.01042	0.00651	0.00657	0.01198	0.01705	0.02310	0.35735	0.20358	0.16351	0.07947	0.01100	0.00287	0.00406	0.05480	0.00700	0.00619
2	0.01121	0.00737	0.00961	0.01015	0.01165	0.00684	0.00763	0.01344	0.01626	0.07111	0.18774	0.32386	0.11692	0.03944	0.00964	0.00283	0.00458	0.13618	0.00697	0.00658
3	0.02036	0.01522	0.01656	0.01439	0.01874	0.01706	0.01133	0.08636	0.55071	0.12374	0.02796	0.02553	0.02044	0.00946	0.00722	0.00237	0.00586	0.00780	0.00745	0.01145
4	0.00899	0.00686	0.00815	0.00890	0.01023	0.00619	0.00636	0.01065	0.01502	0.01916	0.09195	0.34114	0.29902	0.07145	0.01076	0.00298	0.00426	0.06552	0.00652	0.00588
5	0.01564	0.00822	0.01070	0.01016	0.01245	0.00735	0.00750	0.01766	0.01676	0.21901	0.14307	0.32264	0.11519	0.04747	0.00950	0.00271	0.00462	0.01431	0.00734	0.00772
6	0.56976	0.01335	0.01174	0.01040	0.01460	0.01498	0.00839	0.05207	0.06213	0.09556	0.01581	0.07660	0.01320	0.00846	0.00539	0.00227	0.00556	0.00598	0.00534	0.00841
7	0.02843	0.01776	0.02002	0.01535	0.02099	0.01884	0.01268	0.50111	0.02982	0.23051	0.02016	0.01909	0.01365	0.00862	0.00713	0.00216	0.00734	0.00662	0.00759	0.01211
8	0.01952	0.01189	0.01397	0.01206	0.01542	0.01227	0.00927	0.08238	0.21333	0.20432	0.11221	0.03455	0.02716	0.16034	0.01333	0.00326	0.00593	0.03229	0.00710	0.00940
9	0.01173	0.00779	0.00976	0.00998	0.01103	0.00779	0.00699	0.01351	0.03368	0.06997	0.03355	0.29424	0.09027	0.24606	0.04795	0.00442	0.03527	0.05405	0.00583	0.00615
10	0.00891	0.00676	0.00822	0.00885	0.01018	0.00606	0.00626	0.01080	0.01591	0.02083	0.19788	0.37821	0.25689	0.01923	0.00872	0.00259	0.00379	0.01696	0.00689	0.00606
11	0.02111	0.00985	0.01317	0.01142	0.01489	0.00890	0.00905	0.02438	0.04053	0.36620	0.19759	0.14421	0.03615	0.01307	0.00795	0.00240	0.00512	0.05659	0.00803	0.00940
12	0.02444	0.01835	0.01997	0.01592	0.02093	0.02062	0.01299	0.47278	0.18817	0.06331	0.01991	0.01952	0.01445	0.00902	0.00797	0.00225	0.04388	0.00682	0.00701	0.01169
13	0.01779	0.01757	0.02660	0.02303	0.09415	0.06141	0.20641	0.09754	0.06814	0.02338	0.01482	0.01981	0.01244	0.04794	0.04609	0.00314	0.19913	0.00720	0.00420	0.00922

[dist]
# distance from previous block
# <min> <max>
0	2

[block]
# block no. 6 follows, 29 sequences, length 15
# corresponding to MSA columns:
# 296-310
name=unknown_G
#
# <colnr> <probs for GDERKNQSTAVLIFYWHMCP>
#	G	D	E	R	K	N	Q	S	T	A	V	L	I	F	Y	W	H	M	C	P
0	0.01175	0.00814	0.00975	0.00961	0.01167	0.00756	0.00724	0.05344	0.01763	0.06650	0.18685	0.21868	0.25954	0.03510	0.00920	0.00264	0.00441	0.06643	0.00698	0.00687
1	0.01404	0.01236	0.01822	0.01369	0.01885	0.01023	0.12700	0.01721	0.01536	0.02279	0.09817	0.06492	0.01980	0.00880	0.00787	0.05192	0.00622	0.00711	0.00462	0.46082
2	0.43077	0.01224	0.01316	0.06465	0.01738	0.01323	0.04414	0.01819	0.01302	0.02621	0.01591	0.12926	0.01521	0.01213	0.05475	0.00283	0.00683	0.00716	0.00456	0.09838
3	0.02011	0.01703	0.01623	0.01410	0.01825	0.11767	0.01098	0.10717	0.32773	0.09160	0.02737	0.06500	0.06568	0.01011	0.00716	0.00222	0.00673	0.00818	0.00659	0.06010
4	0.01763	0.01207	0.01369	0.01165	0.01531	0.01209	0.00905	0.16811	0.10573	0.09734	0.07223	0.13453	0.07650	0.03909	0.00827	0.00231	0.00543	0.00971	0.07899	0.11028
5	0.01243	0.01035	0.04297	0.01128	0.01364	0.00915	0.00872	0.08380	0.04828	0.02193	0.03072	0.39557	0.05479	0.03755	0.01039	0.06131	0.00532	0.03796	0.00593	0.09790
6	0.01810	0.05539	0.01907	0.04299	0.01952	0.04945	0.05377	0.17748	0.06152	0.05717	0.05953	0.05595	0.01869	0.05289	0.12418	0.00392	0.06689	0.00772	0.00532	0.05045
7	0.05079	0.01342	0.05049	0.17459	0.02486	0.01244	0.05772	0.05744	0.03835	0.05891	0.01920	0.13894	0.01783	0.05027	0.00854	0.00235	0.00705	0.00840	0.00480	0.20360
8	0.14769	0.03576	0.01892	0.07954	0.13970	0.06468	0.01335	0.08202	0.05922	0.13493	0.06065	0.04862	0.01690	0.00888	0.00783	0.00226	0.05710	0.00694	0.00539	0.00960
9	0.01905	0.01686	0.04915	0.01872	0.04167	0.01636	0.18342	0.19255	0.13671	0.06367	0.07389	0.02566	0.06498	0.00888	0.00753	0.00222	0.00778	0.00814	0.00592	0.05682
10	0.01676	0.03206	0.06830	0.03350	0.05717	0.03488	0.05130	0.14946	0.12561	0.04372	0.04820	0.16683	0.08731	0.01185	0.00758	0.00232	0.00674	0.01024	0.00595	0.04022
11	0.10213	0.03608	0.04265	0.05949	0.02009	0.09215	0.03608	0.08978	0.14367	0.04271	0.05951	0.07199	0.04561	0.01099	0.03188	0.00246	0.00748	0.00768	0.00543	0.09214
12	0.07442	0.01731	0.02031	0.01758	0.05836	0.08845	0.09553	0.18996	0.13098	0.08971	0.04507	0.06630	0.03287	0.03093	0.00809	0.00239	0.00773	0.00800	0.00601	0.00998
13	0.02026	0.06232	0.04707	0.05313	0.02148	0.08543	0.04640	0.15959	0.16557	0.08393	0.04057	0.05609	0.01730	0.00899	0.00725	0.00214	0.02207	0.00729	0.03493	0.05820
14	0.01973	0.09885	0.03595	0.01548	0.02000	0.07853	0.08759	0.08963	0.18464	0.12037	0.04465	0.11586	0.03686	0.01033	0.00727	0.00226	0.00729	0.00885	0.00608	0.00979

[dist]
# distance from previous block
# <min> <max>
64	211

# created by:
# /home/cegg/simao/soft/augustus-3.2.1/scripts/msa2prfl.pl ./align_prep/EOG090W06DO.fa
