[name]
unknown

[dist]
# distance from previous block
# <min> <max>
3	241

[block]
# block no. 0 follows, 36 sequences, length 100
# corresponding to MSA columns:
# 257-356
name=unknown_A
#
# <colnr> <probs for GDERKNQSTAVLIFYWHMCP>
#	G	D	E	R	K	N	Q	S	T	A	V	L	I	F	Y	W	H	M	C	P
0	0.01761	0.01132	0.01337	0.01043	0.01519	0.02952	0.00845	0.02148	0.07377	0.23447	0.01796	0.02079	0.01397	0.00691	0.00559	0.00149	0.00511	0.06085	0.00525	0.42647
1	0.02471	0.01119	0.01577	0.11449	0.02017	0.01059	0.02983	0.05187	0.04774	0.57228	0.02212	0.02033	0.01428	0.00747	0.00629	0.00196	0.00589	0.00621	0.00680	0.01001
2	0.01479	0.01410	0.02399	0.09562	0.65465	0.01431	0.01841	0.01842	0.01395	0.01981	0.01263	0.04791	0.01108	0.00620	0.00625	0.00190	0.00731	0.00607	0.00317	0.00943
3	0.00789	0.00564	0.00758	0.00902	0.00951	0.00532	0.00631	0.00920	0.01223	0.01624	0.03417	0.68997	0.04055	0.01924	0.00803	0.00257	0.00388	0.10173	0.00578	0.00514
4	0.01009	0.00754	0.01071	0.01036	0.01179	0.00872	0.00811	0.06835	0.01157	0.01646	0.01655	0.02371	0.01518	0.04357	0.69591	0.00936	0.01590	0.00659	0.00357	0.00597
5	0.75982	0.01216	0.00955	0.00855	0.01238	0.01410	0.00700	0.01951	0.06864	0.02780	0.01002	0.01118	0.00774	0.00600	0.00406	0.00194	0.00483	0.00367	0.00406	0.00700
6	0.01512	0.01450	0.02475	0.09726	0.68547	0.01473	0.01897	0.01886	0.01405	0.02000	0.01167	0.01552	0.00974	0.00561	0.00617	0.00187	0.00748	0.00555	0.00306	0.00963
7	0.01599	0.66313	0.14841	0.01181	0.01777	0.02301	0.01266	0.01883	0.01274	0.01548	0.00907	0.01051	0.00798	0.00543	0.00431	0.00144	0.00707	0.00354	0.00266	0.00819
8	0.00784	0.00574	0.00745	0.00854	0.00925	0.00523	0.00579	0.00907	0.01225	0.01639	0.05384	0.68353	0.08067	0.01849	0.00776	0.00242	0.00361	0.01668	0.00572	0.03972
9	0.08489	0.01682	0.01760	0.01365	0.01849	0.03782	0.01124	0.59366	0.02664	0.09474	0.01511	0.01500	0.01062	0.00734	0.00604	0.00187	0.00669	0.00545	0.00609	0.01021
10	0.01460	0.04274	0.49730	0.01508	0.02231	0.01276	0.01790	0.02068	0.03471	0.13403	0.11092	0.01909	0.01619	0.00717	0.00613	0.00195	0.00758	0.00579	0.00410	0.00897
11	0.00890	0.00668	0.01001	0.01001	0.01113	0.00779	0.00779	0.01113	0.01001	0.01446	0.01669	0.02448	0.01558	0.04673	0.75634	0.01001	0.01669	0.00668	0.00334	0.00556
12	0.01635	0.72909	0.08564	0.01119	0.01680	0.02390	0.01158	0.01874	0.01270	0.01503	0.00885	0.01023	0.00799	0.00537	0.00414	0.00138	0.00685	0.00343	0.00266	0.00809
13	0.01504	0.49218	0.31108	0.01342	0.02026	0.02069	0.01547	0.01907	0.01285	0.01663	0.00964	0.01122	0.00796	0.00556	0.00475	0.00158	0.00765	0.00383	0.00265	0.00847
14	0.00849	0.00642	0.00793	0.00814	0.00970	0.00586	0.00631	0.01083	0.01542	0.02043	0.33143	0.12317	0.26171	0.01515	0.00765	0.00223	0.00360	0.14372	0.00622	0.00559
15	0.01666	0.78478	0.03265	0.01066	0.01599	0.02465	0.01066	0.01866	0.01266	0.01466	0.00866	0.00999	0.00800	0.00533	0.00400	0.00133	0.00666	0.00333	0.00267	0.00800
16	0.00898	0.00648	0.00856	0.00833	0.00980	0.00605	0.00645	0.01191	0.01719	0.02412	0.64275	0.04977	0.05567	0.01335	0.00752	0.00208	0.00332	0.10509	0.00671	0.00586
17	0.01606	0.67732	0.13490	0.01167	0.01756	0.02320	0.01243	0.01881	0.01273	0.01538	0.00902	0.01045	0.00798	0.00541	0.00427	0.00142	0.00703	0.00351	0.00266	0.00817
18	0.01540	0.07087	0.30563	0.01847	0.02527	0.01576	0.21893	0.07653	0.11478	0.05590	0.01432	0.01592	0.01046	0.00625	0.00631	0.00198	0.00846	0.00581	0.00382	0.00916
19	0.00759	0.00542	0.00723	0.00868	0.00904	0.00506	0.00578	0.00868	0.01193	0.01591	0.03434	0.77697	0.04121	0.01952	0.00795	0.00253	0.00361	0.01771	0.00578	0.00506
20	0.00759	0.00542	0.00723	0.00868	0.00904	0.00506	0.00578	0.00868	0.01193	0.01591	0.03434	0.77697	0.04121	0.01952	0.00795	0.00253	0.00361	0.01771	0.00578	0.00506
21	0.02589	0.01486	0.01639	0.01277	0.01752	0.07450	0.01045	0.30125	0.02232	0.40873	0.01957	0.01793	0.01292	0.00751	0.00620	0.00188	0.00640	0.00582	0.00676	0.01032
22	0.01478	0.01684	0.05400	0.02836	0.17060	0.01554	0.56409	0.01979	0.01456	0.02003	0.01239	0.01644	0.00949	0.00533	0.00708	0.00205	0.00986	0.00693	0.00312	0.00871
23	0.00759	0.00542	0.00723	0.00868	0.00904	0.00506	0.00578	0.00868	0.01193	0.01591	0.03434	0.77697	0.04121	0.01952	0.00795	0.00253	0.00361	0.01771	0.00578	0.00506
24	0.02119	0.01621	0.01729	0.01383	0.01837	0.01816	0.01124	0.51166	0.24308	0.03524	0.01813	0.01748	0.01316	0.00778	0.00627	0.00194	0.00627	0.00605	0.00627	0.01037
25	0.01683	0.01244	0.01702	0.01239	0.01785	0.01062	0.10461	0.09303	0.01571	0.14452	0.01396	0.01506	0.01045	0.00552	0.00543	0.00135	0.00576	0.00482	0.00456	0.48807
26	0.01293	0.11138	0.67343	0.01701	0.02581	0.01554	0.02172	0.01962	0.01310	0.01920	0.01092	0.01282	0.00790	0.00586	0.00572	0.00191	0.00894	0.00447	0.00263	0.00908
27	0.01250	0.03223	0.74875	0.01776	0.02697	0.01447	0.02302	0.01973	0.01315	0.01973	0.01118	0.01315	0.00789	0.00592	0.00592	0.00197	0.00921	0.00460	0.00263	0.00921
28	0.00739	0.00622	0.00641	0.00657	0.00848	0.00524	0.00485	0.00891	0.01396	0.01673	0.06000	0.13771	0.66391	0.01619	0.00743	0.00215	0.00321	0.01364	0.00579	0.00524
29	0.02091	0.06511	0.01809	0.01534	0.04115	0.38069	0.01164	0.15632	0.18680	0.02240	0.01433	0.01481	0.01114	0.00701	0.00583	0.00177	0.00856	0.00503	0.00447	0.00860
30	0.00928	0.00709	0.00894	0.06961	0.01304	0.00675	0.00781	0.01157	0.01423	0.03777	0.06606	0.08318	0.36795	0.01533	0.00770	0.00238	0.00455	0.25542	0.00561	0.00572
31	0.00759	0.00542	0.00723	0.00868	0.00904	0.00506	0.00578	0.00868	0.01193	0.01591	0.03434	0.77697	0.04121	0.01952	0.00795	0.00253	0.00361	0.01771	0.00578	0.00506
32	0.02640	0.01026	0.01396	0.01082	0.01537	0.00889	0.00889	0.02885	0.01782	0.68794	0.08254	0.02326	0.01894	0.00812	0.00635	0.00193	0.00511	0.00667	0.00764	0.01022
33	0.01513	0.01450	0.02476	0.09688	0.68583	0.01473	0.01898	0.01886	0.01405	0.02000	0.01167	0.01552	0.00974	0.00561	0.00617	0.00187	0.00747	0.00555	0.00306	0.00963
34	0.01250	0.03223	0.74875	0.01776	0.02697	0.01447	0.02302	0.01973	0.01315	0.01973	0.01118	0.01315	0.00789	0.00592	0.00592	0.00197	0.00921	0.00460	0.00263	0.00921
35	0.00882	0.00637	0.00833	0.00784	0.00931	0.00588	0.00588	0.01176	0.01764	0.02499	0.73888	0.04654	0.05879	0.01274	0.00735	0.00196	0.00294	0.01127	0.00686	0.00588
36	0.01666	0.78478	0.03265	0.01066	0.01599	0.02465	0.01066	0.01866	0.01266	0.01466	0.00866	0.00999	0.00800	0.00533	0.00400	0.00133	0.00666	0.00333	0.00267	0.00800
37	0.01292	0.01107	0.01292	0.00923	0.01477	0.00831	0.00738	0.01569	0.01292	0.02030	0.01107	0.01292	0.00923	0.00461	0.00461	0.00092	0.00461	0.00369	0.00369	0.81912
38	0.01666	0.78478	0.03265	0.01066	0.01599	0.02465	0.01066	0.01866	0.01266	0.01466	0.00866	0.00999	0.00800	0.00533	0.00400	0.00133	0.00666	0.00333	0.00267	0.00800
39	0.01666	0.78478	0.03265	0.01066	0.01599	0.02465	0.01066	0.01866	0.01266	0.01466	0.00866	0.00999	0.00800	0.00533	0.00400	0.00133	0.00666	0.00333	0.00267	0.00800
40	0.02167	0.02132	0.03872	0.01471	0.01893	0.27179	0.01186	0.33106	0.15774	0.02794	0.01499	0.01520	0.01123	0.00725	0.00603	0.00183	0.00807	0.00530	0.00511	0.00926
41	0.00944	0.00663	0.00768	0.00787	0.00831	0.00674	0.00500	0.01122	0.06801	0.01422	0.02315	0.14633	0.02595	0.55560	0.02463	0.00500	0.00558	0.05965	0.00441	0.00459
42	0.00829	0.00592	0.00804	0.00948	0.01015	0.00567	0.00700	0.00989	0.01262	0.01669	0.03395	0.57440	0.03967	0.01886	0.00814	0.00263	0.00422	0.21335	0.00577	0.00525
43	0.01292	0.01107	0.01292	0.00923	0.01477	0.00831	0.00738	0.01569	0.01292	0.02030	0.01107	0.01292	0.00923	0.00461	0.00461	0.00092	0.00461	0.00369	0.00369	0.81912
44	0.01413	0.01104	0.01304	0.00938	0.01486	0.00837	0.00753	0.01687	0.01332	0.07881	0.01216	0.01359	0.00973	0.00486	0.00475	0.00100	0.00467	0.00390	0.00402	0.75398
45	0.02213	0.15090	0.02075	0.01352	0.01842	0.04073	0.01144	0.56083	0.02564	0.03389	0.01386	0.01421	0.01021	0.00707	0.00578	0.00176	0.00684	0.00517	0.02692	0.00992
46	0.01413	0.01589	0.03439	0.02484	0.03067	0.01489	0.66203	0.01905	0.01448	0.01963	0.01436	0.07805	0.01201	0.00640	0.00740	0.00214	0.00995	0.00819	0.00336	0.00813
47	0.01177	0.01107	0.01869	0.76606	0.04291	0.01384	0.01730	0.01592	0.01246	0.01592	0.01107	0.01661	0.00831	0.00623	0.00623	0.00208	0.00831	0.00554	0.00277	0.00692
48	0.01404	0.01073	0.00884	0.00839	0.01040	0.13063	0.00634	0.01865	0.10763	0.02229	0.01922	0.02126	0.01506	0.00728	0.00482	0.00156	0.00454	0.00567	0.57607	0.00657
49	0.11558	0.01914	0.01741	0.01395	0.01848	0.15762	0.01129	0.50936	0.02495	0.03344	0.01323	0.01370	0.00967	0.00709	0.00584	0.00183	0.00745	0.00505	0.00539	0.00952
50	0.00890	0.00668	0.01001	0.01001	0.01113	0.00779	0.00779	0.01113	0.01001	0.01446	0.01669	0.02448	0.01558	0.04673	0.75634	0.01001	0.01669	0.00668	0.00334	0.00556
51	0.01471	0.07758	0.52001	0.01534	0.02279	0.01378	0.01838	0.02062	0.03245	0.11892	0.01391	0.01654	0.01042	0.06864	0.00793	0.00225	0.00813	0.00517	0.00352	0.00890
52	0.01161	0.00581	0.00581	0.00581	0.00726	0.00581	0.00436	0.01452	0.01307	0.02323	0.02033	0.02323	0.01597	0.00726	0.00436	0.00145	0.00290	0.00581	0.81562	0.00581
53	0.01551	0.22904	0.27897	0.01442	0.02056	0.03795	0.03345	0.08886	0.15960	0.02128	0.01434	0.03501	0.01136	0.00678	0.00560	0.00183	0.00737	0.00526	0.00385	0.00896
54	0.01542	0.01480	0.02529	0.03824	0.74217	0.01480	0.01912	0.01912	0.01419	0.02036	0.01172	0.01542	0.00987	0.00555	0.00617	0.00185	0.00740	0.00555	0.00308	0.00987
55	0.06441	0.35386	0.10575	0.01262	0.01802	0.04103	0.01210	0.21342	0.06368	0.04306	0.01220	0.01291	0.00954	0.00631	0.00508	0.00166	0.00688	0.00444	0.00410	0.00894
56	0.01446	0.01103	0.01308	0.00942	0.01488	0.00839	0.00757	0.01720	0.01342	0.09492	0.01246	0.01377	0.00986	0.00493	0.00478	0.00103	0.00468	0.00396	0.00410	0.73605
57	0.01550	0.01338	0.01409	0.01268	0.01620	0.01550	0.00986	0.03311	0.73091	0.02606	0.02536	0.02325	0.01902	0.00845	0.00634	0.00211	0.00493	0.00704	0.00634	0.00986
58	0.82504	0.01205	0.00916	0.00819	0.01205	0.01398	0.00675	0.01832	0.01060	0.02795	0.00868	0.01012	0.00675	0.00578	0.00386	0.00193	0.00482	0.00337	0.00386	0.00675
59	0.01292	0.01107	0.01292	0.00923	0.01477	0.00831	0.00738	0.01569	0.01292	0.02030	0.01107	0.01292	0.00923	0.00461	0.00461	0.00092	0.00461	0.00369	0.00369	0.81912
60	0.00759	0.00542	0.00723	0.00868	0.00904	0.00506	0.00578	0.00868	0.01193	0.01591	0.03434	0.77697	0.04121	0.01952	0.00795	0.00253	0.00361	0.01771	0.00578	0.00506
61	0.02096	0.29437	0.02291	0.01416	0.01812	0.49965	0.01156	0.02270	0.01591	0.01504	0.00929	0.01080	0.00802	0.00604	0.00505	0.00151	0.00963	0.00377	0.00302	0.00749
62	0.01177	0.01107	0.01869	0.76606	0.04291	0.01384	0.01730	0.01592	0.01246	0.01592	0.01107	0.01661	0.00831	0.00623	0.00623	0.00208	0.00831	0.00554	0.00277	0.00692
63	0.01528	0.01471	0.02479	0.03648	0.68369	0.01515	0.01868	0.01879	0.01381	0.01992	0.01143	0.01528	0.00973	0.00598	0.00732	0.00192	0.06881	0.00554	0.00306	0.00962
64	0.01532	0.01507	0.02683	0.03663	0.64690	0.01493	0.11316	0.01923	0.01426	0.02030	0.01184	0.01561	0.00981	0.00551	0.00633	0.00188	0.00782	0.00579	0.00309	0.00967
65	0.00759	0.00542	0.00723	0.00868	0.00904	0.00506	0.00578	0.00868	0.01193	0.01591	0.03434	0.77697	0.04121	0.01952	0.00795	0.00253	0.00361	0.01771	0.00578	0.00506
66	0.00736	0.00631	0.00631	0.00631	0.00842	0.00526	0.00473	0.00894	0.01420	0.01683	0.06312	0.05996	0.73964	0.01578	0.00736	0.00210	0.00316	0.01315	0.00579	0.00526
67	0.01360	0.23105	0.55956	0.01588	0.02407	0.01716	0.01975	0.01945	0.01302	0.01839	0.01052	0.01232	0.00792	0.00576	0.00541	0.00180	0.00854	0.00427	0.00264	0.00889
68	0.01343	0.01334	0.01870	0.01609	0.01614	0.01860	0.01338	0.01483	0.00956	0.01497	0.00854	0.01409	0.00849	0.01243	0.05175	0.00304	0.73761	0.00550	0.00275	0.00676
69	0.00736	0.00631	0.00631	0.00631	0.00842	0.00526	0.00473	0.00894	0.01420	0.01683	0.06312	0.05996	0.73964	0.01578	0.00736	0.00210	0.00316	0.01315	0.00579	0.00526
70	0.02327	0.02970	0.01766	0.01605	0.01926	0.75602	0.01204	0.02488	0.01766	0.01525	0.00963	0.01124	0.00803	0.00642	0.00562	0.00161	0.01124	0.00401	0.00321	0.00722
71	0.01542	0.01480	0.02529	0.03824	0.74217	0.01480	0.01912	0.01912	0.01419	0.02036	0.01172	0.01542	0.00987	0.00555	0.00617	0.00185	0.00740	0.00555	0.00308	0.00987
72	0.01458	0.01769	0.07734	0.02578	0.03224	0.01568	0.67985	0.01995	0.01462	0.01995	0.01252	0.01660	0.00936	0.00529	0.00727	0.00209	0.01043	0.00720	0.00312	0.00845
73	0.02795	0.01060	0.01446	0.01109	0.01591	0.00916	0.00916	0.03036	0.01783	0.74648	0.02458	0.02121	0.01542	0.00771	0.00627	0.00193	0.00530	0.00627	0.00771	0.01060
74	0.00787	0.00586	0.00740	0.00851	0.00941	0.00539	0.00611	0.00930	0.01277	0.01648	0.04074	0.51808	0.20030	0.01835	0.00791	0.00248	0.00379	0.10825	0.00578	0.00520
75	0.01250	0.03223	0.74875	0.01776	0.02697	0.01447	0.02302	0.01973	0.01315	0.01973	0.01118	0.01315	0.00789	0.00592	0.00592	0.00197	0.00921	0.00460	0.00263	0.00921
76	0.01589	0.01330	0.01410	0.01263	0.01619	0.01530	0.00984	0.03302	0.70844	0.04877	0.02533	0.02318	0.01891	0.00843	0.00634	0.00211	0.00494	0.00702	0.00638	0.00989
77	0.01292	0.01107	0.01292	0.00923	0.01477	0.00831	0.00738	0.01569	0.01292	0.02030	0.01107	0.01292	0.00923	0.00461	0.00461	0.00092	0.00461	0.00369	0.00369	0.81912
78	0.01666	0.78478	0.03265	0.01066	0.01599	0.02465	0.01066	0.01866	0.01266	0.01466	0.00866	0.00999	0.00800	0.00533	0.00400	0.00133	0.00666	0.00333	0.00267	0.00800
79	0.01221	0.01313	0.06065	0.21357	0.19923	0.01240	0.15878	0.01602	0.01380	0.01824	0.02427	0.02677	0.18766	0.00818	0.00671	0.00203	0.00733	0.00772	0.00365	0.00765
80	0.01292	0.01107	0.01292	0.00923	0.01477	0.00831	0.00738	0.01569	0.01292	0.02030	0.01107	0.01292	0.00923	0.00461	0.00461	0.00092	0.00461	0.00369	0.00369	0.81912
81	0.01272	0.07340	0.70957	0.01737	0.02637	0.01503	0.02234	0.01967	0.01313	0.01945	0.01104	0.01298	0.00790	0.00589	0.00581	0.00194	0.00907	0.00453	0.00263	0.00914
82	0.01087	0.00641	0.00832	0.00856	0.00970	0.00591	0.00595	0.01225	0.01320	0.12065	0.12856	0.43953	0.05773	0.12880	0.01111	0.00287	0.00411	0.01379	0.00591	0.00578
83	0.01455	0.01981	0.22716	0.03159	0.48634	0.01479	0.07664	0.01936	0.01394	0.02015	0.01164	0.01490	0.00929	0.00563	0.00619	0.00190	0.00815	0.00543	0.00296	0.00957
84	0.01292	0.01107	0.01292	0.00923	0.01477	0.00831	0.00738	0.01569	0.01292	0.02030	0.01107	0.01292	0.00923	0.00461	0.00461	0.00092	0.00461	0.00369	0.00369	0.81912
85	0.00894	0.00651	0.00915	0.00915	0.00997	0.00732	0.00672	0.01057	0.00976	0.01383	0.01748	0.02883	0.01747	0.24299	0.56267	0.00895	0.01384	0.00731	0.00345	0.00509
86	0.00872	0.00636	0.00819	0.00773	0.00925	0.00584	0.00580	0.01156	0.01739	0.02441	0.69111	0.04749	0.10691	0.01295	0.00735	0.00197	0.00295	0.01140	0.00678	0.00584
87	0.01575	0.01170	0.01589	0.01288	0.06689	0.00948	0.06375	0.01872	0.01397	0.14210	0.01350	0.01479	0.01033	0.00525	0.00521	0.00125	0.00538	0.00454	0.00428	0.56434
88	0.82504	0.01205	0.00916	0.00819	0.01205	0.01398	0.00675	0.01832	0.01060	0.02795	0.00868	0.01012	0.00675	0.00578	0.00386	0.00193	0.00482	0.00337	0.00386	0.00675
89	0.01263	0.01054	0.01247	0.01262	0.06962	0.01139	0.00888	0.02295	0.37726	0.02470	0.28457	0.05193	0.05371	0.01028	0.00676	0.00205	0.00432	0.00891	0.00625	0.00816
90	0.00836	0.00635	0.00769	0.00736	0.00903	0.00568	0.00552	0.01087	0.01655	0.02241	0.52521	0.05078	0.27407	0.01370	0.00735	0.00201	0.00301	0.01186	0.00652	0.00568
91	0.01177	0.01107	0.01869	0.76606	0.04291	0.01384	0.01730	0.01592	0.01246	0.01592	0.01107	0.01661	0.00831	0.00623	0.00623	0.00208	0.00831	0.00554	0.00277	0.00692
92	0.82504	0.01205	0.00916	0.00819	0.01205	0.01398	0.00675	0.01832	0.01060	0.02795	0.00868	0.01012	0.00675	0.00578	0.00386	0.00193	0.00482	0.00337	0.00386	0.00675
93	0.01542	0.01480	0.02529	0.03824	0.74217	0.01480	0.01912	0.01912	0.01419	0.02036	0.01172	0.01542	0.00987	0.00555	0.00617	0.00185	0.00740	0.00555	0.00308	0.00987
94	0.01542	0.01480	0.02529	0.03824	0.74217	0.01480	0.01912	0.01912	0.01419	0.02036	0.01172	0.01542	0.00987	0.00555	0.00617	0.00185	0.00740	0.00555	0.00308	0.00987
95	0.01082	0.00541	0.00812	0.00812	0.00812	0.00541	0.00541	0.00812	0.00812	0.01082	0.01082	0.01894	0.01082	0.02165	0.02435	0.81872	0.00541	0.00541	0.00271	0.00271
96	0.00782	0.00633	0.00695	0.00679	0.00870	0.00545	0.00509	0.00983	0.01528	0.01940	0.27605	0.05573	0.52510	0.01482	0.00736	0.00206	0.00309	0.01256	0.00612	0.00545
97	0.01343	0.01106	0.01297	0.00929	0.01480	0.00833	0.00744	0.01619	0.01309	0.04514	0.01154	0.01320	0.00944	0.00472	0.00467	0.00096	0.00464	0.00378	0.00383	0.79147
98	0.01292	0.01107	0.01292	0.00923	0.01477	0.00831	0.00738	0.01569	0.01292	0.02030	0.01107	0.01292	0.00923	0.00461	0.00461	0.00092	0.00461	0.00369	0.00369	0.81912
99	0.01331	0.01380	0.11030	0.01054	0.01634	0.00932	0.00963	0.03317	0.01361	0.03814	0.03002	0.01544	0.01111	0.00544	0.00503	0.00118	0.00528	0.02125	0.00384	0.63325

[dist]
# distance from previous block
# <min> <max>
2	4

[block]
# block no. 1 follows, 36 sequences, length 32
# corresponding to MSA columns:
# 361-392
name=unknown_B
#
# <colnr> <probs for GDERKNQSTAVLIFYWHMCP>
#	G	D	E	R	K	N	Q	S	T	A	V	L	I	F	Y	W	H	M	C	P
0	0.01392	0.01357	0.02384	0.25536	0.42200	0.01424	0.09704	0.01785	0.01372	0.01883	0.01366	0.01770	0.03818	0.00613	0.00637	0.00196	0.00786	0.00605	0.00310	0.00863
1	0.01273	0.10048	0.33671	0.01543	0.02130	0.01303	0.10459	0.01753	0.01387	0.04586	0.07419	0.09314	0.01901	0.00906	0.00655	0.00208	0.00751	0.09508	0.00390	0.00795
2	0.01318	0.01309	0.02401	0.15338	0.28092	0.01314	0.21585	0.01708	0.01422	0.01941	0.07263	0.04980	0.07015	0.00743	0.00676	0.00201	0.00763	0.00753	0.00365	0.00811
3	0.01464	0.14929	0.54513	0.01630	0.02440	0.01565	0.04235	0.02054	0.01355	0.08506	0.01205	0.01350	0.00864	0.00597	0.00569	0.00187	0.00849	0.00464	0.00312	0.00912
4	0.02555	0.01008	0.01364	0.01063	0.01506	0.00873	0.00872	0.02798	0.01769	0.65765	0.08857	0.02479	0.04460	0.00844	0.00640	0.00194	0.00502	0.00695	0.00757	0.01000
5	0.01471	0.28920	0.46043	0.01503	0.02265	0.01794	0.01805	0.03954	0.01358	0.04043	0.01083	0.01236	0.00823	0.00582	0.00528	0.00175	0.00815	0.00425	0.00290	0.00887
6	0.01265	0.05993	0.72239	0.01750	0.02656	0.01484	0.02257	0.01969	0.01314	0.01954	0.01109	0.01304	0.00790	0.00590	0.00585	0.00195	0.00911	0.00456	0.00263	0.00916
7	0.01474	0.01670	0.03616	0.02689	0.07003	0.01571	0.68256	0.01991	0.01468	0.01998	0.01256	0.01673	0.00948	0.00527	0.00729	0.00209	0.01034	0.00726	0.00315	0.00848
8	0.00736	0.00631	0.00631	0.00631	0.00842	0.00526	0.00473	0.00894	0.01420	0.01683	0.06312	0.05996	0.73964	0.01578	0.00736	0.00210	0.00316	0.01315	0.00579	0.00526
9	0.02647	0.01117	0.01459	0.01138	0.01607	0.01023	0.00934	0.05795	0.09342	0.64263	0.02428	0.02117	0.01561	0.00778	0.00627	0.00195	0.00532	0.00632	0.00751	0.01052
10	0.00748	0.00632	0.00648	0.00644	0.00849	0.00531	0.00483	0.00918	0.01449	0.01751	0.11932	0.05885	0.68301	0.01553	0.00736	0.00209	0.00314	0.01299	0.00588	0.00531
11	0.01666	0.78478	0.03265	0.01066	0.01599	0.02465	0.01066	0.01866	0.01266	0.01466	0.00866	0.00999	0.00800	0.00533	0.00400	0.00133	0.00666	0.00333	0.00267	0.00800
12	0.00810	0.00578	0.00781	0.00925	0.00984	0.00550	0.00666	0.00955	0.01243	0.01647	0.03406	0.63129	0.04011	0.01904	0.00809	0.00260	0.00405	0.15841	0.00577	0.00520
13	0.82504	0.01205	0.00916	0.00819	0.01205	0.01398	0.00675	0.01832	0.01060	0.02795	0.00868	0.01012	0.00675	0.00578	0.00386	0.00193	0.00482	0.00337	0.00386	0.00675
14	0.05738	0.54770	0.21900	0.01239	0.01866	0.02143	0.01370	0.01892	0.01268	0.01668	0.00932	0.01083	0.00790	0.00551	0.00449	0.00153	0.00723	0.00367	0.00272	0.00825
15	0.01250	0.03223	0.74875	0.01776	0.02697	0.01447	0.02302	0.01973	0.01315	0.01973	0.01118	0.01315	0.00789	0.00592	0.00592	0.00197	0.00921	0.00460	0.00263	0.00921
16	0.00890	0.00668	0.01001	0.01001	0.01113	0.00779	0.00779	0.01113	0.01001	0.01446	0.01669	0.02448	0.01558	0.04673	0.75634	0.01001	0.01669	0.00668	0.00334	0.00556
17	0.01250	0.03223	0.74875	0.01776	0.02697	0.01447	0.02302	0.01973	0.01315	0.01973	0.01118	0.01315	0.00789	0.00592	0.00592	0.00197	0.00921	0.00460	0.00263	0.00921
18	0.01506	0.01570	0.02893	0.02166	0.02617	0.01662	0.43453	0.05775	0.11298	0.02076	0.01355	0.01692	0.01056	0.00701	0.00994	0.00222	0.17078	0.00681	0.00366	0.00838
19	0.02795	0.01060	0.01446	0.01109	0.01591	0.00916	0.00916	0.03036	0.01783	0.74648	0.02458	0.02121	0.01542	0.00771	0.00627	0.00193	0.00530	0.00627	0.00771	0.01060
20	0.00759	0.00542	0.00723	0.00868	0.00904	0.00506	0.00578	0.00868	0.01193	0.01591	0.03434	0.77697	0.04121	0.01952	0.00795	0.00253	0.00361	0.01771	0.00578	0.00506
21	0.02173	0.01821	0.01809	0.01553	0.05692	0.11608	0.01190	0.46929	0.15200	0.03273	0.01594	0.01597	0.01172	0.00741	0.00617	0.00188	0.00712	0.00565	0.00568	0.00998
22	0.06062	0.36443	0.02331	0.01202	0.01645	0.09842	0.01054	0.12257	0.08123	0.08545	0.01331	0.03434	0.01090	0.00687	0.00562	0.00168	0.03475	0.00481	0.00417	0.00850
23	0.02795	0.01060	0.01446	0.01109	0.01591	0.00916	0.00916	0.03036	0.01783	0.74648	0.02458	0.02121	0.01542	0.00771	0.00627	0.00193	0.00530	0.00627	0.00771	0.01060
24	0.01729	0.01428	0.01510	0.01304	0.01689	0.01634	0.01030	0.18407	0.57702	0.02896	0.02308	0.02143	0.01717	0.00824	0.00632	0.00206	0.00535	0.00673	0.00632	0.01002
25	0.01462	0.01742	0.06506	0.02592	0.03234	0.01571	0.69185	0.01995	0.01464	0.01995	0.01255	0.01666	0.00939	0.00528	0.00730	0.00210	0.01045	0.00724	0.00313	0.00844
26	0.01292	0.10896	0.67573	0.01703	0.02585	0.01551	0.02176	0.01962	0.01310	0.01921	0.01092	0.01283	0.00790	0.00586	0.00572	0.00191	0.00895	0.00447	0.00263	0.00908
27	0.01250	0.03223	0.74875	0.01776	0.02697	0.01447	0.02302	0.01973	0.01315	0.01973	0.01118	0.01315	0.00789	0.00592	0.00592	0.00197	0.00921	0.00460	0.00263	0.00921
28	0.00738	0.00627	0.00636	0.00643	0.00845	0.00525	0.00479	0.00893	0.01408	0.01678	0.06163	0.09705	0.70351	0.01597	0.00739	0.00213	0.00318	0.01339	0.00579	0.00525
29	0.00736	0.00631	0.00631	0.00631	0.00842	0.00526	0.00473	0.00894	0.01420	0.01683	0.06312	0.05996	0.73964	0.01578	0.00736	0.00210	0.00316	0.01315	0.00579	0.00526
30	0.01666	0.78478	0.03265	0.01066	0.01599	0.02465	0.01066	0.01866	0.01266	0.01466	0.00866	0.00999	0.00800	0.00533	0.00400	0.00133	0.00666	0.00333	0.00267	0.00800
31	0.00759	0.00542	0.00723	0.00868	0.00904	0.00506	0.00578	0.00868	0.01193	0.01591	0.03434	0.77697	0.04121	0.01952	0.00795	0.00253	0.00361	0.01771	0.00578	0.00506

[dist]
# distance from previous block
# <min> <max>
0	21

[block]
# block no. 2 follows, 36 sequences, length 75
# corresponding to MSA columns:
# 414-488
name=unknown_C
#
# <colnr> <probs for GDERKNQSTAVLIFYWHMCP>
#	G	D	E	R	K	N	Q	S	T	A	V	L	I	F	Y	W	H	M	C	P
0	0.02795	0.01060	0.01446	0.01109	0.01591	0.00916	0.00916	0.03036	0.01783	0.74648	0.02458	0.02121	0.01542	0.00771	0.00627	0.00193	0.00530	0.00627	0.00771	0.01060
1	0.02795	0.01060	0.01446	0.01109	0.01591	0.00916	0.00916	0.03036	0.01783	0.74648	0.02458	0.02121	0.01542	0.00771	0.00627	0.00193	0.00530	0.00627	0.00771	0.01060
2	0.00736	0.00631	0.00631	0.00631	0.00842	0.00526	0.00473	0.00894	0.01420	0.01683	0.06312	0.05996	0.73964	0.01578	0.00736	0.00210	0.00316	0.01315	0.00579	0.00526
3	0.00759	0.00542	0.00723	0.00868	0.00904	0.00506	0.00578	0.00868	0.01193	0.01591	0.03434	0.77697	0.04121	0.01952	0.00795	0.00253	0.00361	0.01771	0.00578	0.00506
4	0.82504	0.01205	0.00916	0.00819	0.01205	0.01398	0.00675	0.01832	0.01060	0.02795	0.00868	0.01012	0.00675	0.00578	0.00386	0.00193	0.00482	0.00337	0.00386	0.00675
5	0.00906	0.00604	0.00680	0.00680	0.00680	0.00604	0.00378	0.00906	0.00906	0.01208	0.01963	0.04077	0.02265	0.78103	0.03171	0.00604	0.00604	0.00906	0.00378	0.00378
6	0.01363	0.01363	0.01908	0.01636	0.01636	0.01908	0.01363	0.01499	0.00954	0.01499	0.00818	0.01363	0.00818	0.01091	0.02045	0.00273	0.76963	0.00545	0.00273	0.00682
7	0.02300	0.01740	0.02007	0.01524	0.02033	0.01905	0.06556	0.66815	0.02819	0.03780	0.01478	0.01510	0.01051	0.00731	0.00632	0.00189	0.00713	0.00574	0.00600	0.01043
8	0.01004	0.00717	0.01004	0.01147	0.01291	0.00717	0.01004	0.01291	0.01434	0.01865	0.03299	0.07028	0.03586	0.01721	0.00861	0.00287	0.00574	0.70023	0.00574	0.00574
9	0.01004	0.00717	0.01004	0.01147	0.01291	0.00717	0.01004	0.01291	0.01434	0.01865	0.03299	0.07028	0.03586	0.01721	0.00861	0.00287	0.00574	0.70023	0.00574	0.00574
10	0.02327	0.02970	0.01766	0.01605	0.01926	0.75602	0.01204	0.02488	0.01766	0.01525	0.00963	0.01124	0.00803	0.00642	0.00562	0.00161	0.01124	0.00401	0.00321	0.00722
11	0.01471	0.01681	0.03676	0.02626	0.03256	0.01576	0.71954	0.01996	0.01471	0.01996	0.01261	0.01681	0.00945	0.00525	0.00735	0.00210	0.01050	0.00735	0.00315	0.00840
12	0.01636	0.73165	0.08320	0.01116	0.01677	0.02393	0.01153	0.01873	0.01269	0.01502	0.00884	0.01022	0.00799	0.00537	0.00413	0.00138	0.00684	0.00342	0.00266	0.00808
13	0.01471	0.01681	0.03676	0.02626	0.03256	0.01576	0.71954	0.01996	0.01471	0.01996	0.01261	0.01681	0.00945	0.00525	0.00735	0.00210	0.01050	0.00735	0.00315	0.00840
14	0.00890	0.00668	0.01001	0.01001	0.01113	0.00779	0.00779	0.01113	0.01001	0.01446	0.01669	0.02448	0.01558	0.04673	0.75634	0.01001	0.01669	0.00668	0.00334	0.00556
15	0.01363	0.01363	0.01908	0.01636	0.01636	0.01908	0.01363	0.01499	0.00954	0.01499	0.00818	0.01363	0.00818	0.01091	0.02045	0.00273	0.76963	0.00545	0.00273	0.00682
16	0.02795	0.01060	0.01446	0.01109	0.01591	0.00916	0.00916	0.03036	0.01783	0.74648	0.02458	0.02121	0.01542	0.00771	0.00627	0.00193	0.00530	0.00627	0.00771	0.01060
17	0.02368	0.01745	0.01870	0.01434	0.01932	0.01932	0.01184	0.72139	0.02929	0.03927	0.01496	0.01496	0.01060	0.00748	0.00623	0.00187	0.00686	0.00561	0.00623	0.01060
18	0.00759	0.00542	0.00723	0.00868	0.00904	0.00506	0.00578	0.00868	0.01193	0.01591	0.03434	0.77697	0.04121	0.01952	0.00795	0.00253	0.00361	0.01771	0.00578	0.00506
19	0.00759	0.00542	0.00723	0.00868	0.00904	0.00506	0.00578	0.00868	0.01193	0.01591	0.03434	0.77697	0.04121	0.01952	0.00795	0.00253	0.00361	0.01771	0.00578	0.00506
20	0.02329	0.02934	0.01769	0.01600	0.01926	0.73483	0.01203	0.04492	0.01799	0.01594	0.00978	0.01134	0.00810	0.00645	0.00564	0.00161	0.01111	0.00406	0.00330	0.00732
21	0.01702	0.01528	0.02370	0.03289	0.58149	0.01570	0.01745	0.15565	0.03741	0.02418	0.01273	0.01555	0.01027	0.00601	0.00619	0.00186	0.00723	0.00560	0.00379	0.01001
22	0.76382	0.01277	0.00986	0.00880	0.01248	0.04184	0.00721	0.01843	0.01083	0.02698	0.00869	0.01030	0.00685	0.00601	0.00456	0.00195	0.03460	0.00348	0.00379	0.00677
23	0.01471	0.01681	0.03676	0.02626	0.03256	0.01576	0.71954	0.01996	0.01471	0.01996	0.01261	0.01681	0.00945	0.00525	0.00735	0.00210	0.01050	0.00735	0.00315	0.00840
24	0.01292	0.01107	0.01292	0.00923	0.01477	0.00831	0.00738	0.01569	0.01292	0.02030	0.01107	0.01292	0.00923	0.00461	0.00461	0.00092	0.00461	0.00369	0.00369	0.81912
25	0.00924	0.00647	0.00816	0.00775	0.00939	0.00585	0.00580	0.01182	0.01673	0.05093	0.55507	0.08962	0.17293	0.01345	0.00734	0.00202	0.00311	0.01177	0.00665	0.00591
26	0.82504	0.01205	0.00916	0.00819	0.01205	0.01398	0.00675	0.01832	0.01060	0.02795	0.00868	0.01012	0.00675	0.00578	0.00386	0.00193	0.00482	0.00337	0.00386	0.00675
27	0.00785	0.00561	0.00753	0.00897	0.00945	0.00528	0.00623	0.00912	0.01218	0.01619	0.03420	0.70235	0.04064	0.01928	0.00802	0.00257	0.00384	0.08978	0.00578	0.00513
28	0.82504	0.01205	0.00916	0.00819	0.01205	0.01398	0.00675	0.01832	0.01060	0.02795	0.00868	0.01012	0.00675	0.00578	0.00386	0.00193	0.00482	0.00337	0.00386	0.00675
29	0.01082	0.00541	0.00812	0.00812	0.00812	0.00541	0.00541	0.00812	0.00812	0.01082	0.01082	0.01894	0.01082	0.02165	0.02435	0.81872	0.00541	0.00541	0.00271	0.00271
30	0.01666	0.78478	0.03265	0.01066	0.01599	0.02465	0.01066	0.01866	0.01266	0.01466	0.00866	0.00999	0.00800	0.00533	0.00400	0.00133	0.00666	0.00333	0.00267	0.00800
31	0.82504	0.01205	0.00916	0.00819	0.01205	0.01398	0.00675	0.01832	0.01060	0.02795	0.00868	0.01012	0.00675	0.00578	0.00386	0.00193	0.00482	0.00337	0.00386	0.00675
32	0.00761	0.00632	0.00666	0.00657	0.00857	0.00537	0.00493	0.00942	0.01479	0.01822	0.17821	0.05768	0.62368	0.01526	0.00736	0.00208	0.00312	0.01283	0.00597	0.00537
33	0.01550	0.01338	0.01409	0.01268	0.01620	0.01550	0.00986	0.03311	0.73091	0.02606	0.02536	0.02325	0.01902	0.00845	0.00634	0.00211	0.00493	0.00704	0.00634	0.00986
34	0.01542	0.01480	0.02529	0.03824	0.74217	0.01480	0.01912	0.01912	0.01419	0.02036	0.01172	0.01542	0.00987	0.00555	0.00617	0.00185	0.00740	0.00555	0.00308	0.00987
35	0.02646	0.01300	0.01595	0.01222	0.01710	0.01272	0.01010	0.27258	0.02185	0.49859	0.02121	0.01902	0.01373	0.00763	0.00625	0.00191	0.00585	0.00604	0.00719	0.01060
36	0.02138	0.01567	0.01693	0.01358	0.01809	0.01738	0.01102	0.45307	0.25195	0.08531	0.01896	0.01804	0.01362	0.00781	0.00627	0.00195	0.00613	0.00611	0.00637	0.01036
37	0.01468	0.01489	0.02913	0.02619	0.20726	0.01421	0.41810	0.01954	0.04230	0.04707	0.01837	0.02119	0.08318	0.00660	0.00698	0.00203	0.00858	0.00743	0.00369	0.00860
38	0.01358	0.01321	0.02180	0.01557	0.02139	0.01108	0.27246	0.01728	0.01358	0.02017	0.01164	0.01437	0.00931	0.00485	0.00563	0.00136	0.00681	0.00505	0.00349	0.51736
39	0.01542	0.01480	0.02529	0.03824	0.74217	0.01480	0.01912	0.01912	0.01419	0.02036	0.01172	0.01542	0.00987	0.00555	0.00617	0.00185	0.00740	0.00555	0.00308	0.00987
40	0.01027	0.00711	0.00888	0.00811	0.01026	0.00621	0.00611	0.01273	0.01588	0.07151	0.41661	0.13141	0.14717	0.01267	0.00702	0.00192	0.00342	0.01106	0.00624	0.10542
41	0.00896	0.00645	0.00889	0.00889	0.00962	0.00718	0.00639	0.01041	0.00968	0.01364	0.01771	0.03014	0.01804	0.30194	0.50450	0.00863	0.01299	0.00750	0.00349	0.00494
42	0.01292	0.01107	0.01292	0.00923	0.01477	0.00831	0.00738	0.01569	0.01292	0.02030	0.01107	0.01292	0.00923	0.00461	0.00461	0.00092	0.00461	0.00369	0.00369	0.81912
43	0.01487	0.00922	0.01214	0.01134	0.01424	0.02767	0.02895	0.01761	0.01518	0.18824	0.04995	0.04807	0.05593	0.01274	0.00740	0.00231	0.00559	0.37198	0.00586	0.10070
44	0.01445	0.38545	0.41264	0.01443	0.02182	0.01925	0.01722	0.01923	0.01292	0.01735	0.01000	0.01167	0.00794	0.00564	0.00502	0.00167	0.00801	0.00401	0.00265	0.00864
45	0.01437	0.01157	0.01479	0.01349	0.11831	0.00929	0.00918	0.01725	0.01346	0.07334	0.01215	0.01388	0.00977	0.00497	0.00496	0.00113	0.00506	0.00414	0.00390	0.64498
46	0.01292	0.01107	0.01292	0.00923	0.01477	0.00831	0.00738	0.01569	0.01292	0.02030	0.01107	0.01292	0.00923	0.00461	0.00461	0.00092	0.00461	0.00369	0.00369	0.81912
47	0.02327	0.02970	0.01766	0.01605	0.01926	0.75602	0.01204	0.02488	0.01766	0.01525	0.00963	0.01124	0.00803	0.00642	0.00562	0.00161	0.01124	0.00401	0.00321	0.00722
48	0.01659	0.37139	0.02330	0.01229	0.01644	0.09009	0.03823	0.03800	0.12794	0.05412	0.01662	0.04289	0.01507	0.00816	0.00558	0.00180	0.00671	0.10260	0.00417	0.00803
49	0.01550	0.01338	0.01409	0.01268	0.01620	0.01550	0.00986	0.03311	0.73091	0.02606	0.02536	0.02325	0.01902	0.00845	0.00634	0.00211	0.00493	0.00704	0.00634	0.00986
50	0.01692	0.75514	0.03206	0.01087	0.01612	0.05337	0.01072	0.01890	0.01286	0.01468	0.00870	0.01004	0.00800	0.00537	0.00406	0.00134	0.00684	0.00336	0.00269	0.00797
51	0.01017	0.00806	0.00981	0.00821	0.01120	0.00670	0.00632	0.01294	0.01564	0.02260	0.41848	0.03555	0.09903	0.01007	0.00636	0.00160	0.00356	0.00869	0.00562	0.29937
52	0.01531	0.54134	0.26430	0.01296	0.01954	0.02136	0.01466	0.01900	0.01282	0.01630	0.00948	0.01102	0.00796	0.00552	0.00462	0.00154	0.00749	0.00374	0.00265	0.00839
53	0.01666	0.10017	0.33528	0.03984	0.19933	0.01453	0.01793	0.02146	0.01426	0.16207	0.01369	0.01506	0.00988	0.00613	0.00586	0.00187	0.00771	0.00506	0.00375	0.00946
54	0.01754	0.01391	0.01494	0.01293	0.01673	0.01575	0.01027	0.18082	0.52324	0.05696	0.02338	0.02322	0.01772	0.00856	0.00640	0.00208	0.00539	0.03392	0.00635	0.00989
55	0.00741	0.00631	0.00638	0.00636	0.00845	0.00528	0.00477	0.00904	0.01432	0.01711	0.08635	0.05950	0.71623	0.01567	0.00736	0.00210	0.00315	0.01308	0.00582	0.00528
56	0.01510	0.03700	0.02767	0.07406	0.52743	0.01524	0.17308	0.01912	0.01416	0.01987	0.01179	0.01564	0.00964	0.00552	0.00637	0.00190	0.00811	0.00588	0.00307	0.00933
57	0.01336	0.01318	0.02439	0.33265	0.12076	0.01405	0.24430	0.04490	0.01415	0.01885	0.01403	0.05058	0.01191	0.00706	0.00680	0.00211	0.00851	0.04729	0.00336	0.00776
58	0.00883	0.00651	0.00828	0.00793	0.00943	0.00607	0.00591	0.01199	0.03831	0.02382	0.62149	0.09527	0.10616	0.01328	0.00736	0.00201	0.00306	0.01171	0.00669	0.00590
59	0.01441	0.01437	0.02611	0.19818	0.41614	0.01490	0.16817	0.01848	0.01380	0.01914	0.01168	0.01594	0.00939	0.00577	0.00679	0.00198	0.02699	0.00593	0.00302	0.00882
60	0.01589	0.48695	0.22480	0.01376	0.02011	0.04638	0.05399	0.04296	0.01364	0.01717	0.00981	0.01144	0.00814	0.00559	0.00484	0.00158	0.00773	0.00400	0.00282	0.00841
61	0.01807	0.62351	0.02945	0.01181	0.01669	0.18086	0.01096	0.01999	0.01373	0.01478	0.00887	0.01026	0.00800	0.00556	0.00434	0.00139	0.00764	0.00348	0.00278	0.00783
62	0.01669	0.70744	0.07593	0.01125	0.01680	0.02381	0.01147	0.04735	0.01337	0.01597	0.00907	0.01039	0.00810	0.00545	0.00421	0.00139	0.00683	0.00350	0.00281	0.00818
63	0.01839	0.01559	0.03847	0.03719	0.04811	0.01690	0.05985	0.32518	0.03677	0.04507	0.01290	0.01490	0.00995	0.00766	0.00942	0.00199	0.18472	0.00548	0.00462	0.10684
64	0.01704	0.06985	0.06399	0.02444	0.33762	0.07204	0.01506	0.10539	0.15267	0.03975	0.01512	0.03361	0.01216	0.00678	0.00605	0.00187	0.00708	0.00581	0.00420	0.00949
65	0.00782	0.00552	0.00716	0.00839	0.00869	0.00521	0.00547	0.00873	0.01149	0.01532	0.03208	0.66366	0.03835	0.13672	0.01161	0.00307	0.00399	0.01638	0.00547	0.00486
66	0.01044	0.00861	0.00939	0.00895	0.01118	0.00882	0.00672	0.01755	0.25507	0.02114	0.16860	0.10687	0.28538	0.04320	0.00803	0.00227	0.00387	0.01100	0.00609	0.00684
67	0.01563	0.57920	0.12361	0.01178	0.01718	0.02176	0.01211	0.01942	0.06287	0.01655	0.03988	0.01292	0.01082	0.00608	0.00501	0.00154	0.02825	0.00414	0.00309	0.00816
68	0.00776	0.00555	0.00738	0.00856	0.00907	0.00517	0.00580	0.00911	0.01272	0.01717	0.13252	0.67518	0.04366	0.01857	0.00787	0.00245	0.00352	0.01681	0.00593	0.00517
69	0.02327	0.02970	0.01766	0.01605	0.01926	0.75602	0.01204	0.02488	0.01766	0.01525	0.00963	0.01124	0.00803	0.00642	0.00562	0.00161	0.01124	0.00401	0.00321	0.00722
70	0.00977	0.00546	0.00777	0.00819	0.00830	0.00535	0.00541	0.00834	0.00928	0.01238	0.01822	0.24008	0.02040	0.07071	0.02008	0.52898	0.00493	0.00922	0.00367	0.00346
71	0.02327	0.02970	0.01766	0.01605	0.01926	0.75602	0.01204	0.02488	0.01766	0.01525	0.00963	0.01124	0.00803	0.00642	0.00562	0.00161	0.01124	0.00401	0.00321	0.00722
72	0.02327	0.02970	0.01766	0.01605	0.01926	0.75602	0.01204	0.02488	0.01766	0.01525	0.00963	0.01124	0.00803	0.00642	0.00562	0.00161	0.01124	0.00401	0.00321	0.00722
73	0.00736	0.00631	0.00631	0.00631	0.00842	0.00526	0.00473	0.00894	0.01420	0.01683	0.06312	0.05996	0.73964	0.01578	0.00736	0.00210	0.00316	0.01315	0.00579	0.00526
74	0.01506	0.01444	0.02464	0.10947	0.67373	0.01471	0.01894	0.01881	0.01402	0.01992	0.01166	0.01554	0.00972	0.00562	0.00617	0.00187	0.00749	0.00555	0.00305	0.00958

[dist]
# distance from previous block
# <min> <max>
0	37

[block]
# block no. 3 follows, 36 sequences, length 44
# corresponding to MSA columns:
# 526-569
name=unknown_D
#
# <colnr> <probs for GDERKNQSTAVLIFYWHMCP>
#	G	D	E	R	K	N	Q	S	T	A	V	L	I	F	Y	W	H	M	C	P
0	0.02242	0.06562	0.01815	0.01556	0.01889	0.66996	0.01182	0.02513	0.06576	0.01595	0.01065	0.01199	0.00877	0.00650	0.00559	0.00163	0.01058	0.00418	0.00340	0.00744
1	0.00736	0.00631	0.00631	0.00631	0.00842	0.00526	0.00473	0.00894	0.01420	0.01683	0.06312	0.05996	0.73964	0.01578	0.00736	0.00210	0.00316	0.01315	0.00579	0.00526
2	0.02368	0.01745	0.01870	0.01434	0.01932	0.01932	0.01184	0.72139	0.02929	0.03927	0.01496	0.01496	0.01060	0.00748	0.00623	0.00187	0.00686	0.00561	0.00623	0.01060
3	0.01626	0.71226	0.10166	0.01134	0.01705	0.02367	0.01185	0.01876	0.01271	0.01515	0.00890	0.01030	0.00799	0.00539	0.00418	0.00139	0.00691	0.00345	0.00266	0.00811
4	0.01250	0.03223	0.74875	0.01776	0.02697	0.01447	0.02302	0.01973	0.01315	0.01973	0.01118	0.01315	0.00789	0.00592	0.00592	0.00197	0.00921	0.00460	0.00263	0.00921
5	0.01563	0.01544	0.02581	0.03669	0.66998	0.03957	0.06636	0.01937	0.01434	0.02016	0.01171	0.01538	0.00978	0.00556	0.00623	0.00186	0.00774	0.00562	0.00309	0.00968
6	0.00901	0.00598	0.00703	0.00716	0.00723	0.00600	0.00419	0.00907	0.00930	0.01245	0.02034	0.10238	0.02337	0.64778	0.05939	0.04575	0.00624	0.00953	0.00388	0.00391
7	0.01260	0.16147	0.34463	0.01334	0.01930	0.03329	0.01493	0.01818	0.07239	0.01843	0.02257	0.02470	0.14649	0.00980	0.03344	0.00221	0.00746	0.03311	0.00369	0.00799
8	0.01676	0.03350	0.02894	0.02611	0.21214	0.06666	0.34923	0.08080	0.03388	0.04788	0.01292	0.01599	0.00995	0.00594	0.00708	0.00198	0.03135	0.00632	0.00363	0.00895
9	0.00769	0.00549	0.00735	0.00879	0.00920	0.00515	0.00596	0.00885	0.01203	0.01602	0.03428	0.74763	0.04099	0.01942	0.00798	0.00254	0.00370	0.04604	0.00578	0.00509
10	0.00900	0.00605	0.00678	0.00678	0.00685	0.00601	0.00381	0.00906	0.00923	0.01224	0.02106	0.04140	0.04625	0.75585	0.03091	0.00591	0.00595	0.00920	0.00384	0.00382
11	0.01468	0.12868	0.37413	0.01588	0.04480	0.08805	0.03410	0.01976	0.03168	0.05726	0.03273	0.05593	0.01354	0.00764	0.00602	0.00194	0.00805	0.05317	0.00356	0.00841
12	0.19125	0.01089	0.01320	0.01043	0.01491	0.01026	0.00858	0.04469	0.01663	0.54840	0.05271	0.01989	0.01543	0.00753	0.00582	0.00193	0.00514	0.00587	0.00684	0.00960
13	0.00759	0.00542	0.00723	0.00868	0.00904	0.00506	0.00578	0.00868	0.01193	0.01591	0.03434	0.77697	0.04121	0.01952	0.00795	0.00253	0.00361	0.01771	0.00578	0.00506
14	0.08032	0.01753	0.19283	0.07062	0.18117	0.01306	0.04421	0.03467	0.05608	0.04544	0.01249	0.01465	0.00961	0.00576	0.00562	0.00171	0.00693	0.00490	0.00358	0.19883
15	0.13907	0.04577	0.10266	0.01382	0.03193	0.13584	0.04903	0.09193	0.11470	0.07561	0.03074	0.02204	0.05506	0.00805	0.00599	0.00196	0.00701	0.05588	0.00467	0.00823
16	0.02330	0.02897	0.01772	0.01595	0.01927	0.71246	0.01203	0.06606	0.01834	0.01667	0.00995	0.01146	0.00818	0.00648	0.00565	0.00162	0.01098	0.00411	0.00339	0.00742
17	0.01601	0.01629	0.11037	0.01353	0.01795	0.01579	0.01180	0.10759	0.55964	0.02670	0.02236	0.02101	0.01664	0.00801	0.00627	0.00207	0.00570	0.00657	0.00584	0.00986
18	0.01378	0.01390	0.01979	0.01762	0.05311	0.03637	0.04852	0.01550	0.01025	0.01549	0.00903	0.01435	0.00869	0.01200	0.05481	0.00298	0.63844	0.00558	0.00281	0.00699
19	0.00759	0.00542	0.00723	0.00868	0.00904	0.00506	0.00578	0.00868	0.01193	0.01591	0.03434	0.77697	0.04121	0.01952	0.00795	0.00253	0.00361	0.01771	0.00578	0.00506
20	0.01272	0.03070	0.67839	0.01860	0.02752	0.01460	0.09185	0.01975	0.01331	0.01975	0.01132	0.01352	0.00805	0.00585	0.00606	0.00199	0.00934	0.00488	0.00268	0.00913
21	0.01515	0.01147	0.01241	0.01089	0.01384	0.04768	0.00848	0.08983	0.27234	0.09495	0.31203	0.03109	0.03341	0.00992	0.00670	0.00199	0.00465	0.00839	0.00652	0.00826
22	0.00772	0.00552	0.00736	0.00871	0.00916	0.00516	0.00591	0.00894	0.01228	0.01643	0.06917	0.72146	0.04193	0.01912	0.00794	0.00251	0.00364	0.03609	0.00584	0.00512
23	0.02326	0.01759	0.01822	0.01412	0.01892	0.05044	0.01160	0.66792	0.02825	0.03770	0.01491	0.01508	0.01067	0.00743	0.00614	0.00184	0.00691	0.00555	0.03315	0.01029
24	0.00759	0.00542	0.00723	0.00868	0.00904	0.00506	0.00578	0.00868	0.01193	0.01591	0.03434	0.77697	0.04121	0.01952	0.00795	0.00253	0.00361	0.01771	0.00578	0.00506
25	0.01668	0.01214	0.01350	0.01182	0.01529	0.01335	0.00927	0.05911	0.49406	0.13088	0.12828	0.02597	0.02391	0.00893	0.00647	0.00205	0.00478	0.00748	0.00661	0.00942
26	0.02327	0.02970	0.01766	0.01605	0.01926	0.75602	0.01204	0.02488	0.01766	0.01525	0.00963	0.01124	0.00803	0.00642	0.00562	0.00161	0.01124	0.00401	0.00321	0.00722
27	0.01135	0.00876	0.01037	0.00942	0.01161	0.00906	0.00722	0.05852	0.19570	0.02609	0.51915	0.03890	0.04608	0.01136	0.00703	0.00199	0.00366	0.00989	0.00669	0.00714
28	0.76687	0.01258	0.00965	0.00857	0.01244	0.03852	0.00702	0.01901	0.01112	0.05589	0.00934	0.01060	0.00713	0.00588	0.00401	0.00192	0.00505	0.00351	0.00399	0.00692
29	0.00786	0.00562	0.00753	0.00893	0.00943	0.00529	0.00621	0.00917	0.01230	0.01639	0.05077	0.69013	0.04109	0.01913	0.00800	0.00255	0.00381	0.08485	0.00580	0.00515
30	0.05700	0.01426	0.01400	0.01251	0.01604	0.07664	0.00973	0.03084	0.56037	0.08223	0.02339	0.04085	0.01778	0.00838	0.00619	0.00206	0.00545	0.00682	0.00605	0.00942
31	0.01666	0.78478	0.03265	0.01066	0.01599	0.02465	0.01066	0.01866	0.01266	0.01466	0.00866	0.00999	0.00800	0.00533	0.00400	0.00133	0.00666	0.00333	0.00267	0.00800
