[name]
unknown

[dist]
# distance from previous block
# <min> <max>
12	113

[block]
# block no. 0 follows, 34 sequences, length 31
# corresponding to MSA columns:
# 129-159
name=unknown_A
#
# <colnr> <probs for GDERKNQSTAVLIFYWHMCP>
#	G	D	E	R	K	N	Q	S	T	A	V	L	I	F	Y	W	H	M	C	P
0	0.06499	0.08623	0.43068	0.01619	0.02350	0.01457	0.08065	0.01982	0.02805	0.04697	0.07816	0.01853	0.03439	0.00704	0.00615	0.00198	0.00808	0.00581	0.00364	0.02457
1	0.01859	0.01561	0.04896	0.01409	0.01851	0.01648	0.03281	0.18106	0.47168	0.07477	0.02282	0.02142	0.01675	0.00828	0.00656	0.00212	0.00595	0.00682	0.00637	0.01037
2	0.01527	0.06425	0.09087	0.13106	0.50855	0.01586	0.04279	0.01944	0.01430	0.02005	0.01185	0.01564	0.00970	0.00586	0.00628	0.00194	0.00803	0.00559	0.00309	0.00959
3	0.01688	0.70940	0.09784	0.01172	0.01762	0.02461	0.01222	0.01945	0.01318	0.01568	0.00922	0.01066	0.00828	0.00558	0.00433	0.00144	0.00715	0.00357	0.00276	0.00841
4	0.01310	0.03261	0.70742	0.01937	0.05961	0.01502	0.02369	0.02043	0.01369	0.02049	0.01162	0.01375	0.00828	0.00612	0.00615	0.00204	0.00947	0.00482	0.00275	0.00958
5	0.01438	0.01145	0.01350	0.00969	0.01539	0.00867	0.00777	0.01722	0.01372	0.06591	0.01236	0.01394	0.00997	0.00499	0.00489	0.00102	0.00483	0.00400	0.00409	0.76221
6	0.01000	0.00626	0.00869	0.00869	0.00908	0.00665	0.00596	0.00978	0.00938	0.01291	0.01603	0.02834	0.01656	0.25408	0.27596	0.29712	0.00983	0.00719	0.00336	0.00415
7	0.06240	0.01106	0.01476	0.01137	0.01633	0.00971	0.00939	0.03096	0.01818	0.70713	0.02479	0.02151	0.01561	0.00791	0.00639	0.00200	0.00548	0.00637	0.00783	0.01083
8	0.01122	0.00561	0.00842	0.00842	0.00842	0.00561	0.00561	0.00842	0.00842	0.01122	0.01122	0.01964	0.01122	0.02245	0.02525	0.81201	0.00561	0.00561	0.00281	0.00281
9	0.01356	0.13638	0.64172	0.01740	0.02639	0.01647	0.02210	0.02031	0.01357	0.01973	0.01123	0.01319	0.00820	0.00605	0.00586	0.00195	0.00918	0.00459	0.00273	0.00938
10	0.02785	0.01215	0.01563	0.01205	0.01703	0.01130	0.00993	0.13178	0.04657	0.60782	0.02405	0.02112	0.01540	0.00799	0.00650	0.00200	0.00572	0.00643	0.00772	0.01097
11	0.01220	0.01148	0.01938	0.75739	0.04450	0.01436	0.01794	0.01651	0.01292	0.01651	0.01148	0.01723	0.00861	0.00646	0.00646	0.00215	0.00861	0.00574	0.00287	0.00718
12	0.01296	0.03342	0.73944	0.01842	0.02797	0.01501	0.02387	0.02046	0.01364	0.02046	0.01160	0.01364	0.00818	0.00614	0.00614	0.00205	0.00955	0.00477	0.00273	0.00955
13	0.00937	0.00636	0.00753	0.00753	0.00770	0.00653	0.00452	0.00971	0.00954	0.01289	0.01992	0.03984	0.02243	0.66823	0.13613	0.00686	0.00786	0.00904	0.00385	0.00418
14	0.00787	0.00562	0.00750	0.00900	0.00937	0.00525	0.00600	0.00900	0.01237	0.01649	0.03561	0.76871	0.04274	0.02024	0.00825	0.00262	0.00375	0.01837	0.00600	0.00525
15	0.01220	0.01148	0.01938	0.75739	0.04450	0.01436	0.01794	0.01651	0.01292	0.01651	0.01148	0.01723	0.00861	0.00646	0.00646	0.00215	0.00861	0.00574	0.00287	0.00718
16	0.01598	0.01668	0.04760	0.06550	0.54673	0.04641	0.12578	0.02010	0.01484	0.02062	0.01216	0.01601	0.00996	0.00579	0.00656	0.00196	0.00843	0.00595	0.00319	0.00974
17	0.01446	0.01360	0.02295	0.21043	0.49691	0.01428	0.01832	0.01826	0.01421	0.01973	0.01416	0.04439	0.01262	0.00717	0.00663	0.00207	0.00766	0.04970	0.00339	0.00906
18	0.00793	0.00567	0.00755	0.00896	0.00939	0.00529	0.00600	0.00915	0.01265	0.01694	0.06843	0.73462	0.04360	0.01991	0.00822	0.00260	0.00372	0.01805	0.00605	0.00529
19	0.00798	0.00647	0.00708	0.00711	0.00898	0.00557	0.00526	0.00987	0.01527	0.01917	0.20445	0.12328	0.52485	0.01604	0.00769	0.00219	0.00327	0.01365	0.00624	0.00557
20	0.74579	0.01275	0.01101	0.01132	0.07779	0.01457	0.00816	0.01907	0.01133	0.02828	0.00928	0.01099	0.00729	0.00598	0.00422	0.00199	0.00524	0.00370	0.00393	0.00729
21	0.01487	0.02024	0.20039	0.02570	0.13437	0.01523	0.39462	0.02038	0.01501	0.03871	0.04639	0.01788	0.01203	0.00608	0.00706	0.00210	0.00960	0.00684	0.00343	0.00907
22	0.01421	0.10116	0.44641	0.01594	0.02285	0.06115	0.01824	0.05248	0.04453	0.02056	0.03848	0.08338	0.01376	0.00798	0.00666	0.00203	0.03156	0.00626	0.00356	0.00881
23	0.00905	0.00660	0.00851	0.00803	0.00960	0.00606	0.00603	0.01202	0.01808	0.02541	0.68958	0.04910	0.10091	0.01340	0.00762	0.00204	0.00306	0.01180	0.00705	0.00606
24	0.01303	0.01025	0.01227	0.01120	0.01355	0.01111	0.03178	0.06925	0.26941	0.02192	0.05785	0.09425	0.07694	0.09318	0.07972	0.07116	0.00636	0.02622	0.02316	0.00737
25	0.00960	0.00631	0.00746	0.00744	0.00772	0.00642	0.00456	0.01006	0.01006	0.01398	0.04630	0.03867	0.02320	0.58893	0.10930	0.03530	0.00714	0.00886	0.05437	0.00429
26	0.01576	0.01443	0.08222	0.01418	0.01841	0.01341	0.09884	0.07695	0.28609	0.08633	0.13003	0.02670	0.03841	0.03749	0.02918	0.00250	0.00647	0.00781	0.00581	0.00901
27	0.01537	0.01222	0.08384	0.01078	0.01419	0.01052	0.00926	0.13079	0.07242	0.12270	0.11401	0.05404	0.10819	0.09684	0.04917	0.00294	0.00602	0.00846	0.07039	0.00787
28	0.01368	0.15720	0.62196	0.01719	0.02607	0.01676	0.02174	0.02028	0.01356	0.01959	0.01116	0.01310	0.00820	0.00604	0.00581	0.00194	0.00911	0.00455	0.00273	0.00934
29	0.01512	0.01424	0.02334	0.14026	0.53332	0.01483	0.01803	0.02030	0.07866	0.02120	0.04726	0.01843	0.01326	0.00648	0.00648	0.00198	0.00736	0.00618	0.00364	0.00959
30	0.01804	0.01527	0.01592	0.01355	0.06233	0.10600	0.01005	0.16600	0.01835	0.07076	0.05805	0.01652	0.01339	0.00645	0.00567	0.00145	0.00628	0.00508	0.00476	0.38607

[dist]
# distance from previous block
# <min> <max>
1	7

[block]
# block no. 1 follows, 34 sequences, length 11
# corresponding to MSA columns:
# 167-177
name=unknown_B
#
# <colnr> <probs for GDERKNQSTAVLIFYWHMCP>
#	G	D	E	R	K	N	Q	S	T	A	V	L	I	F	Y	W	H	M	C	P
0	0.02011	0.05722	0.01860	0.01587	0.03723	0.35173	0.04892	0.02780	0.25807	0.05020	0.03881	0.01784	0.01431	0.00750	0.00620	0.00189	0.00853	0.00576	0.00472	0.00870
1	0.01270	0.01199	0.02028	0.66303	0.13497	0.01449	0.01819	0.01695	0.01316	0.01711	0.01157	0.01706	0.00883	0.00637	0.00645	0.00212	0.00849	0.00574	0.00291	0.00758
2	0.01412	0.14326	0.39767	0.01575	0.04106	0.03429	0.01724	0.02089	0.11315	0.01950	0.01478	0.01662	0.03139	0.00827	0.00775	0.07898	0.00795	0.00528	0.00341	0.00865
3	0.00923	0.00692	0.01038	0.01038	0.01154	0.00808	0.00808	0.01154	0.01038	0.01500	0.01731	0.02538	0.01615	0.04846	0.74732	0.01038	0.01731	0.00692	0.00346	0.00577
4	0.74401	0.01235	0.01002	0.00878	0.01287	0.01402	0.00723	0.02017	0.01170	0.09585	0.01055	0.01158	0.00785	0.00619	0.00423	0.00200	0.00505	0.00378	0.00438	0.00738
5	0.01321	0.00999	0.01177	0.06815	0.01486	0.01076	0.00832	0.08433	0.19690	0.04361	0.19612	0.03427	0.07374	0.14682	0.03545	0.00309	0.00551	0.00881	0.02689	0.00740
6	0.00867	0.00651	0.00802	0.00780	0.00940	0.00587	0.00579	0.01121	0.01692	0.02304	0.50731	0.10977	0.22685	0.01456	0.00768	0.00212	0.00316	0.01271	0.00674	0.00587
7	0.01059	0.00673	0.01018	0.00968	0.01052	0.00709	0.03911	0.01074	0.00995	0.01418	0.01516	0.02414	0.01454	0.10207	0.28212	0.34398	0.00990	0.00657	0.06824	0.00451
8	0.00950	0.00678	0.00880	0.00939	0.01017	0.00686	0.00667	0.01085	0.01276	0.04575	0.05290	0.52747	0.11154	0.03829	0.00983	0.00261	0.07384	0.01534	0.03500	0.00568
9	0.74200	0.01240	0.00987	0.00860	0.01276	0.01394	0.00706	0.01873	0.01122	0.02824	0.00923	0.01077	0.00724	0.00588	0.00407	0.00190	0.00498	0.00353	0.00398	0.08359
10	0.01671	0.06264	0.02537	0.03442	0.59040	0.08357	0.01806	0.02019	0.01489	0.02026	0.01173	0.01513	0.00991	0.00578	0.00613	0.00182	0.00787	0.00538	0.00321	0.04653

[dist]
# distance from previous block
# <min> <max>
0	5

[block]
# block no. 2 follows, 34 sequences, length 19
# corresponding to MSA columns:
# 183-201
name=unknown_C
#
# <colnr> <probs for GDERKNQSTAVLIFYWHMCP>
#	G	D	E	R	K	N	Q	S	T	A	V	L	I	F	Y	W	H	M	C	P
0	0.01306	0.02722	0.53336	0.01671	0.02470	0.01391	0.04344	0.02069	0.07576	0.02151	0.06743	0.01729	0.01338	0.00676	0.00622	0.00197	0.00830	0.00554	0.00351	0.07925
1	0.02416	0.02997	0.01838	0.01653	0.01998	0.69953	0.01247	0.07054	0.01910	0.01744	0.01035	0.01190	0.00850	0.00673	0.00587	0.00168	0.01136	0.00427	0.00353	0.00772
2	0.00862	0.00663	0.00791	0.00773	0.00951	0.00592	0.00589	0.01110	0.01666	0.02214	0.42210	0.05532	0.32610	0.01475	0.00771	0.00215	0.00332	0.05400	0.00660	0.00583
3	0.01585	0.01299	0.01283	0.01146	0.01461	0.09016	0.00887	0.04270	0.31500	0.09540	0.17879	0.03252	0.12074	0.01039	0.00685	0.00207	0.00522	0.00862	0.00640	0.00852
4	0.01322	0.03110	0.64614	0.01939	0.04677	0.01533	0.06027	0.02021	0.01357	0.02025	0.01153	0.01393	0.00834	0.00635	0.00698	0.00209	0.04734	0.00500	0.00278	0.00940
5	0.01729	0.01190	0.01352	0.01188	0.01497	0.01267	0.00919	0.26182	0.13690	0.09703	0.02550	0.28096	0.02422	0.01230	0.00704	0.00221	0.00530	0.01052	0.03611	0.00867
6	0.01005	0.00643	0.00847	0.00940	0.01050	0.00594	0.00682	0.01160	0.01347	0.07987	0.03719	0.54330	0.10079	0.01849	0.00813	0.00258	0.00417	0.11076	0.00617	0.00587
7	0.00994	0.00664	0.00852	0.00837	0.00992	0.00603	0.00615	0.01231	0.01642	0.06900	0.43249	0.22475	0.13506	0.01498	0.00770	0.00219	0.00341	0.01322	0.00676	0.00613
8	0.02280	0.01563	0.01966	0.08647	0.16007	0.03496	0.01362	0.33644	0.02265	0.19723	0.01669	0.01718	0.01173	0.00728	0.00644	0.00196	0.00710	0.00592	0.00578	0.01041
9	0.01296	0.03342	0.73944	0.01842	0.02797	0.01501	0.02387	0.02046	0.01364	0.02046	0.01160	0.01364	0.00818	0.00614	0.00614	0.00205	0.00955	0.00477	0.00273	0.00955
10	0.81856	0.01250	0.00950	0.00850	0.01250	0.01449	0.00700	0.01899	0.01100	0.02899	0.00900	0.01050	0.00700	0.00600	0.00400	0.00200	0.00500	0.00350	0.00400	0.00700
11	0.00801	0.00571	0.00757	0.00893	0.00931	0.00541	0.00594	0.00911	0.01212	0.01620	0.03402	0.69744	0.04060	0.06741	0.03633	0.00313	0.00439	0.01741	0.00578	0.00519
12	0.01346	0.00754	0.00992	0.00886	0.01113	0.00679	0.00680	0.01624	0.01792	0.18423	0.51248	0.07580	0.07798	0.01250	0.00740	0.00206	0.00364	0.01091	0.00721	0.00713
13	0.01810	0.07411	0.02140	0.01935	0.14007	0.05598	0.07357	0.16132	0.28985	0.02629	0.01787	0.01843	0.01369	0.00750	0.00688	0.00203	0.03235	0.00627	0.00511	0.00985
14	0.00937	0.00656	0.00844	0.00797	0.00949	0.00609	0.00598	0.01241	0.01793	0.02577	0.67542	0.04643	0.05759	0.01278	0.00739	0.00199	0.00305	0.01126	0.06800	0.00609
15	0.01338	0.01269	0.02151	0.53418	0.25850	0.01467	0.01853	0.01754	0.01348	0.01794	0.01169	0.01684	0.00912	0.00624	0.00644	0.00208	0.00832	0.00575	0.00297	0.00813
16	0.03945	0.05455	0.14204	0.42029	0.10361	0.01540	0.01773	0.07098	0.01468	0.04402	0.01214	0.01598	0.00906	0.00643	0.00621	0.00205	0.00826	0.00543	0.00335	0.00834
17	0.12358	0.26854	0.35298	0.01431	0.02137	0.04363	0.01637	0.02065	0.01353	0.05577	0.01105	0.01252	0.00846	0.00603	0.00522	0.00181	0.00796	0.00424	0.00320	0.00880
18	0.27806	0.01632	0.01343	0.01185	0.01547	0.16577	0.00930	0.08498	0.17355	0.05188	0.10175	0.01922	0.01734	0.00786	0.00570	0.00197	0.00637	0.00579	0.00517	0.00821

[dist]
# distance from previous block
# <min> <max>
1	12

[block]
# block no. 3 follows, 34 sequences, length 19
# corresponding to MSA columns:
# 215-233
name=unknown_D
#
# <colnr> <probs for GDERKNQSTAVLIFYWHMCP>
#	G	D	E	R	K	N	Q	S	T	A	V	L	I	F	Y	W	H	M	C	P
0	0.01328	0.01574	0.13107	0.45111	0.14948	0.01489	0.01846	0.01904	0.06921	0.01866	0.01271	0.01694	0.00968	0.00660	0.00678	0.00212	0.02706	0.00572	0.00319	0.00827
1	0.00855	0.00640	0.00893	0.01130	0.06532	0.00607	0.00700	0.00985	0.01245	0.01671	0.03327	0.68524	0.03955	0.04519	0.00896	0.00270	0.00414	0.01708	0.00571	0.00559
2	0.01226	0.00897	0.01283	0.01199	0.05098	0.00833	0.07686	0.03127	0.01598	0.10047	0.17358	0.09740	0.28566	0.01304	0.00770	0.00218	0.01867	0.04133	0.02356	0.00695
3	0.01435	0.08513	0.59457	0.01916	0.08112	0.01551	0.02187	0.02091	0.01394	0.05782	0.01218	0.01402	0.00876	0.00616	0.00603	0.00199	0.00900	0.00484	0.00304	0.00959
4	0.00785	0.00573	0.00739	0.00872	0.00930	0.00527	0.00587	0.00903	0.01264	0.01660	0.03902	0.68808	0.12117	0.01980	0.00818	0.00257	0.00369	0.01783	0.00600	0.00527
5	0.01283	0.03018	0.63162	0.01826	0.02697	0.01441	0.07254	0.01984	0.01412	0.02090	0.06729	0.01660	0.01239	0.00664	0.00636	0.00205	0.00914	0.00552	0.00311	0.00922
6	0.01763	0.41034	0.23675	0.01405	0.02040	0.12704	0.01493	0.02125	0.01432	0.05480	0.01076	0.01212	0.00867	0.00600	0.00510	0.00165	0.00830	0.00410	0.00311	0.00868
7	0.01994	0.01474	0.07765	0.01692	0.02223	0.01268	0.22549	0.02599	0.11553	0.29663	0.06195	0.02346	0.01733	0.00781	0.00697	0.00212	0.00729	0.02981	0.00582	0.00962
8	0.02899	0.01100	0.01499	0.01150	0.01649	0.00950	0.00950	0.03149	0.01849	0.73709	0.02549	0.02199	0.01599	0.00800	0.00650	0.00200	0.00550	0.00650	0.00800	0.01100
9	0.01537	0.01471	0.02510	0.15796	0.61920	0.01519	0.01952	0.01928	0.01442	0.02035	0.01204	0.01620	0.00997	0.00587	0.00641	0.00196	0.00783	0.00575	0.00314	0.00973
10	0.02411	0.01372	0.01774	0.01682	0.12491	0.03050	0.01189	0.16589	0.04675	0.38247	0.03989	0.01990	0.01490	0.00795	0.00735	0.00202	0.04998	0.00632	0.00648	0.01040
11	0.02513	0.06783	0.02000	0.01397	0.01913	0.01169	0.12610	0.02811	0.01755	0.53931	0.04761	0.02133	0.01602	0.00758	0.00655	0.00199	0.00641	0.00665	0.00679	0.01024
12	0.52015	0.01471	0.01414	0.09908	0.12950	0.08978	0.01081	0.01954	0.01255	0.02499	0.00987	0.01224	0.00782	0.00608	0.00484	0.00197	0.00651	0.00417	0.00368	0.00757
13	0.01539	0.01474	0.02514	0.15326	0.62370	0.01519	0.01953	0.01930	0.01443	0.02038	0.01205	0.01619	0.00998	0.00587	0.00641	0.00196	0.00782	0.00575	0.00315	0.00975
14	0.81856	0.01250	0.00950	0.00850	0.01250	0.01449	0.00700	0.01899	0.01100	0.02899	0.00900	0.01050	0.00700	0.00600	0.00400	0.00200	0.00500	0.00350	0.00400	0.00700
15	0.01436	0.01359	0.02257	0.09523	0.55964	0.01369	0.01735	0.01786	0.01446	0.02010	0.01922	0.05483	0.09368	0.00767	0.00663	0.00200	0.00708	0.00722	0.00361	0.00921
16	0.01113	0.00610	0.00894	0.00882	0.00888	0.00641	0.00601	0.00896	0.00865	0.01170	0.01199	0.02111	0.01212	0.06998	0.06349	0.68381	0.03985	0.00592	0.00291	0.00322
17	0.26723	0.11154	0.01774	0.01225	0.01699	0.04023	0.01029	0.33151	0.04420	0.07079	0.01343	0.01385	0.00991	0.00695	0.00540	0.00189	0.00642	0.00485	0.00524	0.00929
18	0.12040	0.22137	0.05043	0.01203	0.01650	0.05875	0.01059	0.08349	0.09860	0.02223	0.03009	0.03866	0.01229	0.00725	0.00643	0.00175	0.06414	0.00513	0.00412	0.13574

[dist]
# distance from previous block
# <min> <max>
2	5

[block]
# block no. 4 follows, 34 sequences, length 42
# corresponding to MSA columns:
# 239-280
name=unknown_E
#
# <colnr> <probs for GDERKNQSTAVLIFYWHMCP>
#	G	D	E	R	K	N	Q	S	T	A	V	L	I	F	Y	W	H	M	C	P
0	0.09472	0.15511	0.29591	0.01808	0.12599	0.06609	0.01653	0.02028	0.01392	0.05045	0.01217	0.03616	0.00985	0.00643	0.00560	0.00183	0.00789	0.00495	0.00335	0.05467
1	0.01428	0.01394	0.02031	0.02132	0.17609	0.01787	0.01472	0.01667	0.03133	0.01708	0.01179	0.01706	0.03018	0.03333	0.01745	0.00269	0.52694	0.00607	0.00314	0.00772
2	0.00931	0.00738	0.00963	0.10436	0.01407	0.00722	0.00742	0.01250	0.03183	0.02262	0.45667	0.04721	0.21961	0.01303	0.00745	0.00209	0.00387	0.01131	0.00628	0.00617
3	0.01342	0.01213	0.01938	0.68435	0.04210	0.01491	0.01739	0.08483	0.01464	0.01889	0.01188	0.01706	0.00885	0.00659	0.00646	0.00213	0.00847	0.00575	0.00322	0.00755
4	0.01807	0.40847	0.05054	0.01388	0.03942	0.19327	0.02722	0.04703	0.01556	0.01788	0.08059	0.01514	0.01368	0.00682	0.00566	0.00163	0.02879	0.00479	0.00349	0.00807
5	0.00852	0.00709	0.00840	0.08100	0.01268	0.00656	0.00672	0.01074	0.01519	0.01897	0.17601	0.05592	0.49996	0.01492	0.00759	0.00220	0.00391	0.05195	0.00589	0.00577
6	0.01496	0.01378	0.02192	0.03141	0.53241	0.01402	0.01631	0.02015	0.10090	0.02126	0.05551	0.02141	0.01559	0.08202	0.00909	0.00239	0.00696	0.00664	0.00391	0.00938
7	0.01077	0.00569	0.00845	0.00859	0.00870	0.00573	0.00580	0.00866	0.00893	0.01197	0.01399	0.09368	0.01462	0.02381	0.06743	0.68371	0.00614	0.00695	0.00316	0.00323
8	0.01943	0.01751	0.08879	0.01495	0.01988	0.03754	0.05196	0.23068	0.33457	0.08384	0.02040	0.01965	0.01485	0.00790	0.00653	0.00207	0.00668	0.00649	0.00599	0.01028
9	0.01050	0.00876	0.01170	0.01025	0.01263	0.00861	0.06557	0.01453	0.08509	0.03836	0.25914	0.06195	0.31322	0.01328	0.00837	0.00218	0.05188	0.01133	0.00602	0.00663
10	0.01556	0.28402	0.42933	0.01557	0.02333	0.01908	0.01839	0.08802	0.01511	0.02067	0.01109	0.01271	0.00850	0.00609	0.00549	0.00181	0.00841	0.00443	0.00311	0.00926
11	0.02180	0.13388	0.09139	0.01630	0.03616	0.51303	0.01341	0.02467	0.03832	0.03862	0.01102	0.01246	0.00893	0.00653	0.00568	0.00169	0.01031	0.00433	0.00343	0.00806
12	0.01227	0.01017	0.01234	0.01036	0.01424	0.00881	0.00829	0.01583	0.05651	0.02050	0.04073	0.11719	0.02049	0.00967	0.00675	0.00169	0.03422	0.12450	0.00469	0.47072
13	0.01411	0.01143	0.01820	0.29828	0.14951	0.01254	0.04146	0.05576	0.01478	0.06826	0.03411	0.09841	0.01754	0.00990	0.00784	0.02691	0.02170	0.08726	0.00425	0.00774
14	0.06645	0.03484	0.09146	0.01909	0.11970	0.08952	0.07551	0.06687	0.03133	0.18111	0.01454	0.01615	0.01079	0.00757	0.00895	0.00211	0.14466	0.00567	0.00450	0.00916
15	0.00875	0.00617	0.00747	0.00790	0.00837	0.00604	0.00506	0.00953	0.01114	0.01478	0.04872	0.25778	0.09934	0.39077	0.08528	0.00503	0.00611	0.01231	0.00479	0.00469
16	0.00908	0.00653	0.00849	0.00812	0.00950	0.00606	0.00597	0.01186	0.01747	0.02465	0.65101	0.09001	0.05791	0.05403	0.00900	0.00229	0.00326	0.01195	0.00688	0.00593
17	0.01754	0.38585	0.22270	0.01435	0.02044	0.17890	0.01484	0.02156	0.03840	0.01717	0.01050	0.01201	0.00866	0.00605	0.00514	0.00165	0.00860	0.00410	0.00301	0.00853
18	0.01420	0.01373	0.02398	0.03084	0.46305	0.01365	0.11716	0.01771	0.01427	0.01997	0.01834	0.10439	0.05935	0.00936	0.02785	0.00231	0.02922	0.00798	0.00370	0.00893
19	0.01111	0.00900	0.01285	0.01165	0.01306	0.02739	0.07867	0.01322	0.01180	0.01699	0.01985	0.11159	0.02001	0.15718	0.21130	0.00516	0.09153	0.04706	0.12467	0.00591
20	0.35312	0.07830	0.10870	0.01279	0.01741	0.16021	0.02691	0.02162	0.01372	0.09279	0.01121	0.01262	0.00855	0.00660	0.00598	0.00194	0.05137	0.00430	0.00391	0.00796
21	0.44189	0.01271	0.01510	0.04721	0.22723	0.01410	0.01145	0.01817	0.01215	0.02438	0.01157	0.04135	0.01001	0.00957	0.05726	0.00261	0.02661	0.00510	0.00372	0.00782
22	0.01619	0.01672	0.05052	0.03635	0.61103	0.04671	0.06475	0.02059	0.03579	0.02101	0.01252	0.01606	0.01034	0.00588	0.00645	0.00194	0.00805	0.00582	0.00329	0.00999
23	0.01333	0.01148	0.01375	0.05323	0.01702	0.00895	0.00826	0.01628	0.01337	0.02079	0.01148	0.01362	0.00951	0.00488	0.00488	0.00103	0.00501	0.00394	0.00377	0.76541
24	0.00847	0.00655	0.00771	0.00748	0.00925	0.00580	0.00559	0.01086	0.01660	0.02204	0.42642	0.07587	0.34457	0.01476	0.00765	0.00211	0.00316	0.01272	0.00661	0.00580
25	0.01539	0.01466	0.02466	0.12401	0.60819	0.01484	0.01889	0.01922	0.01442	0.02055	0.01203	0.01599	0.01000	0.00578	0.00631	0.00189	0.00762	0.00564	0.00320	0.05670
26	0.02899	0.01100	0.01499	0.01150	0.01649	0.00950	0.00950	0.03149	0.01849	0.73709	0.02549	0.02199	0.01599	0.00800	0.00650	0.00200	0.00550	0.00650	0.00800	0.01100
27	0.00805	0.00656	0.00711	0.00697	0.00898	0.00563	0.00523	0.01006	0.01569	0.01975	0.24546	0.05841	0.54856	0.01551	0.00763	0.00214	0.00321	0.01311	0.00630	0.00563
28	0.00764	0.00655	0.00655	0.00655	0.00873	0.00545	0.00491	0.00927	0.01473	0.01745	0.06546	0.06218	0.73000	0.01636	0.00764	0.00218	0.00327	0.01364	0.00600	0.00545
29	0.01296	0.03342	0.73944	0.01842	0.02797	0.01501	0.02387	0.02046	0.01364	0.02046	0.01160	0.01364	0.00818	0.00614	0.00614	0.00205	0.00955	0.00477	0.00273	0.00955
30	0.01263	0.01182	0.01684	0.11641	0.01871	0.01576	0.01251	0.01435	0.01030	0.01519	0.01160	0.01983	0.01151	0.12152	0.10695	0.00411	0.46408	0.00634	0.00306	0.00649
31	0.00909	0.00660	0.00857	0.00808	0.00962	0.00608	0.00606	0.01210	0.01817	0.02563	0.70693	0.04873	0.08342	0.01332	0.00762	0.00204	0.00306	0.01175	0.00708	0.00608
32	0.01119	0.01004	0.01593	0.54955	0.03438	0.01199	0.01424	0.01451	0.01258	0.01604	0.01897	0.05435	0.08298	0.11512	0.01034	0.00275	0.00757	0.00752	0.00345	0.00648
33	0.01757	0.74519	0.03320	0.01129	0.01673	0.05615	0.01112	0.01962	0.01335	0.01523	0.00903	0.01042	0.00829	0.00558	0.00422	0.00139	0.00711	0.00348	0.00279	0.00826
34	0.81856	0.01250	0.00950	0.00850	0.01250	0.01449	0.00700	0.01899	0.01100	0.02899	0.00900	0.01050	0.00700	0.00600	0.00400	0.00200	0.00500	0.00350	0.00400	0.00700
35	0.02456	0.01810	0.01939	0.01487	0.02004	0.02004	0.01228	0.71107	0.03038	0.04072	0.01551	0.01551	0.01099	0.00776	0.00646	0.00194	0.00711	0.00582	0.00646	0.01099
36	0.01607	0.01388	0.01461	0.01315	0.01680	0.01607	0.01023	0.03433	0.72094	0.02703	0.02630	0.02411	0.01972	0.00877	0.00657	0.00219	0.00511	0.00731	0.00657	0.01023
37	0.00917	0.00662	0.00871	0.00841	0.00989	0.00615	0.00638	0.01214	0.01781	0.02508	0.65405	0.08043	0.05863	0.01381	0.00773	0.00212	0.00327	0.05657	0.00699	0.00605
38	0.01337	0.01478	0.09211	0.46741	0.23182	0.01484	0.01895	0.01779	0.01341	0.01814	0.01160	0.01645	0.00901	0.00636	0.00680	0.00210	0.02821	0.00565	0.00295	0.00825
39	0.02648	0.01036	0.01411	0.01120	0.01565	0.00899	0.00908	0.02882	0.01777	0.65161	0.02669	0.11057	0.01917	0.00945	0.00671	0.00207	0.00529	0.00791	0.00776	0.01031
40	0.00985	0.00639	0.00722	0.00743	0.00790	0.00640	0.00462	0.01126	0.03679	0.01585	0.02340	0.16660	0.02550	0.47398	0.02246	0.00461	0.00519	0.01030	0.14949	0.00476
41	0.00787	0.00562	0.00750	0.00900	0.00937	0.00525	0.00600	0.00900	0.01237	0.01649	0.03561	0.76871	0.04274	0.02024	0.00825	0.00262	0.00375	0.01837	0.00600	0.00525

[dist]
# distance from previous block
# <min> <max>
0	1

[block]
# block no. 5 follows, 34 sequences, length 20
# corresponding to MSA columns:
# 282-301
name=unknown_F
#
# <colnr> <probs for GDERKNQSTAVLIFYWHMCP>
#	G	D	E	R	K	N	Q	S	T	A	V	L	I	F	Y	W	H	M	C	P
0	0.00786	0.00567	0.00745	0.00887	0.00934	0.00526	0.00594	0.00901	0.01250	0.01655	0.03721	0.73095	0.07947	0.02004	0.00821	0.00260	0.00372	0.01812	0.00600	0.00526
1	0.01340	0.01148	0.01340	0.00957	0.01531	0.00861	0.00766	0.01627	0.01340	0.02105	0.01148	0.01340	0.00957	0.00479	0.00479	0.00096	0.00479	0.00383	0.00383	0.81242
2	0.07535	0.51265	0.22911	0.01292	0.01946	0.02180	0.01434	0.01963	0.01311	0.01769	0.00971	0.01129	0.00817	0.00573	0.00469	0.00161	0.00751	0.00383	0.00285	0.00855
3	0.00955	0.00669	0.00815	0.00803	0.00824	0.00712	0.00506	0.01002	0.00959	0.01309	0.01935	0.03816	0.02159	0.61387	0.15955	0.00686	0.03810	0.00881	0.00379	0.00437
4	0.01102	0.00907	0.01385	0.01228	0.01431	0.01002	0.08757	0.01528	0.08096	0.01851	0.07564	0.02653	0.03961	0.03070	0.41234	0.00663	0.05289	0.00747	0.06866	0.00664
5	0.01456	0.01459	0.01578	0.05038	0.01719	0.13714	0.01136	0.01858	0.09856	0.01737	0.01371	0.01808	0.01201	0.01951	0.21191	0.00441	0.23861	0.00580	0.00363	0.07685
6	0.00823	0.00657	0.00736	0.00716	0.00909	0.00571	0.00537	0.01041	0.01612	0.02076	0.32465	0.05675	0.46874	0.01513	0.00763	0.00212	0.00319	0.01287	0.00643	0.00571
7	0.01583	0.01343	0.01429	0.01279	0.01632	0.01537	0.00996	0.06063	0.63141	0.02750	0.08662	0.02584	0.02293	0.00911	0.00666	0.00217	0.00502	0.00762	0.00662	0.00990
8	0.00785	0.00570	0.00742	0.00880	0.00932	0.00526	0.00591	0.00902	0.01256	0.01657	0.03801	0.71204	0.09785	0.01993	0.00820	0.00259	0.00371	0.01799	0.00600	0.00526
9	0.01195	0.00773	0.01079	0.01187	0.01364	0.00761	0.01034	0.01488	0.01517	0.07873	0.03349	0.06867	0.03543	0.01703	0.00872	0.00289	0.00591	0.63264	0.00612	0.00637
10	0.00804	0.00644	0.00726	0.00780	0.00947	0.00566	0.00586	0.00973	0.01419	0.01747	0.05447	0.23028	0.48039	0.01747	0.00794	0.00239	0.00372	0.09997	0.00599	0.00547
11	0.02388	0.01776	0.01901	0.01473	0.01978	0.01972	0.01212	0.65680	0.08576	0.03962	0.01638	0.01620	0.01169	0.00784	0.00647	0.00196	0.00695	0.00594	0.00647	0.01093
12	0.81856	0.01250	0.00950	0.00850	0.01250	0.01449	0.00700	0.01899	0.01100	0.02899	0.00900	0.01050	0.00700	0.00600	0.00400	0.00200	0.00500	0.00350	0.00400	0.00700
13	0.00780	0.00655	0.00678	0.00672	0.00883	0.00553	0.00504	0.00960	0.01512	0.01839	0.13887	0.06064	0.65599	0.01602	0.00763	0.00217	0.00325	0.01342	0.00612	0.00553
14	0.01235	0.01164	0.01965	0.72892	0.07180	0.01439	0.01802	0.01664	0.01299	0.01669	0.01151	0.01718	0.00868	0.00643	0.00646	0.00214	0.00858	0.00574	0.00288	0.00730
15	0.01346	0.00683	0.00709	0.00671	0.00855	0.00685	0.00513	0.04849	0.01458	0.05988	0.02103	0.02358	0.01627	0.00756	0.00471	0.00155	0.00333	0.00604	0.73186	0.00650
16	0.01382	0.01225	0.01359	0.00985	0.01550	0.03790	0.00785	0.01665	0.01359	0.02085	0.01142	0.01333	0.00952	0.00486	0.00483	0.00099	0.00506	0.00384	0.00381	0.78049
17	0.42827	0.01428	0.01458	0.01203	0.01625	0.05071	0.05604	0.13586	0.01597	0.11962	0.01368	0.01637	0.01053	0.00727	0.00585	0.00206	0.03067	0.03679	0.00489	0.00827
18	0.00928	0.00654	0.00785	0.00771	0.00853	0.00636	0.00520	0.00995	0.01233	0.01629	0.16436	0.06769	0.19734	0.29751	0.01987	0.11358	0.02952	0.01049	0.00490	0.00469
19	0.01519	0.01431	0.02327	0.09575	0.54096	0.01402	0.01742	0.01889	0.01432	0.02070	0.01197	0.01562	0.00997	0.00564	0.00610	0.00176	0.00722	0.00540	0.00329	0.15820

[dist]
# distance from previous block
# <min> <max>
4	13

[block]
# block no. 6 follows, 34 sequences, length 58
# corresponding to MSA columns:
# 315-372
name=unknown_G
#
# <colnr> <probs for GDERKNQSTAVLIFYWHMCP>
#	G	D	E	R	K	N	Q	S	T	A	V	L	I	F	Y	W	H	M	C	P
0	0.01242	0.09406	0.21277	0.01207	0.01652	0.01205	0.01214	0.06771	0.05692	0.02354	0.29587	0.08809	0.04901	0.01045	0.00676	0.00202	0.00571	0.00883	0.00527	0.00778
1	0.07308	0.01382	0.08660	0.01066	0.01631	0.01015	0.00942	0.05612	0.01415	0.02244	0.01295	0.05728	0.01125	0.00608	0.00516	0.00130	0.00536	0.00486	0.00401	0.57903
2	0.00904	0.00640	0.00846	0.00874	0.00927	0.00679	0.00596	0.01017	0.01035	0.01426	0.02203	0.17289	0.02421	0.34284	0.31205	0.00721	0.01018	0.01011	0.00413	0.00490
3	0.02777	0.01073	0.01460	0.01129	0.01607	0.00929	0.00929	0.03030	0.01848	0.69335	0.06877	0.02361	0.01876	0.00832	0.00657	0.00200	0.00535	0.00682	0.00794	0.01069
4	0.01467	0.30932	0.39826	0.05371	0.02489	0.01900	0.05865	0.01986	0.01351	0.01831	0.01070	0.01282	0.00834	0.00589	0.00550	0.00181	0.00859	0.00450	0.00278	0.00891
5	0.01310	0.03245	0.69693	0.01895	0.02832	0.01509	0.06542	0.02048	0.01374	0.02048	0.01168	0.01387	0.00828	0.00610	0.00623	0.00205	0.00963	0.00495	0.00276	0.00950
6	0.02899	0.01100	0.01499	0.01150	0.01649	0.00950	0.00950	0.03149	0.01849	0.73709	0.02549	0.02199	0.01599	0.00800	0.00650	0.00200	0.00550	0.00650	0.00800	0.01100
7	0.01277	0.01215	0.02062	0.56275	0.16861	0.01415	0.04108	0.01689	0.01342	0.01754	0.01440	0.01929	0.04559	0.00680	0.00655	0.00211	0.00825	0.00621	0.00310	0.00770
8	0.00979	0.00732	0.01041	0.01140	0.06320	0.00799	0.00751	0.01141	0.01036	0.01460	0.01798	0.03050	0.01824	0.29446	0.44695	0.00834	0.01280	0.00769	0.00360	0.00546
9	0.00938	0.00634	0.00744	0.00744	0.00758	0.00648	0.00441	0.00965	0.00951	0.01282	0.02000	0.04029	0.02263	0.68757	0.11705	0.00675	0.00757	0.00910	0.00386	0.00413
10	0.01007	0.00761	0.00943	0.00897	0.01071	0.00752	0.00671	0.01524	0.12402	0.02518	0.55695	0.11309	0.05299	0.01321	0.00752	0.00211	0.00343	0.01166	0.00693	0.00664
11	0.01296	0.03342	0.73944	0.01842	0.02797	0.01501	0.02387	0.02046	0.01364	0.02046	0.01160	0.01364	0.00818	0.00614	0.00614	0.00205	0.00955	0.00477	0.00273	0.00955
12	0.01849	0.01347	0.01519	0.01364	0.05754	0.01441	0.01037	0.35340	0.08682	0.05426	0.04198	0.02849	0.10830	0.00970	0.00662	0.00203	0.00579	0.05756	0.09279	0.00914
13	0.01232	0.01156	0.01918	0.62391	0.08662	0.01422	0.01717	0.01625	0.01283	0.01676	0.01273	0.05985	0.01066	0.00748	0.00742	0.00220	0.05206	0.00646	0.00307	0.00726
14	0.00786	0.00567	0.00745	0.00887	0.00934	0.00526	0.00594	0.00901	0.01249	0.01654	0.03713	0.73282	0.07765	0.02005	0.00822	0.00260	0.00372	0.01813	0.00600	0.00526
15	0.00787	0.00562	0.00750	0.00900	0.00937	0.00525	0.00600	0.00900	0.01237	0.01649	0.03561	0.76871	0.04274	0.02024	0.00825	0.00262	0.00375	0.01837	0.00600	0.00525
16	0.01564	0.01785	0.03512	0.02558	0.03126	0.05839	0.59819	0.02046	0.01488	0.01989	0.01243	0.01676	0.00958	0.00612	0.00891	0.00222	0.08780	0.00723	0.00323	0.00848
17	0.01326	0.01299	0.02329	0.53473	0.15046	0.01481	0.12280	0.01766	0.01355	0.01786	0.01183	0.01706	0.00905	0.00620	0.00663	0.00212	0.00881	0.00603	0.00298	0.00789
18	0.01595	0.54807	0.25097	0.01332	0.02009	0.02232	0.01500	0.01969	0.01329	0.01682	0.00979	0.01137	0.00826	0.00572	0.00476	0.00159	0.00772	0.00386	0.00275	0.00868
19	0.00910	0.00660	0.00858	0.00809	0.00963	0.00608	0.00606	0.01211	0.01819	0.02568	0.71112	0.04864	0.07920	0.01330	0.00762	0.00204	0.00305	0.01174	0.00708	0.00608
20	0.01346	0.08964	0.64156	0.01880	0.05018	0.01587	0.04261	0.02036	0.01368	0.02009	0.01146	0.01358	0.00831	0.00606	0.00604	0.00199	0.00932	0.00479	0.00276	0.00945
21	0.00805	0.00656	0.00711	0.00698	0.00898	0.00563	0.00523	0.01007	0.01569	0.01975	0.24567	0.05840	0.54835	0.01551	0.00763	0.00214	0.00321	0.01311	0.00630	0.00563
22	0.00918	0.00732	0.00975	0.12766	0.01497	0.00721	0.00768	0.01196	0.01620	0.02173	0.40651	0.08333	0.22584	0.01331	0.00747	0.00212	0.00403	0.01158	0.00609	0.00606
23	0.00787	0.00562	0.00750	0.00900	0.00937	0.00525	0.00600	0.00900	0.01237	0.01649	0.03561	0.76871	0.04274	0.02024	0.00825	0.00262	0.00375	0.01837	0.00600	0.00525
24	0.01296	0.03342	0.73944	0.01842	0.02797	0.01501	0.02387	0.02046	0.01364	0.02046	0.01160	0.01364	0.00818	0.00614	0.00614	0.00205	0.00955	0.00477	0.00273	0.00955
25	0.02447	0.01758	0.01899	0.01463	0.01974	0.01935	0.01206	0.65120	0.05564	0.07558	0.01642	0.01616	0.01157	0.00781	0.00647	0.00195	0.00695	0.00591	0.00655	0.01096
26	0.01324	0.00936	0.01077	0.00973	0.01205	0.03619	0.00741	0.01893	0.15078	0.10445	0.46255	0.03916	0.04468	0.04195	0.00824	0.00221	0.00416	0.00991	0.00684	0.00739
27	0.02419	0.02921	0.01844	0.01642	0.01998	0.65650	0.01246	0.11109	0.01981	0.01891	0.01068	0.01213	0.00865	0.00680	0.00591	0.00170	0.01109	0.00437	0.00372	0.00793
28	0.05597	0.02913	0.01804	0.01619	0.01968	0.66402	0.01225	0.07609	0.01891	0.01818	0.01036	0.01189	0.00847	0.00671	0.00580	0.00170	0.01105	0.00426	0.00359	0.00773
29	0.02283	0.02274	0.01706	0.01482	0.01850	0.40977	0.01147	0.14994	0.06253	0.10724	0.03235	0.01627	0.01231	0.01039	0.06082	0.00244	0.00990	0.00532	0.00476	0.00855
30	0.02208	0.02745	0.01866	0.01672	0.02004	0.62297	0.05441	0.02409	0.01760	0.01634	0.01221	0.01699	0.01081	0.00883	0.03140	0.00209	0.01138	0.05501	0.00352	0.00739
31	0.00918	0.00624	0.00719	0.00728	0.00751	0.00613	0.00430	0.00956	0.01052	0.01406	0.07572	0.10843	0.05457	0.62109	0.02787	0.00547	0.00569	0.01053	0.00442	0.00425
32	0.00879	0.00662	0.00815	0.00784	0.00954	0.00597	0.00593	0.01147	0.01724	0.02347	0.53188	0.05274	0.23521	0.01419	0.00767	0.00210	0.00321	0.03525	0.00678	0.00592
33	0.81856	0.01250	0.00950	0.00850	0.01250	0.01449	0.00700	0.01899	0.01100	0.02899	0.00900	0.01050	0.00700	0.00600	0.00400	0.00200	0.00500	0.00350	0.00400	0.00700
34	0.02012	0.01589	0.01689	0.01397	0.01835	0.01796	0.01121	0.35724	0.39144	0.03356	0.02115	0.02001	0.01556	0.00828	0.00652	0.00207	0.00607	0.00660	0.00652	0.01059
35	0.00792	0.00656	0.00694	0.00685	0.00890	0.00558	0.00514	0.00983	0.01541	0.01907	0.19219	0.05953	0.60226	0.01576	0.00763	0.00215	0.00323	0.01326	0.00621	0.00558
36	0.00807	0.00634	0.00764	0.00831	0.00942	0.00591	0.00589	0.00949	0.01345	0.01725	0.07680	0.43591	0.30749	0.01810	0.00847	0.00243	0.03190	0.01577	0.00593	0.00543
37	0.01305	0.01244	0.01725	0.01502	0.01518	0.01687	0.01224	0.01447	0.01036	0.01581	0.05219	0.01972	0.01356	0.09200	0.06683	0.00360	0.59310	0.00647	0.00323	0.00661
38	0.01337	0.01274	0.05483	0.01008	0.01603	0.00898	0.00858	0.01651	0.01341	0.02102	0.01149	0.01341	0.00949	0.00486	0.00486	0.00102	0.00506	0.00388	0.00377	0.76661
39	0.01555	0.04130	0.02542	0.07698	0.51112	0.05215	0.08354	0.01920	0.01461	0.01998	0.01371	0.07133	0.01233	0.00688	0.00655	0.00198	0.00792	0.00670	0.00338	0.00933
40	0.77165	0.01244	0.01007	0.05207	0.01436	0.01449	0.00763	0.01885	0.01111	0.02826	0.00914	0.01089	0.00709	0.00602	0.00414	0.00201	0.00521	0.00363	0.00393	0.00701
41	0.02416	0.02999	0.01838	0.01653	0.01998	0.70071	0.01247	0.06942	0.01908	0.01740	0.01034	0.01190	0.00849	0.00673	0.00587	0.00168	0.01136	0.00427	0.00353	0.00771
42	0.00764	0.00655	0.00655	0.00655	0.00873	0.00545	0.00491	0.00927	0.01473	0.01745	0.06546	0.06218	0.73000	0.01636	0.00764	0.00218	0.00327	0.01364	0.00600	0.00545
43	0.02899	0.01100	0.01499	0.01150	0.01649	0.00950	0.00950	0.03149	0.01849	0.73709	0.02549	0.02199	0.01599	0.00800	0.00650	0.00200	0.00550	0.00650	0.00800	0.01100
44	0.01274	0.03189	0.69774	0.01783	0.02692	0.01450	0.02286	0.01999	0.01391	0.02077	0.05254	0.01562	0.01120	0.00654	0.00622	0.00205	0.00918	0.00517	0.00298	0.00935
45	0.06810	0.01306	0.07044	0.06681	0.01851	0.01143	0.01089	0.12469	0.01818	0.35758	0.02511	0.07938	0.07342	0.00939	0.00659	0.00209	0.00595	0.02258	0.00640	0.00938
46	0.00787	0.00562	0.00750	0.00900	0.00937	0.00525	0.00600	0.00900	0.01237	0.01649	0.03561	0.76871	0.04274	0.02024	0.00825	0.00262	0.00375	0.01837	0.00600	0.00525
47	0.00797	0.00570	0.00758	0.00893	0.00939	0.00531	0.00601	0.00923	0.01281	0.01719	0.08679	0.71555	0.04408	0.01972	0.00820	0.00258	0.00370	0.01788	0.00608	0.00531
48	0.01561	0.01636	0.07480	0.31138	0.27362	0.05992	0.01799	0.08963	0.01560	0.02078	0.01194	0.01592	0.00936	0.00651	0.00688	0.00204	0.03392	0.00558	0.00337	0.00880
49	0.01455	0.02927	0.57728	0.01921	0.02795	0.01478	0.12637	0.02135	0.01426	0.07603	0.01290	0.01486	0.00903	0.00618	0.00639	0.00206	0.00944	0.00534	0.00322	0.00954
50	0.81856	0.01250	0.00950	0.00850	0.01250	0.01449	0.00700	0.01899	0.01100	0.02899	0.00900	0.01050	0.00700	0.00600	0.00400	0.00200	0.00500	0.00350	0.00400	0.00700
51	0.00900	0.00619	0.00760	0.00796	0.00821	0.00625	0.00497	0.00958	0.01025	0.01383	0.02369	0.21786	0.02723	0.49309	0.12114	0.00592	0.00711	0.01127	0.00437	0.00449
52	0.05459	0.01104	0.01482	0.01140	0.01636	0.00966	0.00942	0.03108	0.01825	0.71414	0.02496	0.02162	0.01570	0.00793	0.00642	0.00200	0.00548	0.00640	0.00787	0.01087
53	0.01446	0.01464	0.04726	0.23788	0.37831	0.01590	0.01835	0.01810	0.01326	0.01873	0.01125	0.01591	0.00937	0.00702	0.00921	0.00216	0.15071	0.00570	0.00302	0.00875
54	0.01204	0.00602	0.00602	0.00602	0.00753	0.00602	0.00452	0.01506	0.01355	0.02409	0.02108	0.02409	0.01656	0.00753	0.00452	0.00151	0.00301	0.00602	0.80879	0.00602
55	0.00966	0.00771	0.01151	0.00997	0.01206	0.00710	0.07804	0.01285	0.01772	0.02476	0.60781	0.04611	0.10413	0.01264	0.00762	0.00206	0.00387	0.01141	0.00664	0.00632
56	0.05727	0.62751	0.08378	0.01146	0.01706	0.02296	0.01167	0.01908	0.01313	0.01665	0.01021	0.01307	0.00935	0.00604	0.00449	0.00151	0.00690	0.02937	0.00298	0.03551
57	0.01140	0.00598	0.00909	0.00959	0.03567	0.00598	0.00615	0.00885	0.00865	0.01160	0.01126	0.01950	0.01119	0.02182	0.02454	0.78152	0.00569	0.00562	0.00282	0.00309

[dist]
# distance from previous block
# <min> <max>
0	9

[block]
# block no. 7 follows, 34 sequences, length 29
# corresponding to MSA columns:
# 382-410
name=unknown_H
#
# <colnr> <probs for GDERKNQSTAVLIFYWHMCP>
#	G	D	E	R	K	N	Q	S	T	A	V	L	I	F	Y	W	H	M	C	P
0	0.03798	0.01863	0.06270	0.01427	0.01909	0.10520	0.01204	0.36873	0.12133	0.12325	0.01740	0.01767	0.01265	0.03064	0.00713	0.00209	0.00726	0.00591	0.00594	0.01008
1	0.61853	0.12830	0.03724	0.00933	0.01370	0.01608	0.00825	0.04179	0.01213	0.02686	0.00970	0.01120	0.00768	0.00604	0.00419	0.00189	0.00544	0.00369	0.03058	0.00738
2	0.02380	0.01046	0.01442	0.01266	0.06101	0.00936	0.00949	0.02691	0.03674	0.52839	0.16724	0.02699	0.02484	0.00893	0.00672	0.00201	0.00513	0.00752	0.00747	0.00993
3	0.01627	0.41871	0.19773	0.01346	0.01946	0.02071	0.01420	0.07998	0.01463	0.01918	0.01101	0.01380	0.00941	0.00655	0.00609	0.00170	0.05574	0.02373	0.00324	0.05440
4	0.03871	0.01463	0.02326	0.10833	0.51766	0.01514	0.01766	0.04922	0.06909	0.06280	0.01397	0.01691	0.01106	0.00627	0.00636	0.00197	0.00736	0.00586	0.00385	0.00990
5	0.00808	0.00575	0.00764	0.00908	0.00951	0.00541	0.00616	0.00926	0.01239	0.01650	0.03492	0.69974	0.04164	0.05058	0.00928	0.00279	0.00398	0.05614	0.00591	0.00523
6	0.01146	0.01023	0.01681	0.49131	0.06694	0.01234	0.01486	0.01516	0.01268	0.01690	0.05526	0.02105	0.01367	0.01738	0.19273	0.00420	0.01043	0.00639	0.00328	0.00691
7	0.02201	0.01366	0.01919	0.01511	0.01954	0.08388	0.15821	0.04150	0.01713	0.37509	0.02272	0.12241	0.01811	0.00930	0.00699	0.00212	0.00707	0.03061	0.00615	0.00922
8	0.02771	0.01099	0.01471	0.01137	0.01609	0.00970	0.00928	0.05536	0.01842	0.67015	0.02483	0.02291	0.01624	0.05148	0.00800	0.00224	0.00560	0.00664	0.00771	0.01059
9	0.01310	0.03243	0.69589	0.01896	0.02833	0.01509	0.06643	0.02048	0.01374	0.02048	0.01169	0.01388	0.00829	0.00610	0.00623	0.00205	0.00963	0.00495	0.00276	0.00950
10	0.01526	0.01432	0.02385	0.25362	0.49242	0.01528	0.01891	0.05176	0.01492	0.02066	0.01211	0.01634	0.00978	0.00606	0.00642	0.00199	0.00793	0.00576	0.00326	0.00935
11	0.01693	0.01195	0.03427	0.03195	0.05736	0.03527	0.03862	0.06214	0.02749	0.20075	0.06714	0.07835	0.10132	0.04820	0.03214	0.00266	0.09276	0.04709	0.00554	0.00807
12	0.02899	0.01100	0.01499	0.01150	0.01649	0.00950	0.00950	0.03149	0.01849	0.73709	0.02549	0.02199	0.01599	0.00800	0.00650	0.00200	0.00550	0.00650	0.00800	0.01100
13	0.01595	0.01548	0.02697	0.03889	0.68921	0.01541	0.06264	0.01988	0.01475	0.02108	0.01221	0.01608	0.01021	0.00574	0.00647	0.00194	0.00788	0.00587	0.00320	0.01014
14	0.03527	0.18141	0.49402	0.01621	0.02404	0.05481	0.01939	0.02079	0.03990	0.01959	0.01208	0.01481	0.00941	0.00646	0.00576	0.00192	0.00874	0.02331	0.00303	0.00905
15	0.04796	0.01668	0.02053	0.02471	0.32845	0.13509	0.01458	0.06910	0.01735	0.23819	0.01594	0.01688	0.01160	0.00672	0.00626	0.00191	0.00755	0.00565	0.00491	0.00995
16	0.06355	0.01309	0.02025	0.50084	0.19179	0.03698	0.01736	0.01763	0.01323	0.01823	0.01131	0.01624	0.00885	0.00648	0.00687	0.00210	0.03875	0.00555	0.00303	0.00784
17	0.00824	0.00616	0.00822	0.00996	0.03861	0.00572	0.00646	0.00963	0.01300	0.01726	0.07339	0.63328	0.10821	0.01892	0.00808	0.00252	0.00383	0.01706	0.00594	0.00551
18	0.01313	0.01290	0.01953	0.64645	0.06033	0.05789	0.01743	0.01709	0.01309	0.01653	0.01122	0.01667	0.00863	0.00676	0.00737	0.00216	0.05699	0.00564	0.00290	0.00727
19	0.00868	0.00722	0.01016	0.07821	0.01388	0.00686	0.04942	0.01059	0.01358	0.01736	0.06317	0.39160	0.27204	0.01654	0.00782	0.00239	0.00445	0.01474	0.00558	0.00573
20	0.01122	0.00561	0.00842	0.00842	0.00842	0.00561	0.00561	0.00842	0.00842	0.01122	0.01122	0.01964	0.01122	0.02245	0.02525	0.81201	0.00561	0.00561	0.00281	0.00281
21	0.01532	0.01527	0.04022	0.05636	0.47983	0.01506	0.10729	0.02117	0.10362	0.02146	0.01656	0.01939	0.04556	0.00663	0.00663	0.00201	0.00763	0.00655	0.00375	0.00969
22	0.01869	0.62295	0.03065	0.01221	0.01728	0.17435	0.01135	0.02068	0.01420	0.01533	0.00919	0.01063	0.00830	0.00576	0.00449	0.00144	0.00789	0.00360	0.00288	0.00813
23	0.00995	0.00703	0.01031	0.01014	0.01091	0.00813	0.00765	0.01098	0.00988	0.01407	0.01569	0.02457	0.01512	0.08657	0.50615	0.17976	0.05795	0.00673	0.00331	0.00510
24	0.01423	0.01343	0.02318	0.02185	0.16926	0.01328	0.23834	0.06018	0.09527	0.02421	0.22719	0.02692	0.02626	0.00832	0.00718	0.00207	0.00703	0.00830	0.00495	0.00856
25	0.04552	0.01342	0.01533	0.01144	0.01683	0.01238	0.00932	0.22741	0.01925	0.14466	0.01491	0.01535	0.01097	0.00624	0.00554	0.00146	0.00561	0.00485	0.00531	0.41419
26	0.01987	0.01792	0.01780	0.01699	0.11626	0.17251	0.01184	0.17518	0.10973	0.07073	0.01494	0.01577	0.01142	0.00670	0.00594	0.00168	0.00727	0.00522	0.00483	0.19740
27	0.12040	0.01296	0.01522	0.03850	0.08138	0.03225	0.01047	0.06895	0.17077	0.25861	0.04246	0.02102	0.03492	0.00781	0.00613	0.00197	0.00574	0.00630	0.00603	0.05812
28	0.01515	0.01153	0.01457	0.01137	0.03922	0.00924	0.03154	0.01852	0.03320	0.10349	0.05584	0.01694	0.01363	0.00581	0.00534	0.00124	0.00507	0.00488	0.00453	0.59889

[dist]
# distance from previous block
# <min> <max>
2	15

[block]
# block no. 8 follows, 34 sequences, length 23
# corresponding to MSA columns:
# 426-448
name=unknown_I
#
# <colnr> <probs for GDERKNQSTAVLIFYWHMCP>
#	G	D	E	R	K	N	Q	S	T	A	V	L	I	F	Y	W	H	M	C	P
0	0.01420	0.24108	0.51981	0.01631	0.02444	0.01811	0.01999	0.02000	0.01338	0.01884	0.01077	0.01274	0.00822	0.00613	0.00604	0.00188	0.03176	0.00443	0.00274	0.00912
1	0.00920	0.00631	0.00769	0.00786	0.00810	0.00647	0.00489	0.00973	0.00990	0.01341	0.02150	0.11934	0.02431	0.56105	0.15730	0.00660	0.00795	0.00994	0.00406	0.00439
