[name]
unknown

[dist]
# distance from previous block
# <min> <max>
2	18

[block]
# block no. 0 follows, 33 sequences, length 77
# corresponding to MSA columns:
# 19-95
name=unknown_A
#
# <colnr> <probs for GDERKNQSTAVLIFYWHMCP>
#	G	D	E	R	K	N	Q	S	T	A	V	L	I	F	Y	W	H	M	C	P
0	0.01581	0.01514	0.02000	0.44591	0.10815	0.09299	0.01650	0.09828	0.03973	0.02058	0.01252	0.01664	0.00961	0.00683	0.00684	0.00207	0.02762	0.00567	0.00359	0.03553
1	0.01401	0.01344	0.02117	0.42398	0.25106	0.04210	0.01795	0.01794	0.01398	0.01842	0.01352	0.02118	0.01149	0.00742	0.00724	0.00219	0.03387	0.05757	0.00328	0.00818
2	0.01718	0.01712	0.01766	0.15639	0.10244	0.18691	0.01279	0.10349	0.01716	0.02159	0.04126	0.01823	0.03930	0.00853	0.03279	0.00205	0.00824	0.00562	0.00405	0.18719
3	0.01842	0.04035	0.04376	0.03650	0.12656	0.16114	0.04539	0.16590	0.11076	0.02529	0.06780	0.02186	0.06109	0.00818	0.00652	0.00196	0.00760	0.00669	0.03519	0.00903
4	0.11457	0.50869	0.08824	0.05972	0.01926	0.02178	0.03218	0.01941	0.01322	0.01835	0.01026	0.01220	0.00875	0.00590	0.00465	0.00162	0.00707	0.00404	0.04187	0.00822
5	0.57484	0.10810	0.05963	0.00974	0.01415	0.04189	0.00876	0.01944	0.01211	0.02637	0.01031	0.01199	0.00816	0.00620	0.00434	0.00191	0.00572	0.00386	0.06504	0.00740
6	0.00799	0.00586	0.00751	0.00883	0.00946	0.00538	0.00596	0.00920	0.01293	0.01694	0.04036	0.67047	0.13479	0.02010	0.00832	0.00261	0.00375	0.01807	0.00611	0.00538
7	0.00801	0.00576	0.00761	0.00908	0.00953	0.00535	0.00607	0.00918	0.01269	0.01684	0.03733	0.74028	0.06693	0.02049	0.00838	0.00266	0.00380	0.01855	0.00611	0.00535
8	0.02954	0.01120	0.01528	0.01171	0.01681	0.00968	0.00968	0.03208	0.01884	0.73213	0.02597	0.02241	0.01630	0.00815	0.00662	0.00204	0.00560	0.00662	0.00815	0.01120
9	0.01338	0.01267	0.02146	0.57770	0.21304	0.01488	0.01876	0.01765	0.01361	0.01797	0.01187	0.01724	0.00918	0.00641	0.00657	0.00214	0.00854	0.00585	0.00301	0.00808
10	0.00916	0.00669	0.00861	0.00820	0.00976	0.00613	0.00612	0.01210	0.01816	0.02545	0.65345	0.07607	0.10755	0.01394	0.00779	0.00210	0.00315	0.01229	0.00713	0.00613
11	0.02372	0.12354	0.02063	0.01625	0.01992	0.65316	0.01254	0.02547	0.01800	0.01603	0.01005	0.01171	0.00848	0.00664	0.00572	0.00166	0.01127	0.00415	0.00332	0.00773
12	0.00957	0.00638	0.00718	0.00718	0.00718	0.00638	0.00399	0.00957	0.00957	0.01276	0.02074	0.04308	0.02393	0.76864	0.03351	0.00638	0.00638	0.00957	0.00399	0.00399
13	0.01365	0.01170	0.01365	0.00975	0.01560	0.00878	0.00780	0.01658	0.01365	0.02145	0.01170	0.01365	0.00975	0.00488	0.00488	0.00098	0.00488	0.00390	0.00390	0.80888
14	0.00838	0.00611	0.00802	0.00920	0.00993	0.00556	0.00622	0.00963	0.01267	0.01710	0.03473	0.71694	0.04141	0.01963	0.00818	0.00257	0.00389	0.01778	0.00597	0.05609
15	0.00942	0.00701	0.01034	0.01034	0.01144	0.00810	0.00793	0.01160	0.01051	0.01511	0.01785	0.02706	0.01698	0.09941	0.69323	0.01029	0.01685	0.00723	0.00356	0.00575
16	0.02102	0.01353	0.01534	0.01300	0.01725	0.01459	0.01034	0.08030	0.45404	0.24535	0.02578	0.02330	0.01831	0.00862	0.00667	0.00215	0.00547	0.00709	0.00714	0.01071
17	0.01011	0.00665	0.00852	0.00867	0.01012	0.00603	0.00626	0.01217	0.01567	0.07519	0.29555	0.34125	0.14607	0.01644	0.00794	0.00234	0.00362	0.01457	0.00669	0.00615
18	0.03859	0.10914	0.18868	0.02332	0.03045	0.01739	0.45500	0.02082	0.01480	0.02063	0.01238	0.01587	0.00937	0.00573	0.00692	0.00209	0.01015	0.00652	0.00317	0.00896
19	0.01083	0.00799	0.01064	0.01184	0.01356	0.00807	0.01020	0.01488	0.06551	0.02013	0.03649	0.06993	0.08440	0.01742	0.00883	0.00292	0.00581	0.58812	0.00611	0.00634
20	0.00806	0.00576	0.00768	0.00914	0.00956	0.00538	0.00611	0.00928	0.01281	0.01713	0.05959	0.74011	0.04417	0.02038	0.00838	0.00265	0.00380	0.01848	0.00615	0.00538
21	0.01698	0.01444	0.01522	0.01352	0.01735	0.01666	0.01057	0.08163	0.66805	0.02851	0.02603	0.02395	0.01948	0.00886	0.00669	0.00222	0.00535	0.00734	0.00669	0.01047
22	0.04386	0.08810	0.02022	0.01456	0.01955	0.14258	0.01197	0.46269	0.02556	0.03313	0.01379	0.01438	0.01028	0.00725	0.00608	0.00181	0.00779	0.00522	0.00545	0.06572
23	0.01243	0.01170	0.01975	0.75282	0.04534	0.01463	0.01828	0.01682	0.01316	0.01682	0.01170	0.01755	0.00878	0.00658	0.00658	0.00219	0.00878	0.00585	0.00293	0.00731
24	0.01406	0.01389	0.01950	0.01682	0.01690	0.01933	0.01397	0.01556	0.01012	0.01580	0.00927	0.01520	0.00919	0.01416	0.07175	0.00342	0.70519	0.00585	0.00293	0.00711
25	0.00874	0.00663	0.00805	0.00785	0.00952	0.00594	0.00583	0.01125	0.01704	0.02298	0.46653	0.10826	0.26737	0.01501	0.00782	0.00216	0.00323	0.01305	0.00681	0.00594
26	0.00802	0.00589	0.00753	0.00880	0.00946	0.00540	0.00596	0.00929	0.01309	0.01718	0.05744	0.64872	0.13929	0.01990	0.00830	0.00260	0.00373	0.01787	0.00614	0.00540
27	0.00932	0.00673	0.00880	0.00828	0.00984	0.00621	0.00621	0.01242	0.01863	0.02640	0.72410	0.04918	0.06212	0.01346	0.00776	0.00207	0.00311	0.01191	0.00725	0.00621
28	0.48984	0.01210	0.01200	0.00992	0.01442	0.01266	0.00818	0.02462	0.01437	0.32046	0.01613	0.01554	0.01093	0.00695	0.00513	0.00204	0.00530	0.00483	0.00576	0.00882
29	0.81514	0.01273	0.00968	0.00866	0.01273	0.01477	0.00713	0.01935	0.01120	0.02954	0.00917	0.01069	0.00713	0.00611	0.00407	0.00204	0.00509	0.00356	0.00407	0.00713
30	0.81514	0.01273	0.00968	0.00866	0.01273	0.01477	0.00713	0.01935	0.01120	0.02954	0.00917	0.01069	0.00713	0.00611	0.00407	0.00204	0.00509	0.00356	0.00407	0.00713
31	0.81514	0.01273	0.00968	0.00866	0.01273	0.01477	0.00713	0.01935	0.01120	0.02954	0.00917	0.01069	0.00713	0.00611	0.00407	0.00204	0.00509	0.00356	0.00407	0.00713
32	0.81514	0.01273	0.00968	0.00866	0.01273	0.01477	0.00713	0.01935	0.01120	0.02954	0.00917	0.01069	0.00713	0.00611	0.00407	0.00204	0.00509	0.00356	0.00407	0.00713
33	0.02440	0.01620	0.01790	0.01389	0.01887	0.01733	0.01142	0.51698	0.04692	0.16388	0.02149	0.02055	0.06201	0.00859	0.00668	0.00201	0.00662	0.00665	0.00684	0.01078
34	0.02618	0.01659	0.01861	0.01427	0.01949	0.01767	0.01179	0.53357	0.02786	0.21791	0.01840	0.01749	0.01250	0.00797	0.00659	0.00199	0.00682	0.00610	0.00698	0.01120
35	0.01746	0.01786	0.02559	0.03711	0.62800	0.11794	0.01915	0.02106	0.01551	0.02075	0.01207	0.01567	0.01015	0.00599	0.00644	0.00192	0.00839	0.00564	0.00328	0.01003
36	0.01669	0.01430	0.01507	0.01346	0.01724	0.01652	0.01050	0.05981	0.69033	0.02806	0.02639	0.02424	0.01977	0.00889	0.00669	0.00222	0.00529	0.00739	0.00669	0.01045
37	0.81514	0.01273	0.00968	0.00866	0.01273	0.01477	0.00713	0.01935	0.01120	0.02954	0.00917	0.01069	0.00713	0.00611	0.00407	0.00204	0.00509	0.00356	0.00407	0.00713
38	0.00916	0.00672	0.00858	0.00811	0.00974	0.00614	0.00609	0.01211	0.01826	0.02550	0.65565	0.05065	0.13113	0.01379	0.00777	0.00209	0.00313	0.01211	0.00713	0.00614
39	0.02841	0.01092	0.01488	0.01158	0.01642	0.00945	0.00949	0.03088	0.01852	0.69461	0.02651	0.06132	0.01773	0.00880	0.00671	0.00207	0.00551	0.00725	0.00804	0.01090
40	0.02459	0.03138	0.01866	0.01696	0.02035	0.74221	0.01272	0.02629	0.01866	0.01611	0.01018	0.01187	0.00848	0.00678	0.00594	0.00170	0.01187	0.00424	0.00339	0.00763
41	0.81514	0.01273	0.00968	0.00866	0.01273	0.01477	0.00713	0.01935	0.01120	0.02954	0.00917	0.01069	0.00713	0.00611	0.00407	0.00204	0.00509	0.00356	0.00407	0.00713
42	0.00957	0.00638	0.00718	0.00718	0.00718	0.00638	0.00399	0.00957	0.00957	0.01276	0.02074	0.04308	0.02393	0.76864	0.03351	0.00638	0.00638	0.00957	0.00399	0.00399
43	0.01320	0.03405	0.73453	0.01876	0.02849	0.01529	0.02432	0.02085	0.01390	0.02085	0.01181	0.01390	0.00834	0.00625	0.00625	0.00208	0.00973	0.00486	0.00278	0.00973
44	0.00786	0.00667	0.00678	0.00675	0.00894	0.00559	0.00507	0.00960	0.01520	0.01824	0.10117	0.06261	0.69014	0.01650	0.00778	0.00222	0.00332	0.01379	0.00617	0.00559
45	0.00953	0.00656	0.00810	0.00810	0.00842	0.00688	0.00514	0.01016	0.00985	0.01345	0.01990	0.03842	0.02191	0.57390	0.22548	0.00752	0.00943	0.00889	0.00386	0.00450
46	0.01320	0.03405	0.73453	0.01876	0.02849	0.01529	0.02432	0.02085	0.01390	0.02085	0.01181	0.01390	0.00834	0.00625	0.00625	0.00208	0.00973	0.00486	0.00278	0.00973
47	0.00801	0.00595	0.00748	0.00865	0.00943	0.00542	0.00590	0.00932	0.01327	0.01730	0.06379	0.60361	0.17862	0.01962	0.00826	0.00257	0.00370	0.01755	0.00615	0.00542
48	0.01908	0.01345	0.01565	0.01300	0.01654	0.01479	0.01054	0.37231	0.02205	0.07981	0.01987	0.02482	0.04119	0.05584	0.18700	0.00437	0.03282	0.04224	0.00567	0.00895
49	0.01414	0.01381	0.01904	0.01645	0.01669	0.01900	0.01358	0.01646	0.04709	0.01632	0.01038	0.01643	0.01010	0.04085	0.04853	0.00327	0.66146	0.00604	0.00315	0.00720
50	0.02130	0.38043	0.02612	0.01428	0.01872	0.40496	0.01203	0.02319	0.01617	0.01582	0.00969	0.01125	0.00847	0.00624	0.00513	0.00156	0.00960	0.00390	0.00312	0.00802
51	0.81514	0.01273	0.00968	0.00866	0.01273	0.01477	0.00713	0.01935	0.01120	0.02954	0.00917	0.01069	0.00713	0.00611	0.00407	0.00204	0.00509	0.00356	0.00407	0.00713
52	0.01712	0.01834	0.13884	0.04282	0.20854	0.03347	0.05014	0.13275	0.15948	0.04077	0.03211	0.01870	0.01353	0.00775	0.00721	0.02973	0.00746	0.00624	0.02526	0.00975
53	0.01508	0.01451	0.02410	0.14373	0.23919	0.01632	0.12516	0.05466	0.03796	0.02024	0.01269	0.01731	0.01054	0.01068	0.06624	0.00290	0.17026	0.00629	0.00345	0.00868
54	0.00954	0.00650	0.00776	0.00776	0.00796	0.00670	0.00472	0.00995	0.00975	0.01320	0.02021	0.04013	0.02265	0.64539	0.15500	0.00710	0.00831	0.00914	0.00391	0.00431
55	0.01050	0.00747	0.00883	0.00830	0.01018	0.00716	0.00627	0.04937	0.04175	0.02526	0.43617	0.07131	0.15616	0.01298	0.00725	0.00204	0.00345	0.01120	0.11788	0.00647
56	0.02823	0.01091	0.01486	0.01149	0.01636	0.00945	0.00945	0.03081	0.01883	0.68653	0.07108	0.02414	0.01926	0.00849	0.00669	0.00204	0.00544	0.00696	0.00809	0.01088
57	0.01410	0.11629	0.55616	0.02029	0.09000	0.01662	0.05640	0.02067	0.01402	0.02030	0.01163	0.01392	0.00862	0.00611	0.00612	0.00200	0.00932	0.00495	0.00285	0.00960
58	0.01320	0.03405	0.73453	0.01876	0.02849	0.01529	0.02432	0.02085	0.01390	0.02085	0.01181	0.01390	0.00834	0.00625	0.00625	0.00208	0.00973	0.00486	0.00278	0.00973
59	0.00980	0.00686	0.00868	0.00814	0.00986	0.00624	0.00610	0.01259	0.01788	0.04872	0.58908	0.05006	0.15149	0.03531	0.00846	0.00221	0.00332	0.01194	0.00703	0.00623
60	0.01246	0.01074	0.01370	0.01240	0.01510	0.01149	0.06186	0.02096	0.27317	0.02269	0.11264	0.08957	0.16067	0.01281	0.00832	0.00238	0.04450	0.10067	0.00607	0.00782
61	0.01243	0.01170	0.01975	0.75282	0.04534	0.01463	0.01828	0.01682	0.01316	0.01682	0.01170	0.01755	0.00878	0.00658	0.00658	0.00219	0.00878	0.00585	0.00293	0.00731
62	0.01357	0.01319	0.01858	0.01617	0.01637	0.01819	0.01338	0.01517	0.01016	0.01575	0.01013	0.01630	0.00994	0.01779	0.14104	0.00416	0.63417	0.00598	0.00299	0.00698
63	0.01320	0.03405	0.73453	0.01876	0.02849	0.01529	0.02432	0.02085	0.01390	0.02085	0.01181	0.01390	0.00834	0.00625	0.00625	0.00208	0.00973	0.00486	0.00278	0.00973
64	0.01637	0.01414	0.01489	0.01340	0.01712	0.01637	0.01042	0.03498	0.71568	0.02754	0.02679	0.02456	0.02010	0.00893	0.00670	0.00223	0.00521	0.00744	0.00670	0.01042
65	0.81514	0.01273	0.00968	0.00866	0.01273	0.01477	0.00713	0.01935	0.01120	0.02954	0.00917	0.01069	0.00713	0.00611	0.00407	0.00204	0.00509	0.00356	0.00407	0.00713
66	0.12243	0.02997	0.01415	0.01058	0.01556	0.01150	0.00853	0.12136	0.01631	0.09035	0.01537	0.07958	0.01313	0.00718	0.00548	0.00152	0.00529	0.00569	0.00488	0.42114
67	0.02206	0.02313	0.01930	0.07442	0.08517	0.35177	0.01349	0.19914	0.10354	0.02447	0.01389	0.01521	0.01074	0.00723	0.00629	0.00189	0.00931	0.00532	0.00455	0.00910
68	0.01217	0.00736	0.00971	0.00877	0.01082	0.00670	0.00670	0.01520	0.01866	0.12594	0.62563	0.04540	0.05565	0.01271	0.00760	0.00207	0.00346	0.01116	0.00737	0.00692
69	0.00932	0.00673	0.00880	0.00828	0.00984	0.00621	0.00621	0.01242	0.01863	0.02640	0.72410	0.04918	0.06212	0.01346	0.00776	0.00207	0.00311	0.01191	0.00725	0.00621
70	0.01061	0.00758	0.01061	0.01212	0.01364	0.00758	0.01061	0.01364	0.01515	0.01970	0.03486	0.07426	0.03789	0.01819	0.00909	0.00303	0.00606	0.68326	0.00606	0.00606
71	0.02294	0.02845	0.01782	0.01626	0.01952	0.63897	0.01224	0.02590	0.06820	0.01688	0.01189	0.01376	0.00987	0.00990	0.05723	0.00235	0.01179	0.00467	0.00364	0.00771
72	0.01324	0.00796	0.00854	0.00812	0.00991	0.00825	0.00613	0.09421	0.03951	0.02435	0.02239	0.05304	0.01975	0.11472	0.00938	0.00243	0.00433	0.05878	0.48840	0.00654
73	0.02695	0.03920	0.01680	0.01249	0.01749	0.01312	0.01034	0.19709	0.05527	0.48601	0.02282	0.02053	0.01497	0.00803	0.00648	0.00200	0.00597	0.00637	0.02712	0.01094
74	0.01557	0.01119	0.01265	0.01114	0.01413	0.01196	0.00866	0.14038	0.23650	0.07003	0.23035	0.08671	0.03221	0.01082	0.00694	0.00210	0.00467	0.00919	0.07617	0.00860
75	0.01390	0.01206	0.01754	0.14537	0.13449	0.03182	0.03877	0.03742	0.03697	0.04229	0.01508	0.02311	0.01380	0.15610	0.12875	0.00433	0.13027	0.00683	0.00371	0.00738
76	0.02181	0.02300	0.01773	0.01534	0.01874	0.37416	0.01189	0.20112	0.06934	0.02402	0.05920	0.01754	0.01404	0.03622	0.00849	0.00209	0.06636	0.00571	0.00468	0.00849

[dist]
# distance from previous block
# <min> <max>
0	6

[block]
# block no. 1 follows, 33 sequences, length 29
# corresponding to MSA columns:
# 102-130
name=unknown_B
#
# <colnr> <probs for GDERKNQSTAVLIFYWHMCP>
#	G	D	E	R	K	N	Q	S	T	A	V	L	I	F	Y	W	H	M	C	P
0	0.05804	0.41025	0.06899	0.04451	0.01792	0.09566	0.01141	0.03606	0.01500	0.04417	0.06998	0.01897	0.07014	0.00749	0.00533	0.00170	0.00704	0.00543	0.00383	0.00809
1	0.43016	0.08892	0.11278	0.01470	0.06938	0.10851	0.05103	0.02063	0.01323	0.02430	0.01012	0.01207	0.00799	0.00612	0.00500	0.00195	0.00729	0.00423	0.00360	0.00800
2	0.01533	0.03848	0.02479	0.24612	0.40841	0.04013	0.04900	0.01917	0.01426	0.01941	0.01183	0.01629	0.00969	0.00642	0.00740	0.00207	0.05317	0.00581	0.00313	0.00910
3	0.01442	0.01435	0.02128	0.45566	0.19324	0.06935	0.01786	0.01817	0.01363	0.01771	0.01140	0.01649	0.00911	0.00699	0.00821	0.00218	0.09317	0.00572	0.00303	0.00802
4	0.05814	0.01199	0.01334	0.01192	0.01541	0.01279	0.00957	0.11477	0.27318	0.12409	0.03119	0.06009	0.11614	0.01132	0.00709	0.00229	0.00535	0.10576	0.00656	0.00900
5	0.00967	0.00654	0.00915	0.00946	0.00996	0.00699	0.00667	0.01019	0.01072	0.01477	0.03750	0.23020	0.02457	0.13112	0.24252	0.18598	0.03457	0.01037	0.00421	0.00485
6	0.00804	0.00588	0.00756	0.00882	0.00948	0.00540	0.00598	0.00932	0.01312	0.01727	0.06494	0.65066	0.12961	0.01987	0.00830	0.00260	0.00373	0.01786	0.00615	0.00540
7	0.01491	0.00810	0.01032	0.00922	0.01169	0.00758	0.00717	0.01864	0.05443	0.19390	0.38401	0.05960	0.04151	0.01151	0.00706	0.00204	0.00392	0.02996	0.11685	0.00758
8	0.02954	0.01120	0.01528	0.01171	0.01681	0.00968	0.00968	0.03208	0.01884	0.73213	0.02597	0.02241	0.01630	0.00815	0.00662	0.00204	0.00560	0.00662	0.00815	0.01120
9	0.81514	0.01273	0.00968	0.00866	0.01273	0.01477	0.00713	0.01935	0.01120	0.02954	0.00917	0.01069	0.00713	0.00611	0.00407	0.00204	0.00509	0.00356	0.00407	0.00713
10	0.01554	0.01776	0.03885	0.02775	0.03441	0.01665	0.70366	0.02109	0.01554	0.02109	0.01332	0.01776	0.00999	0.00555	0.00777	0.00222	0.01110	0.00777	0.00333	0.00888
11	0.01320	0.03405	0.73453	0.01876	0.02849	0.01529	0.02432	0.02085	0.01390	0.02085	0.01181	0.01390	0.00834	0.00625	0.00625	0.00208	0.00973	0.00486	0.00278	0.00973
12	0.16190	0.04432	0.01810	0.01360	0.01862	0.03615	0.01127	0.48225	0.02546	0.10283	0.01524	0.01526	0.01081	0.00751	0.00605	0.00196	0.00682	0.00546	0.00608	0.01031
13	0.01501	0.01545	0.01958	0.01689	0.01723	0.07758	0.01393	0.01654	0.01112	0.01629	0.03787	0.01561	0.01080	0.01122	0.01978	0.00275	0.66613	0.00589	0.00310	0.00720
14	0.01345	0.00728	0.00740	0.00697	0.00885	0.00746	0.00534	0.07936	0.01540	0.02612	0.02095	0.02373	0.01635	0.00769	0.00479	0.00157	0.00346	0.00612	0.73112	0.00661
15	0.01541	0.01738	0.03675	0.02657	0.03248	0.01704	0.62621	0.02050	0.01493	0.02050	0.01279	0.01738	0.00984	0.00622	0.00932	0.00229	0.09487	0.00754	0.00328	0.00869
16	0.00918	0.00679	0.00954	0.06994	0.01370	0.00679	0.00849	0.01118	0.01344	0.01771	0.03386	0.48924	0.03898	0.01873	0.00847	0.00275	0.00492	0.22472	0.00584	0.00573
17	0.00973	0.00916	0.06853	0.01092	0.01268	0.00863	0.00913	0.01229	0.01075	0.01550	0.01745	0.02650	0.01650	0.11261	0.61753	0.00951	0.01595	0.00711	0.00351	0.00601
18	0.01609	0.05165	0.07526	0.04353	0.11498	0.15713	0.01292	0.08969	0.01619	0.02060	0.08061	0.08070	0.01841	0.05890	0.06530	0.00298	0.07572	0.00727	0.00419	0.00787
19	0.00895	0.00664	0.00835	0.00808	0.00965	0.00603	0.00600	0.01166	0.01754	0.02417	0.55766	0.10913	0.17261	0.01458	0.00782	0.00214	0.00320	0.01279	0.00696	0.00603
20	0.05173	0.02312	0.06416	0.09889	0.02523	0.30659	0.11766	0.14948	0.03438	0.04811	0.01284	0.01483	0.00971	0.00682	0.00639	0.00194	0.00981	0.00543	0.00415	0.00873
21	0.01611	0.01257	0.01577	0.01280	0.01698	0.01238	0.06516	0.18834	0.09465	0.05560	0.07771	0.05278	0.09615	0.01004	0.00688	0.00199	0.00582	0.07914	0.00578	0.17336
22	0.01466	0.04922	0.10577	0.22492	0.23360	0.01492	0.01667	0.08256	0.04296	0.02194	0.05671	0.02200	0.07071	0.00770	0.00659	0.00205	0.00750	0.00669	0.00399	0.00884
23	0.00911	0.00708	0.00913	0.06829	0.01280	0.00674	0.00731	0.01166	0.01603	0.02126	0.31976	0.14460	0.23880	0.01523	0.00790	0.00230	0.00404	0.08565	0.00631	0.00599
24	0.08756	0.06257	0.08897	0.01418	0.07278	0.01184	0.05346	0.03228	0.03655	0.05778	0.31272	0.06317	0.03346	0.01018	0.00733	0.00208	0.03115	0.00871	0.00546	0.00777
25	0.01993	0.10035	0.02157	0.03946	0.04573	0.03964	0.07605	0.31524	0.12285	0.04968	0.04521	0.01875	0.01440	0.01007	0.04915	0.00247	0.00788	0.00632	0.00544	0.00980
26	0.04003	0.08655	0.24979	0.01390	0.01950	0.05612	0.01416	0.10276	0.03706	0.07564	0.08062	0.11685	0.01915	0.00912	0.00642	0.00201	0.00711	0.00742	0.00473	0.05106
27	0.06905	0.21858	0.26795	0.07495	0.06079	0.01726	0.01614	0.04679	0.01453	0.06626	0.01202	0.01383	0.00919	0.00615	0.00553	0.00180	0.00773	0.00462	0.00351	0.08333
28	0.08931	0.09452	0.11367	0.03794	0.07634	0.17768	0.02818	0.06814	0.04926	0.02235	0.11026	0.01905	0.01694	0.00873	0.02814	0.00213	0.00813	0.00584	0.00422	0.03917

[dist]
# distance from previous block
# <min> <max>
17	61

[block]
# block no. 2 follows, 33 sequences, length 14
# corresponding to MSA columns:
# 200-213
name=unknown_C
#
# <colnr> <probs for GDERKNQSTAVLIFYWHMCP>
#	G	D	E	R	K	N	Q	S	T	A	V	L	I	F	Y	W	H	M	C	P
0	0.05074	0.01911	0.04698	0.01530	0.05743	0.20683	0.02869	0.20135	0.02031	0.08626	0.05963	0.02193	0.07731	0.02944	0.00717	0.00202	0.00775	0.00650	0.00514	0.05013
1	0.06898	0.01782	0.04652	0.01642	0.09446	0.17306	0.01196	0.17499	0.04124	0.05817	0.01686	0.10249	0.01492	0.01316	0.08634	0.00291	0.00879	0.00696	0.00480	0.03914
2	0.07131	0.01805	0.01722	0.06599	0.11957	0.21802	0.01204	0.10458	0.01794	0.06665	0.07062	0.01933	0.04510	0.00750	0.00614	0.00180	0.00766	0.00586	0.00456	0.12007
3	0.03985	0.01506	0.01901	0.03542	0.13473	0.11358	0.11465	0.06547	0.04150	0.02211	0.08552	0.05460	0.11246	0.00932	0.00688	0.00201	0.00718	0.03704	0.00467	0.07894
4	0.01316	0.03943	0.06552	0.15133	0.11055	0.02825	0.02791	0.04418	0.03002	0.01941	0.01829	0.10617	0.01753	0.07954	0.05314	0.00305	0.05224	0.04849	0.08439	0.00739
5	0.01662	0.01644	0.02486	0.16942	0.48764	0.07800	0.04227	0.04794	0.01563	0.02097	0.01224	0.01618	0.00997	0.00615	0.00653	0.00199	0.00843	0.00579	0.00335	0.00959
6	0.03483	0.01256	0.01995	0.29141	0.17279	0.01384	0.07421	0.06257	0.01520	0.02101	0.04830	0.02352	0.08916	0.00807	0.00732	0.00212	0.03971	0.00710	0.04830	0.00803
7	0.00824	0.00618	0.00768	0.00865	0.00968	0.00562	0.00614	0.00980	0.01388	0.01801	0.09819	0.47916	0.22116	0.01887	0.00824	0.00253	0.00379	0.06246	0.00620	0.00552
8	0.01618	0.01490	0.02436	0.11718	0.24993	0.01591	0.14408	0.13554	0.01693	0.02326	0.01528	0.02016	0.03133	0.01001	0.05254	0.00267	0.06938	0.02733	0.00395	0.00908
9	0.00927	0.00632	0.00756	0.00784	0.00801	0.00635	0.00475	0.00968	0.01022	0.01373	0.02337	0.17599	0.02695	0.56758	0.08965	0.00605	0.00687	0.01106	0.00434	0.00440
10	0.01412	0.22597	0.15756	0.01475	0.05766	0.03443	0.05337	0.01958	0.09955	0.02002	0.08281	0.04821	0.11426	0.00907	0.00630	0.00196	0.00677	0.02095	0.00434	0.00832
11	0.00816	0.00653	0.00720	0.00748	0.00917	0.00570	0.00545	0.00982	0.01461	0.01816	0.11574	0.18544	0.48194	0.05883	0.00936	0.00255	0.00367	0.03859	0.00609	0.00551
12	0.01664	0.08183	0.02776	0.08219	0.43839	0.07554	0.11631	0.02039	0.01493	0.01997	0.01188	0.01567	0.00986	0.00612	0.00699	0.00197	0.03505	0.00580	0.00321	0.00948
13	0.01790	0.01181	0.01399	0.01079	0.01590	0.01028	0.00864	0.02359	0.14543	0.20125	0.02047	0.02003	0.04417	0.00696	0.00578	0.00153	0.00505	0.00567	0.00558	0.42518

[dist]
# distance from previous block
# <min> <max>
0	4

[block]
# block no. 3 follows, 33 sequences, length 9
# corresponding to MSA columns:
# 218-226
name=unknown_D
#
# <colnr> <probs for GDERKNQSTAVLIFYWHMCP>
#	G	D	E	R	K	N	Q	S	T	A	V	L	I	F	Y	W	H	M	C	P
0	0.09932	0.01449	0.02132	0.01631	0.02111	0.03208	0.21021	0.14300	0.05404	0.18322	0.05419	0.03985	0.01593	0.02634	0.00737	0.00219	0.00732	0.00715	0.03536	0.00922
1	0.01683	0.45636	0.05815	0.15195	0.02285	0.10292	0.01307	0.02015	0.03728	0.01690	0.04104	0.01428	0.01119	0.00641	0.00518	0.00167	0.00780	0.00459	0.00322	0.00817
2	0.02217	0.01883	0.01792	0.01554	0.05473	0.15401	0.01182	0.41964	0.04783	0.03287	0.05835	0.01814	0.01451	0.00794	0.00637	0.00190	0.00747	0.00604	0.07422	0.00972
3	0.01016	0.00811	0.00927	0.00873	0.01091	0.00792	0.00662	0.01573	0.14887	0.02388	0.38383	0.04904	0.26474	0.01363	0.00757	0.00215	0.00358	0.01170	0.00678	0.00680
4	0.01818	0.01652	0.03440	0.02472	0.03109	0.01533	0.57285	0.02316	0.01616	0.15511	0.01570	0.01863	0.01118	0.00604	0.00755	0.00219	0.01006	0.00755	0.00424	0.00932
5	0.16747	0.01414	0.01420	0.01261	0.01649	0.01632	0.00993	0.07326	0.54080	0.02877	0.02280	0.02141	0.01710	0.00834	0.00620	0.00218	0.00531	0.00662	0.00620	0.00985
6	0.01869	0.70296	0.03274	0.01131	0.01689	0.02455	0.01112	0.02084	0.01388	0.08103	0.01069	0.01164	0.00917	0.00586	0.00444	0.00147	0.00691	0.00380	0.00330	0.00870
7	0.00957	0.00638	0.00718	0.00718	0.00718	0.00638	0.00399	0.00957	0.00957	0.01276	0.02074	0.04308	0.02393	0.76864	0.03351	0.00638	0.00638	0.00957	0.00399	0.00399
8	0.17940	0.01246	0.01282	0.01111	0.01438	0.03239	0.02688	0.21884	0.05713	0.02881	0.02098	0.15139	0.03748	0.00997	0.00608	0.00205	0.00541	0.00807	0.15634	0.00802

[dist]
# distance from previous block
# <min> <max>
0	2

[block]
# block no. 4 follows, 33 sequences, length 34
# corresponding to MSA columns:
# 229-262
name=unknown_E
#
# <colnr> <probs for GDERKNQSTAVLIFYWHMCP>
#	G	D	E	R	K	N	Q	S	T	A	V	L	I	F	Y	W	H	M	C	P
0	0.13877	0.03285	0.09947	0.01765	0.14259	0.06053	0.01311	0.08378	0.09942	0.10089	0.04376	0.03699	0.01511	0.00783	0.00616	0.00200	0.00676	0.03154	0.00492	0.05587
1	0.01371	0.10366	0.64168	0.01839	0.02761	0.01636	0.04876	0.02075	0.01391	0.02035	0.01162	0.01373	0.00841	0.00617	0.00612	0.00203	0.00953	0.00485	0.00280	0.00958
2	0.01407	0.01195	0.01387	0.00995	0.01578	0.00920	0.00797	0.04175	0.01428	0.02218	0.01185	0.01373	0.00980	0.00499	0.00494	0.00101	0.00496	0.00397	0.00400	0.77975
3	0.00835	0.00594	0.00776	0.00893	0.00955	0.00564	0.00609	0.00972	0.01280	0.01731	0.06176	0.60338	0.07850	0.03969	0.05879	0.00321	0.00474	0.01671	0.03572	0.00542
4	0.01572	0.01720	0.03617	0.02608	0.03235	0.01630	0.62854	0.06039	0.01629	0.02206	0.01461	0.05493	0.01173	0.00644	0.00773	0.00223	0.01051	0.00821	0.00366	0.00884
5	0.01260	0.01188	0.02006	0.72109	0.07573	0.01467	0.01837	0.01697	0.01325	0.01703	0.01173	0.01750	0.00885	0.00655	0.00658	0.00218	0.00873	0.00585	0.00294	0.00745
6	0.00906	0.00672	0.00844	0.00801	0.00968	0.00610	0.00601	0.01193	0.01803	0.02496	0.61403	0.05155	0.17309	0.01400	0.00777	0.00210	0.00314	0.01224	0.00706	0.00610
7	0.01081	0.00736	0.00942	0.00869	0.01058	0.00690	0.00659	0.01461	0.05336	0.06735	0.63023	0.04678	0.07585	0.01301	0.00765	0.00208	0.00336	0.01143	0.00724	0.00669
8	0.01292	0.01209	0.01981	0.66116	0.08255	0.01480	0.01785	0.01826	0.06152	0.01783	0.01278	0.01796	0.00965	0.00670	0.00659	0.00218	0.00848	0.00596	0.00320	0.00771
9	0.00812	0.00658	0.00710	0.00716	0.00901	0.00568	0.00523	0.00987	0.01506	0.01873	0.16004	0.12436	0.52831	0.05411	0.00912	0.00245	0.00350	0.01382	0.00618	0.00556
10	0.13061	0.01808	0.01758	0.01415	0.01847	0.10014	0.01153	0.43375	0.02420	0.05417	0.01426	0.01513	0.01053	0.00781	0.00724	0.00200	0.06498	0.00543	0.04021	0.00972
11	0.06473	0.01237	0.01519	0.14837	0.02057	0.04204	0.01108	0.05757	0.01380	0.02022	0.01571	0.15326	0.01549	0.00968	0.00904	0.00202	0.14522	0.00746	0.00409	0.23209
12	0.02133	0.06441	0.01858	0.01521	0.01872	0.39762	0.02988	0.11324	0.09373	0.02159	0.01381	0.01528	0.01100	0.00741	0.00675	0.00183	0.04906	0.00513	0.08714	0.00829
13	0.74248	0.01323	0.01133	0.00973	0.01397	0.01514	0.03414	0.05589	0.01242	0.02985	0.00968	0.01124	0.00746	0.00618	0.00435	0.00204	0.00544	0.00385	0.00418	0.00741
14	0.03574	0.05378	0.05818	0.11342	0.35620	0.01673	0.12466	0.08459	0.03455	0.02268	0.01280	0.01627	0.01019	0.00631	0.00690	0.00204	0.02574	0.00599	0.00360	0.00962
15	0.00849	0.00616	0.00743	0.00821	0.00904	0.00570	0.00556	0.00972	0.01292	0.01694	0.06584	0.40740	0.19319	0.15639	0.01277	0.00321	0.00420	0.03448	0.02712	0.00522
16	0.01014	0.00731	0.01003	0.01146	0.01288	0.00720	0.00975	0.01287	0.01484	0.01925	0.03685	0.15534	0.07798	0.01839	0.00894	0.00294	0.00564	0.56617	0.00607	0.00595
17	0.02711	0.01067	0.01450	0.01130	0.01597	0.00926	0.00926	0.02972	0.01882	0.64734	0.10985	0.02562	0.02180	0.00879	0.00676	0.00204	0.00530	0.00726	0.00804	0.01060
18	0.01637	0.01414	0.01489	0.01340	0.01712	0.01637	0.01042	0.03498	0.71568	0.02754	0.02679	0.02456	0.02010	0.00893	0.00670	0.00223	0.00521	0.00744	0.00670	0.01042
19	0.78114	0.01267	0.00992	0.00879	0.01291	0.01455	0.00724	0.01990	0.01153	0.05994	0.00989	0.01120	0.00753	0.00620	0.00418	0.00204	0.00511	0.00370	0.00425	0.00731
20	0.81514	0.01273	0.00968	0.00866	0.01273	0.01477	0.00713	0.01935	0.01120	0.02954	0.00917	0.01069	0.00713	0.00611	0.00407	0.00204	0.00509	0.00356	0.00407	0.00713
21	0.01475	0.01259	0.01342	0.01234	0.01564	0.01421	0.00959	0.02989	0.56868	0.02582	0.05362	0.05180	0.09926	0.01063	0.00700	0.00227	0.00494	0.03752	0.00661	0.00944
22	0.01735	0.73022	0.07467	0.01169	0.01756	0.02543	0.01201	0.01978	0.01341	0.01580	0.00931	0.01075	0.00844	0.00567	0.00434	0.00145	0.00719	0.00360	0.00281	0.00852
23	0.78288	0.01279	0.00989	0.00885	0.01291	0.01483	0.00726	0.01998	0.03965	0.02946	0.00988	0.01125	0.00765	0.00622	0.00418	0.00204	0.00510	0.00372	0.00418	0.00726
24	0.01366	0.01262	0.01822	0.03733	0.10561	0.01566	0.03135	0.04112	0.01280	0.01877	0.07450	0.02256	0.05072	0.04675	0.06119	0.00318	0.39083	0.00702	0.02872	0.00738
25	0.00874	0.00653	0.00812	0.00810	0.00958	0.00591	0.00593	0.01116	0.01671	0.02272	0.45171	0.18636	0.20323	0.01550	0.00789	0.00222	0.00329	0.01362	0.00679	0.00591
26	0.01257	0.01184	0.01999	0.72772	0.06938	0.01466	0.01835	0.01694	0.01323	0.01699	0.01173	0.01751	0.00883	0.00656	0.00658	0.00219	0.00874	0.00585	0.00294	0.00742
27	0.00825	0.00611	0.00771	0.00852	0.00949	0.00557	0.00593	0.00990	0.01431	0.01901	0.18682	0.48522	0.17225	0.01839	0.00815	0.00246	0.00358	0.01640	0.00635	0.00557
28	0.01144	0.00572	0.00858	0.00858	0.00858	0.00572	0.00572	0.00858	0.00858	0.01144	0.01144	0.02001	0.01144	0.02287	0.02573	0.80846	0.00572	0.00572	0.00286	0.00286
29	0.01842	0.01790	0.02451	0.02777	0.32664	0.09961	0.10085	0.13174	0.09045	0.02427	0.01404	0.01662	0.01116	0.00696	0.00766	0.00205	0.05929	0.00608	0.00415	0.00982
30	0.00957	0.00638	0.00718	0.00718	0.00718	0.00638	0.00399	0.00957	0.00957	0.01276	0.02074	0.04308	0.02393	0.76864	0.03351	0.00638	0.00638	0.00957	0.00399	0.00399
31	0.01450	0.01167	0.01374	0.00986	0.01567	0.00882	0.00790	0.01740	0.01393	0.05922	0.01246	0.01412	0.01010	0.00505	0.00497	0.00103	0.00491	0.00404	0.00413	0.76649
32	0.01811	0.01557	0.02540	0.07237	0.13492	0.01595	0.22485	0.16093	0.04960	0.08061	0.04132	0.01856	0.01302	0.00708	0.00771	0.00208	0.04854	0.00670	0.00463	0.05206
33	0.01064	0.00736	0.01059	0.01131	0.01276	0.00705	0.03511	0.01292	0.01429	0.05635	0.03501	0.35864	0.05649	0.01815	0.00859	0.00278	0.00522	0.32454	0.00609	0.00613

[dist]
# distance from previous block
# <min> <max>
0	17

[block]
# block no. 5 follows, 33 sequences, length 42
# corresponding to MSA columns:
# 280-321
name=unknown_F
#
# <colnr> <probs for GDERKNQSTAVLIFYWHMCP>
#	G	D	E	R	K	N	Q	S	T	A	V	L	I	F	Y	W	H	M	C	P
0	0.01573	0.04497	0.05332	0.02059	0.16083	0.04321	0.09781	0.05965	0.21480	0.02301	0.04220	0.04739	0.05846	0.00877	0.00820	0.00217	0.07753	0.00745	0.00475	0.00916
1	0.01305	0.01159	0.01802	0.02196	0.27273	0.01091	0.05665	0.03546	0.01450	0.02042	0.02194	0.25591	0.03985	0.01099	0.00700	0.00206	0.00606	0.02619	0.00452	0.15021
2	0.03166	0.00893	0.01167	0.05306	0.05698	0.00915	0.00870	0.06227	0.03895	0.07554	0.09317	0.32704	0.09887	0.03683	0.03051	0.00272	0.02863	0.01256	0.00579	0.00697
3	0.04010	0.01177	0.01565	0.03559	0.04610	0.01398	0.01116	0.05227	0.05673	0.11479	0.06662	0.07359	0.05926	0.03630	0.06619	0.00315	0.27625	0.00789	0.00483	0.00779
4	0.01610	0.46567	0.06539	0.01271	0.01761	0.06855	0.05652	0.01946	0.04291	0.01823	0.11008	0.04931	0.01791	0.00759	0.00544	0.00169	0.00702	0.00588	0.00379	0.00813
5	0.00792	0.00611	0.00725	0.00815	0.00928	0.00543	0.00566	0.00928	0.01358	0.01720	0.04860	0.48033	0.31960	0.01902	0.00815	0.00249	0.00362	0.01676	0.00611	0.00543
6	0.01890	0.08823	0.08348	0.05256	0.27582	0.05787	0.05476	0.07788	0.01698	0.13743	0.03928	0.01927	0.01347	0.00711	0.00646	0.00198	0.00775	0.02659	0.00446	0.00972
7	0.10593	0.01284	0.01565	0.01313	0.04879	0.04230	0.01020	0.06997	0.01863	0.55939	0.02243	0.02014	0.01449	0.00777	0.00633	0.00202	0.00602	0.00614	0.00723	0.01061
8	0.01440	0.01440	0.02016	0.01728	0.01728	0.02016	0.01440	0.01584	0.01008	0.01584	0.00864	0.01440	0.00864	0.01152	0.02160	0.00288	0.75659	0.00576	0.00288	0.00720
9	0.06348	0.04660	0.08016	0.01458	0.01953	0.01793	0.03514	0.25647	0.33600	0.03106	0.01971	0.01917	0.01459	0.00796	0.00642	0.00209	0.00654	0.00636	0.00591	0.01031
10	0.01638	0.01604	0.02679	0.05951	0.66096	0.03545	0.04751	0.02031	0.01506	0.02121	0.01234	0.01627	0.01031	0.00590	0.00655	0.00197	0.00809	0.00590	0.00326	0.01020
11	0.01320	0.03405	0.73453	0.01876	0.02849	0.01529	0.02432	0.02085	0.01390	0.02085	0.01181	0.01390	0.00834	0.00625	0.00625	0.00208	0.00973	0.00486	0.00278	0.00973
12	0.00798	0.00653	0.00705	0.00723	0.00910	0.00559	0.00530	0.00972	0.01501	0.01853	0.13091	0.17291	0.54737	0.01696	0.00788	0.00228	0.00339	0.01445	0.00623	0.00559
13	0.01760	0.77260	0.03450	0.01126	0.01690	0.02605	0.01126	0.01971	0.01338	0.01549	0.00915	0.01056	0.00845	0.00563	0.00422	0.00141	0.00704	0.00352	0.00282	0.00845
14	0.01760	0.77260	0.03450	0.01126	0.01690	0.02605	0.01126	0.01971	0.01338	0.01549	0.00915	0.01056	0.00845	0.00563	0.00422	0.00141	0.00704	0.00352	0.00282	0.00845
15	0.00822	0.00632	0.00756	0.00826	0.00957	0.00566	0.00595	0.00990	0.01436	0.01840	0.12188	0.36660	0.31649	0.01814	0.00813	0.00245	0.00369	0.05662	0.00623	0.00557
16	0.01819	0.69400	0.03272	0.01155	0.01691	0.02480	0.01130	0.02030	0.01357	0.05908	0.01015	0.01144	0.00893	0.00604	0.00511	0.00151	0.03889	0.00380	0.00314	0.00856
17	0.00919	0.00639	0.00713	0.00722	0.00760	0.00619	0.00428	0.00953	0.01064	0.01382	0.02912	0.09022	0.13851	0.60152	0.02782	0.00548	0.00573	0.01083	0.00446	0.00433
18	0.02365	0.01763	0.01826	0.01426	0.01905	0.04716	0.01168	0.60526	0.02864	0.03869	0.01619	0.01659	0.01170	0.00783	0.00635	0.00192	0.00698	0.00588	0.09178	0.01052
19	0.01364	0.01206	0.01534	0.01113	0.01670	0.00964	0.05309	0.01664	0.01367	0.02111	0.01323	0.01534	0.02976	0.00551	0.00580	0.00117	0.03468	0.00450	0.00389	0.70312
20	0.01610	0.46927	0.02659	0.04076	0.03857	0.04430	0.03309	0.03689	0.01375	0.01739	0.01228	0.01593	0.01103	0.05475	0.06065	0.00249	0.00776	0.00480	0.08575	0.00783
21	0.18652	0.12342	0.08786	0.01418	0.04178	0.01900	0.01238	0.36094	0.02178	0.03230	0.01316	0.01408	0.00982	0.00698	0.00565	0.00191	0.00691	0.00500	0.02665	0.00967
22	0.04181	0.03996	0.02317	0.05888	0.35890	0.15900	0.04264	0.06840	0.06189	0.06236	0.01370	0.01606	0.01081	0.00653	0.00634	0.00194	0.00835	0.00563	0.00400	0.00963
23	0.01224	0.01068	0.01448	0.01301	0.01501	0.04824	0.08533	0.03873	0.09133	0.01833	0.02238	0.18428	0.04108	0.04831	0.22978	0.05397	0.05197	0.00964	0.00453	0.00669
24	0.00825	0.00618	0.00766	0.00836	0.00945	0.00559	0.00586	0.00995	0.01452	0.01916	0.19505	0.43539	0.21443	0.01808	0.00811	0.00243	0.00354	0.01604	0.00636	0.00559
25	0.01440	0.00791	0.01008	0.00886	0.01150	0.00700	0.00688	0.01706	0.01792	0.21342	0.39848	0.04501	0.18980	0.01272	0.00746	0.00209	0.00382	0.01091	0.00725	0.00741
26	0.02244	0.01715	0.01830	0.01462	0.01943	0.01921	0.01189	0.50502	0.23577	0.03732	0.01909	0.01842	0.01386	0.00821	0.00662	0.00205	0.00664	0.00638	0.00662	0.01096
27	0.00811	0.00668	0.00712	0.00701	0.00909	0.00570	0.00526	0.01008	0.01578	0.01962	0.20645	0.06034	0.58400	0.01599	0.00778	0.00219	0.00329	0.01347	0.00635	0.00570
28	0.06345	0.01364	0.01649	0.01270	0.01780	0.01342	0.01049	0.25208	0.02246	0.47431	0.02189	0.01972	0.01421	0.00798	0.00649	0.00202	0.00612	0.00626	0.00745	0.01102
29	0.01629	0.01564	0.02672	0.04041	0.72757	0.01564	0.02020	0.02020	0.01499	0.02151	0.01238	0.01629	0.01043	0.00587	0.00652	0.00196	0.00782	0.00587	0.00326	0.01043
30	0.01760	0.77260	0.03450	0.01126	0.01690	0.02605	0.01126	0.01971	0.01338	0.01549	0.00915	0.01056	0.00845	0.00563	0.00422	0.00141	0.00704	0.00352	0.00282	0.00845
31	0.70193	0.01298	0.01089	0.03105	0.01438	0.01486	0.00793	0.06328	0.01290	0.06546	0.01051	0.01181	0.00790	0.00634	0.00444	0.00204	0.00536	0.00394	0.00441	0.00760
32	0.01316	0.01095	0.01869	0.04932	0.19721	0.01059	0.12706	0.01599	0.01427	0.06953	0.04350	0.30022	0.04504	0.04280	0.00860	0.00247	0.00644	0.01158	0.00489	0.00769
33	0.24273	0.01089	0.01264	0.01041	0.01463	0.01052	0.00843	0.02569	0.01594	0.44175	0.02220	0.09243	0.01648	0.00880	0.00602	0.00208	0.00519	0.00695	0.03691	0.00931
34	0.00975	0.00686	0.00772	0.00772	0.00923	0.00631	0.00545	0.03031	0.01439	0.03808	0.11376	0.18183	0.30460	0.15417	0.01230	0.00299	0.00411	0.01272	0.07206	0.00566
35	0.00839	0.00637	0.00775	0.00823	0.00956	0.00573	0.00594	0.01031	0.01512	0.01987	0.23644	0.31989	0.26515	0.01730	0.00805	0.00238	0.00354	0.03787	0.00642	0.00568
36	0.01144	0.00572	0.00858	0.00858	0.00858	0.00572	0.00572	0.00858	0.00858	0.01144	0.01144	0.02001	0.01144	0.02287	0.02573	0.80846	0.00572	0.00572	0.00286	0.00286
37	0.04683	0.40883	0.02672	0.01340	0.01834	0.20511	0.01175	0.15973	0.01818	0.02135	0.01075	0.01195	0.00897	0.00640	0.00513	0.00162	0.00824	0.00419	0.00376	0.00875
38	0.01285	0.00872	0.01020	0.00946	0.01183	0.00872	0.00722	0.04371	0.13940	0.08773	0.23381	0.11575	0.15361	0.01419	0.03684	0.00248	0.00455	0.01075	0.08082	0.00737
39	0.02060	0.03943	0.04312	0.05050	0.15057	0.18728	0.01349	0.12444	0.10932	0.11962	0.04123	0.01947	0.03628	0.00772	0.00644	0.00196	0.00784	0.00615	0.00506	0.00948
40	0.05538	0.05844	0.01862	0.01691	0.11146	0.07200	0.01200	0.22163	0.20066	0.04921	0.01792	0.04753	0.01420	0.00790	0.00626	0.00194	0.00668	0.00633	0.00544	0.06948
41	0.64445	0.05093	0.02944	0.00958	0.01370	0.01505	0.00816	0.06222	0.01281	0.02850	0.01166	0.04700	0.01007	0.00723	0.00464	0.00206	0.00541	0.02537	0.00429	0.00740

[dist]
# distance from previous block
# <min> <max>
0	1

[block]
# block no. 6 follows, 33 sequences, length 22
# corresponding to MSA columns:
# 325-346
name=unknown_G
#
# <colnr> <probs for GDERKNQSTAVLIFYWHMCP>
#	G	D	E	R	K	N	Q	S	T	A	V	L	I	F	Y	W	H	M	C	P
0	0.01872	0.01520	0.02306	0.05413	0.41548	0.01539	0.03650	0.12537	0.06371	0.10043	0.01526	0.01735	0.01170	0.00658	0.00650	0.00195	0.00729	0.00600	0.00453	0.05484
1	0.01448	0.01856	0.17480	0.06841	0.29094	0.01417	0.13095	0.01918	0.01443	0.02076	0.01363	0.05787	0.01159	0.00663	0.00656	0.00195	0.00820	0.00643	0.00340	0.11706
2	0.01477	0.07468	0.03856	0.01387	0.01726	0.04875	0.10328	0.11324	0.06578	0.03759	0.05630	0.14502	0.12300	0.03286	0.02750	0.00253	0.06257	0.00957	0.00508	0.00780
3	0.03977	0.01302	0.01981	0.15881	0.23948	0.03060	0.05243	0.05203	0.01474	0.02065	0.07111	0.07942	0.01784	0.04283	0.03109	0.00263	0.07910	0.02255	0.00400	0.00809
4	0.01561	0.09128	0.21263	0.08352	0.27957	0.04879	0.07398	0.02161	0.07164	0.02063	0.01303	0.01582	0.01023	0.00627	0.00633	0.00199	0.00855	0.00559	0.00336	0.00957
5	0.00802	0.00573	0.00764	0.00917	0.00955	0.00535	0.00611	0.00917	0.01260	0.01681	0.03628	0.76434	0.04354	0.02062	0.00840	0.00267	0.00382	0.01872	0.00611	0.00535
6	0.01696	0.01558	0.01753	0.01718	0.10125	0.07546	0.04689	0.08231	0.42271	0.02611	0.05205	0.02448	0.05455	0.00872	0.00676	0.00213	0.00635	0.00740	0.00583	0.00976
7	0.01155	0.00577	0.00825	0.00825	0.00845	0.00577	0.00557	0.00949	0.00928	0.01320	0.01279	0.02062	0.01217	0.02082	0.02288	0.69983	0.00536	0.00577	0.11088	0.00330
8	0.01903	0.04009	0.05189	0.01854	0.12021	0.10856	0.06627	0.14243	0.15748	0.07232	0.01823	0.01889	0.03724	0.00735	0.00638	0.00190	0.00742	0.00614	0.00500	0.09463
9	0.01341	0.01371	0.07234	0.01263	0.01740	0.01148	0.06563	0.01900	0.12016	0.02157	0.05508	0.02256	0.07546	0.02804	0.00793	0.00181	0.06304	0.00638	0.00447	0.36789
10	0.01578	0.01303	0.01478	0.01095	0.01653	0.01134	0.00880	0.13405	0.07207	0.02531	0.01359	0.01488	0.01081	0.00571	0.00531	0.00124	0.00530	0.00452	0.00457	0.61145
11	0.01764	0.12676	0.35578	0.01641	0.02298	0.14675	0.01770	0.02299	0.04597	0.08790	0.01295	0.01443	0.00969	0.00698	0.00720	0.00199	0.06820	0.00493	0.00359	0.00916
12	0.57777	0.07343	0.01326	0.01035	0.01446	0.11519	0.00847	0.02159	0.05283	0.04665	0.01079	0.01197	0.00842	0.00639	0.00456	0.00195	0.00619	0.00396	0.00415	0.00760
13	0.10624	0.01426	0.04681	0.01255	0.01663	0.05331	0.04929	0.16453	0.07800	0.13447	0.09181	0.06089	0.07157	0.00936	0.00650	0.00205	0.00603	0.00768	0.05926	0.00876
14	0.01544	0.01477	0.02517	0.19843	0.57624	0.01542	0.01978	0.01945	0.01458	0.02047	0.01223	0.01657	0.01006	0.00602	0.00653	0.00201	0.00803	0.00586	0.00318	0.00974
15	0.01099	0.00821	0.01151	0.01104	0.01263	0.00947	0.00866	0.08221	0.01265	0.01794	0.01745	0.02484	0.01592	0.04516	0.66783	0.00971	0.01658	0.00694	0.00384	0.00642
16	0.00856	0.00615	0.00805	0.00931	0.00999	0.00580	0.00659	0.01001	0.01313	0.01736	0.06068	0.54428	0.08087	0.07106	0.01017	0.00294	0.00429	0.11937	0.00600	0.00541
17	0.00949	0.00673	0.00894	0.00905	0.00968	0.00727	0.00633	0.01076	0.01036	0.01435	0.02029	0.05749	0.02153	0.37572	0.36781	0.00813	0.01163	0.03553	0.00392	0.00501
18	0.01577	0.01511	0.02578	0.13632	0.63572	0.01551	0.01995	0.01975	0.01474	0.02088	0.01229	0.01646	0.01021	0.00596	0.00653	0.00199	0.00795	0.00586	0.00321	0.01001
19	0.01243	0.01170	0.01975	0.75282	0.04534	0.01463	0.01828	0.01682	0.01316	0.01682	0.01170	0.01755	0.00878	0.00658	0.00658	0.00219	0.00878	0.00585	0.00293	0.00731
20	0.01318	0.00683	0.00714	0.00691	0.00866	0.00684	0.00522	0.04615	0.01467	0.04910	0.02226	0.06803	0.01819	0.00847	0.00498	0.00164	0.00338	0.00689	0.69497	0.00649
21	0.01243	0.01170	0.01975	0.75282	0.04534	0.01463	0.01828	0.01682	0.01316	0.01682	0.01170	0.01755	0.00878	0.00658	0.00658	0.00219	0.00878	0.00585	0.00293	0.00731

[dist]
# distance from previous block
# <min> <max>
0	10

[block]
# block no. 7 follows, 33 sequences, length 13
# corresponding to MSA columns:
# 357-369
name=unknown_H
#
# <colnr> <probs for GDERKNQSTAVLIFYWHMCP>
#	G	D	E	R	K	N	Q	S	T	A	V	L	I	F	Y	W	H	M	C	P
0	0.08855	0.23750	0.02240	0.11022	0.10061	0.06587	0.01248	0.12140	0.07063	0.02260	0.01719	0.01859	0.07135	0.00744	0.00573	0.00186	0.00706	0.00568	0.00417	0.00867
1	0.06187	0.01473	0.02035	0.08115	0.31757	0.06041	0.03517	0.06049	0.01584	0.05110	0.05958	0.01881	0.01404	0.03494	0.00724	0.00200	0.00718	0.00596	0.00407	0.12751
2	0.01603	0.04066	0.01665	0.01308	0.01648	0.01385	0.06896	0.17062	0.10458	0.04296	0.01948	0.02226	0.04350	0.03188	0.13273	0.00352	0.06425	0.00669	0.11371	0.05811
3	0.01569	0.07221	0.02449	0.37501	0.03464	0.01615	0.16478	0.04551	0.04055	0.07966	0.01359	0.01747	0.01015	0.00686	0.00760	0.00216	0.05523	0.00621	0.00372	0.00832
4	0.00819	0.00592	0.00778	0.00921	0.00979	0.00552	0.00635	0.00950	0.01295	0.01708	0.03824	0.66813	0.08930	0.02018	0.00841	0.00267	0.00394	0.06531	0.00611	0.00541
5	0.00956	0.00646	0.00755	0.00755	0.00768	0.00659	0.00445	0.00981	0.00968	0.01304	0.02040	0.04119	0.02311	0.68970	0.11133	0.00684	0.00762	0.00930	0.00394	0.00420
