[name]
unknown

[dist]
# distance from previous block
# <min> <max>
16	247

[block]
# block no. 0 follows, 31 sequences, length 27
# corresponding to MSA columns:
# 327-353
name=unknown_A
#
# <colnr> <probs for GDERKNQSTAVLIFYWHMCP>
#	G	D	E	R	K	N	Q	S	T	A	V	L	I	F	Y	W	H	M	C	P
0	0.08955	0.08360	0.27290	0.01521	0.02184	0.03447	0.04766	0.07053	0.03550	0.09344	0.06513	0.04138	0.01532	0.00769	0.00632	0.00201	0.00769	0.00617	0.00456	0.07904
1	0.11032	0.01722	0.08243	0.03745	0.09987	0.08063	0.01298	0.09752	0.05858	0.21686	0.01951	0.04546	0.02986	0.00809	0.00646	0.00205	0.00712	0.00645	0.00563	0.05549
2	0.04044	0.07428	0.17806	0.05798	0.10557	0.18307	0.10350	0.04413	0.05417	0.02112	0.01460	0.01731	0.02940	0.02245	0.00710	0.00211	0.00951	0.00585	0.00371	0.02564
3	0.09286	0.01719	0.17874	0.01249	0.01862	0.01157	0.01228	0.04843	0.01614	0.13194	0.08675	0.02080	0.03841	0.00746	0.00607	0.00176	0.00624	0.00594	0.00502	0.28129
4	0.04058	0.02246	0.28689	0.14693	0.14587	0.01577	0.05840	0.09406	0.01675	0.04430	0.03131	0.01860	0.03346	0.00721	0.00676	0.00216	0.00876	0.00618	0.00389	0.00965
5	0.01364	0.01249	0.02047	0.19012	0.34563	0.01327	0.01629	0.01702	0.01455	0.02012	0.04872	0.19037	0.02072	0.01039	0.00787	0.00230	0.03383	0.00947	0.00416	0.00857
6	0.01606	0.01411	0.01664	0.18357	0.02461	0.01659	0.01273	0.03196	0.54380	0.02603	0.02420	0.02383	0.01815	0.00871	0.00693	0.00231	0.00628	0.00735	0.00605	0.01008
7	0.02062	0.01148	0.01467	0.01201	0.01518	0.01214	0.00980	0.05874	0.01629	0.27682	0.01970	0.02076	0.01436	0.00884	0.00979	0.00208	0.17760	0.00625	0.21365	0.07924
8	0.19435	0.00765	0.00843	0.00940	0.01069	0.00783	0.00660	0.01199	0.01276	0.02054	0.03115	0.58201	0.03645	0.01792	0.00769	0.00262	0.00428	0.01579	0.00586	0.00599
9	0.01372	0.01026	0.01323	0.01203	0.01410	0.01172	0.00943	0.17080	0.01582	0.02203	0.01786	0.02552	0.01621	0.09667	0.48669	0.00833	0.03667	0.00723	0.00442	0.00728
10	0.01746	0.44012	0.10879	0.01270	0.01895	0.05953	0.01256	0.04302	0.01494	0.01913	0.01074	0.01238	0.00918	0.00589	0.00497	0.00148	0.00739	0.00404	0.00335	0.19338
11	0.01018	0.00773	0.01063	0.17920	0.01738	0.00832	0.00822	0.01158	0.01171	0.01543	0.02393	0.23908	0.02696	0.37612	0.02095	0.00453	0.00646	0.01173	0.00451	0.00535
12	0.01544	0.01490	0.01968	0.01702	0.01792	0.02004	0.01400	0.02109	0.17195	0.01929	0.01337	0.01742	0.01175	0.01135	0.01885	0.00284	0.57450	0.00639	0.00392	0.00826
13	0.01577	0.01117	0.05467	0.01304	0.03787	0.00938	0.06626	0.01985	0.04316	0.18755	0.37587	0.07170	0.04156	0.01153	0.00765	0.00219	0.00519	0.01029	0.00694	0.00836
14	0.04009	0.05249	0.23339	0.04357	0.20229	0.01634	0.21032	0.02231	0.01550	0.07811	0.01385	0.01676	0.01034	0.00633	0.00690	0.00214	0.00939	0.00624	0.00367	0.00997
15	0.01985	0.02309	0.02044	0.07693	0.08935	0.37364	0.03266	0.02217	0.01587	0.01735	0.01136	0.01525	0.00984	0.01186	0.07408	0.00292	0.16663	0.00539	0.00337	0.00797
16	0.38500	0.01718	0.04415	0.05891	0.02377	0.06971	0.22641	0.03938	0.01438	0.02578	0.01138	0.01430	0.00875	0.00645	0.00638	0.00218	0.02832	0.00545	0.00386	0.00824
17	0.62324	0.01298	0.01102	0.00926	0.01392	0.01390	0.00757	0.01944	0.01223	0.02874	0.01014	0.01183	0.00804	0.00605	0.00443	0.00186	0.00524	0.00379	0.00419	0.19213
18	0.01493	0.01386	0.02316	0.03444	0.55241	0.01377	0.01759	0.01833	0.01500	0.02121	0.01865	0.18867	0.01884	0.00966	0.00723	0.00221	0.00716	0.00920	0.00408	0.00961
19	0.01005	0.00817	0.01139	0.18014	0.01939	0.00845	0.01007	0.01276	0.01494	0.01911	0.08575	0.19408	0.21695	0.01584	0.00824	0.00258	0.00552	0.16459	0.00565	0.00632
20	0.00924	0.00675	0.00868	0.00868	0.01007	0.00619	0.00633	0.01187	0.01760	0.02438	0.50350	0.21609	0.11312	0.01599	0.00822	0.00231	0.00342	0.01419	0.00716	0.00619
21	0.02096	0.18812	0.02164	0.01435	0.01906	0.38620	0.01154	0.02315	0.01681	0.01807	0.01076	0.01253	0.00915	0.00626	0.00549	0.00150	0.00931	0.00415	0.00353	0.21744
22	0.01060	0.00657	0.00721	0.00721	0.00758	0.00657	0.00429	0.01134	0.01097	0.01611	0.02173	0.04029	0.02317	0.58471	0.02783	0.00546	0.00583	0.00912	0.18873	0.00466
23	0.36412	0.01285	0.01352	0.01096	0.01572	0.01323	0.00903	0.08610	0.01714	0.34462	0.01841	0.01750	0.01238	0.00752	0.00568	0.00210	0.00567	0.00544	0.02833	0.00968
24	0.62324	0.01298	0.01102	0.00926	0.01392	0.01390	0.00757	0.01944	0.01223	0.02874	0.01014	0.01183	0.00804	0.00605	0.00443	0.00186	0.00524	0.00379	0.00419	0.19213
25	0.01514	0.00788	0.01091	0.01005	0.01169	0.00791	0.00738	0.01591	0.01231	0.17863	0.01961	0.02855	0.01758	0.18753	0.25787	0.18238	0.01017	0.00748	0.00473	0.00628
26	0.01200	0.00871	0.01225	0.18065	0.01971	0.00929	0.00999	0.04486	0.03587	0.05047	0.04621	0.33131	0.05414	0.04116	0.01045	0.06939	0.00579	0.04580	0.00539	0.00655

[dist]
# distance from previous block
# <min> <max>
0	4

[block]
# block no. 1 follows, 31 sequences, length 6
# corresponding to MSA columns:
# 358-363
name=unknown_B
#
# <colnr> <probs for GDERKNQSTAVLIFYWHMCP>
#	G	D	E	R	K	N	Q	S	T	A	V	L	I	F	Y	W	H	M	C	P
0	0.00880	0.00632	0.00836	0.00921	0.01003	0.00587	0.00639	0.01071	0.01528	0.02094	0.27313	0.50977	0.05198	0.01884	0.00850	0.00256	0.00371	0.01698	0.00676	0.00587
1	0.01375	0.01216	0.01639	0.26557	0.02698	0.01124	0.01190	0.01731	0.01401	0.02062	0.01216	0.01560	0.00978	0.00568	0.00568	0.00145	0.00648	0.00476	0.00370	0.52477
2	0.28758	0.00903	0.00919	0.00878	0.01118	0.00940	0.00671	0.01481	0.01565	0.02678	0.34495	0.13073	0.07643	0.01248	0.00682	0.00223	0.00406	0.01039	0.00616	0.00663
3	0.01316	0.01411	0.02482	0.01895	0.02352	0.05010	0.35780	0.01692	0.01586	0.02006	0.03505	0.09798	0.25854	0.01121	0.00803	0.00232	0.00811	0.01108	0.00472	0.00764
4	0.01131	0.00901	0.01211	0.01069	0.01361	0.00875	0.00840	0.01396	0.01211	0.01812	0.01618	0.02245	0.01467	0.03520	0.47897	0.00752	0.01370	0.00619	0.00380	0.28325
5	0.05544	0.07743	0.01738	0.05047	0.05997	0.04115	0.03642	0.16636	0.04992	0.05154	0.04156	0.27475	0.02460	0.01240	0.00722	0.00228	0.00633	0.01072	0.00564	0.00841

[dist]
# distance from previous block
# <min> <max>
0	1

[block]
# block no. 2 follows, 31 sequences, length 12
# corresponding to MSA columns:
# 365-376
name=unknown_C
#
# <colnr> <probs for GDERKNQSTAVLIFYWHMCP>
#	G	D	E	R	K	N	Q	S	T	A	V	L	I	F	Y	W	H	M	C	P
0	0.01412	0.10595	0.17408	0.01901	0.02450	0.01544	0.23578	0.01947	0.04959	0.02047	0.01959	0.14199	0.01879	0.01015	0.00800	0.00236	0.03455	0.07346	0.00418	0.00850
1	0.18240	0.01614	0.01721	0.01354	0.01866	0.01743	0.01115	0.38663	0.05512	0.18792	0.01786	0.01727	0.01236	0.00794	0.00634	0.00209	0.00662	0.00590	0.00668	0.01076
2	0.00832	0.00694	0.00726	0.00718	0.00939	0.00588	0.00538	0.01028	0.01615	0.01981	0.16482	0.06366	0.61777	0.01683	0.00808	0.00229	0.00343	0.01413	0.00653	0.00588
3	0.05882	0.01171	0.01383	0.01124	0.01550	0.01126	0.00909	0.14000	0.04791	0.33175	0.08276	0.03350	0.18137	0.01081	0.00712	0.00216	0.00534	0.00879	0.00737	0.00968
4	0.02325	0.04888	0.01826	0.01580	0.08551	0.05957	0.03490	0.07401	0.08176	0.33912	0.09409	0.02561	0.05036	0.00893	0.00693	0.00209	0.00646	0.00745	0.00678	0.01025
5	0.02601	0.01916	0.02053	0.01574	0.02122	0.02122	0.01300	0.69408	0.03217	0.04312	0.01643	0.01643	0.01163	0.00821	0.00684	0.00205	0.00753	0.00616	0.00684	0.01163
6	0.01497	0.01497	0.02095	0.01796	0.01796	0.02095	0.01497	0.01646	0.01048	0.01646	0.00898	0.01497	0.00898	0.01197	0.02245	0.00299	0.74704	0.00599	0.00299	0.00748
7	0.01020	0.00875	0.01416	0.01302	0.01465	0.00864	0.11721	0.01239	0.01420	0.01926	0.10806	0.47823	0.06657	0.01725	0.00949	0.00263	0.05741	0.01568	0.00578	0.00639
8	0.01306	0.01196	0.01647	0.01460	0.01480	0.01590	0.01163	0.01439	0.01045	0.01569	0.01317	0.02324	0.01368	0.17784	0.13922	0.00506	0.47190	0.00705	0.00335	0.00655
9	0.01702	0.01470	0.01547	0.01392	0.01779	0.01702	0.01083	0.03635	0.70453	0.02862	0.02785	0.02553	0.02088	0.00928	0.00696	0.00232	0.00541	0.00773	0.00696	0.01083
10	0.01292	0.01216	0.02052	0.74312	0.04712	0.01520	0.01900	0.01748	0.01368	0.01748	0.01216	0.01824	0.00912	0.00684	0.00684	0.00228	0.00912	0.00608	0.00304	0.00760
11	0.01852	0.01742	0.09096	0.04668	0.15392	0.01619	0.11590	0.10677	0.20738	0.09215	0.01983	0.02249	0.01518	0.00802	0.00713	0.00223	0.00775	0.03575	0.00534	0.01039

[dist]
# distance from previous block
# <min> <max>
1	3

[block]
# block no. 3 follows, 31 sequences, length 46
# corresponding to MSA columns:
# 380-425
name=unknown_D
#
# <colnr> <probs for GDERKNQSTAVLIFYWHMCP>
#	G	D	E	R	K	N	Q	S	T	A	V	L	I	F	Y	W	H	M	C	P
0	0.16017	0.01109	0.01340	0.01073	0.01526	0.01038	0.00878	0.02837	0.01741	0.49541	0.02329	0.02156	0.01541	0.00803	0.00610	0.00204	0.00532	0.00626	0.13087	0.01010
1	0.02618	0.01888	0.02036	0.01561	0.02108	0.02080	0.01289	0.66949	0.03170	0.06836	0.01682	0.01668	0.01183	0.00822	0.00685	0.00206	0.00746	0.00619	0.00690	0.01163
2	0.00826	0.00648	0.00748	0.00820	0.00959	0.00570	0.00578	0.00981	0.01459	0.01837	0.08039	0.38361	0.37927	0.01909	0.00838	0.00252	0.00369	0.01667	0.00640	0.00570
3	0.00995	0.00663	0.00746	0.00746	0.00746	0.00663	0.00415	0.00995	0.00995	0.01327	0.02156	0.04477	0.02487	0.75957	0.03482	0.00663	0.00663	0.00995	0.00415	0.00415
4	0.01829	0.76368	0.03585	0.01171	0.01756	0.02707	0.01171	0.02049	0.01390	0.01610	0.00951	0.01097	0.00878	0.00585	0.00439	0.00146	0.00732	0.00366	0.00293	0.00878
5	0.00968	0.00699	0.00914	0.00861	0.01022	0.00646	0.00646	0.01291	0.01937	0.02743	0.71328	0.05110	0.06455	0.01399	0.00807	0.00215	0.00323	0.01237	0.00753	0.00646
6	0.24341	0.01751	0.01762	0.01387	0.01900	0.01958	0.01145	0.50668	0.02646	0.03966	0.01451	0.01495	0.01046	0.00769	0.00612	0.00207	0.00691	0.00548	0.00612	0.01046
7	0.01497	0.01497	0.02095	0.01796	0.01796	0.02095	0.01497	0.01646	0.01048	0.01646	0.00898	0.01497	0.00898	0.01197	0.02245	0.00299	0.74704	0.00599	0.00299	0.00748
8	0.01102	0.00787	0.01102	0.01260	0.01417	0.00787	0.01102	0.01417	0.01575	0.02047	0.03622	0.07717	0.03937	0.01890	0.00945	0.00315	0.00630	0.67084	0.00630	0.00630
9	0.01065	0.00674	0.00910	0.01024	0.01124	0.00631	0.00741	0.01228	0.01407	0.07736	0.03657	0.58464	0.04192	0.01993	0.00869	0.00278	0.00450	0.12284	0.00652	0.00619
10	0.01615	0.01845	0.04037	0.02884	0.03576	0.01730	0.69204	0.02191	0.01615	0.02191	0.01384	0.01845	0.01038	0.00577	0.00807	0.00231	0.01153	0.00807	0.00346	0.00923
11	0.01760	0.01499	0.01580	0.01404	0.01801	0.01729	0.01097	0.07912	0.66081	0.02956	0.02710	0.02493	0.02028	0.00921	0.00695	0.00230	0.00555	0.00763	0.00695	0.01088
12	0.01377	0.01716	0.16066	0.17158	0.13612	0.03820	0.01677	0.04099	0.01403	0.01948	0.01459	0.04221	0.01260	0.01917	0.19805	0.00454	0.06173	0.00656	0.00348	0.00831
13	0.00903	0.00682	0.00834	0.00826	0.00990	0.00613	0.00608	0.01154	0.01738	0.02343	0.43119	0.15786	0.24701	0.01602	0.00817	0.00229	0.00340	0.01399	0.00702	0.00613
14	0.01607	0.01307	0.01688	0.18919	0.04151	0.01515	0.01271	0.18564	0.11358	0.02483	0.01907	0.04865	0.03469	0.06548	0.09689	0.02480	0.06099	0.00744	0.00489	0.00846
15	0.80789	0.01323	0.01006	0.00900	0.01323	0.01535	0.00741	0.02011	0.01164	0.03070	0.00953	0.01111	0.00741	0.00635	0.00423	0.00212	0.00529	0.00370	0.00423	0.00741
16	0.01824	0.01702	0.02511	0.11003	0.50073	0.06765	0.01897	0.07233	0.03902	0.04482	0.01381	0.01717	0.01108	0.00658	0.00675	0.00205	0.00833	0.00605	0.00389	0.01037
17	0.01826	0.68868	0.03425	0.01280	0.03986	0.02593	0.01195	0.04486	0.01453	0.01728	0.01015	0.01187	0.00921	0.00738	0.02758	0.00180	0.00770	0.00394	0.00311	0.00887
18	0.02133	0.01045	0.01419	0.14859	0.02042	0.01033	0.01035	0.05104	0.01772	0.34496	0.07539	0.02472	0.01905	0.00846	0.00647	0.00203	0.00569	0.00700	0.19256	0.00924
19	0.15792	0.00977	0.01051	0.00957	0.01253	0.00981	0.00742	0.04188	0.08309	0.11299	0.18386	0.10928	0.19994	0.01280	0.00714	0.00225	0.00442	0.01064	0.00657	0.00763
20	0.01984	0.10066	0.28257	0.01629	0.02355	0.01725	0.04218	0.19561	0.03984	0.12063	0.01553	0.01623	0.01107	0.00709	0.00640	0.00199	0.00816	0.00556	0.00487	0.06465
21	0.01079	0.00652	0.00786	0.00803	0.00873	0.00667	0.00540	0.01193	0.01164	0.01761	0.02199	0.10662	0.02231	0.28000	0.12751	0.08417	0.00703	0.00906	0.24101	0.00514
22	0.00912	0.00655	0.00801	0.00885	0.00958	0.00621	0.00606	0.01027	0.01285	0.01670	0.03761	0.34385	0.14517	0.24726	0.01673	0.00393	0.00499	0.09532	0.00567	0.00525
23	0.01372	0.03539	0.72412	0.01950	0.02961	0.01589	0.02528	0.02167	0.01444	0.02167	0.01228	0.01444	0.00867	0.00650	0.00650	0.00217	0.01011	0.00506	0.00289	0.01011
24	0.02460	0.01807	0.02021	0.04428	0.04795	0.01991	0.01331	0.58136	0.04958	0.06238	0.01741	0.01886	0.01280	0.00845	0.00693	0.00210	0.00746	0.02648	0.00661	0.01126
25	0.00836	0.00644	0.00765	0.00840	0.00968	0.00573	0.00590	0.00996	0.01469	0.01880	0.11337	0.41255	0.31578	0.01909	0.00841	0.00253	0.00370	0.01678	0.00646	0.00573
26	0.01501	0.01077	0.01118	0.01036	0.01316	0.01200	0.00798	0.02673	0.37906	0.02715	0.02524	0.02552	0.01930	0.00866	0.00593	0.00198	0.00436	0.00709	0.37978	0.00873
27	0.01674	0.01444	0.01534	0.01355	0.01763	0.01623	0.01056	0.03446	0.63607	0.02799	0.02629	0.02440	0.01982	0.00886	0.00677	0.00219	0.00538	0.00737	0.00667	0.08923
28	0.07531	0.01182	0.01470	0.01170	0.01623	0.01118	0.00952	0.11698	0.02025	0.45839	0.09265	0.04894	0.02133	0.00925	0.00678	0.00211	0.00556	0.00752	0.04943	0.01038
29	0.01829	0.76368	0.03585	0.01171	0.01756	0.02707	0.01171	0.02049	0.01390	0.01610	0.00951	0.01097	0.00878	0.00585	0.00439	0.00146	0.00732	0.00366	0.00293	0.00878
30	0.00837	0.00643	0.00767	0.00843	0.00969	0.00573	0.00591	0.00997	0.01468	0.01884	0.11635	0.41889	0.30626	0.01911	0.00842	0.00254	0.00370	0.01681	0.00647	0.00573
31	0.04595	0.01553	0.02602	0.09705	0.38453	0.04194	0.14485	0.01971	0.01540	0.02165	0.03850	0.08702	0.01540	0.00784	0.00713	0.00217	0.00836	0.00777	0.00382	0.00936
32	0.41222	0.04068	0.03734	0.01357	0.03854	0.21569	0.01073	0.07365	0.03728	0.04779	0.01162	0.01295	0.00901	0.00682	0.00529	0.00200	0.00774	0.00442	0.00434	0.00833
33	0.00973	0.00674	0.00893	0.01025	0.01110	0.00647	0.00736	0.01193	0.03887	0.03904	0.03680	0.60061	0.04261	0.02021	0.00873	0.00280	0.00444	0.12091	0.00643	0.00604
34	0.08711	0.03788	0.02056	0.07443	0.13526	0.03665	0.06213	0.12583	0.01825	0.15995	0.01555	0.01694	0.01142	0.00675	0.00626	0.00187	0.00718	0.00567	0.00507	0.16523
35	0.01906	0.11585	0.11592	0.03597	0.09308	0.23284	0.04139	0.06811	0.01765	0.04037	0.04252	0.01941	0.06371	0.00768	0.00635	0.00188	0.00890	0.00596	0.00409	0.05925
36	0.52885	0.07266	0.01461	0.03429	0.01660	0.19648	0.00954	0.02187	0.01382	0.02571	0.00987	0.01163	0.00792	0.00651	0.00481	0.00199	0.00733	0.00395	0.00392	0.00765
37	0.04264	0.01738	0.02060	0.01707	0.04751	0.06248	0.09452	0.30140	0.16521	0.07790	0.01886	0.01983	0.01405	0.03100	0.00769	0.00225	0.00755	0.00671	0.03498	0.01038
38	0.28791	0.01369	0.01489	0.01184	0.01682	0.01407	0.00977	0.16269	0.01949	0.35478	0.01905	0.01785	0.01270	0.00771	0.00599	0.00210	0.00599	0.00568	0.00673	0.01023
39	0.05170	0.01565	0.01849	0.01503	0.01965	0.01711	0.06847	0.24177	0.31257	0.07863	0.04860	0.02351	0.03964	0.00890	0.00698	0.00221	0.00648	0.00742	0.00662	0.01055
40	0.00834	0.00595	0.00794	0.00953	0.00992	0.00556	0.00635	0.00953	0.01310	0.01746	0.03771	0.75510	0.04525	0.02143	0.00873	0.00278	0.00397	0.01945	0.00635	0.00556
41	0.01778	0.01507	0.01590	0.01408	0.01808	0.01737	0.01101	0.09185	0.64780	0.02984	0.02688	0.02476	0.02010	0.00919	0.00695	0.00230	0.00559	0.00760	0.00695	0.01090
42	0.00968	0.00699	0.00914	0.00861	0.01022	0.00646	0.00646	0.01291	0.01937	0.02743	0.71328	0.05110	0.06455	0.01399	0.00807	0.00215	0.00323	0.01237	0.00753	0.00646
43	0.00981	0.00658	0.00750	0.00764	0.00767	0.00654	0.00433	0.00991	0.01021	0.01362	0.02292	0.10471	0.02659	0.69728	0.03262	0.00631	0.00641	0.01075	0.00433	0.00426
44	0.01616	0.01383	0.01472	0.01349	0.01701	0.01588	0.01038	0.03369	0.63596	0.02751	0.02882	0.09788	0.02330	0.01049	0.00714	0.00237	0.00527	0.00890	0.00690	0.01031
45	0.02415	0.17450	0.02258	0.01648	0.02045	0.59526	0.01293	0.02599	0.01832	0.01662	0.01037	0.01207	0.00881	0.00682	0.00582	0.00170	0.01136	0.00426	0.00341	0.00810

[dist]
# distance from previous block
# <min> <max>
1	2

[block]
# block no. 4 follows, 31 sequences, length 43
# corresponding to MSA columns:
# 428-465,470-474
name=unknown_E
#
# <colnr> <probs for GDERKNQSTAVLIFYWHMCP>
#	G	D	E	R	K	N	Q	S	T	A	V	L	I	F	Y	W	H	M	C	P
0	0.02090	0.04592	0.02355	0.04900	0.16676	0.24154	0.09934	0.08138	0.09801	0.06507	0.01560	0.01838	0.01233	0.00738	0.00677	0.00204	0.00934	0.02264	0.00449	0.00954
1	0.80789	0.01323	0.01006	0.00900	0.01323	0.01535	0.00741	0.02011	0.01164	0.03070	0.00953	0.01111	0.00741	0.00635	0.00423	0.00212	0.00529	0.00370	0.00423	0.00741
2	0.77491	0.01295	0.00990	0.00889	0.01301	0.01498	0.00730	0.01994	0.01176	0.03048	0.01006	0.01171	0.00783	0.00642	0.00426	0.00210	0.00520	0.00382	0.03714	0.00737
3	0.00814	0.00693	0.00701	0.00699	0.00928	0.00580	0.00524	0.00993	0.01573	0.01881	0.09295	0.06530	0.69026	0.01720	0.00809	0.00230	0.00346	0.01436	0.00640	0.00580
4	0.00828	0.00618	0.00770	0.00892	0.00976	0.00561	0.00608	0.00959	0.01368	0.01770	0.04513	0.59322	0.20234	0.02047	0.00858	0.00267	0.00385	0.01827	0.00635	0.00561
5	0.01829	0.76368	0.03585	0.01171	0.01756	0.02707	0.01171	0.02049	0.01390	0.01610	0.00951	0.01097	0.00878	0.00585	0.00439	0.00146	0.00732	0.00366	0.00293	0.00878
6	0.01829	0.76368	0.03585	0.01171	0.01756	0.02707	0.01171	0.02049	0.01390	0.01610	0.00951	0.01097	0.00878	0.00585	0.00439	0.00146	0.00732	0.00366	0.00293	0.00878
7	0.00834	0.00595	0.00794	0.00953	0.00992	0.00556	0.00635	0.00953	0.01310	0.01746	0.03771	0.75510	0.04525	0.02143	0.00873	0.00278	0.00397	0.01945	0.00635	0.00556
8	0.00809	0.00693	0.00693	0.00693	0.00924	0.00578	0.00520	0.00982	0.01559	0.01848	0.06931	0.06584	0.71411	0.01733	0.00809	0.00231	0.00347	0.01444	0.00635	0.00578
9	0.00910	0.00697	0.00833	0.00799	0.00986	0.00621	0.00599	0.01178	0.01798	0.02415	0.47724	0.05651	0.30264	0.01521	0.00808	0.00221	0.00331	0.01313	0.00710	0.00621
10	0.01939	0.01885	0.01630	0.01458	0.01836	0.18647	0.01126	0.07246	0.47187	0.02653	0.02283	0.02185	0.01732	0.00863	0.00667	0.00214	0.00709	0.00679	0.04060	0.01000
11	0.01758	0.01739	0.02554	0.14324	0.51738	0.08737	0.01958	0.05044	0.01640	0.02197	0.01269	0.01665	0.01041	0.00639	0.00673	0.00204	0.00867	0.00593	0.00350	0.01010
12	0.01390	0.20191	0.01699	0.01018	0.01355	0.01353	0.00849	0.01922	0.12958	0.05874	0.28045	0.03765	0.14722	0.01140	0.00689	0.00203	0.00480	0.00944	0.00612	0.00792
13	0.09430	0.12048	0.04022	0.06122	0.09097	0.13175	0.01351	0.22929	0.05087	0.08259	0.01454	0.01560	0.01092	0.00727	0.00616	0.00196	0.00805	0.00540	0.00500	0.00988
14	0.04573	0.29312	0.30420	0.01600	0.02330	0.01964	0.06530	0.06005	0.01524	0.02111	0.01263	0.04557	0.01059	0.00691	0.00584	0.00190	0.00844	0.00537	0.00341	0.03565
15	0.07442	0.41535	0.13920	0.01597	0.07233	0.04780	0.03507	0.02255	0.08277	0.01994	0.01219	0.01370	0.01007	0.00639	0.00532	0.00179	0.00779	0.00463	0.00349	0.00923
16	0.01473	0.01577	0.07468	0.04791	0.16432	0.04152	0.11945	0.03925	0.05284	0.02067	0.04014	0.05138	0.01560	0.03741	0.13422	0.00393	0.10628	0.00744	0.00394	0.00852
17	0.00878	0.00633	0.00865	0.00977	0.01034	0.00634	0.00676	0.01020	0.01241	0.01684	0.03209	0.53839	0.03727	0.07021	0.18585	0.00499	0.00760	0.01597	0.00557	0.00561
18	0.01007	0.00740	0.01009	0.00996	0.01066	0.00836	0.00716	0.01154	0.01058	0.01492	0.01914	0.03314	0.01970	0.31796	0.43735	0.00900	0.04548	0.00826	0.00382	0.00542
19	0.00935	0.00695	0.00871	0.00833	0.01003	0.00631	0.00623	0.01225	0.01849	0.02551	0.57635	0.07545	0.18108	0.01482	0.00809	0.00220	0.00329	0.01296	0.00728	0.00631
20	0.00968	0.00699	0.00914	0.00861	0.01022	0.00646	0.00646	0.01291	0.01937	0.02743	0.71328	0.05110	0.06455	0.01399	0.00807	0.00215	0.00323	0.01237	0.00753	0.00646
21	0.02601	0.01916	0.02053	0.01574	0.02122	0.02122	0.01300	0.69408	0.03217	0.04312	0.01643	0.01643	0.01163	0.00821	0.00684	0.00205	0.00753	0.00616	0.00684	0.01163
22	0.02556	0.03261	0.01939	0.01763	0.02115	0.73210	0.01322	0.02732	0.01939	0.01674	0.01058	0.01234	0.00881	0.00705	0.00617	0.00176	0.01234	0.00441	0.00353	0.00793
23	0.03070	0.01164	0.01588	0.01217	0.01746	0.01006	0.01006	0.03334	0.01958	0.72163	0.02699	0.02329	0.01694	0.00847	0.00688	0.00212	0.00582	0.00688	0.00847	0.01164
24	0.31836	0.01399	0.01480	0.01183	0.01677	0.01463	0.00976	0.18258	0.01957	0.30661	0.01804	0.01716	0.01216	0.00762	0.00589	0.00210	0.00602	0.00553	0.00652	0.01007
25	0.01257	0.01136	0.01874	0.60640	0.04095	0.01383	0.01751	0.01686	0.01407	0.01804	0.01666	0.02927	0.01478	0.00910	0.00733	0.00244	0.00859	0.13050	0.00365	0.00736
26	0.01427	0.01336	0.02248	0.36875	0.33153	0.01477	0.01875	0.01835	0.01452	0.01967	0.01496	0.06968	0.01327	0.00789	0.00702	0.00223	0.00825	0.02791	0.00352	0.00881
27	0.01833	0.20689	0.18954	0.01988	0.08882	0.09945	0.09795	0.09815	0.04562	0.02232	0.01262	0.01478	0.00997	0.00682	0.00691	0.00198	0.04129	0.00538	0.00370	0.00959
28	0.01532	0.04235	0.18093	0.01823	0.02309	0.04143	0.16265	0.02059	0.05367	0.05549	0.14361	0.02309	0.02057	0.00908	0.01031	0.00233	0.15670	0.00743	0.00442	0.00871
29	0.01744	0.68857	0.03320	0.01140	0.01683	0.02502	0.01118	0.01973	0.01444	0.01722	0.07937	0.01496	0.01432	0.00666	0.00476	0.00153	0.00691	0.00452	0.00338	0.00855
30	0.01610	0.01405	0.02216	0.05958	0.17031	0.01447	0.13690	0.13013	0.06288	0.02545	0.04469	0.03658	0.02161	0.01065	0.00786	0.00245	0.00782	0.20209	0.00517	0.00903
31	0.06092	0.04111	0.05273	0.04560	0.10607	0.14962	0.27834	0.02373	0.01663	0.11504	0.01509	0.03734	0.01168	0.00693	0.00703	0.00212	0.00975	0.00679	0.00421	0.00927
32	0.01009	0.00860	0.01043	0.01078	0.01157	0.03375	0.00786	0.01154	0.01361	0.01798	0.07423	0.46258	0.13961	0.01832	0.01080	0.00267	0.12825	0.01553	0.00576	0.00604
33	0.00975	0.00702	0.00926	0.01053	0.01163	0.00678	0.00824	0.01180	0.01428	0.01857	0.03837	0.29873	0.10328	0.09311	0.01160	0.00329	0.00529	0.32657	0.00611	0.00579
34	0.01497	0.01572	0.11625	0.08584	0.11755	0.03816	0.03437	0.09561	0.05339	0.04883	0.02434	0.23236	0.04734	0.01198	0.00748	0.00236	0.00703	0.03275	0.00512	0.00855
35	0.08485	0.10652	0.19888	0.06154	0.06977	0.06245	0.09731	0.05737	0.05892	0.09019	0.01477	0.01652	0.01096	0.00685	0.00630	0.00205	0.00844	0.00567	0.03111	0.00953
36	0.02262	0.01329	0.01880	0.12057	0.04265	0.01357	0.06880	0.03062	0.21440	0.34376	0.02360	0.02262	0.01622	0.00817	0.00699	0.00221	0.00672	0.00709	0.00669	0.01060
37	0.01398	0.01361	0.06921	0.01600	0.04236	0.03513	0.14971	0.08353	0.01771	0.04175	0.20575	0.19893	0.03313	0.01259	0.00843	0.02689	0.00665	0.01119	0.00563	0.00781
38	0.05720	0.20119	0.26376	0.01747	0.06191	0.06727	0.04215	0.09937	0.01717	0.09215	0.01339	0.01471	0.00998	0.00672	0.00602	0.00195	0.00859	0.00509	0.00406	0.00985
39	0.01874	0.05703	0.14990	0.05145	0.12845	0.16058	0.01589	0.10776	0.04646	0.05304	0.01821	0.04179	0.05999	0.00848	0.00759	0.00210	0.05231	0.00654	0.00437	0.00931
40	0.05141	0.00803	0.00947	0.00938	0.01005	0.00870	0.00643	0.01273	0.04432	0.01620	0.02240	0.07316	0.02457	0.47867	0.07868	0.00576	0.05399	0.07627	0.00449	0.00527
41	0.05625	0.01504	0.02489	0.16928	0.47675	0.01571	0.04811	0.02045	0.03842	0.02192	0.01512	0.01897	0.03559	0.00674	0.00677	0.00211	0.00806	0.00641	0.00359	0.00980
42	0.10069	0.01648	0.06138	0.06159	0.19508	0.01596	0.01473	0.20247	0.04458	0.19387	0.01727	0.01795	0.01228	0.00742	0.00656	0.00210	0.00722	0.00606	0.00566	0.01067

[dist]
# distance from previous block
# <min> <max>
5	9

[block]
# block no. 5 follows, 31 sequences, length 26
# corresponding to MSA columns:
# 485-510
name=unknown_F
#
# <colnr> <probs for GDERKNQSTAVLIFYWHMCP>
#	G	D	E	R	K	N	Q	S	T	A	V	L	I	F	Y	W	H	M	C	P
0	0.01441	0.07695	0.32364	0.13058	0.07488	0.01633	0.07666	0.04356	0.01516	0.02123	0.04728	0.01957	0.04594	0.00771	0.00776	0.00219	0.05719	0.00633	0.00353	0.00911
1	0.01029	0.00939	0.07548	0.00877	0.00984	0.00757	0.00639	0.01125	0.01077	0.01469	0.04666	0.04148	0.02455	0.63407	0.05684	0.00620	0.00726	0.00948	0.00414	0.00487
2	0.00914	0.00634	0.00828	0.00945	0.00998	0.00605	0.00652	0.01015	0.01276	0.01687	0.03448	0.48658	0.06301	0.13876	0.01407	0.05272	0.00479	0.09899	0.00578	0.00527
3	0.02023	0.37017	0.08961	0.01386	0.01938	0.05208	0.01311	0.12530	0.08532	0.08873	0.01428	0.01498	0.01118	0.00723	0.00648	0.00186	0.04703	0.00502	0.00447	0.00970
4	0.09070	0.01237	0.01385	0.01079	0.01573	0.01116	0.00859	0.09803	0.05508	0.05190	0.08345	0.05834	0.01808	0.00766	0.00586	0.00156	0.00519	0.00621	0.00518	0.44027
5	0.01723	0.12453	0.11431	0.01558	0.05982	0.06619	0.01314	0.09344	0.01660	0.09390	0.02053	0.20037	0.02009	0.01144	0.00844	0.00227	0.07795	0.03057	0.00496	0.00863
6	0.01580	0.33442	0.37248	0.01679	0.02458	0.02078	0.05995	0.02100	0.01418	0.01919	0.01111	0.01327	0.00883	0.00639	0.00631	0.00191	0.03594	0.00470	0.00294	0.00941
7	0.01487	0.01556	0.03138	0.26940	0.07118	0.01593	0.39575	0.01968	0.01490	0.01990	0.01312	0.01843	0.01006	0.00711	0.00859	0.04499	0.01026	0.00719	0.00329	0.00842
8	0.21828	0.01557	0.01665	0.01308	0.01820	0.01660	0.01080	0.34103	0.02356	0.23362	0.01775	0.01709	0.01211	0.00783	0.00622	0.00209	0.00650	0.00577	0.00667	0.01061
9	0.00834	0.00595	0.00794	0.00953	0.00992	0.00556	0.00635	0.00953	0.01310	0.01746	0.03771	0.75510	0.04525	0.02143	0.00873	0.00278	0.00397	0.01945	0.00635	0.00556
10	0.00849	0.00650	0.00780	0.00842	0.00973	0.00580	0.00595	0.01025	0.01516	0.01967	0.17351	0.37599	0.29093	0.01858	0.00838	0.00249	0.00365	0.01633	0.00657	0.00580
11	0.03070	0.01164	0.01588	0.01217	0.01746	0.01006	0.01006	0.03334	0.01958	0.72163	0.02699	0.02329	0.01694	0.00847	0.00688	0.00212	0.00582	0.00688	0.00847	0.01164
12	0.00870	0.00631	0.00821	0.00911	0.00996	0.00582	0.00631	0.01049	0.01500	0.02031	0.22819	0.51536	0.09267	0.01910	0.00851	0.00257	0.00373	0.01716	0.00668	0.00582
13	0.01615	0.01845	0.04037	0.02884	0.03576	0.01730	0.69204	0.02191	0.01615	0.02191	0.01384	0.01845	0.01038	0.00577	0.00807	0.00231	0.01153	0.00807	0.00346	0.00923
14	0.80789	0.01323	0.01006	0.00900	0.01323	0.01535	0.00741	0.02011	0.01164	0.03070	0.00953	0.01111	0.00741	0.00635	0.00423	0.00212	0.00529	0.00370	0.00423	0.00741
15	0.01419	0.01216	0.01419	0.01013	0.01621	0.00912	0.00811	0.01723	0.01419	0.02229	0.01216	0.01419	0.01013	0.00507	0.00507	0.00101	0.00507	0.00405	0.00405	0.80139
16	0.04327	0.04263	0.14090	0.04165	0.20265	0.03890	0.08662	0.05401	0.11451	0.08951	0.01815	0.01973	0.03804	0.00755	0.00727	0.00216	0.03134	0.00653	0.00456	0.01002
17	0.02815	0.01334	0.01666	0.01294	0.01807	0.01282	0.01063	0.18184	0.05904	0.50664	0.04922	0.02285	0.01766	0.00865	0.00692	0.00211	0.00609	0.00696	0.00799	0.01141
18	0.02362	0.01101	0.01438	0.01143	0.01590	0.00977	0.00930	0.06522	0.01960	0.44038	0.17139	0.02976	0.02687	0.00965	0.00704	0.00205	0.00531	0.03063	0.00766	0.08903
19	0.05321	0.01740	0.12857	0.11865	0.11840	0.01514	0.04038	0.10323	0.06398	0.18525	0.04122	0.01960	0.01404	0.00781	0.00749	0.00219	0.04173	0.00641	0.00524	0.01005
20	0.01570	0.01198	0.08522	0.01099	0.01447	0.02912	0.00955	0.01963	0.04039	0.19179	0.38982	0.06432	0.06494	0.01192	0.00756	0.00217	0.00492	0.01025	0.00706	0.00820
21	0.00834	0.00595	0.00794	0.00953	0.00992	0.00556	0.00635	0.00953	0.01310	0.01746	0.03771	0.75510	0.04525	0.02143	0.00873	0.00278	0.00397	0.01945	0.00635	0.00556
22	0.09296	0.01733	0.03281	0.04481	0.06008	0.01696	0.46663	0.09198	0.01751	0.06925	0.01445	0.01779	0.01063	0.00629	0.00742	0.00224	0.00995	0.00725	0.00419	0.00948
23	0.01891	0.04720	0.02188	0.02176	0.21166	0.03862	0.06118	0.10003	0.08470	0.09456	0.01580	0.01731	0.01214	0.00661	0.00633	0.00179	0.00709	0.00578	0.00481	0.22185
24	0.00867	0.00719	0.03141	0.00943	0.01050	0.00613	0.00683	0.01030	0.01370	0.01818	0.08315	0.54114	0.13443	0.04549	0.03670	0.00309	0.00468	0.01707	0.00614	0.00577
25	0.01284	0.00977	0.01099	0.01059	0.01284	0.01042	0.00792	0.04217	0.26110	0.02528	0.16013	0.21501	0.05679	0.01327	0.00734	0.00229	0.00433	0.01154	0.11747	0.00792

[dist]
# distance from previous block
# <min> <max>
1	5

[block]
# block no. 6 follows, 31 sequences, length 19
# corresponding to MSA columns:
# 516-534
name=unknown_G
#
# <colnr> <probs for GDERKNQSTAVLIFYWHMCP>
#	G	D	E	R	K	N	Q	S	T	A	V	L	I	F	Y	W	H	M	C	P
0	0.01210	0.00956	0.01380	0.01577	0.15279	0.00887	0.03800	0.01496	0.01690	0.06207	0.27135	0.04574	0.25403	0.04325	0.00884	0.00237	0.00492	0.01118	0.00607	0.00743
1	0.01973	0.41870	0.05635	0.01306	0.01856	0.07930	0.01206	0.11565	0.06684	0.05384	0.03504	0.01502	0.01224	0.00688	0.00541	0.00169	0.00741	0.00486	0.00426	0.05310
2	0.00844	0.00602	0.00797	0.00942	0.00986	0.00563	0.00628	0.00968	0.01325	0.01774	0.06501	0.70317	0.04539	0.04496	0.00955	0.00288	0.00402	0.01885	0.00633	0.00555
3	0.07619	0.19435	0.05610	0.01722	0.08192	0.05623	0.04580	0.21954	0.13752	0.02824	0.01534	0.01617	0.01183	0.00727	0.00610	0.00197	0.00756	0.00561	0.00494	0.01008
4	0.01747	0.09875	0.11873	0.08878	0.23481	0.03592	0.13606	0.05797	0.04928	0.05507	0.01395	0.01686	0.01081	0.00670	0.00716	0.00210	0.02974	0.00612	0.00384	0.00987
5	0.00850	0.00610	0.00791	0.00920	0.00972	0.00569	0.00614	0.00973	0.01330	0.01769	0.06999	0.63449	0.08021	0.07377	0.01054	0.00300	0.00410	0.01817	0.00625	0.00551
6	0.01209	0.00988	0.01438	0.03650	0.15598	0.01064	0.01077	0.01626	0.08128	0.01903	0.06928	0.03073	0.02138	0.15178	0.30302	0.00648	0.01132	0.02757	0.00436	0.00728
7	0.00995	0.00663	0.00746	0.00746	0.00746	0.00663	0.00415	0.00995	0.00995	0.01327	0.02156	0.04477	0.02487	0.75957	0.03482	0.00663	0.00663	0.00995	0.00415	0.00415
8	0.01083	0.00774	0.01080	0.01238	0.01387	0.00771	0.01069	0.01384	0.01556	0.02026	0.03633	0.12576	0.03979	0.01908	0.00940	0.00312	0.00613	0.62415	0.00630	0.00625
9	0.01925	0.02167	0.05886	0.06852	0.06048	0.23993	0.08320	0.06588	0.17928	0.02239	0.01667	0.02016	0.01348	0.00830	0.00800	0.00219	0.06217	0.03591	0.00454	0.00911
10	0.05804	0.01785	0.01888	0.01502	0.02006	0.01997	0.01225	0.50942	0.18994	0.03915	0.01882	0.01834	0.01363	0.00838	0.00676	0.00212	0.00693	0.00642	0.00676	0.01126
11	0.04961	0.01106	0.01254	0.06374	0.01612	0.01200	0.00909	0.06549	0.25553	0.02631	0.21655	0.05477	0.13104	0.03594	0.00823	0.00239	0.00495	0.00990	0.00651	0.00824
12	0.01360	0.01859	0.22670	0.01587	0.03776	0.01268	0.08644	0.02118	0.13990	0.03957	0.15387	0.06766	0.07515	0.00989	0.00722	0.00218	0.00689	0.00872	0.00520	0.05096
13	0.13045	0.07554	0.01631	0.01217	0.01647	0.01514	0.00983	0.09192	0.23374	0.22330	0.02192	0.02252	0.01638	0.07408	0.00878	0.00252	0.00598	0.00664	0.00642	0.00991
14	0.01680	0.02314	0.24033	0.05065	0.13095	0.08504	0.04718	0.06121	0.19874	0.02432	0.04199	0.01932	0.01452	0.00757	0.00679	0.00215	0.00841	0.00636	0.00451	0.01001
15	0.00919	0.00684	0.00847	0.00833	0.00988	0.00621	0.00610	0.01174	0.01746	0.02381	0.46951	0.14191	0.19619	0.04260	0.00912	0.00243	0.00349	0.01360	0.00702	0.00612
16	0.04731	0.01269	0.01429	0.01166	0.01574	0.07275	0.00923	0.06009	0.01855	0.44327	0.05629	0.04484	0.01945	0.07540	0.00917	0.00247	0.00617	0.00737	0.06348	0.00975
17	0.67173	0.04243	0.01321	0.01078	0.01513	0.08187	0.03881	0.02087	0.01264	0.02849	0.00982	0.01155	0.00772	0.00637	0.00459	0.00207	0.00629	0.00396	0.00409	0.00759
18	0.01281	0.00955	0.01139	0.01097	0.04358	0.00942	0.00794	0.13776	0.02019	0.02770	0.34944	0.07435	0.18272	0.01320	0.00761	0.00215	0.00432	0.01130	0.05617	0.00742

[dist]
# distance from previous block
# <min> <max>
0	1

[block]
# block no. 7 follows, 31 sequences, length 34
# corresponding to MSA columns:
# 537-570
name=unknown_H
#
# <colnr> <probs for GDERKNQSTAVLIFYWHMCP>
#	G	D	E	R	K	N	Q	S	T	A	V	L	I	F	Y	W	H	M	C	P
0	0.14916	0.11797	0.05588	0.13020	0.07956	0.18774	0.03648	0.02136	0.01522	0.04798	0.01354	0.06759	0.01182	0.00763	0.00603	0.00199	0.00845	0.00592	0.00386	0.03162
1	0.01134	0.00662	0.00724	0.00709	0.00877	0.00633	0.00531	0.01438	0.01594	0.02528	0.22801	0.03743	0.10894	0.01076	0.00610	0.00184	0.00323	0.00902	0.48004	0.00633
2	0.01292	0.01216	0.02052	0.74312	0.04712	0.01520	0.01900	0.01748	0.01368	0.01748	0.01216	0.01824	0.00912	0.00684	0.00684	0.00228	0.00912	0.00608	0.00304	0.00760
3	0.00870	0.00695	0.00778	0.00757	0.00962	0.00604	0.00568	0.01100	0.01704	0.02191	0.31567	0.06020	0.46561	0.01605	0.00808	0.00225	0.00337	0.01365	0.00680	0.00604
4	0.01957	0.01596	0.01691	0.01444	0.01876	0.01821	0.01145	0.22286	0.51387	0.03273	0.02461	0.02294	0.01826	0.00898	0.00693	0.00224	0.00601	0.00729	0.00693	0.01106
5	0.01292	0.01216	0.02052	0.74312	0.04712	0.01520	0.01900	0.01748	0.01368	0.01748	0.01216	0.01824	0.00912	0.00684	0.00684	0.00228	0.00912	0.00608	0.00304	0.00760
6	0.01243	0.00635	0.00649	0.00661	0.00811	0.00632	0.00490	0.01548	0.01426	0.02492	0.02344	0.07848	0.01955	0.00895	0.00507	0.00168	0.00324	0.00733	0.74010	0.00632
7	0.80789	0.01323	0.01006	0.00900	0.01323	0.01535	0.00741	0.02011	0.01164	0.03070	0.00953	0.01111	0.00741	0.00635	0.00423	0.00212	0.00529	0.00370	0.00423	0.00741
8	0.00977	0.00733	0.01100	0.01100	0.01222	0.00855	0.00855	0.01222	0.01100	0.01588	0.01833	0.02688	0.01710	0.05131	0.73245	0.01100	0.01833	0.00733	0.00367	0.00611
9	0.01702	0.01470	0.01547	0.01392	0.01779	0.01702	0.01083	0.03635	0.70453	0.02862	0.02785	0.02553	0.02088	0.00928	0.00696	0.00232	0.00541	0.00773	0.00696	0.01083
10	0.80789	0.01323	0.01006	0.00900	0.01323	0.01535	0.00741	0.02011	0.01164	0.03070	0.00953	0.01111	0.00741	0.00635	0.00423	0.00212	0.00529	0.00370	0.00423	0.00741
11	0.01372	0.03539	0.72412	0.01950	0.02961	0.01589	0.02528	0.02167	0.01444	0.02167	0.01228	0.01444	0.00867	0.00650	0.00650	0.00217	0.01011	0.00506	0.00289	0.01011
12	0.01829	0.76368	0.03585	0.01171	0.01756	0.02707	0.01171	0.02049	0.01390	0.01610	0.00951	0.01097	0.00878	0.00585	0.00439	0.00146	0.00732	0.00366	0.00293	0.00878
13	0.80789	0.01323	0.01006	0.00900	0.01323	0.01535	0.00741	0.02011	0.01164	0.03070	0.00953	0.01111	0.00741	0.00635	0.00423	0.00212	0.00529	0.00370	0.00423	0.00741
14	0.00982	0.00681	0.00827	0.00801	0.00878	0.00655	0.00525	0.01137	0.01447	0.02006	0.35330	0.04781	0.04390	0.40199	0.02199	0.00448	0.00500	0.01111	0.00577	0.00525
15	0.01372	0.03539	0.72412	0.01950	0.02961	0.01589	0.02528	0.02167	0.01444	0.02167	0.01228	0.01444	0.00867	0.00650	0.00650	0.00217	0.01011	0.00506	0.00289	0.01011
16	0.00820	0.00690	0.00711	0.00713	0.00933	0.00581	0.00532	0.01001	0.01575	0.01903	0.11035	0.08940	0.64779	0.01725	0.00811	0.00232	0.00347	0.01448	0.00643	0.00581
17	0.02532	0.01865	0.02005	0.01550	0.02078	0.02061	0.01275	0.66762	0.03143	0.04213	0.01725	0.04497	0.01293	0.00872	0.00692	0.00208	0.00739	0.00667	0.00682	0.01140
18	0.01071	0.00735	0.00900	0.00888	0.01092	0.00660	0.00689	0.01319	0.01703	0.07285	0.28270	0.11141	0.29319	0.01605	0.00823	0.00239	0.00399	0.10523	0.00691	0.00649
19	0.01435	0.01174	0.01407	0.03595	0.01694	0.00914	0.00845	0.01731	0.01429	0.04656	0.01432	0.06220	0.01259	0.00630	0.00543	0.00121	0.00517	0.00521	0.00432	0.69446
20	0.14953	0.01524	0.01803	0.01392	0.01920	0.01572	0.04419	0.29602	0.02323	0.30700	0.01938	0.01839	0.01300	0.00790	0.00651	0.00210	0.00670	0.00615	0.00691	0.01086
21	0.01753	0.16635	0.09464	0.04161	0.20037	0.03718	0.01478	0.08349	0.07670	0.06563	0.01960	0.04554	0.06142	0.03724	0.00753	0.00219	0.00736	0.00682	0.00451	0.00952
22	0.07318	0.15772	0.02602	0.04260	0.21980	0.01773	0.11467	0.01973	0.04126	0.02102	0.04486	0.02100	0.06836	0.00806	0.00833	0.00213	0.09407	0.00672	0.00386	0.00890
23	0.02534	0.01130	0.01548	0.01222	0.01686	0.01015	0.03629	0.02928	0.06711	0.52172	0.10898	0.02909	0.06516	0.00960	0.00714	0.00215	0.00557	0.00809	0.00793	0.01053
24	0.01448	0.01455	0.07171	0.19265	0.02404	0.07686	0.03654	0.03967	0.07675	0.04967	0.18635	0.05222	0.07072	0.00993	0.00713	0.00215	0.00685	0.00851	0.02841	0.03080
25	0.04406	0.15981	0.02268	0.01763	0.10411	0.08227	0.06255	0.07155	0.10155	0.08624	0.06492	0.02109	0.01659	0.05969	0.00930	0.00235	0.05315	0.00652	0.00482	0.00910
26	0.00883	0.00665	0.00806	0.00832	0.00971	0.00600	0.00594	0.01087	0.01596	0.02119	0.29220	0.26016	0.24915	0.05362	0.00958	0.00260	0.00368	0.01493	0.00667	0.00588
27	0.02171	0.01167	0.01431	0.01200	0.01604	0.01160	0.00955	0.03001	0.24618	0.34515	0.17277	0.02992	0.02834	0.00991	0.00716	0.00219	0.00514	0.00833	0.00777	0.01027
28	0.01506	0.03119	0.53860	0.06907	0.05657	0.06058	0.04997	0.04106	0.03492	0.02192	0.01281	0.01520	0.00929	0.00664	0.00660	0.00215	0.00996	0.00535	0.00321	0.00986
29	0.02317	0.01528	0.11539	0.09051	0.06477	0.01213	0.01382	0.05091	0.03950	0.39864	0.02402	0.02557	0.03655	0.00880	0.00701	0.00221	0.00691	0.04787	0.00652	0.01043
30	0.00827	0.00622	0.00767	0.00883	0.00974	0.00562	0.00604	0.00961	0.01377	0.01774	0.04624	0.56897	0.22587	0.02032	0.00856	0.00265	0.00383	0.01810	0.00635	0.00562
31	0.00863	0.00624	0.00820	0.00952	0.01022	0.00582	0.00664	0.01016	0.01395	0.01854	0.09290	0.60542	0.08831	0.02040	0.00869	0.00273	0.00405	0.06744	0.00644	0.00570
32	0.01902	0.16112	0.23182	0.02059	0.12081	0.04149	0.08951	0.05682	0.04241	0.13013	0.01502	0.01638	0.01106	0.00676	0.00640	0.00201	0.00857	0.00568	0.00426	0.01014
33	0.02221	0.04413	0.02042	0.01607	0.02057	0.22360	0.08682	0.19933	0.07047	0.10181	0.06507	0.02206	0.05955	0.00858	0.00688	0.00203	0.00849	0.00690	0.00558	0.00944

[dist]
# distance from previous block
# <min> <max>
0	2

[block]
# block no. 8 follows, 31 sequences, length 64
# corresponding to MSA columns:
# 573-636
name=unknown_I
#
# <colnr> <probs for GDERKNQSTAVLIFYWHMCP>
#	G	D	E	R	K	N	Q	S	T	A	V	L	I	F	Y	W	H	M	C	P
0	0.24700	0.09012	0.10696	0.01380	0.01958	0.03980	0.05689	0.12396	0.01737	0.14398	0.01435	0.01511	0.01038	0.00684	0.00575	0.00197	0.00714	0.00511	0.00495	0.06896
1	0.02015	0.26237	0.04622	0.01590	0.04156	0.22407	0.06053	0.04169	0.01656	0.06805	0.03357	0.01549	0.01179	0.00911	0.04253	0.00223	0.02968	0.00513	0.00389	0.04948
2	0.00974	0.00720	0.00915	0.00908	0.01056	0.00685	0.00664	0.01338	0.05870	0.02478	0.48585	0.21753	0.08341	0.01561	0.00816	0.00232	0.00354	0.01386	0.00717	0.00648
3	0.01676	0.01608	0.02746	0.07173	0.68848	0.01621	0.02091	0.02085	0.01550	0.02214	0.01284	0.01699	0.01076	0.00613	0.00678	0.00204	0.00817	0.00610	0.00337	0.01070
4	0.00884	0.00642	0.00849	0.00979	0.01057	0.00591	0.00679	0.01027	0.01335	0.01794	0.03628	0.66617	0.04300	0.02040	0.00860	0.00272	0.00420	0.06749	0.00623	0.04654
5	0.03070	0.01164	0.01588	0.01217	0.01746	0.01006	0.01006	0.03334	0.01958	0.72163	0.02699	0.02329	0.01694	0.00847	0.00688	0.00212	0.00582	0.00688	0.00847	0.01164
6	0.80789	0.01323	0.01006	0.00900	0.01323	0.01535	0.00741	0.02011	0.01164	0.03070	0.00953	0.01111	0.00741	0.00635	0.00423	0.00212	0.00529	0.00370	0.00423	0.00741
7	0.00834	0.00595	0.00794	0.00953	0.00992	0.00556	0.00635	0.00953	0.01310	0.01746	0.03771	0.75510	0.04525	0.02143	0.00873	0.00278	0.00397	0.01945	0.00635	0.00556
8	0.80789	0.01323	0.01006	0.00900	0.01323	0.01535	0.00741	0.02011	0.01164	0.03070	0.00953	0.01111	0.00741	0.00635	0.00423	0.00212	0.00529	0.00370	0.00423	0.00741
9	0.02874	0.01150	0.01550	0.01189	0.01710	0.00985	0.00978	0.03144	0.01920	0.64646	0.05226	0.02372	0.01829	0.00844	0.00680	0.00204	0.00567	0.00689	0.00813	0.06629
10	0.01292	0.01216	0.02052	0.74312	0.04712	0.01520	0.01900	0.01748	0.01368	0.01748	0.01216	0.01824	0.00912	0.00684	0.00684	0.00228	0.00912	0.00608	0.00304	0.00760
11	0.01829	0.76368	0.03585	0.01171	0.01756	0.02707	0.01171	0.02049	0.01390	0.01610	0.00951	0.01097	0.00878	0.00585	0.00439	0.00146	0.00732	0.00366	0.00293	0.00878
12	0.02556	0.01894	0.02028	0.01565	0.02105	0.02101	0.01289	0.66124	0.06573	0.04239	0.01700	0.01688	0.01210	0.00827	0.00685	0.00207	0.00742	0.00624	0.00685	0.01159
13	0.00834	0.00595	0.00794	0.00953	0.00992	0.00556	0.00635	0.00953	0.01310	0.01746	0.03771	0.75510	0.04525	0.02143	0.00873	0.00278	0.00397	0.01945	0.00635	0.00556
14	0.01292	0.01216	0.02052	0.74312	0.04712	0.01520	0.01900	0.01748	0.01368	0.01748	0.01216	0.01824	0.00912	0.00684	0.00684	0.00228	0.00912	0.00608	0.00304	0.00760
15	0.00839	0.00599	0.00798	0.00949	0.00993	0.00559	0.00635	0.00966	0.01334	0.01785	0.06371	0.72800	0.04599	0.02115	0.00871	0.00275	0.00394	0.01918	0.00640	0.00559
16	0.01388	0.06103	0.69988	0.01923	0.02919	0.01628	0.02480	0.02162	0.01442	0.02147	0.01218	0.01432	0.00867	0.00648	0.00643	0.00214	0.01001	0.00501	0.00289	0.01006
17	0.05739	0.01170	0.01568	0.01206	0.01732	0.01024	0.00996	0.03289	0.01931	0.69789	0.02639	0.02287	0.01661	0.00839	0.00679	0.00212	0.00580	0.00677	0.00832	0.01150
