[name]
unknown

[dist]
# distance from previous block
# <min> <max>
0	0

[block]
# block no. 0 follows, 31 sequences, length 19
# corresponding to MSA columns:
# 4-22
name=unknown_A
#
# <colnr> <probs for GDERKNQSTAVLIFYWHMCP>
#	G	D	E	R	K	N	Q	S	T	A	V	L	I	F	Y	W	H	M	C	P
0	0.01102	0.00787	0.01102	0.01260	0.01417	0.00787	0.01102	0.01417	0.01575	0.02047	0.03622	0.07717	0.03937	0.01890	0.00945	0.00315	0.00630	0.67084	0.00630	0.00630
1	0.01660	0.17613	0.03941	0.02521	0.03191	0.01937	0.54809	0.02161	0.01567	0.02068	0.01292	0.01687	0.01004	0.00579	0.00729	0.00213	0.01064	0.00714	0.00335	0.00913
2	0.02511	0.02076	0.02040	0.01618	0.02096	0.12226	0.01318	0.54797	0.02871	0.03735	0.01503	0.01573	0.01103	0.00833	0.00793	0.00208	0.06421	0.00590	0.00608	0.01079
3	0.00940	0.00677	0.00889	0.00880	0.01016	0.00627	0.00643	0.01219	0.01804	0.02533	0.57034	0.20006	0.06047	0.01556	0.00821	0.00228	0.00338	0.01387	0.00728	0.00627
4	0.00848	0.00674	0.00761	0.00784	0.00959	0.00587	0.00571	0.01041	0.01586	0.02016	0.19884	0.20942	0.43432	0.01749	0.00822	0.00238	0.00352	0.01507	0.00660	0.00587
5	0.02556	0.03261	0.01939	0.01763	0.02115	0.73210	0.01322	0.02732	0.01939	0.01674	0.01058	0.01234	0.00881	0.00705	0.00617	0.00176	0.01234	0.00441	0.00353	0.00793
6	0.02151	0.01727	0.02061	0.02077	0.16743	0.01896	0.01407	0.36309	0.22143	0.03457	0.01895	0.01914	0.01412	0.00807	0.00686	0.00213	0.00705	0.00660	0.00615	0.01123
7	0.00934	0.00698	0.00868	0.00825	0.01001	0.00631	0.00619	0.01226	0.01857	0.02554	0.57702	0.05422	0.20199	0.01469	0.00807	0.00219	0.00328	0.01281	0.00728	0.00631
8	0.01693	0.01626	0.02777	0.04199	0.71689	0.01626	0.02100	0.02100	0.01558	0.02235	0.01287	0.01693	0.01084	0.00610	0.00677	0.00203	0.00813	0.00610	0.00339	0.01084
9	0.64037	0.01434	0.01647	0.01319	0.01800	0.01576	0.15227	0.02049	0.01260	0.02884	0.01044	0.01267	0.00804	0.00623	0.00505	0.00216	0.00661	0.00463	0.00407	0.00779
10	0.01702	0.01470	0.01547	0.01392	0.01779	0.01702	0.01083	0.03635	0.70453	0.02862	0.02785	0.02553	0.02088	0.00928	0.00696	0.00232	0.00541	0.00773	0.00696	0.01083
11	0.02780	0.01229	0.01579	0.01254	0.01753	0.01153	0.01022	0.03398	0.16451	0.57500	0.02717	0.02376	0.01777	0.00864	0.00690	0.00216	0.00574	0.00706	0.00815	0.01147
12	0.00834	0.00595	0.00794	0.00953	0.00992	0.00556	0.00635	0.00953	0.01310	0.01746	0.03771	0.75510	0.04525	0.02143	0.00873	0.00278	0.00397	0.01945	0.00635	0.00556
13	0.44966	0.01705	0.01436	0.01205	0.01660	0.10536	0.00978	0.19643	0.01852	0.08450	0.01276	0.01356	0.00940	0.00708	0.00535	0.00206	0.00678	0.00467	0.00514	0.00889
14	0.00968	0.00699	0.00914	0.00861	0.01022	0.00646	0.00646	0.01291	0.01937	0.02743	0.71328	0.05110	0.06455	0.01399	0.00807	0.00215	0.00323	0.01237	0.00753	0.00646
15	0.08955	0.01176	0.01544	0.01193	0.01714	0.01046	0.00985	0.03234	0.01898	0.66930	0.02567	0.02236	0.01621	0.00831	0.00668	0.00212	0.00578	0.00664	0.00815	0.01132
16	0.07780	0.08348	0.61965	0.01812	0.02747	0.01661	0.02291	0.02146	0.01418	0.02201	0.01187	0.01394	0.00857	0.00644	0.00617	0.00211	0.00953	0.00485	0.00300	0.00980
17	0.01157	0.01042	0.01908	0.01585	0.01862	0.01093	0.19980	0.01484	0.01240	0.01747	0.01720	0.02523	0.01553	0.06676	0.50180	0.00839	0.01596	0.00764	0.00363	0.00690
18	0.00832	0.00602	0.00787	0.00935	0.00988	0.00557	0.00627	0.00955	0.01327	0.01753	0.03987	0.70790	0.09105	0.02115	0.00869	0.00275	0.00393	0.01911	0.00635	0.00557

[dist]
# distance from previous block
# <min> <max>
0	5

[block]
# block no. 1 follows, 31 sequences, length 74
# corresponding to MSA columns:
# 28-101
name=unknown_B
#
# <colnr> <probs for GDERKNQSTAVLIFYWHMCP>
#	G	D	E	R	K	N	Q	S	T	A	V	L	I	F	Y	W	H	M	C	P
0	0.01662	0.01425	0.01502	0.01356	0.01722	0.01644	0.01046	0.03489	0.66594	0.02777	0.02750	0.02659	0.02111	0.05096	0.00851	0.00256	0.00548	0.00786	0.00680	0.01046
1	0.01395	0.01185	0.01381	0.00998	0.01573	0.00898	0.00789	0.01682	0.01395	0.02179	0.01268	0.01589	0.01095	0.04698	0.00672	0.00133	0.00515	0.00438	0.00406	0.75710
2	0.00950	0.00699	0.00889	0.00841	0.01011	0.00638	0.00631	0.01256	0.01893	0.02641	0.63930	0.05280	0.13918	0.01437	0.00807	0.00217	0.00325	0.01261	0.00740	0.00638
3	0.00834	0.00595	0.00794	0.00953	0.00992	0.00556	0.00635	0.00953	0.01310	0.01746	0.03771	0.75510	0.04525	0.02143	0.00873	0.00278	0.00397	0.01945	0.00635	0.00556
4	0.01660	0.01609	0.02795	0.09114	0.63140	0.01624	0.05813	0.02080	0.01547	0.02198	0.01287	0.01711	0.01069	0.00613	0.00685	0.00206	0.00839	0.00620	0.00337	0.01052
5	0.01384	0.03467	0.69795	0.02034	0.05543	0.01590	0.02512	0.02164	0.01449	0.02169	0.01230	0.01454	0.00875	0.00648	0.00651	0.00216	0.01004	0.00509	0.00291	0.01014
6	0.02601	0.01916	0.02053	0.01574	0.02122	0.02122	0.01300	0.69408	0.03217	0.04312	0.01643	0.01643	0.01163	0.00821	0.00684	0.00205	0.00753	0.00616	0.00684	0.01163
7	0.01693	0.01626	0.02777	0.04199	0.71689	0.01626	0.02100	0.02100	0.01558	0.02235	0.01287	0.01693	0.01084	0.00610	0.00677	0.00203	0.00813	0.00610	0.00339	0.01084
8	0.00995	0.00663	0.00746	0.00746	0.00746	0.00663	0.00415	0.00995	0.00995	0.01327	0.02156	0.04477	0.02487	0.75957	0.03482	0.00663	0.00663	0.00995	0.00415	0.00415
9	0.01412	0.01359	0.02344	0.51256	0.20126	0.01576	0.06079	0.01854	0.01417	0.01885	0.01233	0.01784	0.00959	0.00677	0.00741	0.00225	0.03293	0.00620	0.00314	0.00845
10	0.01372	0.03539	0.72412	0.01950	0.02961	0.01589	0.02528	0.02167	0.01444	0.02167	0.01228	0.01444	0.00867	0.00650	0.00650	0.00217	0.01011	0.00506	0.00289	0.01011
11	0.01828	0.01633	0.01612	0.01432	0.01828	0.06976	0.01116	0.08248	0.60645	0.02878	0.02577	0.02391	0.01934	0.00904	0.00689	0.00226	0.00607	0.00738	0.00670	0.01067
12	0.80789	0.01323	0.01006	0.00900	0.01323	0.01535	0.00741	0.02011	0.01164	0.03070	0.00953	0.01111	0.00741	0.00635	0.00423	0.00212	0.00529	0.00370	0.00423	0.00741
13	0.01015	0.00774	0.01079	0.11473	0.01555	0.00772	0.00827	0.01357	0.01854	0.02600	0.61199	0.04636	0.05654	0.01295	0.00789	0.00217	0.00408	0.01146	0.00688	0.00662
14	0.00831	0.00606	0.00783	0.00924	0.00985	0.00558	0.00622	0.00956	0.01337	0.01758	0.04118	0.67945	0.11866	0.02098	0.00866	0.00273	0.00391	0.01890	0.00635	0.00558
15	0.01768	0.01502	0.01584	0.01406	0.01804	0.01732	0.01099	0.08459	0.65522	0.02968	0.02701	0.02486	0.02021	0.00920	0.00695	0.00230	0.00557	0.00762	0.00695	0.01089
16	0.01419	0.01216	0.01419	0.01013	0.01621	0.00912	0.00811	0.01723	0.01419	0.02229	0.01216	0.01419	0.01013	0.00507	0.00507	0.00101	0.00507	0.00405	0.00405	0.80139
17	0.01390	0.06351	0.69754	0.01920	0.02915	0.01632	0.02475	0.02162	0.01442	0.02145	0.01217	0.01431	0.00867	0.00647	0.00642	0.00214	0.01000	0.00500	0.00289	0.01006
18	0.01372	0.03539	0.72412	0.01950	0.02961	0.01589	0.02528	0.02167	0.01444	0.02167	0.01228	0.01444	0.00867	0.00650	0.00650	0.00217	0.01011	0.00506	0.00289	0.01011
19	0.00995	0.00663	0.00746	0.00746	0.00746	0.00663	0.00415	0.00995	0.00995	0.01327	0.02156	0.04477	0.02487	0.75957	0.03482	0.00663	0.00663	0.00995	0.00415	0.00415
20	0.00946	0.00698	0.00884	0.00837	0.01008	0.00636	0.00628	0.01248	0.01884	0.02619	0.62402	0.05315	0.15459	0.01445	0.00807	0.00217	0.00326	0.01266	0.00737	0.00636
21	0.02753	0.01096	0.01474	0.01153	0.01634	0.00948	0.00944	0.03015	0.01927	0.62041	0.07918	0.02840	0.07147	0.00951	0.00705	0.00213	0.00546	0.00783	0.00825	0.01084
22	0.03070	0.01164	0.01588	0.01217	0.01746	0.01006	0.01006	0.03334	0.01958	0.72163	0.02699	0.02329	0.01694	0.00847	0.00688	0.00212	0.00582	0.00688	0.00847	0.01164
23	0.80789	0.01323	0.01006	0.00900	0.01323	0.01535	0.00741	0.02011	0.01164	0.03070	0.00953	0.01111	0.00741	0.00635	0.00423	0.00212	0.00529	0.00370	0.00423	0.00741
24	0.01803	0.72283	0.07446	0.01214	0.01824	0.02644	0.01247	0.02055	0.01393	0.01641	0.00967	0.01117	0.00877	0.00589	0.00451	0.00150	0.00747	0.00374	0.00292	0.00885
25	0.01491	0.01494	0.02018	0.01744	0.01764	0.04170	0.01444	0.01648	0.01079	0.01643	0.00971	0.01576	0.00957	0.01471	0.07403	0.00354	0.67123	0.00604	0.00306	0.00740
26	0.00845	0.00600	0.00790	0.00937	0.00974	0.00564	0.00619	0.00956	0.01287	0.01716	0.03652	0.70301	0.04375	0.07557	0.01065	0.00306	0.00416	0.01875	0.00619	0.00545
27	0.01026	0.00772	0.00958	0.00899	0.01087	0.00740	0.00678	0.01491	0.08382	0.02691	0.60272	0.04974	0.10664	0.01378	0.00797	0.00218	0.00345	0.01208	0.00739	0.00682
28	0.01461	0.01437	0.02000	0.01721	0.01721	0.01994	0.01420	0.01600	0.01044	0.01624	0.00988	0.01709	0.01011	0.06516	0.02333	0.00325	0.69437	0.00627	0.00308	0.00725
29	0.01425	0.01407	0.02031	0.01739	0.01805	0.01871	0.05160	0.01613	0.01154	0.01720	0.01554	0.02334	0.06145	0.01252	0.01968	0.00292	0.59896	0.05546	0.00350	0.00737
30	0.01348	0.00736	0.00772	0.00738	0.00922	0.00759	0.00564	0.06391	0.01537	0.02605	0.02161	0.02496	0.01708	0.01117	0.05829	0.00232	0.00461	0.00643	0.68308	0.00673
31	0.01419	0.01216	0.01419	0.01013	0.01621	0.00912	0.00811	0.01723	0.01419	0.02229	0.01216	0.01419	0.01013	0.00507	0.00507	0.00101	0.00507	0.00405	0.00405	0.80139
32	0.01702	0.01470	0.01547	0.01392	0.01779	0.01702	0.01083	0.03635	0.70453	0.02862	0.02785	0.02553	0.02088	0.00928	0.00696	0.00232	0.00541	0.00773	0.00696	0.01083
33	0.01188	0.00594	0.00891	0.00891	0.00891	0.00594	0.00594	0.00891	0.00891	0.01188	0.01188	0.02080	0.01188	0.02377	0.02674	0.80095	0.00594	0.00594	0.00297	0.00297
34	0.01725	0.01826	0.03833	0.02747	0.03425	0.01728	0.62779	0.06202	0.01722	0.04794	0.01446	0.01851	0.01069	0.00601	0.00796	0.00229	0.01110	0.00792	0.00384	0.00945
35	0.01188	0.00594	0.00891	0.00891	0.00891	0.00594	0.00594	0.00891	0.00891	0.01188	0.01188	0.02080	0.01188	0.02377	0.02674	0.80095	0.00594	0.00594	0.00297	0.00297
36	0.02866	0.01239	0.01616	0.01268	0.01774	0.01140	0.01052	0.12100	0.02100	0.58034	0.02622	0.02619	0.01782	0.00918	0.00706	0.00218	0.00609	0.05402	0.00809	0.01126
37	0.01833	0.01248	0.01520	0.01476	0.08166	0.01285	0.01049	0.04830	0.29209	0.17647	0.12735	0.03067	0.08342	0.00999	0.00711	0.00217	0.00533	0.00846	0.00688	0.03599
38	0.80789	0.01323	0.01006	0.00900	0.01323	0.01535	0.00741	0.02011	0.01164	0.03070	0.00953	0.01111	0.00741	0.00635	0.00423	0.00212	0.00529	0.00370	0.00423	0.00741
39	0.01786	0.69524	0.10053	0.01244	0.01869	0.02602	0.01298	0.02060	0.01395	0.01662	0.00977	0.01130	0.00877	0.00591	0.00459	0.00153	0.00758	0.00379	0.00292	0.00890
40	0.01426	0.05457	0.59273	0.01909	0.02821	0.01600	0.06514	0.04712	0.01549	0.02266	0.05178	0.01672	0.01203	0.00692	0.00663	0.00215	0.00963	0.00565	0.00334	0.00987
41	0.04450	0.25004	0.02343	0.01334	0.01865	0.03747	0.01156	0.23025	0.09235	0.18688	0.01753	0.01698	0.01273	0.00757	0.00601	0.00191	0.00691	0.00560	0.00585	0.01046
42	0.01546	0.01476	0.02512	0.29864	0.47172	0.01587	0.02027	0.01971	0.01488	0.02057	0.01261	0.01741	0.01021	0.00637	0.00680	0.00212	0.00849	0.00609	0.00326	0.00965
43	0.01649	0.01049	0.01199	0.01043	0.01386	0.01029	0.00820	0.06867	0.16509	0.18004	0.13611	0.04231	0.27284	0.01255	0.00749	0.00223	0.00465	0.01047	0.00715	0.00866
44	0.01656	0.01587	0.02709	0.10788	0.65395	0.01616	0.02081	0.02067	0.01540	0.02189	0.01280	0.01706	0.01068	0.00617	0.00678	0.00206	0.00822	0.00609	0.00335	0.01053
45	0.02062	0.01600	0.01763	0.01326	0.01895	0.01586	0.01082	0.38094	0.04540	0.03366	0.01494	0.01574	0.01127	0.00689	0.00608	0.00161	0.00640	0.00530	0.00564	0.35301
46	0.00977	0.00733	0.01100	0.01100	0.01222	0.00855	0.00855	0.01222	0.01100	0.01588	0.01833	0.02688	0.01710	0.05131	0.73245	0.01100	0.01833	0.00733	0.00367	0.00611
47	0.00843	0.00602	0.00805	0.00963	0.01007	0.00564	0.00652	0.00969	0.01319	0.01757	0.03765	0.73109	0.04504	0.02134	0.00876	0.00279	0.00405	0.04252	0.00635	0.00558
48	0.01419	0.01216	0.01419	0.01013	0.01621	0.00912	0.00811	0.01723	0.01419	0.02229	0.01216	0.01419	0.01013	0.00507	0.00507	0.00101	0.00507	0.00405	0.00405	0.80139
49	0.01724	0.01513	0.02480	0.15746	0.49779	0.01544	0.01900	0.04202	0.01595	0.06600	0.01370	0.01739	0.01091	0.00638	0.00670	0.00202	0.00796	0.00603	0.00379	0.05428
50	0.04360	0.53583	0.04878	0.01389	0.03754	0.16717	0.01246	0.02230	0.03279	0.01731	0.01036	0.01188	0.00911	0.00622	0.00493	0.00160	0.00831	0.00402	0.00320	0.00871
51	0.01693	0.01626	0.02777	0.04199	0.71689	0.01626	0.02100	0.02100	0.01558	0.02235	0.01287	0.01693	0.01084	0.00610	0.00677	0.00203	0.00813	0.00610	0.00339	0.01084
52	0.01615	0.01845	0.04037	0.02884	0.03576	0.01730	0.69204	0.02191	0.01615	0.02191	0.01384	0.01845	0.01038	0.00577	0.00807	0.00231	0.01153	0.00807	0.00346	0.00923
53	0.00994	0.00666	0.00759	0.00759	0.00764	0.00670	0.00431	0.01003	0.00999	0.01336	0.02143	0.04410	0.02458	0.73295	0.06103	0.00680	0.00707	0.00985	0.00413	0.00422
54	0.00834	0.00595	0.00794	0.00953	0.00992	0.00556	0.00635	0.00953	0.01310	0.01746	0.03771	0.75510	0.04525	0.02143	0.00873	0.00278	0.00397	0.01945	0.00635	0.00556
55	0.00843	0.00667	0.00759	0.00794	0.00960	0.00583	0.00573	0.01026	0.01554	0.01972	0.16986	0.25452	0.41832	0.01790	0.00826	0.00241	0.00356	0.01548	0.00655	0.00583
56	0.01702	0.01470	0.01547	0.01392	0.01779	0.01702	0.01083	0.03635	0.70453	0.02862	0.02785	0.02553	0.02088	0.00928	0.00696	0.00232	0.00541	0.00773	0.00696	0.01083
57	0.01361	0.01286	0.02176	0.62270	0.16215	0.01538	0.01934	0.01808	0.01401	0.01832	0.01228	0.01802	0.00941	0.00671	0.00683	0.00224	0.00895	0.00608	0.00310	0.00816
58	0.02558	0.03186	0.01945	0.01752	0.02115	0.69261	0.01321	0.06436	0.02010	0.01821	0.01090	0.01256	0.00897	0.00711	0.00621	0.00178	0.01207	0.00450	0.00371	0.00814
59	0.00968	0.00699	0.00914	0.00861	0.01022	0.00646	0.00646	0.01291	0.01937	0.02743	0.71328	0.05110	0.06455	0.01399	0.00807	0.00215	0.00323	0.01237	0.00753	0.00646
60	0.01419	0.01216	0.01419	0.01013	0.01621	0.00912	0.00811	0.01723	0.01419	0.02229	0.01216	0.01419	0.01013	0.00507	0.00507	0.00101	0.00507	0.00405	0.00405	0.80139
61	0.01275	0.00638	0.00638	0.00638	0.00797	0.00638	0.00478	0.01594	0.01435	0.02551	0.02232	0.02551	0.01754	0.00797	0.00478	0.00159	0.00319	0.00638	0.79755	0.00638
62	0.01533	0.01205	0.01429	0.03614	0.01666	0.01317	0.01005	0.16832	0.17992	0.02572	0.02222	0.12809	0.02000	0.02216	0.21070	0.00465	0.00939	0.00860	0.00554	0.07701
63	0.01292	0.01216	0.02052	0.74312	0.04712	0.01520	0.01900	0.01748	0.01368	0.01748	0.01216	0.01824	0.00912	0.00684	0.00684	0.00228	0.00912	0.00608	0.00304	0.00760
64	0.01292	0.01216	0.02052	0.74312	0.04712	0.01520	0.01900	0.01748	0.01368	0.01748	0.01216	0.01824	0.00912	0.00684	0.00684	0.00228	0.00912	0.00608	0.00304	0.00760
65	0.01275	0.00638	0.00638	0.00638	0.00797	0.00638	0.00478	0.01594	0.01435	0.02551	0.02232	0.02551	0.01754	0.00797	0.00478	0.00159	0.00319	0.00638	0.79755	0.00638
66	0.01644	0.01830	0.10654	0.06134	0.61800	0.01618	0.02142	0.02096	0.01539	0.02212	0.01278	0.01669	0.01054	0.00616	0.00674	0.00205	0.00838	0.00598	0.00332	0.01065
67	0.01615	0.01845	0.04037	0.02884	0.03576	0.01730	0.69204	0.02191	0.01615	0.02191	0.01384	0.01845	0.01038	0.00577	0.00807	0.00231	0.01153	0.00807	0.00346	0.00923
68	0.00981	0.00749	0.00934	0.01026	0.01214	0.00701	0.00862	0.01238	0.01569	0.01965	0.04985	0.07250	0.31729	0.01825	0.00889	0.00280	0.00513	0.40048	0.00632	0.00608
69	0.01372	0.03539	0.72412	0.01950	0.02961	0.01589	0.02528	0.02167	0.01444	0.02167	0.01228	0.01444	0.00867	0.00650	0.00650	0.00217	0.01011	0.00506	0.00289	0.01011
70	0.00980	0.00721	0.01037	0.01037	0.01138	0.00821	0.00777	0.01182	0.01081	0.01542	0.01890	0.03004	0.01848	0.17656	0.60908	0.01022	0.01626	0.00779	0.00375	0.00576
71	0.01533	0.01080	0.01298	0.01105	0.01402	0.01132	0.04972	0.14293	0.11854	0.02939	0.17293	0.02902	0.02680	0.00939	0.00640	0.00195	0.00483	0.00795	0.31648	0.00818
72	0.30453	0.19671	0.19226	0.01571	0.07296	0.05777	0.03245	0.02109	0.01370	0.02343	0.01062	0.01260	0.00846	0.00627	0.00522	0.00195	0.00771	0.00436	0.00348	0.00873
73	0.01461	0.26552	0.39946	0.01542	0.02293	0.01812	0.01819	0.02002	0.01498	0.02071	0.11266	0.01862	0.01678	0.00737	0.00605	0.00194	0.00822	0.00566	0.00357	0.00915

[dist]
# distance from previous block
# <min> <max>
0	1

[block]
# block no. 2 follows, 31 sequences, length 6
# corresponding to MSA columns:
# 103-108
name=unknown_C
#
# <colnr> <probs for GDERKNQSTAVLIFYWHMCP>
#	G	D	E	R	K	N	Q	S	T	A	V	L	I	F	Y	W	H	M	C	P
0	0.01397	0.03364	0.65335	0.02047	0.03025	0.01603	0.09429	0.02169	0.01462	0.02169	0.01244	0.01486	0.00884	0.00642	0.00666	0.00218	0.01026	0.00537	0.00295	0.01002
1	0.01526	0.01407	0.02016	0.18627	0.18959	0.04550	0.04824	0.02165	0.13319	0.02165	0.01791	0.02480	0.01516	0.00873	0.00833	0.00229	0.07393	0.06834	0.07613	0.00877
2	0.00910	0.00724	0.00823	0.00825	0.01013	0.00659	0.00608	0.01220	0.05675	0.02144	0.24379	0.17432	0.37796	0.01659	0.00812	0.00234	0.00360	0.01430	0.00672	0.00623
3	0.00868	0.00695	0.00775	0.00755	0.00960	0.00603	0.00567	0.01097	0.01700	0.02181	0.30857	0.06037	0.47277	0.01609	0.00808	0.00225	0.00338	0.01367	0.00679	0.00603
4	0.01437	0.10172	0.59863	0.01961	0.02904	0.01706	0.08386	0.02158	0.01455	0.02117	0.01216	0.01448	0.00883	0.00637	0.00644	0.00211	0.00998	0.00520	0.00294	0.00991
5	0.05375	0.11594	0.18417	0.01476	0.02107	0.01773	0.01453	0.25291	0.05076	0.14913	0.01886	0.01873	0.04177	0.00792	0.00641	0.00204	0.00745	0.00603	0.00558	0.01046

[dist]
# distance from previous block
# <min> <max>
0	1

[block]
# block no. 3 follows, 31 sequences, length 13
# corresponding to MSA columns:
# 110-122
name=unknown_D
#
# <colnr> <probs for GDERKNQSTAVLIFYWHMCP>
#	G	D	E	R	K	N	Q	S	T	A	V	L	I	F	Y	W	H	M	C	P
0	0.03987	0.33236	0.15281	0.01314	0.01843	0.06688	0.01316	0.05049	0.01625	0.02138	0.16698	0.02101	0.02127	0.00818	0.00640	0.00186	0.03074	0.00609	0.00421	0.00850
1	0.05091	0.46455	0.18510	0.01347	0.01997	0.02258	0.01435	0.08464	0.01569	0.02095	0.01137	0.01294	0.00937	0.00634	0.00510	0.00171	0.00768	0.00433	0.03976	0.00918
2	0.34002	0.01453	0.05439	0.01186	0.01721	0.01344	0.04114	0.05767	0.03492	0.16345	0.01474	0.01537	0.01067	0.00665	0.00545	0.00189	0.00603	0.00492	0.00512	0.18054
3	0.01641	0.46466	0.31843	0.01491	0.02251	0.02248	0.01728	0.02097	0.01412	0.01838	0.01065	0.01240	0.00873	0.00612	0.00526	0.00175	0.00846	0.00423	0.00291	0.00933
4	0.49612	0.20468	0.01789	0.01093	0.01547	0.12208	0.00933	0.02125	0.01333	0.02501	0.00967	0.01126	0.00796	0.00633	0.00455	0.00190	0.00682	0.00379	0.00380	0.00783
5	0.80789	0.01323	0.01006	0.00900	0.01323	0.01535	0.00741	0.02011	0.01164	0.03070	0.00953	0.01111	0.00741	0.00635	0.00423	0.00212	0.00529	0.00370	0.00423	0.00741
6	0.01188	0.00594	0.00891	0.00891	0.00891	0.00594	0.00594	0.00891	0.00891	0.01188	0.01188	0.02080	0.01188	0.02377	0.02674	0.80095	0.00594	0.00594	0.00297	0.00297
7	0.00959	0.00699	0.00901	0.00851	0.01016	0.00642	0.00638	0.01273	0.01914	0.02691	0.67547	0.05197	0.10268	0.01418	0.00807	0.00216	0.00324	0.01249	0.00746	0.00642
8	0.01672	0.39230	0.22479	0.01439	0.02100	0.02169	0.01533	0.02435	0.16772	0.02045	0.01437	0.01519	0.01144	0.00680	0.00556	0.00185	0.00768	0.00496	0.00381	0.00961
9	0.01656	0.01476	0.01669	0.01482	0.01783	0.01789	0.01175	0.03193	0.55010	0.02591	0.02365	0.02318	0.01824	0.00988	0.01041	0.00247	0.17043	0.00735	0.00608	0.01008
10	0.01469	0.01951	0.17741	0.01830	0.02055	0.01983	0.01726	0.01762	0.01136	0.01762	0.00971	0.01485	0.00891	0.01076	0.01890	0.00281	0.58308	0.00578	0.00297	0.00807
11	0.01578	0.09887	0.02555	0.01881	0.02115	0.02053	0.13805	0.02012	0.08911	0.01877	0.01203	0.01634	0.01054	0.00986	0.01609	0.00262	0.44764	0.00630	0.00351	0.00832
12	0.01157	0.17542	0.01586	0.01082	0.01290	0.01208	0.00882	0.01367	0.01220	0.01629	0.02053	0.12807	0.02125	0.08447	0.37069	0.00688	0.01223	0.05567	0.00409	0.00650

[dist]
# distance from previous block
# <min> <max>
2	10

[block]
# block no. 4 follows, 31 sequences, length 17
# corresponding to MSA columns:
# 133-149
name=unknown_E
#
# <colnr> <probs for GDERKNQSTAVLIFYWHMCP>
#	G	D	E	R	K	N	Q	S	T	A	V	L	I	F	Y	W	H	M	C	P
0	0.00892	0.00853	0.06139	0.00958	0.01130	0.00653	0.00754	0.01108	0.01480	0.01971	0.15917	0.43569	0.18403	0.01818	0.00832	0.00253	0.00420	0.01612	0.00630	0.00610
1	0.01737	0.34287	0.33219	0.01579	0.02330	0.06932	0.01779	0.07173	0.01587	0.02057	0.01130	0.01298	0.00895	0.00639	0.00561	0.00183	0.00888	0.00450	0.00324	0.00951
2	0.01629	0.22810	0.46514	0.01716	0.02567	0.01849	0.04178	0.02223	0.01474	0.07242	0.01268	0.01430	0.00937	0.00645	0.00601	0.00198	0.00909	0.00491	0.00333	0.00984
3	0.01616	0.01702	0.07703	0.13183	0.50353	0.03986	0.01969	0.02045	0.01528	0.02166	0.01329	0.01734	0.01083	0.00639	0.00661	0.00204	0.00822	0.00598	0.05686	0.00995
4	0.01066	0.00726	0.00885	0.00829	0.01024	0.00651	0.00618	0.01320	0.01766	0.07070	0.43453	0.05306	0.24625	0.06471	0.00979	0.00250	0.00370	0.01244	0.00703	0.00645
5	0.01853	0.01530	0.06160	0.01218	0.01610	0.05253	0.01031	0.24059	0.13692	0.03102	0.02003	0.02111	0.01512	0.00812	0.00601	0.00191	0.00593	0.00634	0.31118	0.00917
6	0.01372	0.03539	0.72412	0.01950	0.02961	0.01589	0.02528	0.02167	0.01444	0.02167	0.01228	0.01444	0.00867	0.00650	0.00650	0.00217	0.01011	0.00506	0.00289	0.01011
7	0.01061	0.00758	0.01055	0.01213	0.01352	0.00752	0.01031	0.01346	0.01534	0.02001	0.03645	0.18113	0.04027	0.01929	0.00934	0.00309	0.00594	0.57095	0.00631	0.00619
8	0.01835	0.01637	0.01636	0.01534	0.04616	0.08570	0.01144	0.03475	0.58524	0.05308	0.02555	0.02382	0.01917	0.00891	0.00687	0.00225	0.00621	0.00732	0.00654	0.01058
9	0.00849	0.00613	0.00795	0.00933	0.00990	0.00571	0.00632	0.00974	0.01323	0.01745	0.03931	0.64261	0.09586	0.05706	0.00998	0.00294	0.00414	0.04205	0.00624	0.00553
10	0.01631	0.37472	0.37696	0.01572	0.02368	0.02130	0.01849	0.04588	0.01484	0.01986	0.01114	0.01290	0.00883	0.00626	0.00553	0.00183	0.00871	0.00444	0.00305	0.00955
11	0.07987	0.10183	0.24618	0.01748	0.05996	0.12679	0.01664	0.17814	0.01942	0.07211	0.01348	0.01469	0.00995	0.00701	0.00618	0.00199	0.00882	0.00514	0.00440	0.00993
12	0.02207	0.05436	0.05796	0.04452	0.05976	0.06627	0.04217	0.25687	0.11601	0.13661	0.02019	0.02022	0.03829	0.00816	0.00673	0.00207	0.00746	0.00656	0.02328	0.01042
13	0.01654	0.07678	0.04396	0.05668	0.29230	0.05129	0.15503	0.03741	0.06370	0.02190	0.01643	0.04605	0.03445	0.00724	0.00685	0.00205	0.00839	0.00696	0.00392	0.05209
14	0.08856	0.07586	0.17616	0.01365	0.01891	0.01301	0.04587	0.03865	0.04385	0.07672	0.02204	0.13610	0.04665	0.01034	0.00674	0.00215	0.00674	0.06562	0.00487	0.10751
15	0.06831	0.18101	0.21247	0.05116	0.05869	0.04745	0.01519	0.06272	0.03119	0.04045	0.03930	0.05753	0.01507	0.03501	0.00721	0.00218	0.00778	0.03165	0.00409	0.03153
16	0.01870	0.18508	0.07621	0.01539	0.02057	0.01860	0.07920	0.20439	0.06864	0.04489	0.01727	0.02352	0.01475	0.02560	0.00783	0.00218	0.03598	0.08218	0.00496	0.05406

[dist]
# distance from previous block
# <min> <max>
4	36

[block]
# block no. 5 follows, 31 sequences, length 19
# corresponding to MSA columns:
# 186-204
name=unknown_F
#
# <colnr> <probs for GDERKNQSTAVLIFYWHMCP>
#	G	D	E	R	K	N	Q	S	T	A	V	L	I	F	Y	W	H	M	C	P
0	0.04628	0.36307	0.25869	0.01580	0.02292	0.04462	0.04449	0.04514	0.01576	0.06350	0.01283	0.01465	0.01019	0.00694	0.00591	0.00199	0.00868	0.00491	0.00378	0.00985
1	0.01769	0.53208	0.24550	0.01464	0.02180	0.02392	0.01615	0.02137	0.01459	0.01861	0.01125	0.01327	0.00958	0.00664	0.00542	0.00184	0.00843	0.00438	0.00322	0.00961
2	0.01844	0.57816	0.17428	0.01407	0.02070	0.05264	0.01482	0.02151	0.01475	0.01807	0.01101	0.01297	0.00959	0.00662	0.00528	0.00178	0.00834	0.00427	0.00325	0.00944
3	0.01834	0.49257	0.24461	0.01467	0.02179	0.02302	0.01607	0.02204	0.01488	0.05553	0.01217	0.01392	0.01001	0.00677	0.00555	0.00188	0.00836	0.00455	0.00351	0.00976
4	0.01831	0.63142	0.15162	0.01358	0.02015	0.02544	0.01430	0.02121	0.01451	0.01785	0.01087	0.01280	0.00960	0.00655	0.00514	0.00175	0.00805	0.00419	0.00323	0.00943
5	0.01836	0.63837	0.14506	0.01350	0.02004	0.02555	0.01417	0.02119	0.01451	0.01780	0.01085	0.01277	0.00960	0.00654	0.00512	0.00174	0.00803	0.00418	0.00323	0.00941
6	0.17058	0.26316	0.22446	0.01589	0.02272	0.01952	0.09072	0.02241	0.01482	0.07567	0.01301	0.01499	0.01012	0.00691	0.00595	0.00210	0.00834	0.00510	0.00396	0.00958
7	0.01661	0.15238	0.54891	0.01813	0.02713	0.01767	0.02204	0.02286	0.01526	0.07460	0.01380	0.01574	0.01015	0.00712	0.00655	0.00220	0.00956	0.00525	0.00363	0.01042
8	0.03005	0.01228	0.01629	0.01258	0.01794	0.01047	0.01025	0.03246	0.01961	0.65931	0.02651	0.02366	0.01714	0.00876	0.00710	0.00219	0.00605	0.00692	0.00836	0.07207
9	0.01751	0.01337	0.12275	0.01164	0.01582	0.00931	0.01051	0.02034	0.01699	0.24435	0.08103	0.14075	0.19406	0.01307	0.00769	0.00240	0.00562	0.01083	0.05313	0.00883
10	0.01908	0.75365	0.03611	0.01227	0.01813	0.02732	0.01202	0.02101	0.01442	0.01692	0.01041	0.01222	0.00962	0.00644	0.00478	0.00163	0.00758	0.00396	0.00323	0.00920
11	0.01102	0.00787	0.01102	0.01260	0.01417	0.00787	0.01102	0.01417	0.01575	0.02047	0.03622	0.07717	0.03937	0.01890	0.00945	0.00315	0.00630	0.67084	0.00630	0.00630
12	0.01526	0.27992	0.49302	0.01688	0.02556	0.01964	0.02072	0.02127	0.01426	0.01980	0.01135	0.01328	0.00870	0.00628	0.00579	0.00193	0.00917	0.00459	0.00290	0.00966
13	0.02069	0.07021	0.34866	0.01708	0.02467	0.05213	0.06806	0.02596	0.01658	0.26399	0.01724	0.01749	0.01168	0.00712	0.00660	0.00210	0.00867	0.00579	0.00490	0.01038
14	0.00995	0.00663	0.00746	0.00746	0.00746	0.00663	0.00415	0.00995	0.00995	0.01327	0.02156	0.04477	0.02487	0.75957	0.03482	0.00663	0.00663	0.00995	0.00415	0.00415
15	0.01454	0.11441	0.56085	0.01981	0.02905	0.01731	0.10818	0.02157	0.01460	0.02108	0.01217	0.01457	0.00890	0.00633	0.00646	0.00211	0.00998	0.00528	0.00297	0.00985
16	0.01244	0.02444	0.43597	0.01698	0.06309	0.01262	0.01846	0.01846	0.01605	0.02331	0.22667	0.02791	0.05646	0.00921	0.00706	0.00216	0.00762	0.00774	0.00447	0.00886
17	0.02443	0.10309	0.06342	0.01551	0.02130	0.02156	0.01358	0.57965	0.02909	0.03885	0.01541	0.01570	0.01114	0.00785	0.00655	0.00199	0.00766	0.00582	0.00618	0.01123
18	0.72070	0.01539	0.01110	0.00996	0.01411	0.09523	0.00806	0.02091	0.01251	0.02914	0.00964	0.01125	0.00757	0.00643	0.00445	0.00208	0.00608	0.00378	0.00415	0.00747

[dist]
# distance from previous block
# <min> <max>
0	4

[block]
# block no. 6 follows, 31 sequences, length 8
# corresponding to MSA columns:
# 209-216
name=unknown_G
#
# <colnr> <probs for GDERKNQSTAVLIFYWHMCP>
#	G	D	E	R	K	N	Q	S	T	A	V	L	I	F	Y	W	H	M	C	P
0	0.01587	0.21311	0.14228	0.01554	0.02095	0.04432	0.13388	0.01994	0.01626	0.07041	0.18641	0.02430	0.02371	0.00981	0.03252	0.00230	0.00801	0.00722	0.00459	0.00858
1	0.01693	0.53377	0.08965	0.01468	0.02071	0.02310	0.11537	0.02021	0.01471	0.01830	0.06500	0.01550	0.01334	0.00652	0.00540	0.00170	0.00786	0.00511	0.00336	0.00877
2	0.07919	0.07344	0.02022	0.02155	0.26192	0.01347	0.01303	0.02111	0.01569	0.12804	0.07114	0.01902	0.01550	0.00683	0.00606	0.00175	0.00630	0.00581	0.00469	0.21524
3	0.02128	0.01510	0.07287	0.01378	0.01810	0.01444	0.01183	0.17947	0.12279	0.22749	0.02093	0.02258	0.01565	0.06049	0.10065	0.00359	0.05594	0.00689	0.00620	0.00997
4	0.01555	0.01319	0.04036	0.09719	0.07593	0.03810	0.01164	0.02418	0.24331	0.08940	0.16620	0.05248	0.08264	0.01044	0.00725	0.00223	0.00586	0.00894	0.00615	0.00897
5	0.01974	0.04541	0.01383	0.01088	0.01435	0.00974	0.00871	0.02338	0.05686	0.33295	0.23836	0.07825	0.03331	0.01436	0.06543	0.00286	0.00595	0.00931	0.00731	0.00903
6	0.01271	0.10571	0.17319	0.01409	0.05866	0.01277	0.01259	0.01835	0.09864	0.02178	0.13730	0.15523	0.09886	0.01160	0.00707	0.00217	0.00603	0.00989	0.00517	0.03820
7	0.01667	0.01515	0.06470	0.01701	0.07648	0.02980	0.11368	0.05285	0.12926	0.09652	0.05493	0.05075	0.08198	0.00871	0.00690	0.00199	0.00676	0.00778	0.00534	0.16272

[dist]
# distance from previous block
# <min> <max>
4	25

[block]
# block no. 7 follows, 31 sequences, length 68
# corresponding to MSA columns:
# 242-309
name=unknown_H
#
# <colnr> <probs for GDERKNQSTAVLIFYWHMCP>
#	G	D	E	R	K	N	Q	S	T	A	V	L	I	F	Y	W	H	M	C	P
0	0.04638	0.05938	0.05549	0.08078	0.09870	0.01452	0.06611	0.06612	0.12509	0.15491	0.04116	0.04309	0.01591	0.00889	0.00781	0.04624	0.00697	0.00688	0.00531	0.05025
1	0.08145	0.08948	0.19823	0.01988	0.13585	0.07478	0.01652	0.19035	0.03825	0.04918	0.03399	0.01625	0.01190	0.00719	0.00631	0.00202	0.00823	0.00556	0.00454	0.01007
2	0.07718	0.05708	0.11474	0.01583	0.04178	0.09530	0.03186	0.22278	0.04010	0.07131	0.03963	0.06310	0.01490	0.00971	0.02635	0.00232	0.03202	0.00666	0.00516	0.03220
3	0.17011	0.08752	0.04713	0.01294	0.03937	0.05449	0.04479	0.05398	0.07447	0.06474	0.03803	0.02321	0.01587	0.17044	0.01208	0.00297	0.00683	0.00648	0.02485	0.04969
4	0.04075	0.12733	0.29016	0.01557	0.02243	0.01780	0.01652	0.16808	0.09891	0.05117	0.03477	0.03576	0.01350	0.00771	0.00634	0.00204	0.00784	0.00597	0.00471	0.03265
5	0.23907	0.19612	0.17477	0.01334	0.01933	0.01807	0.03119	0.05985	0.07358	0.06138	0.01570	0.01654	0.04064	0.00719	0.00555	0.00200	0.00708	0.00522	0.00430	0.00905
6	0.41008	0.35167	0.02224	0.01058	0.01561	0.02095	0.00965	0.05653	0.01376	0.02479	0.00989	0.01134	0.00825	0.00623	0.00444	0.00182	0.00632	0.00382	0.00379	0.00825
7	0.06091	0.09140	0.39276	0.01702	0.02490	0.01859	0.01907	0.24493	0.02014	0.02880	0.01327	0.01463	0.00959	0.00701	0.00631	0.00207	0.00875	0.00523	0.00428	0.01036
8	0.00862	0.00695	0.00767	0.00749	0.00957	0.00600	0.00562	0.01085	0.01685	0.02146	0.28330	0.06094	0.49826	0.01622	0.00808	0.00226	0.00339	0.01375	0.00674	0.00600
9	0.00859	0.00674	0.00777	0.00795	0.00966	0.00592	0.00580	0.01064	0.01615	0.02082	0.24626	0.20605	0.38881	0.01723	0.00822	0.00236	0.00350	0.01490	0.00669	0.00592
10	0.01460	0.01428	0.02167	0.23862	0.11346	0.01864	0.01693	0.01733	0.01207	0.01750	0.01042	0.01619	0.00925	0.00970	0.01582	0.00266	0.43383	0.00603	0.00306	0.00793
11	0.01702	0.01470	0.01547	0.01392	0.01779	0.01702	0.01083	0.03635	0.70453	0.02862	0.02785	0.02553	0.02088	0.00928	0.00696	0.00232	0.00541	0.00773	0.00696	0.01083
12	0.01292	0.01216	0.02052	0.74312	0.04712	0.01520	0.01900	0.01748	0.01368	0.01748	0.01216	0.01824	0.00912	0.00684	0.00684	0.00228	0.00912	0.00608	0.00304	0.00760
13	0.01702	0.01470	0.01547	0.01392	0.01779	0.01702	0.01083	0.03635	0.70453	0.02862	0.02785	0.02553	0.02088	0.00928	0.00696	0.00232	0.00541	0.00773	0.00696	0.01083
14	0.00977	0.00733	0.01100	0.01100	0.01222	0.00855	0.00855	0.01222	0.01100	0.01588	0.01833	0.02688	0.01710	0.05131	0.73245	0.01100	0.01833	0.00733	0.00367	0.00611
15	0.01829	0.76368	0.03585	0.01171	0.01756	0.02707	0.01171	0.02049	0.01390	0.01610	0.00951	0.01097	0.00878	0.00585	0.00439	0.00146	0.00732	0.00366	0.00293	0.00878
16	0.00834	0.00595	0.00794	0.00953	0.00992	0.00556	0.00635	0.00953	0.01310	0.01746	0.03771	0.75510	0.04525	0.02143	0.00873	0.00278	0.00397	0.01945	0.00635	0.00556
17	0.01424	0.01390	0.01957	0.01699	0.01716	0.01923	0.01407	0.01587	0.01055	0.01638	0.01028	0.01663	0.01011	0.01746	0.12147	0.00411	0.64541	0.00617	0.00309	0.00729
18	0.00809	0.00693	0.00693	0.00693	0.00924	0.00578	0.00520	0.00982	0.01559	0.01848	0.06931	0.06584	0.71411	0.01733	0.00809	0.00231	0.00347	0.01444	0.00635	0.00578
19	0.01654	0.01404	0.01498	0.01343	0.01712	0.01606	0.01045	0.05450	0.61317	0.02895	0.09787	0.02787	0.02508	0.00973	0.00707	0.00229	0.00526	0.00816	0.00702	0.01040
20	0.00977	0.00733	0.01100	0.01100	0.01222	0.00855	0.00855	0.01222	0.01100	0.01588	0.01833	0.02688	0.01710	0.05131	0.73245	0.01100	0.01833	0.00733	0.00367	0.00611
21	0.01904	0.68862	0.03416	0.01231	0.01793	0.09946	0.01186	0.02119	0.01446	0.01616	0.00962	0.01111	0.00878	0.00598	0.00457	0.00149	0.00783	0.00373	0.00299	0.00869
22	0.01693	0.01626	0.02777	0.04199	0.71689	0.01626	0.02100	0.02100	0.01558	0.02235	0.01287	0.01693	0.01084	0.00610	0.00677	0.00203	0.00813	0.00610	0.00339	0.01084
23	0.00977	0.00733	0.01100	0.01100	0.01222	0.00855	0.00855	0.01222	0.01100	0.01588	0.01833	0.02688	0.01710	0.05131	0.73245	0.01100	0.01833	0.00733	0.00367	0.00611
24	0.00977	0.00733	0.01100	0.01100	0.01222	0.00855	0.00855	0.01222	0.01100	0.01588	0.01833	0.02688	0.01710	0.05131	0.73245	0.01100	0.01833	0.00733	0.00367	0.00611
25	0.01615	0.01845	0.04037	0.02884	0.03576	0.01730	0.69204	0.02191	0.01615	0.02191	0.01384	0.01845	0.01038	0.00577	0.00807	0.00231	0.01153	0.00807	0.00346	0.00923
26	0.01702	0.01470	0.01547	0.01392	0.01779	0.01702	0.01083	0.03635	0.70453	0.02862	0.02785	0.02553	0.02088	0.00928	0.00696	0.00232	0.00541	0.00773	0.00696	0.01083
27	0.01419	0.01216	0.01419	0.01013	0.01621	0.00912	0.00811	0.01723	0.01419	0.02229	0.01216	0.01419	0.01013	0.00507	0.00507	0.00101	0.00507	0.00405	0.00405	0.80139
28	0.01313	0.01245	0.02056	0.66867	0.04413	0.01579	0.01859	0.01738	0.01335	0.01738	0.01183	0.01790	0.00911	0.00737	0.00844	0.00235	0.08489	0.00607	0.00304	0.00759
29	0.00832	0.00600	0.00789	0.00941	0.00989	0.00557	0.00630	0.00954	0.01321	0.01751	0.03908	0.72519	0.07428	0.02126	0.00870	0.00276	0.00395	0.01923	0.00635	0.00557
30	0.01168	0.00601	0.00876	0.00876	0.00876	0.00601	0.00576	0.00902	0.00902	0.01203	0.01288	0.02326	0.01322	0.09932	0.02757	0.71939	0.00601	0.00635	0.00309	0.00309
31	0.00864	0.00619	0.00822	0.00932	0.00999	0.00576	0.00637	0.01030	0.01454	0.01975	0.19284	0.59344	0.04968	0.01972	0.00858	0.00263	0.00380	0.01782	0.00662	0.00576
32	0.01186	0.00881	0.00974	0.00910	0.01111	0.00898	0.00666	0.05349	0.13118	0.02295	0.17272	0.04321	0.18269	0.17198	0.03560	0.00337	0.00507	0.01037	0.09429	0.00682
33	0.80789	0.01323	0.01006	0.00900	0.01323	0.01535	0.00741	0.02011	0.01164	0.03070	0.00953	0.01111	0.00741	0.00635	0.00423	0.00212	0.00529	0.00370	0.00423	0.00741
34	0.00977	0.00733	0.01100	0.01100	0.01222	0.00855	0.00855	0.01222	0.01100	0.01588	0.01833	0.02688	0.01710	0.05131	0.73245	0.01100	0.01833	0.00733	0.00367	0.00611
35	0.01957	0.63513	0.03296	0.01275	0.01819	0.15105	0.01197	0.02169	0.01487	0.01621	0.00970	0.01121	0.00879	0.00606	0.00470	0.00152	0.00820	0.00379	0.00303	0.00863
36	0.01372	0.03539	0.72412	0.01950	0.02961	0.01589	0.02528	0.02167	0.01444	0.02167	0.01228	0.01444	0.00867	0.00650	0.00650	0.00217	0.01011	0.00506	0.00289	0.01011
37	0.02173	0.02673	0.04460	0.02168	0.12716	0.46711	0.07366	0.02443	0.01777	0.01854	0.01328	0.01570	0.02971	0.00728	0.00703	0.00192	0.03759	0.00541	0.03025	0.00843
38	0.01345	0.01294	0.02118	0.56678	0.04052	0.01650	0.03731	0.01739	0.01306	0.01739	0.01152	0.01754	0.00913	0.00791	0.01023	0.00243	0.16792	0.00612	0.00304	0.00762
39	0.01679	0.01636	0.02870	0.08464	0.52428	0.01651	0.12640	0.03969	0.03747	0.02272	0.01354	0.01751	0.01099	0.00625	0.00699	0.00210	0.00863	0.00646	0.00358	0.01039
40	0.01364	0.01120	0.01407	0.01096	0.01575	0.00910	0.02944	0.01651	0.01451	0.04093	0.05190	0.10734	0.01871	0.00848	0.00650	0.00152	0.02533	0.04165	0.00469	0.55777
41	0.00834	0.00595	0.00794	0.00953	0.00992	0.00556	0.00635	0.00953	0.01310	0.01746	0.03771	0.75510	0.04525	0.02143	0.00873	0.00278	0.00397	0.01945	0.00635	0.00556
42	0.01992	0.01866	0.01694	0.01487	0.01892	0.14956	0.01159	0.13174	0.47892	0.02857	0.02297	0.02175	0.01729	0.00871	0.00680	0.00218	0.00700	0.00689	0.00631	0.01041
43	0.00978	0.00860	0.04776	0.00928	0.01146	0.00698	0.00767	0.01304	0.01825	0.02524	0.52536	0.05342	0.15433	0.01447	0.00810	0.00226	0.00389	0.06657	0.00701	0.00654
44	0.01566	0.16668	0.50684	0.01839	0.02722	0.01774	0.07333	0.02210	0.01475	0.05830	0.01268	0.01459	0.00926	0.00643	0.00625	0.00205	0.00948	0.00513	0.00324	0.00988
45	0.01601	0.02541	0.33732	0.02370	0.03191	0.01622	0.35758	0.02253	0.01562	0.06630	0.01399	0.01701	0.01005	0.00626	0.00731	0.00223	0.01055	0.00668	0.00353	0.00977
46	0.01145	0.00840	0.01115	0.01234	0.01401	0.00861	0.01046	0.01593	0.08227	0.02077	0.03467	0.09493	0.03700	0.05824	0.01056	0.00324	0.00615	0.54697	0.00625	0.00660
47	0.00978	0.00729	0.01081	0.01081	0.01196	0.00845	0.00831	0.01209	0.01094	0.01574	0.01850	0.02784	0.01752	0.08940	0.69494	0.01076	0.01770	0.00747	0.00369	0.00600
48	0.01435	0.07743	0.58347	0.02037	0.02976	0.01678	0.12061	0.02163	0.01466	0.02136	0.01233	0.01481	0.00892	0.00635	0.00660	0.00214	0.01015	0.00541	0.00297	0.00990
49	0.01829	0.76368	0.03585	0.01171	0.01756	0.02707	0.01171	0.02049	0.01390	0.01610	0.00951	0.01097	0.00878	0.00585	0.00439	0.00146	0.00732	0.00366	0.00293	0.00878
50	0.00968	0.00699	0.00914	0.00861	0.01022	0.00646	0.00646	0.01291	0.01937	0.02743	0.71328	0.05110	0.06455	0.01399	0.00807	0.00215	0.00323	0.01237	0.00753	0.00646
51	0.02598	0.01989	0.02047	0.01584	0.02121	0.05978	0.01302	0.65790	0.03147	0.04169	0.01611	0.01620	0.01148	0.00815	0.00681	0.00204	0.00779	0.00606	0.00666	0.01143
52	0.01629	0.01804	0.03801	0.03130	0.16355	0.01710	0.56614	0.02174	0.01604	0.02200	0.01366	0.01817	0.01047	0.00583	0.00783	0.00226	0.01089	0.00770	0.00345	0.00953
53	0.01829	0.76368	0.03585	0.01171	0.01756	0.02707	0.01171	0.02049	0.01390	0.01610	0.00951	0.01097	0.00878	0.00585	0.00439	0.00146	0.00732	0.00366	0.00293	0.00878
54	0.01508	0.01535	0.01893	0.01662	0.01721	0.09165	0.01358	0.01678	0.01149	0.01638	0.01090	0.01693	0.01049	0.01885	0.15399	0.00437	0.53488	0.00608	0.00317	0.00727
55	0.02956	0.01139	0.01551	0.01198	0.01707	0.00986	0.00986	0.03223	0.01957	0.68397	0.06422	0.02480	0.01952	0.00877	0.00694	0.00212	0.00568	0.00718	0.00842	0.01136
56	0.01582	0.01468	0.02463	0.03648	0.58504	0.01468	0.01913	0.01972	0.01561	0.02200	0.01725	0.02823	0.01619	0.00850	0.00728	0.00224	0.00778	0.13082	0.00393	0.00999
57	0.01693	0.01626	0.02777	0.04199	0.71689	0.01626	0.02100	0.02100	0.01558	0.02235	0.01287	0.01693	0.01084	0.00610	0.00677	0.00203	0.00813	0.00610	0.00339	0.01084
58	0.01702	0.01470	0.01547	0.01392	0.01779	0.01702	0.01083	0.03635	0.70453	0.02862	0.02785	0.02553	0.02088	0.00928	0.00696	0.00232	0.00541	0.00773	0.00696	0.01083
59	0.00968	0.00699	0.00914	0.00861	0.01022	0.00646	0.00646	0.01291	0.01937	0.02743	0.71328	0.05110	0.06455	0.01399	0.00807	0.00215	0.00323	0.01237	0.00753	0.00646
60	0.01702	0.01470	0.01547	0.01392	0.01779	0.01702	0.01083	0.03635	0.70453	0.02862	0.02785	0.02553	0.02088	0.00928	0.00696	0.00232	0.00541	0.00773	0.00696	0.01083
61	0.01090	0.00782	0.01102	0.01243	0.01397	0.00794	0.01077	0.01397	0.01526	0.02000	0.03439	0.07201	0.03709	0.02223	0.08369	0.00396	0.00753	0.60271	0.00603	0.00628
62	0.01388	0.06089	0.70002	0.01923	0.02919	0.01628	0.02480	0.02162	0.01443	0.02147	0.01218	0.01432	0.00867	0.00648	0.00643	0.00214	0.01001	0.00501	0.00289	0.01006
63	0.02072	0.01551	0.01649	0.01387	0.01818	0.03700	0.01109	0.24430	0.32328	0.10407	0.04441	0.02627	0.05743	0.00961	0.00705	0.00221	0.00619	0.02480	0.00695	0.01057
64	0.01497	0.01497	0.02095	0.01796	0.01796	0.02095	0.01497	0.01646	0.01048	0.01646	0.00898	0.01497	0.00898	0.01197	0.02245	0.00299	0.74704	0.00599	0.00299	0.00748
65	0.01456	0.01238	0.01439	0.01031	0.01637	0.00950	0.00826	0.03860	0.01475	0.02295	0.01229	0.01426	0.01018	0.00517	0.00512	0.00105	0.00514	0.00412	0.00414	0.77645
66	0.01497	0.01497	0.02095	0.01796	0.01796	0.02095	0.01497	0.01646	0.01048	0.01646	0.00898	0.01497	0.00898	0.01197	0.02245	0.00299	0.74704	0.00599	0.00299	0.00748
67	0.00843	0.00622	0.00791	0.00912	0.00993	0.00570	0.00628	0.00987	0.01392	0.01824	0.07861	0.58316	0.16001	0.02028	0.00861	0.00268	0.00390	0.03505	0.00641	0.00566

[dist]
# distance from previous block
# <min> <max>
0	1

[block]
# block no. 8 follows, 31 sequences, length 60
# corresponding to MSA columns:
# 311-321,330-378
name=unknown_I
#
# <colnr> <probs for GDERKNQSTAVLIFYWHMCP>
#	G	D	E	R	K	N	Q	S	T	A	V	L	I	F	Y	W	H	M	C	P
0	0.61742	0.01283	0.01076	0.00947	0.01346	0.01452	0.00771	0.07997	0.01448	0.03091	0.08477	0.01829	0.04738	0.00782	0.00505	0.00212	0.00520	0.00532	0.00491	0.00762
1	0.01406	0.01164	0.01348	0.00979	0.01547	0.00887	0.00781	0.01711	0.01420	0.02258	0.01308	0.01521	0.01080	0.00533	0.00504	0.00107	0.00490	0.00426	0.07598	0.72933
2	0.01965	0.01788	0.01824	0.08070	0.06335	0.13688	0.01218	0.22593	0.02058	0.02717	0.01386	0.03318	0.01118	0.00699	0.00615	0.00168	0.00758	0.00544	0.00474	0.28666
3	0.01096	0.00783	0.01093	0.01241	0.01399	0.00781	0.01081	0.01411	0.01592	0.02081	0.06856	0.07593	0.04058	0.01866	0.00938	0.00310	0.00615	0.63939	0.00636	0.00631
4	0.02668	0.01062	0.01445	0.01170	0.01611	0.00925	0.00939	0.02907	0.01842	0.59522	0.02891	0.15466	0.02202	0.01080	0.00721	0.00224	0.00549	0.00914	0.00809	0.01055
5	0.02685	0.01781	0.01970	0.01510	0.02054	0.01921	0.01247	0.57547	0.02991	0.16492	0.01832	0.01766	0.01259	0.00826	0.00685	0.00206	0.00722	0.00629	0.00714	0.01164
6	0.00961	0.00699	0.00904	0.00853	0.01017	0.00642	0.00640	0.01276	0.01919	0.02701	0.68252	0.05181	0.09558	0.01415	0.00807	0.00216	0.00324	0.01247	0.00747	0.00642
