[name]
unknown

[dist]
# distance from previous block
# <min> <max>
0	150

[block]
# block no. 0 follows, 31 sequences, length 88
# corresponding to MSA columns:
# 175-262
name=unknown_A
#
# <colnr> <probs for GDERKNQSTAVLIFYWHMCP>
#	G	D	E	R	K	N	Q	S	T	A	V	L	I	F	Y	W	H	M	C	P
0	0.01102	0.00787	0.01102	0.01260	0.01417	0.00787	0.01102	0.01417	0.01575	0.02047	0.03622	0.07717	0.03937	0.01890	0.00945	0.00315	0.00630	0.67084	0.00630	0.00630
1	0.03070	0.01164	0.01588	0.01217	0.01746	0.01006	0.01006	0.03334	0.01958	0.72163	0.02699	0.02329	0.01694	0.00847	0.00688	0.00212	0.00582	0.00688	0.00847	0.01164
2	0.02601	0.01916	0.02053	0.01574	0.02122	0.02122	0.01300	0.69408	0.03217	0.04312	0.01643	0.01643	0.01163	0.00821	0.00684	0.00205	0.00753	0.00616	0.00684	0.01163
3	0.01372	0.03539	0.72412	0.01950	0.02961	0.01589	0.02528	0.02167	0.01444	0.02167	0.01228	0.01444	0.00867	0.00650	0.00650	0.00217	0.01011	0.00506	0.00289	0.01011
4	0.02601	0.01916	0.02053	0.01574	0.02122	0.02122	0.01300	0.69408	0.03217	0.04312	0.01643	0.01643	0.01163	0.00821	0.00684	0.00205	0.00753	0.00616	0.00684	0.01163
5	0.80789	0.01323	0.01006	0.00900	0.01323	0.01535	0.00741	0.02011	0.01164	0.03070	0.00953	0.01111	0.00741	0.00635	0.00423	0.00212	0.00529	0.00370	0.00423	0.00741
6	0.01275	0.00638	0.00638	0.00638	0.00797	0.00638	0.00478	0.01594	0.01435	0.02551	0.02232	0.02551	0.01754	0.00797	0.00478	0.00159	0.00319	0.00638	0.79755	0.00638
7	0.01419	0.01216	0.01419	0.01013	0.01621	0.00912	0.00811	0.01723	0.01419	0.02229	0.01216	0.01419	0.01013	0.00507	0.00507	0.00101	0.00507	0.00405	0.00405	0.80139
8	0.00810	0.00689	0.00697	0.00704	0.00927	0.00577	0.00525	0.00981	0.01549	0.01844	0.06799	0.09446	0.68634	0.01750	0.00811	0.00233	0.00349	0.01465	0.00635	0.00577
9	0.01372	0.03539	0.72412	0.01950	0.02961	0.01589	0.02528	0.02167	0.01444	0.02167	0.01228	0.01444	0.00867	0.00650	0.00650	0.00217	0.01011	0.00506	0.00289	0.01011
10	0.01089	0.00845	0.01201	0.01187	0.01316	0.00900	0.03268	0.01337	0.01461	0.02001	0.17032	0.10258	0.03698	0.11240	0.08215	0.00405	0.08319	0.25046	0.00560	0.00622
11	0.01469	0.01455	0.02042	0.01758	0.01765	0.02028	0.01462	0.01623	0.01051	0.01643	0.00949	0.01561	0.00942	0.01410	0.06085	0.00343	0.70763	0.00606	0.00303	0.00741
12	0.04839	0.01334	0.02237	0.52319	0.09909	0.01602	0.07409	0.01817	0.01365	0.01874	0.01194	0.01752	0.00928	0.00715	0.00831	0.00232	0.07913	0.00613	0.00315	0.00799
13	0.00809	0.00693	0.00693	0.00693	0.00924	0.00578	0.00520	0.00982	0.01559	0.01848	0.06931	0.06584	0.71411	0.01733	0.00809	0.00231	0.00347	0.01444	0.00635	0.00578
14	0.01500	0.21802	0.39003	0.01542	0.02355	0.01728	0.01799	0.02038	0.01425	0.02037	0.01154	0.01349	0.00902	0.00602	0.00564	0.00173	0.00828	0.00447	0.00316	0.18437
15	0.00881	0.00696	0.00793	0.00769	0.00968	0.00608	0.00576	0.01121	0.01729	0.02252	0.35944	0.05920	0.42146	0.01582	0.00808	0.00224	0.00336	0.01351	0.00688	0.00608
16	0.01531	0.28932	0.48414	0.01678	0.02541	0.01979	0.02055	0.02125	0.01425	0.01972	0.01131	0.01323	0.00871	0.00627	0.00576	0.00192	0.00914	0.00457	0.00290	0.00965
17	0.01637	0.01568	0.02675	0.14011	0.62316	0.01611	0.02072	0.02050	0.01531	0.02167	0.01277	0.01712	0.01060	0.00620	0.00678	0.00207	0.00827	0.00609	0.00334	0.01038
18	0.01275	0.00638	0.00638	0.00638	0.00797	0.00638	0.00478	0.01594	0.01435	0.02551	0.02232	0.02551	0.01754	0.00797	0.00478	0.00159	0.00319	0.00638	0.79755	0.00638
19	0.01829	0.76368	0.03585	0.01171	0.01756	0.02707	0.01171	0.02049	0.01390	0.01610	0.00951	0.01097	0.00878	0.00585	0.00439	0.00146	0.00732	0.00366	0.00293	0.00878
20	0.04769	0.07899	0.39253	0.01642	0.02368	0.01628	0.01853	0.04204	0.01428	0.02175	0.01163	0.01415	0.00904	0.00699	0.00820	0.00201	0.11019	0.00488	0.00331	0.15744
21	0.01058	0.00762	0.01041	0.01140	0.01301	0.00745	0.00968	0.01370	0.01664	0.02213	0.20581	0.07028	0.07026	0.01762	0.00906	0.00287	0.00543	0.48313	0.00661	0.00632
22	0.00982	0.00715	0.01007	0.01007	0.01097	0.00805	0.00740	0.01162	0.01072	0.01520	0.01917	0.03155	0.01913	0.23631	0.55023	0.00986	0.01527	0.00801	0.00379	0.00560
23	0.01829	0.76368	0.03585	0.01171	0.01756	0.02707	0.01171	0.02049	0.01390	0.01610	0.00951	0.01097	0.00878	0.00585	0.00439	0.00146	0.00732	0.00366	0.00293	0.00878
24	0.01562	0.05476	0.02295	0.21262	0.32162	0.01506	0.01673	0.04021	0.01519	0.02139	0.01245	0.01629	0.01014	0.00610	0.00627	0.00183	0.00761	0.00549	0.00354	0.19414
25	0.01598	0.18327	0.49544	0.01788	0.02660	0.01787	0.05747	0.02225	0.01478	0.06946	0.01282	0.01456	0.00936	0.00646	0.00618	0.00203	0.00931	0.00506	0.00332	0.00990
26	0.01275	0.00638	0.00638	0.00638	0.00797	0.00638	0.00478	0.01594	0.01435	0.02551	0.02232	0.02551	0.01754	0.00797	0.00478	0.00159	0.00319	0.00638	0.79755	0.00638
27	0.01560	0.01652	0.05671	0.26389	0.11896	0.01618	0.34359	0.02074	0.01533	0.04496	0.01358	0.01823	0.01019	0.00628	0.00742	0.00225	0.01009	0.00703	0.00347	0.00900
28	0.80789	0.01323	0.01006	0.00900	0.01323	0.01535	0.00741	0.02011	0.01164	0.03070	0.00953	0.01111	0.00741	0.00635	0.00423	0.00212	0.00529	0.00370	0.00423	0.00741
29	0.12261	0.29281	0.02370	0.01363	0.01834	0.28587	0.01150	0.02475	0.01644	0.11537	0.01232	0.01320	0.00974	0.00672	0.00538	0.00175	0.00872	0.00439	0.00408	0.00868
30	0.01607	0.01530	0.02601	0.15514	0.58344	0.01579	0.02033	0.02019	0.01527	0.02149	0.01356	0.01924	0.01155	0.00666	0.00688	0.00211	0.00823	0.02916	0.00343	0.01015
31	0.01202	0.00907	0.01242	0.01171	0.01338	0.01052	0.00918	0.09856	0.01362	0.01925	0.01788	0.02579	0.01641	0.07033	0.59037	0.00942	0.04200	0.00723	0.00406	0.00678
32	0.00849	0.00706	0.00749	0.00771	0.00992	0.00606	0.00600	0.01042	0.01562	0.01876	0.06475	0.06740	0.62117	0.01754	0.00827	0.00243	0.00386	0.10485	0.00635	0.00585
33	0.01419	0.01216	0.01419	0.01013	0.01621	0.00912	0.00811	0.01723	0.01419	0.02229	0.01216	0.01419	0.01013	0.00507	0.00507	0.00101	0.00507	0.00405	0.00405	0.80139
34	0.00995	0.00663	0.00746	0.00746	0.00746	0.00663	0.00415	0.00995	0.00995	0.01327	0.02156	0.04477	0.02487	0.75957	0.03482	0.00663	0.00663	0.00995	0.00415	0.00415
35	0.01308	0.01246	0.01801	0.05834	0.01805	0.01629	0.03508	0.01481	0.01157	0.01698	0.01717	0.21737	0.01894	0.01405	0.01732	0.00287	0.47693	0.00974	0.00393	0.00702
36	0.01292	0.01216	0.02052	0.74312	0.04712	0.01520	0.01900	0.01748	0.01368	0.01748	0.01216	0.01824	0.00912	0.00684	0.00684	0.00228	0.00912	0.00608	0.00304	0.00760
37	0.03070	0.01164	0.01588	0.01217	0.01746	0.01006	0.01006	0.03334	0.01958	0.72163	0.02699	0.02329	0.01694	0.00847	0.00688	0.00212	0.00582	0.00688	0.00847	0.01164
38	0.12053	0.20829	0.02081	0.04341	0.04685	0.01551	0.01104	0.02620	0.01651	0.35817	0.01956	0.02088	0.01422	0.00790	0.00603	0.00200	0.00640	0.03984	0.00595	0.00990
39	0.00977	0.00733	0.01100	0.01100	0.01222	0.00855	0.00855	0.01222	0.01100	0.01588	0.01833	0.02688	0.01710	0.05131	0.73245	0.01100	0.01833	0.00733	0.00367	0.00611
40	0.01829	0.76368	0.03585	0.01171	0.01756	0.02707	0.01171	0.02049	0.01390	0.01610	0.00951	0.01097	0.00878	0.00585	0.00439	0.00146	0.00732	0.00366	0.00293	0.00878
41	0.01325	0.01230	0.01972	0.64290	0.04297	0.01479	0.01765	0.01848	0.05109	0.01848	0.01301	0.01830	0.00984	0.00682	0.00670	0.00218	0.00858	0.00600	0.00334	0.07360
42	0.01917	0.04036	0.08640	0.09089	0.13205	0.14239	0.14645	0.13832	0.07251	0.02450	0.01413	0.01671	0.01087	0.00706	0.00728	0.00211	0.02879	0.00616	0.00420	0.00965
43	0.01702	0.01470	0.01547	0.01392	0.01779	0.01702	0.01083	0.03635	0.70453	0.02862	0.02785	0.02553	0.02088	0.00928	0.00696	0.00232	0.00541	0.00773	0.00696	0.01083
44	0.80789	0.01323	0.01006	0.00900	0.01323	0.01535	0.00741	0.02011	0.01164	0.03070	0.00953	0.01111	0.00741	0.00635	0.00423	0.00212	0.00529	0.00370	0.00423	0.00741
45	0.01613	0.01740	0.03418	0.04902	0.05541	0.01817	0.46912	0.04295	0.01528	0.02125	0.01272	0.01753	0.01008	0.00732	0.01125	0.00245	0.17999	0.00740	0.00345	0.00891
46	0.02601	0.01916	0.02053	0.01574	0.02122	0.02122	0.01300	0.69408	0.03217	0.04312	0.01643	0.01643	0.01163	0.00821	0.00684	0.00205	0.00753	0.00616	0.00684	0.01163
47	0.01419	0.01216	0.01419	0.01013	0.01621	0.00912	0.00811	0.01723	0.01419	0.02229	0.01216	0.01419	0.01013	0.00507	0.00507	0.00101	0.00507	0.00405	0.00405	0.80139
48	0.02556	0.03261	0.01939	0.01763	0.02115	0.73210	0.01322	0.02732	0.01939	0.01674	0.01058	0.01234	0.00881	0.00705	0.00617	0.00176	0.01234	0.00441	0.00353	0.00793
49	0.02738	0.01765	0.01908	0.01478	0.02010	0.05634	0.01214	0.46131	0.02773	0.24369	0.01925	0.01825	0.01306	0.00823	0.00682	0.00206	0.00728	0.00628	0.00715	0.01144
50	0.01419	0.01216	0.01419	0.01013	0.01621	0.00912	0.00811	0.01723	0.01419	0.02229	0.01216	0.01419	0.01013	0.00507	0.00507	0.00101	0.00507	0.00405	0.00405	0.80139
51	0.01292	0.01216	0.02052	0.74312	0.04712	0.01520	0.01900	0.01748	0.01368	0.01748	0.01216	0.01824	0.00912	0.00684	0.00684	0.00228	0.00912	0.00608	0.00304	0.00760
52	0.01394	0.03388	0.66319	0.02033	0.03016	0.01601	0.08469	0.02169	0.01460	0.02169	0.01242	0.01480	0.00882	0.00643	0.00664	0.00218	0.01024	0.00532	0.00294	0.01003
53	0.01615	0.01845	0.04037	0.02884	0.03576	0.01730	0.69204	0.02191	0.01615	0.02191	0.01384	0.01845	0.01038	0.00577	0.00807	0.00231	0.01153	0.00807	0.00346	0.00923
54	0.00901	0.00750	0.00797	0.00805	0.01018	0.00681	0.00595	0.01235	0.07892	0.01963	0.08748	0.16776	0.51994	0.01708	0.00808	0.00238	0.00371	0.01451	0.00646	0.00624
55	0.02556	0.03261	0.01939	0.01763	0.02115	0.73210	0.01322	0.02732	0.01939	0.01674	0.01058	0.01234	0.00881	0.00705	0.00617	0.00176	0.01234	0.00441	0.00353	0.00793
56	0.01558	0.01638	0.03236	0.20215	0.21637	0.01653	0.35669	0.02062	0.01541	0.02097	0.01319	0.01801	0.01020	0.00611	0.00744	0.00223	0.01007	0.00708	0.00334	0.00926
57	0.01001	0.00733	0.00961	0.00997	0.01166	0.00693	0.00810	0.01303	0.01748	0.02359	0.36711	0.06319	0.13501	0.01633	0.00861	0.00256	0.00447	0.27180	0.00690	0.00631
58	0.01732	0.01485	0.01564	0.01398	0.01790	0.01716	0.01090	0.05833	0.68206	0.02910	0.02746	0.02522	0.02058	0.00925	0.00696	0.00231	0.00549	0.00768	0.00696	0.01086
59	0.02753	0.01672	0.01902	0.01458	0.01999	0.01758	0.01204	0.47900	0.02807	0.26397	0.01986	0.01866	0.01336	0.00830	0.00686	0.00207	0.00697	0.00639	0.00737	0.01164
60	0.01188	0.00594	0.00891	0.00891	0.00891	0.00594	0.00594	0.00891	0.00891	0.01188	0.01188	0.02080	0.01188	0.02377	0.02674	0.80095	0.00594	0.00594	0.00297	0.00297
61	0.00809	0.00693	0.00693	0.00693	0.00924	0.00578	0.00520	0.00982	0.01559	0.01848	0.06931	0.06584	0.71411	0.01733	0.00809	0.00231	0.00347	0.01444	0.00635	0.00578
62	0.01829	0.76368	0.03585	0.01171	0.01756	0.02707	0.01171	0.02049	0.01390	0.01610	0.00951	0.01097	0.00878	0.00585	0.00439	0.00146	0.00732	0.00366	0.00293	0.00878
63	0.74892	0.01288	0.01008	0.00898	0.01313	0.01479	0.00738	0.02034	0.01201	0.05207	0.01063	0.01212	0.00815	0.00649	0.00434	0.00209	0.00522	0.00392	0.03896	0.00750
64	0.02601	0.01916	0.02053	0.01574	0.02122	0.02122	0.01300	0.69408	0.03217	0.04312	0.01643	0.01643	0.01163	0.00821	0.00684	0.00205	0.00753	0.00616	0.00684	0.01163
65	0.00995	0.00663	0.00746	0.00746	0.00746	0.00663	0.00415	0.00995	0.00995	0.01327	0.02156	0.04477	0.02487	0.75957	0.03482	0.00663	0.00663	0.00995	0.00415	0.00415
66	0.00868	0.00695	0.00776	0.00756	0.00961	0.00603	0.00567	0.01097	0.01700	0.02183	0.31016	0.06033	0.47117	0.01608	0.00808	0.00225	0.00338	0.01367	0.00679	0.00603
67	0.00977	0.00733	0.01100	0.01100	0.01222	0.00855	0.00855	0.01222	0.01100	0.01588	0.01833	0.02688	0.01710	0.05131	0.73245	0.01100	0.01833	0.00733	0.00367	0.00611
68	0.02601	0.01916	0.02053	0.01574	0.02122	0.02122	0.01300	0.69408	0.03217	0.04312	0.01643	0.01643	0.01163	0.00821	0.00684	0.00205	0.00753	0.00616	0.00684	0.01163
69	0.01936	0.01586	0.01679	0.01440	0.01869	0.01811	0.01140	0.20815	0.52891	0.03241	0.02486	0.02315	0.01847	0.00900	0.00693	0.00225	0.00597	0.00732	0.00693	0.01104
70	0.02601	0.01916	0.02053	0.01574	0.02122	0.02122	0.01300	0.69408	0.03217	0.04312	0.01643	0.01643	0.01163	0.00821	0.00684	0.00205	0.00753	0.00616	0.00684	0.01163
71	0.01372	0.03539	0.72412	0.01950	0.02961	0.01589	0.02528	0.02167	0.01444	0.02167	0.01228	0.01444	0.00867	0.00650	0.00650	0.00217	0.01011	0.00506	0.00289	0.01011
72	0.02961	0.01168	0.01577	0.01204	0.01738	0.00999	0.00993	0.03229	0.01923	0.67581	0.02602	0.02269	0.01649	0.00824	0.00676	0.00204	0.00577	0.00669	0.00818	0.06339
73	0.01188	0.00594	0.00891	0.00891	0.00891	0.00594	0.00594	0.00891	0.00891	0.01188	0.01188	0.02080	0.01188	0.02377	0.02674	0.80095	0.00594	0.00594	0.00297	0.00297
74	0.01514	0.00864	0.01100	0.01031	0.01270	0.00818	0.00774	0.01926	0.09321	0.19454	0.21133	0.28065	0.06977	0.01478	0.00788	0.00238	0.00437	0.01299	0.00725	0.00788
75	0.02561	0.03091	0.01953	0.01739	0.02116	0.64215	0.01319	0.11168	0.02100	0.02008	0.01132	0.01285	0.00917	0.00720	0.00625	0.00180	0.01173	0.00463	0.00394	0.00840
76	0.02474	0.01297	0.01570	0.01293	0.01761	0.01309	0.01039	0.03465	0.31775	0.41995	0.02736	0.02426	0.01865	0.00882	0.00692	0.00221	0.00564	0.00725	0.00781	0.01129
77	0.01102	0.00787	0.01102	0.01260	0.01417	0.00787	0.01102	0.01417	0.01575	0.02047	0.03622	0.07717	0.03937	0.01890	0.00945	0.00315	0.00630	0.67084	0.00630	0.00630
78	0.01292	0.01216	0.02052	0.74312	0.04712	0.01520	0.01900	0.01748	0.01368	0.01748	0.01216	0.01824	0.00912	0.00684	0.00684	0.00228	0.00912	0.00608	0.00304	0.00760
79	0.02603	0.01830	0.01990	0.01534	0.02073	0.02004	0.01265	0.60638	0.06036	0.10308	0.01787	0.01743	0.01251	0.00828	0.00685	0.00207	0.00728	0.00629	0.00699	0.01160
80	0.00993	0.00669	0.00775	0.00775	0.00786	0.00679	0.00451	0.01014	0.01004	0.01348	0.02129	0.04329	0.02423	0.70084	0.09267	0.00699	0.00760	0.00973	0.00411	0.00431
81	0.01556	0.01606	0.05788	0.07382	0.16914	0.01601	0.24403	0.01970	0.01507	0.05012	0.06660	0.02183	0.04328	0.00831	0.01034	0.00235	0.14952	0.00753	0.00393	0.00891
82	0.02646	0.09545	0.02188	0.01819	0.02200	0.65063	0.01374	0.02768	0.01990	0.01848	0.01244	0.01493	0.01066	0.00821	0.00683	0.00210	0.01234	0.00498	0.00413	0.00897
83	0.78495	0.01449	0.01144	0.01033	0.01463	0.01626	0.00824	0.02128	0.01287	0.03206	0.01151	0.01386	0.00930	0.00763	0.00511	0.00246	0.00595	0.00437	0.00487	0.00839
84	0.02378	0.01851	0.01976	0.01743	0.05834	0.04889	0.01307	0.38011	0.20613	0.05590	0.02226	0.06329	0.01772	0.01031	0.00774	0.00250	0.00754	0.00786	0.00712	0.01173
85	0.01099	0.00772	0.00936	0.01033	0.01083	0.00719	0.00671	0.01132	0.01341	0.01806	0.03381	0.49223	0.03951	0.24804	0.01747	0.00430	0.00557	0.04072	0.00625	0.00619
86	0.01373	0.00893	0.01140	0.01233	0.03158	0.00826	0.00848	0.03936	0.01612	0.09195	0.06566	0.54661	0.04148	0.01958	0.00917	0.00298	0.00519	0.05243	0.00712	0.00765
87	0.01928	0.01476	0.01621	0.01472	0.01846	0.01589	0.01162	0.12216	0.39605	0.06757	0.03094	0.03785	0.05314	0.01243	0.00824	0.00277	0.00646	0.13322	0.00743	0.01079

[dist]
# distance from previous block
# <min> <max>
0	35

[block]
# block no. 1 follows, 31 sequences, length 23
# corresponding to MSA columns:
# 298-310,315-324
name=unknown_B
#
# <colnr> <probs for GDERKNQSTAVLIFYWHMCP>
#	G	D	E	R	K	N	Q	S	T	A	V	L	I	F	Y	W	H	M	C	P
0	0.04956	0.12135	0.12387	0.02227	0.06389	0.02275	0.03438	0.13775	0.20416	0.03488	0.02887	0.03319	0.05129	0.01445	0.01062	0.00389	0.01024	0.00946	0.00834	0.01478
1	0.46216	0.01932	0.01982	0.11984	0.07598	0.01941	0.01424	0.02507	0.01867	0.03434	0.02252	0.08205	0.02054	0.01417	0.00964	0.00398	0.00933	0.00882	0.00747	0.01263
2	0.11830	0.02259	0.02921	0.06426	0.30167	0.03894	0.08513	0.09242	0.06943	0.03375	0.02361	0.03019	0.02031	0.01326	0.01073	0.00391	0.01097	0.00914	0.00750	0.01468
3	0.02044	0.01463	0.01671	0.01732	0.01912	0.01306	0.01246	0.01934	0.01981	0.02724	0.04006	0.23922	0.04298	0.14961	0.01726	0.00528	0.00903	0.29649	0.00892	0.01102
4	0.02392	0.01890	0.02071	0.01687	0.02299	0.01487	0.01232	0.02374	0.02012	0.03071	0.02203	0.02794	0.01952	0.01193	0.00946	0.00299	0.00850	0.00744	0.00739	0.67765
5	0.01999	0.01482	0.01625	0.01546	0.01817	0.01259	0.01078	0.01940	0.02255	0.03159	0.34285	0.14045	0.19655	0.02031	0.01183	0.00397	0.00723	0.01505	0.00966	0.07051
6	0.02365	0.01970	0.02743	0.49349	0.18017	0.02017	0.02183	0.02464	0.02007	0.02764	0.02217	0.03108	0.01901	0.01327	0.01093	0.00401	0.01170	0.00914	0.00661	0.01329
7	0.03345	0.03602	0.02506	0.02315	0.02713	0.62054	0.01660	0.03220	0.02448	0.02607	0.02070	0.02639	0.01841	0.01359	0.01038	0.00362	0.01459	0.00774	0.00695	0.01293
8	0.02659	0.02119	0.02295	0.07539	0.05268	0.02160	0.01573	0.08186	0.47649	0.03593	0.03268	0.03597	0.02666	0.01509	0.01102	0.00406	0.00931	0.01024	0.00940	0.01517
9	0.02342	0.01655	0.02035	0.02230	0.10259	0.01496	0.01584	0.02339	0.02170	0.08150	0.03881	0.06975	0.03906	0.02127	0.01263	0.00458	0.00971	0.44003	0.00910	0.01249
10	0.01313	0.01216	0.01949	0.62419	0.04210	0.01421	0.01723	0.01744	0.01376	0.01826	0.01216	0.01758	0.00928	0.00655	0.00655	0.00207	0.00846	0.00575	0.00320	0.13640
11	0.01589	0.01283	0.12693	0.01132	0.01528	0.00894	0.01046	0.01973	0.01862	0.20983	0.41830	0.03781	0.04291	0.01131	0.00750	0.00214	0.00503	0.00973	0.00703	0.00842
12	0.01398	0.01216	0.01521	0.12906	0.02123	0.01011	0.00987	0.01727	0.01410	0.02151	0.01216	0.01484	0.00997	0.00535	0.00535	0.00122	0.00572	0.00438	0.00389	0.67259
13	0.00834	0.00595	0.00794	0.00953	0.00992	0.00556	0.00635	0.00953	0.01310	0.01746	0.03771	0.75510	0.04525	0.02143	0.00873	0.00278	0.00397	0.01945	0.00635	0.00556
14	0.00992	0.00675	0.00804	0.00804	0.00823	0.00694	0.00486	0.01032	0.01012	0.01369	0.02103	0.04187	0.02361	0.64465	0.14802	0.00734	0.00853	0.00952	0.00407	0.00446
15	0.02351	0.02929	0.01957	0.13534	0.02536	0.61578	0.01416	0.02572	0.01846	0.01686	0.01083	0.01330	0.00886	0.00702	0.00628	0.00185	0.01182	0.00468	0.00345	0.00788
16	0.02135	0.05471	0.02350	0.02210	0.13453	0.33694	0.06922	0.09122	0.01807	0.02066	0.01149	0.01438	0.00958	0.00769	0.00917	0.00208	0.13537	0.00539	0.00372	0.00884
17	0.01729	0.01104	0.01369	0.01036	0.01529	0.00880	0.00817	0.01927	0.01447	0.16801	0.01524	0.01718	0.01185	0.00882	0.00897	0.13104	0.00537	0.00496	0.00481	0.50538
18	0.01555	0.00968	0.01202	0.01031	0.01312	0.00940	0.00807	0.12657	0.02148	0.13644	0.49496	0.04121	0.04866	0.01220	0.00769	0.00213	0.00432	0.01052	0.00756	0.00809
19	0.01481	0.01275	0.01562	0.01121	0.01730	0.01002	0.03838	0.04796	0.01508	0.02322	0.01243	0.01448	0.01021	0.00524	0.00528	0.00112	0.00546	0.00432	0.00415	0.73096
20	0.01669	0.01770	0.05020	0.01609	0.01756	0.13239	0.01324	0.07252	0.01376	0.01839	0.01203	0.01948	0.01173	0.13193	0.01986	0.00327	0.41575	0.00635	0.00357	0.00747
21	0.01352	0.00927	0.01158	0.01024	0.01264	0.00929	0.00796	0.12450	0.02049	0.06764	0.48150	0.04112	0.04782	0.01704	0.09136	0.00315	0.00581	0.01047	0.00703	0.00755
22	0.01004	0.00717	0.00989	0.01147	0.01261	0.00702	0.00931	0.01247	0.01478	0.01937	0.03677	0.32629	0.04153	0.01983	0.00919	0.00301	0.00544	0.43147	0.00632	0.00603

[dist]
# distance from previous block
# <min> <max>
0	2

[block]
# block no. 2 follows, 31 sequences, length 60
# corresponding to MSA columns:
# 327-350,364-375,402-425
name=unknown_C
#
# <colnr> <probs for GDERKNQSTAVLIFYWHMCP>
#	G	D	E	R	K	N	Q	S	T	A	V	L	I	F	Y	W	H	M	C	P
0	0.01381	0.01281	0.02108	0.48847	0.20604	0.01485	0.01802	0.01841	0.03845	0.01873	0.01363	0.02027	0.01120	0.06605	0.00903	0.00256	0.00855	0.00645	0.00335	0.00823
1	0.01258	0.00864	0.01152	0.01247	0.01440	0.00876	0.01058	0.01721	0.08637	0.06233	0.03494	0.12212	0.03662	0.01750	0.00899	0.00297	0.00600	0.51247	0.00650	0.00702
2	0.00866	0.00617	0.00820	0.00957	0.01012	0.00580	0.00656	0.01009	0.01364	0.01828	0.09028	0.63426	0.04571	0.04638	0.00963	0.00289	0.00414	0.05763	0.00636	0.00562
3	0.02472	0.04800	0.07636	0.01613	0.02174	0.10812	0.01395	0.53595	0.02857	0.03725	0.01514	0.01558	0.01096	0.00785	0.00665	0.00201	0.00831	0.00577	0.00599	0.01096
4	0.01477	0.01177	0.01367	0.01004	0.01566	0.00919	0.00800	0.01834	0.03679	0.04845	0.01401	0.01578	0.01132	0.00556	0.00517	0.00114	0.00496	0.00446	0.06683	0.68408
5	0.01340	0.03315	0.66779	0.01864	0.02808	0.01515	0.02379	0.02098	0.01483	0.02212	0.06751	0.01733	0.01307	0.00709	0.00662	0.00217	0.00957	0.00563	0.00325	0.00982
6	0.01266	0.01175	0.01962	0.68525	0.04421	0.01451	0.01801	0.01712	0.01413	0.01826	0.06740	0.02083	0.01349	0.00740	0.00694	0.00227	0.00866	0.00658	0.00339	0.00751
7	0.00844	0.00604	0.00803	0.00945	0.00995	0.00563	0.00636	0.00979	0.01359	0.01825	0.09093	0.69963	0.04677	0.02085	0.00868	0.00273	0.00391	0.01889	0.00644	0.00563
8	0.00977	0.00680	0.00862	0.00875	0.00917	0.00716	0.00572	0.01064	0.01053	0.01443	0.02180	0.09505	0.02401	0.47629	0.25451	0.00772	0.01014	0.00987	0.00417	0.00488
9	0.00834	0.00595	0.00794	0.00953	0.00992	0.00556	0.00635	0.00953	0.01310	0.01746	0.03771	0.75510	0.04525	0.02143	0.00873	0.00278	0.00397	0.01945	0.00635	0.00556
10	0.00834	0.00595	0.00794	0.00953	0.00992	0.00556	0.00635	0.00953	0.01310	0.01746	0.03771	0.75510	0.04525	0.02143	0.00873	0.00278	0.00397	0.01945	0.00635	0.00556
11	0.80789	0.01323	0.01006	0.00900	0.01323	0.01535	0.00741	0.02011	0.01164	0.03070	0.00953	0.01111	0.00741	0.00635	0.00423	0.00212	0.00529	0.00370	0.00423	0.00741
12	0.01829	0.76368	0.03585	0.01171	0.01756	0.02707	0.01171	0.02049	0.01390	0.01610	0.00951	0.01097	0.00878	0.00585	0.00439	0.00146	0.00732	0.00366	0.00293	0.00878
13	0.01419	0.01216	0.01419	0.01013	0.01621	0.00912	0.00811	0.01723	0.01419	0.02229	0.01216	0.01419	0.01013	0.00507	0.00507	0.00101	0.00507	0.00405	0.00405	0.80139
14	0.01292	0.01216	0.02052	0.74312	0.04712	0.01520	0.01900	0.01748	0.01368	0.01748	0.01216	0.01824	0.00912	0.00684	0.00684	0.00228	0.00912	0.00608	0.00304	0.00760
15	0.01857	0.01547	0.01634	0.01424	0.01838	0.01774	0.01120	0.14980	0.58855	0.03112	0.02588	0.02396	0.01929	0.00910	0.00694	0.00227	0.00578	0.00746	0.00694	0.01097
16	0.02556	0.03261	0.01939	0.01763	0.02115	0.73210	0.01322	0.02732	0.01939	0.01674	0.01058	0.01234	0.00881	0.00705	0.00617	0.00176	0.01234	0.00441	0.00353	0.00793
17	0.01615	0.01845	0.04037	0.02884	0.03576	0.01730	0.69204	0.02191	0.01615	0.02191	0.01384	0.01845	0.01038	0.00577	0.00807	0.00231	0.01153	0.00807	0.00346	0.00923
18	0.02281	0.02803	0.01979	0.01771	0.02032	0.54751	0.01367	0.02450	0.01707	0.01667	0.01016	0.01302	0.00886	0.00833	0.01040	0.00208	0.20304	0.00482	0.00339	0.00782
19	0.01419	0.01216	0.01419	0.01013	0.01621	0.00912	0.00811	0.01723	0.01419	0.02229	0.01216	0.01419	0.01013	0.00507	0.00507	0.00101	0.00507	0.00405	0.00405	0.80139
20	0.02648	0.01178	0.01544	0.01165	0.01714	0.00982	0.00956	0.02922	0.01820	0.54289	0.02320	0.02096	0.01520	0.00760	0.00642	0.00183	0.00563	0.00616	0.00734	0.21349
21	0.00864	0.00625	0.00820	0.00945	0.01018	0.00582	0.00658	0.01022	0.01414	0.01885	0.11635	0.58840	0.09003	0.02017	0.00866	0.00270	0.00400	0.05916	0.00648	0.00572
22	0.00851	0.00609	0.00810	0.00941	0.00996	0.00567	0.00636	0.00997	0.01391	0.01876	0.12563	0.66348	0.04776	0.02046	0.00865	0.00270	0.00387	0.01853	0.00650	0.00567
23	0.02392	0.01522	0.01727	0.01383	0.01859	0.01617	0.01122	0.31796	0.17970	0.21719	0.07669	0.02302	0.01929	0.00898	0.00698	0.00214	0.00626	0.00719	0.00735	0.01105
24	0.00969	0.00656	0.00750	0.00770	0.00782	0.00647	0.00445	0.00989	0.01052	0.01395	0.02508	0.13214	0.04972	0.64540	0.03077	0.00602	0.00620	0.01125	0.00449	0.00437
25	0.45789	0.01353	0.01330	0.01091	0.01564	0.01447	0.00900	0.11523	0.01691	0.24972	0.01595	0.01566	0.01098	0.00727	0.00542	0.00211	0.00576	0.00503	0.00592	0.00931
26	0.00809	0.00693	0.00693	0.00693	0.00924	0.00578	0.00520	0.00982	0.01559	0.01848	0.06931	0.06584	0.71411	0.01733	0.00809	0.00231	0.00347	0.01444	0.00635	0.00578
27	0.00838	0.00603	0.00795	0.00940	0.00991	0.00560	0.00631	0.00967	0.01344	0.01791	0.06629	0.70195	0.06985	0.02098	0.00868	0.00274	0.00392	0.01898	0.00640	0.00560
28	0.00975	0.00640	0.00773	0.00812	0.00821	0.00630	0.00487	0.00974	0.01061	0.01415	0.02452	0.21632	0.02853	0.50332	0.02760	0.08712	0.00591	0.01187	0.00457	0.00437
29	0.00947	0.00675	0.00908	0.00975	0.01041	0.00702	0.00692	0.01094	0.01185	0.01615	0.02715	0.27173	0.03037	0.22451	0.24628	0.00644	0.00947	0.07536	0.00491	0.00543
30	0.01302	0.01216	0.02066	0.69521	0.04541	0.01496	0.03980	0.01757	0.01378	0.01790	0.01256	0.01850	0.00945	0.00684	0.00681	0.00226	0.00899	0.00615	0.03036	0.00761
31	0.01173	0.00604	0.00907	0.00907	0.00915	0.00613	0.00613	0.00915	0.00907	0.01218	0.01236	0.02124	0.01227	0.02579	0.07845	0.74306	0.00685	0.00604	0.00302	0.00320
32	0.01497	0.01497	0.02095	0.01796	0.01796	0.02095	0.01497	0.01646	0.01048	0.01646	0.00898	0.01497	0.00898	0.01197	0.02245	0.00299	0.74704	0.00599	0.00299	0.00748
33	0.02556	0.03261	0.01939	0.01763	0.02115	0.73210	0.01322	0.02732	0.01939	0.01674	0.01058	0.01234	0.00881	0.00705	0.00617	0.00176	0.01234	0.00441	0.00353	0.00793
34	0.01194	0.01047	0.04093	0.01268	0.06563	0.00981	0.00924	0.01883	0.16379	0.02707	0.48727	0.04164	0.04902	0.01210	0.00767	0.00218	0.00434	0.01062	0.00691	0.00786
35	0.00928	0.00732	0.00998	0.00957	0.01131	0.00662	0.04638	0.01143	0.01595	0.02113	0.26689	0.25223	0.24714	0.01692	0.00886	0.02787	0.00408	0.01453	0.00646	0.00605
36	0.03070	0.01164	0.01588	0.01217	0.01746	0.01006	0.01006	0.03334	0.01958	0.72163	0.02699	0.02329	0.01694	0.00847	0.00688	0.00212	0.00582	0.00688	0.00847	0.01164
37	0.06711	0.04526	0.14416	0.05031	0.08127	0.01604	0.20252	0.10782	0.01811	0.17602	0.01619	0.01774	0.01142	0.00689	0.00689	0.00215	0.00867	0.00642	0.00487	0.01014
38	0.01278	0.01327	0.06141	0.67067	0.04457	0.01485	0.01885	0.01740	0.01370	0.01773	0.01321	0.04802	0.01056	0.00741	0.00690	0.00229	0.00897	0.00656	0.00317	0.00766
39	0.01005	0.00716	0.00874	0.00824	0.01022	0.00639	0.00622	0.01280	0.01822	0.05291	0.48892	0.05447	0.26079	0.01478	0.00803	0.00220	0.00341	0.01278	0.00721	0.00646
40	0.01591	0.01679	0.03219	0.08707	0.21842	0.01745	0.34554	0.02042	0.01487	0.02079	0.01265	0.01745	0.01017	0.00696	0.00999	0.00234	0.13138	0.00704	0.00333	0.00925
41	0.01576	0.01335	0.02246	0.30386	0.30165	0.01442	0.03928	0.01973	0.01479	0.08084	0.01502	0.04039	0.01220	0.01059	0.06408	0.00287	0.00910	0.00671	0.00381	0.00909
42	0.01628	0.02126	0.24291	0.02250	0.07120	0.01458	0.28347	0.02177	0.01583	0.10425	0.03866	0.08322	0.01539	0.00796	0.00743	0.00226	0.00929	0.00801	0.00425	0.00948
43	0.01705	0.01797	0.02021	0.01818	0.04230	0.15439	0.01435	0.04087	0.01309	0.01756	0.01029	0.01539	0.00965	0.01338	0.06633	0.00324	0.50895	0.00579	0.00328	0.00773
44	0.01470	0.01252	0.01502	0.06835	0.01892	0.01023	0.00922	0.05233	0.01508	0.02299	0.01238	0.01462	0.01013	0.00537	0.00530	0.00117	0.00551	0.00432	0.00412	0.69772
45	0.04311	0.52838	0.12588	0.01307	0.01909	0.06350	0.01331	0.03966	0.03476	0.01889	0.03775	0.01364	0.01129	0.00650	0.00506	0.00166	0.00771	0.00441	0.00340	0.00892
46	0.01161	0.00664	0.00976	0.03792	0.01156	0.00672	0.00754	0.01043	0.01082	0.01421	0.01909	0.03459	0.04006	0.02184	0.02156	0.56857	0.00606	0.15322	0.00382	0.00397
47	0.02246	0.03697	0.01888	0.01424	0.01948	0.01827	0.01175	0.48564	0.06530	0.03689	0.01706	0.01885	0.01299	0.00807	0.00653	0.00191	0.00684	0.02952	0.02899	0.13935
48	0.01829	0.76368	0.03585	0.01171	0.01756	0.02707	0.01171	0.02049	0.01390	0.01610	0.00951	0.01097	0.00878	0.00585	0.00439	0.00146	0.00732	0.00366	0.00293	0.00878
49	0.01372	0.03539	0.72412	0.01950	0.02961	0.01589	0.02528	0.02167	0.01444	0.02167	0.01228	0.01444	0.00867	0.00650	0.00650	0.00217	0.01011	0.00506	0.00289	0.01011
50	0.01522	0.20780	0.44563	0.01917	0.02773	0.01881	0.13211	0.02142	0.01459	0.02037	0.01187	0.01427	0.00898	0.00622	0.00625	0.00202	0.00967	0.00522	0.00299	0.00964
51	0.00864	0.00682	0.00779	0.00782	0.00965	0.00597	0.00576	0.01079	0.01650	0.02128	0.27598	0.15072	0.41445	0.01677	0.00816	0.00232	0.00345	0.01441	0.00674	0.00597
52	0.00994	0.00668	0.00769	0.00769	0.00777	0.00676	0.00443	0.01009	0.01002	0.01343	0.02135	0.04362	0.02437	0.71407	0.07963	0.00691	0.00738	0.00978	0.00411	0.00427
53	0.01573	0.01761	0.03704	0.02693	0.03285	0.01727	0.59235	0.02086	0.01541	0.02115	0.01418	0.04514	0.01151	0.00703	0.00968	0.00240	0.09217	0.00826	0.00352	0.00890
54	0.01398	0.01351	0.02160	0.60980	0.14932	0.04044	0.01910	0.01837	0.01417	0.01820	0.01221	0.01783	0.00937	0.00673	0.00681	0.00222	0.00908	0.00602	0.00311	0.00811
55	0.02777	0.01250	0.01594	0.01264	0.01765	0.01182	0.01030	0.05440	0.15937	0.55959	0.02684	0.02353	0.01757	0.00863	0.00690	0.00216	0.00579	0.00703	0.00811	0.01148
56	0.01292	0.01216	0.02052	0.74312	0.04712	0.01520	0.01900	0.01748	0.01368	0.01748	0.01216	0.01824	0.00912	0.00684	0.00684	0.00228	0.00912	0.00608	0.00304	0.00760
57	0.01340	0.01295	0.02202	0.60438	0.04281	0.01604	0.06755	0.01768	0.01348	0.01768	0.01190	0.01786	0.00920	0.00738	0.00880	0.00237	0.09753	0.00621	0.00307	0.00770
58	0.01009	0.00855	0.01116	0.01097	0.03560	0.00810	0.04736	0.01389	0.07416	0.02073	0.14283	0.12383	0.35900	0.01787	0.05652	0.00294	0.00538	0.03822	0.00612	0.00669
59	0.00958	0.00692	0.00905	0.00868	0.01020	0.00639	0.00645	0.01266	0.01890	0.02669	0.66259	0.10393	0.06310	0.01455	0.00812	0.00220	0.00328	0.01290	0.00744	0.00639

[dist]
# distance from previous block
# <min> <max>
3	24

[block]
# block no. 3 follows, 31 sequences, length 16
# corresponding to MSA columns:
# 501-516
name=unknown_D
#
# <colnr> <probs for GDERKNQSTAVLIFYWHMCP>
#	G	D	E	R	K	N	Q	S	T	A	V	L	I	F	Y	W	H	M	C	P
0	0.00839	0.00608	0.00792	0.00928	0.00989	0.00562	0.00627	0.00973	0.01362	0.01806	0.07543	0.66559	0.09741	0.02073	0.00865	0.00271	0.00389	0.01870	0.00641	0.00562
1	0.01615	0.01845	0.04037	0.02884	0.03576	0.01730	0.69204	0.02191	0.01615	0.02191	0.01384	0.01845	0.01038	0.00577	0.00807	0.00231	0.01153	0.00807	0.00346	0.00923
2	0.02560	0.03133	0.01950	0.01745	0.02116	0.66486	0.01320	0.09038	0.02060	0.01924	0.01113	0.01272	0.00908	0.00716	0.00623	0.00179	0.01188	0.00457	0.00384	0.00828
3	0.00844	0.00694	0.00742	0.00730	0.00946	0.00593	0.00548	0.01050	0.01643	0.02046	0.21165	0.06258	0.57053	0.01659	0.00808	0.00228	0.00341	0.01398	0.00661	0.00593
4	0.00834	0.00691	0.00708	0.00706	0.00912	0.00589	0.00516	0.00997	0.01523	0.01840	0.09461	0.06317	0.61884	0.08737	0.01061	0.00271	0.00375	0.01392	0.00620	0.00565
5	0.01556	0.00878	0.01152	0.01100	0.01336	0.00842	0.00862	0.04566	0.04016	0.18935	0.14773	0.22201	0.03668	0.03848	0.03859	0.00299	0.00560	0.14086	0.00691	0.00772
6	0.00977	0.00733	0.01100	0.01100	0.01222	0.00855	0.00855	0.01222	0.01100	0.01588	0.01833	0.02688	0.01710	0.05131	0.73245	0.01100	0.01833	0.00733	0.00367	0.00611
7	0.01372	0.03539	0.72412	0.01950	0.02961	0.01589	0.02528	0.02167	0.01444	0.02167	0.01228	0.01444	0.00867	0.00650	0.00650	0.00217	0.01011	0.00506	0.00289	0.01011
8	0.00977	0.00733	0.01100	0.01100	0.01222	0.00855	0.00855	0.01222	0.01100	0.01588	0.01833	0.02688	0.01710	0.05131	0.73245	0.01100	0.01833	0.00733	0.00367	0.00611
9	0.00848	0.00618	0.00800	0.00917	0.00990	0.00569	0.00626	0.00999	0.01413	0.01883	0.12694	0.60224	0.10873	0.02011	0.00859	0.00266	0.00383	0.01809	0.00650	0.00569
10	0.01419	0.01216	0.01419	0.01013	0.01621	0.00912	0.00811	0.01723	0.01419	0.02229	0.01216	0.01419	0.01013	0.00507	0.00507	0.00101	0.00507	0.00405	0.00405	0.80139
11	0.02736	0.01344	0.04540	0.01253	0.01770	0.03426	0.01062	0.05276	0.06009	0.55980	0.02833	0.02527	0.06228	0.00896	0.00692	0.00213	0.00609	0.00725	0.00779	0.01102
12	0.00950	0.00644	0.00760	0.00804	0.00815	0.00633	0.00476	0.00983	0.01083	0.01444	0.02609	0.24413	0.03059	0.55241	0.02750	0.00555	0.00589	0.01262	0.00476	0.00454
13	0.00932	0.00689	0.00884	0.01014	0.01094	0.00677	0.00709	0.01230	0.07644	0.01869	0.03670	0.64088	0.04261	0.02015	0.00862	0.00276	0.00426	0.06410	0.00640	0.00609
14	0.55123	0.10728	0.04383	0.01098	0.01560	0.10946	0.00951	0.02162	0.01331	0.05108	0.01039	0.01182	0.00814	0.00646	0.00469	0.00199	0.00667	0.00396	0.00408	0.00790
15	0.09265	0.02172	0.27064	0.01817	0.07547	0.01493	0.07130	0.10872	0.03781	0.11602	0.06847	0.02071	0.03751	0.00785	0.00671	0.00215	0.00788	0.00655	0.00490	0.00984

[dist]
# distance from previous block
# <min> <max>
0	1

[block]
# block no. 4 follows, 31 sequences, length 49
# corresponding to MSA columns:
# 518-566
name=unknown_E
#
# <colnr> <probs for GDERKNQSTAVLIFYWHMCP>
#	G	D	E	R	K	N	Q	S	T	A	V	L	I	F	Y	W	H	M	C	P
0	0.04018	0.09006	0.30333	0.06426	0.02447	0.04309	0.01693	0.07217	0.06171	0.07308	0.01424	0.01568	0.01053	0.00670	0.00611	0.00191	0.00811	0.00516	0.00411	0.13816
1	0.00885	0.00662	0.00834	0.00937	0.01039	0.00611	0.00651	0.01080	0.03271	0.01847	0.06220	0.57497	0.13479	0.01969	0.00847	0.00263	0.00402	0.03644	0.00633	0.03227
2	0.01442	0.04153	0.06300	0.04325	0.06055	0.01091	0.01060	0.01788	0.01426	0.02183	0.01211	0.01442	0.00999	0.00533	0.00531	0.00122	0.00584	0.00431	0.00385	0.63940
3	0.01639	0.04090	0.09986	0.05380	0.05755	0.01217	0.01203	0.05312	0.03856	0.08082	0.01408	0.01572	0.01089	0.00599	0.00570	0.00147	0.00632	0.00484	0.00439	0.46543
4	0.00977	0.00733	0.01100	0.01100	0.01222	0.00855	0.00855	0.01222	0.01100	0.01588	0.01833	0.02688	0.01710	0.05131	0.73245	0.01100	0.01833	0.00733	0.00367	0.00611
5	0.01847	0.08636	0.22050	0.01807	0.05007	0.03747	0.06932	0.18416	0.19416	0.02794	0.01707	0.01778	0.01270	0.00750	0.00664	0.00211	0.00816	0.00614	0.00494	0.01044
6	0.80789	0.01323	0.01006	0.00900	0.01323	0.01535	0.00741	0.02011	0.01164	0.03070	0.00953	0.01111	0.00741	0.00635	0.00423	0.00212	0.00529	0.00370	0.00423	0.00741
7	0.00977	0.00733	0.01100	0.01100	0.01222	0.00855	0.00855	0.01222	0.01100	0.01588	0.01833	0.02688	0.01710	0.05131	0.73245	0.01100	0.01833	0.00733	0.00367	0.00611
8	0.01663	0.01720	0.05253	0.12981	0.55058	0.04596	0.04616	0.02087	0.01547	0.02145	0.01270	0.01688	0.01043	0.00623	0.00680	0.00207	0.00863	0.00606	0.00333	0.01021
9	0.01816	0.01330	0.02160	0.04632	0.02276	0.01161	0.19639	0.02183	0.01597	0.18658	0.01823	0.05750	0.01454	0.00743	0.00673	0.00184	0.00717	0.02923	0.00508	0.29773
10	0.01728	0.60279	0.18790	0.01343	0.02022	0.02460	0.01470	0.02075	0.01402	0.01733	0.01012	0.01174	0.00875	0.00600	0.00486	0.00162	0.00793	0.00397	0.00292	0.00907
11	0.01015	0.00791	0.00938	0.00937	0.01120	0.00771	0.00697	0.01494	0.11725	0.02307	0.28854	0.20672	0.20172	0.01591	0.00811	0.00239	0.00389	0.04115	0.00687	0.00674
12	0.01794	0.01434	0.01999	0.01687	0.01787	0.01889	0.01404	0.01966	0.01220	0.14995	0.01239	0.01654	0.01049	0.01131	0.01950	0.00283	0.60674	0.00616	0.00403	0.00827
13	0.01419	0.01216	0.01419	0.01013	0.01621	0.00912	0.00811	0.01723	0.01419	0.02229	0.01216	0.01419	0.01013	0.00507	0.00507	0.00101	0.00507	0.00405	0.00405	0.80139
14	0.80789	0.01323	0.01006	0.00900	0.01323	0.01535	0.00741	0.02011	0.01164	0.03070	0.00953	0.01111	0.00741	0.00635	0.00423	0.00212	0.00529	0.00370	0.00423	0.00741
15	0.00884	0.00696	0.00798	0.00773	0.00971	0.00610	0.00579	0.01128	0.01738	0.02273	0.37464	0.05885	0.40613	0.01574	0.00808	0.00224	0.00335	0.01346	0.00691	0.00610
16	0.16557	0.01694	0.01733	0.01405	0.01889	0.01907	0.01143	0.40254	0.20145	0.03713	0.01811	0.01780	0.01325	0.00815	0.00640	0.00213	0.00658	0.00612	0.00640	0.01066
17	0.01497	0.01497	0.02095	0.01796	0.01796	0.02095	0.01497	0.01646	0.01048	0.01646	0.00898	0.01497	0.00898	0.01197	0.02245	0.00299	0.74704	0.00599	0.00299	0.00748
18	0.01189	0.01049	0.07726	0.01070	0.01376	0.00796	0.02909	0.01499	0.01675	0.08865	0.21930	0.09198	0.25109	0.01472	0.00806	0.00239	0.00495	0.11243	0.00644	0.00709
19	0.00995	0.00663	0.00746	0.00746	0.00746	0.00663	0.00415	0.00995	0.00995	0.01327	0.02156	0.04477	0.02487	0.75957	0.03482	0.00663	0.00663	0.00995	0.00415	0.00415
20	0.01890	0.01717	0.03573	0.02568	0.03229	0.01593	0.56295	0.02408	0.01680	0.15436	0.01633	0.01937	0.01162	0.00628	0.00785	0.00227	0.01045	0.00785	0.00441	0.00968
21	0.02466	0.01406	0.01664	0.01306	0.01774	0.01427	0.01067	0.31935	0.02506	0.29255	0.15226	0.02554	0.02362	0.00940	0.00709	0.00210	0.00608	0.00760	0.00758	0.01066
22	0.03070	0.01164	0.01588	0.01217	0.01746	0.01006	0.01006	0.03334	0.01958	0.72163	0.02699	0.02329	0.01694	0.00847	0.00688	0.00212	0.00582	0.00688	0.00847	0.01164
23	0.03070	0.01164	0.01588	0.01217	0.01746	0.01006	0.01006	0.03334	0.01958	0.72163	0.02699	0.02329	0.01694	0.00847	0.00688	0.00212	0.00582	0.00688	0.00847	0.01164
24	0.00995	0.00663	0.00746	0.00746	0.00746	0.00663	0.00415	0.00995	0.00995	0.01327	0.02156	0.04477	0.02487	0.75957	0.03482	0.00663	0.00663	0.00995	0.00415	0.00415
25	0.01292	0.01216	0.02052	0.74312	0.04712	0.01520	0.01900	0.01748	0.01368	0.01748	0.01216	0.01824	0.00912	0.00684	0.00684	0.00228	0.00912	0.00608	0.00304	0.00760
26	0.00993	0.00672	0.00791	0.00791	0.00806	0.00687	0.00470	0.01023	0.01008	0.01359	0.02115	0.04252	0.02389	0.67039	0.12266	0.00718	0.00810	0.00962	0.00408	0.00439
27	0.80789	0.01323	0.01006	0.00900	0.01323	0.01535	0.00741	0.02011	0.01164	0.03070	0.00953	0.01111	0.00741	0.00635	0.00423	0.00212	0.00529	0.00370	0.00423	0.00741
28	0.01497	0.01497	0.02095	0.01796	0.01796	0.02095	0.01497	0.01646	0.01048	0.01646	0.00898	0.01497	0.00898	0.01197	0.02245	0.00299	0.74704	0.00599	0.00299	0.00748
29	0.01925	0.01581	0.01673	0.01438	0.01864	0.01806	0.01137	0.20007	0.53717	0.03223	0.02500	0.02326	0.01858	0.00902	0.00693	0.00225	0.00594	0.00734	0.00693	0.01103
30	0.00915	0.00654	0.00888	0.01046	0.01122	0.00626	0.00777	0.01094	0.01390	0.01838	0.03726	0.54902	0.04346	0.02066	0.00895	0.00289	0.00468	0.21746	0.00634	0.00578
31	0.00839	0.00694	0.00735	0.00725	0.00943	0.00590	0.00544	0.01040	0.01631	0.02018	0.19120	0.06305	0.59116	0.01669	0.00808	0.00228	0.00342	0.01405	0.00658	0.00590
32	0.01419	0.01216	0.01419	0.01013	0.01621	0.00912	0.00811	0.01723	0.01419	0.02229	0.01216	0.01419	0.01013	0.00507	0.00507	0.00101	0.00507	0.00405	0.00405	0.80139
33	0.01419	0.01216	0.01419	0.01013	0.01621	0.00912	0.00811	0.01723	0.01419	0.02229	0.01216	0.01419	0.01013	0.00507	0.00507	0.00101	0.00507	0.00405	0.00405	0.80139
34	0.66078	0.01293	0.01116	0.00960	0.01403	0.01435	0.00791	0.02262	0.01315	0.16148	0.01283	0.01342	0.00921	0.00675	0.00473	0.00212	0.00539	0.00431	0.00504	0.00821
35	0.00813	0.00675	0.00712	0.00742	0.00937	0.00573	0.00541	0.00976	0.01513	0.01829	0.06338	0.19515	0.58863	0.01810	0.00821	0.00240	0.00356	0.01538	0.00635	0.00573
36	0.00960	0.00705	0.01011	0.01052	0.01150	0.00777	0.00792	0.01164	0.01162	0.01626	0.02346	0.16959	0.02457	0.10463	0.48746	0.00854	0.01380	0.05372	0.00439	0.00585
37	0.01232	0.01126	0.01862	0.55790	0.08436	0.01344	0.01674	0.01621	0.01370	0.01780	0.01704	0.15763	0.01607	0.00955	0.00719	0.00236	0.00808	0.00861	0.00369	0.00743
38	0.01292	0.01216	0.02052	0.74312	0.04712	0.01520	0.01900	0.01748	0.01368	0.01748	0.01216	0.01824	0.00912	0.00684	0.00684	0.00228	0.00912	0.00608	0.00304	0.00760
39	0.02038	0.55359	0.03112	0.01341	0.01859	0.22968	0.01214	0.02245	0.01548	0.01628	0.00982	0.01137	0.00879	0.00620	0.00490	0.00155	0.00876	0.00387	0.00310	0.00854
40	0.30583	0.04461	0.17187	0.11769	0.05679	0.05441	0.01458	0.04988	0.01486	0.09277	0.01270	0.01460	0.00932	0.00674	0.00570	0.00210	0.00762	0.00490	0.00417	0.00886
41	0.01884	0.02212	0.09329	0.09141	0.23207	0.18663	0.11956	0.07772	0.01741	0.02189	0.01246	0.01581	0.00990	0.00684	0.00757	0.00209	0.04542	0.00589	0.00362	0.00945
42	0.01275	0.00638	0.00638	0.00638	0.00797	0.00638	0.00478	0.01594	0.01435	0.02551	0.02232	0.02551	0.01754	0.00797	0.00478	0.00159	0.00319	0.00638	0.79755	0.00638
43	0.05672	0.07159	0.15004	0.08720	0.05851	0.40289	0.01606	0.02399	0.01682	0.01858	0.01099	0.01345	0.00885	0.00692	0.00661	0.00193	0.03231	0.00474	0.00334	0.00846
44	0.00987	0.00694	0.00901	0.00901	0.00955	0.00748	0.00608	0.01095	0.01041	0.01442	0.02014	0.03691	0.02146	0.44831	0.34141	0.00855	0.01177	0.00880	0.00393	0.00501
45	0.12817	0.01491	0.04889	0.35510	0.22554	0.01590	0.04353	0.05074	0.01490	0.02224	0.01225	0.01664	0.00950	0.00657	0.00648	0.00217	0.00836	0.00579	0.00349	0.00882
46	0.01553	0.01730	0.10748	0.21396	0.29421	0.04238	0.07247	0.02005	0.01496	0.04037	0.01408	0.01959	0.01148	0.00979	0.05490	0.00275	0.00960	0.02634	0.00350	0.00925
47	0.01995	0.01429	0.01574	0.01366	0.01786	0.01586	0.01077	0.06112	0.54898	0.16036	0.02724	0.02475	0.01978	0.00909	0.00694	0.00227	0.00557	0.00751	0.00724	0.01101
48	0.01837	0.01772	0.01708	0.10800	0.04300	0.19247	0.01156	0.04438	0.04172	0.05967	0.01332	0.01532	0.01051	0.00627	0.00585	0.00154	0.00765	0.00483	0.00421	0.37652

[dist]
# distance from previous block
# <min> <max>
2	5

[block]
# block no. 5 follows, 31 sequences, length 91
# corresponding to MSA columns:
# 572-585,643-719
name=unknown_F
#
# <colnr> <probs for GDERKNQSTAVLIFYWHMCP>
