[name]
unknown

[dist]
# distance from previous block
# <min> <max>
0	635

[block]
# block no. 0 follows, 30 sequences, length 24
# corresponding to MSA columns:
# 679-700,716,717
name=unknown_A
#
# <colnr> <probs for GDERKNQSTAVLIFYWHMCP>
#	G	D	E	R	K	N	Q	S	T	A	V	L	I	F	Y	W	H	M	C	P
0	0.01124	0.00803	0.01124	0.01285	0.01446	0.00803	0.01124	0.01446	0.01606	0.02088	0.03695	0.07871	0.04016	0.01928	0.00964	0.00321	0.00643	0.66426	0.00643	0.00643
1	0.01212	0.00606	0.00909	0.00909	0.00909	0.00606	0.00606	0.00909	0.00909	0.01212	0.01212	0.02121	0.01212	0.02424	0.02727	0.79697	0.00606	0.00606	0.00303	0.00303
2	0.01212	0.00606	0.00909	0.00909	0.00909	0.00606	0.00606	0.00909	0.00909	0.01212	0.01212	0.02121	0.01212	0.02424	0.02727	0.79697	0.00606	0.00606	0.00303	0.00303
3	0.01736	0.01499	0.01578	0.01420	0.01815	0.01736	0.01105	0.03708	0.69862	0.02919	0.02840	0.02604	0.02130	0.00947	0.00710	0.00237	0.00552	0.00789	0.00710	0.01105
4	0.00826	0.00702	0.00712	0.00720	0.00946	0.00588	0.00536	0.01000	0.01578	0.01880	0.06914	0.10016	0.67640	0.01788	0.00828	0.00238	0.00356	0.01497	0.00648	0.00588
5	0.01736	0.01499	0.01578	0.01420	0.01815	0.01736	0.01105	0.03708	0.69862	0.02919	0.02840	0.02604	0.02130	0.00947	0.00710	0.00237	0.00552	0.00789	0.00710	0.01105
6	0.80405	0.01350	0.01026	0.00918	0.01350	0.01565	0.00756	0.02051	0.01188	0.03131	0.00972	0.01134	0.00756	0.00648	0.00432	0.00216	0.00540	0.00378	0.00432	0.00756
7	0.02405	0.02902	0.01885	0.01710	0.02078	0.56218	0.01292	0.03000	0.17725	0.01989	0.01487	0.01570	0.01185	0.00772	0.00648	0.00193	0.01095	0.00528	0.00441	0.00878
8	0.01015	0.00677	0.00761	0.00761	0.00761	0.00677	0.00423	0.01015	0.01015	0.01353	0.02199	0.04567	0.02537	0.75476	0.03552	0.00677	0.00677	0.01015	0.00423	0.00423
9	0.80405	0.01350	0.01026	0.00918	0.01350	0.01565	0.00756	0.02051	0.01188	0.03131	0.00972	0.01134	0.00756	0.00648	0.00432	0.00216	0.00540	0.00378	0.00432	0.00756
10	0.02609	0.03257	0.01983	0.01788	0.02158	0.69122	0.01347	0.06112	0.02043	0.01843	0.01109	0.01279	0.00913	0.00725	0.00633	0.00181	0.01234	0.00458	0.00377	0.00828
11	0.00825	0.00707	0.00707	0.00707	0.00943	0.00589	0.00530	0.01001	0.01591	0.01885	0.07069	0.06716	0.70839	0.01767	0.00825	0.00236	0.00353	0.01473	0.00648	0.00589
12	0.00850	0.00607	0.00810	0.00972	0.01012	0.00567	0.00648	0.00972	0.01336	0.01781	0.03846	0.75020	0.04615	0.02186	0.00891	0.00283	0.00405	0.01984	0.00648	0.00567
13	0.01447	0.01240	0.01447	0.01034	0.01654	0.00930	0.00827	0.01757	0.01447	0.02274	0.01240	0.01447	0.01034	0.00517	0.00517	0.00103	0.00517	0.00413	0.00413	0.79742
14	0.00825	0.00707	0.00707	0.00707	0.00943	0.00589	0.00530	0.01001	0.01591	0.01885	0.07069	0.06716	0.70839	0.01767	0.00825	0.00236	0.00353	0.01473	0.00648	0.00589
15	0.01866	0.75896	0.03657	0.01194	0.01791	0.02761	0.01194	0.02090	0.01418	0.01642	0.00970	0.01119	0.00896	0.00597	0.00448	0.00149	0.00746	0.00373	0.00299	0.00896
16	0.01212	0.00606	0.00909	0.00909	0.00909	0.00606	0.00606	0.00909	0.00909	0.01212	0.01212	0.02121	0.01212	0.02424	0.02727	0.79697	0.00606	0.00606	0.00303	0.00303
17	0.02541	0.01899	0.02031	0.01583	0.02122	0.02112	0.01299	0.60875	0.11384	0.04218	0.01817	0.01788	0.01302	0.00851	0.00700	0.00213	0.00742	0.00648	0.00700	0.01177
18	0.01727	0.01658	0.02832	0.04283	0.71123	0.01658	0.02142	0.02142	0.01589	0.02280	0.01313	0.01727	0.01105	0.00622	0.00691	0.00207	0.00829	0.00622	0.00345	0.01105
19	0.02579	0.01918	0.02053	0.01591	0.02136	0.02130	0.01309	0.63597	0.08599	0.04280	0.01768	0.01750	0.01262	0.00846	0.00699	0.00212	0.00751	0.00641	0.00699	0.01180
20	0.01013	0.00730	0.01034	0.01034	0.01137	0.00826	0.00771	0.01218	0.01116	0.01610	0.01948	0.03080	0.01896	0.18310	0.56657	0.00998	0.01580	0.00794	0.03661	0.00586
21	0.02846	0.01331	0.01670	0.01315	0.01833	0.01279	0.01075	0.11409	0.13161	0.52286	0.02636	0.02327	0.01727	0.00874	0.00703	0.00219	0.00608	0.00707	0.00819	0.01174
22	0.01318	0.01240	0.02093	0.73798	0.04806	0.01550	0.01938	0.01783	0.01395	0.01783	0.01240	0.01860	0.00930	0.00698	0.00698	0.00233	0.00930	0.00620	0.00310	0.00775
23	0.01708	0.01713	0.03146	0.03956	0.54645	0.01684	0.18368	0.02164	0.01603	0.02269	0.01337	0.01765	0.01094	0.00614	0.00723	0.00214	0.00914	0.00671	0.00347	0.01065

[dist]
# distance from previous block
# <min> <max>
0	1

[block]
# block no. 1 follows, 30 sequences, length 10
# corresponding to MSA columns:
# 719-728
name=unknown_B
#
# <colnr> <probs for GDERKNQSTAVLIFYWHMCP>
#	G	D	E	R	K	N	Q	S	T	A	V	L	I	F	Y	W	H	M	C	P
0	0.01429	0.01367	0.02089	0.01810	0.01938	0.01722	0.09302	0.01680	0.01286	0.01859	0.01747	0.03333	0.01795	0.01343	0.01749	0.00302	0.45149	0.18944	0.00405	0.00751
1	0.01150	0.00968	0.01285	0.01243	0.01375	0.01104	0.01028	0.01397	0.01524	0.02069	0.16356	0.05368	0.17133	0.01604	0.01278	0.00280	0.20986	0.22612	0.00574	0.00668
2	0.01519	0.01377	0.01400	0.01110	0.01570	0.09357	0.00868	0.05281	0.01753	0.02465	0.20581	0.02484	0.02570	0.00811	0.00625	0.00150	0.00565	0.00665	0.00521	0.44329
3	0.02268	0.01290	0.01560	0.01234	0.01755	0.01200	0.00993	0.03030	0.21029	0.32902	0.02357	0.02182	0.01648	0.00791	0.00653	0.00190	0.00561	0.00646	0.00695	0.23016
4	0.01485	0.00769	0.01035	0.01047	0.01226	0.00694	0.00753	0.01647	0.01520	0.21205	0.03542	0.54812	0.03812	0.01818	0.00838	0.00265	0.00457	0.01627	0.00708	0.00739
5	0.01929	0.02240	0.01732	0.01748	0.06679	0.39296	0.01231	0.02106	0.01665	0.01765	0.01846	0.21842	0.01949	0.01179	0.00902	0.00225	0.09569	0.00907	0.00432	0.00757
6	0.01094	0.00900	0.01372	0.01893	0.20515	0.00870	0.01063	0.01297	0.01406	0.01920	0.03141	0.54632	0.03639	0.01751	0.00835	0.00262	0.00523	0.01605	0.00564	0.00717
7	0.15014	0.10451	0.01663	0.01283	0.01624	0.19303	0.01004	0.07713	0.03842	0.07167	0.02042	0.21896	0.02030	0.01128	0.00661	0.00218	0.00730	0.00899	0.00520	0.00811
8	0.01904	0.09015	0.24195	0.02015	0.02682	0.21516	0.16077	0.07043	0.01780	0.02177	0.01350	0.01763	0.01084	0.00724	0.00685	0.00210	0.01066	0.03413	0.00369	0.00933
9	0.01927	0.02524	0.29663	0.05158	0.11143	0.09127	0.01883	0.11517	0.01840	0.10482	0.01623	0.01782	0.02665	0.00756	0.00716	0.00214	0.02842	0.00591	0.02527	0.01018

[dist]
# distance from previous block
# <min> <max>
6	45

[block]
# block no. 2 follows, 30 sequences, length 27
# corresponding to MSA columns:
# 780-806
name=unknown_C
#
# <colnr> <probs for GDERKNQSTAVLIFYWHMCP>
#	G	D	E	R	K	N	Q	S	T	A	V	L	I	F	Y	W	H	M	C	P
0	0.07687	0.16022	0.01421	0.00950	0.01198	0.01133	0.00740	0.01420	0.01396	0.05378	0.03481	0.29175	0.16975	0.08759	0.01000	0.00276	0.00511	0.01259	0.00548	0.00671
1	0.04198	0.13856	0.22772	0.01610	0.02183	0.08476	0.09437	0.01954	0.01522	0.04101	0.02155	0.16378	0.06432	0.01032	0.00694	0.00220	0.00826	0.00880	0.00424	0.00851
2	0.04948	0.45971	0.14362	0.01301	0.01888	0.06999	0.01332	0.02007	0.01446	0.01802	0.01554	0.01710	0.06841	0.00804	0.00635	0.03923	0.00780	0.00506	0.00337	0.00852
3	0.00959	0.00755	0.01094	0.01153	0.01227	0.00768	0.03949	0.01115	0.01341	0.01809	0.03475	0.62001	0.04104	0.02016	0.01010	0.00285	0.06718	0.05010	0.00605	0.00605
4	0.02578	0.02086	0.02011	0.01603	0.02116	0.12474	0.01298	0.50592	0.09253	0.06334	0.01736	0.01726	0.01252	0.00831	0.00689	0.00208	0.00814	0.00620	0.00655	0.01123
5	0.02567	0.10030	0.02265	0.01561	0.02123	0.02229	0.01312	0.61510	0.03078	0.04097	0.01598	0.01615	0.01155	0.00811	0.00671	0.00203	0.00766	0.00600	0.00654	0.01155
6	0.01400	0.03610	0.71860	0.01989	0.03020	0.01621	0.02578	0.02210	0.01473	0.02210	0.01252	0.01473	0.00884	0.00663	0.00663	0.00221	0.01031	0.00516	0.00295	0.01031
7	0.01866	0.75896	0.03657	0.01194	0.01791	0.02761	0.01194	0.02090	0.01418	0.01642	0.00970	0.01119	0.00896	0.00597	0.00448	0.00149	0.00746	0.00373	0.00299	0.00896
8	0.01400	0.03610	0.71860	0.01989	0.03020	0.01621	0.02578	0.02210	0.01473	0.02210	0.01252	0.01473	0.00884	0.00663	0.00663	0.00221	0.01031	0.00516	0.00295	0.01031
9	0.03030	0.01235	0.01790	0.01357	0.01908	0.01076	0.05627	0.03321	0.01973	0.66881	0.02662	0.02342	0.01682	0.00845	0.00710	0.00217	0.00633	0.00710	0.00829	0.01171
10	0.00971	0.00713	0.00910	0.00861	0.01033	0.00651	0.00646	0.01285	0.01937	0.02707	0.64371	0.05363	0.13025	0.01461	0.00823	0.00221	0.00332	0.01283	0.00756	0.00651
11	0.03131	0.01188	0.01619	0.01242	0.01781	0.01026	0.01026	0.03401	0.01997	0.71606	0.02753	0.02375	0.01727	0.00864	0.00702	0.00216	0.00594	0.00702	0.00864	0.01188
12	0.02416	0.02460	0.01920	0.01648	0.02079	0.33568	0.01284	0.23940	0.18413	0.02847	0.01684	0.01708	0.01281	0.00810	0.00670	0.00203	0.00936	0.00586	0.00550	0.00999
13	0.01866	0.75896	0.03657	0.01194	0.01791	0.02761	0.01194	0.02090	0.01418	0.01642	0.00970	0.01119	0.00896	0.00597	0.00448	0.00149	0.00746	0.00373	0.00299	0.00896
14	0.00850	0.00607	0.00810	0.00972	0.01012	0.00567	0.00648	0.00972	0.01336	0.01781	0.03846	0.75020	0.04615	0.02186	0.00891	0.00283	0.00405	0.01984	0.00648	0.00567
15	0.01866	0.75896	0.03657	0.01194	0.01791	0.02761	0.01194	0.02090	0.01418	0.01642	0.00970	0.01119	0.00896	0.00597	0.00448	0.00149	0.00746	0.00373	0.00299	0.00896
16	0.01107	0.00791	0.01105	0.01266	0.01419	0.00788	0.01095	0.01416	0.01589	0.02069	0.03704	0.12076	0.04054	0.01944	0.00959	0.00319	0.00628	0.62390	0.00643	0.00638
17	0.01527	0.01527	0.02137	0.01832	0.01832	0.02137	0.01527	0.01679	0.01069	0.01679	0.00916	0.01527	0.00916	0.01221	0.02290	0.00305	0.74198	0.00611	0.00305	0.00763
18	0.02940	0.01388	0.01873	0.01422	0.01977	0.01305	0.05318	0.16711	0.02238	0.53508	0.02449	0.02201	0.01575	0.00841	0.00709	0.00216	0.00666	0.00694	0.00798	0.01172
19	0.00850	0.00607	0.00810	0.00972	0.01012	0.00567	0.00648	0.00972	0.01336	0.01781	0.03846	0.75020	0.04615	0.02186	0.00891	0.00283	0.00405	0.01984	0.00648	0.00567
20	0.00825	0.00707	0.00707	0.00707	0.00943	0.00589	0.00530	0.01001	0.01591	0.01885	0.07069	0.06716	0.70839	0.01767	0.00825	0.00236	0.00353	0.01473	0.00648	0.00589
21	0.00850	0.00607	0.00810	0.00972	0.01012	0.00567	0.00648	0.00972	0.01336	0.01781	0.03846	0.75020	0.04615	0.02186	0.00891	0.00283	0.00405	0.01984	0.00648	0.00567
22	0.24973	0.02098	0.01760	0.01467	0.01911	0.19461	0.01178	0.29824	0.02243	0.03229	0.01286	0.01409	0.00978	0.00773	0.00685	0.00209	0.04541	0.00511	0.00518	0.00948
23	0.62054	0.01492	0.01278	0.01080	0.01542	0.01707	0.00890	0.17804	0.01682	0.03430	0.01138	0.01261	0.00857	0.00693	0.00495	0.00214	0.00594	0.00437	0.00495	0.00857
24	0.01273	0.00927	0.01139	0.03411	0.01389	0.00956	0.00855	0.14916	0.01736	0.02312	0.03172	0.45508	0.03572	0.07772	0.01068	0.00302	0.00541	0.07826	0.00629	0.00696
25	0.01838	0.01974	0.02089	0.06674	0.02271	0.20337	0.08303	0.02536	0.19019	0.02095	0.01718	0.01942	0.03311	0.00910	0.01086	0.00234	0.18987	0.00656	0.00442	0.03580
26	0.09652	0.19372	0.02911	0.01860	0.02374	0.11219	0.22041	0.02361	0.03632	0.08947	0.01349	0.01584	0.01054	0.00713	0.00798	0.00211	0.08019	0.00591	0.00405	0.00907

[dist]
# distance from previous block
# <min> <max>
1	5

[block]
# block no. 3 follows, 30 sequences, length 21
# corresponding to MSA columns:
# 813-833
name=unknown_D
#
# <colnr> <probs for GDERKNQSTAVLIFYWHMCP>
#	G	D	E	R	K	N	Q	S	T	A	V	L	I	F	Y	W	H	M	C	P
0	0.01826	0.16375	0.31662	0.01617	0.02317	0.10132	0.01742	0.05111	0.09443	0.06866	0.01533	0.01640	0.01147	0.00718	0.00619	0.00201	0.00873	0.00537	0.04655	0.00984
1	0.06219	0.05313	0.52298	0.01838	0.02686	0.01595	0.06552	0.02129	0.01451	0.02266	0.01316	0.01570	0.00969	0.00687	0.00693	0.00217	0.03433	0.00538	0.07269	0.00962
2	0.01522	0.01310	0.01612	0.01158	0.01779	0.01037	0.04165	0.05385	0.01555	0.02386	0.01272	0.01481	0.01043	0.00538	0.00542	0.00116	0.00563	0.00445	0.00426	0.71667
3	0.00893	0.00684	0.00821	0.00856	0.01011	0.00612	0.00624	0.01107	0.01639	0.02149	0.25998	0.25716	0.29565	0.01785	0.00848	0.00247	0.00370	0.03783	0.00685	0.00606
4	0.01722	0.01672	0.02910	0.04202	0.67030	0.01665	0.06172	0.02147	0.01592	0.02277	0.01319	0.01737	0.01103	0.00620	0.00699	0.00209	0.00850	0.00634	0.00346	0.01095
5	0.01850	0.01556	0.01642	0.01443	0.01858	0.01789	0.01132	0.11815	0.61569	0.03103	0.02695	0.02488	0.02013	0.00933	0.00709	0.00233	0.00579	0.00769	0.00709	0.01115
6	0.02595	0.01069	0.01448	0.01151	0.01597	0.00934	0.00934	0.02880	0.01992	0.54396	0.19761	0.03085	0.02942	0.01004	0.00732	0.00217	0.00528	0.00842	0.00840	0.01055
7	0.01542	0.25703	0.51014	0.01746	0.02645	0.01969	0.02155	0.02173	0.01456	0.02036	0.01166	0.01365	0.00888	0.00643	0.00597	0.00199	0.00944	0.00472	0.00296	0.00990
8	0.01400	0.03610	0.71860	0.01989	0.03020	0.01621	0.02578	0.02210	0.01473	0.02210	0.01252	0.01473	0.00884	0.00663	0.00663	0.00221	0.01031	0.00516	0.00295	0.01031
9	0.00988	0.00713	0.00933	0.00878	0.01043	0.00658	0.00658	0.01317	0.01975	0.02798	0.70754	0.05213	0.06584	0.01427	0.00823	0.00219	0.00329	0.01262	0.00768	0.00658
10	0.00832	0.00680	0.00735	0.00778	0.00961	0.00583	0.00562	0.00993	0.01522	0.01857	0.06200	0.25147	0.52970	0.01880	0.00843	0.00249	0.00367	0.01611	0.00648	0.00583
11	0.01539	0.01522	0.02755	0.33553	0.30555	0.01632	0.14275	0.02007	0.01517	0.02061	0.01300	0.01812	0.01022	0.00648	0.00718	0.00223	0.00936	0.00658	0.00332	0.00935
12	0.01400	0.03610	0.71860	0.01989	0.03020	0.01621	0.02578	0.02210	0.01473	0.02210	0.01252	0.01473	0.00884	0.00663	0.00663	0.00221	0.01031	0.00516	0.00295	0.01031
13	0.00825	0.00707	0.00707	0.00707	0.00943	0.00589	0.00530	0.01001	0.01591	0.01885	0.07069	0.06716	0.70839	0.01767	0.00825	0.00236	0.00353	0.01473	0.00648	0.00589
14	0.01794	0.64783	0.14141	0.01316	0.01980	0.02586	0.01407	0.02108	0.01426	0.01729	0.01014	0.01174	0.00894	0.00607	0.00481	0.00160	0.00790	0.00395	0.00298	0.00916
15	0.01757	0.66536	0.03341	0.01185	0.01723	0.02526	0.01154	0.01984	0.01381	0.01639	0.01082	0.01321	0.01001	0.01175	0.09448	0.00270	0.00886	0.00420	0.00308	0.00862
16	0.00915	0.00736	0.00832	0.00880	0.01093	0.00653	0.00708	0.01135	0.01595	0.01946	0.06058	0.07062	0.50807	0.01815	0.00866	0.00261	0.00440	0.20945	0.00646	0.00605
17	0.01071	0.00786	0.01050	0.01182	0.01356	0.00765	0.01019	0.01367	0.01604	0.02052	0.04296	0.07665	0.15932	0.01899	0.00939	0.00306	0.00591	0.54844	0.00644	0.00633
18	0.01723	0.30955	0.06543	0.02220	0.02896	0.02150	0.39637	0.02177	0.01551	0.02002	0.01233	0.01568	0.00988	0.00595	0.00670	0.00201	0.01002	0.00635	0.00329	0.00927
19	0.01564	0.08729	0.60793	0.01887	0.02837	0.04401	0.02355	0.02282	0.01514	0.05541	0.01298	0.01483	0.00927	0.00670	0.00648	0.00214	0.00998	0.00512	0.00325	0.01021
20	0.02262	0.08664	0.08406	0.01524	0.02082	0.01709	0.05358	0.19052	0.17312	0.20409	0.04558	0.02128	0.01664	0.00836	0.00687	0.00215	0.00707	0.00683	0.00650	0.01094

[dist]
# distance from previous block
# <min> <max>
8	28

[block]
# block no. 4 follows, 30 sequences, length 88
# corresponding to MSA columns:
# 870-882,886-890,894-963
name=unknown_E
#
# <colnr> <probs for GDERKNQSTAVLIFYWHMCP>
#	G	D	E	R	K	N	Q	S	T	A	V	L	I	F	Y	W	H	M	C	P
0	0.02155	0.28931	0.07810	0.01465	0.01987	0.21962	0.01314	0.15980	0.01966	0.02346	0.01270	0.01417	0.01026	0.00703	0.00570	0.00177	0.00883	0.00480	0.06638	0.00922
1	0.01634	0.03114	0.54065	0.01966	0.02880	0.01641	0.07540	0.07405	0.04410	0.06671	0.01453	0.01622	0.01023	0.00694	0.00683	0.00222	0.00977	0.00571	0.00382	0.01049
2	0.01838	0.06890	0.01428	0.01091	0.01433	0.01064	0.00869	0.02306	0.10136	0.25502	0.22729	0.11828	0.07533	0.01223	0.00747	0.00223	0.00488	0.01043	0.00735	0.00893
3	0.01001	0.00982	0.06400	0.01220	0.01436	0.00799	0.06027	0.01257	0.01429	0.01895	0.03730	0.38820	0.12810	0.02096	0.06541	0.00340	0.00654	0.11337	0.00577	0.00649
4	0.01380	0.03236	0.61334	0.09863	0.03153	0.01580	0.02449	0.02132	0.01470	0.02158	0.01349	0.01774	0.01015	0.00718	0.00679	0.00226	0.01005	0.03181	0.00310	0.00987
5	0.01569	0.01497	0.02547	0.31124	0.45517	0.01616	0.02063	0.02003	0.01514	0.02088	0.01285	0.01779	0.01038	0.00651	0.00693	0.00217	0.00868	0.00621	0.00332	0.00978
6	0.18185	0.01459	0.01634	0.01273	0.01803	0.01475	0.01049	0.23090	0.02187	0.31901	0.01949	0.01841	0.01314	0.00785	0.00632	0.00205	0.00630	0.00592	0.00692	0.07303
7	0.01605	0.01533	0.02612	0.25051	0.51310	0.01626	0.02081	0.02034	0.01531	0.02131	0.01291	0.01767	0.01053	0.00644	0.00693	0.00215	0.00859	0.00621	0.00335	0.01007
8	0.01438	0.03342	0.61365	0.02136	0.03117	0.01643	0.12805	0.02214	0.01500	0.02214	0.01277	0.01537	0.00911	0.00651	0.00688	0.00223	0.01054	0.00563	0.00304	0.01017
9	0.00975	0.00713	0.00915	0.00864	0.01035	0.00653	0.00648	0.01292	0.01945	0.02726	0.65727	0.05331	0.11657	0.01454	0.00823	0.00221	0.00331	0.01279	0.00759	0.00653
10	0.00868	0.00618	0.00817	0.00956	0.01004	0.00578	0.00640	0.01001	0.01374	0.01844	0.09062	0.66672	0.04687	0.05077	0.00993	0.00294	0.00410	0.01888	0.00648	0.00568
11	0.39302	0.04716	0.01719	0.01350	0.01755	0.04577	0.05591	0.14364	0.01629	0.02907	0.01195	0.01452	0.00958	0.01080	0.05987	0.00288	0.09325	0.00511	0.00448	0.00847
12	0.02670	0.01815	0.01994	0.01541	0.02087	0.01971	0.01269	0.55361	0.06976	0.14217	0.01902	0.01833	0.01321	0.00848	0.00699	0.00212	0.00730	0.00648	0.00723	0.01182
13	0.01447	0.01240	0.01447	0.01034	0.01654	0.00930	0.00827	0.01757	0.01447	0.02274	0.01240	0.01447	0.01034	0.00517	0.00517	0.00103	0.00517	0.00413	0.00413	0.79742
14	0.00850	0.00607	0.00810	0.00972	0.01012	0.00567	0.00648	0.00972	0.01336	0.01781	0.03846	0.75020	0.04615	0.02186	0.00891	0.00283	0.00405	0.01984	0.00648	0.00567
15	0.01104	0.00911	0.01380	0.01294	0.01415	0.01108	0.03027	0.01348	0.01129	0.01648	0.01698	0.02515	0.01587	0.04431	0.58909	0.00960	0.13793	0.00727	0.00362	0.00656
16	0.01710	0.03031	0.54361	0.01847	0.02715	0.01557	0.02229	0.02376	0.01534	0.14224	0.01487	0.01634	0.01033	0.00740	0.00793	0.00227	0.06515	0.00555	0.00394	0.01038
17	0.01629	0.26690	0.33299	0.02273	0.18750	0.02001	0.02024	0.02155	0.01483	0.02041	0.01175	0.01418	0.00940	0.00632	0.00599	0.00194	0.00891	0.00494	0.00308	0.01005
18	0.01757	0.01823	0.05719	0.04063	0.64817	0.05175	0.02121	0.02176	0.01603	0.02248	0.01298	0.01693	0.01086	0.00628	0.00687	0.00206	0.00859	0.00609	0.00344	0.01088
19	0.00850	0.00607	0.00810	0.00972	0.01012	0.00567	0.00648	0.00972	0.01336	0.01781	0.03846	0.75020	0.04615	0.02186	0.00891	0.00283	0.00405	0.01984	0.00648	0.00567
20	0.01549	0.01543	0.02810	0.24884	0.33157	0.01606	0.16849	0.02008	0.01543	0.02104	0.01545	0.02003	0.03850	0.00683	0.00728	0.00222	0.00918	0.00701	0.00349	0.00948
21	0.01617	0.07493	0.05090	0.02067	0.02601	0.01699	0.31667	0.06019	0.15813	0.02342	0.01763	0.02097	0.01389	0.01487	0.13245	0.00381	0.01106	0.00747	0.00444	0.00933
22	0.00871	0.00623	0.00834	0.00982	0.01030	0.00593	0.00667	0.01002	0.01324	0.01770	0.03692	0.67074	0.04389	0.04634	0.04535	0.00338	0.00494	0.03955	0.00627	0.00567
23	0.02420	0.01839	0.01963	0.01559	0.02076	0.02056	0.01270	0.52307	0.20148	0.04023	0.01970	0.01911	0.01426	0.00865	0.00701	0.00216	0.00713	0.00669	0.00701	0.01166
24	0.01360	0.01039	0.01179	0.01108	0.01353	0.01072	0.00832	0.15924	0.10584	0.02618	0.11184	0.30328	0.15467	0.01582	0.00807	0.00246	0.00484	0.01371	0.00680	0.00782
25	0.07932	0.01835	0.01915	0.01642	0.05426	0.06456	0.01270	0.40935	0.12099	0.08461	0.01866	0.01973	0.01386	0.00855	0.00684	0.00215	0.00741	0.02557	0.00652	0.01101
26	0.01637	0.01954	0.06928	0.02902	0.03621	0.01759	0.65850	0.02234	0.01640	0.02234	0.01405	0.01865	0.01052	0.00591	0.00817	0.00235	0.01170	0.00811	0.00351	0.00945
27	0.00850	0.00607	0.00810	0.00972	0.01012	0.00567	0.00648	0.00972	0.01336	0.01781	0.03846	0.75020	0.04615	0.02186	0.00891	0.00283	0.00405	0.01984	0.00648	0.00567
28	0.02347	0.02754	0.01844	0.01661	0.02033	0.50858	0.01261	0.06182	0.16698	0.02110	0.01737	0.01796	0.04081	0.00818	0.00658	0.00196	0.01044	0.00574	0.00464	0.00882
29	0.04715	0.09411	0.63359	0.01880	0.02851	0.01711	0.02390	0.02194	0.01457	0.02202	0.01218	0.01430	0.00880	0.00657	0.00636	0.00215	0.00988	0.00498	0.00301	0.01009
30	0.00859	0.00625	0.00809	0.00939	0.01008	0.00576	0.00637	0.01002	0.01411	0.01872	0.09440	0.62902	0.11176	0.02086	0.00879	0.00274	0.00394	0.01877	0.00657	0.00576
31	0.00960	0.00691	0.00948	0.00993	0.01064	0.00740	0.00702	0.01114	0.01156	0.01601	0.02502	0.23409	0.02738	0.21245	0.36005	0.00780	0.01173	0.01158	0.00462	0.00559
32	0.21584	0.00917	0.01050	0.01115	0.01336	0.00955	0.00913	0.01588	0.01455	0.05729	0.02982	0.21574	0.03203	0.01606	0.00797	0.00280	0.00558	0.31077	0.00600	0.00681
33	0.04752	0.03514	0.68855	0.01944	0.02949	0.01618	0.02501	0.02203	0.01461	0.02249	0.01240	0.01459	0.00879	0.00662	0.00653	0.00221	0.01010	0.00510	0.00300	0.01020
34	0.01017	0.00727	0.00998	0.01142	0.01261	0.00708	0.00919	0.01268	0.01540	0.02036	0.09042	0.31376	0.04430	0.01979	0.00927	0.00300	0.00534	0.38523	0.00654	0.00617
35	0.01423	0.07191	0.68481	0.01950	0.02959	0.01677	0.02510	0.02204	0.01471	0.02182	0.01238	0.01456	0.00885	0.00660	0.00652	0.00217	0.01017	0.00509	0.00295	0.01025
36	0.01516	0.01060	0.01271	0.01116	0.01391	0.01075	0.00876	0.19312	0.02254	0.05962	0.40837	0.09605	0.04659	0.01332	0.00798	0.00227	0.00480	0.04682	0.00738	0.00813
37	0.00850	0.00607	0.00810	0.00972	0.01012	0.00567	0.00648	0.00972	0.01336	0.01781	0.03846	0.75020	0.04615	0.02186	0.00891	0.00283	0.00405	0.01984	0.00648	0.00567
38	0.00867	0.00709	0.00765	0.00751	0.00968	0.00607	0.00563	0.01083	0.01690	0.02120	0.23476	0.06329	0.54286	0.01680	0.00824	0.00231	0.00347	0.01418	0.00679	0.00607
39	0.06289	0.01498	0.02489	0.33640	0.03611	0.01626	0.18522	0.11045	0.01769	0.10481	0.01503	0.01860	0.01080	0.00705	0.00715	0.00227	0.00909	0.00668	0.00444	0.00919
40	0.01993	0.08204	0.39653	0.01880	0.07923	0.01527	0.01962	0.02561	0.01639	0.23488	0.01697	0.01743	0.01161	0.00716	0.00661	0.00213	0.00859	0.00570	0.00474	0.01075
41	0.00933	0.00654	0.00840	0.00918	0.00957	0.00654	0.00601	0.01030	0.01186	0.01600	0.02940	0.38163	0.03414	0.29351	0.12987	0.00556	0.00731	0.01439	0.00523	0.00523
42	0.02653	0.01955	0.02094	0.01606	0.02164	0.02164	0.01326	0.68796	0.03281	0.04398	0.01675	0.01675	0.01187	0.00838	0.00698	0.00209	0.00768	0.00628	0.00698	0.01187
43	0.01400	0.03610	0.71860	0.01989	0.03020	0.01621	0.02578	0.02210	0.01473	0.02210	0.01252	0.01473	0.00884	0.00663	0.00663	0.00221	0.01031	0.00516	0.00295	0.01031
44	0.01736	0.01499	0.01578	0.01420	0.01815	0.01736	0.01105	0.03708	0.69862	0.02919	0.02840	0.02604	0.02130	0.00947	0.00710	0.00237	0.00552	0.00789	0.00710	0.01105
45	0.00850	0.00607	0.00810	0.00972	0.01012	0.00567	0.00648	0.00972	0.01336	0.01781	0.03846	0.75020	0.04615	0.02186	0.00891	0.00283	0.00405	0.01984	0.00648	0.00567
46	0.00825	0.00707	0.00707	0.00707	0.00943	0.00589	0.00530	0.01001	0.01591	0.01885	0.07069	0.06716	0.70839	0.01767	0.00825	0.00236	0.00353	0.01473	0.00648	0.00589
47	0.02847	0.01869	0.01874	0.01485	0.02001	0.13932	0.01203	0.29733	0.02513	0.32292	0.02026	0.01898	0.01365	0.00828	0.00688	0.00207	0.00780	0.00628	0.00709	0.01121
48	0.01400	0.03610	0.71860	0.01989	0.03020	0.01621	0.02578	0.02210	0.01473	0.02210	0.01252	0.01473	0.00884	0.00663	0.00663	0.00221	0.01031	0.00516	0.00295	0.01031
49	0.00850	0.00607	0.00810	0.00972	0.01012	0.00567	0.00648	0.00972	0.01336	0.01781	0.03846	0.75020	0.04615	0.02186	0.00891	0.00283	0.00405	0.01984	0.00648	0.00567
50	0.03131	0.01188	0.01619	0.01242	0.01781	0.01026	0.01026	0.03401	0.01997	0.71606	0.02753	0.02375	0.01727	0.00864	0.00702	0.00216	0.00594	0.00702	0.00864	0.01188
51	0.00850	0.00607	0.00810	0.00972	0.01012	0.00567	0.00648	0.00972	0.01336	0.01781	0.03846	0.75020	0.04615	0.02186	0.00891	0.00283	0.00405	0.01984	0.00648	0.00567
52	0.01318	0.01240	0.02093	0.73798	0.04806	0.01550	0.01938	0.01783	0.01395	0.01783	0.01240	0.01860	0.00930	0.00698	0.00698	0.00233	0.00930	0.00620	0.00310	0.00775
53	0.01866	0.75896	0.03657	0.01194	0.01791	0.02761	0.01194	0.02090	0.01418	0.01642	0.00970	0.01119	0.00896	0.00597	0.00448	0.00149	0.00746	0.00373	0.00299	0.00896
54	0.01400	0.03610	0.71860	0.01989	0.03020	0.01621	0.02578	0.02210	0.01473	0.02210	0.01252	0.01473	0.00884	0.00663	0.00663	0.00221	0.01031	0.00516	0.00295	0.01031
55	0.00850	0.00607	0.00810	0.00972	0.01012	0.00567	0.00648	0.00972	0.01336	0.01781	0.03846	0.75020	0.04615	0.02186	0.00891	0.00283	0.00405	0.01984	0.00648	0.00567
56	0.01400	0.03610	0.71860	0.01989	0.03020	0.01621	0.02578	0.02210	0.01473	0.02210	0.01252	0.01473	0.00884	0.00663	0.00663	0.00221	0.01031	0.00516	0.00295	0.01031
57	0.01013	0.00836	0.03484	0.01104	0.01243	0.00872	0.00871	0.01249	0.01119	0.01605	0.01891	0.02938	0.01819	0.14299	0.61178	0.01032	0.01684	0.00775	0.00378	0.00611
58	0.01400	0.03610	0.71860	0.01989	0.03020	0.01621	0.02578	0.02210	0.01473	0.02210	0.01252	0.01473	0.00884	0.00663	0.00663	0.00221	0.01031	0.00516	0.00295	0.01031
59	0.01727	0.01658	0.02832	0.04283	0.71123	0.01658	0.02142	0.02142	0.01589	0.02280	0.01313	0.01727	0.01105	0.00622	0.00691	0.00207	0.00829	0.00622	0.00345	0.01105
60	0.01400	0.03610	0.71860	0.01989	0.03020	0.01621	0.02578	0.02210	0.01473	0.02210	0.01252	0.01473	0.00884	0.00663	0.00663	0.00221	0.01031	0.00516	0.00295	0.01031
61	0.00850	0.00607	0.00810	0.00972	0.01012	0.00567	0.00648	0.00972	0.01336	0.01781	0.03846	0.75020	0.04615	0.02186	0.00891	0.00283	0.00405	0.01984	0.00648	0.00567
62	0.01727	0.01658	0.02832	0.04283	0.71123	0.01658	0.02142	0.02142	0.01589	0.02280	0.01313	0.01727	0.01105	0.00622	0.00691	0.00207	0.00829	0.00622	0.00345	0.01105
63	0.02607	0.03326	0.01978	0.01798	0.02157	0.72674	0.01348	0.02787	0.01978	0.01708	0.01079	0.01258	0.00899	0.00719	0.00629	0.00180	0.01258	0.00449	0.00360	0.00809
64	0.01969	0.01746	0.02505	0.01940	0.02477	0.01866	0.21896	0.21725	0.30016	0.03129	0.02071	0.02119	0.01533	0.00806	0.00742	0.00229	0.00805	0.00754	0.00597	0.01078
65	0.01015	0.00677	0.00761	0.00761	0.00761	0.00677	0.00423	0.01015	0.01015	0.01353	0.02199	0.04567	0.02537	0.75476	0.03552	0.00677	0.00677	0.01015	0.00423	0.00423
66	0.00825	0.00707	0.00707	0.00707	0.00943	0.00589	0.00530	0.01001	0.01591	0.01885	0.07069	0.06716	0.70839	0.01767	0.00825	0.00236	0.00353	0.01473	0.00648	0.00589
67	0.02591	0.07792	0.02218	0.01573	0.02135	0.02211	0.01316	0.63530	0.03134	0.04180	0.01620	0.01631	0.01164	0.00819	0.00678	0.00205	0.00766	0.00608	0.00667	0.01164
68	0.00849	0.00611	0.00806	0.00963	0.01010	0.00568	0.00644	0.00973	0.01344	0.01785	0.03952	0.72772	0.06795	0.02172	0.00889	0.00282	0.00403	0.01967	0.00648	0.00568
69	0.00850	0.00607	0.00810	0.00972	0.01012	0.00567	0.00648	0.00972	0.01336	0.01781	0.03846	0.75020	0.04615	0.02186	0.00891	0.00283	0.00405	0.01984	0.00648	0.00567
70	0.00861	0.00616	0.00819	0.00964	0.01015	0.00574	0.00649	0.00999	0.01387	0.01862	0.09128	0.69509	0.04771	0.02126	0.00885	0.00278	0.00399	0.01927	0.00657	0.00574
71	0.03093	0.01248	0.01657	0.01270	0.01812	0.01116	0.01049	0.08563	0.02099	0.66300	0.02668	0.02320	0.01685	0.00862	0.00701	0.00215	0.00608	0.00696	0.00851	0.01188
72	0.00988	0.00713	0.00933	0.00878	0.01043	0.00658	0.00658	0.01317	0.01975	0.02798	0.70754	0.05213	0.06584	0.01427	0.00823	0.00219	0.00329	0.01262	0.00768	0.00658
73	0.01647	0.01882	0.04118	0.02941	0.03647	0.01765	0.68588	0.02235	0.01647	0.02235	0.01412	0.01882	0.01059	0.00588	0.00824	0.00235	0.01176	0.00824	0.00353	0.00941
74	0.02607	0.03326	0.01978	0.01798	0.02157	0.72674	0.01348	0.02787	0.01978	0.01708	0.01079	0.01258	0.00899	0.00719	0.00629	0.00180	0.01258	0.00449	0.00360	0.00809
75	0.01490	0.01416	0.02405	0.44501	0.32756	0.01596	0.02024	0.01934	0.01477	0.01992	0.01271	0.01804	0.01004	0.00666	0.00695	0.00222	0.00888	0.00621	0.00325	0.00914
76	0.01318	0.01240	0.02093	0.73798	0.04806	0.01550	0.01938	0.01783	0.01395	0.01783	0.01240	0.01860	0.00930	0.00698	0.00698	0.00233	0.00930	0.00620	0.00310	0.00775
77	0.01318	0.01240	0.02093	0.73798	0.04806	0.01550	0.01938	0.01783	0.01395	0.01783	0.01240	0.01860	0.00930	0.00698	0.00698	0.00233	0.00930	0.00620	0.00310	0.00775
78	0.01647	0.01882	0.04118	0.02941	0.03647	0.01765	0.68588	0.02235	0.01647	0.02235	0.01412	0.01882	0.01059	0.00588	0.00824	0.00235	0.01176	0.00824	0.00353	0.00941
79	0.01259	0.01109	0.01571	0.01427	0.01491	0.01454	0.01152	0.01459	0.01107	0.01679	0.01446	0.02217	0.01379	0.05250	0.34604	0.00686	0.35863	0.00687	0.03475	0.00684
80	0.01547	0.01565	0.02088	0.01801	0.01820	0.04881	0.01492	0.01705	0.01107	0.01678	0.00963	0.01568	0.00951	0.01372	0.05212	0.00335	0.68237	0.00610	0.00310	0.00759
81	0.01182	0.00782	0.01006	0.00923	0.01128	0.00728	0.00701	0.01567	0.04658	0.08208	0.60760	0.04931	0.07974	0.01373	0.00809	0.00220	0.00360	0.01205	0.00770	0.00716
82	0.01606	0.08275	0.45246	0.01747	0.02558	0.01705	0.02020	0.02646	0.19113	0.05789	0.01715	0.01783	0.01248	0.00741	0.00661	0.00219	0.00865	0.00585	0.00430	0.01048
83	0.01643	0.01572	0.02681	0.18559	0.57503	0.01636	0.02100	0.02068	0.01549	0.02178	0.01298	0.01755	0.01069	0.00637	0.00692	0.00212	0.00850	0.00621	0.00338	0.01038
84	0.01727	0.01658	0.02832	0.04283	0.71123	0.01658	0.02142	0.02142	0.01589	0.02280	0.01313	0.01727	0.01105	0.00622	0.00691	0.00207	0.00829	0.00622	0.00345	0.01105
85	0.01437	0.01362	0.02308	0.53557	0.24116	0.01582	0.01997	0.01887	0.01452	0.01928	0.01261	0.01822	0.00981	0.00676	0.00696	0.00225	0.00901	0.00621	0.00320	0.00871
86	0.25859	0.01827	0.01557	0.08310	0.02011	0.17878	0.01114	0.12022	0.07445	0.07284	0.01498	0.01630	0.01127	0.00748	0.00586	0.00206	0.00763	0.00531	0.06723	0.00881
87	0.09662	0.01788	0.02578	0.05329	0.20811	0.10129	0.19302	0.06136	0.01716	0.04261	0.04151	0.03731	0.01354	0.00717	0.00694	0.00210	0.00889	0.00682	0.00420	0.05441

[dist]
# distance from previous block
# <min> <max>
3	38

[block]
# block no. 5 follows, 30 sequences, length 16
# corresponding to MSA columns:
# 1002-1011,1013-1015,1021-1023
name=unknown_F
#
# <colnr> <probs for GDERKNQSTAVLIFYWHMCP>
#	G	D	E	R	K	N	Q	S	T	A	V	L	I	F	Y	W	H	M	C	P
0	0.01740	0.08356	0.02207	0.01570	0.02057	0.01496	0.14683	0.16021	0.04651	0.05636	0.04920	0.10649	0.04259	0.00988	0.00718	0.00209	0.00711	0.04687	0.00544	0.13897
1	0.01636	0.26166	0.39824	0.08393	0.02728	0.01942	0.01993	0.02198	0.01478	0.05853	0.01245	0.01447	0.00939	0.00656	0.00600	0.00199	0.00907	0.00491	0.00329	0.00973
2	0.01998	0.01469	0.01675	0.01240	0.01832	0.01342	0.01009	0.23808	0.02097	0.09435	0.01524	0.01608	0.01148	0.00654	0.00593	0.00149	0.00606	0.00511	0.00548	0.46755
3	0.01645	0.01560	0.02644	0.03974	0.64583	0.01556	0.02002	0.02032	0.01565	0.02233	0.01549	0.08564	0.01433	0.00768	0.00709	0.00214	0.00789	0.00749	0.00374	0.01055
4	0.00997	0.00748	0.01121	0.01121	0.01246	0.00872	0.00872	0.01246	0.01121	0.01620	0.01869	0.02741	0.01745	0.05234	0.72710	0.01121	0.01869	0.00748	0.00374	0.00623
5	0.00850	0.00607	0.00810	0.00972	0.01012	0.00567	0.00648	0.00972	0.01336	0.01781	0.03846	0.75020	0.04615	0.02186	0.00891	0.00283	0.00405	0.01984	0.00648	0.00567
6	0.01736	0.01499	0.01578	0.01420	0.01815	0.01736	0.01105	0.03708	0.69862	0.02919	0.02840	0.02604	0.02130	0.00947	0.00710	0.00237	0.00552	0.00789	0.00710	0.01105
7	0.01736	0.01499	0.01578	0.01420	0.01815	0.01736	0.01105	0.03708	0.69862	0.02919	0.02840	0.02604	0.02130	0.00947	0.00710	0.00237	0.00552	0.00789	0.00710	0.01105
8	0.00988	0.00713	0.00933	0.00878	0.01043	0.00658	0.00658	0.01317	0.01975	0.02798	0.70754	0.05213	0.06584	0.01427	0.00823	0.00219	0.00329	0.01262	0.00768	0.00658
9	0.00825	0.00707	0.00707	0.00707	0.00943	0.00589	0.00530	0.01001	0.01591	0.01885	0.07069	0.06716	0.70839	0.01767	0.00825	0.00236	0.00353	0.01473	0.00648	0.00589
10	0.01447	0.01240	0.01447	0.01034	0.01654	0.00930	0.00827	0.01757	0.01447	0.02274	0.01240	0.01447	0.01034	0.00517	0.00517	0.00103	0.00517	0.00413	0.00413	0.79742
11	0.00999	0.00739	0.01077	0.01077	0.01187	0.00848	0.00817	0.01218	0.01108	0.01587	0.01910	0.02966	0.01842	0.13858	0.64219	0.01067	0.01723	0.00780	0.00380	0.00598
12	0.01630	0.01674	0.02193	0.01859	0.01960	0.07142	0.05413	0.01969	0.07205	0.01823	0.01126	0.01623	0.01030	0.01124	0.01946	0.00286	0.58215	0.00627	0.00348	0.00807
13	0.01112	0.00856	0.01111	0.01269	0.04118	0.00871	0.00932	0.01600	0.12030	0.02083	0.03653	0.36221	0.06261	0.01831	0.00877	0.00284	0.00522	0.23030	0.00643	0.00698
14	0.10064	0.45420	0.20608	0.01402	0.02078	0.06449	0.01509	0.02157	0.01441	0.01947	0.01048	0.01219	0.00878	0.00626	0.00511	0.00176	0.00827	0.00414	0.00315	0.00910
15	0.05919	0.02248	0.01927	0.01598	0.02065	0.23414	0.01276	0.36860	0.07312	0.05593	0.01650	0.01825	0.01261	0.00839	0.00676	0.00207	0.00882	0.02832	0.00588	0.01029

[dist]
# distance from previous block
# <min> <max>
0	1

[block]
# block no. 6 follows, 30 sequences, length 34
# corresponding to MSA columns:
# 1025-1058
name=unknown_G
#
# <colnr> <probs for GDERKNQSTAVLIFYWHMCP>
#	G	D	E	R	K	N	Q	S	T	A	V	L	I	F	Y	W	H	M	C	P
0	0.01541	0.01264	0.01449	0.01127	0.01661	0.01100	0.00888	0.02224	0.17301	0.04836	0.01806	0.05752	0.01507	0.00719	0.00588	0.00148	0.00522	0.00596	0.00511	0.54461
1	0.01433	0.01159	0.01373	0.01033	0.01578	0.00888	0.00812	0.01718	0.01453	0.04715	0.01623	0.10731	0.01509	0.00739	0.00570	0.00130	0.00506	0.00621	0.00459	0.66951
2	0.02099	0.48704	0.03014	0.01393	0.01910	0.22871	0.01238	0.04551	0.05164	0.01817	0.01121	0.01254	0.00970	0.00658	0.00522	0.00165	0.00885	0.00425	0.00350	0.00891
3	0.06564	0.03125	0.01907	0.01732	0.02097	0.65153	0.01305	0.02799	0.05632	0.01847	0.01169	0.01325	0.00959	0.00728	0.00623	0.00185	0.01183	0.00464	0.00382	0.00822
4	0.01642	0.01867	0.04033	0.02894	0.03569	0.01781	0.65721	0.02212	0.01622	0.02212	0.01391	0.01867	0.01053	0.00615	0.00886	0.00238	0.04298	0.00814	0.00351	0.00934
5	0.02792	0.01479	0.01732	0.01369	0.01885	0.03793	0.01116	0.18112	0.12695	0.43634	0.02468	0.02216	0.01640	0.00866	0.00700	0.00216	0.00649	0.00690	0.00786	0.01162
6	0.00850	0.00607	0.00810	0.00972	0.01012	0.00567	0.00648	0.00972	0.01336	0.01781	0.03846	0.75020	0.04615	0.02186	0.00891	0.00283	0.00405	0.01984	0.00648	0.00567
7	0.01647	0.01882	0.04118	0.02941	0.03647	0.01765	0.68588	0.02235	0.01647	0.02235	0.01412	0.01882	0.01059	0.00588	0.00824	0.00235	0.01176	0.00824	0.00353	0.00941
8	0.01130	0.00746	0.00948	0.00878	0.01071	0.00678	0.00658	0.01419	0.01881	0.07774	0.54352	0.05150	0.13853	0.05238	0.00955	0.00245	0.00370	0.01233	0.00743	0.00678
9	0.00850	0.00607	0.00810	0.00972	0.01012	0.00567	0.00648	0.00972	0.01336	0.01781	0.03846	0.75020	0.04615	0.02186	0.00891	0.00283	0.00405	0.01984	0.00648	0.00567
10	0.00825	0.00707	0.00707	0.00707	0.00943	0.00589	0.00530	0.01001	0.01591	0.01885	0.07069	0.06716	0.70839	0.01767	0.00825	0.00236	0.00353	0.01473	0.00648	0.00589
11	0.01727	0.01658	0.02832	0.04283	0.71123	0.01658	0.02142	0.02142	0.01589	0.02280	0.01313	0.01727	0.01105	0.00622	0.00691	0.00207	0.00829	0.00622	0.00345	0.01105
12	0.00825	0.00707	0.00707	0.00707	0.00943	0.00589	0.00530	0.01001	0.01591	0.01885	0.07069	0.06716	0.70839	0.01767	0.00825	0.00236	0.00353	0.01473	0.00648	0.00589
13	0.00850	0.00607	0.00810	0.00972	0.01012	0.00567	0.00648	0.00972	0.01336	0.01781	0.03846	0.75020	0.04615	0.02186	0.00891	0.00283	0.00405	0.01984	0.00648	0.00567
14	0.01696	0.01627	0.02777	0.09498	0.66148	0.01650	0.02126	0.02115	0.01574	0.02243	0.01307	0.01737	0.01092	0.00627	0.00691	0.00209	0.00837	0.00622	0.00343	0.01081
15	0.03131	0.01188	0.01619	0.01242	0.01781	0.01026	0.01026	0.03401	0.01997	0.71606	0.02753	0.02375	0.01727	0.00864	0.00702	0.00216	0.00594	0.00702	0.00864	0.01188
16	0.00825	0.00707	0.00707	0.00707	0.00943	0.00589	0.00530	0.01001	0.01591	0.01885	0.07069	0.06716	0.70839	0.01767	0.00825	0.00236	0.00353	0.01473	0.00648	0.00589
17	0.02562	0.03079	0.02039	0.01917	0.06074	0.60793	0.01391	0.10098	0.02101	0.02040	0.01158	0.01331	0.00943	0.00727	0.00640	0.00185	0.01179	0.00479	0.00396	0.00868
18	0.01450	0.11381	0.64528	0.01903	0.02888	0.01743	0.02429	0.02197	0.01467	0.02149	0.01222	0.01435	0.00885	0.00656	0.00640	0.00213	0.01001	0.00500	0.00295	0.01017
19	0.01866	0.75896	0.03657	0.01194	0.01791	0.02761	0.01194	0.02090	0.01418	0.01642	0.00970	0.01119	0.00896	0.00597	0.00448	0.00149	0.00746	0.00373	0.00299	0.00896
20	0.02650	0.02032	0.02088	0.01616	0.02164	0.06168	0.01328	0.65048	0.03207	0.04245	0.01642	0.01652	0.01170	0.00831	0.00694	0.00208	0.00796	0.00618	0.00679	0.01165
21	0.01400	0.01200	0.01392	0.01009	0.01600	0.00905	0.00805	0.01700	0.01458	0.02245	0.01678	0.01842	0.06270	0.00611	0.00540	0.00113	0.00505	0.00493	0.00431	0.73804
22	0.01711	0.01376	0.01497	0.01369	0.01732	0.01556	0.01067	0.03358	0.57152	0.06525	0.02959	0.08323	0.02402	0.01091	0.00738	0.00244	0.00549	0.04601	0.00710	0.01042
23	0.00988	0.00713	0.00933	0.00878	0.01043	0.00658	0.00658	0.01317	0.01975	0.02798	0.70754	0.05213	0.06584	0.01427	0.00823	0.00219	0.00329	0.01262	0.00768	0.00658
24	0.01447	0.01240	0.01447	0.01034	0.01654	0.00930	0.00827	0.01757	0.01447	0.02274	0.01240	0.01447	0.01034	0.00517	0.00517	0.00103	0.00517	0.00413	0.00413	0.79742
25	0.02009	0.01438	0.01586	0.01385	0.01808	0.01597	0.01089	0.03648	0.56574	0.16368	0.02823	0.02559	0.02051	0.00930	0.00708	0.00233	0.00560	0.00772	0.00740	0.01121
26	0.00850	0.00607	0.00810	0.00972	0.01012	0.00567	0.00648	0.00972	0.01336	0.01781	0.03846	0.75020	0.04615	0.02186	0.00891	0.00283	0.00405	0.01984	0.00648	0.00567
27	0.00850	0.00607	0.00810	0.00972	0.01012	0.00567	0.00648	0.00972	0.01336	0.01781	0.03846	0.75020	0.04615	0.02186	0.00891	0.00283	0.00405	0.01984	0.00648	0.00567
28	0.01736	0.01499	0.01578	0.01420	0.01815	0.01736	0.01105	0.03708	0.69862	0.02919	0.02840	0.02604	0.02130	0.00947	0.00710	0.00237	0.00552	0.00789	0.00710	0.01105
29	0.01866	0.75896	0.03657	0.01194	0.01791	0.02761	0.01194	0.02090	0.01418	0.01642	0.00970	0.01119	0.00896	0.00597	0.00448	0.00149	0.00746	0.00373	0.00299	0.00896
30	0.00997	0.00748	0.01121	0.01121	0.01246	0.00872	0.00872	0.01246	0.01121	0.01620	0.01869	0.02741	0.01745	0.05234	0.72710	0.01121	0.01869	0.00748	0.00374	0.00623
31	0.00825	0.00707	0.00707	0.00707	0.00943	0.00589	0.00530	0.01001	0.01591	0.01885	0.07069	0.06716	0.70839	0.01767	0.00825	0.00236	0.00353	0.01473	0.00648	0.00589
32	0.00850	0.00607	0.00810	0.00972	0.01012	0.00567	0.00648	0.00972	0.01336	0.01781	0.03846	0.75020	0.04615	0.02186	0.00891	0.00283	0.00405	0.01984	0.00648	0.00567
33	0.01727	0.01658	0.02832	0.04283	0.71123	0.01658	0.02142	0.02142	0.01589	0.02280	0.01313	0.01727	0.01105	0.00622	0.00691	0.00207	0.00829	0.00622	0.00345	0.01105

[dist]
# distance from previous block
# <min> <max>
0	179

# created by:
# /home/cegg/simao/soft/augustus-3.2.1/scripts/msa2prfl.pl ./align_prep/EOG090W0BR7.fa
